user_id,run_id,weather,map_name,timestamp,x,y,z,speed_kmh,steer_angle_deg,throttle,brake,hand_brake,reverse,gear,model_pred,model_prob,model_timestamp,emotion_label,emotion_prob,emotion_timestamp,arousal,arousal_timestamp_ms,hr_bpm,error_types,error_details,details
participant_01,2,day,Town10HD_Opt,2026-03-05 11:55:28.784242,-41.66535186767578,86.27053833007812,0.0019412230467423,19.387,0.233,0.642,0.0,0,0,1,,1.0,2026-03-05T11:55:28.784242,,,2026-03-05T11:55:28.784242,0.563,2026-03-05T11:55:28.255000,65,,,
participant_01,2,day,Town10HD_Opt,2026-03-05 11:55:29.168560,-41.65797805786133,85.08771514892578,0.0018870544154196,21.281,1.826,0.63,0.0,0,0,1,,1.0,2026-03-05T11:55:28.784242,,,2026-03-05T11:55:28.784242,0.563,2026-03-05T11:55:28.255000,65,,,
participant_01,2,day,Town10HD_Opt,2026-03-05 11:55:30.108517,-41.36641693115234,80.80606079101562,0.0018410872435197,27.993,5.184,0.611,0.0,0,0,1,,1.0,2026-03-05T11:55:30.108517,,,2026-03-05T11:55:28.784242,0.563,2026-03-05T11:55:29.290000,64,,,
participant_01,2,day,Town10HD_Opt,2026-03-05 11:55:31.085560,-40.24771499633789,75.60498046875,0.0018962096655741,33.099,17.598,0.561,0.0,0,0,1,,1.0,2026-03-05T11:55:31.085560,neutral,0.927,2026-03-05T11:55:31.085560,0.563,2026-03-05T11:55:30.369000,64,,,
participant_01,2,day,Town10HD_Opt,2026-03-05 11:55:32.099716,-36.69182968139648,70.90681457519531,0.0020344161894172,35.209,23.724,0.153,0.0,0,0,1,,1.0,2026-03-05T11:55:32.099716,neutral,0.927,2026-03-05T11:55:31.085560,0.563,2026-03-05T11:55:31.273000,64,,,
participant_01,2,day,Town10HD_Opt,2026-03-05 11:55:33.068928,-31.47342872619629,69.204833984375,0.0023441696539521,27.652,14.643,0.0,0.0,0,0,1,,1.0,2026-03-05T11:55:33.068928,neutral,0.927,2026-03-05T11:55:31.085560,0.563,2026-03-05T11:55:32.300000,64,,,
participant_01,2,day,Town10HD_Opt,2026-03-05 11:55:34.060216,-27.20983123779297,69.48440551757812,0.002263565082103,20.91,-2.998,0.016,0.0,0,0,1,,1.0,2026-03-05T11:55:34.060216,neutral,1.0,2026-03-05T11:55:34.060216,0.563,2026-03-05T11:55:33.249000,64,,,
participant_01,2,day,Town10HD_Opt,2026-03-05 11:55:35.096122,-23.904823303222656,69.66526794433594,0.0020949554163962,18.227,-1.201,0.535,0.0,0,0,1,,1.0,2026-03-05T11:55:35.096122,neutral,1.0,2026-03-05T11:55:34.060216,0.563,2026-03-05T11:55:34.240000,64,,,
participant_01,2,day,Town10HD_Opt,2026-03-05 11:55:36.113031,-20.395248413085938,69.803466796875,0.0018781280377879,22.938,-0.672,0.563,0.0,0,0,1,,1.0,2026-03-05T11:55:36.113031,sad,1.0,2026-03-05T11:55:36.113031,0.563,2026-03-05T11:55:35.365000,63,,,
participant_01,2,day,Town10HD_Opt,2026-03-05 11:55:37.101273,-15.99593734741211,69.91316223144531,0.001895370427519,27.626,-1.166,0.525,0.0,0,0,1,,1.0,2026-03-05T11:55:37.101273,sad,1.0,2026-03-05T11:55:36.113031,0.563,2026-03-05T11:55:36.220000,64,,,
participant_01,2,day,Town10HD_Opt,2026-03-05 11:55:38.121768,-10.876935005187988,69.9230728149414,0.0019303893204778,31.125,-0.679,0.476,0.0,0,0,1,,1.0,2026-03-05T11:55:38.121768,neutral,0.999,2026-03-05T11:55:38.121768,0.563,2026-03-05T11:55:37.389000,65,,,
participant_01,2,day,Town10HD_Opt,2026-03-05 11:55:38.853692,-7.2571234703063965,69.8839340209961,0.0020787429530173,30.254,-0.266,0.224,0.0,0,0,1,,1.0,2026-03-05T11:55:38.853692,neutral,0.999,2026-03-05T11:55:38.121768,0.563,2026-03-05T11:55:38.379000,65,,,
participant_01,2,day,Town10HD_Opt,2026-03-05 11:55:39.855564,-2.2257204055786133,69.79931640625,0.0021475600078701,26.99,-0.266,0.211,0.0,0,0,1,,0.83,2026-03-05T11:55:39.855564,neutral,0.999,2026-03-05T11:55:38.121768,0.563,2026-03-05T11:55:39.279000,64,,,
participant_01,2,day,Town10HD_Opt,2026-03-05 11:55:40.869247,2.245624542236328,69.69524383544922,0.002142600947991,23.871,-0.16,0.0,0.0,0,0,1,,1.0,2026-03-05T11:55:40.869247,neutral,1.0,2026-03-05T11:55:40.869247,0.573,2026-03-05T11:55:40.227000,64,,,
participant_01,2,day,Town10HD_Opt,2026-03-05 11:55:42.102289,7.023569107055664,69.57662963867188,0.0019536209292709,16.974,0.237,0.114,0.0,0,0,1,,1.0,2026-03-05T11:55:42.102289,neutral,1.0,2026-03-05T11:55:40.869247,0.583,2026-03-05T11:55:41.485000,63,,,
participant_01,2,day,Town10HD_Opt,2026-03-05 11:55:43.027126,10.104168891906738,69.5138931274414,0.0020735550206154,18.866,0.294,0.289,0.0,0,0,1,,1.0,2026-03-05T11:55:43.027126,neutral,0.983,2026-03-05T11:55:43.027126,0.597,2026-03-05T11:55:42.203000,63,,,
participant_01,2,day,Town10HD_Opt,2026-03-05 11:55:44.088225,13.393377304077148,69.475341796875,0.0020882415119558,18.055,1.142,0.195,0.0,0,0,1,,1.0,2026-03-05T11:55:44.088225,neutral,0.983,2026-03-05T11:55:43.027126,0.623,2026-03-05T11:55:43.262000,63,,,
participant_01,2,day,Town10HD_Opt,2026-03-05 11:55:45.076349,16.436073303222656,69.4974365234375,0.0020005034748464,15.276,0.693,0.0,0.0,0,0,1,,1.0,2026-03-05T11:55:45.076349,neutral,1.0,2026-03-05T11:55:45.076349,0.649,2026-03-05T11:55:44.185000,63,,,
participant_01,2,day,Town10HD_Opt,2026-03-05 11:55:46.090931,18.85161399841309,69.5351333618164,0.0020231246016919,12.08,0.371,0.194,0.0,0,0,1,,1.0,2026-03-05T11:55:46.090931,neutral,1.0,2026-03-05T11:55:45.076349,0.677,2026-03-05T11:55:45.759000,64,,,
participant_01,2,day,Town10HD_Opt,2026-03-05 11:55:47.058351,20.88062286376953,69.57501983642578,0.0019981383811682,10.333,0.371,0.0,0.0,0,0,1,,1.0,2026-03-05T11:55:47.058351,neutral,1.0,2026-03-05T11:55:45.076349,0.704,2026-03-05T11:55:46.434000,64,,,
participant_01,2,day,Town10HD_Opt,2026-03-05 11:55:48.045105,22.475297927856445,69.61241149902344,0.002014274476096,7.534,0.371,0.0,0.059,0,0,1,,1.0,2026-03-05T11:55:48.045105,neutral,1.0,2026-03-05T11:55:48.045105,0.729,2026-03-05T11:55:47.201000,64,,,
participant_01,2,day,Town10HD_Opt,2026-03-05 11:55:48.999647,23.56921768188477,69.64112091064453,0.002073211595416,0.0,0.371,0.0,0.053,0,0,1,,1.0,2026-03-05T11:55:48.999647,neutral,1.0,2026-03-05T11:55:48.045105,0.751,2026-03-05T11:55:48.369000,64,,,
participant_01,2,day,Town10HD_Opt,2026-03-05 11:55:50.028003,23.58170890808105,69.64147186279297,0.0019443893106654,0.003,0.39,0.449,0.0,0,0,1,,1.0,2026-03-05T11:55:50.028003,neutral,1.0,2026-03-05T11:55:48.045105,0.764,2026-03-05T11:55:49.585000,66,,,
participant_01,2,day,Town10HD_Opt,2026-03-05 11:55:51.037488,24.15588760375977,69.65795135498047,0.0015340042300522,9.884,0.435,0.939,0.0,0,0,1,,1.0,2026-03-05T11:55:51.037488,neutral,1.0,2026-03-05T11:55:51.037488,0.771,2026-03-05T11:55:50.664000,68,,,
participant_01,2,day,Town10HD_Opt,2026-03-05 11:55:52.048978,26.955411911010746,69.74398803710938,0.0018121337052434,21.674,-1.892,0.83,0.0,0,0,1,,1.0,2026-03-05T11:55:52.048978,neutral,1.0,2026-03-05T11:55:51.037488,0.775,2026-03-05T11:55:51.385000,69,,,
participant_01,2,day,Town10HD_Opt,2026-03-05 11:55:53.029701,31.4995231628418,69.52024841308594,0.0017820739885792,30.527,-11.921,0.628,0.0,0,0,1,,1.0,2026-03-05T11:55:53.029701,neutral,1.0,2026-03-05T11:55:51.037488,0.766,2026-03-05T11:55:52.240000,69,,,
participant_01,2,day,Town10HD_Opt,2026-03-05 11:55:54.055949,36.88298797607422,67.65276336669922,0.0019435500726103,34.725,-13.083,0.427,0.0,0,0,1,,1.0,2026-03-05T11:55:54.055949,neutral,0.995,2026-03-05T11:55:54.055949,0.747,2026-03-05T11:55:53.275000,68,,,
participant_01,2,day,Town10HD_Opt,2026-03-05 11:55:55.042655,41.60848236083984,63.90972137451172,0.0021011352073401,33.946,-11.989,0.323,0.0,0,0,1,,0.836,2026-03-05T11:55:55.042655,neutral,0.995,2026-03-05T11:55:54.055949,0.727,2026-03-05T11:55:54.399000,68,,,
participant_01,2,day,Town10HD_Opt,2026-03-05 11:55:56.011088,44.38484191894531,59.246952056884766,0.0023240661248564,27.267,-18.651,0.0,0.0,0,0,1,,1.0,2026-03-05T11:55:56.011088,neutral,0.995,2026-03-05T11:55:54.055949,0.705,2026-03-05T11:55:55.209000,68,,,
participant_01,2,day,Town10HD_Opt,2026-03-05 11:55:56.990659,44.93974685668945,55.08843994140625,0.0022761535365134,20.563,-12.277,0.0,0.0,0,0,1,,1.0,2026-03-05T11:55:56.990659,neutral,0.903,2026-03-05T11:55:56.990659,0.684,2026-03-05T11:55:56.200000,69,,,
participant_01,2,day,Town10HD_Opt,2026-03-05 11:55:57.980376,44.639408111572266,51.92240905761719,0.0020082474220544,15.839,-3.32,0.0,0.0,0,0,1,,1.0,2026-03-05T11:55:57.980376,neutral,0.903,2026-03-05T11:55:56.990659,0.666,2026-03-05T11:55:57.234000,69,,,
participant_01,2,day,Town10HD_Opt,2026-03-05 11:55:58.972294,44.33828353881836,49.47758102416992,0.0019464110955595,12.122,1.318,0.0,0.0,0,0,1,,1.0,2026-03-05T11:55:58.972294,neutral,0.903,2026-03-05T11:55:56.990659,0.65,2026-03-05T11:55:58.230000,68,,,
participant_01,2,day,Town10HD_Opt,2026-03-05 11:55:59.930269,44.15442657470703,47.59818649291992,0.0020068739540874,9.263,1.782,0.0,0.003,0,0,1,,1.0,2026-03-05T11:55:59.930269,neutral,1.0,2026-03-05T11:55:59.930269,0.643,2026-03-05T11:55:59.217000,67,,,
participant_01,2,day,Town10HD_Opt,2026-03-05 11:56:00.875999,44.04210662841797,46.19367599487305,0.0019876861479133,6.605,1.845,0.0,0.041,0,0,1,,1.0,2026-03-05T11:56:00.875999,neutral,1.0,2026-03-05T11:55:59.930269,0.634,2026-03-05T11:56:00.204000,66,,,
participant_01,2,day,Town10HD_Opt,2026-03-05 11:56:02.067770,43.95505142211914,44.85466384887695,0.0019642256665974,4.775,1.711,0.0,0.0,0,0,1,,1.0,2026-03-05T11:56:02.067770,neutral,0.999,2026-03-05T11:56:02.067770,0.625,2026-03-05T11:56:01.240000,64,,,
participant_01,2,day,Town10HD_Opt,2026-03-05 11:56:03.019789,43.91059875488281,44.11468505859375,0.0019657134544104,3.424,0.907,0.2,0.0,0,0,1,,1.0,2026-03-05T11:56:03.019789,neutral,0.999,2026-03-05T11:56:02.067770,0.626,2026-03-05T11:56:02.274000,63,,,
participant_01,2,day,Town10HD_Opt,2026-03-05 11:56:03.964700,43.84703063964844,43.00678253173828,0.0015094756381586,13.203,1.168,0.973,0.0,0,0,1,,1.0,2026-03-05T11:56:03.964700,neutral,0.999,2026-03-05T11:56:02.067770,0.626,2026-03-05T11:56:03.220000,63,,,
participant_01,2,day,Town10HD_Opt,2026-03-05 11:56:05.058442,43.7495346069336,39.67432022094727,0.001706504728645,25.368,8.186,0.795,0.0,0,0,1,,1.0,2026-03-05T11:56:05.058442,neutral,1.0,2026-03-05T11:56:05.058442,0.626,2026-03-05T11:56:04.210000,63,Solid line crossing,Solid line crossing,
participant_01,2,day,Town10HD_Opt,2026-03-05 11:56:06.009168,44.67400741577149,34.53936004638672,0.0017687606159597,34.462,15.103,0.661,0.0,0,0,1,,1.0,2026-03-05T11:56:06.009168,neutral,1.0,2026-03-05T11:56:05.058442,0.626,2026-03-05T11:56:05.380000,63,,,
participant_01,2,day,Town10HD_Opt,2026-03-05 11:56:06.985432,48.05628204345703,29.36823463439941,0.002171134809032,34.359,16.515,0.0,0.0,0,0,1,,1.0,2026-03-05T11:56:06.985432,neutral,1.0,2026-03-05T11:56:05.058442,0.612,2026-03-05T11:56:06.189000,63,,,
participant_01,2,day,Town10HD_Opt,2026-03-05 11:56:07.929651,52.55647277832031,26.70188331604004,0.0023290251847356,25.927,13.804,0.0,0.0,0,0,1,,1.0,2026-03-05T11:56:07.929651,neutral,0.995,2026-03-05T11:56:07.929651,0.597,2026-03-05T11:56:07.270000,63,,,
participant_01,2,day,Town10HD_Opt,2026-03-05 11:56:08.909182,56.49067687988281,25.900081634521484,0.0022083281073719,20.696,9.887,0.263,0.0,0,0,1,,1.0,2026-03-05T11:56:08.909182,neutral,0.995,2026-03-05T11:56:07.929651,0.582,2026-03-05T11:56:08.259000,63,,,
participant_01,2,day,Town10HD_Opt,2026-03-05 11:56:09.862711,59.89984893798828,25.687084197998047,0.0021400833502411,18.059,0.508,0.112,0.0,0,0,1,,1.0,2026-03-05T11:56:09.862711,neutral,0.995,2026-03-05T11:56:07.929651,0.568,2026-03-05T11:56:09.250000,63,,,
participant_01,2,day,Town10HD_Opt,2026-03-05 11:56:11.138433,64.0566177368164,25.53989601135254,0.0019447326194494,16.813,0.289,0.0,0.0,0,0,1,,0.81,2026-03-05T11:56:11.138433,neutral,0.999,2026-03-05T11:56:11.138433,0.553,2026-03-05T11:56:10.240000,63,,,
participant_01,2,day,Town10HD_Opt,2026-03-05 11:56:12.084651,66.62977600097656,25.465951919555664,0.0020747375674545,12.308,-1.003,0.0,0.223,0,0,1,,1.0,2026-03-05T11:56:12.084651,neutral,0.999,2026-03-05T11:56:11.138433,0.539,2026-03-05T11:56:11.365000,62,,,
participant_01,2,day,Town10HD_Opt,2026-03-05 11:56:12.992952,68.38098907470703,25.39192771911621,0.0020481108222156,7.635,-0.989,0.0,0.143,0,0,1,,1.0,2026-03-05T11:56:12.992952,neutral,0.999,2026-03-05T11:56:11.138433,0.524,2026-03-05T11:56:12.222000,62,,,
participant_01,2,day,Town10HD_Opt,2026-03-05 11:56:13.942080,69.39667510986328,25.342697143554688,0.0023704909253865,0.0,-0.642,0.0,0.102,0,0,1,,1.0,2026-03-05T11:56:13.942080,neutral,1.0,2026-03-05T11:56:13.942080,0.509,2026-03-05T11:56:13.257000,62,,,
participant_01,2,day,Town10HD_Opt,2026-03-05 11:56:14.847409,69.39720916748047,25.342660903930664,0.001938018715009,0.0,-0.392,0.0,0.009,0,0,1,,1.0,2026-03-05T11:56:14.847409,neutral,1.0,2026-03-05T11:56:13.942080,0.495,2026-03-05T11:56:14.559000,63,,,
participant_01,2,day,Town10HD_Opt,2026-03-05 11:56:15.860874,69.39728546142578,25.342660903930664,0.0019204712007194,0.0,1.011,0.0,0.0,0,0,1,,1.0,2026-03-05T11:56:15.860874,neutral,1.0,2026-03-05T11:56:13.942080,0.47,2026-03-05T11:56:15.281000,65,,,
participant_01,2,day,Town10HD_Opt,2026-03-05 11:56:17.042092,69.3970947265625,25.34382057189941,0.0028397368732839,0.023,0.663,0.0,0.0,0,0,1,,1.0,2026-03-05T11:56:17.042092,neutral,0.999,2026-03-05T11:56:17.042092,0.46,2026-03-05T11:56:16.316000,66,,,errors=Vehicle collision
participant_01,2,day,Town10HD_Opt,2026-03-05 11:56:18.022040,69.39639282226562,25.34478759765625,0.0057052229531109,0.005,0.653,0.0,0.0,0,0,1,,1.0,2026-03-05T11:56:18.022040,neutral,0.999,2026-03-05T11:56:17.042092,0.438,2026-03-05T11:56:17.487000,67,,,
participant_01,2,day,Town10HD_Opt,2026-03-05 11:56:18.952346,69.86164093017578,25.30793190002441,0.0032794189173728,6.848,0.653,0.806,0.0,0,0,1,,0.832,2026-03-05T11:56:18.952346,neutral,0.999,2026-03-05T11:56:17.042092,0.416,2026-03-05T11:56:18.385000,67,,,
participant_01,2,day,Town10HD_Opt,2026-03-05 11:56:19.937917,71.74654388427734,25.164213180541992,0.0025133132003247,15.501,0.653,0.979,0.0,0,0,1,,0.838,2026-03-05T11:56:19.937917,neutral,0.999,2026-03-05T11:56:19.937917,0.396,2026-03-05T11:56:19.604000,66,,,errors=Vehicle collision
participant_01,2,day,Town10HD_Opt,2026-03-05 11:56:20.921394,75.00212860107422,24.92348289489746,0.0019242477137595,21.831,0.653,0.968,0.0,0,0,1,,0.839,2026-03-05T11:56:20.921394,neutral,0.999,2026-03-05T11:56:19.937917,0.366,2026-03-05T11:56:20.726000,66,,,
participant_01,2,day,Town10HD_Opt,2026-03-05 11:56:21.868492,79.49284362792969,24.77812767028809,0.002403526334092,31.286,0.86,0.867,0.0,0,0,1,,1.0,2026-03-05T11:56:21.868492,neutral,0.999,2026-03-05T11:56:19.937917,0.339,2026-03-05T11:56:21.760000,65,,,
participant_01,2,day,Town10HD_Opt,2026-03-05 11:56:23.086037,87.08245086669922,25.15501976013184,0.0022357939742505,28.847,-2.97,0.118,0.0,0,0,1,,1.0,2026-03-05T11:56:23.086037,neutral,1.0,2026-03-05T11:56:23.086037,0.314,2026-03-05T11:56:22.389000,65,,,
participant_01,2,day,Town10HD_Opt,2026-03-05 11:56:24.057105,91.775634765625,24.97013664245605,0.0021313475444912,25.499,-11.0,0.296,0.0,0,0,1,,1.0,2026-03-05T11:56:24.057105,neutral,1.0,2026-03-05T11:56:23.086037,0.289,2026-03-05T11:56:23.200000,64,,,
participant_01,2,day,Town10HD_Opt,2026-03-05 11:56:24.993577,95.89057159423828,23.66517448425293,0.0021012115757912,24.328,-16.99,0.356,0.0,0,0,1,,1.0,2026-03-05T11:56:24.993577,neutral,1.0,2026-03-05T11:56:23.086037,0.267,2026-03-05T11:56:24.280000,63,,,
participant_01,2,day,Town10HD_Opt,2026-03-05 11:56:25.941811,99.30176544189452,21.14289093017578,0.0020570755004882,24.395,-10.562,0.35,0.0,0,0,1,,1.0,2026-03-05T11:56:25.941811,neutral,1.0,2026-03-05T11:56:25.941811,0.255,2026-03-05T11:56:25.226000,63,,,
participant_01,2,day,Town10HD_Opt,2026-03-05 11:56:27.131692,102.86038208007812,16.732927322387695,0.0046013640239834,24.342,-8.582,0.339,0.0,0,0,1,,1.0,2026-03-05T11:56:27.131692,neutral,1.0,2026-03-05T11:56:25.941811,0.241,2026-03-05T11:56:26.215000,62,,,
participant_01,2,day,Town10HD_Opt,2026-03-05 11:56:28.073357,104.6259765625,12.89680004119873,0.0019021987682208,25.033,-12.604,0.821,0.0,0,0,1,,1.0,2026-03-05T11:56:28.073357,neutral,1.0,2026-03-05T11:56:28.073357,0.24,2026-03-05T11:56:27.430000,62,,,
participant_01,2,day,Town10HD_Opt,2026-03-05 11:56:29.082078,105.67321014404295,7.714914321899414,0.0015982437180355,37.89,-3.714,1.0,0.0,0,0,1,,1.0,2026-03-05T11:56:29.082078,neutral,1.0,2026-03-05T11:56:28.073357,0.239,2026-03-05T11:56:28.285000,62,,,
participant_01,2,day,Town10HD_Opt,2026-03-05 11:56:30.059589,106.33106231689452,-0.0457124710083007,0.0015618514735251,52.606,-1.92,0.0,0.229,0,0,1,,1.0,2026-03-05T11:56:30.059589,neutral,1.0,2026-03-05T11:56:28.073357,0.236,2026-03-05T11:56:29.185000,62,,,
participant_01,2,day,Town10HD_Opt,2026-03-05 11:56:31.053945,106.4570770263672,-8.872549057006836,0.0019998550415039,50.751,0.282,0.0,0.0,0,0,1,,1.0,2026-03-05T11:56:31.053945,neutral,1.0,2026-03-05T11:56:31.053945,0.242,2026-03-05T11:56:30.220000,63,,,
participant_01,2,day,Town10HD_Opt,2026-03-05 11:56:32.038374,106.50524139404295,-17.644548416137695,0.0020127487368881,50.491,-1.528,0.83,0.0,0,0,1,,0.829,2026-03-05T11:56:32.038374,neutral,1.0,2026-03-05T11:56:31.053945,0.246,2026-03-05T11:56:31.435000,64,,,
participant_01,2,day,Town10HD_Opt,2026-03-05 11:56:32.918442,106.2239227294922,-26.39268684387207,0.002062072744593,49.727,-2.076,0.809,0.0,0,0,1,,1.0,2026-03-05T11:56:32.918442,neutral,1.0,2026-03-05T11:56:31.053945,0.249,2026-03-05T11:56:32.201000,64,,,
participant_01,2,day,Town10HD_Opt,2026-03-05 11:56:34.122691,104.35431671142578,-37.8341064453125,0.0019577406346797,50.687,-7.663,0.788,0.0,0,0,1,,1.0,2026-03-05T11:56:34.122691,neutral,1.0,2026-03-05T11:56:34.122691,0.249,2026-03-05T11:56:33.370000,63,,,
participant_01,2,day,Town10HD_Opt,2026-03-05 11:56:35.069346,100.61185455322266,-45.66951370239258,0.0020368576515465,49.433,-4.374,0.897,0.0,0,0,1,,1.0,2026-03-05T11:56:35.069346,neutral,1.0,2026-03-05T11:56:34.122691,0.248,2026-03-05T11:56:34.225000,63,,,
participant_01,2,day,Town10HD_Opt,2026-03-05 11:56:35.975260,95.3285903930664,-52.62657165527344,0.0020172882359474,50.152,-6.417,1.0,0.0,0,0,1,,0.836,2026-03-05T11:56:35.975260,neutral,1.0,2026-03-05T11:56:34.122691,0.248,2026-03-05T11:56:35.215000,63,,,
participant_01,2,day,Town10HD_Opt,2026-03-05 11:56:36.906435,88.5662612915039,-58.18300247192383,0.0020494079217314,50.202,-6.028,0.924,0.0,0,0,1,,1.0,2026-03-05T11:56:36.906435,neutral,0.998,2026-03-05T11:56:36.906435,0.248,2026-03-05T11:56:36.296000,63,,,
participant_01,2,day,Town10HD_Opt,2026-03-05 11:56:38.122267,77.790283203125,-62.66482162475586,0.0018459319835528,52.132,-4.32,0.0,0.213,0,0,1,,1.0,2026-03-05T11:56:38.122267,neutral,0.998,2026-03-05T11:56:36.906435,0.248,2026-03-05T11:56:37.375000,63,,,
participant_01,2,day,Town10HD_Opt,2026-03-05 11:56:39.129028,69.11882781982422,-64.16545104980469,0.0018824386643245,52.138,-2.292,0.0,0.214,0,0,1,,1.0,2026-03-05T11:56:39.129028,neutral,1.0,2026-03-05T11:56:39.129028,0.248,2026-03-05T11:56:38.185000,63,,,
participant_01,2,day,Town10HD_Opt,2026-03-05 11:56:40.078509,60.37164306640625,-64.75334167480469,0.0019330214709043,51.371,-0.933,0.0,0.137,0,0,1,,1.0,2026-03-05T11:56:40.078509,neutral,1.0,2026-03-05T11:56:39.129028,0.248,2026-03-05T11:56:39.221000,63,,,
participant_01,2,day,Town10HD_Opt,2026-03-05 11:56:41.045443,51.66474151611328,-64.90290069580078,0.001975402701646,50.178,-0.884,0.687,0.0,0,0,1,,1.0,2026-03-05T11:56:41.045443,neutral,1.0,2026-03-05T11:56:39.129028,0.248,2026-03-05T11:56:40.390000,63,,,
participant_01,2,day,Town10HD_Opt,2026-03-05 11:56:41.985691,43.0008544921875,-64.8013916015625,0.0021135329734534,48.118,0.721,0.481,0.0,0,0,1,,1.0,2026-03-05T11:56:41.985691,neutral,1.0,2026-03-05T11:56:41.985691,0.248,2026-03-05T11:56:41.290000,63,,,
participant_01,2,day,Town10HD_Opt,2026-03-05 11:56:42.969909,34.66073226928711,-64.77985382080078,0.0020869825966656,46.998,-0.458,0.428,0.0,0,0,1,,1.0,2026-03-05T11:56:42.969909,neutral,1.0,2026-03-05T11:56:41.985691,0.248,2026-03-05T11:56:42.191000,64,Harsh braking,decel_mps2=4.9,
participant_01,2,day,Town10HD_Opt,2026-03-05 11:56:43.883143,26.562049865722656,-64.67530059814453,0.0020995712839066,45.28,0.045,0.314,0.0,0,0,1,,1.0,2026-03-05T11:56:43.883143,neutral,1.0,2026-03-05T11:56:41.985691,0.248,2026-03-05T11:56:43.270000,64,,,
participant_01,2,day,Town10HD_Opt,2026-03-05 11:56:44.880315,19.2591495513916,-64.56745147705078,0.0023461531382054,36.518,0.247,0.0,0.0,0,0,1,,1.0,2026-03-05T11:56:44.880315,neutral,1.0,2026-03-05T11:56:44.880315,0.228,2026-03-05T11:56:44.350000,63,,,
participant_01,2,day,Town10HD_Opt,2026-03-05 11:56:45.853340,13.548672676086426,-64.51602172851562,0.0023064422421157,28.214,0.315,0.0,0.0,0,0,1,,1.0,2026-03-05T11:56:45.853340,neutral,1.0,2026-03-05T11:56:44.880315,0.207,2026-03-05T11:56:45.206000,62,,,
participant_01,2,day,Town10HD_Opt,2026-03-05 11:56:47.074348,7.965943336486816,-64.51158905029297,0.0022481156047433,19.361,-0.146,0.0,0.0,0,0,1,,1.0,2026-03-05T11:56:47.074348,neutral,1.0,2026-03-05T11:56:47.074348,0.187,2026-03-05T11:56:46.196000,62,,,
participant_01,2,day,Town10HD_Opt,2026-03-05 11:56:48.085680,4.781659126281738,-64.50822448730469,0.0020862577948719,18.731,0.092,0.838,0.0,0,0,1,,1.0,2026-03-05T11:56:48.085680,neutral,1.0,2026-03-05T11:56:47.074348,0.17,2026-03-05T11:56:47.321000,62,,,
participant_01,2,day,Town10HD_Opt,2026-03-05 11:56:49.043039,0.6344618797302246,-64.52033233642578,0.0016552733723074,30.319,0.289,0.813,0.0,0,0,1,,1.0,2026-03-05T11:56:49.043039,neutral,1.0,2026-03-05T11:56:47.074348,0.154,2026-03-05T11:56:48.310000,61,,,
participant_01,2,day,Town10HD_Opt,2026-03-05 11:56:50.004485,-5.016425609588623,-64.56925201416016,0.0021589659154415,30.294,0.176,0.0,0.0,0,0,1,,1.0,2026-03-05T11:56:50.004485,neutral,1.0,2026-03-05T11:56:50.004485,0.144,2026-03-05T11:56:49.391000,61,,,
participant_01,2,day,Town10HD_Opt,2026-03-05 11:56:50.955147,-9.74074649810791,-64.6325912475586,0.002268829382956,23.128,0.176,0.0,0.0,0,0,1,,1.0,2026-03-05T11:56:50.955147,neutral,1.0,2026-03-05T11:56:50.004485,0.136,2026-03-05T11:56:50.246000,61,,,
participant_01,2,day,Town10HD_Opt,2026-03-05 11:56:51.877984,-13.305557250976562,-64.69456481933594,0.0020475005730986,17.508,0.176,0.0,0.0,0,0,1,,1.0,2026-03-05T11:56:51.877984,neutral,1.0,2026-03-05T11:56:50.004485,0.129,2026-03-05T11:56:51.325000,61,,,
participant_01,2,day,Town10HD_Opt,2026-03-05 11:56:53.090933,-16.810161590576172,-64.76803588867188,0.002036819467321,12.378,0.176,0.0,0.0,0,0,1,,1.0,2026-03-05T11:56:53.090933,neutral,1.0,2026-03-05T11:56:53.090933,0.125,2026-03-05T11:56:52.271000,61,,,
participant_01,2,day,Town10HD_Opt,2026-03-05 11:56:54.017215,-18.73851776123047,-64.81364440917969,0.0020099638495594,9.508,0.176,0.0,0.0,0,0,1,,1.0,2026-03-05T11:56:54.017215,neutral,1.0,2026-03-05T11:56:53.090933,0.134,2026-03-05T11:56:53.306000,61,,,
participant_01,2,day,Town10HD_Opt,2026-03-05 11:56:54.955530,-20.219215393066406,-64.8511734008789,0.001989021198824,7.194,0.176,0.0,0.0,0,0,1,,1.0,2026-03-05T11:56:54.955530,neutral,1.0,2026-03-05T11:56:53.090933,0.163,2026-03-05T11:56:54.341000,61,,,
participant_01,2,day,Town10HD_Opt,2026-03-05 11:56:55.887048,-21.35599899291992,-64.88150787353516,0.0019728087354451,5.605,0.176,0.0,0.0,0,0,1,,1.0,2026-03-05T11:56:55.887048,neutral,0.998,2026-03-05T11:56:55.887048,0.195,2026-03-05T11:56:55.286000,60,,,
participant_01,2,day,Town10HD_Opt,2026-03-05 11:56:57.029811,-22.471967697143555,-64.91258239746094,0.0019567869603633,3.826,0.176,0.0,0.0,0,0,1,,1.0,2026-03-05T11:56:57.029811,neutral,0.998,2026-03-05T11:56:55.887048,0.227,2026-03-05T11:56:56.185000,60,,,
participant_01,2,day,Town10HD_Opt,2026-03-05 11:56:57.979252,-23.08542251586914,-64.9301986694336,0.0019480895716696,3.025,0.176,0.0,0.0,0,0,1,,1.0,2026-03-05T11:56:57.979252,neutral,1.0,2026-03-05T11:56:57.979252,0.26,2026-03-05T11:56:57.310000,60,,,
participant_01,2,day,Town10HD_Opt,2026-03-05 11:56:58.904867,-23.556360244750977,-64.94398498535156,0.0019413756672292,2.322,0.176,0.0,0.0,0,0,1,,1.0,2026-03-05T11:56:58.904867,neutral,1.0,2026-03-05T11:56:57.979252,0.292,2026-03-05T11:56:58.615000,60,,,
participant_01,2,day,Town10HD_Opt,2026-03-05 11:57:00.065026,-24.23341941833496,-64.96398162841797,0.0016004561912268,8.386,0.176,0.952,0.0,0,0,1,,1.0,2026-03-05T11:57:00.065026,neutral,1.0,2026-03-05T11:57:00.065026,0.319,2026-03-05T11:56:59.202000,60,,,
participant_01,2,day,Town10HD_Opt,2026-03-05 11:57:00.976699,-26.89924049377441,-65.05355834960938,0.0017271422548219,22.45,0.493,1.0,0.0,0,0,1,,1.0,2026-03-05T11:57:00.976699,neutral,1.0,2026-03-05T11:57:00.065026,0.347,2026-03-05T11:57:00.371000,60,,,
participant_01,2,day,Town10HD_Opt,2026-03-05 11:57:01.909076,-32.13074493408203,-65.26644134521484,0.0015123748453333,38.814,0.007,1.0,0.0,0,0,1,,1.0,2026-03-05T11:57:01.909076,neutral,1.0,2026-03-05T11:57:00.065026,0.375,2026-03-05T11:57:01.271000,61,,,
participant_01,2,day,Town10HD_Opt,2026-03-05 11:57:03.125502,-43.13551330566406,-65.7388687133789,0.00195690151304,50.653,0.019,0.0,0.124,0,0,1,,1.0,2026-03-05T11:57:03.125502,neutral,0.978,2026-03-05T11:57:03.125502,0.398,2026-03-05T11:57:02.216000,61,,,
participant_01,2,day,Town10HD_Opt,2026-03-05 11:57:04.057563,-51.75332260131836,-66.11803436279297,0.0018354033818468,51.77,0.038,0.0,0.177,0,0,1,,1.0,2026-03-05T11:57:04.057563,neutral,0.978,2026-03-05T11:57:03.125502,0.409,2026-03-05T11:57:03.284000,60,,,
participant_01,2,day,Town10HD_Opt,2026-03-05 11:57:04.964610,-60.49123001098633,-66.50434875488281,0.0018816374940797,51.775,-0.665,0.0,0.163,0,0,1,,1.0,2026-03-05T11:57:04.964610,neutral,0.978,2026-03-05T11:57:03.125502,0.423,2026-03-05T11:57:04.285000,60,,,
participant_01,2,day,Town10HD_Opt,2026-03-05 11:57:05.866683,-69.20122528076172,-66.67586517333984,0.0019321822328493,51.243,-2.791,0.0,0.124,0,0,1,,1.0,2026-03-05T11:57:05.866683,neutral,1.0,2026-03-05T11:57:05.866683,0.435,2026-03-05T11:57:05.546000,61,,,
participant_01,2,day,Town10HD_Opt,2026-03-05 11:57:07.124992,-80.83402252197266,-65.24861907958984,0.001958503620699,50.756,-7.047,0.0,0.0,0,0,1,,1.0,2026-03-05T11:57:07.124992,neutral,1.0,2026-03-05T11:57:05.866683,0.44,2026-03-05T11:57:06.266000,61,,,
participant_01,2,day,Town10HD_Opt,2026-03-05 11:57:08.098361,-88.8005142211914,-61.76890182495117,0.0019271849887445,50.932,-6.128,0.0,0.0,0,0,1,,1.0,2026-03-05T11:57:08.098361,neutral,0.999,2026-03-05T11:57:08.098361,0.445,2026-03-05T11:57:07.213000,62,,,
participant_01,2,day,Town10HD_Opt,2026-03-05 11:57:09.004345,-95.6519546508789,-56.438133239746094,0.0018954466795548,51.276,-4.534,0.0,0.128,0,0,1,,1.0,2026-03-05T11:57:09.004345,neutral,0.999,2026-03-05T11:57:08.098361,0.45,2026-03-05T11:57:08.381000,63,,,
participant_01,2,day,Town10HD_Opt,2026-03-05 11:57:09.986370,-101.38191223144533,-49.83357238769531,0.0018424605950713,52.31,-4.44,0.0,0.235,0,0,1,,1.0,2026-03-05T11:57:09.986370,neutral,0.999,2026-03-05T11:57:08.098361,0.454,2026-03-05T11:57:09.239000,63,,,
participant_01,2,day,Town10HD_Opt,2026-03-05 11:57:10.974547,-105.7894515991211,-42.29572677612305,0.0019019698956981,51.782,-4.627,0.0,0.131,0,0,1,,1.0,2026-03-05T11:57:10.974547,neutral,0.999,2026-03-05T11:57:10.974547,0.457,2026-03-05T11:57:10.225000,63,,,
participant_01,2,day,Town10HD_Opt,2026-03-05 11:57:11.921576,-108.73416137695312,-34.06269836425781,0.002005310030654,50.32,-3.877,0.719,0.0,0,0,1,,1.0,2026-03-05T11:57:11.921576,neutral,0.999,2026-03-05T11:57:10.974547,0.459,2026-03-05T11:57:11.216000,63,,,
participant_01,2,day,Town10HD_Opt,2026-03-05 11:57:12.874380,-110.23794555664062,-25.59561920166016,0.0022782515734434,45.634,-3.745,0.0,0.0,0,0,1,,1.0,2026-03-05T11:57:12.874380,neutral,0.999,2026-03-05T11:57:10.974547,0.465,2026-03-05T11:57:12.430000,63,,,
participant_01,2,day,Town10HD_Opt,2026-03-05 11:57:14.133719,-110.51278686523438,-16.681575775146484,0.002395172137767,30.451,1.375,0.0,0.349,0,0,1,,1.0,2026-03-05T11:57:14.133719,neutral,0.997,2026-03-05T11:57:14.133719,0.47,2026-03-05T11:57:13.376000,63,,,
participant_01,2,day,Town10HD_Opt,2026-03-05 11:57:15.097287,-110.61014556884766,-12.11060905456543,0.0023356245364993,21.227,-1.093,0.0,0.315,0,0,1,,1.0,2026-03-05T11:57:15.097287,neutral,0.997,2026-03-05T11:57:14.133719,0.475,2026-03-05T11:57:14.320000,64,,,
participant_01,2,day,Town10HD_Opt,2026-03-05 11:57:16.057131,-110.64607238769533,-8.946698188781738,0.0020365142263472,15.411,-1.523,0.068,0.0,0,0,1,,1.0,2026-03-05T11:57:16.057131,neutral,0.997,2026-03-05T11:57:14.133719,0.471,2026-03-05T11:57:15.217000,64,,,
participant_01,2,day,Town10HD_Opt,2026-03-05 11:57:16.990070,-110.6310806274414,-5.931390762329102,0.001851386972703,22.377,0.625,1.0,0.0,0,0,1,,1.0,2026-03-05T11:57:16.990070,neutral,1.0,2026-03-05T11:57:16.990070,0.471,2026-03-05T11:57:16.390000,64,,,
participant_01,2,day,Town10HD_Opt,2026-03-05 11:57:18.002243,-110.67585754394533,-0.7109928131103516,0.0015340042300522,39.152,0.308,0.937,0.0,0,0,1,,1.0,2026-03-05T11:57:18.002243,neutral,1.0,2026-03-05T11:57:16.990070,0.47,2026-03-05T11:57:17.202000,64,,,
participant_01,2,day,Town10HD_Opt,2026-03-05 11:57:18.970360,-110.74854278564452,7.001806259155273,0.0016696548555046,49.623,-3.938,0.69,0.0,0,0,1,,1.0,2026-03-05T11:57:18.970360,neutral,1.0,2026-03-05T11:57:16.990070,0.468,2026-03-05T11:57:18.236000,64,,,
participant_01,2,day,Town10HD_Opt,2026-03-05 11:57:19.951903,-109.22698211669922,15.373476028442385,0.002376785269007,43.319,-16.955,0.0,0.0,0,0,1,,1.0,2026-03-05T11:57:19.951903,neutral,0.999,2026-03-05T11:57:19.951903,0.465,2026-03-05T11:57:19.270000,64,,,
participant_01,2,day,Town10HD_Opt,2026-03-05 11:57:21.038972,-104.9605712890625,20.39014434814453,0.0024018478579819,32.549,-11.646,0.0,0.0,0,0,1,,1.0,2026-03-05T11:57:21.038972,neutral,0.999,2026-03-05T11:57:19.951903,0.466,2026-03-05T11:57:20.216000,64,,,
participant_01,2,day,Town10HD_Opt,2026-03-05 11:57:22.108296,-100.14307403564452,22.87206649780273,0.0018829726614058,34.373,-9.938,0.969,0.0,0,0,1,,1.0,2026-03-05T11:57:22.108296,neutral,0.997,2026-03-05T11:57:22.108296,0.466,2026-03-05T11:57:21.295000,65,,,
participant_01,2,day,Town10HD_Opt,2026-03-05 11:57:22.871971,-95.83175659179688,23.96560287475586,0.0016860198229551,41.981,-4.735,0.391,0.0,0,0,1,,1.0,2026-03-05T11:57:22.871971,neutral,0.997,2026-03-05T11:57:22.108296,0.465,2026-03-05T11:57:22.243000,65,,,
participant_01,2,day,Town10HD_Opt,2026-03-05 11:57:23.905835,-88.337890625,24.97592544555664,0.0017764281947165,47.519,-0.9,1.0,0.0,0,0,1,,1.0,2026-03-05T11:57:23.905835,neutral,0.997,2026-03-05T11:57:22.108296,0.463,2026-03-05T11:57:23.231000,65,,,
participant_01,2,day,Town10HD_Opt,2026-03-05 11:57:24.942409,-79.59014892578125,25.77286720275879,0.0021966171916574,48.358,-0.475,0.966,0.0,0,0,1,,1.0,2026-03-05T11:57:24.942409,neutral,0.997,2026-03-05T11:57:24.942409,0.458,2026-03-05T11:57:24.626000,65,,,
participant_01,2,day,Town10HD_Opt,2026-03-05 11:57:25.902155,-70.83345794677734,26.37302589416504,0.0021925354376435,48.696,-0.505,1.0,0.0,0,0,1,,1.0,2026-03-05T11:57:25.902155,neutral,0.997,2026-03-05T11:57:24.942409,0.458,2026-03-05T11:57:24.626000,65,,,
participant_01,2,day,Town10HD_Opt,2026-03-05 11:57:26.852102,-62.0010871887207,26.79226493835449,0.0021579742897301,49.104,-0.498,0.973,0.0,0,0,1,,1.0,2026-03-05T11:57:26.852102,neutral,0.997,2026-03-05T11:57:24.942409,0.458,2026-03-05T11:57:24.626000,65,,,
participant_01,2,day,Town10HD_Opt,2026-03-05 11:57:28.120794,-50.368309020996094,27.058263778686523,0.0021708679851144,48.927,-0.498,0.911,0.0,0,0,1,,1.0,2026-03-05T11:57:28.120794,neutral,0.992,2026-03-05T11:57:28.120794,0.458,2026-03-05T11:57:24.626000,65,,,
participant_01,2,day,Town10HD_Opt,2026-03-05 11:57:29.116733,-41.59101486206055,27.04767608642578,0.0021500778384506,49.237,-0.026,0.891,0.0,0,0,1,,1.0,2026-03-05T11:57:29.116733,neutral,0.992,2026-03-05T11:57:28.120794,0.458,2026-03-05T11:57:24.626000,65,,,
participant_01,2,day,Town10HD_Opt,2026-03-05 11:57:30.067306,-32.7906379699707,26.960336685180664,0.0021534727420657,49.369,0.073,1.0,0.0,0,0,1,,1.0,2026-03-05T11:57:30.067306,neutral,0.992,2026-03-05T11:57:28.120794,0.458,2026-03-05T11:57:24.626000,65,,,
participant_01,2,day,Town10HD_Opt,2026-03-05 11:57:31.028638,-23.973886489868164,26.892337799072266,0.0022198485676199,48.334,0.073,0.953,0.0,0,0,1,,1.0,2026-03-05T11:57:31.028638,neutral,1.0,2026-03-05T11:57:31.028638,0.458,2026-03-05T11:57:24.626000,65,,,
participant_01,2,day,Town10HD_Opt,2026-03-05 11:57:31.987652,-15.216958999633787,26.84381484985352,0.0022018051240593,48.34,-0.089,0.911,0.0,0,0,1,,1.0,2026-03-05T11:57:31.987652,neutral,1.0,2026-03-05T11:57:31.028638,0.458,2026-03-05T11:57:24.626000,65,Solid line crossing,Solid line crossing,
participant_01,2,day,Town10HD_Opt,2026-03-05 11:57:32.907569,-6.478229999542236,26.771041870117188,0.0021740722004324,48.716,-0.115,0.873,0.0,0,0,1,,1.0,2026-03-05T11:57:32.907569,neutral,1.0,2026-03-05T11:57:31.028638,0.458,2026-03-05T11:57:24.626000,65,,,
participant_01,2,day,Town10HD_Opt,2026-03-05 11:57:34.123803,5.065928936004639,26.61075782775879,0.0021589279640465,47.146,-0.136,0.0,0.0,0,0,1,,1.0,2026-03-05T11:57:34.123803,neutral,0.998,2026-03-05T11:57:34.123803,0.458,2026-03-05T11:57:24.626000,65,,,
participant_01,2,day,Town10HD_Opt,2026-03-05 11:57:35.043690,12.528103828430176,26.471662521362305,0.0023664855398237,37.075,0.416,0.0,0.016,0,0,1,,1.0,2026-03-05T11:57:35.043690,neutral,0.998,2026-03-05T11:57:34.123803,0.458,2026-03-05T11:57:24.626000,65,,,
participant_01,2,day,Town10HD_Opt,2026-03-05 11:57:35.965765,18.32229423522949,26.4326171875,0.0023109053727239,28.631,1.434,0.0,0.0,0,0,1,,1.0,2026-03-05T11:57:35.965765,neutral,0.998,2026-03-05T11:57:34.123803,0.458,2026-03-05T11:57:24.626000,65,Red light violation,Red light violation,
participant_01,2,day,Town10HD_Opt,2026-03-05 11:57:36.908089,22.76409339904785,26.56814384460449,0.0022640989627689,21.708,2.73,0.0,0.0,0,0,1,,1.0,2026-03-05T11:57:36.908089,neutral,1.0,2026-03-05T11:57:36.908089,0.458,2026-03-05T11:57:24.626000,65,,,
participant_01,2,day,Town10HD_Opt,2026-03-05 11:57:37.962397,26.09993553161621,26.867387771606445,0.0019668578170239,16.59,3.947,0.007,0.0,0,0,1,,1.0,2026-03-05T11:57:37.962397,neutral,1.0,2026-03-05T11:57:36.908089,0.458,2026-03-05T11:57:24.626000,65,,,
participant_01,2,day,Town10HD_Opt,2026-03-05 11:57:38.932066,28.664072036743164,27.29550170898437,0.002033157274127,12.97,5.86,0.019,0.0,0,0,1,,1.0,2026-03-05T11:57:38.932066,neutral,0.98,2026-03-05T11:57:38.932066,0.458,2026-03-05T11:57:24.626000,65,,,
participant_01,2,day,Town10HD_Opt,2026-03-05 11:57:39.909651,30.643707275390625,27.79496955871582,0.0019955444149672,10.297,6.201,0.04,0.0,0,0,1,,1.0,2026-03-05T11:57:39.909651,neutral,0.98,2026-03-05T11:57:38.932066,0.458,2026-03-05T11:57:24.626000,65,,,
participant_01,2,day,Town10HD_Opt,2026-03-05 11:57:41.138286,33.026329040527344,28.61351585388184,0.0017991255735978,13.091,8.904,0.318,0.0,0,0,1,,1.0,2026-03-05T11:57:41.138286,neutral,0.999,2026-03-05T11:57:41.138286,0.458,2026-03-05T11:57:24.626000,65,,,
participant_01,2,day,Town10HD_Opt,2026-03-05 11:57:41.920586,34.5289421081543,29.355932235717773,0.0017319869948551,17.186,15.62,0.829,0.0,0,0,1,,1.0,2026-03-05T11:57:41.920586,neutral,0.999,2026-03-05T11:57:41.138286,0.458,2026-03-05T11:57:24.626000,65,,,
participant_01,2,day,Town10HD_Opt,2026-03-05 11:57:42.899541,37.361141204833984,31.78276824951172,0.0017670821398496,26.946,21.603,0.783,0.0,0,0,1,,1.0,2026-03-05T11:57:42.899541,neutral,0.999,2026-03-05T11:57:41.138286,0.458,2026-03-05T11:57:24.626000,65,,,
participant_01,2,day,Town10HD_Opt,2026-03-05 11:57:43.916873,39.59666442871094,36.595340728759766,0.0018663787050172,34.332,15.009,0.514,0.0,0,0,1,,1.0,2026-03-05T11:57:43.916873,neutral,0.998,2026-03-05T11:57:43.916873,0.458,2026-03-05T11:57:24.626000,65,,,
participant_01,2,day,Town10HD_Opt,2026-03-05 11:57:44.953913,40.11050796508789,42.49152374267578,0.0022175216581672,31.006,1.055,0.0,0.0,0,0,1,,1.0,2026-03-05T11:57:44.953913,neutral,0.998,2026-03-05T11:57:43.916873,0.458,2026-03-05T11:57:24.626000,65,,,
participant_01,2,day,Town10HD_Opt,2026-03-05 11:57:45.919459,40.25371170043945,47.24370956420898,0.0023274230770766,22.35,0.139,0.0,0.333,0,0,1,,1.0,2026-03-05T11:57:45.919459,neutral,0.998,2026-03-05T11:57:45.919459,0.458,2026-03-05T11:57:24.626000,65,,,
participant_01,2,day,Town10HD_Opt,2026-03-05 11:57:47.120884,40.357513427734375,51.37265396118164,0.0020992278587073,13.112,1.137,0.0,0.301,0,0,1,,1.0,2026-03-05T11:57:47.120884,neutral,0.998,2026-03-05T11:57:45.919459,0.458,2026-03-05T11:57:24.626000,65,,,
participant_01,2,day,Town10HD_Opt,2026-03-05 11:57:48.089163,40.36910629272461,53.25727844238281,0.0020442199893295,8.706,0.757,0.0,0.0,0,0,1,,1.0,2026-03-05T11:57:48.089163,neutral,0.999,2026-03-05T11:57:48.089163,0.458,2026-03-05T11:57:24.626000,65,,,
participant_01,2,day,Town10HD_Opt,2026-03-05 11:57:49.041799,40.38556671142578,55.03256607055664,0.001574287423864,15.93,-2.6,0.985,0.0,0,0,1,,1.0,2026-03-05T11:57:49.041799,neutral,0.999,2026-03-05T11:57:48.089163,0.458,2026-03-05T11:57:24.626000,65,,,
participant_01,2,day,Town10HD_Opt,2026-03-05 11:57:49.944091,40.66976547241211,58.83203125,0.0016096878098323,29.2,-8.105,0.902,0.0,0,0,1,,1.0,2026-03-05T11:57:49.944091,neutral,0.999,2026-03-05T11:57:48.089163,0.458,2026-03-05T11:57:24.626000,65,,,
participant_01,2,day,Town10HD_Opt,2026-03-05 11:57:51.144736,44.0521240234375,66.48189544677734,0.0017734909197315,43.323,-19.467,0.84,0.0,0,0,1,,1.0,2026-03-05T11:57:51.144736,neutral,1.0,2026-03-05T11:57:51.144736,0.458,2026-03-05T11:57:24.626000,65,,,
participant_01,2,day,Town10HD_Opt,2026-03-05 11:57:52.039300,51.13447189331055,70.1923599243164,0.0018754195189103,49.505,-15.233,0.713,0.0,0,0,1,,1.0,2026-03-05T11:57:52.039300,neutral,1.0,2026-03-05T11:57:51.144736,0.458,2026-03-05T11:57:24.626000,65,,,
participant_01,2,day,Town10HD_Opt,2026-03-05 11:57:52.962122,59.7900505065918,69.76881408691406,0.0021090316586196,48.741,2.633,0.421,0.0,0,0,1,,1.0,2026-03-05T11:57:52.962122,neutral,1.0,2026-03-05T11:57:51.144736,0.458,2026-03-05T11:57:24.626000,65,,,errors=Solid line crossing
participant_01,2,day,Town10HD_Opt,2026-03-05 11:57:53.869038,67.96259307861328,68.83442687988281,0.0022935485467314,42.788,4.806,0.0,0.0,0,0,1,,1.0,2026-03-05T11:57:53.869038,neutral,0.996,2026-03-05T11:57:53.869038,0.458,2026-03-05T11:57:24.626000,65,,,
participant_01,2,day,Town10HD_Opt,2026-03-05 11:57:55.148933,76.33854675292969,69.24562072753906,0.0023743438068777,28.538,-0.233,0.0,0.3,0,0,1,,1.0,2026-03-05T11:57:55.148933,neutral,0.996,2026-03-05T11:57:53.869038,0.458,2026-03-05T11:57:24.626000,65,,,
participant_01,2,day,Town10HD_Opt,2026-03-05 11:57:56.069740,80.602294921875,69.63390350341797,0.0023188018240034,19.413,-1.102,0.0,0.316,0,0,1,,1.0,2026-03-05T11:57:56.069740,neutral,1.0,2026-03-05T11:57:56.069740,0.458,2026-03-05T11:57:24.626000,65,,,
participant_01,2,day,Town10HD_Opt,2026-03-05 11:57:56.937567,83.50094604492188,69.8376235961914,0.0021133422851562,12.549,-0.618,0.0,0.44,0,0,1,,1.0,2026-03-05T11:57:56.937567,neutral,1.0,2026-03-05T11:57:56.069740,0.458,2026-03-05T11:57:24.626000,65,,,
participant_01,2,day,Town10HD_Opt,2026-03-05 11:57:57.859069,85.26222229003906,69.94859313964844,0.0021187209058552,6.713,-0.468,0.0,0.556,0,0,1,,1.0,2026-03-05T11:57:57.859069,neutral,1.0,2026-03-05T11:57:56.069740,0.458,2026-03-05T11:57:24.626000,65,,,
participant_01,2,day,Town10HD_Opt,2026-03-05 11:57:59.033454,85.51071166992188,69.9636459350586,0.0019449614919722,0.0,-0.233,0.0,0.465,0,0,1,,1.0,2026-03-05T11:57:59.033454,neutral,1.0,2026-03-05T11:57:59.033454,0.458,2026-03-05T11:57:24.626000,65,,,
participant_01,2,day,Town10HD_Opt,2026-03-05 11:57:59.907620,85.5107421875,69.9636459350586,0.0019202422117814,0.0,2.21,0.0,0.0,0,0,1,,1.0,2026-03-05T11:57:59.907620,neutral,1.0,2026-03-05T11:57:59.033454,0.458,2026-03-05T11:57:24.626000,65,,,
participant_01,2,day,Town10HD_Opt,2026-03-05 11:58:01.070997,85.58978271484375,69.97441101074219,0.0019017410231754,0.905,9.507,0.874,0.0,0,0,1,,1.0,2026-03-05T11:58:01.070997,neutral,1.0,2026-03-05T11:58:01.070997,0.458,2026-03-05T11:57:24.626000,65,,,
participant_01,2,day,Town10HD_Opt,2026-03-05 11:58:01.949878,86.89723205566406,70.20716857910156,0.0014053344493731,16.385,10.478,1.0,0.0,0,0,1,,1.0,2026-03-05T11:58:01.949878,neutral,1.0,2026-03-05T11:58:01.070997,0.458,2026-03-05T11:57:24.626000,65,,,
participant_01,2,day,Town10HD_Opt,2026-03-05 11:58:03.145625,92.37348175048828,72.1802749633789,0.0015481949085369,35.763,13.355,0.941,0.0,0,0,1,,1.0,2026-03-05T11:58:03.145625,neutral,0.998,2026-03-05T11:58:03.145625,0.458,2026-03-05T11:57:24.626000,65,,,
participant_01,2,day,Town10HD_Opt,2026-03-05 11:58:04.068985,97.56658172607422,77.01618957519531,0.0017073821509256,46.938,18.503,0.915,0.0,0,0,1,,1.0,2026-03-05T11:58:04.068985,neutral,0.998,2026-03-05T11:58:03.145625,0.458,2026-03-05T11:57:24.626000,65,,,
participant_01,2,day,Town10HD_Opt,2026-03-05 11:58:04.967060,99.52678680419922,85.37451171875,0.0021231842692941,48.843,4.584,0.909,0.0,0,0,1,,1.0,2026-03-05T11:58:04.967060,neutral,0.998,2026-03-05T11:58:03.145625,0.458,2026-03-05T11:57:24.626000,65,,,
participant_01,2,day,Town10HD_Opt,2026-03-05 11:58:05.891819,98.81839752197266,94.1551284790039,0.0021760177332907,48.651,-1.034,0.894,0.0,0,0,1,,1.0,2026-03-05T11:58:05.891819,neutral,1.0,2026-03-05T11:58:05.891819,0.458,2026-03-05T11:57:24.626000,65,,,
participant_01,2,day,Town10HD_Opt,2026-03-05 11:58:07.138139,97.17131805419922,105.58499145507812,0.0021327589638531,48.828,6.663,0.984,0.0,0,0,1,,1.0,2026-03-05T11:58:07.138139,neutral,1.0,2026-03-05T11:58:05.891819,0.458,2026-03-05T11:57:24.626000,65,,,
participant_01,2,day,Town10HD_Opt,2026-03-05 11:58:08.036415,93.4603042602539,113.53990173339844,0.0022620009258389,47.444,4.291,1.0,0.0,0,0,1,,1.0,2026-03-05T11:58:08.036415,neutral,0.997,2026-03-05T11:58:08.036415,0.458,2026-03-05T11:57:24.626000,65,,,
participant_01,2,day,Town10HD_Opt,2026-03-05 11:58:08.987294,88.24812316894531,120.56871795654295,0.0021535491105169,48.795,6.462,0.981,0.0,0,0,1,,1.0,2026-03-05T11:58:08.987294,neutral,0.997,2026-03-05T11:58:08.036415,0.458,2026-03-05T11:57:24.626000,65,,,
participant_01,2,day,Town10HD_Opt,2026-03-05 11:58:09.853257,81.49916076660156,126.1270751953125,0.002000655978918,51.233,7.368,0.0,0.123,0,0,1,,1.0,2026-03-05T11:58:09.853257,neutral,0.997,2026-03-05T11:58:08.036415,0.458,2026-03-05T11:57:24.626000,65,,,
participant_01,2,day,Town10HD_Opt,2026-03-05 11:58:11.039797,70.70674133300781,130.50965881347656,0.0021881102584302,48.762,4.551,1.0,0.0,0,0,1,,1.0,2026-03-05T11:58:11.039797,neutral,0.897,2026-03-05T11:58:11.039797,0.458,2026-03-05T11:57:24.626000,65,,,
participant_01,2,day,Town10HD_Opt,2026-03-05 11:58:11.944270,62.0340461730957,131.8818359375,0.0021937561687082,48.573,4.459,1.0,0.0,0,0,1,,1.0,2026-03-05T11:58:11.944270,neutral,0.897,2026-03-05T11:58:11.039797,0.458,2026-03-05T11:57:24.626000,65,,,
participant_01,2,day,Town10HD_Opt,2026-03-05 11:58:13.130345,50.39864730834961,132.06898498535156,0.002024192828685,50.618,-0.545,1.0,0.0,0,0,1,,1.0,2026-03-05T11:58:13.130345,neutral,0.999,2026-03-05T11:58:13.130345,0.458,2026-03-05T11:57:24.626000,65,,,
participant_01,2,day,Town10HD_Opt,2026-03-05 11:58:14.047480,41.60719680786133,132.3148956298828,0.0020244598854333,50.679,0.409,1.0,0.0,0,0,1,,1.0,2026-03-05T11:58:14.047480,neutral,0.999,2026-03-05T11:58:13.130345,0.458,2026-03-05T11:57:24.626000,65,,,
participant_01,2,day,Town10HD_Opt,2026-03-05 11:58:14.951888,32.80645751953125,132.43397521972656,0.0020262526813894,50.105,0.414,1.0,0.0,0,0,1,,1.0,2026-03-05T11:58:14.951888,neutral,0.999,2026-03-05T11:58:13.130345,0.458,2026-03-05T11:57:24.626000,65,,,
participant_01,2,day,Town10HD_Opt,2026-03-05 11:58:16.130031,21.065629959106445,132.3981170654297,0.0019664764404296,50.382,0.052,0.537,0.0,0,0,1,,1.0,2026-03-05T11:58:16.130031,neutral,0.991,2026-03-05T11:58:16.130031,0.458,2026-03-05T11:57:24.626000,65,,,
participant_01,2,day,Town10HD_Opt,2026-03-05 11:58:17.017685,12.812353134155272,132.33465576171875,0.0022724531590938,43.17,0.035,0.202,0.0,0,0,1,,1.0,2026-03-05T11:58:17.017685,neutral,0.991,2026-03-05T11:58:16.130031,0.458,2026-03-05T11:57:24.626000,65,,,
participant_01,2,day,Town10HD_Opt,2026-03-05 11:58:17.998851,5.908196926116943,132.2705535888672,0.0023387526161968,34.465,0.035,0.0,0.0,0,0,1,,1.0,2026-03-05T11:58:17.998851,neutral,0.991,2026-03-05T11:58:16.130031,0.458,2026-03-05T11:57:24.626000,65,,,
participant_01,2,day,Town10HD_Opt,2026-03-05 11:58:18.929353,0.521729052066803,132.21498107910156,0.0022959518246352,26.118,-0.127,0.0,0.0,0,0,1,,1.0,2026-03-05T11:58:18.929353,neutral,0.999,2026-03-05T11:58:18.929353,0.458,2026-03-05T11:57:24.626000,65,,,
participant_01,2,day,Town10HD_Opt,2026-03-05 11:58:19.986273,-3.587240219116211,132.18002319335938,0.0022537994664162,19.932,-0.148,0.0,0.0,0,0,1,,1.0,2026-03-05T11:58:19.986273,neutral,0.999,2026-03-05T11:58:18.929353,0.458,2026-03-05T11:57:24.626000,65,,,
participant_01,2,day,Town10HD_Opt,2026-03-05 11:58:20.888893,-6.693109512329102,132.16294860839844,0.0020191192161291,15.184,-0.148,0.0,0.0,0,0,1,,1.0,2026-03-05T11:58:20.888893,neutral,0.999,2026-03-05T11:58:18.929353,0.458,2026-03-05T11:57:24.626000,65,,,
participant_01,2,day,Town10HD_Opt,2026-03-05 11:58:22.065051,-9.763509750366213,132.15402221679688,0.0020112609490752,11.131,-0.148,0.211,0.0,0,0,1,,1.0,2026-03-05T11:58:22.065051,neutral,0.999,2026-03-05T11:58:22.065051,0.458,2026-03-05T11:57:24.626000,65,,,
participant_01,2,day,Town10HD_Opt,2026-03-05 11:58:22.994063,-11.837188720703123,132.15234375,0.0018350600730627,13.315,-0.148,0.336,0.0,0,0,1,,1.0,2026-03-05T11:58:22.994063,neutral,0.999,2026-03-05T11:58:22.065051,0.458,2026-03-05T11:57:24.626000,65,,,
participant_01,2,day,Town10HD_Opt,2026-03-05 11:58:23.874731,-14.24028491973877,132.15463256835938,0.0019350051879882,13.87,-0.157,0.925,0.0,0,0,1,,1.0,2026-03-05T11:58:23.874731,neutral,0.999,2026-03-05T11:58:22.065051,0.458,2026-03-05T11:57:24.626000,65,,,
participant_01,2,day,Town10HD_Opt,2026-03-05 11:58:25.125389,-19.24937629699707,132.17257690429688,0.0015208434779196,32.334,-0.045,0.999,0.0,0,0,1,,1.0,2026-03-05T11:58:25.125389,neutral,0.998,2026-03-05T11:58:25.125389,0.458,2026-03-05T11:57:24.626000,65,,,
participant_01,2,day,Town10HD_Opt,2026-03-05 11:58:26.107323,-26.074317932128903,131.8970489501953,0.0015889739152044,46.551,9.114,0.946,0.0,0,0,1,,1.0,2026-03-05T11:58:26.107323,neutral,0.998,2026-03-05T11:58:25.125389,0.458,2026-03-05T11:57:24.626000,65,,,
participant_01,2,day,Town10HD_Opt,2026-03-05 11:58:27.085324,-34.2855110168457,129.2187957763672,0.0021779250819236,47.918,12.263,0.934,0.0,0,0,1,,1.0,2026-03-05T11:58:27.085324,neutral,0.998,2026-03-05T11:58:25.125389,0.458,2026-03-05T11:57:24.626000,65,,,
participant_01,2,day,Town10HD_Opt,2026-03-05 11:58:28.010642,-40.41938781738281,123.18502044677734,0.0021065901964902,48.832,15.226,0.927,0.0,0,0,1,,1.0,2026-03-05T11:58:28.010642,neutral,0.996,2026-03-05T11:58:28.010642,0.458,2026-03-05T11:57:24.626000,65,,,
participant_01,2,day,Town10HD_Opt,2026-03-05 11:58:29.006162,-42.64129257202149,114.91600036621094,0.0019319152925163,50.946,4.893,0.0,0.0,0,0,1,,1.0,2026-03-05T11:58:29.006162,neutral,0.996,2026-03-05T11:58:28.010642,0.458,2026-03-05T11:57:24.626000,65,,,
participant_01,2,day,Town10HD_Opt,2026-03-05 11:58:29.977855,-42.49617004394531,106.26333618164062,0.0019896316807717,49.983,-2.546,0.528,0.0,0,0,1,,1.0,2026-03-05T11:58:29.977855,neutral,0.996,2026-03-05T11:58:28.010642,0.458,2026-03-05T11:57:24.626000,65,,,
participant_01,2,day,Town10HD_Opt,2026-03-05 11:58:30.896596,-42.93846130371094,97.71207427978516,0.0023022459354251,44.575,-0.938,0.0,0.0,0,0,1,,1.0,2026-03-05T11:58:30.896596,neutral,0.998,2026-03-05T11:58:30.896596,0.463,2026-03-05T11:58:30.200000,68,,,
participant_01,2,day,Town10HD_Opt,2026-03-05 11:58:31.872731,-43.58164596557617,90.7632827758789,0.0023274230770766,35.154,0.106,0.227,0.0,0,0,1,,1.0,2026-03-05T11:58:31.872731,neutral,0.998,2026-03-05T11:58:30.896596,0.468,2026-03-05T11:58:31.234000,67,,,
participant_01,2,day,Town10HD_Opt,2026-03-05 11:58:33.105892,-43.86634826660156,82.93024444580078,0.0020009230356663,34.337,8.625,0.687,0.0,0,0,1,,1.0,2026-03-05T11:58:33.105892,neutral,0.99,2026-03-05T11:58:33.105892,0.473,2026-03-05T11:58:32.224000,67,,,
participant_01,2,day,Town10HD_Opt,2026-03-05 11:58:34.068970,-42.31128692626953,76.57042694091797,0.0017763137584552,42.787,14.256,0.814,0.0,0,0,1,,1.0,2026-03-05T11:58:34.068970,neutral,0.99,2026-03-05T11:58:33.105892,0.478,2026-03-05T11:58:33.264000,66,,,
participant_01,2,day,Town10HD_Opt,2026-03-05 11:58:35.091178,-37.34165573120117,70.54632568359375,0.0018877410329878,48.052,21.017,0.675,0.0,0,0,1,,1.0,2026-03-05T11:58:35.091178,neutral,0.99,2026-03-05T11:58:33.105892,0.483,2026-03-05T11:58:34.249000,66,,,
participant_01,2,day,Town10HD_Opt,2026-03-05 11:58:36.126615,-29.38672065734864,68.94956970214844,0.0021106719505041,46.256,6.319,0.42,0.0,0,0,1,,1.0,2026-03-05T11:58:36.126615,neutral,0.989,2026-03-05T11:58:36.126615,0.483,2026-03-05T11:58:35.239000,66,,,
participant_01,2,day,Town10HD_Opt,2026-03-05 11:58:37.099126,-21.54085350036621,70.1377944946289,0.0021474456880241,43.544,-4.841,0.261,0.0,0,0,1,,1.0,2026-03-05T11:58:37.099126,neutral,0.989,2026-03-05T11:58:36.126615,0.483,2026-03-05T11:58:36.544000,65,,,errors=Solid line crossing
participant_01,2,day,Town10HD_Opt,2026-03-05 11:58:38.083845,-14.296746253967283,70.46414947509766,0.0021852874197065,38.809,-1.775,0.263,0.0,0,0,1,,1.0,2026-03-05T11:58:38.083845,neutral,0.989,2026-03-05T11:58:36.126615,0.483,2026-03-05T11:58:37.354000,65,,,
participant_01,2,day,Town10HD_Opt,2026-03-05 11:58:39.073510,-7.751583099365234,70.337158203125,0.0021038055419921,36.52,-0.604,0.541,0.0,0,0,1,,1.0,2026-03-05T11:58:39.073510,neutral,1.0,2026-03-05T11:58:39.073510,0.483,2026-03-05T11:58:38.255000,65,,,
participant_01,2,day,Town10HD_Opt,2026-03-05 11:58:39.998084,-1.188324213027954,70.01615142822266,0.0019756315741688,38.73,0.653,0.499,0.0,0,0,1,,1.0,2026-03-05T11:58:39.998084,neutral,1.0,2026-03-05T11:58:39.073510,0.483,2026-03-05T11:58:39.334000,65,,,
participant_01,2,day,Town10HD_Opt,2026-03-05 11:58:40.963808,5.496570110321045,69.7731704711914,0.0022314072120934,35.089,0.04,0.0,0.0,0,0,1,,1.0,2026-03-05T11:58:40.963808,neutral,1.0,2026-03-05T11:58:39.073510,0.483,2026-03-05T11:58:40.324000,64,,,
participant_01,2,day,Town10HD_Opt,2026-03-05 11:58:41.928612,10.978073120117188,69.5953598022461,0.0022961043287068,27.053,0.75,0.0,0.0,0,0,1,,1.0,2026-03-05T11:58:41.928612,neutral,0.998,2026-03-05T11:58:41.928612,0.483,2026-03-05T11:58:41.404000,63,,,
participant_01,2,day,Town10HD_Opt,2026-03-05 11:58:42.894419,15.16344165802002,69.53824615478516,0.0022607040591537,19.932,0.646,0.0,0.052,0,0,1,,1.0,2026-03-05T11:58:42.894419,neutral,0.998,2026-03-05T11:58:41.928612,0.483,2026-03-05T11:58:42.304000,63,,,
participant_01,2,day,Town10HD_Opt,2026-03-05 11:58:43.858462,18.28743934631348,69.53801727294922,0.0020268631633371,14.995,0.646,0.0,0.072,0,0,1,,1.0,2026-03-05T11:58:43.858462,neutral,0.998,2026-03-05T11:58:41.928612,0.483,2026-03-05T11:58:43.250000,63,,,
participant_01,2,day,Town10HD_Opt,2026-03-05 11:58:45.127754,21.260501861572266,69.57035827636719,0.0020327377133071,10.192,0.62,0.0,0.037,0,0,1,,1.0,2026-03-05T11:58:45.127754,neutral,0.979,2026-03-05T11:58:45.127754,0.483,2026-03-05T11:58:44.284000,63,,,
participant_01,2,day,Town10HD_Opt,2026-03-05 11:58:46.133104,22.80422592163086,69.59928894042969,0.0020133589860051,7.259,0.618,0.0,0.044,0,0,1,,1.0,2026-03-05T11:58:46.133104,neutral,0.979,2026-03-05T11:58:45.127754,0.483,2026-03-05T11:58:45.278000,63,,,
participant_01,2,day,Town10HD_Opt,2026-03-05 11:58:47.118235,23.812973022460938,69.62203979492188,0.0022953413426876,0.0,0.618,0.0,0.04,0,0,1,,1.0,2026-03-05T11:58:47.118235,neutral,0.979,2026-03-05T11:58:45.127754,0.483,2026-03-05T11:58:46.399000,64,,,
participant_01,2,day,Town10HD_Opt,2026-03-05 11:58:48.151193,23.818639755249023,69.62217712402344,0.0019294356461614,0.605,0.618,0.657,0.0,0,0,1,,1.0,2026-03-05T11:58:48.151193,neutral,0.998,2026-03-05T11:58:48.151193,0.525,2026-03-05T11:58:47.436000,64,,,
participant_01,2,day,Town10HD_Opt,2026-03-05 11:58:49.057009,24.733428955078125,69.6476821899414,0.0015630340203642,11.236,0.618,0.632,0.0,0,0,1,,1.0,2026-03-05T11:58:49.057009,neutral,0.998,2026-03-05T11:58:48.151193,0.568,2026-03-05T11:58:48.248000,64,,,
participant_01,2,day,Town10HD_Opt,2026-03-05 11:58:50.002816,27.186248779296875,69.71173095703125,0.0017878722865134,16.127,-2.41,0.373,0.0,0,0,1,,1.0,2026-03-05T11:58:50.002816,neutral,0.998,2026-03-05T11:58:48.151193,0.61,2026-03-05T11:58:49.235000,64,,,
participant_01,2,day,Town10HD_Opt,2026-03-05 11:58:50.958679,30.191869735717773,69.56603240966797,0.002067451365292,18.286,-7.813,0.355,0.0,0,0,1,,1.0,2026-03-05T11:58:50.958679,neutral,0.99,2026-03-05T11:58:50.958679,0.638,2026-03-05T11:58:50.228000,63,,,
participant_01,2,day,Town10HD_Opt,2026-03-05 11:58:51.906317,33.3543815612793,68.9903564453125,0.0019603348337113,20.379,-8.942,0.986,0.0,0,0,1,,1.0,2026-03-05T11:58:51.906317,neutral,0.99,2026-03-05T11:58:50.958679,0.667,2026-03-05T11:58:51.260000,63,,,
participant_01,2,day,Town10HD_Opt,2026-03-05 11:58:53.105332,39.64154815673828,66.03275299072266,0.0015821075066924,40.813,-16.637,0.99,0.0,0,0,1,,1.0,2026-03-05T11:58:53.105332,neutral,0.988,2026-03-05T11:58:53.105332,0.682,2026-03-05T11:58:52.205000,62,,,
participant_01,2,day,Town10HD_Opt,2026-03-05 11:58:54.050380,44.44182205200195,59.57305908203125,0.0014985656598582,51.213,-12.468,0.0,0.126,0,0,1,,1.0,2026-03-05T11:58:54.050380,neutral,0.988,2026-03-05T11:58:53.105332,0.684,2026-03-05T11:58:53.269000,61,,,errors=Vehicle-pedestrian collision
participant_01,2,day,Town10HD_Opt,2026-03-05 11:58:54.947627,45.89402389526367,51.49143600463867,0.0023434448521584,41.377,-4.879,0.0,0.222,0,0,1,,1.0,2026-03-05T11:58:54.947627,neutral,0.988,2026-03-05T11:58:53.105332,0.686,2026-03-05T11:58:54.274000,61,,,
participant_01,2,day,Town10HD_Opt,2026-03-05 11:58:56.113240,45.27631759643555,43.40645599365234,0.0023227690253406,28.358,3.16,0.0,0.0,0,0,1,,1.0,2026-03-05T11:58:56.113240,neutral,1.0,2026-03-05T11:58:56.113240,0.687,2026-03-05T11:58:55.310000,61,,,
participant_01,2,day,Town10HD_Opt,2026-03-05 11:58:56.991516,45.17548370361328,38.85730743408203,0.0021012497600167,25.082,5.652,0.453,0.0,0,0,1,,1.0,2026-03-05T11:58:56.991516,neutral,1.0,2026-03-05T11:58:56.113240,0.689,2026-03-05T11:58:56.209000,61,,,
participant_01,2,day,Town10HD_Opt,2026-03-05 11:58:57.914759,45.9063720703125,34.4398078918457,0.0020470046438276,26.11,19.712,0.415,0.0,0,0,1,,1.0,2026-03-05T11:58:57.914759,neutral,1.0,2026-03-05T11:58:56.113240,0.648,2026-03-05T11:58:57.289000,61,,,
participant_01,2,day,Town10HD_Opt,2026-03-05 11:58:58.857469,48.42112350463867,30.663291931152344,0.0020793532021343,26.651,22.686,0.519,0.0,0,0,1,,1.0,2026-03-05T11:58:58.857469,neutral,0.989,2026-03-05T11:58:58.857469,0.608,2026-03-05T11:58:58.234000,61,,,
participant_01,2,day,Town10HD_Opt,2026-03-05 11:59:00.078758,54.30816268920898,27.58519554138184,0.0019444655627012,31.242,6.419,0.51,0.0,0,0,1,,1.0,2026-03-05T11:59:00.078758,neutral,0.989,2026-03-05T11:58:58.857469,0.567,2026-03-05T11:58:59.269000,61,,,
participant_01,2,day,Town10HD_Opt,2026-03-05 11:59:00.957554,59.76647186279297,26.18627166748047,0.0019843291956931,33.484,6.884,0.681,0.0,0,0,1,,1.0,2026-03-05T11:59:00.957554,neutral,0.987,2026-03-05T11:59:00.957554,0.554,2026-03-05T11:59:00.214000,62,,,
participant_01,2,day,Town10HD_Opt,2026-03-05 11:59:01.870701,66.45782470703125,25.662960052490234,0.0016012954292818,45.943,3.648,0.967,0.0,0,0,1,,1.0,2026-03-05T11:59:01.870701,neutral,0.987,2026-03-05T11:59:00.957554,0.54,2026-03-05T11:59:01.204000,62,,,
participant_01,2,day,Town10HD_Opt,2026-03-05 11:59:03.024323,78.00995635986328,26.05387306213379,0.002093200571835,49.284,-0.357,0.796,0.0,0,0,1,,1.0,2026-03-05T11:59:03.024323,neutral,0.998,2026-03-05T11:59:03.024323,0.554,2026-03-05T11:59:02.237000,63,,,
participant_01,2,day,Town10HD_Opt,2026-03-05 11:59:03.906889,86.76494598388672,26.33601951599121,0.0040339659899473,48.512,-4.393,0.509,0.0,0,0,1,,1.0,2026-03-05T11:59:03.906889,neutral,0.998,2026-03-05T11:59:03.024323,0.594,2026-03-05T11:59:03.365000,64,,,
participant_01,2,day,Town10HD_Opt,2026-03-05 11:59:05.075457,97.42963409423828,23.89350700378418,0.0021292113233357,46.021,-16.381,0.465,0.0,0,0,1,,1.0,2026-03-05T11:59:05.075457,neutral,1.0,2026-03-05T11:59:05.075457,0.648,2026-03-05T11:59:04.219000,65,,,
participant_01,2,day,Town10HD_Opt,2026-03-05 11:59:06.003791,102.69915008544922,18.09329605102539,0.0021546555217355,44.344,-6.18,0.321,0.0,0,0,1,,1.0,2026-03-05T11:59:06.003791,neutral,1.0,2026-03-05T11:59:05.075457,0.716,2026-03-05T11:59:05.211000,66,,,
participant_01,2,day,Town10HD_Opt,2026-03-05 11:59:06.858640,105.87483215332033,11.3076171875,0.0020714187994599,41.037,-4.171,0.322,0.0,0,0,1,,1.0,2026-03-05T11:59:06.858640,neutral,1.0,2026-03-05T11:59:05.075457,0.77,2026-03-05T11:59:06.380000,65,,,
participant_01,2,day,Town10HD_Opt,2026-03-05 11:59:08.064248,108.43348693847656,2.515019416809082,0.0021270369179546,37.465,-3.412,0.329,0.0,0,0,1,,1.0,2026-03-05T11:59:08.064248,neutral,0.964,2026-03-05T11:59:08.064248,0.824,2026-03-05T11:59:07.234000,65,,,
participant_01,2,day,Town10HD_Opt,2026-03-05 11:59:08.937710,109.38117218017578,-3.866060495376587,0.0019956587348133,37.505,-3.664,0.761,0.0,0,0,1,,0.828,2026-03-05T11:59:08.937710,neutral,0.964,2026-03-05T11:59:08.064248,0.864,2026-03-05T11:59:08.629000,64,,,
participant_01,2,day,Town10HD_Opt,2026-03-05 11:59:10.044317,109.48348999023438,-13.81802749633789,0.0017116927774623,51.068,-1.814,0.0,0.107,0,0,1,,1.0,2026-03-05T11:59:10.044317,neutral,0.964,2026-03-05T11:59:08.064248,0.891,2026-03-05T11:59:09.574000,63,,,
participant_01,2,day,Town10HD_Opt,2026-03-05 11:59:10.919013,108.63858032226562,-22.645097732543945,0.0021734619513154,49.107,-1.659,0.99,0.0,0,0,1,,1.0,2026-03-05T11:59:10.919013,neutral,0.998,2026-03-05T11:59:10.919013,0.905,2026-03-05T11:59:10.212000,63,,,
participant_01,2,day,Town10HD_Opt,2026-03-05 11:59:12.044023,106.1808090209961,-33.945220947265625,0.0019665146246552,50.427,-4.615,0.882,0.0,0,0,1,,1.0,2026-03-05T11:59:12.044023,neutral,0.998,2026-03-05T11:59:10.919013,0.918,2026-03-05T11:59:11.240000,63,,,
participant_01,2,day,Town10HD_Opt,2026-03-05 11:59:12.887477,102.67327117919922,-42.06317901611328,0.0021558380685746,49.078,-3.328,0.791,0.0,0,0,1,,1.0,2026-03-05T11:59:12.887477,neutral,0.998,2026-03-05T11:59:10.919013,0.932,2026-03-05T11:59:12.230000,64,,,
participant_01,2,day,Town10HD_Opt,2026-03-05 11:59:14.031984,96.20502471923828,-51.6884651184082,0.0019869613461196,50.504,-6.26,0.758,0.0,0,0,1,,1.0,2026-03-05T11:59:14.031984,neutral,0.983,2026-03-05T11:59:14.031984,0.932,2026-03-05T11:59:13.264000,64,,,
participant_01,2,day,Town10HD_Opt,2026-03-05 11:59:14.905434,89.70213317871094,-57.32406997680664,0.0020846556872129,48.445,-5.879,0.591,0.0,0,0,1,,1.0,2026-03-05T11:59:14.905434,neutral,0.983,2026-03-05T11:59:14.031984,0.918,2026-03-05T11:59:14.210000,64,,,
participant_01,2,day,Town10HD_Opt,2026-03-05 11:59:16.100952,79.353759765625,-62.344970703125,0.002021636813879,50.052,-4.261,0.51,0.0,0,0,1,,1.0,2026-03-05T11:59:16.100952,neutral,0.68,2026-03-05T11:59:16.100952,0.891,2026-03-05T11:59:15.201000,64,,,
participant_01,2,day,Town10HD_Opt,2026-03-05 11:59:16.989699,70.8547592163086,-64.43563842773438,0.0020460509695112,50.045,-4.317,0.497,0.0,0,0,1,,1.0,2026-03-05T11:59:16.989699,neutral,0.68,2026-03-05T11:59:16.100952,0.878,2026-03-05T11:59:16.235000,64,,,
participant_01,2,day,Town10HD_Opt,2026-03-05 11:59:17.875408,62.14619445800781,-65.10042572021484,0.0020481871906667,49.863,-0.696,0.492,0.0,0,0,1,,1.0,2026-03-05T11:59:17.875408,neutral,0.68,2026-03-05T11:59:16.100952,0.851,2026-03-05T11:59:17.315000,63,,,
participant_01,2,day,Town10HD_Opt,2026-03-05 11:59:19.113160,50.54356002807617,-65.33110046386719,0.0020500181708484,49.56,-0.108,0.486,0.0,0,0,1,,1.0,2026-03-05T11:59:19.113160,neutral,0.982,2026-03-05T11:59:19.113160,0.837,2026-03-05T11:59:18.350000,63,,,
participant_01,2,day,Town10HD_Opt,2026-03-05 11:59:20.029467,41.89413070678711,-65.54497528076172,0.0020505141001194,49.296,-0.2,0.485,0.0,0,0,1,,1.0,2026-03-05T11:59:20.029467,neutral,0.982,2026-03-05T11:59:19.113160,0.837,2026-03-05T11:59:19.250000,63,,,
participant_01,2,day,Town10HD_Opt,2026-03-05 11:59:20.962466,33.28886032104492,-65.69174194335938,0.0020502090919762,49.042,-0.209,0.484,0.0,0,0,1,,1.0,2026-03-05T11:59:20.962466,neutral,0.982,2026-03-05T11:59:19.113160,0.837,2026-03-05T11:59:20.285000,63,,,
participant_01,2,day,Town10HD_Opt,2026-03-05 11:59:21.881413,24.76774787902832,-65.76266479492188,0.0020824430976063,48.012,-0.28,0.433,0.0,0,0,1,,1.0,2026-03-05T11:59:21.881413,neutral,0.984,2026-03-05T11:59:21.881413,0.837,2026-03-05T11:59:21.230000,63,,,
participant_01,2,day,Town10HD_Opt,2026-03-05 11:59:23.056091,14.494877815246582,-65.7260971069336,0.002362098544836,37.262,-0.275,0.0,0.0,0,0,1,,1.0,2026-03-05T11:59:23.056091,neutral,0.984,2026-03-05T11:59:21.881413,0.824,2026-03-05T11:59:22.444000,63,,,
participant_01,2,day,Town10HD_Opt,2026-03-05 11:59:23.907206,8.673579216003418,-65.64204406738281,0.002309989882633,28.786,-0.068,0.0,0.0,0,0,1,,1.0,2026-03-05T11:59:23.907206,neutral,0.957,2026-03-05T11:59:23.907206,0.81,2026-03-05T11:59:23.390000,63,,,
participant_01,2,day,Town10HD_Opt,2026-03-05 11:59:25.132784,2.9709115028381348,-65.55498504638672,0.0022455595899373,19.936,0.233,0.099,0.0,0,0,1,,1.0,2026-03-05T11:59:25.132784,neutral,0.957,2026-03-05T11:59:23.907206,0.797,2026-03-05T11:59:24.290000,63,,,
participant_01,2,day,Town10HD_Opt,2026-03-05 11:59:26.037117,-0.2686531841754913,-65.52167510986328,0.0018666075775399,17.627,0.242,0.161,0.0,0,0,1,,1.0,2026-03-05T11:59:26.037117,neutral,0.995,2026-03-05T11:59:26.037117,0.783,2026-03-05T11:59:25.243000,63,,,
participant_01,2,day,Town10HD_Opt,2026-03-05 11:59:26.976207,-3.281399726867676,-65.50485229492188,0.0019070815760642,17.538,0.24,0.36,0.0,0,0,1,,1.0,2026-03-05T11:59:26.976207,neutral,0.995,2026-03-05T11:59:26.037117,0.756,2026-03-05T11:59:26.224000,62,,,
participant_01,2,day,Town10HD_Opt,2026-03-05 11:59:27.858506,-6.429905891418457,-65.49793243408203,0.0020627593621611,18.076,0.155,0.33,0.0,0,0,1,,1.0,2026-03-05T11:59:27.858506,neutral,0.995,2026-03-05T11:59:26.037117,0.743,2026-03-05T11:59:27.215000,62,,,
participant_01,2,day,Town10HD_Opt,2026-03-05 11:59:29.066554,-10.672691345214844,-65.49989318847656,0.002023200970143,18.083,0.063,0.109,0.0,0,0,1,,1.0,2026-03-05T11:59:29.066554,neutral,0.991,2026-03-05T11:59:29.066554,0.716,2026-03-05T11:59:28.250000,61,,,
participant_01,2,day,Town10HD_Opt,2026-03-05 11:59:29.914822,-13.668773651123049,-65.50391387939453,0.0020169448107481,15.092,-0.016,0.0,0.0,0,0,1,,1.0,2026-03-05T11:59:29.914822,neutral,0.991,2026-03-05T11:59:29.066554,0.689,2026-03-05T11:59:29.375000,61,,,
participant_01,2,day,Town10HD_Opt,2026-03-05 11:59:31.097348,-16.672637939453125,-65.50801849365234,0.0020219420548528,10.549,0.002,0.0,0.018,0,0,1,,1.0,2026-03-05T11:59:31.097348,neutral,0.999,2026-03-05T11:59:31.097348,0.662,2026-03-05T11:59:30.590000,61,,,
participant_01,2,day,Town10HD_Opt,2026-03-05 11:59:31.972734,-18.26116752624512,-65.51024627685547,0.0020143126603215,7.46,0.002,0.0,0.053,0,0,1,,1.0,2026-03-05T11:59:31.972734,neutral,0.999,2026-03-05T11:59:31.097348,0.668,2026-03-05T11:59:31.222000,62,,,
participant_01,2,day,Town10HD_Opt,2026-03-05 11:59:33.092449,-19.503204345703125,-65.51204681396484,0.0023023223038762,0.229,0.002,0.0,0.0,0,0,1,,1.0,2026-03-05T11:59:33.092449,neutral,0.999,2026-03-05T11:59:31.097348,0.678,2026-03-05T11:59:32.210000,63,,,
participant_01,2,day,Town10HD_Opt,2026-03-05 11:59:33.935607,-19.54104995727539,-65.51204681396484,0.001928215031512,0.254,0.002,0.0,0.0,0,0,1,,1.0,2026-03-05T11:59:33.935607,neutral,0.993,2026-03-05T11:59:33.935607,0.689,2026-03-05T11:59:33.380000,63,,,
participant_01,2,day,Town10HD_Opt,2026-03-05 11:59:35.112044,-19.59105491638184,-65.51204681396484,0.0019207381410524,0.177,0.002,0.0,0.0,0,0,1,,1.0,2026-03-05T11:59:35.112044,neutral,0.993,2026-03-05T11:59:33.935607,0.703,2026-03-05T11:59:34.281000,63,,,
participant_01,2,day,Town10HD_Opt,2026-03-05 11:59:35.948631,-20.02985191345215,-65.51268768310547,0.0014955138321965,9.554,0.002,1.0,0.0,0,0,1,,1.0,2026-03-05T11:59:35.948631,neutral,0.988,2026-03-05T11:59:35.948631,0.72,2026-03-05T11:59:35.270000,62,,,
participant_01,2,day,Town10HD_Opt,2026-03-05 11:59:37.070497,-24.41453742980957,-65.55168914794922,0.0015613173600286,29.503,0.693,1.0,0.0,0,0,1,,1.0,2026-03-05T11:59:37.070497,neutral,0.988,2026-03-05T11:59:35.948631,0.75,2026-03-05T11:59:36.261000,61,,,
participant_01,2,day,Town10HD_Opt,2026-03-05 11:59:37.924094,-30.851730346679688,-65.7247314453125,0.0015395736554637,45.125,0.526,1.0,0.0,0,0,1,,1.0,2026-03-05T11:59:37.924094,neutral,0.988,2026-03-05T11:59:35.948631,0.781,2026-03-05T11:59:37.520000,61,,,
participant_01,2,day,Town10HD_Opt,2026-03-05 11:59:39.114100,-42.40032196044922,-66.26886749267578,0.0021879577543586,48.879,0.08,0.994,0.0,0,0,1,,1.0,2026-03-05T11:59:39.114100,neutral,0.988,2026-03-05T11:59:39.114100,0.82,2026-03-05T11:59:38.375000,61,,,
participant_01,2,day,Town10HD_Opt,2026-03-05 11:59:39.984017,-51.26269912719727,-66.76248168945312,0.0020346832461655,48.591,-0.221,0.986,0.0,0,0,1,,1.0,2026-03-05T11:59:39.984017,neutral,0.988,2026-03-05T11:59:39.114100,0.856,2026-03-05T11:59:39.455000,61,,,
participant_01,2,day,Town10HD_Opt,2026-03-05 11:59:41.046051,-62.92571258544922,-67.29655456542969,0.002147254999727,48.737,-1.144,0.973,0.0,0,0,1,,1.0,2026-03-05T11:59:41.046051,neutral,0.988,2026-03-05T11:59:39.114100,0.892,2026-03-05T11:59:40.265000,61,,,
participant_01,2,day,Town10HD_Opt,2026-03-05 11:59:41.886085,-71.69696044921875,-67.11225128173828,0.0022243116982281,48.011,-6.014,0.96,0.0,0,0,1,,1.0,2026-03-05T11:59:41.886085,neutral,0.981,2026-03-05T11:59:41.886085,0.89,2026-03-05T11:59:41.256000,61,,,
participant_01,2,day,Town10HD_Opt,2026-03-05 11:59:43.015209,-82.97091674804688,-64.18118286132812,0.0021557998843491,49.135,-3.207,0.979,0.0,0,0,1,,1.0,2026-03-05T11:59:43.015209,neutral,0.981,2026-03-05T11:59:41.886085,0.886,2026-03-05T11:59:42.379000,62,,,
participant_01,2,day,Town10HD_Opt,2026-03-05 11:59:43.871150,-90.92937469482422,-60.241458892822266,0.0022374724503606,48.436,-4.534,0.975,0.0,0,0,1,,1.0,2026-03-05T11:59:43.871150,neutral,0.981,2026-03-05T11:59:41.886085,0.88,2026-03-05T11:59:43.280000,62,,,
participant_01,2,day,Town10HD_Opt,2026-03-05 11:59:45.044567,-99.72068786621094,-52.73151397705078,0.0020535278599709,50.047,-6.417,0.954,0.0,0,0,1,,1.0,2026-03-05T11:59:45.044567,neutral,0.73,2026-03-05T11:59:45.044567,0.871,2026-03-05T11:59:44.315000,62,,,
participant_01,2,day,Town10HD_Opt,2026-03-05 11:59:45.932853,-104.41162109375,-45.35624313354492,0.0020930098835378,49.116,-3.886,0.939,0.0,0,0,1,,1.0,2026-03-05T11:59:45.932853,neutral,0.73,2026-03-05T11:59:45.044567,0.86,2026-03-05T11:59:45.214000,62,,,
participant_01,2,day,Town10HD_Opt,2026-03-05 11:59:47.097985,-108.58953094482422,-34.480037689208984,0.0018844222649931,51.649,-4.07,0.0,0.148,0,0,1,,1.0,2026-03-05T11:59:47.097985,neutral,0.736,2026-03-05T11:59:47.097985,0.848,2026-03-05T11:59:46.297000,62,,,
participant_01,2,day,Town10HD_Opt,2026-03-05 11:59:48.051321,-110.11576080322266,-25.83438491821289,0.0019031906267628,51.468,-3.459,0.0,0.147,0,0,1,,1.0,2026-03-05T11:59:48.051321,neutral,0.736,2026-03-05T11:59:47.097985,0.837,2026-03-05T11:59:47.375000,62,,,
participant_01,2,day,Town10HD_Opt,2026-03-05 11:59:48.990897,-110.4317626953125,-17.06549072265625,0.0018895721295848,51.801,-0.141,0.0,0.18,0,0,1,,1.0,2026-03-05T11:59:48.990897,neutral,0.736,2026-03-05T11:59:47.097985,0.829,2026-03-05T11:59:48.230000,62,,,
participant_01,2,day,Town10HD_Opt,2026-03-05 11:59:49.912190,-110.49827575683594,-8.296730995178223,0.0019414901034906,50.77,0.761,0.0,0.103,0,0,1,,1.0,2026-03-05T11:59:49.912190,neutral,0.941,2026-03-05T11:59:49.912190,0.826,2026-03-05T11:59:49.220000,62,,,
participant_01,2,day,Town10HD_Opt,2026-03-05 11:59:51.140577,-110.80023956298828,2.809173822402954,0.0022198485676199,43.781,-2.118,0.083,0.0,0,0,1,,1.0,2026-03-05T11:59:51.140577,neutral,0.941,2026-03-05T11:59:49.912190,0.822,2026-03-05T11:59:50.255000,62,,,
participant_01,2,day,Town10HD_Opt,2026-03-05 11:59:52.117237,-110.5102310180664,9.729766845703123,0.0023487852886319,34.426,-5.773,0.0,0.0,0,0,1,,1.0,2026-03-05T11:59:52.117237,neutral,0.996,2026-03-05T11:59:52.117237,0.822,2026-03-05T11:59:51.425000,61,,,
participant_01,2,day,Town10HD_Opt,2026-03-05 11:59:53.018096,-109.3998794555664,14.968233108520508,0.002310981741175,26.718,-9.861,0.0,0.0,0,0,1,,1.0,2026-03-05T11:59:53.018096,neutral,0.996,2026-03-05T11:59:52.117237,0.822,2026-03-05T11:59:52.238000,61,,,
participant_01,2,day,Town10HD_Opt,2026-03-05 11:59:53.901196,-107.67105102539062,18.6297607421875,0.0022671127226203,19.659,-11.318,0.0,0.0,0,0,1,,1.0,2026-03-05T11:59:53.901196,neutral,0.996,2026-03-05T11:59:52.117237,0.822,2026-03-05T11:59:53.315000,61,,,
participant_01,2,day,Town10HD_Opt,2026-03-05 11:59:54.917003,-105.79155731201172,21.159103393554688,0.0019943618681281,18.911,-6.35,0.822,0.0,0,0,1,,1.0,2026-03-05T11:59:54.917003,neutral,0.78,2026-03-05T11:59:54.917003,0.822,2026-03-05T11:59:54.305000,61,,,
participant_01,2,day,Town10HD_Opt,2026-03-05 11:59:55.888635,-103.20694732666016,23.95134162902832,0.0018148040398955,25.631,-6.509,0.355,0.0,0,0,1,,1.0,2026-03-05T11:59:55.888635,neutral,0.78,2026-03-05T11:59:54.917003,0.822,2026-03-05T11:59:55.296000,61,,,
participant_01,2,day,Town10HD_Opt,2026-03-05 11:59:57.161240,-98.58800506591795,27.1010971069336,0.002261581365019,20.228,-18.274,0.0,0.048,0,0,1,,1.0,2026-03-05T11:59:57.161240,neutral,0.95,2026-03-05T11:59:57.161240,0.822,2026-03-05T11:59:56.241000,61,,,
participant_01,2,day,Town10HD_Opt,2026-03-05 11:59:57.872343,-96.68315887451172,27.67273330688477,0.0023987197782844,8.671,-12.92,0.0,0.12,0,0,1,,1.0,2026-03-05T11:59:57.872343,neutral,0.95,2026-03-05T11:59:57.161240,0.822,2026-03-05T11:59:57.230000,62,,,
participant_01,2,day,Town10HD_Opt,2026-03-05 11:59:58.883774,-96.39871978759766,27.73311996459961,0.0020159911364316,0.024,-6.609,0.0,0.0,0,0,1,,1.0,2026-03-05T11:59:58.883774,neutral,0.95,2026-03-05T11:59:57.161240,0.822,2026-03-05T11:59:58.310000,63,,,
participant_01,5,day,Town10HD_Opt,2026-03-05 12:00:00.000000,-41.66858673095703,89.7454833984375,0.580491840839386,19.479,0.945,0.498,0.0,0,0,1,,1.0,2026-03-05T12:00:00,,,2026-03-05T12:00:00,0.6726831149141117,2026-03-05T12:00:00,63,,,
participant_01,2,day,Town10HD_Opt,2026-03-05 12:00:00.130274,-96.39815521240234,27.73320960998535,0.001918182359077,0.138,-9.842,0.136,0.0,0,0,1,,1.0,2026-03-05T12:00:00.130274,neutral,0.957,2026-03-05T12:00:00.130274,0.822,2026-03-05T11:59:59.300000,63,,,
participant_01,2,day,Town10HD_Opt,2026-03-05 12:00:01.105612,-96.33077239990234,27.7409896850586,0.0018422699067741,1.752,-11.827,0.293,0.0,0,0,1,,1.0,2026-03-05T12:00:01.105612,neutral,0.957,2026-03-05T12:00:00.130274,0.822,2026-03-05T12:00:00.248000,64,,,
participant_01,2,day,Town10HD_Opt,2026-03-05 12:00:02.077801,-95.8106918334961,27.78276824951172,0.0018621062627062,3.992,-14.692,0.178,0.0,0,0,1,,1.0,2026-03-05T12:00:02.077801,neutral,0.957,2026-03-05T12:00:00.130274,0.822,2026-03-05T12:00:01.281000,64,,,
participant_01,2,day,Town10HD_Opt,2026-03-05 12:00:03.009830,-95.0433578491211,27.804298400878903,0.0019198226509615,4.377,-10.571,0.0,0.0,0,0,1,,1.0,2026-03-05T12:00:03.009830,neutral,0.953,2026-03-05T12:00:03.009830,0.822,2026-03-05T12:00:02.225000,64,,,
participant_01,2,day,Town10HD_Opt,2026-03-05 12:00:03.958043,-94.361083984375,27.83086585998535,0.00194980611559,3.375,-1.657,0.0,0.0,0,0,1,,1.0,2026-03-05T12:00:03.958043,neutral,0.953,2026-03-05T12:00:03.009830,0.822,2026-03-05T12:00:03.215000,64,,,
participant_01,5,day,Town10HD_Opt,2026-03-05 12:00:04.556365,-41.69210815429688,84.68925476074219,0.0019663241691887,19.859,1.434,0.498,0.0,0,0,1,,0.896,2026-03-05T12:00:04.556365,,,2026-03-05T12:00:04.556365,0.660203105361056,,61,,,
participant_01,2,day,Town10HD_Opt,2026-03-05 12:00:04.914485,-93.83670806884766,27.8572940826416,0.0019438933813944,2.59,-4.162,0.0,0.0,0,0,1,,1.0,2026-03-05T12:00:04.914485,neutral,0.953,2026-03-05T12:00:03.009830,0.822,2026-03-05T12:00:04.250000,63,,,
participant_01,5,day,Town10HD_Opt,2026-03-05 12:00:05.213923,-41.62057876586914,82.25509643554688,0.0019235233776271,22.377,4.473,0.523,0.0,0,0,1,,0.931,2026-03-05T12:00:05.213923,,,2026-03-05T12:00:04.556365,0.6925128429061,2026-03-05T12:00:04.996000,62,,,
participant_01,2,day,Town10HD_Opt,2026-03-05 12:00:06.136801,-93.32176208496094,27.873544692993164,0.0019364166073501,1.821,-4.001,0.0,0.0,0,0,1,,1.0,2026-03-05T12:00:06.136801,neutral,1.0,2026-03-05T12:00:06.136801,0.822,2026-03-05T12:00:05.330000,64,,,
participant_01,5,day,Town10HD_Opt,2026-03-05 12:00:06.272147,-41.00567626953125,78.08563232421875,0.0019285206217318,26.257,12.68,0.523,0.0,0,0,1,,0.839,2026-03-05T12:00:06.272147,,,2026-03-05T12:00:04.556365,0.6549245305287393,2026-03-05T12:00:06.031000,63,,,
participant_01,5,day,Town10HD_Opt,2026-03-05 12:00:06.988639,-39.84243774414063,75.14991760253906,0.0019607164431363,28.408,17.448,0.507,0.0,0,0,1,,0.875,2026-03-05T12:00:06.988639,happy,0.641,2026-03-05T12:00:06.988639,0.7322280241012398,2026-03-05T12:00:06.975000,63,,,
participant_01,2,day,Town10HD_Opt,2026-03-05 12:00:07.102357,-93.03865814208984,27.88001251220703,0.0019324492895975,1.398,-4.011,0.0,0.0,0,0,1,,1.0,2026-03-05T12:00:07.102357,neutral,1.0,2026-03-05T12:00:06.136801,0.822,2026-03-05T12:00:06.411000,65,,,
participant_01,5,day,Town10HD_Opt,2026-03-05 12:00:08.028204,-36.43779373168945,71.36238098144531,0.0020423887763172,30.178,21.066,0.229,0.0,0,0,1,,0.909,2026-03-05T12:00:08.028204,happy,0.641,2026-03-05T12:00:06.988639,0.6841589090629377,2026-03-05T12:00:07.965000,61,,,
participant_01,2,day,Town10HD_Opt,2026-03-05 12:00:08.136401,-92.8213882446289,27.883695602416992,0.0019293593941256,1.073,-3.943,0.0,0.0,0,0,1,,1.0,2026-03-05T12:00:08.136401,neutral,1.0,2026-03-05T12:00:06.136801,0.822,2026-03-05T12:00:07.266000,65,,,
participant_01,5,day,Town10HD_Opt,2026-03-05 12:00:09.023183,-31.97286796569824,69.71484375,0.0022974386811256,23.924,13.071,0.007,0.0,0,0,1,,0.886,2026-03-05T12:00:09.023183,neutral,0.754,2026-03-05T12:00:09.023183,0.7282777251886748,2026-03-05T12:00:09.001000,64,,,
participant_01,2,day,Town10HD_Opt,2026-03-05 12:00:09.110420,-92.65528869628906,27.8867301940918,0.0019308852497488,0.717,-2.642,0.103,0.0,0,0,1,,1.0,2026-03-05T12:00:09.110420,neutral,0.994,2026-03-05T12:00:09.110420,0.822,2026-03-05T12:00:08.347000,65,,,
participant_01,5,day,Town10HD_Opt,2026-03-05 12:00:10.029450,-28.131872177124023,69.48541259765625,0.0020796202588826,21.617,3.346,0.562,0.0,0,0,1,,1.0,2026-03-05T12:00:10.029450,neutral,0.754,2026-03-05T12:00:09.023183,0.7316043123355664,2026-03-05T12:00:09.991000,67,,,
participant_01,2,day,Town10HD_Opt,2026-03-05 12:00:10.122925,-92.1551742553711,27.89859962463379,0.0015985870268195,8.345,-0.98,0.856,0.0,0,0,1,,1.0,2026-03-05T12:00:10.122925,neutral,0.994,2026-03-05T12:00:09.110420,0.82,2026-03-05T12:00:09.245000,65,,,
participant_01,5,day,Town10HD_Opt,2026-03-05 12:00:11.001731,-24.020187377929688,69.49532318115234,0.0019007114460691,25.989,1.083,0.543,0.0,0,0,1,,0.841,2026-03-05T12:00:11.001731,neutral,0.754,2026-03-05T12:00:09.023183,0.6754032890329293,2026-03-05T12:00:10.980000,67,,,
participant_01,2,day,Town10HD_Opt,2026-03-05 12:00:11.141342,-89.66814422607422,27.95488739013672,0.0018820952391251,18.368,-1.008,0.412,0.0,0,0,1,,1.0,2026-03-05T12:00:11.141342,neutral,0.962,2026-03-05T12:00:11.141342,0.82,2026-03-05T12:00:10.375000,65,,,
participant_01,2,day,Town10HD_Opt,2026-03-05 12:00:12.088879,-86.47209930419922,27.97361183166504,0.0018561935285106,17.469,-1.295,0.0,0.0,0,0,1,,1.0,2026-03-05T12:00:12.088879,neutral,0.962,2026-03-05T12:00:11.141342,0.818,2026-03-05T12:00:11.361000,65,,,
participant_01,5,day,Town10HD_Opt,2026-03-05 12:00:12.236099,-17.374366760253906,69.6451187133789,0.0019244388677179,31.148,-0.026,0.521,0.0,0,0,1,,1.0,2026-03-05T12:00:12.236099,neutral,0.626,2026-03-05T12:00:12.236099,0.6553674087399112,2026-03-05T12:00:11.970000,67,,,
participant_01,2,day,Town10HD_Opt,2026-03-05 12:00:13.020752,-83.737548828125,27.9432315826416,0.0020410155411809,13.488,0.188,0.0,0.0,0,0,1,,1.0,2026-03-05T12:00:13.020752,neutral,0.962,2026-03-05T12:00:11.141342,0.816,2026-03-05T12:00:12.530000,65,,,
participant_01,5,day,Town10HD_Opt,2026-03-05 12:00:13.167121,-11.78439998626709,69.7906494140625,0.002047958318144,31.881,-0.2,0.318,0.0,0,0,1,,0.828,2026-03-05T12:00:13.167121,neutral,0.626,2026-03-05T12:00:12.236099,0.7615845702382527,2026-03-05T12:00:13.005000,73,,,
participant_01,2,day,Town10HD_Opt,2026-03-05 12:00:14.013589,-81.63555908203125,27.93996238708496,0.0020180509891361,10.362,1.034,0.0,0.0,0,0,1,,1.0,2026-03-05T12:00:14.013589,neutral,0.998,2026-03-05T12:00:14.013589,0.815,2026-03-05T12:00:13.294000,65,,,
participant_01,5,day,Town10HD_Opt,2026-03-05 12:00:14.173638,-6.358992099761963,69.90387725830078,0.0021210857667028,29.668,-0.045,0.214,0.0,0,0,1,,0.912,2026-03-05T12:00:14.173638,neutral,0.626,2026-03-05T12:00:12.236099,0.6926166122153077,2026-03-05T12:00:13.998000,72,,,
participant_01,2,day,Town10HD_Opt,2026-03-05 12:00:14.972400,-80.02142333984375,27.95696258544922,0.0019953155424445,7.956,1.022,0.0,0.0,0,0,1,,1.0,2026-03-05T12:00:14.972400,neutral,0.998,2026-03-05T12:00:14.013589,0.815,2026-03-05T12:00:14.375000,65,,,
participant_01,5,day,Town10HD_Opt,2026-03-05 12:00:15.098656,-1.4475032091140747,69.996337890625,0.0021596902515739,26.009,-0.341,0.254,0.0,0,0,1,,0.897,2026-03-05T12:00:15.098656,neutral,0.685,2026-03-05T12:00:15.098656,0.7093025262182965,2026-03-05T12:00:14.986000,76,,,
participant_01,2,day,Town10HD_Opt,2026-03-05 12:00:15.942255,-78.7822494506836,27.97962188720703,0.0019776534754782,6.108,0.888,0.0,0.0,0,0,1,,1.0,2026-03-05T12:00:15.942255,neutral,0.998,2026-03-05T12:00:14.013589,0.817,2026-03-05T12:00:15.455000,65,,,
participant_01,5,day,Town10HD_Opt,2026-03-05 12:00:16.072680,2.9395172595977783,70.04229736328125,0.0021123883780092,23.957,-0.515,0.264,0.0,0,0,1,,0.895,2026-03-05T12:00:16.072680,neutral,0.685,2026-03-05T12:00:15.098656,0.7197271545623406,2026-03-05T12:00:15.976000,74,,,
participant_01,2,day,Town10HD_Opt,2026-03-05 12:00:16.863023,-78.16515350341797,27.99277305603028,0.0021456908434629,0.0,0.893,0.0,0.016,0,0,1,,1.0,2026-03-05T12:00:16.863023,neutral,0.996,2026-03-05T12:00:16.863023,0.821,2026-03-05T12:00:16.671000,65,,,
participant_01,5,day,Town10HD_Opt,2026-03-05 12:00:17.070297,6.995176792144775,70.04603576660156,0.0020938871894031,22.357,0.197,0.255,0.0,0,0,1,,1.0,2026-03-05T12:00:17.070297,neutral,0.685,2026-03-05T12:00:15.098656,0.6501605683805421,2026-03-05T12:00:16.966000,71,,,
participant_01,5,day,Town10HD_Opt,2026-03-05 12:00:18.031271,10.721563339233398,70.0591049194336,0.0021439739502966,19.567,0.228,0.0,0.0,0,0,1,,0.865,2026-03-05T12:00:18.031271,neutral,0.937,2026-03-05T12:00:18.031271,0.7208152190492664,2026-03-05T12:00:18,70,,,
participant_01,2,day,Town10HD_Opt,2026-03-05 12:00:18.098386,-78.16398620605469,27.99280548095703,0.001922111492604,0.004,0.898,0.0,0.0,0,0,1,,1.0,2026-03-05T12:00:18.098386,neutral,0.996,2026-03-05T12:00:16.863023,0.826,2026-03-05T12:00:17.255000,65,,,
participant_01,5,day,Town10HD_Opt,2026-03-05 12:00:19.032156,13.808796882629396,70.07781219482422,0.0019962687510997,15.738,0.068,0.067,0.0,0,0,1,,0.881,2026-03-05T12:00:19.032156,neutral,0.937,2026-03-05T12:00:18.031271,0.7092736350226564,2026-03-05T12:00:18.991000,75,,,
participant_01,2,day,Town10HD_Opt,2026-03-05 12:00:19.089742,-78.16368103027344,27.992807388305664,0.001919288537465,0.001,0.592,0.0,0.0,0,0,1,,1.0,2026-03-05T12:00:19.089742,neutral,0.998,2026-03-05T12:00:19.089742,0.832,2026-03-05T12:00:18.262000,64,,,
participant_01,2,day,Town10HD_Opt,2026-03-05 12:00:20.000251,-78.16364288330078,27.992807388305664,0.0019188689766451,0.006,0.583,0.0,0.0,0,0,1,,1.0,2026-03-05T12:00:20.000251,neutral,0.998,2026-03-05T12:00:19.089742,0.843,2026-03-05T12:00:19.236000,63,,,
participant_01,5,day,Town10HD_Opt,2026-03-05 12:00:20.025333,16.344589233398438,70.09612274169922,0.0020029065199196,13.087,0.099,0.067,0.0,0,0,1,,0.892,2026-03-05T12:00:20.025333,neutral,0.937,2026-03-05T12:00:18.031271,0.6815673456682952,2026-03-05T12:00:19.981000,75,,,
participant_01,2,day,Town10HD_Opt,2026-03-05 12:00:20.885905,-78.16368103027344,27.992807388305664,0.001918678288348,0.006,0.583,0.0,0.0,0,0,1,,1.0,2026-03-05T12:00:20.885905,neutral,0.998,2026-03-05T12:00:19.089742,0.854,2026-03-05T12:00:20.271000,64,,,
participant_01,5,day,Town10HD_Opt,2026-03-05 12:00:21.003423,18.46075820922852,70.11309051513672,0.0019866176880896,10.966,0.042,0.066,0.0,0,0,1,,0.962,2026-03-05T12:00:21.003423,neutral,0.821,2026-03-05T12:00:21.003423,0.6650471341829618,2026-03-05T12:00:20.971000,75,,,
participant_01,2,day,Town10HD_Opt,2026-03-05 12:00:21.850132,-78.16358947753906,27.992807388305664,0.0019189834129065,0.002,0.583,0.0,0.0,0,0,1,,1.0,2026-03-05T12:00:21.850132,neutral,0.995,2026-03-05T12:00:21.850132,0.861,2026-03-05T12:00:21.216000,64,,,
participant_01,5,day,Town10HD_Opt,2026-03-05 12:00:21.992582,20.23729133605957,70.12801361083984,0.0019747540354728,9.223,0.042,0.066,0.0,0,0,1,,0.936,2026-03-05T12:00:21.992582,neutral,0.821,2026-03-05T12:00:21.003423,0.7365439954947617,,71,,,
participant_01,5,day,Town10HD_Opt,2026-03-05 12:00:23.255783,22.194204330444336,70.14530944824219,0.0019496915629133,7.65,0.04,0.056,0.0,0,0,1,,0.893,2026-03-05T12:00:23.255783,neutral,0.919,2026-03-05T12:00:23.255783,0.7554170539042661,2026-03-05T12:00:22.995000,69,,,
participant_01,5,day,Town10HD_Opt,2026-03-05 12:00:24.242579,23.432716369628903,70.15670776367188,0.0019607541617006,6.373,0.04,0.059,0.0,0,0,1,,0.912,2026-03-05T12:00:24.242579,neutral,0.919,2026-03-05T12:00:23.255783,0.7094521942721831,2026-03-05T12:00:23.985000,69,,,
participant_01,5,day,Town10HD_Opt,2026-03-05 12:00:25.157509,24.456445693969727,70.16641235351562,0.0019548796117305,5.251,0.04,0.059,0.0,0,0,1,,0.954,2026-03-05T12:00:25.157509,neutral,0.919,2026-03-05T12:00:23.255783,0.6389299599024835,2026-03-05T12:00:24.977000,69,,,
participant_01,5,day,Town10HD_Opt,2026-03-05 12:00:26.088267,25.30670166015625,70.17494201660156,0.0059204897843301,4.578,0.04,0.0,0.0,0,0,1,,0.925,2026-03-05T12:00:26.088267,neutral,0.833,2026-03-05T12:00:26.088267,0.6480152608894817,2026-03-05T12:00:26.010000,69,,,
participant_01,5,day,Town10HD_Opt,2026-03-05 12:00:27.022908,25.67823028564453,70.17906188964844,0.0018716807244345,0.004,0.04,0.0,0.076,0,0,1,,0.918,2026-03-05T12:00:27.022908,neutral,0.833,2026-03-05T12:00:26.088267,0.6750236252035088,2026-03-05T12:00:27.001000,69,,,
participant_01,5,day,Town10HD_Opt,2026-03-05 12:00:28.211095,26.066650390625,70.1833267211914,0.0016047679819166,7.535,0.002,0.727,0.0,0,0,1,,0.962,2026-03-05T12:00:28.211095,neutral,0.895,2026-03-05T12:00:28.211095,0.7538933632229009,2026-03-05T12:00:27.990000,67,,,
participant_01,5,day,Town10HD_Opt,2026-03-05 12:00:29.228408,28.084482192993164,70.17721557617188,0.001764221698977,14.112,-4.572,0.285,0.0,0,0,1,,0.952,2026-03-05T12:00:29.228408,neutral,0.895,2026-03-05T12:00:28.211095,0.6804385470925158,2026-03-05T12:00:28.981000,66,,,errors=Stop sign violation
participant_01,5,day,Town10HD_Opt,2026-03-05 12:00:30.143402,30.63481330871582,69.90837860107422,0.0018111802637577,15.355,-9.502,0.286,0.0,0,0,1,,0.947,2026-03-05T12:00:30.143402,neutral,0.895,2026-03-05T12:00:28.211095,0.672565816664543,2026-03-05T12:00:29.971000,67,,,
participant_01,5,day,Town10HD_Opt,2026-03-05 12:00:31.074672,33.31390380859375,69.2465591430664,0.0019025038927793,16.145,-10.814,0.24,0.0,0,0,1,,0.902,2026-03-05T12:00:31.074672,happy,0.911,2026-03-05T12:00:31.074672,0.6233691815894263,,65,,,
participant_01,5,day,Town10HD_Opt,2026-03-05 12:00:32.018075,35.8979377746582,68.11282348632812,0.0019260406261309,16.217,-12.83,0.239,0.0,0,0,1,,0.921,2026-03-05T12:00:32.018075,happy,0.911,2026-03-05T12:00:31.074672,0.6650411819720665,2026-03-05T12:00:31.996000,61,,,
participant_01,5,day,Town10HD_Opt,2026-03-05 12:00:33.017303,38.24033737182617,66.5172119140625,0.0019257353851571,16.284,-12.226,0.24,0.0,0,0,1,,0.914,2026-03-05T12:00:33.017303,happy,0.911,2026-03-05T12:00:31.074672,0.6469911194168377,2026-03-05T12:00:32.986000,65,,,
participant_01,5,day,Town10HD_Opt,2026-03-05 12:00:34.257254,41.02660369873047,63.78072738647461,0.0019738771952688,18.586,-11.421,0.51,0.0,0,0,1,,0.925,2026-03-05T12:00:34.257254,neutral,0.727,2026-03-05T12:00:34.257254,0.6661813803395589,2026-03-05T12:00:34.022000,63,,,
participant_01,5,day,Town10HD_Opt,2026-03-05 12:00:35.244301,42.90620422363281,60.97454452514648,0.0019210819154977,21.142,-12.284,0.496,0.0,0,0,1,,0.923,2026-03-05T12:00:35.244301,neutral,0.727,2026-03-05T12:00:34.257254,0.7201066007828205,2026-03-05T12:00:34.966000,67,,,
participant_01,5,day,Town10HD_Opt,2026-03-05 12:00:36.177870,44.33528900146485,57.28743362426758,0.0019484712975099,24.51,-12.207,0.475,0.0,0,0,1,,0.961,2026-03-05T12:00:36.177870,neutral,0.727,2026-03-05T12:00:34.257254,0.7082620053520238,2026-03-05T12:00:36.001000,68,,,
participant_01,5,day,Town10HD_Opt,2026-03-05 12:00:37.112733,44.8818359375,52.99919891357422,0.0020882794633507,24.282,-8.129,0.342,0.0,0,0,1,,0.981,2026-03-05T12:00:37.112733,neutral,0.699,2026-03-05T12:00:37.112733,0.7932883516833247,2026-03-05T12:00:36.991000,68,,,
participant_01,5,day,Town10HD_Opt,2026-03-05 12:00:38.062122,44.73675537109375,48.74346923828125,0.0020316315349191,24.66,-3.888,0.365,0.0,0,0,1,,0.937,2026-03-05T12:00:38.062122,neutral,0.699,2026-03-05T12:00:37.112733,0.7694287084847699,2026-03-05T12:00:37.981000,69,,,
participant_01,5,day,Town10HD_Opt,2026-03-05 12:00:39.057333,44.25237655639648,44.60296249389648,0.0021899407729506,21.749,-1.756,0.0,0.0,0,0,1,,0.871,2026-03-05T12:00:39.057333,neutral,0.699,2026-03-05T12:00:37.112733,0.7019532160640573,2026-03-05T12:00:38.971000,66,,,
participant_01,5,day,Town10HD_Opt,2026-03-05 12:00:40.007159,43.96416091918945,41.25164413452149,0.0020773694850504,18.331,10.132,0.513,0.0,0,0,1,,0.916,2026-03-05T12:00:40.007159,neutral,0.682,2026-03-05T12:00:40.007159,0.6896358599068503,,65,,,
participant_01,5,day,Town10HD_Opt,2026-03-05 12:00:41.248722,44.64871597290039,36.25835037231445,0.0017339716432616,28.232,10.829,0.691,0.0,0,0,1,,0.936,2026-03-05T12:00:41.248722,neutral,0.682,2026-03-05T12:00:40.007159,0.7766142510030385,2026-03-05T12:00:40.996000,65,,,
participant_01,5,day,Town10HD_Opt,2026-03-05 12:00:42.190453,46.93874740600586,31.37132453918457,0.001958237029612,33.014,20.203,0.503,0.0,0,0,1,,0.892,2026-03-05T12:00:42.190453,neutral,0.494,2026-03-05T12:00:42.190453,0.7817102731558101,2026-03-05T12:00:41.986000,64,,,
participant_01,5,day,Town10HD_Opt,2026-03-05 12:00:43.134565,51.59368896484375,27.88703727722168,0.0020422362722456,34.54,16.957,0.419,0.0,0,0,1,,0.908,2026-03-05T12:00:43.134565,neutral,0.494,2026-03-05T12:00:42.190453,0.6215386438346496,2026-03-05T12:00:42.976000,65,,,
participant_01,5,day,Town10HD_Opt,2026-03-05 12:00:44.097896,57.39482879638672,26.499229431152344,0.0021314998157322,32.923,2.972,0.2,0.0,0,0,1,,0.881,2026-03-05T12:00:44.097896,neutral,0.494,2026-03-05T12:00:42.190453,0.707022878535339,2026-03-05T12:00:43.966000,62,,,
participant_01,5,day,Town10HD_Opt,2026-03-05 12:00:45.020794,62.75966644287109,25.826772689819336,0.0022083276417106,27.499,-0.063,0.0,0.0,0,0,1,,0.965,2026-03-05T12:00:45.020794,sad,0.32,2026-03-05T12:00:45.020794,0.6872334412606018,2026-03-05T12:00:45.001000,63,,,
participant_01,5,day,Town10HD_Opt,2026-03-05 12:00:46.204369,68.25377655029297,25.31534576416016,0.0022480764891952,19.152,3.82,0.0,0.0,0,0,1,,0.955,2026-03-05T12:00:46.204369,sad,0.32,2026-03-05T12:00:45.020794,0.7172733791788684,2026-03-05T12:00:46.036000,66,,,
participant_01,5,day,Town10HD_Opt,2026-03-05 12:00:47.084169,71.24223327636719,25.23892593383789,0.0020334620494395,14.846,0.139,0.011,0.0,0,0,1,,1.0,2026-03-05T12:00:47.084169,neutral,0.9,2026-03-05T12:00:47.084169,0.763015298542931,2026-03-05T12:00:46.981000,65,,,
participant_01,5,day,Town10HD_Opt,2026-03-05 12:00:48.259339,74.2171401977539,25.167490005493164,0.0020170209463685,10.565,0.888,0.011,0.0,0,0,1,,0.835,2026-03-05T12:00:48.259339,neutral,0.9,2026-03-05T12:00:47.084169,0.6599462928033589,2026-03-05T12:00:47.971000,66,,,
participant_01,5,day,Town10HD_Opt,2026-03-05 12:00:49.164129,75.8602294921875,25.140743255615234,0.0019994731992483,8.047,0.035,0.011,0.0,0,0,1,,0.903,2026-03-05T12:00:49.164129,neutral,0.946,2026-03-05T12:00:49.164129,0.5908806329899143,,67,,,
participant_01,5,day,Town10HD_Opt,2026-03-05 12:00:50.019036,77.09668731689453,25.1210880279541,0.0019863124471157,5.94,0.529,0.012,0.0,0,0,1,,0.956,2026-03-05T12:00:50.019036,neutral,0.946,2026-03-05T12:00:49.164129,0.6904688815824415,2026-03-05T12:00:49.996000,67,,,
participant_01,5,day,Town10HD_Opt,2026-03-05 12:00:51.129372,78.23359680175781,25.11000633239746,0.0019415662391111,4.146,0.637,0.0,0.0,0,0,1,,0.915,2026-03-05T12:00:51.129372,neutral,0.946,2026-03-05T12:00:49.164129,0.722907136320639,2026-03-05T12:00:50.986000,69,,,
participant_01,5,day,Town10HD_Opt,2026-03-05 12:00:52.018302,78.88561248779297,25.10610008239746,0.0019487760728225,3.222,0.764,0.0,0.0,0,0,1,,0.881,2026-03-05T12:00:52.018302,sad,0.539,2026-03-05T12:00:52.018302,0.6431581823156799,2026-03-05T12:00:51.976000,69,,,
participant_01,5,day,Town10HD_Opt,2026-03-05 12:00:53.150864,79.52737426757812,25.10445976257324,0.0019408796215429,2.265,0.764,0.0,0.0,0,0,1,,0.9,2026-03-05T12:00:53.150864,sad,0.539,2026-03-05T12:00:52.018302,0.6101070743708844,2026-03-05T12:00:53.011000,72,,,
participant_01,5,day,Town10HD_Opt,2026-03-05 12:00:53.997468,79.68414306640625,25.104232788085938,0.0019604489207267,0.0,0.75,0.0,0.04,0,0,1,,0.92,2026-03-05T12:00:53.997468,sad,0.539,2026-03-05T12:00:52.018302,0.6048181973613629,2026-03-05T12:00:54.001000,72,,,
participant_01,5,day,Town10HD_Opt,2026-03-05 12:00:55.217421,79.68492889404297,25.104232788085938,0.0019194030901417,0.0,0.757,0.0,0.0,0,0,1,,0.925,2026-03-05T12:00:55.217421,neutral,0.896,2026-03-05T12:00:55.217421,0.6403167882617202,2026-03-05T12:00:55.036000,72,,,
participant_01,5,day,Town10HD_Opt,2026-03-05 12:00:56.095863,79.6849136352539,25.104232788085938,0.0019188307924196,0.006,0.757,0.0,0.0,0,0,1,,0.923,2026-03-05T12:00:56.095863,neutral,0.896,2026-03-05T12:00:55.217421,0.5611301359250717,2026-03-05T12:00:56.028000,70,,,
participant_01,5,day,Town10HD_Opt,2026-03-05 12:00:57.251035,79.68504333496094,25.104232788085938,0.0019188307924196,0.006,0.757,0.0,0.0,0,0,1,,1.0,2026-03-05T12:00:57.251035,neutral,0.885,2026-03-05T12:00:57.251035,0.5664589855901847,2026-03-05T12:00:56.972000,69,,,
participant_01,5,day,Town10HD_Opt,2026-03-05 12:00:58.167314,79.68500518798828,25.104232788085938,0.0019187927246093,0.007,0.757,0.0,0.0,0,0,1,,0.902,2026-03-05T12:00:58.167314,neutral,0.885,2026-03-05T12:00:57.251035,0.5254206902060685,,68,,,
participant_01,5,day,Town10HD_Opt,2026-03-05 12:00:59.053095,79.6851577758789,25.104232788085938,0.001919021597132,0.002,0.757,0.0,0.0,0,0,1,,0.897,2026-03-05T12:00:59.053095,neutral,0.885,2026-03-05T12:00:57.251035,0.4942933890795602,2026-03-05T12:00:58.997000,69,,,
participant_01,5,day,Town10HD_Opt,2026-03-05 12:01:00.166873,79.68526458740234,25.104232788085938,0.001919021597132,0.002,0.757,0.0,0.0,0,0,1,,0.879,2026-03-05T12:01:00.166873,neutral,0.943,2026-03-05T12:01:00.166873,0.5013602666465602,2026-03-05T12:00:59.986000,67,,,
participant_01,5,day,Town10HD_Opt,2026-03-05 12:01:01.046891,79.68549346923828,25.104232788085938,0.0019192122854292,0.001,0.757,0.0,0.0,0,0,1,,0.871,2026-03-05T12:01:01.046891,neutral,0.943,2026-03-05T12:01:00.166873,0.4271653775819031,2026-03-05T12:01:01.021000,69,,,
participant_01,5,day,Town10HD_Opt,2026-03-05 12:01:02.216437,79.68476104736328,25.104232788085938,0.001915359403938,0.204,0.757,0.402,0.0,0,0,1,,0.907,2026-03-05T12:01:02.216437,sad,0.574,2026-03-05T12:01:02.216437,0.4160851111691797,2026-03-05T12:01:02.011000,68,,,
participant_01,5,day,Town10HD_Opt,2026-03-05 12:01:03.137644,80.32420349121094,25.10478782653809,0.0016022121999412,9.128,0.75,0.724,0.0,0,0,1,,0.827,2026-03-05T12:01:03.137644,sad,0.574,2026-03-05T12:01:02.216437,0.459212687576461,2026-03-05T12:01:03.001000,70,,,
participant_01,5,day,Town10HD_Opt,2026-03-05 12:01:04.030188,82.79351043701172,25.119409561157227,0.0017905820859596,19.439,0.242,0.896,0.0,0,0,1,,0.893,2026-03-05T12:01:04.030188,sad,0.574,2026-03-05T12:01:02.216437,0.3818315606097248,2026-03-05T12:01:03.992000,66,,,
participant_01,5,day,Town10HD_Opt,2026-03-05 12:01:05.181408,88.98787689208984,25.131086349487305,0.0016129700234159,35.684,-5.534,0.75,0.0,0,0,1,,0.833,2026-03-05T12:01:05.181408,neutral,0.681,2026-03-05T12:01:05.181408,0.3800997659435778,2026-03-05T12:01:04.981000,66,,,
participant_01,5,day,Town10HD_Opt,2026-03-05 12:01:06.123567,95.51789093017578,23.962047576904297,0.001989250537008,39.125,-12.171,0.47,0.0,0,0,1,,0.917,2026-03-05T12:01:06.123567,neutral,0.681,2026-03-05T12:01:05.181408,0.3718960019227271,2026-03-05T12:01:05.972000,68,,,
participant_01,5,day,Town10HD_Opt,2026-03-05 12:01:07.224767,102.87320709228516,18.78555679321289,0.0020869825966656,38.574,-11.916,0.362,0.0,0,0,1,,0.896,2026-03-05T12:01:07.224767,neutral,0.715,2026-03-05T12:01:07.224767,0.462269010107533,,67,,,
participant_01,5,day,Town10HD_Opt,2026-03-05 12:01:08.046859,106.09390258789062,13.079447746276855,0.0021276851184666,36.563,-10.434,0.379,0.0,0,0,1,,0.913,2026-03-05T12:01:08.046859,neutral,0.715,2026-03-05T12:01:07.224767,0.4330990948532202,2026-03-05T12:01:07.997000,68,,,
participant_01,5,day,Town10HD_Opt,2026-03-05 12:01:09.197839,107.57406616210938,4.815544128417969,0.002055702265352,35.884,-2.624,0.408,0.0,0,0,1,,0.886,2026-03-05T12:01:09.197839,neutral,0.715,2026-03-05T12:01:07.224767,0.3917639677333082,2026-03-05T12:01:08.987000,67,,,
participant_01,5,day,Town10HD_Opt,2026-03-05 12:01:10.061017,107.83363342285156,-1.4474178552627563,0.0020486449357122,35.712,-0.275,0.41,0.0,0,0,1,,0.925,2026-03-05T12:01:10.061017,neutral,0.816,2026-03-05T12:01:10.061017,0.4824609160688337,2026-03-05T12:01:09.976000,65,,,
participant_01,5,day,Town10HD_Opt,2026-03-05 12:01:11.191750,107.99604034423828,-9.781139373779297,0.0020371244754642,35.815,-0.952,0.425,0.0,0,0,1,,0.905,2026-03-05T12:01:11.191750,neutral,0.816,2026-03-05T12:01:10.061017,0.4330868871134535,2026-03-05T12:01:11.012000,70,,,
participant_01,5,day,Town10HD_Opt,2026-03-05 12:01:12.024399,107.92088317871094,-16.06812286376953,0.00203632353805,36.039,-1.518,0.425,0.0,0,0,1,,0.906,2026-03-05T12:01:12.024399,neutral,0.816,2026-03-05T12:01:10.061017,0.4254414504229955,2026-03-05T12:01:12.001000,71,,,
participant_01,5,day,Town10HD_Opt,2026-03-05 12:01:13.159858,107.27996063232422,-24.472675323486328,0.0020396041218191,36.234,-3.467,0.425,0.0,0,0,1,,0.878,2026-03-05T12:01:13.159858,neutral,0.697,2026-03-05T12:01:13.159858,0.4554814312213928,2026-03-05T12:01:12.991000,70,,,
participant_01,5,day,Town10HD_Opt,2026-03-05 12:01:14.077165,106.06153869628906,-30.704545974731445,0.0020406723488122,36.359,-3.149,0.425,0.0,0,0,1,,0.88,2026-03-05T12:01:14.077165,neutral,0.697,2026-03-05T12:01:13.159858,0.5244575179551865,2026-03-05T12:01:13.981000,70,,,
participant_01,5,day,Town10HD_Opt,2026-03-05 12:01:15.221632,103.42292785644533,-38.7774772644043,0.0020433806348592,36.475,-4.674,0.425,0.0,0,0,1,,0.829,2026-03-05T12:01:15.221632,neutral,0.51,2026-03-05T12:01:15.221632,0.451510085716608,2026-03-05T12:01:15.017000,70,,,
participant_01,5,day,Town10HD_Opt,2026-03-05 12:01:16.094497,100.4979019165039,-44.44886016845703,0.0020456314086914,36.514,-5.212,0.425,0.0,0,0,1,,0.848,2026-03-05T12:01:16.094497,neutral,0.51,2026-03-05T12:01:15.221632,0.4903221281410942,,73,,,
participant_01,5,day,Town10HD_Opt,2026-03-05 12:01:17.202424,95.2579345703125,-51.15541076660156,0.0020455168560147,36.568,-4.518,0.425,0.0,0,0,1,,0.841,2026-03-05T12:01:17.202424,neutral,0.51,2026-03-05T12:01:15.221632,0.504391774394509,2026-03-05T12:01:16.996000,72,,,
participant_01,5,day,Town10HD_Opt,2026-03-05 12:01:18.065143,90.53016662597656,-55.473411560058594,0.0020432663150131,36.644,-4.296,0.426,0.0,0,0,1,,0.802,2026-03-05T12:01:18.065143,neutral,0.627,2026-03-05T12:01:18.065143,0.503039505496727,2026-03-05T12:01:17.986000,72,,,
participant_01,5,day,Town10HD_Opt,2026-03-05 12:01:18.994672,85.26150512695312,-59.13471221923828,0.002031059237197,37.069,-4.379,0.637,0.0,0,0,1,,0.809,2026-03-05T12:01:18.994672,neutral,0.627,2026-03-05T12:01:18.065143,0.5461514395634414,2026-03-05T12:01:18.979000,68,,,
participant_01,5,day,Town10HD_Opt,2026-03-05 12:01:20.112054,76.71580505371094,-63.14703369140625,0.001869736239314,44.455,-4.235,0.622,0.0,0,0,1,,0.832,2026-03-05T12:01:20.112054,neutral,0.687,2026-03-05T12:01:20.112054,0.4840239333911797,2026-03-05T12:01:20.011000,69,,,
participant_01,5,day,Town10HD_Opt,2026-03-05 12:01:21.248979,66.17825317382812,-65.71723175048828,0.001978340325877,48.154,-3.346,0.503,0.0,0,0,1,,0.866,2026-03-05T12:01:21.248979,neutral,0.687,2026-03-05T12:01:20.112054,0.4835751798544574,2026-03-05T12:01:21.001000,68,,,
participant_01,5,day,Town10HD_Opt,2026-03-05 12:01:22.148642,57.78423690795898,-66.42317199707031,0.0020535278599709,47.941,-0.651,0.437,0.0,0,0,1,,0.847,2026-03-05T12:01:22.148642,neutral,0.471,2026-03-05T12:01:22.148642,0.494789907335471,2026-03-05T12:01:21.991000,68,,,
participant_01,5,day,Town10HD_Opt,2026-03-05 12:01:23.071398,49.497703552246094,-66.7614974975586,0.0020863339304924,46.636,0.061,0.428,0.0,0,0,1,,1.0,2026-03-05T12:01:23.071398,neutral,0.471,2026-03-05T12:01:22.148642,0.5455298369644792,2026-03-05T12:01:22.982000,68,,,
participant_01,5,day,Town10HD_Opt,2026-03-05 12:01:23.993417,41.44744110107422,-67.11254119873047,0.0020829390268772,45.365,-0.251,0.428,0.0,0,0,1,,0.845,2026-03-05T12:01:23.993417,neutral,0.471,2026-03-05T12:01:22.148642,0.5264267072628498,2026-03-05T12:01:24.018000,71,,,
participant_01,5,day,Town10HD_Opt,2026-03-05 12:01:25.215720,31.025447845458984,-67.45703887939453,0.0020750807598233,43.914,-0.244,0.428,0.0,0,0,1,,0.838,2026-03-05T12:01:25.215720,neutral,0.586,2026-03-05T12:01:25.215720,0.5942102100510841,,71,,,
participant_01,5,day,Town10HD_Opt,2026-03-05 12:01:26.161781,23.404342651367188,-67.62654113769531,0.0020705030765384,43.091,-0.249,0.428,0.0,0,0,1,,0.869,2026-03-05T12:01:26.161781,neutral,0.586,2026-03-05T12:01:25.215720,0.6143881103654666,2026-03-05T12:01:25.996000,69,,,
participant_01,5,day,Town10HD_Opt,2026-03-05 12:01:27.066629,15.941645622253418,-67.7242202758789,0.00211917841807,41.187,-0.188,0.001,0.0,0,0,1,,0.898,2026-03-05T12:01:27.066629,neutral,0.586,2026-03-05T12:01:25.215720,0.6680515057039125,2026-03-05T12:01:26.986000,71,,,
participant_01,5,day,Town10HD_Opt,2026-03-05 12:01:28.020002,9.42021369934082,-67.76714324951172,0.0023239888250827,32.425,-0.054,0.0,0.0,0,0,1,,1.0,2026-03-05T12:01:28.020002,neutral,0.748,2026-03-05T12:01:28.020002,0.6499543459059125,2026-03-05T12:01:28.022000,69,,,
participant_01,5,day,Town10HD_Opt,2026-03-05 12:01:29.182222,2.964785099029541,-67.80494689941406,0.0022692482452839,22.977,0.031,0.0,0.0,0,0,1,,1.0,2026-03-05T12:01:29.182222,neutral,0.748,2026-03-05T12:01:28.020002,0.6336624993420129,2026-03-05T12:01:29.057000,68,,,
participant_01,5,day,Town10HD_Opt,2026-03-05 12:01:30.052831,-0.5196934342384338,-67.82923889160156,0.0019729607738554,17.192,-0.035,0.0,0.0,0,0,1,,0.815,2026-03-05T12:01:30.052831,fear,0.342,2026-03-05T12:01:30.052831,0.6577425417537782,2026-03-05T12:01:30.002000,64,,,
participant_01,5,day,Town10HD_Opt,2026-03-05 12:01:31.187192,-4.104902267456055,-67.8548355102539,0.0019344710744917,14.696,0.016,0.267,0.0,0,0,1,,0.83,2026-03-05T12:01:31.187192,fear,0.342,2026-03-05T12:01:30.052831,0.5941008127805533,2026-03-05T12:01:30.991000,67,,,
participant_01,5,day,Town10HD_Opt,2026-03-05 12:01:32.016108,-6.754519462585449,-67.8747329711914,0.0018892289372161,15.611,0.021,0.264,0.0,0,0,1,,0.819,2026-03-05T12:01:32.016108,fear,0.342,2026-03-05T12:01:30.052831,0.6277829460554981,2026-03-05T12:01:31.982000,66,,,
participant_01,5,day,Town10HD_Opt,2026-03-05 12:01:33.125796,-10.490689277648926,-67.9041519165039,0.0019048309186473,16.337,0.005,0.254,0.0,0,0,1,,1.0,2026-03-05T12:01:33.125796,neutral,0.861,2026-03-05T12:01:33.125796,0.6340846229202941,2026-03-05T12:01:33.016000,64,,,
participant_01,5,day,Town10HD_Opt,2026-03-05 12:01:34.242357,-14.349130630493164,-67.93312072753906,0.0019100952195003,16.722,0.012,0.224,0.0,0,0,1,,0.865,2026-03-05T12:01:34.242357,neutral,0.861,2026-03-05T12:01:33.125796,0.620481277502476,2026-03-05T12:01:34.007000,65,,,
participant_01,5,day,Town10HD_Opt,2026-03-05 12:01:35.099344,-17.075355529785156,-67.95460510253906,0.0020332331769168,13.62,0.045,0.0,0.0,0,0,1,,1.0,2026-03-05T12:01:35.099344,neutral,0.861,2026-03-05T12:01:33.125796,0.6179111773739102,2026-03-05T12:01:34.996000,64,,,
participant_01,5,day,Town10HD_Opt,2026-03-05 12:01:36.232728,-19.71009063720703,-67.97724151611328,0.0020579523406922,8.094,0.045,0.0,0.204,0,0,1,,0.843,2026-03-05T12:01:36.232728,fear,0.596,2026-03-05T12:01:36.232728,0.5615467329479593,2026-03-05T12:01:35.987000,62,,,
participant_01,5,day,Town10HD_Opt,2026-03-05 12:01:37.069045,-20.740398406982425,-67.98697662353516,0.0023971158079802,0.001,0.035,0.0,0.203,0,0,1,,1.0,2026-03-05T12:01:37.069045,fear,0.596,2026-03-05T12:01:36.232728,0.6183898296888516,2026-03-05T12:01:36.976000,61,,,
participant_01,5,day,Town10HD_Opt,2026-03-05 12:01:38.131968,-20.740936279296875,-67.98698425292969,0.0019260788103565,0.001,0.035,0.0,0.0,0,0,1,,0.815,2026-03-05T12:01:38.131968,fear,0.596,2026-03-05T12:01:36.232728,0.6341953315522992,2026-03-05T12:01:38.012000,63,,,
participant_01,5,day,Town10HD_Opt,2026-03-05 12:01:38.989859,-20.740812301635746,-67.98698425292969,0.0019190978491678,0.002,0.035,0.0,0.0,0,0,1,,0.848,2026-03-05T12:01:38.989859,neutral,0.806,2026-03-05T12:01:38.989859,0.4872015277821271,2026-03-05T12:01:39.047000,63,,,
participant_01,5,day,Town10HD_Opt,2026-03-05 12:01:40.107823,-20.739925384521484,-67.98698425292969,0.001917190500535,0.147,0.035,0.251,0.0,0,0,1,,0.827,2026-03-05T12:01:40.107823,neutral,0.806,2026-03-05T12:01:38.989859,0.504684653738301,2026-03-05T12:01:39.991000,63,,,
participant_01,5,day,Town10HD_Opt,2026-03-05 12:01:41.184835,-20.896085739135746,-67.98828125,0.0019115447066724,0.86,0.035,0.069,0.0,0,0,1,,0.856,2026-03-05T12:01:41.184835,neutral,0.632,2026-03-05T12:01:41.184835,0.5610318938974463,2026-03-05T12:01:40.981000,62,,,
participant_01,5,day,Town10HD_Opt,2026-03-05 12:01:42.059667,-21.09718894958496,-67.9899673461914,0.0018818284152075,1.773,0.035,0.31,0.0,0,0,1,,1.0,2026-03-05T12:01:42.059667,neutral,0.632,2026-03-05T12:01:41.184835,0.5600465343543559,2026-03-05T12:01:42.017000,64,,,
participant_01,5,day,Town10HD_Opt,2026-03-05 12:01:43.214965,-22.14141845703125,-67.99874114990234,0.0017728047678247,7.92,-0.002,0.454,0.0,0,0,1,,0.826,2026-03-05T12:01:43.214965,neutral,0.616,2026-03-05T12:01:43.214965,0.6581650698073822,2026-03-05T12:01:43.007000,62,,,
participant_01,5,day,Town10HD_Opt,2026-03-05 12:01:44.079622,-23.97955322265625,-68.01232147216797,0.0016312036896124,15.323,-0.087,0.825,0.0,0,0,1,,0.83,2026-03-05T12:01:44.079622,neutral,0.616,2026-03-05T12:01:43.214965,0.6020999465134492,2026-03-05T12:01:43.997000,61,,,
participant_01,5,day,Town10HD_Opt,2026-03-05 12:01:45.216461,-28.94577980041504,-68.04150390625,0.0016964352689683,29.156,-0.136,0.773,0.0,0,0,1,,0.846,2026-03-05T12:01:45.216461,neutral,0.471,2026-03-05T12:01:45.216461,0.6580103837255091,2026-03-05T12:01:45.077000,61,,,
participant_01,5,day,Town10HD_Opt,2026-03-05 12:01:46.075761,-34.757568359375,-68.04891204833984,0.0017246258212253,38.467,-0.228,0.755,0.0,0,0,1,,0.915,2026-03-05T12:01:46.075761,neutral,0.471,2026-03-05T12:01:45.216461,0.5313436181183269,2026-03-05T12:01:46.022000,62,,,
participant_01,5,day,Town10HD_Opt,2026-03-05 12:01:47.145906,-44.89302444458008,-67.98835754394531,0.0023667160421609,49.199,-0.012,0.741,0.0,0,0,1,,1.0,2026-03-05T12:01:47.145906,neutral,0.471,2026-03-05T12:01:45.216461,0.656875352909765,2026-03-05T12:01:47.012000,62,,,
participant_01,5,day,Town10HD_Opt,2026-03-05 12:01:48.022499,-53.59748840332031,-67.89257049560547,0.0021225733216851,47.931,-1.678,0.716,0.0,0,0,1,,1.0,2026-03-05T12:01:48.022499,neutral,0.83,2026-03-05T12:01:48.022499,0.607687900806138,2026-03-05T12:01:48.001000,62,,,
participant_01,5,day,Town10HD_Opt,2026-03-05 12:01:49.240407,-65.11067962646484,-67.02336883544922,0.0021387478336691,48.983,-0.801,0.672,0.0,0,0,1,,0.898,2026-03-05T12:01:49.240407,neutral,0.83,2026-03-05T12:01:48.022499,0.6180468707916845,2026-03-05T12:01:48.991000,61,,,
participant_01,5,day,Town10HD_Opt,2026-03-05 12:01:50.146401,-73.76146697998047,-65.83180236816406,0.0021534343250095,48.346,-2.033,0.657,0.0,0,0,1,,0.92,2026-03-05T12:01:50.146401,neutral,0.886,2026-03-05T12:01:50.146401,0.6433742525199859,2026-03-05T12:01:49.981000,62,,,
participant_01,5,day,Town10HD_Opt,2026-03-05 12:01:51.012090,-82.10183715820312,-63.96112060546875,0.001940231770277,50.697,-5.319,0.0,0.0,0,0,1,,0.938,2026-03-05T12:01:51.012090,neutral,0.886,2026-03-05T12:01:50.146401,0.6013252279872272,2026-03-05T12:01:51.019000,61,,,
participant_01,5,day,Town10HD_Opt,2026-03-05 12:01:52.171675,-92.59707641601562,-58.99717712402344,0.0019722750876098,50.499,-5.392,0.0,0.0,0,0,1,,0.945,2026-03-05T12:01:52.171675,neutral,0.617,2026-03-05T12:01:52.171675,0.676019994589345,2026-03-05T12:01:52.007000,60,,,
participant_01,5,day,Town10HD_Opt,2026-03-05 12:01:53.056614,-99.28880310058594,-53.46242904663086,0.0019668580498546,50.799,-5.872,0.0,0.0,0,0,1,,0.921,2026-03-05T12:01:53.056614,neutral,0.617,2026-03-05T12:01:52.171675,0.6659371722451427,2026-03-05T12:01:52.997000,62,,,
participant_01,5,day,Town10HD_Opt,2026-03-05 12:01:54.240571,-105.82429504394533,-44.03208923339844,0.0019499210175126,50.707,-5.371,0.0,0.0,0,0,1,,0.903,2026-03-05T12:01:54.240571,neutral,0.929,2026-03-05T12:01:54.240571,0.6669562635039616,2026-03-05T12:01:53.987000,63,,,
participant_01,5,day,Town10HD_Opt,2026-03-05 12:01:55.163216,-108.67607879638672,-36.30740737915039,0.0023762881755828,41.383,-4.763,0.0,0.0,0,0,1,,0.885,2026-03-05T12:01:55.163216,neutral,0.929,2026-03-05T12:01:54.240571,0.6807898144617871,2026-03-05T12:01:54.977000,66,,,
participant_01,5,day,Town10HD_Opt,2026-03-05 12:01:56.127710,-109.7591552734375,-29.951040267944336,0.002342642750591,31.921,-3.794,0.0,0.0,0,0,1,,0.95,2026-03-05T12:01:56.127710,neutral,0.929,2026-03-05T12:01:54.240571,0.694899855424237,2026-03-05T12:01:56.012000,69,,,
participant_01,5,day,Town10HD_Opt,2026-03-05 12:01:57.071169,-110.04447174072266,-24.98578643798828,0.0022822560276836,24.434,-1.149,0.0,0.0,0,0,1,,0.933,2026-03-05T12:01:57.071169,neutral,0.708,2026-03-05T12:01:57.071169,0.6157601316129689,2026-03-05T12:01:57.002000,67,,,
participant_01,5,day,Town10HD_Opt,2026-03-05 12:01:58.043821,-110.13609313964844,-21.218305587768555,0.0022413246333599,18.222,0.141,0.0,0.0,0,0,1,,0.881,2026-03-05T12:01:58.043821,neutral,0.708,2026-03-05T12:01:57.071169,0.6444025991659298,2026-03-05T12:01:58.037000,68,,,
participant_01,5,day,Town10HD_Opt,2026-03-05 12:01:59.055355,-110.20077514648438,-18.34329032897949,0.002042960608378,14.223,0.031,0.0,0.0,0,0,1,,0.829,2026-03-05T12:01:59.055355,neutral,0.708,2026-03-05T12:01:57.071169,0.63002810190987,2026-03-05T12:01:58.983000,67,,,
participant_01,5,day,Town10HD_Opt,2026-03-05 12:02:00.250408,-110.26207733154295,-15.490510940551758,0.0019836041610687,10.622,-0.36,0.089,0.0,0,0,1,,1.0,2026-03-05T12:02:00.250408,neutral,0.826,2026-03-05T12:02:00.250408,0.6324131538296284,2026-03-05T12:02:00.107000,67,,,
participant_01,5,day,Town10HD_Opt,2026-03-05 12:02:01.136035,-110.28915405273438,-13.741764068603516,0.0019638058729469,9.25,-0.416,0.083,0.0,0,0,1,,0.833,2026-03-05T12:02:01.136035,neutral,0.826,2026-03-05T12:02:00.250408,0.6310124801551101,,65,,,
participant_01,5,day,Town10HD_Opt,2026-03-05 12:02:02.059156,-110.30738830566406,-12.21972370147705,0.0019569776486605,8.004,-0.355,0.083,0.0,0,0,1,,0.863,2026-03-05T12:02:02.059156,neutral,0.826,2026-03-05T12:02:00.250408,0.6749287073590644,2026-03-05T12:02:01.997000,64,,,
participant_01,5,day,Town10HD_Opt,2026-03-05 12:02:03.272810,-110.3253402709961,-10.484682083129885,0.0019496533786877,6.711,-0.063,0.082,0.0,0,0,1,,1.0,2026-03-05T12:02:03.272810,neutral,0.868,2026-03-05T12:02:03.272810,0.588921498836899,2026-03-05T12:02:02.986000,66,,,
participant_01,5,day,Town10HD_Opt,2026-03-05 12:02:04.154801,-110.33660125732422,-9.367720603942873,0.0019449995597824,5.95,-0.155,0.082,0.0,0,0,1,,0.893,2026-03-05T12:02:04.154801,neutral,0.868,2026-03-05T12:02:03.272810,0.5422791374483236,2026-03-05T12:02:03.977000,65,,,
participant_01,5,day,Town10HD_Opt,2026-03-05 12:02:05.059299,-110.34532928466795,-8.382349967956543,0.0019409558735787,5.264,-0.155,0.082,0.0,0,0,1,,0.864,2026-03-05T12:02:05.059299,neutral,0.868,2026-03-05T12:02:03.272810,0.5813936228318354,2026-03-05T12:02:05.058000,66,,,
participant_01,5,day,Town10HD_Opt,2026-03-05 12:02:06.256487,-110.3543701171875,-7.239467620849609,0.0019375229021534,4.464,-0.155,0.083,0.0,0,0,1,,0.892,2026-03-05T12:02:06.256487,neutral,0.779,2026-03-05T12:02:06.256487,0.6435992509178871,2026-03-05T12:02:06.002000,66,,,
participant_01,5,day,Town10HD_Opt,2026-03-05 12:02:07.221932,-110.35972595214844,-6.491695404052734,0.0019338988931849,4.024,-0.155,0.083,0.0,0,0,1,,0.897,2026-03-05T12:02:07.221932,neutral,0.779,2026-03-05T12:02:06.256487,0.6112417539223579,2026-03-05T12:02:06.991000,68,,,
participant_01,5,day,Town10HD_Opt,2026-03-05 12:02:08.077858,-110.3640594482422,-5.8147711753845215,0.0019277571700513,3.908,-0.155,0.0,0.0,0,0,1,,0.838,2026-03-05T12:02:08.077858,neutral,0.779,2026-03-05T12:02:06.256487,0.590604599956671,2026-03-05T12:02:07.982000,67,,,
participant_01,5,day,Town10HD_Opt,2026-03-05 12:02:09.022699,-110.36570739746094,-5.527390480041504,0.0019947811961174,0.0,-0.155,0.0,0.049,0,0,1,,0.85,2026-03-05T12:02:09.022699,neutral,0.594,2026-03-05T12:02:09.022699,0.5662486828400851,2026-03-05T12:02:09.017000,66,,,
participant_01,5,day,Town10HD_Opt,2026-03-05 12:02:10.175785,-110.36570739746094,-5.526575088500977,0.001919784466736,0.007,-0.155,0.0,0.0,0,0,1,,0.862,2026-03-05T12:02:10.175785,neutral,0.594,2026-03-05T12:02:09.022699,0.6191600184456921,2026-03-05T12:02:10.007000,65,,,
participant_01,5,day,Town10HD_Opt,2026-03-05 12:02:11.047953,-110.36570739746094,-5.526594638824463,0.0019187927246093,0.006,-0.134,0.0,0.0,0,0,1,,1.0,2026-03-05T12:02:11.047953,neutral,0.795,2026-03-05T12:02:11.047953,0.6370888245874232,2026-03-05T12:02:10.997000,66,,,
participant_01,5,day,Town10HD_Opt,2026-03-05 12:02:12.239754,-110.36570739746094,-5.526492595672607,0.0019187927246093,0.006,-0.132,0.0,0.0,0,0,1,,1.0,2026-03-05T12:02:12.239754,neutral,0.795,2026-03-05T12:02:11.047953,0.629543455780312,2026-03-05T12:02:11.987000,66,,,
participant_01,5,day,Town10HD_Opt,2026-03-05 12:02:13.138897,-110.36570739746094,-5.526559829711914,0.0019189452286809,0.006,-0.115,0.0,0.0,0,0,1,,0.864,2026-03-05T12:02:13.138897,neutral,0.586,2026-03-05T12:02:13.138897,0.611175360330273,2026-03-05T12:02:12.977000,66,,,
participant_01,5,day,Town10HD_Opt,2026-03-05 12:02:14.044328,-110.36570739746094,-5.526400089263916,0.0019190978491678,0.002,-0.082,0.0,0.0,0,0,1,,0.88,2026-03-05T12:02:14.044328,neutral,0.586,2026-03-05T12:02:13.138897,0.6321742249483694,2026-03-05T12:02:14.012000,63,,,
participant_01,5,day,Town10HD_Opt,2026-03-05 12:02:15.261664,-110.36570739746094,-5.52631950378418,0.0019190596649423,0.002,-0.073,0.0,0.0,0,0,1,,0.913,2026-03-05T12:02:15.261664,neutral,0.83,2026-03-05T12:02:15.261664,0.6369422922387674,2026-03-05T12:02:15.005000,63,,,
participant_01,5,day,Town10HD_Opt,2026-03-05 12:02:16.217997,-110.36570739746094,-5.526111125946045,0.0019192122854292,0.001,-0.038,0.0,0.0,0,0,1,,1.0,2026-03-05T12:02:16.217997,neutral,0.83,2026-03-05T12:02:15.261664,0.6458964508251773,2026-03-05T12:02:15.992000,65,,,
participant_01,5,day,Town10HD_Opt,2026-03-05 12:02:17.144773,-110.36570739746094,-5.526084899902344,0.0019189071608707,0.006,0.002,0.0,0.0,0,0,1,,0.855,2026-03-05T12:02:17.144773,neutral,0.83,2026-03-05T12:02:15.261664,0.5949363755357061,2026-03-05T12:02:16.982000,63,,,
participant_01,5,day,Town10HD_Opt,2026-03-05 12:02:18.068889,-110.36570739746094,-5.526141166687012,0.0019187163561582,0.006,0.054,0.0,0.0,0,0,1,,0.909,2026-03-05T12:02:18.068889,neutral,0.896,2026-03-05T12:02:18.068889,0.645201627601066,2026-03-05T12:02:18.017000,64,,,
participant_01,5,day,Town10HD_Opt,2026-03-05 12:02:19.021592,-110.36570739746094,-5.5260748863220215,0.0019189834129065,0.002,0.054,0.0,0.0,0,0,1,,1.0,2026-03-05T12:02:19.021592,neutral,0.896,2026-03-05T12:02:18.068889,0.615684714837823,2026-03-05T12:02:19.008000,65,,,
participant_01,5,day,Town10HD_Opt,2026-03-05 12:02:20.188183,-110.36691284179688,-5.377023696899414,0.0016407022485509,5.711,0.078,1.0,0.0,0,0,1,,0.845,2026-03-05T12:02:20.188183,neutral,0.674,2026-03-05T12:02:20.188183,0.6719333178168612,2026-03-05T12:02:19.997000,66,,,
participant_01,5,day,Town10HD_Opt,2026-03-05 12:02:21.173368,-110.38632202148438,-3.0926735401153564,0.0016743867890909,20.773,0.082,1.0,0.0,0,0,1,,0.902,2026-03-05T12:02:21.173368,neutral,0.674,2026-03-05T12:02:20.188183,0.6326253192464818,2026-03-05T12:02:20.987000,64,,,
participant_01,5,day,Town10HD_Opt,2026-03-05 12:02:22.081695,-110.43402099609376,1.74998140335083,0.0015103931073099,36.495,0.082,0.932,0.0,0,0,1,,0.887,2026-03-05T12:02:22.081695,neutral,0.674,2026-03-05T12:02:20.188183,0.6537277424493866,2026-03-05T12:02:21.977000,64,,,
participant_01,5,day,Town10HD_Opt,2026-03-05 12:02:23.038480,-110.39911651611328,8.908342361450195,0.0019865802023559,41.582,-4.957,0.0,0.0,0,0,1,,1.0,2026-03-05T12:02:23.038480,neutral,0.531,2026-03-05T12:02:23.038480,0.6012373180944808,2026-03-05T12:02:23.012000,64,,,
participant_01,5,day,Town10HD_Opt,2026-03-05 12:02:24.012730,-109.35578918457033,15.318743705749512,0.0023493184708058,32.099,-11.868,0.0,0.0,0,0,1,,0.928,2026-03-05T12:02:24.012730,neutral,0.531,2026-03-05T12:02:23.038480,0.5936800200720125,2026-03-05T12:02:24.004000,64,,,
participant_01,5,day,Town10HD_Opt,2026-03-05 12:02:25.286547,-106.19241333007812,20.75029754638672,0.0022940435446798,22.019,-14.043,0.0,0.0,0,0,1,,0.875,2026-03-05T12:02:25.286547,neutral,0.619,2026-03-05T12:02:25.286547,0.6550786234267241,2026-03-05T12:02:24.993000,64,,,
participant_01,5,day,Town10HD_Opt,2026-03-05 12:02:26.234298,-103.58783721923828,22.90735626220703,0.0019749826751649,16.82,-13.251,0.0,0.0,0,0,1,,0.924,2026-03-05T12:02:26.234298,neutral,0.619,2026-03-05T12:02:25.286547,0.6047619811130912,2026-03-05T12:02:25.982000,64,,,
participant_01,5,day,Town10HD_Opt,2026-03-05 12:02:27.206390,-101.26416778564452,24.10556602478028,0.0020479196682572,12.921,-11.622,0.0,0.0,0,0,1,,0.931,2026-03-05T12:02:27.206390,neutral,0.619,2026-03-05T12:02:25.286547,0.5517279922802414,2026-03-05T12:02:27.152000,63,,,
participant_01,5,day,Town10HD_Opt,2026-03-05 12:02:28.205121,-99.35586547851562,24.773983001708984,0.0019794462714344,10.887,-10.694,0.527,0.0,0,0,1,,0.921,2026-03-05T12:02:28.205121,neutral,0.726,2026-03-05T12:02:28.205121,0.6161875511212899,2026-03-05T12:02:28.007000,62,,,
participant_01,5,day,Town10HD_Opt,2026-03-05 12:02:29.247656,-96.78392028808594,25.33036231994629,0.0018276607152074,20.879,-10.757,0.905,0.0,0,0,1,,0.896,2026-03-05T12:02:29.247656,neutral,0.726,2026-03-05T12:02:28.205121,0.5629763842393561,2026-03-05T12:02:28.998000,67,,,
participant_01,5,day,Town10HD_Opt,2026-03-05 12:02:30.291434,-92.34800720214844,25.53915977478028,0.001864090678282,28.367,-5.399,0.0,0.0,0,0,1,,0.945,2026-03-05T12:02:30.291434,neutral,0.406,2026-03-05T12:02:30.291434,0.5983364990889318,2026-03-05T12:02:29.990000,67,,,
participant_01,5,day,Town10HD_Opt,2026-03-05 12:02:31.017303,-89.22985076904297,25.36375999450684,0.0022072594147175,24.387,-0.021,0.0,0.0,0,0,1,,0.902,2026-03-05T12:02:31.017303,neutral,0.406,2026-03-05T12:02:30.291434,0.671775558810847,2026-03-05T12:02:30.978000,64,,,
participant_01,5,day,Town10HD_Opt,2026-03-05 12:02:32.027660,-85.41360473632812,25.17880630493164,0.0021758647635579,19.79,0.498,0.195,0.0,0,0,1,,1.0,2026-03-05T12:02:32.027660,neutral,0.406,2026-03-05T12:02:30.291434,0.5510572780709486,2026-03-05T12:02:32.012000,66,,,
participant_01,5,day,Town10HD_Opt,2026-03-05 12:02:33.066061,-82.18074035644531,25.01578712463379,0.0018607327947393,17.504,-0.949,0.13,0.0,0,0,1,,0.852,2026-03-05T12:02:33.066061,neutral,0.603,2026-03-05T12:02:33.066061,0.6132772967058094,2026-03-05T12:02:33.002000,67,,,
participant_01,5,day,Town10HD_Opt,2026-03-05 12:02:34.044303,-79.26007080078125,24.820045471191406,0.0019694135989993,15.839,-0.768,0.166,0.0,0,0,1,,0.877,2026-03-05T12:02:34.044303,neutral,0.603,2026-03-05T12:02:33.066061,0.6486394392125521,2026-03-05T12:02:33.992000,66,,,
participant_01,5,day,Town10HD_Opt,2026-03-05 12:02:35.103681,-76.59597778320312,24.620874404907227,0.0019654082134366,14.494,1.206,0.13,0.0,0,0,1,,0.926,2026-03-05T12:02:35.103681,neutral,0.849,2026-03-05T12:02:35.103681,0.6748965069630578,2026-03-05T12:02:35.027000,67,,,
participant_01,5,day,Town10HD_Opt,2026-03-05 12:02:36.089740,-74.17540740966797,24.513107299804688,0.0019633099436759,13.109,2.426,0.129,0.0,0,0,1,,0.918,2026-03-05T12:02:36.089740,neutral,0.849,2026-03-05T12:02:35.103681,0.605659217282036,2026-03-05T12:02:36.017000,67,,,
participant_01,5,day,Town10HD_Opt,2026-03-05 12:02:37.077837,-71.9744873046875,24.471866607666016,0.0019551084842532,11.98,1.631,0.129,0.0,0,0,1,,0.941,2026-03-05T12:02:37.077837,neutral,0.849,2026-03-05T12:02:35.103681,0.6048769628334701,2026-03-05T12:02:37.007000,69,,,
participant_01,5,day,Town10HD_Opt,2026-03-05 12:02:38.052879,-70.04838562011719,24.46922874450684,0.0020126339513808,9.424,1.622,0.0,0.047,0,0,1,,0.926,2026-03-05T12:02:38.052879,neutral,0.702,2026-03-05T12:02:38.052879,0.7229385476560879,2026-03-05T12:02:37.997000,68,,,
participant_01,5,day,Town10HD_Opt,2026-03-05 12:02:38.994774,-68.63101959228516,24.48903465270996,0.0020114895887672,6.396,1.608,0.0,0.07,0,0,1,,0.875,2026-03-05T12:02:38.994774,neutral,0.702,2026-03-05T12:02:38.052879,0.6534919793043173,2026-03-05T12:02:38.988000,66,,,
participant_01,5,day,Town10HD_Opt,2026-03-05 12:02:40.264151,-68.015869140625,24.503341674804688,0.0019911571871489,0.0,1.605,0.0,0.063,0,0,1,,0.937,2026-03-05T12:02:40.264151,neutral,0.773,2026-03-05T12:02:40.264151,0.6498172732565783,2026-03-05T12:02:40.022000,67,,,
participant_01,5,day,Town10HD_Opt,2026-03-05 12:02:41.248245,-68.01570129394531,24.50335693359375,0.0019215393112972,0.001,1.565,0.0,0.0,0,0,1,,0.948,2026-03-05T12:02:41.248245,neutral,0.773,2026-03-05T12:02:40.264151,0.7373185604873576,2026-03-05T12:02:41.012000,67,,,
participant_01,5,day,Town10HD_Opt,2026-03-05 12:02:42.178584,-67.79692077636719,24.50926780700684,0.0015783321578055,6.899,1.396,1.0,0.0,0,0,1,,0.922,2026-03-05T12:02:42.178584,neutral,0.773,2026-03-05T12:02:40.264151,0.6750966661657438,2026-03-05T12:02:42.002000,66,,,
participant_01,5,day,Town10HD_Opt,2026-03-05 12:02:43.163339,-65.31295013427734,24.587820053100582,0.0017108551692217,22.415,0.738,1.0,0.0,0,0,1,,0.913,2026-03-05T12:02:43.163339,neutral,0.921,2026-03-05T12:02:43.163339,0.6733581026837339,2026-03-05T12:02:43.038000,65,,,
participant_01,5,day,Town10HD_Opt,2026-03-05 12:02:44.074821,-60.262298583984375,24.756561279296875,0.001476633013226,37.808,-0.134,1.0,0.0,0,0,1,,0.916,2026-03-05T12:02:44.074821,neutral,0.921,2026-03-05T12:02:43.163339,0.6581165957704096,2026-03-05T12:02:44.027000,65,,,
participant_01,5,day,Town10HD_Opt,2026-03-05 12:02:45.003139,-52.48263168334961,25.03622436523437,0.0015376299852505,51.664,0.508,0.0,0.166,0,0,1,,0.872,2026-03-05T12:02:45.003139,neutral,0.921,2026-03-05T12:02:43.163339,0.6143492909067441,2026-03-05T12:02:45.018000,63,,,
participant_01,5,day,Town10HD_Opt,2026-03-05 12:02:46.166432,-40.65616607666016,25.72431373596192,0.0019659425597637,50.719,0.186,0.0,0.119,0,0,1,,0.936,2026-03-05T12:02:46.166432,neutral,0.913,2026-03-05T12:02:46.166432,0.6893364515522464,2026-03-05T12:02:46.008000,63,,,
participant_01,5,day,Town10HD_Opt,2026-03-05 12:02:47.059856,-31.98908424377441,26.323760986328125,0.0018204123480245,52.347,-0.282,0.0,0.24,0,0,1,,0.886,2026-03-05T12:02:47.059856,neutral,0.913,2026-03-05T12:02:46.166432,0.6776865944534958,2026-03-05T12:02:46.998000,67,,,
participant_01,5,day,Town10HD_Opt,2026-03-05 12:02:48.036940,-23.24960708618164,26.874589920043945,0.0018994909478351,51.823,0.087,0.0,0.137,0,0,1,,0.925,2026-03-05T12:02:48.036940,neutral,0.913,2026-03-05T12:02:46.166432,0.6570562265900481,2026-03-05T12:02:47.989000,66,,,
participant_01,5,day,Town10HD_Opt,2026-03-05 12:02:49.246535,-12.34069538116455,27.584205627441406,0.0022210297174751,38.655,-0.108,0.0,0.0,0,0,1,,0.865,2026-03-05T12:02:49.246535,neutral,0.834,2026-03-05T12:02:49.246535,0.6396556520054205,2026-03-05T12:02:49.068000,66,,,
participant_01,5,day,Town10HD_Opt,2026-03-05 12:02:50.174852,-6.182863712310791,27.96372413635254,0.0022290030028671,31.903,-0.322,0.441,0.0,0,0,1,,0.887,2026-03-05T12:02:50.174852,neutral,0.834,2026-03-05T12:02:49.246535,0.6396157876029394,2026-03-05T12:02:50.012000,64,,,
participant_01,5,day,Town10HD_Opt,2026-03-05 12:02:51.110958,-0.5887485146522522,28.243343353271484,0.0020199203863739,32.498,-0.618,0.434,0.0,0,0,1,,0.826,2026-03-05T12:02:51.110958,neutral,0.834,2026-03-05T12:02:49.246535,0.6978079091583674,2026-03-05T12:02:51,66,,,
participant_01,5,day,Town10HD_Opt,2026-03-05 12:02:52.058384,5.166007518768311,28.432159423828125,0.0020170211791992,33.377,-0.611,0.429,0.0,0,0,1,,1.0,2026-03-05T12:02:52.058384,neutral,0.704,2026-03-05T12:02:52.058384,0.6646568510482271,2026-03-05T12:02:51.993000,64,,,
participant_01,5,day,Town10HD_Opt,2026-03-05 12:02:53.210206,13.034537315368652,28.528600692749023,0.0020243453327566,34.135,-0.432,0.426,0.0,0,0,1,,0.837,2026-03-05T12:02:53.210206,neutral,0.704,2026-03-05T12:02:52.058384,0.6787461320351154,2026-03-05T12:02:53.028000,64,,,
participant_01,5,day,Town10HD_Opt,2026-03-05 12:02:54.159581,19.041963577270508,28.519962310791016,0.0020371244754642,34.393,0.193,0.358,0.0,0,0,1,,0.88,2026-03-05T12:02:54.159581,neutral,0.795,2026-03-05T12:02:54.159581,0.7155042997718218,2026-03-05T12:02:54.018000,64,Solid line crossing,Solid line crossing,
participant_01,5,day,Town10HD_Opt,2026-03-05 12:02:55.163456,24.895282745361328,28.56233024597168,0.0021551509853452,31.549,3.325,0.202,0.0,0,0,1,,0.976,2026-03-05T12:02:55.163456,neutral,0.795,2026-03-05T12:02:54.159581,0.7156270108036864,2026-03-05T12:02:55.007000,64,,,
participant_01,5,day,Town10HD_Opt,2026-03-05 12:02:56.092727,30.0723819732666,29.074098587036133,0.0020337291061878,27.663,8.615,0.203,0.0,0,0,1,,0.941,2026-03-05T12:02:56.092727,neutral,0.795,2026-03-05T12:02:54.159581,0.7849996158780883,2026-03-05T12:02:55.999000,65,,,
participant_01,5,day,Town10HD_Opt,2026-03-05 12:02:57.012532,34.38377380371094,30.5232162475586,0.0021509164944291,24.575,15.753,0.284,0.0,0,0,1,,0.844,2026-03-05T12:02:57.012532,neutral,0.806,2026-03-05T12:02:57.012532,0.6608539024775386,2026-03-05T12:02:56.987000,64,Stop sign violation,stop_sign_id=1062,
participant_01,5,day,Town10HD_Opt,2026-03-05 12:02:58.221039,38.30358123779297,34.206539154052734,0.0021336360368877,22.253,20.46,0.281,0.0,0,0,1,,0.882,2026-03-05T12:02:58.221039,neutral,0.806,2026-03-05T12:02:57.012532,0.7633048711111614,2026-03-05T12:02:58.023000,67,,,
participant_01,5,day,Town10HD_Opt,2026-03-05 12:02:59.142464,39.61089706420898,37.7316780090332,0.0021146007347851,20.976,17.201,0.273,0.0,0,0,1,,0.911,2026-03-05T12:02:59.142464,neutral,0.836,2026-03-05T12:02:59.142464,0.7430843423575841,2026-03-05T12:02:59.014000,68,,,
participant_01,5,day,Town10HD_Opt,2026-03-05 12:03:00.053559,40.05664443969727,41.241947174072266,0.0021595759317278,18.625,2.32,0.0,0.0,0,0,1,,0.878,2026-03-05T12:03:00.053559,neutral,0.836,2026-03-05T12:02:59.142464,0.7416251121862737,2026-03-05T12:03:00.002000,68,,,
participant_01,5,day,Town10HD_Opt,2026-03-05 12:03:01.212204,40.31018829345703,44.95891952514648,0.0020306773949414,13.329,3.919,0.066,0.0,0,0,1,,0.898,2026-03-05T12:03:01.212204,neutral,0.52,2026-03-05T12:03:01.212204,0.767026005334697,2026-03-05T12:03:00.992000,64,,,
participant_01,5,day,Town10HD_Opt,2026-03-05 12:03:02.121081,40.35352325439453,47.08535385131836,0.0020164486486464,10.527,0.865,0.0,0.0,0,0,1,,0.895,2026-03-05T12:03:02.121081,neutral,0.52,2026-03-05T12:03:01.212204,0.7914957499157413,2026-03-05T12:03:02.028000,67,,,
participant_01,5,day,Town10HD_Opt,2026-03-05 12:03:03.027729,40.37986755371094,48.72378921508789,0.0020016857888549,7.991,0.999,0.075,0.0,0,0,1,,0.853,2026-03-05T12:03:03.027729,neutral,0.52,2026-03-05T12:03:01.212204,0.7962713366134073,2026-03-05T12:03:03.018000,66,,,
participant_01,5,day,Town10HD_Opt,2026-03-05 12:03:04.208617,40.39064025878906,50.36783599853516,0.0019741056021302,5.857,0.978,0.0,0.0,0,0,1,,0.91,2026-03-05T12:03:04.208617,neutral,0.912,2026-03-05T12:03:04.208617,0.7326163249493312,2026-03-05T12:03:04.007000,67,,,
participant_01,5,day,Town10HD_Opt,2026-03-05 12:03:05.082193,40.39011764526367,51.28009796142578,0.0019621273968368,4.496,0.978,0.0,0.0,0,0,1,,0.865,2026-03-05T12:03:05.082193,neutral,0.912,2026-03-05T12:03:04.208617,0.7716652203893581,2026-03-05T12:03:04.998000,69,,,
participant_01,5,day,Town10HD_Opt,2026-03-05 12:03:06.235101,40.38501739501953,52.17557144165039,0.0019493482541292,3.114,0.978,0.0,0.0,0,0,1,,0.899,2026-03-05T12:03:06.235101,neutral,0.925,2026-03-05T12:03:06.235101,0.8045574356355293,2026-03-05T12:03:05.988000,71,,,
participant_01,5,day,Town10HD_Opt,2026-03-05 12:03:07.089205,40.38257598876953,52.45167922973633,0.0020055386703461,0.0,0.959,0.0,0.103,0,0,1,,0.949,2026-03-05T12:03:07.089205,neutral,0.925,2026-03-05T12:03:06.235101,0.7582313555451247,2026-03-05T12:03:07.022000,70,,,
participant_01,5,day,Town10HD_Opt,2026-03-05 12:03:08.220001,40.38197708129883,52.5024299621582,0.001768379821442,3.233,0.853,1.0,0.0,0,0,1,,0.876,2026-03-05T12:03:08.220001,neutral,0.925,2026-03-05T12:03:06.235101,0.7487172173878103,2026-03-05T12:03:08.013000,69,,,
participant_01,5,day,Town10HD_Opt,2026-03-05 12:03:09.102325,40.36442947387695,54.33930969238281,0.0014461918035522,19.261,-2.344,0.973,0.0,0,0,1,,0.81,2026-03-05T12:03:09.102325,neutral,0.568,2026-03-05T12:03:09.102325,0.6870632812767531,2026-03-05T12:03:09.004000,69,,,
participant_01,5,day,Town10HD_Opt,2026-03-05 12:03:10.053455,40.73479461669922,58.30817794799805,0.001878929673694,25.496,-10.506,0.468,0.0,0,0,1,,0.954,2026-03-05T12:03:10.053455,neutral,0.568,2026-03-05T12:03:09.102325,0.7347808356414565,2026-03-05T12:03:09.992000,66,,,
participant_01,5,day,Town10HD_Opt,2026-03-05 12:03:11.171462,43.05368041992188,64.15763092041016,0.0019878770690411,28.822,-13.475,0.479,0.0,0,0,1,,0.936,2026-03-05T12:03:11.171462,sad,0.626,2026-03-05T12:03:11.171462,0.6993234056184383,2026-03-05T12:03:10.984000,67,,,
participant_01,5,day,Town10HD_Opt,2026-03-05 12:03:12.062324,46.61740493774414,67.86772155761719,0.0020383452065289,30.2,-16.401,0.366,0.0,0,0,1,,0.921,2026-03-05T12:03:12.062324,sad,0.626,2026-03-05T12:03:11.171462,0.6899512582520685,2026-03-05T12:03:12.018000,68,,,
participant_01,5,day,Town10HD_Opt,2026-03-05 12:03:12.999702,51.36407470703125,69.9485092163086,0.0021163173951208,28.951,-11.363,0.231,0.0,0,0,1,,0.896,2026-03-05T12:03:12.999702,sad,0.626,2026-03-05T12:03:11.171462,0.7024357614452847,2026-03-05T12:03:13.007000,69,,,
participant_01,5,day,Town10HD_Opt,2026-03-05 12:03:14.183727,57.51288604736328,70.49752044677734,0.00219028419815,23.577,-5.917,0.204,0.0,0,0,1,,0.889,2026-03-05T12:03:14.183727,sad,0.336,2026-03-05T12:03:14.183727,0.673315418514755,2026-03-05T12:03:13.998000,70,,,
participant_01,5,day,Town10HD_Opt,2026-03-05 12:03:15.069137,61.46604919433594,70.26716613769531,0.0020687482319772,22.242,1.652,0.341,0.0,0,0,1,,0.846,2026-03-05T12:03:15.069137,sad,0.336,2026-03-05T12:03:14.183727,0.6356590578220986,2026-03-05T12:03:14.988000,73,,,
participant_01,5,day,Town10HD_Opt,2026-03-05 12:03:16.228557,66.71763610839844,70.121826171875,0.002018318278715,23.039,0.602,0.378,0.0,0,0,1,,0.835,2026-03-05T12:03:16.228557,neutral,0.901,2026-03-05T12:03:16.228557,0.5816749109671417,2026-03-05T12:03:16.068000,73,,,
participant_01,5,day,Town10HD_Opt,2026-03-05 12:03:17.057543,70.80083465576172,70.06865692138672,0.0020391463767737,23.383,0.338,0.288,0.0,0,0,1,,0.883,2026-03-05T12:03:17.057543,neutral,0.901,2026-03-05T12:03:16.228557,0.6624010257823766,2026-03-05T12:03:17.012000,72,Solid line crossing,Solid line crossing,
participant_01,5,day,Town10HD_Opt,2026-03-05 12:03:18.140728,76.11720275878906,70.04415130615234,0.0020643232855945,22.35,0.367,0.472,0.0,0,0,1,,0.919,2026-03-05T12:03:18.140728,neutral,0.901,2026-03-05T12:03:16.228557,0.6644216621288098,2026-03-05T12:03:18.003000,70,,,
participant_01,5,day,Town10HD_Opt,2026-03-05 12:03:18.991423,80.20828247070312,70.06204986572266,0.0019631197210401,24.768,0.367,0.456,0.0,0,0,1,,0.851,2026-03-05T12:03:18.991423,neutral,0.696,2026-03-05T12:03:18.991423,0.6184387744166959,2026-03-05T12:03:18.993000,69,,,
participant_01,5,day,Town10HD_Opt,2026-03-05 12:03:20.131200,86.29753875732422,70.293212890625,0.0019855499267578,27.485,7.069,0.442,0.0,0,0,1,,0.833,2026-03-05T12:03:20.131200,neutral,0.696,2026-03-05T12:03:18.991423,0.6236775457182998,2026-03-05T12:03:20.028000,67,,,
participant_01,5,day,Town10HD_Opt,2026-03-05 12:03:21.250955,92.63433074951172,72.06046295166016,0.0020188521593809,29.228,12.444,0.445,0.0,0,0,1,,0.891,2026-03-05T12:03:21.250955,neutral,0.648,2026-03-05T12:03:21.250955,0.6344209942039157,2026-03-05T12:03:21.018000,66,,,
participant_01,5,day,Town10HD_Opt,2026-03-05 12:03:22.174703,96.68887329101562,75.19938659667969,0.0020537183154374,30.071,18.969,0.449,0.0,0,0,1,,0.818,2026-03-05T12:03:22.174703,neutral,0.648,2026-03-05T12:03:21.250955,0.697459916640961,2026-03-05T12:03:22.008000,63,,,
participant_01,5,day,Town10HD_Opt,2026-03-05 12:03:23.108734,98.96172332763672,79.95845031738281,0.002058524871245,30.966,18.181,0.45,0.0,0,0,1,,0.862,2026-03-05T12:03:23.108734,neutral,0.648,2026-03-05T12:03:21.250955,0.57160026182344,2026-03-05T12:03:22.998000,65,,,
participant_01,5,day,Town10HD_Opt,2026-03-05 12:03:24.246179,98.99698638916016,87.33479309082031,0.0020082092378288,32.698,1.457,0.445,0.0,0,0,1,,1.0,2026-03-05T12:03:24.246179,neutral,0.601,2026-03-05T12:03:24.246179,0.6177289845415681,2026-03-05T12:03:23.988000,67,,,
participant_01,5,day,Town10HD_Opt,2026-03-05 12:03:25.126668,98.45132446289062,93.11368560791016,0.0020253753755241,33.4,1.311,0.327,0.0,0,0,1,,1.0,2026-03-05T12:03:25.126668,neutral,0.601,2026-03-05T12:03:24.246179,0.565429655011162,2026-03-05T12:03:25.023000,65,,,
participant_01,5,day,Town10HD_Opt,2026-03-05 12:03:26.224101,97.3162612915039,100.60140228271484,0.0020947263110429,31.373,3.73,0.326,0.0,0,0,1,,0.888,2026-03-05T12:03:26.224101,neutral,0.601,2026-03-05T12:03:24.246179,0.6488013119258932,2026-03-05T12:03:26.013000,65,,,
participant_01,5,day,Town10HD_Opt,2026-03-05 12:03:27.080187,95.88055419921876,105.7825927734375,0.002089538378641,29.997,4.461,0.327,0.0,0,0,1,,0.885,2026-03-05T12:03:27.080187,neutral,0.678,2026-03-05T12:03:27.080187,0.6285502378249505,2026-03-05T12:03:27.002000,65,,,
participant_01,5,day,Town10HD_Opt,2026-03-05 12:03:28.209619,93.17195892333984,112.05545043945312,0.0020741650369018,28.676,4.822,0.343,0.0,0,0,1,,0.884,2026-03-05T12:03:28.209619,neutral,0.678,2026-03-05T12:03:27.080187,0.6424282580939139,2026-03-05T12:03:27.993000,66,,,
participant_01,5,day,Town10HD_Opt,2026-03-05 12:03:29.096871,90.5759048461914,116.28558349609376,0.0020650099031627,28.039,5.08,0.35,0.0,0,0,1,,1.0,2026-03-05T12:03:29.096871,neutral,0.465,2026-03-05T12:03:29.096871,0.6404334760801139,2026-03-05T12:03:29.029000,63,,,
participant_01,5,day,Town10HD_Opt,2026-03-05 12:03:30.056405,87.52433776855469,120.0808334350586,0.0020619963761419,27.6,5.834,0.351,0.0,0,0,1,,0.894,2026-03-05T12:03:30.056405,neutral,0.465,2026-03-05T12:03:29.096871,0.6679369037246115,2026-03-05T12:03:30.018000,63,,,
participant_01,5,day,Town10HD_Opt,2026-03-05 12:03:31.246514,82.73661041259766,124.28816223144533,0.0020561979617923,27.196,6.941,0.379,0.0,0,0,1,,0.874,2026-03-05T12:03:31.246514,neutral,0.583,2026-03-05T12:03:31.246514,0.6418338921592095,2026-03-05T12:03:31.007000,64,,,
participant_01,5,day,Town10HD_Opt,2026-03-05 12:03:32.199987,78.64088439941406,126.7380828857422,0.0020343016367405,27.509,4.442,0.393,0.0,0,0,1,,1.0,2026-03-05T12:03:32.199987,neutral,0.583,2026-03-05T12:03:31.246514,0.6405288918828743,2026-03-05T12:03:31.998000,67,,,
participant_01,5,day,Town10HD_Opt,2026-03-05 12:03:33.126250,74.20256042480469,128.7098846435547,0.0020238875877112,28.179,6.684,0.417,0.0,0,0,1,,0.925,2026-03-05T12:03:33.126250,neutral,0.583,2026-03-05T12:03:31.246514,0.5466871859805932,2026-03-05T12:03:32.988000,64,,,
participant_01,5,day,Town10HD_Opt,2026-03-05 12:03:34.060705,69.32566833496094,130.00379943847656,0.0019439317984506,30.651,6.312,0.613,0.0,0,0,1,,0.913,2026-03-05T12:03:34.060705,neutral,0.755,2026-03-05T12:03:34.060705,0.6190354081754766,2026-03-05T12:03:34.023000,64,,,
participant_01,5,day,Town10HD_Opt,2026-03-05 12:03:35.031168,63.61692810058594,130.64024353027344,0.0019172672182321,34.934,2.468,0.446,0.0,0,0,1,,0.958,2026-03-05T12:03:35.031168,neutral,0.755,2026-03-05T12:03:34.060705,0.5244140639969109,2026-03-05T12:03:35.013000,67,,,
participant_01,5,day,Town10HD_Opt,2026-03-05 12:03:36.245850,55.32217025756836,130.80398559570312,0.0020186617039144,36.111,1.288,0.445,0.0,0,0,1,,1.0,2026-03-05T12:03:36.245850,neutral,0.897,2026-03-05T12:03:36.245850,0.5097137918715117,2026-03-05T12:03:36.003000,70,,,
participant_01,5,day,Town10HD_Opt,2026-03-05 12:03:37.184919,48.95540237426758,130.60968017578125,0.0020229339133948,36.733,0.183,0.445,0.0,0,0,1,,0.872,2026-03-05T12:03:37.184919,neutral,0.897,2026-03-05T12:03:36.245850,0.5291422766705907,2026-03-05T12:03:36.993000,72,,,
participant_01,5,day,Town10HD_Opt,2026-03-05 12:03:38.048646,42.48771286010742,130.3811798095703,0.0020254515111446,37.27,-0.825,0.445,0.0,0,0,1,,1.0,2026-03-05T12:03:38.048646,neutral,0.897,2026-03-05T12:03:36.245850,0.5123853040984419,2026-03-05T12:03:37.983000,71,,,
participant_01,5,day,Town10HD_Opt,2026-03-05 12:03:39.265051,33.724605560302734,130.29930114746094,0.0020285034552216,37.896,-0.153,0.445,0.0,0,0,1,,1.0,2026-03-05T12:03:39.265051,neutral,0.757,2026-03-05T12:03:39.265051,0.4344343014871716,2026-03-05T12:03:39.108000,72,,,
participant_01,5,day,Town10HD_Opt,2026-03-05 12:03:40.150580,27.065719604492188,130.31253051757812,0.0020304108038544,38.276,-0.009,0.445,0.0,0,0,1,,1.0,2026-03-05T12:03:40.150580,neutral,0.757,2026-03-05T12:03:39.265051,0.447377401905515,2026-03-05T12:03:40.008000,75,,,
participant_01,5,day,Town10HD_Opt,2026-03-05 12:03:41.026019,20.34415435791016,130.3285369873047,0.0020319747272878,38.586,0.056,0.445,0.0,0,0,1,,1.0,2026-03-05T12:03:41.026019,neutral,0.757,2026-03-05T12:03:39.265051,0.4928379862512499,2026-03-05T12:03:40.998000,77,,,
participant_01,5,day,Town10HD_Opt,2026-03-05 12:03:42.190259,11.299034118652344,130.325927734375,0.0020338057074695,38.959,0.179,0.444,0.0,0,0,1,,1.0,2026-03-05T12:03:42.190259,neutral,0.777,2026-03-05T12:03:42.190259,0.3575751111151071,2026-03-05T12:03:41.989000,78,,,
participant_01,5,day,Town10HD_Opt,2026-03-05 12:03:43.043050,4.631786823272705,130.2779998779297,0.0022307196632027,34.955,0.282,0.0,0.0,0,0,1,,1.0,2026-03-05T12:03:43.043050,neutral,0.777,2026-03-05T12:03:42.190259,0.4647173432169799,2026-03-05T12:03:43.023000,75,,,
participant_01,5,day,Town10HD_Opt,2026-03-05 12:03:44.166628,-2.3556365966796875,130.16099548339844,0.0022813405375927,24.607,0.136,0.0,0.0,0,0,1,,0.822,2026-03-05T12:03:44.166628,neutral,0.777,2026-03-05T12:03:42.190259,0.3846406355198112,2026-03-05T12:03:44.013000,76,,,
participant_01,5,day,Town10HD_Opt,2026-03-05 12:03:45.106710,-6.1677985191345215,130.08477783203125,0.002211989602074,19.06,-0.275,0.462,0.0,0,0,1,,0.926,2026-03-05T12:03:45.106710,neutral,0.899,2026-03-05T12:03:45.106710,0.2907983802390647,2026-03-05T12:03:45.003000,74,,,
participant_01,5,day,Town10HD_Opt,2026-03-05 12:03:46.215438,-11.122110366821287,130.01239013671875,0.0018278510542586,25.706,-0.045,0.642,0.0,0,0,1,,0.896,2026-03-05T12:03:46.215438,neutral,0.899,2026-03-05T12:03:45.106710,0.3166393042371546,2026-03-05T12:03:45.994000,70,,,
participant_01,5,day,Town10HD_Opt,2026-03-05 12:03:47.031899,-16.155988693237305,129.94650268554688,0.0018270118162035,32.368,-0.019,0.642,0.0,0,0,1,,1.0,2026-03-05T12:03:47.031899,neutral,0.899,2026-03-05T12:03:45.106710,0.3267694720670631,2026-03-05T12:03:47.028000,71,,,
participant_01,5,day,Town10HD_Opt,2026-03-05 12:03:48.224195,-24.566823959350582,129.81942749023438,0.0018786245491355,39.626,1.88,0.173,0.0,0,0,1,,1.0,2026-03-05T12:03:48.224195,neutral,0.746,2026-03-05T12:03:48.224195,0.3363514015451612,2026-03-05T12:03:48.019000,74,,,
participant_01,5,day,Town10HD_Opt,2026-03-05 12:03:49.154094,-31.053544998168945,129.32655334472656,0.0023001851513981,32.749,7.644,0.0,0.0,0,0,1,,1.0,2026-03-05T12:03:49.154094,neutral,0.746,2026-03-05T12:03:48.224195,0.3591200432314573,2026-03-05T12:03:49.008000,73,,,
participant_01,5,day,Town10HD_Opt,2026-03-05 12:03:50.036010,-35.854373931884766,127.75682067871094,0.0022900763433426,25.345,18.518,0.287,0.0,0,0,1,,0.838,2026-03-05T12:03:50.036010,neutral,0.746,2026-03-05T12:03:48.224195,0.2631693683860079,2026-03-05T12:03:49.999000,72,,,
participant_01,5,day,Town10HD_Opt,2026-03-05 12:03:51.206880,-39.85272979736328,123.64746856689452,0.0020213318057358,26.032,18.543,0.464,0.0,0,0,1,,0.913,2026-03-05T12:03:51.206880,neutral,0.608,2026-03-05T12:03:51.206880,0.386780749275577,2026-03-05T12:03:50.988000,72,,,
participant_01,5,day,Town10HD_Opt,2026-03-05 12:03:52.174106,-41.26162338256836,119.18767547607422,0.0036412416957318,28.233,11.262,0.46,0.0,0,0,1,,0.901,2026-03-05T12:03:52.174106,neutral,0.608,2026-03-05T12:03:51.206880,0.3451049532434755,2026-03-05T12:03:52.023000,75,,,
participant_01,5,day,Town10HD_Opt,2026-03-05 12:03:53.199502,-41.57476806640625,114.11468505859376,0.0019656375516206,30.111,-0.364,0.456,0.0,0,0,1,,0.858,2026-03-05T12:03:53.199502,neutral,0.608,2026-03-05T12:03:51.206880,0.4509294764405132,2026-03-05T12:03:53.014000,74,,,
participant_01,5,day,Town10HD_Opt,2026-03-05 12:03:54.139579,-41.69512176513672,108.71482849121094,0.001990966964513,31.746,2.473,0.456,0.0,0,0,1,,0.867,2026-03-05T12:03:54.139579,neutral,0.595,2026-03-05T12:03:54.139579,0.3915015047467119,2026-03-05T12:03:54.003000,72,,,
participant_01,5,day,Town10HD_Opt,2026-03-05 12:03:55.070958,-41.557899475097656,103.10321044921876,0.0020634841639548,31.741,-0.938,0.319,0.0,0,0,1,,0.863,2026-03-05T12:03:55.070958,neutral,0.595,2026-03-05T12:03:54.139579,0.44702242044578,2026-03-05T12:03:54.993000,75,,,
participant_01,5,day,Town10HD_Opt,2026-03-05 12:03:56.271148,-41.5013427734375,95.91549682617188,0.0020896908827126,29.697,-0.618,0.319,0.0,0,0,1,,1.0,2026-03-05T12:03:56.271148,neutral,0.908,2026-03-05T12:03:56.271148,0.4627225327730426,2026-03-05T12:03:56.028000,71,,,
participant_01,5,day,Town10HD_Opt,2026-03-05 12:03:57.234227,-41.56448745727539,90.80841827392578,0.0020819853525608,28.556,-0.508,0.36,0.0,0,0,1,,0.825,2026-03-05T12:03:57.234227,neutral,0.908,2026-03-05T12:03:56.271148,0.4656395033151195,2026-03-05T12:03:57.018000,71,,,
participant_01,5,day,Town10HD_Opt,2026-03-05 12:03:58.110641,-41.645633697509766,85.84606170654297,0.002055816585198,28.183,1.293,0.346,0.0,0,0,1,,1.0,2026-03-05T12:03:58.110641,neutral,0.908,2026-03-05T12:03:56.271148,0.3996523038579714,2026-03-05T12:03:58.008000,72,,,
participant_01,5,day,Town10HD_Opt,2026-03-05 12:03:59.030191,-41.48769760131836,80.9735107421875,0.0020714185666292,27.37,7.107,0.327,0.0,0,0,1,,1.0,2026-03-05T12:03:59.030191,sad,0.484,2026-03-05T12:03:59.030191,0.3991405672676179,2026-03-05T12:03:58.999000,77,,,
participant_01,5,day,Town10HD_Opt,2026-03-05 12:04:00.262186,-39.73436737060547,75.07088470458984,0.0021210857667028,25.846,21.884,0.359,0.0,0,0,1,,0.892,2026-03-05T12:04:00.262186,sad,0.484,2026-03-05T12:03:59.030191,0.4133096416049382,2026-03-05T12:03:59.988000,77,,,
participant_01,5,day,Town10HD_Opt,2026-03-05 12:04:01.152413,-36.50766372680664,72.03250122070312,0.0020989223849028,25.573,21.729,0.378,0.0,0,0,1,,1.0,2026-03-05T12:04:01.152413,sad,0.381,2026-03-05T12:04:01.152413,0.4477580685916279,2026-03-05T12:04:01.023000,76,,,
participant_01,5,day,Town10HD_Opt,2026-03-05 12:04:02.091171,-32.274654388427734,70.57160186767578,0.0020442581735551,26.041,5.858,0.378,0.0,0,0,1,,0.849,2026-03-05T12:04:02.091171,sad,0.381,2026-03-05T12:04:01.152413,0.4018807627863043,2026-03-05T12:04:02.014000,74,,,
participant_01,5,day,Town10HD_Opt,2026-03-05 12:04:03.030848,-27.758007049560547,69.76403045654297,0.0020372772123664,26.416,8.961,0.39,0.0,0,0,1,,0.852,2026-03-05T12:04:03.030848,sad,0.381,2026-03-05T12:04:01.152413,0.4175380746328609,2026-03-05T12:04:03.003000,74,,,
participant_01,5,day,Town10HD_Opt,2026-03-05 12:04:04.237210,-21.51719856262207,69.75885772705078,0.0020245360210537,27.219,-2.047,0.39,0.0,0,0,1,,1.0,2026-03-05T12:04:04.237210,neutral,0.458,2026-03-05T12:04:04.237210,0.4332523262300489,2026-03-05T12:04:03.993000,72,,,
participant_01,5,day,Town10HD_Opt,2026-03-05 12:04:05.110835,-16.710216522216797,69.79547882080078,0.0020257185678929,27.764,1.358,0.39,0.0,0,0,1,,1.0,2026-03-05T12:04:05.110835,neutral,0.458,2026-03-05T12:04:04.237210,0.3861128965345562,2026-03-05T12:04:05.029000,70,,,
participant_01,5,day,Town10HD_Opt,2026-03-05 12:04:05.991559,-11.813665390014648,69.92599487304688,0.0020276259165257,28.253,0.418,0.391,0.0,0,0,1,,1.0,2026-03-05T12:04:05.991559,neutral,0.458,2026-03-05T12:04:04.237210,0.3835842420433062,2026-03-05T12:04:06.018000,72,,,
participant_01,5,day,Town10HD_Opt,2026-03-05 12:04:07.107326,-5.181028842926025,70.13428497314453,0.0020585632883012,28.159,-0.74,0.31,0.0,0,0,1,,1.0,2026-03-05T12:04:07.107326,neutral,0.9,2026-03-05T12:04:07.107326,0.4159780183203113,2026-03-05T12:04:07.009000,70,,,
participant_01,5,day,Town10HD_Opt,2026-03-05 12:04:07.997625,-0.3393271565437317,70.18739318847656,0.0020824812818318,26.999,-0.402,0.31,0.0,0,0,1,,1.0,2026-03-05T12:04:07.997625,neutral,0.9,2026-03-05T12:04:07.107326,0.4212757261745365,2026-03-05T12:04:07.998000,71,,,
participant_01,5,day,Town10HD_Opt,2026-03-05 12:04:09.126203,5.740139007568359,70.14456939697266,0.0021746058482676,23.592,0.223,0.0,0.0,0,0,1,,0.838,2026-03-05T12:04:09.126203,neutral,0.937,2026-03-05T12:04:09.126203,0.4396639927765366,2026-03-05T12:04:09.033000,74,,,
participant_01,5,day,Town10HD_Opt,2026-03-05 12:04:10.249475,10.40103816986084,70.0994644165039,0.001966132549569,16.492,0.023,0.0,0.0,0,0,1,,0.837,2026-03-05T12:04:10.249475,neutral,0.937,2026-03-05T12:04:09.126203,0.4491840365745331,2026-03-05T12:04:10.023000,77,,,
participant_01,5,day,Town10HD_Opt,2026-03-05 12:04:11.071480,13.055770874023438,70.07469940185547,0.0019481275230646,14.673,-0.026,0.24,0.0,0,0,1,,0.826,2026-03-05T12:04:11.071480,neutral,0.937,2026-03-05T12:04:09.126203,0.3783460607536049,2026-03-05T12:04:11.014000,78,,,
participant_01,5,day,Town10HD_Opt,2026-03-05 12:04:11.990375,15.63493537902832,70.05208587646484,0.0019290923373773,14.591,0.148,0.258,0.0,0,0,1,,0.836,2026-03-05T12:04:11.990375,neutral,0.607,2026-03-05T12:04:11.990375,0.3748251762987283,2026-03-05T12:04:12.004000,78,,,
participant_01,5,day,Town10HD_Opt,2026-03-05 12:04:13.115398,19.23953628540039,70.02992248535156,0.0018678666092455,16.591,0.139,0.305,0.0,0,0,1,,0.866,2026-03-05T12:04:13.115398,neutral,0.607,2026-03-05T12:04:11.990375,0.3534784820739468,2026-03-05T12:04:12.994000,76,,,
participant_01,5,day,Town10HD_Opt,2026-03-05 12:04:14.244075,22.84344482421875,70.01699829101562,0.0020598215050995,12.579,0.129,0.0,0.12,0,0,1,,0.847,2026-03-05T12:04:14.244075,neutral,0.495,2026-03-05T12:04:14.244075,0.4328064696401277,2026-03-05T12:04:14.029000,74,,,
participant_01,5,day,Town10HD_Opt,2026-03-05 12:04:15.112398,24.73556900024414,70.01393127441406,0.0020297998562455,9.042,0.129,0.0,0.003,0,0,1,,0.836,2026-03-05T12:04:15.112398,neutral,0.495,2026-03-05T12:04:14.244075,0.3554977499683694,2026-03-05T12:04:15.018000,71,,,
participant_01,5,day,Town10HD_Opt,2026-03-05 12:04:15.989148,26.09816551208496,70.01335906982422,0.0020193096715956,6.121,0.129,0.0,0.118,0,0,1,,0.821,2026-03-05T12:04:15.989148,neutral,0.495,2026-03-05T12:04:14.244075,0.3439537453862717,2026-03-05T12:04:16.008000,71,,,
participant_01,5,day,Town10HD_Opt,2026-03-05 12:04:17.095991,26.49357795715332,70.01343536376953,0.0019588468130677,0.003,0.129,0.0,0.0,0,0,1,,0.867,2026-03-05T12:04:17.095991,neutral,0.714,2026-03-05T12:04:17.095991,0.3316195481370114,2026-03-05T12:04:16.999000,70,,,
participant_01,5,day,Town10HD_Opt,2026-03-05 12:04:18.008832,26.915014266967773,70.01154327392578,0.0015562833286821,8.513,-1.255,0.855,0.0,0,0,1,,0.948,2026-03-05T12:04:18.008832,neutral,0.714,2026-03-05T12:04:17.095991,0.2856817730277652,2026-03-05T12:04:18.033000,71,,,errors=Stop sign violation
participant_01,5,day,Town10HD_Opt,2026-03-05 12:04:19.183813,30.52915954589844,69.77462005615234,0.001908226753585,20.834,-7.789,0.625,0.0,0,0,1,,1.0,2026-03-05T12:04:19.183813,sad,0.474,2026-03-05T12:04:19.183813,0.3628793543343121,2026-03-05T12:04:19.029000,72,,,
participant_01,5,day,Town10HD_Opt,2026-03-05 12:04:20.109604,34.49106979370117,68.78907775878906,0.001886787940748,26.032,-13.826,0.569,0.0,0,0,1,,0.869,2026-03-05T12:04:20.109604,sad,0.474,2026-03-05T12:04:19.183813,0.30274963976922,2026-03-05T12:04:20.013000,75,,,
participant_01,5,day,Town10HD_Opt,2026-03-05 12:04:21.262943,39.88451766967773,65.57482147216797,0.0022708121687173,23.39,-8.594,0.0,0.405,0,0,1,,0.843,2026-03-05T12:04:21.262943,neutral,0.515,2026-03-05T12:04:21.262943,0.2738921947675888,2026-03-05T12:04:21.003000,75,,,
participant_01,5,day,Town10HD_Opt,2026-03-05 12:04:22.127164,41.82811737060547,63.78758239746094,0.0029859119094908,0.003,-9.907,0.0,0.422,0,0,1,,0.933,2026-03-05T12:04:22.127164,neutral,0.515,2026-03-05T12:04:21.262943,0.2280983167304482,2026-03-05T12:04:21.993000,72,,,
participant_01,5,day,Town10HD_Opt,2026-03-05 12:04:23.221583,41.82907104492188,63.7865104675293,0.0019299697596579,0.003,-9.043,0.0,0.0,0,0,1,,1.0,2026-03-05T12:04:23.221583,neutral,0.515,2026-03-05T12:04:21.262943,0.226831273910221,2026-03-05T12:04:23.029000,72,,,
participant_01,5,day,Town10HD_Opt,2026-03-05 12:04:24.107219,41.84548568725586,63.76743698120117,0.0018249133136123,2.233,-12.857,0.949,0.0,0,0,1,,0.859,2026-03-05T12:04:24.107219,sad,0.34,2026-03-05T12:04:24.107219,0.2629522723122401,2026-03-05T12:04:24.019000,72,,,
participant_01,5,day,Town10HD_Opt,2026-03-05 12:04:25.236312,43.25478363037109,61.61764907836914,0.0017668165965005,19.902,-16.955,0.698,0.0,0,0,1,,0.842,2026-03-05T12:04:25.236312,sad,0.34,2026-03-05T12:04:24.107219,0.2493089018335976,2026-03-05T12:04:25.008000,69,,,
participant_01,5,day,Town10HD_Opt,2026-03-05 12:04:26.086953,44.51453399658203,58.02937698364258,0.0020425033289939,22.357,-16.332,0.18,0.0,0,0,1,,0.902,2026-03-05T12:04:26.086953,sad,0.34,2026-03-05T12:04:24.107219,0.2376107997546088,2026-03-05T12:04:25.998000,71,,,
participant_01,5,day,Town10HD_Opt,2026-03-05 12:04:27.246418,44.67182159423828,53.31887435913086,0.0021197122987359,18.169,-7.663,0.141,0.0,0,0,1,,0.841,2026-03-05T12:04:27.246418,angry,0.566,2026-03-05T12:04:27.246418,0.2654702527936086,2026-03-05T12:04:27.033000,67,,,
participant_01,5,day,Town10HD_Opt,2026-03-05 12:04:28.106715,44.36611175537109,50.14776611328125,0.0026158150285482,19.405,0.921,0.666,0.0,0,0,1,,0.928,2026-03-05T12:04:28.106715,angry,0.566,2026-03-05T12:04:27.246418,0.2726514524454353,2026-03-05T12:04:28.113000,67,,,
participant_01,5,day,Town10HD_Opt,2026-03-05 12:04:28.999415,44.11707305908203,46.16734313964844,0.0015285121044144,27.03,1.481,0.685,0.0,0,0,1,,0.954,2026-03-05T12:04:28.999415,angry,0.566,2026-03-05T12:04:27.246418,0.2869799903948816,2026-03-05T12:04:29.058000,65,,,
participant_01,5,day,Town10HD_Opt,2026-03-05 12:04:30.180327,44.00830841064453,39.08196640014648,0.0021059033460915,30.1,7.682,0.0,0.0,0,0,1,,0.944,2026-03-05T12:04:30.180327,sad,0.487,2026-03-05T12:04:30.180327,0.2611517947215003,2026-03-05T12:04:30.010000,65,,,
participant_01,5,day,Town10HD_Opt,2026-03-05 12:04:31.069409,44.88984298706055,34.44264602661133,0.002181930001825,25.102,14.577,0.402,0.0,0,0,1,,0.902,2026-03-05T12:04:31.069409,sad,0.487,2026-03-05T12:04:30.180327,0.2410045457900696,2026-03-05T12:04:30.993000,68,,,
participant_01,5,day,Town10HD_Opt,2026-03-05 12:04:32.180392,48.40774917602539,29.50858497619629,0.0019222263945266,29.562,18.558,0.613,0.0,0,0,1,,1.0,2026-03-05T12:04:32.180392,neutral,0.443,2026-03-05T12:04:32.180392,0.242391738136821,2026-03-05T12:04:32.028000,69,,,
participant_01,5,day,Town10HD_Opt,2026-03-05 12:04:33.050477,53.34185409545898,27.10944557189941,0.001977844396606,33.297,15.112,0.231,0.0,0,0,1,,1.0,2026-03-05T12:04:33.050477,neutral,0.443,2026-03-05T12:04:32.180392,0.3298274827455184,2026-03-05T12:04:33.018000,67,,,
participant_01,5,day,Town10HD_Opt,2026-03-05 12:04:34.169563,60.51421737670898,26.19013214111328,0.0021810145117342,28.29,-0.773,0.173,0.0,0,0,1,,0.926,2026-03-05T12:04:34.169563,neutral,0.443,2026-03-05T12:04:32.180392,0.2312382661220011,2026-03-05T12:04:34.008000,67,,,
participant_01,5,day,Town10HD_Opt,2026-03-05 12:04:35.056165,65.0821304321289,25.72229766845703,0.0021664805244654,23.999,0.949,0.173,0.0,0,0,1,,0.862,2026-03-05T12:04:35.056165,sad,0.355,2026-03-05T12:04:35.056165,0.2958358655081217,2026-03-05T12:04:34.998000,66,,,
participant_01,5,day,Town10HD_Opt,2026-03-05 12:04:36.253932,70.22699737548828,25.33351707458496,0.002124938648194,20.282,1.344,0.298,0.0,0,0,1,,0.911,2026-03-05T12:04:36.253932,sad,0.355,2026-03-05T12:04:35.056165,0.3020904267674467,2026-03-05T12:04:36.034000,71,,,
participant_01,5,day,Town10HD_Opt,2026-03-05 12:04:37.163114,73.60381317138672,25.183683395385746,0.0019627755973488,17.593,1.589,0.0,0.0,0,0,1,,0.917,2026-03-05T12:04:37.163114,neutral,0.466,2026-03-05T12:04:37.163114,0.2764575545430441,2026-03-05T12:04:37.024000,70,,,
participant_01,5,day,Town10HD_Opt,2026-03-05 12:04:38.030973,76.36381530761719,25.136404037475582,0.002042464679107,13.636,1.57,0.102,0.0,0,0,1,,0.889,2026-03-05T12:04:38.030973,neutral,0.466,2026-03-05T12:04:37.163114,0.352021735912678,2026-03-05T12:04:38.016000,69,,,
participant_01,5,day,Town10HD_Opt,2026-03-05 12:04:39.140964,80.5843505859375,25.18350982666016,0.0016502394573763,26.922,1.514,1.0,0.0,0,0,1,,0.915,2026-03-05T12:04:39.140964,neutral,0.466,2026-03-05T12:04:37.163114,0.3013773332975788,2026-03-05T12:04:39.004000,69,,,errors=Red light violation
participant_01,5,day,Town10HD_Opt,2026-03-05 12:04:40.256159,89.14301300048828,25.462814331054688,0.0016448226524516,45.689,-4.881,0.55,0.0,0,0,1,,1.0,2026-03-05T12:04:40.256159,neutral,0.64,2026-03-05T12:04:40.256159,0.3550246955086569,2026-03-05T12:04:39.993000,70,,,
participant_01,5,day,Town10HD_Opt,2026-03-05 12:04:41.097379,97.09361267089844,24.34026336669922,0.0021319196093827,44.491,-11.776,0.291,0.0,0,0,1,,0.844,2026-03-05T12:04:41.097379,neutral,0.64,2026-03-05T12:04:40.256159,0.267266013499876,2026-03-05T12:04:41.029000,72,,,
participant_01,5,day,Town10HD_Opt,2026-03-05 12:04:42.171584,104.68366241455078,18.894454956054688,0.0023419179487973,35.329,-15.243,0.0,0.0,0,0,1,,0.83,2026-03-05T12:04:42.171584,neutral,0.64,2026-03-05T12:04:40.256159,0.2799507571807341,2026-03-05T12:04:42.018000,72,,,
participant_01,5,day,Town10HD_Opt,2026-03-05 12:04:42.996250,106.80184936523438,13.87168312072754,0.0022977057378739,27.919,-13.609,0.856,0.0,0,0,1,,0.838,2026-03-05T12:04:42.996250,neutral,0.373,2026-03-05T12:04:42.996250,0.3384100599236714,2026-03-05T12:04:43.009000,70,,,
participant_01,5,day,Town10HD_Opt,2026-03-05 12:04:44.154076,107.21519470214844,5.789847373962402,0.0015833298675715,43.981,-1.318,0.962,0.0,0,0,1,,0.879,2026-03-05T12:04:44.154076,neutral,0.373,2026-03-05T12:04:42.996250,0.3188499480837027,2026-03-05T12:04:43.999000,71,,,
participant_01,5,day,Town10HD_Opt,2026-03-05 12:04:45.006971,107.05715942382812,-2.9014534950256348,0.0020357512403279,49.318,1.175,1.0,0.0,0,0,1,,0.832,2026-03-05T12:04:45.006971,neutral,0.865,2026-03-05T12:04:45.006971,0.4077351905721516,2026-03-05T12:04:45.044000,71,,,
participant_01,5,day,Town10HD_Opt,2026-03-05 12:04:46.043825,107.19564056396484,-14.55046844482422,0.0021652597934007,49.064,-0.632,0.978,0.0,0,0,1,,0.919,2026-03-05T12:04:46.043825,neutral,0.865,2026-03-05T12:04:45.006971,0.3659765889217083,2026-03-05T12:04:46.024000,70,,,
participant_01,5,day,Town10HD_Opt,2026-03-05 12:04:47.080301,106.98300170898438,-26.21451187133789,0.0018944937037304,51.93,-3.57,0.0,0.146,0,0,1,,0.919,2026-03-05T12:04:47.080301,angry,0.846,2026-03-05T12:04:47.080301,0.3225256047822022,2026-03-05T12:04:47.024000,70,,,errors=Solid line crossing
participant_01,5,day,Town10HD_Opt,2026-03-05 12:04:48.180350,104.63308715820312,-37.77407455444336,0.0019670871552079,50.978,-5.451,0.0,0.148,0,0,1,,0.958,2026-03-05T12:04:48.180350,angry,0.846,2026-03-05T12:04:47.080301,0.3068359172347098,2026-03-05T12:04:48.004000,69,,,
participant_01,5,day,Town10HD_Opt,2026-03-05 12:04:48.989182,100.92192840576172,-45.6186752319336,0.0018381125992164,52.176,-5.602,0.0,0.201,0,0,1,,0.946,2026-03-05T12:04:48.989182,angry,0.846,2026-03-05T12:04:47.080301,0.4121790298827403,2026-03-05T12:04:48.998000,72,,,
participant_01,5,day,Town10HD_Opt,2026-03-05 12:04:50.112044,93.26519012451172,-54.54074478149414,0.0020795057062059,49.84,-5.538,0.967,0.0,0,0,1,,0.972,2026-03-05T12:04:50.112044,neutral,0.709,2026-03-05T12:04:50.112044,0.4577436483951416,2026-03-05T12:04:50.029000,71,,,
participant_01,5,day,Town10HD_Opt,2026-03-05 12:04:51.246128,83.40193939208984,-60.73596954345703,0.0022017282899469,48.778,-3.86,0.967,0.0,0,0,1,,0.906,2026-03-05T12:04:51.246128,neutral,0.709,2026-03-05T12:04:50.112044,0.5078592105088063,2026-03-05T12:04:51.064000,73,,,
participant_01,5,day,Town10HD_Opt,2026-03-05 12:04:52.169832,75.0936279296875,-63.71146774291992,0.0022072212304919,48.714,-3.855,0.967,0.0,0,0,1,,0.926,2026-03-05T12:04:52.169832,angry,0.651,2026-03-05T12:04:52.169832,0.5777361965267069,2026-03-05T12:04:52.009000,71,,,
participant_01,5,day,Town10HD_Opt,2026-03-05 12:04:53.019249,66.4913558959961,-65.29900360107422,0.0022308724001049,47.702,-3.811,0.967,0.0,0,0,1,,0.895,2026-03-05T12:04:53.019249,angry,0.651,2026-03-05T12:04:52.169832,0.592473105736228,2026-03-05T12:04:52.998000,69,,,
participant_01,5,day,Town10HD_Opt,2026-03-05 12:04:54.240246,54.89308166503906,-65.82286071777344,0.0021242902148514,50.066,0.766,0.967,0.0,0,0,1,,0.834,2026-03-05T12:04:54.240246,neutral,0.542,2026-03-05T12:04:54.240246,0.5291525322830136,2026-03-05T12:04:54.043000,69,,,
participant_01,5,day,Town10HD_Opt,2026-03-05 12:04:55.156400,46.13517379760742,-66.1904067993164,0.0021299740765243,49.274,-0.204,0.967,0.0,0,0,1,,0.916,2026-03-05T12:04:55.156400,neutral,0.542,2026-03-05T12:04:54.240246,0.506555797504294,2026-03-05T12:04:55.023000,69,,,
participant_01,5,day,Town10HD_Opt,2026-03-05 12:04:56.025041,37.3193588256836,-66.51016998291016,0.0021670907735824,49.19,-0.19,0.967,0.0,0,0,1,,0.927,2026-03-05T12:04:56.025041,neutral,0.542,2026-03-05T12:04:54.240246,0.5149437281761081,2026-03-05T12:04:56.013000,68,,,
participant_01,5,day,Town10HD_Opt,2026-03-05 12:04:57.143178,25.65217971801757,-66.82730865478516,0.001941948197782,50.92,-0.073,0.0,0.0,0,0,1,,0.904,2026-03-05T12:04:57.143178,neutral,0.586,2026-03-05T12:04:57.143178,0.5438365053636157,2026-03-05T12:04:57.004000,67,,,
participant_01,5,day,Town10HD_Opt,2026-03-05 12:04:58.216688,15.004409790039062,-67.05522918701172,0.0023789203260093,38.214,-0.073,0.0,0.0,0,0,1,,0.883,2026-03-05T12:04:58.216688,neutral,0.586,2026-03-05T12:04:57.143178,0.5676393116549101,2026-03-05T12:04:57.994000,68,,,
participant_01,3,day,Town10HD_Opt,2026-03-05 12:06:26.404875,-41.70108413696289,85.50296783447266,0.001855659415014,23.041,1.243,0.445,0.0,0,0,1,,1.0,2026-03-05T12:06:26.404875,neutral,0.999,2026-03-05T12:06:26.404875,0.1159999999999999,2026-03-05T12:06:26.317000,62,,,
participant_01,3,day,Town10HD_Opt,2026-03-05 12:06:26.979133,-41.70036697387695,84.14013671875,0.0019131087465211,23.939,1.424,0.853,0.0,0,0,1,,1.0,2026-03-05T12:06:26.979133,neutral,0.999,2026-03-05T12:06:26.404875,0.1159999999999999,2026-03-05T12:06:26.317000,62,,,
participant_01,3,day,Town10HD_Opt,2026-03-05 12:06:28.105302,-41.60715103149414,80.9823989868164,0.0017012023599818,30.852,5.749,0.836,0.0,0,0,1,,1.0,2026-03-05T12:06:28.105302,neutral,0.999,2026-03-05T12:06:26.404875,0.122,2026-03-05T12:06:27.303000,62,,,
participant_01,3,day,Town10HD_Opt,2026-03-05 12:06:29.189506,-40.87826919555664,77.03101348876953,0.0017512129852548,37.509,18.197,0.723,0.0,0,0,1,,1.0,2026-03-05T12:06:29.189506,neutral,0.925,2026-03-05T12:06:29.189506,0.126,2026-03-05T12:06:28.293000,62,,,
participant_01,3,day,Town10HD_Opt,2026-03-05 12:06:30.218426,-38.60906219482422,73.04936218261719,0.0018877792172133,41.335,20.32,0.697,0.0,0,0,1,,1.0,2026-03-05T12:06:30.218426,neutral,0.925,2026-03-05T12:06:29.189506,0.13,2026-03-05T12:06:29.463000,63,,,
participant_01,3,day,Town10HD_Opt,2026-03-05 12:06:31.264101,-34.63188552856445,70.14814758300781,0.0019613646436482,43.924,21.194,0.683,0.0,0,0,1,,0.837,2026-03-05T12:06:31.264101,neutral,0.963,2026-03-05T12:06:31.264101,0.13,2026-03-05T12:06:29.463000,63,,,
participant_01,3,day,Town10HD_Opt,2026-03-05 12:06:32.319654,-29.511425018310547,69.24652862548828,0.0019379042787477,46.345,9.045,0.671,0.0,0,0,1,,1.0,2026-03-05T12:06:32.319654,neutral,0.963,2026-03-05T12:06:31.264101,0.136,2026-03-05T12:06:32.254000,68,,,
participant_01,3,day,Town10HD_Opt,2026-03-05 12:06:32.858250,-26.75889015197754,69.41309356689453,0.0018970489036291,48.126,-1.027,0.658,0.0,0,0,1,,1.0,2026-03-05T12:06:32.858250,neutral,0.963,2026-03-05T12:06:31.264101,0.136,2026-03-05T12:06:32.254000,68,,,
participant_01,3,day,Town10HD_Opt,2026-03-05 12:06:33.879246,-20.98288345336914,69.81639862060547,0.0019129562424495,50.761,-1.73,0.0,0.0,0,0,1,,1.0,2026-03-05T12:06:33.879246,neutral,0.999,2026-03-05T12:06:33.879246,0.135,2026-03-05T12:06:33.288000,67,,,
participant_01,3,day,Town10HD_Opt,2026-03-05 12:06:34.893121,-15.216815948486328,69.97518157958984,0.0020562743302434,49.275,-0.207,0.624,0.0,0,0,1,,1.0,2026-03-05T12:06:34.893121,neutral,0.999,2026-03-05T12:06:33.879246,0.135,2026-03-05T12:06:34.278000,67,,,
participant_01,3,day,Town10HD_Opt,2026-03-05 12:06:35.929059,-9.36151123046875,70.0552749633789,0.0020129012409597,49.892,-0.421,0.571,0.0,0,0,1,,1.0,2026-03-05T12:06:35.929059,neutral,0.999,2026-03-05T12:06:35.929059,0.135,2026-03-05T12:06:35.268000,67,,,
participant_01,3,day,Town10HD_Opt,2026-03-05 12:06:36.928632,-3.6591334342956543,70.07508087158203,0.0021002579014748,48.328,-0.691,0.443,0.0,0,0,1,,1.0,2026-03-05T12:06:36.928632,neutral,0.999,2026-03-05T12:06:35.929059,0.135,2026-03-05T12:06:36.259000,67,,,
participant_01,3,day,Town10HD_Opt,2026-03-05 12:06:37.975897,1.7722762823104858,70.01555633544922,0.0022993087768554,43.584,-0.585,0.0,0.0,0,0,1,,1.0,2026-03-05T12:06:37.975897,neutral,0.998,2026-03-05T12:06:37.975897,0.135,2026-03-05T12:06:37.249000,68,,,
participant_01,3,day,Town10HD_Opt,2026-03-05 12:06:39.029398,6.441318988800049,69.91429901123047,0.0023645400069653,36.759,0.397,0.0,0.0,0,0,1,,1.0,2026-03-05T12:06:39.029398,neutral,0.998,2026-03-05T12:06:37.975897,0.135,2026-03-05T12:06:38.328000,68,,,
participant_01,3,day,Town10HD_Opt,2026-03-05 12:06:40.044297,10.37876796722412,69.85006713867188,0.00232311245054,31.009,0.508,0.0,0.0,0,0,1,,1.0,2026-03-05T12:06:40.044297,neutral,0.999,2026-03-05T12:06:40.044297,0.135,2026-03-05T12:06:39.318000,68,,,
participant_01,3,day,Town10HD_Opt,2026-03-05 12:06:41.096930,13.689568519592283,69.82850646972656,0.0022892379201948,25.573,0.573,0.0,0.0,0,0,1,,1.0,2026-03-05T12:06:41.096930,neutral,0.999,2026-03-05T12:06:40.044297,0.135,2026-03-05T12:06:40.354000,68,,,
participant_01,3,day,Town10HD_Opt,2026-03-05 12:06:42.148141,16.4766845703125,69.83666229248047,0.0021776198409497,22.865,0.573,0.787,0.0,0,0,1,,1.0,2026-03-05T12:06:42.148141,neutral,1.0,2026-03-05T12:06:42.148141,0.135,2026-03-05T12:06:41.254000,68,,,
participant_01,3,day,Town10HD_Opt,2026-03-05 12:06:43.196014,19.40836334228516,69.87088012695312,0.0018239211058244,27.752,0.562,0.671,0.0,0,0,1,,1.0,2026-03-05T12:06:43.196014,neutral,1.0,2026-03-05T12:06:42.148141,0.135,2026-03-05T12:06:42.289000,67,,,
participant_01,3,day,Town10HD_Opt,2026-03-05 12:06:44.231570,22.92721176147461,69.9403076171875,0.0018316268688067,32.203,-0.181,0.581,0.0,0,0,1,,1.0,2026-03-05T12:06:44.231570,neutral,1.0,2026-03-05T12:06:44.231570,0.16,2026-03-05T12:06:43.323000,66,,,
participant_01,3,day,Town10HD_Opt,2026-03-05 12:06:45.291299,26.86431884765625,69.8733901977539,0.0019056319724768,35.049,-8.811,0.545,0.0,0,0,1,,1.0,2026-03-05T12:06:45.291299,neutral,1.0,2026-03-05T12:06:44.231570,0.186,2026-03-05T12:06:44.269000,66,,,errors=Stop sign violation
participant_01,3,day,Town10HD_Opt,2026-03-05 12:06:46.366512,30.937833786010746,69.12876892089844,0.0020989226177334,34.423,-6.912,0.444,0.0,0,0,1,,1.0,2026-03-05T12:06:46.366512,neutral,1.0,2026-03-05T12:06:46.366512,0.241,2026-03-05T12:06:46.293000,64,,,
participant_01,3,day,Town10HD_Opt,2026-03-05 12:06:46.896934,32.841529846191406,68.52000427246094,0.0020913695916533,34.529,-4.704,0.849,0.0,0,0,1,,1.0,2026-03-05T12:06:46.896934,neutral,1.0,2026-03-05T12:06:46.366512,0.241,2026-03-05T12:06:46.293000,64,,,
participant_01,3,day,Town10HD_Opt,2026-03-05 12:06:47.955535,36.92993927001953,66.88093566894531,0.0017407607519999,41.22,-8.556,0.827,0.0,0,0,1,,1.0,2026-03-05T12:06:47.955535,neutral,1.0,2026-03-05T12:06:46.366512,0.27,2026-03-05T12:06:47.283000,64,,,
participant_01,3,day,Town10HD_Opt,2026-03-05 12:06:49.052992,41.13564682006836,64.01815795898438,0.0018194197909906,46.374,-18.237,0.764,0.0,0,0,1,,1.0,2026-03-05T12:06:49.052992,neutral,1.0,2026-03-05T12:06:49.052992,0.299,2026-03-05T12:06:48.365000,64,,,
participant_01,3,day,Town10HD_Opt,2026-03-05 12:06:50.145932,44.2231330871582,59.40866470336914,0.0019107054686173,49.04,-12.92,0.106,0.0,0,0,1,,1.0,2026-03-05T12:06:50.145932,neutral,1.0,2026-03-05T12:06:49.052992,0.3279999999999999,2026-03-05T12:06:49.353000,63,,,
participant_01,3,day,Town10HD_Opt,2026-03-05 12:06:51.237971,45.68098068237305,54.16432571411133,0.0023197936825454,42.859,-6.075,0.0,0.0,0,0,1,,1.0,2026-03-05T12:06:51.237971,neutral,1.0,2026-03-05T12:06:51.237971,0.357,2026-03-05T12:06:50.254000,63,,,
participant_01,3,day,Town10HD_Opt,2026-03-05 12:06:52.297871,46.01784896850586,49.54199981689453,0.0023859404027462,35.93,-7.244,0.0,0.0,0,0,1,,1.0,2026-03-05T12:06:52.297871,neutral,1.0,2026-03-05T12:06:51.237971,0.414,2026-03-05T12:06:52.279000,65,Solid line crossing,Solid line crossing,
participant_01,3,day,Town10HD_Opt,2026-03-05 12:06:52.864580,45.919769287109375,47.51018142700195,0.0023537063971161,33.501,-3.101,0.221,0.0,0,0,1,,1.0,2026-03-05T12:06:52.864580,neutral,1.0,2026-03-05T12:06:51.237971,0.414,2026-03-05T12:06:52.279000,65,,,
participant_01,3,day,Town10HD_Opt,2026-03-05 12:06:53.951855,45.59562301635742,43.76133346557617,0.002114257775247,32.003,0.804,0.674,0.0,0,0,1,,1.0,2026-03-05T12:06:53.951855,neutral,0.996,2026-03-05T12:06:53.951855,0.418,2026-03-05T12:06:53.268000,64,,,
participant_01,3,day,Town10HD_Opt,2026-03-05 12:06:55.060111,45.31605911254883,39.86233139038086,0.0018533325055614,35.802,4.077,0.733,0.0,0,0,1,,1.0,2026-03-05T12:06:55.060111,neutral,0.996,2026-03-05T12:06:53.951855,0.421,2026-03-05T12:06:54.259000,63,,,
participant_01,3,day,Town10HD_Opt,2026-03-05 12:06:56.185549,45.42789459228516,35.38196563720703,0.0018360899994149,40.484,17.876,0.41,0.0,0,0,1,,1.0,2026-03-05T12:06:56.185549,neutral,0.93,2026-03-05T12:06:56.185549,0.424,2026-03-05T12:06:55.338000,64,,,
participant_01,3,day,Town10HD_Opt,2026-03-05 12:06:57.265104,47.02762222290039,31.125600814819336,0.0022322081495076,37.325,26.584,0.143,0.0,0,0,1,,1.0,2026-03-05T12:06:57.265104,neutral,0.93,2026-03-05T12:06:56.185549,0.424,2026-03-05T12:06:56.284000,64,,,
participant_01,3,day,Town10HD_Opt,2026-03-05 12:06:57.859185,48.46472930908203,29.56287002563477,0.0023020170629024,35.398,17.172,0.0,0.0,0,0,1,,1.0,2026-03-05T12:06:57.859185,neutral,0.93,2026-03-05T12:06:56.185549,0.424,2026-03-05T12:06:57.280000,64,,,
participant_01,3,day,Town10HD_Opt,2026-03-05 12:06:58.916393,51.589168548583984,27.41317749023437,0.0023381423670798,29.438,10.235,0.0,0.0,0,0,1,,1.0,2026-03-05T12:06:58.916393,neutral,0.987,2026-03-05T12:06:58.916393,0.424,2026-03-05T12:06:58.308000,64,,,
participant_01,3,day,Town10HD_Opt,2026-03-05 12:06:59.987611,54.49061965942383,26.18531608581543,0.002335128840059,24.313,10.749,0.0,0.238,0,0,1,,1.0,2026-03-05T12:06:59.987611,neutral,0.987,2026-03-05T12:06:58.916393,0.424,2026-03-05T12:06:59.254000,64,,,
participant_01,3,day,Town10HD_Opt,2026-03-05 12:07:01.024620,56.94110107421875,25.6169548034668,0.0023125456646084,19.052,11.994,0.0,0.351,0,0,1,,1.0,2026-03-05T12:07:01.024620,neutral,0.972,2026-03-05T12:07:01.024620,0.424,2026-03-05T12:07:00.289000,64,,,
participant_01,3,day,Town10HD_Opt,2026-03-05 12:07:02.121355,57.63311767578125,25.52141571044922,0.0025178145151585,0.002,3.773,0.0,0.492,0,0,1,,1.0,2026-03-05T12:07:02.121355,neutral,0.972,2026-03-05T12:07:01.024620,0.424,2026-03-05T12:07:01.278000,64,,,
participant_01,3,day,Town10HD_Opt,2026-03-05 12:07:03.184160,57.6337776184082,25.521329879760746,0.0019771575462073,0.0,0.813,0.0,0.113,0,0,1,,1.0,2026-03-05T12:07:03.184160,sad,0.982,2026-03-05T12:07:03.184160,0.424,2026-03-05T12:07:02.270000,64,,,
participant_01,3,day,Town10HD_Opt,2026-03-05 12:07:04.219676,57.63404846191406,25.52129364013672,0.0019251251360401,0.0,0.987,0.0,0.0,0,0,1,,1.0,2026-03-05T12:07:04.219676,sad,0.982,2026-03-05T12:07:03.184160,0.424,2026-03-05T12:07:03.438000,64,,,
participant_01,3,day,Town10HD_Opt,2026-03-05 12:07:05.305917,57.634315490722656,25.521249771118164,0.0019200897077098,0.006,1.358,0.0,0.0,0,0,1,,1.0,2026-03-05T12:07:05.305917,neutral,0.99,2026-03-05T12:07:05.305917,0.424,2026-03-05T12:07:05.283000,64,,,
participant_01,3,day,Town10HD_Opt,2026-03-05 12:07:05.838906,57.63419723510742,25.521249771118164,0.0019193267216905,0.005,1.556,0.0,0.0,0,0,1,,1.0,2026-03-05T12:07:05.838906,neutral,0.99,2026-03-05T12:07:05.305917,0.424,2026-03-05T12:07:05.283000,64,,,
participant_01,3,day,Town10HD_Opt,2026-03-05 12:07:06.904131,57.63438415527344,25.521249771118164,0.001919021597132,0.001,1.622,0.0,0.0,0,0,1,,1.0,2026-03-05T12:07:06.904131,neutral,0.99,2026-03-05T12:07:05.305917,0.424,2026-03-05T12:07:06.274000,64,,,
participant_01,3,day,Town10HD_Opt,2026-03-05 12:07:07.928935,57.63429641723633,25.521249771118164,0.0019191360333934,0.005,1.622,0.0,0.0,0,0,1,,1.0,2026-03-05T12:07:07.928935,sad,0.893,2026-03-05T12:07:07.928935,0.424,2026-03-05T12:07:07.398000,64,,,
participant_01,3,day,Town10HD_Opt,2026-03-05 12:07:08.915301,57.63450241088867,25.521249771118164,0.0019190978491678,0.001,1.596,0.0,0.0,0,0,1,,1.0,2026-03-05T12:07:08.915301,sad,0.893,2026-03-05T12:07:07.928935,0.424,2026-03-05T12:07:08.298000,64,,,
participant_01,3,day,Town10HD_Opt,2026-03-05 12:07:09.885438,57.63439178466797,25.521249771118164,0.001919021597132,0.005,1.596,0.0,0.0,0,0,1,,1.0,2026-03-05T12:07:09.885438,sad,0.893,2026-03-05T12:07:07.928935,0.424,2026-03-05T12:07:09.334000,64,,,
participant_01,3,day,Town10HD_Opt,2026-03-05 12:07:10.886865,57.63461685180664,25.52124786376953,0.0019191741012036,0.001,1.593,0.0,0.0,0,0,1,,1.0,2026-03-05T12:07:10.886865,neutral,0.982,2026-03-05T12:07:10.886865,0.486,2026-03-05T12:07:10.414000,63,,,
participant_01,3,day,Town10HD_Opt,2026-03-05 12:07:11.862697,57.63449096679688,25.521249771118164,0.0019191360333934,0.005,1.57,0.0,0.0,0,0,1,reach_back,0.841,2026-03-05T12:07:11.862697,neutral,0.982,2026-03-05T12:07:10.886865,0.511,2026-03-05T12:07:11.403000,63,,,
participant_01,3,day,Town10HD_Opt,2026-03-05 12:07:12.872464,57.63473510742188,25.521203994750977,0.0019190596649423,0.001,0.926,0.0,0.0,0,0,1,,1.0,2026-03-05T12:07:12.872464,neutral,0.982,2026-03-05T12:07:10.886865,0.511,2026-03-05T12:07:12.259000,63,,,
participant_01,3,day,Town10HD_Opt,2026-03-05 12:07:13.829244,57.63459777832031,25.52121925354004,0.0019190596649423,0.005,0.926,0.0,0.0,0,0,1,,1.0,2026-03-05T12:07:13.829244,angry,0.619,2026-03-05T12:07:13.829244,0.511,2026-03-05T12:07:13.248000,64,,,
participant_01,3,day,Town10HD_Opt,2026-03-05 12:07:14.833204,57.63486099243164,25.52117156982422,0.001919021597132,0.001,0.879,0.0,0.0,0,0,1,,1.0,2026-03-05T12:07:14.833204,angry,0.619,2026-03-05T12:07:13.829244,0.511,2026-03-05T12:07:14.284000,64,,,
participant_01,3,day,Town10HD_Opt,2026-03-05 12:07:15.830246,57.63470458984375,25.521196365356445,0.001919021597132,0.004,0.86,0.0,0.0,0,0,1,,1.0,2026-03-05T12:07:15.830246,angry,1.0,2026-03-05T12:07:15.830246,0.511,2026-03-05T12:07:15.274000,64,,,
participant_01,3,day,Town10HD_Opt,2026-03-05 12:07:16.852519,57.63498306274414,25.52114486694336,0.0019190596649423,0.001,0.86,0.0,0.0,0,0,1,,1.0,2026-03-05T12:07:16.852519,angry,1.0,2026-03-05T12:07:15.830246,0.511,2026-03-05T12:07:16.400000,65,,,
participant_01,3,day,Town10HD_Opt,2026-03-05 12:07:17.853052,57.63481140136719,25.52117156982422,0.0019190978491678,0.005,0.86,0.0,0.0,0,0,1,,1.0,2026-03-05T12:07:17.853052,angry,0.994,2026-03-05T12:07:17.853052,0.511,2026-03-05T12:07:17.389000,66,,,
participant_01,3,day,Town10HD_Opt,2026-03-05 12:07:18.848786,57.63510513305664,25.5211181640625,0.0019190978491678,0.001,0.851,0.0,0.0,0,0,1,,1.0,2026-03-05T12:07:18.848786,angry,0.994,2026-03-05T12:07:17.853052,0.511,2026-03-05T12:07:18.290000,66,,,
participant_01,3,day,Town10HD_Opt,2026-03-05 12:07:19.836452,57.63492202758789,25.52114486694336,0.0019191741012036,0.004,0.844,0.0,0.0,0,0,1,,1.0,2026-03-05T12:07:19.836452,angry,0.994,2026-03-05T12:07:17.853052,0.511,2026-03-05T12:07:19.323000,66,,,
participant_01,3,day,Town10HD_Opt,2026-03-05 12:07:20.833489,57.63522720336914,25.52109146118164,0.0019190596649423,0.007,0.844,0.0,0.0,0,0,1,,1.0,2026-03-05T12:07:20.833489,angry,0.835,2026-03-05T12:07:20.833489,0.511,2026-03-05T12:07:20.359000,65,,,
participant_01,3,day,Town10HD_Opt,2026-03-05 12:07:21.890947,57.63502883911133,25.52112197875977,0.0019190596649423,0.004,0.844,0.0,0.0,0,0,1,,1.0,2026-03-05T12:07:21.890947,angry,0.835,2026-03-05T12:07:20.833489,0.511,2026-03-05T12:07:21.394000,64,,,
participant_01,3,day,Town10HD_Opt,2026-03-05 12:07:22.892596,57.63534927368164,25.52106666564941,0.0019191741012036,0.006,0.844,0.0,0.0,0,0,1,,1.0,2026-03-05T12:07:22.892596,angry,0.998,2026-03-05T12:07:22.892596,0.511,2026-03-05T12:07:22.429000,64,,,
participant_01,3,day,Town10HD_Opt,2026-03-05 12:07:23.963160,57.63514709472656,25.521100997924805,0.0019190596649423,0.0,0.844,0.0,0.0,0,0,1,,1.0,2026-03-05T12:07:23.963160,angry,0.998,2026-03-05T12:07:22.892596,0.511,2026-03-05T12:07:23.284000,64,,,
participant_01,3,day,Town10HD_Opt,2026-03-05 12:07:25.007703,57.63544845581055,25.52104759216309,0.001919288537465,0.007,0.834,0.0,0.0,0,0,1,,1.0,2026-03-05T12:07:25.007703,angry,0.996,2026-03-05T12:07:25.007703,0.511,2026-03-05T12:07:24.363000,63,,,
participant_01,3,day,Town10HD_Opt,2026-03-05 12:07:25.983322,57.63527297973633,25.52107620239257,0.0019189452286809,0.0,0.832,0.0,0.0,0,0,1,,1.0,2026-03-05T12:07:25.983322,angry,0.996,2026-03-05T12:07:25.007703,0.511,2026-03-05T12:07:25.354000,62,,,
participant_01,3,day,Town10HD_Opt,2026-03-05 12:07:26.968706,57.63554382324219,25.521026611328125,0.0019194030901417,0.006,0.818,0.0,0.0,0,0,1,,1.0,2026-03-05T12:07:26.968706,angry,0.996,2026-03-05T12:07:25.007703,0.511,2026-03-05T12:07:26.344000,62,,,
participant_01,3,day,Town10HD_Opt,2026-03-05 12:07:27.994364,57.63677978515625,25.52084922790528,0.0019162750104442,0.123,0.808,0.0,0.0,0,0,1,,1.0,2026-03-05T12:07:27.994364,angry,0.981,2026-03-05T12:07:27.994364,0.511,2026-03-05T12:07:27.290000,62,,,
participant_01,3,day,Town10HD_Opt,2026-03-05 12:07:29.023872,57.6567611694336,25.51781463623047,0.001921119634062,0.006,0.806,0.0,0.0,0,0,1,,1.0,2026-03-05T12:07:29.023872,angry,0.981,2026-03-05T12:07:27.994364,0.511,2026-03-05T12:07:28.279000,62,,,
participant_01,3,day,Town10HD_Opt,2026-03-05 12:07:30.004785,57.69499206542969,25.51198959350586,0.0019158172653988,0.344,0.672,0.0,0.0,0,0,1,,1.0,2026-03-05T12:07:30.004785,angry,0.879,2026-03-05T12:07:30.004785,0.511,2026-03-05T12:07:29.314000,61,,,
participant_01,3,day,Town10HD_Opt,2026-03-05 12:07:30.991792,57.72349166870117,25.507551193237305,0.0019291305216029,0.004,0.277,0.069,0.0,0,0,1,,1.0,2026-03-05T12:07:30.991792,angry,0.879,2026-03-05T12:07:30.004785,0.511,2026-03-05T12:07:30.304000,61,,,
participant_01,3,day,Town10HD_Opt,2026-03-05 12:07:32.012119,57.74146270751953,25.504812240600582,0.0019070815760642,0.679,0.268,0.447,0.0,0,0,1,,1.0,2026-03-05T12:07:32.012119,angry,0.985,2026-03-05T12:07:32.012119,0.511,2026-03-05T12:07:31.384000,61,,,
participant_01,3,day,Town10HD_Opt,2026-03-05 12:07:33.007749,57.96544647216797,25.469438552856445,0.0018080138834193,2.965,-0.36,0.008,0.0,0,0,1,,1.0,2026-03-05T12:07:33.007749,angry,0.985,2026-03-05T12:07:32.012119,0.511,2026-03-05T12:07:32.419000,60,,,
participant_01,3,day,Town10HD_Opt,2026-03-05 12:07:34.045347,58.35375213623047,25.40606117248535,0.0019140243530273,3.252,-0.587,0.0,0.0,0,0,1,,1.0,2026-03-05T12:07:34.045347,angry,0.992,2026-03-05T12:07:34.045347,0.511,2026-03-05T12:07:33.769000,60,,,
participant_01,3,day,Town10HD_Opt,2026-03-05 12:07:35.004806,58.6970329284668,25.34938240051269,0.0019418715965002,2.731,-0.597,0.0,0.0,0,0,1,,1.0,2026-03-05T12:07:35.004806,angry,0.992,2026-03-05T12:07:34.045347,0.511,2026-03-05T12:07:34.444000,60,,,
participant_01,3,day,Town10HD_Opt,2026-03-05 12:07:35.998497,58.98487091064453,25.301498413085938,0.0019406508654356,2.289,-0.606,0.0,0.0,0,0,1,,1.0,2026-03-05T12:07:35.998497,angry,0.992,2026-03-05T12:07:34.045347,0.511,2026-03-05T12:07:35.255000,60,,,
participant_01,3,day,Town10HD_Opt,2026-03-05 12:07:37.014220,59.22614288330078,25.261117935180664,0.0019374083494767,1.919,-0.613,0.0,0.0,0,0,1,,0.832,2026-03-05T12:07:37.014220,angry,0.893,2026-03-05T12:07:37.014220,0.511,2026-03-05T12:07:36.693000,60,,,
participant_01,3,day,Town10HD_Opt,2026-03-05 12:07:38.087552,59.4241828918457,25.22777938842773,0.0019470977131277,1.402,-0.663,0.106,0.0,0,0,1,,1.0,2026-03-05T12:07:38.087552,angry,0.893,2026-03-05T12:07:37.014220,0.511,2026-03-05T12:07:37.279000,60,,,
participant_01,3,day,Town10HD_Opt,2026-03-05 12:07:39.142490,59.565677642822266,25.2037353515625,0.0019251251360401,1.336,-0.691,0.064,0.0,0,0,1,,1.0,2026-03-05T12:07:39.142490,angry,0.744,2026-03-05T12:07:39.142490,0.511,2026-03-05T12:07:38.359000,60,,,
participant_01,3,day,Town10HD_Opt,2026-03-05 12:07:40.192693,59.70506286621094,25.180036544799805,0.0019162368262186,1.368,-0.691,0.064,0.0,0,0,1,,0.892,2026-03-05T12:07:40.192693,angry,0.744,2026-03-05T12:07:39.142490,0.511,2026-03-05T12:07:39.394000,59,,,
participant_01,3,day,Town10HD_Opt,2026-03-05 12:07:41.250791,59.84809112548828,25.15562629699707,0.001915855333209,1.399,-0.698,0.064,0.0,0,0,1,,1.0,2026-03-05T12:07:41.250791,angry,0.998,2026-03-05T12:07:41.250791,0.511,2026-03-05T12:07:40.250000,58,,,
participant_01,3,day,Town10HD_Opt,2026-03-05 12:07:42.311789,59.99380111694336,25.130661010742188,0.0019176101777702,1.396,-0.571,0.054,0.0,0,0,1,,1.0,2026-03-05T12:07:42.311789,angry,0.998,2026-03-05T12:07:41.250791,0.511,2026-03-05T12:07:42.273000,58,,,
participant_01,3,day,Town10HD_Opt,2026-03-05 12:07:42.883129,60.064247131347656,25.11865234375,0.0019209670135751,1.341,-0.489,0.046,0.0,0,0,1,,1.0,2026-03-05T12:07:42.883129,angry,0.998,2026-03-05T12:07:41.250791,0.511,2026-03-05T12:07:42.273000,58,,,
participant_01,3,day,Town10HD_Opt,2026-03-05 12:07:43.951328,60.19181060791016,25.0977725982666,0.0019246292067691,1.175,-0.172,0.051,0.0,0,0,1,,1.0,2026-03-05T12:07:43.951328,angry,0.982,2026-03-05T12:07:43.951328,0.511,2026-03-05T12:07:43.399000,57,,,
participant_01,3,day,Town10HD_Opt,2026-03-05 12:07:44.975438,60.3200569152832,25.076244354248047,0.0018943785689771,1.396,-0.345,0.0,0.0,0,0,1,,0.849,2026-03-05T12:07:44.975438,angry,0.982,2026-03-05T12:07:43.951328,0.511,2026-03-05T12:07:44.254000,58,,,
participant_01,3,day,Town10HD_Opt,2026-03-05 12:07:45.983290,60.47220993041992,25.05052757263184,0.0019251251360401,1.225,-0.336,0.0,0.0,0,0,1,,1.0,2026-03-05T12:07:45.983290,angry,0.998,2026-03-05T12:07:45.983290,0.511,2026-03-05T12:07:45.289000,58,,,
participant_01,3,day,Town10HD_Opt,2026-03-05 12:07:47.009178,60.58370971679688,25.031641006469727,0.0019274902297183,0.798,-0.465,0.074,0.0,0,0,1,,0.837,2026-03-05T12:07:47.009178,angry,0.998,2026-03-05T12:07:45.983290,0.511,2026-03-05T12:07:46.279000,59,,,
participant_01,3,day,Town10HD_Opt,2026-03-05 12:07:48.033382,60.70343017578125,25.01112174987793,0.0019129943102598,1.003,-0.477,0.073,0.0,0,0,1,,1.0,2026-03-05T12:07:48.033382,angry,0.998,2026-03-05T12:07:48.033382,0.511,2026-03-05T12:07:47.269000,60,,,
participant_01,3,day,Town10HD_Opt,2026-03-05 12:07:49.091730,60.84215545654297,24.98740196228028,0.0019130324944853,1.146,-0.545,0.073,0.0,0,0,1,,1.0,2026-03-05T12:07:49.091730,angry,0.998,2026-03-05T12:07:48.033382,0.511,2026-03-05T12:07:48.259000,60,,,
participant_01,3,day,Town10HD_Opt,2026-03-05 12:07:50.133688,60.998779296875,24.96150779724121,0.001912918058224,1.317,0.757,0.085,0.0,0,0,1,,1.0,2026-03-05T12:07:50.133688,angry,0.949,2026-03-05T12:07:50.133688,0.511,2026-03-05T12:07:49.252000,61,,,
participant_01,3,day,Town10HD_Opt,2026-03-05 12:07:51.154373,61.18717575073242,24.93052101135254,0.0018878936534747,2.111,-0.538,0.212,0.0,0,0,1,,1.0,2026-03-05T12:07:51.154373,angry,0.949,2026-03-05T12:07:50.133688,0.511,2026-03-05T12:07:50.288000,60,,,
participant_01,3,day,Town10HD_Opt,2026-03-05 12:07:52.195203,61.50201416015625,24.875640869140625,0.0018407821189612,3.68,-0.83,0.213,0.0,0,0,1,,1.0,2026-03-05T12:07:52.195203,angry,0.99,2026-03-05T12:07:52.195203,0.511,2026-03-05T12:07:51.274000,59,,,
participant_01,3,day,Town10HD_Opt,2026-03-05 12:07:53.252126,61.985984802246094,24.79067611694336,0.0018674849998205,4.751,-0.275,0.167,0.0,0,0,1,,1.0,2026-03-05T12:07:53.252126,angry,0.99,2026-03-05T12:07:52.195203,0.511,2026-03-05T12:07:52.264000,58,,,
participant_01,3,day,Town10HD_Opt,2026-03-05 12:07:54.339002,62.56344604492188,24.700746536254883,0.0018824386643245,5.5,2.727,0.166,0.0,0,0,1,,1.0,2026-03-05T12:07:54.339002,angry,0.809,2026-03-05T12:07:54.339002,0.511,2026-03-05T12:07:53.309000,58,,,
participant_01,3,day,Town10HD_Opt,2026-03-05 12:07:54.910256,62.88180541992188,24.65567970275879,0.0018854141235351,5.814,2.715,0.166,0.0,0,0,1,,1.0,2026-03-05T12:07:54.910256,angry,0.809,2026-03-05T12:07:54.339002,0.511,2026-03-05T12:07:53.309000,58,,,
participant_01,3,day,Town10HD_Opt,2026-03-05 12:07:55.960206,63.57188034057617,24.56338882446289,0.0018891524523496,6.343,2.723,0.166,0.0,0,0,1,,1.0,2026-03-05T12:07:55.960206,angry,0.809,2026-03-05T12:07:54.339002,0.511,2026-03-05T12:07:55.280000,59,,,errors=Solid line crossing
participant_01,3,day,Town10HD_Opt,2026-03-05 12:07:56.969477,64.32672882080078,24.469371795654297,0.0018923567840829,6.901,2.407,0.166,0.0,0,0,1,,1.0,2026-03-05T12:07:56.969477,angry,0.941,2026-03-05T12:07:56.969477,0.511,2026-03-05T12:07:55.280000,59,,,
participant_01,3,day,Town10HD_Opt,2026-03-05 12:07:58.011038,65.138916015625,24.38036727905273,0.0018999481108039,7.162,3.54,0.0,0.0,0,0,1,,1.0,2026-03-05T12:07:58.011038,angry,0.941,2026-03-05T12:07:56.969477,0.511,2026-03-05T12:07:57.484000,60,,,
participant_01,3,day,Town10HD_Opt,2026-03-05 12:07:59.068117,65.91448211669922,24.31167984008789,0.0019643402192741,6.147,3.73,0.0,0.016,0,0,1,,0.873,2026-03-05T12:07:59.068117,angry,0.833,2026-03-05T12:07:59.068117,0.511,2026-03-05T12:07:58.610000,61,,,
participant_01,3,day,Town10HD_Opt,2026-03-05 12:08:00.085124,66.22884368896484,24.286495208740234,0.0021842955611646,0.001,3.813,0.0,0.03,0,0,1,,0.884,2026-03-05T12:08:00.085124,angry,0.833,2026-03-05T12:07:59.068117,0.511,2026-03-05T12:07:59.465000,63,,,
participant_01,3,day,Town10HD_Opt,2026-03-05 12:08:01.087580,66.23859405517578,24.285858154296875,0.0019371032249182,0.123,3.921,0.0,0.0,0,0,1,,0.852,2026-03-05T12:08:01.087580,angry,0.985,2026-03-05T12:08:01.087580,0.511,2026-03-05T12:08:00.274000,65,,,
participant_01,3,day,Town10HD_Opt,2026-03-05 12:08:02.086776,66.25159454345703,24.28497314453125,0.0019213104387745,0.106,3.867,0.0,0.0,0,0,1,,1.0,2026-03-05T12:08:02.086776,angry,0.985,2026-03-05T12:08:01.087580,0.511,2026-03-05T12:08:01.263000,64,,,
participant_01,3,day,Town10HD_Opt,2026-03-05 12:08:03.091333,66.26251983642578,24.284223556518555,0.0019199752714484,0.09,3.844,0.0,0.0,0,0,1,,1.0,2026-03-05T12:08:03.091333,neutral,0.938,2026-03-05T12:08:03.091333,0.511,2026-03-05T12:08:02.300000,63,,,
participant_01,3,day,Town10HD_Opt,2026-03-05 12:08:04.081860,66.27168273925781,24.28359031677246,0.0019197463989257,0.076,3.844,0.0,0.0,0,0,1,,1.0,2026-03-05T12:08:04.081860,neutral,0.938,2026-03-05T12:08:03.091333,0.511,2026-03-05T12:08:03.380000,61,,,
participant_01,3,day,Town10HD_Opt,2026-03-05 12:08:05.100933,66.27936553955078,24.283048629760746,0.0019195555942133,0.063,2.694,0.0,0.0,0,0,1,,1.0,2026-03-05T12:08:05.100933,neutral,0.998,2026-03-05T12:08:05.100933,0.511,2026-03-05T12:08:03.380000,61,,,
participant_01,3,day,Town10HD_Opt,2026-03-05 12:08:06.153231,66.28581237792969,24.282508850097656,0.0019195555942133,0.054,1.68,0.0,0.0,0,0,1,,1.0,2026-03-05T12:08:06.153231,neutral,0.998,2026-03-05T12:08:05.100933,0.511,2026-03-05T12:08:05.405000,60,,,
participant_01,3,day,Town10HD_Opt,2026-03-05 12:08:07.192959,66.29120635986328,24.282026290893555,0.0019193649059161,0.045,1.189,0.0,0.0,0,0,1,,1.0,2026-03-05T12:08:07.192959,neutral,0.981,2026-03-05T12:08:07.192959,0.511,2026-03-05T12:08:06.306000,61,,,
participant_01,3,day,Town10HD_Opt,2026-03-05 12:08:08.275148,66.29573059082031,24.281627655029297,0.0019193649059161,0.039,0.275,0.0,0.0,0,0,1,,1.0,2026-03-05T12:08:08.275148,neutral,0.981,2026-03-05T12:08:07.192959,0.511,2026-03-05T12:08:07.386000,62,,,
participant_01,3,day,Town10HD_Opt,2026-03-05 12:08:09.301468,66.29953002929688,24.281225204467773,0.001919288537465,0.033,-0.284,0.0,0.0,0,0,1,eat,0.806,2026-03-05T12:08:09.301468,sad,0.958,2026-03-05T12:08:09.301468,0.511,2026-03-05T12:08:09.274000,62,,,
participant_01,3,day,Town10HD_Opt,2026-03-05 12:08:09.855839,66.30118560791016,24.28107070922852,0.0019193649059161,0.03,-0.284,0.0,0.0,0,0,1,,1.0,2026-03-05T12:08:09.855839,sad,0.958,2026-03-05T12:08:09.301468,0.511,2026-03-05T12:08:09.274000,62,,,
participant_01,3,day,Town10HD_Opt,2026-03-05 12:08:10.888398,66.30410766601562,24.280780792236328,0.0019192504696547,0.026,-0.284,0.0,0.0,0,0,1,,1.0,2026-03-05T12:08:10.888398,sad,0.958,2026-03-05T12:08:09.301468,0.511,2026-03-05T12:08:10.265000,62,,,
participant_01,3,day,Town10HD_Opt,2026-03-05 12:08:11.874439,66.30579376220703,24.28059196472168,0.0019191360333934,0.004,-0.284,0.0,0.0,0,0,1,,1.0,2026-03-05T12:08:11.874439,angry,0.578,2026-03-05T12:08:11.874439,0.511,2026-03-05T12:08:11.299000,62,,,
participant_01,3,day,Town10HD_Opt,2026-03-05 12:08:12.896332,66.30599212646484,24.280542373657227,0.001918678288348,0.006,-0.301,0.0,0.0,0,0,1,,1.0,2026-03-05T12:08:12.896332,angry,0.578,2026-03-05T12:08:11.874439,0.511,2026-03-05T12:08:12.289000,63,,,
participant_01,3,day,Town10HD_Opt,2026-03-05 12:08:13.901258,66.30610656738281,24.28050804138184,0.0019193649059161,0.001,0.289,0.0,0.0,0,0,1,,0.827,2026-03-05T12:08:13.901258,neutral,0.691,2026-03-05T12:08:13.901258,0.511,2026-03-05T12:08:13.279000,63,,,
participant_01,3,day,Town10HD_Opt,2026-03-05 12:08:14.888643,66.30613708496094,24.28051376342773,0.0019189452286809,0.006,-0.439,0.0,0.0,0,0,1,,1.0,2026-03-05T12:08:14.888643,neutral,0.691,2026-03-05T12:08:13.901258,0.511,2026-03-05T12:08:14.359000,63,Stop sign violation,stop_sign_id=1300,
participant_01,3,day,Town10HD_Opt,2026-03-05 12:08:15.928329,66.30622100830078,24.280502319335938,0.001919288537465,0.001,-0.54,0.0,0.0,0,0,1,,0.926,2026-03-05T12:08:15.928329,neutral,0.675,2026-03-05T12:08:15.928329,0.511,2026-03-05T12:08:15.664000,63,,,
participant_01,3,day,Town10HD_Opt,2026-03-05 12:08:16.919726,66.3553466796875,24.27548599243164,0.001793518080376,1.97,-0.524,0.689,0.0,0,0,1,,0.883,2026-03-05T12:08:16.919726,neutral,0.675,2026-03-05T12:08:15.928329,0.511,2026-03-05T12:08:16.296000,63,,,
participant_01,3,day,Town10HD_Opt,2026-03-05 12:08:17.929488,67.0445556640625,24.20432472229004,0.0015835952945053,9.225,-0.153,0.0,0.0,0,0,1,,0.817,2026-03-05T12:08:17.929488,neutral,0.909,2026-03-05T12:08:17.929488,0.511,2026-03-05T12:08:17.510000,63,,,
participant_01,3,day,Town10HD_Opt,2026-03-05 12:08:18.993640,67.77188110351562,24.136947631835938,0.0024921798612922,0.001,0.968,0.0,0.164,0,1,-1,,1.0,2026-03-05T12:08:18.993640,neutral,0.909,2026-03-05T12:08:17.929488,0.511,2026-03-05T12:08:18.320000,63,,,
participant_01,3,day,Town10HD_Opt,2026-03-05 12:08:20.031199,67.7680892944336,24.13728904724121,0.001975402701646,0.026,0.684,0.641,0.0,0,1,-1,,0.894,2026-03-05T12:08:20.031199,neutral,0.987,2026-03-05T12:08:20.031199,0.511,2026-03-05T12:08:19.265000,62,,,
participant_01,3,day,Town10HD_Opt,2026-03-05 12:08:21.062810,67.55183410644531,24.172088623046875,0.0021951294038444,5.236,-9.578,0.836,0.0,0,1,-1,,0.8,2026-03-05T12:08:21.062810,neutral,0.987,2026-03-05T12:08:20.031199,0.511,2026-03-05T12:08:20.299000,61,Solid line crossing,Solid line crossing,
participant_01,3,day,Town10HD_Opt,2026-03-05 12:08:22.131873,66.54570770263672,24.30567169189453,0.002197875874117,11.31,-7.596,0.615,0.0,0,1,-1,,1.0,2026-03-05T12:08:22.131873,neutral,0.483,2026-03-05T12:08:22.131873,0.511,2026-03-05T12:08:21.289000,61,,,errors=Solid line crossing
participant_01,3,day,Town10HD_Opt,2026-03-05 12:08:23.173014,65.06977844238281,24.38353729248047,0.002031555166468,13.541,-2.974,0.484,0.0,0,1,-1,,1.0,2026-03-05T12:08:23.173014,neutral,0.483,2026-03-05T12:08:22.131873,0.511,2026-03-05T12:08:22.279000,61,,,
participant_01,3,day,Town10HD_Opt,2026-03-05 12:08:24.266541,63.58381652832031,24.40383529663086,0.0018190002301707,11.421,-2.635,0.297,0.0,0,1,-1,,1.0,2026-03-05T12:08:24.266541,neutral,0.97,2026-03-05T12:08:24.266541,0.511,2026-03-05T12:08:24.259000,63,,,
participant_01,3,day,Town10HD_Opt,2026-03-05 12:08:25.294999,62.42550277709961,24.395238876342773,0.0017723082564771,8.115,-2.645,0.194,0.0,0,1,-1,,1.0,2026-03-05T12:08:25.294999,neutral,0.97,2026-03-05T12:08:24.266541,0.511,2026-03-05T12:08:25.294000,62,,,
participant_01,3,day,Town10HD_Opt,2026-03-05 12:08:26.332564,61.6361198425293,24.377655029296875,0.0017731474945321,5.35,-1.939,0.198,0.0,0,1,-1,,1.0,2026-03-05T12:08:26.332564,neutral,0.997,2026-03-05T12:08:26.332564,0.511,2026-03-05T12:08:26.284000,62,,,
participant_01,3,day,Town10HD_Opt,2026-03-05 12:08:26.861683,61.35525894165039,24.36729431152344,0.0018238448537886,4.692,-1.333,0.004,0.0,0,1,-1,,1.0,2026-03-05T12:08:26.861683,neutral,0.997,2026-03-05T12:08:26.332564,0.511,2026-03-05T12:08:26.284000,62,,,
participant_01,3,day,Town10HD_Opt,2026-03-05 12:08:27.888088,60.93918991088867,24.35009765625,0.0018749617738649,3.307,-1.539,0.349,0.0,0,1,-1,,0.83,2026-03-05T12:08:27.888088,neutral,0.997,2026-03-05T12:08:26.332564,0.511,2026-03-05T12:08:27.409000,62,,,
participant_01,3,day,Town10HD_Opt,2026-03-05 12:08:28.935852,60.5361213684082,24.33232688903809,0.0019285964081063,4.051,-1.563,0.812,0.0,0,1,-1,,1.0,2026-03-05T12:08:28.935852,neutral,0.989,2026-03-05T12:08:28.935852,0.511,2026-03-05T12:08:28.355000,62,,,errors=Solid line crossing
participant_01,3,day,Town10HD_Opt,2026-03-05 12:08:29.988011,59.59853744506836,24.28508186340332,0.0023643111344426,13.086,-1.535,0.984,0.0,0,1,-1,,1.0,2026-03-05T12:08:29.988011,neutral,0.989,2026-03-05T12:08:28.935852,0.511,2026-03-05T12:08:29.255000,61,,,
participant_01,3,day,Town10HD_Opt,2026-03-05 12:08:31.013146,57.65805435180664,24.168325424194336,0.0023211669176816,18.0,-2.17,0.459,0.0,0,1,-1,,1.0,2026-03-05T12:08:31.013146,neutral,1.0,2026-03-05T12:08:31.013146,0.485,2026-03-05T12:08:30.334000,61,,,
participant_01,3,day,Town10HD_Opt,2026-03-05 12:08:31.976413,55.81975936889648,24.023006439208984,0.0015586471417918,11.846,-2.0,0.0,0.0,0,1,-1,,1.0,2026-03-05T12:08:31.976413,neutral,1.0,2026-03-05T12:08:31.013146,0.436,2026-03-05T12:08:31.280000,61,,,
participant_01,3,day,Town10HD_Opt,2026-03-05 12:08:33.029644,55.34989547729492,23.97742080688477,0.001389694167301,1.118,18.523,0.915,0.0,0,0,1,,1.0,2026-03-05T12:08:33.029644,neutral,0.998,2026-03-05T12:08:33.029644,0.376,2026-03-05T12:08:32.495000,61,,,
participant_01,3,day,Town10HD_Opt,2026-03-05 12:08:34.063340,55.97431564331055,24.23295021057129,0.0014316176529973,11.059,34.052,0.973,0.0,0,0,1,,1.0,2026-03-05T12:08:34.063340,neutral,0.998,2026-03-05T12:08:33.029644,0.306,2026-03-05T12:08:33.439000,61,,,
participant_01,3,day,Town10HD_Opt,2026-03-05 12:08:35.085320,57.52022171020508,25.240358352661133,0.0017668151995167,20.072,32.464,0.874,0.0,0,0,1,,1.0,2026-03-05T12:08:35.085320,neutral,0.993,2026-03-05T12:08:35.085320,0.237,2026-03-05T12:08:34.295000,62,,,
participant_01,3,day,Town10HD_Opt,2026-03-05 12:08:36.114337,59.29209899902344,27.310592651367188,0.0017656325362622,26.945,15.23,0.709,0.0,0,0,1,,1.0,2026-03-05T12:08:36.114337,neutral,0.993,2026-03-05T12:08:35.085320,0.167,2026-03-05T12:08:35.286000,62,,,errors=Solid line crossing
participant_01,3,day,Town10HD_Opt,2026-03-05 12:08:37.124170,61.44997024536133,29.96420669555664,0.0018786620348691,31.052,-31.89,0.65,0.0,0,0,1,,1.0,2026-03-05T12:08:37.124170,neutral,1.0,2026-03-05T12:08:37.124170,0.0979999999999999,2026-03-05T12:08:36.274000,62,,,
participant_01,3,day,Town10HD_Opt,2026-03-05 12:08:38.227959,64.71412658691406,31.192182540893555,0.0022049332037568,31.13,-37.962,0.518,0.0,0,0,1,,1.0,2026-03-05T12:08:38.227959,neutral,1.0,2026-03-05T12:08:37.124170,0.028,2026-03-05T12:08:37.355000,62,,,
participant_01,3,day,Town10HD_Opt,2026-03-05 12:08:39.273581,68.51118469238281,30.790401458740234,0.0019891357515007,33.914,1.504,0.419,0.0,0,0,1,,1.0,2026-03-05T12:08:39.273581,neutral,0.998,2026-03-05T12:08:39.273581,0.0,2026-03-05T12:08:38.344000,62,,,
participant_01,3,day,Town10HD_Opt,2026-03-05 12:08:40.302451,72.58460998535156,30.30247688293457,0.0018011855427175,37.957,-1.568,1.0,0.0,0,0,1,,1.0,2026-03-05T12:08:40.302451,neutral,0.998,2026-03-05T12:08:39.273581,0.0,2026-03-05T12:08:39.342000,63,,,
participant_01,3,day,Town10HD_Opt,2026-03-05 12:08:40.866002,74.90406036376953,29.97675514221192,0.0016719435807317,43.089,-3.422,1.0,0.0,0,0,1,,0.886,2026-03-05T12:08:40.866002,neutral,0.998,2026-03-05T12:08:39.273581,0.0,2026-03-05T12:08:40.326000,63,,,errors=Solid line crossing
participant_01,3,day,Town10HD_Opt,2026-03-05 12:08:41.926788,80.31330108642578,28.95524787902832,0.001574897672981,51.875,-1.342,0.0,0.187,0,0,1,,1.0,2026-03-05T12:08:41.926788,neutral,1.0,2026-03-05T12:08:41.926788,0.0,2026-03-05T12:08:41.495000,62,,,errors=Red light violation
participant_01,3,day,Town10HD_Opt,2026-03-05 12:08:43.076591,86.13314056396484,27.606124877929688,0.0022327422630041,48.253,-3.127,0.987,0.0,0,0,1,,1.0,2026-03-05T12:08:43.076591,neutral,1.0,2026-03-05T12:08:41.926788,0.0,2026-03-05T12:08:42.258000,63,,,
participant_01,3,day,Town10HD_Opt,2026-03-05 12:08:44.119952,91.53292846679688,25.81092071533203,0.0018419264815747,52.059,-10.086,0.0,0.161,0,0,1,,0.83,2026-03-05T12:08:44.119952,neutral,1.0,2026-03-05T12:08:44.119952,0.0,2026-03-05T12:08:43.474000,63,,,
participant_01,3,day,Town10HD_Opt,2026-03-05 12:08:45.185214,96.5895767211914,22.792667388916016,0.0022071455605328,48.588,-7.147,0.952,0.0,0,0,1,,1.0,2026-03-05T12:08:45.185214,neutral,1.0,2026-03-05T12:08:44.119952,0.0,2026-03-05T12:08:44.283000,63,,,
participant_01,3,day,Town10HD_Opt,2026-03-05 12:08:46.211449,100.85216522216795,18.755130767822266,0.0019900512415915,50.41,-6.545,0.945,0.0,0,0,1,,1.0,2026-03-05T12:08:46.211449,neutral,1.0,2026-03-05T12:08:46.211449,0.0,2026-03-05T12:08:45.324000,64,,,
participant_01,3,day,Town10HD_Opt,2026-03-05 12:08:47.311202,104.20038604736328,14.084187507629396,0.0019929122645407,50.236,-8.725,0.735,0.0,0,0,1,,1.0,2026-03-05T12:08:47.311202,neutral,1.0,2026-03-05T12:08:46.211449,0.0,2026-03-05T12:08:47.300000,65,,,
participant_01,3,day,Town10HD_Opt,2026-03-05 12:08:47.848441,105.4885025024414,11.421321868896484,0.0020117950625717,50.325,-9.444,0.672,0.0,0,0,1,,1.0,2026-03-05T12:08:47.848441,neutral,1.0,2026-03-05T12:08:46.211449,0.0,2026-03-05T12:08:47.300000,65,,,
participant_01,3,day,Town10HD_Opt,2026-03-05 12:08:48.911824,107.00701141357422,5.948277473449707,0.0020888138096779,48.491,-4.518,0.529,0.0,0,0,1,,1.0,2026-03-05T12:08:48.911824,neutral,1.0,2026-03-05T12:08:48.911824,0.0,2026-03-05T12:08:48.335000,66,,,
participant_01,3,day,Town10HD_Opt,2026-03-05 12:08:50.005817,107.73287963867188,0.3052265048027038,0.0020249558147042,49.017,-0.08,0.502,0.0,0,0,1,,1.0,2026-03-05T12:08:50.005817,neutral,1.0,2026-03-05T12:08:48.911824,0.0,2026-03-05T12:08:49.371000,66,,,
participant_01,3,day,Town10HD_Opt,2026-03-05 12:08:51.067326,108.2661590576172,-5.388781547546387,0.0020493315532803,48.922,-2.094,0.668,0.0,0,0,1,,1.0,2026-03-05T12:08:51.067326,neutral,0.998,2026-03-05T12:08:51.067326,0.0,2026-03-05T12:08:50.269000,66,,,
participant_01,3,day,Town10HD_Opt,2026-03-05 12:08:52.062375,108.5016860961914,-11.281652450561523,0.0019009017851203,51.916,-1.88,0.0,0.217,0,0,1,,1.0,2026-03-05T12:08:52.062375,neutral,0.998,2026-03-05T12:08:51.067326,0.0,2026-03-05T12:08:51.305000,66,,,
participant_01,3,day,Town10HD_Opt,2026-03-05 12:08:53.111546,108.43089294433594,-17.045015335083008,0.0020946883596479,49.046,-1.554,1.0,0.0,0,0,1,,1.0,2026-03-05T12:08:53.111546,neutral,0.999,2026-03-05T12:08:53.111546,0.0,2026-03-05T12:08:52.430000,67,,,
participant_01,3,day,Town10HD_Opt,2026-03-05 12:08:54.110653,108.07586669921876,-22.99318504333496,0.0021080016158521,49.984,-2.038,0.974,0.0,0,0,1,,1.0,2026-03-05T12:08:54.110653,neutral,0.999,2026-03-05T12:08:53.111546,0.0,2026-03-05T12:08:53.295000,68,,,
participant_01,3,day,Town10HD_Opt,2026-03-05 12:08:55.152729,107.36192321777344,-28.68148803710937,0.0019039153121411,51.637,-4.568,0.0,0.164,0,0,1,,1.0,2026-03-05T12:08:55.152729,neutral,1.0,2026-03-05T12:08:55.152729,0.0,2026-03-05T12:08:54.680000,70,,,
participant_01,3,day,Town10HD_Opt,2026-03-05 12:08:56.226968,106.00334930419922,-34.38525390625,0.0022001266479492,48.316,-4.964,0.913,0.0,0,0,1,,1.0,2026-03-05T12:08:56.226968,neutral,1.0,2026-03-05T12:08:55.152729,0.0,2026-03-05T12:08:55.400000,72,,,
participant_01,3,day,Town10HD_Opt,2026-03-05 12:08:57.198004,103.89614868164062,-39.8604850769043,0.0019358824938535,51.431,-4.511,0.0,0.143,0,0,1,,1.0,2026-03-05T12:08:57.198004,neutral,0.998,2026-03-05T12:08:57.198004,0.0,2026-03-05T12:08:56.346000,72,,,
participant_01,3,day,Town10HD_Opt,2026-03-05 12:08:58.186341,101.18878936767578,-44.91378402709961,0.0020652008242905,49.164,-4.591,0.87,0.0,0,0,1,,1.0,2026-03-05T12:08:58.186341,neutral,0.998,2026-03-05T12:08:57.198004,0.0,2026-03-05T12:08:57.334000,70,,,
participant_01,3,day,Town10HD_Opt,2026-03-05 12:08:59.221814,97.78260803222656,-49.71063995361328,0.0021412658970803,48.679,-4.664,0.867,0.0,0,0,1,,1.0,2026-03-05T12:08:59.221814,neutral,0.972,2026-03-05T12:08:59.221814,0.0,2026-03-05T12:08:58.326000,69,,,
participant_01,3,day,Town10HD_Opt,2026-03-05 12:09:00.259416,93.8697509765625,-53.945350646972656,0.001892929081805,51.444,-4.756,0.0,0.144,0,0,1,,1.0,2026-03-05T12:09:00.259416,neutral,0.972,2026-03-05T12:08:59.221814,0.0,2026-03-05T12:08:59.321000,67,,,
participant_01,3,day,Town10HD_Opt,2026-03-05 12:09:01.289888,89.42478942871094,-57.66745376586914,0.0021359634120017,48.944,-5.052,0.837,0.0,0,0,1,,1.0,2026-03-05T12:09:01.289888,neutral,0.997,2026-03-05T12:09:01.289888,0.0,2026-03-05T12:09:00.305000,66,,,
participant_01,3,day,Town10HD_Opt,2026-03-05 12:09:02.299412,84.42878723144531,-60.7978744506836,0.0020072173792868,50.742,-5.035,0.0,0.0,0,0,1,,1.0,2026-03-05T12:09:02.299412,neutral,0.997,2026-03-05T12:09:01.289888,0.0,2026-03-05T12:09:02.285000,66,,,
participant_01,3,day,Town10HD_Opt,2026-03-05 12:09:03.282055,79.1927490234375,-63.142845153808594,0.0019961928483098,50.065,-5.257,0.82,0.0,0,0,1,,1.0,2026-03-05T12:09:03.282055,neutral,0.997,2026-03-05T12:09:01.289888,0.0,2026-03-05T12:09:03.274000,67,,,
participant_01,3,day,Town10HD_Opt,2026-03-05 12:09:04.281623,73.52668762207031,-64.75045776367188,0.0021898651029914,48.354,-5.746,0.818,0.0,0,0,1,,1.0,2026-03-05T12:09:04.281623,neutral,0.996,2026-03-05T12:09:04.281623,0.0,2026-03-05T12:09:04.265000,67,,,
participant_01,3,day,Town10HD_Opt,2026-03-05 12:09:05.330609,67.809326171875,-65.44599151611328,0.0018975066486746,51.342,-3.931,0.0,0.134,0,0,1,,0.832,2026-03-05T12:09:05.330609,neutral,0.996,2026-03-05T12:09:04.281623,0.0,2026-03-05T12:09:04.265000,67,,,
participant_01,3,day,Town10HD_Opt,2026-03-05 12:09:05.850465,64.856201171875,-65.52843475341797,0.0021080016158521,49.49,-2.852,0.811,0.0,0,0,1,,1.0,2026-03-05T12:09:05.850465,neutral,0.996,2026-03-05T12:09:04.281623,0.0,2026-03-05T12:09:05.345000,67,,,
participant_01,3,day,Town10HD_Opt,2026-03-05 12:09:06.890244,59.04598617553711,-65.36172485351562,0.0019012450939044,51.708,-0.512,0.0,0.171,0,0,1,,1.0,2026-03-05T12:09:06.890244,neutral,0.994,2026-03-05T12:09:06.890244,0.0,2026-03-05T12:09:06.470000,67,,,
participant_01,3,day,Town10HD_Opt,2026-03-05 12:09:08.005072,53.18667984008789,-65.05872344970703,0.0021717452909797,48.736,0.625,0.794,0.0,0,0,1,,1.0,2026-03-05T12:09:08.005072,neutral,0.994,2026-03-05T12:09:06.890244,0.0,2026-03-05T12:09:07.280000,66,,,
participant_01,3,day,Town10HD_Opt,2026-03-05 12:09:09.013285,47.33502197265625,-64.8056640625,0.0020300291944295,50.2,0.249,0.793,0.0,0,0,1,,1.0,2026-03-05T12:09:09.013285,neutral,0.987,2026-03-05T12:09:09.013285,0.0,2026-03-05T12:09:08.314000,66,,,
participant_01,3,day,Town10HD_Opt,2026-03-05 12:09:09.994934,41.5822639465332,-64.60750579833984,0.0019574356265366,50.954,-0.66,0.0,0.0,0,0,1,,1.0,2026-03-05T12:09:09.994934,neutral,0.987,2026-03-05T12:09:09.013285,0.0,2026-03-05T12:09:09.304000,65,,,
participant_01,3,day,Town10HD_Opt,2026-03-05 12:09:11.022308,35.75230026245117,-64.36219787597656,0.0021428298205137,48.786,1.782,0.792,0.0,0,0,1,,1.0,2026-03-05T12:09:11.022308,neutral,0.885,2026-03-05T12:09:11.022308,0.0,2026-03-05T12:09:10.745000,65,,,
participant_01,3,day,Town10HD_Opt,2026-03-05 12:09:12.083894,29.88981819152832,-64.27092742919922,0.0020279311574995,49.775,-0.219,0.788,0.0,0,0,1,,1.0,2026-03-05T12:09:12.083894,neutral,0.885,2026-03-05T12:09:11.022308,0.0,2026-03-05T12:09:11.286000,66,,,
participant_01,3,day,Town10HD_Opt,2026-03-05 12:09:13.103902,24.13152503967285,-64.27953338623047,0.0019687269814312,50.429,-0.43,0.67,0.0,0,0,1,,1.0,2026-03-05T12:09:13.103902,neutral,1.0,2026-03-05T12:09:13.103902,0.0,2026-03-05T12:09:12.456000,67,,,
participant_01,3,day,Town10HD_Opt,2026-03-05 12:09:14.152441,18.3132438659668,-64.2337417602539,0.0022158813662827,47.573,0.36,0.0,0.0,0,0,1,,0.804,2026-03-05T12:09:14.152441,neutral,1.0,2026-03-05T12:09:13.103902,0.0,2026-03-05T12:09:13.265000,67,,,
participant_01,3,day,Town10HD_Opt,2026-03-05 12:09:15.148053,13.187091827392578,-64.22347259521484,0.0023748779203742,39.863,0.738,0.0,0.0,0,0,1,,1.0,2026-03-05T12:09:15.148053,neutral,0.999,2026-03-05T12:09:15.148053,0.0,2026-03-05T12:09:14.301000,67,,,
participant_01,3,day,Town10HD_Opt,2026-03-05 12:09:16.172964,8.861878395080566,-64.28245544433594,0.0023509596940129,34.043,0.305,0.0,0.0,0,0,1,,1.0,2026-03-05T12:09:16.172964,neutral,0.999,2026-03-05T12:09:15.148053,0.0,2026-03-05T12:09:15.292000,67,,,
participant_01,3,day,Town10HD_Opt,2026-03-05 12:09:17.205888,5.216000080108643,-64.35426330566406,0.0023022841196507,28.74,0.059,0.088,0.0,0,0,1,,1.0,2026-03-05T12:09:17.205888,neutral,0.985,2026-03-05T12:09:17.205888,0.0,2026-03-05T12:09:16.460000,66,Vehicle-pedestrian collision,Vehicle-pedestrian collision,
participant_01,3,day,Town10HD_Opt,2026-03-05 12:09:18.227021,2.10306167602539,-64.41927337646484,0.0022341918665915,24.872,-0.021,0.192,0.0,0,0,1,,1.0,2026-03-05T12:09:18.227021,neutral,0.985,2026-03-05T12:09:17.205888,0.0,2026-03-05T12:09:17.315000,66,,,
participant_01,3,day,Town10HD_Opt,2026-03-05 12:09:19.275180,-0.6695789098739624,-64.47624969482422,0.0021165846846997,23.228,-0.049,0.349,0.0,0,0,1,,1.0,2026-03-05T12:09:19.275180,neutral,0.866,2026-03-05T12:09:19.275180,0.0,2026-03-05T12:09:18.485000,66,,,
participant_01,3,day,Town10HD_Opt,2026-03-05 12:09:20.262129,-3.376380443572998,-64.5297622680664,0.0020501709077507,23.21,-0.059,0.343,0.0,0,0,1,,1.0,2026-03-05T12:09:20.262129,neutral,0.866,2026-03-05T12:09:19.275180,0.0,2026-03-05T12:09:19.431000,65,,,
participant_01,3,day,Town10HD_Opt,2026-03-05 12:09:21.300434,-6.085513591766357,-64.5809097290039,0.0020428847055882,23.238,-0.078,0.352,0.0,0,0,1,,1.0,2026-03-05T12:09:21.300434,neutral,0.982,2026-03-05T12:09:21.300434,0.0,2026-03-05T12:09:20.375000,65,,,
participant_01,3,day,Town10HD_Opt,2026-03-05 12:09:21.844939,-7.442088603973389,-64.60493469238281,0.0020400618668645,23.287,-0.2,0.354,0.0,0,0,1,,1.0,2026-03-05T12:09:21.844939,neutral,0.982,2026-03-05T12:09:21.300434,0.0,2026-03-05T12:09:21.399000,65,,,
participant_01,3,day,Town10HD_Opt,2026-03-05 12:09:22.874106,-10.155324935913086,-64.64630889892578,0.0020772933494299,22.782,-0.24,0.0,0.0,0,0,1,,1.0,2026-03-05T12:09:22.874106,neutral,0.982,2026-03-05T12:09:21.300434,0.0,2026-03-05T12:09:22.535000,66,,,
participant_01,3,day,Town10HD_Opt,2026-03-05 12:09:23.863096,-12.607328414916992,-64.67310333251953,0.0022102736402302,19.19,-0.374,0.0,0.0,0,0,1,,1.0,2026-03-05T12:09:23.863096,neutral,0.995,2026-03-05T12:09:23.863096,0.0,2026-03-05T12:09:23.750000,66,,,
participant_01,3,day,Town10HD_Opt,2026-03-05 12:09:24.889924,-14.65600299835205,-64.6860122680664,0.0019903944339603,16.182,-0.336,0.0,0.0,0,0,1,,1.0,2026-03-05T12:09:24.889924,neutral,0.995,2026-03-05T12:09:23.863096,0.0,2026-03-05T12:09:23.750000,66,,,
participant_01,3,day,Town10HD_Opt,2026-03-05 12:09:25.884651,-16.383575439453125,-64.69090270996094,0.0020427322015166,13.362,-0.336,0.0,0.0,0,0,1,,1.0,2026-03-05T12:09:25.884651,neutral,0.985,2026-03-05T12:09:25.884651,0.0,2026-03-05T12:09:25.550000,66,,,
participant_01,3,day,Town10HD_Opt,2026-03-05 12:09:26.908711,-17.8282527923584,-64.69070434570312,0.0020266722422093,11.174,-0.336,0.0,0.0,0,0,1,,1.0,2026-03-05T12:09:26.908711,neutral,0.985,2026-03-05T12:09:25.884651,0.0,2026-03-05T12:09:26.314000,66,,,
participant_01,3,day,Town10HD_Opt,2026-03-05 12:09:27.950349,-19.03598022460937,-64.68831634521484,0.0020003127865493,9.851,0.399,0.886,0.0,0,0,1,,1.0,2026-03-05T12:09:27.950349,neutral,0.996,2026-03-05T12:09:27.950349,0.0,2026-03-05T12:09:27.305000,65,,,
participant_01,3,day,Town10HD_Opt,2026-03-05 12:09:28.981688,-20.59034538269043,-64.6969985961914,0.001518859877251,18.008,0.623,0.932,0.0,0,0,1,,1.0,2026-03-05T12:09:28.981688,neutral,0.996,2026-03-05T12:09:27.950349,0.0,2026-03-05T12:09:28.295000,65,,,
participant_01,3,day,Town10HD_Opt,2026-03-05 12:09:30.034834,-23.13698005676269,-64.72708129882812,0.0016341400332748,27.223,0.653,1.0,0.0,0,0,1,,1.0,2026-03-05T12:09:30.034834,neutral,0.981,2026-03-05T12:09:30.034834,0.0,2026-03-05T12:09:29.331000,65,,,
participant_01,3,day,Town10HD_Opt,2026-03-05 12:09:31.044323,-26.880136489868164,-64.81148529052734,0.0015116500435397,37.387,0.738,1.0,0.0,0,0,1,,1.0,2026-03-05T12:09:31.044323,neutral,0.981,2026-03-05T12:09:30.034834,0.0,2026-03-05T12:09:30.455000,65,,,
participant_01,3,day,Town10HD_Opt,2026-03-05 12:09:32.036130,-31.83261680603028,-64.99205780029297,0.0015473556704819,48.118,0.602,1.0,0.0,0,0,1,,1.0,2026-03-05T12:09:32.036130,neutral,0.994,2026-03-05T12:09:32.036130,0.0,2026-03-05T12:09:31.445000,65,,,
participant_01,3,day,Town10HD_Opt,2026-03-05 12:09:33.035410,-37.7573356628418,-65.2963638305664,0.0019483566284179,50.831,0.033,0.0,0.0,0,0,1,,1.0,2026-03-05T12:09:33.035410,neutral,0.994,2026-03-05T12:09:32.036130,0.0,2026-03-05T12:09:32.345000,65,,,
participant_01,3,day,Town10HD_Opt,2026-03-05 12:09:34.051427,-43.25992965698242,-65.67412567138672,0.0023560714907944,43.103,4.612,0.0,0.0,0,0,1,,1.0,2026-03-05T12:09:34.051427,neutral,0.998,2026-03-05T12:09:34.051427,0.055,2026-03-05T12:09:33.292000,66,,,
participant_01,3,day,Town10HD_Opt,2026-03-05 12:09:35.041203,-47.88551330566406,-66.35681915283203,0.0023723221383988,36.833,-1.445,0.185,0.0,0,0,1,,1.0,2026-03-05T12:09:35.041203,neutral,0.998,2026-03-05T12:09:34.051427,0.12,2026-03-05T12:09:34.280000,66,,,
participant_01,3,day,Town10HD_Opt,2026-03-05 12:09:36.050089,-52.00021362304688,-66.89598846435547,0.0020182800944894,36.612,-2.306,0.989,0.0,0,0,1,,1.0,2026-03-05T12:09:36.050089,neutral,0.998,2026-03-05T12:09:34.051427,0.183,2026-03-05T12:09:35.405000,66,,,
participant_01,3,day,Town10HD_Opt,2026-03-05 12:09:37.029536,-56.76481628417969,-67.422607421875,0.0016211319016292,46.518,-0.604,1.0,0.0,0,0,1,,1.0,2026-03-05T12:09:37.029536,neutral,0.918,2026-03-05T12:09:37.029536,0.245,2026-03-05T12:09:36.306000,66,,,
participant_01,3,day,Town10HD_Opt,2026-03-05 12:09:38.108400,-62.57622528076172,-67.96974182128906,0.0017984008882194,51.743,-4.244,0.0,0.174,0,0,1,,1.0,2026-03-05T12:09:38.108400,neutral,0.918,2026-03-05T12:09:37.029536,0.306,2026-03-05T12:09:37.295000,66,,,
participant_01,3,day,Town10HD_Opt,2026-03-05 12:09:39.118263,-68.34628295898438,-68.0110855102539,0.0020307921804487,49.759,-4.11,0.972,0.0,0,0,1,,1.0,2026-03-05T12:09:39.118263,neutral,0.97,2026-03-05T12:09:39.118263,0.365,2026-03-05T12:09:38.286000,66,,,
participant_01,3,day,Town10HD_Opt,2026-03-05 12:09:40.137257,-74.25222778320312,-67.34809112548828,0.0021692274603992,49.191,-7.323,0.949,0.0,0,0,1,,1.0,2026-03-05T12:09:40.137257,neutral,0.97,2026-03-05T12:09:39.118263,0.411,2026-03-05T12:09:39.320000,66,,,
participant_01,3,day,Town10HD_Opt,2026-03-05 12:09:41.107831,-79.80158233642578,-65.68506622314453,0.0018576049478724,52.184,-3.773,0.0,0.218,0,0,1,,0.81,2026-03-05T12:09:41.107831,neutral,0.97,2026-03-05T12:09:39.118263,0.4529999999999999,2026-03-05T12:09:40.401000,65,,,
participant_01,3,day,Town10HD_Opt,2026-03-05 12:09:42.129308,-85.1785659790039,-63.29690933227539,0.0021809004247188,48.805,-4.256,0.889,0.0,0,0,1,,1.0,2026-03-05T12:09:42.129308,neutral,0.946,2026-03-05T12:09:42.129308,0.482,2026-03-05T12:09:41.301000,65,,,
participant_01,3,day,Town10HD_Opt,2026-03-05 12:09:43.134562,-90.26730346679688,-60.33585739135742,0.0020597837865352,49.63,-4.2,0.866,0.0,0,0,1,,1.0,2026-03-05T12:09:43.134562,neutral,0.946,2026-03-05T12:09:42.129308,0.51,2026-03-05T12:09:42.290000,66,,,
participant_01,3,day,Town10HD_Opt,2026-03-05 12:09:44.200529,-94.86151123046876,-56.90310287475586,0.0019765852484852,50.389,-4.24,0.534,0.0,0,0,1,,1.0,2026-03-05T12:09:44.200529,neutral,0.891,2026-03-05T12:09:44.200529,0.511,2026-03-05T12:09:43.280000,67,,,
participant_01,3,day,Town10HD_Opt,2026-03-05 12:09:45.198328,-99.07915496826172,-52.91825485229492,0.0021458053961396,48.059,-4.11,0.0,0.0,0,0,1,,1.0,2026-03-05T12:09:45.198328,neutral,0.891,2026-03-05T12:09:44.200529,0.511,2026-03-05T12:09:44.270000,69,,,
participant_01,3,day,Town10HD_Opt,2026-03-05 12:09:46.248070,-102.5078125,-48.867713928222656,0.0022960281930863,42.906,-3.848,0.421,0.0,0,0,1,,1.0,2026-03-05T12:09:46.248070,neutral,0.818,2026-03-05T12:09:46.248070,0.511,2026-03-05T12:09:45.397000,69,,,
participant_01,3,day,Town10HD_Opt,2026-03-05 12:09:47.219581,-105.25655364990234,-44.80488586425781,0.0021280669607222,41.471,-5.326,0.387,0.0,0,0,1,,1.0,2026-03-05T12:09:47.219581,neutral,0.818,2026-03-05T12:09:46.248070,0.511,2026-03-05T12:09:46.341000,68,,,
participant_01,3,day,Town10HD_Opt,2026-03-05 12:09:48.267672,-107.30377960205078,-40.62248611450195,0.0022755051031708,37.431,-10.058,0.0,0.0,0,0,1,,1.0,2026-03-05T12:09:48.267672,neutral,0.86,2026-03-05T12:09:48.267672,0.511,2026-03-05T12:09:47.286000,67,,,
participant_01,3,day,Town10HD_Opt,2026-03-05 12:09:49.284798,-108.30380249023438,-36.75458908081055,0.0023344801738858,31.474,-6.068,0.0,0.0,0,0,1,,1.0,2026-03-05T12:09:49.284798,neutral,0.86,2026-03-05T12:09:48.267672,0.511,2026-03-05T12:09:48.320000,66,,,
participant_01,3,day,Town10HD_Opt,2026-03-05 12:09:50.293561,-108.7476806640625,-33.419189453125,0.0022911452688276,26.458,-3.785,0.041,0.0,0,0,1,,1.0,2026-03-05T12:09:50.293561,neutral,0.661,2026-03-05T12:09:50.293561,0.507,2026-03-05T12:09:49.321000,64,,,
participant_01,3,day,Town10HD_Opt,2026-03-05 12:09:51.291330,-108.9623031616211,-30.5544376373291,0.0021992111578583,23.209,-1.26,0.306,0.0,0,0,1,,1.0,2026-03-05T12:09:51.291330,neutral,0.661,2026-03-05T12:09:50.293561,0.502,2026-03-05T12:09:50.300000,63,,,
participant_01,3,day,Town10HD_Opt,2026-03-05 12:09:52.305996,-109.10139465332033,-27.87288475036621,0.0020307539962232,23.517,-1.814,0.478,0.0,0,0,1,,1.0,2026-03-05T12:09:52.305996,neutral,0.727,2026-03-05T12:09:52.305996,0.494,2026-03-05T12:09:52.282000,63,,,errors=Solid line crossing
participant_01,3,day,Town10HD_Opt,2026-03-05 12:09:53.351193,-109.18350982666016,-25.038026809692383,0.0019617462530732,25.173,-1.241,0.45,0.0,0,0,1,,1.0,2026-03-05T12:09:53.351193,neutral,0.727,2026-03-05T12:09:52.305996,0.489,2026-03-05T12:09:53.315000,64,,,
participant_01,3,day,Town10HD_Opt,2026-03-05 12:09:53.886236,-109.20802307128906,-23.546031951904297,0.0019740676507353,25.842,-0.562,0.333,0.0,0,0,1,,1.0,2026-03-05T12:09:53.886236,neutral,0.727,2026-03-05T12:09:52.305996,0.489,2026-03-05T12:09:53.315000,64,,,
participant_01,3,day,Town10HD_Opt,2026-03-05 12:09:54.929998,-109.2606201171875,-20.609663009643555,0.0021628951653838,23.282,1.149,0.0,0.0,0,0,1,,1.0,2026-03-05T12:09:54.929998,fear,0.435,2026-03-05T12:09:54.929998,0.485,2026-03-05T12:09:54.576000,64,,,
participant_01,3,day,Town10HD_Opt,2026-03-05 12:09:55.946271,-109.34305572509766,-18.1127872467041,0.0022614288609474,19.083,-0.035,0.0,0.248,0,0,1,,1.0,2026-03-05T12:09:55.946271,fear,0.435,2026-03-05T12:09:54.929998,0.48,2026-03-05T12:09:55.340000,65,,,
participant_01,3,day,Town10HD_Opt,2026-03-05 12:09:56.959355,-109.40422821044922,-16.16376304626465,0.0020934676285833,14.343,-0.284,0.0,0.535,0,0,1,,1.0,2026-03-05T12:09:56.959355,neutral,0.989,2026-03-05T12:09:56.959355,0.475,2026-03-05T12:09:56.331000,65,,,errors=Harsh braking
participant_01,3,day,Town10HD_Opt,2026-03-05 12:09:57.969568,-109.4425048828125,-14.811421394348145,0.0021775816567242,8.933,-0.28,0.0,0.772,0,0,1,,1.0,2026-03-05T12:09:57.969568,neutral,0.989,2026-03-05T12:09:56.959355,0.4669999999999999,2026-03-05T12:09:57.365000,64,,,errors=Vehicle collision
participant_01,3,day,Town10HD_Opt,2026-03-05 12:09:58.980767,-109.44893646240234,-14.51313591003418,-0.0004953765892423,0.04,-0.28,0.0,0.976,0,0,1,,1.0,2026-03-05T12:09:58.980767,neutral,0.836,2026-03-05T12:09:58.980767,0.4629999999999999,2026-03-05T12:09:58.355000,63,,,
participant_01,3,day,Town10HD_Opt,2026-03-05 12:09:59.977075,-109.44866180419922,-14.513399124145508,0.0017199707217514,0.002,-0.167,0.0,0.037,0,0,1,,1.0,2026-03-05T12:09:59.977075,neutral,0.836,2026-03-05T12:09:58.980767,0.4599999999999999,2026-03-05T12:09:59.526000,62,,,
participant_01,3,day,Town10HD_Opt,2026-03-05 12:10:00.947310,-109.4486312866211,-14.513436317443848,0.00186450954061,0.0,-0.181,0.0,0.022,0,0,1,,1.0,2026-03-05T12:10:00.947310,neutral,0.836,2026-03-05T12:09:58.980767,0.4589999999999999,2026-03-05T12:10:00.300000,62,,,
participant_01,3,day,Town10HD_Opt,2026-03-05 12:10:01.935465,-109.44862365722656,-14.513436317443848,0.0018695830367505,0.0,-0.181,0.0,0.02,0,0,1,,1.0,2026-03-05T12:10:01.935465,angry,0.489,2026-03-05T12:10:01.935465,0.473,2026-03-05T12:10:01.372000,61,,,
participant_01,3,day,Town10HD_Opt,2026-03-05 12:10:02.931680,-109.4486083984375,-14.51344108581543,0.0018891524523496,0.0,-0.193,0.0,0.0,0,0,1,,1.0,2026-03-05T12:10:02.931680,angry,0.489,2026-03-05T12:10:01.935465,0.483,2026-03-05T12:10:02.451000,61,,,errors=Vehicle collision
participant_01,3,day,Town10HD_Opt,2026-03-05 12:10:03.900339,-109.44862365722656,-14.51369857788086,0.0019111251458525,0.012,0.334,0.0,0.0,0,0,1,,1.0,2026-03-05T12:10:03.900339,angry,0.489,2026-03-05T12:10:01.935465,0.483,2026-03-05T12:10:02.451000,61,,,
participant_01,3,day,Town10HD_Opt,2026-03-05 12:10:04.865621,-109.44859313964844,-14.513434410095217,0.0019058608449995,0.0,0.822,0.0,0.0,0,0,1,,1.0,2026-03-05T12:10:04.865621,sad,0.605,2026-03-05T12:10:04.865621,0.483,2026-03-05T12:10:02.451000,61,,,
participant_01,3,day,Town10HD_Opt,2026-03-05 12:10:05.865063,-109.44859313964844,-14.513436317443848,0.0019121170043945,0.0,0.313,0.0,0.0,0,0,1,,1.0,2026-03-05T12:10:05.865063,sad,0.605,2026-03-05T12:10:04.865621,0.483,2026-03-05T12:10:02.451000,61,,,
participant_01,3,day,Town10HD_Opt,2026-03-05 12:10:06.919280,-109.44859313964844,-14.513442039489746,0.0019171523163095,0.0,0.933,0.0,0.0,0,0,1,,1.0,2026-03-05T12:10:06.919280,neutral,0.639,2026-03-05T12:10:06.919280,0.483,2026-03-05T12:10:02.451000,61,,,
participant_01,3,day,Town10HD_Opt,2026-03-05 12:10:07.960871,-109.44860076904295,-14.513468742370604,0.0019190978491678,0.002,0.266,0.297,0.0,0,1,-1,,1.0,2026-03-05T12:10:07.960871,neutral,0.639,2026-03-05T12:10:06.919280,0.483,2026-03-05T12:10:02.451000,61,,,
participant_01,3,day,Town10HD_Opt,2026-03-05 12:10:08.947168,-109.44676208496094,-14.57384967803955,0.002100562909618,3.15,0.313,0.892,0.0,0,1,-1,,1.0,2026-03-05T12:10:08.947168,sad,0.453,2026-03-05T12:10:08.947168,0.483,2026-03-05T12:10:02.451000,61,,,
participant_01,3,day,Town10HD_Opt,2026-03-05 12:10:09.996496,-109.4235610961914,-15.303202629089355,0.0022037506569176,9.036,0.324,0.437,0.0,0,1,-1,,1.0,2026-03-05T12:10:09.996496,sad,0.453,2026-03-05T12:10:08.947168,0.483,2026-03-05T12:10:02.451000,61,,,
participant_01,3,day,Town10HD_Opt,2026-03-05 12:10:11.025103,-109.39390563964844,-16.31529998779297,0.0017456435598433,3.721,-0.458,0.0,0.0,0,0,1,,1.0,2026-03-05T12:10:11.025103,neutral,0.652,2026-03-05T12:10:11.025103,0.483,2026-03-05T12:10:02.451000,61,,,
participant_01,3,day,Town10HD_Opt,2026-03-05 12:10:12.051394,-109.38983154296876,-16.41895294189453,0.0016149901784956,1.961,-19.332,0.745,0.0,0,0,1,,1.0,2026-03-05T12:10:12.051394,neutral,0.652,2026-03-05T12:10:11.025103,0.483,2026-03-05T12:10:02.451000,61,,,errors=Solid line crossing
participant_01,3,day,Town10HD_Opt,2026-03-05 12:10:13.064951,-109.2509765625,-15.788300514221191,0.0015703963581472,9.319,-29.317,0.76,0.0,0,0,1,,1.0,2026-03-05T12:10:13.064951,neutral,0.753,2026-03-05T12:10:13.064951,0.483,2026-03-05T12:10:02.451000,61,,,
participant_01,3,day,Town10HD_Opt,2026-03-05 12:10:14.068354,-108.73445892333984,-14.357807159423828,0.001583824167028,16.681,-20.503,0.749,0.0,0,0,1,,1.0,2026-03-05T12:10:14.068354,neutral,0.753,2026-03-05T12:10:13.064951,0.483,2026-03-05T12:10:02.451000,61,,,
participant_01,3,day,Town10HD_Opt,2026-03-05 12:10:15.143056,-108.06049346923828,-12.22265338897705,0.0018756865756586,21.922,15.884,0.763,0.0,0,0,1,,1.0,2026-03-05T12:10:15.143056,angry,0.713,2026-03-05T12:10:15.143056,0.483,2026-03-05T12:10:02.451000,61,,,
participant_01,3,day,Town10HD_Opt,2026-03-05 12:10:16.215629,-107.7755355834961,-9.36121940612793,0.0017568205948919,28.227,5.073,0.68,0.0,0,0,1,,1.0,2026-03-05T12:10:16.215629,angry,0.713,2026-03-05T12:10:15.143056,0.483,2026-03-05T12:10:02.451000,61,,,
participant_01,3,day,Town10HD_Opt,2026-03-05 12:10:17.251250,-107.6754150390625,-5.814822673797607,0.0017903136322274,32.907,3.047,0.664,0.0,0,0,1,,1.0,2026-03-05T12:10:17.251250,angry,0.417,2026-03-05T12:10:17.251250,0.483,2026-03-05T12:10:02.451000,61,,,
participant_01,3,day,Town10HD_Opt,2026-03-05 12:10:18.328984,-107.76810455322266,-1.7370461225509644,0.001861419645138,36.66,1.05,0.574,0.0,0,0,1,,1.0,2026-03-05T12:10:18.328984,angry,0.417,2026-03-05T12:10:17.251250,0.483,2026-03-05T12:10:02.451000,61,,,errors=Red light violation
participant_01,3,day,Town10HD_Opt,2026-03-05 12:10:18.893842,-107.86103057861328,0.4383885860443115,0.0019043731736019,37.846,0.364,0.493,0.0,0,0,1,,1.0,2026-03-05T12:10:18.893842,angry,0.417,2026-03-05T12:10:17.251250,0.483,2026-03-05T12:10:02.451000,61,,,
participant_01,3,day,Town10HD_Opt,2026-03-05 12:10:19.972571,-107.99348449707033,4.918452262878418,0.0019929122645407,38.839,-6.573,0.462,0.0,0,0,1,,1.0,2026-03-05T12:10:19.972571,angry,0.812,2026-03-05T12:10:19.972571,0.483,2026-03-05T12:10:02.451000,61,,,
participant_01,3,day,Town10HD_Opt,2026-03-05 12:10:21.035703,-107.58185577392578,9.433926582336426,0.0020352171268314,39.046,-7.033,0.453,0.0,0,0,1,,0.808,2026-03-05T12:10:21.035703,angry,0.812,2026-03-05T12:10:19.972571,0.483,2026-03-05T12:10:02.451000,61,,,
participant_01,3,day,Town10HD_Opt,2026-03-05 12:10:22.055216,-106.48052215576172,13.862829208374023,0.0020388029515743,39.259,-5.86,0.452,0.0,0,0,1,,1.0,2026-03-05T12:10:22.055216,angry,0.59,2026-03-05T12:10:22.055216,0.483,2026-03-05T12:10:02.451000,61,,,
participant_01,3,day,Town10HD_Opt,2026-03-05 12:10:23.106834,-104.80220794677734,18.12914085388184,0.0020413971506059,39.406,-6.955,0.451,0.0,0,0,1,,0.814,2026-03-05T12:10:23.106834,angry,0.59,2026-03-05T12:10:22.055216,0.483,2026-03-05T12:10:02.451000,61,,,
participant_01,3,day,Town10HD_Opt,2026-03-05 12:10:24.208137,-102.39044952392578,22.009014129638672,0.0020751571282744,39.092,-15.287,0.449,0.0,0,0,1,,1.0,2026-03-05T12:10:24.208137,neutral,0.578,2026-03-05T12:10:24.208137,0.483,2026-03-05T12:10:02.451000,61,,,
participant_01,3,day,Town10HD_Opt,2026-03-05 12:10:25.264390,-99.04663848876952,25.07009506225586,0.0020745086949318,38.945,-11.641,0.448,0.0,0,0,1,,1.0,2026-03-05T12:10:25.264390,neutral,0.578,2026-03-05T12:10:24.208137,0.483,2026-03-05T12:10:02.451000,61,,,
participant_01,3,day,Town10HD_Opt,2026-03-05 12:10:26.326835,-95.03995513916016,27.13766288757324,0.0020854568574577,38.639,-14.805,0.447,0.0,0,0,1,,1.0,2026-03-05T12:10:26.326835,angry,0.939,2026-03-05T12:10:26.326835,0.483,2026-03-05T12:10:02.451000,61,,,
participant_01,3,day,Town10HD_Opt,2026-03-05 12:10:26.889777,-92.87059020996094,27.694250106811523,0.002105827210471,38.169,-13.472,0.0,0.0,0,0,1,,1.0,2026-03-05T12:10:26.889777,angry,0.939,2026-03-05T12:10:26.326835,0.483,2026-03-05T12:10:02.451000,61,,,
participant_01,3,day,Town10HD_Opt,2026-03-05 12:10:27.947142,-88.72946166992188,28.01972198486328,0.0022990799043327,33.001,-3.328,0.0,0.0,0,0,1,,1.0,2026-03-05T12:10:27.947142,angry,0.939,2026-03-05T12:10:26.326835,0.483,2026-03-05T12:10:02.451000,61,,,
participant_01,3,day,Town10HD_Opt,2026-03-05 12:10:29.038054,-85.20264434814453,27.99671173095703,0.0022977828048169,27.735,-0.291,0.0,0.0,0,0,1,,1.0,2026-03-05T12:10:29.038054,angry,0.669,2026-03-05T12:10:29.038054,0.483,2026-03-05T12:10:02.451000,61,,,
participant_01,3,day,Town10HD_Opt,2026-03-05 12:10:30.103308,-82.25318908691406,27.95724105834961,0.0022696685045957,23.09,0.367,0.0,0.0,0,0,1,,1.0,2026-03-05T12:10:30.103308,angry,0.669,2026-03-05T12:10:29.038054,0.483,2026-03-05T12:10:02.451000,61,,,
participant_01,3,day,Town10HD_Opt,2026-03-05 12:10:31.135400,-79.81352996826172,27.935834884643555,0.0022440718021243,18.979,0.334,0.0,0.0,0,0,1,,0.886,2026-03-05T12:10:31.135400,neutral,0.978,2026-03-05T12:10:31.135400,0.483,2026-03-05T12:10:02.451000,61,,,
participant_01,3,day,Town10HD_Opt,2026-03-05 12:10:32.174607,-77.7842788696289,27.918983459472656,0.001999053871259,16.058,-0.287,0.0,0.0,0,0,1,,1.0,2026-03-05T12:10:32.174607,neutral,0.978,2026-03-05T12:10:31.135400,0.483,2026-03-05T12:10:02.451000,61,,,
participant_01,3,day,Town10HD_Opt,2026-03-05 12:10:33.194129,-76.07015991210938,27.897891998291016,0.002042579697445,13.259,-0.322,0.0,0.0,0,0,1,,1.0,2026-03-05T12:10:33.194129,neutral,0.588,2026-03-05T12:10:33.194129,0.483,2026-03-05T12:10:02.451000,61,,,
participant_01,3,day,Town10HD_Opt,2026-03-05 12:10:34.184049,-74.633544921875,27.87608337402344,0.0020248412620276,11.123,-0.327,0.0,0.0,0,0,1,,1.0,2026-03-05T12:10:34.184049,neutral,0.588,2026-03-05T12:10:33.194129,0.483,2026-03-05T12:10:02.451000,61,,,
participant_01,3,day,Town10HD_Opt,2026-03-05 12:10:35.222114,-73.42848205566406,27.85484504699707,0.0020083235576748,9.465,-0.327,0.0,0.0,0,0,1,,1.0,2026-03-05T12:10:35.222114,angry,0.828,2026-03-05T12:10:35.222114,0.483,2026-03-05T12:10:02.451000,61,Vehicle-pedestrian collision,Vehicle-pedestrian collision,
participant_01,3,day,Town10HD_Opt,2026-03-05 12:10:36.214548,-72.4180679321289,27.83495140075684,0.0019940184429287,7.821,-0.327,0.0,0.0,0,0,1,,1.0,2026-03-05T12:10:36.214548,angry,0.828,2026-03-05T12:10:35.222114,0.483,2026-03-05T12:10:02.451000,61,,,
participant_01,3,day,Town10HD_Opt,2026-03-05 12:10:37.259861,-71.57089233398438,27.81679344177246,0.0019820784218609,6.557,-0.327,0.0,0.0,0,0,1,,1.0,2026-03-05T12:10:37.259861,angry,0.452,2026-03-05T12:10:37.259861,0.483,2026-03-05T12:10:02.451000,61,,,
participant_01,3,day,Town10HD_Opt,2026-03-05 12:10:38.238214,-70.86061096191406,27.80052757263184,0.0019717407412827,5.579,-0.327,0.0,0.0,0,0,1,,1.0,2026-03-05T12:10:38.238214,angry,0.452,2026-03-05T12:10:37.259861,0.477,2026-03-05T12:10:37.417000,64,,,
participant_01,3,day,Town10HD_Opt,2026-03-05 12:10:39.270157,-70.26506805419922,27.786170959472656,0.0019632338080555,4.678,-0.317,0.0,0.0,0,0,1,,1.0,2026-03-05T12:10:39.270157,angry,0.576,2026-03-05T12:10:39.270157,0.472,2026-03-05T12:10:38.495000,64,,,
participant_01,3,day,Town10HD_Opt,2026-03-05 12:10:40.256829,-69.76577758789062,27.77369880676269,0.0019561767112463,3.922,-0.298,0.0,0.0,0,0,1,,1.0,2026-03-05T12:10:40.256829,angry,0.576,2026-03-05T12:10:39.270157,0.4659999999999999,2026-03-05T12:10:39.308000,64,,,
participant_01,3,day,Town10HD_Opt,2026-03-05 12:10:41.235520,-69.3471908569336,27.762943267822266,0.0019502257928252,3.24,-0.289,0.0,0.0,0,0,1,,1.0,2026-03-05T12:10:41.235520,angry,0.576,2026-03-05T12:10:39.270157,0.4619999999999999,2026-03-05T12:10:40.297000,64,,,
participant_01,3,day,Town10HD_Opt,2026-03-05 12:10:42.210845,-68.99623107910156,27.753719329833984,0.0019451522966846,2.757,-0.289,0.0,0.0,0,0,1,,1.0,2026-03-05T12:10:42.210845,neutral,0.642,2026-03-05T12:10:42.210845,0.495,2026-03-05T12:10:41.286000,64,,,
participant_01,3,day,Town10HD_Opt,2026-03-05 12:10:43.170846,-68.70198822021484,27.74582290649414,0.0019409561064094,2.311,-0.289,0.0,0.0,0,0,1,,1.0,2026-03-05T12:10:43.170846,neutral,0.642,2026-03-05T12:10:42.210845,0.511,2026-03-05T12:10:42.281000,64,,,
participant_01,3,day,Town10HD_Opt,2026-03-05 12:10:44.119332,-68.45526885986328,27.73909568786621,0.0019374465337023,1.938,-0.289,0.0,0.0,0,0,1,,1.0,2026-03-05T12:10:44.119332,neutral,0.642,2026-03-05T12:10:42.210845,0.511,2026-03-05T12:10:43.311000,64,,,
participant_01,3,day,Town10HD_Opt,2026-03-05 12:10:45.095784,-68.24844360351562,27.73336601257324,0.0019344710744917,1.601,-0.289,0.0,0.0,0,0,1,,1.0,2026-03-05T12:10:45.095784,angry,0.932,2026-03-05T12:10:45.095784,0.511,2026-03-05T12:10:44.301000,64,,,
participant_01,3,day,Town10HD_Opt,2026-03-05 12:10:46.077116,-68.07503509521484,27.72851181030273,0.0019319915445521,1.362,-0.289,0.0,0.0,0,0,1,,1.0,2026-03-05T12:10:46.077116,angry,0.932,2026-03-05T12:10:45.095784,0.511,2026-03-05T12:10:45.381000,63,,,
participant_01,3,day,Town10HD_Opt,2026-03-05 12:10:47.018344,-67.92964172363281,27.72439956665039,0.0019299315754324,1.142,-0.289,0.0,0.0,0,0,1,,1.0,2026-03-05T12:10:47.018344,angry,0.932,2026-03-05T12:10:45.095784,0.511,2026-03-05T12:10:46.371000,63,,,
participant_01,3,day,Town10HD_Opt,2026-03-05 12:10:48.010469,-67.80769348144531,27.720924377441406,0.0019280624110251,0.958,-0.289,0.0,0.0,0,0,1,,1.0,2026-03-05T12:10:48.010469,neutral,0.621,2026-03-05T12:10:48.010469,0.511,2026-03-05T12:10:47.317000,63,,,
participant_01,3,day,Town10HD_Opt,2026-03-05 12:10:48.987981,-67.70541381835938,27.71799087524414,0.0019266890594735,0.804,-0.284,0.0,0.0,0,0,1,,1.0,2026-03-05T12:10:48.987981,neutral,0.621,2026-03-05T12:10:48.010469,0.511,2026-03-05T12:10:48.576000,63,,,
participant_01,3,day,Town10HD_Opt,2026-03-05 12:10:50.009171,-67.61962127685547,27.715518951416016,0.0019254302605986,0.674,-0.207,0.0,0.0,0,0,1,,1.0,2026-03-05T12:10:50.009171,neutral,0.621,2026-03-05T12:10:48.010469,0.511,2026-03-05T12:10:49.387000,64,,,
participant_01,3,day,Town10HD_Opt,2026-03-05 12:10:51.034747,-67.54769134521484,27.71352195739746,0.0019244384020566,0.557,0.237,0.0,0.0,0,0,1,,1.0,2026-03-05T12:10:51.034747,neutral,0.622,2026-03-05T12:10:51.034747,0.511,2026-03-05T12:10:50.286000,63,,,
participant_01,3,day,Town10HD_Opt,2026-03-05 12:10:52.009670,-67.48737335205078,27.71212577819824,0.0019235991640016,0.467,0.672,0.0,0.0,0,0,1,,1.0,2026-03-05T12:10:52.009670,neutral,0.622,2026-03-05T12:10:51.034747,0.511,2026-03-05T12:10:51.366000,63,,,
participant_01,3,day,Town10HD_Opt,2026-03-05 12:10:53.029459,-67.43804168701172,27.71111297607422,0.001929817139171,0.671,0.745,0.584,0.0,0,0,1,,0.837,2026-03-05T12:10:53.029459,neutral,0.622,2026-03-05T12:10:51.034747,0.511,2026-03-05T12:10:52.311000,62,,,
participant_01,3,day,Town10HD_Opt,2026-03-05 12:10:54.089697,-66.9989242553711,27.70276260375977,0.0014974975492805,9.627,0.846,1.0,0.0,0,0,1,,1.0,2026-03-05T12:10:54.089697,angry,0.991,2026-03-05T12:10:54.089697,0.511,2026-03-05T12:10:53.301000,62,,,
participant_01,3,day,Town10HD_Opt,2026-03-05 12:10:55.165029,-65.35797882080078,27.67895698547364,0.001583824167028,18.771,0.731,0.878,0.0,0,0,1,,1.0,2026-03-05T12:10:55.165029,angry,0.991,2026-03-05T12:10:54.089697,0.511,2026-03-05T12:10:54.291000,63,,,
participant_01,3,day,Town10HD_Opt,2026-03-05 12:10:56.351958,-62.81221008300781,27.65732192993164,0.0016939544584602,26.163,0.625,0.847,0.0,0,0,1,,1.0,2026-03-05T12:10:56.351958,angry,0.996,2026-03-05T12:10:56.351958,0.511,2026-03-05T12:10:56.316000,63,,,
participant_01,3,day,Town10HD_Opt,2026-03-05 12:10:56.933133,-61.20237731933594,27.653995513916016,0.0016487502725794,30.309,0.686,0.846,0.0,0,0,1,,1.0,2026-03-05T12:10:56.933133,angry,0.996,2026-03-05T12:10:56.351958,0.511,2026-03-05T12:10:56.316000,63,,,
participant_01,3,day,Town10HD_Opt,2026-03-05 12:10:57.974331,-57.25286865234375,27.67789649963379,0.0016450118273496,38.431,0.515,1.0,0.0,0,0,1,,1.0,2026-03-05T12:10:57.974331,angry,0.996,2026-03-05T12:10:56.351958,0.511,2026-03-05T12:10:57.351000,62,,,
participant_01,3,day,Town10HD_Opt,2026-03-05 12:10:58.970715,-52.31488037109375,27.757225036621094,0.0015829467447474,46.973,0.345,1.0,0.0,0,0,1,,1.0,2026-03-05T12:10:58.970715,neutral,0.499,2026-03-05T12:10:58.970715,0.511,2026-03-05T12:10:58.386000,63,,,
participant_01,3,day,Town10HD_Opt,2026-03-05 12:10:59.971199,-46.37425994873047,27.906328201293945,0.0018811034969985,51.144,0.261,0.0,0.168,0,0,1,,0.865,2026-03-05T12:10:59.971199,neutral,0.499,2026-03-05T12:10:58.970715,0.511,2026-03-05T12:10:59.287000,64,,,
participant_01,3,day,Town10HD_Opt,2026-03-05 12:11:01.021019,-40.6382064819336,28.047821044921875,0.0020559690892696,49.724,-0.999,0.862,0.0,0,0,1,,1.0,2026-03-05T12:11:01.021019,angry,1.0,2026-03-05T12:11:01.021019,0.511,2026-03-05T12:11:00.366000,64,,,
participant_01,3,day,Town10HD_Opt,2026-03-05 12:11:02.067037,-34.73781204223633,28.07004165649414,0.0021406935993582,48.767,-0.585,0.81,0.0,0,0,1,,1.0,2026-03-05T12:11:02.067037,angry,1.0,2026-03-05T12:11:01.021019,0.511,2026-03-05T12:11:01.312000,64,,,
participant_01,3,day,Town10HD_Opt,2026-03-05 12:11:03.134873,-28.972625732421875,27.989505767822266,0.0019072722643613,51.28,-0.439,0.0,0.128,0,0,1,,1.0,2026-03-05T12:11:03.134873,angry,0.996,2026-03-05T12:11:03.134873,0.511,2026-03-05T12:11:02.481000,64,,,
participant_01,3,day,Town10HD_Opt,2026-03-05 12:11:04.163701,-23.14889335632324,27.8498477935791,0.0021685408428311,48.412,-0.021,0.782,0.0,0,0,1,,1.0,2026-03-05T12:11:04.163701,angry,0.996,2026-03-05T12:11:03.134873,0.511,2026-03-05T12:11:03.293000,64,,,
participant_01,3,day,Town10HD_Opt,2026-03-05 12:11:05.226103,-17.315229415893555,27.69706153869629,0.0019810104276984,50.121,0.094,0.0,0.0,0,0,1,,1.0,2026-03-05T12:11:05.226103,angry,0.88,2026-03-05T12:11:05.226103,0.511,2026-03-05T12:11:04.329000,64,,,
participant_01,3,day,Town10HD_Opt,2026-03-05 12:11:06.229271,-11.575992584228516,27.58224296569824,0.0026332091074436,49.944,0.733,0.776,0.0,0,0,1,,1.0,2026-03-05T12:11:06.229271,angry,0.88,2026-03-05T12:11:05.226103,0.511,2026-03-05T12:11:05.394000,64,,,
participant_01,3,day,Town10HD_Opt,2026-03-05 12:11:07.271548,-5.707626819610596,27.57280540466309,0.0021456526592373,48.531,0.522,0.561,0.0,0,0,1,,1.0,2026-03-05T12:11:07.271548,angry,0.919,2026-03-05T12:11:07.271548,0.511,2026-03-05T12:11:06.441000,64,,,
participant_01,3,day,Town10HD_Opt,2026-03-05 12:11:07.846214,-2.881365299224853,27.6015625,0.0020999144762754,48.492,-0.153,0.542,0.0,0,0,1,,1.0,2026-03-05T12:11:07.846214,angry,0.919,2026-03-05T12:11:07.271548,0.511,2026-03-05T12:11:07.437000,64,Solid line crossing,Solid line crossing,
participant_01,3,day,Town10HD_Opt,2026-03-05 12:11:08.902898,2.811551332473755,27.654266357421875,0.0020156097598373,49.199,-3.186,0.531,0.0,0,0,1,,1.0,2026-03-05T12:11:08.902898,angry,0.919,2026-03-05T12:11:07.271548,0.511,2026-03-05T12:11:08.286000,64,,,
participant_01,3,day,Town10HD_Opt,2026-03-05 12:11:09.925867,8.574812889099121,27.43061637878418,0.0020149610936641,49.715,-3.443,0.519,0.0,0,0,1,,1.0,2026-03-05T12:11:09.925867,angry,0.991,2026-03-05T12:11:09.925867,0.511,2026-03-05T12:11:09.276000,64,,,
participant_01,3,day,Town10HD_Opt,2026-03-05 12:11:10.938447,14.358019828796388,26.8355712890625,0.0020580291748046,49.547,2.421,0.348,0.0,0,0,1,,1.0,2026-03-05T12:11:10.938447,angry,0.991,2026-03-05T12:11:09.925867,0.511,2026-03-05T12:11:10.491000,63,,,
participant_01,3,day,Town10HD_Opt,2026-03-05 12:11:11.941861,19.98646354675293,26.52541732788086,0.0021516035776585,46.955,5.099,0.355,0.0,0,0,1,,1.0,2026-03-05T12:11:11.941861,angry,0.538,2026-03-05T12:11:11.941861,0.511,2026-03-05T12:11:11.346000,63,,,
participant_01,3,day,Town10HD_Opt,2026-03-05 12:11:12.927794,25.345502853393555,26.90239906311035,0.0021221542265266,45.379,5.125,0.477,0.0,0,0,1,,1.0,2026-03-05T12:11:12.927794,angry,0.538,2026-03-05T12:11:11.941861,0.511,2026-03-05T12:11:12.382000,63,,,
participant_01,3,day,Town10HD_Opt,2026-03-05 12:11:13.974162,30.494903564453125,28.024789810180664,0.0022157286293804,44.986,10.891,0.474,0.0,0,0,1,,1.0,2026-03-05T12:11:13.974162,angry,0.986,2026-03-05T12:11:13.974162,0.511,2026-03-05T12:11:13.641000,63,,,
participant_01,3,day,Town10HD_Opt,2026-03-05 12:11:15.023612,35.12033462524414,30.33627319335937,0.0021032714284956,43.854,20.442,0.466,0.0,0,0,1,,1.0,2026-03-05T12:11:15.023612,angry,0.986,2026-03-05T12:11:13.974162,0.511,2026-03-05T12:11:14.316000,63,,,
participant_01,3,day,Town10HD_Opt,2026-03-05 12:11:16.067528,38.264591217041016,34.12662887573242,0.0022062682546675,41.301,15.795,0.107,0.0,0,0,1,,1.0,2026-03-05T12:11:16.067528,angry,0.652,2026-03-05T12:11:16.067528,0.511,2026-03-05T12:11:15.351000,63,,,
participant_01,3,day,Town10HD_Opt,2026-03-05 12:11:17.089920,39.659610748291016,38.3983039855957,0.0023352813441306,35.324,4.938,0.0,0.0,0,0,1,,1.0,2026-03-05T12:11:17.089920,angry,0.652,2026-03-05T12:11:16.067528,0.511,2026-03-05T12:11:16.431000,63,,,
participant_01,3,day,Town10HD_Opt,2026-03-05 12:11:18.165665,40.26545715332031,42.15949249267578,0.0023511885665357,29.641,4.244,0.0,0.171,0,0,1,,1.0,2026-03-05T12:11:18.165665,angry,0.481,2026-03-05T12:11:18.165665,0.511,2026-03-05T12:11:17.332000,63,,,
participant_01,3,day,Town10HD_Opt,2026-03-05 12:11:19.266082,40.50265884399414,45.27641677856445,0.0022980880457907,24.408,4.674,0.0,0.0,0,0,1,,1.0,2026-03-05T12:11:19.266082,angry,0.481,2026-03-05T12:11:18.165665,0.511,2026-03-05T12:11:18.275000,63,,,
participant_01,3,day,Town10HD_Opt,2026-03-05 12:11:20.303032,40.541282653808594,47.84917831420898,0.0022733688820153,19.82,-0.83,0.0,0.185,0,0,1,,1.0,2026-03-05T12:11:20.303032,neutral,0.932,2026-03-05T12:11:20.303032,0.511,2026-03-05T12:11:20.301000,64,,,
participant_02,1,day,Town10HD_Opt,2026-03-06 07:37:33.026244,-41.66858673095703,89.7454833984375,0.5804919004440308,13.77,-0.416,0.266,0.0,0,0,1,,1.0,2026-03-06T07:37:33.026244,,,2026-03-06T07:37:33.026244,0.449,2026-03-06T07:37:32.623000,53,,,
participant_02,1,day,Town10HD_Opt,2026-03-06 07:37:37.629438,-41.71414566040039,86.84776306152344,0.0018312071915715,13.833,-0.404,0.265,0.0,0,0,1,,1.0,2026-03-06T07:37:37.629438,,,2026-03-06T07:37:37.629438,0.4,2026-03-06T07:37:37.619000,54,,,
participant_02,1,day,Town10HD_Opt,2026-03-06 07:37:38.303625,-41.743614196777344,85.19395446777344,0.0018836212111636,14.484,-0.092,0.282,0.0,0,0,1,,0.954,2026-03-06T07:37:38.303625,,,2026-03-06T07:37:37.629438,0.4,2026-03-06T07:37:37.619000,54,,,
participant_02,1,day,Town10HD_Opt,2026-03-06 07:37:39.024890,-41.76593017578125,83.45955657958984,0.001883735647425,15.215,1.382,0.274,0.0,0,0,1,,0.919,2026-03-06T07:37:39.024890,,,2026-03-06T07:37:37.629438,0.383,2026-03-06T07:37:38.608000,54,,,
participant_02,1,day,Town10HD_Opt,2026-03-06 07:37:40.251235,-41.60790252685547,79.74871063232422,0.0018973922124132,16.505,9.478,0.211,0.0,0,0,1,,0.904,2026-03-06T07:37:40.251235,neutral,0.824,2026-03-06T07:37:40.251235,0.371,2026-03-06T07:37:39.689000,55,,,
participant_02,1,day,Town10HD_Opt,2026-03-06 07:37:41.225649,-40.92048645019531,77.0014419555664,0.0019497680477797,15.99,17.309,0.211,0.0,0,0,1,,1.0,2026-03-06T07:37:41.225649,neutral,0.824,2026-03-06T07:37:40.251235,0.357,2026-03-06T07:37:40.633000,55,,,
participant_02,1,day,Town10HD_Opt,2026-03-06 07:37:42.752954,-40.54118347167969,76.1579818725586,0.0019556425977498,15.823,19.396,0.213,0.0,0,0,1,,1.0,2026-03-06T07:37:42.752954,neutral,0.824,2026-03-06T07:37:42.752954,0.335,2026-03-06T07:37:42.613000,56,,,
participant_02,1,day,Town10HD_Opt,2026-03-06 07:37:43.101189,-40.08636093139648,75.36325073242188,0.001955299405381,15.711,20.17,0.213,0.0,0,0,1,,1.0,2026-03-06T07:37:42.752954,neutral,0.824,2026-03-06T07:37:42.752954,0.335,2026-03-06T07:37:42.613000,56,,,
participant_02,1,day,Town10HD_Opt,2026-03-06 07:37:44.026589,-38.32851409912109,73.30603790283203,0.0019388579530641,15.606,19.849,0.263,0.0,0,0,1,,1.0,2026-03-06T07:37:44.026589,neutral,0.824,2026-03-06T07:37:42.752954,0.327,2026-03-06T07:37:43.605000,56,,,
participant_02,1,day,Town10HD_Opt,2026-03-06 07:37:45.021537,-36.02323532104492,71.75213623046875,0.001906051649712,16.613,19.049,0.342,0.0,0,0,1,,1.0,2026-03-06T07:37:45.021537,neutral,0.587,2026-03-06T07:37:45.021537,0.321,2026-03-06T07:37:44.639000,57,,,
participant_02,1,day,Town10HD_Opt,2026-03-06 07:37:46.046406,-33.1413459777832,70.76390075683594,0.0021391676273196,18.116,15.046,0.379,0.0,0,0,1,,1.0,2026-03-06T07:37:46.046406,neutral,0.587,2026-03-06T07:37:45.021537,0.316,2026-03-06T07:37:45.628000,60,,,
participant_02,1,day,Town10HD_Opt,2026-03-06 07:37:47.104983,-29.96278190612793,70.29515075683594,0.0020211029332131,18.862,6.073,0.391,0.0,0,0,1,,1.0,2026-03-06T07:37:47.104983,neutral,0.547,2026-03-06T07:37:47.104983,0.308,2026-03-06T07:37:46.619000,63,,,
participant_02,1,day,Town10HD_Opt,2026-03-06 07:37:48.080782,-26.514366149902344,70.07587432861328,0.0019470596453174,21.372,1.558,0.493,0.0,0,0,1,,1.0,2026-03-06T07:37:48.080782,neutral,0.547,2026-03-06T07:37:47.104983,0.3,2026-03-06T07:37:47.608000,64,,,
participant_02,1,day,Town10HD_Opt,2026-03-06 07:37:49.045332,-22.495723724365234,69.91191101074219,0.0019318771082907,24.845,1.199,0.47,0.0,0,0,1,,1.0,2026-03-06T07:37:49.045332,neutral,0.547,2026-03-06T07:37:47.104983,0.292,2026-03-06T07:37:48.598000,63,,,
participant_02,1,day,Town10HD_Opt,2026-03-06 07:37:50.053771,-17.97461700439453,69.85194396972656,0.0019925308879464,26.649,0.841,0.383,0.0,0,0,1,,1.0,2026-03-06T07:37:50.053771,fear,0.446,2026-03-06T07:37:50.053771,0.285,2026-03-06T07:37:49.633000,64,,,
participant_02,1,day,Town10HD_Opt,2026-03-06 07:37:51.216313,-14.848536491394045,69.8650894165039,0.0020354080479592,26.709,-0.021,0.238,0.0,0,0,1,,0.937,2026-03-06T07:37:51.216313,fear,0.446,2026-03-06T07:37:50.053771,0.279,2026-03-06T07:37:50.720000,63,,,
participant_02,1,day,Town10HD_Opt,2026-03-06 07:37:52.167754,-10.36380386352539,69.88735961914062,0.0021281433291733,23.828,-0.301,0.191,0.0,0,0,1,,0.843,2026-03-06T07:37:52.167754,neutral,0.418,2026-03-06T07:37:52.167754,0.274,2026-03-06T07:37:51.615000,64,,,
participant_02,1,day,Town10HD_Opt,2026-03-06 07:37:53.210143,-6.366697788238525,69.88381958007812,0.0021309279836714,21.37,0.04,0.237,0.0,0,0,1,,0.868,2026-03-06T07:37:53.210143,neutral,0.418,2026-03-06T07:37:52.167754,0.267,2026-03-06T07:37:52.606000,63,,,
participant_02,1,day,Town10HD_Opt,2026-03-06 07:37:54.172813,-2.7747035026550293,69.87919616699219,0.002087326021865,19.804,0.153,0.305,0.0,0,0,1,,0.805,2026-03-06T07:37:54.172813,sad,0.339,2026-03-06T07:37:54.172813,0.26,2026-03-06T07:37:53.728000,64,,,
participant_02,1,day,Town10HD_Opt,2026-03-06 07:37:55.099117,0.6530046463012695,69.88352966308594,0.0020483396947383,19.545,0.263,0.374,0.0,0,0,1,,1.0,2026-03-06T07:37:55.099117,sad,0.339,2026-03-06T07:37:54.172813,0.245,2026-03-06T07:37:54.631000,64,,,
participant_02,1,day,Town10HD_Opt,2026-03-06 07:37:56.060473,4.14832067489624,69.89466857910156,0.0020031738094985,20.672,-0.211,0.402,0.0,0,0,1,,1.0,2026-03-06T07:37:56.060473,sad,0.339,2026-03-06T07:37:54.172813,0.233,2026-03-06T07:37:55.663000,64,,,
participant_02,1,day,Town10HD_Opt,2026-03-06 07:37:57.256452,9.152071952819824,69.9055404663086,0.0020482635591179,21.431,0.266,0.016,0.0,0,0,1,,1.0,2026-03-06T07:37:57.256452,sad,0.473,2026-03-06T07:37:57.256452,0.225,2026-03-06T07:37:56.609000,63,,,
participant_02,1,day,Town10HD_Opt,2026-03-06 07:37:58.220389,12.549891471862791,69.93724822998047,0.0019112013978883,17.631,0.411,0.103,0.0,0,0,1,,1.0,2026-03-06T07:37:58.220389,sad,0.473,2026-03-06T07:37:57.256452,0.215,2026-03-06T07:37:57.734000,62,,,
participant_02,1,day,Town10HD_Opt,2026-03-06 07:37:59.145518,15.405571937561035,69.96910095214844,0.0019998168572783,14.932,-0.19,0.091,0.0,0,0,1,,1.0,2026-03-06T07:37:59.145518,sad,0.473,2026-03-06T07:37:57.256452,0.205,2026-03-06T07:37:58.634000,62,,,
participant_02,1,day,Town10HD_Opt,2026-03-06 07:38:00.070256,17.847455978393555,69.98662567138672,0.0019851303659379,12.85,-0.369,0.08,0.0,0,0,1,,1.0,2026-03-06T07:38:00.070256,neutral,0.349,2026-03-06T07:38:00.070256,0.197,2026-03-06T07:37:59.669000,61,,,
participant_02,1,day,Town10HD_Opt,2026-03-06 07:38:01.230416,20.466970443725582,69.99284362792969,0.0020062255207449,9.432,-0.247,0.0,0.0,0,0,1,,0.865,2026-03-06T07:38:01.230416,neutral,0.349,2026-03-06T07:38:00.070256,0.19,2026-03-06T07:38:00.659000,62,,,
participant_02,1,day,Town10HD_Opt,2026-03-06 07:38:02.105190,21.90753173828125,69.9925537109375,0.0019838332664221,7.032,-0.237,0.0,0.0,0,0,1,,1.0,2026-03-06T07:38:02.105190,fear,0.357,2026-03-06T07:38:02.105190,0.182,2026-03-06T07:38:01.603000,64,,,
participant_02,1,day,Town10HD_Opt,2026-03-06 07:38:03.287926,23.32919883728028,69.98948669433594,0.0019669723697006,5.017,-0.237,0.0,0.0,0,0,1,,0.877,2026-03-06T07:38:03.287926,fear,0.357,2026-03-06T07:38:02.105190,0.178,2026-03-06T07:38:02.773000,65,,,
participant_02,1,day,Town10HD_Opt,2026-03-06 07:38:04.221449,24.110774993896484,69.9866714477539,0.0019558714702725,3.796,-0.226,0.0,0.0,0,0,1,,1.0,2026-03-06T07:38:04.221449,sad,0.356,2026-03-06T07:38:04.221449,0.166,2026-03-06T07:38:03.629000,66,,,
participant_02,1,day,Town10HD_Opt,2026-03-06 07:38:05.185392,24.686368942260746,69.98406982421875,0.0019219970563426,3.23,-0.226,0.0,0.0,0,0,1,,0.823,2026-03-06T07:38:05.185392,sad,0.356,2026-03-06T07:38:04.221449,0.162,2026-03-06T07:38:04.619000,66,,,
participant_02,1,day,Town10HD_Opt,2026-03-06 07:38:06.057513,25.20854377746582,69.98141479492188,0.0019409941742196,2.599,-0.223,0.0,0.0,0,0,1,,0.82,2026-03-06T07:38:06.057513,sad,0.356,2026-03-06T07:38:04.221449,0.159,2026-03-06T07:38:05.744000,66,,,
participant_02,1,day,Town10HD_Opt,2026-03-06 07:38:07.197466,25.36604690551757,69.98048400878906,0.0019329834030941,0.058,-0.2,0.326,0.0,0,0,1,,0.804,2026-03-06T07:38:07.197466,sad,0.53,2026-03-06T07:38:07.197466,0.156,2026-03-06T07:38:06.599000,65,,,
participant_02,1,day,Town10HD_Opt,2026-03-06 07:38:08.138069,25.66123390197754,69.97871398925781,0.0017847823910415,3.893,-0.2,0.122,0.0,0,0,1,,0.822,2026-03-06T07:38:08.138069,sad,0.53,2026-03-06T07:38:07.197466,0.155,2026-03-06T07:38:07.724000,64,,,
participant_02,1,day,Town10HD_Opt,2026-03-06 07:38:09.339099,26.08310890197754,69.97650146484375,0.0019690704066306,0.149,-0.188,0.051,0.0,0,0,1,,0.858,2026-03-06T07:38:09.339099,fear,0.31,2026-03-06T07:38:09.339099,0.154,2026-03-06T07:38:08.625000,63,,,
participant_02,1,day,Town10HD_Opt,2026-03-06 07:38:10.081467,26.15567970275879,69.97587585449219,0.0017691802931949,3.055,-0.188,0.641,0.0,0,0,1,,1.0,2026-03-06T07:38:10.081467,fear,0.31,2026-03-06T07:38:09.339099,0.151,2026-03-06T07:38:09.614000,61,,,
participant_02,1,day,Town10HD_Opt,2026-03-06 07:38:11.244314,27.42574119567871,69.96586608886719,0.0016044997610151,12.013,-1.069,0.632,0.0,0,0,1,,0.881,2026-03-06T07:38:11.244314,fear,0.31,2026-03-06T07:38:09.339099,0.148,2026-03-06T07:38:10.606000,59,,,errors=Stop sign violation
participant_02,1,day,Town10HD_Opt,2026-03-06 07:38:12.186134,30.2026424407959,69.83111572265625,0.0019955444149672,18.425,-6.945,0.463,0.0,0,0,1,,1.0,2026-03-06T07:38:12.186134,neutral,0.805,2026-03-06T07:38:12.186134,0.145,2026-03-06T07:38:11.640000,58,,,
participant_02,1,day,Town10HD_Opt,2026-03-06 07:38:13.142968,33.38030242919922,69.24765014648438,0.0020598983392119,18.387,-10.749,0.282,0.0,0,0,1,,1.0,2026-03-06T07:38:13.142968,neutral,0.805,2026-03-06T07:38:12.186134,0.138,2026-03-06T07:38:12.629000,56,,,
participant_02,1,day,Town10HD_Opt,2026-03-06 07:38:14.114029,36.35465621948242,68.10050201416016,0.0020457075443118,18.278,-12.33,0.337,0.0,0,0,1,,1.0,2026-03-06T07:38:14.114029,neutral,0.805,2026-03-06T07:38:12.186134,0.138,2026-03-06T07:38:13.619000,54,,,
participant_02,1,day,Town10HD_Opt,2026-03-06 07:38:15.112922,39.02843475341797,66.39702606201172,0.0020514677744358,18.232,-12.1,0.284,0.0,0,0,1,,1.0,2026-03-06T07:38:15.112922,neutral,0.482,2026-03-06T07:38:15.112922,0.14,2026-03-06T07:38:14.608000,53,,,
participant_02,1,day,Town10HD_Opt,2026-03-06 07:38:16.118368,41.320560455322266,64.18830108642578,0.0020704651251435,18.379,-12.67,0.287,0.0,0,0,1,,1.0,2026-03-06T07:38:16.118368,neutral,0.482,2026-03-06T07:38:15.112922,0.139,2026-03-06T07:38:15.599000,52,,,
participant_02,1,day,Town10HD_Opt,2026-03-06 07:38:17.056072,43.09922790527344,61.55058288574219,0.0020526503212749,18.258,-14.2,0.281,0.0,0,0,1,,1.0,2026-03-06T07:38:17.056072,neutral,0.482,2026-03-06T07:38:15.112922,0.136,2026-03-06T07:38:16.633000,53,,,
participant_02,1,day,Town10HD_Opt,2026-03-06 07:38:18.252764,44.45420455932617,57.54621887207031,0.0020399093627929,18.226,-13.872,0.224,0.0,0,0,1,,1.0,2026-03-06T07:38:18.252764,happy,0.779,2026-03-06T07:38:18.252764,0.134,2026-03-06T07:38:17.624000,55,,,
participant_02,1,day,Town10HD_Opt,2026-03-06 07:38:19.248526,44.67829513549805,54.50564956665039,0.0020078276284039,15.613,-9.621,0.0,0.0,0,0,1,,1.0,2026-03-06T07:38:19.248526,happy,0.779,2026-03-06T07:38:18.252764,0.128,2026-03-06T07:38:18.617000,56,,,
participant_02,1,day,Town10HD_Opt,2026-03-06 07:38:20.288018,44.590667724609375,52.04737091064453,0.0020014953333884,12.698,-4.752,0.102,0.0,0,0,1,,0.835,2026-03-06T07:38:20.288018,neutral,0.608,2026-03-06T07:38:20.288018,0.123,2026-03-06T07:38:19.604000,57,,,
participant_02,1,day,Town10HD_Opt,2026-03-06 07:38:21.276124,44.44857406616211,49.95967102050781,0.0019719314295798,11.084,-0.374,0.092,0.0,0,0,1,,0.908,2026-03-06T07:38:21.276124,neutral,0.608,2026-03-06T07:38:20.288018,0.118,2026-03-06T07:38:20.685000,58,,,
participant_02,1,day,Town10HD_Opt,2026-03-06 07:38:22.200933,44.33786392211914,48.129520416259766,0.0019583129324018,9.822,-0.023,0.101,0.0,0,0,1,,0.877,2026-03-06T07:38:22.200933,neutral,0.608,2026-03-06T07:38:20.288018,0.114,2026-03-06T07:38:21.674000,57,,,
participant_02,1,day,Town10HD_Opt,2026-03-06 07:38:23.116044,44.23862838745117,46.49376678466797,0.001949539175257,8.808,-0.052,0.105,0.0,0,0,1,,0.829,2026-03-06T07:38:23.116044,neutral,0.517,2026-03-06T07:38:23.116044,0.112,2026-03-06T07:38:22.619000,58,,,
participant_02,1,day,Town10HD_Opt,2026-03-06 07:38:24.102128,44.14788818359375,45.00970077514648,0.0019435882568359,8.085,-0.047,0.105,0.0,0,0,1,,0.874,2026-03-06T07:38:24.102128,neutral,0.517,2026-03-06T07:38:23.116044,0.11,2026-03-06T07:38:23.610000,59,,,
participant_02,1,day,Town10HD_Opt,2026-03-06 07:38:25.029412,44.06759643554688,43.67876052856445,0.0019720839336514,6.741,0.613,0.0,0.0,0,0,1,,1.0,2026-03-06T07:38:25.029412,neutral,0.517,2026-03-06T07:38:23.116044,0.109,2026-03-06T07:38:24.600000,60,,,
participant_02,1,day,Town10HD_Opt,2026-03-06 07:38:26.292162,44.01738739013672,42.24928283691406,0.0017876814818009,7.744,5.905,0.0,0.0,0,0,1,,1.0,2026-03-06T07:38:26.292162,happy,0.832,2026-03-06T07:38:26.292162,0.102,2026-03-06T07:38:25.634000,61,,,
participant_02,1,day,Town10HD_Opt,2026-03-06 07:38:27.204980,44.02861404418945,40.99777221679688,0.0019952391739934,5.738,3.91,0.0,0.185,0,0,1,,1.0,2026-03-06T07:38:27.204980,happy,0.832,2026-03-06T07:38:26.292162,0.094,2026-03-06T07:38:26.624000,62,,,
participant_02,1,day,Town10HD_Opt,2026-03-06 07:38:28.173069,44.03204345703125,40.809844970703125,0.0019433974521234,1.129,3.994,0.95,0.0,0,0,1,,1.0,2026-03-06T07:38:28.173069,happy,0.832,2026-03-06T07:38:26.292162,0.085,2026-03-06T07:38:27.660000,61,,,
participant_02,1,day,Town10HD_Opt,2026-03-06 07:38:29.150165,44.11187362670898,39.46427917480469,0.0014307021629065,15.994,7.114,0.913,0.0,0,0,1,,1.0,2026-03-06T07:38:29.150165,neutral,0.701,2026-03-06T07:38:29.150165,0.08,2026-03-06T07:38:28.695000,61,,,
participant_02,1,day,Town10HD_Opt,2026-03-06 07:38:30.129571,44.742313385009766,35.894832611083984,0.0017700575990602,25.531,15.928,0.576,0.0,0,0,1,,1.0,2026-03-06T07:38:30.129571,neutral,0.701,2026-03-06T07:38:29.150165,0.073,2026-03-06T07:38:29.638000,60,,,
participant_02,1,day,Town10HD_Opt,2026-03-06 07:38:31.100912,46.96234893798828,31.86553001403809,0.002183647127822,24.968,23.183,0.0,0.0,0,0,1,,1.0,2026-03-06T07:38:31.100912,neutral,0.701,2026-03-06T07:38:29.150165,0.067,2026-03-06T07:38:30.764000,59,,,
participant_02,1,day,Town10HD_Opt,2026-03-06 07:38:32.070057,50.10791778564453,29.707931518554688,0.002268447773531,18.852,17.906,0.238,0.0,0,0,1,,1.0,2026-03-06T07:38:32.070057,happy,0.705,2026-03-06T07:38:32.070057,0.06,2026-03-06T07:38:31.665000,58,,,
participant_02,1,day,Town10HD_Opt,2026-03-06 07:38:33.297403,54.29238128662109,28.70111083984375,0.0019546127878129,20.248,7.045,0.563,0.0,0,0,1,,1.0,2026-03-06T07:38:33.297403,happy,0.705,2026-03-06T07:38:32.070057,0.053,2026-03-06T07:38:32.609000,58,,,
participant_02,1,day,Town10HD_Opt,2026-03-06 07:38:34.282485,58.180442810058594,28.16193008422852,0.0021134947892278,24.002,-5.146,0.0,0.0,0,0,1,,1.0,2026-03-06T07:38:34.282485,neutral,0.569,2026-03-06T07:38:34.282485,0.046,2026-03-06T07:38:33.600000,58,,,
participant_02,1,day,Town10HD_Opt,2026-03-06 07:38:35.219369,61.89904022216797,27.29508399963379,0.0022123716771602,18.757,-3.076,0.0,0.0,0,0,1,,1.0,2026-03-06T07:38:35.219369,neutral,0.569,2026-03-06T07:38:34.282485,0.039,2026-03-06T07:38:34.679000,59,,,errors=Vehicle collision
participant_02,1,day,Town10HD_Opt,2026-03-06 07:38:36.137829,64.66609954833984,26.682861328125,0.0017129897605627,14.883,8.403,0.143,0.0,0,0,1,,1.0,2026-03-06T07:38:36.137829,neutral,0.569,2026-03-06T07:38:34.282485,0.037,2026-03-06T07:38:35.624000,60,,,
participant_02,1,day,Town10HD_Opt,2026-03-06 07:38:37.037239,67.24675750732422,26.33774757385254,0.001874046283774,15.61,1.871,0.322,0.0,0,0,1,,1.0,2026-03-06T07:38:37.037239,neutral,0.593,2026-03-06T07:38:37.037239,0.037,2026-03-06T07:38:36.614000,60,,,
participant_02,1,day,Town10HD_Opt,2026-03-06 07:38:38.237051,71.09379577636719,25.85570907592773,0.0018795012729242,17.458,1.105,0.16,0.0,0,0,1,,1.0,2026-03-06T07:38:38.237051,neutral,0.593,2026-03-06T07:38:37.037239,0.037,2026-03-06T07:38:37.604000,62,,,
participant_02,1,day,Town10HD_Opt,2026-03-06 07:38:39.243844,73.88704681396484,25.56468772888184,0.001986923161894,15.312,2.007,0.766,0.0,0,0,1,,1.0,2026-03-06T07:38:39.243844,happy,0.576,2026-03-06T07:38:39.243844,0.037,2026-03-06T07:38:38.639000,63,,,
participant_02,1,day,Town10HD_Opt,2026-03-06 07:38:40.159232,77.2880630493164,25.32725715637207,0.0017408370040357,25.25,2.174,0.861,0.0,0,0,1,,1.0,2026-03-06T07:38:40.159232,happy,0.576,2026-03-06T07:38:39.243844,0.037,2026-03-06T07:38:39.629000,63,,,
participant_02,1,day,Town10HD_Opt,2026-03-06 07:38:41.051935,82.70671844482422,25.193458557128903,0.0016370773082599,38.245,1.963,0.762,0.0,0,0,1,,1.0,2026-03-06T07:38:41.051935,happy,0.576,2026-03-06T07:38:39.243844,0.037,2026-03-06T07:38:40.619000,62,,,
participant_02,1,day,Town10HD_Opt,2026-03-06 07:38:42.262031,91.79876708984376,24.883649826049805,0.0021120451856404,37.89,-8.856,0.348,0.0,0,0,1,,1.0,2026-03-06T07:38:42.262031,happy,0.653,2026-03-06T07:38:42.262031,0.037,2026-03-06T07:38:41.611000,61,,,
participant_02,1,day,Town10HD_Opt,2026-03-06 07:38:43.155660,97.90201568603516,22.89770126342773,0.0021267319098114,35.728,-11.448,0.358,0.0,0,0,1,,1.0,2026-03-06T07:38:43.155660,happy,0.653,2026-03-06T07:38:42.262031,0.037,2026-03-06T07:38:42.599000,60,,,
participant_02,1,day,Town10HD_Opt,2026-03-06 07:38:44.269445,103.88175201416016,17.57599639892578,0.0021134566050022,33.672,-13.124,0.373,0.0,0,0,1,,1.0,2026-03-06T07:38:44.269445,neutral,0.493,2026-03-06T07:38:44.269445,0.037,2026-03-06T07:38:43.724000,59,,,
participant_02,1,day,Town10HD_Opt,2026-03-06 07:38:45.153437,106.17311096191406,12.274590492248535,0.0020943831186741,32.74,-10.298,0.373,0.0,0,0,1,,1.0,2026-03-06T07:38:45.153437,neutral,0.493,2026-03-06T07:38:44.269445,0.037,2026-03-06T07:38:44.625000,58,,,
participant_02,1,day,Town10HD_Opt,2026-03-06 07:38:46.042811,106.8797836303711,6.645588874816895,0.0020498274825513,32.497,-4.981,0.448,0.0,0,0,1,,1.0,2026-03-06T07:38:46.042811,neutral,0.493,2026-03-06T07:38:44.269445,0.037,2026-03-06T07:38:45.614000,58,,,
participant_02,1,day,Town10HD_Opt,2026-03-06 07:38:47.191054,107.00596618652344,-1.078025221824646,0.0020274734124541,33.504,-0.11,0.406,0.0,0,0,1,,0.872,2026-03-06T07:38:47.191054,happy,0.651,2026-03-06T07:38:47.191054,0.037,2026-03-06T07:38:46.604000,59,,,
participant_02,1,day,Town10HD_Opt,2026-03-06 07:38:48.051347,107.05835723876952,-6.951721668243408,0.0020384597592055,33.652,-0.143,0.457,0.0,0,0,1,,1.0,2026-03-06T07:38:48.051347,happy,0.651,2026-03-06T07:38:47.191054,0.037,2026-03-06T07:38:47.639000,60,,,errors=Solid line crossing
participant_02,1,day,Town10HD_Opt,2026-03-06 07:38:49.190253,107.08967590332033,-15.248417854309082,0.0018902969313785,38.736,-0.277,0.586,0.0,0,0,1,,0.825,2026-03-06T07:38:49.190253,happy,0.651,2026-03-06T07:38:47.191054,0.037,2026-03-06T07:38:48.629000,60,,,
participant_02,1,day,Town10HD_Opt,2026-03-06 07:38:50.052063,107.01874542236328,-22.29351234436035,0.0019517134642228,41.757,-2.108,0.542,0.0,0,0,1,,1.0,2026-03-06T07:38:50.052063,neutral,0.469,2026-03-06T07:38:50.052063,0.037,2026-03-06T07:38:49.664000,61,,,
participant_02,1,day,Town10HD_Opt,2026-03-06 07:38:51.159137,106.04788970947266,-32.29532241821289,0.0019785307813435,44.551,-3.844,0.542,0.0,0,0,1,,1.0,2026-03-06T07:38:51.159137,neutral,0.469,2026-03-06T07:38:50.052063,0.037,2026-03-06T07:38:50.608000,61,,,
participant_02,1,day,Town10HD_Opt,2026-03-06 07:38:52.018892,103.97560119628906,-39.93423080444336,0.0019952391739934,46.061,-6.26,0.54,0.0,0,0,1,,1.0,2026-03-06T07:38:52.018892,neutral,0.469,2026-03-06T07:38:50.052063,0.037,2026-03-06T07:38:51.599000,62,,,
participant_02,1,day,Town10HD_Opt,2026-03-06 07:38:53.122038,98.50959014892578,-49.34837341308594,0.0020112991333007,47.446,-4.771,0.487,0.0,0,0,1,,0.843,2026-03-06T07:38:53.122038,happy,0.611,2026-03-06T07:38:53.122038,0.058,2026-03-06T07:38:52.634000,63,,,
participant_02,1,day,Town10HD_Opt,2026-03-06 07:38:54.270223,90.69395446777344,-56.97236633300781,0.0020898818038403,45.97,-4.806,0.431,0.0,0,0,1,,1.0,2026-03-06T07:38:54.270223,happy,0.611,2026-03-06T07:38:53.122038,0.081,2026-03-06T07:38:53.624000,65,,,
participant_02,1,day,Town10HD_Opt,2026-03-06 07:38:55.135834,83.972412109375,-61.18313980102539,0.0020855711773037,44.726,-4.737,0.431,0.0,0,0,1,,1.0,2026-03-06T07:38:55.135834,neutral,0.646,2026-03-06T07:38:55.135834,0.125,2026-03-06T07:38:54.614000,64,,,
participant_02,1,day,Town10HD_Opt,2026-03-06 07:38:56.018234,76.79521179199219,-64.057861328125,0.0020793152507394,43.687,-4.737,0.431,0.0,0,0,1,,1.0,2026-03-06T07:38:56.018234,neutral,0.646,2026-03-06T07:38:55.135834,0.165,2026-03-06T07:38:55.604000,64,,,
participant_02,1,day,Town10HD_Opt,2026-03-06 07:38:57.218513,66.91394805908203,-65.90034484863281,0.0020690916571766,42.621,-2.586,0.431,0.0,0,0,1,,1.0,2026-03-06T07:38:57.218513,neutral,0.712,2026-03-06T07:38:57.218513,0.204,2026-03-06T07:38:56.594000,64,,,
participant_02,1,day,Town10HD_Opt,2026-03-06 07:38:58.128372,59.52187728881836,-66.3958740234375,0.0020619200076907,42.053,-0.399,0.431,0.0,0,0,1,,0.825,2026-03-06T07:38:58.128372,neutral,0.712,2026-03-06T07:38:57.218513,0.247,2026-03-06T07:38:57.676000,62,,,
participant_02,1,day,Town10HD_Opt,2026-03-06 07:38:59.026584,52.21793746948242,-66.71318054199219,0.0020586776081472,41.511,-0.364,0.431,0.0,0,0,1,,1.0,2026-03-06T07:38:59.026584,neutral,0.712,2026-03-06T07:38:57.218513,0.288,2026-03-06T07:38:58.619000,61,,,
participant_02,1,day,Town10HD_Opt,2026-03-06 07:39:00.248564,42.60099029541016,-66.99016571044922,0.0020555113442242,40.948,-0.322,0.431,0.0,0,0,1,,1.0,2026-03-06T07:39:00.248564,neutral,0.533,2026-03-06T07:39:00.248564,0.33,2026-03-06T07:38:59.654000,60,,,
participant_02,1,day,Town10HD_Opt,2026-03-06 07:39:01.149652,35.47079849243164,-67.1416015625,0.0020690155215561,40.185,-0.27,0.155,0.0,0,0,1,,1.0,2026-03-06T07:39:01.149652,neutral,0.533,2026-03-06T07:39:00.248564,0.372,2026-03-06T07:39:00.599000,59,,,
participant_02,1,day,Town10HD_Opt,2026-03-06 07:39:02.092188,28.994571685791016,-67.22537231445312,0.0023086927831172,32.453,-0.214,0.0,0.0,0,0,1,,1.0,2026-03-06T07:39:02.092188,neutral,0.533,2026-03-06T07:39:00.248564,0.415,2026-03-06T07:39:01.818000,58,,,
participant_02,1,day,Town10HD_Opt,2026-03-06 07:39:03.025540,23.940570831298828,-67.26712036132812,0.0022826385684311,24.898,-0.169,0.068,0.0,0,0,1,,1.0,2026-03-06T07:39:03.025540,neutral,0.888,2026-03-06T07:39:03.025540,0.438,2026-03-06T07:39:02.625000,58,,,
participant_02,1,day,Town10HD_Opt,2026-03-06 07:39:04.196247,18.65747833251953,-67.30839538574219,0.0020498656667768,22.134,-0.012,0.443,0.0,0,0,1,,1.0,2026-03-06T07:39:04.196247,neutral,0.888,2026-03-06T07:39:03.025540,0.46,2026-03-06T07:39:03.705000,58,,,
participant_02,1,day,Town10HD_Opt,2026-03-06 07:39:05.078338,14.628660202026367,-67.3423080444336,0.001975402701646,24.209,0.129,0.428,0.0,0,0,1,,1.0,2026-03-06T07:39:05.078338,happy,0.716,2026-03-06T07:39:05.078338,0.467,2026-03-06T07:39:04.649000,57,,,
participant_02,1,day,Town10HD_Opt,2026-03-06 07:39:06.277195,8.7315092086792,-67.39214324951172,0.0019927597604691,26.344,-0.094,0.413,0.0,0,0,1,,1.0,2026-03-06T07:39:06.277195,happy,0.716,2026-03-06T07:39:05.078338,0.478,2026-03-06T07:39:05.775000,57,,,
participant_02,1,day,Town10HD_Opt,2026-03-06 07:39:07.176568,4.059850215911865,-67.42903900146484,0.0020759201142936,26.155,-0.625,0.197,0.0,0,0,1,,1.0,2026-03-06T07:39:07.176568,neutral,0.834,2026-03-06T07:39:07.176568,0.489,2026-03-06T07:39:06.674000,56,,,
participant_02,1,day,Town10HD_Opt,2026-03-06 07:39:08.109201,-0.2581645250320434,-67.255126953125,0.0021454237867146,23.043,-5.919,0.197,0.0,0,0,1,,1.0,2026-03-06T07:39:08.109201,neutral,0.834,2026-03-06T07:39:07.176568,0.499,2026-03-06T07:39:07.619000,56,,,
participant_02,1,day,Town10HD_Opt,2026-03-06 07:39:09.024090,-4.024170875549316,-66.69438171386719,0.0021191786509007,20.601,-2.174,0.357,0.0,0,0,1,,1.0,2026-03-06T07:39:09.024090,neutral,0.834,2026-03-06T07:39:07.176568,0.504,2026-03-06T07:39:08.609000,56,,,
participant_02,1,day,Town10HD_Opt,2026-03-06 07:39:10.210952,-8.880492210388184,-65.74553680419922,0.0019813918042927,22.523,0.369,0.414,0.0,0,0,1,,1.0,2026-03-06T07:39:10.210952,neutral,0.713,2026-03-06T07:39:10.210952,0.509,2026-03-06T07:39:09.689000,56,,,
participant_02,1,day,Town10HD_Opt,2026-03-06 07:39:11.124702,-12.84092617034912,-65.04438018798828,0.0020832824520766,22.261,2.56,0.0,0.0,0,0,1,,1.0,2026-03-06T07:39:11.124702,neutral,0.713,2026-03-06T07:39:10.210952,0.514,2026-03-06T07:39:10.679000,56,,,
participant_02,1,day,Town10HD_Opt,2026-03-06 07:39:12.257257,-17.241540908813477,-64.58321380615234,0.0020032119937241,15.738,4.674,0.0,0.0,0,0,1,,1.0,2026-03-06T07:39:12.257257,neutral,0.598,2026-03-06T07:39:12.257257,0.518,2026-03-06T07:39:11.671000,57,,,
participant_02,1,day,Town10HD_Opt,2026-03-06 07:39:13.193595,-19.6671199798584,-64.51294708251953,0.0020535660441964,11.834,2.925,0.0,0.072,0,0,1,,1.0,2026-03-06T07:39:13.193595,neutral,0.598,2026-03-06T07:39:12.257257,0.52,2026-03-06T07:39:12.614000,57,,,
participant_02,1,day,Town10HD_Opt,2026-03-06 07:39:14.026759,-21.437334060668945,-64.51683807373047,0.0020207976922392,8.429,2.781,0.0,0.04,0,0,1,,1.0,2026-03-06T07:39:14.026759,neutral,0.598,2026-03-06T07:39:12.257257,0.522,2026-03-06T07:39:13.605000,57,,,
participant_02,1,day,Town10HD_Opt,2026-03-06 07:39:15.198448,-23.02646827697754,-64.56175994873047,0.0019839857704937,6.022,2.355,0.98,0.0,0,0,1,,1.0,2026-03-06T07:39:15.198448,neutral,0.723,2026-03-06T07:39:15.198448,0.518,2026-03-06T07:39:14.639000,58,,,
participant_02,1,day,Town10HD_Opt,2026-03-06 07:39:16.175767,-25.109888076782227,-64.59992218017578,0.0016291808569803,20.054,-0.501,1.0,0.0,0,0,1,,0.909,2026-03-06T07:39:16.175767,neutral,0.723,2026-03-06T07:39:15.198448,0.514,2026-03-06T07:39:15.630000,57,,,
participant_02,1,day,Town10HD_Opt,2026-03-06 07:39:17.087348,-29.72115707397461,-64.6872787475586,0.0014977264218032,35.336,0.667,1.0,0.0,0,0,1,,0.829,2026-03-06T07:39:17.087348,neutral,0.723,2026-03-06T07:39:15.198448,0.511,2026-03-06T07:39:16.667000,57,,,
participant_02,1,day,Town10HD_Opt,2026-03-06 07:39:18.016887,-37.0732536315918,-64.93587493896484,0.0015565489884465,50.04,0.216,1.0,0.0,0,0,1,,0.835,2026-03-06T07:39:18.016887,sad,0.453,2026-03-06T07:39:18.016887,0.505,2026-03-06T07:39:17.610000,57,,,
participant_02,1,day,Town10HD_Opt,2026-03-06 07:39:19.210067,-48.87782287597656,-65.41736602783203,0.0018836974631994,51.756,-0.134,0.0,0.176,0,0,1,,1.0,2026-03-06T07:39:19.210067,sad,0.453,2026-03-06T07:39:18.016887,0.505,2026-03-06T07:39:18.644000,57,,,
participant_02,1,day,Town10HD_Opt,2026-03-06 07:39:20.193779,-57.5682373046875,-65.70463562011719,0.0019596479833126,50.692,-1.593,0.0,0.0,0,0,1,,1.0,2026-03-06T07:39:20.193779,neutral,0.706,2026-03-06T07:39:20.193779,0.505,2026-03-06T07:39:19.635000,58,,,
participant_02,1,day,Town10HD_Opt,2026-03-06 07:39:21.161855,-66.1678695678711,-65.56461334228516,0.0021569442469626,47.009,-1.655,0.419,0.0,0,0,1,,1.0,2026-03-06T07:39:21.161855,neutral,0.706,2026-03-06T07:39:20.193779,0.505,2026-03-06T07:39:20.625000,59,,,
participant_02,1,day,Town10HD_Opt,2026-03-06 07:39:22.036767,-74.2273941040039,-64.86952209472656,0.002096366835758,45.454,-3.139,0.419,0.0,0,0,1,,1.0,2026-03-06T07:39:22.036767,neutral,0.706,2026-03-06T07:39:20.193779,0.492,2026-03-06T07:39:21.659000,60,,,
participant_02,1,day,Town10HD_Opt,2026-03-06 07:39:23.223049,-84.30960845947266,-62.48808288574219,0.0020854950416833,43.612,-4.884,0.449,0.0,0,0,1,,1.0,2026-03-06T07:39:23.223049,neutral,0.792,2026-03-06T07:39:23.223049,0.481,2026-03-06T07:39:22.604000,60,,,
participant_02,1,day,Town10HD_Opt,2026-03-06 07:39:24.128068,-91.21793365478516,-59.2502555847168,0.0020138930995017,44.211,-5.096,0.53,0.0,0,0,1,,1.0,2026-03-06T07:39:24.128068,neutral,0.792,2026-03-06T07:39:23.223049,0.469,2026-03-06T07:39:23.639000,59,,,
participant_02,1,day,Town10HD_Opt,2026-03-06 07:39:25.023396,-97.5667495727539,-54.66029739379883,0.0020015717018395,45.602,-5.03,0.53,0.0,0,0,1,,1.0,2026-03-06T07:39:25.023396,neutral,0.792,2026-03-06T07:39:23.223049,0.458,2026-03-06T07:39:24.631000,59,,,
participant_02,1,day,Town10HD_Opt,2026-03-06 07:39:26.262772,-104.69720458984376,-46.59746170043945,0.0020869064610451,45.37,-5.929,0.0,0.0,0,0,1,,1.0,2026-03-06T07:39:26.262772,neutral,0.793,2026-03-06T07:39:26.262772,0.448,2026-03-06T07:39:25.619000,59,,,
participant_02,1,day,Town10HD_Opt,2026-03-06 07:39:27.147183,-108.04415130615234,-40.31486511230469,0.0023667907807976,35.318,-6.298,0.0,0.0,0,0,1,,1.0,2026-03-06T07:39:27.147183,neutral,0.793,2026-03-06T07:39:26.262772,0.43,2026-03-06T07:39:26.610000,58,,,
participant_02,1,day,Town10HD_Opt,2026-03-06 07:39:28.113312,-109.63127899169922,-35.0424919128418,0.0023063658736646,27.579,-5.224,0.0,0.0,0,0,1,,1.0,2026-03-06T07:39:28.113312,neutral,0.793,2026-03-06T07:39:26.262772,0.407,2026-03-06T07:39:27.647000,58,,,
participant_02,1,day,Town10HD_Opt,2026-03-06 07:39:29.015054,-110.2921371459961,-30.86279487609864,0.0022108841221779,21.559,-4.584,0.42,0.0,0,0,1,,1.0,2026-03-06T07:39:29.015054,neutral,0.792,2026-03-06T07:39:29.015054,0.383,2026-03-06T07:39:28.634000,60,,,
participant_02,1,day,Town10HD_Opt,2026-03-06 07:39:30.080554,-110.6425552368164,-26.91053581237793,0.0018952559912577,25.276,0.663,0.604,0.0,0,0,1,,0.897,2026-03-06T07:39:30.080554,neutral,0.792,2026-03-06T07:39:29.015054,0.359,2026-03-06T07:39:29.625000,61,,,
participant_02,1,day,Town10HD_Opt,2026-03-06 07:39:31.294829,-111.39336395263672,-20.2265567779541,0.0018707275157794,32.654,0.515,0.314,0.0,0,0,1,,1.0,2026-03-06T07:39:31.294829,neutral,0.687,2026-03-06T07:39:31.294829,0.337,2026-03-06T07:39:30.614000,61,Solid line crossing,Solid line crossing,
participant_02,1,day,Town10HD_Opt,2026-03-06 07:39:32.259654,-111.66902160644533,-14.811190605163574,0.0022841261234134,27.217,-15.985,0.0,0.0,0,0,1,,0.887,2026-03-06T07:39:32.259654,neutral,0.687,2026-03-06T07:39:31.294829,0.328,2026-03-06T07:39:31.605000,62,,,
participant_02,1,day,Town10HD_Opt,2026-03-06 07:39:33.270070,-110.90172576904295,-10.423407554626465,0.0021422195713967,23.901,5.302,0.224,0.109,0,0,1,,1.0,2026-03-06T07:39:33.270070,neutral,0.687,2026-03-06T07:39:31.294829,0.318,2026-03-06T07:39:32.730000,62,,,
participant_02,1,day,Town10HD_Opt,2026-03-06 07:39:34.200026,-110.59247589111328,-6.570001602172852,0.002200546208769,19.504,4.457,0.215,0.436,0,0,1,,1.0,2026-03-06T07:39:34.200026,neutral,0.531,2026-03-06T07:39:34.200026,0.308,2026-03-06T07:39:33.719000,62,,,
participant_02,1,day,Town10HD_Opt,2026-03-06 07:39:35.082359,-110.6002197265625,-3.447723627090454,0.0019872284028679,16.141,3.721,0.215,0.409,0,0,1,,1.0,2026-03-06T07:39:35.082359,neutral,0.531,2026-03-06T07:39:34.200026,0.297,2026-03-06T07:39:34.619000,61,,,
participant_02,1,day,Town10HD_Opt,2026-03-06 07:39:36.255035,-110.80313110351562,0.1477814018726349,0.0018113708356395,20.065,-1.751,1.0,0.0,0,0,1,,0.905,2026-03-06T07:39:36.255035,neutral,0.443,2026-03-06T07:39:36.255035,0.285,2026-03-06T07:39:35.609000,61,,,
participant_02,1,day,Town10HD_Opt,2026-03-06 07:39:37.202200,-110.7758560180664,4.697911739349365,0.0015129089588299,34.832,-4.093,0.931,0.0,0,0,1,,0.868,2026-03-06T07:39:37.202200,neutral,0.443,2026-03-06T07:39:36.255035,0.282,2026-03-06T07:39:36.689000,61,,,
participant_02,1,day,Town10HD_Opt,2026-03-06 07:39:38.145263,-109.78285217285156,11.592717170715332,0.0018352889455854,43.157,-10.413,0.376,0.0,0,0,1,,0.827,2026-03-06T07:39:38.145263,neutral,0.443,2026-03-06T07:39:36.255035,0.283,2026-03-06T07:39:37.635000,60,,,
participant_02,1,day,Town10HD_Opt,2026-03-06 07:39:39.082437,-106.60021209716795,18.12408828735352,0.0021858976688236,39.557,-10.742,0.273,0.0,0,0,1,,1.0,2026-03-06T07:39:39.082437,happy,0.642,2026-03-06T07:39:39.082437,0.285,2026-03-06T07:39:38.624000,59,,,
participant_02,1,day,Town10HD_Opt,2026-03-06 07:39:40.087397,-101.81681060791016,22.59566307067871,0.0021986770443618,35.311,-10.415,0.254,0.0,0,0,1,,1.0,2026-03-06T07:39:40.087397,happy,0.642,2026-03-06T07:39:39.082437,0.287,2026-03-06T07:39:39.615000,59,,,
participant_02,1,day,Town10HD_Opt,2026-03-06 07:39:41.061169,-96.19890594482422,25.25442314147949,0.0017620086437091,40.439,-5.957,1.0,0.0,0,0,1,,1.0,2026-03-06T07:39:41.061169,happy,0.642,2026-03-06T07:39:39.082437,0.287,2026-03-06T07:39:40.604000,60,,,
participant_02,1,day,Town10HD_Opt,2026-03-06 07:39:42.042939,-88.47151947021484,27.224733352661133,0.0020133589860051,46.199,-4.681,0.0,0.0,0,0,1,,0.842,2026-03-06T07:39:42.042939,neutral,0.492,2026-03-06T07:39:42.042939,0.287,2026-03-06T07:39:41.639000,60,,,
participant_02,1,day,Town10HD_Opt,2026-03-06 07:39:43.026979,-80.56722259521484,27.87969207763672,0.0017579650739207,50.002,-2.21,1.0,0.0,0,0,1,,0.925,2026-03-06T07:39:43.026979,neutral,0.492,2026-03-06T07:39:42.042939,0.287,2026-03-06T07:39:42.674000,60,,,
participant_02,1,day,Town10HD_Opt,2026-03-06 07:39:44.017851,-71.7540512084961,27.776302337646484,0.0021915435791015,48.412,-0.707,1.0,0.0,0,0,1,,0.928,2026-03-06T07:39:44.017851,neutral,0.492,2026-03-06T07:39:42.042939,0.287,2026-03-06T07:39:43.620000,61,Solid line crossing,Solid line crossing,
participant_02,1,day,Town10HD_Opt,2026-03-06 07:39:45.039589,-62.9700813293457,27.437612533569336,0.0021835325751453,48.913,0.689,1.0,0.0,0,0,1,,1.0,2026-03-06T07:39:45.039589,neutral,0.536,2026-03-06T07:39:45.039589,0.287,2026-03-06T07:39:44.610000,61,,,
participant_02,1,day,Town10HD_Opt,2026-03-06 07:39:46.250101,-51.26692581176758,27.246564865112305,0.001975402701646,51.0,0.583,0.0,0.0,0,0,1,,0.955,2026-03-06T07:39:46.250101,neutral,0.536,2026-03-06T07:39:45.039589,0.287,2026-03-06T07:39:45.645000,61,,,
participant_02,1,day,Town10HD_Opt,2026-03-06 07:39:47.195381,-42.58665084838867,27.34799766540528,0.0020761108025908,48.719,-0.327,0.457,0.0,0,0,1,,0.841,2026-03-06T07:39:47.195381,neutral,0.627,2026-03-06T07:39:47.195381,0.287,2026-03-06T07:39:46.635000,61,,,
participant_02,1,day,Town10HD_Opt,2026-03-06 07:39:48.159887,-34.13396072387695,27.453582763671875,0.002105216961354,47.252,0.839,0.384,0.0,0,0,1,,0.88,2026-03-06T07:39:48.159887,neutral,0.627,2026-03-06T07:39:47.195381,0.287,2026-03-06T07:39:47.671000,62,,,
participant_02,1,day,Town10HD_Opt,2026-03-06 07:39:49.123496,-26.063610076904297,27.616872787475582,0.002120513934642,44.792,-0.566,0.279,0.0,0,0,1,,0.849,2026-03-06T07:39:49.123496,neutral,0.627,2026-03-06T07:39:47.195381,0.287,2026-03-06T07:39:48.660000,63,,,
participant_02,1,day,Town10HD_Opt,2026-03-06 07:39:50.074916,-18.79457092285156,27.666202545166016,0.0023403167724609,36.452,-0.183,0.0,0.0,0,0,1,,1.0,2026-03-06T07:39:50.074916,neutral,0.671,2026-03-06T07:39:50.074916,0.287,2026-03-06T07:39:49.605000,63,,,
participant_02,1,day,Town10HD_Opt,2026-03-06 07:39:51.098988,-13.085142135620115,27.66760635375977,0.0021779632661491,28.665,0.19,0.238,0.0,0,0,1,,1.0,2026-03-06T07:39:51.098988,neutral,0.671,2026-03-06T07:39:50.074916,0.287,2026-03-06T07:39:50.639000,64,,,
participant_02,1,day,Town10HD_Opt,2026-03-06 07:39:52.285960,-6.478969573974609,27.680395126342773,0.0019178390502929,30.505,0.042,0.588,0.0,0,0,1,,1.0,2026-03-06T07:39:52.285960,neutral,0.508,2026-03-06T07:39:52.285960,0.287,2026-03-06T07:39:51.629000,65,,,
participant_02,1,day,Town10HD_Opt,2026-03-06 07:39:53.164645,-0.7782049179077148,27.70365333557129,0.0019062041537836,34.878,0.012,0.555,0.0,0,0,1,,1.0,2026-03-06T07:39:53.164645,neutral,0.508,2026-03-06T07:39:52.285960,0.287,2026-03-06T07:39:52.620000,67,,,
participant_02,1,day,Town10HD_Opt,2026-03-06 07:39:54.125000,5.59698486328125,27.73415946960449,0.0019371032249182,38.191,0.181,0.543,0.0,0,0,1,,0.821,2026-03-06T07:39:54.125000,neutral,0.508,2026-03-06T07:39:52.285960,0.267,2026-03-06T07:39:53.610000,67,,,
participant_02,1,day,Town10HD_Opt,2026-03-06 07:39:55.053346,12.498046875,27.793371200561523,0.0019552230369299,40.893,0.101,0.538,0.0,0,0,1,,1.0,2026-03-06T07:39:55.053346,neutral,0.651,2026-03-06T07:39:55.053346,0.245,2026-03-06T07:39:54.645000,67,,,
participant_02,1,day,Town10HD_Opt,2026-03-06 07:39:56.303200,21.8773136138916,27.969804763793945,0.0021916578989475,37.574,2.466,0.201,0.0,0,0,1,,1.0,2026-03-06T07:39:56.303200,neutral,0.651,2026-03-06T07:39:55.053346,0.225,2026-03-06T07:39:55.635000,65,,,
participant_02,1,day,Town10HD_Opt,2026-03-06 07:39:57.245132,27.9384708404541,28.57779693603516,0.0022632980253547,31.185,4.634,0.0,0.0,0,0,1,,1.0,2026-03-06T07:39:57.245132,neutral,0.466,2026-03-06T07:39:57.245132,0.207,2026-03-06T07:39:56.624000,64,,,
participant_02,1,day,Town10HD_Opt,2026-03-06 07:39:58.152913,32.63433837890625,29.73265647888184,0.0022943876683712,24.051,13.01,0.0,0.0,0,0,1,,1.0,2026-03-06T07:39:58.152913,neutral,0.466,2026-03-06T07:39:57.245132,0.189,2026-03-06T07:39:57.617000,64,,,
participant_02,1,day,Town10HD_Opt,2026-03-06 07:39:59.041736,35.771690368652344,31.60273551940918,0.0021781157702207,19.393,18.415,0.532,0.0,0,0,1,,1.0,2026-03-06T07:39:59.041736,neutral,0.466,2026-03-06T07:39:57.245132,0.171,2026-03-06T07:39:58.605000,63,,,
participant_02,1,day,Town10HD_Opt,2026-03-06 07:40:00.177988,38.81652069091797,35.60360336303711,0.0019213104387745,24.939,15.788,0.543,0.0,0,0,1,,1.0,2026-03-06T07:40:00.177988,neutral,0.589,2026-03-06T07:40:00.177988,0.153,2026-03-06T07:39:59.685000,63,,,
participant_02,1,day,Town10HD_Opt,2026-03-06 07:40:01.037977,40.12249755859375,40.01750564575195,0.0020498274825513,26.659,13.594,0.0,0.0,0,0,1,,1.0,2026-03-06T07:40:01.037977,neutral,0.589,2026-03-06T07:40:00.177988,0.135,2026-03-06T07:40:00.629000,63,,,
participant_02,1,day,Town10HD_Opt,2026-03-06 07:40:02.194150,40.253562927246094,45.3426513671875,0.0022449875250458,18.397,-0.964,0.0,0.293,0,0,1,,0.858,2026-03-06T07:40:02.194150,neutral,0.632,2026-03-06T07:40:02.194150,0.117,2026-03-06T07:40:01.620000,62,,,
participant_02,1,day,Town10HD_Opt,2026-03-06 07:40:03.058394,40.26865005493164,48.070892333984375,0.0020922468975186,12.502,0.162,0.0,0.229,0,0,1,,0.892,2026-03-06T07:40:03.058394,neutral,0.632,2026-03-06T07:40:02.194150,0.096,2026-03-06T07:40:02.610000,61,,,
participant_02,1,day,Town10HD_Opt,2026-03-06 07:40:04.149561,40.28854370117188,50.377723693847656,0.0020207976922392,7.47,-1.361,0.0,0.128,0,0,1,,0.852,2026-03-06T07:40:04.149561,neutral,0.632,2026-03-06T07:40:02.194150,0.095,2026-03-06T07:40:03.689000,61,,,
participant_02,1,day,Town10HD_Opt,2026-03-06 07:40:05.219022,40.30631637573242,51.17390823364258,0.0020165252499282,0.083,-1.081,0.0,0.0,0,0,1,,0.878,2026-03-06T07:40:05.219022,neutral,0.615,2026-03-06T07:40:05.219022,0.097,2026-03-06T07:40:04.634000,62,,,
participant_02,1,day,Town10HD_Opt,2026-03-06 07:40:06.120611,40.30828094482422,51.25544738769531,0.001806907588616,2.359,-0.808,0.404,0.0,0,0,1,,0.862,2026-03-06T07:40:06.120611,neutral,0.615,2026-03-06T07:40:05.219022,0.096,2026-03-06T07:40:05.624000,62,,,
participant_02,1,day,Town10HD_Opt,2026-03-06 07:40:07.233061,40.33203887939453,52.21770858764648,0.0023102951236069,0.0,-0.754,0.0,0.132,0,0,1,,0.925,2026-03-06T07:40:07.233061,sad,0.483,2026-03-06T07:40:07.233061,0.089,2026-03-06T07:40:06.615000,63,,,
participant_02,1,day,Town10HD_Opt,2026-03-06 07:40:08.106680,40.33207702636719,52.21883010864258,0.0019310760544613,0.182,-0.754,0.129,0.0,0,0,1,,0.939,2026-03-06T07:40:08.106680,sad,0.483,2026-03-06T07:40:07.233061,0.082,2026-03-06T07:40:07.604000,63,,,
participant_02,1,day,Town10HD_Opt,2026-03-06 07:40:09.042298,40.343780517578125,52.6557846069336,0.0015169143443927,8.357,-0.322,0.946,0.0,0,0,1,,0.863,2026-03-06T07:40:09.042298,sad,0.483,2026-03-06T07:40:07.233061,0.075,2026-03-06T07:40:08.639000,62,,,
participant_02,1,day,Town10HD_Opt,2026-03-06 07:40:10.186583,40.470157623291016,56.69929885864258,0.0017662810860201,24.275,-3.12,0.627,0.0,0,0,1,,1.0,2026-03-06T07:40:10.186583,neutral,0.835,2026-03-06T07:40:10.186583,0.068,2026-03-06T07:40:09.630000,62,,,
participant_02,1,day,Town10HD_Opt,2026-03-06 07:40:11.109495,41.228607177734375,61.35874557495117,0.0018880843417719,29.802,-12.721,0.57,0.0,0,0,1,,0.897,2026-03-06T07:40:11.109495,neutral,0.835,2026-03-06T07:40:10.186583,0.063,2026-03-06T07:40:10.620000,61,,,
participant_02,1,day,Town10HD_Opt,2026-03-06 07:40:12.239327,45.08941650390625,67.68476104736328,0.0020148085895925,33.671,-18.071,0.278,0.0,0,0,1,,0.904,2026-03-06T07:40:12.239327,neutral,0.706,2026-03-06T07:40:12.239327,0.061,2026-03-06T07:40:11.611000,60,,,
participant_02,1,day,Town10HD_Opt,2026-03-06 07:40:13.136397,49.9893684387207,70.3018569946289,0.0022040174808353,30.342,-17.876,0.243,0.0,0,0,1,,0.853,2026-03-06T07:40:13.136397,neutral,0.706,2026-03-06T07:40:12.239327,0.061,2026-03-06T07:40:12.646000,61,,,
participant_02,1,day,Town10HD_Opt,2026-03-06 07:40:14.281398,56.50627899169922,70.55433654785156,0.0022069548722356,24.905,-4.214,0.0,0.0,0,0,1,,0.806,2026-03-06T07:40:14.281398,neutral,0.381,2026-03-06T07:40:14.281398,0.06,2026-03-06T07:40:13.634000,62,,,
participant_02,1,day,Town10HD_Opt,2026-03-06 07:40:15.179494,60.39643478393555,70.1548843383789,0.0021558380685746,20.443,1.074,0.337,0.0,0,0,1,,1.0,2026-03-06T07:40:15.179494,neutral,0.381,2026-03-06T07:40:14.281398,0.06,2026-03-06T07:40:14.625000,62,,,
participant_02,1,day,Town10HD_Opt,2026-03-06 07:40:16.091158,64.00030517578125,69.84326171875,0.0020000839140266,21.427,1.248,0.439,0.0,0,0,1,,1.0,2026-03-06T07:40:16.091158,neutral,0.381,2026-03-06T07:40:14.281398,0.06,2026-03-06T07:40:15.616000,62,,,
participant_02,1,day,Town10HD_Opt,2026-03-06 07:40:17.230854,70.30221557617188,69.50537872314453,0.001580161973834,36.55,1.542,0.885,0.0,0,0,1,,1.0,2026-03-06T07:40:17.230854,sad,0.509,2026-03-06T07:40:17.230854,0.065,2026-03-06T07:40:16.605000,62,,,
participant_02,1,day,Town10HD_Opt,2026-03-06 07:40:18.141307,77.6053237915039,69.45108032226562,0.0017130660125985,46.95,0.818,0.436,0.0,0,0,1,,1.0,2026-03-06T07:40:18.141307,sad,0.509,2026-03-06T07:40:17.230854,0.07,2026-03-06T07:40:17.641000,62,,,
participant_02,1,day,Town10HD_Opt,2026-03-06 07:40:19.069544,85.35804748535156,69.67096710205078,0.002335853409022,39.106,2.092,0.0,0.0,0,0,1,,0.916,2026-03-06T07:40:19.069544,sad,0.509,2026-03-06T07:40:17.230854,0.074,2026-03-06T07:40:18.630000,61,,,
participant_02,1,day,Town10HD_Opt,2026-03-06 07:40:20.191225,92.80626678466795,71.42674255371094,0.0022969054989516,28.313,21.202,0.519,0.0,0,0,1,,1.0,2026-03-06T07:40:20.191225,neutral,0.434,2026-03-06T07:40:20.191225,0.078,2026-03-06T07:40:19.620000,60,,,
participant_02,1,day,Town10HD_Opt,2026-03-06 07:40:21.098211,96.57733154296876,75.35902404785156,0.0017429351573809,37.898,16.243,0.872,0.0,0,0,1,,1.0,2026-03-06T07:40:21.098211,neutral,0.434,2026-03-06T07:40:20.191225,0.08,2026-03-06T07:40:20.610000,61,,,
participant_02,1,day,Town10HD_Opt,2026-03-06 07:40:22.021677,98.75350189208984,82.27082824707031,0.0017476272769272,47.13,11.677,0.814,0.0,0,0,1,,0.826,2026-03-06T07:40:22.021677,neutral,0.434,2026-03-06T07:40:20.191225,0.08,2026-03-06T07:40:21.645000,62,,,errors=Solid line crossing
participant_02,1,day,Town10HD_Opt,2026-03-06 07:40:23.215760,98.01968383789062,93.68109893798828,0.0023050690069794,44.36,-2.05,0.0,0.0,0,0,1,,0.958,2026-03-06T07:40:23.215760,neutral,0.365,2026-03-06T07:40:23.215760,0.08,2026-03-06T07:40:22.725000,63,,,
participant_02,1,day,Town10HD_Opt,2026-03-06 07:40:24.124306,97.5302505493164,100.59431457519533,0.0023567199241369,34.304,5.021,0.0,0.0,0,0,1,,1.0,2026-03-06T07:40:24.124306,neutral,0.365,2026-03-06T07:40:23.215760,0.08,2026-03-06T07:40:23.623000,63,,,
participant_02,1,day,Town10HD_Opt,2026-03-06 07:40:25.306737,95.8901138305664,107.53775024414062,0.0020384597592055,30.27,5.571,0.808,0.0,0,0,1,,1.0,2026-03-06T07:40:25.306737,sad,0.46,2026-03-06T07:40:25.306737,0.08,2026-03-06T07:40:24.615000,63,,,
participant_02,1,day,Town10HD_Opt,2026-03-06 07:40:26.155549,93.36761474609376,112.95417785644533,0.0017789459088817,38.813,5.543,0.714,0.0,0,0,1,,1.0,2026-03-06T07:40:26.155549,sad,0.46,2026-03-06T07:40:25.306737,0.08,2026-03-06T07:40:25.605000,62,,,
participant_02,1,day,Town10HD_Opt,2026-03-06 07:40:27.067032,89.24372100830078,118.9628677368164,0.0018899536225944,44.086,4.277,0.301,0.0,0,0,1,,1.0,2026-03-06T07:40:27.067032,sad,0.46,2026-03-06T07:40:25.306737,0.08,2026-03-06T07:40:26.640000,63,,,
participant_02,1,day,Town10HD_Opt,2026-03-06 07:40:28.228979,82.36845397949219,125.8509750366211,0.0021952055394649,38.532,5.297,0.248,0.0,0,0,1,,1.0,2026-03-06T07:40:28.228979,sad,0.344,2026-03-06T07:40:28.228979,0.08,2026-03-06T07:40:27.630000,62,,,
participant_02,1,day,Town10HD_Opt,2026-03-06 07:40:29.177462,77.02304077148438,129.38145446777344,0.0021519470028579,35.028,6.099,0.465,0.0,0,0,1,,1.0,2026-03-06T07:40:29.177462,sad,0.344,2026-03-06T07:40:28.228979,0.08,2026-03-06T07:40:28.620000,61,,,
participant_02,1,day,Town10HD_Opt,2026-03-06 07:40:30.091407,71.17133331298828,131.79318237304688,0.0018902205629274,39.32,6.706,0.728,0.0,0,0,1,,1.0,2026-03-06T07:40:30.091407,sad,0.344,2026-03-06T07:40:28.228979,0.087,2026-03-06T07:40:29.610000,61,,,
participant_02,1,day,Town10HD_Opt,2026-03-06 07:40:31.286106,60.95645904541016,133.37664794921875,0.0016485976520925,52.409,2.951,0.0,0.188,0,0,1,,1.0,2026-03-06T07:40:31.286106,sad,0.389,2026-03-06T07:40:31.286106,0.094,2026-03-06T07:40:30.645000,61,,,
participant_02,1,day,Town10HD_Opt,2026-03-06 07:40:32.215691,52.1287727355957,133.5019073486328,0.0020008469000458,50.802,1.909,0.917,0.0,0,0,1,,1.0,2026-03-06T07:40:32.215691,sad,0.389,2026-03-06T07:40:31.286106,0.112,2026-03-06T07:40:31.635000,61,,,
participant_02,1,day,Town10HD_Opt,2026-03-06 07:40:33.117242,43.42677307128906,133.2958984375,0.0021096419077366,48.792,-1.706,0.905,0.0,0,0,1,,0.881,2026-03-06T07:40:33.117242,sad,0.389,2026-03-06T07:40:31.286106,0.13,2026-03-06T07:40:32.625000,61,,,
participant_02,1,day,Town10HD_Opt,2026-03-06 07:40:34.068112,34.64315414428711,133.3840789794922,0.0021965026389807,48.522,-0.096,0.895,0.0,0,0,1,,0.913,2026-03-06T07:40:34.068112,sad,0.29,2026-03-06T07:40:34.068112,0.148,2026-03-06T07:40:33.615000,61,,,
participant_02,1,day,Town10HD_Opt,2026-03-06 07:40:35.234163,23.014938354492188,133.74925231933594,0.0020614622626453,49.673,0.945,0.749,0.0,0,0,1,,0.821,2026-03-06T07:40:35.234163,sad,0.29,2026-03-06T07:40:34.068112,0.166,2026-03-06T07:40:34.651000,60,,,
participant_02,1,day,Town10HD_Opt,2026-03-06 07:40:36.137650,14.425817489624023,133.62059020996094,0.0022717283573001,45.193,1.622,0.0,0.0,0,0,1,,1.0,2026-03-06T07:40:36.137650,neutral,0.569,2026-03-06T07:40:36.137650,0.184,2026-03-06T07:40:35.640000,59,,,
participant_02,1,day,Town10HD_Opt,2026-03-06 07:40:37.024531,7.372734069824219,133.11373901367188,0.0023623274173587,34.998,1.255,0.05,0.0,0,0,1,,0.818,2026-03-06T07:40:37.024531,neutral,0.569,2026-03-06T07:40:36.137650,0.202,2026-03-06T07:40:36.629000,58,,,
participant_02,1,day,Town10HD_Opt,2026-03-06 07:40:38.185637,-0.2810670137405395,132.20956420898438,0.0017702102195471,37.192,-1.737,0.997,0.0,0,0,1,,0.93,2026-03-06T07:40:38.185637,neutral,0.744,2026-03-06T07:40:38.185637,0.22,2026-03-06T07:40:37.665000,57,,,
participant_02,1,day,Town10HD_Opt,2026-03-06 07:40:39.132129,-7.913974285125732,131.5203857421875,0.0015634155133739,51.775,-0.092,0.0,0.101,0,0,1,,0.872,2026-03-06T07:40:39.132129,neutral,0.744,2026-03-06T07:40:38.185637,0.238,2026-03-06T07:40:38.655000,58,,,
participant_02,1,day,Town10HD_Opt,2026-03-06 07:40:40.019081,-16.708059310913086,130.8541259765625,0.0020970152691006,49.437,0.27,0.885,0.0,0,0,1,,0.811,2026-03-06T07:40:40.019081,neutral,0.744,2026-03-06T07:40:38.185637,0.249,2026-03-06T07:40:39.645000,59,,,
participant_02,1,day,Town10HD_Opt,2026-03-06 07:40:41.191443,-27.641714096069336,129.85025024414062,0.0023787308018654,40.101,2.362,0.0,0.0,0,0,1,,1.0,2026-03-06T07:40:41.191443,sad,0.385,2026-03-06T07:40:41.191443,0.26,2026-03-06T07:40:40.635000,59,,,
participant_02,1,day,Town10HD_Opt,2026-03-06 07:40:42.081554,-33.72298812866211,128.53741455078125,0.0023584747686982,30.645,13.234,0.113,0.0,0,0,1,,1.0,2026-03-06T07:40:42.081554,sad,0.385,2026-03-06T07:40:41.191443,0.26,2026-03-06T07:40:41.670000,59,,,
participant_02,1,day,Town10HD_Opt,2026-03-06 07:40:43.235916,-39.28756713867188,124.43160247802734,0.0019980238284915,31.923,18.558,0.525,0.0,0,0,1,,1.0,2026-03-06T07:40:43.235916,neutral,0.755,2026-03-06T07:40:43.235916,0.26,2026-03-06T07:40:42.615000,58,,,
participant_02,1,day,Town10HD_Opt,2026-03-06 07:40:44.174585,-41.561336517333984,119.169677734375,0.0032515716738998,35.076,12.079,0.604,0.0,0,0,1,,1.0,2026-03-06T07:40:44.174585,neutral,0.755,2026-03-06T07:40:43.235916,0.26,2026-03-06T07:40:43.650000,56,,,
participant_02,1,day,Town10HD_Opt,2026-03-06 07:40:45.102885,-42.011512756347656,112.7171859741211,0.0019086836837232,39.197,1.415,0.56,0.0,0,0,1,,1.0,2026-03-06T07:40:45.102885,neutral,0.755,2026-03-06T07:40:43.235916,0.26,2026-03-06T07:40:44.640000,55,,,
participant_02,1,day,Town10HD_Opt,2026-03-06 07:40:46.029839,-41.99935531616211,105.84207153320312,0.0021043396554887,38.19,0.808,0.315,0.0,0,0,1,,1.0,2026-03-06T07:40:46.029839,sad,0.524,2026-03-06T07:40:46.029839,0.26,2026-03-06T07:40:45.630000,53,,,
participant_02,1,day,Town10HD_Opt,2026-03-06 07:40:47.252920,-41.8101692199707,97.301513671875,0.0021207809913903,34.869,-1.744,0.314,0.0,0,0,1,,1.0,2026-03-06T07:40:47.252920,sad,0.524,2026-03-06T07:40:46.029839,0.26,2026-03-06T07:40:46.667000,52,,,
participant_02,1,day,Town10HD_Opt,2026-03-06 07:40:48.197434,-41.84158706665039,91.3658218383789,0.0021089552901685,32.813,-0.411,0.323,0.0,0,0,1,,0.852,2026-03-06T07:40:48.197434,sad,0.524,2026-03-06T07:40:48.197434,0.26,2026-03-06T07:40:47.655000,52,,,
participant_02,1,day,Town10HD_Opt,2026-03-06 07:40:49.128745,-41.89215850830078,85.69730377197266,0.0020550154149532,32.219,1.429,0.418,0.0,0,0,1,,1.0,2026-03-06T07:40:49.128745,sad,0.524,2026-03-06T07:40:48.197434,0.26,2026-03-06T07:40:48.645000,53,,,
participant_02,1,day,Town10HD_Opt,2026-03-06 07:40:50.091613,-41.61028671264648,80.0390396118164,0.002037925645709,32.521,7.648,0.415,0.0,0,0,1,,1.0,2026-03-06T07:40:50.091613,sad,0.524,2026-03-06T07:40:48.197434,0.26,2026-03-06T07:40:49.682000,55,,,
participant_02,1,day,Town10HD_Opt,2026-03-06 07:40:51.015600,-39.89143753051758,74.72107696533203,0.0021266937255859,31.712,25.615,0.408,0.0,0,0,1,,1.0,2026-03-06T07:40:51.015600,neutral,0.389,2026-03-06T07:40:51.015600,0.26,2026-03-06T07:40:50.625000,56,,,
participant_02,1,day,Town10HD_Opt,2026-03-06 07:40:52.244774,-33.97588348388672,70.9715576171875,0.0022365187760442,28.859,16.888,0.0,0.0,0,0,1,,1.0,2026-03-06T07:40:52.244774,neutral,0.389,2026-03-06T07:40:51.015600,0.26,2026-03-06T07:40:51.616000,57,,,
participant_02,1,day,Town10HD_Opt,2026-03-06 07:40:53.141705,-29.552928924560547,70.34397888183594,0.0022299194242805,22.548,0.799,0.497,0.0,0,0,1,,1.0,2026-03-06T07:40:53.141705,sad,0.479,2026-03-06T07:40:53.141705,0.26,2026-03-06T07:40:52.650000,56,Solid line crossing,Solid line crossing,
participant_02,1,day,Town10HD_Opt,2026-03-06 07:40:54.199826,-25.140958786010746,69.96902465820312,0.0017428207211196,30.462,4.409,0.662,0.0,0,0,1,,1.0,2026-03-06T07:40:54.199826,sad,0.479,2026-03-06T07:40:53.141705,0.26,2026-03-06T07:40:53.640000,57,,,
participant_02,1,day,Town10HD_Opt,2026-03-06 07:40:55.109885,-19.422748565673828,69.87803649902344,0.0019382095197215,34.458,-0.399,0.498,0.0,0,0,1,,1.0,2026-03-06T07:40:55.109885,sad,0.479,2026-03-06T07:40:53.141705,0.26,2026-03-06T07:40:54.630000,58,,,
participant_02,1,day,Town10HD_Opt,2026-03-06 07:40:56.048741,-13.240815162658691,69.81607055664062,0.0019743728917092,36.446,1.241,0.498,0.0,0,0,1,,1.0,2026-03-06T07:40:56.048741,sad,0.527,2026-03-06T07:40:56.048741,0.26,2026-03-06T07:40:55.621000,60,,,
participant_02,1,day,Town10HD_Opt,2026-03-06 07:40:57.261857,-4.695724964141846,69.94511413574219,0.0021991347894072,34.345,-0.04,0.0,0.0,0,0,1,,0.829,2026-03-06T07:40:57.261857,sad,0.527,2026-03-06T07:40:56.048741,0.26,2026-03-06T07:40:56.610000,60,,,
participant_02,1,day,Town10HD_Opt,2026-03-06 07:40:58.159600,0.6106892228126526,70.01608276367188,0.0022885513026267,26.126,-0.667,0.0,0.0,0,0,1,,1.0,2026-03-06T07:40:58.159600,sad,0.448,2026-03-06T07:40:58.159600,0.26,2026-03-06T07:40:57.645000,60,,,
participant_02,1,day,Town10HD_Opt,2026-03-06 07:40:59.106817,4.714016437530518,70.02236938476562,0.0022039795294404,20.741,0.148,0.127,0.0,0,0,1,,1.0,2026-03-06T07:40:59.106817,sad,0.448,2026-03-06T07:40:58.159600,0.26,2026-03-06T07:40:58.636000,60,,,
participant_02,1,day,Town10HD_Opt,2026-03-06 07:41:00.056048,8.062074661254883,70.0318374633789,0.001939506502822,17.877,-0.334,0.16,0.0,0,0,1,,0.802,2026-03-06T07:41:00.056048,sad,0.448,2026-03-06T07:40:58.159600,0.26,2026-03-06T07:40:59.626000,60,,,
participant_02,1,day,Town10HD_Opt,2026-03-06 07:41:01.240941,12.145256042480469,70.03662872314453,0.0019214248750358,17.373,0.301,0.234,0.0,0,0,1,,1.0,2026-03-06T07:41:01.240941,neutral,0.559,2026-03-06T07:41:01.240941,0.26,2026-03-06T07:41:00.615000,61,,,
participant_02,1,day,Town10HD_Opt,2026-03-06 07:41:02.127312,15.154606819152832,70.05294036865234,0.0019425201462581,16.786,-0.174,0.163,0.0,0,0,1,,1.0,2026-03-06T07:41:02.127312,neutral,0.559,2026-03-06T07:41:01.240941,0.324,2026-03-06T07:41:01.650000,62,,,
participant_02,1,day,Town10HD_Opt,2026-03-06 07:41:03.295449,18.76125144958496,70.05748748779297,0.0020095824729651,13.535,-0.11,0.052,0.0,0,0,1,,1.0,2026-03-06T07:41:03.295449,sad,0.368,2026-03-06T07:41:03.295449,0.393,2026-03-06T07:41:02.640000,63,,,
participant_02,1,day,Town10HD_Opt,2026-03-06 07:41:04.166940,20.90968894958496,70.05767059326172,0.0020149231422692,10.676,-0.009,0.0,0.0,0,0,1,,1.0,2026-03-06T07:41:04.166940,sad,0.368,2026-03-06T07:41:03.295449,0.467,2026-03-06T07:41:03.631000,64,,,
participant_02,1,day,Town10HD_Opt,2026-03-06 07:41:05.028217,22.57287979125977,70.0577163696289,0.0019973753951489,8.198,-0.009,0.0,0.0,0,0,1,,1.0,2026-03-06T07:41:05.028217,sad,0.368,2026-03-06T07:41:03.295449,0.545,2026-03-06T07:41:04.620000,65,,,
participant_02,1,day,Town10HD_Opt,2026-03-06 07:41:06.182636,24.20583152770996,70.0577392578125,0.0019742583390325,5.763,-0.009,0.0,0.0,0,0,1,,0.853,2026-03-06T07:41:06.182636,neutral,0.569,2026-03-06T07:41:06.182636,0.548,2026-03-06T07:41:05.610000,64,,,
participant_02,1,day,Town10HD_Opt,2026-03-06 07:41:07.054341,25.10353279113769,70.05775451660156,0.0019614410120993,4.424,-0.009,0.0,0.0,0,0,1,,0.825,2026-03-06T07:41:07.054341,neutral,0.569,2026-03-06T07:41:06.182636,0.551,2026-03-06T07:41:06.645000,63,,,
participant_02,1,day,Town10HD_Opt,2026-03-06 07:41:08.238827,25.45843505859375,70.05780029296875,0.0019573592580854,0.003,-0.009,0.0,0.0,0,0,1,,1.0,2026-03-06T07:41:08.238827,neutral,0.553,2026-03-06T07:41:08.238827,0.55,2026-03-06T07:41:07.636000,61,,,
participant_02,1,day,Town10HD_Opt,2026-03-06 07:41:09.106244,25.662994384765625,70.05769348144531,0.0017329406691715,4.098,-0.016,0.0,0.0,0,0,1,,1.0,2026-03-06T07:41:09.106244,neutral,0.553,2026-03-06T07:41:08.238827,0.553,2026-03-06T07:41:08.625000,61,,,
participant_02,1,day,Town10HD_Opt,2026-03-06 07:41:10.240527,25.94186210632324,70.05756378173828,0.0019424057099968,0.008,-0.016,0.094,0.0,0,0,1,,1.0,2026-03-06T07:41:10.240527,sad,0.519,2026-03-06T07:41:10.240527,0.56,2026-03-06T07:41:09.616000,61,,,
participant_02,1,day,Town10HD_Opt,2026-03-06 07:41:11.096919,26.212865829467773,70.05743408203125,0.001756896963343,4.049,-0.016,0.0,0.0,0,0,1,,1.0,2026-03-06T07:41:11.096919,sad,0.519,2026-03-06T07:41:10.240527,0.563,2026-03-06T07:41:10.652000,62,,,
participant_02,1,day,Town10HD_Opt,2026-03-06 07:41:12.208382,26.919267654418945,70.0572280883789,0.0021322250831872,0.0,-0.016,0.0,0.095,0,0,1,,1.0,2026-03-06T07:41:12.208382,sad,0.519,2026-03-06T07:41:10.240527,0.502,2026-03-06T07:41:11.731000,63,,,
participant_02,1,day,Town10HD_Opt,2026-03-06 07:41:13.055899,26.929168701171875,70.05723571777344,0.0019014739664271,0.774,-0.016,0.796,0.0,0,0,1,,1.0,2026-03-06T07:41:13.055899,sad,0.485,2026-03-06T07:41:13.055899,0.44,2026-03-06T07:41:12.720000,62,,,
participant_02,1,day,Town10HD_Opt,2026-03-06 07:41:14.223166,29.07003593444824,70.02213287353516,0.001534919720143,17.928,-4.162,0.672,0.0,0,0,1,,1.0,2026-03-06T07:41:14.223166,sad,0.485,2026-03-06T07:41:13.055899,0.375,2026-03-06T07:41:13.622000,62,,,
participant_02,1,day,Town10HD_Opt,2026-03-06 07:41:15.135811,32.500877380371094,69.6595230102539,0.0019192122854292,21.788,-10.091,0.432,0.0,0,0,1,,0.831,2026-03-06T07:41:15.135811,happy,0.695,2026-03-06T07:41:15.135811,0.293,2026-03-06T07:41:14.611000,61,,,
participant_02,1,day,Town10HD_Opt,2026-03-06 07:41:16.043391,36.21753692626953,68.44911193847656,0.0020721436012536,22.185,-14.675,0.095,0.0,0,0,1,,0.854,2026-03-06T07:41:16.043391,happy,0.695,2026-03-06T07:41:15.135811,0.287,2026-03-06T07:41:15.648000,60,,,
participant_02,1,day,Town10HD_Opt,2026-03-06 07:41:17.193799,39.95311737060547,65.73833465576172,0.0019067000830546,17.652,-13.455,0.091,0.0,0,0,1,,0.842,2026-03-06T07:41:17.193799,neutral,0.628,2026-03-06T07:41:17.193799,0.28,2026-03-06T07:41:16.635000,58,,,
participant_02,1,day,Town10HD_Opt,2026-03-06 07:41:18.097308,41.74534225463867,63.464481353759766,0.0019486235687509,16.398,-13.377,0.463,0.0,0,0,1,,1.0,2026-03-06T07:41:18.097308,neutral,0.628,2026-03-06T07:41:17.193799,0.277,2026-03-06T07:41:17.625000,58,,,
participant_02,1,day,Town10HD_Opt,2026-03-06 07:41:19.236874,43.54015350341797,59.55669403076172,0.0019548796117305,20.905,-13.38,0.495,0.0,0,0,1,,1.0,2026-03-06T07:41:19.236874,neutral,0.585,2026-03-06T07:41:19.236874,0.27,2026-03-06T07:41:18.615000,59,,,
participant_02,1,day,Town10HD_Opt,2026-03-06 07:41:20.119905,44.21807098388672,55.875144958496094,0.0021087264176458,20.738,-9.275,0.134,0.0,0,0,1,,0.889,2026-03-06T07:41:20.119905,neutral,0.585,2026-03-06T07:41:19.236874,0.259,2026-03-06T07:41:19.650000,60,,,
participant_02,1,day,Town10HD_Opt,2026-03-06 07:41:21.278808,44.368690490722656,51.61915588378906,0.0020118711981922,15.496,-2.941,0.0,0.0,0,0,1,,0.963,2026-03-06T07:41:21.278808,sad,0.367,2026-03-06T07:41:21.278808,0.248,2026-03-06T07:41:20.642000,60,,,
participant_02,1,day,Town10HD_Opt,2026-03-06 07:41:22.243413,44.32411575317383,49.20689392089844,0.0020324706565588,11.907,-3.193,0.11,0.0,0,0,1,,0.913,2026-03-06T07:41:22.243413,sad,0.367,2026-03-06T07:41:21.278808,0.236,2026-03-06T07:41:21.630000,60,,,
participant_02,1,day,Town10HD_Opt,2026-03-06 07:41:23.142489,44.19343185424805,46.79586410522461,0.0017659377772361,19.333,-1.965,0.887,0.0,0,0,1,,0.872,2026-03-06T07:41:23.142489,sad,0.367,2026-03-06T07:41:21.278808,0.22,2026-03-06T07:41:22.620000,58,,,
participant_02,1,day,Town10HD_Opt,2026-03-06 07:41:24.027716,43.9335823059082,42.7370491027832,0.0017636489355936,27.877,3.325,0.549,0.0,0,0,1,,0.826,2026-03-06T07:41:24.027716,sad,0.667,2026-03-06T07:41:24.027716,0.204,2026-03-06T07:41:23.610000,57,,,
participant_02,1,day,Town10HD_Opt,2026-03-06 07:41:25.163150,44.17945861816406,36.05927658081055,0.0020871353335678,28.097,9.452,0.216,0.0,0,0,1,,0.925,2026-03-06T07:41:25.163150,sad,0.667,2026-03-06T07:41:24.027716,0.199,2026-03-06T07:41:24.645000,58,,,
participant_02,1,day,Town10HD_Opt,2026-03-06 07:41:26.070731,45.75894546508789,31.85655975341797,0.0022522734943777,23.34,27.617,0.14,0.0,0,0,1,,1.0,2026-03-06T07:41:26.070731,sad,0.429,2026-03-06T07:41:26.070731,0.194,2026-03-06T07:41:25.635000,60,,,
participant_02,1,day,Town10HD_Opt,2026-03-06 07:41:27.280653,49.67214584350586,29.19550895690918,0.002205200260505,18.162,22.437,0.14,0.0,0,0,1,,1.0,2026-03-06T07:41:27.280653,sad,0.429,2026-03-06T07:41:26.070731,0.19,2026-03-06T07:41:26.626000,63,,,
participant_02,1,day,Town10HD_Opt,2026-03-06 07:41:28.231415,52.70344543457031,28.574575424194336,0.0019713973160833,16.692,4.49,0.128,0.0,0,0,1,,0.845,2026-03-06T07:41:28.231415,sad,0.468,2026-03-06T07:41:28.231415,0.185,2026-03-06T07:41:27.616000,65,,,
participant_02,1,day,Town10HD_Opt,2026-03-06 07:41:29.110559,55.58962631225586,28.05111694335937,0.0019651411566883,18.863,0.308,0.69,0.0,0,0,1,,1.0,2026-03-06T07:41:29.110559,sad,0.468,2026-03-06T07:41:28.231415,0.181,2026-03-06T07:41:28.651000,65,,,
participant_02,1,day,Town10HD_Opt,2026-03-06 07:41:30.223106,60.3541374206543,27.15299415588379,0.0020414732862263,21.442,-0.414,0.23,0.0,0,0,1,,0.876,2026-03-06T07:41:30.223106,sad,0.468,2026-03-06T07:41:28.231415,0.176,2026-03-06T07:41:29.640000,64,,,
participant_02,1,day,Town10HD_Opt,2026-03-06 07:41:31.060262,63.8436279296875,26.462764739990234,0.0021582792978733,18.375,0.39,0.0,0.153,0,0,1,,1.0,2026-03-06T07:41:31.060262,sad,0.343,2026-03-06T07:41:31.060262,0.176,2026-03-06T07:41:30.630000,64,,,
participant_02,1,day,Town10HD_Opt,2026-03-06 07:41:32.185313,67.19440460205078,25.954002380371094,0.0021168135572224,10.125,5.297,0.0,0.385,0,0,1,,1.0,2026-03-06T07:41:32.185313,sad,0.343,2026-03-06T07:41:31.060262,0.176,2026-03-06T07:41:31.620000,64,,,
participant_02,1,day,Town10HD_Opt,2026-03-06 07:41:33.021129,68.462158203125,25.856624603271484,0.0024148558732122,0.0,5.215,0.0,0.39,0,0,1,,0.861,2026-03-06T07:41:33.021129,sad,0.343,2026-03-06T07:41:31.060262,0.176,2026-03-06T07:41:32.610000,64,,,
participant_02,1,day,Town10HD_Opt,2026-03-06 07:41:34.072304,68.46276092529297,25.856639862060547,0.0019284439040347,0.0,5.094,0.0,0.0,0,0,1,,1.0,2026-03-06T07:41:34.072304,neutral,0.656,2026-03-06T07:41:34.072304,0.176,2026-03-06T07:41:33.645000,64,,,
participant_02,1,day,Town10HD_Opt,2026-03-06 07:41:35.154939,68.4627685546875,25.856639862060547,0.0019198989029973,0.0,2.68,0.0,0.0,0,0,1,,0.825,2026-03-06T07:41:35.154939,neutral,0.656,2026-03-06T07:41:34.072304,0.176,2026-03-06T07:41:34.726000,64,,,
participant_02,1,day,Town10HD_Opt,2026-03-06 07:41:36.218965,68.4627685546875,25.856639862060547,0.0019198989029973,0.0,1.213,0.0,0.0,0,0,1,,1.0,2026-03-06T07:41:36.218965,neutral,0.427,2026-03-06T07:41:36.218965,0.176,2026-03-06T07:41:35.625000,62,,,
participant_02,1,day,Town10HD_Opt,2026-03-06 07:41:37.037101,68.48656463623047,25.854433059692383,0.0018267058767378,2.196,0.9,1.0,0.0,0,0,1,,1.0,2026-03-06T07:41:37.037101,neutral,0.427,2026-03-06T07:41:36.218965,0.176,2026-03-06T07:41:36.615000,61,,,
participant_02,1,day,Town10HD_Opt,2026-03-06 07:41:38.151615,71.25540161132812,25.62446975708008,0.0017169951461255,22.025,0.728,1.0,0.0,0,0,1,,1.0,2026-03-06T07:41:38.151615,neutral,0.427,2026-03-06T07:41:36.218965,0.176,2026-03-06T07:41:37.695000,60,,,
participant_02,1,day,Town10HD_Opt,2026-03-06 07:41:39.035435,75.92566680908203,25.439743041992188,0.0020388411357998,26.752,8.649,0.0,0.0,0,0,1,,1.0,2026-03-06T07:41:39.035435,neutral,0.381,2026-03-06T07:41:39.035435,0.176,2026-03-06T07:41:38.775000,60,,,
participant_02,1,day,Town10HD_Opt,2026-03-06 07:41:40.152141,81.22545623779297,26.25586700439453,0.0022366715129464,18.939,3.422,0.553,0.0,0,0,1,,1.0,2026-03-06T07:41:40.152141,neutral,0.381,2026-03-06T07:41:39.035435,0.176,2026-03-06T07:41:39.811000,61,,,
participant_02,1,day,Town10HD_Opt,2026-03-06 07:41:41.262917,86.60306549072266,27.228656768798828,0.0016340636648237,31.987,-5.668,0.763,0.0,0,0,1,,0.91,2026-03-06T07:41:41.262917,neutral,0.344,2026-03-06T07:41:41.262917,0.176,2026-03-06T07:41:40.620000,62,,,
participant_02,1,day,Town10HD_Opt,2026-03-06 07:41:42.137048,92.61429595947266,27.405866622924805,0.002089500427246,33.657,-3.123,0.132,0.0,0,0,1,,0.92,2026-03-06T07:41:42.137048,neutral,0.344,2026-03-06T07:41:41.262917,0.176,2026-03-06T07:41:41.610000,64,,,
participant_02,1,day,Town10HD_Opt,2026-03-06 07:41:43.239735,99.4493179321289,26.67584609985352,0.0022786711342632,24.408,-6.594,0.0,0.0,0,0,1,,1.0,2026-03-06T07:41:43.239735,neutral,0.344,2026-03-06T07:41:41.262917,0.176,2026-03-06T07:41:42.645000,65,,,
participant_02,1,day,Town10HD_Opt,2026-03-06 07:41:44.090209,103.01441192626952,25.570043563842773,0.0022560881916433,18.096,-14.845,0.0,0.0,0,0,1,,1.0,2026-03-06T07:41:44.090209,sad,0.33,2026-03-06T07:41:44.090209,0.176,2026-03-06T07:41:43.637000,64,,,
participant_02,1,day,Town10HD_Opt,2026-03-06 07:41:45.170800,105.96550750732422,23.339258193969727,0.0019327545305714,15.845,-22.349,0.621,0.0,0,0,1,,1.0,2026-03-06T07:41:45.170800,sad,0.33,2026-03-06T07:41:44.090209,0.176,2026-03-06T07:41:44.626000,64,,,
participant_02,1,day,Town10HD_Opt,2026-03-06 07:41:46.015186,107.63717651367188,20.49755096435547,0.0018457793630659,23.711,-22.637,0.824,0.0,0,0,1,,1.0,2026-03-06T07:41:46.015186,sad,0.33,2026-03-06T07:41:44.090209,0.176,2026-03-06T07:41:45.616000,61,,,
participant_02,1,day,Town10HD_Opt,2026-03-06 07:41:47.098245,107.73868560791016,13.562556266784668,0.0019422149052843,37.738,-19.852,0.919,0.0,0,0,1,,1.0,2026-03-06T07:41:47.098245,sad,0.367,2026-03-06T07:41:47.098245,0.176,2026-03-06T07:41:46.651000,59,,,
participant_02,1,day,Town10HD_Opt,2026-03-06 07:41:48.261064,102.07599639892578,4.739788055419922,0.001989021198824,47.945,13.767,0.0,0.0,0,0,1,,1.0,2026-03-06T07:41:48.261064,sad,0.367,2026-03-06T07:41:47.098245,0.176,2026-03-06T07:41:47.640000,58,,,
participant_02,1,day,Town10HD_Opt,2026-03-06 07:41:49.174946,99.5220184326172,-2.040350914001465,0.0024547576904296,34.908,19.583,0.0,0.0,0,0,1,,1.0,2026-03-06T07:41:49.174946,neutral,0.563,2026-03-06T07:41:49.174946,0.176,2026-03-06T07:41:48.677000,58,,,
participant_02,1,day,Town10HD_Opt,2026-03-06 07:41:50.054626,100.8052978515625,-7.260851860046387,0.0023605346214026,27.136,12.762,0.0,0.0,0,0,1,,1.0,2026-03-06T07:41:50.054626,neutral,0.563,2026-03-06T07:41:49.174946,0.176,2026-03-06T07:41:49.710000,58,,,
participant_02,1,day,Town10HD_Opt,2026-03-06 07:41:51.129989,103.5749282836914,-11.75306510925293,0.0022307585459202,18.567,-10.834,0.187,0.0,0,0,1,,1.0,2026-03-06T07:41:51.129989,neutral,0.563,2026-03-06T07:41:49.174946,0.176,2026-03-06T07:41:50.611000,59,,,
participant_02,1,day,Town10HD_Opt,2026-03-06 07:41:52.200666,105.02171325683594,-15.815892219543455,0.0018791579641401,21.957,-14.729,0.903,0.0,0,0,1,,1.0,2026-03-06T07:41:52.200666,sad,0.326,2026-03-06T07:41:52.200666,0.176,2026-03-06T07:41:51.649000,59,,,
participant_02,1,day,Town10HD_Opt,2026-03-06 07:41:53.020315,105.33824920654295,-20.810651779174805,0.0015466689364984,37.196,-7.767,0.98,0.0,0,0,1,,1.0,2026-03-06T07:41:53.020315,sad,0.326,2026-03-06T07:41:52.200666,0.176,2026-03-06T07:41:52.636000,59,,,
participant_02,1,day,Town10HD_Opt,2026-03-06 07:41:54.096906,103.6051254272461,-31.32356834411621,0.0018009566701948,51.381,4.051,0.0,0.185,0,0,1,,0.905,2026-03-06T07:41:54.096906,sad,0.326,2026-03-06T07:41:52.200666,0.176,2026-03-06T07:41:53.626000,60,,,
participant_02,1,day,Town10HD_Opt,2026-03-06 07:41:55.014560,102.3384246826172,-40.00203323364258,0.0018411636119708,52.177,5.522,0.0,0.247,0,0,1,,1.0,2026-03-06T07:41:55.014560,sad,0.309,2026-03-06T07:41:55.014560,0.176,2026-03-06T07:41:54.660000,60,,,
participant_02,1,day,Town10HD_Opt,2026-03-06 07:41:56.085243,102.9278564453125,-51.68452453613281,0.0024755096528679,49.792,-9.909,0.619,0.0,0,0,1,,0.862,2026-03-06T07:41:56.085243,sad,0.309,2026-03-06T07:41:55.014560,0.176,2026-03-06T07:41:55.696000,60,,,
participant_02,1,day,Town10HD_Opt,2026-03-06 07:41:57.096635,100.1360855102539,-61.9788818359375,0.1551388502120971,45.004,-19.895,0.527,0.0,0,0,1,,0.815,2026-03-06T07:41:57.096635,sad,0.481,2026-03-06T07:41:57.096635,0.176,2026-03-06T07:41:56.641000,60,,,
participant_02,1,day,Town10HD_Opt,2026-03-06 07:41:58.255739,90.93535614013672,-65.62582397460938,0.1332878917455673,43.218,-19.702,0.525,0.0,0,0,1,,1.0,2026-03-06T07:41:58.255739,sad,0.481,2026-03-06T07:41:57.096635,0.176,2026-03-06T07:41:57.632000,61,,,
participant_02,1,day,Town10HD_Opt,2026-03-06 07:41:59.159172,84.28487396240234,-62.80928039550781,0.0039986800402402,41.926,-15.452,0.503,0.0,0,0,1,,1.0,2026-03-06T07:41:59.159172,sad,0.395,2026-03-06T07:41:59.159172,0.176,2026-03-06T07:41:58.621000,60,,,
participant_02,1,day,Town10HD_Opt,2026-03-06 07:42:00.122085,79.95726013183594,-57.25331878662109,0.0023323439527302,35.88,14.161,0.0,0.0,0,0,1,,1.0,2026-03-06T07:42:00.122085,sad,0.395,2026-03-06T07:41:59.159172,0.176,2026-03-06T07:41:59.655000,59,,,
participant_02,1,day,Town10HD_Opt,2026-03-06 07:42:01.054434,75.6125259399414,-53.89255142211914,0.0023414611350744,27.144,14.494,0.0,0.0,0,0,1,,1.0,2026-03-06T07:42:01.054434,sad,0.395,2026-03-06T07:41:59.159172,0.176,2026-03-06T07:42:00.915000,59,,,
participant_02,1,day,Town10HD_Opt,2026-03-06 07:42:02.202869,72.18331146240234,-52.98591995239258,0.0389435179531574,16.606,14.533,0.0,0.0,0,0,1,,1.0,2026-03-06T07:42:02.202869,angry,0.654,2026-03-06T07:42:02.202869,0.176,2026-03-06T07:42:01.951000,60,,,
participant_02,1,day,Town10HD_Opt,2026-03-06 07:42:03.105621,71.25334930419922,-52.90847396850586,0.0348919667303562,0.538,20.989,0.0,0.0,0,0,1,,1.0,2026-03-06T07:42:03.105621,angry,0.654,2026-03-06T07:42:02.202869,0.176,2026-03-06T07:42:02.716000,61,,,
participant_02,1,day,Town10HD_Opt,2026-03-06 07:42:04.256293,71.31157684326172,-52.9088134765625,0.0388643257319927,0.073,18.664,0.0,0.0,0,0,1,,1.0,2026-03-06T07:42:04.256293,neutral,0.828,2026-03-06T07:42:04.256293,0.176,2026-03-06T07:42:03.841000,62,Vehicle collision,Vehicle collision,
participant_02,1,day,Town10HD_Opt,2026-03-06 07:42:05.173635,71.31285858154297,-52.90882110595703,0.0388948060572147,0.0,2.527,0.0,0.0,0,0,1,,1.0,2026-03-06T07:42:05.173635,neutral,0.828,2026-03-06T07:42:04.256293,0.176,2026-03-06T07:42:04.696000,63,,,
participant_02,1,day,Town10HD_Opt,2026-03-06 07:42:06.281604,0.0,0.0,0.0,0.0,0.0,0.0,0.0,1,1,97846,,1.0,2026-03-06T07:42:06.281604,angry,0.641,2026-03-06T07:42:06.281604,0.176,2026-03-06T07:42:05.641000,63,Harsh braking,decel_mps2=5.5,
participant_02,1,day,Town10HD_Opt,2026-03-06 07:42:07.159250,-41.66907501220703,89.74517059326172,-0.010053252801299,0.246,1.389,0.0,0.0,0,0,0,,0.893,2026-03-06T07:42:07.159250,angry,0.641,2026-03-06T07:42:06.281604,0.176,2026-03-06T07:42:06.631000,63,,,
participant_02,1,day,Town10HD_Opt,2026-03-06 07:42:08.283083,-41.66903305053711,89.73564147949219,0.001807746826671,5.973,1.276,0.883,0.0,0,0,1,,1.0,2026-03-06T07:42:08.283083,neutral,0.802,2026-03-06T07:42:08.283083,0.176,2026-03-06T07:42:07.621000,63,,,
participant_02,1,day,Town10HD_Opt,2026-03-06 07:42:09.285270,-41.638465881347656,87.49292755126953,0.001715698163025,19.626,1.302,0.714,0.0,0,0,1,,0.864,2026-03-06T07:42:09.285270,neutral,0.802,2026-03-06T07:42:08.283083,0.176,2026-03-06T07:42:08.656000,64,,,
participant_02,1,day,Town10HD_Opt,2026-03-06 07:42:10.219074,-41.58913803100586,83.8420181274414,0.0020704651251435,20.296,-2.358,0.101,0.0,0,0,1,,0.864,2026-03-06T07:42:10.219074,neutral,0.802,2026-03-06T07:42:08.283083,0.176,2026-03-06T07:42:09.647000,63,,,
participant_02,1,day,Town10HD_Opt,2026-03-06 07:42:11.101577,-41.52938079833984,80.5508804321289,0.0020563888829201,18.026,8.742,0.382,0.0,0,0,1,,1.0,2026-03-06T07:42:11.101577,neutral,0.29,2026-03-06T07:42:11.101577,0.258,2026-03-06T07:42:10.637000,64,,,
participant_02,1,day,Town10HD_Opt,2026-03-06 07:42:12.302612,-40.323524475097656,75.98362731933594,0.0018106460338458,25.441,15.911,0.703,0.0,0,0,1,,1.0,2026-03-06T07:42:12.302612,neutral,0.29,2026-03-06T07:42:11.101577,0.344,2026-03-06T07:42:11.626000,65,,,
participant_02,1,day,Town10HD_Opt,2026-03-06 07:42:13.223735,-37.49882888793945,72.1031494140625,0.0020344161894172,28.386,18.046,0.343,0.0,0,0,1,,1.0,2026-03-06T07:42:13.223735,sad,0.455,2026-03-06T07:42:13.223735,0.431,2026-03-06T07:42:12.661000,65,,,
participant_02,1,day,Town10HD_Opt,2026-03-06 07:42:14.142818,-33.35409164428711,69.72413635253906,0.0022135542239993,25.366,18.593,0.0,0.0,0,0,1,,1.0,2026-03-06T07:42:14.142818,sad,0.455,2026-03-06T07:42:13.223735,0.517,2026-03-06T07:42:13.651000,65,,,
participant_02,1,day,Town10HD_Opt,2026-03-06 07:42:15.082941,-29.485326766967773,69.21998596191406,0.0022537230979651,19.128,3.467,0.029,0.0,0,0,1,,1.0,2026-03-06T07:42:15.082941,sad,0.455,2026-03-06T07:42:13.223735,0.612,2026-03-06T07:42:14.640000,67,,,
participant_02,1,day,Town10HD_Opt,2026-03-06 07:42:16.275611,-24.835607528686523,69.09266662597656,0.0017414855537936,25.473,3.438,0.696,0.0,0,0,1,,0.878,2026-03-06T07:42:16.275611,sad,0.498,2026-03-06T07:42:16.275611,0.712,2026-03-06T07:42:15.631000,68,,,
participant_02,1,day,Town10HD_Opt,2026-03-06 07:42:17.185821,-19.8126220703125,69.22166442871094,0.001891937223263,31.186,0.385,0.475,0.0,0,0,1,,1.0,2026-03-06T07:42:17.185821,sad,0.498,2026-03-06T07:42:16.275611,0.816,2026-03-06T07:42:16.621000,69,,,
participant_02,1,day,Town10HD_Opt,2026-03-06 07:42:18.097350,-14.20889377593994,69.46173858642578,0.00199157721363,32.868,0.223,0.442,0.0,0,0,1,,1.0,2026-03-06T07:42:18.097350,sad,0.498,2026-03-06T07:42:16.275611,0.921,2026-03-06T07:42:17.655000,69,,,
participant_02,1,day,Town10HD_Opt,2026-03-06 07:42:19.281020,-6.663080215454102,69.73324584960938,0.002228393452242,29.034,-0.317,0.0,0.0,0,0,1,,1.0,2026-03-06T07:42:19.281020,sad,0.399,2026-03-06T07:42:19.281020,1.0,2026-03-06T07:42:18.645000,68,,,
participant_02,1,day,Town10HD_Opt,2026-03-06 07:42:20.209628,-2.1499147415161133,69.83123779296875,0.0022634123452007,22.073,0.146,0.0,0.0,0,0,1,,1.0,2026-03-06T07:42:20.209628,sad,0.399,2026-03-06T07:42:19.281020,1.0,2026-03-06T07:42:19.636000,68,,,
participant_02,1,day,Town10HD_Opt,2026-03-06 07:42:21.122257,1.2673920392990112,69.89990997314453,0.0019167709397152,17.67,-0.385,0.229,0.0,0,0,1,,1.0,2026-03-06T07:42:21.122257,sad,0.399,2026-03-06T07:42:19.281020,1.0,2026-03-06T07:42:20.625000,68,,,
participant_02,1,day,Town10HD_Opt,2026-03-06 07:42:22.026440,4.391699314117432,69.94971466064453,0.0020932387560606,17.989,-0.193,0.341,0.0,0,0,1,,1.0,2026-03-06T07:42:22.026440,sad,0.511,2026-03-06T07:42:22.026440,1.0,2026-03-06T07:42:21.661000,68,,,
participant_02,1,day,Town10HD_Opt,2026-03-06 07:42:23.233704,8.640870094299316,69.98896026611328,0.0020476530771702,18.165,-0.404,0.314,0.0,0,0,1,,1.0,2026-03-06T07:42:23.233704,sad,0.511,2026-03-06T07:42:22.026440,1.0,2026-03-06T07:42:22.651000,68,,,
participant_02,1,day,Town10HD_Opt,2026-03-06 07:42:24.120688,11.819710731506348,69.99256134033203,0.0020545576699078,18.373,-0.364,0.238,0.0,0,0,1,,1.0,2026-03-06T07:42:24.120688,sad,0.387,2026-03-06T07:42:24.120688,1.0,2026-03-06T07:42:23.686000,66,,,
participant_02,1,day,Town10HD_Opt,2026-03-06 07:42:25.071677,14.98017406463623,69.97948455810547,0.0018494796240702,17.544,0.075,0.129,0.0,0,0,1,,0.861,2026-03-06T07:42:25.071677,sad,0.387,2026-03-06T07:42:24.120688,1.0,2026-03-06T07:42:24.632000,65,,,
participant_02,1,day,Town10HD_Opt,2026-03-06 07:42:26.247764,18.713653564453125,69.96546936035156,0.002034721430391,13.625,-0.026,0.0,0.0,0,0,1,,1.0,2026-03-06T07:42:26.247764,neutral,0.459,2026-03-06T07:42:26.247764,1.0,2026-03-06T07:42:25.621000,64,,,
participant_02,1,day,Town10HD_Opt,2026-03-06 07:42:27.186954,20.83651161193848,69.95552062988281,0.0020186996553093,10.467,-0.059,0.0,0.0,0,0,1,,1.0,2026-03-06T07:42:27.186954,neutral,0.459,2026-03-06T07:42:26.247764,1.0,2026-03-06T07:42:26.655000,64,,,
participant_02,1,day,Town10HD_Opt,2026-03-06 07:42:28.119903,22.42277717590332,69.94702911376953,0.0020151520147919,7.441,-0.059,0.0,0.053,0,0,1,,1.0,2026-03-06T07:42:28.119903,neutral,0.459,2026-03-06T07:42:26.247764,1.0,2026-03-06T07:42:27.646000,62,,,
participant_02,1,day,Town10HD_Opt,2026-03-06 07:42:29.249967,23.805294036865234,69.9389419555664,0.0019551084842532,5.048,-0.059,0.229,0.0,0,0,1,,1.0,2026-03-06T07:42:29.249967,sad,0.566,2026-03-06T07:42:29.249967,1.0,2026-03-06T07:42:28.636000,61,,,
participant_02,1,day,Town10HD_Opt,2026-03-06 07:42:30.253674,24.673324584960938,69.93314361572266,0.0022886656224727,0.001,-0.059,0.0,0.113,0,0,1,,1.0,2026-03-06T07:42:30.253674,sad,0.566,2026-03-06T07:42:29.249967,1.0,2026-03-06T07:42:29.629000,60,,,
participant_02,1,day,Town10HD_Opt,2026-03-06 07:42:31.082168,24.677934646606445,69.93313598632812,0.0019381331512704,0.015,-0.059,0.338,0.0,0,0,1,,1.0,2026-03-06T07:42:31.082168,sad,0.566,2026-03-06T07:42:29.249967,0.981,2026-03-06T07:42:30.662000,59,,,
participant_02,2,day,Town10HD_Opt,2026-03-06 07:50:53.669516,-41.66858673095703,89.7454833984375,0.5804919600486755,18.162,2.05,0.435,0.0,0,0,1,,1.0,2026-03-06T07:50:53.669516,,,2026-03-06T07:50:53.669516,0.157,2026-03-06T07:50:52.697000,54,,,
participant_02,2,day,Town10HD_Opt,2026-03-06 07:50:58.363866,-41.75225830078125,83.04883575439453,0.0021393964998424,18.077,2.779,0.575,0.0,0,0,1,,0.896,2026-03-06T07:50:58.363866,happy,0.835,2026-03-06T07:50:58.363866,0.161,2026-03-06T07:50:57.698000,53,,,
participant_02,2,day,Town10HD_Opt,2026-03-06 07:50:58.753769,-41.73477554321289,81.98332214355469,0.0020347593817859,18.737,4.778,0.523,0.0,0,0,1,,0.896,2026-03-06T07:50:58.363866,happy,0.835,2026-03-06T07:50:58.363866,0.167,2026-03-06T07:50:58.727000,54,,,
participant_02,2,day,Town10HD_Opt,2026-03-06 07:50:59.778980,-41.29289627075195,78.39013671875,0.001916809240356,23.101,13.775,0.5,0.0,0,0,1,,0.915,2026-03-06T07:50:59.778980,happy,0.835,2026-03-06T07:50:58.363866,0.173,2026-03-06T07:50:59.673000,54,,,
participant_02,2,day,Town10HD_Opt,2026-03-06 07:51:00.837340,-39.63703918457031,74.45915222167969,0.0019769668579101,26.057,17.331,0.462,0.0,0,0,1,,0.886,2026-03-06T07:51:00.837340,happy,0.693,2026-03-06T07:51:00.837340,0.178,2026-03-06T07:51:00.752000,54,,,
participant_02,2,day,Town10HD_Opt,2026-03-06 07:51:01.841301,-36.39179611206055,71.20646667480469,0.0021082304883748,26.057,20.764,0.004,0.0,0,0,1,,0.946,2026-03-06T07:51:01.841301,happy,0.693,2026-03-06T07:51:00.837340,0.183,2026-03-06T07:51:01.742000,56,,,
participant_02,2,day,Town10HD_Opt,2026-03-06 07:51:02.907618,-32.55105209350586,69.77526092529297,0.0021990584209561,21.493,13.536,0.227,0.0,0,0,1,,1.0,2026-03-06T07:51:02.907618,neutral,0.544,2026-03-06T07:51:02.907618,0.187,2026-03-06T07:51:02.687000,57,,,
participant_02,2,day,Town10HD_Opt,2026-03-06 07:51:03.920598,-28.999305725097656,69.29517364501953,0.0021134566050022,19.452,7.977,0.267,0.0,0,0,1,,0.856,2026-03-06T07:51:03.920598,neutral,0.544,2026-03-06T07:51:02.907618,0.191,2026-03-06T07:51:03.678000,59,,,errors=Solid line crossing
participant_02,2,day,Town10HD_Opt,2026-03-06 07:51:04.932383,-25.61680603027344,69.32778930664062,0.0019813918042927,20.545,6.263,0.514,0.0,0,0,1,,0.807,2026-03-06T07:51:04.932383,neutral,0.664,2026-03-06T07:51:04.932383,0.193,2026-03-06T07:51:04.667000,60,,,
participant_02,2,day,Town10HD_Opt,2026-03-06 07:51:05.876114,-21.71104049682617,69.59760284423828,0.0019253541249781,24.395,-2.57,0.452,0.0,0,0,1,,0.89,2026-03-06T07:51:05.876114,neutral,0.664,2026-03-06T07:51:04.932383,0.195,2026-03-06T07:51:05.702000,61,,,
participant_02,2,day,Town10HD_Opt,2026-03-06 07:51:06.869354,-17.334436416625977,69.75692749023438,0.0020333097781986,25.188,0.11,0.331,0.0,0,0,1,,0.888,2026-03-06T07:51:06.869354,neutral,0.664,2026-03-06T07:51:04.932383,0.195,2026-03-06T07:51:06.692000,62,,,
participant_02,2,day,Town10HD_Opt,2026-03-06 07:51:07.784321,-13.011232376098633,69.90008544921875,0.0020888899452984,23.958,-0.66,0.268,0.0,0,0,1,,0.819,2026-03-06T07:51:07.784321,neutral,0.865,2026-03-06T07:51:07.784321,0.195,2026-03-06T07:51:07.682000,62,,,
participant_02,2,day,Town10HD_Opt,2026-03-06 07:51:08.701397,-8.947182655334473,69.97588348388672,0.0020912932232022,22.445,-0.703,0.27,0.0,0,0,1,,0.821,2026-03-06T07:51:08.701397,neutral,0.865,2026-03-06T07:51:07.784321,0.195,2026-03-06T07:51:08.673000,63,,,
participant_02,2,day,Town10HD_Opt,2026-03-06 07:51:09.916557,-3.893970489501953,69.98857116699219,0.0020663070026785,21.121,-0.197,0.35,0.0,0,0,1,,0.828,2026-03-06T07:51:09.916557,neutral,0.812,2026-03-06T07:51:09.916557,0.195,2026-03-06T07:51:09.707000,64,,,
participant_02,2,day,Town10HD_Opt,2026-03-06 07:51:10.871242,-0.1838186532258987,69.97601318359375,0.0020325088407844,21.422,-0.061,0.349,0.0,0,0,1,,1.0,2026-03-06T07:51:10.871242,neutral,0.812,2026-03-06T07:51:09.916557,0.195,2026-03-06T07:51:10.698000,66,,,
participant_02,2,day,Town10HD_Opt,2026-03-06 07:51:11.765587,3.588030815124512,69.9545669555664,0.0020316315349191,21.773,-0.2,0.348,0.0,0,0,1,,1.0,2026-03-06T07:51:11.765587,neutral,0.812,2026-03-06T07:51:09.916557,0.195,2026-03-06T07:51:11.688000,68,,,
participant_02,2,day,Town10HD_Opt,2026-03-06 07:51:12.671959,7.417163372039795,69.917236328125,0.0020333861466497,22.071,-0.2,0.347,0.0,0,0,1,,0.846,2026-03-06T07:51:12.671959,neutral,0.864,2026-03-06T07:51:12.671959,0.195,2026-03-06T07:51:11.688000,68,,,
participant_02,2,day,Town10HD_Opt,2026-03-06 07:51:13.871460,12.590970993041992,69.85438537597656,0.0020417021587491,22.236,0.078,0.262,0.0,0,0,1,,0.87,2026-03-06T07:51:13.871460,neutral,0.864,2026-03-06T07:51:12.671959,0.195,2026-03-06T07:51:13.668000,66,,,
participant_02,2,day,Town10HD_Opt,2026-03-06 07:51:14.829238,16.290067672729492,69.81543731689453,0.0021784207783639,18.876,0.094,0.0,0.0,0,0,1,,0.863,2026-03-06T07:51:14.829238,happy,0.551,2026-03-06T07:51:14.829238,0.195,2026-03-06T07:51:14.702000,64,,,
participant_02,2,day,Town10HD_Opt,2026-03-06 07:51:15.812337,19.25494384765625,69.78936767578125,0.0020360562484711,14.713,0.094,0.0,0.0,0,0,1,,0.839,2026-03-06T07:51:15.812337,happy,0.551,2026-03-06T07:51:14.829238,0.196,2026-03-06T07:51:15.692000,62,,,
participant_02,2,day,Town10HD_Opt,2026-03-06 07:51:16.722198,21.50473594665528,69.77268981933594,0.0020428083371371,10.771,0.094,0.0,0.061,0,0,1,,0.87,2026-03-06T07:51:16.722198,happy,0.551,2026-03-06T07:51:14.829238,0.198,2026-03-06T07:51:16.682000,59,,,
participant_02,2,day,Town10HD_Opt,2026-03-06 07:51:17.655938,23.132646560668945,69.7623062133789,0.00202003470622,7.608,0.094,0.0,0.061,0,0,1,,0.867,2026-03-06T07:51:17.655938,happy,0.511,2026-03-06T07:51:17.655938,0.198,2026-03-06T07:51:16.682000,59,,,
participant_02,2,day,Town10HD_Opt,2026-03-06 07:51:18.849611,24.622528076171875,69.7540512084961,0.0019686508458107,4.336,0.094,0.0,0.013,0,0,1,,1.0,2026-03-06T07:51:18.849611,happy,0.511,2026-03-06T07:51:17.655938,0.203,2026-03-06T07:51:18.707000,57,,,
participant_02,2,day,Town10HD_Opt,2026-03-06 07:51:19.798426,24.70010757446289,69.7536849975586,0.001944274874404,0.026,0.082,0.003,0.0,0,0,1,,0.932,2026-03-06T07:51:19.798426,neutral,0.814,2026-03-06T07:51:19.798426,0.206,2026-03-06T07:51:19.697000,56,,,
participant_02,2,day,Town10HD_Opt,2026-03-06 07:51:20.685820,24.828128814697266,69.7529525756836,0.0018123628105968,2.439,0.068,0.133,0.0,0,0,1,,0.852,2026-03-06T07:51:20.685820,neutral,0.814,2026-03-06T07:51:19.798426,0.206,2026-03-06T07:51:19.697000,56,,,
participant_02,2,day,Town10HD_Opt,2026-03-06 07:51:21.860856,25.420265197753903,69.74974822998047,0.0021219251211732,0.0,0.049,0.0,0.042,0,0,1,,0.932,2026-03-06T07:51:21.860856,happy,0.93,2026-03-06T07:51:21.860856,0.212,2026-03-06T07:51:21.723000,57,,,
participant_02,2,day,Town10HD_Opt,2026-03-06 07:51:22.776763,25.4307861328125,69.74971008300781,0.0018767928704619,1.205,0.031,0.605,0.0,0,0,1,,0.825,2026-03-06T07:51:22.776763,happy,0.93,2026-03-06T07:51:21.860856,0.216,2026-03-06T07:51:22.668000,58,,,
participant_02,2,day,Town10HD_Opt,2026-03-06 07:51:23.779715,25.99531364440918,69.74647521972656,0.0018973159603774,3.672,0.031,0.0,0.0,0,0,1,,0.863,2026-03-06T07:51:23.779715,happy,0.93,2026-03-06T07:51:21.860856,0.22,2026-03-06T07:51:23.703000,58,,,
participant_02,2,day,Town10HD_Opt,2026-03-06 07:51:24.711163,26.568023681640625,69.74347686767578,0.0019448088714852,2.824,0.031,0.0,0.0,0,0,1,,0.894,2026-03-06T07:51:24.711163,neutral,0.581,2026-03-06T07:51:24.711163,0.223,2026-03-06T07:51:24.693000,57,,,
participant_02,2,day,Town10HD_Opt,2026-03-06 07:51:25.915669,26.697694778442383,69.7428970336914,0.0017360306810587,3.652,-0.005,0.839,0.0,0,0,1,,0.84,2026-03-06T07:51:25.915669,neutral,0.581,2026-03-06T07:51:24.711163,0.226,2026-03-06T07:51:25.773000,56,,,
participant_02,2,day,Town10HD_Opt,2026-03-06 07:51:26.829119,28.327077865600582,69.72998809814453,0.0015553667908534,15.352,-2.522,0.617,0.0,0,0,1,,1.0,2026-03-06T07:51:26.829119,neutral,0.601,2026-03-06T07:51:26.829119,0.236,2026-03-06T07:51:26.762000,55,,,
participant_02,2,day,Town10HD_Opt,2026-03-06 07:51:27.745782,31.41632652282715,69.37422943115234,0.0020026399288326,19.422,-11.262,0.463,0.0,0,0,1,,0.806,2026-03-06T07:51:27.745782,neutral,0.601,2026-03-06T07:51:26.829119,0.241,2026-03-06T07:51:27.707000,54,,,
participant_02,2,day,Town10HD_Opt,2026-03-06 07:51:28.667191,34.86915969848633,68.3154525756836,0.0019592668395489,22.133,-10.976,0.462,0.0,0,0,1,,0.892,2026-03-06T07:51:28.667191,neutral,0.601,2026-03-06T07:51:26.829119,0.241,2026-03-06T07:51:27.707000,54,,,
participant_02,2,day,Town10HD_Opt,2026-03-06 07:51:29.893796,39.52365493774414,65.42333221435547,0.0020277786534279,24.47,-13.032,0.288,0.0,0,0,1,,1.0,2026-03-06T07:51:29.893796,neutral,0.721,2026-03-06T07:51:29.893796,0.251,2026-03-06T07:51:29.688000,53,,,
participant_02,2,day,Town10HD_Opt,2026-03-06 07:51:30.844260,42.22031021118164,62.276634216308594,0.0030759426299482,22.709,-12.964,0.237,0.0,0,0,1,,0.812,2026-03-06T07:51:30.844260,neutral,0.721,2026-03-06T07:51:29.893796,0.255,2026-03-06T07:51:30.677000,54,,,
participant_02,2,day,Town10HD_Opt,2026-03-06 07:51:31.712592,43.85805892944336,58.86908721923828,0.0021193693391978,20.556,-12.964,0.134,0.0,0,0,1,,1.0,2026-03-06T07:51:31.712592,neutral,0.721,2026-03-06T07:51:29.893796,0.26,2026-03-06T07:51:31.668000,56,,,
participant_02,2,day,Town10HD_Opt,2026-03-06 07:51:32.891660,44.59244918823242,54.7534065246582,0.0020381545182317,15.083,-12.648,0.0,0.0,0,0,1,,1.0,2026-03-06T07:51:32.891660,neutral,0.636,2026-03-06T07:51:32.891660,0.269,2026-03-06T07:51:32.702000,56,,,
participant_02,2,day,Town10HD_Opt,2026-03-06 07:51:33.814400,44.50374221801758,52.40872573852539,0.0020237348508089,11.791,-6.758,0.113,0.0,0,0,1,,0.858,2026-03-06T07:51:33.814400,neutral,0.636,2026-03-06T07:51:32.891660,0.275,2026-03-06T07:51:33.693000,57,,,
participant_02,2,day,Town10HD_Opt,2026-03-06 07:51:34.717576,44.35131072998047,50.348934173583984,0.0020712662953883,12.598,-0.867,0.298,0.0,0,0,1,,0.969,2026-03-06T07:51:34.717576,neutral,0.636,2026-03-06T07:51:32.891660,0.279,2026-03-06T07:51:34.683000,56,,,
participant_02,2,day,Town10HD_Opt,2026-03-06 07:51:35.655863,44.20341873168945,48.04168701171875,0.0018883895827457,13.577,0.402,0.22,0.0,0,0,1,,0.931,2026-03-06T07:51:35.655863,happy,0.638,2026-03-06T07:51:35.655863,0.279,2026-03-06T07:51:34.683000,56,,,
participant_02,2,day,Town10HD_Opt,2026-03-06 07:51:36.812435,44.038211822509766,45.03623962402344,0.002008018316701,11.053,0.78,0.0,0.0,0,0,1,,0.938,2026-03-06T07:51:36.812435,happy,0.638,2026-03-06T07:51:35.655863,0.279,2026-03-06T07:51:36.753000,54,,,
participant_02,2,day,Town10HD_Opt,2026-03-06 07:51:37.708656,43.9629135131836,43.35458755493164,0.002031173557043,7.855,0.717,0.242,0.0,0,0,1,,0.932,2026-03-06T07:51:37.708656,happy,0.732,2026-03-06T07:51:37.708656,0.278,2026-03-06T07:51:37.697000,54,,,
participant_02,2,day,Town10HD_Opt,2026-03-06 07:51:38.660421,43.89946365356445,41.52284622192383,0.0016884614014998,14.185,1.368,0.198,0.0,0,0,1,,0.88,2026-03-06T07:51:38.660421,happy,0.732,2026-03-06T07:51:37.708656,0.278,2026-03-06T07:51:37.697000,54,,,
participant_02,2,day,Town10HD_Opt,2026-03-06 07:51:39.677279,43.95944213867188,39.05998611450195,0.0019449233077466,13.586,8.933,0.118,0.0,0,0,1,,0.926,2026-03-06T07:51:39.677279,happy,0.732,2026-03-06T07:51:37.708656,0.287,2026-03-06T07:51:39.678000,56,,,
participant_02,2,day,Town10HD_Opt,2026-03-06 07:51:40.895206,44.5623779296875,36.06549072265625,0.001835212809965,14.863,16.525,0.487,0.0,0,0,1,,0.866,2026-03-06T07:51:40.895206,happy,0.58,2026-03-06T07:51:40.895206,0.3,2026-03-06T07:51:40.667000,57,,,
participant_02,2,day,Town10HD_Opt,2026-03-06 07:51:41.841136,45.89539337158203,33.430721282958984,0.0020357514731585,19.392,19.158,0.655,0.0,0,0,1,,0.889,2026-03-06T07:51:41.841136,happy,0.58,2026-03-06T07:51:40.895206,0.314,2026-03-06T07:51:41.703000,57,,,
participant_02,2,day,Town10HD_Opt,2026-03-06 07:51:42.773181,48.53525161743164,30.66516494750977,0.0019123459933325,24.49,17.998,0.388,0.0,0,0,1,,0.896,2026-03-06T07:51:42.773181,happy,0.58,2026-03-06T07:51:40.895206,0.323,2026-03-06T07:51:42.692000,57,,,
participant_02,2,day,Town10HD_Opt,2026-03-06 07:51:43.722229,52.44135284423828,28.764965057373047,0.0020576857496052,25.268,13.039,0.369,0.0,0,0,1,,0.899,2026-03-06T07:51:43.722229,neutral,0.602,2026-03-06T07:51:43.722229,0.335,2026-03-06T07:51:43.683000,59,,,
participant_02,2,day,Town10HD_Opt,2026-03-06 07:51:44.910091,58.29251480102539,27.894437789916992,0.0020988082978874,24.495,6.732,0.049,0.0,0,0,1,,1.0,2026-03-06T07:51:44.910091,neutral,0.602,2026-03-06T07:51:43.722229,0.349,2026-03-06T07:51:44.673000,61,,,
participant_02,2,day,Town10HD_Opt,2026-03-06 07:51:45.852405,62.17520904541016,27.96953582763672,0.0022004698403179,19.689,4.995,0.587,0.0,0,0,1,,0.897,2026-03-06T07:51:45.852405,neutral,0.645,2026-03-06T07:51:45.852405,0.363,2026-03-06T07:51:45.708000,61,,,
participant_02,2,day,Town10HD_Opt,2026-03-06 07:51:46.809325,65.90483856201172,28.300546646118164,0.0019167328719049,23.472,-2.264,0.218,0.0,0,0,1,,0.924,2026-03-06T07:51:46.809325,neutral,0.645,2026-03-06T07:51:45.852405,0.377,2026-03-06T07:51:46.698000,60,,,
participant_02,2,day,Town10HD_Opt,2026-03-06 07:51:47.713039,69.90656280517578,28.50292205810547,0.0020907211583107,21.888,3.905,0.112,0.0,0,0,1,,0.893,2026-03-06T07:51:47.713039,neutral,0.645,2026-03-06T07:51:45.852405,0.391,2026-03-06T07:51:47.688000,59,,,errors=Solid line crossing
participant_02,2,day,Town10HD_Opt,2026-03-06 07:51:48.920307,72.98590087890625,28.83055305480957,0.0025215141940861,0.002,0.59,0.0,0.691,0,0,1,,0.867,2026-03-06T07:51:48.920307,sad,0.373,2026-03-06T07:51:48.920307,0.405,2026-03-06T07:51:48.723000,58,,,
participant_02,2,day,Town10HD_Opt,2026-03-06 07:51:49.911659,72.99345397949219,28.8312931060791,0.0019064330263063,0.978,-6.227,0.574,0.0,0,0,1,,0.908,2026-03-06T07:51:49.911659,sad,0.373,2026-03-06T07:51:48.920307,0.411,2026-03-06T07:51:49.712000,56,,,
participant_02,2,day,Town10HD_Opt,2026-03-06 07:51:50.796315,73.44227600097656,28.880083084106445,0.0019052124116569,2.885,-1.831,0.0,0.0,0,0,1,,0.856,2026-03-06T07:51:50.796315,sad,0.373,2026-03-06T07:51:48.920307,0.411,2026-03-06T07:51:50.703000,55,,,
participant_02,2,day,Town10HD_Opt,2026-03-06 07:51:51.693436,73.88896942138672,28.93212509155273,0.0019392776302993,2.217,-1.403,0.0,0.0,0,0,1,,1.0,2026-03-06T07:51:51.693436,happy,0.462,2026-03-06T07:51:51.693436,0.411,2026-03-06T07:51:51.692000,54,,,
participant_02,2,day,Town10HD_Opt,2026-03-06 07:51:52.897646,74.11637878417969,28.95994758605957,0.0019469450926408,0.0,-0.329,0.0,0.267,0,0,1,,0.824,2026-03-06T07:51:52.897646,happy,0.462,2026-03-06T07:51:51.693436,0.411,2026-03-06T07:51:52.683000,53,,,
participant_02,2,day,Town10HD_Opt,2026-03-06 07:51:53.821531,74.09856414794922,28.957799911499023,0.0019918440375477,2.224,-0.327,0.704,0.0,0,1,-1,,0.822,2026-03-06T07:51:53.821531,neutral,0.369,2026-03-06T07:51:53.821531,0.411,2026-03-06T07:51:53.673000,53,,,
participant_02,2,day,Town10HD_Opt,2026-03-06 07:51:54.754662,73.00706481933594,28.819713592529297,0.0022603222168982,11.386,-0.085,0.669,0.0,0,1,-1,,0.92,2026-03-06T07:51:54.754662,neutral,0.369,2026-03-06T07:51:53.821531,0.411,2026-03-06T07:51:54.707000,53,,,errors=Solid line crossing
participant_02,2,day,Town10HD_Opt,2026-03-06 07:51:55.900790,70.9063949584961,28.550987243652344,0.0016910935519263,4.071,-0.085,0.014,0.0,0,1,-1,,0.829,2026-03-06T07:51:55.900790,neutral,0.572,2026-03-06T07:51:55.900790,0.411,2026-03-06T07:51:55.698000,54,,,
participant_02,2,day,Town10HD_Opt,2026-03-06 07:51:56.798790,70.48062133789062,28.49605178833008,0.0018425368471071,1.24,-0.085,0.244,0.0,0,1,-1,,1.0,2026-03-06T07:51:56.798790,neutral,0.572,2026-03-06T07:51:55.900790,0.411,2026-03-06T07:51:56.777000,54,,,
participant_02,2,day,Town10HD_Opt,2026-03-06 07:51:57.719881,70.23993682861328,28.46382713317871,0.0019440078176558,1.875,-0.085,0.339,0.0,0,1,-1,,1.0,2026-03-06T07:51:57.719881,neutral,0.572,2026-03-06T07:51:55.900790,0.411,2026-03-06T07:51:57.678000,55,,,
participant_02,2,day,Town10HD_Opt,2026-03-06 07:51:58.859387,69.67131805419922,28.389902114868164,0.0019202422117814,2.614,-0.085,0.305,0.0,0,1,-1,,0.846,2026-03-06T07:51:58.859387,fear,0.303,2026-03-06T07:51:58.859387,0.415,2026-03-06T07:51:58.713000,54,,,
participant_02,2,day,Town10HD_Opt,2026-03-06 07:51:59.742740,69.22164916992188,28.331254959106445,0.0019190596649423,2.591,-0.085,0.296,0.0,0,1,-1,,1.0,2026-03-06T07:51:59.742740,fear,0.303,2026-03-06T07:51:58.859387,0.421,2026-03-06T07:51:59.702000,54,,,
participant_02,2,day,Town10HD_Opt,2026-03-06 07:52:00.848408,68.62568664550781,28.25347137451172,0.0019185638520866,2.562,-0.085,0.294,0.0,0,1,-1,,0.804,2026-03-06T07:52:00.848408,fear,0.303,2026-03-06T07:51:58.859387,0.428,2026-03-06T07:52:00.693000,54,,,
participant_02,2,day,Town10HD_Opt,2026-03-06 07:52:01.738510,68.1839370727539,28.195751190185547,0.0019174193730577,2.519,-0.085,0.285,0.0,0,1,-1,,0.829,2026-03-06T07:52:01.738510,neutral,0.437,2026-03-06T07:52:01.738510,0.437,2026-03-06T07:52:01.683000,56,,,
participant_02,2,day,Town10HD_Opt,2026-03-06 07:52:02.856664,67.56058502197266,28.11434555053711,0.0019029998220503,2.364,-0.085,0.051,0.0,0,1,-1,,0.856,2026-03-06T07:52:02.856664,neutral,0.437,2026-03-06T07:52:01.738510,0.445,2026-03-06T07:52:02.673000,58,,,
participant_02,2,day,Town10HD_Opt,2026-03-06 07:52:03.724837,67.13005828857422,28.05792236328125,0.0018627548124641,1.599,-0.082,0.0,0.0,0,1,-1,,0.846,2026-03-06T07:52:03.724837,neutral,0.437,2026-03-06T07:52:01.738510,0.455,2026-03-06T07:52:03.707000,59,,,
participant_02,2,day,Town10HD_Opt,2026-03-06 07:52:04.894782,67.0128173828125,28.042579650878903,0.0019052504794672,0.0,-0.045,0.0,0.09,0,0,1,,1.0,2026-03-06T07:52:04.894782,sad,0.428,2026-03-06T07:52:04.894782,0.461,2026-03-06T07:52:04.698000,58,,,
participant_02,2,day,Town10HD_Opt,2026-03-06 07:52:05.755388,67.01891326904297,28.04339599609375,0.0019181059906259,0.049,-0.153,0.0,0.0,0,0,1,,0.879,2026-03-06T07:52:05.755388,sad,0.428,2026-03-06T07:52:04.894782,0.467,2026-03-06T07:52:05.688000,58,,,
participant_02,2,day,Town10HD_Opt,2026-03-06 07:52:06.681675,67.02593231201172,28.044294357299805,0.0019192504696547,0.038,-0.439,0.0,0.0,0,0,1,,0.853,2026-03-06T07:52:06.681675,sad,0.428,2026-03-06T07:52:04.894782,0.475,2026-03-06T07:52:06.677000,58,,,
participant_02,2,day,Town10HD_Opt,2026-03-06 07:52:07.823932,67.03282165527344,28.0451774597168,0.0019191360333934,0.028,-0.543,0.0,0.0,0,0,1,,0.953,2026-03-06T07:52:07.823932,happy,0.813,2026-03-06T07:52:07.823932,0.482,2026-03-06T07:52:07.712000,58,,,
participant_02,2,day,Town10HD_Opt,2026-03-06 07:52:08.706220,67.03595733642578,28.04557609558105,0.0019192504696547,0.004,-0.543,0.0,0.0,0,0,1,,0.886,2026-03-06T07:52:08.706220,happy,0.813,2026-03-06T07:52:07.823932,0.486,2026-03-06T07:52:08.703000,58,,,
participant_02,2,day,Town10HD_Opt,2026-03-06 07:52:09.906229,67.0362777709961,28.04561424255371,0.0019189452286809,0.001,-0.529,0.0,0.0,0,0,1,,0.843,2026-03-06T07:52:09.906229,neutral,0.698,2026-03-06T07:52:09.906229,0.487,2026-03-06T07:52:09.693000,57,,,
participant_02,2,day,Town10HD_Opt,2026-03-06 07:52:10.805022,67.03646087646484,28.045654296875,0.0019188689766451,0.006,-0.416,0.0,0.0,0,0,1,,0.892,2026-03-06T07:52:10.805022,neutral,0.698,2026-03-06T07:52:09.906229,0.486,2026-03-06T07:52:10.772000,57,,,
participant_02,2,day,Town10HD_Opt,2026-03-06 07:52:11.656727,67.03641510009766,28.04564666748047,0.0019185638520866,0.006,-0.428,0.0,0.0,0,0,1,,1.0,2026-03-06T07:52:11.656727,neutral,0.698,2026-03-06T07:52:09.906229,0.486,2026-03-06T07:52:10.772000,57,,,
participant_02,2,day,Town10HD_Opt,2026-03-06 07:52:12.797973,67.03654479980469,28.04566764831543,0.0019187163561582,0.006,-0.428,0.0,0.0,0,0,1,,0.862,2026-03-06T07:52:12.797973,neutral,0.638,2026-03-06T07:52:12.797973,0.482,2026-03-06T07:52:12.707000,55,,,
participant_02,2,day,Town10HD_Opt,2026-03-06 07:52:13.661837,67.04511260986328,28.046817779541016,0.0018761825049296,1.077,-0.642,0.665,0.0,0,0,1,,0.93,2026-03-06T07:52:13.661837,neutral,0.638,2026-03-06T07:52:12.797973,0.482,2026-03-06T07:52:12.707000,55,,,
participant_02,2,day,Town10HD_Opt,2026-03-06 07:52:14.851327,68.95450592041016,28.24472427368164,0.0016911698039621,13.873,-3.073,0.063,0.0,0,0,1,,0.872,2026-03-06T07:52:14.851327,disgust,0.358,2026-03-06T07:52:14.851327,0.477,2026-03-06T07:52:14.688000,53,,,
participant_02,2,day,Town10HD_Opt,2026-03-06 07:52:15.834832,71.20230865478516,28.398595809936523,0.0020067975856363,11.28,-2.755,0.0,0.0,0,0,1,,0.811,2026-03-06T07:52:15.834832,disgust,0.358,2026-03-06T07:52:14.851327,0.488,2026-03-06T07:52:15.680000,53,,,
participant_02,2,day,Town10HD_Opt,2026-03-06 07:52:16.726464,72.95726776123047,28.465744018554688,0.0020059964153915,8.716,-2.631,0.013,0.0,0,0,1,,0.834,2026-03-06T07:52:16.726464,disgust,0.358,2026-03-06T07:52:14.851327,0.498,2026-03-06T07:52:16.713000,54,,,
participant_02,2,day,Town10HD_Opt,2026-03-06 07:52:17.881410,74.79563903808594,28.504196166992188,0.0017970276530832,9.818,-1.173,0.0,0.0,0,0,1,,0.931,2026-03-06T07:52:17.881410,neutral,0.63,2026-03-06T07:52:17.881410,0.504,2026-03-06T07:52:17.702000,56,,,
participant_02,2,day,Town10HD_Opt,2026-03-06 07:52:18.808941,76.40225219726562,28.524232864379883,0.0019794083200395,8.066,-1.224,0.0,0.0,0,0,1,,0.859,2026-03-06T07:52:18.808941,neutral,0.63,2026-03-06T07:52:17.881410,0.512,2026-03-06T07:52:18.693000,56,,,
participant_02,2,day,Town10HD_Opt,2026-03-06 07:52:19.708811,77.6586685180664,28.52722549438477,0.001977882348001,6.284,-1.224,0.0,0.0,0,0,1,,0.903,2026-03-06T07:52:19.708811,neutral,0.63,2026-03-06T07:52:17.881410,0.517,2026-03-06T07:52:19.683000,56,,,
participant_02,2,day,Town10HD_Opt,2026-03-06 07:52:20.812614,78.62329864501953,28.521991729736328,0.0019646452274173,4.754,-1.224,0.0,0.0,0,0,1,,0.928,2026-03-06T07:52:20.812614,neutral,0.655,2026-03-06T07:52:20.812614,0.521,2026-03-06T07:52:20.718000,54,,,
participant_02,2,day,Town10HD_Opt,2026-03-06 07:52:21.785103,79.36385345458984,28.51370048522949,0.0019540023058652,3.65,-1.187,0.0,0.0,0,0,1,,0.911,2026-03-06T07:52:21.785103,neutral,0.655,2026-03-06T07:52:20.812614,0.524,2026-03-06T07:52:21.708000,53,,,
participant_02,2,day,Town10HD_Opt,2026-03-06 07:52:22.787697,79.86250305175781,28.50613784790039,0.0021583936177194,0.0,-1.182,0.0,0.028,0,0,1,,0.947,2026-03-06T07:52:22.787697,neutral,0.655,2026-03-06T07:52:20.812614,0.522,2026-03-06T07:52:22.697000,52,,,
participant_02,2,day,Town10HD_Opt,2026-03-06 07:52:23.769783,79.86408233642578,28.50609588623047,0.0019281005952507,0.022,-1.144,0.0,0.0,0,0,1,,0.898,2026-03-06T07:52:23.769783,neutral,0.587,2026-03-06T07:52:23.769783,0.522,2026-03-06T07:52:23.689000,52,,,
participant_02,2,day,Town10HD_Opt,2026-03-06 07:52:24.908840,79.86494445800781,28.506080627441406,0.0019189452286809,0.006,-0.606,0.0,0.0,0,0,1,,0.897,2026-03-06T07:52:24.908840,neutral,0.587,2026-03-06T07:52:23.769783,0.523,2026-03-06T07:52:24.678000,53,,,
participant_02,2,day,Town10HD_Opt,2026-03-06 07:52:25.808512,79.86491394042969,28.506080627441406,0.001918678288348,0.006,-0.613,0.0,0.0,0,0,1,,0.914,2026-03-06T07:52:25.808512,happy,0.597,2026-03-06T07:52:25.808512,0.513,2026-03-06T07:52:25.713000,53,,,
participant_02,2,day,Town10HD_Opt,2026-03-06 07:52:26.678983,79.86495208740234,28.506080627441406,0.0019189071608707,0.002,-0.613,0.0,0.0,0,0,1,,0.903,2026-03-06T07:52:26.678983,happy,0.597,2026-03-06T07:52:25.808512,0.513,2026-03-06T07:52:25.713000,53,,,
participant_02,2,day,Town10HD_Opt,2026-03-06 07:52:27.766616,79.86505889892578,28.506080627441406,0.0019189071608707,0.002,-0.613,0.0,0.0,0,0,1,,0.899,2026-03-06T07:52:27.766616,happy,0.597,2026-03-06T07:52:25.808512,0.493,2026-03-06T07:52:27.692000,53,,,
participant_02,2,day,Town10HD_Opt,2026-03-06 07:52:28.880852,79.86517333984375,28.506080627441406,0.0019188689766451,0.002,-0.613,0.0,0.0,0,0,1,,0.824,2026-03-06T07:52:28.880852,neutral,0.563,2026-03-06T07:52:28.880852,0.481,2026-03-06T07:52:28.683000,53,,,
participant_02,2,day,Town10HD_Opt,2026-03-06 07:52:29.767873,79.86536407470703,28.506080627441406,0.001919021597132,0.002,-0.613,0.0,0.0,0,0,1,,0.949,2026-03-06T07:52:29.767873,neutral,0.563,2026-03-06T07:52:28.880852,0.464,2026-03-06T07:52:29.718000,54,,,
participant_02,2,day,Town10HD_Opt,2026-03-06 07:52:30.913821,79.86547088623047,28.506080627441406,0.0019189834129065,0.002,-0.613,0.0,0.0,0,0,1,,0.912,2026-03-06T07:52:30.913821,happy,0.821,2026-03-06T07:52:30.913821,0.451,2026-03-06T07:52:30.708000,54,Solid line crossing,Solid line crossing,
participant_02,2,day,Town10HD_Opt,2026-03-06 07:52:31.798982,79.86571502685547,28.506080627441406,0.0019188689766451,0.001,-0.613,0.0,0.0,0,0,1,,0.922,2026-03-06T07:52:31.798982,happy,0.821,2026-03-06T07:52:30.913821,0.436,2026-03-06T07:52:31.698000,54,,,
participant_02,2,day,Town10HD_Opt,2026-03-06 07:52:32.900878,79.8658218383789,28.506080627441406,0.0019190596649423,0.001,-0.613,0.0,0.0,0,0,1,,0.856,2026-03-06T07:52:32.900878,happy,0.821,2026-03-06T07:52:30.913821,0.431,2026-03-06T07:52:32.688000,54,,,
participant_02,2,day,Town10HD_Opt,2026-03-06 07:52:33.771262,79.86583709716797,28.50608253479004,0.0019187927246093,0.006,-0.613,0.0,0.0,0,0,1,,0.884,2026-03-06T07:52:33.771262,happy,0.834,2026-03-06T07:52:33.771262,0.425,2026-03-06T07:52:33.678000,54,,,
participant_02,2,day,Town10HD_Opt,2026-03-06 07:52:34.918529,79.865966796875,28.50608253479004,0.0019188307924196,0.006,-0.604,0.0,0.0,0,0,1,,0.922,2026-03-06T07:52:34.918529,happy,0.834,2026-03-06T07:52:33.771262,0.419,2026-03-06T07:52:34.714000,54,,,
participant_02,2,day,Town10HD_Opt,2026-03-06 07:52:35.786703,79.86592864990234,28.50608253479004,0.0019186401041224,0.006,-0.595,0.0,0.0,0,0,1,,0.855,2026-03-06T07:52:35.786703,neutral,0.697,2026-03-06T07:52:35.786703,0.411,2026-03-06T07:52:35.703000,54,,,
participant_02,2,day,Town10HD_Opt,2026-03-06 07:52:36.687787,79.86602020263672,28.50608253479004,0.0019189071608707,0.002,-0.59,0.0,0.0,0,0,1,,0.829,2026-03-06T07:52:36.687787,neutral,0.697,2026-03-06T07:52:35.786703,0.411,2026-03-06T07:52:35.703000,54,,,
participant_02,2,day,Town10HD_Opt,2026-03-06 07:52:37.805694,79.86613464355469,28.50608253479004,0.0019189071608707,0.002,-0.59,0.0,0.0,0,0,1,,0.874,2026-03-06T07:52:37.805694,neutral,0.789,2026-03-06T07:52:37.805694,0.4,2026-03-06T07:52:37.683000,53,,,
participant_02,2,day,Town10HD_Opt,2026-03-06 07:52:38.733445,79.86634063720703,28.50608253479004,0.0019190978491678,0.001,-0.59,0.0,0.0,0,0,1,,0.932,2026-03-06T07:52:38.733445,neutral,0.789,2026-03-06T07:52:37.805694,0.4,2026-03-06T07:52:37.683000,53,,,
participant_02,2,day,Town10HD_Opt,2026-03-06 07:52:39.852694,79.86644744873047,28.50608253479004,0.0019191360333934,0.001,-0.585,0.0,0.0,0,0,1,,0.935,2026-03-06T07:52:39.852694,happy,0.784,2026-03-06T07:52:39.852694,0.403,2026-03-06T07:52:39.708000,52,,,
participant_02,2,day,Town10HD_Opt,2026-03-06 07:52:40.720083,79.86663055419922,28.50608253479004,0.0019189071608707,0.006,-0.548,0.0,0.0,0,0,1,,0.896,2026-03-06T07:52:40.720083,happy,0.784,2026-03-06T07:52:39.852694,0.41,2026-03-06T07:52:40.698000,51,,,
participant_02,2,day,Town10HD_Opt,2026-03-06 07:52:41.845874,79.86676025390625,28.50608253479004,0.0019189071608707,0.006,-0.519,0.0,0.0,0,0,1,,0.893,2026-03-06T07:52:41.845874,happy,0.784,2026-03-06T07:52:39.852694,0.42,2026-03-06T07:52:41.688000,51,,,
participant_02,2,day,Town10HD_Opt,2026-03-06 07:52:42.660969,79.86622619628906,28.506080627441406,0.0019179153023287,0.146,-0.517,0.218,0.0,0,0,1,,0.845,2026-03-06T07:52:42.660969,neutral,0.651,2026-03-06T07:52:42.660969,0.42,2026-03-06T07:52:41.688000,51,,,
participant_02,2,day,Town10HD_Opt,2026-03-06 07:52:43.805234,80.24486541748047,28.50114250183105,0.0018986511277034,2.55,-0.505,0.133,0.0,0,0,1,,0.89,2026-03-06T07:52:43.805234,neutral,0.651,2026-03-06T07:52:42.660969,0.437,2026-03-06T07:52:43.713000,51,,,
participant_02,2,day,Town10HD_Opt,2026-03-06 07:52:44.656808,80.85609436035156,28.49252891540528,0.0018298340728506,5.012,-0.505,0.296,0.0,0,0,1,,1.0,2026-03-06T07:52:44.656808,neutral,0.651,2026-03-06T07:52:42.660969,0.437,2026-03-06T07:52:43.713000,51,,,
participant_02,2,day,Town10HD_Opt,2026-03-06 07:52:45.782770,82.43256378173828,28.46556854248047,0.0018198777688667,9.159,-0.505,0.842,0.0,0,0,1,,0.899,2026-03-06T07:52:45.782770,neutral,0.421,2026-03-06T07:52:45.782770,0.454,2026-03-06T07:52:45.693000,50,,,
participant_02,2,day,Town10HD_Opt,2026-03-06 07:52:46.699377,85.11717224121094,28.40192604064941,0.00174488092307,22.389,-0.928,1.0,0.0,0,0,1,,0.899,2026-03-06T07:52:46.699377,neutral,0.421,2026-03-06T07:52:45.782770,0.466,2026-03-06T07:52:46.683000,50,,,
participant_02,2,day,Town10HD_Opt,2026-03-06 07:52:47.823954,92.541259765625,27.24119758605957,0.0015681079821661,43.146,-12.541,1.0,0.0,0,0,1,,0.916,2026-03-06T07:52:47.823954,neutral,0.822,2026-03-06T07:52:47.823954,0.47,2026-03-06T07:52:47.718000,50,,,
participant_02,2,day,Town10HD_Opt,2026-03-06 07:52:48.702108,99.69712829589844,22.77187156677246,0.0019056702731177,50.44,-10.178,0.19,0.0,0,0,1,,0.897,2026-03-06T07:52:48.702108,neutral,0.822,2026-03-06T07:52:47.823954,0.47,2026-03-06T07:52:47.718000,50,,,
participant_02,2,day,Town10HD_Opt,2026-03-06 07:52:49.902177,105.0582275390625,14.240181922912598,0.0023505017161369,36.847,-5.64,0.566,0.0,0,0,1,,1.0,2026-03-06T07:52:49.902177,happy,0.523,2026-03-06T07:52:49.902177,0.478,2026-03-06T07:52:49.699000,51,,,
participant_02,2,day,Town10HD_Opt,2026-03-06 07:52:50.787388,106.99856567382812,7.412896156311035,0.0016349795041605,47.656,-5.262,0.97,0.0,0,0,1,,1.0,2026-03-06T07:52:50.787388,happy,0.523,2026-03-06T07:52:49.902177,0.478,2026-03-06T07:52:50.688000,52,,,
participant_02,2,day,Town10HD_Opt,2026-03-06 07:52:51.684777,107.85201263427734,-1.308949589729309,0.0022032163105905,48.076,-2.48,0.721,0.0,0,0,1,,1.0,2026-03-06T07:52:51.684777,happy,0.523,2026-03-06T07:52:49.902177,0.477,2026-03-06T07:52:51.678000,54,,,
participant_02,2,day,Town10HD_Opt,2026-03-06 07:52:52.803210,107.46031951904295,-12.872745513916016,0.0020348739344626,50.224,0.757,0.468,0.0,0,0,1,,0.927,2026-03-06T07:52:52.803210,neutral,0.747,2026-03-06T07:52:52.803210,0.476,2026-03-06T07:52:52.713000,56,,,
participant_02,2,day,Town10HD_Opt,2026-03-06 07:52:53.900104,107.067138671875,-24.46717071533203,0.0020680236630141,49.144,-3.111,0.467,0.0,0,0,1,,0.894,2026-03-06T07:52:53.900104,neutral,0.747,2026-03-06T07:52:52.803210,0.474,2026-03-06T07:52:53.703000,56,,,
participant_02,2,day,Town10HD_Opt,2026-03-06 07:52:54.707475,105.84849548339844,-32.90290832519531,0.002072715666145,48.262,-6.035,0.466,0.0,0,0,1,,0.914,2026-03-06T07:52:54.707475,neutral,0.747,2026-03-06T07:52:52.803210,0.471,2026-03-06T07:52:54.693000,56,,,
participant_02,2,day,Town10HD_Opt,2026-03-06 07:52:55.790928,101.77800750732422,-43.22898483276367,0.0020702742040157,47.194,-4.728,0.466,0.0,0,0,1,,0.957,2026-03-06T07:52:55.790928,sad,0.392,2026-03-06T07:52:55.790928,0.467,2026-03-06T07:52:55.683000,56,,,
participant_02,2,day,Town10HD_Opt,2026-03-06 07:52:56.881334,95.29496002197266,-51.99261474609375,0.0020623779855668,46.44,-4.27,0.466,0.0,0,0,1,,0.964,2026-03-06T07:52:56.881334,sad,0.392,2026-03-06T07:52:55.790928,0.461,2026-03-06T07:52:56.763000,57,,,
participant_02,2,day,Town10HD_Opt,2026-03-06 07:52:57.724662,89.30179595947266,-57.407752990722656,0.0020612333901226,45.953,-5.052,0.466,0.0,0,0,1,,0.931,2026-03-06T07:52:57.724662,sad,0.392,2026-03-06T07:52:55.790928,0.463,2026-03-06T07:52:57.708000,57,,,
participant_02,2,day,Town10HD_Opt,2026-03-06 07:52:58.883336,80.0608139038086,-62.66010284423828,0.0020590971689671,45.396,-5.018,0.466,0.0,0,0,1,,0.943,2026-03-06T07:52:58.883336,neutral,0.72,2026-03-06T07:52:58.883336,0.463,2026-03-06T07:52:58.743000,57,,,
participant_02,2,day,Town10HD_Opt,2026-03-06 07:52:59.716643,72.49696350097656,-64.95601654052734,0.002056312514469,45.071,-4.886,0.467,0.0,0,0,1,,0.926,2026-03-06T07:52:59.716643,neutral,0.72,2026-03-06T07:52:58.883336,0.463,2026-03-06T07:52:59.688000,56,,,
participant_02,2,day,Town10HD_Opt,2026-03-06 07:53:00.870482,62.07438659667969,-65.96039581298828,0.0020497892983257,44.819,-1.638,0.457,0.0,0,0,1,,0.968,2026-03-06T07:53:00.870482,neutral,0.72,2026-03-06T07:52:58.883336,0.452,2026-03-06T07:53:00.725000,56,,,
participant_02,2,day,Town10HD_Opt,2026-03-06 07:53:01.796231,54.310882568359375,-66.00556182861328,0.002103118924424,43.345,0.886,0.371,0.0,0,0,1,,0.936,2026-03-06T07:53:01.796231,neutral,0.742,2026-03-06T07:53:01.796231,0.441,2026-03-06T07:53:01.713000,54,,,
participant_02,2,day,Town10HD_Opt,2026-03-06 07:53:02.769821,46.89750289916992,-66.15938568115234,0.002109489403665,41.244,0.338,0.371,0.0,0,0,1,,0.898,2026-03-06T07:53:02.769821,neutral,0.742,2026-03-06T07:53:01.796231,0.43,2026-03-06T07:53:02.703000,54,,,
participant_02,2,day,Town10HD_Opt,2026-03-06 07:53:03.661740,39.83031463623047,-66.40580749511719,0.0021002960857003,39.445,0.317,0.37,0.0,0,0,1,,0.936,2026-03-06T07:53:03.661740,neutral,0.742,2026-03-06T07:53:01.796231,0.43,2026-03-06T07:53:02.703000,54,,,
participant_02,2,day,Town10HD_Opt,2026-03-06 07:53:04.832154,30.859420776367188,-66.78948211669922,0.0020896147470921,37.44,-0.087,0.37,0.0,0,0,1,,0.914,2026-03-06T07:53:04.832154,neutral,0.669,2026-03-06T07:53:04.832154,0.411,2026-03-06T07:53:04.684000,54,,,
participant_02,2,day,Town10HD_Opt,2026-03-06 07:53:05.719491,24.414979934692383,-67.05513763427734,0.0020829390268772,36.183,-0.052,0.37,0.0,0,0,1,,0.863,2026-03-06T07:53:05.719491,neutral,0.669,2026-03-06T07:53:04.832154,0.402,2026-03-06T07:53:05.719000,55,,,
participant_02,2,day,Town10HD_Opt,2026-03-06 07:53:06.884640,16.136032104492188,-67.36903381347656,0.0020760726183652,34.769,-0.242,0.369,0.0,0,0,1,,0.958,2026-03-06T07:53:06.884640,neutral,0.503,2026-03-06T07:53:06.884640,0.393,2026-03-06T07:53:06.708000,56,,,
participant_02,2,day,Town10HD_Opt,2026-03-06 07:53:07.796600,10.148371696472168,-67.54430389404297,0.002100066980347,33.275,-0.2,0.3,0.0,0,0,1,,0.906,2026-03-06T07:53:07.796600,neutral,0.503,2026-03-06T07:53:06.884640,0.385,2026-03-06T07:53:07.698000,56,,,
participant_02,2,day,Town10HD_Opt,2026-03-06 07:53:08.677793,4.497073173522949,-67.67755126953125,0.0021107483189553,31.158,-0.054,0.3,0.0,0,0,1,,0.936,2026-03-06T07:53:08.677793,neutral,0.503,2026-03-06T07:53:06.884640,0.385,2026-03-06T07:53:07.698000,56,,,
participant_02,2,day,Town10HD_Opt,2026-03-06 07:53:09.797188,-2.5015618801116943,-67.82503509521484,0.0020997619722038,28.744,-0.073,0.3,0.0,0,0,1,,0.95,2026-03-06T07:53:09.797188,neutral,0.739,2026-03-06T07:53:09.797188,0.37,2026-03-06T07:53:09.723000,56,,,
participant_02,2,day,Town10HD_Opt,2026-03-06 07:53:10.708439,-7.407044887542725,-67.91699981689453,0.0020922850817441,27.215,-0.101,0.3,0.0,0,0,1,,0.851,2026-03-06T07:53:10.708439,neutral,0.739,2026-03-06T07:53:09.797188,0.37,2026-03-06T07:53:09.723000,56,,,
participant_02,2,day,Town10HD_Opt,2026-03-06 07:53:11.895630,-13.510931968688965,-68.01026153564453,0.0021746060810983,23.669,-0.146,0.0,0.0,0,0,1,,0.89,2026-03-06T07:53:11.895630,neutral,0.698,2026-03-06T07:53:11.895630,0.382,2026-03-06T07:53:11.703000,57,,,
participant_02,2,day,Town10HD_Opt,2026-03-06 07:53:12.757626,-17.157678604125977,-68.05178833007812,0.0021420668344944,17.455,-0.146,0.0,0.167,0,0,1,,0.834,2026-03-06T07:53:12.757626,neutral,0.698,2026-03-06T07:53:11.895630,0.392,2026-03-06T07:53:12.693000,57,,,
participant_02,2,day,Town10HD_Opt,2026-03-06 07:53:13.884611,-20.493310928344727,-68.08075714111328,0.0020634457468986,11.034,-0.146,0.0,0.122,0,0,1,,0.832,2026-03-06T07:53:13.884611,neutral,0.698,2026-03-06T07:53:11.895630,0.402,2026-03-06T07:53:13.684000,56,,,
participant_02,2,day,Town10HD_Opt,2026-03-06 07:53:14.744910,-22.164220809936523,-68.0918197631836,0.002000541659072,8.181,-0.146,0.0,0.0,0,0,1,,0.895,2026-03-06T07:53:14.744910,sad,0.376,2026-03-06T07:53:14.744910,0.402,2026-03-06T07:53:13.684000,56,,,
participant_02,2,day,Town10HD_Opt,2026-03-06 07:53:15.901054,-23.41279983520508,-68.09927368164062,0.0022475810255855,0.001,-0.146,0.0,0.176,0,0,1,,0.906,2026-03-06T07:53:15.901054,sad,0.376,2026-03-06T07:53:14.744910,0.42,2026-03-06T07:53:15.709000,55,,,
participant_02,2,day,Town10HD_Opt,2026-03-06 07:53:16.739351,-23.41325187683105,-68.09927368164062,0.0019294738303869,0.004,-0.146,0.0,0.0,0,0,1,,0.937,2026-03-06T07:53:16.739351,sad,0.376,2026-03-06T07:53:14.744910,0.429,2026-03-06T07:53:16.699000,54,,,
participant_02,2,day,Town10HD_Opt,2026-03-06 07:53:17.857582,-23.41324615478516,-68.09927368164062,0.0019189452286809,0.007,-0.146,0.0,0.0,0,0,1,,0.841,2026-03-06T07:53:17.857582,sad,0.451,2026-03-06T07:53:17.857582,0.438,2026-03-06T07:53:17.688000,53,,,
participant_02,2,day,Town10HD_Opt,2026-03-06 07:53:18.712215,-23.41340446472168,-68.09927368164062,0.0019189452286809,0.002,-0.146,0.0,0.0,0,0,1,,0.837,2026-03-06T07:53:18.712215,sad,0.451,2026-03-06T07:53:17.857582,0.438,2026-03-06T07:53:17.688000,53,,,
participant_02,2,day,Town10HD_Opt,2026-03-06 07:53:19.897084,-23.41347885131836,-68.09927368164062,0.0019189452286809,0.002,-0.146,0.0,0.0,0,0,1,,0.915,2026-03-06T07:53:19.897084,neutral,0.502,2026-03-06T07:53:19.897084,0.45,2026-03-06T07:53:19.714000,52,,,
participant_02,2,day,Town10HD_Opt,2026-03-06 07:53:20.744570,-23.41368103027344,-68.09927368164062,0.001919021597132,0.001,-0.143,0.0,0.0,0,0,1,,0.916,2026-03-06T07:53:20.744570,neutral,0.502,2026-03-06T07:53:19.897084,0.452,2026-03-06T07:53:20.703000,52,,,
participant_02,2,day,Town10HD_Opt,2026-03-06 07:53:21.896486,-23.85100746154785,-68.10077667236328,0.001491165603511,9.667,-0.134,1.0,0.0,0,0,1,,0.86,2026-03-06T07:53:21.896486,neutral,0.502,2026-03-06T07:53:19.897084,0.455,2026-03-06T07:53:21.693000,51,,,
participant_02,2,day,Town10HD_Opt,2026-03-06 07:53:22.774065,-26.759429931640625,-68.1106185913086,0.0016984180547297,24.003,-0.12,1.0,0.0,0,0,1,,0.859,2026-03-06T07:53:22.774065,neutral,0.864,2026-03-06T07:53:22.774065,0.456,2026-03-06T07:53:22.684000,52,,,
participant_02,2,day,Town10HD_Opt,2026-03-06 07:53:23.692771,-32.27983474731445,-68.1163330078125,0.0015259174397215,40.195,-0.12,0.963,0.0,0,0,1,,0.893,2026-03-06T07:53:23.692771,neutral,0.864,2026-03-06T07:53:22.774065,0.456,2026-03-06T07:53:22.684000,52,,,
participant_02,2,day,Town10HD_Opt,2026-03-06 07:53:24.876699,-43.34809112548828,-68.0975112915039,0.0020561979617923,49.172,0.016,0.889,0.0,0,0,1,,0.849,2026-03-06T07:53:24.876699,sad,0.377,2026-03-06T07:53:24.876699,0.446,2026-03-06T07:53:24.708000,52,,,
participant_02,2,day,Town10HD_Opt,2026-03-06 07:53:25.807726,-52.08827590942383,-68.08419036865234,0.0019925308879464,49.529,0.002,0.673,0.0,0,0,1,,0.857,2026-03-06T07:53:25.807726,sad,0.377,2026-03-06T07:53:24.876699,0.439,2026-03-06T07:53:25.699000,54,,,
participant_02,2,day,Town10HD_Opt,2026-03-06 07:53:26.684421,-60.6752815246582,-68.06700897216797,0.0019492722349241,50.823,-0.334,0.0,0.0,0,0,1,,0.853,2026-03-06T07:53:26.684421,sad,0.377,2026-03-06T07:53:24.876699,0.439,2026-03-06T07:53:25.699000,54,,,
participant_02,2,day,Town10HD_Opt,2026-03-06 07:53:27.814133,-72.3376235961914,-67.69152069091797,0.0020075605716556,49.924,-3.627,0.65,0.0,0,0,1,,0.858,2026-03-06T07:53:27.814133,sad,0.444,2026-03-06T07:53:27.814133,0.426,2026-03-06T07:53:27.723000,56,,,
participant_02,2,day,Town10HD_Opt,2026-03-06 07:53:28.901532,-83.63556671142578,-65.1595230102539,0.0020885085687041,49.208,-4.667,0.633,0.0,0,0,1,,0.929,2026-03-06T07:53:28.901532,sad,0.444,2026-03-06T07:53:27.814133,0.421,2026-03-06T07:53:28.714000,56,,,
participant_02,2,day,Town10HD_Opt,2026-03-06 07:53:29.788972,-91.50763702392578,-61.5017204284668,0.0019635772332549,50.845,-4.483,0.0,0.0,0,0,1,,0.849,2026-03-06T07:53:29.788972,sad,0.444,2026-03-06T07:53:27.814133,0.421,2026-03-06T07:53:29.704000,55,,,
participant_02,2,day,Town10HD_Opt,2026-03-06 07:53:30.683920,-98.5366668701172,-56.47138977050781,0.0019881438929587,50.311,-5.964,0.633,0.0,0,0,1,,0.828,2026-03-06T07:53:30.683920,neutral,0.578,2026-03-06T07:53:30.683920,0.421,2026-03-06T07:53:29.704000,55,,,
participant_02,2,day,Town10HD_Opt,2026-03-06 07:53:31.851698,-105.76427459716795,-47.44899368286133,0.0019809722434729,50.46,-5.635,0.613,0.0,0,0,1,,0.921,2026-03-06T07:53:31.851698,neutral,0.578,2026-03-06T07:53:30.683920,0.417,2026-03-06T07:53:31.684000,55,,,
participant_02,2,day,Town10HD_Opt,2026-03-06 07:53:32.719855,-109.13941192626952,-39.62165069580078,0.0022146222181618,45.849,-5.924,0.298,0.0,0,0,1,,0.864,2026-03-06T07:53:32.719855,sad,0.442,2026-03-06T07:53:32.719855,0.415,2026-03-06T07:53:32.718000,56,,,
participant_02,2,day,Town10HD_Opt,2026-03-06 07:53:33.898518,-110.57650756835938,-29.70101547241211,0.0021746442653238,40.264,-3.243,0.298,0.0,0,0,1,,0.851,2026-03-06T07:53:33.898518,sad,0.442,2026-03-06T07:53:32.719855,0.41,2026-03-06T07:53:33.708000,55,,,
participant_02,2,day,Town10HD_Opt,2026-03-06 07:53:34.842492,-110.62353515625,-22.91710090637207,0.0021454237867146,37.067,0.04,0.311,0.0,0,0,1,,0.881,2026-03-06T07:53:34.842492,neutral,0.454,2026-03-06T07:53:34.842492,0.409,2026-03-06T07:53:34.698000,55,,,
participant_02,2,day,Town10HD_Opt,2026-03-06 07:53:35.731638,-110.64351654052734,-16.276771545410156,0.0017488864250481,42.113,-0.392,1.0,0.0,0,0,1,,0.889,2026-03-06T07:53:35.731638,neutral,0.454,2026-03-06T07:53:34.842492,0.408,2026-03-06T07:53:35.688000,55,,,
participant_02,2,day,Town10HD_Opt,2026-03-06 07:53:36.898396,-110.5174560546875,-4.845531940460205,0.0022071073763072,47.954,0.002,0.0,0.0,0,0,1,,0.915,2026-03-06T07:53:36.898396,neutral,0.707,2026-03-06T07:53:36.898396,0.408,2026-03-06T07:53:36.723000,55,,,
participant_02,2,day,Town10HD_Opt,2026-03-06 07:53:37.808904,-110.27686309814452,2.717535257339477,0.0023789973929524,37.507,-5.801,0.0,0.0,0,0,1,,0.937,2026-03-06T07:53:37.808904,neutral,0.707,2026-03-06T07:53:36.898396,0.405,2026-03-06T07:53:37.714000,55,,,
participant_02,2,day,Town10HD_Opt,2026-03-06 07:53:38.676881,-109.22252655029295,8.50044059753418,0.0022552106529474,30.294,-6.255,0.379,0.0,0,0,1,,0.898,2026-03-06T07:53:38.676881,neutral,0.707,2026-03-06T07:53:36.898396,0.405,2026-03-06T07:53:37.714000,55,,,
participant_02,2,day,Town10HD_Opt,2026-03-06 07:53:39.914387,-106.9217529296875,14.424535751342772,0.0022658535744994,22.625,-6.772,0.0,0.0,0,0,1,,0.903,2026-03-06T07:53:39.914387,fear,0.43,2026-03-06T07:53:39.914387,0.399,2026-03-06T07:53:39.693000,56,,,
participant_02,2,day,Town10HD_Opt,2026-03-06 07:53:40.902343,-105.122802734375,17.40927505493164,0.0019687651656568,17.434,-7.651,0.122,0.0,0,0,1,,0.899,2026-03-06T07:53:40.902343,fear,0.43,2026-03-06T07:53:39.914387,0.396,2026-03-06T07:53:40.684000,56,,,
participant_02,2,day,Town10HD_Opt,2026-03-06 07:53:41.893097,-103.28236389160156,19.65342903137207,0.0019263076828792,16.709,-9.981,0.459,0.0,0,0,1,,0.93,2026-03-06T07:53:41.893097,fear,0.43,2026-03-06T07:53:39.914387,0.394,2026-03-06T07:53:41.854000,56,,,
participant_02,2,day,Town10HD_Opt,2026-03-06 07:53:42.911005,-100.89879608154295,21.76900863647461,0.0019660568796098,20.465,-10.468,0.69,0.0,0,0,1,,1.0,2026-03-06T07:53:42.911005,neutral,0.491,2026-03-06T07:53:42.911005,0.382,2026-03-06T07:53:42.709000,57,,,
participant_02,2,day,Town10HD_Opt,2026-03-06 07:53:43.846605,-97.32512664794922,23.92222785949707,0.0018242264632135,28.118,-10.346,0.61,0.0,0,0,1,,0.884,2026-03-06T07:53:43.846605,neutral,0.491,2026-03-06T07:53:42.911005,0.374,2026-03-06T07:53:43.698000,57,,,
participant_02,2,day,Town10HD_Opt,2026-03-06 07:53:44.879443,-92.3709716796875,25.64271354675293,0.0019384766928851,31.865,-2.127,0.357,0.0,0,0,1,,0.931,2026-03-06T07:53:44.879443,neutral,0.491,2026-03-06T07:53:42.911005,0.366,2026-03-06T07:53:44.689000,56,,,
participant_02,2,day,Town10HD_Opt,2026-03-06 07:53:45.868649,-86.99028778076172,26.95686721801757,0.0020755385048687,31.058,-3.862,0.336,0.0,0,0,1,,0.943,2026-03-06T07:53:45.868649,neutral,0.609,2026-03-06T07:53:45.868649,0.358,2026-03-06T07:53:45.724000,56,,,
participant_02,2,day,Town10HD_Opt,2026-03-06 07:53:46.870915,-81.7051010131836,27.767555236816406,0.002079582074657,29.953,-2.501,0.336,0.0,0,0,1,,0.866,2026-03-06T07:53:46.870915,neutral,0.609,2026-03-06T07:53:45.868649,0.35,2026-03-06T07:53:46.713000,57,,,
participant_02,2,day,Town10HD_Opt,2026-03-06 07:53:47.944129,-76.70357513427734,28.18619155883789,0.0022251508198678,25.638,-2.487,0.0,0.0,0,0,1,,0.931,2026-03-06T07:53:47.944129,fear,0.347,2026-03-06T07:53:47.944129,0.342,2026-03-06T07:53:47.703000,58,,,
participant_02,2,day,Town10HD_Opt,2026-03-06 07:53:48.934911,-72.82887268066406,28.28522491455078,0.0022940442431718,17.882,-2.36,0.0,0.272,0,0,1,,0.921,2026-03-06T07:53:48.934911,fear,0.347,2026-03-06T07:53:47.944129,0.332,2026-03-06T07:53:48.693000,58,,,
participant_02,2,day,Town10HD_Opt,2026-03-06 07:53:49.953909,-70.16399383544922,28.24256134033203,0.0020971677731722,12.133,-1.76,0.0,0.258,0,0,1,,0.968,2026-03-06T07:53:49.953909,neutral,0.385,2026-03-06T07:53:49.953909,0.323,2026-03-06T07:53:49.774000,59,,,
participant_02,2,day,Town10HD_Opt,2026-03-06 07:53:50.911636,-68.41033172607422,28.181781768798828,0.0020439145155251,7.921,-0.623,0.0,0.117,0,0,1,,0.91,2026-03-06T07:53:50.911636,neutral,0.385,2026-03-06T07:53:49.953909,0.314,2026-03-06T07:53:50.809000,61,,,
participant_02,2,day,Town10HD_Opt,2026-03-06 07:53:51.872853,-67.52893829345703,28.15100479125977,0.0023081204853951,0.001,0.125,0.0,0.298,0,0,1,,0.917,2026-03-06T07:53:51.872853,neutral,0.385,2026-03-06T07:53:49.953909,0.302,2026-03-06T07:53:51.709000,62,,,
participant_02,2,day,Town10HD_Opt,2026-03-06 07:53:52.815824,-67.52810668945312,28.15098571777344,0.0019315337995067,0.013,0.04,0.0,0.0,0,0,1,,0.938,2026-03-06T07:53:52.815824,neutral,0.616,2026-03-06T07:53:52.815824,0.301,2026-03-06T07:53:52.699000,61,,,
participant_02,2,day,Town10HD_Opt,2026-03-06 07:53:53.787723,-67.52757263183594,28.15098571777344,0.0019194793421775,0.002,-0.035,0.0,0.0,0,0,1,,0.843,2026-03-06T07:53:53.787723,neutral,0.616,2026-03-06T07:53:52.815824,0.302,2026-03-06T07:53:53.734000,60,,,
participant_02,2,day,Town10HD_Opt,2026-03-06 07:53:54.719021,-67.52733612060547,28.15098571777344,0.0019188307924196,0.0,-0.035,0.0,0.0,0,0,1,,0.91,2026-03-06T07:53:54.719021,neutral,0.616,2026-03-06T07:53:52.815824,0.302,2026-03-06T07:53:53.734000,60,,,
participant_02,2,day,Town10HD_Opt,2026-03-06 07:53:55.753578,-67.52737426757812,28.15098571777344,0.0019187163561582,0.006,-0.035,0.0,0.0,0,0,1,,0.918,2026-03-06T07:53:55.753578,neutral,0.762,2026-03-06T07:53:55.753578,0.312,2026-03-06T07:53:55.713000,59,,,
participant_02,2,day,Town10HD_Opt,2026-03-06 07:53:56.941179,-67.5272445678711,28.15098571777344,0.0019187163561582,0.006,-0.035,0.0,0.0,0,0,1,,0.843,2026-03-06T07:53:56.941179,neutral,0.762,2026-03-06T07:53:55.753578,0.319,2026-03-06T07:53:56.704000,61,,,
participant_02,2,day,Town10HD_Opt,2026-03-06 07:53:57.927235,-67.52729034423828,28.15098571777344,0.001918678288348,0.006,-0.035,0.0,0.0,0,0,1,,0.892,2026-03-06T07:53:57.927235,fear,0.498,2026-03-06T07:53:57.927235,0.327,2026-03-06T07:53:57.695000,64,,,
participant_02,2,day,Town10HD_Opt,2026-03-06 07:53:58.936895,-67.52713012695312,28.15098571777344,0.0019189071608707,0.002,-0.035,0.0,0.0,0,0,1,,0.884,2026-03-06T07:53:58.936895,fear,0.498,2026-03-06T07:53:57.927235,0.333,2026-03-06T07:53:58.685000,66,,,
participant_02,2,day,Town10HD_Opt,2026-03-06 07:53:59.955145,-67.52689361572266,28.15098571777344,0.0019190596649423,0.001,-0.035,0.0,0.0,0,0,1,,0.915,2026-03-06T07:53:59.955145,neutral,0.765,2026-03-06T07:53:59.955145,0.336,2026-03-06T07:53:59.718000,66,,,
participant_02,2,day,Town10HD_Opt,2026-03-06 07:54:00.921604,-67.52684783935547,28.15098571777344,0.0019187545403838,0.006,-0.04,0.0,0.0,0,0,1,,0.872,2026-03-06T07:54:00.921604,neutral,0.765,2026-03-06T07:53:59.955145,0.339,2026-03-06T07:54:00.709000,67,,,
participant_02,2,day,Town10HD_Opt,2026-03-06 07:54:01.903912,-67.52689361572266,28.15098571777344,0.0019185638520866,0.006,-0.04,0.0,0.0,0,0,1,,0.873,2026-03-06T07:54:01.903912,neutral,0.765,2026-03-06T07:53:59.955145,0.349,2026-03-06T07:54:01.700000,66,,,
participant_02,2,day,Town10HD_Opt,2026-03-06 07:54:02.890932,-67.52680206298828,28.15098571777344,0.0019188689766451,0.002,-0.04,0.0,0.0,0,0,1,,1.0,2026-03-06T07:54:02.890932,neutral,0.493,2026-03-06T07:54:02.890932,0.357,2026-03-06T07:54:02.690000,65,,,
participant_02,2,day,Town10HD_Opt,2026-03-06 07:54:03.866803,-66.99852752685547,28.132890701293945,0.0014615253312513,10.696,-0.045,1.0,0.0,0,0,1,,0.813,2026-03-06T07:54:03.866803,neutral,0.493,2026-03-06T07:54:02.890932,0.365,2026-03-06T07:54:03.814000,63,,,
participant_02,2,day,Town10HD_Opt,2026-03-06 07:54:04.850241,-63.94805145263672,28.02739906311035,0.0016807179199531,24.841,0.282,1.0,0.0,0,0,1,,0.869,2026-03-06T07:54:04.850241,neutral,0.493,2026-03-06T07:54:02.890932,0.367,2026-03-06T07:54:04.761000,61,,,
participant_02,2,day,Town10HD_Opt,2026-03-06 07:54:05.796221,-58.27442169189453,27.89311408996582,0.0015242008958011,41.121,0.606,1.0,0.0,0,0,1,,1.0,2026-03-06T07:54:05.796221,neutral,0.774,2026-03-06T07:54:05.796221,0.369,2026-03-06T07:54:05.704000,58,,,
participant_02,2,day,Town10HD_Opt,2026-03-06 07:54:06.869567,-49.9527473449707,27.85238265991211,0.0017110445769503,52.143,0.345,0.0,0.251,0,0,1,,0.816,2026-03-06T07:54:06.869567,neutral,0.774,2026-03-06T07:54:05.796221,0.37,2026-03-06T07:54:06.693000,57,,,
participant_02,2,day,Town10HD_Opt,2026-03-06 07:54:07.806604,-41.23084259033203,27.92306327819824,0.0018688202835619,51.804,-0.101,0.0,0.18,0,0,1,,1.0,2026-03-06T07:54:07.806604,neutral,0.777,2026-03-06T07:54:07.806604,0.369,2026-03-06T07:54:07.685000,57,,,
participant_02,2,day,Town10HD_Opt,2026-03-06 07:54:08.831901,-32.492916107177734,28.004058837890625,0.0019155885092914,51.482,0.031,0.0,0.11,0,0,1,,1.0,2026-03-06T07:54:08.831901,neutral,0.777,2026-03-06T07:54:07.806604,0.368,2026-03-06T07:54:08.719000,58,,,
participant_02,2,day,Town10HD_Opt,2026-03-06 07:54:09.808592,-23.71896743774414,28.105514526367188,0.0019169617444276,51.699,0.014,0.0,0.134,0,0,1,,1.0,2026-03-06T07:54:09.808592,neutral,0.77,2026-03-06T07:54:09.808592,0.371,2026-03-06T07:54:09.711000,58,,,
participant_02,2,day,Town10HD_Opt,2026-03-06 07:54:10.784272,-14.94150447845459,28.21257972717285,0.0019686890300363,50.627,-0.162,0.0,0.0,0,0,1,,0.812,2026-03-06T07:54:10.784272,neutral,0.77,2026-03-06T07:54:09.808592,0.374,2026-03-06T07:54:10.699000,58,,,
participant_02,2,day,Town10HD_Opt,2026-03-06 07:54:11.740844,-6.737327575683594,28.2854118347168,0.0023678967263549,41.191,-0.268,0.0,0.0,0,0,1,,0.858,2026-03-06T07:54:11.740844,neutral,0.77,2026-03-06T07:54:09.808592,0.372,2026-03-06T07:54:11.689000,58,,,
participant_02,2,day,Town10HD_Opt,2026-03-06 07:54:12.698959,-0.2216738909482956,28.28656959533692,0.0021977613214403,34.689,-0.228,0.466,0.0,0,0,1,,0.818,2026-03-06T07:54:12.698959,neutral,0.791,2026-03-06T07:54:12.698959,0.372,2026-03-06T07:54:11.689000,58,,,
participant_02,2,day,Town10HD_Opt,2026-03-06 07:54:13.891594,7.968356132507324,28.22560310363769,0.0020286941435188,35.47,-0.106,0.422,0.0,0,0,1,,0.884,2026-03-06T07:54:13.891594,neutral,0.791,2026-03-06T07:54:12.698959,0.359,2026-03-06T07:54:13.715000,56,,,
participant_02,2,day,Town10HD_Opt,2026-03-06 07:54:14.796738,14.187143325805664,28.154890060424805,0.0020410537254065,35.562,-0.035,0.412,0.0,0,0,1,,0.894,2026-03-06T07:54:14.796738,sad,0.425,2026-03-06T07:54:14.796738,0.355,2026-03-06T07:54:14.704000,56,,,
participant_02,2,day,Town10HD_Opt,2026-03-06 07:54:15.729127,20.25444602966309,28.096769332885746,0.0021713254973292,32.382,0.895,0.0,0.0,0,0,1,,0.926,2026-03-06T07:54:15.729127,sad,0.425,2026-03-06T07:54:14.796738,0.349,2026-03-06T07:54:15.695000,55,,,
participant_02,2,day,Town10HD_Opt,2026-03-06 07:54:16.656443,25.33252143859864,28.187965393066406,0.0022779463324695,25.022,3.012,0.0,0.0,0,0,1,,0.972,2026-03-06T07:54:16.656443,sad,0.425,2026-03-06T07:54:14.796738,0.349,2026-03-06T07:54:15.695000,55,,,
participant_02,2,day,Town10HD_Opt,2026-03-06 07:54:17.920533,30.22089576721192,28.738393783569336,0.0019852826371788,17.44,7.135,0.04,0.0,0,0,1,,0.956,2026-03-06T07:54:17.920533,angry,0.414,2026-03-06T07:54:17.920533,0.338,2026-03-06T07:54:17.719000,57,,,
participant_02,2,day,Town10HD_Opt,2026-03-06 07:54:18.868860,32.88318634033203,29.50684928894043,0.00203178380616,14.253,12.825,0.047,0.0,0,0,1,,0.951,2026-03-06T07:54:18.868860,angry,0.414,2026-03-06T07:54:17.920533,0.335,2026-03-06T07:54:18.710000,57,,,
participant_02,2,day,Town10HD_Opt,2026-03-06 07:54:19.811229,34.97003555297852,30.559919357299805,0.0019359969301149,13.303,14.097,0.251,0.0,0,0,1,,0.884,2026-03-06T07:54:19.811229,angry,0.414,2026-03-06T07:54:17.920533,0.33,2026-03-06T07:54:19.698000,56,,,
participant_02,2,day,Town10HD_Opt,2026-03-06 07:54:20.695600,36.89420700073242,32.00455856323242,0.0018767166184261,14.755,15.919,0.37,0.0,0,0,1,,0.941,2026-03-06T07:54:20.695600,neutral,0.304,2026-03-06T07:54:20.695600,0.33,2026-03-06T07:54:19.698000,56,,,
participant_02,2,day,Town10HD_Opt,2026-03-06 07:54:21.946862,39.19115447998047,34.982723236083984,0.001872711116448,17.802,19.249,0.356,0.0,0,0,1,,0.968,2026-03-06T07:54:21.946862,neutral,0.304,2026-03-06T07:54:20.695600,0.327,2026-03-06T07:54:21.727000,57,Harsh braking,decel_mps2=5.5,
participant_02,2,day,Town10HD_Opt,2026-03-06 07:54:22.892381,40.22805404663086,37.97153091430664,0.0020872114691883,18.212,17.586,0.292,0.0,0,0,1,,0.945,2026-03-06T07:54:22.892381,neutral,0.362,2026-03-06T07:54:22.892381,0.329,2026-03-06T07:54:22.760000,58,,,
participant_02,2,day,Town10HD_Opt,2026-03-06 07:54:23.828542,40.51772689819336,41.09036636352539,0.00192012777552,16.897,8.039,0.0,0.0,0,0,1,,0.881,2026-03-06T07:54:23.828542,neutral,0.362,2026-03-06T07:54:22.892381,0.334,2026-03-06T07:54:23.749000,59,,,
participant_02,2,day,Town10HD_Opt,2026-03-06 07:54:24.782443,40.49995422363281,43.73085021972656,0.0020403286907821,13.035,2.697,0.0,0.0,0,0,1,,0.948,2026-03-06T07:54:24.782443,neutral,0.362,2026-03-06T07:54:22.892381,0.339,2026-03-06T07:54:24.739000,59,,,
participant_02,2,day,Town10HD_Opt,2026-03-06 07:54:25.689241,40.47740173339844,45.76190948486328,0.0020146940369158,10.012,0.766,0.0,0.0,0,0,1,,0.903,2026-03-06T07:54:25.689241,neutral,0.771,2026-03-06T07:54:25.689241,0.345,2026-03-06T07:54:25.684000,60,,,
participant_02,2,day,Town10HD_Opt,2026-03-06 07:54:26.846653,40.4444694519043,47.77826690673828,0.0019818495493382,7.167,-0.891,0.0,0.0,0,0,1,,0.953,2026-03-06T07:54:26.846653,neutral,0.771,2026-03-06T07:54:25.689241,0.349,2026-03-06T07:54:26.719000,60,,,
participant_02,2,day,Town10HD_Opt,2026-03-06 07:54:27.786843,40.44174575805664,48.88105392456055,0.0019764709286391,5.319,-0.985,0.037,0.0,0,0,1,,0.96,2026-03-06T07:54:27.786843,neutral,0.493,2026-03-06T07:54:27.786843,0.354,2026-03-06T07:54:27.709000,60,,,
participant_02,2,day,Town10HD_Opt,2026-03-06 07:54:28.913659,40.4461669921875,49.92892074584961,0.0019576263148337,3.653,-1.38,0.035,0.0,0,0,1,,0.879,2026-03-06T07:54:28.913659,neutral,0.493,2026-03-06T07:54:27.786843,0.358,2026-03-06T07:54:28.699000,60,,,
participant_02,2,day,Town10HD_Opt,2026-03-06 07:54:29.837697,40.45292663574219,50.49722671508789,0.001948699937202,2.75,-1.248,0.035,0.0,0,0,1,,0.922,2026-03-06T07:54:29.837697,neutral,0.758,2026-03-06T07:54:29.837697,0.358,2026-03-06T07:54:28.699000,60,,,
participant_02,2,day,Town10HD_Opt,2026-03-06 07:54:30.761437,40.45931625366211,50.94056701660156,0.0019102859077975,2.658,-1.206,0.051,0.0,0,0,1,,0.956,2026-03-06T07:54:30.761437,neutral,0.758,2026-03-06T07:54:29.837697,0.393,2026-03-06T07:54:30.724000,60,,,
participant_02,2,day,Town10HD_Opt,2026-03-06 07:54:31.917426,40.46947479248047,51.50874710083008,0.001936569227837,1.989,-1.046,0.045,0.0,0,0,1,,0.944,2026-03-06T07:54:31.917426,neutral,0.811,2026-03-06T07:54:31.917426,0.408,2026-03-06T07:54:31.714000,61,,,
participant_02,2,day,Town10HD_Opt,2026-03-06 07:54:32.802878,40.47594451904297,51.83452606201172,0.0019318008562549,1.709,-1.018,0.045,0.0,0,0,1,,0.936,2026-03-06T07:54:32.802878,neutral,0.811,2026-03-06T07:54:31.917426,0.425,2026-03-06T07:54:32.704000,61,,,
participant_02,2,day,Town10HD_Opt,2026-03-06 07:54:33.935598,40.483192443847656,52.18241882324219,0.0020535658113658,0.0,-0.902,0.0,0.238,0,0,1,,0.946,2026-03-06T07:54:33.935598,neutral,0.529,2026-03-06T07:54:33.935598,0.438,2026-03-06T07:54:33.695000,60,,,
participant_02,2,day,Town10HD_Opt,2026-03-06 07:54:34.804737,40.48320007324219,52.18257522583008,0.0019246672745794,0.0,-0.844,0.083,0.102,0,0,1,,0.889,2026-03-06T07:54:34.804737,neutral,0.529,2026-03-06T07:54:33.935598,0.45,2026-03-06T07:54:34.729000,60,,,
participant_02,2,day,Town10HD_Opt,2026-03-06 07:54:35.698389,40.49367904663086,52.68131637573242,0.0014731602277606,10.309,-0.825,0.994,0.0,0,0,1,,0.96,2026-03-06T07:54:35.698389,neutral,0.529,2026-03-06T07:54:33.935598,0.45,2026-03-06T07:54:34.729000,60,,,errors=Stop sign violation
participant_02,2,day,Town10HD_Opt,2026-03-06 07:54:36.894332,40.82137298583984,56.81414031982422,0.0017955400981009,24.011,-7.515,0.669,0.0,0,0,1,,0.852,2026-03-06T07:54:36.894332,sad,0.338,2026-03-06T07:54:36.894332,0.476,2026-03-06T07:54:36.713000,60,,,
participant_02,2,day,Town10HD_Opt,2026-03-06 07:54:37.744838,41.98047637939453,61.44430541992188,0.0018352509941905,30.867,-10.978,0.569,0.0,0,0,1,,1.0,2026-03-06T07:54:37.744838,sad,0.338,2026-03-06T07:54:36.894332,0.489,2026-03-06T07:54:37.699000,58,Stop sign violation,stop_sign_id=678,
participant_02,2,day,Town10HD_Opt,2026-03-06 07:54:38.890380,46.22440719604492,67.46142578125,0.0020740127656608,32.355,-17.968,0.405,0.0,0,0,1,,0.836,2026-03-06T07:54:38.890380,sad,0.338,2026-03-06T07:54:36.894332,0.503,2026-03-06T07:54:38.689000,58,,,
participant_02,2,day,Town10HD_Opt,2026-03-06 07:54:39.821641,51.23698043823242,69.77565002441406,0.0021391676273196,30.672,-11.048,0.279,0.0,0,0,1,,0.841,2026-03-06T07:54:39.821641,sad,0.374,2026-03-06T07:54:39.821641,0.503,2026-03-06T07:54:39.724000,58,,,
participant_02,2,day,Town10HD_Opt,2026-03-06 07:54:40.740236,56.3657112121582,70.43275451660156,0.0021303938701748,28.49,-9.122,0.28,0.0,0,0,1,,1.0,2026-03-06T07:54:40.740236,sad,0.374,2026-03-06T07:54:39.821641,0.503,2026-03-06T07:54:40.714000,58,,,
participant_02,2,day,Town10HD_Opt,2026-03-06 07:54:41.877503,62.69280624389648,70.0138931274414,0.0021076202392578,25.784,1.215,0.268,0.0,0,0,1,,0.923,2026-03-06T07:54:41.877503,sad,0.349,2026-03-06T07:54:41.877503,0.503,2026-03-06T07:54:41.704000,59,,,
participant_02,2,day,Town10HD_Opt,2026-03-06 07:54:42.783331,67.04279327392578,69.78319549560547,0.002116737421602,23.647,1.246,0.21,0.0,0,0,1,,0.875,2026-03-06T07:54:42.783331,sad,0.349,2026-03-06T07:54:41.877503,0.502,2026-03-06T07:54:42.695000,60,,,
participant_02,2,day,Town10HD_Opt,2026-03-06 07:54:43.901735,71.94728088378906,69.65725708007812,0.0021355054341256,18.823,1.123,0.429,0.0,0,0,1,,0.899,2026-03-06T07:54:43.901735,sad,0.393,2026-03-06T07:54:43.901735,0.502,2026-03-06T07:54:43.729000,60,,,
participant_02,2,day,Town10HD_Opt,2026-03-06 07:54:44.803731,75.11145782470703,69.64287567138672,0.0019538877531886,16.291,1.241,0.0,0.0,0,0,1,,1.0,2026-03-06T07:54:44.803731,sad,0.393,2026-03-06T07:54:43.901735,0.503,2026-03-06T07:54:44.719000,59,,,
participant_02,2,day,Town10HD_Opt,2026-03-06 07:54:45.916762,78.35560607910156,69.69841766357422,0.0020277020521461,11.454,1.142,0.0,0.0,0,0,1,,1.0,2026-03-06T07:54:45.916762,neutral,0.622,2026-03-06T07:54:45.916762,0.503,2026-03-06T07:54:45.709000,59,,,
participant_02,2,day,Town10HD_Opt,2026-03-06 07:54:46.807607,80.13916778564453,69.75247192382812,0.0020031353924423,8.795,0.277,0.0,0.0,0,0,1,,0.816,2026-03-06T07:54:46.807607,neutral,0.622,2026-03-06T07:54:45.916762,0.503,2026-03-06T07:54:46.700000,59,,,
participant_02,2,day,Town10HD_Opt,2026-03-06 07:54:47.696527,81.50865173339844,69.79306030273438,0.0019835662096738,6.853,-0.139,0.0,0.0,0,0,1,,0.813,2026-03-06T07:54:47.696527,neutral,0.622,2026-03-06T07:54:45.916762,0.503,2026-03-06T07:54:46.700000,59,,,
participant_02,2,day,Town10HD_Opt,2026-03-06 07:54:48.778471,82.85325622558594,69.82875061035156,0.0019645690917968,4.678,-0.317,0.0,0.0,0,0,1,,0.843,2026-03-06T07:54:48.778471,neutral,0.595,2026-03-06T07:54:48.778471,0.503,2026-03-06T07:54:48.724000,58,,,
participant_02,2,day,Town10HD_Opt,2026-03-06 07:54:49.696524,83.5925064086914,69.8465347290039,0.0019538879860192,3.644,-0.32,0.0,0.0,0,0,1,,1.0,2026-03-06T07:54:49.696524,neutral,0.595,2026-03-06T07:54:48.778471,0.503,2026-03-06T07:54:48.724000,58,,,
participant_02,2,day,Town10HD_Opt,2026-03-06 07:54:50.792054,84.3182144165039,69.86316680908203,0.0019435500726103,2.524,-0.282,0.0,0.0,0,0,1,,0.837,2026-03-06T07:54:50.792054,neutral,0.66,2026-03-06T07:54:50.792054,0.494,2026-03-06T07:54:50.704000,56,,,
participant_02,2,day,Town10HD_Opt,2026-03-06 07:54:51.724954,84.71711730957031,69.87201690673828,0.0019379424629732,1.967,-0.261,0.0,0.0,0,0,1,,0.891,2026-03-06T07:54:51.724954,neutral,0.66,2026-03-06T07:54:50.792054,0.491,2026-03-06T07:54:51.694000,55,,,
participant_02,2,day,Town10HD_Opt,2026-03-06 07:54:52.827854,85.38124084472656,69.88744354248047,0.0015556338476017,10.168,1.424,1.0,0.0,0,0,1,,0.833,2026-03-06T07:54:52.827854,neutral,0.648,2026-03-06T07:54:52.827854,0.492,2026-03-06T07:54:52.729000,55,,,
participant_02,2,day,Town10HD_Opt,2026-03-06 07:54:53.707919,88.20568084716797,70.13343048095703,0.0017092137131839,23.639,6.981,1.0,0.0,0,0,1,,0.914,2026-03-06T07:54:53.707919,neutral,0.648,2026-03-06T07:54:52.827854,0.492,2026-03-06T07:54:52.729000,55,,,
participant_02,2,day,Town10HD_Opt,2026-03-06 07:54:54.833468,95.24267578125,72.94084167480469,0.0017506792210042,41.812,24.949,0.898,0.0,0,0,1,,0.927,2026-03-06T07:54:54.833468,neutral,0.625,2026-03-06T07:54:54.833468,0.491,2026-03-06T07:54:54.709000,56,,,
participant_02,2,day,Town10HD_Opt,2026-03-06 07:54:55.707472,98.7393798828125,79.85103607177734,0.0017956544179469,49.15,4.414,0.671,0.0,0,0,1,,0.945,2026-03-06T07:54:55.707472,neutral,0.625,2026-03-06T07:54:54.833468,0.49,2026-03-06T07:54:55.700000,56,,,
participant_02,2,day,Town10HD_Opt,2026-03-06 07:54:56.841515,99.06128692626952,91.3843765258789,0.0020214843098074,49.485,4.294,0.576,0.0,0,0,1,,0.942,2026-03-06T07:54:56.841515,sad,0.409,2026-03-06T07:54:56.841515,0.49,2026-03-06T07:54:56.734000,56,,,
participant_02,2,day,Town10HD_Opt,2026-03-06 07:54:57.920265,96.92181396484376,102.78524780273438,0.0020829772111028,49.239,4.645,0.536,0.0,0,0,1,,0.907,2026-03-06T07:54:57.920265,sad,0.409,2026-03-06T07:54:56.841515,0.489,2026-03-06T07:54:57.724000,56,,,
participant_02,2,day,Town10HD_Opt,2026-03-06 07:54:58.816258,93.87574005126952,110.92218780517578,0.0020123671274632,50.189,2.327,0.535,0.0,0,0,1,,0.856,2026-03-06T07:54:58.816258,sad,0.409,2026-03-06T07:54:56.841515,0.489,2026-03-06T07:54:58.715000,58,,,
participant_02,2,day,Town10HD_Opt,2026-03-06 07:54:59.705392,89.72337341308594,118.62349700927734,0.0021253584418445,48.461,10.326,0.0,0.0,0,0,1,,0.928,2026-03-06T07:54:59.705392,neutral,0.416,2026-03-06T07:54:59.705392,0.494,2026-03-06T07:54:59.704000,59,,,
participant_02,2,day,Town10HD_Opt,2026-03-06 07:55:00.876003,82.36154174804688,124.99127960205078,0.002263793721795,36.606,3.919,0.38,0.0,0,0,1,,0.883,2026-03-06T07:55:00.876003,neutral,0.416,2026-03-06T07:54:59.705392,0.497,2026-03-06T07:55:00.696000,59,,,
participant_02,2,day,Town10HD_Opt,2026-03-06 07:55:01.709822,76.61688232421875,127.92735290527344,0.001915970002301,39.261,7.268,0.675,0.0,0,0,1,,1.0,2026-03-06T07:55:01.709822,angry,0.496,2026-03-06T07:55:01.709822,0.497,2026-03-06T07:55:00.696000,59,,,
participant_02,2,day,Town10HD_Opt,2026-03-06 07:55:02.900803,66.99937438964844,130.20126342773438,0.0019124986138194,45.505,4.558,0.599,0.0,0,0,1,,0.932,2026-03-06T07:55:02.900803,angry,0.496,2026-03-06T07:55:01.709822,0.498,2026-03-06T07:55:02.764000,59,,,
participant_02,2,day,Town10HD_Opt,2026-03-06 07:55:03.853363,58.85445022583008,130.6556854248047,0.0019985197577625,47.387,1.011,0.487,0.0,0,0,1,,0.964,2026-03-06T07:55:03.853363,neutral,0.684,2026-03-06T07:55:03.853363,0.498,2026-03-06T07:55:03.844000,60,,,
participant_02,2,day,Town10HD_Opt,2026-03-06 07:55:04.834020,50.61122894287109,130.63462829589844,0.0020861434750258,46.343,-0.045,0.398,0.0,0,0,1,,0.914,2026-03-06T07:55:04.834020,neutral,0.684,2026-03-06T07:55:03.853363,0.498,2026-03-06T07:55:04.699000,61,,,
participant_02,2,day,Town10HD_Opt,2026-03-06 07:55:05.730150,42.68700408935547,130.60182189941406,0.0021224212832748,43.92,-0.211,0.369,0.0,0,0,1,,0.893,2026-03-06T07:55:05.730150,neutral,0.684,2026-03-06T07:55:03.853363,0.498,2026-03-06T07:55:04.699000,61,,,
participant_02,2,day,Town10HD_Opt,2026-03-06 07:55:06.866804,32.7637939453125,130.61508178710938,0.0021099471487104,41.03,0.045,0.369,0.0,0,0,1,,0.896,2026-03-06T07:55:06.866804,neutral,0.603,2026-03-06T07:55:06.866804,0.498,2026-03-06T07:55:06.724000,62,,,
participant_02,2,day,Town10HD_Opt,2026-03-06 07:55:07.772244,25.72961807250977,130.616455078125,0.0021001051645725,39.234,0.172,0.369,0.0,0,0,1,,1.0,2026-03-06T07:55:07.772244,neutral,0.603,2026-03-06T07:55:06.866804,0.498,2026-03-06T07:55:07.715000,62,,,
participant_02,2,day,Town10HD_Opt,2026-03-06 07:55:08.679059,18.98780059814453,130.5938720703125,0.0020917130168527,37.707,0.021,0.369,0.0,0,0,1,,0.856,2026-03-06T07:55:08.679059,neutral,0.603,2026-03-06T07:55:06.866804,0.498,2026-03-06T07:55:07.715000,62,,,
participant_02,2,day,Town10HD_Opt,2026-03-06 07:55:09.867845,10.379687309265137,130.5550994873047,0.0020825194660574,36.012,-0.101,0.369,0.0,0,0,1,,0.881,2026-03-06T07:55:09.867845,neutral,0.394,2026-03-06T07:55:09.867845,0.498,2026-03-06T07:55:09.695000,66,,,
participant_02,2,day,Town10HD_Opt,2026-03-06 07:55:10.752890,4.164011478424072,130.54180908203125,0.0020772933494299,34.762,0.075,0.114,0.0,0,0,1,,0.934,2026-03-06T07:55:10.752890,neutral,0.394,2026-03-06T07:55:09.867845,0.498,2026-03-06T07:55:10.729000,67,,,
participant_02,2,day,Town10HD_Opt,2026-03-06 07:55:11.893806,-3.04335355758667,130.5192413330078,0.0022883603814989,25.468,0.106,0.0,0.186,0,0,1,,0.924,2026-03-06T07:55:11.893806,neutral,0.5,2026-03-06T07:55:11.893806,0.492,2026-03-06T07:55:11.719000,67,,,
participant_02,2,day,Town10HD_Opt,2026-03-06 07:55:12.800260,-6.914708137512207,130.49476623535156,0.0022651669569313,18.41,0.106,0.0,0.0,0,0,1,,0.927,2026-03-06T07:55:12.800260,neutral,0.5,2026-03-06T07:55:11.893806,0.489,2026-03-06T07:55:12.710000,65,,,
participant_02,2,day,Town10HD_Opt,2026-03-06 07:55:13.920309,-10.611628532409668,130.4619598388672,0.0020419692154973,13.075,0.101,0.0,0.0,0,0,1,,0.923,2026-03-06T07:55:13.920309,fear,0.579,2026-03-06T07:55:13.920309,0.489,2026-03-06T07:55:13.701000,63,,,
participant_02,2,day,Town10HD_Opt,2026-03-06 07:55:14.788774,-12.649171829223633,130.4404754638672,0.002014884725213,10.046,0.096,0.0,0.0,0,0,1,,0.921,2026-03-06T07:55:14.788774,fear,0.579,2026-03-06T07:55:13.920309,0.489,2026-03-06T07:55:14.735000,61,,,
participant_02,2,day,Town10HD_Opt,2026-03-06 07:55:15.926318,-14.650198936462402,130.41726684570312,0.0019866179209202,7.063,0.089,0.0,0.0,0,0,1,,0.964,2026-03-06T07:55:15.926318,neutral,0.794,2026-03-06T07:55:15.926318,0.489,2026-03-06T07:55:15.726000,61,,,
participant_02,2,day,Town10HD_Opt,2026-03-06 07:55:16.793460,-15.750271797180176,130.40362548828125,0.001971015939489,5.422,0.087,0.0,0.0,0,0,1,,0.946,2026-03-06T07:55:16.793460,neutral,0.794,2026-03-06T07:55:15.926318,0.488,2026-03-06T07:55:16.714000,62,,,
participant_02,2,day,Town10HD_Opt,2026-03-06 07:55:17.681150,-16.594825744628906,130.39280700683594,0.0019588088616728,4.163,0.087,0.0,0.0,0,0,1,,0.94,2026-03-06T07:55:17.681150,neutral,0.794,2026-03-06T07:55:15.926318,0.488,2026-03-06T07:55:16.714000,62,,,
participant_02,2,day,Town10HD_Opt,2026-03-06 07:55:18.806561,-17.40605926513672,130.38211059570312,0.0019683837890625,2.525,0.07,0.025,0.0,0,0,1,,0.955,2026-03-06T07:55:18.806561,neutral,0.713,2026-03-06T07:55:18.806561,0.456,2026-03-06T07:55:18.694000,63,,,
participant_02,2,day,Town10HD_Opt,2026-03-06 07:55:19.722212,-17.77520179748535,130.3774871826172,0.0019441222539171,1.634,0.07,0.022,0.0,0,0,1,,0.942,2026-03-06T07:55:19.722212,neutral,0.713,2026-03-06T07:55:18.806561,0.456,2026-03-06T07:55:18.694000,63,,,
participant_02,2,day,Town10HD_Opt,2026-03-06 07:55:20.877851,-18.082988739013672,130.37374877929688,0.0019344328902661,0.998,0.07,0.022,0.0,0,0,1,,0.957,2026-03-06T07:55:20.877851,neutral,0.675,2026-03-06T07:55:20.877851,0.43,2026-03-06T07:55:20.719000,59,,,
participant_02,2,day,Town10HD_Opt,2026-03-06 07:55:21.786321,-18.23344039916992,130.37164306640625,0.0018921660957857,1.303,0.07,0.167,0.0,0,0,1,,0.924,2026-03-06T07:55:21.786321,neutral,0.675,2026-03-06T07:55:20.877851,0.415,2026-03-06T07:55:21.709000,57,,,
participant_02,2,day,Town10HD_Opt,2026-03-06 07:55:22.685356,-18.540189743041992,130.36764526367188,0.0019003676716238,1.979,0.07,0.106,0.0,0,0,1,,0.935,2026-03-06T07:55:22.685356,neutral,0.675,2026-03-06T07:55:20.877851,0.415,2026-03-06T07:55:21.709000,57,,,
participant_02,2,day,Town10HD_Opt,2026-03-06 07:55:23.857919,-19.27580070495605,130.35586547851562,0.0016007998492568,8.859,0.07,1.0,0.0,0,0,1,,0.893,2026-03-06T07:55:23.857919,neutral,0.807,2026-03-06T07:55:23.857919,0.377,2026-03-06T07:55:23.691000,54,,,
participant_02,2,day,Town10HD_Opt,2026-03-06 07:55:24.760675,-22.05830764770508,130.30731201171875,0.0017182163428515,23.105,0.376,0.938,0.0,0,0,1,,0.888,2026-03-06T07:55:24.760675,neutral,0.807,2026-03-06T07:55:23.857919,0.354,2026-03-06T07:55:24.725000,55,,,
participant_02,2,day,Town10HD_Opt,2026-03-06 07:55:25.713739,-26.9550724029541,129.98748779296875,0.0019465256482362,29.614,5.231,0.201,0.0,0,0,1,,0.926,2026-03-06T07:55:25.713739,neutral,0.807,2026-03-06T07:55:23.857919,0.354,2026-03-06T07:55:24.725000,55,,,
participant_02,2,day,Town10HD_Opt,2026-03-06 07:55:26.888597,-33.25608444213867,128.64529418945312,0.0021723173558712,25.037,14.719,0.239,0.0,0,0,1,,0.954,2026-03-06T07:55:26.888597,neutral,0.373,2026-03-06T07:55:26.888597,0.312,2026-03-06T07:55:26.704000,56,,,
participant_02,2,day,Town10HD_Opt,2026-03-06 07:55:27.807545,-36.880859375,126.47284698486328,0.0020377349574118,24.936,16.629,0.54,0.0,0,0,1,,0.961,2026-03-06T07:55:27.807545,neutral,0.373,2026-03-06T07:55:26.888597,0.305,2026-03-06T07:55:27.696000,57,,,
participant_02,2,day,Town10HD_Opt,2026-03-06 07:55:28.709528,-39.74918746948242,122.8386459350586,0.0019451142288744,28.862,16.607,0.572,0.0,0,0,1,,0.921,2026-03-06T07:55:28.709528,neutral,0.373,2026-03-06T07:55:26.888597,0.305,2026-03-06T07:55:27.696000,57,,,
participant_02,2,day,Town10HD_Opt,2026-03-06 07:55:29.924316,-41.29298400878906,115.76919555664062,0.0019360734149813,34.051,6.319,0.48,0.0,0,0,1,,0.92,2026-03-06T07:55:29.924316,happy,0.816,2026-03-06T07:55:29.924316,0.294,2026-03-06T07:55:29.719000,59,Solid line crossing,Solid line crossing,
participant_02,2,day,Town10HD_Opt,2026-03-06 07:55:30.862508,-41.21813201904297,109.90599060058594,0.0022252271883189,30.45,-4.459,0.0,0.0,0,0,1,,0.936,2026-03-06T07:55:30.862508,happy,0.816,2026-03-06T07:55:29.924316,0.287,2026-03-06T07:55:30.754000,60,,,
participant_02,2,day,Town10HD_Opt,2026-03-06 07:55:31.800478,-41.3915901184082,104.92833709716795,0.0020677566062659,27.952,1.822,0.45,0.0,0,0,1,,0.944,2026-03-06T07:55:31.800478,happy,0.816,2026-03-06T07:55:29.924316,0.288,2026-03-06T07:55:31.699000,60,,,
participant_02,2,day,Town10HD_Opt,2026-03-06 07:55:32.705872,-41.41936874389648,99.91204833984376,0.0020285795908421,28.913,0.284,0.339,0.0,0,0,1,,0.928,2026-03-06T07:55:32.705872,neutral,0.705,2026-03-06T07:55:32.705872,0.288,2026-03-06T07:55:31.699000,60,,,
participant_02,2,day,Town10HD_Opt,2026-03-06 07:55:33.904620,-41.40507125854492,93.260498046875,0.0020679091103374,27.943,-0.136,0.335,0.0,0,0,1,,0.936,2026-03-06T07:55:33.904620,neutral,0.705,2026-03-06T07:55:32.705872,0.291,2026-03-06T07:55:33.725000,58,Solid line crossing,Solid line crossing,
participant_02,2,day,Town10HD_Opt,2026-03-06 07:55:34.815232,-41.40153121948242,88.4228515625,0.0020660399459302,27.239,-0.54,0.334,0.0,0,0,1,,0.968,2026-03-06T07:55:34.815232,neutral,0.511,2026-03-06T07:55:34.815232,0.295,2026-03-06T07:55:34.714000,60,,,
participant_02,2,day,Town10HD_Opt,2026-03-06 07:55:35.713567,-41.43154144287109,83.70233917236328,0.0020639800932258,26.603,2.146,0.332,0.0,0,0,1,,0.936,2026-03-06T07:55:35.713567,neutral,0.511,2026-03-06T07:55:34.815232,0.298,2026-03-06T07:55:35.705000,61,,,
participant_02,2,day,Town10HD_Opt,2026-03-06 07:55:36.932511,-40.69852066040039,77.6744384765625,0.0020794295705854,25.553,10.713,0.329,0.0,0,0,1,,0.917,2026-03-06T07:55:36.932511,neutral,0.765,2026-03-06T07:55:36.932511,0.3,2026-03-06T07:55:36.695000,62,,,
participant_02,2,day,Town10HD_Opt,2026-03-06 07:55:37.883137,-38.85348510742188,73.72233581542969,0.0021255493629723,24.388,25.264,0.33,0.0,0,0,1,,0.849,2026-03-06T07:55:37.883137,neutral,0.765,2026-03-06T07:55:36.932511,0.302,2026-03-06T07:55:37.729000,62,,,
participant_02,2,day,Town10HD_Opt,2026-03-06 07:55:38.844186,-35.5714111328125,71.2172622680664,0.0021254348102957,23.546,21.477,0.33,0.0,0,0,1,,1.0,2026-03-06T07:55:38.844186,neutral,0.765,2026-03-06T07:55:36.932511,0.304,2026-03-06T07:55:38.765000,61,,,
participant_02,2,day,Town10HD_Opt,2026-03-06 07:55:39.810401,-31.641990661621094,70.06461334228516,0.0020690155215561,23.292,10.324,0.33,0.0,0,0,1,,0.929,2026-03-06T07:55:39.810401,neutral,0.611,2026-03-06T07:55:39.810401,0.307,2026-03-06T07:55:39.709000,60,,,
participant_02,2,day,Town10HD_Opt,2026-03-06 07:55:40.807446,-27.60611343383789,69.79186248779297,0.0020627593621611,23.003,7.301,0.33,0.0,0,0,1,,0.912,2026-03-06T07:55:40.807446,neutral,0.611,2026-03-06T07:55:39.810401,0.307,2026-03-06T07:55:40.700000,61,,,
participant_02,2,day,Town10HD_Opt,2026-03-06 07:55:41.756910,-23.5939884185791,69.97390747070312,0.0020509338937699,22.814,-1.107,0.33,0.0,0,0,1,,0.883,2026-03-06T07:55:41.756910,neutral,0.611,2026-03-06T07:55:39.810401,0.307,2026-03-06T07:55:41.691000,61,,,
participant_02,2,day,Town10HD_Opt,2026-03-06 07:55:42.710399,-19.58437728881836,70.11895751953125,0.0020220184233039,23.259,-0.721,0.386,0.0,0,0,1,,0.871,2026-03-06T07:55:42.710399,sad,0.466,2026-03-06T07:55:42.710399,0.307,2026-03-06T07:55:41.691000,61,,,
participant_02,2,day,Town10HD_Opt,2026-03-06 07:55:43.916476,-14.036417007446287,70.19523620605469,0.0020224379841238,24.239,-1.549,0.373,0.0,0,0,1,,0.913,2026-03-06T07:55:43.916476,sad,0.466,2026-03-06T07:55:42.710399,0.307,2026-03-06T07:55:43.850000,65,,,
participant_02,2,day,Town10HD_Opt,2026-03-06 07:55:44.827612,-9.749564170837402,70.16883850097656,0.0020286941435188,24.715,-0.012,0.368,0.0,0,0,1,,1.0,2026-03-06T07:55:44.827612,neutral,0.747,2026-03-06T07:55:44.827612,0.307,2026-03-06T07:55:43.850000,65,,,
participant_02,2,day,Town10HD_Opt,2026-03-06 07:55:45.745253,-5.388725280761719,70.15120697021484,0.0020312117412686,25.098,-0.031,0.368,0.0,0,0,1,,1.0,2026-03-06T07:55:45.745253,neutral,0.747,2026-03-06T07:55:44.827612,0.307,2026-03-06T07:55:45.695000,67,,,
participant_02,2,day,Town10HD_Opt,2026-03-06 07:55:46.874393,0.5226180553436279,70.13807678222656,0.0020333479624241,25.524,0.106,0.268,0.0,0,0,1,,0.857,2026-03-06T07:55:46.874393,neutral,0.64,2026-03-06T07:55:46.874393,0.307,2026-03-06T07:55:46.730000,68,,,
participant_02,2,day,Town10HD_Opt,2026-03-06 07:55:47.753557,4.862653255462647,70.147216796875,0.0021224594675004,23.412,0.014,0.203,0.0,0,0,1,,0.903,2026-03-06T07:55:47.753557,neutral,0.64,2026-03-06T07:55:46.874393,0.307,2026-03-06T07:55:47.719000,68,,,
participant_02,2,day,Town10HD_Opt,2026-03-06 07:55:48.745482,8.74805736541748,70.15489959716797,0.0021305081900209,20.853,-0.195,0.201,0.0,0,0,1,,1.0,2026-03-06T07:55:48.745482,neutral,0.64,2026-03-06T07:55:46.874393,0.307,2026-03-06T07:55:48.710000,68,,,
participant_02,2,day,Town10HD_Opt,2026-03-06 07:55:49.708574,12.183272361755373,70.14818572998047,0.0021218489855527,18.29,0.066,0.201,0.0,0,0,1,,0.806,2026-03-06T07:55:49.708574,neutral,0.715,2026-03-06T07:55:49.708574,0.301,2026-03-06T07:55:49.700000,67,,,
participant_02,2,day,Town10HD_Opt,2026-03-06 07:55:50.941719,16.378135681152344,70.14707946777344,0.001900634728372,17.537,0.092,0.201,0.0,0,0,1,,0.895,2026-03-06T07:55:50.941719,neutral,0.715,2026-03-06T07:55:49.708574,0.295,2026-03-06T07:55:50.735000,65,,,
participant_02,2,day,Town10HD_Opt,2026-03-06 07:55:51.889322,19.3189640045166,70.15180206298828,0.0020219800062477,15.088,0.082,0.0,0.0,0,0,1,,0.9,2026-03-06T07:55:51.889322,neutral,0.645,2026-03-06T07:55:51.889322,0.281,2026-03-06T07:55:51.724000,63,,,
participant_02,3,day,Town10HD_Opt,2026-03-06 07:58:56.648374,-41.66859436035156,89.7454833984375,0.5804919004440308,16.191,-0.052,0.506,0.0,0,0,1,,1.0,2026-03-06T07:58:56.648374,,,2026-03-06T07:58:56.648374,0.516,2026-03-06T07:58:55.743000,55,,,
participant_02,3,day,Town10HD_Opt,2026-03-06 07:59:01.272687,-41.67965698242188,86.85845184326172,0.0017054748022928,16.782,-0.052,0.482,0.0,0,0,1,,0.964,2026-03-06T07:59:01.272687,sad,0.975,2026-03-06T07:59:01.272687,0.556,2026-03-06T07:59:00.828000,55,,,
participant_02,3,day,Town10HD_Opt,2026-03-06 07:59:01.928993,-41.6889533996582,84.78829956054688,0.002064743079245,18.102,-0.052,0.334,0.0,0,0,1,,0.962,2026-03-06T07:59:01.928993,sad,0.975,2026-03-06T07:59:01.272687,0.563,2026-03-06T07:59:01.729000,55,,,
participant_02,3,day,Town10HD_Opt,2026-03-06 07:59:02.947949,-41.6404914855957,81.61475372314453,0.0020172118674963,18.125,5.524,0.296,0.0,0,0,1,,0.919,2026-03-06T07:59:02.947949,sad,0.975,2026-03-06T07:59:01.272687,0.569,2026-03-06T07:59:02.808000,55,,,
participant_02,3,day,Town10HD_Opt,2026-03-06 07:59:03.878860,-41.22743606567383,78.445068359375,0.0020277022849768,18.788,12.522,0.426,0.0,0,0,1,,0.904,2026-03-06T07:59:03.878860,happy,0.489,2026-03-06T07:59:03.878860,0.573,2026-03-06T07:59:03.753000,56,,,
participant_02,3,day,Town10HD_Opt,2026-03-06 07:59:04.866886,-40.02458953857422,75.25127410888672,0.0020101547706872,20.584,18.508,0.398,0.0,0,0,1,,0.849,2026-03-06T07:59:04.866886,happy,0.489,2026-03-06T07:59:03.878860,0.575,2026-03-06T07:59:04.743000,56,,,
participant_02,3,day,Town10HD_Opt,2026-03-06 07:59:05.902048,-37.7020149230957,72.41002655029297,0.0020323561038821,21.859,19.302,0.398,0.0,0,0,1,,1.0,2026-03-06T07:59:05.902048,happy,0.69,2026-03-06T07:59:05.902048,0.579,2026-03-06T07:59:05.733000,57,,,
participant_02,3,day,Town10HD_Opt,2026-03-06 07:59:06.933078,-34.35643005371094,70.45700073242188,0.0020401000510901,22.959,18.77,0.398,0.0,0,0,1,,0.917,2026-03-06T07:59:06.933078,happy,0.69,2026-03-06T07:59:05.902048,0.582,2026-03-06T07:59:06.813000,59,,,
participant_02,3,day,Town10HD_Opt,2026-03-06 07:59:07.956368,-30.3509464263916,69.73048400878906,0.0020301819313317,24.04,11.318,0.387,0.0,0,0,1,,0.857,2026-03-06T07:59:07.956368,neutral,0.82,2026-03-06T07:59:07.956368,0.585,2026-03-06T07:59:07.758000,60,,,
participant_02,3,day,Town10HD_Opt,2026-03-06 07:59:08.980994,-26.07747459411621,69.82613372802734,0.0020168684422969,24.96,0.477,0.387,0.0,0,0,1,,0.922,2026-03-06T07:59:08.980994,neutral,0.82,2026-03-06T07:59:07.956368,0.587,2026-03-06T07:59:08.749000,61,,,
participant_02,3,day,Town10HD_Opt,2026-03-06 07:59:09.694939,-23.14510536193848,69.92125701904297,0.0020174025557935,25.436,-2.031,0.392,0.0,0,0,1,,0.837,2026-03-06T07:59:09.694939,neutral,0.82,2026-03-06T07:59:07.956368,0.587,2026-03-06T07:59:08.749000,61,,,
participant_02,3,day,Town10HD_Opt,2026-03-06 07:59:10.676581,-18.62445831298828,69.99152374267578,0.0020155333913862,26.319,0.073,0.394,0.0,0,0,1,,1.0,2026-03-06T07:59:10.676581,happy,0.541,2026-03-06T07:59:10.676581,0.587,2026-03-06T07:59:09.738000,63,,,
participant_02,3,day,Town10HD_Opt,2026-03-06 07:59:11.648068,-13.962383270263672,70.04733276367188,0.0020183562301099,27.077,-0.021,0.394,0.0,0,0,1,,0.86,2026-03-06T07:59:11.648068,happy,0.541,2026-03-06T07:59:10.676581,0.587,2026-03-06T07:59:10.734000,65,,,
participant_02,3,day,Town10HD_Opt,2026-03-06 07:59:12.697720,-9.174362182617188,70.08928680419922,0.0020212554372847,27.747,0.082,0.394,0.0,0,0,1,,0.86,2026-03-06T07:59:12.697720,happy,0.738,2026-03-06T07:59:12.697720,0.587,2026-03-06T07:59:11.808000,67,Stop sign violation,stop_sign_id=833,
participant_02,3,day,Town10HD_Opt,2026-03-06 07:59:13.736035,-4.275789737701416,70.14205932617188,0.00202381121926,28.303,0.021,0.394,0.0,0,0,1,,1.0,2026-03-06T07:59:13.736035,happy,0.738,2026-03-06T07:59:12.697720,0.587,2026-03-06T07:59:12.756000,68,,,
participant_02,3,day,Town10HD_Opt,2026-03-06 07:59:14.701050,0.7198202610015869,70.17422485351562,0.002026290865615,28.839,-0.536,0.359,0.0,0,0,1,,0.892,2026-03-06T07:59:14.701050,happy,0.765,2026-03-06T07:59:14.701050,0.587,2026-03-06T07:59:13.748000,69,,,
participant_02,3,day,Town10HD_Opt,2026-03-06 07:59:15.727160,5.73664665222168,70.14789581298828,0.0020661163143813,28.23,-0.36,0.221,0.0,0,0,1,,0.931,2026-03-06T07:59:15.727160,happy,0.765,2026-03-06T07:59:14.701050,0.587,2026-03-06T07:59:15.724000,69,,,
participant_02,3,day,Town10HD_Opt,2026-03-06 07:59:16.747856,10.40646743774414,70.0863265991211,0.0021874236408621,24.237,-0.219,0.059,0.0,0,0,1,,0.918,2026-03-06T07:59:16.747856,happy,0.608,2026-03-06T07:59:16.747856,0.587,2026-03-06T07:59:15.724000,69,,,
participant_02,3,day,Town10HD_Opt,2026-03-06 07:59:17.785388,14.17514705657959,70.03460693359375,0.0022344589233398,18.336,0.251,0.0,0.0,0,0,1,,0.924,2026-03-06T07:59:17.785388,happy,0.608,2026-03-06T07:59:16.747856,0.602,2026-03-06T07:59:17.748000,67,,,
participant_02,3,day,Town10HD_Opt,2026-03-06 07:59:18.751008,17.058820724487305,70.01260375976562,0.002041091909632,14.282,0.585,0.013,0.0,0,0,1,,0.913,2026-03-06T07:59:18.751008,neutral,0.657,2026-03-06T07:59:18.751008,0.609,2026-03-06T07:59:18.738000,64,,,
participant_02,3,day,Town10HD_Opt,2026-03-06 07:59:19.758666,19.30965232849121,70.0144271850586,0.0020137024112045,11.285,0.524,0.027,0.0,0,0,1,,0.873,2026-03-06T07:59:19.758666,neutral,0.657,2026-03-06T07:59:18.751008,0.618,2026-03-06T07:59:19.729000,61,,,
participant_02,3,day,Town10HD_Opt,2026-03-06 07:59:20.695493,21.09157371520996,70.02417755126953,0.0019892882555723,9.115,0.249,0.094,0.0,0,0,1,,0.84,2026-03-06T07:59:20.695493,neutral,0.657,2026-03-06T07:59:18.751008,0.618,2026-03-06T07:59:19.729000,61,,,
participant_02,3,day,Town10HD_Opt,2026-03-06 07:59:21.649686,22.587305068969727,70.03441619873047,0.0019539641216397,7.972,0.219,0.086,0.0,0,0,1,,0.926,2026-03-06T07:59:21.649686,happy,0.525,2026-03-06T07:59:21.649686,0.629,2026-03-06T07:59:20.718000,59,,,
participant_02,3,day,Town10HD_Opt,2026-03-06 07:59:22.924180,24.307031631469727,70.04886627197266,0.001950797974132,6.666,0.174,0.078,0.0,0,0,1,,0.909,2026-03-06T07:59:22.924180,happy,0.525,2026-03-06T07:59:21.649686,0.656,2026-03-06T07:59:22.744000,57,,,
participant_02,3,day,Town10HD_Opt,2026-03-06 07:59:23.923915,25.405237197875977,70.0594711303711,0.0019623565021902,5.569,0.162,0.0,0.0,0,0,1,,0.925,2026-03-06T07:59:23.923915,happy,0.819,2026-03-06T07:59:23.923915,0.671,2026-03-06T07:59:23.734000,57,,,
participant_02,3,day,Town10HD_Opt,2026-03-06 07:59:24.884033,25.689483642578125,70.06238555908203,0.002003707922995,0.0,0.155,0.0,0.127,0,0,1,,0.932,2026-03-06T07:59:24.884033,happy,0.819,2026-03-06T07:59:23.923915,0.685,2026-03-06T07:59:24.814000,57,,,
participant_02,3,day,Town10HD_Opt,2026-03-06 07:59:25.863667,25.77326393127441,70.06326293945312,0.0017311095725744,3.861,0.129,0.831,0.0,0,0,1,,0.935,2026-03-06T07:59:25.863667,happy,0.819,2026-03-06T07:59:23.923915,0.699,2026-03-06T07:59:25.758000,56,,,
participant_02,3,day,Town10HD_Opt,2026-03-06 07:59:26.835883,27.45589065551757,70.0698013305664,0.0014949416508898,16.679,-3.149,0.782,0.0,0,0,1,,0.947,2026-03-06T07:59:26.835883,neutral,0.812,2026-03-06T07:59:26.835883,0.707,2026-03-06T07:59:26.748000,55,,,errors=Stop sign violation
participant_02,3,day,Town10HD_Opt,2026-03-06 07:59:27.804034,30.89809226989746,69.77481079101562,0.0018660735804587,22.834,-10.235,0.541,0.0,0,0,1,,0.957,2026-03-06T07:59:27.804034,neutral,0.812,2026-03-06T07:59:26.835883,0.707,2026-03-06T07:59:26.748000,55,,,
participant_02,3,day,Town10HD_Opt,2026-03-06 07:59:28.786958,35.06056213378906,68.52494049072266,0.0019184112315997,27.002,-12.454,0.541,0.0,0,0,1,,0.963,2026-03-06T07:59:28.786958,neutral,0.812,2026-03-06T07:59:26.835883,0.718,2026-03-06T07:59:28.730000,55,,,
participant_02,3,day,Town10HD_Opt,2026-03-06 07:59:29.841569,39.28377914428711,65.77007293701172,0.0019432449480518,30.946,-12.988,0.5,0.0,0,0,1,,0.93,2026-03-06T07:59:29.841569,happy,0.787,2026-03-06T07:59:29.841569,0.722,2026-03-06T07:59:29.809000,55,,,
participant_02,3,day,Town10HD_Opt,2026-03-06 07:59:30.850375,42.64208221435547,61.490501403808594,0.0021613691933453,30.32,-13.146,0.233,0.0,0,0,1,,0.924,2026-03-06T07:59:30.850375,happy,0.787,2026-03-06T07:59:29.841569,0.725,2026-03-06T07:59:30.753000,55,,,
participant_02,3,day,Town10HD_Opt,2026-03-06 07:59:31.839413,44.24392318725586,56.76081085205078,0.0021793365012854,26.729,-13.168,0.203,0.0,0,0,1,,0.938,2026-03-06T07:59:31.839413,happy,0.787,2026-03-06T07:59:29.841569,0.724,2026-03-06T07:59:31.743000,56,,,
participant_02,3,day,Town10HD_Opt,2026-03-06 07:59:32.812630,44.3750228881836,52.36477279663086,0.0021442794241011,23.762,-1.864,0.506,0.0,0,0,1,,0.969,2026-03-06T07:59:32.812630,happy,0.56,2026-03-06T07:59:32.812630,0.724,2026-03-06T07:59:31.743000,56,,,
participant_02,3,day,Town10HD_Opt,2026-03-06 07:59:33.784144,44.24874114990234,48.01613998413086,0.0018600082257762,26.668,0.881,0.518,0.0,0,0,1,,0.946,2026-03-06T07:59:33.784144,happy,0.56,2026-03-06T07:59:32.812630,0.724,2026-03-06T07:59:33.769000,58,,,
participant_02,3,day,Town10HD_Opt,2026-03-06 07:59:34.684660,44.17546463012695,43.01178741455078,0.0019387435168027,30.311,0.266,0.501,0.0,0,0,1,,0.938,2026-03-06T07:59:34.684660,happy,0.56,2026-03-06T07:59:32.812630,0.724,2026-03-06T07:59:33.769000,58,,,
participant_02,3,day,Town10HD_Opt,2026-03-06 07:59:35.640982,44.49991226196289,37.59424591064453,0.0020348739344626,31.401,12.473,0.405,0.0,0,0,1,,0.964,2026-03-06T07:59:35.640982,neutral,0.769,2026-03-06T07:59:35.640982,0.724,2026-03-06T07:59:34.764000,58,,,
participant_02,3,day,Town10HD_Opt,2026-03-06 07:59:36.922804,47.57832717895508,31.095190048217773,0.0021440123673528,29.925,16.354,0.175,0.0,0,0,1,,1.0,2026-03-06T07:59:36.922804,neutral,0.769,2026-03-06T07:59:35.640982,0.725,2026-03-06T07:59:36.738000,56,,,
participant_02,3,day,Town10HD_Opt,2026-03-06 07:59:37.865349,51.41389846801758,28.13509750366211,0.0022158431820571,25.513,16.05,0.159,0.0,0,0,1,,0.949,2026-03-06T07:59:37.865349,neutral,0.518,2026-03-06T07:59:37.865349,0.726,2026-03-06T07:59:37.729000,55,,,
participant_02,3,day,Town10HD_Opt,2026-03-06 07:59:38.865285,55.362064361572266,26.95924186706543,0.0021932220552116,21.559,14.19,0.141,0.0,0,0,1,,0.941,2026-03-06T07:59:38.865285,neutral,0.518,2026-03-06T07:59:37.865349,0.728,2026-03-06T07:59:38.721000,56,,,
participant_02,3,day,Town10HD_Opt,2026-03-06 07:59:39.863031,58.8363151550293,26.70872688293457,0.0021665573585778,18.047,0.475,0.114,0.0,0,0,1,,0.871,2026-03-06T07:59:39.863031,neutral,0.518,2026-03-06T07:59:37.865349,0.729,2026-03-06T07:59:39.753000,57,,,
participant_02,3,day,Town10HD_Opt,2026-03-06 07:59:40.871971,61.85008239746094,26.51548957824707,0.0019962692167609,15.727,-0.167,0.0,0.0,0,0,1,,0.939,2026-03-06T07:59:40.871971,neutral,0.758,2026-03-06T07:59:40.871971,0.73,2026-03-06T07:59:40.744000,58,,,
participant_02,3,day,Town10HD_Opt,2026-03-06 07:59:41.824794,64.28377532958984,26.36167907714844,0.0020660399459302,11.391,0.36,0.0,0.385,0,0,1,,0.908,2026-03-06T07:59:41.824794,neutral,0.758,2026-03-06T07:59:40.871971,0.732,2026-03-06T07:59:41.734000,58,,,
participant_02,3,day,Town10HD_Opt,2026-03-06 07:59:42.760692,65.85028839111328,26.270164489746094,0.0020801543723791,5.996,0.36,0.0,0.337,0,0,1,,0.813,2026-03-06T07:59:42.760692,neutral,0.758,2026-03-06T07:59:40.871971,0.732,2026-03-06T07:59:41.734000,58,,,
participant_02,3,day,Town10HD_Opt,2026-03-06 07:59:43.780005,66.09718322753906,26.255733489990234,0.0019953537266701,0.0,0.355,0.0,0.226,0,0,1,,0.9,2026-03-06T07:59:43.780005,neutral,0.628,2026-03-06T07:59:43.780005,0.732,2026-03-06T07:59:43.759000,58,,,
participant_02,3,day,Town10HD_Opt,2026-03-06 07:59:44.756500,66.09758758544922,26.25571632385254,0.001921615563333,0.004,0.327,0.0,0.0,0,0,1,,0.905,2026-03-06T07:59:44.756500,neutral,0.628,2026-03-06T07:59:43.780005,0.732,2026-03-06T07:59:44.749000,58,,,
participant_02,3,day,Town10HD_Opt,2026-03-06 07:59:45.686433,66.09783172607422,26.25571632385254,0.0019193649059161,0.006,0.266,0.0,0.0,0,0,1,,0.92,2026-03-06T07:59:45.686433,neutral,0.628,2026-03-06T07:59:43.780005,0.732,2026-03-06T07:59:44.749000,58,,,
participant_02,3,day,Town10HD_Opt,2026-03-06 07:59:46.680017,66.0979232788086,26.25571632385254,0.0019189452286809,0.001,0.209,0.0,0.0,0,0,1,,0.833,2026-03-06T07:59:46.680017,happy,0.547,2026-03-06T07:59:46.680017,0.754,2026-03-06T07:59:45.748000,58,,,
participant_02,3,day,Town10HD_Opt,2026-03-06 07:59:47.687012,66.0978775024414,26.25571632385254,0.0019187545403838,0.001,0.209,0.0,0.0,0,0,1,,0.87,2026-03-06T07:59:47.687012,happy,0.547,2026-03-06T07:59:46.680017,0.778,2026-03-06T07:59:46.729000,58,,,
participant_02,3,day,Town10HD_Opt,2026-03-06 07:59:48.923328,66.09801483154297,26.25571632385254,0.0019187545403838,0.001,0.209,0.0,0.0,0,0,1,,0.897,2026-03-06T07:59:48.923328,neutral,0.746,2026-03-06T07:59:48.923328,0.821,2026-03-06T07:59:48.753000,57,,,
participant_02,3,day,Town10HD_Opt,2026-03-06 07:59:49.919384,66.09805297851562,26.25571632385254,0.001919021597132,0.005,0.209,0.0,0.0,0,0,1,,0.91,2026-03-06T07:59:49.919384,neutral,0.746,2026-03-06T07:59:48.923328,0.837,2026-03-06T07:59:49.835000,59,,,
participant_02,3,day,Town10HD_Opt,2026-03-06 07:59:50.875502,66.09825897216797,26.25571632385254,0.0019192122854292,0.005,0.209,0.0,0.0,0,0,1,,0.875,2026-03-06T07:59:50.875502,neutral,0.746,2026-03-06T07:59:48.923328,0.857,2026-03-06T07:59:50.779000,61,,,
participant_02,3,day,Town10HD_Opt,2026-03-06 07:59:51.796063,66.09844970703125,26.25571632385254,0.001919021597132,0.007,0.202,0.0,0.0,0,0,1,,0.856,2026-03-06T07:59:51.796063,neutral,0.637,2026-03-06T07:59:51.796063,0.873,2026-03-06T07:59:51.724000,62,,,
participant_02,3,day,Town10HD_Opt,2026-03-06 07:59:52.738365,66.09840393066406,26.25571632385254,0.0019188689766451,0.001,0.106,0.0,0.0,0,0,1,,0.93,2026-03-06T07:59:52.738365,neutral,0.637,2026-03-06T07:59:51.796063,0.873,2026-03-06T07:59:51.724000,62,,,
participant_02,3,day,Town10HD_Opt,2026-03-06 07:59:53.650419,66.098388671875,26.25571632385254,0.001919021597132,0.0,-0.049,0.0,0.0,0,0,1,,0.939,2026-03-06T07:59:53.650419,neutral,0.637,2026-03-06T07:59:51.796063,0.892,2026-03-06T07:59:52.759000,62,,,
participant_02,3,day,Town10HD_Opt,2026-03-06 07:59:54.911482,66.09850311279297,26.25571632385254,0.001919021597132,0.0,-0.202,0.0,0.0,0,0,1,,0.922,2026-03-06T07:59:54.911482,neutral,0.721,2026-03-06T07:59:54.911482,0.933,2026-03-06T07:59:54.828000,59,,,
participant_02,3,day,Town10HD_Opt,2026-03-06 07:59:55.861739,66.09868621826172,26.25571632385254,0.0019191360333934,0.005,-0.211,0.0,0.0,0,0,1,,0.919,2026-03-06T07:59:55.861739,neutral,0.721,2026-03-06T07:59:54.911482,0.929,2026-03-06T07:59:55.818000,57,,,
participant_02,3,day,Town10HD_Opt,2026-03-06 07:59:56.825181,66.09893035888672,26.25571632385254,0.0019191360333934,0.006,-0.211,0.0,0.0,0,0,1,,0.903,2026-03-06T07:59:56.825181,neutral,0.721,2026-03-06T07:59:54.911482,0.925,2026-03-06T07:59:56.719000,56,,,
participant_02,3,day,Town10HD_Opt,2026-03-06 07:59:57.775674,66.09893035888672,26.25571632385254,0.0019189071608707,0.001,-0.214,0.0,0.0,0,0,1,,0.896,2026-03-06T07:59:57.775674,happy,0.606,2026-03-06T07:59:57.775674,0.923,2026-03-06T07:59:57.754000,54,,,
participant_02,3,day,Town10HD_Opt,2026-03-06 07:59:58.785120,66.09889221191406,26.25571632385254,0.0019187545403838,0.0,-0.214,0.0,0.0,0,0,1,,0.903,2026-03-06T07:59:58.785120,happy,0.606,2026-03-06T07:59:57.775674,0.933,2026-03-06T07:59:58.744000,54,,,
participant_02,3,day,Town10HD_Opt,2026-03-06 07:59:59.718124,66.09901428222656,26.25571632385254,0.0019190596649423,0.005,-0.221,0.0,0.0,0,0,1,,0.906,2026-03-06T07:59:59.718124,happy,0.606,2026-03-06T07:59:57.775674,0.933,2026-03-06T07:59:58.744000,54,,,
participant_02,3,day,Town10HD_Opt,2026-03-06 08:00:00.921092,66.09912109375,26.25571632385254,0.0019190596649423,0.005,-0.258,0.0,0.0,0,0,1,,0.917,2026-03-06T08:00:00.921092,happy,0.559,2026-03-06T08:00:00.921092,0.934,2026-03-06T08:00:00.724000,52,,,
participant_02,3,day,Town10HD_Opt,2026-03-06 08:00:01.907091,66.0993423461914,26.25571632385254,0.0019192504696547,0.006,-0.275,0.0,0.0,0,0,1,,0.922,2026-03-06T08:00:01.907091,happy,0.559,2026-03-06T08:00:00.921092,0.934,2026-03-06T08:00:01.759000,52,,,
participant_02,3,day,Town10HD_Opt,2026-03-06 08:00:02.821313,66.0994644165039,26.255714416503903,0.0019189452286809,0.001,-0.287,0.0,0.0,0,0,1,,0.89,2026-03-06T08:00:02.821313,happy,0.559,2026-03-06T08:00:00.921092,0.932,2026-03-06T08:00:02.748000,53,Solid line crossing,Solid line crossing,
participant_02,3,day,Town10HD_Opt,2026-03-06 08:00:03.793672,66.09941864013672,26.255714416503903,0.0019187927246093,0.001,-0.287,0.0,0.0,0,0,1,,0.9,2026-03-06T08:00:03.793672,neutral,0.543,2026-03-06T08:00:03.793672,0.931,2026-03-06T08:00:03.738000,54,,,
participant_02,3,day,Town10HD_Opt,2026-03-06 08:00:04.712357,66.0994644165039,26.25571632385254,0.0019190596649423,0.004,-0.287,0.0,0.0,0,0,1,,0.909,2026-03-06T08:00:04.712357,neutral,0.543,2026-03-06T08:00:03.793672,0.931,2026-03-06T08:00:03.738000,54,,,
participant_02,3,day,Town10HD_Opt,2026-03-06 08:00:05.648087,66.09966278076172,26.25571632385254,0.0019192122854292,0.005,-0.289,0.0,0.0,0,0,1,,0.933,2026-03-06T08:00:05.648087,neutral,0.543,2026-03-06T08:00:03.793672,0.925,2026-03-06T08:00:04.731000,54,,,
participant_02,3,day,Town10HD_Opt,2026-03-06 08:00:06.866952,66.09976959228516,26.25571632385254,0.0019192122854292,0.005,-0.289,0.0,0.0,0,0,1,,0.913,2026-03-06T08:00:06.866952,happy,0.697,2026-03-06T08:00:06.866952,0.917,2026-03-06T08:00:06.754000,53,,,
participant_02,3,day,Town10HD_Opt,2026-03-06 08:00:07.793767,66.09998321533203,26.255714416503903,0.0019189834129065,0.001,-0.289,0.0,0.0,0,0,1,,0.946,2026-03-06T08:00:07.793767,happy,0.697,2026-03-06T08:00:06.866952,0.908,2026-03-06T08:00:07.743000,54,,,
participant_02,3,day,Town10HD_Opt,2026-03-06 08:00:08.651101,66.09994506835938,26.255714416503903,0.0019188689766451,0.001,-0.298,0.0,0.0,0,0,1,,0.909,2026-03-06T08:00:08.651101,happy,0.697,2026-03-06T08:00:06.866952,0.908,2026-03-06T08:00:07.743000,54,,,
participant_02,3,day,Town10HD_Opt,2026-03-06 08:00:09.847739,66.1000747680664,26.255714416503903,0.0019188689766451,0.001,-0.313,0.0,0.0,0,0,1,,0.938,2026-03-06T08:00:09.847739,neutral,0.511,2026-03-06T08:00:09.847739,0.9,2026-03-06T08:00:09.814000,54,,,
participant_02,3,day,Town10HD_Opt,2026-03-06 08:00:10.762626,66.10003662109375,26.25571632385254,0.001919021597132,0.0,-0.331,0.0,0.0,0,0,1,,0.92,2026-03-06T08:00:10.762626,neutral,0.511,2026-03-06T08:00:09.847739,0.901,2026-03-06T08:00:10.758000,54,,,
participant_02,3,day,Town10HD_Opt,2026-03-06 08:00:11.669453,66.10021209716797,26.255714416503903,0.0019190978491678,0.005,-0.331,0.0,0.0,0,0,1,,0.9,2026-03-06T08:00:11.669453,neutral,0.511,2026-03-06T08:00:09.847739,0.901,2026-03-06T08:00:10.758000,54,,,
participant_02,3,day,Town10HD_Opt,2026-03-06 08:00:12.885938,66.1003189086914,26.25571250915528,0.0019190596649423,0.005,-0.331,0.0,0.0,0,0,1,,0.823,2026-03-06T08:00:12.885938,neutral,0.57,2026-03-06T08:00:12.885938,0.905,2026-03-06T08:00:12.785000,52,,,
participant_02,3,day,Town10HD_Opt,2026-03-06 08:00:13.837860,66.1005630493164,26.25571060180664,0.0019192504696547,0.006,-0.331,0.0,0.0,0,0,1,,0.904,2026-03-06T08:00:13.837860,neutral,0.57,2026-03-06T08:00:12.885938,0.906,2026-03-06T08:00:13.774000,51,,,
participant_02,3,day,Town10HD_Opt,2026-03-06 08:00:14.788161,66.10062408447266,26.255704879760746,0.0019189452286809,0.001,-0.331,0.0,0.0,0,0,1,,0.919,2026-03-06T08:00:14.788161,neutral,0.57,2026-03-06T08:00:12.885938,0.91,2026-03-06T08:00:14.764000,51,,,
participant_02,3,day,Town10HD_Opt,2026-03-06 08:00:15.684660,66.1005859375,26.25570297241211,0.0019187545403838,0.001,-0.331,0.0,0.0,0,0,1,,0.863,2026-03-06T08:00:15.684660,happy,0.61,2026-03-06T08:00:15.684660,0.91,2026-03-06T08:00:14.764000,51,,,
participant_02,3,day,Town10HD_Opt,2026-03-06 08:00:16.661056,66.10066986083984,26.255704879760746,0.0019190596649423,0.005,-0.331,0.0,0.0,0,0,1,,0.904,2026-03-06T08:00:16.661056,happy,0.61,2026-03-06T08:00:15.684660,0.913,2026-03-06T08:00:15.758000,50,,,
participant_02,3,day,Town10HD_Opt,2026-03-06 08:00:17.846816,66.10079193115234,26.25570297241211,0.0019190596649423,0.005,-0.327,0.0,0.0,0,0,1,,0.902,2026-03-06T08:00:17.846816,neutral,0.759,2026-03-06T08:00:17.846816,0.917,2026-03-06T08:00:16.744000,50,,,
participant_02,3,day,Town10HD_Opt,2026-03-06 08:00:18.843089,66.10099792480469,26.255699157714844,0.0019192504696547,0.006,-0.32,0.0,0.0,0,0,1,,1.0,2026-03-06T08:00:18.843089,neutral,0.759,2026-03-06T08:00:17.846816,0.91,2026-03-06T08:00:18.724000,50,,,
participant_02,3,day,Town10HD_Opt,2026-03-06 08:00:19.767549,66.1011734008789,26.25569725036621,0.0019189834129065,0.001,-0.313,0.0,0.0,0,0,1,,0.944,2026-03-06T08:00:19.767549,neutral,0.759,2026-03-06T08:00:17.846816,0.903,2026-03-06T08:00:19.759000,50,,,
participant_02,3,day,Town10HD_Opt,2026-03-06 08:00:20.894301,66.10131072998047,26.25569725036621,0.0019189834129065,0.001,-0.308,0.0,0.0,0,0,1,,0.934,2026-03-06T08:00:20.894301,happy,0.631,2026-03-06T08:00:20.894301,0.897,2026-03-06T08:00:20.839000,50,,,
participant_02,3,day,Town10HD_Opt,2026-03-06 08:00:21.786490,66.10126495361328,26.25569725036621,0.0019188307924196,0.001,-0.275,0.0,0.0,0,0,1,,0.93,2026-03-06T08:00:21.786490,happy,0.631,2026-03-06T08:00:20.894301,0.891,2026-03-06T08:00:21.784000,50,,,
participant_02,3,day,Town10HD_Opt,2026-03-06 08:00:22.660342,66.10124969482422,26.25569725036621,0.001919021597132,0.0,-0.251,0.0,0.0,0,0,1,,0.902,2026-03-06T08:00:22.660342,happy,0.631,2026-03-06T08:00:20.894301,0.891,2026-03-06T08:00:21.784000,50,,,
participant_02,3,day,Town10HD_Opt,2026-03-06 08:00:23.917605,66.10136413574219,26.25569725036621,0.0019189834129065,0.0,-0.247,0.0,0.0,0,0,1,,0.913,2026-03-06T08:00:23.917605,happy,0.554,2026-03-06T08:00:23.917605,0.883,2026-03-06T08:00:23.764000,50,,,
participant_02,3,day,Town10HD_Opt,2026-03-06 08:00:24.818584,66.1015396118164,26.25569725036621,0.0019190978491678,0.005,-0.209,0.0,0.0,0,0,1,,0.895,2026-03-06T08:00:24.818584,happy,0.554,2026-03-06T08:00:23.917605,0.878,2026-03-06T08:00:24.755000,50,,,
participant_02,3,day,Town10HD_Opt,2026-03-06 08:00:25.742781,66.10179138183594,26.25569725036621,0.0019191360333934,0.006,-0.2,0.0,0.0,0,0,1,,0.921,2026-03-06T08:00:25.742781,happy,0.554,2026-03-06T08:00:23.917605,0.878,2026-03-06T08:00:24.755000,50,,,
participant_02,3,day,Town10HD_Opt,2026-03-06 08:00:26.891455,66.10189056396484,26.25569725036621,0.0019192122854292,0.006,-0.2,0.0,0.0,0,0,1,,0.937,2026-03-06T08:00:26.891455,neutral,0.578,2026-03-06T08:00:26.891455,0.867,2026-03-06T08:00:26.734000,51,,,
participant_02,3,day,Town10HD_Opt,2026-03-06 08:00:27.797550,66.10192108154297,26.25569725036621,0.0019189071608707,0.001,-0.2,0.0,0.0,0,0,1,,0.893,2026-03-06T08:00:27.797550,neutral,0.578,2026-03-06T08:00:26.891455,0.864,2026-03-06T08:00:27.724000,51,,,
participant_02,3,day,Town10HD_Opt,2026-03-06 08:00:28.698064,66.10187530517578,26.25569725036621,0.0019187545403838,0.001,-0.2,0.0,0.0,0,0,1,,0.933,2026-03-06T08:00:28.698064,neutral,0.578,2026-03-06T08:00:26.891455,0.864,2026-03-06T08:00:27.724000,51,,,
participant_02,3,day,Town10HD_Opt,2026-03-06 08:00:29.907051,66.10201263427734,26.25569725036621,0.0019187163561582,0.001,-0.2,0.0,0.0,0,0,1,,0.943,2026-03-06T08:00:29.907051,neutral,0.827,2026-03-06T08:00:29.907051,0.856,2026-03-06T08:00:29.749000,53,,,
participant_02,3,day,Town10HD_Opt,2026-03-06 08:00:30.831414,66.10209655761719,26.25569725036621,0.001919021597132,0.005,-0.2,0.0,0.0,0,0,1,,0.922,2026-03-06T08:00:30.831414,neutral,0.827,2026-03-06T08:00:29.907051,0.852,2026-03-06T08:00:30.740000,53,,,
participant_02,3,day,Town10HD_Opt,2026-03-06 08:00:31.791577,66.10230255126953,26.25569725036621,0.0019192504696547,0.005,-0.2,0.0,0.0,0,0,1,,0.943,2026-03-06T08:00:31.791577,neutral,0.827,2026-03-06T08:00:29.907051,0.847,2026-03-06T08:00:31.775000,53,,,
participant_02,3,day,Town10HD_Opt,2026-03-06 08:00:32.696815,66.10244750976562,26.25569725036621,0.0019189834129065,0.001,-0.148,0.0,0.0,0,0,1,,1.0,2026-03-06T08:00:32.696815,neutral,0.769,2026-03-06T08:00:32.696815,0.847,2026-03-06T08:00:31.775000,53,,,
participant_02,3,day,Town10HD_Opt,2026-03-06 08:00:33.916919,66.10708618164062,26.25540542602539,0.0019183730473741,0.022,-0.202,0.161,0.0,0,1,-1,,0.908,2026-03-06T08:00:33.916919,neutral,0.769,2026-03-06T08:00:32.696815,0.842,2026-03-06T08:00:33.754000,52,,,
participant_02,3,day,Town10HD_Opt,2026-03-06 08:00:34.825797,66.04872131347656,26.262285232543945,0.0020824812818318,2.863,-8.313,0.613,0.0,0,1,-1,,0.967,2026-03-06T08:00:34.825797,neutral,0.81,2026-03-06T08:00:34.825797,0.839,2026-03-06T08:00:34.746000,52,,,
participant_02,3,day,Town10HD_Opt,2026-03-06 08:00:35.683851,65.0587158203125,26.357852935791016,0.0021771239116787,9.484,-7.418,0.628,0.0,0,1,-1,,0.843,2026-03-06T08:00:35.683851,neutral,0.81,2026-03-06T08:00:34.825797,0.839,2026-03-06T08:00:34.746000,52,,,errors=Vehicle collision
participant_02,3,day,Town10HD_Opt,2026-03-06 08:00:36.849476,63.969970703125,26.417686462402344,0.006328391842544,0.076,0.094,0.472,0.0,0,1,-1,,0.814,2026-03-06T08:00:36.849476,sad,0.342,2026-03-06T08:00:36.849476,0.835,2026-03-06T08:00:36.724000,51,,,
participant_02,3,day,Town10HD_Opt,2026-03-06 08:00:37.751042,63.970497131347656,26.433210372924805,0.0046128844842314,0.05,1.415,0.0,0.0,0,1,-1,,0.827,2026-03-06T08:00:37.751042,sad,0.342,2026-03-06T08:00:36.849476,0.835,2026-03-06T08:00:36.724000,51,,,
participant_02,3,day,Town10HD_Opt,2026-03-06 08:00:38.886267,64.15035247802734,26.45176887512207,0.0018513107206672,3.046,10.521,0.531,0.0,0,0,1,,0.91,2026-03-06T08:00:38.886267,neutral,0.845,2026-03-06T08:00:38.886267,0.84,2026-03-06T08:00:38.750000,52,,,
participant_02,3,day,Town10HD_Opt,2026-03-06 08:00:39.806019,65.09357452392578,26.635332107543945,0.0018746566493064,6.404,14.584,0.0,0.0,0,0,1,,0.869,2026-03-06T08:00:39.806019,neutral,0.845,2026-03-06T08:00:38.886267,0.84,2026-03-06T08:00:38.750000,52,,,
participant_02,3,day,Town10HD_Opt,2026-03-06 08:00:40.659076,66.05089569091797,26.880868911743164,0.0019624710548669,4.893,8.53,0.0,0.0,0,0,1,,0.975,2026-03-06T08:00:40.659076,neutral,0.845,2026-03-06T08:00:38.886267,0.843,2026-03-06T08:00:39.829000,53,,,
participant_02,3,day,Town10HD_Opt,2026-03-06 08:00:41.819485,66.99491882324219,27.12649917602539,0.0019518280168995,3.445,1.777,0.0,0.0,0,0,1,,0.907,2026-03-06T08:00:41.819485,neutral,0.55,2026-03-06T08:00:41.819485,0.847,2026-03-06T08:00:41.764000,55,,,
participant_02,3,day,Town10HD_Opt,2026-03-06 08:00:42.686019,67.5015869140625,27.25181579589844,0.0019265746232122,3.025,6.725,0.314,0.0,0,0,1,,0.934,2026-03-06T08:00:42.686019,neutral,0.55,2026-03-06T08:00:41.819485,0.847,2026-03-06T08:00:41.764000,55,,,
participant_02,3,day,Town10HD_Opt,2026-03-06 08:00:43.843165,68.64008331298828,27.55742454528809,0.001816101022996,7.435,-2.857,0.286,0.0,0,0,1,,0.891,2026-03-06T08:00:43.843165,neutral,0.46,2026-03-06T08:00:43.843165,0.847,2026-03-06T08:00:43.834000,55,,,
participant_02,3,day,Town10HD_Opt,2026-03-06 08:00:44.756616,70.10135650634766,27.86764907836914,0.0018365859286859,9.928,-2.974,0.231,0.0,0,0,1,,0.937,2026-03-06T08:00:44.756616,neutral,0.46,2026-03-06T08:00:43.843165,0.847,2026-03-06T08:00:44.734000,56,,,
participant_02,3,day,Town10HD_Opt,2026-03-06 08:00:45.919730,72.14997100830078,28.32613945007324,0.002049446105957,6.411,4.15,0.0,0.31,0,0,1,,0.938,2026-03-06T08:00:45.919730,neutral,0.563,2026-03-06T08:00:45.919730,0.847,2026-03-06T08:00:45.769000,57,,,
participant_02,3,day,Town10HD_Opt,2026-03-06 08:00:46.788894,72.42526245117188,28.39900779724121,0.0020001982338726,0.0,3.459,0.0,0.4,0,0,1,,0.945,2026-03-06T08:00:46.788894,neutral,0.563,2026-03-06T08:00:45.919730,0.847,2026-03-06T08:00:46.759000,58,,,
participant_02,3,day,Town10HD_Opt,2026-03-06 08:00:47.906017,72.4242172241211,28.39874267578125,0.0019219588721171,0.02,3.363,0.308,0.0,0,1,-1,,0.832,2026-03-06T08:00:47.906017,neutral,0.563,2026-03-06T08:00:45.919730,0.847,2026-03-06T08:00:47.749000,59,,,
participant_02,3,day,Town10HD_Opt,2026-03-06 08:00:48.774948,72.40764617919922,28.39408302307129,0.0019377898424863,1.395,5.749,0.391,0.0,0,1,-1,,0.927,2026-03-06T08:00:48.774948,neutral,0.377,2026-03-06T08:00:48.774948,0.847,2026-03-06T08:00:47.749000,59,,,
participant_02,3,day,Town10HD_Opt,2026-03-06 08:00:49.657727,71.92378234863281,28.26091957092285,0.0020020676311105,4.089,3.41,0.281,0.0,0,1,-1,,0.894,2026-03-06T08:00:49.657727,neutral,0.377,2026-03-06T08:00:48.774948,0.847,2026-03-06T08:00:48.829000,59,,,
participant_02,3,day,Town10HD_Opt,2026-03-06 08:00:50.908820,71.11802673339844,28.066680908203125,0.0018972395919263,3.025,3.983,0.283,0.0,0,1,-1,,0.934,2026-03-06T08:00:50.908820,sad,0.426,2026-03-06T08:00:50.908820,0.847,2026-03-06T08:00:50.810000,60,,,
participant_02,3,day,Town10HD_Opt,2026-03-06 08:00:51.798417,70.65997314453125,27.95298957824707,0.0018932723905891,2.309,7.382,0.237,0.0,0,1,-1,,0.928,2026-03-06T08:00:51.798417,sad,0.426,2026-03-06T08:00:50.908820,0.847,2026-03-06T08:00:51.754000,60,,,
participant_02,3,day,Town10HD_Opt,2026-03-06 08:00:52.728166,70.2952880859375,27.8597412109375,0.0019173431210219,2.055,12.355,0.241,0.0,0,1,-1,,0.932,2026-03-06T08:00:52.728166,sad,0.426,2026-03-06T08:00:50.908820,0.847,2026-03-06T08:00:51.754000,60,,,errors=Vehicle collision
participant_02,3,day,Town10HD_Opt,2026-03-06 08:00:53.905205,70.02686309814453,27.830734252929688,0.0017544936854392,1.0,15.378,0.267,0.0,0,1,-1,,1.0,2026-03-06T08:00:53.905205,neutral,0.596,2026-03-06T08:00:53.905205,0.847,2026-03-06T08:00:53.869000,61,,,
participant_02,3,day,Town10HD_Opt,2026-03-06 08:00:54.773399,69.83202362060547,27.80388641357422,0.0023738860618323,1.351,15.339,0.27,0.0,0,1,-1,,0.824,2026-03-06T08:00:54.773399,neutral,0.596,2026-03-06T08:00:53.905205,0.847,2026-03-06T08:00:54.725000,61,,,errors=Vehicle collision
participant_02,3,day,Town10HD_Opt,2026-03-06 08:00:55.920183,69.56217956542969,27.76995086669922,0.0028343200683593,0.534,14.467,0.0,0.0,0,1,-1,,0.92,2026-03-06T08:00:55.920183,sad,0.399,2026-03-06T08:00:55.920183,0.847,2026-03-06T08:00:55.759000,61,,,
participant_02,3,day,Town10HD_Opt,2026-03-06 08:00:56.840710,69.52059936523438,27.765729904174805,0.0026454543694853,0.044,14.531,0.0,0.0,0,1,-1,,1.0,2026-03-06T08:00:56.840710,sad,0.399,2026-03-06T08:00:55.920183,0.847,2026-03-06T08:00:56.839000,61,,,
participant_02,3,day,Town10HD_Opt,2026-03-06 08:00:57.707482,69.51815032958984,27.765851974487305,0.0023543166462332,0.005,14.418,0.0,0.0,0,1,-1,,1.0,2026-03-06T08:00:57.707482,sad,0.399,2026-03-06T08:00:55.920183,0.847,2026-03-06T08:00:56.839000,61,,,errors=Vehicle collision
participant_02,3,day,Town10HD_Opt,2026-03-06 08:00:58.786870,69.51986694335938,27.766469955444336,0.0019750976935029,0.005,15.98,0.022,0.0,0,0,1,,1.0,2026-03-06T08:00:58.786870,neutral,0.454,2026-03-06T08:00:58.786870,0.847,2026-03-06T08:00:57.830000,61,,,
participant_02,3,day,Town10HD_Opt,2026-03-06 08:00:59.673239,69.5297622680664,27.76953125,0.0019014739664271,0.692,24.787,0.179,0.0,0,0,1,,0.885,2026-03-06T08:00:59.673239,neutral,0.454,2026-03-06T08:00:58.786870,0.847,2026-03-06T08:00:58.827000,61,,,
participant_02,3,day,Town10HD_Opt,2026-03-06 08:01:00.790859,69.97589111328125,27.92733383178711,0.0018226623069494,4.068,17.221,0.0,0.0,0,0,1,,1.0,2026-03-06T08:01:00.790859,sad,0.456,2026-03-06T08:01:00.790859,0.847,2026-03-06T08:00:59.764000,60,,,
participant_02,3,day,Town10HD_Opt,2026-03-06 08:01:01.925033,70.8079833984375,28.140668869018555,0.0019301223801448,3.643,-5.394,0.505,0.0,0,0,1,,1.0,2026-03-06T08:01:01.925033,sad,0.456,2026-03-06T08:01:00.790859,0.847,2026-03-06T08:01:01.789000,59,,,
participant_02,3,day,Town10HD_Opt,2026-03-06 08:01:02.768874,72.10829162597656,28.328086853027344,0.0015679930802434,13.513,-7.629,0.814,0.0,0,0,1,,1.0,2026-03-06T08:01:02.768874,sad,0.456,2026-03-06T08:01:00.790859,0.847,2026-03-06T08:01:02.737000,59,,,
participant_02,3,day,Town10HD_Opt,2026-03-06 08:01:03.882748,76.44542694091797,28.552433013916016,0.0020236587151885,19.89,-2.617,0.0,0.112,0,0,1,,0.933,2026-03-06T08:01:03.882748,neutral,0.412,2026-03-06T08:01:03.882748,0.847,2026-03-06T08:01:03.724000,59,,,errors=Vehicle collision
participant_02,3,day,Town10HD_Opt,2026-03-06 08:01:04.833072,77.5636978149414,28.585453033447266,-0.0010481261415407,0.05,-1.072,0.0,0.503,0,0,1,,0.975,2026-03-06T08:01:04.833072,neutral,0.412,2026-03-06T08:01:03.882748,0.847,2026-03-06T08:01:04.805000,59,,,
participant_02,3,day,Town10HD_Opt,2026-03-06 08:01:05.680001,77.56317138671875,28.585432052612305,0.0018886947073042,0.002,-0.458,0.209,0.0,0,1,-1,,0.927,2026-03-06T08:01:05.680001,neutral,0.412,2026-03-06T08:01:03.882748,0.847,2026-03-06T08:01:04.805000,59,Vehicle-pedestrian collision,Vehicle-pedestrian collision,
participant_02,3,day,Town10HD_Opt,2026-03-06 08:01:06.838407,77.19634246826172,28.581974029541016,0.0020238494034856,3.685,-0.261,0.0,0.0,0,1,-1,,1.0,2026-03-06T08:01:06.838407,neutral,0.639,2026-03-06T08:01:06.838407,0.847,2026-03-06T08:01:06.739000,62,,,
participant_02,3,day,Town10HD_Opt,2026-03-06 08:01:07.709133,76.75965881347656,28.577726364135746,0.001856651273556,1.377,-0.275,0.0,0.0,0,1,-1,,1.0,2026-03-06T08:01:07.709133,neutral,0.639,2026-03-06T08:01:06.838407,0.847,2026-03-06T08:01:06.739000,62,,,
participant_02,3,day,Town10HD_Opt,2026-03-06 08:01:08.830507,76.5755615234375,28.575868606567383,0.0019005202921107,0.351,-0.275,0.0,0.0,0,1,-1,,0.919,2026-03-06T08:01:08.830507,neutral,0.639,2026-03-06T08:01:06.838407,0.847,2026-03-06T08:01:08.765000,61,,,
participant_02,3,day,Town10HD_Opt,2026-03-06 08:01:09.652708,76.5363998413086,28.575475692749023,0.0019045256776735,0.0,-0.378,0.0,0.0,0,1,-1,,0.918,2026-03-06T08:01:09.652708,sad,0.315,2026-03-06T08:01:09.652708,0.847,2026-03-06T08:01:08.765000,61,,,
participant_02,3,day,Town10HD_Opt,2026-03-06 08:01:10.774359,76.536376953125,28.575475692749023,0.0019180679228156,0.0,0.082,0.0,0.0,0,1,-1,,1.0,2026-03-06T08:01:10.774359,sad,0.315,2026-03-06T08:01:09.652708,0.847,2026-03-06T08:01:09.754000,60,,,
participant_02,3,day,Town10HD_Opt,2026-03-06 08:01:11.871209,76.536376953125,28.575475692749023,0.0019180679228156,0.0,0.096,0.0,0.0,0,1,-1,,0.811,2026-03-06T08:01:11.871209,neutral,0.683,2026-03-06T08:01:11.871209,0.847,2026-03-06T08:01:11.734000,58,,,
participant_02,3,day,Town10HD_Opt,2026-03-06 08:01:12.747515,76.536376953125,28.575475692749023,0.0019180679228156,0.0,0.096,0.0,0.0,0,1,-1,,1.0,2026-03-06T08:01:12.747515,neutral,0.683,2026-03-06T08:01:11.871209,0.847,2026-03-06T08:01:12.724000,60,,,
participant_02,3,day,Town10HD_Opt,2026-03-06 08:01:13.876486,76.536376953125,28.575475692749023,0.0019180679228156,0.0,0.465,0.0,0.0,0,0,1,,0.85,2026-03-06T08:01:13.876486,neutral,0.742,2026-03-06T08:01:13.876486,0.841,2026-03-06T08:01:13.759000,61,,,
participant_02,3,day,Town10HD_Opt,2026-03-06 08:01:14.752984,76.536376953125,28.575475692749023,0.0019180679228156,0.0,0.404,0.0,0.0,0,0,1,,0.938,2026-03-06T08:01:14.752984,neutral,0.742,2026-03-06T08:01:13.876486,0.834,2026-03-06T08:01:14.751000,63,,,
participant_02,3,day,Town10HD_Opt,2026-03-06 08:01:15.845670,76.536376953125,28.575475692749023,0.0019180679228156,0.0,0.383,0.0,0.0,0,0,1,,0.927,2026-03-06T08:01:15.845670,neutral,0.742,2026-03-06T08:01:13.876486,0.828,2026-03-06T08:01:15.741000,65,,,
participant_02,3,day,Town10HD_Opt,2026-03-06 08:01:16.673481,76.536376953125,28.575475692749023,0.0019180679228156,0.0,0.376,0.0,0.0,0,0,1,,0.904,2026-03-06T08:01:16.673481,neutral,0.79,2026-03-06T08:01:16.673481,0.828,2026-03-06T08:01:15.741000,65,,,
participant_02,3,day,Town10HD_Opt,2026-03-06 08:01:17.740618,76.536376953125,28.575475692749023,0.0019180679228156,0.0,0.376,0.0,0.0,0,0,1,,0.92,2026-03-06T08:01:17.740618,neutral,0.79,2026-03-06T08:01:16.673481,0.822,2026-03-06T08:01:16.730000,66,,,
participant_02,3,day,Town10HD_Opt,2026-03-06 08:01:18.894336,76.64915466308594,28.575401306152344,0.00180137634743,2.576,-0.865,0.179,0.0,0,0,1,,0.926,2026-03-06T08:01:18.894336,neutral,0.819,2026-03-06T08:01:18.894336,0.809,2026-03-06T08:01:18.846000,66,,,
participant_02,3,day,Town10HD_Opt,2026-03-06 08:01:19.861320,77.2257308959961,28.57701110839844,0.0018736267229542,3.917,-1.191,0.164,0.0,0,0,1,,0.938,2026-03-06T08:01:19.861320,neutral,0.819,2026-03-06T08:01:18.894336,0.802,2026-03-06T08:01:19.790000,64,,,
participant_02,3,day,Town10HD_Opt,2026-03-06 08:01:20.714668,78.01646423339844,28.57267570495605,0.0018862533615902,4.981,-1.455,0.162,0.0,0,0,1,,0.941,2026-03-06T08:01:20.714668,neutral,0.819,2026-03-06T08:01:18.894336,0.802,2026-03-06T08:01:19.790000,64,,,
participant_02,3,day,Town10HD_Opt,2026-03-06 08:01:21.903410,79.15553283691406,28.566749572753903,0.0019551848527044,4.012,-0.195,0.0,0.0,0,0,1,,0.833,2026-03-06T08:01:21.903410,neutral,0.766,2026-03-06T08:01:21.903410,0.779,2026-03-06T08:01:21.725000,64,,,
participant_02,3,day,Town10HD_Opt,2026-03-06 08:01:22.820397,79.79943084716797,28.56438446044922,0.0019493865547701,3.171,-0.195,0.0,0.0,0,0,1,,0.88,2026-03-06T08:01:22.820397,neutral,0.766,2026-03-06T08:01:21.903410,0.779,2026-03-06T08:01:21.725000,64,,,
participant_02,3,day,Town10HD_Opt,2026-03-06 08:01:23.673186,80.15574645996094,28.56282424926757,0.002067832974717,0.0,-0.23,0.0,0.049,0,0,1,,0.89,2026-03-06T08:01:23.673186,neutral,0.766,2026-03-06T08:01:21.903410,0.76,2026-03-06T08:01:22.849000,64,,,
participant_02,3,day,Town10HD_Opt,2026-03-06 08:01:24.865462,80.15599060058594,28.562822341918945,0.0019216918153688,0.003,-0.23,0.0,0.0,0,0,1,,0.897,2026-03-06T08:01:24.865462,neutral,0.65,2026-03-06T08:01:24.865462,0.74,2026-03-06T08:01:24.741000,62,,,
participant_02,3,day,Town10HD_Opt,2026-03-06 08:01:25.666088,80.15631866455078,28.56282424926757,0.001919021597132,0.001,-0.23,0.0,0.0,0,0,1,,0.91,2026-03-06T08:01:25.666088,neutral,0.65,2026-03-06T08:01:24.865462,0.74,2026-03-06T08:01:24.741000,62,,,
participant_02,3,day,Town10HD_Opt,2026-03-06 08:01:26.757978,80.15642547607422,28.56282424926757,0.0019191360333934,0.001,-0.23,0.0,0.0,0,0,1,,0.928,2026-03-06T08:01:26.757978,neutral,0.65,2026-03-06T08:01:24.865462,0.724,2026-03-06T08:01:25.730000,61,,,
participant_02,3,day,Town10HD_Opt,2026-03-06 08:01:27.796859,80.15644073486328,28.56282424926757,0.0019188689766451,0.006,-0.23,0.0,0.0,0,0,1,,0.93,2026-03-06T08:01:27.796859,neutral,0.871,2026-03-06T08:01:27.796859,0.711,2026-03-06T08:01:27.755000,59,,,
participant_02,3,day,Town10HD_Opt,2026-03-06 08:01:28.645151,80.1563949584961,28.56282424926757,0.0019187163561582,0.006,-0.233,0.0,0.0,0,0,1,,0.915,2026-03-06T08:01:28.645151,neutral,0.871,2026-03-06T08:01:27.796859,0.711,2026-03-06T08:01:27.755000,59,,,
participant_02,3,day,Town10HD_Opt,2026-03-06 08:01:29.778179,80.15652465820312,28.56282424926757,0.001918678288348,0.006,-0.233,0.0,0.0,0,0,1,,0.919,2026-03-06T08:01:29.778179,neutral,0.871,2026-03-06T08:01:27.796859,0.705,2026-03-06T08:01:28.835000,59,,,
participant_02,3,day,Town10HD_Opt,2026-03-06 08:01:30.665037,80.1554946899414,28.562753677368164,0.0019161986419931,0.238,11.113,0.718,0.0,0,0,1,,0.959,2026-03-06T08:01:30.665037,neutral,0.571,2026-03-06T08:01:30.665037,0.699,2026-03-06T08:01:29.780000,59,,,
participant_02,3,day,Town10HD_Opt,2026-03-06 08:01:31.762659,81.906982421875,28.72414970397949,0.0014438247308135,17.687,1.981,1.0,0.0,0,0,1,,0.962,2026-03-06T08:01:31.762659,neutral,0.571,2026-03-06T08:01:30.665037,0.688,2026-03-06T08:01:31.759000,59,,,
participant_02,3,day,Town10HD_Opt,2026-03-06 08:01:32.698745,86.04549407958984,28.851919174194336,0.0015247344272211,32.305,-10.643,1.0,0.0,0,0,1,,0.921,2026-03-06T08:01:32.698745,neutral,0.505,2026-03-06T08:01:32.698745,0.688,2026-03-06T08:01:31.759000,59,,,
participant_02,3,day,Town10HD_Opt,2026-03-06 08:01:33.788840,95.2916030883789,26.26860618591309,0.0015833663055673,51.551,-9.294,0.0,0.0,0,0,1,,0.887,2026-03-06T08:01:33.788840,neutral,0.505,2026-03-06T08:01:32.698745,0.68,2026-03-06T08:01:33.740000,61,,,
participant_02,3,day,Town10HD_Opt,2026-03-06 08:01:34.895068,103.91810607910156,18.49430084228516,0.0018512343522161,52.039,-12.309,0.0,0.212,0,0,1,,0.866,2026-03-06T08:01:34.895068,neutral,0.665,2026-03-06T08:01:34.895068,0.673,2026-03-06T08:01:34.774000,60,,,
participant_02,3,day,Town10HD_Opt,2026-03-06 08:01:35.682104,106.68901824951172,10.419910430908203,0.0018075561383739,50.758,-6.078,0.955,0.0,0,0,1,,0.859,2026-03-06T08:01:35.682104,neutral,0.665,2026-03-06T08:01:34.895068,0.673,2026-03-06T08:01:34.774000,60,,,
participant_02,3,day,Town10HD_Opt,2026-03-06 08:01:36.785334,106.97592163085938,-1.3870443105697632,0.0018584060017019,52.347,0.19,0.0,0.251,0,0,1,,0.901,2026-03-06T08:01:36.785334,neutral,0.665,2026-03-06T08:01:34.895068,0.663,2026-03-06T08:01:36.755000,59,,,
participant_02,3,day,Town10HD_Opt,2026-03-06 08:01:37.835591,107.1502914428711,-12.35884952545166,0.0022818373981863,41.541,-0.237,0.242,0.0,0,0,1,,0.88,2026-03-06T08:01:37.835591,neutral,0.559,2026-03-06T08:01:37.835591,0.654,2026-03-06T08:01:37.745000,60,,,
participant_02,3,day,Town10HD_Opt,2026-03-06 08:01:38.907485,107.1754379272461,-21.63471221923828,0.0020290755201131,39.716,-1.793,0.53,0.0,0,0,1,,0.937,2026-03-06T08:01:38.907485,neutral,0.559,2026-03-06T08:01:37.835591,0.644,2026-03-06T08:01:38.734000,60,,,errors=Solid line crossing
participant_02,3,day,Town10HD_Opt,2026-03-06 08:01:39.713664,106.69802856445312,-28.7224235534668,0.0019811247475445,41.697,-4.247,0.526,0.0,0,0,1,,0.936,2026-03-06T08:01:39.713664,neutral,0.559,2026-03-06T08:01:37.835591,0.644,2026-03-06T08:01:38.734000,60,,,
participant_02,3,day,Town10HD_Opt,2026-03-06 08:01:40.759461,104.4120101928711,-38.42793273925781,0.0019756315741688,44.282,-4.362,0.585,0.0,0,0,1,,0.951,2026-03-06T08:01:40.759461,neutral,0.603,2026-03-06T08:01:40.759461,0.634,2026-03-06T08:01:39.815000,59,,,
participant_02,3,day,Town10HD_Opt,2026-03-06 08:01:41.799190,99.73304748535156,-48.12921142578125,0.0019230269826948,48.473,-5.075,0.581,0.0,0,0,1,,0.946,2026-03-06T08:01:41.799190,neutral,0.603,2026-03-06T08:01:40.759461,0.623,2026-03-06T08:01:41.751000,60,,,
participant_02,3,day,Town10HD_Opt,2026-03-06 08:01:42.907951,92.30636596679688,-56.73206329345703,0.0020725249778479,48.347,-5.408,0.459,0.0,0,0,1,,0.921,2026-03-06T08:01:42.907951,happy,0.794,2026-03-06T08:01:42.907951,0.623,2026-03-06T08:01:42.740000,61,,,
participant_02,3,day,Town10HD_Opt,2026-03-06 08:01:43.762616,85.43235778808594,-61.50498962402344,0.0020814132876694,47.265,-5.411,0.453,0.0,0,0,1,,0.963,2026-03-06T08:01:43.762616,happy,0.794,2026-03-06T08:01:42.907951,0.623,2026-03-06T08:01:42.740000,61,Stop sign violation,stop_sign_id=1050,
participant_02,3,day,Town10HD_Opt,2026-03-06 08:01:44.682815,77.87471771240234,-64.6449203491211,0.0020789336413145,46.315,-5.411,0.452,0.0,0,0,1,,0.969,2026-03-06T08:01:44.682815,happy,0.794,2026-03-06T08:01:42.907951,0.623,2026-03-06T08:01:43.864000,62,,,
participant_02,3,day,Town10HD_Opt,2026-03-06 08:01:45.810338,67.3493881225586,-66.35285186767578,0.0020655822008848,45.328,-0.865,0.451,0.0,0,0,1,,0.84,2026-03-06T08:01:45.810338,happy,0.615,2026-03-06T08:01:45.810338,0.632,2026-03-06T08:01:44.767000,64,,,
participant_02,3,day,Town10HD_Opt,2026-03-06 08:01:46.664994,59.47041320800781,-66.7975845336914,0.0020585632883012,44.825,-0.153,0.452,0.0,0,0,1,,0.921,2026-03-06T08:01:46.664994,happy,0.615,2026-03-06T08:01:45.810338,0.635,2026-03-06T08:01:45.845000,65,,,
participant_02,3,day,Town10HD_Opt,2026-03-06 08:01:47.805638,49.0843391418457,-67.23725891113281,0.0020555877126753,44.238,-0.564,0.452,0.0,0,0,1,,0.897,2026-03-06T08:01:47.805638,happy,0.615,2026-03-06T08:01:45.810338,0.647,2026-03-06T08:01:47.735000,66,,,
participant_02,3,day,Town10HD_Opt,2026-03-06 08:01:48.682842,41.36914443969727,-67.38018035888672,0.0020537567324936,43.906,-0.322,0.452,0.0,0,0,1,,0.914,2026-03-06T08:01:48.682842,neutral,0.55,2026-03-06T08:01:48.682842,0.647,2026-03-06T08:01:47.735000,66,,,
participant_02,3,day,Town10HD_Opt,2026-03-06 08:01:49.896170,31.16823387145996,-67.40945434570312,0.0020514677744358,43.501,-0.176,0.452,0.0,0,0,1,,0.926,2026-03-06T08:01:49.896170,neutral,0.55,2026-03-06T08:01:48.682842,0.662,2026-03-06T08:01:49.804000,64,,,
participant_02,3,day,Town10HD_Opt,2026-03-06 08:01:50.756596,23.68022918701172,-67.37532043457031,0.0022293853107839,39.67,-0.012,0.0,0.0,0,0,1,,0.923,2026-03-06T08:01:50.756596,happy,0.669,2026-03-06T08:01:50.756596,0.673,2026-03-06T08:01:50.751000,63,,,
participant_02,3,day,Town10HD_Opt,2026-03-06 08:01:51.843616,15.72129249572754,-67.35131072998047,0.0023064422421157,28.194,0.425,0.0,0.0,0,0,1,,0.867,2026-03-06T08:01:51.843616,happy,0.669,2026-03-06T08:01:50.756596,0.688,2026-03-06T08:01:51.741000,61,,,
participant_02,3,day,Town10HD_Opt,2026-03-06 08:01:52.680539,11.289505004882812,-67.3908462524414,0.0022040556650608,22.682,0.489,0.222,0.0,0,0,1,,0.854,2026-03-06T08:01:52.680539,happy,0.669,2026-03-06T08:01:50.756596,0.688,2026-03-06T08:01:51.741000,61,,,
participant_02,3,day,Town10HD_Opt,2026-03-06 08:01:53.802173,6.375626564025879,-67.48737335205078,0.0021228790283203,19.319,0.146,0.203,0.0,0,0,1,,0.859,2026-03-06T08:01:53.802173,happy,0.535,2026-03-06T08:01:53.802173,0.719,2026-03-06T08:01:53.765000,59,,,
participant_02,3,day,Town10HD_Opt,2026-03-06 08:01:54.643684,3.14309310913086,-67.5644760131836,0.0020263672340661,18.064,0.233,0.203,0.0,0,0,1,,0.917,2026-03-06T08:01:54.643684,happy,0.535,2026-03-06T08:01:53.802173,0.719,2026-03-06T08:01:53.765000,59,,,
participant_02,3,day,Town10HD_Opt,2026-03-06 08:01:55.773902,-0.9791035056114196,-67.67784881591797,0.001941947848536,17.11,-0.092,0.203,0.0,0,0,1,,0.952,2026-03-06T08:01:55.773902,happy,0.535,2026-03-06T08:01:53.802173,0.728,2026-03-06T08:01:55.746000,59,,,
participant_02,3,day,Town10HD_Opt,2026-03-06 08:01:56.904066,-4.866761684417725,-67.7762451171875,0.0019396209390833,16.169,-0.148,0.203,0.0,0,0,1,,0.915,2026-03-06T08:01:56.904066,neutral,0.842,2026-03-06T08:01:56.904066,0.724,2026-03-06T08:01:56.735000,59,,,
participant_02,3,day,Town10HD_Opt,2026-03-06 08:01:57.737444,-7.658061981201172,-67.83940887451172,0.001935577369295,15.675,-0.141,0.203,0.0,0,0,1,,0.886,2026-03-06T08:01:57.737444,neutral,0.842,2026-03-06T08:01:56.904066,0.724,2026-03-06T08:01:56.735000,59,,,
participant_02,3,day,Town10HD_Opt,2026-03-06 08:01:58.886549,-11.25303077697754,-67.91205596923828,0.0019313811790198,15.113,-0.141,0.202,0.0,0,0,1,,0.831,2026-03-06T08:01:58.886549,neutral,0.842,2026-03-06T08:01:56.904066,0.712,2026-03-06T08:01:58.850000,58,,,
participant_02,3,day,Town10HD_Opt,2026-03-06 08:01:59.797042,-13.874832153320312,-67.95889282226562,0.0019287872128188,14.817,-0.141,0.202,0.0,0,0,1,,0.861,2026-03-06T08:01:59.797042,neutral,0.567,2026-03-06T08:01:59.797042,0.703,2026-03-06T08:01:59.795000,58,,,
participant_02,3,day,Town10HD_Opt,2026-03-06 08:02:00.819844,-17.231494903564453,-68.01115417480469,0.0020006941631436,12.894,-0.141,0.0,0.0,0,0,1,,0.911,2026-03-06T08:02:00.819844,neutral,0.567,2026-03-06T08:01:59.797042,0.692,2026-03-06T08:02:00.741000,58,,,
participant_02,3,day,Town10HD_Opt,2026-03-06 08:02:01.869397,-19.801040649414062,-68.04524230957031,0.0020056152716279,9.071,-0.141,0.0,0.0,0,0,1,,0.84,2026-03-06T08:02:01.869397,neutral,0.876,2026-03-06T08:02:01.869397,0.68,2026-03-06T08:02:01.731000,56,,,
participant_02,3,day,Town10HD_Opt,2026-03-06 08:02:02.682724,-21.17055892944336,-68.06121826171875,0.002032051095739,5.747,-0.139,0.0,0.197,0,0,1,,0.888,2026-03-06T08:02:02.682724,neutral,0.876,2026-03-06T08:02:01.869397,0.68,2026-03-06T08:02:01.731000,56,,,
participant_02,3,day,Town10HD_Opt,2026-03-06 08:02:03.781432,-21.454553604125977,-68.06478118896484,0.0019338607089594,0.217,-0.139,0.0,0.0,0,0,1,,0.951,2026-03-06T08:02:03.781432,neutral,0.876,2026-03-06T08:02:01.869397,0.653,2026-03-06T08:02:03.756000,55,,,
participant_02,3,day,Town10HD_Opt,2026-03-06 08:02:04.863883,-21.49733161926269,-68.06526184082031,0.0019205092685297,0.152,-0.139,0.0,0.0,0,0,1,,0.832,2026-03-06T08:02:04.863883,neutral,0.751,2026-03-06T08:02:04.863883,0.644,2026-03-06T08:02:04.745000,54,,,
participant_02,3,day,Town10HD_Opt,2026-03-06 08:02:05.696398,-21.52086639404297,-68.06562042236328,0.0019200133392587,0.119,-0.134,0.0,0.0,0,0,1,,0.845,2026-03-06T08:02:05.696398,neutral,0.751,2026-03-06T08:02:04.863883,0.644,2026-03-06T08:02:04.745000,54,,,
participant_02,3,day,Town10HD_Opt,2026-03-06 08:02:06.880706,-21.543981552124023,-68.06578826904297,0.001919784466736,0.085,-0.134,0.0,0.0,0,0,1,,0.864,2026-03-06T08:02:06.880706,happy,0.627,2026-03-06T08:02:06.880706,0.634,2026-03-06T08:02:06.815000,54,,,
participant_02,3,day,Town10HD_Opt,2026-03-06 08:02:07.694249,-21.556697845458984,-68.06578826904297,0.0019196319626644,0.066,-0.134,0.0,0.0,0,0,1,,0.908,2026-03-06T08:02:07.694249,happy,0.627,2026-03-06T08:02:06.880706,0.634,2026-03-06T08:02:06.815000,54,,,
participant_02,3,day,Town10HD_Opt,2026-03-06 08:02:08.801709,-21.56918716430664,-68.06578826904297,0.0019194793421775,0.009,-0.134,0.017,0.0,0,0,1,,0.933,2026-03-06T08:02:08.801709,happy,0.627,2026-03-06T08:02:06.880706,0.634,2026-03-06T08:02:08.750000,54,,,
participant_02,3,day,Town10HD_Opt,2026-03-06 08:02:09.689317,-22.10626602172852,-68.07099151611328,0.0014618682907894,10.708,-0.134,1.0,0.0,0,0,1,,0.906,2026-03-06T08:02:09.689317,neutral,0.747,2026-03-06T08:02:09.689317,0.634,2026-03-06T08:02:08.750000,54,,,
participant_02,3,day,Town10HD_Opt,2026-03-06 08:02:10.779097,-26.727706909179688,-68.10950469970703,0.001537513686344,30.714,-0.134,1.0,0.0,0,0,1,,0.903,2026-03-06T08:02:10.779097,neutral,0.747,2026-03-06T08:02:09.689317,0.633,2026-03-06T08:02:09.751000,56,,,
participant_02,3,day,Town10HD_Opt,2026-03-06 08:02:11.846770,-36.08663558959961,-68.14696502685547,0.0017321014311164,46.653,-0.134,0.0,0.0,0,0,1,,0.876,2026-03-06T08:02:11.846770,neutral,0.504,2026-03-06T08:02:11.846770,0.628,2026-03-06T08:02:11.765000,57,,,
participant_02,3,day,Town10HD_Opt,2026-03-06 08:02:12.902457,-45.67043685913086,-68.11797332763672,0.0028542326763272,34.139,-0.291,0.0,0.0,0,0,1,,0.908,2026-03-06T08:02:12.902457,neutral,0.504,2026-03-06T08:02:11.846770,0.625,2026-03-06T08:02:12.756000,57,,,
participant_02,3,day,Town10HD_Opt,2026-03-06 08:02:13.722953,-50.9959716796875,-68.04595184326172,0.002222633222118,25.421,-0.235,0.0,0.086,0,0,1,,0.909,2026-03-06T08:02:13.722953,neutral,0.504,2026-03-06T08:02:11.846770,0.625,2026-03-06T08:02:12.756000,57,,,
participant_02,3,day,Town10HD_Opt,2026-03-06 08:02:14.803390,-56.006595611572266,-67.9534912109375,0.0020264815539121,16.099,-0.167,0.0,0.265,0,0,1,,0.942,2026-03-06T08:02:14.803390,neutral,0.806,2026-03-06T08:02:14.803390,0.619,2026-03-06T08:02:14.736000,56,,,
participant_02,3,day,Town10HD_Opt,2026-03-06 08:02:15.844772,-59.021244049072266,-67.88705444335938,0.0020838165655732,9.223,-0.167,0.0,0.31,0,0,1,,0.894,2026-03-06T08:02:15.844772,neutral,0.806,2026-03-06T08:02:14.803390,0.613,2026-03-06T08:02:15.771000,55,,,
participant_02,3,day,Town10HD_Opt,2026-03-06 08:02:16.854880,-60.21653366088867,-67.85845184326172,0.001920623704791,3.995,-0.075,1.0,0.0,0,0,1,,0.919,2026-03-06T08:02:16.854880,neutral,0.549,2026-03-06T08:02:16.854880,0.611,2026-03-06T08:02:16.760000,55,,,
participant_02,3,day,Town10HD_Opt,2026-03-06 08:02:17.901228,-63.4230842590332,-67.81158447265625,0.0017057036748155,24.556,0.689,1.0,0.0,0,0,1,,0.91,2026-03-06T08:02:17.901228,neutral,0.549,2026-03-06T08:02:16.854880,0.606,2026-03-06T08:02:17.750000,55,,,
participant_02,3,day,Town10HD_Opt,2026-03-06 08:02:18.657519,-68.89777374267578,-67.8031005859375,0.0015295027988031,40.511,-0.24,0.861,0.0,0,0,1,,0.892,2026-03-06T08:02:18.657519,neutral,0.549,2026-03-06T08:02:16.854880,0.606,2026-03-06T08:02:17.750000,55,,,
participant_02,3,day,Town10HD_Opt,2026-03-06 08:02:19.781438,-79.67353820800781,-67.2693862915039,0.0017801666399464,51.521,-9.138,0.0,0.175,0,0,1,,0.913,2026-03-06T08:02:19.781438,neutral,0.628,2026-03-06T08:02:19.781438,0.6,2026-03-06T08:02:19.776000,53,,,
participant_02,3,day,Town10HD_Opt,2026-03-06 08:02:20.839901,-89.82466888427734,-62.42768859863281,0.0020885085687041,47.991,-14.278,0.323,0.0,0,0,1,,0.954,2026-03-06T08:02:20.839901,neutral,0.628,2026-03-06T08:02:19.781438,0.599,2026-03-06T08:02:20.766000,53,,,errors=Solid line crossing
participant_02,3,day,Town10HD_Opt,2026-03-06 08:02:21.701161,-94.17925262451172,-55.7358283996582,0.0021744917612522,43.788,-1.535,0.362,0.0,0,0,1,,0.846,2026-03-06T08:02:21.701161,neutral,0.628,2026-03-06T08:02:19.781438,0.599,2026-03-06T08:02:20.766000,53,,,
participant_02,3,day,Town10HD_Opt,2026-03-06 08:02:22.782145,-98.9609375,-47.151702880859375,0.0021226501557976,40.619,8.203,0.376,0.0,0,0,1,,0.921,2026-03-06T08:02:22.782145,neutral,0.491,2026-03-06T08:02:22.782145,0.595,2026-03-06T08:02:22.746000,54,,,
participant_02,3,day,Town10HD_Opt,2026-03-06 08:02:23.861302,-105.77586364746094,-41.00408172607422,0.0021051024086773,38.195,-2.12,0.336,0.0,0,0,1,,0.888,2026-03-06T08:02:23.861302,neutral,0.491,2026-03-06T08:02:22.782145,0.594,2026-03-06T08:02:23.736000,55,,,
participant_02,3,day,Town10HD_Opt,2026-03-06 08:02:24.657115,-110.687255859375,-36.78620529174805,0.0021740340162068,34.81,-7.758,0.0,0.0,0,0,1,,0.936,2026-03-06T08:02:24.657115,neutral,0.491,2026-03-06T08:02:22.782145,0.594,2026-03-06T08:02:23.736000,55,,,errors=Solid line crossing
participant_02,3,day,Town10HD_Opt,2026-03-06 08:02:25.749998,-114.75983428955078,-31.157506942749023,0.0023770141415297,23.304,-8.134,0.0,0.0,0,0,1,,0.959,2026-03-06T08:02:25.749998,neutral,0.322,2026-03-06T08:02:25.749998,0.592,2026-03-06T08:02:24.861000,55,,,
participant_02,3,day,Town10HD_Opt,2026-03-06 08:02:26.840445,-41.66891098022461,89.74463653564453,-0.0667848587036132,0.943,-9.081,0.0,0.0,0,0,0,,0.857,2026-03-06T08:02:26.840445,neutral,0.322,2026-03-06T08:02:25.749998,0.594,2026-03-06T08:02:26.751000,56,,,
participant_02,3,day,Town10HD_Opt,2026-03-06 08:02:27.663259,-41.669036865234375,89.74549865722656,0.0009953307453542,0.02,-7.998,0.542,0.0,0,0,0,,0.951,2026-03-06T08:02:27.663259,neutral,0.322,2026-03-06T08:02:25.749998,0.594,2026-03-06T08:02:26.751000,56,,,
participant_02,3,day,Town10HD_Opt,2026-03-06 08:02:28.757896,-41.68479537963867,88.49150848388672,0.001382827758789,16.544,-0.78,0.938,0.0,0,0,1,,0.81,2026-03-06T08:02:28.757896,sad,0.403,2026-03-06T08:02:28.757896,0.597,2026-03-06T08:02:27.740000,55,,,
participant_02,3,day,Town10HD_Opt,2026-03-06 08:02:29.871374,-41.75429153442383,83.73399353027344,0.0021390533074736,17.938,2.69,0.0,0.0,0,0,1,,0.898,2026-03-06T08:02:29.871374,sad,0.403,2026-03-06T08:02:28.757896,0.598,2026-03-06T08:02:28.777000,55,,,
participant_02,3,day,Town10HD_Opt,2026-03-06 08:02:30.689933,-41.67531204223633,81.0240249633789,0.0020444488618522,13.368,2.883,0.0,0.0,0,0,1,,0.912,2026-03-06T08:02:30.689933,sad,0.403,2026-03-06T08:02:28.757896,0.598,2026-03-06T08:02:29.904000,55,,,
participant_02,3,day,Town10HD_Opt,2026-03-06 08:02:31.807768,-41.234954833984375,78.32180786132812,0.0018331527244299,13.155,16.396,0.708,0.0,0,0,1,,0.933,2026-03-06T08:02:31.807768,neutral,0.363,2026-03-06T08:02:31.807768,0.598,2026-03-06T08:02:30.801000,55,,,
participant_02,3,day,Town10HD_Opt,2026-03-06 08:02:32.677255,-40.0277214050293,75.5976333618164,0.0019065093947574,21.439,16.555,0.785,0.0,0,0,1,,1.0,2026-03-06T08:02:32.677255,neutral,0.363,2026-03-06T08:02:31.807768,0.598,2026-03-06T08:02:31.838000,56,,,
participant_02,3,day,Town10HD_Opt,2026-03-06 08:02:33.855891,-35.99048614501953,71.25700378417969,0.0021292113233357,26.128,22.946,0.0,0.0,0,0,1,,0.818,2026-03-06T08:02:33.855891,neutral,0.364,2026-03-06T08:02:33.855891,0.598,2026-03-06T08:02:32.828000,57,,,
participant_02,3,day,Town10HD_Opt,2026-03-06 08:02:34.771922,-32.27998352050781,70.00838470458984,0.0022810362279415,19.055,12.864,0.0,0.0,0,0,1,,0.844,2026-03-06T08:02:34.771922,neutral,0.364,2026-03-06T08:02:33.855891,0.598,2026-03-06T08:02:34.760000,59,,,
participant_02,3,day,Town10HD_Opt,2026-03-06 08:02:35.905657,-27.90357780456543,69.49747467041016,0.001851386972703,23.015,7.335,0.737,0.0,0,0,1,,0.832,2026-03-06T08:02:35.905657,sad,0.359,2026-03-06T08:02:35.905657,0.598,2026-03-06T08:02:35.795000,60,,,
participant_02,3,day,Town10HD_Opt,2026-03-06 08:02:36.775314,-23.346418380737305,69.48833465576172,0.0019328689668327,27.982,2.817,0.404,0.0,0,0,1,,1.0,2026-03-06T08:02:36.775314,sad,0.359,2026-03-06T08:02:35.905657,0.598,2026-03-06T08:02:35.795000,60,,,
participant_02,3,day,Town10HD_Opt,2026-03-06 08:02:37.844784,-16.72051239013672,69.8372802734375,0.0020487594883888,28.432,-1.26,0.277,0.0,0,0,1,,0.808,2026-03-06T08:02:37.844784,sad,0.359,2026-03-06T08:02:35.905657,0.598,2026-03-06T08:02:37.777000,60,,,
participant_02,3,day,Town10HD_Opt,2026-03-06 08:02:38.686391,-11.903238296508787,69.99247741699219,0.0021087264176458,26.336,-0.298,0.273,0.0,0,0,1,,0.882,2026-03-06T08:02:38.686391,sad,0.426,2026-03-06T08:02:38.686391,0.598,2026-03-06T08:02:37.777000,60,,,
participant_02,3,day,Town10HD_Opt,2026-03-06 08:02:39.840906,-5.99774694442749,70.10596466064453,0.0020953367929905,24.176,-0.858,0.277,0.0,0,0,1,,0.841,2026-03-06T08:02:39.840906,sad,0.426,2026-03-06T08:02:38.686391,0.598,2026-03-06T08:02:39.756000,58,,,
participant_02,3,day,Town10HD_Opt,2026-03-06 08:02:40.688070,-1.8869503736495967,70.11502075195312,0.0020918273366987,22.7,-0.562,0.259,0.0,0,0,1,,0.861,2026-03-06T08:02:40.688070,neutral,0.323,2026-03-06T08:02:40.688070,0.598,2026-03-06T08:02:39.756000,58,,,
participant_02,3,day,Town10HD_Opt,2026-03-06 08:02:41.841962,3.23567008972168,70.09048461914062,0.0020509338937699,21.683,0.047,0.333,0.0,0,0,1,,1.0,2026-03-06T08:02:41.841962,neutral,0.323,2026-03-06T08:02:40.688070,0.598,2026-03-06T08:02:41.738000,57,,,
participant_02,3,day,Town10HD_Opt,2026-03-06 08:02:42.726702,7.025050640106201,70.08206939697266,0.0020434951875358,21.679,0.155,0.332,0.0,0,0,1,,0.808,2026-03-06T08:02:42.726702,sad,0.438,2026-03-06T08:02:42.726702,0.598,2026-03-06T08:02:41.738000,57,,,
participant_02,3,day,Town10HD_Opt,2026-03-06 08:02:43.917719,12.072315216064451,70.08930206298828,0.0020510863978415,21.426,-0.223,0.072,0.0,0,0,1,,0.816,2026-03-06T08:02:43.917719,sad,0.438,2026-03-06T08:02:42.726702,0.598,2026-03-06T08:02:43.761000,58,,,
participant_02,3,day,Town10HD_Opt,2026-03-06 08:02:44.797540,15.471888542175291,70.0875244140625,0.0019374083494767,17.05,-0.021,0.0,0.0,0,0,1,,0.875,2026-03-06T08:02:44.797540,sad,0.331,2026-03-06T08:02:44.797540,0.604,2026-03-06T08:02:44.751000,59,,,
participant_02,3,day,Town10HD_Opt,2026-03-06 08:02:45.888935,18.87461471557617,70.08182525634766,0.0020334625151008,12.01,-0.08,0.0,0.0,0,0,1,,0.861,2026-03-06T08:02:45.888935,sad,0.331,2026-03-06T08:02:44.797540,0.607,2026-03-06T08:02:45.741000,59,,,
participant_02,3,day,Town10HD_Opt,2026-03-06 08:02:46.799888,20.746076583862305,70.07647705078125,0.0020074462518095,9.091,-0.08,0.0,0.0,0,0,1,,0.883,2026-03-06T08:02:46.799888,neutral,0.421,2026-03-06T08:02:46.799888,0.608,2026-03-06T08:02:46.776000,59,,,
participant_02,3,day,Town10HD_Opt,2026-03-06 08:02:47.886801,22.65342140197754,70.0692138671875,0.0019344328902661,7.609,-0.08,0.0,0.0,0,0,1,,0.833,2026-03-06T08:02:47.886801,neutral,0.421,2026-03-06T08:02:46.799888,0.61,2026-03-06T08:02:47.765000,60,,,
participant_02,3,day,Town10HD_Opt,2026-03-06 08:02:48.820632,23.84090614318848,70.06387329101562,0.0019896698649972,5.631,-0.08,0.041,0.0,0,0,1,,0.912,2026-03-06T08:02:48.820632,neutral,0.581,2026-03-06T08:02:48.820632,0.614,2026-03-06T08:02:48.756000,60,,,
participant_02,3,day,Town10HD_Opt,2026-03-06 08:02:49.668531,24.708480834960938,70.05950927734375,0.0019654082134366,4.197,-0.08,0.033,0.0,0,0,1,,0.919,2026-03-06T08:02:49.668531,neutral,0.581,2026-03-06T08:02:48.820632,0.614,2026-03-06T08:02:48.756000,60,,,
participant_02,3,day,Town10HD_Opt,2026-03-06 08:02:50.826704,25.53315544128418,70.05504608154297,0.0019506835378706,2.839,-0.08,0.0,0.0,0,0,1,,0.892,2026-03-06T08:02:50.826704,neutral,0.753,2026-03-06T08:02:50.826704,0.615,2026-03-06T08:02:50.736000,59,,,
participant_02,3,day,Town10HD_Opt,2026-03-06 08:02:51.660870,26.03948402404785,70.0521469116211,0.0019394683185964,2.572,-0.08,0.0,0.0,0,0,1,,0.913,2026-03-06T08:02:51.660870,neutral,0.753,2026-03-06T08:02:50.826704,0.615,2026-03-06T08:02:50.736000,59,,,
participant_02,3,day,Town10HD_Opt,2026-03-06 08:02:52.796919,26.26230812072754,70.05075073242188,0.0019446181831881,0.0,-0.082,0.0,0.063,0,0,1,,0.944,2026-03-06T08:02:52.796919,neutral,0.753,2026-03-06T08:02:50.826704,0.614,2026-03-06T08:02:52.761000,59,,,
participant_02,3,day,Town10HD_Opt,2026-03-06 08:02:53.655897,26.334379196166992,70.05040740966797,0.0017467498546466,4.302,-0.305,0.951,0.0,0,0,1,,0.935,2026-03-06T08:02:53.655897,sad,0.417,2026-03-06T08:02:53.655897,0.614,2026-03-06T08:02:52.761000,59,,,errors=Stop sign violation
participant_02,3,day,Town10HD_Opt,2026-03-06 08:02:54.800936,29.34881591796875,69.96923828125,0.0017635726835578,21.904,-6.236,0.807,0.0,0,0,1,,0.879,2026-03-06T08:02:54.800936,sad,0.417,2026-03-06T08:02:53.655897,0.613,2026-03-06T08:02:54.741000,56,,,
participant_02,3,day,Town10HD_Opt,2026-03-06 08:02:55.714377,33.68601989746094,69.1690444946289,0.001865844707936,28.45,-12.1,0.574,0.0,0,0,1,,1.0,2026-03-06T08:02:55.714377,neutral,0.514,2026-03-06T08:02:55.714377,0.613,2026-03-06T08:02:54.741000,56,,,
participant_02,3,day,Town10HD_Opt,2026-03-06 08:02:56.842961,39.95670700073242,65.64527130126953,0.0019701765850186,33.316,-12.621,0.476,0.0,0,0,1,,0.91,2026-03-06T08:02:56.842961,neutral,0.514,2026-03-06T08:02:55.714377,0.608,2026-03-06T08:02:56.768000,54,,,
participant_02,3,day,Town10HD_Opt,2026-03-06 08:02:57.697010,43.47140502929688,61.11943054199219,0.0022247694432735,30.448,-14.727,0.0,0.0,0,0,1,,1.0,2026-03-06T08:02:57.697010,neutral,0.514,2026-03-06T08:02:55.714377,0.608,2026-03-06T08:02:56.768000,54,,,
participant_02,3,day,Town10HD_Opt,2026-03-06 08:02:58.828794,44.86357498168945,55.31790542602539,0.0022750853095203,20.313,-10.156,0.0,0.0,0,0,1,,0.81,2026-03-06T08:02:58.828794,sad,0.285,2026-03-06T08:02:58.828794,0.603,2026-03-06T08:02:58.746000,55,,,
participant_02,3,day,Town10HD_Opt,2026-03-06 08:02:59.743311,44.70899200439453,52.057655334472656,0.0019261168781667,17.534,-8.51,0.402,0.0,0,0,1,,0.87,2026-03-06T08:02:59.743311,sad,0.285,2026-03-06T08:02:58.828794,0.603,2026-03-06T08:02:58.746000,55,,,
participant_02,3,day,Town10HD_Opt,2026-03-06 08:03:00.901596,44.191253662109375,47.86604309082031,0.0020302962511777,18.898,2.092,0.524,0.0,0,0,1,,0.964,2026-03-06T08:03:00.901596,neutral,0.798,2026-03-06T08:03:00.901596,0.601,2026-03-06T08:02:59.916000,57,,,
participant_02,3,day,Town10HD_Opt,2026-03-06 08:03:01.748684,43.90956115722656,44.28910446166992,0.0019321059808135,22.321,2.259,0.355,0.0,0,0,1,,0.949,2026-03-06T08:03:01.748684,neutral,0.798,2026-03-06T08:03:00.901596,0.601,2026-03-06T08:03:00.952000,58,,,
participant_02,3,day,Town10HD_Opt,2026-03-06 08:03:02.880899,43.88935470581055,39.20518112182617,0.0020841597579419,20.911,7.406,0.36,0.0,0,0,1,,0.957,2026-03-06T08:03:02.880899,neutral,0.798,2026-03-06T08:03:00.901596,0.602,2026-03-06T08:03:02.751000,57,,,
participant_02,3,day,Town10HD_Opt,2026-03-06 08:03:03.713655,44.54862594604492,35.57023620605469,0.0020207976922392,21.808,13.904,0.504,0.0,0,0,1,,0.937,2026-03-06T08:03:03.713655,neutral,0.385,2026-03-06T08:03:03.713655,0.602,2026-03-06T08:03:02.751000,57,,,
participant_02,3,day,Town10HD_Opt,2026-03-06 08:03:04.802779,47.34722900390625,30.729217529296875,0.0019181059906259,27.493,17.174,0.408,0.0,0,0,1,,1.0,2026-03-06T08:03:04.802779,neutral,0.385,2026-03-06T08:03:03.713655,0.598,2026-03-06T08:03:04.779000,56,,,
participant_02,3,day,Town10HD_Opt,2026-03-06 08:03:05.689776,51.08882522583008,27.98543167114257,0.0022438429296016,23.74,15.42,0.0,0.0,0,0,1,,0.908,2026-03-06T08:03:05.689776,neutral,0.385,2026-03-06T08:03:03.713655,0.598,2026-03-06T08:03:04.779000,56,,,
participant_02,3,day,Town10HD_Opt,2026-03-06 08:03:06.905751,56.15185546875,26.56126594543457,0.001969528151676,24.014,7.677,0.496,0.0,0,0,1,,0.902,2026-03-06T08:03:06.905751,neutral,0.532,2026-03-06T08:03:06.905751,0.598,2026-03-06T08:03:06.756000,55,,,
participant_02,3,day,Town10HD_Opt,2026-03-06 08:03:07.742802,60.58243560791016,26.117816925048828,0.0019985961262136,25.966,-1.048,0.0,0.0,0,0,1,,0.863,2026-03-06T08:03:07.742802,neutral,0.532,2026-03-06T08:03:06.905751,0.598,2026-03-06T08:03:06.756000,55,Stop sign violation,stop_sign_id=1062,
participant_02,3,day,Town10HD_Opt,2026-03-06 08:03:08.889465,65.7491226196289,25.408308029174805,0.0022367858327925,18.041,0.719,0.0,0.0,0,0,1,,1.0,2026-03-06T08:03:08.889465,neutral,0.532,2026-03-06T08:03:06.905751,0.598,2026-03-06T08:03:08.781000,57,,,
participant_02,3,day,Town10HD_Opt,2026-03-06 08:03:09.684275,68.60173797607422,25.02493667602539,0.0019987486302852,15.034,2.826,0.173,0.0,0,0,1,,0.946,2026-03-06T08:03:09.684275,neutral,0.432,2026-03-06T08:03:09.684275,0.598,2026-03-06T08:03:08.781000,57,,,
participant_02,3,day,Town10HD_Opt,2026-03-06 08:03:10.753964,71.97647094726562,24.779903411865234,0.0019443511264398,13.962,3.61,0.171,0.0,0,0,1,,0.93,2026-03-06T08:03:10.753964,neutral,0.432,2026-03-06T08:03:09.684275,0.598,2026-03-06T08:03:09.861000,57,,,
participant_02,3,day,Town10HD_Opt,2026-03-06 08:03:11.785721,75.14189147949219,24.75308990478516,0.0019387054489925,13.131,3.601,0.074,0.0,0,0,1,,0.936,2026-03-06T08:03:11.785721,fear,0.356,2026-03-06T08:03:11.785721,0.598,2026-03-06T08:03:11.752000,57,,,
participant_02,3,day,Town10HD_Opt,2026-03-06 08:03:12.841072,77.84391784667969,24.851057052612305,0.0020083617419004,9.62,-0.938,0.0,0.0,0,0,1,,0.908,2026-03-06T08:03:12.841072,fear,0.356,2026-03-06T08:03:11.785721,0.598,2026-03-06T08:03:12.741000,57,,,
participant_02,3,day,Town10HD_Opt,2026-03-06 08:03:13.881806,79.75199890136719,24.891584396362305,0.0020079803653061,6.252,0.446,0.0,0.228,0,0,1,,0.856,2026-03-06T08:03:13.881806,sad,0.34,2026-03-06T08:03:13.881806,0.598,2026-03-06T08:03:13.865000,59,,,
participant_02,3,day,Town10HD_Opt,2026-03-06 08:03:14.646189,80.05154418945312,24.899477005004883,0.0020004652906209,0.0,0.449,0.0,0.239,0,0,1,,0.894,2026-03-06T08:03:14.646189,sad,0.34,2026-03-06T08:03:13.881806,0.598,2026-03-06T08:03:13.865000,59,,,
participant_02,3,day,Town10HD_Opt,2026-03-06 08:03:15.654147,80.05168914794922,24.89947891235352,0.0019203185802325,0.006,0.449,0.0,0.0,0,0,1,,0.958,2026-03-06T08:03:15.654147,sad,0.34,2026-03-06T08:03:13.881806,0.598,2026-03-06T08:03:14.770000,60,,,
participant_02,3,day,Town10HD_Opt,2026-03-06 08:03:16.726403,80.05178833007812,24.89947891235352,0.0019193267216905,0.006,0.449,0.0,0.0,0,0,1,,0.909,2026-03-06T08:03:16.726403,neutral,0.504,2026-03-06T08:03:16.726403,0.598,2026-03-06T08:03:15.756000,60,,,
participant_02,3,day,Town10HD_Opt,2026-03-06 08:03:17.839294,80.05189514160156,24.89947891235352,0.001919288537465,0.006,0.449,0.0,0.0,0,0,1,,0.945,2026-03-06T08:03:17.839294,neutral,0.504,2026-03-06T08:03:16.726403,0.598,2026-03-06T08:03:17.781000,59,,,
participant_02,3,day,Town10HD_Opt,2026-03-06 08:03:18.899419,80.05199432373047,24.89947891235352,0.001919288537465,0.006,0.449,0.0,0.0,0,0,1,,0.869,2026-03-06T08:03:18.899419,neutral,0.403,2026-03-06T08:03:18.899419,0.598,2026-03-06T08:03:18.861000,57,,,
participant_02,3,day,Town10HD_Opt,2026-03-06 08:03:19.821209,80.05210876464844,24.89947891235352,0.001919021597132,0.001,0.449,0.0,0.0,0,0,1,,0.918,2026-03-06T08:03:19.821209,neutral,0.403,2026-03-06T08:03:18.899419,0.595,2026-03-06T08:03:19.762000,56,,,
participant_02,3,day,Town10HD_Opt,2026-03-06 08:03:20.901989,80.05224609375,24.89947891235352,0.001919021597132,0.001,0.449,0.0,0.0,0,0,1,,0.905,2026-03-06T08:03:20.901989,neutral,0.487,2026-03-06T08:03:20.901989,0.585,2026-03-06T08:03:20.751000,55,,,
participant_02,3,day,Town10HD_Opt,2026-03-06 08:03:21.689932,80.05220031738281,24.89947891235352,0.0019188307924196,0.001,0.446,0.0,0.0,0,0,1,,0.939,2026-03-06T08:03:21.689932,neutral,0.487,2026-03-06T08:03:20.901989,0.585,2026-03-06T08:03:20.751000,55,,,
participant_02,3,day,Town10HD_Opt,2026-03-06 08:03:22.761578,80.05233001708984,24.89947891235352,0.0019188689766451,0.001,0.242,0.0,0.0,0,0,1,,0.906,2026-03-06T08:03:22.761578,neutral,0.487,2026-03-06T08:03:20.901989,0.589,2026-03-06T08:03:21.753000,56,,,
participant_02,3,day,Town10HD_Opt,2026-03-06 08:03:23.878695,80.06922912597656,24.89986801147461,0.0018923949683085,0.449,-0.226,0.0,0.0,0,0,1,,0.954,2026-03-06T08:03:23.878695,sad,0.36,2026-03-06T08:03:23.878695,0.6,2026-03-06T08:03:23.766000,56,,,
participant_02,3,day,Town10HD_Opt,2026-03-06 08:03:24.713663,80.14186096191406,24.901594161987305,0.0019218062516301,0.176,-0.256,0.306,0.0,0,0,1,,0.958,2026-03-06T08:03:24.713663,sad,0.36,2026-03-06T08:03:23.878695,0.6,2026-03-06T08:03:23.766000,56,,,
participant_02,3,day,Town10HD_Opt,2026-03-06 08:03:25.830133,81.45272064208984,24.92140007019043,0.0017898940714076,9.665,-0.496,0.0,0.0,0,0,1,,0.933,2026-03-06T08:03:25.830133,sad,0.36,2026-03-06T08:03:23.878695,0.621,2026-03-06T08:03:25.747000,55,,,
participant_02,3,day,Town10HD_Opt,2026-03-06 08:03:26.642132,82.96038818359375,24.94384384155273,0.0019929122645407,7.386,-0.289,0.067,0.0,0,0,1,,0.967,2026-03-06T08:03:26.642132,sad,0.372,2026-03-06T08:03:26.642132,0.621,2026-03-06T08:03:25.747000,55,,,
participant_02,3,day,Town10HD_Opt,2026-03-06 08:03:27.758430,84.21341705322266,24.960378646850582,0.0022790527436882,0.271,-0.228,0.244,0.0,0,0,1,,0.935,2026-03-06T08:03:27.758430,sad,0.372,2026-03-06T08:03:26.642132,0.633,2026-03-06T08:03:26.781000,54,,,
participant_02,3,day,Town10HD_Opt,2026-03-06 08:03:28.887178,85.20317840576172,25.01468276977539,0.0015064621111378,11.761,8.527,0.739,0.0,0,0,1,,0.936,2026-03-06T08:03:28.887178,neutral,0.353,2026-03-06T08:03:28.887178,0.652,2026-03-06T08:03:28.762000,54,,,errors=Vehicle-pedestrian collision
participant_02,3,day,Town10HD_Opt,2026-03-06 08:03:29.716236,88.12083435058594,25.274614334106445,0.0017728041857481,23.003,1.45,1.0,0.0,0,0,1,,0.801,2026-03-06T08:03:29.716236,neutral,0.353,2026-03-06T08:03:28.887178,0.652,2026-03-06T08:03:28.762000,54,,,
participant_02,3,day,Town10HD_Opt,2026-03-06 08:03:30.776966,95.79196166992188,25.947582244873047,0.0015717315254732,43.532,-6.355,0.948,0.0,0,0,1,,0.922,2026-03-06T08:03:30.776966,neutral,0.353,2026-03-06T08:03:28.887178,0.681,2026-03-06T08:03:30.742000,54,,,
participant_02,3,day,Town10HD_Opt,2026-03-06 08:03:31.890226,106.68406677246094,23.625289916992188,0.0022411728277802,46.15,-19.961,0.0,0.0,0,0,1,,1.0,2026-03-06T08:03:31.890226,neutral,0.501,2026-03-06T08:03:31.890226,0.686,2026-03-06T08:03:31.777000,54,,,
participant_02,3,day,Town10HD_Opt,2026-03-06 08:03:32.883125,111.48505401611328,16.350553512573242,0.0024081037845462,31.18,-15.948,0.0,0.0,0,0,1,,1.0,2026-03-06T08:03:32.883125,neutral,0.501,2026-03-06T08:03:31.890226,0.69,2026-03-06T08:03:32.767000,54,,,
participant_02,3,day,Town10HD_Opt,2026-03-06 08:03:33.684983,111.3895263671875,11.586627960205078,0.0023230360820889,23.825,-16.918,0.0,0.0,0,0,1,,0.89,2026-03-06T08:03:33.684983,neutral,0.501,2026-03-06T08:03:31.890226,0.69,2026-03-06T08:03:32.767000,54,,,
participant_02,3,day,Town10HD_Opt,2026-03-06 08:03:34.714075,109.46866607666016,7.458337306976318,0.0020052718464285,16.019,-16.104,0.0,0.0,0,0,1,,0.817,2026-03-06T08:03:34.714075,neutral,0.463,2026-03-06T08:03:34.714075,0.691,2026-03-06T08:03:33.801000,54,,,
participant_02,3,day,Town10HD_Opt,2026-03-06 08:03:35.847967,107.52971649169922,4.85882568359375,0.0020299148745834,11.461,6.049,0.0,0.0,0,0,1,,0.951,2026-03-06T08:03:35.847967,neutral,0.463,2026-03-06T08:03:34.714075,0.689,2026-03-06T08:03:34.881000,55,,,
participant_02,3,day,Town10HD_Opt,2026-03-06 08:03:36.874612,106.56526184082033,2.8230907917022705,0.0020202253945171,7.892,30.621,0.0,0.0,0,0,1,,0.858,2026-03-06T08:03:36.874612,sad,0.35,2026-03-06T08:03:36.874612,0.684,2026-03-06T08:03:36.776000,55,,,
participant_02,3,day,Town10HD_Opt,2026-03-06 08:03:37.661821,106.4784164428711,1.629465103149414,0.0019917297177016,6.032,37.984,0.0,0.0,0,0,1,,0.928,2026-03-06T08:03:37.661821,sad,0.35,2026-03-06T08:03:36.874612,0.684,2026-03-06T08:03:36.776000,55,,,
participant_02,3,day,Town10HD_Opt,2026-03-06 08:03:38.740005,106.7506103515625,0.5049312114715576,0.0019785689655691,4.219,51.627,0.0,0.0,0,0,1,,0.951,2026-03-06T08:03:38.740005,sad,0.35,2026-03-06T08:03:36.874612,0.68,2026-03-06T08:03:37.806000,54,,,
participant_02,3,day,Town10HD_Opt,2026-03-06 08:03:39.810026,107.14342498779295,-0.2127965837717056,0.0019453048007562,3.172,32.026,0.376,0.0,0,0,1,,0.987,2026-03-06T08:03:39.810026,fear,0.336,2026-03-06T08:03:39.810026,0.682,2026-03-06T08:03:39.742000,54,,,
participant_02,3,day,Town10HD_Opt,2026-03-06 08:03:40.876124,107.65000915527344,-1.7593239545822144,0.0017631911905482,10.418,-3.733,0.0,0.0,0,0,1,,0.938,2026-03-06T08:03:40.876124,fear,0.336,2026-03-06T08:03:39.810026,0.682,2026-03-06T08:03:40.821000,54,,,
participant_02,3,day,Town10HD_Opt,2026-03-06 08:03:41.662865,108.0204086303711,-3.371577262878418,0.00199157721363,8.06,-9.492,0.0,0.0,0,0,1,,0.928,2026-03-06T08:03:41.662865,fear,0.336,2026-03-06T08:03:39.810026,0.682,2026-03-06T08:03:40.821000,54,,,
participant_02,3,day,Town10HD_Opt,2026-03-06 08:03:42.707677,108.21702575683594,-5.203818321228027,0.0017502974951639,11.211,-12.973,0.367,0.0,0,0,1,,0.816,2026-03-06T08:03:42.707677,sad,0.349,2026-03-06T08:03:42.707677,0.682,2026-03-06T08:03:41.778000,55,,,
participant_02,3,day,Town10HD_Opt,2026-03-06 08:03:43.762887,108.03622436523438,-8.288372039794922,0.0017802810762077,16.174,-12.141,0.453,0.0,0,0,1,,1.0,2026-03-06T08:03:43.762887,sad,0.349,2026-03-06T08:03:42.707677,0.682,2026-03-06T08:03:43.749000,57,,,
participant_02,3,day,Town10HD_Opt,2026-03-06 08:03:44.829685,107.18733215332033,-12.42805004119873,0.0019733046647161,20.006,-0.496,0.495,0.0,0,0,1,,0.815,2026-03-06T08:03:44.829685,sad,0.333,2026-03-06T08:03:44.829685,0.682,2026-03-06T08:03:44.783000,57,,,
participant_02,3,day,Town10HD_Opt,2026-03-06 08:03:45.882700,106.32906341552734,-17.463577270507812,0.0019612121395766,23.692,8.32,0.0,0.0,0,0,1,,1.0,2026-03-06T08:03:45.882700,sad,0.333,2026-03-06T08:03:44.829685,0.682,2026-03-06T08:03:45.816000,59,,,
participant_02,3,day,Town10HD_Opt,2026-03-06 08:03:46.722685,106.4067153930664,-21.13263702392578,0.0022308730985969,17.995,11.885,0.0,0.0,0,0,1,,1.0,2026-03-06T08:03:46.722685,sad,0.333,2026-03-06T08:03:44.829685,0.682,2026-03-06T08:03:45.816000,59,,,
participant_02,3,day,Town10HD_Opt,2026-03-06 08:03:47.794319,-41.6685676574707,89.74537658691406,-0.0547260269522666,0.906,14.239,0.0,0.0,0,0,0,,1.0,2026-03-06T08:03:47.794319,sad,0.32,2026-03-06T08:03:47.794319,0.682,2026-03-06T08:03:46.769000,62,,,
participant_02,3,day,Town10HD_Opt,2026-03-06 08:03:48.749547,-41.66864776611328,89.7454833984375,0.0012951277894899,0.019,8.825,0.0,0.0,0,0,0,,1.0,2026-03-06T08:03:48.749547,sad,0.32,2026-03-06T08:03:47.794319,0.682,2026-03-06T08:03:48.741000,66,,,
participant_02,3,day,Town10HD_Opt,2026-03-06 08:03:49.659257,-41.66864776611328,89.7454833984375,0.0019057082245126,0.0,1.869,0.0,0.0,0,0,0,,0.813,2026-03-06T08:03:49.659257,sad,0.32,2026-03-06T08:03:47.794319,0.682,2026-03-06T08:03:48.741000,66,,,
participant_02,3,day,Town10HD_Opt,2026-03-06 08:03:51.022704,-41.66864776611328,89.7454833984375,0.0019173049367964,0.0,0.757,0.0,0.0,0,0,0,,1.0,2026-03-06T08:03:51.022704,sad,0.419,2026-03-06T08:03:51.022704,0.682,2026-03-06T08:03:50.766000,69,,,
participant_02,3,day,Town10HD_Opt,2026-03-06 08:03:51.910558,-41.66864776611328,89.7454833984375,0.0019184494158253,0.0,1.14,0.0,0.0,0,0,0,,1.0,2026-03-06T08:03:51.910558,sad,0.419,2026-03-06T08:03:51.022704,0.682,2026-03-06T08:03:51.756000,68,,,
participant_02,3,day,Town10HD_Opt,2026-03-06 08:03:52.789628,-41.66864776611328,89.7454833984375,0.0019184494158253,0.0,1.05,0.793,0.0,0,0,0,,1.0,2026-03-06T08:03:52.789628,sad,0.419,2026-03-06T08:03:51.022704,0.682,2026-03-06T08:03:52.747000,68,,,
participant_02,3,day,Town10HD_Opt,2026-03-06 08:03:53.686033,-41.66432189941406,88.24601745605469,0.0017567825270816,11.596,-0.402,0.0,0.0,0,0,1,,1.0,2026-03-06T08:03:53.686033,sad,0.405,2026-03-06T08:03:53.686033,0.682,2026-03-06T08:03:52.747000,68,,,
participant_02,3,day,Town10HD_Opt,2026-03-06 08:03:54.802937,-41.67994689941406,85.89611053466797,0.0020001220982521,7.326,-0.068,0.0,0.0,0,0,1,,0.8,2026-03-06T08:03:54.802937,sad,0.405,2026-03-06T08:03:53.686033,0.682,2026-03-06T08:03:54.771000,64,,,
participant_02,3,day,Town10HD_Opt,2026-03-06 08:03:55.716682,-41.6850814819336,84.93653869628906,0.0019755936227738,4.519,0.352,0.0,0.0,0,0,1,,1.0,2026-03-06T08:03:55.716682,sad,0.43,2026-03-06T08:03:55.716682,0.682,2026-03-06T08:03:54.771000,64,,,
participant_02,4,day,Town10HD_Opt,2026-03-06 08:21:17.732051,-41.66858673095703,89.7454833984375,0.580491840839386,13.267,0.162,0.454,0.0,0,0,1,,1.0,2026-03-06T08:21:17.732051,,,2026-03-06T08:21:17.732051,0.629,2026-03-06T08:21:16.866000,50,,,
participant_02,4,day,Town10HD_Opt,2026-03-06 08:21:22.380077,-41.66844177246094,87.30255889892578,0.0017222594469785,13.545,0.162,0.453,0.0,0,0,1,,1.0,2026-03-06T08:21:22.380077,,,2026-03-06T08:21:22.380077,0.662,2026-03-06T08:21:21.911000,51,,,
participant_02,4,day,Town10HD_Opt,2026-03-06 08:21:23.040918,-41.66496658325195,85.55445861816406,0.0017944335704669,16.261,0.162,0.38,0.0,0,0,1,,0.95,2026-03-06T08:21:23.040918,,,2026-03-06T08:21:22.380077,0.668,2026-03-06T08:21:22.896000,53,,,
participant_02,4,day,Town10HD_Opt,2026-03-06 08:21:23.810552,-41.65789031982422,83.56787872314453,0.0018307113787159,17.859,0.162,0.368,0.0,0,0,1,,0.929,2026-03-06T08:21:23.810552,,,2026-03-06T08:21:22.380077,0.668,2026-03-06T08:21:22.896000,53,,,
participant_02,4,day,Town10HD_Opt,2026-03-06 08:21:24.789450,-41.53264617919922,80.40452575683594,0.0020590210333466,18.081,8.027,0.363,0.0,0,0,1,,0.906,2026-03-06T08:21:24.789450,neutral,0.504,2026-03-06T08:21:24.789450,0.675,2026-03-06T08:21:23.932000,54,,,
participant_02,4,day,Town10HD_Opt,2026-03-06 08:21:25.802607,-40.86597442626953,77.26827239990234,0.0020308685488998,18.837,14.714,0.364,0.0,0,0,1,,1.0,2026-03-06T08:21:25.802607,neutral,0.504,2026-03-06T08:21:24.789450,0.676,2026-03-06T08:21:24.877000,56,,,
participant_02,4,day,Town10HD_Opt,2026-03-06 08:21:26.795971,-39.34777069091797,74.29772186279297,0.0020394516177475,19.689,19.007,0.373,0.0,0,0,1,,0.82,2026-03-06T08:21:26.795971,happy,0.904,2026-03-06T08:21:26.795971,0.678,2026-03-06T08:21:25.869000,56,,,
participant_02,4,day,Town10HD_Opt,2026-03-06 08:21:27.843607,-36.879539489746094,71.84642791748047,0.0020428085699677,20.501,18.755,0.373,0.0,0,0,1,,0.857,2026-03-06T08:21:27.843607,happy,0.904,2026-03-06T08:21:26.795971,0.676,2026-03-06T08:21:26.904000,56,,,
participant_02,4,day,Town10HD_Opt,2026-03-06 08:21:28.883716,-33.62839889526367,70.25397491455078,0.0020463943947106,21.31,17.923,0.373,0.0,0,0,1,,0.832,2026-03-06T08:21:28.883716,happy,0.64,2026-03-06T08:21:28.883716,0.673,2026-03-06T08:21:28.881000,57,,,
participant_02,4,day,Town10HD_Opt,2026-03-06 08:21:29.976015,-29.9050407409668,69.71134185791016,0.0020326995290815,22.101,9.744,0.373,0.0,0,0,1,,1.0,2026-03-06T08:21:29.976015,happy,0.64,2026-03-06T08:21:28.883716,0.676,2026-03-06T08:21:29.873000,58,,,
participant_02,4,day,Town10HD_Opt,2026-03-06 08:21:30.970883,-25.970359802246094,69.6744384765625,0.0020187757909297,22.918,-2.066,0.373,0.0,0,0,1,,1.0,2026-03-06T08:21:30.970883,happy,0.59,2026-03-06T08:21:30.970883,0.676,2026-03-06T08:21:30.907000,60,,,
participant_02,4,day,Town10HD_Opt,2026-03-06 08:21:31.930262,-21.904874801635746,69.57644653320312,0.0020211790688335,23.576,1.695,0.373,0.0,0,0,1,,1.0,2026-03-06T08:21:31.930262,happy,0.59,2026-03-06T08:21:30.970883,0.676,2026-03-06T08:21:31.896000,62,,,
participant_02,4,day,Town10HD_Opt,2026-03-06 08:21:32.892008,-17.722917556762695,69.59081268310547,0.0020233152899891,24.231,0.719,0.373,0.0,0,0,1,,1.0,2026-03-06T08:21:32.892008,happy,0.59,2026-03-06T08:21:30.970883,0.676,2026-03-06T08:21:32.887000,62,,,
participant_02,4,day,Town10HD_Opt,2026-03-06 08:21:33.862482,-13.43912124633789,69.67431640625,0.0020256424322724,24.779,0.484,0.373,0.0,0,0,1,,1.0,2026-03-06T08:21:33.862482,happy,0.622,2026-03-06T08:21:33.862482,0.676,2026-03-06T08:21:32.887000,62,,,
participant_02,4,day,Town10HD_Opt,2026-03-06 08:21:34.886918,-9.065034866333008,69.78616333007812,0.0020275115966796,25.265,-0.179,0.373,0.0,0,0,1,,1.0,2026-03-06T08:21:34.886918,happy,0.622,2026-03-06T08:21:33.862482,0.676,2026-03-06T08:21:34.866000,64,,,
participant_02,4,day,Town10HD_Opt,2026-03-06 08:21:35.852177,-4.610107421875,69.88687896728516,0.002029457129538,25.695,-0.369,0.373,0.0,0,0,1,,1.0,2026-03-06T08:21:35.852177,happy,0.622,2026-03-06T08:21:33.862482,0.676,2026-03-06T08:21:34.866000,64,,,
participant_02,4,day,Town10HD_Opt,2026-03-06 08:21:36.866990,-0.0834678038954734,69.95936584472656,0.002031059237197,26.074,-0.369,0.373,0.0,0,0,1,,1.0,2026-03-06T08:21:36.866990,neutral,0.566,2026-03-06T08:21:36.866990,0.676,2026-03-06T08:21:35.902000,64,,,
participant_02,4,day,Town10HD_Opt,2026-03-06 08:21:37.796055,4.506204128265381,70.00367736816406,0.0020325088407844,26.408,-0.059,0.373,0.0,0,0,1,,1.0,2026-03-06T08:21:37.796055,neutral,0.566,2026-03-06T08:21:36.866990,0.676,2026-03-06T08:21:36.893000,64,,,
participant_02,4,day,Town10HD_Opt,2026-03-06 08:21:38.785832,9.121014595031738,70.0340576171875,0.0021020506974309,25.565,-0.298,0.0,0.0,0,0,1,,1.0,2026-03-06T08:21:38.785832,neutral,0.566,2026-03-06T08:21:36.866990,0.668,2026-03-06T08:21:37.972000,63,,,
participant_02,4,day,Town10HD_Opt,2026-03-06 08:21:39.772288,13.068391799926758,70.03387451171875,0.002237434266135,19.553,-0.27,0.0,0.0,0,0,1,,1.0,2026-03-06T08:21:39.772288,neutral,0.507,2026-03-06T08:21:39.772288,0.661,2026-03-06T08:21:38.872000,60,,,
participant_02,4,day,Town10HD_Opt,2026-03-06 08:21:40.799759,16.074459075927734,70.02462005615234,0.0020332718268036,15.126,0.002,0.0,0.0,0,0,1,,1.0,2026-03-06T08:21:40.799759,neutral,0.507,2026-03-06T08:21:39.772288,0.655,2026-03-06T08:21:39.907000,59,,,
participant_02,4,day,Town10HD_Opt,2026-03-06 08:21:41.764134,18.40252494812012,70.01727294921875,0.0020085524301975,11.849,-0.04,0.113,0.0,0,0,1,,1.0,2026-03-06T08:21:41.764134,neutral,0.507,2026-03-06T08:21:39.772288,0.645,2026-03-06T08:21:40.897000,58,,,
participant_02,4,day,Town10HD_Opt,2026-03-06 08:21:42.741097,20.364177703857425,70.01016998291016,0.0019654463976621,10.449,-0.028,0.095,0.0,0,0,1,,1.0,2026-03-06T08:21:42.741097,neutral,0.623,2026-03-06T08:21:42.741097,0.635,2026-03-06T08:21:41.886000,59,,,
participant_02,4,day,Town10HD_Opt,2026-03-06 08:21:43.979593,22.62664794921875,70.00133514404297,0.0019552230369299,8.891,-0.026,0.094,0.0,0,0,1,,1.0,2026-03-06T08:21:43.979593,neutral,0.623,2026-03-06T08:21:42.741097,0.639,2026-03-06T08:21:43.867000,58,,,
participant_02,4,day,Town10HD_Opt,2026-03-06 08:21:44.913676,24.072378158569336,69.99533081054688,0.0019792555831372,7.26,-0.026,0.0,0.0,0,0,1,,0.851,2026-03-06T08:21:44.913676,neutral,0.819,2026-03-06T08:21:44.913676,0.64,2026-03-06T08:21:44.902000,57,,,
participant_02,4,day,Town10HD_Opt,2026-03-06 08:21:45.889143,25.087289810180664,69.99101257324219,0.0023573683574795,0.0,-0.026,0.0,0.154,0,0,1,,1.0,2026-03-06T08:21:45.889143,neutral,0.819,2026-03-06T08:21:44.913676,0.64,2026-03-06T08:21:44.902000,57,,,
participant_02,4,day,Town10HD_Opt,2026-03-06 08:21:46.878751,25.08979225158692,69.99101257324219,0.0019379042787477,0.075,-0.026,0.354,0.0,0,0,1,,0.854,2026-03-06T08:21:46.878751,neutral,0.819,2026-03-06T08:21:44.913676,0.642,2026-03-06T08:21:45.892000,56,Stop sign violation,stop_sign_id=1120,
participant_02,4,day,Town10HD_Opt,2026-03-06 08:21:47.801398,25.48345184326172,69.98925018310547,0.0017773436848074,4.637,-0.026,0.113,0.0,0,0,1,,1.0,2026-03-06T08:21:47.801398,neutral,0.847,2026-03-06T08:21:47.801398,0.643,2026-03-06T08:21:46.882000,56,,,
participant_02,4,day,Town10HD_Opt,2026-03-06 08:21:48.995257,26.11177635192871,69.98603057861328,0.002017326420173,0.0,-0.026,0.0,0.018,0,0,1,,1.0,2026-03-06T08:21:48.995257,neutral,0.847,2026-03-06T08:21:47.801398,0.661,2026-03-06T08:21:48.908000,54,,,
participant_02,4,day,Town10HD_Opt,2026-03-06 08:21:49.963513,26.15177345275879,69.98588562011719,0.0018389510223641,1.633,-0.026,0.307,0.0,0,0,1,,1.0,2026-03-06T08:21:49.963513,neutral,0.804,2026-03-06T08:21:49.963513,0.672,2026-03-06T08:21:49.897000,55,,,
participant_02,4,day,Town10HD_Opt,2026-03-06 08:21:50.949505,26.59025764465332,69.98342895507812,0.0019144057296216,2.627,-0.026,0.0,0.0,0,0,1,,1.0,2026-03-06T08:21:50.949505,neutral,0.804,2026-03-06T08:21:49.963513,0.686,2026-03-06T08:21:50.888000,55,,,
participant_02,4,day,Town10HD_Opt,2026-03-06 08:21:51.945426,26.67458724975586,69.98298645019531,0.0018628310644999,1.735,-0.026,0.761,0.0,0,0,1,,0.837,2026-03-06T08:21:51.945426,neutral,0.804,2026-03-06T08:21:49.963513,0.701,2026-03-06T08:21:51.877000,54,,,
participant_02,4,day,Town10HD_Opt,2026-03-06 08:21:52.912148,27.91519546508789,69.97590637207031,0.0015478134155273,13.292,-0.738,0.593,0.0,0,0,1,,0.831,2026-03-06T08:21:52.912148,neutral,0.827,2026-03-06T08:21:52.912148,0.701,2026-03-06T08:21:51.877000,54,,,
participant_02,4,day,Town10HD_Opt,2026-03-06 08:21:53.869158,30.61351585388184,69.85220336914062,0.0018341445829719,16.739,-6.843,0.267,0.0,0,0,1,,0.881,2026-03-06T08:21:53.869158,neutral,0.827,2026-03-06T08:21:52.912148,0.704,2026-03-06T08:21:52.913000,54,,,
participant_02,4,day,Town10HD_Opt,2026-03-06 08:21:54.821992,33.37197494506836,69.38400268554688,0.0020030213054269,14.637,-9.928,0.075,0.0,0,0,1,,0.817,2026-03-06T08:21:54.821992,neutral,0.827,2026-03-06T08:21:52.912148,0.716,2026-03-06T08:21:53.902000,54,,,
participant_02,4,day,Town10HD_Opt,2026-03-06 08:21:55.763913,35.630149841308594,68.66358947753906,0.0019940948113799,12.288,-10.728,0.093,0.0,0,0,1,,0.867,2026-03-06T08:21:55.763913,neutral,0.84,2026-03-06T08:21:55.763913,0.711,2026-03-06T08:21:54.894000,54,,,
participant_02,4,day,Town10HD_Opt,2026-03-06 08:21:56.744010,37.51331329345703,67.78105926513672,0.0019303893204778,11.79,-10.956,0.239,0.0,0,0,1,,0.804,2026-03-06T08:21:56.744010,neutral,0.84,2026-03-06T08:21:55.763913,0.706,2026-03-06T08:21:55.910000,53,,,
participant_02,4,day,Town10HD_Opt,2026-03-06 08:21:57.953571,40.03223037719727,66.11346435546875,0.0018381117843091,14.795,-11.902,0.362,0.0,0,0,1,,0.852,2026-03-06T08:21:57.953571,neutral,0.55,2026-03-06T08:21:57.953571,0.696,2026-03-06T08:21:57.906000,55,,,
participant_02,4,day,Town10HD_Opt,2026-03-06 08:21:58.875898,42.02064895629883,64.17657470703125,0.0018532943213358,17.189,-13.382,0.356,0.0,0,0,1,,0.903,2026-03-06T08:21:58.875898,neutral,0.55,2026-03-06T08:21:57.953571,0.696,2026-03-06T08:21:57.906000,55,,,
participant_02,4,day,Town10HD_Opt,2026-03-06 08:21:59.787156,43.78964614868164,61.60346221923828,0.0020996092353016,18.117,-13.231,0.349,0.0,0,0,1,,0.866,2026-03-06T08:21:59.787156,neutral,0.55,2026-03-06T08:21:57.953571,0.691,2026-03-06T08:21:58.900000,56,,,
participant_02,4,day,Town10HD_Opt,2026-03-06 08:22:01.008766,45.28544998168945,57.64598846435547,0.0020388411357998,18.147,-13.363,0.238,0.0,0,0,1,,0.858,2026-03-06T08:22:01.008766,neutral,0.718,2026-03-06T08:22:01.008766,0.653,2026-03-06T08:22:00.877000,58,,,
participant_02,4,day,Town10HD_Opt,2026-03-06 08:22:01.965484,45.62290573120117,54.50947952270508,0.0018573760753497,18.051,-13.37,0.238,0.0,0,0,1,,0.851,2026-03-06T08:22:01.965484,neutral,0.718,2026-03-06T08:22:01.008766,0.627,2026-03-06T08:22:01.867000,57,,,
participant_02,4,day,Town10HD_Opt,2026-03-06 08:22:02.957982,45.31609344482422,51.40194320678711,0.0019338988931849,17.768,-9.057,0.24,0.0,0,0,1,,0.855,2026-03-06T08:22:02.957982,neutral,0.718,2026-03-06T08:22:01.008766,0.599,2026-03-06T08:22:02.946000,56,,,
participant_02,4,day,Town10HD_Opt,2026-03-06 08:22:03.950922,44.78596115112305,48.36332321166992,0.0019539259374141,16.926,2.271,0.0,0.0,0,0,1,,0.894,2026-03-06T08:22:03.950922,neutral,0.752,2026-03-06T08:22:03.950922,0.562,2026-03-06T08:22:03.893000,56,,,
participant_02,4,day,Town10HD_Opt,2026-03-06 08:22:04.879019,44.46484375,45.73377227783203,0.0020408248528838,12.879,3.547,0.0,0.0,0,0,1,,0.901,2026-03-06T08:22:04.879019,neutral,0.752,2026-03-06T08:22:03.950922,0.562,2026-03-06T08:22:03.893000,56,,,
participant_02,4,day,Town10HD_Opt,2026-03-06 08:22:05.863305,44.31382751464844,43.70305633544922,0.0020153808873146,10.041,3.547,0.0,0.0,0,0,1,,0.89,2026-03-06T08:22:05.863305,neutral,0.752,2026-03-06T08:22:03.950922,0.542,2026-03-06T08:22:04.882000,56,,,
participant_02,4,day,Town10HD_Opt,2026-03-06 08:22:06.802065,44.25316619873047,42.14031219482422,0.0019931411370635,7.71,3.497,0.0,0.0,0,0,1,,0.887,2026-03-06T08:22:06.802065,neutral,0.843,2026-03-06T08:22:06.802065,0.522,2026-03-06T08:22:06.007000,57,Solid line crossing,Solid line crossing,
participant_02,4,day,Town10HD_Opt,2026-03-06 08:22:07.723875,44.23916244506836,40.95841598510742,0.0020017242059111,5.415,3.488,0.0,0.028,0,0,1,,0.892,2026-03-06T08:22:07.723875,neutral,0.843,2026-03-06T08:22:06.802065,0.502,2026-03-06T08:22:06.907000,57,,,
participant_02,4,day,Town10HD_Opt,2026-03-06 08:22:08.989117,44.23935317993164,40.763427734375,0.0018490981310606,1.873,3.464,0.708,0.0,0,0,1,,0.896,2026-03-06T08:22:08.989117,neutral,0.458,2026-03-06T08:22:08.989117,0.458,2026-03-06T08:22:08.887000,58,,,
participant_02,4,day,Town10HD_Opt,2026-03-06 08:22:09.962787,44.27647399902344,39.54034423828125,0.0015184402000159,13.732,6.116,0.764,0.0,0,0,1,,1.0,2026-03-06T08:22:09.962787,neutral,0.458,2026-03-06T08:22:08.989117,0.44,2026-03-06T08:22:09.878000,58,,,
participant_02,4,day,Town10HD_Opt,2026-03-06 08:22:10.963987,44.74138259887695,36.61169052124024,0.0020431517623364,18.567,16.285,0.179,0.0,0,0,1,,1.0,2026-03-06T08:22:10.963987,neutral,0.458,2026-03-06T08:22:08.989117,0.426,2026-03-06T08:22:10.867000,56,,,
participant_02,4,day,Town10HD_Opt,2026-03-06 08:22:11.894884,46.01116943359375,33.76896667480469,0.0019599914085119,17.018,17.416,0.129,0.0,0,0,1,,1.0,2026-03-06T08:22:11.894884,neutral,0.749,2026-03-06T08:22:11.894884,0.426,2026-03-06T08:22:10.867000,56,,,
participant_02,4,day,Town10HD_Opt,2026-03-06 08:22:12.793033,47.70785903930664,31.66877555847168,0.0020542906131595,13.476,16.791,0.032,0.0,0,0,1,,1.0,2026-03-06T08:22:12.793033,neutral,0.749,2026-03-06T08:22:11.894884,0.411,2026-03-06T08:22:11.902000,55,,,
participant_02,4,day,Town10HD_Opt,2026-03-06 08:22:13.761053,49.534423828125,30.19536590576172,0.0019420622847974,13.419,15.62,0.105,0.0,0,0,1,,1.0,2026-03-06T08:22:13.761053,neutral,0.749,2026-03-06T08:22:11.894884,0.398,2026-03-06T08:22:12.901000,53,,,
participant_02,4,day,Town10HD_Opt,2026-03-06 08:22:14.911084,52.03192901611328,28.916793823242188,0.0020154190715402,10.244,16.357,0.0,0.0,0,0,1,,1.0,2026-03-06T08:22:14.911084,neutral,0.474,2026-03-06T08:22:14.911084,0.374,2026-03-06T08:22:14.872000,54,,,
participant_02,4,day,Town10HD_Opt,2026-03-06 08:22:15.860169,53.54706573486328,28.53329086303711,0.002032661344856,7.194,20.634,0.0,0.241,0,0,1,,1.0,2026-03-06T08:22:15.860169,neutral,0.474,2026-03-06T08:22:14.911084,0.374,2026-03-06T08:22:14.872000,54,,,
participant_02,4,day,Town10HD_Opt,2026-03-06 08:22:16.775294,53.94894409179688,28.47827339172364,0.0020221327431499,0.0,18.666,0.0,0.362,0,0,1,,1.0,2026-03-06T08:22:16.775294,neutral,0.474,2026-03-06T08:22:14.911084,0.355,2026-03-06T08:22:15.911000,55,,,
participant_02,4,day,Town10HD_Opt,2026-03-06 08:22:17.971268,53.94522476196289,28.479127883911133,0.0019233322236686,0.085,1.156,0.711,0.0,0,1,-1,,1.0,2026-03-06T08:22:17.971268,fear,0.401,2026-03-06T08:22:17.971268,0.32,2026-03-06T08:22:17.887000,56,,,
participant_02,4,day,Town10HD_Opt,2026-03-06 08:22:18.849140,53.08587646484375,28.69868850708008,0.0023127363529056,11.882,1.3,0.767,0.0,0,1,-1,,1.0,2026-03-06T08:22:18.849140,fear,0.401,2026-03-06T08:22:17.971268,0.32,2026-03-06T08:22:17.887000,56,,,
participant_02,4,day,Town10HD_Opt,2026-03-06 08:22:19.780006,50.91567611694336,29.255958557128903,0.0017535781953483,10.003,7.539,0.128,0.0,0,1,-1,,1.0,2026-03-06T08:22:19.780006,fear,0.401,2026-03-06T08:22:17.971268,0.304,2026-03-06T08:22:18.877000,55,,,
participant_02,4,day,Town10HD_Opt,2026-03-06 08:22:20.723572,49.68671798706055,29.590192794799805,0.0017913817428052,5.248,9.583,0.433,0.0,0,1,-1,,1.0,2026-03-06T08:22:20.723572,neutral,0.773,2026-03-06T08:22:20.723572,0.288,2026-03-06T08:22:19.867000,55,,,
participant_02,4,day,Town10HD_Opt,2026-03-06 08:22:22.004494,48.07093048095703,30.13591957092285,0.0020949936006218,10.995,11.474,0.603,0.0,0,1,-1,,1.0,2026-03-06T08:22:22.004494,neutral,0.773,2026-03-06T08:22:20.723572,0.282,2026-03-06T08:22:20.950000,55,,,
participant_02,4,day,Town10HD_Opt,2026-03-06 08:22:22.960000,46.08843231201172,31.06600952148437,0.002011566190049,13.937,11.564,0.571,0.0,0,1,-1,,0.883,2026-03-06T08:22:22.960000,neutral,0.668,2026-03-06T08:22:22.960000,0.269,2026-03-06T08:22:22.882000,55,,,
participant_02,4,day,Town10HD_Opt,2026-03-06 08:22:23.910922,44.06234359741211,32.38180160522461,0.0018888473277911,13.178,11.501,0.428,0.0,0,1,-1,,0.887,2026-03-06T08:22:23.910922,neutral,0.668,2026-03-06T08:22:22.960000,0.263,2026-03-06T08:22:23.873000,56,,,
participant_02,4,day,Town10HD_Opt,2026-03-06 08:22:24.876539,42.60739135742188,33.63543701171875,0.0016707992181181,6.767,9.693,0.0,0.533,0,1,-1,,0.847,2026-03-06T08:22:24.876539,neutral,0.668,2026-03-06T08:22:22.960000,0.257,2026-03-06T08:22:24.862000,56,,,
participant_02,4,day,Town10HD_Opt,2026-03-06 08:22:25.786441,42.475399017333984,33.76496124267578,0.0018446350004523,0.0,9.523,0.0,0.702,0,0,1,,1.0,2026-03-06T08:22:25.786441,neutral,0.554,2026-03-06T08:22:25.786441,0.257,2026-03-06T08:22:24.862000,56,,,
participant_02,4,day,Town10HD_Opt,2026-03-06 08:22:26.726108,42.5323486328125,33.672691345214844,0.0017800140194594,3.045,-31.821,0.672,0.0,0,0,1,,0.832,2026-03-06T08:22:26.726108,neutral,0.554,2026-03-06T08:22:25.786441,0.257,2026-03-06T08:22:25.898000,57,,,
participant_02,4,day,Town10HD_Opt,2026-03-06 08:22:27.977832,42.75786972045898,31.81084442138672,0.0018436813261359,13.259,-60.744,0.415,0.0,0,0,1,,1.0,2026-03-06T08:22:27.977832,neutral,0.578,2026-03-06T08:22:27.977832,0.257,2026-03-06T08:22:27.923000,57,,,
participant_02,4,day,Town10HD_Opt,2026-03-06 08:22:28.899198,41.55792236328125,29.77193832397461,0.0019069671398028,14.097,-50.2,0.0,0.0,0,0,1,,1.0,2026-03-06T08:22:28.899198,neutral,0.578,2026-03-06T08:22:27.977832,0.257,2026-03-06T08:22:28.867000,56,,,
participant_02,4,day,Town10HD_Opt,2026-03-06 08:22:29.836176,39.72515106201172,28.81632804870605,0.0021424484439194,10.594,-60.428,0.0,0.0,0,0,1,,1.0,2026-03-06T08:22:29.836176,neutral,0.578,2026-03-06T08:22:27.977832,0.257,2026-03-06T08:22:28.867000,56,,,
participant_02,4,day,Town10HD_Opt,2026-03-06 08:22:30.991766,38.61143112182617,28.88657569885254,0.0024074935354292,0.002,-3.198,0.0,0.327,0,0,1,,1.0,2026-03-06T08:22:30.991766,neutral,0.46,2026-03-06T08:22:30.991766,0.257,2026-03-06T08:22:30.938000,55,,,
participant_02,4,day,Town10HD_Opt,2026-03-06 08:22:31.932566,38.61326217651367,28.88739967346192,0.0019408034859225,0.165,6.3,0.643,0.0,0,1,-1,,0.889,2026-03-06T08:22:31.932566,neutral,0.46,2026-03-06T08:22:30.991766,0.257,2026-03-06T08:22:31.882000,57,,,
participant_02,4,day,Town10HD_Opt,2026-03-06 08:22:32.877296,39.19271469116211,29.07512855529785,0.0021920776925981,7.865,24.555,0.731,0.0,0,1,-1,,1.0,2026-03-06T08:22:32.877296,neutral,0.46,2026-03-06T08:22:30.991766,0.257,2026-03-06T08:22:31.882000,57,,,
participant_02,4,day,Town10HD_Opt,2026-03-06 08:22:33.903720,40.88820266723633,29.424713134765625,0.0018465041648596,8.476,25.893,0.198,0.0,0,1,-1,,1.0,2026-03-06T08:22:33.903720,neutral,0.345,2026-03-06T08:22:33.903720,0.257,2026-03-06T08:22:32.917000,59,,,
participant_02,4,day,Town10HD_Opt,2026-03-06 08:22:34.868807,42.00349044799805,29.439165115356445,0.0018011474749073,4.323,25.778,0.19,0.0,0,1,-1,,1.0,2026-03-06T08:22:34.868807,neutral,0.345,2026-03-06T08:22:33.903720,0.257,2026-03-06T08:22:33.907000,59,,,
participant_02,4,day,Town10HD_Opt,2026-03-06 08:22:35.830303,42.70827865600586,29.357128143310547,0.0020027922000736,5.39,25.068,0.234,0.0,0,1,-1,,1.0,2026-03-06T08:22:35.830303,neutral,0.345,2026-03-06T08:22:33.903720,0.257,2026-03-06T08:22:34.897000,59,,,
participant_02,4,day,Town10HD_Opt,2026-03-06 08:22:36.884022,43.51495361328125,29.10714340209961,0.0018132781842723,0.627,1.777,0.0,0.122,0,1,-1,,0.831,2026-03-06T08:22:36.884022,sad,0.433,2026-03-06T08:22:36.884022,0.257,2026-03-06T08:22:36.878000,61,,,
participant_02,4,day,Town10HD_Opt,2026-03-06 08:22:37.870949,43.53131866455078,29.100475311279297,0.001894035260193,0.121,-1.445,0.0,0.0,0,0,1,,0.812,2026-03-06T08:22:37.870949,sad,0.433,2026-03-06T08:22:36.884022,0.257,2026-03-06T08:22:36.878000,61,,,
participant_02,4,day,Town10HD_Opt,2026-03-06 08:22:38.851831,43.488040924072266,29.126508712768555,0.0018695830367505,1.154,-25.741,0.263,0.0,0,0,1,,1.0,2026-03-06T08:22:38.851831,sad,0.433,2026-03-06T08:22:36.884022,0.257,2026-03-06T08:22:37.912000,62,,,
participant_02,4,day,Town10HD_Opt,2026-03-06 08:22:39.867820,43.09703826904297,29.43838119506836,0.0017864989349618,5.334,-32.262,0.504,0.0,0,0,1,,1.0,2026-03-06T08:22:39.867820,neutral,0.614,2026-03-06T08:22:39.867820,0.257,2026-03-06T08:22:38.905000,62,,,
participant_02,4,day,Town10HD_Opt,2026-03-06 08:22:40.796261,42.12147521972656,30.530696868896484,0.0017151641659438,12.421,-32.442,0.553,0.0,0,0,1,,1.0,2026-03-06T08:22:40.796261,neutral,0.614,2026-03-06T08:22:39.867820,0.257,2026-03-06T08:22:39.942000,61,,,
participant_02,4,day,Town10HD_Opt,2026-03-06 08:22:41.789856,41.01483917236328,32.86758804321289,0.0018250655848532,17.163,-26.563,0.352,0.0,0,0,1,,1.0,2026-03-06T08:22:41.789856,neutral,0.614,2026-03-06T08:22:39.867820,0.257,2026-03-06T08:22:40.882000,62,,,
participant_02,4,day,Town10HD_Opt,2026-03-06 08:22:43.010809,40.21607208251953,36.96818923950195,0.0020336532033979,18.059,-4.619,0.289,0.0,0,0,1,,0.879,2026-03-06T08:22:43.010809,neutral,0.727,2026-03-06T08:22:43.010809,0.257,2026-03-06T08:22:42.907000,63,,,
participant_02,4,day,Town10HD_Opt,2026-03-06 08:22:43.916981,39.92595672607422,40.15159225463867,0.0020326231606304,18.739,-8.88,0.342,0.0,0,0,1,,1.0,2026-03-06T08:22:43.916981,neutral,0.727,2026-03-06T08:22:43.010809,0.257,2026-03-06T08:22:43.897000,63,,,
participant_02,4,day,Town10HD_Opt,2026-03-06 08:22:44.845371,39.94063949584961,43.42142868041992,0.0020563888829201,18.585,-1.356,0.271,0.0,0,0,1,,1.0,2026-03-06T08:22:44.845371,neutral,0.727,2026-03-06T08:22:43.010809,0.257,2026-03-06T08:22:43.897000,63,,,
participant_02,4,day,Town10HD_Opt,2026-03-06 08:22:46.013778,39.98479843139648,47.54253005981445,0.0020014189649373,15.529,-2.864,0.0,0.0,0,0,1,,0.82,2026-03-06T08:22:46.013778,sad,0.344,2026-03-06T08:22:46.013778,0.257,2026-03-06T08:22:45.877000,61,,,
participant_02,4,day,Town10HD_Opt,2026-03-06 08:22:46.912624,40.09257888793945,49.92140579223633,0.0020671081729233,11.113,0.576,0.0,0.219,0,0,1,,1.0,2026-03-06T08:22:46.912624,sad,0.344,2026-03-06T08:22:46.013778,0.257,2026-03-06T08:22:45.877000,61,,,
participant_02,4,day,Town10HD_Opt,2026-03-06 08:22:47.821900,40.14101409912109,51.48887252807617,0.0020616149995476,6.568,0.853,0.0,0.206,0,0,1,,1.0,2026-03-06T08:22:47.821900,sad,0.344,2026-03-06T08:22:46.013778,0.257,2026-03-06T08:22:46.913000,60,,,
participant_02,4,day,Town10HD_Opt,2026-03-06 08:22:48.983478,40.15234375,51.913230895996094,0.0019620133098214,0.007,0.79,0.0,0.0,0,0,1,,0.814,2026-03-06T08:22:48.983478,neutral,0.698,2026-03-06T08:22:48.983478,0.257,2026-03-06T08:22:48.893000,58,,,
participant_02,4,day,Town10HD_Opt,2026-03-06 08:22:49.851515,40.15530776977539,52.0434799194336,0.0019883727654814,0.0,0.78,0.0,0.076,0,0,1,,0.841,2026-03-06T08:22:49.851515,neutral,0.698,2026-03-06T08:22:48.983478,0.257,2026-03-06T08:22:48.893000,58,,,
participant_02,4,day,Town10HD_Opt,2026-03-06 08:22:50.746838,40.15695190429688,52.10033416748047,0.0017791747814044,2.343,0.508,0.827,0.0,0,0,1,,1.0,2026-03-06T08:22:50.746838,neutral,0.698,2026-03-06T08:22:48.983478,0.257,2026-03-06T08:22:49.882000,58,,,
participant_02,4,day,Town10HD_Opt,2026-03-06 08:22:51.932807,40.24495697021485,54.64435958862305,0.0017243194160982,18.953,-3.921,0.639,0.0,0,0,1,,0.869,2026-03-06T08:22:51.932807,neutral,0.619,2026-03-06T08:22:51.932807,0.257,2026-03-06T08:22:51.907000,61,,,
participant_02,4,day,Town10HD_Opt,2026-03-06 08:22:52.810921,40.78671646118164,58.252079010009766,0.001857147202827,24.043,-10.269,0.587,0.0,0,0,1,,0.805,2026-03-06T08:22:52.810921,neutral,0.619,2026-03-06T08:22:51.932807,0.257,2026-03-06T08:22:51.907000,61,,,
participant_02,4,day,Town10HD_Opt,2026-03-06 08:22:54.001045,43.30929183959961,64.06133270263672,0.0019121170043945,30.555,-13.051,0.493,0.0,0,0,1,,0.883,2026-03-06T08:22:54.001045,happy,0.812,2026-03-06T08:22:54.001045,0.257,2026-03-06T08:22:53.887000,59,,,
participant_02,4,day,Town10HD_Opt,2026-03-06 08:22:54.876242,47.08258819580078,67.89161682128906,0.0020721436012536,30.88,-14.879,0.384,0.0,0,0,1,,0.817,2026-03-06T08:22:54.876242,happy,0.812,2026-03-06T08:22:54.001045,0.257,2026-03-06T08:22:53.887000,59,,,
participant_02,4,day,Town10HD_Opt,2026-03-06 08:22:55.822385,51.97236251831055,70.02892303466797,0.0020830153953284,30.473,-13.875,0.383,0.0,0,0,1,,1.0,2026-03-06T08:22:55.822385,happy,0.812,2026-03-06T08:22:54.001045,0.257,2026-03-06T08:22:54.878000,59,,,
participant_02,4,day,Town10HD_Opt,2026-03-06 08:22:56.720298,57.24468994140625,70.40078735351562,0.0020701216999441,30.148,-6.128,0.294,0.0,0,0,1,,1.0,2026-03-06T08:22:56.720298,happy,0.899,2026-03-06T08:22:56.720298,0.257,2026-03-06T08:22:55.913000,58,,,
participant_02,4,day,Town10HD_Opt,2026-03-06 08:22:57.920829,63.96160507202149,69.97560119628906,0.0021437453106045,26.727,0.9,0.214,0.0,0,0,1,,1.0,2026-03-06T08:22:57.920829,happy,0.899,2026-03-06T08:22:56.720298,0.257,2026-03-06T08:22:57.892000,58,,,
participant_02,4,day,Town10HD_Opt,2026-03-06 08:22:58.828442,68.32083129882812,69.83010864257812,0.0022233962081372,21.884,0.83,0.0,0.0,0,0,1,,1.0,2026-03-06T08:22:58.828442,neutral,0.568,2026-03-06T08:22:58.828442,0.257,2026-03-06T08:22:57.892000,58,,,
participant_02,4,day,Town10HD_Opt,2026-03-06 08:23:00.017238,72.659912109375,69.76644134521484,0.0019990156870335,15.951,1.177,0.159,0.0,0,0,1,,1.0,2026-03-06T08:23:00.017238,neutral,0.568,2026-03-06T08:22:58.828442,0.257,2026-03-06T08:22:59.918000,63,,,
participant_02,4,day,Town10HD_Opt,2026-03-06 08:23:00.916522,75.3119888305664,69.78643035888672,0.0019749067723751,14.25,0.985,0.117,0.0,0,0,1,,1.0,2026-03-06T08:23:00.916522,neutral,0.699,2026-03-06T08:23:00.916522,0.257,2026-03-06T08:23:00.908000,65,,,
participant_02,4,day,Town10HD_Opt,2026-03-06 08:23:01.844998,77.6783447265625,69.82376861572266,0.0019686508458107,12.694,0.016,0.115,0.0,0,0,1,,1.0,2026-03-06T08:23:01.844998,neutral,0.699,2026-03-06T08:23:00.916522,0.257,2026-03-06T08:23:00.908000,65,,,
participant_02,4,day,Town10HD_Opt,2026-03-06 08:23:02.751631,79.7950439453125,69.85142517089844,0.0019598007202148,11.417,-0.122,0.115,0.0,0,0,1,,0.886,2026-03-06T08:23:02.751631,neutral,0.699,2026-03-06T08:23:00.916522,0.257,2026-03-06T08:23:01.900000,65,,,
participant_02,4,day,Town10HD_Opt,2026-03-06 08:23:03.942619,82.30003356933594,69.8807144165039,0.0019650650210678,9.602,-0.073,0.0,0.0,0,0,1,,0.89,2026-03-06T08:23:03.942619,neutral,0.6,2026-03-06T08:23:03.942619,0.338,2026-03-06T08:23:03.878000,62,,,
participant_02,4,day,Town10HD_Opt,2026-03-06 08:23:04.860479,83.85633850097656,69.89836120605469,0.0018767928704619,10.158,0.157,0.988,0.0,0,0,1,,0.836,2026-03-06T08:23:04.860479,neutral,0.6,2026-03-06T08:23:03.942619,0.338,2026-03-06T08:23:03.878000,62,,,
participant_02,4,day,Town10HD_Opt,2026-03-06 08:23:05.823387,86.74267578125,70.07002258300781,0.0017574691446498,23.088,8.847,0.754,0.0,0,0,1,,0.805,2026-03-06T08:23:05.823387,neutral,0.6,2026-03-06T08:23:03.942619,0.413,2026-03-06T08:23:04.912000,61,,,
participant_02,4,day,Town10HD_Opt,2026-03-06 08:23:06.757777,91.09225463867188,71.05757141113281,0.0020445631816983,25.698,13.146,0.229,0.0,0,0,1,,0.913,2026-03-06T08:23:06.757777,happy,0.862,2026-03-06T08:23:06.757777,0.494,2026-03-06T08:23:05.902000,62,,,
participant_02,4,day,Town10HD_Opt,2026-03-06 08:23:07.922354,95.55384826660156,74.22108459472656,0.0021671294234693,22.09,20.654,0.317,0.0,0,0,1,,0.827,2026-03-06T08:23:07.922354,happy,0.862,2026-03-06T08:23:06.757777,0.656,2026-03-06T08:23:07.883000,62,,,
participant_02,4,day,Town10HD_Opt,2026-03-06 08:23:08.833448,97.41104125976562,77.6833267211914,0.0019287872128188,24.943,11.368,0.667,0.0,0,0,1,,1.0,2026-03-06T08:23:08.833448,happy,0.707,2026-03-06T08:23:08.833448,0.656,2026-03-06T08:23:07.883000,62,,,
participant_02,4,day,Town10HD_Opt,2026-03-06 08:23:09.799981,98.63514709472656,82.63821411132812,0.0016565322875976,35.231,9.552,0.861,0.0,0,0,1,,1.0,2026-03-06T08:23:09.799981,happy,0.707,2026-03-06T08:23:08.833448,0.732,2026-03-06T08:23:08.917000,61,,,
participant_02,4,day,Town10HD_Opt,2026-03-06 08:23:11.007343,98.52272033691406,92.55460357666016,0.0017317199381068,49.451,0.061,0.628,0.0,0,0,1,,1.0,2026-03-06T08:23:11.007343,happy,0.809,2026-03-06T08:23:11.007343,0.888,2026-03-06T08:23:10.898000,61,,,
participant_02,4,day,Town10HD_Opt,2026-03-06 08:23:11.926905,97.73866271972656,100.9966812133789,0.0021901703439652,46.074,7.644,0.633,0.0,0,0,1,,0.851,2026-03-06T08:23:11.926905,happy,0.809,2026-03-06T08:23:11.007343,0.959,2026-03-06T08:23:11.888000,60,,,
participant_02,4,day,Town10HD_Opt,2026-03-06 08:23:12.766869,95.26416778564452,108.95549774169922,0.0018598174210637,51.048,5.638,0.0,0.0,0,0,1,,1.0,2026-03-06T08:23:12.766869,happy,0.809,2026-03-06T08:23:11.007343,0.959,2026-03-06T08:23:11.888000,60,,,
participant_02,4,day,Town10HD_Opt,2026-03-06 08:23:13.945431,89.15670776367188,118.79886627197266,0.0019932175055146,50.189,6.782,0.591,0.0,0,0,1,,0.834,2026-03-06T08:23:13.945431,neutral,0.78,2026-03-06T08:23:13.945431,1.0,2026-03-06T08:23:13.912000,58,,,
participant_02,4,day,Town10HD_Opt,2026-03-06 08:23:14.867146,83.01295471191406,124.92540740966795,0.0020864487159997,49.093,8.005,0.591,0.0,0,0,1,,0.86,2026-03-06T08:23:14.867146,neutral,0.78,2026-03-06T08:23:13.945431,1.0,2026-03-06T08:23:13.912000,58,,,
participant_02,4,day,Town10HD_Opt,2026-03-06 08:23:15.786744,75.26885986328125,128.87942504882812,0.0020164106972515,49.981,6.957,0.591,0.0,0,0,1,,0.81,2026-03-06T08:23:15.786744,neutral,0.78,2026-03-06T08:23:13.945431,0.98,2026-03-06T08:23:14.902000,57,,,
participant_02,4,day,Town10HD_Opt,2026-03-06 08:23:17.008481,63.87200546264648,130.6505126953125,0.001984252827242,50.588,0.298,0.0,0.0,0,0,1,,1.0,2026-03-06T08:23:17.008481,neutral,0.452,2026-03-06T08:23:17.008481,0.915,2026-03-06T08:23:16.972000,55,,,
participant_02,4,day,Town10HD_Opt,2026-03-06 08:23:18.003360,55.216346740722656,130.90725708007812,0.0020166777539998,49.79,1.243,0.568,0.0,0,0,1,,1.0,2026-03-06T08:23:18.003360,neutral,0.452,2026-03-06T08:23:17.008481,0.878,2026-03-06T08:23:17.918000,55,,,
participant_02,4,day,Town10HD_Opt,2026-03-06 08:23:18.938337,46.48946762084961,130.87890625,0.0021136093419045,48.967,0.12,0.568,0.0,0,0,1,,1.0,2026-03-06T08:23:18.938337,neutral,0.452,2026-03-06T08:23:17.008481,0.851,2026-03-06T08:23:18.908000,56,,,
participant_02,4,day,Town10HD_Opt,2026-03-06 08:23:19.930749,37.800575256347656,130.6992645263672,0.0019868467934429,50.618,-0.052,0.0,0.0,0,0,1,,1.0,2026-03-06T08:23:19.930749,neutral,0.608,2026-03-06T08:23:19.930749,0.818,2026-03-06T08:23:19.899000,56,,,
participant_02,4,day,Town10HD_Opt,2026-03-06 08:23:20.889636,29.23666763305664,130.52593994140625,0.0022010039538145,46.526,-0.197,0.0,0.0,0,0,1,,1.0,2026-03-06T08:23:20.889636,neutral,0.608,2026-03-06T08:23:19.930749,0.791,2026-03-06T08:23:20.888000,56,,,
participant_02,4,day,Town10HD_Opt,2026-03-06 08:23:21.810026,22.01615524291992,130.42709350585938,0.0023638915736228,35.768,-0.059,0.0,0.0,0,0,1,,1.0,2026-03-06T08:23:21.810026,neutral,0.608,2026-03-06T08:23:19.930749,0.791,2026-03-06T08:23:20.888000,56,,,
participant_02,4,day,Town10HD_Opt,2026-03-06 08:23:22.765211,16.38554573059082,130.3667755126953,0.0022350309882313,29.02,-0.127,0.308,0.0,0,0,1,,1.0,2026-03-06T08:23:22.765211,neutral,0.863,2026-03-06T08:23:22.765211,0.77,2026-03-06T08:23:21.878000,56,,,
participant_02,4,day,Town10HD_Opt,2026-03-06 08:23:23.747070,11.460943222045898,130.32725524902344,0.0020991514902561,27.265,0.04,0.299,0.0,0,0,1,,1.0,2026-03-06T08:23:23.747070,neutral,0.863,2026-03-06T08:23:22.765211,0.748,2026-03-06T08:23:22.916000,55,,,
participant_02,4,day,Town10HD_Opt,2026-03-06 08:23:24.954017,5.298290729522705,130.272705078125,0.0020856857299804,25.474,0.106,0.297,0.0,0,0,1,,1.0,2026-03-06T08:23:24.954017,neutral,0.58,2026-03-06T08:23:24.954017,0.694,2026-03-06T08:23:24.893000,52,,,
participant_02,4,day,Town10HD_Opt,2026-03-06 08:23:25.854892,0.9352734088897704,130.2242889404297,0.0020813751034438,24.36,-0.089,0.295,0.0,0,0,1,,1.0,2026-03-06T08:23:25.854892,neutral,0.58,2026-03-06T08:23:24.954017,0.694,2026-03-06T08:23:24.893000,52,,,
participant_02,4,day,Town10HD_Opt,2026-03-06 08:23:27.005841,-4.577950477600098,130.1711883544922,0.0020767210517078,22.947,-0.094,0.294,0.0,0,0,1,,1.0,2026-03-06T08:23:27.005841,neutral,0.669,2026-03-06T08:23:27.005841,0.667,2026-03-06T08:23:26.919000,54,,,
participant_02,4,day,Town10HD_Opt,2026-03-06 08:23:27.938762,-8.50024127960205,130.1429901123047,0.0020892333704978,21.594,-0.092,0.069,0.0,0,0,1,,1.0,2026-03-06T08:23:27.938762,neutral,0.669,2026-03-06T08:23:27.005841,0.662,2026-03-06T08:23:27.909000,54,,,
participant_02,4,day,Town10HD_Opt,2026-03-06 08:23:28.826879,-11.930745124816896,130.1245880126953,0.0019460296025499,17.186,-0.059,0.0,0.0,0,0,1,,1.0,2026-03-06T08:23:28.826879,neutral,0.669,2026-03-06T08:23:27.005841,0.662,2026-03-06T08:23:27.909000,54,,,
participant_02,4,day,Town10HD_Opt,2026-03-06 08:23:29.790077,-14.613804817199709,130.1102294921875,0.0020421599037945,13.223,0.296,0.0,0.0,0,0,1,,1.0,2026-03-06T08:23:29.790077,neutral,0.877,2026-03-06T08:23:29.790077,0.656,2026-03-06T08:23:28.898000,55,,,
participant_02,4,day,Town10HD_Opt,2026-03-06 08:23:30.751286,-16.67436408996582,130.09124755859375,0.0020171354990452,10.287,0.223,0.061,0.0,0,0,1,,0.811,2026-03-06T08:23:30.751286,neutral,0.877,2026-03-06T08:23:29.790077,0.656,2026-03-06T08:23:29.888000,56,,,
participant_02,4,day,Town10HD_Opt,2026-03-06 08:23:31.906998,-18.79623794555664,130.06753540039062,0.0019841766916215,7.761,-0.063,0.0,0.0,0,0,1,,1.0,2026-03-06T08:23:31.906998,neutral,0.818,2026-03-06T08:23:31.906998,0.651,2026-03-06T08:23:30.878000,55,,,
participant_02,4,day,Town10HD_Opt,2026-03-06 08:23:32.832759,-19.99957656860352,130.056884765625,0.0019803238101303,6.0,-0.214,0.0,0.0,0,0,1,,0.803,2026-03-06T08:23:32.832759,neutral,0.818,2026-03-06T08:23:31.906998,0.646,2026-03-06T08:23:32.003000,55,,,
participant_02,4,day,Town10HD_Opt,2026-03-06 08:23:33.961453,-21.217565536499023,130.0481414794922,0.0019600295927375,4.314,-0.214,0.0,0.0,0,0,1,,1.0,2026-03-06T08:23:33.961453,happy,0.674,2026-03-06T08:23:33.961453,0.604,2026-03-06T08:23:33.893000,53,,,
participant_02,4,day,Town10HD_Opt,2026-03-06 08:23:34.878141,-21.88962173461914,130.04412841796875,0.0019508743425831,3.312,-0.214,0.0,0.0,0,0,1,,0.823,2026-03-06T08:23:34.878141,happy,0.674,2026-03-06T08:23:33.961453,0.604,2026-03-06T08:23:33.893000,53,,,
participant_02,4,day,Town10HD_Opt,2026-03-06 08:23:35.777969,-22.72895622253418,130.03990173339844,0.0015313720796257,11.214,-0.214,1.0,0.0,0,0,1,,0.822,2026-03-06T08:23:35.777969,happy,0.674,2026-03-06T08:23:33.961453,0.595,2026-03-06T08:23:34.883000,53,,,
participant_02,4,day,Town10HD_Opt,2026-03-06 08:23:36.941288,-27.44650650024414,129.99734497070312,0.0015645598759874,30.432,5.276,0.574,0.0,0,0,1,,0.861,2026-03-06T08:23:36.941288,happy,0.532,2026-03-06T08:23:36.941288,0.566,2026-03-06T08:23:36.908000,52,,,
participant_02,4,day,Town10HD_Opt,2026-03-06 08:23:37.877919,-32.8610954284668,129.07493591308594,0.0021057890262454,30.472,11.359,0.297,0.0,0,0,1,,0.826,2026-03-06T08:23:37.877919,happy,0.532,2026-03-06T08:23:36.941288,0.566,2026-03-06T08:23:36.908000,52,,,
participant_02,4,day,Town10HD_Opt,2026-03-06 08:23:38.755683,-37.33450698852539,126.65420532226562,0.0021566390059888,28.022,19.954,0.31,0.0,0,0,1,,0.905,2026-03-06T08:23:38.755683,happy,0.532,2026-03-06T08:23:36.941288,0.55,2026-03-06T08:23:37.901000,52,,,
participant_02,4,day,Town10HD_Opt,2026-03-06 08:23:39.959116,-40.602840423583984,121.39710998535156,0.0019382475875318,25.938,9.744,0.304,0.0,0,0,1,,0.853,2026-03-06T08:23:39.959116,neutral,0.74,2026-03-06T08:23:39.959116,0.502,2026-03-06T08:23:39.878000,54,,,
participant_02,4,day,Town10HD_Opt,2026-03-06 08:23:40.925343,-41.59265899658203,117.05711364746094,0.001986808842048,25.162,8.258,0.475,0.0,0,0,1,,1.0,2026-03-06T08:23:40.925343,neutral,0.74,2026-03-06T08:23:39.959116,0.481,2026-03-06T08:23:40.913000,56,,,
participant_02,4,day,Town10HD_Opt,2026-03-06 08:23:41.895649,-41.8228759765625,112.45500946044922,0.0019368743523955,28.197,2.186,0.528,0.0,0,0,1,,1.0,2026-03-06T08:23:41.895649,neutral,0.74,2026-03-06T08:23:39.959116,0.481,2026-03-06T08:23:40.913000,56,,,
participant_02,4,day,Town10HD_Opt,2026-03-06 08:23:42.858962,-41.76944732666016,107.15792083740234,0.001872711116448,33.091,0.247,0.59,0.0,0,0,1,,1.0,2026-03-06T08:23:42.858962,neutral,0.845,2026-03-06T08:23:42.858962,0.459,2026-03-06T08:23:41.901000,56,,,
participant_02,4,day,Town10HD_Opt,2026-03-06 08:23:43.866212,-41.64741134643555,101.17747497558594,0.002034721430391,34.261,-0.021,0.358,0.0,0,0,1,,1.0,2026-03-06T08:23:43.866212,neutral,0.845,2026-03-06T08:23:42.858962,0.459,2026-03-06T08:23:42.893000,56,,,
participant_02,4,day,Town10HD_Opt,2026-03-06 08:23:44.824068,-41.55948638916016,95.2607879638672,0.0020754623692482,33.237,-0.707,0.358,0.0,0,0,1,,1.0,2026-03-06T08:23:44.824068,neutral,0.845,2026-03-06T08:23:42.858962,0.46,2026-03-06T08:23:43.884000,56,,,
participant_02,4,day,Town10HD_Opt,2026-03-06 08:23:45.759167,-41.58808517456055,89.51519012451172,0.0020725631620734,32.277,-0.632,0.358,0.0,0,0,1,,1.0,2026-03-06T08:23:45.759167,neutral,0.949,2026-03-06T08:23:45.759167,0.459,2026-03-06T08:23:45.003000,56,,,
participant_02,4,day,Town10HD_Opt,2026-03-06 08:23:46.735188,-41.66010284423828,83.92094421386719,0.0020716858562082,31.489,5.666,0.357,0.0,0,0,1,,0.807,2026-03-06T08:23:46.735188,neutral,0.949,2026-03-06T08:23:45.759167,0.456,2026-03-06T08:23:45.912000,57,,,
participant_02,4,day,Town10HD_Opt,2026-03-06 08:23:47.980223,-40.278297424316406,76.91618347167969,0.0020973586943,29.919,10.915,0.339,0.0,0,0,1,,1.0,2026-03-06T08:23:47.980223,neutral,0.575,2026-03-06T08:23:47.980223,0.452,2026-03-06T08:23:47.889000,56,,,
participant_02,4,day,Town10HD_Opt,2026-03-06 08:23:48.928333,-37.50641632080078,72.693359375,0.0021426391322165,28.267,21.361,0.342,0.0,0,0,1,,1.0,2026-03-06T08:23:48.928333,neutral,0.575,2026-03-06T08:23:47.980223,0.449,2026-03-06T08:23:48.878000,57,,,
participant_02,4,day,Town10HD_Opt,2026-03-06 08:23:49.948730,-33.29697036743164,70.3932113647461,0.0021242522634565,27.183,18.775,0.349,0.0,0,0,1,,0.821,2026-03-06T08:23:49.948730,neutral,0.575,2026-03-06T08:23:47.980223,0.446,2026-03-06T08:23:49.914000,57,,,
participant_02,4,day,Town10HD_Opt,2026-03-06 08:23:50.903951,-28.60770606994629,69.86012268066406,0.0020549392793327,27.083,3.255,0.381,0.0,0,0,1,,1.0,2026-03-06T08:23:50.903951,sad,0.451,2026-03-06T08:23:50.903951,0.443,2026-03-06T08:23:50.903000,57,,,
participant_02,4,day,Town10HD_Opt,2026-03-06 08:23:51.820900,-23.82044792175293,69.73523712158203,0.0020121000707149,27.887,1.617,0.435,0.0,0,0,1,,1.0,2026-03-06T08:23:51.820900,sad,0.451,2026-03-06T08:23:50.903951,0.443,2026-03-06T08:23:50.903000,57,,,
participant_02,4,day,Town10HD_Opt,2026-03-06 08:23:52.976531,-17.10541343688965,69.76654815673828,0.0020003127865493,29.712,0.033,0.432,0.0,0,0,1,,1.0,2026-03-06T08:23:52.976531,neutral,0.645,2026-03-06T08:23:52.976531,0.442,2026-03-06T08:23:52.883000,58,,,
participant_02,4,day,Town10HD_Opt,2026-03-06 08:23:53.898809,-11.8070650100708,69.8334732055664,0.0020053482148796,30.89,0.045,0.432,0.0,0,0,1,,1.0,2026-03-06T08:23:53.898809,neutral,0.645,2026-03-06T08:23:52.976531,0.442,2026-03-06T08:23:52.883000,58,,,
participant_02,4,day,Town10HD_Opt,2026-03-06 08:23:54.835378,-6.317731857299805,69.89511108398438,0.0020125198643654,31.859,-0.522,0.427,0.0,0,0,1,,1.0,2026-03-06T08:23:54.835378,neutral,0.645,2026-03-06T08:23:52.976531,0.443,2026-03-06T08:23:53.917000,58,,,
participant_02,4,day,Town10HD_Opt,2026-03-06 08:23:55.734229,-0.6758981347084045,69.89146423339844,0.0020186232868582,32.627,0.141,0.419,0.0,0,0,1,,1.0,2026-03-06T08:23:55.734229,neutral,0.575,2026-03-06T08:23:55.734229,0.445,2026-03-06T08:23:54.908000,59,,,
participant_02,4,day,Town10HD_Opt,2026-03-06 08:23:56.914684,6.51904296875,69.86986541748047,0.0022651290055364,25.946,0.094,0.0,0.0,0,0,1,,1.0,2026-03-06T08:23:56.914684,neutral,0.575,2026-03-06T08:23:55.734229,0.445,2026-03-06T08:23:56.888000,60,,,
participant_02,4,day,Town10HD_Opt,2026-03-06 08:23:57.857913,10.600797653198242,69.86549377441406,0.0022520828060805,19.792,0.219,0.0,0.0,0,0,1,,1.0,2026-03-06T08:23:57.857913,neutral,0.793,2026-03-06T08:23:57.857913,0.445,2026-03-06T08:23:56.888000,60,,,
participant_02,4,day,Town10HD_Opt,2026-03-06 08:23:58.737719,13.68560791015625,69.87186431884766,0.0020206831395626,15.307,0.04,0.074,0.0,0,0,1,,1.0,2026-03-06T08:23:58.737719,neutral,0.793,2026-03-06T08:23:57.857913,0.445,2026-03-06T08:23:57.880000,60,,,
participant_02,4,day,Town10HD_Opt,2026-03-06 08:23:59.967265,16.959827423095703,69.877197265625,0.0019619751255959,13.052,-0.303,0.13,0.0,0,0,1,,1.0,2026-03-06T08:23:59.967265,neutral,0.738,2026-03-06T08:23:59.967265,0.451,2026-03-06T08:23:59.903000,56,,,
participant_02,4,day,Town10HD_Opt,2026-03-06 08:24:00.885209,19.16546630859375,69.87489318847656,0.0019324874738231,12.396,0.266,0.214,0.0,0,0,1,,1.0,2026-03-06T08:24:00.885209,neutral,0.738,2026-03-06T08:23:59.967265,0.451,2026-03-06T08:23:59.903000,56,,,
participant_02,4,day,Town10HD_Opt,2026-03-06 08:24:01.769696,21.359220504760746,69.88008880615234,0.0019187545403838,12.503,-0.125,0.127,0.0,0,0,1,,1.0,2026-03-06T08:24:01.769696,neutral,0.738,2026-03-06T08:23:59.967265,0.456,2026-03-06T08:24:00.897000,55,,,
participant_02,4,day,Town10HD_Opt,2026-03-06 08:24:02.998986,23.956031799316406,69.87984466552734,0.0020044327247887,9.261,-0.136,0.0,0.0,0,0,1,,1.0,2026-03-06T08:24:02.998986,neutral,0.793,2026-03-06T08:24:02.998986,0.464,2026-03-06T08:24:02.918000,54,,,
participant_02,4,day,Town10HD_Opt,2026-03-06 08:24:03.923528,25.31428909301757,69.87752532958984,0.0020370101556181,5.762,-0.136,0.0,0.177,0,0,1,,1.0,2026-03-06T08:24:03.923528,neutral,0.793,2026-03-06T08:24:02.998986,0.471,2026-03-06T08:24:03.907000,54,,,
participant_02,4,day,Town10HD_Opt,2026-03-06 08:24:04.830440,25.52070426940918,69.87715911865234,0.0019853971898555,0.006,-0.134,0.0,0.0,0,0,1,,1.0,2026-03-06T08:24:04.830440,neutral,0.793,2026-03-06T08:24:02.998986,0.471,2026-03-06T08:24:03.907000,54,,,
participant_02,4,day,Town10HD_Opt,2026-03-06 08:24:05.735769,25.69673728942871,69.87660217285156,0.0017679977463558,3.48,-0.134,0.216,0.0,0,0,1,,1.0,2026-03-06T08:24:05.735769,neutral,0.843,2026-03-06T08:24:05.735769,0.472,2026-03-06T08:24:04.898000,54,,,
participant_02,4,day,Town10HD_Opt,2026-03-06 08:24:06.913462,26.07996940612793,69.87557220458984,0.0019612885080277,0.0,-0.125,0.0,0.086,0,0,1,,0.804,2026-03-06T08:24:06.913462,neutral,0.843,2026-03-06T08:24:05.735769,0.472,2026-03-06T08:24:05.888000,54,,,
participant_02,4,day,Town10HD_Opt,2026-03-06 08:24:07.856480,26.611751556396484,69.87429809570312,0.0015159606700763,9.88,-0.115,0.861,0.0,0,0,1,,1.0,2026-03-06T08:24:07.856480,neutral,0.589,2026-03-06T08:24:07.856480,0.471,2026-03-06T08:24:06.934000,54,,,errors=Stop sign violation
participant_02,4,day,Town10HD_Opt,2026-03-06 08:24:08.734096,29.318553924560547,69.86412048339844,0.0018745040288195,20.202,-0.463,0.688,0.0,0,0,1,,1.0,2026-03-06T08:24:08.734096,neutral,0.589,2026-03-06T08:24:07.856480,0.482,2026-03-06T08:24:07.913000,53,,,
participant_02,4,day,Town10HD_Opt,2026-03-06 08:24:09.960710,34.548213958740234,69.33544158935547,0.0020944213028997,22.379,-11.723,0.19,0.0,0,0,1,,0.834,2026-03-06T08:24:09.960710,neutral,0.762,2026-03-06T08:24:09.960710,0.497,2026-03-06T08:24:09.894000,51,,,
participant_02,4,day,Town10HD_Opt,2026-03-06 08:24:10.899426,37.98224639892578,68.04781341552734,0.002151031512767,19.631,-14.041,0.186,0.0,0,0,1,,0.806,2026-03-06T08:24:10.899426,neutral,0.762,2026-03-06T08:24:09.960710,0.501,2026-03-06T08:24:10.883000,50,,,
participant_02,4,day,Town10HD_Opt,2026-03-06 08:24:11.800425,40.59749221801758,66.16618347167969,0.0019514083396643,18.08,-16.166,0.202,0.0,0,0,1,,0.812,2026-03-06T08:24:11.800425,neutral,0.762,2026-03-06T08:24:09.960710,0.501,2026-03-06T08:24:10.883000,50,,,
participant_02,4,day,Town10HD_Opt,2026-03-06 08:24:12.979851,43.119754791259766,62.77714538574219,0.0020418928470462,19.064,-15.837,0.469,0.0,0,0,1,,1.0,2026-03-06T08:24:12.979851,neutral,0.362,2026-03-06T08:24:12.979851,0.513,2026-03-06T08:24:12.908000,49,,,
participant_02,4,day,Town10HD_Opt,2026-03-06 08:24:13.976006,44.30091094970703,59.43758010864258,0.0019708632025867,21.937,-15.835,0.465,0.0,0,0,1,,1.0,2026-03-06T08:24:13.976006,neutral,0.362,2026-03-06T08:24:12.979851,0.516,2026-03-06T08:24:13.898000,50,,,
participant_02,4,day,Town10HD_Opt,2026-03-06 08:24:14.897083,44.57667922973633,55.40925598144531,0.0019654845818877,24.665,-4.983,0.458,0.0,0,0,1,,1.0,2026-03-06T08:24:14.897083,neutral,0.362,2026-03-06T08:24:12.979851,0.524,2026-03-06T08:24:14.890000,51,,,
participant_02,4,day,Town10HD_Opt,2026-03-06 08:24:15.896588,44.4279670715332,50.913822174072266,0.0019794844556599,26.758,-3.229,0.374,0.0,0,0,1,,0.827,2026-03-06T08:24:15.896588,neutral,0.435,2026-03-06T08:24:15.896588,0.524,2026-03-06T08:24:14.890000,51,,,
participant_02,4,day,Town10HD_Opt,2026-03-06 08:24:16.922906,44.11834335327149,46.20792388916016,0.0021249770652502,27.166,0.277,0.356,0.0,0,0,1,,0.878,2026-03-06T08:24:16.922906,neutral,0.435,2026-03-06T08:24:15.896588,0.544,2026-03-06T08:24:16.913000,52,,,
participant_02,4,day,Town10HD_Opt,2026-03-06 08:24:17.865647,43.877685546875,41.46392059326172,0.0020401000510901,27.276,4.964,0.369,0.0,0,0,1,,0.824,2026-03-06T08:24:17.865647,neutral,0.435,2026-03-06T08:24:15.896588,0.544,2026-03-06T08:24:16.913000,52,,,
participant_02,4,day,Town10HD_Opt,2026-03-06 08:24:18.763070,44.30693817138672,36.73738861083984,0.0020530319306999,27.395,13.926,0.484,0.0,0,0,1,,1.0,2026-03-06T08:24:18.763070,fear,0.341,2026-03-06T08:24:18.763070,0.544,2026-03-06T08:24:17.906000,52,,,
participant_02,4,day,Town10HD_Opt,2026-03-06 08:24:19.941408,47.3061752319336,30.90532875061035,0.0020238875877112,29.625,16.607,0.463,0.0,0,0,1,,1.0,2026-03-06T08:24:19.941408,fear,0.341,2026-03-06T08:24:18.763070,0.541,2026-03-06T08:24:19.883000,51,,,
participant_02,4,day,Town10HD_Opt,2026-03-06 08:24:20.859036,51.54318618774414,27.80430030822754,0.0020336150191724,31.002,15.852,0.455,0.0,0,0,1,,1.0,2026-03-06T08:24:20.859036,sad,0.356,2026-03-06T08:24:20.859036,0.541,2026-03-06T08:24:19.883000,51,,,
participant_02,4,day,Town10HD_Opt,2026-03-06 08:24:21.973988,58.67971420288086,26.42556381225586,0.0020903395488858,30.86,1.25,0.208,0.0,0,0,1,,1.0,2026-03-06T08:24:21.973988,sad,0.356,2026-03-06T08:24:20.859036,0.541,2026-03-06T08:24:21.909000,52,,,
participant_02,4,day,Town10HD_Opt,2026-03-06 08:24:22.863835,63.78798294067383,26.075807571411133,0.0021276473999023,28.062,-1.784,0.803,0.0,0,0,1,,0.867,2026-03-06T08:24:22.863835,neutral,0.611,2026-03-06T08:24:22.863835,0.541,2026-03-06T08:24:21.909000,52,,,
participant_02,4,day,Town10HD_Opt,2026-03-06 08:24:23.754330,69.08910369873047,25.630794525146484,0.0021007156465202,29.756,1.958,0.0,0.0,0,0,1,,0.824,2026-03-06T08:24:23.754330,neutral,0.611,2026-03-06T08:24:22.863835,0.54,2026-03-06T08:24:22.908000,52,,,
participant_02,4,day,Town10HD_Opt,2026-03-06 08:24:24.942074,74.9937515258789,25.423980712890625,0.0022838211152702,20.059,0.818,0.0,0.313,0,0,1,,0.845,2026-03-06T08:24:24.942074,neutral,0.516,2026-03-06T08:24:24.942074,0.54,2026-03-06T08:24:24.923000,52,,,
participant_02,4,day,Town10HD_Opt,2026-03-06 08:24:25.880135,77.95887756347656,25.393070220947266,0.0020925521384924,13.537,0.818,0.0,0.274,0,0,1,,1.0,2026-03-06T08:24:25.880135,neutral,0.516,2026-03-06T08:24:24.942074,0.54,2026-03-06T08:24:24.923000,52,,,
participant_02,4,day,Town10HD_Opt,2026-03-06 08:24:26.762791,79.9166259765625,25.39560317993164,0.0020797348115593,8.502,0.818,0.0,0.309,0,0,1,,1.0,2026-03-06T08:24:26.762791,neutral,0.516,2026-03-06T08:24:24.942074,0.54,2026-03-06T08:24:25.913000,51,,,
participant_02,4,day,Town10HD_Opt,2026-03-06 08:24:27.934509,80.75606536865234,25.40220832824707,0.0020167923066765,0.0,0.818,0.0,0.386,0,0,1,,1.0,2026-03-06T08:24:27.934509,neutral,0.692,2026-03-06T08:24:27.934509,0.54,2026-03-06T08:24:27.893000,53,,,
participant_02,4,day,Town10HD_Opt,2026-03-06 08:24:28.810393,80.75636291503906,25.402212142944336,0.001922950730659,0.003,0.016,0.0,0.0,0,0,1,,1.0,2026-03-06T08:24:28.810393,neutral,0.692,2026-03-06T08:24:27.934509,0.54,2026-03-06T08:24:27.893000,53,,,
participant_02,4,day,Town10HD_Opt,2026-03-06 08:24:29.913797,80.75650024414062,25.40221405029297,0.0019190596649423,0.002,0.096,0.0,0.0,0,0,1,,1.0,2026-03-06T08:24:29.913797,neutral,0.692,2026-03-06T08:24:27.934509,0.54,2026-03-06T08:24:28.883000,52,,,
participant_02,4,day,Town10HD_Opt,2026-03-06 08:24:30.792414,80.7562255859375,25.40221405029297,0.0019173049367964,0.168,0.096,0.399,0.0,0,0,1,,1.0,2026-03-06T08:24:30.792414,neutral,0.768,2026-03-06T08:24:30.792414,0.54,2026-03-06T08:24:29.919000,53,,,
participant_02,4,day,Town10HD_Opt,2026-03-06 08:24:31.954545,81.35966491699219,25.4050235748291,0.0017464827978983,5.764,0.096,0.0,0.0,0,0,1,,1.0,2026-03-06T08:24:31.954545,neutral,0.768,2026-03-06T08:24:30.792414,0.54,2026-03-06T08:24:31.899000,53,,,
participant_02,4,day,Town10HD_Opt,2026-03-06 08:24:32.868079,82.2855453491211,25.4104118347168,0.0019546889234334,4.594,0.087,0.0,0.0,0,0,1,,1.0,2026-03-06T08:24:32.868079,neutral,0.488,2026-03-06T08:24:32.868079,0.54,2026-03-06T08:24:31.899000,53,,,errors=Red light violation
participant_02,4,day,Town10HD_Opt,2026-03-06 08:24:33.753536,83.00157165527344,25.414852142333984,0.0019527816912159,3.475,0.087,0.0,0.0,0,0,1,,1.0,2026-03-06T08:24:33.753536,neutral,0.488,2026-03-06T08:24:32.868079,0.528,2026-03-06T08:24:32.892000,53,,,
participant_02,4,day,Town10HD_Opt,2026-03-06 08:24:34.990181,83.7015380859375,25.41941261291504,0.001940841670148,2.979,0.061,0.996,0.0,0,0,1,,1.0,2026-03-06T08:24:34.990181,neutral,0.921,2026-03-06T08:24:34.990181,0.497,2026-03-06T08:24:34.913000,55,,,
participant_02,4,day,Town10HD_Opt,2026-03-06 08:24:35.888288,85.34324645996094,25.427858352661133,0.0014119719853624,18.044,-1.535,0.992,0.0,0,0,1,,0.848,2026-03-06T08:24:35.888288,neutral,0.921,2026-03-06T08:24:34.990181,0.497,2026-03-06T08:24:34.913000,55,,,
participant_02,4,day,Town10HD_Opt,2026-03-06 08:24:36.826575,89.43215942382812,25.154491424560547,0.0016304778400808,30.328,-7.579,0.809,0.0,0,0,1,,0.85,2026-03-06T08:24:36.826575,neutral,0.921,2026-03-06T08:24:34.990181,0.48,2026-03-06T08:24:35.905000,55,,,
participant_02,4,day,Town10HD_Opt,2026-03-06 08:24:38.003875,97.25865173339844,22.70003890991211,0.0020391845609992,36.819,-13.407,0.215,0.0,0,0,1,,0.905,2026-03-06T08:24:38.003875,neutral,0.715,2026-03-06T08:24:38.003875,0.45,2026-03-06T08:24:37.885000,54,,,
participant_02,4,day,Town10HD_Opt,2026-03-06 08:24:38.864085,101.72203063964844,18.82129096984864,0.0023175429087132,29.934,-14.173,0.0,0.0,0,0,1,,0.83,2026-03-06T08:24:38.864085,neutral,0.715,2026-03-06T08:24:38.003875,0.45,2026-03-06T08:24:37.885000,54,,,
participant_02,4,day,Town10HD_Opt,2026-03-06 08:24:39.766867,103.83621215820312,14.728001594543455,0.0021581267938017,22.575,-12.595,0.0,0.0,0,0,1,,0.849,2026-03-06T08:24:39.766867,neutral,0.715,2026-03-06T08:24:38.003875,0.433,2026-03-06T08:24:38.922000,53,,,
participant_02,4,day,Town10HD_Opt,2026-03-06 08:24:40.918157,105.16145324707033,9.425518989562988,0.0015855026431381,31.76,-2.527,0.994,0.0,0,0,1,,0.843,2026-03-06T08:24:40.918157,sad,0.451,2026-03-06T08:24:40.918157,0.398,2026-03-06T08:24:40.899000,52,,,
participant_02,4,day,Town10HD_Opt,2026-03-06 08:24:41.766247,106.2910614013672,2.7492482662200928,0.001556243863888,46.765,-2.522,0.952,0.0,0,0,1,,0.814,2026-03-06T08:24:41.766247,sad,0.451,2026-03-06T08:24:40.918157,0.398,2026-03-06T08:24:40.899000,52,,,
participant_02,4,day,Town10HD_Opt,2026-03-06 08:24:42.930020,107.11670684814452,-8.816153526306152,0.001995277358219,50.593,-1.097,0.0,0.0,0,0,1,,1.0,2026-03-06T08:24:42.930020,neutral,0.723,2026-03-06T08:24:42.930020,0.375,2026-03-06T08:24:42.879000,53,,,
participant_02,4,day,Town10HD_Opt,2026-03-06 08:24:43.798792,107.17604064941406,-17.54876708984375,0.0020217895507812,50.419,-1.977,0.623,0.0,0,0,1,,1.0,2026-03-06T08:24:43.798792,neutral,0.723,2026-03-06T08:24:42.930020,0.375,2026-03-06T08:24:42.879000,53,,,
participant_02,4,day,Town10HD_Opt,2026-03-06 08:24:44.965663,106.21134185791016,-28.855358123779297,0.0021364975254982,46.381,-3.389,0.393,0.0,0,0,1,,1.0,2026-03-06T08:24:44.965663,neutral,0.712,2026-03-06T08:24:44.965663,0.371,2026-03-06T08:24:44.904000,54,,,
participant_02,4,day,Town10HD_Opt,2026-03-06 08:24:45.826633,104.38195037841795,-36.57513427734375,0.0021147918887436,44.1,-4.778,0.393,0.0,0,0,1,,0.913,2026-03-06T08:24:45.826633,neutral,0.712,2026-03-06T08:24:44.965663,0.371,2026-03-06T08:24:44.904000,54,,,
participant_02,4,day,Town10HD_Opt,2026-03-06 08:24:46.967800,100.23504638671876,-45.69675064086914,0.0021025848109275,41.716,-4.886,0.393,0.0,0,0,1,,0.916,2026-03-06T08:24:46.967800,sad,0.374,2026-03-06T08:24:46.967800,0.365,2026-03-06T08:24:46.884000,57,,,
participant_02,4,day,Town10HD_Opt,2026-03-06 08:24:47.872229,95.9911880493164,-51.49479675292969,0.0020268631633371,40.374,-4.867,0.393,0.0,0,0,1,,0.87,2026-03-06T08:24:47.872229,sad,0.374,2026-03-06T08:24:46.967800,0.365,2026-03-06T08:24:46.884000,57,,,
participant_02,4,day,Town10HD_Opt,2026-03-06 08:24:48.972468,89.22293853759766,-57.73237991333008,0.0020841215737164,38.684,-4.846,0.393,0.0,0,0,1,,1.0,2026-03-06T08:24:48.972468,angry,0.4,2026-03-06T08:24:48.972468,0.36,2026-03-06T08:24:48.908000,56,,,
participant_02,4,day,Town10HD_Opt,2026-03-06 08:24:49.884729,83.54705047607422,-61.25954055786133,0.0020787047687917,37.686,-4.846,0.393,0.0,0,0,1,,0.893,2026-03-06T08:24:49.884729,angry,0.4,2026-03-06T08:24:48.972468,0.36,2026-03-06T08:24:48.908000,56,,,
participant_02,4,day,Town10HD_Opt,2026-03-06 08:24:50.736838,77.53829193115234,-63.79240417480469,0.0020739745814353,36.837,-4.846,0.393,0.0,0,0,1,,0.899,2026-03-06T08:24:50.736838,angry,0.4,2026-03-06T08:24:48.972468,0.358,2026-03-06T08:24:49.900000,55,,,
participant_02,4,day,Town10HD_Opt,2026-03-06 08:24:51.903205,69.26699829101562,-65.65974426269531,0.0020669936202466,35.922,-2.708,0.393,0.0,0,0,1,,0.803,2026-03-06T08:24:51.903205,neutral,0.746,2026-03-06T08:24:51.903205,0.361,2026-03-06T08:24:51.879000,54,,,
participant_02,4,day,Town10HD_Opt,2026-03-06 08:24:52.779275,63.054466247558594,-66.30744171142578,0.0020603560842573,35.403,-1.22,0.393,0.0,0,0,1,,1.0,2026-03-06T08:24:52.779275,neutral,0.746,2026-03-06T08:24:51.903205,0.361,2026-03-06T08:24:51.879000,54,,,
participant_02,4,day,Town10HD_Opt,2026-03-06 08:24:53.997389,54.86909103393555,-66.76073455810547,0.00205680844374,34.818,-1.144,0.393,0.0,0,0,1,,1.0,2026-03-06T08:24:53.997389,neutral,0.7,2026-03-06T08:24:53.997389,0.364,2026-03-06T08:24:53.903000,52,,,
participant_02,4,day,Town10HD_Opt,2026-03-06 08:24:54.901199,48.66860580444336,-66.8571548461914,0.0019216537475585,37.166,-0.58,0.609,0.0,0,0,1,,1.0,2026-03-06T08:24:54.901199,neutral,0.7,2026-03-06T08:24:53.997389,0.362,2026-03-06T08:24:54.894000,51,Solid line crossing,Solid line crossing,
participant_02,4,day,Town10HD_Opt,2026-03-06 08:24:55.744344,41.80457305908203,-66.84248352050781,0.0019782257732003,40.251,0.132,0.276,0.0,0,0,1,,1.0,2026-03-06T08:24:55.744344,neutral,0.7,2026-03-06T08:24:53.997389,0.362,2026-03-06T08:24:54.894000,51,,,
participant_02,4,day,Town10HD_Opt,2026-03-06 08:24:56.937778,32.29000473022461,-66.82219696044922,0.0016763686435297,47.246,0.059,1.0,0.0,0,0,1,,0.809,2026-03-06T08:24:56.937778,neutral,0.852,2026-03-06T08:24:56.937778,0.355,2026-03-06T08:24:56.919000,52,,,
participant_02,4,day,Town10HD_Opt,2026-03-06 08:24:57.795142,23.41839599609375,-66.83363342285156,0.0021997832227498,48.517,0.181,1.0,0.0,0,0,1,,0.803,2026-03-06T08:24:57.795142,neutral,0.852,2026-03-06T08:24:56.937778,0.355,2026-03-06T08:24:56.919000,52,,,
participant_02,4,day,Town10HD_Opt,2026-03-06 08:24:58.915235,11.780404090881348,-66.93187713623047,0.0021857833489775,48.732,0.11,1.0,0.0,0,0,1,,1.0,2026-03-06T08:24:58.915235,neutral,0.852,2026-03-06T08:24:56.937778,0.36,2026-03-06T08:24:58.899000,52,,,
participant_02,4,day,Town10HD_Opt,2026-03-06 08:24:59.773699,2.952711343765259,-67.05900573730469,0.0022261429112404,48.303,0.11,1.0,0.0,0,0,1,,1.0,2026-03-06T08:24:59.773699,neutral,0.594,2026-03-06T08:24:59.773699,0.36,2026-03-06T08:24:58.899000,52,,,
participant_02,4,day,Town10HD_Opt,2026-03-06 08:25:00.944102,-8.712590217590332,-67.28997039794922,0.0020925139542669,49.762,0.078,1.0,0.0,0,0,1,,1.0,2026-03-06T08:25:00.944102,neutral,0.594,2026-03-06T08:24:59.773699,0.36,2026-03-06T08:25:00.879000,51,,,
participant_02,4,day,Town10HD_Opt,2026-03-06 08:25:01.763710,-17.542585372924805,-67.50273132324219,0.0021869277115911,48.844,0.059,1.0,0.0,0,0,1,,0.816,2026-03-06T08:25:01.763710,neutral,0.594,2026-03-06T08:24:59.773699,0.36,2026-03-06T08:25:00.879000,51,,,
participant_02,4,day,Town10HD_Opt,2026-03-06 08:25:02.866611,-29.24308586120605,-67.81835174560547,0.0019846344366669,50.997,0.026,0.0,0.0,0,0,1,,1.0,2026-03-06T08:25:02.866611,neutral,0.595,2026-03-06T08:25:02.866611,0.36,2026-03-06T08:25:01.914000,51,,,
participant_02,4,day,Town10HD_Opt,2026-03-06 08:25:03.946379,-41.04366302490234,-68.15982055664062,0.0018420028500258,52.399,0.005,0.0,0.243,0,0,1,,1.0,2026-03-06T08:25:03.946379,neutral,0.595,2026-03-06T08:25:02.866611,0.366,2026-03-06T08:25:03.895000,51,,,
participant_02,4,day,Town10HD_Opt,2026-03-06 08:25:04.779577,-49.73102951049805,-68.41216278076172,0.0019401931203901,51.052,-0.317,1.0,0.0,0,0,1,,0.869,2026-03-06T08:25:04.779577,neutral,0.595,2026-03-06T08:25:02.866611,0.366,2026-03-06T08:25:03.895000,51,,,
participant_02,4,day,Town10HD_Opt,2026-03-06 08:25:05.882170,-61.55439376831055,-68.3660888671875,0.0019009780371561,51.958,-4.091,0.0,0.196,0,0,1,,0.812,2026-03-06T08:25:05.882170,neutral,0.714,2026-03-06T08:25:05.882170,0.38,2026-03-06T08:25:04.884000,51,,,
participant_02,4,day,Town10HD_Opt,2026-03-06 08:25:06.990794,-72.85021209716797,-66.62034606933594,0.0021640013437718,45.964,-0.345,0.257,0.0,0,0,1,,0.803,2026-03-06T08:25:06.990794,neutral,0.714,2026-03-06T08:25:05.882170,0.408,2026-03-06T08:25:06.908000,51,,,
participant_02,4,day,Town10HD_Opt,2026-03-06 08:25:07.898746,-80.39954376220703,-64.78099822998047,0.0020334625151008,44.576,-4.938,0.627,0.0,0,0,1,,1.0,2026-03-06T08:25:07.898746,neutral,0.681,2026-03-06T08:25:07.898746,0.408,2026-03-06T08:25:06.908000,51,,,
participant_02,4,day,Town10HD_Opt,2026-03-06 08:25:08.721776,-87.95427703857422,-61.65023422241211,0.0018571090186014,49.969,-4.575,0.704,0.0,0,0,1,,0.851,2026-03-06T08:25:08.721776,neutral,0.681,2026-03-06T08:25:07.898746,0.42,2026-03-06T08:25:07.899000,51,,,
participant_02,4,day,Town10HD_Opt,2026-03-06 08:25:09.928738,-97.39875030517578,-54.93896865844727,0.001951637212187,50.819,-5.746,0.0,0.0,0,0,1,,1.0,2026-03-06T08:25:09.928738,neutral,0.803,2026-03-06T08:25:09.928738,0.441,2026-03-06T08:25:09.878000,52,,,
participant_02,4,day,Town10HD_Opt,2026-03-06 08:25:10.894411,-102.95204162597656,-48.22589874267578,0.0019628142472356,50.885,-5.049,0.0,0.0,0,0,1,,0.876,2026-03-06T08:25:10.894411,neutral,0.803,2026-03-06T08:25:09.928738,0.441,2026-03-06T08:25:09.878000,52,,,
participant_02,4,day,Town10HD_Opt,2026-03-06 08:25:11.773291,-106.94585418701172,-40.576419830322266,0.0019855499267578,50.151,-5.269,0.677,0.0,0,0,1,,1.0,2026-03-06T08:25:11.773291,neutral,0.803,2026-03-06T08:25:09.928738,0.452,2026-03-06T08:25:11.004000,54,,,
participant_02,4,day,Town10HD_Opt,2026-03-06 08:25:12.942996,-109.65460968017578,-29.484952926635746,0.0022174834739416,45.504,-1.925,0.0,0.0,0,0,1,,1.0,2026-03-06T08:25:12.942996,neutral,0.74,2026-03-06T08:25:12.942996,0.468,2026-03-06T08:25:12.894000,55,,,
participant_02,4,day,Town10HD_Opt,2026-03-06 08:25:13.838010,-110.32160186767578,-22.43521881103516,0.0024144363123923,34.165,-0.759,0.0,0.328,0,0,1,,0.863,2026-03-06T08:25:13.838010,neutral,0.74,2026-03-06T08:25:12.942996,0.468,2026-03-06T08:25:12.894000,55,,,
participant_02,4,day,Town10HD_Opt,2026-03-06 08:25:14.970068,-110.71320343017578,-15.878926277160645,0.0023272703401744,21.792,-2.139,0.0,0.255,0,0,1,,1.0,2026-03-06T08:25:14.970068,neutral,0.524,2026-03-06T08:25:14.970068,0.472,2026-03-06T08:25:14.919000,57,,,
participant_02,4,day,Town10HD_Opt,2026-03-06 08:25:15.904910,-110.74884796142578,-12.594182014465332,0.0020048904698342,15.989,-1.739,0.0,0.0,0,0,1,,1.0,2026-03-06T08:25:15.904910,neutral,0.524,2026-03-06T08:25:14.970068,0.472,2026-03-06T08:25:14.919000,57,,,
participant_02,4,day,Town10HD_Opt,2026-03-06 08:25:16.834435,-110.71534729003906,-10.115471839904783,0.0020374679006636,12.171,-0.731,0.0,0.0,0,0,1,,1.0,2026-03-06T08:25:16.834435,neutral,0.524,2026-03-06T08:25:14.970068,0.472,2026-03-06T08:25:15.908000,56,,,
participant_02,4,day,Town10HD_Opt,2026-03-06 08:25:17.767935,-110.68765258789062,-8.219482421875,0.0020084762945771,9.346,0.275,0.0,0.0,0,0,1,,1.0,2026-03-06T08:25:17.767935,neutral,0.391,2026-03-06T08:25:17.767935,0.471,2026-03-06T08:25:16.899000,57,,,
participant_02,4,day,Town10HD_Opt,2026-03-06 08:25:18.991119,-110.66950988769533,-6.428001403808594,0.0020186996553093,5.532,0.228,0.0,0.122,0,0,1,,1.0,2026-03-06T08:25:18.991119,neutral,0.391,2026-03-06T08:25:17.767935,0.469,2026-03-06T08:25:18.879000,58,,,
participant_02,4,day,Town10HD_Opt,2026-03-06 08:25:19.961831,-110.66362762451172,-5.742159366607666,0.0021864699665457,0.0,0.204,0.0,0.115,0,0,1,,1.0,2026-03-06T08:25:19.961831,neutral,0.618,2026-03-06T08:25:19.961831,0.469,2026-03-06T08:25:19.914000,58,,,
participant_02,4,day,Town10HD_Opt,2026-03-06 08:25:20.827198,-110.6636199951172,-5.7412543296813965,0.001934242201969,0.019,0.204,0.0,0.0,0,0,1,,1.0,2026-03-06T08:25:20.827198,neutral,0.618,2026-03-06T08:25:19.961831,0.469,2026-03-06T08:25:19.914000,58,,,
participant_02,4,day,Town10HD_Opt,2026-03-06 08:25:21.990629,-110.6636199951172,-5.7401323318481445,0.0019191360333934,0.002,0.195,0.0,0.0,0,0,1,,0.808,2026-03-06T08:25:21.990629,neutral,0.575,2026-03-06T08:25:21.990629,0.462,2026-03-06T08:25:21.892000,63,,,
participant_02,4,day,Town10HD_Opt,2026-03-06 08:25:22.896856,-110.6636199951172,-5.739928245544434,0.0019192122854292,0.001,0.193,0.0,0.0,0,0,1,,1.0,2026-03-06T08:25:22.896856,neutral,0.575,2026-03-06T08:25:21.990629,0.463,2026-03-06T08:25:22.883000,65,,,
participant_02,4,day,Town10HD_Opt,2026-03-06 08:25:23.990289,-110.6636199951172,-5.739851474761963,0.0019191741012036,0.001,0.226,0.0,0.0,0,0,1,,1.0,2026-03-06T08:25:23.990289,neutral,0.575,2026-03-06T08:25:21.990629,0.463,2026-03-06T08:25:23.919000,66,,,
participant_02,4,day,Town10HD_Opt,2026-03-06 08:25:24.868960,-110.6636199951172,-5.739749431610107,0.0019188689766451,0.006,0.244,0.0,0.0,0,0,1,,1.0,2026-03-06T08:25:24.868960,neutral,0.443,2026-03-06T08:25:24.868960,0.463,2026-03-06T08:25:23.919000,66,,,
participant_02,4,day,Town10HD_Opt,2026-03-06 08:25:25.824093,-110.6636199951172,-5.739800453186035,0.0019187163561582,0.006,0.244,0.0,0.0,0,0,1,,1.0,2026-03-06T08:25:25.824093,neutral,0.443,2026-03-06T08:25:24.868960,0.463,2026-03-06T08:25:25.015000,66,,,
participant_02,4,day,Town10HD_Opt,2026-03-06 08:25:26.937894,-110.6636199951172,-5.7396979331970215,0.0019187163561582,0.006,0.244,0.0,0.0,0,0,1,,1.0,2026-03-06T08:25:26.937894,neutral,0.389,2026-03-06T08:25:26.937894,0.456,2026-03-06T08:25:26.889000,68,,,
participant_02,4,day,Town10HD_Opt,2026-03-06 08:25:27.808146,-110.6636199951172,-5.739711284637451,0.0019189834129065,0.007,0.263,0.0,0.0,0,0,1,,1.0,2026-03-06T08:25:27.808146,neutral,0.389,2026-03-06T08:25:26.937894,0.456,2026-03-06T08:25:26.889000,68,,,
participant_02,4,day,Town10HD_Opt,2026-03-06 08:25:28.907706,-110.6636199951172,-5.739627361297607,0.0019189452286809,0.002,0.266,0.0,0.0,0,0,1,,1.0,2026-03-06T08:25:28.907706,neutral,0.389,2026-03-06T08:25:26.937894,0.449,2026-03-06T08:25:27.925000,67,,,
participant_02,4,day,Town10HD_Opt,2026-03-06 08:25:29.802838,-110.6636199951172,-5.73945951461792,0.0019190596649423,0.002,0.282,0.0,0.0,0,0,1,,1.0,2026-03-06T08:25:29.802838,neutral,0.388,2026-03-06T08:25:29.802838,0.443,2026-03-06T08:25:28.914000,67,,,
participant_02,4,day,Town10HD_Opt,2026-03-06 08:25:30.935128,-110.6636199951172,-5.7393798828125,0.0019192122854292,0.002,0.322,0.0,0.0,0,0,1,,1.0,2026-03-06T08:25:30.935128,neutral,0.388,2026-03-06T08:25:29.802838,0.438,2026-03-06T08:25:30.894000,65,,,
participant_02,4,day,Town10HD_Opt,2026-03-06 08:25:31.801777,-110.6636199951172,-5.739168167114258,0.001919021597132,0.001,0.322,0.0,0.0,0,0,1,,1.0,2026-03-06T08:25:31.801777,neutral,0.388,2026-03-06T08:25:29.802838,0.438,2026-03-06T08:25:30.894000,65,,,
participant_02,4,day,Town10HD_Opt,2026-03-06 08:25:32.966682,-110.6636199951172,-5.739084720611572,0.0019192122854292,0.001,0.322,0.0,0.0,0,0,1,,1.0,2026-03-06T08:25:32.966682,sad,0.361,2026-03-06T08:25:32.966682,0.436,2026-03-06T08:25:32.918000,62,,,
participant_02,4,day,Town10HD_Opt,2026-03-06 08:25:33.799915,-110.6636199951172,-5.739085674285889,0.0019189071608707,0.006,0.322,0.0,0.0,0,0,1,,0.836,2026-03-06T08:25:33.799915,sad,0.361,2026-03-06T08:25:32.966682,0.436,2026-03-06T08:25:32.918000,62,,,
participant_02,4,day,Town10HD_Opt,2026-03-06 08:25:34.899237,-110.6636199951172,-5.738984107971191,0.0019189071608707,0.006,0.322,0.0,0.0,0,0,1,,1.0,2026-03-06T08:25:34.899237,sad,0.361,2026-03-06T08:25:32.966682,0.436,2026-03-06T08:25:33.909000,59,,,
participant_02,4,day,Town10HD_Opt,2026-03-06 08:25:35.751077,-110.66355895996094,-5.69356107711792,0.0017871856689453,2.603,1.055,0.8,0.0,0,0,1,,1.0,2026-03-06T08:25:35.751077,neutral,0.696,2026-03-06T08:25:35.751077,0.439,2026-03-06T08:25:34.899000,58,,,
participant_02,4,day,Town10HD_Opt,2026-03-06 08:25:36.900829,-110.66278839111328,-4.672367095947266,0.0019453429849818,4.053,0.578,0.0,0.0,0,0,1,,1.0,2026-03-06T08:25:36.900829,neutral,0.696,2026-03-06T08:25:35.751077,0.445,2026-03-06T08:25:35.889000,57,,,
participant_02,4,day,Town10HD_Opt,2026-03-06 08:25:37.996195,-110.65859985351562,-3.8681156635284415,0.0019570540171116,2.708,-0.329,0.603,0.0,0,0,1,,1.0,2026-03-06T08:25:37.996195,neutral,0.665,2026-03-06T08:25:37.996195,0.452,2026-03-06T08:25:37.914000,58,,,
participant_02,4,day,Town10HD_Opt,2026-03-06 08:25:38.839453,-110.65096282958984,-2.453119993209839,0.001421699533239,15.682,0.04,1.0,0.0,0,0,1,,1.0,2026-03-06T08:25:38.839453,neutral,0.665,2026-03-06T08:25:37.996195,0.452,2026-03-06T08:25:37.914000,58,,,
participant_02,4,day,Town10HD_Opt,2026-03-06 08:25:40.002045,-110.6003875732422,3.392207145690918,0.001559677068144,35.189,-3.186,0.421,0.0,0,0,1,,0.868,2026-03-06T08:25:40.002045,neutral,0.375,2026-03-06T08:25:40.002045,0.458,2026-03-06T08:25:39.894000,58,,,
participant_02,4,day,Town10HD_Opt,2026-03-06 08:25:40.908577,-109.99949645996094,9.53956127166748,0.0021050262730568,33.61,-5.931,0.226,0.0,0,0,1,,0.825,2026-03-06T08:25:40.908577,neutral,0.375,2026-03-06T08:25:40.002045,0.458,2026-03-06T08:25:39.894000,58,,,
participant_02,4,day,Town10HD_Opt,2026-03-06 08:25:41.778674,-108.46959686279295,14.884909629821776,0.0021646118257194,29.739,-10.67,0.226,0.0,0,0,1,,1.0,2026-03-06T08:25:41.778674,neutral,0.375,2026-03-06T08:25:40.002045,0.459,2026-03-06T08:25:40.929000,57,,,
participant_02,4,day,Town10HD_Opt,2026-03-06 08:25:43.014260,-104.9159164428711,20.1683406829834,0.0022270202171057,24.075,-11.496,0.0,0.0,0,0,1,,1.0,2026-03-06T08:25:43.014260,neutral,0.314,2026-03-06T08:25:43.014260,0.456,2026-03-06T08:25:42.909000,56,,,
participant_02,4,day,Town10HD_Opt,2026-03-06 08:25:43.956950,-102.02840423583984,22.49837112426757,0.0022471619304269,17.955,-10.555,0.0,0.0,0,0,1,,1.0,2026-03-06T08:25:43.956950,neutral,0.314,2026-03-06T08:25:43.014260,0.452,2026-03-06T08:25:43.899000,55,,,
participant_02,4,day,Town10HD_Opt,2026-03-06 08:25:44.884532,-99.531982421875,23.80139923095703,0.0020672988612204,13.637,-10.732,0.0,0.126,0,0,1,,1.0,2026-03-06T08:25:44.884532,neutral,0.314,2026-03-06T08:25:43.014260,0.452,2026-03-06T08:25:43.899000,55,,,
participant_02,4,day,Town10HD_Opt,2026-03-06 08:25:45.832701,-97.60588836669922,24.48182487487793,0.0020537949167191,9.254,-10.547,0.0,0.174,0,0,1,,1.0,2026-03-06T08:25:45.832701,neutral,0.591,2026-03-06T08:25:45.832701,0.444,2026-03-06T08:25:44.889000,55,,,
participant_02,4,day,Town10HD_Opt,2026-03-06 08:25:46.785241,-96.28306579589844,24.80765151977539,0.0020349882543087,5.879,-10.519,0.0,0.147,0,0,1,,1.0,2026-03-06T08:25:46.785241,neutral,0.591,2026-03-06T08:25:45.832701,0.441,2026-03-06T08:25:45.924000,56,,,
participant_02,4,day,Town10HD_Opt,2026-03-06 08:25:47.759045,-95.6961898803711,24.91756248474121,0.0016339110443368,8.008,-10.504,1.0,0.0,0,0,1,,1.0,2026-03-06T08:25:47.759045,neutral,0.591,2026-03-06T08:25:45.832701,0.439,2026-03-06T08:25:46.914000,56,,,
participant_02,4,day,Town10HD_Opt,2026-03-06 08:25:48.722166,-93.07193756103516,25.213069915771484,0.0017454909393563,22.044,-5.122,0.798,0.0,0,0,1,,1.0,2026-03-06T08:25:48.722166,neutral,0.609,2026-03-06T08:25:48.722166,0.443,2026-03-06T08:25:47.905000,55,,,
participant_02,4,day,Town10HD_Opt,2026-03-06 08:25:49.962708,-87.2689437866211,25.692007064819336,0.0020012282766401,26.166,1.076,0.385,0.0,0,0,1,,1.0,2026-03-06T08:25:49.962708,neutral,0.609,2026-03-06T08:25:48.722166,0.453,2026-03-06T08:25:49.929000,53,,,
participant_02,4,day,Town10HD_Opt,2026-03-06 08:25:50.917468,-82.67431640625,26.19532966613769,0.0020241546444594,26.724,0.221,0.174,0.0,0,0,1,,1.0,2026-03-06T08:25:50.917468,neutral,0.403,2026-03-06T08:25:50.917468,0.453,2026-03-06T08:25:49.929000,53,,,
participant_02,4,day,Town10HD_Opt,2026-03-06 08:25:51.829952,-78.34486389160156,26.67922592163086,0.0022275543306022,22.095,-0.632,0.0,0.0,0,0,1,,1.0,2026-03-06T08:25:51.829952,neutral,0.403,2026-03-06T08:25:50.917468,0.461,2026-03-06T08:25:50.920000,51,,,
participant_02,4,day,Town10HD_Opt,2026-03-06 08:25:53.013582,-74.07310485839844,27.08466339111328,0.0020274734124541,15.177,-1.474,0.0,0.071,0,0,1,,1.0,2026-03-06T08:25:53.013582,fear,0.376,2026-03-06T08:25:53.013582,0.476,2026-03-06T08:25:52.900000,51,,,
participant_02,4,day,Town10HD_Opt,2026-03-06 08:25:53.990217,-71.76909637451172,27.24433135986328,0.0020502470433712,10.989,-1.42,0.0,0.09,0,0,1,,1.0,2026-03-06T08:25:53.990217,fear,0.376,2026-03-06T08:25:53.013582,0.488,2026-03-06T08:25:53.890000,53,,,
participant_02,4,day,Town10HD_Opt,2026-03-06 08:25:54.962492,-70.12218475341797,27.332387924194336,0.002025184687227,7.656,-1.412,0.0,0.075,0,0,1,,1.0,2026-03-06T08:25:54.962492,fear,0.376,2026-03-06T08:25:53.013582,0.505,2026-03-06T08:25:54.924000,54,,,
participant_02,4,day,Town10HD_Opt,2026-03-06 08:25:55.897017,-68.98890686035156,27.380380630493164,0.0019760893192142,5.396,-1.297,0.333,0.0,0,0,1,,0.81,2026-03-06T08:25:55.897017,neutral,0.522,2026-03-06T08:25:55.897017,0.505,2026-03-06T08:25:54.924000,54,,,
participant_02,4,day,Town10HD_Opt,2026-03-06 08:25:56.803854,-67.25263214111328,27.439350128173828,0.0014409637078642,18.073,-1.168,1.0,0.0,0,0,1,,1.0,2026-03-06T08:25:56.803854,neutral,0.522,2026-03-06T08:25:55.897017,0.522,2026-03-06T08:25:55.959000,54,,,
participant_02,4,day,Town10HD_Opt,2026-03-06 08:25:57.968030,-61.00042724609375,27.53271675109864,0.001509323134087,38.145,-0.571,1.0,0.0,0,0,1,,0.815,2026-03-06T08:25:57.968030,neutral,0.953,2026-03-06T08:25:57.968030,0.554,2026-03-06T08:25:57.894000,52,,,
participant_02,4,day,Town10HD_Opt,2026-03-06 08:25:58.921817,-53.15229415893555,27.482839584350582,0.0015561294276267,52.641,-0.533,0.0,0.204,0,0,1,,1.0,2026-03-06T08:25:58.921817,neutral,0.953,2026-03-06T08:25:57.968030,0.554,2026-03-06T08:25:57.894000,52,,,
participant_02,4,day,Town10HD_Opt,2026-03-06 08:25:59.837356,-44.318973541259766,27.31416702270508,0.0020418167114257,50.282,0.352,1.0,0.0,0,0,1,,1.0,2026-03-06T08:25:59.837356,neutral,0.953,2026-03-06T08:25:57.968030,0.56,2026-03-06T08:25:58.931000,51,Solid line crossing,Solid line crossing,
participant_02,4,day,Town10HD_Opt,2026-03-06 08:26:00.765353,-35.41435623168945,27.22316551208496,0.0022428131196647,48.295,0.343,0.997,0.0,0,0,1,,1.0,2026-03-06T08:26:00.765353,sad,0.406,2026-03-06T08:26:00.765353,0.563,2026-03-06T08:26:00.010000,50,,,
participant_02,4,day,Town10HD_Opt,2026-03-06 08:26:01.975720,-23.823455810546875,27.295534133911133,0.0021189879626035,48.252,0.115,0.502,0.0,0,0,1,,1.0,2026-03-06T08:26:01.975720,sad,0.406,2026-03-06T08:26:00.765353,0.547,2026-03-06T08:26:01.899000,50,,,
participant_02,4,day,Town10HD_Opt,2026-03-06 08:26:02.909356,-15.802239418029783,27.418519973754883,0.0023422623053193,40.77,0.035,0.0,0.0,0,0,1,,0.845,2026-03-06T08:26:02.909356,neutral,0.467,2026-03-06T08:26:02.909356,0.531,2026-03-06T08:26:02.889000,52,,,
participant_02,4,day,Town10HD_Opt,2026-03-06 08:26:03.970140,-9.326682090759276,27.5324649810791,0.0020549010951071,34.599,0.005,0.372,0.0,0,0,1,,1.0,2026-03-06T08:26:03.970140,neutral,0.467,2026-03-06T08:26:02.909356,0.51,2026-03-06T08:26:03.925000,52,,,
participant_02,4,day,Town10HD_Opt,2026-03-06 08:26:04.915870,-3.330070734024048,27.64719581604004,0.0020221327431499,34.796,-0.007,0.524,0.0,0,0,1,,1.0,2026-03-06T08:26:04.915870,neutral,0.42,2026-03-06T08:26:04.915870,0.483,2026-03-06T08:26:04.915000,51,,,
participant_02,4,day,Town10HD_Opt,2026-03-06 08:26:05.897495,2.980020999908448,27.76313591003418,0.0019140243530273,38.229,-0.101,0.594,0.0,0,0,1,,0.812,2026-03-06T08:26:05.897495,neutral,0.42,2026-03-06T08:26:04.915870,0.483,2026-03-06T08:26:04.915000,51,,,
participant_02,4,day,Town10HD_Opt,2026-03-06 08:26:06.891132,9.982213973999023,27.86808586120605,0.0019306945614516,41.839,-0.275,0.499,0.0,0,0,1,,1.0,2026-03-06T08:26:06.891132,neutral,0.42,2026-03-06T08:26:04.915870,0.456,2026-03-06T08:26:05.907000,51,,,
participant_02,4,day,Town10HD_Opt,2026-03-06 08:26:07.857116,17.257160186767578,27.92020034790039,0.0021244811359792,39.922,-0.068,0.16,0.0,0,0,1,,0.878,2026-03-06T08:26:07.857116,neutral,0.757,2026-03-06T08:26:07.857116,0.423,2026-03-06T08:26:06.894000,50,,,
participant_02,4,day,Town10HD_Opt,2026-03-06 08:26:08.837045,23.74542236328125,27.9624252319336,0.0023096085060387,32.525,2.007,0.0,0.0,0,0,1,,0.853,2026-03-06T08:26:08.837045,neutral,0.757,2026-03-06T08:26:07.857116,0.392,2026-03-06T08:26:07.929000,50,,,
participant_02,4,day,Town10HD_Opt,2026-03-06 08:26:09.826319,28.776290893554688,28.41855430603028,0.0022930144332349,24.807,8.291,0.0,0.047,0,0,1,,0.84,2026-03-06T08:26:09.826319,neutral,0.757,2026-03-06T08:26:07.857116,0.368,2026-03-06T08:26:08.926000,52,,,
participant_02,4,day,Town10HD_Opt,2026-03-06 08:26:10.797531,32.40117645263672,29.417953491210938,0.0022703933063894,17.879,8.348,0.0,0.107,0,0,1,,1.0,2026-03-06T08:26:10.797531,neutral,0.724,2026-03-06T08:26:10.797531,0.346,2026-03-06T08:26:09.977000,53,,,
participant_02,4,day,Town10HD_Opt,2026-03-06 08:26:11.977771,35.5258674621582,30.94125747680664,0.0020666122436523,11.736,10.497,0.0,0.122,0,0,1,,0.822,2026-03-06T08:26:11.977771,neutral,0.724,2026-03-06T08:26:10.797531,0.322,2026-03-06T08:26:11.889000,54,,,
participant_02,4,day,Town10HD_Opt,2026-03-06 08:26:12.962555,36.95190048217773,31.941320419311523,0.002043685875833,7.754,13.156,0.0,0.13,0,0,1,,1.0,2026-03-06T08:26:12.962555,neutral,0.827,2026-03-06T08:26:12.962555,0.319,2026-03-06T08:26:12.934000,55,,,
participant_02,4,day,Town10HD_Opt,2026-03-06 08:26:13.940807,37.82658004760742,32.750789642333984,0.0019720839336514,5.389,16.124,0.0,0.617,0,0,1,,1.0,2026-03-06T08:26:13.940807,neutral,0.827,2026-03-06T08:26:12.962555,0.317,2026-03-06T08:26:13.915000,55,,,
participant_02,4,day,Town10HD_Opt,2026-03-06 08:26:14.883932,37.89373016357422,32.8194580078125,0.0019657134544104,0.0,15.142,0.0,0.67,0,0,1,,1.0,2026-03-06T08:26:14.883932,neutral,0.827,2026-03-06T08:26:12.962555,0.317,2026-03-06T08:26:13.915000,55,,,
participant_02,4,day,Town10HD_Opt,2026-03-06 08:26:15.773518,37.89376068115234,32.81950759887695,0.0019213866908103,0.0,14.714,0.0,0.0,0,0,1,,1.0,2026-03-06T08:26:15.773518,neutral,0.827,2026-03-06T08:26:15.773518,0.315,2026-03-06T08:26:14.907000,55,,,
participant_02,5,day,Town10HD_Opt,2026-03-06 08:28:44.951213,-41.66858673095703,89.7454833984375,0.580491840839386,18.061,1.347,0.33,0.0,0,0,1,,1.0,2026-03-06T08:28:44.951213,,,2026-03-06T08:28:44.951213,0.579,2026-03-06T08:28:44.031000,51,,,
participant_02,5,day,Town10HD_Opt,2026-03-06 08:28:49.510118,-41.67424392700195,84.54381561279297,0.0020318983588367,18.164,1.485,0.328,0.0,0,0,1,,1.0,2026-03-06T08:28:49.510118,,,2026-03-06T08:28:49.510118,0.545,2026-03-06T08:28:48.937000,50,,,
participant_02,5,day,Town10HD_Opt,2026-03-06 08:28:50.194310,-41.59819412231445,82.42355346679688,0.0020382308866828,18.129,6.092,0.322,0.0,0,0,1,,0.905,2026-03-06T08:28:50.194310,,,2026-03-06T08:28:49.510118,0.531,2026-03-06T08:28:49.971000,51,,,
participant_02,5,day,Town10HD_Opt,2026-03-06 08:28:51.212742,-41.12717056274414,79.27774047851562,0.0020481871906667,18.253,10.262,0.378,0.0,0,0,1,,0.806,2026-03-06T08:28:51.212742,,,2026-03-06T08:28:49.510118,0.528,2026-03-06T08:28:50.916000,52,,,
participant_02,5,day,Town10HD_Opt,2026-03-06 08:28:52.225233,-40.06240081787109,76.0338363647461,0.001919784466736,21.826,13.758,0.589,0.0,0,0,1,,0.862,2026-03-06T08:28:52.225233,neutral,0.568,2026-03-06T08:28:52.225233,0.525,2026-03-06T08:28:51.906000,52,,,
participant_02,5,day,Town10HD_Opt,2026-03-06 08:28:53.215453,-37.72772979736328,72.48946380615234,0.0018827819731086,27.56,17.761,0.601,0.0,0,0,1,,0.813,2026-03-06T08:28:53.215453,neutral,0.568,2026-03-06T08:28:52.225233,0.521,2026-03-06T08:28:52.941000,53,,,
participant_02,5,day,Town10HD_Opt,2026-03-06 08:28:53.957243,-35.10403060913086,70.4043960571289,0.0019501495407894,30.134,18.913,0.407,0.0,0,0,1,,0.867,2026-03-06T08:28:53.957243,neutral,0.568,2026-03-06T08:28:52.225233,0.521,2026-03-06T08:28:53.931000,54,,,
participant_02,5,day,Town10HD_Opt,2026-03-06 08:28:54.996254,-30.11714553833008,68.93359375,0.002110977191478,29.617,18.232,0.289,0.0,0,0,1,,0.843,2026-03-06T08:28:54.996254,neutral,0.851,2026-03-06T08:28:54.996254,0.521,2026-03-06T08:28:54.921000,57,,,errors=Solid line crossing
participant_02,5,day,Town10HD_Opt,2026-03-06 08:28:55.974125,-25.30379676818848,69.34512329101562,0.002250442514196,23.898,-1.478,0.009,0.0,0,0,1,,1.0,2026-03-06T08:28:55.974125,neutral,0.851,2026-03-06T08:28:54.996254,0.521,2026-03-06T08:28:55.910000,58,,,
participant_02,5,day,Town10HD_Opt,2026-03-06 08:28:56.952939,-21.439945220947266,69.70887756347656,0.0020806503016501,21.698,-2.153,0.629,0.0,0,0,1,,0.846,2026-03-06T08:28:56.952939,neutral,0.851,2026-03-06T08:28:54.996254,0.521,2026-03-06T08:28:56.946000,60,,,
participant_02,5,day,Town10HD_Opt,2026-03-06 08:28:57.943212,-17.216880798339844,69.97764587402344,0.0018712615128606,27.109,-0.938,0.45,0.0,0,0,1,,1.0,2026-03-06T08:28:57.943212,neutral,0.81,2026-03-06T08:28:57.943212,0.521,2026-03-06T08:28:57.936000,62,,,
participant_02,5,day,Town10HD_Opt,2026-03-06 08:28:59.228724,-10.65742015838623,70.26445770263672,0.0020272063557058,28.549,-0.989,0.379,0.0,0,0,1,,1.0,2026-03-06T08:28:59.228724,neutral,0.81,2026-03-06T08:28:57.943212,0.521,2026-03-06T08:28:58.927000,63,,,
participant_02,5,day,Town10HD_Opt,2026-03-06 08:28:59.965431,-7.334630966186523,70.32238006591797,0.0020669174846261,28.058,-2.028,0.274,0.0,0,0,1,,1.0,2026-03-06T08:28:59.965431,neutral,0.816,2026-03-06T08:28:59.965431,0.521,2026-03-06T08:28:59.916000,64,,,
participant_02,5,day,Town10HD_Opt,2026-03-06 08:29:01.217814,-1.0705363750457764,70.16181945800781,0.0021086882334202,25.4,-0.254,0.264,0.0,0,0,1,,1.0,2026-03-06T08:29:01.217814,neutral,0.816,2026-03-06T08:28:59.965431,0.521,2026-03-06T08:29:00.905000,66,,,
participant_02,5,day,Town10HD_Opt,2026-03-06 08:29:02.164386,3.2295684814453125,70.0062255859375,0.0021022413857281,23.582,0.879,0.264,0.0,0,0,1,,1.0,2026-03-06T08:29:02.164386,neutral,0.828,2026-03-06T08:29:02.164386,0.521,2026-03-06T08:29:01.940000,68,,,
participant_02,5,day,Town10HD_Opt,2026-03-06 08:29:03.154811,7.197510242462158,69.92394256591797,0.002118949778378,21.367,0.759,0.181,0.0,0,0,1,,1.0,2026-03-06T08:29:03.154811,neutral,0.828,2026-03-06T08:29:02.164386,0.521,2026-03-06T08:29:02.931000,68,,,
participant_02,5,day,Town10HD_Opt,2026-03-06 08:29:04.078507,10.719893455505373,69.89947509765625,0.0021436309907585,18.409,0.261,0.132,0.0,0,0,1,,1.0,2026-03-06T08:29:04.078507,neutral,0.828,2026-03-06T08:29:02.164386,0.521,2026-03-06T08:29:03.921000,67,,,
participant_02,5,day,Town10HD_Opt,2026-03-06 08:29:04.999414,13.823992729187012,69.89639282226562,0.0019501113565638,16.781,0.256,0.164,0.0,0,0,1,,1.0,2026-03-06T08:29:04.999414,neutral,0.866,2026-03-06T08:29:04.999414,0.522,2026-03-06T08:29:04.911000,65,,,
participant_02,5,day,Town10HD_Opt,2026-03-06 08:29:05.963011,16.685253143310547,69.90513610839844,0.0019451903644949,15.973,0.242,0.18,0.0,0,0,1,,0.839,2026-03-06T08:29:05.963011,neutral,0.866,2026-03-06T08:29:04.999414,0.525,2026-03-06T08:29:05.946000,64,,,
participant_02,5,day,Town10HD_Opt,2026-03-06 08:29:07.176962,20.27454376220703,69.93077850341797,0.0019449996761977,14.806,0.202,0.178,0.0,0,0,1,,1.0,2026-03-06T08:29:07.176962,neutral,0.835,2026-03-06T08:29:07.176962,0.526,2026-03-06T08:29:06.936000,62,,,
participant_02,5,day,Town10HD_Opt,2026-03-06 08:29:08.108099,22.762834548950195,69.95452117919922,0.0020042418036609,12.788,-0.033,0.0,0.04,0,0,1,,0.831,2026-03-06T08:29:08.108099,neutral,0.835,2026-03-06T08:29:07.176962,0.529,2026-03-06T08:29:07.926000,62,,,
participant_02,5,day,Town10HD_Opt,2026-03-06 08:29:09.001527,24.5700798034668,69.97032928466797,0.0020921707618981,7.368,-0.033,0.0,0.36,0,0,1,,0.83,2026-03-06T08:29:09.001527,neutral,0.835,2026-03-06T08:29:07.176962,0.531,2026-03-06T08:29:08.916000,62,,,
participant_02,5,day,Town10HD_Opt,2026-03-06 08:29:10.179806,25.092342376708984,69.97525787353516,0.0019745253957808,0.139,-0.033,0.323,0.0,0,0,1,,0.839,2026-03-06T08:29:10.179806,neutral,0.807,2026-03-06T08:29:10.179806,0.533,2026-03-06T08:29:09.906000,61,,,
participant_02,5,day,Town10HD_Opt,2026-03-06 08:29:11.141352,25.41148376464844,69.97767639160156,0.0017596435500308,4.466,-0.033,0.219,0.0,0,0,1,,0.911,2026-03-06T08:29:11.141352,neutral,0.807,2026-03-06T08:29:10.179806,0.54,2026-03-06T08:29:10.941000,60,,,
participant_02,5,day,Town10HD_Opt,2026-03-06 08:29:12.078995,26.16775131225586,69.98311614990234,0.002263679401949,0.0,-0.033,0.0,0.248,0,0,1,,0.884,2026-03-06T08:29:12.078995,neutral,0.807,2026-03-06T08:29:10.179806,0.545,2026-03-06T08:29:11.931000,60,,,
participant_02,5,day,Town10HD_Opt,2026-03-06 08:29:12.991659,26.16758155822754,69.98308563232422,0.0019345473265275,0.149,-0.033,0.321,0.0,0,0,1,,0.918,2026-03-06T08:29:12.991659,neutral,0.776,2026-03-06T08:29:12.991659,0.55,2026-03-06T08:29:12.920000,59,,,
participant_02,5,day,Town10HD_Opt,2026-03-06 08:29:13.961397,26.79050064086914,69.97843933105469,0.001579895033501,8.767,-2.795,0.675,0.0,0,0,1,,0.858,2026-03-06T08:29:13.961397,neutral,0.776,2026-03-06T08:29:12.991659,0.56,2026-03-06T08:29:13.912000,58,,,errors=Stop sign violation
participant_02,5,day,Town10HD_Opt,2026-03-06 08:29:15.217091,29.99059295654297,69.66336822509766,0.0018096159910783,16.695,-10.062,0.222,0.0,0,0,1,,1.0,2026-03-06T08:29:15.217091,neutral,0.754,2026-03-06T08:29:15.217091,0.569,2026-03-06T08:29:14.947000,57,,,
participant_02,5,day,Town10HD_Opt,2026-03-06 08:29:16.204974,32.820411682128906,68.90290832519531,0.0018873214721679,17.458,-10.221,0.429,0.0,0,0,1,,1.0,2026-03-06T08:29:16.204974,neutral,0.754,2026-03-06T08:29:15.217091,0.58,2026-03-06T08:29:15.936000,58,,,
participant_02,5,day,Town10HD_Opt,2026-03-06 08:29:17.155100,35.80215072631836,67.56820678710938,0.001956405583769,20.28,-10.538,0.547,0.0,0,0,1,,1.0,2026-03-06T08:29:17.155100,neutral,0.754,2026-03-06T08:29:15.217091,0.595,2026-03-06T08:29:16.926000,58,,,
participant_02,5,day,Town10HD_Opt,2026-03-06 08:29:18.122275,39.1126594543457,65.35073852539062,0.001913413987495,25.339,-10.468,0.51,0.0,0,0,1,,0.829,2026-03-06T08:29:18.122275,neutral,0.801,2026-03-06T08:29:18.122275,0.608,2026-03-06T08:29:17.916000,58,,,
participant_02,5,day,Town10HD_Opt,2026-03-06 08:29:19.079448,42.21331024169922,62.01530456542969,0.0023126984015107,26.383,-14.418,0.22,0.0,0,0,1,,0.883,2026-03-06T08:29:19.079448,neutral,0.801,2026-03-06T08:29:18.122275,0.621,2026-03-06T08:29:18.906000,59,,,
participant_02,5,day,Town10HD_Opt,2026-03-06 08:29:20.032725,44.05754470825195,58.09398651123047,0.0021573256235569,23.253,-13.953,0.183,0.0,0,0,1,,1.0,2026-03-06T08:29:20.032725,neutral,0.801,2026-03-06T08:29:18.122275,0.635,2026-03-06T08:29:19.941000,59,,,
participant_02,5,day,Town10HD_Opt,2026-03-06 08:29:21.019563,44.62420272827149,54.33541488647461,0.0021560287568718,20.201,-10.437,0.183,0.0,0,0,1,,1.0,2026-03-06T08:29:21.019563,fear,0.434,2026-03-06T08:29:21.019563,0.644,2026-03-06T08:29:20.931000,59,,,
participant_02,5,day,Town10HD_Opt,2026-03-06 08:29:21.973650,44.657020568847656,51.00979995727539,0.0020997237879782,18.177,-1.782,0.278,0.0,0,0,1,,0.92,2026-03-06T08:29:21.973650,fear,0.434,2026-03-06T08:29:21.019563,0.654,2026-03-06T08:29:21.920000,60,,,
participant_02,5,day,Town10HD_Opt,2026-03-06 08:29:23.227386,44.5261116027832,46.77924346923828,0.0020597837865352,18.027,-0.9,0.325,0.0,0,0,1,,0.922,2026-03-06T08:29:23.227386,neutral,0.788,2026-03-06T08:29:23.227386,0.664,2026-03-06T08:29:22.911000,60,,,
participant_02,5,day,Town10HD_Opt,2026-03-06 08:29:24.226050,44.36949920654297,43.62722396850586,0.0020422744564712,18.063,0.559,0.313,0.0,0,0,1,,0.93,2026-03-06T08:29:24.226050,neutral,0.788,2026-03-06T08:29:23.227386,0.67,2026-03-06T08:29:23.946000,58,,,
participant_02,5,day,Town10HD_Opt,2026-03-06 08:29:25.176088,44.4390869140625,40.45109939575195,0.0020614243112504,18.238,7.758,0.288,0.0,0,0,1,,0.91,2026-03-06T08:29:25.176088,neutral,0.788,2026-03-06T08:29:23.227386,0.676,2026-03-06T08:29:24.936000,57,,,
participant_02,5,day,Town10HD_Opt,2026-03-06 08:29:26.189808,44.8867073059082,37.28530883789063,0.0020155333913862,18.836,6.594,0.424,0.0,0,0,1,,0.893,2026-03-06T08:29:26.189808,neutral,0.734,2026-03-06T08:29:26.189808,0.676,2026-03-06T08:29:25.929000,57,,,
participant_02,5,day,Town10HD_Opt,2026-03-06 08:29:27.157355,45.81046295166016,33.95097732543945,0.0019716643728315,21.27,14.501,0.562,0.0,0,0,1,,0.917,2026-03-06T08:29:27.157355,neutral,0.734,2026-03-06T08:29:26.189808,0.676,2026-03-06T08:29:26.918000,56,Harsh braking,decel_mps2=6.1,
participant_02,5,day,Town10HD_Opt,2026-03-06 08:29:28.125781,47.89704895019531,30.457433700561523,0.0019146727863699,25.72,15.842,0.544,0.0,0,0,1,,1.0,2026-03-06T08:29:28.125781,neutral,0.734,2026-03-06T08:29:26.189808,0.676,2026-03-06T08:29:27.907000,56,,,
participant_02,5,day,Town10HD_Opt,2026-03-06 08:29:29.076799,51.58138656616211,27.357046127319336,0.0019584654364734,29.573,15.558,0.494,0.0,0,0,1,,0.863,2026-03-06T08:29:29.076799,neutral,0.829,2026-03-06T08:29:29.076799,0.676,2026-03-06T08:29:28.942000,57,,,
participant_02,5,day,Town10HD_Opt,2026-03-06 08:29:30.142776,56.54424285888672,25.64546585083008,0.0020869064610451,29.917,13.636,0.295,0.0,0,0,1,,0.89,2026-03-06T08:29:30.142776,neutral,0.829,2026-03-06T08:29:29.076799,0.676,2026-03-06T08:29:29.931000,56,,,
participant_02,5,day,Town10HD_Opt,2026-03-06 08:29:31.134682,61.63201522827149,25.45411491394043,0.0021049880888313,28.185,1.182,0.186,0.0,0,0,1,,0.914,2026-03-06T08:29:31.134682,neutral,0.77,2026-03-06T08:29:31.134682,0.658,2026-03-06T08:29:30.922000,56,,,
participant_02,5,day,Town10HD_Opt,2026-03-06 08:29:32.038105,66.18589782714844,25.48737335205078,0.0022415923886001,22.659,-2.405,0.0,0.0,0,0,1,,0.895,2026-03-06T08:29:32.038105,neutral,0.77,2026-03-06T08:29:31.134682,0.641,2026-03-06T08:29:31.911000,57,,,
participant_02,5,day,Town10HD_Opt,2026-03-06 08:29:32.969328,69.67582702636719,25.36924934387207,0.0019789503421634,17.445,0.451,0.0,0.0,0,0,1,,0.888,2026-03-06T08:29:32.969328,neutral,0.77,2026-03-06T08:29:31.134682,0.623,2026-03-06T08:29:32.947000,57,,,
participant_02,5,day,Town10HD_Opt,2026-03-06 08:29:34.152616,73.11425018310547,25.282133102416992,0.0020344161894172,12.144,0.987,0.0,0.0,0,0,1,,1.0,2026-03-06T08:29:34.152616,neutral,0.778,2026-03-06T08:29:34.152616,0.606,2026-03-06T08:29:34.026000,56,,,
participant_02,5,day,Town10HD_Opt,2026-03-06 08:29:35.070776,75.00611877441406,25.263940811157227,0.0020085906144231,9.326,1.274,0.0,0.0,0,0,1,,0.852,2026-03-06T08:29:35.070776,neutral,0.778,2026-03-06T08:29:34.152616,0.589,2026-03-06T08:29:34.971000,55,,,
participant_02,5,day,Town10HD_Opt,2026-03-06 08:29:36.044420,76.478271484375,25.25816535949707,0.0019411849789321,8.017,0.169,0.13,0.0,0,0,1,,0.887,2026-03-06T08:29:36.044420,neutral,0.778,2026-03-06T08:29:34.152616,0.566,2026-03-06T08:29:35.916000,54,,,
participant_02,5,day,Town10HD_Opt,2026-03-06 08:29:36.974543,77.83265686035156,25.251855850219727,0.001947364769876,7.332,0.012,0.0,0.0,0,0,1,,0.887,2026-03-06T08:29:36.974543,neutral,0.793,2026-03-06T08:29:36.974543,0.542,2026-03-06T08:29:36.951000,53,,,
participant_02,5,day,Town10HD_Opt,2026-03-06 08:29:38.171216,79.32192993164062,25.24530029296875,0.0020307921804487,0.53,0.172,0.0,0.088,0,0,1,,0.897,2026-03-06T08:29:38.171216,neutral,0.793,2026-03-06T08:29:36.974543,0.517,2026-03-06T08:29:37.941000,54,,,
participant_02,5,day,Town10HD_Opt,2026-03-06 08:29:39.113253,79.33710479736328,25.244911193847656,0.0019508743425831,0.002,0.179,0.0,0.0,0,0,1,,0.824,2026-03-06T08:29:39.113253,neutral,0.696,2026-03-06T08:29:39.113253,0.496,2026-03-06T08:29:38.931000,54,,,
participant_02,5,day,Town10HD_Opt,2026-03-06 08:29:40.106675,79.33723449707031,25.244911193847656,0.0019200133392587,0.007,0.179,0.0,0.0,0,0,1,,0.884,2026-03-06T08:29:40.106675,neutral,0.696,2026-03-06T08:29:39.113253,0.474,2026-03-06T08:29:39.921000,54,,,
participant_02,5,day,Town10HD_Opt,2026-03-06 08:29:41.056183,79.33741760253906,25.244911193847656,0.0019192122854292,0.002,0.19,0.0,0.0,0,0,1,,1.0,2026-03-06T08:29:41.056183,neutral,0.696,2026-03-06T08:29:39.113253,0.488,2026-03-06T08:29:40.912000,54,,,
participant_02,5,day,Town10HD_Opt,2026-03-06 08:29:41.981388,79.33766174316406,25.244909286499023,0.001919288537465,0.001,0.197,0.0,0.0,0,0,1,,0.837,2026-03-06T08:29:41.981388,neutral,0.83,2026-03-06T08:29:41.981388,0.499,2026-03-06T08:29:41.948000,54,,,
participant_02,5,day,Town10HD_Opt,2026-03-06 08:29:43.149226,79.34109497070312,25.24482154846192,0.0018946838099509,0.741,-2.598,0.525,0.0,0,0,1,,0.922,2026-03-06T08:29:43.149226,neutral,0.83,2026-03-06T08:29:41.981388,0.518,2026-03-06T08:29:42.936000,53,,,
participant_02,5,day,Town10HD_Opt,2026-03-06 08:29:44.061301,80.2103271484375,25.189802169799805,0.0015629577683284,11.044,-6.971,0.738,0.0,0,0,1,,0.93,2026-03-06T08:29:44.061301,neutral,0.77,2026-03-06T08:29:44.061301,0.53,2026-03-06T08:29:43.926000,52,,,
participant_02,5,day,Town10HD_Opt,2026-03-06 08:29:44.987919,82.86067962646484,24.90848159790039,0.0018764495616778,18.511,0.078,0.68,0.0,0,0,1,,0.918,2026-03-06T08:29:44.987919,neutral,0.77,2026-03-06T08:29:44.061301,0.543,2026-03-06T08:29:44.918000,53,,,
participant_02,5,day,Town10HD_Opt,2026-03-06 08:29:46.232364,88.29884338378906,24.47665023803711,0.0016621779650449,32.049,-2.967,0.776,0.0,0,0,1,,0.808,2026-03-06T08:29:46.232364,fear,0.454,2026-03-06T08:29:46.232364,0.561,2026-03-06T08:29:45.952000,54,,,
participant_02,5,day,Town10HD_Opt,2026-03-06 08:29:47.150807,94.33032989501952,23.32048988342285,0.0020476912613958,38.1,-12.476,0.574,0.0,0,0,1,,0.907,2026-03-06T08:29:47.150807,fear,0.454,2026-03-06T08:29:46.232364,0.58,2026-03-06T08:29:46.941000,54,,,
participant_02,5,day,Town10HD_Opt,2026-03-06 08:29:48.088767,100.24140167236328,19.837995529174805,0.0018050002399832,40.961,-11.147,0.562,0.0,0,0,1,,0.879,2026-03-06T08:29:48.088767,fear,0.454,2026-03-06T08:29:46.232364,0.599,2026-03-06T08:29:47.932000,54,,,
participant_02,5,day,Town10HD_Opt,2026-03-06 08:29:48.954680,104.76850128173828,14.102824211120604,0.0032710647210478,43.154,-10.425,0.559,0.0,0,0,1,,0.845,2026-03-06T08:29:48.954680,neutral,0.73,2026-03-06T08:29:48.954680,0.615,2026-03-06T08:29:48.921000,53,,,
participant_02,5,day,Town10HD_Opt,2026-03-06 08:29:50.206115,107.23779296875,4.179116249084473,0.0019944761879742,45.413,-5.586,0.529,0.0,0,0,1,,0.874,2026-03-06T08:29:50.206115,neutral,0.73,2026-03-06T08:29:48.954680,0.632,2026-03-06T08:29:49.959000,53,,,
participant_02,5,day,Town10HD_Opt,2026-03-06 08:29:51.113043,107.05648803710938,-3.893966197967529,0.002004203852266,46.792,0.681,0.51,0.0,0,0,1,,0.907,2026-03-06T08:29:51.113043,neutral,0.5,2026-03-06T08:29:51.113043,0.63,2026-03-06T08:29:50.947000,52,,,
participant_02,5,day,Town10HD_Opt,2026-03-06 08:29:52.010548,107.02392578125,-12.055896759033203,0.0021075056865811,45.546,1.081,0.332,0.0,0,0,1,,0.894,2026-03-06T08:29:52.010548,neutral,0.5,2026-03-06T08:29:51.113043,0.631,2026-03-06T08:29:51.937000,51,,,
participant_02,5,day,Town10HD_Opt,2026-03-06 08:29:53.160716,107.26588439941406,-22.168212890625,0.0021509933285415,40.772,-1.906,0.323,0.0,0,0,1,,0.882,2026-03-06T08:29:53.160716,neutral,0.818,2026-03-06T08:29:53.160716,0.625,2026-03-06T08:29:52.926000,50,,,
participant_02,5,day,Town10HD_Opt,2026-03-06 08:29:54.110308,106.9410629272461,-29.09353256225586,0.0021342085674405,38.116,-3.426,0.324,0.0,0,0,1,,0.883,2026-03-06T08:29:54.110308,neutral,0.818,2026-03-06T08:29:53.160716,0.625,2026-03-06T08:29:53.917000,50,,,
participant_02,5,day,Town10HD_Opt,2026-03-06 08:29:54.976082,105.91120910644533,-35.47372817993164,0.0021245193202048,35.797,-5.17,0.325,0.0,0,0,1,,0.929,2026-03-06T08:29:54.976082,neutral,0.818,2026-03-06T08:29:53.160716,0.625,2026-03-06T08:29:54.952000,50,,,
participant_02,5,day,Town10HD_Opt,2026-03-06 08:29:56.113882,103.23189544677734,-43.02293395996094,0.0021097182761877,33.022,-5.482,0.326,0.0,0,0,1,,0.934,2026-03-06T08:29:56.113882,neutral,0.757,2026-03-06T08:29:56.113882,0.625,2026-03-06T08:29:55.941000,50,,,
participant_02,5,day,Town10HD_Opt,2026-03-06 08:29:57.009251,100.46843719482422,-47.94252014160156,0.0020978164393454,31.419,-4.501,0.328,0.0,0,0,1,,0.86,2026-03-06T08:29:57.009251,neutral,0.757,2026-03-06T08:29:56.113882,0.625,2026-03-06T08:29:56.931000,51,,,
participant_02,5,day,Town10HD_Opt,2026-03-06 08:29:58.133125,96.05134582519533,-53.57670211791992,0.002019042847678,31.048,-4.818,0.531,0.0,0,0,1,,0.934,2026-03-06T08:29:58.133125,neutral,0.836,2026-03-06T08:29:58.133125,0.625,2026-03-06T08:29:57.922000,53,,,
participant_02,5,day,Town10HD_Opt,2026-03-06 08:29:59.044969,91.89002990722656,-57.44722366333008,0.0019290542695671,34.493,-4.886,0.494,0.0,0,0,1,,0.814,2026-03-06T08:29:59.044969,neutral,0.836,2026-03-06T08:29:58.133125,0.625,2026-03-06T08:29:58.956000,54,,,
participant_02,5,day,Town10HD_Opt,2026-03-06 08:29:59.967079,86.78764343261719,-61.00434494018555,0.001980056753382,36.663,-4.839,0.489,0.0,0,0,1,,0.854,2026-03-06T08:29:59.967079,neutral,0.836,2026-03-06T08:29:58.133125,0.625,2026-03-06T08:29:59.946000,55,,,
participant_02,5,day,Town10HD_Opt,2026-03-06 08:30:01.147258,78.84988403320312,-64.6767578125,0.0020062637049704,38.462,-4.841,0.48,0.0,0,0,1,,0.877,2026-03-06T08:30:01.147258,neutral,0.745,2026-03-06T08:30:01.147258,0.625,2026-03-06T08:30:00.937000,55,,,
participant_02,5,day,Town10HD_Opt,2026-03-06 08:30:01.988519,72.25634765625,-66.36837005615234,0.0020128630567342,39.51,-4.66,0.48,0.0,0,0,1,,1.0,2026-03-06T08:30:01.988519,neutral,0.745,2026-03-06T08:30:01.147258,0.625,2026-03-06T08:30:00.937000,55,,,
participant_02,5,day,Town10HD_Opt,2026-03-06 08:30:03.134399,62.94578552246094,-67.21733856201172,0.002013282617554,40.767,-0.978,0.48,0.0,0,0,1,,0.819,2026-03-06T08:30:03.134399,neutral,0.745,2026-03-06T08:30:01.147258,0.629,2026-03-06T08:30:02.916000,54,,,
participant_02,5,day,Town10HD_Opt,2026-03-06 08:30:04.002722,55.74872589111328,-67.44524383544922,0.002016334561631,41.588,-0.698,0.48,0.0,0,0,1,,1.0,2026-03-06T08:30:04.002722,neutral,0.488,2026-03-06T08:30:04.002722,0.631,2026-03-06T08:30:03.951000,54,,,
participant_02,5,day,Town10HD_Opt,2026-03-06 08:30:05.110398,45.94231414794922,-67.49436950683594,0.0020211411174386,42.508,-0.684,0.48,0.0,0,0,1,,1.0,2026-03-06T08:30:05.110398,neutral,0.488,2026-03-06T08:30:04.002722,0.633,2026-03-06T08:30:04.941000,55,,,
participant_02,5,day,Town10HD_Opt,2026-03-06 08:30:05.974334,38.458683013916016,-67.32050323486328,0.0020239639561623,43.086,-0.289,0.48,0.0,0,0,1,,1.0,2026-03-06T08:30:05.974334,neutral,0.488,2026-03-06T08:30:04.002722,0.633,2026-03-06T08:30:04.941000,55,Stop sign violation,stop_sign_id=1200,
participant_02,5,day,Town10HD_Opt,2026-03-06 08:30:07.121505,28.367172241210938,-66.99794006347656,0.0020823669619858,42.43,0.148,0.0,0.0,0,0,1,,1.0,2026-03-06T08:30:07.121505,disgust,0.816,2026-03-06T08:30:07.121505,0.64,2026-03-06T08:30:06.921000,55,,,
participant_02,5,day,Town10HD_Opt,2026-03-06 08:30:08.033397,21.63541412353516,-66.8456802368164,0.0023292540572583,33.525,0.484,0.0,0.0,0,0,1,,1.0,2026-03-06T08:30:08.033397,disgust,0.816,2026-03-06T08:30:07.121505,0.644,2026-03-06T08:30:07.911000,54,,,
participant_02,5,day,Town10HD_Opt,2026-03-06 08:30:09.199206,14.798044204711914,-66.83330535888672,0.002171134809032,26.12,0.562,0.22,0.0,0,0,1,,1.0,2026-03-06T08:30:09.199206,neutral,0.696,2026-03-06T08:30:09.199206,0.648,2026-03-06T08:30:08.947000,53,,,
participant_02,5,day,Town10HD_Opt,2026-03-06 08:30:10.083237,10.450592041015623,-66.90597534179688,0.0021330642048269,23.361,0.27,0.218,0.0,0,0,1,,0.806,2026-03-06T08:30:10.083237,neutral,0.696,2026-03-06T08:30:09.199206,0.652,2026-03-06T08:30:09.936000,52,,,
participant_02,5,day,Town10HD_Opt,2026-03-06 08:30:11.191899,5.35352897644043,-67.02861022949219,0.0021182631608098,20.2,0.31,0.218,0.0,0,0,1,,0.821,2026-03-06T08:30:11.191899,neutral,0.696,2026-03-06T08:30:09.199206,0.656,2026-03-06T08:30:10.926000,51,,,
participant_02,5,day,Town10HD_Opt,2026-03-06 08:30:12.058923,1.985431432723999,-67.13326263427734,0.002109489403665,18.152,0.31,0.219,0.0,0,0,1,,1.0,2026-03-06T08:30:12.058923,neutral,0.826,2026-03-06T08:30:12.058923,0.66,2026-03-06T08:30:11.916000,51,,,
participant_02,5,day,Town10HD_Opt,2026-03-06 08:30:13.142948,-2.220100164413452,-67.29378509521484,0.001856651273556,17.833,0.31,0.219,0.0,0,0,1,,0.889,2026-03-06T08:30:13.142948,neutral,0.826,2026-03-06T08:30:12.058923,0.665,2026-03-06T08:30:12.951000,51,,,
participant_02,5,day,Town10HD_Opt,2026-03-06 08:30:14.030647,-5.291754245758057,-67.43140411376953,0.0019356155535206,17.27,0.287,0.219,0.0,0,0,1,,1.0,2026-03-06T08:30:14.030647,neutral,0.826,2026-03-06T08:30:12.058923,0.662,2026-03-06T08:30:13.941000,51,,,
participant_02,5,day,Town10HD_Opt,2026-03-06 08:30:15.149823,-9.249777793884276,-67.6281509399414,0.0019324492895975,16.683,-0.36,0.217,0.0,0,0,1,,1.0,2026-03-06T08:30:15.149823,disgust,0.778,2026-03-06T08:30:15.149823,0.657,2026-03-06T08:30:14.932000,53,,,
participant_02,5,day,Town10HD_Opt,2026-03-06 08:30:16.066569,-12.065512657165527,-67.73383331298828,0.0020073698833584,14.606,-0.632,0.0,0.0,0,0,1,,1.0,2026-03-06T08:30:16.066569,disgust,0.778,2026-03-06T08:30:15.149823,0.652,2026-03-06T08:30:15.923000,53,,,
participant_02,5,day,Town10HD_Opt,2026-03-06 08:30:17.145354,-14.975505828857422,-67.82669067382812,0.0020170211791992,10.28,-0.169,0.0,0.0,0,0,1,,0.913,2026-03-06T08:30:17.145354,disgust,0.778,2026-03-06T08:30:15.149823,0.643,2026-03-06T08:30:16.912000,53,,,
participant_02,5,day,Town10HD_Opt,2026-03-06 08:30:18.014441,-16.57384490966797,-67.87489318847656,0.0019887923263013,7.945,-0.186,0.0,0.0,0,0,1,,1.0,2026-03-06T08:30:18.014441,neutral,0.887,2026-03-06T08:30:18.014441,0.635,2026-03-06T08:30:17.947000,53,,,
participant_02,5,day,Town10HD_Opt,2026-03-06 08:30:19.076206,-18.15187263488769,-67.91958618164062,0.0019697952084243,5.505,-0.209,0.0,0.0,0,0,1,,1.0,2026-03-06T08:30:19.076206,neutral,0.887,2026-03-06T08:30:18.014441,0.622,2026-03-06T08:30:18.939000,53,,,
participant_02,5,day,Town10HD_Opt,2026-03-06 08:30:20.176211,-19.241661071777344,-67.94865417480469,0.001974792452529,3.54,-0.209,0.044,0.0,0,0,1,,0.83,2026-03-06T08:30:20.176211,neutral,0.841,2026-03-06T08:30:20.176211,0.61,2026-03-06T08:30:19.928000,52,,,
participant_02,5,day,Town10HD_Opt,2026-03-06 08:30:21.038668,-19.7937126159668,-67.96278381347656,0.0019468306563794,2.691,-0.211,0.039,0.0,0,0,1,,0.826,2026-03-06T08:30:21.038668,neutral,0.841,2026-03-06T08:30:20.176211,0.595,2026-03-06T08:30:20.917000,52,,,
participant_02,5,day,Town10HD_Opt,2026-03-06 08:30:22.140678,-20.3541202545166,-67.97667694091797,0.0019191360333934,2.372,-0.211,0.08,0.0,0,0,1,,1.0,2026-03-06T08:30:22.140678,neutral,0.841,2026-03-06T08:30:20.176211,0.577,2026-03-06T08:30:21.951000,52,,,
participant_02,5,day,Town10HD_Opt,2026-03-06 08:30:22.976866,-20.755523681640625,-67.9863052368164,0.0019197082147002,2.388,-0.211,0.079,0.0,0,0,1,,1.0,2026-03-06T08:30:22.976866,neutral,0.772,2026-03-06T08:30:22.976866,0.577,2026-03-06T08:30:21.951000,52,,,
participant_02,5,day,Town10HD_Opt,2026-03-06 08:30:24.095582,-21.278705596923828,-67.99905395507812,0.0019181059906259,2.359,-0.303,0.079,0.0,0,0,1,,1.0,2026-03-06T08:30:24.095582,neutral,0.772,2026-03-06T08:30:22.976866,0.556,2026-03-06T08:30:23.977000,54,,,
participant_02,5,day,Town10HD_Opt,2026-03-06 08:30:25.166934,-22.338281631469727,-68.02104949951172,0.0014955520164221,13.303,-1.126,1.0,0.0,0,0,1,,1.0,2026-03-06T08:30:25.166934,neutral,0.3,2026-03-06T08:30:25.166934,0.552,2026-03-06T08:30:24.922000,54,,,
participant_02,5,day,Town10HD_Opt,2026-03-06 08:30:26.046607,-25.638383865356445,-68.06746673583984,0.0016347122145816,26.5,-0.407,0.98,0.0,0,0,1,,1.0,2026-03-06T08:30:26.046607,neutral,0.3,2026-03-06T08:30:25.166934,0.541,2026-03-06T08:30:25.957000,53,,,
participant_02,5,day,Town10HD_Opt,2026-03-06 08:30:27.113580,-33.98416519165039,-68.10005950927734,0.0016149901784956,45.254,-0.244,0.911,0.0,0,0,1,,1.0,2026-03-06T08:30:27.113580,neutral,0.3,2026-03-06T08:30:25.166934,0.532,2026-03-06T08:30:26.948000,53,,,
participant_02,5,day,Town10HD_Opt,2026-03-06 08:30:28.203757,-45.44465637207031,-67.98456573486328,0.0027944182511419,48.173,-0.266,0.867,0.0,0,0,1,,1.0,2026-03-06T08:30:28.203757,neutral,0.712,2026-03-06T08:30:28.203757,0.522,2026-03-06T08:30:27.937000,52,,,
participant_02,5,day,Town10HD_Opt,2026-03-06 08:30:29.075347,-54.19749069213867,-67.7772445678711,0.0021073913667351,48.688,-0.266,0.85,0.0,0,0,1,,1.0,2026-03-06T08:30:29.075347,neutral,0.712,2026-03-06T08:30:28.203757,0.516,2026-03-06T08:30:28.927000,53,,,
participant_02,5,day,Town10HD_Opt,2026-03-06 08:30:29.938967,-62.92961120605469,-67.46438598632812,0.002148971427232,49.292,-1.619,0.835,0.0,0,0,1,,1.0,2026-03-06T08:30:29.938967,neutral,0.712,2026-03-06T08:30:28.203757,0.507,2026-03-06T08:30:29.916000,54,,,
participant_02,5,day,Town10HD_Opt,2026-03-06 08:30:31.096491,-74.53531646728516,-66.25674438476562,0.001944770803675,51.313,-3.516,0.0,0.105,0,0,1,,1.0,2026-03-06T08:30:31.096491,neutral,0.83,2026-03-06T08:30:31.096491,0.507,2026-03-06T08:30:30.951000,54,,,
participant_02,5,day,Town10HD_Opt,2026-03-06 08:30:31.995688,-82.96094512939453,-63.94218444824219,0.001926879864186,51.613,-5.78,0.0,0.122,0,0,1,,1.0,2026-03-06T08:30:31.995688,neutral,0.83,2026-03-06T08:30:31.096491,0.506,2026-03-06T08:30:31.942000,55,,,
participant_02,5,day,Town10HD_Opt,2026-03-06 08:30:33.104136,-93.09765625,-58.106292724609375,0.0019272613571956,51.098,-4.365,0.0,0.11,0,0,1,,1.0,2026-03-06T08:30:33.104136,disgust,0.389,2026-03-06T08:30:33.104136,0.503,2026-03-06T08:30:32.932000,57,,,
participant_02,5,day,Town10HD_Opt,2026-03-06 08:30:34.171634,-101.35604095458984,-49.91871643066406,0.0021142195910215,49.494,-4.785,0.82,0.0,0,0,1,,1.0,2026-03-06T08:30:34.171634,disgust,0.389,2026-03-06T08:30:33.104136,0.498,2026-03-06T08:30:33.922000,57,,,
participant_02,5,day,Town10HD_Opt,2026-03-06 08:30:35.024769,-106.00668334960938,-42.580326080322266,0.00202003470622,49.858,-4.804,0.184,0.0,0,0,1,,1.0,2026-03-06T08:30:35.024769,disgust,0.389,2026-03-06T08:30:33.104136,0.494,2026-03-06T08:30:34.912000,57,,,
participant_02,5,day,Town10HD_Opt,2026-03-06 08:30:36.138229,-109.42648315429688,-33.06348419189453,0.0023785019293427,35.518,-4.825,0.0,0.0,0,0,1,,0.846,2026-03-06T08:30:36.138229,sad,0.417,2026-03-06T08:30:36.138229,0.497,2026-03-06T08:30:35.946000,57,,,
participant_02,5,day,Town10HD_Opt,2026-03-06 08:30:37.026237,-110.25020599365234,-27.5059757232666,0.0023054503835737,27.829,-3.747,0.067,0.0,0,0,1,,1.0,2026-03-06T08:30:37.026237,sad,0.417,2026-03-06T08:30:36.138229,0.499,2026-03-06T08:30:36.936000,58,,,
participant_02,5,day,Town10HD_Opt,2026-03-06 08:30:38.200822,-110.44356536865234,-21.716476440429688,0.0019973753951489,25.117,-0.884,0.904,0.0,0,0,1,,1.0,2026-03-06T08:30:38.200822,neutral,0.851,2026-03-06T08:30:38.200822,0.5,2026-03-06T08:30:37.927000,57,,,
participant_02,5,day,Town10HD_Opt,2026-03-06 08:30:39.160685,-110.44886779785156,-16.275657653808594,0.001602325355634,39.292,-0.153,0.909,0.0,0,0,1,,1.0,2026-03-06T08:30:39.160685,neutral,0.851,2026-03-06T08:30:38.200822,0.505,2026-03-06T08:30:38.917000,56,,,
participant_02,5,day,Town10HD_Opt,2026-03-06 08:30:40.092264,-110.42290496826172,-8.558015823364258,0.0016574477776885,50.436,0.0,0.846,0.0,0,0,1,,1.0,2026-03-06T08:30:40.092264,neutral,0.851,2026-03-06T08:30:38.200822,0.509,2026-03-06T08:30:39.996000,56,,,
participant_02,5,day,Town10HD_Opt,2026-03-06 08:30:41.027438,-110.38150787353516,0.129364475607872,0.0022981644142419,45.017,0.068,0.0,0.0,0,0,1,,1.0,2026-03-06T08:30:41.027438,disgust,0.803,2026-03-06T08:30:41.027438,0.509,2026-03-06T08:30:40.942000,56,,,
participant_02,5,day,Town10HD_Opt,2026-03-06 08:30:41.979967,-110.18648529052734,7.164276599884033,0.0023678205907344,34.726,-7.979,0.0,0.0,0,0,1,,1.0,2026-03-06T08:30:41.979967,disgust,0.803,2026-03-06T08:30:41.027438,0.508,2026-03-06T08:30:41.931000,57,,,
participant_02,5,day,Town10HD_Opt,2026-03-06 08:30:43.165826,-108.52227020263672,13.84768772125244,0.0023350142873823,24.215,-6.469,0.0,0.0,0,0,1,,0.82,2026-03-06T08:30:43.165826,neutral,0.834,2026-03-06T08:30:43.165826,0.501,2026-03-06T08:30:42.922000,57,,,
participant_02,5,day,Town10HD_Opt,2026-03-06 08:30:44.179640,-106.89096069335938,17.23970603942871,0.002207298297435,18.926,-10.35,0.174,0.0,0,0,1,,0.855,2026-03-06T08:30:44.179640,neutral,0.834,2026-03-06T08:30:43.165826,0.494,2026-03-06T08:30:43.957000,57,,,
participant_02,5,day,Town10HD_Opt,2026-03-06 08:30:45.140337,-105.00686645507812,19.79562187194824,0.0018829344771802,17.639,-10.49,0.158,0.0,0,0,1,,0.806,2026-03-06T08:30:45.140337,neutral,0.834,2026-03-06T08:30:43.165826,0.488,2026-03-06T08:30:44.947000,56,,,
participant_02,5,day,Town10HD_Opt,2026-03-06 08:30:46.095911,-102.90584564208984,21.818681716918945,0.002007408067584,15.239,-10.451,0.0,0.0,0,0,1,,0.836,2026-03-06T08:30:46.095911,neutral,0.769,2026-03-06T08:30:46.095911,0.48,2026-03-06T08:30:45.938000,56,,,
participant_02,5,day,Town10HD_Opt,2026-03-06 08:30:47.055683,-100.97574615478516,23.197900772094727,0.0020336913876235,11.725,-10.442,0.0,0.0,0,0,1,,1.0,2026-03-06T08:30:47.055683,neutral,0.769,2026-03-06T08:30:46.095911,0.473,2026-03-06T08:30:46.927000,56,,,
participant_02,5,day,Town10HD_Opt,2026-03-06 08:30:48.023232,-99.4513931274414,24.03972625732422,0.002060470636934,7.634,-10.442,0.0,0.232,0,0,1,,1.0,2026-03-06T08:30:48.023232,neutral,0.769,2026-03-06T08:30:46.095911,0.467,2026-03-06T08:30:47.917000,56,,,
participant_02,5,day,Town10HD_Opt,2026-03-06 08:30:48.984056,-98.81804656982422,24.33336639404297,0.0021656798198819,0.001,-10.442,0.0,0.21,0,0,1,,0.836,2026-03-06T08:30:48.984056,neutral,0.812,2026-03-06T08:30:48.984056,0.463,2026-03-06T08:30:48.951000,58,,,
participant_02,5,day,Town10HD_Opt,2026-03-06 08:30:50.001364,-98.81776428222656,24.33345603942871,0.0019286727765575,0.001,-10.442,0.0,0.0,0,0,1,,1.0,2026-03-06T08:30:50.001364,neutral,0.812,2026-03-06T08:30:48.984056,0.459,2026-03-06T08:30:49.942000,59,,,
participant_02,5,day,Town10HD_Opt,2026-03-06 08:30:50.979581,-98.81704711914062,24.333784103393555,0.0019144057296216,0.476,-10.461,0.823,0.0,0,0,1,,1.0,2026-03-06T08:30:50.979581,neutral,0.812,2026-03-06T08:30:48.984056,0.457,2026-03-06T08:30:50.932000,58,,,
participant_02,5,day,Town10HD_Opt,2026-03-06 08:30:51.952302,-97.72682189941406,24.76144218444824,0.0014048767043277,15.464,-11.243,1.0,0.0,0,0,1,,1.0,2026-03-06T08:30:51.952302,neutral,0.853,2026-03-06T08:30:51.952302,0.456,2026-03-06T08:30:51.922000,57,,,
participant_02,5,day,Town10HD_Opt,2026-03-06 08:30:53.227768,-92.6659164428711,26.166566848754883,0.0018288802821189,27.838,-2.607,0.502,0.0,0,0,1,,0.892,2026-03-06T08:30:53.227768,neutral,0.853,2026-03-06T08:30:51.952302,0.463,2026-03-06T08:30:52.956000,58,,,
participant_02,5,day,Town10HD_Opt,2026-03-06 08:30:54.169618,-87.6161880493164,27.13795280456543,0.0019355010008439,31.151,-2.906,0.515,0.0,0,0,1,,0.897,2026-03-06T08:30:54.169618,neutral,0.325,2026-03-06T08:30:54.169618,0.471,2026-03-06T08:30:53.947000,59,,,
participant_02,5,day,Town10HD_Opt,2026-03-06 08:30:55.125712,-81.97632598876953,27.794395446777344,0.0019850158132612,33.139,-2.372,0.0,0.0,0,0,1,,1.0,2026-03-06T08:30:55.125712,neutral,0.325,2026-03-06T08:30:54.169618,0.479,2026-03-06T08:30:54.937000,60,,,
participant_02,5,day,Town10HD_Opt,2026-03-06 08:30:56.048907,-76.71068572998047,28.06521224975586,0.0022735595703125,26.073,-2.283,0.0,0.22,0,0,1,,1.0,2026-03-06T08:30:56.048907,neutral,0.325,2026-03-06T08:30:54.169618,0.488,2026-03-06T08:30:55.927000,62,,,
participant_02,5,day,Town10HD_Opt,2026-03-06 08:30:57.009504,-72.79254913330078,28.06182098388672,0.0022995376493781,18.046,-1.093,0.0,0.229,0,0,1,,1.0,2026-03-06T08:30:57.009504,neutral,0.875,2026-03-06T08:30:57.009504,0.496,2026-03-06T08:30:56.917000,63,,,
participant_02,5,day,Town10HD_Opt,2026-03-06 08:30:57.942771,-70.08612823486328,28.01803207397461,0.0020908354781568,12.466,0.602,0.0,0.23,0,0,1,,1.0,2026-03-06T08:30:57.942771,neutral,0.875,2026-03-06T08:30:57.009504,0.496,2026-03-06T08:30:56.917000,63,,,
participant_02,5,day,Town10HD_Opt,2026-03-06 08:30:59.149144,-67.84396362304688,27.999467849731445,0.0020580291748046,6.531,0.049,0.0,0.241,0,0,1,,0.81,2026-03-06T08:30:59.149144,neutral,0.748,2026-03-06T08:30:59.149144,0.51,2026-03-06T08:30:58.942000,64,,,
participant_02,5,day,Town10HD_Opt,2026-03-06 08:31:00.087010,-67.45134735107422,27.995492935180664,0.0020220566075295,0.0,0.035,0.0,0.239,0,0,1,,0.809,2026-03-06T08:31:00.087010,neutral,0.748,2026-03-06T08:30:59.149144,0.517,2026-03-06T08:30:59.932000,62,,,
participant_02,5,day,Town10HD_Opt,2026-03-06 08:31:01.048303,-67.45096588134766,27.99549102783203,0.0019232940394431,0.003,-0.002,0.0,0.0,0,0,1,,0.863,2026-03-06T08:31:01.048303,neutral,0.748,2026-03-06T08:30:59.149144,0.523,2026-03-06T08:31:00.923000,60,,,
participant_02,5,day,Town10HD_Opt,2026-03-06 08:31:01.945332,-67.45068359375,27.99549102783203,0.0019192504696547,0.0,0.157,0.0,0.0,0,0,1,,1.0,2026-03-06T08:31:01.945332,neutral,0.839,2026-03-06T08:31:01.945332,0.523,2026-03-06T08:31:00.923000,60,,,
participant_02,5,day,Town10HD_Opt,2026-03-06 08:31:03.170689,-67.45057678222656,27.99549102783203,0.0019190978491678,0.0,0.07,0.0,0.0,0,0,1,,1.0,2026-03-06T08:31:03.170689,neutral,0.839,2026-03-06T08:31:01.945332,0.533,2026-03-06T08:31:02.947000,58,,,
participant_02,5,day,Town10HD_Opt,2026-03-06 08:31:04.030763,-67.45059204101562,27.99549102783203,0.001919021597132,0.006,0.042,0.0,0.0,0,0,1,,1.0,2026-03-06T08:31:04.030763,disgust,0.627,2026-03-06T08:31:04.030763,0.535,2026-03-06T08:31:03.937000,58,,,
participant_02,5,day,Town10HD_Opt,2026-03-06 08:31:04.963081,-67.45063018798828,27.99549102783203,0.0019188689766451,0.006,-0.073,0.0,0.0,0,0,1,,1.0,2026-03-06T08:31:04.963081,disgust,0.627,2026-03-06T08:31:04.030763,0.538,2026-03-06T08:31:04.927000,58,,,
participant_02,5,day,Town10HD_Opt,2026-03-06 08:31:06.130704,-67.45050048828125,27.99549102783203,0.0019188689766451,0.006,-0.106,0.0,0.0,0,0,1,,1.0,2026-03-06T08:31:06.130704,neutral,0.915,2026-03-06T08:31:06.130704,0.539,2026-03-06T08:31:05.917000,58,,,
participant_02,5,day,Town10HD_Opt,2026-03-06 08:31:07.111107,-67.45038604736328,27.99549102783203,0.0019191360333934,0.002,-0.268,0.0,0.0,0,0,1,,1.0,2026-03-06T08:31:07.111107,neutral,0.915,2026-03-06T08:31:06.130704,0.54,2026-03-06T08:31:06.952000,60,,,
participant_02,5,day,Town10HD_Opt,2026-03-06 08:31:08.020022,-67.45016479492188,27.99549102783203,0.0019193649059161,0.001,-0.449,0.0,0.0,0,0,1,,1.0,2026-03-06T08:31:08.020022,neutral,0.915,2026-03-06T08:31:06.130704,0.537,2026-03-06T08:31:07.942000,60,,,
participant_02,5,day,Town10HD_Opt,2026-03-06 08:31:09.198262,-67.45006561279297,27.99549102783203,0.0019193267216905,0.001,-0.463,0.0,0.0,0,0,1,,1.0,2026-03-06T08:31:09.198262,neutral,0.66,2026-03-06T08:31:09.198262,0.534,2026-03-06T08:31:08.933000,59,,,
participant_02,5,day,Town10HD_Opt,2026-03-06 08:31:10.106633,-67.4499282836914,27.99549102783203,0.0019190596649423,0.006,-0.463,0.0,0.0,0,0,1,,1.0,2026-03-06T08:31:10.106633,neutral,0.66,2026-03-06T08:31:09.198262,0.531,2026-03-06T08:31:09.922000,58,,,
participant_02,5,day,Town10HD_Opt,2026-03-06 08:31:11.009235,-67.4499740600586,27.99549102783203,0.0019188689766451,0.006,-0.463,0.0,0.0,0,0,1,,1.0,2026-03-06T08:31:11.009235,neutral,0.66,2026-03-06T08:31:09.198262,0.527,2026-03-06T08:31:10.957000,57,,,
participant_02,5,day,Town10HD_Opt,2026-03-06 08:31:12.137862,-67.44984436035156,27.99549102783203,0.0019189071608707,0.006,-0.463,0.0,0.0,0,0,1,,1.0,2026-03-06T08:31:12.137862,neutral,0.832,2026-03-06T08:31:12.137862,0.526,2026-03-06T08:31:11.948000,56,,,
participant_02,5,day,Town10HD_Opt,2026-03-06 08:31:12.998044,-67.4498291015625,27.99549102783203,0.0019190978491678,0.002,-0.461,0.0,0.0,0,0,1,,1.0,2026-03-06T08:31:12.998044,neutral,0.832,2026-03-06T08:31:12.137862,0.526,2026-03-06T08:31:11.948000,56,,,
participant_02,5,day,Town10HD_Opt,2026-03-06 08:31:14.100186,-67.44971466064453,27.99549102783203,0.0019190978491678,0.002,-0.461,0.0,0.0,0,0,1,,1.0,2026-03-06T08:31:14.100186,neutral,0.832,2026-03-06T08:31:12.137862,0.531,2026-03-06T08:31:13.972000,54,,,
participant_02,5,day,Town10HD_Opt,2026-03-06 08:31:14.965556,-67.44952392578125,27.99549102783203,0.0019192504696547,0.002,-0.451,0.0,0.0,0,0,1,,1.0,2026-03-06T08:31:14.965556,neutral,0.771,2026-03-06T08:31:14.965556,0.535,2026-03-06T08:31:14.962000,53,,,
participant_02,5,day,Town10HD_Opt,2026-03-06 08:31:16.189131,-67.44941711425781,27.99549102783203,0.0019192122854292,0.002,-0.451,0.0,0.0,0,0,1,,1.0,2026-03-06T08:31:16.189131,neutral,0.771,2026-03-06T08:31:14.965556,0.541,2026-03-06T08:31:15.952000,53,,,
participant_02,5,day,Town10HD_Opt,2026-03-06 08:31:17.081223,-67.44917297363281,27.995492935180664,0.0019190978491678,0.001,-0.451,0.0,0.0,0,0,1,,1.0,2026-03-06T08:31:17.081223,neutral,0.846,2026-03-06T08:31:17.081223,0.546,2026-03-06T08:31:16.942000,54,,,
participant_02,5,day,Town10HD_Opt,2026-03-06 08:31:17.987012,-67.44918060302734,27.995492935180664,0.0019189834129065,0.006,-0.414,0.0,0.0,0,0,1,,1.0,2026-03-06T08:31:17.987012,neutral,0.846,2026-03-06T08:31:17.081223,0.553,2026-03-06T08:31:17.933000,54,,,
participant_02,5,day,Town10HD_Opt,2026-03-06 08:31:19.151364,-67.44905090332031,27.995492935180664,0.001919021597132,0.006,-0.395,0.0,0.0,0,0,1,,1.0,2026-03-06T08:31:19.151364,disgust,0.742,2026-03-06T08:31:19.151364,0.563,2026-03-06T08:31:18.922000,53,,,
participant_02,5,day,Town10HD_Opt,2026-03-06 08:31:20.098265,-67.4490966796875,27.995492935180664,0.0019188307924196,0.006,-0.395,0.0,0.0,0,0,1,,1.0,2026-03-06T08:31:20.098265,disgust,0.742,2026-03-06T08:31:19.151364,0.576,2026-03-06T08:31:19.957000,53,,,
participant_02,5,day,Town10HD_Opt,2026-03-06 08:31:21.040276,-67.44898223876953,27.995492935180664,0.0019191741012036,0.002,-0.395,0.0,0.0,0,0,1,,1.0,2026-03-06T08:31:21.040276,disgust,0.742,2026-03-06T08:31:19.151364,0.587,2026-03-06T08:31:20.947000,54,,,
participant_02,5,day,Town10HD_Opt,2026-03-06 08:31:21.939066,-67.44876098632812,27.995492935180664,0.0019193649059161,0.001,-0.395,0.0,0.0,0,0,1,,1.0,2026-03-06T08:31:21.939066,neutral,0.747,2026-03-06T08:31:21.939066,0.596,2026-03-06T08:31:21.938000,54,,,
participant_02,5,day,Town10HD_Opt,2026-03-06 08:31:23.154950,-67.44866180419922,27.995492935180664,0.0019193267216905,0.001,-0.395,0.0,0.0,0,0,1,,1.0,2026-03-06T08:31:23.154950,neutral,0.747,2026-03-06T08:31:21.939066,0.605,2026-03-06T08:31:22.927000,54,,,
participant_02,5,day,Town10HD_Opt,2026-03-06 08:31:24.062553,-67.44852447509766,27.995492935180664,0.0019190596649423,0.006,-0.388,0.0,0.0,0,0,1,,1.0,2026-03-06T08:31:24.062553,disgust,0.391,2026-03-06T08:31:24.062553,0.611,2026-03-06T08:31:24.007000,54,,,
participant_02,5,day,Town10HD_Opt,2026-03-06 08:31:25.003848,-67.44857025146484,27.995492935180664,0.0019188689766451,0.138,-0.388,0.138,0.0,0,0,1,,1.0,2026-03-06T08:31:25.003848,disgust,0.391,2026-03-06T08:31:24.062553,0.622,2026-03-06T08:31:24.952000,54,,,
participant_02,5,day,Town10HD_Opt,2026-03-06 08:31:25.995358,-66.77081298828125,27.98737335205078,0.0014355087187141,12.01,-0.374,1.0,0.0,0,0,1,,1.0,2026-03-06T08:31:25.995358,disgust,0.391,2026-03-06T08:31:24.062553,0.633,2026-03-06T08:31:25.942000,54,,,
participant_02,5,day,Town10HD_Opt,2026-03-06 08:31:26.986349,-63.51765060424805,27.951549530029297,0.0016410826938226,26.242,0.663,0.989,0.0,0,0,1,,1.0,2026-03-06T08:31:26.986349,neutral,0.757,2026-03-06T08:31:26.986349,0.642,2026-03-06T08:31:26.933000,53,,,
participant_02,5,day,Town10HD_Opt,2026-03-06 08:31:28.194240,-55.09164047241211,27.92442512512207,0.001574134803377,46.442,0.157,0.942,0.0,0,0,1,,1.0,2026-03-06T08:31:28.194240,neutral,0.757,2026-03-06T08:31:26.986349,0.655,2026-03-06T08:31:27.924000,53,,,
participant_02,5,day,Town10HD_Opt,2026-03-06 08:31:29.077048,-46.3398666381836,27.94772148132324,0.002159004099667,48.434,0.367,0.91,0.0,0,0,1,,1.0,2026-03-06T08:31:29.077048,neutral,0.788,2026-03-06T08:31:29.077048,0.666,2026-03-06T08:31:28.957000,54,,,
participant_02,5,day,Town10HD_Opt,2026-03-06 08:31:29.984575,-37.58712387084961,28.090538024902344,0.0020802689250558,49.535,-0.164,0.899,0.0,0,0,1,,1.0,2026-03-06T08:31:29.984575,neutral,0.788,2026-03-06T08:31:29.077048,0.67,2026-03-06T08:31:29.947000,54,,,
participant_02,5,day,Town10HD_Opt,2026-03-06 08:31:31.123363,-25.8581657409668,28.263900756835938,0.0022165297996252,48.213,-0.148,0.881,0.0,0,0,1,,0.81,2026-03-06T08:31:31.123363,neutral,0.533,2026-03-06T08:31:31.123363,0.674,2026-03-06T08:31:30.937000,55,,,
participant_02,5,day,Town10HD_Opt,2026-03-06 08:31:31.992352,-17.13397216796875,28.327192306518555,0.0020914839114993,49.275,-0.141,0.873,0.0,0,0,1,,1.0,2026-03-06T08:31:31.992352,neutral,0.533,2026-03-06T08:31:31.123363,0.677,2026-03-06T08:31:31.973000,56,,,
participant_02,5,day,Town10HD_Opt,2026-03-06 08:31:33.096547,-5.538365364074707,28.3308048248291,0.0021257400512695,49.15,-0.141,0.84,0.0,0,0,1,,1.0,2026-03-06T08:31:33.096547,neutral,0.533,2026-03-06T08:31:31.123363,0.677,2026-03-06T08:31:32.962000,55,,,
participant_02,5,day,Town10HD_Opt,2026-03-06 08:31:33.968141,3.044560432434082,28.27477264404297,0.0022521971259266,45.126,-0.101,0.08,0.0,0,0,1,,1.0,2026-03-06T08:31:33.968141,neutral,0.801,2026-03-06T08:31:33.968141,0.679,2026-03-06T08:31:33.953000,55,,,
participant_02,5,day,Town10HD_Opt,2026-03-06 08:31:35.137021,12.276952743530272,28.173173904418945,0.0023366163950413,32.959,0.068,0.027,0.0,0,0,1,,1.0,2026-03-06T08:31:35.137021,neutral,0.801,2026-03-06T08:31:33.968141,0.675,2026-03-06T08:31:34.942000,54,,,
participant_02,5,day,Town10HD_Opt,2026-03-06 08:31:36.024775,17.460540771484375,28.123708724975582,0.0022537230979651,26.183,0.127,0.227,0.0,0,0,1,,1.0,2026-03-06T08:31:36.024775,neutral,0.832,2026-03-06T08:31:36.024775,0.673,2026-03-06T08:31:35.932000,53,,,
participant_02,5,day,Town10HD_Opt,2026-03-06 08:31:37.162918,23.17502212524414,28.09251594543457,0.0021075438708066,23.042,0.442,0.295,0.0,0,0,1,,1.0,2026-03-06T08:31:37.162918,neutral,0.832,2026-03-06T08:31:36.024775,0.675,2026-03-06T08:31:36.922000,53,,,
participant_02,5,day,Town10HD_Opt,2026-03-06 08:31:38.042881,27.16845893859864,28.19103240966797,0.0020302962511777,23.108,4.282,0.411,0.0,0,0,1,,0.852,2026-03-06T08:31:38.042881,neutral,0.677,2026-03-06T08:31:38.042881,0.669,2026-03-06T08:31:37.958000,52,,,
participant_02,5,day,Town10HD_Opt,2026-03-06 08:31:39.198774,32.64247131347656,29.12192344665528,0.0020623779855668,23.855,10.812,0.18,0.0,0,0,1,,1.0,2026-03-06T08:31:39.198774,neutral,0.677,2026-03-06T08:31:38.042881,0.66,2026-03-06T08:31:38.947000,52,,,
participant_02,5,day,Town10HD_Opt,2026-03-06 08:31:40.102102,36.13578414916992,30.83400154113769,0.0021691131405532,20.764,21.811,0.353,0.0,0,0,1,,0.863,2026-03-06T08:31:40.102102,neutral,0.678,2026-03-06T08:31:40.102102,0.655,2026-03-06T08:31:39.938000,51,,,
participant_02,5,day,Town10HD_Opt,2026-03-06 08:31:40.963145,38.42826843261719,33.739349365234375,0.0019387054489925,24.286,26.619,0.649,0.0,0,0,1,,1.0,2026-03-06T08:31:40.963145,neutral,0.678,2026-03-06T08:31:40.102102,0.652,2026-03-06T08:31:40.927000,51,,,
participant_02,5,day,Town10HD_Opt,2026-03-06 08:31:42.077967,39.71278381347656,39.91453170776367,0.0021220778580754,26.686,-2.732,0.0,0.0,0,0,1,,0.92,2026-03-06T08:31:42.077967,neutral,0.678,2026-03-06T08:31:40.102102,0.649,2026-03-06T08:31:41.963000,51,,,
participant_02,5,day,Town10HD_Opt,2026-03-06 08:31:43.001306,40.38682174682617,44.00396728515625,0.0022628020960837,19.964,5.609,0.0,0.161,0,0,1,,0.887,2026-03-06T08:31:43.001306,neutral,0.686,2026-03-06T08:31:43.001306,0.649,2026-03-06T08:31:41.963000,51,,,
participant_02,5,day,Town10HD_Opt,2026-03-06 08:31:44.140346,40.61831283569336,47.85037612915039,0.0020634841639548,13.158,4.527,0.0,0.089,0,0,1,,0.901,2026-03-06T08:31:44.140346,neutral,0.686,2026-03-06T08:31:43.001306,0.645,2026-03-06T08:31:43.942000,51,,,
participant_02,5,day,Town10HD_Opt,2026-03-06 08:31:44.951751,40.6002197265625,49.84638977050781,0.0020386122632771,9.415,2.017,0.0,0.094,0,0,1,,0.851,2026-03-06T08:31:44.951751,neutral,0.686,2026-03-06T08:31:43.001306,0.641,2026-03-06T08:31:44.932000,51,,,
participant_02,5,day,Town10HD_Opt,2026-03-06 08:31:46.101895,40.59864044189453,51.59299850463867,0.0020112991333007,5.428,-0.771,0.0,0.095,0,0,1,,1.0,2026-03-06T08:31:46.101895,angry,0.515,2026-03-06T08:31:46.101895,0.636,2026-03-06T08:31:45.923000,52,,,
participant_02,5,day,Town10HD_Opt,2026-03-06 08:31:47.179974,40.59919738769531,51.74951934814453,0.0019359969301149,0.001,-0.637,0.0,0.0,0,0,1,,0.842,2026-03-06T08:31:47.179974,angry,0.515,2026-03-06T08:31:46.101895,0.629,2026-03-06T08:31:47.003000,52,,,
participant_02,5,day,Town10HD_Opt,2026-03-06 08:31:48.027043,40.59919738769531,51.74956893920898,0.0019199752714484,0.001,-0.623,0.0,0.0,0,0,1,,0.858,2026-03-06T08:31:48.027043,angry,0.515,2026-03-06T08:31:46.101895,0.629,2026-03-06T08:31:47.947000,53,,,
participant_02,5,day,Town10HD_Opt,2026-03-06 08:31:49.098536,40.59919738769531,51.74967193603516,0.001919288537465,0.002,-0.609,0.0,0.0,0,0,1,,0.84,2026-03-06T08:31:49.098536,neutral,0.406,2026-03-06T08:31:49.098536,0.629,2026-03-06T08:31:48.937000,54,,,
participant_02,5,day,Town10HD_Opt,2026-03-06 08:31:49.972164,40.599266052246094,51.75908660888672,0.0019170378800481,0.257,-0.583,0.437,0.0,0,0,1,,0.813,2026-03-06T08:31:49.972164,neutral,0.406,2026-03-06T08:31:49.098536,0.629,2026-03-06T08:31:49.927000,54,,,
participant_02,5,day,Town10HD_Opt,2026-03-06 08:31:51.098043,40.61738204956055,53.624305725097656,0.0014182281447574,18.755,-0.726,0.929,0.0,0,0,1,,1.0,2026-03-06T08:31:51.098043,neutral,0.406,2026-03-06T08:31:49.098536,0.629,2026-03-06T08:31:50.963000,53,,,errors=Stop sign violation
participant_02,5,day,Town10HD_Opt,2026-03-06 08:31:51.938771,40.79428482055664,57.6837158203125,0.0017106246668845,28.693,-7.271,0.68,0.0,0,0,1,,0.845,2026-03-06T08:31:51.938771,neutral,0.731,2026-03-06T08:31:51.938771,0.629,2026-03-06T08:31:50.963000,53,,,
participant_02,5,day,Town10HD_Opt,2026-03-06 08:31:53.005051,42.87718200683594,64.6442642211914,0.002003707922995,32.921,-14.237,0.476,0.0,0,0,1,,0.843,2026-03-06T08:31:53.005051,neutral,0.731,2026-03-06T08:31:51.938771,0.635,2026-03-06T08:31:52.942000,57,,,
participant_02,5,day,Town10HD_Opt,2026-03-06 08:31:54.059828,48.47679901123047,69.91735076904297,0.0020814132876694,33.628,-16.731,0.254,0.0,0,0,1,,1.0,2026-03-06T08:31:54.059828,neutral,0.585,2026-03-06T08:31:54.059828,0.641,2026-03-06T08:31:53.933000,58,,,
participant_02,5,day,Town10HD_Opt,2026-03-06 08:31:55.143764,55.30108642578125,71.08908081054688,0.0023018645588308,25.014,-6.706,0.0,0.0,0,0,1,,1.0,2026-03-06T08:31:55.143764,neutral,0.585,2026-03-06T08:31:54.059828,0.647,2026-03-06T08:31:54.923000,58,,,
participant_02,5,day,Town10HD_Opt,2026-03-06 08:31:55.977239,59.235931396484375,70.7127456665039,0.0021530149970203,20.787,1.102,0.313,0.0,0,0,1,,1.0,2026-03-06T08:31:55.977239,neutral,0.585,2026-03-06T08:31:54.059828,0.653,2026-03-06T08:31:55.957000,58,,,
participant_02,5,day,Town10HD_Opt,2026-03-06 08:31:57.038681,64.08033752441406,70.34443664550781,0.0019847105722874,21.767,0.947,0.307,0.0,0,0,1,,1.0,2026-03-06T08:31:57.038681,neutral,0.503,2026-03-06T08:31:57.038681,0.659,2026-03-06T08:31:56.948000,58,,,
participant_02,5,day,Town10HD_Opt,2026-03-06 08:31:58.167582,69.33792877197266,70.12712097167969,0.0019056319724768,25.055,1.577,0.585,0.0,0,0,1,,1.0,2026-03-06T08:31:58.167582,neutral,0.503,2026-03-06T08:31:57.038681,0.665,2026-03-06T08:31:57.938000,57,,,
participant_02,5,day,Town10HD_Opt,2026-03-06 08:31:59.037484,74.4378662109375,70.09188842773438,0.0016482543433085,35.683,0.465,0.868,0.0,0,0,1,,1.0,2026-03-06T08:31:59.037484,neutral,0.503,2026-03-06T08:31:57.038681,0.671,2026-03-06T08:31:58.928000,57,,,
participant_02,5,day,Town10HD_Opt,2026-03-06 08:32:00.161042,84.39671325683594,70.16127014160156,0.0017089080065488,49.76,0.284,0.174,0.0,0,0,1,,0.879,2026-03-06T08:32:00.161042,neutral,0.702,2026-03-06T08:32:00.161042,0.677,2026-03-06T08:31:59.963000,56,,,
participant_02,5,day,Town10HD_Opt,2026-03-06 08:32:00.998143,92.52284240722656,70.67157745361328,0.0023846053518354,40.662,12.869,0.0,0.0,0,0,1,,1.0,2026-03-06T08:32:00.998143,neutral,0.702,2026-03-06T08:32:00.161042,0.677,2026-03-06T08:32:00.952000,57,,,
participant_02,5,day,Town10HD_Opt,2026-03-06 08:32:02.073134,98.979248046875,74.74761962890625,0.0024179839529097,27.152,26.324,0.111,0.0,0,0,1,,0.85,2026-03-06T08:32:02.073134,neutral,0.702,2026-03-06T08:32:00.161042,0.677,2026-03-06T08:32:01.943000,57,,,
participant_02,5,day,Town10HD_Opt,2026-03-06 08:32:02.957613,100.16167449951172,79.05223846435547,0.0020555495284497,26.404,11.735,0.519,0.0,0,0,1,,0.876,2026-03-06T08:32:02.957613,neutral,0.66,2026-03-06T08:32:02.957613,0.677,2026-03-06T08:32:01.943000,57,,,
participant_02,5,day,Town10HD_Opt,2026-03-06 08:32:04.063605,100.37252807617188,86.3206558227539,0.0016176223289221,39.778,1.989,0.941,0.0,0,0,1,,0.84,2026-03-06T08:32:04.063605,neutral,0.66,2026-03-06T08:32:02.957613,0.664,2026-03-06T08:32:04.013000,56,,,
participant_02,5,day,Town10HD_Opt,2026-03-06 08:32:05.142550,99.58689880371094,97.00057220458984,0.0019532011356204,48.91,4.551,0.422,0.0,0,0,1,,1.0,2026-03-06T08:32:05.142550,neutral,0.637,2026-03-06T08:32:05.142550,0.658,2026-03-06T08:32:04.957000,55,,,
participant_02,5,day,Town10HD_Opt,2026-03-06 08:32:05.973768,97.41127014160156,105.1198501586914,0.0021046064794063,46.942,4.924,0.416,0.0,0,0,1,,1.0,2026-03-06T08:32:05.973768,neutral,0.637,2026-03-06T08:32:05.142550,0.652,2026-03-06T08:32:05.947000,55,,,
participant_02,5,day,Town10HD_Opt,2026-03-06 08:32:07.066407,92.45632934570312,114.5903778076172,0.0021010206546634,44.709,3.49,0.411,0.0,0,0,1,,0.883,2026-03-06T08:32:07.066407,neutral,0.637,2026-03-06T08:32:05.142550,0.646,2026-03-06T08:32:06.937000,56,,,
participant_02,5,day,Town10HD_Opt,2026-03-06 08:32:08.183206,85.91512298583984,122.407470703125,0.0020941160619258,42.737,6.08,0.411,0.0,0,0,1,,1.0,2026-03-06T08:32:08.183206,neutral,0.824,2026-03-06T08:32:08.183206,0.64,2026-03-06T08:32:07.928000,56,,,
participant_02,5,day,Town10HD_Opt,2026-03-06 08:32:09.017072,80.03003692626953,126.82511138916016,0.002091102534905,41.452,6.687,0.411,0.0,0,0,1,,0.897,2026-03-06T08:32:09.017072,neutral,0.824,2026-03-06T08:32:08.183206,0.634,2026-03-06T08:32:09.008000,56,Vehicle collision,Vehicle collision,
participant_02,5,day,Town10HD_Opt,2026-03-06 08:32:10.104530,71.22933197021484,130.3314666748047,0.0020714949350804,40.045,6.343,0.411,0.0,0,0,1,,0.803,2026-03-06T08:32:10.104530,neutral,0.824,2026-03-06T08:32:08.183206,0.628,2026-03-06T08:32:09.953000,58,,,
participant_02,5,day,Town10HD_Opt,2026-03-06 08:32:10.973926,64.3576431274414,131.23150634765625,0.0020726395305246,39.254,3.702,0.411,0.0,0,0,1,,0.911,2026-03-06T08:32:10.973926,neutral,0.703,2026-03-06T08:32:10.973926,0.628,2026-03-06T08:32:10.943000,58,,,
participant_02,5,day,Town10HD_Opt,2026-03-06 08:32:12.133334,55.28429412841797,131.3521728515625,0.0020606995094567,38.501,0.153,0.411,0.0,0,0,1,,0.835,2026-03-06T08:32:12.133334,neutral,0.703,2026-03-06T08:32:10.973926,0.628,2026-03-06T08:32:11.933000,58,,,
participant_02,5,day,Town10HD_Opt,2026-03-06 08:32:12.985797,48.58534622192383,131.31790161132812,0.0020580673590302,38.027,0.2,0.411,0.0,0,0,1,,1.0,2026-03-06T08:32:12.985797,happy,0.842,2026-03-06T08:32:12.985797,0.628,2026-03-06T08:32:12.923000,58,,,
participant_02,5,day,Town10HD_Opt,2026-03-06 08:32:14.144678,39.7724494934082,131.20086669921875,0.0020553588401526,37.498,0.19,0.411,0.0,0,0,1,,0.804,2026-03-06T08:32:14.144678,happy,0.842,2026-03-06T08:32:12.985797,0.628,2026-03-06T08:32:13.958000,60,,,
participant_02,5,day,Town10HD_Opt,2026-03-06 08:32:15.060901,33.2384147644043,131.08045959472656,0.0020536039955914,37.166,0.176,0.411,0.0,0,0,1,,1.0,2026-03-06T08:32:15.060901,neutral,0.482,2026-03-06T08:32:15.060901,0.628,2026-03-06T08:32:14.948000,61,,,
participant_02,5,day,Town10HD_Opt,2026-03-06 08:32:15.981629,26.75946044921875,130.927001953125,0.0020520400721579,36.88,-0.092,0.411,0.0,0,0,1,,1.0,2026-03-06T08:32:15.981629,neutral,0.482,2026-03-06T08:32:15.060901,0.628,2026-03-06T08:32:15.938000,61,,,
participant_02,5,day,Town10HD_Opt,2026-03-06 08:32:17.113896,18.19202041625977,130.75439453125,0.0020505141001194,36.546,0.007,0.411,0.0,0,0,1,,1.0,2026-03-06T08:32:17.113896,neutral,0.316,2026-03-06T08:32:17.113896,0.614,2026-03-06T08:32:16.928000,61,,,
participant_02,5,day,Town10HD_Opt,2026-03-06 08:32:17.974816,11.811529159545898,130.6503143310547,0.0020494842901825,36.357,-0.052,0.411,0.0,0,0,1,,1.0,2026-03-06T08:32:17.974816,neutral,0.316,2026-03-06T08:32:17.113896,0.605,2026-03-06T08:32:17.962000,60,,,
participant_02,5,day,Town10HD_Opt,2026-03-06 08:32:19.139423,3.699318170547485,130.53402709960938,0.0022764967288821,29.83,-0.056,0.0,0.0,0,0,1,,0.825,2026-03-06T08:32:19.139423,disgust,0.647,2026-03-06T08:32:19.139423,0.597,2026-03-06T08:32:18.953000,58,,,
participant_02,5,day,Town10HD_Opt,2026-03-06 08:32:20.055512,-1.008681058883667,130.47671508789062,0.0022714994847774,23.064,-0.047,0.0,0.0,0,0,1,,0.808,2026-03-06T08:32:20.055512,disgust,0.647,2026-03-06T08:32:19.139423,0.589,2026-03-06T08:32:19.943000,57,,,
participant_02,5,day,Town10HD_Opt,2026-03-06 08:32:21.158237,-5.549515247344971,130.42713928222656,0.001987915020436,16.071,-0.047,0.0,0.0,0,0,1,,0.869,2026-03-06T08:32:21.158237,neutral,0.827,2026-03-06T08:32:21.158237,0.583,2026-03-06T08:32:20.934000,56,,,
participant_02,5,day,Town10HD_Opt,2026-03-06 08:32:22.025462,-8.052019119262695,130.40219116210938,0.0020366667304188,12.331,-0.047,0.0,0.0,0,0,1,,0.909,2026-03-06T08:32:22.025462,neutral,0.827,2026-03-06T08:32:21.158237,0.576,2026-03-06T08:32:21.923000,55,,,
participant_02,5,day,Town10HD_Opt,2026-03-06 08:32:23.086667,-10.52568817138672,130.37908935546875,0.0019331359071657,10.591,-0.047,1.0,0.0,0,0,1,,0.815,2026-03-06T08:32:23.086667,neutral,0.827,2026-03-06T08:32:21.158237,0.568,2026-03-06T08:32:22.958000,54,,,
participant_02,5,day,Town10HD_Opt,2026-03-06 08:32:23.962982,-13.48372745513916,130.35336303710938,0.001718025188893,24.069,-0.047,1.0,0.0,0,0,1,,1.0,2026-03-06T08:32:23.962982,neutral,0.686,2026-03-06T08:32:23.962982,0.562,2026-03-06T08:32:23.947000,53,,,
participant_02,5,day,Town10HD_Opt,2026-03-06 08:32:25.020771,-21.493581771850582,130.29331970214844,0.0015409850748255,45.366,-0.047,0.947,0.0,0,0,1,,0.843,2026-03-06T08:32:25.020771,neutral,0.686,2026-03-06T08:32:23.962982,0.558,2026-03-06T08:32:24.938000,52,,,
participant_02,5,day,Town10HD_Opt,2026-03-06 08:32:26.081839,-32.63459777832031,130.09324645996094,0.0023369216360151,42.131,12.704,0.0,0.0,0,0,1,,0.939,2026-03-06T08:32:26.081839,neutral,0.612,2026-03-06T08:32:26.081839,0.558,2026-03-06T08:32:25.928000,52,,,
participant_02,5,day,Town10HD_Opt,2026-03-06 08:32:27.180336,-39.85125732421875,126.64789581298828,0.002438316354528,28.166,24.724,0.0,0.0,0,0,1,,1.0,2026-03-06T08:32:27.180336,neutral,0.612,2026-03-06T08:32:26.081839,0.569,2026-03-06T08:32:26.963000,52,,,
participant_02,5,day,Town10HD_Opt,2026-03-06 08:32:28.028249,-41.55001831054688,122.69723510742188,0.0022796629928052,21.669,12.083,0.372,0.0,0,0,1,,0.887,2026-03-06T08:32:28.028249,neutral,0.612,2026-03-06T08:32:26.081839,0.576,2026-03-06T08:32:27.953000,51,,,
participant_02,5,day,Town10HD_Opt,2026-03-06 08:32:29.175936,-42.297733306884766,116.77661895751952,0.001761665334925,31.763,3.945,0.535,0.0,0,0,1,,0.96,2026-03-06T08:32:29.175936,neutral,0.624,2026-03-06T08:32:29.175936,0.582,2026-03-06T08:32:28.943000,51,,,
participant_02,5,day,Town10HD_Opt,2026-03-06 08:32:30.099270,-42.39371490478516,110.90908813476562,0.0019349288195371,35.261,0.327,0.503,0.0,0,0,1,,1.0,2026-03-06T08:32:30.099270,neutral,0.624,2026-03-06T08:32:29.175936,0.587,2026-03-06T08:32:29.933000,51,,,
participant_02,5,day,Town10HD_Opt,2026-03-06 08:32:31.046391,-42.39030838012695,104.572021484375,0.0020065689459443,36.673,-0.341,0.292,0.0,0,0,1,,0.84,2026-03-06T08:32:31.046391,neutral,0.624,2026-03-06T08:32:29.175936,0.591,2026-03-06T08:32:30.923000,52,,,
participant_02,5,day,Town10HD_Opt,2026-03-06 08:32:32.177027,-42.36312103271485,96.40238189697266,0.002136840717867,32.932,0.456,0.274,0.0,0,0,1,,1.0,2026-03-06T08:32:32.177027,neutral,0.671,2026-03-06T08:32:32.177027,0.595,2026-03-06T08:32:31.958000,53,,,
participant_02,5,day,Town10HD_Opt,2026-03-06 08:32:33.026298,-42.2380256652832,90.84929656982422,0.0021273039747029,30.315,0.284,0.274,0.0,0,0,1,,1.0,2026-03-06T08:32:33.026298,neutral,0.671,2026-03-06T08:32:32.177027,0.601,2026-03-06T08:32:32.993000,53,,,
participant_02,5,day,Town10HD_Opt,2026-03-06 08:32:34.112279,-42.02512741088867,84.10303497314453,0.0021158980671316,27.297,-0.11,0.234,0.0,0,0,1,,0.856,2026-03-06T08:32:34.112279,neutral,0.671,2026-03-06T08:32:32.177027,0.605,2026-03-06T08:32:33.938000,53,,,
participant_02,5,day,Town10HD_Opt,2026-03-06 08:32:34.955584,-41.76006317138672,79.53406524658203,0.002128868130967,24.774,10.61,0.366,0.0,0,0,1,,0.919,2026-03-06T08:32:34.955584,neutral,0.733,2026-03-06T08:32:34.955584,0.607,2026-03-06T08:32:34.928000,53,,,
participant_02,5,day,Town10HD_Opt,2026-03-06 08:32:36.120532,-39.638954162597656,74.21251678466797,0.0020449447911232,25.643,19.786,0.398,0.0,0,0,1,,0.813,2026-03-06T08:32:36.120532,neutral,0.733,2026-03-06T08:32:34.955584,0.604,2026-03-06T08:32:35.963000,53,,,
participant_02,5,day,Town10HD_Opt,2026-03-06 08:32:36.970735,-36.22782516479492,71.31336975097656,0.0020793913863599,25.92,19.543,0.37,0.0,0,0,1,,1.0,2026-03-06T08:32:36.970735,neutral,0.792,2026-03-06T08:32:36.970735,0.604,2026-03-06T08:32:36.953000,52,,,
participant_02,5,day,Town10HD_Opt,2026-03-06 08:32:38.113227,-30.414979934692383,70.008056640625,0.0020672224927693,25.852,8.415,0.347,0.0,0,0,1,,0.892,2026-03-06T08:32:38.113227,neutral,0.792,2026-03-06T08:32:36.970735,0.604,2026-03-06T08:32:37.943000,52,,,
participant_02,5,day,Town10HD_Opt,2026-03-06 08:32:38.997224,-25.90091896057129,70.05767822265625,0.0020545958541333,25.606,-0.834,0.337,0.0,0,0,1,,0.84,2026-03-06T08:32:38.997224,neutral,0.58,2026-03-06T08:32:38.997224,0.604,2026-03-06T08:32:38.933000,53,,,
participant_02,5,day,Town10HD_Opt,2026-03-06 08:32:40.156104,-19.96896171569824,70.10012817382812,0.0020531080663204,25.187,-1.65,0.341,0.0,0,0,1,,1.0,2026-03-06T08:32:40.156104,neutral,0.58,2026-03-06T08:32:38.997224,0.604,2026-03-06T08:32:39.968000,54,,,
participant_02,5,day,Town10HD_Opt,2026-03-06 08:32:40.993248,-15.577058792114258,70.00431823730469,0.0020515441428869,24.95,-0.472,0.341,0.0,0,0,1,,1.0,2026-03-06T08:32:40.993248,neutral,0.58,2026-03-06T08:32:38.997224,0.604,2026-03-06T08:32:40.958000,55,,,
participant_02,5,day,Town10HD_Opt,2026-03-06 08:32:42.147909,-9.78283405303955,69.7909927368164,0.0020502470433712,24.671,0.153,0.341,0.0,0,0,1,,1.0,2026-03-06T08:32:42.147909,disgust,0.664,2026-03-06T08:32:42.147909,0.604,2026-03-06T08:32:41.947000,55,,,
participant_02,5,day,Town10HD_Opt,2026-03-06 08:32:43.041095,-5.4749755859375,69.658447265625,0.0020494079217314,24.507,0.714,0.341,0.0,0,0,1,,1.0,2026-03-06T08:32:43.041095,disgust,0.664,2026-03-06T08:32:42.147909,0.604,2026-03-06T08:32:42.937000,55,,,
participant_02,5,day,Town10HD_Opt,2026-03-06 08:32:44.093973,0.2272694706916809,69.58619689941406,0.0020485685672611,24.317,0.649,0.341,0.0,0,0,1,,1.0,2026-03-06T08:32:44.093973,disgust,0.664,2026-03-06T08:32:42.147909,0.604,2026-03-06T08:32:43.928000,57,,,
participant_02,5,day,Town10HD_Opt,2026-03-06 08:32:45.142557,5.887117385864258,69.62307739257812,0.0020478058140724,24.142,0.649,0.341,0.0,0,0,1,,1.0,2026-03-06T08:32:45.142557,neutral,0.856,2026-03-06T08:32:45.142557,0.604,2026-03-06T08:32:44.963000,60,,,
participant_02,5,day,Town10HD_Opt,2026-03-06 08:32:45.944710,10.10447597503662,69.71953582763672,0.0020542526617646,23.829,0.045,0.139,0.0,0,0,1,,1.0,2026-03-06T08:32:45.944710,neutral,0.856,2026-03-06T08:32:45.142557,0.604,2026-03-06T08:32:44.963000,60,,,
participant_02,5,day,Town10HD_Opt,2026-03-06 08:32:47.012168,14.972326278686523,69.81775665283203,0.0019818113651126,17.264,-0.223,0.0,0.085,0,0,1,,0.834,2026-03-06T08:32:47.012168,neutral,0.856,2026-03-06T08:32:45.142557,0.703,2026-03-06T08:32:46.943000,60,,,
participant_02,5,day,Town10HD_Opt,2026-03-06 08:32:48.170173,18.33135032653809,69.867919921875,0.0020519637037068,11.19,0.092,0.0,0.086,0,0,1,,1.0,2026-03-06T08:32:48.170173,neutral,0.633,2026-03-06T08:32:48.170173,0.758,2026-03-06T08:32:47.934000,59,,,
participant_02,5,day,Town10HD_Opt,2026-03-06 08:32:49.011917,20.056047439575195,69.89649963378906,0.0020162963774055,8.316,0.07,0.0,0.0,0,0,1,,1.0,2026-03-06T08:32:49.011917,neutral,0.633,2026-03-06T08:32:48.170173,0.815,2026-03-06T08:32:48.968000,58,,,
participant_02,5,day,Town10HD_Opt,2026-03-06 08:32:50.186095,21.697185516357425,69.92407989501953,0.0019641113467514,5.786,0.026,0.0,0.0,0,0,1,,0.8,2026-03-06T08:32:50.186095,disgust,0.707,2026-03-06T08:32:50.186095,0.875,2026-03-06T08:32:49.958000,58,,,
participant_02,5,day,Town10HD_Opt,2026-03-06 08:32:51.058505,22.612682342529297,69.93960571289062,0.0019620894454419,4.515,0.026,0.0,0.0,0,0,1,,1.0,2026-03-06T08:32:51.058505,disgust,0.707,2026-03-06T08:32:50.186095,0.937,2026-03-06T08:32:50.948000,58,,,
participant_02,5,day,Town10HD_Opt,2026-03-06 08:32:52.181859,23.48932838439941,69.95458984375,0.001939010573551,3.339,0.021,0.0,0.0,0,0,1,,0.835,2026-03-06T08:32:52.181859,disgust,0.707,2026-03-06T08:32:50.186095,1.0,2026-03-06T08:32:51.938000,58,,,
participant_02,5,day,Town10HD_Opt,2026-03-06 08:32:53.014082,24.06035041809082,69.9643325805664,0.0019300079438835,3.255,-0.002,0.104,0.0,0,0,1,,1.0,2026-03-06T08:32:53.014082,neutral,0.784,2026-03-06T08:32:53.014082,1.0,2026-03-06T08:32:51.938000,58,,,
participant_02,5,day,Town10HD_Opt,2026-03-06 08:32:54.142019,24.795312881469727,69.97679901123047,0.0019329452188685,3.023,-0.007,0.0,0.0,0,0,1,,1.0,2026-03-06T08:32:54.142019,neutral,0.784,2026-03-06T08:32:53.014082,1.0,2026-03-06T08:32:53.963000,58,,,
participant_02,5,day,Town10HD_Opt,2026-03-06 08:32:55.015205,25.27286148071289,69.98480987548828,0.0019470977131277,2.443,-0.023,0.0,0.0,0,0,1,,1.0,2026-03-06T08:32:55.015205,disgust,0.657,2026-03-06T08:32:55.015205,1.0,2026-03-06T08:32:54.953000,57,,,
participant_02,5,day,Town10HD_Opt,2026-03-06 08:32:56.165479,25.786989212036133,69.99333953857422,0.0019361877348273,1.838,-0.049,0.0,0.0,0,0,1,,1.0,2026-03-06T08:32:56.165479,disgust,0.657,2026-03-06T08:32:55.015205,1.0,2026-03-06T08:32:55.944000,57,,,
participant_02,5,day,Town10HD_Opt,2026-03-06 08:32:56.952881,26.005651473999023,69.99691009521484,0.0020171354990452,0.0,-0.082,0.0,0.023,0,0,1,,1.0,2026-03-06T08:32:56.952881,disgust,0.657,2026-03-06T08:32:55.015205,1.0,2026-03-06T08:32:56.933000,57,,,
participant_02,5,day,Town10HD_Opt,2026-03-06 08:32:58.053496,26.014583587646484,69.99700927734375,0.0018748092697933,1.984,-0.11,0.891,0.0,0,0,1,,1.0,2026-03-06T08:32:58.053496,neutral,0.803,2026-03-06T08:32:58.053496,1.0,2026-03-06T08:32:57.972000,57,,,
participant_02,5,day,Town10HD_Opt,2026-03-06 08:32:59.185219,28.25550651550293,70.01384735107422,0.0015568542294204,18.717,-4.098,0.718,0.0,0,0,1,,0.836,2026-03-06T08:32:59.185219,neutral,0.803,2026-03-06T08:32:58.053496,1.0,2026-03-06T08:32:58.958000,57,,,errors=Stop sign violation
participant_02,5,day,Town10HD_Opt,2026-03-06 08:33:00.070837,31.852508544921875,69.66873168945312,0.0018894576933234,23.26,-9.952,0.512,0.0,0,0,1,,0.891,2026-03-06T08:33:00.070837,neutral,0.528,2026-03-06T08:33:00.070837,1.0,2026-03-06T08:32:59.948000,57,,,
participant_02,5,day,Town10HD_Opt,2026-03-06 08:33:00.949629,35.94948196411133,68.43694305419922,0.0020547485910356,24.352,-9.586,0.0,0.0,0,0,1,,0.895,2026-03-06T08:33:00.949629,neutral,0.528,2026-03-06T08:33:00.070837,1.0,2026-03-06T08:33:00.938000,57,,,
participant_02,5,day,Town10HD_Opt,2026-03-06 08:33:02.039839,40.13043594360352,65.98561096191406,0.0019803238101303,17.062,-10.802,0.0,0.084,0,0,1,,0.929,2026-03-06T08:33:02.039839,neutral,0.528,2026-03-06T08:33:00.070837,1.0,2026-03-06T08:33:01.973000,57,,,
participant_02,5,day,Town10HD_Opt,2026-03-06 08:33:03.164278,42.47154998779297,63.68233871459961,0.0020598983392119,11.045,-10.891,0.0,0.104,0,0,1,,0.921,2026-03-06T08:33:03.164278,neutral,0.619,2026-03-06T08:33:03.164278,0.993,2026-03-06T08:33:02.963000,56,,,
participant_02,5,day,Town10HD_Opt,2026-03-06 08:33:04.001601,43.54558181762695,62.22348403930664,0.0017671203240752,13.166,-13.477,0.86,0.0,0,0,1,,0.935,2026-03-06T08:33:04.001601,neutral,0.619,2026-03-06T08:33:03.164278,0.983,2026-03-06T08:33:03.953000,56,,,
participant_02,5,day,Town10HD_Opt,2026-03-06 08:33:05.128798,45.31515884399414,57.98899459838867,0.0017655562842264,26.631,-16.206,0.665,0.0,0,0,1,,0.904,2026-03-06T08:33:05.128798,neutral,0.619,2026-03-06T08:33:03.164278,0.984,2026-03-06T08:33:04.943000,57,,,
participant_02,5,day,Town10HD_Opt,2026-03-06 08:33:05.991373,45.56425857543945,53.06208038330078,0.0021139143500477,27.518,-12.597,0.0,0.0,0,0,1,,0.833,2026-03-06T08:33:05.991373,sad,0.364,2026-03-06T08:33:05.991373,0.984,2026-03-06T08:33:05.934000,58,,,
participant_02,5,day,Town10HD_Opt,2026-03-06 08:33:07.094891,44.514408111572266,47.69245147705078,0.0022445677313953,19.029,2.017,0.0,0.0,0,0,1,,0.952,2026-03-06T08:33:07.094891,sad,0.364,2026-03-06T08:33:05.991373,0.986,2026-03-06T08:33:07.058000,57,,,
participant_02,5,day,Town10HD_Opt,2026-03-06 08:33:07.963382,44.109169006347656,44.78113555908203,0.0020786665845662,13.969,9.449,0.0,0.234,0,0,1,,0.881,2026-03-06T08:33:07.963382,sad,0.364,2026-03-06T08:33:05.991373,0.991,2026-03-06T08:33:07.959000,56,,,
participant_02,5,day,Town10HD_Opt,2026-03-06 08:33:09.045902,44.06057357788086,42.22362518310547,0.0020605085883289,7.811,0.376,0.0,0.222,0,0,1,,0.937,2026-03-06T08:33:09.045902,neutral,0.494,2026-03-06T08:33:09.045902,0.993,2026-03-06T08:33:08.996000,56,,,
participant_02,5,day,Town10HD_Opt,2026-03-06 08:33:10.165841,44.03386688232422,41.19465255737305,0.0017789077246561,5.534,3.142,0.969,0.0,0,0,1,,0.922,2026-03-06T08:33:10.165841,neutral,0.494,2026-03-06T08:33:09.045902,0.993,2026-03-06T08:33:09.938000,55,Solid line crossing,Solid line crossing,
participant_02,5,day,Town10HD_Opt,2026-03-06 08:33:10.977602,44.09175109863281,39.0023193359375,0.0016792296664789,19.71,6.554,0.76,0.0,0,0,1,,0.942,2026-03-06T08:33:10.977602,neutral,0.494,2026-03-06T08:33:09.045902,0.993,2026-03-06T08:33:10.973000,54,,,
participant_02,5,day,Town10HD_Opt,2026-03-06 08:33:12.058781,45.30293655395508,33.60765075683594,0.0019425963982939,26.958,15.946,0.426,0.0,0,0,1,,1.0,2026-03-06T08:33:12.058781,neutral,0.757,2026-03-06T08:33:12.058781,0.993,2026-03-06T08:33:11.964000,55,,,
participant_02,5,day,Town10HD_Opt,2026-03-06 08:33:13.154680,49.425907135009766,28.928815841674805,0.0020802307408303,27.715,21.969,0.418,0.0,0,0,1,,1.0,2026-03-06T08:33:13.154680,neutral,0.757,2026-03-06T08:33:12.058781,0.993,2026-03-06T08:33:12.953000,56,,,
participant_02,5,day,Town10HD_Opt,2026-03-06 08:33:14.015758,54.045555114746094,27.373952865600582,0.0020544815342873,28.148,6.265,0.32,0.0,0,0,1,,0.813,2026-03-06T08:33:14.015758,neutral,0.757,2026-03-06T08:33:12.058781,0.993,2026-03-06T08:33:13.943000,57,,,
participant_02,5,day,Town10HD_Opt,2026-03-06 08:33:15.100884,60.3571891784668,26.45615005493164,0.002147254999727,25.308,1.354,0.665,0.0,0,0,1,,1.0,2026-03-06T08:33:15.100884,sad,0.354,2026-03-06T08:33:15.100884,0.993,2026-03-06T08:33:14.935000,59,,,
participant_02,5,day,Town10HD_Opt,2026-03-06 08:33:16.168273,67.55353546142578,25.867149353027344,0.0015673064626753,40.915,1.551,0.712,0.0,0,0,1,,0.812,2026-03-06T08:33:16.168273,sad,0.354,2026-03-06T08:33:15.100884,0.993,2026-03-06T08:33:15.968000,61,,,
participant_02,5,day,Town10HD_Opt,2026-03-06 08:33:16.976131,74.39642333984375,25.63248634338379,0.0023254775442183,34.252,1.208,0.27,0.0,0,0,1,,0.837,2026-03-06T08:33:16.976131,sad,0.354,2026-03-06T08:33:15.100884,0.993,2026-03-06T08:33:16.958000,63,,,
participant_02,5,day,Town10HD_Opt,2026-03-06 08:33:18.065488,83.26750946044922,25.76095199584961,0.0015934753464534,47.131,0.59,0.78,0.0,0,0,1,,0.86,2026-03-06T08:33:18.065488,neutral,0.613,2026-03-06T08:33:18.065488,0.993,2026-03-06T08:33:17.948000,63,,,
participant_02,5,day,Town10HD_Opt,2026-03-06 08:33:19.114828,93.7061004638672,25.333051681518555,0.0023770141415297,38.043,-9.047,0.024,0.0,0,0,1,,1.0,2026-03-06T08:33:19.114828,neutral,0.613,2026-03-06T08:33:18.065488,0.993,2026-03-06T08:33:18.939000,62,,,
participant_02,5,day,Town10HD_Opt,2026-03-06 08:33:19.996415,99.4744873046875,23.057025909423828,0.0020834731403738,35.504,-15.112,0.672,0.0,0,0,1,,0.858,2026-03-06T08:33:19.996415,neutral,0.613,2026-03-06T08:33:18.065488,0.993,2026-03-06T08:33:19.928000,61,,,
participant_02,5,day,Town10HD_Opt,2026-03-06 08:33:21.065622,105.08228302001952,16.136089324951172,0.0020579528063535,41.109,-14.805,0.0,0.0,0,0,1,,0.835,2026-03-06T08:33:21.065622,neutral,0.874,2026-03-06T08:33:21.065622,0.993,2026-03-06T08:33:20.963000,59,,,
participant_02,5,day,Town10HD_Opt,2026-03-06 08:33:22.113370,105.69329071044922,8.024374961853027,0.0023332594428211,29.229,-3.304,0.0,0.0,0,0,1,,1.0,2026-03-06T08:33:22.113370,neutral,0.874,2026-03-06T08:33:21.065622,0.993,2026-03-06T08:33:21.954000,58,,,
participant_02,5,day,Town10HD_Opt,2026-03-06 08:33:22.957535,105.07264709472656,3.4549598693847656,0.0021926879417151,24.016,17.941,0.275,0.0,0,0,1,,0.906,2026-03-06T08:33:22.957535,neutral,0.874,2026-03-06T08:33:21.065622,0.993,2026-03-06T08:33:22.943000,59,,,
participant_02,5,day,Town10HD_Opt,2026-03-06 08:33:24.061034,106.48091888427734,-1.6110774278640747,0.0021101760212332,21.954,5.756,0.389,0.0,0,0,1,,0.876,2026-03-06T08:33:24.061034,neutral,0.344,2026-03-06T08:33:24.061034,0.993,2026-03-06T08:33:23.933000,60,,,
participant_02,5,day,Town10HD_Opt,2026-03-06 08:33:25.067514,108.75334930419922,-6.9930267333984375,0.0016254043439403,33.399,-11.462,0.922,0.0,0,0,1,,1.0,2026-03-06T08:33:25.067514,neutral,0.344,2026-03-06T08:33:24.061034,0.993,2026-03-06T08:33:24.969000,61,,,
participant_02,5,day,Town10HD_Opt,2026-03-06 08:33:26.116691,108.90309143066406,-16.388811111450195,0.0017547225579619,47.858,-7.209,0.699,0.0,0,0,1,,0.896,2026-03-06T08:33:26.116691,neutral,0.436,2026-03-06T08:33:26.116691,0.993,2026-03-06T08:33:25.959000,62,,,
participant_02,5,day,Town10HD_Opt,2026-03-06 08:33:27.154380,105.22664642333984,-27.272262573242188,0.0021546173375099,47.478,12.289,0.0,0.0,0,0,1,,0.836,2026-03-06T08:33:27.154380,neutral,0.436,2026-03-06T08:33:26.116691,0.993,2026-03-06T08:33:26.949000,62,,,
participant_02,5,day,Town10HD_Opt,2026-03-06 08:33:27.953784,104.50778198242188,-34.56398010253906,0.002410392742604,36.384,10.271,0.0,0.0,0,0,1,,0.95,2026-03-06T08:33:27.953784,neutral,0.436,2026-03-06T08:33:26.116691,0.993,2026-03-06T08:33:27.939000,61,,,
participant_02,5,day,Town10HD_Opt,2026-03-06 08:33:28.953907,106.3005142211914,-41.59922790527344,0.0022942733485251,25.621,-6.421,0.0,0.0,0,0,1,,0.829,2026-03-06T08:33:28.953907,neutral,0.695,2026-03-06T08:33:28.953907,0.993,2026-03-06T08:33:27.939000,61,,,
participant_02,5,day,Town10HD_Opt,2026-03-06 08:33:29.973817,106.77525329589844,-46.37906646728516,0.0248505398631095,9.72,-11.441,0.0,0.0,0,0,1,,1.0,2026-03-06T08:33:29.973817,neutral,0.695,2026-03-06T08:33:28.953907,0.993,2026-03-06T08:33:29.964000,62,,,
participant_02,5,day,Town10HD_Opt,2026-03-06 08:33:30.940098,106.73240661621094,-46.51335525512695,0.0367256551980972,0.013,-11.61,0.0,0.0,0,0,1,,1.0,2026-03-06T08:33:30.940098,neutral,0.695,2026-03-06T08:33:28.953907,0.993,2026-03-06T08:33:29.964000,62,,,
participant_02,5,day,Town10HD_Opt,2026-03-06 08:33:32.069884,-41.66875076293945,89.74507904052734,-0.0706437975168228,0.863,-10.499,0.0,0.0,0,0,0,,1.0,2026-03-06T08:33:32.069884,neutral,0.632,2026-03-06T08:33:32.069884,0.993,2026-03-06T08:33:31.943000,61,,,
participant_02,5,day,Town10HD_Opt,2026-03-06 08:33:33.184292,-41.66885757446289,89.74560546875,0.0016922760987654,0.002,1.363,0.746,0.0,0,0,0,,1.0,2026-03-06T08:33:33.184292,neutral,0.632,2026-03-06T08:33:32.069884,0.993,2026-03-06T08:33:32.933000,61,,,
participant_02,5,day,Town10HD_Opt,2026-03-06 08:33:33.988729,-41.668212890625,88.78458404541016,0.0014388725394383,13.657,0.367,0.726,0.0,0,0,1,,1.0,2026-03-06T08:33:33.988729,neutral,0.632,2026-03-06T08:33:32.069884,0.993,2026-03-06T08:33:32.933000,61,,,
participant_02,5,day,Town10HD_Opt,2026-03-06 08:33:35.061181,-41.647499084472656,84.77090454101562,0.0018525690538808,17.165,0.36,0.0,0.0,0,0,1,,1.0,2026-03-06T08:33:35.061181,disgust,0.784,2026-03-06T08:33:35.061181,0.993,2026-03-06T08:33:34.959000,60,,,
participant_02,5,day,Town10HD_Opt,2026-03-06 08:33:36.099278,-41.59908676147461,81.3432388305664,0.002033308148384,12.104,1.648,0.0,0.0,0,0,1,,1.0,2026-03-06T08:33:36.099278,disgust,0.784,2026-03-06T08:33:35.061181,0.993,2026-03-06T08:33:35.949000,59,,,
participant_02,5,day,Town10HD_Opt,2026-03-06 08:33:37.186490,-41.40237045288086,78.86808776855469,0.001847039326094,11.69,10.13,0.62,0.0,0,0,1,,1.0,2026-03-06T08:33:37.186490,neutral,0.646,2026-03-06T08:33:37.186490,0.993,2026-03-06T08:33:36.939000,58,,,
participant_02,5,day,Town10HD_Opt,2026-03-06 08:33:38.061256,-40.7593002319336,76.3138427734375,0.0018752701580524,18.649,14.268,0.495,0.0,0,0,1,,1.0,2026-03-06T08:33:38.061256,neutral,0.646,2026-03-06T08:33:37.186490,0.993,2026-03-06T08:33:37.929000,58,,,
participant_02,5,day,Town10HD_Opt,2026-03-06 08:33:39.116517,-38.607452392578125,72.546875,0.001912840292789,17.567,22.753,0.0,0.0,0,0,1,,1.0,2026-03-06T08:33:39.116517,neutral,0.646,2026-03-06T08:33:37.186490,0.993,2026-03-06T08:33:38.964000,58,,,
participant_02,5,day,Town10HD_Opt,2026-03-06 08:33:39.979182,-36.41231155395508,70.97358703613281,0.0020777105819433,13.46,25.674,0.0,0.0,0,0,1,,1.0,2026-03-06T08:33:39.979182,neutral,0.987,2026-03-06T08:33:39.979182,0.993,2026-03-06T08:33:38.964000,58,,,
participant_02,5,day,Town10HD_Opt,2026-03-06 08:33:41.131845,-33.746219635009766,70.2314682006836,0.0018725210102275,12.788,22.028,0.545,0.0,0,0,1,phone_call,0.927,2026-03-06T08:33:41.131845,neutral,0.987,2026-03-06T08:33:39.979182,0.993,2026-03-06T08:33:40.944000,59,,,
participant_02,5,day,Town10HD_Opt,2026-03-06 08:33:41.973766,-31.143085479736328,70.19014739990234,0.0018917088164016,15.615,7.477,0.127,0.0,0,0,1,phone_call,0.827,2026-03-06T08:33:41.973766,neutral,0.987,2026-03-06T08:33:39.979182,0.993,2026-03-06T08:33:41.933000,59,,,
participant_02,5,day,Town10HD_Opt,2026-03-06 08:33:43.097012,-27.72719383239746,70.13765716552734,0.0019377514254301,14.214,-2.304,0.392,0.0,0,0,1,,1.0,2026-03-06T08:33:43.097012,neutral,0.87,2026-03-06T08:33:43.097012,0.993,2026-03-06T08:33:42.968000,59,,,
participant_02,5,day,Town10HD_Opt,2026-03-06 08:33:43.951331,-24.87954330444336,70.01594543457031,0.0020081351976841,18.547,0.522,0.527,0.0,0,0,1,,1.0,2026-03-06T08:33:43.951331,neutral,0.87,2026-03-06T08:33:43.097012,0.993,2026-03-06T08:33:42.968000,59,,,
participant_02,6,day,Town10HD_Opt,2026-03-06 08:38:31.279163,-41.66858673095703,89.7454833984375,0.580491840839386,19.479,0.945,0.498,0.0,0,0,1,,1.0,2026-03-06T08:38:31.279163,,,2026-03-06T08:38:31.279163,0.709,2026-03-06T08:38:30.994000,48,,,
participant_02,6,day,Town10HD_Opt,2026-03-06 08:38:35.835528,-41.69210815429688,84.68925476074219,0.0019663241691887,19.859,1.434,0.498,0.0,0,0,1,,0.896,2026-03-06T08:38:35.835528,,,2026-03-06T08:38:35.835528,0.765,2026-03-06T08:38:35,47,,,
participant_02,6,day,Town10HD_Opt,2026-03-06 08:38:36.493086,-41.62057876586914,82.25509643554688,0.0019235233776271,22.377,4.473,0.523,0.0,0,0,1,,0.931,2026-03-06T08:38:36.493086,,,2026-03-06T08:38:35.835528,0.778,2026-03-06T08:38:35.990000,47,,,
participant_02,6,day,Town10HD_Opt,2026-03-06 08:38:37.551310,-41.00567626953125,78.08563232421875,0.0019285206217318,26.257,12.68,0.523,0.0,0,0,1,,0.839,2026-03-06T08:38:37.551310,,,2026-03-06T08:38:35.835528,0.789,2026-03-06T08:38:37.025000,48,,,
participant_02,6,day,Town10HD_Opt,2026-03-06 08:38:38.267802,-39.84243774414063,75.14991760253906,0.0019607164431363,28.408,17.448,0.507,0.0,0,0,1,,0.875,2026-03-06T08:38:38.267802,happy,0.641,2026-03-06T08:38:38.267802,0.801,2026-03-06T08:38:37.969000,48,,,
participant_02,6,day,Town10HD_Opt,2026-03-06 08:38:39.307367,-36.43779373168945,71.36238098144531,0.0020423887763172,30.178,21.066,0.229,0.0,0,0,1,,0.909,2026-03-06T08:38:39.307367,happy,0.641,2026-03-06T08:38:38.267802,0.8,2026-03-06T08:38:38.959000,48,,,
participant_02,6,day,Town10HD_Opt,2026-03-06 08:38:40.302346,-31.97286796569824,69.71484375,0.0022974386811256,23.924,13.071,0.007,0.0,0,0,1,,0.886,2026-03-06T08:38:40.302346,neutral,0.754,2026-03-06T08:38:40.302346,0.8,2026-03-06T08:38:39.995000,49,,,
participant_02,6,day,Town10HD_Opt,2026-03-06 08:38:41.308613,-28.131872177124023,69.48541259765625,0.0020796202588826,21.617,3.346,0.562,0.0,0,0,1,,1.0,2026-03-06T08:38:41.308613,neutral,0.754,2026-03-06T08:38:40.302346,0.799,2026-03-06T08:38:40.985000,50,,,
participant_02,6,day,Town10HD_Opt,2026-03-06 08:38:42.280894,-24.020187377929688,69.49532318115234,0.0019007114460691,25.989,1.083,0.543,0.0,0,0,1,,0.841,2026-03-06T08:38:42.280894,neutral,0.754,2026-03-06T08:38:40.302346,0.799,2026-03-06T08:38:41.974000,52,,,
participant_02,6,day,Town10HD_Opt,2026-03-06 08:38:43.515262,-17.374366760253906,69.6451187133789,0.0019244388677179,31.148,-0.026,0.521,0.0,0,0,1,,1.0,2026-03-06T08:38:43.515262,neutral,0.626,2026-03-06T08:38:43.515262,0.798,2026-03-06T08:38:42.964000,55,,,
participant_02,6,day,Town10HD_Opt,2026-03-06 08:38:44.446284,-11.78439998626709,69.7906494140625,0.002047958318144,31.881,-0.2,0.318,0.0,0,0,1,,0.828,2026-03-06T08:38:44.446284,neutral,0.626,2026-03-06T08:38:43.515262,0.798,2026-03-06T08:38:43.999000,57,,,
participant_02,6,day,Town10HD_Opt,2026-03-06 08:38:45.452801,-6.358992099761963,69.90387725830078,0.0021210857667028,29.668,-0.045,0.214,0.0,0,0,1,,0.912,2026-03-06T08:38:45.452801,neutral,0.626,2026-03-06T08:38:43.515262,0.798,2026-03-06T08:38:44.992000,58,,,
participant_02,6,day,Town10HD_Opt,2026-03-06 08:38:46.377819,-1.4475032091140747,69.996337890625,0.0021596902515739,26.009,-0.341,0.254,0.0,0,0,1,,0.897,2026-03-06T08:38:46.377819,neutral,0.685,2026-03-06T08:38:46.377819,0.798,2026-03-06T08:38:45.980000,59,,,
participant_02,6,day,Town10HD_Opt,2026-03-06 08:38:47.351843,2.9395172595977783,70.04229736328125,0.0021123883780092,23.957,-0.515,0.264,0.0,0,0,1,,0.895,2026-03-06T08:38:47.351843,neutral,0.685,2026-03-06T08:38:46.377819,0.798,2026-03-06T08:38:46.970000,59,,,
participant_02,6,day,Town10HD_Opt,2026-03-06 08:38:48.349460,6.995176792144775,70.04603576660156,0.0020938871894031,22.357,0.197,0.255,0.0,0,0,1,,1.0,2026-03-06T08:38:48.349460,neutral,0.685,2026-03-06T08:38:46.377819,0.798,2026-03-06T08:38:47.960000,58,,,
participant_02,6,day,Town10HD_Opt,2026-03-06 08:38:49.310434,10.721563339233398,70.0591049194336,0.0021439739502966,19.567,0.228,0.0,0.0,0,0,1,,0.865,2026-03-06T08:38:49.310434,neutral,0.937,2026-03-06T08:38:49.310434,0.8,2026-03-06T08:38:48.994000,58,Solid line crossing,Solid line crossing,
participant_02,6,day,Town10HD_Opt,2026-03-06 08:38:50.311319,13.808796882629396,70.07781219482422,0.0019962687510997,15.738,0.068,0.067,0.0,0,0,1,,0.881,2026-03-06T08:38:50.311319,neutral,0.937,2026-03-06T08:38:49.310434,0.803,2026-03-06T08:38:49.985000,59,,,
participant_02,6,day,Town10HD_Opt,2026-03-06 08:38:51.304496,16.344589233398438,70.09612274169922,0.0020029065199196,13.087,0.099,0.067,0.0,0,0,1,,0.892,2026-03-06T08:38:51.304496,neutral,0.937,2026-03-06T08:38:49.310434,0.805,2026-03-06T08:38:50.975000,59,,,
participant_02,6,day,Town10HD_Opt,2026-03-06 08:38:52.282586,18.46075820922852,70.11309051513672,0.0019866176880896,10.966,0.042,0.066,0.0,0,0,1,,0.962,2026-03-06T08:38:52.282586,neutral,0.821,2026-03-06T08:38:52.282586,0.809,2026-03-06T08:38:51.965000,58,,,
participant_02,6,day,Town10HD_Opt,2026-03-06 08:38:53.271745,20.23729133605957,70.12801361083984,0.0019747540354728,9.223,0.042,0.066,0.0,0,0,1,,0.936,2026-03-06T08:38:53.271745,neutral,0.821,2026-03-06T08:38:52.282586,0.81,2026-03-06T08:38:53,56,,,
participant_02,6,day,Town10HD_Opt,2026-03-06 08:38:54.534946,22.194204330444336,70.14530944824219,0.0019496915629133,7.65,0.04,0.056,0.0,0,0,1,,0.893,2026-03-06T08:38:54.534946,neutral,0.919,2026-03-06T08:38:54.534946,0.808,2026-03-06T08:38:53.989000,55,,,
participant_02,6,day,Town10HD_Opt,2026-03-06 08:38:55.521742,23.432716369628903,70.15670776367188,0.0019607541617006,6.373,0.04,0.059,0.0,0,0,1,,0.912,2026-03-06T08:38:55.521742,neutral,0.919,2026-03-06T08:38:54.534946,0.8,2026-03-06T08:38:54.979000,55,,,
participant_02,6,day,Town10HD_Opt,2026-03-06 08:38:56.436672,24.456445693969727,70.16641235351562,0.0019548796117305,5.251,0.04,0.059,0.0,0,0,1,,0.954,2026-03-06T08:38:56.436672,neutral,0.919,2026-03-06T08:38:54.534946,0.794,2026-03-06T08:38:55.971000,55,,,
participant_02,6,day,Town10HD_Opt,2026-03-06 08:38:57.367430,25.30670166015625,70.17494201660156,0.0059204897843301,4.578,0.04,0.0,0.0,0,0,1,,0.925,2026-03-06T08:38:57.367430,neutral,0.833,2026-03-06T08:38:57.367430,0.788,2026-03-06T08:38:57.004000,55,,,
participant_02,6,day,Town10HD_Opt,2026-03-06 08:38:58.302071,25.67823028564453,70.17906188964844,0.0018716807244345,0.004,0.04,0.0,0.076,0,0,1,,0.918,2026-03-06T08:38:58.302071,neutral,0.833,2026-03-06T08:38:57.367430,0.79,2026-03-06T08:38:57.995000,54,,,
participant_02,6,day,Town10HD_Opt,2026-03-06 08:38:59.490258,26.066650390625,70.1833267211914,0.0016047679819166,7.535,0.002,0.727,0.0,0,0,1,,0.962,2026-03-06T08:38:59.490258,neutral,0.895,2026-03-06T08:38:59.490258,0.789,2026-03-06T08:38:58.984000,53,,,
participant_02,6,day,Town10HD_Opt,2026-03-06 08:39:00.507571,28.084482192993164,70.17721557617188,0.001764221698977,14.112,-4.572,0.285,0.0,0,0,1,,0.952,2026-03-06T08:39:00.507571,neutral,0.895,2026-03-06T08:38:59.490258,0.788,2026-03-06T08:38:59.975000,53,,,errors=Stop sign violation
participant_02,6,day,Town10HD_Opt,2026-03-06 08:39:01.422565,30.63481330871582,69.90837860107422,0.0018111802637577,15.355,-9.502,0.286,0.0,0,0,1,,0.947,2026-03-06T08:39:01.422565,neutral,0.895,2026-03-06T08:38:59.490258,0.789,2026-03-06T08:39:00.965000,52,,,
participant_02,6,day,Town10HD_Opt,2026-03-06 08:39:02.353835,33.31390380859375,69.2465591430664,0.0019025038927793,16.145,-10.814,0.24,0.0,0,0,1,,0.902,2026-03-06T08:39:02.353835,happy,0.911,2026-03-06T08:39:02.353835,0.788,2026-03-06T08:39:02,51,,,
participant_02,6,day,Town10HD_Opt,2026-03-06 08:39:03.297238,35.8979377746582,68.11282348632812,0.0019260406261309,16.217,-12.83,0.239,0.0,0,0,1,,0.921,2026-03-06T08:39:03.297238,happy,0.911,2026-03-06T08:39:02.353835,0.789,2026-03-06T08:39:02.990000,50,,,
participant_02,6,day,Town10HD_Opt,2026-03-06 08:39:04.296466,38.24033737182617,66.5172119140625,0.0019257353851571,16.284,-12.226,0.24,0.0,0,0,1,,0.914,2026-03-06T08:39:04.296466,happy,0.911,2026-03-06T08:39:02.353835,0.794,2026-03-06T08:39:03.980000,50,,,
participant_02,6,day,Town10HD_Opt,2026-03-06 08:39:05.536417,41.02660369873047,63.78072738647461,0.0019738771952688,18.586,-11.421,0.51,0.0,0,0,1,,0.925,2026-03-06T08:39:05.536417,neutral,0.727,2026-03-06T08:39:05.536417,0.804,2026-03-06T08:39:05.016000,50,,,
participant_02,6,day,Town10HD_Opt,2026-03-06 08:39:06.523464,42.90620422363281,60.97454452514648,0.0019210819154977,21.142,-12.284,0.496,0.0,0,0,1,,0.923,2026-03-06T08:39:06.523464,neutral,0.727,2026-03-06T08:39:05.536417,0.813,2026-03-06T08:39:05.960000,52,,,
participant_02,6,day,Town10HD_Opt,2026-03-06 08:39:07.457033,44.33528900146485,57.28743362426758,0.0019484712975099,24.51,-12.207,0.475,0.0,0,0,1,,0.961,2026-03-06T08:39:07.457033,neutral,0.727,2026-03-06T08:39:05.536417,0.822,2026-03-06T08:39:06.995000,53,,,
participant_02,6,day,Town10HD_Opt,2026-03-06 08:39:08.391896,44.8818359375,52.99919891357422,0.0020882794633507,24.282,-8.129,0.342,0.0,0,0,1,,0.981,2026-03-06T08:39:08.391896,neutral,0.699,2026-03-06T08:39:08.391896,0.823,2026-03-06T08:39:07.985000,53,,,
participant_02,6,day,Town10HD_Opt,2026-03-06 08:39:09.341285,44.73675537109375,48.74346923828125,0.0020316315349191,24.66,-3.888,0.365,0.0,0,0,1,,0.937,2026-03-06T08:39:09.341285,neutral,0.699,2026-03-06T08:39:08.391896,0.824,2026-03-06T08:39:08.975000,52,,,
participant_02,6,day,Town10HD_Opt,2026-03-06 08:39:10.336496,44.25237655639648,44.60296249389648,0.0021899407729506,21.749,-1.756,0.0,0.0,0,0,1,,0.871,2026-03-06T08:39:10.336496,neutral,0.699,2026-03-06T08:39:08.391896,0.824,2026-03-06T08:39:09.965000,52,,,
participant_02,6,day,Town10HD_Opt,2026-03-06 08:39:11.286322,43.96416091918945,41.25164413452149,0.0020773694850504,18.331,10.132,0.513,0.0,0,0,1,,0.916,2026-03-06T08:39:11.286322,neutral,0.682,2026-03-06T08:39:11.286322,0.824,2026-03-06T08:39:11,51,,,
participant_02,6,day,Town10HD_Opt,2026-03-06 08:39:12.527885,44.64871597290039,36.25835037231445,0.0017339716432616,28.232,10.829,0.691,0.0,0,0,1,,0.936,2026-03-06T08:39:12.527885,neutral,0.682,2026-03-06T08:39:11.286322,0.819,2026-03-06T08:39:11.990000,50,,,
participant_02,6,day,Town10HD_Opt,2026-03-06 08:39:13.469616,46.93874740600586,31.37132453918457,0.001958237029612,33.014,20.203,0.503,0.0,0,0,1,,0.892,2026-03-06T08:39:13.469616,neutral,0.494,2026-03-06T08:39:13.469616,0.813,2026-03-06T08:39:12.980000,50,,,
participant_02,6,day,Town10HD_Opt,2026-03-06 08:39:14.413728,51.59368896484375,27.88703727722168,0.0020422362722456,34.54,16.957,0.419,0.0,0,0,1,,0.908,2026-03-06T08:39:14.413728,neutral,0.494,2026-03-06T08:39:13.469616,0.807,2026-03-06T08:39:13.970000,49,,,
participant_02,6,day,Town10HD_Opt,2026-03-06 08:39:15.377059,57.39482879638672,26.499229431152344,0.0021314998157322,32.923,2.972,0.2,0.0,0,0,1,,0.881,2026-03-06T08:39:15.377059,neutral,0.494,2026-03-06T08:39:13.469616,0.801,2026-03-06T08:39:14.960000,49,,,
participant_02,6,day,Town10HD_Opt,2026-03-06 08:39:16.299957,62.75966644287109,25.826772689819336,0.0022083276417106,27.499,-0.063,0.0,0.0,0,0,1,,0.965,2026-03-06T08:39:16.299957,sad,0.32,2026-03-06T08:39:16.299957,0.795,2026-03-06T08:39:15.995000,50,,,
participant_02,6,day,Town10HD_Opt,2026-03-06 08:39:17.483532,68.25377655029297,25.31534576416016,0.0022480764891952,19.152,3.82,0.0,0.0,0,0,1,,0.955,2026-03-06T08:39:17.483532,sad,0.32,2026-03-06T08:39:16.299957,0.789,2026-03-06T08:39:17.030000,51,,,
participant_02,6,day,Town10HD_Opt,2026-03-06 08:39:18.363332,71.24223327636719,25.23892593383789,0.0020334620494395,14.846,0.139,0.011,0.0,0,0,1,,1.0,2026-03-06T08:39:18.363332,neutral,0.9,2026-03-06T08:39:18.363332,0.783,2026-03-06T08:39:17.975000,52,,,
participant_02,6,day,Town10HD_Opt,2026-03-06 08:39:19.538502,74.2171401977539,25.167490005493164,0.0020170209463685,10.565,0.888,0.011,0.0,0,0,1,,0.835,2026-03-06T08:39:19.538502,neutral,0.9,2026-03-06T08:39:18.363332,0.777,2026-03-06T08:39:18.965000,51,,,
participant_02,6,day,Town10HD_Opt,2026-03-06 08:39:20.443292,75.8602294921875,25.140743255615234,0.0019994731992483,8.047,0.035,0.011,0.0,0,0,1,,0.903,2026-03-06T08:39:20.443292,neutral,0.946,2026-03-06T08:39:20.443292,0.771,2026-03-06T08:39:20,52,,,
participant_02,6,day,Town10HD_Opt,2026-03-06 08:39:21.298199,77.09668731689453,25.1210880279541,0.0019863124471157,5.94,0.529,0.012,0.0,0,0,1,,0.956,2026-03-06T08:39:21.298199,neutral,0.946,2026-03-06T08:39:20.443292,0.765,2026-03-06T08:39:20.990000,53,,,
participant_02,6,day,Town10HD_Opt,2026-03-06 08:39:22.408535,78.23359680175781,25.11000633239746,0.0019415662391111,4.146,0.637,0.0,0.0,0,0,1,,0.915,2026-03-06T08:39:22.408535,neutral,0.946,2026-03-06T08:39:20.443292,0.765,2026-03-06T08:39:21.980000,54,,,
participant_02,6,day,Town10HD_Opt,2026-03-06 08:39:23.297465,78.88561248779297,25.10610008239746,0.0019487760728225,3.222,0.764,0.0,0.0,0,0,1,,0.881,2026-03-06T08:39:23.297465,sad,0.539,2026-03-06T08:39:23.297465,0.753,2026-03-06T08:39:22.970000,56,,,
participant_02,6,day,Town10HD_Opt,2026-03-06 08:39:24.430027,79.52737426757812,25.10445976257324,0.0019408796215429,2.265,0.764,0.0,0.0,0,0,1,,0.9,2026-03-06T08:39:24.430027,sad,0.539,2026-03-06T08:39:23.297465,0.736,2026-03-06T08:39:24.005000,58,,,
participant_02,6,day,Town10HD_Opt,2026-03-06 08:39:25.276631,79.68414306640625,25.104232788085938,0.0019604489207267,0.0,0.75,0.0,0.04,0,0,1,,0.92,2026-03-06T08:39:25.276631,sad,0.539,2026-03-06T08:39:23.297465,0.72,2026-03-06T08:39:24.995000,58,,,
participant_02,6,day,Town10HD_Opt,2026-03-06 08:39:26.496584,79.68492889404297,25.104232788085938,0.0019194030901417,0.0,0.757,0.0,0.0,0,0,1,,0.925,2026-03-06T08:39:26.496584,neutral,0.896,2026-03-06T08:39:26.496584,0.704,2026-03-06T08:39:26.030000,57,,,
participant_02,6,day,Town10HD_Opt,2026-03-06 08:39:27.375026,79.6849136352539,25.104232788085938,0.0019188307924196,0.006,0.757,0.0,0.0,0,0,1,,0.923,2026-03-06T08:39:27.375026,neutral,0.896,2026-03-06T08:39:26.496584,0.677,2026-03-06T08:39:27.022000,56,,,
participant_02,6,day,Town10HD_Opt,2026-03-06 08:39:28.530198,79.68504333496094,25.104232788085938,0.0019188307924196,0.006,0.757,0.0,0.0,0,0,1,,1.0,2026-03-06T08:39:28.530198,neutral,0.885,2026-03-06T08:39:28.530198,0.651,2026-03-06T08:39:27.966000,54,,,
participant_02,6,day,Town10HD_Opt,2026-03-06 08:39:29.446477,79.68500518798828,25.104232788085938,0.0019187927246093,0.007,0.757,0.0,0.0,0,0,1,,0.902,2026-03-06T08:39:29.446477,neutral,0.885,2026-03-06T08:39:28.530198,0.622,2026-03-06T08:39:29,53,,,
participant_02,6,day,Town10HD_Opt,2026-03-06 08:39:30.332258,79.6851577758789,25.104232788085938,0.001919021597132,0.002,0.757,0.0,0.0,0,0,1,,0.897,2026-03-06T08:39:30.332258,neutral,0.885,2026-03-06T08:39:28.530198,0.595,2026-03-06T08:39:29.991000,53,,,
participant_02,6,day,Town10HD_Opt,2026-03-06 08:39:31.446036,79.68526458740234,25.104232788085938,0.001919021597132,0.002,0.757,0.0,0.0,0,0,1,,0.879,2026-03-06T08:39:31.446036,neutral,0.943,2026-03-06T08:39:31.446036,0.571,2026-03-06T08:39:30.980000,53,,,
participant_02,6,day,Town10HD_Opt,2026-03-06 08:39:32.326054,79.68549346923828,25.104232788085938,0.0019192122854292,0.001,0.757,0.0,0.0,0,0,1,,0.871,2026-03-06T08:39:32.326054,neutral,0.943,2026-03-06T08:39:31.446036,0.544,2026-03-06T08:39:32.015000,53,,,
participant_02,6,day,Town10HD_Opt,2026-03-06 08:39:33.495600,79.68476104736328,25.104232788085938,0.001915359403938,0.204,0.757,0.402,0.0,0,0,1,,0.907,2026-03-06T08:39:33.495600,sad,0.574,2026-03-06T08:39:33.495600,0.531,2026-03-06T08:39:33.005000,53,,,
participant_02,6,day,Town10HD_Opt,2026-03-06 08:39:34.416807,80.32420349121094,25.10478782653809,0.0016022121999412,9.128,0.75,0.724,0.0,0,0,1,,0.827,2026-03-06T08:39:34.416807,sad,0.574,2026-03-06T08:39:33.495600,0.525,2026-03-06T08:39:33.995000,53,,,
participant_02,6,day,Town10HD_Opt,2026-03-06 08:39:35.309351,82.79351043701172,25.119409561157227,0.0017905820859596,19.439,0.242,0.896,0.0,0,0,1,,0.893,2026-03-06T08:39:35.309351,sad,0.574,2026-03-06T08:39:33.495600,0.519,2026-03-06T08:39:34.986000,52,,,
participant_02,6,day,Town10HD_Opt,2026-03-06 08:39:36.460571,88.98787689208984,25.131086349487305,0.0016129700234159,35.684,-5.534,0.75,0.0,0,0,1,,0.833,2026-03-06T08:39:36.460571,neutral,0.681,2026-03-06T08:39:36.460571,0.513,2026-03-06T08:39:35.975000,52,,,
participant_02,6,day,Town10HD_Opt,2026-03-06 08:39:37.402730,95.51789093017578,23.962047576904297,0.001989250537008,39.125,-12.171,0.47,0.0,0,0,1,,0.917,2026-03-06T08:39:37.402730,neutral,0.681,2026-03-06T08:39:36.460571,0.52,2026-03-06T08:39:36.966000,52,,,
participant_02,6,day,Town10HD_Opt,2026-03-06 08:39:38.503930,102.87320709228516,18.78555679321289,0.0020869825966656,38.574,-11.916,0.362,0.0,0,0,1,,0.896,2026-03-06T08:39:38.503930,neutral,0.715,2026-03-06T08:39:38.503930,0.526,2026-03-06T08:39:38,52,,,
participant_02,6,day,Town10HD_Opt,2026-03-06 08:39:39.326022,106.09390258789062,13.079447746276855,0.0021276851184666,36.563,-10.434,0.379,0.0,0,0,1,,0.913,2026-03-06T08:39:39.326022,neutral,0.715,2026-03-06T08:39:38.503930,0.535,2026-03-06T08:39:38.991000,52,,,
participant_02,6,day,Town10HD_Opt,2026-03-06 08:39:40.477002,107.57406616210938,4.815544128417969,0.002055702265352,35.884,-2.624,0.408,0.0,0,0,1,,0.886,2026-03-06T08:39:40.477002,neutral,0.715,2026-03-06T08:39:38.503930,0.542,2026-03-06T08:39:39.981000,52,,,
participant_02,6,day,Town10HD_Opt,2026-03-06 08:39:41.340180,107.83363342285156,-1.4474178552627563,0.0020486449357122,35.712,-0.275,0.41,0.0,0,0,1,,0.925,2026-03-06T08:39:41.340180,neutral,0.816,2026-03-06T08:39:41.340180,0.546,2026-03-06T08:39:40.970000,53,,,
participant_02,6,day,Town10HD_Opt,2026-03-06 08:39:42.470913,107.99604034423828,-9.781139373779297,0.0020371244754642,35.815,-0.952,0.425,0.0,0,0,1,,0.905,2026-03-06T08:39:42.470913,neutral,0.816,2026-03-06T08:39:41.340180,0.553,2026-03-06T08:39:42.006000,55,,,
participant_02,6,day,Town10HD_Opt,2026-03-06 08:39:43.303562,107.92088317871094,-16.06812286376953,0.00203632353805,36.039,-1.518,0.425,0.0,0,0,1,,0.906,2026-03-06T08:39:43.303562,neutral,0.816,2026-03-06T08:39:41.340180,0.558,2026-03-06T08:39:42.995000,56,,,
participant_02,6,day,Town10HD_Opt,2026-03-06 08:39:44.439021,107.27996063232422,-24.472675323486328,0.0020396041218191,36.234,-3.467,0.425,0.0,0,0,1,,0.878,2026-03-06T08:39:44.439021,neutral,0.697,2026-03-06T08:39:44.439021,0.561,2026-03-06T08:39:43.985000,55,,,
participant_02,6,day,Town10HD_Opt,2026-03-06 08:39:45.356328,106.06153869628906,-30.704545974731445,0.0020406723488122,36.359,-3.149,0.425,0.0,0,0,1,,0.88,2026-03-06T08:39:45.356328,neutral,0.697,2026-03-06T08:39:44.439021,0.563,2026-03-06T08:39:44.975000,56,,,
participant_02,6,day,Town10HD_Opt,2026-03-06 08:39:46.500795,103.42292785644533,-38.7774772644043,0.0020433806348592,36.475,-4.674,0.425,0.0,0,0,1,,0.829,2026-03-06T08:39:46.500795,neutral,0.51,2026-03-06T08:39:46.500795,0.565,2026-03-06T08:39:46.011000,57,,,
participant_02,6,day,Town10HD_Opt,2026-03-06 08:39:47.373660,100.4979019165039,-44.44886016845703,0.0020456314086914,36.514,-5.212,0.425,0.0,0,0,1,,0.848,2026-03-06T08:39:47.373660,neutral,0.51,2026-03-06T08:39:46.500795,0.565,2026-03-06T08:39:47,58,,,
participant_02,6,day,Town10HD_Opt,2026-03-06 08:39:48.481587,95.2579345703125,-51.15541076660156,0.0020455168560147,36.568,-4.518,0.425,0.0,0,0,1,,0.841,2026-03-06T08:39:48.481587,neutral,0.51,2026-03-06T08:39:46.500795,0.573,2026-03-06T08:39:47.990000,57,,,
participant_02,6,day,Town10HD_Opt,2026-03-06 08:39:49.344306,90.53016662597656,-55.473411560058594,0.0020432663150131,36.644,-4.296,0.426,0.0,0,0,1,,0.802,2026-03-06T08:39:49.344306,neutral,0.627,2026-03-06T08:39:49.344306,0.583,2026-03-06T08:39:48.980000,56,,,
participant_02,6,day,Town10HD_Opt,2026-03-06 08:39:50.273835,85.26150512695312,-59.13471221923828,0.002031059237197,37.069,-4.379,0.637,0.0,0,0,1,,0.809,2026-03-06T08:39:50.273835,neutral,0.627,2026-03-06T08:39:49.344306,0.593,2026-03-06T08:39:49.973000,55,,,
participant_02,6,day,Town10HD_Opt,2026-03-06 08:39:51.391217,76.71580505371094,-63.14703369140625,0.001869736239314,44.455,-4.235,0.622,0.0,0,0,1,,0.832,2026-03-06T08:39:51.391217,neutral,0.687,2026-03-06T08:39:51.391217,0.61,2026-03-06T08:39:51.005000,54,,,
participant_02,6,day,Town10HD_Opt,2026-03-06 08:39:52.528142,66.17825317382812,-65.71723175048828,0.001978340325877,48.154,-3.346,0.503,0.0,0,0,1,,0.866,2026-03-06T08:39:52.528142,neutral,0.687,2026-03-06T08:39:51.391217,0.623,2026-03-06T08:39:51.995000,54,,,
participant_02,6,day,Town10HD_Opt,2026-03-06 08:39:53.427805,57.78423690795898,-66.42317199707031,0.0020535278599709,47.941,-0.651,0.437,0.0,0,0,1,,0.847,2026-03-06T08:39:53.427805,neutral,0.471,2026-03-06T08:39:53.427805,0.635,2026-03-06T08:39:52.985000,53,,,
participant_02,6,day,Town10HD_Opt,2026-03-06 08:39:54.350561,49.497703552246094,-66.7614974975586,0.0020863339304924,46.636,0.061,0.428,0.0,0,0,1,,1.0,2026-03-06T08:39:54.350561,neutral,0.471,2026-03-06T08:39:53.427805,0.649,2026-03-06T08:39:53.976000,54,,,
participant_02,6,day,Town10HD_Opt,2026-03-06 08:39:55.272580,41.44744110107422,-67.11254119873047,0.0020829390268772,45.365,-0.251,0.428,0.0,0,0,1,,0.845,2026-03-06T08:39:55.272580,neutral,0.471,2026-03-06T08:39:53.427805,0.662,2026-03-06T08:39:55.012000,56,,,
participant_02,6,day,Town10HD_Opt,2026-03-06 08:39:56.494883,31.025447845458984,-67.45703887939453,0.0020750807598233,43.914,-0.244,0.428,0.0,0,0,1,,0.838,2026-03-06T08:39:56.494883,neutral,0.586,2026-03-06T08:39:56.494883,0.686,2026-03-06T08:39:56,57,,,
participant_02,6,day,Town10HD_Opt,2026-03-06 08:39:57.440944,23.404342651367188,-67.62654113769531,0.0020705030765384,43.091,-0.249,0.428,0.0,0,0,1,,0.869,2026-03-06T08:39:57.440944,neutral,0.586,2026-03-06T08:39:56.494883,0.709,2026-03-06T08:39:56.990000,56,,,
participant_02,6,day,Town10HD_Opt,2026-03-06 08:39:58.345792,15.941645622253418,-67.7242202758789,0.00211917841807,41.187,-0.188,0.001,0.0,0,0,1,,0.898,2026-03-06T08:39:58.345792,neutral,0.586,2026-03-06T08:39:56.494883,0.725,2026-03-06T08:39:57.980000,56,,,
participant_02,6,day,Town10HD_Opt,2026-03-06 08:39:59.299165,9.42021369934082,-67.76714324951172,0.0023239888250827,32.425,-0.054,0.0,0.0,0,0,1,,1.0,2026-03-06T08:39:59.299165,neutral,0.748,2026-03-06T08:39:59.299165,0.736,2026-03-06T08:39:59.016000,55,,,
participant_02,6,day,Town10HD_Opt,2026-03-06 08:40:00.461385,2.964785099029541,-67.80494689941406,0.0022692482452839,22.977,0.031,0.0,0.0,0,0,1,,1.0,2026-03-06T08:40:00.461385,neutral,0.748,2026-03-06T08:39:59.299165,0.748,2026-03-06T08:40:00.051000,54,,,
participant_02,6,day,Town10HD_Opt,2026-03-06 08:40:01.331994,-0.5196934342384338,-67.82923889160156,0.0019729607738554,17.192,-0.035,0.0,0.0,0,0,1,,0.815,2026-03-06T08:40:01.331994,fear,0.342,2026-03-06T08:40:01.331994,0.739,2026-03-06T08:40:00.996000,53,,,
participant_02,6,day,Town10HD_Opt,2026-03-06 08:40:02.466355,-4.104902267456055,-67.8548355102539,0.0019344710744917,14.696,0.016,0.267,0.0,0,0,1,,0.83,2026-03-06T08:40:02.466355,fear,0.342,2026-03-06T08:40:01.331994,0.733,2026-03-06T08:40:01.985000,52,,,
participant_02,6,day,Town10HD_Opt,2026-03-06 08:40:03.295271,-6.754519462585449,-67.8747329711914,0.0018892289372161,15.611,0.021,0.264,0.0,0,0,1,,0.819,2026-03-06T08:40:03.295271,fear,0.342,2026-03-06T08:40:01.331994,0.727,2026-03-06T08:40:02.976000,52,,,
participant_02,6,day,Town10HD_Opt,2026-03-06 08:40:04.404959,-10.490689277648926,-67.9041519165039,0.0019048309186473,16.337,0.005,0.254,0.0,0,0,1,,1.0,2026-03-06T08:40:04.404959,neutral,0.861,2026-03-06T08:40:04.404959,0.719,2026-03-06T08:40:04.010000,51,,,
participant_02,6,day,Town10HD_Opt,2026-03-06 08:40:05.521520,-14.349130630493164,-67.93312072753906,0.0019100952195003,16.722,0.012,0.224,0.0,0,0,1,,0.865,2026-03-06T08:40:05.521520,neutral,0.861,2026-03-06T08:40:04.404959,0.713,2026-03-06T08:40:05.001000,50,,,
participant_02,6,day,Town10HD_Opt,2026-03-06 08:40:06.378507,-17.075355529785156,-67.95460510253906,0.0020332331769168,13.62,0.045,0.0,0.0,0,0,1,,1.0,2026-03-06T08:40:06.378507,neutral,0.861,2026-03-06T08:40:04.404959,0.699,2026-03-06T08:40:05.990000,49,,,
participant_02,6,day,Town10HD_Opt,2026-03-06 08:40:07.511891,-19.71009063720703,-67.97724151611328,0.0020579523406922,8.094,0.045,0.0,0.204,0,0,1,,0.843,2026-03-06T08:40:07.511891,fear,0.596,2026-03-06T08:40:07.511891,0.685,2026-03-06T08:40:06.981000,48,,,
participant_02,6,day,Town10HD_Opt,2026-03-06 08:40:08.348208,-20.740398406982425,-67.98697662353516,0.0023971158079802,0.001,0.035,0.0,0.203,0,0,1,,1.0,2026-03-06T08:40:08.348208,fear,0.596,2026-03-06T08:40:07.511891,0.67,2026-03-06T08:40:07.970000,48,,,
participant_02,6,day,Town10HD_Opt,2026-03-06 08:40:09.411131,-20.740936279296875,-67.98698425292969,0.0019260788103565,0.001,0.035,0.0,0.0,0,0,1,,0.815,2026-03-06T08:40:09.411131,fear,0.596,2026-03-06T08:40:07.511891,0.659,2026-03-06T08:40:09.006000,48,,,
participant_02,6,day,Town10HD_Opt,2026-03-06 08:40:10.269022,-20.740812301635746,-67.98698425292969,0.0019190978491678,0.002,0.035,0.0,0.0,0,0,1,,0.848,2026-03-06T08:40:10.269022,neutral,0.806,2026-03-06T08:40:10.269022,0.649,2026-03-06T08:40:10.041000,48,,,
participant_02,6,day,Town10HD_Opt,2026-03-06 08:40:11.386986,-20.739925384521484,-67.98698425292969,0.001917190500535,0.147,0.035,0.251,0.0,0,0,1,,0.827,2026-03-06T08:40:11.386986,neutral,0.806,2026-03-06T08:40:10.269022,0.651,2026-03-06T08:40:10.985000,48,,,
participant_02,6,day,Town10HD_Opt,2026-03-06 08:40:12.463998,-20.896085739135746,-67.98828125,0.0019115447066724,0.86,0.035,0.069,0.0,0,0,1,,0.856,2026-03-06T08:40:12.463998,neutral,0.632,2026-03-06T08:40:12.463998,0.657,2026-03-06T08:40:11.975000,48,,,
participant_02,6,day,Town10HD_Opt,2026-03-06 08:40:13.338830,-21.09718894958496,-67.9899673461914,0.0018818284152075,1.773,0.035,0.31,0.0,0,0,1,,1.0,2026-03-06T08:40:13.338830,neutral,0.632,2026-03-06T08:40:12.463998,0.668,2026-03-06T08:40:13.011000,48,,,
participant_02,6,day,Town10HD_Opt,2026-03-06 08:40:14.494128,-22.14141845703125,-67.99874114990234,0.0017728047678247,7.92,-0.002,0.454,0.0,0,0,1,,0.826,2026-03-06T08:40:14.494128,neutral,0.616,2026-03-06T08:40:14.494128,0.68,2026-03-06T08:40:14.001000,48,,,
participant_02,6,day,Town10HD_Opt,2026-03-06 08:40:15.358785,-23.97955322265625,-68.01232147216797,0.0016312036896124,15.323,-0.087,0.825,0.0,0,0,1,,0.83,2026-03-06T08:40:15.358785,neutral,0.616,2026-03-06T08:40:14.494128,0.691,2026-03-06T08:40:14.991000,48,,,
participant_02,6,day,Town10HD_Opt,2026-03-06 08:40:16.495624,-28.94577980041504,-68.04150390625,0.0016964352689683,29.156,-0.136,0.773,0.0,0,0,1,,0.846,2026-03-06T08:40:16.495624,neutral,0.471,2026-03-06T08:40:16.495624,0.7,2026-03-06T08:40:16.071000,48,,,
participant_02,6,day,Town10HD_Opt,2026-03-06 08:40:17.354924,-34.757568359375,-68.04891204833984,0.0017246258212253,38.467,-0.228,0.755,0.0,0,0,1,,0.915,2026-03-06T08:40:17.354924,neutral,0.471,2026-03-06T08:40:16.495624,0.711,2026-03-06T08:40:17.016000,48,,,
participant_02,6,day,Town10HD_Opt,2026-03-06 08:40:18.425069,-44.89302444458008,-67.98835754394531,0.0023667160421609,49.199,-0.012,0.741,0.0,0,0,1,,1.0,2026-03-06T08:40:18.425069,neutral,0.471,2026-03-06T08:40:16.495624,0.722,2026-03-06T08:40:18.006000,48,,,
participant_02,6,day,Town10HD_Opt,2026-03-06 08:40:19.301662,-53.59748840332031,-67.89257049560547,0.0021225733216851,47.931,-1.678,0.716,0.0,0,0,1,,1.0,2026-03-06T08:40:19.301662,neutral,0.83,2026-03-06T08:40:19.301662,0.734,2026-03-06T08:40:18.995000,47,,,
participant_02,6,day,Town10HD_Opt,2026-03-06 08:40:20.519570,-65.11067962646484,-67.02336883544922,0.0021387478336691,48.983,-0.801,0.672,0.0,0,0,1,,0.898,2026-03-06T08:40:20.519570,neutral,0.83,2026-03-06T08:40:19.301662,0.745,2026-03-06T08:40:19.985000,47,,,
participant_02,6,day,Town10HD_Opt,2026-03-06 08:40:21.425564,-73.76146697998047,-65.83180236816406,0.0021534343250095,48.346,-2.033,0.657,0.0,0,0,1,,0.92,2026-03-06T08:40:21.425564,neutral,0.886,2026-03-06T08:40:21.425564,0.751,2026-03-06T08:40:20.975000,47,,,
participant_02,6,day,Town10HD_Opt,2026-03-06 08:40:22.291253,-82.10183715820312,-63.96112060546875,0.001940231770277,50.697,-5.319,0.0,0.0,0,0,1,,0.938,2026-03-06T08:40:22.291253,neutral,0.886,2026-03-06T08:40:21.425564,0.756,2026-03-06T08:40:22.013000,47,,,
participant_02,6,day,Town10HD_Opt,2026-03-06 08:40:23.450838,-92.59707641601562,-58.99717712402344,0.0019722750876098,50.499,-5.392,0.0,0.0,0,0,1,,0.945,2026-03-06T08:40:23.450838,neutral,0.617,2026-03-06T08:40:23.450838,0.756,2026-03-06T08:40:23.001000,47,,,
participant_02,6,day,Town10HD_Opt,2026-03-06 08:40:24.335777,-99.28880310058594,-53.46242904663086,0.0019668580498546,50.799,-5.872,0.0,0.0,0,0,1,,0.921,2026-03-06T08:40:24.335777,neutral,0.617,2026-03-06T08:40:23.450838,0.756,2026-03-06T08:40:23.991000,48,,,
participant_02,6,day,Town10HD_Opt,2026-03-06 08:40:25.519734,-105.82429504394533,-44.03208923339844,0.0019499210175126,50.707,-5.371,0.0,0.0,0,0,1,,0.903,2026-03-06T08:40:25.519734,neutral,0.929,2026-03-06T08:40:25.519734,0.754,2026-03-06T08:40:24.981000,50,,,
participant_02,6,day,Town10HD_Opt,2026-03-06 08:40:26.442379,-108.67607879638672,-36.30740737915039,0.0023762881755828,41.383,-4.763,0.0,0.0,0,0,1,,0.885,2026-03-06T08:40:26.442379,neutral,0.929,2026-03-06T08:40:25.519734,0.743,2026-03-06T08:40:25.971000,51,,,
participant_02,6,day,Town10HD_Opt,2026-03-06 08:40:27.406873,-109.7591552734375,-29.951040267944336,0.002342642750591,31.921,-3.794,0.0,0.0,0,0,1,,0.95,2026-03-06T08:40:27.406873,neutral,0.929,2026-03-06T08:40:25.519734,0.732,2026-03-06T08:40:27.006000,53,,,
participant_02,6,day,Town10HD_Opt,2026-03-06 08:40:28.350332,-110.04447174072266,-24.98578643798828,0.0022822560276836,24.434,-1.149,0.0,0.0,0,0,1,,0.933,2026-03-06T08:40:28.350332,neutral,0.708,2026-03-06T08:40:28.350332,0.728,2026-03-06T08:40:27.996000,53,,,
participant_02,6,day,Town10HD_Opt,2026-03-06 08:40:29.322984,-110.13609313964844,-21.218305587768555,0.0022413246333599,18.222,0.141,0.0,0.0,0,0,1,,0.881,2026-03-06T08:40:29.322984,neutral,0.708,2026-03-06T08:40:28.350332,0.723,2026-03-06T08:40:29.031000,52,,,
participant_02,6,day,Town10HD_Opt,2026-03-06 08:40:30.334518,-110.20077514648438,-18.34329032897949,0.002042960608378,14.223,0.031,0.0,0.0,0,0,1,,0.829,2026-03-06T08:40:30.334518,neutral,0.708,2026-03-06T08:40:28.350332,0.716,2026-03-06T08:40:29.977000,52,,,
participant_02,6,day,Town10HD_Opt,2026-03-06 08:40:31.529571,-110.26207733154295,-15.490510940551758,0.0019836041610687,10.622,-0.36,0.089,0.0,0,0,1,,1.0,2026-03-06T08:40:31.529571,neutral,0.826,2026-03-06T08:40:31.529571,0.715,2026-03-06T08:40:31.101000,51,,,
participant_02,6,day,Town10HD_Opt,2026-03-06 08:40:32.415198,-110.28915405273438,-13.741764068603516,0.0019638058729469,9.25,-0.416,0.083,0.0,0,0,1,,0.833,2026-03-06T08:40:32.415198,neutral,0.826,2026-03-06T08:40:31.529571,0.713,2026-03-06T08:40:32,50,,,
participant_02,6,day,Town10HD_Opt,2026-03-06 08:40:33.338319,-110.30738830566406,-12.21972370147705,0.0019569776486605,8.004,-0.355,0.083,0.0,0,0,1,,0.863,2026-03-06T08:40:33.338319,neutral,0.826,2026-03-06T08:40:31.529571,0.709,2026-03-06T08:40:32.991000,50,,,
participant_02,6,day,Town10HD_Opt,2026-03-06 08:40:34.551973,-110.3253402709961,-10.484682083129885,0.0019496533786877,6.711,-0.063,0.082,0.0,0,0,1,,1.0,2026-03-06T08:40:34.551973,neutral,0.868,2026-03-06T08:40:34.551973,0.705,2026-03-06T08:40:33.980000,51,,,
participant_02,6,day,Town10HD_Opt,2026-03-06 08:40:35.433964,-110.33660125732422,-9.367720603942873,0.0019449995597824,5.95,-0.155,0.082,0.0,0,0,1,,0.893,2026-03-06T08:40:35.433964,neutral,0.868,2026-03-06T08:40:34.551973,0.701,2026-03-06T08:40:34.971000,51,,,
participant_02,6,day,Town10HD_Opt,2026-03-06 08:40:36.338462,-110.34532928466795,-8.382349967956543,0.0019409558735787,5.264,-0.155,0.082,0.0,0,0,1,,0.864,2026-03-06T08:40:36.338462,neutral,0.868,2026-03-06T08:40:34.551973,0.707,2026-03-06T08:40:36.052000,51,,,
participant_02,6,day,Town10HD_Opt,2026-03-06 08:40:37.535650,-110.3543701171875,-7.239467620849609,0.0019375229021534,4.464,-0.155,0.083,0.0,0,0,1,,0.892,2026-03-06T08:40:37.535650,neutral,0.779,2026-03-06T08:40:37.535650,0.711,2026-03-06T08:40:36.996000,52,,,
participant_02,6,day,Town10HD_Opt,2026-03-06 08:40:38.501095,-110.35972595214844,-6.491695404052734,0.0019338988931849,4.024,-0.155,0.083,0.0,0,0,1,,0.897,2026-03-06T08:40:38.501095,neutral,0.779,2026-03-06T08:40:37.535650,0.708,2026-03-06T08:40:37.985000,52,,,
participant_02,6,day,Town10HD_Opt,2026-03-06 08:40:39.357021,-110.3640594482422,-5.8147711753845215,0.0019277571700513,3.908,-0.155,0.0,0.0,0,0,1,,0.838,2026-03-06T08:40:39.357021,neutral,0.779,2026-03-06T08:40:37.535650,0.707,2026-03-06T08:40:38.976000,52,,,
participant_02,6,day,Town10HD_Opt,2026-03-06 08:40:40.301862,-110.36570739746094,-5.527390480041504,0.0019947811961174,0.0,-0.155,0.0,0.049,0,0,1,,0.85,2026-03-06T08:40:40.301862,neutral,0.594,2026-03-06T08:40:40.301862,0.707,2026-03-06T08:40:40.011000,52,,,
participant_02,6,day,Town10HD_Opt,2026-03-06 08:40:41.454948,-110.36570739746094,-5.526575088500977,0.001919784466736,0.007,-0.155,0.0,0.0,0,0,1,,0.862,2026-03-06T08:40:41.454948,neutral,0.594,2026-03-06T08:40:40.301862,0.708,2026-03-06T08:40:41.001000,52,,,
participant_02,6,day,Town10HD_Opt,2026-03-06 08:40:42.327116,-110.36570739746094,-5.526594638824463,0.0019187927246093,0.006,-0.134,0.0,0.0,0,0,1,,1.0,2026-03-06T08:40:42.327116,neutral,0.795,2026-03-06T08:40:42.327116,0.709,2026-03-06T08:40:41.991000,52,,,
participant_02,6,day,Town10HD_Opt,2026-03-06 08:40:43.518917,-110.36570739746094,-5.526492595672607,0.0019187927246093,0.006,-0.132,0.0,0.0,0,0,1,,1.0,2026-03-06T08:40:43.518917,neutral,0.795,2026-03-06T08:40:42.327116,0.715,2026-03-06T08:40:42.981000,51,,,
participant_02,6,day,Town10HD_Opt,2026-03-06 08:40:44.418060,-110.36570739746094,-5.526559829711914,0.0019189452286809,0.006,-0.115,0.0,0.0,0,0,1,,0.864,2026-03-06T08:40:44.418060,neutral,0.586,2026-03-06T08:40:44.418060,0.719,2026-03-06T08:40:43.971000,51,,,
participant_02,6,day,Town10HD_Opt,2026-03-06 08:40:45.323491,-110.36570739746094,-5.526400089263916,0.0019190978491678,0.002,-0.082,0.0,0.0,0,0,1,,0.88,2026-03-06T08:40:45.323491,neutral,0.586,2026-03-06T08:40:44.418060,0.724,2026-03-06T08:40:45.006000,50,,,
participant_02,6,day,Town10HD_Opt,2026-03-06 08:40:46.540827,-110.36570739746094,-5.52631950378418,0.0019190596649423,0.002,-0.073,0.0,0.0,0,0,1,,0.913,2026-03-06T08:40:46.540827,neutral,0.83,2026-03-06T08:40:46.540827,0.729,2026-03-06T08:40:45.999000,50,,,
participant_02,6,day,Town10HD_Opt,2026-03-06 08:40:47.497160,-110.36570739746094,-5.526111125946045,0.0019192122854292,0.001,-0.038,0.0,0.0,0,0,1,,1.0,2026-03-06T08:40:47.497160,neutral,0.83,2026-03-06T08:40:46.540827,0.736,2026-03-06T08:40:46.986000,50,,,
participant_02,6,day,Town10HD_Opt,2026-03-06 08:40:48.423936,-110.36570739746094,-5.526084899902344,0.0019189071608707,0.006,0.002,0.0,0.0,0,0,1,,0.855,2026-03-06T08:40:48.423936,neutral,0.83,2026-03-06T08:40:46.540827,0.74,2026-03-06T08:40:47.976000,50,,,
participant_02,6,day,Town10HD_Opt,2026-03-06 08:40:49.348052,-110.36570739746094,-5.526141166687012,0.0019187163561582,0.006,0.054,0.0,0.0,0,0,1,,0.909,2026-03-06T08:40:49.348052,neutral,0.896,2026-03-06T08:40:49.348052,0.735,2026-03-06T08:40:49.011000,50,,,
participant_02,6,day,Town10HD_Opt,2026-03-06 08:40:50.300755,-110.36570739746094,-5.5260748863220215,0.0019189834129065,0.002,0.054,0.0,0.0,0,0,1,,1.0,2026-03-06T08:40:50.300755,neutral,0.896,2026-03-06T08:40:49.348052,0.731,2026-03-06T08:40:50.002000,50,,,
participant_02,6,day,Town10HD_Opt,2026-03-06 08:40:51.467346,-110.36691284179688,-5.377023696899414,0.0016407022485509,5.711,0.078,1.0,0.0,0,0,1,,0.845,2026-03-06T08:40:51.467346,neutral,0.674,2026-03-06T08:40:51.467346,0.728,2026-03-06T08:40:50.991000,50,,,
participant_02,6,day,Town10HD_Opt,2026-03-06 08:40:52.452531,-110.38632202148438,-3.0926735401153564,0.0016743867890909,20.773,0.082,1.0,0.0,0,0,1,,0.902,2026-03-06T08:40:52.452531,neutral,0.674,2026-03-06T08:40:51.467346,0.725,2026-03-06T08:40:51.981000,50,,,
participant_02,6,day,Town10HD_Opt,2026-03-06 08:40:53.360858,-110.43402099609376,1.74998140335083,0.0015103931073099,36.495,0.082,0.932,0.0,0,0,1,,0.887,2026-03-06T08:40:53.360858,neutral,0.674,2026-03-06T08:40:51.467346,0.718,2026-03-06T08:40:52.971000,50,Harsh braking,decel_mps2=7.9,
participant_02,6,day,Town10HD_Opt,2026-03-06 08:40:54.317643,-110.39911651611328,8.908342361450195,0.0019865802023559,41.582,-4.957,0.0,0.0,0,0,1,,1.0,2026-03-06T08:40:54.317643,neutral,0.531,2026-03-06T08:40:54.317643,0.711,2026-03-06T08:40:54.006000,50,,,
participant_02,6,day,Town10HD_Opt,2026-03-06 08:40:55.291893,-109.35578918457033,15.318743705749512,0.0023493184708058,32.099,-11.868,0.0,0.0,0,0,1,,0.928,2026-03-06T08:40:55.291893,neutral,0.531,2026-03-06T08:40:54.317643,0.702,2026-03-06T08:40:54.998000,50,,,
participant_02,6,day,Town10HD_Opt,2026-03-06 08:40:56.565710,-106.19241333007812,20.75029754638672,0.0022940435446798,22.019,-14.043,0.0,0.0,0,0,1,,0.875,2026-03-06T08:40:56.565710,neutral,0.619,2026-03-06T08:40:56.565710,0.693,2026-03-06T08:40:55.987000,49,,,
participant_02,6,day,Town10HD_Opt,2026-03-06 08:40:57.513461,-103.58783721923828,22.90735626220703,0.0019749826751649,16.82,-13.251,0.0,0.0,0,0,1,,0.924,2026-03-06T08:40:57.513461,neutral,0.619,2026-03-06T08:40:56.565710,0.685,2026-03-06T08:40:56.976000,49,,,
participant_02,6,day,Town10HD_Opt,2026-03-06 08:40:58.485553,-101.26416778564452,24.10556602478028,0.0020479196682572,12.921,-11.622,0.0,0.0,0,0,1,,0.931,2026-03-06T08:40:58.485553,neutral,0.619,2026-03-06T08:40:56.565710,0.678,2026-03-06T08:40:58.146000,49,,,
participant_02,6,day,Town10HD_Opt,2026-03-06 08:40:59.484284,-99.35586547851562,24.773983001708984,0.0019794462714344,10.887,-10.694,0.527,0.0,0,0,1,,0.921,2026-03-06T08:40:59.484284,neutral,0.726,2026-03-06T08:40:59.484284,0.678,2026-03-06T08:40:59.001000,49,,,
participant_02,6,day,Town10HD_Opt,2026-03-06 08:41:00.526819,-96.78392028808594,25.33036231994629,0.0018276607152074,20.879,-10.757,0.905,0.0,0,0,1,,0.896,2026-03-06T08:41:00.526819,neutral,0.726,2026-03-06T08:40:59.484284,0.682,2026-03-06T08:40:59.992000,51,,,
participant_02,6,day,Town10HD_Opt,2026-03-06 08:41:01.570597,-92.34800720214844,25.53915977478028,0.001864090678282,28.367,-5.399,0.0,0.0,0,0,1,,0.945,2026-03-06T08:41:01.570597,neutral,0.406,2026-03-06T08:41:01.570597,0.687,2026-03-06T08:41:00.984000,51,,,
participant_02,6,day,Town10HD_Opt,2026-03-06 08:41:02.296466,-89.22985076904297,25.36375999450684,0.0022072594147175,24.387,-0.021,0.0,0.0,0,0,1,,0.902,2026-03-06T08:41:02.296466,neutral,0.406,2026-03-06T08:41:01.570597,0.696,2026-03-06T08:41:01.972000,51,,,
participant_02,6,day,Town10HD_Opt,2026-03-06 08:41:03.306823,-85.41360473632812,25.17880630493164,0.0021758647635579,19.79,0.498,0.195,0.0,0,0,1,,1.0,2026-03-06T08:41:03.306823,neutral,0.406,2026-03-06T08:41:01.570597,0.706,2026-03-06T08:41:03.006000,51,,,
participant_02,6,day,Town10HD_Opt,2026-03-06 08:41:04.345224,-82.18074035644531,25.01578712463379,0.0018607327947393,17.504,-0.949,0.13,0.0,0,0,1,,0.852,2026-03-06T08:41:04.345224,neutral,0.603,2026-03-06T08:41:04.345224,0.718,2026-03-06T08:41:03.996000,51,,,
participant_02,6,day,Town10HD_Opt,2026-03-06 08:41:05.323466,-79.26007080078125,24.820045471191406,0.0019694135989993,15.839,-0.768,0.166,0.0,0,0,1,,0.877,2026-03-06T08:41:05.323466,neutral,0.603,2026-03-06T08:41:04.345224,0.73,2026-03-06T08:41:04.986000,51,,,
participant_02,6,day,Town10HD_Opt,2026-03-06 08:41:06.382844,-76.59597778320312,24.620874404907227,0.0019654082134366,14.494,1.206,0.13,0.0,0,0,1,,0.926,2026-03-06T08:41:06.382844,neutral,0.849,2026-03-06T08:41:06.382844,0.742,2026-03-06T08:41:06.021000,52,,,
participant_02,6,day,Town10HD_Opt,2026-03-06 08:41:07.368903,-74.17540740966797,24.513107299804688,0.0019633099436759,13.109,2.426,0.129,0.0,0,0,1,,0.918,2026-03-06T08:41:07.368903,neutral,0.849,2026-03-06T08:41:06.382844,0.753,2026-03-06T08:41:07.011000,53,,,
participant_02,6,day,Town10HD_Opt,2026-03-06 08:41:08.357000,-71.9744873046875,24.471866607666016,0.0019551084842532,11.98,1.631,0.129,0.0,0,0,1,,0.941,2026-03-06T08:41:08.357000,neutral,0.849,2026-03-06T08:41:06.382844,0.764,2026-03-06T08:41:08.001000,53,Harsh braking,decel_mps2=7.3,
participant_02,6,day,Town10HD_Opt,2026-03-06 08:41:09.332042,-70.04838562011719,24.46922874450684,0.0020126339513808,9.424,1.622,0.0,0.047,0,0,1,,0.926,2026-03-06T08:41:09.332042,neutral,0.702,2026-03-06T08:41:09.332042,0.777,2026-03-06T08:41:08.991000,53,,,
participant_02,6,day,Town10HD_Opt,2026-03-06 08:41:10.273937,-68.63101959228516,24.48903465270996,0.0020114895887672,6.396,1.608,0.0,0.07,0,0,1,,0.875,2026-03-06T08:41:10.273937,neutral,0.702,2026-03-06T08:41:09.332042,0.78,2026-03-06T08:41:09.982000,52,,,
participant_02,6,day,Town10HD_Opt,2026-03-06 08:41:11.543314,-68.015869140625,24.503341674804688,0.0019911571871489,0.0,1.605,0.0,0.063,0,0,1,,0.937,2026-03-06T08:41:11.543314,neutral,0.773,2026-03-06T08:41:11.543314,0.778,2026-03-06T08:41:11.016000,52,,,
participant_02,6,day,Town10HD_Opt,2026-03-06 08:41:12.527408,-68.01570129394531,24.50335693359375,0.0019215393112972,0.001,1.565,0.0,0.0,0,0,1,,0.948,2026-03-06T08:41:12.527408,neutral,0.773,2026-03-06T08:41:11.543314,0.773,2026-03-06T08:41:12.006000,52,,,
participant_02,6,day,Town10HD_Opt,2026-03-06 08:41:13.457747,-67.79692077636719,24.50926780700684,0.0015783321578055,6.899,1.396,1.0,0.0,0,0,1,,0.922,2026-03-06T08:41:13.457747,neutral,0.773,2026-03-06T08:41:11.543314,0.77,2026-03-06T08:41:12.996000,51,,,
participant_02,6,day,Town10HD_Opt,2026-03-06 08:41:14.442502,-65.31295013427734,24.587820053100582,0.0017108551692217,22.415,0.738,1.0,0.0,0,0,1,,0.913,2026-03-06T08:41:14.442502,neutral,0.921,2026-03-06T08:41:14.442502,0.768,2026-03-06T08:41:14.032000,50,,,
participant_02,6,day,Town10HD_Opt,2026-03-06 08:41:15.353984,-60.262298583984375,24.756561279296875,0.001476633013226,37.808,-0.134,1.0,0.0,0,0,1,,0.916,2026-03-06T08:41:15.353984,neutral,0.921,2026-03-06T08:41:14.442502,0.763,2026-03-06T08:41:15.021000,50,,,
participant_02,6,day,Town10HD_Opt,2026-03-06 08:41:16.282302,-52.48263168334961,25.03622436523437,0.0015376299852505,51.664,0.508,0.0,0.166,0,0,1,,0.872,2026-03-06T08:41:16.282302,neutral,0.921,2026-03-06T08:41:14.442502,0.761,2026-03-06T08:41:16.012000,49,,,
participant_02,6,day,Town10HD_Opt,2026-03-06 08:41:17.445595,-40.65616607666016,25.72431373596192,0.0019659425597637,50.719,0.186,0.0,0.119,0,0,1,,0.936,2026-03-06T08:41:17.445595,neutral,0.913,2026-03-06T08:41:17.445595,0.76,2026-03-06T08:41:17.002000,50,,,
participant_02,6,day,Town10HD_Opt,2026-03-06 08:41:18.339019,-31.98908424377441,26.323760986328125,0.0018204123480245,52.347,-0.282,0.0,0.24,0,0,1,,0.886,2026-03-06T08:41:18.339019,neutral,0.913,2026-03-06T08:41:17.445595,0.759,2026-03-06T08:41:17.992000,51,,,
participant_02,6,day,Town10HD_Opt,2026-03-06 08:41:19.316103,-23.24960708618164,26.874589920043945,0.0018994909478351,51.823,0.087,0.0,0.137,0,0,1,,0.925,2026-03-06T08:41:19.316103,neutral,0.913,2026-03-06T08:41:17.445595,0.748,2026-03-06T08:41:18.983000,51,,,
participant_02,6,day,Town10HD_Opt,2026-03-06 08:41:20.525698,-12.34069538116455,27.584205627441406,0.0022210297174751,38.655,-0.108,0.0,0.0,0,0,1,,0.865,2026-03-06T08:41:20.525698,neutral,0.834,2026-03-06T08:41:20.525698,0.742,2026-03-06T08:41:20.062000,51,,,
participant_02,6,day,Town10HD_Opt,2026-03-06 08:41:21.454015,-6.182863712310791,27.96372413635254,0.0022290030028671,31.903,-0.322,0.441,0.0,0,0,1,,0.887,2026-03-06T08:41:21.454015,neutral,0.834,2026-03-06T08:41:20.525698,0.749,2026-03-06T08:41:21.006000,51,,,
participant_02,6,day,Town10HD_Opt,2026-03-06 08:41:22.390121,-0.5887485146522522,28.243343353271484,0.0020199203863739,32.498,-0.618,0.434,0.0,0,0,1,,0.826,2026-03-06T08:41:22.390121,neutral,0.834,2026-03-06T08:41:20.525698,0.759,2026-03-06T08:41:21.994000,50,,,
participant_02,6,day,Town10HD_Opt,2026-03-06 08:41:23.337547,5.166007518768311,28.432159423828125,0.0020170211791992,33.377,-0.611,0.429,0.0,0,0,1,,1.0,2026-03-06T08:41:23.337547,neutral,0.704,2026-03-06T08:41:23.337547,0.768,2026-03-06T08:41:22.987000,50,,,
participant_02,6,day,Town10HD_Opt,2026-03-06 08:41:24.489369,13.034537315368652,28.528600692749023,0.0020243453327566,34.135,-0.432,0.426,0.0,0,0,1,,0.837,2026-03-06T08:41:24.489369,neutral,0.704,2026-03-06T08:41:23.337547,0.779,2026-03-06T08:41:24.022000,50,,,
participant_02,6,day,Town10HD_Opt,2026-03-06 08:41:25.438744,19.041963577270508,28.519962310791016,0.0020371244754642,34.393,0.193,0.358,0.0,0,0,1,,0.88,2026-03-06T08:41:25.438744,neutral,0.795,2026-03-06T08:41:25.438744,0.792,2026-03-06T08:41:25.012000,50,,,
participant_02,6,day,Town10HD_Opt,2026-03-06 08:41:26.442619,24.895282745361328,28.56233024597168,0.0021551509853452,31.549,3.325,0.202,0.0,0,0,1,,0.976,2026-03-06T08:41:26.442619,neutral,0.795,2026-03-06T08:41:25.438744,0.805,2026-03-06T08:41:26.001000,50,,,
participant_02,6,day,Town10HD_Opt,2026-03-06 08:41:27.371890,30.0723819732666,29.074098587036133,0.0020337291061878,27.663,8.615,0.203,0.0,0,0,1,,0.941,2026-03-06T08:41:27.371890,neutral,0.795,2026-03-06T08:41:25.438744,0.817,2026-03-06T08:41:26.993000,50,,,
participant_02,6,day,Town10HD_Opt,2026-03-06 08:41:28.291695,34.38377380371094,30.5232162475586,0.0021509164944291,24.575,15.753,0.284,0.0,0,0,1,,0.844,2026-03-06T08:41:28.291695,neutral,0.806,2026-03-06T08:41:28.291695,0.829,2026-03-06T08:41:27.981000,50,,,
participant_02,6,day,Town10HD_Opt,2026-03-06 08:41:29.500202,38.30358123779297,34.206539154052734,0.0021336360368877,22.253,20.46,0.281,0.0,0,0,1,,0.882,2026-03-06T08:41:29.500202,neutral,0.806,2026-03-06T08:41:28.291695,0.849,2026-03-06T08:41:29.017000,51,,,
participant_02,6,day,Town10HD_Opt,2026-03-06 08:41:30.421627,39.61089706420898,37.7316780090332,0.0021146007347851,20.976,17.201,0.273,0.0,0,0,1,,0.911,2026-03-06T08:41:30.421627,neutral,0.836,2026-03-06T08:41:30.421627,0.869,2026-03-06T08:41:30.008000,52,,,
participant_02,6,day,Town10HD_Opt,2026-03-06 08:41:31.332722,40.05664443969727,41.241947174072266,0.0021595759317278,18.625,2.32,0.0,0.0,0,0,1,,0.878,2026-03-06T08:41:31.332722,neutral,0.836,2026-03-06T08:41:30.421627,0.877,2026-03-06T08:41:30.996000,52,,,
participant_02,6,day,Town10HD_Opt,2026-03-06 08:41:32.491367,40.31018829345703,44.95891952514648,0.0020306773949414,13.329,3.919,0.066,0.0,0,0,1,,0.898,2026-03-06T08:41:32.491367,neutral,0.52,2026-03-06T08:41:32.491367,0.883,2026-03-06T08:41:31.986000,52,,,
participant_02,6,day,Town10HD_Opt,2026-03-06 08:41:33.400244,40.35352325439453,47.08535385131836,0.0020164486486464,10.527,0.865,0.0,0.0,0,0,1,,0.895,2026-03-06T08:41:33.400244,neutral,0.52,2026-03-06T08:41:32.491367,0.887,2026-03-06T08:41:33.022000,53,,,
participant_02,6,day,Town10HD_Opt,2026-03-06 08:41:34.306892,40.37986755371094,48.72378921508789,0.0020016857888549,7.991,0.999,0.075,0.0,0,0,1,,0.853,2026-03-06T08:41:34.306892,neutral,0.52,2026-03-06T08:41:32.491367,0.89,2026-03-06T08:41:34.012000,54,,,
participant_02,6,day,Town10HD_Opt,2026-03-06 08:41:35.487780,40.39064025878906,50.36783599853516,0.0019741056021302,5.857,0.978,0.0,0.0,0,0,1,,0.91,2026-03-06T08:41:35.487780,neutral,0.912,2026-03-06T08:41:35.487780,0.891,2026-03-06T08:41:35.001000,54,,,
participant_02,6,day,Town10HD_Opt,2026-03-06 08:41:36.361356,40.39011764526367,51.28009796142578,0.0019621273968368,4.496,0.978,0.0,0.0,0,0,1,,0.865,2026-03-06T08:41:36.361356,neutral,0.912,2026-03-06T08:41:35.487780,0.891,2026-03-06T08:41:35.992000,55,,,
participant_02,6,day,Town10HD_Opt,2026-03-06 08:41:37.514264,40.38501739501953,52.17557144165039,0.0019493482541292,3.114,0.978,0.0,0.0,0,0,1,,0.899,2026-03-06T08:41:37.514264,neutral,0.925,2026-03-06T08:41:37.514264,0.891,2026-03-06T08:41:36.982000,56,,,
participant_02,6,day,Town10HD_Opt,2026-03-06 08:41:38.368368,40.38257598876953,52.45167922973633,0.0020055386703461,0.0,0.959,0.0,0.103,0,0,1,,0.949,2026-03-06T08:41:38.368368,neutral,0.925,2026-03-06T08:41:37.514264,0.891,2026-03-06T08:41:38.016000,56,,,
participant_02,6,day,Town10HD_Opt,2026-03-06 08:41:39.499164,40.38197708129883,52.5024299621582,0.001768379821442,3.233,0.853,1.0,0.0,0,0,1,,0.876,2026-03-06T08:41:39.499164,neutral,0.925,2026-03-06T08:41:37.514264,0.891,2026-03-06T08:41:39.007000,55,,,
participant_02,6,day,Town10HD_Opt,2026-03-06 08:41:40.381488,40.36442947387695,54.33930969238281,0.0014461918035522,19.261,-2.344,0.973,0.0,0,0,1,,0.81,2026-03-06T08:41:40.381488,neutral,0.568,2026-03-06T08:41:40.381488,0.875,2026-03-06T08:41:39.998000,54,,,
participant_02,6,day,Town10HD_Opt,2026-03-06 08:41:41.332618,40.73479461669922,58.30817794799805,0.001878929673694,25.496,-10.506,0.468,0.0,0,0,1,,0.954,2026-03-06T08:41:41.332618,neutral,0.568,2026-03-06T08:41:40.381488,0.859,2026-03-06T08:41:40.986000,53,,,
participant_02,6,day,Town10HD_Opt,2026-03-06 08:41:42.450625,43.05368041992188,64.15763092041016,0.0019878770690411,28.822,-13.475,0.479,0.0,0,0,1,,0.936,2026-03-06T08:41:42.450625,sad,0.626,2026-03-06T08:41:42.450625,0.843,2026-03-06T08:41:41.978000,53,,,
participant_02,6,day,Town10HD_Opt,2026-03-06 08:41:43.341487,46.61740493774414,67.86772155761719,0.0020383452065289,30.2,-16.401,0.366,0.0,0,0,1,,0.921,2026-03-06T08:41:43.341487,sad,0.626,2026-03-06T08:41:42.450625,0.827,2026-03-06T08:41:43.012000,54,,,
participant_02,6,day,Town10HD_Opt,2026-03-06 08:41:44.278865,51.36407470703125,69.9485092163086,0.0021163173951208,28.951,-11.363,0.231,0.0,0,0,1,,0.896,2026-03-06T08:41:44.278865,sad,0.626,2026-03-06T08:41:42.450625,0.811,2026-03-06T08:41:44.001000,55,,,
participant_02,6,day,Town10HD_Opt,2026-03-06 08:41:45.462890,57.51288604736328,70.49752044677734,0.00219028419815,23.577,-5.917,0.204,0.0,0,0,1,,0.889,2026-03-06T08:41:45.462890,sad,0.336,2026-03-06T08:41:45.462890,0.795,2026-03-06T08:41:44.992000,55,,,
participant_02,6,day,Town10HD_Opt,2026-03-06 08:41:46.348300,61.46604919433594,70.26716613769531,0.0020687482319772,22.242,1.652,0.341,0.0,0,0,1,,0.846,2026-03-06T08:41:46.348300,sad,0.336,2026-03-06T08:41:45.462890,0.78,2026-03-06T08:41:45.982000,57,,,
participant_02,6,day,Town10HD_Opt,2026-03-06 08:41:47.507720,66.71763610839844,70.121826171875,0.002018318278715,23.039,0.602,0.378,0.0,0,0,1,,0.835,2026-03-06T08:41:47.507720,neutral,0.901,2026-03-06T08:41:47.507720,0.764,2026-03-06T08:41:47.062000,58,,,
participant_02,6,day,Town10HD_Opt,2026-03-06 08:41:48.336706,70.80083465576172,70.06865692138672,0.0020391463767737,23.383,0.338,0.288,0.0,0,0,1,,0.883,2026-03-06T08:41:48.336706,neutral,0.901,2026-03-06T08:41:47.507720,0.748,2026-03-06T08:41:48.006000,58,,,
participant_02,6,day,Town10HD_Opt,2026-03-06 08:41:49.419891,76.11720275878906,70.04415130615234,0.0020643232855945,22.35,0.367,0.472,0.0,0,0,1,,0.919,2026-03-06T08:41:49.419891,neutral,0.901,2026-03-06T08:41:47.507720,0.732,2026-03-06T08:41:48.997000,56,,,
participant_02,6,day,Town10HD_Opt,2026-03-06 08:41:50.270586,80.20828247070312,70.06204986572266,0.0019631197210401,24.768,0.367,0.456,0.0,0,0,1,,0.851,2026-03-06T08:41:50.270586,neutral,0.696,2026-03-06T08:41:50.270586,0.732,2026-03-06T08:41:49.987000,55,,,
participant_02,6,day,Town10HD_Opt,2026-03-06 08:41:51.410363,86.29753875732422,70.293212890625,0.0019855499267578,27.485,7.069,0.442,0.0,0,0,1,,0.833,2026-03-06T08:41:51.410363,neutral,0.696,2026-03-06T08:41:50.270586,0.732,2026-03-06T08:41:51.022000,53,,,
participant_02,6,day,Town10HD_Opt,2026-03-06 08:41:52.530118,92.63433074951172,72.06046295166016,0.0020188521593809,29.228,12.444,0.445,0.0,0,0,1,,0.891,2026-03-06T08:41:52.530118,neutral,0.648,2026-03-06T08:41:52.530118,0.732,2026-03-06T08:41:52.012000,51,Solid line crossing,Solid line crossing,
participant_02,6,day,Town10HD_Opt,2026-03-06 08:41:53.453866,96.68887329101562,75.19938659667969,0.0020537183154374,30.071,18.969,0.449,0.0,0,0,1,,0.818,2026-03-06T08:41:53.453866,neutral,0.648,2026-03-06T08:41:52.530118,0.732,2026-03-06T08:41:53.002000,50,,,
participant_02,6,day,Town10HD_Opt,2026-03-06 08:41:54.387897,98.96172332763672,79.95845031738281,0.002058524871245,30.966,18.181,0.45,0.0,0,0,1,,0.862,2026-03-06T08:41:54.387897,neutral,0.648,2026-03-06T08:41:52.530118,0.732,2026-03-06T08:41:53.992000,50,,,
participant_02,6,day,Town10HD_Opt,2026-03-06 08:41:55.525342,98.99698638916016,87.33479309082031,0.0020082092378288,32.698,1.457,0.445,0.0,0,0,1,,1.0,2026-03-06T08:41:55.525342,neutral,0.601,2026-03-06T08:41:55.525342,0.732,2026-03-06T08:41:54.982000,51,,,
participant_02,6,day,Town10HD_Opt,2026-03-06 08:41:56.405831,98.45132446289062,93.11368560791016,0.0020253753755241,33.4,1.311,0.327,0.0,0,0,1,,1.0,2026-03-06T08:41:56.405831,neutral,0.601,2026-03-06T08:41:55.525342,0.732,2026-03-06T08:41:56.017000,51,,,
participant_02,6,day,Town10HD_Opt,2026-03-06 08:41:57.503264,97.3162612915039,100.60140228271484,0.0020947263110429,31.373,3.73,0.326,0.0,0,0,1,,0.888,2026-03-06T08:41:57.503264,neutral,0.601,2026-03-06T08:41:55.525342,0.732,2026-03-06T08:41:57.007000,51,,,
participant_02,6,day,Town10HD_Opt,2026-03-06 08:41:58.359350,95.88055419921876,105.7825927734375,0.002089538378641,29.997,4.461,0.327,0.0,0,0,1,,0.885,2026-03-06T08:41:58.359350,neutral,0.678,2026-03-06T08:41:58.359350,0.732,2026-03-06T08:41:57.996000,50,,,
participant_02,6,day,Town10HD_Opt,2026-03-06 08:41:59.488782,93.17195892333984,112.05545043945312,0.0020741650369018,28.676,4.822,0.343,0.0,0,0,1,,0.884,2026-03-06T08:41:59.488782,neutral,0.678,2026-03-06T08:41:58.359350,0.732,2026-03-06T08:41:58.987000,50,,,
participant_02,6,day,Town10HD_Opt,2026-03-06 08:42:00.376034,90.5759048461914,116.28558349609376,0.0020650099031627,28.039,5.08,0.35,0.0,0,0,1,,1.0,2026-03-06T08:42:00.376034,neutral,0.465,2026-03-06T08:42:00.376034,0.732,2026-03-06T08:42:00.023000,49,,,
participant_02,6,day,Town10HD_Opt,2026-03-06 08:42:01.335568,87.52433776855469,120.0808334350586,0.0020619963761419,27.6,5.834,0.351,0.0,0,0,1,,0.894,2026-03-06T08:42:01.335568,neutral,0.465,2026-03-06T08:42:00.376034,0.726,2026-03-06T08:42:01.012000,48,,,
participant_02,6,day,Town10HD_Opt,2026-03-06 08:42:02.525677,82.73661041259766,124.28816223144533,0.0020561979617923,27.196,6.941,0.379,0.0,0,0,1,,0.874,2026-03-06T08:42:02.525677,neutral,0.583,2026-03-06T08:42:02.525677,0.718,2026-03-06T08:42:02.001000,49,,,
participant_02,6,day,Town10HD_Opt,2026-03-06 08:42:03.479150,78.64088439941406,126.7380828857422,0.0020343016367405,27.509,4.442,0.393,0.0,0,0,1,,1.0,2026-03-06T08:42:03.479150,neutral,0.583,2026-03-06T08:42:02.525677,0.705,2026-03-06T08:42:02.992000,50,,,
participant_02,6,day,Town10HD_Opt,2026-03-06 08:42:04.405413,74.20256042480469,128.7098846435547,0.0020238875877112,28.179,6.684,0.417,0.0,0,0,1,,0.925,2026-03-06T08:42:04.405413,neutral,0.583,2026-03-06T08:42:02.525677,0.687,2026-03-06T08:42:03.982000,50,,,
participant_02,6,day,Town10HD_Opt,2026-03-06 08:42:05.339868,69.32566833496094,130.00379943847656,0.0019439317984506,30.651,6.312,0.613,0.0,0,0,1,,0.913,2026-03-06T08:42:05.339868,neutral,0.755,2026-03-06T08:42:05.339868,0.669,2026-03-06T08:42:05.017000,51,,,
participant_02,6,day,Town10HD_Opt,2026-03-06 08:42:06.310331,63.61692810058594,130.64024353027344,0.0019172672182321,34.934,2.468,0.446,0.0,0,0,1,,0.958,2026-03-06T08:42:06.310331,neutral,0.755,2026-03-06T08:42:05.339868,0.651,2026-03-06T08:42:06.007000,54,,,
participant_02,6,day,Town10HD_Opt,2026-03-06 08:42:07.525013,55.32217025756836,130.80398559570312,0.0020186617039144,36.111,1.288,0.445,0.0,0,0,1,,1.0,2026-03-06T08:42:07.525013,neutral,0.897,2026-03-06T08:42:07.525013,0.634,2026-03-06T08:42:06.997000,55,,,
participant_02,6,day,Town10HD_Opt,2026-03-06 08:42:08.464082,48.95540237426758,130.60968017578125,0.0020229339133948,36.733,0.183,0.445,0.0,0,0,1,,0.872,2026-03-06T08:42:08.464082,neutral,0.897,2026-03-06T08:42:07.525013,0.616,2026-03-06T08:42:07.987000,56,,,
participant_02,6,day,Town10HD_Opt,2026-03-06 08:42:09.327809,42.48771286010742,130.3811798095703,0.0020254515111446,37.27,-0.825,0.445,0.0,0,0,1,,1.0,2026-03-06T08:42:09.327809,neutral,0.897,2026-03-06T08:42:07.525013,0.598,2026-03-06T08:42:08.977000,57,,,
participant_02,6,day,Town10HD_Opt,2026-03-06 08:42:10.544214,33.724605560302734,130.29930114746094,0.0020285034552216,37.896,-0.153,0.445,0.0,0,0,1,,1.0,2026-03-06T08:42:10.544214,neutral,0.757,2026-03-06T08:42:10.544214,0.575,2026-03-06T08:42:10.102000,58,,,
participant_02,6,day,Town10HD_Opt,2026-03-06 08:42:11.429743,27.065719604492188,130.31253051757812,0.0020304108038544,38.276,-0.009,0.445,0.0,0,0,1,,1.0,2026-03-06T08:42:11.429743,neutral,0.757,2026-03-06T08:42:10.544214,0.552,2026-03-06T08:42:11.002000,60,,,
participant_02,6,day,Town10HD_Opt,2026-03-06 08:42:12.305182,20.34415435791016,130.3285369873047,0.0020319747272878,38.586,0.056,0.445,0.0,0,0,1,,1.0,2026-03-06T08:42:12.305182,neutral,0.757,2026-03-06T08:42:10.544214,0.531,2026-03-06T08:42:11.992000,63,,,
participant_02,6,day,Town10HD_Opt,2026-03-06 08:42:13.469422,11.299034118652344,130.325927734375,0.0020338057074695,38.959,0.179,0.444,0.0,0,0,1,,1.0,2026-03-06T08:42:13.469422,neutral,0.777,2026-03-06T08:42:13.469422,0.514,2026-03-06T08:42:12.983000,64,,,
participant_02,6,day,Town10HD_Opt,2026-03-06 08:42:14.322213,4.631786823272705,130.2779998779297,0.0022307196632027,34.955,0.282,0.0,0.0,0,0,1,,1.0,2026-03-06T08:42:14.322213,neutral,0.777,2026-03-06T08:42:13.469422,0.503,2026-03-06T08:42:14.017000,62,,,
participant_02,6,day,Town10HD_Opt,2026-03-06 08:42:15.445791,-2.3556365966796875,130.16099548339844,0.0022813405375927,24.607,0.136,0.0,0.0,0,0,1,,0.822,2026-03-06T08:42:15.445791,neutral,0.777,2026-03-06T08:42:13.469422,0.492,2026-03-06T08:42:15.007000,60,,,
participant_02,6,day,Town10HD_Opt,2026-03-06 08:42:16.385873,-6.1677985191345215,130.08477783203125,0.002211989602074,19.06,-0.275,0.462,0.0,0,0,1,,0.926,2026-03-06T08:42:16.385873,neutral,0.899,2026-03-06T08:42:16.385873,0.482,2026-03-06T08:42:15.997000,58,,,
participant_02,6,day,Town10HD_Opt,2026-03-06 08:42:17.494601,-11.122110366821287,130.01239013671875,0.0018278510542586,25.706,-0.045,0.642,0.0,0,0,1,,0.896,2026-03-06T08:42:17.494601,neutral,0.899,2026-03-06T08:42:16.385873,0.469,2026-03-06T08:42:16.988000,57,,,
participant_02,6,day,Town10HD_Opt,2026-03-06 08:42:18.311062,-16.155988693237305,129.94650268554688,0.0018270118162035,32.368,-0.019,0.642,0.0,0,0,1,,1.0,2026-03-06T08:42:18.311062,neutral,0.899,2026-03-06T08:42:16.385873,0.463,2026-03-06T08:42:18.022000,57,,,
participant_02,6,day,Town10HD_Opt,2026-03-06 08:42:19.503358,-24.566823959350582,129.81942749023438,0.0018786245491355,39.626,1.88,0.173,0.0,0,0,1,,1.0,2026-03-06T08:42:19.503358,neutral,0.746,2026-03-06T08:42:19.503358,0.459,2026-03-06T08:42:19.013000,58,,,
participant_02,6,day,Town10HD_Opt,2026-03-06 08:42:20.433257,-31.053544998168945,129.32655334472656,0.0023001851513981,32.749,7.644,0.0,0.0,0,0,1,,1.0,2026-03-06T08:42:20.433257,neutral,0.746,2026-03-06T08:42:19.503358,0.461,2026-03-06T08:42:20.002000,58,,,
participant_02,6,day,Town10HD_Opt,2026-03-06 08:42:21.315173,-35.854373931884766,127.75682067871094,0.0022900763433426,25.345,18.518,0.287,0.0,0,0,1,,0.838,2026-03-06T08:42:21.315173,neutral,0.746,2026-03-06T08:42:19.503358,0.469,2026-03-06T08:42:20.993000,58,,,
participant_02,6,day,Town10HD_Opt,2026-03-06 08:42:22.486043,-39.85272979736328,123.64746856689452,0.0020213318057358,26.032,18.543,0.464,0.0,0,0,1,,0.913,2026-03-06T08:42:22.486043,neutral,0.608,2026-03-06T08:42:22.486043,0.477,2026-03-06T08:42:21.982000,59,,,
participant_02,6,day,Town10HD_Opt,2026-03-06 08:42:23.453269,-41.26162338256836,119.18767547607422,0.0036412416957318,28.233,11.262,0.46,0.0,0,0,1,,0.901,2026-03-06T08:42:23.453269,neutral,0.608,2026-03-06T08:42:22.486043,0.485,2026-03-06T08:42:23.017000,59,,,
participant_02,6,day,Town10HD_Opt,2026-03-06 08:42:24.478665,-41.57476806640625,114.11468505859376,0.0019656375516206,30.111,-0.364,0.456,0.0,0,0,1,,0.858,2026-03-06T08:42:24.478665,neutral,0.608,2026-03-06T08:42:22.486043,0.493,2026-03-06T08:42:24.008000,59,,,
participant_02,6,day,Town10HD_Opt,2026-03-06 08:42:25.418742,-41.69512176513672,108.71482849121094,0.001990966964513,31.746,2.473,0.456,0.0,0,0,1,,0.867,2026-03-06T08:42:25.418742,neutral,0.595,2026-03-06T08:42:25.418742,0.5,2026-03-06T08:42:24.997000,59,,,
participant_02,6,day,Town10HD_Opt,2026-03-06 08:42:26.350121,-41.557899475097656,103.10321044921876,0.0020634841639548,31.741,-0.938,0.319,0.0,0,0,1,,0.863,2026-03-06T08:42:26.350121,neutral,0.595,2026-03-06T08:42:25.418742,0.507,2026-03-06T08:42:25.987000,59,,,
participant_02,6,day,Town10HD_Opt,2026-03-06 08:42:27.550311,-41.5013427734375,95.91549682617188,0.0020896908827126,29.697,-0.618,0.319,0.0,0,0,1,,1.0,2026-03-06T08:42:27.550311,neutral,0.908,2026-03-06T08:42:27.550311,0.516,2026-03-06T08:42:27.022000,58,,,
participant_02,6,day,Town10HD_Opt,2026-03-06 08:42:28.513390,-41.56448745727539,90.80841827392578,0.0020819853525608,28.556,-0.508,0.36,0.0,0,0,1,,0.825,2026-03-06T08:42:28.513390,neutral,0.908,2026-03-06T08:42:27.550311,0.52,2026-03-06T08:42:28.012000,57,,,
participant_02,6,day,Town10HD_Opt,2026-03-06 08:42:29.389804,-41.645633697509766,85.84606170654297,0.002055816585198,28.183,1.293,0.346,0.0,0,0,1,,1.0,2026-03-06T08:42:29.389804,neutral,0.908,2026-03-06T08:42:27.550311,0.52,2026-03-06T08:42:29.002000,58,,,
participant_02,6,day,Town10HD_Opt,2026-03-06 08:42:30.309354,-41.48769760131836,80.9735107421875,0.0020714185666292,27.37,7.107,0.327,0.0,0,0,1,,1.0,2026-03-06T08:42:30.309354,sad,0.484,2026-03-06T08:42:30.309354,0.52,2026-03-06T08:42:29.993000,61,,,
participant_02,6,day,Town10HD_Opt,2026-03-06 08:42:31.541349,-39.73436737060547,75.07088470458984,0.0021210857667028,25.846,21.884,0.359,0.0,0,0,1,,0.892,2026-03-06T08:42:31.541349,sad,0.484,2026-03-06T08:42:30.309354,0.52,2026-03-06T08:42:30.982000,63,,,
participant_02,6,day,Town10HD_Opt,2026-03-06 08:42:32.431576,-36.50766372680664,72.03250122070312,0.0020989223849028,25.573,21.729,0.378,0.0,0,0,1,,1.0,2026-03-06T08:42:32.431576,sad,0.381,2026-03-06T08:42:32.431576,0.52,2026-03-06T08:42:32.017000,62,,,
participant_02,6,day,Town10HD_Opt,2026-03-06 08:42:33.370334,-32.274654388427734,70.57160186767578,0.0020442581735551,26.041,5.858,0.378,0.0,0,0,1,,0.849,2026-03-06T08:42:33.370334,sad,0.381,2026-03-06T08:42:32.431576,0.52,2026-03-06T08:42:33.008000,61,,,
participant_02,6,day,Town10HD_Opt,2026-03-06 08:42:34.310011,-27.758007049560547,69.76403045654297,0.0020372772123664,26.416,8.961,0.39,0.0,0,0,1,,0.852,2026-03-06T08:42:34.310011,sad,0.381,2026-03-06T08:42:32.431576,0.52,2026-03-06T08:42:33.997000,60,,,
participant_02,6,day,Town10HD_Opt,2026-03-06 08:42:35.516373,-21.51719856262207,69.75885772705078,0.0020245360210537,27.219,-2.047,0.39,0.0,0,0,1,,1.0,2026-03-06T08:42:35.516373,neutral,0.458,2026-03-06T08:42:35.516373,0.52,2026-03-06T08:42:34.987000,58,,,
participant_02,6,day,Town10HD_Opt,2026-03-06 08:42:36.389998,-16.710216522216797,69.79547882080078,0.0020257185678929,27.764,1.358,0.39,0.0,0,0,1,,1.0,2026-03-06T08:42:36.389998,neutral,0.458,2026-03-06T08:42:35.516373,0.52,2026-03-06T08:42:36.023000,56,,,
participant_02,6,day,Town10HD_Opt,2026-03-06 08:42:37.270722,-11.813665390014648,69.92599487304688,0.0020276259165257,28.253,0.418,0.391,0.0,0,0,1,,1.0,2026-03-06T08:42:37.270722,neutral,0.458,2026-03-06T08:42:35.516373,0.52,2026-03-06T08:42:37.012000,57,,,
participant_02,6,day,Town10HD_Opt,2026-03-06 08:42:38.386489,-5.181028842926025,70.13428497314453,0.0020585632883012,28.159,-0.74,0.31,0.0,0,0,1,,1.0,2026-03-06T08:42:38.386489,neutral,0.9,2026-03-06T08:42:38.386489,0.52,2026-03-06T08:42:38.003000,58,,,
participant_02,6,day,Town10HD_Opt,2026-03-06 08:42:39.276788,-0.3393271565437317,70.18739318847656,0.0020824812818318,26.999,-0.402,0.31,0.0,0,0,1,,1.0,2026-03-06T08:42:39.276788,neutral,0.9,2026-03-06T08:42:38.386489,0.52,2026-03-06T08:42:38.992000,58,,,
participant_02,6,day,Town10HD_Opt,2026-03-06 08:42:40.405366,5.740139007568359,70.14456939697266,0.0021746058482676,23.592,0.223,0.0,0.0,0,0,1,,0.838,2026-03-06T08:42:40.405366,neutral,0.937,2026-03-06T08:42:40.405366,0.52,2026-03-06T08:42:40.027000,60,,,
participant_02,6,day,Town10HD_Opt,2026-03-06 08:42:41.528638,10.40103816986084,70.0994644165039,0.001966132549569,16.492,0.023,0.0,0.0,0,0,1,,0.837,2026-03-06T08:42:41.528638,neutral,0.937,2026-03-06T08:42:40.405366,0.52,2026-03-06T08:42:41.017000,62,,,
participant_02,6,day,Town10HD_Opt,2026-03-06 08:42:42.350643,13.055770874023438,70.07469940185547,0.0019481275230646,14.673,-0.026,0.24,0.0,0,0,1,,0.826,2026-03-06T08:42:42.350643,neutral,0.937,2026-03-06T08:42:40.405366,0.52,2026-03-06T08:42:42.008000,64,,,
participant_02,6,day,Town10HD_Opt,2026-03-06 08:42:43.269538,15.63493537902832,70.05208587646484,0.0019290923373773,14.591,0.148,0.258,0.0,0,0,1,,0.836,2026-03-06T08:42:43.269538,neutral,0.607,2026-03-06T08:42:43.269538,0.505,2026-03-06T08:42:42.998000,64,,,
participant_02,6,day,Town10HD_Opt,2026-03-06 08:42:44.394561,19.23953628540039,70.02992248535156,0.0018678666092455,16.591,0.139,0.305,0.0,0,0,1,,0.866,2026-03-06T08:42:44.394561,neutral,0.607,2026-03-06T08:42:43.269538,0.49,2026-03-06T08:42:43.988000,62,,,
participant_02,6,day,Town10HD_Opt,2026-03-06 08:42:45.523238,22.84344482421875,70.01699829101562,0.0020598215050995,12.579,0.129,0.0,0.12,0,0,1,,0.847,2026-03-06T08:42:45.523238,neutral,0.495,2026-03-06T08:42:45.523238,0.474,2026-03-06T08:42:45.023000,59,,,
participant_02,6,day,Town10HD_Opt,2026-03-06 08:42:46.391561,24.73556900024414,70.01393127441406,0.0020297998562455,9.042,0.129,0.0,0.003,0,0,1,,0.836,2026-03-06T08:42:46.391561,neutral,0.495,2026-03-06T08:42:45.523238,0.458,2026-03-06T08:42:46.012000,56,,,
participant_02,6,day,Town10HD_Opt,2026-03-06 08:42:47.268311,26.09816551208496,70.01335906982422,0.0020193096715956,6.121,0.129,0.0,0.118,0,0,1,,0.821,2026-03-06T08:42:47.268311,neutral,0.495,2026-03-06T08:42:45.523238,0.441,2026-03-06T08:42:47.002000,56,,,
participant_02,6,day,Town10HD_Opt,2026-03-06 08:42:48.375154,26.49357795715332,70.01343536376953,0.0019588468130677,0.003,0.129,0.0,0.0,0,0,1,,0.867,2026-03-06T08:42:48.375154,neutral,0.714,2026-03-06T08:42:48.375154,0.427,2026-03-06T08:42:47.993000,56,,,
participant_02,6,day,Town10HD_Opt,2026-03-06 08:42:49.287995,26.915014266967773,70.01154327392578,0.0015562833286821,8.513,-1.255,0.855,0.0,0,0,1,,0.948,2026-03-06T08:42:49.287995,neutral,0.714,2026-03-06T08:42:48.375154,0.412,2026-03-06T08:42:49.027000,56,,,errors=Stop sign violation
participant_02,6,day,Town10HD_Opt,2026-03-06 08:42:50.462976,30.52915954589844,69.77462005615234,0.001908226753585,20.834,-7.789,0.625,0.0,0,0,1,,1.0,2026-03-06T08:42:50.462976,sad,0.474,2026-03-06T08:42:50.462976,0.398,2026-03-06T08:42:50.023000,57,,,
participant_02,6,day,Town10HD_Opt,2026-03-06 08:42:51.388767,34.49106979370117,68.78907775878906,0.001886787940748,26.032,-13.826,0.569,0.0,0,0,1,,0.869,2026-03-06T08:42:51.388767,sad,0.474,2026-03-06T08:42:50.462976,0.384,2026-03-06T08:42:51.007000,59,,,
participant_02,6,day,Town10HD_Opt,2026-03-06 08:42:52.542106,39.88451766967773,65.57482147216797,0.0022708121687173,23.39,-8.594,0.0,0.405,0,0,1,,0.843,2026-03-06T08:42:52.542106,neutral,0.515,2026-03-06T08:42:52.542106,0.37,2026-03-06T08:42:51.997000,59,,,
participant_02,6,day,Town10HD_Opt,2026-03-06 08:42:53.406327,41.82811737060547,63.78758239746094,0.0029859119094908,0.003,-9.907,0.0,0.422,0,0,1,,0.933,2026-03-06T08:42:53.406327,neutral,0.515,2026-03-06T08:42:52.542106,0.37,2026-03-06T08:42:52.987000,59,,,
participant_02,6,day,Town10HD_Opt,2026-03-06 08:42:54.500746,41.82907104492188,63.7865104675293,0.0019299697596579,0.003,-9.043,0.0,0.0,0,0,1,,1.0,2026-03-06T08:42:54.500746,neutral,0.515,2026-03-06T08:42:52.542106,0.371,2026-03-06T08:42:54.023000,58,,,
participant_02,6,day,Town10HD_Opt,2026-03-06 08:42:55.386382,41.84548568725586,63.76743698120117,0.0018249133136123,2.233,-12.857,0.949,0.0,0,0,1,,0.859,2026-03-06T08:42:55.386382,sad,0.34,2026-03-06T08:42:55.386382,0.373,2026-03-06T08:42:55.013000,57,,,
participant_02,6,day,Town10HD_Opt,2026-03-06 08:42:56.515475,43.25478363037109,61.61764907836914,0.0017668165965005,19.902,-16.955,0.698,0.0,0,0,1,,0.842,2026-03-06T08:42:56.515475,sad,0.34,2026-03-06T08:42:55.386382,0.375,2026-03-06T08:42:56.002000,56,,,
participant_02,6,day,Town10HD_Opt,2026-03-06 08:42:57.366116,44.51453399658203,58.02937698364258,0.0020425033289939,22.357,-16.332,0.18,0.0,0,0,1,,0.902,2026-03-06T08:42:57.366116,sad,0.34,2026-03-06T08:42:55.386382,0.378,2026-03-06T08:42:56.992000,55,,,
participant_02,6,day,Town10HD_Opt,2026-03-06 08:42:58.525581,44.67182159423828,53.31887435913086,0.0021197122987359,18.169,-7.663,0.141,0.0,0,0,1,,0.841,2026-03-06T08:42:58.525581,angry,0.566,2026-03-06T08:42:58.525581,0.378,2026-03-06T08:42:58.027000,53,,,
participant_02,6,day,Town10HD_Opt,2026-03-06 08:42:59.385878,44.36611175537109,50.14776611328125,0.0026158150285482,19.405,0.921,0.666,0.0,0,0,1,,0.928,2026-03-06T08:42:59.385878,angry,0.566,2026-03-06T08:42:58.525581,0.379,2026-03-06T08:42:59.107000,52,,,
participant_02,6,day,Town10HD_Opt,2026-03-06 08:43:00.278578,44.11707305908203,46.16734313964844,0.0015285121044144,27.03,1.481,0.685,0.0,0,0,1,,0.954,2026-03-06T08:43:00.278578,angry,0.566,2026-03-06T08:42:58.525581,0.379,2026-03-06T08:43:00.052000,51,,,
participant_02,6,day,Town10HD_Opt,2026-03-06 08:43:01.459490,44.00830841064453,39.08196640014648,0.0021059033460915,30.1,7.682,0.0,0.0,0,0,1,,0.944,2026-03-06T08:43:01.459490,sad,0.487,2026-03-06T08:43:01.459490,0.379,2026-03-06T08:43:01.004000,52,,,
participant_02,6,day,Town10HD_Opt,2026-03-06 08:43:02.348572,44.88984298706055,34.44264602661133,0.002181930001825,25.102,14.577,0.402,0.0,0,0,1,,0.902,2026-03-06T08:43:02.348572,sad,0.487,2026-03-06T08:43:01.459490,0.379,2026-03-06T08:43:01.987000,52,,,
participant_02,6,day,Town10HD_Opt,2026-03-06 08:43:03.459555,48.40774917602539,29.50858497619629,0.0019222263945266,29.562,18.558,0.613,0.0,0,0,1,,1.0,2026-03-06T08:43:03.459555,neutral,0.443,2026-03-06T08:43:03.459555,0.379,2026-03-06T08:43:03.022000,52,,,
participant_02,6,day,Town10HD_Opt,2026-03-06 08:43:04.329640,53.34185409545898,27.10944557189941,0.001977844396606,33.297,15.112,0.231,0.0,0,0,1,,1.0,2026-03-06T08:43:04.329640,neutral,0.443,2026-03-06T08:43:03.459555,0.379,2026-03-06T08:43:04.012000,53,,,
participant_02,6,day,Town10HD_Opt,2026-03-06 08:43:05.448726,60.51421737670898,26.19013214111328,0.0021810145117342,28.29,-0.773,0.173,0.0,0,0,1,,0.926,2026-03-06T08:43:05.448726,neutral,0.443,2026-03-06T08:43:03.459555,0.379,2026-03-06T08:43:05.002000,53,,,
participant_02,6,day,Town10HD_Opt,2026-03-06 08:43:06.335328,65.0821304321289,25.72229766845703,0.0021664805244654,23.999,0.949,0.173,0.0,0,0,1,,0.862,2026-03-06T08:43:06.335328,sad,0.355,2026-03-06T08:43:06.335328,0.379,2026-03-06T08:43:05.992000,54,,,
participant_02,6,day,Town10HD_Opt,2026-03-06 08:43:07.533095,70.22699737548828,25.33351707458496,0.002124938648194,20.282,1.344,0.298,0.0,0,0,1,,0.911,2026-03-06T08:43:07.533095,sad,0.355,2026-03-06T08:43:06.335328,0.379,2026-03-06T08:43:07.028000,55,,,
participant_02,6,day,Town10HD_Opt,2026-03-06 08:43:08.442277,73.60381317138672,25.183683395385746,0.0019627755973488,17.593,1.589,0.0,0.0,0,0,1,,0.917,2026-03-06T08:43:08.442277,neutral,0.466,2026-03-06T08:43:08.442277,0.379,2026-03-06T08:43:08.018000,55,,,
participant_02,6,day,Town10HD_Opt,2026-03-06 08:43:09.310136,76.36381530761719,25.136404037475582,0.002042464679107,13.636,1.57,0.102,0.0,0,0,1,,0.889,2026-03-06T08:43:09.310136,neutral,0.466,2026-03-06T08:43:08.442277,0.379,2026-03-06T08:43:09.010000,56,,,
participant_02,6,day,Town10HD_Opt,2026-03-06 08:43:10.420127,80.5843505859375,25.18350982666016,0.0016502394573763,26.922,1.514,1.0,0.0,0,0,1,,0.915,2026-03-06T08:43:10.420127,neutral,0.466,2026-03-06T08:43:08.442277,0.379,2026-03-06T08:43:09.998000,57,Red light violation,Red light violation,errors=Red light violation
participant_02,6,day,Town10HD_Opt,2026-03-06 08:43:11.535322,89.14301300048828,25.462814331054688,0.0016448226524516,45.689,-4.881,0.55,0.0,0,0,1,,1.0,2026-03-06T08:43:11.535322,neutral,0.64,2026-03-06T08:43:11.535322,0.379,2026-03-06T08:43:10.987000,57,,,
participant_02,6,day,Town10HD_Opt,2026-03-06 08:43:12.376542,97.09361267089844,24.34026336669922,0.0021319196093827,44.491,-11.776,0.291,0.0,0,0,1,,0.844,2026-03-06T08:43:12.376542,neutral,0.64,2026-03-06T08:43:11.535322,0.391,2026-03-06T08:43:12.023000,57,,,
participant_02,6,day,Town10HD_Opt,2026-03-06 08:43:13.450747,104.68366241455078,18.894454956054688,0.0023419179487973,35.329,-15.243,0.0,0.0,0,0,1,,0.83,2026-03-06T08:43:13.450747,neutral,0.64,2026-03-06T08:43:11.535322,0.403,2026-03-06T08:43:13.012000,57,,,
participant_02,6,day,Town10HD_Opt,2026-03-06 08:43:14.275413,106.80184936523438,13.87168312072754,0.0022977057378739,27.919,-13.609,0.856,0.0,0,0,1,,0.838,2026-03-06T08:43:14.275413,neutral,0.373,2026-03-06T08:43:14.275413,0.415,2026-03-06T08:43:14.003000,56,,,
participant_02,6,day,Town10HD_Opt,2026-03-06 08:43:15.433239,107.21519470214844,5.789847373962402,0.0015833298675715,43.981,-1.318,0.962,0.0,0,0,1,,0.879,2026-03-06T08:43:15.433239,neutral,0.373,2026-03-06T08:43:14.275413,0.427,2026-03-06T08:43:14.993000,56,,,
participant_02,6,day,Town10HD_Opt,2026-03-06 08:43:16.286134,107.05715942382812,-2.9014534950256348,0.0020357512403279,49.318,1.175,1.0,0.0,0,0,1,,0.832,2026-03-06T08:43:16.286134,neutral,0.865,2026-03-06T08:43:16.286134,0.438,2026-03-06T08:43:16.038000,56,,,
participant_02,6,day,Town10HD_Opt,2026-03-06 08:43:17.322988,107.19564056396484,-14.55046844482422,0.0021652597934007,49.064,-0.632,0.978,0.0,0,0,1,,0.919,2026-03-06T08:43:17.322988,neutral,0.865,2026-03-06T08:43:16.286134,0.45,2026-03-06T08:43:17.018000,56,,,
participant_02,6,day,Town10HD_Opt,2026-03-06 08:43:18.359464,106.98300170898438,-26.21451187133789,0.0018944937037304,51.93,-3.57,0.0,0.146,0,0,1,,0.919,2026-03-06T08:43:18.359464,angry,0.846,2026-03-06T08:43:18.359464,0.462,2026-03-06T08:43:18.018000,55,,,errors=Solid line crossing
participant_02,6,day,Town10HD_Opt,2026-03-06 08:43:19.459513,104.63308715820312,-37.77407455444336,0.0019670871552079,50.978,-5.451,0.0,0.148,0,0,1,,0.958,2026-03-06T08:43:19.459513,angry,0.846,2026-03-06T08:43:18.359464,0.474,2026-03-06T08:43:18.998000,56,,,
participant_02,6,day,Town10HD_Opt,2026-03-06 08:43:20.268345,100.92192840576172,-45.6186752319336,0.0018381125992164,52.176,-5.602,0.0,0.201,0,0,1,,0.946,2026-03-06T08:43:20.268345,angry,0.846,2026-03-06T08:43:18.359464,0.513,2026-03-06T08:43:19.992000,56,,,
participant_02,6,day,Town10HD_Opt,2026-03-06 08:43:21.391207,93.26519012451172,-54.54074478149414,0.0020795057062059,49.84,-5.538,0.967,0.0,0,0,1,,0.972,2026-03-06T08:43:21.391207,neutral,0.709,2026-03-06T08:43:21.391207,0.559,2026-03-06T08:43:21.023000,57,,,
participant_02,6,day,Town10HD_Opt,2026-03-06 08:43:22.525291,83.40193939208984,-60.73596954345703,0.0022017282899469,48.778,-3.86,0.967,0.0,0,0,1,,0.906,2026-03-06T08:43:22.525291,neutral,0.709,2026-03-06T08:43:21.391207,0.593,2026-03-06T08:43:22.058000,57,,,
participant_02,6,day,Town10HD_Opt,2026-03-06 08:43:23.448995,75.0936279296875,-63.71146774291992,0.0022072212304919,48.714,-3.855,0.967,0.0,0,0,1,,0.926,2026-03-06T08:43:23.448995,angry,0.651,2026-03-06T08:43:23.448995,0.627,2026-03-06T08:43:23.003000,57,,,
participant_02,6,day,Town10HD_Opt,2026-03-06 08:43:24.298412,66.4913558959961,-65.29900360107422,0.0022308724001049,47.702,-3.811,0.967,0.0,0,0,1,,0.895,2026-03-06T08:43:24.298412,angry,0.651,2026-03-06T08:43:23.448995,0.647,2026-03-06T08:43:23.992000,55,,,
participant_02,6,day,Town10HD_Opt,2026-03-06 08:43:25.519409,54.89308166503906,-65.82286071777344,0.0021242902148514,50.066,0.766,0.967,0.0,0,0,1,,0.834,2026-03-06T08:43:25.519409,neutral,0.542,2026-03-06T08:43:25.519409,0.65,2026-03-06T08:43:25.037000,54,,,
participant_02,6,day,Town10HD_Opt,2026-03-06 08:43:26.435563,46.13517379760742,-66.1904067993164,0.0021299740765243,49.274,-0.204,0.967,0.0,0,0,1,,0.916,2026-03-06T08:43:26.435563,neutral,0.542,2026-03-06T08:43:25.519409,0.656,2026-03-06T08:43:26.017000,54,,,
participant_02,6,day,Town10HD_Opt,2026-03-06 08:43:27.304204,37.3193588256836,-66.51016998291016,0.0021670907735824,49.19,-0.19,0.967,0.0,0,0,1,,0.927,2026-03-06T08:43:27.304204,neutral,0.542,2026-03-06T08:43:25.519409,0.662,2026-03-06T08:43:27.007000,53,,,
participant_02,6,day,Town10HD_Opt,2026-03-06 08:43:28.422341,25.65217971801757,-66.82730865478516,0.001941948197782,50.92,-0.073,0.0,0.0,0,0,1,,0.904,2026-03-06T08:43:28.422341,neutral,0.586,2026-03-06T08:43:28.422341,0.671,2026-03-06T08:43:27.998000,54,,,
participant_02,6,day,Town10HD_Opt,2026-03-06 08:43:29.495851,15.004409790039062,-67.05522918701172,0.0023789203260093,38.214,-0.073,0.0,0.0,0,0,1,,0.883,2026-03-06T08:43:29.495851,neutral,0.586,2026-03-06T08:43:28.422341,0.68,2026-03-06T08:43:28.988000,54,,,
participant_03,2,day,Town10HD_Opt,2026-03-10 09:15:00.000000,-41.66858673095703,89.7454833984375,0.5804919004440308,0.0,-0.247,0.0,0.0,0,0,0,,1.0,2026-03-10T09:15:00,,,2026-03-10T09:15:00,0.46920152370744,2026-03-10T09:15:00,72,,,
participant_03,2,day,Town10HD_Opt,2026-03-10 09:15:04.667897,-41.66858673095703,89.7454833984375,0.0019181441748514,0.0,-0.247,0.0,0.0,0,0,0,,1.0,2026-03-10T09:15:04.667897,,,2026-03-10T09:15:04.667897,0.4066591348759737,2026-03-10T09:15:04.998000,78,,,
participant_03,2,day,Town10HD_Opt,2026-03-10 09:15:04.998879,-41.66858673095703,89.7454833984375,0.0019181441748514,0.0,-0.247,0.0,0.0,0,0,0,,1.0,2026-03-10T09:15:04.667897,,,2026-03-10T09:15:04.667897,0.4021301618661641,2026-03-10T09:15:04.998000,78,,,
participant_03,2,day,Town10HD_Opt,2026-03-10 09:15:06.246216,-41.66858673095703,89.7454833984375,0.0019181441748514,0.0,-0.247,0.0,0.0,0,0,0,,0.823,2026-03-10T09:15:06.246216,,,2026-03-10T09:15:04.667897,0.4412120718394698,2026-03-10T09:15:05.984000,79,,,
participant_03,2,day,Town10HD_Opt,2026-03-10 09:15:07.226773,-41.66858673095703,89.7454833984375,0.0019181441748514,0.0,-0.247,0.0,0.0,0,0,0,,1.0,2026-03-10T09:15:07.226773,neutral,0.949,2026-03-10T09:15:07.226773,0.4822350964162901,2026-03-10T09:15:07.020000,78,,,
participant_03,2,day,Town10HD_Opt,2026-03-10 09:15:08.287705,-41.66858673095703,89.7454833984375,0.0019181441748514,0.0,-0.247,0.0,0.0,0,0,0,,1.0,2026-03-10T09:15:08.287705,neutral,0.949,2026-03-10T09:15:07.226773,0.4491122913416371,2026-03-10T09:15:08.010000,75,,,
participant_03,2,day,Town10HD_Opt,2026-03-10 09:15:09.275112,-41.66858673095703,89.7454833984375,0.0019181441748514,0.0,-0.247,0.0,0.0,0,0,0,,1.0,2026-03-10T09:15:09.275112,neutral,0.944,2026-03-10T09:15:09.275112,0.5538744901053884,2026-03-10T09:15:09.001000,74,,,
participant_03,2,day,Town10HD_Opt,2026-03-10 09:15:10.288909,-41.66858673095703,89.7454833984375,0.0019181441748514,0.0,-0.247,0.0,0.0,0,0,0,,1.0,2026-03-10T09:15:10.288909,neutral,0.944,2026-03-10T09:15:09.275112,0.4774383198922542,2026-03-10T09:15:09.990000,74,,,
participant_03,2,day,Town10HD_Opt,2026-03-10 09:15:11.309272,-41.66858673095703,89.7454833984375,0.0019181441748514,0.0,-0.247,0.0,0.0,0,0,0,,1.0,2026-03-10T09:15:11.309272,happy,0.988,2026-03-10T09:15:11.309272,0.4782953431715735,2026-03-10T09:15:10.980000,74,,,
participant_03,2,day,Town10HD_Opt,2026-03-10 09:15:12.064549,-41.66858673095703,89.7454833984375,0.0019181441748514,0.0,-0.247,0.0,0.0,0,0,0,,1.0,2026-03-10T09:15:12.064549,happy,0.988,2026-03-10T09:15:11.309272,0.5652000926719488,2026-03-10T09:15:12.014000,75,,,
participant_03,2,day,Town10HD_Opt,2026-03-10 09:15:13.047995,-41.66858673095703,89.7454833984375,0.0019181441748514,0.0,-0.247,0.0,0.0,0,0,0,,1.0,2026-03-10T09:15:13.047995,happy,0.988,2026-03-10T09:15:11.309272,0.5392943678123845,2026-03-10T09:15:13.005000,73,,,
participant_03,2,day,Town10HD_Opt,2026-03-10 09:15:14.062123,-41.66858673095703,89.7454833984375,0.0019181441748514,0.0,-0.247,0.0,0.0,0,0,0,,1.0,2026-03-10T09:15:14.062123,happy,0.866,2026-03-10T09:15:14.062123,0.5693849855926335,2026-03-10T09:15:13.996000,74,,,
participant_03,2,day,Town10HD_Opt,2026-03-10 09:15:15.115988,-41.66858673095703,89.7454833984375,0.0019181441748514,0.0,0.644,0.778,0.0,0,0,0,,1.0,2026-03-10T09:15:15.115988,happy,0.866,2026-03-10T09:15:14.062123,0.5440932652164837,2026-03-10T09:15:14.984000,72,,,
participant_03,2,day,Town10HD_Opt,2026-03-10 09:15:16.114850,-41.66599655151367,88.9237289428711,0.0013215255457907,14.487,0.611,0.962,0.0,0,0,1,,0.823,2026-03-10T09:15:16.114850,neutral,0.687,2026-03-10T09:15:16.114850,0.5648670662115638,2026-03-10T09:15:16.020000,72,,,
participant_03,2,day,Town10HD_Opt,2026-03-10 09:15:17.213873,-41.63834762573242,85.81222534179688,0.0019764709286391,17.947,0.827,0.128,0.0,0,0,1,,1.0,2026-03-10T09:15:17.213873,neutral,0.687,2026-03-10T09:15:16.114850,0.4986549575303473,2026-03-10T09:15:17.055000,71,,,
participant_03,2,day,Town10HD_Opt,2026-03-10 09:15:18.260523,-41.563758850097656,82.82283020019531,0.0019695663359016,16.146,3.471,0.186,0.0,0,0,1,,1.0,2026-03-10T09:15:18.260523,neutral,0.958,2026-03-10T09:15:18.260523,0.5510833251759965,2026-03-10T09:15:18,73,,,
participant_03,2,day,Town10HD_Opt,2026-03-10 09:15:19.013812,-41.39632415771485,80.9480972290039,0.0018938827561214,16.766,8.029,0.395,0.0,0,0,1,,0.895,2026-03-10T09:15:19.013812,neutral,0.958,2026-03-10T09:15:18.260523,0.5130746888557332,2026-03-10T09:15:19.080000,77,,,
participant_03,2,day,Town10HD_Opt,2026-03-10 09:15:20.064271,-40.76408004760742,77.9130859375,0.0020623398013412,18.345,10.656,0.375,0.0,0,0,1,,1.0,2026-03-10T09:15:20.064271,neutral,0.958,2026-03-10T09:15:18.260523,0.6311725948177163,2026-03-10T09:15:19.981000,78,,,
participant_03,2,day,Town10HD_Opt,2026-03-10 09:15:21.209080,-39.53650665283203,74.95092010498047,0.0020353698637336,18.772,15.721,0.367,0.0,0,0,1,,1.0,2026-03-10T09:15:21.209080,neutral,0.978,2026-03-10T09:15:21.209080,0.6027097917974914,2026-03-10T09:15:21.060000,77,,,
participant_03,2,day,Town10HD_Opt,2026-03-10 09:15:22.333452,-37.4530029296875,72.3740005493164,0.0020499038510024,19.442,19.644,0.344,0.0,0,0,1,,0.803,2026-03-10T09:15:22.333452,neutral,0.978,2026-03-10T09:15:21.209080,0.5238399880001137,2026-03-10T09:15:22.004000,80,,,
participant_03,2,day,Town10HD_Opt,2026-03-10 09:15:23.080779,-35.59904861450195,71.07665252685547,0.0020625304896384,19.638,20.498,0.344,0.0,0,0,1,,1.0,2026-03-10T09:15:23.080779,neutral,0.978,2026-03-10T09:15:21.209080,0.5396947120547951,2026-03-10T09:15:23.040000,79,,,
participant_03,2,day,Town10HD_Opt,2026-03-10 09:15:24.128667,-32.34900665283203,69.99526977539062,0.0020571136847138,19.986,13.161,0.342,0.0,0,0,1,,0.879,2026-03-10T09:15:24.128667,neutral,0.986,2026-03-10T09:15:24.128667,0.5395801712205087,2026-03-10T09:15:23.988000,75,,,
participant_03,2,day,Town10HD_Opt,2026-03-10 09:15:25.191664,-28.85415267944336,69.59513092041016,0.0020455932244658,20.191,7.347,0.342,0.0,0,0,1,,0.815,2026-03-10T09:15:25.191664,neutral,0.986,2026-03-10T09:15:24.128667,0.6301551982628073,2026-03-10T09:15:25.020000,74,,,
participant_03,2,day,Town10HD_Opt,2026-03-10 09:15:26.264542,-25.29965591430664,69.60286712646484,0.0020264815539121,20.645,1.568,0.366,0.0,0,0,1,,1.0,2026-03-10T09:15:26.264542,neutral,0.914,2026-03-10T09:15:26.264542,0.5578528676954244,2026-03-10T09:15:26.012000,74,,,
participant_03,2,day,Town10HD_Opt,2026-03-10 09:15:27.010078,-22.86748695373535,69.63871765136719,0.002021598862484,21.11,-3.059,0.359,0.0,0,0,1,,0.929,2026-03-10T09:15:27.010078,neutral,0.914,2026-03-10T09:15:26.264542,0.5228822315963702,2026-03-10T09:15:27,75,,,
participant_03,2,day,Town10HD_Opt,2026-03-10 09:15:28.049481,-19.125747680664062,69.59523010253906,0.0020249558147042,21.7,2.153,0.359,0.0,0,0,1,,0.935,2026-03-10T09:15:28.049481,neutral,0.914,2026-03-10T09:15:26.264542,0.5448643426831208,2026-03-10T09:15:27.990000,78,,,
participant_03,2,day,Town10HD_Opt,2026-03-10 09:15:29.108429,-15.286521911621094,69.6318359375,0.0020265197381377,22.221,-0.674,0.359,0.0,0,0,1,,0.896,2026-03-10T09:15:29.108429,neutral,0.992,2026-03-10T09:15:29.108429,0.4785172981293817,2026-03-10T09:15:28.981000,76,,,
participant_03,2,day,Town10HD_Opt,2026-03-10 09:15:30.132904,-11.36011791229248,69.6234359741211,0.0020282363984733,22.687,0.078,0.359,0.0,0,0,1,,0.93,2026-03-10T09:15:30.132904,neutral,0.992,2026-03-10T09:15:29.108429,0.537050003223297,2026-03-10T09:15:30.015000,77,,,
participant_03,2,day,Town10HD_Opt,2026-03-10 09:15:31.187278,-7.35674238204956,69.62390899658203,0.0020303344354033,23.094,0.277,0.358,0.0,0,0,1,,0.9,2026-03-10T09:15:31.187278,neutral,0.999,2026-03-10T09:15:31.187278,0.4967611722481467,2026-03-10T09:15:31.005000,78,,,
participant_03,2,day,Town10HD_Opt,2026-03-10 09:15:32.156403,-3.2877566814422607,69.6466064453125,0.0020324324723333,23.415,0.106,0.357,0.0,0,0,1,,1.0,2026-03-10T09:15:32.156403,neutral,0.999,2026-03-10T09:15:31.187278,0.4660902946599535,2026-03-10T09:15:31.995000,77,,,
participant_03,2,day,Town10HD_Opt,2026-03-10 09:15:33.137088,0.835516095161438,69.68023681640625,0.0020343780051916,23.712,0.096,0.356,0.0,0,0,1,,1.0,2026-03-10T09:15:33.137088,neutral,0.999,2026-03-10T09:15:31.187278,0.6194599006240241,2026-03-10T09:15:32.986000,78,,,
participant_03,2,day,Town10HD_Opt,2026-03-10 09:15:34.106813,5.004571437835693,69.72296905517578,0.0020355223678052,23.955,0.096,0.356,0.0,0,0,1,,0.919,2026-03-10T09:15:34.106813,neutral,0.985,2026-03-10T09:15:34.106813,0.5389172156636364,2026-03-10T09:15:34.021000,79,,,
participant_03,2,day,Town10HD_Opt,2026-03-10 09:15:35.133265,9.213705062866213,69.7750015258789,0.002036437857896,24.168,0.096,0.353,0.0,0,0,1,,0.909,2026-03-10T09:15:35.133265,neutral,0.985,2026-03-10T09:15:34.106813,0.5091334729571539,2026-03-10T09:15:35.010000,73,,,
participant_03,2,day,Town10HD_Opt,2026-03-10 09:15:36.138459,13.353962898254396,69.8349380493164,0.0021691513247787,21.57,0.096,0.0,0.0,0,0,1,,0.893,2026-03-10T09:15:36.138459,neutral,0.988,2026-03-10T09:15:36.138459,0.4731097648205775,2026-03-10T09:15:36,70,,,
participant_03,2,day,Town10HD_Opt,2026-03-10 09:15:37.184280,16.694257736206055,69.8899917602539,0.0019616317003965,16.22,0.096,0.0,0.146,0,0,1,,0.947,2026-03-10T09:15:37.184280,neutral,0.988,2026-03-10T09:15:36.138459,0.5351522970422148,2026-03-10T09:15:36.990000,72,,,
participant_03,2,day,Town10HD_Opt,2026-03-10 09:15:38.257798,19.18490600585937,69.93578338623047,0.0020685195922851,11.693,0.096,0.0,0.095,0,0,1,,0.97,2026-03-10T09:15:38.257798,neutral,0.999,2026-03-10T09:15:38.257798,0.541029869543219,2026-03-10T09:15:37.983000,69,Stop sign violation,stop_sign_id=754,
participant_03,2,day,Town10HD_Opt,2026-03-10 09:15:39.250020,20.993385314941406,69.97116088867188,0.0020217131823301,8.641,0.096,0.0,0.12,0,0,1,,0.94,2026-03-10T09:15:39.250020,neutral,0.999,2026-03-10T09:15:38.257798,0.5785990033636862,2026-03-10T09:15:39.015000,71,,,
participant_03,2,day,Town10HD_Opt,2026-03-10 09:15:40.299654,21.949499130249023,69.99057006835938,0.0023422623053193,0.001,0.096,0.0,0.399,0,0,1,,0.874,2026-03-10T09:15:40.299654,neutral,0.941,2026-03-10T09:15:40.299654,0.5118435673327334,2026-03-10T09:15:40.005000,72,,,
participant_03,2,day,Town10HD_Opt,2026-03-10 09:15:41.274709,21.950946807861328,69.9905776977539,0.0019327925983816,0.014,0.096,0.005,0.0,0,0,1,,0.971,2026-03-10T09:15:41.274709,neutral,0.941,2026-03-10T09:15:40.299654,0.5256466099520931,2026-03-10T09:15:40.995000,70,,,
participant_03,2,day,Town10HD_Opt,2026-03-10 09:15:42.288732,21.98520469665528,69.99134063720703,0.0018587874947115,1.322,0.101,0.24,0.0,0,0,1,,0.952,2026-03-10T09:15:42.288732,neutral,0.941,2026-03-10T09:15:40.299654,0.5040132742633725,2026-03-10T09:15:41.986000,72,,,
participant_03,2,day,Town10HD_Opt,2026-03-10 09:15:43.294982,22.387176513671875,69.9997329711914,0.0018351363250985,3.816,0.101,0.242,0.0,0,0,1,,0.837,2026-03-10T09:15:43.294982,neutral,0.991,2026-03-10T09:15:43.294982,0.5202749366723598,2026-03-10T09:15:43.021000,71,,,
participant_03,2,day,Town10HD_Opt,2026-03-10 09:15:44.043275,22.90518569946289,70.01010131835938,0.0018357086228206,5.478,-0.888,0.241,0.0,0,0,1,,1.0,2026-03-10T09:15:44.043275,neutral,0.991,2026-03-10T09:15:43.294982,0.4462771771348499,2026-03-10T09:15:44.100000,71,,,
participant_03,2,day,Town10HD_Opt,2026-03-10 09:15:45.074572,24.01721572875977,70.01710510253906,0.0018546676728874,7.481,0.971,0.219,0.0,0,0,1,,0.844,2026-03-10T09:15:45.074572,neutral,0.991,2026-03-10T09:15:43.294982,0.4878289006361868,2026-03-10T09:15:45.046000,66,,,
participant_03,2,day,Town10HD_Opt,2026-03-10 09:15:46.100096,25.29739761352539,70.04634094238281,0.0019644545391201,6.423,0.505,0.0,0.12,0,0,1,,0.864,2026-03-10T09:15:46.100096,neutral,0.972,2026-03-10T09:15:46.100096,0.5401855841396177,2026-03-10T09:15:45.991000,66,,,
participant_03,2,day,Town10HD_Opt,2026-03-10 09:15:47.082043,25.57332420349121,70.05333709716797,0.0019839478190988,0.0,0.484,0.0,0.3,0,0,1,,0.86,2026-03-10T09:15:47.082043,neutral,0.972,2026-03-10T09:15:46.100096,0.4589791493681446,2026-03-10T09:15:46.981000,67,,,
participant_03,2,day,Town10HD_Opt,2026-03-10 09:15:48.046606,25.57330703735352,70.05333709716797,0.0019182204268872,0.206,0.376,0.354,0.0,0,0,1,,1.0,2026-03-10T09:15:48.046606,neutral,0.972,2026-03-10T09:15:46.100096,0.5399771714531503,2026-03-10T09:15:48.015000,64,,,
participant_03,2,day,Town10HD_Opt,2026-03-10 09:15:49.060612,26.024349212646484,70.0582275390625,0.0017300796462222,5.774,-1.97,0.43,0.0,0,0,1,,0.842,2026-03-10T09:15:49.060612,happy,0.562,2026-03-10T09:15:49.060612,0.5329314048862935,2026-03-10T09:15:49.006000,67,,,
participant_03,2,day,Town10HD_Opt,2026-03-10 09:15:50.145561,27.37670516967773,70.03599548339844,0.0018628310644999,8.623,-5.177,0.157,0.0,0,0,1,,0.971,2026-03-10T09:15:50.145561,happy,0.562,2026-03-10T09:15:49.060612,0.5492778725747173,2026-03-10T09:15:49.996000,66,,,
participant_03,2,day,Town10HD_Opt,2026-03-10 09:15:51.192426,28.869291305541992,69.92755889892578,0.0019419860327616,8.137,-6.499,0.104,0.0,0,0,1,,0.983,2026-03-10T09:15:51.192426,happy,0.525,2026-03-10T09:15:51.192426,0.5268160100008255,2026-03-10T09:15:50.986000,69,,,
participant_03,2,day,Town10HD_Opt,2026-03-10 09:15:52.307622,30.25347900390625,69.73552703857422,0.0019188307924196,7.968,-8.842,0.196,0.0,0,0,1,,0.994,2026-03-10T09:15:52.307622,happy,0.525,2026-03-10T09:15:51.192426,0.5472209277193949,2026-03-10T09:15:52.021000,70,,,
participant_03,2,day,Town10HD_Opt,2026-03-10 09:15:53.020309,31.20306396484375,69.53974151611328,0.0018896865658462,8.691,-9.04,0.211,0.0,0,0,1,,0.988,2026-03-10T09:15:53.020309,happy,0.525,2026-03-10T09:15:51.192426,0.590781307428816,2026-03-10T09:15:53.011000,72,,,
participant_03,2,day,Town10HD_Opt,2026-03-10 09:15:54.050380,32.76118469238281,69.10660552978516,0.0018835830269381,9.858,-9.55,0.222,0.0,0,0,1,,0.979,2026-03-10T09:15:54.050380,neutral,0.939,2026-03-10T09:15:54.050380,0.6488076100224798,2026-03-10T09:15:54.001000,68,,,
participant_03,2,day,Town10HD_Opt,2026-03-10 09:15:55.093155,34.44804000854492,68.45897674560547,0.0018895721295848,10.882,-11.057,0.236,0.0,0,0,1,,0.982,2026-03-10T09:15:55.093155,neutral,0.939,2026-03-10T09:15:54.050380,0.6661680200155655,2026-03-10T09:15:54.991000,69,,,
participant_03,2,day,Town10HD_Opt,2026-03-10 09:15:56.114390,36.21923065185547,67.53617095947266,0.0018808364402502,12.138,-11.057,0.246,0.0,0,0,1,,0.931,2026-03-10T09:15:56.114390,happy,0.62,2026-03-10T09:15:56.114390,0.5695075247419191,2026-03-10T09:15:55.981000,65,,,
participant_03,2,day,Town10HD_Opt,2026-03-10 09:15:57.112590,38.0247802734375,66.29981994628906,0.0018997192382812,12.885,-11.057,0.234,0.0,0,0,1,,0.985,2026-03-10T09:15:57.112590,happy,0.62,2026-03-10T09:15:56.114390,0.6200247470583793,2026-03-10T09:15:57.015000,68,,,
participant_03,2,day,Town10HD_Opt,2026-03-10 09:15:58.100208,39.75389099121094,64.75301361083984,0.0026510239113122,13.732,-11.057,0.259,0.0,0,0,1,,0.989,2026-03-10T09:15:58.100208,happy,0.62,2026-03-10T09:15:56.114390,0.6328393506935897,2026-03-10T09:15:58.005000,68,,,
participant_03,2,day,Town10HD_Opt,2026-03-10 09:15:59.114305,41.35435485839844,62.87019348144531,0.0018812179332599,14.662,-11.041,0.265,0.0,0,0,1,,0.969,2026-03-10T09:15:59.114305,happy,0.769,2026-03-10T09:15:59.114305,0.7200678547526103,2026-03-10T09:15:58.995000,67,,,
participant_03,2,day,Town10HD_Opt,2026-03-10 09:16:00.148535,42.75022506713867,60.64348602294922,0.0018941116286441,15.472,-11.028,0.269,0.0,0,0,1,,0.8,2026-03-10T09:16:00.148535,happy,0.769,2026-03-10T09:15:59.114305,0.6558255257425833,2026-03-10T09:16:00.032000,67,,,
participant_03,2,day,Town10HD_Opt,2026-03-10 09:16:01.191316,43.84769821166992,58.10395812988281,0.0019036864396184,16.217,-11.228,0.266,0.0,0,0,1,,0.905,2026-03-10T09:16:01.191316,happy,0.794,2026-03-10T09:16:01.191316,0.6678613087064937,2026-03-10T09:16:01.021000,71,,,
participant_03,2,day,Town10HD_Opt,2026-03-10 09:16:02.186936,44.54549026489258,55.31881713867188,0.0019116591429337,16.703,-11.344,0.262,0.0,0,0,1,,0.984,2026-03-10T09:16:02.186936,happy,0.794,2026-03-10T09:16:01.191316,0.7323148776034072,2026-03-10T09:16:02.011000,74,,,
participant_03,2,day,Town10HD_Opt,2026-03-10 09:16:03.198626,44.83444595336914,52.39274215698242,0.0019248580792918,16.732,-4.568,0.175,0.0,0,0,1,,0.971,2026-03-10T09:16:03.198626,neutral,0.934,2026-03-10T09:16:03.198626,0.6998321749130338,2026-03-10T09:16:03.002000,77,,,
participant_03,2,day,Town10HD_Opt,2026-03-10 09:16:04.219583,44.91816329956055,49.55557632446289,0.0019564819522202,15.616,-6.225,0.17,0.0,0,0,1,,0.98,2026-03-10T09:16:04.219583,neutral,0.934,2026-03-10T09:16:03.198626,0.7000448933193607,2026-03-10T09:16:03.991000,80,,,
participant_03,2,day,Town10HD_Opt,2026-03-10 09:16:05.272088,44.77811050415039,46.92892456054688,0.0019980238284915,13.727,-4.365,0.0,0.0,0,0,1,,0.953,2026-03-10T09:16:05.272088,neutral,0.795,2026-03-10T09:16:05.272088,0.6073187740523646,2026-03-10T09:16:05.026000,78,,,errors=Solid line crossing
participant_03,2,day,Town10HD_Opt,2026-03-10 09:16:06.315705,44.61164093017578,44.81966781616211,0.0020359419286251,10.132,2.059,0.0,0.069,0,0,1,,0.946,2026-03-10T09:16:06.315705,neutral,0.795,2026-03-10T09:16:05.272088,0.5161401692785685,2026-03-10T09:16:06.016000,77,,,
participant_03,2,day,Town10HD_Opt,2026-03-10 09:16:07.022985,44.56789779663086,43.74188232421875,0.002005310030654,8.325,3.49,0.0,0.0,0,0,1,,0.894,2026-03-10T09:16:07.022985,neutral,0.795,2026-03-10T09:16:05.272088,0.6011759475566012,2026-03-10T09:16:07.005000,77,,,
participant_03,2,day,Town10HD_Opt,2026-03-10 09:16:08.036808,44.54523468017578,42.41764068603516,0.001928825280629,7.573,2.73,0.288,0.0,0,0,1,,0.883,2026-03-10T09:16:08.036808,neutral,0.954,2026-03-10T09:16:08.036808,0.5503989818800107,2026-03-10T09:16:07.996000,79,,,
participant_03,2,day,Town10HD_Opt,2026-03-10 09:16:09.087278,44.55061340332031,40.89611053466797,0.0018125915667042,10.518,3.033,0.356,0.0,0,0,1,,0.857,2026-03-10T09:16:09.087278,neutral,0.954,2026-03-10T09:16:08.036808,0.521234958435993,2026-03-10T09:16:09.031000,79,,,
participant_03,2,day,Town10HD_Opt,2026-03-10 09:16:10.100583,44.6353645324707,38.83209991455078,0.0018589019309729,12.805,5.742,0.214,0.0,0,0,1,,1.0,2026-03-10T09:16:10.100583,neutral,0.926,2026-03-10T09:16:10.100583,0.6431438487000936,2026-03-10T09:16:10.021000,82,,,
participant_03,2,day,Town10HD_Opt,2026-03-10 09:16:11.170199,44.97501373291016,36.636905670166016,0.0019544982351362,12.17,12.573,0.067,0.0,0,0,1,,0.862,2026-03-10T09:16:11.170199,neutral,0.926,2026-03-10T09:16:10.100583,0.5613229871120543,2026-03-10T09:16:11.011000,80,,,
participant_03,2,day,Town10HD_Opt,2026-03-10 09:16:12.196227,45.59366226196289,34.8061637878418,0.0019984054379165,9.906,17.936,0.103,0.0,0,0,1,,1.0,2026-03-10T09:16:12.196227,neutral,0.979,2026-03-10T09:16:12.196227,0.564734439629751,2026-03-10T09:16:12.001000,80,,,
participant_03,2,day,Town10HD_Opt,2026-03-10 09:16:13.217427,46.41703414916992,33.3558464050293,0.0019253920763731,9.623,19.327,0.223,0.0,0,0,1,,1.0,2026-03-10T09:16:13.217427,neutral,0.979,2026-03-10T09:16:12.196227,0.5823663830885135,2026-03-10T09:16:12.991000,79,Solid line crossing,Solid line crossing,
participant_03,2,day,Town10HD_Opt,2026-03-10 09:16:14.195997,47.55982971191406,31.97603988647461,0.0018708801362663,11.309,19.315,0.29,0.0,0,0,1,,1.0,2026-03-10T09:16:14.195997,neutral,0.979,2026-03-10T09:16:12.196227,0.6628567147827165,2026-03-10T09:16:14.071000,79,,,
participant_03,2,day,Town10HD_Opt,2026-03-10 09:16:15.233183,49.18773651123047,30.63487434387207,0.0018776321085169,13.054,19.188,0.282,0.0,0,0,1,,0.824,2026-03-10T09:16:15.233183,neutral,0.908,2026-03-10T09:16:15.233183,0.5905323651928364,2026-03-10T09:16:15.017000,79,,,
participant_03,2,day,Town10HD_Opt,2026-03-10 09:16:16.283160,51.30575942993164,29.55212783813477,0.0018908309284597,14.41,17.831,0.263,0.0,0,0,1,,0.871,2026-03-10T09:16:16.283160,neutral,0.908,2026-03-10T09:16:15.233183,0.6350605190703464,2026-03-10T09:16:16.006000,79,,,
participant_03,2,day,Town10HD_Opt,2026-03-10 09:16:17.309482,53.78019332885742,28.81164932250977,0.0019022750202566,15.193,11.368,0.249,0.0,0,0,1,,0.845,2026-03-10T09:16:17.309482,neutral,0.975,2026-03-10T09:16:17.309482,0.5843830993289021,2026-03-10T09:16:16.998000,80,,,
participant_03,2,day,Town10HD_Opt,2026-03-10 09:16:18.296512,56.428001403808594,28.28954124450684,0.0019039153121411,15.682,0.261,0.246,0.0,0,0,1,,0.892,2026-03-10T09:16:18.296512,neutral,0.975,2026-03-10T09:16:17.309482,0.5337784603666217,2026-03-10T09:16:18.031000,81,,,
participant_03,2,day,Town10HD_Opt,2026-03-10 09:16:19.303226,59.11500930786133,27.609174728393555,0.001905555720441,16.118,-5.583,0.271,0.0,0,0,1,,0.858,2026-03-10T09:16:19.303226,neutral,0.975,2026-03-10T09:16:17.309482,0.5494034932947671,2026-03-10T09:16:19.021000,84,,,
participant_03,2,day,Town10HD_Opt,2026-03-10 09:16:20.288100,61.85806655883789,26.75010681152344,0.0018971251556649,16.801,1.093,0.284,0.0,0,0,1,,0.926,2026-03-10T09:16:20.288100,neutral,0.974,2026-03-10T09:16:20.288100,0.5968454729664283,2026-03-10T09:16:20.012000,87,,,
participant_03,2,day,Town10HD_Opt,2026-03-10 09:16:21.299310,64.74542999267578,25.94090461730957,0.0018983840709552,17.484,1.984,0.275,0.0,0,0,1,,0.919,2026-03-10T09:16:21.299310,neutral,0.974,2026-03-10T09:16:20.288100,0.6013023580812838,2026-03-10T09:16:21.001000,89,,,
participant_03,2,day,Town10HD_Opt,2026-03-10 09:16:22.009055,66.74044036865234,25.445602416992188,0.0019040297484025,17.785,2.534,0.27,0.0,0,0,1,,0.931,2026-03-10T09:16:22.009055,neutral,0.974,2026-03-10T09:16:20.288100,0.6187053328709778,2026-03-10T09:16:21.991000,86,,,
participant_03,2,day,Town10HD_Opt,2026-03-10 09:16:23.289411,70.81745147705078,24.650774002075195,0.0019387817010283,17.49,5.917,0.207,0.0,0,0,1,,0.93,2026-03-10T09:16:23.289411,neutral,0.948,2026-03-10T09:16:23.289411,0.618721928249163,2026-03-10T09:16:23.025000,87,,,errors=Solid line crossing
participant_03,2,day,Town10HD_Opt,2026-03-10 09:16:24.331132,73.79903411865234,24.428407669067383,0.0019601820968091,16.361,7.763,0.0,0.0,0,0,1,,0.923,2026-03-10T09:16:24.331132,neutral,0.948,2026-03-10T09:16:23.289411,0.6180034449589421,2026-03-10T09:16:24.016000,84,,,
participant_03,2,day,Town10HD_Opt,2026-03-10 09:16:25.337452,76.35877227783203,24.52530860900879,0.0020391081925481,12.363,3.759,0.0,0.13,0,0,1,,0.877,2026-03-10T09:16:25.337452,neutral,0.928,2026-03-10T09:16:25.337452,0.5362308554390269,2026-03-10T09:16:25.006000,84,,,
participant_03,2,day,Town10HD_Opt,2026-03-10 09:16:26.045012,77.68634796142578,24.589990615844727,0.0020513152703642,9.786,-3.58,0.0,0.214,0,0,1,,0.936,2026-03-10T09:16:26.045012,neutral,0.928,2026-03-10T09:16:25.337452,0.6240856846499756,2026-03-10T09:16:25.996000,83,,,
participant_03,2,day,Town10HD_Opt,2026-03-10 09:16:27.027460,79.06207275390625,24.58529281616211,0.0020551299676299,5.537,-2.642,0.0,0.277,0,0,1,,0.972,2026-03-10T09:16:27.027460,neutral,0.928,2026-03-10T09:16:25.337452,0.6127472365698287,2026-03-10T09:16:27.031000,81,,,
participant_03,2,day,Town10HD_Opt,2026-03-10 09:16:28.072928,79.20401000976562,24.583934783935547,0.001958007691428,0.062,-0.129,0.0,0.0,0,0,1,,0.818,2026-03-10T09:16:28.072928,neutral,0.936,2026-03-10T09:16:28.072928,0.5001755087618208,2026-03-10T09:16:28.022000,82,,,
participant_03,2,day,Town10HD_Opt,2026-03-10 09:16:29.103265,79.2139892578125,24.58405876159668,0.00192012777552,0.053,0.374,0.0,0.0,0,0,1,,0.925,2026-03-10T09:16:29.103265,neutral,0.936,2026-03-10T09:16:28.072928,0.4732401643284827,2026-03-10T09:16:29.012000,84,,,
participant_03,2,day,Town10HD_Opt,2026-03-10 09:16:30.256516,79.22178649902344,24.584142684936523,0.0019192504696547,0.041,0.315,0.0,0.0,0,0,1,,1.0,2026-03-10T09:16:30.256516,neutral,0.877,2026-03-10T09:16:30.256516,0.4186045495388963,2026-03-10T09:16:30.001000,81,,,
participant_03,2,day,Town10HD_Opt,2026-03-10 09:16:31.253710,79.22779083251953,24.58414649963379,0.001919288537465,0.033,0.214,0.0,0.0,0,0,1,,0.919,2026-03-10T09:16:31.253710,neutral,0.877,2026-03-10T09:16:30.256516,0.4818325007074364,2026-03-10T09:16:30.991000,79,,,
participant_03,2,day,Town10HD_Opt,2026-03-10 09:16:32.270506,79.2323989868164,24.58414459228516,0.0019191741012036,0.026,0.193,0.0,0.0,0,0,1,,0.949,2026-03-10T09:16:32.270506,neutral,0.738,2026-03-10T09:16:32.270506,0.4770944171688006,2026-03-10T09:16:32.026000,80,,,
participant_03,2,day,Town10HD_Opt,2026-03-10 09:16:33.206038,79.234619140625,24.58414459228516,0.0019187927246093,0.004,0.183,0.0,0.0,0,0,1,,1.0,2026-03-10T09:16:33.206038,neutral,0.738,2026-03-10T09:16:32.270506,0.4208238631456744,2026-03-10T09:16:33.016000,79,,,
participant_03,2,day,Town10HD_Opt,2026-03-10 09:16:34.154149,79.23494720458984,24.58414459228516,0.0019189452286809,0.001,0.183,0.0,0.0,0,0,1,,0.937,2026-03-10T09:16:34.154149,neutral,0.738,2026-03-10T09:16:32.270506,0.4553075182830661,2026-03-10T09:16:34.096000,79,,,
participant_03,2,day,Town10HD_Opt,2026-03-10 09:16:35.068794,79.234619140625,24.58414459228516,0.0019186401041224,0.14,0.186,0.105,0.0,0,0,1,,0.907,2026-03-10T09:16:35.068794,neutral,0.574,2026-03-10T09:16:35.068794,0.3764843951893747,2026-03-10T09:16:35.041000,76,,,
participant_03,2,day,Town10HD_Opt,2026-03-10 09:16:36.066816,79.36373138427734,24.58540916442871,0.0017546081217005,3.138,0.801,0.827,0.0,0,0,1,,0.902,2026-03-10T09:16:36.066816,neutral,0.574,2026-03-10T09:16:35.068794,0.4577038866294911,2026-03-10T09:16:36.031000,71,,,
participant_03,2,day,Town10HD_Opt,2026-03-10 09:16:37.274278,82.33722686767578,24.64606475830078,0.0017243194160982,22.521,0.834,1.0,0.0,0,0,1,,0.896,2026-03-10T09:16:37.274278,neutral,0.702,2026-03-10T09:16:37.274278,0.383757821059357,2026-03-10T09:16:37.021000,69,,,
participant_03,2,day,Town10HD_Opt,2026-03-10 09:16:38.025115,85.34886169433594,24.72317314147949,0.0018460464198142,27.009,-1.92,0.011,0.0,0,0,1,,0.883,2026-03-10T09:16:38.025115,neutral,0.702,2026-03-10T09:16:37.274278,0.3965473217632456,2026-03-10T09:16:38.012000,67,,,
participant_03,2,day,Town10HD_Opt,2026-03-10 09:16:39.080193,89.64238739013672,24.55034828186035,0.0021780775859951,22.208,-7.42,0.281,0.0,0,0,1,,0.97,2026-03-10T09:16:39.080193,neutral,0.702,2026-03-10T09:16:37.274278,0.375403217503561,2026-03-10T09:16:39.002000,64,,,
participant_03,2,day,Town10HD_Opt,2026-03-10 09:16:40.133300,93.44001770019533,23.885316848754883,0.0019981765653938,22.905,-5.749,0.522,0.0,0,0,1,,0.956,2026-03-10T09:16:40.133300,neutral,0.801,2026-03-10T09:16:40.133300,0.2715792626064291,2026-03-10T09:16:39.991000,61,,,
participant_03,2,day,Town10HD_Opt,2026-03-10 09:16:41.141031,97.54393005371094,22.55867958068848,0.0019244003342464,26.952,-10.641,0.46,0.0,0,0,1,,0.993,2026-03-10T09:16:41.141031,neutral,0.801,2026-03-10T09:16:40.133300,0.3653582342720736,2026-03-10T09:16:41.027000,61,,,
participant_03,2,day,Town10HD_Opt,2026-03-10 09:16:42.212577,101.52983856201172,20.06794548034668,0.0021456908434629,25.579,-14.393,0.141,0.0,0,0,1,,0.866,2026-03-10T09:16:42.212577,neutral,0.795,2026-03-10T09:16:42.212577,0.2826192022985373,2026-03-10T09:16:42.016000,63,,,
participant_03,2,day,Town10HD_Opt,2026-03-10 09:16:43.190277,104.18146514892578,16.917261123657227,0.0021971128880977,21.161,-14.364,0.141,0.0,0,0,1,,0.867,2026-03-10T09:16:43.190277,neutral,0.795,2026-03-10T09:16:42.212577,0.3040971226852547,2026-03-10T09:16:43.006000,63,,,
participant_03,2,day,Town10HD_Opt,2026-03-10 09:16:44.289543,105.5792465209961,13.776742935180664,0.0021323775872588,17.948,-14.215,0.179,0.0,0,0,1,,0.94,2026-03-10T09:16:44.289543,neutral,0.788,2026-03-10T09:16:44.289543,0.2226017202378298,2026-03-10T09:16:43.996000,63,,,
participant_03,2,day,Town10HD_Opt,2026-03-10 09:16:45.310923,106.16453552246094,10.69142723083496,0.0021228790283203,17.866,-8.413,0.269,0.0,0,0,1,,0.988,2026-03-10T09:16:45.310923,neutral,0.788,2026-03-10T09:16:44.289543,0.2538218481115064,2026-03-10T09:16:45.031000,65,,,
participant_03,2,day,Town10HD_Opt,2026-03-10 09:16:46.237737,106.4578094482422,7.495859622955322,0.0019571303855627,20.08,-2.492,0.807,0.0,0,0,1,,0.956,2026-03-10T09:16:46.237737,neutral,0.788,2026-03-10T09:16:44.289543,0.285526890298401,2026-03-10T09:16:46.021000,62,,,
participant_03,2,day,Town10HD_Opt,2026-03-10 09:16:47.167838,106.70113372802734,3.0920207500457764,0.0018481826409697,28.349,-2.17,0.142,0.0,0,0,1,,0.935,2026-03-10T09:16:47.167838,neutral,0.806,2026-03-10T09:16:47.167838,0.2278248241280532,2026-03-10T09:16:47.013000,63,,,
participant_03,2,day,Town10HD_Opt,2026-03-10 09:16:48.089079,106.74415588378906,-1.5888062715530396,0.0021594618447124,24.87,-1.718,0.169,0.0,0,0,1,,0.945,2026-03-10T09:16:48.089079,neutral,0.806,2026-03-10T09:16:47.167838,0.2340158898781505,2026-03-10T09:16:48.001000,65,,,
participant_03,2,day,Town10HD_Opt,2026-03-10 09:16:49.028078,106.69361114501952,-5.6324639320373535,0.0021405410952866,21.49,1.177,0.228,0.0,0,0,1,,0.808,2026-03-10T09:16:49.028078,neutral,0.806,2026-03-10T09:16:47.167838,0.2829996601915823,2026-03-10T09:16:48.991000,64,,,
participant_03,2,day,Town10HD_Opt,2026-03-10 09:16:50.253397,106.7392349243164,-10.359200477600098,0.0020912550389766,19.153,-0.24,0.311,0.0,0,0,1,,0.917,2026-03-10T09:16:50.253397,neutral,0.973,2026-03-10T09:16:50.253397,0.2732963574296664,2026-03-10T09:16:50.026000,68,,,
participant_03,2,day,Town10HD_Opt,2026-03-10 09:16:51.188164,106.76712036132812,-13.75467300415039,0.0019653320778161,20.755,-0.129,0.532,0.0,0,0,1,,0.817,2026-03-10T09:16:51.188164,neutral,0.973,2026-03-10T09:16:50.253397,0.2969691202224753,2026-03-10T09:16:51.016000,68,,,
participant_03,2,day,Town10HD_Opt,2026-03-10 09:16:52.134159,106.80011749267578,-17.714916229248047,0.0019187927246093,24.725,0.839,0.472,0.0,0,0,1,,0.831,2026-03-10T09:16:52.134159,neutral,0.973,2026-03-10T09:16:50.253397,0.2712846427565791,2026-03-10T09:16:52.006000,71,,,
participant_03,2,day,Town10HD_Opt,2026-03-10 09:16:53.063122,106.9473876953125,-22.229093551635746,0.0019894028082489,26.693,2.043,0.398,0.0,0,0,1,,0.867,2026-03-10T09:16:53.063122,neutral,0.964,2026-03-10T09:16:53.063122,0.3136568787623173,2026-03-10T09:16:53.041000,73,,,
participant_03,2,day,Town10HD_Opt,2026-03-10 09:16:54.308891,107.42361450195312,-28.55361557006836,0.0020240021403878,27.598,-2.442,0.388,0.0,0,0,1,,0.947,2026-03-10T09:16:54.308891,neutral,0.964,2026-03-10T09:16:53.063122,0.2683187186496506,2026-03-10T09:16:54.031000,74,,,
participant_03,2,day,Town10HD_Opt,2026-03-10 09:16:55.307657,107.42916870117188,-33.413204193115234,0.0020362853538244,27.991,-7.465,0.387,0.0,0,0,1,,0.878,2026-03-10T09:16:55.307657,neutral,0.862,2026-03-10T09:16:55.307657,0.3318795190513252,2026-03-10T09:16:55.021000,73,,,
participant_03,2,day,Town10HD_Opt,2026-03-10 09:16:56.185264,106.58430480957033,-38.254581451416016,0.0020399093627929,28.306,-7.489,0.388,0.0,0,0,1,,0.835,2026-03-10T09:16:56.185264,neutral,0.862,2026-03-10T09:16:55.307657,0.2857256642503739,2026-03-10T09:16:56.012000,74,,,
participant_03,2,day,Town10HD_Opt,2026-03-10 09:16:57.090221,104.87106323242188,-42.91970443725586,0.002039527753368,28.605,-6.502,0.387,0.0,0,0,1,,0.87,2026-03-10T09:16:57.090221,neutral,0.862,2026-03-10T09:16:55.307657,0.3125572974124551,2026-03-10T09:16:57.001000,71,,,
participant_03,2,day,Town10HD_Opt,2026-03-10 09:16:58.039439,102.43639373779295,-47.31448745727539,0.0020380020141601,28.893,-5.255,0.388,0.0,0,0,1,,0.833,2026-03-10T09:16:58.039439,neutral,0.797,2026-03-10T09:16:58.039439,0.3802237718636919,2026-03-10T09:16:57.991000,71,,,
participant_03,2,day,Town10HD_Opt,2026-03-10 09:16:59.272892,98.40145111083984,-52.7602424621582,0.0020370865240693,29.247,-4.407,0.387,0.0,0,0,1,,0.967,2026-03-10T09:16:59.272892,neutral,0.797,2026-03-10T09:16:58.039439,0.3444217115615278,2026-03-10T09:16:59.027000,70,,,
participant_03,2,day,Town10HD_Opt,2026-03-10 09:17:00.243442,94.83109283447266,-56.44012451171875,0.0020412825979292,29.44,-5.777,0.387,0.0,0,0,1,,0.841,2026-03-10T09:17:00.243442,neutral,0.908,2026-03-10T09:17:00.243442,0.3321477221422845,2026-03-10T09:17:00.017000,70,,,
participant_03,2,day,Town10HD_Opt,2026-03-10 09:17:01.169241,90.73692321777344,-59.57781600952149,0.002041587838903,29.603,-5.356,0.387,0.0,0,0,1,,0.865,2026-03-10T09:17:01.169241,neutral,0.908,2026-03-10T09:17:00.243442,0.4622015705560103,2026-03-10T09:17:01.006000,70,,,
participant_03,2,day,Town10HD_Opt,2026-03-10 09:17:02.101798,86.23125457763672,-62.18393325805664,0.0020155715756118,30.288,-3.059,0.477,0.0,0,0,1,,0.966,2026-03-10T09:17:02.101798,neutral,0.908,2026-03-10T09:17:00.243442,0.4065916022364365,2026-03-10T09:17:01.996000,70,,,
participant_03,2,day,Town10HD_Opt,2026-03-10 09:17:03.022366,81.300048828125,-64.46769714355469,0.0019972228910773,31.871,-3.947,0.443,0.0,0,0,1,,0.971,2026-03-10T09:17:03.022366,neutral,0.754,2026-03-10T09:17:03.022366,0.4448550187086821,2026-03-10T09:17:03.032000,70,,,
participant_03,2,day,Town10HD_Opt,2026-03-10 09:17:04.294446,74.05253601074219,-66.71488952636719,0.0020126341842114,33.306,-4.832,0.443,0.0,0,0,1,,0.92,2026-03-10T09:17:04.294446,neutral,0.754,2026-03-10T09:17:03.022366,0.3555137237460478,2026-03-10T09:17:04.022000,73,,,
participant_03,2,day,Town10HD_Opt,2026-03-10 09:17:05.275372,68.2175064086914,-67.56689453125,0.0020161436405032,34.22,-3.488,0.443,0.0,0,0,1,,0.979,2026-03-10T09:17:05.275372,neutral,0.886,2026-03-10T09:17:05.275372,0.5072692788028124,2026-03-10T09:17:05.012000,77,,,
participant_03,2,day,Town10HD_Opt,2026-03-10 09:17:06.249531,62.16929626464844,-67.8608169555664,0.0020165634341537,35.058,-0.479,0.443,0.0,0,0,1,,0.885,2026-03-10T09:17:06.249531,neutral,0.886,2026-03-10T09:17:05.275372,0.5708461725517434,2026-03-10T09:17:06.001000,76,,,
participant_03,2,day,Town10HD_Opt,2026-03-10 09:17:07.233722,55.97723007202149,-67.99958038330078,0.0020201110746711,35.808,-1.347,0.442,0.0,0,0,1,,0.938,2026-03-10T09:17:07.233722,neutral,0.886,2026-03-10T09:17:05.275372,0.5276842337689056,2026-03-10T09:17:06.992000,78,,,
participant_03,2,day,Town10HD_Opt,2026-03-10 09:17:08.197769,49.66905975341797,-67.93789672851562,0.0020233916584402,36.407,0.075,0.442,0.0,0,0,1,,0.828,2026-03-10T09:17:08.197769,neutral,0.968,2026-03-10T09:17:08.197769,0.5493850437412742,2026-03-10T09:17:08.026000,82,,,
participant_03,2,day,Town10HD_Opt,2026-03-10 09:17:09.181428,43.26189804077149,-67.8177490234375,0.002025794936344,36.9,0.23,0.436,0.0,0,0,1,,1.0,2026-03-10T09:17:09.181428,neutral,0.968,2026-03-10T09:17:08.197769,0.4916461403769332,2026-03-10T09:17:09.019000,78,,,
participant_03,2,day,Town10HD_Opt,2026-03-10 09:17:10.153849,36.86414337158203,-67.72880554199219,0.0021170042455196,35.31,-0.089,0.262,0.0,0,0,1,,1.0,2026-03-10T09:17:10.153849,neutral,0.968,2026-03-10T09:17:08.197769,0.5330698562076442,2026-03-10T09:17:10.007000,78,,,
participant_03,2,day,Town10HD_Opt,2026-03-10 09:17:11.093007,30.943092346191406,-67.63716888427734,0.0021454237867146,32.103,0.115,0.259,0.0,0,0,1,,0.84,2026-03-10T09:17:11.093007,neutral,0.967,2026-03-10T09:17:11.093007,0.5555200217219588,2026-03-10T09:17:10.997000,80,,,
participant_03,2,day,Town10HD_Opt,2026-03-10 09:17:12.078569,25.552885055541992,-67.56907653808594,0.0021327210124582,29.447,0.176,0.259,0.0,0,0,1,,1.0,2026-03-10T09:17:12.078569,neutral,0.967,2026-03-10T09:17:11.093007,0.5240925340551035,2026-03-10T09:17:12.032000,78,,,
participant_03,2,day,Town10HD_Opt,2026-03-10 09:17:13.265835,19.0006160736084,-67.52201843261719,0.002086830092594,27.061,0.176,0.307,0.0,0,0,1,,0.858,2026-03-10T09:17:13.265835,neutral,0.971,2026-03-10T09:17:13.265835,0.5620345584814714,2026-03-10T09:17:13.022000,77,,,
participant_03,2,day,Town10HD_Opt,2026-03-10 09:17:14.203517,14.363823890686035,-67.51256561279297,0.002084732055664,25.798,0.176,0.293,0.0,0,0,1,,0.852,2026-03-10T09:17:14.203517,neutral,0.971,2026-03-10T09:17:13.265835,0.5409572122034612,2026-03-10T09:17:14.012000,74,,,
participant_03,2,day,Town10HD_Opt,2026-03-10 09:17:15.161240,9.957674026489258,-67.52196502685547,0.0020886610727757,24.414,0.176,0.284,0.0,0,0,1,,0.87,2026-03-10T09:17:15.161240,neutral,0.971,2026-03-10T09:17:13.265835,0.5801766864159944,2026-03-10T09:17:15.002000,75,,,
participant_03,2,day,Town10HD_Opt,2026-03-10 09:17:16.069544,5.789795875549316,-67.5470962524414,0.0020771026611328,23.455,0.19,0.901,0.0,0,0,1,,0.915,2026-03-10T09:17:16.069544,neutral,0.92,2026-03-10T09:17:16.069544,0.6386325984366477,2026-03-10T09:17:15.991000,73,,,
participant_03,2,day,Town10HD_Opt,2026-03-10 09:17:17.278881,-1.56434428691864,-67.63288116455078,0.0015410613268613,42.434,0.209,1.0,0.0,0,0,1,,1.0,2026-03-10T09:17:17.278881,neutral,0.92,2026-03-10T09:17:16.069544,0.5443664370004386,2026-03-10T09:17:17.027000,73,,,
participant_03,2,day,Town10HD_Opt,2026-03-10 09:17:18.225116,-10.041711807250977,-67.79354858398438,0.0018667601980268,50.374,-0.061,0.0,0.0,0,0,1,,1.0,2026-03-10T09:17:18.225116,neutral,0.902,2026-03-10T09:17:18.225116,0.661121079927529,2026-03-10T09:17:18.017000,73,,,
participant_03,2,day,Town10HD_Opt,2026-03-10 09:17:19.244223,-18.831586837768555,-67.9397964477539,0.0019598007202148,51.294,-0.55,0.0,0.129,0,0,1,,0.921,2026-03-10T09:17:19.244223,neutral,0.902,2026-03-10T09:17:18.225116,0.5689025113334364,2026-03-10T09:17:19.006000,70,,,
participant_03,2,day,Town10HD_Opt,2026-03-10 09:17:20.142292,-26.911489486694336,-67.98274993896484,0.0023814390879124,40.273,0.362,0.0,0.0,0,0,1,,0.937,2026-03-10T09:17:20.142292,neutral,0.902,2026-03-10T09:17:18.225116,0.639095186309299,2026-03-10T09:17:19.996000,70,,,
participant_03,2,day,Town10HD_Opt,2026-03-10 09:17:21.102798,-33.203857421875,-68.04232788085938,0.002327880822122,31.17,-0.757,0.173,0.0,0,0,1,,0.942,2026-03-10T09:17:21.102798,neutral,0.888,2026-03-10T09:17:21.102798,0.6467343411013775,2026-03-10T09:17:21.031000,67,,,
participant_03,2,day,Town10HD_Opt,2026-03-10 09:17:22.074549,-38.489402770996094,-68.02946472167969,0.0019646072760224,31.319,0.613,0.633,0.0,0,0,1,,0.88,2026-03-10T09:17:22.074549,neutral,0.888,2026-03-10T09:17:21.102798,0.6659095844975197,2026-03-10T09:17:22.022000,67,,,
participant_03,2,day,Town10HD_Opt,2026-03-10 09:17:23.290044,-46.80165863037109,-68.11573791503906,0.0018574142595753,40.43,-0.061,0.679,0.0,0,0,1,,0.933,2026-03-10T09:17:23.290044,neutral,0.924,2026-03-10T09:17:23.290044,0.6357753263086043,2026-03-10T09:17:23.012000,72,,,
participant_03,2,day,Town10HD_Opt,2026-03-10 09:17:24.240494,-54.345027923583984,-68.2169189453125,0.0018310927553102,46.089,-0.108,0.658,0.0,0,0,1,,0.954,2026-03-10T09:17:24.240494,neutral,0.924,2026-03-10T09:17:23.290044,0.6022091563773794,2026-03-10T09:17:24.092000,66,,,
participant_03,2,day,Town10HD_Opt,2026-03-10 09:17:25.288194,-62.7835693359375,-68.31739044189453,0.0018937683198601,50.643,-0.221,0.603,0.0,0,0,1,,0.862,2026-03-10T09:17:25.288194,neutral,0.924,2026-03-10T09:17:23.290044,0.6503773134732374,2026-03-10T09:17:25.036000,69,,,
participant_03,2,day,Town10HD_Opt,2026-03-10 09:17:26.210448,-71.17576599121094,-68.25559997558594,0.0023558426182717,41.914,-3.544,0.0,0.0,0,0,1,,0.954,2026-03-10T09:17:26.210448,neutral,0.92,2026-03-10T09:17:26.210448,0.731897159188145,2026-03-10T09:17:26.027000,68,,,
participant_03,2,day,Town10HD_Opt,2026-03-10 09:17:27.219619,-77.76374053955078,-67.48812866210938,0.002347259549424,32.821,-4.115,0.0,0.0,0,0,1,,0.923,2026-03-10T09:17:27.219619,neutral,0.92,2026-03-10T09:17:26.210448,0.6394205692744438,2026-03-10T09:17:27.017000,69,,,
participant_03,2,day,Town10HD_Opt,2026-03-10 09:17:28.177031,-82.73391723632812,-66.28099822998047,0.0022870253305882,25.226,-4.426,0.098,0.0,0,0,1,,0.983,2026-03-10T09:17:28.177031,neutral,0.92,2026-03-10T09:17:26.210448,0.5977418730512455,2026-03-10T09:17:28.007000,68,,,
participant_03,2,day,Town10HD_Opt,2026-03-10 09:17:29.132794,-86.57067108154297,-64.89867401123047,0.0021467970218509,21.684,-4.549,0.355,0.0,0,0,1,,0.949,2026-03-10T09:17:29.132794,neutral,0.897,2026-03-10T09:17:29.132794,0.6083111978504083,2026-03-10T09:17:28.998000,72,,,
participant_03,2,day,Town10HD_Opt,2026-03-10 09:17:30.076154,-90.07411193847656,-63.24773406982422,0.001953125,23.715,-4.511,0.526,0.0,0,0,1,,0.964,2026-03-10T09:17:30.076154,neutral,0.897,2026-03-10T09:17:29.132794,0.6330064544130586,2026-03-10T09:17:30.032000,69,,,
participant_03,2,day,Town10HD_Opt,2026-03-10 09:17:31.271386,-95.30873107910156,-60.0175895690918,0.0024257279001176,29.579,-4.266,0.545,0.0,0,0,1,,0.962,2026-03-10T09:17:31.271386,neutral,0.908,2026-03-10T09:17:31.271386,0.6192520842350202,2026-03-10T09:17:31.022000,70,,,
participant_03,2,day,Town10HD_Opt,2026-03-10 09:17:32.272814,-99.5352554321289,-56.63337707519531,0.0020183180458843,31.233,-4.542,0.287,0.0,0,0,1,,0.952,2026-03-10T09:17:32.272814,neutral,0.908,2026-03-10T09:17:31.271386,0.6136936785172817,2026-03-10T09:17:32.012000,64,,,
participant_03,2,day,Town10HD_Opt,2026-03-10 09:17:33.204462,-103.22877502441406,-52.85554885864258,0.0021303938701748,28.898,-4.778,0.239,0.0,0,0,1,,1.0,2026-03-10T09:17:33.204462,neutral,0.908,2026-03-10T09:17:31.271386,0.6850942203143893,2026-03-10T09:17:33.001000,63,,,errors=Solid line crossing
participant_03,2,day,Town10HD_Opt,2026-03-10 09:17:34.141077,-106.13729095458984,-49.02898406982422,0.0021350097376853,25.986,-5.078,0.259,0.0,0,0,1,,0.928,2026-03-10T09:17:34.141077,neutral,0.885,2026-03-10T09:17:34.141077,0.6526882042806924,2026-03-10T09:17:34.037000,66,,,
participant_03,2,day,Town10HD_Opt,2026-03-10 09:17:35.014975,-108.36495971679688,-45.22716522216797,0.0020823287777602,24.591,-5.035,0.346,0.0,0,0,1,,0.855,2026-03-10T09:17:35.014975,neutral,0.885,2026-03-10T09:17:34.141077,0.626256161067936,2026-03-10T09:17:35.026000,66,,,
participant_03,2,day,Town10HD_Opt,2026-03-10 09:17:36.002606,-110.10565185546876,-41.30447769165039,0.0020498274825513,24.466,-4.988,0.346,0.0,0,0,1,,0.921,2026-03-10T09:17:36.002606,neutral,0.885,2026-03-10T09:17:34.141077,0.6305625924763134,2026-03-10T09:17:36.016000,69,,,
participant_03,2,day,Town10HD_Opt,2026-03-10 09:17:37.216251,-111.73517608642578,-35.85348129272461,0.0020503997802734,24.295,-4.983,0.361,0.0,0,0,1,,0.938,2026-03-10T09:17:37.216251,neutral,0.913,2026-03-10T09:17:37.216251,0.6499240888825435,2026-03-10T09:17:37.007000,69,,,
participant_03,2,day,Town10HD_Opt,2026-03-10 09:17:38.146146,-112.4244613647461,-31.64330101013184,0.002043075626716,24.437,-6.319,0.351,0.0,0,0,1,,0.83,2026-03-10T09:17:38.146146,neutral,0.913,2026-03-10T09:17:37.216251,0.6804095094263821,2026-03-10T09:17:37.997000,70,,,
participant_03,2,day,Town10HD_Opt,2026-03-10 09:17:39.082700,-112.55616760253906,-27.36788749694824,0.0020486449357122,24.428,-6.303,0.347,0.0,0,0,1,,0.866,2026-03-10T09:17:39.082700,neutral,0.913,2026-03-10T09:17:37.216251,0.7212895338807027,2026-03-10T09:17:39.032000,68,,,
participant_03,2,day,Town10HD_Opt,2026-03-10 09:17:40.003445,-112.10516357421876,-23.12275123596192,0.0020503997802734,24.349,-5.888,0.342,0.0,0,0,1,,0.925,2026-03-10T09:17:40.003445,neutral,0.841,2026-03-10T09:17:40.003445,0.6635204441397918,2026-03-10T09:17:40.022000,71,,,
participant_03,2,day,Town10HD_Opt,2026-03-10 09:17:41.014447,-111.23902893066406,-18.95570945739746,0.002049560425803,24.207,2.24,0.338,0.0,0,0,1,,0.84,2026-03-10T09:17:41.014447,neutral,0.841,2026-03-10T09:17:40.003445,0.6492200889888332,2026-03-10T09:17:41.013000,71,,,
participant_03,2,day,Town10HD_Opt,2026-03-10 09:17:42.268650,-110.47388458251952,-13.41805648803711,0.002087936270982,22.998,3.113,0.0,0.0,0,0,1,,0.933,2026-03-10T09:17:42.268650,neutral,0.983,2026-03-10T09:17:42.268650,0.6777526281154373,2026-03-10T09:17:42.002000,69,,,
participant_03,2,day,Town10HD_Opt,2026-03-10 09:17:43.228586,-110.28616333007812,-9.847369194030762,0.0020362471695989,17.132,3.405,0.0,0.224,0,0,1,,1.0,2026-03-10T09:17:43.228586,neutral,0.983,2026-03-10T09:17:42.268650,0.6759732471940794,2026-03-10T09:17:43.037000,69,,,
participant_03,2,day,Town10HD_Opt,2026-03-10 09:17:44.186435,-110.29683685302734,-7.328999996185303,0.0021123504266142,11.086,3.349,0.0,0.416,0,0,1,,0.853,2026-03-10T09:17:44.186435,neutral,0.983,2026-03-10T09:17:42.268650,0.6589566374551679,2026-03-10T09:17:44.027000,65,,,
participant_03,2,day,Town10HD_Opt,2026-03-10 09:17:45.158906,-110.3331298828125,-5.808021545410156,0.0020482635591179,6.531,-2.367,0.0,0.192,0,0,1,,1.0,2026-03-10T09:17:45.158906,neutral,0.549,2026-03-10T09:17:45.158906,0.7854209122615542,2026-03-10T09:17:45.017000,65,,,
participant_03,2,day,Town10HD_Opt,2026-03-10 09:17:46.064844,-110.33029174804688,-5.409979820251465,0.0020233916584402,0.0,-2.407,0.0,0.362,0,0,1,,0.864,2026-03-10T09:17:46.064844,neutral,0.549,2026-03-10T09:17:45.158906,0.7651803806264653,2026-03-10T09:17:46.007000,64,,,
participant_03,2,day,Town10HD_Opt,2026-03-10 09:17:47.015606,-110.33026885986328,-5.409812450408936,0.0019231796031817,0.001,-0.47,0.0,0.0,0,0,1,,0.875,2026-03-10T09:17:47.015606,neutral,0.549,2026-03-10T09:17:45.158906,0.6446562578984126,2026-03-10T09:17:46.998000,69,,,
participant_03,2,day,Town10HD_Opt,2026-03-10 09:17:48.175791,-110.33026885986328,-5.409725189208984,0.0019190596649423,0.0,0.587,0.0,0.0,0,0,1,,0.961,2026-03-10T09:17:48.175791,neutral,0.941,2026-03-10T09:17:48.175791,0.7437148103395661,2026-03-10T09:17:48.032000,69,,,
participant_03,2,day,Town10HD_Opt,2026-03-10 09:17:49.064855,-110.33025360107422,-5.409716606140137,0.0019190596649423,0.0,0.587,0.0,0.0,0,0,1,reach_back,0.868,2026-03-10T09:17:49.064855,neutral,0.941,2026-03-10T09:17:48.175791,0.7199275508445261,2026-03-10T09:17:49.022000,69,,,
participant_03,2,day,Town10HD_Opt,2026-03-10 09:17:50.220864,-110.33026885986328,-5.409712791442871,0.0019189834129065,0.0,0.583,0.0,0.0,0,0,1,,1.0,2026-03-10T09:17:50.220864,neutral,0.978,2026-03-10T09:17:50.220864,0.7161606024329977,2026-03-10T09:17:50.012000,68,,,
participant_03,2,day,Town10HD_Opt,2026-03-10 09:17:51.133749,-110.33025360107422,-5.409712791442871,0.001919021597132,0.0,0.571,0.0,0.0,0,0,1,reach_back,0.881,2026-03-10T09:17:51.133749,neutral,0.978,2026-03-10T09:17:50.220864,0.6365360767163153,2026-03-10T09:17:51.002000,64,,,
participant_03,2,day,Town10HD_Opt,2026-03-10 09:17:52.274345,-110.33025360107422,-5.409708023071289,0.001919021597132,0.0,0.571,0.0,0.0,0,0,1,,1.0,2026-03-10T09:17:52.274345,neutral,0.698,2026-03-10T09:17:52.274345,0.7349871988184447,2026-03-10T09:17:52.037000,62,,,
participant_03,2,day,Town10HD_Opt,2026-03-10 09:17:53.141293,-110.33025360107422,-5.409708023071289,0.0019189834129065,0.0,0.571,0.0,0.0,0,0,1,,1.0,2026-03-10T09:17:53.141293,neutral,0.698,2026-03-10T09:17:52.274345,0.73907415926958,2026-03-10T09:17:53.027000,64,,,
participant_03,2,day,Town10HD_Opt,2026-03-10 09:17:54.015187,-110.33026885986328,-5.40970516204834,0.0019190596649423,0.0,0.569,0.0,0.0,0,0,1,,0.828,2026-03-10T09:17:54.015187,neutral,0.698,2026-03-10T09:17:52.274345,0.6859211137546547,2026-03-10T09:17:54.017000,67,,,
participant_03,2,day,Town10HD_Opt,2026-03-10 09:17:55.234030,-110.33026885986328,-5.409701347351074,0.0019190596649423,0.0,0.569,0.0,0.0,0,0,1,,1.0,2026-03-10T09:17:55.234030,neutral,0.98,2026-03-10T09:17:55.234030,0.7939067817807794,2026-03-10T09:17:55.007000,69,,,
participant_03,2,day,Town10HD_Opt,2026-03-10 09:17:56.159570,-110.33026885986328,-5.409694194793701,0.0019190978491678,0.0,0.569,0.0,0.0,0,0,1,,1.0,2026-03-10T09:17:56.159570,neutral,0.98,2026-03-10T09:17:55.234030,0.7516509008528975,2026-03-10T09:17:55.997000,67,,,
participant_03,2,day,Town10HD_Opt,2026-03-10 09:17:57.103642,-110.33025360107422,-5.409689903259277,0.001919021597132,0.0,0.562,0.0,0.0,0,0,1,reach_back,0.886,2026-03-10T09:17:57.103642,neutral,0.98,2026-03-10T09:17:55.234030,0.6693434848243043,2026-03-10T09:17:57.032000,70,,,
participant_03,2,day,Town10HD_Opt,2026-03-10 09:17:58.004561,-110.33078002929688,-5.35207462310791,0.0017697142902761,3.094,0.559,0.945,0.0,0,0,1,reach_back,0.827,2026-03-10T09:17:58.004561,neutral,0.959,2026-03-10T09:17:58.004561,0.7459189505599686,2026-03-10T09:17:58.022000,68,,,
participant_03,2,day,Town10HD_Opt,2026-03-10 09:17:59.228849,-110.37533569335938,-2.428556203842163,0.0017275619320571,22.316,0.552,0.986,0.0,0,0,1,,1.0,2026-03-10T09:17:59.228849,neutral,0.959,2026-03-10T09:17:58.004561,0.6793747760736816,2026-03-10T09:17:59.011000,71,,,
participant_03,2,day,Town10HD_Opt,2026-03-10 09:18:00.165796,-110.46087646484376,2.357948303222656,0.0020073316991329,28.103,-0.914,0.0,0.0,0,0,1,,1.0,2026-03-10T09:18:00.165796,neutral,0.974,2026-03-10T09:18:00.165796,0.7342012684497596,2026-03-10T09:18:00.002000,74,,,
participant_03,2,day,Town10HD_Opt,2026-03-10 09:18:01.094299,-110.44734191894533,6.748331546783447,0.0022534942254424,21.78,-4.221,0.0,0.0,0,0,1,,0.934,2026-03-10T09:18:01.094299,neutral,0.974,2026-03-10T09:18:00.165796,0.6292810338477125,2026-03-10T09:18:01.037000,72,,,
participant_03,2,day,Town10HD_Opt,2026-03-10 09:18:02.102205,-109.97071075439452,10.001296997070312,0.0019959257915616,16.396,-14.577,0.123,0.0,0,0,1,,0.899,2026-03-10T09:18:02.102205,neutral,0.974,2026-03-10T09:18:00.165796,0.6887994045213955,2026-03-10T09:18:02.027000,74,,,
participant_03,2,day,Town10HD_Opt,2026-03-10 09:18:03.064975,-108.99885559082033,12.580134391784668,0.0019144820980727,15.754,-4.652,0.305,0.0,0,0,1,,0.897,2026-03-10T09:18:03.064975,neutral,0.935,2026-03-10T09:18:03.064975,0.6293461341079014,2026-03-10T09:18:03.017000,74,,,
participant_03,2,day,Town10HD_Opt,2026-03-10 09:18:04.050711,-107.81289672851562,15.23770236968994,0.0018391036428511,18.042,-7.287,0.407,0.0,0,0,1,,0.843,2026-03-10T09:18:04.050711,neutral,0.935,2026-03-10T09:18:03.064975,0.6435020371277289,2026-03-10T09:18:04.006000,72,,,
participant_03,2,day,Town10HD_Opt,2026-03-10 09:18:05.036794,-106.13471221923828,18.019031524658203,0.0019669723697006,20.085,-9.593,0.524,0.0,0,0,1,,1.0,2026-03-10T09:18:05.036794,neutral,0.935,2026-03-10T09:18:03.064975,0.5987303524070757,2026-03-10T09:18:04.997000,74,,,
participant_03,2,day,Town10HD_Opt,2026-03-10 09:18:06.077060,-103.59490966796876,20.89211654663086,0.0019196700304746,24.277,-11.931,0.534,0.0,0,0,1,,0.876,2026-03-10T09:18:06.077060,neutral,0.887,2026-03-10T09:18:06.077060,0.6316187042961273,2026-03-10T09:18:06.032000,73,,,
participant_03,2,day,Town10HD_Opt,2026-03-10 09:18:07.095407,-99.8538589477539,23.47911834716797,0.0019294738303869,28.044,-11.53,0.534,0.0,0,0,1,,1.0,2026-03-10T09:18:07.095407,neutral,0.887,2026-03-10T09:18:06.077060,0.634385083187056,2026-03-10T09:18:07.023000,71,,,
participant_03,2,day,Town10HD_Opt,2026-03-10 09:18:08.061379,-95.1672821044922,25.151655197143555,0.0021934127435088,26.301,-10.646,0.0,0.0,0,0,1,,0.918,2026-03-10T09:18:08.061379,neutral,0.887,2026-03-10T09:18:06.077060,0.6313829063587503,2026-03-10T09:18:08.058000,72,,,
participant_03,2,day,Town10HD_Opt,2026-03-10 09:18:09.016222,-91.12525939941406,25.53937149047852,0.0022543715313076,19.512,-4.317,0.0,0.0,0,0,1,,0.94,2026-03-10T09:18:09.016222,neutral,0.797,2026-03-10T09:18:09.016222,0.696541521869708,2026-03-10T09:18:09.002000,75,,,
participant_03,2,day,Town10HD_Opt,2026-03-10 09:18:10.043119,-88.05810546875,25.724422454833984,0.0020345305092632,15.217,11.931,0.0,0.0,0,0,1,,1.0,2026-03-10T09:18:10.043119,neutral,0.797,2026-03-10T09:18:09.016222,0.5953493457200378,2026-03-10T09:18:10.040000,77,,,
participant_03,2,day,Town10HD_Opt,2026-03-10 09:18:11.031964,-85.73629760742188,26.293684005737305,0.0019818877335637,12.821,8.916,0.338,0.0,0,0,1,,1.0,2026-03-10T09:18:11.031964,neutral,0.837,2026-03-10T09:18:11.031964,0.6539493499068649,2026-03-10T09:18:11.072000,72,,,
participant_03,2,day,Town10HD_Opt,2026-03-10 09:18:12.048242,-83.3768539428711,26.966590881347656,0.0018259810749441,15.657,-4.19,0.386,0.0,0,0,1,,0.89,2026-03-10T09:18:12.048242,neutral,0.837,2026-03-10T09:18:11.031964,0.6562325768919287,2026-03-10T09:18:12.018000,73,,,
participant_03,2,day,Town10HD_Opt,2026-03-10 09:18:13.027448,-80.47059631347656,27.5389404296875,0.002021598862484,18.338,-4.832,0.379,0.0,0,0,1,,1.0,2026-03-10T09:18:13.027448,neutral,0.837,2026-03-10T09:18:11.031964,0.5554347230189429,2026-03-10T09:18:13.097000,75,,,
participant_03,2,day,Town10HD_Opt,2026-03-10 09:18:14.051771,-77.3023452758789,27.93906021118164,0.0020472717005759,18.33,-3.733,0.264,0.0,0,0,1,,0.854,2026-03-10T09:18:14.051771,neutral,0.979,2026-03-10T09:18:14.051771,0.5615990363693782,2026-03-10T09:18:14.087000,72,,,
participant_03,2,day,Town10HD_Opt,2026-03-10 09:18:15.173733,-74.26290130615234,28.128793716430664,0.002001533517614,15.485,-3.799,0.0,0.009,0,0,1,,0.944,2026-03-10T09:18:15.173733,neutral,0.979,2026-03-10T09:18:14.051771,0.5255711762496676,2026-03-10T09:18:15.032000,76,,,
participant_03,2,day,Town10HD_Opt,2026-03-10 09:18:16.190151,-71.90160369873047,28.14787483215332,0.0020645142067223,11.023,-3.492,0.0,0.226,0,0,1,,0.959,2026-03-10T09:18:16.190151,neutral,0.99,2026-03-10T09:18:16.190151,0.4915363658167724,2026-03-10T09:18:16.022000,72,,,
participant_03,2,day,Town10HD_Opt,2026-03-10 09:18:17.186583,-70.340087890625,28.10723876953125,0.0020723724737763,6.35,-2.033,0.0,0.335,0,0,1,,0.953,2026-03-10T09:18:17.186583,neutral,0.99,2026-03-10T09:18:16.190151,0.3717772531541107,2026-03-10T09:18:17.012000,72,,,
participant_03,2,day,Town10HD_Opt,2026-03-10 09:18:18.107076,-70.05085754394531,28.098228454589844,0.0020022583194077,0.0,-0.987,0.0,0.12,0,0,1,,0.893,2026-03-10T09:18:18.107076,neutral,0.99,2026-03-10T09:18:16.190151,0.3929245766768615,2026-03-10T09:18:18.003000,67,,,
participant_03,2,day,Town10HD_Opt,2026-03-10 09:18:19.060763,-70.0493392944336,28.098222732543945,0.0019218826200813,0.002,0.714,0.0,0.0,0,0,1,,1.0,2026-03-10T09:18:19.060763,fear,0.646,2026-03-10T09:18:19.060763,0.4624539803642515,2026-03-10T09:18:19.037000,67,,,
participant_03,2,day,Town10HD_Opt,2026-03-10 09:18:20.017050,-70.04899597167969,28.098222732543945,0.001919517526403,0.006,0.794,0.0,0.0,0,0,1,,0.942,2026-03-10T09:18:20.017050,fear,0.646,2026-03-10T09:18:19.060763,0.4089506845576279,2026-03-10T09:18:20.028000,68,,,
participant_03,2,day,Town10HD_Opt,2026-03-10 09:18:21.219392,-70.04888916015625,28.098222732543945,0.0019192504696547,0.005,0.759,0.0,0.0,0,0,1,,1.0,2026-03-10T09:18:21.219392,neutral,0.735,2026-03-10T09:18:21.219392,0.3743419287240097,2026-03-10T09:18:21.017000,64,,,
participant_03,2,day,Town10HD_Opt,2026-03-10 09:18:22.201379,-70.04879760742188,28.098222732543945,0.0019187927246093,0.001,0.747,0.0,0.0,0,0,1,,1.0,2026-03-10T09:18:22.201379,neutral,0.735,2026-03-10T09:18:21.219392,0.2911675644835599,2026-03-10T09:18:22.007000,68,,,
participant_03,2,day,Town10HD_Opt,2026-03-10 09:18:23.127485,-70.04884338378906,28.098222732543945,0.0019185256678611,0.001,0.747,0.0,0.0,0,0,1,,0.952,2026-03-10T09:18:23.127485,neutral,0.735,2026-03-10T09:18:21.219392,0.3827236746839187,2026-03-10T09:18:22.997000,67,,,
participant_03,2,day,Town10HD_Opt,2026-03-10 09:18:24.030884,-70.04877471923828,28.098222732543945,0.0019190978491678,0.005,0.747,0.0,0.0,0,0,1,,0.87,2026-03-10T09:18:24.030884,neutral,0.959,2026-03-10T09:18:24.030884,0.3095308101287358,2026-03-10T09:18:24.032000,70,,,
participant_03,2,day,Town10HD_Opt,2026-03-10 09:18:25.055512,-70.04857635498047,28.098222732543945,0.0019192504696547,0.006,0.731,0.0,0.0,0,0,1,,0.89,2026-03-10T09:18:25.055512,neutral,0.959,2026-03-10T09:18:24.030884,0.2834981987371772,2026-03-10T09:18:25.022000,71,,,
participant_03,2,day,Town10HD_Opt,2026-03-10 09:18:26.051451,-70.04840087890625,28.098222732543945,0.0019188307924196,0.001,0.721,0.0,0.0,0,0,1,,0.878,2026-03-10T09:18:26.051451,neutral,0.906,2026-03-10T09:18:26.051451,0.2815079900050701,2026-03-10T09:18:26.013000,72,,,
participant_03,2,day,Town10HD_Opt,2026-03-10 09:18:27.003007,-70.04844665527344,28.098222732543945,0.001919021597132,0.001,0.258,0.0,0.0,0,0,1,,0.836,2026-03-10T09:18:27.003007,neutral,0.906,2026-03-10T09:18:26.051451,0.3474228319439896,2026-03-10T09:18:27.002000,71,,,
participant_03,2,day,Town10HD_Opt,2026-03-10 09:18:28.270479,-70.0483169555664,28.098222732543945,0.001919021597132,0.001,0.291,0.0,0.0,0,0,1,,0.841,2026-03-10T09:18:28.270479,neutral,0.972,2026-03-10T09:18:28.270479,0.3251584686421167,2026-03-10T09:18:28.127000,72,,,
participant_03,2,day,Town10HD_Opt,2026-03-10 09:18:29.218453,-70.04833221435547,28.098222732543945,0.0019189452286809,0.0,0.291,0.0,0.0,0,0,1,,1.0,2026-03-10T09:18:29.218453,neutral,0.972,2026-03-10T09:18:28.270479,0.3645808242900816,2026-03-10T09:18:29.028000,73,,,
participant_03,2,day,Town10HD_Opt,2026-03-10 09:18:30.175604,-70.04814147949219,28.098222732543945,0.0019191360333934,0.005,0.291,0.0,0.0,0,0,1,,1.0,2026-03-10T09:18:30.175604,neutral,0.972,2026-03-10T09:18:28.270479,0.3750257851463447,2026-03-10T09:18:30.017000,73,,,
participant_03,2,day,Town10HD_Opt,2026-03-10 09:18:31.111595,-70.01429748535156,28.09756851196289,0.0018101882888004,2.273,0.301,0.936,0.0,0,0,1,,0.856,2026-03-10T09:18:31.111595,neutral,0.825,2026-03-10T09:18:31.111595,0.3074182245588991,2026-03-10T09:18:31.007000,73,,,
participant_03,2,day,Town10HD_Opt,2026-03-10 09:18:32.140098,-68.40718841552734,28.07660675048828,0.0014008712023496,17.947,0.684,1.0,0.0,0,0,1,,0.851,2026-03-10T09:18:32.140098,neutral,0.825,2026-03-10T09:18:31.111595,0.3392891264766295,2026-03-10T09:18:31.999000,74,,,
participant_03,2,day,Town10HD_Opt,2026-03-10 09:18:33.231844,-64.20468139648438,28.039751052856445,0.0015069579239934,32.802,0.463,1.0,0.0,0,0,1,,0.818,2026-03-10T09:18:33.231844,neutral,0.964,2026-03-10T09:18:33.231844,0.3348762852542891,2026-03-10T09:18:33.032000,74,,,
participant_03,2,day,Town10HD_Opt,2026-03-10 09:18:34.244318,-57.2547492980957,28.06082534790039,0.0015522765461355,47.795,0.155,0.987,0.0,0,0,1,,0.869,2026-03-10T09:18:34.244318,neutral,0.964,2026-03-10T09:18:33.231844,0.2975250210713082,2026-03-10T09:18:34.022000,75,,,
participant_03,2,day,Town10HD_Opt,2026-03-10 09:18:35.229500,-48.49112701416016,28.17916488647461,0.0022482681088149,46.64,-0.237,0.0,0.0,0,0,1,,1.0,2026-03-10T09:18:35.229500,neutral,0.964,2026-03-10T09:18:33.231844,0.307280170079883,2026-03-10T09:18:35.012000,74,,,
participant_03,2,day,Town10HD_Opt,2026-03-10 09:18:36.261013,-41.19482803344727,28.25626564025879,0.002368850633502,36.182,-0.11,0.099,0.0,0,0,1,,0.889,2026-03-10T09:18:36.261013,neutral,0.931,2026-03-10T09:18:36.261013,0.3544300596392849,2026-03-10T09:18:36.002000,73,,,
participant_03,2,day,Town10HD_Opt,2026-03-10 09:18:37.264711,-35.187355041503906,28.296844482421875,0.0020827483385801,33.71,-0.059,0.454,0.0,0,0,1,,1.0,2026-03-10T09:18:37.264711,neutral,0.931,2026-03-10T09:18:36.261013,0.3587143095807361,2026-03-10T09:18:37.038000,73,,,
participant_03,2,day,Town10HD_Opt,2026-03-10 09:18:38.212416,-29.075931549072266,28.32709693908692,0.0018996048020198,37.347,-0.049,0.632,0.0,0,0,1,,0.848,2026-03-10T09:18:38.212416,neutral,0.931,2026-03-10T09:18:36.261013,0.3608016085333095,2026-03-10T09:18:38.027000,74,,,
participant_03,2,day,Town10HD_Opt,2026-03-10 09:18:39.222649,-22.131242752075195,28.350494384765625,0.0018799972021952,42.403,-0.045,0.632,0.0,0,0,1,,1.0,2026-03-10T09:18:39.222649,neutral,0.953,2026-03-10T09:18:39.222649,0.3638643284317256,2026-03-10T09:18:39.017000,70,,,
participant_03,2,day,Town10HD_Opt,2026-03-10 09:18:40.119667,-14.358046531677246,28.364330291748047,0.0019052504794672,46.689,-0.045,0.615,0.0,0,0,1,,1.0,2026-03-10T09:18:40.119667,neutral,0.953,2026-03-10T09:18:39.222649,0.3353571639136605,2026-03-10T09:18:40.007000,70,,,
participant_03,2,day,Town10HD_Opt,2026-03-10 09:18:41.051248,-6.056088924407959,28.36537742614746,0.0021662903018295,45.274,-0.028,0.0,0.0,0,0,1,,1.0,2026-03-10T09:18:41.051248,neutral,0.953,2026-03-10T09:18:39.222649,0.4528544585029836,2026-03-10T09:18:40.998000,70,,,
participant_03,2,day,Town10HD_Opt,2026-03-10 09:18:42.287704,3.0348687171936035,28.353837966918945,0.0023371123243123,32.298,-0.026,0.0,0.0,0,0,1,,1.0,2026-03-10T09:18:42.287704,neutral,0.962,2026-03-10T09:18:42.287704,0.3792690678259317,2026-03-10T09:18:42.033000,72,,,
participant_03,2,day,Town10HD_Opt,2026-03-10 09:18:43.200383,8.070569038391113,28.342634201049805,0.0022832870017737,24.752,-0.021,0.0,0.0,0,0,1,,1.0,2026-03-10T09:18:43.200383,neutral,0.962,2026-03-10T09:18:42.287704,0.3499758488797015,2026-03-10T09:18:43.022000,72,,,
participant_03,2,day,Town10HD_Opt,2026-03-10 09:18:44.155450,11.891752243041992,28.33208465576172,0.0022422790061682,18.505,-0.021,0.065,0.0,0,0,1,,1.0,2026-03-10T09:18:44.155450,neutral,0.962,2026-03-10T09:18:42.287704,0.392089593077626,2026-03-10T09:18:44.013000,72,,,
participant_03,2,day,Town10HD_Opt,2026-03-10 09:18:45.099277,15.0069580078125,28.32265853881836,0.0019120788201689,17.803,-0.021,0.336,0.0,0,0,1,,1.0,2026-03-10T09:18:45.099277,neutral,0.711,2026-03-10T09:18:45.099277,0.3459479579500656,2026-03-10T09:18:45.003000,69,,,
participant_03,2,day,Town10HD_Opt,2026-03-10 09:18:46.014137,18.172075271606445,28.31266212463379,0.0020357894245535,18.349,0.021,0.375,0.0,0,0,1,,1.0,2026-03-10T09:18:46.014137,neutral,0.711,2026-03-10T09:18:45.099277,0.3870663795019384,2026-03-10T09:18:46.040000,70,,,
participant_03,2,day,Town10HD_Opt,2026-03-10 09:18:47.022168,21.332881927490234,28.33016014099121,0.0018724059918895,17.222,3.174,0.004,0.0,0,0,1,,1.0,2026-03-10T09:18:47.022168,neutral,0.711,2026-03-10T09:18:45.099277,0.4080247667402914,2026-03-10T09:18:47.027000,69,,,
participant_03,2,day,Town10HD_Opt,2026-03-10 09:18:48.237942,25.08464241027832,28.63210678100586,0.0018497466808184,17.273,4.346,0.447,0.0,0,0,1,,1.0,2026-03-10T09:18:48.237942,neutral,0.923,2026-03-10T09:18:48.237942,0.4180344016131122,2026-03-10T09:18:48.017000,71,,,
participant_03,2,day,Town10HD_Opt,2026-03-10 09:18:49.155502,28.27670669555664,29.0661563873291,0.001930313068442,19.542,1.053,0.454,0.0,0,0,1,,1.0,2026-03-10T09:18:49.155502,neutral,0.923,2026-03-10T09:18:48.237942,0.347704302628163,2026-03-10T09:18:49.007000,69,,,
participant_03,2,day,Town10HD_Opt,2026-03-10 09:18:50.077690,31.845827102661133,29.68214607238769,0.0019372176611796,21.917,6.12,0.461,0.0,0,0,1,,0.82,2026-03-10T09:18:50.077690,neutral,0.923,2026-03-10T09:18:48.237942,0.5201606552801449,2026-03-10T09:18:50.043000,71,,,
participant_03,2,day,Town10HD_Opt,2026-03-10 09:18:51.000297,35.41848373413086,31.068098068237305,0.0021970749367028,20.034,23.162,0.0,0.0,0,0,1,,1.0,2026-03-10T09:18:51.000297,neutral,0.985,2026-03-10T09:18:51.000297,0.4492690118251042,2026-03-10T09:18:51.032000,71,,,
participant_03,2,day,Town10HD_Opt,2026-03-10 09:18:52.255351,38.15623092651367,34.03257369995117,0.0019818877335637,16.303,20.076,0.308,0.0,0,0,1,,0.902,2026-03-10T09:18:52.255351,neutral,0.985,2026-03-10T09:18:51.000297,0.4862971347820091,2026-03-10T09:18:52.022000,72,,,
participant_03,2,day,Town10HD_Opt,2026-03-10 09:18:53.198420,39.29262924194336,36.76624298095703,0.0019696427043527,18.578,17.147,0.497,0.0,0,0,1,,0.918,2026-03-10T09:18:53.198420,sad,0.998,2026-03-10T09:18:53.198420,0.394752295597191,2026-03-10T09:18:53.013000,70,,,
participant_03,2,day,Town10HD_Opt,2026-03-10 09:18:54.192691,39.90779495239258,40.05704879760742,0.0019603727851063,20.657,5.264,0.382,0.0,0,0,1,,1.0,2026-03-10T09:18:54.192691,sad,0.998,2026-03-10T09:18:53.198420,0.4178686195107018,2026-03-10T09:18:54.048000,70,,,
participant_03,2,day,Town10HD_Opt,2026-03-10 09:18:55.147727,40.31629943847656,43.66229248046875,0.0021124267950654,19.493,0.334,0.0,0.0,0,0,1,,0.854,2026-03-10T09:18:55.147727,sad,0.998,2026-03-10T09:18:53.198420,0.4114553115019063,2026-03-10T09:18:55.172000,69,,,
participant_03,2,day,Town10HD_Opt,2026-03-10 09:18:56.150914,40.55274200439453,46.7180061340332,0.0020222472958266,15.247,5.222,0.0,0.084,0,0,1,,0.909,2026-03-10T09:18:56.150914,neutral,0.901,2026-03-10T09:18:56.150914,0.3881145645176723,2026-03-10T09:18:56.027000,68,,,
participant_03,2,day,Town10HD_Opt,2026-03-10 09:18:57.127070,40.57029724121094,49.00379180908203,0.0020720290485769,10.497,1.389,0.0,0.178,0,0,1,,0.939,2026-03-10T09:18:57.127070,neutral,0.901,2026-03-10T09:18:56.150914,0.4393012923822194,2026-03-10T09:18:57.017000,69,,,
participant_03,2,day,Town10HD_Opt,2026-03-10 09:18:58.142767,40.59536361694336,50.50320053100586,0.0020500945392996,6.174,-0.837,0.0,0.186,0,0,1,,0.912,2026-03-10T09:18:58.142767,neutral,0.901,2026-03-10T09:18:56.150914,0.3736508827971101,2026-03-10T09:18:58.008000,68,,,
participant_03,2,day,Town10HD_Opt,2026-03-10 09:18:59.074172,40.604618072509766,50.91793823242188,0.0020306014921516,0.0,1.006,0.0,0.185,0,0,1,,0.837,2026-03-10T09:18:59.074172,neutral,0.995,2026-03-10T09:18:59.074172,0.4369269730973839,2026-03-10T09:18:59.043000,74,,,
participant_03,2,day,Town10HD_Opt,2026-03-10 09:19:00.011342,40.6046257019043,50.91902542114258,0.0019230651669204,0.008,1.495,0.0,0.0,0,0,1,,0.897,2026-03-10T09:19:00.011342,neutral,0.995,2026-03-10T09:18:59.074172,0.389073283436259,2026-03-10T09:19:00.032000,77,,,
participant_03,2,day,Town10HD_Opt,2026-03-10 09:19:01.171468,40.60462951660156,50.91902542114258,0.0019129562424495,0.233,1.302,0.172,0.0,0,0,1,,0.808,2026-03-10T09:19:01.171468,neutral,0.961,2026-03-10T09:19:01.171468,0.424958046623566,2026-03-10T09:19:01.023000,74,,,
participant_03,2,day,Town10HD_Opt,2026-03-10 09:19:02.120691,40.60630035400391,51.10845184326172,0.0018462371081113,2.424,1.236,0.242,0.0,0,0,1,,0.911,2026-03-10T09:19:02.120691,neutral,0.961,2026-03-10T09:19:01.171468,0.4674622199264124,2026-03-10T09:19:02.014000,75,,,
participant_03,2,day,Town10HD_Opt,2026-03-10 09:19:03.073325,40.61214447021485,51.751766204833984,0.0018035125685855,5.683,0.461,0.31,0.0,0,0,1,,0.881,2026-03-10T09:19:03.073325,neutral,0.961,2026-03-10T09:19:01.171468,0.4036763930812677,2026-03-10T09:19:03.093000,72,,,
participant_03,2,day,Town10HD_Opt,2026-03-10 09:19:04.041728,40.63314056396485,53.04035949707031,0.0017786788521334,9.767,-0.731,0.499,0.0,0,0,1,,0.887,2026-03-10T09:19:04.041728,sad,0.986,2026-03-10T09:19:04.041728,0.440205887001452,2026-03-10T09:19:04.038000,69,,,
participant_03,2,day,Town10HD_Opt,2026-03-10 09:19:05.049035,40.71559143066406,55.277469635009766,0.0016776656266301,16.858,-3.525,0.617,0.0,0,0,1,,0.973,2026-03-10T09:19:05.049035,sad,0.986,2026-03-10T09:19:04.041728,0.395640772261468,2026-03-10T09:19:05.029000,71,,,
participant_03,2,day,Town10HD_Opt,2026-03-10 09:19:06.289904,41.38722610473633,59.79182052612305,0.001922111492604,22.459,-12.845,0.513,0.0,0,0,1,,0.939,2026-03-10T09:19:06.289904,neutral,0.995,2026-03-10T09:19:06.289904,0.3747435763918801,2026-03-10T09:19:06.018000,69,,,
participant_03,2,day,Town10HD_Opt,2026-03-10 09:19:07.262537,43.05440521240234,63.65256118774414,0.0019414520356804,26.148,-13.363,0.513,0.0,0,0,1,,0.885,2026-03-10T09:19:07.262537,neutral,0.995,2026-03-10T09:19:06.289904,0.4954661008334035,2026-03-10T09:19:07.008000,65,,,
participant_03,2,day,Town10HD_Opt,2026-03-10 09:19:08.126353,46.14845657348633,67.3248291015625,0.0019627378787845,29.307,-13.594,0.508,0.0,0,0,1,,0.872,2026-03-10T09:19:08.126353,neutral,0.995,2026-03-10T09:19:06.289904,0.464905301663046,2026-03-10T09:19:08.043000,66,,,
participant_03,2,day,Town10HD_Opt,2026-03-10 09:19:09.054274,50.69925308227539,70.0357894897461,0.001988410949707,31.932,-14.08,0.494,0.0,0,0,1,,0.929,2026-03-10T09:19:09.054274,neutral,0.876,2026-03-10T09:19:09.054274,0.4366201125897668,2026-03-10T09:19:09.033000,65,,,
participant_03,2,day,Town10HD_Opt,2026-03-10 09:19:10.123981,56.11762619018555,71.0105972290039,0.0022167586721479,29.606,-11.832,0.0,0.0,0,0,1,,0.882,2026-03-10T09:19:10.123981,neutral,0.876,2026-03-10T09:19:09.054274,0.4758532819371125,2026-03-10T09:19:10.023000,66,,,
participant_03,2,day,Town10HD_Opt,2026-03-10 09:19:11.055003,60.64795684814453,70.71560668945312,0.0022671509068459,22.248,5.538,0.0,0.0,0,0,1,,0.894,2026-03-10T09:19:11.055003,neutral,0.984,2026-03-10T09:19:11.055003,0.4143411365152704,2026-03-10T09:19:11.013000,65,,,
participant_03,2,day,Town10HD_Opt,2026-03-10 09:19:12.283721,65.1572036743164,70.74980926513672,0.001860580407083,17.94,-0.43,0.209,0.0,0,0,1,,0.911,2026-03-10T09:19:12.283721,neutral,0.984,2026-03-10T09:19:11.055003,0.4786865173616058,2026-03-10T09:19:12.048000,64,,,
participant_03,2,day,Town10HD_Opt,2026-03-10 09:19:13.210907,68.24749755859375,70.76408386230469,0.0019234084757044,17.712,-1.42,0.35,0.0,0,0,1,,0.955,2026-03-10T09:19:13.210907,neutral,0.921,2026-03-10T09:19:13.210907,0.476677135550178,2026-03-10T09:19:13.037000,66,,,
participant_03,2,day,Town10HD_Opt,2026-03-10 09:19:14.187964,71.40258026123047,70.70782470703125,0.0020690916571766,18.122,-1.203,0.14,0.0,0,0,1,,1.0,2026-03-10T09:19:14.187964,neutral,0.921,2026-03-10T09:19:13.210907,0.5000187015587793,2026-03-10T09:19:14.028000,62,Solid line crossing,Solid line crossing,
participant_03,2,day,Town10HD_Opt,2026-03-10 09:19:15.143551,74.34397888183594,70.60572814941406,0.0020320892799645,14.695,-0.717,0.0,0.0,0,0,1,,1.0,2026-03-10T09:19:15.143551,neutral,0.921,2026-03-10T09:19:13.210907,0.5396661704027118,2026-03-10T09:19:15.019000,64,,,errors=Solid line crossing
participant_03,2,day,Town10HD_Opt,2026-03-10 09:19:16.075379,76.63094329833984,70.51464080810547,0.0020263672340661,11.284,-0.148,0.0,0.0,0,0,1,,0.928,2026-03-10T09:19:16.075379,neutral,1.0,2026-03-10T09:19:16.075379,0.5379267762359593,2026-03-10T09:19:16.008000,63,,,
participant_03,2,day,Town10HD_Opt,2026-03-10 09:19:17.244746,78.87710571289062,70.42315673828125,0.0019950484856963,7.934,0.009,0.0,0.0,0,0,1,,0.928,2026-03-10T09:19:17.244746,neutral,1.0,2026-03-10T09:19:16.075379,0.4334433665657463,2026-03-10T09:19:17.088000,64,,,
participant_03,2,day,Town10HD_Opt,2026-03-10 09:19:18.209295,80.1123046875,70.38362884521484,0.0019773482345044,6.002,1.248,0.0,0.0,0,0,1,,0.912,2026-03-10T09:19:18.209295,neutral,0.995,2026-03-10T09:19:18.209295,0.4211870722988567,2026-03-10T09:19:18.033000,76,,,
participant_03,2,day,Town10HD_Opt,2026-03-10 09:19:19.133651,81.06084442138672,70.3619384765625,0.0019636915531009,4.676,1.011,0.0,0.0,0,0,1,,0.938,2026-03-10T09:19:19.133651,neutral,0.995,2026-03-10T09:19:18.209295,0.5238253331190522,2026-03-10T09:19:19.022000,74,,,
participant_03,2,day,Town10HD_Opt,2026-03-10 09:19:20.052222,81.78914642333984,70.34835815429688,0.0019534681923687,3.538,1.001,0.0,0.0,0,0,1,,0.935,2026-03-10T09:19:20.052222,neutral,0.995,2026-03-10T09:19:18.209295,0.533770457463411,2026-03-10T09:19:20.013000,76,,,
participant_03,2,day,Town10HD_Opt,2026-03-10 09:19:21.012164,82.3482437133789,70.33753204345703,0.0019454956054687,2.756,-0.975,0.0,0.0,0,0,1,,0.873,2026-03-10T09:19:21.012164,neutral,1.0,2026-03-10T09:19:21.012164,0.5045505643143001,2026-03-10T09:19:21.048000,77,,,
participant_03,2,day,Town10HD_Opt,2026-03-10 09:19:22.164055,82.8854751586914,70.32080841064453,0.002016334561631,0.0,-0.724,0.0,0.036,0,0,1,,0.99,2026-03-10T09:19:22.164055,neutral,1.0,2026-03-10T09:19:21.012164,0.5355661349942152,2026-03-10T09:19:22.038000,77,,,
participant_03,2,day,Town10HD_Opt,2026-03-10 09:19:23.027158,82.88557434082031,70.32080078125,0.0019290542695671,0.0,-0.62,0.0,0.0,0,0,1,,0.838,2026-03-10T09:19:23.027158,neutral,0.977,2026-03-10T09:19:23.027158,0.5681828005918989,2026-03-10T09:19:23.027000,78,,,
participant_03,2,day,Town10HD_Opt,2026-03-10 09:19:24.175207,82.88542175292969,70.32080078125,0.0019190978491678,0.002,-0.251,0.0,0.0,0,0,1,,0.866,2026-03-10T09:19:24.175207,neutral,0.977,2026-03-10T09:19:23.027158,0.6733980822321093,2026-03-10T09:19:24.018000,77,,,
participant_03,2,day,Town10HD_Opt,2026-03-10 09:19:25.059335,82.88568878173828,70.32080078125,0.0019191741012036,0.001,-0.073,0.0,0.0,0,0,1,,0.946,2026-03-10T09:19:25.059335,neutral,0.976,2026-03-10T09:19:25.059335,0.6220970811837802,2026-03-10T09:19:25.008000,73,,,
participant_03,2,day,Town10HD_Opt,2026-03-10 09:19:26.235643,82.8858413696289,70.32080078125,0.0019191741012036,0.001,-0.073,0.0,0.0,0,0,1,,0.951,2026-03-10T09:19:26.235643,neutral,0.976,2026-03-10T09:19:25.059335,0.5898417393269503,2026-03-10T09:19:26.043000,72,,,
participant_03,2,day,Town10HD_Opt,2026-03-10 09:19:27.181672,82.88526916503906,70.32080078125,0.0019178390502929,0.146,-0.073,0.172,0.0,0,0,1,,0.948,2026-03-10T09:19:27.181672,neutral,0.991,2026-03-10T09:19:27.181672,0.6514196697522889,2026-03-10T09:19:27.033000,71,,,
participant_03,2,day,Town10HD_Opt,2026-03-10 09:19:28.143773,83.08219909667969,70.31546020507812,0.0017828750424087,3.84,-0.073,0.512,0.0,0,0,1,,0.95,2026-03-10T09:19:28.143773,neutral,0.991,2026-03-10T09:19:27.181672,0.6558877977521653,2026-03-10T09:19:28.022000,69,,,
participant_03,2,day,Town10HD_Opt,2026-03-10 09:19:29.106801,84.32003021240234,70.28204345703125,0.0015857315156608,12.607,-0.073,0.719,0.0,0,0,1,,0.934,2026-03-10T09:19:29.106801,neutral,0.991,2026-03-10T09:19:27.181672,0.6157123704690124,2026-03-10T09:19:29.013000,66,,,
participant_03,2,day,Town10HD_Opt,2026-03-10 09:19:30.062228,86.84235382080078,70.21381378173828,0.0019651411566883,13.591,1.429,0.0,0.0,0,0,1,,0.935,2026-03-10T09:19:30.062228,neutral,0.997,2026-03-10T09:19:30.062228,0.6796124873394739,2026-03-10T09:19:30.003000,66,,,
participant_03,2,day,Town10HD_Opt,2026-03-10 09:19:31.029806,89.0070571899414,70.31012725830078,0.0019295120146125,12.184,10.084,0.333,0.0,0,0,1,,0.927,2026-03-10T09:19:31.029806,neutral,0.997,2026-03-10T09:19:30.062228,0.6914864972570031,2026-03-10T09:19:31.038000,67,,,
participant_03,2,day,Town10HD_Opt,2026-03-10 09:19:32.274827,92.10846710205078,71.06314086914062,0.0018606566591188,15.331,17.109,0.332,0.0,0,0,1,,0.911,2026-03-10T09:19:32.274827,neutral,0.974,2026-03-10T09:19:32.274827,0.6207819319239632,2026-03-10T09:19:32.029000,67,,,
participant_03,2,day,Town10HD_Opt,2026-03-10 09:19:33.247646,94.5610122680664,72.45732116699219,0.0021104430779814,17.366,19.36,0.358,0.0,0,0,1,,0.88,2026-03-10T09:19:33.247646,neutral,0.974,2026-03-10T09:19:32.274827,0.5628405243967071,2026-03-10T09:19:33.018000,65,,,
participant_03,2,day,Town10HD_Opt,2026-03-10 09:19:34.219591,96.74443817138672,74.70686340332031,0.0020681000314652,18.478,19.563,0.375,0.0,0,0,1,,1.0,2026-03-10T09:19:34.219591,neutral,0.974,2026-03-10T09:19:32.274827,0.6040471291233167,2026-03-10T09:19:34.008000,66,,,
participant_03,2,day,Town10HD_Opt,2026-03-10 09:19:35.119021,98.2009048461914,77.58071899414062,0.0020434951875358,19.003,19.393,0.375,0.0,0,0,1,,0.851,2026-03-10T09:19:35.119021,neutral,0.98,2026-03-10T09:19:35.119021,0.6190638660707564,2026-03-10T09:19:35.044000,67,,,
participant_03,2,day,Town10HD_Opt,2026-03-10 09:19:36.081231,98.79861450195312,80.92271423339844,0.002019042847678,20.14,9.617,0.368,0.0,0,0,1,,0.939,2026-03-10T09:19:36.081231,neutral,0.98,2026-03-10T09:19:35.119021,0.5196805583884752,2026-03-10T09:19:36.033000,64,,,
participant_03,2,day,Town10HD_Opt,2026-03-10 09:19:37.051658,98.908203125,84.5344009399414,0.001981048611924,21.599,3.123,0.558,0.0,0,0,1,,0.952,2026-03-10T09:19:37.051658,neutral,0.98,2026-03-10T09:19:35.119021,0.6242576137922824,2026-03-10T09:19:37.025000,67,,,
participant_03,2,day,Town10HD_Opt,2026-03-10 09:19:38.274529,98.8187484741211,90.36336517333984,0.0018859863048419,28.612,2.186,0.371,0.0,0,0,1,,0.817,2026-03-10T09:19:38.274529,neutral,0.992,2026-03-10T09:19:38.274529,0.5889970296812661,2026-03-10T09:19:38.013000,70,,,
participant_03,2,day,Town10HD_Opt,2026-03-10 09:19:39.008586,98.61000061035156,93.70355224609376,0.002033157274127,28.591,5.787,0.318,0.0,0,0,1,,0.957,2026-03-10T09:19:39.008586,neutral,0.992,2026-03-10T09:19:38.274529,0.6047456336804862,2026-03-10T09:19:39.003000,71,,,
participant_03,2,day,Town10HD_Opt,2026-03-10 09:19:40.247938,97.44940185546876,100.09549713134766,0.0020747757516801,27.169,1.081,0.331,0.0,0,0,1,,0.881,2026-03-10T09:19:40.247938,neutral,0.992,2026-03-10T09:19:38.274529,0.5924120145328576,2026-03-10T09:19:40.038000,70,,,
participant_03,2,day,Town10HD_Opt,2026-03-10 09:19:41.184620,96.3116226196289,104.66910552978516,0.0020455168560147,26.944,4.645,0.405,0.0,0,0,1,,0.917,2026-03-10T09:19:41.184620,neutral,0.998,2026-03-10T09:19:41.184620,0.5738593439832881,2026-03-10T09:19:41.028000,70,,,
participant_03,2,day,Town10HD_Opt,2026-03-10 09:19:42.117602,94.6703872680664,109.15065002441406,0.0020191192161291,27.823,4.686,0.408,0.0,0,0,1,,0.921,2026-03-10T09:19:42.117602,neutral,0.998,2026-03-10T09:19:41.184620,0.5995572701825526,2026-03-10T09:19:42.063000,74,,,
participant_03,2,day,Town10HD_Opt,2026-03-10 09:19:43.056468,92.51670837402344,113.58252716064452,0.0020175552926957,28.576,3.25,0.407,0.0,0,0,1,,0.873,2026-03-10T09:19:43.056468,neutral,0.998,2026-03-10T09:19:41.184620,0.5836401251511981,2026-03-10T09:19:43.009000,71,,,
participant_03,2,day,Town10HD_Opt,2026-03-10 09:19:44.233605,88.82637786865234,119.23067474365234,0.0020406723488122,29.175,5.839,0.378,0.0,0,0,1,,0.865,2026-03-10T09:19:44.233605,neutral,1.0,2026-03-10T09:19:44.233605,0.5656936966232351,2026-03-10T09:19:44.178000,77,,,
participant_03,2,day,Town10HD_Opt,2026-03-10 09:19:45.182753,85.38345336914062,122.9989013671875,0.0020446013659238,29.213,4.174,0.379,0.0,0,0,1,,0.812,2026-03-10T09:19:45.182753,neutral,1.0,2026-03-10T09:19:44.233605,0.5177802151421473,2026-03-10T09:19:45.169000,75,,,
participant_03,2,day,Town10HD_Opt,2026-03-10 09:19:46.093547,81.46080017089844,126.2522201538086,0.0020540999248623,29.116,8.93,0.374,0.0,0,0,1,,0.882,2026-03-10T09:19:46.093547,neutral,1.0,2026-03-10T09:19:44.233605,0.5484679350565193,2026-03-10T09:19:46.023000,78,,,
participant_03,2,day,Town10HD_Opt,2026-03-10 09:19:47.030570,76.95616149902344,128.56680297851562,0.0020584105513989,28.944,7.696,0.373,0.0,0,0,1,,0.952,2026-03-10T09:19:47.030570,neutral,0.995,2026-03-10T09:19:47.030570,0.5484688772752752,2026-03-10T09:19:47.057000,77,,,
participant_03,2,day,Town10HD_Opt,2026-03-10 09:19:48.275365,70.4404067993164,130.35427856445312,0.0020423887763172,29.184,4.589,0.376,0.0,0,0,1,,0.907,2026-03-10T09:19:48.275365,neutral,0.995,2026-03-10T09:19:47.030570,0.4360658347281937,2026-03-10T09:19:48.048000,76,,,
participant_03,2,day,Town10HD_Opt,2026-03-10 09:19:49.209981,65.38216400146484,130.96560668945312,0.0020414732862263,29.278,4.643,0.377,0.0,0,0,1,,0.839,2026-03-10T09:19:49.209981,neutral,0.995,2026-03-10T09:19:49.209981,0.4383243337230758,2026-03-10T09:19:49.039000,74,,,
participant_03,2,day,Town10HD_Opt,2026-03-10 09:19:50.189268,60.26816940307617,130.97976684570312,0.0020397566258907,29.378,0.284,0.373,0.0,0,0,1,,0.842,2026-03-10T09:19:50.189268,neutral,0.995,2026-03-10T09:19:49.209981,0.3711891783378174,2026-03-10T09:19:50.028000,77,,,
participant_03,2,day,Town10HD_Opt,2026-03-10 09:19:51.170491,55.13915252685547,130.92518615722656,0.0020385740790516,29.466,-1.624,0.392,0.0,0,0,1,,0.972,2026-03-10T09:19:51.170491,neutral,0.995,2026-03-10T09:19:49.209981,0.4015182831549145,2026-03-10T09:19:51.018000,77,,,
participant_03,2,day,Town10HD_Opt,2026-03-10 09:19:52.145222,49.90986633300781,130.93263244628906,0.0019840239547193,30.932,1.471,0.459,0.0,0,0,1,,0.879,2026-03-10T09:19:52.145222,neutral,0.979,2026-03-10T09:19:52.145222,0.3649666571041108,2026-03-10T09:19:52.008000,76,,,
participant_03,2,day,Town10HD_Opt,2026-03-10 09:19:53.051926,44.37559127807617,130.78919982910156,0.0019916915334761,32.532,-0.792,0.451,0.0,0,0,1,,0.883,2026-03-10T09:19:53.051926,neutral,0.979,2026-03-10T09:19:52.145222,0.3028384307594614,2026-03-10T09:19:53.043000,75,,,
participant_03,2,day,Town10HD_Opt,2026-03-10 09:19:54.267693,36.58209228515625,130.72622680664062,0.0019834898412227,34.666,0.322,0.482,0.0,0,0,1,,0.903,2026-03-10T09:19:54.267693,neutral,1.0,2026-03-10T09:19:54.267693,0.3176869762687015,2026-03-10T09:19:54.034000,72,,,
participant_03,2,day,Town10HD_Opt,2026-03-10 09:19:55.261841,30.38532829284668,130.68310546875,0.0019926070235669,36.259,-0.204,0.473,0.0,0,0,1,,0.897,2026-03-10T09:19:55.261841,neutral,1.0,2026-03-10T09:19:54.267693,0.352607959795599,2026-03-10T09:19:55.023000,74,,,
participant_03,2,day,Town10HD_Opt,2026-03-10 09:19:56.185225,23.9410343170166,130.6608123779297,0.0020028685685247,37.497,-0.327,0.471,0.0,0,0,1,,0.956,2026-03-10T09:19:56.185225,neutral,1.0,2026-03-10T09:19:54.267693,0.2497020728078375,2026-03-10T09:19:56.013000,75,,,
participant_03,2,day,Town10HD_Opt,2026-03-10 09:19:57.122059,17.295621871948242,130.69851684570312,0.0020083235576748,38.555,0.082,0.47,0.0,0,0,1,,0.969,2026-03-10T09:19:57.122059,neutral,0.927,2026-03-10T09:19:57.122059,0.2603240058117613,2026-03-10T09:19:57.003000,76,,,
participant_03,2,day,Town10HD_Opt,2026-03-10 09:19:58.080800,10.478437423706056,130.72659301757812,0.0020171736832708,39.378,0.261,0.449,0.0,0,0,1,,0.858,2026-03-10T09:19:58.080800,neutral,0.927,2026-03-10T09:19:57.122059,0.334270319652221,2026-03-10T09:19:58.038000,74,,,
participant_03,2,day,Town10HD_Opt,2026-03-10 09:19:58.999590,3.5707898139953613,130.69725036621094,0.0020398329943418,39.515,-0.014,0.434,0.0,0,0,1,,0.893,2026-03-10T09:19:58.999590,neutral,0.927,2026-03-10T09:19:57.122059,0.3111760494521193,2026-03-10T09:19:59.028000,75,,,
participant_03,3,day,Town10HD_Opt,2026-03-10 09:30:00.000000,-41.66859436035156,89.7454833984375,0.5804919004440308,21.147,1.951,0.427,0.0,0,0,1,,1.0,2026-03-10T09:30:00,,,2026-03-10T09:30:00,0.8080262200698222,2026-03-10T09:30:00,70,,,
participant_03,3,day,Town10HD_Opt,2026-03-10 09:30:04.544544,-41.65642547607422,84.50389099121094,0.0019295500824227,21.437,2.657,0.43,0.0,0,0,1,,1.0,2026-03-10T09:30:04.544544,,,2026-03-10T09:30:04.544544,0.7954506539874295,2026-03-10T09:30:05.044000,67,,,
participant_03,3,day,Town10HD_Opt,2026-03-10 09:30:05.195202,-41.55411529541016,81.93209838867188,0.0019670105539262,22.928,4.433,0.432,0.0,0,0,1,,0.837,2026-03-10T09:30:05.195202,,,2026-03-10T09:30:04.544544,0.7881433344792081,2026-03-10T09:30:06.029000,67,,,
participant_03,3,day,Town10HD_Opt,2026-03-10 09:30:06.192887,-40.988162994384766,77.81613159179688,0.0019896698649972,24.804,10.084,0.434,0.0,0,0,1,,1.0,2026-03-10T09:30:06.192887,,,2026-03-10T09:30:04.544544,0.761051088975519,2026-03-10T09:30:07.020000,68,,,
participant_03,3,day,Town10HD_Opt,2026-03-10 09:30:07.198326,-39.28924560546875,73.7456283569336,0.0020323561038821,26.123,19.755,0.435,0.0,0,0,1,,1.0,2026-03-10T09:30:07.198326,happy,0.754,2026-03-10T09:30:07.198326,0.7642354901991244,2026-03-10T09:30:07.020000,68,,,
participant_03,3,day,Town10HD_Opt,2026-03-10 09:30:08.185315,-35.89570236206055,70.65522003173828,0.0020606613252311,27.169,22.269,0.436,0.0,0,0,1,,0.91,2026-03-10T09:30:08.185315,happy,0.754,2026-03-10T09:30:07.198326,0.7164873218158627,2026-03-10T09:30:09.044000,65,,,
participant_03,3,day,Town10HD_Opt,2026-03-10 09:30:09.153713,-31.27286148071289,69.48809051513672,0.0020558929536491,28.247,18.001,0.436,0.0,0,0,1,,0.937,2026-03-10T09:30:09.153713,happy,0.754,2026-03-10T09:30:07.198326,0.7544695687737644,2026-03-10T09:30:10.034000,65,,,
participant_03,3,day,Town10HD_Opt,2026-03-10 09:30:10.124780,-26.23384475708008,69.91951751708984,0.0020018767099827,29.752,-3.747,0.436,0.0,0,0,1,,0.812,2026-03-10T09:30:10.124780,neutral,0.995,2026-03-10T09:30:10.124780,0.7111005484438878,2026-03-10T09:30:11.024000,65,,,
participant_03,3,day,Town10HD_Opt,2026-03-10 09:30:11.125986,-20.943248748779297,70.19319915771484,0.0020047377329319,30.979,-3.076,0.436,0.0,0,0,1,,0.912,2026-03-10T09:30:11.125986,neutral,0.995,2026-03-10T09:30:10.124780,0.7065643052199403,2026-03-10T09:30:12.015000,68,,,
participant_03,3,day,Town10HD_Opt,2026-03-10 09:30:12.077163,-15.437288284301758,70.06303405761719,0.0020070648752152,32.093,0.604,0.436,0.0,0,0,1,,0.85,2026-03-10T09:30:12.077163,neutral,0.995,2026-03-10T09:30:10.124780,0.6839956460750841,2026-03-10T09:30:12.015000,68,,,
participant_03,3,day,Town10HD_Opt,2026-03-10 09:30:13.007105,-9.747114181518556,69.96466827392578,0.0020115280058234,33.061,0.759,0.436,0.0,0,0,1,,0.846,2026-03-10T09:30:13.007105,neutral,0.858,2026-03-10T09:30:13.007105,0.7649381005231491,2026-03-10T09:30:13.859000,67,,,
participant_03,3,day,Town10HD_Opt,2026-03-10 09:30:14.236821,-2.4751739501953125,70.00944519042969,0.0022682952694594,26.614,0.211,0.0,0.0,0,0,1,,0.842,2026-03-10T09:30:14.236821,neutral,0.858,2026-03-10T09:30:13.007105,0.7552421077339359,2026-03-10T09:30:15.029000,70,,,
participant_03,3,day,Town10HD_Opt,2026-03-10 09:30:15.152157,1.6398546695709229,70.07691955566406,0.0022518921177834,20.046,0.251,0.0,0.0,0,0,1,,0.82,2026-03-10T09:30:15.152157,fear,0.544,2026-03-10T09:30:15.152157,0.7365798421295399,2026-03-10T09:30:16.020000,72,,,
participant_03,3,day,Town10HD_Opt,2026-03-10 09:30:16.078312,4.749279499053955,70.14154815673828,0.0020193862728774,15.432,-0.035,0.0,0.0,0,0,1,,1.0,2026-03-10T09:30:16.078312,fear,0.544,2026-03-10T09:30:15.152157,0.7313429737612344,2026-03-10T09:30:17.011000,69,,,
participant_03,3,day,Town10HD_Opt,2026-03-10 09:30:17.073333,7.155397891998291,70.18988037109375,0.0020175552926957,12.194,-0.108,0.167,0.0,0,0,1,,0.866,2026-03-10T09:30:17.073333,fear,0.544,2026-03-10T09:30:15.152157,0.6754909776960434,2026-03-10T09:30:17.999000,70,,,
participant_03,3,day,Town10HD_Opt,2026-03-10 09:30:18.278552,9.962385177612305,70.24159240722656,0.0019019698956981,12.312,-0.188,0.248,0.0,0,0,1,,0.89,2026-03-10T09:30:18.278552,neutral,0.928,2026-03-10T09:30:18.278552,0.7269512196145006,2026-03-10T09:30:19.079000,68,,,
participant_03,3,day,Town10HD_Opt,2026-03-10 09:30:19.198012,12.200273513793944,70.27617645263672,0.0018848800100386,13.368,-0.287,0.261,0.0,0,0,1,,0.897,2026-03-10T09:30:19.198012,neutral,0.928,2026-03-10T09:30:18.278552,0.6720736347288927,2026-03-10T09:30:20.024000,67,,,
participant_03,3,day,Town10HD_Opt,2026-03-10 09:30:20.149038,14.626827239990234,70.30445861816406,0.0018831252818927,14.407,-0.289,0.27,0.0,0,0,1,,0.893,2026-03-10T09:30:20.149038,neutral,0.928,2026-03-10T09:30:18.278552,0.6895351256612925,2026-03-10T09:30:21.104000,65,,,
participant_03,3,day,Town10HD_Opt,2026-03-10 09:30:21.095266,17.236021041870117,70.32471466064453,0.0018885802710428,15.407,-0.289,0.26,0.0,0,0,1,,0.88,2026-03-10T09:30:21.095266,neutral,0.901,2026-03-10T09:30:21.095266,0.6295436914806505,2026-03-10T09:30:22.005000,64,,,
participant_03,3,day,Town10HD_Opt,2026-03-10 09:30:22.008492,19.820146560668945,70.33377075195312,0.002019424457103,13.063,-0.303,0.0,0.0,0,0,1,,0.84,2026-03-10T09:30:22.008492,neutral,0.901,2026-03-10T09:30:21.095266,0.6519265926529083,2026-03-10T09:30:22.005000,65,,,
participant_03,3,day,Town10HD_Opt,2026-03-10 09:30:23.194704,22.223114013671875,70.333984375,0.0020437622442841,7.436,-0.214,0.0,0.124,0,0,1,,0.81,2026-03-10T09:30:23.194704,neutral,0.841,2026-03-10T09:30:23.194704,0.5774056213009812,2026-03-10T09:30:24.075000,64,,,
participant_03,3,day,Town10HD_Opt,2026-03-10 09:30:24.072972,23.360918045043945,70.33177947998047,0.0019723891746252,5.647,-0.204,0.0,0.0,0,0,1,,0.914,2026-03-10T09:30:24.072972,neutral,0.841,2026-03-10T09:30:23.194704,0.5609623521309708,2026-03-10T09:30:25.020000,66,,,
participant_03,3,day,Town10HD_Opt,2026-03-10 09:30:25.262863,24.48589134216309,70.32818603515625,0.0019570922013372,3.97,-0.16,0.0,0.0,0,0,1,,0.865,2026-03-10T09:30:25.262863,neutral,0.824,2026-03-10T09:30:25.262863,0.5709402883522606,2026-03-10T09:30:26.010000,66,,,
participant_03,3,day,Town10HD_Opt,2026-03-10 09:30:26.276733,25.10440826416016,70.32572174072266,0.0023996734526008,2.999,-0.141,0.0,0.0,0,0,1,,0.893,2026-03-10T09:30:26.276733,neutral,0.824,2026-03-10T09:30:25.262863,0.5179996666712107,2026-03-10T09:30:27,66,,,
participant_03,3,day,Town10HD_Opt,2026-03-10 09:30:27.234992,25.5676383972168,70.3240737915039,0.0034996413160115,2.282,-0.12,0.0,0.0,0,0,1,,0.841,2026-03-10T09:30:27.234992,neutral,0.824,2026-03-10T09:30:25.262863,0.533569432772807,2026-03-10T09:30:28.080000,65,,,
participant_03,3,day,Town10HD_Opt,2026-03-10 09:30:28.140621,25.92171096801757,70.32215118408203,0.0019016646547243,1.746,-0.12,0.0,0.0,0,0,1,,1.0,2026-03-10T09:30:28.140621,neutral,0.876,2026-03-10T09:30:28.140621,0.5199542606527311,2026-03-10T09:30:29.025000,66,,,
participant_03,3,day,Town10HD_Opt,2026-03-10 09:30:29.122022,26.19365119934082,70.32084655761719,0.0019318008562549,1.34,-0.12,0.0,0.0,0,0,1,,0.814,2026-03-10T09:30:29.122022,neutral,0.876,2026-03-10T09:30:28.140621,0.552450960859767,2026-03-10T09:30:30.015000,67,,,
participant_03,3,day,Town10HD_Opt,2026-03-10 09:30:30.091452,26.23693084716797,70.32066345214844,0.0019321822328493,0.0,-0.141,0.0,0.303,0,0,1,,1.0,2026-03-10T09:30:30.091452,neutral,0.876,2026-03-10T09:30:28.140621,0.6214361971891262,2026-03-10T09:30:30.015000,67,,,
participant_03,3,day,Town10HD_Opt,2026-03-10 09:30:31.032162,26.23676490783692,70.32066345214844,0.0019155120244249,0.43,-1.819,0.463,0.0,0,0,1,,1.0,2026-03-10T09:30:31.032162,neutral,0.851,2026-03-10T09:30:31.032162,0.6183155045230307,2026-03-10T09:30:31.996000,67,,,
participant_03,3,day,Town10HD_Opt,2026-03-10 09:30:32.301195,27.18358993530273,70.29133605957031,0.0017148971091955,8.25,-2.746,0.441,0.0,0,0,1,,0.837,2026-03-10T09:30:32.301195,neutral,0.851,2026-03-10T09:30:31.032162,0.5790368809006011,2026-03-10T09:30:33.030000,68,,,
participant_03,3,day,Town10HD_Opt,2026-03-10 09:30:33.235232,29.05727767944336,70.18875122070312,0.0018085478805005,13.366,-4.143,0.44,0.0,0,0,1,,0.819,2026-03-10T09:30:33.235232,neutral,0.78,2026-03-10T09:30:33.235232,0.6236120036538372,2026-03-10T09:30:34.020000,69,,,
participant_03,3,day,Town10HD_Opt,2026-03-10 09:30:34.167146,31.71364402770996,69.88209533691406,0.0017770766280591,17.479,-6.019,0.44,0.0,0,0,1,,1.0,2026-03-10T09:30:34.167146,neutral,0.78,2026-03-10T09:30:33.235232,0.5634959862997152,2026-03-10T09:30:35.010000,67,,,
participant_03,3,day,Town10HD_Opt,2026-03-10 09:30:35.112123,34.812950134277344,69.1929931640625,0.0020201874431222,18.865,-11.18,0.44,0.0,0,0,1,,0.805,2026-03-10T09:30:35.112123,neutral,0.78,2026-03-10T09:30:33.235232,0.6098475486599778,2026-03-10T09:30:35.999000,68,,,
participant_03,3,day,Town10HD_Opt,2026-03-10 09:30:36.072364,37.92391204833984,67.75324249267578,0.0020494842901825,19.894,-16.746,0.203,0.0,0,0,1,,1.0,2026-03-10T09:30:36.072364,neutral,0.909,2026-03-10T09:30:36.072364,0.5725582652118469,2026-03-10T09:30:37.035000,71,,,
participant_03,3,day,Town10HD_Opt,2026-03-10 09:30:37.018034,40.4273567199707,65.57742309570312,0.002108383225277,18.265,-16.017,0.279,0.0,0,0,1,,0.829,2026-03-10T09:30:37.018034,neutral,0.909,2026-03-10T09:30:36.072364,0.6287714851500805,2026-03-10T09:30:37.035000,70,,,
participant_03,3,day,Town10HD_Opt,2026-03-10 09:30:38.230817,42.61731719970703,61.96150207519531,0.00204429612495,18.199,-15.159,0.282,0.0,0,0,1,,1.0,2026-03-10T09:30:38.230817,neutral,0.818,2026-03-10T09:30:38.230817,0.5921379743780193,2026-03-10T09:30:39.015000,71,,,
participant_03,3,day,Town10HD_Opt,2026-03-10 09:30:39.162720,43.51307678222656,58.91518783569336,0.0020619581919163,18.267,-10.034,0.283,0.0,0,0,1,,1.0,2026-03-10T09:30:39.162720,neutral,0.818,2026-03-10T09:30:38.230817,0.6060343762678074,2026-03-10T09:30:40.004000,70,,,
participant_03,3,day,Town10HD_Opt,2026-03-10 09:30:40.059957,43.98301315307617,55.771087646484375,0.0020458984654396,18.18,-5.791,0.282,0.0,0,0,1,,0.831,2026-03-10T09:30:40.059957,neutral,0.818,2026-03-10T09:30:38.230817,0.6206624179864761,2026-03-10T09:30:40.995000,73,,,
participant_03,3,day,Town10HD_Opt,2026-03-10 09:30:41.284472,44.23702239990234,51.53740692138672,0.002028465270996,18.103,-3.403,0.284,0.0,0,0,1,,0.891,2026-03-10T09:30:41.284472,neutral,0.895,2026-03-10T09:30:41.284472,0.5702866668816651,2026-03-10T09:30:42.030000,69,,,
participant_03,3,day,Town10HD_Opt,2026-03-10 09:30:42.191904,44.21992111206055,48.431640625,0.0019934463780373,16.42,-2.52,0.0,0.0,0,0,1,,1.0,2026-03-10T09:30:42.191904,neutral,0.895,2026-03-10T09:30:41.284472,0.5717158645833805,2026-03-10T09:30:43.020000,73,,,
participant_03,3,day,Town10HD_Opt,2026-03-10 09:30:43.093177,44.13506317138672,45.978641510009766,0.0020261763129383,11.234,-0.938,0.0,0.294,0,0,1,,0.873,2026-03-10T09:30:43.093177,neutral,0.895,2026-03-10T09:30:41.284472,0.5872137500207817,2026-03-10T09:30:44.010000,73,,,
participant_03,3,day,Town10HD_Opt,2026-03-10 09:30:44.278177,44.04859161376953,43.99342727661133,0.002016830490902,6.297,-0.759,0.0,0.0,0,0,1,,0.906,2026-03-10T09:30:44.278177,neutral,0.944,2026-03-10T09:30:44.278177,0.5542753862689285,2026-03-10T09:30:45,71,,,
participant_03,3,day,Town10HD_Opt,2026-03-10 09:30:45.160193,44.00228500366211,43.01316452026367,0.0019641113467514,4.885,-0.548,0.0,0.0,0,0,1,,0.864,2026-03-10T09:30:45.160193,neutral,0.944,2026-03-10T09:30:44.278177,0.5882467177174554,2026-03-10T09:30:46.125000,70,,,
participant_03,3,day,Town10HD_Opt,2026-03-10 09:30:46.108699,43.96725082397461,42.25303649902344,0.0019548796117305,3.629,0.501,0.035,0.0,0,0,1,,0.853,2026-03-10T09:30:46.108699,neutral,0.944,2026-03-10T09:30:44.278177,0.5903577489500892,2026-03-10T09:30:47.026000,71,,,
participant_03,3,day,Town10HD_Opt,2026-03-10 09:30:47.045731,43.94648361206055,41.715965270996094,0.0019435882568359,2.652,0.757,0.03,0.0,0,0,1,,0.819,2026-03-10T09:30:47.045731,neutral,0.908,2026-03-10T09:30:47.045731,0.5978528458513289,2026-03-10T09:30:47.026000,74,,,
participant_03,3,day,Town10HD_Opt,2026-03-10 09:30:48.280169,43.93793869018555,41.217098236083984,0.0019462204072624,1.487,4.282,0.016,0.0,0,0,1,,1.0,2026-03-10T09:30:48.280169,neutral,0.908,2026-03-10T09:30:47.045731,0.6054772549213036,2026-03-10T09:30:48.105000,73,,,
participant_03,3,day,Town10HD_Opt,2026-03-10 09:30:49.192325,43.93898391723633,40.99751281738281,0.0019365310436114,1.018,4.497,0.036,0.0,0,0,1,,1.0,2026-03-10T09:30:49.192325,neutral,0.969,2026-03-10T09:30:49.192325,0.506570587007539,2026-03-10T09:30:49.320000,70,,,
participant_03,3,day,Town10HD_Opt,2026-03-10 09:30:50.124198,43.94033050537109,40.85365676879883,0.0019295120146125,0.592,4.497,0.035,0.0,0,0,1,,1.0,2026-03-10T09:30:50.124198,neutral,0.969,2026-03-10T09:30:49.192325,0.5012903773021622,2026-03-10T09:30:50.265000,69,,,
participant_03,3,day,Town10HD_Opt,2026-03-10 09:30:51.057650,43.94156265258789,40.759464263916016,0.001926879864186,0.41,4.669,0.075,0.0,0,0,1,,1.0,2026-03-10T09:30:51.057650,neutral,0.969,2026-03-10T09:30:49.192325,0.4880078670908406,2026-03-10T09:30:51.615000,66,,,
participant_03,3,day,Town10HD_Opt,2026-03-10 09:30:52.252326,43.94272994995117,40.68303680419922,0.0019216918153688,0.26,4.669,0.061,0.0,0,0,1,,1.0,2026-03-10T09:30:52.252326,neutral,0.974,2026-03-10T09:30:52.252326,0.5093995572938068,2026-03-10T09:30:53.101000,67,,,
participant_03,3,day,Town10HD_Opt,2026-03-10 09:30:53.162599,43.94337844848633,40.63728332519531,0.0019002532353624,0.527,4.858,0.246,0.0,0,0,1,,1.0,2026-03-10T09:30:53.162599,neutral,0.974,2026-03-10T09:30:52.252326,0.4833202028815206,2026-03-10T09:30:54.046000,70,,,
participant_03,3,day,Town10HD_Opt,2026-03-10 09:30:54.063024,43.95117568969727,40.28965759277344,0.0018345260759815,3.221,4.86,0.252,0.0,0,0,1,,1.0,2026-03-10T09:30:54.063024,neutral,0.974,2026-03-10T09:30:52.252326,0.4039862545193453,2026-03-10T09:30:54.046000,73,,,
participant_03,3,day,Town10HD_Opt,2026-03-10 09:30:55.214374,44.00680541992188,39.094337463378906,0.0018078612629324,7.44,5.633,0.451,0.0,0,0,1,,1.0,2026-03-10T09:30:55.214374,neutral,0.783,2026-03-10T09:30:55.214374,0.5585770295836282,2026-03-10T09:30:55.396000,71,,,
participant_03,3,day,Town10HD_Opt,2026-03-10 09:30:56.165524,44.18118667602539,37.39366912841797,0.0017692183610051,12.318,8.916,0.41,0.0,0,0,1,,1.0,2026-03-10T09:30:56.165524,neutral,0.783,2026-03-10T09:30:55.214374,0.3871364745349133,2026-03-10T09:30:56.197000,76,,,
participant_03,3,day,Town10HD_Opt,2026-03-10 09:30:57.033298,44.7568359375,35.01388931274414,0.0018201827770099,15.941,19.903,0.409,0.0,0,0,1,,0.874,2026-03-10T09:30:57.033298,neutral,0.783,2026-03-10T09:30:55.214374,0.4469121844464461,2026-03-10T09:30:57.149000,78,,,
participant_03,3,day,Town10HD_Opt,2026-03-10 09:30:58.181047,47.01268768310547,31.65785789489746,0.002116355812177,18.402,23.74,0.406,0.0,0,0,1,,0.846,2026-03-10T09:30:58.181047,neutral,0.811,2026-03-10T09:30:58.181047,0.4472301589153423,2026-03-10T09:30:58.050000,75,,,
participant_03,3,day,Town10HD_Opt,2026-03-10 09:30:59.115218,49.77162170410156,29.903249740600582,0.0020272063557058,19.747,19.563,0.405,0.0,0,0,1,,0.868,2026-03-10T09:30:59.115218,neutral,0.811,2026-03-10T09:30:58.181047,0.3929037582707781,2026-03-10T09:30:59.625000,72,,,
participant_03,3,day,Town10HD_Opt,2026-03-10 09:31:00.035224,53.20187759399414,28.849342346191406,0.0019948959816247,21.526,4.603,0.4,0.0,0,0,1,,1.0,2026-03-10T09:31:00.035224,neutral,0.811,2026-03-10T09:30:58.181047,0.4442936248712084,2026-03-10T09:31:00.164000,69,,,
participant_03,3,day,Town10HD_Opt,2026-03-10 09:31:01.216590,58.2869758605957,27.63122940063477,0.0019997404888272,23.375,1.02,0.399,0.0,0,0,1,,1.0,2026-03-10T09:31:01.216590,neutral,0.992,2026-03-10T09:31:01.216590,0.3723681380693544,2026-03-10T09:31:02.145000,71,,,
participant_03,3,day,Town10HD_Opt,2026-03-10 09:31:02.090405,62.37915802001953,26.7471866607666,0.0020057295914739,24.546,2.118,0.368,0.0,0,0,1,,0.805,2026-03-10T09:31:02.090405,neutral,0.992,2026-03-10T09:31:01.216590,0.4095392933220542,2026-03-10T09:31:03.042000,71,,,
participant_03,3,day,Town10HD_Opt,2026-03-10 09:31:03.226265,67.84370422363281,25.84797096252441,0.0021765900310128,21.174,2.019,0.074,0.0,0,0,1,,0.865,2026-03-10T09:31:03.226265,neutral,0.831,2026-03-10T09:31:03.226265,0.3054733643450874,2026-03-10T09:31:04.125000,72,,,
participant_03,3,day,Town10HD_Opt,2026-03-10 09:31:04.091943,71.17967224121094,25.46476173400879,0.0019056319724768,17.564,1.984,0.068,0.0,0,0,1,,1.0,2026-03-10T09:31:04.091943,neutral,0.831,2026-03-10T09:31:03.226265,0.439624400896487,2026-03-10T09:31:04.125000,71,,,
participant_03,3,day,Town10HD_Opt,2026-03-10 09:31:05.219663,74.68693542480469,25.19791030883789,0.0020376204047352,12.4,1.958,0.0,0.065,0,0,1,,0.89,2026-03-10T09:31:05.219663,neutral,0.831,2026-03-10T09:31:03.226265,0.3797302606943719,2026-03-10T09:31:06.015000,72,,,
participant_03,3,day,Town10HD_Opt,2026-03-10 09:31:06.066448,76.55339050292969,25.11084747314453,0.0020167923066765,9.034,1.812,0.0,0.0,0,0,1,,0.921,2026-03-10T09:31:06.066448,neutral,0.798,2026-03-10T09:31:06.066448,0.3159067410630343,2026-03-10T09:31:06.015000,72,,,
participant_03,3,day,Town10HD_Opt,2026-03-10 09:31:07.209096,78.35443878173828,25.05602264404297,0.0019800949376076,6.361,1.528,0.0,0.0,0,0,1,,0.887,2026-03-10T09:31:07.209096,neutral,0.798,2026-03-10T09:31:06.066448,0.4048454098258609,2026-03-10T09:31:07.097000,72,,,
participant_03,3,day,Town10HD_Opt,2026-03-10 09:31:08.061991,79.34513854980469,25.03758430480957,0.0019658280070871,4.884,1.521,0.0,0.0,0,0,1,,0.907,2026-03-10T09:31:08.061991,neutral,0.798,2026-03-10T09:31:06.066448,0.4449813269985588,2026-03-10T09:31:08.354000,75,,,
participant_03,3,day,Town10HD_Opt,2026-03-10 09:31:09.240401,80.31788635253906,25.027814865112305,0.0019520187051966,3.433,1.511,0.0,0.0,0,0,1,,0.941,2026-03-10T09:31:09.240401,neutral,0.98,2026-03-10T09:31:09.240401,0.3446388186609943,2026-03-10T09:31:10.064000,71,,,
participant_03,3,day,Town10HD_Opt,2026-03-10 09:31:10.079594,80.85263061523438,25.025924682617188,0.0019443130586296,2.636,1.499,0.0,0.0,0,0,1,,0.939,2026-03-10T09:31:10.079594,neutral,0.98,2026-03-10T09:31:09.240401,0.3732867595688872,2026-03-10T09:31:10.064000,74,,,
participant_03,3,day,Town10HD_Opt,2026-03-10 09:31:11.224198,81.3740005493164,25.02642250061035,0.0019490432459861,1.647,1.485,0.048,0.0,0,0,1,,0.922,2026-03-10T09:31:11.224198,neutral,0.98,2026-03-10T09:31:09.240401,0.365102281390318,2026-03-10T09:31:11.145000,71,,,
participant_03,3,day,Town10HD_Opt,2026-03-10 09:31:12.142743,81.62269592285156,25.027421951293945,0.0019149398431181,1.412,1.481,0.0,0.0,0,0,1,,0.918,2026-03-10T09:31:12.142743,neutral,0.994,2026-03-10T09:31:12.142743,0.3608865606554941,2026-03-10T09:31:13.035000,70,Stop sign violation,stop_sign_id=1200,
participant_03,3,day,Town10HD_Opt,2026-03-10 09:31:13.069140,81.84718322753906,25.02865028381348,0.001928825280629,1.11,1.358,0.0,0.0,0,0,1,,0.83,2026-03-10T09:31:13.069140,neutral,0.994,2026-03-10T09:31:12.142743,0.3606727532274165,2026-03-10T09:31:14.023000,68,,,
participant_03,3,day,Town10HD_Opt,2026-03-10 09:31:14.215809,82.06830596923828,25.030311584472656,0.0019265746232122,0.781,1.405,0.0,0.0,0,0,1,,1.0,2026-03-10T09:31:14.215809,neutral,0.898,2026-03-10T09:31:14.215809,0.3728369088639347,2026-03-10T09:31:15.061000,69,Solid line crossing,Solid line crossing,
participant_03,3,day,Town10HD_Opt,2026-03-10 09:31:15.079615,82.18994140625,25.03138542175293,0.0019248580792918,0.599,1.405,0.0,0.0,0,0,1,,1.0,2026-03-10T09:31:15.079615,neutral,0.898,2026-03-10T09:31:14.215809,0.3750000188252521,2026-03-10T09:31:15.061000,69,,,
participant_03,3,day,Town10HD_Opt,2026-03-10 09:31:16.250635,82.30940246582031,25.03249168395996,0.0019229887984693,0.422,1.405,0.0,0.0,0,0,1,,0.882,2026-03-10T09:31:16.250635,neutral,0.987,2026-03-10T09:31:16.250635,0.3894367006926253,2026-03-10T09:31:16.053000,69,,,
participant_03,3,day,Town10HD_Opt,2026-03-10 09:31:17.126831,82.3750991821289,25.033178329467773,0.001922111492604,0.329,1.405,0.0,0.0,0,0,1,,0.869,2026-03-10T09:31:17.126831,neutral,0.987,2026-03-10T09:31:16.250635,0.39053217120593,2026-03-10T09:31:17.220000,69,,,
participant_03,3,day,Town10HD_Opt,2026-03-10 09:31:18.230057,82.43962097167969,25.033878326416016,0.0019211958860978,0.228,1.405,0.0,0.0,0,0,1,,0.858,2026-03-10T09:31:18.230057,neutral,0.987,2026-03-10T09:31:16.250635,0.4501420777676936,2026-03-10T09:31:19.113000,67,,,
participant_03,3,day,Town10HD_Opt,2026-03-10 09:31:19.072634,82.47509765625,25.03430938720703,0.001920623704791,0.175,1.405,0.0,0.0,0,0,1,,0.859,2026-03-10T09:31:19.072634,neutral,0.997,2026-03-10T09:31:19.072634,0.446570289904451,2026-03-10T09:31:19.113000,67,,,
participant_03,3,day,Town10HD_Opt,2026-03-10 09:31:20.198252,82.50994873046875,25.03468894958496,0.0019201659597456,0.123,1.405,0.0,0.0,0,0,1,,0.926,2026-03-10T09:31:20.198252,neutral,0.997,2026-03-10T09:31:19.072634,0.362355212812268,2026-03-10T09:31:21.045000,70,,,
participant_03,3,day,Town10HD_Opt,2026-03-10 09:31:21.042114,82.52912902832031,25.03494644165039,0.0019198989029973,0.095,1.405,0.0,0.0,0,0,1,,0.852,2026-03-10T09:31:21.042114,neutral,0.997,2026-03-10T09:31:19.072634,0.3999516228691244,2026-03-10T09:31:21.045000,68,,,
participant_03,3,day,Town10HD_Opt,2026-03-10 09:31:22.162202,82.54796600341797,25.03512954711914,0.0019195555942133,0.067,1.405,0.0,0.0,0,0,1,,0.946,2026-03-10T09:31:22.162202,neutral,0.991,2026-03-10T09:31:22.162202,0.469717527105163,2026-03-10T09:31:23.070000,70,,,
participant_03,3,day,Town10HD_Opt,2026-03-10 09:31:23.151994,82.55831909179688,25.035274505615234,0.0019194793421775,0.051,1.424,0.0,0.0,0,0,1,,0.869,2026-03-10T09:31:23.151994,neutral,0.991,2026-03-10T09:31:22.162202,0.4294562356291836,2026-03-10T09:31:24.060000,71,,,
participant_03,3,day,Town10HD_Opt,2026-03-10 09:31:24.122107,82.56626892089844,25.03542900085449,0.0019193267216905,0.039,1.499,0.0,0.0,0,0,1,,0.875,2026-03-10T09:31:24.122107,neutral,0.991,2026-03-10T09:31:22.162202,0.4240740654470865,2026-03-10T09:31:25.006000,71,,,
participant_03,3,day,Town10HD_Opt,2026-03-10 09:31:25.011292,82.57238006591797,25.03558349609375,0.001919288537465,0.03,2.111,0.0,0.0,0,0,1,,1.0,2026-03-10T09:31:25.011292,neutral,0.995,2026-03-10T09:31:25.011292,0.4202543739672976,2026-03-10T09:31:25.006000,69,,,
participant_03,3,day,Town10HD_Opt,2026-03-10 09:31:26.172264,82.61416625976562,25.036516189575195,0.001860580407083,1.17,3.339,0.305,0.0,0,0,1,,0.906,2026-03-10T09:31:26.172264,neutral,0.995,2026-03-10T09:31:25.011292,0.3912287938030487,2026-03-10T09:31:26.043000,71,,,
participant_03,3,day,Town10HD_Opt,2026-03-10 09:31:27.054220,83.2729263305664,25.05613136291504,0.0016604994889348,8.022,2.916,0.579,0.0,0,0,1,,0.921,2026-03-10T09:31:27.054220,neutral,0.997,2026-03-10T09:31:27.054220,0.3780533256191564,2026-03-10T09:31:28.021000,65,,,
participant_03,3,day,Town10HD_Opt,2026-03-10 09:31:28.249697,86.22283172607422,25.22156143188477,0.0016992187593132,17.54,2.901,0.552,0.0,0,0,1,,0.904,2026-03-10T09:31:28.249697,neutral,0.997,2026-03-10T09:31:27.054220,0.3615392808101705,2026-03-10T09:31:29.010000,68,,,
participant_03,3,day,Town10HD_Opt,2026-03-10 09:31:29.127039,89.50675201416016,25.498031616210938,0.0019507217220962,20.48,-3.233,0.499,0.0,0,0,1,,0.939,2026-03-10T09:31:29.127039,neutral,0.996,2026-03-10T09:31:29.127039,0.4119246473237947,2026-03-10T09:31:29.010000,68,,,
participant_03,3,day,Town10HD_Opt,2026-03-10 09:31:30.010474,93.36847686767578,25.46356201171875,0.001934242201969,24.062,-11.595,0.499,0.0,0,0,1,,0.966,2026-03-10T09:31:30.010474,neutral,0.996,2026-03-10T09:31:29.127039,0.3619041069745998,2026-03-10T09:31:30.186000,65,,,
participant_03,3,day,Town10HD_Opt,2026-03-10 09:31:31.169751,98.98686981201172,23.465728759765625,0.0019837187137454,27.923,-17.588,0.499,0.0,0,0,1,,0.83,2026-03-10T09:31:31.169751,neutral,0.992,2026-03-10T09:31:31.169751,0.3731769786355826,2026-03-10T09:31:32.025000,65,,,
participant_03,3,day,Town10HD_Opt,2026-03-10 09:31:32.053842,102.54901123046876,19.88290977478028,0.0019877625163644,30.37,-13.392,0.331,0.0,0,0,1,,0.91,2026-03-10T09:31:32.053842,neutral,0.992,2026-03-10T09:31:31.169751,0.4071087353748474,2026-03-10T09:31:33.015000,68,,,
participant_03,3,day,Town10HD_Opt,2026-03-10 09:31:33.238176,105.146484375,13.917386054992676,0.0022299194242805,24.473,-9.571,0.328,0.0,0,0,1,,0.971,2026-03-10T09:31:33.238176,neutral,0.998,2026-03-10T09:31:33.238176,0.3645835570876603,2026-03-10T09:31:34.005000,68,,,
participant_03,3,day,Town10HD_Opt,2026-03-10 09:31:34.184418,105.86516571044922,9.8390474319458,0.0020856857299804,23.12,-4.915,0.305,0.0,0,0,1,,1.0,2026-03-10T09:31:34.184418,neutral,0.998,2026-03-10T09:31:33.238176,0.3748664352887386,2026-03-10T09:31:34.005000,67,,,
participant_03,3,day,Town10HD_Opt,2026-03-10 09:31:35.029859,106.18614196777344,5.870345115661621,0.0020666504278779,22.423,-2.819,0.309,0.0,0,0,1,,0.84,2026-03-10T09:31:35.029859,neutral,0.998,2026-03-10T09:31:33.238176,0.363367317593236,2026-03-10T09:31:35.220000,72,,,
participant_03,3,day,Town10HD_Opt,2026-03-10 09:31:36.136042,106.30787658691406,0.73024582862854,0.0020603942684829,21.683,-0.411,0.31,0.0,0,0,1,,0.817,2026-03-10T09:31:36.136042,neutral,0.962,2026-03-10T09:31:36.136042,0.3741218403064905,2026-03-10T09:31:36.166000,69,Solid line crossing,Solid line crossing,
participant_03,3,day,Town10HD_Opt,2026-03-10 09:31:37.060144,106.36124420166016,-3.02115535736084,0.0020575332455337,21.227,0.611,0.311,0.0,0,0,1,,0.844,2026-03-10T09:31:37.060144,neutral,0.962,2026-03-10T09:31:36.136042,0.3647223556083392,2026-03-10T09:31:38.010000,69,,,
participant_03,3,day,Town10HD_Opt,2026-03-10 09:31:38.155467,106.49718475341795,-7.908874988555908,0.0020546722225844,20.728,0.877,0.312,0.0,0,0,1,,0.878,2026-03-10T09:31:38.155467,neutral,0.982,2026-03-10T09:31:38.155467,0.3562609681819711,2026-03-10T09:31:38.010000,70,,,
participant_03,3,day,Town10HD_Opt,2026-03-10 09:31:39.234808,106.73697662353516,-12.685590744018556,0.0020528030581772,20.297,0.954,0.312,0.0,0,0,1,,0.944,2026-03-10T09:31:39.234808,neutral,0.982,2026-03-10T09:31:38.155467,0.349377120019311,2026-03-10T09:31:40.035000,66,,,
participant_03,3,day,Town10HD_Opt,2026-03-10 09:31:40.088901,106.987548828125,-16.203828811645508,0.0020518111996352,20.041,0.945,0.312,0.0,0,0,1,,0.901,2026-03-10T09:31:40.088901,neutral,0.982,2026-03-10T09:31:38.155467,0.3707972067636155,2026-03-10T09:31:40.035000,69,,,
participant_03,3,day,Town10HD_Opt,2026-03-10 09:31:41.165898,107.40987396240234,-20.81748962402344,0.0020505141001194,19.721,0.931,0.312,0.0,0,0,1,,0.862,2026-03-10T09:31:41.165898,neutral,0.954,2026-03-10T09:31:41.165898,0.4184247656886925,2026-03-10T09:31:41.121000,68,,,
participant_03,3,day,Town10HD_Opt,2026-03-10 09:31:42.233035,107.89735412597656,-25.354591369628903,0.0020497131627053,19.444,-1.415,0.312,0.0,0,0,1,,0.865,2026-03-10T09:31:42.233035,neutral,0.954,2026-03-10T09:31:41.165898,0.402643119947066,2026-03-10T09:31:43.006000,72,,,
participant_03,3,day,Town10HD_Opt,2026-03-10 09:31:43.069449,108.10860443115234,-28.7272891998291,0.0020503615960478,19.245,-4.091,0.313,0.0,0,0,1,,0.91,2026-03-10T09:31:43.069449,neutral,0.954,2026-03-10T09:31:41.165898,0.314527970197904,2026-03-10T09:31:43.006000,73,,,
participant_03,3,day,Town10HD_Opt,2026-03-10 09:31:44.157191,108.00432586669922,-33.184600830078125,0.0020488356240093,19.045,-4.851,0.313,0.0,0,0,1,,0.945,2026-03-10T09:31:44.157191,neutral,0.985,2026-03-10T09:31:44.157191,0.3605292574980829,2026-03-10T09:31:44.265000,73,,,
participant_03,3,day,Town10HD_Opt,2026-03-10 09:31:45.031541,107.5957489013672,-36.47444152832031,0.0020496367942541,18.92,-5.971,0.313,0.0,0,0,1,,0.949,2026-03-10T09:31:45.031541,neutral,0.985,2026-03-10T09:31:44.157191,0.3521616944903515,2026-03-10T09:31:45.221000,73,,,
participant_03,3,day,Town10HD_Opt,2026-03-10 09:31:46.121911,106.51716613769533,-40.72343826293945,0.002049942035228,18.767,-6.535,0.314,0.0,0,0,1,,0.953,2026-03-10T09:31:46.121911,neutral,0.985,2026-03-10T09:31:44.157191,0.315202310780746,2026-03-10T09:31:47.021000,72,,,
participant_03,3,day,Town10HD_Opt,2026-03-10 09:31:47.003158,105.30205535888672,-43.775760650634766,0.0020174789242446,19.311,-6.478,0.432,0.0,0,0,1,,0.944,2026-03-10T09:31:47.003158,neutral,0.97,2026-03-10T09:31:47.003158,0.3887063784087797,2026-03-10T09:31:47.021000,70,,,
participant_03,3,day,Town10HD_Opt,2026-03-10 09:31:48.097108,102.86799621582033,-48.08879470825195,0.0018215179443359,25.771,-5.971,0.875,0.0,0,0,1,,0.931,2026-03-10T09:31:48.097108,neutral,0.97,2026-03-10T09:31:47.003158,0.3738515884779977,2026-03-10T09:31:49.036000,67,,,
participant_03,3,day,Town10HD_Opt,2026-03-10 09:31:49.189535,97.76221466064452,-54.36912536621094,0.0015545653877779,45.426,-4.266,1.0,0.0,0,0,1,,0.907,2026-03-10T09:31:49.189535,neutral,0.993,2026-03-10T09:31:49.189535,0.4586129202970105,2026-03-10T09:31:50.025000,68,,,
participant_03,3,day,Town10HD_Opt,2026-03-10 09:31:50.035944,91.19364166259766,-60.15657043457031,0.0021006392780691,49.276,-5.229,1.0,0.0,0,0,1,,0.901,2026-03-10T09:31:50.035944,neutral,0.993,2026-03-10T09:31:49.189535,0.3643344238752429,2026-03-10T09:31:50.025000,67,,,
participant_03,3,day,Town10HD_Opt,2026-03-10 09:31:51.179086,80.84230041503906,-65.18111419677734,0.0021731567103415,48.754,-5.276,0.948,0.0,0,0,1,,0.94,2026-03-10T09:31:51.179086,neutral,0.993,2026-03-10T09:31:49.189535,0.3466482146488316,2026-03-10T09:31:52.006000,68,,,
participant_03,3,day,Town10HD_Opt,2026-03-10 09:31:52.063755,72.21703338623047,-66.74297332763672,0.002147369319573,49.338,-1.608,0.944,0.0,0,0,1,,0.939,2026-03-10T09:31:52.063755,neutral,0.984,2026-03-10T09:31:52.063755,0.3427777054584566,2026-03-10T09:31:52.006000,68,,,
participant_03,3,day,Town10HD_Opt,2026-03-10 09:31:53.003544,63.49160003662109,-67.58177947998047,0.00217468268238,48.739,-2.148,0.945,0.0,0,0,1,,0.942,2026-03-10T09:31:53.003544,neutral,0.984,2026-03-10T09:31:52.063755,0.3596316111148639,2026-03-10T09:31:53.130000,67,,,
participant_03,3,day,Town10HD_Opt,2026-03-10 09:31:54.227999,51.84069061279297,-67.71527099609375,0.0019427490187808,51.365,-0.059,0.0,0.0,0,0,1,,0.896,2026-03-10T09:31:54.227999,neutral,0.964,2026-03-10T09:31:54.227999,0.4013083022224142,2026-03-10T09:31:55.021000,69,,,
participant_03,3,day,Town10HD_Opt,2026-03-10 09:31:55.160627,43.06296920776367,-67.55892944335938,0.0019892118871212,50.333,1.121,0.948,0.0,0,0,1,,0.875,2026-03-10T09:31:55.160627,neutral,0.964,2026-03-10T09:31:54.227999,0.4088899605166299,2026-03-10T09:31:56.011000,69,,,
participant_03,3,day,Town10HD_Opt,2026-03-10 09:31:56.069570,34.265830993652344,-67.68601989746094,0.0020378492772579,50.407,0.157,0.943,0.0,0,0,1,,0.832,2026-03-10T09:31:56.069570,neutral,0.964,2026-03-10T09:31:54.227999,0.4977415307854788,2026-03-10T09:31:56.011000,66,,,
participant_03,3,day,Town10HD_Opt,2026-03-10 09:31:57.209918,23.042123794555664,-67.8914566040039,0.0023842619266361,41.011,-0.207,0.0,0.0,0,0,1,,0.927,2026-03-10T09:31:57.209918,neutral,0.992,2026-03-10T09:31:57.209918,0.3744319760964479,2026-03-10T09:31:58.036000,69,,,
participant_03,3,day,Town10HD_Opt,2026-03-10 09:31:58.107082,16.635047912597656,-67.91863250732422,0.0023324585054069,31.734,0.096,0.0,0.0,0,0,1,,0.94,2026-03-10T09:31:58.107082,neutral,0.992,2026-03-10T09:31:57.209918,0.4261446322566349,2026-03-10T09:31:58.036000,69,,,
participant_03,3,day,Town10HD_Opt,2026-03-10 09:31:59.230871,10.321465492248535,-67.96007537841797,0.0022658538073301,22.089,0.045,0.0,0.0,0,0,1,,0.857,2026-03-10T09:31:59.230871,neutral,0.986,2026-03-10T09:31:59.230871,0.4363239757877187,,68,,,
participant_03,3,day,Town10HD_Opt,2026-03-10 09:32:00.095856,6.9065117835998535,-67.98713684082031,0.0019255065126344,17.724,0.068,0.485,0.0,0,0,1,,0.832,2026-03-10T09:32:00.095856,neutral,0.986,2026-03-10T09:31:59.230871,0.4777152281164029,,71,,,
participant_03,3,day,Town10HD_Opt,2026-03-10 09:32:01.207839,2.4185376167297363,-68.02913665771484,0.0018556975992396,22.911,0.162,0.75,0.0,0,0,1,,0.888,2026-03-10T09:32:01.207839,neutral,0.986,2026-03-10T09:31:59.230871,0.5510215240100858,2026-03-10T09:32:02.041000,69,,,
participant_03,3,day,Town10HD_Opt,2026-03-10 09:32:02.033101,-2.4753096103668213,-68.09300994873047,0.001560668926686,35.917,0.181,1.0,0.0,0,0,1,,0.89,2026-03-10T09:32:02.033101,neutral,0.963,2026-03-10T09:32:02.033101,0.5301796924060964,2026-03-10T09:32:02.041000,72,,,
participant_03,3,day,Town10HD_Opt,2026-03-10 09:32:03.139042,-12.967782974243164,-68.28583526611328,0.0017094803042709,52.016,-0.644,0.0,0.237,0,0,1,,0.884,2026-03-10T09:32:03.139042,neutral,0.963,2026-03-10T09:32:02.033101,0.4803910569420886,2026-03-10T09:32:04.065000,73,,,
participant_03,3,day,Town10HD_Opt,2026-03-10 09:32:04.252853,-23.71253776550293,-68.07282257080078,0.0023405456449836,39.493,0.134,0.192,0.0,0,0,1,,0.931,2026-03-10T09:32:04.252853,neutral,0.995,2026-03-10T09:32:04.252853,0.569081538884869,2026-03-10T09:32:05.055000,73,,,
participant_03,3,day,Town10HD_Opt,2026-03-10 09:32:05.118139,-30.191802978515625,-67.7920913696289,0.0021538925357162,35.403,3.377,0.492,0.0,0,0,1,,0.836,2026-03-10T09:32:05.118139,neutral,0.995,2026-03-10T09:32:04.252853,0.4571612055152163,2026-03-10T09:32:05.055000,73,,,
participant_03,3,day,Town10HD_Opt,2026-03-10 09:32:06.279349,-38.7661247253418,-68.21566009521484,0.0019276046659797,39.223,-0.002,0.589,0.0,0,0,1,,0.846,2026-03-10T09:32:06.279349,neutral,0.987,2026-03-10T09:32:06.279349,0.4464984627575062,2026-03-10T09:32:05.055000,74,,,
participant_03,3,day,Town10HD_Opt,2026-03-10 09:32:07.145446,-45.90364456176758,-68.66493225097656,0.0019417953444644,42.542,-0.562,0.556,0.0,0,0,1,,0.847,2026-03-10T09:32:07.145446,neutral,0.987,2026-03-10T09:32:06.279349,0.5447332147967596,2026-03-10T09:32:07.263000,69,,,
participant_03,3,day,Town10HD_Opt,2026-03-10 09:32:08.006441,-53.54489517211914,-68.99908447265625,0.0019547652918845,45.008,-0.818,0.578,0.0,0,0,1,,0.83,2026-03-10T09:32:08.006441,neutral,0.987,2026-03-10T09:32:06.279349,0.5961224462132455,2026-03-10T09:32:08.610000,72,,,
participant_03,3,day,Town10HD_Opt,2026-03-10 09:32:09.132800,-64.4658432006836,-69.09954071044922,0.0019602584652602,48.612,-0.557,0.578,0.0,0,0,1,,1.0,2026-03-10T09:32:09.132800,neutral,0.991,2026-03-10T09:32:09.132800,0.5876231113654662,2026-03-10T09:32:09.285000,70,,,
participant_03,3,day,Town10HD_Opt,2026-03-10 09:32:10.242465,-76.05730438232422,-68.63628387451172,0.0021067427005618,49.273,-5.65,0.561,0.0,0,0,1,,0.849,2026-03-10T09:32:10.242465,neutral,0.991,2026-03-10T09:32:09.132800,0.6499267666192537,2026-03-10T09:32:11.041000,73,,,
participant_03,3,day,Town10HD_Opt,2026-03-10 09:32:11.083842,-84.34764099121094,-66.56623077392578,0.0020187378395348,49.491,-7.342,0.56,0.0,0,0,1,,0.954,2026-03-10T09:32:11.083842,neutral,0.991,2026-03-10T09:32:09.132800,0.5750683165632451,2026-03-10T09:32:12.031000,73,,,
participant_03,3,day,Town10HD_Opt,2026-03-10 09:32:12.228456,-94.34932708740234,-60.69673156738281,0.00205680844374,49.447,-0.898,0.58,0.0,0,0,1,,0.897,2026-03-10T09:32:12.228456,neutral,0.979,2026-03-10T09:32:12.228456,0.5664208892131828,2026-03-10T09:32:12.031000,72,,,
participant_03,3,day,Town10HD_Opt,2026-03-10 09:32:13.073080,-101.19422912597656,-55.2623291015625,0.0021094130352139,49.011,-6.083,0.58,0.0,0,0,1,,0.914,2026-03-10T09:32:13.073080,neutral,0.979,2026-03-10T09:32:12.228456,0.6149029508559972,2026-03-10T09:32:13.561000,72,,,errors=Solid line crossing
participant_03,3,day,Town10HD_Opt,2026-03-10 09:32:14.252043,-108.15816497802734,-46.09793472290039,0.0019956969190388,50.509,-7.375,0.0,0.0,0,0,1,,0.844,2026-03-10T09:32:14.252043,neutral,0.957,2026-03-10T09:32:14.252043,0.5497299299851057,2026-03-10T09:32:15.046000,73,,,
participant_03,3,day,Town10HD_Opt,2026-03-10 09:32:15.156533,-110.87433624267578,-37.94725036621094,0.0020289230160415,49.342,-4.926,0.571,0.0,0,0,1,,0.888,2026-03-10T09:32:15.156533,neutral,0.957,2026-03-10T09:32:14.252043,0.5802451693883661,2026-03-10T09:32:16.036000,74,,,
participant_03,3,day,Town10HD_Opt,2026-03-10 09:32:16.087971,-111.81173706054688,-29.26047706604004,0.0020705794449895,49.472,-1.958,0.283,0.0,0,0,1,,0.903,2026-03-10T09:32:16.087971,neutral,0.957,2026-03-10T09:32:14.252043,0.5826542830216141,2026-03-10T09:32:16.036000,71,,,
participant_03,3,day,Town10HD_Opt,2026-03-10 09:32:17.010645,-111.82855224609376,-21.23359107971192,0.0023854444734752,39.971,-2.066,0.0,0.292,0,0,1,,0.801,2026-03-10T09:32:17.010645,neutral,0.971,2026-03-10T09:32:17.010645,0.5258245149351514,2026-03-10T09:32:17.835000,73,,,
participant_03,3,day,Town10HD_Opt,2026-03-10 09:32:18.265788,-111.35724639892578,-13.600229263305664,0.0024037170223891,25.414,1.584,0.0,0.656,0,0,1,,0.904,2026-03-10T09:32:18.265788,neutral,0.971,2026-03-10T09:32:17.010645,0.580193908955284,2026-03-10T09:32:19.141000,71,,,
participant_03,3,day,Town10HD_Opt,2026-03-10 09:32:19.153194,-111.21424865722656,-10.063547134399414,0.002108383225277,15.191,1.37,0.0,0.551,0,0,1,,0.937,2026-03-10T09:32:19.153194,neutral,0.963,2026-03-10T09:32:19.153194,0.6520963143905243,2026-03-10T09:32:20.086000,75,,,
participant_03,3,day,Town10HD_Opt,2026-03-10 09:32:20.085762,-111.14739227294922,-7.99657678604126,0.0021396256051957,8.119,-2.377,0.0,0.492,0,0,1,,0.93,2026-03-10T09:32:20.085762,neutral,0.963,2026-03-10T09:32:19.153194,0.6101612254997689,2026-03-10T09:32:21.030000,74,,,
participant_03,3,day,Town10HD_Opt,2026-03-10 09:32:21.264501,-111.11153411865234,-7.370133399963379,0.0019888686947524,0.014,-1.711,0.0,0.0,0,0,1,,0.952,2026-03-10T09:32:21.264501,neutral,0.919,2026-03-10T09:32:21.264501,0.531123655776408,2026-03-10T09:32:22.021000,74,,,
participant_03,3,day,Town10HD_Opt,2026-03-10 09:32:22.210996,-111.11153411865234,-7.36697244644165,0.0019200515234842,0.155,-0.228,0.124,0.0,0,0,1,,0.896,2026-03-10T09:32:22.210996,neutral,0.919,2026-03-10T09:32:21.264501,0.6582412748669295,2026-03-10T09:32:23.146000,76,,,
participant_03,3,day,Town10HD_Opt,2026-03-10 09:32:23.119144,-111.10665130615234,-7.256490230560303,0.0018455123063176,1.938,-0.197,0.232,0.0,0,0,1,,0.839,2026-03-10T09:32:23.119144,neutral,0.919,2026-03-10T09:32:21.264501,0.5922660240097594,2026-03-10T09:32:23.146000,73,,,
participant_03,3,day,Town10HD_Opt,2026-03-10 09:32:24.013627,-111.08212280273438,-6.733248710632324,0.0018446350004523,4.135,-0.007,0.0,0.0,0,0,1,,1.0,2026-03-10T09:32:24.013627,fear,0.666,2026-03-10T09:32:24.013627,0.5816652193637476,2026-03-10T09:32:24.091000,74,,,
participant_03,3,day,Town10HD_Opt,2026-03-10 09:32:25.199860,-111.06300354003906,-6.31973934173584,0.0019671630579978,0.0,0.031,0.0,0.113,0,0,1,,1.0,2026-03-10T09:32:25.199860,fear,0.666,2026-03-10T09:32:24.013627,0.5608063748952238,2026-03-10T09:32:25.397000,74,,,
participant_03,3,day,Town10HD_Opt,2026-03-10 09:32:26.073576,-111.06300354003906,-6.319239139556885,0.0019204712007194,0.007,0.031,0.0,0.0,0,0,1,,0.949,2026-03-10T09:32:26.073576,fear,0.709,2026-03-10T09:32:26.073576,0.592003463154623,2026-03-10T09:32:25.397000,74,,,
participant_03,3,day,Town10HD_Opt,2026-03-10 09:32:27.194267,-111.06300354003906,-6.319097995758057,0.0019189452286809,0.006,0.103,0.0,0.0,0,0,1,,0.838,2026-03-10T09:32:27.194267,fear,0.709,2026-03-10T09:32:26.073576,0.5691666224979414,2026-03-10T09:32:27.065000,77,,,
participant_03,3,day,Town10HD_Opt,2026-03-10 09:32:28.056407,-111.06300354003906,-6.319151401519775,0.0019187545403838,0.006,0.103,0.0,0.0,0,0,1,,1.0,2026-03-10T09:32:28.056407,fear,0.709,2026-03-10T09:32:26.073576,0.565481015483181,2026-03-10T09:32:28.635000,72,,,
participant_03,3,day,Town10HD_Opt,2026-03-10 09:32:29.199351,-111.0619125366211,-6.294613361358643,0.0018753432668745,0.825,0.162,0.135,0.0,0,0,1,,1.0,2026-03-10T09:32:29.199351,neutral,0.601,2026-03-10T09:32:29.199351,0.5593708827040526,2026-03-10T09:32:28.635000,75,,,
participant_03,3,day,Town10HD_Opt,2026-03-10 09:32:30.082211,-111.05194091796876,-6.075819969177246,0.0018848037580028,1.777,0.162,0.133,0.0,0,0,1,,1.0,2026-03-10T09:32:30.082211,neutral,0.601,2026-03-10T09:32:29.199351,0.6036459146823109,2026-03-10T09:32:28.635000,77,,,
participant_03,3,day,Town10HD_Opt,2026-03-10 09:32:31.224336,-111.02738189697266,-5.524852275848389,0.0018953322432935,2.797,0.162,0.099,0.0,0,0,1,,1.0,2026-03-10T09:32:31.224336,neutral,0.609,2026-03-10T09:32:31.224336,0.5992128256944361,2026-03-10T09:32:28.635000,76,,,
participant_03,3,day,Town10HD_Opt,2026-03-10 09:32:32.093540,-111.00376892089844,-4.978676795959473,0.0019285201560705,2.942,0.167,0.0,0.0,0,0,1,,0.844,2026-03-10T09:32:32.093540,neutral,0.609,2026-03-10T09:32:31.224336,0.5587194687006501,2026-03-10T09:32:28.635000,74,,,
participant_03,3,day,Town10HD_Opt,2026-03-10 09:32:33.254041,-110.97834014892578,-4.383879661560059,0.001939010573551,2.099,0.172,0.0,0.0,0,0,1,,0.805,2026-03-10T09:32:33.254041,neutral,0.646,2026-03-10T09:32:33.254041,0.5039358539025306,2026-03-10T09:32:28.635000,73,,,
participant_03,3,day,Town10HD_Opt,2026-03-10 09:32:34.111619,-110.96453857421876,-4.056931495666504,0.001934585510753,1.61,0.176,0.0,0.0,0,0,1,,0.854,2026-03-10T09:32:34.111619,neutral,0.646,2026-03-10T09:32:33.254041,0.56613787966004,2026-03-10T09:32:28.635000,76,,,
participant_03,3,day,Town10HD_Opt,2026-03-10 09:32:35.016174,-110.95401763916016,-3.8059914112091056,0.0019309616181999,1.217,0.2,0.0,0.0,0,0,1,,1.0,2026-03-10T09:32:35.016174,neutral,0.646,2026-03-10T09:32:33.254041,0.535980182861582,2026-03-10T09:32:28.635000,76,,,
participant_03,3,day,Town10HD_Opt,2026-03-10 09:32:36.240164,-110.95004272460938,-3.71052360534668,0.0019287490285933,0.003,0.226,0.0,0.0,0,0,1,,0.806,2026-03-10T09:32:36.240164,neutral,0.987,2026-03-10T09:32:36.240164,0.5457520644520268,2026-03-10T09:32:28.635000,72,,,
participant_03,3,day,Town10HD_Opt,2026-03-10 09:32:37.184456,-110.95004272460938,-3.709667682647705,0.001919288537465,0.0,0.226,0.0,0.0,0,0,1,,0.847,2026-03-10T09:32:37.184456,neutral,0.987,2026-03-10T09:32:36.240164,0.5597011405076804,2026-03-10T09:32:28.635000,74,,,
participant_03,3,day,Town10HD_Opt,2026-03-10 09:32:38.112175,-110.95004272460938,-3.709688901901245,0.0019188689766451,0.001,0.172,0.0,0.0,0,0,1,,1.0,2026-03-10T09:32:38.112175,neutral,0.987,2026-03-10T09:32:36.240164,0.5222825976435055,2026-03-10T09:32:28.635000,73,,,
participant_03,3,day,Town10HD_Opt,2026-03-10 09:32:39.264317,-110.95002746582033,-3.7093584537506095,0.0019186401041224,0.13,0.172,0.479,0.0,0,0,1,,1.0,2026-03-10T09:32:39.264317,neutral,0.92,2026-03-10T09:32:39.264317,0.5002833110243007,2026-03-10T09:32:28.635000,71,,,
participant_03,3,day,Town10HD_Opt,2026-03-10 09:32:40.138294,-110.92935180664062,-3.206982374191284,0.0016378401778638,7.127,0.172,0.598,0.0,0,0,1,,0.857,2026-03-10T09:32:40.138294,neutral,0.92,2026-03-10T09:32:39.264317,0.5763741652474186,2026-03-10T09:32:28.635000,73,,,
participant_03,3,day,Town10HD_Opt,2026-03-10 09:32:41.000017,-110.85098266601562,-1.224124550819397,0.0016608429141342,15.605,0.381,0.596,0.0,0,0,1,,0.81,2026-03-10T09:32:41.000017,neutral,0.92,2026-03-10T09:32:39.264317,0.5657684184817398,2026-03-10T09:32:28.635000,74,,,
participant_03,3,day,Town10HD_Opt,2026-03-10 09:32:42.122879,-110.70278930664062,3.170862436294556,0.0018807982560247,22.689,-0.679,0.596,0.0,0,0,1,,0.814,2026-03-10T09:32:42.122879,neutral,0.907,2026-03-10T09:32:42.122879,0.5642388740905405,2026-03-10T09:32:28.635000,75,,,
participant_03,3,day,Town10HD_Opt,2026-03-10 09:32:43.293511,-110.3208465576172,9.17096710205078,0.0018910217331722,29.206,-5.763,0.558,0.0,0,0,1,,0.953,2026-03-10T09:32:43.293511,neutral,0.907,2026-03-10T09:32:42.122879,0.5851259007885037,2026-03-10T09:32:28.635000,74,,,
participant_03,3,day,Town10HD_Opt,2026-03-10 09:32:44.227166,-109.07820129394533,14.44683074951172,0.0019258117536082,33.18,-9.94,0.558,0.0,0,0,1,,1.0,2026-03-10T09:32:44.227166,neutral,0.767,2026-03-10T09:32:44.227166,0.5383137223542228,2026-03-10T09:32:28.635000,76,,,
participant_03,3,day,Town10HD_Opt,2026-03-10 09:32:45.127625,-106.2144775390625,19.747690200805664,0.0020373915322124,34.741,-7.544,0.185,0.0,0,0,1,,1.0,2026-03-10T09:32:45.127625,neutral,0.767,2026-03-10T09:32:44.227166,0.5779941744880315,2026-03-10T09:32:28.635000,76,Solid line crossing,Solid line crossing,
participant_03,3,day,Town10HD_Opt,2026-03-10 09:32:46.062081,-102.47161102294922,23.8720703125,0.0023009872529655,27.727,-13.665,0.0,0.0,0,0,1,,1.0,2026-03-10T09:32:46.062081,neutral,0.767,2026-03-10T09:32:44.227166,0.618192118907656,2026-03-10T09:32:28.635000,74,,,
participant_03,3,day,Town10HD_Opt,2026-03-10 09:32:47.009012,-98.7620620727539,25.91974830627441,0.0022934721782803,20.652,-17.763,0.0,0.0,0,0,1,,1.0,2026-03-10T09:32:47.009012,neutral,0.822,2026-03-10T09:32:47.009012,0.5545069996098766,2026-03-10T09:32:28.635000,74,,,
participant_03,3,day,Town10HD_Opt,2026-03-10 09:32:48.218712,-94.59282684326172,26.65953254699707,0.0019118117634207,17.605,-4.686,0.369,0.0,0,0,1,,1.0,2026-03-10T09:32:48.218712,neutral,0.822,2026-03-10T09:32:47.009012,0.640670587683465,2026-03-10T09:32:28.635000,75,,,
participant_03,3,day,Town10HD_Opt,2026-03-10 09:32:49.174210,-91.44585418701172,26.983137130737305,0.0020445249974727,18.464,-2.292,0.426,0.0,0,0,1,,1.0,2026-03-10T09:32:49.174210,neutral,0.894,2026-03-10T09:32:49.174210,0.5666950143295594,2026-03-10T09:32:28.635000,74,,,
participant_03,3,day,Town10HD_Opt,2026-03-10 09:32:50.122456,-88.0487289428711,27.224523544311523,0.0019741440191864,20.617,-0.928,0.405,0.0,0,0,1,,0.864,2026-03-10T09:32:50.122456,neutral,0.894,2026-03-10T09:32:49.174210,0.5306000675703955,2026-03-10T09:32:28.635000,73,,,
participant_03,3,day,Town10HD_Opt,2026-03-10 09:32:51.041511,-84.3171157836914,27.42881774902344,0.0019997404888272,22.052,0.04,0.388,0.0,0,0,1,,1.0,2026-03-10T09:32:51.041511,neutral,0.894,2026-03-10T09:32:49.174210,0.5986825982418823,2026-03-10T09:32:28.635000,74,,,
participant_03,3,day,Town10HD_Opt,2026-03-10 09:32:52.249831,-79.01067352294922,27.707950592041016,0.0020092772319912,23.502,-0.275,0.388,0.0,0,0,1,,1.0,2026-03-10T09:32:52.249831,fear,0.729,2026-03-10T09:32:52.249831,0.5601928160789,2026-03-10T09:32:28.635000,75,,,
participant_03,3,day,Town10HD_Opt,2026-03-10 09:32:53.174055,-74.85472869873047,27.90217971801757,0.0020981216803193,22.755,-0.425,0.0,0.0,0,0,1,,0.867,2026-03-10T09:32:53.174055,fear,0.729,2026-03-10T09:32:52.249831,0.6067972570286807,2026-03-10T09:32:28.635000,76,,,
participant_03,3,day,Town10HD_Opt,2026-03-10 09:32:54.166561,-71.4035415649414,28.03575325012207,0.0020169448107481,16.078,-0.388,0.0,0.254,0,0,1,,0.894,2026-03-10T09:32:54.166561,fear,0.729,2026-03-10T09:32:52.249831,0.5812290887922752,2026-03-10T09:32:28.635000,76,,,
participant_03,3,day,Town10HD_Opt,2026-03-10 09:32:55.118682,-69.04141235351562,28.112098693847656,0.0020859909709542,10.682,-0.273,0.0,0.208,0,0,1,,0.849,2026-03-10T09:32:55.118682,neutral,0.939,2026-03-10T09:32:55.118682,0.5515820784801869,2026-03-10T09:32:28.635000,75,,,
participant_03,3,day,Town10HD_Opt,2026-03-10 09:32:56.064132,-67.51480865478516,28.1577091217041,0.0020536039955914,6.472,-0.219,0.0,0.216,0,0,1,,0.907,2026-03-10T09:32:56.064132,neutral,0.939,2026-03-10T09:32:55.118682,0.625535834898443,2026-03-10T09:32:28.635000,76,,,
participant_03,3,day,Town10HD_Opt,2026-03-10 09:32:57.060725,-67.11392974853516,28.169227600097656,0.0020250319503247,0.0,-0.219,0.0,0.145,0,0,1,,0.885,2026-03-10T09:32:57.060725,neutral,0.939,2026-03-10T09:32:55.118682,0.544720389071981,2026-03-10T09:32:28.635000,75,,,
participant_03,3,day,Town10HD_Opt,2026-03-10 09:32:58.043120,-67.11198425292969,28.16928100585937,0.0019227218581363,0.01,0.007,0.0,0.0,0,0,1,,1.0,2026-03-10T09:32:58.043120,neutral,0.8,2026-03-10T09:32:58.043120,0.4780704774908351,2026-03-10T09:32:28.635000,74,,,
participant_03,3,day,Town10HD_Opt,2026-03-10 09:32:59.011379,-67.11175537109375,28.16928482055664,0.0019190978491678,0.007,0.644,0.0,0.0,0,0,1,,0.878,2026-03-10T09:32:59.011379,neutral,0.8,2026-03-10T09:32:58.043120,0.5999184240789212,2026-03-10T09:32:28.635000,76,,,
participant_03,3,day,Town10HD_Opt,2026-03-10 09:33:00.220705,-67.11164093017578,28.16928482055664,0.0019189071608707,0.007,0.602,0.0,0.0,0,0,1,,1.0,2026-03-10T09:33:00.220705,fear,0.757,2026-03-10T09:33:00.220705,0.5786925170345248,2026-03-10T09:32:28.635000,75,,,
participant_03,3,day,Town10HD_Opt,2026-03-10 09:33:01.122089,-67.11145782470703,28.16928100585937,0.001919021597132,0.002,0.55,0.0,0.0,0,0,1,,0.867,2026-03-10T09:33:01.122089,fear,0.757,2026-03-10T09:33:00.220705,0.616044004754076,2026-03-10T09:32:28.635000,76,,,
participant_03,3,day,Town10HD_Opt,2026-03-10 09:33:02.016891,-67.11121368408203,28.16928100585937,0.0019190978491678,0.001,0.54,0.0,0.0,0,0,1,,0.814,2026-03-10T09:33:02.016891,fear,0.757,2026-03-10T09:33:00.220705,0.5294282829104198,2026-03-10T09:32:28.635000,73,,,
participant_03,3,day,Town10HD_Opt,2026-03-10 09:33:03.211491,-67.11225891113281,28.16925430297852,0.0019177626818418,0.138,0.533,0.013,0.0,0,0,1,,1.0,2026-03-10T09:33:03.211491,neutral,0.889,2026-03-10T09:33:03.211491,0.5548091709482754,2026-03-10T09:32:28.635000,73,,,
participant_03,3,day,Town10HD_Opt,2026-03-10 09:33:04.126095,-67.11226654052734,28.16925048828125,0.0019149016588926,0.186,0.522,0.08,0.0,0,0,1,,0.865,2026-03-10T09:33:04.126095,neutral,0.889,2026-03-10T09:33:03.211491,0.5502935662914491,2026-03-10T09:32:28.635000,73,,,
participant_03,3,day,Town10HD_Opt,2026-03-10 09:33:05.028667,-67.09720611572266,28.16976928710937,0.0019139479845762,0.291,0.522,0.078,0.0,0,0,1,,1.0,2026-03-10T09:33:05.028667,neutral,0.889,2026-03-10T09:33:03.211491,0.6020457202547439,2026-03-10T09:32:28.635000,75,,,
participant_03,3,day,Town10HD_Opt,2026-03-10 09:33:06.238876,-67.00511932373047,28.17285346984864,0.0019072341965511,0.791,0.522,0.076,0.0,0,0,1,,0.854,2026-03-10T09:33:06.238876,neutral,0.794,2026-03-10T09:33:06.238876,0.590729244445238,2026-03-10T09:32:28.635000,77,,,
participant_03,3,day,Town10HD_Opt,2026-03-10 09:33:07.166048,-66.84539031982422,28.17835235595703,0.0019076155731454,1.111,0.515,0.0,0.0,0,0,1,,0.894,2026-03-10T09:33:07.166048,neutral,0.794,2026-03-10T09:33:06.238876,0.5732872522734327,2026-03-10T09:32:28.635000,73,,,
participant_03,3,day,Town10HD_Opt,2026-03-10 09:33:08.088828,-66.67176055908203,28.18452262878418,0.0019267272436991,0.857,0.515,0.0,0.0,0,0,1,,0.882,2026-03-10T09:33:08.088828,neutral,0.794,2026-03-10T09:33:06.238876,0.5735450254042979,2026-03-10T09:32:28.635000,75,,,
participant_03,3,day,Town10HD_Opt,2026-03-10 09:33:08.996665,-66.53828430175781,28.189327239990234,0.0019254302605986,0.658,0.515,0.0,0.0,0,0,1,,0.883,2026-03-10T09:33:08.996665,neutral,0.955,2026-03-10T09:33:08.996665,0.5186563907577977,2026-03-10T09:32:28.635000,73,,,
participant_03,3,day,Town10HD_Opt,2026-03-10 09:33:10.190928,-66.40716552734375,28.19409942626953,0.0019234847277402,0.47,0.496,0.028,0.0,0,0,1,,1.0,2026-03-10T09:33:10.190928,neutral,0.955,2026-03-10T09:33:08.996665,0.5954425227202159,2026-03-10T09:32:28.635000,77,,,
participant_03,3,day,Town10HD_Opt,2026-03-10 09:33:11.085157,-65.82401275634766,28.215620040893555,0.0015239715576171,10.213,0.493,1.0,0.0,0,0,1,,1.0,2026-03-10T09:33:11.085157,neutral,0.976,2026-03-10T09:33:11.085157,0.5962600781843551,2026-03-10T09:32:28.635000,72,,,
participant_03,3,day,Town10HD_Opt,2026-03-10 09:33:12.012319,-62.84504318237305,28.337120056152344,0.0016903686337172,24.45,0.155,1.0,0.0,0,0,1,,0.827,2026-03-10T09:33:12.012319,neutral,0.976,2026-03-10T09:33:11.085157,0.6563395242294967,2026-03-10T09:32:28.635000,75,,,
participant_03,3,day,Town10HD_Opt,2026-03-10 09:33:13.241637,-54.7689208984375,28.69083976745605,0.0015412521315738,45.685,0.179,1.0,0.0,0,0,1,,0.944,2026-03-10T09:33:13.241637,neutral,0.972,2026-03-10T09:33:13.241637,0.5835266362205569,2026-03-10T09:32:28.635000,75,,,
participant_03,3,day,Town10HD_Opt,2026-03-10 09:33:14.187487,-46.039920806884766,29.08027076721192,0.0021344756241887,48.788,-0.55,0.869,0.0,0,0,1,,0.961,2026-03-10T09:33:14.187487,neutral,0.972,2026-03-10T09:33:13.241637,0.5899935846906742,2026-03-10T09:32:28.635000,75,,,
participant_03,3,day,Town10HD_Opt,2026-03-10 09:33:15.127533,-37.33695602416992,29.296283721923828,0.0021113203838467,49.124,-0.656,0.73,0.0,0,0,1,,0.953,2026-03-10T09:33:15.127533,neutral,0.972,2026-03-10T09:33:13.241637,0.5837992823512389,2026-03-10T09:32:28.635000,73,,,
participant_03,3,day,Town10HD_Opt,2026-03-10 09:33:16.043243,-28.61102294921875,29.27889633178711,0.0021424484439194,48.879,-0.627,0.727,0.0,0,0,1,,0.914,2026-03-10T09:33:16.043243,neutral,0.797,2026-03-10T09:33:16.043243,0.5368270465527959,2026-03-10T09:32:28.635000,73,,,
participant_03,3,day,Town10HD_Opt,2026-03-10 09:33:17.036916,-19.883195877075195,29.035099029541016,0.0021400833502411,48.965,-0.498,0.727,0.0,0,0,1,,0.942,2026-03-10T09:33:17.036916,neutral,0.797,2026-03-10T09:33:16.043243,0.6146712944371812,2026-03-10T09:32:28.635000,76,,,errors=Solid line crossing
participant_03,3,day,Town10HD_Opt,2026-03-10 09:33:18.247147,-8.313658714294434,28.49696159362793,0.0021125411149114,48.534,0.329,0.512,0.0,0,0,1,,1.0,2026-03-10T09:33:18.247147,happy,0.866,2026-03-10T09:33:18.247147,0.5624653901197926,2026-03-10T09:32:28.635000,76,,,
participant_03,3,day,Town10HD_Opt,2026-03-10 09:33:19.136497,0.1987361162900924,28.21953582763672,0.0020387268159538,48.758,0.642,0.461,0.0,0,0,1,,1.0,2026-03-10T09:33:19.136497,happy,0.866,2026-03-10T09:33:18.247147,0.556976883142079,2026-03-10T09:32:28.635000,76,,,
participant_03,3,day,Town10HD_Opt,2026-03-10 09:33:20.034466,8.332860946655273,28.15943145751953,0.0023387908004224,41.472,0.555,0.0,0.0,0,0,1,,0.816,2026-03-10T09:33:20.034466,happy,0.866,2026-03-10T09:33:18.247147,0.5593026962169712,2026-03-10T09:32:28.635000,76,,,
participant_03,3,day,Town10HD_Opt,2026-03-10 09:33:21.200266,16.62810516357422,28.29488754272461,0.0023151016794145,29.427,0.477,0.0,0.0,0,0,1,,0.805,2026-03-10T09:33:21.200266,neutral,0.891,2026-03-10T09:33:21.200266,0.5620574929114289,2026-03-10T09:32:28.635000,72,,,
participant_03,3,day,Town10HD_Opt,2026-03-10 09:33:22.078307,21.198835372924805,28.4459228515625,0.0022673797793686,22.4,0.468,0.099,0.0,0,0,1,,1.0,2026-03-10T09:33:22.078307,neutral,0.891,2026-03-10T09:33:21.200266,0.545238873698065,2026-03-10T09:32:28.635000,72,,,
participant_03,3,day,Town10HD_Opt,2026-03-10 09:33:23.275977,25.85063362121582,28.69631576538086,0.0032616043463349,18.138,3.749,0.316,0.0,0,0,1,,0.928,2026-03-10T09:33:23.275977,happy,0.987,2026-03-10T09:33:23.275977,0.5733047817722552,2026-03-10T09:32:28.635000,74,,,
participant_03,3,day,Town10HD_Opt,2026-03-10 09:33:24.204891,29.172163009643555,29.14360618591309,0.0022798536811023,20.39,6.497,0.48,0.0,0,0,1,,0.812,2026-03-10T09:33:24.204891,happy,0.987,2026-03-10T09:33:23.275977,0.5608308978504722,2026-03-10T09:32:28.635000,74,,,
participant_03,3,day,Town10HD_Opt,2026-03-10 09:33:25.115590,32.77222442626953,30.237689971923828,0.001960601657629,22.973,13.99,0.465,0.0,0,0,1,,1.0,2026-03-10T09:33:25.115590,happy,0.987,2026-03-10T09:33:23.275977,0.557426861563675,2026-03-10T09:32:28.635000,74,,,
participant_03,3,day,Town10HD_Opt,2026-03-10 09:33:26.034367,36.27240753173828,32.53876876831055,0.0019959257915616,25.342,18.37,0.465,0.0,0,0,1,,1.0,2026-03-10T09:33:26.034367,neutral,0.76,2026-03-10T09:33:26.034367,0.5842882354386071,2026-03-10T09:32:28.635000,75,,,
participant_03,3,day,Town10HD_Opt,2026-03-10 09:33:27.194680,39.41305160522461,37.79215621948242,0.002019424457103,27.984,18.312,0.465,0.0,0,0,1,,1.0,2026-03-10T09:33:27.194680,neutral,0.76,2026-03-10T09:33:26.034367,0.5677267847589018,2026-03-10T09:32:28.635000,76,,,
participant_03,3,day,Town10HD_Opt,2026-03-10 09:33:28.115231,39.83138656616211,42.79832458496094,0.0019956969190388,29.761,3.987,0.0,0.0,0,0,1,,1.0,2026-03-10T09:33:28.115231,fear,0.75,2026-03-10T09:33:28.115231,0.5425297993963342,2026-03-10T09:32:28.635000,74,,,errors=Solid line crossing
participant_03,3,day,Town10HD_Opt,2026-03-10 09:33:29.006836,39.81401443481445,47.51536178588867,0.0023062895052134,22.487,-8.198,0.0,0.369,0,0,1,,1.0,2026-03-10T09:33:29.006836,fear,0.75,2026-03-10T09:33:28.115231,0.5341536137617126,2026-03-10T09:32:28.635000,73,,,
participant_03,3,day,Town10HD_Opt,2026-03-10 09:33:30.131017,40.09218215942383,49.74741744995117,0.0021637342870235,0.001,2.784,0.0,0.687,0,0,1,,0.874,2026-03-10T09:33:30.131017,sad,0.396,2026-03-10T09:33:30.131017,0.5686313039173418,2026-03-10T09:32:28.635000,75,,,
participant_03,3,day,Town10HD_Opt,2026-03-10 09:33:31.267330,40.09226608276367,49.74803924560547,0.0019217299995943,0.135,1.688,0.156,0.0,0,0,1,,1.0,2026-03-10T09:33:31.267330,sad,0.396,2026-03-10T09:33:30.131017,0.5348299636832702,2026-03-10T09:32:28.635000,74,,,
participant_03,3,day,Town10HD_Opt,2026-03-10 09:33:32.101633,40.10606384277344,49.86502456665039,0.0018286514095962,2.186,2.737,0.259,0.0,0,0,1,,0.868,2026-03-10T09:33:32.101633,sad,0.396,2026-03-10T09:33:30.131017,0.531950767162733,2026-03-10T09:32:28.635000,75,,,
participant_03,3,day,Town10HD_Opt,2026-03-10 09:33:33.044764,40.17366790771485,50.46768569946289,0.0018351363250985,5.105,2.73,0.247,0.0,0,0,1,,1.0,2026-03-10T09:33:33.044764,fear,0.398,2026-03-10T09:33:33.044764,0.5325161677218831,2026-03-10T09:32:28.635000,74,,,
participant_03,3,day,Town10HD_Opt,2026-03-10 09:33:34.249812,40.29684829711914,51.72480773925781,0.0019403075566515,5.133,2.706,0.0,0.0,0,0,1,,0.849,2026-03-10T09:33:34.249812,fear,0.398,2026-03-10T09:33:33.044764,0.5748946265438566,2026-03-10T09:32:28.635000,75,,,
participant_03,3,day,Town10HD_Opt,2026-03-10 09:33:35.138102,40.34309387207031,52.2722053527832,0.0021342849358916,0.0,2.706,0.0,0.0,0,0,1,,1.0,2026-03-10T09:33:35.138102,neutral,0.812,2026-03-10T09:33:35.138102,0.6124369360849446,2026-03-10T09:32:28.635000,73,,,
participant_03,3,day,Town10HD_Opt,2026-03-10 09:33:36.044459,40.34407043457031,52.28474426269531,0.0019234084757044,0.087,2.659,0.0,0.0,0,0,1,,1.0,2026-03-10T09:33:36.044459,neutral,0.812,2026-03-10T09:33:35.138102,0.5786056631738228,2026-03-10T09:32:28.635000,75,,,
participant_03,3,day,Town10HD_Opt,2026-03-10 09:33:37.125119,40.34539031982422,52.30136489868164,0.0019194411579519,0.062,2.351,0.0,0.0,0,0,1,,1.0,2026-03-10T09:33:37.125119,neutral,0.812,2026-03-10T09:33:35.138102,0.6001681057418424,2026-03-10T09:32:28.635000,74,,,
participant_03,3,day,Town10HD_Opt,2026-03-10 09:33:38.211585,40.34634017944336,52.31306838989258,0.0019192504696547,0.045,2.346,0.0,0.0,0,0,1,,1.0,2026-03-10T09:33:38.211585,fear,0.452,2026-03-10T09:33:38.211585,0.5619071604800342,2026-03-10T09:32:28.635000,73,,,
participant_03,3,day,Town10HD_Opt,2026-03-10 09:33:39.040874,40.34684371948242,52.31949615478516,0.0019192504696547,0.036,2.332,0.0,0.0,0,0,1,,1.0,2026-03-10T09:33:39.040874,fear,0.452,2026-03-10T09:33:38.211585,0.5703842452726025,2026-03-10T09:32:28.635000,75,,,
participant_03,3,day,Town10HD_Opt,2026-03-10 09:33:40.144197,40.34735107421875,52.32581329345703,0.0019190978491678,0.026,2.313,0.0,0.0,0,0,1,,1.0,2026-03-10T09:33:40.144197,fear,0.452,2026-03-10T09:33:38.211585,0.6308150639986931,2026-03-10T09:32:28.635000,73,,,
participant_03,3,day,Town10HD_Opt,2026-03-10 09:33:41.198844,40.34749603271485,52.32766342163086,0.0019187163561582,0.006,2.292,0.0,0.0,0,0,1,,1.0,2026-03-10T09:33:41.198844,neutral,0.943,2026-03-10T09:33:41.198844,0.5978434367490275,2026-03-10T09:32:28.635000,73,,,
participant_03,3,day,Town10HD_Opt,2026-03-10 09:33:42.023520,40.3481674194336,52.33594131469727,0.001912422128953,0.148,2.266,0.0,0.0,0,0,1,,0.833,2026-03-10T09:33:42.023520,neutral,0.943,2026-03-10T09:33:41.198844,0.6021763065011009,2026-03-10T09:32:28.635000,73,,,
participant_03,3,day,Town10HD_Opt,2026-03-10 09:33:43.165221,40.35054397583008,52.3656005859375,0.0019189452286809,0.134,2.254,0.0,0.0,0,0,1,,0.816,2026-03-10T09:33:43.165221,neutral,0.943,2026-03-10T09:33:41.198844,0.5541270520314203,2026-03-10T09:32:28.635000,72,,,
participant_03,3,day,Town10HD_Opt,2026-03-10 09:33:44.242523,40.3524055480957,52.38885498046875,0.0019195555942133,0.092,2.245,0.0,0.0,0,0,1,,1.0,2026-03-10T09:33:44.242523,neutral,0.877,2026-03-10T09:33:44.242523,0.5644845261786477,2026-03-10T09:32:28.635000,75,,,
participant_03,3,day,Town10HD_Opt,2026-03-10 09:33:45.070499,40.35314178466797,52.39800643920898,0.0019166183192282,0.099,2.238,0.0,0.0,0,0,1,,1.0,2026-03-10T09:33:45.070499,neutral,0.877,2026-03-10T09:33:44.242523,0.5809218155327428,2026-03-10T09:32:28.635000,76,,,
participant_03,3,day,Town10HD_Opt,2026-03-10 09:33:46.189012,40.35511779785156,52.422733306884766,0.0019195937784388,0.095,2.235,0.0,0.0,0,0,1,,1.0,2026-03-10T09:33:46.189012,neutral,0.877,2026-03-10T09:33:44.242523,0.5404391667548696,2026-03-10T09:32:28.635000,74,,,
participant_03,3,day,Town10HD_Opt,2026-03-10 09:33:47.017751,40.35624694824219,52.43695831298828,0.0019196700304746,0.073,2.205,0.0,0.0,0,0,1,,1.0,2026-03-10T09:33:47.017751,sad,0.532,2026-03-10T09:33:47.017751,0.4701680748030978,2026-03-10T09:32:28.635000,73,,,
participant_03,3,day,Town10HD_Opt,2026-03-10 09:33:48.143788,40.35736846923828,52.450931549072266,0.0019194030901417,0.197,2.172,0.016,0.0,0,0,1,,1.0,2026-03-10T09:33:48.143788,sad,0.532,2026-03-10T09:33:47.017751,0.5805539161099009,2026-03-10T09:32:28.635000,72,,,
participant_03,3,day,Town10HD_Opt,2026-03-10 09:33:49.006957,40.358097076416016,52.46012115478516,0.0019129562424495,0.276,2.172,0.104,0.0,0,0,1,,1.0,2026-03-10T09:33:49.006957,sad,0.532,2026-03-10T09:33:47.017751,0.6031498967667442,2026-03-10T09:32:28.635000,72,,,
participant_03,3,day,Town10HD_Opt,2026-03-10 09:33:50.110217,40.37165832519531,52.62860107421875,0.0019004440400749,1.203,2.172,0.091,0.0,0,0,1,,1.0,2026-03-10T09:33:50.110217,neutral,0.365,2026-03-10T09:33:50.110217,0.5669033073965545,2026-03-10T09:32:28.635000,75,,,
participant_03,3,day,Town10HD_Opt,2026-03-10 09:33:51.214367,40.398555755615234,52.9853515625,0.0019285201560705,1.429,2.139,0.0,0.0,0,0,1,,1.0,2026-03-10T09:33:51.214367,neutral,0.365,2026-03-10T09:33:50.110217,0.5408589396122253,2026-03-10T09:32:28.635000,72,,,
participant_03,3,day,Town10HD_Opt,2026-03-10 09:33:52.056065,40.41443634033203,53.20741271972656,0.0019294356461614,1.098,2.139,0.0,0.0,0,0,1,,1.0,2026-03-10T09:33:52.056065,neutral,0.365,2026-03-10T09:33:50.110217,0.5514673914270362,2026-03-10T09:32:28.635000,73,,,
participant_03,3,day,Town10HD_Opt,2026-03-10 09:33:53.121247,40.4294319152832,53.425594329833984,0.001926383934915,0.772,2.139,0.0,0.0,0,0,1,,1.0,2026-03-10T09:33:53.121247,neutral,0.765,2026-03-10T09:33:53.121247,0.4835643156215955,2026-03-10T09:32:28.635000,75,,,
participant_03,3,day,Town10HD_Opt,2026-03-10 09:33:54.258728,40.43946075439453,53.57846450805664,0.0019004821078851,1.275,2.139,0.483,0.0,0,0,1,,1.0,2026-03-10T09:33:54.258728,neutral,0.765,2026-03-10T09:33:53.121247,0.5513661977502511,2026-03-10T09:32:28.635000,74,,,
participant_03,3,day,Town10HD_Opt,2026-03-10 09:33:55.104270,40.49748992919922,54.52146911621094,0.0015222167130559,12.115,2.134,0.863,0.0,0,0,1,,0.814,2026-03-10T09:33:55.104270,neutral,0.765,2026-03-10T09:33:53.121247,0.5200918449617351,2026-03-10T09:32:28.635000,75,,,
participant_03,3,day,Town10HD_Opt,2026-03-10 09:33:56.062391,40.67007446289063,57.51812362670898,0.0018730544252321,21.256,-2.508,0.636,0.0,0,0,1,,1.0,2026-03-10T09:33:56.062391,neutral,0.735,2026-03-10T09:33:56.062391,0.5367095723620482,2026-03-10T09:32:28.635000,74,,,
participant_03,3,day,Town10HD_Opt,2026-03-10 09:33:56.996491,41.32776641845703,61.69907760620117,0.0018355941865593,27.857,-11.907,0.634,0.0,0,0,1,,1.0,2026-03-10T09:33:56.996491,neutral,0.735,2026-03-10T09:33:56.062391,0.5180679062987299,2026-03-10T09:32:28.635000,74,,,
participant_03,3,day,Town10HD_Opt,2026-03-10 09:33:58.189282,45.089115142822266,67.79254913330078,0.0019223403651267,34.943,-19.832,0.628,0.0,0,0,1,,1.0,2026-03-10T09:33:58.189282,sad,0.691,2026-03-10T09:33:58.189282,0.5134561398672061,2026-03-10T09:32:28.635000,73,,,
participant_03,3,day,Town10HD_Opt,2026-03-10 09:33:59.116739,50.91287612915039,70.39007568359375,0.0019345473265275,39.384,-12.876,0.627,0.0,0,0,1,,0.86,2026-03-10T09:33:59.116739,sad,0.691,2026-03-10T09:33:58.189282,0.5245307402544093,2026-03-10T09:32:28.635000,74,,,
participant_03,3,day,Town10HD_Opt,2026-03-10 09:34:00.059467,58.14082717895508,70.58519744873047,0.0019042968051508,43.912,-2.087,0.626,0.0,0,0,1,,1.0,2026-03-10T09:34:00.059467,sad,0.691,2026-03-10T09:33:58.189282,0.5900079826891111,2026-03-10T09:32:28.635000,74,,,
participant_03,3,day,Town10HD_Opt,2026-03-10 09:34:01.258614,67.9913101196289,70.09430694580078,0.0023296736180782,36.69,3.396,0.189,0.0,0,0,1,,0.906,2026-03-10T09:34:01.258614,neutral,0.924,2026-03-10T09:34:01.258614,0.5443036480863577,2026-03-10T09:32:28.635000,72,,,
participant_03,3,day,Town10HD_Opt,2026-03-10 09:34:02.136486,73.98082733154297,70.39314270019531,0.0022449111565947,30.938,0.237,0.0,0.0,0,0,1,,0.821,2026-03-10T09:34:02.136486,neutral,0.924,2026-03-10T09:34:01.258614,0.5203782281969527,2026-03-10T09:32:28.635000,73,,,
participant_03,3,day,Town10HD_Opt,2026-03-10 09:34:03.215858,79.98661804199219,70.78524017333984,0.0023051069583743,20.383,-1.286,0.0,0.235,0,0,1,,0.881,2026-03-10T09:34:03.215858,neutral,0.924,2026-03-10T09:34:01.258614,0.5948558001005267,2026-03-10T09:32:28.635000,74,,,
participant_03,3,day,Town10HD_Opt,2026-03-10 09:34:04.039344,83.05414581298828,70.89115905761719,0.0020374679006636,14.965,-2.428,0.0,0.206,0,0,1,,0.83,2026-03-10T09:34:04.039344,fear,0.831,2026-03-10T09:34:04.039344,0.569854121557223,2026-03-10T09:32:28.635000,74,,,
participant_03,3,day,Town10HD_Opt,2026-03-10 09:34:05.166209,85.78658294677734,70.87346649169922,0.0020877073984593,8.021,-1.949,0.0,0.338,0,0,1,,0.977,2026-03-10T09:34:05.166209,fear,0.831,2026-03-10T09:34:04.039344,0.470148615644582,2026-03-10T09:32:28.635000,74,,,
participant_03,3,day,Town10HD_Opt,2026-03-10 09:34:06.244755,86.48748779296875,70.8556900024414,0.0019989013671875,0.0,-1.831,0.0,0.318,0,0,1,,0.989,2026-03-10T09:34:06.244755,neutral,0.907,2026-03-10T09:34:06.244755,0.604520210934978,2026-03-10T09:32:28.635000,75,,,
participant_03,3,day,Town10HD_Opt,2026-03-10 09:34:07.023249,86.48757934570312,70.85569763183594,0.0019224929856136,0.001,-1.76,0.0,0.0,0,0,1,,0.991,2026-03-10T09:34:07.023249,neutral,0.907,2026-03-10T09:34:06.244755,0.5675781729302053,2026-03-10T09:32:28.635000,75,,,
participant_03,3,day,Town10HD_Opt,2026-03-10 09:34:08.059529,86.48758697509766,70.85569763183594,0.0019191360333934,0.0,-1.231,0.0,0.0,0,0,1,,0.96,2026-03-10T09:34:08.059529,neutral,0.907,2026-03-10T09:34:06.244755,0.5955101944077097,2026-03-10T09:32:28.635000,76,,,
participant_03,3,day,Town10HD_Opt,2026-03-10 09:34:09.089982,86.79572296142578,70.84798431396484,0.0017392348963767,4.822,-0.562,0.467,0.0,0,0,1,,0.955,2026-03-10T09:34:09.089982,neutral,0.839,2026-03-10T09:34:09.089982,0.5556863437103094,2026-03-10T09:32:28.635000,72,,,
participant_03,3,day,Town10HD_Opt,2026-03-10 09:34:10.153397,88.77347564697266,70.87991333007812,0.0017562865978106,12.117,8.446,0.434,0.0,0,0,1,,0.928,2026-03-10T09:34:10.153397,neutral,0.839,2026-03-10T09:34:09.089982,0.6288828624399885,2026-03-10T09:32:28.635000,74,,,
participant_03,3,day,Town10HD_Opt,2026-03-10 09:34:11.245182,92.1030044555664,71.60340881347656,0.0018209075788035,17.378,21.266,0.433,0.0,0,0,1,,0.922,2026-03-10T09:34:11.245182,neutral,0.986,2026-03-10T09:34:11.245182,0.5494196915063739,2026-03-10T09:32:28.635000,76,,,
participant_03,3,day,Town10HD_Opt,2026-03-10 09:34:12.041558,94.75144958496094,73.33031463623047,0.0020919798407703,18.751,25.786,0.433,0.0,0,0,1,,0.915,2026-03-10T09:34:12.041558,neutral,0.986,2026-03-10T09:34:11.245182,0.4592616784642189,2026-03-10T09:32:28.635000,72,,,
participant_03,3,day,Town10HD_Opt,2026-03-10 09:34:13.113466,97.00906372070312,77.30099487304688,0.0020161818247288,21.473,20.943,0.434,0.0,0,0,1,,0.923,2026-03-10T09:34:13.113466,neutral,0.986,2026-03-10T09:34:11.245182,0.5291204265957531,2026-03-10T09:32:28.635000,73,,,
participant_03,3,day,Town10HD_Opt,2026-03-10 09:34:14.175349,97.66932678222656,82.57744598388672,0.0019811247475445,24.352,3.957,0.432,0.0,0,0,1,,1.0,2026-03-10T09:34:14.175349,neutral,0.965,2026-03-10T09:34:14.175349,0.5847808024167913,2026-03-10T09:32:28.635000,74,,,
participant_03,3,day,Town10HD_Opt,2026-03-10 09:34:15.244867,97.66038513183594,88.51715850830078,0.0019886780064553,26.703,3.156,0.432,0.0,0,0,1,,1.0,2026-03-10T09:34:15.244867,neutral,0.965,2026-03-10T09:34:14.175349,0.5710586982785018,2026-03-10T09:32:28.635000,77,,,
participant_03,3,day,Town10HD_Opt,2026-03-10 09:34:16.080296,97.26647186279295,93.2965316772461,0.0019945143721997,28.235,2.158,0.432,0.0,0,0,1,,1.0,2026-03-10T09:34:16.080296,neutral,0.965,2026-03-10T09:34:14.175349,0.5597946676509549,2026-03-10T09:32:28.635000,73,,,
participant_03,3,day,Town10HD_Opt,2026-03-10 09:34:17.223208,96.27976989746094,100.00631713867188,0.0020019530784338,29.993,2.026,0.433,0.0,0,0,1,,0.824,2026-03-10T09:34:17.223208,neutral,0.979,2026-03-10T09:34:17.223208,0.5252397943928836,2026-03-10T09:32:28.635000,76,,,
participant_03,3,day,Town10HD_Opt,2026-03-10 09:34:18.053794,95.1683349609375,105.22840881347656,0.0020072173792868,31.122,2.379,0.433,0.0,0,0,1,,1.0,2026-03-10T09:34:18.053794,neutral,0.979,2026-03-10T09:34:17.223208,0.5654320046922088,2026-03-10T09:32:28.635000,74,,,errors=Solid line crossing
participant_03,3,day,Town10HD_Opt,2026-03-10 09:34:19.128198,93.0244140625,112.30859375,0.0020152663346379,32.426,4.707,0.432,0.0,0,0,1,,1.0,2026-03-10T09:34:19.128198,neutral,0.979,2026-03-10T09:34:17.223208,0.5641202127199613,2026-03-10T09:32:28.635000,73,,,
participant_03,3,day,Town10HD_Opt,2026-03-10 09:34:20.240058,89.49172973632812,119.07202911376952,0.0020322799682617,33.29,9.086,0.432,0.0,0,0,1,,0.906,2026-03-10T09:34:20.240058,neutral,0.947,2026-03-10T09:34:20.240058,0.5637092744710006,2026-03-10T09:32:28.635000,78,,,
participant_03,3,day,Town10HD_Opt,2026-03-10 09:34:21.085910,85.42122650146484,123.24097442626952,0.0020447159186005,33.688,10.531,0.433,0.0,0,0,1,,1.0,2026-03-10T09:34:21.085910,neutral,0.947,2026-03-10T09:34:20.240058,0.586202041972823,2026-03-10T09:32:28.635000,75,,,
participant_03,3,day,Town10HD_Opt,2026-03-10 09:34:22.263419,78.44949340820312,126.98574829101562,0.0020275115966796,34.461,2.33,0.433,0.0,0,0,1,,0.833,2026-03-10T09:34:22.263419,neutral,0.972,2026-03-10T09:34:22.263419,0.5719659930600998,2026-03-10T09:32:28.635000,75,,,
participant_03,3,day,Town10HD_Opt,2026-03-10 09:34:23.170956,72.73809051513672,129.03367614746094,0.0020297621376812,34.962,5.297,0.433,0.0,0,0,1,,1.0,2026-03-10T09:34:23.170956,neutral,0.972,2026-03-10T09:34:22.263419,0.5546034102096079,2026-03-10T09:32:28.635000,75,,,
participant_03,3,day,Town10HD_Opt,2026-03-10 09:34:24.025900,66.71436309814453,130.2340850830078,0.0020341873168945,35.371,5.222,0.433,0.0,0,0,1,,1.0,2026-03-10T09:34:24.025900,neutral,0.972,2026-03-10T09:34:22.263419,0.5245926432448449,2026-03-10T09:32:28.635000,75,,,
participant_03,3,day,Town10HD_Opt,2026-03-10 09:34:25.177770,58.42203903198242,130.35855102539062,0.0020321272313594,35.887,0.731,0.433,0.0,0,0,1,,1.0,2026-03-10T09:34:25.177770,neutral,0.933,2026-03-10T09:34:25.177770,0.619095048067245,2026-03-10T09:32:28.635000,77,Solid line crossing,Solid line crossing,errors=Solid line crossing
participant_03,3,day,Town10HD_Opt,2026-03-10 09:34:26.040536,52.123626708984375,129.98399353027344,0.0020317076705396,36.244,-2.287,0.433,0.0,0,0,1,,1.0,2026-03-10T09:34:26.040536,neutral,0.933,2026-03-10T09:34:25.177770,0.6439592933508012,2026-03-10T09:32:28.635000,77,,,
participant_03,3,day,Town10HD_Opt,2026-03-10 09:34:27.173288,43.6220703125,130.01861572265625,0.001982040470466,36.657,-0.195,0.433,0.0,0,0,1,,1.0,2026-03-10T09:34:27.173288,neutral,0.933,2026-03-10T09:34:25.177770,0.6344636301484295,2026-03-10T09:32:28.635000,73,,,
participant_03,3,day,Town10HD_Opt,2026-03-10 09:34:28.006503,37.18782806396485,130.2036895751953,0.0020333097781986,36.941,0.031,0.432,0.0,0,0,1,,1.0,2026-03-10T09:34:28.006503,neutral,0.9,2026-03-10T09:34:28.006503,0.5926584727145142,2026-03-10T09:32:28.635000,77,,,
participant_03,3,day,Town10HD_Opt,2026-03-10 09:34:29.191388,28.54094696044922,130.44683837890625,0.0020354841835796,37.23,0.038,0.433,0.0,0,0,1,,1.0,2026-03-10T09:34:29.191388,neutral,0.9,2026-03-10T09:34:28.006503,0.4976920052262765,2026-03-10T09:32:28.635000,73,,,
participant_03,3,day,Town10HD_Opt,2026-03-10 09:34:30.061733,22.012508392333984,130.6188507080078,0.0020365142263472,37.421,0.096,0.433,0.0,0,0,1,,0.822,2026-03-10T09:34:30.061733,neutral,0.973,2026-03-10T09:34:30.061733,0.4928018381274163,2026-03-10T09:32:28.635000,75,,,
participant_03,3,day,Town10HD_Opt,2026-03-10 09:34:31.176949,13.258198738098145,130.81451416015625,0.0020367430988699,37.656,0.153,0.434,0.0,0,0,1,,1.0,2026-03-10T09:34:31.176949,neutral,0.973,2026-03-10T09:34:30.061733,0.5427583216796236,2026-03-10T09:32:28.635000,73,,,
participant_03,3,day,Town10HD_Opt,2026-03-10 09:34:32.253885,4.448777198791504,130.9550323486328,0.002037429716438,37.872,0.153,0.434,0.0,0,0,1,,0.855,2026-03-10T09:34:32.253885,neutral,0.856,2026-03-10T09:34:32.253885,0.5625051750095161,2026-03-10T09:32:28.635000,76,,,
participant_03,3,day,Town10HD_Opt,2026-03-10 09:34:33.097027,-2.189624309539795,131.02195739746094,0.0020383833907544,38.002,0.153,0.434,0.0,0,0,1,,1.0,2026-03-10T09:34:33.097027,neutral,0.856,2026-03-10T09:34:32.253885,0.5608621540144149,2026-03-10T09:32:28.635000,74,,,
participant_03,3,day,Town10HD_Opt,2026-03-10 09:34:34.215268,-10.820920944213867,131.05715942382812,0.0021849060431122,34.203,0.71,0.171,0.151,0,0,1,,0.884,2026-03-10T09:34:34.215268,neutral,0.856,2026-03-10T09:34:32.253885,0.5724453105517822,2026-03-10T09:32:28.635000,73,,,
participant_03,3,day,Town10HD_Opt,2026-03-10 09:34:35.121130,-16.26204490661621,130.9882049560547,0.0023369980044662,26.168,0.78,0.0,0.333,0,0,1,,0.855,2026-03-10T09:34:35.121130,happy,0.598,2026-03-10T09:34:35.121130,0.5089973761846196,2026-03-10T09:32:28.635000,76,,,
participant_03,3,day,Town10HD_Opt,2026-03-10 09:34:36.232695,-21.115175247192383,130.82647705078125,0.00208106986247,14.621,0.658,0.0,0.392,0,0,1,,0.834,2026-03-10T09:34:36.232695,happy,0.598,2026-03-10T09:34:35.121130,0.6289920111280012,2026-03-10T09:32:28.635000,76,,,
participant_03,3,day,Town10HD_Opt,2026-03-10 09:34:37.109242,-23.263500213623047,130.7252960205078,0.0020922468975186,9.619,0.663,0.0,0.251,0,0,1,,0.832,2026-03-10T09:34:37.109242,happy,0.598,2026-03-10T09:34:35.121130,0.6249047848210036,2026-03-10T09:32:28.635000,76,,,
participant_03,3,day,Town10HD_Opt,2026-03-10 09:34:38.223904,-24.920988082885746,130.6376495361328,0.0020201874431222,2.975,0.67,0.0,0.129,0,0,1,,0.806,2026-03-10T09:34:38.223904,happy,0.87,2026-03-10T09:34:38.223904,0.5122410815679517,2026-03-10T09:32:28.635000,72,,,
participant_03,3,day,Town10HD_Opt,2026-03-10 09:34:39.086692,-24.96979713439941,130.6347198486328,0.0019559096544981,0.002,0.592,0.0,0.0,0,0,1,,0.811,2026-03-10T09:34:39.086692,happy,0.87,2026-03-10T09:34:38.223904,0.4902334961182812,2026-03-10T09:32:28.635000,76,,,
participant_03,3,day,Town10HD_Opt,2026-03-10 09:34:40.237333,-24.9705753326416,130.6347198486328,0.0019194793421775,0.002,0.592,0.0,0.0,0,0,1,,0.875,2026-03-10T09:34:40.237333,happy,0.874,2026-03-10T09:34:40.237333,0.5611054238041425,2026-03-10T09:32:28.635000,74,,,
participant_03,3,day,Town10HD_Opt,2026-03-10 09:34:41.106645,-24.97079086303711,130.6347198486328,0.0019189452286809,0.0,0.592,0.0,0.0,0,0,1,,0.809,2026-03-10T09:34:41.106645,happy,0.874,2026-03-10T09:34:40.237333,0.6151788570857809,2026-03-10T09:32:28.635000,77,,,
participant_03,3,day,Town10HD_Opt,2026-03-10 09:34:42.182366,-24.970855712890625,130.6347198486328,0.0019189452286809,0.001,0.592,0.0,0.0,0,0,1,,1.0,2026-03-10T09:34:42.182366,happy,0.874,2026-03-10T09:34:40.237333,0.5634080146395866,2026-03-10T09:32:28.635000,75,,,
participant_03,3,day,Town10HD_Opt,2026-03-10 09:34:43.236014,-24.97092628479004,130.6347198486328,0.0019191360333934,0.001,0.58,0.0,0.0,0,0,1,,0.817,2026-03-10T09:34:43.236014,neutral,0.695,2026-03-10T09:34:43.236014,0.5750934495065164,2026-03-10T09:32:28.635000,75,,,
participant_03,3,day,Town10HD_Opt,2026-03-10 09:34:44.055593,-24.97091484069824,130.6347198486328,0.0019189071608707,0.006,0.58,0.0,0.0,0,0,1,,0.85,2026-03-10T09:34:44.055593,neutral,0.695,2026-03-10T09:34:43.236014,0.5471067748272939,2026-03-10T09:32:28.635000,74,,,
participant_03,3,day,Town10HD_Opt,2026-03-10 09:34:45.128424,-24.971004486083984,130.6347198486328,0.0019189071608707,0.006,0.58,0.0,0.0,0,0,1,,0.836,2026-03-10T09:34:45.128424,neutral,0.695,2026-03-10T09:34:43.236014,0.5705463989972013,2026-03-10T09:32:28.635000,74,,,
participant_03,3,day,Town10HD_Opt,2026-03-10 09:34:46.189666,-25.040307998657227,130.63092041015625,0.0017927932785823,2.916,0.58,0.501,0.0,0,0,1,,0.853,2026-03-10T09:34:46.189666,neutral,0.976,2026-03-10T09:34:46.189666,0.6024743225326872,2026-03-10T09:32:28.635000,74,,,
participant_03,3,day,Town10HD_Opt,2026-03-10 09:34:47.055874,-26.06217384338379,130.57461547851562,0.0016622924013063,9.728,0.58,0.548,0.0,0,0,1,,1.0,2026-03-10T09:34:47.055874,neutral,0.976,2026-03-10T09:34:46.189666,0.5811796054502366,2026-03-10T09:32:28.635000,73,,,
participant_03,3,day,Town10HD_Opt,2026-03-10 09:34:48.140216,-29.4065170288086,130.349609375,0.001891097985208,18.564,2.539,0.542,0.0,0,0,1,,0.812,2026-03-10T09:34:48.140216,neutral,0.976,2026-03-10T09:34:46.189666,0.5877155863550145,2026-03-10T09:32:28.635000,74,,,
participant_03,3,day,Town10HD_Opt,2026-03-10 09:34:49.250052,-34.02224349975586,129.51463317871094,0.0019879913888871,21.624,12.296,0.0,0.0,0,0,1,,0.87,2026-03-10T09:34:49.250052,happy,0.978,2026-03-10T09:34:49.250052,0.5231658580751675,2026-03-10T09:34:50.058000,71,,,
participant_03,3,day,Town10HD_Opt,2026-03-10 09:34:50.096738,-37.10035705566406,128.0681610107422,0.0019536209292709,16.852,14.813,0.0,0.0,0,0,1,,1.0,2026-03-10T09:34:50.096738,happy,0.978,2026-03-10T09:34:49.250052,0.6992265299030973,2026-03-10T09:34:51.048000,68,,,
participant_03,3,day,Town10HD_Opt,2026-03-10 09:34:51.223505,-39.63406753540039,125.82503509521484,0.002044181805104,12.008,15.563,0.0,0.0,0,0,1,,0.811,2026-03-10T09:34:51.223505,happy,0.978,2026-03-10T09:34:49.250052,0.5726450835211463,2026-03-10T09:34:52.037000,71,,,
participant_03,3,day,Town10HD_Opt,2026-03-10 09:34:52.062855,-40.73004150390625,124.318603515625,0.0020135878585278,9.087,16.079,0.0,0.0,0,0,1,,1.0,2026-03-10T09:34:52.062855,happy,0.614,2026-03-10T09:34:52.062855,0.6449521180615738,2026-03-10T09:34:52.037000,70,,,
participant_03,3,day,Town10HD_Opt,2026-03-10 09:34:53.016360,-41.39935302734375,123.04878997802734,0.0019615553319454,8.044,16.302,0.461,0.0,0,0,1,,1.0,2026-03-10T09:34:53.016360,happy,0.614,2026-03-10T09:34:52.062855,0.6506773273946876,2026-03-10T09:34:53.076000,69,,,
participant_03,3,day,Town10HD_Opt,2026-03-10 09:34:54.237426,-42.261844635009766,120.29000091552734,0.001648788456805,18.656,16.836,0.675,0.0,0,0,1,,1.0,2026-03-10T09:34:54.237426,happy,0.824,2026-03-10T09:34:54.237426,0.6874189776411174,2026-03-10T09:34:55.052000,69,,,
participant_03,3,day,Town10HD_Opt,2026-03-10 09:34:55.137639,-42.45444869995117,116.65705108642578,0.001840095501393,24.573,11.742,0.586,0.0,0,0,1,,1.0,2026-03-10T09:34:55.137639,happy,0.824,2026-03-10T09:34:54.237426,0.7264882645005877,2026-03-10T09:34:55.052000,70,,,
participant_03,3,day,Town10HD_Opt,2026-03-10 09:34:56.111162,-41.84603118896485,111.95230102539062,0.0018761062528938,29.955,-0.759,0.565,0.0,0,0,1,,1.0,2026-03-10T09:34:56.111162,happy,0.824,2026-03-10T09:34:54.237426,0.6883828052048798,2026-03-10T09:34:56.182000,69,,,
participant_03,3,day,Town10HD_Opt,2026-03-10 09:34:57.278540,-41.2165412902832,104.38829040527344,0.0019123458769172,35.482,-1.695,0.563,0.0,0,0,1,,1.0,2026-03-10T09:34:57.278540,happy,0.515,2026-03-10T09:34:57.278540,0.7553869321272636,2026-03-10T09:34:58.023000,69,,,
participant_03,3,day,Town10HD_Opt,2026-03-10 09:34:58.140467,-41.19625473022461,97.89735412597656,0.0019443893106654,38.575,0.623,0.251,0.0,0,0,1,,1.0,2026-03-10T09:34:58.140467,happy,0.515,2026-03-10T09:34:57.278540,0.7268310293909261,2026-03-10T09:34:58.023000,70,,,
participant_03,3,day,Town10HD_Opt,2026-03-10 09:34:59.012752,-41.11490631103516,91.63091278076172,0.0022932814899832,31.474,0.385,0.186,0.0,0,0,1,,0.863,2026-03-10T09:34:59.012752,happy,0.515,2026-03-10T09:34:57.278540,0.8415815912613513,2026-03-10T09:34:59.238000,68,,,
participant_04,2,day,Town10HD_Opt,2026-03-10 09:45:00.000000,-41.66858673095703,89.7454833984375,0.580491840839386,18.061,1.347,0.33,0.0,0,0,1,,1.0,2026-03-10T09:45:00,,,2026-03-10T09:45:00,0.5942820040438102,2026-03-10T09:45:00,62,,,
participant_03,4,day,Town10HD_Opt,2026-03-10 09:45:00.000000,-41.66859436035156,89.7454833984375,0.5804919004440308,21.147,1.951,0.427,0.0,0,0,1,,1.0,2026-03-10T09:45:00,,,2026-03-10T09:45:00,0.9281339136386844,2026-03-10T09:45:00,69,,,
participant_03,4,day,Town10HD_Opt,2026-03-10 09:45:04.544544,-41.65642547607422,84.50389099121094,0.0019295500824227,21.437,2.657,0.43,0.0,0,0,1,,1.0,2026-03-10T09:45:04.544544,,,2026-03-10T09:45:04.544544,0.8927315635565685,2026-03-10T09:45:05.044000,67,,,
participant_04,2,day,Town10HD_Opt,2026-03-10 09:45:04.558905,-41.67424392700195,84.54381561279297,0.0020318983588367,18.164,1.485,0.328,0.0,0,0,1,,1.0,2026-03-10T09:45:04.558905,,,2026-03-10T09:45:04.558905,0.4839377179358469,2026-03-10T09:45:04.906000,61,,,
participant_03,4,day,Town10HD_Opt,2026-03-10 09:45:05.195202,-41.55411529541016,81.93209838867188,0.0019670105539262,22.928,4.433,0.432,0.0,0,0,1,,0.837,2026-03-10T09:45:05.195202,,,2026-03-10T09:45:04.544544,0.8733225773249061,2026-03-10T09:45:06.029000,66,,,
participant_04,2,day,Town10HD_Opt,2026-03-10 09:45:05.243097,-41.59819412231445,82.42355346679688,0.0020382308866828,18.129,6.092,0.322,0.0,0,0,1,,0.905,2026-03-10T09:45:05.243097,,,2026-03-10T09:45:04.558905,0.4539071579062927,2026-03-10T09:45:05.940000,61,,,
participant_03,4,day,Town10HD_Opt,2026-03-10 09:45:06.192887,-40.988162994384766,77.81613159179688,0.0019896698649972,24.804,10.084,0.434,0.0,0,0,1,,1.0,2026-03-10T09:45:06.192887,,,2026-03-10T09:45:04.544544,0.8931170962923682,2026-03-10T09:45:07.020000,65,,,
participant_04,2,day,Town10HD_Opt,2026-03-10 09:45:06.261529,-41.12717056274414,79.27774047851562,0.0020481871906667,18.253,10.262,0.378,0.0,0,0,1,,0.806,2026-03-10T09:45:06.261529,,,2026-03-10T09:45:04.558905,0.4435460179078301,2026-03-10T09:45:06.885000,63,,,
participant_03,4,day,Town10HD_Opt,2026-03-10 09:45:07.198326,-39.28924560546875,73.7456283569336,0.0020323561038821,26.123,19.755,0.435,0.0,0,0,1,,1.0,2026-03-10T09:45:07.198326,happy,0.754,2026-03-10T09:45:07.198326,0.8370918581834241,2026-03-10T09:45:07.020000,67,,,
participant_04,2,day,Town10HD_Opt,2026-03-10 09:45:07.274020,-40.06240081787109,76.0338363647461,0.001919784466736,21.826,13.758,0.589,0.0,0,0,1,,0.862,2026-03-10T09:45:07.274020,neutral,0.568,2026-03-10T09:45:07.274020,0.4760760211735635,2026-03-10T09:45:07.875000,63,,,
participant_03,4,day,Town10HD_Opt,2026-03-10 09:45:08.185315,-35.89570236206055,70.65522003173828,0.0020606613252311,27.169,22.269,0.436,0.0,0,0,1,,0.91,2026-03-10T09:45:08.185315,happy,0.754,2026-03-10T09:45:07.198326,0.8316038134961254,2026-03-10T09:45:09.044000,65,,,
participant_04,2,day,Town10HD_Opt,2026-03-10 09:45:08.264240,-37.72772979736328,72.48946380615234,0.0018827819731086,27.56,17.761,0.601,0.0,0,0,1,,0.813,2026-03-10T09:45:08.264240,neutral,0.568,2026-03-10T09:45:07.274020,0.479339188046721,2026-03-10T09:45:08.910000,64,,,
participant_04,2,day,Town10HD_Opt,2026-03-10 09:45:09.006030,-35.10403060913086,70.4043960571289,0.0019501495407894,30.134,18.913,0.407,0.0,0,0,1,,0.867,2026-03-10T09:45:09.006030,neutral,0.568,2026-03-10T09:45:07.274020,0.3927923358793551,2026-03-10T09:45:09.900000,65,,,
participant_03,4,day,Town10HD_Opt,2026-03-10 09:45:09.153713,-31.27286148071289,69.48809051513672,0.0020558929536491,28.247,18.001,0.436,0.0,0,0,1,,0.937,2026-03-10T09:45:09.153713,happy,0.754,2026-03-10T09:45:07.198326,0.8220230151648189,2026-03-10T09:45:10.034000,65,,,
participant_04,2,day,Town10HD_Opt,2026-03-10 09:45:10.045041,-30.11714553833008,68.93359375,0.002110977191478,29.617,18.232,0.289,0.0,0,0,1,,0.843,2026-03-10T09:45:10.045041,neutral,0.851,2026-03-10T09:45:10.045041,0.514589171737396,2026-03-10T09:45:10.890000,68,,,errors=Solid line crossing
participant_03,4,day,Town10HD_Opt,2026-03-10 09:45:10.124780,-26.23384475708008,69.91951751708984,0.0020018767099827,29.752,-3.747,0.436,0.0,0,0,1,,0.812,2026-03-10T09:45:10.124780,neutral,0.995,2026-03-10T09:45:10.124780,0.8469229544286807,2026-03-10T09:45:11.024000,67,,,
participant_04,2,day,Town10HD_Opt,2026-03-10 09:45:11.022912,-25.30379676818848,69.34512329101562,0.002250442514196,23.898,-1.478,0.009,0.0,0,0,1,,1.0,2026-03-10T09:45:11.022912,neutral,0.851,2026-03-10T09:45:10.045041,0.4775511385576219,2026-03-10T09:45:11.879000,67,,,
participant_03,4,day,Town10HD_Opt,2026-03-10 09:45:11.125986,-20.943248748779297,70.19319915771484,0.0020047377329319,30.979,-3.076,0.436,0.0,0,0,1,,0.912,2026-03-10T09:45:11.125986,neutral,0.995,2026-03-10T09:45:10.124780,0.8350541834710951,2026-03-10T09:45:12.015000,68,,,
participant_04,2,day,Town10HD_Opt,2026-03-10 09:45:12.001726,-21.439945220947266,69.70887756347656,0.0020806503016501,21.698,-2.153,0.629,0.0,0,0,1,,0.846,2026-03-10T09:45:12.001726,neutral,0.851,2026-03-10T09:45:10.045041,0.5142675925811033,2026-03-10T09:45:12.915000,72,,,
participant_03,4,day,Town10HD_Opt,2026-03-10 09:45:12.077163,-15.437288284301758,70.06303405761719,0.0020070648752152,32.093,0.604,0.436,0.0,0,0,1,,0.85,2026-03-10T09:45:12.077163,neutral,0.995,2026-03-10T09:45:10.124780,0.9002654089655439,2026-03-10T09:45:12.015000,69,,,
participant_04,2,day,Town10HD_Opt,2026-03-10 09:45:12.991999,-17.216880798339844,69.97764587402344,0.0018712615128606,27.109,-0.938,0.45,0.0,0,0,1,,1.0,2026-03-10T09:45:12.991999,neutral,0.81,2026-03-10T09:45:12.991999,0.5271428821286506,2026-03-10T09:45:13.905000,71,,,
participant_03,4,day,Town10HD_Opt,2026-03-10 09:45:13.007105,-9.747114181518556,69.96466827392578,0.0020115280058234,33.061,0.759,0.436,0.0,0,0,1,,0.846,2026-03-10T09:45:13.007105,neutral,0.858,2026-03-10T09:45:13.007105,0.8329214826321707,2026-03-10T09:45:13.859000,66,,,
participant_03,4,day,Town10HD_Opt,2026-03-10 09:45:14.236821,-2.4751739501953125,70.00944519042969,0.0022682952694594,26.614,0.211,0.0,0.0,0,0,1,,0.842,2026-03-10T09:45:14.236821,neutral,0.858,2026-03-10T09:45:13.007105,0.8198255506904616,2026-03-10T09:45:15.029000,70,,,
participant_04,2,day,Town10HD_Opt,2026-03-10 09:45:14.277511,-10.65742015838623,70.26445770263672,0.0020272063557058,28.549,-0.989,0.379,0.0,0,0,1,,1.0,2026-03-10T09:45:14.277511,neutral,0.81,2026-03-10T09:45:12.991999,0.4547380444426717,2026-03-10T09:45:14.896000,75,,,
participant_04,2,day,Town10HD_Opt,2026-03-10 09:45:15.014218,-7.334630966186523,70.32238006591797,0.0020669174846261,28.058,-2.028,0.274,0.0,0,0,1,,1.0,2026-03-10T09:45:15.014218,neutral,0.816,2026-03-10T09:45:15.014218,0.492990898342677,2026-03-10T09:45:15.885000,75,,,
participant_03,4,day,Town10HD_Opt,2026-03-10 09:45:15.152157,1.6398546695709229,70.07691955566406,0.0022518921177834,20.046,0.251,0.0,0.0,0,0,1,,0.82,2026-03-10T09:45:15.152157,fear,0.544,2026-03-10T09:45:15.152157,0.9296375064926836,2026-03-10T09:45:16.020000,70,,,
participant_03,4,day,Town10HD_Opt,2026-03-10 09:45:16.078312,4.749279499053955,70.14154815673828,0.0020193862728774,15.432,-0.035,0.0,0.0,0,0,1,,1.0,2026-03-10T09:45:16.078312,fear,0.544,2026-03-10T09:45:15.152157,0.8338794100962045,2026-03-10T09:45:17.011000,72,,,
participant_04,2,day,Town10HD_Opt,2026-03-10 09:45:16.266601,-1.0705363750457764,70.16181945800781,0.0021086882334202,25.4,-0.254,0.264,0.0,0,0,1,,1.0,2026-03-10T09:45:16.266601,neutral,0.816,2026-03-10T09:45:15.014218,0.4356832788415835,2026-03-10T09:45:16.874000,75,,,
participant_03,4,day,Town10HD_Opt,2026-03-10 09:45:17.073333,7.155397891998291,70.18988037109375,0.0020175552926957,12.194,-0.108,0.167,0.0,0,0,1,,0.866,2026-03-10T09:45:17.073333,fear,0.544,2026-03-10T09:45:15.152157,0.8580755576294723,2026-03-10T09:45:17.999000,71,,,
participant_04,2,day,Town10HD_Opt,2026-03-10 09:45:17.213173,3.2295684814453125,70.0062255859375,0.0021022413857281,23.582,0.879,0.264,0.0,0,0,1,,1.0,2026-03-10T09:45:17.213173,neutral,0.828,2026-03-10T09:45:17.213173,0.4400059142866062,2026-03-10T09:45:17.909000,79,,,
participant_04,2,day,Town10HD_Opt,2026-03-10 09:45:18.203598,7.197510242462158,69.92394256591797,0.002118949778378,21.367,0.759,0.181,0.0,0,0,1,,1.0,2026-03-10T09:45:18.203598,neutral,0.828,2026-03-10T09:45:17.213173,0.5216097613370895,2026-03-10T09:45:18.900000,77,,,
participant_03,4,day,Town10HD_Opt,2026-03-10 09:45:18.278552,9.962385177612305,70.24159240722656,0.0019019698956981,12.312,-0.188,0.248,0.0,0,0,1,,0.89,2026-03-10T09:45:18.278552,neutral,0.928,2026-03-10T09:45:18.278552,0.8379873323291946,2026-03-10T09:45:19.079000,68,,,
participant_04,2,day,Town10HD_Opt,2026-03-10 09:45:19.127294,10.719893455505373,69.89947509765625,0.0021436309907585,18.409,0.261,0.132,0.0,0,0,1,,1.0,2026-03-10T09:45:19.127294,neutral,0.828,2026-03-10T09:45:17.213173,0.4291504660192023,2026-03-10T09:45:19.890000,79,,,
participant_03,4,day,Town10HD_Opt,2026-03-10 09:45:19.198012,12.200273513793944,70.27617645263672,0.0018848800100386,13.368,-0.287,0.261,0.0,0,0,1,,0.897,2026-03-10T09:45:19.198012,neutral,0.928,2026-03-10T09:45:18.278552,0.7424666945826256,2026-03-10T09:45:20.024000,68,,,
participant_04,2,day,Town10HD_Opt,2026-03-10 09:45:20.048201,13.823992729187012,69.89639282226562,0.0019501113565638,16.781,0.256,0.164,0.0,0,0,1,,1.0,2026-03-10T09:45:20.048201,neutral,0.866,2026-03-10T09:45:20.048201,0.4675733660564742,2026-03-10T09:45:20.880000,75,,,
participant_03,4,day,Town10HD_Opt,2026-03-10 09:45:20.149038,14.626827239990234,70.30445861816406,0.0018831252818927,14.407,-0.289,0.27,0.0,0,0,1,,0.893,2026-03-10T09:45:20.149038,neutral,0.928,2026-03-10T09:45:18.278552,0.806353770119581,2026-03-10T09:45:21.104000,67,,,
participant_04,2,day,Town10HD_Opt,2026-03-10 09:45:21.011798,16.685253143310547,69.90513610839844,0.0019451903644949,15.973,0.242,0.18,0.0,0,0,1,,0.839,2026-03-10T09:45:21.011798,neutral,0.866,2026-03-10T09:45:20.048201,0.4264043485163291,2026-03-10T09:45:21.915000,74,,,
participant_03,4,day,Town10HD_Opt,2026-03-10 09:45:21.095266,17.236021041870117,70.32471466064453,0.0018885802710428,15.407,-0.289,0.26,0.0,0,0,1,,0.88,2026-03-10T09:45:21.095266,neutral,0.901,2026-03-10T09:45:21.095266,0.7524191809559073,2026-03-10T09:45:22.005000,67,,,
participant_03,4,day,Town10HD_Opt,2026-03-10 09:45:22.008492,19.820146560668945,70.33377075195312,0.002019424457103,13.063,-0.303,0.0,0.0,0,0,1,,0.84,2026-03-10T09:45:22.008492,neutral,0.901,2026-03-10T09:45:21.095266,0.7892697798146895,2026-03-10T09:45:22.005000,65,,,
participant_04,2,day,Town10HD_Opt,2026-03-10 09:45:22.225749,20.27454376220703,69.93077850341797,0.0019449996761977,14.806,0.202,0.178,0.0,0,0,1,,1.0,2026-03-10T09:45:22.225749,neutral,0.835,2026-03-10T09:45:22.225749,0.437490403741459,2026-03-10T09:45:22.905000,73,,,
participant_04,2,day,Town10HD_Opt,2026-03-10 09:45:23.156886,22.762834548950195,69.95452117919922,0.0020042418036609,12.788,-0.033,0.0,0.04,0,0,1,,0.831,2026-03-10T09:45:23.156886,neutral,0.835,2026-03-10T09:45:22.225749,0.44650978460012,2026-03-10T09:45:23.895000,73,,,
participant_03,4,day,Town10HD_Opt,2026-03-10 09:45:23.194704,22.223114013671875,70.333984375,0.0020437622442841,7.436,-0.214,0.0,0.124,0,0,1,,0.81,2026-03-10T09:45:23.194704,neutral,0.841,2026-03-10T09:45:23.194704,0.6537655418507342,2026-03-10T09:45:24.075000,66,,,
participant_04,2,day,Town10HD_Opt,2026-03-10 09:45:24.050314,24.5700798034668,69.97032928466797,0.0020921707618981,7.368,-0.033,0.0,0.36,0,0,1,,0.83,2026-03-10T09:45:24.050314,neutral,0.835,2026-03-10T09:45:22.225749,0.5266004491301145,2026-03-10T09:45:24.885000,73,,,
participant_03,4,day,Town10HD_Opt,2026-03-10 09:45:24.072972,23.360918045043945,70.33177947998047,0.0019723891746252,5.647,-0.204,0.0,0.0,0,0,1,,0.914,2026-03-10T09:45:24.072972,neutral,0.841,2026-03-10T09:45:23.194704,0.6608994510385046,2026-03-10T09:45:25.020000,65,,,
participant_04,2,day,Town10HD_Opt,2026-03-10 09:45:25.228593,25.092342376708984,69.97525787353516,0.0019745253957808,0.139,-0.033,0.323,0.0,0,0,1,,0.839,2026-03-10T09:45:25.228593,neutral,0.807,2026-03-10T09:45:25.228593,0.4912653493913747,2026-03-10T09:45:25.875000,72,,,
participant_03,4,day,Town10HD_Opt,2026-03-10 09:45:25.262863,24.48589134216309,70.32818603515625,0.0019570922013372,3.97,-0.16,0.0,0.0,0,0,1,,0.865,2026-03-10T09:45:25.262863,neutral,0.824,2026-03-10T09:45:25.262863,0.638508649539226,2026-03-10T09:45:26.010000,66,,,
participant_04,2,day,Town10HD_Opt,2026-03-10 09:45:26.190139,25.41148376464844,69.97767639160156,0.0017596435500308,4.466,-0.033,0.219,0.0,0,0,1,,0.911,2026-03-10T09:45:26.190139,neutral,0.807,2026-03-10T09:45:25.228593,0.5113889689236453,2026-03-10T09:45:26.910000,72,,,
participant_03,4,day,Town10HD_Opt,2026-03-10 09:45:26.276733,25.10440826416016,70.32572174072266,0.0023996734526008,2.999,-0.141,0.0,0.0,0,0,1,,0.893,2026-03-10T09:45:26.276733,neutral,0.824,2026-03-10T09:45:25.262863,0.6394899591134592,2026-03-10T09:45:27,64,,,
participant_04,2,day,Town10HD_Opt,2026-03-10 09:45:27.127782,26.16775131225586,69.98311614990234,0.002263679401949,0.0,-0.033,0.0,0.248,0,0,1,,0.884,2026-03-10T09:45:27.127782,neutral,0.807,2026-03-10T09:45:25.228593,0.4104417041016964,2026-03-10T09:45:27.900000,70,,,
participant_03,4,day,Town10HD_Opt,2026-03-10 09:45:27.234992,25.5676383972168,70.3240737915039,0.0034996413160115,2.282,-0.12,0.0,0.0,0,0,1,,0.841,2026-03-10T09:45:27.234992,neutral,0.824,2026-03-10T09:45:25.262863,0.5597498293963719,2026-03-10T09:45:28.080000,66,,,
participant_04,2,day,Town10HD_Opt,2026-03-10 09:45:28.040446,26.16758155822754,69.98308563232422,0.0019345473265275,0.149,-0.033,0.321,0.0,0,0,1,,0.918,2026-03-10T09:45:28.040446,neutral,0.776,2026-03-10T09:45:28.040446,0.4891005534856913,2026-03-10T09:45:28.889000,68,,,
participant_03,4,day,Town10HD_Opt,2026-03-10 09:45:28.140621,25.92171096801757,70.32215118408203,0.0019016646547243,1.746,-0.12,0.0,0.0,0,0,1,,1.0,2026-03-10T09:45:28.140621,neutral,0.876,2026-03-10T09:45:28.140621,0.6453678744871472,2026-03-10T09:45:29.025000,69,,,
participant_04,2,day,Town10HD_Opt,2026-03-10 09:45:29.010184,26.79050064086914,69.97843933105469,0.001579895033501,8.767,-2.795,0.675,0.0,0,0,1,,0.858,2026-03-10T09:45:29.010184,neutral,0.776,2026-03-10T09:45:28.040446,0.4824148296127827,2026-03-10T09:45:29.881000,68,,,errors=Stop sign violation
participant_03,4,day,Town10HD_Opt,2026-03-10 09:45:29.122022,26.19365119934082,70.32084655761719,0.0019318008562549,1.34,-0.12,0.0,0.0,0,0,1,,0.814,2026-03-10T09:45:29.122022,neutral,0.876,2026-03-10T09:45:28.140621,0.6038758628825084,2026-03-10T09:45:30.015000,66,,,
participant_03,4,day,Town10HD_Opt,2026-03-10 09:45:30.091452,26.23693084716797,70.32066345214844,0.0019321822328493,0.0,-0.141,0.0,0.303,0,0,1,,1.0,2026-03-10T09:45:30.091452,neutral,0.876,2026-03-10T09:45:28.140621,0.6752677821873351,2026-03-10T09:45:30.015000,66,,,
participant_04,2,day,Town10HD_Opt,2026-03-10 09:45:30.265878,29.99059295654297,69.66336822509766,0.0018096159910783,16.695,-10.062,0.222,0.0,0,0,1,,1.0,2026-03-10T09:45:30.265878,neutral,0.754,2026-03-10T09:45:30.265878,0.5264075385717975,2026-03-10T09:45:30.916000,68,,,
participant_03,4,day,Town10HD_Opt,2026-03-10 09:45:31.032162,26.23676490783692,70.32066345214844,0.0019155120244249,0.43,-1.819,0.463,0.0,0,0,1,,1.0,2026-03-10T09:45:31.032162,neutral,0.851,2026-03-10T09:45:31.032162,0.6107884543587174,2026-03-10T09:45:31.996000,67,,,
participant_04,2,day,Town10HD_Opt,2026-03-10 09:45:31.253761,32.820411682128906,68.90290832519531,0.0018873214721679,17.458,-10.221,0.429,0.0,0,0,1,,1.0,2026-03-10T09:45:31.253761,neutral,0.754,2026-03-10T09:45:30.265878,0.6139756507585921,2026-03-10T09:45:31.905000,68,,,
participant_04,2,day,Town10HD_Opt,2026-03-10 09:45:32.203887,35.80215072631836,67.56820678710938,0.001956405583769,20.28,-10.538,0.547,0.0,0,0,1,,1.0,2026-03-10T09:45:32.203887,neutral,0.754,2026-03-10T09:45:30.265878,0.4370923038144941,2026-03-10T09:45:32.895000,70,,,
participant_03,4,day,Town10HD_Opt,2026-03-10 09:45:32.301195,27.18358993530273,70.29133605957031,0.0017148971091955,8.25,-2.746,0.441,0.0,0,0,1,,0.837,2026-03-10T09:45:32.301195,neutral,0.851,2026-03-10T09:45:31.032162,0.6298709459678348,2026-03-10T09:45:33.030000,66,,,
participant_04,2,day,Town10HD_Opt,2026-03-10 09:45:33.171062,39.1126594543457,65.35073852539062,0.001913413987495,25.339,-10.468,0.51,0.0,0,0,1,,0.829,2026-03-10T09:45:33.171062,neutral,0.801,2026-03-10T09:45:33.171062,0.5616925817031481,2026-03-10T09:45:33.885000,68,,,
participant_03,4,day,Town10HD_Opt,2026-03-10 09:45:33.235232,29.05727767944336,70.18875122070312,0.0018085478805005,13.366,-4.143,0.44,0.0,0,0,1,,0.819,2026-03-10T09:45:33.235232,neutral,0.78,2026-03-10T09:45:33.235232,0.7426763679970582,2026-03-10T09:45:34.020000,66,,,
participant_04,2,day,Town10HD_Opt,2026-03-10 09:45:34.128235,42.21331024169922,62.01530456542969,0.0023126984015107,26.383,-14.418,0.22,0.0,0,0,1,,0.883,2026-03-10T09:45:34.128235,neutral,0.801,2026-03-10T09:45:33.171062,0.6469060403801498,2026-03-10T09:45:34.875000,71,,,
participant_03,4,day,Town10HD_Opt,2026-03-10 09:45:34.167146,31.71364402770996,69.88209533691406,0.0017770766280591,17.479,-6.019,0.44,0.0,0,0,1,,1.0,2026-03-10T09:45:34.167146,neutral,0.78,2026-03-10T09:45:33.235232,0.696060881131667,2026-03-10T09:45:35.010000,68,,,
participant_04,2,day,Town10HD_Opt,2026-03-10 09:45:35.081512,44.05754470825195,58.09398651123047,0.0021573256235569,23.253,-13.953,0.183,0.0,0,0,1,,1.0,2026-03-10T09:45:35.081512,neutral,0.801,2026-03-10T09:45:33.171062,0.5523231021404844,2026-03-10T09:45:35.910000,69,,,
participant_03,4,day,Town10HD_Opt,2026-03-10 09:45:35.112123,34.812950134277344,69.1929931640625,0.0020201874431222,18.865,-11.18,0.44,0.0,0,0,1,,0.805,2026-03-10T09:45:35.112123,neutral,0.78,2026-03-10T09:45:33.235232,0.6824200963941686,2026-03-10T09:45:35.999000,67,,,
participant_04,2,day,Town10HD_Opt,2026-03-10 09:45:36.068350,44.62420272827149,54.33541488647461,0.0021560287568718,20.201,-10.437,0.183,0.0,0,0,1,,1.0,2026-03-10T09:45:36.068350,fear,0.434,2026-03-10T09:45:36.068350,0.5877081781678913,2026-03-10T09:45:36.900000,71,,,
participant_03,4,day,Town10HD_Opt,2026-03-10 09:45:36.072364,37.92391204833984,67.75324249267578,0.0020494842901825,19.894,-16.746,0.203,0.0,0,0,1,,1.0,2026-03-10T09:45:36.072364,neutral,0.909,2026-03-10T09:45:36.072364,0.7647682441824801,2026-03-10T09:45:37.035000,69,,,
participant_03,4,day,Town10HD_Opt,2026-03-10 09:45:37.018034,40.4273567199707,65.57742309570312,0.002108383225277,18.265,-16.017,0.279,0.0,0,0,1,,0.829,2026-03-10T09:45:37.018034,neutral,0.909,2026-03-10T09:45:36.072364,0.7270394680325948,2026-03-10T09:45:37.035000,73,,,
participant_04,2,day,Town10HD_Opt,2026-03-10 09:45:37.022437,44.657020568847656,51.00979995727539,0.0020997237879782,18.177,-1.782,0.278,0.0,0,0,1,,0.92,2026-03-10T09:45:37.022437,fear,0.434,2026-03-10T09:45:36.068350,0.6187774131508872,2026-03-10T09:45:37.889000,71,,,
participant_03,4,day,Town10HD_Opt,2026-03-10 09:45:38.230817,42.61731719970703,61.96150207519531,0.00204429612495,18.199,-15.159,0.282,0.0,0,0,1,,1.0,2026-03-10T09:45:38.230817,neutral,0.818,2026-03-10T09:45:38.230817,0.7378180271608096,2026-03-10T09:45:39.015000,71,,,
participant_04,2,day,Town10HD_Opt,2026-03-10 09:45:38.276173,44.5261116027832,46.77924346923828,0.0020597837865352,18.027,-0.9,0.325,0.0,0,0,1,,0.922,2026-03-10T09:45:38.276173,neutral,0.788,2026-03-10T09:45:38.276173,0.5154789864462488,2026-03-10T09:45:38.880000,71,,,
participant_03,4,day,Town10HD_Opt,2026-03-10 09:45:39.162720,43.51307678222656,58.91518783569336,0.0020619581919163,18.267,-10.034,0.283,0.0,0,0,1,,1.0,2026-03-10T09:45:39.162720,neutral,0.818,2026-03-10T09:45:38.230817,0.691284736446625,2026-03-10T09:45:40.004000,69,,,
participant_04,2,day,Town10HD_Opt,2026-03-10 09:45:39.274837,44.36949920654297,43.62722396850586,0.0020422744564712,18.063,0.559,0.313,0.0,0,0,1,,0.93,2026-03-10T09:45:39.274837,neutral,0.788,2026-03-10T09:45:38.276173,0.6183619892608027,2026-03-10T09:45:39.915000,69,,,
participant_03,4,day,Town10HD_Opt,2026-03-10 09:45:40.059957,43.98301315307617,55.771087646484375,0.0020458984654396,18.18,-5.791,0.282,0.0,0,0,1,,0.831,2026-03-10T09:45:40.059957,neutral,0.818,2026-03-10T09:45:38.230817,0.8001195670954583,2026-03-10T09:45:40.995000,71,,,
participant_04,2,day,Town10HD_Opt,2026-03-10 09:45:40.224875,44.4390869140625,40.45109939575195,0.0020614243112504,18.238,7.758,0.288,0.0,0,0,1,,0.91,2026-03-10T09:45:40.224875,neutral,0.788,2026-03-10T09:45:38.276173,0.5819520268015788,2026-03-10T09:45:40.905000,69,,,
participant_04,2,day,Town10HD_Opt,2026-03-10 09:45:41.238595,44.8867073059082,37.28530883789063,0.0020155333913862,18.836,6.594,0.424,0.0,0,0,1,,0.893,2026-03-10T09:45:41.238595,neutral,0.734,2026-03-10T09:45:41.238595,0.6956253676387754,2026-03-10T09:45:41.898000,68,,,
participant_03,4,day,Town10HD_Opt,2026-03-10 09:45:41.284472,44.23702239990234,51.53740692138672,0.002028465270996,18.103,-3.403,0.284,0.0,0,0,1,,0.891,2026-03-10T09:45:41.284472,neutral,0.895,2026-03-10T09:45:41.284472,0.6677538649170665,2026-03-10T09:45:42.030000,72,,,
participant_03,4,day,Town10HD_Opt,2026-03-10 09:45:42.191904,44.21992111206055,48.431640625,0.0019934463780373,16.42,-2.52,0.0,0.0,0,0,1,,1.0,2026-03-10T09:45:42.191904,neutral,0.895,2026-03-10T09:45:41.284472,0.7617142413138538,2026-03-10T09:45:43.020000,74,,,
participant_04,2,day,Town10HD_Opt,2026-03-10 09:45:42.206142,45.81046295166016,33.95097732543945,0.0019716643728315,21.27,14.501,0.562,0.0,0,0,1,,0.917,2026-03-10T09:45:42.206142,neutral,0.734,2026-03-10T09:45:41.238595,0.6054197677378544,2026-03-10T09:45:42.887000,65,Red light violation,Red light violation,
participant_03,4,day,Town10HD_Opt,2026-03-10 09:45:43.093177,44.13506317138672,45.978641510009766,0.0020261763129383,11.234,-0.938,0.0,0.294,0,0,1,,0.873,2026-03-10T09:45:43.093177,neutral,0.895,2026-03-10T09:45:41.284472,0.6894797777354617,2026-03-10T09:45:44.010000,72,,,
participant_04,2,day,Town10HD_Opt,2026-03-10 09:45:43.174568,47.89704895019531,30.457433700561523,0.0019146727863699,25.72,15.842,0.544,0.0,0,0,1,,1.0,2026-03-10T09:45:43.174568,neutral,0.734,2026-03-10T09:45:41.238595,0.58530100654854,2026-03-10T09:45:43.876000,68,,,
participant_04,2,day,Town10HD_Opt,2026-03-10 09:45:44.125586,51.58138656616211,27.357046127319336,0.0019584654364734,29.573,15.558,0.494,0.0,0,0,1,,0.863,2026-03-10T09:45:44.125586,neutral,0.829,2026-03-10T09:45:44.125586,0.6475798808566301,2026-03-10T09:45:44.911000,67,Red light violation,Red light violation,
participant_03,4,day,Town10HD_Opt,2026-03-10 09:45:44.278177,44.04859161376953,43.99342727661133,0.002016830490902,6.297,-0.759,0.0,0.0,0,0,1,,0.906,2026-03-10T09:45:44.278177,neutral,0.944,2026-03-10T09:45:44.278177,0.6257540035429484,2026-03-10T09:45:45,74,,,
participant_03,4,day,Town10HD_Opt,2026-03-10 09:45:45.160193,44.00228500366211,43.01316452026367,0.0019641113467514,4.885,-0.548,0.0,0.0,0,0,1,,0.864,2026-03-10T09:45:45.160193,neutral,0.944,2026-03-10T09:45:44.278177,0.7112483691693825,2026-03-10T09:45:46.125000,70,,,
participant_04,2,day,Town10HD_Opt,2026-03-10 09:45:45.191563,56.54424285888672,25.64546585083008,0.0020869064610451,29.917,13.636,0.295,0.0,0,0,1,,0.89,2026-03-10T09:45:45.191563,neutral,0.829,2026-03-10T09:45:44.125586,0.6332351246313785,2026-03-10T09:45:45.900000,69,,,
participant_03,4,day,Town10HD_Opt,2026-03-10 09:45:46.108699,43.96725082397461,42.25303649902344,0.0019548796117305,3.629,0.501,0.035,0.0,0,0,1,,0.853,2026-03-10T09:45:46.108699,neutral,0.944,2026-03-10T09:45:44.278177,0.7045249217976648,2026-03-10T09:45:47.026000,71,,,
participant_04,2,day,Town10HD_Opt,2026-03-10 09:45:46.183469,61.63201522827149,25.45411491394043,0.0021049880888313,28.185,1.182,0.186,0.0,0,0,1,,0.914,2026-03-10T09:45:46.183469,neutral,0.77,2026-03-10T09:45:46.183469,0.6315520002300368,2026-03-10T09:45:46.891000,66,,,
participant_03,4,day,Town10HD_Opt,2026-03-10 09:45:47.045731,43.94648361206055,41.715965270996094,0.0019435882568359,2.652,0.757,0.03,0.0,0,0,1,,0.819,2026-03-10T09:45:47.045731,neutral,0.908,2026-03-10T09:45:47.045731,0.6498815467698891,2026-03-10T09:45:47.026000,73,,,
participant_04,2,day,Town10HD_Opt,2026-03-10 09:45:47.086892,66.18589782714844,25.48737335205078,0.0022415923886001,22.659,-2.405,0.0,0.0,0,0,1,,0.895,2026-03-10T09:45:47.086892,neutral,0.77,2026-03-10T09:45:46.183469,0.6551315696302609,2026-03-10T09:45:47.880000,67,,,
participant_04,2,day,Town10HD_Opt,2026-03-10 09:45:48.018115,69.67582702636719,25.36924934387207,0.0019789503421634,17.445,0.451,0.0,0.0,0,0,1,,0.888,2026-03-10T09:45:48.018115,neutral,0.77,2026-03-10T09:45:46.183469,0.5373063227577437,2026-03-10T09:45:48.916000,68,,,
participant_03,4,day,Town10HD_Opt,2026-03-10 09:45:48.280169,43.93793869018555,41.217098236083984,0.0019462204072624,1.487,4.282,0.016,0.0,0,0,1,,1.0,2026-03-10T09:45:48.280169,neutral,0.908,2026-03-10T09:45:47.045731,0.6550456482540696,2026-03-10T09:45:48.105000,72,,,
participant_03,4,day,Town10HD_Opt,2026-03-10 09:45:49.192325,43.93898391723633,40.99751281738281,0.0019365310436114,1.018,4.497,0.036,0.0,0,0,1,,1.0,2026-03-10T09:45:49.192325,neutral,0.969,2026-03-10T09:45:49.192325,0.6729465136160586,2026-03-10T09:45:49.320000,69,,,
participant_04,2,day,Town10HD_Opt,2026-03-10 09:45:49.201403,73.11425018310547,25.282133102416992,0.0020344161894172,12.144,0.987,0.0,0.0,0,0,1,,1.0,2026-03-10T09:45:49.201403,neutral,0.778,2026-03-10T09:45:49.201403,0.6124760493607396,2026-03-10T09:45:49.995000,68,,,
participant_04,2,day,Town10HD_Opt,2026-03-10 09:45:50.119563,75.00611877441406,25.263940811157227,0.0020085906144231,9.326,1.274,0.0,0.0,0,0,1,,0.852,2026-03-10T09:45:50.119563,neutral,0.778,2026-03-10T09:45:49.201403,0.6018125374536822,2026-03-10T09:45:50.940000,66,,,
participant_03,4,day,Town10HD_Opt,2026-03-10 09:45:50.124198,43.94033050537109,40.85365676879883,0.0019295120146125,0.592,4.497,0.035,0.0,0,0,1,,1.0,2026-03-10T09:45:50.124198,neutral,0.969,2026-03-10T09:45:49.192325,0.6699243319493775,2026-03-10T09:45:50.265000,70,,,
participant_03,4,day,Town10HD_Opt,2026-03-10 09:45:51.057650,43.94156265258789,40.759464263916016,0.001926879864186,0.41,4.669,0.075,0.0,0,0,1,,1.0,2026-03-10T09:45:51.057650,neutral,0.969,2026-03-10T09:45:49.192325,0.5391078880242822,2026-03-10T09:45:51.615000,67,,,
participant_04,2,day,Town10HD_Opt,2026-03-10 09:45:51.093207,76.478271484375,25.25816535949707,0.0019411849789321,8.017,0.169,0.13,0.0,0,0,1,,0.887,2026-03-10T09:45:51.093207,neutral,0.778,2026-03-10T09:45:49.201403,0.472974577883314,2026-03-10T09:45:51.885000,64,,,
participant_04,2,day,Town10HD_Opt,2026-03-10 09:45:52.023330,77.83265686035156,25.251855850219727,0.001947364769876,7.332,0.012,0.0,0.0,0,0,1,,0.887,2026-03-10T09:45:52.023330,neutral,0.793,2026-03-10T09:45:52.023330,0.4528488644898658,2026-03-10T09:45:52.920000,63,,,
participant_03,4,day,Town10HD_Opt,2026-03-10 09:45:52.252326,43.94272994995117,40.68303680419922,0.0019216918153688,0.26,4.669,0.061,0.0,0,0,1,,1.0,2026-03-10T09:45:52.252326,neutral,0.974,2026-03-10T09:45:52.252326,0.6510592774404104,2026-03-10T09:45:53.101000,67,,,
participant_03,4,day,Town10HD_Opt,2026-03-10 09:45:53.162599,43.94337844848633,40.63728332519531,0.0019002532353624,0.527,4.858,0.246,0.0,0,0,1,,1.0,2026-03-10T09:45:53.162599,neutral,0.974,2026-03-10T09:45:52.252326,0.5781545003868591,2026-03-10T09:45:54.046000,72,,,
participant_04,2,day,Town10HD_Opt,2026-03-10 09:45:53.220003,79.32192993164062,25.24530029296875,0.0020307921804487,0.53,0.172,0.0,0.088,0,0,1,,0.897,2026-03-10T09:45:53.220003,neutral,0.793,2026-03-10T09:45:52.023330,0.4566035168759729,2026-03-10T09:45:53.910000,64,,,
participant_03,4,day,Town10HD_Opt,2026-03-10 09:45:54.063024,43.95117568969727,40.28965759277344,0.0018345260759815,3.221,4.86,0.252,0.0,0,0,1,,1.0,2026-03-10T09:45:54.063024,neutral,0.974,2026-03-10T09:45:52.252326,0.5446645199635312,2026-03-10T09:45:54.046000,72,,,
participant_04,2,day,Town10HD_Opt,2026-03-10 09:45:54.162040,79.33710479736328,25.244911193847656,0.0019508743425831,0.002,0.179,0.0,0.0,0,0,1,,0.824,2026-03-10T09:45:54.162040,neutral,0.696,2026-03-10T09:45:54.162040,0.4257275239410452,2026-03-10T09:45:54.900000,63,,,
participant_04,2,day,Town10HD_Opt,2026-03-10 09:45:55.155462,79.33723449707031,25.244911193847656,0.0019200133392587,0.007,0.179,0.0,0.0,0,0,1,,0.884,2026-03-10T09:45:55.155462,neutral,0.696,2026-03-10T09:45:54.162040,0.4800768233482471,2026-03-10T09:45:55.890000,67,,,
participant_03,4,day,Town10HD_Opt,2026-03-10 09:45:55.214374,44.00680541992188,39.094337463378906,0.0018078612629324,7.44,5.633,0.451,0.0,0,0,1,,1.0,2026-03-10T09:45:55.214374,neutral,0.783,2026-03-10T09:45:55.214374,0.6215770813975354,2026-03-10T09:45:55.396000,71,,,
participant_04,2,day,Town10HD_Opt,2026-03-10 09:45:56.104970,79.33741760253906,25.244911193847656,0.0019192122854292,0.002,0.19,0.0,0.0,0,0,1,,1.0,2026-03-10T09:45:56.104970,neutral,0.696,2026-03-10T09:45:54.162040,0.3911576278622867,2026-03-10T09:45:56.881000,64,,,
participant_03,4,day,Town10HD_Opt,2026-03-10 09:45:56.165524,44.18118667602539,37.39366912841797,0.0017692183610051,12.318,8.916,0.41,0.0,0,0,1,,1.0,2026-03-10T09:45:56.165524,neutral,0.783,2026-03-10T09:45:55.214374,0.56898970016272,2026-03-10T09:45:56.197000,74,,,
participant_04,2,day,Town10HD_Opt,2026-03-10 09:45:57.030175,79.33766174316406,25.244909286499023,0.001919288537465,0.001,0.197,0.0,0.0,0,0,1,,0.837,2026-03-10T09:45:57.030175,neutral,0.83,2026-03-10T09:45:57.030175,0.4465009692018801,2026-03-10T09:45:57.917000,64,,,
participant_03,4,day,Town10HD_Opt,2026-03-10 09:45:57.033298,44.7568359375,35.01388931274414,0.0018201827770099,15.941,19.903,0.409,0.0,0,0,1,,0.874,2026-03-10T09:45:57.033298,neutral,0.783,2026-03-10T09:45:55.214374,0.5975810504107485,2026-03-10T09:45:57.149000,75,,,
participant_03,4,day,Town10HD_Opt,2026-03-10 09:45:58.181047,47.01268768310547,31.65785789489746,0.002116355812177,18.402,23.74,0.406,0.0,0,0,1,,0.846,2026-03-10T09:45:58.181047,neutral,0.811,2026-03-10T09:45:58.181047,0.5454525098586485,2026-03-10T09:45:58.050000,74,,,
participant_04,2,day,Town10HD_Opt,2026-03-10 09:45:58.198013,79.34109497070312,25.24482154846192,0.0018946838099509,0.741,-2.598,0.525,0.0,0,0,1,,0.922,2026-03-10T09:45:58.198013,neutral,0.83,2026-03-10T09:45:57.030175,0.4250951578498609,2026-03-10T09:45:58.905000,64,,,
participant_04,2,day,Town10HD_Opt,2026-03-10 09:45:59.110088,80.2103271484375,25.189802169799805,0.0015629577683284,11.044,-6.971,0.738,0.0,0,0,1,,0.93,2026-03-10T09:45:59.110088,neutral,0.77,2026-03-10T09:45:59.110088,0.4720533418088543,2026-03-10T09:45:59.895000,63,,,
participant_03,4,day,Town10HD_Opt,2026-03-10 09:45:59.115218,49.77162170410156,29.903249740600582,0.0020272063557058,19.747,19.563,0.405,0.0,0,0,1,,0.868,2026-03-10T09:45:59.115218,neutral,0.811,2026-03-10T09:45:58.181047,0.5248738392215364,2026-03-10T09:45:59.625000,73,,,
participant_03,4,day,Town10HD_Opt,2026-03-10 09:46:00.035224,53.20187759399414,28.849342346191406,0.0019948959816247,21.526,4.603,0.4,0.0,0,0,1,,1.0,2026-03-10T09:46:00.035224,neutral,0.811,2026-03-10T09:45:58.181047,0.515825221540252,2026-03-10T09:46:00.164000,73,,,
participant_04,2,day,Town10HD_Opt,2026-03-10 09:46:00.036706,82.86067962646484,24.90848159790039,0.0018764495616778,18.511,0.078,0.68,0.0,0,0,1,,0.918,2026-03-10T09:46:00.036706,neutral,0.77,2026-03-10T09:45:59.110088,0.5663825359098567,2026-03-10T09:46:00.887000,63,,,
participant_03,4,day,Town10HD_Opt,2026-03-10 09:46:01.216590,58.2869758605957,27.63122940063477,0.0019997404888272,23.375,1.02,0.399,0.0,0,0,1,,1.0,2026-03-10T09:46:01.216590,neutral,0.992,2026-03-10T09:46:01.216590,0.5352429297617037,2026-03-10T09:46:02.145000,71,,,
participant_04,2,day,Town10HD_Opt,2026-03-10 09:46:01.281151,88.29884338378906,24.47665023803711,0.0016621779650449,32.049,-2.967,0.776,0.0,0,0,1,,0.808,2026-03-10T09:46:01.281151,fear,0.454,2026-03-10T09:46:01.281151,0.5716362660395403,2026-03-10T09:46:01.921000,65,,,
participant_03,4,day,Town10HD_Opt,2026-03-10 09:46:02.090405,62.37915802001953,26.7471866607666,0.0020057295914739,24.546,2.118,0.368,0.0,0,0,1,,0.805,2026-03-10T09:46:02.090405,neutral,0.992,2026-03-10T09:46:01.216590,0.489393168987085,2026-03-10T09:46:03.042000,71,,,
participant_04,2,day,Town10HD_Opt,2026-03-10 09:46:02.199594,94.33032989501952,23.32048988342285,0.0020476912613958,38.1,-12.476,0.574,0.0,0,0,1,,0.907,2026-03-10T09:46:02.199594,fear,0.454,2026-03-10T09:46:01.281151,0.5328556105584459,2026-03-10T09:46:02.910000,64,,,
participant_04,2,day,Town10HD_Opt,2026-03-10 09:46:03.137554,100.24140167236328,19.837995529174805,0.0018050002399832,40.961,-11.147,0.562,0.0,0,0,1,,0.879,2026-03-10T09:46:03.137554,fear,0.454,2026-03-10T09:46:01.281151,0.5619054032407919,2026-03-10T09:46:03.901000,64,,,
participant_03,4,day,Town10HD_Opt,2026-03-10 09:46:03.226265,67.84370422363281,25.84797096252441,0.0021765900310128,21.174,2.019,0.074,0.0,0,0,1,,0.865,2026-03-10T09:46:03.226265,neutral,0.831,2026-03-10T09:46:03.226265,0.4618315157895982,2026-03-10T09:46:04.125000,69,,,
participant_04,2,day,Town10HD_Opt,2026-03-10 09:46:04.003467,104.76850128173828,14.102824211120604,0.0032710647210478,43.154,-10.425,0.559,0.0,0,0,1,,0.845,2026-03-10T09:46:04.003467,neutral,0.73,2026-03-10T09:46:04.003467,0.5715742231532625,2026-03-10T09:46:04.890000,64,,,
participant_03,4,day,Town10HD_Opt,2026-03-10 09:46:04.091943,71.17967224121094,25.46476173400879,0.0019056319724768,17.564,1.984,0.068,0.0,0,0,1,,1.0,2026-03-10T09:46:04.091943,neutral,0.831,2026-03-10T09:46:03.226265,0.520330784245644,2026-03-10T09:46:04.125000,72,,,
participant_03,4,day,Town10HD_Opt,2026-03-10 09:46:05.219663,74.68693542480469,25.19791030883789,0.0020376204047352,12.4,1.958,0.0,0.065,0,0,1,,0.89,2026-03-10T09:46:05.219663,neutral,0.831,2026-03-10T09:46:03.226265,0.477154905681681,2026-03-10T09:46:06.015000,69,,,
participant_04,2,day,Town10HD_Opt,2026-03-10 09:46:05.254902,107.23779296875,4.179116249084473,0.0019944761879742,45.413,-5.586,0.529,0.0,0,0,1,,0.874,2026-03-10T09:46:05.254902,neutral,0.73,2026-03-10T09:46:04.003467,0.5575544059304224,2026-03-10T09:46:05.928000,63,,,
participant_03,4,day,Town10HD_Opt,2026-03-10 09:46:06.066448,76.55339050292969,25.11084747314453,0.0020167923066765,9.034,1.812,0.0,0.0,0,0,1,,0.921,2026-03-10T09:46:06.066448,neutral,0.798,2026-03-10T09:46:06.066448,0.4842771252622185,2026-03-10T09:46:06.015000,73,,,
participant_04,2,day,Town10HD_Opt,2026-03-10 09:46:06.161830,107.05648803710938,-3.893966197967529,0.002004203852266,46.792,0.681,0.51,0.0,0,0,1,,0.907,2026-03-10T09:46:06.161830,neutral,0.5,2026-03-10T09:46:06.161830,0.6443765494820125,2026-03-10T09:46:06.916000,64,,,
participant_04,2,day,Town10HD_Opt,2026-03-10 09:46:07.059335,107.02392578125,-12.055896759033203,0.0021075056865811,45.546,1.081,0.332,0.0,0,0,1,,0.894,2026-03-10T09:46:07.059335,neutral,0.5,2026-03-10T09:46:06.161830,0.6214966410333586,2026-03-10T09:46:07.906000,62,,,
participant_03,4,day,Town10HD_Opt,2026-03-10 09:46:07.209096,78.35443878173828,25.05602264404297,0.0019800949376076,6.361,1.528,0.0,0.0,0,0,1,,0.887,2026-03-10T09:46:07.209096,neutral,0.798,2026-03-10T09:46:06.066448,0.5265096127856426,2026-03-10T09:46:07.097000,75,,,
participant_03,4,day,Town10HD_Opt,2026-03-10 09:46:08.061991,79.34513854980469,25.03758430480957,0.0019658280070871,4.884,1.521,0.0,0.0,0,0,1,,0.907,2026-03-10T09:46:08.061991,neutral,0.798,2026-03-10T09:46:06.066448,0.4783793550300286,2026-03-10T09:46:08.354000,74,Vehicle-pedestrian collision,Vehicle-pedestrian collision,
participant_04,2,day,Town10HD_Opt,2026-03-10 09:46:08.209503,107.26588439941406,-22.168212890625,0.0021509933285415,40.772,-1.906,0.323,0.0,0,0,1,,0.882,2026-03-10T09:46:08.209503,neutral,0.818,2026-03-10T09:46:08.209503,0.5720895265488399,2026-03-10T09:46:08.895000,60,,,
participant_04,2,day,Town10HD_Opt,2026-03-10 09:46:09.159095,106.9410629272461,-29.09353256225586,0.0021342085674405,38.116,-3.426,0.324,0.0,0,0,1,,0.883,2026-03-10T09:46:09.159095,neutral,0.818,2026-03-10T09:46:08.209503,0.554040778472682,2026-03-10T09:46:09.886000,60,,,
participant_03,4,day,Town10HD_Opt,2026-03-10 09:46:09.240401,80.31788635253906,25.027814865112305,0.0019520187051966,3.433,1.511,0.0,0.0,0,0,1,,0.941,2026-03-10T09:46:09.240401,neutral,0.98,2026-03-10T09:46:09.240401,0.4855357763611299,2026-03-10T09:46:10.064000,74,,,
participant_04,2,day,Town10HD_Opt,2026-03-10 09:46:10.024869,105.91120910644533,-35.47372817993164,0.0021245193202048,35.797,-5.17,0.325,0.0,0,0,1,,0.929,2026-03-10T09:46:10.024869,neutral,0.818,2026-03-10T09:46:08.209503,0.5566363001929906,2026-03-10T09:46:10.921000,62,,,
participant_03,4,day,Town10HD_Opt,2026-03-10 09:46:10.079594,80.85263061523438,25.025924682617188,0.0019443130586296,2.636,1.499,0.0,0.0,0,0,1,,0.939,2026-03-10T09:46:10.079594,neutral,0.98,2026-03-10T09:46:09.240401,0.4609484388814209,2026-03-10T09:46:10.064000,72,,,
participant_04,2,day,Town10HD_Opt,2026-03-10 09:46:11.162669,103.23189544677734,-43.02293395996094,0.0021097182761877,33.022,-5.482,0.326,0.0,0,0,1,,0.934,2026-03-10T09:46:11.162669,neutral,0.757,2026-03-10T09:46:11.162669,0.5762656089712882,2026-03-10T09:46:11.910000,62,,,
participant_03,4,day,Town10HD_Opt,2026-03-10 09:46:11.224198,81.3740005493164,25.02642250061035,0.0019490432459861,1.647,1.485,0.048,0.0,0,0,1,,0.922,2026-03-10T09:46:11.224198,neutral,0.98,2026-03-10T09:46:09.240401,0.5061640166987322,2026-03-10T09:46:11.145000,70,,,
participant_04,2,day,Town10HD_Opt,2026-03-10 09:46:12.058038,100.46843719482422,-47.94252014160156,0.0020978164393454,31.419,-4.501,0.328,0.0,0,0,1,,0.86,2026-03-10T09:46:12.058038,neutral,0.757,2026-03-10T09:46:11.162669,0.5613127115224232,2026-03-10T09:46:12.900000,62,,,
participant_03,4,day,Town10HD_Opt,2026-03-10 09:46:12.142743,81.62269592285156,25.027421951293945,0.0019149398431181,1.412,1.481,0.0,0.0,0,0,1,,0.918,2026-03-10T09:46:12.142743,neutral,0.994,2026-03-10T09:46:12.142743,0.5089275358466617,2026-03-10T09:46:13.035000,70,,,
participant_03,4,day,Town10HD_Opt,2026-03-10 09:46:13.069140,81.84718322753906,25.02865028381348,0.001928825280629,1.11,1.358,0.0,0.0,0,0,1,,0.83,2026-03-10T09:46:13.069140,neutral,0.994,2026-03-10T09:46:12.142743,0.5349654246110805,2026-03-10T09:46:14.023000,73,,,
participant_04,2,day,Town10HD_Opt,2026-03-10 09:46:13.181912,96.05134582519533,-53.57670211791992,0.002019042847678,31.048,-4.818,0.531,0.0,0,0,1,,0.934,2026-03-10T09:46:13.181912,neutral,0.836,2026-03-10T09:46:13.181912,0.608294979423457,2026-03-10T09:46:13.891000,63,,,
participant_04,2,day,Town10HD_Opt,2026-03-10 09:46:14.093756,91.89002990722656,-57.44722366333008,0.0019290542695671,34.493,-4.886,0.494,0.0,0,0,1,,0.814,2026-03-10T09:46:14.093756,neutral,0.836,2026-03-10T09:46:13.181912,0.5818756908684887,2026-03-10T09:46:14.925000,65,,,
participant_03,4,day,Town10HD_Opt,2026-03-10 09:46:14.215809,82.06830596923828,25.030311584472656,0.0019265746232122,0.781,1.405,0.0,0.0,0,0,1,,1.0,2026-03-10T09:46:14.215809,neutral,0.898,2026-03-10T09:46:14.215809,0.4787692658591832,2026-03-10T09:46:15.061000,71,,,
participant_04,2,day,Town10HD_Opt,2026-03-10 09:46:15.015866,86.78764343261719,-61.00434494018555,0.001980056753382,36.663,-4.839,0.489,0.0,0,0,1,,0.854,2026-03-10T09:46:15.015866,neutral,0.836,2026-03-10T09:46:13.181912,0.5245648246748629,2026-03-10T09:46:15.915000,66,,,
participant_03,4,day,Town10HD_Opt,2026-03-10 09:46:15.079615,82.18994140625,25.03138542175293,0.0019248580792918,0.599,1.405,0.0,0.0,0,0,1,,1.0,2026-03-10T09:46:15.079615,neutral,0.898,2026-03-10T09:46:14.215809,0.4836217405558508,2026-03-10T09:46:15.061000,70,,,
participant_04,2,day,Town10HD_Opt,2026-03-10 09:46:16.196045,78.84988403320312,-64.6767578125,0.0020062637049704,38.462,-4.841,0.48,0.0,0,0,1,,0.877,2026-03-10T09:46:16.196045,neutral,0.745,2026-03-10T09:46:16.196045,0.5168500167460921,2026-03-10T09:46:16.906000,67,,,
participant_03,4,day,Town10HD_Opt,2026-03-10 09:46:16.250635,82.30940246582031,25.03249168395996,0.0019229887984693,0.422,1.405,0.0,0.0,0,0,1,,0.882,2026-03-10T09:46:16.250635,neutral,0.987,2026-03-10T09:46:16.250635,0.5386199153052771,2026-03-10T09:46:16.053000,68,,,
participant_04,2,day,Town10HD_Opt,2026-03-10 09:46:17.037306,72.25634765625,-66.36837005615234,0.0020128630567342,39.51,-4.66,0.48,0.0,0,0,1,,1.0,2026-03-10T09:46:17.037306,neutral,0.745,2026-03-10T09:46:16.196045,0.602346591434668,2026-03-10T09:46:16.906000,66,,,
participant_03,4,day,Town10HD_Opt,2026-03-10 09:46:17.126831,82.3750991821289,25.033178329467773,0.001922111492604,0.329,1.405,0.0,0.0,0,0,1,,0.869,2026-03-10T09:46:17.126831,neutral,0.987,2026-03-10T09:46:16.250635,0.5210229394739728,2026-03-10T09:46:17.220000,69,,,
participant_04,2,day,Town10HD_Opt,2026-03-10 09:46:18.183186,62.94578552246094,-67.21733856201172,0.002013282617554,40.767,-0.978,0.48,0.0,0,0,1,,0.819,2026-03-10T09:46:18.183186,neutral,0.745,2026-03-10T09:46:16.196045,0.520461140034234,2026-03-10T09:46:18.885000,66,,,
participant_03,4,day,Town10HD_Opt,2026-03-10 09:46:18.230057,82.43962097167969,25.033878326416016,0.0019211958860978,0.228,1.405,0.0,0.0,0,0,1,,0.858,2026-03-10T09:46:18.230057,neutral,0.987,2026-03-10T09:46:16.250635,0.4866856942917505,2026-03-10T09:46:19.113000,66,,,
participant_04,2,day,Town10HD_Opt,2026-03-10 09:46:19.051509,55.74872589111328,-67.44524383544922,0.002016334561631,41.588,-0.698,0.48,0.0,0,0,1,,1.0,2026-03-10T09:46:19.051509,neutral,0.488,2026-03-10T09:46:19.051509,0.5547702128615852,2026-03-10T09:46:19.920000,65,,,
participant_03,4,day,Town10HD_Opt,2026-03-10 09:46:19.072634,82.47509765625,25.03430938720703,0.001920623704791,0.175,1.405,0.0,0.0,0,0,1,,0.859,2026-03-10T09:46:19.072634,neutral,0.997,2026-03-10T09:46:19.072634,0.5751965820488383,2026-03-10T09:46:19.113000,68,,,
participant_04,2,day,Town10HD_Opt,2026-03-10 09:46:20.159185,45.94231414794922,-67.49436950683594,0.0020211411174386,42.508,-0.684,0.48,0.0,0,0,1,,1.0,2026-03-10T09:46:20.159185,neutral,0.488,2026-03-10T09:46:19.051509,0.5531296253539285,2026-03-10T09:46:20.910000,65,,,
participant_03,4,day,Town10HD_Opt,2026-03-10 09:46:20.198252,82.50994873046875,25.03468894958496,0.0019201659597456,0.123,1.405,0.0,0.0,0,0,1,,0.926,2026-03-10T09:46:20.198252,neutral,0.997,2026-03-10T09:46:19.072634,0.4589963966034482,2026-03-10T09:46:21.045000,70,,,
participant_04,2,day,Town10HD_Opt,2026-03-10 09:46:21.023121,38.458683013916016,-67.32050323486328,0.0020239639561623,43.086,-0.289,0.48,0.0,0,0,1,,1.0,2026-03-10T09:46:21.023121,neutral,0.488,2026-03-10T09:46:19.051509,0.5211748552547315,2026-03-10T09:46:20.910000,69,,,
participant_03,4,day,Town10HD_Opt,2026-03-10 09:46:21.042114,82.52912902832031,25.03494644165039,0.0019198989029973,0.095,1.405,0.0,0.0,0,0,1,,0.852,2026-03-10T09:46:21.042114,neutral,0.997,2026-03-10T09:46:19.072634,0.5583058094700084,2026-03-10T09:46:21.045000,68,,,
participant_03,4,day,Town10HD_Opt,2026-03-10 09:46:22.162202,82.54796600341797,25.03512954711914,0.0019195555942133,0.067,1.405,0.0,0.0,0,0,1,,0.946,2026-03-10T09:46:22.162202,neutral,0.991,2026-03-10T09:46:22.162202,0.4723259378995304,2026-03-10T09:46:23.070000,71,,,
participant_04,2,day,Town10HD_Opt,2026-03-10 09:46:22.170292,28.367172241210938,-66.99794006347656,0.0020823669619858,42.43,0.148,0.0,0.0,0,0,1,,1.0,2026-03-10T09:46:22.170292,disgust,0.816,2026-03-10T09:46:22.170292,0.5901229414651104,2026-03-10T09:46:22.890000,64,,,
participant_04,2,day,Town10HD_Opt,2026-03-10 09:46:23.082184,21.63541412353516,-66.8456802368164,0.0023292540572583,33.525,0.484,0.0,0.0,0,0,1,,1.0,2026-03-10T09:46:23.082184,disgust,0.816,2026-03-10T09:46:22.170292,0.5767620023114797,2026-03-10T09:46:23.880000,63,,,
participant_03,4,day,Town10HD_Opt,2026-03-10 09:46:23.151994,82.55831909179688,25.035274505615234,0.0019194793421775,0.051,1.424,0.0,0.0,0,0,1,,0.869,2026-03-10T09:46:23.151994,neutral,0.991,2026-03-10T09:46:22.162202,0.5963659599988793,2026-03-10T09:46:24.060000,70,,,
participant_03,4,day,Town10HD_Opt,2026-03-10 09:46:24.122107,82.56626892089844,25.03542900085449,0.0019193267216905,0.039,1.499,0.0,0.0,0,0,1,,0.875,2026-03-10T09:46:24.122107,neutral,0.991,2026-03-10T09:46:22.162202,0.4521504302632333,2026-03-10T09:46:25.006000,71,,,
participant_04,2,day,Town10HD_Opt,2026-03-10 09:46:24.247993,14.798044204711914,-66.83330535888672,0.002171134809032,26.12,0.562,0.22,0.0,0,0,1,,1.0,2026-03-10T09:46:24.247993,neutral,0.696,2026-03-10T09:46:24.247993,0.5602019853577506,2026-03-10T09:46:24.916000,62,,,
participant_03,4,day,Town10HD_Opt,2026-03-10 09:46:25.011292,82.57238006591797,25.03558349609375,0.001919288537465,0.03,2.111,0.0,0.0,0,0,1,,1.0,2026-03-10T09:46:25.011292,neutral,0.995,2026-03-10T09:46:25.011292,0.5600244454143682,2026-03-10T09:46:25.006000,69,,,
participant_04,2,day,Town10HD_Opt,2026-03-10 09:46:25.132024,10.450592041015623,-66.90597534179688,0.0021330642048269,23.361,0.27,0.218,0.0,0,0,1,,0.806,2026-03-10T09:46:25.132024,neutral,0.696,2026-03-10T09:46:24.247993,0.6731220947512071,2026-03-10T09:46:25.905000,65,,,
participant_03,4,day,Town10HD_Opt,2026-03-10 09:46:26.172264,82.61416625976562,25.036516189575195,0.001860580407083,1.17,3.339,0.305,0.0,0,0,1,,0.906,2026-03-10T09:46:26.172264,neutral,0.995,2026-03-10T09:46:25.011292,0.5016690449390085,2026-03-10T09:46:26.043000,68,Vehicle-pedestrian collision,Vehicle-pedestrian collision,
participant_04,2,day,Town10HD_Opt,2026-03-10 09:46:26.240686,5.35352897644043,-67.02861022949219,0.0021182631608098,20.2,0.31,0.218,0.0,0,0,1,,0.821,2026-03-10T09:46:26.240686,neutral,0.696,2026-03-10T09:46:24.247993,0.4964773101346841,2026-03-10T09:46:26.895000,64,,,
participant_03,4,day,Town10HD_Opt,2026-03-10 09:46:27.054220,83.2729263305664,25.05613136291504,0.0016604994889348,8.022,2.916,0.579,0.0,0,0,1,,0.921,2026-03-10T09:46:27.054220,neutral,0.997,2026-03-10T09:46:27.054220,0.4682703165459085,2026-03-10T09:46:28.021000,67,,,
participant_04,2,day,Town10HD_Opt,2026-03-10 09:46:27.107710,1.985431432723999,-67.13326263427734,0.002109489403665,18.152,0.31,0.219,0.0,0,0,1,,1.0,2026-03-10T09:46:27.107710,neutral,0.826,2026-03-10T09:46:27.107710,0.5631800255445588,2026-03-10T09:46:27.885000,62,,,
participant_04,2,day,Town10HD_Opt,2026-03-10 09:46:28.191735,-2.220100164413452,-67.29378509521484,0.001856651273556,17.833,0.31,0.219,0.0,0,0,1,,0.889,2026-03-10T09:46:28.191735,neutral,0.826,2026-03-10T09:46:27.107710,0.5796447029965488,2026-03-10T09:46:28.920000,62,,,
participant_03,4,day,Town10HD_Opt,2026-03-10 09:46:28.249697,86.22283172607422,25.22156143188477,0.0016992187593132,17.54,2.901,0.552,0.0,0,0,1,,0.904,2026-03-10T09:46:28.249697,neutral,0.997,2026-03-10T09:46:27.054220,0.4883502855981687,2026-03-10T09:46:29.010000,66,,,
participant_04,2,day,Town10HD_Opt,2026-03-10 09:46:29.079434,-5.291754245758057,-67.43140411376953,0.0019356155535206,17.27,0.287,0.219,0.0,0,0,1,,1.0,2026-03-10T09:46:29.079434,neutral,0.826,2026-03-10T09:46:27.107710,0.5453795252751422,2026-03-10T09:46:29.910000,62,,,
participant_03,4,day,Town10HD_Opt,2026-03-10 09:46:29.127039,89.50675201416016,25.498031616210938,0.0019507217220962,20.48,-3.233,0.499,0.0,0,0,1,,0.939,2026-03-10T09:46:29.127039,neutral,0.996,2026-03-10T09:46:29.127039,0.5062104329057707,2026-03-10T09:46:29.010000,66,,,
participant_03,4,day,Town10HD_Opt,2026-03-10 09:46:30.010474,93.36847686767578,25.46356201171875,0.001934242201969,24.062,-11.595,0.499,0.0,0,0,1,,0.966,2026-03-10T09:46:30.010474,neutral,0.996,2026-03-10T09:46:29.127039,0.4447583992462234,2026-03-10T09:46:30.186000,67,,,
participant_04,2,day,Town10HD_Opt,2026-03-10 09:46:30.198610,-9.249777793884276,-67.6281509399414,0.0019324492895975,16.683,-0.36,0.217,0.0,0,0,1,,1.0,2026-03-10T09:46:30.198610,disgust,0.778,2026-03-10T09:46:30.198610,0.6850309239673832,2026-03-10T09:46:30.901000,62,,,
participant_04,2,day,Town10HD_Opt,2026-03-10 09:46:31.115356,-12.065512657165527,-67.73383331298828,0.0020073698833584,14.606,-0.632,0.0,0.0,0,0,1,,1.0,2026-03-10T09:46:31.115356,disgust,0.778,2026-03-10T09:46:30.198610,0.6796088923692876,2026-03-10T09:46:31.892000,65,,,
participant_03,4,day,Town10HD_Opt,2026-03-10 09:46:31.169751,98.98686981201172,23.465728759765625,0.0019837187137454,27.923,-17.588,0.499,0.0,0,0,1,,0.83,2026-03-10T09:46:31.169751,neutral,0.992,2026-03-10T09:46:31.169751,0.4483029103327153,2026-03-10T09:46:32.025000,68,,,
participant_03,4,day,Town10HD_Opt,2026-03-10 09:46:32.053842,102.54901123046876,19.88290977478028,0.0019877625163644,30.37,-13.392,0.331,0.0,0,0,1,,0.91,2026-03-10T09:46:32.053842,neutral,0.992,2026-03-10T09:46:31.169751,0.5069186139439736,2026-03-10T09:46:33.015000,66,,,
participant_04,2,day,Town10HD_Opt,2026-03-10 09:46:32.194141,-14.975505828857422,-67.82669067382812,0.0020170211791992,10.28,-0.169,0.0,0.0,0,0,1,,0.913,2026-03-10T09:46:32.194141,disgust,0.778,2026-03-10T09:46:30.198610,0.5533362364387239,2026-03-10T09:46:32.881000,65,,,
participant_04,2,day,Town10HD_Opt,2026-03-10 09:46:33.063228,-16.57384490966797,-67.87489318847656,0.0019887923263013,7.945,-0.186,0.0,0.0,0,0,1,,1.0,2026-03-10T09:46:33.063228,neutral,0.887,2026-03-10T09:46:33.063228,0.6234640743004948,2026-03-10T09:46:33.916000,63,,,
participant_03,4,day,Town10HD_Opt,2026-03-10 09:46:33.238176,105.146484375,13.917386054992676,0.0022299194242805,24.473,-9.571,0.328,0.0,0,0,1,,0.971,2026-03-10T09:46:33.238176,neutral,0.998,2026-03-10T09:46:33.238176,0.4126407011934742,2026-03-10T09:46:34.005000,69,,,
participant_04,2,day,Town10HD_Opt,2026-03-10 09:46:34.124993,-18.15187263488769,-67.91958618164062,0.0019697952084243,5.505,-0.209,0.0,0.0,0,0,1,,1.0,2026-03-10T09:46:34.124993,neutral,0.887,2026-03-10T09:46:33.063228,0.5835762825834828,2026-03-10T09:46:34.908000,64,,,
participant_03,4,day,Town10HD_Opt,2026-03-10 09:46:34.184418,105.86516571044922,9.8390474319458,0.0020856857299804,23.12,-4.915,0.305,0.0,0,0,1,,1.0,2026-03-10T09:46:34.184418,neutral,0.998,2026-03-10T09:46:33.238176,0.4575652556117748,2026-03-10T09:46:34.005000,70,,,
participant_03,4,day,Town10HD_Opt,2026-03-10 09:46:35.029859,106.18614196777344,5.870345115661621,0.0020666504278779,22.423,-2.819,0.309,0.0,0,0,1,,0.84,2026-03-10T09:46:35.029859,neutral,0.998,2026-03-10T09:46:33.238176,0.6025618975058359,2026-03-10T09:46:35.220000,70,,,
participant_04,2,day,Town10HD_Opt,2026-03-10 09:46:35.224998,-19.241661071777344,-67.94865417480469,0.001974792452529,3.54,-0.209,0.044,0.0,0,0,1,,0.83,2026-03-10T09:46:35.224998,neutral,0.841,2026-03-10T09:46:35.224998,0.6139592117305182,2026-03-10T09:46:35.897000,63,,,
participant_04,2,day,Town10HD_Opt,2026-03-10 09:46:36.087455,-19.7937126159668,-67.96278381347656,0.0019468306563794,2.691,-0.211,0.039,0.0,0,0,1,,0.826,2026-03-10T09:46:36.087455,neutral,0.841,2026-03-10T09:46:35.224998,0.5284264275313778,2026-03-10T09:46:36.886000,63,,,
participant_03,4,day,Town10HD_Opt,2026-03-10 09:46:36.136042,106.30787658691406,0.73024582862854,0.0020603942684829,21.683,-0.411,0.31,0.0,0,0,1,,0.817,2026-03-10T09:46:36.136042,neutral,0.962,2026-03-10T09:46:36.136042,0.442213900755887,2026-03-10T09:46:36.166000,70,,,
participant_03,4,day,Town10HD_Opt,2026-03-10 09:46:37.060144,106.36124420166016,-3.02115535736084,0.0020575332455337,21.227,0.611,0.311,0.0,0,0,1,,0.844,2026-03-10T09:46:37.060144,neutral,0.962,2026-03-10T09:46:36.136042,0.5268465310098484,2026-03-10T09:46:38.010000,71,,,
participant_04,2,day,Town10HD_Opt,2026-03-10 09:46:37.189465,-20.3541202545166,-67.97667694091797,0.0019191360333934,2.372,-0.211,0.08,0.0,0,0,1,,1.0,2026-03-10T09:46:37.189465,neutral,0.841,2026-03-10T09:46:35.224998,0.5319789569303677,2026-03-10T09:46:37.920000,62,,,
participant_04,2,day,Town10HD_Opt,2026-03-10 09:46:38.025653,-20.755523681640625,-67.9863052368164,0.0019197082147002,2.388,-0.211,0.079,0.0,0,0,1,,1.0,2026-03-10T09:46:38.025653,neutral,0.772,2026-03-10T09:46:38.025653,0.5708164569041271,2026-03-10T09:46:37.920000,63,,,
participant_03,4,day,Town10HD_Opt,2026-03-10 09:46:38.155467,106.49718475341795,-7.908874988555908,0.0020546722225844,20.728,0.877,0.312,0.0,0,0,1,,0.878,2026-03-10T09:46:38.155467,neutral,0.982,2026-03-10T09:46:38.155467,0.4574963885909057,2026-03-10T09:46:38.010000,71,,,
participant_04,2,day,Town10HD_Opt,2026-03-10 09:46:39.144369,-21.278705596923828,-67.99905395507812,0.0019181059906259,2.359,-0.303,0.079,0.0,0,0,1,,1.0,2026-03-10T09:46:39.144369,neutral,0.772,2026-03-10T09:46:38.025653,0.5436984133447886,2026-03-10T09:46:39.946000,64,,,
participant_03,4,day,Town10HD_Opt,2026-03-10 09:46:39.234808,106.73697662353516,-12.685590744018556,0.0020528030581772,20.297,0.954,0.312,0.0,0,0,1,,0.944,2026-03-10T09:46:39.234808,neutral,0.982,2026-03-10T09:46:38.155467,0.501296225131344,2026-03-10T09:46:40.035000,70,,,
participant_03,4,day,Town10HD_Opt,2026-03-10 09:46:40.088901,106.987548828125,-16.203828811645508,0.0020518111996352,20.041,0.945,0.312,0.0,0,0,1,,0.901,2026-03-10T09:46:40.088901,neutral,0.982,2026-03-10T09:46:38.155467,0.5071086469633069,2026-03-10T09:46:40.035000,67,,,
participant_04,2,day,Town10HD_Opt,2026-03-10 09:46:40.215721,-22.338281631469727,-68.02104949951172,0.0014955520164221,13.303,-1.126,1.0,0.0,0,0,1,,1.0,2026-03-10T09:46:40.215721,neutral,0.3,2026-03-10T09:46:40.215721,0.4957800071916308,2026-03-10T09:46:40.891000,66,,,
participant_04,2,day,Town10HD_Opt,2026-03-10 09:46:41.095394,-25.638383865356445,-68.06746673583984,0.0016347122145816,26.5,-0.407,0.98,0.0,0,0,1,,1.0,2026-03-10T09:46:41.095394,neutral,0.3,2026-03-10T09:46:40.215721,0.441011598735664,2026-03-10T09:46:41.926000,64,,,
participant_03,4,day,Town10HD_Opt,2026-03-10 09:46:41.165898,107.40987396240234,-20.81748962402344,0.0020505141001194,19.721,0.931,0.312,0.0,0,0,1,,0.862,2026-03-10T09:46:41.165898,neutral,0.954,2026-03-10T09:46:41.165898,0.5260926887467762,2026-03-10T09:46:41.121000,67,,,
participant_04,2,day,Town10HD_Opt,2026-03-10 09:46:42.162367,-33.98416519165039,-68.10005950927734,0.0016149901784956,45.254,-0.244,0.911,0.0,0,0,1,,1.0,2026-03-10T09:46:42.162367,neutral,0.3,2026-03-10T09:46:40.215721,0.4391803394759808,2026-03-10T09:46:42.917000,63,Vehicle-pedestrian collision,Vehicle-pedestrian collision,
participant_03,4,day,Town10HD_Opt,2026-03-10 09:46:42.233035,107.89735412597656,-25.354591369628903,0.0020497131627053,19.444,-1.415,0.312,0.0,0,0,1,,0.865,2026-03-10T09:46:42.233035,neutral,0.954,2026-03-10T09:46:41.165898,0.4729242662669472,2026-03-10T09:46:43.006000,73,,,
participant_03,4,day,Town10HD_Opt,2026-03-10 09:46:43.069449,108.10860443115234,-28.7272891998291,0.0020503615960478,19.245,-4.091,0.313,0.0,0,0,1,,0.91,2026-03-10T09:46:43.069449,neutral,0.954,2026-03-10T09:46:41.165898,0.5604898048896524,2026-03-10T09:46:43.006000,69,,,
participant_04,2,day,Town10HD_Opt,2026-03-10 09:46:43.252544,-45.44465637207031,-67.98456573486328,0.0027944182511419,48.173,-0.266,0.867,0.0,0,0,1,,1.0,2026-03-10T09:46:43.252544,neutral,0.712,2026-03-10T09:46:43.252544,0.3857472389646594,2026-03-10T09:46:43.906000,63,,,
participant_04,2,day,Town10HD_Opt,2026-03-10 09:46:44.124134,-54.19749069213867,-67.7772445678711,0.0021073913667351,48.688,-0.266,0.85,0.0,0,0,1,,1.0,2026-03-10T09:46:44.124134,neutral,0.712,2026-03-10T09:46:43.252544,0.4852053226564904,2026-03-10T09:46:44.896000,64,,,
participant_03,4,day,Town10HD_Opt,2026-03-10 09:46:44.157191,108.00432586669922,-33.184600830078125,0.0020488356240093,19.045,-4.851,0.313,0.0,0,0,1,,0.945,2026-03-10T09:46:44.157191,neutral,0.985,2026-03-10T09:46:44.157191,0.457360956756051,2026-03-10T09:46:44.265000,73,,,
participant_04,2,day,Town10HD_Opt,2026-03-10 09:46:44.987754,-62.92961120605469,-67.46438598632812,0.002148971427232,49.292,-1.619,0.835,0.0,0,0,1,,1.0,2026-03-10T09:46:44.987754,neutral,0.712,2026-03-10T09:46:43.252544,0.4532011738669043,2026-03-10T09:46:45.885000,65,,,
participant_03,4,day,Town10HD_Opt,2026-03-10 09:46:45.031541,107.5957489013672,-36.47444152832031,0.0020496367942541,18.92,-5.971,0.313,0.0,0,0,1,,0.949,2026-03-10T09:46:45.031541,neutral,0.985,2026-03-10T09:46:44.157191,0.4903032358834406,2026-03-10T09:46:45.221000,72,,,
participant_03,4,day,Town10HD_Opt,2026-03-10 09:46:46.121911,106.51716613769533,-40.72343826293945,0.002049942035228,18.767,-6.535,0.314,0.0,0,0,1,,0.953,2026-03-10T09:46:46.121911,neutral,0.985,2026-03-10T09:46:44.157191,0.4907454966281625,2026-03-10T09:46:47.021000,70,,,
participant_04,2,day,Town10HD_Opt,2026-03-10 09:46:46.145278,-74.53531646728516,-66.25674438476562,0.001944770803675,51.313,-3.516,0.0,0.105,0,0,1,,1.0,2026-03-10T09:46:46.145278,neutral,0.83,2026-03-10T09:46:46.145278,0.4562851664239664,2026-03-10T09:46:46.920000,65,Stop sign violation,stop_sign_id=1120,
participant_03,4,day,Town10HD_Opt,2026-03-10 09:46:47.003158,105.30205535888672,-43.775760650634766,0.0020174789242446,19.311,-6.478,0.432,0.0,0,0,1,,0.944,2026-03-10T09:46:47.003158,neutral,0.97,2026-03-10T09:46:47.003158,0.4360556945414816,2026-03-10T09:46:47.021000,72,,,
participant_04,2,day,Town10HD_Opt,2026-03-10 09:46:47.044475,-82.96094512939453,-63.94218444824219,0.001926879864186,51.613,-5.78,0.0,0.122,0,0,1,,1.0,2026-03-10T09:46:47.044475,neutral,0.83,2026-03-10T09:46:46.145278,0.4427079685190643,2026-03-10T09:46:47.911000,65,,,
participant_03,4,day,Town10HD_Opt,2026-03-10 09:46:48.097108,102.86799621582033,-48.08879470825195,0.0018215179443359,25.771,-5.971,0.875,0.0,0,0,1,,0.931,2026-03-10T09:46:48.097108,neutral,0.97,2026-03-10T09:46:47.003158,0.4694995291402934,2026-03-10T09:46:49.036000,68,,,
participant_04,2,day,Town10HD_Opt,2026-03-10 09:46:48.152923,-93.09765625,-58.106292724609375,0.0019272613571956,51.098,-4.365,0.0,0.11,0,0,1,,1.0,2026-03-10T09:46:48.152923,disgust,0.389,2026-03-10T09:46:48.152923,0.3949806267449267,2026-03-10T09:46:48.901000,67,,,
participant_03,4,day,Town10HD_Opt,2026-03-10 09:46:49.189535,97.76221466064452,-54.36912536621094,0.0015545653877779,45.426,-4.266,1.0,0.0,0,0,1,,0.907,2026-03-10T09:46:49.189535,neutral,0.993,2026-03-10T09:46:49.189535,0.4873949593089945,2026-03-10T09:46:50.025000,69,,,
participant_04,2,day,Town10HD_Opt,2026-03-10 09:46:49.220421,-101.35604095458984,-49.91871643066406,0.0021142195910215,49.494,-4.785,0.82,0.0,0,0,1,,1.0,2026-03-10T09:46:49.220421,disgust,0.389,2026-03-10T09:46:48.152923,0.4482193009540142,2026-03-10T09:46:49.891000,66,,,
participant_03,4,day,Town10HD_Opt,2026-03-10 09:46:50.035944,91.19364166259766,-60.15657043457031,0.0021006392780691,49.276,-5.229,1.0,0.0,0,0,1,,0.901,2026-03-10T09:46:50.035944,neutral,0.993,2026-03-10T09:46:49.189535,0.4636495776142814,2026-03-10T09:46:50.025000,66,,,
participant_04,2,day,Town10HD_Opt,2026-03-10 09:46:50.073556,-106.00668334960938,-42.580326080322266,0.00202003470622,49.858,-4.804,0.184,0.0,0,0,1,,1.0,2026-03-10T09:46:50.073556,disgust,0.389,2026-03-10T09:46:48.152923,0.4559246583629411,2026-03-10T09:46:50.881000,68,,,
participant_03,4,day,Town10HD_Opt,2026-03-10 09:46:51.179086,80.84230041503906,-65.18111419677734,0.0021731567103415,48.754,-5.276,0.948,0.0,0,0,1,,0.94,2026-03-10T09:46:51.179086,neutral,0.993,2026-03-10T09:46:49.189535,0.5785713779577196,2026-03-10T09:46:52.006000,69,,,
participant_04,2,day,Town10HD_Opt,2026-03-10 09:46:51.187016,-109.42648315429688,-33.06348419189453,0.0023785019293427,35.518,-4.825,0.0,0.0,0,0,1,,0.846,2026-03-10T09:46:51.187016,sad,0.417,2026-03-10T09:46:51.187016,0.3999876152443972,2026-03-10T09:46:51.915000,69,,,
participant_03,4,day,Town10HD_Opt,2026-03-10 09:46:52.063755,72.21703338623047,-66.74297332763672,0.002147369319573,49.338,-1.608,0.944,0.0,0,0,1,,0.939,2026-03-10T09:46:52.063755,neutral,0.984,2026-03-10T09:46:52.063755,0.447389472395477,2026-03-10T09:46:52.006000,68,,,
participant_04,2,day,Town10HD_Opt,2026-03-10 09:46:52.075024,-110.25020599365234,-27.5059757232666,0.0023054503835737,27.829,-3.747,0.067,0.0,0,0,1,,1.0,2026-03-10T09:46:52.075024,sad,0.417,2026-03-10T09:46:51.187016,0.43558067913292,2026-03-10T09:46:52.905000,69,,,
participant_03,4,day,Town10HD_Opt,2026-03-10 09:46:53.003544,63.49160003662109,-67.58177947998047,0.00217468268238,48.739,-2.148,0.945,0.0,0,0,1,,0.942,2026-03-10T09:46:53.003544,neutral,0.984,2026-03-10T09:46:52.063755,0.5281113980650753,2026-03-10T09:46:53.130000,67,,,
participant_04,2,day,Town10HD_Opt,2026-03-10 09:46:53.249609,-110.44356536865234,-21.716476440429688,0.0019973753951489,25.117,-0.884,0.904,0.0,0,0,1,,1.0,2026-03-10T09:46:53.249609,neutral,0.851,2026-03-10T09:46:53.249609,0.4117806688549536,2026-03-10T09:46:53.896000,67,,,
participant_04,2,day,Town10HD_Opt,2026-03-10 09:46:54.209472,-110.44886779785156,-16.275657653808594,0.001602325355634,39.292,-0.153,0.909,0.0,0,0,1,,1.0,2026-03-10T09:46:54.209472,neutral,0.851,2026-03-10T09:46:53.249609,0.4340929408764948,2026-03-10T09:46:54.886000,66,,,
participant_03,4,day,Town10HD_Opt,2026-03-10 09:46:54.227999,51.84069061279297,-67.71527099609375,0.0019427490187808,51.365,-0.059,0.0,0.0,0,0,1,,0.896,2026-03-10T09:46:54.227999,neutral,0.964,2026-03-10T09:46:54.227999,0.5151928118654097,2026-03-10T09:46:55.021000,69,,,
participant_04,2,day,Town10HD_Opt,2026-03-10 09:46:55.141051,-110.42290496826172,-8.558015823364258,0.0016574477776885,50.436,0.0,0.846,0.0,0,0,1,,1.0,2026-03-10T09:46:55.141051,neutral,0.851,2026-03-10T09:46:53.249609,0.4012986446078295,2026-03-10T09:46:55.965000,65,,,
participant_03,4,day,Town10HD_Opt,2026-03-10 09:46:55.160627,43.06296920776367,-67.55892944335938,0.0019892118871212,50.333,1.121,0.948,0.0,0,0,1,,0.875,2026-03-10T09:46:55.160627,neutral,0.964,2026-03-10T09:46:54.227999,0.4833799339592874,2026-03-10T09:46:56.011000,69,,,
participant_03,4,day,Town10HD_Opt,2026-03-10 09:46:56.069570,34.265830993652344,-67.68601989746094,0.0020378492772579,50.407,0.157,0.943,0.0,0,0,1,,0.832,2026-03-10T09:46:56.069570,neutral,0.964,2026-03-10T09:46:54.227999,0.4493260571853684,2026-03-10T09:46:56.011000,68,,,
participant_04,2,day,Town10HD_Opt,2026-03-10 09:46:56.076225,-110.38150787353516,0.129364475607872,0.0022981644142419,45.017,0.068,0.0,0.0,0,0,1,,1.0,2026-03-10T09:46:56.076225,disgust,0.803,2026-03-10T09:46:56.076225,0.4359867107916473,2026-03-10T09:46:56.911000,68,Stop sign violation,stop_sign_id=1062,
participant_04,2,day,Town10HD_Opt,2026-03-10 09:46:57.028754,-110.18648529052734,7.164276599884033,0.0023678205907344,34.726,-7.979,0.0,0.0,0,0,1,,1.0,2026-03-10T09:46:57.028754,disgust,0.803,2026-03-10T09:46:56.076225,0.5108100525989536,2026-03-10T09:46:57.900000,68,,,
participant_03,4,day,Town10HD_Opt,2026-03-10 09:46:57.209918,23.042123794555664,-67.8914566040039,0.0023842619266361,41.011,-0.207,0.0,0.0,0,0,1,,0.927,2026-03-10T09:46:57.209918,neutral,0.992,2026-03-10T09:46:57.209918,0.4952042065237875,2026-03-10T09:46:58.036000,69,,,
participant_03,4,day,Town10HD_Opt,2026-03-10 09:46:58.107082,16.635047912597656,-67.91863250732422,0.0023324585054069,31.734,0.096,0.0,0.0,0,0,1,,0.94,2026-03-10T09:46:58.107082,neutral,0.992,2026-03-10T09:46:57.209918,0.5052157273707979,2026-03-10T09:46:58.036000,68,,,
participant_04,2,day,Town10HD_Opt,2026-03-10 09:46:58.214613,-108.52227020263672,13.84768772125244,0.0023350142873823,24.215,-6.469,0.0,0.0,0,0,1,,0.82,2026-03-10T09:46:58.214613,neutral,0.834,2026-03-10T09:46:58.214613,0.4186380758897573,2026-03-10T09:46:58.891000,69,,,
participant_04,2,day,Town10HD_Opt,2026-03-10 09:46:59.228427,-106.89096069335938,17.23970603942871,0.002207298297435,18.926,-10.35,0.174,0.0,0,0,1,,0.855,2026-03-10T09:46:59.228427,neutral,0.834,2026-03-10T09:46:58.214613,0.4044779037224492,2026-03-10T09:46:59.926000,68,,,
participant_03,4,day,Town10HD_Opt,2026-03-10 09:46:59.230871,10.321465492248535,-67.96007537841797,0.0022658538073301,22.089,0.045,0.0,0.0,0,0,1,,0.857,2026-03-10T09:46:59.230871,neutral,0.986,2026-03-10T09:46:59.230871,0.4955047680616077,,68,,,
participant_03,4,day,Town10HD_Opt,2026-03-10 09:47:00.095856,6.9065117835998535,-67.98713684082031,0.0019255065126344,17.724,0.068,0.485,0.0,0,0,1,,0.832,2026-03-10T09:47:00.095856,neutral,0.986,2026-03-10T09:46:59.230871,0.5267958023074866,,70,,,
participant_04,2,day,Town10HD_Opt,2026-03-10 09:47:00.189124,-105.00686645507812,19.79562187194824,0.0018829344771802,17.639,-10.49,0.158,0.0,0,0,1,,0.806,2026-03-10T09:47:00.189124,neutral,0.834,2026-03-10T09:46:58.214613,0.4009899152489676,2026-03-10T09:47:00.916000,66,,,
participant_04,2,day,Town10HD_Opt,2026-03-10 09:47:01.144698,-102.90584564208984,21.818681716918945,0.002007408067584,15.239,-10.451,0.0,0.0,0,0,1,,0.836,2026-03-10T09:47:01.144698,neutral,0.769,2026-03-10T09:47:01.144698,0.4101059991612584,2026-03-10T09:47:01.907000,66,,,
participant_03,4,day,Town10HD_Opt,2026-03-10 09:47:01.207839,2.4185376167297363,-68.02913665771484,0.0018556975992396,22.911,0.162,0.75,0.0,0,0,1,,0.888,2026-03-10T09:47:01.207839,neutral,0.986,2026-03-10T09:46:59.230871,0.5396353587249125,2026-03-10T09:47:02.041000,71,,,
participant_03,4,day,Town10HD_Opt,2026-03-10 09:47:02.033101,-2.4753096103668213,-68.09300994873047,0.001560668926686,35.917,0.181,1.0,0.0,0,0,1,,0.89,2026-03-10T09:47:02.033101,neutral,0.963,2026-03-10T09:47:02.033101,0.6527694194665669,2026-03-10T09:47:02.041000,71,,,
participant_04,2,day,Town10HD_Opt,2026-03-10 09:47:02.104470,-100.97574615478516,23.197900772094727,0.0020336913876235,11.725,-10.442,0.0,0.0,0,0,1,,1.0,2026-03-10T09:47:02.104470,neutral,0.769,2026-03-10T09:47:01.144698,0.4824074692550016,2026-03-10T09:47:02.896000,66,,,
participant_04,2,day,Town10HD_Opt,2026-03-10 09:47:03.072019,-99.4513931274414,24.03972625732422,0.002060470636934,7.634,-10.442,0.0,0.232,0,0,1,,1.0,2026-03-10T09:47:03.072019,neutral,0.769,2026-03-10T09:47:01.144698,0.4609425764943752,2026-03-10T09:47:03.886000,66,,,
participant_03,4,day,Town10HD_Opt,2026-03-10 09:47:03.139042,-12.967782974243164,-68.28583526611328,0.0017094803042709,52.016,-0.644,0.0,0.237,0,0,1,,0.884,2026-03-10T09:47:03.139042,neutral,0.963,2026-03-10T09:47:02.033101,0.656672915034987,2026-03-10T09:47:04.065000,74,,,
participant_04,2,day,Town10HD_Opt,2026-03-10 09:47:04.032843,-98.81804656982422,24.33336639404297,0.0021656798198819,0.001,-10.442,0.0,0.21,0,0,1,,0.836,2026-03-10T09:47:04.032843,neutral,0.812,2026-03-10T09:47:04.032843,0.3949778150725639,2026-03-10T09:47:04.920000,68,,,
participant_03,4,day,Town10HD_Opt,2026-03-10 09:47:04.252853,-23.71253776550293,-68.07282257080078,0.0023405456449836,39.493,0.134,0.192,0.0,0,0,1,,0.931,2026-03-10T09:47:04.252853,neutral,0.995,2026-03-10T09:47:04.252853,0.6763733832940767,2026-03-10T09:47:05.055000,74,,,
participant_04,2,day,Town10HD_Opt,2026-03-10 09:47:05.050151,-98.81776428222656,24.33345603942871,0.0019286727765575,0.001,-10.442,0.0,0.0,0,0,1,,1.0,2026-03-10T09:47:05.050151,neutral,0.812,2026-03-10T09:47:04.032843,0.3710018387785381,2026-03-10T09:47:05.911000,71,,,
participant_03,4,day,Town10HD_Opt,2026-03-10 09:47:05.118139,-30.191802978515625,-67.7920913696289,0.0021538925357162,35.403,3.377,0.492,0.0,0,0,1,,0.836,2026-03-10T09:47:05.118139,neutral,0.995,2026-03-10T09:47:04.252853,0.6684876974011362,2026-03-10T09:47:05.055000,72,,,
participant_04,2,day,Town10HD_Opt,2026-03-10 09:47:06.028368,-98.81704711914062,24.333784103393555,0.0019144057296216,0.476,-10.461,0.823,0.0,0,0,1,,1.0,2026-03-10T09:47:06.028368,neutral,0.812,2026-03-10T09:47:04.032843,0.3242754072216089,2026-03-10T09:47:06.901000,71,,,
participant_03,4,day,Town10HD_Opt,2026-03-10 09:47:06.279349,-38.7661247253418,-68.21566009521484,0.0019276046659797,39.223,-0.002,0.589,0.0,0,0,1,,0.846,2026-03-10T09:47:06.279349,neutral,0.987,2026-03-10T09:47:06.279349,0.6516131242728248,2026-03-10T09:47:05.055000,75,,,
participant_04,2,day,Town10HD_Opt,2026-03-10 09:47:07.001089,-97.72682189941406,24.76144218444824,0.0014048767043277,15.464,-11.243,1.0,0.0,0,0,1,,1.0,2026-03-10T09:47:07.001089,neutral,0.853,2026-03-10T09:47:07.001089,0.3572619253968209,2026-03-10T09:47:07.891000,67,,,
participant_03,4,day,Town10HD_Opt,2026-03-10 09:47:07.145446,-45.90364456176758,-68.66493225097656,0.0019417953444644,42.542,-0.562,0.556,0.0,0,0,1,,0.847,2026-03-10T09:47:07.145446,neutral,0.987,2026-03-10T09:47:06.279349,0.7163616326246238,2026-03-10T09:47:07.263000,72,,,
participant_03,4,day,Town10HD_Opt,2026-03-10 09:47:08.006441,-53.54489517211914,-68.99908447265625,0.0019547652918845,45.008,-0.818,0.578,0.0,0,0,1,,0.83,2026-03-10T09:47:08.006441,neutral,0.987,2026-03-10T09:47:06.279349,0.6505039131101887,2026-03-10T09:47:08.610000,70,,,
participant_04,2,day,Town10HD_Opt,2026-03-10 09:47:08.276555,-92.6659164428711,26.166566848754883,0.0018288802821189,27.838,-2.607,0.502,0.0,0,0,1,,0.892,2026-03-10T09:47:08.276555,neutral,0.853,2026-03-10T09:47:07.001089,0.3217329446548486,2026-03-10T09:47:08.925000,69,,,
participant_03,4,day,Town10HD_Opt,2026-03-10 09:47:09.132800,-64.4658432006836,-69.09954071044922,0.0019602584652602,48.612,-0.557,0.578,0.0,0,0,1,,1.0,2026-03-10T09:47:09.132800,neutral,0.991,2026-03-10T09:47:09.132800,0.68120120555414,2026-03-10T09:47:09.285000,71,,,
participant_04,2,day,Town10HD_Opt,2026-03-10 09:47:09.218405,-87.6161880493164,27.13795280456543,0.0019355010008439,31.151,-2.906,0.515,0.0,0,0,1,,0.897,2026-03-10T09:47:09.218405,neutral,0.325,2026-03-10T09:47:09.218405,0.4383193088825486,2026-03-10T09:47:09.916000,70,,,
participant_04,2,day,Town10HD_Opt,2026-03-10 09:47:10.174499,-81.97632598876953,27.794395446777344,0.0019850158132612,33.139,-2.372,0.0,0.0,0,0,1,,1.0,2026-03-10T09:47:10.174499,neutral,0.325,2026-03-10T09:47:09.218405,0.47013686314722,2026-03-10T09:47:10.906000,70,,,
participant_03,4,day,Town10HD_Opt,2026-03-10 09:47:10.242465,-76.05730438232422,-68.63628387451172,0.0021067427005618,49.273,-5.65,0.561,0.0,0,0,1,,0.849,2026-03-10T09:47:10.242465,neutral,0.991,2026-03-10T09:47:09.132800,0.7068167724524231,2026-03-10T09:47:11.041000,72,,,
participant_03,4,day,Town10HD_Opt,2026-03-10 09:47:11.083842,-84.34764099121094,-66.56623077392578,0.0020187378395348,49.491,-7.342,0.56,0.0,0,0,1,,0.954,2026-03-10T09:47:11.083842,neutral,0.991,2026-03-10T09:47:09.132800,0.6210860500652131,2026-03-10T09:47:12.031000,73,,,
participant_04,2,day,Town10HD_Opt,2026-03-10 09:47:11.097694,-76.71068572998047,28.06521224975586,0.0022735595703125,26.073,-2.283,0.0,0.22,0,0,1,,1.0,2026-03-10T09:47:11.097694,neutral,0.325,2026-03-10T09:47:09.218405,0.4107053699637856,2026-03-10T09:47:11.896000,73,,,
participant_04,2,day,Town10HD_Opt,2026-03-10 09:47:12.058291,-72.79254913330078,28.06182098388672,0.0022995376493781,18.046,-1.093,0.0,0.229,0,0,1,,1.0,2026-03-10T09:47:12.058291,neutral,0.875,2026-03-10T09:47:12.058291,0.4490704040090801,2026-03-10T09:47:12.886000,74,,,
participant_03,4,day,Town10HD_Opt,2026-03-10 09:47:12.228456,-94.34932708740234,-60.69673156738281,0.00205680844374,49.447,-0.898,0.58,0.0,0,0,1,,0.897,2026-03-10T09:47:12.228456,neutral,0.979,2026-03-10T09:47:12.228456,0.7977979751851603,2026-03-10T09:47:12.031000,73,,,
participant_04,2,day,Town10HD_Opt,2026-03-10 09:47:12.991558,-70.08612823486328,28.01803207397461,0.0020908354781568,12.466,0.602,0.0,0.23,0,0,1,,1.0,2026-03-10T09:47:12.991558,neutral,0.875,2026-03-10T09:47:12.058291,0.390155111540416,2026-03-10T09:47:12.886000,74,,,
participant_03,4,day,Town10HD_Opt,2026-03-10 09:47:13.073080,-101.19422912597656,-55.2623291015625,0.0021094130352139,49.011,-6.083,0.58,0.0,0,0,1,,0.914,2026-03-10T09:47:13.073080,neutral,0.979,2026-03-10T09:47:12.228456,0.6730770498505617,2026-03-10T09:47:13.561000,73,,,errors=Solid line crossing
participant_04,2,day,Town10HD_Opt,2026-03-10 09:47:14.197931,-67.84396362304688,27.999467849731445,0.0020580291748046,6.531,0.049,0.0,0.241,0,0,1,,0.81,2026-03-10T09:47:14.197931,neutral,0.748,2026-03-10T09:47:14.197931,0.3701191768630654,2026-03-10T09:47:14.911000,75,,,
participant_03,4,day,Town10HD_Opt,2026-03-10 09:47:14.252043,-108.15816497802734,-46.09793472290039,0.0019956969190388,50.509,-7.375,0.0,0.0,0,0,1,,0.844,2026-03-10T09:47:14.252043,neutral,0.957,2026-03-10T09:47:14.252043,0.673613997362482,2026-03-10T09:47:15.046000,75,,,
participant_04,2,day,Town10HD_Opt,2026-03-10 09:47:15.135797,-67.45134735107422,27.995492935180664,0.0020220566075295,0.0,0.035,0.0,0.239,0,0,1,,0.809,2026-03-10T09:47:15.135797,neutral,0.748,2026-03-10T09:47:14.197931,0.4569415882751729,2026-03-10T09:47:15.901000,73,,,
participant_03,4,day,Town10HD_Opt,2026-03-10 09:47:15.156533,-110.87433624267578,-37.94725036621094,0.0020289230160415,49.342,-4.926,0.571,0.0,0,0,1,,0.888,2026-03-10T09:47:15.156533,neutral,0.957,2026-03-10T09:47:14.252043,0.7182095406064551,2026-03-10T09:47:16.036000,73,,,
participant_03,4,day,Town10HD_Opt,2026-03-10 09:47:16.087971,-111.81173706054688,-29.26047706604004,0.0020705794449895,49.472,-1.958,0.283,0.0,0,0,1,,0.903,2026-03-10T09:47:16.087971,neutral,0.957,2026-03-10T09:47:14.252043,0.7045326326598672,2026-03-10T09:47:16.036000,72,,,
participant_04,2,day,Town10HD_Opt,2026-03-10 09:47:16.097090,-67.45096588134766,27.99549102783203,0.0019232940394431,0.003,-0.002,0.0,0.0,0,0,1,,0.863,2026-03-10T09:47:16.097090,neutral,0.748,2026-03-10T09:47:14.197931,0.4760483016035089,2026-03-10T09:47:16.892000,68,,,
participant_04,2,day,Town10HD_Opt,2026-03-10 09:47:16.994119,-67.45068359375,27.99549102783203,0.0019192504696547,0.0,0.157,0.0,0.0,0,0,1,,1.0,2026-03-10T09:47:16.994119,neutral,0.839,2026-03-10T09:47:16.994119,0.5288735668845852,2026-03-10T09:47:16.892000,70,,,
participant_03,4,day,Town10HD_Opt,2026-03-10 09:47:17.010645,-111.82855224609376,-21.23359107971192,0.0023854444734752,39.971,-2.066,0.0,0.292,0,0,1,,0.801,2026-03-10T09:47:17.010645,neutral,0.971,2026-03-10T09:47:17.010645,0.6694575401153167,2026-03-10T09:47:17.835000,72,,,
participant_04,2,day,Town10HD_Opt,2026-03-10 09:47:18.219476,-67.45057678222656,27.99549102783203,0.0019190978491678,0.0,0.07,0.0,0.0,0,0,1,,1.0,2026-03-10T09:47:18.219476,neutral,0.839,2026-03-10T09:47:16.994119,0.5532419527879271,2026-03-10T09:47:18.916000,70,,,
participant_03,4,day,Town10HD_Opt,2026-03-10 09:47:18.265788,-111.35724639892578,-13.600229263305664,0.0024037170223891,25.414,1.584,0.0,0.656,0,0,1,,0.904,2026-03-10T09:47:18.265788,neutral,0.971,2026-03-10T09:47:17.010645,0.67313959686338,2026-03-10T09:47:19.141000,75,,,
participant_04,2,day,Town10HD_Opt,2026-03-10 09:47:19.079550,-67.45059204101562,27.99549102783203,0.001919021597132,0.006,0.042,0.0,0.0,0,0,1,,1.0,2026-03-10T09:47:19.079550,disgust,0.627,2026-03-10T09:47:19.079550,0.4615718920703643,2026-03-10T09:47:19.906000,69,,,
participant_03,4,day,Town10HD_Opt,2026-03-10 09:47:19.153194,-111.21424865722656,-10.063547134399414,0.002108383225277,15.191,1.37,0.0,0.551,0,0,1,,0.937,2026-03-10T09:47:19.153194,neutral,0.963,2026-03-10T09:47:19.153194,0.6077684781015391,2026-03-10T09:47:20.086000,74,,,
participant_04,2,day,Town10HD_Opt,2026-03-10 09:47:20.011868,-67.45063018798828,27.99549102783203,0.0019188689766451,0.006,-0.073,0.0,0.0,0,0,1,,1.0,2026-03-10T09:47:20.011868,disgust,0.627,2026-03-10T09:47:19.079550,0.5121992070995303,2026-03-10T09:47:20.896000,66,,,
participant_03,4,day,Town10HD_Opt,2026-03-10 09:47:20.085762,-111.14739227294922,-7.99657678604126,0.0021396256051957,8.119,-2.377,0.0,0.492,0,0,1,,0.93,2026-03-10T09:47:20.085762,neutral,0.963,2026-03-10T09:47:19.153194,0.6456757882254592,2026-03-10T09:47:21.030000,74,,,
participant_04,2,day,Town10HD_Opt,2026-03-10 09:47:21.179491,-67.45050048828125,27.99549102783203,0.0019188689766451,0.006,-0.106,0.0,0.0,0,0,1,,1.0,2026-03-10T09:47:21.179491,neutral,0.915,2026-03-10T09:47:21.179491,0.4893182253540868,2026-03-10T09:47:21.886000,67,,,
participant_03,4,day,Town10HD_Opt,2026-03-10 09:47:21.264501,-111.11153411865234,-7.370133399963379,0.0019888686947524,0.014,-1.711,0.0,0.0,0,0,1,,0.952,2026-03-10T09:47:21.264501,neutral,0.919,2026-03-10T09:47:21.264501,0.6886228279858168,2026-03-10T09:47:22.021000,72,,,
participant_04,2,day,Town10HD_Opt,2026-03-10 09:47:22.159894,-67.45038604736328,27.99549102783203,0.0019191360333934,0.002,-0.268,0.0,0.0,0,0,1,,1.0,2026-03-10T09:47:22.159894,neutral,0.915,2026-03-10T09:47:21.179491,0.4778054668299245,2026-03-10T09:47:22.921000,71,,,
participant_03,4,day,Town10HD_Opt,2026-03-10 09:47:22.210996,-111.11153411865234,-7.36697244644165,0.0019200515234842,0.155,-0.228,0.124,0.0,0,0,1,,0.896,2026-03-10T09:47:22.210996,neutral,0.919,2026-03-10T09:47:21.264501,0.6856901329011738,2026-03-10T09:47:23.146000,75,,,
participant_04,2,day,Town10HD_Opt,2026-03-10 09:47:23.068809,-67.45016479492188,27.99549102783203,0.0019193649059161,0.001,-0.449,0.0,0.0,0,0,1,,1.0,2026-03-10T09:47:23.068809,neutral,0.915,2026-03-10T09:47:21.179491,0.4732155188942255,2026-03-10T09:47:23.911000,70,,,
participant_03,4,day,Town10HD_Opt,2026-03-10 09:47:23.119144,-111.10665130615234,-7.256490230560303,0.0018455123063176,1.938,-0.197,0.232,0.0,0,0,1,,0.839,2026-03-10T09:47:23.119144,neutral,0.919,2026-03-10T09:47:21.264501,0.7167810493396217,2026-03-10T09:47:23.146000,75,,,
participant_03,4,day,Town10HD_Opt,2026-03-10 09:47:24.013627,-111.08212280273438,-6.733248710632324,0.0018446350004523,4.135,-0.007,0.0,0.0,0,0,1,,1.0,2026-03-10T09:47:24.013627,fear,0.666,2026-03-10T09:47:24.013627,0.6631143770105253,2026-03-10T09:47:24.091000,72,,,
participant_04,2,day,Town10HD_Opt,2026-03-10 09:47:24.247049,-67.45006561279297,27.99549102783203,0.0019193267216905,0.001,-0.463,0.0,0.0,0,0,1,,1.0,2026-03-10T09:47:24.247049,neutral,0.66,2026-03-10T09:47:24.247049,0.4659166379984006,2026-03-10T09:47:24.902000,67,,,
participant_04,2,day,Town10HD_Opt,2026-03-10 09:47:25.155420,-67.4499282836914,27.99549102783203,0.0019190596649423,0.006,-0.463,0.0,0.0,0,0,1,,1.0,2026-03-10T09:47:25.155420,neutral,0.66,2026-03-10T09:47:24.247049,0.4646376409364084,2026-03-10T09:47:25.891000,70,,,
participant_03,4,day,Town10HD_Opt,2026-03-10 09:47:25.199860,-111.06300354003906,-6.31973934173584,0.0019671630579978,0.0,0.031,0.0,0.113,0,0,1,,1.0,2026-03-10T09:47:25.199860,fear,0.666,2026-03-10T09:47:24.013627,0.6124429588022237,2026-03-10T09:47:25.397000,75,,,
participant_04,2,day,Town10HD_Opt,2026-03-10 09:47:26.058022,-67.4499740600586,27.99549102783203,0.0019188689766451,0.006,-0.463,0.0,0.0,0,0,1,,1.0,2026-03-10T09:47:26.058022,neutral,0.66,2026-03-10T09:47:24.247049,0.5309791646035941,2026-03-10T09:47:26.926000,68,,,
participant_03,4,day,Town10HD_Opt,2026-03-10 09:47:26.073576,-111.06300354003906,-6.319239139556885,0.0019204712007194,0.007,0.031,0.0,0.0,0,0,1,,0.949,2026-03-10T09:47:26.073576,fear,0.709,2026-03-10T09:47:26.073576,0.7102036365704855,2026-03-10T09:47:25.397000,74,,,
participant_04,2,day,Town10HD_Opt,2026-03-10 09:47:27.186649,-67.44984436035156,27.99549102783203,0.0019189071608707,0.006,-0.463,0.0,0.0,0,0,1,,1.0,2026-03-10T09:47:27.186649,neutral,0.832,2026-03-10T09:47:27.186649,0.4722977501637926,2026-03-10T09:47:27.917000,66,,,
participant_03,4,day,Town10HD_Opt,2026-03-10 09:47:27.194267,-111.06300354003906,-6.319097995758057,0.0019189452286809,0.006,0.103,0.0,0.0,0,0,1,,0.838,2026-03-10T09:47:27.194267,fear,0.709,2026-03-10T09:47:26.073576,0.7253779931867389,2026-03-10T09:47:27.065000,77,,,
participant_04,2,day,Town10HD_Opt,2026-03-10 09:47:28.046831,-67.4498291015625,27.99549102783203,0.0019190978491678,0.002,-0.461,0.0,0.0,0,0,1,,1.0,2026-03-10T09:47:28.046831,neutral,0.832,2026-03-10T09:47:27.186649,0.5333890808709055,2026-03-10T09:47:27.917000,68,,,
participant_03,4,day,Town10HD_Opt,2026-03-10 09:47:28.056407,-111.06300354003906,-6.319151401519775,0.0019187545403838,0.006,0.103,0.0,0.0,0,0,1,,1.0,2026-03-10T09:47:28.056407,fear,0.709,2026-03-10T09:47:26.073576,0.7038642022537075,2026-03-10T09:47:28.635000,74,,,
participant_04,2,day,Town10HD_Opt,2026-03-10 09:47:29.148973,-67.44971466064453,27.99549102783203,0.0019190978491678,0.002,-0.461,0.0,0.0,0,0,1,,1.0,2026-03-10T09:47:29.148973,neutral,0.832,2026-03-10T09:47:27.186649,0.4327822387250357,2026-03-10T09:47:29.941000,64,,,
participant_03,4,day,Town10HD_Opt,2026-03-10 09:47:29.199351,-111.0619125366211,-6.294613361358643,0.0018753432668745,0.825,0.162,0.135,0.0,0,0,1,,1.0,2026-03-10T09:47:29.199351,neutral,0.601,2026-03-10T09:47:29.199351,0.6613890725051587,2026-03-10T09:47:28.635000,74,,,
participant_04,2,day,Town10HD_Opt,2026-03-10 09:47:30.014343,-67.44952392578125,27.99549102783203,0.0019192504696547,0.002,-0.451,0.0,0.0,0,0,1,,1.0,2026-03-10T09:47:30.014343,neutral,0.771,2026-03-10T09:47:30.014343,0.3594053174433166,2026-03-10T09:47:30.931000,63,,,
participant_03,4,day,Town10HD_Opt,2026-03-10 09:47:30.082211,-111.05194091796876,-6.075819969177246,0.0018848037580028,1.777,0.162,0.133,0.0,0,0,1,,1.0,2026-03-10T09:47:30.082211,neutral,0.601,2026-03-10T09:47:29.199351,0.7097098614145214,2026-03-10T09:47:28.635000,73,,,
participant_03,4,day,Town10HD_Opt,2026-03-10 09:47:31.224336,-111.02738189697266,-5.524852275848389,0.0018953322432935,2.797,0.162,0.099,0.0,0,0,1,,1.0,2026-03-10T09:47:31.224336,neutral,0.609,2026-03-10T09:47:31.224336,0.8050908384597868,2026-03-10T09:47:28.635000,76,,,
participant_04,2,day,Town10HD_Opt,2026-03-10 09:47:31.237918,-67.44941711425781,27.99549102783203,0.0019192122854292,0.002,-0.451,0.0,0.0,0,0,1,,1.0,2026-03-10T09:47:31.237918,neutral,0.771,2026-03-10T09:47:30.014343,0.460198838061063,2026-03-10T09:47:31.921000,63,,,
participant_03,4,day,Town10HD_Opt,2026-03-10 09:47:32.093540,-111.00376892089844,-4.978676795959473,0.0019285201560705,2.942,0.167,0.0,0.0,0,0,1,,0.844,2026-03-10T09:47:32.093540,neutral,0.609,2026-03-10T09:47:31.224336,0.6725405119170773,2026-03-10T09:47:28.635000,74,,,
participant_04,2,day,Town10HD_Opt,2026-03-10 09:47:32.130010,-67.44917297363281,27.995492935180664,0.0019190978491678,0.001,-0.451,0.0,0.0,0,0,1,,1.0,2026-03-10T09:47:32.130010,neutral,0.846,2026-03-10T09:47:32.130010,0.4502726399713474,2026-03-10T09:47:32.911000,63,,,
participant_04,2,day,Town10HD_Opt,2026-03-10 09:47:33.035799,-67.44918060302734,27.995492935180664,0.0019189834129065,0.006,-0.414,0.0,0.0,0,0,1,,1.0,2026-03-10T09:47:33.035799,neutral,0.846,2026-03-10T09:47:32.130010,0.4309714734102651,2026-03-10T09:47:33.902000,65,,,
participant_03,4,day,Town10HD_Opt,2026-03-10 09:47:33.254041,-110.97834014892578,-4.383879661560059,0.001939010573551,2.099,0.172,0.0,0.0,0,0,1,,0.805,2026-03-10T09:47:33.254041,neutral,0.646,2026-03-10T09:47:33.254041,0.6154649516496533,2026-03-10T09:47:28.635000,73,,,
participant_03,4,day,Town10HD_Opt,2026-03-10 09:47:34.111619,-110.96453857421876,-4.056931495666504,0.001934585510753,1.61,0.176,0.0,0.0,0,0,1,,0.854,2026-03-10T09:47:34.111619,neutral,0.646,2026-03-10T09:47:33.254041,0.6444830173573722,2026-03-10T09:47:28.635000,75,,,
participant_04,2,day,Town10HD_Opt,2026-03-10 09:47:34.200151,-67.44905090332031,27.995492935180664,0.001919021597132,0.006,-0.395,0.0,0.0,0,0,1,,1.0,2026-03-10T09:47:34.200151,disgust,0.742,2026-03-10T09:47:34.200151,0.5527406241900734,2026-03-10T09:47:34.891000,64,,,
participant_03,4,day,Town10HD_Opt,2026-03-10 09:47:35.016174,-110.95401763916016,-3.8059914112091056,0.0019309616181999,1.217,0.2,0.0,0.0,0,0,1,,1.0,2026-03-10T09:47:35.016174,neutral,0.646,2026-03-10T09:47:33.254041,0.6929534593516203,2026-03-10T09:47:28.635000,73,,,
participant_04,2,day,Town10HD_Opt,2026-03-10 09:47:35.147052,-67.4490966796875,27.995492935180664,0.0019188307924196,0.006,-0.395,0.0,0.0,0,0,1,,1.0,2026-03-10T09:47:35.147052,disgust,0.742,2026-03-10T09:47:34.200151,0.4602589468823672,2026-03-10T09:47:35.926000,63,,,
participant_04,2,day,Town10HD_Opt,2026-03-10 09:47:36.089063,-67.44898223876953,27.995492935180664,0.0019191741012036,0.002,-0.395,0.0,0.0,0,0,1,,1.0,2026-03-10T09:47:36.089063,disgust,0.742,2026-03-10T09:47:34.200151,0.5480260501765886,2026-03-10T09:47:36.916000,65,,,
participant_03,4,day,Town10HD_Opt,2026-03-10 09:47:36.240164,-110.95004272460938,-3.71052360534668,0.0019287490285933,0.003,0.226,0.0,0.0,0,0,1,,0.806,2026-03-10T09:47:36.240164,neutral,0.987,2026-03-10T09:47:36.240164,0.6037422469035358,2026-03-10T09:47:28.635000,75,,,
participant_04,2,day,Town10HD_Opt,2026-03-10 09:47:36.987853,-67.44876098632812,27.995492935180664,0.0019193649059161,0.001,-0.395,0.0,0.0,0,0,1,,1.0,2026-03-10T09:47:36.987853,neutral,0.747,2026-03-10T09:47:36.987853,0.6142823889094844,2026-03-10T09:47:37.907000,63,,,
participant_03,4,day,Town10HD_Opt,2026-03-10 09:47:37.184456,-110.95004272460938,-3.709667682647705,0.001919288537465,0.0,0.226,0.0,0.0,0,0,1,,0.847,2026-03-10T09:47:37.184456,neutral,0.987,2026-03-10T09:47:36.240164,0.6747105423359411,2026-03-10T09:47:28.635000,77,,,
participant_03,4,day,Town10HD_Opt,2026-03-10 09:47:38.112175,-110.95004272460938,-3.709688901901245,0.0019188689766451,0.001,0.172,0.0,0.0,0,0,1,,1.0,2026-03-10T09:47:38.112175,neutral,0.987,2026-03-10T09:47:36.240164,0.6831478853520936,2026-03-10T09:47:28.635000,75,,,
participant_04,2,day,Town10HD_Opt,2026-03-10 09:47:38.203737,-67.44866180419922,27.995492935180664,0.0019193267216905,0.001,-0.395,0.0,0.0,0,0,1,,1.0,2026-03-10T09:47:38.203737,neutral,0.747,2026-03-10T09:47:36.987853,0.4967180394352705,2026-03-10T09:47:38.896000,65,,,
participant_04,2,day,Town10HD_Opt,2026-03-10 09:47:39.111340,-67.44852447509766,27.995492935180664,0.0019190596649423,0.006,-0.388,0.0,0.0,0,0,1,,1.0,2026-03-10T09:47:39.111340,disgust,0.391,2026-03-10T09:47:39.111340,0.5394771225173336,2026-03-10T09:47:39.976000,65,,,
participant_03,4,day,Town10HD_Opt,2026-03-10 09:47:39.264317,-110.95002746582033,-3.7093584537506095,0.0019186401041224,0.13,0.172,0.479,0.0,0,0,1,,1.0,2026-03-10T09:47:39.264317,neutral,0.92,2026-03-10T09:47:39.264317,0.7293392889319644,2026-03-10T09:47:28.635000,75,,,
participant_04,2,day,Town10HD_Opt,2026-03-10 09:47:40.052635,-67.44857025146484,27.995492935180664,0.0019188689766451,0.138,-0.388,0.138,0.0,0,0,1,,1.0,2026-03-10T09:47:40.052635,disgust,0.391,2026-03-10T09:47:39.111340,0.6138229426031876,2026-03-10T09:47:40.921000,64,,,
participant_03,4,day,Town10HD_Opt,2026-03-10 09:47:40.138294,-110.92935180664062,-3.206982374191284,0.0016378401778638,7.127,0.172,0.598,0.0,0,0,1,,0.857,2026-03-10T09:47:40.138294,neutral,0.92,2026-03-10T09:47:39.264317,0.7203422135816303,2026-03-10T09:47:28.635000,75,,,
participant_03,4,day,Town10HD_Opt,2026-03-10 09:47:41.000017,-110.85098266601562,-1.224124550819397,0.0016608429141342,15.605,0.381,0.596,0.0,0,0,1,,0.81,2026-03-10T09:47:41.000017,neutral,0.92,2026-03-10T09:47:39.264317,0.7025178110095291,2026-03-10T09:47:28.635000,77,,,
participant_04,2,day,Town10HD_Opt,2026-03-10 09:47:41.044145,-66.77081298828125,27.98737335205078,0.0014355087187141,12.01,-0.374,1.0,0.0,0,0,1,,1.0,2026-03-10T09:47:41.044145,disgust,0.391,2026-03-10T09:47:39.111340,0.554098646701904,2026-03-10T09:47:41.911000,65,,,
participant_04,2,day,Town10HD_Opt,2026-03-10 09:47:42.035136,-63.51765060424805,27.951549530029297,0.0016410826938226,26.242,0.663,0.989,0.0,0,0,1,,1.0,2026-03-10T09:47:42.035136,neutral,0.757,2026-03-10T09:47:42.035136,0.5930101955775222,2026-03-10T09:47:42.902000,63,,,
participant_03,4,day,Town10HD_Opt,2026-03-10 09:47:42.122879,-110.70278930664062,3.170862436294556,0.0018807982560247,22.689,-0.679,0.596,0.0,0,0,1,,0.814,2026-03-10T09:47:42.122879,neutral,0.907,2026-03-10T09:47:42.122879,0.5814272589188771,2026-03-10T09:47:28.635000,76,,,
participant_04,2,day,Town10HD_Opt,2026-03-10 09:47:43.243027,-55.09164047241211,27.92442512512207,0.001574134803377,46.442,0.157,0.942,0.0,0,0,1,,1.0,2026-03-10T09:47:43.243027,neutral,0.757,2026-03-10T09:47:42.035136,0.6182863795241877,2026-03-10T09:47:43.893000,65,,,
participant_03,4,day,Town10HD_Opt,2026-03-10 09:47:43.293511,-110.3208465576172,9.17096710205078,0.0018910217331722,29.206,-5.763,0.558,0.0,0,0,1,,0.953,2026-03-10T09:47:43.293511,neutral,0.907,2026-03-10T09:47:42.122879,0.7047765444613753,2026-03-10T09:47:28.635000,75,,,
participant_04,2,day,Town10HD_Opt,2026-03-10 09:47:44.125835,-46.3398666381836,27.94772148132324,0.002159004099667,48.434,0.367,0.91,0.0,0,0,1,,1.0,2026-03-10T09:47:44.125835,neutral,0.788,2026-03-10T09:47:44.125835,0.6106584086730928,2026-03-10T09:47:44.926000,65,,,
participant_03,4,day,Town10HD_Opt,2026-03-10 09:47:44.227166,-109.07820129394533,14.44683074951172,0.0019258117536082,33.18,-9.94,0.558,0.0,0,0,1,,1.0,2026-03-10T09:47:44.227166,neutral,0.767,2026-03-10T09:47:44.227166,0.6961549547818682,2026-03-10T09:47:28.635000,75,,,
participant_04,2,day,Town10HD_Opt,2026-03-10 09:47:45.033362,-37.58712387084961,28.090538024902344,0.0020802689250558,49.535,-0.164,0.899,0.0,0,0,1,,1.0,2026-03-10T09:47:45.033362,neutral,0.788,2026-03-10T09:47:44.125835,0.5897820850135549,2026-03-10T09:47:45.916000,65,,,
participant_03,4,day,Town10HD_Opt,2026-03-10 09:47:45.127625,-106.2144775390625,19.747690200805664,0.0020373915322124,34.741,-7.544,0.185,0.0,0,0,1,,1.0,2026-03-10T09:47:45.127625,neutral,0.767,2026-03-10T09:47:44.227166,0.6781721944225921,2026-03-10T09:47:28.635000,73,,,
participant_03,4,day,Town10HD_Opt,2026-03-10 09:47:46.062081,-102.47161102294922,23.8720703125,0.0023009872529655,27.727,-13.665,0.0,0.0,0,0,1,,1.0,2026-03-10T09:47:46.062081,neutral,0.767,2026-03-10T09:47:44.227166,0.5987255342936388,2026-03-10T09:47:28.635000,75,,,
participant_04,2,day,Town10HD_Opt,2026-03-10 09:47:46.172150,-25.8581657409668,28.263900756835938,0.0022165297996252,48.213,-0.148,0.881,0.0,0,0,1,,0.81,2026-03-10T09:47:46.172150,neutral,0.533,2026-03-10T09:47:46.172150,0.5804793995791175,2026-03-10T09:47:46.906000,65,,,
participant_03,4,day,Town10HD_Opt,2026-03-10 09:47:47.009012,-98.7620620727539,25.91974830627441,0.0022934721782803,20.652,-17.763,0.0,0.0,0,0,1,,1.0,2026-03-10T09:47:47.009012,neutral,0.822,2026-03-10T09:47:47.009012,0.6368634629719758,2026-03-10T09:47:28.635000,73,,,
participant_04,2,day,Town10HD_Opt,2026-03-10 09:47:47.041139,-17.13397216796875,28.327192306518555,0.0020914839114993,49.275,-0.141,0.873,0.0,0,0,1,,1.0,2026-03-10T09:47:47.041139,neutral,0.533,2026-03-10T09:47:46.172150,0.5709234084145458,2026-03-10T09:47:47.942000,68,,,
participant_04,2,day,Town10HD_Opt,2026-03-10 09:47:48.145334,-5.538365364074707,28.3308048248291,0.0021257400512695,49.15,-0.141,0.84,0.0,0,0,1,,1.0,2026-03-10T09:47:48.145334,neutral,0.533,2026-03-10T09:47:46.172150,0.6385751686061814,2026-03-10T09:47:48.931000,67,,,
participant_03,4,day,Town10HD_Opt,2026-03-10 09:47:48.218712,-94.59282684326172,26.65953254699707,0.0019118117634207,17.605,-4.686,0.369,0.0,0,0,1,,1.0,2026-03-10T09:47:48.218712,neutral,0.822,2026-03-10T09:47:47.009012,0.6212615085580957,2026-03-10T09:47:28.635000,74,,,
participant_04,2,day,Town10HD_Opt,2026-03-10 09:47:49.016928,3.044560432434082,28.27477264404297,0.0022521971259266,45.126,-0.101,0.08,0.0,0,0,1,,1.0,2026-03-10T09:47:49.016928,neutral,0.801,2026-03-10T09:47:49.016928,0.590399181987809,2026-03-10T09:47:49.922000,67,,,
participant_03,4,day,Town10HD_Opt,2026-03-10 09:47:49.174210,-91.44585418701172,26.983137130737305,0.0020445249974727,18.464,-2.292,0.426,0.0,0,0,1,,1.0,2026-03-10T09:47:49.174210,neutral,0.894,2026-03-10T09:47:49.174210,0.5873340817591747,2026-03-10T09:47:28.635000,71,,,
participant_03,4,day,Town10HD_Opt,2026-03-10 09:47:50.122456,-88.0487289428711,27.224523544311523,0.0019741440191864,20.617,-0.928,0.405,0.0,0,0,1,,0.864,2026-03-10T09:47:50.122456,neutral,0.894,2026-03-10T09:47:49.174210,0.6678178132828665,2026-03-10T09:47:28.635000,75,,,
participant_04,2,day,Town10HD_Opt,2026-03-10 09:47:50.185808,12.276952743530272,28.173173904418945,0.0023366163950413,32.959,0.068,0.027,0.0,0,0,1,,1.0,2026-03-10T09:47:50.185808,neutral,0.801,2026-03-10T09:47:49.016928,0.6605536649497431,2026-03-10T09:47:50.911000,64,,,
participant_03,4,day,Town10HD_Opt,2026-03-10 09:47:51.041511,-84.3171157836914,27.42881774902344,0.0019997404888272,22.052,0.04,0.388,0.0,0,0,1,,1.0,2026-03-10T09:47:51.041511,neutral,0.894,2026-03-10T09:47:49.174210,0.6360215344817471,2026-03-10T09:47:28.635000,74,,,
participant_04,2,day,Town10HD_Opt,2026-03-10 09:47:51.073562,17.460540771484375,28.123708724975582,0.0022537230979651,26.183,0.127,0.227,0.0,0,0,1,,1.0,2026-03-10T09:47:51.073562,neutral,0.832,2026-03-10T09:47:51.073562,0.6742813057449694,2026-03-10T09:47:51.901000,65,,,
participant_04,2,day,Town10HD_Opt,2026-03-10 09:47:52.211705,23.17502212524414,28.09251594543457,0.0021075438708066,23.042,0.442,0.295,0.0,0,0,1,,1.0,2026-03-10T09:47:52.211705,neutral,0.832,2026-03-10T09:47:51.073562,0.5664421321891846,2026-03-10T09:47:52.891000,65,,,
participant_03,4,day,Town10HD_Opt,2026-03-10 09:47:52.249831,-79.01067352294922,27.707950592041016,0.0020092772319912,23.502,-0.275,0.388,0.0,0,0,1,,1.0,2026-03-10T09:47:52.249831,fear,0.729,2026-03-10T09:47:52.249831,0.7729466425502147,2026-03-10T09:47:28.635000,76,,,
participant_04,2,day,Town10HD_Opt,2026-03-10 09:47:53.091668,27.16845893859864,28.19103240966797,0.0020302962511777,23.108,4.282,0.411,0.0,0,0,1,,0.852,2026-03-10T09:47:53.091668,neutral,0.677,2026-03-10T09:47:53.091668,0.6362423166505281,2026-03-10T09:47:53.927000,62,,,
participant_03,4,day,Town10HD_Opt,2026-03-10 09:47:53.174055,-74.85472869873047,27.90217971801757,0.0020981216803193,22.755,-0.425,0.0,0.0,0,0,1,,0.867,2026-03-10T09:47:53.174055,fear,0.729,2026-03-10T09:47:52.249831,0.6611835417619419,2026-03-10T09:47:28.635000,75,,,
participant_03,4,day,Town10HD_Opt,2026-03-10 09:47:54.166561,-71.4035415649414,28.03575325012207,0.0020169448107481,16.078,-0.388,0.0,0.254,0,0,1,,0.894,2026-03-10T09:47:54.166561,fear,0.729,2026-03-10T09:47:52.249831,0.7196845455740967,2026-03-10T09:47:28.635000,76,,,
participant_04,2,day,Town10HD_Opt,2026-03-10 09:47:54.247561,32.64247131347656,29.12192344665528,0.0020623779855668,23.855,10.812,0.18,0.0,0,0,1,,1.0,2026-03-10T09:47:54.247561,neutral,0.677,2026-03-10T09:47:53.091668,0.6800740438470774,2026-03-10T09:47:54.916000,64,,,
participant_03,4,day,Town10HD_Opt,2026-03-10 09:47:55.118682,-69.04141235351562,28.112098693847656,0.0020859909709542,10.682,-0.273,0.0,0.208,0,0,1,,0.849,2026-03-10T09:47:55.118682,neutral,0.939,2026-03-10T09:47:55.118682,0.6051704583517293,2026-03-10T09:47:28.635000,73,,,
participant_04,2,day,Town10HD_Opt,2026-03-10 09:47:55.150889,36.13578414916992,30.83400154113769,0.0021691131405532,20.764,21.811,0.353,0.0,0,0,1,,0.863,2026-03-10T09:47:55.150889,neutral,0.678,2026-03-10T09:47:55.150889,0.5585012799038629,2026-03-10T09:47:55.907000,62,,,
participant_04,2,day,Town10HD_Opt,2026-03-10 09:47:56.011932,38.42826843261719,33.739349365234375,0.0019387054489925,24.286,26.619,0.649,0.0,0,0,1,,1.0,2026-03-10T09:47:56.011932,neutral,0.678,2026-03-10T09:47:55.150889,0.6377402939848742,2026-03-10T09:47:56.896000,61,,,
participant_03,4,day,Town10HD_Opt,2026-03-10 09:47:56.064132,-67.51480865478516,28.1577091217041,0.0020536039955914,6.472,-0.219,0.0,0.216,0,0,1,,0.907,2026-03-10T09:47:56.064132,neutral,0.939,2026-03-10T09:47:55.118682,0.6467308358992635,2026-03-10T09:47:28.635000,76,,,
participant_03,4,day,Town10HD_Opt,2026-03-10 09:47:57.060725,-67.11392974853516,28.169227600097656,0.0020250319503247,0.0,-0.219,0.0,0.145,0,0,1,,0.885,2026-03-10T09:47:57.060725,neutral,0.939,2026-03-10T09:47:55.118682,0.6718103343808309,2026-03-10T09:47:28.635000,77,,,
participant_04,2,day,Town10HD_Opt,2026-03-10 09:47:57.126754,39.71278381347656,39.91453170776367,0.0021220778580754,26.686,-2.732,0.0,0.0,0,0,1,,0.92,2026-03-10T09:47:57.126754,neutral,0.678,2026-03-10T09:47:55.150889,0.6091918437466446,2026-03-10T09:47:57.932000,61,,,
participant_03,4,day,Town10HD_Opt,2026-03-10 09:47:58.043120,-67.11198425292969,28.16928100585937,0.0019227218581363,0.01,0.007,0.0,0.0,0,0,1,,1.0,2026-03-10T09:47:58.043120,neutral,0.8,2026-03-10T09:47:58.043120,0.6316082613951515,2026-03-10T09:47:28.635000,75,,,
participant_04,2,day,Town10HD_Opt,2026-03-10 09:47:58.050093,40.38682174682617,44.00396728515625,0.0022628020960837,19.964,5.609,0.0,0.161,0,0,1,,0.887,2026-03-10T09:47:58.050093,neutral,0.686,2026-03-10T09:47:58.050093,0.6251339925070675,2026-03-10T09:47:57.932000,60,,,
participant_03,4,day,Town10HD_Opt,2026-03-10 09:47:59.011379,-67.11175537109375,28.16928482055664,0.0019190978491678,0.007,0.644,0.0,0.0,0,0,1,,0.878,2026-03-10T09:47:59.011379,neutral,0.8,2026-03-10T09:47:58.043120,0.6510463919472685,2026-03-10T09:47:28.635000,75,,,
participant_04,2,day,Town10HD_Opt,2026-03-10 09:47:59.189133,40.61831283569336,47.85037612915039,0.0020634841639548,13.158,4.527,0.0,0.089,0,0,1,,0.901,2026-03-10T09:47:59.189133,neutral,0.686,2026-03-10T09:47:58.050093,0.5524584563645949,2026-03-10T09:47:59.911000,62,,,
participant_04,2,day,Town10HD_Opt,2026-03-10 09:48:00.000538,40.6002197265625,49.84638977050781,0.0020386122632771,9.415,2.017,0.0,0.094,0,0,1,,0.851,2026-03-10T09:48:00.000538,neutral,0.686,2026-03-10T09:47:58.050093,0.6549220124242474,2026-03-10T09:48:00.901000,62,,,
participant_03,4,day,Town10HD_Opt,2026-03-10 09:48:00.220705,-67.11164093017578,28.16928482055664,0.0019189071608707,0.007,0.602,0.0,0.0,0,0,1,,1.0,2026-03-10T09:48:00.220705,fear,0.757,2026-03-10T09:48:00.220705,0.6592163830897168,2026-03-10T09:47:28.635000,75,,,
participant_03,4,day,Town10HD_Opt,2026-03-10 09:48:01.122089,-67.11145782470703,28.16928100585937,0.001919021597132,0.002,0.55,0.0,0.0,0,0,1,,0.867,2026-03-10T09:48:01.122089,fear,0.757,2026-03-10T09:48:00.220705,0.6585780999216625,2026-03-10T09:47:28.635000,74,,,
participant_04,2,day,Town10HD_Opt,2026-03-10 09:48:01.150682,40.59864044189453,51.59299850463867,0.0020112991333007,5.428,-0.771,0.0,0.095,0,0,1,,1.0,2026-03-10T09:48:01.150682,angry,0.515,2026-03-10T09:48:01.150682,0.5469277976258212,2026-03-10T09:48:01.892000,63,,,
participant_03,4,day,Town10HD_Opt,2026-03-10 09:48:02.016891,-67.11121368408203,28.16928100585937,0.0019190978491678,0.001,0.54,0.0,0.0,0,0,1,,0.814,2026-03-10T09:48:02.016891,fear,0.757,2026-03-10T09:48:00.220705,0.7421391622608722,2026-03-10T09:47:28.635000,75,,,
participant_04,2,day,Town10HD_Opt,2026-03-10 09:48:02.228761,40.59919738769531,51.74951934814453,0.0019359969301149,0.001,-0.637,0.0,0.0,0,0,1,,0.842,2026-03-10T09:48:02.228761,angry,0.515,2026-03-10T09:48:01.150682,0.5923403830458168,2026-03-10T09:48:02.972000,64,,,
participant_04,2,day,Town10HD_Opt,2026-03-10 09:48:03.075830,40.59919738769531,51.74956893920898,0.0019199752714484,0.001,-0.623,0.0,0.0,0,0,1,,0.858,2026-03-10T09:48:03.075830,angry,0.515,2026-03-10T09:48:01.150682,0.5641851930846056,2026-03-10T09:48:03.916000,64,,,
participant_03,4,day,Town10HD_Opt,2026-03-10 09:48:03.211491,-67.11225891113281,28.16925430297852,0.0019177626818418,0.138,0.533,0.013,0.0,0,0,1,,1.0,2026-03-10T09:48:03.211491,neutral,0.889,2026-03-10T09:48:03.211491,0.6830634707567187,2026-03-10T09:47:28.635000,72,,,
participant_03,4,day,Town10HD_Opt,2026-03-10 09:48:04.126095,-67.11226654052734,28.16925048828125,0.0019149016588926,0.186,0.522,0.08,0.0,0,0,1,,0.865,2026-03-10T09:48:04.126095,neutral,0.889,2026-03-10T09:48:03.211491,0.6871148418571105,2026-03-10T09:47:28.635000,74,,,
participant_04,2,day,Town10HD_Opt,2026-03-10 09:48:04.147323,40.59919738769531,51.74967193603516,0.001919288537465,0.002,-0.609,0.0,0.0,0,0,1,,0.84,2026-03-10T09:48:04.147323,neutral,0.406,2026-03-10T09:48:04.147323,0.5881807442663971,2026-03-10T09:48:04.906000,64,,,
participant_04,2,day,Town10HD_Opt,2026-03-10 09:48:05.020951,40.599266052246094,51.75908660888672,0.0019170378800481,0.257,-0.583,0.437,0.0,0,0,1,,0.813,2026-03-10T09:48:05.020951,neutral,0.406,2026-03-10T09:48:04.147323,0.5273778243216648,2026-03-10T09:48:05.896000,65,,,
participant_03,4,day,Town10HD_Opt,2026-03-10 09:48:05.028667,-67.09720611572266,28.16976928710937,0.0019139479845762,0.291,0.522,0.078,0.0,0,0,1,,1.0,2026-03-10T09:48:05.028667,neutral,0.889,2026-03-10T09:48:03.211491,0.6895206103132611,2026-03-10T09:47:28.635000,72,,,
participant_04,2,day,Town10HD_Opt,2026-03-10 09:48:06.146830,40.61738204956055,53.624305725097656,0.0014182281447574,18.755,-0.726,0.929,0.0,0,0,1,,1.0,2026-03-10T09:48:06.146830,neutral,0.406,2026-03-10T09:48:04.147323,0.5176200634541738,2026-03-10T09:48:06.932000,62,,,errors=Stop sign violation
participant_03,4,day,Town10HD_Opt,2026-03-10 09:48:06.238876,-67.00511932373047,28.17285346984864,0.0019072341965511,0.791,0.522,0.076,0.0,0,0,1,,0.854,2026-03-10T09:48:06.238876,neutral,0.794,2026-03-10T09:48:06.238876,0.6924394744329428,2026-03-10T09:47:28.635000,73,,,
participant_04,2,day,Town10HD_Opt,2026-03-10 09:48:06.987558,40.79428482055664,57.6837158203125,0.0017106246668845,28.693,-7.271,0.68,0.0,0,0,1,,0.845,2026-03-10T09:48:06.987558,neutral,0.731,2026-03-10T09:48:06.987558,0.578195850376362,2026-03-10T09:48:06.932000,64,,,
participant_03,4,day,Town10HD_Opt,2026-03-10 09:48:07.166048,-66.84539031982422,28.17835235595703,0.0019076155731454,1.111,0.515,0.0,0.0,0,0,1,,0.894,2026-03-10T09:48:07.166048,neutral,0.794,2026-03-10T09:48:06.238876,0.6646189399844636,2026-03-10T09:47:28.635000,75,,,
participant_04,2,day,Town10HD_Opt,2026-03-10 09:48:08.053838,42.87718200683594,64.6442642211914,0.002003707922995,32.921,-14.237,0.476,0.0,0,0,1,,0.843,2026-03-10T09:48:08.053838,neutral,0.731,2026-03-10T09:48:06.987558,0.558024514164598,2026-03-10T09:48:08.911000,68,,,
participant_03,4,day,Town10HD_Opt,2026-03-10 09:48:08.088828,-66.67176055908203,28.18452262878418,0.0019267272436991,0.857,0.515,0.0,0.0,0,0,1,,0.882,2026-03-10T09:48:08.088828,neutral,0.794,2026-03-10T09:48:06.238876,0.6551045644803044,2026-03-10T09:47:28.635000,75,,,
participant_03,4,day,Town10HD_Opt,2026-03-10 09:48:08.996665,-66.53828430175781,28.189327239990234,0.0019254302605986,0.658,0.515,0.0,0.0,0,0,1,,0.883,2026-03-10T09:48:08.996665,neutral,0.955,2026-03-10T09:48:08.996665,0.6746070617201894,2026-03-10T09:47:28.635000,74,,,
participant_04,2,day,Town10HD_Opt,2026-03-10 09:48:09.108615,48.47679901123047,69.91735076904297,0.0020814132876694,33.628,-16.731,0.254,0.0,0,0,1,,1.0,2026-03-10T09:48:09.108615,neutral,0.585,2026-03-10T09:48:09.108615,0.5626629985764505,2026-03-10T09:48:09.902000,69,,,
participant_03,4,day,Town10HD_Opt,2026-03-10 09:48:10.190928,-66.40716552734375,28.19409942626953,0.0019234847277402,0.47,0.496,0.028,0.0,0,0,1,,1.0,2026-03-10T09:48:10.190928,neutral,0.955,2026-03-10T09:48:08.996665,0.7142065772959972,2026-03-10T09:47:28.635000,75,,,
participant_04,2,day,Town10HD_Opt,2026-03-10 09:48:10.192551,55.30108642578125,71.08908081054688,0.0023018645588308,25.014,-6.706,0.0,0.0,0,0,1,,1.0,2026-03-10T09:48:10.192551,neutral,0.585,2026-03-10T09:48:09.108615,0.6065073497128918,2026-03-10T09:48:10.892000,69,,,
participant_04,2,day,Town10HD_Opt,2026-03-10 09:48:11.026026,59.235931396484375,70.7127456665039,0.0021530149970203,20.787,1.102,0.313,0.0,0,0,1,,1.0,2026-03-10T09:48:11.026026,neutral,0.585,2026-03-10T09:48:09.108615,0.5309275243765997,2026-03-10T09:48:11.926000,69,,,
participant_03,4,day,Town10HD_Opt,2026-03-10 09:48:11.085157,-65.82401275634766,28.215620040893555,0.0015239715576171,10.213,0.493,1.0,0.0,0,0,1,,1.0,2026-03-10T09:48:11.085157,neutral,0.976,2026-03-10T09:48:11.085157,0.7129839468769137,2026-03-10T09:47:28.635000,72,Solid line crossing,Solid line crossing,
participant_03,4,day,Town10HD_Opt,2026-03-10 09:48:12.012319,-62.84504318237305,28.337120056152344,0.0016903686337172,24.45,0.155,1.0,0.0,0,0,1,,0.827,2026-03-10T09:48:12.012319,neutral,0.976,2026-03-10T09:48:11.085157,0.6583184803119219,2026-03-10T09:47:28.635000,74,,,
participant_04,2,day,Town10HD_Opt,2026-03-10 09:48:12.087468,64.08033752441406,70.34443664550781,0.0019847105722874,21.767,0.947,0.307,0.0,0,0,1,,1.0,2026-03-10T09:48:12.087468,neutral,0.503,2026-03-10T09:48:12.087468,0.6449899316523782,2026-03-10T09:48:12.917000,67,,,
participant_04,2,day,Town10HD_Opt,2026-03-10 09:48:13.216369,69.33792877197266,70.12712097167969,0.0019056319724768,25.055,1.577,0.585,0.0,0,0,1,,1.0,2026-03-10T09:48:13.216369,neutral,0.503,2026-03-10T09:48:12.087468,0.607495131431572,2026-03-10T09:48:13.907000,68,,,
participant_03,4,day,Town10HD_Opt,2026-03-10 09:48:13.241637,-54.7689208984375,28.69083976745605,0.0015412521315738,45.685,0.179,1.0,0.0,0,0,1,,0.944,2026-03-10T09:48:13.241637,neutral,0.972,2026-03-10T09:48:13.241637,0.6986481671261827,2026-03-10T09:47:28.635000,74,,,
participant_04,2,day,Town10HD_Opt,2026-03-10 09:48:14.086271,74.4378662109375,70.09188842773438,0.0016482543433085,35.683,0.465,0.868,0.0,0,0,1,,1.0,2026-03-10T09:48:14.086271,neutral,0.503,2026-03-10T09:48:12.087468,0.6392277818387404,2026-03-10T09:48:14.897000,67,,,
participant_03,4,day,Town10HD_Opt,2026-03-10 09:48:14.187487,-46.039920806884766,29.08027076721192,0.0021344756241887,48.788,-0.55,0.869,0.0,0,0,1,,0.961,2026-03-10T09:48:14.187487,neutral,0.972,2026-03-10T09:48:13.241637,0.6601510328178716,2026-03-10T09:47:28.635000,74,,,
participant_03,4,day,Town10HD_Opt,2026-03-10 09:48:15.127533,-37.33695602416992,29.296283721923828,0.0021113203838467,49.124,-0.656,0.73,0.0,0,0,1,,0.953,2026-03-10T09:48:15.127533,neutral,0.972,2026-03-10T09:48:13.241637,0.6692892413168681,2026-03-10T09:47:28.635000,75,,,
participant_04,2,day,Town10HD_Opt,2026-03-10 09:48:15.209829,84.39671325683594,70.16127014160156,0.0017089080065488,49.76,0.284,0.174,0.0,0,0,1,,0.879,2026-03-10T09:48:15.209829,neutral,0.702,2026-03-10T09:48:15.209829,0.6358085454265469,2026-03-10T09:48:15.932000,67,,,
participant_03,4,day,Town10HD_Opt,2026-03-10 09:48:16.043243,-28.61102294921875,29.27889633178711,0.0021424484439194,48.879,-0.627,0.727,0.0,0,0,1,,0.914,2026-03-10T09:48:16.043243,neutral,0.797,2026-03-10T09:48:16.043243,0.6489934840772904,2026-03-10T09:47:28.635000,73,,,
participant_04,2,day,Town10HD_Opt,2026-03-10 09:48:16.046930,92.52284240722656,70.67157745361328,0.0023846053518354,40.662,12.869,0.0,0.0,0,0,1,,1.0,2026-03-10T09:48:16.046930,neutral,0.702,2026-03-10T09:48:15.209829,0.6380145211324539,2026-03-10T09:48:16.921000,67,,,
participant_03,4,day,Town10HD_Opt,2026-03-10 09:48:17.036916,-19.883195877075195,29.035099029541016,0.0021400833502411,48.965,-0.498,0.727,0.0,0,0,1,,0.942,2026-03-10T09:48:17.036916,neutral,0.797,2026-03-10T09:48:16.043243,0.660668613783209,2026-03-10T09:47:28.635000,74,,,errors=Solid line crossing
participant_04,2,day,Town10HD_Opt,2026-03-10 09:48:17.121921,98.979248046875,74.74761962890625,0.0024179839529097,27.152,26.324,0.111,0.0,0,0,1,,0.85,2026-03-10T09:48:17.121921,neutral,0.702,2026-03-10T09:48:15.209829,0.5667763242713517,2026-03-10T09:48:17.912000,68,,,
participant_04,2,day,Town10HD_Opt,2026-03-10 09:48:18.006400,100.16167449951172,79.05223846435547,0.0020555495284497,26.404,11.735,0.519,0.0,0,0,1,,0.876,2026-03-10T09:48:18.006400,neutral,0.66,2026-03-10T09:48:18.006400,0.6613021398147454,2026-03-10T09:48:17.912000,68,,,
participant_03,4,day,Town10HD_Opt,2026-03-10 09:48:18.247147,-8.313658714294434,28.49696159362793,0.0021125411149114,48.534,0.329,0.512,0.0,0,0,1,,1.0,2026-03-10T09:48:18.247147,happy,0.866,2026-03-10T09:48:18.247147,0.7215876221214454,2026-03-10T09:47:28.635000,72,,,
participant_04,2,day,Town10HD_Opt,2026-03-10 09:48:19.112392,100.37252807617188,86.3206558227539,0.0016176223289221,39.778,1.989,0.941,0.0,0,0,1,,0.84,2026-03-10T09:48:19.112392,neutral,0.66,2026-03-10T09:48:18.006400,0.6126311806246341,2026-03-10T09:48:19.982000,65,,,
participant_03,4,day,Town10HD_Opt,2026-03-10 09:48:19.136497,0.1987361162900924,28.21953582763672,0.0020387268159538,48.758,0.642,0.461,0.0,0,0,1,,1.0,2026-03-10T09:48:19.136497,happy,0.866,2026-03-10T09:48:18.247147,0.6716312652330277,2026-03-10T09:47:28.635000,74,,,
participant_03,4,day,Town10HD_Opt,2026-03-10 09:48:20.034466,8.332860946655273,28.15943145751953,0.0023387908004224,41.472,0.555,0.0,0.0,0,0,1,,0.816,2026-03-10T09:48:20.034466,happy,0.866,2026-03-10T09:48:18.247147,0.673345719681551,2026-03-10T09:47:28.635000,73,,,
participant_04,2,day,Town10HD_Opt,2026-03-10 09:48:20.191337,99.58689880371094,97.00057220458984,0.0019532011356204,48.91,4.551,0.422,0.0,0,0,1,,1.0,2026-03-10T09:48:20.191337,neutral,0.637,2026-03-10T09:48:20.191337,0.5767148685290039,2026-03-10T09:48:20.926000,67,,,
participant_04,2,day,Town10HD_Opt,2026-03-10 09:48:21.022555,97.41127014160156,105.1198501586914,0.0021046064794063,46.942,4.924,0.416,0.0,0,0,1,,1.0,2026-03-10T09:48:21.022555,neutral,0.637,2026-03-10T09:48:20.191337,0.5847030211629796,2026-03-10T09:48:21.916000,65,,,
participant_03,4,day,Town10HD_Opt,2026-03-10 09:48:21.200266,16.62810516357422,28.29488754272461,0.0023151016794145,29.427,0.477,0.0,0.0,0,0,1,,0.805,2026-03-10T09:48:21.200266,neutral,0.891,2026-03-10T09:48:21.200266,0.6100457081691399,2026-03-10T09:47:28.635000,74,,,
participant_03,4,day,Town10HD_Opt,2026-03-10 09:48:22.078307,21.198835372924805,28.4459228515625,0.0022673797793686,22.4,0.468,0.099,0.0,0,0,1,,1.0,2026-03-10T09:48:22.078307,neutral,0.891,2026-03-10T09:48:21.200266,0.6555646630341491,2026-03-10T09:47:28.635000,73,,,
participant_04,2,day,Town10HD_Opt,2026-03-10 09:48:22.115194,92.45632934570312,114.5903778076172,0.0021010206546634,44.709,3.49,0.411,0.0,0,0,1,,0.883,2026-03-10T09:48:22.115194,neutral,0.637,2026-03-10T09:48:20.191337,0.5982000605172688,2026-03-10T09:48:22.906000,66,,,
participant_04,2,day,Town10HD_Opt,2026-03-10 09:48:23.231993,85.91512298583984,122.407470703125,0.0020941160619258,42.737,6.08,0.411,0.0,0,0,1,,1.0,2026-03-10T09:48:23.231993,neutral,0.824,2026-03-10T09:48:23.231993,0.5849237689818897,2026-03-10T09:48:23.897000,68,,,
participant_03,4,day,Town10HD_Opt,2026-03-10 09:48:23.275977,25.85063362121582,28.69631576538086,0.0032616043463349,18.138,3.749,0.316,0.0,0,0,1,,0.928,2026-03-10T09:48:23.275977,happy,0.987,2026-03-10T09:48:23.275977,0.6582818231896691,2026-03-10T09:47:28.635000,74,,,
participant_04,2,day,Town10HD_Opt,2026-03-10 09:48:24.065859,80.03003692626953,126.82511138916016,0.002091102534905,41.452,6.687,0.411,0.0,0,0,1,,0.897,2026-03-10T09:48:24.065859,neutral,0.824,2026-03-10T09:48:23.231993,0.5956042996453791,2026-03-10T09:48:24.977000,68,,,
participant_03,4,day,Town10HD_Opt,2026-03-10 09:48:24.204891,29.172163009643555,29.14360618591309,0.0022798536811023,20.39,6.497,0.48,0.0,0,0,1,,0.812,2026-03-10T09:48:24.204891,happy,0.987,2026-03-10T09:48:23.275977,0.634768679921722,2026-03-10T09:47:28.635000,74,,,
participant_03,4,day,Town10HD_Opt,2026-03-10 09:48:25.115590,32.77222442626953,30.237689971923828,0.001960601657629,22.973,13.99,0.465,0.0,0,0,1,,1.0,2026-03-10T09:48:25.115590,happy,0.987,2026-03-10T09:48:23.275977,0.6688010358076009,2026-03-10T09:47:28.635000,76,,,
participant_04,2,day,Town10HD_Opt,2026-03-10 09:48:25.153317,71.22933197021484,130.3314666748047,0.0020714949350804,40.045,6.343,0.411,0.0,0,0,1,,0.803,2026-03-10T09:48:25.153317,neutral,0.824,2026-03-10T09:48:23.231993,0.6318502206737303,2026-03-10T09:48:25.922000,68,,,
participant_04,2,day,Town10HD_Opt,2026-03-10 09:48:26.022713,64.3576431274414,131.23150634765625,0.0020726395305246,39.254,3.702,0.411,0.0,0,0,1,,0.911,2026-03-10T09:48:26.022713,neutral,0.703,2026-03-10T09:48:26.022713,0.5242491579601767,2026-03-10T09:48:26.912000,69,,,
participant_03,4,day,Town10HD_Opt,2026-03-10 09:48:26.034367,36.27240753173828,32.53876876831055,0.0019959257915616,25.342,18.37,0.465,0.0,0,0,1,,1.0,2026-03-10T09:48:26.034367,neutral,0.76,2026-03-10T09:48:26.034367,0.6507671277303522,2026-03-10T09:47:28.635000,75,,,
participant_04,2,day,Town10HD_Opt,2026-03-10 09:48:27.182121,55.28429412841797,131.3521728515625,0.0020606995094567,38.501,0.153,0.411,0.0,0,0,1,,0.835,2026-03-10T09:48:27.182121,neutral,0.703,2026-03-10T09:48:26.022713,0.5957255963550429,2026-03-10T09:48:27.902000,69,,,
participant_03,4,day,Town10HD_Opt,2026-03-10 09:48:27.194680,39.41305160522461,37.79215621948242,0.002019424457103,27.984,18.312,0.465,0.0,0,0,1,,1.0,2026-03-10T09:48:27.194680,neutral,0.76,2026-03-10T09:48:26.034367,0.6711342535492015,2026-03-10T09:47:28.635000,72,Solid line crossing,Solid line crossing,
participant_04,2,day,Town10HD_Opt,2026-03-10 09:48:28.034584,48.58534622192383,131.31790161132812,0.0020580673590302,38.027,0.2,0.411,0.0,0,0,1,,1.0,2026-03-10T09:48:28.034584,happy,0.842,2026-03-10T09:48:28.034584,0.5614226558431522,2026-03-10T09:48:28.892000,70,,,
participant_03,4,day,Town10HD_Opt,2026-03-10 09:48:28.115231,39.83138656616211,42.79832458496094,0.0019956969190388,29.761,3.987,0.0,0.0,0,0,1,,1.0,2026-03-10T09:48:28.115231,fear,0.75,2026-03-10T09:48:28.115231,0.6727945397322157,2026-03-10T09:47:28.635000,73,,,errors=Solid line crossing
participant_03,4,day,Town10HD_Opt,2026-03-10 09:48:29.006836,39.81401443481445,47.51536178588867,0.0023062895052134,22.487,-8.198,0.0,0.369,0,0,1,,1.0,2026-03-10T09:48:29.006836,fear,0.75,2026-03-10T09:48:28.115231,0.6297042450265525,2026-03-10T09:47:28.635000,74,,,
participant_04,2,day,Town10HD_Opt,2026-03-10 09:48:29.193465,39.7724494934082,131.20086669921875,0.0020553588401526,37.498,0.19,0.411,0.0,0,0,1,,0.804,2026-03-10T09:48:29.193465,happy,0.842,2026-03-10T09:48:28.034584,0.611416405065155,2026-03-10T09:48:29.927000,71,,,
participant_04,2,day,Town10HD_Opt,2026-03-10 09:48:30.109688,33.2384147644043,131.08045959472656,0.0020536039955914,37.166,0.176,0.411,0.0,0,0,1,,1.0,2026-03-10T09:48:30.109688,neutral,0.482,2026-03-10T09:48:30.109688,0.630740533480387,2026-03-10T09:48:30.917000,72,,,
participant_03,4,day,Town10HD_Opt,2026-03-10 09:48:30.131017,40.09218215942383,49.74741744995117,0.0021637342870235,0.001,2.784,0.0,0.687,0,0,1,,0.874,2026-03-10T09:48:30.131017,sad,0.396,2026-03-10T09:48:30.131017,0.6519863480401307,2026-03-10T09:47:28.635000,73,,,
participant_04,2,day,Town10HD_Opt,2026-03-10 09:48:31.030416,26.75946044921875,130.927001953125,0.0020520400721579,36.88,-0.092,0.411,0.0,0,0,1,,1.0,2026-03-10T09:48:31.030416,neutral,0.482,2026-03-10T09:48:30.109688,0.5735595162308336,2026-03-10T09:48:31.907000,71,,,
participant_03,4,day,Town10HD_Opt,2026-03-10 09:48:31.267330,40.09226608276367,49.74803924560547,0.0019217299995943,0.135,1.688,0.156,0.0,0,0,1,,1.0,2026-03-10T09:48:31.267330,sad,0.396,2026-03-10T09:48:30.131017,0.6710293906498916,2026-03-10T09:47:28.635000,71,,,
participant_03,4,day,Town10HD_Opt,2026-03-10 09:48:32.101633,40.10606384277344,49.86502456665039,0.0018286514095962,2.186,2.737,0.259,0.0,0,0,1,,0.868,2026-03-10T09:48:32.101633,sad,0.396,2026-03-10T09:48:30.131017,0.7153063965857274,2026-03-10T09:47:28.635000,76,,,
participant_04,2,day,Town10HD_Opt,2026-03-10 09:48:32.162683,18.19202041625977,130.75439453125,0.0020505141001194,36.546,0.007,0.411,0.0,0,0,1,,1.0,2026-03-10T09:48:32.162683,neutral,0.316,2026-03-10T09:48:32.162683,0.57654692244892,2026-03-10T09:48:32.897000,70,,,
participant_04,2,day,Town10HD_Opt,2026-03-10 09:48:33.023603,11.811529159545898,130.6503143310547,0.0020494842901825,36.357,-0.052,0.411,0.0,0,0,1,,1.0,2026-03-10T09:48:33.023603,neutral,0.316,2026-03-10T09:48:32.162683,0.5913572094727512,2026-03-10T09:48:33.931000,71,,,
participant_03,4,day,Town10HD_Opt,2026-03-10 09:48:33.044764,40.17366790771485,50.46768569946289,0.0018351363250985,5.105,2.73,0.247,0.0,0,0,1,,1.0,2026-03-10T09:48:33.044764,fear,0.398,2026-03-10T09:48:33.044764,0.678203186251288,2026-03-10T09:47:28.635000,75,,,
participant_04,2,day,Town10HD_Opt,2026-03-10 09:48:34.188210,3.699318170547485,130.53402709960938,0.0022764967288821,29.83,-0.056,0.0,0.0,0,0,1,,0.825,2026-03-10T09:48:34.188210,disgust,0.647,2026-03-10T09:48:34.188210,0.5746441802485174,2026-03-10T09:48:34.922000,68,,,
participant_03,4,day,Town10HD_Opt,2026-03-10 09:48:34.249812,40.29684829711914,51.72480773925781,0.0019403075566515,5.133,2.706,0.0,0.0,0,0,1,,0.849,2026-03-10T09:48:34.249812,fear,0.398,2026-03-10T09:48:33.044764,0.6414570121427612,2026-03-10T09:47:28.635000,75,,,
participant_04,2,day,Town10HD_Opt,2026-03-10 09:48:35.104299,-1.008681058883667,130.47671508789062,0.0022714994847774,23.064,-0.047,0.0,0.0,0,0,1,,0.808,2026-03-10T09:48:35.104299,disgust,0.647,2026-03-10T09:48:34.188210,0.5769854399142371,2026-03-10T09:48:35.912000,67,,,
participant_03,4,day,Town10HD_Opt,2026-03-10 09:48:35.138102,40.34309387207031,52.2722053527832,0.0021342849358916,0.0,2.706,0.0,0.0,0,0,1,,1.0,2026-03-10T09:48:35.138102,neutral,0.812,2026-03-10T09:48:35.138102,0.6838946097092123,2026-03-10T09:47:28.635000,74,,,
participant_03,4,day,Town10HD_Opt,2026-03-10 09:48:36.044459,40.34407043457031,52.28474426269531,0.0019234084757044,0.087,2.659,0.0,0.0,0,0,1,,1.0,2026-03-10T09:48:36.044459,neutral,0.812,2026-03-10T09:48:35.138102,0.7362363749123287,2026-03-10T09:47:28.635000,75,,,
participant_04,2,day,Town10HD_Opt,2026-03-10 09:48:36.207024,-5.549515247344971,130.42713928222656,0.001987915020436,16.071,-0.047,0.0,0.0,0,0,1,,0.869,2026-03-10T09:48:36.207024,neutral,0.827,2026-03-10T09:48:36.207024,0.5087912518825775,2026-03-10T09:48:36.903000,67,,,
participant_04,2,day,Town10HD_Opt,2026-03-10 09:48:37.074249,-8.052019119262695,130.40219116210938,0.0020366667304188,12.331,-0.047,0.0,0.0,0,0,1,,0.909,2026-03-10T09:48:37.074249,neutral,0.827,2026-03-10T09:48:36.207024,0.4930393105719389,2026-03-10T09:48:37.892000,66,,,
participant_03,4,day,Town10HD_Opt,2026-03-10 09:48:37.125119,40.34539031982422,52.30136489868164,0.0019194411579519,0.062,2.351,0.0,0.0,0,0,1,,1.0,2026-03-10T09:48:37.125119,neutral,0.812,2026-03-10T09:48:35.138102,0.704602678243019,2026-03-10T09:47:28.635000,73,,,
participant_04,2,day,Town10HD_Opt,2026-03-10 09:48:38.135454,-10.52568817138672,130.37908935546875,0.0019331359071657,10.591,-0.047,1.0,0.0,0,0,1,,0.815,2026-03-10T09:48:38.135454,neutral,0.827,2026-03-10T09:48:36.207024,0.4602676465542833,2026-03-10T09:48:38.927000,65,,,
participant_03,4,day,Town10HD_Opt,2026-03-10 09:48:38.211585,40.34634017944336,52.31306838989258,0.0019192504696547,0.045,2.346,0.0,0.0,0,0,1,,1.0,2026-03-10T09:48:38.211585,fear,0.452,2026-03-10T09:48:38.211585,0.6898354805568832,2026-03-10T09:47:28.635000,75,,,
participant_04,2,day,Town10HD_Opt,2026-03-10 09:48:39.011769,-13.48372745513916,130.35336303710938,0.001718025188893,24.069,-0.047,1.0,0.0,0,0,1,,1.0,2026-03-10T09:48:39.011769,neutral,0.686,2026-03-10T09:48:39.011769,0.4919009761569601,2026-03-10T09:48:39.916000,62,,,
participant_03,4,day,Town10HD_Opt,2026-03-10 09:48:39.040874,40.34684371948242,52.31949615478516,0.0019192504696547,0.036,2.332,0.0,0.0,0,0,1,,1.0,2026-03-10T09:48:39.040874,fear,0.452,2026-03-10T09:48:38.211585,0.6969580263587511,2026-03-10T09:47:28.635000,73,,,
participant_04,2,day,Town10HD_Opt,2026-03-10 09:48:40.069558,-21.493581771850582,130.29331970214844,0.0015409850748255,45.366,-0.047,0.947,0.0,0,0,1,,0.843,2026-03-10T09:48:40.069558,neutral,0.686,2026-03-10T09:48:39.011769,0.4923479121489394,2026-03-10T09:48:40.907000,62,,,
participant_03,4,day,Town10HD_Opt,2026-03-10 09:48:40.144197,40.34735107421875,52.32581329345703,0.0019190978491678,0.026,2.313,0.0,0.0,0,0,1,,1.0,2026-03-10T09:48:40.144197,fear,0.452,2026-03-10T09:48:38.211585,0.7255325809966036,2026-03-10T09:47:28.635000,76,,,
participant_04,2,day,Town10HD_Opt,2026-03-10 09:48:41.130626,-32.63459777832031,130.09324645996094,0.0023369216360151,42.131,12.704,0.0,0.0,0,0,1,,0.939,2026-03-10T09:48:41.130626,neutral,0.612,2026-03-10T09:48:41.130626,0.4899705514418179,2026-03-10T09:48:41.897000,64,,,
participant_03,4,day,Town10HD_Opt,2026-03-10 09:48:41.198844,40.34749603271485,52.32766342163086,0.0019187163561582,0.006,2.292,0.0,0.0,0,0,1,,1.0,2026-03-10T09:48:41.198844,neutral,0.943,2026-03-10T09:48:41.198844,0.7109594911001647,2026-03-10T09:47:28.635000,72,,,
participant_03,4,day,Town10HD_Opt,2026-03-10 09:48:42.023520,40.3481674194336,52.33594131469727,0.001912422128953,0.148,2.266,0.0,0.0,0,0,1,,0.833,2026-03-10T09:48:42.023520,neutral,0.943,2026-03-10T09:48:41.198844,0.6906048345841647,2026-03-10T09:47:28.635000,76,,,
participant_04,2,day,Town10HD_Opt,2026-03-10 09:48:42.229123,-39.85125732421875,126.64789581298828,0.002438316354528,28.166,24.724,0.0,0.0,0,0,1,,1.0,2026-03-10T09:48:42.229123,neutral,0.612,2026-03-10T09:48:41.130626,0.5264037542172222,2026-03-10T09:48:42.932000,62,,,
participant_04,2,day,Town10HD_Opt,2026-03-10 09:48:43.077036,-41.55001831054688,122.69723510742188,0.0022796629928052,21.669,12.083,0.372,0.0,0,0,1,,0.887,2026-03-10T09:48:43.077036,neutral,0.612,2026-03-10T09:48:41.130626,0.5344449599526363,2026-03-10T09:48:43.922000,62,,,
participant_03,4,day,Town10HD_Opt,2026-03-10 09:48:43.165221,40.35054397583008,52.3656005859375,0.0019189452286809,0.134,2.254,0.0,0.0,0,0,1,,0.816,2026-03-10T09:48:43.165221,neutral,0.943,2026-03-10T09:48:41.198844,0.7106801081230617,2026-03-10T09:47:28.635000,74,,,
participant_04,2,day,Town10HD_Opt,2026-03-10 09:48:44.224723,-42.297733306884766,116.77661895751952,0.001761665334925,31.763,3.945,0.535,0.0,0,0,1,,0.96,2026-03-10T09:48:44.224723,neutral,0.624,2026-03-10T09:48:44.224723,0.5170974847502556,2026-03-10T09:48:44.912000,62,,,
participant_03,4,day,Town10HD_Opt,2026-03-10 09:48:44.242523,40.3524055480957,52.38885498046875,0.0019195555942133,0.092,2.245,0.0,0.0,0,0,1,,1.0,2026-03-10T09:48:44.242523,neutral,0.877,2026-03-10T09:48:44.242523,0.6246683754888959,2026-03-10T09:47:28.635000,74,,,
participant_03,4,day,Town10HD_Opt,2026-03-10 09:48:45.070499,40.35314178466797,52.39800643920898,0.0019166183192282,0.099,2.238,0.0,0.0,0,0,1,,1.0,2026-03-10T09:48:45.070499,neutral,0.877,2026-03-10T09:48:44.242523,0.607843809245847,2026-03-10T09:47:28.635000,75,,,
participant_04,2,day,Town10HD_Opt,2026-03-10 09:48:45.148057,-42.39371490478516,110.90908813476562,0.0019349288195371,35.261,0.327,0.503,0.0,0,0,1,,1.0,2026-03-10T09:48:45.148057,neutral,0.624,2026-03-10T09:48:44.224723,0.5385854521313398,2026-03-10T09:48:45.902000,61,,,
participant_04,2,day,Town10HD_Opt,2026-03-10 09:48:46.095178,-42.39030838012695,104.572021484375,0.0020065689459443,36.673,-0.341,0.292,0.0,0,0,1,,0.84,2026-03-10T09:48:46.095178,neutral,0.624,2026-03-10T09:48:44.224723,0.5617843881395554,2026-03-10T09:48:46.892000,64,Solid line crossing,Solid line crossing,
participant_03,4,day,Town10HD_Opt,2026-03-10 09:48:46.189012,40.35511779785156,52.422733306884766,0.0019195937784388,0.095,2.235,0.0,0.0,0,0,1,,1.0,2026-03-10T09:48:46.189012,neutral,0.877,2026-03-10T09:48:44.242523,0.6742183653652115,2026-03-10T09:47:28.635000,75,,,
participant_03,4,day,Town10HD_Opt,2026-03-10 09:48:47.017751,40.35624694824219,52.43695831298828,0.0019196700304746,0.073,2.205,0.0,0.0,0,0,1,,1.0,2026-03-10T09:48:47.017751,sad,0.532,2026-03-10T09:48:47.017751,0.6706816477254798,2026-03-10T09:47:28.635000,76,,,
participant_04,2,day,Town10HD_Opt,2026-03-10 09:48:47.225814,-42.36312103271485,96.40238189697266,0.002136840717867,32.932,0.456,0.274,0.0,0,0,1,,1.0,2026-03-10T09:48:47.225814,neutral,0.671,2026-03-10T09:48:47.225814,0.5007631614084679,2026-03-10T09:48:47.927000,64,,,
participant_04,2,day,Town10HD_Opt,2026-03-10 09:48:48.075085,-42.2380256652832,90.84929656982422,0.0021273039747029,30.315,0.284,0.274,0.0,0,0,1,,1.0,2026-03-10T09:48:48.075085,neutral,0.671,2026-03-10T09:48:47.225814,0.5760434366385151,2026-03-10T09:48:48.962000,64,,,
participant_03,4,day,Town10HD_Opt,2026-03-10 09:48:48.143788,40.35736846923828,52.450931549072266,0.0019194030901417,0.197,2.172,0.016,0.0,0,0,1,,1.0,2026-03-10T09:48:48.143788,sad,0.532,2026-03-10T09:48:47.017751,0.646178017198928,2026-03-10T09:47:28.635000,75,,,
participant_03,4,day,Town10HD_Opt,2026-03-10 09:48:49.006957,40.358097076416016,52.46012115478516,0.0019129562424495,0.276,2.172,0.104,0.0,0,0,1,,1.0,2026-03-10T09:48:49.006957,sad,0.532,2026-03-10T09:48:47.017751,0.7009685261325667,2026-03-10T09:47:28.635000,73,,,
participant_04,2,day,Town10HD_Opt,2026-03-10 09:48:49.161066,-42.02512741088867,84.10303497314453,0.0021158980671316,27.297,-0.11,0.234,0.0,0,0,1,,0.856,2026-03-10T09:48:49.161066,neutral,0.671,2026-03-10T09:48:47.225814,0.5182599901207305,2026-03-10T09:48:49.907000,65,,,
participant_04,2,day,Town10HD_Opt,2026-03-10 09:48:50.004371,-41.76006317138672,79.53406524658203,0.002128868130967,24.774,10.61,0.366,0.0,0,0,1,,0.919,2026-03-10T09:48:50.004371,neutral,0.733,2026-03-10T09:48:50.004371,0.6022778304603443,2026-03-10T09:48:50.897000,65,,,
participant_03,4,day,Town10HD_Opt,2026-03-10 09:48:50.110217,40.37165832519531,52.62860107421875,0.0019004440400749,1.203,2.172,0.091,0.0,0,0,1,,1.0,2026-03-10T09:48:50.110217,neutral,0.365,2026-03-10T09:48:50.110217,0.5934198758814089,2026-03-10T09:47:28.635000,74,,,
participant_04,2,day,Town10HD_Opt,2026-03-10 09:48:51.169319,-39.638954162597656,74.21251678466797,0.0020449447911232,25.643,19.786,0.398,0.0,0,0,1,,0.813,2026-03-10T09:48:51.169319,neutral,0.733,2026-03-10T09:48:50.004371,0.5483643678144755,2026-03-10T09:48:51.932000,66,,,
participant_03,4,day,Town10HD_Opt,2026-03-10 09:48:51.214367,40.398555755615234,52.9853515625,0.0019285201560705,1.429,2.139,0.0,0.0,0,0,1,,1.0,2026-03-10T09:48:51.214367,neutral,0.365,2026-03-10T09:48:50.110217,0.6465435290971462,2026-03-10T09:47:28.635000,77,,,
participant_04,2,day,Town10HD_Opt,2026-03-10 09:48:52.019522,-36.22782516479492,71.31336975097656,0.0020793913863599,25.92,19.543,0.37,0.0,0,0,1,,1.0,2026-03-10T09:48:52.019522,neutral,0.792,2026-03-10T09:48:52.019522,0.5442786868972425,2026-03-10T09:48:52.922000,62,,,
participant_03,4,day,Town10HD_Opt,2026-03-10 09:48:52.056065,40.41443634033203,53.20741271972656,0.0019294356461614,1.098,2.139,0.0,0.0,0,0,1,,1.0,2026-03-10T09:48:52.056065,neutral,0.365,2026-03-10T09:48:50.110217,0.6485361975443537,2026-03-10T09:47:28.635000,76,,,
participant_03,4,day,Town10HD_Opt,2026-03-10 09:48:53.121247,40.4294319152832,53.425594329833984,0.001926383934915,0.772,2.139,0.0,0.0,0,0,1,,1.0,2026-03-10T09:48:53.121247,neutral,0.765,2026-03-10T09:48:53.121247,0.60248234793548,2026-03-10T09:47:28.635000,76,,,
participant_04,2,day,Town10HD_Opt,2026-03-10 09:48:53.162014,-30.414979934692383,70.008056640625,0.0020672224927693,25.852,8.415,0.347,0.0,0,0,1,,0.892,2026-03-10T09:48:53.162014,neutral,0.792,2026-03-10T09:48:52.019522,0.470126565113198,2026-03-10T09:48:53.912000,65,,,
participant_04,2,day,Town10HD_Opt,2026-03-10 09:48:54.046011,-25.90091896057129,70.05767822265625,0.0020545958541333,25.606,-0.834,0.337,0.0,0,0,1,,0.84,2026-03-10T09:48:54.046011,neutral,0.58,2026-03-10T09:48:54.046011,0.5680301813897781,2026-03-10T09:48:54.902000,64,,,
participant_03,4,day,Town10HD_Opt,2026-03-10 09:48:54.258728,40.43946075439453,53.57846450805664,0.0019004821078851,1.275,2.139,0.483,0.0,0,0,1,,1.0,2026-03-10T09:48:54.258728,neutral,0.765,2026-03-10T09:48:53.121247,0.7277236596302304,2026-03-10T09:47:28.635000,75,,,
participant_03,4,day,Town10HD_Opt,2026-03-10 09:48:55.104270,40.49748992919922,54.52146911621094,0.0015222167130559,12.115,2.134,0.863,0.0,0,0,1,,0.814,2026-03-10T09:48:55.104270,neutral,0.765,2026-03-10T09:48:53.121247,0.6135663685929253,2026-03-10T09:47:28.635000,75,,,
participant_04,2,day,Town10HD_Opt,2026-03-10 09:48:55.204891,-19.96896171569824,70.10012817382812,0.0020531080663204,25.187,-1.65,0.341,0.0,0,0,1,,1.0,2026-03-10T09:48:55.204891,neutral,0.58,2026-03-10T09:48:54.046011,0.5455168991349246,2026-03-10T09:48:55.937000,66,,,
participant_04,2,day,Town10HD_Opt,2026-03-10 09:48:56.042035,-15.577058792114258,70.00431823730469,0.0020515441428869,24.95,-0.472,0.341,0.0,0,0,1,,1.0,2026-03-10T09:48:56.042035,neutral,0.58,2026-03-10T09:48:54.046011,0.5486805263355353,2026-03-10T09:48:56.927000,67,,,
participant_03,4,day,Town10HD_Opt,2026-03-10 09:48:56.062391,40.67007446289063,57.51812362670898,0.0018730544252321,21.256,-2.508,0.636,0.0,0,0,1,,1.0,2026-03-10T09:48:56.062391,neutral,0.735,2026-03-10T09:48:56.062391,0.6444008170471509,2026-03-10T09:47:28.635000,76,,,
participant_03,4,day,Town10HD_Opt,2026-03-10 09:48:56.996491,41.32776641845703,61.69907760620117,0.0018355941865593,27.857,-11.907,0.634,0.0,0,0,1,,1.0,2026-03-10T09:48:56.996491,neutral,0.735,2026-03-10T09:48:56.062391,0.7042536096516636,2026-03-10T09:47:28.635000,74,,,
participant_04,2,day,Town10HD_Opt,2026-03-10 09:48:57.196696,-9.78283405303955,69.7909927368164,0.0020502470433712,24.671,0.153,0.341,0.0,0,0,1,,1.0,2026-03-10T09:48:57.196696,disgust,0.664,2026-03-10T09:48:57.196696,0.5379914556412426,2026-03-10T09:48:57.916000,65,,,
participant_04,2,day,Town10HD_Opt,2026-03-10 09:48:58.089882,-5.4749755859375,69.658447265625,0.0020494079217314,24.507,0.714,0.341,0.0,0,0,1,,1.0,2026-03-10T09:48:58.089882,disgust,0.664,2026-03-10T09:48:57.196696,0.5667224424156948,2026-03-10T09:48:58.906000,65,,,
participant_03,4,day,Town10HD_Opt,2026-03-10 09:48:58.189282,45.089115142822266,67.79254913330078,0.0019223403651267,34.943,-19.832,0.628,0.0,0,0,1,,1.0,2026-03-10T09:48:58.189282,sad,0.691,2026-03-10T09:48:58.189282,0.6937762330766075,2026-03-10T09:47:28.635000,73,,,
participant_03,4,day,Town10HD_Opt,2026-03-10 09:48:59.116739,50.91287612915039,70.39007568359375,0.0019345473265275,39.384,-12.876,0.627,0.0,0,0,1,,0.86,2026-03-10T09:48:59.116739,sad,0.691,2026-03-10T09:48:58.189282,0.6236074314800685,2026-03-10T09:47:28.635000,74,,,
participant_04,2,day,Town10HD_Opt,2026-03-10 09:48:59.142760,0.2272694706916809,69.58619689941406,0.0020485685672611,24.317,0.649,0.341,0.0,0,0,1,,1.0,2026-03-10T09:48:59.142760,disgust,0.664,2026-03-10T09:48:57.196696,0.5747334776951092,2026-03-10T09:48:59.897000,66,,,
participant_03,4,day,Town10HD_Opt,2026-03-10 09:49:00.059467,58.14082717895508,70.58519744873047,0.0019042968051508,43.912,-2.087,0.626,0.0,0,0,1,,1.0,2026-03-10T09:49:00.059467,sad,0.691,2026-03-10T09:48:58.189282,0.6952339877098838,2026-03-10T09:47:28.635000,73,,,
participant_04,2,day,Town10HD_Opt,2026-03-10 09:49:00.191344,5.887117385864258,69.62307739257812,0.0020478058140724,24.142,0.649,0.341,0.0,0,0,1,,1.0,2026-03-10T09:49:00.191344,neutral,0.856,2026-03-10T09:49:00.191344,0.5610755550987033,2026-03-10T09:49:00.932000,69,,,
participant_04,2,day,Town10HD_Opt,2026-03-10 09:49:00.993497,10.10447597503662,69.71953582763672,0.0020542526617646,23.829,0.045,0.139,0.0,0,0,1,,1.0,2026-03-10T09:49:00.993497,neutral,0.856,2026-03-10T09:49:00.191344,0.5943973325383827,2026-03-10T09:49:00.932000,70,,,
participant_03,4,day,Town10HD_Opt,2026-03-10 09:49:01.258614,67.9913101196289,70.09430694580078,0.0023296736180782,36.69,3.396,0.189,0.0,0,0,1,,0.906,2026-03-10T09:49:01.258614,neutral,0.924,2026-03-10T09:49:01.258614,0.6795257984857872,2026-03-10T09:47:28.635000,73,,,
participant_04,2,day,Town10HD_Opt,2026-03-10 09:49:02.060955,14.972326278686523,69.81775665283203,0.0019818113651126,17.264,-0.223,0.0,0.085,0,0,1,,0.834,2026-03-10T09:49:02.060955,neutral,0.856,2026-03-10T09:49:00.191344,0.6119426947433042,2026-03-10T09:49:02.912000,72,,,
participant_03,4,day,Town10HD_Opt,2026-03-10 09:49:02.136486,73.98082733154297,70.39314270019531,0.0022449111565947,30.938,0.237,0.0,0.0,0,0,1,,0.821,2026-03-10T09:49:02.136486,neutral,0.924,2026-03-10T09:49:01.258614,0.761255841823917,2026-03-10T09:47:28.635000,73,,,
participant_03,4,day,Town10HD_Opt,2026-03-10 09:49:03.215858,79.98661804199219,70.78524017333984,0.0023051069583743,20.383,-1.286,0.0,0.235,0,0,1,,0.881,2026-03-10T09:49:03.215858,neutral,0.924,2026-03-10T09:49:01.258614,0.6840920359821905,2026-03-10T09:47:28.635000,77,,,
participant_04,2,day,Town10HD_Opt,2026-03-10 09:49:03.218960,18.33135032653809,69.867919921875,0.0020519637037068,11.19,0.092,0.0,0.086,0,0,1,,1.0,2026-03-10T09:49:03.218960,neutral,0.633,2026-03-10T09:49:03.218960,0.6720006370070004,2026-03-10T09:49:03.903000,69,,,
participant_03,4,day,Town10HD_Opt,2026-03-10 09:49:04.039344,83.05414581298828,70.89115905761719,0.0020374679006636,14.965,-2.428,0.0,0.206,0,0,1,,0.83,2026-03-10T09:49:04.039344,fear,0.831,2026-03-10T09:49:04.039344,0.662284746496717,2026-03-10T09:47:28.635000,75,,,
participant_04,2,day,Town10HD_Opt,2026-03-10 09:49:04.060704,20.056047439575195,69.89649963378906,0.0020162963774055,8.316,0.07,0.0,0.0,0,0,1,,1.0,2026-03-10T09:49:04.060704,neutral,0.633,2026-03-10T09:49:03.218960,0.7689827633732353,2026-03-10T09:49:04.937000,68,,,
participant_03,4,day,Town10HD_Opt,2026-03-10 09:49:05.166209,85.78658294677734,70.87346649169922,0.0020877073984593,8.021,-1.949,0.0,0.338,0,0,1,,0.977,2026-03-10T09:49:05.166209,fear,0.831,2026-03-10T09:49:04.039344,0.6336743410546813,2026-03-10T09:47:28.635000,75,,,
participant_04,2,day,Town10HD_Opt,2026-03-10 09:49:05.234882,21.697185516357425,69.92407989501953,0.0019641113467514,5.786,0.026,0.0,0.0,0,0,1,,0.8,2026-03-10T09:49:05.234882,disgust,0.707,2026-03-10T09:49:05.234882,0.8391857551984754,2026-03-10T09:49:05.927000,69,,,
participant_04,2,day,Town10HD_Opt,2026-03-10 09:49:06.107292,22.612682342529297,69.93960571289062,0.0019620894454419,4.515,0.026,0.0,0.0,0,0,1,,1.0,2026-03-10T09:49:06.107292,disgust,0.707,2026-03-10T09:49:05.234882,0.8953824373803553,2026-03-10T09:49:06.917000,68,,,
participant_03,4,day,Town10HD_Opt,2026-03-10 09:49:06.244755,86.48748779296875,70.8556900024414,0.0019989013671875,0.0,-1.831,0.0,0.318,0,0,1,,0.989,2026-03-10T09:49:06.244755,neutral,0.907,2026-03-10T09:49:06.244755,0.6381646846612354,2026-03-10T09:47:28.635000,73,,,
participant_03,4,day,Town10HD_Opt,2026-03-10 09:49:07.023249,86.48757934570312,70.85569763183594,0.0019224929856136,0.001,-1.76,0.0,0.0,0,0,1,,0.991,2026-03-10T09:49:07.023249,neutral,0.907,2026-03-10T09:49:06.244755,0.6349036555207319,2026-03-10T09:47:28.635000,72,,,
participant_04,2,day,Town10HD_Opt,2026-03-10 09:49:07.230646,23.48932838439941,69.95458984375,0.001939010573551,3.339,0.021,0.0,0.0,0,0,1,,0.835,2026-03-10T09:49:07.230646,disgust,0.707,2026-03-10T09:49:05.234882,0.8862134490529354,2026-03-10T09:49:07.907000,71,,,
participant_03,4,day,Town10HD_Opt,2026-03-10 09:49:08.059529,86.48758697509766,70.85569763183594,0.0019191360333934,0.0,-1.231,0.0,0.0,0,0,1,,0.96,2026-03-10T09:49:08.059529,neutral,0.907,2026-03-10T09:49:06.244755,0.7227783718959352,2026-03-10T09:47:28.635000,73,,,
participant_04,2,day,Town10HD_Opt,2026-03-10 09:49:08.062869,24.06035041809082,69.9643325805664,0.0019300079438835,3.255,-0.002,0.104,0.0,0,0,1,,1.0,2026-03-10T09:49:08.062869,neutral,0.784,2026-03-10T09:49:08.062869,0.8896141343764686,2026-03-10T09:49:07.907000,68,,,
participant_03,4,day,Town10HD_Opt,2026-03-10 09:49:09.089982,86.79572296142578,70.84798431396484,0.0017392348963767,4.822,-0.562,0.467,0.0,0,0,1,,0.955,2026-03-10T09:49:09.089982,neutral,0.839,2026-03-10T09:49:09.089982,0.6686532159401172,2026-03-10T09:47:28.635000,76,,,
participant_04,2,day,Town10HD_Opt,2026-03-10 09:49:09.190806,24.795312881469727,69.97679901123047,0.0019329452188685,3.023,-0.007,0.0,0.0,0,0,1,,1.0,2026-03-10T09:49:09.190806,neutral,0.784,2026-03-10T09:49:08.062869,0.9303231476653814,2026-03-10T09:49:09.932000,70,,,
participant_04,2,day,Town10HD_Opt,2026-03-10 09:49:10.063992,25.27286148071289,69.98480987548828,0.0019470977131277,2.443,-0.023,0.0,0.0,0,0,1,,1.0,2026-03-10T09:49:10.063992,disgust,0.657,2026-03-10T09:49:10.063992,0.8661437380733503,2026-03-10T09:49:10.922000,68,,,
participant_03,4,day,Town10HD_Opt,2026-03-10 09:49:10.153397,88.77347564697266,70.87991333007812,0.0017562865978106,12.117,8.446,0.434,0.0,0,0,1,,0.928,2026-03-10T09:49:10.153397,neutral,0.839,2026-03-10T09:49:09.089982,0.6905443042984475,2026-03-10T09:47:28.635000,75,,,
participant_04,2,day,Town10HD_Opt,2026-03-10 09:49:11.214266,25.786989212036133,69.99333953857422,0.0019361877348273,1.838,-0.049,0.0,0.0,0,0,1,,1.0,2026-03-10T09:49:11.214266,disgust,0.657,2026-03-10T09:49:10.063992,0.9481504994575888,2026-03-10T09:49:11.913000,68,,,
participant_03,4,day,Town10HD_Opt,2026-03-10 09:49:11.245182,92.1030044555664,71.60340881347656,0.0018209075788035,17.378,21.266,0.433,0.0,0,0,1,,0.922,2026-03-10T09:49:11.245182,neutral,0.986,2026-03-10T09:49:11.245182,0.7285043233386937,2026-03-10T09:47:28.635000,75,,,
participant_04,2,day,Town10HD_Opt,2026-03-10 09:49:12.001668,26.005651473999023,69.99691009521484,0.0020171354990452,0.0,-0.082,0.0,0.023,0,0,1,,1.0,2026-03-10T09:49:12.001668,disgust,0.657,2026-03-10T09:49:10.063992,0.934721185388372,2026-03-10T09:49:12.902000,69,,,
participant_03,4,day,Town10HD_Opt,2026-03-10 09:49:12.041558,94.75144958496094,73.33031463623047,0.0020919798407703,18.751,25.786,0.433,0.0,0,0,1,,0.915,2026-03-10T09:49:12.041558,neutral,0.986,2026-03-10T09:49:11.245182,0.5735958536511597,2026-03-10T09:47:28.635000,75,,,
participant_04,2,day,Town10HD_Opt,2026-03-10 09:49:13.102283,26.014583587646484,69.99700927734375,0.0018748092697933,1.984,-0.11,0.891,0.0,0,0,1,,1.0,2026-03-10T09:49:13.102283,neutral,0.803,2026-03-10T09:49:13.102283,0.901136136356455,2026-03-10T09:49:13.941000,68,,,
participant_03,4,day,Town10HD_Opt,2026-03-10 09:49:13.113466,97.00906372070312,77.30099487304688,0.0020161818247288,21.473,20.943,0.434,0.0,0,0,1,,0.923,2026-03-10T09:49:13.113466,neutral,0.986,2026-03-10T09:49:11.245182,0.7190893699274733,2026-03-10T09:47:28.635000,74,,,
participant_03,4,day,Town10HD_Opt,2026-03-10 09:49:14.175349,97.66932678222656,82.57744598388672,0.0019811247475445,24.352,3.957,0.432,0.0,0,0,1,,1.0,2026-03-10T09:49:14.175349,neutral,0.965,2026-03-10T09:49:14.175349,0.6701502958107917,2026-03-10T09:47:28.635000,76,,,
participant_04,2,day,Town10HD_Opt,2026-03-10 09:49:14.234006,28.25550651550293,70.01384735107422,0.0015568542294204,18.717,-4.098,0.718,0.0,0,0,1,,0.836,2026-03-10T09:49:14.234006,neutral,0.803,2026-03-10T09:49:13.102283,0.9156449101852424,2026-03-10T09:49:14.927000,69,,,errors=Stop sign violation
participant_04,2,day,Town10HD_Opt,2026-03-10 09:49:15.119624,31.852508544921875,69.66873168945312,0.0018894576933234,23.26,-9.952,0.512,0.0,0,0,1,,0.891,2026-03-10T09:49:15.119624,neutral,0.528,2026-03-10T09:49:15.119624,0.9421037075474762,2026-03-10T09:49:15.917000,67,,,
participant_03,4,day,Town10HD_Opt,2026-03-10 09:49:15.244867,97.66038513183594,88.51715850830078,0.0019886780064553,26.703,3.156,0.432,0.0,0,0,1,,1.0,2026-03-10T09:49:15.244867,neutral,0.965,2026-03-10T09:49:14.175349,0.6853363542050761,2026-03-10T09:47:28.635000,74,,,
participant_04,2,day,Town10HD_Opt,2026-03-10 09:49:15.998416,35.94948196411133,68.43694305419922,0.0020547485910356,24.352,-9.586,0.0,0.0,0,0,1,,0.895,2026-03-10T09:49:15.998416,neutral,0.528,2026-03-10T09:49:15.119624,0.8779736654119467,2026-03-10T09:49:16.907000,66,,,
participant_03,4,day,Town10HD_Opt,2026-03-10 09:49:16.080296,97.26647186279295,93.2965316772461,0.0019945143721997,28.235,2.158,0.432,0.0,0,0,1,,1.0,2026-03-10T09:49:16.080296,neutral,0.965,2026-03-10T09:49:14.175349,0.6347982904695283,2026-03-10T09:47:28.635000,76,,,
participant_04,2,day,Town10HD_Opt,2026-03-10 09:49:17.088626,40.13043594360352,65.98561096191406,0.0019803238101303,17.062,-10.802,0.0,0.084,0,0,1,,0.929,2026-03-10T09:49:17.088626,neutral,0.528,2026-03-10T09:49:15.119624,0.9135786147017406,2026-03-10T09:49:17.942000,66,,,
participant_03,4,day,Town10HD_Opt,2026-03-10 09:49:17.223208,96.27976989746094,100.00631713867188,0.0020019530784338,29.993,2.026,0.433,0.0,0,0,1,,0.824,2026-03-10T09:49:17.223208,neutral,0.979,2026-03-10T09:49:17.223208,0.6377294434015176,2026-03-10T09:47:28.635000,75,,,
participant_03,4,day,Town10HD_Opt,2026-03-10 09:49:18.053794,95.1683349609375,105.22840881347656,0.0020072173792868,31.122,2.379,0.433,0.0,0,0,1,,1.0,2026-03-10T09:49:18.053794,neutral,0.979,2026-03-10T09:49:17.223208,0.6874882549319778,2026-03-10T09:47:28.635000,72,,,errors=Solid line crossing
participant_04,2,day,Town10HD_Opt,2026-03-10 09:49:18.213065,42.47154998779297,63.68233871459961,0.0020598983392119,11.045,-10.891,0.0,0.104,0,0,1,,0.921,2026-03-10T09:49:18.213065,neutral,0.619,2026-03-10T09:49:18.213065,0.9201790285028184,2026-03-10T09:49:18.932000,68,,,
participant_04,2,day,Town10HD_Opt,2026-03-10 09:49:19.050388,43.54558181762695,62.22348403930664,0.0017671203240752,13.166,-13.477,0.86,0.0,0,0,1,,0.935,2026-03-10T09:49:19.050388,neutral,0.619,2026-03-10T09:49:18.213065,0.9087225681093308,2026-03-10T09:49:19.922000,68,,,
participant_03,4,day,Town10HD_Opt,2026-03-10 09:49:19.128198,93.0244140625,112.30859375,0.0020152663346379,32.426,4.707,0.432,0.0,0,0,1,,1.0,2026-03-10T09:49:19.128198,neutral,0.979,2026-03-10T09:49:17.223208,0.7633183313527171,2026-03-10T09:47:28.635000,73,,,
participant_04,2,day,Town10HD_Opt,2026-03-10 09:49:20.177585,45.31515884399414,57.98899459838867,0.0017655562842264,26.631,-16.206,0.665,0.0,0,0,1,,0.904,2026-03-10T09:49:20.177585,neutral,0.619,2026-03-10T09:49:18.213065,0.9108721756911988,2026-03-10T09:49:20.912000,67,,,
participant_03,4,day,Town10HD_Opt,2026-03-10 09:49:20.240058,89.49172973632812,119.07202911376952,0.0020322799682617,33.29,9.086,0.432,0.0,0,0,1,,0.906,2026-03-10T09:49:20.240058,neutral,0.947,2026-03-10T09:49:20.240058,0.7080669518520544,2026-03-10T09:47:28.635000,72,,,
participant_04,2,day,Town10HD_Opt,2026-03-10 09:49:21.040160,45.56425857543945,53.06208038330078,0.0021139143500477,27.518,-12.597,0.0,0.0,0,0,1,,0.833,2026-03-10T09:49:21.040160,sad,0.364,2026-03-10T09:49:21.040160,0.9760767822652195,2026-03-10T09:49:21.903000,69,,,
participant_03,4,day,Town10HD_Opt,2026-03-10 09:49:21.085910,85.42122650146484,123.24097442626952,0.0020447159186005,33.688,10.531,0.433,0.0,0,0,1,,1.0,2026-03-10T09:49:21.085910,neutral,0.947,2026-03-10T09:49:20.240058,0.7185553361961999,2026-03-10T09:47:28.635000,76,,,
participant_04,2,day,Town10HD_Opt,2026-03-10 09:49:22.143678,44.514408111572266,47.69245147705078,0.0022445677313953,19.029,2.017,0.0,0.0,0,0,1,,0.952,2026-03-10T09:49:22.143678,sad,0.364,2026-03-10T09:49:21.040160,0.9616567880014736,2026-03-10T09:49:23.027000,69,,,
participant_03,4,day,Town10HD_Opt,2026-03-10 09:49:22.263419,78.44949340820312,126.98574829101562,0.0020275115966796,34.461,2.33,0.433,0.0,0,0,1,,0.833,2026-03-10T09:49:22.263419,neutral,0.972,2026-03-10T09:49:22.263419,0.6602543685290015,2026-03-10T09:47:28.635000,74,,,
participant_04,2,day,Town10HD_Opt,2026-03-10 09:49:23.012169,44.109169006347656,44.78113555908203,0.0020786665845662,13.969,9.449,0.0,0.234,0,0,1,,0.881,2026-03-10T09:49:23.012169,sad,0.364,2026-03-10T09:49:21.040160,0.902989184334169,2026-03-10T09:49:23.928000,67,,,
participant_03,4,day,Town10HD_Opt,2026-03-10 09:49:23.170956,72.73809051513672,129.03367614746094,0.0020297621376812,34.962,5.297,0.433,0.0,0,0,1,,1.0,2026-03-10T09:49:23.170956,neutral,0.972,2026-03-10T09:49:22.263419,0.6439262503560331,2026-03-10T09:47:28.635000,72,,,
participant_03,4,day,Town10HD_Opt,2026-03-10 09:49:24.025900,66.71436309814453,130.2340850830078,0.0020341873168945,35.371,5.222,0.433,0.0,0,0,1,,1.0,2026-03-10T09:49:24.025900,neutral,0.972,2026-03-10T09:49:22.263419,0.6367022212762986,2026-03-10T09:47:28.635000,75,,,
participant_04,2,day,Town10HD_Opt,2026-03-10 09:49:24.094689,44.06057357788086,42.22362518310547,0.0020605085883289,7.811,0.376,0.0,0.222,0,0,1,,0.937,2026-03-10T09:49:24.094689,neutral,0.494,2026-03-10T09:49:24.094689,0.8892268281046298,2026-03-10T09:49:24.965000,65,,,
participant_03,4,day,Town10HD_Opt,2026-03-10 09:49:25.177770,58.42203903198242,130.35855102539062,0.0020321272313594,35.887,0.731,0.433,0.0,0,0,1,,1.0,2026-03-10T09:49:25.177770,neutral,0.933,2026-03-10T09:49:25.177770,0.6484034703515907,2026-03-10T09:47:28.635000,74,,,errors=Solid line crossing
participant_04,2,day,Town10HD_Opt,2026-03-10 09:49:25.214628,44.03386688232422,41.19465255737305,0.0017789077246561,5.534,3.142,0.969,0.0,0,0,1,,0.922,2026-03-10T09:49:25.214628,neutral,0.494,2026-03-10T09:49:24.094689,0.9141806041448856,2026-03-10T09:49:25.907000,64,,,
participant_04,2,day,Town10HD_Opt,2026-03-10 09:49:26.026389,44.09175109863281,39.0023193359375,0.0016792296664789,19.71,6.554,0.76,0.0,0,0,1,,0.942,2026-03-10T09:49:26.026389,neutral,0.494,2026-03-10T09:49:24.094689,0.9798010230655742,2026-03-10T09:49:26.942000,64,,,
participant_03,4,day,Town10HD_Opt,2026-03-10 09:49:26.040536,52.123626708984375,129.98399353027344,0.0020317076705396,36.244,-2.287,0.433,0.0,0,0,1,,1.0,2026-03-10T09:49:26.040536,neutral,0.933,2026-03-10T09:49:25.177770,0.5858231220126373,2026-03-10T09:47:28.635000,73,,,
participant_04,2,day,Town10HD_Opt,2026-03-10 09:49:27.107568,45.30293655395508,33.60765075683594,0.0019425963982939,26.958,15.946,0.426,0.0,0,0,1,,1.0,2026-03-10T09:49:27.107568,neutral,0.757,2026-03-10T09:49:27.107568,0.845622234368318,2026-03-10T09:49:27.933000,66,,,
participant_03,4,day,Town10HD_Opt,2026-03-10 09:49:27.173288,43.6220703125,130.01861572265625,0.001982040470466,36.657,-0.195,0.433,0.0,0,0,1,,1.0,2026-03-10T09:49:27.173288,neutral,0.933,2026-03-10T09:49:25.177770,0.6389376456237942,2026-03-10T09:47:28.635000,76,,,
participant_03,4,day,Town10HD_Opt,2026-03-10 09:49:28.006503,37.18782806396485,130.2036895751953,0.0020333097781986,36.941,0.031,0.432,0.0,0,0,1,,1.0,2026-03-10T09:49:28.006503,neutral,0.9,2026-03-10T09:49:28.006503,0.6455202930970646,2026-03-10T09:47:28.635000,75,,,
participant_04,2,day,Town10HD_Opt,2026-03-10 09:49:28.203467,49.425907135009766,28.928815841674805,0.0020802307408303,27.715,21.969,0.418,0.0,0,0,1,,1.0,2026-03-10T09:49:28.203467,neutral,0.757,2026-03-10T09:49:27.107568,0.934058085720476,2026-03-10T09:49:28.922000,66,,,
participant_04,2,day,Town10HD_Opt,2026-03-10 09:49:29.064545,54.045555114746094,27.373952865600582,0.0020544815342873,28.148,6.265,0.32,0.0,0,0,1,,0.813,2026-03-10T09:49:29.064545,neutral,0.757,2026-03-10T09:49:27.107568,0.9183924690924764,2026-03-10T09:49:29.912000,69,,,
participant_03,4,day,Town10HD_Opt,2026-03-10 09:49:29.191388,28.54094696044922,130.44683837890625,0.0020354841835796,37.23,0.038,0.433,0.0,0,0,1,,1.0,2026-03-10T09:49:29.191388,neutral,0.9,2026-03-10T09:49:28.006503,0.6609200923636647,2026-03-10T09:47:28.635000,74,,,
participant_03,4,day,Town10HD_Opt,2026-03-10 09:49:30.061733,22.012508392333984,130.6188507080078,0.0020365142263472,37.421,0.096,0.433,0.0,0,0,1,,0.822,2026-03-10T09:49:30.061733,neutral,0.973,2026-03-10T09:49:30.061733,0.67320442372935,2026-03-10T09:47:28.635000,74,,,
participant_04,2,day,Town10HD_Opt,2026-03-10 09:49:30.149671,60.3571891784668,26.45615005493164,0.002147254999727,25.308,1.354,0.665,0.0,0,0,1,,1.0,2026-03-10T09:49:30.149671,sad,0.354,2026-03-10T09:49:30.149671,0.9786493764315782,2026-03-10T09:49:30.904000,68,,,
participant_03,4,day,Town10HD_Opt,2026-03-10 09:49:31.176949,13.258198738098145,130.81451416015625,0.0020367430988699,37.656,0.153,0.434,0.0,0,0,1,,1.0,2026-03-10T09:49:31.176949,neutral,0.973,2026-03-10T09:49:30.061733,0.6824324540844827,2026-03-10T09:47:28.635000,72,,,
participant_04,2,day,Town10HD_Opt,2026-03-10 09:49:31.217060,67.55353546142578,25.867149353027344,0.0015673064626753,40.915,1.551,0.712,0.0,0,0,1,,0.812,2026-03-10T09:49:31.217060,sad,0.354,2026-03-10T09:49:30.149671,0.9699605290617158,2026-03-10T09:49:31.937000,71,,,
participant_04,2,day,Town10HD_Opt,2026-03-10 09:49:32.024918,74.39642333984375,25.63248634338379,0.0023254775442183,34.252,1.208,0.27,0.0,0,0,1,,0.837,2026-03-10T09:49:32.024918,sad,0.354,2026-03-10T09:49:30.149671,0.8719890909506534,2026-03-10T09:49:32.927000,72,,,
participant_03,4,day,Town10HD_Opt,2026-03-10 09:49:32.253885,4.448777198791504,130.9550323486328,0.002037429716438,37.872,0.153,0.434,0.0,0,0,1,,0.855,2026-03-10T09:49:32.253885,neutral,0.856,2026-03-10T09:49:32.253885,0.66733740444174,2026-03-10T09:47:28.635000,73,,,
participant_03,4,day,Town10HD_Opt,2026-03-10 09:49:33.097027,-2.189624309539795,131.02195739746094,0.0020383833907544,38.002,0.153,0.434,0.0,0,0,1,,1.0,2026-03-10T09:49:33.097027,neutral,0.856,2026-03-10T09:49:32.253885,0.644676695885748,2026-03-10T09:47:28.635000,76,,,
participant_04,2,day,Town10HD_Opt,2026-03-10 09:49:33.114275,83.26750946044922,25.76095199584961,0.0015934753464534,47.131,0.59,0.78,0.0,0,0,1,,0.86,2026-03-10T09:49:33.114275,neutral,0.613,2026-03-10T09:49:33.114275,0.9785807174128828,2026-03-10T09:49:33.917000,73,,,
participant_04,2,day,Town10HD_Opt,2026-03-10 09:49:34.163615,93.7061004638672,25.333051681518555,0.0023770141415297,38.043,-9.047,0.024,0.0,0,0,1,,1.0,2026-03-10T09:49:34.163615,neutral,0.613,2026-03-10T09:49:33.114275,0.8373640597251379,2026-03-10T09:49:34.908000,73,,,
participant_03,4,day,Town10HD_Opt,2026-03-10 09:49:34.215268,-10.820920944213867,131.05715942382812,0.0021849060431122,34.203,0.71,0.171,0.151,0,0,1,,0.884,2026-03-10T09:49:34.215268,neutral,0.856,2026-03-10T09:49:32.253885,0.5894000736088375,2026-03-10T09:47:28.635000,74,,,
participant_04,2,day,Town10HD_Opt,2026-03-10 09:49:35.045202,99.4744873046875,23.057025909423828,0.0020834731403738,35.504,-15.112,0.672,0.0,0,0,1,,0.858,2026-03-10T09:49:35.045202,neutral,0.613,2026-03-10T09:49:33.114275,0.9552056955675736,2026-03-10T09:49:35.897000,73,,,
participant_03,4,day,Town10HD_Opt,2026-03-10 09:49:35.121130,-16.26204490661621,130.9882049560547,0.0023369980044662,26.168,0.78,0.0,0.333,0,0,1,,0.855,2026-03-10T09:49:35.121130,happy,0.598,2026-03-10T09:49:35.121130,0.6449220750033866,2026-03-10T09:47:28.635000,74,,,
participant_04,2,day,Town10HD_Opt,2026-03-10 09:49:36.114409,105.08228302001952,16.136089324951172,0.0020579528063535,41.109,-14.805,0.0,0.0,0,0,1,,0.835,2026-03-10T09:49:36.114409,neutral,0.874,2026-03-10T09:49:36.114409,0.9587966353697044,2026-03-10T09:49:36.932000,70,,,
participant_03,4,day,Town10HD_Opt,2026-03-10 09:49:36.232695,-21.115175247192383,130.82647705078125,0.00208106986247,14.621,0.658,0.0,0.392,0,0,1,,0.834,2026-03-10T09:49:36.232695,happy,0.598,2026-03-10T09:49:35.121130,0.6290363938319781,2026-03-10T09:47:28.635000,72,,,
participant_03,4,day,Town10HD_Opt,2026-03-10 09:49:37.109242,-23.263500213623047,130.7252960205078,0.0020922468975186,9.619,0.663,0.0,0.251,0,0,1,,0.832,2026-03-10T09:49:37.109242,happy,0.598,2026-03-10T09:49:35.121130,0.6865770892706025,2026-03-10T09:47:28.635000,73,,,
participant_04,2,day,Town10HD_Opt,2026-03-10 09:49:37.162157,105.69329071044922,8.024374961853027,0.0023332594428211,29.229,-3.304,0.0,0.0,0,0,1,,1.0,2026-03-10T09:49:37.162157,neutral,0.874,2026-03-10T09:49:36.114409,0.99,2026-03-10T09:49:37.923000,69,,,
participant_04,2,day,Town10HD_Opt,2026-03-10 09:49:38.006322,105.07264709472656,3.4549598693847656,0.0021926879417151,24.016,17.941,0.275,0.0,0,0,1,,0.906,2026-03-10T09:49:38.006322,neutral,0.874,2026-03-10T09:49:36.114409,0.9398084106037672,2026-03-10T09:49:38.912000,71,,,
participant_03,4,day,Town10HD_Opt,2026-03-10 09:49:38.223904,-24.920988082885746,130.6376495361328,0.0020201874431222,2.975,0.67,0.0,0.129,0,0,1,,0.806,2026-03-10T09:49:38.223904,happy,0.87,2026-03-10T09:49:38.223904,0.7043059152072061,2026-03-10T09:47:28.635000,75,,,
participant_03,4,day,Town10HD_Opt,2026-03-10 09:49:39.086692,-24.96979713439941,130.6347198486328,0.0019559096544981,0.002,0.592,0.0,0.0,0,0,1,,0.811,2026-03-10T09:49:39.086692,happy,0.87,2026-03-10T09:49:38.223904,0.7054772620218559,2026-03-10T09:47:28.635000,75,,,
participant_04,2,day,Town10HD_Opt,2026-03-10 09:49:39.109821,106.48091888427734,-1.6110774278640747,0.0021101760212332,21.954,5.756,0.389,0.0,0,0,1,,0.876,2026-03-10T09:49:39.109821,neutral,0.344,2026-03-10T09:49:39.109821,0.9041373682139304,2026-03-10T09:49:39.902000,71,,,
participant_04,2,day,Town10HD_Opt,2026-03-10 09:49:40.116301,108.75334930419922,-6.9930267333984375,0.0016254043439403,33.399,-11.462,0.922,0.0,0,0,1,,1.0,2026-03-10T09:49:40.116301,neutral,0.344,2026-03-10T09:49:39.109821,0.8903800895533166,2026-03-10T09:49:40.938000,71,,,
participant_03,4,day,Town10HD_Opt,2026-03-10 09:49:40.237333,-24.9705753326416,130.6347198486328,0.0019194793421775,0.002,0.592,0.0,0.0,0,0,1,,0.875,2026-03-10T09:49:40.237333,happy,0.874,2026-03-10T09:49:40.237333,0.6982125287845711,2026-03-10T09:47:28.635000,77,,,
participant_03,4,day,Town10HD_Opt,2026-03-10 09:49:41.106645,-24.97079086303711,130.6347198486328,0.0019189452286809,0.0,0.592,0.0,0.0,0,0,1,,0.809,2026-03-10T09:49:41.106645,happy,0.874,2026-03-10T09:49:40.237333,0.6625933899213587,2026-03-10T09:47:28.635000,76,,,
participant_04,2,day,Town10HD_Opt,2026-03-10 09:49:41.165478,108.90309143066406,-16.388811111450195,0.0017547225579619,47.858,-7.209,0.699,0.0,0,0,1,,0.896,2026-03-10T09:49:41.165478,neutral,0.436,2026-03-10T09:49:41.165478,0.9891237432048624,2026-03-10T09:49:41.928000,73,,,
participant_03,4,day,Town10HD_Opt,2026-03-10 09:49:42.182366,-24.970855712890625,130.6347198486328,0.0019189452286809,0.001,0.592,0.0,0.0,0,0,1,,1.0,2026-03-10T09:49:42.182366,happy,0.874,2026-03-10T09:49:40.237333,0.6470561967204225,2026-03-10T09:47:28.635000,74,,,
participant_04,2,day,Town10HD_Opt,2026-03-10 09:49:42.203167,105.22664642333984,-27.272262573242188,0.0021546173375099,47.478,12.289,0.0,0.0,0,0,1,,0.836,2026-03-10T09:49:42.203167,neutral,0.436,2026-03-10T09:49:41.165478,0.99,2026-03-10T09:49:42.918000,74,,,
participant_04,2,day,Town10HD_Opt,2026-03-10 09:49:43.002571,104.50778198242188,-34.56398010253906,0.002410392742604,36.384,10.271,0.0,0.0,0,0,1,,0.95,2026-03-10T09:49:43.002571,neutral,0.436,2026-03-10T09:49:41.165478,0.9127756067757472,2026-03-10T09:49:43.908000,71,,,
participant_03,4,day,Town10HD_Opt,2026-03-10 09:49:43.236014,-24.97092628479004,130.6347198486328,0.0019191360333934,0.001,0.58,0.0,0.0,0,0,1,,0.817,2026-03-10T09:49:43.236014,neutral,0.695,2026-03-10T09:49:43.236014,0.6380503091927756,2026-03-10T09:47:28.635000,75,,,
participant_04,2,day,Town10HD_Opt,2026-03-10 09:49:44.002694,106.3005142211914,-41.59922790527344,0.0022942733485251,25.621,-6.421,0.0,0.0,0,0,1,,0.829,2026-03-10T09:49:44.002694,neutral,0.695,2026-03-10T09:49:44.002694,0.9316022135595712,2026-03-10T09:49:43.908000,72,,,
participant_03,4,day,Town10HD_Opt,2026-03-10 09:49:44.055593,-24.97091484069824,130.6347198486328,0.0019189071608707,0.006,0.58,0.0,0.0,0,0,1,,0.85,2026-03-10T09:49:44.055593,neutral,0.695,2026-03-10T09:49:43.236014,0.6076344626753882,2026-03-10T09:47:28.635000,74,,,
participant_04,2,day,Town10HD_Opt,2026-03-10 09:49:45.022604,106.77525329589844,-46.37906646728516,0.0248505398631095,9.72,-11.441,0.0,0.0,0,0,1,,1.0,2026-03-10T09:49:45.022604,neutral,0.695,2026-03-10T09:49:44.002694,0.9852468480528348,2026-03-10T09:49:45.933000,73,,,
participant_03,4,day,Town10HD_Opt,2026-03-10 09:49:45.128424,-24.971004486083984,130.6347198486328,0.0019189071608707,0.006,0.58,0.0,0.0,0,0,1,,0.836,2026-03-10T09:49:45.128424,neutral,0.695,2026-03-10T09:49:43.236014,0.7076085673597726,2026-03-10T09:47:28.635000,77,,,
participant_04,2,day,Town10HD_Opt,2026-03-10 09:49:45.988885,106.73240661621094,-46.51335525512695,0.0367256551980972,0.013,-11.61,0.0,0.0,0,0,1,,1.0,2026-03-10T09:49:45.988885,neutral,0.695,2026-03-10T09:49:44.002694,0.961477351908882,2026-03-10T09:49:45.933000,72,,,
participant_03,4,day,Town10HD_Opt,2026-03-10 09:49:46.189666,-25.040307998657227,130.63092041015625,0.0017927932785823,2.916,0.58,0.501,0.0,0,0,1,,0.853,2026-03-10T09:49:46.189666,neutral,0.976,2026-03-10T09:49:46.189666,0.6609459778222593,2026-03-10T09:47:28.635000,76,,,
participant_03,4,day,Town10HD_Opt,2026-03-10 09:49:47.055874,-26.06217384338379,130.57461547851562,0.0016622924013063,9.728,0.58,0.548,0.0,0,0,1,,1.0,2026-03-10T09:49:47.055874,neutral,0.976,2026-03-10T09:49:46.189666,0.6180808075946234,2026-03-10T09:47:28.635000,75,,,
participant_04,2,day,Town10HD_Opt,2026-03-10 09:49:47.118671,-41.66875076293945,89.74507904052734,-0.0706437975168228,0.863,-10.499,0.0,0.0,0,0,0,,1.0,2026-03-10T09:49:47.118671,neutral,0.632,2026-03-10T09:49:47.118671,0.9232434638521598,2026-03-10T09:49:47.912000,73,,,
participant_03,4,day,Town10HD_Opt,2026-03-10 09:49:48.140216,-29.4065170288086,130.349609375,0.001891097985208,18.564,2.539,0.542,0.0,0,0,1,,0.812,2026-03-10T09:49:48.140216,neutral,0.976,2026-03-10T09:49:46.189666,0.634874764311049,2026-03-10T09:47:28.635000,75,,,
participant_04,2,day,Town10HD_Opt,2026-03-10 09:49:48.233079,-41.66885757446289,89.74560546875,0.0016922760987654,0.002,1.363,0.746,0.0,0,0,0,,1.0,2026-03-10T09:49:48.233079,neutral,0.632,2026-03-10T09:49:47.118671,0.9003282512875174,2026-03-10T09:49:48.902000,71,,,
participant_04,2,day,Town10HD_Opt,2026-03-10 09:49:49.037516,-41.668212890625,88.78458404541016,0.0014388725394383,13.657,0.367,0.726,0.0,0,0,1,,1.0,2026-03-10T09:49:49.037516,neutral,0.632,2026-03-10T09:49:47.118671,0.8970628663503353,2026-03-10T09:49:48.902000,72,,,
participant_03,4,day,Town10HD_Opt,2026-03-10 09:49:49.250052,-34.02224349975586,129.51463317871094,0.0019879913888871,21.624,12.296,0.0,0.0,0,0,1,,0.87,2026-03-10T09:49:49.250052,happy,0.978,2026-03-10T09:49:49.250052,0.6582554810821561,2026-03-10T09:49:50.058000,71,,,
participant_03,4,day,Town10HD_Opt,2026-03-10 09:49:50.096738,-37.10035705566406,128.0681610107422,0.0019536209292709,16.852,14.813,0.0,0.0,0,0,1,,1.0,2026-03-10T09:49:50.096738,happy,0.978,2026-03-10T09:49:49.250052,0.7186553987400633,2026-03-10T09:49:51.048000,70,,,
participant_04,2,day,Town10HD_Opt,2026-03-10 09:49:50.109968,-41.647499084472656,84.77090454101562,0.0018525690538808,17.165,0.36,0.0,0.0,0,0,1,,1.0,2026-03-10T09:49:50.109968,disgust,0.784,2026-03-10T09:49:50.109968,0.9688488105321984,2026-03-10T09:49:50.928000,71,,,
participant_04,2,day,Town10HD_Opt,2026-03-10 09:49:51.148065,-41.59908676147461,81.3432388305664,0.002033308148384,12.104,1.648,0.0,0.0,0,0,1,,1.0,2026-03-10T09:49:51.148065,disgust,0.784,2026-03-10T09:49:50.109968,0.9160345040658696,2026-03-10T09:49:51.918000,70,,,
participant_03,4,day,Town10HD_Opt,2026-03-10 09:49:51.223505,-39.63406753540039,125.82503509521484,0.002044181805104,12.008,15.563,0.0,0.0,0,0,1,,0.811,2026-03-10T09:49:51.223505,happy,0.978,2026-03-10T09:49:49.250052,0.7846331333822857,2026-03-10T09:49:52.037000,71,,,
participant_03,4,day,Town10HD_Opt,2026-03-10 09:49:52.062855,-40.73004150390625,124.318603515625,0.0020135878585278,9.087,16.079,0.0,0.0,0,0,1,,1.0,2026-03-10T09:49:52.062855,happy,0.614,2026-03-10T09:49:52.062855,0.7280148373556349,2026-03-10T09:49:52.037000,67,,,
participant_04,2,day,Town10HD_Opt,2026-03-10 09:49:52.235277,-41.40237045288086,78.86808776855469,0.001847039326094,11.69,10.13,0.62,0.0,0,0,1,,1.0,2026-03-10T09:49:52.235277,neutral,0.646,2026-03-10T09:49:52.235277,0.9144498582127224,2026-03-10T09:49:52.908000,70,,,
participant_03,4,day,Town10HD_Opt,2026-03-10 09:49:53.016360,-41.39935302734375,123.04878997802734,0.0019615553319454,8.044,16.302,0.461,0.0,0,0,1,,1.0,2026-03-10T09:49:53.016360,happy,0.614,2026-03-10T09:49:52.062855,0.6698330787481123,2026-03-10T09:49:53.076000,69,,,
participant_04,2,day,Town10HD_Opt,2026-03-10 09:49:53.110043,-40.7593002319336,76.3138427734375,0.0018752701580524,18.649,14.268,0.495,0.0,0,0,1,,1.0,2026-03-10T09:49:53.110043,neutral,0.646,2026-03-10T09:49:52.235277,0.9551907626621128,2026-03-10T09:49:53.898000,67,,,
participant_04,2,day,Town10HD_Opt,2026-03-10 09:49:54.165304,-38.607452392578125,72.546875,0.001912840292789,17.567,22.753,0.0,0.0,0,0,1,,1.0,2026-03-10T09:49:54.165304,neutral,0.646,2026-03-10T09:49:52.235277,0.9339386879759364,2026-03-10T09:49:54.933000,69,,,
participant_03,4,day,Town10HD_Opt,2026-03-10 09:49:54.237426,-42.261844635009766,120.29000091552734,0.001648788456805,18.656,16.836,0.675,0.0,0,0,1,,1.0,2026-03-10T09:49:54.237426,happy,0.824,2026-03-10T09:49:54.237426,0.7873672059331015,2026-03-10T09:49:55.052000,68,,,
participant_04,2,day,Town10HD_Opt,2026-03-10 09:49:55.027969,-36.41231155395508,70.97358703613281,0.0020777105819433,13.46,25.674,0.0,0.0,0,0,1,,1.0,2026-03-10T09:49:55.027969,neutral,0.987,2026-03-10T09:49:55.027969,0.9462922167239852,2026-03-10T09:49:54.933000,69,,,
participant_03,4,day,Town10HD_Opt,2026-03-10 09:49:55.137639,-42.45444869995117,116.65705108642578,0.001840095501393,24.573,11.742,0.586,0.0,0,0,1,,1.0,2026-03-10T09:49:55.137639,happy,0.824,2026-03-10T09:49:54.237426,0.7886866633355705,2026-03-10T09:49:55.052000,71,,,
participant_03,4,day,Town10HD_Opt,2026-03-10 09:49:56.111162,-41.84603118896485,111.95230102539062,0.0018761062528938,29.955,-0.759,0.565,0.0,0,0,1,,1.0,2026-03-10T09:49:56.111162,happy,0.824,2026-03-10T09:49:54.237426,0.8109376101020374,2026-03-10T09:49:56.182000,71,,,
participant_04,2,day,Town10HD_Opt,2026-03-10 09:49:56.180632,-33.746219635009766,70.2314682006836,0.0018725210102275,12.788,22.028,0.545,0.0,0,0,1,phone_call,0.927,2026-03-10T09:49:56.180632,neutral,0.987,2026-03-10T09:49:55.027969,0.917753279581497,2026-03-10T09:49:56.913000,69,,,
participant_04,2,day,Town10HD_Opt,2026-03-10 09:49:57.022553,-31.143085479736328,70.19014739990234,0.0018917088164016,15.615,7.477,0.127,0.0,0,0,1,phone_call,0.827,2026-03-10T09:49:57.022553,neutral,0.987,2026-03-10T09:49:55.027969,0.916090163255541,2026-03-10T09:49:57.902000,70,,,
participant_03,4,day,Town10HD_Opt,2026-03-10 09:49:57.278540,-41.2165412902832,104.38829040527344,0.0019123458769172,35.482,-1.695,0.563,0.0,0,0,1,,1.0,2026-03-10T09:49:57.278540,happy,0.515,2026-03-10T09:49:57.278540,0.8508359726804302,2026-03-10T09:49:58.023000,69,,,
participant_03,4,day,Town10HD_Opt,2026-03-10 09:49:58.140467,-41.19625473022461,97.89735412597656,0.0019443893106654,38.575,0.623,0.251,0.0,0,0,1,,1.0,2026-03-10T09:49:58.140467,happy,0.515,2026-03-10T09:49:57.278540,0.884631982568492,2026-03-10T09:49:58.023000,71,,,
participant_04,2,day,Town10HD_Opt,2026-03-10 09:49:58.145799,-27.72719383239746,70.13765716552734,0.0019377514254301,14.214,-2.304,0.392,0.0,0,0,1,,1.0,2026-03-10T09:49:58.145799,neutral,0.87,2026-03-10T09:49:58.145799,0.9013370160118752,2026-03-10T09:49:58.937000,69,,,
participant_04,2,day,Town10HD_Opt,2026-03-10 09:49:59.000118,-24.87954330444336,70.01594543457031,0.0020081351976841,18.547,0.522,0.527,0.0,0,0,1,,1.0,2026-03-10T09:49:59.000118,neutral,0.87,2026-03-10T09:49:58.145799,0.9590733456047836,2026-03-10T09:49:58.937000,69,,,
participant_03,4,day,Town10HD_Opt,2026-03-10 09:49:59.012752,-41.11490631103516,91.63091278076172,0.0022932814899832,31.474,0.385,0.186,0.0,0,0,1,,0.863,2026-03-10T09:49:59.012752,happy,0.515,2026-03-10T09:49:57.278540,0.9025800639454185,2026-03-10T09:49:59.238000,72,,,
participant_05,2,day,Town10HD_Opt,2026-03-10 10:00:00.000000,-41.66858673095703,89.7454833984375,0.580491840839386,18.061,1.347,0.33,0.0,0,0,1,,1.0,2026-03-10T10:00:00,,,2026-03-10T10:00:00,0.5785233919133863,2026-03-10T10:00:00,63,,,
participant_04,3,day,Town10HD_Opt,2026-03-10 10:00:00.000000,-41.66859436035156,89.7454833984375,0.5804919004440308,16.191,-0.052,0.506,0.0,0,0,1,,1.0,2026-03-10T10:00:00,,,2026-03-10T10:00:00,0.5413211246000654,2026-03-10T10:00:00,63,,,
participant_05,2,day,Town10HD_Opt,2026-03-10 10:00:04.558905,-41.67424392700195,84.54381561279297,0.0020318983588367,18.164,1.485,0.328,0.0,0,0,1,,1.0,2026-03-10T10:00:04.558905,,,2026-03-10T10:00:04.558905,0.5154268916599767,2026-03-10T10:00:04.906000,62,,,
participant_04,3,day,Town10HD_Opt,2026-03-10 10:00:04.624313,-41.67965698242188,86.85845184326172,0.0017054748022928,16.782,-0.052,0.482,0.0,0,0,1,,0.964,2026-03-10T10:00:04.624313,sad,0.975,2026-03-10T10:00:04.624313,0.5534586862132037,2026-03-10T10:00:05.085000,65,,,
participant_05,2,day,Town10HD_Opt,2026-03-10 10:00:05.243097,-41.59819412231445,82.42355346679688,0.0020382308866828,18.129,6.092,0.322,0.0,0,0,1,,0.905,2026-03-10T10:00:05.243097,,,2026-03-10T10:00:04.558905,0.5452138821549616,2026-03-10T10:00:05.940000,63,,,
participant_04,3,day,Town10HD_Opt,2026-03-10 10:00:05.280619,-41.6889533996582,84.78829956054688,0.002064743079245,18.102,-0.052,0.334,0.0,0,0,1,,0.962,2026-03-10T10:00:05.280619,sad,0.975,2026-03-10T10:00:04.624313,0.5655534605814139,2026-03-10T10:00:05.986000,65,,,
participant_05,2,day,Town10HD_Opt,2026-03-10 10:00:06.261529,-41.12717056274414,79.27774047851562,0.0020481871906667,18.253,10.262,0.378,0.0,0,0,1,,0.806,2026-03-10T10:00:06.261529,,,2026-03-10T10:00:04.558905,0.47545520626812,2026-03-10T10:00:06.885000,65,,,
participant_04,3,day,Town10HD_Opt,2026-03-10 10:00:06.299575,-41.6404914855957,81.61475372314453,0.0020172118674963,18.125,5.524,0.296,0.0,0,0,1,,0.919,2026-03-10T10:00:06.299575,sad,0.975,2026-03-10T10:00:04.624313,0.5644146978041512,2026-03-10T10:00:07.065000,64,,,
participant_04,3,day,Town10HD_Opt,2026-03-10 10:00:07.230486,-41.22743606567383,78.445068359375,0.0020277022849768,18.788,12.522,0.426,0.0,0,0,1,,0.904,2026-03-10T10:00:07.230486,happy,0.489,2026-03-10T10:00:07.230486,0.544930747731325,2026-03-10T10:00:08.010000,66,,,
participant_05,2,day,Town10HD_Opt,2026-03-10 10:00:07.274020,-40.06240081787109,76.0338363647461,0.001919784466736,21.826,13.758,0.589,0.0,0,0,1,,0.862,2026-03-10T10:00:07.274020,neutral,0.568,2026-03-10T10:00:07.274020,0.4176602201208085,2026-03-10T10:00:07.875000,64,,,
participant_04,3,day,Town10HD_Opt,2026-03-10 10:00:08.218512,-40.02458953857422,75.25127410888672,0.0020101547706872,20.584,18.508,0.398,0.0,0,0,1,,0.849,2026-03-10T10:00:08.218512,happy,0.489,2026-03-10T10:00:07.230486,0.5855045555571947,2026-03-10T10:00:09,67,,,
participant_05,2,day,Town10HD_Opt,2026-03-10 10:00:08.264240,-37.72772979736328,72.48946380615234,0.0018827819731086,27.56,17.761,0.601,0.0,0,0,1,,0.813,2026-03-10T10:00:08.264240,neutral,0.568,2026-03-10T10:00:07.274020,0.4253530200442524,2026-03-10T10:00:08.910000,66,,,
participant_05,2,day,Town10HD_Opt,2026-03-10 10:00:09.006030,-35.10403060913086,70.4043960571289,0.0019501495407894,30.134,18.913,0.407,0.0,0,0,1,,0.867,2026-03-10T10:00:09.006030,neutral,0.568,2026-03-10T10:00:07.274020,0.4686567954409715,2026-03-10T10:00:09.900000,66,,,
participant_04,3,day,Town10HD_Opt,2026-03-10 10:00:09.253674,-37.7020149230957,72.41002655029297,0.0020323561038821,21.859,19.302,0.398,0.0,0,0,1,,1.0,2026-03-10T10:00:09.253674,happy,0.69,2026-03-10T10:00:09.253674,0.589322901733305,2026-03-10T10:00:09.990000,66,,,
participant_05,2,day,Town10HD_Opt,2026-03-10 10:00:10.045041,-30.11714553833008,68.93359375,0.002110977191478,29.617,18.232,0.289,0.0,0,0,1,,0.843,2026-03-10T10:00:10.045041,neutral,0.851,2026-03-10T10:00:10.045041,0.4533611168955398,2026-03-10T10:00:10.890000,70,,,errors=Solid line crossing
participant_04,3,day,Town10HD_Opt,2026-03-10 10:00:10.284704,-34.35643005371094,70.45700073242188,0.0020401000510901,22.959,18.77,0.398,0.0,0,0,1,,0.917,2026-03-10T10:00:10.284704,happy,0.69,2026-03-10T10:00:09.253674,0.6238982208392632,2026-03-10T10:00:11.070000,67,,,
participant_05,2,day,Town10HD_Opt,2026-03-10 10:00:11.022912,-25.30379676818848,69.34512329101562,0.002250442514196,23.898,-1.478,0.009,0.0,0,0,1,,1.0,2026-03-10T10:00:11.022912,neutral,0.851,2026-03-10T10:00:10.045041,0.464947038723121,2026-03-10T10:00:11.879000,72,,,
participant_04,3,day,Town10HD_Opt,2026-03-10 10:00:11.307994,-30.3509464263916,69.73048400878906,0.0020301819313317,24.04,11.318,0.387,0.0,0,0,1,,0.857,2026-03-10T10:00:11.307994,neutral,0.82,2026-03-10T10:00:11.307994,0.5819921393273438,2026-03-10T10:00:12.015000,69,,,
participant_05,2,day,Town10HD_Opt,2026-03-10 10:00:12.001726,-21.439945220947266,69.70887756347656,0.0020806503016501,21.698,-2.153,0.629,0.0,0,0,1,,0.846,2026-03-10T10:00:12.001726,neutral,0.851,2026-03-10T10:00:10.045041,0.534114842274489,2026-03-10T10:00:12.915000,74,,,
participant_04,3,day,Town10HD_Opt,2026-03-10 10:00:12.332620,-26.07747459411621,69.82613372802734,0.0020168684422969,24.96,0.477,0.387,0.0,0,0,1,,0.922,2026-03-10T10:00:12.332620,neutral,0.82,2026-03-10T10:00:11.307994,0.6853287278319825,2026-03-10T10:00:13.006000,69,,,
participant_05,2,day,Town10HD_Opt,2026-03-10 10:00:12.991999,-17.216880798339844,69.97764587402344,0.0018712615128606,27.109,-0.938,0.45,0.0,0,0,1,,1.0,2026-03-10T10:00:12.991999,neutral,0.81,2026-03-10T10:00:12.991999,0.4285231911601941,2026-03-10T10:00:13.905000,74,,,
participant_04,3,day,Town10HD_Opt,2026-03-10 10:00:13.046565,-23.14510536193848,69.92125701904297,0.0020174025557935,25.436,-2.031,0.392,0.0,0,0,1,,0.837,2026-03-10T10:00:13.046565,neutral,0.82,2026-03-10T10:00:11.307994,0.5674234787622149,2026-03-10T10:00:13.006000,71,,,
participant_04,3,day,Town10HD_Opt,2026-03-10 10:00:14.028207,-18.62445831298828,69.99152374267578,0.0020155333913862,26.319,0.073,0.394,0.0,0,0,1,,1.0,2026-03-10T10:00:14.028207,happy,0.541,2026-03-10T10:00:14.028207,0.6107821393617765,2026-03-10T10:00:13.995000,72,,,
participant_05,2,day,Town10HD_Opt,2026-03-10 10:00:14.277511,-10.65742015838623,70.26445770263672,0.0020272063557058,28.549,-0.989,0.379,0.0,0,0,1,,1.0,2026-03-10T10:00:14.277511,neutral,0.81,2026-03-10T10:00:12.991999,0.5488925079125617,2026-03-10T10:00:14.896000,76,,,
participant_04,3,day,Town10HD_Opt,2026-03-10 10:00:14.999694,-13.962383270263672,70.04733276367188,0.0020183562301099,27.077,-0.021,0.394,0.0,0,0,1,,0.86,2026-03-10T10:00:14.999694,happy,0.541,2026-03-10T10:00:14.028207,0.5749887903957079,2026-03-10T10:00:14.991000,75,,,
participant_05,2,day,Town10HD_Opt,2026-03-10 10:00:15.014218,-7.334630966186523,70.32238006591797,0.0020669174846261,28.058,-2.028,0.274,0.0,0,0,1,,1.0,2026-03-10T10:00:15.014218,neutral,0.816,2026-03-10T10:00:15.014218,0.4563358997633434,2026-03-10T10:00:15.885000,77,,,
participant_04,3,day,Town10HD_Opt,2026-03-10 10:00:16.049346,-9.174362182617188,70.08928680419922,0.0020212554372847,27.747,0.082,0.394,0.0,0,0,1,,0.86,2026-03-10T10:00:16.049346,happy,0.738,2026-03-10T10:00:16.049346,0.5833450184563068,2026-03-10T10:00:16.065000,77,,,
participant_05,2,day,Town10HD_Opt,2026-03-10 10:00:16.266601,-1.0705363750457764,70.16181945800781,0.0021086882334202,25.4,-0.254,0.264,0.0,0,0,1,,1.0,2026-03-10T10:00:16.266601,neutral,0.816,2026-03-10T10:00:15.014218,0.438806677348231,2026-03-10T10:00:16.874000,78,,,
participant_04,3,day,Town10HD_Opt,2026-03-10 10:00:17.087661,-4.275789737701416,70.14205932617188,0.00202381121926,28.303,0.021,0.394,0.0,0,0,1,,1.0,2026-03-10T10:00:17.087661,happy,0.738,2026-03-10T10:00:16.049346,0.5937133078372143,2026-03-10T10:00:17.013000,77,,,
participant_05,2,day,Town10HD_Opt,2026-03-10 10:00:17.213173,3.2295684814453125,70.0062255859375,0.0021022413857281,23.582,0.879,0.264,0.0,0,0,1,,1.0,2026-03-10T10:00:17.213173,neutral,0.828,2026-03-10T10:00:17.213173,0.4830322643536126,2026-03-10T10:00:17.909000,82,,,
participant_04,3,day,Town10HD_Opt,2026-03-10 10:00:18.052676,0.7198202610015869,70.17422485351562,0.002026290865615,28.839,-0.536,0.359,0.0,0,0,1,,0.892,2026-03-10T10:00:18.052676,happy,0.765,2026-03-10T10:00:18.052676,0.6130442306271728,2026-03-10T10:00:18.005000,77,,,
participant_05,2,day,Town10HD_Opt,2026-03-10 10:00:18.203598,7.197510242462158,69.92394256591797,0.002118949778378,21.367,0.759,0.181,0.0,0,0,1,,1.0,2026-03-10T10:00:18.203598,neutral,0.828,2026-03-10T10:00:17.213173,0.5485277839333618,2026-03-10T10:00:18.900000,80,,,
participant_04,3,day,Town10HD_Opt,2026-03-10 10:00:19.078786,5.73664665222168,70.14789581298828,0.0020661163143813,28.23,-0.36,0.221,0.0,0,0,1,,0.931,2026-03-10T10:00:19.078786,happy,0.765,2026-03-10T10:00:18.052676,0.6370077895215783,2026-03-10T10:00:19.981000,77,,,
participant_05,2,day,Town10HD_Opt,2026-03-10 10:00:19.127294,10.719893455505373,69.89947509765625,0.0021436309907585,18.409,0.261,0.132,0.0,0,0,1,,1.0,2026-03-10T10:00:19.127294,neutral,0.828,2026-03-10T10:00:17.213173,0.4600753540698741,2026-03-10T10:00:19.890000,79,,,
participant_05,2,day,Town10HD_Opt,2026-03-10 10:00:20.048201,13.823992729187012,69.89639282226562,0.0019501113565638,16.781,0.256,0.164,0.0,0,0,1,,1.0,2026-03-10T10:00:20.048201,neutral,0.866,2026-03-10T10:00:20.048201,0.4655282520646152,2026-03-10T10:00:20.880000,79,,,
participant_04,3,day,Town10HD_Opt,2026-03-10 10:00:20.099482,10.40646743774414,70.0863265991211,0.0021874236408621,24.237,-0.219,0.059,0.0,0,0,1,,0.918,2026-03-10T10:00:20.099482,happy,0.608,2026-03-10T10:00:20.099482,0.5862658478119626,2026-03-10T10:00:19.981000,79,,,
participant_05,2,day,Town10HD_Opt,2026-03-10 10:00:21.011798,16.685253143310547,69.90513610839844,0.0019451903644949,15.973,0.242,0.18,0.0,0,0,1,,0.839,2026-03-10T10:00:21.011798,neutral,0.866,2026-03-10T10:00:20.048201,0.4712010036663327,2026-03-10T10:00:21.915000,77,,,
participant_04,3,day,Town10HD_Opt,2026-03-10 10:00:21.137014,14.17514705657959,70.03460693359375,0.0022344589233398,18.336,0.251,0.0,0.0,0,0,1,,0.924,2026-03-10T10:00:21.137014,happy,0.608,2026-03-10T10:00:20.099482,0.5600186855510212,2026-03-10T10:00:22.005000,77,,,
participant_04,3,day,Town10HD_Opt,2026-03-10 10:00:22.102634,17.058820724487305,70.01260375976562,0.002041091909632,14.282,0.585,0.013,0.0,0,0,1,,0.913,2026-03-10T10:00:22.102634,neutral,0.657,2026-03-10T10:00:22.102634,0.6816771803460764,2026-03-10T10:00:22.995000,73,,,
participant_05,2,day,Town10HD_Opt,2026-03-10 10:00:22.225749,20.27454376220703,69.93077850341797,0.0019449996761977,14.806,0.202,0.178,0.0,0,0,1,,1.0,2026-03-10T10:00:22.225749,neutral,0.835,2026-03-10T10:00:22.225749,0.5395683239032758,2026-03-10T10:00:22.905000,74,,,
participant_04,3,day,Town10HD_Opt,2026-03-10 10:00:23.110292,19.30965232849121,70.0144271850586,0.0020137024112045,11.285,0.524,0.027,0.0,0,0,1,,0.873,2026-03-10T10:00:23.110292,neutral,0.657,2026-03-10T10:00:22.102634,0.5968060112360101,2026-03-10T10:00:23.986000,71,,,
participant_05,2,day,Town10HD_Opt,2026-03-10 10:00:23.156886,22.762834548950195,69.95452117919922,0.0020042418036609,12.788,-0.033,0.0,0.04,0,0,1,,0.831,2026-03-10T10:00:23.156886,neutral,0.835,2026-03-10T10:00:22.225749,0.4787201643568547,2026-03-10T10:00:23.895000,75,,,
participant_04,3,day,Town10HD_Opt,2026-03-10 10:00:24.047119,21.09157371520996,70.02417755126953,0.0019892882555723,9.115,0.249,0.094,0.0,0,0,1,,0.84,2026-03-10T10:00:24.047119,neutral,0.657,2026-03-10T10:00:22.102634,0.6260320810868105,2026-03-10T10:00:23.986000,69,,,
participant_05,2,day,Town10HD_Opt,2026-03-10 10:00:24.050314,24.5700798034668,69.97032928466797,0.0020921707618981,7.368,-0.033,0.0,0.36,0,0,1,,0.83,2026-03-10T10:00:24.050314,neutral,0.835,2026-03-10T10:00:22.225749,0.5164160040648071,2026-03-10T10:00:24.885000,75,,,
participant_04,3,day,Town10HD_Opt,2026-03-10 10:00:25.001312,22.587305068969727,70.03441619873047,0.0019539641216397,7.972,0.219,0.086,0.0,0,0,1,,0.926,2026-03-10T10:00:25.001312,happy,0.525,2026-03-10T10:00:25.001312,0.6490974719977447,2026-03-10T10:00:24.975000,68,,,
participant_05,2,day,Town10HD_Opt,2026-03-10 10:00:25.228593,25.092342376708984,69.97525787353516,0.0019745253957808,0.139,-0.033,0.323,0.0,0,0,1,,0.839,2026-03-10T10:00:25.228593,neutral,0.807,2026-03-10T10:00:25.228593,0.5053906083684047,2026-03-10T10:00:25.875000,74,,,
participant_05,2,day,Town10HD_Opt,2026-03-10 10:00:26.190139,25.41148376464844,69.97767639160156,0.0017596435500308,4.466,-0.033,0.219,0.0,0,0,1,,0.911,2026-03-10T10:00:26.190139,neutral,0.807,2026-03-10T10:00:25.228593,0.5031671936079687,2026-03-10T10:00:26.910000,72,,,
participant_04,3,day,Town10HD_Opt,2026-03-10 10:00:26.275806,24.307031631469727,70.04886627197266,0.001950797974132,6.666,0.174,0.078,0.0,0,0,1,,0.909,2026-03-10T10:00:26.275806,happy,0.525,2026-03-10T10:00:25.001312,0.6698037511893099,2026-03-10T10:00:27.001000,65,,,
participant_05,2,day,Town10HD_Opt,2026-03-10 10:00:27.127782,26.16775131225586,69.98311614990234,0.002263679401949,0.0,-0.033,0.0,0.248,0,0,1,,0.884,2026-03-10T10:00:27.127782,neutral,0.807,2026-03-10T10:00:25.228593,0.4926204986271836,2026-03-10T10:00:27.900000,71,,,
participant_04,3,day,Town10HD_Opt,2026-03-10 10:00:27.275541,25.405237197875977,70.0594711303711,0.0019623565021902,5.569,0.162,0.0,0.0,0,0,1,,0.925,2026-03-10T10:00:27.275541,happy,0.819,2026-03-10T10:00:27.275541,0.6324146225336937,2026-03-10T10:00:27.991000,67,,,
participant_05,2,day,Town10HD_Opt,2026-03-10 10:00:28.040446,26.16758155822754,69.98308563232422,0.0019345473265275,0.149,-0.033,0.321,0.0,0,0,1,,0.918,2026-03-10T10:00:28.040446,neutral,0.776,2026-03-10T10:00:28.040446,0.5963263463936421,2026-03-10T10:00:28.889000,71,,,
participant_04,3,day,Town10HD_Opt,2026-03-10 10:00:28.235659,25.689483642578125,70.06238555908203,0.002003707922995,0.0,0.155,0.0,0.127,0,0,1,,0.932,2026-03-10T10:00:28.235659,happy,0.819,2026-03-10T10:00:27.275541,0.7373737908542749,2026-03-10T10:00:29.071000,66,,,
participant_05,2,day,Town10HD_Opt,2026-03-10 10:00:29.010184,26.79050064086914,69.97843933105469,0.001579895033501,8.767,-2.795,0.675,0.0,0,0,1,,0.858,2026-03-10T10:00:29.010184,neutral,0.776,2026-03-10T10:00:28.040446,0.6392494729530485,2026-03-10T10:00:29.881000,70,,,errors=Stop sign violation
participant_04,3,day,Town10HD_Opt,2026-03-10 10:00:29.215293,25.77326393127441,70.06326293945312,0.0017311095725744,3.861,0.129,0.831,0.0,0,0,1,,0.935,2026-03-10T10:00:29.215293,happy,0.819,2026-03-10T10:00:27.275541,0.6041614409677527,2026-03-10T10:00:30.015000,64,,,
participant_04,3,day,Town10HD_Opt,2026-03-10 10:00:30.187509,27.45589065551757,70.0698013305664,0.0014949416508898,16.679,-3.149,0.782,0.0,0,0,1,,0.947,2026-03-10T10:00:30.187509,neutral,0.812,2026-03-10T10:00:30.187509,0.7640833091038376,2026-03-10T10:00:31.005000,64,Solid line crossing,Solid line crossing,errors=Stop sign violation
participant_05,2,day,Town10HD_Opt,2026-03-10 10:00:30.265878,29.99059295654297,69.66336822509766,0.0018096159910783,16.695,-10.062,0.222,0.0,0,0,1,,1.0,2026-03-10T10:00:30.265878,neutral,0.754,2026-03-10T10:00:30.265878,0.5012286101583726,2026-03-10T10:00:30.916000,70,,,
participant_04,3,day,Town10HD_Opt,2026-03-10 10:00:31.155660,30.89809226989746,69.77481079101562,0.0018660735804587,22.834,-10.235,0.541,0.0,0,0,1,,0.957,2026-03-10T10:00:31.155660,neutral,0.812,2026-03-10T10:00:30.187509,0.7711464579074251,2026-03-10T10:00:31.005000,65,,,
participant_05,2,day,Town10HD_Opt,2026-03-10 10:00:31.253761,32.820411682128906,68.90290832519531,0.0018873214721679,17.458,-10.221,0.429,0.0,0,0,1,,1.0,2026-03-10T10:00:31.253761,neutral,0.754,2026-03-10T10:00:30.265878,0.5047104027632143,2026-03-10T10:00:31.905000,71,,,
participant_04,3,day,Town10HD_Opt,2026-03-10 10:00:32.138584,35.06056213378906,68.52494049072266,0.0019184112315997,27.002,-12.454,0.541,0.0,0,0,1,,0.963,2026-03-10T10:00:32.138584,neutral,0.812,2026-03-10T10:00:30.187509,0.7720197182728648,2026-03-10T10:00:32.987000,64,,,
participant_05,2,day,Town10HD_Opt,2026-03-10 10:00:32.203887,35.80215072631836,67.56820678710938,0.001956405583769,20.28,-10.538,0.547,0.0,0,0,1,,1.0,2026-03-10T10:00:32.203887,neutral,0.754,2026-03-10T10:00:30.265878,0.5641982245930772,2026-03-10T10:00:32.895000,72,,,
participant_05,2,day,Town10HD_Opt,2026-03-10 10:00:33.171062,39.1126594543457,65.35073852539062,0.001913413987495,25.339,-10.468,0.51,0.0,0,0,1,,0.829,2026-03-10T10:00:33.171062,neutral,0.801,2026-03-10T10:00:33.171062,0.4846467212859804,2026-03-10T10:00:33.885000,70,,,
participant_04,3,day,Town10HD_Opt,2026-03-10 10:00:33.193195,39.28377914428711,65.77007293701172,0.0019432449480518,30.946,-12.988,0.5,0.0,0,0,1,,0.93,2026-03-10T10:00:33.193195,happy,0.787,2026-03-10T10:00:33.193195,0.7277221505970254,2026-03-10T10:00:34.066000,66,,,
participant_05,2,day,Town10HD_Opt,2026-03-10 10:00:34.128235,42.21331024169922,62.01530456542969,0.0023126984015107,26.383,-14.418,0.22,0.0,0,0,1,,0.883,2026-03-10T10:00:34.128235,neutral,0.801,2026-03-10T10:00:33.171062,0.5904990457190907,2026-03-10T10:00:34.875000,73,,,
participant_04,3,day,Town10HD_Opt,2026-03-10 10:00:34.202001,42.64208221435547,61.490501403808594,0.0021613691933453,30.32,-13.146,0.233,0.0,0,0,1,,0.924,2026-03-10T10:00:34.202001,happy,0.787,2026-03-10T10:00:33.193195,0.7480680362048866,2026-03-10T10:00:35.010000,65,,,
participant_05,2,day,Town10HD_Opt,2026-03-10 10:00:35.081512,44.05754470825195,58.09398651123047,0.0021573256235569,23.253,-13.953,0.183,0.0,0,0,1,,1.0,2026-03-10T10:00:35.081512,neutral,0.801,2026-03-10T10:00:33.171062,0.6828545266411131,2026-03-10T10:00:35.910000,73,,,
participant_04,3,day,Town10HD_Opt,2026-03-10 10:00:35.191039,44.24392318725586,56.76081085205078,0.0021793365012854,26.729,-13.168,0.203,0.0,0,0,1,,0.938,2026-03-10T10:00:35.191039,happy,0.787,2026-03-10T10:00:33.193195,0.7151207852087169,2026-03-10T10:00:36,66,,,
participant_05,2,day,Town10HD_Opt,2026-03-10 10:00:36.068350,44.62420272827149,54.33541488647461,0.0021560287568718,20.201,-10.437,0.183,0.0,0,0,1,,1.0,2026-03-10T10:00:36.068350,fear,0.434,2026-03-10T10:00:36.068350,0.5876110005358988,2026-03-10T10:00:36.900000,72,,,
participant_04,3,day,Town10HD_Opt,2026-03-10 10:00:36.164256,44.3750228881836,52.36477279663086,0.0021442794241011,23.762,-1.864,0.506,0.0,0,0,1,,0.969,2026-03-10T10:00:36.164256,happy,0.56,2026-03-10T10:00:36.164256,0.7446385024912678,2026-03-10T10:00:36,66,,,
participant_05,2,day,Town10HD_Opt,2026-03-10 10:00:37.022437,44.657020568847656,51.00979995727539,0.0020997237879782,18.177,-1.782,0.278,0.0,0,0,1,,0.92,2026-03-10T10:00:37.022437,fear,0.434,2026-03-10T10:00:36.068350,0.664785724364525,2026-03-10T10:00:37.889000,72,,,
participant_04,3,day,Town10HD_Opt,2026-03-10 10:00:37.135770,44.24874114990234,48.01613998413086,0.0018600082257762,26.668,0.881,0.518,0.0,0,0,1,,0.946,2026-03-10T10:00:37.135770,happy,0.56,2026-03-10T10:00:36.164256,0.7670579686226007,2026-03-10T10:00:38.026000,68,,,
participant_04,3,day,Town10HD_Opt,2026-03-10 10:00:38.036286,44.17546463012695,43.01178741455078,0.0019387435168027,30.311,0.266,0.501,0.0,0,0,1,,0.938,2026-03-10T10:00:38.036286,happy,0.56,2026-03-10T10:00:36.164256,0.6980901192247569,2026-03-10T10:00:38.026000,66,,,
participant_05,2,day,Town10HD_Opt,2026-03-10 10:00:38.276173,44.5261116027832,46.77924346923828,0.0020597837865352,18.027,-0.9,0.325,0.0,0,0,1,,0.922,2026-03-10T10:00:38.276173,neutral,0.788,2026-03-10T10:00:38.276173,0.6903408675008967,2026-03-10T10:00:38.880000,72,,,
participant_04,3,day,Town10HD_Opt,2026-03-10 10:00:38.992608,44.49991226196289,37.59424591064453,0.0020348739344626,31.401,12.473,0.405,0.0,0,0,1,,0.964,2026-03-10T10:00:38.992608,neutral,0.769,2026-03-10T10:00:38.992608,0.73652019220985,2026-03-10T10:00:39.021000,67,,,
participant_05,2,day,Town10HD_Opt,2026-03-10 10:00:39.274837,44.36949920654297,43.62722396850586,0.0020422744564712,18.063,0.559,0.313,0.0,0,0,1,,0.93,2026-03-10T10:00:39.274837,neutral,0.788,2026-03-10T10:00:38.276173,0.6031036120771475,2026-03-10T10:00:39.915000,71,,,
participant_05,2,day,Town10HD_Opt,2026-03-10 10:00:40.224875,44.4390869140625,40.45109939575195,0.0020614243112504,18.238,7.758,0.288,0.0,0,0,1,,0.91,2026-03-10T10:00:40.224875,neutral,0.788,2026-03-10T10:00:38.276173,0.6506984949734199,2026-03-10T10:00:40.905000,71,,,
participant_04,3,day,Town10HD_Opt,2026-03-10 10:00:40.274430,47.57832717895508,31.095190048217773,0.0021440123673528,29.925,16.354,0.175,0.0,0,0,1,,1.0,2026-03-10T10:00:40.274430,neutral,0.769,2026-03-10T10:00:38.992608,0.723803751376619,2026-03-10T10:00:40.995000,65,,,
participant_04,3,day,Town10HD_Opt,2026-03-10 10:00:41.216975,51.41389846801758,28.13509750366211,0.0022158431820571,25.513,16.05,0.159,0.0,0,0,1,,0.949,2026-03-10T10:00:41.216975,neutral,0.518,2026-03-10T10:00:41.216975,0.7908063942673438,2026-03-10T10:00:41.986000,63,,,
participant_05,2,day,Town10HD_Opt,2026-03-10 10:00:41.238595,44.8867073059082,37.28530883789063,0.0020155333913862,18.836,6.594,0.424,0.0,0,0,1,,0.893,2026-03-10T10:00:41.238595,neutral,0.734,2026-03-10T10:00:41.238595,0.6577301501129303,2026-03-10T10:00:41.898000,70,,,
participant_05,2,day,Town10HD_Opt,2026-03-10 10:00:42.206142,45.81046295166016,33.95097732543945,0.0019716643728315,21.27,14.501,0.562,0.0,0,0,1,,0.917,2026-03-10T10:00:42.206142,neutral,0.734,2026-03-10T10:00:41.238595,0.6727224551934676,2026-03-10T10:00:42.887000,68,,,
participant_04,3,day,Town10HD_Opt,2026-03-10 10:00:42.216911,55.362064361572266,26.95924186706543,0.0021932220552116,21.559,14.19,0.141,0.0,0,0,1,,0.941,2026-03-10T10:00:42.216911,neutral,0.518,2026-03-10T10:00:41.216975,0.7082495629787303,2026-03-10T10:00:42.978000,65,,,
participant_05,2,day,Town10HD_Opt,2026-03-10 10:00:43.174568,47.89704895019531,30.457433700561523,0.0019146727863699,25.72,15.842,0.544,0.0,0,0,1,,1.0,2026-03-10T10:00:43.174568,neutral,0.734,2026-03-10T10:00:41.238595,0.6756383892445792,2026-03-10T10:00:43.876000,70,,,
participant_04,3,day,Town10HD_Opt,2026-03-10 10:00:43.214657,58.8363151550293,26.70872688293457,0.0021665573585778,18.047,0.475,0.114,0.0,0,0,1,,0.871,2026-03-10T10:00:43.214657,neutral,0.518,2026-03-10T10:00:41.216975,0.771937984338201,2026-03-10T10:00:44.010000,65,,,
participant_05,2,day,Town10HD_Opt,2026-03-10 10:00:44.125586,51.58138656616211,27.357046127319336,0.0019584654364734,29.573,15.558,0.494,0.0,0,0,1,,0.863,2026-03-10T10:00:44.125586,neutral,0.829,2026-03-10T10:00:44.125586,0.6884670698360528,2026-03-10T10:00:44.911000,69,,,
participant_04,3,day,Town10HD_Opt,2026-03-10 10:00:44.223597,61.85008239746094,26.51548957824707,0.0019962692167609,15.727,-0.167,0.0,0.0,0,0,1,,0.939,2026-03-10T10:00:44.223597,neutral,0.758,2026-03-10T10:00:44.223597,0.7457811620577082,2026-03-10T10:00:45.001000,68,,,
participant_04,3,day,Town10HD_Opt,2026-03-10 10:00:45.176420,64.28377532958984,26.36167907714844,0.0020660399459302,11.391,0.36,0.0,0.385,0,0,1,,0.908,2026-03-10T10:00:45.176420,neutral,0.758,2026-03-10T10:00:44.223597,0.7449212439560859,2026-03-10T10:00:45.991000,66,,,
participant_05,2,day,Town10HD_Opt,2026-03-10 10:00:45.191563,56.54424285888672,25.64546585083008,0.0020869064610451,29.917,13.636,0.295,0.0,0,0,1,,0.89,2026-03-10T10:00:45.191563,neutral,0.829,2026-03-10T10:00:44.125586,0.6122821148021388,2026-03-10T10:00:45.900000,70,,,
participant_04,3,day,Town10HD_Opt,2026-03-10 10:00:46.112318,65.85028839111328,26.270164489746094,0.0020801543723791,5.996,0.36,0.0,0.337,0,0,1,,0.813,2026-03-10T10:00:46.112318,neutral,0.758,2026-03-10T10:00:44.223597,0.7761348773065196,2026-03-10T10:00:45.991000,68,,,
participant_05,2,day,Town10HD_Opt,2026-03-10 10:00:46.183469,61.63201522827149,25.45411491394043,0.0021049880888313,28.185,1.182,0.186,0.0,0,0,1,,0.914,2026-03-10T10:00:46.183469,neutral,0.77,2026-03-10T10:00:46.183469,0.6325279888266496,2026-03-10T10:00:46.891000,69,,,
participant_05,2,day,Town10HD_Opt,2026-03-10 10:00:47.086892,66.18589782714844,25.48737335205078,0.0022415923886001,22.659,-2.405,0.0,0.0,0,0,1,,0.895,2026-03-10T10:00:47.086892,neutral,0.77,2026-03-10T10:00:46.183469,0.6678636239993043,2026-03-10T10:00:47.880000,70,,,
participant_04,3,day,Town10HD_Opt,2026-03-10 10:00:47.131631,66.09718322753906,26.255733489990234,0.0019953537266701,0.0,0.355,0.0,0.226,0,0,1,,0.9,2026-03-10T10:00:47.131631,neutral,0.628,2026-03-10T10:00:47.131631,0.7345321979303251,2026-03-10T10:00:48.016000,69,,,
participant_05,2,day,Town10HD_Opt,2026-03-10 10:00:48.018115,69.67582702636719,25.36924934387207,0.0019789503421634,17.445,0.451,0.0,0.0,0,0,1,,0.888,2026-03-10T10:00:48.018115,neutral,0.77,2026-03-10T10:00:46.183469,0.6541869076006905,2026-03-10T10:00:48.916000,70,,,
participant_04,3,day,Town10HD_Opt,2026-03-10 10:00:48.108126,66.09758758544922,26.25571632385254,0.001921615563333,0.004,0.327,0.0,0.0,0,0,1,,0.905,2026-03-10T10:00:48.108126,neutral,0.628,2026-03-10T10:00:47.131631,0.7540225170059629,2026-03-10T10:00:49.006000,67,,,
participant_04,3,day,Town10HD_Opt,2026-03-10 10:00:49.038059,66.09783172607422,26.25571632385254,0.0019193649059161,0.006,0.266,0.0,0.0,0,0,1,,0.92,2026-03-10T10:00:49.038059,neutral,0.628,2026-03-10T10:00:47.131631,0.7943358574271906,2026-03-10T10:00:49.006000,67,,,
participant_05,2,day,Town10HD_Opt,2026-03-10 10:00:49.201403,73.11425018310547,25.282133102416992,0.0020344161894172,12.144,0.987,0.0,0.0,0,0,1,,1.0,2026-03-10T10:00:49.201403,neutral,0.778,2026-03-10T10:00:49.201403,0.5825706911285086,2026-03-10T10:00:49.995000,68,,,
participant_04,3,day,Town10HD_Opt,2026-03-10 10:00:50.031643,66.0979232788086,26.25571632385254,0.0019189452286809,0.001,0.209,0.0,0.0,0,0,1,,0.833,2026-03-10T10:00:50.031643,happy,0.547,2026-03-10T10:00:50.031643,0.7408128721757257,2026-03-10T10:00:50.005000,68,,,
participant_05,2,day,Town10HD_Opt,2026-03-10 10:00:50.119563,75.00611877441406,25.263940811157227,0.0020085906144231,9.326,1.274,0.0,0.0,0,0,1,,0.852,2026-03-10T10:00:50.119563,neutral,0.778,2026-03-10T10:00:49.201403,0.535302194178122,2026-03-10T10:00:50.940000,68,,,
participant_04,3,day,Town10HD_Opt,2026-03-10 10:00:51.038638,66.0978775024414,26.25571632385254,0.0019187545403838,0.001,0.209,0.0,0.0,0,0,1,,0.87,2026-03-10T10:00:51.038638,happy,0.547,2026-03-10T10:00:50.031643,0.8067307374465588,2026-03-10T10:00:50.986000,67,,,
participant_05,2,day,Town10HD_Opt,2026-03-10 10:00:51.093207,76.478271484375,25.25816535949707,0.0019411849789321,8.017,0.169,0.13,0.0,0,0,1,,0.887,2026-03-10T10:00:51.093207,neutral,0.778,2026-03-10T10:00:49.201403,0.5749763881498573,2026-03-10T10:00:51.885000,66,,,
participant_05,2,day,Town10HD_Opt,2026-03-10 10:00:52.023330,77.83265686035156,25.251855850219727,0.001947364769876,7.332,0.012,0.0,0.0,0,0,1,,0.887,2026-03-10T10:00:52.023330,neutral,0.793,2026-03-10T10:00:52.023330,0.531015834969003,2026-03-10T10:00:52.920000,66,,,
participant_04,3,day,Town10HD_Opt,2026-03-10 10:00:52.274954,66.09801483154297,26.25571632385254,0.0019187545403838,0.001,0.209,0.0,0.0,0,0,1,,0.897,2026-03-10T10:00:52.274954,neutral,0.746,2026-03-10T10:00:52.274954,0.8741456348639776,2026-03-10T10:00:53.010000,66,,,
participant_05,2,day,Town10HD_Opt,2026-03-10 10:00:53.220003,79.32192993164062,25.24530029296875,0.0020307921804487,0.53,0.172,0.0,0.088,0,0,1,,0.897,2026-03-10T10:00:53.220003,neutral,0.793,2026-03-10T10:00:52.023330,0.5051525309243431,2026-03-10T10:00:53.910000,67,,,
participant_04,3,day,Town10HD_Opt,2026-03-10 10:00:53.271010,66.09805297851562,26.25571632385254,0.001919021597132,0.005,0.209,0.0,0.0,0,0,1,,0.91,2026-03-10T10:00:53.271010,neutral,0.746,2026-03-10T10:00:52.274954,0.8735692235567825,2026-03-10T10:00:54.092000,69,,,
participant_05,2,day,Town10HD_Opt,2026-03-10 10:00:54.162040,79.33710479736328,25.244911193847656,0.0019508743425831,0.002,0.179,0.0,0.0,0,0,1,,0.824,2026-03-10T10:00:54.162040,neutral,0.696,2026-03-10T10:00:54.162040,0.4945979739457128,2026-03-10T10:00:54.900000,67,,,
participant_04,3,day,Town10HD_Opt,2026-03-10 10:00:54.227128,66.09825897216797,26.25571632385254,0.0019192122854292,0.005,0.209,0.0,0.0,0,0,1,,0.875,2026-03-10T10:00:54.227128,neutral,0.746,2026-03-10T10:00:52.274954,0.9261390437140644,2026-03-10T10:00:55.036000,70,,,
participant_04,3,day,Town10HD_Opt,2026-03-10 10:00:55.147689,66.09844970703125,26.25571632385254,0.001919021597132,0.007,0.202,0.0,0.0,0,0,1,,0.856,2026-03-10T10:00:55.147689,neutral,0.637,2026-03-10T10:00:55.147689,0.8860980181232778,2026-03-10T10:00:55.981000,74,,,
participant_05,2,day,Town10HD_Opt,2026-03-10 10:00:55.155462,79.33723449707031,25.244911193847656,0.0019200133392587,0.007,0.179,0.0,0.0,0,0,1,,0.884,2026-03-10T10:00:55.155462,neutral,0.696,2026-03-10T10:00:54.162040,0.4035385403346952,2026-03-10T10:00:55.890000,66,,,
participant_04,3,day,Town10HD_Opt,2026-03-10 10:00:56.089991,66.09840393066406,26.25571632385254,0.0019188689766451,0.001,0.106,0.0,0.0,0,0,1,,0.93,2026-03-10T10:00:56.089991,neutral,0.637,2026-03-10T10:00:55.147689,0.917748931983304,2026-03-10T10:00:55.981000,72,,,
participant_05,2,day,Town10HD_Opt,2026-03-10 10:00:56.104970,79.33741760253906,25.244911193847656,0.0019192122854292,0.002,0.19,0.0,0.0,0,0,1,,1.0,2026-03-10T10:00:56.104970,neutral,0.696,2026-03-10T10:00:54.162040,0.4894523241026012,2026-03-10T10:00:56.881000,66,,,
participant_04,3,day,Town10HD_Opt,2026-03-10 10:00:57.002045,66.098388671875,26.25571632385254,0.001919021597132,0.0,-0.049,0.0,0.0,0,0,1,,0.939,2026-03-10T10:00:57.002045,neutral,0.637,2026-03-10T10:00:55.147689,0.9540002810654296,2026-03-10T10:00:57.016000,72,,,
participant_05,2,day,Town10HD_Opt,2026-03-10 10:00:57.030175,79.33766174316406,25.244909286499023,0.001919288537465,0.001,0.197,0.0,0.0,0,0,1,,0.837,2026-03-10T10:00:57.030175,neutral,0.83,2026-03-10T10:00:57.030175,0.4727481490997431,2026-03-10T10:00:57.917000,66,,,
participant_05,2,day,Town10HD_Opt,2026-03-10 10:00:58.198013,79.34109497070312,25.24482154846192,0.0018946838099509,0.741,-2.598,0.525,0.0,0,0,1,,0.922,2026-03-10T10:00:58.198013,neutral,0.83,2026-03-10T10:00:57.030175,0.531226991367034,2026-03-10T10:00:58.905000,66,,,
participant_04,3,day,Town10HD_Opt,2026-03-10 10:00:58.263108,66.09850311279297,26.25571632385254,0.001919021597132,0.0,-0.202,0.0,0.0,0,0,1,,0.922,2026-03-10T10:00:58.263108,neutral,0.721,2026-03-10T10:00:58.263108,0.8832282512064271,2026-03-10T10:00:59.085000,68,,,
participant_05,2,day,Town10HD_Opt,2026-03-10 10:00:59.110088,80.2103271484375,25.189802169799805,0.0015629577683284,11.044,-6.971,0.738,0.0,0,0,1,,0.93,2026-03-10T10:00:59.110088,neutral,0.77,2026-03-10T10:00:59.110088,0.4983858051620237,2026-03-10T10:00:59.895000,64,,,
participant_04,3,day,Town10HD_Opt,2026-03-10 10:00:59.213365,66.09868621826172,26.25571632385254,0.0019191360333934,0.005,-0.211,0.0,0.0,0,0,1,,0.919,2026-03-10T10:00:59.213365,neutral,0.721,2026-03-10T10:00:58.263108,0.9306205279498566,2026-03-10T10:01:00.075000,68,,,
participant_05,2,day,Town10HD_Opt,2026-03-10 10:01:00.036706,82.86067962646484,24.90848159790039,0.0018764495616778,18.511,0.078,0.68,0.0,0,0,1,,0.918,2026-03-10T10:01:00.036706,neutral,0.77,2026-03-10T10:00:59.110088,0.5339037173458229,2026-03-10T10:01:00.887000,66,,,
participant_04,3,day,Town10HD_Opt,2026-03-10 10:01:00.176807,66.09893035888672,26.25571632385254,0.0019191360333934,0.006,-0.211,0.0,0.0,0,0,1,,0.903,2026-03-10T10:01:00.176807,neutral,0.721,2026-03-10T10:00:58.263108,0.9580544173144354,2026-03-10T10:01:00.976000,65,,,
participant_04,3,day,Town10HD_Opt,2026-03-10 10:01:01.127300,66.09893035888672,26.25571632385254,0.0019189071608707,0.001,-0.214,0.0,0.0,0,0,1,,0.896,2026-03-10T10:01:01.127300,happy,0.606,2026-03-10T10:01:01.127300,0.9777156044213008,2026-03-10T10:01:02.011000,64,,,
participant_05,2,day,Town10HD_Opt,2026-03-10 10:01:01.281151,88.29884338378906,24.47665023803711,0.0016621779650449,32.049,-2.967,0.776,0.0,0,0,1,,0.808,2026-03-10T10:01:01.281151,fear,0.454,2026-03-10T10:01:01.281151,0.5468608225304139,2026-03-10T10:01:01.921000,66,,,
participant_04,3,day,Town10HD_Opt,2026-03-10 10:01:02.136746,66.09889221191406,26.25571632385254,0.0019187545403838,0.0,-0.214,0.0,0.0,0,0,1,,0.903,2026-03-10T10:01:02.136746,happy,0.606,2026-03-10T10:01:01.127300,0.9606333344627814,2026-03-10T10:01:03.001000,62,,,
participant_05,2,day,Town10HD_Opt,2026-03-10 10:01:02.199594,94.33032989501952,23.32048988342285,0.0020476912613958,38.1,-12.476,0.574,0.0,0,0,1,,0.907,2026-03-10T10:01:02.199594,fear,0.454,2026-03-10T10:01:01.281151,0.525729269439099,2026-03-10T10:01:02.910000,67,,,
participant_04,3,day,Town10HD_Opt,2026-03-10 10:01:03.069750,66.09901428222656,26.25571632385254,0.0019190596649423,0.005,-0.221,0.0,0.0,0,0,1,,0.906,2026-03-10T10:01:03.069750,happy,0.606,2026-03-10T10:01:01.127300,0.99,2026-03-10T10:01:03.001000,66,,,
participant_05,2,day,Town10HD_Opt,2026-03-10 10:01:03.137554,100.24140167236328,19.837995529174805,0.0018050002399832,40.961,-11.147,0.562,0.0,0,0,1,,0.879,2026-03-10T10:01:03.137554,fear,0.454,2026-03-10T10:01:01.281151,0.5304976766396491,2026-03-10T10:01:03.901000,68,,,
participant_05,2,day,Town10HD_Opt,2026-03-10 10:01:04.003467,104.76850128173828,14.102824211120604,0.0032710647210478,43.154,-10.425,0.559,0.0,0,0,1,,0.845,2026-03-10T10:01:04.003467,neutral,0.73,2026-03-10T10:01:04.003467,0.6148338842600712,2026-03-10T10:01:04.890000,65,,,
participant_04,3,day,Town10HD_Opt,2026-03-10 10:01:04.272718,66.09912109375,26.25571632385254,0.0019190596649423,0.005,-0.258,0.0,0.0,0,0,1,,0.917,2026-03-10T10:01:04.272718,happy,0.559,2026-03-10T10:01:04.272718,0.9305248478003468,2026-03-10T10:01:04.981000,62,,,
participant_05,2,day,Town10HD_Opt,2026-03-10 10:01:05.254902,107.23779296875,4.179116249084473,0.0019944761879742,45.413,-5.586,0.529,0.0,0,0,1,,0.874,2026-03-10T10:01:05.254902,neutral,0.73,2026-03-10T10:01:04.003467,0.5652924131723703,2026-03-10T10:01:05.928000,66,,,
participant_04,3,day,Town10HD_Opt,2026-03-10 10:01:05.258717,66.0993423461914,26.25571632385254,0.0019192504696547,0.006,-0.275,0.0,0.0,0,0,1,,0.922,2026-03-10T10:01:05.258717,happy,0.559,2026-03-10T10:01:04.272718,0.9024966023477295,2026-03-10T10:01:06.016000,60,,,
participant_05,2,day,Town10HD_Opt,2026-03-10 10:01:06.161830,107.05648803710938,-3.893966197967529,0.002004203852266,46.792,0.681,0.51,0.0,0,0,1,,0.907,2026-03-10T10:01:06.161830,neutral,0.5,2026-03-10T10:01:06.161830,0.5841242835928283,2026-03-10T10:01:06.916000,65,,,
participant_04,3,day,Town10HD_Opt,2026-03-10 10:01:06.172939,66.0994644165039,26.255714416503903,0.0019189452286809,0.001,-0.287,0.0,0.0,0,0,1,,0.89,2026-03-10T10:01:06.172939,happy,0.559,2026-03-10T10:01:04.272718,0.9816791833425552,2026-03-10T10:01:07.005000,63,,,
participant_05,2,day,Town10HD_Opt,2026-03-10 10:01:07.059335,107.02392578125,-12.055896759033203,0.0021075056865811,45.546,1.081,0.332,0.0,0,0,1,,0.894,2026-03-10T10:01:07.059335,neutral,0.5,2026-03-10T10:01:06.161830,0.5839150593659704,2026-03-10T10:01:07.906000,63,,,
participant_04,3,day,Town10HD_Opt,2026-03-10 10:01:07.145298,66.09941864013672,26.255714416503903,0.0019187927246093,0.001,-0.287,0.0,0.0,0,0,1,,0.9,2026-03-10T10:01:07.145298,neutral,0.543,2026-03-10T10:01:07.145298,0.9443717561585884,2026-03-10T10:01:07.995000,64,,,
participant_04,3,day,Town10HD_Opt,2026-03-10 10:01:08.063983,66.0994644165039,26.25571632385254,0.0019190596649423,0.004,-0.287,0.0,0.0,0,0,1,,0.909,2026-03-10T10:01:08.063983,neutral,0.543,2026-03-10T10:01:07.145298,0.9153802418231244,2026-03-10T10:01:07.995000,62,,,
participant_05,2,day,Town10HD_Opt,2026-03-10 10:01:08.209503,107.26588439941406,-22.168212890625,0.0021509933285415,40.772,-1.906,0.323,0.0,0,0,1,,0.882,2026-03-10T10:01:08.209503,neutral,0.818,2026-03-10T10:01:08.209503,0.6072517597385703,2026-03-10T10:01:08.895000,62,,,
participant_04,3,day,Town10HD_Opt,2026-03-10 10:01:08.999713,66.09966278076172,26.25571632385254,0.0019192122854292,0.005,-0.289,0.0,0.0,0,0,1,,0.933,2026-03-10T10:01:08.999713,neutral,0.543,2026-03-10T10:01:07.145298,0.99,2026-03-10T10:01:08.988000,63,,,
participant_05,2,day,Town10HD_Opt,2026-03-10 10:01:09.159095,106.9410629272461,-29.09353256225586,0.0021342085674405,38.116,-3.426,0.324,0.0,0,0,1,,0.883,2026-03-10T10:01:09.159095,neutral,0.818,2026-03-10T10:01:08.209503,0.619596983995499,2026-03-10T10:01:09.886000,62,,,
participant_05,2,day,Town10HD_Opt,2026-03-10 10:01:10.024869,105.91120910644533,-35.47372817993164,0.0021245193202048,35.797,-5.17,0.325,0.0,0,0,1,,0.929,2026-03-10T10:01:10.024869,neutral,0.818,2026-03-10T10:01:08.209503,0.5303032717492346,2026-03-10T10:01:10.921000,62,,,
participant_04,3,day,Town10HD_Opt,2026-03-10 10:01:10.218578,66.09976959228516,26.25571632385254,0.0019192122854292,0.005,-0.289,0.0,0.0,0,0,1,,0.913,2026-03-10T10:01:10.218578,happy,0.697,2026-03-10T10:01:10.218578,0.9647670242009072,2026-03-10T10:01:11.011000,61,,,
participant_04,3,day,Town10HD_Opt,2026-03-10 10:01:11.145393,66.09998321533203,26.255714416503903,0.0019189834129065,0.001,-0.289,0.0,0.0,0,0,1,,0.946,2026-03-10T10:01:11.145393,happy,0.697,2026-03-10T10:01:10.218578,0.9519376339064703,2026-03-10T10:01:12,64,,,
participant_05,2,day,Town10HD_Opt,2026-03-10 10:01:11.162669,103.23189544677734,-43.02293395996094,0.0021097182761877,33.022,-5.482,0.326,0.0,0,0,1,,0.934,2026-03-10T10:01:11.162669,neutral,0.757,2026-03-10T10:01:11.162669,0.5635613207423817,2026-03-10T10:01:11.910000,63,,,
participant_04,3,day,Town10HD_Opt,2026-03-10 10:01:12.002727,66.09994506835938,26.255714416503903,0.0019188689766451,0.001,-0.298,0.0,0.0,0,0,1,,0.909,2026-03-10T10:01:12.002727,happy,0.697,2026-03-10T10:01:10.218578,0.9896227616812318,2026-03-10T10:01:12,64,,,
participant_05,2,day,Town10HD_Opt,2026-03-10 10:01:12.058038,100.46843719482422,-47.94252014160156,0.0020978164393454,31.419,-4.501,0.328,0.0,0,0,1,,0.86,2026-03-10T10:01:12.058038,neutral,0.757,2026-03-10T10:01:11.162669,0.5616787314429719,2026-03-10T10:01:12.900000,63,,,
participant_05,2,day,Town10HD_Opt,2026-03-10 10:01:13.181912,96.05134582519533,-53.57670211791992,0.002019042847678,31.048,-4.818,0.531,0.0,0,0,1,,0.934,2026-03-10T10:01:13.181912,neutral,0.836,2026-03-10T10:01:13.181912,0.5834458093100594,2026-03-10T10:01:13.891000,66,,,
participant_04,3,day,Town10HD_Opt,2026-03-10 10:01:13.199365,66.1000747680664,26.255714416503903,0.0019188689766451,0.001,-0.313,0.0,0.0,0,0,1,,0.938,2026-03-10T10:01:13.199365,neutral,0.511,2026-03-10T10:01:13.199365,0.9024082201204824,2026-03-10T10:01:14.071000,63,,,
participant_05,2,day,Town10HD_Opt,2026-03-10 10:01:14.093756,91.89002990722656,-57.44722366333008,0.0019290542695671,34.493,-4.886,0.494,0.0,0,0,1,,0.814,2026-03-10T10:01:14.093756,neutral,0.836,2026-03-10T10:01:13.181912,0.5128776863002908,2026-03-10T10:01:14.925000,67,,,
participant_04,3,day,Town10HD_Opt,2026-03-10 10:01:14.114252,66.10003662109375,26.25571632385254,0.001919021597132,0.0,-0.331,0.0,0.0,0,0,1,,0.92,2026-03-10T10:01:14.114252,neutral,0.511,2026-03-10T10:01:13.199365,0.9754296508789164,2026-03-10T10:01:15.015000,63,,,
participant_05,2,day,Town10HD_Opt,2026-03-10 10:01:15.015866,86.78764343261719,-61.00434494018555,0.001980056753382,36.663,-4.839,0.489,0.0,0,0,1,,0.854,2026-03-10T10:01:15.015866,neutral,0.836,2026-03-10T10:01:13.181912,0.6379190747494929,2026-03-10T10:01:15.915000,67,,,
participant_04,3,day,Town10HD_Opt,2026-03-10 10:01:15.021079,66.10021209716797,26.255714416503903,0.0019190978491678,0.005,-0.331,0.0,0.0,0,0,1,,0.9,2026-03-10T10:01:15.021079,neutral,0.511,2026-03-10T10:01:13.199365,0.935632135325812,2026-03-10T10:01:15.015000,63,,,
participant_05,2,day,Town10HD_Opt,2026-03-10 10:01:16.196045,78.84988403320312,-64.6767578125,0.0020062637049704,38.462,-4.841,0.48,0.0,0,0,1,,0.877,2026-03-10T10:01:16.196045,neutral,0.745,2026-03-10T10:01:16.196045,0.5949829717981144,2026-03-10T10:01:16.906000,68,,,
participant_04,3,day,Town10HD_Opt,2026-03-10 10:01:16.237564,66.1003189086914,26.25571250915528,0.0019190596649423,0.005,-0.331,0.0,0.0,0,0,1,,0.823,2026-03-10T10:01:16.237564,neutral,0.57,2026-03-10T10:01:16.237564,0.8993058277783691,2026-03-10T10:01:17.042000,61,,,
participant_05,2,day,Town10HD_Opt,2026-03-10 10:01:17.037306,72.25634765625,-66.36837005615234,0.0020128630567342,39.51,-4.66,0.48,0.0,0,0,1,,1.0,2026-03-10T10:01:17.037306,neutral,0.745,2026-03-10T10:01:16.196045,0.587195440682482,2026-03-10T10:01:16.906000,67,,,
participant_04,3,day,Town10HD_Opt,2026-03-10 10:01:17.189486,66.1005630493164,26.25571060180664,0.0019192504696547,0.006,-0.331,0.0,0.0,0,0,1,,0.904,2026-03-10T10:01:17.189486,neutral,0.57,2026-03-10T10:01:16.237564,0.923612011434103,2026-03-10T10:01:18.031000,61,,,
participant_04,3,day,Town10HD_Opt,2026-03-10 10:01:18.139787,66.10062408447266,26.255704879760746,0.0019189452286809,0.001,-0.331,0.0,0.0,0,0,1,,0.919,2026-03-10T10:01:18.139787,neutral,0.57,2026-03-10T10:01:16.237564,0.9353550804334306,2026-03-10T10:01:19.021000,59,,,
participant_05,2,day,Town10HD_Opt,2026-03-10 10:01:18.183186,62.94578552246094,-67.21733856201172,0.002013282617554,40.767,-0.978,0.48,0.0,0,0,1,,0.819,2026-03-10T10:01:18.183186,neutral,0.745,2026-03-10T10:01:16.196045,0.6267660109405073,2026-03-10T10:01:18.885000,66,,,
participant_04,3,day,Town10HD_Opt,2026-03-10 10:01:19.036286,66.1005859375,26.25570297241211,0.0019187545403838,0.001,-0.331,0.0,0.0,0,0,1,,0.863,2026-03-10T10:01:19.036286,happy,0.61,2026-03-10T10:01:19.036286,0.972400350375184,2026-03-10T10:01:19.021000,60,,,
participant_05,2,day,Town10HD_Opt,2026-03-10 10:01:19.051509,55.74872589111328,-67.44524383544922,0.002016334561631,41.588,-0.698,0.48,0.0,0,0,1,,1.0,2026-03-10T10:01:19.051509,neutral,0.488,2026-03-10T10:01:19.051509,0.6192684157921757,2026-03-10T10:01:19.920000,66,,,
participant_04,3,day,Town10HD_Opt,2026-03-10 10:01:20.012682,66.10066986083984,26.255704879760746,0.0019190596649423,0.005,-0.331,0.0,0.0,0,0,1,,0.904,2026-03-10T10:01:20.012682,happy,0.61,2026-03-10T10:01:19.036286,0.876891249505196,2026-03-10T10:01:20.015000,60,,,
participant_05,2,day,Town10HD_Opt,2026-03-10 10:01:20.159185,45.94231414794922,-67.49436950683594,0.0020211411174386,42.508,-0.684,0.48,0.0,0,0,1,,1.0,2026-03-10T10:01:20.159185,neutral,0.488,2026-03-10T10:01:19.051509,0.6208366656699777,2026-03-10T10:01:20.910000,67,,,
participant_05,2,day,Town10HD_Opt,2026-03-10 10:01:21.023121,38.458683013916016,-67.32050323486328,0.0020239639561623,43.086,-0.289,0.48,0.0,0,0,1,,1.0,2026-03-10T10:01:21.023121,neutral,0.488,2026-03-10T10:01:19.051509,0.599941705983442,2026-03-10T10:01:20.910000,67,,,
participant_04,3,day,Town10HD_Opt,2026-03-10 10:01:21.198442,66.10079193115234,26.25570297241211,0.0019190596649423,0.005,-0.327,0.0,0.0,0,0,1,,0.902,2026-03-10T10:01:21.198442,neutral,0.759,2026-03-10T10:01:21.198442,0.8649529547556772,2026-03-10T10:01:21.001000,59,,,
participant_05,2,day,Town10HD_Opt,2026-03-10 10:01:22.170292,28.367172241210938,-66.99794006347656,0.0020823669619858,42.43,0.148,0.0,0.0,0,0,1,,1.0,2026-03-10T10:01:22.170292,disgust,0.816,2026-03-10T10:01:22.170292,0.6117554760104781,2026-03-10T10:01:22.890000,68,,,
participant_04,3,day,Town10HD_Opt,2026-03-10 10:01:22.194715,66.10099792480469,26.255699157714844,0.0019192504696547,0.006,-0.32,0.0,0.0,0,0,1,,1.0,2026-03-10T10:01:22.194715,neutral,0.759,2026-03-10T10:01:21.198442,0.8963892376008863,2026-03-10T10:01:22.981000,61,,,
participant_05,2,day,Town10HD_Opt,2026-03-10 10:01:23.082184,21.63541412353516,-66.8456802368164,0.0023292540572583,33.525,0.484,0.0,0.0,0,0,1,,1.0,2026-03-10T10:01:23.082184,disgust,0.816,2026-03-10T10:01:22.170292,0.6453394357333561,2026-03-10T10:01:23.880000,67,,,
participant_04,3,day,Town10HD_Opt,2026-03-10 10:01:23.119175,66.1011734008789,26.25569725036621,0.0019189834129065,0.001,-0.313,0.0,0.0,0,0,1,,0.944,2026-03-10T10:01:23.119175,neutral,0.759,2026-03-10T10:01:21.198442,0.9181822761057348,2026-03-10T10:01:24.016000,60,,,
participant_04,3,day,Town10HD_Opt,2026-03-10 10:01:24.245927,66.10131072998047,26.25569725036621,0.0019189834129065,0.001,-0.308,0.0,0.0,0,0,1,,0.934,2026-03-10T10:01:24.245927,happy,0.631,2026-03-10T10:01:24.245927,0.9434690124323694,2026-03-10T10:01:25.096000,58,,,
participant_05,2,day,Town10HD_Opt,2026-03-10 10:01:24.247993,14.798044204711914,-66.83330535888672,0.002171134809032,26.12,0.562,0.22,0.0,0,0,1,,1.0,2026-03-10T10:01:24.247993,neutral,0.696,2026-03-10T10:01:24.247993,0.6368490133074114,2026-03-10T10:01:24.916000,65,,,
participant_05,2,day,Town10HD_Opt,2026-03-10 10:01:25.132024,10.450592041015623,-66.90597534179688,0.0021330642048269,23.361,0.27,0.218,0.0,0,0,1,,0.806,2026-03-10T10:01:25.132024,neutral,0.696,2026-03-10T10:01:24.247993,0.6886981112668177,2026-03-10T10:01:25.905000,64,,,
participant_04,3,day,Town10HD_Opt,2026-03-10 10:01:25.138116,66.10126495361328,26.25569725036621,0.0019188307924196,0.001,-0.275,0.0,0.0,0,0,1,,0.93,2026-03-10T10:01:25.138116,happy,0.631,2026-03-10T10:01:24.245927,0.890578355448027,2026-03-10T10:01:26.041000,58,,,
participant_04,3,day,Town10HD_Opt,2026-03-10 10:01:26.011968,66.10124969482422,26.25569725036621,0.001919021597132,0.0,-0.251,0.0,0.0,0,0,1,,0.902,2026-03-10T10:01:26.011968,happy,0.631,2026-03-10T10:01:24.245927,0.9255774878381428,2026-03-10T10:01:26.041000,59,,,
participant_05,2,day,Town10HD_Opt,2026-03-10 10:01:26.240686,5.35352897644043,-67.02861022949219,0.0021182631608098,20.2,0.31,0.218,0.0,0,0,1,,0.821,2026-03-10T10:01:26.240686,neutral,0.696,2026-03-10T10:01:24.247993,0.6291725901060771,2026-03-10T10:01:26.895000,64,,,
participant_05,2,day,Town10HD_Opt,2026-03-10 10:01:27.107710,1.985431432723999,-67.13326263427734,0.002109489403665,18.152,0.31,0.219,0.0,0,0,1,,1.0,2026-03-10T10:01:27.107710,neutral,0.826,2026-03-10T10:01:27.107710,0.6535949215973248,2026-03-10T10:01:27.885000,63,,,
participant_04,3,day,Town10HD_Opt,2026-03-10 10:01:27.269231,66.10136413574219,26.25569725036621,0.0019189834129065,0.0,-0.247,0.0,0.0,0,0,1,,0.913,2026-03-10T10:01:27.269231,happy,0.554,2026-03-10T10:01:27.269231,0.9650172187273288,2026-03-10T10:01:28.021000,60,,,
participant_04,3,day,Town10HD_Opt,2026-03-10 10:01:28.170210,66.1015396118164,26.25569725036621,0.0019190978491678,0.005,-0.209,0.0,0.0,0,0,1,,0.895,2026-03-10T10:01:28.170210,happy,0.554,2026-03-10T10:01:27.269231,0.8279209382162325,2026-03-10T10:01:29.012000,60,,,
participant_05,2,day,Town10HD_Opt,2026-03-10 10:01:28.191735,-2.220100164413452,-67.29378509521484,0.001856651273556,17.833,0.31,0.219,0.0,0,0,1,,0.889,2026-03-10T10:01:28.191735,neutral,0.826,2026-03-10T10:01:27.107710,0.6276475396601655,2026-03-10T10:01:28.920000,64,,,
participant_05,2,day,Town10HD_Opt,2026-03-10 10:01:29.079434,-5.291754245758057,-67.43140411376953,0.0019356155535206,17.27,0.287,0.219,0.0,0,0,1,,1.0,2026-03-10T10:01:29.079434,neutral,0.826,2026-03-10T10:01:27.107710,0.6425154840336936,2026-03-10T10:01:29.910000,63,,,
participant_04,3,day,Town10HD_Opt,2026-03-10 10:01:29.094407,66.10179138183594,26.25569725036621,0.0019191360333934,0.006,-0.2,0.0,0.0,0,0,1,,0.921,2026-03-10T10:01:29.094407,happy,0.554,2026-03-10T10:01:27.269231,0.8904501289496144,2026-03-10T10:01:29.012000,59,,,
participant_05,2,day,Town10HD_Opt,2026-03-10 10:01:30.198610,-9.249777793884276,-67.6281509399414,0.0019324492895975,16.683,-0.36,0.217,0.0,0,0,1,,1.0,2026-03-10T10:01:30.198610,disgust,0.778,2026-03-10T10:01:30.198610,0.6395992377308927,2026-03-10T10:01:30.901000,64,,,
participant_04,3,day,Town10HD_Opt,2026-03-10 10:01:30.243081,66.10189056396484,26.25569725036621,0.0019192122854292,0.006,-0.2,0.0,0.0,0,0,1,,0.937,2026-03-10T10:01:30.243081,neutral,0.578,2026-03-10T10:01:30.243081,0.9816703509331742,2026-03-10T10:01:30.991000,62,,,
participant_05,2,day,Town10HD_Opt,2026-03-10 10:01:31.115356,-12.065512657165527,-67.73383331298828,0.0020073698833584,14.606,-0.632,0.0,0.0,0,0,1,,1.0,2026-03-10T10:01:31.115356,disgust,0.778,2026-03-10T10:01:30.198610,0.6018111584696556,2026-03-10T10:01:31.892000,66,,,
participant_04,3,day,Town10HD_Opt,2026-03-10 10:01:31.149176,66.10192108154297,26.25569725036621,0.0019189071608707,0.001,-0.2,0.0,0.0,0,0,1,,0.893,2026-03-10T10:01:31.149176,neutral,0.578,2026-03-10T10:01:30.243081,0.8534629306347451,2026-03-10T10:01:31.981000,61,,,
participant_04,3,day,Town10HD_Opt,2026-03-10 10:01:32.049690,66.10187530517578,26.25569725036621,0.0019187545403838,0.001,-0.2,0.0,0.0,0,0,1,,0.933,2026-03-10T10:01:32.049690,neutral,0.578,2026-03-10T10:01:30.243081,0.8492162457162687,2026-03-10T10:01:31.981000,60,,,
participant_05,2,day,Town10HD_Opt,2026-03-10 10:01:32.194141,-14.975505828857422,-67.82669067382812,0.0020170211791992,10.28,-0.169,0.0,0.0,0,0,1,,0.913,2026-03-10T10:01:32.194141,disgust,0.778,2026-03-10T10:01:30.198610,0.584709692250667,2026-03-10T10:01:32.881000,64,,,
participant_05,2,day,Town10HD_Opt,2026-03-10 10:01:33.063228,-16.57384490966797,-67.87489318847656,0.0019887923263013,7.945,-0.186,0.0,0.0,0,0,1,,1.0,2026-03-10T10:01:33.063228,neutral,0.887,2026-03-10T10:01:33.063228,0.6282135228771816,2026-03-10T10:01:33.916000,65,,,
participant_04,3,day,Town10HD_Opt,2026-03-10 10:01:33.258677,66.10201263427734,26.25569725036621,0.0019187163561582,0.001,-0.2,0.0,0.0,0,0,1,,0.943,2026-03-10T10:01:33.258677,neutral,0.827,2026-03-10T10:01:33.258677,0.8947341717069617,2026-03-10T10:01:34.006000,64,,,
participant_05,2,day,Town10HD_Opt,2026-03-10 10:01:34.124993,-18.15187263488769,-67.91958618164062,0.0019697952084243,5.505,-0.209,0.0,0.0,0,0,1,,1.0,2026-03-10T10:01:34.124993,neutral,0.887,2026-03-10T10:01:33.063228,0.6077434147758266,2026-03-10T10:01:34.908000,65,,,
participant_04,3,day,Town10HD_Opt,2026-03-10 10:01:34.183040,66.10209655761719,26.25569725036621,0.001919021597132,0.005,-0.2,0.0,0.0,0,0,1,,0.922,2026-03-10T10:01:34.183040,neutral,0.827,2026-03-10T10:01:33.258677,0.8487012249242254,2026-03-10T10:01:34.997000,62,,,
participant_04,3,day,Town10HD_Opt,2026-03-10 10:01:35.143203,66.10230255126953,26.25569725036621,0.0019192504696547,0.005,-0.2,0.0,0.0,0,0,1,,0.943,2026-03-10T10:01:35.143203,neutral,0.827,2026-03-10T10:01:33.258677,0.9079230961483916,2026-03-10T10:01:36.032000,63,,,
participant_05,2,day,Town10HD_Opt,2026-03-10 10:01:35.224998,-19.241661071777344,-67.94865417480469,0.001974792452529,3.54,-0.209,0.044,0.0,0,0,1,,0.83,2026-03-10T10:01:35.224998,neutral,0.841,2026-03-10T10:01:35.224998,0.6362701507438282,2026-03-10T10:01:35.897000,65,,,
participant_04,3,day,Town10HD_Opt,2026-03-10 10:01:36.048441,66.10244750976562,26.25569725036621,0.0019189834129065,0.001,-0.148,0.0,0.0,0,0,1,,1.0,2026-03-10T10:01:36.048441,neutral,0.769,2026-03-10T10:01:36.048441,0.9638950976793936,2026-03-10T10:01:36.032000,63,,,
participant_05,2,day,Town10HD_Opt,2026-03-10 10:01:36.087455,-19.7937126159668,-67.96278381347656,0.0019468306563794,2.691,-0.211,0.039,0.0,0,0,1,,0.826,2026-03-10T10:01:36.087455,neutral,0.841,2026-03-10T10:01:35.224998,0.562748773152875,2026-03-10T10:01:36.886000,65,,,
participant_05,2,day,Town10HD_Opt,2026-03-10 10:01:37.189465,-20.3541202545166,-67.97667694091797,0.0019191360333934,2.372,-0.211,0.08,0.0,0,0,1,,1.0,2026-03-10T10:01:37.189465,neutral,0.841,2026-03-10T10:01:35.224998,0.5047893811085891,2026-03-10T10:01:37.920000,64,,,
participant_04,3,day,Town10HD_Opt,2026-03-10 10:01:37.268545,66.10708618164062,26.25540542602539,0.0019183730473741,0.022,-0.202,0.161,0.0,0,1,-1,,0.908,2026-03-10T10:01:37.268545,neutral,0.769,2026-03-10T10:01:36.048441,0.8628810286758574,2026-03-10T10:01:38.011000,62,,,
participant_05,2,day,Town10HD_Opt,2026-03-10 10:01:38.025653,-20.755523681640625,-67.9863052368164,0.0019197082147002,2.388,-0.211,0.079,0.0,0,0,1,,1.0,2026-03-10T10:01:38.025653,neutral,0.772,2026-03-10T10:01:38.025653,0.5450281010057497,2026-03-10T10:01:37.920000,66,,,
participant_04,3,day,Town10HD_Opt,2026-03-10 10:01:38.177423,66.04872131347656,26.262285232543945,0.0020824812818318,2.863,-8.313,0.613,0.0,0,1,-1,,0.967,2026-03-10T10:01:38.177423,neutral,0.81,2026-03-10T10:01:38.177423,0.9663997201838792,2026-03-10T10:01:39.003000,61,,,
participant_04,3,day,Town10HD_Opt,2026-03-10 10:01:39.035477,65.0587158203125,26.357852935791016,0.0021771239116787,9.484,-7.418,0.628,0.0,0,1,-1,,0.843,2026-03-10T10:01:39.035477,neutral,0.81,2026-03-10T10:01:38.177423,0.838774248086224,2026-03-10T10:01:39.003000,62,,,errors=Vehicle collision
participant_05,2,day,Town10HD_Opt,2026-03-10 10:01:39.144369,-21.278705596923828,-67.99905395507812,0.0019181059906259,2.359,-0.303,0.079,0.0,0,0,1,,1.0,2026-03-10T10:01:39.144369,neutral,0.772,2026-03-10T10:01:38.025653,0.5543472800134616,2026-03-10T10:01:39.946000,66,,,
participant_04,3,day,Town10HD_Opt,2026-03-10 10:01:40.201102,63.969970703125,26.417686462402344,0.006328391842544,0.076,0.094,0.472,0.0,0,1,-1,,0.814,2026-03-10T10:01:40.201102,sad,0.342,2026-03-10T10:01:40.201102,0.8461864708581958,2026-03-10T10:01:40.981000,62,,,
participant_05,2,day,Town10HD_Opt,2026-03-10 10:01:40.215721,-22.338281631469727,-68.02104949951172,0.0014955520164221,13.303,-1.126,1.0,0.0,0,0,1,,1.0,2026-03-10T10:01:40.215721,neutral,0.3,2026-03-10T10:01:40.215721,0.4347063847900826,2026-03-10T10:01:40.891000,66,,,
participant_05,2,day,Town10HD_Opt,2026-03-10 10:01:41.095394,-25.638383865356445,-68.06746673583984,0.0016347122145816,26.5,-0.407,0.98,0.0,0,0,1,,1.0,2026-03-10T10:01:41.095394,neutral,0.3,2026-03-10T10:01:40.215721,0.5083201589904762,2026-03-10T10:01:41.926000,66,,,
participant_04,3,day,Town10HD_Opt,2026-03-10 10:01:41.102668,63.970497131347656,26.433210372924805,0.0046128844842314,0.05,1.415,0.0,0.0,0,1,-1,,0.827,2026-03-10T10:01:41.102668,sad,0.342,2026-03-10T10:01:40.201102,0.8144976823826958,2026-03-10T10:01:40.981000,60,,,
participant_05,2,day,Town10HD_Opt,2026-03-10 10:01:42.162367,-33.98416519165039,-68.10005950927734,0.0016149901784956,45.254,-0.244,0.911,0.0,0,0,1,,1.0,2026-03-10T10:01:42.162367,neutral,0.3,2026-03-10T10:01:40.215721,0.5262223921967779,2026-03-10T10:01:42.917000,66,,,
participant_04,3,day,Town10HD_Opt,2026-03-10 10:01:42.237893,64.15035247802734,26.45176887512207,0.0018513107206672,3.046,10.521,0.531,0.0,0,0,1,,0.91,2026-03-10T10:01:42.237893,neutral,0.845,2026-03-10T10:01:42.237893,0.8398867732207873,2026-03-10T10:01:43.007000,61,Vehicle collision,Vehicle collision,
participant_04,3,day,Town10HD_Opt,2026-03-10 10:01:43.157645,65.09357452392578,26.635332107543945,0.0018746566493064,6.404,14.584,0.0,0.0,0,0,1,,0.869,2026-03-10T10:01:43.157645,neutral,0.845,2026-03-10T10:01:42.237893,0.848343592394186,2026-03-10T10:01:43.007000,62,,,
participant_05,2,day,Town10HD_Opt,2026-03-10 10:01:43.252544,-45.44465637207031,-67.98456573486328,0.0027944182511419,48.173,-0.266,0.867,0.0,0,0,1,,1.0,2026-03-10T10:01:43.252544,neutral,0.712,2026-03-10T10:01:43.252544,0.4989578526693822,2026-03-10T10:01:43.906000,63,,,
participant_04,3,day,Town10HD_Opt,2026-03-10 10:01:44.010702,66.05089569091797,26.880868911743164,0.0019624710548669,4.893,8.53,0.0,0.0,0,0,1,,0.975,2026-03-10T10:01:44.010702,neutral,0.845,2026-03-10T10:01:42.237893,0.8774511745326228,2026-03-10T10:01:44.086000,62,,,
participant_05,2,day,Town10HD_Opt,2026-03-10 10:01:44.124134,-54.19749069213867,-67.7772445678711,0.0021073913667351,48.688,-0.266,0.85,0.0,0,0,1,,1.0,2026-03-10T10:01:44.124134,neutral,0.712,2026-03-10T10:01:43.252544,0.4692335267650629,2026-03-10T10:01:44.896000,68,,,
participant_05,2,day,Town10HD_Opt,2026-03-10 10:01:44.987754,-62.92961120605469,-67.46438598632812,0.002148971427232,49.292,-1.619,0.835,0.0,0,0,1,,1.0,2026-03-10T10:01:44.987754,neutral,0.712,2026-03-10T10:01:43.252544,0.4264594951935799,2026-03-10T10:01:45.885000,66,,,
participant_04,3,day,Town10HD_Opt,2026-03-10 10:01:45.171111,66.99491882324219,27.12649917602539,0.0019518280168995,3.445,1.777,0.0,0.0,0,0,1,,0.907,2026-03-10T10:01:45.171111,neutral,0.55,2026-03-10T10:01:45.171111,0.8150488788926944,2026-03-10T10:01:46.021000,64,,,
participant_04,3,day,Town10HD_Opt,2026-03-10 10:01:46.037645,67.5015869140625,27.25181579589844,0.0019265746232122,3.025,6.725,0.314,0.0,0,0,1,,0.934,2026-03-10T10:01:46.037645,neutral,0.55,2026-03-10T10:01:45.171111,0.8441900342491856,2026-03-10T10:01:46.021000,63,,,
participant_05,2,day,Town10HD_Opt,2026-03-10 10:01:46.145278,-74.53531646728516,-66.25674438476562,0.001944770803675,51.313,-3.516,0.0,0.105,0,0,1,,1.0,2026-03-10T10:01:46.145278,neutral,0.83,2026-03-10T10:01:46.145278,0.4740903705561708,2026-03-10T10:01:46.920000,67,,,
participant_05,2,day,Town10HD_Opt,2026-03-10 10:01:47.044475,-82.96094512939453,-63.94218444824219,0.001926879864186,51.613,-5.78,0.0,0.122,0,0,1,,1.0,2026-03-10T10:01:47.044475,neutral,0.83,2026-03-10T10:01:46.145278,0.4245950693918964,2026-03-10T10:01:47.911000,67,,,
participant_04,3,day,Town10HD_Opt,2026-03-10 10:01:47.194791,68.64008331298828,27.55742454528809,0.001816101022996,7.435,-2.857,0.286,0.0,0,0,1,,0.891,2026-03-10T10:01:47.194791,neutral,0.46,2026-03-10T10:01:47.194791,0.8452040608294803,2026-03-10T10:01:48.091000,63,,,
participant_04,3,day,Town10HD_Opt,2026-03-10 10:01:48.108242,70.10135650634766,27.86764907836914,0.0018365859286859,9.928,-2.974,0.231,0.0,0,0,1,,0.937,2026-03-10T10:01:48.108242,neutral,0.46,2026-03-10T10:01:47.194791,0.9006334970931462,2026-03-10T10:01:48.991000,64,,,
participant_05,2,day,Town10HD_Opt,2026-03-10 10:01:48.152923,-93.09765625,-58.106292724609375,0.0019272613571956,51.098,-4.365,0.0,0.11,0,0,1,,1.0,2026-03-10T10:01:48.152923,disgust,0.389,2026-03-10T10:01:48.152923,0.4974908269296468,2026-03-10T10:01:48.901000,71,,,
participant_05,2,day,Town10HD_Opt,2026-03-10 10:01:49.220421,-101.35604095458984,-49.91871643066406,0.0021142195910215,49.494,-4.785,0.82,0.0,0,0,1,,1.0,2026-03-10T10:01:49.220421,disgust,0.389,2026-03-10T10:01:48.152923,0.46801710784785,2026-03-10T10:01:49.891000,71,,,
participant_04,3,day,Town10HD_Opt,2026-03-10 10:01:49.271356,72.14997100830078,28.32613945007324,0.002049446105957,6.411,4.15,0.0,0.31,0,0,1,,0.938,2026-03-10T10:01:49.271356,neutral,0.563,2026-03-10T10:01:49.271356,0.8695574855464832,2026-03-10T10:01:50.026000,67,,,
participant_05,2,day,Town10HD_Opt,2026-03-10 10:01:50.073556,-106.00668334960938,-42.580326080322266,0.00202003470622,49.858,-4.804,0.184,0.0,0,0,1,,1.0,2026-03-10T10:01:50.073556,disgust,0.389,2026-03-10T10:01:48.152923,0.5213662385038401,2026-03-10T10:01:50.881000,71,,,
participant_04,3,day,Town10HD_Opt,2026-03-10 10:01:50.140520,72.42526245117188,28.39900779724121,0.0020001982338726,0.0,3.459,0.0,0.4,0,0,1,,0.945,2026-03-10T10:01:50.140520,neutral,0.563,2026-03-10T10:01:49.271356,0.8695646670299292,2026-03-10T10:01:51.016000,66,,,
participant_05,2,day,Town10HD_Opt,2026-03-10 10:01:51.187016,-109.42648315429688,-33.06348419189453,0.0023785019293427,35.518,-4.825,0.0,0.0,0,0,1,,0.846,2026-03-10T10:01:51.187016,sad,0.417,2026-03-10T10:01:51.187016,0.386434088727468,2026-03-10T10:01:51.915000,70,,,
participant_04,3,day,Town10HD_Opt,2026-03-10 10:01:51.257643,72.4242172241211,28.39874267578125,0.0019219588721171,0.02,3.363,0.308,0.0,0,1,-1,,0.832,2026-03-10T10:01:51.257643,neutral,0.563,2026-03-10T10:01:49.271356,0.8682219606933943,2026-03-10T10:01:52.006000,69,,,
participant_05,2,day,Town10HD_Opt,2026-03-10 10:01:52.075024,-110.25020599365234,-27.5059757232666,0.0023054503835737,27.829,-3.747,0.067,0.0,0,0,1,,1.0,2026-03-10T10:01:52.075024,sad,0.417,2026-03-10T10:01:51.187016,0.4529683377673113,2026-03-10T10:01:52.905000,71,,,
participant_04,3,day,Town10HD_Opt,2026-03-10 10:01:52.126574,72.40764617919922,28.39408302307129,0.0019377898424863,1.395,5.749,0.391,0.0,0,1,-1,,0.927,2026-03-10T10:01:52.126574,neutral,0.377,2026-03-10T10:01:52.126574,0.7951070931150378,2026-03-10T10:01:52.006000,70,,,
participant_04,3,day,Town10HD_Opt,2026-03-10 10:01:53.009353,71.92378234863281,28.26091957092285,0.0020020676311105,4.089,3.41,0.281,0.0,0,1,-1,,0.894,2026-03-10T10:01:53.009353,neutral,0.377,2026-03-10T10:01:52.126574,0.9291829489118693,2026-03-10T10:01:53.086000,69,,,
participant_05,2,day,Town10HD_Opt,2026-03-10 10:01:53.249609,-110.44356536865234,-21.716476440429688,0.0019973753951489,25.117,-0.884,0.904,0.0,0,0,1,,1.0,2026-03-10T10:01:53.249609,neutral,0.851,2026-03-10T10:01:53.249609,0.4969020854162068,2026-03-10T10:01:53.896000,69,,,
participant_05,2,day,Town10HD_Opt,2026-03-10 10:01:54.209472,-110.44886779785156,-16.275657653808594,0.001602325355634,39.292,-0.153,0.909,0.0,0,0,1,,1.0,2026-03-10T10:01:54.209472,neutral,0.851,2026-03-10T10:01:53.249609,0.5182735692783053,2026-03-10T10:01:54.886000,69,,,
participant_04,3,day,Town10HD_Opt,2026-03-10 10:01:54.260446,71.11802673339844,28.066680908203125,0.0018972395919263,3.025,3.983,0.283,0.0,0,1,-1,,0.934,2026-03-10T10:01:54.260446,sad,0.426,2026-03-10T10:01:54.260446,0.8278941649498306,2026-03-10T10:01:55.067000,68,,,
participant_05,2,day,Town10HD_Opt,2026-03-10 10:01:55.141051,-110.42290496826172,-8.558015823364258,0.0016574477776885,50.436,0.0,0.846,0.0,0,0,1,,1.0,2026-03-10T10:01:55.141051,neutral,0.851,2026-03-10T10:01:53.249609,0.5075219781581847,2026-03-10T10:01:55.965000,69,,,
participant_04,3,day,Town10HD_Opt,2026-03-10 10:01:55.150043,70.65997314453125,27.95298957824707,0.0018932723905891,2.309,7.382,0.237,0.0,0,1,-1,,0.928,2026-03-10T10:01:55.150043,sad,0.426,2026-03-10T10:01:54.260446,0.9004947362350635,2026-03-10T10:01:56.011000,69,,,
participant_05,2,day,Town10HD_Opt,2026-03-10 10:01:56.076225,-110.38150787353516,0.129364475607872,0.0022981644142419,45.017,0.068,0.0,0.0,0,0,1,,1.0,2026-03-10T10:01:56.076225,disgust,0.803,2026-03-10T10:01:56.076225,0.4384439664296943,2026-03-10T10:01:56.911000,69,,,
participant_04,3,day,Town10HD_Opt,2026-03-10 10:01:56.079792,70.2952880859375,27.8597412109375,0.0019173431210219,2.055,12.355,0.241,0.0,0,1,-1,,0.932,2026-03-10T10:01:56.079792,sad,0.426,2026-03-10T10:01:54.260446,0.8558848169297594,2026-03-10T10:01:56.011000,70,,,errors=Vehicle collision
participant_05,2,day,Town10HD_Opt,2026-03-10 10:01:57.028754,-110.18648529052734,7.164276599884033,0.0023678205907344,34.726,-7.979,0.0,0.0,0,0,1,,1.0,2026-03-10T10:01:57.028754,disgust,0.803,2026-03-10T10:01:56.076225,0.4563189881393874,2026-03-10T10:01:57.900000,70,,,
participant_04,3,day,Town10HD_Opt,2026-03-10 10:01:57.256831,70.02686309814453,27.830734252929688,0.0017544936854392,1.0,15.378,0.267,0.0,0,1,-1,,1.0,2026-03-10T10:01:57.256831,neutral,0.596,2026-03-10T10:01:57.256831,0.8404336507645384,2026-03-10T10:01:58.126000,71,,,
participant_04,3,day,Town10HD_Opt,2026-03-10 10:01:58.125025,69.83202362060547,27.80388641357422,0.0023738860618323,1.351,15.339,0.27,0.0,0,1,-1,,0.824,2026-03-10T10:01:58.125025,neutral,0.596,2026-03-10T10:01:57.256831,0.906639842066806,2026-03-10T10:01:58.982000,70,,,errors=Vehicle collision
participant_05,2,day,Town10HD_Opt,2026-03-10 10:01:58.214613,-108.52227020263672,13.84768772125244,0.0023350142873823,24.215,-6.469,0.0,0.0,0,0,1,,0.82,2026-03-10T10:01:58.214613,neutral,0.834,2026-03-10T10:01:58.214613,0.3791366794037847,2026-03-10T10:01:58.891000,69,,,
participant_05,2,day,Town10HD_Opt,2026-03-10 10:01:59.228427,-106.89096069335938,17.23970603942871,0.002207298297435,18.926,-10.35,0.174,0.0,0,0,1,,0.855,2026-03-10T10:01:59.228427,neutral,0.834,2026-03-10T10:01:58.214613,0.4633841494401466,2026-03-10T10:01:59.926000,71,,,
participant_04,3,day,Town10HD_Opt,2026-03-10 10:01:59.271809,69.56217956542969,27.76995086669922,0.0028343200683593,0.534,14.467,0.0,0.0,0,1,-1,,0.92,2026-03-10T10:01:59.271809,sad,0.399,2026-03-10T10:01:59.271809,0.8171444884150932,2026-03-10T10:02:00.016000,71,,,
participant_05,2,day,Town10HD_Opt,2026-03-10 10:02:00.189124,-105.00686645507812,19.79562187194824,0.0018829344771802,17.639,-10.49,0.158,0.0,0,0,1,,0.806,2026-03-10T10:02:00.189124,neutral,0.834,2026-03-10T10:01:58.214613,0.5020983303246764,2026-03-10T10:02:00.916000,70,,,
participant_04,3,day,Town10HD_Opt,2026-03-10 10:02:00.192336,69.52059936523438,27.765729904174805,0.0026454543694853,0.044,14.531,0.0,0.0,0,1,-1,,1.0,2026-03-10T10:02:00.192336,sad,0.399,2026-03-10T10:01:59.271809,0.8205287785533116,2026-03-10T10:02:01.096000,71,,,
participant_04,3,day,Town10HD_Opt,2026-03-10 10:02:01.059108,69.51815032958984,27.765851974487305,0.0023543166462332,0.005,14.418,0.0,0.0,0,1,-1,,1.0,2026-03-10T10:02:01.059108,sad,0.399,2026-03-10T10:01:59.271809,0.871190748716996,2026-03-10T10:02:01.096000,70,,,errors=Vehicle collision
participant_05,2,day,Town10HD_Opt,2026-03-10 10:02:01.144698,-102.90584564208984,21.818681716918945,0.002007408067584,15.239,-10.451,0.0,0.0,0,0,1,,0.836,2026-03-10T10:02:01.144698,neutral,0.769,2026-03-10T10:02:01.144698,0.4478481128153943,2026-03-10T10:02:01.907000,70,,,
participant_05,2,day,Town10HD_Opt,2026-03-10 10:02:02.104470,-100.97574615478516,23.197900772094727,0.0020336913876235,11.725,-10.442,0.0,0.0,0,0,1,,1.0,2026-03-10T10:02:02.104470,neutral,0.769,2026-03-10T10:02:01.144698,0.4636345988329378,2026-03-10T10:02:02.896000,69,,,
participant_04,3,day,Town10HD_Opt,2026-03-10 10:02:02.138496,69.51986694335938,27.766469955444336,0.0019750976935029,0.005,15.98,0.022,0.0,0,0,1,,1.0,2026-03-10T10:02:02.138496,neutral,0.454,2026-03-10T10:02:02.138496,0.8723815967190086,2026-03-10T10:02:02.087000,72,,,
participant_04,3,day,Town10HD_Opt,2026-03-10 10:02:03.024865,69.5297622680664,27.76953125,0.0019014739664271,0.692,24.787,0.179,0.0,0,0,1,,0.885,2026-03-10T10:02:03.024865,neutral,0.454,2026-03-10T10:02:02.138496,0.8976717341517189,2026-03-10T10:02:03.084000,71,,,
participant_05,2,day,Town10HD_Opt,2026-03-10 10:02:03.072019,-99.4513931274414,24.03972625732422,0.002060470636934,7.634,-10.442,0.0,0.232,0,0,1,,1.0,2026-03-10T10:02:03.072019,neutral,0.769,2026-03-10T10:02:01.144698,0.4565689433343581,2026-03-10T10:02:03.886000,69,,,
participant_05,2,day,Town10HD_Opt,2026-03-10 10:02:04.032843,-98.81804656982422,24.33336639404297,0.0021656798198819,0.001,-10.442,0.0,0.21,0,0,1,,0.836,2026-03-10T10:02:04.032843,neutral,0.812,2026-03-10T10:02:04.032843,0.4178928214359927,2026-03-10T10:02:04.920000,72,,,
participant_04,3,day,Town10HD_Opt,2026-03-10 10:02:04.142485,69.97589111328125,27.92733383178711,0.0018226623069494,4.068,17.221,0.0,0.0,0,0,1,,1.0,2026-03-10T10:02:04.142485,sad,0.456,2026-03-10T10:02:04.142485,0.893554053989502,2026-03-10T10:02:04.021000,67,,,
participant_05,2,day,Town10HD_Opt,2026-03-10 10:02:05.050151,-98.81776428222656,24.33345603942871,0.0019286727765575,0.001,-10.442,0.0,0.0,0,0,1,,1.0,2026-03-10T10:02:05.050151,neutral,0.812,2026-03-10T10:02:04.032843,0.3292930003632788,2026-03-10T10:02:05.911000,72,,,
participant_04,3,day,Town10HD_Opt,2026-03-10 10:02:05.276659,70.8079833984375,28.140668869018555,0.0019301223801448,3.643,-5.394,0.505,0.0,0,0,1,,1.0,2026-03-10T10:02:05.276659,sad,0.456,2026-03-10T10:02:04.142485,0.8621174934900913,2026-03-10T10:02:06.046000,68,,,
participant_05,2,day,Town10HD_Opt,2026-03-10 10:02:06.028368,-98.81704711914062,24.333784103393555,0.0019144057296216,0.476,-10.461,0.823,0.0,0,0,1,,1.0,2026-03-10T10:02:06.028368,neutral,0.812,2026-03-10T10:02:04.032843,0.4782030620404312,2026-03-10T10:02:06.901000,70,,,
participant_04,3,day,Town10HD_Opt,2026-03-10 10:02:06.120500,72.10829162597656,28.328086853027344,0.0015679930802434,13.513,-7.629,0.814,0.0,0,0,1,,1.0,2026-03-10T10:02:06.120500,sad,0.456,2026-03-10T10:02:04.142485,0.8690703618474699,2026-03-10T10:02:06.994000,68,,,
participant_05,2,day,Town10HD_Opt,2026-03-10 10:02:07.001089,-97.72682189941406,24.76144218444824,0.0014048767043277,15.464,-11.243,1.0,0.0,0,0,1,,1.0,2026-03-10T10:02:07.001089,neutral,0.853,2026-03-10T10:02:07.001089,0.4408470871827896,2026-03-10T10:02:07.891000,70,,,
participant_04,3,day,Town10HD_Opt,2026-03-10 10:02:07.234374,76.44542694091797,28.552433013916016,0.0020236587151885,19.89,-2.617,0.0,0.112,0,0,1,,0.933,2026-03-10T10:02:07.234374,neutral,0.412,2026-03-10T10:02:07.234374,0.8590809975549926,2026-03-10T10:02:07.981000,69,,,errors=Vehicle collision
participant_04,3,day,Town10HD_Opt,2026-03-10 10:02:08.184698,77.5636978149414,28.585453033447266,-0.0010481261415407,0.05,-1.072,0.0,0.503,0,0,1,,0.975,2026-03-10T10:02:08.184698,neutral,0.412,2026-03-10T10:02:07.234374,0.9216053892195456,2026-03-10T10:02:09.062000,68,,,
participant_05,2,day,Town10HD_Opt,2026-03-10 10:02:08.276555,-92.6659164428711,26.166566848754883,0.0018288802821189,27.838,-2.607,0.502,0.0,0,0,1,,0.892,2026-03-10T10:02:08.276555,neutral,0.853,2026-03-10T10:02:07.001089,0.3805377864256339,2026-03-10T10:02:08.925000,71,,,
participant_04,3,day,Town10HD_Opt,2026-03-10 10:02:09.031627,77.56317138671875,28.585432052612305,0.0018886947073042,0.002,-0.458,0.209,0.0,0,1,-1,,0.927,2026-03-10T10:02:09.031627,neutral,0.412,2026-03-10T10:02:07.234374,0.8256096090406431,2026-03-10T10:02:09.062000,69,,,
participant_05,2,day,Town10HD_Opt,2026-03-10 10:02:09.218405,-87.6161880493164,27.13795280456543,0.0019355010008439,31.151,-2.906,0.515,0.0,0,0,1,,0.897,2026-03-10T10:02:09.218405,neutral,0.325,2026-03-10T10:02:09.218405,0.4534021940999023,2026-03-10T10:02:09.916000,71,,,
participant_05,2,day,Town10HD_Opt,2026-03-10 10:02:10.174499,-81.97632598876953,27.794395446777344,0.0019850158132612,33.139,-2.372,0.0,0.0,0,0,1,,1.0,2026-03-10T10:02:10.174499,neutral,0.325,2026-03-10T10:02:09.218405,0.4545695512843257,2026-03-10T10:02:10.906000,73,,,
participant_04,3,day,Town10HD_Opt,2026-03-10 10:02:10.190033,77.19634246826172,28.581974029541016,0.0020238494034856,3.685,-0.261,0.0,0.0,0,1,-1,,1.0,2026-03-10T10:02:10.190033,neutral,0.639,2026-03-10T10:02:10.190033,0.8661575335284003,2026-03-10T10:02:10.996000,70,,,
participant_04,3,day,Town10HD_Opt,2026-03-10 10:02:11.060759,76.75965881347656,28.577726364135746,0.001856651273556,1.377,-0.275,0.0,0.0,0,1,-1,,1.0,2026-03-10T10:02:11.060759,neutral,0.639,2026-03-10T10:02:10.190033,0.8956726862702044,2026-03-10T10:02:10.996000,71,,,
participant_05,2,day,Town10HD_Opt,2026-03-10 10:02:11.097694,-76.71068572998047,28.06521224975586,0.0022735595703125,26.073,-2.283,0.0,0.22,0,0,1,,1.0,2026-03-10T10:02:11.097694,neutral,0.325,2026-03-10T10:02:09.218405,0.5080106117277685,2026-03-10T10:02:11.896000,75,,,
participant_05,2,day,Town10HD_Opt,2026-03-10 10:02:12.058291,-72.79254913330078,28.06182098388672,0.0022995376493781,18.046,-1.093,0.0,0.229,0,0,1,,1.0,2026-03-10T10:02:12.058291,neutral,0.875,2026-03-10T10:02:12.058291,0.4824502411847287,2026-03-10T10:02:12.886000,75,,,
participant_04,3,day,Town10HD_Opt,2026-03-10 10:02:12.182133,76.5755615234375,28.575868606567383,0.0019005202921107,0.351,-0.275,0.0,0.0,0,1,-1,,0.919,2026-03-10T10:02:12.182133,neutral,0.639,2026-03-10T10:02:10.190033,0.9092905027456316,2026-03-10T10:02:13.022000,71,,,
participant_05,2,day,Town10HD_Opt,2026-03-10 10:02:12.991558,-70.08612823486328,28.01803207397461,0.0020908354781568,12.466,0.602,0.0,0.23,0,0,1,,1.0,2026-03-10T10:02:12.991558,neutral,0.875,2026-03-10T10:02:12.058291,0.4825935004184054,2026-03-10T10:02:12.886000,75,,,
participant_04,3,day,Town10HD_Opt,2026-03-10 10:02:13.004334,76.5363998413086,28.575475692749023,0.0019045256776735,0.0,-0.378,0.0,0.0,0,1,-1,,0.918,2026-03-10T10:02:13.004334,sad,0.315,2026-03-10T10:02:13.004334,0.838182392063042,2026-03-10T10:02:13.022000,69,,,
participant_04,3,day,Town10HD_Opt,2026-03-10 10:02:14.125985,76.536376953125,28.575475692749023,0.0019180679228156,0.0,0.082,0.0,0.0,0,1,-1,,1.0,2026-03-10T10:02:14.125985,sad,0.315,2026-03-10T10:02:13.004334,0.8260706594178293,2026-03-10T10:02:14.011000,70,,,
participant_05,2,day,Town10HD_Opt,2026-03-10 10:02:14.197931,-67.84396362304688,27.999467849731445,0.0020580291748046,6.531,0.049,0.0,0.241,0,0,1,,0.81,2026-03-10T10:02:14.197931,neutral,0.748,2026-03-10T10:02:14.197931,0.485540232189468,2026-03-10T10:02:14.911000,77,,,
participant_05,2,day,Town10HD_Opt,2026-03-10 10:02:15.135797,-67.45134735107422,27.995492935180664,0.0020220566075295,0.0,0.035,0.0,0.239,0,0,1,,0.809,2026-03-10T10:02:15.135797,neutral,0.748,2026-03-10T10:02:14.197931,0.4537781887268001,2026-03-10T10:02:15.901000,76,,,
participant_04,3,day,Town10HD_Opt,2026-03-10 10:02:15.222835,76.536376953125,28.575475692749023,0.0019180679228156,0.0,0.096,0.0,0.0,0,1,-1,,0.811,2026-03-10T10:02:15.222835,neutral,0.683,2026-03-10T10:02:15.222835,0.8152339607157338,2026-03-10T10:02:15.991000,69,,,
participant_05,2,day,Town10HD_Opt,2026-03-10 10:02:16.097090,-67.45096588134766,27.99549102783203,0.0019232940394431,0.003,-0.002,0.0,0.0,0,0,1,,0.863,2026-03-10T10:02:16.097090,neutral,0.748,2026-03-10T10:02:14.197931,0.5174768857331503,2026-03-10T10:02:16.892000,73,,,
participant_04,3,day,Town10HD_Opt,2026-03-10 10:02:16.099141,76.536376953125,28.575475692749023,0.0019180679228156,0.0,0.096,0.0,0.0,0,1,-1,,1.0,2026-03-10T10:02:16.099141,neutral,0.683,2026-03-10T10:02:15.222835,0.8511734996172626,2026-03-10T10:02:16.981000,71,,,
participant_05,2,day,Town10HD_Opt,2026-03-10 10:02:16.994119,-67.45068359375,27.99549102783203,0.0019192504696547,0.0,0.157,0.0,0.0,0,0,1,,1.0,2026-03-10T10:02:16.994119,neutral,0.839,2026-03-10T10:02:16.994119,0.4895503465768456,2026-03-10T10:02:16.892000,73,,,
participant_04,3,day,Town10HD_Opt,2026-03-10 10:02:17.228112,76.536376953125,28.575475692749023,0.0019180679228156,0.0,0.465,0.0,0.0,0,0,1,,0.85,2026-03-10T10:02:17.228112,neutral,0.742,2026-03-10T10:02:17.228112,0.8690589224213885,2026-03-10T10:02:18.016000,72,,,
participant_04,3,day,Town10HD_Opt,2026-03-10 10:02:18.104610,76.536376953125,28.575475692749023,0.0019180679228156,0.0,0.404,0.0,0.0,0,0,1,,0.938,2026-03-10T10:02:18.104610,neutral,0.742,2026-03-10T10:02:17.228112,0.833004483210903,2026-03-10T10:02:19.008000,73,,,
participant_05,2,day,Town10HD_Opt,2026-03-10 10:02:18.219476,-67.45057678222656,27.99549102783203,0.0019190978491678,0.0,0.07,0.0,0.0,0,0,1,,1.0,2026-03-10T10:02:18.219476,neutral,0.839,2026-03-10T10:02:16.994119,0.4624556237523364,2026-03-10T10:02:18.916000,70,,,
participant_05,2,day,Town10HD_Opt,2026-03-10 10:02:19.079550,-67.45059204101562,27.99549102783203,0.001919021597132,0.006,0.042,0.0,0.0,0,0,1,,1.0,2026-03-10T10:02:19.079550,disgust,0.627,2026-03-10T10:02:19.079550,0.476205517110607,2026-03-10T10:02:19.906000,71,Harsh braking,decel_mps2=6.4,
participant_04,3,day,Town10HD_Opt,2026-03-10 10:02:19.197296,76.536376953125,28.575475692749023,0.0019180679228156,0.0,0.383,0.0,0.0,0,0,1,,0.927,2026-03-10T10:02:19.197296,neutral,0.742,2026-03-10T10:02:17.228112,0.8738597747962112,2026-03-10T10:02:19.998000,75,,,
participant_05,2,day,Town10HD_Opt,2026-03-10 10:02:20.011868,-67.45063018798828,27.99549102783203,0.0019188689766451,0.006,-0.073,0.0,0.0,0,0,1,,1.0,2026-03-10T10:02:20.011868,disgust,0.627,2026-03-10T10:02:19.079550,0.4601207975918077,2026-03-10T10:02:20.896000,71,,,
participant_04,3,day,Town10HD_Opt,2026-03-10 10:02:20.025107,76.536376953125,28.575475692749023,0.0019180679228156,0.0,0.376,0.0,0.0,0,0,1,,0.904,2026-03-10T10:02:20.025107,neutral,0.79,2026-03-10T10:02:20.025107,0.8432694174256196,2026-03-10T10:02:19.998000,75,,,
participant_04,3,day,Town10HD_Opt,2026-03-10 10:02:21.092244,76.536376953125,28.575475692749023,0.0019180679228156,0.0,0.376,0.0,0.0,0,0,1,,0.92,2026-03-10T10:02:21.092244,neutral,0.79,2026-03-10T10:02:20.025107,0.8642718139438161,2026-03-10T10:02:20.987000,75,,,
participant_05,2,day,Town10HD_Opt,2026-03-10 10:02:21.179491,-67.45050048828125,27.99549102783203,0.0019188689766451,0.006,-0.106,0.0,0.0,0,0,1,,1.0,2026-03-10T10:02:21.179491,neutral,0.915,2026-03-10T10:02:21.179491,0.5489543553138563,2026-03-10T10:02:21.886000,70,,,
participant_05,2,day,Town10HD_Opt,2026-03-10 10:02:22.159894,-67.45038604736328,27.99549102783203,0.0019191360333934,0.002,-0.268,0.0,0.0,0,0,1,,1.0,2026-03-10T10:02:22.159894,neutral,0.915,2026-03-10T10:02:21.179491,0.5867185216583308,2026-03-10T10:02:22.921000,73,,,
participant_04,3,day,Town10HD_Opt,2026-03-10 10:02:22.245962,76.64915466308594,28.575401306152344,0.00180137634743,2.576,-0.865,0.179,0.0,0,0,1,,0.926,2026-03-10T10:02:22.245962,neutral,0.819,2026-03-10T10:02:22.245962,0.8327788313937207,2026-03-10T10:02:23.103000,75,,,
participant_05,2,day,Town10HD_Opt,2026-03-10 10:02:23.068809,-67.45016479492188,27.99549102783203,0.0019193649059161,0.001,-0.449,0.0,0.0,0,0,1,,1.0,2026-03-10T10:02:23.068809,neutral,0.915,2026-03-10T10:02:21.179491,0.5507735458907559,2026-03-10T10:02:23.911000,73,,,
participant_04,3,day,Town10HD_Opt,2026-03-10 10:02:23.212946,77.2257308959961,28.57701110839844,0.0018736267229542,3.917,-1.191,0.164,0.0,0,0,1,,0.938,2026-03-10T10:02:23.212946,neutral,0.819,2026-03-10T10:02:22.245962,0.752481430346986,2026-03-10T10:02:24.047000,74,,,
participant_04,3,day,Town10HD_Opt,2026-03-10 10:02:24.066294,78.01646423339844,28.57267570495605,0.0018862533615902,4.981,-1.455,0.162,0.0,0,0,1,,0.941,2026-03-10T10:02:24.066294,neutral,0.819,2026-03-10T10:02:22.245962,0.7738978231648365,2026-03-10T10:02:24.047000,74,,,
participant_05,2,day,Town10HD_Opt,2026-03-10 10:02:24.247049,-67.45006561279297,27.99549102783203,0.0019193267216905,0.001,-0.463,0.0,0.0,0,0,1,,1.0,2026-03-10T10:02:24.247049,neutral,0.66,2026-03-10T10:02:24.247049,0.5166162888115933,2026-03-10T10:02:24.902000,72,,,
participant_05,2,day,Town10HD_Opt,2026-03-10 10:02:25.155420,-67.4499282836914,27.99549102783203,0.0019190596649423,0.006,-0.463,0.0,0.0,0,0,1,,1.0,2026-03-10T10:02:25.155420,neutral,0.66,2026-03-10T10:02:24.247049,0.4959489331505067,2026-03-10T10:02:25.891000,71,,,
participant_04,3,day,Town10HD_Opt,2026-03-10 10:02:25.255036,79.15553283691406,28.566749572753903,0.0019551848527044,4.012,-0.195,0.0,0.0,0,0,1,,0.833,2026-03-10T10:02:25.255036,neutral,0.766,2026-03-10T10:02:25.255036,0.8431762273910797,2026-03-10T10:02:25.982000,74,,,
participant_05,2,day,Town10HD_Opt,2026-03-10 10:02:26.058022,-67.4499740600586,27.99549102783203,0.0019188689766451,0.006,-0.463,0.0,0.0,0,0,1,,1.0,2026-03-10T10:02:26.058022,neutral,0.66,2026-03-10T10:02:24.247049,0.482929675507723,2026-03-10T10:02:26.926000,71,,,
participant_04,3,day,Town10HD_Opt,2026-03-10 10:02:26.172023,79.79943084716797,28.56438446044922,0.0019493865547701,3.171,-0.195,0.0,0.0,0,0,1,,0.88,2026-03-10T10:02:26.172023,neutral,0.766,2026-03-10T10:02:25.255036,0.7594138728417557,2026-03-10T10:02:25.982000,73,,,
participant_04,3,day,Town10HD_Opt,2026-03-10 10:02:27.024812,80.15574645996094,28.56282424926757,0.002067832974717,0.0,-0.23,0.0,0.049,0,0,1,,0.89,2026-03-10T10:02:27.024812,neutral,0.766,2026-03-10T10:02:25.255036,0.8119693823162639,2026-03-10T10:02:27.106000,73,,,
participant_05,2,day,Town10HD_Opt,2026-03-10 10:02:27.186649,-67.44984436035156,27.99549102783203,0.0019189071608707,0.006,-0.463,0.0,0.0,0,0,1,,1.0,2026-03-10T10:02:27.186649,neutral,0.832,2026-03-10T10:02:27.186649,0.4541152395268953,2026-03-10T10:02:27.917000,68,,,
participant_05,2,day,Town10HD_Opt,2026-03-10 10:02:28.046831,-67.4498291015625,27.99549102783203,0.0019190978491678,0.002,-0.461,0.0,0.0,0,0,1,,1.0,2026-03-10T10:02:28.046831,neutral,0.832,2026-03-10T10:02:27.186649,0.5714386310013293,2026-03-10T10:02:27.917000,68,,,
participant_04,3,day,Town10HD_Opt,2026-03-10 10:02:28.217088,80.15599060058594,28.562822341918945,0.0019216918153688,0.003,-0.23,0.0,0.0,0,0,1,,0.897,2026-03-10T10:02:28.217088,neutral,0.65,2026-03-10T10:02:28.217088,0.7629414664511563,2026-03-10T10:02:28.998000,72,,,
participant_04,3,day,Town10HD_Opt,2026-03-10 10:02:29.017714,80.15631866455078,28.56282424926757,0.001919021597132,0.001,-0.23,0.0,0.0,0,0,1,,0.91,2026-03-10T10:02:29.017714,neutral,0.65,2026-03-10T10:02:28.217088,0.7185097670037937,2026-03-10T10:02:28.998000,71,,,
participant_05,2,day,Town10HD_Opt,2026-03-10 10:02:29.148973,-67.44971466064453,27.99549102783203,0.0019190978491678,0.002,-0.461,0.0,0.0,0,0,1,,1.0,2026-03-10T10:02:29.148973,neutral,0.832,2026-03-10T10:02:27.186649,0.4572061455887103,2026-03-10T10:02:29.941000,66,,,
participant_05,2,day,Town10HD_Opt,2026-03-10 10:02:30.014343,-67.44952392578125,27.99549102783203,0.0019192504696547,0.002,-0.451,0.0,0.0,0,0,1,,1.0,2026-03-10T10:02:30.014343,neutral,0.771,2026-03-10T10:02:30.014343,0.4685882773932557,2026-03-10T10:02:30.931000,66,,,
participant_04,3,day,Town10HD_Opt,2026-03-10 10:02:30.109604,80.15642547607422,28.56282424926757,0.0019191360333934,0.001,-0.23,0.0,0.0,0,0,1,,0.928,2026-03-10T10:02:30.109604,neutral,0.65,2026-03-10T10:02:28.217088,0.7718775023875334,2026-03-10T10:02:29.987000,73,,,
participant_04,3,day,Town10HD_Opt,2026-03-10 10:02:31.148485,80.15644073486328,28.56282424926757,0.0019188689766451,0.006,-0.23,0.0,0.0,0,0,1,,0.93,2026-03-10T10:02:31.148485,neutral,0.871,2026-03-10T10:02:31.148485,0.709784727636365,2026-03-10T10:02:32.012000,70,,,
participant_05,2,day,Town10HD_Opt,2026-03-10 10:02:31.237918,-67.44941711425781,27.99549102783203,0.0019192122854292,0.002,-0.451,0.0,0.0,0,0,1,,1.0,2026-03-10T10:02:31.237918,neutral,0.771,2026-03-10T10:02:30.014343,0.5007470189243758,2026-03-10T10:02:31.921000,64,,,
participant_04,3,day,Town10HD_Opt,2026-03-10 10:02:31.996777,80.1563949584961,28.56282424926757,0.0019187163561582,0.006,-0.233,0.0,0.0,0,0,1,,0.915,2026-03-10T10:02:31.996777,neutral,0.871,2026-03-10T10:02:31.148485,0.7349541903548347,2026-03-10T10:02:32.012000,68,,,
participant_05,2,day,Town10HD_Opt,2026-03-10 10:02:32.130010,-67.44917297363281,27.995492935180664,0.0019190978491678,0.001,-0.451,0.0,0.0,0,0,1,,1.0,2026-03-10T10:02:32.130010,neutral,0.846,2026-03-10T10:02:32.130010,0.5090502870746887,2026-03-10T10:02:32.911000,66,,,
participant_05,2,day,Town10HD_Opt,2026-03-10 10:02:33.035799,-67.44918060302734,27.995492935180664,0.0019189834129065,0.006,-0.414,0.0,0.0,0,0,1,,1.0,2026-03-10T10:02:33.035799,neutral,0.846,2026-03-10T10:02:32.130010,0.5446486511595128,2026-03-10T10:02:33.902000,66,,,
participant_04,3,day,Town10HD_Opt,2026-03-10 10:02:33.129805,80.15652465820312,28.56282424926757,0.001918678288348,0.006,-0.233,0.0,0.0,0,0,1,,0.919,2026-03-10T10:02:33.129805,neutral,0.871,2026-03-10T10:02:31.148485,0.7144975234418298,2026-03-10T10:02:33.092000,68,,,
participant_04,3,day,Town10HD_Opt,2026-03-10 10:02:34.016663,80.1554946899414,28.562753677368164,0.0019161986419931,0.238,11.113,0.718,0.0,0,0,1,,0.959,2026-03-10T10:02:34.016663,neutral,0.571,2026-03-10T10:02:34.016663,0.6087238355792137,2026-03-10T10:02:34.037000,69,,,
participant_05,2,day,Town10HD_Opt,2026-03-10 10:02:34.200151,-67.44905090332031,27.995492935180664,0.001919021597132,0.006,-0.395,0.0,0.0,0,0,1,,1.0,2026-03-10T10:02:34.200151,disgust,0.742,2026-03-10T10:02:34.200151,0.5036299326867519,2026-03-10T10:02:34.891000,66,,,
participant_04,3,day,Town10HD_Opt,2026-03-10 10:02:35.114285,81.906982421875,28.72414970397949,0.0014438247308135,17.687,1.981,1.0,0.0,0,0,1,,0.962,2026-03-10T10:02:35.114285,neutral,0.571,2026-03-10T10:02:34.016663,0.7328418433921038,2026-03-10T10:02:36.016000,68,,,
participant_05,2,day,Town10HD_Opt,2026-03-10 10:02:35.147052,-67.4490966796875,27.995492935180664,0.0019188307924196,0.006,-0.395,0.0,0.0,0,0,1,,1.0,2026-03-10T10:02:35.147052,disgust,0.742,2026-03-10T10:02:34.200151,0.464023353670622,2026-03-10T10:02:35.926000,66,,,
participant_04,3,day,Town10HD_Opt,2026-03-10 10:02:36.050371,86.04549407958984,28.851919174194336,0.0015247344272211,32.305,-10.643,1.0,0.0,0,0,1,,0.921,2026-03-10T10:02:36.050371,neutral,0.505,2026-03-10T10:02:36.050371,0.736578957526212,2026-03-10T10:02:36.016000,68,,,
participant_05,2,day,Town10HD_Opt,2026-03-10 10:02:36.089063,-67.44898223876953,27.995492935180664,0.0019191741012036,0.002,-0.395,0.0,0.0,0,0,1,,1.0,2026-03-10T10:02:36.089063,disgust,0.742,2026-03-10T10:02:34.200151,0.5453101245308112,2026-03-10T10:02:36.916000,67,,,
participant_05,2,day,Town10HD_Opt,2026-03-10 10:02:36.987853,-67.44876098632812,27.995492935180664,0.0019193649059161,0.001,-0.395,0.0,0.0,0,0,1,,1.0,2026-03-10T10:02:36.987853,neutral,0.747,2026-03-10T10:02:36.987853,0.5570047896332952,2026-03-10T10:02:37.907000,67,,,
participant_04,3,day,Town10HD_Opt,2026-03-10 10:02:37.140466,95.2916030883789,26.26860618591309,0.0015833663055673,51.551,-9.294,0.0,0.0,0,0,1,,0.887,2026-03-10T10:02:37.140466,neutral,0.505,2026-03-10T10:02:36.050371,0.6781289077744207,2026-03-10T10:02:37.997000,70,,,
participant_05,2,day,Town10HD_Opt,2026-03-10 10:02:38.203737,-67.44866180419922,27.995492935180664,0.0019193267216905,0.001,-0.395,0.0,0.0,0,0,1,,1.0,2026-03-10T10:02:38.203737,neutral,0.747,2026-03-10T10:02:36.987853,0.5627560912110587,2026-03-10T10:02:38.896000,68,,,
participant_04,3,day,Town10HD_Opt,2026-03-10 10:02:38.246694,103.91810607910156,18.49430084228516,0.0018512343522161,52.039,-12.309,0.0,0.212,0,0,1,,0.866,2026-03-10T10:02:38.246694,neutral,0.665,2026-03-10T10:02:38.246694,0.7165861080821478,2026-03-10T10:02:39.031000,69,,,
participant_04,3,day,Town10HD_Opt,2026-03-10 10:02:39.033730,106.68901824951172,10.419910430908203,0.0018075561383739,50.758,-6.078,0.955,0.0,0,0,1,,0.859,2026-03-10T10:02:39.033730,neutral,0.665,2026-03-10T10:02:38.246694,0.65602158202698,2026-03-10T10:02:39.031000,70,,,
participant_05,2,day,Town10HD_Opt,2026-03-10 10:02:39.111340,-67.44852447509766,27.995492935180664,0.0019190596649423,0.006,-0.388,0.0,0.0,0,0,1,,1.0,2026-03-10T10:02:39.111340,disgust,0.391,2026-03-10T10:02:39.111340,0.5682240696788426,2026-03-10T10:02:39.976000,66,,,
participant_05,2,day,Town10HD_Opt,2026-03-10 10:02:40.052635,-67.44857025146484,27.995492935180664,0.0019188689766451,0.138,-0.388,0.138,0.0,0,0,1,,1.0,2026-03-10T10:02:40.052635,disgust,0.391,2026-03-10T10:02:39.111340,0.5755421175396065,2026-03-10T10:02:40.921000,66,,,
participant_04,3,day,Town10HD_Opt,2026-03-10 10:02:40.136960,106.97592163085938,-1.3870443105697632,0.0018584060017019,52.347,0.19,0.0,0.251,0,0,1,,0.901,2026-03-10T10:02:40.136960,neutral,0.665,2026-03-10T10:02:38.246694,0.6468372505206056,2026-03-10T10:02:41.012000,69,,,
participant_05,2,day,Town10HD_Opt,2026-03-10 10:02:41.044145,-66.77081298828125,27.98737335205078,0.0014355087187141,12.01,-0.374,1.0,0.0,0,0,1,,1.0,2026-03-10T10:02:41.044145,disgust,0.391,2026-03-10T10:02:39.111340,0.5475919491976559,2026-03-10T10:02:41.911000,67,,,
participant_04,3,day,Town10HD_Opt,2026-03-10 10:02:41.187217,107.1502914428711,-12.35884952545166,0.0022818373981863,41.541,-0.237,0.242,0.0,0,0,1,,0.88,2026-03-10T10:02:41.187217,neutral,0.559,2026-03-10T10:02:41.187217,0.6814761704401084,2026-03-10T10:02:42.002000,66,,,
participant_05,2,day,Town10HD_Opt,2026-03-10 10:02:42.035136,-63.51765060424805,27.951549530029297,0.0016410826938226,26.242,0.663,0.989,0.0,0,0,1,,1.0,2026-03-10T10:02:42.035136,neutral,0.757,2026-03-10T10:02:42.035136,0.6680550813235339,2026-03-10T10:02:42.902000,64,,,
participant_04,3,day,Town10HD_Opt,2026-03-10 10:02:42.259111,107.1754379272461,-21.63471221923828,0.0020290755201131,39.716,-1.793,0.53,0.0,0,0,1,,0.937,2026-03-10T10:02:42.259111,neutral,0.559,2026-03-10T10:02:41.187217,0.6340459634437671,2026-03-10T10:02:42.991000,67,,,errors=Solid line crossing
participant_04,3,day,Town10HD_Opt,2026-03-10 10:02:43.065290,106.69802856445312,-28.7224235534668,0.0019811247475445,41.697,-4.247,0.526,0.0,0,0,1,,0.936,2026-03-10T10:02:43.065290,neutral,0.559,2026-03-10T10:02:41.187217,0.6567245660754669,2026-03-10T10:02:42.991000,69,,,
participant_05,2,day,Town10HD_Opt,2026-03-10 10:02:43.243027,-55.09164047241211,27.92442512512207,0.001574134803377,46.442,0.157,0.942,0.0,0,0,1,,1.0,2026-03-10T10:02:43.243027,neutral,0.757,2026-03-10T10:02:42.035136,0.6787913189399688,2026-03-10T10:02:43.893000,66,,,
participant_04,3,day,Town10HD_Opt,2026-03-10 10:02:44.111087,104.4120101928711,-38.42793273925781,0.0019756315741688,44.282,-4.362,0.585,0.0,0,0,1,,0.951,2026-03-10T10:02:44.111087,neutral,0.603,2026-03-10T10:02:44.111087,0.6143311854612556,2026-03-10T10:02:44.072000,69,,,
participant_05,2,day,Town10HD_Opt,2026-03-10 10:02:44.125835,-46.3398666381836,27.94772148132324,0.002159004099667,48.434,0.367,0.91,0.0,0,0,1,,1.0,2026-03-10T10:02:44.125835,neutral,0.788,2026-03-10T10:02:44.125835,0.6893840982096782,2026-03-10T10:02:44.926000,67,,,
participant_05,2,day,Town10HD_Opt,2026-03-10 10:02:45.033362,-37.58712387084961,28.090538024902344,0.0020802689250558,49.535,-0.164,0.899,0.0,0,0,1,,1.0,2026-03-10T10:02:45.033362,neutral,0.788,2026-03-10T10:02:44.125835,0.5901448732761467,2026-03-10T10:02:45.916000,67,,,
participant_04,3,day,Town10HD_Opt,2026-03-10 10:02:45.150816,99.73304748535156,-48.12921142578125,0.0019230269826948,48.473,-5.075,0.581,0.0,0,0,1,,0.946,2026-03-10T10:02:45.150816,neutral,0.603,2026-03-10T10:02:44.111087,0.589508498216691,2026-03-10T10:02:46.008000,69,,,
participant_05,2,day,Town10HD_Opt,2026-03-10 10:02:46.172150,-25.8581657409668,28.263900756835938,0.0022165297996252,48.213,-0.148,0.881,0.0,0,0,1,,0.81,2026-03-10T10:02:46.172150,neutral,0.533,2026-03-10T10:02:46.172150,0.6577194189896152,2026-03-10T10:02:46.906000,68,,,
participant_04,3,day,Town10HD_Opt,2026-03-10 10:02:46.259577,92.30636596679688,-56.73206329345703,0.0020725249778479,48.347,-5.408,0.459,0.0,0,0,1,,0.921,2026-03-10T10:02:46.259577,happy,0.794,2026-03-10T10:02:46.259577,0.6492001159636805,2026-03-10T10:02:46.997000,73,,,
participant_05,2,day,Town10HD_Opt,2026-03-10 10:02:47.041139,-17.13397216796875,28.327192306518555,0.0020914839114993,49.275,-0.141,0.873,0.0,0,0,1,,1.0,2026-03-10T10:02:47.041139,neutral,0.533,2026-03-10T10:02:46.172150,0.627653250026365,2026-03-10T10:02:47.942000,69,,,
participant_04,3,day,Town10HD_Opt,2026-03-10 10:02:47.114242,85.43235778808594,-61.50498962402344,0.0020814132876694,47.265,-5.411,0.453,0.0,0,0,1,,0.963,2026-03-10T10:02:47.114242,happy,0.794,2026-03-10T10:02:46.259577,0.6495734954857117,2026-03-10T10:02:46.997000,71,,,
participant_04,3,day,Town10HD_Opt,2026-03-10 10:02:48.034441,77.87471771240234,-64.6449203491211,0.0020789336413145,46.315,-5.411,0.452,0.0,0,0,1,,0.969,2026-03-10T10:02:48.034441,happy,0.794,2026-03-10T10:02:46.259577,0.6416599182203921,2026-03-10T10:02:48.121000,73,,,
participant_05,2,day,Town10HD_Opt,2026-03-10 10:02:48.145334,-5.538365364074707,28.3308048248291,0.0021257400512695,49.15,-0.141,0.84,0.0,0,0,1,,1.0,2026-03-10T10:02:48.145334,neutral,0.533,2026-03-10T10:02:46.172150,0.6254788370742924,2026-03-10T10:02:48.931000,68,,,
participant_05,2,day,Town10HD_Opt,2026-03-10 10:02:49.016928,3.044560432434082,28.27477264404297,0.0022521971259266,45.126,-0.101,0.08,0.0,0,0,1,,1.0,2026-03-10T10:02:49.016928,neutral,0.801,2026-03-10T10:02:49.016928,0.6094213117430686,2026-03-10T10:02:49.922000,67,,,
participant_04,3,day,Town10HD_Opt,2026-03-10 10:02:49.161964,67.3493881225586,-66.35285186767578,0.0020655822008848,45.328,-0.865,0.451,0.0,0,0,1,,0.84,2026-03-10T10:02:49.161964,happy,0.615,2026-03-10T10:02:49.161964,0.6382669792396605,2026-03-10T10:02:49.024000,74,,,
participant_04,3,day,Town10HD_Opt,2026-03-10 10:02:50.016620,59.47041320800781,-66.7975845336914,0.0020585632883012,44.825,-0.153,0.452,0.0,0,0,1,,0.921,2026-03-10T10:02:50.016620,happy,0.615,2026-03-10T10:02:49.161964,0.6247480249846259,2026-03-10T10:02:50.102000,73,,,
participant_05,2,day,Town10HD_Opt,2026-03-10 10:02:50.185808,12.276952743530272,28.173173904418945,0.0023366163950413,32.959,0.068,0.027,0.0,0,0,1,,1.0,2026-03-10T10:02:50.185808,neutral,0.801,2026-03-10T10:02:49.016928,0.7451895667698497,2026-03-10T10:02:50.911000,66,,,
participant_05,2,day,Town10HD_Opt,2026-03-10 10:02:51.073562,17.460540771484375,28.123708724975582,0.0022537230979651,26.183,0.127,0.227,0.0,0,0,1,,1.0,2026-03-10T10:02:51.073562,neutral,0.832,2026-03-10T10:02:51.073562,0.6306175033437654,2026-03-10T10:02:51.901000,67,,,
participant_04,3,day,Town10HD_Opt,2026-03-10 10:02:51.157264,49.0843391418457,-67.23725891113281,0.0020555877126753,44.238,-0.564,0.452,0.0,0,0,1,,0.897,2026-03-10T10:02:51.157264,happy,0.615,2026-03-10T10:02:49.161964,0.6216443606586232,2026-03-10T10:02:51.992000,74,,,
participant_04,3,day,Town10HD_Opt,2026-03-10 10:02:52.034468,41.36914443969727,-67.38018035888672,0.0020537567324936,43.906,-0.322,0.452,0.0,0,0,1,,0.914,2026-03-10T10:02:52.034468,neutral,0.55,2026-03-10T10:02:52.034468,0.6200757675842423,2026-03-10T10:02:51.992000,75,,,
participant_05,2,day,Town10HD_Opt,2026-03-10 10:02:52.211705,23.17502212524414,28.09251594543457,0.0021075438708066,23.042,0.442,0.295,0.0,0,0,1,,1.0,2026-03-10T10:02:52.211705,neutral,0.832,2026-03-10T10:02:51.073562,0.6056873218752776,2026-03-10T10:02:52.891000,66,,,
participant_05,2,day,Town10HD_Opt,2026-03-10 10:02:53.091668,27.16845893859864,28.19103240966797,0.0020302962511777,23.108,4.282,0.411,0.0,0,0,1,,0.852,2026-03-10T10:02:53.091668,neutral,0.677,2026-03-10T10:02:53.091668,0.6420941685541579,2026-03-10T10:02:53.927000,66,,,
participant_04,3,day,Town10HD_Opt,2026-03-10 10:02:53.247796,31.16823387145996,-67.40945434570312,0.0020514677744358,43.501,-0.176,0.452,0.0,0,0,1,,0.926,2026-03-10T10:02:53.247796,neutral,0.55,2026-03-10T10:02:52.034468,0.6557366678348121,2026-03-10T10:02:54.061000,72,,,
participant_04,3,day,Town10HD_Opt,2026-03-10 10:02:54.108222,23.68022918701172,-67.37532043457031,0.0022293853107839,39.67,-0.012,0.0,0.0,0,0,1,,0.923,2026-03-10T10:02:54.108222,happy,0.669,2026-03-10T10:02:54.108222,0.7317429971867051,2026-03-10T10:02:55.008000,73,,,
participant_05,2,day,Town10HD_Opt,2026-03-10 10:02:54.247561,32.64247131347656,29.12192344665528,0.0020623779855668,23.855,10.812,0.18,0.0,0,0,1,,1.0,2026-03-10T10:02:54.247561,neutral,0.677,2026-03-10T10:02:53.091668,0.6580925116277047,2026-03-10T10:02:54.916000,64,,,
participant_05,2,day,Town10HD_Opt,2026-03-10 10:02:55.150889,36.13578414916992,30.83400154113769,0.0021691131405532,20.764,21.811,0.353,0.0,0,0,1,,0.863,2026-03-10T10:02:55.150889,neutral,0.678,2026-03-10T10:02:55.150889,0.6169136809297435,2026-03-10T10:02:55.907000,64,,,
participant_04,3,day,Town10HD_Opt,2026-03-10 10:02:55.195242,15.72129249572754,-67.35131072998047,0.0023064422421157,28.194,0.425,0.0,0.0,0,0,1,,0.867,2026-03-10T10:02:55.195242,happy,0.669,2026-03-10T10:02:54.108222,0.7151317657891217,2026-03-10T10:02:55.998000,70,,,
participant_05,2,day,Town10HD_Opt,2026-03-10 10:02:56.011932,38.42826843261719,33.739349365234375,0.0019387054489925,24.286,26.619,0.649,0.0,0,0,1,,1.0,2026-03-10T10:02:56.011932,neutral,0.678,2026-03-10T10:02:55.150889,0.6293373846606928,2026-03-10T10:02:56.896000,64,,,
participant_04,3,day,Town10HD_Opt,2026-03-10 10:02:56.032165,11.289505004882812,-67.3908462524414,0.0022040556650608,22.682,0.489,0.222,0.0,0,0,1,,0.854,2026-03-10T10:02:56.032165,happy,0.669,2026-03-10T10:02:54.108222,0.7203017197107335,2026-03-10T10:02:55.998000,71,,,
participant_05,2,day,Town10HD_Opt,2026-03-10 10:02:57.126754,39.71278381347656,39.91453170776367,0.0021220778580754,26.686,-2.732,0.0,0.0,0,0,1,,0.92,2026-03-10T10:02:57.126754,neutral,0.678,2026-03-10T10:02:55.150889,0.6566421333325977,2026-03-10T10:02:57.932000,65,,,
participant_04,3,day,Town10HD_Opt,2026-03-10 10:02:57.153799,6.375626564025879,-67.48737335205078,0.0021228790283203,19.319,0.146,0.203,0.0,0,0,1,,0.859,2026-03-10T10:02:57.153799,happy,0.535,2026-03-10T10:02:57.153799,0.6866633030624283,2026-03-10T10:02:58.022000,70,,,
participant_04,3,day,Town10HD_Opt,2026-03-10 10:02:57.995310,3.14309310913086,-67.5644760131836,0.0020263672340661,18.064,0.233,0.203,0.0,0,0,1,,0.917,2026-03-10T10:02:57.995310,happy,0.535,2026-03-10T10:02:57.153799,0.7443203036341574,2026-03-10T10:02:58.022000,70,,,
participant_05,2,day,Town10HD_Opt,2026-03-10 10:02:58.050093,40.38682174682617,44.00396728515625,0.0022628020960837,19.964,5.609,0.0,0.161,0,0,1,,0.887,2026-03-10T10:02:58.050093,neutral,0.686,2026-03-10T10:02:58.050093,0.5783832309337048,2026-03-10T10:02:57.932000,64,,,
participant_04,3,day,Town10HD_Opt,2026-03-10 10:02:59.125528,-0.9791035056114196,-67.67784881591797,0.001941947848536,17.11,-0.092,0.203,0.0,0,0,1,,0.952,2026-03-10T10:02:59.125528,happy,0.535,2026-03-10T10:02:57.153799,0.7593743950843608,2026-03-10T10:03:00.003000,68,,,
participant_05,2,day,Town10HD_Opt,2026-03-10 10:02:59.189133,40.61831283569336,47.85037612915039,0.0020634841639548,13.158,4.527,0.0,0.089,0,0,1,,0.901,2026-03-10T10:02:59.189133,neutral,0.686,2026-03-10T10:02:58.050093,0.6196787288325222,2026-03-10T10:02:59.911000,64,,,
participant_05,2,day,Town10HD_Opt,2026-03-10 10:03:00.000538,40.6002197265625,49.84638977050781,0.0020386122632771,9.415,2.017,0.0,0.094,0,0,1,,0.851,2026-03-10T10:03:00.000538,neutral,0.686,2026-03-10T10:02:58.050093,0.5830062690951732,2026-03-10T10:03:00.901000,64,,,
participant_04,3,day,Town10HD_Opt,2026-03-10 10:03:00.255692,-4.866761684417725,-67.7762451171875,0.0019396209390833,16.169,-0.148,0.203,0.0,0,0,1,,0.915,2026-03-10T10:03:00.255692,neutral,0.842,2026-03-10T10:03:00.255692,0.8053262641106754,2026-03-10T10:03:00.992000,67,,,
participant_04,3,day,Town10HD_Opt,2026-03-10 10:03:01.089070,-7.658061981201172,-67.83940887451172,0.001935577369295,15.675,-0.141,0.203,0.0,0,0,1,,0.886,2026-03-10T10:03:01.089070,neutral,0.842,2026-03-10T10:03:00.255692,0.7411404117172131,2026-03-10T10:03:00.992000,67,,,
participant_05,2,day,Town10HD_Opt,2026-03-10 10:03:01.150682,40.59864044189453,51.59299850463867,0.0020112991333007,5.428,-0.771,0.0,0.095,0,0,1,,1.0,2026-03-10T10:03:01.150682,angry,0.515,2026-03-10T10:03:01.150682,0.5725935863842693,2026-03-10T10:03:01.892000,65,,,
participant_05,2,day,Town10HD_Opt,2026-03-10 10:03:02.228761,40.59919738769531,51.74951934814453,0.0019359969301149,0.001,-0.637,0.0,0.0,0,0,1,,0.842,2026-03-10T10:03:02.228761,angry,0.515,2026-03-10T10:03:01.150682,0.6666460135802725,2026-03-10T10:03:02.972000,65,,,
participant_04,3,day,Town10HD_Opt,2026-03-10 10:03:02.238175,-11.25303077697754,-67.91205596923828,0.0019313811790198,15.113,-0.141,0.202,0.0,0,0,1,,0.831,2026-03-10T10:03:02.238175,neutral,0.842,2026-03-10T10:03:00.255692,0.714140151046356,2026-03-10T10:03:03.107000,69,,,
participant_05,2,day,Town10HD_Opt,2026-03-10 10:03:03.075830,40.59919738769531,51.74956893920898,0.0019199752714484,0.001,-0.623,0.0,0.0,0,0,1,,0.858,2026-03-10T10:03:03.075830,angry,0.515,2026-03-10T10:03:01.150682,0.5929915034840962,2026-03-10T10:03:03.916000,67,,,
participant_04,3,day,Town10HD_Opt,2026-03-10 10:03:03.148668,-13.874832153320312,-67.95889282226562,0.0019287872128188,14.817,-0.141,0.202,0.0,0,0,1,,0.861,2026-03-10T10:03:03.148668,neutral,0.567,2026-03-10T10:03:03.148668,0.690235910305995,2026-03-10T10:03:04.052000,68,,,
participant_05,2,day,Town10HD_Opt,2026-03-10 10:03:04.147323,40.59919738769531,51.74967193603516,0.001919288537465,0.002,-0.609,0.0,0.0,0,0,1,,0.84,2026-03-10T10:03:04.147323,neutral,0.406,2026-03-10T10:03:04.147323,0.5540901512962018,2026-03-10T10:03:04.906000,66,,,
participant_04,3,day,Town10HD_Opt,2026-03-10 10:03:04.171470,-17.231494903564453,-68.01115417480469,0.0020006941631436,12.894,-0.141,0.0,0.0,0,0,1,,0.911,2026-03-10T10:03:04.171470,neutral,0.567,2026-03-10T10:03:03.148668,0.7122814766940607,2026-03-10T10:03:04.998000,66,,,
participant_05,2,day,Town10HD_Opt,2026-03-10 10:03:05.020951,40.599266052246094,51.75908660888672,0.0019170378800481,0.257,-0.583,0.437,0.0,0,0,1,,0.813,2026-03-10T10:03:05.020951,neutral,0.406,2026-03-10T10:03:04.147323,0.5921057450264614,2026-03-10T10:03:05.896000,66,,,
participant_04,3,day,Town10HD_Opt,2026-03-10 10:03:05.221023,-19.801040649414062,-68.04524230957031,0.0020056152716279,9.071,-0.141,0.0,0.0,0,0,1,,0.84,2026-03-10T10:03:05.221023,neutral,0.876,2026-03-10T10:03:05.221023,0.6900957070364055,2026-03-10T10:03:05.988000,66,,,
participant_04,3,day,Town10HD_Opt,2026-03-10 10:03:06.034350,-21.17055892944336,-68.06121826171875,0.002032051095739,5.747,-0.139,0.0,0.197,0,0,1,,0.888,2026-03-10T10:03:06.034350,neutral,0.876,2026-03-10T10:03:05.221023,0.7427898443923282,2026-03-10T10:03:05.988000,64,,,
participant_05,2,day,Town10HD_Opt,2026-03-10 10:03:06.146830,40.61738204956055,53.624305725097656,0.0014182281447574,18.755,-0.726,0.929,0.0,0,0,1,,1.0,2026-03-10T10:03:06.146830,neutral,0.406,2026-03-10T10:03:04.147323,0.5481876985420896,2026-03-10T10:03:06.932000,66,,,errors=Stop sign violation
participant_05,2,day,Town10HD_Opt,2026-03-10 10:03:06.987558,40.79428482055664,57.6837158203125,0.0017106246668845,28.693,-7.271,0.68,0.0,0,0,1,,0.845,2026-03-10T10:03:06.987558,neutral,0.731,2026-03-10T10:03:06.987558,0.5878695293031414,2026-03-10T10:03:06.932000,66,,,
participant_04,3,day,Town10HD_Opt,2026-03-10 10:03:07.133058,-21.454553604125977,-68.06478118896484,0.0019338607089594,0.217,-0.139,0.0,0.0,0,0,1,,0.951,2026-03-10T10:03:07.133058,neutral,0.876,2026-03-10T10:03:05.221023,0.7069715907483424,2026-03-10T10:03:08.013000,63,,,
participant_05,2,day,Town10HD_Opt,2026-03-10 10:03:08.053838,42.87718200683594,64.6442642211914,0.002003707922995,32.921,-14.237,0.476,0.0,0,0,1,,0.843,2026-03-10T10:03:08.053838,neutral,0.731,2026-03-10T10:03:06.987558,0.5754277251225609,2026-03-10T10:03:08.911000,70,,,
participant_04,3,day,Town10HD_Opt,2026-03-10 10:03:08.215509,-21.49733161926269,-68.06526184082031,0.0019205092685297,0.152,-0.139,0.0,0.0,0,0,1,,0.832,2026-03-10T10:03:08.215509,neutral,0.751,2026-03-10T10:03:08.215509,0.6220886175103022,2026-03-10T10:03:09.002000,61,,,
participant_04,3,day,Town10HD_Opt,2026-03-10 10:03:09.048024,-21.52086639404297,-68.06562042236328,0.0019200133392587,0.119,-0.134,0.0,0.0,0,0,1,,0.845,2026-03-10T10:03:09.048024,neutral,0.751,2026-03-10T10:03:08.215509,0.6610040203698476,2026-03-10T10:03:09.002000,62,,,
participant_05,2,day,Town10HD_Opt,2026-03-10 10:03:09.108615,48.47679901123047,69.91735076904297,0.0020814132876694,33.628,-16.731,0.254,0.0,0,0,1,,1.0,2026-03-10T10:03:09.108615,neutral,0.585,2026-03-10T10:03:09.108615,0.6290048416106946,2026-03-10T10:03:09.902000,70,,,
participant_05,2,day,Town10HD_Opt,2026-03-10 10:03:10.192551,55.30108642578125,71.08908081054688,0.0023018645588308,25.014,-6.706,0.0,0.0,0,0,1,,1.0,2026-03-10T10:03:10.192551,neutral,0.585,2026-03-10T10:03:09.108615,0.6920501474409618,2026-03-10T10:03:10.892000,70,,,
participant_04,3,day,Town10HD_Opt,2026-03-10 10:03:10.232332,-21.543981552124023,-68.06578826904297,0.001919784466736,0.085,-0.134,0.0,0.0,0,0,1,,0.864,2026-03-10T10:03:10.232332,happy,0.627,2026-03-10T10:03:10.232332,0.7497909013226598,2026-03-10T10:03:11.072000,65,,,
participant_05,2,day,Town10HD_Opt,2026-03-10 10:03:11.026026,59.235931396484375,70.7127456665039,0.0021530149970203,20.787,1.102,0.313,0.0,0,0,1,,1.0,2026-03-10T10:03:11.026026,neutral,0.585,2026-03-10T10:03:09.108615,0.6135700514700893,2026-03-10T10:03:11.926000,70,,,
participant_04,3,day,Town10HD_Opt,2026-03-10 10:03:11.045875,-21.556697845458984,-68.06578826904297,0.0019196319626644,0.066,-0.134,0.0,0.0,0,0,1,,0.908,2026-03-10T10:03:11.045875,happy,0.627,2026-03-10T10:03:10.232332,0.5932597769793522,2026-03-10T10:03:11.072000,63,,,
participant_05,2,day,Town10HD_Opt,2026-03-10 10:03:12.087468,64.08033752441406,70.34443664550781,0.0019847105722874,21.767,0.947,0.307,0.0,0,0,1,,1.0,2026-03-10T10:03:12.087468,neutral,0.503,2026-03-10T10:03:12.087468,0.6009305200259077,2026-03-10T10:03:12.917000,71,,,
participant_04,3,day,Town10HD_Opt,2026-03-10 10:03:12.153335,-21.56918716430664,-68.06578826904297,0.0019194793421775,0.009,-0.134,0.017,0.0,0,0,1,,0.933,2026-03-10T10:03:12.153335,happy,0.627,2026-03-10T10:03:10.232332,0.6444211352963597,2026-03-10T10:03:13.007000,63,,,
participant_04,3,day,Town10HD_Opt,2026-03-10 10:03:13.040943,-22.10626602172852,-68.07099151611328,0.0014618682907894,10.708,-0.134,1.0,0.0,0,0,1,,0.906,2026-03-10T10:03:13.040943,neutral,0.747,2026-03-10T10:03:13.040943,0.6819916640886039,2026-03-10T10:03:13.007000,64,,,
participant_05,2,day,Town10HD_Opt,2026-03-10 10:03:13.216369,69.33792877197266,70.12712097167969,0.0019056319724768,25.055,1.577,0.585,0.0,0,0,1,,1.0,2026-03-10T10:03:13.216369,neutral,0.503,2026-03-10T10:03:12.087468,0.6362072537833856,2026-03-10T10:03:13.907000,69,,,
participant_05,2,day,Town10HD_Opt,2026-03-10 10:03:14.086271,74.4378662109375,70.09188842773438,0.0016482543433085,35.683,0.465,0.868,0.0,0,0,1,,1.0,2026-03-10T10:03:14.086271,neutral,0.503,2026-03-10T10:03:12.087468,0.6982189834653356,2026-03-10T10:03:14.897000,71,,,
participant_04,3,day,Town10HD_Opt,2026-03-10 10:03:14.130723,-26.727706909179688,-68.10950469970703,0.001537513686344,30.714,-0.134,1.0,0.0,0,0,1,,0.903,2026-03-10T10:03:14.130723,neutral,0.747,2026-03-10T10:03:13.040943,0.6413877876301541,2026-03-10T10:03:14.008000,64,,,
participant_04,3,day,Town10HD_Opt,2026-03-10 10:03:15.198396,-36.08663558959961,-68.14696502685547,0.0017321014311164,46.653,-0.134,0.0,0.0,0,0,1,,0.876,2026-03-10T10:03:15.198396,neutral,0.504,2026-03-10T10:03:15.198396,0.6330109348575701,2026-03-10T10:03:16.022000,66,,,
participant_05,2,day,Town10HD_Opt,2026-03-10 10:03:15.209829,84.39671325683594,70.16127014160156,0.0017089080065488,49.76,0.284,0.174,0.0,0,0,1,,0.879,2026-03-10T10:03:15.209829,neutral,0.702,2026-03-10T10:03:15.209829,0.6652203205656543,2026-03-10T10:03:15.932000,69,,,
participant_05,2,day,Town10HD_Opt,2026-03-10 10:03:16.046930,92.52284240722656,70.67157745361328,0.0023846053518354,40.662,12.869,0.0,0.0,0,0,1,,1.0,2026-03-10T10:03:16.046930,neutral,0.702,2026-03-10T10:03:15.209829,0.6389251401143111,2026-03-10T10:03:16.921000,71,,,
participant_04,3,day,Town10HD_Opt,2026-03-10 10:03:16.254083,-45.67043685913086,-68.11797332763672,0.0028542326763272,34.139,-0.291,0.0,0.0,0,0,1,,0.908,2026-03-10T10:03:16.254083,neutral,0.504,2026-03-10T10:03:15.198396,0.6241075858034806,2026-03-10T10:03:17.013000,66,,,
participant_04,3,day,Town10HD_Opt,2026-03-10 10:03:17.074579,-50.9959716796875,-68.04595184326172,0.002222633222118,25.421,-0.235,0.0,0.086,0,0,1,,0.909,2026-03-10T10:03:17.074579,neutral,0.504,2026-03-10T10:03:15.198396,0.6003366513536514,2026-03-10T10:03:17.013000,65,,,
participant_05,2,day,Town10HD_Opt,2026-03-10 10:03:17.121921,98.979248046875,74.74761962890625,0.0024179839529097,27.152,26.324,0.111,0.0,0,0,1,,0.85,2026-03-10T10:03:17.121921,neutral,0.702,2026-03-10T10:03:15.209829,0.5619113076927202,2026-03-10T10:03:17.912000,70,,,
participant_05,2,day,Town10HD_Opt,2026-03-10 10:03:18.006400,100.16167449951172,79.05223846435547,0.0020555495284497,26.404,11.735,0.519,0.0,0,0,1,,0.876,2026-03-10T10:03:18.006400,neutral,0.66,2026-03-10T10:03:18.006400,0.6424740400517277,2026-03-10T10:03:17.912000,70,Stop sign violation,stop_sign_id=1120,
participant_04,3,day,Town10HD_Opt,2026-03-10 10:03:18.155016,-56.006595611572266,-67.9534912109375,0.0020264815539121,16.099,-0.167,0.0,0.265,0,0,1,,0.942,2026-03-10T10:03:18.155016,neutral,0.806,2026-03-10T10:03:18.155016,0.6301296681972293,2026-03-10T10:03:18.993000,65,,,
participant_05,2,day,Town10HD_Opt,2026-03-10 10:03:19.112392,100.37252807617188,86.3206558227539,0.0016176223289221,39.778,1.989,0.941,0.0,0,0,1,,0.84,2026-03-10T10:03:19.112392,neutral,0.66,2026-03-10T10:03:18.006400,0.6626290198388222,2026-03-10T10:03:19.982000,69,,,
participant_04,3,day,Town10HD_Opt,2026-03-10 10:03:19.196398,-59.021244049072266,-67.88705444335938,0.0020838165655732,9.223,-0.167,0.0,0.31,0,0,1,,0.894,2026-03-10T10:03:19.196398,neutral,0.806,2026-03-10T10:03:18.155016,0.6719326775922173,2026-03-10T10:03:20.028000,64,,,
participant_05,2,day,Town10HD_Opt,2026-03-10 10:03:20.191337,99.58689880371094,97.00057220458984,0.0019532011356204,48.91,4.551,0.422,0.0,0,0,1,,1.0,2026-03-10T10:03:20.191337,neutral,0.637,2026-03-10T10:03:20.191337,0.6638679630981779,2026-03-10T10:03:20.926000,67,,,
participant_04,3,day,Town10HD_Opt,2026-03-10 10:03:20.206506,-60.21653366088867,-67.85845184326172,0.001920623704791,3.995,-0.075,1.0,0.0,0,0,1,,0.919,2026-03-10T10:03:20.206506,neutral,0.549,2026-03-10T10:03:20.206506,0.5780184593328239,2026-03-10T10:03:21.017000,64,,,
participant_05,2,day,Town10HD_Opt,2026-03-10 10:03:21.022555,97.41127014160156,105.1198501586914,0.0021046064794063,46.942,4.924,0.416,0.0,0,0,1,,1.0,2026-03-10T10:03:21.022555,neutral,0.637,2026-03-10T10:03:20.191337,0.672000749182996,2026-03-10T10:03:21.916000,67,,,
participant_04,3,day,Town10HD_Opt,2026-03-10 10:03:21.252854,-63.4230842590332,-67.81158447265625,0.0017057036748155,24.556,0.689,1.0,0.0,0,0,1,,0.91,2026-03-10T10:03:21.252854,neutral,0.549,2026-03-10T10:03:20.206506,0.6345596086496141,2026-03-10T10:03:22.007000,65,,,
participant_04,3,day,Town10HD_Opt,2026-03-10 10:03:22.009145,-68.89777374267578,-67.8031005859375,0.0015295027988031,40.511,-0.24,0.861,0.0,0,0,1,,0.892,2026-03-10T10:03:22.009145,neutral,0.549,2026-03-10T10:03:20.206506,0.6670515637223511,2026-03-10T10:03:22.007000,64,,,
participant_05,2,day,Town10HD_Opt,2026-03-10 10:03:22.115194,92.45632934570312,114.5903778076172,0.0021010206546634,44.709,3.49,0.411,0.0,0,0,1,,0.883,2026-03-10T10:03:22.115194,neutral,0.637,2026-03-10T10:03:20.191337,0.5865873297217534,2026-03-10T10:03:22.906000,68,,,
participant_04,3,day,Town10HD_Opt,2026-03-10 10:03:23.133064,-79.67353820800781,-67.2693862915039,0.0017801666399464,51.521,-9.138,0.0,0.175,0,0,1,,0.913,2026-03-10T10:03:23.133064,neutral,0.628,2026-03-10T10:03:23.133064,0.6170655657314136,2026-03-10T10:03:24.033000,64,,,
participant_05,2,day,Town10HD_Opt,2026-03-10 10:03:23.231993,85.91512298583984,122.407470703125,0.0020941160619258,42.737,6.08,0.411,0.0,0,0,1,,1.0,2026-03-10T10:03:23.231993,neutral,0.824,2026-03-10T10:03:23.231993,0.5914451750095288,2026-03-10T10:03:23.897000,68,,,
participant_05,2,day,Town10HD_Opt,2026-03-10 10:03:24.065859,80.03003692626953,126.82511138916016,0.002091102534905,41.452,6.687,0.411,0.0,0,0,1,,0.897,2026-03-10T10:03:24.065859,neutral,0.824,2026-03-10T10:03:23.231993,0.5967587518253437,2026-03-10T10:03:24.977000,68,,,
participant_04,3,day,Town10HD_Opt,2026-03-10 10:03:24.191527,-89.82466888427734,-62.42768859863281,0.0020885085687041,47.991,-14.278,0.323,0.0,0,0,1,,0.954,2026-03-10T10:03:24.191527,neutral,0.628,2026-03-10T10:03:23.133064,0.6000425063654421,2026-03-10T10:03:25.023000,61,,,errors=Solid line crossing
participant_04,3,day,Town10HD_Opt,2026-03-10 10:03:25.052787,-94.17925262451172,-55.7358283996582,0.0021744917612522,43.788,-1.535,0.362,0.0,0,0,1,,0.846,2026-03-10T10:03:25.052787,neutral,0.628,2026-03-10T10:03:23.133064,0.643865106297332,2026-03-10T10:03:25.023000,62,,,
participant_05,2,day,Town10HD_Opt,2026-03-10 10:03:25.153317,71.22933197021484,130.3314666748047,0.0020714949350804,40.045,6.343,0.411,0.0,0,0,1,,0.803,2026-03-10T10:03:25.153317,neutral,0.824,2026-03-10T10:03:23.231993,0.6239521636431498,2026-03-10T10:03:25.922000,72,,,
participant_05,2,day,Town10HD_Opt,2026-03-10 10:03:26.022713,64.3576431274414,131.23150634765625,0.0020726395305246,39.254,3.702,0.411,0.0,0,0,1,,0.911,2026-03-10T10:03:26.022713,neutral,0.703,2026-03-10T10:03:26.022713,0.5850417696945672,2026-03-10T10:03:26.912000,70,,,
participant_04,3,day,Town10HD_Opt,2026-03-10 10:03:26.133771,-98.9609375,-47.151702880859375,0.0021226501557976,40.619,8.203,0.376,0.0,0,0,1,,0.921,2026-03-10T10:03:26.133771,neutral,0.491,2026-03-10T10:03:26.133771,0.5768805342050252,2026-03-10T10:03:27.003000,64,,,
participant_05,2,day,Town10HD_Opt,2026-03-10 10:03:27.182121,55.28429412841797,131.3521728515625,0.0020606995094567,38.501,0.153,0.411,0.0,0,0,1,,0.835,2026-03-10T10:03:27.182121,neutral,0.703,2026-03-10T10:03:26.022713,0.6165603477502494,2026-03-10T10:03:27.902000,71,,,
participant_04,3,day,Town10HD_Opt,2026-03-10 10:03:27.212928,-105.77586364746094,-41.00408172607422,0.0021051024086773,38.195,-2.12,0.336,0.0,0,0,1,,0.888,2026-03-10T10:03:27.212928,neutral,0.491,2026-03-10T10:03:26.133771,0.6287676830108216,2026-03-10T10:03:27.993000,65,,,
participant_04,3,day,Town10HD_Opt,2026-03-10 10:03:28.008741,-110.687255859375,-36.78620529174805,0.0021740340162068,34.81,-7.758,0.0,0.0,0,0,1,,0.936,2026-03-10T10:03:28.008741,neutral,0.491,2026-03-10T10:03:26.133771,0.6052302148487424,2026-03-10T10:03:27.993000,63,,,errors=Solid line crossing
participant_05,2,day,Town10HD_Opt,2026-03-10 10:03:28.034584,48.58534622192383,131.31790161132812,0.0020580673590302,38.027,0.2,0.411,0.0,0,0,1,,1.0,2026-03-10T10:03:28.034584,happy,0.842,2026-03-10T10:03:28.034584,0.5801923309765438,2026-03-10T10:03:28.892000,71,,,
participant_04,3,day,Town10HD_Opt,2026-03-10 10:03:29.101624,-114.75983428955078,-31.157506942749023,0.0023770141415297,23.304,-8.134,0.0,0.0,0,0,1,,0.959,2026-03-10T10:03:29.101624,neutral,0.322,2026-03-10T10:03:29.101624,0.6123973975824872,2026-03-10T10:03:29.118000,64,,,
participant_05,2,day,Town10HD_Opt,2026-03-10 10:03:29.193465,39.7724494934082,131.20086669921875,0.0020553588401526,37.498,0.19,0.411,0.0,0,0,1,,0.804,2026-03-10T10:03:29.193465,happy,0.842,2026-03-10T10:03:28.034584,0.5673334255800078,2026-03-10T10:03:29.927000,74,,,
participant_05,2,day,Town10HD_Opt,2026-03-10 10:03:30.109688,33.2384147644043,131.08045959472656,0.0020536039955914,37.166,0.176,0.411,0.0,0,0,1,,1.0,2026-03-10T10:03:30.109688,neutral,0.482,2026-03-10T10:03:30.109688,0.6399562169790569,2026-03-10T10:03:30.917000,74,,,
participant_04,3,day,Town10HD_Opt,2026-03-10 10:03:30.192071,-41.66891098022461,89.74463653564453,-0.0667848587036132,0.943,-9.081,0.0,0.0,0,0,0,,0.857,2026-03-10T10:03:30.192071,neutral,0.322,2026-03-10T10:03:29.101624,0.6789530103449432,2026-03-10T10:03:31.008000,66,,,
participant_04,3,day,Town10HD_Opt,2026-03-10 10:03:31.014885,-41.669036865234375,89.74549865722656,0.0009953307453542,0.02,-7.998,0.542,0.0,0,0,0,,0.951,2026-03-10T10:03:31.014885,neutral,0.322,2026-03-10T10:03:29.101624,0.6581391832234671,2026-03-10T10:03:31.008000,64,,,
participant_05,2,day,Town10HD_Opt,2026-03-10 10:03:31.030416,26.75946044921875,130.927001953125,0.0020520400721579,36.88,-0.092,0.411,0.0,0,0,1,,1.0,2026-03-10T10:03:31.030416,neutral,0.482,2026-03-10T10:03:30.109688,0.6080615128666776,2026-03-10T10:03:31.907000,74,,,
participant_04,3,day,Town10HD_Opt,2026-03-10 10:03:32.109522,-41.68479537963867,88.49150848388672,0.001382827758789,16.544,-0.78,0.938,0.0,0,0,1,,0.81,2026-03-10T10:03:32.109522,sad,0.403,2026-03-10T10:03:32.109522,0.6741531013393932,2026-03-10T10:03:31.997000,64,,,
participant_05,2,day,Town10HD_Opt,2026-03-10 10:03:32.162683,18.19202041625977,130.75439453125,0.0020505141001194,36.546,0.007,0.411,0.0,0,0,1,,1.0,2026-03-10T10:03:32.162683,neutral,0.316,2026-03-10T10:03:32.162683,0.6114328010623418,2026-03-10T10:03:32.897000,75,,,
participant_05,2,day,Town10HD_Opt,2026-03-10 10:03:33.023603,11.811529159545898,130.6503143310547,0.0020494842901825,36.357,-0.052,0.411,0.0,0,0,1,,1.0,2026-03-10T10:03:33.023603,neutral,0.316,2026-03-10T10:03:32.162683,0.5643153461220808,2026-03-10T10:03:33.931000,72,,,
participant_04,3,day,Town10HD_Opt,2026-03-10 10:03:33.223000,-41.75429153442383,83.73399353027344,0.0021390533074736,17.938,2.69,0.0,0.0,0,0,1,,0.898,2026-03-10T10:03:33.223000,sad,0.403,2026-03-10T10:03:32.109522,0.5831734317522627,2026-03-10T10:03:33.034000,63,,,
participant_04,3,day,Town10HD_Opt,2026-03-10 10:03:34.041559,-41.67531204223633,81.0240249633789,0.0020444488618522,13.368,2.883,0.0,0.0,0,0,1,,0.912,2026-03-10T10:03:34.041559,sad,0.403,2026-03-10T10:03:32.109522,0.5750219342894364,2026-03-10T10:03:34.161000,64,,,
participant_05,2,day,Town10HD_Opt,2026-03-10 10:03:34.188210,3.699318170547485,130.53402709960938,0.0022764967288821,29.83,-0.056,0.0,0.0,0,0,1,,0.825,2026-03-10T10:03:34.188210,disgust,0.647,2026-03-10T10:03:34.188210,0.5967321568998318,2026-03-10T10:03:34.922000,70,,,
participant_05,2,day,Town10HD_Opt,2026-03-10 10:03:35.104299,-1.008681058883667,130.47671508789062,0.0022714994847774,23.064,-0.047,0.0,0.0,0,0,1,,0.808,2026-03-10T10:03:35.104299,disgust,0.647,2026-03-10T10:03:34.188210,0.5140602743282,2026-03-10T10:03:35.912000,70,,,
participant_04,3,day,Town10HD_Opt,2026-03-10 10:03:35.159394,-41.234954833984375,78.32180786132812,0.0018331527244299,13.155,16.396,0.708,0.0,0,0,1,,0.933,2026-03-10T10:03:35.159394,neutral,0.363,2026-03-10T10:03:35.159394,0.6345614174880846,2026-03-10T10:03:35.058000,64,,,
participant_04,3,day,Town10HD_Opt,2026-03-10 10:03:36.028881,-40.0277214050293,75.5976333618164,0.0019065093947574,21.439,16.555,0.785,0.0,0,0,1,,1.0,2026-03-10T10:03:36.028881,neutral,0.363,2026-03-10T10:03:35.159394,0.6288526313907221,2026-03-10T10:03:36.095000,65,,,
participant_05,2,day,Town10HD_Opt,2026-03-10 10:03:36.207024,-5.549515247344971,130.42713928222656,0.001987915020436,16.071,-0.047,0.0,0.0,0,0,1,,0.869,2026-03-10T10:03:36.207024,neutral,0.827,2026-03-10T10:03:36.207024,0.5144298341833016,2026-03-10T10:03:36.903000,69,,,
participant_05,2,day,Town10HD_Opt,2026-03-10 10:03:37.074249,-8.052019119262695,130.40219116210938,0.0020366667304188,12.331,-0.047,0.0,0.0,0,0,1,,0.909,2026-03-10T10:03:37.074249,neutral,0.827,2026-03-10T10:03:36.207024,0.5812512967764379,2026-03-10T10:03:37.892000,68,,,
participant_04,3,day,Town10HD_Opt,2026-03-10 10:03:37.207517,-35.99048614501953,71.25700378417969,0.0021292113233357,26.128,22.946,0.0,0.0,0,0,1,,0.818,2026-03-10T10:03:37.207517,neutral,0.364,2026-03-10T10:03:37.207517,0.5368333087283044,2026-03-10T10:03:37.085000,65,,,
participant_04,3,day,Town10HD_Opt,2026-03-10 10:03:38.123548,-32.27998352050781,70.00838470458984,0.0022810362279415,19.055,12.864,0.0,0.0,0,0,1,,0.844,2026-03-10T10:03:38.123548,neutral,0.364,2026-03-10T10:03:37.207517,0.6293969920938882,2026-03-10T10:03:39.017000,70,,,
participant_05,2,day,Town10HD_Opt,2026-03-10 10:03:38.135454,-10.52568817138672,130.37908935546875,0.0019331359071657,10.591,-0.047,1.0,0.0,0,0,1,,0.815,2026-03-10T10:03:38.135454,neutral,0.827,2026-03-10T10:03:36.207024,0.5327574759225521,2026-03-10T10:03:38.927000,67,,,
participant_05,2,day,Town10HD_Opt,2026-03-10 10:03:39.011769,-13.48372745513916,130.35336303710938,0.001718025188893,24.069,-0.047,1.0,0.0,0,0,1,,1.0,2026-03-10T10:03:39.011769,neutral,0.686,2026-03-10T10:03:39.011769,0.5197050997644648,2026-03-10T10:03:39.916000,66,,,
participant_04,3,day,Town10HD_Opt,2026-03-10 10:03:39.257283,-27.90357780456543,69.49747467041016,0.001851386972703,23.015,7.335,0.737,0.0,0,0,1,,0.832,2026-03-10T10:03:39.257283,sad,0.359,2026-03-10T10:03:39.257283,0.697784199973852,2026-03-10T10:03:40.052000,69,,,
participant_05,2,day,Town10HD_Opt,2026-03-10 10:03:40.069558,-21.493581771850582,130.29331970214844,0.0015409850748255,45.366,-0.047,0.947,0.0,0,0,1,,0.843,2026-03-10T10:03:40.069558,neutral,0.686,2026-03-10T10:03:39.011769,0.4887857105821637,2026-03-10T10:03:40.907000,65,,,
participant_04,3,day,Town10HD_Opt,2026-03-10 10:03:40.126940,-23.346418380737305,69.48833465576172,0.0019328689668327,27.982,2.817,0.404,0.0,0,0,1,,1.0,2026-03-10T10:03:40.126940,sad,0.359,2026-03-10T10:03:39.257283,0.6917738351850495,2026-03-10T10:03:40.052000,70,,,
participant_05,2,day,Town10HD_Opt,2026-03-10 10:03:41.130626,-32.63459777832031,130.09324645996094,0.0023369216360151,42.131,12.704,0.0,0.0,0,0,1,,0.939,2026-03-10T10:03:41.130626,neutral,0.612,2026-03-10T10:03:41.130626,0.5577459012808407,2026-03-10T10:03:41.897000,65,,,
participant_04,3,day,Town10HD_Opt,2026-03-10 10:03:41.196410,-16.72051239013672,69.8372802734375,0.0020487594883888,28.432,-1.26,0.277,0.0,0,0,1,,0.808,2026-03-10T10:03:41.196410,sad,0.359,2026-03-10T10:03:39.257283,0.587903789201663,2026-03-10T10:03:42.034000,71,,,
participant_04,3,day,Town10HD_Opt,2026-03-10 10:03:42.038017,-11.903238296508787,69.99247741699219,0.0021087264176458,26.336,-0.298,0.273,0.0,0,0,1,,0.882,2026-03-10T10:03:42.038017,sad,0.426,2026-03-10T10:03:42.038017,0.6443328902898842,2026-03-10T10:03:42.034000,69,,,
participant_05,2,day,Town10HD_Opt,2026-03-10 10:03:42.229123,-39.85125732421875,126.64789581298828,0.002438316354528,28.166,24.724,0.0,0.0,0,0,1,,1.0,2026-03-10T10:03:42.229123,neutral,0.612,2026-03-10T10:03:41.130626,0.6111830460293841,2026-03-10T10:03:42.932000,65,,,
participant_05,2,day,Town10HD_Opt,2026-03-10 10:03:43.077036,-41.55001831054688,122.69723510742188,0.0022796629928052,21.669,12.083,0.372,0.0,0,0,1,,0.887,2026-03-10T10:03:43.077036,neutral,0.612,2026-03-10T10:03:41.130626,0.5678718999040203,2026-03-10T10:03:43.922000,63,,,
participant_04,3,day,Town10HD_Opt,2026-03-10 10:03:43.192532,-5.99774694442749,70.10596466064453,0.0020953367929905,24.176,-0.858,0.277,0.0,0,0,1,,0.841,2026-03-10T10:03:43.192532,sad,0.426,2026-03-10T10:03:42.038017,0.5803305130173559,2026-03-10T10:03:44.013000,68,,,
participant_04,3,day,Town10HD_Opt,2026-03-10 10:03:44.039696,-1.8869503736495967,70.11502075195312,0.0020918273366987,22.7,-0.562,0.259,0.0,0,0,1,,0.861,2026-03-10T10:03:44.039696,neutral,0.323,2026-03-10T10:03:44.039696,0.6120557383679214,2026-03-10T10:03:44.013000,68,,,
participant_05,2,day,Town10HD_Opt,2026-03-10 10:03:44.224723,-42.297733306884766,116.77661895751952,0.001761665334925,31.763,3.945,0.535,0.0,0,0,1,,0.96,2026-03-10T10:03:44.224723,neutral,0.624,2026-03-10T10:03:44.224723,0.5316017653910527,2026-03-10T10:03:44.912000,63,,,
participant_05,2,day,Town10HD_Opt,2026-03-10 10:03:45.148057,-42.39371490478516,110.90908813476562,0.0019349288195371,35.261,0.327,0.503,0.0,0,0,1,,1.0,2026-03-10T10:03:45.148057,neutral,0.624,2026-03-10T10:03:44.224723,0.6100388235947358,2026-03-10T10:03:45.902000,64,,,
participant_04,3,day,Town10HD_Opt,2026-03-10 10:03:45.193588,3.23567008972168,70.09048461914062,0.0020509338937699,21.683,0.047,0.333,0.0,0,0,1,,1.0,2026-03-10T10:03:45.193588,neutral,0.323,2026-03-10T10:03:44.039696,0.5830824024944895,2026-03-10T10:03:45.995000,65,,,
participant_04,3,day,Town10HD_Opt,2026-03-10 10:03:46.078328,7.025050640106201,70.08206939697266,0.0020434951875358,21.679,0.155,0.332,0.0,0,0,1,,0.808,2026-03-10T10:03:46.078328,sad,0.438,2026-03-10T10:03:46.078328,0.5691310715119414,2026-03-10T10:03:45.995000,68,,,
participant_05,2,day,Town10HD_Opt,2026-03-10 10:03:46.095178,-42.39030838012695,104.572021484375,0.0020065689459443,36.673,-0.341,0.292,0.0,0,0,1,,0.84,2026-03-10T10:03:46.095178,neutral,0.624,2026-03-10T10:03:44.224723,0.5729428147803872,2026-03-10T10:03:46.892000,65,,,
participant_05,2,day,Town10HD_Opt,2026-03-10 10:03:47.225814,-42.36312103271485,96.40238189697266,0.002136840717867,32.932,0.456,0.274,0.0,0,0,1,,1.0,2026-03-10T10:03:47.225814,neutral,0.671,2026-03-10T10:03:47.225814,0.5452475277061829,2026-03-10T10:03:47.927000,66,,,
participant_04,3,day,Town10HD_Opt,2026-03-10 10:03:47.269345,12.072315216064451,70.08930206298828,0.0020510863978415,21.426,-0.223,0.072,0.0,0,0,1,,0.816,2026-03-10T10:03:47.269345,sad,0.438,2026-03-10T10:03:46.078328,0.6512233602833876,2026-03-10T10:03:48.018000,67,,,
participant_05,2,day,Town10HD_Opt,2026-03-10 10:03:48.075085,-42.2380256652832,90.84929656982422,0.0021273039747029,30.315,0.284,0.274,0.0,0,0,1,,1.0,2026-03-10T10:03:48.075085,neutral,0.671,2026-03-10T10:03:47.225814,0.6195943677626772,2026-03-10T10:03:48.962000,65,,,
participant_04,3,day,Town10HD_Opt,2026-03-10 10:03:48.149166,15.471888542175291,70.0875244140625,0.0019374083494767,17.05,-0.021,0.0,0.0,0,0,1,,0.875,2026-03-10T10:03:48.149166,sad,0.331,2026-03-10T10:03:48.149166,0.6333514593266978,2026-03-10T10:03:49.008000,68,,,
participant_05,2,day,Town10HD_Opt,2026-03-10 10:03:49.161066,-42.02512741088867,84.10303497314453,0.0021158980671316,27.297,-0.11,0.234,0.0,0,0,1,,0.856,2026-03-10T10:03:49.161066,neutral,0.671,2026-03-10T10:03:47.225814,0.5653506837541267,2026-03-10T10:03:49.907000,65,,,
participant_04,3,day,Town10HD_Opt,2026-03-10 10:03:49.240561,18.87461471557617,70.08182525634766,0.0020334625151008,12.01,-0.08,0.0,0.0,0,0,1,,0.861,2026-03-10T10:03:49.240561,sad,0.331,2026-03-10T10:03:48.149166,0.642656157079241,2026-03-10T10:03:49.998000,67,,,
participant_05,2,day,Town10HD_Opt,2026-03-10 10:03:50.004371,-41.76006317138672,79.53406524658203,0.002128868130967,24.774,10.61,0.366,0.0,0,0,1,,0.919,2026-03-10T10:03:50.004371,neutral,0.733,2026-03-10T10:03:50.004371,0.5168597624387693,2026-03-10T10:03:50.897000,66,,,
participant_04,3,day,Town10HD_Opt,2026-03-10 10:03:50.151514,20.746076583862305,70.07647705078125,0.0020074462518095,9.091,-0.08,0.0,0.0,0,0,1,,0.883,2026-03-10T10:03:50.151514,neutral,0.421,2026-03-10T10:03:50.151514,0.6512130730664809,2026-03-10T10:03:51.033000,67,,,
participant_05,2,day,Town10HD_Opt,2026-03-10 10:03:51.169319,-39.638954162597656,74.21251678466797,0.0020449447911232,25.643,19.786,0.398,0.0,0,0,1,,0.813,2026-03-10T10:03:51.169319,neutral,0.733,2026-03-10T10:03:50.004371,0.5588624014266623,2026-03-10T10:03:51.932000,66,,,
participant_04,3,day,Town10HD_Opt,2026-03-10 10:03:51.238427,22.65342140197754,70.0692138671875,0.0019344328902661,7.609,-0.08,0.0,0.0,0,0,1,,0.833,2026-03-10T10:03:51.238427,neutral,0.421,2026-03-10T10:03:50.151514,0.6357817532174741,2026-03-10T10:03:52.022000,69,,,
participant_05,2,day,Town10HD_Opt,2026-03-10 10:03:52.019522,-36.22782516479492,71.31336975097656,0.0020793913863599,25.92,19.543,0.37,0.0,0,0,1,,1.0,2026-03-10T10:03:52.019522,neutral,0.792,2026-03-10T10:03:52.019522,0.5928503736683011,2026-03-10T10:03:52.922000,64,,,
participant_04,3,day,Town10HD_Opt,2026-03-10 10:03:52.172258,23.84090614318848,70.06387329101562,0.0019896698649972,5.631,-0.08,0.041,0.0,0,0,1,,0.912,2026-03-10T10:03:52.172258,neutral,0.581,2026-03-10T10:03:52.172258,0.5903866860434855,2026-03-10T10:03:53.013000,68,,,
participant_04,3,day,Town10HD_Opt,2026-03-10 10:03:53.020157,24.708480834960938,70.05950927734375,0.0019654082134366,4.197,-0.08,0.033,0.0,0,0,1,,0.919,2026-03-10T10:03:53.020157,neutral,0.581,2026-03-10T10:03:52.172258,0.640307350510821,2026-03-10T10:03:53.013000,70,,,
participant_05,2,day,Town10HD_Opt,2026-03-10 10:03:53.162014,-30.414979934692383,70.008056640625,0.0020672224927693,25.852,8.415,0.347,0.0,0,0,1,,0.892,2026-03-10T10:03:53.162014,neutral,0.792,2026-03-10T10:03:52.019522,0.5428607517391706,2026-03-10T10:03:53.912000,64,,,
participant_05,2,day,Town10HD_Opt,2026-03-10 10:03:54.046011,-25.90091896057129,70.05767822265625,0.0020545958541333,25.606,-0.834,0.337,0.0,0,0,1,,0.84,2026-03-10T10:03:54.046011,neutral,0.58,2026-03-10T10:03:54.046011,0.4966739048883019,2026-03-10T10:03:54.902000,65,,,
participant_04,3,day,Town10HD_Opt,2026-03-10 10:03:54.178330,25.53315544128418,70.05504608154297,0.0019506835378706,2.839,-0.08,0.0,0.0,0,0,1,,0.892,2026-03-10T10:03:54.178330,neutral,0.753,2026-03-10T10:03:54.178330,0.6241769519278527,2026-03-10T10:03:54.993000,68,,,
participant_04,3,day,Town10HD_Opt,2026-03-10 10:03:55.012496,26.03948402404785,70.0521469116211,0.0019394683185964,2.572,-0.08,0.0,0.0,0,0,1,,0.913,2026-03-10T10:03:55.012496,neutral,0.753,2026-03-10T10:03:54.178330,0.625235578200553,2026-03-10T10:03:54.993000,67,,,
participant_05,2,day,Town10HD_Opt,2026-03-10 10:03:55.204891,-19.96896171569824,70.10012817382812,0.0020531080663204,25.187,-1.65,0.341,0.0,0,0,1,,1.0,2026-03-10T10:03:55.204891,neutral,0.58,2026-03-10T10:03:54.046011,0.6303601027186572,2026-03-10T10:03:55.937000,66,,,
participant_05,2,day,Town10HD_Opt,2026-03-10 10:03:56.042035,-15.577058792114258,70.00431823730469,0.0020515441428869,24.95,-0.472,0.341,0.0,0,0,1,,1.0,2026-03-10T10:03:56.042035,neutral,0.58,2026-03-10T10:03:54.046011,0.6913232806790621,2026-03-10T10:03:56.927000,68,,,
participant_04,3,day,Town10HD_Opt,2026-03-10 10:03:56.148545,26.26230812072754,70.05075073242188,0.0019446181831881,0.0,-0.082,0.0,0.063,0,0,1,,0.944,2026-03-10T10:03:56.148545,neutral,0.753,2026-03-10T10:03:54.178330,0.5941459138874301,2026-03-10T10:03:57.018000,68,,,
participant_04,3,day,Town10HD_Opt,2026-03-10 10:03:57.007523,26.334379196166992,70.05040740966797,0.0017467498546466,4.302,-0.305,0.951,0.0,0,0,1,,0.935,2026-03-10T10:03:57.007523,sad,0.417,2026-03-10T10:03:57.007523,0.5716434940458757,2026-03-10T10:03:57.018000,67,,,errors=Stop sign violation
participant_05,2,day,Town10HD_Opt,2026-03-10 10:03:57.196696,-9.78283405303955,69.7909927368164,0.0020502470433712,24.671,0.153,0.341,0.0,0,0,1,,1.0,2026-03-10T10:03:57.196696,disgust,0.664,2026-03-10T10:03:57.196696,0.552548265120908,2026-03-10T10:03:57.916000,69,,,
participant_05,2,day,Town10HD_Opt,2026-03-10 10:03:58.089882,-5.4749755859375,69.658447265625,0.0020494079217314,24.507,0.714,0.341,0.0,0,0,1,,1.0,2026-03-10T10:03:58.089882,disgust,0.664,2026-03-10T10:03:57.196696,0.5463740619805022,2026-03-10T10:03:58.906000,68,,,
participant_04,3,day,Town10HD_Opt,2026-03-10 10:03:58.152562,29.34881591796875,69.96923828125,0.0017635726835578,21.904,-6.236,0.807,0.0,0,0,1,,0.879,2026-03-10T10:03:58.152562,sad,0.417,2026-03-10T10:03:57.007523,0.6082022865369427,2026-03-10T10:03:58.998000,64,,,
participant_04,3,day,Town10HD_Opt,2026-03-10 10:03:59.066003,33.68601989746094,69.1690444946289,0.001865844707936,28.45,-12.1,0.574,0.0,0,0,1,,1.0,2026-03-10T10:03:59.066003,neutral,0.514,2026-03-10T10:03:59.066003,0.6527060821119294,2026-03-10T10:03:58.998000,63,,,
participant_05,2,day,Town10HD_Opt,2026-03-10 10:03:59.142760,0.2272694706916809,69.58619689941406,0.0020485685672611,24.317,0.649,0.341,0.0,0,0,1,,1.0,2026-03-10T10:03:59.142760,disgust,0.664,2026-03-10T10:03:57.196696,0.5176834075734215,2026-03-10T10:03:59.897000,70,,,
participant_05,2,day,Town10HD_Opt,2026-03-10 10:04:00.191344,5.887117385864258,69.62307739257812,0.0020478058140724,24.142,0.649,0.341,0.0,0,0,1,,1.0,2026-03-10T10:04:00.191344,neutral,0.856,2026-03-10T10:04:00.191344,0.5387194215340032,2026-03-10T10:04:00.932000,74,,,
participant_04,3,day,Town10HD_Opt,2026-03-10 10:04:00.194587,39.95670700073242,65.64527130126953,0.0019701765850186,33.316,-12.621,0.476,0.0,0,0,1,,0.91,2026-03-10T10:04:00.194587,neutral,0.514,2026-03-10T10:03:59.066003,0.62311556968256,2026-03-10T10:04:01.025000,63,,,
participant_05,2,day,Town10HD_Opt,2026-03-10 10:04:00.993497,10.10447597503662,69.71953582763672,0.0020542526617646,23.829,0.045,0.139,0.0,0,0,1,,1.0,2026-03-10T10:04:00.993497,neutral,0.856,2026-03-10T10:04:00.191344,0.5104536888232839,2026-03-10T10:04:00.932000,73,,,
participant_04,3,day,Town10HD_Opt,2026-03-10 10:04:01.048636,43.47140502929688,61.11943054199219,0.0022247694432735,30.448,-14.727,0.0,0.0,0,0,1,,1.0,2026-03-10T10:04:01.048636,neutral,0.514,2026-03-10T10:03:59.066003,0.697218556822672,2026-03-10T10:04:01.025000,62,,,
participant_05,2,day,Town10HD_Opt,2026-03-10 10:04:02.060955,14.972326278686523,69.81775665283203,0.0019818113651126,17.264,-0.223,0.0,0.085,0,0,1,,0.834,2026-03-10T10:04:02.060955,neutral,0.856,2026-03-10T10:04:00.191344,0.618368124726266,2026-03-10T10:04:02.912000,73,,,
participant_04,3,day,Town10HD_Opt,2026-03-10 10:04:02.180420,44.86357498168945,55.31790542602539,0.0022750853095203,20.313,-10.156,0.0,0.0,0,0,1,,0.81,2026-03-10T10:04:02.180420,sad,0.285,2026-03-10T10:04:02.180420,0.6182707442489751,2026-03-10T10:04:03.003000,66,,,
participant_04,3,day,Town10HD_Opt,2026-03-10 10:04:03.094937,44.70899200439453,52.057655334472656,0.0019261168781667,17.534,-8.51,0.402,0.0,0,0,1,,0.87,2026-03-10T10:04:03.094937,sad,0.285,2026-03-10T10:04:02.180420,0.6286881963609608,2026-03-10T10:04:03.003000,65,,,
participant_05,2,day,Town10HD_Opt,2026-03-10 10:04:03.218960,18.33135032653809,69.867919921875,0.0020519637037068,11.19,0.092,0.0,0.086,0,0,1,,1.0,2026-03-10T10:04:03.218960,neutral,0.633,2026-03-10T10:04:03.218960,0.7256569222429257,2026-03-10T10:04:03.903000,72,,,
participant_05,2,day,Town10HD_Opt,2026-03-10 10:04:04.060704,20.056047439575195,69.89649963378906,0.0020162963774055,8.316,0.07,0.0,0.0,0,0,1,,1.0,2026-03-10T10:04:04.060704,neutral,0.633,2026-03-10T10:04:03.218960,0.7194058423394321,2026-03-10T10:04:04.937000,71,,,
participant_04,3,day,Town10HD_Opt,2026-03-10 10:04:04.253222,44.191253662109375,47.86604309082031,0.0020302962511777,18.898,2.092,0.524,0.0,0,0,1,,0.964,2026-03-10T10:04:04.253222,neutral,0.798,2026-03-10T10:04:04.253222,0.6195565284304999,2026-03-10T10:04:04.173000,68,,,
participant_04,3,day,Town10HD_Opt,2026-03-10 10:04:05.100310,43.90956115722656,44.28910446166992,0.0019321059808135,22.321,2.259,0.355,0.0,0,0,1,,0.949,2026-03-10T10:04:05.100310,neutral,0.798,2026-03-10T10:04:04.253222,0.5763858190344149,2026-03-10T10:04:05.209000,68,,,
participant_05,2,day,Town10HD_Opt,2026-03-10 10:04:05.234882,21.697185516357425,69.92407989501953,0.0019641113467514,5.786,0.026,0.0,0.0,0,0,1,,0.8,2026-03-10T10:04:05.234882,disgust,0.707,2026-03-10T10:04:05.234882,0.7838300139056384,2026-03-10T10:04:05.927000,70,Stop sign violation,stop_sign_id=946,
participant_05,2,day,Town10HD_Opt,2026-03-10 10:04:06.107292,22.612682342529297,69.93960571289062,0.0019620894454419,4.515,0.026,0.0,0.0,0,0,1,,1.0,2026-03-10T10:04:06.107292,disgust,0.707,2026-03-10T10:04:05.234882,0.9128478983373088,2026-03-10T10:04:06.917000,71,,,
participant_04,3,day,Town10HD_Opt,2026-03-10 10:04:06.232525,43.88935470581055,39.20518112182617,0.0020841597579419,20.911,7.406,0.36,0.0,0,0,1,,0.957,2026-03-10T10:04:06.232525,neutral,0.798,2026-03-10T10:04:04.253222,0.6190332644779772,2026-03-10T10:04:07.008000,66,,,
participant_04,3,day,Town10HD_Opt,2026-03-10 10:04:07.065281,44.54862594604492,35.57023620605469,0.0020207976922392,21.808,13.904,0.504,0.0,0,0,1,,0.937,2026-03-10T10:04:07.065281,neutral,0.385,2026-03-10T10:04:07.065281,0.577157981592002,2026-03-10T10:04:07.008000,67,,,
participant_05,2,day,Town10HD_Opt,2026-03-10 10:04:07.230646,23.48932838439941,69.95458984375,0.001939010573551,3.339,0.021,0.0,0.0,0,0,1,,0.835,2026-03-10T10:04:07.230646,disgust,0.707,2026-03-10T10:04:05.234882,0.942868331041777,2026-03-10T10:04:07.907000,70,,,
participant_05,2,day,Town10HD_Opt,2026-03-10 10:04:08.062869,24.06035041809082,69.9643325805664,0.0019300079438835,3.255,-0.002,0.104,0.0,0,0,1,,1.0,2026-03-10T10:04:08.062869,neutral,0.784,2026-03-10T10:04:08.062869,0.9818340156437526,2026-03-10T10:04:07.907000,71,,,
participant_04,3,day,Town10HD_Opt,2026-03-10 10:04:08.154405,47.34722900390625,30.729217529296875,0.0019181059906259,27.493,17.174,0.408,0.0,0,0,1,,1.0,2026-03-10T10:04:08.154405,neutral,0.385,2026-03-10T10:04:07.065281,0.6131521730095785,2026-03-10T10:04:09.036000,65,,,
participant_04,3,day,Town10HD_Opt,2026-03-10 10:04:09.041402,51.08882522583008,27.98543167114257,0.0022438429296016,23.74,15.42,0.0,0.0,0,0,1,,0.908,2026-03-10T10:04:09.041402,neutral,0.385,2026-03-10T10:04:07.065281,0.5454942863828393,2026-03-10T10:04:09.036000,66,,,
participant_05,2,day,Town10HD_Opt,2026-03-10 10:04:09.190806,24.795312881469727,69.97679901123047,0.0019329452188685,3.023,-0.007,0.0,0.0,0,0,1,,1.0,2026-03-10T10:04:09.190806,neutral,0.784,2026-03-10T10:04:08.062869,0.9538868542990891,2026-03-10T10:04:09.932000,71,,,
participant_05,2,day,Town10HD_Opt,2026-03-10 10:04:10.063992,25.27286148071289,69.98480987548828,0.0019470977131277,2.443,-0.023,0.0,0.0,0,0,1,,1.0,2026-03-10T10:04:10.063992,disgust,0.657,2026-03-10T10:04:10.063992,0.9601447418230336,2026-03-10T10:04:10.922000,68,,,
participant_04,3,day,Town10HD_Opt,2026-03-10 10:04:10.257377,56.15185546875,26.56126594543457,0.001969528151676,24.014,7.677,0.496,0.0,0,0,1,,0.902,2026-03-10T10:04:10.257377,neutral,0.532,2026-03-10T10:04:10.257377,0.613113183442048,2026-03-10T10:04:11.013000,65,,,
participant_04,3,day,Town10HD_Opt,2026-03-10 10:04:11.094428,60.58243560791016,26.117816925048828,0.0019985961262136,25.966,-1.048,0.0,0.0,0,0,1,,0.863,2026-03-10T10:04:11.094428,neutral,0.532,2026-03-10T10:04:10.257377,0.621813616222662,2026-03-10T10:04:11.013000,65,,,
participant_05,2,day,Town10HD_Opt,2026-03-10 10:04:11.214266,25.786989212036133,69.99333953857422,0.0019361877348273,1.838,-0.049,0.0,0.0,0,0,1,,1.0,2026-03-10T10:04:11.214266,disgust,0.657,2026-03-10T10:04:10.063992,0.99,2026-03-10T10:04:11.913000,70,,,
participant_05,2,day,Town10HD_Opt,2026-03-10 10:04:12.001668,26.005651473999023,69.99691009521484,0.0020171354990452,0.0,-0.082,0.0,0.023,0,0,1,,1.0,2026-03-10T10:04:12.001668,disgust,0.657,2026-03-10T10:04:10.063992,0.9456194615696788,2026-03-10T10:04:12.902000,70,,,
participant_04,3,day,Town10HD_Opt,2026-03-10 10:04:12.241091,65.7491226196289,25.408308029174805,0.0022367858327925,18.041,0.719,0.0,0.0,0,0,1,,1.0,2026-03-10T10:04:12.241091,neutral,0.532,2026-03-10T10:04:10.257377,0.6246964692742347,2026-03-10T10:04:13.038000,66,,,
participant_04,3,day,Town10HD_Opt,2026-03-10 10:04:13.035901,68.60173797607422,25.02493667602539,0.0019987486302852,15.034,2.826,0.173,0.0,0,0,1,,0.946,2026-03-10T10:04:13.035901,neutral,0.432,2026-03-10T10:04:13.035901,0.5585100826950408,2026-03-10T10:04:13.038000,66,,,
participant_05,2,day,Town10HD_Opt,2026-03-10 10:04:13.102283,26.014583587646484,69.99700927734375,0.0018748092697933,1.984,-0.11,0.891,0.0,0,0,1,,1.0,2026-03-10T10:04:13.102283,neutral,0.803,2026-03-10T10:04:13.102283,0.99,2026-03-10T10:04:13.941000,71,,,
participant_04,3,day,Town10HD_Opt,2026-03-10 10:04:14.105590,71.97647094726562,24.779903411865234,0.0019443511264398,13.962,3.61,0.171,0.0,0,0,1,,0.93,2026-03-10T10:04:14.105590,neutral,0.432,2026-03-10T10:04:13.035901,0.6351204426313372,2026-03-10T10:04:14.118000,67,,,
participant_05,2,day,Town10HD_Opt,2026-03-10 10:04:14.234006,28.25550651550293,70.01384735107422,0.0015568542294204,18.717,-4.098,0.718,0.0,0,0,1,,0.836,2026-03-10T10:04:14.234006,neutral,0.803,2026-03-10T10:04:13.102283,0.950773169358756,2026-03-10T10:04:14.927000,70,,,errors=Stop sign violation
participant_05,2,day,Town10HD_Opt,2026-03-10 10:04:15.119624,31.852508544921875,69.66873168945312,0.0018894576933234,23.26,-9.952,0.512,0.0,0,0,1,,0.891,2026-03-10T10:04:15.119624,neutral,0.528,2026-03-10T10:04:15.119624,0.934737403413627,2026-03-10T10:04:15.917000,71,,,
participant_04,3,day,Town10HD_Opt,2026-03-10 10:04:15.137347,75.14189147949219,24.75308990478516,0.0019387054489925,13.131,3.601,0.074,0.0,0,0,1,,0.936,2026-03-10T10:04:15.137347,fear,0.356,2026-03-10T10:04:15.137347,0.6422524261902454,2026-03-10T10:04:16.009000,67,,,
participant_05,2,day,Town10HD_Opt,2026-03-10 10:04:15.998416,35.94948196411133,68.43694305419922,0.0020547485910356,24.352,-9.586,0.0,0.0,0,0,1,,0.895,2026-03-10T10:04:15.998416,neutral,0.528,2026-03-10T10:04:15.119624,0.924606326562313,2026-03-10T10:04:16.907000,69,,,
participant_04,3,day,Town10HD_Opt,2026-03-10 10:04:16.192698,77.84391784667969,24.851057052612305,0.0020083617419004,9.62,-0.938,0.0,0.0,0,0,1,,0.908,2026-03-10T10:04:16.192698,fear,0.356,2026-03-10T10:04:15.137347,0.577565021814235,2026-03-10T10:04:16.998000,66,,,
participant_05,2,day,Town10HD_Opt,2026-03-10 10:04:17.088626,40.13043594360352,65.98561096191406,0.0019803238101303,17.062,-10.802,0.0,0.084,0,0,1,,0.929,2026-03-10T10:04:17.088626,neutral,0.528,2026-03-10T10:04:15.119624,0.9013001193715228,2026-03-10T10:04:17.942000,71,,,
participant_04,3,day,Town10HD_Opt,2026-03-10 10:04:17.233432,79.75199890136719,24.891584396362305,0.0020079803653061,6.252,0.446,0.0,0.228,0,0,1,,0.856,2026-03-10T10:04:17.233432,sad,0.34,2026-03-10T10:04:17.233432,0.6553062684646023,2026-03-10T10:04:18.122000,68,,,
participant_04,3,day,Town10HD_Opt,2026-03-10 10:04:17.997815,80.05154418945312,24.899477005004883,0.0020004652906209,0.0,0.449,0.0,0.239,0,0,1,,0.894,2026-03-10T10:04:17.997815,sad,0.34,2026-03-10T10:04:17.233432,0.6234394569826931,2026-03-10T10:04:18.122000,68,,,
participant_05,2,day,Town10HD_Opt,2026-03-10 10:04:18.213065,42.47154998779297,63.68233871459961,0.0020598983392119,11.045,-10.891,0.0,0.104,0,0,1,,0.921,2026-03-10T10:04:18.213065,neutral,0.619,2026-03-10T10:04:18.213065,0.9109501772631056,2026-03-10T10:04:18.932000,69,,,
participant_04,3,day,Town10HD_Opt,2026-03-10 10:04:19.005773,80.05168914794922,24.89947891235352,0.0019203185802325,0.006,0.449,0.0,0.0,0,0,1,,0.958,2026-03-10T10:04:19.005773,sad,0.34,2026-03-10T10:04:17.233432,0.6134830140188084,2026-03-10T10:04:19.027000,70,,,
participant_05,2,day,Town10HD_Opt,2026-03-10 10:04:19.050388,43.54558181762695,62.22348403930664,0.0017671203240752,13.166,-13.477,0.86,0.0,0,0,1,,0.935,2026-03-10T10:04:19.050388,neutral,0.619,2026-03-10T10:04:18.213065,0.8796274038081308,2026-03-10T10:04:19.922000,68,,,
participant_04,3,day,Town10HD_Opt,2026-03-10 10:04:20.078029,80.05178833007812,24.89947891235352,0.0019193267216905,0.006,0.449,0.0,0.0,0,0,1,,0.909,2026-03-10T10:04:20.078029,neutral,0.504,2026-03-10T10:04:20.078029,0.6386061904952188,2026-03-10T10:04:20.013000,70,,,
participant_05,2,day,Town10HD_Opt,2026-03-10 10:04:20.177585,45.31515884399414,57.98899459838867,0.0017655562842264,26.631,-16.206,0.665,0.0,0,0,1,,0.904,2026-03-10T10:04:20.177585,neutral,0.619,2026-03-10T10:04:18.213065,0.9117866933547284,2026-03-10T10:04:20.912000,68,,,
participant_05,2,day,Town10HD_Opt,2026-03-10 10:04:21.040160,45.56425857543945,53.06208038330078,0.0021139143500477,27.518,-12.597,0.0,0.0,0,0,1,,0.833,2026-03-10T10:04:21.040160,sad,0.364,2026-03-10T10:04:21.040160,0.9844073123589776,2026-03-10T10:04:21.903000,72,,,
participant_04,3,day,Town10HD_Opt,2026-03-10 10:04:21.190920,80.05189514160156,24.89947891235352,0.001919288537465,0.006,0.449,0.0,0.0,0,0,1,,0.945,2026-03-10T10:04:21.190920,neutral,0.504,2026-03-10T10:04:20.078029,0.6807500051684185,2026-03-10T10:04:22.038000,69,,,
participant_05,2,day,Town10HD_Opt,2026-03-10 10:04:22.143678,44.514408111572266,47.69245147705078,0.0022445677313953,19.029,2.017,0.0,0.0,0,0,1,,0.952,2026-03-10T10:04:22.143678,sad,0.364,2026-03-10T10:04:21.040160,0.9532345094629556,2026-03-10T10:04:23.027000,70,,,
participant_04,3,day,Town10HD_Opt,2026-03-10 10:04:22.251045,80.05199432373047,24.89947891235352,0.001919288537465,0.006,0.449,0.0,0.0,0,0,1,,0.869,2026-03-10T10:04:22.251045,neutral,0.403,2026-03-10T10:04:22.251045,0.6102601459000905,2026-03-10T10:04:23.118000,66,,,
participant_05,2,day,Town10HD_Opt,2026-03-10 10:04:23.012169,44.109169006347656,44.78113555908203,0.0020786665845662,13.969,9.449,0.0,0.234,0,0,1,,0.881,2026-03-10T10:04:23.012169,sad,0.364,2026-03-10T10:04:21.040160,0.943052044428492,2026-03-10T10:04:23.928000,69,,,
participant_04,3,day,Town10HD_Opt,2026-03-10 10:04:23.172835,80.05210876464844,24.89947891235352,0.001919021597132,0.001,0.449,0.0,0.0,0,0,1,,0.918,2026-03-10T10:04:23.172835,neutral,0.403,2026-03-10T10:04:22.251045,0.5931317871680005,2026-03-10T10:04:24.019000,66,,,
participant_05,2,day,Town10HD_Opt,2026-03-10 10:04:24.094689,44.06057357788086,42.22362518310547,0.0020605085883289,7.811,0.376,0.0,0.222,0,0,1,,0.937,2026-03-10T10:04:24.094689,neutral,0.494,2026-03-10T10:04:24.094689,0.9329154882253128,2026-03-10T10:04:24.965000,69,,,
participant_04,3,day,Town10HD_Opt,2026-03-10 10:04:24.253615,80.05224609375,24.89947891235352,0.001919021597132,0.001,0.449,0.0,0.0,0,0,1,,0.905,2026-03-10T10:04:24.253615,neutral,0.487,2026-03-10T10:04:24.253615,0.6861173259529088,2026-03-10T10:04:25.008000,64,,,
participant_04,3,day,Town10HD_Opt,2026-03-10 10:04:25.041558,80.05220031738281,24.89947891235352,0.0019188307924196,0.001,0.446,0.0,0.0,0,0,1,,0.939,2026-03-10T10:04:25.041558,neutral,0.487,2026-03-10T10:04:24.253615,0.5959752299143369,2026-03-10T10:04:25.008000,63,,,
participant_05,2,day,Town10HD_Opt,2026-03-10 10:04:25.214628,44.03386688232422,41.19465255737305,0.0017789077246561,5.534,3.142,0.969,0.0,0,0,1,,0.922,2026-03-10T10:04:25.214628,neutral,0.494,2026-03-10T10:04:24.094689,0.957316985861672,2026-03-10T10:04:25.907000,69,,,
participant_05,2,day,Town10HD_Opt,2026-03-10 10:04:26.026389,44.09175109863281,39.0023193359375,0.0016792296664789,19.71,6.554,0.76,0.0,0,0,1,,0.942,2026-03-10T10:04:26.026389,neutral,0.494,2026-03-10T10:04:24.094689,0.9617754223247992,2026-03-10T10:04:26.942000,67,,,
participant_04,3,day,Town10HD_Opt,2026-03-10 10:04:26.113204,80.05233001708984,24.89947891235352,0.0019188689766451,0.001,0.242,0.0,0.0,0,0,1,,0.906,2026-03-10T10:04:26.113204,neutral,0.487,2026-03-10T10:04:24.253615,0.6215578295635411,2026-03-10T10:04:26.010000,66,,,
participant_05,2,day,Town10HD_Opt,2026-03-10 10:04:27.107568,45.30293655395508,33.60765075683594,0.0019425963982939,26.958,15.946,0.426,0.0,0,0,1,,1.0,2026-03-10T10:04:27.107568,neutral,0.757,2026-03-10T10:04:27.107568,0.9159648493992276,2026-03-10T10:04:27.933000,68,,,
participant_04,3,day,Town10HD_Opt,2026-03-10 10:04:27.230321,80.06922912597656,24.89986801147461,0.0018923949683085,0.449,-0.226,0.0,0.0,0,0,1,,0.954,2026-03-10T10:04:27.230321,sad,0.36,2026-03-10T10:04:27.230321,0.6109580484443655,2026-03-10T10:04:28.023000,65,,,
participant_04,3,day,Town10HD_Opt,2026-03-10 10:04:28.065289,80.14186096191406,24.901594161987305,0.0019218062516301,0.176,-0.256,0.306,0.0,0,0,1,,0.958,2026-03-10T10:04:28.065289,sad,0.36,2026-03-10T10:04:27.230321,0.5536094020085893,2026-03-10T10:04:28.023000,65,,,
participant_05,2,day,Town10HD_Opt,2026-03-10 10:04:28.203467,49.425907135009766,28.928815841674805,0.0020802307408303,27.715,21.969,0.418,0.0,0,0,1,,1.0,2026-03-10T10:04:28.203467,neutral,0.757,2026-03-10T10:04:27.107568,0.979109410794858,2026-03-10T10:04:28.922000,69,,,
participant_05,2,day,Town10HD_Opt,2026-03-10 10:04:29.064545,54.045555114746094,27.373952865600582,0.0020544815342873,28.148,6.265,0.32,0.0,0,0,1,,0.813,2026-03-10T10:04:29.064545,neutral,0.757,2026-03-10T10:04:27.107568,0.9475417551046202,2026-03-10T10:04:29.912000,70,,,
participant_04,3,day,Town10HD_Opt,2026-03-10 10:04:29.181759,81.45272064208984,24.92140007019043,0.0017898940714076,9.665,-0.496,0.0,0.0,0,0,1,,0.933,2026-03-10T10:04:29.181759,sad,0.36,2026-03-10T10:04:27.230321,0.626590749997369,2026-03-10T10:04:30.004000,63,Stop sign violation,stop_sign_id=1200,
participant_04,3,day,Town10HD_Opt,2026-03-10 10:04:29.993758,82.96038818359375,24.94384384155273,0.0019929122645407,7.386,-0.289,0.067,0.0,0,0,1,,0.967,2026-03-10T10:04:29.993758,sad,0.372,2026-03-10T10:04:29.993758,0.6833387535492083,2026-03-10T10:04:30.004000,65,,,
participant_05,2,day,Town10HD_Opt,2026-03-10 10:04:30.149671,60.3571891784668,26.45615005493164,0.002147254999727,25.308,1.354,0.665,0.0,0,0,1,,1.0,2026-03-10T10:04:30.149671,sad,0.354,2026-03-10T10:04:30.149671,0.972439647038278,2026-03-10T10:04:30.904000,71,,,
participant_04,3,day,Town10HD_Opt,2026-03-10 10:04:31.110056,84.21341705322266,24.960378646850582,0.0022790527436882,0.271,-0.228,0.244,0.0,0,0,1,,0.935,2026-03-10T10:04:31.110056,sad,0.372,2026-03-10T10:04:29.993758,0.6184990759100699,2026-03-10T10:04:31.038000,65,,,
participant_05,2,day,Town10HD_Opt,2026-03-10 10:04:31.217060,67.55353546142578,25.867149353027344,0.0015673064626753,40.915,1.551,0.712,0.0,0,0,1,,0.812,2026-03-10T10:04:31.217060,sad,0.354,2026-03-10T10:04:30.149671,0.9592865349578216,2026-03-10T10:04:31.937000,72,,,
participant_05,2,day,Town10HD_Opt,2026-03-10 10:04:32.024918,74.39642333984375,25.63248634338379,0.0023254775442183,34.252,1.208,0.27,0.0,0,0,1,,0.837,2026-03-10T10:04:32.024918,sad,0.354,2026-03-10T10:04:30.149671,0.9038309050785712,2026-03-10T10:04:32.927000,77,,,
participant_04,3,day,Town10HD_Opt,2026-03-10 10:04:32.238804,85.20317840576172,25.01468276977539,0.0015064621111378,11.761,8.527,0.739,0.0,0,0,1,,0.936,2026-03-10T10:04:32.238804,neutral,0.353,2026-03-10T10:04:32.238804,0.7226235460721583,2026-03-10T10:04:33.019000,62,,,errors=Vehicle-pedestrian collision
participant_04,3,day,Town10HD_Opt,2026-03-10 10:04:33.067862,88.12083435058594,25.274614334106445,0.0017728041857481,23.003,1.45,1.0,0.0,0,0,1,,0.801,2026-03-10T10:04:33.067862,neutral,0.353,2026-03-10T10:04:32.238804,0.7004374386807183,2026-03-10T10:04:33.019000,63,,,
participant_05,2,day,Town10HD_Opt,2026-03-10 10:04:33.114275,83.26750946044922,25.76095199584961,0.0015934753464534,47.131,0.59,0.78,0.0,0,0,1,,0.86,2026-03-10T10:04:33.114275,neutral,0.613,2026-03-10T10:04:33.114275,0.99,2026-03-10T10:04:33.917000,76,,,
participant_04,3,day,Town10HD_Opt,2026-03-10 10:04:34.128592,95.79196166992188,25.947582244873047,0.0015717315254732,43.532,-6.355,0.948,0.0,0,0,1,,0.922,2026-03-10T10:04:34.128592,neutral,0.353,2026-03-10T10:04:32.238804,0.6587207550705627,2026-03-10T10:04:34.999000,63,,,
participant_05,2,day,Town10HD_Opt,2026-03-10 10:04:34.163615,93.7061004638672,25.333051681518555,0.0023770141415297,38.043,-9.047,0.024,0.0,0,0,1,,1.0,2026-03-10T10:04:34.163615,neutral,0.613,2026-03-10T10:04:33.114275,0.9601088660928082,2026-03-10T10:04:34.908000,75,,,
participant_05,2,day,Town10HD_Opt,2026-03-10 10:04:35.045202,99.4744873046875,23.057025909423828,0.0020834731403738,35.504,-15.112,0.672,0.0,0,0,1,,0.858,2026-03-10T10:04:35.045202,neutral,0.613,2026-03-10T10:04:33.114275,0.9458591800704556,2026-03-10T10:04:35.897000,73,,,
participant_04,3,day,Town10HD_Opt,2026-03-10 10:04:35.241852,106.68406677246094,23.625289916992188,0.0022411728277802,46.15,-19.961,0.0,0.0,0,0,1,,1.0,2026-03-10T10:04:35.241852,neutral,0.501,2026-03-10T10:04:35.241852,0.6557152137527094,2026-03-10T10:04:36.034000,63,,,
participant_05,2,day,Town10HD_Opt,2026-03-10 10:04:36.114409,105.08228302001952,16.136089324951172,0.0020579528063535,41.109,-14.805,0.0,0.0,0,0,1,,0.835,2026-03-10T10:04:36.114409,neutral,0.874,2026-03-10T10:04:36.114409,0.9838693163671992,2026-03-10T10:04:36.932000,72,,,
participant_04,3,day,Town10HD_Opt,2026-03-10 10:04:36.234751,111.48505401611328,16.350553512573242,0.0024081037845462,31.18,-15.948,0.0,0.0,0,0,1,,1.0,2026-03-10T10:04:36.234751,neutral,0.501,2026-03-10T10:04:35.241852,0.6586039102276483,2026-03-10T10:04:37.024000,64,,,
participant_04,3,day,Town10HD_Opt,2026-03-10 10:04:37.036609,111.3895263671875,11.586627960205078,0.0023230360820889,23.825,-16.918,0.0,0.0,0,0,1,,0.89,2026-03-10T10:04:37.036609,neutral,0.501,2026-03-10T10:04:35.241852,0.6915449700174469,2026-03-10T10:04:37.024000,63,,,
participant_05,2,day,Town10HD_Opt,2026-03-10 10:04:37.162157,105.69329071044922,8.024374961853027,0.0023332594428211,29.229,-3.304,0.0,0.0,0,0,1,,1.0,2026-03-10T10:04:37.162157,neutral,0.874,2026-03-10T10:04:36.114409,0.9142739471990292,2026-03-10T10:04:37.923000,70,,,
participant_05,2,day,Town10HD_Opt,2026-03-10 10:04:38.006322,105.07264709472656,3.4549598693847656,0.0021926879417151,24.016,17.941,0.275,0.0,0,0,1,,0.906,2026-03-10T10:04:38.006322,neutral,0.874,2026-03-10T10:04:36.114409,0.8975955967356649,2026-03-10T10:04:38.912000,72,,,
participant_04,3,day,Town10HD_Opt,2026-03-10 10:04:38.065701,109.46866607666016,7.458337306976318,0.0020052718464285,16.019,-16.104,0.0,0.0,0,0,1,,0.817,2026-03-10T10:04:38.065701,neutral,0.463,2026-03-10T10:04:38.065701,0.6653077474403524,2026-03-10T10:04:38.058000,64,,,
participant_05,2,day,Town10HD_Opt,2026-03-10 10:04:39.109821,106.48091888427734,-1.6110774278640747,0.0021101760212332,21.954,5.756,0.389,0.0,0,0,1,,0.876,2026-03-10T10:04:39.109821,neutral,0.344,2026-03-10T10:04:39.109821,0.9828305979497846,2026-03-10T10:04:39.902000,73,Harsh braking,decel_mps2=6.7,
participant_04,3,day,Town10HD_Opt,2026-03-10 10:04:39.199593,107.52971649169922,4.85882568359375,0.0020299148745834,11.461,6.049,0.0,0.0,0,0,1,,0.951,2026-03-10T10:04:39.199593,neutral,0.463,2026-03-10T10:04:38.065701,0.7556842766181355,2026-03-10T10:04:39.138000,64,,,
participant_05,2,day,Town10HD_Opt,2026-03-10 10:04:40.116301,108.75334930419922,-6.9930267333984375,0.0016254043439403,33.399,-11.462,0.922,0.0,0,0,1,,1.0,2026-03-10T10:04:40.116301,neutral,0.344,2026-03-10T10:04:39.109821,0.99,2026-03-10T10:04:40.938000,75,,,
participant_04,3,day,Town10HD_Opt,2026-03-10 10:04:40.226238,106.56526184082033,2.8230907917022705,0.0020202253945171,7.892,30.621,0.0,0.0,0,0,1,,0.858,2026-03-10T10:04:40.226238,sad,0.35,2026-03-10T10:04:40.226238,0.6545494208719755,2026-03-10T10:04:41.033000,64,,,
participant_04,3,day,Town10HD_Opt,2026-03-10 10:04:41.013447,106.4784164428711,1.629465103149414,0.0019917297177016,6.032,37.984,0.0,0.0,0,0,1,,0.928,2026-03-10T10:04:41.013447,sad,0.35,2026-03-10T10:04:40.226238,0.6662233408080737,2026-03-10T10:04:41.033000,64,,,
participant_05,2,day,Town10HD_Opt,2026-03-10 10:04:41.165478,108.90309143066406,-16.388811111450195,0.0017547225579619,47.858,-7.209,0.699,0.0,0,0,1,,0.896,2026-03-10T10:04:41.165478,neutral,0.436,2026-03-10T10:04:41.165478,0.972023702140109,2026-03-10T10:04:41.928000,75,,,
participant_04,3,day,Town10HD_Opt,2026-03-10 10:04:42.091631,106.7506103515625,0.5049312114715576,0.0019785689655691,4.219,51.627,0.0,0.0,0,0,1,,0.951,2026-03-10T10:04:42.091631,sad,0.35,2026-03-10T10:04:40.226238,0.7586456536172331,2026-03-10T10:04:42.063000,64,,,
participant_05,2,day,Town10HD_Opt,2026-03-10 10:04:42.203167,105.22664642333984,-27.272262573242188,0.0021546173375099,47.478,12.289,0.0,0.0,0,0,1,,0.836,2026-03-10T10:04:42.203167,neutral,0.436,2026-03-10T10:04:41.165478,0.99,2026-03-10T10:04:42.918000,74,,,
participant_05,2,day,Town10HD_Opt,2026-03-10 10:04:43.002571,104.50778198242188,-34.56398010253906,0.002410392742604,36.384,10.271,0.0,0.0,0,0,1,,0.95,2026-03-10T10:04:43.002571,neutral,0.436,2026-03-10T10:04:41.165478,0.9099203033814064,2026-03-10T10:04:43.908000,74,,,
participant_04,3,day,Town10HD_Opt,2026-03-10 10:04:43.161652,107.14342498779295,-0.2127965837717056,0.0019453048007562,3.172,32.026,0.376,0.0,0,0,1,,0.987,2026-03-10T10:04:43.161652,fear,0.336,2026-03-10T10:04:43.161652,0.6893543876409932,2026-03-10T10:04:43.999000,62,,,
participant_05,2,day,Town10HD_Opt,2026-03-10 10:04:44.002694,106.3005142211914,-41.59922790527344,0.0022942733485251,25.621,-6.421,0.0,0.0,0,0,1,,0.829,2026-03-10T10:04:44.002694,neutral,0.695,2026-03-10T10:04:44.002694,0.9461961134271129,2026-03-10T10:04:43.908000,73,,,
participant_04,3,day,Town10HD_Opt,2026-03-10 10:04:44.227750,107.65000915527344,-1.7593239545822144,0.0017631911905482,10.418,-3.733,0.0,0.0,0,0,1,,0.938,2026-03-10T10:04:44.227750,fear,0.336,2026-03-10T10:04:43.161652,0.7167504383088493,2026-03-10T10:04:45.078000,64,,,
participant_04,3,day,Town10HD_Opt,2026-03-10 10:04:45.014491,108.0204086303711,-3.371577262878418,0.00199157721363,8.06,-9.492,0.0,0.0,0,0,1,,0.928,2026-03-10T10:04:45.014491,fear,0.336,2026-03-10T10:04:43.161652,0.7184723007296466,2026-03-10T10:04:45.078000,63,,,
participant_05,2,day,Town10HD_Opt,2026-03-10 10:04:45.022604,106.77525329589844,-46.37906646728516,0.0248505398631095,9.72,-11.441,0.0,0.0,0,0,1,,1.0,2026-03-10T10:04:45.022604,neutral,0.695,2026-03-10T10:04:44.002694,0.9342453210115386,2026-03-10T10:04:45.933000,74,,,
participant_05,2,day,Town10HD_Opt,2026-03-10 10:04:45.988885,106.73240661621094,-46.51335525512695,0.0367256551980972,0.013,-11.61,0.0,0.0,0,0,1,,1.0,2026-03-10T10:04:45.988885,neutral,0.695,2026-03-10T10:04:44.002694,0.99,2026-03-10T10:04:45.933000,75,,,
participant_04,3,day,Town10HD_Opt,2026-03-10 10:04:46.059303,108.21702575683594,-5.203818321228027,0.0017502974951639,11.211,-12.973,0.367,0.0,0,0,1,,0.816,2026-03-10T10:04:46.059303,sad,0.349,2026-03-10T10:04:46.059303,0.6417143471916231,2026-03-10T10:04:46.035000,65,,,
participant_04,3,day,Town10HD_Opt,2026-03-10 10:04:47.114513,108.03622436523438,-8.288372039794922,0.0017802810762077,16.174,-12.141,0.453,0.0,0,0,1,,1.0,2026-03-10T10:04:47.114513,sad,0.349,2026-03-10T10:04:46.059303,0.7320028393464985,2026-03-10T10:04:48.006000,66,,,
participant_05,2,day,Town10HD_Opt,2026-03-10 10:04:47.118671,-41.66875076293945,89.74507904052734,-0.0706437975168228,0.863,-10.499,0.0,0.0,0,0,0,,1.0,2026-03-10T10:04:47.118671,neutral,0.632,2026-03-10T10:04:47.118671,0.9803297714208618,2026-03-10T10:04:47.912000,74,,,
participant_04,3,day,Town10HD_Opt,2026-03-10 10:04:48.181311,107.18733215332033,-12.42805004119873,0.0019733046647161,20.006,-0.496,0.495,0.0,0,0,1,,0.815,2026-03-10T10:04:48.181311,sad,0.333,2026-03-10T10:04:48.181311,0.7244229423413108,2026-03-10T10:04:49.040000,67,,,
participant_05,2,day,Town10HD_Opt,2026-03-10 10:04:48.233079,-41.66885757446289,89.74560546875,0.0016922760987654,0.002,1.363,0.746,0.0,0,0,0,,1.0,2026-03-10T10:04:48.233079,neutral,0.632,2026-03-10T10:04:47.118671,0.99,2026-03-10T10:04:48.902000,73,,,
participant_05,2,day,Town10HD_Opt,2026-03-10 10:04:49.037516,-41.668212890625,88.78458404541016,0.0014388725394383,13.657,0.367,0.726,0.0,0,0,1,,1.0,2026-03-10T10:04:49.037516,neutral,0.632,2026-03-10T10:04:47.118671,0.9358521269047908,2026-03-10T10:04:48.902000,73,,,
participant_04,3,day,Town10HD_Opt,2026-03-10 10:04:49.234326,106.32906341552734,-17.463577270507812,0.0019612121395766,23.692,8.32,0.0,0.0,0,0,1,,1.0,2026-03-10T10:04:49.234326,sad,0.333,2026-03-10T10:04:48.181311,0.7259920907901538,2026-03-10T10:04:50.073000,68,,,
participant_04,3,day,Town10HD_Opt,2026-03-10 10:04:50.074311,106.4067153930664,-21.13263702392578,0.0022308730985969,17.995,11.885,0.0,0.0,0,0,1,,1.0,2026-03-10T10:04:50.074311,sad,0.333,2026-03-10T10:04:48.181311,0.6727446539870188,2026-03-10T10:04:50.073000,67,,,
participant_05,2,day,Town10HD_Opt,2026-03-10 10:04:50.109968,-41.647499084472656,84.77090454101562,0.0018525690538808,17.165,0.36,0.0,0.0,0,0,1,,1.0,2026-03-10T10:04:50.109968,disgust,0.784,2026-03-10T10:04:50.109968,0.9153079274066732,2026-03-10T10:04:50.928000,73,,,
participant_04,3,day,Town10HD_Opt,2026-03-10 10:04:51.145945,-41.6685676574707,89.74537658691406,-0.0547260269522666,0.906,14.239,0.0,0.0,0,0,0,,1.0,2026-03-10T10:04:51.145945,sad,0.32,2026-03-10T10:04:51.145945,0.7113697427496337,2026-03-10T10:04:51.026000,71,,,
participant_05,2,day,Town10HD_Opt,2026-03-10 10:04:51.148065,-41.59908676147461,81.3432388305664,0.002033308148384,12.104,1.648,0.0,0.0,0,0,1,,1.0,2026-03-10T10:04:51.148065,disgust,0.784,2026-03-10T10:04:50.109968,0.99,2026-03-10T10:04:51.918000,72,,,
participant_04,3,day,Town10HD_Opt,2026-03-10 10:04:52.101173,-41.66864776611328,89.7454833984375,0.0012951277894899,0.019,8.825,0.0,0.0,0,0,0,,1.0,2026-03-10T10:04:52.101173,sad,0.32,2026-03-10T10:04:51.145945,0.6929741361660448,2026-03-10T10:04:52.998000,77,,,
participant_05,2,day,Town10HD_Opt,2026-03-10 10:04:52.235277,-41.40237045288086,78.86808776855469,0.001847039326094,11.69,10.13,0.62,0.0,0,0,1,,1.0,2026-03-10T10:04:52.235277,neutral,0.646,2026-03-10T10:04:52.235277,0.961611492079883,2026-03-10T10:04:52.908000,71,,,
participant_04,3,day,Town10HD_Opt,2026-03-10 10:04:53.010883,-41.66864776611328,89.7454833984375,0.0019057082245126,0.0,1.869,0.0,0.0,0,0,0,,0.813,2026-03-10T10:04:53.010883,sad,0.32,2026-03-10T10:04:51.145945,0.7036172079640386,2026-03-10T10:04:52.998000,75,,,
participant_05,2,day,Town10HD_Opt,2026-03-10 10:04:53.110043,-40.7593002319336,76.3138427734375,0.0018752701580524,18.649,14.268,0.495,0.0,0,0,1,,1.0,2026-03-10T10:04:53.110043,neutral,0.646,2026-03-10T10:04:52.235277,0.99,2026-03-10T10:04:53.898000,72,,,
participant_05,2,day,Town10HD_Opt,2026-03-10 10:04:54.165304,-38.607452392578125,72.546875,0.001912840292789,17.567,22.753,0.0,0.0,0,0,1,,1.0,2026-03-10T10:04:54.165304,neutral,0.646,2026-03-10T10:04:52.235277,0.9579692816265564,2026-03-10T10:04:54.933000,71,,,
participant_04,3,day,Town10HD_Opt,2026-03-10 10:04:54.374330,-41.66864776611328,89.7454833984375,0.0019173049367964,0.0,0.757,0.0,0.0,0,0,0,,1.0,2026-03-10T10:04:54.374330,sad,0.419,2026-03-10T10:04:54.374330,0.6688029383715395,2026-03-10T10:04:55.023000,78,,,
participant_05,2,day,Town10HD_Opt,2026-03-10 10:04:55.027969,-36.41231155395508,70.97358703613281,0.0020777105819433,13.46,25.674,0.0,0.0,0,0,1,,1.0,2026-03-10T10:04:55.027969,neutral,0.987,2026-03-10T10:04:55.027969,0.99,2026-03-10T10:04:54.933000,71,,,
participant_04,3,day,Town10HD_Opt,2026-03-10 10:04:55.262184,-41.66864776611328,89.7454833984375,0.0019184494158253,0.0,1.14,0.0,0.0,0,0,0,,1.0,2026-03-10T10:04:55.262184,sad,0.419,2026-03-10T10:04:54.374330,0.6922819217183228,2026-03-10T10:04:56.013000,79,,,
participant_04,3,day,Town10HD_Opt,2026-03-10 10:04:56.141254,-41.66864776611328,89.7454833984375,0.0019184494158253,0.0,1.05,0.793,0.0,0,0,0,,1.0,2026-03-10T10:04:56.141254,sad,0.419,2026-03-10T10:04:54.374330,0.7389677707512353,2026-03-10T10:04:57.004000,78,,,
participant_05,2,day,Town10HD_Opt,2026-03-10 10:04:56.180632,-33.746219635009766,70.2314682006836,0.0018725210102275,12.788,22.028,0.545,0.0,0,0,1,phone_call,0.927,2026-03-10T10:04:56.180632,neutral,0.987,2026-03-10T10:04:55.027969,0.99,2026-03-10T10:04:56.913000,71,,,
participant_05,2,day,Town10HD_Opt,2026-03-10 10:04:57.022553,-31.143085479736328,70.19014739990234,0.0018917088164016,15.615,7.477,0.127,0.0,0,0,1,phone_call,0.827,2026-03-10T10:04:57.022553,neutral,0.987,2026-03-10T10:04:55.027969,0.9541648610306196,2026-03-10T10:04:57.902000,71,,,
participant_04,3,day,Town10HD_Opt,2026-03-10 10:04:57.037659,-41.66432189941406,88.24601745605469,0.0017567825270816,11.596,-0.402,0.0,0.0,0,0,1,,1.0,2026-03-10T10:04:57.037659,sad,0.405,2026-03-10T10:04:57.037659,0.6228528301398837,2026-03-10T10:04:57.004000,77,,,
participant_05,2,day,Town10HD_Opt,2026-03-10 10:04:58.145799,-27.72719383239746,70.13765716552734,0.0019377514254301,14.214,-2.304,0.392,0.0,0,0,1,,1.0,2026-03-10T10:04:58.145799,neutral,0.87,2026-03-10T10:04:58.145799,0.9613882340322863,2026-03-10T10:04:58.937000,71,,,
participant_04,3,day,Town10HD_Opt,2026-03-10 10:04:58.154563,-41.67994689941406,85.89611053466797,0.0020001220982521,7.326,-0.068,0.0,0.0,0,0,1,,0.8,2026-03-10T10:04:58.154563,sad,0.405,2026-03-10T10:04:57.037659,0.6852534700454858,2026-03-10T10:04:59.028000,73,,,
participant_05,2,day,Town10HD_Opt,2026-03-10 10:04:59.000118,-24.87954330444336,70.01594543457031,0.0020081351976841,18.547,0.522,0.527,0.0,0,0,1,,1.0,2026-03-10T10:04:59.000118,neutral,0.87,2026-03-10T10:04:58.145799,0.9615265790086966,2026-03-10T10:04:58.937000,71,,,
participant_04,3,day,Town10HD_Opt,2026-03-10 10:04:59.068308,-41.6850814819336,84.93653869628906,0.0019755936227738,4.519,0.352,0.0,0.0,0,0,1,,1.0,2026-03-10T10:04:59.068308,sad,0.43,2026-03-10T10:04:59.068308,0.7254420600864714,2026-03-10T10:04:59.028000,72,,,
participant_04,4,day,Town10HD_Opt,2026-03-10 10:15:00.000000,-41.66858673095703,89.7454833984375,0.580491840839386,17.368,5.893,0.498,0.0,0,0,1,,1.0,2026-03-10T10:15:00,,,2026-03-10T10:15:00,0.99,2026-03-10T10:15:00,66,,,
participant_05,3,day,Town10HD_Opt,2026-03-10 10:15:00.000000,-41.66535186767578,86.27053833007812,0.0019412230467423,19.387,0.233,0.642,0.0,0,0,1,,1.0,2026-03-10T10:15:00,,,2026-03-10T10:15:00,0.6422844848923387,2026-03-10T10:15:00,71,,,
participant_05,3,day,Town10HD_Opt,2026-03-10 10:15:00.384318,-41.65797805786133,85.08771514892578,0.0018870544154196,21.281,1.826,0.63,0.0,0,0,1,,1.0,2026-03-10T10:15:00,,,2026-03-10T10:15:00,0.612581098323958,2026-03-10T10:15:00,70,,,
participant_05,3,day,Town10HD_Opt,2026-03-10 10:15:01.324275,-41.36641693115234,80.80606079101562,0.0018410872435197,27.993,5.184,0.611,0.0,0,0,1,,1.0,2026-03-10T10:15:01.324275,,,2026-03-10T10:15:00,0.6774595270852218,2026-03-10T10:15:01.035000,69,,,
participant_05,3,day,Town10HD_Opt,2026-03-10 10:15:02.301318,-40.24771499633789,75.60498046875,0.0018962096655741,33.099,17.598,0.561,0.0,0,0,1,,1.0,2026-03-10T10:15:02.301318,neutral,0.927,2026-03-10T10:15:02.301318,0.6330411495745627,2026-03-10T10:15:02.114000,69,,,
participant_05,3,day,Town10HD_Opt,2026-03-10 10:15:03.315474,-36.69182968139648,70.90681457519531,0.0020344161894172,35.209,23.724,0.153,0.0,0,0,1,,1.0,2026-03-10T10:15:03.315474,neutral,0.927,2026-03-10T10:15:02.301318,0.6286054493033781,2026-03-10T10:15:03.018000,69,,,
participant_05,3,day,Town10HD_Opt,2026-03-10 10:15:04.284686,-31.47342872619629,69.204833984375,0.0023441696539521,27.652,14.643,0.0,0.0,0,0,1,,1.0,2026-03-10T10:15:04.284686,neutral,0.927,2026-03-10T10:15:02.301318,0.6287837454719721,2026-03-10T10:15:04.045000,69,,,
participant_04,4,day,Town10HD_Opt,2026-03-10 10:15:04.596357,-41.54966735839844,82.54132843017578,0.0018890762003138,17.463,6.955,0.542,0.0,0,0,1,,0.914,2026-03-10T10:15:04.596357,,,2026-03-10T10:15:04.596357,0.99,2026-03-10T10:15:04.951000,67,,,
participant_04,4,day,Town10HD_Opt,2026-03-10 10:15:05.250319,-41.26298904418945,80.43081665039062,0.0020692443940788,18.697,9.255,0.435,0.0,0,0,1,,1.0,2026-03-10T10:15:05.250319,,,2026-03-10T10:15:04.596357,0.99,2026-03-10T10:15:05.939000,67,,,
participant_05,3,day,Town10HD_Opt,2026-03-10 10:15:05.275974,-27.20983123779297,69.48440551757812,0.002263565082103,20.91,-2.998,0.016,0.0,0,0,1,,1.0,2026-03-10T10:15:05.275974,neutral,1.0,2026-03-10T10:15:05.275974,0.6376552072470343,2026-03-10T10:15:04.994000,69,,,
participant_04,4,day,Town10HD_Opt,2026-03-10 10:15:06.273604,-40.27951049804688,77.15275573730469,0.0019831084646284,20.804,14.229,0.443,0.0,0,0,1,,1.0,2026-03-10T10:15:06.273604,,,2026-03-10T10:15:04.596357,0.99,2026-03-10T10:15:06.929000,67,,,
participant_05,3,day,Town10HD_Opt,2026-03-10 10:15:06.311880,-23.904823303222656,69.66526794433594,0.0020949554163962,18.227,-1.201,0.535,0.0,0,0,1,,1.0,2026-03-10T10:15:06.311880,neutral,1.0,2026-03-10T10:15:05.275974,0.6248558420945057,2026-03-10T10:15:05.985000,69,,,
participant_04,4,day,Town10HD_Opt,2026-03-10 10:15:07.313584,-38.2166633605957,73.96195983886719,0.0020032881293445,23.022,18.124,0.438,0.0,0,0,1,,1.0,2026-03-10T10:15:07.313584,sad,0.376,2026-03-10T10:15:07.313584,0.9642440157552312,2026-03-10T10:15:07.966000,66,,,
participant_05,3,day,Town10HD_Opt,2026-03-10 10:15:07.328789,-20.395248413085938,69.803466796875,0.0018781280377879,22.938,-0.672,0.563,0.0,0,0,1,,1.0,2026-03-10T10:15:07.328789,sad,1.0,2026-03-10T10:15:07.328789,0.6075448355896493,2026-03-10T10:15:07.110000,67,,,
participant_04,4,day,Town10HD_Opt,2026-03-10 10:15:08.308681,-34.92461395263672,71.44326782226562,0.0020063780248165,24.934,14.82,0.439,0.0,0,0,1,,1.0,2026-03-10T10:15:08.308681,sad,0.376,2026-03-10T10:15:07.313584,0.99,2026-03-10T10:15:08.954000,70,,,
participant_05,3,day,Town10HD_Opt,2026-03-10 10:15:08.317031,-15.99593734741211,69.91316223144531,0.001895370427519,27.626,-1.166,0.525,0.0,0,0,1,,1.0,2026-03-10T10:15:08.317031,sad,1.0,2026-03-10T10:15:07.328789,0.6811623788512573,2026-03-10T10:15:07.965000,69,,,
participant_04,4,day,Town10HD_Opt,2026-03-10 10:15:08.989303,-32.199485778808594,70.29139709472656,0.0020013807807117,26.054,11.549,0.44,0.0,0,0,1,,1.0,2026-03-10T10:15:08.989303,sad,0.376,2026-03-10T10:15:07.313584,0.9748871707218266,2026-03-10T10:15:08.954000,68,,,
participant_05,3,day,Town10HD_Opt,2026-03-10 10:15:09.337526,-10.876935005187988,69.9230728149414,0.0019303893204778,31.125,-0.679,0.476,0.0,0,0,1,,1.0,2026-03-10T10:15:09.337526,neutral,0.999,2026-03-10T10:15:09.337526,0.6166311814766581,2026-03-10T10:15:09.134000,70,,,
participant_04,4,day,Town10HD_Opt,2026-03-10 10:15:09.991864,-27.59329605102539,69.37680053710938,0.0019981383811682,27.89,9.26,0.445,0.0,0,0,1,,1.0,2026-03-10T10:15:09.991864,neutral,0.564,2026-03-10T10:15:09.991864,0.9688420491269492,2026-03-10T10:15:09.944000,68,,,
participant_05,3,day,Town10HD_Opt,2026-03-10 10:15:10.069450,-7.2571234703063965,69.8839340209961,0.0020787429530173,30.254,-0.266,0.224,0.0,0,0,1,,1.0,2026-03-10T10:15:10.069450,neutral,0.999,2026-03-10T10:15:09.337526,0.6262539188383685,2026-03-10T10:15:10.124000,69,,,
participant_05,3,day,Town10HD_Opt,2026-03-10 10:15:11.071322,-2.2257204055786133,69.79931640625,0.0021475600078701,26.99,-0.266,0.211,0.0,0,0,1,,0.83,2026-03-10T10:15:11.071322,neutral,0.999,2026-03-10T10:15:09.337526,0.6587711866958283,2026-03-10T10:15:11.024000,70,,,
participant_04,4,day,Town10HD_Opt,2026-03-10 10:15:11.245534,-20.85529518127441,69.45277404785156,0.0019906996749341,30.021,-1.789,0.449,0.0,0,0,1,,0.805,2026-03-10T10:15:11.245534,neutral,0.564,2026-03-10T10:15:09.991864,0.839531932019222,2026-03-10T10:15:12.060000,70,,,
participant_05,3,day,Town10HD_Opt,2026-03-10 10:15:12.085005,2.245624542236328,69.69524383544922,0.002142600947991,23.871,-0.16,0.0,0.0,0,0,1,,1.0,2026-03-10T10:15:12.085005,neutral,1.0,2026-03-10T10:15:12.085005,0.664344633338506,2026-03-10T10:15:11.972000,71,,,
participant_04,4,day,Town10HD_Opt,2026-03-10 10:15:12.196807,-15.466806411743164,69.54310607910156,0.0019905089866369,31.692,-0.078,0.458,0.0,0,0,1,,1.0,2026-03-10T10:15:12.196807,neutral,0.698,2026-03-10T10:15:12.196807,0.930841840344352,2026-03-10T10:15:12.960000,72,,,
participant_04,4,day,Town10HD_Opt,2026-03-10 10:15:13.223375,-9.80248737335205,69.63310241699219,0.0019932554569095,33.22,0.202,0.46,0.0,0,0,1,,1.0,2026-03-10T10:15:13.223375,neutral,0.698,2026-03-10T10:15:12.196807,0.914812040518252,2026-03-10T10:15:13.950000,71,,,
participant_05,3,day,Town10HD_Opt,2026-03-10 10:15:13.318047,7.023569107055664,69.57662963867188,0.0019536209292709,16.974,0.237,0.114,0.0,0,0,1,,1.0,2026-03-10T10:15:13.318047,neutral,1.0,2026-03-10T10:15:12.085005,0.6258574609983739,2026-03-10T10:15:13.230000,69,,,
participant_04,4,day,Town10HD_Opt,2026-03-10 10:15:14.211477,-3.886039018630981,69.76625061035156,0.0020008848514407,34.528,-0.277,0.453,0.0,0,0,1,,1.0,2026-03-10T10:15:14.211477,sad,0.45,2026-03-10T10:15:14.211477,0.8827711035920374,2026-03-10T10:15:14.984000,71,,,
participant_05,3,day,Town10HD_Opt,2026-03-10 10:15:14.242884,10.104168891906738,69.5138931274414,0.0020735550206154,18.866,0.294,0.289,0.0,0,0,1,,1.0,2026-03-10T10:15:14.242884,neutral,0.983,2026-03-10T10:15:14.242884,0.7057942612566458,2026-03-10T10:15:13.948000,68,,,
participant_04,4,day,Town10HD_Opt,2026-03-10 10:15:15.136587,2.2331252098083496,69.85478973388672,0.0020135117229074,35.469,-0.407,0.443,0.0,0,0,1,,1.0,2026-03-10T10:15:15.136587,sad,0.45,2026-03-10T10:15:14.211477,0.7907443596512821,2026-03-10T10:15:15.929000,71,,,
participant_05,3,day,Town10HD_Opt,2026-03-10 10:15:15.303983,13.393377304077148,69.475341796875,0.0020882415119558,18.055,1.142,0.195,0.0,0,0,1,,1.0,2026-03-10T10:15:15.303983,neutral,0.983,2026-03-10T10:15:14.242884,0.7231017970857522,2026-03-10T10:15:15.007000,68,,,
participant_04,4,day,Town10HD_Opt,2026-03-10 10:15:16.057710,8.472309112548828,69.879150390625,0.0020519637037068,35.557,-0.256,0.331,0.0,0,0,1,,1.0,2026-03-10T10:15:16.057710,sad,0.45,2026-03-10T10:15:14.211477,0.9170221139150604,2026-03-10T10:15:15.929000,72,,,
participant_05,3,day,Town10HD_Opt,2026-03-10 10:15:16.292107,16.436073303222656,69.4974365234375,0.0020005034748464,15.276,0.693,0.0,0.0,0,0,1,,1.0,2026-03-10T10:15:16.292107,neutral,1.0,2026-03-10T10:15:16.292107,0.7347139768597062,2026-03-10T10:15:15.930000,69,,,
participant_04,4,day,Town10HD_Opt,2026-03-10 10:15:17.012557,14.31851577758789,69.86506652832031,0.0022694014478474,29.581,-0.031,0.0,0.0,0,0,1,,1.0,2026-03-10T10:15:17.012557,neutral,0.483,2026-03-10T10:15:17.012557,0.8311544507883117,2026-03-10T10:15:16.963000,68,,,
participant_05,3,day,Town10HD_Opt,2026-03-10 10:15:17.306689,18.85161399841309,69.5351333618164,0.0020231246016919,12.08,0.371,0.194,0.0,0,0,1,,1.0,2026-03-10T10:15:17.306689,neutral,1.0,2026-03-10T10:15:16.292107,0.7383423094689563,2026-03-10T10:15:17.504000,68,,,
participant_04,4,day,Town10HD_Opt,2026-03-10 10:15:18.228161,20.04996490478516,69.84040069580078,0.0023435209877789,17.344,-0.066,0.0,0.733,0,0,1,,1.0,2026-03-10T10:15:18.228161,neutral,0.483,2026-03-10T10:15:17.012557,0.7727644162465076,2026-03-10T10:15:18.944000,68,,,errors=Harsh braking
participant_05,3,day,Town10HD_Opt,2026-03-10 10:15:18.274109,20.88062286376953,69.57501983642578,0.0019981383811682,10.333,0.371,0.0,0.0,0,0,1,,1.0,2026-03-10T10:15:18.274109,neutral,1.0,2026-03-10T10:15:16.292107,0.7663257558713595,2026-03-10T10:15:18.179000,70,,,
participant_04,4,day,Town10HD_Opt,2026-03-10 10:15:19.210244,20.638139724731445,69.83722686767578,0.0020738600287586,0.0,-0.066,0.0,0.402,0,0,1,,1.0,2026-03-10T10:15:19.210244,sad,0.693,2026-03-10T10:15:19.210244,0.8177653860573445,2026-03-10T10:15:19.935000,66,,,
participant_05,3,day,Town10HD_Opt,2026-03-10 10:15:19.260863,22.475297927856445,69.61241149902344,0.002014274476096,7.534,0.371,0.0,0.059,0,0,1,,1.0,2026-03-10T10:15:19.260863,neutral,1.0,2026-03-10T10:15:19.260863,0.7995230993721516,2026-03-10T10:15:18.946000,68,,,
participant_04,4,day,Town10HD_Opt,2026-03-10 10:15:20.110226,20.63892364501953,69.83722686767578,0.0019251632038503,0.134,0.031,0.049,0.0,0,0,1,,1.0,2026-03-10T10:15:20.110226,sad,0.693,2026-03-10T10:15:19.210244,0.7640236008325727,2026-03-10T10:15:20.924000,66,,,
participant_05,3,day,Town10HD_Opt,2026-03-10 10:15:20.215405,23.56921768188477,69.64112091064453,0.002073211595416,0.0,0.371,0.0,0.053,0,0,1,,1.0,2026-03-10T10:15:20.215405,neutral,1.0,2026-03-10T10:15:19.260863,0.7803217058471053,2026-03-10T10:15:20.114000,71,,,
participant_04,4,day,Town10HD_Opt,2026-03-10 10:15:21.023864,20.83624267578125,69.83631896972656,0.0016885375371202,5.229,0.035,0.506,0.0,0,0,1,,1.0,2026-03-10T10:15:21.023864,sad,0.693,2026-03-10T10:15:19.210244,0.7992850038336131,2026-03-10T10:15:20.924000,66,,,
participant_05,3,day,Town10HD_Opt,2026-03-10 10:15:21.243761,23.58170890808105,69.64147186279297,0.0019443893106654,0.003,0.39,0.449,0.0,0,0,1,,1.0,2026-03-10T10:15:21.243761,neutral,1.0,2026-03-10T10:15:19.260863,0.8410242455483377,2026-03-10T10:15:21.330000,71,,,
participant_04,4,day,Town10HD_Opt,2026-03-10 10:15:22.006924,22.28901481628418,69.82879638671875,0.0016561889788135,12.681,0.005,0.585,0.0,0,0,1,,1.0,2026-03-10T10:15:22.006924,neutral,0.651,2026-03-10T10:15:22.006924,0.7504256401979137,2026-03-10T10:15:21.985000,65,,,
participant_05,3,day,Town10HD_Opt,2026-03-10 10:15:22.253246,24.15588760375977,69.65795135498047,0.0015340042300522,9.884,0.435,0.939,0.0,0,0,1,,1.0,2026-03-10T10:15:22.253246,neutral,1.0,2026-03-10T10:15:22.253246,0.8852790651100959,2026-03-10T10:15:22.409000,75,,,
participant_04,4,day,Town10HD_Opt,2026-03-10 10:15:23.050062,24.87323951721192,69.80355072021484,0.0018770217429846,15.486,-0.472,0.243,0.0,0,0,1,,0.909,2026-03-10T10:15:23.050062,neutral,0.651,2026-03-10T10:15:22.006924,0.8142826793907546,2026-03-10T10:15:22.950000,65,,,errors=Stop sign violation
participant_05,3,day,Town10HD_Opt,2026-03-10 10:15:23.264736,26.955411911010746,69.74398803710938,0.0018121337052434,21.674,-1.892,0.83,0.0,0,0,1,,1.0,2026-03-10T10:15:23.264736,neutral,1.0,2026-03-10T10:15:22.253246,0.8886498310855769,2026-03-10T10:15:23.130000,76,,,
participant_05,3,day,Town10HD_Opt,2026-03-10 10:15:24.245459,31.4995231628418,69.52024841308594,0.0017820739885792,30.527,-11.921,0.628,0.0,0,0,1,,1.0,2026-03-10T10:15:24.245459,neutral,1.0,2026-03-10T10:15:22.253246,0.8293609126411579,2026-03-10T10:15:23.985000,74,,,
participant_04,4,day,Town10HD_Opt,2026-03-10 10:15:24.279189,28.60444068908692,69.51759338378906,0.0018678283086046,17.167,-10.072,0.345,0.0,0,0,1,,0.866,2026-03-10T10:15:24.279189,neutral,0.898,2026-03-10T10:15:24.279189,0.8132557087756348,2026-03-10T10:15:24.929000,70,,,
participant_04,4,day,Town10HD_Opt,2026-03-10 10:15:25.218205,31.63533401489257,68.70865631103516,0.0020627593621611,18.541,-10.732,0.463,0.0,0,0,1,,0.908,2026-03-10T10:15:25.218205,neutral,0.898,2026-03-10T10:15:24.279189,0.763509080102592,2026-03-10T10:15:25.964000,71,,,
participant_05,3,day,Town10HD_Opt,2026-03-10 10:15:25.271707,36.88298797607422,67.65276336669922,0.0019435500726103,34.725,-13.083,0.427,0.0,0,0,1,,1.0,2026-03-10T10:15:25.271707,neutral,0.995,2026-03-10T10:15:25.271707,0.8681583144012374,2026-03-10T10:15:25.020000,73,,,
participant_04,4,day,Town10HD_Opt,2026-03-10 10:15:26.133554,34.810977935791016,67.28688049316406,0.00195690151304,21.513,-9.2,0.465,0.0,0,0,1,,0.875,2026-03-10T10:15:26.133554,neutral,0.898,2026-03-10T10:15:24.279189,0.7877267245466746,2026-03-10T10:15:26.954000,67,,,
participant_05,3,day,Town10HD_Opt,2026-03-10 10:15:26.258413,41.60848236083984,63.90972137451172,0.0021011352073401,33.946,-11.989,0.323,0.0,0,0,1,,0.836,2026-03-10T10:15:26.258413,neutral,0.995,2026-03-10T10:15:25.271707,0.8818311656733937,2026-03-10T10:15:26.144000,73,,,
participant_04,4,day,Town10HD_Opt,2026-03-10 10:15:27.028021,38.11806488037109,65.07060241699219,0.0019610975868999,24.301,-9.143,0.468,0.0,0,0,1,,1.0,2026-03-10T10:15:27.028021,neutral,0.986,2026-03-10T10:15:27.028021,0.7806440953352544,2026-03-10T10:15:26.954000,67,,,
participant_05,3,day,Town10HD_Opt,2026-03-10 10:15:27.226846,44.38484191894531,59.246952056884766,0.0023240661248564,27.267,-18.651,0.0,0.0,0,0,1,,1.0,2026-03-10T10:15:27.226846,neutral,0.995,2026-03-10T10:15:25.271707,0.7709466820817028,2026-03-10T10:15:26.954000,73,,,
participant_04,4,day,Town10HD_Opt,2026-03-10 10:15:27.995503,41.21527862548828,61.89910888671875,0.0019814299885183,26.677,-12.033,0.46,0.0,0,0,1,,1.0,2026-03-10T10:15:27.995503,neutral,0.986,2026-03-10T10:15:27.028021,0.7766325722633836,2026-03-10T10:15:27.944000,65,,,
participant_05,3,day,Town10HD_Opt,2026-03-10 10:15:28.206417,44.93974685668945,55.08843994140625,0.0022761535365134,20.563,-12.277,0.0,0.0,0,0,1,,1.0,2026-03-10T10:15:28.206417,neutral,0.903,2026-03-10T10:15:28.206417,0.7902555717495028,2026-03-10T10:15:27.945000,74,,,
participant_05,3,day,Town10HD_Opt,2026-03-10 10:15:29.196134,44.639408111572266,51.92240905761719,0.0020082474220544,15.839,-3.32,0.0,0.0,0,0,1,,1.0,2026-03-10T10:15:29.196134,neutral,0.903,2026-03-10T10:15:28.206417,0.6540825849845843,2026-03-10T10:15:28.979000,73,,,
participant_04,4,day,Town10HD_Opt,2026-03-10 10:15:29.285469,43.95367431640625,56.09437942504883,0.0020197294652462,28.698,-12.565,0.421,0.0,0,0,1,,1.0,2026-03-10T10:15:29.285469,sad,0.687,2026-03-10T10:15:29.285469,0.7341177073418724,2026-03-10T10:15:29.923000,65,,,
participant_05,3,day,Town10HD_Opt,2026-03-10 10:15:30.188052,44.33828353881836,49.47758102416992,0.0019464110955595,12.122,1.318,0.0,0.0,0,0,1,,1.0,2026-03-10T10:15:30.188052,neutral,0.903,2026-03-10T10:15:28.206417,0.6782691143649363,2026-03-10T10:15:29.975000,73,,,
participant_04,4,day,Town10HD_Opt,2026-03-10 10:15:30.246844,44.4636116027832,51.23710632324219,0.002201538067311,25.495,-6.144,0.0,0.0,0,0,1,,0.838,2026-03-10T10:15:30.246844,sad,0.687,2026-03-10T10:15:29.285469,0.7397430915665528,2026-03-10T10:15:31.049000,64,,,
participant_05,3,day,Town10HD_Opt,2026-03-10 10:15:31.146027,44.15442657470703,47.59818649291992,0.0020068739540874,9.263,1.782,0.0,0.003,0,0,1,,1.0,2026-03-10T10:15:31.146027,neutral,1.0,2026-03-10T10:15:31.146027,0.7252398246655568,2026-03-10T10:15:30.962000,71,,,
participant_04,4,day,Town10HD_Opt,2026-03-10 10:15:31.194536,44.32789611816406,47.281131744384766,0.0022337341215461,19.717,-0.482,0.173,0.0,0,0,1,,0.872,2026-03-10T10:15:31.194536,sad,0.687,2026-03-10T10:15:29.285469,0.7662252756347917,2026-03-10T10:15:31.949000,64,,,
participant_05,3,day,Town10HD_Opt,2026-03-10 10:15:32.091757,44.04210662841797,46.19367599487305,0.0019876861479133,6.605,1.845,0.0,0.041,0,0,1,,1.0,2026-03-10T10:15:32.091757,neutral,1.0,2026-03-10T10:15:31.146027,0.6723256609914804,2026-03-10T10:15:31.949000,72,,,
participant_04,4,day,Town10HD_Opt,2026-03-10 10:15:32.121290,44.21094512939453,44.06631851196289,0.002022094791755,18.158,2.313,0.274,0.0,0,0,1,,1.0,2026-03-10T10:15:32.121290,neutral,0.832,2026-03-10T10:15:32.121290,0.7843894224448461,2026-03-10T10:15:32.940000,65,,,
participant_04,4,day,Town10HD_Opt,2026-03-10 10:15:33.048654,44.25459289550781,40.90121841430664,0.0020462034735828,18.013,5.096,0.364,0.0,0,0,1,,0.833,2026-03-10T10:15:33.048654,neutral,0.832,2026-03-10T10:15:32.121290,0.7462932748654586,2026-03-10T10:15:32.940000,64,,,
participant_05,3,day,Town10HD_Opt,2026-03-10 10:15:33.283528,43.95505142211914,44.85466384887695,0.0019642256665974,4.775,1.711,0.0,0.0,0,0,1,,1.0,2026-03-10T10:15:33.283528,neutral,0.999,2026-03-10T10:15:33.283528,0.7851630652811139,2026-03-10T10:15:32.985000,70,,,
participant_05,3,day,Town10HD_Opt,2026-03-10 10:15:34.235547,43.91059875488281,44.11468505859375,0.0019657134544104,3.424,0.907,0.2,0.0,0,0,1,,1.0,2026-03-10T10:15:34.235547,neutral,0.999,2026-03-10T10:15:33.283528,0.7285101709840781,2026-03-10T10:15:34.019000,69,,,
participant_04,4,day,Town10HD_Opt,2026-03-10 10:15:34.266133,44.99347686767578,36.73442077636719,0.002047843998298,18.415,17.316,0.346,0.0,0,0,1,,0.907,2026-03-10T10:15:34.266133,neutral,0.636,2026-03-10T10:15:34.266133,0.7822141943846296,2026-03-10T10:15:34.964000,69,,,
participant_05,3,day,Town10HD_Opt,2026-03-10 10:15:35.180458,43.84703063964844,43.00678253173828,0.0015094756381586,13.203,1.168,0.973,0.0,0,0,1,,1.0,2026-03-10T10:15:35.180458,neutral,0.999,2026-03-10T10:15:33.283528,0.7432282493665412,2026-03-10T10:15:34.965000,69,,,
participant_04,4,day,Town10HD_Opt,2026-03-10 10:15:35.191811,46.5230598449707,33.87454605102539,0.0020481490064412,18.889,16.893,0.347,0.0,0,0,1,,0.811,2026-03-10T10:15:35.191811,neutral,0.636,2026-03-10T10:15:34.266133,0.6900621587748442,2026-03-10T10:15:35.999000,66,,,
participant_04,4,day,Town10HD_Opt,2026-03-10 10:15:36.077497,48.833641052246094,31.486366271972656,0.0020538328681141,19.251,16.893,0.334,0.0,0,0,1,,1.0,2026-03-10T10:15:36.077497,neutral,0.636,2026-03-10T10:15:34.266133,0.7817523886315944,2026-03-10T10:15:35.999000,68,,,
participant_05,3,day,Town10HD_Opt,2026-03-10 10:15:36.274200,43.7495346069336,39.67432022094727,0.001706504728645,25.368,8.186,0.795,0.0,0,0,1,,1.0,2026-03-10T10:15:36.274200,neutral,1.0,2026-03-10T10:15:36.274200,0.7034339272457925,2026-03-10T10:15:35.955000,68,,,
participant_04,4,day,Town10HD_Opt,2026-03-10 10:15:36.991868,51.7559700012207,29.816085815429688,0.0020598219707608,19.404,16.488,0.329,0.0,0,0,1,,1.0,2026-03-10T10:15:36.991868,neutral,0.442,2026-03-10T10:15:36.991868,0.7847209077523999,2026-03-10T10:15:37.034000,70,,,
participant_05,3,day,Town10HD_Opt,2026-03-10 10:15:37.224926,44.67400741577149,34.53936004638672,0.0017687606159597,34.462,15.103,0.661,0.0,0,0,1,,1.0,2026-03-10T10:15:37.224926,neutral,1.0,2026-03-10T10:15:36.274200,0.6644666626976699,2026-03-10T10:15:37.125000,68,,,
participant_05,3,day,Town10HD_Opt,2026-03-10 10:15:38.201190,48.05628204345703,29.36823463439941,0.002171134809032,34.359,16.515,0.0,0.0,0,0,1,,1.0,2026-03-10T10:15:38.201190,neutral,1.0,2026-03-10T10:15:36.274200,0.6698425722052207,2026-03-10T10:15:37.934000,69,,,
participant_04,4,day,Town10HD_Opt,2026-03-10 10:15:38.220105,55.995262145996094,28.44948005676269,0.0019714736845344,18.072,-1.732,0.209,0.0,0,0,1,,1.0,2026-03-10T10:15:38.220105,neutral,0.442,2026-03-10T10:15:36.991868,0.8143855170771466,2026-03-10T10:15:38.924000,70,,,
participant_04,4,day,Town10HD_Opt,2026-03-10 10:15:39.135933,58.94988250732422,27.492570877075195,0.0019462204072624,16.264,2.487,0.0,0.0,0,0,1,,0.896,2026-03-10T10:15:39.135933,neutral,0.933,2026-03-10T10:15:39.135933,0.8385431969264477,2026-03-10T10:15:39.959000,71,,,
participant_05,3,day,Town10HD_Opt,2026-03-10 10:15:39.145409,52.55647277832031,26.70188331604004,0.0023290251847356,25.927,13.804,0.0,0.0,0,0,1,,1.0,2026-03-10T10:15:39.145409,neutral,0.995,2026-03-10T10:15:39.145409,0.6857702026772703,2026-03-10T10:15:39.015000,68,,,
participant_04,4,day,Town10HD_Opt,2026-03-10 10:15:40.054029,61.39057540893555,26.81616401672364,0.0020372390281409,12.664,3.146,0.0,0.0,0,0,1,,0.941,2026-03-10T10:15:40.054029,neutral,0.933,2026-03-10T10:15:39.135933,0.8090121043114386,2026-03-10T10:15:39.959000,71,,,
participant_05,3,day,Town10HD_Opt,2026-03-10 10:15:40.124940,56.49067687988281,25.900081634521484,0.0022083281073719,20.696,9.887,0.263,0.0,0,0,1,,1.0,2026-03-10T10:15:40.124940,neutral,0.995,2026-03-10T10:15:39.145409,0.6350783699558554,2026-03-10T10:15:40.004000,68,,,
participant_05,3,day,Town10HD_Opt,2026-03-10 10:15:41.078469,59.89984893798828,25.687084197998047,0.0021400833502411,18.059,0.508,0.112,0.0,0,0,1,,1.0,2026-03-10T10:15:41.078469,neutral,0.995,2026-03-10T10:15:39.145409,0.6734426631613039,2026-03-10T10:15:40.995000,68,,,
participant_04,4,day,Town10HD_Opt,2026-03-10 10:15:41.260214,63.82151794433594,26.304874420166016,0.0020045852288603,8.77,7.247,0.0,0.0,0,0,1,,1.0,2026-03-10T10:15:41.260214,neutral,0.704,2026-03-10T10:15:41.260214,0.8535330820338868,2026-03-10T10:15:41.939000,69,,,
participant_04,4,day,Town10HD_Opt,2026-03-10 10:15:42.152054,65.1761703491211,26.1357364654541,0.0019842146430164,6.736,7.149,0.0,0.0,0,0,1,,0.937,2026-03-10T10:15:42.152054,neutral,0.704,2026-03-10T10:15:41.260214,0.7804650733904429,2026-03-10T10:15:42.930000,69,,,
participant_05,3,day,Town10HD_Opt,2026-03-10 10:15:42.354191,64.0566177368164,25.53989601135254,0.0019447326194494,16.813,0.289,0.0,0.0,0,0,1,,0.81,2026-03-10T10:15:42.354191,neutral,0.999,2026-03-10T10:15:42.354191,0.6600515822604015,2026-03-10T10:15:41.985000,70,,,
participant_04,4,day,Town10HD_Opt,2026-03-10 10:15:43.099221,66.02046966552734,26.063663482666016,0.0023197173140943,0.001,4.789,0.0,0.273,0,0,1,,1.0,2026-03-10T10:15:43.099221,neutral,0.704,2026-03-10T10:15:41.260214,0.7834881985507728,2026-03-10T10:15:42.930000,68,,,
participant_05,3,day,Town10HD_Opt,2026-03-10 10:15:43.300409,66.62977600097656,25.465951919555664,0.0020747375674545,12.308,-1.003,0.0,0.223,0,0,1,,1.0,2026-03-10T10:15:43.300409,neutral,0.999,2026-03-10T10:15:42.354191,0.6177942356497995,2026-03-10T10:15:43.110000,68,,,
participant_05,3,day,Town10HD_Opt,2026-03-10 10:15:44.208710,68.38098907470703,25.39192771911621,0.0020481108222156,7.635,-0.989,0.0,0.143,0,0,1,,1.0,2026-03-10T10:15:44.208710,neutral,0.999,2026-03-10T10:15:42.354191,0.529569580011536,2026-03-10T10:15:43.967000,68,,,
participant_04,4,day,Town10HD_Opt,2026-03-10 10:15:44.279436,66.02099609375,26.063663482666016,0.0019242477137595,0.001,3.431,0.0,0.0,0,0,1,,0.801,2026-03-10T10:15:44.279436,sad,0.463,2026-03-10T10:15:44.279436,0.8139035998056957,2026-03-10T10:15:44.955000,65,,,
participant_05,3,day,Town10HD_Opt,2026-03-10 10:15:45.157838,69.39667510986328,25.342697143554688,0.0023704909253865,0.0,-0.642,0.0,0.102,0,0,1,,1.0,2026-03-10T10:15:45.157838,neutral,1.0,2026-03-10T10:15:45.157838,0.6561863808388543,2026-03-10T10:15:45.002000,66,,,
participant_04,4,day,Town10HD_Opt,2026-03-10 10:15:45.227900,66.02100372314453,26.06364250183105,0.0019198226509615,0.0,3.401,0.0,0.0,0,0,1,,0.881,2026-03-10T10:15:45.227900,sad,0.463,2026-03-10T10:15:44.279436,0.7773617970440494,2026-03-10T10:15:45.989000,64,,,
participant_05,3,day,Town10HD_Opt,2026-03-10 10:15:46.063167,69.39720916748047,25.342660903930664,0.001938018715009,0.0,-0.392,0.0,0.009,0,0,1,,1.0,2026-03-10T10:15:46.063167,neutral,1.0,2026-03-10T10:15:45.157838,0.5650880692246353,2026-03-10T10:15:46.304000,68,,,
participant_04,4,day,Town10HD_Opt,2026-03-10 10:15:46.116677,66.02100372314453,26.06364250183105,0.0019190978491678,0.0,0.106,0.0,0.0,0,0,1,,0.897,2026-03-10T10:15:46.116677,sad,0.463,2026-03-10T10:15:44.279436,0.768399493626445,2026-03-10T10:15:45.989000,64,,,
participant_04,4,day,Town10HD_Opt,2026-03-10 10:15:47.017803,66.02100372314453,26.063661575317383,0.0019189452286809,0.0,0.55,0.0,0.0,0,0,1,,0.873,2026-03-10T10:15:47.017803,neutral,0.612,2026-03-10T10:15:47.017803,0.8366050160100146,2026-03-10T10:15:46.985000,64,,,
participant_05,3,day,Town10HD_Opt,2026-03-10 10:15:47.076632,69.39728546142578,25.342660903930664,0.0019204712007194,0.0,1.011,0.0,0.0,0,0,1,,1.0,2026-03-10T10:15:47.076632,neutral,1.0,2026-03-10T10:15:45.157838,0.6569660494310574,2026-03-10T10:15:47.026000,70,,,
participant_04,4,day,Town10HD_Opt,2026-03-10 10:15:48.227388,66.02100372314453,26.063661575317383,0.0019191741012036,0.0,0.517,0.0,0.0,0,0,1,,0.83,2026-03-10T10:15:48.227388,neutral,0.612,2026-03-10T10:15:47.017803,0.770584444992486,2026-03-10T10:15:48.960000,65,,,
participant_05,3,day,Town10HD_Opt,2026-03-10 10:15:48.257850,69.3970947265625,25.34382057189941,0.0028397368732839,0.023,0.663,0.0,0.0,0,0,1,,1.0,2026-03-10T10:15:48.257850,neutral,0.999,2026-03-10T10:15:48.257850,0.5646964113463037,2026-03-10T10:15:48.061000,71,,,errors=Vehicle collision
participant_04,4,day,Town10HD_Opt,2026-03-10 10:15:49.115303,66.02100372314453,26.063661575317383,0.0019189834129065,0.0,0.444,0.0,0.0,0,0,1,,1.0,2026-03-10T10:15:49.115303,sad,0.718,2026-03-10T10:15:49.115303,0.7680260373578877,2026-03-10T10:15:48.960000,64,,,
participant_05,3,day,Town10HD_Opt,2026-03-10 10:15:49.237798,69.39639282226562,25.34478759765625,0.0057052229531109,0.005,0.653,0.0,0.0,0,0,1,,1.0,2026-03-10T10:15:49.237798,neutral,0.999,2026-03-10T10:15:48.257850,0.5081967804229336,2026-03-10T10:15:49.232000,71,,,
participant_04,4,day,Town10HD_Opt,2026-03-10 10:15:49.993943,66.02100372314453,26.06364250183105,0.0019190596649423,0.0,0.444,0.0,0.0,0,0,1,,1.0,2026-03-10T10:15:49.993943,sad,0.718,2026-03-10T10:15:49.115303,0.6880654967603226,2026-03-10T10:15:49.995000,65,,,
participant_05,3,day,Town10HD_Opt,2026-03-10 10:15:50.168104,69.86164093017578,25.30793190002441,0.0032794189173728,6.848,0.653,0.806,0.0,0,0,1,,0.832,2026-03-10T10:15:50.168104,neutral,0.999,2026-03-10T10:15:48.257850,0.5125078585521361,2026-03-10T10:15:50.130000,71,,,
participant_04,4,day,Town10HD_Opt,2026-03-10 10:15:51.112766,66.02100372314453,26.063661575317383,0.0019189834129065,0.0,0.503,0.0,0.0,0,0,1,,0.921,2026-03-10T10:15:51.112766,sad,0.718,2026-03-10T10:15:49.115303,0.701385073204795,2026-03-10T10:15:51.929000,67,,,
participant_05,3,day,Town10HD_Opt,2026-03-10 10:15:51.153675,71.74654388427734,25.164213180541992,0.0025133132003247,15.501,0.653,0.979,0.0,0,0,1,,0.838,2026-03-10T10:15:51.153675,neutral,0.999,2026-03-10T10:15:51.153675,0.3938235628090715,2026-03-10T10:15:51.349000,71,,,errors=Vehicle collision
participant_05,3,day,Town10HD_Opt,2026-03-10 10:15:52.137152,75.00212860107422,24.92348289489746,0.0019242477137595,21.831,0.653,0.968,0.0,0,0,1,,0.839,2026-03-10T10:15:52.137152,neutral,0.999,2026-03-10T10:15:51.153675,0.4856406796216546,2026-03-10T10:15:52.471000,72,,,
participant_04,4,day,Town10HD_Opt,2026-03-10 10:15:52.220184,66.02100372314453,26.063661575317383,0.0019189834129065,0.0,0.503,0.0,0.0,0,0,1,,0.881,2026-03-10T10:15:52.220184,neutral,0.467,2026-03-10T10:15:52.220184,0.6269279772298486,2026-03-10T10:15:53.012000,66,,,
participant_04,4,day,Town10HD_Opt,2026-03-10 10:15:53.077146,66.02100372314453,26.06364250183105,0.001919021597132,0.0,0.771,0.0,0.0,0,0,1,,1.0,2026-03-10T10:15:53.077146,neutral,0.467,2026-03-10T10:15:52.220184,0.584050195045966,2026-03-10T10:15:53.012000,67,,,
participant_05,3,day,Town10HD_Opt,2026-03-10 10:15:53.084250,79.49284362792969,24.77812767028809,0.002403526334092,31.286,0.86,0.867,0.0,0,0,1,,1.0,2026-03-10T10:15:53.084250,neutral,0.999,2026-03-10T10:15:51.153675,0.520272632993395,2026-03-10T10:15:53.505000,70,Red light violation,Red light violation,
participant_04,4,day,Town10HD_Opt,2026-03-10 10:15:54.183531,66.02100372314453,26.06364250183105,0.0019190596649423,0.0,0.869,0.0,0.0,0,0,1,,0.877,2026-03-10T10:15:54.183531,neutral,0.467,2026-03-10T10:15:52.220184,0.5815134622131417,2026-03-10T10:15:54.945000,65,,,
participant_05,3,day,Town10HD_Opt,2026-03-10 10:15:54.301795,87.08245086669922,25.15501976013184,0.0022357939742505,28.847,-2.97,0.118,0.0,0,0,1,,1.0,2026-03-10T10:15:54.301795,neutral,1.0,2026-03-10T10:15:54.301795,0.3090256445384808,2026-03-10T10:15:54.134000,70,,,
participant_04,4,day,Town10HD_Opt,2026-03-10 10:15:55.047009,66.02100372314453,26.06364250183105,0.001919021597132,0.0,0.877,0.0,0.0,0,0,1,,0.828,2026-03-10T10:15:55.047009,sad,0.442,2026-03-10T10:15:55.047009,0.5056739163250202,2026-03-10T10:15:54.945000,66,,,
participant_05,3,day,Town10HD_Opt,2026-03-10 10:15:55.272863,91.775634765625,24.97013664245605,0.0021313475444912,25.499,-11.0,0.296,0.0,0,0,1,,1.0,2026-03-10T10:15:55.272863,neutral,1.0,2026-03-10T10:15:54.301795,0.3560986230991876,2026-03-10T10:15:54.945000,71,,,
participant_05,3,day,Town10HD_Opt,2026-03-10 10:15:56.209335,95.89057159423828,23.66517448425293,0.0021012115757912,24.328,-16.99,0.356,0.0,0,0,1,,1.0,2026-03-10T10:15:56.209335,neutral,1.0,2026-03-10T10:15:54.301795,0.3413814585805549,2026-03-10T10:15:56.025000,68,,,
participant_04,4,day,Town10HD_Opt,2026-03-10 10:15:56.209984,66.02100372314453,26.06364250183105,0.001919021597132,0.0,0.877,0.0,0.0,0,0,1,,0.851,2026-03-10T10:15:56.209984,sad,0.442,2026-03-10T10:15:55.047009,0.4423301699024936,2026-03-10T10:15:56.970000,67,,,
participant_04,4,day,Town10HD_Opt,2026-03-10 10:15:57.075275,66.02100372314453,26.063661575317383,0.0019189452286809,0.0,0.879,0.0,0.0,0,0,1,,1.0,2026-03-10T10:15:57.075275,sad,0.55,2026-03-10T10:15:57.075275,0.4664324976260896,2026-03-10T10:15:56.970000,65,,,
participant_05,3,day,Town10HD_Opt,2026-03-10 10:15:57.157569,99.30176544189452,21.14289093017578,0.0020570755004882,24.395,-10.562,0.35,0.0,0,0,1,,1.0,2026-03-10T10:15:57.157569,neutral,1.0,2026-03-10T10:15:57.157569,0.3686041286587385,2026-03-10T10:15:56.971000,68,,,
participant_04,4,day,Town10HD_Opt,2026-03-10 10:15:58.250933,66.02100372314453,26.063661575317383,0.0019191360333934,0.0,0.942,0.0,0.0,0,0,1,,0.886,2026-03-10T10:15:58.250933,sad,0.55,2026-03-10T10:15:57.075275,0.5286977152467346,2026-03-10T10:15:58.950000,67,,,
participant_05,3,day,Town10HD_Opt,2026-03-10 10:15:58.347450,102.86038208007812,16.732927322387695,0.0046013640239834,24.342,-8.582,0.339,0.0,0,0,1,,1.0,2026-03-10T10:15:58.347450,neutral,1.0,2026-03-10T10:15:57.157569,0.4038340104588374,2026-03-10T10:15:57.960000,67,,,
participant_04,4,day,Town10HD_Opt,2026-03-10 10:15:59.126604,66.1781997680664,26.04676055908203,0.0017108535394072,4.504,1.622,0.889,0.0,0,0,1,,1.0,2026-03-10T10:15:59.126604,neutral,0.636,2026-03-10T10:15:59.126604,0.6002801672114452,2026-03-10T10:15:59.940000,68,,,
participant_05,3,day,Town10HD_Opt,2026-03-10 10:15:59.289115,104.6259765625,12.89680004119873,0.0019021987682208,25.033,-12.604,0.821,0.0,0,0,1,,1.0,2026-03-10T10:15:59.289115,neutral,1.0,2026-03-10T10:15:59.289115,0.3339102683960385,2026-03-10T10:15:59.175000,66,,,
participant_04,4,day,Town10HD_Opt,2026-03-10 10:16:00.026776,67.97218322753906,25.887863159179688,0.0015977477887645,15.74,1.389,0.581,0.0,0,0,1,,1.0,2026-03-10T10:16:00.026776,neutral,0.636,2026-03-10T10:15:59.126604,0.5511485516358967,2026-03-10T10:15:59.940000,65,,,
participant_05,3,day,Town10HD_Opt,2026-03-10 10:16:00.297836,105.67321014404295,7.714914321899414,0.0015982437180355,37.89,-3.714,1.0,0.0,0,0,1,,1.0,2026-03-10T10:16:00.297836,neutral,1.0,2026-03-10T10:15:59.289115,0.403266656460837,2026-03-10T10:16:00.030000,68,,,
participant_04,4,day,Town10HD_Opt,2026-03-10 10:16:01.180207,72.05618286132812,25.52631378173828,0.0019005584763363,16.667,0.085,0.0,0.0,0,0,1,,1.0,2026-03-10T10:16:01.180207,happy,0.842,2026-03-10T10:16:01.180207,0.5345370382035979,2026-03-10T10:16:01.965000,71,,,
participant_05,3,day,Town10HD_Opt,2026-03-10 10:16:01.275347,106.33106231689452,-0.0457124710083007,0.0015618514735251,52.606,-1.92,0.0,0.229,0,0,1,,1.0,2026-03-10T10:16:01.275347,neutral,1.0,2026-03-10T10:15:59.289115,0.3214122825676024,2026-03-10T10:16:00.930000,67,,,
participant_04,4,day,Town10HD_Opt,2026-03-10 10:16:02.053505,74.64405822753906,25.302528381347656,0.0020384597592055,12.802,1.058,0.0,0.0,0,0,1,,0.846,2026-03-10T10:16:02.053505,happy,0.842,2026-03-10T10:16:01.180207,0.591401838254045,2026-03-10T10:16:01.965000,69,,,
participant_05,3,day,Town10HD_Opt,2026-03-10 10:16:02.269703,106.4570770263672,-8.872549057006836,0.0019998550415039,50.751,0.282,0.0,0.0,0,0,1,,1.0,2026-03-10T10:16:02.269703,neutral,1.0,2026-03-10T10:16:02.269703,0.3386519362440651,2026-03-10T10:16:01.965000,68,,,
participant_04,4,day,Town10HD_Opt,2026-03-10 10:16:03.246710,77.25318908691406,25.147111892700195,0.0019261168781667,10.684,5.03,0.232,0.0,0,0,1,,1.0,2026-03-10T10:16:03.246710,neutral,0.422,2026-03-10T10:16:03.246710,0.5890464417514071,2026-03-10T10:16:03.945000,72,,,
participant_05,3,day,Town10HD_Opt,2026-03-10 10:16:03.254132,106.50524139404295,-17.644548416137695,0.0020127487368881,50.491,-1.528,0.83,0.0,0,0,1,,0.829,2026-03-10T10:16:03.254132,neutral,1.0,2026-03-10T10:16:02.269703,0.3377244061386261,2026-03-10T10:16:03.180000,70,,,
participant_05,3,day,Town10HD_Opt,2026-03-10 10:16:04.134200,106.2239227294922,-26.39268684387207,0.002062072744593,49.727,-2.076,0.809,0.0,0,0,1,,1.0,2026-03-10T10:16:04.134200,neutral,1.0,2026-03-10T10:16:02.269703,0.3764069748124194,2026-03-10T10:16:03.946000,71,,,
participant_04,4,day,Town10HD_Opt,2026-03-10 10:16:04.155708,79.11957550048828,25.1379508972168,0.0019788742065429,9.709,-3.573,0.0,0.0,0,0,1,,1.0,2026-03-10T10:16:04.155708,neutral,0.422,2026-03-10T10:16:03.246710,0.6445966938392669,2026-03-10T10:16:04.936000,71,,,
participant_04,4,day,Town10HD_Opt,2026-03-10 10:16:05.120682,80.8196792602539,25.06694793701172,0.0018489836947992,10.969,-0.423,0.435,0.0,0,0,1,,0.837,2026-03-10T10:16:05.120682,neutral,0.422,2026-03-10T10:16:03.246710,0.675528424247142,2026-03-10T10:16:05.925000,70,,,
participant_05,3,day,Town10HD_Opt,2026-03-10 10:16:05.338449,104.35431671142578,-37.8341064453125,0.0019577406346797,50.687,-7.663,0.788,0.0,0,0,1,,1.0,2026-03-10T10:16:05.338449,neutral,1.0,2026-03-10T10:16:05.338449,0.3107021411678078,2026-03-10T10:16:05.115000,67,,,
participant_04,4,day,Town10HD_Opt,2026-03-10 10:16:05.999513,83.33077239990234,24.99301719665528,0.0017816924955695,20.257,0.583,1.0,0.0,0,0,1,,1.0,2026-03-10T10:16:05.999513,neutral,0.924,2026-03-10T10:16:05.999513,0.6240871965102025,2026-03-10T10:16:05.925000,70,,,
participant_05,3,day,Town10HD_Opt,2026-03-10 10:16:06.285104,100.61185455322266,-45.66951370239258,0.0020368576515465,49.433,-4.374,0.897,0.0,0,0,1,,1.0,2026-03-10T10:16:06.285104,neutral,1.0,2026-03-10T10:16:05.338449,0.3593264538426763,2026-03-10T10:16:05.970000,69,,,
participant_05,3,day,Town10HD_Opt,2026-03-10 10:16:07.191018,95.3285903930664,-52.62657165527344,0.0020172882359474,50.152,-6.417,1.0,0.0,0,0,1,,0.836,2026-03-10T10:16:07.191018,neutral,1.0,2026-03-10T10:16:05.338449,0.2773631192419588,2026-03-10T10:16:06.960000,69,,,
participant_04,4,day,Town10HD_Opt,2026-03-10 10:16:07.239009,90.0550765991211,24.68140411376953,0.0015415191883221,39.686,-6.146,0.559,0.0,0,0,1,,1.0,2026-03-10T10:16:07.239009,neutral,0.924,2026-03-10T10:16:05.999513,0.6833702641108664,2026-03-10T10:16:07.950000,70,,,
participant_05,3,day,Town10HD_Opt,2026-03-10 10:16:08.122193,88.5662612915039,-58.18300247192383,0.0020494079217314,50.202,-6.028,0.924,0.0,0,0,1,,1.0,2026-03-10T10:16:08.122193,neutral,0.998,2026-03-10T10:16:08.122193,0.3152148193061596,2026-03-10T10:16:08.041000,68,,,
participant_04,4,day,Town10HD_Opt,2026-03-10 10:16:08.201488,96.99492645263672,22.68562126159668,0.0019783782772719,42.818,-19.502,0.597,0.0,0,0,1,,1.0,2026-03-10T10:16:08.201488,sad,0.595,2026-03-10T10:16:08.201488,0.680298020024842,2026-03-10T10:16:08.985000,70,,,
participant_04,4,day,Town10HD_Opt,2026-03-10 10:16:09.149334,102.12033081054688,17.15723991394043,0.0019927597604691,44.966,-10.437,0.599,0.0,0,0,1,,1.0,2026-03-10T10:16:09.149334,sad,0.595,2026-03-10T10:16:08.201488,0.7678663960816792,2026-03-10T10:16:09.930000,68,,,
participant_05,3,day,Town10HD_Opt,2026-03-10 10:16:09.338025,77.790283203125,-62.66482162475586,0.0018459319835528,52.132,-4.32,0.0,0.213,0,0,1,,1.0,2026-03-10T10:16:09.338025,neutral,0.998,2026-03-10T10:16:08.122193,0.3011252385746636,2026-03-10T10:16:09.120000,69,,,
participant_04,4,day,Town10HD_Opt,2026-03-10 10:16:10.069905,105.0414810180664,9.594542503356934,0.0019459151662886,47.94,-0.919,0.597,0.0,0,0,1,,0.861,2026-03-10T10:16:10.069905,sad,0.595,2026-03-10T10:16:08.201488,0.685531540749217,2026-03-10T10:16:09.930000,71,,,
participant_05,3,day,Town10HD_Opt,2026-03-10 10:16:10.344786,69.11882781982422,-64.16545104980469,0.0018824386643245,52.138,-2.292,0.0,0.214,0,0,1,,1.0,2026-03-10T10:16:10.344786,neutral,1.0,2026-03-10T10:16:10.344786,0.3301134458369336,2026-03-10T10:16:09.930000,69,,,
participant_04,4,day,Town10HD_Opt,2026-03-10 10:16:11.275755,106.95403289794922,-1.764453411102295,0.0020562361460179,49.414,-0.712,0.603,0.0,0,0,1,,1.0,2026-03-10T10:16:11.275755,sad,0.581,2026-03-10T10:16:11.275755,0.7381974316884282,2026-03-10T10:16:11.955000,66,,,
participant_05,3,day,Town10HD_Opt,2026-03-10 10:16:11.294267,60.37164306640625,-64.75334167480469,0.0019330214709043,51.371,-0.933,0.0,0.137,0,0,1,,1.0,2026-03-10T10:16:11.294267,neutral,1.0,2026-03-10T10:16:10.344786,0.3139517935160646,2026-03-10T10:16:10.966000,68,,,
participant_04,4,day,Town10HD_Opt,2026-03-10 10:16:12.129961,107.25846099853516,-10.385743141174316,0.0019761656876653,50.436,1.758,0.604,0.0,0,0,1,,1.0,2026-03-10T10:16:12.129961,sad,0.581,2026-03-10T10:16:11.275755,0.7708357860840872,2026-03-10T10:16:11.955000,67,,,
participant_05,3,day,Town10HD_Opt,2026-03-10 10:16:12.261201,51.66474151611328,-64.90290069580078,0.001975402701646,50.178,-0.884,0.687,0.0,0,0,1,,1.0,2026-03-10T10:16:12.261201,neutral,1.0,2026-03-10T10:16:10.344786,0.3718803311904949,2026-03-10T10:16:12.135000,68,,,
participant_04,4,day,Town10HD_Opt,2026-03-10 10:16:13.015832,107.94116973876952,-19.02510643005371,0.0020425033289939,49.318,-3.125,0.604,0.0,0,0,1,,1.0,2026-03-10T10:16:13.015832,sad,0.581,2026-03-10T10:16:11.275755,0.7970334148328156,2026-03-10T10:16:13.079000,68,,,
participant_05,3,day,Town10HD_Opt,2026-03-10 10:16:13.201449,43.0008544921875,-64.8013916015625,0.0021135329734534,48.118,0.721,0.481,0.0,0,0,1,,1.0,2026-03-10T10:16:13.201449,neutral,1.0,2026-03-10T10:16:13.201449,0.2914482596853502,2026-03-10T10:16:13.035000,69,,,
participant_05,3,day,Town10HD_Opt,2026-03-10 10:16:14.185667,34.66073226928711,-64.77985382080078,0.0020869825966656,46.998,-0.458,0.428,0.0,0,0,1,,1.0,2026-03-10T10:16:14.185667,neutral,1.0,2026-03-10T10:16:13.201449,0.2573423460597754,2026-03-10T10:16:13.936000,70,,,
participant_04,4,day,Town10HD_Opt,2026-03-10 10:16:14.204402,107.28883361816406,-30.550365447998047,0.0020561600103974,49.452,-5.148,0.603,0.0,0,0,1,,1.0,2026-03-10T10:16:14.204402,sad,0.579,2026-03-10T10:16:14.204402,0.8191029400133797,2026-03-10T10:16:14.926000,70,,,
participant_05,3,day,Town10HD_Opt,2026-03-10 10:16:15.098901,26.562049865722656,-64.67530059814453,0.0020995712839066,45.28,0.045,0.314,0.0,0,0,1,,1.0,2026-03-10T10:16:15.098901,neutral,1.0,2026-03-10T10:16:13.201449,0.2723036307037536,2026-03-10T10:16:15.015000,70,,,
participant_04,4,day,Town10HD_Opt,2026-03-10 10:16:15.123147,104.5234832763672,-38.83523941040039,0.0021102523896843,49.267,-3.266,0.603,0.0,0,0,1,,1.0,2026-03-10T10:16:15.123147,sad,0.579,2026-03-10T10:16:14.204402,0.7939708616615729,2026-03-10T10:16:15.960000,69,,,
participant_04,4,day,Town10HD_Opt,2026-03-10 10:16:16.064514,100.5611572265625,-46.62043380737305,0.0020796202588826,49.33,-4.119,0.603,0.0,0,0,1,,1.0,2026-03-10T10:16:16.064514,sad,0.579,2026-03-10T10:16:14.204402,0.7810884040050574,2026-03-10T10:16:15.960000,68,,,
participant_05,3,day,Town10HD_Opt,2026-03-10 10:16:16.096073,19.2591495513916,-64.56745147705078,0.0023461531382054,36.518,0.247,0.0,0.0,0,0,1,,1.0,2026-03-10T10:16:16.096073,neutral,1.0,2026-03-10T10:16:16.096073,0.3463617053442687,2026-03-10T10:16:16.095000,68,,,
participant_05,3,day,Town10HD_Opt,2026-03-10 10:16:17.069098,13.548672676086426,-64.51602172851562,0.0023064422421157,28.214,0.315,0.0,0.0,0,0,1,,1.0,2026-03-10T10:16:17.069098,neutral,1.0,2026-03-10T10:16:16.096073,0.246812689759567,2026-03-10T10:16:16.951000,68,,,
participant_04,4,day,Town10HD_Opt,2026-03-10 10:16:17.254384,93.28526306152344,-55.61757659912109,0.0021532820537686,48.56,-5.995,0.603,0.0,0,0,1,,1.0,2026-03-10T10:16:17.254384,sad,0.724,2026-03-10T10:16:17.254384,0.8245581145720999,2026-03-10T10:16:18.030000,67,,,
participant_04,4,day,Town10HD_Opt,2026-03-10 10:16:18.116785,86.34127807617188,-60.6665267944336,0.0019761275034397,50.418,-5.512,0.603,0.0,0,0,1,,1.0,2026-03-10T10:16:18.116785,sad,0.724,2026-03-10T10:16:17.254384,0.8322085762221442,2026-03-10T10:16:18.030000,68,,,
participant_05,3,day,Town10HD_Opt,2026-03-10 10:16:18.290106,7.965943336486816,-64.51158905029297,0.0022481156047433,19.361,-0.146,0.0,0.0,0,0,1,,1.0,2026-03-10T10:16:18.290106,neutral,1.0,2026-03-10T10:16:18.290106,0.2815087601130442,2026-03-10T10:16:17.941000,67,,,
participant_04,4,day,Town10HD_Opt,2026-03-10 10:16:19.249178,75.54139709472656,-64.89566040039062,0.0019828414078801,50.7,-4.077,0.0,0.0,0,0,1,,1.0,2026-03-10T10:16:19.249178,sad,0.724,2026-03-10T10:16:17.254384,0.7276445663260894,2026-03-10T10:16:19.965000,71,,,
participant_05,3,day,Town10HD_Opt,2026-03-10 10:16:19.301438,4.781659126281738,-64.50822448730469,0.0020862577948719,18.731,0.092,0.838,0.0,0,0,1,,1.0,2026-03-10T10:16:19.301438,neutral,1.0,2026-03-10T10:16:18.290106,0.2368034833622927,2026-03-10T10:16:19.066000,67,,,
participant_04,4,day,Town10HD_Opt,2026-03-10 10:16:20.104533,66.9502182006836,-66.30944061279297,0.002003707922995,50.311,-2.786,0.604,0.0,0,0,1,,0.839,2026-03-10T10:16:20.104533,sad,0.499,2026-03-10T10:16:20.104533,0.8384181086164746,2026-03-10T10:16:19.965000,70,,,
participant_05,3,day,Town10HD_Opt,2026-03-10 10:16:20.258797,0.6344618797302246,-64.52033233642578,0.0016552733723074,30.319,0.289,0.813,0.0,0,0,1,,1.0,2026-03-10T10:16:20.258797,neutral,1.0,2026-03-10T10:16:18.290106,0.2655647456823461,2026-03-10T10:16:20.055000,66,,,
participant_04,4,day,Town10HD_Opt,2026-03-10 10:16:21.026883,58.28276824951172,-66.64918518066406,0.0020591353531926,49.187,-0.754,0.603,0.0,0,0,1,,0.869,2026-03-10T10:16:21.026883,sad,0.499,2026-03-10T10:16:20.104533,0.782563629918771,2026-03-10T10:16:21,73,,,
participant_05,3,day,Town10HD_Opt,2026-03-10 10:16:21.220243,-5.016425609588623,-64.56925201416016,0.0021589659154415,30.294,0.176,0.0,0.0,0,0,1,,1.0,2026-03-10T10:16:21.220243,neutral,1.0,2026-03-10T10:16:21.220243,0.2133643552875515,2026-03-10T10:16:21.136000,65,,,
participant_05,3,day,Town10HD_Opt,2026-03-10 10:16:22.170905,-9.74074649810791,-64.6325912475586,0.002268829382956,23.128,0.176,0.0,0.0,0,0,1,,1.0,2026-03-10T10:16:22.170905,neutral,1.0,2026-03-10T10:16:21.220243,0.3251689241369014,2026-03-10T10:16:21.991000,66,,,
participant_04,4,day,Town10HD_Opt,2026-03-10 10:16:22.208681,46.6660385131836,-66.44775390625,0.0020414351020008,49.826,0.437,0.603,0.0,0,0,1,,1.0,2026-03-10T10:16:22.208681,sad,0.669,2026-03-10T10:16:22.208681,0.8595592934779818,2026-03-10T10:16:22.935000,72,,,
participant_05,3,day,Town10HD_Opt,2026-03-10 10:16:23.093742,-13.305557250976562,-64.69456481933594,0.0020475005730986,17.508,0.176,0.0,0.0,0,0,1,,1.0,2026-03-10T10:16:23.093742,neutral,1.0,2026-03-10T10:16:21.220243,0.2835196641249561,2026-03-10T10:16:23.070000,66,,,
participant_04,4,day,Town10HD_Opt,2026-03-10 10:16:23.139489,37.93516540527344,-66.3133544921875,0.0020733261480927,49.398,0.451,0.603,0.0,0,0,1,,1.0,2026-03-10T10:16:23.139489,sad,0.669,2026-03-10T10:16:22.208681,0.7986291175593082,2026-03-10T10:16:23.970000,70,,,
participant_04,4,day,Town10HD_Opt,2026-03-10 10:16:24.022903,29.20036125183105,-66.34449768066406,0.0021460724528878,48.7,-0.092,0.604,0.0,0,0,1,,1.0,2026-03-10T10:16:24.022903,sad,0.669,2026-03-10T10:16:22.208681,0.7848560296090056,2026-03-10T10:16:23.970000,71,,,
participant_05,3,day,Town10HD_Opt,2026-03-10 10:16:24.306691,-16.810161590576172,-64.76803588867188,0.002036819467321,12.378,0.176,0.0,0.0,0,0,1,,1.0,2026-03-10T10:16:24.306691,neutral,1.0,2026-03-10T10:16:24.306691,0.1909865762759882,2026-03-10T10:16:24.016000,67,,,
participant_04,4,day,Town10HD_Opt,2026-03-10 10:16:25.201007,17.611738204956055,-66.41344451904297,0.0021064376924186,49.317,0.385,0.604,0.0,0,0,1,,1.0,2026-03-10T10:16:25.201007,neutral,0.429,2026-03-10T10:16:25.201007,0.9085574720709204,2026-03-10T10:16:25.950000,66,,,
participant_05,3,day,Town10HD_Opt,2026-03-10 10:16:25.232973,-18.73851776123047,-64.81364440917969,0.0020099638495594,9.508,0.176,0.0,0.0,0,0,1,,1.0,2026-03-10T10:16:25.232973,neutral,1.0,2026-03-10T10:16:24.306691,0.1945095999284165,2026-03-10T10:16:25.051000,65,,,
participant_04,4,day,Town10HD_Opt,2026-03-10 10:16:26.091182,8.870302200317383,-66.60201263427734,0.0020899581722915,49.369,0.862,0.595,0.0,0,0,1,,1.0,2026-03-10T10:16:26.091182,neutral,0.429,2026-03-10T10:16:25.201007,0.99,2026-03-10T10:16:26.939000,65,,,
participant_05,3,day,Town10HD_Opt,2026-03-10 10:16:26.171288,-20.219215393066406,-64.8511734008789,0.001989021198824,7.194,0.176,0.0,0.0,0,0,1,,1.0,2026-03-10T10:16:26.171288,neutral,1.0,2026-03-10T10:16:24.306691,0.3668880295245544,2026-03-10T10:16:26.086000,66,,,
participant_05,3,day,Town10HD_Opt,2026-03-10 10:16:27.102806,-21.35599899291992,-64.88150787353516,0.0019728087354451,5.605,0.176,0.0,0.0,0,0,1,,1.0,2026-03-10T10:16:27.102806,neutral,0.998,2026-03-10T10:16:27.102806,0.2304409450390723,2026-03-10T10:16:27.031000,66,,,
participant_04,4,day,Town10HD_Opt,2026-03-10 10:16:27.258442,-2.3296687602996826,-67.04212188720703,0.0023228072095662,42.888,-1.68,0.0,0.0,0,0,1,,1.0,2026-03-10T10:16:27.258442,sad,0.476,2026-03-10T10:16:27.258442,0.8757262630217992,2026-03-10T10:16:27.975000,65,,,
participant_04,4,day,Town10HD_Opt,2026-03-10 10:16:28.162123,-9.03529930114746,-67.04217529296875,0.0023434066679328,33.227,1.358,0.0,0.004,0,0,1,phone_call,0.967,2026-03-10T10:16:28.162123,sad,0.476,2026-03-10T10:16:27.258442,0.99,2026-03-10T10:16:28.965000,64,,,
participant_05,3,day,Town10HD_Opt,2026-03-10 10:16:28.245569,-22.471967697143555,-64.91258239746094,0.0019567869603633,3.826,0.176,0.0,0.0,0,0,1,,1.0,2026-03-10T10:16:28.245569,neutral,0.998,2026-03-10T10:16:27.102806,0.3033940415754819,2026-03-10T10:16:27.930000,66,,,
participant_04,4,day,Town10HD_Opt,2026-03-10 10:16:29.049432,-14.097744941711426,-67.16854095458984,0.0023686217609792,23.469,-0.914,0.0,0.477,0,0,1,,1.0,2026-03-10T10:16:29.049432,sad,0.476,2026-03-10T10:16:27.258442,0.99,2026-03-10T10:16:28.965000,64,,,
participant_05,3,day,Town10HD_Opt,2026-03-10 10:16:29.195010,-23.08542251586914,-64.9301986694336,0.0019480895716696,3.025,0.176,0.0,0.0,0,0,1,,1.0,2026-03-10T10:16:29.195010,neutral,1.0,2026-03-10T10:16:29.195010,0.339492940280433,2026-03-10T10:16:29.055000,66,,,
participant_05,3,day,Town10HD_Opt,2026-03-10 10:16:30.120625,-23.556360244750977,-64.94398498535156,0.0019413756672292,2.322,0.176,0.0,0.0,0,0,1,,1.0,2026-03-10T10:16:30.120625,neutral,1.0,2026-03-10T10:16:29.195010,0.370501467579633,2026-03-10T10:16:30.360000,66,,,
participant_04,4,day,Town10HD_Opt,2026-03-10 10:16:30.152978,-18.249073028564453,-67.2262954711914,0.0021851349156349,11.338,-0.677,0.0,0.782,0,0,1,,1.0,2026-03-10T10:16:30.152978,neutral,0.421,2026-03-10T10:16:30.152978,0.99,2026-03-10T10:16:30.945000,67,,,errors=Harsh braking
participant_04,4,day,Town10HD_Opt,2026-03-10 10:16:30.990706,-19.302898406982425,-67.22992706298828,0.0023297881707549,0.001,-0.595,0.0,0.789,0,0,1,,1.0,2026-03-10T10:16:30.990706,neutral,0.421,2026-03-10T10:16:30.152978,0.99,2026-03-10T10:16:30.945000,66,,,
participant_05,3,day,Town10HD_Opt,2026-03-10 10:16:31.280784,-24.23341941833496,-64.96398162841797,0.0016004561912268,8.386,0.176,0.952,0.0,0,0,1,,1.0,2026-03-10T10:16:31.280784,neutral,1.0,2026-03-10T10:16:31.280784,0.3280465146709949,2026-03-10T10:16:30.947000,66,,,
participant_04,4,day,Town10HD_Opt,2026-03-10 10:16:32.102439,-19.30408477783203,-67.22991943359375,0.0019236373482272,0.008,-0.552,0.0,0.0,0,0,1,,1.0,2026-03-10T10:16:32.102439,neutral,0.421,2026-03-10T10:16:30.152978,0.9791052032700136,2026-03-10T10:16:31.937000,68,,,
participant_05,3,day,Town10HD_Opt,2026-03-10 10:16:32.192457,-26.89924049377441,-65.05355834960938,0.0017271422548219,22.45,0.493,1.0,0.0,0,0,1,,1.0,2026-03-10T10:16:32.192457,neutral,1.0,2026-03-10T10:16:31.280784,0.4454590798792535,2026-03-10T10:16:32.116000,65,,,
participant_05,3,day,Town10HD_Opt,2026-03-10 10:16:33.124834,-32.13074493408203,-65.26644134521484,0.0015123748453333,38.814,0.007,1.0,0.0,0,0,1,,1.0,2026-03-10T10:16:33.124834,neutral,1.0,2026-03-10T10:16:31.280784,0.4147809798365233,2026-03-10T10:16:33.016000,66,,,
participant_04,4,day,Town10HD_Opt,2026-03-10 10:16:33.242976,-19.30432510375977,-67.22991943359375,0.0019189071608707,0.006,-0.552,0.0,0.0,0,0,1,,1.0,2026-03-10T10:16:33.242976,neutral,0.979,2026-03-10T10:16:33.242976,0.99,2026-03-10T10:16:33.960000,72,,,
participant_04,4,day,Town10HD_Opt,2026-03-10 10:16:34.084955,-19.30426406860352,-67.22991943359375,0.0019188307924196,0.007,-0.557,0.0,0.0,0,0,1,,1.0,2026-03-10T10:16:34.084955,neutral,0.979,2026-03-10T10:16:33.242976,0.99,2026-03-10T10:16:33.960000,72,,,
participant_05,3,day,Town10HD_Opt,2026-03-10 10:16:34.341260,-43.13551330566406,-65.7388687133789,0.00195690151304,50.653,0.019,0.0,0.124,0,0,1,,1.0,2026-03-10T10:16:34.341260,neutral,0.978,2026-03-10T10:16:34.341260,0.5340345484589788,2026-03-10T10:16:33.961000,68,,,
participant_04,4,day,Town10HD_Opt,2026-03-10 10:16:35.194543,-19.313066482543945,-67.22992706298828,0.001918678288348,0.065,-0.576,0.0,0.0,0,0,1,,1.0,2026-03-10T10:16:35.194543,neutral,0.979,2026-03-10T10:16:33.242976,0.99,2026-03-10T10:16:35.940000,69,,,
participant_05,3,day,Town10HD_Opt,2026-03-10 10:16:35.273321,-51.75332260131836,-66.11803436279297,0.0018354033818468,51.77,0.038,0.0,0.177,0,0,1,,1.0,2026-03-10T10:16:35.273321,neutral,0.978,2026-03-10T10:16:34.341260,0.429356381794831,2026-03-10T10:16:35.029000,67,,,
participant_04,4,day,Town10HD_Opt,2026-03-10 10:16:36.026521,-19.322629928588867,-67.22994232177734,0.0019194411579519,0.051,-0.587,0.0,0.0,0,0,1,,1.0,2026-03-10T10:16:36.026521,sad,0.958,2026-03-10T10:16:36.026521,0.99,2026-03-10T10:16:35.940000,70,,,
participant_05,3,day,Town10HD_Opt,2026-03-10 10:16:36.180368,-60.49123001098633,-66.50434875488281,0.0018816374940797,51.775,-0.665,0.0,0.163,0,0,1,,1.0,2026-03-10T10:16:36.180368,neutral,0.978,2026-03-10T10:16:34.341260,0.503973620587235,2026-03-10T10:16:36.030000,66,,,
participant_05,3,day,Town10HD_Opt,2026-03-10 10:16:37.082441,-69.20122528076172,-66.67586517333984,0.0019321822328493,51.243,-2.791,0.0,0.124,0,0,1,,1.0,2026-03-10T10:16:37.082441,neutral,1.0,2026-03-10T10:16:37.082441,0.4249501576141404,2026-03-10T10:16:37.291000,67,,,
participant_04,4,day,Town10HD_Opt,2026-03-10 10:16:37.137473,-19.331457138061523,-67.2299575805664,0.0019220733083784,0.029,-0.587,0.184,0.0,0,0,1,,1.0,2026-03-10T10:16:37.137473,sad,0.958,2026-03-10T10:16:36.026521,0.99,2026-03-10T10:16:37.965000,70,,,
participant_04,4,day,Town10HD_Opt,2026-03-10 10:16:38.239778,-19.77461814880371,-67.23051452636719,0.001697196974419,6.327,-0.606,0.68,0.0,0,0,1,,1.0,2026-03-10T10:16:38.239778,sad,0.94,2026-03-10T10:16:38.239778,0.99,2026-03-10T10:16:39.046000,69,,,
participant_05,3,day,Town10HD_Opt,2026-03-10 10:16:38.340750,-80.83402252197266,-65.24861907958984,0.001958503620699,50.756,-7.047,0.0,0.0,0,0,1,,1.0,2026-03-10T10:16:38.340750,neutral,1.0,2026-03-10T10:16:37.082441,0.4324196352385869,2026-03-10T10:16:38.011000,67,,,
participant_04,4,day,Town10HD_Opt,2026-03-10 10:16:39.103346,-21.6032657623291,-67.22309112548828,0.0016491317655891,14.94,-0.646,0.603,0.0,0,0,1,,1.0,2026-03-10T10:16:39.103346,sad,0.94,2026-03-10T10:16:38.239778,0.99,2026-03-10T10:16:39.046000,69,,,
participant_05,3,day,Town10HD_Opt,2026-03-10 10:16:39.314119,-88.8005142211914,-61.76890182495117,0.0019271849887445,50.932,-6.128,0.0,0.0,0,0,1,,1.0,2026-03-10T10:16:39.314119,neutral,0.999,2026-03-10T10:16:39.314119,0.4900209051605106,2026-03-10T10:16:38.958000,67,,,
participant_05,3,day,Town10HD_Opt,2026-03-10 10:16:40.220103,-95.6519546508789,-56.438133239746094,0.0018954466795548,51.276,-4.534,0.0,0.128,0,0,1,,1.0,2026-03-10T10:16:40.220103,neutral,0.999,2026-03-10T10:16:39.314119,0.5006665801987348,2026-03-10T10:16:40.126000,69,,,
participant_04,4,day,Town10HD_Opt,2026-03-10 10:16:40.222325,-25.9642276763916,-67.161376953125,0.0018641280476003,22.71,0.139,0.609,0.0,0,0,1,,1.0,2026-03-10T10:16:40.222325,sad,0.94,2026-03-10T10:16:38.239778,0.99,2026-03-10T10:16:40.935000,68,,,
participant_04,4,day,Town10HD_Opt,2026-03-10 10:16:41.093951,-30.433292388916016,-67.15229034423828,0.0018471527146175,28.795,0.975,0.605,0.0,0,0,1,,1.0,2026-03-10T10:16:41.093951,neutral,0.942,2026-03-10T10:16:41.093951,0.99,2026-03-10T10:16:40.935000,68,,,
participant_05,3,day,Town10HD_Opt,2026-03-10 10:16:41.202128,-101.38191223144533,-49.83357238769531,0.0018424605950713,52.31,-4.44,0.0,0.235,0,0,1,,1.0,2026-03-10T10:16:41.202128,neutral,0.999,2026-03-10T10:16:39.314119,0.5912240400117933,2026-03-10T10:16:40.984000,69,,,
participant_04,4,day,Town10HD_Opt,2026-03-10 10:16:42.189405,-37.94397735595703,-67.32420349121094,0.0018738555954769,35.899,0.634,0.606,0.0,0,0,1,,0.821,2026-03-10T10:16:42.189405,neutral,0.942,2026-03-10T10:16:41.093951,0.99,2026-03-10T10:16:42.960000,68,,,
participant_05,3,day,Town10HD_Opt,2026-03-10 10:16:42.190305,-105.7894515991211,-42.29572677612305,0.0019019698956981,51.782,-4.627,0.0,0.131,0,0,1,,1.0,2026-03-10T10:16:42.190305,neutral,0.999,2026-03-10T10:16:42.190305,0.53397131004174,2026-03-10T10:16:41.970000,69,,,
participant_04,4,day,Town10HD_Opt,2026-03-10 10:16:43.051423,-44.59450912475586,-67.62326049804688,0.0018951415549963,40.488,0.167,0.605,0.0,0,0,1,,0.914,2026-03-10T10:16:43.051423,neutral,0.942,2026-03-10T10:16:41.093951,0.99,2026-03-10T10:16:42.960000,66,,,
participant_05,3,day,Town10HD_Opt,2026-03-10 10:16:43.137334,-108.73416137695312,-34.06269836425781,0.002005310030654,50.32,-3.877,0.719,0.0,0,0,1,,1.0,2026-03-10T10:16:43.137334,neutral,0.999,2026-03-10T10:16:42.190305,0.5892912595286781,2026-03-10T10:16:42.961000,68,,,
participant_05,3,day,Town10HD_Opt,2026-03-10 10:16:44.090138,-110.23794555664062,-25.59561920166016,0.0022782515734434,45.634,-3.745,0.0,0.0,0,0,1,,1.0,2026-03-10T10:16:44.090138,neutral,0.999,2026-03-10T10:16:42.190305,0.528403519705149,2026-03-10T10:16:44.175000,67,,,
participant_04,4,day,Town10HD_Opt,2026-03-10 10:16:44.164748,-54.61109161376953,-68.0365982055664,0.0019209289457648,45.646,-0.909,0.604,0.0,0,0,1,,0.901,2026-03-10T10:16:44.164748,neutral,0.974,2026-03-10T10:16:44.164748,0.99,2026-03-10T10:16:44.985000,65,,,
participant_04,4,day,Town10HD_Opt,2026-03-10 10:16:45.248821,-65.7408218383789,-68.01109313964844,0.0019359206780791,50.014,-0.766,0.609,0.0,0,0,1,,1.0,2026-03-10T10:16:45.248821,neutral,0.974,2026-03-10T10:16:44.164748,0.99,2026-03-10T10:16:45.975000,66,,,
participant_05,3,day,Town10HD_Opt,2026-03-10 10:16:45.349477,-110.51278686523438,-16.681575775146484,0.002395172137767,30.451,1.375,0.0,0.349,0,0,1,,1.0,2026-03-10T10:16:45.349477,neutral,0.997,2026-03-10T10:16:45.349477,0.5728383908074292,2026-03-10T10:16:45.121000,69,,,
participant_04,4,day,Town10HD_Opt,2026-03-10 10:16:46.113616,-74.44548797607422,-67.4886474609375,0.0020437622442841,49.733,-6.109,0.612,0.0,0,0,1,,0.84,2026-03-10T10:16:46.113616,neutral,0.974,2026-03-10T10:16:44.164748,0.99,2026-03-10T10:16:46.965000,67,,,
participant_05,3,day,Town10HD_Opt,2026-03-10 10:16:46.313045,-110.61014556884766,-12.11060905456543,0.0023356245364993,21.227,-1.093,0.0,0.315,0,0,1,,1.0,2026-03-10T10:16:46.313045,neutral,0.997,2026-03-10T10:16:45.349477,0.5245759708154599,2026-03-10T10:16:46.065000,69,,,
participant_04,4,day,Town10HD_Opt,2026-03-10 10:16:47.018206,-82.8848876953125,-65.3199234008789,0.0020906447898596,49.382,-3.983,0.61,0.0,0,0,1,,1.0,2026-03-10T10:16:47.018206,sad,0.77,2026-03-10T10:16:47.018206,0.99,2026-03-10T10:16:46.965000,68,,,
participant_05,3,day,Town10HD_Opt,2026-03-10 10:16:47.272889,-110.64607238769533,-8.946698188781738,0.0020365142263472,15.411,-1.523,0.068,0.0,0,0,1,,1.0,2026-03-10T10:16:47.272889,neutral,0.997,2026-03-10T10:16:45.349477,0.5178560607282718,2026-03-10T10:16:46.962000,69,,,
participant_04,4,day,Town10HD_Opt,2026-03-10 10:16:48.186446,-93.18541717529295,-60.055458068847656,0.0020787429530173,49.073,-5.04,0.615,0.0,0,0,1,,1.0,2026-03-10T10:16:48.186446,sad,0.77,2026-03-10T10:16:47.018206,0.99,2026-03-10T10:16:48.945000,68,,,
participant_05,3,day,Town10HD_Opt,2026-03-10 10:16:48.205828,-110.6310806274414,-5.931390762329102,0.001851386972703,22.377,0.625,1.0,0.0,0,0,1,,1.0,2026-03-10T10:16:48.205828,neutral,1.0,2026-03-10T10:16:48.205828,0.4767609779355001,2026-03-10T10:16:48.135000,68,,,
participant_04,4,day,Town10HD_Opt,2026-03-10 10:16:49.044179,-99.9490737915039,-54.52837753295898,0.0020994949154555,49.098,-5.529,0.614,0.0,0,0,1,,0.897,2026-03-10T10:16:49.044179,sad,0.55,2026-03-10T10:16:49.044179,0.99,2026-03-10T10:16:48.945000,68,,,
participant_05,3,day,Town10HD_Opt,2026-03-10 10:16:49.218001,-110.67585754394533,-0.7109928131103516,0.0015340042300522,39.152,0.308,0.937,0.0,0,0,1,,1.0,2026-03-10T10:16:49.218001,neutral,1.0,2026-03-10T10:16:48.205828,0.562025143246267,2026-03-10T10:16:48.947000,70,,,
participant_04,4,day,Town10HD_Opt,2026-03-10 10:16:50.025175,-105.30513763427734,-47.77900314331055,0.0019723891746252,50.615,-4.995,0.0,0.0,0,0,1,,1.0,2026-03-10T10:16:50.025175,sad,0.55,2026-03-10T10:16:49.044179,0.99,2026-03-10T10:16:49.943000,68,,,
participant_05,3,day,Town10HD_Opt,2026-03-10 10:16:50.186118,-110.74854278564452,7.001806259155273,0.0016696548555046,49.623,-3.938,0.69,0.0,0,0,1,,1.0,2026-03-10T10:16:50.186118,neutral,1.0,2026-03-10T10:16:48.205828,0.5570783200802218,2026-03-10T10:16:49.981000,68,,,
participant_05,3,day,Town10HD_Opt,2026-03-10 10:16:51.167661,-109.22698211669922,15.373476028442385,0.002376785269007,43.319,-16.955,0.0,0.0,0,0,1,,1.0,2026-03-10T10:16:51.167661,neutral,0.999,2026-03-10T10:16:51.167661,0.5746874989836501,2026-03-10T10:16:51.015000,69,,,
participant_04,4,day,Town10HD_Opt,2026-03-10 10:16:51.249247,-110.04812622070312,-37.31841659545898,0.0020200728904455,49.466,-6.17,0.44,0.0,0,0,1,,0.884,2026-03-10T10:16:51.249247,neutral,0.759,2026-03-10T10:16:51.249247,0.99,2026-03-10T10:16:51.960000,67,,,
participant_04,4,day,Town10HD_Opt,2026-03-10 10:16:52.162003,-111.29071044921876,-28.93506622314453,0.0021462249569594,46.877,-5.167,0.385,0.0,0,0,1,,1.0,2026-03-10T10:16:52.162003,neutral,0.759,2026-03-10T10:16:51.249247,0.99,2026-03-10T10:16:52.951000,67,,,
participant_05,3,day,Town10HD_Opt,2026-03-10 10:16:52.254730,-104.9605712890625,20.39014434814453,0.0024018478579819,32.549,-11.646,0.0,0.0,0,0,1,,1.0,2026-03-10T10:16:52.254730,neutral,0.999,2026-03-10T10:16:51.167661,0.5531917149778717,2026-03-10T10:16:51.961000,70,,,
participant_04,4,day,Town10HD_Opt,2026-03-10 10:16:53.113456,-111.05418395996094,-20.84892845153809,0.0020335006993263,46.42,3.191,0.557,0.0,0,0,1,,1.0,2026-03-10T10:16:53.113456,neutral,0.759,2026-03-10T10:16:51.249247,0.99,2026-03-10T10:16:53.940000,66,,,
participant_05,3,day,Town10HD_Opt,2026-03-10 10:16:53.324054,-100.14307403564452,22.87206649780273,0.0018829726614058,34.373,-9.938,0.969,0.0,0,0,1,,1.0,2026-03-10T10:16:53.324054,neutral,0.997,2026-03-10T10:16:53.324054,0.6256428225799746,2026-03-10T10:16:53.040000,71,,,
participant_04,4,day,Town10HD_Opt,2026-03-10 10:16:54.086635,-111.28450012207033,-12.39358139038086,0.0017965697916224,51.964,-1.469,0.0,0.186,0,0,1,,1.0,2026-03-10T10:16:54.086635,sad,0.684,2026-03-10T10:16:54.086635,0.99,2026-03-10T10:16:53.940000,65,,,
participant_05,3,day,Town10HD_Opt,2026-03-10 10:16:54.087729,-95.83175659179688,23.96560287475586,0.0016860198229551,41.981,-4.735,0.391,0.0,0,0,1,,1.0,2026-03-10T10:16:54.087729,neutral,0.997,2026-03-10T10:16:53.324054,0.5506360889593164,2026-03-10T10:16:53.988000,70,,,
participant_04,4,day,Town10HD_Opt,2026-03-10 10:16:55.011965,-111.39771270751952,-3.652797222137451,0.001883239718154,52.05,-2.97,0.0,0.154,0,0,1,,0.879,2026-03-10T10:16:55.011965,sad,0.684,2026-03-10T10:16:54.086635,0.99,2026-03-10T10:16:54.986000,65,,,errors=Red light violation
participant_05,3,day,Town10HD_Opt,2026-03-10 10:16:55.121593,-88.337890625,24.97592544555664,0.0017764281947165,47.519,-0.9,1.0,0.0,0,0,1,,1.0,2026-03-10T10:16:55.121593,neutral,0.997,2026-03-10T10:16:53.324054,0.5812680520657408,2026-03-10T10:16:54.976000,69,,,
participant_05,3,day,Town10HD_Opt,2026-03-10 10:16:56.158167,-79.59014892578125,25.77286720275879,0.0021966171916574,48.358,-0.475,0.966,0.0,0,0,1,,1.0,2026-03-10T10:16:56.158167,neutral,0.997,2026-03-10T10:16:56.158167,0.5236306201722518,2026-03-10T10:16:56.371000,71,,,
participant_04,4,day,Town10HD_Opt,2026-03-10 10:16:56.238114,-109.95741271972656,7.781291484832764,0.0023444364778697,47.8,-4.299,0.251,0.0,0,0,1,,0.816,2026-03-10T10:16:56.238114,sad,0.708,2026-03-10T10:16:56.238114,0.99,2026-03-10T10:16:56.955000,67,,,
participant_05,3,day,Town10HD_Opt,2026-03-10 10:16:57.117913,-70.83345794677734,26.37302589416504,0.0021925354376435,48.696,-0.505,1.0,0.0,0,0,1,,1.0,2026-03-10T10:16:57.117913,neutral,0.997,2026-03-10T10:16:56.158167,0.5002561821201603,2026-03-10T10:16:56.371000,71,,,
participant_04,4,day,Town10HD_Opt,2026-03-10 10:16:57.120573,-107.6414031982422,15.108046531677246,0.0022370147053152,38.392,-6.161,0.0,0.0,0,0,1,,0.811,2026-03-10T10:16:57.120573,sad,0.708,2026-03-10T10:16:56.238114,0.99,2026-03-10T10:16:57.946000,66,,,
participant_04,4,day,Town10HD_Opt,2026-03-10 10:16:58.043754,-104.5044403076172,20.201112747192383,0.0022467421367764,31.46,-14.097,0.624,0.0,0,0,1,,1.0,2026-03-10T10:16:58.043754,sad,0.708,2026-03-10T10:16:56.238114,0.99,2026-03-10T10:16:57.946000,68,,,
participant_05,3,day,Town10HD_Opt,2026-03-10 10:16:58.067860,-62.0010871887207,26.79226493835449,0.0021579742897301,49.104,-0.498,0.973,0.0,0,0,1,,1.0,2026-03-10T10:16:58.067860,neutral,0.997,2026-03-10T10:16:56.158167,0.5653027902996813,2026-03-10T10:16:56.371000,70,,,
participant_04,4,day,Town10HD_Opt,2026-03-10 10:16:59.006439,-99.8682861328125,24.174440383911133,0.0016636657528579,41.538,-1.523,0.945,0.0,0,0,1,,0.881,2026-03-10T10:16:59.006439,sad,0.73,2026-03-10T10:16:59.006439,0.99,2026-03-10T10:16:58.936000,67,,,
participant_05,3,day,Town10HD_Opt,2026-03-10 10:16:59.336552,-50.368309020996094,27.058263778686523,0.0021708679851144,48.927,-0.498,0.911,0.0,0,0,1,,1.0,2026-03-10T10:16:59.336552,neutral,0.992,2026-03-10T10:16:59.336552,0.5330290639794023,2026-03-10T10:16:56.371000,71,Solid line crossing,Solid line crossing,
participant_04,4,day,Town10HD_Opt,2026-03-10 10:17:00.292952,-90.06414031982422,29.11961936950684,0.0021214294247329,48.137,-18.508,0.942,0.0,0,0,1,,1.0,2026-03-10T10:17:00.292952,sad,0.73,2026-03-10T10:16:59.006439,0.99,2026-03-10T10:17:00.960000,67,,,errors=Solid line crossing
participant_05,3,day,Town10HD_Opt,2026-03-10 10:17:00.332491,-41.59101486206055,27.04767608642578,0.0021500778384506,49.237,-0.026,0.891,0.0,0,0,1,,1.0,2026-03-10T10:17:00.332491,neutral,0.992,2026-03-10T10:16:59.336552,0.5698767053294007,2026-03-10T10:16:56.371000,71,,,
participant_04,4,day,Town10HD_Opt,2026-03-10 10:17:01.248485,-81.37958526611328,28.125492095947266,0.002118453849107,49.06,10.562,0.995,0.0,0,0,1,,1.0,2026-03-10T10:17:01.248485,happy,0.939,2026-03-10T10:17:01.248485,0.99,2026-03-10T10:17:01.950000,67,,,
participant_05,3,day,Town10HD_Opt,2026-03-10 10:17:01.283064,-32.7906379699707,26.960336685180664,0.0021534727420657,49.369,0.073,1.0,0.0,0,0,1,,1.0,2026-03-10T10:17:01.283064,neutral,0.992,2026-03-10T10:16:59.336552,0.5507124451660032,2026-03-10T10:16:56.371000,71,,,
participant_04,4,day,Town10HD_Opt,2026-03-10 10:17:02.211606,-73.48233032226562,27.824350357055664,0.0022842406760901,41.773,-3.045,0.963,0.0,0,0,1,,1.0,2026-03-10T10:17:02.211606,happy,0.939,2026-03-10T10:17:01.248485,0.99,2026-03-10T10:17:02.985000,67,,,
participant_05,3,day,Town10HD_Opt,2026-03-10 10:17:02.244396,-23.973886489868164,26.892337799072266,0.0022198485676199,48.334,0.073,0.953,0.0,0,0,1,,1.0,2026-03-10T10:17:02.244396,neutral,1.0,2026-03-10T10:17:02.244396,0.5048744504206096,2026-03-10T10:16:56.371000,70,,,
participant_04,4,day,Town10HD_Opt,2026-03-10 10:17:03.175859,-65.28054809570312,27.608333587646484,0.0016500090714544,52.901,-0.009,0.0,0.289,0,0,1,,1.0,2026-03-10T10:17:03.175859,happy,0.939,2026-03-10T10:17:01.248485,0.99,2026-03-10T10:17:03.975000,69,,,
participant_05,3,day,Town10HD_Opt,2026-03-10 10:17:03.203410,-15.216958999633787,26.84381484985352,0.0022018051240593,48.34,-0.089,0.911,0.0,0,0,1,,1.0,2026-03-10T10:17:03.203410,neutral,1.0,2026-03-10T10:17:02.244396,0.579568498599297,2026-03-10T10:16:56.371000,71,,,
participant_04,4,day,Town10HD_Opt,2026-03-10 10:17:04.114765,-56.50961685180664,27.32729148864746,0.0019428252708166,51.328,0.505,0.0,0.0,0,0,1,,1.0,2026-03-10T10:17:04.114765,happy,0.993,2026-03-10T10:17:04.114765,0.99,2026-03-10T10:17:04.965000,68,,,
participant_05,3,day,Town10HD_Opt,2026-03-10 10:17:04.123327,-6.478229999542236,26.771041870117188,0.0021740722004324,48.716,-0.115,0.873,0.0,0,0,1,,1.0,2026-03-10T10:17:04.123327,neutral,1.0,2026-03-10T10:17:02.244396,0.5017473853408292,2026-03-10T10:16:56.371000,70,,,
participant_04,4,day,Town10HD_Opt,2026-03-10 10:17:05.030585,-47.73076248168945,27.18824958801269,0.0019750595092773,50.534,0.879,0.0,0.0,0,0,1,,0.868,2026-03-10T10:17:05.030585,happy,0.993,2026-03-10T10:17:04.114765,0.99,2026-03-10T10:17:04.965000,69,,,
participant_05,3,day,Town10HD_Opt,2026-03-10 10:17:05.339561,5.065928936004639,26.61075782775879,0.0021589279640465,47.146,-0.136,0.0,0.0,0,0,1,,1.0,2026-03-10T10:17:05.339561,neutral,0.998,2026-03-10T10:17:05.339561,0.5616080340240361,2026-03-10T10:16:56.371000,69,,,
participant_04,4,day,Town10HD_Opt,2026-03-10 10:17:06.223748,-36.00348663330078,28.077322006225582,0.0018931579543277,51.613,-6.872,0.0,0.201,0,0,1,,1.0,2026-03-10T10:17:06.223748,happy,0.698,2026-03-10T10:17:06.223748,0.99,2026-03-10T10:17:06.945000,68,,,
participant_05,3,day,Town10HD_Opt,2026-03-10 10:17:06.259448,12.528103828430176,26.471662521362305,0.0023664855398237,37.075,0.416,0.0,0.016,0,0,1,,1.0,2026-03-10T10:17:06.259448,neutral,0.998,2026-03-10T10:17:05.339561,0.5878594279532501,2026-03-10T10:16:56.371000,71,,,
participant_04,4,day,Town10HD_Opt,2026-03-10 10:17:07.143328,-27.31354141235352,27.985822677612305,0.00186828605365,51.748,2.163,0.0,0.167,0,0,1,,1.0,2026-03-10T10:17:07.143328,happy,0.698,2026-03-10T10:17:06.223748,0.99,2026-03-10T10:17:07.936000,67,,,
participant_05,3,day,Town10HD_Opt,2026-03-10 10:17:07.181523,18.32229423522949,26.4326171875,0.0023109053727239,28.631,1.434,0.0,0.0,0,0,1,,1.0,2026-03-10T10:17:07.181523,neutral,0.998,2026-03-10T10:17:05.339561,0.5212111899556096,2026-03-10T10:16:56.371000,70,,,
participant_04,4,day,Town10HD_Opt,2026-03-10 10:17:08.065877,-18.58776092529297,27.667823791503903,0.0019668196327984,50.762,-2.428,0.695,0.0,0,0,1,,0.847,2026-03-10T10:17:08.065877,happy,0.698,2026-03-10T10:17:06.223748,0.99,2026-03-10T10:17:07.936000,68,,,
participant_05,3,day,Town10HD_Opt,2026-03-10 10:17:08.123847,22.76409339904785,26.56814384460449,0.0022640989627689,21.708,2.73,0.0,0.0,0,0,1,,1.0,2026-03-10T10:17:08.123847,neutral,1.0,2026-03-10T10:17:08.123847,0.5828347616391085,2026-03-10T10:16:56.371000,70,,,
participant_04,4,day,Town10HD_Opt,2026-03-10 10:17:09.012680,-9.887456893920898,27.01784324645996,0.0013795470586046,50.347,0.127,0.698,0.0,0,0,1,,1.0,2026-03-10T10:17:09.012680,happy,0.975,2026-03-10T10:17:09.012680,0.99,2026-03-10T10:17:08.975000,71,,,
participant_05,3,day,Town10HD_Opt,2026-03-10 10:17:09.178155,26.09993553161621,26.867387771606445,0.0019668578170239,16.59,3.947,0.007,0.0,0,0,1,,1.0,2026-03-10T10:17:09.178155,neutral,1.0,2026-03-10T10:17:08.123847,0.5524996568543437,2026-03-10T10:16:56.371000,70,,,
participant_05,3,day,Town10HD_Opt,2026-03-10 10:17:10.147824,28.664072036743164,27.29550170898437,0.002033157274127,12.97,5.86,0.019,0.0,0,0,1,,1.0,2026-03-10T10:17:10.147824,neutral,0.98,2026-03-10T10:17:10.147824,0.5706727346280664,2026-03-10T10:16:56.371000,70,,,
participant_04,4,day,Town10HD_Opt,2026-03-10 10:17:10.238236,1.7175463438034058,26.076772689819336,0.0019760131835937,50.149,-0.395,0.112,0.0,0,0,1,,0.889,2026-03-10T10:17:10.238236,happy,0.975,2026-03-10T10:17:09.012680,0.99,2026-03-10T10:17:10.950000,73,,,
participant_05,3,day,Town10HD_Opt,2026-03-10 10:17:11.125409,30.643707275390625,27.79496955871582,0.0019955444149672,10.297,6.201,0.04,0.0,0,0,1,,1.0,2026-03-10T10:17:11.125409,neutral,0.98,2026-03-10T10:17:10.147824,0.5031247558481124,2026-03-10T10:16:56.371000,71,,,
participant_04,4,day,Town10HD_Opt,2026-03-10 10:17:11.163632,9.682493209838867,25.38481330871582,0.0023785780649632,39.823,2.704,0.0,0.0,0,0,1,,1.0,2026-03-10T10:17:11.163632,neutral,0.532,2026-03-10T10:17:11.163632,0.99,2026-03-10T10:17:11.985000,69,,,
participant_04,4,day,Town10HD_Opt,2026-03-10 10:17:12.118945,15.91450309753418,25.33873748779297,0.0023277283180505,31.318,3.335,0.0,0.0,0,0,1,,0.9,2026-03-10T10:17:12.118945,neutral,0.532,2026-03-10T10:17:11.163632,0.99,2026-03-10T10:17:11.985000,71,,,
participant_05,3,day,Town10HD_Opt,2026-03-10 10:17:12.354044,33.026329040527344,28.61351585388184,0.0017991255735978,13.091,8.904,0.318,0.0,0,0,1,,1.0,2026-03-10T10:17:12.354044,neutral,0.999,2026-03-10T10:17:12.354044,0.5451669927743659,2026-03-10T10:16:56.371000,72,,,
participant_04,4,day,Town10HD_Opt,2026-03-10 10:17:13.059374,20.83465003967285,25.75731658935547,0.0021486282348632,26.475,3.109,0.317,0.0,0,0,1,,0.851,2026-03-10T10:17:13.059374,neutral,0.532,2026-03-10T10:17:11.163632,0.99,2026-03-10T10:17:12.976000,67,,,
participant_05,3,day,Town10HD_Opt,2026-03-10 10:17:13.136344,34.5289421081543,29.355932235717773,0.0017319869948551,17.186,15.62,0.829,0.0,0,0,1,,1.0,2026-03-10T10:17:13.136344,neutral,0.999,2026-03-10T10:17:12.354044,0.4802717310912358,2026-03-10T10:16:56.371000,72,,,
participant_04,4,day,Town10HD_Opt,2026-03-10 10:17:14.002310,25.326080322265625,26.51546859741211,0.0020669936202466,25.754,5.108,0.467,0.0,0,0,1,,0.842,2026-03-10T10:17:14.002310,neutral,0.839,2026-03-10T10:17:14.002310,0.99,2026-03-10T10:17:13.977000,67,,,
participant_05,3,day,Town10HD_Opt,2026-03-10 10:17:14.115299,37.361141204833984,31.78276824951172,0.0017670821398496,26.946,21.603,0.783,0.0,0,0,1,,1.0,2026-03-10T10:17:14.115299,neutral,0.999,2026-03-10T10:17:12.354044,0.6050470041046344,2026-03-10T10:16:56.371000,71,,,
participant_05,3,day,Town10HD_Opt,2026-03-10 10:17:15.132631,39.59666442871094,36.595340728759766,0.0018663787050172,34.332,15.009,0.514,0.0,0,0,1,,1.0,2026-03-10T10:17:15.132631,neutral,0.998,2026-03-10T10:17:15.132631,0.4560350506288356,2026-03-10T10:16:56.371000,71,,,
participant_04,4,day,Town10HD_Opt,2026-03-10 10:17:15.286391,31.35922813415528,28.5505313873291,0.0019530105637386,29.357,11.895,0.49,0.0,0,0,1,,1.0,2026-03-10T10:17:15.286391,neutral,0.839,2026-03-10T10:17:14.002310,0.99,2026-03-10T10:17:15.990000,71,,,
participant_05,3,day,Town10HD_Opt,2026-03-10 10:17:16.169671,40.11050796508789,42.49152374267578,0.0022175216581672,31.006,1.055,0.0,0.0,0,0,1,,1.0,2026-03-10T10:17:16.169671,neutral,0.998,2026-03-10T10:17:15.132631,0.5224049107070619,2026-03-10T10:16:56.371000,69,Vehicle-pedestrian collision,Vehicle-pedestrian collision,
participant_04,4,day,Town10HD_Opt,2026-03-10 10:17:16.203464,35.612815856933594,31.6788272857666,0.0019999693613499,31.467,13.723,0.487,0.0,0,0,1,,1.0,2026-03-10T10:17:16.203464,happy,0.991,2026-03-10T10:17:16.203464,0.99,2026-03-10T10:17:16.935000,70,,,
participant_05,3,day,Town10HD_Opt,2026-03-10 10:17:17.135217,40.25371170043945,47.24370956420898,0.0023274230770766,22.35,0.139,0.0,0.333,0,0,1,,1.0,2026-03-10T10:17:17.135217,neutral,0.998,2026-03-10T10:17:17.135217,0.499326639724231,2026-03-10T10:16:56.371000,70,,,
participant_04,4,day,Town10HD_Opt,2026-03-10 10:17:17.139778,38.73679733276367,36.360633850097656,0.002005805959925,33.236,12.049,0.483,0.0,0,0,1,,1.0,2026-03-10T10:17:17.139778,happy,0.991,2026-03-10T10:17:16.203464,0.99,2026-03-10T10:17:17.971000,70,,,
participant_04,4,day,Town10HD_Opt,2026-03-10 10:17:18.070891,40.45633316040039,41.86125946044922,0.0022064589429646,30.376,3.196,0.0,0.0,0,0,1,,0.903,2026-03-10T10:17:18.070891,happy,0.991,2026-03-10T10:17:16.203464,0.99,2026-03-10T10:17:17.971000,69,,,errors=Solid line crossing
participant_05,3,day,Town10HD_Opt,2026-03-10 10:17:18.336642,40.357513427734375,51.37265396118164,0.0020992278587073,13.112,1.137,0.0,0.301,0,0,1,,1.0,2026-03-10T10:17:18.336642,neutral,0.998,2026-03-10T10:17:17.135217,0.5635830001003054,2026-03-10T10:16:56.371000,72,,,
participant_04,4,day,Town10HD_Opt,2026-03-10 10:17:19.256544,41.51273727416992,47.6796760559082,0.0023889541625976,15.11,12.592,0.0,0.638,0,0,1,,1.0,2026-03-10T10:17:19.256544,neutral,0.729,2026-03-10T10:17:19.256544,0.99,2026-03-10T10:17:19.951000,67,,,
participant_05,3,day,Town10HD_Opt,2026-03-10 10:17:19.304921,40.36910629272461,53.25727844238281,0.0020442199893295,8.706,0.757,0.0,0.0,0,0,1,,1.0,2026-03-10T10:17:19.304921,neutral,0.999,2026-03-10T10:17:19.304921,0.6135528213294127,2026-03-10T10:16:56.371000,70,,,
participant_04,4,day,Town10HD_Opt,2026-03-10 10:17:20.130456,41.53933334350586,48.14993667602539,0.0020590210333466,0.0,6.661,0.0,0.832,0,0,1,,0.812,2026-03-10T10:17:20.130456,neutral,0.729,2026-03-10T10:17:19.256544,0.99,2026-03-10T10:17:20.940000,67,,,
participant_05,3,day,Town10HD_Opt,2026-03-10 10:17:20.257557,40.38556671142578,55.03256607055664,0.001574287423864,15.93,-2.6,0.985,0.0,0,0,1,,1.0,2026-03-10T10:17:20.257557,neutral,0.999,2026-03-10T10:17:19.304921,0.5627915874397169,2026-03-10T10:16:56.371000,71,,,
participant_05,3,day,Town10HD_Opt,2026-03-10 10:17:21.159849,40.66976547241211,58.83203125,0.0016096878098323,29.2,-8.105,0.902,0.0,0,0,1,,1.0,2026-03-10T10:17:21.159849,neutral,0.999,2026-03-10T10:17:19.304921,0.6550463313702699,2026-03-10T10:16:56.371000,70,,,
participant_04,4,day,Town10HD_Opt,2026-03-10 10:17:21.228907,41.53934097290039,48.15011596679688,0.0019207000732421,0.0,5.238,0.0,0.0,0,0,1,,1.0,2026-03-10T10:17:21.228907,neutral,0.729,2026-03-10T10:17:19.256544,0.99,2026-03-10T10:17:20.940000,68,,,
participant_04,4,day,Town10HD_Opt,2026-03-10 10:17:22.076172,41.53934097290039,48.15011596679688,0.0019195555942133,0.0,5.363,0.0,0.0,0,0,1,,1.0,2026-03-10T10:17:22.076172,sad,0.754,2026-03-10T10:17:22.076172,0.99,2026-03-10T10:17:22.110000,69,,,
participant_05,3,day,Town10HD_Opt,2026-03-10 10:17:22.360494,44.0521240234375,66.48189544677734,0.0017734909197315,43.323,-19.467,0.84,0.0,0,0,1,,1.0,2026-03-10T10:17:22.360494,neutral,1.0,2026-03-10T10:17:22.360494,0.4814773764298623,2026-03-10T10:16:56.371000,68,,,
participant_04,4,day,Town10HD_Opt,2026-03-10 10:17:23.201954,41.53919982910156,48.14756393432617,0.0019125747494399,0.076,6.998,0.0,0.0,0,0,1,,0.846,2026-03-10T10:17:23.201954,sad,0.754,2026-03-10T10:17:22.076172,0.99,2026-03-10T10:17:23.955000,69,,,
participant_05,3,day,Town10HD_Opt,2026-03-10 10:17:23.255058,51.13447189331055,70.1923599243164,0.0018754195189103,49.505,-15.233,0.713,0.0,0,0,1,,1.0,2026-03-10T10:17:23.255058,neutral,1.0,2026-03-10T10:17:22.360494,0.4845476181910733,2026-03-10T10:16:56.371000,71,,,
participant_04,4,day,Town10HD_Opt,2026-03-10 10:17:24.066784,41.53945541381836,48.15484237670898,0.0019176482455804,0.067,8.162,0.082,0.0,0,0,1,,0.869,2026-03-10T10:17:24.066784,sad,0.754,2026-03-10T10:17:22.076172,0.99,2026-03-10T10:17:23.955000,67,,,
participant_05,3,day,Town10HD_Opt,2026-03-10 10:17:24.177880,59.7900505065918,69.76881408691406,0.0021090316586196,48.741,2.633,0.421,0.0,0,0,1,,1.0,2026-03-10T10:17:24.177880,neutral,1.0,2026-03-10T10:17:22.360494,0.5008704142275999,2026-03-10T10:16:56.371000,71,,,errors=Solid line crossing
participant_05,3,day,Town10HD_Opt,2026-03-10 10:17:25.084796,67.96259307861328,68.83442687988281,0.0022935485467314,42.788,4.806,0.0,0.0,0,0,1,,1.0,2026-03-10T10:17:25.084796,neutral,0.996,2026-03-10T10:17:25.084796,0.5414447713040521,2026-03-10T10:16:56.371000,70,,,
participant_04,4,day,Town10HD_Opt,2026-03-10 10:17:25.224394,41.54078674316406,48.213470458984375,0.001835327129811,1.887,9.605,0.666,0.0,0,0,1,,1.0,2026-03-10T10:17:25.224394,sad,0.81,2026-03-10T10:17:25.224394,0.99,2026-03-10T10:17:25.935000,69,,,
participant_04,4,day,Town10HD_Opt,2026-03-10 10:17:26.070351,41.49872970581055,49.32378768920898,0.0016006468795239,11.809,11.941,0.646,0.0,0,0,1,,1.0,2026-03-10T10:17:26.070351,sad,0.81,2026-03-10T10:17:25.224394,0.99,2026-03-10T10:17:25.935000,70,,,
participant_05,3,day,Town10HD_Opt,2026-03-10 10:17:26.364691,76.33854675292969,69.24562072753906,0.0023743438068777,28.538,-0.233,0.0,0.3,0,0,1,,1.0,2026-03-10T10:17:26.364691,neutral,0.996,2026-03-10T10:17:25.084796,0.4955180884808859,2026-03-10T10:16:56.371000,71,,,
participant_04,4,day,Town10HD_Opt,2026-03-10 10:17:27.263082,41.03782653808594,52.85519027709961,0.001894531189464,16.417,-0.04,0.246,0.0,0,0,1,,0.802,2026-03-10T10:17:27.263082,happy,1.0,2026-03-10T10:17:27.263082,0.99,2026-03-10T10:17:27.960000,67,,,errors=Stop sign violation | Solid line crossing
participant_05,3,day,Town10HD_Opt,2026-03-10 10:17:27.285498,80.602294921875,69.63390350341797,0.0023188018240034,19.413,-1.102,0.0,0.316,0,0,1,,1.0,2026-03-10T10:17:27.285498,neutral,1.0,2026-03-10T10:17:27.285498,0.5065284733200148,2026-03-10T10:16:56.371000,69,,,
participant_04,4,day,Town10HD_Opt,2026-03-10 10:17:28.134657,40.77932357788086,55.745643615722656,0.0018795394571498,17.238,-1.438,0.334,0.0,0,0,1,,1.0,2026-03-10T10:17:28.134657,happy,1.0,2026-03-10T10:17:27.263082,0.99,2026-03-10T10:17:27.960000,68,,,
participant_05,3,day,Town10HD_Opt,2026-03-10 10:17:28.153325,83.50094604492188,69.8376235961914,0.0021133422851562,12.549,-0.618,0.0,0.44,0,0,1,,1.0,2026-03-10T10:17:28.153325,neutral,1.0,2026-03-10T10:17:27.285498,0.5614143244493074,2026-03-10T10:16:56.371000,69,,,
participant_04,4,day,Town10HD_Opt,2026-03-10 10:17:28.993353,40.68817901611328,58.87392044067383,0.0020643614698201,18.83,-15.189,0.805,0.0,0,0,1,,1.0,2026-03-10T10:17:28.993353,happy,1.0,2026-03-10T10:17:27.263082,0.99,2026-03-10T10:17:29.040000,68,,,
participant_05,3,day,Town10HD_Opt,2026-03-10 10:17:29.074827,85.26222229003906,69.94859313964844,0.0021187209058552,6.713,-0.468,0.0,0.556,0,0,1,,1.0,2026-03-10T10:17:29.074827,neutral,1.0,2026-03-10T10:17:27.285498,0.4870281081676632,2026-03-10T10:16:56.371000,70,,,
participant_04,4,day,Town10HD_Opt,2026-03-10 10:17:30.146493,42.38799285888672,64.31706237792969,0.0018292998429387,30.406,-15.267,0.643,0.0,0,0,1,,1.0,2026-03-10T10:17:30.146493,happy,1.0,2026-03-10T10:17:30.146493,0.862279053978893,2026-03-10T10:17:30.975000,69,,,
participant_05,3,day,Town10HD_Opt,2026-03-10 10:17:30.249212,85.51071166992188,69.9636459350586,0.0019449614919722,0.0,-0.233,0.0,0.465,0,0,1,,1.0,2026-03-10T10:17:30.249212,neutral,1.0,2026-03-10T10:17:30.249212,0.4912671429734118,2026-03-10T10:16:56.371000,71,,,
participant_04,4,day,Town10HD_Opt,2026-03-10 10:17:31.028835,46.16725540161133,68.61738586425781,0.0018982696346938,35.985,-16.362,0.638,0.0,0,0,1,,1.0,2026-03-10T10:17:31.028835,happy,1.0,2026-03-10T10:17:30.146493,0.9088996322922698,2026-03-10T10:17:30.975000,68,,,
participant_05,3,day,Town10HD_Opt,2026-03-10 10:17:31.123378,85.5107421875,69.9636459350586,0.0019202422117814,0.0,2.21,0.0,0.0,0,0,1,,1.0,2026-03-10T10:17:31.123378,neutral,1.0,2026-03-10T10:17:30.249212,0.520653433372613,2026-03-10T10:16:56.371000,71,,,
participant_04,4,day,Town10HD_Opt,2026-03-10 10:17:32.193330,54.62923049926758,71.2751693725586,0.001940498361364,41.759,-12.342,0.632,0.0,0,0,1,,1.0,2026-03-10T10:17:32.193330,happy,0.86,2026-03-10T10:17:32.193330,0.9468166029140584,2026-03-10T10:17:32.955000,67,,,
participant_05,3,day,Town10HD_Opt,2026-03-10 10:17:32.286755,85.58978271484375,69.97441101074219,0.0019017410231754,0.905,9.507,0.874,0.0,0,0,1,,1.0,2026-03-10T10:17:32.286755,neutral,1.0,2026-03-10T10:17:32.286755,0.524417260658643,2026-03-10T10:16:56.371000,71,,,
participant_04,4,day,Town10HD_Opt,2026-03-10 10:17:33.148669,61.90876388549805,70.73717498779297,0.0022670363541692,38.115,6.388,0.0,0.0,0,0,1,,1.0,2026-03-10T10:17:33.148669,happy,0.86,2026-03-10T10:17:32.193330,0.8848416282790089,2026-03-10T10:17:33.946000,68,,,
participant_05,3,day,Town10HD_Opt,2026-03-10 10:17:33.165636,86.89723205566406,70.20716857910156,0.0014053344493731,16.385,10.478,1.0,0.0,0,0,1,,1.0,2026-03-10T10:17:33.165636,neutral,1.0,2026-03-10T10:17:32.286755,0.5769956121810685,2026-03-10T10:16:56.371000,69,,,
participant_04,4,day,Town10HD_Opt,2026-03-10 10:17:34.003881,67.87155151367188,70.78911590576172,0.0023188018240034,29.436,-4.766,0.0,0.0,0,0,1,,1.0,2026-03-10T10:17:34.003881,happy,0.86,2026-03-10T10:17:32.193330,0.8882243629744696,2026-03-10T10:17:33.946000,69,,,
participant_05,3,day,Town10HD_Opt,2026-03-10 10:17:34.361383,92.37348175048828,72.1802749633789,0.0015481949085369,35.763,13.355,0.941,0.0,0,0,1,,1.0,2026-03-10T10:17:34.361383,neutral,0.998,2026-03-10T10:17:34.361383,0.500569393573091,2026-03-10T10:16:56.371000,70,,,
participant_04,4,day,Town10HD_Opt,2026-03-10 10:17:35.136041,73.69914245605469,70.49272918701172,0.0022709656041115,19.967,1.765,0.0,0.345,0,0,1,,0.882,2026-03-10T10:17:35.136041,sad,0.492,2026-03-10T10:17:35.136041,0.8503429430083128,2026-03-10T10:17:35.970000,75,,,
participant_05,3,day,Town10HD_Opt,2026-03-10 10:17:35.284743,97.56658172607422,77.01618957519531,0.0017073821509256,46.938,18.503,0.915,0.0,0,0,1,,1.0,2026-03-10T10:17:35.284743,neutral,0.998,2026-03-10T10:17:34.361383,0.50778378412738,2026-03-10T10:16:56.371000,71,,,
participant_04,4,day,Town10HD_Opt,2026-03-10 10:17:35.990143,76.57833099365234,70.4234619140625,0.002127876272425,12.625,-1.271,0.0,0.066,0,0,1,,1.0,2026-03-10T10:17:35.990143,sad,0.492,2026-03-10T10:17:35.136041,0.8656365578186205,2026-03-10T10:17:35.970000,74,Solid line crossing,Solid line crossing,
participant_05,3,day,Town10HD_Opt,2026-03-10 10:17:36.182818,99.52678680419922,85.37451171875,0.0021231842692941,48.843,4.584,0.909,0.0,0,0,1,,1.0,2026-03-10T10:17:36.182818,neutral,0.998,2026-03-10T10:17:34.361383,0.5598617881433762,2026-03-10T10:16:56.371000,69,,,
participant_05,3,day,Town10HD_Opt,2026-03-10 10:17:37.107577,98.81839752197266,94.1551284790039,0.0021760177332907,48.651,-1.034,0.894,0.0,0,0,1,,1.0,2026-03-10T10:17:37.107577,neutral,1.0,2026-03-10T10:17:37.107577,0.5686507564435512,2026-03-10T10:16:56.371000,70,,,
participant_04,4,day,Town10HD_Opt,2026-03-10 10:17:37.169859,79.09423828125,70.32372283935547,0.0020050429739058,8.891,-0.914,0.0,0.0,0,0,1,,1.0,2026-03-10T10:17:37.169859,sad,0.599,2026-03-10T10:17:37.169859,0.99,2026-03-10T10:17:37.950000,75,,,
participant_04,4,day,Town10HD_Opt,2026-03-10 10:17:38.011928,80.48201751708984,70.25485229492188,0.0019509505946189,7.437,-0.858,0.373,0.0,0,0,1,,0.906,2026-03-10T10:17:38.011928,sad,0.599,2026-03-10T10:17:37.169859,0.9829149859004398,2026-03-10T10:17:37.950000,75,,,
participant_05,3,day,Town10HD_Opt,2026-03-10 10:17:38.353897,97.17131805419922,105.58499145507812,0.0021327589638531,48.828,6.663,0.984,0.0,0,0,1,,1.0,2026-03-10T10:17:38.353897,neutral,1.0,2026-03-10T10:17:37.107577,0.5937439621772794,2026-03-10T10:16:56.371000,70,,,
participant_04,4,day,Town10HD_Opt,2026-03-10 10:17:39.108491,83.39178466796875,70.10140991210938,0.0017915343632921,19.323,1.565,0.755,0.0,0,0,1,,0.89,2026-03-10T10:17:39.108491,sad,0.599,2026-03-10T10:17:37.169859,0.99,2026-03-10T10:17:38.941000,74,,,
participant_05,3,day,Town10HD_Opt,2026-03-10 10:17:39.252173,93.4603042602539,113.53990173339844,0.0022620009258389,47.444,4.291,1.0,0.0,0,0,1,,1.0,2026-03-10T10:17:39.252173,neutral,0.997,2026-03-10T10:17:39.252173,0.5553597976868061,2026-03-10T10:16:56.371000,70,,,
participant_05,3,day,Town10HD_Opt,2026-03-10 10:17:40.203052,88.24812316894531,120.56871795654295,0.0021535491105169,48.795,6.462,0.981,0.0,0,0,1,,1.0,2026-03-10T10:17:40.203052,neutral,0.997,2026-03-10T10:17:39.252173,0.541809545890689,2026-03-10T10:16:56.371000,71,,,
participant_04,4,day,Town10HD_Opt,2026-03-10 10:17:40.239051,88.64588928222656,70.34901428222656,0.0021202850621193,22.417,12.296,0.206,0.0,0,0,1,,1.0,2026-03-10T10:17:40.239051,happy,0.921,2026-03-10T10:17:40.239051,0.99,2026-03-10T10:17:40.965000,71,,,
participant_05,3,day,Town10HD_Opt,2026-03-10 10:17:41.069015,81.49916076660156,126.1270751953125,0.002000655978918,51.233,7.368,0.0,0.123,0,0,1,,1.0,2026-03-10T10:17:41.069015,neutral,0.997,2026-03-10T10:17:39.252173,0.559596519762062,2026-03-10T10:16:56.371000,69,,,
participant_04,4,day,Town10HD_Opt,2026-03-10 10:17:41.075096,92.10201263427734,71.493896484375,0.0021370314061641,19.75,15.6,0.297,0.0,0,0,1,,1.0,2026-03-10T10:17:41.075096,happy,0.921,2026-03-10T10:17:40.239051,0.99,2026-03-10T10:17:40.965000,70,,,
participant_04,4,day,Town10HD_Opt,2026-03-10 10:17:42.179664,95.64459991455078,74.20722198486328,0.0020501709077507,19.481,16.803,0.377,0.0,0,0,1,,1.0,2026-03-10T10:17:42.179664,happy,0.921,2026-03-10T10:17:40.239051,0.99,2026-03-10T10:17:42.945000,70,,,
participant_05,3,day,Town10HD_Opt,2026-03-10 10:17:42.255555,70.70674133300781,130.50965881347656,0.0021881102584302,48.762,4.551,1.0,0.0,0,0,1,,1.0,2026-03-10T10:17:42.255555,neutral,0.897,2026-03-10T10:17:42.255555,0.525898471256674,2026-03-10T10:16:56.371000,71,,,
participant_04,4,day,Town10HD_Opt,2026-03-10 10:17:43.022911,97.55323791503906,77.10346984863281,0.0020184707827866,20.762,16.369,0.419,0.0,0,0,1,,1.0,2026-03-10T10:17:43.022911,neutral,0.974,2026-03-10T10:17:43.022911,0.99,2026-03-10T10:17:42.945000,69,,,
participant_05,3,day,Town10HD_Opt,2026-03-10 10:17:43.160028,62.0340461730957,131.8818359375,0.0021937561687082,48.573,4.459,1.0,0.0,0,0,1,,1.0,2026-03-10T10:17:43.160028,neutral,0.897,2026-03-10T10:17:42.255555,0.5256042797171968,2026-03-10T10:16:56.371000,71,,,
participant_04,4,day,Town10HD_Opt,2026-03-10 10:17:44.140514,98.87862396240234,82.00296020507812,0.0019905471708625,23.304,7.411,0.479,0.0,0,0,1,,1.0,2026-03-10T10:17:44.140514,neutral,0.974,2026-03-10T10:17:43.022911,0.99,2026-03-10T10:17:44.971000,67,,,
participant_05,3,day,Town10HD_Opt,2026-03-10 10:17:44.346103,50.39864730834961,132.06898498535156,0.002024192828685,50.618,-0.545,1.0,0.0,0,0,1,,1.0,2026-03-10T10:17:44.346103,neutral,0.999,2026-03-10T10:17:44.346103,0.4656305710010657,2026-03-10T10:16:56.371000,71,,,
participant_04,4,day,Town10HD_Opt,2026-03-10 10:17:45.004009,99.25450897216795,86.5126724243164,0.0017077254597097,31.702,3.304,0.991,0.0,0,0,1,,0.931,2026-03-10T10:17:45.004009,neutral,0.974,2026-03-10T10:17:43.022911,0.99,2026-03-10T10:17:44.971000,67,,,
participant_05,3,day,Town10HD_Opt,2026-03-10 10:17:45.263238,41.60719680786133,132.3148956298828,0.0020244598854333,50.679,0.409,1.0,0.0,0,0,1,,1.0,2026-03-10T10:17:45.263238,neutral,0.999,2026-03-10T10:17:44.346103,0.5723316217597892,2026-03-10T10:16:56.371000,69,,,
participant_04,4,day,Town10HD_Opt,2026-03-10 10:17:46.156689,98.94485473632812,95.70079803466795,0.0017575835809111,46.114,5.174,0.744,0.0,0,0,1,,1.0,2026-03-10T10:17:46.156689,neutral,0.545,2026-03-10T10:17:46.156689,0.9106223279172,2026-03-10T10:17:46.950000,69,,,
participant_05,3,day,Town10HD_Opt,2026-03-10 10:17:46.167646,32.80645751953125,132.43397521972656,0.0020262526813894,50.105,0.414,1.0,0.0,0,0,1,,1.0,2026-03-10T10:17:46.167646,neutral,0.999,2026-03-10T10:17:44.346103,0.5450533412942857,2026-03-10T10:16:56.371000,69,,,
participant_04,4,day,Town10HD_Opt,2026-03-10 10:17:47.255256,95.9628677368164,106.73296356201172,0.0021157073788344,49.076,4.277,0.732,0.0,0,0,1,,1.0,2026-03-10T10:17:47.255256,neutral,0.545,2026-03-10T10:17:46.156689,0.950996978709325,2026-03-10T10:17:48.030000,70,,,
participant_05,3,day,Town10HD_Opt,2026-03-10 10:17:47.345789,21.065629959106445,132.3981170654297,0.0019664764404296,50.382,0.052,0.537,0.0,0,0,1,,1.0,2026-03-10T10:17:47.345789,neutral,0.991,2026-03-10T10:17:47.345789,0.5676765541469482,2026-03-10T10:16:56.371000,70,,,
participant_04,4,day,Town10HD_Opt,2026-03-10 10:17:48.093394,91.86746978759766,114.4430923461914,0.0021377182565629,49.079,4.348,0.727,0.0,0,0,1,,1.0,2026-03-10T10:17:48.093394,neutral,0.545,2026-03-10T10:17:46.156689,0.8216674493521663,2026-03-10T10:17:48.030000,70,,,
participant_05,3,day,Town10HD_Opt,2026-03-10 10:17:48.233443,12.812353134155272,132.33465576171875,0.0022724531590938,43.17,0.035,0.202,0.0,0,0,1,,1.0,2026-03-10T10:17:48.233443,neutral,0.991,2026-03-10T10:17:47.345789,0.4239625637131241,2026-03-10T10:16:56.371000,70,,,
participant_04,4,day,Town10HD_Opt,2026-03-10 10:17:49.204936,84.25923919677734,123.08473205566406,0.0020137405954301,49.875,8.818,0.708,0.0,0,0,1,,1.0,2026-03-10T10:17:49.204936,neutral,0.461,2026-03-10T10:17:49.204936,0.853079583248891,2026-03-10T10:17:49.967000,68,Solid line crossing,Solid line crossing,errors=Solid line crossing
participant_05,3,day,Town10HD_Opt,2026-03-10 10:17:49.214609,5.908196926116943,132.2705535888672,0.0023387526161968,34.465,0.035,0.0,0.0,0,0,1,,1.0,2026-03-10T10:17:49.214609,neutral,0.991,2026-03-10T10:17:47.345789,0.5347109151764741,2026-03-10T10:16:56.371000,72,,,
participant_04,4,day,Town10HD_Opt,2026-03-10 10:17:50.060383,76.70720672607422,127.2400360107422,0.0021272278390824,48.362,4.948,0.705,0.0,0,0,1,,1.0,2026-03-10T10:17:50.060383,neutral,0.461,2026-03-10T10:17:49.204936,0.798701165518645,2026-03-10T10:17:49.967000,70,,,
participant_05,3,day,Town10HD_Opt,2026-03-10 10:17:50.145111,0.521729052066803,132.21498107910156,0.0022959518246352,26.118,-0.127,0.0,0.0,0,0,1,,1.0,2026-03-10T10:17:50.145111,neutral,0.999,2026-03-10T10:17:50.145111,0.5023597232371106,2026-03-10T10:16:56.371000,71,,,
participant_05,3,day,Town10HD_Opt,2026-03-10 10:17:51.202031,-3.587240219116211,132.18002319335938,0.0022537994664162,19.932,-0.148,0.0,0.0,0,0,1,,1.0,2026-03-10T10:17:51.202031,neutral,0.999,2026-03-10T10:17:50.145111,0.5966494836850252,2026-03-10T10:16:56.371000,70,,,
participant_04,4,day,Town10HD_Opt,2026-03-10 10:17:51.227370,65.44823455810547,129.96041870117188,0.0020702742040157,49.647,3.69,0.705,0.0,0,0,1,,1.0,2026-03-10T10:17:51.227370,neutral,0.828,2026-03-10T10:17:51.227370,0.7372389996085416,2026-03-10T10:17:51.945000,64,,,
participant_05,3,day,Town10HD_Opt,2026-03-10 10:17:52.104651,-6.693109512329102,132.16294860839844,0.0020191192161291,15.184,-0.148,0.0,0.0,0,0,1,,1.0,2026-03-10T10:17:52.104651,neutral,0.999,2026-03-10T10:17:50.145111,0.561163660111569,2026-03-10T10:16:56.371000,70,,,
participant_04,4,day,Town10HD_Opt,2026-03-10 10:17:52.117810,56.73876953125,130.58453369140625,0.0020927428267896,49.405,0.338,0.705,0.0,0,0,1,,0.839,2026-03-10T10:17:52.117810,neutral,0.828,2026-03-10T10:17:51.227370,0.7705471621642864,2026-03-10T10:17:51.945000,65,,,
participant_04,4,day,Town10HD_Opt,2026-03-10 10:17:53.084709,48.00450134277344,130.83499145507812,0.0021165085490792,49.179,0.771,0.706,0.0,0,0,1,,1.0,2026-03-10T10:17:53.084709,neutral,0.828,2026-03-10T10:17:51.227370,0.8072485210787503,2026-03-10T10:17:53.161000,64,,,
participant_05,3,day,Town10HD_Opt,2026-03-10 10:17:53.280809,-9.763509750366213,132.15402221679688,0.0020112609490752,11.131,-0.148,0.211,0.0,0,0,1,,1.0,2026-03-10T10:17:53.280809,neutral,0.999,2026-03-10T10:17:53.280809,0.5459643999246383,2026-03-10T10:16:56.371000,69,,,
participant_04,4,day,Town10HD_Opt,2026-03-10 10:17:53.992573,39.26896667480469,131.06924438476562,0.002134742680937,49.04,-0.094,0.706,0.0,0,0,1,,1.0,2026-03-10T10:17:53.992573,neutral,0.867,2026-03-10T10:17:53.992573,0.7029448750301774,2026-03-10T10:17:53.973000,62,,,
participant_05,3,day,Town10HD_Opt,2026-03-10 10:17:54.209821,-11.837188720703123,132.15234375,0.0018350600730627,13.315,-0.148,0.336,0.0,0,0,1,,1.0,2026-03-10T10:17:54.209821,neutral,0.999,2026-03-10T10:17:53.280809,0.5193176647185749,2026-03-10T10:16:56.371000,71,,,
participant_05,3,day,Town10HD_Opt,2026-03-10 10:17:55.090489,-14.24028491973877,132.15463256835938,0.0019350051879882,13.87,-0.157,0.925,0.0,0,0,1,,1.0,2026-03-10T10:17:55.090489,neutral,0.999,2026-03-10T10:17:53.280809,0.5524833158974818,2026-03-10T10:16:56.371000,70,,,
participant_04,4,day,Town10HD_Opt,2026-03-10 10:17:55.225546,27.65540313720703,131.35411071777344,0.0020163727458566,50.154,0.016,0.706,0.0,0,0,1,,1.0,2026-03-10T10:17:55.225546,neutral,0.867,2026-03-10T10:17:53.992573,0.5824666977308358,2026-03-10T10:17:55.951000,60,,,
participant_04,4,day,Town10HD_Opt,2026-03-10 10:17:56.174466,18.92557716369629,131.5880584716797,0.0020412062294781,49.868,0.451,0.706,0.0,0,0,1,,0.9,2026-03-10T10:17:56.174466,sad,0.665,2026-03-10T10:17:56.174466,0.6168621579870315,2026-03-10T10:17:55.951000,61,,,
participant_05,3,day,Town10HD_Opt,2026-03-10 10:17:56.341147,-19.24937629699707,132.17257690429688,0.0015208434779196,32.334,-0.045,0.999,0.0,0,0,1,,1.0,2026-03-10T10:17:56.341147,neutral,0.998,2026-03-10T10:17:56.341147,0.4994675583170917,2026-03-10T10:16:56.371000,70,,,
participant_04,4,day,Town10HD_Opt,2026-03-10 10:17:57.063034,10.19765281677246,131.72323608398438,0.0020693587139248,49.542,0.461,0.702,0.0,0,0,1,,0.906,2026-03-10T10:17:57.063034,sad,0.665,2026-03-10T10:17:56.174466,0.6185841914399481,2026-03-10T10:17:57.076000,63,,,
participant_05,3,day,Town10HD_Opt,2026-03-10 10:17:57.323081,-26.074317932128903,131.8970489501953,0.0015889739152044,46.551,9.114,0.946,0.0,0,0,1,,1.0,2026-03-10T10:17:57.323081,neutral,0.998,2026-03-10T10:17:56.341147,0.5326059695847852,2026-03-10T10:16:56.371000,70,,,
participant_04,4,day,Town10HD_Opt,2026-03-10 10:17:58.232942,-1.410893201828003,131.64756774902344,0.001981658861041,50.397,0.446,0.663,0.0,0,0,1,,0.848,2026-03-10T10:17:58.232942,sad,0.788,2026-03-10T10:17:58.232942,0.4739689073799039,2026-03-10T10:17:58.965000,65,,,
participant_05,3,day,Town10HD_Opt,2026-03-10 10:17:58.301082,-34.2855110168457,129.2187957763672,0.0021779250819236,47.918,12.263,0.934,0.0,0,0,1,,1.0,2026-03-10T10:17:58.301082,neutral,0.998,2026-03-10T10:17:56.341147,0.5134604480127191,2026-03-10T10:16:56.371000,70,,,
participant_04,4,day,Town10HD_Opt,2026-03-10 10:17:59.126701,-10.08794116973877,131.41140747070312,0.0020371626596897,49.507,-0.261,0.663,0.0,0,0,1,,0.851,2026-03-10T10:17:59.126701,sad,0.788,2026-03-10T10:17:58.232942,0.5674854913166706,2026-03-10T10:17:59.955000,65,,,
participant_05,3,day,Town10HD_Opt,2026-03-10 10:17:59.226400,-40.41938781738281,123.18502044677734,0.0021065901964902,48.832,15.226,0.927,0.0,0,0,1,,1.0,2026-03-10T10:17:59.226400,neutral,0.996,2026-03-10T10:17:59.226400,0.6272545696914835,2026-03-10T10:16:56.371000,69,,,
participant_04,4,day,Town10HD_Opt,2026-03-10 10:18:00.052280,-18.80254364013672,131.27755737304688,0.0021327589638531,48.499,-0.179,0.288,0.0,0,0,1,,1.0,2026-03-10T10:18:00.052280,sad,0.788,2026-03-10T10:17:58.232942,0.4753885559851645,2026-03-10T10:17:59.955000,66,,,
participant_05,3,day,Town10HD_Opt,2026-03-10 10:18:00.221920,-42.64129257202149,114.91600036621094,0.0019319152925163,50.946,4.893,0.0,0.0,0,0,1,,1.0,2026-03-10T10:18:00.221920,neutral,0.996,2026-03-10T10:17:59.226400,0.5953928937398495,2026-03-10T10:16:56.371000,71,,,
participant_04,4,day,Town10HD_Opt,2026-03-10 10:18:01.183581,-29.479555130004883,130.6616973876953,0.0023181533906608,40.839,13.102,0.165,0.0,0,0,1,,1.0,2026-03-10T10:18:01.183581,sad,0.828,2026-03-10T10:18:01.183581,0.5193486245269292,2026-03-10T10:18:01.981000,62,,,
participant_05,3,day,Town10HD_Opt,2026-03-10 10:18:01.193613,-42.49617004394531,106.26333618164062,0.0019896316807717,49.983,-2.546,0.528,0.0,0,0,1,,1.0,2026-03-10T10:18:01.193613,neutral,0.996,2026-03-10T10:17:59.226400,0.5791168828515292,2026-03-10T10:16:56.371000,70,,,
participant_04,4,day,Town10HD_Opt,2026-03-10 10:18:02.071002,-35.42267608642578,127.60997772216795,0.0020855329930782,38.546,14.036,0.595,0.0,0,0,1,,1.0,2026-03-10T10:18:02.071002,sad,0.828,2026-03-10T10:18:01.183581,0.5713958546468837,2026-03-10T10:18:01.981000,63,,,
participant_05,3,day,Town10HD_Opt,2026-03-10 10:18:02.112354,-42.93846130371094,97.71207427978516,0.0023022459354251,44.575,-0.938,0.0,0.0,0,0,1,,1.0,2026-03-10T10:18:02.112354,neutral,0.998,2026-03-10T10:18:02.112354,0.4819825426060497,2026-03-10T10:18:01.945000,73,,,
participant_04,4,day,Town10HD_Opt,2026-03-10 10:18:03.000158,-39.65766143798828,122.02708435058594,0.0019264221191406,42.608,10.908,0.637,0.0,0,0,1,,1.0,2026-03-10T10:18:03.000158,sad,0.828,2026-03-10T10:18:01.183581,0.5185474796533691,2026-03-10T10:18:02.971000,61,,,
participant_05,3,day,Town10HD_Opt,2026-03-10 10:18:03.088489,-43.58164596557617,90.7632827758789,0.0023274230770766,35.154,0.106,0.227,0.0,0,0,1,,1.0,2026-03-10T10:18:03.088489,neutral,0.998,2026-03-10T10:18:02.112354,0.581161267983578,2026-03-10T10:18:02.979000,73,,,
participant_04,4,day,Town10HD_Opt,2026-03-10 10:18:04.190600,-41.71474838256836,111.9190902709961,0.0019448088714852,47.297,6.528,0.629,0.0,0,0,1,,1.0,2026-03-10T10:18:04.190600,sad,0.8,2026-03-10T10:18:04.190600,0.4849093170014061,2026-03-10T10:18:05.041000,58,,,
participant_05,3,day,Town10HD_Opt,2026-03-10 10:18:04.321650,-43.86634826660156,82.93024444580078,0.0020009230356663,34.337,8.625,0.687,0.0,0,0,1,,1.0,2026-03-10T10:18:04.321650,neutral,0.99,2026-03-10T10:18:04.321650,0.5591016504978934,2026-03-10T10:18:03.969000,74,,,
participant_04,4,day,Town10HD_Opt,2026-03-10 10:18:05.101124,-41.2607650756836,103.83462524414062,0.0023185729514807,41.76,-10.029,0.062,0.0,0,0,1,,1.0,2026-03-10T10:18:05.101124,sad,0.8,2026-03-10T10:18:04.190600,0.5350032952279273,2026-03-10T10:18:05.940000,57,,,
participant_05,3,day,Town10HD_Opt,2026-03-10 10:18:05.284728,-42.31128692626953,76.57042694091797,0.0017763137584552,42.787,14.256,0.814,0.0,0,0,1,,1.0,2026-03-10T10:18:05.284728,neutral,0.99,2026-03-10T10:18:04.321650,0.6055333890728618,2026-03-10T10:18:05.009000,70,,,
participant_04,4,day,Town10HD_Opt,2026-03-10 10:18:06.039416,-42.34699249267578,97.37722778320312,0.0023389435373246,32.527,5.519,0.159,0.0,0,0,1,,1.0,2026-03-10T10:18:06.039416,sad,0.8,2026-03-10T10:18:04.190600,0.5189040022314001,2026-03-10T10:18:05.940000,57,,,
participant_05,3,day,Town10HD_Opt,2026-03-10 10:18:06.306936,-37.34165573120117,70.54632568359375,0.0018877410329878,48.052,21.017,0.675,0.0,0,0,1,,1.0,2026-03-10T10:18:06.306936,neutral,0.99,2026-03-10T10:18:04.321650,0.5744907872972935,2026-03-10T10:18:05.994000,71,,,
participant_04,4,day,Town10HD_Opt,2026-03-10 10:18:07.229425,-43.10836410522461,90.63435363769533,0.0021488571073859,26.497,6.232,0.357,0.0,0,0,1,,1.0,2026-03-10T10:18:07.229425,sad,0.721,2026-03-10T10:18:07.229425,0.5871077928824338,2026-03-10T10:18:07.966000,57,,,
participant_05,3,day,Town10HD_Opt,2026-03-10 10:18:07.342373,-29.38672065734864,68.94956970214844,0.0021106719505041,46.256,6.319,0.42,0.0,0,0,1,,1.0,2026-03-10T10:18:07.342373,neutral,0.989,2026-03-10T10:18:07.342373,0.5613262768506838,2026-03-10T10:18:06.984000,71,,,
participant_04,4,day,Town10HD_Opt,2026-03-10 10:18:08.170250,-42.82673645019531,86.03558349609375,0.002042083768174,26.686,11.05,0.404,0.0,0,0,1,,1.0,2026-03-10T10:18:08.170250,sad,0.721,2026-03-10T10:18:07.229425,0.5715155535595955,2026-03-10T10:18:09.001000,58,,,
participant_05,3,day,Town10HD_Opt,2026-03-10 10:18:08.314884,-21.54085350036621,70.1377944946289,0.0021474456880241,43.544,-4.841,0.261,0.0,0,0,1,,1.0,2026-03-10T10:18:08.314884,neutral,0.989,2026-03-10T10:18:07.342373,0.5709463553456783,2026-03-10T10:18:08.289000,69,,,errors=Solid line crossing
participant_04,4,day,Town10HD_Opt,2026-03-10 10:18:09.087460,-41.48440933227539,81.40901947021484,0.0019291305216029,29.293,5.692,0.577,0.0,0,0,1,,1.0,2026-03-10T10:18:09.087460,sad,0.721,2026-03-10T10:18:07.229425,0.5588895265272914,2026-03-10T10:18:09.001000,59,,,
participant_05,3,day,Town10HD_Opt,2026-03-10 10:18:09.299603,-14.296746253967283,70.46414947509766,0.0021852874197065,38.809,-1.775,0.263,0.0,0,0,1,,1.0,2026-03-10T10:18:09.299603,neutral,0.989,2026-03-10T10:18:07.342373,0.4893696518273141,2026-03-10T10:18:09.099000,71,,,
participant_04,4,day,Town10HD_Opt,2026-03-10 10:18:09.994727,-39.03681945800781,76.50094604492188,0.001925888005644,33.647,13.338,0.577,0.0,0,0,1,,1.0,2026-03-10T10:18:09.994727,sad,0.79,2026-03-10T10:18:09.994727,0.5394985537227711,2026-03-10T10:18:09.946000,61,,,
participant_05,3,day,Town10HD_Opt,2026-03-10 10:18:10.289268,-7.751583099365234,70.337158203125,0.0021038055419921,36.52,-0.604,0.541,0.0,0,0,1,,1.0,2026-03-10T10:18:10.289268,neutral,1.0,2026-03-10T10:18:10.289268,0.5308988526055041,2026-03-10T10:18:10,70,,,
participant_05,3,day,Town10HD_Opt,2026-03-10 10:18:11.213842,-1.188324213027954,70.01615142822266,0.0019756315741688,38.73,0.653,0.499,0.0,0,0,1,,1.0,2026-03-10T10:18:11.213842,neutral,1.0,2026-03-10T10:18:10.289268,0.5765284050403469,2026-03-10T10:18:11.079000,70,,,
participant_04,4,day,Town10HD_Opt,2026-03-10 10:18:11.231275,-32.56923294067383,71.44937896728516,0.0019680403638631,38.153,13.872,0.579,0.0,0,0,1,,1.0,2026-03-10T10:18:11.231275,sad,0.79,2026-03-10T10:18:09.994727,0.5298833545824606,2026-03-10T10:18:11.970000,59,,,
participant_04,4,day,Town10HD_Opt,2026-03-10 10:18:12.106075,-25.77979850769043,70.15047454833984,0.0019436263246461,41.559,-0.609,0.578,0.0,0,0,1,phone_call,0.817,2026-03-10T10:18:12.106075,neutral,0.524,2026-03-10T10:18:12.106075,0.5296737675246647,2026-03-10T10:18:11.970000,61,,,
participant_05,3,day,Town10HD_Opt,2026-03-10 10:18:12.179566,5.496570110321045,69.7731704711914,0.0022314072120934,35.089,0.04,0.0,0.0,0,0,1,,1.0,2026-03-10T10:18:12.179566,neutral,1.0,2026-03-10T10:18:10.289268,0.6071705178284792,2026-03-10T10:18:12.069000,69,,,
participant_04,4,day,Town10HD_Opt,2026-03-10 10:18:13.036828,-18.30417251586914,69.35297393798828,0.0019464873475953,44.422,5.155,0.573,0.0,0,0,1,,1.0,2026-03-10T10:18:13.036828,neutral,0.524,2026-03-10T10:18:12.106075,0.4702501036924651,2026-03-10T10:18:13.005000,62,,,errors=Solid line crossing
participant_05,3,day,Town10HD_Opt,2026-03-10 10:18:13.144370,10.978073120117188,69.5953598022461,0.0022961043287068,27.053,0.75,0.0,0.0,0,0,1,,1.0,2026-03-10T10:18:13.144370,neutral,0.998,2026-03-10T10:18:13.144370,0.5395752588397312,2026-03-10T10:18:13.149000,69,,,
participant_04,4,day,Town10HD_Opt,2026-03-10 10:18:14.011449,-10.429222106933594,69.14659881591797,0.0020274734124541,45.304,1.307,0.484,0.0,0,0,1,,1.0,2026-03-10T10:18:14.011449,neutral,0.524,2026-03-10T10:18:12.106075,0.5387542391790013,2026-03-10T10:18:13.950000,64,,,
participant_05,3,day,Town10HD_Opt,2026-03-10 10:18:14.110177,15.16344165802002,69.53824615478516,0.0022607040591537,19.932,0.646,0.0,0.052,0,0,1,,1.0,2026-03-10T10:18:14.110177,neutral,0.998,2026-03-10T10:18:13.144370,0.5599627082976586,2026-03-10T10:18:14.049000,69,,,
participant_05,3,day,Town10HD_Opt,2026-03-10 10:18:15.074220,18.28743934631348,69.53801727294922,0.0020268631633371,14.995,0.646,0.0,0.072,0,0,1,,1.0,2026-03-10T10:18:15.074220,neutral,0.998,2026-03-10T10:18:13.144370,0.4975552857052003,2026-03-10T10:18:14.995000,68,,,
participant_04,4,day,Town10HD_Opt,2026-03-10 10:18:15.227462,0.1625855267047882,69.68184661865234,0.0020363617222756,45.591,-2.395,0.475,0.0,0,0,1,,1.0,2026-03-10T10:18:15.227462,neutral,0.518,2026-03-10T10:18:15.227462,0.5069361688041616,2026-03-10T10:18:15.976000,65,,,
participant_04,4,day,Town10HD_Opt,2026-03-10 10:18:16.203425,8.117691993713379,69.66874694824219,0.0020652769599109,44.921,-0.837,0.085,0.0,0,0,1,,1.0,2026-03-10T10:18:16.203425,neutral,0.518,2026-03-10T10:18:15.227462,0.5352115983994788,2026-03-10T10:18:16.966000,63,,,
participant_05,3,day,Town10HD_Opt,2026-03-10 10:18:16.343512,21.260501861572266,69.57035827636719,0.0020327377133071,10.192,0.62,0.0,0.037,0,0,1,,1.0,2026-03-10T10:18:16.343512,neutral,0.979,2026-03-10T10:18:16.343512,0.6199674160263663,2026-03-10T10:18:16.029000,68,,,
participant_04,4,day,Town10HD_Opt,2026-03-10 10:18:17.185501,15.295308113098145,69.30057525634766,0.0023515319917351,35.666,0.874,0.0,0.345,0,0,1,,1.0,2026-03-10T10:18:17.185501,neutral,0.518,2026-03-10T10:18:15.227462,0.5407228305368674,2026-03-10T10:18:17.955000,64,,,errors=Harsh braking | Solid line crossing
participant_05,3,day,Town10HD_Opt,2026-03-10 10:18:17.348862,22.80422592163086,69.59928894042969,0.0020133589860051,7.259,0.618,0.0,0.044,0,0,1,,1.0,2026-03-10T10:18:17.348862,neutral,0.979,2026-03-10T10:18:16.343512,0.6061446527815407,2026-03-10T10:18:17.023000,68,,,
participant_04,4,day,Town10HD_Opt,2026-03-10 10:18:18.115159,20.574676513671875,69.14319610595703,0.0024301910307258,23.606,0.747,0.0,0.772,0,0,1,,1.0,2026-03-10T10:18:18.115159,sad,0.952,2026-03-10T10:18:18.115159,0.5192124624014752,2026-03-10T10:18:17.955000,66,,,
participant_05,3,day,Town10HD_Opt,2026-03-10 10:18:18.333993,23.812973022460938,69.62203979492188,0.0022953413426876,0.0,0.618,0.0,0.04,0,0,1,,1.0,2026-03-10T10:18:18.333993,neutral,0.979,2026-03-10T10:18:16.343512,0.5876790882349039,2026-03-10T10:18:18.144000,69,,,
participant_04,4,day,Town10HD_Opt,2026-03-10 10:18:19.069961,22.78666877746582,69.11980438232422,0.0026818083133548,0.002,0.665,0.0,0.914,0,0,1,,1.0,2026-03-10T10:18:19.069961,sad,0.952,2026-03-10T10:18:18.115159,0.5759602884645459,2026-03-10T10:18:19.040000,64,,,
participant_05,3,day,Town10HD_Opt,2026-03-10 10:18:19.366951,23.818639755249023,69.62217712402344,0.0019294356461614,0.605,0.618,0.657,0.0,0,0,1,,1.0,2026-03-10T10:18:19.366951,neutral,0.998,2026-03-10T10:18:19.366951,0.6198672309974516,2026-03-10T10:18:19.181000,69,,,
participant_04,4,day,Town10HD_Opt,2026-03-10 10:18:20.039392,22.78755569458008,69.11979675292969,0.0019440078176558,0.0,0.665,0.0,0.427,0,0,1,,1.0,2026-03-10T10:18:20.039392,sad,0.952,2026-03-10T10:18:18.115159,0.4956384406821405,2026-03-10T10:18:19.981000,62,,,
participant_05,3,day,Town10HD_Opt,2026-03-10 10:18:20.272767,24.733428955078125,69.6476821899414,0.0015630340203642,11.236,0.618,0.632,0.0,0,0,1,,1.0,2026-03-10T10:18:20.272767,neutral,0.998,2026-03-10T10:18:19.366951,0.7086969460980878,2026-03-10T10:18:19.993000,70,,,
participant_04,4,day,Town10HD_Opt,2026-03-10 10:18:21.215248,22.78758811950684,69.11979675292969,0.001919784466736,0.0,0.665,0.0,0.0,0,0,1,,1.0,2026-03-10T10:18:21.215248,sad,0.634,2026-03-10T10:18:21.215248,0.5538774752470284,2026-03-10T10:18:21.961000,66,,,
participant_05,3,day,Town10HD_Opt,2026-03-10 10:18:21.218574,27.186248779296875,69.71173095703125,0.0017878722865134,16.127,-2.41,0.373,0.0,0,0,1,,1.0,2026-03-10T10:18:21.218574,neutral,0.998,2026-03-10T10:18:19.366951,0.6563945438396273,2026-03-10T10:18:20.980000,69,,,
participant_04,4,day,Town10HD_Opt,2026-03-10 10:18:22.096620,22.78758811950684,69.11979675292969,0.001919784466736,0.0,0.665,0.0,0.0,0,0,1,,1.0,2026-03-10T10:18:22.096620,sad,0.634,2026-03-10T10:18:21.215248,0.5875009512909581,2026-03-10T10:18:22.951000,67,,,
participant_05,3,day,Town10HD_Opt,2026-03-10 10:18:22.174437,30.191869735717773,69.56603240966797,0.002067451365292,18.286,-7.813,0.355,0.0,0,0,1,,1.0,2026-03-10T10:18:22.174437,neutral,0.99,2026-03-10T10:18:22.174437,0.6800685212391496,2026-03-10T10:18:21.973000,67,,,
participant_04,4,day,Town10HD_Opt,2026-03-10 10:18:22.995188,23.16139793395996,69.11665344238281,0.0015291976742446,8.713,0.134,1.0,0.0,0,0,1,,1.0,2026-03-10T10:18:22.995188,sad,0.634,2026-03-10T10:18:21.215248,0.6468548766838059,2026-03-10T10:18:22.951000,65,,,
participant_05,3,day,Town10HD_Opt,2026-03-10 10:18:23.122075,33.3543815612793,68.9903564453125,0.0019603348337113,20.379,-8.942,0.986,0.0,0,0,1,,1.0,2026-03-10T10:18:23.122075,neutral,0.99,2026-03-10T10:18:22.174437,0.7880557749424731,2026-03-10T10:18:23.005000,69,,,
participant_04,4,day,Town10HD_Opt,2026-03-10 10:18:24.184874,27.357139587402344,69.03814697265625,0.001586418133229,28.438,-4.749,1.0,0.0,0,0,1,,1.0,2026-03-10T10:18:24.184874,sad,0.649,2026-03-10T10:18:24.184874,0.6288788335347506,2026-03-10T10:18:24.975000,65,,,errors=Solid line crossing
participant_05,3,day,Town10HD_Opt,2026-03-10 10:18:24.321090,39.64154815673828,66.03275299072266,0.0015821075066924,40.813,-16.637,0.99,0.0,0,0,1,,1.0,2026-03-10T10:18:24.321090,neutral,0.988,2026-03-10T10:18:24.321090,0.800367518760541,2026-03-10T10:18:23.950000,67,,,
participant_04,4,day,Town10HD_Opt,2026-03-10 10:18:25.110354,33.41130828857422,68.0007095336914,0.0016227340092882,41.552,-7.299,0.609,0.0,0,0,1,,1.0,2026-03-10T10:18:25.110354,sad,0.649,2026-03-10T10:18:24.184874,0.6269409977752148,2026-03-10T10:18:24.975000,67,,,
participant_05,3,day,Town10HD_Opt,2026-03-10 10:18:25.266138,44.44182205200195,59.57305908203125,0.0014985656598582,51.213,-12.468,0.0,0.126,0,0,1,,1.0,2026-03-10T10:18:25.266138,neutral,0.988,2026-03-10T10:18:24.321090,0.7148551600486499,2026-03-10T10:18:25.014000,67,,,errors=Vehicle-pedestrian collision
participant_05,3,day,Town10HD_Opt,2026-03-10 10:18:26.163385,45.89402389526367,51.49143600463867,0.0023434448521584,41.377,-4.879,0.0,0.222,0,0,1,,1.0,2026-03-10T10:18:26.163385,neutral,0.988,2026-03-10T10:18:24.321090,0.7433405882291414,2026-03-10T10:18:26.019000,66,,,
participant_04,4,day,Town10HD_Opt,2026-03-10 10:18:26.266612,41.4915771484375,64.26484680175781,0.0023342894855886,32.089,-12.275,0.0,0.0,0,0,1,,1.0,2026-03-10T10:18:26.266612,sad,0.56,2026-03-10T10:18:26.266612,0.6624568861785827,2026-03-10T10:18:26.956000,66,,,
participant_04,4,day,Town10HD_Opt,2026-03-10 10:18:27.189920,44.69871139526367,60.5572624206543,0.0022796248085796,25.746,-26.243,0.404,0.0,0,0,1,,1.0,2026-03-10T10:18:27.189920,sad,0.56,2026-03-10T10:18:26.266612,0.6127539595544252,2026-03-10T10:18:27.946000,68,,,
participant_05,3,day,Town10HD_Opt,2026-03-10 10:18:27.328998,45.27631759643555,43.40645599365234,0.0023227690253406,28.358,3.16,0.0,0.0,0,0,1,,1.0,2026-03-10T10:18:27.328998,neutral,1.0,2026-03-10T10:18:27.328998,0.8331587087353116,2026-03-10T10:18:27.055000,67,,,
participant_04,4,day,Town10HD_Opt,2026-03-10 10:18:28.065543,45.65940475463867,56.17181396484375,0.0020844268146902,25.627,-7.67,0.315,0.0,0,0,1,,0.872,2026-03-10T10:18:28.065543,sad,0.56,2026-03-10T10:18:26.266612,0.6686427783083224,2026-03-10T10:18:27.946000,66,,,
participant_05,3,day,Town10HD_Opt,2026-03-10 10:18:28.207274,45.17548370361328,38.85730743408203,0.0021012497600167,25.082,5.652,0.453,0.0,0,0,1,,1.0,2026-03-10T10:18:28.207274,neutral,1.0,2026-03-10T10:18:27.328998,0.784061676620852,2026-03-10T10:18:27.954000,65,,,
participant_05,3,day,Town10HD_Opt,2026-03-10 10:18:29.130517,45.9063720703125,34.4398078918457,0.0020470046438276,26.11,19.712,0.415,0.0,0,0,1,,1.0,2026-03-10T10:18:29.130517,neutral,1.0,2026-03-10T10:18:27.328998,0.7580814442129429,2026-03-10T10:18:29.034000,66,,,
participant_04,4,day,Town10HD_Opt,2026-03-10 10:18:29.212937,45.76730728149414,50.31272506713867,0.0020625304896384,24.804,-5.607,0.472,0.0,0,0,1,,0.885,2026-03-10T10:18:29.212937,sad,0.821,2026-03-10T10:18:29.212937,0.690548346144355,2026-03-10T10:18:30.016000,68,,,
participant_05,3,day,Town10HD_Opt,2026-03-10 10:18:30.073227,48.42112350463867,30.663291931152344,0.0020793532021343,26.651,22.686,0.519,0.0,0,0,1,,1.0,2026-03-10T10:18:30.073227,neutral,0.989,2026-03-10T10:18:30.073227,0.6402331217910416,2026-03-10T10:18:29.979000,66,,,
participant_04,4,day,Town10HD_Opt,2026-03-10 10:18:30.134486,45.18678283691406,45.75400161743164,0.0019125747494399,28.347,-3.931,0.552,0.0,0,0,1,,1.0,2026-03-10T10:18:30.134486,sad,0.821,2026-03-10T10:18:29.212937,0.7511363917378807,2026-03-10T10:18:30.961000,67,,,
participant_04,4,day,Town10HD_Opt,2026-03-10 10:18:31.028076,44.59319686889648,40.49116897583008,0.0019446563674136,32.037,14.295,0.538,0.0,0,0,1,,1.0,2026-03-10T10:18:31.028076,sad,0.821,2026-03-10T10:18:29.212937,0.6864741238092111,2026-03-10T10:18:30.961000,69,,,
participant_05,3,day,Town10HD_Opt,2026-03-10 10:18:31.294516,54.30816268920898,27.58519554138184,0.0019444655627012,31.242,6.419,0.51,0.0,0,0,1,,1.0,2026-03-10T10:18:31.294516,neutral,0.989,2026-03-10T10:18:30.073227,0.671860764473703,2026-03-10T10:18:31.014000,65,,,
participant_04,4,day,Town10HD_Opt,2026-03-10 10:18:32.163990,46.91835403442383,33.142364501953125,0.0020330047700554,34.637,17.876,0.495,0.0,0,0,1,,1.0,2026-03-10T10:18:32.163990,neutral,0.936,2026-03-10T10:18:32.163990,0.6828584323382426,2026-03-10T10:18:32.041000,65,,,
participant_05,3,day,Town10HD_Opt,2026-03-10 10:18:32.173312,59.76647186279297,26.18627166748047,0.0019843291956931,33.484,6.884,0.681,0.0,0,0,1,,1.0,2026-03-10T10:18:32.173312,neutral,0.987,2026-03-10T10:18:32.173312,0.5758133216613808,2026-03-10T10:18:31.959000,67,,,
participant_04,4,day,Town10HD_Opt,2026-03-10 10:18:33.060232,51.26887512207031,29.27033805847168,0.0022580719087272,30.572,12.524,0.0,0.0,0,0,1,,0.819,2026-03-10T10:18:33.060232,neutral,0.936,2026-03-10T10:18:32.163990,0.6873225624868823,2026-03-10T10:18:33.121000,65,,,
participant_05,3,day,Town10HD_Opt,2026-03-10 10:18:33.086459,66.45782470703125,25.662960052490234,0.0016012954292818,45.943,3.648,0.967,0.0,0,0,1,,1.0,2026-03-10T10:18:33.086459,neutral,0.987,2026-03-10T10:18:32.173312,0.5394021288681886,2026-03-10T10:18:32.949000,67,,,
participant_04,4,day,Town10HD_Opt,2026-03-10 10:18:34.180354,56.96379089355469,27.216217041015625,0.0022390745580196,21.814,5.259,0.264,0.0,0,0,1,,1.0,2026-03-10T10:18:34.180354,neutral,0.835,2026-03-10T10:18:34.180354,0.6652042443627237,2026-03-10T10:18:35.011000,66,,,
participant_05,3,day,Town10HD_Opt,2026-03-10 10:18:34.240081,78.00995635986328,26.05387306213379,0.002093200571835,49.284,-0.357,0.796,0.0,0,0,1,,1.0,2026-03-10T10:18:34.240081,neutral,0.998,2026-03-10T10:18:34.240081,0.6616679418994507,2026-03-10T10:18:33.982000,69,,,
participant_04,4,day,Town10HD_Opt,2026-03-10 10:18:35.058767,60.53768539428711,26.415834426879883,0.0020978164393454,20.092,-0.837,0.269,0.0,0,0,1,phone_call,0.972,2026-03-10T10:18:35.058767,neutral,0.835,2026-03-10T10:18:34.180354,0.6983432184300084,2026-03-10T10:18:35.011000,66,,,
participant_05,3,day,Town10HD_Opt,2026-03-10 10:18:35.122647,86.76494598388672,26.33601951599121,0.0040339659899473,48.512,-4.393,0.509,0.0,0,0,1,,1.0,2026-03-10T10:18:35.122647,neutral,0.998,2026-03-10T10:18:34.240081,0.7299727902775954,2026-03-10T10:18:35.110000,69,,,
participant_04,4,day,Town10HD_Opt,2026-03-10 10:18:36.203124,65.01539611816406,25.50853538513184,0.0020526503212749,19.311,4.452,0.231,0.0,0,0,1,,0.809,2026-03-10T10:18:36.203124,neutral,0.899,2026-03-10T10:18:36.203124,0.6729782104086744,2026-03-10T10:18:36.946000,65,,,
participant_05,3,day,Town10HD_Opt,2026-03-10 10:18:36.291215,97.42963409423828,23.89350700378418,0.0021292113233357,46.021,-16.381,0.465,0.0,0,0,1,,1.0,2026-03-10T10:18:36.291215,neutral,1.0,2026-03-10T10:18:36.291215,0.7164435404622492,2026-03-10T10:18:35.964000,69,,,
participant_04,4,day,Town10HD_Opt,2026-03-10 10:18:37.088508,68.26142883300781,25.11799049377441,0.0020484160631895,18.231,0.305,0.24,0.0,0,0,1,,1.0,2026-03-10T10:18:37.088508,neutral,0.899,2026-03-10T10:18:36.203124,0.6392227706340379,2026-03-10T10:18:36.946000,67,,,
participant_05,3,day,Town10HD_Opt,2026-03-10 10:18:37.219549,102.69915008544922,18.09329605102539,0.0021546555217355,44.344,-6.18,0.321,0.0,0,0,1,,1.0,2026-03-10T10:18:37.219549,neutral,1.0,2026-03-10T10:18:36.291215,0.7727329562180376,2026-03-10T10:18:36.956000,71,,,
participant_05,3,day,Town10HD_Opt,2026-03-10 10:18:38.074398,105.87483215332033,11.3076171875,0.0020714187994599,41.037,-4.171,0.322,0.0,0,0,1,,1.0,2026-03-10T10:18:38.074398,neutral,1.0,2026-03-10T10:18:36.291215,0.9170289297420708,2026-03-10T10:18:38.125000,70,,,
participant_04,4,day,Town10HD_Opt,2026-03-10 10:18:38.238070,72.45003509521484,24.69887924194336,0.0018515014089643,17.787,4.202,0.18,0.0,0,0,1,,1.0,2026-03-10T10:18:38.238070,neutral,0.694,2026-03-10T10:18:38.238070,0.7358176782473784,2026-03-10T10:18:38.971000,66,,,
participant_04,4,day,Town10HD_Opt,2026-03-10 10:18:39.085155,75.34764862060547,24.60605430603028,0.0020396423060446,14.513,2.341,0.0,0.0,0,0,1,,0.96,2026-03-10T10:18:39.085155,neutral,0.694,2026-03-10T10:18:38.238070,0.7582453438237325,2026-03-10T10:18:38.971000,67,,,
participant_05,3,day,Town10HD_Opt,2026-03-10 10:18:39.280006,108.43348693847656,2.515019416809082,0.0021270369179546,37.465,-3.412,0.329,0.0,0,0,1,,1.0,2026-03-10T10:18:39.280006,neutral,0.964,2026-03-10T10:18:39.280006,0.8948036487276316,2026-03-10T10:18:38.979000,70,,,
participant_05,3,day,Town10HD_Opt,2026-03-10 10:18:40.153468,109.38117218017578,-3.866060495376587,0.0019956587348133,37.505,-3.664,0.761,0.0,0,0,1,,0.828,2026-03-10T10:18:40.153468,neutral,0.964,2026-03-10T10:18:39.280006,0.9399642345499256,2026-03-10T10:18:40.374000,69,,,
participant_04,4,day,Town10HD_Opt,2026-03-10 10:18:40.194066,78.07107543945312,24.575233459472656,0.0021215819288045,7.444,0.261,0.0,0.555,0,0,1,,1.0,2026-03-10T10:18:40.194066,neutral,0.694,2026-03-10T10:18:38.238070,0.6049349664884821,2026-03-10T10:18:40.951000,67,,,
participant_04,4,day,Town10HD_Opt,2026-03-10 10:18:41.026925,78.60496520996094,24.569339752197266,0.0020765303634107,0.0,0.686,0.0,0.109,0,0,1,,1.0,2026-03-10T10:18:41.026925,fear,0.45,2026-03-10T10:18:41.026925,0.686843655504698,2026-03-10T10:18:40.951000,66,,,
participant_05,3,day,Town10HD_Opt,2026-03-10 10:18:41.260075,109.48348999023438,-13.81802749633789,0.0017116927774623,51.068,-1.814,0.0,0.107,0,0,1,,1.0,2026-03-10T10:18:41.260075,neutral,0.964,2026-03-10T10:18:39.280006,0.99,2026-03-10T10:18:41.319000,69,,,
participant_05,3,day,Town10HD_Opt,2026-03-10 10:18:42.134771,108.63858032226562,-22.645097732543945,0.0021734619513154,49.107,-1.659,0.99,0.0,0,0,1,,1.0,2026-03-10T10:18:42.134771,neutral,0.998,2026-03-10T10:18:42.134771,0.9694515909710876,2026-03-10T10:18:41.957000,69,,,
participant_04,4,day,Town10HD_Opt,2026-03-10 10:18:42.171508,78.6113510131836,24.56933212280273,0.0019205474527552,0.026,0.115,0.0,0.0,0,0,1,,1.0,2026-03-10T10:18:42.171508,fear,0.45,2026-03-10T10:18:41.026925,0.7375218911479029,2026-03-10T10:18:42.977000,67,,,
participant_04,4,day,Town10HD_Opt,2026-03-10 10:18:43.035094,78.62751770019531,24.56916236877441,0.0019011687254533,0.323,0.115,0.0,0.0,0,0,1,,1.0,2026-03-10T10:18:43.035094,neutral,0.49,2026-03-10T10:18:43.035094,0.7173706255586724,2026-03-10T10:18:42.977000,68,,,
participant_05,3,day,Town10HD_Opt,2026-03-10 10:18:43.259781,106.1808090209961,-33.945220947265625,0.0019665146246552,50.427,-4.615,0.882,0.0,0,0,1,,1.0,2026-03-10T10:18:43.259781,neutral,0.998,2026-03-10T10:18:42.134771,0.9704338791184214,2026-03-10T10:18:42.985000,69,,,
participant_05,3,day,Town10HD_Opt,2026-03-10 10:18:44.103235,102.67327117919922,-42.06317901611328,0.0021558380685746,49.078,-3.328,0.791,0.0,0,0,1,,1.0,2026-03-10T10:18:44.103235,neutral,0.998,2026-03-10T10:18:42.134771,0.99,2026-03-10T10:18:43.975000,68,,,
participant_04,4,day,Town10HD_Opt,2026-03-10 10:18:44.137642,78.69691467285156,24.56827735900879,0.0019212722545489,0.248,0.564,0.0,0.0,0,0,1,,0.864,2026-03-10T10:18:44.137642,neutral,0.49,2026-03-10T10:18:43.035094,0.8245916444122173,2026-03-10T10:18:44.956000,69,,,
participant_04,4,day,Town10HD_Opt,2026-03-10 10:18:45.230212,78.74636840820312,24.5678825378418,0.0019207000732421,0.171,0.559,0.0,0.0,0,0,1,,0.829,2026-03-10T10:18:45.230212,neutral,0.786,2026-03-10T10:18:45.230212,0.7349605444480409,2026-03-10T10:18:45.991000,70,,,
participant_05,3,day,Town10HD_Opt,2026-03-10 10:18:45.247742,96.20502471923828,-51.6884651184082,0.0019869613461196,50.504,-6.26,0.758,0.0,0,0,1,,1.0,2026-03-10T10:18:45.247742,neutral,0.983,2026-03-10T10:18:45.247742,0.9821207373170512,2026-03-10T10:18:45.009000,71,,,
participant_04,4,day,Town10HD_Opt,2026-03-10 10:18:46.048365,78.77357482910156,24.56767845153809,0.0019203948322683,0.131,0.559,0.0,0.0,0,0,1,,0.877,2026-03-10T10:18:46.048365,neutral,0.786,2026-03-10T10:18:45.230212,0.7660881201259733,2026-03-10T10:18:45.991000,70,,,
participant_05,3,day,Town10HD_Opt,2026-03-10 10:18:46.121192,89.70213317871094,-57.32406997680664,0.0020846556872129,48.445,-5.879,0.591,0.0,0,0,1,,1.0,2026-03-10T10:18:46.121192,neutral,0.983,2026-03-10T10:18:45.247742,0.99,2026-03-10T10:18:45.955000,70,,,
participant_04,4,day,Town10HD_Opt,2026-03-10 10:18:47.156194,78.80029296875,24.567413330078125,0.0019200515234842,0.091,0.559,0.0,0.0,0,0,1,,0.902,2026-03-10T10:18:47.156194,neutral,0.786,2026-03-10T10:18:45.230212,0.8339088596579568,2026-03-10T10:18:47.971000,71,,,
participant_05,3,day,Town10HD_Opt,2026-03-10 10:18:47.316710,79.353759765625,-62.344970703125,0.002021636813879,50.052,-4.261,0.51,0.0,0,0,1,,1.0,2026-03-10T10:18:47.316710,neutral,0.68,2026-03-10T10:18:47.316710,0.916828639423728,2026-03-10T10:18:46.946000,70,,,
participant_05,3,day,Town10HD_Opt,2026-03-10 10:18:48.205457,70.8547592163086,-64.43563842773438,0.0020460509695112,50.045,-4.317,0.497,0.0,0,0,1,,1.0,2026-03-10T10:18:48.205457,neutral,0.68,2026-03-10T10:18:47.316710,0.9640108670272765,2026-03-10T10:18:47.980000,68,,,
participant_04,4,day,Town10HD_Opt,2026-03-10 10:18:48.245752,78.819091796875,24.567277908325195,0.0019197082147002,0.062,0.585,0.0,0.0,0,0,1,,1.0,2026-03-10T10:18:48.245752,happy,0.972,2026-03-10T10:18:48.245752,0.8734312306557601,2026-03-10T10:18:48.961000,67,,,
participant_04,4,day,Town10HD_Opt,2026-03-10 10:18:49.065256,78.82942962646484,24.567195892333984,0.001919517526403,0.047,0.595,0.0,0.0,0,0,1,,1.0,2026-03-10T10:18:49.065256,happy,0.972,2026-03-10T10:18:48.245752,0.8849289093009927,2026-03-10T10:18:48.961000,68,,,
participant_05,3,day,Town10HD_Opt,2026-03-10 10:18:49.091166,62.14619445800781,-65.10042572021484,0.0020481871906667,49.863,-0.696,0.492,0.0,0,0,1,,1.0,2026-03-10T10:18:49.091166,neutral,0.68,2026-03-10T10:18:47.316710,0.9323188829803396,2026-03-10T10:18:49.060000,69,,,
participant_04,4,day,Town10HD_Opt,2026-03-10 10:18:50.133114,78.83958435058594,24.567184448242188,0.0019193649059161,0.032,0.597,0.0,0.0,0,0,1,,1.0,2026-03-10T10:18:50.133114,happy,0.972,2026-03-10T10:18:48.245752,0.7134009741707974,2026-03-10T10:18:50.941000,60,,,
participant_05,3,day,Town10HD_Opt,2026-03-10 10:18:50.328918,50.54356002807617,-65.33110046386719,0.0020500181708484,49.56,-0.108,0.486,0.0,0,0,1,,1.0,2026-03-10T10:18:50.328918,neutral,0.982,2026-03-10T10:18:50.328918,0.9543157944811416,2026-03-10T10:18:50.095000,68,,,
participant_04,4,day,Town10HD_Opt,2026-03-10 10:18:51.226265,78.84671783447266,24.567176818847656,0.0019193267216905,0.022,0.602,0.0,0.0,0,0,1,,1.0,2026-03-10T10:18:51.226265,happy,1.0,2026-03-10T10:18:51.226265,0.6235827462585448,2026-03-10T10:18:51.976000,56,,,
participant_05,3,day,Town10HD_Opt,2026-03-10 10:18:51.245225,41.89413070678711,-65.54497528076172,0.0020505141001194,49.296,-0.2,0.485,0.0,0,0,1,,1.0,2026-03-10T10:18:51.245225,neutral,0.982,2026-03-10T10:18:50.328918,0.9498852449586852,2026-03-10T10:18:50.995000,68,,,
participant_04,4,day,Town10HD_Opt,2026-03-10 10:18:52.045558,78.84962463378906,24.56717300415039,0.0019190596649423,0.003,0.602,0.0,0.0,0,0,1,,1.0,2026-03-10T10:18:52.045558,happy,1.0,2026-03-10T10:18:51.226265,0.7258189109906037,2026-03-10T10:18:51.976000,57,,,
participant_05,3,day,Town10HD_Opt,2026-03-10 10:18:52.178224,33.28886032104492,-65.69174194335938,0.0020502090919762,49.042,-0.209,0.484,0.0,0,0,1,,1.0,2026-03-10T10:18:52.178224,neutral,0.982,2026-03-10T10:18:50.328918,0.9376557038309992,2026-03-10T10:18:52.030000,67,,,
participant_05,3,day,Town10HD_Opt,2026-03-10 10:18:53.097171,24.76774787902832,-65.76266479492188,0.0020824430976063,48.012,-0.28,0.433,0.0,0,0,1,,1.0,2026-03-10T10:18:53.097171,neutral,0.984,2026-03-10T10:18:53.097171,0.9313652112034564,2026-03-10T10:18:52.975000,67,,,
participant_04,4,day,Town10HD_Opt,2026-03-10 10:18:53.175964,78.84989929199219,24.56717300415039,0.0019191741012036,0.005,0.62,0.0,0.0,0,0,1,,1.0,2026-03-10T10:18:53.175964,happy,1.0,2026-03-10T10:18:51.226265,0.5712989567518084,2026-03-10T10:18:53.956000,61,,,
participant_04,4,day,Town10HD_Opt,2026-03-10 10:18:54.061170,78.85015106201172,24.56717300415039,0.0019190978491678,0.006,0.625,0.0,0.0,0,0,1,,0.905,2026-03-10T10:18:54.061170,happy,1.0,2026-03-10T10:18:54.061170,0.5732113339490617,2026-03-10T10:18:53.956000,60,,,
participant_05,3,day,Town10HD_Opt,2026-03-10 10:18:54.271849,14.494877815246582,-65.7260971069336,0.002362098544836,37.262,-0.275,0.0,0.0,0,0,1,,1.0,2026-03-10T10:18:54.271849,neutral,0.984,2026-03-10T10:18:53.097171,0.8996648189421222,2026-03-10T10:18:54.189000,69,,,
participant_05,3,day,Town10HD_Opt,2026-03-10 10:18:55.122964,8.673579216003418,-65.64204406738281,0.002309989882633,28.786,-0.068,0.0,0.0,0,0,1,,1.0,2026-03-10T10:18:55.122964,neutral,0.957,2026-03-10T10:18:55.122964,0.912977222252048,2026-03-10T10:18:55.135000,69,,,
participant_04,4,day,Town10HD_Opt,2026-03-10 10:18:55.139332,78.85025787353516,24.56717300415039,0.0019192122854292,0.006,0.625,0.0,0.0,0,0,1,,0.948,2026-03-10T10:18:55.139332,happy,1.0,2026-03-10T10:18:54.061170,0.5707895655087998,2026-03-10T10:18:55.982000,64,,,
participant_04,4,day,Town10HD_Opt,2026-03-10 10:18:56.232947,79.2371826171875,24.564584732055664,0.0017988967010751,4.176,0.625,0.0,0.0,0,0,1,,1.0,2026-03-10T10:18:56.232947,sad,0.624,2026-03-10T10:18:56.232947,0.5062387258932909,2026-03-10T10:18:56.971000,65,,,
participant_05,3,day,Town10HD_Opt,2026-03-10 10:18:56.348542,2.9709115028381348,-65.55498504638672,0.0022455595899373,19.936,0.233,0.099,0.0,0,0,1,,1.0,2026-03-10T10:18:56.348542,neutral,0.957,2026-03-10T10:18:55.122964,0.8311016965454565,2026-03-10T10:18:56.035000,69,,,
participant_04,4,day,Town10HD_Opt,2026-03-10 10:18:57.099422,79.9023666381836,24.56132698059082,0.0019449996761977,3.3,0.63,0.0,0.0,0,0,1,,1.0,2026-03-10T10:18:57.099422,sad,0.624,2026-03-10T10:18:56.232947,0.5290429921592068,2026-03-10T10:18:56.971000,64,,,
participant_05,3,day,Town10HD_Opt,2026-03-10 10:18:57.252875,-0.2686531841754913,-65.52167510986328,0.0018666075775399,17.627,0.242,0.161,0.0,0,0,1,,1.0,2026-03-10T10:18:57.252875,neutral,0.995,2026-03-10T10:18:57.252875,0.7676363406180436,2026-03-10T10:18:56.988000,69,,,
participant_05,3,day,Town10HD_Opt,2026-03-10 10:18:58.191965,-3.281399726867676,-65.50485229492188,0.0019070815760642,17.538,0.24,0.36,0.0,0,0,1,,1.0,2026-03-10T10:18:58.191965,neutral,0.995,2026-03-10T10:18:57.252875,0.8810716903407316,2026-03-10T10:18:57.969000,67,,,
participant_04,4,day,Town10HD_Opt,2026-03-10 10:18:58.207528,80.55958557128906,24.559720993041992,0.001941337599419,2.319,0.632,0.0,0.0,0,0,1,,1.0,2026-03-10T10:18:58.207528,sad,0.624,2026-03-10T10:18:56.232947,0.5595840283179796,2026-03-10T10:18:58.996000,67,,,
participant_04,4,day,Town10HD_Opt,2026-03-10 10:18:59.061751,80.92089080810547,24.55943298339844,0.0019361113663762,1.781,0.658,0.0,0.0,0,0,1,,1.0,2026-03-10T10:18:59.061751,happy,0.866,2026-03-10T10:18:59.061751,0.500603684251936,2026-03-10T10:18:58.996000,66,,,
participant_05,3,day,Town10HD_Opt,2026-03-10 10:18:59.074264,-6.429905891418457,-65.49793243408203,0.0020627593621611,18.076,0.155,0.33,0.0,0,0,1,,1.0,2026-03-10T10:18:59.074264,neutral,0.995,2026-03-10T10:18:57.252875,0.8485614019821325,2026-03-10T10:18:58.960000,67,,,
participant_04,4,day,Town10HD_Opt,2026-03-10 10:19:00.170798,80.9634780883789,24.55937385559082,0.0019237899687141,0.0,0.679,0.0,0.512,0,0,1,,1.0,2026-03-10T10:19:00.170798,happy,0.866,2026-03-10T10:18:59.061751,0.5169420350238536,2026-03-10T10:19:00.977000,67,,,
participant_05,3,day,Town10HD_Opt,2026-03-10 10:19:00.282312,-10.672691345214844,-65.49989318847656,0.002023200970143,18.083,0.063,0.109,0.0,0,0,1,,1.0,2026-03-10T10:19:00.282312,neutral,0.991,2026-03-10T10:19:00.282312,0.7895155261210193,2026-03-10T10:18:59.995000,66,,,
participant_04,4,day,Town10HD_Opt,2026-03-10 10:19:01.025014,80.9634780883789,24.55937385559082,0.0019200897077098,0.0,0.679,0.0,0.0,0,0,1,,1.0,2026-03-10T10:19:01.025014,happy,0.866,2026-03-10T10:18:59.061751,0.542830417265189,2026-03-10T10:19:00.977000,66,,,
participant_05,3,day,Town10HD_Opt,2026-03-10 10:19:01.130580,-13.668773651123049,-65.50391387939453,0.0020169448107481,15.092,-0.016,0.0,0.0,0,0,1,,1.0,2026-03-10T10:19:01.130580,neutral,0.991,2026-03-10T10:19:00.282312,0.8105773278300553,2026-03-10T10:19:01.120000,67,,,
participant_04,4,day,Town10HD_Opt,2026-03-10 10:19:02.154876,80.9634780883789,24.55937385559082,0.001919021597132,0.0,0.78,0.0,0.0,0,0,1,,1.0,2026-03-10T10:19:02.154876,happy,1.0,2026-03-10T10:19:02.154876,0.5595779824241934,2026-03-10T10:19:02.956000,63,,,
participant_05,3,day,Town10HD_Opt,2026-03-10 10:19:02.313106,-16.672637939453125,-65.50801849365234,0.0020219420548528,10.549,0.002,0.0,0.018,0,0,1,,1.0,2026-03-10T10:19:02.313106,neutral,0.999,2026-03-10T10:19:02.313106,0.7113350868143549,2026-03-10T10:19:02.335000,66,,,
participant_04,4,day,Town10HD_Opt,2026-03-10 10:19:03.038132,80.9634780883789,24.55937385559082,0.001919021597132,0.0,0.576,0.0,0.0,0,0,1,,1.0,2026-03-10T10:19:03.038132,happy,1.0,2026-03-10T10:19:02.154876,0.4807845716560051,2026-03-10T10:19:02.956000,65,,,
participant_05,3,day,Town10HD_Opt,2026-03-10 10:19:03.188492,-18.26116752624512,-65.51024627685547,0.0020143126603215,7.46,0.002,0.0,0.053,0,0,1,,1.0,2026-03-10T10:19:03.188492,neutral,0.999,2026-03-10T10:19:02.313106,0.7183752822088899,2026-03-10T10:19:02.967000,68,,,
participant_04,4,day,Town10HD_Opt,2026-03-10 10:19:04.138057,80.9634780883789,24.55937385559082,0.001919021597132,0.0,1.354,0.0,0.0,0,0,1,,1.0,2026-03-10T10:19:04.138057,happy,1.0,2026-03-10T10:19:02.154876,0.5963188597607915,2026-03-10T10:19:04.982000,64,,,
participant_05,3,day,Town10HD_Opt,2026-03-10 10:19:04.308207,-19.503204345703125,-65.51204681396484,0.0023023223038762,0.229,0.002,0.0,0.0,0,0,1,,1.0,2026-03-10T10:19:04.308207,neutral,0.999,2026-03-10T10:19:02.313106,0.7228294745444492,2026-03-10T10:19:03.955000,68,,,
participant_04,4,day,Town10HD_Opt,2026-03-10 10:19:05.019138,81.0767822265625,24.569355010986328,0.0017465590499341,3.794,13.511,0.9,0.0,0,0,1,,1.0,2026-03-10T10:19:05.019138,neutral,0.458,2026-03-10T10:19:05.019138,0.5871088045335664,2026-03-10T10:19:04.982000,63,,,
participant_05,3,day,Town10HD_Opt,2026-03-10 10:19:05.151365,-19.54104995727539,-65.51204681396484,0.001928215031512,0.254,0.002,0.0,0.0,0,0,1,,1.0,2026-03-10T10:19:05.151365,neutral,0.993,2026-03-10T10:19:05.151365,0.7902998624968512,2026-03-10T10:19:05.125000,68,,,
participant_04,4,day,Town10HD_Opt,2026-03-10 10:19:06.115063,83.41062927246094,24.78875160217285,0.0019415282877162,11.173,2.344,0.0,0.0,0,0,1,,1.0,2026-03-10T10:19:06.115063,neutral,0.458,2026-03-10T10:19:05.019138,0.5289459141296675,2026-03-10T10:19:06.961000,64,,,
participant_05,3,day,Town10HD_Opt,2026-03-10 10:19:06.327802,-19.59105491638184,-65.51204681396484,0.0019207381410524,0.177,0.002,0.0,0.0,0,0,1,,1.0,2026-03-10T10:19:06.327802,neutral,0.993,2026-03-10T10:19:05.151365,0.7182766604036258,2026-03-10T10:19:06.026000,68,,,
participant_05,3,day,Town10HD_Opt,2026-03-10 10:19:07.164389,-20.02985191345215,-65.51268768310547,0.0014955138321965,9.554,0.002,1.0,0.0,0,0,1,,1.0,2026-03-10T10:19:07.164389,neutral,0.988,2026-03-10T10:19:07.164389,0.7679165192209343,2026-03-10T10:19:07.015000,67,,,
participant_04,4,day,Town10HD_Opt,2026-03-10 10:19:07.238223,85.73690032958984,25.00320243835449,0.0011063002748414,12.737,-2.353,0.997,0.0,0,0,1,,1.0,2026-03-10T10:19:07.238223,sad,0.847,2026-03-10T10:19:07.238223,0.6456053425244004,2026-03-10T10:19:07.952000,62,,,errors=Vehicle-pedestrian collision
participant_04,4,day,Town10HD_Opt,2026-03-10 10:19:08.089239,89.03240203857422,25.17086601257324,0.0011698531452566,26.364,-2.4,1.0,0.0,0,0,1,,1.0,2026-03-10T10:19:08.089239,sad,0.847,2026-03-10T10:19:07.238223,0.5176146111653936,2026-03-10T10:19:07.952000,65,,,
participant_05,3,day,Town10HD_Opt,2026-03-10 10:19:08.286255,-24.41453742980957,-65.55168914794922,0.0015613173600286,29.503,0.693,1.0,0.0,0,0,1,,1.0,2026-03-10T10:19:08.286255,neutral,0.988,2026-03-10T10:19:07.164389,0.8401835844216614,2026-03-10T10:19:08.006000,66,,,
participant_05,3,day,Town10HD_Opt,2026-03-10 10:19:09.139852,-30.851730346679688,-65.7247314453125,0.0015395736554637,45.125,0.526,1.0,0.0,0,0,1,,1.0,2026-03-10T10:19:09.139852,neutral,0.988,2026-03-10T10:19:07.164389,0.8114289404553116,2026-03-10T10:19:09.265000,67,,,
participant_04,4,day,Town10HD_Opt,2026-03-10 10:19:09.175621,97.2768325805664,23.96985626220703,0.0016886901576071,45.392,-16.201,0.931,0.0,0,0,1,,1.0,2026-03-10T10:19:09.175621,sad,0.847,2026-03-10T10:19:07.238223,0.5720170334651007,2026-03-10T10:19:09.976000,66,Red light violation,Red light violation,
participant_04,4,day,Town10HD_Opt,2026-03-10 10:19:09.996359,103.64349365234376,18.436222076416016,0.001858253381215,50.909,-11.764,0.0,0.132,0,0,1,,1.0,2026-03-10T10:19:09.996359,happy,0.84,2026-03-10T10:19:09.996359,0.5537381309269939,2026-03-10T10:19:09.976000,62,,,
participant_05,3,day,Town10HD_Opt,2026-03-10 10:19:10.329858,-42.40032196044922,-66.26886749267578,0.0021879577543586,48.879,0.08,0.994,0.0,0,0,1,,1.0,2026-03-10T10:19:10.329858,neutral,0.988,2026-03-10T10:19:10.329858,0.8721825672657685,2026-03-10T10:19:10.120000,67,,,
participant_04,4,day,Town10HD_Opt,2026-03-10 10:19:11.101581,106.85195922851562,7.434993267059326,0.0019654082134366,50.626,5.264,0.0,0.0,0,0,1,,1.0,2026-03-10T10:19:11.101581,happy,0.84,2026-03-10T10:19:09.996359,0.5230922832293426,2026-03-10T10:19:11.956000,67,,,
participant_05,3,day,Town10HD_Opt,2026-03-10 10:19:11.199775,-51.26269912719727,-66.76248168945312,0.0020346832461655,48.591,-0.221,0.986,0.0,0,0,1,,1.0,2026-03-10T10:19:11.199775,neutral,0.988,2026-03-10T10:19:10.329858,0.8461322804076333,2026-03-10T10:19:11.200000,65,,,
participant_04,4,day,Town10HD_Opt,2026-03-10 10:19:12.173976,108.98937225341795,-4.068489074707031,0.0022083662915974,48.632,-2.812,0.985,0.0,0,0,1,,1.0,2026-03-10T10:19:12.173976,happy,0.993,2026-03-10T10:19:12.173976,0.5632460427960316,2026-03-10T10:19:12.991000,67,,,
participant_05,3,day,Town10HD_Opt,2026-03-10 10:19:12.261809,-62.92571258544922,-67.29655456542969,0.002147254999727,48.737,-1.144,0.973,0.0,0,0,1,,1.0,2026-03-10T10:19:12.261809,neutral,0.988,2026-03-10T10:19:10.329858,0.99,2026-03-10T10:19:12.010000,67,,,
participant_04,4,day,Town10HD_Opt,2026-03-10 10:19:13.010732,109.64586639404295,-12.828653335571287,0.0021979522425681,48.585,2.028,1.0,0.0,0,0,1,,1.0,2026-03-10T10:19:13.010732,happy,0.993,2026-03-10T10:19:12.173976,0.5809827958806947,2026-03-10T10:19:12.991000,68,,,errors=Solid line crossing
participant_05,3,day,Town10HD_Opt,2026-03-10 10:19:13.101843,-71.69696044921875,-67.11225128173828,0.0022243116982281,48.011,-6.014,0.96,0.0,0,0,1,,1.0,2026-03-10T10:19:13.101843,neutral,0.981,2026-03-10T10:19:13.101843,0.9410815757585248,2026-03-10T10:19:13.001000,64,,,
participant_04,4,day,Town10HD_Opt,2026-03-10 10:19:14.127016,110.52638244628906,-24.36750602722168,0.0020532608032226,49.677,-6.938,1.0,0.0,0,0,1,,1.0,2026-03-10T10:19:14.127016,happy,0.993,2026-03-10T10:19:12.173976,0.7748236877299164,2026-03-10T10:19:14.971000,70,,,
participant_05,3,day,Town10HD_Opt,2026-03-10 10:19:14.230967,-82.97091674804688,-64.18118286132812,0.0021557998843491,49.135,-3.207,0.979,0.0,0,0,1,,1.0,2026-03-10T10:19:14.230967,neutral,0.981,2026-03-10T10:19:13.101843,0.9206237334865698,2026-03-10T10:19:14.124000,69,,,
participant_05,3,day,Town10HD_Opt,2026-03-10 10:19:15.086908,-90.92937469482422,-60.241458892822266,0.0022374724503606,48.436,-4.534,0.975,0.0,0,0,1,,1.0,2026-03-10T10:19:15.086908,neutral,0.981,2026-03-10T10:19:13.101843,0.906794074453873,2026-03-10T10:19:15.025000,67,,,
participant_04,4,day,Town10HD_Opt,2026-03-10 10:19:15.233744,108.32656860351562,-35.88017654418945,0.0018879318377003,52.13,-2.066,0.0,0.213,0,0,1,,1.0,2026-03-10T10:19:15.233744,happy,0.978,2026-03-10T10:19:15.233744,0.66369465510053,2026-03-10T10:19:15.961000,72,,,
participant_04,4,day,Town10HD_Opt,2026-03-10 10:19:16.052739,105.40753936767578,-44.13909530639648,0.0019987486302852,50.676,-7.316,0.0,0.0,0,0,1,,1.0,2026-03-10T10:19:16.052739,happy,0.978,2026-03-10T10:19:15.233744,0.6131919961847139,2026-03-10T10:19:15.961000,71,,,errors=Solid line crossing
participant_05,3,day,Town10HD_Opt,2026-03-10 10:19:16.260325,-99.72068786621094,-52.73151397705078,0.0020535278599709,50.047,-6.417,0.954,0.0,0,0,1,,1.0,2026-03-10T10:19:16.260325,neutral,0.73,2026-03-10T10:19:16.260325,0.932866443004012,2026-03-10T10:19:16.060000,67,,,
participant_04,4,day,Town10HD_Opt,2026-03-10 10:19:17.131216,98.62570190429688,-53.72653198242188,0.0018921660957857,51.241,-3.976,0.0,0.186,0,0,1,,0.837,2026-03-10T10:19:17.131216,happy,0.978,2026-03-10T10:19:15.233744,0.7482306670428625,2026-03-10T10:19:16.953000,72,,,
participant_05,3,day,Town10HD_Opt,2026-03-10 10:19:17.148611,-104.41162109375,-45.35624313354492,0.0020930098835378,49.116,-3.886,0.939,0.0,0,0,1,,1.0,2026-03-10T10:19:17.148611,neutral,0.73,2026-03-10T10:19:16.260325,0.8753887600165583,2026-03-10T10:19:16.959000,67,,,
participant_04,4,day,Town10HD_Opt,2026-03-10 10:19:18.190538,89.60496520996094,-61.34109878540039,0.0021173858549445,49.959,-4.983,0.0,0.124,0,0,1,,1.0,2026-03-10T10:19:18.190538,neutral,0.758,2026-03-10T10:19:18.190538,0.9094313242772892,2026-03-10T10:19:18.976000,73,,,
participant_05,3,day,Town10HD_Opt,2026-03-10 10:19:18.313743,-108.58953094482422,-34.480037689208984,0.0018844222649931,51.649,-4.07,0.0,0.148,0,0,1,,1.0,2026-03-10T10:19:18.313743,neutral,0.736,2026-03-10T10:19:18.313743,0.99,2026-03-10T10:19:18.042000,68,,,
participant_04,4,day,Town10HD_Opt,2026-03-10 10:19:19.056565,81.81403350830078,-65.26419067382812,0.0018833923386409,51.83,-5.531,0.0,0.222,0,0,1,,1.0,2026-03-10T10:19:19.056565,neutral,0.758,2026-03-10T10:19:18.190538,0.937255956170507,2026-03-10T10:19:18.976000,71,,,
participant_05,3,day,Town10HD_Opt,2026-03-10 10:19:19.267079,-110.11576080322266,-25.83438491821289,0.0019031906267628,51.468,-3.459,0.0,0.147,0,0,1,,1.0,2026-03-10T10:19:19.267079,neutral,0.736,2026-03-10T10:19:18.313743,0.8202051988054565,2026-03-10T10:19:19.120000,67,,,
participant_05,3,day,Town10HD_Opt,2026-03-10 10:19:20.206655,-110.4317626953125,-17.06549072265625,0.0018895721295848,51.801,-0.141,0.0,0.18,0,0,1,,1.0,2026-03-10T10:19:20.206655,neutral,0.736,2026-03-10T10:19:18.313743,0.8895702175007563,2026-03-10T10:19:19.975000,67,,,
participant_04,4,day,Town10HD_Opt,2026-03-10 10:19:20.225236,70.3627700805664,-67.73827362060547,0.0021146012004464,49.414,-2.953,1.0,0.0,0,0,1,,1.0,2026-03-10T10:19:20.225236,neutral,0.448,2026-03-10T10:19:20.225236,0.99,2026-03-10T10:19:20.955000,70,,,
participant_04,4,day,Town10HD_Opt,2026-03-10 10:19:21.120992,61.60176086425781,-68.04853057861328,0.0020017242059111,51.064,0.049,0.0,0.106,0,0,1,,1.0,2026-03-10T10:19:21.120992,neutral,0.448,2026-03-10T10:19:20.225236,0.9855487035488582,2026-03-10T10:19:20.955000,69,,,
participant_05,3,day,Town10HD_Opt,2026-03-10 10:19:21.127948,-110.49827575683594,-8.296730995178223,0.0019414901034906,50.77,0.761,0.0,0.103,0,0,1,,1.0,2026-03-10T10:19:21.127948,neutral,0.941,2026-03-10T10:19:21.127948,0.908871260663866,2026-03-10T10:19:20.965000,68,,,
participant_04,4,day,Town10HD_Opt,2026-03-10 10:19:22.018176,52.90465545654297,-68.09296417236328,0.0019002150511369,51.175,-0.367,0.0,0.148,0,0,1,,1.0,2026-03-10T10:19:22.018176,neutral,0.448,2026-03-10T10:19:20.225236,0.99,2026-03-10T10:19:22.082000,72,,,
participant_05,3,day,Town10HD_Opt,2026-03-10 10:19:22.356335,-110.80023956298828,2.809173822402954,0.0022198485676199,43.781,-2.118,0.083,0.0,0,0,1,,1.0,2026-03-10T10:19:22.356335,neutral,0.941,2026-03-10T10:19:21.127948,0.8695798233267538,2026-03-10T10:19:22,68,,,
participant_04,4,day,Town10HD_Opt,2026-03-10 10:19:22.998422,44.14690780639648,-68.016357421875,0.0019187163561582,51.087,-0.552,0.0,0.109,0,0,1,,1.0,2026-03-10T10:19:22.998422,sad,0.456,2026-03-10T10:19:22.998422,0.9870010596728028,2026-03-10T10:19:23.028000,68,,,
participant_05,3,day,Town10HD_Opt,2026-03-10 10:19:23.332995,-110.5102310180664,9.729766845703123,0.0023487852886319,34.426,-5.773,0.0,0.0,0,0,1,,1.0,2026-03-10T10:19:23.332995,neutral,0.996,2026-03-10T10:19:23.332995,0.9090802529839404,2026-03-10T10:19:23.170000,66,,,
participant_05,3,day,Town10HD_Opt,2026-03-10 10:19:24.233854,-109.3998794555664,14.968233108520508,0.002310981741175,26.718,-9.861,0.0,0.0,0,0,1,,1.0,2026-03-10T10:19:24.233854,neutral,0.996,2026-03-10T10:19:23.332995,0.8686109204943695,2026-03-10T10:19:23.983000,67,,,
participant_04,4,day,Town10HD_Opt,2026-03-10 10:19:24.261927,32.52346420288086,-67.73651885986328,0.0020421219523996,49.74,-0.157,0.852,0.0,0,0,1,,1.0,2026-03-10T10:19:24.261927,sad,0.456,2026-03-10T10:19:22.998422,0.99,2026-03-10T10:19:24.961000,67,,,
participant_04,4,day,Town10HD_Opt,2026-03-10 10:19:25.083958,23.740306854248047,-67.49017333984375,0.0019479751354083,51.182,-0.186,0.0,0.199,0,0,1,,1.0,2026-03-10T10:19:25.083958,sad,0.841,2026-03-10T10:19:25.083958,0.99,2026-03-10T10:19:24.961000,67,,,
participant_05,3,day,Town10HD_Opt,2026-03-10 10:19:25.116954,-107.67105102539062,18.6297607421875,0.0022671127226203,19.659,-11.318,0.0,0.0,0,0,1,,1.0,2026-03-10T10:19:25.116954,neutral,0.996,2026-03-10T10:19:23.332995,0.9617987620391418,2026-03-10T10:19:25.060000,67,,,
participant_05,3,day,Town10HD_Opt,2026-03-10 10:19:26.132761,-105.79155731201172,21.159103393554688,0.0019943618681281,18.911,-6.35,0.822,0.0,0,0,1,,1.0,2026-03-10T10:19:26.132761,neutral,0.78,2026-03-10T10:19:26.132761,0.8558399029278249,2026-03-10T10:19:26.050000,66,,,
participant_04,4,day,Town10HD_Opt,2026-03-10 10:19:26.258197,12.43482494354248,-67.19306182861328,0.0021584320347756,46.125,0.348,0.0,0.0,0,0,1,,1.0,2026-03-10T10:19:26.258197,sad,0.841,2026-03-10T10:19:25.083958,0.99,2026-03-10T10:19:26.986000,72,,,
participant_04,4,day,Town10HD_Opt,2026-03-10 10:19:27.088494,5.161953449249268,-67.1444320678711,0.0023620224092155,36.075,0.315,0.0,0.0,0,0,1,,1.0,2026-03-10T10:19:27.088494,sad,0.713,2026-03-10T10:19:27.088494,0.8929195883497338,2026-03-10T10:19:26.986000,70,,,
participant_05,3,day,Town10HD_Opt,2026-03-10 10:19:27.104393,-103.20694732666016,23.95134162902832,0.0018148040398955,25.631,-6.509,0.355,0.0,0,0,1,,1.0,2026-03-10T10:19:27.104393,neutral,0.78,2026-03-10T10:19:26.132761,0.8065460258382832,2026-03-10T10:19:27.041000,67,,,
participant_04,4,day,Town10HD_Opt,2026-03-10 10:19:28.210624,-2.050962448120117,-67.23959350585938,0.0022880935575813,25.837,-0.493,0.0,0.0,0,0,1,,1.0,2026-03-10T10:19:28.210624,sad,0.713,2026-03-10T10:19:27.088494,0.8375484811009889,2026-03-10T10:19:28.966000,69,,,
participant_05,3,day,Town10HD_Opt,2026-03-10 10:19:28.376998,-98.58800506591795,27.1010971069336,0.002261581365019,20.228,-18.274,0.0,0.048,0,0,1,,1.0,2026-03-10T10:19:28.376998,neutral,0.95,2026-03-10T10:19:28.376998,0.848654989474083,2026-03-10T10:19:27.986000,66,,,
participant_04,4,day,Town10HD_Opt,2026-03-10 10:19:29.041604,-6.008172035217285,-67.2933578491211,0.0022181700915098,19.945,1.076,0.094,0.0,0,0,1,,1.0,2026-03-10T10:19:29.041604,sad,0.713,2026-03-10T10:19:27.088494,0.7931863626103424,2026-03-10T10:19:28.966000,70,,,
participant_05,3,day,Town10HD_Opt,2026-03-10 10:19:29.088101,-96.68315887451172,27.67273330688477,0.0023987197782844,8.671,-12.92,0.0,0.12,0,0,1,,1.0,2026-03-10T10:19:29.088101,neutral,0.95,2026-03-10T10:19:28.376998,0.9160547744847644,2026-03-10T10:19:28.975000,67,,,
participant_05,3,day,Town10HD_Opt,2026-03-10 10:19:30.099532,-96.39871978759766,27.73311996459961,0.0020159911364316,0.024,-6.609,0.0,0.0,0,0,1,,1.0,2026-03-10T10:19:30.099532,neutral,0.95,2026-03-10T10:19:28.376998,0.8958780083102613,2026-03-10T10:19:30.055000,68,,,
participant_04,4,day,Town10HD_Opt,2026-03-10 10:19:30.153547,-10.175267219543455,-67.3899917602539,0.0019535445608198,16.741,-0.251,0.273,0.0,0,0,1,,1.0,2026-03-10T10:19:30.153547,sad,0.591,2026-03-10T10:19:30.153547,0.7776441731872639,2026-03-10T10:19:30.991000,64,,,
participant_04,4,day,Town10HD_Opt,2026-03-10 10:19:30.992048,-13.028095245361328,-67.44306945800781,0.0020206451881676,14.646,-0.007,0.0,0.0,0,0,1,,1.0,2026-03-10T10:19:30.992048,sad,0.591,2026-03-10T10:19:30.153547,0.7784736630428812,2026-03-10T10:19:30.991000,64,,,
participant_05,3,day,Town10HD_Opt,2026-03-10 10:19:31.346032,-96.39815521240234,27.73320960998535,0.001918182359077,0.138,-9.842,0.136,0.0,0,0,1,,1.0,2026-03-10T10:19:31.346032,neutral,0.957,2026-03-10T10:19:31.346032,0.9306802998115006,2026-03-10T10:19:31.045000,66,,,
participant_04,4,day,Town10HD_Opt,2026-03-10 10:19:32.112522,-15.945063591003418,-67.5141830444336,0.0020171736832708,10.301,0.411,0.0,0.0,0,0,1,,1.0,2026-03-10T10:19:32.112522,sad,0.591,2026-03-10T10:19:30.153547,0.8089765930079149,2026-03-10T10:19:31.985000,63,,,
participant_05,3,day,Town10HD_Opt,2026-03-10 10:19:32.321370,-96.33077239990234,27.7409896850586,0.0018422699067741,1.752,-11.827,0.293,0.0,0,0,1,,1.0,2026-03-10T10:19:32.321370,neutral,0.957,2026-03-10T10:19:31.346032,0.9206647681606546,2026-03-10T10:19:31.993000,69,,,
participant_04,4,day,Town10HD_Opt,2026-03-10 10:19:33.203503,-17.99614715576172,-67.5785903930664,0.0019883345812559,7.242,0.451,0.0,0.0,0,0,1,,1.0,2026-03-10T10:19:33.203503,sad,0.739,2026-03-10T10:19:33.203503,0.6748688910206683,2026-03-10T10:19:33.961000,62,,,
participant_05,3,day,Town10HD_Opt,2026-03-10 10:19:33.293559,-95.8106918334961,27.78276824951172,0.0018621062627062,3.992,-14.692,0.178,0.0,0,0,1,,1.0,2026-03-10T10:19:33.293559,neutral,0.957,2026-03-10T10:19:31.346032,0.8751437695032077,2026-03-10T10:19:33.026000,70,,,
participant_04,4,day,Town10HD_Opt,2026-03-10 10:19:34.028583,-19.27650260925293,-67.62422943115234,0.0016622161492705,11.728,0.451,1.0,0.0,0,0,1,,1.0,2026-03-10T10:19:34.028583,sad,0.739,2026-03-10T10:19:33.203503,0.6109455877441319,2026-03-10T10:19:33.961000,62,,,
participant_05,3,day,Town10HD_Opt,2026-03-10 10:19:34.225588,-95.0433578491211,27.804298400878903,0.0019198226509615,4.377,-10.571,0.0,0.0,0,0,1,,1.0,2026-03-10T10:19:34.225588,neutral,0.953,2026-03-10T10:19:34.225588,0.881031643740394,2026-03-10T10:19:33.970000,69,,,
participant_04,4,day,Town10HD_Opt,2026-03-10 10:19:35.105528,-24.098854064941406,-67.82794189453125,0.0015217589680105,31.717,0.451,1.0,0.0,0,0,1,,0.852,2026-03-10T10:19:35.105528,sad,0.739,2026-03-10T10:19:33.203503,0.6794041028128862,2026-03-10T10:19:34.952000,65,,,
participant_05,3,day,Town10HD_Opt,2026-03-10 10:19:35.173801,-94.361083984375,27.83086585998535,0.00194980611559,3.375,-1.657,0.0,0.0,0,0,1,,1.0,2026-03-10T10:19:35.173801,neutral,0.953,2026-03-10T10:19:34.225588,0.8851818324660868,2026-03-10T10:19:34.960000,68,Vehicle-pedestrian collision,Vehicle-pedestrian collision,
participant_05,3,day,Town10HD_Opt,2026-03-10 10:19:36.130243,-93.83670806884766,27.8572940826416,0.0019438933813944,2.59,-4.162,0.0,0.0,0,0,1,,1.0,2026-03-10T10:19:36.130243,neutral,0.953,2026-03-10T10:19:34.225588,0.975968826832082,2026-03-10T10:19:35.995000,69,,,
participant_04,4,day,Town10HD_Opt,2026-03-10 10:19:36.179444,-33.70701217651367,-68.36614990234375,0.001554412767291,51.747,-2.28,0.0,0.175,0,0,1,,1.0,2026-03-10T10:19:36.179444,sad,0.731,2026-03-10T10:19:36.179444,0.5191030935361292,2026-03-10T10:19:36.977000,68,,,
participant_04,4,day,Town10HD_Opt,2026-03-10 10:19:37.002395,-42.52217864990234,-68.6071548461914,0.0020751189440488,49.536,-0.31,0.779,0.0,0,0,1,,1.0,2026-03-10T10:19:37.002395,sad,0.731,2026-03-10T10:19:36.179444,0.5048563469368774,2026-03-10T10:19:36.977000,67,,,
participant_05,3,day,Town10HD_Opt,2026-03-10 10:19:37.352559,-93.32176208496094,27.873544692993164,0.0019364166073501,1.821,-4.001,0.0,0.0,0,0,1,,1.0,2026-03-10T10:19:37.352559,neutral,1.0,2026-03-10T10:19:37.352559,0.9282278760797108,2026-03-10T10:19:37.075000,69,,,
participant_04,4,day,Town10HD_Opt,2026-03-10 10:19:38.078123,-54.14888000488281,-68.65007019042969,0.0019791030790656,50.372,-0.331,0.764,0.0,0,0,1,,1.0,2026-03-10T10:19:38.078123,sad,0.731,2026-03-10T10:19:36.179444,0.5667155658669116,2026-03-10T10:19:37.965000,64,,,
participant_05,3,day,Town10HD_Opt,2026-03-10 10:19:38.318115,-93.03865814208984,27.88001251220703,0.0019324492895975,1.398,-4.011,0.0,0.0,0,0,1,,1.0,2026-03-10T10:19:38.318115,neutral,1.0,2026-03-10T10:19:37.352559,0.976262459459356,2026-03-10T10:19:38.156000,69,,,
participant_04,4,day,Town10HD_Opt,2026-03-10 10:19:39.118317,-65.82936096191406,-68.48355865478516,0.0019264601869508,50.914,-1.8,0.0,0.115,0,0,1,,0.804,2026-03-10T10:19:39.118317,sad,0.877,2026-03-10T10:19:39.118317,0.5079215713962728,2026-03-10T10:19:38.956000,68,,,
participant_05,3,day,Town10HD_Opt,2026-03-10 10:19:39.352159,-92.8213882446289,27.883695602416992,0.0019293593941256,1.073,-3.943,0.0,0.0,0,0,1,,1.0,2026-03-10T10:19:39.352159,neutral,1.0,2026-03-10T10:19:37.352559,0.9342261583858884,2026-03-10T10:19:39.011000,72,,,
participant_04,4,day,Town10HD_Opt,2026-03-10 10:19:40.165194,-77.30957794189453,-66.77519226074219,0.0020020676311105,50.693,-6.298,0.0,0.0,0,0,1,,1.0,2026-03-10T10:19:40.165194,sad,0.877,2026-03-10T10:19:39.118317,0.5146803237709043,2026-03-10T10:19:40.981000,65,,,
participant_05,3,day,Town10HD_Opt,2026-03-10 10:19:40.326178,-92.65528869628906,27.8867301940918,0.0019308852497488,0.717,-2.642,0.103,0.0,0,0,1,,1.0,2026-03-10T10:19:40.326178,neutral,0.994,2026-03-10T10:19:40.326178,0.8980516476953538,2026-03-10T10:19:40.092000,69,,,
participant_04,4,day,Town10HD_Opt,2026-03-10 10:19:41.212835,-87.8858642578125,-62.06808471679688,0.0021367263980209,48.974,-3.186,0.731,0.0,0,0,1,,1.0,2026-03-10T10:19:41.212835,sad,0.668,2026-03-10T10:19:41.212835,0.5947358754006674,2026-03-10T10:19:41.971000,63,,,
participant_05,3,day,Town10HD_Opt,2026-03-10 10:19:41.338683,-92.1551742553711,27.89859962463379,0.0015985870268195,8.345,-0.98,0.856,0.0,0,0,1,,1.0,2026-03-10T10:19:41.338683,neutral,0.994,2026-03-10T10:19:40.326178,0.8578205240127893,2026-03-10T10:19:40.990000,71,,,
participant_04,4,day,Town10HD_Opt,2026-03-10 10:19:42.059387,-95.19744873046876,-57.29901123046875,0.0021464538294821,48.918,-5.326,0.731,0.0,0,0,1,,0.924,2026-03-10T10:19:42.059387,sad,0.668,2026-03-10T10:19:41.212835,0.5591787751607897,2026-03-10T10:19:41.971000,62,,,
participant_05,3,day,Town10HD_Opt,2026-03-10 10:19:42.357100,-89.66814422607422,27.95488739013672,0.0018820952391251,18.368,-1.008,0.412,0.0,0,0,1,,1.0,2026-03-10T10:19:42.357100,neutral,0.962,2026-03-10T10:19:42.357100,0.9066557703381656,2026-03-10T10:19:42.120000,70,,,
participant_04,4,day,Town10HD_Opt,2026-03-10 10:19:43.243570,-103.13883209228516,-48.92123031616211,0.0020406341645866,49.873,-5.262,0.731,0.0,0,0,1,,1.0,2026-03-10T10:19:43.243570,sad,0.757,2026-03-10T10:19:43.243570,0.5625169907938947,2026-03-10T10:19:43.951000,61,,,
participant_05,3,day,Town10HD_Opt,2026-03-10 10:19:43.304637,-86.47209930419922,27.97361183166504,0.0018561935285106,17.469,-1.295,0.0,0.0,0,0,1,,1.0,2026-03-10T10:19:43.304637,neutral,0.962,2026-03-10T10:19:42.357100,0.8941602166035667,2026-03-10T10:19:43.106000,70,,,
participant_04,4,day,Town10HD_Opt,2026-03-10 10:19:44.170520,-107.42491149902344,-41.312870025634766,0.0020662688184529,49.75,-4.518,0.731,0.0,0,0,1,,0.946,2026-03-10T10:19:44.170520,sad,0.757,2026-03-10T10:19:43.243570,0.4835789895277166,2026-03-10T10:19:44.987000,62,,,
participant_05,3,day,Town10HD_Opt,2026-03-10 10:19:44.236510,-83.737548828125,27.9432315826416,0.0020410155411809,13.488,0.188,0.0,0.0,0,0,1,,1.0,2026-03-10T10:19:44.236510,neutral,0.962,2026-03-10T10:19:42.357100,0.8908490920786873,2026-03-10T10:19:44.275000,70,,,
participant_04,4,day,Town10HD_Opt,2026-03-10 10:19:45.100703,-110.16799926757812,-33.09214401245117,0.0021413420327007,48.05,-5.061,0.417,0.0,0,0,1,,0.962,2026-03-10T10:19:45.100703,sad,0.757,2026-03-10T10:19:43.243570,0.5668581423348501,2026-03-10T10:19:44.987000,63,,,
participant_05,3,day,Town10HD_Opt,2026-03-10 10:19:45.229347,-81.63555908203125,27.93996238708496,0.0020180509891361,10.362,1.034,0.0,0.0,0,0,1,,1.0,2026-03-10T10:19:45.229347,neutral,0.998,2026-03-10T10:19:45.229347,0.8852310204162459,2026-03-10T10:19:45.039000,69,,,
participant_04,4,day,Town10HD_Opt,2026-03-10 10:19:45.990127,-111.18014526367188,-24.888994216918945,0.0021712875459343,44.986,-3.898,0.0,0.0,0,0,1,,0.905,2026-03-10T10:19:45.990127,neutral,0.766,2026-03-10T10:19:45.990127,0.5275392153032011,2026-03-10T10:19:45.976000,64,,,
participant_05,3,day,Town10HD_Opt,2026-03-10 10:19:46.188158,-80.02142333984375,27.95696258544922,0.0019953155424445,7.956,1.022,0.0,0.0,0,0,1,,1.0,2026-03-10T10:19:46.188158,neutral,0.998,2026-03-10T10:19:45.229347,0.811496475189167,2026-03-10T10:19:46.120000,71,,,
participant_05,3,day,Town10HD_Opt,2026-03-10 10:19:47.158013,-78.7822494506836,27.97962188720703,0.0019776534754782,6.108,0.888,0.0,0.0,0,0,1,,1.0,2026-03-10T10:19:47.158013,neutral,0.998,2026-03-10T10:19:45.229347,0.946028576153602,2026-03-10T10:19:47.200000,71,,,
participant_04,4,day,Town10HD_Opt,2026-03-10 10:19:47.208975,-110.84951782226562,-15.849017143249512,0.0023336792364716,32.212,0.305,0.0,0.0,0,0,1,,0.816,2026-03-10T10:19:47.208975,neutral,0.766,2026-03-10T10:19:45.990127,0.5208718838212285,2026-03-10T10:19:47.956000,70,,,
participant_05,3,day,Town10HD_Opt,2026-03-10 10:19:48.078781,-78.16515350341797,27.99277305603028,0.0021456908434629,0.0,0.893,0.0,0.016,0,0,1,,1.0,2026-03-10T10:19:48.078781,neutral,0.996,2026-03-10T10:19:48.078781,0.8975768439235232,2026-03-10T10:19:48.416000,71,,,
participant_04,4,day,Town10HD_Opt,2026-03-10 10:19:48.143171,-110.59651947021484,-10.781195640563965,0.0022247314918786,26.046,1.011,0.266,0.0,0,0,1,,0.814,2026-03-10T10:19:48.143171,sad,0.783,2026-03-10T10:19:48.143171,0.5549761568546535,2026-03-10T10:19:47.956000,70,,,
participant_04,4,day,Town10HD_Opt,2026-03-10 10:19:48.996567,-110.48056030273438,-6.56658411026001,0.0022148895077407,21.418,0.639,0.347,0.0,0,0,1,,0.816,2026-03-10T10:19:48.996567,sad,0.783,2026-03-10T10:19:48.143171,0.5389689678454891,2026-03-10T10:19:49.036000,71,,,
participant_05,3,day,Town10HD_Opt,2026-03-10 10:19:49.314144,-78.16398620605469,27.99280548095703,0.001922111492604,0.004,0.898,0.0,0.0,0,0,1,,1.0,2026-03-10T10:19:49.314144,neutral,0.996,2026-03-10T10:19:48.078781,0.8480248588510703,2026-03-10T10:19:49,70,,,
participant_04,4,day,Town10HD_Opt,2026-03-10 10:19:50.160483,-110.39424896240234,-1.2111793756484983,0.0016731261275708,29.859,-0.703,0.943,0.0,0,0,1,,1.0,2026-03-10T10:19:50.160483,sad,0.697,2026-03-10T10:19:50.160483,0.4801051396526862,2026-03-10T10:19:50.971000,74,,,
participant_05,3,day,Town10HD_Opt,2026-03-10 10:19:50.305500,-78.16368103027344,27.992807388305664,0.001919288537465,0.001,0.592,0.0,0.0,0,0,1,,1.0,2026-03-10T10:19:50.305500,neutral,0.998,2026-03-10T10:19:50.305500,0.9298654918551618,2026-03-10T10:19:50.007000,71,,,
participant_04,4,day,Town10HD_Opt,2026-03-10 10:19:51.007005,-109.89568328857422,5.152976989746094,0.0015965652419254,44.006,-6.552,0.94,0.0,0,0,1,,1.0,2026-03-10T10:19:51.007005,sad,0.697,2026-03-10T10:19:50.160483,0.5767164586887787,2026-03-10T10:19:50.971000,72,,,
participant_05,3,day,Town10HD_Opt,2026-03-10 10:19:51.216009,-78.16364288330078,27.992807388305664,0.0019188689766451,0.006,0.583,0.0,0.0,0,0,1,,1.0,2026-03-10T10:19:51.216009,neutral,0.998,2026-03-10T10:19:50.305500,0.8873615367479548,2026-03-10T10:19:50.981000,68,,,
participant_05,3,day,Town10HD_Opt,2026-03-10 10:19:52.101663,-78.16368103027344,27.992807388305664,0.001918678288348,0.006,0.583,0.0,0.0,0,0,1,,1.0,2026-03-10T10:19:52.101663,neutral,0.998,2026-03-10T10:19:50.305500,0.9550806084110472,2026-03-10T10:19:52.016000,70,,,
participant_04,4,day,Town10HD_Opt,2026-03-10 10:19:52.198182,-107.22281646728516,15.167752265930176,0.0023331069387495,39.006,-0.726,0.0,0.0,0,0,1,,1.0,2026-03-10T10:19:52.198182,sad,0.625,2026-03-10T10:19:52.198182,0.580538181019803,2026-03-10T10:19:52.951000,73,,,
participant_05,3,day,Town10HD_Opt,2026-03-10 10:19:53.065890,-78.16358947753906,27.992807388305664,0.0019189834129065,0.002,0.583,0.0,0.0,0,0,1,,1.0,2026-03-10T10:19:53.065890,neutral,0.995,2026-03-10T10:19:53.065890,0.9748612419127144,2026-03-10T10:19:52.961000,68,,,
participant_04,4,day,Town10HD_Opt,2026-03-10 10:19:53.113947,-104.8786392211914,20.746206283569336,0.00233940128237,29.869,-9.267,0.079,0.0,0,0,1,,1.0,2026-03-10T10:19:53.113947,sad,0.625,2026-03-10T10:19:52.198182,0.5151424588254487,2026-03-10T10:19:52.951000,73,,,
participant_04,4,day,Town10HD_Opt,2026-03-10 10:19:54.033870,-101.96084594726562,24.65927124023437,0.0021448135375976,26.687,-17.828,0.45,0.0,0,0,1,,1.0,2026-03-10T10:19:54.033870,sad,0.625,2026-03-10T10:19:52.198182,0.5629928258324881,2026-03-10T10:19:53.986000,72,,,
participant_04,4,day,Town10HD_Opt,2026-03-10 10:19:55.273312,-96.20808410644533,27.783111572265625,0.0019026183290407,31.825,-11.484,0.659,0.0,0,0,1,,1.0,2026-03-10T10:19:55.273312,happy,0.992,2026-03-10T10:19:55.273312,0.5751763921037334,2026-03-10T10:19:55.966000,70,,,
participant_04,4,day,Town10HD_Opt,2026-03-10 10:19:56.237381,-90.19208526611328,28.78177833557129,0.0019428634550422,38.742,-4.907,0.686,0.0,0,0,1,,1.0,2026-03-10T10:19:56.237381,happy,0.992,2026-03-10T10:19:55.273312,0.4638895934067823,2026-03-10T10:19:56.958000,71,,,
participant_04,4,day,Town10HD_Opt,2026-03-10 10:19:57.204749,-83.1409683227539,28.774526596069336,0.0021639252081513,38.934,-3.61,0.0,0.0,0,0,1,,1.0,2026-03-10T10:19:57.204749,happy,0.992,2026-03-10T10:19:55.273312,0.5180269809568046,2026-03-10T10:19:57.991000,70,,,errors=Solid line crossing
participant_04,4,day,Town10HD_Opt,2026-03-10 10:19:58.130598,-77.15724182128906,28.10806655883789,0.0023160553537309,29.722,2.805,0.0,0.062,0,0,1,,1.0,2026-03-10T10:19:58.130598,sad,0.489,2026-03-10T10:19:58.130598,0.4515405585300533,2026-03-10T10:19:58.982000,66,,,
participant_04,4,day,Town10HD_Opt,2026-03-10 10:19:59.052071,-72.66686248779297,27.784467697143555,0.0023584747686982,19.91,1.514,0.0,0.662,0,0,1,,1.0,2026-03-10T10:19:59.052071,sad,0.489,2026-03-10T10:19:58.130598,0.5639981129651861,2026-03-10T10:19:58.982000,67,,,errors=Harsh braking
participant_05,4,day,Town10HD_Opt,2026-03-10 10:30:00.000000,-41.66858673095703,89.7454833984375,0.580491840839386,17.368,5.893,0.498,0.0,0,0,1,,1.0,2026-03-10T10:30:00,,,2026-03-10T10:30:00,0.9543591908420408,2026-03-10T10:30:00,68,,,
participant_06,3,day,Town10HD_Opt,2026-03-10 10:30:00.000000,-41.66858673095703,89.7454833984375,0.5804919004440308,4.779,-0.172,0.704,0.0,0,0,1,,1.0,2026-03-10T10:30:00,,,2026-03-10T10:30:00,0.0997052199856271,2026-03-10T10:30:00,78,,,
participant_06,3,day,Town10HD_Opt,2026-03-10 10:30:04.515184,-41.66976165771485,89.4715347290039,0.0016576766502112,5.422,-0.172,0.692,0.0,0,0,1,,1.0,2026-03-10T10:30:04.515184,,,2026-03-10T10:30:04.515184,0.0740034443669931,2026-03-10T10:30:04.006000,79,,,
participant_05,4,day,Town10HD_Opt,2026-03-10 10:30:04.596357,-41.54966735839844,82.54132843017578,0.0018890762003138,17.463,6.955,0.542,0.0,0,0,1,,0.914,2026-03-10T10:30:04.596357,,,2026-03-10T10:30:04.596357,0.99,2026-03-10T10:30:04.951000,71,,,
participant_06,3,day,Town10HD_Opt,2026-03-10 10:30:05.177038,-41.67391204833984,88.46046447753906,0.0016296386020258,11.912,-0.172,0.572,0.0,0,0,1,,1.0,2026-03-10T10:30:05.177038,,,2026-03-10T10:30:04.515184,0.1274028482607345,2026-03-10T10:30:05.041000,83,,,
participant_05,4,day,Town10HD_Opt,2026-03-10 10:30:05.250319,-41.26298904418945,80.43081665039062,0.0020692443940788,18.697,9.255,0.435,0.0,0,0,1,,1.0,2026-03-10T10:30:05.250319,,,2026-03-10T10:30:04.596357,0.96072421918168,2026-03-10T10:30:05.939000,70,,,
participant_06,3,day,Town10HD_Opt,2026-03-10 10:30:06.157513,-41.68680191040039,85.87332916259766,0.0017773056169971,17.079,-0.172,0.338,0.0,0,0,1,,0.901,2026-03-10T10:30:06.157513,,,2026-03-10T10:30:04.515184,0.02,2026-03-10T10:30:06.030000,81,,,
participant_05,4,day,Town10HD_Opt,2026-03-10 10:30:06.273604,-40.27951049804688,77.15275573730469,0.0019831084646284,20.804,14.229,0.443,0.0,0,0,1,,1.0,2026-03-10T10:30:06.273604,,,2026-03-10T10:30:04.596357,0.99,2026-03-10T10:30:06.929000,69,,,
participant_06,3,day,Town10HD_Opt,2026-03-10 10:30:07.138627,-41.70051193237305,82.77305603027344,0.0019827270880341,18.125,1.608,0.252,0.0,0,0,1,,1.0,2026-03-10T10:30:07.138627,neutral,0.591,2026-03-10T10:30:07.138627,0.0932730532492766,2026-03-10T10:30:07.021000,84,,,
participant_05,4,day,Town10HD_Opt,2026-03-10 10:30:07.313584,-38.2166633605957,73.96195983886719,0.0020032881293445,23.022,18.124,0.438,0.0,0,0,1,,1.0,2026-03-10T10:30:07.313584,sad,0.376,2026-03-10T10:30:07.313584,0.9224653368005516,2026-03-10T10:30:07.966000,69,,,
participant_06,3,day,Town10HD_Opt,2026-03-10 10:30:08.172434,-41.51970291137695,79.6581039428711,0.0019232940394431,17.627,10.113,0.397,0.0,0,0,1,,1.0,2026-03-10T10:30:08.172434,neutral,0.591,2026-03-10T10:30:07.138627,0.0583673922615821,2026-03-10T10:30:08.011000,86,,,
participant_05,4,day,Town10HD_Opt,2026-03-10 10:30:08.308681,-34.92461395263672,71.44326782226562,0.0020063780248165,24.934,14.82,0.439,0.0,0,0,1,,1.0,2026-03-10T10:30:08.308681,sad,0.376,2026-03-10T10:30:07.313584,0.8824948784668046,2026-03-10T10:30:08.954000,70,,,
participant_05,4,day,Town10HD_Opt,2026-03-10 10:30:08.989303,-32.199485778808594,70.29139709472656,0.0020013807807117,26.054,11.549,0.44,0.0,0,0,1,,1.0,2026-03-10T10:30:08.989303,sad,0.376,2026-03-10T10:30:07.313584,0.9229748005083508,2026-03-10T10:30:08.954000,71,,,
participant_06,3,day,Town10HD_Opt,2026-03-10 10:30:09.165982,-40.65286636352539,76.58457946777344,0.0020267867948859,19.39,17.651,0.453,0.0,0,0,1,,1.0,2026-03-10T10:30:09.165982,neutral,0.519,2026-03-10T10:30:09.165982,0.0788381995345992,2026-03-10T10:30:09.045000,87,,,
participant_05,4,day,Town10HD_Opt,2026-03-10 10:30:09.991864,-27.59329605102539,69.37680053710938,0.0019981383811682,27.89,9.26,0.445,0.0,0,0,1,,1.0,2026-03-10T10:30:09.991864,neutral,0.564,2026-03-10T10:30:09.991864,0.9126912572214776,2026-03-10T10:30:09.944000,70,,,
participant_06,3,day,Town10HD_Opt,2026-03-10 10:30:10.171893,-38.74212646484375,73.64677429199219,0.0020468139555305,20.624,19.959,0.346,0.0,0,0,1,,1.0,2026-03-10T10:30:10.171893,neutral,0.519,2026-03-10T10:30:09.165982,0.0549488623307112,2026-03-10T10:30:10.126000,90,,,
participant_06,3,day,Town10HD_Opt,2026-03-10 10:30:11.134076,-35.87272262573242,71.48171997070312,0.0020686720963567,20.813,19.806,0.346,0.0,0,0,1,,1.0,2026-03-10T10:30:11.134076,neutral,0.519,2026-03-10T10:30:09.165982,0.029436722611163,2026-03-10T10:30:11.070000,91,,,
participant_05,4,day,Town10HD_Opt,2026-03-10 10:30:11.245534,-20.85529518127441,69.45277404785156,0.0019906996749341,30.021,-1.789,0.449,0.0,0,0,1,,0.805,2026-03-10T10:30:11.245534,neutral,0.564,2026-03-10T10:30:09.991864,0.8693783991308598,2026-03-10T10:30:12.060000,72,,,
participant_05,4,day,Town10HD_Opt,2026-03-10 10:30:12.196807,-15.466806411743164,69.54310607910156,0.0019905089866369,31.692,-0.078,0.458,0.0,0,0,1,,1.0,2026-03-10T10:30:12.196807,neutral,0.698,2026-03-10T10:30:12.196807,0.8569331080891813,2026-03-10T10:30:12.960000,74,,,
participant_06,3,day,Town10HD_Opt,2026-03-10 10:30:12.213368,-32.39971923828125,70.39720916748047,0.0020387268159538,21.499,13.897,0.472,0.0,0,0,1,,0.823,2026-03-10T10:30:12.213368,neutral,0.557,2026-03-10T10:30:12.213368,0.0488909607794526,2026-03-10T10:30:12.015000,93,,,
participant_06,3,day,Town10HD_Opt,2026-03-10 10:30:13.216907,-28.446266174316406,69.9473648071289,0.0019606398418545,24.231,1.65,0.531,0.0,0,0,1,,0.878,2026-03-10T10:30:13.216907,neutral,0.557,2026-03-10T10:30:12.213368,0.0525192603891816,2026-03-10T10:30:13.050000,94,,,
participant_05,4,day,Town10HD_Opt,2026-03-10 10:30:13.223375,-9.80248737335205,69.63310241699219,0.0019932554569095,33.22,0.202,0.46,0.0,0,0,1,,1.0,2026-03-10T10:30:13.223375,neutral,0.698,2026-03-10T10:30:12.196807,0.8919645496003373,2026-03-10T10:30:13.950000,74,,,
participant_05,4,day,Town10HD_Opt,2026-03-10 10:30:14.211477,-3.886039018630981,69.76625061035156,0.0020008848514407,34.528,-0.277,0.453,0.0,0,0,1,,1.0,2026-03-10T10:30:14.211477,sad,0.45,2026-03-10T10:30:14.211477,0.7874423955890916,2026-03-10T10:30:14.984000,76,,,
participant_06,3,day,Town10HD_Opt,2026-03-10 10:30:14.270311,-23.91659927368164,69.70879364013672,0.0019098663469776,28.092,1.622,0.369,0.0,0,0,1,,1.0,2026-03-10T10:30:14.270311,happy,0.995,2026-03-10T10:30:14.270311,0.0654500656089523,2026-03-10T10:30:14.041000,96,,,
participant_05,4,day,Town10HD_Opt,2026-03-10 10:30:15.136587,2.2331252098083496,69.85478973388672,0.0020135117229074,35.469,-0.407,0.443,0.0,0,0,1,,1.0,2026-03-10T10:30:15.136587,sad,0.45,2026-03-10T10:30:14.211477,0.84085099906386,2026-03-10T10:30:15.929000,75,,,
participant_06,3,day,Town10HD_Opt,2026-03-10 10:30:15.300728,-18.93932342529297,69.66161346435547,0.0020351791754364,28.517,0.592,0.361,0.0,0,0,1,,1.0,2026-03-10T10:30:15.300728,happy,0.995,2026-03-10T10:30:14.270311,0.0742337745452588,2026-03-10T10:30:15.031000,102,,,
participant_06,3,day,Town10HD_Opt,2026-03-10 10:30:16.033345,-15.619296073913574,69.67498016357422,0.0020492554176598,28.381,0.458,0.359,0.0,0,0,1,,1.0,2026-03-10T10:30:16.033345,happy,0.995,2026-03-10T10:30:14.270311,0.0997864957669663,2026-03-10T10:30:16.021000,105,,,
participant_05,4,day,Town10HD_Opt,2026-03-10 10:30:16.057710,8.472309112548828,69.879150390625,0.0020519637037068,35.557,-0.256,0.331,0.0,0,0,1,,1.0,2026-03-10T10:30:16.057710,sad,0.45,2026-03-10T10:30:14.211477,0.8105743443748169,2026-03-10T10:30:15.929000,73,,,
participant_05,4,day,Town10HD_Opt,2026-03-10 10:30:17.012557,14.31851577758789,69.86506652832031,0.0022694014478474,29.581,-0.031,0.0,0.0,0,0,1,,1.0,2026-03-10T10:30:17.012557,neutral,0.483,2026-03-10T10:30:17.012557,0.7443407488539537,2026-03-10T10:30:16.963000,73,,,
participant_06,3,day,Town10HD_Opt,2026-03-10 10:30:17.296792,-9.03740406036377,69.77099609375,0.0020509718451648,28.039,0.275,0.359,0.0,0,0,1,,1.0,2026-03-10T10:30:17.296792,neutral,0.86,2026-03-10T10:30:17.296792,0.1339849791545711,2026-03-10T10:30:17.010000,107,,,
participant_06,3,day,Town10HD_Opt,2026-03-10 10:30:18.022206,-5.774270534515381,69.83838653564453,0.0020503997802734,27.893,0.106,0.359,0.0,0,0,1,,1.0,2026-03-10T10:30:18.022206,neutral,0.86,2026-03-10T10:30:17.296792,0.0774184430175236,2026-03-10T10:30:18.046000,109,,,
participant_05,4,day,Town10HD_Opt,2026-03-10 10:30:18.228161,20.04996490478516,69.84040069580078,0.0023435209877789,17.344,-0.066,0.0,0.733,0,0,1,,1.0,2026-03-10T10:30:18.228161,neutral,0.483,2026-03-10T10:30:17.012557,0.7158457283375429,2026-03-10T10:30:18.944000,68,,,errors=Harsh braking
participant_06,3,day,Town10HD_Opt,2026-03-10 10:30:19.072613,-0.909753680229187,69.9332504272461,0.002049560425803,27.697,-0.233,0.359,0.0,0,0,1,,1.0,2026-03-10T10:30:19.072613,neutral,0.86,2026-03-10T10:30:17.296792,0.0329514741916503,2026-03-10T10:30:19.036000,109,,,
participant_05,4,day,Town10HD_Opt,2026-03-10 10:30:19.210244,20.638139724731445,69.83722686767578,0.0020738600287586,0.0,-0.066,0.0,0.402,0,0,1,,1.0,2026-03-10T10:30:19.210244,sad,0.693,2026-03-10T10:30:19.210244,0.7114138583907329,2026-03-10T10:30:19.935000,69,,,
participant_05,4,day,Town10HD_Opt,2026-03-10 10:30:20.110226,20.63892364501953,69.83722686767578,0.0019251632038503,0.134,0.031,0.049,0.0,0,0,1,,1.0,2026-03-10T10:30:20.110226,sad,0.693,2026-03-10T10:30:19.210244,0.732607322808922,2026-03-10T10:30:20.924000,69,,,
participant_06,3,day,Town10HD_Opt,2026-03-10 10:30:20.130965,3.922960758209229,69.99915313720703,0.0020486831199377,27.526,-0.214,0.359,0.0,0,0,1,,1.0,2026-03-10T10:30:20.130965,neutral,0.382,2026-03-10T10:30:20.130965,0.1157361893681894,2026-03-10T10:30:20.026000,110,,,
participant_05,4,day,Town10HD_Opt,2026-03-10 10:30:21.023864,20.83624267578125,69.83631896972656,0.0016885375371202,5.229,0.035,0.506,0.0,0,0,1,,1.0,2026-03-10T10:30:21.023864,sad,0.693,2026-03-10T10:30:19.210244,0.7387093319231884,2026-03-10T10:30:20.924000,68,,,
participant_06,3,day,Town10HD_Opt,2026-03-10 10:30:21.090373,8.727744102478027,70.03846740722656,0.0020481871906667,27.384,-0.228,0.359,0.0,0,0,1,,1.0,2026-03-10T10:30:21.090373,neutral,0.382,2026-03-10T10:30:20.130965,0.1073088200782813,2026-03-10T10:30:21.016000,108,,,
participant_05,4,day,Town10HD_Opt,2026-03-10 10:30:22.006924,22.28901481628418,69.82879638671875,0.0016561889788135,12.681,0.005,0.585,0.0,0,0,1,,1.0,2026-03-10T10:30:22.006924,neutral,0.651,2026-03-10T10:30:22.006924,0.6355740357511863,2026-03-10T10:30:21.985000,69,,,
participant_06,3,day,Town10HD_Opt,2026-03-10 10:30:22.040162,13.507774353027344,70.05184173583984,0.0020474623888731,27.243,-0.092,0.358,0.0,0,0,1,,1.0,2026-03-10T10:30:22.040162,neutral,0.382,2026-03-10T10:30:20.130965,0.067808453830868,2026-03-10T10:30:22.051000,107,,,
participant_06,3,day,Town10HD_Opt,2026-03-10 10:30:23.011946,18.247617721557617,70.05165100097656,0.0020724486093968,26.591,-0.087,0.287,0.0,0,0,1,,1.0,2026-03-10T10:30:23.011946,neutral,0.788,2026-03-10T10:30:23.011946,0.1277287668421095,2026-03-10T10:30:23.041000,107,,,
participant_05,4,day,Town10HD_Opt,2026-03-10 10:30:23.050062,24.87323951721192,69.80355072021484,0.0018770217429846,15.486,-0.472,0.243,0.0,0,0,1,,0.909,2026-03-10T10:30:23.050062,neutral,0.651,2026-03-10T10:30:22.006924,0.7307247549775575,2026-03-10T10:30:22.950000,67,,,errors=Stop sign violation
participant_06,3,day,Town10HD_Opt,2026-03-10 10:30:24.026852,22.77638053894043,70.04191589355469,0.0021130752284079,24.827,-0.085,0.0,0.0,0,0,1,,1.0,2026-03-10T10:30:24.026852,neutral,0.788,2026-03-10T10:30:23.011946,0.1697483225560108,2026-03-10T10:30:24.030000,108,,,errors=Stop sign violation
participant_05,4,day,Town10HD_Opt,2026-03-10 10:30:24.279189,28.60444068908692,69.51759338378906,0.0018678283086046,17.167,-10.072,0.345,0.0,0,0,1,,0.866,2026-03-10T10:30:24.279189,neutral,0.898,2026-03-10T10:30:24.279189,0.7078913741548171,2026-03-10T10:30:24.929000,72,,,
participant_06,3,day,Town10HD_Opt,2026-03-10 10:30:25.034874,26.62007522583008,70.01736450195312,0.0022335052490234,18.713,-2.44,0.0,0.0,0,0,1,,0.922,2026-03-10T10:30:25.034874,sad,0.302,2026-03-10T10:30:25.034874,0.1278949726384406,2026-03-10T10:30:25.021000,103,,,
participant_05,4,day,Town10HD_Opt,2026-03-10 10:30:25.218205,31.63533401489257,68.70865631103516,0.0020627593621611,18.541,-10.732,0.463,0.0,0,0,1,,0.908,2026-03-10T10:30:25.218205,neutral,0.898,2026-03-10T10:30:24.279189,0.7072856302740738,2026-03-10T10:30:25.964000,71,,,
participant_06,3,day,Town10HD_Opt,2026-03-10 10:30:26.035396,29.57560920715332,69.84892272949219,0.0019860840402543,15.661,-6.772,0.246,0.0,0,0,1,,1.0,2026-03-10T10:30:26.035396,sad,0.302,2026-03-10T10:30:25.034874,0.15913504626698,2026-03-10T10:30:26.010000,102,,,
participant_05,4,day,Town10HD_Opt,2026-03-10 10:30:26.133554,34.810977935791016,67.28688049316406,0.00195690151304,21.513,-9.2,0.465,0.0,0,0,1,,0.875,2026-03-10T10:30:26.133554,neutral,0.898,2026-03-10T10:30:24.279189,0.686262542890078,2026-03-10T10:30:26.954000,69,,,
participant_05,4,day,Town10HD_Opt,2026-03-10 10:30:27.028021,38.11806488037109,65.07060241699219,0.0019610975868999,24.301,-9.143,0.468,0.0,0,0,1,,1.0,2026-03-10T10:30:27.028021,neutral,0.986,2026-03-10T10:30:27.028021,0.7197269962904185,2026-03-10T10:30:26.954000,70,,,
participant_06,3,day,Town10HD_Opt,2026-03-10 10:30:27.051634,32.3095703125,69.28450775146484,0.0018561935285106,17.085,-12.886,0.496,0.0,0,0,1,,1.0,2026-03-10T10:30:27.051634,neutral,0.354,2026-03-10T10:30:27.051634,0.2037384342509799,2026-03-10T10:30:27.046000,102,,,
participant_05,4,day,Town10HD_Opt,2026-03-10 10:30:27.995503,41.21527862548828,61.89910888671875,0.0019814299885183,26.677,-12.033,0.46,0.0,0,0,1,,1.0,2026-03-10T10:30:27.995503,neutral,0.986,2026-03-10T10:30:27.028021,0.7271159227528049,2026-03-10T10:30:27.944000,68,,,
participant_06,3,day,Town10HD_Opt,2026-03-10 10:30:28.108091,35.33393096923828,68.05587005615234,0.0019625853747129,20.191,-8.32,0.527,0.0,0,0,1,,1.0,2026-03-10T10:30:28.108091,neutral,0.354,2026-03-10T10:30:27.051634,0.2090777782454964,2026-03-10T10:30:28.035000,99,,,
participant_06,3,day,Town10HD_Opt,2026-03-10 10:30:29.155104,38.6695442199707,66.0963134765625,0.0019643784034997,23.649,-13.516,0.431,0.0,0,0,1,,1.0,2026-03-10T10:30:29.155104,neutral,0.66,2026-03-10T10:30:29.155104,0.177808916287513,2026-03-10T10:30:29.027000,98,,,
participant_05,4,day,Town10HD_Opt,2026-03-10 10:30:29.285469,43.95367431640625,56.09437942504883,0.0020197294652462,28.698,-12.565,0.421,0.0,0,0,1,,1.0,2026-03-10T10:30:29.285469,sad,0.687,2026-03-10T10:30:29.285469,0.696065951885642,2026-03-10T10:30:29.923000,67,,,
participant_05,4,day,Town10HD_Opt,2026-03-10 10:30:30.246844,44.4636116027832,51.23710632324219,0.002201538067311,25.495,-6.144,0.0,0.0,0,0,1,,0.838,2026-03-10T10:30:30.246844,sad,0.687,2026-03-10T10:30:29.285469,0.7324494825581968,2026-03-10T10:30:31.049000,67,,,
participant_06,3,day,Town10HD_Opt,2026-03-10 10:30:30.259757,41.6602668762207,63.07087707519531,0.0020085906144231,25.335,-14.144,0.431,0.0,0,0,1,,1.0,2026-03-10T10:30:30.259757,neutral,0.66,2026-03-10T10:30:29.155104,0.3435082441950787,2026-03-10T10:30:30.016000,97,,,
participant_05,4,day,Town10HD_Opt,2026-03-10 10:30:31.194536,44.32789611816406,47.281131744384766,0.0022337341215461,19.717,-0.482,0.173,0.0,0,0,1,,0.872,2026-03-10T10:30:31.194536,sad,0.687,2026-03-10T10:30:29.285469,0.6663395308777398,2026-03-10T10:30:31.949000,66,,,
participant_06,3,day,Town10HD_Opt,2026-03-10 10:30:31.307620,43.72857284545898,59.04256820678711,0.0020097349770367,26.743,-14.1,0.423,0.0,0,0,1,,1.0,2026-03-10T10:30:31.307620,neutral,0.34,2026-03-10T10:30:31.307620,0.2326091121411952,2026-03-10T10:30:31.005000,96,,,
participant_05,4,day,Town10HD_Opt,2026-03-10 10:30:32.121290,44.21094512939453,44.06631851196289,0.002022094791755,18.158,2.313,0.274,0.0,0,0,1,,1.0,2026-03-10T10:30:32.121290,neutral,0.832,2026-03-10T10:30:32.121290,0.6920515971158308,2026-03-10T10:30:32.940000,67,,,
participant_06,3,day,Town10HD_Opt,2026-03-10 10:30:32.307988,44.47478485107422,54.397605895996094,0.002082634018734,26.663,-8.398,0.244,0.0,0,0,1,,1.0,2026-03-10T10:30:32.307988,neutral,0.34,2026-03-10T10:30:31.307620,0.2376872181422484,2026-03-10T10:30:32.040000,91,,,
participant_05,4,day,Town10HD_Opt,2026-03-10 10:30:33.048654,44.25459289550781,40.90121841430664,0.0020462034735828,18.013,5.096,0.364,0.0,0,0,1,,0.833,2026-03-10T10:30:33.048654,neutral,0.832,2026-03-10T10:30:32.121290,0.7060165262540744,2026-03-10T10:30:32.940000,67,,,
participant_06,3,day,Town10HD_Opt,2026-03-10 10:30:33.081462,44.49818420410156,51.35805892944336,0.0021149443928152,25.189,0.583,0.245,0.0,0,0,1,,1.0,2026-03-10T10:30:33.081462,neutral,0.34,2026-03-10T10:30:31.307620,0.2536030257069931,2026-03-10T10:30:33.075000,92,,,
participant_06,3,day,Town10HD_Opt,2026-03-10 10:30:34.120253,44.47933578491211,47.10833740234375,0.002094192430377,23.469,-2.828,0.326,0.0,0,0,1,,1.0,2026-03-10T10:30:34.120253,neutral,0.838,2026-03-10T10:30:34.120253,0.2652353782131509,2026-03-10T10:30:34.065000,91,,,
participant_05,4,day,Town10HD_Opt,2026-03-10 10:30:34.266133,44.99347686767578,36.73442077636719,0.002047843998298,18.415,17.316,0.346,0.0,0,0,1,,0.907,2026-03-10T10:30:34.266133,neutral,0.636,2026-03-10T10:30:34.266133,0.679201142622838,2026-03-10T10:30:34.964000,69,,,
participant_06,3,day,Town10HD_Opt,2026-03-10 10:30:35.181663,44.28214263916016,43.04507064819336,0.0020572661887854,23.054,1.89,0.326,0.0,0,0,1,,1.0,2026-03-10T10:30:35.181663,neutral,0.838,2026-03-10T10:30:34.120253,0.2821320270173544,2026-03-10T10:30:35.011000,89,,,
participant_05,4,day,Town10HD_Opt,2026-03-10 10:30:35.191811,46.5230598449707,33.87454605102539,0.0020481490064412,18.889,16.893,0.347,0.0,0,0,1,,0.811,2026-03-10T10:30:35.191811,neutral,0.636,2026-03-10T10:30:34.266133,0.6783409734330197,2026-03-10T10:30:35.999000,69,,,
participant_05,4,day,Town10HD_Opt,2026-03-10 10:30:36.077497,48.833641052246094,31.486366271972656,0.0020538328681141,19.251,16.893,0.334,0.0,0,0,1,,1.0,2026-03-10T10:30:36.077497,neutral,0.636,2026-03-10T10:30:34.266133,0.6543857622616935,2026-03-10T10:30:35.999000,68,,,
participant_06,3,day,Town10HD_Opt,2026-03-10 10:30:36.212379,44.41292953491211,39.05567932128906,0.0020629118662327,22.647,9.859,0.353,0.0,0,0,1,,1.0,2026-03-10T10:30:36.212379,neutral,0.473,2026-03-10T10:30:36.212379,0.2265101917405538,2026-03-10T10:30:36.045000,87,,,
participant_05,4,day,Town10HD_Opt,2026-03-10 10:30:36.991868,51.7559700012207,29.816085815429688,0.0020598219707608,19.404,16.488,0.329,0.0,0,0,1,,1.0,2026-03-10T10:30:36.991868,neutral,0.442,2026-03-10T10:30:36.991868,0.7088459374585802,2026-03-10T10:30:37.034000,69,,,
participant_06,3,day,Town10HD_Opt,2026-03-10 10:30:37.300097,45.36528778076172,35.221473693847656,0.0020535660441964,22.731,12.5,0.347,0.0,0,0,1,,0.829,2026-03-10T10:30:37.300097,neutral,0.473,2026-03-10T10:30:36.212379,0.3195656617963111,2026-03-10T10:30:37.038000,87,,,
participant_06,3,day,Town10HD_Opt,2026-03-10 10:30:38.002222,46.54237747192383,32.85791015625,0.0020656585693359,22.664,17.746,0.348,0.0,0,0,1,,1.0,2026-03-10T10:30:38.002222,neutral,0.473,2026-03-10T10:30:36.212379,0.2123537609648674,2026-03-10T10:30:38.071000,88,,,
participant_05,4,day,Town10HD_Opt,2026-03-10 10:30:38.220105,55.995262145996094,28.44948005676269,0.0019714736845344,18.072,-1.732,0.209,0.0,0,0,1,,1.0,2026-03-10T10:30:38.220105,neutral,0.442,2026-03-10T10:30:36.991868,0.7693752072627975,2026-03-10T10:30:38.924000,70,,,
participant_05,4,day,Town10HD_Opt,2026-03-10 10:30:39.135933,58.94988250732422,27.492570877075195,0.0019462204072624,16.264,2.487,0.0,0.0,0,0,1,,0.896,2026-03-10T10:30:39.135933,neutral,0.933,2026-03-10T10:30:39.135933,0.7156668003837166,2026-03-10T10:30:39.959000,72,,,
participant_06,3,day,Town10HD_Opt,2026-03-10 10:30:39.316354,50.37522888183594,29.36826515197754,0.0020804977975785,22.505,19.639,0.346,0.0,0,0,1,,1.0,2026-03-10T10:30:39.316354,neutral,0.765,2026-03-10T10:30:39.316354,0.2514381276881405,2026-03-10T10:30:39.016000,90,,,
participant_06,3,day,Town10HD_Opt,2026-03-10 10:30:40.046001,52.81125259399414,28.424354553222656,0.0020728684030473,22.496,16.992,0.332,0.0,0,0,1,,1.0,2026-03-10T10:30:40.046001,neutral,0.765,2026-03-10T10:30:39.316354,0.299849056181563,2026-03-10T10:30:40.005000,89,,,
participant_05,4,day,Town10HD_Opt,2026-03-10 10:30:40.054029,61.39057540893555,26.81616401672364,0.0020372390281409,12.664,3.146,0.0,0.0,0,0,1,,0.941,2026-03-10T10:30:40.054029,neutral,0.933,2026-03-10T10:30:39.135933,0.6848695125323506,2026-03-10T10:30:39.959000,73,,,
participant_06,3,day,Town10HD_Opt,2026-03-10 10:30:41.049769,56.66613006591797,28.02574157714844,0.0020769499242305,22.03,7.549,0.296,0.0,0,0,1,,1.0,2026-03-10T10:30:41.049769,neutral,0.765,2026-03-10T10:30:39.316354,0.2973785171358827,2026-03-10T10:30:41.041000,88,,,
participant_05,4,day,Town10HD_Opt,2026-03-10 10:30:41.260214,63.82151794433594,26.304874420166016,0.0020045852288603,8.77,7.247,0.0,0.0,0,0,1,,1.0,2026-03-10T10:30:41.260214,neutral,0.704,2026-03-10T10:30:41.260214,0.7442075214288655,2026-03-10T10:30:41.939000,70,,,
participant_06,3,day,Town10HD_Opt,2026-03-10 10:30:42.081847,60.45914459228516,28.16245079040528,0.002069549402222,21.266,1.462,0.304,0.0,0,0,1,,1.0,2026-03-10T10:30:42.081847,neutral,0.755,2026-03-10T10:30:42.081847,0.1578255224832838,2026-03-10T10:30:42.032000,88,,,
participant_05,4,day,Town10HD_Opt,2026-03-10 10:30:42.152054,65.1761703491211,26.1357364654541,0.0019842146430164,6.736,7.149,0.0,0.0,0,0,1,,0.937,2026-03-10T10:30:42.152054,neutral,0.704,2026-03-10T10:30:41.260214,0.690213195923001,2026-03-10T10:30:42.930000,71,,,
participant_06,3,day,Town10HD_Opt,2026-03-10 10:30:43.091066,64.1253433227539,28.36567115783692,0.0020631407387554,20.625,-0.146,0.178,0.0,0,0,1,,1.0,2026-03-10T10:30:43.091066,neutral,0.755,2026-03-10T10:30:42.081847,0.2668306299285036,2026-03-10T10:30:43.021000,87,,,
participant_05,4,day,Town10HD_Opt,2026-03-10 10:30:43.099221,66.02046966552734,26.063663482666016,0.0023197173140943,0.001,4.789,0.0,0.273,0,0,1,,1.0,2026-03-10T10:30:43.099221,neutral,0.704,2026-03-10T10:30:41.260214,0.7215876400841623,2026-03-10T10:30:42.930000,69,,,
participant_06,3,day,Town10HD_Opt,2026-03-10 10:30:44.096445,67.43842315673828,28.545223236083984,0.0019332122756168,16.764,-0.919,0.0,0.0,0,0,1,,1.0,2026-03-10T10:30:44.096445,sad,0.373,2026-03-10T10:30:44.096445,0.2714425344821598,2026-03-10T10:30:44.012000,87,,,
participant_05,4,day,Town10HD_Opt,2026-03-10 10:30:44.279436,66.02099609375,26.063663482666016,0.0019242477137595,0.001,3.431,0.0,0.0,0,0,1,,0.801,2026-03-10T10:30:44.279436,sad,0.463,2026-03-10T10:30:44.279436,0.7139855839044992,2026-03-10T10:30:44.955000,67,,,
participant_06,3,day,Town10HD_Opt,2026-03-10 10:30:45.043866,70.04975891113281,28.64433860778809,0.0020401000510901,12.874,-1.539,0.0,0.0,0,0,1,,1.0,2026-03-10T10:30:45.043866,sad,0.373,2026-03-10T10:30:44.096445,0.2786774509586356,2026-03-10T10:30:45.046000,85,,,
participant_05,4,day,Town10HD_Opt,2026-03-10 10:30:45.227900,66.02100372314453,26.06364250183105,0.0019198226509615,0.0,3.401,0.0,0.0,0,0,1,,0.881,2026-03-10T10:30:45.227900,sad,0.463,2026-03-10T10:30:44.279436,0.6318675504177592,2026-03-10T10:30:45.989000,67,,,
participant_06,3,day,Town10HD_Opt,2026-03-10 10:30:46.045871,72.05577087402344,28.67764663696289,0.0020135878585278,10.038,-0.557,0.0,0.0,0,0,1,,0.851,2026-03-10T10:30:46.045871,sad,0.373,2026-03-10T10:30:44.096445,0.2451470734690513,2026-03-10T10:30:46.036000,85,,,
participant_05,4,day,Town10HD_Opt,2026-03-10 10:30:46.116677,66.02100372314453,26.06364250183105,0.0019190978491678,0.0,0.106,0.0,0.0,0,0,1,,0.897,2026-03-10T10:30:46.116677,sad,0.463,2026-03-10T10:30:44.279436,0.6955898922545479,2026-03-10T10:30:45.989000,66,,,
participant_05,4,day,Town10HD_Opt,2026-03-10 10:30:47.017803,66.02100372314453,26.063661575317383,0.0019189452286809,0.0,0.55,0.0,0.0,0,0,1,,0.873,2026-03-10T10:30:47.017803,neutral,0.612,2026-03-10T10:30:47.017803,0.7773093492472767,2026-03-10T10:30:46.985000,66,,,
participant_06,3,day,Town10HD_Opt,2026-03-10 10:30:47.296121,74.02596282958984,28.714542388916016,0.0019857024308294,6.954,-0.035,0.0,0.0,0,0,1,,0.884,2026-03-10T10:30:47.296121,neutral,0.726,2026-03-10T10:30:47.296121,0.2591699311455143,2026-03-10T10:30:47.026000,83,,,
participant_05,4,day,Town10HD_Opt,2026-03-10 10:30:48.227388,66.02100372314453,26.063661575317383,0.0019191741012036,0.0,0.517,0.0,0.0,0,0,1,,0.83,2026-03-10T10:30:48.227388,neutral,0.612,2026-03-10T10:30:47.017803,0.6299012291606135,2026-03-10T10:30:48.960000,66,,,
participant_06,3,day,Town10HD_Opt,2026-03-10 10:30:48.268337,75.10914611816406,28.73194122314453,0.0019702147692441,5.339,-0.357,0.0,0.0,0,0,1,,1.0,2026-03-10T10:30:48.268337,neutral,0.726,2026-03-10T10:30:47.296121,0.2900069815815388,2026-03-10T10:30:48.016000,86,,,
participant_05,4,day,Town10HD_Opt,2026-03-10 10:30:49.115303,66.02100372314453,26.063661575317383,0.0019189834129065,0.0,0.444,0.0,0.0,0,0,1,,1.0,2026-03-10T10:30:49.115303,sad,0.718,2026-03-10T10:30:49.115303,0.715309733389832,2026-03-10T10:30:48.960000,67,,,
participant_06,3,day,Town10HD_Opt,2026-03-10 10:30:49.210804,75.94076538085938,28.7434196472168,0.0019583129324018,4.099,-0.348,0.0,0.0,0,0,1,,1.0,2026-03-10T10:30:49.210804,neutral,0.726,2026-03-10T10:30:47.296121,0.2991987119841296,2026-03-10T10:30:49.050000,87,,,
participant_05,4,day,Town10HD_Opt,2026-03-10 10:30:49.993943,66.02100372314453,26.06364250183105,0.0019190596649423,0.0,0.444,0.0,0.0,0,0,1,,1.0,2026-03-10T10:30:49.993943,sad,0.718,2026-03-10T10:30:49.115303,0.6730812599712079,2026-03-10T10:30:49.995000,68,,,
participant_06,3,day,Town10HD_Opt,2026-03-10 10:30:50.183431,76.57921600341797,28.75136375427246,0.0019492721185088,3.147,-0.336,0.0,0.0,0,0,1,,1.0,2026-03-10T10:30:50.183431,neutral,0.842,2026-03-10T10:30:50.183431,0.2099124536257605,2026-03-10T10:30:50.041000,85,,,
participant_05,4,day,Town10HD_Opt,2026-03-10 10:30:51.112766,66.02100372314453,26.063661575317383,0.0019189834129065,0.0,0.503,0.0,0.0,0,0,1,,0.921,2026-03-10T10:30:51.112766,sad,0.718,2026-03-10T10:30:49.115303,0.5556107812347708,2026-03-10T10:30:51.929000,68,,,
participant_06,3,day,Town10HD_Opt,2026-03-10 10:30:51.152213,77.15167999267578,28.757789611816406,0.0018370436737313,4.339,-0.329,0.0,0.0,0,0,1,,0.875,2026-03-10T10:30:51.152213,neutral,0.842,2026-03-10T10:30:50.183431,0.2849726411746917,2026-03-10T10:30:51.030000,86,,,
participant_06,3,day,Town10HD_Opt,2026-03-10 10:30:52.059260,77.8431167602539,28.76495742797852,0.001946868840605,3.432,-0.32,0.0,0.0,0,0,1,,1.0,2026-03-10T10:30:52.059260,neutral,0.842,2026-03-10T10:30:50.183431,0.2813848496287646,2026-03-10T10:30:52.021000,87,,,
participant_05,4,day,Town10HD_Opt,2026-03-10 10:30:52.220184,66.02100372314453,26.063661575317383,0.0019189834129065,0.0,0.503,0.0,0.0,0,0,1,,0.881,2026-03-10T10:30:52.220184,neutral,0.467,2026-03-10T10:30:52.220184,0.5377957015440342,2026-03-10T10:30:53.012000,68,,,
participant_05,4,day,Town10HD_Opt,2026-03-10 10:30:53.077146,66.02100372314453,26.06364250183105,0.001919021597132,0.0,0.771,0.0,0.0,0,0,1,,1.0,2026-03-10T10:30:53.077146,neutral,0.467,2026-03-10T10:30:52.220184,0.4952621822952639,2026-03-10T10:30:53.012000,68,,,
participant_06,3,day,Town10HD_Opt,2026-03-10 10:30:53.261911,78.52619171142578,28.77118682861328,0.0019421767210587,2.413,-0.317,0.0,0.0,0,0,1,,0.849,2026-03-10T10:30:53.261911,neutral,0.83,2026-03-10T10:30:53.261911,0.3031994782453303,2026-03-10T10:30:53.010000,86,,,
participant_06,3,day,Town10HD_Opt,2026-03-10 10:30:54.159007,78.9016342163086,28.774253845214844,0.0019367599161341,1.852,-0.317,0.0,0.0,0,0,1,,0.871,2026-03-10T10:30:54.159007,neutral,0.83,2026-03-10T10:30:53.261911,0.2368096207725925,2026-03-10T10:30:54.046000,84,,,
participant_05,4,day,Town10HD_Opt,2026-03-10 10:30:54.183531,66.02100372314453,26.06364250183105,0.0019190596649423,0.0,0.869,0.0,0.0,0,0,1,,0.877,2026-03-10T10:30:54.183531,neutral,0.467,2026-03-10T10:30:52.220184,0.5015962583487579,2026-03-10T10:30:54.945000,66,,,
participant_05,4,day,Town10HD_Opt,2026-03-10 10:30:55.047009,66.02100372314453,26.06364250183105,0.001919021597132,0.0,0.877,0.0,0.0,0,0,1,,0.828,2026-03-10T10:30:55.047009,sad,0.442,2026-03-10T10:30:55.047009,0.4257739610163311,2026-03-10T10:30:54.945000,67,,,
participant_06,3,day,Town10HD_Opt,2026-03-10 10:30:55.064985,79.18978118896484,28.77644157409668,0.0019327925983816,1.422,-0.31,0.0,0.0,0,0,1,,1.0,2026-03-10T10:30:55.064985,neutral,0.83,2026-03-10T10:30:53.261911,0.3081443805476836,2026-03-10T10:30:55.036000,82,,,
participant_05,4,day,Town10HD_Opt,2026-03-10 10:30:56.209984,66.02100372314453,26.06364250183105,0.001919021597132,0.0,0.877,0.0,0.0,0,0,1,,0.851,2026-03-10T10:30:56.209984,sad,0.442,2026-03-10T10:30:55.047009,0.4686975804816628,2026-03-10T10:30:56.970000,69,,,
participant_06,3,day,Town10HD_Opt,2026-03-10 10:30:56.279972,79.47258758544922,28.7784423828125,0.0019287872128188,1.0,-0.308,0.0,0.0,0,0,1,,0.869,2026-03-10T10:30:56.279972,neutral,0.827,2026-03-10T10:30:56.279972,0.2356955671871781,2026-03-10T10:30:56.028000,81,,,
participant_05,4,day,Town10HD_Opt,2026-03-10 10:30:57.075275,66.02100372314453,26.063661575317383,0.0019189452286809,0.0,0.879,0.0,0.0,0,0,1,,1.0,2026-03-10T10:30:57.075275,sad,0.55,2026-03-10T10:30:57.075275,0.5257156224682152,2026-03-10T10:30:56.970000,68,,,
participant_06,3,day,Town10HD_Opt,2026-03-10 10:30:57.202226,79.62799072265625,28.779491424560547,0.0019263076828792,0.77,-0.301,0.0,0.0,0,0,1,,0.83,2026-03-10T10:30:57.202226,neutral,0.827,2026-03-10T10:30:56.279972,0.3247159410767197,2026-03-10T10:30:57.016000,82,,,
participant_06,3,day,Town10HD_Opt,2026-03-10 10:30:58.121331,79.97071075439453,28.78201103210449,0.0015849685296416,7.56,-0.101,1.0,0.0,0,0,1,,1.0,2026-03-10T10:30:58.121331,neutral,0.827,2026-03-10T10:30:56.279972,0.3576154270087325,2026-03-10T10:30:58.006000,79,,,
participant_05,4,day,Town10HD_Opt,2026-03-10 10:30:58.250933,66.02100372314453,26.063661575317383,0.0019191360333934,0.0,0.942,0.0,0.0,0,0,1,,0.886,2026-03-10T10:30:58.250933,sad,0.55,2026-03-10T10:30:57.075275,0.4267073666461026,2026-03-10T10:30:58.950000,69,,,
participant_06,3,day,Town10HD_Opt,2026-03-10 10:30:59.119500,82.56139373779297,28.83832550048828,0.0017279434250667,22.134,8.215,1.0,0.0,0,0,1,,1.0,2026-03-10T10:30:59.119500,neutral,0.907,2026-03-10T10:30:59.119500,0.4038499966507048,2026-03-10T10:30:59.041000,79,,,
participant_05,4,day,Town10HD_Opt,2026-03-10 10:30:59.126604,66.1781997680664,26.04676055908203,0.0017108535394072,4.504,1.622,0.889,0.0,0,0,1,,1.0,2026-03-10T10:30:59.126604,neutral,0.636,2026-03-10T10:30:59.126604,0.4663973536463432,2026-03-10T10:30:59.940000,68,,,
participant_05,4,day,Town10HD_Opt,2026-03-10 10:31:00.026776,67.97218322753906,25.887863159179688,0.0015977477887645,15.74,1.389,0.581,0.0,0,0,1,,1.0,2026-03-10T10:31:00.026776,neutral,0.636,2026-03-10T10:30:59.126604,0.392772998801926,2026-03-10T10:30:59.940000,71,,,
participant_06,3,day,Town10HD_Opt,2026-03-10 10:31:00.149836,87.69185638427734,29.42236518859864,0.0015133285196498,38.4,-5.215,1.0,0.0,0,0,1,,1.0,2026-03-10T10:31:00.149836,neutral,0.907,2026-03-10T10:30:59.119500,0.461683129024739,2026-03-10T10:31:00.122000,78,,,
participant_05,4,day,Town10HD_Opt,2026-03-10 10:31:01.180207,72.05618286132812,25.52631378173828,0.0019005584763363,16.667,0.085,0.0,0.0,0,0,1,,1.0,2026-03-10T10:31:01.180207,happy,0.842,2026-03-10T10:31:01.180207,0.4542616672082027,2026-03-10T10:31:01.965000,72,,,
participant_06,3,day,Town10HD_Opt,2026-03-10 10:31:01.211302,95.45993041992188,28.97116470336914,0.0016038893954828,51.878,-14.55,0.0,0.188,0,0,1,,1.0,2026-03-10T10:31:01.211302,neutral,0.519,2026-03-10T10:31:01.211302,0.4208984736322141,2026-03-10T10:31:01.066000,77,,,
participant_05,4,day,Town10HD_Opt,2026-03-10 10:31:02.053505,74.64405822753906,25.302528381347656,0.0020384597592055,12.802,1.058,0.0,0.0,0,0,1,,0.846,2026-03-10T10:31:02.053505,happy,0.842,2026-03-10T10:31:01.180207,0.4120619671480935,2026-03-10T10:31:01.965000,72,,,
participant_06,3,day,Town10HD_Opt,2026-03-10 10:31:02.253465,102.9120864868164,24.66886711120605,0.0021072386298328,48.223,-11.617,0.558,0.0,0,0,1,,1.0,2026-03-10T10:31:02.253465,neutral,0.519,2026-03-10T10:31:01.211302,0.5417333599527704,2026-03-10T10:31:02.011000,77,,,
participant_06,3,day,Town10HD_Opt,2026-03-10 10:31:03.005370,106.17214965820312,19.95147132873535,0.0020102690905332,49.757,-11.13,0.464,0.0,0,0,1,,0.921,2026-03-10T10:31:03.005370,neutral,0.519,2026-03-10T10:31:01.211302,0.4277640992639282,2026-03-10T10:31:03.046000,78,,,
participant_05,4,day,Town10HD_Opt,2026-03-10 10:31:03.246710,77.25318908691406,25.147111892700195,0.0019261168781667,10.684,5.03,0.232,0.0,0,0,1,,1.0,2026-03-10T10:31:03.246710,neutral,0.422,2026-03-10T10:31:03.246710,0.49237022221722,2026-03-10T10:31:03.945000,72,,,
participant_05,4,day,Town10HD_Opt,2026-03-10 10:31:04.155708,79.11957550048828,25.1379508972168,0.0019788742065429,9.709,-3.573,0.0,0.0,0,0,1,,1.0,2026-03-10T10:31:04.155708,neutral,0.422,2026-03-10T10:31:03.246710,0.4961578119860471,2026-03-10T10:31:04.936000,72,,,
participant_06,3,day,Town10HD_Opt,2026-03-10 10:31:04.296439,108.34759521484376,8.73996639251709,0.0019024276407435,51.681,1.159,0.0,0.168,0,0,1,,1.0,2026-03-10T10:31:04.296439,neutral,0.461,2026-03-10T10:31:04.296439,0.4831641525266166,2026-03-10T10:31:04.036000,79,,,
participant_05,4,day,Town10HD_Opt,2026-03-10 10:31:05.120682,80.8196792602539,25.06694793701172,0.0018489836947992,10.969,-0.423,0.435,0.0,0,0,1,,0.837,2026-03-10T10:31:05.120682,neutral,0.422,2026-03-10T10:31:03.246710,0.5109534190054033,2026-03-10T10:31:05.925000,70,,,
participant_06,3,day,Town10HD_Opt,2026-03-10 10:31:05.293357,108.57662200927734,0.075200080871582,0.002024688757956,49.306,-0.251,0.624,0.0,0,0,1,,1.0,2026-03-10T10:31:05.293357,neutral,0.461,2026-03-10T10:31:04.296439,0.5993342312380993,2026-03-10T10:31:05.025000,79,,,
participant_05,4,day,Town10HD_Opt,2026-03-10 10:31:05.999513,83.33077239990234,24.99301719665528,0.0017816924955695,20.257,0.583,1.0,0.0,0,0,1,,1.0,2026-03-10T10:31:05.999513,neutral,0.924,2026-03-10T10:31:05.999513,0.5450807437509503,2026-03-10T10:31:05.925000,70,,,
participant_06,3,day,Town10HD_Opt,2026-03-10 10:31:06.210165,108.76920318603516,-8.641064643859863,0.0021161651238799,48.942,-0.486,0.604,0.0,0,0,1,,1.0,2026-03-10T10:31:06.210165,neutral,0.461,2026-03-10T10:31:04.296439,0.575864614916379,2026-03-10T10:31:06.019000,79,,,
participant_06,3,day,Town10HD_Opt,2026-03-10 10:31:07.210990,108.7771453857422,-17.371681213378906,0.0020573425572365,49.566,-1.387,0.582,0.0,0,0,1,,0.817,2026-03-10T10:31:07.210990,neutral,0.687,2026-03-10T10:31:07.210990,0.6419754821399037,2026-03-10T10:31:07.006000,79,,,
participant_05,4,day,Town10HD_Opt,2026-03-10 10:31:07.239009,90.0550765991211,24.68140411376953,0.0015415191883221,39.686,-6.146,0.559,0.0,0,0,1,,1.0,2026-03-10T10:31:07.239009,neutral,0.924,2026-03-10T10:31:05.999513,0.5004980406346327,2026-03-10T10:31:07.950000,72,,,
participant_06,3,day,Town10HD_Opt,2026-03-10 10:31:08.196046,108.19541931152344,-26.02345848083496,0.0020041274838149,50.175,-4.192,0.564,0.0,0,0,1,,0.828,2026-03-10T10:31:08.196046,neutral,0.687,2026-03-10T10:31:07.210990,0.6033470441432249,2026-03-10T10:31:08.042000,80,,,
participant_05,4,day,Town10HD_Opt,2026-03-10 10:31:08.201488,96.99492645263672,22.68562126159668,0.0019783782772719,42.818,-19.502,0.597,0.0,0,0,1,,1.0,2026-03-10T10:31:08.201488,sad,0.595,2026-03-10T10:31:08.201488,0.5853885787338665,2026-03-10T10:31:08.985000,71,,,
participant_06,3,day,Town10HD_Opt,2026-03-10 10:31:09.129532,106.27806091308594,-34.53573226928711,0.0020488738082349,49.762,-4.636,0.564,0.0,0,0,1,,0.859,2026-03-10T10:31:09.129532,neutral,0.687,2026-03-10T10:31:07.210990,0.5732028264247512,2026-03-10T10:31:09.031000,80,,,
participant_05,4,day,Town10HD_Opt,2026-03-10 10:31:09.149334,102.12033081054688,17.15723991394043,0.0019927597604691,44.966,-10.437,0.599,0.0,0,0,1,,1.0,2026-03-10T10:31:09.149334,sad,0.595,2026-03-10T10:31:08.201488,0.743414516719926,2026-03-10T10:31:09.930000,70,,,
participant_05,4,day,Town10HD_Opt,2026-03-10 10:31:10.069905,105.0414810180664,9.594542503356934,0.0019459151662886,47.94,-0.919,0.597,0.0,0,0,1,,0.861,2026-03-10T10:31:10.069905,sad,0.595,2026-03-10T10:31:08.201488,0.6393918718381059,2026-03-10T10:31:09.930000,70,,,
participant_06,3,day,Town10HD_Opt,2026-03-10 10:31:10.102916,102.77999877929688,-42.55366516113281,0.00211784359999,48.859,-4.87,0.564,0.0,0,0,1,,0.92,2026-03-10T10:31:10.102916,happy,0.854,2026-03-10T10:31:10.102916,0.55302298770017,2026-03-10T10:31:10.021000,82,,,
participant_06,3,day,Town10HD_Opt,2026-03-10 10:31:11.048706,97.8637466430664,-49.60496139526367,0.0019954680465161,49.952,-4.676,0.564,0.0,0,0,1,,0.832,2026-03-10T10:31:11.048706,happy,0.854,2026-03-10T10:31:10.102916,0.5476118391169201,2026-03-10T10:31:11.010000,83,,,
participant_05,4,day,Town10HD_Opt,2026-03-10 10:31:11.275755,106.95403289794922,-1.764453411102295,0.0020562361460179,49.414,-0.712,0.603,0.0,0,0,1,,1.0,2026-03-10T10:31:11.275755,sad,0.581,2026-03-10T10:31:11.275755,0.6685219551099246,2026-03-10T10:31:11.955000,69,,,
participant_06,3,day,Town10HD_Opt,2026-03-10 10:31:11.999919,91.59890747070312,-55.66450119018555,0.0021249006967991,48.819,-4.997,0.564,0.0,0,0,1,,1.0,2026-03-10T10:31:11.999919,happy,0.854,2026-03-10T10:31:10.102916,0.5873941598775332,2026-03-10T10:31:12.046000,85,,,
participant_05,4,day,Town10HD_Opt,2026-03-10 10:31:12.129961,107.25846099853516,-10.385743141174316,0.0019761656876653,50.436,1.758,0.604,0.0,0,0,1,,1.0,2026-03-10T10:31:12.129961,sad,0.581,2026-03-10T10:31:11.275755,0.7024833544309832,2026-03-10T10:31:11.955000,69,,,
participant_05,4,day,Town10HD_Opt,2026-03-10 10:31:13.015832,107.94116973876952,-19.02510643005371,0.0020425033289939,49.318,-3.125,0.604,0.0,0,0,1,,1.0,2026-03-10T10:31:13.015832,sad,0.581,2026-03-10T10:31:11.275755,0.7489482783250556,2026-03-10T10:31:13.079000,70,,,
participant_06,3,day,Town10HD_Opt,2026-03-10 10:31:13.219788,81.67268371582031,-61.5716667175293,0.0019953155424445,50.542,-4.386,0.0,0.0,0,0,1,,0.84,2026-03-10T10:31:13.219788,fear,0.936,2026-03-10T10:31:13.219788,0.5794435909026254,2026-03-10T10:31:13.036000,82,,,
participant_05,4,day,Town10HD_Opt,2026-03-10 10:31:14.204402,107.28883361816406,-30.550365447998047,0.0020561600103974,49.452,-5.148,0.603,0.0,0,0,1,,1.0,2026-03-10T10:31:14.204402,sad,0.579,2026-03-10T10:31:14.204402,0.7755822891092053,2026-03-10T10:31:14.926000,69,,,
participant_06,3,day,Town10HD_Opt,2026-03-10 10:31:14.206684,73.58405303955078,-64.3025894165039,0.0020399475470185,48.763,-4.395,0.564,0.0,0,0,1,,1.0,2026-03-10T10:31:14.206684,fear,0.936,2026-03-10T10:31:13.219788,0.6456876204475714,2026-03-10T10:31:14.027000,83,Solid line crossing,Solid line crossing,
participant_05,4,day,Town10HD_Opt,2026-03-10 10:31:15.123147,104.5234832763672,-38.83523941040039,0.0021102523896843,49.267,-3.266,0.603,0.0,0,0,1,,1.0,2026-03-10T10:31:15.123147,sad,0.579,2026-03-10T10:31:14.204402,0.7076234240604414,2026-03-10T10:31:15.960000,71,,,
participant_06,3,day,Town10HD_Opt,2026-03-10 10:31:15.166992,65.22098541259766,-65.64945220947266,0.0021761320531368,46.261,-0.914,0.256,0.0,0,0,1,,1.0,2026-03-10T10:31:15.166992,fear,0.936,2026-03-10T10:31:13.219788,0.615676920149828,2026-03-10T10:31:15.017000,81,,,
participant_05,4,day,Town10HD_Opt,2026-03-10 10:31:16.064514,100.5611572265625,-46.62043380737305,0.0020796202588826,49.33,-4.119,0.603,0.0,0,0,1,,1.0,2026-03-10T10:31:16.064514,sad,0.579,2026-03-10T10:31:14.204402,0.701994553515645,2026-03-10T10:31:15.960000,71,,,
participant_06,3,day,Town10HD_Opt,2026-03-10 10:31:16.098974,57.57945251464844,-66.35150909423828,0.0022059248294681,40.831,-1.201,0.255,0.0,0,0,1,,1.0,2026-03-10T10:31:16.098974,neutral,0.784,2026-03-10T10:31:16.098974,0.6508086409454935,2026-03-10T10:31:16.007000,82,,,
participant_06,3,day,Town10HD_Opt,2026-03-10 10:31:17.055786,50.71516799926758,-66.78313446044922,0.0021188354585319,38.057,-0.707,0.432,0.0,0,0,1,,0.804,2026-03-10T10:31:17.055786,neutral,0.784,2026-03-10T10:31:16.098974,0.7042887807754188,2026-03-10T10:31:17.041000,79,,,
participant_05,4,day,Town10HD_Opt,2026-03-10 10:31:17.254384,93.28526306152344,-55.61757659912109,0.0021532820537686,48.56,-5.995,0.603,0.0,0,0,1,,1.0,2026-03-10T10:31:17.254384,sad,0.724,2026-03-10T10:31:17.254384,0.7256651079627333,2026-03-10T10:31:18.030000,70,,,
participant_06,3,day,Town10HD_Opt,2026-03-10 10:31:18.094455,44.07003402709961,-67.02397918701172,0.0020479201339185,37.948,-0.649,0.424,0.0,0,0,1,,0.854,2026-03-10T10:31:18.094455,neutral,0.784,2026-03-10T10:31:16.098974,0.66488820290226,2026-03-10T10:31:18.031000,79,,,
participant_05,4,day,Town10HD_Opt,2026-03-10 10:31:18.116785,86.34127807617188,-60.6665267944336,0.0019761275034397,50.418,-5.512,0.603,0.0,0,0,1,,1.0,2026-03-10T10:31:18.116785,sad,0.724,2026-03-10T10:31:17.254384,0.7126344178968421,2026-03-10T10:31:18.030000,69,,,
participant_06,3,day,Town10HD_Opt,2026-03-10 10:31:19.023057,37.4394760131836,-67.12834930419922,0.0020472717005759,37.819,-0.291,0.421,0.0,0,0,1,,1.0,2026-03-10T10:31:19.023057,happy,0.964,2026-03-10T10:31:19.023057,0.6239658834768945,2026-03-10T10:31:19.021000,79,,,
participant_05,4,day,Town10HD_Opt,2026-03-10 10:31:19.249178,75.54139709472656,-64.89566040039062,0.0019828414078801,50.7,-4.077,0.0,0.0,0,0,1,,1.0,2026-03-10T10:31:19.249178,sad,0.724,2026-03-10T10:31:17.254384,0.7036218664637276,2026-03-10T10:31:19.965000,72,,,
participant_06,3,day,Town10HD_Opt,2026-03-10 10:31:20.030601,30.834306716918945,-67.16746520996094,0.0020486831199377,37.645,0.009,0.419,0.0,0,0,1,,1.0,2026-03-10T10:31:20.030601,happy,0.964,2026-03-10T10:31:19.023057,0.6567385213710594,2026-03-10T10:31:20.010000,78,,,
participant_05,4,day,Town10HD_Opt,2026-03-10 10:31:20.104533,66.9502182006836,-66.30944061279297,0.002003707922995,50.311,-2.786,0.604,0.0,0,0,1,,0.839,2026-03-10T10:31:20.104533,sad,0.499,2026-03-10T10:31:20.104533,0.7343907768841589,2026-03-10T10:31:19.965000,73,,,
participant_05,4,day,Town10HD_Opt,2026-03-10 10:31:21.026883,58.28276824951172,-66.64918518066406,0.0020591353531926,49.187,-0.754,0.603,0.0,0,0,1,,0.869,2026-03-10T10:31:21.026883,sad,0.499,2026-03-10T10:31:20.104533,0.7337897434490217,2026-03-10T10:31:21,75,,,
participant_06,3,day,Town10HD_Opt,2026-03-10 10:31:21.255341,22.081689834594727,-67.24066162109375,0.0020502852275967,37.336,0.371,0.415,0.0,0,0,1,,1.0,2026-03-10T10:31:21.255341,happy,0.662,2026-03-10T10:31:21.255341,0.6537690138495945,2026-03-10T10:31:21.046000,81,,,
participant_06,3,day,Town10HD_Opt,2026-03-10 10:31:22.199657,15.566974639892578,-67.36457824707031,0.002052154392004,37.051,0.139,0.164,0.0,0,0,1,,1.0,2026-03-10T10:31:22.199657,happy,0.662,2026-03-10T10:31:21.255341,0.6509769084261168,2026-03-10T10:31:22.036000,78,,,
participant_05,4,day,Town10HD_Opt,2026-03-10 10:31:22.208681,46.6660385131836,-66.44775390625,0.0020414351020008,49.826,0.437,0.603,0.0,0,0,1,,1.0,2026-03-10T10:31:22.208681,sad,0.669,2026-03-10T10:31:22.208681,0.7126751032207771,2026-03-10T10:31:22.935000,75,,,
participant_05,4,day,Town10HD_Opt,2026-03-10 10:31:23.139489,37.93516540527344,-66.3133544921875,0.0020733261480927,49.398,0.451,0.603,0.0,0,0,1,,1.0,2026-03-10T10:31:23.139489,sad,0.669,2026-03-10T10:31:22.208681,0.8357629206485224,2026-03-10T10:31:23.970000,71,,,
participant_06,3,day,Town10HD_Opt,2026-03-10 10:31:23.148084,9.558760643005373,-67.50697326660156,0.0022887038066983,30.541,0.268,0.0,0.0,0,0,1,,1.0,2026-03-10T10:31:23.148084,happy,0.662,2026-03-10T10:31:21.255341,0.6580676517205027,2026-03-10T10:31:23.026000,77,,,
participant_05,4,day,Town10HD_Opt,2026-03-10 10:31:24.022903,29.20036125183105,-66.34449768066406,0.0021460724528878,48.7,-0.092,0.604,0.0,0,0,1,,1.0,2026-03-10T10:31:24.022903,sad,0.669,2026-03-10T10:31:22.208681,0.8155473760765279,2026-03-10T10:31:23.970000,71,,,
participant_06,3,day,Town10HD_Opt,2026-03-10 10:31:24.143812,4.878981113433838,-67.64718627929688,0.0022704696748405,22.573,0.052,0.0,0.0,0,0,1,,1.0,2026-03-10T10:31:24.143812,happy,0.997,2026-03-10T10:31:24.143812,0.6790028005791724,2026-03-10T10:31:24.016000,79,,,
participant_05,4,day,Town10HD_Opt,2026-03-10 10:31:25.201007,17.611738204956055,-66.41344451904297,0.0021064376924186,49.317,0.385,0.604,0.0,0,0,1,,1.0,2026-03-10T10:31:25.201007,neutral,0.429,2026-03-10T10:31:25.201007,0.8195138939889118,2026-03-10T10:31:25.950000,68,,,
participant_06,3,day,Town10HD_Opt,2026-03-10 10:31:25.203035,1.3478810787200928,-67.75773620605469,0.0019998168572783,17.398,0.052,0.0,0.0,0,0,1,,0.839,2026-03-10T10:31:25.203035,happy,0.997,2026-03-10T10:31:24.143812,0.685699018029069,2026-03-10T10:31:25.053000,78,,,
participant_05,4,day,Town10HD_Opt,2026-03-10 10:31:26.091182,8.870302200317383,-66.60201263427734,0.0020899581722915,49.369,0.862,0.595,0.0,0,0,1,,1.0,2026-03-10T10:31:26.091182,neutral,0.429,2026-03-10T10:31:25.201007,0.8726203402077276,2026-03-10T10:31:26.939000,67,,,
participant_06,3,day,Town10HD_Opt,2026-03-10 10:31:26.132406,-1.3693139553070068,-67.84608459472656,0.0020433806348592,13.599,-0.002,0.0,0.0,0,0,1,,1.0,2026-03-10T10:31:26.132406,happy,0.997,2026-03-10T10:31:24.143812,0.6427961738371909,2026-03-10T10:31:26.041000,77,,,
participant_06,3,day,Town10HD_Opt,2026-03-10 10:31:27.065832,-3.4603590965271,-67.91277313232422,0.0020116043742746,10.411,-0.087,0.0,0.0,0,0,1,,0.913,2026-03-10T10:31:27.065832,fear,0.504,2026-03-10T10:31:27.065832,0.5875891590581562,2026-03-10T10:31:27.032000,76,,,
participant_05,4,day,Town10HD_Opt,2026-03-10 10:31:27.258442,-2.3296687602996826,-67.04212188720703,0.0023228072095662,42.888,-1.68,0.0,0.0,0,0,1,,1.0,2026-03-10T10:31:27.258442,sad,0.476,2026-03-10T10:31:27.258442,0.8283114224423351,2026-03-10T10:31:27.975000,67,,,
participant_05,4,day,Town10HD_Opt,2026-03-10 10:31:28.162123,-9.03529930114746,-67.04217529296875,0.0023434066679328,33.227,1.358,0.0,0.004,0,0,1,phone_call,0.967,2026-03-10T10:31:28.162123,sad,0.476,2026-03-10T10:31:27.258442,0.8854911024612684,2026-03-10T10:31:28.965000,67,,,
participant_06,3,day,Town10HD_Opt,2026-03-10 10:31:28.235322,-5.519924640655518,-67.97600555419922,0.0019909667316824,7.189,-0.089,0.019,0.0,0,0,1,,1.0,2026-03-10T10:31:28.235322,fear,0.504,2026-03-10T10:31:27.065832,0.6461004603641614,2026-03-10T10:31:28.021000,79,,,
participant_05,4,day,Town10HD_Opt,2026-03-10 10:31:29.049432,-14.097744941711426,-67.16854095458984,0.0023686217609792,23.469,-0.914,0.0,0.477,0,0,1,,1.0,2026-03-10T10:31:29.049432,sad,0.476,2026-03-10T10:31:27.258442,0.9135157420746386,2026-03-10T10:31:28.965000,66,,,
participant_06,3,day,Town10HD_Opt,2026-03-10 10:31:29.142748,-6.638125419616699,-68.00936126708984,0.0019710920751094,5.525,-0.139,0.036,0.0,0,0,1,,0.811,2026-03-10T10:31:29.142748,happy,0.961,2026-03-10T10:31:29.142748,0.6364036770068124,2026-03-10T10:31:29.011000,80,,,
participant_06,3,day,Town10HD_Opt,2026-03-10 10:31:30.070921,-7.494688510894775,-68.03385925292969,0.001962661743164,4.167,-0.258,0.036,0.0,0,0,1,,1.0,2026-03-10T10:31:30.070921,happy,0.961,2026-03-10T10:31:29.142748,0.6647421730155055,2026-03-10T10:31:30.046000,78,,,
participant_05,4,day,Town10HD_Opt,2026-03-10 10:31:30.152978,-18.249073028564453,-67.2262954711914,0.0021851349156349,11.338,-0.677,0.0,0.782,0,0,1,,1.0,2026-03-10T10:31:30.152978,neutral,0.421,2026-03-10T10:31:30.152978,0.99,2026-03-10T10:31:30.945000,69,,,errors=Harsh braking
participant_05,4,day,Town10HD_Opt,2026-03-10 10:31:30.990706,-19.302898406982425,-67.22992706298828,0.0023297881707549,0.001,-0.595,0.0,0.789,0,0,1,,1.0,2026-03-10T10:31:30.990706,neutral,0.421,2026-03-10T10:31:30.152978,0.8999112812452452,2026-03-10T10:31:30.945000,70,,,
participant_06,3,day,Town10HD_Opt,2026-03-10 10:31:31.048698,-8.140527725219727,-68.05061340332031,0.001948699937202,3.191,-0.533,0.036,0.0,0,0,1,,0.862,2026-03-10T10:31:31.048698,happy,0.961,2026-03-10T10:31:29.142748,0.5942761156220655,2026-03-10T10:31:31.037000,78,,,
participant_05,4,day,Town10HD_Opt,2026-03-10 10:31:32.102439,-19.30408477783203,-67.22991943359375,0.0019236373482272,0.008,-0.552,0.0,0.0,0,0,1,,1.0,2026-03-10T10:31:32.102439,neutral,0.421,2026-03-10T10:31:30.152978,0.9439915976427394,2026-03-10T10:31:31.937000,71,,,
participant_06,3,day,Town10HD_Opt,2026-03-10 10:31:32.270267,-8.766295433044434,-68.06407928466797,0.0019414138514548,2.151,-0.712,0.089,0.0,0,0,1,,0.871,2026-03-10T10:31:32.270267,happy,0.596,2026-03-10T10:31:32.270267,0.6627262916279764,2026-03-10T10:31:32.026000,78,,,
participant_06,3,day,Town10HD_Opt,2026-03-10 10:31:33.237434,-9.171914100646973,-68.07168579101562,0.0019037628080695,2.511,-0.712,0.12,0.0,0,0,1,,0.837,2026-03-10T10:31:33.237434,happy,0.596,2026-03-10T10:31:32.270267,0.6478149294958595,2026-03-10T10:31:33.017000,76,,,
participant_05,4,day,Town10HD_Opt,2026-03-10 10:31:33.242976,-19.30432510375977,-67.22991943359375,0.0019189071608707,0.006,-0.552,0.0,0.0,0,0,1,,1.0,2026-03-10T10:31:33.242976,neutral,0.979,2026-03-10T10:31:33.242976,0.99,2026-03-10T10:31:33.960000,74,,,
participant_05,4,day,Town10HD_Opt,2026-03-10 10:31:34.084955,-19.30426406860352,-67.22991943359375,0.0019188307924196,0.007,-0.557,0.0,0.0,0,0,1,,1.0,2026-03-10T10:31:34.084955,neutral,0.979,2026-03-10T10:31:33.242976,0.99,2026-03-10T10:31:33.960000,73,,,
participant_06,3,day,Town10HD_Opt,2026-03-10 10:31:34.157430,-9.676761627197266,-68.08058166503906,0.0019064712105318,3.011,-0.712,0.119,0.0,0,0,1,,1.0,2026-03-10T10:31:34.157430,happy,0.596,2026-03-10T10:31:32.270267,0.6037410492891322,2026-03-10T10:31:34.052000,79,,,
participant_06,3,day,Town10HD_Opt,2026-03-10 10:31:35.096012,-10.258275985717772,-68.08938598632812,0.001907997066155,3.415,-0.712,0.113,0.0,0,0,1,,0.899,2026-03-10T10:31:35.096012,happy,0.9,2026-03-10T10:31:35.096012,0.559751623703152,2026-03-10T10:31:35.042000,78,,,
participant_05,4,day,Town10HD_Opt,2026-03-10 10:31:35.194543,-19.313066482543945,-67.22992706298828,0.001918678288348,0.065,-0.576,0.0,0.0,0,0,1,,1.0,2026-03-10T10:31:35.194543,neutral,0.979,2026-03-10T10:31:33.242976,0.99,2026-03-10T10:31:35.940000,72,,,
participant_05,4,day,Town10HD_Opt,2026-03-10 10:31:36.026521,-19.322629928588867,-67.22994232177734,0.0019194411579519,0.051,-0.587,0.0,0.0,0,0,1,,1.0,2026-03-10T10:31:36.026521,sad,0.958,2026-03-10T10:31:36.026521,0.99,2026-03-10T10:31:35.940000,71,,,
participant_06,3,day,Town10HD_Opt,2026-03-10 10:31:36.031410,-10.900726318359377,-68.09757995605469,0.0019109344575554,3.701,-0.705,0.113,0.0,0,0,1,,1.0,2026-03-10T10:31:36.031410,happy,0.9,2026-03-10T10:31:35.096012,0.6774777184955899,2026-03-10T10:31:36.031000,79,,,
participant_05,4,day,Town10HD_Opt,2026-03-10 10:31:37.137473,-19.331457138061523,-67.2299575805664,0.0019220733083784,0.029,-0.587,0.184,0.0,0,0,1,,1.0,2026-03-10T10:31:37.137473,sad,0.958,2026-03-10T10:31:36.026521,0.9869286012362648,2026-03-10T10:31:37.965000,72,,,
participant_06,3,day,Town10HD_Opt,2026-03-10 10:31:37.204225,-11.834457397460938,-68.10665130615234,0.0019126128172501,4.059,-0.698,0.04,0.0,0,0,1,,0.865,2026-03-10T10:31:37.204225,happy,0.835,2026-03-10T10:31:37.204225,0.603143469854625,2026-03-10T10:31:37.021000,80,,,
participant_06,3,day,Town10HD_Opt,2026-03-10 10:31:38.101069,-12.542856216430664,-68.1111831665039,0.0019454192370176,3.608,-0.667,0.0,0.0,0,0,1,,0.865,2026-03-10T10:31:38.101069,happy,0.835,2026-03-10T10:31:37.204225,0.5835114497216546,2026-03-10T10:31:38.056000,80,,,
participant_05,4,day,Town10HD_Opt,2026-03-10 10:31:38.239778,-19.77461814880371,-67.23051452636719,0.001697196974419,6.327,-0.606,0.68,0.0,0,0,1,,1.0,2026-03-10T10:31:38.239778,sad,0.94,2026-03-10T10:31:38.239778,0.99,2026-03-10T10:31:39.046000,71,,,
participant_05,4,day,Town10HD_Opt,2026-03-10 10:31:39.103346,-21.6032657623291,-67.22309112548828,0.0016491317655891,14.94,-0.646,0.603,0.0,0,0,1,,1.0,2026-03-10T10:31:39.103346,sad,0.94,2026-03-10T10:31:38.239778,0.9537248992209708,2026-03-10T10:31:39.046000,71,,,
participant_06,3,day,Town10HD_Opt,2026-03-10 10:31:39.279521,-13.262110710144045,-68.11373138427734,0.0019435118883848,2.536,-0.66,0.0,0.0,0,0,1,,0.813,2026-03-10T10:31:39.279521,happy,0.947,2026-03-10T10:31:39.279521,0.6201246728715306,2026-03-10T10:31:39.046000,79,,,
participant_06,3,day,Town10HD_Opt,2026-03-10 10:31:40.216958,-13.675655364990234,-68.11425018310547,0.0018442535074427,3.41,-0.656,0.758,0.0,0,0,1,,0.853,2026-03-10T10:31:40.216958,happy,0.947,2026-03-10T10:31:39.279521,0.6895606537901818,2026-03-10T10:31:40.036000,78,,,
participant_05,4,day,Town10HD_Opt,2026-03-10 10:31:40.222325,-25.9642276763916,-67.161376953125,0.0018641280476003,22.71,0.139,0.609,0.0,0,0,1,,1.0,2026-03-10T10:31:40.222325,sad,0.94,2026-03-10T10:31:38.239778,0.9791415419117568,2026-03-10T10:31:40.935000,68,,,
participant_06,3,day,Town10HD_Opt,2026-03-10 10:31:41.078268,-15.409768104553224,-68.11275482177734,0.0014266967773437,18.206,-0.573,0.989,0.0,0,0,1,,0.81,2026-03-10T10:31:41.078268,happy,0.947,2026-03-10T10:31:39.279521,0.6505204887971676,2026-03-10T10:31:41.026000,79,,,
participant_05,4,day,Town10HD_Opt,2026-03-10 10:31:41.093951,-30.433292388916016,-67.15229034423828,0.0018471527146175,28.795,0.975,0.605,0.0,0,0,1,,1.0,2026-03-10T10:31:41.093951,neutral,0.942,2026-03-10T10:31:41.093951,0.99,2026-03-10T10:31:40.935000,67,Solid line crossing,Solid line crossing,
participant_06,3,day,Town10HD_Opt,2026-03-10 10:31:42.029914,-19.122377395629883,-68.08562469482422,0.0020243453327566,21.45,-0.063,0.0,0.0,0,0,1,,0.921,2026-03-10T10:31:42.029914,happy,0.795,2026-03-10T10:31:42.029914,0.6604956386405402,2026-03-10T10:31:42.017000,77,,,
participant_05,4,day,Town10HD_Opt,2026-03-10 10:31:42.189405,-37.94397735595703,-67.32420349121094,0.0018738555954769,35.899,0.634,0.606,0.0,0,0,1,,0.821,2026-03-10T10:31:42.189405,neutral,0.942,2026-03-10T10:31:41.093951,0.982383491557781,2026-03-10T10:31:42.960000,71,,,
participant_05,4,day,Town10HD_Opt,2026-03-10 10:31:43.051423,-44.59450912475586,-67.62326049804688,0.0018951415549963,40.488,0.167,0.605,0.0,0,0,1,,0.914,2026-03-10T10:31:43.051423,neutral,0.942,2026-03-10T10:31:41.093951,0.980076411844706,2026-03-10T10:31:42.960000,70,,,
participant_06,3,day,Town10HD_Opt,2026-03-10 10:31:43.270481,-23.592227935791016,-68.04346466064453,0.0020182800944894,19.303,-0.054,0.648,0.0,0,0,1,,1.0,2026-03-10T10:31:43.270481,happy,0.795,2026-03-10T10:31:42.029914,0.6407932851763805,2026-03-10T10:31:43.051000,78,,,
participant_05,4,day,Town10HD_Opt,2026-03-10 10:31:44.164748,-54.61109161376953,-68.0365982055664,0.0019209289457648,45.646,-0.909,0.604,0.0,0,0,1,,0.901,2026-03-10T10:31:44.164748,neutral,0.974,2026-03-10T10:31:44.164748,0.99,2026-03-10T10:31:44.985000,68,,,
participant_06,3,day,Town10HD_Opt,2026-03-10 10:31:44.211279,-27.69758033752441,-68.01014709472656,0.0016342544695362,30.371,0.263,0.823,0.0,0,0,1,,1.0,2026-03-10T10:31:44.211279,happy,0.998,2026-03-10T10:31:44.211279,0.6547702259329469,2026-03-10T10:31:44.041000,77,,,
participant_06,3,day,Town10HD_Opt,2026-03-10 10:31:45.222206,-33.8756103515625,-67.99497985839844,0.0017481230897828,40.138,0.115,0.699,0.0,0,0,1,,1.0,2026-03-10T10:31:45.222206,happy,0.998,2026-03-10T10:31:44.211279,0.6345414109378142,2026-03-10T10:31:45.031000,77,,,
participant_05,4,day,Town10HD_Opt,2026-03-10 10:31:45.248821,-65.7408218383789,-68.01109313964844,0.0019359206780791,50.014,-0.766,0.609,0.0,0,0,1,,1.0,2026-03-10T10:31:45.248821,neutral,0.974,2026-03-10T10:31:44.164748,0.99,2026-03-10T10:31:45.975000,69,,,
participant_06,3,day,Town10HD_Opt,2026-03-10 10:31:46.056375,-38.757774353027344,-67.99835205078125,0.0018659209599718,43.35,-0.204,0.33,0.0,0,0,1,,1.0,2026-03-10T10:31:46.056375,happy,0.998,2026-03-10T10:31:44.211279,0.6238749298545175,2026-03-10T10:31:46.021000,77,,,
participant_05,4,day,Town10HD_Opt,2026-03-10 10:31:46.113616,-74.44548797607422,-67.4886474609375,0.0020437622442841,49.733,-6.109,0.612,0.0,0,0,1,,0.84,2026-03-10T10:31:46.113616,neutral,0.974,2026-03-10T10:31:44.164748,0.99,2026-03-10T10:31:46.965000,69,,,
participant_05,4,day,Town10HD_Opt,2026-03-10 10:31:47.018206,-82.8848876953125,-65.3199234008789,0.0020906447898596,49.382,-3.983,0.61,0.0,0,0,1,,1.0,2026-03-10T10:31:47.018206,sad,0.77,2026-03-10T10:31:47.018206,0.99,2026-03-10T10:31:46.965000,69,,,
participant_06,3,day,Town10HD_Opt,2026-03-10 10:31:47.054685,-46.14186477661133,-67.9469223022461,0.0024137496948242,40.351,-0.465,0.3,0.0,0,0,1,,1.0,2026-03-10T10:31:47.054685,happy,0.892,2026-03-10T10:31:47.054685,0.6170895303614292,2026-03-10T10:31:47.057000,78,,,
participant_06,3,day,Town10HD_Opt,2026-03-10 10:31:48.078316,-52.9462890625,-67.78623962402344,0.0020822905935347,37.759,-1.295,0.643,0.0,0,0,1,,1.0,2026-03-10T10:31:48.078316,happy,0.892,2026-03-10T10:31:47.054685,0.630449772651148,2026-03-10T10:31:48.047000,78,,,
participant_05,4,day,Town10HD_Opt,2026-03-10 10:31:48.186446,-93.18541717529295,-60.055458068847656,0.0020787429530173,49.073,-5.04,0.615,0.0,0,0,1,,1.0,2026-03-10T10:31:48.186446,sad,0.77,2026-03-10T10:31:47.018206,0.99,2026-03-10T10:31:48.945000,70,,,
participant_06,3,day,Town10HD_Opt,2026-03-10 10:31:49.030567,-60.06450653076172,-67.3161849975586,0.001769027672708,44.954,-1.723,0.807,0.0,0,0,1,,1.0,2026-03-10T10:31:49.030567,happy,0.892,2026-03-10T10:31:47.054685,0.7392452622035478,2026-03-10T10:31:49.036000,76,,,
participant_05,4,day,Town10HD_Opt,2026-03-10 10:31:49.044179,-99.9490737915039,-54.52837753295898,0.0020994949154555,49.098,-5.529,0.614,0.0,0,0,1,,0.897,2026-03-10T10:31:49.044179,sad,0.55,2026-03-10T10:31:49.044179,0.99,2026-03-10T10:31:48.945000,70,,,
participant_05,4,day,Town10HD_Opt,2026-03-10 10:31:50.025175,-105.30513763427734,-47.77900314331055,0.0019723891746252,50.615,-4.995,0.0,0.0,0,0,1,,1.0,2026-03-10T10:31:50.025175,sad,0.55,2026-03-10T10:31:49.044179,0.99,2026-03-10T10:31:49.943000,70,,,
participant_06,3,day,Town10HD_Opt,2026-03-10 10:31:50.316057,-71.42486572265625,-65.839111328125,0.0021721648517996,48.41,-2.546,0.716,0.0,0,0,1,,1.0,2026-03-10T10:31:50.316057,neutral,0.48,2026-03-10T10:31:50.316057,0.6635243285680456,2026-03-10T10:31:50.116000,78,,,
participant_06,3,day,Town10HD_Opt,2026-03-10 10:31:51.249211,-79.88988494873047,-63.8813591003418,0.0021277999039739,48.759,-3.891,0.693,0.0,0,0,1,,1.0,2026-03-10T10:31:51.249211,neutral,0.48,2026-03-10T10:31:50.316057,0.5843983597544778,2026-03-10T10:31:51.061000,80,,,
participant_05,4,day,Town10HD_Opt,2026-03-10 10:31:51.249247,-110.04812622070312,-37.31841659545898,0.0020200728904455,49.466,-6.17,0.44,0.0,0,0,1,,0.884,2026-03-10T10:31:51.249247,neutral,0.759,2026-03-10T10:31:51.249247,0.99,2026-03-10T10:31:51.960000,69,,,
participant_05,4,day,Town10HD_Opt,2026-03-10 10:31:52.162003,-111.29071044921876,-28.93506622314453,0.0021462249569594,46.877,-5.167,0.385,0.0,0,0,1,,1.0,2026-03-10T10:31:52.162003,neutral,0.759,2026-03-10T10:31:51.249247,0.99,2026-03-10T10:31:52.951000,68,,,
participant_06,3,day,Town10HD_Opt,2026-03-10 10:31:52.196210,-87.94281005859375,-60.6234245300293,0.0020615386310964,49.433,-5.233,0.691,0.0,0,0,1,,1.0,2026-03-10T10:31:52.196210,neutral,0.48,2026-03-10T10:31:50.316057,0.542488059024615,2026-03-10T10:31:52.051000,81,,,
participant_05,4,day,Town10HD_Opt,2026-03-10 10:31:53.113456,-111.05418395996094,-20.84892845153809,0.0020335006993263,46.42,3.191,0.557,0.0,0,0,1,,1.0,2026-03-10T10:31:53.113456,neutral,0.759,2026-03-10T10:31:51.249247,0.99,2026-03-10T10:31:53.940000,68,,,
participant_06,3,day,Town10HD_Opt,2026-03-10 10:31:53.138445,-95.17510223388672,-55.741336822509766,0.0020763778593391,49.291,-6.518,0.691,0.0,0,0,1,,1.0,2026-03-10T10:31:53.138445,neutral,0.593,2026-03-10T10:31:53.138445,0.5680995575746938,2026-03-10T10:31:53.041000,82,,,
participant_05,4,day,Town10HD_Opt,2026-03-10 10:31:54.086635,-111.28450012207033,-12.39358139038086,0.0017965697916224,51.964,-1.469,0.0,0.186,0,0,1,,1.0,2026-03-10T10:31:54.086635,sad,0.684,2026-03-10T10:31:54.086635,0.99,2026-03-10T10:31:53.940000,68,,,
participant_06,3,day,Town10HD_Opt,2026-03-10 10:31:54.092462,-100.9117202758789,-49.2685775756836,0.0019522857619449,50.874,-4.681,0.0,0.0,0,0,1,,1.0,2026-03-10T10:31:54.092462,neutral,0.593,2026-03-10T10:31:53.138445,0.4813363276795591,2026-03-10T10:31:54.031000,82,,,
participant_05,4,day,Town10HD_Opt,2026-03-10 10:31:55.011965,-111.39771270751952,-3.652797222137451,0.001883239718154,52.05,-2.97,0.0,0.154,0,0,1,,0.879,2026-03-10T10:31:55.011965,sad,0.684,2026-03-10T10:31:54.086635,0.99,2026-03-10T10:31:54.986000,70,,,errors=Red light violation
participant_06,3,day,Town10HD_Opt,2026-03-10 10:31:55.055135,-105.33063507080078,-41.80608749389648,0.0019440460018813,50.962,-4.011,0.0,0.0,0,0,1,,0.852,2026-03-10T10:31:55.055135,neutral,0.593,2026-03-10T10:31:53.138445,0.5629536408385527,2026-03-10T10:31:55.022000,83,Solid line crossing,Solid line crossing,
participant_06,3,day,Town10HD_Opt,2026-03-10 10:31:56.068439,-108.52407836914062,-33.7828483581543,0.0020586394239217,48.25,-4.282,0.0,0.0,0,0,1,,1.0,2026-03-10T10:31:56.068439,happy,0.844,2026-03-10T10:31:56.068439,0.3945938004515297,2026-03-10T10:31:56.056000,79,,,
participant_05,4,day,Town10HD_Opt,2026-03-10 10:31:56.238114,-109.95741271972656,7.781291484832764,0.0023444364778697,47.8,-4.299,0.251,0.0,0,0,1,,0.816,2026-03-10T10:31:56.238114,sad,0.708,2026-03-10T10:31:56.238114,0.99,2026-03-10T10:31:56.955000,69,,,
participant_05,4,day,Town10HD_Opt,2026-03-10 10:31:57.120573,-107.6414031982422,15.108046531677246,0.0022370147053152,38.392,-6.161,0.0,0.0,0,0,1,,0.811,2026-03-10T10:31:57.120573,sad,0.708,2026-03-10T10:31:56.238114,0.9357306292699528,2026-03-10T10:31:57.946000,70,,,
participant_06,3,day,Town10HD_Opt,2026-03-10 10:31:57.306495,-110.36384582519533,-24.01170539855957,0.0022419355809688,38.216,-3.587,0.707,0.0,0,0,1,,1.0,2026-03-10T10:31:57.306495,happy,0.844,2026-03-10T10:31:56.068439,0.4542264898337559,2026-03-10T10:31:57.048000,82,,,
participant_05,4,day,Town10HD_Opt,2026-03-10 10:31:58.043754,-104.5044403076172,20.201112747192383,0.0022467421367764,31.46,-14.097,0.624,0.0,0,0,1,,1.0,2026-03-10T10:31:58.043754,sad,0.708,2026-03-10T10:31:56.238114,0.99,2026-03-10T10:31:57.946000,71,,,
participant_06,3,day,Town10HD_Opt,2026-03-10 10:31:58.272887,-110.5751953125,-17.4124813079834,0.0022779083810746,33.948,-1.431,0.0,0.321,0,0,1,,0.808,2026-03-10T10:31:58.272887,happy,0.893,2026-03-10T10:31:58.272887,0.3707073844209083,2026-03-10T10:31:58.037000,80,,,
participant_05,4,day,Town10HD_Opt,2026-03-10 10:31:59.006439,-99.8682861328125,24.174440383911133,0.0016636657528579,41.538,-1.523,0.945,0.0,0,0,1,,0.881,2026-03-10T10:31:59.006439,sad,0.73,2026-03-10T10:31:59.006439,0.99,2026-03-10T10:31:58.936000,71,,,
participant_06,3,day,Town10HD_Opt,2026-03-10 10:31:59.233186,-110.47809600830078,-12.282804489135742,0.0023568724282085,24.037,-1.102,0.0,0.365,0,0,1,,1.0,2026-03-10T10:31:59.233186,happy,0.893,2026-03-10T10:31:58.272887,0.4346242536982517,2026-03-10T10:31:59.071000,79,,,
participant_06,3,day,Town10HD_Opt,2026-03-10 10:32:00.228427,-110.3434066772461,-8.761348724365234,0.002061576815322,15.828,0.456,0.0,0.398,0,0,1,,1.0,2026-03-10T10:32:00.228427,happy,0.893,2026-03-10T10:31:58.272887,0.3613885122131956,2026-03-10T10:32:00.016000,78,,,
participant_05,4,day,Town10HD_Opt,2026-03-10 10:32:00.292952,-90.06414031982422,29.11961936950684,0.0021214294247329,48.137,-18.508,0.942,0.0,0,0,1,,1.0,2026-03-10T10:32:00.292952,sad,0.73,2026-03-10T10:31:59.006439,0.99,2026-03-10T10:32:00.960000,71,,,errors=Solid line crossing
participant_06,3,day,Town10HD_Opt,2026-03-10 10:32:01.170972,-110.27474975585938,-6.52786922454834,0.002130584558472,9.153,0.822,0.0,0.518,0,0,1,,1.0,2026-03-10T10:32:01.170972,happy,0.987,2026-03-10T10:32:01.170972,0.3968931155738355,2026-03-10T10:32:01.051000,79,,,
participant_05,4,day,Town10HD_Opt,2026-03-10 10:32:01.248485,-81.37958526611328,28.125492095947266,0.002118453849107,49.06,10.562,0.995,0.0,0,0,1,,1.0,2026-03-10T10:32:01.248485,happy,0.939,2026-03-10T10:32:01.248485,0.99,2026-03-10T10:32:01.950000,70,,,
participant_06,3,day,Town10HD_Opt,2026-03-10 10:32:02.203679,-110.25505828857422,-5.660825252532959,0.0022549056448042,0.001,0.813,0.0,0.438,0,0,1,,1.0,2026-03-10T10:32:02.203679,happy,0.987,2026-03-10T10:32:01.170972,0.2591541653432991,2026-03-10T10:32:02.042000,81,,,
participant_05,4,day,Town10HD_Opt,2026-03-10 10:32:02.211606,-73.48233032226562,27.824350357055664,0.0022842406760901,41.773,-3.045,0.963,0.0,0,0,1,,1.0,2026-03-10T10:32:02.211606,happy,0.939,2026-03-10T10:32:01.248485,0.99,2026-03-10T10:32:02.985000,70,,,
participant_05,4,day,Town10HD_Opt,2026-03-10 10:32:03.175859,-65.28054809570312,27.608333587646484,0.0016500090714544,52.901,-0.009,0.0,0.289,0,0,1,,1.0,2026-03-10T10:32:03.175859,happy,0.939,2026-03-10T10:32:01.248485,0.9627200603244328,2026-03-10T10:32:03.975000,70,,,
participant_06,3,day,Town10HD_Opt,2026-03-10 10:32:03.234280,-110.25505828857422,-5.659788608551025,0.0019292831420898,0.002,0.55,0.0,0.0,0,0,1,,0.802,2026-03-10T10:32:03.234280,happy,0.997,2026-03-10T10:32:03.234280,0.3698924120733063,2026-03-10T10:32:03.032000,81,,,
participant_05,4,day,Town10HD_Opt,2026-03-10 10:32:04.114765,-56.50961685180664,27.32729148864746,0.0019428252708166,51.328,0.505,0.0,0.0,0,0,1,,1.0,2026-03-10T10:32:04.114765,happy,0.993,2026-03-10T10:32:04.114765,0.99,2026-03-10T10:32:04.965000,69,,,
participant_06,3,day,Town10HD_Opt,2026-03-10 10:32:04.143584,-110.25505828857422,-5.659661769866943,0.0019193267216905,0.006,0.498,0.0,0.0,0,0,1,,1.0,2026-03-10T10:32:04.143584,happy,0.997,2026-03-10T10:32:03.234280,0.329752737262796,2026-03-10T10:32:04.111000,78,,,
participant_05,4,day,Town10HD_Opt,2026-03-10 10:32:05.030585,-47.73076248168945,27.18824958801269,0.0019750595092773,50.534,0.879,0.0,0.0,0,0,1,,0.868,2026-03-10T10:32:05.030585,happy,0.993,2026-03-10T10:32:04.114765,0.99,2026-03-10T10:32:04.965000,70,,,
participant_06,3,day,Town10HD_Opt,2026-03-10 10:32:05.077126,-110.25505828857422,-5.65972375869751,0.0019189071608707,0.007,0.496,0.0,0.0,0,0,1,,1.0,2026-03-10T10:32:05.077126,happy,0.997,2026-03-10T10:32:03.234280,0.3063177895281763,2026-03-10T10:32:05.056000,81,,,
participant_06,3,day,Town10HD_Opt,2026-03-10 10:32:06.021723,-110.25505828857422,-5.659590244293213,0.0019191360333934,0.002,0.47,0.0,0.0,0,0,1,,1.0,2026-03-10T10:32:06.021723,happy,0.988,2026-03-10T10:32:06.021723,0.2750133661438438,2026-03-10T10:32:06.047000,81,Solid line crossing,Solid line crossing,
participant_05,4,day,Town10HD_Opt,2026-03-10 10:32:06.223748,-36.00348663330078,28.077322006225582,0.0018931579543277,51.613,-6.872,0.0,0.201,0,0,1,,1.0,2026-03-10T10:32:06.223748,happy,0.698,2026-03-10T10:32:06.223748,0.99,2026-03-10T10:32:06.945000,70,,,
participant_05,4,day,Town10HD_Opt,2026-03-10 10:32:07.143328,-27.31354141235352,27.985822677612305,0.00186828605365,51.748,2.163,0.0,0.167,0,0,1,,1.0,2026-03-10T10:32:07.143328,happy,0.698,2026-03-10T10:32:06.223748,0.9892812606791092,2026-03-10T10:32:07.936000,69,,,
participant_06,3,day,Town10HD_Opt,2026-03-10 10:32:07.206401,-110.25505828857422,-5.659509658813477,0.0019190596649423,0.002,0.451,0.0,0.0,0,0,1,,1.0,2026-03-10T10:32:07.206401,happy,0.988,2026-03-10T10:32:06.021723,0.2963189894777328,2026-03-10T10:32:07.036000,81,,,
participant_05,4,day,Town10HD_Opt,2026-03-10 10:32:08.065877,-18.58776092529297,27.667823791503903,0.0019668196327984,50.762,-2.428,0.695,0.0,0,0,1,,0.847,2026-03-10T10:32:08.065877,happy,0.698,2026-03-10T10:32:06.223748,0.99,2026-03-10T10:32:07.936000,69,,,
participant_06,3,day,Town10HD_Opt,2026-03-10 10:32:08.090676,-110.25505828857422,-5.65930700302124,0.0019192504696547,0.001,0.439,0.0,0.0,0,0,1,,0.857,2026-03-10T10:32:08.090676,happy,1.0,2026-03-10T10:32:08.090676,0.3403934474977129,2026-03-10T10:32:08.026000,81,,,
participant_06,3,day,Town10HD_Opt,2026-03-10 10:32:08.999058,-110.25505828857422,-5.659255027770996,0.0019189452286809,0.006,0.418,0.0,0.0,0,0,1,,1.0,2026-03-10T10:32:08.999058,happy,1.0,2026-03-10T10:32:08.090676,0.2832867938039579,2026-03-10T10:32:09.017000,83,,,
participant_05,4,day,Town10HD_Opt,2026-03-10 10:32:09.012680,-9.887456893920898,27.01784324645996,0.0013795470586046,50.347,0.127,0.698,0.0,0,0,1,,1.0,2026-03-10T10:32:09.012680,happy,0.975,2026-03-10T10:32:09.012680,0.99,2026-03-10T10:32:08.975000,72,,,
participant_05,4,day,Town10HD_Opt,2026-03-10 10:32:10.238236,1.7175463438034058,26.076772689819336,0.0019760131835937,50.149,-0.395,0.112,0.0,0,0,1,,0.889,2026-03-10T10:32:10.238236,happy,0.975,2026-03-10T10:32:09.012680,0.99,2026-03-10T10:32:10.950000,75,,,
participant_06,3,day,Town10HD_Opt,2026-03-10 10:32:10.252141,-110.25505828857422,-5.659154415130615,0.0019189834129065,0.006,0.414,0.0,0.0,0,0,1,,1.0,2026-03-10T10:32:10.252141,happy,1.0,2026-03-10T10:32:10.252141,0.3122399869799578,2026-03-10T10:32:10.097000,84,,,
participant_06,3,day,Town10HD_Opt,2026-03-10 10:32:11.147303,-110.25505828857422,-5.659208297729492,0.0019187545403838,0.006,0.414,0.0,0.0,0,0,1,,1.0,2026-03-10T10:32:11.147303,happy,1.0,2026-03-10T10:32:10.252141,0.3076822416436744,2026-03-10T10:32:11.042000,82,,,
participant_05,4,day,Town10HD_Opt,2026-03-10 10:32:11.163632,9.682493209838867,25.38481330871582,0.0023785780649632,39.823,2.704,0.0,0.0,0,0,1,,1.0,2026-03-10T10:32:11.163632,neutral,0.532,2026-03-10T10:32:11.163632,0.99,2026-03-10T10:32:11.985000,73,,,
participant_06,3,day,Town10HD_Opt,2026-03-10 10:32:12.077118,-110.25505828857422,-5.659183025360107,0.0019190596649423,0.002,0.414,0.0,0.0,0,0,1,,1.0,2026-03-10T10:32:12.077118,happy,1.0,2026-03-10T10:32:10.252141,0.326972809877904,2026-03-10T10:32:12.031000,81,,,
participant_05,4,day,Town10HD_Opt,2026-03-10 10:32:12.118945,15.91450309753418,25.33873748779297,0.0023277283180505,31.318,3.335,0.0,0.0,0,0,1,,0.9,2026-03-10T10:32:12.118945,neutral,0.532,2026-03-10T10:32:11.163632,0.99,2026-03-10T10:32:11.985000,71,,,
participant_05,4,day,Town10HD_Opt,2026-03-10 10:32:13.059374,20.83465003967285,25.75731658935547,0.0021486282348632,26.475,3.109,0.317,0.0,0,0,1,,0.851,2026-03-10T10:32:13.059374,neutral,0.532,2026-03-10T10:32:11.163632,0.9859503216546748,2026-03-10T10:32:12.976000,70,,,
participant_06,3,day,Town10HD_Opt,2026-03-10 10:32:13.226230,-110.25505828857422,-5.6591010093688965,0.0019190596649423,0.002,0.416,0.0,0.0,0,0,1,,1.0,2026-03-10T10:32:13.226230,happy,0.959,2026-03-10T10:32:13.226230,0.2629448181287962,2026-03-10T10:32:13.021000,79,,,
participant_05,4,day,Town10HD_Opt,2026-03-10 10:32:14.002310,25.326080322265625,26.51546859741211,0.0020669936202466,25.754,5.108,0.467,0.0,0,0,1,,0.842,2026-03-10T10:32:14.002310,neutral,0.839,2026-03-10T10:32:14.002310,0.9617608033901648,2026-03-10T10:32:13.977000,71,,,
participant_06,3,day,Town10HD_Opt,2026-03-10 10:32:14.183013,-110.25505828857422,-5.658924579620361,0.0019192122854292,0.001,0.432,0.0,0.0,0,0,1,,0.847,2026-03-10T10:32:14.183013,happy,0.959,2026-03-10T10:32:13.226230,0.3697878961983583,2026-03-10T10:32:14.056000,77,,,
participant_06,3,day,Town10HD_Opt,2026-03-10 10:32:15.137973,-110.25505828857422,-5.658753395080566,0.0019189834129065,0.006,0.442,0.0,0.0,0,0,1,,1.0,2026-03-10T10:32:15.137973,happy,0.959,2026-03-10T10:32:13.226230,0.341170658610761,2026-03-10T10:32:15.046000,79,,,
participant_05,4,day,Town10HD_Opt,2026-03-10 10:32:15.286391,31.35922813415528,28.5505313873291,0.0019530105637386,29.357,11.895,0.49,0.0,0,0,1,,1.0,2026-03-10T10:32:15.286391,neutral,0.839,2026-03-10T10:32:14.002310,0.99,2026-03-10T10:32:15.990000,72,,,
participant_06,3,day,Town10HD_Opt,2026-03-10 10:32:16.076671,-110.25505828857422,-5.6588006019592285,0.0019188689766451,0.006,0.451,0.0,0.0,0,0,1,,1.0,2026-03-10T10:32:16.076671,happy,0.999,2026-03-10T10:32:16.076671,0.221799957135966,2026-03-10T10:32:16.036000,79,,,
participant_05,4,day,Town10HD_Opt,2026-03-10 10:32:16.203464,35.612815856933594,31.6788272857666,0.0019999693613499,31.467,13.723,0.487,0.0,0,0,1,,1.0,2026-03-10T10:32:16.203464,happy,0.991,2026-03-10T10:32:16.203464,0.99,2026-03-10T10:32:16.935000,72,,,
participant_06,3,day,Town10HD_Opt,2026-03-10 10:32:17.062452,-110.25505828857422,-5.658851146697998,0.001919021597132,0.007,0.461,0.0,0.0,0,0,1,,1.0,2026-03-10T10:32:17.062452,happy,0.999,2026-03-10T10:32:16.076671,0.2031373933011382,2026-03-10T10:32:17.026000,79,,,
participant_05,4,day,Town10HD_Opt,2026-03-10 10:32:17.139778,38.73679733276367,36.360633850097656,0.002005805959925,33.236,12.049,0.483,0.0,0,0,1,,1.0,2026-03-10T10:32:17.139778,happy,0.991,2026-03-10T10:32:16.203464,0.99,2026-03-10T10:32:17.971000,71,Harsh braking,decel_mps2=6.4,
participant_05,4,day,Town10HD_Opt,2026-03-10 10:32:18.070891,40.45633316040039,41.86125946044922,0.0022064589429646,30.376,3.196,0.0,0.0,0,0,1,,0.903,2026-03-10T10:32:18.070891,happy,0.991,2026-03-10T10:32:16.203464,0.99,2026-03-10T10:32:17.971000,70,,,errors=Solid line crossing
participant_06,3,day,Town10HD_Opt,2026-03-10 10:32:18.249215,-110.25505828857422,-5.658766746520996,0.001919021597132,0.006,0.465,0.0,0.0,0,0,1,,1.0,2026-03-10T10:32:18.249215,happy,0.999,2026-03-10T10:32:18.249215,0.3279431103188585,2026-03-10T10:32:18.062000,79,,,
participant_06,3,day,Town10HD_Opt,2026-03-10 10:32:19.139776,-110.25505828857422,-5.658608436584473,0.0019191360333934,0.002,0.493,0.0,0.0,0,0,1,,1.0,2026-03-10T10:32:19.139776,happy,0.999,2026-03-10T10:32:18.249215,0.2653645377377178,2026-03-10T10:32:19.051000,79,,,
participant_05,4,day,Town10HD_Opt,2026-03-10 10:32:19.256544,41.51273727416992,47.6796760559082,0.0023889541625976,15.11,12.592,0.0,0.638,0,0,1,,1.0,2026-03-10T10:32:19.256544,neutral,0.729,2026-03-10T10:32:19.256544,0.9756757476256064,2026-03-10T10:32:19.951000,71,,,
participant_06,3,day,Town10HD_Opt,2026-03-10 10:32:20.070283,-110.25505828857422,-5.658393859863281,0.0019192504696547,0.001,0.512,0.0,0.0,0,0,1,,1.0,2026-03-10T10:32:20.070283,happy,0.999,2026-03-10T10:32:18.249215,0.1846326560734307,2026-03-10T10:32:20.042000,79,,,
participant_05,4,day,Town10HD_Opt,2026-03-10 10:32:20.130456,41.53933334350586,48.14993667602539,0.0020590210333466,0.0,6.661,0.0,0.832,0,0,1,,0.812,2026-03-10T10:32:20.130456,neutral,0.729,2026-03-10T10:32:19.256544,0.99,2026-03-10T10:32:20.940000,69,,,
participant_06,3,day,Town10HD_Opt,2026-03-10 10:32:21.217825,-110.25505828857422,-5.65831995010376,0.0019192122854292,0.001,0.545,0.0,0.0,0,0,1,,1.0,2026-03-10T10:32:21.217825,happy,1.0,2026-03-10T10:32:21.217825,0.2269300660943818,2026-03-10T10:32:21.031000,81,,,
participant_05,4,day,Town10HD_Opt,2026-03-10 10:32:21.228907,41.53934097290039,48.15011596679688,0.0019207000732421,0.0,5.238,0.0,0.0,0,0,1,,1.0,2026-03-10T10:32:21.228907,neutral,0.729,2026-03-10T10:32:19.256544,0.99,2026-03-10T10:32:20.940000,70,,,
participant_05,4,day,Town10HD_Opt,2026-03-10 10:32:22.076172,41.53934097290039,48.15011596679688,0.0019195555942133,0.0,5.363,0.0,0.0,0,0,1,,1.0,2026-03-10T10:32:22.076172,sad,0.754,2026-03-10T10:32:22.076172,0.99,2026-03-10T10:32:22.110000,69,,,
participant_06,3,day,Town10HD_Opt,2026-03-10 10:32:22.118274,-110.2476806640625,-5.312868595123291,0.0015231703873723,8.652,0.634,1.0,0.0,0,0,1,,0.823,2026-03-10T10:32:22.118274,happy,1.0,2026-03-10T10:32:21.217825,0.223116005785483,2026-03-10T10:32:22.021000,80,,,
participant_06,3,day,Town10HD_Opt,2026-03-10 10:32:23.040072,-110.20185089111328,-2.5754361152648926,0.0017347335815429,22.65,0.63,0.928,0.0,0,0,1,,0.826,2026-03-10T10:32:23.040072,happy,1.0,2026-03-10T10:32:21.217825,0.2532708715846223,2026-03-10T10:32:23.012000,80,,,
participant_05,4,day,Town10HD_Opt,2026-03-10 10:32:23.201954,41.53919982910156,48.14756393432617,0.0019125747494399,0.076,6.998,0.0,0.0,0,0,1,,0.846,2026-03-10T10:32:23.201954,sad,0.754,2026-03-10T10:32:22.076172,0.99,2026-03-10T10:32:23.955000,70,,,
participant_06,3,day,Town10HD_Opt,2026-03-10 10:32:24.039206,-110.17318725585938,2.386988401412964,0.0017052459297701,34.823,-0.268,0.621,0.0,0,0,1,,1.0,2026-03-10T10:32:24.039206,happy,0.934,2026-03-10T10:32:24.039206,0.2565072661037594,2026-03-10T10:32:24.047000,79,,,
participant_05,4,day,Town10HD_Opt,2026-03-10 10:32:24.066784,41.53945541381836,48.15484237670898,0.0019176482455804,0.067,8.162,0.082,0.0,0,0,1,,0.869,2026-03-10T10:32:24.066784,sad,0.754,2026-03-10T10:32:22.076172,0.99,2026-03-10T10:32:23.955000,69,,,
participant_06,3,day,Town10HD_Opt,2026-03-10 10:32:25.046642,-109.99954986572266,8.7738618850708,0.0020034408662468,38.222,-8.039,0.365,0.0,0,0,1,,1.0,2026-03-10T10:32:25.046642,happy,0.934,2026-03-10T10:32:24.039206,0.2157247913184012,2026-03-10T10:32:25.036000,79,,,
participant_05,4,day,Town10HD_Opt,2026-03-10 10:32:25.224394,41.54078674316406,48.213470458984375,0.001835327129811,1.887,9.605,0.666,0.0,0,0,1,,1.0,2026-03-10T10:32:25.224394,sad,0.81,2026-03-10T10:32:25.224394,0.99,2026-03-10T10:32:25.935000,70,,,
participant_06,3,day,Town10HD_Opt,2026-03-10 10:32:26.021240,-108.4818344116211,15.091191291809082,0.0020991514902561,35.868,-10.072,0.019,0.0,0,0,1,,1.0,2026-03-10T10:32:26.021240,happy,0.934,2026-03-10T10:32:24.039206,0.1968087913231792,2026-03-10T10:32:26.026000,82,,,
participant_05,4,day,Town10HD_Opt,2026-03-10 10:32:26.070351,41.49872970581055,49.32378768920898,0.0016006468795239,11.809,11.941,0.646,0.0,0,0,1,,1.0,2026-03-10T10:32:26.070351,sad,0.81,2026-03-10T10:32:25.224394,0.99,2026-03-10T10:32:25.935000,71,,,
participant_06,3,day,Town10HD_Opt,2026-03-10 10:32:27.012850,-105.63996887207033,19.89335823059082,0.0023130034096539,27.671,-10.855,0.0,0.0,0,0,1,,1.0,2026-03-10T10:32:27.012850,happy,0.999,2026-03-10T10:32:27.012850,0.1777284962188176,2026-03-10T10:32:27.017000,82,,,
participant_05,4,day,Town10HD_Opt,2026-03-10 10:32:27.263082,41.03782653808594,52.85519027709961,0.001894531189464,16.417,-0.04,0.246,0.0,0,0,1,,0.802,2026-03-10T10:32:27.263082,happy,1.0,2026-03-10T10:32:27.263082,0.8881876851000413,2026-03-10T10:32:27.960000,71,,,errors=Stop sign violation | Solid line crossing
participant_06,3,day,Town10HD_Opt,2026-03-10 10:32:28.045542,-102.50980377197266,22.74814414978028,0.0022880553733557,20.673,-16.443,0.0,0.0,0,0,1,,1.0,2026-03-10T10:32:28.045542,happy,0.999,2026-03-10T10:32:27.012850,0.2450233704211843,2026-03-10T10:32:28.051000,83,,,
participant_05,4,day,Town10HD_Opt,2026-03-10 10:32:28.134657,40.77932357788086,55.745643615722656,0.0018795394571498,17.238,-1.438,0.334,0.0,0,0,1,,1.0,2026-03-10T10:32:28.134657,happy,1.0,2026-03-10T10:32:27.263082,0.9113419991755212,2026-03-10T10:32:27.960000,70,,,
participant_05,4,day,Town10HD_Opt,2026-03-10 10:32:28.993353,40.68817901611328,58.87392044067383,0.0020643614698201,18.83,-15.189,0.805,0.0,0,0,1,,1.0,2026-03-10T10:32:28.993353,happy,1.0,2026-03-10T10:32:27.263082,0.928479850600061,2026-03-10T10:32:29.040000,69,,,
participant_06,3,day,Town10HD_Opt,2026-03-10 10:32:29.102325,-99.22981262207033,24.265024185180664,0.0017814254388213,25.349,-9.631,0.825,0.0,0,0,1,,1.0,2026-03-10T10:32:29.102325,neutral,0.77,2026-03-10T10:32:29.102325,0.1628158915747868,2026-03-10T10:32:29.042000,82,,,
participant_05,4,day,Town10HD_Opt,2026-03-10 10:32:30.146493,42.38799285888672,64.31706237792969,0.0018292998429387,30.406,-15.267,0.643,0.0,0,0,1,,1.0,2026-03-10T10:32:30.146493,happy,1.0,2026-03-10T10:32:30.146493,0.9284704522679564,2026-03-10T10:32:30.975000,71,,,
participant_06,3,day,Town10HD_Opt,2026-03-10 10:32:30.169632,-94.43848419189452,25.707902908325195,0.0020019530784338,29.266,2.193,0.091,0.0,0,0,1,,1.0,2026-03-10T10:32:30.169632,neutral,0.77,2026-03-10T10:32:29.102325,0.1913833002661429,2026-03-10T10:32:30.032000,82,,,
participant_05,4,day,Town10HD_Opt,2026-03-10 10:32:31.028835,46.16725540161133,68.61738586425781,0.0018982696346938,35.985,-16.362,0.638,0.0,0,0,1,,1.0,2026-03-10T10:32:31.028835,happy,1.0,2026-03-10T10:32:30.146493,0.834926013998096,2026-03-10T10:32:30.975000,70,,,
participant_06,3,day,Town10HD_Opt,2026-03-10 10:32:31.163300,-90.01374816894531,27.19394302368164,0.0022476576268672,23.168,-2.546,0.0,0.0,0,0,1,,1.0,2026-03-10T10:32:31.163300,sad,0.561,2026-03-10T10:32:31.163300,0.1207667011008021,2026-03-10T10:32:31.022000,83,,,
participant_05,4,day,Town10HD_Opt,2026-03-10 10:32:32.193330,54.62923049926758,71.2751693725586,0.001940498361364,41.759,-12.342,0.632,0.0,0,0,1,,1.0,2026-03-10T10:32:32.193330,happy,0.86,2026-03-10T10:32:32.193330,0.8568008912025059,2026-03-10T10:32:32.955000,71,,,
participant_06,3,day,Town10HD_Opt,2026-03-10 10:32:32.250383,-86.59187316894531,28.17535781860352,0.0020419692154973,17.705,-6.388,0.109,0.0,0,0,1,,1.0,2026-03-10T10:32:32.250383,sad,0.561,2026-03-10T10:32:31.163300,0.1090357045561213,2026-03-10T10:32:32.011000,85,,,errors=Solid line crossing
participant_05,4,day,Town10HD_Opt,2026-03-10 10:32:33.148669,61.90876388549805,70.73717498779297,0.0022670363541692,38.115,6.388,0.0,0.0,0,0,1,,1.0,2026-03-10T10:32:33.148669,happy,0.86,2026-03-10T10:32:32.193330,0.8708462129893474,2026-03-10T10:32:33.946000,70,,,
participant_06,3,day,Town10HD_Opt,2026-03-10 10:32:33.269475,-83.72942352294922,28.57976531982422,0.0020018385257571,15.112,-10.348,0.101,0.0,0,0,1,,0.801,2026-03-10T10:32:33.269475,happy,0.784,2026-03-10T10:32:33.269475,0.1603411909532971,2026-03-10T10:32:33.046000,90,,,
participant_05,4,day,Town10HD_Opt,2026-03-10 10:32:34.003881,67.87155151367188,70.78911590576172,0.0023188018240034,29.436,-4.766,0.0,0.0,0,0,1,,1.0,2026-03-10T10:32:34.003881,happy,0.86,2026-03-10T10:32:32.193330,0.793914509461371,2026-03-10T10:32:33.946000,70,,,
participant_06,3,day,Town10HD_Opt,2026-03-10 10:32:34.022062,-82.04656982421875,28.612079620361328,0.0020237730350345,13.38,-7.33,0.0,0.0,0,0,1,,1.0,2026-03-10T10:32:34.022062,happy,0.784,2026-03-10T10:32:33.269475,0.1375284979467399,2026-03-10T10:32:34.036000,89,,,
participant_06,3,day,Town10HD_Opt,2026-03-10 10:32:35.014538,-79.99024963378906,28.583620071411133,0.0020151138305664,10.145,-1.234,0.0,0.0,0,0,1,,1.0,2026-03-10T10:32:35.014538,happy,0.784,2026-03-10T10:32:33.269475,0.0977141933750337,2026-03-10T10:32:35.071000,90,,,
participant_05,4,day,Town10HD_Opt,2026-03-10 10:32:35.136041,73.69914245605469,70.49272918701172,0.0022709656041115,19.967,1.765,0.0,0.345,0,0,1,,0.882,2026-03-10T10:32:35.136041,sad,0.492,2026-03-10T10:32:35.136041,0.768633606837294,2026-03-10T10:32:35.970000,77,,,
participant_05,4,day,Town10HD_Opt,2026-03-10 10:32:35.990143,76.57833099365234,70.4234619140625,0.002127876272425,12.625,-1.271,0.0,0.066,0,0,1,,1.0,2026-03-10T10:32:35.990143,sad,0.492,2026-03-10T10:32:35.136041,0.8080867490794278,2026-03-10T10:32:35.970000,76,,,
participant_06,3,day,Town10HD_Opt,2026-03-10 10:32:36.041403,-78.42372131347656,28.564098358154297,0.0020212554372847,7.248,-0.67,0.0,0.151,0,0,1,,0.86,2026-03-10T10:32:36.041403,happy,0.998,2026-03-10T10:32:36.041403,0.1398321070298947,2026-03-10T10:32:36.016000,88,,,
participant_06,3,day,Town10HD_Opt,2026-03-10 10:32:37.069625,-77.6882553100586,28.552595138549805,0.0022083662915974,0.001,-0.585,0.0,0.148,0,0,1,,1.0,2026-03-10T10:32:37.069625,happy,0.998,2026-03-10T10:32:36.041403,0.2522181313892757,2026-03-10T10:32:37.052000,87,,,
participant_05,4,day,Town10HD_Opt,2026-03-10 10:32:37.169859,79.09423828125,70.32372283935547,0.0020050429739058,8.891,-0.914,0.0,0.0,0,0,1,,1.0,2026-03-10T10:32:37.169859,sad,0.599,2026-03-10T10:32:37.169859,0.8919424575966012,2026-03-10T10:32:37.950000,77,,,
participant_05,4,day,Town10HD_Opt,2026-03-10 10:32:38.011928,80.48201751708984,70.25485229492188,0.0019509505946189,7.437,-0.858,0.373,0.0,0,0,1,,0.906,2026-03-10T10:32:38.011928,sad,0.599,2026-03-10T10:32:37.169859,0.8626815800850319,2026-03-10T10:32:37.950000,79,,,
participant_06,3,day,Town10HD_Opt,2026-03-10 10:32:38.275054,-77.6839599609375,28.55251884460449,0.0019215773791074,0.028,-0.498,0.0,0.0,0,0,1,,1.0,2026-03-10T10:32:38.275054,happy,0.999,2026-03-10T10:32:38.275054,0.1512117874923904,2026-03-10T10:32:38.041000,87,,,
participant_05,4,day,Town10HD_Opt,2026-03-10 10:32:39.108491,83.39178466796875,70.10140991210938,0.0017915343632921,19.323,1.565,0.755,0.0,0,0,1,,0.89,2026-03-10T10:32:39.108491,sad,0.599,2026-03-10T10:32:37.169859,0.9464840585593798,2026-03-10T10:32:38.941000,76,,,
participant_06,3,day,Town10HD_Opt,2026-03-10 10:32:39.225180,-77.68132781982422,28.55246353149414,0.0019190978491678,0.005,-0.423,0.0,0.0,0,0,1,,1.0,2026-03-10T10:32:39.225180,happy,0.999,2026-03-10T10:32:38.275054,0.140713402712133,2026-03-10T10:32:39.076000,89,,,
participant_06,3,day,Town10HD_Opt,2026-03-10 10:32:40.151321,-77.68095397949219,28.55246353149414,0.0019191741012036,0.001,-0.421,0.0,0.0,0,0,1,,1.0,2026-03-10T10:32:40.151321,happy,0.999,2026-03-10T10:32:38.275054,0.1407806247341096,2026-03-10T10:32:40.067000,89,,,
participant_05,4,day,Town10HD_Opt,2026-03-10 10:32:40.239051,88.64588928222656,70.34901428222656,0.0021202850621193,22.417,12.296,0.206,0.0,0,0,1,,1.0,2026-03-10T10:32:40.239051,happy,0.921,2026-03-10T10:32:40.239051,0.9411459427842074,2026-03-10T10:32:40.965000,72,,,
participant_06,3,day,Town10HD_Opt,2026-03-10 10:32:41.062453,-77.68093872070312,28.552465438842773,0.0019189071608707,0.006,-0.421,0.0,0.0,0,0,1,,1.0,2026-03-10T10:32:41.062453,happy,1.0,2026-03-10T10:32:41.062453,0.2006553730011388,2026-03-10T10:32:41.057000,91,,,
participant_05,4,day,Town10HD_Opt,2026-03-10 10:32:41.075096,92.10201263427734,71.493896484375,0.0021370314061641,19.75,15.6,0.297,0.0,0,0,1,,1.0,2026-03-10T10:32:41.075096,happy,0.921,2026-03-10T10:32:40.239051,0.99,2026-03-10T10:32:40.965000,70,,,
participant_06,3,day,Town10HD_Opt,2026-03-10 10:32:42.048553,-77.68098449707031,28.552465438842773,0.0019187163561582,0.006,-0.416,0.0,0.0,0,0,1,,1.0,2026-03-10T10:32:42.048553,happy,1.0,2026-03-10T10:32:41.062453,0.1329007871383409,2026-03-10T10:32:42.047000,94,,,
participant_05,4,day,Town10HD_Opt,2026-03-10 10:32:42.179664,95.64459991455078,74.20722198486328,0.0020501709077507,19.481,16.803,0.377,0.0,0,0,1,,1.0,2026-03-10T10:32:42.179664,happy,0.921,2026-03-10T10:32:40.239051,0.9529926217806554,2026-03-10T10:32:42.945000,68,,,
participant_05,4,day,Town10HD_Opt,2026-03-10 10:32:43.022911,97.55323791503906,77.10346984863281,0.0020184707827866,20.762,16.369,0.419,0.0,0,0,1,,1.0,2026-03-10T10:32:43.022911,neutral,0.974,2026-03-10T10:32:43.022911,0.9785192742290284,2026-03-10T10:32:42.945000,70,,,
participant_06,3,day,Town10HD_Opt,2026-03-10 10:32:43.268468,-77.68085479736328,28.552465438842773,0.0019187163561582,0.006,-0.407,0.0,0.0,0,0,1,,1.0,2026-03-10T10:32:43.268468,happy,1.0,2026-03-10T10:32:43.268468,0.1346411355616732,2026-03-10T10:32:43.037000,90,,,
participant_05,4,day,Town10HD_Opt,2026-03-10 10:32:44.140514,98.87862396240234,82.00296020507812,0.0019905471708625,23.304,7.411,0.479,0.0,0,0,1,,1.0,2026-03-10T10:32:44.140514,neutral,0.974,2026-03-10T10:32:43.022911,0.99,2026-03-10T10:32:44.971000,70,,,
participant_06,3,day,Town10HD_Opt,2026-03-10 10:32:44.214346,-77.64982604980469,28.55195999145508,0.0018030548235401,2.531,-0.36,1.0,0.0,0,0,1,,1.0,2026-03-10T10:32:44.214346,happy,1.0,2026-03-10T10:32:43.268468,0.1433782867577188,2026-03-10T10:32:44.026000,90,,,
participant_05,4,day,Town10HD_Opt,2026-03-10 10:32:45.004009,99.25450897216795,86.5126724243164,0.0017077254597097,31.702,3.304,0.991,0.0,0,0,1,,0.931,2026-03-10T10:32:45.004009,neutral,0.974,2026-03-10T10:32:43.022911,0.9283519338146294,2026-03-10T10:32:44.971000,70,,,
participant_06,3,day,Town10HD_Opt,2026-03-10 10:32:45.152813,-75.92638397216797,28.525047302246094,0.0013972473097965,18.688,-0.338,1.0,0.0,0,0,1,,1.0,2026-03-10T10:32:45.152813,happy,1.0,2026-03-10T10:32:43.268468,0.1568748492302183,2026-03-10T10:32:45.017000,93,,,
participant_06,3,day,Town10HD_Opt,2026-03-10 10:32:46.111373,-71.83649444580078,28.452470779418945,0.0019094466697424,25.522,-0.031,0.0,0.0,0,0,1,,1.0,2026-03-10T10:32:46.111373,happy,0.998,2026-03-10T10:32:46.111373,0.0676080607288826,2026-03-10T10:32:46.052000,93,,,
participant_05,4,day,Town10HD_Opt,2026-03-10 10:32:46.156689,98.94485473632812,95.70079803466795,0.0017575835809111,46.114,5.174,0.744,0.0,0,0,1,,1.0,2026-03-10T10:32:46.156689,neutral,0.545,2026-03-10T10:32:46.156689,0.8175306938295406,2026-03-10T10:32:46.950000,70,,,
participant_06,3,day,Town10HD_Opt,2026-03-10 10:32:47.068719,-67.8333740234375,28.391830444335938,0.0022339629940688,19.5,0.578,0.0,0.0,0,0,1,,1.0,2026-03-10T10:32:47.068719,happy,0.998,2026-03-10T10:32:46.111373,0.0502139292554296,2026-03-10T10:32:47.042000,89,,,
participant_05,4,day,Town10HD_Opt,2026-03-10 10:32:47.255256,95.9628677368164,106.73296356201172,0.0021157073788344,49.076,4.277,0.732,0.0,0,0,1,,1.0,2026-03-10T10:32:47.255256,neutral,0.545,2026-03-10T10:32:46.156689,0.7776844063472023,2026-03-10T10:32:48.030000,71,,,
participant_06,3,day,Town10HD_Opt,2026-03-10 10:32:48.057057,-64.36671447753906,28.378087997436523,0.001716194092296,25.316,0.536,1.0,0.0,0,0,1,,1.0,2026-03-10T10:32:48.057057,happy,0.998,2026-03-10T10:32:46.111373,0.0531498718152516,2026-03-10T10:32:48.031000,92,,,
participant_05,4,day,Town10HD_Opt,2026-03-10 10:32:48.093394,91.86746978759766,114.4430923461914,0.0021377182565629,49.079,4.348,0.727,0.0,0,0,1,,1.0,2026-03-10T10:32:48.093394,neutral,0.545,2026-03-10T10:32:46.156689,0.8004408757079572,2026-03-10T10:32:48.030000,72,,,
participant_05,4,day,Town10HD_Opt,2026-03-10 10:32:49.204936,84.25923919677734,123.08473205566406,0.0020137405954301,49.875,8.818,0.708,0.0,0,0,1,,1.0,2026-03-10T10:32:49.204936,neutral,0.461,2026-03-10T10:32:49.204936,0.7338468930468163,2026-03-10T10:32:49.967000,70,,,errors=Solid line crossing
participant_06,3,day,Town10HD_Opt,2026-03-10 10:32:49.294128,-56.07975006103516,28.43613052368164,0.0015779495006427,45.852,0.031,0.87,0.0,0,0,1,,1.0,2026-03-10T10:32:49.294128,neutral,0.962,2026-03-10T10:32:49.294128,0.1048306628386299,2026-03-10T10:32:49.022000,89,,,
participant_05,4,day,Town10HD_Opt,2026-03-10 10:32:50.060383,76.70720672607422,127.2400360107422,0.0021272278390824,48.362,4.948,0.705,0.0,0,0,1,,1.0,2026-03-10T10:32:50.060383,neutral,0.461,2026-03-10T10:32:49.204936,0.73244782542115,2026-03-10T10:32:49.967000,72,,,
participant_06,3,day,Town10HD_Opt,2026-03-10 10:32:50.303300,-47.4346923828125,28.52157974243164,0.0021005249582231,48.651,0.063,0.729,0.0,0,0,1,,1.0,2026-03-10T10:32:50.303300,neutral,0.962,2026-03-10T10:32:49.294128,0.1064154722594121,2026-03-10T10:32:50.057000,88,,,
participant_05,4,day,Town10HD_Opt,2026-03-10 10:32:51.227370,65.44823455810547,129.96041870117188,0.0020702742040157,49.647,3.69,0.705,0.0,0,0,1,,1.0,2026-03-10T10:32:51.227370,neutral,0.828,2026-03-10T10:32:51.227370,0.7065688767230821,2026-03-10T10:32:51.945000,66,,,
participant_06,3,day,Town10HD_Opt,2026-03-10 10:32:51.249530,-38.756195068359375,28.615123748779297,0.0020004652906209,50.368,-0.454,0.688,0.0,0,0,1,,1.0,2026-03-10T10:32:51.249530,neutral,0.962,2026-03-10T10:32:49.294128,0.0815476747377325,2026-03-10T10:32:51.047000,88,,,
participant_05,4,day,Town10HD_Opt,2026-03-10 10:32:52.117810,56.73876953125,130.58453369140625,0.0020927428267896,49.405,0.338,0.705,0.0,0,0,1,,0.839,2026-03-10T10:32:52.117810,neutral,0.828,2026-03-10T10:32:51.227370,0.6974560500136148,2026-03-10T10:32:51.945000,67,,,
participant_06,3,day,Town10HD_Opt,2026-03-10 10:32:52.164936,-30.042394638061523,28.61174201965332,0.0019581986125558,50.62,-0.16,0.0,0.0,0,0,1,,1.0,2026-03-10T10:32:52.164936,neutral,0.684,2026-03-10T10:32:52.164936,0.1278729569554463,2026-03-10T10:32:52.037000,86,,,
participant_05,4,day,Town10HD_Opt,2026-03-10 10:32:53.084709,48.00450134277344,130.83499145507812,0.0021165085490792,49.179,0.771,0.706,0.0,0,0,1,,1.0,2026-03-10T10:32:53.084709,neutral,0.828,2026-03-10T10:32:51.227370,0.6470905315935195,2026-03-10T10:32:53.161000,66,,,
participant_06,3,day,Town10HD_Opt,2026-03-10 10:32:53.096364,-21.38358688354492,28.52103614807129,0.0019607162103056,50.915,0.056,0.0,0.0,0,0,1,,1.0,2026-03-10T10:32:53.096364,neutral,0.684,2026-03-10T10:32:52.164936,0.1374551318411701,2026-03-10T10:32:53.117000,86,,,
participant_05,4,day,Town10HD_Opt,2026-03-10 10:32:53.992573,39.26896667480469,131.06924438476562,0.002134742680937,49.04,-0.094,0.706,0.0,0,0,1,,1.0,2026-03-10T10:32:53.992573,neutral,0.867,2026-03-10T10:32:53.992573,0.6390094792286242,2026-03-10T10:32:53.973000,64,,,
participant_06,3,day,Town10HD_Opt,2026-03-10 10:32:54.130620,-12.70753002166748,28.416410446166992,0.0020231627859175,49.65,0.139,0.651,0.0,0,0,1,,1.0,2026-03-10T10:32:54.130620,neutral,0.684,2026-03-10T10:32:52.164936,0.0958360961721244,2026-03-10T10:32:54.017000,84,,,
participant_06,3,day,Town10HD_Opt,2026-03-10 10:32:55.070489,-4.049013614654541,28.351470947265625,0.0022227859590202,45.735,0.115,0.0,0.0,0,0,1,,1.0,2026-03-10T10:32:55.070489,happy,1.0,2026-03-10T10:32:55.070489,0.0787256035192694,2026-03-10T10:32:55.053000,82,,,
participant_05,4,day,Town10HD_Opt,2026-03-10 10:32:55.225546,27.65540313720703,131.35411071777344,0.0020163727458566,50.154,0.016,0.706,0.0,0,0,1,,1.0,2026-03-10T10:32:55.225546,neutral,0.867,2026-03-10T10:32:53.992573,0.5369806749108917,2026-03-10T10:32:55.951000,65,,,
participant_05,4,day,Town10HD_Opt,2026-03-10 10:32:56.174466,18.92557716369629,131.5880584716797,0.0020412062294781,49.868,0.451,0.706,0.0,0,0,1,,0.9,2026-03-10T10:32:56.174466,sad,0.665,2026-03-10T10:32:56.174466,0.5452235519818345,2026-03-10T10:32:55.951000,64,,,
participant_06,3,day,Town10HD_Opt,2026-03-10 10:32:56.278268,5.259697914123535,28.32590675354004,0.0023472975008189,33.049,0.115,0.007,0.0,0,0,1,,1.0,2026-03-10T10:32:56.278268,happy,1.0,2026-03-10T10:32:55.070489,0.1351373314818382,2026-03-10T10:32:56.042000,84,,,
participant_05,4,day,Town10HD_Opt,2026-03-10 10:32:57.063034,10.19765281677246,131.72323608398438,0.0020693587139248,49.542,0.461,0.702,0.0,0,0,1,,0.906,2026-03-10T10:32:57.063034,sad,0.665,2026-03-10T10:32:56.174466,0.4302728035255564,2026-03-10T10:32:57.076000,65,,,
participant_06,3,day,Town10HD_Opt,2026-03-10 10:32:57.212630,10.499591827392578,28.329530715942383,0.0022063446231186,27.243,0.002,0.242,0.0,0,0,1,,1.0,2026-03-10T10:32:57.212630,neutral,0.833,2026-03-10T10:32:57.212630,0.1852024430366509,2026-03-10T10:32:57.031000,86,,,
participant_06,3,day,Town10HD_Opt,2026-03-10 10:32:58.125744,15.071839332580566,28.3333740234375,0.0021064376924186,25.184,0.002,0.312,0.0,0,0,1,,1.0,2026-03-10T10:32:58.125744,neutral,0.833,2026-03-10T10:32:57.212630,0.1934597528810577,2026-03-10T10:32:58.067000,84,,,
participant_05,4,day,Town10HD_Opt,2026-03-10 10:32:58.232942,-1.410893201828003,131.64756774902344,0.001981658861041,50.397,0.446,0.663,0.0,0,0,1,,0.848,2026-03-10T10:32:58.232942,sad,0.788,2026-03-10T10:32:58.232942,0.4152519195023939,2026-03-10T10:32:58.965000,65,,,
participant_06,3,day,Town10HD_Opt,2026-03-10 10:32:59.038916,19.405426025390625,28.33742332458496,0.0020591735374182,24.515,0.012,0.337,0.0,0,0,1,,1.0,2026-03-10T10:32:59.038916,neutral,0.833,2026-03-10T10:32:57.212630,0.1095822915884362,2026-03-10T10:32:59.062000,82,,,
participant_05,4,day,Town10HD_Opt,2026-03-10 10:32:59.126701,-10.08794116973877,131.41140747070312,0.0020371626596897,49.507,-0.261,0.663,0.0,0,0,1,,0.851,2026-03-10T10:32:59.126701,sad,0.788,2026-03-10T10:32:58.232942,0.4812073218414284,2026-03-10T10:32:59.955000,65,,,
participant_05,4,day,Town10HD_Opt,2026-03-10 10:33:00.052280,-18.80254364013672,131.27755737304688,0.0021327589638531,48.499,-0.179,0.288,0.0,0,0,1,,1.0,2026-03-10T10:33:00.052280,sad,0.788,2026-03-10T10:32:58.232942,0.4737336947251725,2026-03-10T10:32:59.955000,66,,,
participant_06,3,day,Town10HD_Opt,2026-03-10 10:33:00.307180,25.07710838317871,28.363746643066406,0.0020569609478116,24.022,2.4,0.324,0.0,0,0,1,,1.0,2026-03-10T10:33:00.307180,happy,0.999,2026-03-10T10:33:00.307180,0.088264329975957,2026-03-10T10:33:00.047000,84,,,
participant_05,4,day,Town10HD_Opt,2026-03-10 10:33:01.183581,-29.479555130004883,130.6616973876953,0.0023181533906608,40.839,13.102,0.165,0.0,0,0,1,,1.0,2026-03-10T10:33:01.183581,sad,0.828,2026-03-10T10:33:01.183581,0.477819195572165,2026-03-10T10:33:01.981000,65,,,
participant_06,3,day,Town10HD_Opt,2026-03-10 10:33:01.257318,29.21855926513672,28.71169662475586,0.002068939153105,23.452,9.648,0.326,0.0,0,0,1,,0.803,2026-03-10T10:33:01.257318,happy,0.999,2026-03-10T10:33:00.307180,0.2103291230887163,2026-03-10T10:33:01.036000,84,,,
participant_05,4,day,Town10HD_Opt,2026-03-10 10:33:02.071002,-35.42267608642578,127.60997772216795,0.0020855329930782,38.546,14.036,0.595,0.0,0,0,1,,1.0,2026-03-10T10:33:02.071002,sad,0.828,2026-03-10T10:33:01.183581,0.4655983306492485,2026-03-10T10:33:01.981000,64,,,
participant_06,3,day,Town10HD_Opt,2026-03-10 10:33:02.209598,33.1055793762207,29.866559982299805,0.0020693968981504,23.048,12.541,0.332,0.0,0,0,1,,0.804,2026-03-10T10:33:02.209598,happy,0.999,2026-03-10T10:33:00.307180,0.2103069156048481,2026-03-10T10:33:02.026000,83,,,
participant_05,4,day,Town10HD_Opt,2026-03-10 10:33:03.000158,-39.65766143798828,122.02708435058594,0.0019264221191406,42.608,10.908,0.637,0.0,0,0,1,,1.0,2026-03-10T10:33:03.000158,sad,0.828,2026-03-10T10:33:01.183581,0.4291798312019047,2026-03-10T10:33:02.971000,64,,,
participant_06,3,day,Town10HD_Opt,2026-03-10 10:33:03.135969,36.40828704833984,32.04777908325195,0.0020838165655732,22.554,17.631,0.333,0.0,0,0,1,,0.845,2026-03-10T10:33:03.135969,neutral,0.88,2026-03-10T10:33:03.135969,0.1910870316446163,2026-03-10T10:33:03.062000,84,,,
participant_06,3,day,Town10HD_Opt,2026-03-10 10:33:04.036055,38.741172790527344,35.166873931884766,0.00207897182554,22.251,16.548,0.329,0.0,0,0,1,,0.813,2026-03-10T10:33:04.036055,neutral,0.88,2026-03-10T10:33:03.135969,0.2069250880626927,2026-03-10T10:33:04.052000,82,,,
participant_05,4,day,Town10HD_Opt,2026-03-10 10:33:04.190600,-41.71474838256836,111.9190902709961,0.0019448088714852,47.297,6.528,0.629,0.0,0,0,1,,1.0,2026-03-10T10:33:04.190600,sad,0.8,2026-03-10T10:33:04.190600,0.397974730659054,2026-03-10T10:33:05.041000,62,,,
participant_05,4,day,Town10HD_Opt,2026-03-10 10:33:05.101124,-41.2607650756836,103.83462524414062,0.0023185729514807,41.76,-10.029,0.062,0.0,0,0,1,,1.0,2026-03-10T10:33:05.101124,sad,0.8,2026-03-10T10:33:04.190600,0.4358932419645816,2026-03-10T10:33:05.940000,60,,,
participant_06,3,day,Town10HD_Opt,2026-03-10 10:33:05.280855,40.10863876342773,40.07833099365234,0.0020737838931381,21.636,7.263,0.118,0.0,0,0,1,,1.0,2026-03-10T10:33:05.280855,sad,0.888,2026-03-10T10:33:05.280855,0.1681206180061099,2026-03-10T10:33:05.044000,83,,,
participant_05,4,day,Town10HD_Opt,2026-03-10 10:33:06.039416,-42.34699249267578,97.37722778320312,0.0023389435373246,32.527,5.519,0.159,0.0,0,0,1,,1.0,2026-03-10T10:33:06.039416,sad,0.8,2026-03-10T10:33:04.190600,0.3247404115955161,2026-03-10T10:33:05.940000,61,,,
participant_06,3,day,Town10HD_Opt,2026-03-10 10:33:06.277904,40.40301513671875,43.57513427734375,0.0020360182970762,17.832,-0.148,0.0,0.0,0,0,1,,1.0,2026-03-10T10:33:06.277904,sad,0.888,2026-03-10T10:33:05.280855,0.0965554030708195,2026-03-10T10:33:06.032000,83,,,
participant_06,3,day,Town10HD_Opt,2026-03-10 10:33:07.226886,40.55585861206055,46.334720611572266,0.0020440672524273,13.838,3.184,0.0,0.0,0,0,1,,1.0,2026-03-10T10:33:07.226886,sad,0.888,2026-03-10T10:33:05.280855,0.1282882663190788,2026-03-10T10:33:07.067000,83,,,
participant_05,4,day,Town10HD_Opt,2026-03-10 10:33:07.229425,-43.10836410522461,90.63435363769533,0.0021488571073859,26.497,6.232,0.357,0.0,0,0,1,,1.0,2026-03-10T10:33:07.229425,sad,0.721,2026-03-10T10:33:07.229425,0.4942695364160544,2026-03-10T10:33:07.966000,60,,,
participant_05,4,day,Town10HD_Opt,2026-03-10 10:33:08.170250,-42.82673645019531,86.03558349609375,0.002042083768174,26.686,11.05,0.404,0.0,0,0,1,,1.0,2026-03-10T10:33:08.170250,sad,0.721,2026-03-10T10:33:07.229425,0.4567780139445929,2026-03-10T10:33:09.001000,61,,,
participant_06,3,day,Town10HD_Opt,2026-03-10 10:33:08.178555,40.58976745605469,48.45891571044922,0.0020208740606904,10.383,1.622,0.0,0.091,0,0,1,,1.0,2026-03-10T10:33:08.178555,neutral,0.717,2026-03-10T10:33:08.178555,0.1296197040246067,2026-03-10T10:33:08.057000,82,,,
participant_05,4,day,Town10HD_Opt,2026-03-10 10:33:09.087460,-41.48440933227539,81.40901947021484,0.0019291305216029,29.293,5.692,0.577,0.0,0,0,1,,1.0,2026-03-10T10:33:09.087460,sad,0.721,2026-03-10T10:33:07.229425,0.4827627122322441,2026-03-10T10:33:09.001000,61,,,
participant_06,3,day,Town10HD_Opt,2026-03-10 10:33:09.157607,40.6015510559082,50.01099395751953,0.0020169448107481,7.22,-0.042,0.0,0.083,0,0,1,,1.0,2026-03-10T10:33:09.157607,neutral,0.717,2026-03-10T10:33:08.178555,0.0999030854501173,2026-03-10T10:33:09.046000,80,,,
participant_05,4,day,Town10HD_Opt,2026-03-10 10:33:09.994727,-39.03681945800781,76.50094604492188,0.001925888005644,33.647,13.338,0.577,0.0,0,0,1,,1.0,2026-03-10T10:33:09.994727,sad,0.79,2026-03-10T10:33:09.994727,0.4280397354280231,2026-03-10T10:33:09.946000,62,,,
participant_06,3,day,Town10HD_Opt,2026-03-10 10:33:10.135455,40.61541748046875,51.08003616333008,0.001965370029211,5.274,-0.092,0.0,0.0,0,0,1,,0.869,2026-03-10T10:33:10.135455,neutral,0.717,2026-03-10T10:33:08.178555,0.0962001347209674,2026-03-10T10:33:10.037000,81,,,
participant_06,3,day,Town10HD_Opt,2026-03-10 10:33:11.069395,40.62607955932617,51.90315628051758,0.0019576644990593,4.0,-0.019,0.0,0.0,0,0,1,,0.862,2026-03-10T10:33:11.069395,happy,0.999,2026-03-10T10:33:11.069395,0.1130046248363844,2026-03-10T10:33:11.027000,80,,,
participant_05,4,day,Town10HD_Opt,2026-03-10 10:33:11.231275,-32.56923294067383,71.44937896728516,0.0019680403638631,38.153,13.872,0.579,0.0,0,0,1,,1.0,2026-03-10T10:33:11.231275,sad,0.79,2026-03-10T10:33:09.994727,0.3843367267430149,2026-03-10T10:33:11.970000,62,,,
participant_05,4,day,Town10HD_Opt,2026-03-10 10:33:12.106075,-25.77979850769043,70.15047454833984,0.0019436263246461,41.559,-0.609,0.578,0.0,0,0,1,phone_call,0.817,2026-03-10T10:33:12.106075,neutral,0.524,2026-03-10T10:33:12.106075,0.4559505066999078,2026-03-10T10:33:11.970000,61,,,
participant_06,3,day,Town10HD_Opt,2026-03-10 10:33:12.257136,40.628543853759766,52.09313201904297,0.0019337082048878,0.04,-0.016,0.4,0.0,0,0,1,,1.0,2026-03-10T10:33:12.257136,happy,0.999,2026-03-10T10:33:11.069395,0.0805703796100644,2026-03-10T10:33:12.062000,81,,,
participant_05,4,day,Town10HD_Opt,2026-03-10 10:33:13.036828,-18.30417251586914,69.35297393798828,0.0019464873475953,44.422,5.155,0.573,0.0,0,0,1,,1.0,2026-03-10T10:33:13.036828,neutral,0.524,2026-03-10T10:33:12.106075,0.455467247618038,2026-03-10T10:33:13.005000,65,,,errors=Solid line crossing
participant_06,3,day,Town10HD_Opt,2026-03-10 10:33:13.174672,40.638301849365234,52.87788009643555,0.0014242553152143,13.685,0.035,0.933,0.0,0,0,1,,0.811,2026-03-10T10:33:13.174672,happy,1.0,2026-03-10T10:33:13.174672,0.0294647576487943,2026-03-10T10:33:13.052000,81,,,errors=Stop sign violation
participant_05,4,day,Town10HD_Opt,2026-03-10 10:33:14.011449,-10.429222106933594,69.14659881591797,0.0020274734124541,45.304,1.307,0.484,0.0,0,0,1,,1.0,2026-03-10T10:33:14.011449,neutral,0.524,2026-03-10T10:33:12.106075,0.4430799402773279,2026-03-10T10:33:13.950000,65,,,
participant_06,3,day,Town10HD_Opt,2026-03-10 10:33:14.167168,40.68270111083984,56.03926467895508,0.0018817901145666,21.394,-3.77,0.366,0.0,0,0,1,,1.0,2026-03-10T10:33:14.167168,happy,1.0,2026-03-10T10:33:13.174672,0.1199894930287894,2026-03-10T10:33:14.074000,80,,,
participant_06,3,day,Town10HD_Opt,2026-03-10 10:33:15.115049,41.10700225830078,59.888553619384766,0.0019431685796007,24.005,-10.0,0.682,0.0,0,0,1,,0.853,2026-03-10T10:33:15.115049,happy,1.0,2026-03-10T10:33:13.174672,0.1675135656291644,2026-03-10T10:33:15.032000,82,,,
participant_05,4,day,Town10HD_Opt,2026-03-10 10:33:15.227462,0.1625855267047882,69.68184661865234,0.0020363617222756,45.591,-2.395,0.475,0.0,0,0,1,,1.0,2026-03-10T10:33:15.227462,neutral,0.518,2026-03-10T10:33:15.227462,0.4599888019759383,2026-03-10T10:33:15.976000,66,,,
participant_06,3,day,Town10HD_Opt,2026-03-10 10:33:16.119006,42.71418380737305,64.3010025024414,0.0018706511473283,30.241,-16.171,0.543,0.0,0,0,1,,0.874,2026-03-10T10:33:16.119006,neutral,0.575,2026-03-10T10:33:16.119006,0.0365131463346554,2026-03-10T10:33:16.067000,78,,,
participant_05,4,day,Town10HD_Opt,2026-03-10 10:33:16.203425,8.117691993713379,69.66874694824219,0.0020652769599109,44.921,-0.837,0.085,0.0,0,0,1,,1.0,2026-03-10T10:33:16.203425,neutral,0.518,2026-03-10T10:33:15.227462,0.4294745830342702,2026-03-10T10:33:16.966000,68,,,
participant_06,3,day,Town10HD_Opt,2026-03-10 10:33:17.131355,46.39882278442383,68.36617279052734,0.0019867706578224,33.206,-17.119,0.51,0.0,0,0,1,,0.823,2026-03-10T10:33:17.131355,neutral,0.575,2026-03-10T10:33:16.119006,0.1383449240498907,2026-03-10T10:33:17.057000,77,,,
participant_05,4,day,Town10HD_Opt,2026-03-10 10:33:17.185501,15.295308113098145,69.30057525634766,0.0023515319917351,35.666,0.874,0.0,0.345,0,0,1,,1.0,2026-03-10T10:33:17.185501,neutral,0.518,2026-03-10T10:33:15.227462,0.4565451762086575,2026-03-10T10:33:17.955000,68,,,errors=Harsh braking | Solid line crossing
participant_06,3,day,Town10HD_Opt,2026-03-10 10:33:18.099011,51.77581405639648,70.50759887695312,0.0020980453118681,33.141,-15.933,0.38,0.0,0,0,1,,0.903,2026-03-10T10:33:18.099011,neutral,0.575,2026-03-10T10:33:16.119006,0.0972674866977701,2026-03-10T10:33:18.047000,80,,,
participant_05,4,day,Town10HD_Opt,2026-03-10 10:33:18.115159,20.574676513671875,69.14319610595703,0.0024301910307258,23.606,0.747,0.0,0.772,0,0,1,,1.0,2026-03-10T10:33:18.115159,sad,0.952,2026-03-10T10:33:18.115159,0.4673303757042447,2026-03-10T10:33:17.955000,66,,,
participant_06,3,day,Town10HD_Opt,2026-03-10 10:33:19.051390,57.485496520996094,70.42841339111328,0.0020841215737164,32.266,-0.825,0.34,0.0,0,0,1,,0.807,2026-03-10T10:33:19.051390,sad,0.735,2026-03-10T10:33:19.051390,0.1719076444553487,2026-03-10T10:33:19.081000,82,Solid line crossing,Solid line crossing,
participant_05,4,day,Town10HD_Opt,2026-03-10 10:33:19.069961,22.78666877746582,69.11980438232422,0.0026818083133548,0.002,0.665,0.0,0.914,0,0,1,,1.0,2026-03-10T10:33:19.069961,sad,0.952,2026-03-10T10:33:18.115159,0.515602740236301,2026-03-10T10:33:19.040000,65,,,
participant_05,4,day,Town10HD_Opt,2026-03-10 10:33:20.039392,22.78755569458008,69.11979675292969,0.0019440078176558,0.0,0.665,0.0,0.427,0,0,1,,1.0,2026-03-10T10:33:20.039392,sad,0.952,2026-03-10T10:33:18.115159,0.4792099927603785,2026-03-10T10:33:19.981000,66,,,
participant_06,3,day,Town10HD_Opt,2026-03-10 10:33:20.301906,64.8251953125,69.98876190185547,0.002078361576423,30.705,0.162,0.344,0.0,0,0,1,,0.863,2026-03-10T10:33:20.301906,sad,0.735,2026-03-10T10:33:19.051390,0.1659441638914596,2026-03-10T10:33:20.027000,82,,,
participant_05,4,day,Town10HD_Opt,2026-03-10 10:33:21.215248,22.78758811950684,69.11979675292969,0.001919784466736,0.0,0.665,0.0,0.0,0,0,1,,1.0,2026-03-10T10:33:21.215248,sad,0.634,2026-03-10T10:33:21.215248,0.4340119405999927,2026-03-10T10:33:21.961000,69,,,
participant_06,3,day,Town10HD_Opt,2026-03-10 10:33:21.272817,70.25753021240234,69.8571548461914,0.0018571852706372,34.945,1.495,0.863,0.0,0,0,1,,1.0,2026-03-10T10:33:21.272817,neutral,0.473,2026-03-10T10:33:21.272817,0.1988155798359285,2026-03-10T10:33:21.062000,82,,,
participant_05,4,day,Town10HD_Opt,2026-03-10 10:33:22.096620,22.78758811950684,69.11979675292969,0.001919784466736,0.0,0.665,0.0,0.0,0,0,1,,1.0,2026-03-10T10:33:22.096620,sad,0.634,2026-03-10T10:33:21.215248,0.4949913288307582,2026-03-10T10:33:22.951000,69,,,
participant_06,3,day,Town10HD_Opt,2026-03-10 10:33:22.189120,77.1520767211914,69.94631958007812,0.0017130660125985,44.823,0.677,0.586,0.0,0,0,1,,1.0,2026-03-10T10:33:22.189120,neutral,0.473,2026-03-10T10:33:21.272817,0.1289376041273853,2026-03-10T10:33:22.052000,81,,,
participant_05,4,day,Town10HD_Opt,2026-03-10 10:33:22.995188,23.16139793395996,69.11665344238281,0.0015291976742446,8.713,0.134,1.0,0.0,0,0,1,,1.0,2026-03-10T10:33:22.995188,sad,0.634,2026-03-10T10:33:21.215248,0.4763611525818612,2026-03-10T10:33:22.951000,68,,,
participant_06,3,day,Town10HD_Opt,2026-03-10 10:33:23.183887,84.94811248779297,70.23074340820312,0.0022476576268672,40.976,0.83,0.0,0.0,0,0,1,,0.817,2026-03-10T10:33:23.183887,neutral,0.473,2026-03-10T10:33:21.272817,0.1673374124550773,2026-03-10T10:33:23.042000,81,,,
participant_05,4,day,Town10HD_Opt,2026-03-10 10:33:24.184874,27.357139587402344,69.03814697265625,0.001586418133229,28.438,-4.749,1.0,0.0,0,0,1,,1.0,2026-03-10T10:33:24.184874,sad,0.649,2026-03-10T10:33:24.184874,0.5924179640413103,2026-03-10T10:33:24.975000,67,,,errors=Solid line crossing
participant_06,3,day,Town10HD_Opt,2026-03-10 10:33:24.221743,91.24929809570312,71.12034606933594,0.0023369980044662,32.032,16.93,0.566,0.0,0,0,1,,0.866,2026-03-10T10:33:24.221743,sad,0.929,2026-03-10T10:33:24.221743,0.2662928479924212,2026-03-10T10:33:24.031000,80,,,
participant_05,4,day,Town10HD_Opt,2026-03-10 10:33:25.110354,33.41130828857422,68.0007095336914,0.0016227340092882,41.552,-7.299,0.609,0.0,0,0,1,,1.0,2026-03-10T10:33:25.110354,sad,0.649,2026-03-10T10:33:24.184874,0.5179730023449075,2026-03-10T10:33:24.975000,68,,,
participant_06,3,day,Town10HD_Opt,2026-03-10 10:33:25.251020,95.99159240722656,74.24794006347656,0.0020005034748464,34.422,19.057,0.489,0.0,0,0,1,,1.0,2026-03-10T10:33:25.251020,sad,0.929,2026-03-10T10:33:24.221743,0.1748243808823817,2026-03-10T10:33:25.069000,82,,,
participant_05,4,day,Town10HD_Opt,2026-03-10 10:33:26.266612,41.4915771484375,64.26484680175781,0.0023342894855886,32.089,-12.275,0.0,0.0,0,0,1,,1.0,2026-03-10T10:33:26.266612,sad,0.56,2026-03-10T10:33:26.266612,0.5270212989907014,2026-03-10T10:33:26.956000,67,,,
participant_06,3,day,Town10HD_Opt,2026-03-10 10:33:26.286305,98.7684555053711,79.58116912841797,0.0020801925566047,34.843,10.329,0.415,0.0,0,0,1,,1.0,2026-03-10T10:33:26.286305,neutral,0.584,2026-03-10T10:33:26.286305,0.1950829222517263,2026-03-10T10:33:26.057000,79,,,
participant_05,4,day,Town10HD_Opt,2026-03-10 10:33:27.189920,44.69871139526367,60.5572624206543,0.0022796248085796,25.746,-26.243,0.404,0.0,0,0,1,,1.0,2026-03-10T10:33:27.189920,sad,0.56,2026-03-10T10:33:26.266612,0.5391027603698715,2026-03-10T10:33:27.946000,68,,,
participant_06,3,day,Town10HD_Opt,2026-03-10 10:33:27.295270,99.53858947753906,85.62173461914062,0.0020534133072942,34.887,6.609,0.437,0.0,0,0,1,,1.0,2026-03-10T10:33:27.295270,neutral,0.584,2026-03-10T10:33:26.286305,0.2228355417519705,2026-03-10T10:33:27.047000,80,,,
participant_05,4,day,Town10HD_Opt,2026-03-10 10:33:28.065543,45.65940475463867,56.17181396484375,0.0020844268146902,25.627,-7.67,0.315,0.0,0,0,1,,0.872,2026-03-10T10:33:28.065543,sad,0.56,2026-03-10T10:33:26.266612,0.559690375933763,2026-03-10T10:33:27.946000,69,,,
participant_06,3,day,Town10HD_Opt,2026-03-10 10:33:28.275382,99.13885498046876,91.78114318847656,0.0020014953333884,36.07,2.506,0.475,0.0,0,0,1,,0.852,2026-03-10T10:33:28.275382,neutral,0.584,2026-03-10T10:33:26.286305,0.1314053871873056,2026-03-10T10:33:28.037000,80,,,
participant_05,4,day,Town10HD_Opt,2026-03-10 10:33:29.212937,45.76730728149414,50.31272506713867,0.0020625304896384,24.804,-5.607,0.472,0.0,0,0,1,,0.885,2026-03-10T10:33:29.212937,sad,0.821,2026-03-10T10:33:29.212937,0.5369956952436727,2026-03-10T10:33:30.016000,70,,,
participant_06,3,day,Town10HD_Opt,2026-03-10 10:33:29.237265,98.09547424316406,98.11515045166016,0.0020034790504723,37.352,2.315,0.471,0.0,0,0,1,,1.0,2026-03-10T10:33:29.237265,happy,0.851,2026-03-10T10:33:29.237265,0.0859560014556894,2026-03-10T10:33:29.027000,80,,,
participant_05,4,day,Town10HD_Opt,2026-03-10 10:33:30.134486,45.18678283691406,45.75400161743164,0.0019125747494399,28.347,-3.931,0.552,0.0,0,0,1,,1.0,2026-03-10T10:33:30.134486,sad,0.821,2026-03-10T10:33:29.212937,0.6111488672445284,2026-03-10T10:33:30.961000,71,,,
participant_06,3,day,Town10HD_Opt,2026-03-10 10:33:30.235362,96.5157470703125,104.54557037353516,0.0020110320765525,38.4,3.839,0.471,0.0,0,0,1,,1.0,2026-03-10T10:33:30.235362,happy,0.851,2026-03-10T10:33:29.237265,0.0988580078122269,2026-03-10T10:33:30.062000,81,,,
participant_05,4,day,Town10HD_Opt,2026-03-10 10:33:31.028076,44.59319686889648,40.49116897583008,0.0019446563674136,32.037,14.295,0.538,0.0,0,0,1,,1.0,2026-03-10T10:33:31.028076,sad,0.821,2026-03-10T10:33:29.212937,0.6491245003446763,2026-03-10T10:33:30.961000,69,,,
participant_06,3,day,Town10HD_Opt,2026-03-10 10:33:31.163710,94.11661529541016,110.8935317993164,0.002018546918407,39.263,5.066,0.472,0.0,0,0,1,,0.832,2026-03-10T10:33:31.163710,happy,0.851,2026-03-10T10:33:29.237265,0.1203159219441684,2026-03-10T10:33:31.052000,81,,,
participant_06,3,day,Town10HD_Opt,2026-03-10 10:33:32.092126,90.64521026611328,116.87770080566406,0.0020261763129383,39.949,6.054,0.471,0.0,0,0,1,,1.0,2026-03-10T10:33:32.092126,neutral,0.505,2026-03-10T10:33:32.092126,0.1499428117377337,2026-03-10T10:33:32.042000,82,,,
participant_05,4,day,Town10HD_Opt,2026-03-10 10:33:32.163990,46.91835403442383,33.142364501953125,0.0020330047700554,34.637,17.876,0.495,0.0,0,0,1,,1.0,2026-03-10T10:33:32.163990,neutral,0.936,2026-03-10T10:33:32.163990,0.5914315056244351,2026-03-10T10:33:32.041000,67,,,
participant_06,3,day,Town10HD_Opt,2026-03-10 10:33:33.005966,86.00150299072266,122.14701080322266,0.0020315933506935,40.499,6.291,0.47,0.0,0,0,1,,1.0,2026-03-10T10:33:33.005966,neutral,0.505,2026-03-10T10:33:32.092126,0.1865729205327647,2026-03-10T10:33:33.032000,80,,,
participant_05,4,day,Town10HD_Opt,2026-03-10 10:33:33.060232,51.26887512207031,29.27033805847168,0.0022580719087272,30.572,12.524,0.0,0.0,0,0,1,,0.819,2026-03-10T10:33:33.060232,neutral,0.936,2026-03-10T10:33:32.163990,0.6647232798558578,2026-03-10T10:33:33.121000,66,,,
participant_05,4,day,Town10HD_Opt,2026-03-10 10:33:34.180354,56.96379089355469,27.216217041015625,0.0022390745580196,21.814,5.259,0.264,0.0,0,0,1,,1.0,2026-03-10T10:33:34.180354,neutral,0.835,2026-03-10T10:33:34.180354,0.5422085816871196,2026-03-10T10:33:35.011000,67,Solid line crossing,Solid line crossing,
participant_06,3,day,Town10HD_Opt,2026-03-10 10:33:34.208621,78.16594696044922,127.47789001464844,0.0020373535808175,41.098,6.646,0.47,0.0,0,0,1,,1.0,2026-03-10T10:33:34.208621,neutral,0.678,2026-03-10T10:33:34.208621,0.2048354963240753,2026-03-10T10:33:34.023000,78,,,
participant_05,4,day,Town10HD_Opt,2026-03-10 10:33:35.058767,60.53768539428711,26.415834426879883,0.0020978164393454,20.092,-0.837,0.269,0.0,0,0,1,phone_call,0.972,2026-03-10T10:33:35.058767,neutral,0.835,2026-03-10T10:33:34.180354,0.5573959203898753,2026-03-10T10:33:35.011000,66,,,
participant_06,3,day,Town10HD_Opt,2026-03-10 10:33:35.145255,71.36434936523438,129.82862854003906,0.0020395659375935,41.396,6.566,0.468,0.0,0,0,1,,1.0,2026-03-10T10:33:35.145255,neutral,0.678,2026-03-10T10:33:34.208621,0.1236908034370807,2026-03-10T10:33:35.057000,79,,,
participant_06,3,day,Town10HD_Opt,2026-03-10 10:33:36.081066,64.2047348022461,130.63189697265625,0.0020891570020467,40.548,2.967,0.362,0.0,0,0,1,,1.0,2026-03-10T10:33:36.081066,neutral,0.678,2026-03-10T10:33:34.208621,0.2524977467713692,2026-03-10T10:33:36.092000,79,,,
participant_05,4,day,Town10HD_Opt,2026-03-10 10:33:36.203124,65.01539611816406,25.50853538513184,0.0020526503212749,19.311,4.452,0.231,0.0,0,0,1,,0.809,2026-03-10T10:33:36.203124,neutral,0.899,2026-03-10T10:33:36.203124,0.6225553018049642,2026-03-10T10:33:36.946000,69,,,
participant_06,3,day,Town10HD_Opt,2026-03-10 10:33:37.012094,57.26508712768555,130.64096069335938,0.0021075056865811,38.56,-0.562,0.365,0.0,0,0,1,,1.0,2026-03-10T10:33:37.012094,happy,0.976,2026-03-10T10:33:37.012094,0.2357088597874649,2026-03-10T10:33:37.037000,81,,,
participant_05,4,day,Town10HD_Opt,2026-03-10 10:33:37.088508,68.26142883300781,25.11799049377441,0.0020484160631895,18.231,0.305,0.24,0.0,0,0,1,,1.0,2026-03-10T10:33:37.088508,neutral,0.899,2026-03-10T10:33:36.203124,0.5928883330838957,2026-03-10T10:33:36.946000,70,,,
participant_05,4,day,Town10HD_Opt,2026-03-10 10:33:38.238070,72.45003509521484,24.69887924194336,0.0018515014089643,17.787,4.202,0.18,0.0,0,0,1,,1.0,2026-03-10T10:33:38.238070,neutral,0.694,2026-03-10T10:33:38.238070,0.5824290525537649,2026-03-10T10:33:38.971000,67,,,
participant_06,3,day,Town10HD_Opt,2026-03-10 10:33:38.263723,48.38793182373047,130.6024627685547,0.0020385740790516,38.023,-0.002,0.439,0.0,0,0,1,,1.0,2026-03-10T10:33:38.263723,happy,0.976,2026-03-10T10:33:37.012094,0.18047206661138,2026-03-10T10:33:38.027000,80,,,
participant_05,4,day,Town10HD_Opt,2026-03-10 10:33:39.085155,75.34764862060547,24.60605430603028,0.0020396423060446,14.513,2.341,0.0,0.0,0,0,1,,0.96,2026-03-10T10:33:39.085155,neutral,0.694,2026-03-10T10:33:38.238070,0.5468043497054335,2026-03-10T10:33:38.971000,68,,,
participant_06,3,day,Town10HD_Opt,2026-03-10 10:33:39.262565,41.71437072753906,130.474853515625,0.0020363999065011,38.236,-0.002,0.436,0.0,0,0,1,,1.0,2026-03-10T10:33:39.262565,happy,0.924,2026-03-10T10:33:39.262565,0.3119547466549317,2026-03-10T10:33:39.062000,81,,,
participant_05,4,day,Town10HD_Opt,2026-03-10 10:33:40.194066,78.07107543945312,24.575233459472656,0.0021215819288045,7.444,0.261,0.0,0.555,0,0,1,,1.0,2026-03-10T10:33:40.194066,neutral,0.694,2026-03-10T10:33:38.238070,0.554252549503064,2026-03-10T10:33:40.951000,70,,,
participant_06,3,day,Town10HD_Opt,2026-03-10 10:33:40.197024,35.011619567871094,130.3548126220703,0.0020391081925481,38.359,-0.296,0.435,0.0,0,0,1,,1.0,2026-03-10T10:33:40.197024,happy,0.924,2026-03-10T10:33:39.262565,0.2574509981274021,2026-03-10T10:33:40.051000,80,,,
participant_05,4,day,Town10HD_Opt,2026-03-10 10:33:41.026925,78.60496520996094,24.569339752197266,0.0020765303634107,0.0,0.686,0.0,0.109,0,0,1,,1.0,2026-03-10T10:33:41.026925,fear,0.45,2026-03-10T10:33:41.026925,0.6508075821438755,2026-03-10T10:33:40.951000,69,,,
participant_06,3,day,Town10HD_Opt,2026-03-10 10:33:41.165730,28.289894104003903,130.29127502441406,0.0020400618668645,38.442,-0.456,0.435,0.0,0,0,1,,1.0,2026-03-10T10:33:41.165730,happy,0.924,2026-03-10T10:33:39.262565,0.2490362344188809,2026-03-10T10:33:41.042000,81,,,
participant_06,3,day,Town10HD_Opt,2026-03-10 10:33:42.135957,21.553688049316406,130.31369018554688,0.0020404814276844,38.522,-0.207,0.435,0.0,0,0,1,,1.0,2026-03-10T10:33:42.135957,happy,0.998,2026-03-10T10:33:42.135957,0.235227543952196,2026-03-10T10:33:42.031000,81,,,
participant_05,4,day,Town10HD_Opt,2026-03-10 10:33:42.171508,78.6113510131836,24.56933212280273,0.0019205474527552,0.026,0.115,0.0,0.0,0,0,1,,1.0,2026-03-10T10:33:42.171508,fear,0.45,2026-03-10T10:33:41.026925,0.6303553791569514,2026-03-10T10:33:42.977000,70,,,
participant_05,4,day,Town10HD_Opt,2026-03-10 10:33:43.035094,78.62751770019531,24.56916236877441,0.0019011687254533,0.323,0.115,0.0,0.0,0,0,1,,1.0,2026-03-10T10:33:43.035094,neutral,0.49,2026-03-10T10:33:43.035094,0.640637120265265,2026-03-10T10:33:42.977000,70,,,
participant_06,3,day,Town10HD_Opt,2026-03-10 10:33:43.061664,14.805374145507812,130.37973022460938,0.0020406723488122,38.59,0.012,0.435,0.0,0,0,1,,1.0,2026-03-10T10:33:43.061664,happy,0.998,2026-03-10T10:33:42.135957,0.2481088868485366,2026-03-10T10:33:43.022000,80,,,
participant_06,3,day,Town10HD_Opt,2026-03-10 10:33:44.134499,8.301908493041992,130.4424591064453,0.0022701644338667,33.341,0.162,0.0,0.0,0,0,1,,1.0,2026-03-10T10:33:44.134499,happy,0.998,2026-03-10T10:33:42.135957,0.3541992554119631,2026-03-10T10:33:44.147000,80,,,
participant_05,4,day,Town10HD_Opt,2026-03-10 10:33:44.137642,78.69691467285156,24.56827735900879,0.0019212722545489,0.248,0.564,0.0,0.0,0,0,1,,0.864,2026-03-10T10:33:44.137642,neutral,0.49,2026-03-10T10:33:43.035094,0.6466354467689993,2026-03-10T10:33:44.956000,72,,,
participant_06,3,day,Town10HD_Opt,2026-03-10 10:33:45.035948,3.0961697101593018,130.46322631835938,0.0022879790049046,25.612,0.381,0.081,0.0,0,0,1,,1.0,2026-03-10T10:33:45.035948,happy,0.971,2026-03-10T10:33:45.035948,0.3425601083028728,2026-03-10T10:33:45.047000,82,,,
participant_05,4,day,Town10HD_Opt,2026-03-10 10:33:45.230212,78.74636840820312,24.5678825378418,0.0019207000732421,0.171,0.559,0.0,0.0,0,0,1,,0.829,2026-03-10T10:33:45.230212,neutral,0.786,2026-03-10T10:33:45.230212,0.7063700704773547,2026-03-10T10:33:45.991000,71,,,
participant_06,3,day,Town10HD_Opt,2026-03-10 10:33:46.004770,-0.961094319820404,130.44285583496094,0.0022037124726921,20.501,0.381,0.098,0.0,0,0,1,,1.0,2026-03-10T10:33:46.004770,happy,0.971,2026-03-10T10:33:45.035948,0.3746875955467961,2026-03-10T10:33:46.037000,82,,,
participant_05,4,day,Town10HD_Opt,2026-03-10 10:33:46.048365,78.77357482910156,24.56767845153809,0.0019203948322683,0.131,0.559,0.0,0.0,0,0,1,,0.877,2026-03-10T10:33:46.048365,neutral,0.786,2026-03-10T10:33:45.230212,0.6875398818549279,2026-03-10T10:33:45.991000,73,,,
participant_05,4,day,Town10HD_Opt,2026-03-10 10:33:47.156194,78.80029296875,24.567413330078125,0.0019200515234842,0.091,0.559,0.0,0.0,0,0,1,,0.902,2026-03-10T10:33:47.156194,neutral,0.786,2026-03-10T10:33:45.230212,0.6896922567219901,2026-03-10T10:33:47.971000,71,,,
participant_06,3,day,Town10HD_Opt,2026-03-10 10:33:47.235685,-5.23595142364502,130.38412475585938,0.0019763563759624,16.298,0.362,0.083,0.0,0,0,1,,1.0,2026-03-10T10:33:47.235685,happy,0.989,2026-03-10T10:33:47.235685,0.3142395664563635,2026-03-10T10:33:47.027000,82,,,
participant_06,3,day,Town10HD_Opt,2026-03-10 10:33:48.178859,-7.880488872528076,130.331787109375,0.0019992827437818,13.771,0.099,0.082,0.0,0,0,1,,1.0,2026-03-10T10:33:48.178859,happy,0.989,2026-03-10T10:33:47.235685,0.3824788603399804,2026-03-10T10:33:48.062000,81,,,
participant_05,4,day,Town10HD_Opt,2026-03-10 10:33:48.245752,78.819091796875,24.567277908325195,0.0019197082147002,0.062,0.585,0.0,0.0,0,0,1,,1.0,2026-03-10T10:33:48.245752,happy,0.972,2026-03-10T10:33:48.245752,0.7172081811920413,2026-03-10T10:33:48.961000,69,,,
participant_05,4,day,Town10HD_Opt,2026-03-10 10:33:49.065256,78.82942962646484,24.567195892333984,0.001919517526403,0.047,0.595,0.0,0.0,0,0,1,,1.0,2026-03-10T10:33:49.065256,happy,0.972,2026-03-10T10:33:48.245752,0.7257868362519057,2026-03-10T10:33:48.961000,68,,,
participant_06,3,day,Town10HD_Opt,2026-03-10 10:33:49.106892,-10.582748413085938,130.28196716308594,0.0018932342063635,19.28,-0.125,0.745,0.0,0,0,1,,1.0,2026-03-10T10:33:49.106892,happy,0.989,2026-03-10T10:33:47.235685,0.3656800142463609,2026-03-10T10:33:49.052000,79,,,
participant_06,3,day,Town10HD_Opt,2026-03-10 10:33:50.082844,-14.5504150390625,130.2108917236328,0.0017471694154664,28.205,0.056,0.726,0.0,0,0,1,,1.0,2026-03-10T10:33:50.082844,happy,1.0,2026-03-10T10:33:50.082844,0.3193034328365506,2026-03-10T10:33:50.042000,81,,,
participant_05,4,day,Town10HD_Opt,2026-03-10 10:33:50.133114,78.83958435058594,24.567184448242188,0.0019193649059161,0.032,0.597,0.0,0.0,0,0,1,,1.0,2026-03-10T10:33:50.133114,happy,0.972,2026-03-10T10:33:48.245752,0.7553851128788607,2026-03-10T10:33:50.941000,61,Solid line crossing,Solid line crossing,
participant_06,3,day,Town10HD_Opt,2026-03-10 10:33:51.022823,-20.08559799194336,130.1038055419922,0.0017710876418277,35.726,0.056,0.654,0.0,0,0,1,,1.0,2026-03-10T10:33:51.022823,happy,1.0,2026-03-10T10:33:50.082844,0.3028127556699425,2026-03-10T10:33:51.032000,82,,,
participant_05,4,day,Town10HD_Opt,2026-03-10 10:33:51.226265,78.84671783447266,24.567176818847656,0.0019193267216905,0.022,0.602,0.0,0.0,0,0,1,,1.0,2026-03-10T10:33:51.226265,happy,1.0,2026-03-10T10:33:51.226265,0.6794101171544236,2026-03-10T10:33:51.976000,59,,,
participant_05,4,day,Town10HD_Opt,2026-03-10 10:33:52.045558,78.84962463378906,24.56717300415039,0.0019190596649423,0.003,0.602,0.0,0.0,0,0,1,,1.0,2026-03-10T10:33:52.045558,happy,1.0,2026-03-10T10:33:51.226265,0.5376289765514095,2026-03-10T10:33:51.976000,58,,,
participant_06,3,day,Town10HD_Opt,2026-03-10 10:33:52.228248,-29.04739189147949,129.87582397460938,0.0020609663333743,38.421,6.239,0.315,0.0,0,0,1,,1.0,2026-03-10T10:33:52.228248,happy,0.994,2026-03-10T10:33:52.228248,0.3612514521307989,2026-03-10T10:33:52.067000,81,,,
participant_06,3,day,Town10HD_Opt,2026-03-10 10:33:53.172184,-35.378440856933594,128.58445739746094,0.0021645736414939,35.408,14.538,0.327,0.0,0,0,1,,0.911,2026-03-10T10:33:53.172184,happy,0.994,2026-03-10T10:33:52.228248,0.388096544162403,2026-03-10T10:33:53.057000,83,,,
participant_05,4,day,Town10HD_Opt,2026-03-10 10:33:53.175964,78.84989929199219,24.56717300415039,0.0019191741012036,0.005,0.62,0.0,0.0,0,0,1,,1.0,2026-03-10T10:33:53.175964,happy,1.0,2026-03-10T10:33:51.226265,0.4435337551119904,2026-03-10T10:33:53.956000,62,,,
participant_05,4,day,Town10HD_Opt,2026-03-10 10:33:54.061170,78.85015106201172,24.56717300415039,0.0019190978491678,0.006,0.625,0.0,0.0,0,0,1,,0.905,2026-03-10T10:33:54.061170,happy,1.0,2026-03-10T10:33:54.061170,0.4692970127815287,2026-03-10T10:33:53.956000,61,,,
participant_06,3,day,Town10HD_Opt,2026-03-10 10:33:54.139205,-40.1140022277832,125.073974609375,0.0021702956873923,32.771,18.603,0.341,0.0,0,0,1,,1.0,2026-03-10T10:33:54.139205,happy,0.994,2026-03-10T10:33:52.228248,0.4021545855169118,2026-03-10T10:33:54.047000,82,,,
participant_06,3,day,Town10HD_Opt,2026-03-10 10:33:55.097294,-42.38690185546875,120.05696868896484,0.0021482086740434,30.927,17.661,0.343,0.0,0,0,1,,1.0,2026-03-10T10:33:55.097294,neutral,0.802,2026-03-10T10:33:55.097294,0.3680244248341693,2026-03-10T10:33:55.036000,83,,,
participant_05,4,day,Town10HD_Opt,2026-03-10 10:33:55.139332,78.85025787353516,24.56717300415039,0.0019192122854292,0.006,0.625,0.0,0.0,0,0,1,,0.948,2026-03-10T10:33:55.139332,happy,1.0,2026-03-10T10:33:54.061170,0.4496342344287113,2026-03-10T10:33:55.982000,66,,,
participant_06,3,day,Town10HD_Opt,2026-03-10 10:33:56.101706,-42.80267333984375,114.74108123779295,0.0020802307408303,30.022,1.227,0.342,0.0,0,0,1,,1.0,2026-03-10T10:33:56.101706,neutral,0.802,2026-03-10T10:33:55.097294,0.3294531631008321,2026-03-10T10:33:56.027000,84,,,
participant_05,4,day,Town10HD_Opt,2026-03-10 10:33:56.232947,79.2371826171875,24.564584732055664,0.0017988967010751,4.176,0.625,0.0,0.0,0,0,1,,1.0,2026-03-10T10:33:56.232947,sad,0.624,2026-03-10T10:33:56.232947,0.4433170653287663,2026-03-10T10:33:56.971000,67,,,
participant_06,3,day,Town10HD_Opt,2026-03-10 10:33:57.092896,-42.79050064086914,109.48444366455078,0.0020045088604092,30.763,3.778,0.451,0.0,0,0,1,,1.0,2026-03-10T10:33:57.092896,neutral,0.802,2026-03-10T10:33:55.097294,0.365535166845388,2026-03-10T10:33:57.062000,84,,,
participant_05,4,day,Town10HD_Opt,2026-03-10 10:33:57.099422,79.9023666381836,24.56132698059082,0.0019449996761977,3.3,0.63,0.0,0.0,0,0,1,,1.0,2026-03-10T10:33:57.099422,sad,0.624,2026-03-10T10:33:56.232947,0.5225784765516192,2026-03-10T10:33:56.971000,66,,,
participant_06,3,day,Town10HD_Opt,2026-03-10 10:33:58.086459,-42.35383605957031,104.07091522216795,0.0020635223481804,30.719,-0.804,0.319,0.0,0,0,1,,1.0,2026-03-10T10:33:58.086459,angry,0.563,2026-03-10T10:33:58.086459,0.3829188042815067,2026-03-10T10:33:58.052000,85,,,
participant_05,4,day,Town10HD_Opt,2026-03-10 10:33:58.207528,80.55958557128906,24.559720993041992,0.001941337599419,2.319,0.632,0.0,0.0,0,0,1,,1.0,2026-03-10T10:33:58.207528,sad,0.624,2026-03-10T10:33:56.232947,0.4296890703465221,2026-03-10T10:33:58.996000,67,,,
participant_06,3,day,Town10HD_Opt,2026-03-10 10:33:59.042935,-41.9819221496582,98.82106018066406,0.0020828247070312,29.43,-1.144,0.343,0.0,0,0,1,,1.0,2026-03-10T10:33:59.042935,angry,0.563,2026-03-10T10:33:58.086459,0.3421350999572453,2026-03-10T10:33:59.042000,83,,,
participant_05,4,day,Town10HD_Opt,2026-03-10 10:33:59.061751,80.92089080810547,24.55943298339844,0.0019361113663762,1.781,0.658,0.0,0.0,0,0,1,,1.0,2026-03-10T10:33:59.061751,happy,0.866,2026-03-10T10:33:59.061751,0.521215417709859,2026-03-10T10:33:58.996000,67,,,
participant_06,3,day,Town10HD_Opt,2026-03-10 10:34:00.010465,-41.77849197387695,93.7405776977539,0.0020665740594267,28.692,-1.403,0.343,0.0,0,0,1,,1.0,2026-03-10T10:34:00.010465,angry,0.563,2026-03-10T10:33:58.086459,0.358851793609573,2026-03-10T10:34:00.032000,85,,,
participant_05,4,day,Town10HD_Opt,2026-03-10 10:34:00.170798,80.9634780883789,24.55937385559082,0.0019237899687141,0.0,0.679,0.0,0.512,0,0,1,,1.0,2026-03-10T10:34:00.170798,happy,0.866,2026-03-10T10:33:59.061751,0.4870482120063318,2026-03-10T10:34:00.977000,67,,,
participant_05,4,day,Town10HD_Opt,2026-03-10 10:34:01.025014,80.9634780883789,24.55937385559082,0.0019200897077098,0.0,0.679,0.0,0.0,0,0,1,,1.0,2026-03-10T10:34:01.025014,happy,0.866,2026-03-10T10:33:59.061751,0.4460698162014582,2026-03-10T10:34:00.977000,69,,,
participant_06,3,day,Town10HD_Opt,2026-03-10 10:34:01.310199,-41.77481842041016,87.14423370361328,0.0020636366680264,27.843,0.51,0.337,0.0,0,0,1,,1.0,2026-03-10T10:34:01.310199,neutral,0.686,2026-03-10T10:34:01.310199,0.3848647684553041,2026-03-10T10:34:01.022000,84,,,
participant_05,4,day,Town10HD_Opt,2026-03-10 10:34:02.154876,80.9634780883789,24.55937385559082,0.001919021597132,0.0,0.78,0.0,0.0,0,0,1,,1.0,2026-03-10T10:34:02.154876,happy,1.0,2026-03-10T10:34:02.154876,0.4227959482650634,2026-03-10T10:34:02.956000,66,,,
participant_06,3,day,Town10HD_Opt,2026-03-10 10:34:02.248778,-41.66038513183594,82.33145141601562,0.0020631407387554,27.256,6.469,0.376,0.0,0,0,1,,1.0,2026-03-10T10:34:02.248778,neutral,0.686,2026-03-10T10:34:01.310199,0.3935815530301826,2026-03-10T10:34:02.057000,85,,,
participant_05,4,day,Town10HD_Opt,2026-03-10 10:34:03.038132,80.9634780883789,24.55937385559082,0.001919021597132,0.0,0.576,0.0,0.0,0,0,1,,1.0,2026-03-10T10:34:03.038132,happy,1.0,2026-03-10T10:34:02.154876,0.4221944511576059,2026-03-10T10:34:02.956000,66,,,
participant_06,3,day,Town10HD_Opt,2026-03-10 10:34:03.237713,-40.82722091674805,77.647705078125,0.0020515441428869,27.298,11.004,0.377,0.0,0,0,1,,0.873,2026-03-10T10:34:03.237713,neutral,0.686,2026-03-10T10:34:01.310199,0.3343884911097586,2026-03-10T10:34:03.047000,86,,,
participant_05,4,day,Town10HD_Opt,2026-03-10 10:34:04.138057,80.9634780883789,24.55937385559082,0.001919021597132,0.0,1.354,0.0,0.0,0,0,1,,1.0,2026-03-10T10:34:04.138057,happy,1.0,2026-03-10T10:34:02.154876,0.5572859595499344,2026-03-10T10:34:04.982000,65,,,
participant_06,3,day,Town10HD_Opt,2026-03-10 10:34:04.212636,-38.61397552490234,73.49687194824219,0.0020848081912845,27.199,21.335,0.406,0.0,0,0,1,,1.0,2026-03-10T10:34:04.212636,neutral,0.783,2026-03-10T10:34:04.212636,0.3626379905801791,2026-03-10T10:34:04.037000,83,,,
participant_05,4,day,Town10HD_Opt,2026-03-10 10:34:05.019138,81.0767822265625,24.569355010986328,0.0017465590499341,3.794,13.511,0.9,0.0,0,0,1,,1.0,2026-03-10T10:34:05.019138,neutral,0.458,2026-03-10T10:34:05.019138,0.5084248848922056,2026-03-10T10:34:04.982000,64,,,
participant_06,3,day,Town10HD_Opt,2026-03-10 10:34:05.192618,-34.726890563964844,70.84196472167969,0.0020890426822006,27.401,20.912,0.394,0.0,0,0,1,,1.0,2026-03-10T10:34:05.192618,neutral,0.783,2026-03-10T10:34:04.212636,0.3903154392831329,2026-03-10T10:34:05.027000,86,,,
participant_05,4,day,Town10HD_Opt,2026-03-10 10:34:06.115063,83.41062927246094,24.78875160217285,0.0019415282877162,11.173,2.344,0.0,0.0,0,0,1,,1.0,2026-03-10T10:34:06.115063,neutral,0.458,2026-03-10T10:34:05.019138,0.4843713939723296,2026-03-10T10:34:06.961000,66,,,
participant_06,3,day,Town10HD_Opt,2026-03-10 10:34:06.173406,-30.01716041564941,69.7898178100586,0.0020391081925481,27.949,5.451,0.386,0.0,0,0,1,,0.83,2026-03-10T10:34:06.173406,neutral,0.783,2026-03-10T10:34:04.212636,0.4045804099750025,2026-03-10T10:34:06.062000,86,,,
participant_06,3,day,Town10HD_Opt,2026-03-10 10:34:07.119556,-25.12041664123535,69.5311279296875,0.0020374679006636,28.295,6.035,0.388,0.0,0,0,1,,1.0,2026-03-10T10:34:07.119556,neutral,0.794,2026-03-10T10:34:07.119556,0.3902921548092813,2026-03-10T10:34:07.052000,85,,,
participant_05,4,day,Town10HD_Opt,2026-03-10 10:34:07.238223,85.73690032958984,25.00320243835449,0.0011063002748414,12.737,-2.353,0.997,0.0,0,0,1,,1.0,2026-03-10T10:34:07.238223,sad,0.847,2026-03-10T10:34:07.238223,0.3777592281936838,2026-03-10T10:34:07.952000,65,,,errors=Vehicle-pedestrian collision
participant_05,4,day,Town10HD_Opt,2026-03-10 10:34:08.089239,89.03240203857422,25.17086601257324,0.0011698531452566,26.364,-2.4,1.0,0.0,0,0,1,,1.0,2026-03-10T10:34:08.089239,sad,0.847,2026-03-10T10:34:07.238223,0.4458002160666021,2026-03-10T10:34:07.952000,64,,,
participant_06,3,day,Town10HD_Opt,2026-03-10 10:34:08.101887,-20.1519718170166,69.85294342041016,0.0020302198827266,28.709,-1.528,0.397,0.0,0,0,1,,0.853,2026-03-10T10:34:08.101887,neutral,0.794,2026-03-10T10:34:07.119556,0.3963874114423705,2026-03-10T10:34:08.042000,82,,,
participant_06,3,day,Town10HD_Opt,2026-03-10 10:34:09.109989,-15.092673301696776,70.06608581542969,0.0020239257719367,29.285,-1.088,0.402,0.0,0,0,1,,1.0,2026-03-10T10:34:09.109989,neutral,0.794,2026-03-10T10:34:07.119556,0.3949669671259159,2026-03-10T10:34:09.032000,83,,,
participant_05,4,day,Town10HD_Opt,2026-03-10 10:34:09.175621,97.2768325805664,23.96985626220703,0.0016886901576071,45.392,-16.201,0.931,0.0,0,0,1,,1.0,2026-03-10T10:34:09.175621,sad,0.847,2026-03-10T10:34:07.238223,0.4377952411952504,2026-03-10T10:34:09.976000,67,,,
participant_05,4,day,Town10HD_Opt,2026-03-10 10:34:09.996359,103.64349365234376,18.436222076416016,0.001858253381215,50.909,-11.764,0.0,0.132,0,0,1,,1.0,2026-03-10T10:34:09.996359,happy,0.84,2026-03-10T10:34:09.996359,0.46128604492821,2026-03-10T10:34:09.976000,67,,,
participant_06,3,day,Town10HD_Opt,2026-03-10 10:34:10.077470,-9.927358627319336,70.13003540039062,0.0020251465030014,29.901,-1.504,0.402,0.0,0,0,1,,1.0,2026-03-10T10:34:10.077470,happy,0.967,2026-03-10T10:34:10.077470,0.3518356738909852,2026-03-10T10:34:10.023000,87,,,
participant_05,4,day,Town10HD_Opt,2026-03-10 10:34:11.101581,106.85195922851562,7.434993267059326,0.0019654082134366,50.626,5.264,0.0,0.0,0,0,1,,1.0,2026-03-10T10:34:11.101581,happy,0.84,2026-03-10T10:34:09.996359,0.4441067024862978,2026-03-10T10:34:11.956000,68,,,
participant_06,3,day,Town10HD_Opt,2026-03-10 10:34:11.109998,-4.670065879821777,70.02503204345703,0.0020270538516342,30.361,0.251,0.402,0.0,0,0,1,,1.0,2026-03-10T10:34:11.109998,happy,0.967,2026-03-10T10:34:10.077470,0.4398293573428959,2026-03-10T10:34:11.058000,84,,,
participant_06,3,day,Town10HD_Opt,2026-03-10 10:34:12.096798,0.6640340089797974,69.91592407226562,0.0020331190899014,30.68,0.261,0.367,0.0,0,0,1,,1.0,2026-03-10T10:34:12.096798,happy,0.981,2026-03-10T10:34:12.096798,0.3693256273895981,2026-03-10T10:34:12.047000,86,,,
participant_05,4,day,Town10HD_Opt,2026-03-10 10:34:12.173976,108.98937225341795,-4.068489074707031,0.0022083662915974,48.632,-2.812,0.985,0.0,0,0,1,,1.0,2026-03-10T10:34:12.173976,happy,0.993,2026-03-10T10:34:12.173976,0.4542279893172155,2026-03-10T10:34:12.991000,69,,,
participant_05,4,day,Town10HD_Opt,2026-03-10 10:34:13.010732,109.64586639404295,-12.828653335571287,0.0021979522425681,48.585,2.028,1.0,0.0,0,0,1,,1.0,2026-03-10T10:34:13.010732,happy,0.993,2026-03-10T10:34:12.173976,0.4824590179968013,2026-03-10T10:34:12.991000,69,,,errors=Solid line crossing
participant_06,3,day,Town10HD_Opt,2026-03-10 10:34:13.049817,5.847841262817383,69.84739685058594,0.0022183225955814,26.715,0.315,0.0,0.0,0,0,1,,1.0,2026-03-10T10:34:13.049817,happy,0.981,2026-03-10T10:34:12.096798,0.3545108012392428,2026-03-10T10:34:13.037000,86,,,
participant_06,3,day,Town10HD_Opt,2026-03-10 10:34:14.033965,9.984405517578123,69.82466888427734,0.0022508620750159,20.5,0.315,0.0,0.0,0,0,1,,1.0,2026-03-10T10:34:14.033965,happy,0.981,2026-03-10T10:34:12.096798,0.326380297945827,2026-03-10T10:34:14.028000,86,,,
participant_05,4,day,Town10HD_Opt,2026-03-10 10:34:14.127016,110.52638244628906,-24.36750602722168,0.0020532608032226,49.677,-6.938,1.0,0.0,0,0,1,,1.0,2026-03-10T10:34:14.127016,happy,0.993,2026-03-10T10:34:12.173976,0.6065585326460661,2026-03-10T10:34:14.971000,74,,,
participant_06,3,day,Town10HD_Opt,2026-03-10 10:34:15.205233,13.986888885498049,69.83297729492188,0.0020426558330655,14.194,0.362,0.0,0.0,0,0,1,,1.0,2026-03-10T10:34:15.205233,happy,0.975,2026-03-10T10:34:15.205233,0.3640387436667741,2026-03-10T10:34:15.062000,85,,,
participant_05,4,day,Town10HD_Opt,2026-03-10 10:34:15.233744,108.32656860351562,-35.88017654418945,0.0018879318377003,52.13,-2.066,0.0,0.213,0,0,1,,1.0,2026-03-10T10:34:15.233744,happy,0.978,2026-03-10T10:34:15.233744,0.6077099180124375,2026-03-10T10:34:15.961000,73,,,
participant_05,4,day,Town10HD_Opt,2026-03-10 10:34:16.052739,105.40753936767578,-44.13909530639648,0.0019987486302852,50.676,-7.316,0.0,0.0,0,0,1,,1.0,2026-03-10T10:34:16.052739,happy,0.978,2026-03-10T10:34:15.233744,0.5919761040758338,2026-03-10T10:34:15.961000,74,,,errors=Solid line crossing
participant_06,3,day,Town10HD_Opt,2026-03-10 10:34:16.174652,16.197813034057617,69.85147094726562,0.0020229339133948,10.743,0.334,0.0,0.0,0,0,1,,1.0,2026-03-10T10:34:16.174652,happy,0.975,2026-03-10T10:34:15.205233,0.3769321395736825,2026-03-10T10:34:16.052000,83,,,
participant_06,3,day,Town10HD_Opt,2026-03-10 10:34:17.083590,17.895944595336914,69.87181854248047,0.0019993591122329,8.37,0.324,0.0,0.0,0,0,1,,0.828,2026-03-10T10:34:17.083590,happy,0.975,2026-03-10T10:34:15.205233,0.4136459745838468,2026-03-10T10:34:17.042000,84,,,
participant_05,4,day,Town10HD_Opt,2026-03-10 10:34:17.131216,98.62570190429688,-53.72653198242188,0.0018921660957857,51.241,-3.976,0.0,0.186,0,0,1,,0.837,2026-03-10T10:34:17.131216,happy,0.978,2026-03-10T10:34:15.233744,0.676075046840617,2026-03-10T10:34:16.953000,74,,,
participant_06,3,day,Town10HD_Opt,2026-03-10 10:34:18.011823,19.20681381225586,69.8906478881836,0.001950302044861,6.953,0.193,0.094,0.0,0,0,1,,1.0,2026-03-10T10:34:18.011823,neutral,0.758,2026-03-10T10:34:18.011823,0.4674449591260844,2026-03-10T10:34:18.032000,83,,,
participant_05,4,day,Town10HD_Opt,2026-03-10 10:34:18.190538,89.60496520996094,-61.34109878540039,0.0021173858549445,49.959,-4.983,0.0,0.124,0,0,1,,1.0,2026-03-10T10:34:18.190538,neutral,0.758,2026-03-10T10:34:18.190538,0.7821721389061717,2026-03-10T10:34:18.976000,73,,,
participant_05,4,day,Town10HD_Opt,2026-03-10 10:34:19.056565,81.81403350830078,-65.26419067382812,0.0018833923386409,51.83,-5.531,0.0,0.222,0,0,1,,1.0,2026-03-10T10:34:19.056565,neutral,0.758,2026-03-10T10:34:18.190538,0.8099385485026764,2026-03-10T10:34:18.976000,75,,,
participant_06,3,day,Town10HD_Opt,2026-03-10 10:34:19.212896,20.6816520690918,69.90602111816406,0.001967430114746,5.291,-0.421,0.0,0.0,0,0,1,,1.0,2026-03-10T10:34:19.212896,neutral,0.758,2026-03-10T10:34:18.011823,0.5312922452048587,2026-03-10T10:34:19.112000,82,,,
participant_06,3,day,Town10HD_Opt,2026-03-10 10:34:20.182060,21.492599487304688,69.91170501708984,0.0019451903644949,4.351,-0.244,0.245,0.0,0,0,1,,1.0,2026-03-10T10:34:20.182060,neutral,0.702,2026-03-10T10:34:20.182060,0.5472314197464212,2026-03-10T10:34:20.058000,80,,,
participant_05,4,day,Town10HD_Opt,2026-03-10 10:34:20.225236,70.3627700805664,-67.73827362060547,0.0021146012004464,49.414,-2.953,1.0,0.0,0,0,1,,1.0,2026-03-10T10:34:20.225236,neutral,0.448,2026-03-10T10:34:20.225236,0.981723029010582,2026-03-10T10:34:20.955000,70,,,
participant_06,3,day,Town10HD_Opt,2026-03-10 10:34:21.005900,22.05394744873047,69.91607666015625,0.0018873214721679,5.127,-0.153,0.092,0.0,0,0,1,,1.0,2026-03-10T10:34:21.005900,neutral,0.702,2026-03-10T10:34:20.182060,0.4671691629763492,2026-03-10T10:34:21.048000,81,,,
participant_05,4,day,Town10HD_Opt,2026-03-10 10:34:21.120992,61.60176086425781,-68.04853057861328,0.0020017242059111,51.064,0.049,0.0,0.106,0,0,1,,1.0,2026-03-10T10:34:21.120992,neutral,0.448,2026-03-10T10:34:20.225236,0.8879831478179835,2026-03-10T10:34:20.955000,72,,,
participant_05,4,day,Town10HD_Opt,2026-03-10 10:34:22.018176,52.90465545654297,-68.09296417236328,0.0019002150511369,51.175,-0.367,0.0,0.148,0,0,1,,1.0,2026-03-10T10:34:22.018176,neutral,0.448,2026-03-10T10:34:20.225236,0.8775586100419588,2026-03-10T10:34:22.082000,72,,,
participant_06,3,day,Town10HD_Opt,2026-03-10 10:34:22.022201,22.92695999145508,69.92243957519531,0.0019290160853415,4.778,-0.113,0.095,0.0,0,0,1,,1.0,2026-03-10T10:34:22.022201,neutral,0.702,2026-03-10T10:34:20.182060,0.6220373541069314,2026-03-10T10:34:22.037000,82,,,
participant_05,4,day,Town10HD_Opt,2026-03-10 10:34:22.998422,44.14690780639648,-68.016357421875,0.0019187163561582,51.087,-0.552,0.0,0.109,0,0,1,,1.0,2026-03-10T10:34:22.998422,sad,0.456,2026-03-10T10:34:22.998422,0.9108908532471092,2026-03-10T10:34:23.028000,70,,,
participant_06,3,day,Town10HD_Opt,2026-03-10 10:34:23.018966,23.75385856628418,69.9281997680664,0.0019005584763363,5.041,-0.113,0.209,0.0,0,0,1,,1.0,2026-03-10T10:34:23.018966,happy,0.971,2026-03-10T10:34:23.018966,0.6375554300736861,2026-03-10T10:34:23.073000,84,,,
participant_06,3,day,Town10HD_Opt,2026-03-10 10:34:24.002733,24.731151580810547,69.93448638916016,0.0018919754074886,6.049,-0.113,0.16,0.0,0,0,1,,1.0,2026-03-10T10:34:24.002733,happy,0.971,2026-03-10T10:34:23.018966,0.7147633303002352,2026-03-10T10:34:24.063000,83,,,
participant_05,4,day,Town10HD_Opt,2026-03-10 10:34:24.261927,32.52346420288086,-67.73651885986328,0.0020421219523996,49.74,-0.157,0.852,0.0,0,0,1,,1.0,2026-03-10T10:34:24.261927,sad,0.456,2026-03-10T10:34:22.998422,0.9500297022531636,2026-03-10T10:34:24.961000,70,,,
participant_05,4,day,Town10HD_Opt,2026-03-10 10:34:25.083958,23.740306854248047,-67.49017333984375,0.0019479751354083,51.182,-0.186,0.0,0.199,0,0,1,,1.0,2026-03-10T10:34:25.083958,sad,0.841,2026-03-10T10:34:25.083958,0.876444643512829,2026-03-10T10:34:24.961000,70,,,
participant_06,3,day,Town10HD_Opt,2026-03-10 10:34:25.240348,26.12321281433105,69.94236755371094,0.001961059635505,5.114,-0.106,0.0,0.0,0,0,1,,0.855,2026-03-10T10:34:25.240348,happy,0.996,2026-03-10T10:34:25.240348,0.617197627696992,2026-03-10T10:34:25.097000,82,,,
participant_06,3,day,Town10HD_Opt,2026-03-10 10:34:26.147494,26.415470123291016,69.94463348388672,0.0019906614907085,0.0,-0.103,0.0,0.231,0,0,1,,1.0,2026-03-10T10:34:26.147494,happy,0.996,2026-03-10T10:34:25.240348,0.602402829609429,2026-03-10T10:34:26.042000,81,,,
participant_05,4,day,Town10HD_Opt,2026-03-10 10:34:26.258197,12.43482494354248,-67.19306182861328,0.0021584320347756,46.125,0.348,0.0,0.0,0,0,1,,1.0,2026-03-10T10:34:26.258197,sad,0.841,2026-03-10T10:34:25.083958,0.8082412689573155,2026-03-10T10:34:26.986000,72,,,
participant_06,3,day,Town10HD_Opt,2026-03-10 10:34:27.049804,26.415666580200195,69.94463348388672,0.0019204712007194,0.165,0.266,0.361,0.0,0,0,1,,0.813,2026-03-10T10:34:27.049804,happy,0.996,2026-03-10T10:34:25.240348,0.6773047731027089,2026-03-10T10:34:27.032000,84,,,
participant_05,4,day,Town10HD_Opt,2026-03-10 10:34:27.088494,5.161953449249268,-67.1444320678711,0.0023620224092155,36.075,0.315,0.0,0.0,0,0,1,,1.0,2026-03-10T10:34:27.088494,sad,0.713,2026-03-10T10:34:27.088494,0.7713365971007852,2026-03-10T10:34:26.986000,73,,,
participant_05,4,day,Town10HD_Opt,2026-03-10 10:34:28.210624,-2.050962448120117,-67.23959350585938,0.0022880935575813,25.837,-0.493,0.0,0.0,0,0,1,,1.0,2026-03-10T10:34:28.210624,sad,0.713,2026-03-10T10:34:27.088494,0.7482271292093634,2026-03-10T10:34:28.966000,71,,,
participant_06,3,day,Town10HD_Opt,2026-03-10 10:34:28.253266,26.91557502746582,69.94754028320312,0.0017968749161809,4.842,-0.016,0.368,0.0,0,0,1,,1.0,2026-03-10T10:34:28.253266,sad,0.427,2026-03-10T10:34:28.253266,0.6728581049027607,2026-03-10T10:34:28.068000,82,,,
participant_05,4,day,Town10HD_Opt,2026-03-10 10:34:29.041604,-6.008172035217285,-67.2933578491211,0.0022181700915098,19.945,1.076,0.094,0.0,0,0,1,,1.0,2026-03-10T10:34:29.041604,sad,0.713,2026-03-10T10:34:27.088494,0.70364094421702,2026-03-10T10:34:28.966000,71,,,
participant_06,3,day,Town10HD_Opt,2026-03-10 10:34:29.254273,28.251447677612305,69.94476318359375,0.0017145538004115,11.13,-3.007,0.483,0.0,0,0,1,,0.812,2026-03-10T10:34:29.254273,sad,0.427,2026-03-10T10:34:28.253266,0.6156348092102898,2026-03-10T10:34:29.057000,81,,,
participant_05,4,day,Town10HD_Opt,2026-03-10 10:34:30.153547,-10.175267219543455,-67.3899917602539,0.0019535445608198,16.741,-0.251,0.273,0.0,0,0,1,,1.0,2026-03-10T10:34:30.153547,sad,0.591,2026-03-10T10:34:30.153547,0.6842286858889934,2026-03-10T10:34:30.991000,67,,,
participant_06,3,day,Town10HD_Opt,2026-03-10 10:34:30.167681,30.61406135559082,69.77440643310547,0.0017765808152034,15.716,-7.033,0.195,0.0,0,0,1,,1.0,2026-03-10T10:34:30.167681,sad,0.427,2026-03-10T10:34:28.253266,0.6325461465967935,2026-03-10T10:34:30.047000,82,,,
participant_05,4,day,Town10HD_Opt,2026-03-10 10:34:30.992048,-13.028095245361328,-67.44306945800781,0.0020206451881676,14.646,-0.007,0.0,0.0,0,0,1,,1.0,2026-03-10T10:34:30.992048,sad,0.591,2026-03-10T10:34:30.153547,0.6587307158404542,2026-03-10T10:34:30.991000,67,,,
participant_06,3,day,Town10HD_Opt,2026-03-10 10:34:31.069465,33.1428108215332,69.33706665039062,0.0020272063557058,12.622,-8.747,0.0,0.0,0,0,1,,0.925,2026-03-10T10:34:31.069465,neutral,0.944,2026-03-10T10:34:31.069465,0.661858129143478,2026-03-10T10:34:31.038000,81,,,
participant_05,4,day,Town10HD_Opt,2026-03-10 10:34:32.112522,-15.945063591003418,-67.5141830444336,0.0020171736832708,10.301,0.411,0.0,0.0,0,0,1,,1.0,2026-03-10T10:34:32.112522,sad,0.591,2026-03-10T10:34:30.153547,0.5548583718372498,2026-03-10T10:34:31.985000,64,,,
participant_06,3,day,Town10HD_Opt,2026-03-10 10:34:32.274186,35.565635681152344,68.56195831298828,0.0020082092378288,8.869,-11.168,0.0,0.0,0,0,1,,0.845,2026-03-10T10:34:32.274186,neutral,0.944,2026-03-10T10:34:31.069465,0.6566576437930018,2026-03-10T10:34:32.073000,84,,,
participant_06,3,day,Town10HD_Opt,2026-03-10 10:34:33.186109,36.81192398071289,67.98744201660156,0.001992683392018,6.541,-11.18,0.016,0.0,0,0,1,,1.0,2026-03-10T10:34:33.186109,angry,0.597,2026-03-10T10:34:33.186109,0.6412589341853593,2026-03-10T10:34:33.108000,82,,,
participant_05,4,day,Town10HD_Opt,2026-03-10 10:34:33.203503,-17.99614715576172,-67.5785903930664,0.0019883345812559,7.242,0.451,0.0,0.0,0,0,1,,1.0,2026-03-10T10:34:33.203503,sad,0.739,2026-03-10T10:34:33.203503,0.648113573991973,2026-03-10T10:34:33.961000,64,,,
participant_05,4,day,Town10HD_Opt,2026-03-10 10:34:34.028583,-19.27650260925293,-67.62422943115234,0.0016622161492705,11.728,0.451,1.0,0.0,0,0,1,,1.0,2026-03-10T10:34:34.028583,sad,0.739,2026-03-10T10:34:33.203503,0.6670846385625636,2026-03-10T10:34:33.961000,64,,,
participant_06,3,day,Town10HD_Opt,2026-03-10 10:34:34.076621,37.70013046264648,67.49502563476562,0.0019781494047492,4.842,-11.18,0.016,0.0,0,0,1,,0.845,2026-03-10T10:34:34.076621,angry,0.597,2026-03-10T10:34:33.186109,0.6434023727302808,2026-03-10T10:34:34.097000,85,,,
participant_05,4,day,Town10HD_Opt,2026-03-10 10:34:35.105528,-24.098854064941406,-67.82794189453125,0.0015217589680105,31.717,0.451,1.0,0.0,0,0,1,,0.852,2026-03-10T10:34:35.105528,sad,0.739,2026-03-10T10:34:33.203503,0.5618485503874192,2026-03-10T10:34:34.952000,67,,,
participant_06,3,day,Town10HD_Opt,2026-03-10 10:34:35.247308,38.47560119628906,67.00154876708984,0.0019561385270208,3.101,-11.18,0.034,0.0,0,0,1,,0.837,2026-03-10T10:34:35.247308,sad,0.527,2026-03-10T10:34:35.247308,0.5969756618236154,2026-03-10T10:34:35.044000,87,,,
participant_06,3,day,Town10HD_Opt,2026-03-10 10:34:36.100073,38.90949249267578,66.69725799560547,0.0018964385380968,3.425,-11.18,0.172,0.0,0,0,1,,1.0,2026-03-10T10:34:36.100073,sad,0.527,2026-03-10T10:34:35.247308,0.6156364516763241,2026-03-10T10:34:36.033000,90,,,
participant_05,4,day,Town10HD_Opt,2026-03-10 10:34:36.179444,-33.70701217651367,-68.36614990234375,0.001554412767291,51.747,-2.28,0.0,0.175,0,0,1,,1.0,2026-03-10T10:34:36.179444,sad,0.731,2026-03-10T10:34:36.179444,0.5270323662762983,2026-03-10T10:34:36.977000,67,,,
participant_05,4,day,Town10HD_Opt,2026-03-10 10:34:37.002395,-42.52217864990234,-68.6071548461914,0.0020751189440488,49.536,-0.31,0.779,0.0,0,0,1,,1.0,2026-03-10T10:34:37.002395,sad,0.731,2026-03-10T10:34:36.179444,0.4747482755502802,2026-03-10T10:34:36.977000,69,,,
participant_06,3,day,Town10HD_Opt,2026-03-10 10:34:37.270613,39.74848175048828,66.048828125,0.0018555831629782,6.086,-11.18,0.243,0.0,0,0,1,,0.828,2026-03-10T10:34:37.270613,sad,0.535,2026-03-10T10:34:37.270613,0.5652991891196772,2026-03-10T10:34:37.068000,93,,,
participant_05,4,day,Town10HD_Opt,2026-03-10 10:34:38.078123,-54.14888000488281,-68.65007019042969,0.0019791030790656,50.372,-0.331,0.764,0.0,0,0,1,,1.0,2026-03-10T10:34:38.078123,sad,0.731,2026-03-10T10:34:36.179444,0.3707038899201377,2026-03-10T10:34:37.965000,67,,,
participant_06,3,day,Town10HD_Opt,2026-03-10 10:34:38.210367,40.65972137451172,65.23916625976562,0.0018273162422701,8.626,-12.04,0.435,0.0,0,0,1,,0.801,2026-03-10T10:34:38.210367,sad,0.535,2026-03-10T10:34:37.270613,0.6254900439964156,2026-03-10T10:34:38.057000,100,,,
participant_05,4,day,Town10HD_Opt,2026-03-10 10:34:39.118317,-65.82936096191406,-68.48355865478516,0.0019264601869508,50.914,-1.8,0.0,0.115,0,0,1,,0.804,2026-03-10T10:34:39.118317,sad,0.877,2026-03-10T10:34:39.118317,0.438375944553899,2026-03-10T10:34:38.956000,67,,,
participant_06,3,day,Town10HD_Opt,2026-03-10 10:34:39.123492,41.98269271850586,63.79069519042969,0.0017177199479192,14.379,-13.438,0.493,0.0,0,0,1,,1.0,2026-03-10T10:34:39.123492,sad,0.535,2026-03-10T10:34:37.270613,0.5819153715506741,2026-03-10T10:34:39.048000,104,,,
participant_06,3,day,Town10HD_Opt,2026-03-10 10:34:40.050815,43.54486846923828,61.3418083190918,0.0020164106972515,18.248,-14.266,0.412,0.0,0,0,1,,0.899,2026-03-10T10:34:40.050815,sad,0.527,2026-03-10T10:34:40.050815,0.5985684900742627,2026-03-10T10:34:40.038000,103,,,
participant_05,4,day,Town10HD_Opt,2026-03-10 10:34:40.165194,-77.30957794189453,-66.77519226074219,0.0020020676311105,50.693,-6.298,0.0,0.0,0,0,1,,1.0,2026-03-10T10:34:40.165194,sad,0.877,2026-03-10T10:34:39.118317,0.4232937209396836,2026-03-10T10:34:40.981000,64,,,
participant_05,4,day,Town10HD_Opt,2026-03-10 10:34:41.212835,-87.8858642578125,-62.06808471679688,0.0021367263980209,48.974,-3.186,0.731,0.0,0,0,1,,1.0,2026-03-10T10:34:41.212835,sad,0.668,2026-03-10T10:34:41.212835,0.388701146952456,2026-03-10T10:34:41.971000,65,,,
participant_06,3,day,Town10HD_Opt,2026-03-10 10:34:41.223898,44.91252899169922,57.216590881347656,0.0020188521593809,19.434,-14.012,0.326,0.0,0,0,1,,0.856,2026-03-10T10:34:41.223898,sad,0.527,2026-03-10T10:34:40.050815,0.7701877221381115,2026-03-10T10:34:41.072000,107,,,
participant_05,4,day,Town10HD_Opt,2026-03-10 10:34:42.059387,-95.19744873046876,-57.29901123046875,0.0021464538294821,48.918,-5.326,0.731,0.0,0,0,1,,0.924,2026-03-10T10:34:42.059387,sad,0.668,2026-03-10T10:34:41.212835,0.4486463052318123,2026-03-10T10:34:41.971000,64,,,
participant_06,3,day,Town10HD_Opt,2026-03-10 10:34:42.140708,45.0800666809082,53.96107482910156,0.0019189071608707,16.758,-12.023,0.0,0.0,0,0,1,,0.824,2026-03-10T10:34:42.140708,sad,0.56,2026-03-10T10:34:42.140708,0.5667223381092741,2026-03-10T10:34:42.062000,105,Solid line crossing,Solid line crossing,
participant_06,3,day,Town10HD_Opt,2026-03-10 10:34:43.063123,44.85585784912109,51.31713104248047,0.0020405959803611,13.294,-0.952,0.0,0.0,0,0,1,,1.0,2026-03-10T10:34:43.063123,sad,0.56,2026-03-10T10:34:42.140708,0.6817050802537573,2026-03-10T10:34:43.052000,104,,,
participant_05,4,day,Town10HD_Opt,2026-03-10 10:34:43.243570,-103.13883209228516,-48.92123031616211,0.0020406341645866,49.873,-5.262,0.731,0.0,0,0,1,,1.0,2026-03-10T10:34:43.243570,sad,0.757,2026-03-10T10:34:43.243570,0.4187632417271211,2026-03-10T10:34:43.951000,64,,,
participant_05,4,day,Town10HD_Opt,2026-03-10 10:34:44.170520,-107.42491149902344,-41.312870025634766,0.0020662688184529,49.75,-4.518,0.731,0.0,0,0,1,,0.946,2026-03-10T10:34:44.170520,sad,0.757,2026-03-10T10:34:43.243570,0.4560934557386579,2026-03-10T10:34:44.987000,65,,,
participant_06,3,day,Town10HD_Opt,2026-03-10 10:34:44.269624,44.67333221435547,48.71642303466797,0.0020026015117764,9.12,-0.249,0.115,0.0,0,0,1,,1.0,2026-03-10T10:34:44.269624,sad,0.965,2026-03-10T10:34:44.269624,0.653597838615308,2026-03-10T10:34:44.043000,103,,,
participant_05,4,day,Town10HD_Opt,2026-03-10 10:34:45.100703,-110.16799926757812,-33.09214401245117,0.0021413420327007,48.05,-5.061,0.417,0.0,0,0,1,,0.962,2026-03-10T10:34:45.100703,sad,0.757,2026-03-10T10:34:43.243570,0.4779106786062836,2026-03-10T10:34:44.987000,65,,,
participant_06,3,day,Town10HD_Opt,2026-03-10 10:34:45.171691,44.55390548706055,47.10036849975586,0.0018693541642278,9.993,-0.407,0.359,0.0,0,0,1,,1.0,2026-03-10T10:34:45.171691,sad,0.965,2026-03-10T10:34:44.269624,0.6547196154750936,2026-03-10T10:34:45.032000,101,,,
participant_05,4,day,Town10HD_Opt,2026-03-10 10:34:45.990127,-111.18014526367188,-24.888994216918945,0.0021712875459343,44.986,-3.898,0.0,0.0,0,0,1,,0.905,2026-03-10T10:34:45.990127,neutral,0.766,2026-03-10T10:34:45.990127,0.5165142568177475,2026-03-10T10:34:45.976000,67,,,
participant_06,3,day,Town10HD_Opt,2026-03-10 10:34:46.030226,44.386112213134766,44.95695114135742,0.0017419052310287,14.972,-0.374,0.518,0.0,0,0,1,,1.0,2026-03-10T10:34:46.030226,sad,0.965,2026-03-10T10:34:44.269624,0.600029520137198,2026-03-10T10:34:46.068000,101,,,
participant_05,4,day,Town10HD_Opt,2026-03-10 10:34:47.208975,-110.84951782226562,-15.849017143249512,0.0023336792364716,32.212,0.305,0.0,0.0,0,0,1,,0.816,2026-03-10T10:34:47.208975,neutral,0.766,2026-03-10T10:34:45.990127,0.447257008985744,2026-03-10T10:34:47.956000,71,,,
participant_06,3,day,Town10HD_Opt,2026-03-10 10:34:47.278102,44.18828582763672,40.82756423950195,0.0019993591122329,19.34,7.354,0.42,0.0,0,0,1,,0.812,2026-03-10T10:34:47.278102,happy,0.996,2026-03-10T10:34:47.278102,0.6719027750953638,2026-03-10T10:34:47.059000,101,,,
participant_05,4,day,Town10HD_Opt,2026-03-10 10:34:48.143171,-110.59651947021484,-10.781195640563965,0.0022247314918786,26.046,1.011,0.266,0.0,0,0,1,,0.814,2026-03-10T10:34:48.143171,sad,0.783,2026-03-10T10:34:48.143171,0.4036953758145276,2026-03-10T10:34:47.956000,72,,,
participant_06,3,day,Town10HD_Opt,2026-03-10 10:34:48.239461,44.5207405090332,37.31636047363281,0.0019970322027802,21.098,10.386,0.394,0.0,0,0,1,,0.952,2026-03-10T10:34:48.239461,happy,0.996,2026-03-10T10:34:47.278102,0.5700036050201281,2026-03-10T10:34:48.048000,100,,,
participant_05,4,day,Town10HD_Opt,2026-03-10 10:34:48.996567,-110.48056030273438,-6.56658411026001,0.0022148895077407,21.418,0.639,0.347,0.0,0,0,1,,0.816,2026-03-10T10:34:48.996567,sad,0.783,2026-03-10T10:34:48.143171,0.4270926970291545,2026-03-10T10:34:49.036000,74,,,
participant_06,3,day,Town10HD_Opt,2026-03-10 10:34:49.139973,45.70215606689453,33.75442123413086,0.0020306014921516,22.227,18.601,0.432,0.0,0,0,1,,0.92,2026-03-10T10:34:49.139973,happy,0.996,2026-03-10T10:34:47.278102,0.6229598424348057,2026-03-10T10:34:49.037000,98,,,
participant_06,3,day,Town10HD_Opt,2026-03-10 10:34:50.122925,48.21360778808594,30.6064395904541,0.0019766234327107,24.931,18.908,0.511,0.0,0,0,1,,0.84,2026-03-10T10:34:50.122925,neutral,0.835,2026-03-10T10:34:50.122925,0.6434532184463135,2026-03-10T10:34:50.072000,96,,,
participant_05,4,day,Town10HD_Opt,2026-03-10 10:34:50.160483,-110.39424896240234,-1.2111793756484983,0.0016731261275708,29.859,-0.703,0.943,0.0,0,0,1,,1.0,2026-03-10T10:34:50.160483,sad,0.697,2026-03-10T10:34:50.160483,0.4317712514143683,2026-03-10T10:34:50.971000,73,,,
participant_05,4,day,Town10HD_Opt,2026-03-10 10:34:51.007005,-109.89568328857422,5.152976989746094,0.0015965652419254,44.006,-6.552,0.94,0.0,0,0,1,,1.0,2026-03-10T10:34:51.007005,sad,0.697,2026-03-10T10:34:50.160483,0.5405338758485101,2026-03-10T10:34:50.971000,74,,,
participant_06,3,day,Town10HD_Opt,2026-03-10 10:34:51.062359,52.13885116577149,28.348678588867188,0.0020201874431222,26.976,14.33,0.391,0.0,0,0,1,,0.875,2026-03-10T10:34:51.062359,neutral,0.835,2026-03-10T10:34:50.122925,0.7092379637289999,2026-03-10T10:34:51.063000,96,,,
participant_05,4,day,Town10HD_Opt,2026-03-10 10:34:52.198182,-107.22281646728516,15.167752265930176,0.0023331069387495,39.006,-0.726,0.0,0.0,0,0,1,,1.0,2026-03-10T10:34:52.198182,sad,0.625,2026-03-10T10:34:52.198182,0.4442956645576824,2026-03-10T10:34:52.951000,73,,,
participant_06,3,day,Town10HD_Opt,2026-03-10 10:34:52.280986,58.30890655517578,26.79850578308105,0.0020348739344626,27.601,2.487,0.377,0.0,0,0,1,,0.821,2026-03-10T10:34:52.280986,happy,0.803,2026-03-10T10:34:52.280986,0.6689319177447239,2026-03-10T10:34:52.053000,95,,,
participant_05,4,day,Town10HD_Opt,2026-03-10 10:34:53.113947,-104.8786392211914,20.746206283569336,0.00233940128237,29.869,-9.267,0.079,0.0,0,0,1,,1.0,2026-03-10T10:34:53.113947,sad,0.625,2026-03-10T10:34:52.198182,0.4689394556568345,2026-03-10T10:34:52.951000,74,,,
participant_06,3,day,Town10HD_Opt,2026-03-10 10:34:53.206675,63.08646011352539,26.03347396850586,0.0020367812830954,27.758,2.388,0.297,0.0,0,0,1,,1.0,2026-03-10T10:34:53.206675,happy,0.803,2026-03-10T10:34:52.280986,0.6254405411796281,2026-03-10T10:34:53.042000,93,,,
participant_05,4,day,Town10HD_Opt,2026-03-10 10:34:54.033870,-101.96084594726562,24.65927124023437,0.0021448135375976,26.687,-17.828,0.45,0.0,0,0,1,,1.0,2026-03-10T10:34:54.033870,sad,0.625,2026-03-10T10:34:52.198182,0.4921029701093293,2026-03-10T10:34:53.986000,72,,,
participant_06,3,day,Town10HD_Opt,2026-03-10 10:34:54.096069,67.72198486328125,25.56557846069336,0.0021867370232939,24.226,2.36,0.063,0.0,0,0,1,,0.865,2026-03-10T10:34:54.096069,happy,0.803,2026-03-10T10:34:52.280986,0.6315516826423735,2026-03-10T10:34:54.035000,94,,,
participant_06,3,day,Town10HD_Opt,2026-03-10 10:34:55.015250,71.53661346435547,25.357648849487305,0.0022044372744858,19.151,1.325,0.076,0.0,0,0,1,,0.906,2026-03-10T10:34:55.015250,happy,1.0,2026-03-10T10:34:55.015250,0.6656431404508164,2026-03-10T10:34:55.070000,94,,,
participant_05,4,day,Town10HD_Opt,2026-03-10 10:34:55.273312,-96.20808410644533,27.783111572265625,0.0019026183290407,31.825,-11.484,0.659,0.0,0,0,1,,1.0,2026-03-10T10:34:55.273312,happy,0.992,2026-03-10T10:34:55.273312,0.5036272536219532,2026-03-10T10:34:55.966000,71,,,
participant_06,3,day,Town10HD_Opt,2026-03-10 10:34:56.218314,75.5302734375,25.2388858795166,0.002032661344856,14.658,0.945,0.0,0.0,0,0,1,,0.842,2026-03-10T10:34:56.218314,happy,1.0,2026-03-10T10:34:55.015250,0.5942276312641842,2026-03-10T10:34:56.057000,94,,,
participant_05,4,day,Town10HD_Opt,2026-03-10 10:34:56.237381,-90.19208526611328,28.78177833557129,0.0019428634550422,38.742,-4.907,0.686,0.0,0,0,1,,1.0,2026-03-10T10:34:56.237381,happy,0.992,2026-03-10T10:34:55.273312,0.4568103297386021,2026-03-10T10:34:56.958000,71,,,
participant_06,3,day,Town10HD_Opt,2026-03-10 10:34:57.132675,77.81321716308594,25.208534240722656,0.0020261001773178,11.257,1.001,0.0,0.0,0,0,1,,0.85,2026-03-10T10:34:57.132675,happy,0.999,2026-03-10T10:34:57.132675,0.6871059826902449,2026-03-10T10:34:57.048000,93,,,
participant_05,4,day,Town10HD_Opt,2026-03-10 10:34:57.204749,-83.1409683227539,28.774526596069336,0.0021639252081513,38.934,-3.61,0.0,0.0,0,0,1,,1.0,2026-03-10T10:34:57.204749,happy,0.992,2026-03-10T10:34:55.273312,0.4345933771861504,2026-03-10T10:34:57.991000,71,,,errors=Solid line crossing
participant_06,3,day,Town10HD_Opt,2026-03-10 10:34:58.025447,79.5488052368164,25.20517921447754,0.0020329284016042,7.988,1.011,0.0,0.259,0,0,1,,0.827,2026-03-10T10:34:58.025447,happy,0.999,2026-03-10T10:34:57.132675,0.6389155018748502,2026-03-10T10:34:58.038000,93,,,
participant_05,4,day,Town10HD_Opt,2026-03-10 10:34:58.130598,-77.15724182128906,28.10806655883789,0.0023160553537309,29.722,2.805,0.0,0.062,0,0,1,,1.0,2026-03-10T10:34:58.130598,sad,0.489,2026-03-10T10:34:58.130598,0.4289306827919398,2026-03-10T10:34:58.982000,71,,,
participant_05,4,day,Town10HD_Opt,2026-03-10 10:34:59.052071,-72.66686248779297,27.784467697143555,0.0023584747686982,19.91,1.514,0.0,0.662,0,0,1,,1.0,2026-03-10T10:34:59.052071,sad,0.489,2026-03-10T10:34:58.130598,0.3972670888623287,2026-03-10T10:34:58.982000,70,,,errors=Harsh braking
participant_06,3,day,Town10HD_Opt,2026-03-10 10:34:59.193500,80.32261657714844,25.208890914916992,0.0020050047896802,0.0,1.011,0.0,0.22,0,0,1,,1.0,2026-03-10T10:34:59.193500,happy,0.996,2026-03-10T10:34:59.193500,0.6077001724643183,2026-03-10T10:34:59.073000,92,,,
participant_06,4,day,Town10HD_Opt,2026-03-10 10:45:00.000000,-41.70108413696289,85.50296783447266,0.001855659415014,23.041,1.243,0.445,0.0,0,0,1,,1.0,2026-03-10T10:45:00,neutral,0.999,2026-03-10T10:45:00,0.2681265684994515,2026-03-10T10:45:00,85,,,
participant_06,4,day,Town10HD_Opt,2026-03-10 10:45:00.574258,-41.70036697387695,84.14013671875,0.0019131087465211,23.939,1.424,0.853,0.0,0,0,1,,1.0,2026-03-10T10:45:00.574258,neutral,0.999,2026-03-10T10:45:00,0.223578468115054,2026-03-10T10:45:00,82,,,
participant_06,4,day,Town10HD_Opt,2026-03-10 10:45:01.700427,-41.60715103149414,80.9823989868164,0.0017012023599818,30.852,5.749,0.836,0.0,0,0,1,,1.0,2026-03-10T10:45:01.700427,neutral,0.999,2026-03-10T10:45:00,0.2004235876251042,2026-03-10T10:45:00.986000,84,,,
participant_06,4,day,Town10HD_Opt,2026-03-10 10:45:02.784631,-40.87826919555664,77.03101348876953,0.0017512129852548,37.509,18.197,0.723,0.0,0,0,1,,1.0,2026-03-10T10:45:02.784631,neutral,0.925,2026-03-10T10:45:02.784631,0.1859172105628201,2026-03-10T10:45:01.976000,83,,,
participant_06,4,day,Town10HD_Opt,2026-03-10 10:45:03.813551,-38.60906219482422,73.04936218261719,0.0018877792172133,41.335,20.32,0.697,0.0,0,0,1,,1.0,2026-03-10T10:45:03.813551,neutral,0.925,2026-03-10T10:45:02.784631,0.2057499158509057,2026-03-10T10:45:03.146000,84,,,
participant_06,4,day,Town10HD_Opt,2026-03-10 10:45:04.859226,-34.63188552856445,70.14814758300781,0.0019613646436482,43.924,21.194,0.683,0.0,0,0,1,,0.837,2026-03-10T10:45:04.859226,neutral,0.963,2026-03-10T10:45:04.859226,0.2704637067960482,2026-03-10T10:45:03.146000,86,,,
participant_06,4,day,Town10HD_Opt,2026-03-10 10:45:05.914779,-29.511425018310547,69.24652862548828,0.0019379042787477,46.345,9.045,0.671,0.0,0,0,1,,1.0,2026-03-10T10:45:05.914779,neutral,0.963,2026-03-10T10:45:04.859226,0.161624395057998,2026-03-10T10:45:05.937000,89,,,
participant_06,4,day,Town10HD_Opt,2026-03-10 10:45:06.453375,-26.75889015197754,69.41309356689453,0.0018970489036291,48.126,-1.027,0.658,0.0,0,0,1,,1.0,2026-03-10T10:45:06.453375,neutral,0.963,2026-03-10T10:45:04.859226,0.184342722520529,2026-03-10T10:45:05.937000,90,,,
participant_06,4,day,Town10HD_Opt,2026-03-10 10:45:07.474371,-20.98288345336914,69.81639862060547,0.0019129562424495,50.761,-1.73,0.0,0.0,0,0,1,,1.0,2026-03-10T10:45:07.474371,neutral,0.999,2026-03-10T10:45:07.474371,0.2073435774375503,2026-03-10T10:45:06.971000,88,,,
participant_06,4,day,Town10HD_Opt,2026-03-10 10:45:08.488246,-15.216815948486328,69.97518157958984,0.0020562743302434,49.275,-0.207,0.624,0.0,0,0,1,,1.0,2026-03-10T10:45:08.488246,neutral,0.999,2026-03-10T10:45:07.474371,0.1828104283970232,2026-03-10T10:45:07.961000,86,,,
participant_06,4,day,Town10HD_Opt,2026-03-10 10:45:09.524184,-9.36151123046875,70.0552749633789,0.0020129012409597,49.892,-0.421,0.571,0.0,0,0,1,,1.0,2026-03-10T10:45:09.524184,neutral,0.999,2026-03-10T10:45:09.524184,0.1997521677852069,2026-03-10T10:45:08.951000,89,,,
participant_06,4,day,Town10HD_Opt,2026-03-10 10:45:10.523757,-3.6591334342956543,70.07508087158203,0.0021002579014748,48.328,-0.691,0.443,0.0,0,0,1,,1.0,2026-03-10T10:45:10.523757,neutral,0.999,2026-03-10T10:45:09.524184,0.2883524287127533,2026-03-10T10:45:09.942000,89,,,
participant_06,4,day,Town10HD_Opt,2026-03-10 10:45:11.571022,1.7722762823104858,70.01555633544922,0.0022993087768554,43.584,-0.585,0.0,0.0,0,0,1,,1.0,2026-03-10T10:45:11.571022,neutral,0.998,2026-03-10T10:45:11.571022,0.2041793255936944,2026-03-10T10:45:10.932000,88,,,
participant_06,4,day,Town10HD_Opt,2026-03-10 10:45:12.624523,6.441318988800049,69.91429901123047,0.0023645400069653,36.759,0.397,0.0,0.0,0,0,1,,1.0,2026-03-10T10:45:12.624523,neutral,0.998,2026-03-10T10:45:11.571022,0.2325689897854106,2026-03-10T10:45:12.011000,89,,,
participant_06,4,day,Town10HD_Opt,2026-03-10 10:45:13.639422,10.37876796722412,69.85006713867188,0.00232311245054,31.009,0.508,0.0,0.0,0,0,1,,1.0,2026-03-10T10:45:13.639422,neutral,0.999,2026-03-10T10:45:13.639422,0.1497751731790634,2026-03-10T10:45:13.001000,88,,,
participant_06,4,day,Town10HD_Opt,2026-03-10 10:45:14.692055,13.689568519592283,69.82850646972656,0.0022892379201948,25.573,0.573,0.0,0.0,0,0,1,,1.0,2026-03-10T10:45:14.692055,neutral,0.999,2026-03-10T10:45:13.639422,0.1720055564061543,2026-03-10T10:45:14.037000,90,,,
participant_06,4,day,Town10HD_Opt,2026-03-10 10:45:15.743266,16.4766845703125,69.83666229248047,0.0021776198409497,22.865,0.573,0.787,0.0,0,0,1,,1.0,2026-03-10T10:45:15.743266,neutral,1.0,2026-03-10T10:45:15.743266,0.2534103915637729,2026-03-10T10:45:14.937000,91,,,
participant_06,4,day,Town10HD_Opt,2026-03-10 10:45:16.791139,19.40836334228516,69.87088012695312,0.0018239211058244,27.752,0.562,0.671,0.0,0,0,1,,1.0,2026-03-10T10:45:16.791139,neutral,1.0,2026-03-10T10:45:15.743266,0.2828241847206884,2026-03-10T10:45:15.972000,89,,,
participant_06,4,day,Town10HD_Opt,2026-03-10 10:45:17.826695,22.92721176147461,69.9403076171875,0.0018316268688067,32.203,-0.181,0.581,0.0,0,0,1,,1.0,2026-03-10T10:45:17.826695,neutral,1.0,2026-03-10T10:45:17.826695,0.2499594710704338,2026-03-10T10:45:17.006000,89,,,
participant_06,4,day,Town10HD_Opt,2026-03-10 10:45:18.886424,26.86431884765625,69.8733901977539,0.0019056319724768,35.049,-8.811,0.545,0.0,0,0,1,,1.0,2026-03-10T10:45:18.886424,neutral,1.0,2026-03-10T10:45:17.826695,0.2548623968033062,2026-03-10T10:45:17.952000,87,,,errors=Stop sign violation
participant_06,4,day,Town10HD_Opt,2026-03-10 10:45:19.961637,30.937833786010746,69.12876892089844,0.0020989226177334,34.423,-6.912,0.444,0.0,0,0,1,,1.0,2026-03-10T10:45:19.961637,neutral,1.0,2026-03-10T10:45:19.961637,0.3419495124144452,2026-03-10T10:45:19.976000,86,,,
participant_06,4,day,Town10HD_Opt,2026-03-10 10:45:20.492059,32.841529846191406,68.52000427246094,0.0020913695916533,34.529,-4.704,0.849,0.0,0,0,1,,1.0,2026-03-10T10:45:20.492059,neutral,1.0,2026-03-10T10:45:19.961637,0.2182056665301427,2026-03-10T10:45:19.976000,86,,,
participant_06,4,day,Town10HD_Opt,2026-03-10 10:45:21.550660,36.92993927001953,66.88093566894531,0.0017407607519999,41.22,-8.556,0.827,0.0,0,0,1,,1.0,2026-03-10T10:45:21.550660,neutral,1.0,2026-03-10T10:45:19.961637,0.3602679009196146,2026-03-10T10:45:20.966000,86,,,
participant_06,4,day,Town10HD_Opt,2026-03-10 10:45:22.648117,41.13564682006836,64.01815795898438,0.0018194197909906,46.374,-18.237,0.764,0.0,0,0,1,,1.0,2026-03-10T10:45:22.648117,neutral,1.0,2026-03-10T10:45:22.648117,0.3382586231745927,2026-03-10T10:45:22.048000,87,,,
participant_06,4,day,Town10HD_Opt,2026-03-10 10:45:23.741057,44.2231330871582,59.40866470336914,0.0019107054686173,49.04,-12.92,0.106,0.0,0,0,1,,1.0,2026-03-10T10:45:23.741057,neutral,1.0,2026-03-10T10:45:22.648117,0.4408667664678544,2026-03-10T10:45:23.036000,86,,,
participant_06,4,day,Town10HD_Opt,2026-03-10 10:45:24.833096,45.68098068237305,54.16432571411133,0.0023197936825454,42.859,-6.075,0.0,0.0,0,0,1,,1.0,2026-03-10T10:45:24.833096,neutral,1.0,2026-03-10T10:45:24.833096,0.350411090851655,2026-03-10T10:45:23.937000,84,,,
participant_06,4,day,Town10HD_Opt,2026-03-10 10:45:25.892996,46.01784896850586,49.54199981689453,0.0023859404027462,35.93,-7.244,0.0,0.0,0,0,1,,1.0,2026-03-10T10:45:25.892996,neutral,1.0,2026-03-10T10:45:24.833096,0.4699680081425216,2026-03-10T10:45:25.962000,85,,,
participant_06,4,day,Town10HD_Opt,2026-03-10 10:45:26.459705,45.919769287109375,47.51018142700195,0.0023537063971161,33.501,-3.101,0.221,0.0,0,0,1,,1.0,2026-03-10T10:45:26.459705,neutral,1.0,2026-03-10T10:45:24.833096,0.493464013654573,2026-03-10T10:45:25.962000,86,,,
participant_06,4,day,Town10HD_Opt,2026-03-10 10:45:27.546980,45.59562301635742,43.76133346557617,0.002114257775247,32.003,0.804,0.674,0.0,0,0,1,,1.0,2026-03-10T10:45:27.546980,neutral,0.996,2026-03-10T10:45:27.546980,0.4686313998606546,2026-03-10T10:45:26.951000,85,,,
participant_06,4,day,Town10HD_Opt,2026-03-10 10:45:28.655236,45.31605911254883,39.86233139038086,0.0018533325055614,35.802,4.077,0.733,0.0,0,0,1,,1.0,2026-03-10T10:45:28.655236,neutral,0.996,2026-03-10T10:45:27.546980,0.4870836711713671,2026-03-10T10:45:27.942000,85,,,
participant_06,4,day,Town10HD_Opt,2026-03-10 10:45:29.780674,45.42789459228516,35.38196563720703,0.0018360899994149,40.484,17.876,0.41,0.0,0,0,1,,1.0,2026-03-10T10:45:29.780674,neutral,0.93,2026-03-10T10:45:29.780674,0.5412804212059532,2026-03-10T10:45:29.021000,86,,,
participant_06,4,day,Town10HD_Opt,2026-03-10 10:45:30.860229,47.02762222290039,31.125600814819336,0.0022322081495076,37.325,26.584,0.143,0.0,0,0,1,,1.0,2026-03-10T10:45:30.860229,neutral,0.93,2026-03-10T10:45:29.780674,0.5041232065982025,2026-03-10T10:45:29.967000,84,,,
participant_06,4,day,Town10HD_Opt,2026-03-10 10:45:31.454310,48.46472930908203,29.56287002563477,0.0023020170629024,35.398,17.172,0.0,0.0,0,0,1,,1.0,2026-03-10T10:45:31.454310,neutral,0.93,2026-03-10T10:45:29.780674,0.4678798149803099,2026-03-10T10:45:30.963000,85,,,
participant_06,4,day,Town10HD_Opt,2026-03-10 10:45:32.511518,51.589168548583984,27.41317749023437,0.0023381423670798,29.438,10.235,0.0,0.0,0,0,1,,1.0,2026-03-10T10:45:32.511518,neutral,0.987,2026-03-10T10:45:32.511518,0.5427190498192045,2026-03-10T10:45:31.991000,85,,,
participant_06,4,day,Town10HD_Opt,2026-03-10 10:45:33.582736,54.49061965942383,26.18531608581543,0.002335128840059,24.313,10.749,0.0,0.238,0,0,1,,1.0,2026-03-10T10:45:33.582736,neutral,0.987,2026-03-10T10:45:32.511518,0.5151422819417394,2026-03-10T10:45:32.937000,87,,,
participant_06,4,day,Town10HD_Opt,2026-03-10 10:45:34.619745,56.94110107421875,25.6169548034668,0.0023125456646084,19.052,11.994,0.0,0.351,0,0,1,,1.0,2026-03-10T10:45:34.619745,neutral,0.972,2026-03-10T10:45:34.619745,0.5168025463622927,2026-03-10T10:45:33.972000,85,,,
participant_06,4,day,Town10HD_Opt,2026-03-10 10:45:35.716480,57.63311767578125,25.52141571044922,0.0025178145151585,0.002,3.773,0.0,0.492,0,0,1,,1.0,2026-03-10T10:45:35.716480,neutral,0.972,2026-03-10T10:45:34.619745,0.4694026061697687,2026-03-10T10:45:34.961000,85,,,
participant_06,4,day,Town10HD_Opt,2026-03-10 10:45:36.779285,57.6337776184082,25.521329879760746,0.0019771575462073,0.0,0.813,0.0,0.113,0,0,1,,1.0,2026-03-10T10:45:36.779285,sad,0.982,2026-03-10T10:45:36.779285,0.4031987802724108,2026-03-10T10:45:35.953000,86,,,
participant_06,4,day,Town10HD_Opt,2026-03-10 10:45:37.814801,57.63404846191406,25.52129364013672,0.0019251251360401,0.0,0.987,0.0,0.0,0,0,1,,1.0,2026-03-10T10:45:37.814801,sad,0.982,2026-03-10T10:45:36.779285,0.468857797844638,2026-03-10T10:45:37.121000,85,Solid line crossing,Solid line crossing,
participant_06,4,day,Town10HD_Opt,2026-03-10 10:45:38.901042,57.634315490722656,25.521249771118164,0.0019200897077098,0.006,1.358,0.0,0.0,0,0,1,,1.0,2026-03-10T10:45:38.901042,neutral,0.99,2026-03-10T10:45:38.901042,0.4647883040574735,2026-03-10T10:45:38.966000,86,,,
participant_06,4,day,Town10HD_Opt,2026-03-10 10:45:39.434031,57.63419723510742,25.521249771118164,0.0019193267216905,0.005,1.556,0.0,0.0,0,0,1,,1.0,2026-03-10T10:45:39.434031,neutral,0.99,2026-03-10T10:45:38.901042,0.480571168891664,2026-03-10T10:45:38.966000,87,,,
participant_06,4,day,Town10HD_Opt,2026-03-10 10:45:40.499256,57.63438415527344,25.521249771118164,0.001919021597132,0.001,1.622,0.0,0.0,0,0,1,,1.0,2026-03-10T10:45:40.499256,neutral,0.99,2026-03-10T10:45:38.901042,0.4714288205392006,2026-03-10T10:45:39.957000,87,,,
participant_06,4,day,Town10HD_Opt,2026-03-10 10:45:41.524060,57.63429641723633,25.521249771118164,0.0019191360333934,0.005,1.622,0.0,0.0,0,0,1,,1.0,2026-03-10T10:45:41.524060,sad,0.893,2026-03-10T10:45:41.524060,0.5096109875407715,2026-03-10T10:45:41.081000,85,,,
participant_06,4,day,Town10HD_Opt,2026-03-10 10:45:42.510426,57.63450241088867,25.521249771118164,0.0019190978491678,0.001,1.596,0.0,0.0,0,0,1,,1.0,2026-03-10T10:45:42.510426,sad,0.893,2026-03-10T10:45:41.524060,0.5403381460207209,2026-03-10T10:45:41.981000,85,,,
participant_06,4,day,Town10HD_Opt,2026-03-10 10:45:43.480563,57.63439178466797,25.521249771118164,0.001919021597132,0.005,1.596,0.0,0.0,0,0,1,,1.0,2026-03-10T10:45:43.480563,sad,0.893,2026-03-10T10:45:41.524060,0.548149504273008,2026-03-10T10:45:43.017000,85,,,
participant_06,4,day,Town10HD_Opt,2026-03-10 10:45:44.481990,57.63461685180664,25.52124786376953,0.0019191741012036,0.001,1.593,0.0,0.0,0,0,1,,1.0,2026-03-10T10:45:44.481990,neutral,0.982,2026-03-10T10:45:44.481990,0.600591521513438,2026-03-10T10:45:44.097000,83,,,
participant_06,4,day,Town10HD_Opt,2026-03-10 10:45:45.457822,57.63449096679688,25.521249771118164,0.0019191360333934,0.005,1.57,0.0,0.0,0,0,1,reach_back,0.841,2026-03-10T10:45:45.457822,neutral,0.982,2026-03-10T10:45:44.481990,0.5561980481464246,2026-03-10T10:45:45.086000,86,,,
participant_06,4,day,Town10HD_Opt,2026-03-10 10:45:46.467589,57.63473510742188,25.521203994750977,0.0019190596649423,0.001,0.926,0.0,0.0,0,0,1,,1.0,2026-03-10T10:45:46.467589,neutral,0.982,2026-03-10T10:45:44.481990,0.5944590789116864,2026-03-10T10:45:45.942000,87,,,
participant_06,4,day,Town10HD_Opt,2026-03-10 10:45:47.424369,57.63459777832031,25.52121925354004,0.0019190596649423,0.005,0.926,0.0,0.0,0,0,1,,1.0,2026-03-10T10:45:47.424369,angry,0.619,2026-03-10T10:45:47.424369,0.6547096811056949,2026-03-10T10:45:46.931000,85,,,
participant_06,4,day,Town10HD_Opt,2026-03-10 10:45:48.428329,57.63486099243164,25.52117156982422,0.001919021597132,0.001,0.879,0.0,0.0,0,0,1,,1.0,2026-03-10T10:45:48.428329,angry,0.619,2026-03-10T10:45:47.424369,0.5287136738599765,2026-03-10T10:45:47.967000,85,,,
participant_06,4,day,Town10HD_Opt,2026-03-10 10:45:49.425371,57.63470458984375,25.521196365356445,0.001919021597132,0.004,0.86,0.0,0.0,0,0,1,,1.0,2026-03-10T10:45:49.425371,angry,1.0,2026-03-10T10:45:49.425371,0.6460322489558981,2026-03-10T10:45:48.957000,85,,,
participant_06,4,day,Town10HD_Opt,2026-03-10 10:45:50.447644,57.63498306274414,25.52114486694336,0.0019190596649423,0.001,0.86,0.0,0.0,0,0,1,,1.0,2026-03-10T10:45:50.447644,angry,1.0,2026-03-10T10:45:49.425371,0.5522589137233057,2026-03-10T10:45:50.083000,87,,,
participant_06,4,day,Town10HD_Opt,2026-03-10 10:45:51.448177,57.63481140136719,25.52117156982422,0.0019190978491678,0.005,0.86,0.0,0.0,0,0,1,,1.0,2026-03-10T10:45:51.448177,angry,0.994,2026-03-10T10:45:51.448177,0.6038536586822562,2026-03-10T10:45:51.072000,86,,,
participant_06,4,day,Town10HD_Opt,2026-03-10 10:45:52.443911,57.63510513305664,25.5211181640625,0.0019190978491678,0.001,0.851,0.0,0.0,0,0,1,,1.0,2026-03-10T10:45:52.443911,angry,0.994,2026-03-10T10:45:51.448177,0.608614451857654,2026-03-10T10:45:51.973000,87,,,
participant_06,4,day,Town10HD_Opt,2026-03-10 10:45:53.431577,57.63492202758789,25.52114486694336,0.0019191741012036,0.004,0.844,0.0,0.0,0,0,1,,1.0,2026-03-10T10:45:53.431577,angry,0.994,2026-03-10T10:45:51.448177,0.5996995686416716,2026-03-10T10:45:53.006000,89,,,
participant_06,4,day,Town10HD_Opt,2026-03-10 10:45:54.428614,57.63522720336914,25.52109146118164,0.0019190596649423,0.007,0.844,0.0,0.0,0,0,1,,1.0,2026-03-10T10:45:54.428614,angry,0.835,2026-03-10T10:45:54.428614,0.681241962946996,2026-03-10T10:45:54.042000,87,,,
participant_06,4,day,Town10HD_Opt,2026-03-10 10:45:55.486072,57.63502883911133,25.52112197875977,0.0019190596649423,0.004,0.844,0.0,0.0,0,0,1,,1.0,2026-03-10T10:45:55.486072,angry,0.835,2026-03-10T10:45:54.428614,0.5800697711600411,2026-03-10T10:45:55.077000,87,,,
participant_06,4,day,Town10HD_Opt,2026-03-10 10:45:56.487721,57.63534927368164,25.52106666564941,0.0019191741012036,0.006,0.844,0.0,0.0,0,0,1,,1.0,2026-03-10T10:45:56.487721,angry,0.998,2026-03-10T10:45:56.487721,0.5265235321819471,2026-03-10T10:45:56.112000,86,,,
participant_06,4,day,Town10HD_Opt,2026-03-10 10:45:57.558285,57.63514709472656,25.521100997924805,0.0019190596649423,0.0,0.844,0.0,0.0,0,0,1,,1.0,2026-03-10T10:45:57.558285,angry,0.998,2026-03-10T10:45:56.487721,0.6063609298799666,2026-03-10T10:45:56.967000,84,,,
participant_06,4,day,Town10HD_Opt,2026-03-10 10:45:58.602828,57.63544845581055,25.52104759216309,0.001919288537465,0.007,0.834,0.0,0.0,0,0,1,,1.0,2026-03-10T10:45:58.602828,angry,0.996,2026-03-10T10:45:58.602828,0.5853014477899144,2026-03-10T10:45:58.046000,84,,,
participant_06,4,day,Town10HD_Opt,2026-03-10 10:45:59.578447,57.63527297973633,25.52107620239257,0.0019189452286809,0.0,0.832,0.0,0.0,0,0,1,,1.0,2026-03-10T10:45:59.578447,angry,0.996,2026-03-10T10:45:58.602828,0.6142950955076597,2026-03-10T10:45:59.037000,84,,,
participant_06,4,day,Town10HD_Opt,2026-03-10 10:46:00.563831,57.63554382324219,25.521026611328125,0.0019194030901417,0.006,0.818,0.0,0.0,0,0,1,,1.0,2026-03-10T10:46:00.563831,angry,0.996,2026-03-10T10:45:58.602828,0.6273868568538421,2026-03-10T10:46:00.027000,82,,,
participant_06,4,day,Town10HD_Opt,2026-03-10 10:46:01.589489,57.63677978515625,25.52084922790528,0.0019162750104442,0.123,0.808,0.0,0.0,0,0,1,,1.0,2026-03-10T10:46:01.589489,angry,0.981,2026-03-10T10:46:01.589489,0.5907554603107144,2026-03-10T10:46:00.973000,82,,,
participant_06,4,day,Town10HD_Opt,2026-03-10 10:46:02.618997,57.6567611694336,25.51781463623047,0.001921119634062,0.006,0.806,0.0,0.0,0,0,1,,1.0,2026-03-10T10:46:02.618997,angry,0.981,2026-03-10T10:46:01.589489,0.6095554644045847,2026-03-10T10:46:01.962000,82,,,
participant_06,4,day,Town10HD_Opt,2026-03-10 10:46:03.599910,57.69499206542969,25.51198959350586,0.0019158172653988,0.344,0.672,0.0,0.0,0,0,1,,1.0,2026-03-10T10:46:03.599910,angry,0.879,2026-03-10T10:46:03.599910,0.597872564468374,2026-03-10T10:46:02.997000,83,Stop sign violation,stop_sign_id=833,
participant_06,4,day,Town10HD_Opt,2026-03-10 10:46:04.586917,57.72349166870117,25.507551193237305,0.0019291305216029,0.004,0.277,0.069,0.0,0,0,1,,1.0,2026-03-10T10:46:04.586917,angry,0.879,2026-03-10T10:46:03.599910,0.6637785449418813,2026-03-10T10:46:03.987000,82,,,
participant_06,4,day,Town10HD_Opt,2026-03-10 10:46:05.607244,57.74146270751953,25.504812240600582,0.0019070815760642,0.679,0.268,0.447,0.0,0,0,1,,1.0,2026-03-10T10:46:05.607244,angry,0.985,2026-03-10T10:46:05.607244,0.5772805770641862,2026-03-10T10:46:05.067000,84,,,
participant_06,4,day,Town10HD_Opt,2026-03-10 10:46:06.602874,57.96544647216797,25.469438552856445,0.0018080138834193,2.965,-0.36,0.008,0.0,0,0,1,,1.0,2026-03-10T10:46:06.602874,angry,0.985,2026-03-10T10:46:05.607244,0.5646202392584984,2026-03-10T10:46:06.102000,81,,,
participant_06,4,day,Town10HD_Opt,2026-03-10 10:46:07.640472,58.35375213623047,25.40606117248535,0.0019140243530273,3.252,-0.587,0.0,0.0,0,0,1,,1.0,2026-03-10T10:46:07.640472,angry,0.992,2026-03-10T10:46:07.640472,0.627332283303342,2026-03-10T10:46:07.452000,79,,,
participant_06,4,day,Town10HD_Opt,2026-03-10 10:46:08.599931,58.6970329284668,25.34938240051269,0.0019418715965002,2.731,-0.597,0.0,0.0,0,0,1,,1.0,2026-03-10T10:46:08.599931,angry,0.992,2026-03-10T10:46:07.640472,0.5549358545651841,2026-03-10T10:46:08.127000,81,,,
participant_06,4,day,Town10HD_Opt,2026-03-10 10:46:09.593622,58.98487091064453,25.301498413085938,0.0019406508654356,2.289,-0.606,0.0,0.0,0,0,1,,1.0,2026-03-10T10:46:09.593622,angry,0.992,2026-03-10T10:46:07.640472,0.6077893594021947,2026-03-10T10:46:08.938000,83,,,
participant_06,4,day,Town10HD_Opt,2026-03-10 10:46:10.609345,59.22614288330078,25.261117935180664,0.0019374083494767,1.919,-0.613,0.0,0.0,0,0,1,,0.832,2026-03-10T10:46:10.609345,angry,0.893,2026-03-10T10:46:10.609345,0.5853194810321267,2026-03-10T10:46:10.376000,82,,,
participant_06,4,day,Town10HD_Opt,2026-03-10 10:46:11.682677,59.4241828918457,25.22777938842773,0.0019470977131277,1.402,-0.663,0.106,0.0,0,0,1,,1.0,2026-03-10T10:46:11.682677,angry,0.893,2026-03-10T10:46:10.609345,0.5880502197972155,2026-03-10T10:46:10.962000,80,,,
participant_06,4,day,Town10HD_Opt,2026-03-10 10:46:12.737615,59.565677642822266,25.2037353515625,0.0019251251360401,1.336,-0.691,0.064,0.0,0,0,1,,1.0,2026-03-10T10:46:12.737615,angry,0.744,2026-03-10T10:46:12.737615,0.6895952321392996,2026-03-10T10:46:12.042000,80,,,
participant_06,4,day,Town10HD_Opt,2026-03-10 10:46:13.787818,59.70506286621094,25.180036544799805,0.0019162368262186,1.368,-0.691,0.064,0.0,0,0,1,,0.892,2026-03-10T10:46:13.787818,angry,0.744,2026-03-10T10:46:12.737615,0.6414665169757822,2026-03-10T10:46:13.077000,82,,,
participant_06,4,day,Town10HD_Opt,2026-03-10 10:46:14.845916,59.84809112548828,25.15562629699707,0.001915855333209,1.399,-0.698,0.064,0.0,0,0,1,,1.0,2026-03-10T10:46:14.845916,angry,0.998,2026-03-10T10:46:14.845916,0.6329662285116701,2026-03-10T10:46:13.933000,79,,,
participant_06,4,day,Town10HD_Opt,2026-03-10 10:46:15.906914,59.99380111694336,25.130661010742188,0.0019176101777702,1.396,-0.571,0.054,0.0,0,0,1,,1.0,2026-03-10T10:46:15.906914,angry,0.998,2026-03-10T10:46:14.845916,0.6133258727979718,2026-03-10T10:46:15.956000,81,,,
participant_06,4,day,Town10HD_Opt,2026-03-10 10:46:16.478254,60.064247131347656,25.11865234375,0.0019209670135751,1.341,-0.489,0.046,0.0,0,0,1,,1.0,2026-03-10T10:46:16.478254,angry,0.998,2026-03-10T10:46:14.845916,0.5644424823212858,2026-03-10T10:46:15.956000,80,,,
participant_06,4,day,Town10HD_Opt,2026-03-10 10:46:17.546453,60.19181060791016,25.0977725982666,0.0019246292067691,1.175,-0.172,0.051,0.0,0,0,1,,1.0,2026-03-10T10:46:17.546453,angry,0.982,2026-03-10T10:46:17.546453,0.6025623146484017,2026-03-10T10:46:17.082000,78,,,
participant_06,4,day,Town10HD_Opt,2026-03-10 10:46:18.570563,60.3200569152832,25.076244354248047,0.0018943785689771,1.396,-0.345,0.0,0.0,0,0,1,,0.849,2026-03-10T10:46:18.570563,angry,0.982,2026-03-10T10:46:17.546453,0.6154360192120396,2026-03-10T10:46:17.937000,81,,,
participant_06,4,day,Town10HD_Opt,2026-03-10 10:46:19.578415,60.47220993041992,25.05052757263184,0.0019251251360401,1.225,-0.336,0.0,0.0,0,0,1,,1.0,2026-03-10T10:46:19.578415,angry,0.998,2026-03-10T10:46:19.578415,0.6000624643844676,2026-03-10T10:46:18.972000,79,,,
participant_06,4,day,Town10HD_Opt,2026-03-10 10:46:20.604303,60.58370971679688,25.031641006469727,0.0019274902297183,0.798,-0.465,0.074,0.0,0,0,1,,0.837,2026-03-10T10:46:20.604303,angry,0.998,2026-03-10T10:46:19.578415,0.5958930602726513,2026-03-10T10:46:19.962000,79,,,
participant_06,4,day,Town10HD_Opt,2026-03-10 10:46:21.628507,60.70343017578125,25.01112174987793,0.0019129943102598,1.003,-0.477,0.073,0.0,0,0,1,,1.0,2026-03-10T10:46:21.628507,angry,0.998,2026-03-10T10:46:21.628507,0.5762050752273167,2026-03-10T10:46:20.952000,81,,,
participant_06,4,day,Town10HD_Opt,2026-03-10 10:46:22.686855,60.84215545654297,24.98740196228028,0.0019130324944853,1.146,-0.545,0.073,0.0,0,0,1,,1.0,2026-03-10T10:46:22.686855,angry,0.998,2026-03-10T10:46:21.628507,0.6030413931661441,2026-03-10T10:46:21.942000,82,,,
participant_06,4,day,Town10HD_Opt,2026-03-10 10:46:23.728813,60.998779296875,24.96150779724121,0.001912918058224,1.317,0.757,0.085,0.0,0,0,1,,1.0,2026-03-10T10:46:23.728813,angry,0.949,2026-03-10T10:46:23.728813,0.5710801931207518,2026-03-10T10:46:22.935000,84,,,
participant_06,4,day,Town10HD_Opt,2026-03-10 10:46:24.749498,61.18717575073242,24.93052101135254,0.0018878936534747,2.111,-0.538,0.212,0.0,0,0,1,,1.0,2026-03-10T10:46:24.749498,angry,0.949,2026-03-10T10:46:23.728813,0.6202399743615833,2026-03-10T10:46:23.971000,81,,,
participant_06,4,day,Town10HD_Opt,2026-03-10 10:46:25.790328,61.50201416015625,24.875640869140625,0.0018407821189612,3.68,-0.83,0.213,0.0,0,0,1,,1.0,2026-03-10T10:46:25.790328,angry,0.99,2026-03-10T10:46:25.790328,0.5114721991325873,2026-03-10T10:46:24.957000,79,,,
participant_06,4,day,Town10HD_Opt,2026-03-10 10:46:26.847251,61.985984802246094,24.79067611694336,0.0018674849998205,4.751,-0.275,0.167,0.0,0,0,1,,1.0,2026-03-10T10:46:26.847251,angry,0.99,2026-03-10T10:46:25.790328,0.6464527898368906,2026-03-10T10:46:25.947000,78,,,
participant_06,4,day,Town10HD_Opt,2026-03-10 10:46:27.934127,62.56344604492188,24.700746536254883,0.0018824386643245,5.5,2.727,0.166,0.0,0,0,1,,1.0,2026-03-10T10:46:27.934127,angry,0.809,2026-03-10T10:46:27.934127,0.5396364111041773,2026-03-10T10:46:26.992000,79,,,
participant_06,4,day,Town10HD_Opt,2026-03-10 10:46:28.505381,62.88180541992188,24.65567970275879,0.0018854141235351,5.814,2.715,0.166,0.0,0,0,1,,1.0,2026-03-10T10:46:28.505381,angry,0.809,2026-03-10T10:46:27.934127,0.5494128462161105,2026-03-10T10:46:26.992000,78,,,
participant_06,4,day,Town10HD_Opt,2026-03-10 10:46:29.555331,63.57188034057617,24.56338882446289,0.0018891524523496,6.343,2.723,0.166,0.0,0,0,1,,1.0,2026-03-10T10:46:29.555331,angry,0.809,2026-03-10T10:46:27.934127,0.60845721460376,2026-03-10T10:46:28.963000,81,,,errors=Solid line crossing
participant_06,4,day,Town10HD_Opt,2026-03-10 10:46:30.564602,64.32672882080078,24.469371795654297,0.0018923567840829,6.901,2.407,0.166,0.0,0,0,1,,1.0,2026-03-10T10:46:30.564602,angry,0.941,2026-03-10T10:46:30.564602,0.6137007203930793,2026-03-10T10:46:28.963000,83,,,
participant_06,4,day,Town10HD_Opt,2026-03-10 10:46:31.606163,65.138916015625,24.38036727905273,0.0018999481108039,7.162,3.54,0.0,0.0,0,0,1,,1.0,2026-03-10T10:46:31.606163,angry,0.941,2026-03-10T10:46:30.564602,0.6752341662350676,2026-03-10T10:46:31.167000,82,,,
participant_06,4,day,Town10HD_Opt,2026-03-10 10:46:32.663242,65.91448211669922,24.31167984008789,0.0019643402192741,6.147,3.73,0.0,0.016,0,0,1,,0.873,2026-03-10T10:46:32.663242,angry,0.833,2026-03-10T10:46:32.663242,0.6039544283512579,2026-03-10T10:46:32.293000,81,,,
participant_06,4,day,Town10HD_Opt,2026-03-10 10:46:33.680249,66.22884368896484,24.286495208740234,0.0021842955611646,0.001,3.813,0.0,0.03,0,0,1,,0.884,2026-03-10T10:46:33.680249,angry,0.833,2026-03-10T10:46:32.663242,0.5904848565391795,2026-03-10T10:46:33.148000,84,,,
participant_06,4,day,Town10HD_Opt,2026-03-10 10:46:34.682705,66.23859405517578,24.285858154296875,0.0019371032249182,0.123,3.921,0.0,0.0,0,0,1,,0.852,2026-03-10T10:46:34.682705,angry,0.985,2026-03-10T10:46:34.682705,0.5997550223206058,2026-03-10T10:46:33.957000,86,,,
participant_06,4,day,Town10HD_Opt,2026-03-10 10:46:35.681901,66.25159454345703,24.28497314453125,0.0019213104387745,0.106,3.867,0.0,0.0,0,0,1,,1.0,2026-03-10T10:46:35.681901,angry,0.985,2026-03-10T10:46:34.682705,0.655722557630404,2026-03-10T10:46:34.946000,86,,,
participant_06,4,day,Town10HD_Opt,2026-03-10 10:46:36.686458,66.26251983642578,24.284223556518555,0.0019199752714484,0.09,3.844,0.0,0.0,0,0,1,,1.0,2026-03-10T10:46:36.686458,neutral,0.938,2026-03-10T10:46:36.686458,0.689079046805468,2026-03-10T10:46:35.983000,86,Solid line crossing,Solid line crossing,
participant_06,4,day,Town10HD_Opt,2026-03-10 10:46:37.676985,66.27168273925781,24.28359031677246,0.0019197463989257,0.076,3.844,0.0,0.0,0,0,1,,1.0,2026-03-10T10:46:37.676985,neutral,0.938,2026-03-10T10:46:36.686458,0.5847110352225334,2026-03-10T10:46:37.063000,82,,,
participant_06,4,day,Town10HD_Opt,2026-03-10 10:46:38.696058,66.27936553955078,24.283048629760746,0.0019195555942133,0.063,2.694,0.0,0.0,0,0,1,,1.0,2026-03-10T10:46:38.696058,neutral,0.998,2026-03-10T10:46:38.696058,0.6138139438257774,2026-03-10T10:46:37.063000,84,,,
participant_06,4,day,Town10HD_Opt,2026-03-10 10:46:39.748356,66.28581237792969,24.282508850097656,0.0019195555942133,0.054,1.68,0.0,0.0,0,0,1,,1.0,2026-03-10T10:46:39.748356,neutral,0.998,2026-03-10T10:46:38.696058,0.5891274797990718,2026-03-10T10:46:39.088000,84,,,
participant_06,4,day,Town10HD_Opt,2026-03-10 10:46:40.788084,66.29120635986328,24.282026290893555,0.0019193649059161,0.045,1.189,0.0,0.0,0,0,1,,1.0,2026-03-10T10:46:40.788084,neutral,0.981,2026-03-10T10:46:40.788084,0.5883323935287382,2026-03-10T10:46:39.989000,82,,,
participant_06,4,day,Town10HD_Opt,2026-03-10 10:46:41.870273,66.29573059082031,24.281627655029297,0.0019193649059161,0.039,0.275,0.0,0.0,0,0,1,,1.0,2026-03-10T10:46:41.870273,neutral,0.981,2026-03-10T10:46:40.788084,0.6672650721334835,2026-03-10T10:46:41.069000,83,,,
participant_06,4,day,Town10HD_Opt,2026-03-10 10:46:42.896593,66.29953002929688,24.281225204467773,0.001919288537465,0.033,-0.284,0.0,0.0,0,0,1,eat,0.806,2026-03-10T10:46:42.896593,sad,0.958,2026-03-10T10:46:42.896593,0.5550737782243532,2026-03-10T10:46:42.957000,83,,,
participant_06,4,day,Town10HD_Opt,2026-03-10 10:46:43.450964,66.30118560791016,24.28107070922852,0.0019193649059161,0.03,-0.284,0.0,0.0,0,0,1,,1.0,2026-03-10T10:46:43.450964,sad,0.958,2026-03-10T10:46:42.896593,0.4987317988235597,2026-03-10T10:46:42.957000,84,,,
participant_06,4,day,Town10HD_Opt,2026-03-10 10:46:44.483523,66.30410766601562,24.280780792236328,0.0019192504696547,0.026,-0.284,0.0,0.0,0,0,1,,1.0,2026-03-10T10:46:44.483523,sad,0.958,2026-03-10T10:46:42.896593,0.604800821540755,2026-03-10T10:46:43.948000,83,,,
participant_06,4,day,Town10HD_Opt,2026-03-10 10:46:45.469564,66.30579376220703,24.28059196472168,0.0019191360333934,0.004,-0.284,0.0,0.0,0,0,1,,1.0,2026-03-10T10:46:45.469564,angry,0.578,2026-03-10T10:46:45.469564,0.6401433083293758,2026-03-10T10:46:44.982000,84,,,
participant_06,4,day,Town10HD_Opt,2026-03-10 10:46:46.491457,66.30599212646484,24.280542373657227,0.001918678288348,0.006,-0.301,0.0,0.0,0,0,1,,1.0,2026-03-10T10:46:46.491457,angry,0.578,2026-03-10T10:46:45.469564,0.6008989122289341,2026-03-10T10:46:45.972000,83,,,
participant_06,4,day,Town10HD_Opt,2026-03-10 10:46:47.496383,66.30610656738281,24.28050804138184,0.0019193649059161,0.001,0.289,0.0,0.0,0,0,1,,0.827,2026-03-10T10:46:47.496383,neutral,0.691,2026-03-10T10:46:47.496383,0.6121911892272133,2026-03-10T10:46:46.962000,84,,,
participant_06,4,day,Town10HD_Opt,2026-03-10 10:46:48.483768,66.30613708496094,24.28051376342773,0.0019189452286809,0.006,-0.439,0.0,0.0,0,0,1,,1.0,2026-03-10T10:46:48.483768,neutral,0.691,2026-03-10T10:46:47.496383,0.6221987824239685,2026-03-10T10:46:48.042000,85,,,
participant_06,4,day,Town10HD_Opt,2026-03-10 10:46:49.523454,66.30622100830078,24.280502319335938,0.001919288537465,0.001,-0.54,0.0,0.0,0,0,1,,0.926,2026-03-10T10:46:49.523454,neutral,0.675,2026-03-10T10:46:49.523454,0.5965394901152771,2026-03-10T10:46:49.347000,85,,,
participant_06,4,day,Town10HD_Opt,2026-03-10 10:46:50.514851,66.3553466796875,24.27548599243164,0.001793518080376,1.97,-0.524,0.689,0.0,0,0,1,,0.883,2026-03-10T10:46:50.514851,neutral,0.675,2026-03-10T10:46:49.523454,0.6143553521168259,2026-03-10T10:46:49.979000,87,,,
participant_06,4,day,Town10HD_Opt,2026-03-10 10:46:51.524613,67.0445556640625,24.20432472229004,0.0015835952945053,9.225,-0.153,0.0,0.0,0,0,1,,0.817,2026-03-10T10:46:51.524613,neutral,0.909,2026-03-10T10:46:51.524613,0.6136875231250393,2026-03-10T10:46:51.193000,83,,,
participant_06,4,day,Town10HD_Opt,2026-03-10 10:46:52.588765,67.77188110351562,24.136947631835938,0.0024921798612922,0.001,0.968,0.0,0.164,0,1,-1,,1.0,2026-03-10T10:46:52.588765,neutral,0.909,2026-03-10T10:46:51.524613,0.5137588632893133,2026-03-10T10:46:52.003000,84,,,
participant_06,4,day,Town10HD_Opt,2026-03-10 10:46:53.626324,67.7680892944336,24.13728904724121,0.001975402701646,0.026,0.684,0.641,0.0,0,1,-1,,0.894,2026-03-10T10:46:53.626324,neutral,0.987,2026-03-10T10:46:53.626324,0.5966577229280845,2026-03-10T10:46:52.948000,81,,,
participant_06,4,day,Town10HD_Opt,2026-03-10 10:46:54.657935,67.55183410644531,24.172088623046875,0.0021951294038444,5.236,-9.578,0.836,0.0,0,1,-1,,0.8,2026-03-10T10:46:54.657935,neutral,0.987,2026-03-10T10:46:53.626324,0.5291917338605129,2026-03-10T10:46:53.982000,81,,,
participant_06,4,day,Town10HD_Opt,2026-03-10 10:46:55.726998,66.54570770263672,24.30567169189453,0.002197875874117,11.31,-7.596,0.615,0.0,0,1,-1,,1.0,2026-03-10T10:46:55.726998,neutral,0.483,2026-03-10T10:46:55.726998,0.5905761869745959,2026-03-10T10:46:54.972000,81,,,errors=Solid line crossing
participant_06,4,day,Town10HD_Opt,2026-03-10 10:46:56.768139,65.06977844238281,24.38353729248047,0.002031555166468,13.541,-2.974,0.484,0.0,0,1,-1,,1.0,2026-03-10T10:46:56.768139,neutral,0.483,2026-03-10T10:46:55.726998,0.5722918092253154,2026-03-10T10:46:55.962000,82,,,
participant_06,4,day,Town10HD_Opt,2026-03-10 10:46:57.861666,63.58381652832031,24.40383529663086,0.0018190002301707,11.421,-2.635,0.297,0.0,0,1,-1,,1.0,2026-03-10T10:46:57.861666,neutral,0.97,2026-03-10T10:46:57.861666,0.633463497353606,2026-03-10T10:46:57.942000,84,,,
participant_06,4,day,Town10HD_Opt,2026-03-10 10:46:58.890124,62.42550277709961,24.395238876342773,0.0017723082564771,8.115,-2.645,0.194,0.0,0,1,-1,,1.0,2026-03-10T10:46:58.890124,neutral,0.97,2026-03-10T10:46:57.861666,0.6018795575472927,2026-03-10T10:46:58.977000,84,,,
participant_06,4,day,Town10HD_Opt,2026-03-10 10:46:59.927689,61.6361198425293,24.377655029296875,0.0017731474945321,5.35,-1.939,0.198,0.0,0,1,-1,,1.0,2026-03-10T10:46:59.927689,neutral,0.997,2026-03-10T10:46:59.927689,0.611030761022422,2026-03-10T10:46:59.967000,83,,,
participant_06,4,day,Town10HD_Opt,2026-03-10 10:47:00.456808,61.35525894165039,24.36729431152344,0.0018238448537886,4.692,-1.333,0.004,0.0,0,1,-1,,1.0,2026-03-10T10:47:00.456808,neutral,0.997,2026-03-10T10:46:59.927689,0.5844450184604029,2026-03-10T10:46:59.967000,84,,,
participant_06,4,day,Town10HD_Opt,2026-03-10 10:47:01.483213,60.93918991088867,24.35009765625,0.0018749617738649,3.307,-1.539,0.349,0.0,0,1,-1,,0.83,2026-03-10T10:47:01.483213,neutral,0.997,2026-03-10T10:46:59.927689,0.6341902976831474,2026-03-10T10:47:01.092000,84,,,
participant_06,4,day,Town10HD_Opt,2026-03-10 10:47:02.530977,60.5361213684082,24.33232688903809,0.0019285964081063,4.051,-1.563,0.812,0.0,0,1,-1,,1.0,2026-03-10T10:47:02.530977,neutral,0.989,2026-03-10T10:47:02.530977,0.5282100335579835,2026-03-10T10:47:02.038000,83,,,errors=Solid line crossing
participant_06,4,day,Town10HD_Opt,2026-03-10 10:47:03.583136,59.59853744506836,24.28508186340332,0.0023643111344426,13.086,-1.535,0.984,0.0,0,1,-1,,1.0,2026-03-10T10:47:03.583136,neutral,0.989,2026-03-10T10:47:02.530977,0.5562829490940393,2026-03-10T10:47:02.938000,81,,,
participant_06,4,day,Town10HD_Opt,2026-03-10 10:47:04.608271,57.65805435180664,24.168325424194336,0.0023211669176816,18.0,-2.17,0.459,0.0,0,1,-1,,1.0,2026-03-10T10:47:04.608271,neutral,1.0,2026-03-10T10:47:04.608271,0.617555332043245,2026-03-10T10:47:04.017000,83,,,
participant_06,4,day,Town10HD_Opt,2026-03-10 10:47:05.571538,55.81975936889648,24.023006439208984,0.0015586471417918,11.846,-2.0,0.0,0.0,0,1,-1,,1.0,2026-03-10T10:47:05.571538,neutral,1.0,2026-03-10T10:47:04.608271,0.4996771072136055,2026-03-10T10:47:04.963000,84,,,
participant_06,4,day,Town10HD_Opt,2026-03-10 10:47:06.624769,55.34989547729492,23.97742080688477,0.001389694167301,1.118,18.523,0.915,0.0,0,0,1,,1.0,2026-03-10T10:47:06.624769,neutral,0.998,2026-03-10T10:47:06.624769,0.3712697669720574,2026-03-10T10:47:06.178000,85,,,
participant_06,4,day,Town10HD_Opt,2026-03-10 10:47:07.658465,55.97431564331055,24.23295021057129,0.0014316176529973,11.059,34.052,0.973,0.0,0,0,1,,1.0,2026-03-10T10:47:07.658465,neutral,0.998,2026-03-10T10:47:06.624769,0.4452086982434482,2026-03-10T10:47:07.122000,84,,,
participant_06,4,day,Town10HD_Opt,2026-03-10 10:47:08.680445,57.52022171020508,25.240358352661133,0.0017668151995167,20.072,32.464,0.874,0.0,0,0,1,,1.0,2026-03-10T10:47:08.680445,neutral,0.993,2026-03-10T10:47:08.680445,0.3611804900332847,2026-03-10T10:47:07.978000,85,,,
participant_06,4,day,Town10HD_Opt,2026-03-10 10:47:09.709462,59.29209899902344,27.310592651367188,0.0017656325362622,26.945,15.23,0.709,0.0,0,0,1,,1.0,2026-03-10T10:47:09.709462,neutral,0.993,2026-03-10T10:47:08.680445,0.2765418234433221,2026-03-10T10:47:08.969000,84,,,errors=Solid line crossing
participant_06,4,day,Town10HD_Opt,2026-03-10 10:47:10.719295,61.44997024536133,29.96420669555664,0.0018786620348691,31.052,-31.89,0.65,0.0,0,0,1,,1.0,2026-03-10T10:47:10.719295,neutral,1.0,2026-03-10T10:47:10.719295,0.1828792874569608,2026-03-10T10:47:09.957000,84,,,
participant_06,4,day,Town10HD_Opt,2026-03-10 10:47:11.823084,64.71412658691406,31.192182540893555,0.0022049332037568,31.13,-37.962,0.518,0.0,0,0,1,,1.0,2026-03-10T10:47:11.823084,neutral,1.0,2026-03-10T10:47:10.719295,0.1755329279052407,2026-03-10T10:47:11.038000,84,,,
participant_06,4,day,Town10HD_Opt,2026-03-10 10:47:12.868706,68.51118469238281,30.790401458740234,0.0019891357515007,33.914,1.504,0.419,0.0,0,0,1,,1.0,2026-03-10T10:47:12.868706,neutral,0.998,2026-03-10T10:47:12.868706,0.1314477843413929,2026-03-10T10:47:12.027000,83,,,
participant_06,4,day,Town10HD_Opt,2026-03-10 10:47:13.897576,72.58460998535156,30.30247688293457,0.0018011855427175,37.957,-1.568,1.0,0.0,0,0,1,,1.0,2026-03-10T10:47:13.897576,neutral,0.998,2026-03-10T10:47:12.868706,0.1430172899305732,2026-03-10T10:47:13.025000,85,,,
participant_06,4,day,Town10HD_Opt,2026-03-10 10:47:14.461127,74.90406036376953,29.97675514221192,0.0016719435807317,43.089,-3.422,1.0,0.0,0,0,1,,0.886,2026-03-10T10:47:14.461127,neutral,0.998,2026-03-10T10:47:12.868706,0.108923066396782,2026-03-10T10:47:14.009000,84,,,errors=Solid line crossing
participant_06,4,day,Town10HD_Opt,2026-03-10 10:47:15.521913,80.31330108642578,28.95524787902832,0.001574897672981,51.875,-1.342,0.0,0.187,0,0,1,,1.0,2026-03-10T10:47:15.521913,neutral,1.0,2026-03-10T10:47:15.521913,0.0860148812289361,2026-03-10T10:47:15.178000,83,,,errors=Red light violation
participant_06,4,day,Town10HD_Opt,2026-03-10 10:47:16.671716,86.13314056396484,27.606124877929688,0.0022327422630041,48.253,-3.127,0.987,0.0,0,0,1,,1.0,2026-03-10T10:47:16.671716,neutral,1.0,2026-03-10T10:47:15.521913,0.0651364523383008,2026-03-10T10:47:15.941000,83,,,
participant_06,4,day,Town10HD_Opt,2026-03-10 10:47:17.715077,91.53292846679688,25.81092071533203,0.0018419264815747,52.059,-10.086,0.0,0.161,0,0,1,,0.83,2026-03-10T10:47:17.715077,neutral,1.0,2026-03-10T10:47:17.715077,0.0303460934802579,2026-03-10T10:47:17.157000,85,,,
participant_06,4,day,Town10HD_Opt,2026-03-10 10:47:18.780339,96.5895767211914,22.792667388916016,0.0022071455605328,48.588,-7.147,0.952,0.0,0,0,1,,1.0,2026-03-10T10:47:18.780339,neutral,1.0,2026-03-10T10:47:17.715077,0.1011848717975466,2026-03-10T10:47:17.966000,84,,,
participant_06,4,day,Town10HD_Opt,2026-03-10 10:47:19.806574,100.85216522216795,18.755130767822266,0.0019900512415915,50.41,-6.545,0.945,0.0,0,0,1,,1.0,2026-03-10T10:47:19.806574,neutral,1.0,2026-03-10T10:47:19.806574,0.104517340570717,2026-03-10T10:47:19.007000,86,,,
participant_06,4,day,Town10HD_Opt,2026-03-10 10:47:20.906327,104.20038604736328,14.084187507629396,0.0019929122645407,50.236,-8.725,0.735,0.0,0,0,1,,1.0,2026-03-10T10:47:20.906327,neutral,1.0,2026-03-10T10:47:19.806574,0.0671117939025998,2026-03-10T10:47:20.983000,87,,,
participant_06,4,day,Town10HD_Opt,2026-03-10 10:47:21.443566,105.4885025024414,11.421321868896484,0.0020117950625717,50.325,-9.444,0.672,0.0,0,0,1,,1.0,2026-03-10T10:47:21.443566,neutral,1.0,2026-03-10T10:47:19.806574,0.1056502883035581,2026-03-10T10:47:20.983000,87,,,
participant_06,4,day,Town10HD_Opt,2026-03-10 10:47:22.506949,107.00701141357422,5.948277473449707,0.0020888138096779,48.491,-4.518,0.529,0.0,0,0,1,,1.0,2026-03-10T10:47:22.506949,neutral,1.0,2026-03-10T10:47:22.506949,0.067815933914927,2026-03-10T10:47:22.018000,88,,,
participant_06,4,day,Town10HD_Opt,2026-03-10 10:47:23.600942,107.73287963867188,0.3052265048027038,0.0020249558147042,49.017,-0.08,0.502,0.0,0,0,1,,1.0,2026-03-10T10:47:23.600942,neutral,1.0,2026-03-10T10:47:22.506949,0.1158001548327712,2026-03-10T10:47:23.054000,87,,,
participant_06,4,day,Town10HD_Opt,2026-03-10 10:47:24.662451,108.2661590576172,-5.388781547546387,0.0020493315532803,48.922,-2.094,0.668,0.0,0,0,1,,1.0,2026-03-10T10:47:24.662451,neutral,0.998,2026-03-10T10:47:24.662451,0.045818755453184,2026-03-10T10:47:23.952000,88,,,
participant_06,4,day,Town10HD_Opt,2026-03-10 10:47:25.657500,108.5016860961914,-11.281652450561523,0.0019009017851203,51.916,-1.88,0.0,0.217,0,0,1,,1.0,2026-03-10T10:47:25.657500,neutral,0.998,2026-03-10T10:47:24.662451,0.0388985857785447,2026-03-10T10:47:24.988000,87,,,
participant_06,4,day,Town10HD_Opt,2026-03-10 10:47:26.706671,108.43089294433594,-17.045015335083008,0.0020946883596479,49.046,-1.554,1.0,0.0,0,0,1,,1.0,2026-03-10T10:47:26.706671,neutral,0.999,2026-03-10T10:47:26.706671,0.0714798980901469,2026-03-10T10:47:26.113000,87,,,
participant_06,4,day,Town10HD_Opt,2026-03-10 10:47:27.705778,108.07586669921876,-22.99318504333496,0.0021080016158521,49.984,-2.038,0.974,0.0,0,0,1,,1.0,2026-03-10T10:47:27.705778,neutral,0.999,2026-03-10T10:47:26.706671,0.1142544629989842,2026-03-10T10:47:26.978000,90,,,
participant_06,4,day,Town10HD_Opt,2026-03-10 10:47:28.747854,107.36192321777344,-28.68148803710937,0.0019039153121411,51.637,-4.568,0.0,0.164,0,0,1,,1.0,2026-03-10T10:47:28.747854,neutral,1.0,2026-03-10T10:47:28.747854,0.0347516285925318,2026-03-10T10:47:28.363000,92,,,
participant_06,4,day,Town10HD_Opt,2026-03-10 10:47:29.822093,106.00334930419922,-34.38525390625,0.0022001266479492,48.316,-4.964,0.913,0.0,0,0,1,,1.0,2026-03-10T10:47:29.822093,neutral,1.0,2026-03-10T10:47:28.747854,0.1230905279392606,2026-03-10T10:47:29.083000,95,,,
participant_06,4,day,Town10HD_Opt,2026-03-10 10:47:30.793129,103.89614868164062,-39.8604850769043,0.0019358824938535,51.431,-4.511,0.0,0.143,0,0,1,,1.0,2026-03-10T10:47:30.793129,neutral,0.998,2026-03-10T10:47:30.793129,0.02,2026-03-10T10:47:30.029000,94,,,
participant_06,4,day,Town10HD_Opt,2026-03-10 10:47:31.781466,101.18878936767578,-44.91378402709961,0.0020652008242905,49.164,-4.591,0.87,0.0,0,0,1,,1.0,2026-03-10T10:47:31.781466,neutral,0.998,2026-03-10T10:47:30.793129,0.0712332121551212,2026-03-10T10:47:31.017000,90,,,
participant_06,4,day,Town10HD_Opt,2026-03-10 10:47:32.816939,97.78260803222656,-49.71063995361328,0.0021412658970803,48.679,-4.664,0.867,0.0,0,0,1,,1.0,2026-03-10T10:47:32.816939,neutral,0.972,2026-03-10T10:47:32.816939,0.0245800020947871,2026-03-10T10:47:32.009000,90,,,
participant_06,4,day,Town10HD_Opt,2026-03-10 10:47:33.854541,93.8697509765625,-53.945350646972656,0.001892929081805,51.444,-4.756,0.0,0.144,0,0,1,,1.0,2026-03-10T10:47:33.854541,neutral,0.972,2026-03-10T10:47:32.816939,0.02,2026-03-10T10:47:33.004000,89,,,
participant_06,4,day,Town10HD_Opt,2026-03-10 10:47:34.885013,89.42478942871094,-57.66745376586914,0.0021359634120017,48.944,-5.052,0.837,0.0,0,0,1,,1.0,2026-03-10T10:47:34.885013,neutral,0.997,2026-03-10T10:47:34.885013,0.0957611193699029,2026-03-10T10:47:33.988000,88,,,
participant_06,4,day,Town10HD_Opt,2026-03-10 10:47:35.894537,84.42878723144531,-60.7978744506836,0.0020072173792868,50.742,-5.035,0.0,0.0,0,0,1,,1.0,2026-03-10T10:47:35.894537,neutral,0.997,2026-03-10T10:47:34.885013,0.0739906028336482,2026-03-10T10:47:35.968000,87,,,
participant_06,4,day,Town10HD_Opt,2026-03-10 10:47:36.877180,79.1927490234375,-63.142845153808594,0.0019961928483098,50.065,-5.257,0.82,0.0,0,0,1,,1.0,2026-03-10T10:47:36.877180,neutral,0.997,2026-03-10T10:47:34.885013,0.0252190898656732,2026-03-10T10:47:36.957000,87,,,
participant_06,4,day,Town10HD_Opt,2026-03-10 10:47:37.876748,73.52668762207031,-64.75045776367188,0.0021898651029914,48.354,-5.746,0.818,0.0,0,0,1,,1.0,2026-03-10T10:47:37.876748,neutral,0.996,2026-03-10T10:47:37.876748,0.0604384928595016,2026-03-10T10:47:37.948000,88,,,
participant_06,4,day,Town10HD_Opt,2026-03-10 10:47:38.925734,67.809326171875,-65.44599151611328,0.0018975066486746,51.342,-3.931,0.0,0.134,0,0,1,,0.832,2026-03-10T10:47:38.925734,neutral,0.996,2026-03-10T10:47:37.876748,0.0987760562560653,2026-03-10T10:47:37.948000,89,,,
participant_06,4,day,Town10HD_Opt,2026-03-10 10:47:39.445590,64.856201171875,-65.52843475341797,0.0021080016158521,49.49,-2.852,0.811,0.0,0,0,1,,1.0,2026-03-10T10:47:39.445590,neutral,0.996,2026-03-10T10:47:37.876748,0.066377060499326,2026-03-10T10:47:39.028000,87,,,
participant_06,4,day,Town10HD_Opt,2026-03-10 10:47:40.485369,59.04598617553711,-65.36172485351562,0.0019012450939044,51.708,-0.512,0.0,0.171,0,0,1,,1.0,2026-03-10T10:47:40.485369,neutral,0.994,2026-03-10T10:47:40.485369,0.0731558025561568,2026-03-10T10:47:40.153000,88,,,
participant_06,4,day,Town10HD_Opt,2026-03-10 10:47:41.600197,53.18667984008789,-65.05872344970703,0.0021717452909797,48.736,0.625,0.794,0.0,0,0,1,,1.0,2026-03-10T10:47:41.600197,neutral,0.994,2026-03-10T10:47:40.485369,0.0651647843659708,2026-03-10T10:47:40.963000,88,Solid line crossing,Solid line crossing,
participant_06,4,day,Town10HD_Opt,2026-03-10 10:47:42.608410,47.33502197265625,-64.8056640625,0.0020300291944295,50.2,0.249,0.793,0.0,0,0,1,,1.0,2026-03-10T10:47:42.608410,neutral,0.987,2026-03-10T10:47:42.608410,0.0578109619216944,2026-03-10T10:47:41.997000,89,,,
participant_06,4,day,Town10HD_Opt,2026-03-10 10:47:43.590059,41.5822639465332,-64.60750579833984,0.0019574356265366,50.954,-0.66,0.0,0.0,0,0,1,,1.0,2026-03-10T10:47:43.590059,neutral,0.987,2026-03-10T10:47:42.608410,0.0572895561891697,2026-03-10T10:47:42.987000,87,,,
participant_06,4,day,Town10HD_Opt,2026-03-10 10:47:44.617433,35.75230026245117,-64.36219787597656,0.0021428298205137,48.786,1.782,0.792,0.0,0,0,1,,1.0,2026-03-10T10:47:44.617433,neutral,0.885,2026-03-10T10:47:44.617433,0.0561151525270634,2026-03-10T10:47:44.428000,88,,,
participant_06,4,day,Town10HD_Opt,2026-03-10 10:47:45.679019,29.88981819152832,-64.27092742919922,0.0020279311574995,49.775,-0.219,0.788,0.0,0,0,1,,1.0,2026-03-10T10:47:45.679019,neutral,0.885,2026-03-10T10:47:44.617433,0.0509773321359698,2026-03-10T10:47:44.969000,88,,,
participant_06,4,day,Town10HD_Opt,2026-03-10 10:47:46.699027,24.13152503967285,-64.27953338623047,0.0019687269814312,50.429,-0.43,0.67,0.0,0,0,1,,1.0,2026-03-10T10:47:46.699027,neutral,1.0,2026-03-10T10:47:46.699027,0.0404112632712607,2026-03-10T10:47:46.139000,88,,,
participant_06,4,day,Town10HD_Opt,2026-03-10 10:47:47.747566,18.3132438659668,-64.2337417602539,0.0022158813662827,47.573,0.36,0.0,0.0,0,0,1,,0.804,2026-03-10T10:47:47.747566,neutral,1.0,2026-03-10T10:47:46.699027,0.0659145544701796,2026-03-10T10:47:46.948000,88,,,
participant_06,4,day,Town10HD_Opt,2026-03-10 10:47:48.743178,13.187091827392578,-64.22347259521484,0.0023748779203742,39.863,0.738,0.0,0.0,0,0,1,,1.0,2026-03-10T10:47:48.743178,neutral,0.999,2026-03-10T10:47:48.743178,0.0555059330857721,2026-03-10T10:47:47.984000,88,,,
participant_06,4,day,Town10HD_Opt,2026-03-10 10:47:49.768089,8.861878395080566,-64.28245544433594,0.0023509596940129,34.043,0.305,0.0,0.0,0,0,1,,1.0,2026-03-10T10:47:49.768089,neutral,0.999,2026-03-10T10:47:48.743178,0.0382351019582651,2026-03-10T10:47:48.975000,89,,,
participant_06,4,day,Town10HD_Opt,2026-03-10 10:47:50.801013,5.216000080108643,-64.35426330566406,0.0023022841196507,28.74,0.059,0.088,0.0,0,0,1,,1.0,2026-03-10T10:47:50.801013,neutral,0.985,2026-03-10T10:47:50.801013,0.1117436333931709,2026-03-10T10:47:50.143000,87,,,
participant_06,4,day,Town10HD_Opt,2026-03-10 10:47:51.822146,2.10306167602539,-64.41927337646484,0.0022341918665915,24.872,-0.021,0.192,0.0,0,0,1,,1.0,2026-03-10T10:47:51.822146,neutral,0.985,2026-03-10T10:47:50.801013,0.1304084860555614,2026-03-10T10:47:50.998000,87,,,
participant_06,4,day,Town10HD_Opt,2026-03-10 10:47:52.870305,-0.6695789098739624,-64.47624969482422,0.0021165846846997,23.228,-0.049,0.349,0.0,0,0,1,,1.0,2026-03-10T10:47:52.870305,neutral,0.866,2026-03-10T10:47:52.870305,0.0810989361947568,2026-03-10T10:47:52.168000,88,,,
participant_06,4,day,Town10HD_Opt,2026-03-10 10:47:53.857254,-3.376380443572998,-64.5297622680664,0.0020501709077507,23.21,-0.059,0.343,0.0,0,0,1,,1.0,2026-03-10T10:47:53.857254,neutral,0.866,2026-03-10T10:47:52.870305,0.0837619666961263,2026-03-10T10:47:53.114000,88,,,
participant_06,4,day,Town10HD_Opt,2026-03-10 10:47:54.895559,-6.085513591766357,-64.5809097290039,0.0020428847055882,23.238,-0.078,0.352,0.0,0,0,1,,1.0,2026-03-10T10:47:54.895559,neutral,0.982,2026-03-10T10:47:54.895559,0.0534004885441089,2026-03-10T10:47:54.058000,87,,,
participant_06,4,day,Town10HD_Opt,2026-03-10 10:47:55.440064,-7.442088603973389,-64.60493469238281,0.0020400618668645,23.287,-0.2,0.354,0.0,0,0,1,,1.0,2026-03-10T10:47:55.440064,neutral,0.982,2026-03-10T10:47:54.895559,0.1237843014505327,2026-03-10T10:47:55.082000,86,,,
participant_06,4,day,Town10HD_Opt,2026-03-10 10:47:56.469231,-10.155324935913086,-64.64630889892578,0.0020772933494299,22.782,-0.24,0.0,0.0,0,0,1,,1.0,2026-03-10T10:47:56.469231,neutral,0.982,2026-03-10T10:47:54.895559,0.1506302917819464,2026-03-10T10:47:56.218000,88,,,
participant_06,4,day,Town10HD_Opt,2026-03-10 10:47:57.458221,-12.607328414916992,-64.67310333251953,0.0022102736402302,19.19,-0.374,0.0,0.0,0,0,1,,1.0,2026-03-10T10:47:57.458221,neutral,0.995,2026-03-10T10:47:57.458221,0.0745512940178663,2026-03-10T10:47:57.433000,89,,,
participant_06,4,day,Town10HD_Opt,2026-03-10 10:47:58.485049,-14.65600299835205,-64.6860122680664,0.0019903944339603,16.182,-0.336,0.0,0.0,0,0,1,,1.0,2026-03-10T10:47:58.485049,neutral,0.995,2026-03-10T10:47:57.458221,0.0602451860431919,2026-03-10T10:47:57.433000,88,,,
participant_06,4,day,Town10HD_Opt,2026-03-10 10:47:59.479776,-16.383575439453125,-64.69090270996094,0.0020427322015166,13.362,-0.336,0.0,0.0,0,0,1,,1.0,2026-03-10T10:47:59.479776,neutral,0.985,2026-03-10T10:47:59.479776,0.0947620578170866,2026-03-10T10:47:59.233000,86,,,
participant_06,4,day,Town10HD_Opt,2026-03-10 10:48:00.503836,-17.8282527923584,-64.69070434570312,0.0020266722422093,11.174,-0.336,0.0,0.0,0,0,1,,1.0,2026-03-10T10:48:00.503836,neutral,0.985,2026-03-10T10:47:59.479776,0.0862602889404283,2026-03-10T10:47:59.997000,87,,,
participant_06,4,day,Town10HD_Opt,2026-03-10 10:48:01.545474,-19.03598022460937,-64.68831634521484,0.0020003127865493,9.851,0.399,0.886,0.0,0,0,1,,1.0,2026-03-10T10:48:01.545474,neutral,0.996,2026-03-10T10:48:01.545474,0.0610968281606012,2026-03-10T10:48:00.988000,86,,,
participant_06,4,day,Town10HD_Opt,2026-03-10 10:48:02.576813,-20.59034538269043,-64.6969985961914,0.001518859877251,18.008,0.623,0.932,0.0,0,0,1,,1.0,2026-03-10T10:48:02.576813,neutral,0.996,2026-03-10T10:48:01.545474,0.0999508805001868,2026-03-10T10:48:01.978000,88,,,
participant_06,4,day,Town10HD_Opt,2026-03-10 10:48:03.629959,-23.13698005676269,-64.72708129882812,0.0016341400332748,27.223,0.653,1.0,0.0,0,0,1,,1.0,2026-03-10T10:48:03.629959,neutral,0.981,2026-03-10T10:48:03.629959,0.1186293514744887,2026-03-10T10:48:03.014000,88,,,
participant_06,4,day,Town10HD_Opt,2026-03-10 10:48:04.639448,-26.880136489868164,-64.81148529052734,0.0015116500435397,37.387,0.738,1.0,0.0,0,0,1,,1.0,2026-03-10T10:48:04.639448,neutral,0.981,2026-03-10T10:48:03.629959,0.0496703111259016,2026-03-10T10:48:04.138000,86,,,
participant_06,4,day,Town10HD_Opt,2026-03-10 10:48:05.631255,-31.83261680603028,-64.99205780029297,0.0015473556704819,48.118,0.602,1.0,0.0,0,0,1,,1.0,2026-03-10T10:48:05.631255,neutral,0.994,2026-03-10T10:48:05.631255,0.182784406367517,2026-03-10T10:48:05.128000,86,,,
participant_06,4,day,Town10HD_Opt,2026-03-10 10:48:06.630535,-37.7573356628418,-65.2963638305664,0.0019483566284179,50.831,0.033,0.0,0.0,0,0,1,,1.0,2026-03-10T10:48:06.630535,neutral,0.994,2026-03-10T10:48:05.631255,0.02,2026-03-10T10:48:06.028000,87,,,
participant_06,4,day,Town10HD_Opt,2026-03-10 10:48:07.646552,-43.25992965698242,-65.67412567138672,0.0023560714907944,43.103,4.612,0.0,0.0,0,0,1,,1.0,2026-03-10T10:48:07.646552,neutral,0.998,2026-03-10T10:48:07.646552,0.1020354181252568,2026-03-10T10:48:06.975000,88,,,
participant_06,4,day,Town10HD_Opt,2026-03-10 10:48:08.636328,-47.88551330566406,-66.35681915283203,0.0023723221383988,36.833,-1.445,0.185,0.0,0,0,1,,1.0,2026-03-10T10:48:08.636328,neutral,0.998,2026-03-10T10:48:07.646552,0.2104617683909873,2026-03-10T10:48:07.963000,87,,,
participant_06,4,day,Town10HD_Opt,2026-03-10 10:48:09.645214,-52.00021362304688,-66.89598846435547,0.0020182800944894,36.612,-2.306,0.989,0.0,0,0,1,,1.0,2026-03-10T10:48:09.645214,neutral,0.998,2026-03-10T10:48:07.646552,0.3539779719139548,2026-03-10T10:48:09.088000,87,,,
participant_06,4,day,Town10HD_Opt,2026-03-10 10:48:10.624661,-56.76481628417969,-67.422607421875,0.0016211319016292,46.518,-0.604,1.0,0.0,0,0,1,,1.0,2026-03-10T10:48:10.624661,neutral,0.918,2026-03-10T10:48:10.624661,0.3035994195116678,2026-03-10T10:48:09.989000,86,,,
participant_06,4,day,Town10HD_Opt,2026-03-10 10:48:11.703525,-62.57622528076172,-67.96974182128906,0.0017984008882194,51.743,-4.244,0.0,0.174,0,0,1,,1.0,2026-03-10T10:48:11.703525,neutral,0.918,2026-03-10T10:48:10.624661,0.3444731946750693,2026-03-10T10:48:10.978000,89,,,
participant_06,4,day,Town10HD_Opt,2026-03-10 10:48:12.713388,-68.34628295898438,-68.0110855102539,0.0020307921804487,49.759,-4.11,0.972,0.0,0,0,1,,1.0,2026-03-10T10:48:12.713388,neutral,0.97,2026-03-10T10:48:12.713388,0.4680727063160426,2026-03-10T10:48:11.969000,86,,,
participant_06,4,day,Town10HD_Opt,2026-03-10 10:48:13.732382,-74.25222778320312,-67.34809112548828,0.0021692274603992,49.191,-7.323,0.949,0.0,0,0,1,,1.0,2026-03-10T10:48:13.732382,neutral,0.97,2026-03-10T10:48:12.713388,0.4821592708701699,2026-03-10T10:48:13.003000,86,,,
participant_06,4,day,Town10HD_Opt,2026-03-10 10:48:14.702956,-79.80158233642578,-65.68506622314453,0.0018576049478724,52.184,-3.773,0.0,0.218,0,0,1,,0.81,2026-03-10T10:48:14.702956,neutral,0.97,2026-03-10T10:48:12.713388,0.56071327497707,2026-03-10T10:48:14.084000,87,,,
participant_06,4,day,Town10HD_Opt,2026-03-10 10:48:15.724433,-85.1785659790039,-63.29690933227539,0.0021809004247188,48.805,-4.256,0.889,0.0,0,0,1,,1.0,2026-03-10T10:48:15.724433,neutral,0.946,2026-03-10T10:48:15.724433,0.560271825182876,2026-03-10T10:48:14.984000,85,,,
participant_06,4,day,Town10HD_Opt,2026-03-10 10:48:16.729687,-90.26730346679688,-60.33585739135742,0.0020597837865352,49.63,-4.2,0.866,0.0,0,0,1,,1.0,2026-03-10T10:48:16.729687,neutral,0.946,2026-03-10T10:48:15.724433,0.5568163854936946,2026-03-10T10:48:15.973000,87,,,
participant_06,4,day,Town10HD_Opt,2026-03-10 10:48:17.795654,-94.86151123046876,-56.90310287475586,0.0019765852484852,50.389,-4.24,0.534,0.0,0,0,1,,1.0,2026-03-10T10:48:17.795654,neutral,0.891,2026-03-10T10:48:17.795654,0.686058085995462,2026-03-10T10:48:16.963000,89,,,
participant_06,4,day,Town10HD_Opt,2026-03-10 10:48:18.793453,-99.07915496826172,-52.91825485229492,0.0021458053961396,48.059,-4.11,0.0,0.0,0,0,1,,1.0,2026-03-10T10:48:18.793453,neutral,0.891,2026-03-10T10:48:17.795654,0.473927423215664,2026-03-10T10:48:17.953000,91,,,
participant_06,4,day,Town10HD_Opt,2026-03-10 10:48:19.843195,-102.5078125,-48.867713928222656,0.0022960281930863,42.906,-3.848,0.421,0.0,0,0,1,,1.0,2026-03-10T10:48:19.843195,neutral,0.818,2026-03-10T10:48:19.843195,0.6649125971928838,2026-03-10T10:48:19.080000,90,,,
participant_06,4,day,Town10HD_Opt,2026-03-10 10:48:20.814706,-105.25655364990234,-44.80488586425781,0.0021280669607222,41.471,-5.326,0.387,0.0,0,0,1,,1.0,2026-03-10T10:48:20.814706,neutral,0.818,2026-03-10T10:48:19.843195,0.62943352334825,2026-03-10T10:48:20.024000,91,,,
participant_06,4,day,Town10HD_Opt,2026-03-10 10:48:21.862797,-107.30377960205078,-40.62248611450195,0.0022755051031708,37.431,-10.058,0.0,0.0,0,0,1,,1.0,2026-03-10T10:48:21.862797,neutral,0.86,2026-03-10T10:48:21.862797,0.5622794755178042,2026-03-10T10:48:20.969000,89,,,
participant_06,4,day,Town10HD_Opt,2026-03-10 10:48:22.879923,-108.30380249023438,-36.75458908081055,0.0023344801738858,31.474,-6.068,0.0,0.0,0,0,1,,1.0,2026-03-10T10:48:22.879923,neutral,0.86,2026-03-10T10:48:21.862797,0.6669998513722435,2026-03-10T10:48:22.003000,89,,,
participant_06,4,day,Town10HD_Opt,2026-03-10 10:48:23.888686,-108.7476806640625,-33.419189453125,0.0022911452688276,26.458,-3.785,0.041,0.0,0,0,1,,1.0,2026-03-10T10:48:23.888686,neutral,0.661,2026-03-10T10:48:23.888686,0.5332462792091224,2026-03-10T10:48:23.004000,86,,,
participant_06,4,day,Town10HD_Opt,2026-03-10 10:48:24.886455,-108.9623031616211,-30.5544376373291,0.0021992111578583,23.209,-1.26,0.306,0.0,0,0,1,,1.0,2026-03-10T10:48:24.886455,neutral,0.661,2026-03-10T10:48:23.888686,0.6234274856591938,2026-03-10T10:48:23.983000,87,,,
participant_06,4,day,Town10HD_Opt,2026-03-10 10:48:25.901121,-109.10139465332033,-27.87288475036621,0.0020307539962232,23.517,-1.814,0.478,0.0,0,0,1,,1.0,2026-03-10T10:48:25.901121,neutral,0.727,2026-03-10T10:48:25.901121,0.4917972426570084,2026-03-10T10:48:25.965000,86,,,errors=Solid line crossing
participant_06,4,day,Town10HD_Opt,2026-03-10 10:48:26.946318,-109.18350982666016,-25.038026809692383,0.0019617462530732,25.173,-1.241,0.45,0.0,0,0,1,,1.0,2026-03-10T10:48:26.946318,neutral,0.727,2026-03-10T10:48:25.901121,0.5242679194600778,2026-03-10T10:48:26.998000,86,,,
participant_06,4,day,Town10HD_Opt,2026-03-10 10:48:27.481361,-109.20802307128906,-23.546031951904297,0.0019740676507353,25.842,-0.562,0.333,0.0,0,0,1,,1.0,2026-03-10T10:48:27.481361,neutral,0.727,2026-03-10T10:48:25.901121,0.5241685741529777,2026-03-10T10:48:26.998000,86,Solid line crossing,Solid line crossing,
participant_06,4,day,Town10HD_Opt,2026-03-10 10:48:28.525123,-109.2606201171875,-20.609663009643555,0.0021628951653838,23.282,1.149,0.0,0.0,0,0,1,,1.0,2026-03-10T10:48:28.525123,fear,0.435,2026-03-10T10:48:28.525123,0.5360767807617408,2026-03-10T10:48:28.259000,85,,,
participant_06,4,day,Town10HD_Opt,2026-03-10 10:48:29.541396,-109.34305572509766,-18.1127872467041,0.0022614288609474,19.083,-0.035,0.0,0.248,0,0,1,,1.0,2026-03-10T10:48:29.541396,fear,0.435,2026-03-10T10:48:28.525123,0.5615662917940392,2026-03-10T10:48:29.023000,86,,,
participant_06,4,day,Town10HD_Opt,2026-03-10 10:48:30.554480,-109.40422821044922,-16.16376304626465,0.0020934676285833,14.343,-0.284,0.0,0.535,0,0,1,,1.0,2026-03-10T10:48:30.554480,neutral,0.989,2026-03-10T10:48:30.554480,0.5230639926145665,2026-03-10T10:48:30.014000,85,,,errors=Harsh braking
participant_06,4,day,Town10HD_Opt,2026-03-10 10:48:31.564693,-109.4425048828125,-14.811421394348145,0.0021775816567242,8.933,-0.28,0.0,0.772,0,0,1,,1.0,2026-03-10T10:48:31.564693,neutral,0.989,2026-03-10T10:48:30.554480,0.4666466091109812,2026-03-10T10:48:31.048000,85,,,errors=Vehicle collision
participant_06,4,day,Town10HD_Opt,2026-03-10 10:48:32.575892,-109.44893646240234,-14.51313591003418,-0.0004953765892423,0.04,-0.28,0.0,0.976,0,0,1,,1.0,2026-03-10T10:48:32.575892,neutral,0.836,2026-03-10T10:48:32.575892,0.56264107792692,2026-03-10T10:48:32.038000,87,,,
participant_06,4,day,Town10HD_Opt,2026-03-10 10:48:33.572200,-109.44866180419922,-14.513399124145508,0.0017199707217514,0.002,-0.167,0.0,0.037,0,0,1,,1.0,2026-03-10T10:48:33.572200,neutral,0.836,2026-03-10T10:48:32.575892,0.5430610840959919,2026-03-10T10:48:33.209000,82,,,
participant_06,4,day,Town10HD_Opt,2026-03-10 10:48:34.542435,-109.4486312866211,-14.513436317443848,0.00186450954061,0.0,-0.181,0.0,0.022,0,0,1,,1.0,2026-03-10T10:48:34.542435,neutral,0.836,2026-03-10T10:48:32.575892,0.55646014081482,2026-03-10T10:48:33.983000,83,,,
participant_06,4,day,Town10HD_Opt,2026-03-10 10:48:35.530590,-109.44862365722656,-14.513436317443848,0.0018695830367505,0.0,-0.181,0.0,0.02,0,0,1,,1.0,2026-03-10T10:48:35.530590,angry,0.489,2026-03-10T10:48:35.530590,0.5609797635495319,2026-03-10T10:48:35.055000,82,,,
participant_06,4,day,Town10HD_Opt,2026-03-10 10:48:36.526805,-109.4486083984375,-14.51344108581543,0.0018891524523496,0.0,-0.193,0.0,0.0,0,0,1,,1.0,2026-03-10T10:48:36.526805,angry,0.489,2026-03-10T10:48:35.530590,0.6022724584582995,2026-03-10T10:48:36.134000,83,,,errors=Vehicle collision
participant_06,4,day,Town10HD_Opt,2026-03-10 10:48:37.495464,-109.44862365722656,-14.51369857788086,0.0019111251458525,0.012,0.334,0.0,0.0,0,0,1,,1.0,2026-03-10T10:48:37.495464,angry,0.489,2026-03-10T10:48:35.530590,0.5610837530524487,2026-03-10T10:48:36.134000,83,,,
participant_06,4,day,Town10HD_Opt,2026-03-10 10:48:38.460746,-109.44859313964844,-14.513434410095217,0.0019058608449995,0.0,0.822,0.0,0.0,0,0,1,,1.0,2026-03-10T10:48:38.460746,sad,0.605,2026-03-10T10:48:38.460746,0.6046038725713052,2026-03-10T10:48:36.134000,82,,,
participant_06,4,day,Town10HD_Opt,2026-03-10 10:48:39.460188,-109.44859313964844,-14.513436317443848,0.0019121170043945,0.0,0.313,0.0,0.0,0,0,1,,1.0,2026-03-10T10:48:39.460188,sad,0.605,2026-03-10T10:48:38.460746,0.5330751812548437,2026-03-10T10:48:36.134000,83,,,
participant_06,4,day,Town10HD_Opt,2026-03-10 10:48:40.514405,-109.44859313964844,-14.513442039489746,0.0019171523163095,0.0,0.933,0.0,0.0,0,0,1,,1.0,2026-03-10T10:48:40.514405,neutral,0.639,2026-03-10T10:48:40.514405,0.5353562320053387,2026-03-10T10:48:36.134000,84,,,
participant_06,4,day,Town10HD_Opt,2026-03-10 10:48:41.555996,-109.44860076904295,-14.513468742370604,0.0019190978491678,0.002,0.266,0.297,0.0,0,1,-1,,1.0,2026-03-10T10:48:41.555996,neutral,0.639,2026-03-10T10:48:40.514405,0.6191446229948205,2026-03-10T10:48:36.134000,84,,,
participant_06,4,day,Town10HD_Opt,2026-03-10 10:48:42.542293,-109.44676208496094,-14.57384967803955,0.002100562909618,3.15,0.313,0.892,0.0,0,1,-1,,1.0,2026-03-10T10:48:42.542293,sad,0.453,2026-03-10T10:48:42.542293,0.6183297935079843,2026-03-10T10:48:36.134000,82,,,
participant_06,4,day,Town10HD_Opt,2026-03-10 10:48:43.591621,-109.4235610961914,-15.303202629089355,0.0022037506569176,9.036,0.324,0.437,0.0,0,1,-1,,1.0,2026-03-10T10:48:43.591621,sad,0.453,2026-03-10T10:48:42.542293,0.5870527328901262,2026-03-10T10:48:36.134000,83,,,
participant_06,4,day,Town10HD_Opt,2026-03-10 10:48:44.620228,-109.39390563964844,-16.31529998779297,0.0017456435598433,3.721,-0.458,0.0,0.0,0,0,1,,1.0,2026-03-10T10:48:44.620228,neutral,0.652,2026-03-10T10:48:44.620228,0.5285387306645005,2026-03-10T10:48:36.134000,81,,,
participant_06,4,day,Town10HD_Opt,2026-03-10 10:48:45.646519,-109.38983154296876,-16.41895294189453,0.0016149901784956,1.961,-19.332,0.745,0.0,0,0,1,,1.0,2026-03-10T10:48:45.646519,neutral,0.652,2026-03-10T10:48:44.620228,0.5253177497670626,2026-03-10T10:48:36.134000,82,,,errors=Solid line crossing
participant_06,4,day,Town10HD_Opt,2026-03-10 10:48:46.660076,-109.2509765625,-15.788300514221191,0.0015703963581472,9.319,-29.317,0.76,0.0,0,0,1,,1.0,2026-03-10T10:48:46.660076,neutral,0.753,2026-03-10T10:48:46.660076,0.6172256056733436,2026-03-10T10:48:36.134000,81,,,
participant_06,4,day,Town10HD_Opt,2026-03-10 10:48:47.663479,-108.73445892333984,-14.357807159423828,0.001583824167028,16.681,-20.503,0.749,0.0,0,0,1,,1.0,2026-03-10T10:48:47.663479,neutral,0.753,2026-03-10T10:48:46.660076,0.6150096442820192,2026-03-10T10:48:36.134000,83,,,
participant_06,4,day,Town10HD_Opt,2026-03-10 10:48:48.738181,-108.06049346923828,-12.22265338897705,0.0018756865756586,21.922,15.884,0.763,0.0,0,0,1,,1.0,2026-03-10T10:48:48.738181,angry,0.713,2026-03-10T10:48:48.738181,0.5615598728720879,2026-03-10T10:48:36.134000,82,,,
participant_06,4,day,Town10HD_Opt,2026-03-10 10:48:49.810754,-107.7755355834961,-9.36121940612793,0.0017568205948919,28.227,5.073,0.68,0.0,0,0,1,,1.0,2026-03-10T10:48:49.810754,angry,0.713,2026-03-10T10:48:48.738181,0.657778444257687,2026-03-10T10:48:36.134000,81,,,
participant_06,4,day,Town10HD_Opt,2026-03-10 10:48:50.846375,-107.6754150390625,-5.814822673797607,0.0017903136322274,32.907,3.047,0.664,0.0,0,0,1,,1.0,2026-03-10T10:48:50.846375,angry,0.417,2026-03-10T10:48:50.846375,0.5824590500567384,2026-03-10T10:48:36.134000,82,,,
participant_06,4,day,Town10HD_Opt,2026-03-10 10:48:51.924109,-107.76810455322266,-1.7370461225509644,0.001861419645138,36.66,1.05,0.574,0.0,0,0,1,,1.0,2026-03-10T10:48:51.924109,angry,0.417,2026-03-10T10:48:50.846375,0.519815072217648,2026-03-10T10:48:36.134000,81,,,errors=Red light violation
participant_06,4,day,Town10HD_Opt,2026-03-10 10:48:52.488967,-107.86103057861328,0.4383885860443115,0.0019043731736019,37.846,0.364,0.493,0.0,0,0,1,,1.0,2026-03-10T10:48:52.488967,angry,0.417,2026-03-10T10:48:50.846375,0.5530778031921771,2026-03-10T10:48:36.134000,84,,,
participant_06,4,day,Town10HD_Opt,2026-03-10 10:48:53.567696,-107.99348449707033,4.918452262878418,0.0019929122645407,38.839,-6.573,0.462,0.0,0,0,1,,1.0,2026-03-10T10:48:53.567696,angry,0.812,2026-03-10T10:48:53.567696,0.5643218702991077,2026-03-10T10:48:36.134000,82,,,
participant_06,4,day,Town10HD_Opt,2026-03-10 10:48:54.630828,-107.58185577392578,9.433926582336426,0.0020352171268314,39.046,-7.033,0.453,0.0,0,0,1,,0.808,2026-03-10T10:48:54.630828,angry,0.812,2026-03-10T10:48:53.567696,0.5675589926488573,2026-03-10T10:48:36.134000,84,,,
participant_06,4,day,Town10HD_Opt,2026-03-10 10:48:55.650341,-106.48052215576172,13.862829208374023,0.0020388029515743,39.259,-5.86,0.452,0.0,0,0,1,,1.0,2026-03-10T10:48:55.650341,angry,0.59,2026-03-10T10:48:55.650341,0.6141031758929612,2026-03-10T10:48:36.134000,82,,,
participant_06,4,day,Town10HD_Opt,2026-03-10 10:48:56.701959,-104.80220794677734,18.12914085388184,0.0020413971506059,39.406,-6.955,0.451,0.0,0,0,1,,0.814,2026-03-10T10:48:56.701959,angry,0.59,2026-03-10T10:48:55.650341,0.5258514906723184,2026-03-10T10:48:36.134000,81,,,
participant_06,4,day,Town10HD_Opt,2026-03-10 10:48:57.803262,-102.39044952392578,22.009014129638672,0.0020751571282744,39.092,-15.287,0.449,0.0,0,0,1,,1.0,2026-03-10T10:48:57.803262,neutral,0.578,2026-03-10T10:48:57.803262,0.5108425552144041,2026-03-10T10:48:36.134000,84,,,
participant_06,4,day,Town10HD_Opt,2026-03-10 10:48:58.859515,-99.04663848876952,25.07009506225586,0.0020745086949318,38.945,-11.641,0.448,0.0,0,0,1,,1.0,2026-03-10T10:48:58.859515,neutral,0.578,2026-03-10T10:48:57.803262,0.5881959944990967,2026-03-10T10:48:36.134000,83,,,
participant_06,4,day,Town10HD_Opt,2026-03-10 10:48:59.921960,-95.03995513916016,27.13766288757324,0.0020854568574577,38.639,-14.805,0.447,0.0,0,0,1,,1.0,2026-03-10T10:48:59.921960,angry,0.939,2026-03-10T10:48:59.921960,0.5438236668218587,2026-03-10T10:48:36.134000,84,,,
participant_06,4,day,Town10HD_Opt,2026-03-10 10:49:00.484902,-92.87059020996094,27.694250106811523,0.002105827210471,38.169,-13.472,0.0,0.0,0,0,1,,1.0,2026-03-10T10:49:00.484902,angry,0.939,2026-03-10T10:48:59.921960,0.6610432921175657,2026-03-10T10:48:36.134000,82,,,
participant_06,4,day,Town10HD_Opt,2026-03-10 10:49:01.542267,-88.72946166992188,28.01972198486328,0.0022990799043327,33.001,-3.328,0.0,0.0,0,0,1,,1.0,2026-03-10T10:49:01.542267,angry,0.939,2026-03-10T10:48:59.921960,0.6018318624379181,2026-03-10T10:48:36.134000,82,,,
participant_06,4,day,Town10HD_Opt,2026-03-10 10:49:02.633179,-85.20264434814453,27.99671173095703,0.0022977828048169,27.735,-0.291,0.0,0.0,0,0,1,,1.0,2026-03-10T10:49:02.633179,angry,0.669,2026-03-10T10:49:02.633179,0.5430871890852832,2026-03-10T10:48:36.134000,84,,,
participant_06,4,day,Town10HD_Opt,2026-03-10 10:49:03.698433,-82.25318908691406,27.95724105834961,0.0022696685045957,23.09,0.367,0.0,0.0,0,0,1,,1.0,2026-03-10T10:49:03.698433,angry,0.669,2026-03-10T10:49:02.633179,0.612617196730261,2026-03-10T10:48:36.134000,84,,,
participant_06,4,day,Town10HD_Opt,2026-03-10 10:49:04.730525,-79.81352996826172,27.935834884643555,0.0022440718021243,18.979,0.334,0.0,0.0,0,0,1,,0.886,2026-03-10T10:49:04.730525,neutral,0.978,2026-03-10T10:49:04.730525,0.593319478982213,2026-03-10T10:48:36.134000,83,,,
participant_06,4,day,Town10HD_Opt,2026-03-10 10:49:05.769732,-77.7842788696289,27.918983459472656,0.001999053871259,16.058,-0.287,0.0,0.0,0,0,1,,1.0,2026-03-10T10:49:05.769732,neutral,0.978,2026-03-10T10:49:04.730525,0.5894509330774239,2026-03-10T10:48:36.134000,86,,,
participant_06,4,day,Town10HD_Opt,2026-03-10 10:49:06.789254,-76.07015991210938,27.897891998291016,0.002042579697445,13.259,-0.322,0.0,0.0,0,0,1,,1.0,2026-03-10T10:49:06.789254,neutral,0.588,2026-03-10T10:49:06.789254,0.5592132899153531,2026-03-10T10:48:36.134000,82,,,
participant_06,4,day,Town10HD_Opt,2026-03-10 10:49:07.779174,-74.633544921875,27.87608337402344,0.0020248412620276,11.123,-0.327,0.0,0.0,0,0,1,,1.0,2026-03-10T10:49:07.779174,neutral,0.588,2026-03-10T10:49:06.789254,0.5809210812444314,2026-03-10T10:48:36.134000,81,,,
participant_06,4,day,Town10HD_Opt,2026-03-10 10:49:08.817239,-73.42848205566406,27.85484504699707,0.0020083235576748,9.465,-0.327,0.0,0.0,0,0,1,,1.0,2026-03-10T10:49:08.817239,angry,0.828,2026-03-10T10:49:08.817239,0.4799847311551862,2026-03-10T10:48:36.134000,82,,,
participant_06,4,day,Town10HD_Opt,2026-03-10 10:49:09.809673,-72.4180679321289,27.83495140075684,0.0019940184429287,7.821,-0.327,0.0,0.0,0,0,1,,1.0,2026-03-10T10:49:09.809673,angry,0.828,2026-03-10T10:49:08.817239,0.6167866233477749,2026-03-10T10:48:36.134000,82,,,
participant_06,4,day,Town10HD_Opt,2026-03-10 10:49:10.854986,-71.57089233398438,27.81679344177246,0.0019820784218609,6.557,-0.327,0.0,0.0,0,0,1,,1.0,2026-03-10T10:49:10.854986,angry,0.452,2026-03-10T10:49:10.854986,0.4266605515921719,2026-03-10T10:48:36.134000,84,,,
participant_06,4,day,Town10HD_Opt,2026-03-10 10:49:11.833339,-70.86061096191406,27.80052757263184,0.0019717407412827,5.579,-0.327,0.0,0.0,0,0,1,,1.0,2026-03-10T10:49:11.833339,angry,0.452,2026-03-10T10:49:10.854986,0.5404181234178562,2026-03-10T10:49:11.100000,85,,,
participant_06,4,day,Town10HD_Opt,2026-03-10 10:49:12.865282,-70.26506805419922,27.786170959472656,0.0019632338080555,4.678,-0.317,0.0,0.0,0,0,1,,1.0,2026-03-10T10:49:12.865282,angry,0.576,2026-03-10T10:49:12.865282,0.4892746250511314,2026-03-10T10:49:12.178000,87,,,
participant_06,4,day,Town10HD_Opt,2026-03-10 10:49:13.851954,-69.76577758789062,27.77369880676269,0.0019561767112463,3.922,-0.298,0.0,0.0,0,0,1,,1.0,2026-03-10T10:49:13.851954,angry,0.576,2026-03-10T10:49:12.865282,0.5270690015296318,2026-03-10T10:49:12.991000,86,,,
participant_06,4,day,Town10HD_Opt,2026-03-10 10:49:14.830645,-69.3471908569336,27.762943267822266,0.0019502257928252,3.24,-0.289,0.0,0.0,0,0,1,,1.0,2026-03-10T10:49:14.830645,angry,0.576,2026-03-10T10:49:12.865282,0.5401383562824085,2026-03-10T10:49:13.980000,87,,,
participant_06,4,day,Town10HD_Opt,2026-03-10 10:49:15.805970,-68.99623107910156,27.753719329833984,0.0019451522966846,2.757,-0.289,0.0,0.0,0,0,1,,1.0,2026-03-10T10:49:15.805970,neutral,0.642,2026-03-10T10:49:15.805970,0.5282313058222443,2026-03-10T10:49:14.969000,86,,,
participant_06,4,day,Town10HD_Opt,2026-03-10 10:49:16.765971,-68.70198822021484,27.74582290649414,0.0019409561064094,2.311,-0.289,0.0,0.0,0,0,1,,1.0,2026-03-10T10:49:16.765971,neutral,0.642,2026-03-10T10:49:15.805970,0.4811239574733232,2026-03-10T10:49:15.964000,86,,,
participant_06,4,day,Town10HD_Opt,2026-03-10 10:49:17.714457,-68.45526885986328,27.73909568786621,0.0019374465337023,1.938,-0.289,0.0,0.0,0,0,1,,1.0,2026-03-10T10:49:17.714457,neutral,0.642,2026-03-10T10:49:15.805970,0.6003856761445352,2026-03-10T10:49:16.994000,86,,,
participant_06,4,day,Town10HD_Opt,2026-03-10 10:49:18.690909,-68.24844360351562,27.73336601257324,0.0019344710744917,1.601,-0.289,0.0,0.0,0,0,1,,1.0,2026-03-10T10:49:18.690909,angry,0.932,2026-03-10T10:49:18.690909,0.6755606384600087,2026-03-10T10:49:17.984000,85,,,
participant_06,4,day,Town10HD_Opt,2026-03-10 10:49:19.672241,-68.07503509521484,27.72851181030273,0.0019319915445521,1.362,-0.289,0.0,0.0,0,0,1,,1.0,2026-03-10T10:49:19.672241,angry,0.932,2026-03-10T10:49:18.690909,0.5780518405048926,2026-03-10T10:49:19.064000,84,,,
participant_06,4,day,Town10HD_Opt,2026-03-10 10:49:20.613469,-67.92964172363281,27.72439956665039,0.0019299315754324,1.142,-0.289,0.0,0.0,0,0,1,,1.0,2026-03-10T10:49:20.613469,angry,0.932,2026-03-10T10:49:18.690909,0.6304762854279249,2026-03-10T10:49:20.054000,85,,,
participant_06,4,day,Town10HD_Opt,2026-03-10 10:49:21.605594,-67.80769348144531,27.720924377441406,0.0019280624110251,0.958,-0.289,0.0,0.0,0,0,1,,1.0,2026-03-10T10:49:21.605594,neutral,0.621,2026-03-10T10:49:21.605594,0.6522784406811682,2026-03-10T10:49:21,87,,,
participant_06,4,day,Town10HD_Opt,2026-03-10 10:49:22.583106,-67.70541381835938,27.71799087524414,0.0019266890594735,0.804,-0.284,0.0,0.0,0,0,1,,1.0,2026-03-10T10:49:22.583106,neutral,0.621,2026-03-10T10:49:21.605594,0.516101530197061,2026-03-10T10:49:22.259000,83,,,
participant_06,4,day,Town10HD_Opt,2026-03-10 10:49:23.604296,-67.61962127685547,27.715518951416016,0.0019254302605986,0.674,-0.207,0.0,0.0,0,0,1,,1.0,2026-03-10T10:49:23.604296,neutral,0.621,2026-03-10T10:49:21.605594,0.57381204111976,2026-03-10T10:49:23.070000,84,,,
participant_06,4,day,Town10HD_Opt,2026-03-10 10:49:24.629872,-67.54769134521484,27.71352195739746,0.0019244384020566,0.557,0.237,0.0,0.0,0,0,1,,1.0,2026-03-10T10:49:24.629872,neutral,0.622,2026-03-10T10:49:24.629872,0.5410476227113408,2026-03-10T10:49:23.969000,84,,,
participant_06,4,day,Town10HD_Opt,2026-03-10 10:49:25.604795,-67.48737335205078,27.71212577819824,0.0019235991640016,0.467,0.672,0.0,0.0,0,0,1,,1.0,2026-03-10T10:49:25.604795,neutral,0.622,2026-03-10T10:49:24.629872,0.5598519656597662,2026-03-10T10:49:25.049000,86,,,
participant_06,4,day,Town10HD_Opt,2026-03-10 10:49:26.624584,-67.43804168701172,27.71111297607422,0.001929817139171,0.671,0.745,0.584,0.0,0,0,1,,0.837,2026-03-10T10:49:26.624584,neutral,0.622,2026-03-10T10:49:24.629872,0.660183515224758,2026-03-10T10:49:25.994000,84,,,
participant_06,4,day,Town10HD_Opt,2026-03-10 10:49:27.684822,-66.9989242553711,27.70276260375977,0.0014974975492805,9.627,0.846,1.0,0.0,0,0,1,,1.0,2026-03-10T10:49:27.684822,angry,0.991,2026-03-10T10:49:27.684822,0.6010502266358605,2026-03-10T10:49:26.984000,82,,,
participant_06,4,day,Town10HD_Opt,2026-03-10 10:49:28.760154,-65.35797882080078,27.67895698547364,0.001583824167028,18.771,0.731,0.878,0.0,0,0,1,,1.0,2026-03-10T10:49:28.760154,angry,0.991,2026-03-10T10:49:27.684822,0.6236559912206998,2026-03-10T10:49:27.974000,85,,,
participant_06,4,day,Town10HD_Opt,2026-03-10 10:49:29.947083,-62.81221008300781,27.65732192993164,0.0016939544584602,26.163,0.625,0.847,0.0,0,0,1,,1.0,2026-03-10T10:49:29.947083,angry,0.996,2026-03-10T10:49:29.947083,0.5903470829403414,2026-03-10T10:49:29.999000,83,,,
participant_06,4,day,Town10HD_Opt,2026-03-10 10:49:30.528258,-61.20237731933594,27.653995513916016,0.0016487502725794,30.309,0.686,0.846,0.0,0,0,1,,1.0,2026-03-10T10:49:30.528258,angry,0.996,2026-03-10T10:49:29.947083,0.5436809413494711,2026-03-10T10:49:29.999000,85,,,
participant_06,4,day,Town10HD_Opt,2026-03-10 10:49:31.569456,-57.25286865234375,27.67789649963379,0.0016450118273496,38.431,0.515,1.0,0.0,0,0,1,,1.0,2026-03-10T10:49:31.569456,angry,0.996,2026-03-10T10:49:29.947083,0.6192276750676411,2026-03-10T10:49:31.034000,83,,,
participant_06,4,day,Town10HD_Opt,2026-03-10 10:49:32.565840,-52.31488037109375,27.757225036621094,0.0015829467447474,46.973,0.345,1.0,0.0,0,0,1,,1.0,2026-03-10T10:49:32.565840,neutral,0.499,2026-03-10T10:49:32.565840,0.6422060620366057,2026-03-10T10:49:32.069000,85,,,
participant_06,4,day,Town10HD_Opt,2026-03-10 10:49:33.566324,-46.37425994873047,27.906328201293945,0.0018811034969985,51.144,0.261,0.0,0.168,0,0,1,,0.865,2026-03-10T10:49:33.566324,neutral,0.499,2026-03-10T10:49:32.565840,0.6047980158256391,2026-03-10T10:49:32.970000,86,,,
participant_06,4,day,Town10HD_Opt,2026-03-10 10:49:34.616144,-40.6382064819336,28.047821044921875,0.0020559690892696,49.724,-0.999,0.862,0.0,0,0,1,,1.0,2026-03-10T10:49:34.616144,angry,1.0,2026-03-10T10:49:34.616144,0.6116680216492902,2026-03-10T10:49:34.049000,86,,,
participant_06,4,day,Town10HD_Opt,2026-03-10 10:49:35.662162,-34.73781204223633,28.07004165649414,0.0021406935993582,48.767,-0.585,0.81,0.0,0,0,1,,1.0,2026-03-10T10:49:35.662162,angry,1.0,2026-03-10T10:49:34.616144,0.5427109917242214,2026-03-10T10:49:34.995000,85,,,
participant_06,4,day,Town10HD_Opt,2026-03-10 10:49:36.729998,-28.972625732421875,27.989505767822266,0.0019072722643613,51.28,-0.439,0.0,0.128,0,0,1,,1.0,2026-03-10T10:49:36.729998,angry,0.996,2026-03-10T10:49:36.729998,0.6203775925048619,2026-03-10T10:49:36.164000,87,,,
participant_06,4,day,Town10HD_Opt,2026-03-10 10:49:37.758826,-23.14889335632324,27.8498477935791,0.0021685408428311,48.412,-0.021,0.782,0.0,0,0,1,,1.0,2026-03-10T10:49:37.758826,angry,0.996,2026-03-10T10:49:36.729998,0.6459436000959468,2026-03-10T10:49:36.976000,86,,,
participant_06,4,day,Town10HD_Opt,2026-03-10 10:49:38.821228,-17.315229415893555,27.69706153869629,0.0019810104276984,50.121,0.094,0.0,0.0,0,0,1,,1.0,2026-03-10T10:49:38.821228,angry,0.88,2026-03-10T10:49:38.821228,0.608286466149751,2026-03-10T10:49:38.012000,84,,,
participant_06,4,day,Town10HD_Opt,2026-03-10 10:49:39.824396,-11.575992584228516,27.58224296569824,0.0026332091074436,49.944,0.733,0.776,0.0,0,0,1,,1.0,2026-03-10T10:49:39.824396,angry,0.88,2026-03-10T10:49:38.821228,0.5202317173438171,2026-03-10T10:49:39.077000,85,,,
participant_06,4,day,Town10HD_Opt,2026-03-10 10:49:40.866673,-5.707626819610596,27.57280540466309,0.0021456526592373,48.531,0.522,0.561,0.0,0,0,1,,1.0,2026-03-10T10:49:40.866673,angry,0.919,2026-03-10T10:49:40.866673,0.6575282272099041,2026-03-10T10:49:40.124000,85,,,
participant_06,4,day,Town10HD_Opt,2026-03-10 10:49:41.441339,-2.881365299224853,27.6015625,0.0020999144762754,48.492,-0.153,0.542,0.0,0,0,1,,1.0,2026-03-10T10:49:41.441339,angry,0.919,2026-03-10T10:49:40.866673,0.5543100914331422,2026-03-10T10:49:41.120000,84,,,
participant_06,4,day,Town10HD_Opt,2026-03-10 10:49:42.498023,2.811551332473755,27.654266357421875,0.0020156097598373,49.199,-3.186,0.531,0.0,0,0,1,,1.0,2026-03-10T10:49:42.498023,angry,0.919,2026-03-10T10:49:40.866673,0.6076145202544893,2026-03-10T10:49:41.969000,86,,,
participant_06,4,day,Town10HD_Opt,2026-03-10 10:49:43.520992,8.574812889099121,27.43061637878418,0.0020149610936641,49.715,-3.443,0.519,0.0,0,0,1,,1.0,2026-03-10T10:49:43.520992,angry,0.991,2026-03-10T10:49:43.520992,0.6302220979213295,2026-03-10T10:49:42.959000,85,,,
participant_06,4,day,Town10HD_Opt,2026-03-10 10:49:44.533572,14.358019828796388,26.8355712890625,0.0020580291748046,49.547,2.421,0.348,0.0,0,0,1,,1.0,2026-03-10T10:49:44.533572,angry,0.991,2026-03-10T10:49:43.520992,0.6352877800609326,2026-03-10T10:49:44.174000,84,,,
participant_06,4,day,Town10HD_Opt,2026-03-10 10:49:45.536986,19.98646354675293,26.52541732788086,0.0021516035776585,46.955,5.099,0.355,0.0,0,0,1,,1.0,2026-03-10T10:49:45.536986,angry,0.538,2026-03-10T10:49:45.536986,0.520100774707699,2026-03-10T10:49:45.029000,84,,,
participant_06,4,day,Town10HD_Opt,2026-03-10 10:49:46.522919,25.345502853393555,26.90239906311035,0.0021221542265266,45.379,5.125,0.477,0.0,0,0,1,,1.0,2026-03-10T10:49:46.522919,angry,0.538,2026-03-10T10:49:45.536986,0.5967917374218104,2026-03-10T10:49:46.065000,85,,,
participant_06,4,day,Town10HD_Opt,2026-03-10 10:49:47.569287,30.494903564453125,28.024789810180664,0.0022157286293804,44.986,10.891,0.474,0.0,0,0,1,,1.0,2026-03-10T10:49:47.569287,angry,0.986,2026-03-10T10:49:47.569287,0.5941439116141972,2026-03-10T10:49:47.324000,85,,,
participant_06,4,day,Town10HD_Opt,2026-03-10 10:49:48.618737,35.12033462524414,30.33627319335937,0.0021032714284956,43.854,20.442,0.466,0.0,0,0,1,,1.0,2026-03-10T10:49:48.618737,angry,0.986,2026-03-10T10:49:47.569287,0.6496641746879533,2026-03-10T10:49:47.999000,87,,,
participant_06,4,day,Town10HD_Opt,2026-03-10 10:49:49.662653,38.264591217041016,34.12662887573242,0.0022062682546675,41.301,15.795,0.107,0.0,0,0,1,,1.0,2026-03-10T10:49:49.662653,angry,0.652,2026-03-10T10:49:49.662653,0.610451988875318,2026-03-10T10:49:49.034000,84,,,
participant_06,4,day,Town10HD_Opt,2026-03-10 10:49:50.685045,39.659610748291016,38.3983039855957,0.0023352813441306,35.324,4.938,0.0,0.0,0,0,1,,1.0,2026-03-10T10:49:50.685045,angry,0.652,2026-03-10T10:49:49.662653,0.6500277536206912,2026-03-10T10:49:50.114000,83,,,
participant_06,4,day,Town10HD_Opt,2026-03-10 10:49:51.760790,40.26545715332031,42.15949249267578,0.0023511885665357,29.641,4.244,0.0,0.171,0,0,1,,1.0,2026-03-10T10:49:51.760790,angry,0.481,2026-03-10T10:49:51.760790,0.613699751174299,2026-03-10T10:49:51.015000,84,,,
participant_06,4,day,Town10HD_Opt,2026-03-10 10:49:52.861207,40.50265884399414,45.27641677856445,0.0022980880457907,24.408,4.674,0.0,0.0,0,0,1,,1.0,2026-03-10T10:49:52.861207,angry,0.481,2026-03-10T10:49:51.760790,0.5891363989964441,2026-03-10T10:49:51.958000,85,,,
participant_06,4,day,Town10HD_Opt,2026-03-10 10:49:53.898157,40.541282653808594,47.84917831420898,0.0022733688820153,19.82,-0.83,0.0,0.185,0,0,1,,1.0,2026-03-10T10:49:53.898157,neutral,0.932,2026-03-10T10:49:53.898157,0.5998574240404192,2026-03-10T10:49:53.984000,85,,,
participant_07,3,day,Town10HD_Opt,2026-03-11 13:30:00.000000,-41.66535186767578,86.27053833007812,0.0019412230467423,19.387,0.233,0.642,0.0,0,0,1,,1.0,2026-03-11T13:30:00,,,2026-03-11T13:30:00,0.5872391093326363,2026-03-11T13:30:00,84,,,
participant_07,3,day,Town10HD_Opt,2026-03-11 13:30:00.384318,-41.65797805786133,85.08771514892578,0.0018870544154196,21.281,1.826,0.63,0.0,0,0,1,,1.0,2026-03-11T13:30:00,,,2026-03-11T13:30:00,0.5780335129624998,2026-03-11T13:30:00,85,,,
participant_07,3,day,Town10HD_Opt,2026-03-11 13:30:01.324275,-41.36641693115234,80.80606079101562,0.0018410872435197,27.993,5.184,0.611,0.0,0,0,1,,1.0,2026-03-11T13:30:01.324275,,,2026-03-11T13:30:00,0.6109116523526108,2026-03-11T13:30:01.035000,83,,,
participant_07,3,day,Town10HD_Opt,2026-03-11 13:30:02.301318,-40.24771499633789,75.60498046875,0.0018962096655741,33.099,17.598,0.561,0.0,0,0,1,,1.0,2026-03-11T13:30:02.301318,neutral,0.927,2026-03-11T13:30:02.301318,0.5121747748037971,2026-03-11T13:30:02.114000,85,,,
participant_07,3,day,Town10HD_Opt,2026-03-11 13:30:03.315474,-36.69182968139648,70.90681457519531,0.0020344161894172,35.209,23.724,0.153,0.0,0,0,1,,1.0,2026-03-11T13:30:03.315474,neutral,0.927,2026-03-11T13:30:02.301318,0.5774950781592805,2026-03-11T13:30:03.018000,83,,,
participant_07,3,day,Town10HD_Opt,2026-03-11 13:30:04.284686,-31.47342872619629,69.204833984375,0.0023441696539521,27.652,14.643,0.0,0.0,0,0,1,,1.0,2026-03-11T13:30:04.284686,neutral,0.927,2026-03-11T13:30:02.301318,0.5279588325268606,2026-03-11T13:30:04.045000,85,,,
participant_07,3,day,Town10HD_Opt,2026-03-11 13:30:05.275974,-27.20983123779297,69.48440551757812,0.002263565082103,20.91,-2.998,0.016,0.0,0,0,1,,1.0,2026-03-11T13:30:05.275974,neutral,1.0,2026-03-11T13:30:05.275974,0.6025891033385741,2026-03-11T13:30:04.994000,85,,,
participant_07,3,day,Town10HD_Opt,2026-03-11 13:30:06.311880,-23.904823303222656,69.66526794433594,0.0020949554163962,18.227,-1.201,0.535,0.0,0,0,1,,1.0,2026-03-11T13:30:06.311880,neutral,1.0,2026-03-11T13:30:05.275974,0.5702890604403648,2026-03-11T13:30:05.985000,84,,,
participant_07,3,day,Town10HD_Opt,2026-03-11 13:30:07.328789,-20.395248413085938,69.803466796875,0.0018781280377879,22.938,-0.672,0.563,0.0,0,0,1,,1.0,2026-03-11T13:30:07.328789,sad,1.0,2026-03-11T13:30:07.328789,0.4866126943403744,2026-03-11T13:30:07.110000,83,,,
participant_07,3,day,Town10HD_Opt,2026-03-11 13:30:08.317031,-15.99593734741211,69.91316223144531,0.001895370427519,27.626,-1.166,0.525,0.0,0,0,1,,1.0,2026-03-11T13:30:08.317031,sad,1.0,2026-03-11T13:30:07.328789,0.5435925739935556,2026-03-11T13:30:07.965000,84,,,
participant_07,3,day,Town10HD_Opt,2026-03-11 13:30:09.337526,-10.876935005187988,69.9230728149414,0.0019303893204778,31.125,-0.679,0.476,0.0,0,0,1,,1.0,2026-03-11T13:30:09.337526,neutral,0.999,2026-03-11T13:30:09.337526,0.4709158874856168,2026-03-11T13:30:09.134000,86,,,
participant_07,3,day,Town10HD_Opt,2026-03-11 13:30:10.069450,-7.2571234703063965,69.8839340209961,0.0020787429530173,30.254,-0.266,0.224,0.0,0,0,1,,1.0,2026-03-11T13:30:10.069450,neutral,0.999,2026-03-11T13:30:09.337526,0.5023091870899427,2026-03-11T13:30:10.124000,86,,,
participant_07,3,day,Town10HD_Opt,2026-03-11 13:30:11.071322,-2.2257204055786133,69.79931640625,0.0021475600078701,26.99,-0.266,0.211,0.0,0,0,1,,0.83,2026-03-11T13:30:11.071322,neutral,0.999,2026-03-11T13:30:09.337526,0.5047285561609267,2026-03-11T13:30:11.024000,85,,,
participant_07,3,day,Town10HD_Opt,2026-03-11 13:30:12.085005,2.245624542236328,69.69524383544922,0.002142600947991,23.871,-0.16,0.0,0.0,0,0,1,,1.0,2026-03-11T13:30:12.085005,neutral,1.0,2026-03-11T13:30:12.085005,0.5332027976101024,2026-03-11T13:30:11.972000,84,,,
participant_07,3,day,Town10HD_Opt,2026-03-11 13:30:13.318047,7.023569107055664,69.57662963867188,0.0019536209292709,16.974,0.237,0.114,0.0,0,0,1,,1.0,2026-03-11T13:30:13.318047,neutral,1.0,2026-03-11T13:30:12.085005,0.5583330242204877,2026-03-11T13:30:13.230000,84,,,
participant_07,3,day,Town10HD_Opt,2026-03-11 13:30:14.242884,10.104168891906738,69.5138931274414,0.0020735550206154,18.866,0.294,0.289,0.0,0,0,1,,1.0,2026-03-11T13:30:14.242884,neutral,0.983,2026-03-11T13:30:14.242884,0.5894237793837165,2026-03-11T13:30:13.948000,84,,,
participant_07,3,day,Town10HD_Opt,2026-03-11 13:30:15.303983,13.393377304077148,69.475341796875,0.0020882415119558,18.055,1.142,0.195,0.0,0,0,1,,1.0,2026-03-11T13:30:15.303983,neutral,0.983,2026-03-11T13:30:14.242884,0.6134222836124464,2026-03-11T13:30:15.007000,83,,,
participant_07,3,day,Town10HD_Opt,2026-03-11 13:30:16.292107,16.436073303222656,69.4974365234375,0.0020005034748464,15.276,0.693,0.0,0.0,0,0,1,,1.0,2026-03-11T13:30:16.292107,neutral,1.0,2026-03-11T13:30:16.292107,0.6338860624046664,2026-03-11T13:30:15.930000,83,,,
participant_07,3,day,Town10HD_Opt,2026-03-11 13:30:17.306689,18.85161399841309,69.5351333618164,0.0020231246016919,12.08,0.371,0.194,0.0,0,0,1,,1.0,2026-03-11T13:30:17.306689,neutral,1.0,2026-03-11T13:30:16.292107,0.6761358727025972,2026-03-11T13:30:17.504000,85,,,
participant_07,3,day,Town10HD_Opt,2026-03-11 13:30:18.274109,20.88062286376953,69.57501983642578,0.0019981383811682,10.333,0.371,0.0,0.0,0,0,1,,1.0,2026-03-11T13:30:18.274109,neutral,1.0,2026-03-11T13:30:16.292107,0.6398486699270383,2026-03-11T13:30:18.179000,85,,,
participant_07,3,day,Town10HD_Opt,2026-03-11 13:30:19.260863,22.475297927856445,69.61241149902344,0.002014274476096,7.534,0.371,0.0,0.059,0,0,1,,1.0,2026-03-11T13:30:19.260863,neutral,1.0,2026-03-11T13:30:19.260863,0.7177676041608662,2026-03-11T13:30:18.946000,85,,,
participant_07,3,day,Town10HD_Opt,2026-03-11 13:30:20.215405,23.56921768188477,69.64112091064453,0.002073211595416,0.0,0.371,0.0,0.053,0,0,1,,1.0,2026-03-11T13:30:20.215405,neutral,1.0,2026-03-11T13:30:19.260863,0.7942188166414073,2026-03-11T13:30:20.114000,86,,,
participant_07,3,day,Town10HD_Opt,2026-03-11 13:30:21.243761,23.58170890808105,69.64147186279297,0.0019443893106654,0.003,0.39,0.449,0.0,0,0,1,,1.0,2026-03-11T13:30:21.243761,neutral,1.0,2026-03-11T13:30:19.260863,0.7432083425061168,2026-03-11T13:30:21.330000,87,,,
participant_07,3,day,Town10HD_Opt,2026-03-11 13:30:22.253246,24.15588760375977,69.65795135498047,0.0015340042300522,9.884,0.435,0.939,0.0,0,0,1,,1.0,2026-03-11T13:30:22.253246,neutral,1.0,2026-03-11T13:30:22.253246,0.7766273662033322,2026-03-11T13:30:22.409000,89,,,
participant_07,3,day,Town10HD_Opt,2026-03-11 13:30:23.264736,26.955411911010746,69.74398803710938,0.0018121337052434,21.674,-1.892,0.83,0.0,0,0,1,,1.0,2026-03-11T13:30:23.264736,neutral,1.0,2026-03-11T13:30:22.253246,0.7769054440484073,2026-03-11T13:30:23.130000,90,,,
participant_07,3,day,Town10HD_Opt,2026-03-11 13:30:24.245459,31.4995231628418,69.52024841308594,0.0017820739885792,30.527,-11.921,0.628,0.0,0,0,1,,1.0,2026-03-11T13:30:24.245459,neutral,1.0,2026-03-11T13:30:22.253246,0.7863311928047768,2026-03-11T13:30:23.985000,91,,,
participant_07,3,day,Town10HD_Opt,2026-03-11 13:30:25.271707,36.88298797607422,67.65276336669922,0.0019435500726103,34.725,-13.083,0.427,0.0,0,0,1,,1.0,2026-03-11T13:30:25.271707,neutral,0.995,2026-03-11T13:30:25.271707,0.7443260115701686,2026-03-11T13:30:25.020000,88,,,
participant_07,3,day,Town10HD_Opt,2026-03-11 13:30:26.258413,41.60848236083984,63.90972137451172,0.0021011352073401,33.946,-11.989,0.323,0.0,0,0,1,,0.836,2026-03-11T13:30:26.258413,neutral,0.995,2026-03-11T13:30:25.271707,0.7466550647286467,2026-03-11T13:30:26.144000,88,,,
participant_07,3,day,Town10HD_Opt,2026-03-11 13:30:27.226846,44.38484191894531,59.246952056884766,0.0023240661248564,27.267,-18.651,0.0,0.0,0,0,1,,1.0,2026-03-11T13:30:27.226846,neutral,0.995,2026-03-11T13:30:25.271707,0.7111321107477712,2026-03-11T13:30:26.954000,87,,,
participant_07,3,day,Town10HD_Opt,2026-03-11 13:30:28.206417,44.93974685668945,55.08843994140625,0.0022761535365134,20.563,-12.277,0.0,0.0,0,0,1,,1.0,2026-03-11T13:30:28.206417,neutral,0.903,2026-03-11T13:30:28.206417,0.6961318559284368,2026-03-11T13:30:27.945000,90,,,
participant_07,3,day,Town10HD_Opt,2026-03-11 13:30:29.196134,44.639408111572266,51.92240905761719,0.0020082474220544,15.839,-3.32,0.0,0.0,0,0,1,,1.0,2026-03-11T13:30:29.196134,neutral,0.903,2026-03-11T13:30:28.206417,0.6695255612718084,2026-03-11T13:30:28.979000,90,,,
participant_07,3,day,Town10HD_Opt,2026-03-11 13:30:30.188052,44.33828353881836,49.47758102416992,0.0019464110955595,12.122,1.318,0.0,0.0,0,0,1,,1.0,2026-03-11T13:30:30.188052,neutral,0.903,2026-03-11T13:30:28.206417,0.5955688816674991,2026-03-11T13:30:29.975000,88,,,
participant_07,3,day,Town10HD_Opt,2026-03-11 13:30:31.146027,44.15442657470703,47.59818649291992,0.0020068739540874,9.263,1.782,0.0,0.003,0,0,1,,1.0,2026-03-11T13:30:31.146027,neutral,1.0,2026-03-11T13:30:31.146027,0.5820098817129693,2026-03-11T13:30:30.962000,88,,,
participant_07,3,day,Town10HD_Opt,2026-03-11 13:30:32.091757,44.04210662841797,46.19367599487305,0.0019876861479133,6.605,1.845,0.0,0.041,0,0,1,,1.0,2026-03-11T13:30:32.091757,neutral,1.0,2026-03-11T13:30:31.146027,0.605711357240503,2026-03-11T13:30:31.949000,86,,,
participant_07,3,day,Town10HD_Opt,2026-03-11 13:30:33.283528,43.95505142211914,44.85466384887695,0.0019642256665974,4.775,1.711,0.0,0.0,0,0,1,,1.0,2026-03-11T13:30:33.283528,neutral,0.999,2026-03-11T13:30:33.283528,0.6729060767077274,2026-03-11T13:30:32.985000,84,,,
participant_07,3,day,Town10HD_Opt,2026-03-11 13:30:34.235547,43.91059875488281,44.11468505859375,0.0019657134544104,3.424,0.907,0.2,0.0,0,0,1,,1.0,2026-03-11T13:30:34.235547,neutral,0.999,2026-03-11T13:30:33.283528,0.6049743338235807,2026-03-11T13:30:34.019000,84,,,
participant_07,3,day,Town10HD_Opt,2026-03-11 13:30:35.180458,43.84703063964844,43.00678253173828,0.0015094756381586,13.203,1.168,0.973,0.0,0,0,1,,1.0,2026-03-11T13:30:35.180458,neutral,0.999,2026-03-11T13:30:33.283528,0.62422283497102,2026-03-11T13:30:34.965000,83,,,
participant_07,3,day,Town10HD_Opt,2026-03-11 13:30:36.274200,43.7495346069336,39.67432022094727,0.001706504728645,25.368,8.186,0.795,0.0,0,0,1,,1.0,2026-03-11T13:30:36.274200,neutral,1.0,2026-03-11T13:30:36.274200,0.5331482026797697,2026-03-11T13:30:35.955000,82,,,
participant_07,3,day,Town10HD_Opt,2026-03-11 13:30:37.224926,44.67400741577149,34.53936004638672,0.0017687606159597,34.462,15.103,0.661,0.0,0,0,1,,1.0,2026-03-11T13:30:37.224926,neutral,1.0,2026-03-11T13:30:36.274200,0.6195901316073977,2026-03-11T13:30:37.125000,84,,,
participant_07,3,day,Town10HD_Opt,2026-03-11 13:30:38.201190,48.05628204345703,29.36823463439941,0.002171134809032,34.359,16.515,0.0,0.0,0,0,1,,1.0,2026-03-11T13:30:38.201190,neutral,1.0,2026-03-11T13:30:36.274200,0.6012767763173387,2026-03-11T13:30:37.934000,83,,,
participant_07,3,day,Town10HD_Opt,2026-03-11 13:30:39.145409,52.55647277832031,26.70188331604004,0.0023290251847356,25.927,13.804,0.0,0.0,0,0,1,,1.0,2026-03-11T13:30:39.145409,neutral,0.995,2026-03-11T13:30:39.145409,0.4759076972676172,2026-03-11T13:30:39.015000,84,,,
participant_07,3,day,Town10HD_Opt,2026-03-11 13:30:40.124940,56.49067687988281,25.900081634521484,0.0022083281073719,20.696,9.887,0.263,0.0,0,0,1,,1.0,2026-03-11T13:30:40.124940,neutral,0.995,2026-03-11T13:30:39.145409,0.5794760132595049,2026-03-11T13:30:40.004000,84,,,
participant_07,3,day,Town10HD_Opt,2026-03-11 13:30:41.078469,59.89984893798828,25.687084197998047,0.0021400833502411,18.059,0.508,0.112,0.0,0,0,1,,1.0,2026-03-11T13:30:41.078469,neutral,0.995,2026-03-11T13:30:39.145409,0.4878012333144641,2026-03-11T13:30:40.995000,82,,,
participant_07,3,day,Town10HD_Opt,2026-03-11 13:30:42.354191,64.0566177368164,25.53989601135254,0.0019447326194494,16.813,0.289,0.0,0.0,0,0,1,,0.81,2026-03-11T13:30:42.354191,neutral,0.999,2026-03-11T13:30:42.354191,0.5098264889841905,2026-03-11T13:30:41.985000,84,,,
participant_07,3,day,Town10HD_Opt,2026-03-11 13:30:43.300409,66.62977600097656,25.465951919555664,0.0020747375674545,12.308,-1.003,0.0,0.223,0,0,1,,1.0,2026-03-11T13:30:43.300409,neutral,0.999,2026-03-11T13:30:42.354191,0.5646193361116713,2026-03-11T13:30:43.110000,84,,,
participant_07,3,day,Town10HD_Opt,2026-03-11 13:30:44.208710,68.38098907470703,25.39192771911621,0.0020481108222156,7.635,-0.989,0.0,0.143,0,0,1,,1.0,2026-03-11T13:30:44.208710,neutral,0.999,2026-03-11T13:30:42.354191,0.5161385166541828,2026-03-11T13:30:43.967000,83,,,
participant_07,3,day,Town10HD_Opt,2026-03-11 13:30:45.157838,69.39667510986328,25.342697143554688,0.0023704909253865,0.0,-0.642,0.0,0.102,0,0,1,,1.0,2026-03-11T13:30:45.157838,neutral,1.0,2026-03-11T13:30:45.157838,0.4769024519418829,2026-03-11T13:30:45.002000,83,,,
participant_07,3,day,Town10HD_Opt,2026-03-11 13:30:46.063167,69.39720916748047,25.342660903930664,0.001938018715009,0.0,-0.392,0.0,0.009,0,0,1,,1.0,2026-03-11T13:30:46.063167,neutral,1.0,2026-03-11T13:30:45.157838,0.4594774476067852,2026-03-11T13:30:46.304000,83,,,
participant_07,3,day,Town10HD_Opt,2026-03-11 13:30:47.076632,69.39728546142578,25.342660903930664,0.0019204712007194,0.0,1.011,0.0,0.0,0,0,1,,1.0,2026-03-11T13:30:47.076632,neutral,1.0,2026-03-11T13:30:45.157838,0.4391207662353466,2026-03-11T13:30:47.026000,85,,,
participant_07,3,day,Town10HD_Opt,2026-03-11 13:30:48.257850,69.3970947265625,25.34382057189941,0.0028397368732839,0.023,0.663,0.0,0.0,0,0,1,,1.0,2026-03-11T13:30:48.257850,neutral,0.999,2026-03-11T13:30:48.257850,0.4522760137603054,2026-03-11T13:30:48.061000,86,,,errors=Vehicle collision
participant_07,3,day,Town10HD_Opt,2026-03-11 13:30:49.237798,69.39639282226562,25.34478759765625,0.0057052229531109,0.005,0.653,0.0,0.0,0,0,1,,1.0,2026-03-11T13:30:49.237798,neutral,0.999,2026-03-11T13:30:48.257850,0.375814741284839,2026-03-11T13:30:49.232000,88,,,
participant_07,3,day,Town10HD_Opt,2026-03-11 13:30:50.168104,69.86164093017578,25.30793190002441,0.0032794189173728,6.848,0.653,0.806,0.0,0,0,1,,0.832,2026-03-11T13:30:50.168104,neutral,0.999,2026-03-11T13:30:48.257850,0.44681715430654,2026-03-11T13:30:50.130000,88,,,
participant_07,3,day,Town10HD_Opt,2026-03-11 13:30:51.153675,71.74654388427734,25.164213180541992,0.0025133132003247,15.501,0.653,0.979,0.0,0,0,1,,0.838,2026-03-11T13:30:51.153675,neutral,0.999,2026-03-11T13:30:51.153675,0.3359379084255716,2026-03-11T13:30:51.349000,86,,,errors=Vehicle collision
participant_07,3,day,Town10HD_Opt,2026-03-11 13:30:52.137152,75.00212860107422,24.92348289489746,0.0019242477137595,21.831,0.653,0.968,0.0,0,0,1,,0.839,2026-03-11T13:30:52.137152,neutral,0.999,2026-03-11T13:30:51.153675,0.2827581542670887,2026-03-11T13:30:52.471000,86,,,
participant_07,3,day,Town10HD_Opt,2026-03-11 13:30:53.084250,79.49284362792969,24.77812767028809,0.002403526334092,31.286,0.86,0.867,0.0,0,0,1,,1.0,2026-03-11T13:30:53.084250,neutral,0.999,2026-03-11T13:30:51.153675,0.3644865808585563,2026-03-11T13:30:53.505000,84,,,
participant_07,3,day,Town10HD_Opt,2026-03-11 13:30:54.301795,87.08245086669922,25.15501976013184,0.0022357939742505,28.847,-2.97,0.118,0.0,0,0,1,,1.0,2026-03-11T13:30:54.301795,neutral,1.0,2026-03-11T13:30:54.301795,0.2823636026182947,2026-03-11T13:30:54.134000,86,,,
participant_07,3,day,Town10HD_Opt,2026-03-11 13:30:55.272863,91.775634765625,24.97013664245605,0.0021313475444912,25.499,-11.0,0.296,0.0,0,0,1,,1.0,2026-03-11T13:30:55.272863,neutral,1.0,2026-03-11T13:30:54.301795,0.2776588392070375,2026-03-11T13:30:54.945000,84,,,
participant_07,3,day,Town10HD_Opt,2026-03-11 13:30:56.209335,95.89057159423828,23.66517448425293,0.0021012115757912,24.328,-16.99,0.356,0.0,0,0,1,,1.0,2026-03-11T13:30:56.209335,neutral,1.0,2026-03-11T13:30:54.301795,0.2790256962610535,2026-03-11T13:30:56.025000,83,,,
participant_07,3,day,Town10HD_Opt,2026-03-11 13:30:57.157569,99.30176544189452,21.14289093017578,0.0020570755004882,24.395,-10.562,0.35,0.0,0,0,1,,1.0,2026-03-11T13:30:57.157569,neutral,1.0,2026-03-11T13:30:57.157569,0.2120629776648913,2026-03-11T13:30:56.971000,85,,,
participant_07,3,day,Town10HD_Opt,2026-03-11 13:30:58.347450,102.86038208007812,16.732927322387695,0.0046013640239834,24.342,-8.582,0.339,0.0,0,0,1,,1.0,2026-03-11T13:30:58.347450,neutral,1.0,2026-03-11T13:30:57.157569,0.2323262856748099,2026-03-11T13:30:57.960000,83,,,
participant_07,3,day,Town10HD_Opt,2026-03-11 13:30:59.289115,104.6259765625,12.89680004119873,0.0019021987682208,25.033,-12.604,0.821,0.0,0,0,1,,1.0,2026-03-11T13:30:59.289115,neutral,1.0,2026-03-11T13:30:59.289115,0.2517690548442149,2026-03-11T13:30:59.175000,82,,,
participant_07,3,day,Town10HD_Opt,2026-03-11 13:31:00.297836,105.67321014404295,7.714914321899414,0.0015982437180355,37.89,-3.714,1.0,0.0,0,0,1,,1.0,2026-03-11T13:31:00.297836,neutral,1.0,2026-03-11T13:30:59.289115,0.2905698510156724,2026-03-11T13:31:00.030000,83,,,
participant_07,3,day,Town10HD_Opt,2026-03-11 13:31:01.275347,106.33106231689452,-0.0457124710083007,0.0015618514735251,52.606,-1.92,0.0,0.229,0,0,1,,1.0,2026-03-11T13:31:01.275347,neutral,1.0,2026-03-11T13:30:59.289115,0.2013980998807217,2026-03-11T13:31:00.930000,83,,,
participant_07,3,day,Town10HD_Opt,2026-03-11 13:31:02.269703,106.4570770263672,-8.872549057006836,0.0019998550415039,50.751,0.282,0.0,0.0,0,0,1,,1.0,2026-03-11T13:31:02.269703,neutral,1.0,2026-03-11T13:31:02.269703,0.2093225675663201,2026-03-11T13:31:01.965000,82,,,
participant_07,3,day,Town10HD_Opt,2026-03-11 13:31:03.254132,106.50524139404295,-17.644548416137695,0.0020127487368881,50.491,-1.528,0.83,0.0,0,0,1,,0.829,2026-03-11T13:31:03.254132,neutral,1.0,2026-03-11T13:31:02.269703,0.2543735203536866,2026-03-11T13:31:03.180000,84,,,
participant_07,3,day,Town10HD_Opt,2026-03-11 13:31:04.134200,106.2239227294922,-26.39268684387207,0.002062072744593,49.727,-2.076,0.809,0.0,0,0,1,,1.0,2026-03-11T13:31:04.134200,neutral,1.0,2026-03-11T13:31:02.269703,0.2431841741430269,2026-03-11T13:31:03.946000,84,,,
participant_07,3,day,Town10HD_Opt,2026-03-11 13:31:05.338449,104.35431671142578,-37.8341064453125,0.0019577406346797,50.687,-7.663,0.788,0.0,0,0,1,,1.0,2026-03-11T13:31:05.338449,neutral,1.0,2026-03-11T13:31:05.338449,0.2293590252008802,2026-03-11T13:31:05.115000,83,,,
participant_07,3,day,Town10HD_Opt,2026-03-11 13:31:06.285104,100.61185455322266,-45.66951370239258,0.0020368576515465,49.433,-4.374,0.897,0.0,0,0,1,,1.0,2026-03-11T13:31:06.285104,neutral,1.0,2026-03-11T13:31:05.338449,0.2975480548810169,2026-03-11T13:31:05.970000,83,,,
participant_07,3,day,Town10HD_Opt,2026-03-11 13:31:07.191018,95.3285903930664,-52.62657165527344,0.0020172882359474,50.152,-6.417,1.0,0.0,0,0,1,,0.836,2026-03-11T13:31:07.191018,neutral,1.0,2026-03-11T13:31:05.338449,0.1665429648082103,2026-03-11T13:31:06.960000,82,,,
participant_07,3,day,Town10HD_Opt,2026-03-11 13:31:08.122193,88.5662612915039,-58.18300247192383,0.0020494079217314,50.202,-6.028,0.924,0.0,0,0,1,,1.0,2026-03-11T13:31:08.122193,neutral,0.998,2026-03-11T13:31:08.122193,0.1769706375623589,2026-03-11T13:31:08.041000,84,,,
participant_07,3,day,Town10HD_Opt,2026-03-11 13:31:09.338025,77.790283203125,-62.66482162475586,0.0018459319835528,52.132,-4.32,0.0,0.213,0,0,1,,1.0,2026-03-11T13:31:09.338025,neutral,0.998,2026-03-11T13:31:08.122193,0.167005177990458,2026-03-11T13:31:09.120000,83,,,
participant_07,3,day,Town10HD_Opt,2026-03-11 13:31:10.344786,69.11882781982422,-64.16545104980469,0.0018824386643245,52.138,-2.292,0.0,0.214,0,0,1,,1.0,2026-03-11T13:31:10.344786,neutral,1.0,2026-03-11T13:31:10.344786,0.2819076540206724,2026-03-11T13:31:09.930000,83,,,
participant_07,3,day,Town10HD_Opt,2026-03-11 13:31:11.294267,60.37164306640625,-64.75334167480469,0.0019330214709043,51.371,-0.933,0.0,0.137,0,0,1,,1.0,2026-03-11T13:31:11.294267,neutral,1.0,2026-03-11T13:31:10.344786,0.2544293884294915,2026-03-11T13:31:10.966000,83,,,
participant_07,3,day,Town10HD_Opt,2026-03-11 13:31:12.261201,51.66474151611328,-64.90290069580078,0.001975402701646,50.178,-0.884,0.687,0.0,0,0,1,,1.0,2026-03-11T13:31:12.261201,neutral,1.0,2026-03-11T13:31:10.344786,0.179010652226001,2026-03-11T13:31:12.135000,84,,,
participant_07,3,day,Town10HD_Opt,2026-03-11 13:31:13.201449,43.0008544921875,-64.8013916015625,0.0021135329734534,48.118,0.721,0.481,0.0,0,0,1,,1.0,2026-03-11T13:31:13.201449,neutral,1.0,2026-03-11T13:31:13.201449,0.2289191199267043,2026-03-11T13:31:13.035000,81,,,
participant_07,3,day,Town10HD_Opt,2026-03-11 13:31:14.185667,34.66073226928711,-64.77985382080078,0.0020869825966656,46.998,-0.458,0.428,0.0,0,0,1,,1.0,2026-03-11T13:31:14.185667,neutral,1.0,2026-03-11T13:31:13.201449,0.2327334318471147,2026-03-11T13:31:13.936000,85,,,
participant_07,3,day,Town10HD_Opt,2026-03-11 13:31:15.098901,26.562049865722656,-64.67530059814453,0.0020995712839066,45.28,0.045,0.314,0.0,0,0,1,,1.0,2026-03-11T13:31:15.098901,neutral,1.0,2026-03-11T13:31:13.201449,0.1454716708125302,2026-03-11T13:31:15.015000,84,,,
participant_07,3,day,Town10HD_Opt,2026-03-11 13:31:16.096073,19.2591495513916,-64.56745147705078,0.0023461531382054,36.518,0.247,0.0,0.0,0,0,1,,1.0,2026-03-11T13:31:16.096073,neutral,1.0,2026-03-11T13:31:16.096073,0.221371540698502,2026-03-11T13:31:16.095000,84,,,
participant_07,3,day,Town10HD_Opt,2026-03-11 13:31:17.069098,13.548672676086426,-64.51602172851562,0.0023064422421157,28.214,0.315,0.0,0.0,0,0,1,,1.0,2026-03-11T13:31:17.069098,neutral,1.0,2026-03-11T13:31:16.096073,0.1457386130953411,2026-03-11T13:31:16.951000,81,,,
participant_07,3,day,Town10HD_Opt,2026-03-11 13:31:18.290106,7.965943336486816,-64.51158905029297,0.0022481156047433,19.361,-0.146,0.0,0.0,0,0,1,,1.0,2026-03-11T13:31:18.290106,neutral,1.0,2026-03-11T13:31:18.290106,0.2011071974563135,2026-03-11T13:31:17.941000,83,,,
participant_07,3,day,Town10HD_Opt,2026-03-11 13:31:19.301438,4.781659126281738,-64.50822448730469,0.0020862577948719,18.731,0.092,0.838,0.0,0,0,1,,1.0,2026-03-11T13:31:19.301438,neutral,1.0,2026-03-11T13:31:18.290106,0.1099628057494814,2026-03-11T13:31:19.066000,83,,,
participant_07,3,day,Town10HD_Opt,2026-03-11 13:31:20.258797,0.6344618797302246,-64.52033233642578,0.0016552733723074,30.319,0.289,0.813,0.0,0,0,1,,1.0,2026-03-11T13:31:20.258797,neutral,1.0,2026-03-11T13:31:18.290106,0.1486068484015146,2026-03-11T13:31:20.055000,81,,,
participant_07,3,day,Town10HD_Opt,2026-03-11 13:31:21.220243,-5.016425609588623,-64.56925201416016,0.0021589659154415,30.294,0.176,0.0,0.0,0,0,1,,1.0,2026-03-11T13:31:21.220243,neutral,1.0,2026-03-11T13:31:21.220243,0.1816232648922675,2026-03-11T13:31:21.136000,81,,,
participant_07,3,day,Town10HD_Opt,2026-03-11 13:31:22.170905,-9.74074649810791,-64.6325912475586,0.002268829382956,23.128,0.176,0.0,0.0,0,0,1,,1.0,2026-03-11T13:31:22.170905,neutral,1.0,2026-03-11T13:31:21.220243,0.1608228588212025,2026-03-11T13:31:21.991000,81,,,
participant_07,3,day,Town10HD_Opt,2026-03-11 13:31:23.093742,-13.305557250976562,-64.69456481933594,0.0020475005730986,17.508,0.176,0.0,0.0,0,0,1,,1.0,2026-03-11T13:31:23.093742,neutral,1.0,2026-03-11T13:31:21.220243,0.1351270509293594,2026-03-11T13:31:23.070000,82,,,
participant_07,3,day,Town10HD_Opt,2026-03-11 13:31:24.306691,-16.810161590576172,-64.76803588867188,0.002036819467321,12.378,0.176,0.0,0.0,0,0,1,,1.0,2026-03-11T13:31:24.306691,neutral,1.0,2026-03-11T13:31:24.306691,0.1075870325230036,2026-03-11T13:31:24.016000,82,Solid line crossing,Solid line crossing,
participant_07,3,day,Town10HD_Opt,2026-03-11 13:31:25.232973,-18.73851776123047,-64.81364440917969,0.0020099638495594,9.508,0.176,0.0,0.0,0,0,1,,1.0,2026-03-11T13:31:25.232973,neutral,1.0,2026-03-11T13:31:24.306691,0.0598362860971996,2026-03-11T13:31:25.051000,82,,,
participant_07,3,day,Town10HD_Opt,2026-03-11 13:31:26.171288,-20.219215393066406,-64.8511734008789,0.001989021198824,7.194,0.176,0.0,0.0,0,0,1,,1.0,2026-03-11T13:31:26.171288,neutral,1.0,2026-03-11T13:31:24.306691,0.1312766219686944,2026-03-11T13:31:26.086000,81,,,
participant_07,3,day,Town10HD_Opt,2026-03-11 13:31:27.102806,-21.35599899291992,-64.88150787353516,0.0019728087354451,5.605,0.176,0.0,0.0,0,0,1,,1.0,2026-03-11T13:31:27.102806,neutral,0.998,2026-03-11T13:31:27.102806,0.1718002088097572,2026-03-11T13:31:27.031000,80,,,
participant_07,3,day,Town10HD_Opt,2026-03-11 13:31:28.245569,-22.471967697143555,-64.91258239746094,0.0019567869603633,3.826,0.176,0.0,0.0,0,0,1,,1.0,2026-03-11T13:31:28.245569,neutral,0.998,2026-03-11T13:31:27.102806,0.2009275618413432,2026-03-11T13:31:27.930000,80,,,
participant_07,3,day,Town10HD_Opt,2026-03-11 13:31:29.195010,-23.08542251586914,-64.9301986694336,0.0019480895716696,3.025,0.176,0.0,0.0,0,0,1,,1.0,2026-03-11T13:31:29.195010,neutral,1.0,2026-03-11T13:31:29.195010,0.184499565887888,2026-03-11T13:31:29.055000,80,,,
participant_07,3,day,Town10HD_Opt,2026-03-11 13:31:30.120625,-23.556360244750977,-64.94398498535156,0.0019413756672292,2.322,0.176,0.0,0.0,0,0,1,,1.0,2026-03-11T13:31:30.120625,neutral,1.0,2026-03-11T13:31:29.195010,0.2952178453736283,2026-03-11T13:31:30.360000,81,,,
participant_07,3,day,Town10HD_Opt,2026-03-11 13:31:31.280784,-24.23341941833496,-64.96398162841797,0.0016004561912268,8.386,0.176,0.952,0.0,0,0,1,,1.0,2026-03-11T13:31:31.280784,neutral,1.0,2026-03-11T13:31:31.280784,0.257603828687662,2026-03-11T13:31:30.947000,80,,,
participant_07,3,day,Town10HD_Opt,2026-03-11 13:31:32.192457,-26.89924049377441,-65.05355834960938,0.0017271422548219,22.45,0.493,1.0,0.0,0,0,1,,1.0,2026-03-11T13:31:32.192457,neutral,1.0,2026-03-11T13:31:31.280784,0.3946848133248996,2026-03-11T13:31:32.116000,81,,,
participant_07,3,day,Town10HD_Opt,2026-03-11 13:31:33.124834,-32.13074493408203,-65.26644134521484,0.0015123748453333,38.814,0.007,1.0,0.0,0,0,1,,1.0,2026-03-11T13:31:33.124834,neutral,1.0,2026-03-11T13:31:31.280784,0.3667613029934212,2026-03-11T13:31:33.016000,82,,,
participant_07,3,day,Town10HD_Opt,2026-03-11 13:31:34.341260,-43.13551330566406,-65.7388687133789,0.00195690151304,50.653,0.019,0.0,0.124,0,0,1,,1.0,2026-03-11T13:31:34.341260,neutral,0.978,2026-03-11T13:31:34.341260,0.4230109607012516,2026-03-11T13:31:33.961000,81,,,
participant_07,3,day,Town10HD_Opt,2026-03-11 13:31:35.273321,-51.75332260131836,-66.11803436279297,0.0018354033818468,51.77,0.038,0.0,0.177,0,0,1,,1.0,2026-03-11T13:31:35.273321,neutral,0.978,2026-03-11T13:31:34.341260,0.4331841811944871,2026-03-11T13:31:35.029000,81,,,
participant_07,3,day,Town10HD_Opt,2026-03-11 13:31:36.180368,-60.49123001098633,-66.50434875488281,0.0018816374940797,51.775,-0.665,0.0,0.163,0,0,1,,1.0,2026-03-11T13:31:36.180368,neutral,0.978,2026-03-11T13:31:34.341260,0.4919577212448667,2026-03-11T13:31:36.030000,80,,,
participant_07,3,day,Town10HD_Opt,2026-03-11 13:31:37.082441,-69.20122528076172,-66.67586517333984,0.0019321822328493,51.243,-2.791,0.0,0.124,0,0,1,,1.0,2026-03-11T13:31:37.082441,neutral,1.0,2026-03-11T13:31:37.082441,0.4281156957902355,2026-03-11T13:31:37.291000,81,,,
participant_07,3,day,Town10HD_Opt,2026-03-11 13:31:38.340750,-80.83402252197266,-65.24861907958984,0.001958503620699,50.756,-7.047,0.0,0.0,0,0,1,,1.0,2026-03-11T13:31:38.340750,neutral,1.0,2026-03-11T13:31:37.082441,0.4102380055882758,2026-03-11T13:31:38.011000,82,,,
participant_07,3,day,Town10HD_Opt,2026-03-11 13:31:39.314119,-88.8005142211914,-61.76890182495117,0.0019271849887445,50.932,-6.128,0.0,0.0,0,0,1,,1.0,2026-03-11T13:31:39.314119,neutral,0.999,2026-03-11T13:31:39.314119,0.4160090479228768,2026-03-11T13:31:38.958000,81,,,
participant_07,3,day,Town10HD_Opt,2026-03-11 13:31:40.220103,-95.6519546508789,-56.438133239746094,0.0018954466795548,51.276,-4.534,0.0,0.128,0,0,1,,1.0,2026-03-11T13:31:40.220103,neutral,0.999,2026-03-11T13:31:39.314119,0.4956845612342655,2026-03-11T13:31:40.126000,84,,,
participant_07,3,day,Town10HD_Opt,2026-03-11 13:31:41.202128,-101.38191223144533,-49.83357238769531,0.0018424605950713,52.31,-4.44,0.0,0.235,0,0,1,,1.0,2026-03-11T13:31:41.202128,neutral,0.999,2026-03-11T13:31:39.314119,0.3870310389437681,2026-03-11T13:31:40.984000,83,,,
participant_07,3,day,Town10HD_Opt,2026-03-11 13:31:42.190305,-105.7894515991211,-42.29572677612305,0.0019019698956981,51.782,-4.627,0.0,0.131,0,0,1,,1.0,2026-03-11T13:31:42.190305,neutral,0.999,2026-03-11T13:31:42.190305,0.4077154724529462,2026-03-11T13:31:41.970000,83,,,
participant_07,3,day,Town10HD_Opt,2026-03-11 13:31:43.137334,-108.73416137695312,-34.06269836425781,0.002005310030654,50.32,-3.877,0.719,0.0,0,0,1,,1.0,2026-03-11T13:31:43.137334,neutral,0.999,2026-03-11T13:31:42.190305,0.454320126009932,2026-03-11T13:31:42.961000,83,,,
participant_07,3,day,Town10HD_Opt,2026-03-11 13:31:44.090138,-110.23794555664062,-25.59561920166016,0.0022782515734434,45.634,-3.745,0.0,0.0,0,0,1,,1.0,2026-03-11T13:31:44.090138,neutral,0.999,2026-03-11T13:31:42.190305,0.4447285574197736,2026-03-11T13:31:44.175000,83,,,
participant_07,3,day,Town10HD_Opt,2026-03-11 13:31:45.349477,-110.51278686523438,-16.681575775146484,0.002395172137767,30.451,1.375,0.0,0.349,0,0,1,,1.0,2026-03-11T13:31:45.349477,neutral,0.997,2026-03-11T13:31:45.349477,0.4945462338888737,2026-03-11T13:31:45.121000,82,,,
participant_07,3,day,Town10HD_Opt,2026-03-11 13:31:46.313045,-110.61014556884766,-12.11060905456543,0.0023356245364993,21.227,-1.093,0.0,0.315,0,0,1,,1.0,2026-03-11T13:31:46.313045,neutral,0.997,2026-03-11T13:31:45.349477,0.4072927260814966,2026-03-11T13:31:46.065000,85,,,
participant_07,3,day,Town10HD_Opt,2026-03-11 13:31:47.272889,-110.64607238769533,-8.946698188781738,0.0020365142263472,15.411,-1.523,0.068,0.0,0,0,1,,1.0,2026-03-11T13:31:47.272889,neutral,0.997,2026-03-11T13:31:45.349477,0.4541626152753454,2026-03-11T13:31:46.962000,84,,,
participant_07,3,day,Town10HD_Opt,2026-03-11 13:31:48.205828,-110.6310806274414,-5.931390762329102,0.001851386972703,22.377,0.625,1.0,0.0,0,0,1,,1.0,2026-03-11T13:31:48.205828,neutral,1.0,2026-03-11T13:31:48.205828,0.449359985879927,2026-03-11T13:31:48.135000,86,,,
participant_07,3,day,Town10HD_Opt,2026-03-11 13:31:49.218001,-110.67585754394533,-0.7109928131103516,0.0015340042300522,39.152,0.308,0.937,0.0,0,0,1,,1.0,2026-03-11T13:31:49.218001,neutral,1.0,2026-03-11T13:31:48.205828,0.4129506967540406,2026-03-11T13:31:48.947000,84,,,
participant_07,3,day,Town10HD_Opt,2026-03-11 13:31:50.186118,-110.74854278564452,7.001806259155273,0.0016696548555046,49.623,-3.938,0.69,0.0,0,0,1,,1.0,2026-03-11T13:31:50.186118,neutral,1.0,2026-03-11T13:31:48.205828,0.48898686040599,2026-03-11T13:31:49.981000,85,,,
participant_07,3,day,Town10HD_Opt,2026-03-11 13:31:51.167661,-109.22698211669922,15.373476028442385,0.002376785269007,43.319,-16.955,0.0,0.0,0,0,1,,1.0,2026-03-11T13:31:51.167661,neutral,0.999,2026-03-11T13:31:51.167661,0.44716908399555,2026-03-11T13:31:51.015000,84,,,
participant_07,3,day,Town10HD_Opt,2026-03-11 13:31:52.254730,-104.9605712890625,20.39014434814453,0.0024018478579819,32.549,-11.646,0.0,0.0,0,0,1,,1.0,2026-03-11T13:31:52.254730,neutral,0.999,2026-03-11T13:31:51.167661,0.4464774711467823,2026-03-11T13:31:51.961000,83,,,
participant_07,3,day,Town10HD_Opt,2026-03-11 13:31:53.324054,-100.14307403564452,22.87206649780273,0.0018829726614058,34.373,-9.938,0.969,0.0,0,0,1,,1.0,2026-03-11T13:31:53.324054,neutral,0.997,2026-03-11T13:31:53.324054,0.418852317289936,2026-03-11T13:31:53.040000,86,,,
participant_07,3,day,Town10HD_Opt,2026-03-11 13:31:54.087729,-95.83175659179688,23.96560287475586,0.0016860198229551,41.981,-4.735,0.391,0.0,0,0,1,,1.0,2026-03-11T13:31:54.087729,neutral,0.997,2026-03-11T13:31:53.324054,0.4360458322692579,2026-03-11T13:31:53.988000,84,,,
participant_07,3,day,Town10HD_Opt,2026-03-11 13:31:55.121593,-88.337890625,24.97592544555664,0.0017764281947165,47.519,-0.9,1.0,0.0,0,0,1,,1.0,2026-03-11T13:31:55.121593,neutral,0.997,2026-03-11T13:31:53.324054,0.4079753520238508,2026-03-11T13:31:54.976000,86,,,
participant_07,3,day,Town10HD_Opt,2026-03-11 13:31:56.158167,-79.59014892578125,25.77286720275879,0.0021966171916574,48.358,-0.475,0.966,0.0,0,0,1,,1.0,2026-03-11T13:31:56.158167,neutral,0.997,2026-03-11T13:31:56.158167,0.4783911109952505,2026-03-11T13:31:56.371000,87,,,
participant_07,3,day,Town10HD_Opt,2026-03-11 13:31:57.117913,-70.83345794677734,26.37302589416504,0.0021925354376435,48.696,-0.505,1.0,0.0,0,0,1,,1.0,2026-03-11T13:31:57.117913,neutral,0.997,2026-03-11T13:31:56.158167,0.4851530954508857,2026-03-11T13:31:56.371000,86,,,
participant_07,3,day,Town10HD_Opt,2026-03-11 13:31:58.067860,-62.0010871887207,26.79226493835449,0.0021579742897301,49.104,-0.498,0.973,0.0,0,0,1,,1.0,2026-03-11T13:31:58.067860,neutral,0.997,2026-03-11T13:31:56.158167,0.5110429165727636,2026-03-11T13:31:56.371000,86,,,
participant_07,3,day,Town10HD_Opt,2026-03-11 13:31:59.336552,-50.368309020996094,27.058263778686523,0.0021708679851144,48.927,-0.498,0.911,0.0,0,0,1,,1.0,2026-03-11T13:31:59.336552,neutral,0.992,2026-03-11T13:31:59.336552,0.4612025906575315,2026-03-11T13:31:56.371000,85,,,
participant_07,3,day,Town10HD_Opt,2026-03-11 13:32:00.332491,-41.59101486206055,27.04767608642578,0.0021500778384506,49.237,-0.026,0.891,0.0,0,0,1,,1.0,2026-03-11T13:32:00.332491,neutral,0.992,2026-03-11T13:31:59.336552,0.4302717118481487,2026-03-11T13:31:56.371000,85,,,
participant_07,3,day,Town10HD_Opt,2026-03-11 13:32:01.283064,-32.7906379699707,26.960336685180664,0.0021534727420657,49.369,0.073,1.0,0.0,0,0,1,,1.0,2026-03-11T13:32:01.283064,neutral,0.992,2026-03-11T13:31:59.336552,0.4250819266568459,2026-03-11T13:31:56.371000,85,,,
participant_07,3,day,Town10HD_Opt,2026-03-11 13:32:02.244396,-23.973886489868164,26.892337799072266,0.0022198485676199,48.334,0.073,0.953,0.0,0,0,1,,1.0,2026-03-11T13:32:02.244396,neutral,1.0,2026-03-11T13:32:02.244396,0.4634663773302862,2026-03-11T13:31:56.371000,85,,,
participant_07,3,day,Town10HD_Opt,2026-03-11 13:32:03.203410,-15.216958999633787,26.84381484985352,0.0022018051240593,48.34,-0.089,0.911,0.0,0,0,1,,1.0,2026-03-11T13:32:03.203410,neutral,1.0,2026-03-11T13:32:02.244396,0.45187499776311,2026-03-11T13:31:56.371000,84,,,
participant_07,3,day,Town10HD_Opt,2026-03-11 13:32:04.123327,-6.478229999542236,26.771041870117188,0.0021740722004324,48.716,-0.115,0.873,0.0,0,0,1,,1.0,2026-03-11T13:32:04.123327,neutral,1.0,2026-03-11T13:32:02.244396,0.4368721297269983,2026-03-11T13:31:56.371000,85,,,
participant_07,3,day,Town10HD_Opt,2026-03-11 13:32:05.339561,5.065928936004639,26.61075782775879,0.0021589279640465,47.146,-0.136,0.0,0.0,0,0,1,,1.0,2026-03-11T13:32:05.339561,neutral,0.998,2026-03-11T13:32:05.339561,0.4333573125056412,2026-03-11T13:31:56.371000,86,,,
participant_07,3,day,Town10HD_Opt,2026-03-11 13:32:06.259448,12.528103828430176,26.471662521362305,0.0023664855398237,37.075,0.416,0.0,0.016,0,0,1,,1.0,2026-03-11T13:32:06.259448,neutral,0.998,2026-03-11T13:32:05.339561,0.4906880724115731,2026-03-11T13:31:56.371000,84,,,
participant_07,3,day,Town10HD_Opt,2026-03-11 13:32:07.181523,18.32229423522949,26.4326171875,0.0023109053727239,28.631,1.434,0.0,0.0,0,0,1,,1.0,2026-03-11T13:32:07.181523,neutral,0.998,2026-03-11T13:32:05.339561,0.4265665618279918,2026-03-11T13:31:56.371000,86,,,
participant_07,3,day,Town10HD_Opt,2026-03-11 13:32:08.123847,22.76409339904785,26.56814384460449,0.0022640989627689,21.708,2.73,0.0,0.0,0,0,1,,1.0,2026-03-11T13:32:08.123847,neutral,1.0,2026-03-11T13:32:08.123847,0.4977074926541152,2026-03-11T13:31:56.371000,86,,,
participant_07,3,day,Town10HD_Opt,2026-03-11 13:32:09.178155,26.09993553161621,26.867387771606445,0.0019668578170239,16.59,3.947,0.007,0.0,0,0,1,,1.0,2026-03-11T13:32:09.178155,neutral,1.0,2026-03-11T13:32:08.123847,0.4511259033406817,2026-03-11T13:31:56.371000,86,,,
participant_07,3,day,Town10HD_Opt,2026-03-11 13:32:10.147824,28.664072036743164,27.29550170898437,0.002033157274127,12.97,5.86,0.019,0.0,0,0,1,,1.0,2026-03-11T13:32:10.147824,neutral,0.98,2026-03-11T13:32:10.147824,0.4291252229173687,2026-03-11T13:31:56.371000,86,,,
participant_07,3,day,Town10HD_Opt,2026-03-11 13:32:11.125409,30.643707275390625,27.79496955871582,0.0019955444149672,10.297,6.201,0.04,0.0,0,0,1,,1.0,2026-03-11T13:32:11.125409,neutral,0.98,2026-03-11T13:32:10.147824,0.4124296857683098,2026-03-11T13:31:56.371000,85,Vehicle-pedestrian collision,Vehicle-pedestrian collision,
participant_07,3,day,Town10HD_Opt,2026-03-11 13:32:12.354044,33.026329040527344,28.61351585388184,0.0017991255735978,13.091,8.904,0.318,0.0,0,0,1,,1.0,2026-03-11T13:32:12.354044,neutral,0.999,2026-03-11T13:32:12.354044,0.4376594663833635,2026-03-11T13:31:56.371000,85,,,
participant_07,3,day,Town10HD_Opt,2026-03-11 13:32:13.136344,34.5289421081543,29.355932235717773,0.0017319869948551,17.186,15.62,0.829,0.0,0,0,1,,1.0,2026-03-11T13:32:13.136344,neutral,0.999,2026-03-11T13:32:12.354044,0.4639750824027359,2026-03-11T13:31:56.371000,85,,,
participant_07,3,day,Town10HD_Opt,2026-03-11 13:32:14.115299,37.361141204833984,31.78276824951172,0.0017670821398496,26.946,21.603,0.783,0.0,0,0,1,,1.0,2026-03-11T13:32:14.115299,neutral,0.999,2026-03-11T13:32:12.354044,0.4287599372449137,2026-03-11T13:31:56.371000,85,,,
participant_07,3,day,Town10HD_Opt,2026-03-11 13:32:15.132631,39.59666442871094,36.595340728759766,0.0018663787050172,34.332,15.009,0.514,0.0,0,0,1,,1.0,2026-03-11T13:32:15.132631,neutral,0.998,2026-03-11T13:32:15.132631,0.477853877699891,2026-03-11T13:31:56.371000,85,,,
participant_07,3,day,Town10HD_Opt,2026-03-11 13:32:16.169671,40.11050796508789,42.49152374267578,0.0022175216581672,31.006,1.055,0.0,0.0,0,0,1,,1.0,2026-03-11T13:32:16.169671,neutral,0.998,2026-03-11T13:32:15.132631,0.4267621021235387,2026-03-11T13:31:56.371000,87,,,
participant_07,3,day,Town10HD_Opt,2026-03-11 13:32:17.135217,40.25371170043945,47.24370956420898,0.0023274230770766,22.35,0.139,0.0,0.333,0,0,1,,1.0,2026-03-11T13:32:17.135217,neutral,0.998,2026-03-11T13:32:17.135217,0.4388490722850282,2026-03-11T13:31:56.371000,86,,,
participant_07,3,day,Town10HD_Opt,2026-03-11 13:32:18.336642,40.357513427734375,51.37265396118164,0.0020992278587073,13.112,1.137,0.0,0.301,0,0,1,,1.0,2026-03-11T13:32:18.336642,neutral,0.998,2026-03-11T13:32:17.135217,0.3923726794810136,2026-03-11T13:31:56.371000,85,,,
participant_07,3,day,Town10HD_Opt,2026-03-11 13:32:19.304921,40.36910629272461,53.25727844238281,0.0020442199893295,8.706,0.757,0.0,0.0,0,0,1,,1.0,2026-03-11T13:32:19.304921,neutral,0.999,2026-03-11T13:32:19.304921,0.4662195290528479,2026-03-11T13:31:56.371000,85,,,
participant_07,3,day,Town10HD_Opt,2026-03-11 13:32:20.257557,40.38556671142578,55.03256607055664,0.001574287423864,15.93,-2.6,0.985,0.0,0,0,1,,1.0,2026-03-11T13:32:20.257557,neutral,0.999,2026-03-11T13:32:19.304921,0.4331534278378909,2026-03-11T13:31:56.371000,85,Solid line crossing,Solid line crossing,
participant_07,3,day,Town10HD_Opt,2026-03-11 13:32:21.159849,40.66976547241211,58.83203125,0.0016096878098323,29.2,-8.105,0.902,0.0,0,0,1,,1.0,2026-03-11T13:32:21.159849,neutral,0.999,2026-03-11T13:32:19.304921,0.5069952758741091,2026-03-11T13:31:56.371000,85,,,
participant_07,3,day,Town10HD_Opt,2026-03-11 13:32:22.360494,44.0521240234375,66.48189544677734,0.0017734909197315,43.323,-19.467,0.84,0.0,0,0,1,,1.0,2026-03-11T13:32:22.360494,neutral,1.0,2026-03-11T13:32:22.360494,0.4720328562714048,2026-03-11T13:31:56.371000,86,,,
participant_07,3,day,Town10HD_Opt,2026-03-11 13:32:23.255058,51.13447189331055,70.1923599243164,0.0018754195189103,49.505,-15.233,0.713,0.0,0,0,1,,1.0,2026-03-11T13:32:23.255058,neutral,1.0,2026-03-11T13:32:22.360494,0.4472204465297793,2026-03-11T13:31:56.371000,85,,,
participant_07,3,day,Town10HD_Opt,2026-03-11 13:32:24.177880,59.7900505065918,69.76881408691406,0.0021090316586196,48.741,2.633,0.421,0.0,0,0,1,,1.0,2026-03-11T13:32:24.177880,neutral,1.0,2026-03-11T13:32:22.360494,0.4928474964217498,2026-03-11T13:31:56.371000,85,,,errors=Solid line crossing
participant_07,3,day,Town10HD_Opt,2026-03-11 13:32:25.084796,67.96259307861328,68.83442687988281,0.0022935485467314,42.788,4.806,0.0,0.0,0,0,1,,1.0,2026-03-11T13:32:25.084796,neutral,0.996,2026-03-11T13:32:25.084796,0.4600448095575578,2026-03-11T13:31:56.371000,85,,,
participant_07,3,day,Town10HD_Opt,2026-03-11 13:32:26.364691,76.33854675292969,69.24562072753906,0.0023743438068777,28.538,-0.233,0.0,0.3,0,0,1,,1.0,2026-03-11T13:32:26.364691,neutral,0.996,2026-03-11T13:32:25.084796,0.4841708604148643,2026-03-11T13:31:56.371000,85,,,
participant_07,3,day,Town10HD_Opt,2026-03-11 13:32:27.285498,80.602294921875,69.63390350341797,0.0023188018240034,19.413,-1.102,0.0,0.316,0,0,1,,1.0,2026-03-11T13:32:27.285498,neutral,1.0,2026-03-11T13:32:27.285498,0.4093455955943824,2026-03-11T13:31:56.371000,86,,,
participant_07,3,day,Town10HD_Opt,2026-03-11 13:32:28.153325,83.50094604492188,69.8376235961914,0.0021133422851562,12.549,-0.618,0.0,0.44,0,0,1,,1.0,2026-03-11T13:32:28.153325,neutral,1.0,2026-03-11T13:32:27.285498,0.4622880099103181,2026-03-11T13:31:56.371000,85,,,
participant_07,3,day,Town10HD_Opt,2026-03-11 13:32:29.074827,85.26222229003906,69.94859313964844,0.0021187209058552,6.713,-0.468,0.0,0.556,0,0,1,,1.0,2026-03-11T13:32:29.074827,neutral,1.0,2026-03-11T13:32:27.285498,0.4639493300047939,2026-03-11T13:31:56.371000,85,,,
participant_07,3,day,Town10HD_Opt,2026-03-11 13:32:30.249212,85.51071166992188,69.9636459350586,0.0019449614919722,0.0,-0.233,0.0,0.465,0,0,1,,1.0,2026-03-11T13:32:30.249212,neutral,1.0,2026-03-11T13:32:30.249212,0.3820508129718242,2026-03-11T13:31:56.371000,85,,,
participant_07,3,day,Town10HD_Opt,2026-03-11 13:32:31.123378,85.5107421875,69.9636459350586,0.0019202422117814,0.0,2.21,0.0,0.0,0,0,1,,1.0,2026-03-11T13:32:31.123378,neutral,1.0,2026-03-11T13:32:30.249212,0.5041054741442612,2026-03-11T13:31:56.371000,85,,,
participant_07,3,day,Town10HD_Opt,2026-03-11 13:32:32.286755,85.58978271484375,69.97441101074219,0.0019017410231754,0.905,9.507,0.874,0.0,0,0,1,,1.0,2026-03-11T13:32:32.286755,neutral,1.0,2026-03-11T13:32:32.286755,0.3974271652724849,2026-03-11T13:31:56.371000,85,,,
participant_07,3,day,Town10HD_Opt,2026-03-11 13:32:33.165636,86.89723205566406,70.20716857910156,0.0014053344493731,16.385,10.478,1.0,0.0,0,0,1,,1.0,2026-03-11T13:32:33.165636,neutral,1.0,2026-03-11T13:32:32.286755,0.3918819609967093,2026-03-11T13:31:56.371000,84,,,
participant_07,3,day,Town10HD_Opt,2026-03-11 13:32:34.361383,92.37348175048828,72.1802749633789,0.0015481949085369,35.763,13.355,0.941,0.0,0,0,1,,1.0,2026-03-11T13:32:34.361383,neutral,0.998,2026-03-11T13:32:34.361383,0.3298930343481233,2026-03-11T13:31:56.371000,86,,,
participant_07,3,day,Town10HD_Opt,2026-03-11 13:32:35.284743,97.56658172607422,77.01618957519531,0.0017073821509256,46.938,18.503,0.915,0.0,0,0,1,,1.0,2026-03-11T13:32:35.284743,neutral,0.998,2026-03-11T13:32:34.361383,0.4627946931737454,2026-03-11T13:31:56.371000,86,,,
participant_07,3,day,Town10HD_Opt,2026-03-11 13:32:36.182818,99.52678680419922,85.37451171875,0.0021231842692941,48.843,4.584,0.909,0.0,0,0,1,,1.0,2026-03-11T13:32:36.182818,neutral,0.998,2026-03-11T13:32:34.361383,0.3781178385040862,2026-03-11T13:31:56.371000,86,,,
participant_07,3,day,Town10HD_Opt,2026-03-11 13:32:37.107577,98.81839752197266,94.1551284790039,0.0021760177332907,48.651,-1.034,0.894,0.0,0,0,1,,1.0,2026-03-11T13:32:37.107577,neutral,1.0,2026-03-11T13:32:37.107577,0.4231636761263944,2026-03-11T13:31:56.371000,86,,,
participant_07,3,day,Town10HD_Opt,2026-03-11 13:32:38.353897,97.17131805419922,105.58499145507812,0.0021327589638531,48.828,6.663,0.984,0.0,0,0,1,,1.0,2026-03-11T13:32:38.353897,neutral,1.0,2026-03-11T13:32:37.107577,0.477355191079602,2026-03-11T13:31:56.371000,87,,,
participant_07,3,day,Town10HD_Opt,2026-03-11 13:32:39.252173,93.4603042602539,113.53990173339844,0.0022620009258389,47.444,4.291,1.0,0.0,0,0,1,,1.0,2026-03-11T13:32:39.252173,neutral,0.997,2026-03-11T13:32:39.252173,0.4515225719683893,2026-03-11T13:31:56.371000,85,,,
participant_07,3,day,Town10HD_Opt,2026-03-11 13:32:40.203052,88.24812316894531,120.56871795654295,0.0021535491105169,48.795,6.462,0.981,0.0,0,0,1,,1.0,2026-03-11T13:32:40.203052,neutral,0.997,2026-03-11T13:32:39.252173,0.418892565156183,2026-03-11T13:31:56.371000,84,,,
participant_07,3,day,Town10HD_Opt,2026-03-11 13:32:41.069015,81.49916076660156,126.1270751953125,0.002000655978918,51.233,7.368,0.0,0.123,0,0,1,,1.0,2026-03-11T13:32:41.069015,neutral,0.997,2026-03-11T13:32:39.252173,0.3802132751476949,2026-03-11T13:31:56.371000,86,,,
participant_07,3,day,Town10HD_Opt,2026-03-11 13:32:42.255555,70.70674133300781,130.50965881347656,0.0021881102584302,48.762,4.551,1.0,0.0,0,0,1,,1.0,2026-03-11T13:32:42.255555,neutral,0.897,2026-03-11T13:32:42.255555,0.4395359401642134,2026-03-11T13:31:56.371000,84,,,
participant_07,3,day,Town10HD_Opt,2026-03-11 13:32:43.160028,62.0340461730957,131.8818359375,0.0021937561687082,48.573,4.459,1.0,0.0,0,0,1,,1.0,2026-03-11T13:32:43.160028,neutral,0.897,2026-03-11T13:32:42.255555,0.4780514661267956,2026-03-11T13:31:56.371000,85,,,
participant_07,3,day,Town10HD_Opt,2026-03-11 13:32:44.346103,50.39864730834961,132.06898498535156,0.002024192828685,50.618,-0.545,1.0,0.0,0,0,1,,1.0,2026-03-11T13:32:44.346103,neutral,0.999,2026-03-11T13:32:44.346103,0.4718739134507811,2026-03-11T13:31:56.371000,85,,,
participant_07,3,day,Town10HD_Opt,2026-03-11 13:32:45.263238,41.60719680786133,132.3148956298828,0.0020244598854333,50.679,0.409,1.0,0.0,0,0,1,,1.0,2026-03-11T13:32:45.263238,neutral,0.999,2026-03-11T13:32:44.346103,0.5153116890169742,2026-03-11T13:31:56.371000,86,,,
participant_07,3,day,Town10HD_Opt,2026-03-11 13:32:46.167646,32.80645751953125,132.43397521972656,0.0020262526813894,50.105,0.414,1.0,0.0,0,0,1,,1.0,2026-03-11T13:32:46.167646,neutral,0.999,2026-03-11T13:32:44.346103,0.4177021126474612,2026-03-11T13:31:56.371000,85,,,
participant_07,3,day,Town10HD_Opt,2026-03-11 13:32:47.345789,21.065629959106445,132.3981170654297,0.0019664764404296,50.382,0.052,0.537,0.0,0,0,1,,1.0,2026-03-11T13:32:47.345789,neutral,0.991,2026-03-11T13:32:47.345789,0.3911591078321044,2026-03-11T13:31:56.371000,86,,,
participant_07,3,day,Town10HD_Opt,2026-03-11 13:32:48.233443,12.812353134155272,132.33465576171875,0.0022724531590938,43.17,0.035,0.202,0.0,0,0,1,,1.0,2026-03-11T13:32:48.233443,neutral,0.991,2026-03-11T13:32:47.345789,0.4562384947344503,2026-03-11T13:31:56.371000,85,,,
participant_07,3,day,Town10HD_Opt,2026-03-11 13:32:49.214609,5.908196926116943,132.2705535888672,0.0023387526161968,34.465,0.035,0.0,0.0,0,0,1,,1.0,2026-03-11T13:32:49.214609,neutral,0.991,2026-03-11T13:32:47.345789,0.4522973047222751,2026-03-11T13:31:56.371000,86,,,
participant_07,3,day,Town10HD_Opt,2026-03-11 13:32:50.145111,0.521729052066803,132.21498107910156,0.0022959518246352,26.118,-0.127,0.0,0.0,0,0,1,,1.0,2026-03-11T13:32:50.145111,neutral,0.999,2026-03-11T13:32:50.145111,0.4436460710693168,2026-03-11T13:31:56.371000,85,,,
participant_07,3,day,Town10HD_Opt,2026-03-11 13:32:51.202031,-3.587240219116211,132.18002319335938,0.0022537994664162,19.932,-0.148,0.0,0.0,0,0,1,,1.0,2026-03-11T13:32:51.202031,neutral,0.999,2026-03-11T13:32:50.145111,0.4139845351901077,2026-03-11T13:31:56.371000,86,,,
participant_07,3,day,Town10HD_Opt,2026-03-11 13:32:52.104651,-6.693109512329102,132.16294860839844,0.0020191192161291,15.184,-0.148,0.0,0.0,0,0,1,,1.0,2026-03-11T13:32:52.104651,neutral,0.999,2026-03-11T13:32:50.145111,0.3377052915733754,2026-03-11T13:31:56.371000,84,,,
participant_07,3,day,Town10HD_Opt,2026-03-11 13:32:53.280809,-9.763509750366213,132.15402221679688,0.0020112609490752,11.131,-0.148,0.211,0.0,0,0,1,,1.0,2026-03-11T13:32:53.280809,neutral,0.999,2026-03-11T13:32:53.280809,0.4035759250946062,2026-03-11T13:31:56.371000,85,,,
participant_07,3,day,Town10HD_Opt,2026-03-11 13:32:54.209821,-11.837188720703123,132.15234375,0.0018350600730627,13.315,-0.148,0.336,0.0,0,0,1,,1.0,2026-03-11T13:32:54.209821,neutral,0.999,2026-03-11T13:32:53.280809,0.4661231942324765,2026-03-11T13:31:56.371000,86,,,
participant_07,3,day,Town10HD_Opt,2026-03-11 13:32:55.090489,-14.24028491973877,132.15463256835938,0.0019350051879882,13.87,-0.157,0.925,0.0,0,0,1,,1.0,2026-03-11T13:32:55.090489,neutral,0.999,2026-03-11T13:32:53.280809,0.4551989995167237,2026-03-11T13:31:56.371000,85,,,
participant_07,3,day,Town10HD_Opt,2026-03-11 13:32:56.341147,-19.24937629699707,132.17257690429688,0.0015208434779196,32.334,-0.045,0.999,0.0,0,0,1,,1.0,2026-03-11T13:32:56.341147,neutral,0.998,2026-03-11T13:32:56.341147,0.4824510156041158,2026-03-11T13:31:56.371000,86,,,
participant_07,3,day,Town10HD_Opt,2026-03-11 13:32:57.323081,-26.074317932128903,131.8970489501953,0.0015889739152044,46.551,9.114,0.946,0.0,0,0,1,,1.0,2026-03-11T13:32:57.323081,neutral,0.998,2026-03-11T13:32:56.341147,0.4576477319419719,2026-03-11T13:31:56.371000,85,,,
participant_07,3,day,Town10HD_Opt,2026-03-11 13:32:58.301082,-34.2855110168457,129.2187957763672,0.0021779250819236,47.918,12.263,0.934,0.0,0,0,1,,1.0,2026-03-11T13:32:58.301082,neutral,0.998,2026-03-11T13:32:56.341147,0.4732811452840055,2026-03-11T13:31:56.371000,85,,,
participant_07,3,day,Town10HD_Opt,2026-03-11 13:32:59.226400,-40.41938781738281,123.18502044677734,0.0021065901964902,48.832,15.226,0.927,0.0,0,0,1,,1.0,2026-03-11T13:32:59.226400,neutral,0.996,2026-03-11T13:32:59.226400,0.4744297364211036,2026-03-11T13:31:56.371000,85,,,
participant_07,3,day,Town10HD_Opt,2026-03-11 13:33:00.221920,-42.64129257202149,114.91600036621094,0.0019319152925163,50.946,4.893,0.0,0.0,0,0,1,,1.0,2026-03-11T13:33:00.221920,neutral,0.996,2026-03-11T13:32:59.226400,0.4446594623938134,2026-03-11T13:31:56.371000,86,,,
participant_07,3,day,Town10HD_Opt,2026-03-11 13:33:01.193613,-42.49617004394531,106.26333618164062,0.0019896316807717,49.983,-2.546,0.528,0.0,0,0,1,,1.0,2026-03-11T13:33:01.193613,neutral,0.996,2026-03-11T13:32:59.226400,0.4449404057299869,2026-03-11T13:31:56.371000,84,,,
participant_07,3,day,Town10HD_Opt,2026-03-11 13:33:02.112354,-42.93846130371094,97.71207427978516,0.0023022459354251,44.575,-0.938,0.0,0.0,0,0,1,,1.0,2026-03-11T13:33:02.112354,neutral,0.998,2026-03-11T13:33:02.112354,0.3324859582898004,2026-03-11T13:33:01.945000,89,,,
participant_07,3,day,Town10HD_Opt,2026-03-11 13:33:03.088489,-43.58164596557617,90.7632827758789,0.0023274230770766,35.154,0.106,0.227,0.0,0,0,1,,1.0,2026-03-11T13:33:03.088489,neutral,0.998,2026-03-11T13:33:02.112354,0.4275770922461879,2026-03-11T13:33:02.979000,87,,,
participant_07,3,day,Town10HD_Opt,2026-03-11 13:33:04.321650,-43.86634826660156,82.93024444580078,0.0020009230356663,34.337,8.625,0.687,0.0,0,0,1,,1.0,2026-03-11T13:33:04.321650,neutral,0.99,2026-03-11T13:33:04.321650,0.4343043465378337,2026-03-11T13:33:03.969000,86,,,
participant_07,3,day,Town10HD_Opt,2026-03-11 13:33:05.284728,-42.31128692626953,76.57042694091797,0.0017763137584552,42.787,14.256,0.814,0.0,0,0,1,,1.0,2026-03-11T13:33:05.284728,neutral,0.99,2026-03-11T13:33:04.321650,0.4594883064550338,2026-03-11T13:33:05.009000,87,,,
participant_07,3,day,Town10HD_Opt,2026-03-11 13:33:06.306936,-37.34165573120117,70.54632568359375,0.0018877410329878,48.052,21.017,0.675,0.0,0,0,1,,1.0,2026-03-11T13:33:06.306936,neutral,0.99,2026-03-11T13:33:04.321650,0.4316269021949491,2026-03-11T13:33:05.994000,87,,,
participant_07,3,day,Town10HD_Opt,2026-03-11 13:33:07.342373,-29.38672065734864,68.94956970214844,0.0021106719505041,46.256,6.319,0.42,0.0,0,0,1,,1.0,2026-03-11T13:33:07.342373,neutral,0.989,2026-03-11T13:33:07.342373,0.5063430161310025,2026-03-11T13:33:06.984000,86,,,
participant_07,3,day,Town10HD_Opt,2026-03-11 13:33:08.314884,-21.54085350036621,70.1377944946289,0.0021474456880241,43.544,-4.841,0.261,0.0,0,0,1,,1.0,2026-03-11T13:33:08.314884,neutral,0.989,2026-03-11T13:33:07.342373,0.4335800569936927,2026-03-11T13:33:08.289000,84,,,errors=Solid line crossing
participant_07,3,day,Town10HD_Opt,2026-03-11 13:33:09.299603,-14.296746253967283,70.46414947509766,0.0021852874197065,38.809,-1.775,0.263,0.0,0,0,1,,1.0,2026-03-11T13:33:09.299603,neutral,0.989,2026-03-11T13:33:07.342373,0.5129377612453623,2026-03-11T13:33:09.099000,85,,,
participant_07,3,day,Town10HD_Opt,2026-03-11 13:33:10.289268,-7.751583099365234,70.337158203125,0.0021038055419921,36.52,-0.604,0.541,0.0,0,0,1,,1.0,2026-03-11T13:33:10.289268,neutral,1.0,2026-03-11T13:33:10.289268,0.4303942541701687,2026-03-11T13:33:10,85,,,
participant_07,3,day,Town10HD_Opt,2026-03-11 13:33:11.213842,-1.188324213027954,70.01615142822266,0.0019756315741688,38.73,0.653,0.499,0.0,0,0,1,,1.0,2026-03-11T13:33:11.213842,neutral,1.0,2026-03-11T13:33:10.289268,0.4446892637417474,2026-03-11T13:33:11.079000,85,,,
participant_07,3,day,Town10HD_Opt,2026-03-11 13:33:12.179566,5.496570110321045,69.7731704711914,0.0022314072120934,35.089,0.04,0.0,0.0,0,0,1,,1.0,2026-03-11T13:33:12.179566,neutral,1.0,2026-03-11T13:33:10.289268,0.4416479614576116,2026-03-11T13:33:12.069000,84,,,
participant_07,3,day,Town10HD_Opt,2026-03-11 13:33:13.144370,10.978073120117188,69.5953598022461,0.0022961043287068,27.053,0.75,0.0,0.0,0,0,1,,1.0,2026-03-11T13:33:13.144370,neutral,0.998,2026-03-11T13:33:13.144370,0.448991095207241,2026-03-11T13:33:13.149000,84,,,
participant_07,3,day,Town10HD_Opt,2026-03-11 13:33:14.110177,15.16344165802002,69.53824615478516,0.0022607040591537,19.932,0.646,0.0,0.052,0,0,1,,1.0,2026-03-11T13:33:14.110177,neutral,0.998,2026-03-11T13:33:13.144370,0.5159859734223372,2026-03-11T13:33:14.049000,84,,,
participant_07,3,day,Town10HD_Opt,2026-03-11 13:33:15.074220,18.28743934631348,69.53801727294922,0.0020268631633371,14.995,0.646,0.0,0.072,0,0,1,,1.0,2026-03-11T13:33:15.074220,neutral,0.998,2026-03-11T13:33:13.144370,0.455757070463593,2026-03-11T13:33:14.995000,84,,,
participant_07,3,day,Town10HD_Opt,2026-03-11 13:33:16.343512,21.260501861572266,69.57035827636719,0.0020327377133071,10.192,0.62,0.0,0.037,0,0,1,,1.0,2026-03-11T13:33:16.343512,neutral,0.979,2026-03-11T13:33:16.343512,0.4567742237563559,2026-03-11T13:33:16.029000,84,,,
participant_07,3,day,Town10HD_Opt,2026-03-11 13:33:17.348862,22.80422592163086,69.59928894042969,0.0020133589860051,7.259,0.618,0.0,0.044,0,0,1,,1.0,2026-03-11T13:33:17.348862,neutral,0.979,2026-03-11T13:33:16.343512,0.4391685904542556,2026-03-11T13:33:17.023000,83,,,
participant_07,3,day,Town10HD_Opt,2026-03-11 13:33:18.333993,23.812973022460938,69.62203979492188,0.0022953413426876,0.0,0.618,0.0,0.04,0,0,1,,1.0,2026-03-11T13:33:18.333993,neutral,0.979,2026-03-11T13:33:16.343512,0.4584487166173964,2026-03-11T13:33:18.144000,87,,,
participant_07,3,day,Town10HD_Opt,2026-03-11 13:33:19.366951,23.818639755249023,69.62217712402344,0.0019294356461614,0.605,0.618,0.657,0.0,0,0,1,,1.0,2026-03-11T13:33:19.366951,neutral,0.998,2026-03-11T13:33:19.366951,0.5194983959604111,2026-03-11T13:33:19.181000,85,,,
participant_07,3,day,Town10HD_Opt,2026-03-11 13:33:20.272767,24.733428955078125,69.6476821899414,0.0015630340203642,11.236,0.618,0.632,0.0,0,0,1,,1.0,2026-03-11T13:33:20.272767,neutral,0.998,2026-03-11T13:33:19.366951,0.5452340206528724,2026-03-11T13:33:19.993000,85,,,
participant_07,3,day,Town10HD_Opt,2026-03-11 13:33:21.218574,27.186248779296875,69.71173095703125,0.0017878722865134,16.127,-2.41,0.373,0.0,0,0,1,,1.0,2026-03-11T13:33:21.218574,neutral,0.998,2026-03-11T13:33:19.366951,0.589828788439846,2026-03-11T13:33:20.980000,86,,,
participant_07,3,day,Town10HD_Opt,2026-03-11 13:33:22.174437,30.191869735717773,69.56603240966797,0.002067451365292,18.286,-7.813,0.355,0.0,0,0,1,,1.0,2026-03-11T13:33:22.174437,neutral,0.99,2026-03-11T13:33:22.174437,0.6644816713248539,2026-03-11T13:33:21.973000,83,,,
participant_07,3,day,Town10HD_Opt,2026-03-11 13:33:23.122075,33.3543815612793,68.9903564453125,0.0019603348337113,20.379,-8.942,0.986,0.0,0,0,1,,1.0,2026-03-11T13:33:23.122075,neutral,0.99,2026-03-11T13:33:22.174437,0.663786433682314,2026-03-11T13:33:23.005000,83,,,
participant_07,3,day,Town10HD_Opt,2026-03-11 13:33:24.321090,39.64154815673828,66.03275299072266,0.0015821075066924,40.813,-16.637,0.99,0.0,0,0,1,,1.0,2026-03-11T13:33:24.321090,neutral,0.988,2026-03-11T13:33:24.321090,0.6218050627511317,2026-03-11T13:33:23.950000,83,,,
participant_07,3,day,Town10HD_Opt,2026-03-11 13:33:25.266138,44.44182205200195,59.57305908203125,0.0014985656598582,51.213,-12.468,0.0,0.126,0,0,1,,1.0,2026-03-11T13:33:25.266138,neutral,0.988,2026-03-11T13:33:24.321090,0.6664298459553698,2026-03-11T13:33:25.014000,82,,,errors=Vehicle-pedestrian collision
participant_07,3,day,Town10HD_Opt,2026-03-11 13:33:26.163385,45.89402389526367,51.49143600463867,0.0023434448521584,41.377,-4.879,0.0,0.222,0,0,1,,1.0,2026-03-11T13:33:26.163385,neutral,0.988,2026-03-11T13:33:24.321090,0.6503064483226716,2026-03-11T13:33:26.019000,81,,,
participant_07,3,day,Town10HD_Opt,2026-03-11 13:33:27.328998,45.27631759643555,43.40645599365234,0.0023227690253406,28.358,3.16,0.0,0.0,0,0,1,,1.0,2026-03-11T13:33:27.328998,neutral,1.0,2026-03-11T13:33:27.328998,0.6936814938823276,2026-03-11T13:33:27.055000,83,,,
participant_07,3,day,Town10HD_Opt,2026-03-11 13:33:28.207274,45.17548370361328,38.85730743408203,0.0021012497600167,25.082,5.652,0.453,0.0,0,0,1,,1.0,2026-03-11T13:33:28.207274,neutral,1.0,2026-03-11T13:33:27.328998,0.6789580478760308,2026-03-11T13:33:27.954000,81,,,
participant_07,3,day,Town10HD_Opt,2026-03-11 13:33:29.130517,45.9063720703125,34.4398078918457,0.0020470046438276,26.11,19.712,0.415,0.0,0,0,1,,1.0,2026-03-11T13:33:29.130517,neutral,1.0,2026-03-11T13:33:27.328998,0.679052887994153,2026-03-11T13:33:29.034000,82,,,
participant_07,3,day,Town10HD_Opt,2026-03-11 13:33:30.073227,48.42112350463867,30.663291931152344,0.0020793532021343,26.651,22.686,0.519,0.0,0,0,1,,1.0,2026-03-11T13:33:30.073227,neutral,0.989,2026-03-11T13:33:30.073227,0.5642388042716745,2026-03-11T13:33:29.979000,82,,,
participant_07,3,day,Town10HD_Opt,2026-03-11 13:33:31.294516,54.30816268920898,27.58519554138184,0.0019444655627012,31.242,6.419,0.51,0.0,0,0,1,,1.0,2026-03-11T13:33:31.294516,neutral,0.989,2026-03-11T13:33:30.073227,0.545143649089481,2026-03-11T13:33:31.014000,81,,,
participant_07,3,day,Town10HD_Opt,2026-03-11 13:33:32.173312,59.76647186279297,26.18627166748047,0.0019843291956931,33.484,6.884,0.681,0.0,0,0,1,,1.0,2026-03-11T13:33:32.173312,neutral,0.987,2026-03-11T13:33:32.173312,0.4972758894149274,2026-03-11T13:33:31.959000,83,,,
participant_07,3,day,Town10HD_Opt,2026-03-11 13:33:33.086459,66.45782470703125,25.662960052490234,0.0016012954292818,45.943,3.648,0.967,0.0,0,0,1,,1.0,2026-03-11T13:33:33.086459,neutral,0.987,2026-03-11T13:33:32.173312,0.524168338250546,2026-03-11T13:33:32.949000,83,,,
participant_07,3,day,Town10HD_Opt,2026-03-11 13:33:34.240081,78.00995635986328,26.05387306213379,0.002093200571835,49.284,-0.357,0.796,0.0,0,0,1,,1.0,2026-03-11T13:33:34.240081,neutral,0.998,2026-03-11T13:33:34.240081,0.4783772149132018,2026-03-11T13:33:33.982000,83,,,
participant_07,3,day,Town10HD_Opt,2026-03-11 13:33:35.122647,86.76494598388672,26.33601951599121,0.0040339659899473,48.512,-4.393,0.509,0.0,0,0,1,,1.0,2026-03-11T13:33:35.122647,neutral,0.998,2026-03-11T13:33:34.240081,0.5926998382146759,2026-03-11T13:33:35.110000,84,,,
participant_07,3,day,Town10HD_Opt,2026-03-11 13:33:36.291215,97.42963409423828,23.89350700378418,0.0021292113233357,46.021,-16.381,0.465,0.0,0,0,1,,1.0,2026-03-11T13:33:36.291215,neutral,1.0,2026-03-11T13:33:36.291215,0.6316220721674394,2026-03-11T13:33:35.964000,86,,,
participant_07,3,day,Town10HD_Opt,2026-03-11 13:33:37.219549,102.69915008544922,18.09329605102539,0.0021546555217355,44.344,-6.18,0.321,0.0,0,0,1,,1.0,2026-03-11T13:33:37.219549,neutral,1.0,2026-03-11T13:33:36.291215,0.7080478451025907,2026-03-11T13:33:36.956000,86,,,
participant_07,3,day,Town10HD_Opt,2026-03-11 13:33:38.074398,105.87483215332033,11.3076171875,0.0020714187994599,41.037,-4.171,0.322,0.0,0,0,1,,1.0,2026-03-11T13:33:38.074398,neutral,1.0,2026-03-11T13:33:36.291215,0.78736584132844,2026-03-11T13:33:38.125000,85,,,
participant_07,3,day,Town10HD_Opt,2026-03-11 13:33:39.280006,108.43348693847656,2.515019416809082,0.0021270369179546,37.465,-3.412,0.329,0.0,0,0,1,,1.0,2026-03-11T13:33:39.280006,neutral,0.964,2026-03-11T13:33:39.280006,0.8188325551524984,2026-03-11T13:33:38.979000,85,,,
participant_07,3,day,Town10HD_Opt,2026-03-11 13:33:40.153468,109.38117218017578,-3.866060495376587,0.0019956587348133,37.505,-3.664,0.761,0.0,0,0,1,,0.828,2026-03-11T13:33:40.153468,neutral,0.964,2026-03-11T13:33:39.280006,0.7987693541253168,2026-03-11T13:33:40.374000,85,,,
participant_07,3,day,Town10HD_Opt,2026-03-11 13:33:41.260075,109.48348999023438,-13.81802749633789,0.0017116927774623,51.068,-1.814,0.0,0.107,0,0,1,,1.0,2026-03-11T13:33:41.260075,neutral,0.964,2026-03-11T13:33:39.280006,0.8546055445590617,2026-03-11T13:33:41.319000,82,,,
participant_07,3,day,Town10HD_Opt,2026-03-11 13:33:42.134771,108.63858032226562,-22.645097732543945,0.0021734619513154,49.107,-1.659,0.99,0.0,0,0,1,,1.0,2026-03-11T13:33:42.134771,neutral,0.998,2026-03-11T13:33:42.134771,0.8876331927234637,2026-03-11T13:33:41.957000,84,,,
participant_07,3,day,Town10HD_Opt,2026-03-11 13:33:43.259781,106.1808090209961,-33.945220947265625,0.0019665146246552,50.427,-4.615,0.882,0.0,0,0,1,,1.0,2026-03-11T13:33:43.259781,neutral,0.998,2026-03-11T13:33:42.134771,0.8907164767803685,2026-03-11T13:33:42.985000,84,,,
participant_07,3,day,Town10HD_Opt,2026-03-11 13:33:44.103235,102.67327117919922,-42.06317901611328,0.0021558380685746,49.078,-3.328,0.791,0.0,0,0,1,,1.0,2026-03-11T13:33:44.103235,neutral,0.998,2026-03-11T13:33:42.134771,0.9096021340064788,2026-03-11T13:33:43.975000,85,,,
participant_07,3,day,Town10HD_Opt,2026-03-11 13:33:45.247742,96.20502471923828,-51.6884651184082,0.0019869613461196,50.504,-6.26,0.758,0.0,0,0,1,,1.0,2026-03-11T13:33:45.247742,neutral,0.983,2026-03-11T13:33:45.247742,0.9826985559067548,2026-03-11T13:33:45.009000,84,,,
participant_07,3,day,Town10HD_Opt,2026-03-11 13:33:46.121192,89.70213317871094,-57.32406997680664,0.0020846556872129,48.445,-5.879,0.591,0.0,0,0,1,,1.0,2026-03-11T13:33:46.121192,neutral,0.983,2026-03-11T13:33:45.247742,0.9078546734241438,2026-03-11T13:33:45.955000,85,,,
participant_07,3,day,Town10HD_Opt,2026-03-11 13:33:47.316710,79.353759765625,-62.344970703125,0.002021636813879,50.052,-4.261,0.51,0.0,0,0,1,,1.0,2026-03-11T13:33:47.316710,neutral,0.68,2026-03-11T13:33:47.316710,0.8921308402426061,2026-03-11T13:33:46.946000,84,,,
participant_07,3,day,Town10HD_Opt,2026-03-11 13:33:48.205457,70.8547592163086,-64.43563842773438,0.0020460509695112,50.045,-4.317,0.497,0.0,0,0,1,,1.0,2026-03-11T13:33:48.205457,neutral,0.68,2026-03-11T13:33:47.316710,0.7834883957578462,2026-03-11T13:33:47.980000,84,,,
participant_07,3,day,Town10HD_Opt,2026-03-11 13:33:49.091166,62.14619445800781,-65.10042572021484,0.0020481871906667,49.863,-0.696,0.492,0.0,0,0,1,,1.0,2026-03-11T13:33:49.091166,neutral,0.68,2026-03-11T13:33:47.316710,0.8666806416699881,2026-03-11T13:33:49.060000,83,,,
participant_07,3,day,Town10HD_Opt,2026-03-11 13:33:50.328918,50.54356002807617,-65.33110046386719,0.0020500181708484,49.56,-0.108,0.486,0.0,0,0,1,,1.0,2026-03-11T13:33:50.328918,neutral,0.982,2026-03-11T13:33:50.328918,0.9369189307630096,2026-03-11T13:33:50.095000,85,,,
participant_07,3,day,Town10HD_Opt,2026-03-11 13:33:51.245225,41.89413070678711,-65.54497528076172,0.0020505141001194,49.296,-0.2,0.485,0.0,0,0,1,,1.0,2026-03-11T13:33:51.245225,neutral,0.982,2026-03-11T13:33:50.328918,0.8766666210320783,2026-03-11T13:33:50.995000,82,,,
participant_07,3,day,Town10HD_Opt,2026-03-11 13:33:52.178224,33.28886032104492,-65.69174194335938,0.0020502090919762,49.042,-0.209,0.484,0.0,0,0,1,,1.0,2026-03-11T13:33:52.178224,neutral,0.982,2026-03-11T13:33:50.328918,0.8052328482241855,2026-03-11T13:33:52.030000,84,,,
participant_07,3,day,Town10HD_Opt,2026-03-11 13:33:53.097171,24.76774787902832,-65.76266479492188,0.0020824430976063,48.012,-0.28,0.433,0.0,0,0,1,,1.0,2026-03-11T13:33:53.097171,neutral,0.984,2026-03-11T13:33:53.097171,0.914082752526242,2026-03-11T13:33:52.975000,83,,,
participant_07,3,day,Town10HD_Opt,2026-03-11 13:33:54.271849,14.494877815246582,-65.7260971069336,0.002362098544836,37.262,-0.275,0.0,0.0,0,0,1,,1.0,2026-03-11T13:33:54.271849,neutral,0.984,2026-03-11T13:33:53.097171,0.810940310244495,2026-03-11T13:33:54.189000,83,,,
participant_07,3,day,Town10HD_Opt,2026-03-11 13:33:55.122964,8.673579216003418,-65.64204406738281,0.002309989882633,28.786,-0.068,0.0,0.0,0,0,1,,1.0,2026-03-11T13:33:55.122964,neutral,0.957,2026-03-11T13:33:55.122964,0.8081023066415295,2026-03-11T13:33:55.135000,84,,,
participant_07,3,day,Town10HD_Opt,2026-03-11 13:33:56.348542,2.9709115028381348,-65.55498504638672,0.0022455595899373,19.936,0.233,0.099,0.0,0,0,1,,1.0,2026-03-11T13:33:56.348542,neutral,0.957,2026-03-11T13:33:55.122964,0.7721430069491608,2026-03-11T13:33:56.035000,84,,,
participant_07,3,day,Town10HD_Opt,2026-03-11 13:33:57.252875,-0.2686531841754913,-65.52167510986328,0.0018666075775399,17.627,0.242,0.161,0.0,0,0,1,,1.0,2026-03-11T13:33:57.252875,neutral,0.995,2026-03-11T13:33:57.252875,0.7571077008524624,2026-03-11T13:33:56.988000,84,,,
participant_07,3,day,Town10HD_Opt,2026-03-11 13:33:58.191965,-3.281399726867676,-65.50485229492188,0.0019070815760642,17.538,0.24,0.36,0.0,0,0,1,,1.0,2026-03-11T13:33:58.191965,neutral,0.995,2026-03-11T13:33:57.252875,0.6519166478698306,2026-03-11T13:33:57.969000,83,,,
participant_07,3,day,Town10HD_Opt,2026-03-11 13:33:59.074264,-6.429905891418457,-65.49793243408203,0.0020627593621611,18.076,0.155,0.33,0.0,0,0,1,,1.0,2026-03-11T13:33:59.074264,neutral,0.995,2026-03-11T13:33:57.252875,0.7603402168561317,2026-03-11T13:33:58.960000,82,,,
participant_07,3,day,Town10HD_Opt,2026-03-11 13:34:00.282312,-10.672691345214844,-65.49989318847656,0.002023200970143,18.083,0.063,0.109,0.0,0,0,1,,1.0,2026-03-11T13:34:00.282312,neutral,0.991,2026-03-11T13:34:00.282312,0.6899605272817714,2026-03-11T13:33:59.995000,81,,,
participant_07,3,day,Town10HD_Opt,2026-03-11 13:34:01.130580,-13.668773651123049,-65.50391387939453,0.0020169448107481,15.092,-0.016,0.0,0.0,0,0,1,,1.0,2026-03-11T13:34:01.130580,neutral,0.991,2026-03-11T13:34:00.282312,0.6673180280657249,2026-03-11T13:34:01.120000,81,,,
participant_07,3,day,Town10HD_Opt,2026-03-11 13:34:02.313106,-16.672637939453125,-65.50801849365234,0.0020219420548528,10.549,0.002,0.0,0.018,0,0,1,,1.0,2026-03-11T13:34:02.313106,neutral,0.999,2026-03-11T13:34:02.313106,0.6587739613462122,2026-03-11T13:34:02.335000,83,,,
participant_07,3,day,Town10HD_Opt,2026-03-11 13:34:03.188492,-18.26116752624512,-65.51024627685547,0.0020143126603215,7.46,0.002,0.0,0.053,0,0,1,,1.0,2026-03-11T13:34:03.188492,neutral,0.999,2026-03-11T13:34:02.313106,0.6372573262086371,2026-03-11T13:34:02.967000,82,,,
participant_07,3,day,Town10HD_Opt,2026-03-11 13:34:04.308207,-19.503204345703125,-65.51204681396484,0.0023023223038762,0.229,0.002,0.0,0.0,0,0,1,,1.0,2026-03-11T13:34:04.308207,neutral,0.999,2026-03-11T13:34:02.313106,0.6743935266687934,2026-03-11T13:34:03.955000,83,,,
participant_07,3,day,Town10HD_Opt,2026-03-11 13:34:05.151365,-19.54104995727539,-65.51204681396484,0.001928215031512,0.254,0.002,0.0,0.0,0,0,1,,1.0,2026-03-11T13:34:05.151365,neutral,0.993,2026-03-11T13:34:05.151365,0.7229628759584967,2026-03-11T13:34:05.125000,84,,,
participant_07,3,day,Town10HD_Opt,2026-03-11 13:34:06.327802,-19.59105491638184,-65.51204681396484,0.0019207381410524,0.177,0.002,0.0,0.0,0,0,1,,1.0,2026-03-11T13:34:06.327802,neutral,0.993,2026-03-11T13:34:05.151365,0.7050329897284741,2026-03-11T13:34:06.026000,84,,,
participant_07,3,day,Town10HD_Opt,2026-03-11 13:34:07.164389,-20.02985191345215,-65.51268768310547,0.0014955138321965,9.554,0.002,1.0,0.0,0,0,1,,1.0,2026-03-11T13:34:07.164389,neutral,0.988,2026-03-11T13:34:07.164389,0.6997005701068832,2026-03-11T13:34:07.015000,82,,,
participant_07,3,day,Town10HD_Opt,2026-03-11 13:34:08.286255,-24.41453742980957,-65.55168914794922,0.0015613173600286,29.503,0.693,1.0,0.0,0,0,1,,1.0,2026-03-11T13:34:08.286255,neutral,0.988,2026-03-11T13:34:07.164389,0.7309006514253665,2026-03-11T13:34:08.006000,82,,,
participant_07,3,day,Town10HD_Opt,2026-03-11 13:34:09.139852,-30.851730346679688,-65.7247314453125,0.0015395736554637,45.125,0.526,1.0,0.0,0,0,1,,1.0,2026-03-11T13:34:09.139852,neutral,0.988,2026-03-11T13:34:07.164389,0.7748641987437836,2026-03-11T13:34:09.265000,81,,,
participant_07,3,day,Town10HD_Opt,2026-03-11 13:34:10.329858,-42.40032196044922,-66.26886749267578,0.0021879577543586,48.879,0.08,0.994,0.0,0,0,1,,1.0,2026-03-11T13:34:10.329858,neutral,0.988,2026-03-11T13:34:10.329858,0.7725544436742642,2026-03-11T13:34:10.120000,82,,,
participant_07,3,day,Town10HD_Opt,2026-03-11 13:34:11.199775,-51.26269912719727,-66.76248168945312,0.0020346832461655,48.591,-0.221,0.986,0.0,0,0,1,,1.0,2026-03-11T13:34:11.199775,neutral,0.988,2026-03-11T13:34:10.329858,0.8501548436317101,2026-03-11T13:34:11.200000,81,,,
participant_07,3,day,Town10HD_Opt,2026-03-11 13:34:12.261809,-62.92571258544922,-67.29655456542969,0.002147254999727,48.737,-1.144,0.973,0.0,0,0,1,,1.0,2026-03-11T13:34:12.261809,neutral,0.988,2026-03-11T13:34:10.329858,0.9052232912796307,2026-03-11T13:34:12.010000,82,,,
participant_07,3,day,Town10HD_Opt,2026-03-11 13:34:13.101843,-71.69696044921875,-67.11225128173828,0.0022243116982281,48.011,-6.014,0.96,0.0,0,0,1,,1.0,2026-03-11T13:34:13.101843,neutral,0.981,2026-03-11T13:34:13.101843,0.879341099425104,2026-03-11T13:34:13.001000,81,,,
participant_07,3,day,Town10HD_Opt,2026-03-11 13:34:14.230967,-82.97091674804688,-64.18118286132812,0.0021557998843491,49.135,-3.207,0.979,0.0,0,0,1,,1.0,2026-03-11T13:34:14.230967,neutral,0.981,2026-03-11T13:34:13.101843,0.8548751396633385,2026-03-11T13:34:14.124000,81,,,
participant_07,3,day,Town10HD_Opt,2026-03-11 13:34:15.086908,-90.92937469482422,-60.241458892822266,0.0022374724503606,48.436,-4.534,0.975,0.0,0,0,1,,1.0,2026-03-11T13:34:15.086908,neutral,0.981,2026-03-11T13:34:13.101843,0.8543563147874764,2026-03-11T13:34:15.025000,81,,,
participant_07,3,day,Town10HD_Opt,2026-03-11 13:34:16.260325,-99.72068786621094,-52.73151397705078,0.0020535278599709,50.047,-6.417,0.954,0.0,0,0,1,,1.0,2026-03-11T13:34:16.260325,neutral,0.73,2026-03-11T13:34:16.260325,0.8829272091930682,2026-03-11T13:34:16.060000,82,,,
participant_07,3,day,Town10HD_Opt,2026-03-11 13:34:17.148611,-104.41162109375,-45.35624313354492,0.0020930098835378,49.116,-3.886,0.939,0.0,0,0,1,,1.0,2026-03-11T13:34:17.148611,neutral,0.73,2026-03-11T13:34:16.260325,0.8018334073973272,2026-03-11T13:34:16.959000,83,,,
participant_07,3,day,Town10HD_Opt,2026-03-11 13:34:18.313743,-108.58953094482422,-34.480037689208984,0.0018844222649931,51.649,-4.07,0.0,0.148,0,0,1,,1.0,2026-03-11T13:34:18.313743,neutral,0.736,2026-03-11T13:34:18.313743,0.8011821698268218,2026-03-11T13:34:18.042000,81,,,
participant_07,3,day,Town10HD_Opt,2026-03-11 13:34:19.267079,-110.11576080322266,-25.83438491821289,0.0019031906267628,51.468,-3.459,0.0,0.147,0,0,1,,1.0,2026-03-11T13:34:19.267079,neutral,0.736,2026-03-11T13:34:18.313743,0.7585644150294432,2026-03-11T13:34:19.120000,83,,,
participant_07,3,day,Town10HD_Opt,2026-03-11 13:34:20.206655,-110.4317626953125,-17.06549072265625,0.0018895721295848,51.801,-0.141,0.0,0.18,0,0,1,,1.0,2026-03-11T13:34:20.206655,neutral,0.736,2026-03-11T13:34:18.313743,0.8162004035542656,2026-03-11T13:34:19.975000,82,,,
participant_07,3,day,Town10HD_Opt,2026-03-11 13:34:21.127948,-110.49827575683594,-8.296730995178223,0.0019414901034906,50.77,0.761,0.0,0.103,0,0,1,,1.0,2026-03-11T13:34:21.127948,neutral,0.941,2026-03-11T13:34:21.127948,0.8463159626103223,2026-03-11T13:34:20.965000,81,,,
participant_07,3,day,Town10HD_Opt,2026-03-11 13:34:22.356335,-110.80023956298828,2.809173822402954,0.0022198485676199,43.781,-2.118,0.083,0.0,0,0,1,,1.0,2026-03-11T13:34:22.356335,neutral,0.941,2026-03-11T13:34:21.127948,0.8610997286389743,2026-03-11T13:34:22,82,,,
participant_07,3,day,Town10HD_Opt,2026-03-11 13:34:23.332995,-110.5102310180664,9.729766845703123,0.0023487852886319,34.426,-5.773,0.0,0.0,0,0,1,,1.0,2026-03-11T13:34:23.332995,neutral,0.996,2026-03-11T13:34:23.332995,0.8697870893084623,2026-03-11T13:34:23.170000,81,,,
participant_07,3,day,Town10HD_Opt,2026-03-11 13:34:24.233854,-109.3998794555664,14.968233108520508,0.002310981741175,26.718,-9.861,0.0,0.0,0,0,1,,1.0,2026-03-11T13:34:24.233854,neutral,0.996,2026-03-11T13:34:23.332995,0.7802214898930246,2026-03-11T13:34:23.983000,81,,,
participant_07,3,day,Town10HD_Opt,2026-03-11 13:34:25.116954,-107.67105102539062,18.6297607421875,0.0022671127226203,19.659,-11.318,0.0,0.0,0,0,1,,1.0,2026-03-11T13:34:25.116954,neutral,0.996,2026-03-11T13:34:23.332995,0.8178416942011394,2026-03-11T13:34:25.060000,82,,,
participant_07,3,day,Town10HD_Opt,2026-03-11 13:34:26.132761,-105.79155731201172,21.159103393554688,0.0019943618681281,18.911,-6.35,0.822,0.0,0,0,1,,1.0,2026-03-11T13:34:26.132761,neutral,0.78,2026-03-11T13:34:26.132761,0.791747961933312,2026-03-11T13:34:26.050000,82,,,
participant_07,3,day,Town10HD_Opt,2026-03-11 13:34:27.104393,-103.20694732666016,23.95134162902832,0.0018148040398955,25.631,-6.509,0.355,0.0,0,0,1,,1.0,2026-03-11T13:34:27.104393,neutral,0.78,2026-03-11T13:34:26.132761,0.8737462136696782,2026-03-11T13:34:27.041000,81,,,
participant_07,3,day,Town10HD_Opt,2026-03-11 13:34:28.376998,-98.58800506591795,27.1010971069336,0.002261581365019,20.228,-18.274,0.0,0.048,0,0,1,,1.0,2026-03-11T13:34:28.376998,neutral,0.95,2026-03-11T13:34:28.376998,0.8599783075849057,2026-03-11T13:34:27.986000,81,,,
participant_07,3,day,Town10HD_Opt,2026-03-11 13:34:29.088101,-96.68315887451172,27.67273330688477,0.0023987197782844,8.671,-12.92,0.0,0.12,0,0,1,,1.0,2026-03-11T13:34:29.088101,neutral,0.95,2026-03-11T13:34:28.376998,0.8145633131397638,2026-03-11T13:34:28.975000,81,,,
participant_07,3,day,Town10HD_Opt,2026-03-11 13:34:30.099532,-96.39871978759766,27.73311996459961,0.0020159911364316,0.024,-6.609,0.0,0.0,0,0,1,,1.0,2026-03-11T13:34:30.099532,neutral,0.95,2026-03-11T13:34:28.376998,0.7830662257322231,2026-03-11T13:34:30.055000,83,,,
participant_07,3,day,Town10HD_Opt,2026-03-11 13:34:31.346032,-96.39815521240234,27.73320960998535,0.001918182359077,0.138,-9.842,0.136,0.0,0,0,1,,1.0,2026-03-11T13:34:31.346032,neutral,0.957,2026-03-11T13:34:31.346032,0.6699187390111497,2026-03-11T13:34:31.045000,83,,,
participant_07,3,day,Town10HD_Opt,2026-03-11 13:34:32.321370,-96.33077239990234,27.7409896850586,0.0018422699067741,1.752,-11.827,0.293,0.0,0,0,1,,1.0,2026-03-11T13:34:32.321370,neutral,0.957,2026-03-11T13:34:31.346032,0.750496462880009,2026-03-11T13:34:31.993000,84,,,
participant_07,3,day,Town10HD_Opt,2026-03-11 13:34:33.293559,-95.8106918334961,27.78276824951172,0.0018621062627062,3.992,-14.692,0.178,0.0,0,0,1,,1.0,2026-03-11T13:34:33.293559,neutral,0.957,2026-03-11T13:34:31.346032,0.733748745240369,2026-03-11T13:34:33.026000,84,,,
participant_07,3,day,Town10HD_Opt,2026-03-11 13:34:34.225588,-95.0433578491211,27.804298400878903,0.0019198226509615,4.377,-10.571,0.0,0.0,0,0,1,,1.0,2026-03-11T13:34:34.225588,neutral,0.953,2026-03-11T13:34:34.225588,0.7499911527845053,2026-03-11T13:34:33.970000,84,,,
participant_07,3,day,Town10HD_Opt,2026-03-11 13:34:35.173801,-94.361083984375,27.83086585998535,0.00194980611559,3.375,-1.657,0.0,0.0,0,0,1,,1.0,2026-03-11T13:34:35.173801,neutral,0.953,2026-03-11T13:34:34.225588,0.8829943602971506,2026-03-11T13:34:34.960000,84,,,
participant_07,3,day,Town10HD_Opt,2026-03-11 13:34:36.130243,-93.83670806884766,27.8572940826416,0.0019438933813944,2.59,-4.162,0.0,0.0,0,0,1,,1.0,2026-03-11T13:34:36.130243,neutral,0.953,2026-03-11T13:34:34.225588,0.7560387990442045,2026-03-11T13:34:35.995000,83,,,
participant_07,3,day,Town10HD_Opt,2026-03-11 13:34:37.352559,-93.32176208496094,27.873544692993164,0.0019364166073501,1.821,-4.001,0.0,0.0,0,0,1,,1.0,2026-03-11T13:34:37.352559,neutral,1.0,2026-03-11T13:34:37.352559,0.7654027357871394,2026-03-11T13:34:37.075000,84,,,
participant_07,3,day,Town10HD_Opt,2026-03-11 13:34:38.318115,-93.03865814208984,27.88001251220703,0.0019324492895975,1.398,-4.011,0.0,0.0,0,0,1,,1.0,2026-03-11T13:34:38.318115,neutral,1.0,2026-03-11T13:34:37.352559,0.7710194902880312,2026-03-11T13:34:38.156000,86,,,
participant_07,3,day,Town10HD_Opt,2026-03-11 13:34:39.352159,-92.8213882446289,27.883695602416992,0.0019293593941256,1.073,-3.943,0.0,0.0,0,0,1,,1.0,2026-03-11T13:34:39.352159,neutral,1.0,2026-03-11T13:34:37.352559,0.9117822447397268,2026-03-11T13:34:39.011000,86,,,
participant_07,3,day,Town10HD_Opt,2026-03-11 13:34:40.326178,-92.65528869628906,27.8867301940918,0.0019308852497488,0.717,-2.642,0.103,0.0,0,0,1,,1.0,2026-03-11T13:34:40.326178,neutral,0.994,2026-03-11T13:34:40.326178,0.8053423664690276,2026-03-11T13:34:40.092000,86,,,
participant_07,3,day,Town10HD_Opt,2026-03-11 13:34:41.338683,-92.1551742553711,27.89859962463379,0.0015985870268195,8.345,-0.98,0.856,0.0,0,0,1,,1.0,2026-03-11T13:34:41.338683,neutral,0.994,2026-03-11T13:34:40.326178,0.8456086262248439,2026-03-11T13:34:40.990000,86,,,
participant_07,3,day,Town10HD_Opt,2026-03-11 13:34:42.357100,-89.66814422607422,27.95488739013672,0.0018820952391251,18.368,-1.008,0.412,0.0,0,0,1,,1.0,2026-03-11T13:34:42.357100,neutral,0.962,2026-03-11T13:34:42.357100,0.8128562720415744,2026-03-11T13:34:42.120000,86,,,
participant_07,3,day,Town10HD_Opt,2026-03-11 13:34:43.304637,-86.47209930419922,27.97361183166504,0.0018561935285106,17.469,-1.295,0.0,0.0,0,0,1,,1.0,2026-03-11T13:34:43.304637,neutral,0.962,2026-03-11T13:34:42.357100,0.7244640948766731,2026-03-11T13:34:43.106000,86,,,
participant_07,3,day,Town10HD_Opt,2026-03-11 13:34:44.236510,-83.737548828125,27.9432315826416,0.0020410155411809,13.488,0.188,0.0,0.0,0,0,1,,1.0,2026-03-11T13:34:44.236510,neutral,0.962,2026-03-11T13:34:42.357100,0.8631460342866549,2026-03-11T13:34:44.275000,86,,,
participant_07,3,day,Town10HD_Opt,2026-03-11 13:34:45.229347,-81.63555908203125,27.93996238708496,0.0020180509891361,10.362,1.034,0.0,0.0,0,0,1,,1.0,2026-03-11T13:34:45.229347,neutral,0.998,2026-03-11T13:34:45.229347,0.8168843256342991,2026-03-11T13:34:45.039000,85,,,
participant_07,3,day,Town10HD_Opt,2026-03-11 13:34:46.188158,-80.02142333984375,27.95696258544922,0.0019953155424445,7.956,1.022,0.0,0.0,0,0,1,,1.0,2026-03-11T13:34:46.188158,neutral,0.998,2026-03-11T13:34:45.229347,0.795971936420064,2026-03-11T13:34:46.120000,85,,,
participant_07,3,day,Town10HD_Opt,2026-03-11 13:34:47.158013,-78.7822494506836,27.97962188720703,0.0019776534754782,6.108,0.888,0.0,0.0,0,0,1,,1.0,2026-03-11T13:34:47.158013,neutral,0.998,2026-03-11T13:34:45.229347,0.8732455541544705,2026-03-11T13:34:47.200000,85,,,
participant_07,3,day,Town10HD_Opt,2026-03-11 13:34:48.078781,-78.16515350341797,27.99277305603028,0.0021456908434629,0.0,0.893,0.0,0.016,0,0,1,,1.0,2026-03-11T13:34:48.078781,neutral,0.996,2026-03-11T13:34:48.078781,0.7929784980722826,2026-03-11T13:34:48.416000,86,,,
participant_07,3,day,Town10HD_Opt,2026-03-11 13:34:49.314144,-78.16398620605469,27.99280548095703,0.001922111492604,0.004,0.898,0.0,0.0,0,0,1,,1.0,2026-03-11T13:34:49.314144,neutral,0.996,2026-03-11T13:34:48.078781,0.8060638489904021,2026-03-11T13:34:49,85,,,
participant_07,3,day,Town10HD_Opt,2026-03-11 13:34:50.305500,-78.16368103027344,27.992807388305664,0.001919288537465,0.001,0.592,0.0,0.0,0,0,1,,1.0,2026-03-11T13:34:50.305500,neutral,0.998,2026-03-11T13:34:50.305500,0.8040363467568633,2026-03-11T13:34:50.007000,83,,,
participant_07,3,day,Town10HD_Opt,2026-03-11 13:34:51.216009,-78.16364288330078,27.992807388305664,0.0019188689766451,0.006,0.583,0.0,0.0,0,0,1,,1.0,2026-03-11T13:34:51.216009,neutral,0.998,2026-03-11T13:34:50.305500,0.8718921069931936,2026-03-11T13:34:50.981000,82,,,
participant_07,3,day,Town10HD_Opt,2026-03-11 13:34:52.101663,-78.16368103027344,27.992807388305664,0.001918678288348,0.006,0.583,0.0,0.0,0,0,1,,1.0,2026-03-11T13:34:52.101663,neutral,0.998,2026-03-11T13:34:50.305500,0.8723933728616149,2026-03-11T13:34:52.016000,86,,,
participant_07,3,day,Town10HD_Opt,2026-03-11 13:34:53.065890,-78.16358947753906,27.992807388305664,0.0019189834129065,0.002,0.583,0.0,0.0,0,0,1,,1.0,2026-03-11T13:34:53.065890,neutral,0.995,2026-03-11T13:34:53.065890,0.8579852100551495,2026-03-11T13:34:52.961000,84,,,
participant_07,4,day,Town10HD_Opt,2026-03-11 13:45:00.000000,-41.66858673095703,89.7454833984375,0.5804919600486755,0.0,0.837,0.863,0.621,0,0,1,,1.0,2026-03-11T13:45:00,,,2026-03-11T13:45:00,0.7776612693232459,2026-03-11T13:45:00,77,,,
participant_07,4,day,Town10HD_Opt,2026-03-11 13:45:04.454489,-41.66858673095703,89.7454833984375,0.0019178008660674,0.0,0.837,0.885,0.621,0,0,1,,0.954,2026-03-11T13:45:04.454489,,,2026-03-11T13:45:04.454489,0.9005467585908893,2026-03-11T13:45:04.997000,77,,,
participant_07,4,day,Town10HD_Opt,2026-03-11 13:45:05.099193,-41.66858673095703,89.7454833984375,0.0019188307924196,0.0,0.837,0.0,0.621,0,0,1,,1.0,2026-03-11T13:45:05.099193,,,2026-03-11T13:45:04.454489,0.8321006127031846,2026-03-11T13:45:06.029000,76,,,
participant_07,4,day,Town10HD_Opt,2026-03-11 13:45:06.060575,-41.66858673095703,89.7454833984375,0.0019188307924196,0.0,0.837,0.931,0.621,0,0,1,,0.959,2026-03-11T13:45:06.060575,,,2026-03-11T13:45:04.454489,0.8287169804746132,2026-03-11T13:45:06.975000,74,,,
participant_07,4,day,Town10HD_Opt,2026-03-11 13:45:07.044553,-41.66858673095703,89.7454833984375,0.0019188307924196,0.0,0.837,0.0,0.621,0,0,1,,1.0,2026-03-11T13:45:07.044553,neutral,0.882,2026-03-11T13:45:07.044553,0.7531072237543592,2026-03-11T13:45:06.975000,75,,,
participant_07,4,day,Town10HD_Opt,2026-03-11 13:45:08.145240,-41.66858673095703,89.7454833984375,0.0019188307924196,0.0,0.837,1.0,0.621,0,0,1,,0.957,2026-03-11T13:45:08.145240,neutral,0.882,2026-03-11T13:45:07.044553,0.8101958804678534,2026-03-11T13:45:09.045000,77,,,
participant_07,4,day,Town10HD_Opt,2026-03-11 13:45:09.163329,-41.66858673095703,89.7454833984375,0.0019188307924196,0.0,0.837,0.619,0.621,0,0,1,,0.823,2026-03-11T13:45:09.163329,neutral,0.852,2026-03-11T13:45:09.163329,0.7359737186977162,2026-03-11T13:45:09.991000,76,,,
participant_07,4,day,Town10HD_Opt,2026-03-11 13:45:10.109349,-41.66858673095703,89.7454833984375,0.0019188307924196,0.0,0.837,0.625,0.621,0,0,1,,1.0,2026-03-11T13:45:10.109349,neutral,0.852,2026-03-11T13:45:09.163329,0.7980508896562257,2026-03-11T13:45:09.991000,77,,,
participant_07,4,day,Town10HD_Opt,2026-03-11 13:45:11.112426,-41.66858673095703,89.7454833984375,0.0019188307924196,0.0,0.837,0.561,0.621,0,0,1,,0.912,2026-03-11T13:45:11.112426,neutral,0.852,2026-03-11T13:45:09.163329,0.7312265780374483,2026-03-11T13:45:11.970000,75,,,
participant_07,4,day,Town10HD_Opt,2026-03-11 13:45:12.063037,-41.66858673095703,89.7454833984375,0.0019188307924196,0.0,0.837,0.573,0.621,0,0,1,,1.0,2026-03-11T13:45:12.063037,neutral,0.911,2026-03-11T13:45:12.063037,0.5783038668978089,2026-03-11T13:45:12.961000,73,,,
participant_07,4,day,Town10HD_Opt,2026-03-11 13:45:13.272813,-41.66858673095703,89.7454833984375,0.0019188307924196,0.0,0.837,0.57,0.621,0,0,1,,0.951,2026-03-11T13:45:13.272813,neutral,0.911,2026-03-11T13:45:12.063037,0.6941039776950575,2026-03-11T13:45:13.995000,73,,,
participant_07,4,day,Town10HD_Opt,2026-03-11 13:45:14.203739,-41.66858673095703,89.7454833984375,0.0019188307924196,0.0,0.837,0.518,0.621,0,0,1,,0.928,2026-03-11T13:45:14.203739,neutral,0.995,2026-03-11T13:45:14.203739,0.6855699313806418,,75,,,
participant_07,4,day,Town10HD_Opt,2026-03-11 13:45:15.102510,-41.66858673095703,89.7454833984375,0.0019188307924196,0.0,0.837,0.385,0.621,0,0,1,,0.92,2026-03-11T13:45:15.102510,neutral,0.995,2026-03-11T13:45:14.203739,0.6740381453448717,,74,,,
participant_07,4,day,Town10HD_Opt,2026-03-11 13:45:16.012057,-41.66858673095703,89.7454833984375,0.0019188307924196,0.0,0.837,0.399,0.621,0,0,1,,0.944,2026-03-11T13:45:16.012057,neutral,0.995,2026-03-11T13:45:14.203739,0.6349340600667104,2026-03-11T13:45:16.966000,76,,,
participant_07,4,day,Town10HD_Opt,2026-03-11 13:45:17.257810,-41.66858673095703,89.7454833984375,0.0019188307924196,0.0,0.837,0.399,0.621,0,0,1,,0.807,2026-03-11T13:45:17.257810,neutral,0.861,2026-03-11T13:45:17.257810,0.6157109494673542,2026-03-11T13:45:18.180000,78,,,
participant_07,4,day,Town10HD_Opt,2026-03-11 13:45:18.185083,-41.66858673095703,89.7454833984375,0.0019188307924196,0.0,0.837,0.399,0.621,0,0,1,,0.957,2026-03-11T13:45:18.185083,neutral,0.861,2026-03-11T13:45:17.257810,0.6201064143002486,2026-03-11T13:45:19.125000,81,,,
participant_07,4,day,Town10HD_Opt,2026-03-11 13:45:19.098786,-41.66858673095703,89.7454833984375,0.0019188307924196,0.0,0.837,0.399,0.621,0,0,1,,0.922,2026-03-11T13:45:19.098786,neutral,0.861,2026-03-11T13:45:17.257810,0.6773499025125972,2026-03-11T13:45:19.125000,80,,,
participant_07,4,day,Town10HD_Opt,2026-03-11 13:45:20.035236,-41.66858673095703,89.7454833984375,0.0019188307924196,0.0,0.837,0.399,0.621,0,0,1,,0.955,2026-03-11T13:45:20.035236,neutral,0.92,2026-03-11T13:45:20.035236,0.6782070606891047,2026-03-11T13:45:20.205000,83,,,
participant_07,4,day,Town10HD_Opt,2026-03-11 13:45:21.277539,-41.66858673095703,89.7454833984375,0.0019188307924196,0.0,0.837,0.973,0.621,0,0,1,,0.891,2026-03-11T13:45:21.277539,neutral,0.92,2026-03-11T13:45:20.035236,0.6070388134659234,2026-03-11T13:45:21.195000,84,,,
participant_07,4,day,Town10HD_Opt,2026-03-11 13:45:22.221021,-41.66858673095703,89.7454833984375,0.0019188307924196,0.0,0.837,0.0,0.621,0,0,1,,1.0,2026-03-11T13:45:22.221021,neutral,0.866,2026-03-11T13:45:22.221021,0.5808231219869322,2026-03-11T13:45:22.323000,83,,,
participant_07,4,day,Town10HD_Opt,2026-03-11 13:45:23.191858,-41.66858673095703,89.7454833984375,0.0019188307924196,0.0,0.837,0.015,0.621,0,0,1,,0.868,2026-03-11T13:45:23.191858,neutral,0.866,2026-03-11T13:45:22.221021,0.6638370205421853,2026-03-11T13:45:23.310000,84,,,
participant_07,4,day,Town10HD_Opt,2026-03-11 13:45:24.130568,-41.66858673095703,89.7454833984375,0.0019188307924196,0.0,0.837,0.0,0.621,0,0,1,,0.952,2026-03-11T13:45:24.130568,neutral,0.866,2026-03-11T13:45:22.221021,0.6500194466181767,2026-03-11T13:45:24.347000,82,,,
participant_07,4,day,Town10HD_Opt,2026-03-11 13:45:25.011726,-41.66858673095703,89.7454833984375,0.0019188307924196,0.0,0.837,0.0,0.583,0,0,1,,0.944,2026-03-11T13:45:25.011726,neutral,0.989,2026-03-11T13:45:25.011726,0.6283219666468731,2026-03-11T13:45:25.516000,82,,,
participant_07,4,day,Town10HD_Opt,2026-03-11 13:45:26.231237,-41.66858673095703,89.7454833984375,0.0019188307924196,0.0,0.837,0.0,0.0,0,0,1,,0.945,2026-03-11T13:45:26.231237,neutral,0.989,2026-03-11T13:45:25.011726,0.5962818818646151,2026-03-11T13:45:27.091000,80,,,
participant_07,4,day,Town10HD_Opt,2026-03-11 13:45:27.111084,-41.66814422607422,89.62789916992188,0.0017109679756686,4.331,0.837,0.955,0.0,0,0,1,,0.968,2026-03-11T13:45:27.111084,neutral,0.997,2026-03-11T13:45:27.111084,0.5756387202610822,2026-03-11T13:45:28.035000,82,,,
participant_07,4,day,Town10HD_Opt,2026-03-11 13:45:28.037676,-41.65273284912109,87.68678283691406,0.0014749908586964,17.975,0.837,0.0,0.0,0,0,1,,0.966,2026-03-11T13:45:28.037676,neutral,0.997,2026-03-11T13:45:27.111084,0.6730225358041128,2026-03-11T13:45:28.035000,82,,,
participant_07,4,day,Town10HD_Opt,2026-03-11 13:45:29.257385,-41.57707595825195,83.95567321777344,0.0020381163340061,13.269,0.837,0.0,0.0,0,0,1,,1.0,2026-03-11T13:45:29.257385,surprise,0.88,2026-03-11T13:45:29.257385,0.6435178422868912,2026-03-11T13:45:30.106000,84,,,
participant_07,4,day,Town10HD_Opt,2026-03-11 13:45:30.251359,-41.49488830566406,81.87189483642578,0.0020045088604092,10.504,3.627,0.058,0.0,0,0,1,,1.0,2026-03-11T13:45:30.251359,surprise,0.88,2026-03-11T13:45:29.257385,0.6424717354212498,2026-03-11T13:45:30.106000,84,,,
participant_07,4,day,Town10HD_Opt,2026-03-11 13:45:31.299319,-41.325439453125,80.10818481445312,0.0019155120244249,10.242,6.412,0.22,0.0,0,0,1,,1.0,2026-03-11T13:45:31.299319,happy,0.709,2026-03-11T13:45:31.299319,0.7087847138415544,2026-03-11T13:45:31.995000,87,,,
participant_07,4,day,Town10HD_Opt,2026-03-11 13:45:32.303956,-40.969852447509766,78.20111846923828,0.0018055724212899,13.104,10.228,0.473,0.0,0,0,1,,0.918,2026-03-11T13:45:32.303956,happy,0.709,2026-03-11T13:45:31.299319,0.6810704695165885,2026-03-11T13:45:32.985000,88,,,
participant_07,4,day,Town10HD_Opt,2026-03-11 13:45:33.302443,-40.135501861572266,75.66799926757812,0.0017794799059629,17.749,12.231,0.469,0.0,0,0,1,,1.0,2026-03-11T13:45:33.302443,happy,0.691,2026-03-11T13:45:33.302443,0.693746218274219,2026-03-11T13:45:34.020000,87,,,
participant_07,4,day,Town10HD_Opt,2026-03-11 13:45:34.016762,-39.16653060913086,73.77781677246094,0.0020642089657485,18.568,15.561,0.465,0.0,0,0,1,,1.0,2026-03-11T13:45:34.016762,happy,0.691,2026-03-11T13:45:33.302443,0.6897956045644992,2026-03-11T13:45:34.965000,87,,,
participant_07,4,day,Town10HD_Opt,2026-03-11 13:45:35.044712,-36.87222290039063,71.2361831665039,0.0019929886329919,21.247,22.225,0.464,0.0,0,0,1,,0.832,2026-03-11T13:45:35.044712,happy,0.691,2026-03-11T13:45:33.302443,0.7502938641689352,2026-03-11T13:45:36,84,,,
participant_07,4,day,Town10HD_Opt,2026-03-11 13:45:36.084403,-33.37166976928711,69.58214569091797,0.0020054625347256,23.767,21.832,0.464,0.0,0,0,1,,1.0,2026-03-11T13:45:36.084403,neutral,0.888,2026-03-11T13:45:36.084403,0.687315109776132,2026-03-11T13:45:36.990000,84,,,
participant_07,4,day,Town10HD_Opt,2026-03-11 13:45:37.128333,-29.0526180267334,69.35317993164062,0.0019750213250517,26.349,6.168,0.464,0.0,0,0,1,,0.896,2026-03-11T13:45:37.128333,neutral,0.888,2026-03-11T13:45:36.084403,0.6660171440649243,2026-03-11T13:45:36.990000,85,,,
participant_07,4,day,Town10HD_Opt,2026-03-11 13:45:38.123945,-24.2698917388916,69.68487548828125,0.0019699095282703,28.653,-2.845,0.464,0.0,0,0,1,,1.0,2026-03-11T13:45:38.123945,neutral,0.918,2026-03-11T13:45:38.123945,0.6909115433138117,2026-03-11T13:45:38.970000,86,,,
participant_07,4,day,Town10HD_Opt,2026-03-11 13:45:39.096217,-19.09935760498047,69.81266784667969,0.0019788360223174,30.642,-0.233,0.452,0.0,0,0,1,,0.816,2026-03-11T13:45:39.096217,neutral,0.918,2026-03-11T13:45:38.123945,0.7865325419789925,2026-03-11T13:45:38.970000,86,,,
participant_07,4,day,Town10HD_Opt,2026-03-11 13:45:40.056629,-13.615545272827148,69.85318756103516,0.0019942091312259,32.081,0.099,0.212,0.0,0,0,1,,0.889,2026-03-11T13:45:40.056629,neutral,0.918,2026-03-11T13:45:38.123945,0.7057088644031967,2026-03-11T13:45:40.995000,87,,,
participant_07,4,day,Town10HD_Opt,2026-03-11 13:45:41.032068,-8.38925552368164,69.88390350341797,0.0022525787353515,26.309,-0.172,0.16,0.0,0,0,1,,0.851,2026-03-11T13:45:41.032068,neutral,0.988,2026-03-11T13:45:41.032068,0.7486031411033595,2026-03-11T13:45:40.995000,87,,,
participant_07,4,day,Town10HD_Opt,2026-03-11 13:45:42.019221,-4.078883171081543,69.89636993408203,0.0021303938701748,23.361,-0.146,0.244,0.0,0,0,1,,0.841,2026-03-11T13:45:42.019221,neutral,0.988,2026-03-11T13:45:41.032068,0.7165721883320196,2026-03-11T13:45:42.033000,89,,,
participant_07,4,day,Town10HD_Opt,2026-03-11 13:45:43.294934,1.0600377321243286,69.893798828125,0.0020995330996811,20.795,-0.146,0.252,0.0,0,0,1,,1.0,2026-03-11T13:45:43.294934,fear,0.777,2026-03-11T13:45:43.294934,0.7210386255712384,2026-03-11T13:45:44.011000,88,,,
participant_07,4,day,Town10HD_Opt,2026-03-11 13:45:44.268177,4.577080726623535,69.88400268554688,0.0020850752480328,19.427,-0.099,0.273,0.0,0,0,1,,1.0,2026-03-11T13:45:44.268177,fear,0.777,2026-03-11T13:45:43.294934,0.7838946722728638,2026-03-11T13:45:45.001000,88,,,
participant_07,4,day,Town10HD_Opt,2026-03-11 13:45:45.237651,7.893880367279053,69.86925506591797,0.0020728684030473,18.491,-0.099,0.275,0.0,0,0,1,,1.0,2026-03-11T13:45:45.237651,fear,0.777,2026-03-11T13:45:43.294934,0.7339881580485891,2026-03-11T13:45:46.125000,85,,,
participant_07,4,day,Town10HD_Opt,2026-03-11 13:45:46.216032,11.087175369262695,69.84953308105469,0.0020396423060446,18.058,-0.099,0.0,0.0,0,0,1,,1.0,2026-03-11T13:45:46.216032,neutral,0.963,2026-03-11T13:45:46.216032,0.7836125319708254,2026-03-11T13:45:46.981000,84,,,
participant_07,4,day,Town10HD_Opt,2026-03-11 13:45:47.184837,13.990047454833984,69.82675170898438,0.002067337045446,14.164,-0.099,0.0,0.365,0,0,1,,0.812,2026-03-11T13:45:47.184837,neutral,0.963,2026-03-11T13:45:46.216032,0.7944848771561327,2026-03-11T13:45:46.981000,83,,,
participant_07,4,day,Town10HD_Opt,2026-03-11 13:45:48.112646,15.997081756591797,69.80828094482422,0.0020337295718491,9.508,-0.094,0.0,0.0,0,0,1,,0.872,2026-03-11T13:45:48.112646,neutral,0.963,2026-03-11T13:45:46.216032,0.7552932863999772,2026-03-11T13:45:48.960000,84,,,
participant_07,4,day,Town10HD_Opt,2026-03-11 13:45:49.055330,17.464427947998047,69.79341888427734,0.0019879532046616,7.235,-0.094,0.0,0.0,0,0,1,,1.0,2026-03-11T13:45:49.055330,neutral,0.792,2026-03-11T13:45:49.055330,0.6711322368392629,2026-03-11T13:45:48.960000,83,,,
participant_07,4,day,Town10HD_Opt,2026-03-11 13:45:50.267260,18.904756546020508,69.7777099609375,0.001973228296265,4.9,-0.094,0.202,0.0,0,0,1,,0.841,2026-03-11T13:45:50.267260,neutral,0.792,2026-03-11T13:45:49.055330,0.6729665583671056,2026-03-11T13:45:51.030000,84,,,
participant_07,4,day,Town10HD_Opt,2026-03-11 13:45:51.227217,19.975875854492188,69.76532745361328,0.0017671203240752,8.727,-0.094,0.42,0.0,0,0,1,,0.805,2026-03-11T13:45:51.227217,neutral,0.973,2026-03-11T13:45:51.227217,0.7142418437600779,2026-03-11T13:45:52.020000,84,,,
participant_07,4,day,Town10HD_Opt,2026-03-11 13:45:52.202345,21.85033226013184,69.74235534667969,0.0018558882875368,11.603,-0.082,0.0,0.0,0,0,1,,1.0,2026-03-11T13:45:52.202345,neutral,0.973,2026-03-11T13:45:51.227217,0.6777777152628904,2026-03-11T13:45:53.146000,86,,,
participant_07,4,day,Town10HD_Opt,2026-03-11 13:45:53.163123,23.628801345825195,69.71928405761719,0.0020304487552493,8.177,-0.075,0.0,0.229,0,0,1,,0.85,2026-03-11T13:45:53.163123,neutral,0.973,2026-03-11T13:45:51.227217,0.6924870310902549,2026-03-11T13:45:53.146000,86,,,
participant_07,4,day,Town10HD_Opt,2026-03-11 13:45:54.166301,24.786922454833984,69.70352172851562,0.0019798278808593,5.522,-0.066,0.0,0.0,0,0,1,,1.0,2026-03-11T13:45:54.166301,neutral,0.978,2026-03-11T13:45:54.166301,0.6769256490332874,2026-03-11T13:45:55.080000,85,,,
participant_07,4,day,Town10HD_Opt,2026-03-11 13:45:55.110279,25.64853286743164,69.69147491455078,0.0019596479833126,4.312,-0.066,0.0,0.0,0,0,1,,1.0,2026-03-11T13:45:55.110279,neutral,0.978,2026-03-11T13:45:54.166301,0.6790662162550405,2026-03-11T13:45:55.080000,85,,,
participant_07,4,day,Town10HD_Opt,2026-03-11 13:45:56.100217,26.024593353271484,69.68634033203125,0.0020383452065289,0.0,-0.056,0.0,0.273,0,0,1,,1.0,2026-03-11T13:45:56.100217,neutral,0.978,2026-03-11T13:45:54.166301,0.5826842116872221,2026-03-11T13:45:56.385000,86,,,
participant_07,4,day,Town10HD_Opt,2026-03-11 13:45:57.272344,26.02514839172364,69.68634033203125,0.0019202422117814,0.136,-0.056,0.124,0.0,0,0,1,,1.0,2026-03-11T13:45:57.272344,neutral,0.987,2026-03-11T13:45:57.272344,0.6268718545833777,2026-03-11T13:45:57.112000,86,,,
participant_07,4,day,Town10HD_Opt,2026-03-11 13:45:58.237999,26.26170921325684,69.68299865722656,0.00172195432242,4.672,-0.056,0.502,0.0,0,0,1,,1.0,2026-03-11T13:45:58.237999,neutral,0.987,2026-03-11T13:45:57.272344,0.6032703077533843,2026-03-11T13:45:57.112000,84,,,
participant_07,4,day,Town10HD_Opt,2026-03-11 13:45:59.150949,27.582164764404297,69.6628646850586,0.0017223738832399,10.518,-0.056,0.453,0.0,0,0,1,,0.811,2026-03-11T13:45:59.150949,neutral,0.987,2026-03-11T13:45:57.272344,0.6344554831546793,2026-03-11T13:45:59.940000,86,,,
participant_07,4,day,Town10HD_Opt,2026-03-11 13:46:00.119122,29.850265502929688,69.63054656982422,0.0017760467017069,15.317,-0.059,0.427,0.0,0,0,1,,0.906,2026-03-11T13:46:00.119122,neutral,0.982,2026-03-11T13:46:00.119122,0.6615891529074146,2026-03-11T13:46:00.570000,86,,,
participant_07,4,day,Town10HD_Opt,2026-03-11 13:46:01.094818,32.77531051635742,69.50800323486328,0.0019045256776735,17.074,-8.227,0.0,0.0,0,0,1,,0.839,2026-03-11T13:46:01.094818,neutral,0.982,2026-03-11T13:46:00.119122,0.6952420374789308,2026-03-11T13:46:01.966000,88,,,
participant_07,4,day,Town10HD_Opt,2026-03-11 13:46:02.061366,35.32683563232422,68.94495391845703,0.0020540999248623,13.086,-17.241,0.0,0.0,0,0,1,,1.0,2026-03-11T13:46:02.061366,neutral,0.982,2026-03-11T13:46:00.119122,0.6825088262411434,2026-03-11T13:46:03.001000,88,,,
participant_07,4,day,Town10HD_Opt,2026-03-11 13:46:03.294354,37.60824966430664,67.80138397216797,0.0020112609490752,9.079,-16.057,0.0,0.0,0,0,1,,1.0,2026-03-11T13:46:03.294354,neutral,0.883,2026-03-11T13:46:03.294354,0.6704278242907755,2026-03-11T13:46:03.990000,88,,,
participant_07,4,day,Town10HD_Opt,2026-03-11 13:46:04.223174,38.74950408935547,66.97227478027344,0.0019878004677593,6.989,-14.286,0.0,0.0,0,0,1,,1.0,2026-03-11T13:46:04.223174,neutral,0.883,2026-03-11T13:46:03.294354,0.6741097689158243,2026-03-11T13:46:04.980000,87,,,
participant_07,4,day,Town10HD_Opt,2026-03-11 13:46:05.144273,39.56484603881836,66.255126953125,0.0019713209476321,5.378,-13.667,0.0,0.0,0,0,1,,0.823,2026-03-11T13:46:05.144273,neutral,0.883,2026-03-11T13:46:03.294354,0.8182010300260579,2026-03-11T13:46:05.971000,87,,,
participant_07,4,day,Town10HD_Opt,2026-03-11 13:46:06.119703,40.1680793762207,65.6836929321289,0.001974296523258,4.03,-5.574,0.381,0.0,0,0,1,,1.0,2026-03-11T13:46:06.119703,neutral,0.905,2026-03-11T13:46:06.119703,0.7946184090443789,2026-03-11T13:46:05.971000,87,,,
participant_07,4,day,Town10HD_Opt,2026-03-11 13:46:07.054892,40.96435928344727,64.91503143310547,0.0017124938312917,9.931,-6.642,0.555,0.0,0,0,1,,0.832,2026-03-11T13:46:07.054892,neutral,0.905,2026-03-11T13:46:06.119703,0.7766877152654983,2026-03-11T13:46:07.995000,89,,,
participant_07,4,day,Town10HD_Opt,2026-03-11 13:46:08.260889,43.08533477783203,62.54472351074219,0.0017621993320062,17.238,-8.296,0.47,0.0,0,0,1,,1.0,2026-03-11T13:46:08.260889,neutral,0.896,2026-03-11T13:46:08.260889,0.652668635268706,2026-03-11T13:46:08.986000,89,,,
participant_07,4,day,Town10HD_Opt,2026-03-11 13:46:09.245267,44.71289825439453,59.83995056152344,0.0020653915125876,18.446,-18.541,0.359,0.0,0,0,1,,1.0,2026-03-11T13:46:09.245267,neutral,0.896,2026-03-11T13:46:08.260889,0.7391524514148042,2026-03-11T13:46:09.976000,87,,,
participant_07,4,day,Town10HD_Opt,2026-03-11 13:46:10.170943,45.48564910888672,56.74066162109375,0.0019249725155532,17.921,-18.016,0.0,0.0,0,0,1,,1.0,2026-03-11T13:46:10.170943,neutral,0.896,2026-03-11T13:46:08.260889,0.7959972289563951,2026-03-11T13:46:10.965000,86,,,
participant_07,4,day,Town10HD_Opt,2026-03-11 13:46:11.159932,45.39802551269531,53.93452835083008,0.002050552284345,13.977,-11.593,0.0,0.0,0,0,1,,1.0,2026-03-11T13:46:11.159932,neutral,0.961,2026-03-11T13:46:11.159932,0.8148319002953598,2026-03-11T13:46:12,88,,,
participant_07,4,day,Town10HD_Opt,2026-03-11 13:46:12.163438,45.10001373291016,51.7698860168457,0.0019988249987363,11.327,-2.908,0.39,0.0,0,0,1,,1.0,2026-03-11T13:46:12.163438,neutral,0.961,2026-03-11T13:46:11.159932,0.7685315342261196,2026-03-11T13:46:12.990000,88,,,
participant_07,4,day,Town10HD_Opt,2026-03-11 13:46:13.137290,44.77407455444336,49.51832580566406,0.0017842864617705,15.34,-0.47,0.425,0.0,0,0,1,,0.913,2026-03-11T13:46:13.137290,neutral,0.961,2026-03-11T13:46:11.159932,0.8031868987158812,2026-03-11T13:46:13.980000,87,,,
participant_07,4,day,Town10HD_Opt,2026-03-11 13:46:14.091986,44.40695190429688,46.574745178222656,0.0020784377120435,18.128,2.494,0.425,0.0,0,0,1,,0.882,2026-03-11T13:46:14.091986,neutral,0.848,2026-03-11T13:46:14.091986,0.7771894900374382,2026-03-11T13:46:13.980000,87,,,
participant_07,4,day,Town10HD_Opt,2026-03-11 13:46:15.017105,44.15512466430664,43.34891891479492,0.0019977570045739,19.246,3.266,0.379,0.0,0,0,1,,0.901,2026-03-11T13:46:15.017105,neutral,0.848,2026-03-11T13:46:14.091986,0.826374308008501,2026-03-11T13:46:15.066000,86,,,
participant_07,4,day,Town10HD_Opt,2026-03-11 13:46:16.234965,44.22831344604492,38.68071746826172,0.0020127869211137,20.832,8.465,0.363,0.0,0,0,1,,1.0,2026-03-11T13:46:16.234965,neutral,0.878,2026-03-11T13:46:16.234965,0.7794563881767766,2026-03-11T13:46:16.995000,89,,,
participant_07,4,day,Town10HD_Opt,2026-03-11 13:46:17.205346,45.03584289550781,35.103416442871094,0.0020485685672611,21.267,16.233,0.347,0.0,0,0,1,,0.89,2026-03-11T13:46:17.205346,neutral,0.878,2026-03-11T13:46:16.234965,0.7780989057340646,2026-03-11T13:46:16.995000,87,,,
participant_07,4,day,Town10HD_Opt,2026-03-11 13:46:18.107785,46.89892959594727,31.91362762451172,0.002074813703075,21.212,18.453,0.289,0.0,0,0,1,,1.0,2026-03-11T13:46:18.107785,neutral,0.878,2026-03-11T13:46:16.234965,0.76097451769814,2026-03-11T13:46:18.976000,86,,,
participant_07,4,day,Town10HD_Opt,2026-03-11 13:46:19.007622,49.5493049621582,29.68707847595215,0.002048950176686,17.832,20.376,0.0,0.0,0,0,1,,1.0,2026-03-11T13:46:19.007622,neutral,0.995,2026-03-11T13:46:19.007622,0.8111596445201743,2026-03-11T13:46:18.976000,87,,,
participant_07,4,day,Town10HD_Opt,2026-03-11 13:46:20.209611,52.90924072265625,28.560009002685547,0.0020481490064412,12.844,13.828,0.0,0.0,0,0,1,,0.903,2026-03-11T13:46:20.209611,neutral,0.995,2026-03-11T13:46:19.007622,0.7975795698609909,2026-03-11T13:46:20.056000,85,,,
participant_07,4,day,Town10HD_Opt,2026-03-11 13:46:21.164024,54.85637664794922,28.23426628112793,0.0020126341842114,9.754,6.379,0.0,0.0,0,0,1,,0.948,2026-03-11T13:46:21.164024,neutral,0.97,2026-03-11T13:46:21.164024,0.7346605629275287,2026-03-11T13:46:21.496000,84,,,
participant_07,4,day,Town10HD_Opt,2026-03-11 13:46:22.094752,56.32932662963867,28.037059783935547,0.0020097349770367,6.962,2.247,0.0,0.053,0,0,1,,0.873,2026-03-11T13:46:22.094752,neutral,0.97,2026-03-11T13:46:21.164024,0.7964498103140449,2026-03-11T13:46:22.127000,84,,,
participant_07,4,day,Town10HD_Opt,2026-03-11 13:46:22.997149,57.08510208129883,27.93380546569824,0.0022413635160773,0.001,0.935,0.0,0.045,0,0,1,,0.867,2026-03-11T13:46:22.997149,neutral,0.97,2026-03-11T13:46:21.164024,0.7884002425164552,2026-03-11T13:46:23.116000,85,,,
participant_07,4,day,Town10HD_Opt,2026-03-11 13:46:24.173920,57.090457916259766,27.93309211730957,0.0019218062516301,0.035,0.978,0.0,0.0,0,0,1,,1.0,2026-03-11T13:46:24.173920,neutral,0.763,2026-03-11T13:46:24.173920,0.8194688947435179,2026-03-11T13:46:25.051000,86,,,
participant_07,4,day,Town10HD_Opt,2026-03-11 13:46:25.063945,57.09299087524414,27.93276596069336,0.0019161605741828,0.174,1.283,0.131,0.0,0,0,1,,1.0,2026-03-11T13:46:25.063945,neutral,0.763,2026-03-11T13:46:24.173920,0.7773328761004928,2026-03-11T13:46:25.996000,88,,,
participant_07,4,day,Town10HD_Opt,2026-03-11 13:46:25.992382,57.22675323486328,27.914663314819336,0.0018490218790248,2.009,1.316,0.236,0.0,0,0,1,,1.0,2026-03-11T13:46:25.992382,neutral,0.763,2026-03-11T13:46:24.173920,0.741968393699246,2026-03-11T13:46:25.996000,89,,,
participant_07,4,day,Town10HD_Opt,2026-03-11 13:46:27.194476,57.96682357788086,27.81797981262207,0.0018845367012545,4.051,1.239,0.094,0.0,0,0,1,,0.82,2026-03-11T13:46:27.194476,neutral,0.977,2026-03-11T13:46:27.194476,0.7628602203467931,2026-03-11T13:46:27.975000,87,,,
participant_07,4,day,Town10HD_Opt,2026-03-11 13:46:28.120939,58.68056488037109,27.728031158447266,0.0019428252708166,3.769,1.222,0.0,0.0,0,0,1,,0.854,2026-03-11T13:46:28.120939,neutral,0.977,2026-03-11T13:46:27.194476,0.8542979485334646,2026-03-11T13:46:27.975000,87,,,
participant_07,4,day,Town10HD_Opt,2026-03-11 13:46:28.991781,59.15549087524414,27.669767379760746,0.0021492384839802,0.0,1.114,0.0,0.099,0,0,1,,0.963,2026-03-11T13:46:28.991781,neutral,0.977,2026-03-11T13:46:27.194476,0.7754201925284422,2026-03-11T13:46:29.281000,87,,,
participant_07,4,day,Town10HD_Opt,2026-03-11 13:46:30.143990,59.15576934814453,27.66973876953125,0.001922111492604,0.0,1.123,0.0,0.074,0,0,1,,0.917,2026-03-11T13:46:30.143990,neutral,0.958,2026-03-11T13:46:30.143990,0.8382580971842143,2026-03-11T13:46:30.991000,87,,,
participant_07,4,day,Town10HD_Opt,2026-03-11 13:46:31.048738,59.15576934814453,27.66973876953125,0.0019198608351871,0.0,1.128,0.0,0.067,0,0,1,,0.916,2026-03-11T13:46:31.048738,neutral,0.958,2026-03-11T13:46:30.143990,0.7421107222360467,2026-03-11T13:46:30.991000,86,,,
participant_07,4,day,Town10HD_Opt,2026-03-11 13:46:32.221971,59.15576934814453,27.66973876953125,0.0019198608351871,0.0,2.553,0.0,0.0,0,0,1,,0.897,2026-03-11T13:46:32.221971,neutral,0.982,2026-03-11T13:46:32.221971,0.884764012707937,2026-03-11T13:46:33.151000,86,,,
participant_07,4,day,Town10HD_Opt,2026-03-11 13:46:33.118908,59.15621566772461,27.66970634460449,0.0019156646449118,0.173,4.983,0.118,0.0,0,0,1,,0.9,2026-03-11T13:46:33.118908,neutral,0.982,2026-03-11T13:46:32.221971,0.832591657369242,2026-03-11T13:46:34.050000,88,,,
participant_07,4,day,Town10HD_Opt,2026-03-11 13:46:34.015609,59.19919967651367,27.667097091674805,0.0018873977242037,0.695,9.365,0.0,0.0,0,0,1,,1.0,2026-03-11T13:46:34.015609,neutral,0.982,2026-03-11T13:46:32.221971,0.8967336223619721,2026-03-11T13:46:34.050000,87,,,
participant_07,4,day,Town10HD_Opt,2026-03-11 13:46:35.238821,59.34041213989258,27.659183502197266,0.0019234084757044,0.506,8.556,0.0,0.0,0,0,1,,1.0,2026-03-11T13:46:35.238821,neutral,0.969,2026-03-11T13:46:35.238821,0.9093089153306212,2026-03-11T13:46:36.166000,86,,,
participant_07,4,day,Town10HD_Opt,2026-03-11 13:46:36.170217,59.41855239868164,27.65519523620605,0.0019225310534238,0.39,8.522,0.0,0.0,0,0,1,,0.827,2026-03-11T13:46:36.170217,neutral,0.969,2026-03-11T13:46:35.238821,0.9019462176316092,2026-03-11T13:46:36.166000,88,,,
participant_07,4,day,Town10HD_Opt,2026-03-11 13:46:37.141082,59.47857284545898,27.65086555480957,0.0019216918153688,0.3,2.132,0.0,0.0,0,0,1,,1.0,2026-03-11T13:46:37.141082,neutral,0.969,2026-03-11T13:46:35.238821,0.919206354532062,2026-03-11T13:46:37.561000,85,,,
participant_07,4,day,Town10HD_Opt,2026-03-11 13:46:38.056368,59.60859680175781,27.634239196777344,0.0017912292387336,2.907,-1.897,0.488,0.0,0,0,1,,1.0,2026-03-11T13:46:38.056368,neutral,0.96,2026-03-11T13:46:38.056368,0.99,2026-03-11T13:46:39.001000,84,,,
participant_07,4,day,Town10HD_Opt,2026-03-11 13:46:39.270923,61.27117538452149,27.402006149291992,0.0017230986850336,11.666,-2.021,0.46,0.0,0,0,1,,0.833,2026-03-11T13:46:39.270923,neutral,0.96,2026-03-11T13:46:38.056368,0.9409058974801016,2026-03-11T13:46:39.990000,82,,,
participant_07,4,day,Town10HD_Opt,2026-03-11 13:46:40.163991,63.65148162841797,27.022247314453125,0.0018160628387704,15.422,-1.765,0.261,0.0,0,0,1,,0.802,2026-03-11T13:46:40.163991,neutral,0.955,2026-03-11T13:46:40.163991,0.9703564446661248,2026-03-11T13:46:40.981000,82,,,
participant_07,4,day,Town10HD_Opt,2026-03-11 13:46:41.081379,66.341064453125,26.536272048950195,0.0019475554581731,15.196,-0.893,0.0,0.0,0,0,1,,0.896,2026-03-11T13:46:41.081379,neutral,0.955,2026-03-11T13:46:40.163991,0.99,2026-03-11T13:46:41.970000,80,,,errors=Harsh braking
participant_07,4,day,Town10HD_Opt,2026-03-11 13:46:42.013906,68.40204620361328,26.14455795288086,0.0021945952903479,7.259,-0.658,0.0,1.0,0,0,1,,0.931,2026-03-11T13:46:42.013906,neutral,0.955,2026-03-11T13:46:40.163991,0.9400412392272672,2026-03-11T13:46:41.970000,80,,,
participant_07,4,day,Town10HD_Opt,2026-03-11 13:46:43.178951,68.64002227783203,26.09834098815918,0.0019351196242496,0.203,-0.421,0.0,0.0,0,0,1,,0.88,2026-03-11T13:46:43.178951,neutral,0.899,2026-03-11T13:46:43.178951,0.8660609667958294,2026-03-11T13:46:43.996000,81,,,
participant_07,4,day,Town10HD_Opt,2026-03-11 13:46:44.030155,68.670654296875,26.09246826171875,0.0019207763252779,0.157,-0.031,0.0,0.0,0,0,1,,0.87,2026-03-11T13:46:44.030155,neutral,0.899,2026-03-11T13:46:43.178951,0.99,2026-03-11T13:46:43.996000,81,,,
participant_07,4,day,Town10HD_Opt,2026-03-11 13:46:45.183647,68.69121551513672,26.0886344909668,0.0019185256678611,0.102,0.696,0.016,0.0,0,0,1,,0.838,2026-03-11T13:46:45.183647,neutral,0.889,2026-03-11T13:46:45.183647,0.9237753261394436,2026-03-11T13:46:45.976000,80,,,
participant_07,4,day,Town10HD_Opt,2026-03-11 13:46:46.044756,68.70587158203125,26.08597755432129,0.001918678288348,0.101,0.714,0.016,0.0,0,0,1,,0.852,2026-03-11T13:46:46.044756,neutral,0.889,2026-03-11T13:46:45.183647,0.827626741590589,2026-03-11T13:46:45.976000,80,,,
participant_07,4,day,Town10HD_Opt,2026-03-11 13:46:47.222192,68.72412109375,26.08261108398437,0.001919021597132,0.092,0.726,0.014,0.0,0,0,1,,0.841,2026-03-11T13:46:47.222192,neutral,0.842,2026-03-11T13:46:47.222192,0.796089185188625,2026-03-11T13:46:48.046000,78,,,
participant_07,4,day,Town10HD_Opt,2026-03-11 13:46:48.091925,68.73656463623047,26.080322265625,0.0019188689766451,0.087,0.766,0.013,0.0,0,0,1,,0.884,2026-03-11T13:46:48.091925,neutral,0.842,2026-03-11T13:46:47.222192,0.7049655232133116,2026-03-11T13:46:48.991000,76,,,
participant_07,4,day,Town10HD_Opt,2026-03-11 13:46:49.230610,68.75212097167969,26.07749938964844,0.0019188689766451,0.083,0.902,0.013,0.0,0,0,1,,1.0,2026-03-11T13:46:49.230610,neutral,0.81,2026-03-11T13:46:49.230610,0.6636565389671384,2026-03-11T13:46:49.981000,77,,,
participant_07,4,day,Town10HD_Opt,2026-03-11 13:46:50.095281,68.763427734375,26.07545661926269,0.0019187163561582,0.082,0.902,0.013,0.0,0,0,1,,1.0,2026-03-11T13:46:50.095281,neutral,0.81,2026-03-11T13:46:49.230610,0.5245011197163135,2026-03-11T13:46:50.971000,78,,,
participant_07,4,day,Town10HD_Opt,2026-03-11 13:46:51.017014,68.77449798583984,26.073415756225582,0.0019188307924196,0.081,0.902,0.012,0.0,0,0,1,,0.839,2026-03-11T13:46:51.017014,neutral,0.81,2026-03-11T13:46:49.230610,0.7110758303627567,2026-03-11T13:46:50.971000,80,,,
participant_07,4,day,Town10HD_Opt,2026-03-11 13:46:52.198925,68.78893280029297,26.070804595947266,0.0019188307924196,0.079,0.905,0.012,0.0,0,0,1,,0.85,2026-03-11T13:46:52.198925,happy,0.696,2026-03-11T13:46:52.198925,0.613108704537687,2026-03-11T13:46:52.997000,79,,,
participant_07,4,day,Town10HD_Opt,2026-03-11 13:46:53.106981,68.79946899414062,26.068893432617188,0.0019187545403838,0.078,0.907,0.012,0.0,0,0,1,,0.829,2026-03-11T13:46:53.106981,happy,0.696,2026-03-11T13:46:52.198925,0.6066225488153434,2026-03-11T13:46:53.985000,82,Solid line crossing,Solid line crossing,
participant_07,4,day,Town10HD_Opt,2026-03-11 13:46:54.256296,68.81328582763672,26.06640625,0.0019187545403838,0.077,0.907,0.013,0.0,0,0,1,,1.0,2026-03-11T13:46:54.256296,neutral,0.98,2026-03-11T13:46:54.256296,0.5842198986849589,2026-03-11T13:46:54.977000,84,,,
participant_07,4,day,Town10HD_Opt,2026-03-11 13:46:55.130423,68.8345718383789,26.062519073486328,0.0019161986419931,0.177,0.726,0.0,0.0,0,0,1,,1.0,2026-03-11T13:46:55.130423,neutral,0.98,2026-03-11T13:46:54.256296,0.554960396816096,2026-03-11T13:46:54.977000,84,,,
participant_07,4,day,Town10HD_Opt,2026-03-11 13:46:56.002848,68.861328125,26.057621002197266,0.0019200133392587,0.138,0.728,0.0,0.0,0,0,1,,0.801,2026-03-11T13:46:56.002848,neutral,0.98,2026-03-11T13:46:54.256296,0.526498142456554,2026-03-11T13:46:56.149000,83,,,
participant_07,4,day,Town10HD_Opt,2026-03-11 13:46:57.141909,68.88762664794922,26.05280494689941,0.0019197463989257,0.098,0.738,0.0,0.0,0,0,1,,1.0,2026-03-11T13:46:57.141909,sad,0.775,2026-03-11T13:46:57.141909,0.5225423102986088,2026-03-11T13:46:58.081000,83,,,
participant_07,4,day,Town10HD_Opt,2026-03-11 13:46:58.003518,68.902099609375,26.050161361694336,0.0019195937784388,0.076,0.738,0.0,0.0,0,0,1,,0.895,2026-03-11T13:46:58.003518,sad,0.775,2026-03-11T13:46:57.141909,0.5825533641130419,2026-03-11T13:46:58.081000,84,,,
participant_07,4,day,Town10HD_Opt,2026-03-11 13:46:59.111722,68.91629028320312,26.047563552856445,0.001919517526403,0.055,0.738,0.0,0.0,0,0,1,,0.867,2026-03-11T13:46:59.111722,sad,0.775,2026-03-11T13:46:57.141909,0.5128486194484628,2026-03-11T13:47:00.060000,83,Solid line crossing,Solid line crossing,
participant_07,4,day,Town10HD_Opt,2026-03-11 13:47:00.255305,68.9262924194336,26.045743942260746,0.001919288537465,0.039,0.773,0.0,0.0,0,0,1,,0.803,2026-03-11T13:47:00.255305,sad,0.772,2026-03-11T13:47:00.255305,0.5835698631020827,2026-03-11T13:47:01.006000,84,,,
participant_07,4,day,Town10HD_Opt,2026-03-11 13:47:01.176199,68.93179321289062,26.04473304748535,0.0019191741012036,0.155,0.771,0.04,0.0,0,0,1,,0.831,2026-03-11T13:47:01.176199,sad,0.772,2026-03-11T13:47:00.255305,0.4688487818639222,2026-03-11T13:47:02.041000,82,,,
participant_07,4,day,Town10HD_Opt,2026-03-11 13:47:02.098770,69.25929260253906,25.98583984375,0.0016284942394122,6.893,1.119,0.811,0.0,0,0,1,,1.0,2026-03-11T13:47:02.098770,sad,0.772,2026-03-11T13:47:00.255305,0.4403248297429313,2026-03-11T13:47:02.041000,84,,,
participant_07,4,day,Town10HD_Opt,2026-03-11 13:47:03.023142,71.3826675415039,25.65289306640625,0.0015550231328234,18.372,3.775,0.711,0.0,0,0,1,,0.811,2026-03-11T13:47:03.023142,neutral,0.948,2026-03-11T13:47:03.023142,0.456048306830782,2026-03-11T13:47:03.078000,83,,,
participant_07,4,day,Town10HD_Opt,2026-03-11 13:47:04.243632,75.7640609741211,25.234819412231445,0.0019297789549455,16.558,3.151,0.0,0.188,0,0,1,,0.816,2026-03-11T13:47:04.243632,neutral,0.948,2026-03-11T13:47:03.023142,0.4805292706570519,2026-03-11T13:47:05.191000,81,,,
participant_07,4,day,Town10HD_Opt,2026-03-11 13:47:05.124374,78.29712677001953,25.14693260192871,0.0020389938727021,12.461,2.471,0.206,0.0,0,0,1,,1.0,2026-03-11T13:47:05.124374,happy,0.683,2026-03-11T13:47:05.124374,0.5424776312328626,2026-03-11T13:47:05.191000,82,,,
participant_07,4,day,Town10HD_Opt,2026-03-11 13:47:06.058831,80.61408996582031,25.128246307373047,0.0017562865978106,16.074,1.558,0.62,0.0,0,0,1,,0.887,2026-03-11T13:47:06.058831,happy,0.683,2026-03-11T13:47:05.124374,0.4665378556013072,2026-03-11T13:47:06.766000,81,,,
participant_07,4,day,Town10HD_Opt,2026-03-11 13:47:07.250208,85.04476165771484,25.19795608520508,0.0019009780371561,22.024,0.606,0.526,0.0,0,0,1,,1.0,2026-03-11T13:47:07.250208,neutral,0.896,2026-03-11T13:47:07.250208,0.4206034701338804,2026-03-11T13:47:08.027000,85,,,
participant_07,4,day,Town10HD_Opt,2026-03-11 13:47:08.141349,89.23587036132812,25.28800201416016,0.0019164275145158,26.036,-2.12,0.46,0.0,0,0,1,,1.0,2026-03-11T13:47:08.141349,neutral,0.896,2026-03-11T13:47:07.250208,0.475447562431752,2026-03-11T13:47:08.971000,83,,,
participant_07,4,day,Town10HD_Opt,2026-03-11 13:47:09.034468,93.70223236083984,25.12399101257324,0.0022021865006536,22.867,-7.142,0.0,0.0,0,0,1,,0.829,2026-03-11T13:47:09.034468,neutral,0.896,2026-03-11T13:47:07.250208,0.5237979544877569,2026-03-11T13:47:08.971000,83,,,
participant_07,4,day,Town10HD_Opt,2026-03-11 13:47:10.208378,98.01748657226562,23.98297119140625,0.0020276641007512,15.848,-18.174,0.0,0.0,0,0,1,,0.814,2026-03-11T13:47:10.208378,neutral,0.768,2026-03-11T13:47:10.208378,0.4717478513469128,2026-03-11T13:47:10.996000,83,,,
participant_07,4,day,Town10HD_Opt,2026-03-11 13:47:11.170518,100.10198974609376,22.59543228149414,0.0019639206584542,13.933,-17.483,0.339,0.0,0,0,1,,1.0,2026-03-11T13:47:11.170518,neutral,0.768,2026-03-11T13:47:10.208378,0.4799950114593761,2026-03-11T13:47:11.986000,82,,,
participant_07,4,day,Town10HD_Opt,2026-03-11 13:47:12.122015,101.88368225097656,20.7341423034668,0.0018778227968141,15.764,-15.12,0.311,0.0,0,0,1,,1.0,2026-03-11T13:47:12.122015,neutral,0.768,2026-03-11T13:47:10.208378,0.4688442898964643,2026-03-11T13:47:12.977000,82,,,
participant_07,4,day,Town10HD_Opt,2026-03-11 13:47:13.009584,103.44651794433594,18.35076141357422,0.0019043349893763,16.701,-12.12,0.207,0.0,0,0,1,,1.0,2026-03-11T13:47:13.009584,neutral,0.931,2026-03-11T13:47:13.009584,0.4615034978794264,2026-03-11T13:47:12.977000,83,,,
participant_07,4,day,Town10HD_Opt,2026-03-11 13:47:14.205846,104.82806396484376,14.897689819335938,0.0019799803849309,14.74,-7.14,0.0,0.0,0,0,1,,0.83,2026-03-11T13:47:14.205846,neutral,0.931,2026-03-11T13:47:13.009584,0.5589336154534741,2026-03-11T13:47:15.001000,84,,,
participant_07,4,day,Town10HD_Opt,2026-03-11 13:47:15.086303,105.34148406982422,12.661832809448242,0.0020329284016042,11.337,-13.648,0.0,0.0,0,0,1,,0.801,2026-03-11T13:47:15.086303,neutral,0.896,2026-03-11T13:47:15.086303,0.5104712524546903,2026-03-11T13:47:15.990000,84,,,
participant_07,4,day,Town10HD_Opt,2026-03-11 13:47:15.990727,105.49624633789062,10.905527114868164,0.0019981001969426,8.919,-6.099,0.227,0.0,0,0,1,,0.937,2026-03-11T13:47:15.990727,neutral,0.896,2026-03-11T13:47:15.086303,0.5328824488963994,2026-03-11T13:47:15.990000,84,,,
participant_07,4,day,Town10HD_Opt,2026-03-11 13:47:17.215514,105.65785217285156,8.561742782592773,0.0018437957623973,11.729,-1.695,0.302,0.0,0,0,1,,0.894,2026-03-11T13:47:17.215514,neutral,0.871,2026-03-11T13:47:17.215514,0.5693148444808547,2026-03-11T13:47:17.971000,84,,,
participant_07,4,day,Town10HD_Opt,2026-03-11 13:47:18.085094,105.7883071899414,6.344776630401611,0.0018525695195421,13.796,-1.201,0.304,0.0,0,0,1,,0.837,2026-03-11T13:47:18.085094,neutral,0.871,2026-03-11T13:47:17.215514,0.5053838262720094,2026-03-11T13:47:17.971000,84,,,
participant_07,4,day,Town10HD_Opt,2026-03-11 13:47:19.264495,105.95721435546876,2.888664484024048,0.0018696594052016,15.918,-0.717,0.303,0.0,0,0,1,,1.0,2026-03-11T13:47:19.264495,neutral,0.453,2026-03-11T13:47:19.264495,0.435098057091779,2026-03-11T13:47:19.051000,86,,,
participant_07,4,day,Town10HD_Opt,2026-03-11 13:47:20.120038,106.06414031982422,0.0011507034068927,0.001877975417301,17.191,-0.717,0.305,0.0,0,0,1,,0.911,2026-03-11T13:47:20.120038,neutral,0.453,2026-03-11T13:47:19.264495,0.4892442029993338,2026-03-11T13:47:20.401000,85,,,
participant_07,4,day,Town10HD_Opt,2026-03-11 13:47:20.994656,106.143798828125,-3.065103769302368,0.001900787348859,17.819,-0.696,0.261,0.0,0,0,1,,0.956,2026-03-11T13:47:20.994656,neutral,0.453,2026-03-11T13:47:19.264495,0.5303740612678283,2026-03-11T13:47:21.257000,86,,,
participant_07,4,day,Town10HD_Opt,2026-03-11 13:47:22.179544,106.19742584228516,-7.026920795440674,0.0020521925762295,14.405,-0.038,0.0,0.095,0,0,1,,0.918,2026-03-11T13:47:22.179544,neutral,0.951,2026-03-11T13:47:22.179544,0.4752756451924448,2026-03-11T13:47:22.426000,82,,,
participant_07,4,day,Town10HD_Opt,2026-03-11 13:47:23.052313,106.22054290771484,-9.214157104492188,0.0020282745826989,10.643,0.172,0.0,0.0,0,0,1,,1.0,2026-03-11T13:47:23.052313,neutral,0.951,2026-03-11T13:47:22.179544,0.4401218365987053,2026-03-11T13:47:23.462000,83,,,
participant_07,4,day,Town10HD_Opt,2026-03-11 13:47:24.210149,106.26368713378906,-11.729228019714355,0.0017259978922083,14.276,0.691,0.677,0.0,0,0,1,,0.835,2026-03-11T13:47:24.210149,neutral,0.676,2026-03-11T13:47:24.210149,0.5088748490965461,2026-03-11T13:47:23.462000,83,,,
participant_07,4,day,Town10HD_Opt,2026-03-11 13:47:25.086702,106.34674835205078,-14.742770195007324,0.002012176439166,19.044,0.726,0.512,0.0,0,0,1,,0.929,2026-03-11T13:47:25.086702,neutral,0.676,2026-03-11T13:47:24.210149,0.4029785784429073,2026-03-11T13:47:23.462000,83,,,
participant_07,4,day,Town10HD_Opt,2026-03-11 13:47:26.256897,106.5864028930664,-19.29927635192871,0.0019864654168486,17.656,2.351,0.0,0.0,0,0,1,,1.0,2026-03-11T13:47:26.256897,neutral,0.904,2026-03-11T13:47:26.256897,0.4415841464889704,2026-03-11T13:47:27.062000,90,,,
participant_07,4,day,Town10HD_Opt,2026-03-11 13:47:27.131269,106.89007568359376,-22.05071258544922,0.002043189946562,13.865,3.259,0.008,0.0,0,0,1,,1.0,2026-03-11T13:47:27.131269,neutral,0.904,2026-03-11T13:47:26.256897,0.4522801256000306,2026-03-11T13:47:28.051000,94,,,
participant_07,4,day,Town10HD_Opt,2026-03-11 13:47:27.994243,107.24754333496094,-24.338302612304688,0.0018652725266292,14.2,2.217,0.415,0.0,0,0,1,,1.0,2026-03-11T13:47:27.994243,neutral,0.904,2026-03-11T13:47:26.256897,0.4176187838414164,2026-03-11T13:47:28.051000,93,,,
participant_07,4,day,Town10HD_Opt,2026-03-11 13:47:29.135655,107.8693618774414,-28.10135841369629,0.0020853041205555,18.271,-3.426,0.399,0.0,0,0,1,,1.0,2026-03-11T13:47:29.135655,neutral,0.752,2026-03-11T13:47:29.135655,0.4319461076070338,2026-03-11T13:47:28.996000,92,,,
participant_07,4,day,Town10HD_Opt,2026-03-11 13:47:30.026656,108.08180236816406,-31.274513244628903,0.0020268631633371,18.56,-11.74,0.38,0.0,0,0,1,,0.856,2026-03-11T13:47:30.026656,neutral,0.752,2026-03-11T13:47:29.135655,0.4040263768198415,2026-03-11T13:47:30.977000,91,,,
participant_07,4,day,Town10HD_Opt,2026-03-11 13:47:31.165912,107.4068832397461,-35.7308235168457,0.0020103836432099,20.319,-6.398,0.376,0.0,0,0,1,,0.845,2026-03-11T13:47:31.165912,neutral,0.777,2026-03-11T13:47:31.165912,0.3853283564981481,2026-03-11T13:47:32.012000,89,,,
participant_07,4,day,Town10HD_Opt,2026-03-11 13:47:32.064077,106.3124771118164,-39.18490219116211,0.002013664226979,21.278,-6.168,0.376,0.0,0,0,1,,1.0,2026-03-11T13:47:32.064077,neutral,0.777,2026-03-11T13:47:31.165912,0.3413868843390826,2026-03-11T13:47:33.001000,88,,,
participant_07,4,day,Town10HD_Opt,2026-03-11 13:47:33.217909,104.09441375732422,-43.75699234008789,0.0020206070039421,22.422,-6.59,0.375,0.0,0,0,1,,1.0,2026-03-11T13:47:33.217909,neutral,0.764,2026-03-11T13:47:33.217909,0.3178093246945552,2026-03-11T13:47:33.991000,88,,,
participant_07,4,day,Town10HD_Opt,2026-03-11 13:47:34.100235,101.89163208007812,-47.07722854614258,0.0020193480886518,23.183,-2.826,0.375,0.0,0,0,1,,0.864,2026-03-11T13:47:34.100235,neutral,0.764,2026-03-11T13:47:33.217909,0.3293106310430667,2026-03-11T13:47:33.991000,87,Solid line crossing,Solid line crossing,
participant_07,4,day,Town10HD_Opt,2026-03-11 13:47:35.240903,98.47210693359376,-51.46640396118164,0.0019615553319454,24.6,-3.014,0.375,0.0,0,0,1,,1.0,2026-03-11T13:47:35.240903,neutral,0.804,2026-03-11T13:47:35.240903,0.2790582813134027,2026-03-11T13:47:33.991000,86,,,
participant_07,4,day,Town10HD_Opt,2026-03-11 13:47:36.180604,95.51683044433594,-54.638309478759766,0.0020196533296257,25.233,-3.712,0.375,0.0,0,0,1,,0.933,2026-03-11T13:47:36.180604,neutral,0.804,2026-03-11T13:47:35.240903,0.3749730521892737,2026-03-11T13:47:36.422000,86,,,
participant_07,4,day,Town10HD_Opt,2026-03-11 13:47:37.069061,92.200439453125,-57.59938049316406,0.0020236587151885,25.823,-3.964,0.375,0.0,0,0,1,,0.924,2026-03-11T13:47:37.069061,neutral,0.804,2026-03-11T13:47:35.240903,0.3295720711472031,2026-03-11T13:47:37.143000,87,,,
participant_07,4,day,Town10HD_Opt,2026-03-11 13:47:38.235243,87.24571228027344,-61.1163215637207,0.0020270156674087,26.521,-3.624,0.375,0.0,0,0,1,,0.945,2026-03-11T13:47:38.235243,neutral,0.992,2026-03-11T13:47:38.235243,0.3146694726991134,2026-03-11T13:47:38.042000,86,,,
participant_07,4,day,Town10HD_Opt,2026-03-11 13:47:39.084374,83.18299865722656,-63.38717651367188,0.0020290755201131,26.945,-3.636,0.375,0.0,0,0,1,,0.882,2026-03-11T13:47:39.084374,neutral,0.992,2026-03-11T13:47:38.235243,0.2808295961039665,2026-03-11T13:47:39.301000,87,,,
participant_07,4,day,Town10HD_Opt,2026-03-11 13:47:40.242060,77.36860656738281,-65.841064453125,0.0020317840389907,27.422,-4.03,0.375,0.0,0,0,1,,0.909,2026-03-11T13:47:40.242060,neutral,0.805,2026-03-11T13:47:40.242060,0.2860813360437253,2026-03-11T13:47:41.012000,88,,,
participant_07,4,day,Town10HD_Opt,2026-03-11 13:47:41.121490,72.74828338623047,-67.14674377441406,0.0020344543736428,27.717,-4.636,0.375,0.0,0,0,1,,0.868,2026-03-11T13:47:41.121490,neutral,0.805,2026-03-11T13:47:40.242060,0.2582760311591495,2026-03-11T13:47:42.001000,89,,,
participant_07,4,day,Town10HD_Opt,2026-03-11 13:47:42.031474,67.95751190185547,-67.90567779541016,0.0020352553110569,27.978,-4.195,0.375,0.0,0,0,1,,1.0,2026-03-11T13:47:42.031474,neutral,0.805,2026-03-11T13:47:40.242060,0.2365044428398201,2026-03-11T13:47:42.001000,89,,,
participant_07,4,day,Town10HD_Opt,2026-03-11 13:47:43.214659,61.42818069458008,-68.16204071044922,0.0020361708011478,28.26,-1.222,0.373,0.0,0,0,1,,0.937,2026-03-11T13:47:43.214659,neutral,0.938,2026-03-11T13:47:43.214659,0.2789297087954395,2026-03-11T13:47:43.171000,89,,,
participant_07,4,day,Town10HD_Opt,2026-03-11 13:47:44.121651,56.48683166503906,-68.08142852783203,0.0020365524105727,28.42,0.172,0.373,0.0,0,0,1,,0.908,2026-03-11T13:47:44.121651,neutral,0.938,2026-03-11T13:47:43.214659,0.1757067451265568,2026-03-11T13:47:44.566000,88,,,
participant_07,4,day,Town10HD_Opt,2026-03-11 13:47:45.010669,51.51935577392578,-67.97433471679688,0.0020370483398437,28.56,0.461,0.373,0.0,0,0,1,,1.0,2026-03-11T13:47:45.010669,neutral,0.938,2026-03-11T13:47:43.214659,0.1675037878929595,2026-03-11T13:47:45.691000,88,,,
participant_07,4,day,Town10HD_Opt,2026-03-11 13:47:46.201176,44.85984802246094,-67.86165618896484,0.0020378874614834,28.72,0.12,0.373,0.0,0,0,1,,0.867,2026-03-11T13:47:46.201176,neutral,0.876,2026-03-11T13:47:46.201176,0.2153880265419905,2026-03-11T13:47:47.042000,87,,,
participant_07,4,day,Town10HD_Opt,2026-03-11 13:47:47.100005,39.84200286865234,-67.77650451660156,0.00203842157498,28.831,0.12,0.422,0.0,0,0,1,,0.902,2026-03-11T13:47:47.100005,neutral,0.876,2026-03-11T13:47:46.201176,0.2310909201530073,2026-03-11T13:47:47.042000,86,,,
participant_07,4,day,Town10HD_Opt,2026-03-11 13:47:48.256093,32.56696319580078,-67.64231872558594,0.0018281936645507,35.684,0.122,0.665,0.0,0,0,1,,0.907,2026-03-11T13:47:48.256093,neutral,0.855,2026-03-11T13:47:48.256093,0.1660859022062598,2026-03-11T13:47:48.166000,87,,,
participant_07,4,day,Town10HD_Opt,2026-03-11 13:47:49.123840,25.87786102294922,-67.5394287109375,0.0018999861786141,40.601,0.122,0.57,0.0,0,0,1,,0.839,2026-03-11T13:47:49.123840,neutral,0.855,2026-03-11T13:47:48.256093,0.1044371588678996,2026-03-11T13:47:49.337000,86,,,
participant_07,4,day,Town10HD_Opt,2026-03-11 13:47:49.991631,18.747634887695312,-67.45881652832031,0.0021897505503147,38.217,0.143,0.0,0.0,0,0,1,,0.837,2026-03-11T13:47:49.991631,neutral,0.855,2026-03-11T13:47:48.256093,0.1958172326249607,2026-03-11T13:47:50.146000,86,,,
participant_07,4,day,Town10HD_Opt,2026-03-11 13:47:51.143115,11.08031940460205,-67.41353607177734,0.0022979734931141,27.156,0.167,0.0,0.0,0,0,1,,0.967,2026-03-11T13:47:51.143115,neutral,0.96,2026-03-11T13:47:51.143115,0.1583871015225186,2026-03-11T13:47:51.001000,87,,,
participant_07,4,day,Town10HD_Opt,2026-03-11 13:47:52.064808,6.878149032592773,-67.41742706298828,0.0022555158939212,20.491,0.545,0.0,0.0,0,0,1,,0.857,2026-03-11T13:47:52.064808,neutral,0.96,2026-03-11T13:47:51.143115,0.1698519618711488,2026-03-11T13:47:52.532000,89,,,
participant_07,4,day,Town10HD_Opt,2026-03-11 13:47:53.231683,2.617817640304565,-67.46488952636719,0.0019379042787477,17.304,0.364,0.216,0.0,0,0,1,,0.854,2026-03-11T13:47:53.231683,neutral,0.927,2026-03-11T13:47:53.231683,0.2307170460247341,2026-03-11T13:47:53.972000,87,,,
participant_07,4,day,Town10HD_Opt,2026-03-11 13:47:54.084376,-0.3684142231941223,-67.51763916015625,0.0019343948224559,16.808,0.268,0.22,0.0,0,0,1,,0.978,2026-03-11T13:47:54.084376,neutral,0.927,2026-03-11T13:47:53.231683,0.2073178610487859,2026-03-11T13:47:54.511000,87,,,
participant_07,4,day,Town10HD_Opt,2026-03-11 13:47:55.233232,-4.338264465332031,-67.6070327758789,0.001907653757371,17.087,0.268,0.0,0.0,0,0,1,,0.967,2026-03-11T13:47:55.233232,neutral,0.937,2026-03-11T13:47:55.233232,0.1681952081978757,2026-03-11T13:47:56.132000,86,,,
participant_07,4,day,Town10HD_Opt,2026-03-11 13:47:56.078833,-6.973321914672852,-67.678466796875,0.0020859909709542,11.864,0.251,0.0,0.312,0,0,1,,0.962,2026-03-11T13:47:56.078833,neutral,0.937,2026-03-11T13:47:55.233232,0.1201073277231374,2026-03-11T13:47:56.132000,85,,,
participant_07,4,day,Town10HD_Opt,2026-03-11 13:47:57.224743,-9.20414924621582,-67.74665832519531,0.0019970701541751,7.652,0.251,0.0,0.0,0,0,1,,0.963,2026-03-11T13:47:57.224743,neutral,0.937,2026-03-11T13:47:55.233232,0.1762958483227365,2026-03-11T13:47:57.661000,85,,,
participant_07,4,day,Town10HD_Opt,2026-03-11 13:47:58.055284,-10.39603328704834,-67.78604125976562,0.0019754790700972,5.874,0.251,0.0,0.0,0,0,1,,0.976,2026-03-11T13:47:58.055284,neutral,0.98,2026-03-11T13:47:58.055284,0.2138802446171853,2026-03-11T13:47:58.201000,85,,,
participant_07,4,day,Town10HD_Opt,2026-03-11 13:47:59.188336,-11.525933265686035,-67.82524871826172,0.0019244384020566,4.489,0.242,0.175,0.0,0,0,1,,0.967,2026-03-11T13:47:59.188336,neutral,0.98,2026-03-11T13:47:58.055284,0.2234263404390179,2026-03-11T13:47:59.192000,84,,,
participant_07,4,day,Town10HD_Opt,2026-03-11 13:48:00.076453,-12.398239135742188,-67.856689453125,0.0018790053436532,5.664,0.24,0.189,0.0,0,0,1,,0.938,2026-03-11T13:48:00.076453,neutral,0.981,2026-03-11T13:48:00.076453,0.1518852742154049,2026-03-11T13:48:00.362000,83,,,
participant_07,4,day,Town10HD_Opt,2026-03-11 13:48:01.194109,-13.791709899902344,-67.90850067138672,0.0019278335385024,5.639,0.042,0.0,0.108,0,0,1,,0.925,2026-03-11T13:48:01.194109,neutral,0.981,2026-03-11T13:48:00.076453,0.1789517937041767,2026-03-11T13:48:01.172000,85,,,
participant_07,4,day,Town10HD_Opt,2026-03-11 13:48:02.064973,-13.949661254882812,-67.91427612304688,0.001973228296265,0.0,0.035,0.0,0.326,0,0,1,,1.0,2026-03-11T13:48:02.064973,neutral,0.981,2026-03-11T13:48:00.076453,0.0917394759208512,2026-03-11T13:48:02.522000,86,,,
participant_07,4,day,Town10HD_Opt,2026-03-11 13:48:03.149808,-13.94974136352539,-67.9142837524414,0.0019203567644581,0.0,0.054,0.0,0.0,0,0,1,,0.889,2026-03-11T13:48:03.149808,neutral,0.951,2026-03-11T13:48:03.149808,0.2287820090418576,2026-03-11T13:48:03.243000,87,,,
participant_07,4,day,Town10HD_Opt,2026-03-11 13:48:04.264929,-13.949742317199709,-67.9142837524414,0.0019194411579519,0.0,0.054,0.0,0.0,0,0,1,,0.958,2026-03-11T13:48:04.264929,neutral,0.951,2026-03-11T13:48:03.149808,0.1513623436772689,2026-03-11T13:48:04.186000,86,,,
participant_07,4,day,Town10HD_Opt,2026-03-11 13:48:05.142025,-13.949742317199709,-67.9142837524414,0.0019194411579519,0.0,0.056,0.0,0.0,0,0,1,,0.963,2026-03-11T13:48:05.142025,neutral,0.951,2026-03-11T13:48:03.149808,0.2125901411819942,2026-03-11T13:48:06.031000,87,,,
participant_07,4,day,Town10HD_Opt,2026-03-11 13:48:06.010533,-13.955854415893556,-67.91445922851562,0.0019175338093191,0.072,0.068,0.05,0.0,0,0,1,,0.83,2026-03-11T13:48:06.010533,neutral,0.935,2026-03-11T13:48:06.010533,0.195019954822555,2026-03-11T13:48:06.031000,87,,,
participant_07,4,day,Town10HD_Opt,2026-03-11 13:48:07.134476,-13.9805908203125,-67.91539001464844,0.0019139099167659,0.217,0.073,0.073,0.0,0,0,1,,0.956,2026-03-11T13:48:07.134476,neutral,0.935,2026-03-11T13:48:06.010533,0.2638426518316204,2026-03-11T13:48:07.247000,86,,,
participant_07,4,day,Town10HD_Opt,2026-03-11 13:48:08.227226,-14.090672492980955,-67.91946411132812,0.0019121170043945,0.721,0.073,0.0,0.0,0,0,1,,0.957,2026-03-11T13:48:08.227226,neutral,0.984,2026-03-11T13:48:08.227226,0.2872815233470432,2026-03-11T13:48:09.092000,85,,,
participant_07,4,day,Town10HD_Opt,2026-03-11 13:48:09.052253,-14.202570915222168,-67.9236068725586,0.0019238662207499,0.556,0.073,0.0,0.0,0,0,1,,0.973,2026-03-11T13:48:09.052253,neutral,0.984,2026-03-11T13:48:08.227226,0.2605776639157454,2026-03-11T13:48:09.991000,86,,,
participant_07,4,day,Town10HD_Opt,2026-03-11 13:48:10.197662,-14.32011890411377,-67.92801666259766,0.0018736267229542,1.506,0.073,0.458,0.0,0,0,1,,0.838,2026-03-11T13:48:10.197662,neutral,0.984,2026-03-11T13:48:08.227226,0.308095812002148,2026-03-11T13:48:11.071000,86,,,
participant_07,4,day,Town10HD_Opt,2026-03-11 13:48:11.094915,-15.033575057983398,-67.95467376708984,0.0017102813581004,7.46,0.073,0.37,0.0,0,0,1,,0.972,2026-03-11T13:48:11.094915,neutral,0.978,2026-03-11T13:48:11.094915,0.3409458220233517,2026-03-11T13:48:12.017000,88,,,
participant_07,4,day,Town10HD_Opt,2026-03-11 13:48:11.991883,-16.67597007751465,-68.017822265625,0.0017932510236278,11.429,0.073,0.365,0.0,0,0,1,,0.919,2026-03-11T13:48:11.991883,neutral,0.978,2026-03-11T13:48:11.094915,0.3260731589019724,2026-03-11T13:48:12.017000,88,,,
participant_07,4,day,Town10HD_Opt,2026-03-11 13:48:13.097759,-19.605287551879883,-68.13399505615234,0.0019893264397978,11.604,0.045,0.0,0.0,0,0,1,,0.919,2026-03-11T13:48:13.097759,neutral,0.919,2026-03-11T13:48:13.097759,0.192903656879472,2026-03-11T13:48:13.052000,89,,,
participant_07,4,day,Town10HD_Opt,2026-03-11 13:48:14.207785,-21.91611862182617,-68.22711181640625,0.0019969176501035,8.159,0.045,0.0,0.0,0,0,1,,0.949,2026-03-11T13:48:14.207785,neutral,0.919,2026-03-11T13:48:13.097759,0.4502673405667988,2026-03-11T13:48:15.077000,87,,,
participant_07,4,day,Town10HD_Opt,2026-03-11 13:48:15.088240,-23.18074607849121,-68.27861785888672,0.0019935225136578,6.05,0.04,0.091,0.0,0,0,1,,0.964,2026-03-11T13:48:15.088240,neutral,0.919,2026-03-11T13:48:13.097759,0.3794355263807399,2026-03-11T13:48:15.077000,86,,,
participant_07,4,day,Town10HD_Opt,2026-03-11 13:48:16.221961,-24.825910568237305,-68.3460693359375,0.0016921615460887,11.367,0.035,0.783,0.0,0,0,1,,0.953,2026-03-11T13:48:16.221961,neutral,0.963,2026-03-11T13:48:16.221961,0.4308599779809599,2026-03-11T13:48:17.057000,84,,,
participant_07,4,day,Town10HD_Opt,2026-03-11 13:48:17.073351,-27.682315826416016,-68.4642333984375,0.0018482588930055,22.038,0.014,0.84,0.0,0,0,1,,0.956,2026-03-11T13:48:17.073351,neutral,0.963,2026-03-11T13:48:16.221961,0.3610253409552951,2026-03-11T13:48:18.002000,83,,,errors=Red light violation
participant_07,4,day,Town10HD_Opt,2026-03-11 13:48:18.212305,-34.364234924316406,-68.69242858886719,0.0016718673286959,36.783,-0.557,0.789,0.0,0,0,1,,0.937,2026-03-11T13:48:18.212305,neutral,0.963,2026-03-11T13:48:16.221961,0.352571176821539,2026-03-11T13:48:18.002000,82,,,
participant_07,4,day,Town10HD_Opt,2026-03-11 13:48:19.118479,-41.0664291381836,-68.80657196044922,0.0021972274407744,35.737,-0.407,0.0,0.0,0,0,1,,0.934,2026-03-11T13:48:19.118479,neutral,0.988,2026-03-11T13:48:19.118479,0.3757163340153037,2026-03-11T13:48:19.982000,82,,,
participant_07,4,day,Town10HD_Opt,2026-03-11 13:48:19.991470,-46.64524459838867,-68.83378601074219,0.0023117065429687,27.778,-0.27,0.0,0.27,0,0,1,,0.953,2026-03-11T13:48:19.991470,neutral,0.988,2026-03-11T13:48:19.118479,0.4769318372494479,2026-03-11T13:48:19.982000,82,,,errors=Harsh braking
participant_07,4,day,Town10HD_Opt,2026-03-11 13:48:21.116937,-50.38047790527344,-68.826904296875,0.0026611709035933,0.002,-0.308,0.0,1.0,0,0,1,,1.0,2026-03-11T13:48:21.116937,neutral,0.988,2026-03-11T13:48:19.118479,0.3982107909783525,2026-03-11T13:48:22.007000,82,,,
participant_07,4,day,Town10HD_Opt,2026-03-11 13:48:22.217038,-50.381961822509766,-68.82689666748047,0.0019270705524832,0.002,-0.305,0.0,0.0,0,0,1,,0.93,2026-03-11T13:48:22.217038,neutral,0.904,2026-03-11T13:48:22.217038,0.4143791697923975,2026-03-11T13:48:23.132000,84,,,
participant_07,4,day,Town10HD_Opt,2026-03-11 13:48:23.049604,-50.38149642944336,-68.82691192626953,0.0019184494158253,0.138,-0.143,0.015,0.0,0,0,1,,0.977,2026-03-11T13:48:23.049604,neutral,0.904,2026-03-11T13:48:22.217038,0.4911789408959402,2026-03-11T13:48:23.132000,83,,,
participant_07,4,day,Town10HD_Opt,2026-03-11 13:48:24.189322,-50.39620590209961,-68.82691192626953,0.0019224929856136,0.154,0.063,0.043,0.0,0,0,1,,0.969,2026-03-11T13:48:24.189322,neutral,0.904,2026-03-11T13:48:22.217038,0.418489327433104,2026-03-11T13:48:24.977000,81,,,
participant_07,4,day,Town10HD_Opt,2026-03-11 13:48:25.035039,-50.41397476196289,-68.82691192626953,0.00191635126248,0.166,0.063,0.0,0.0,0,0,1,,0.952,2026-03-11T13:48:25.035039,neutral,0.964,2026-03-11T13:48:25.035039,0.433553266359876,2026-03-11T13:48:24.977000,82,,,
participant_07,4,day,Town10HD_Opt,2026-03-11 13:48:26.120854,-50.44636535644531,-68.826904296875,0.0019200133392587,0.118,0.005,0.0,0.0,0,0,1,,0.941,2026-03-11T13:48:26.120854,neutral,0.964,2026-03-11T13:48:25.035039,0.3858983641081331,2026-03-11T13:48:26.016000,82,,,
participant_07,4,day,Town10HD_Opt,2026-03-11 13:48:27.199845,-50.46916961669922,-68.826904296875,0.0019197082147002,0.084,0.047,0.0,0.0,0,0,1,,0.949,2026-03-11T13:48:27.199845,neutral,0.954,2026-03-11T13:48:27.199845,0.5447277649342462,2026-03-11T13:48:28.036000,84,,,
participant_07,4,day,Town10HD_Opt,2026-03-11 13:48:28.023805,-50.481712341308594,-68.826904296875,0.0019195555942133,0.065,0.047,0.023,0.0,0,0,1,,0.942,2026-03-11T13:48:28.023805,neutral,0.954,2026-03-11T13:48:27.199845,0.4365559712444554,2026-03-11T13:48:28.036000,83,,,
participant_07,4,day,Town10HD_Opt,2026-03-11 13:48:29.121105,-50.54180145263672,-68.82689666748047,0.0019186401041224,0.341,0.078,0.0,0.0,0,0,1,,0.978,2026-03-11T13:48:29.121105,neutral,0.954,2026-03-11T13:48:27.199845,0.5530297286392427,2026-03-11T13:48:30.018000,85,,,
participant_07,4,day,Town10HD_Opt,2026-03-11 13:48:30.189254,-50.60905075073242,-68.82688903808594,0.0019212722545489,0.237,0.078,0.0,0.0,0,0,1,,0.952,2026-03-11T13:48:30.189254,neutral,0.951,2026-03-11T13:48:30.189254,0.4732298316194218,2026-03-11T13:48:31.097000,86,,,
participant_07,4,day,Town10HD_Opt,2026-03-11 13:48:31.010761,-50.64601135253906,-68.8268814086914,0.0019207381410524,0.186,0.078,0.0,0.0,0,0,1,,0.966,2026-03-11T13:48:31.010761,neutral,0.951,2026-03-11T13:48:30.189254,0.6001015592990563,2026-03-11T13:48:31.097000,85,,,
participant_07,4,day,Town10HD_Opt,2026-03-11 13:48:32.123722,-50.68230438232422,-68.8268814086914,0.0019202422117814,0.132,0.078,0.0,0.0,0,0,1,,0.946,2026-03-11T13:48:32.123722,neutral,0.951,2026-03-11T13:48:30.189254,0.6518387167235927,2026-03-11T13:48:32.042000,88,,,
participant_07,4,day,Town10HD_Opt,2026-03-11 13:48:33.195099,-50.70783615112305,-68.82687377929688,0.0019198226509615,0.094,0.078,0.0,0.0,0,0,1,,0.95,2026-03-11T13:48:33.195099,neutral,0.987,2026-03-11T13:48:33.195099,0.7312643931196993,2026-03-11T13:48:33.977000,86,,,
participant_07,4,day,Town10HD_Opt,2026-03-11 13:48:34.081200,-50.73765182495117,-68.82666015625,0.0018494033720344,1.666,0.078,0.653,0.0,0,0,1,,0.944,2026-03-11T13:48:34.081200,neutral,0.987,2026-03-11T13:48:33.195099,0.67837947264687,2026-03-11T13:48:33.977000,86,,,
participant_07,4,day,Town10HD_Opt,2026-03-11 13:48:35.177086,-52.49782943725586,-68.8222885131836,0.0016092681325972,13.849,0.078,0.59,0.0,0,0,1,,0.937,2026-03-11T13:48:35.177086,neutral,0.987,2026-03-11T13:48:33.195099,0.861739349619595,2026-03-11T13:48:36.047000,84,,,
participant_07,4,day,Town10HD_Opt,2026-03-11 13:48:36.001367,-55.48854446411133,-68.81629180908203,0.0020112609490752,19.201,0.078,0.56,0.0,0,0,1,,0.919,2026-03-11T13:48:36.001367,neutral,0.987,2026-03-11T13:48:36.001367,0.7639175032971905,2026-03-11T13:48:36.047000,83,,,
participant_07,4,day,Town10HD_Opt,2026-03-11 13:48:37.124239,-60.55523681640625,-68.81403350830078,0.001930808997713,24.281,0.078,0.441,0.0,0,0,1,,0.957,2026-03-11T13:48:37.124239,neutral,0.987,2026-03-11T13:48:36.001367,0.8466557266669903,2026-03-11T13:48:37.982000,81,,,
participant_07,4,day,Town10HD_Opt,2026-03-11 13:48:38.222579,-66.36921691894531,-68.82391357421875,0.002075805561617,24.458,0.068,0.209,0.0,0,0,1,,0.955,2026-03-11T13:48:38.222579,neutral,0.982,2026-03-11T13:48:38.222579,0.9005224557884732,2026-03-11T13:48:39.107000,82,,,
participant_07,4,day,Town10HD_Opt,2026-03-11 13:48:39.035316,-70.42709350585938,-68.8374252319336,0.0021397017408162,21.74,-0.026,0.178,0.0,0,0,1,,0.97,2026-03-11T13:48:39.035316,neutral,0.982,2026-03-11T13:48:38.222579,0.9593885607605748,2026-03-11T13:48:39.107000,82,,,
participant_07,4,day,Town10HD_Opt,2026-03-11 13:48:40.196333,-75.02690887451172,-68.80599212646484,0.0020917130168527,18.181,-2.81,0.183,0.0,0,0,1,,0.942,2026-03-11T13:48:40.196333,neutral,0.982,2026-03-11T13:48:38.222579,0.9030096270574122,2026-03-11T13:48:41.043000,82,,,errors=Solid line crossing
participant_07,4,day,Town10HD_Opt,2026-03-11 13:48:41.025375,-78.1494369506836,-68.52897644042969,0.0019108580891042,17.767,-8.751,0.278,0.0,0,0,1,,0.92,2026-03-11T13:48:41.025375,neutral,0.956,2026-03-11T13:48:41.025375,0.9168424617043212,2026-03-11T13:48:41.043000,84,,,
participant_07,4,day,Town10HD_Opt,2026-03-11 13:48:42.175997,-82.20488739013672,-67.46460723876953,0.0020314024295657,18.162,-8.761,0.299,0.0,0,0,1,,0.962,2026-03-11T13:48:42.175997,neutral,0.956,2026-03-11T13:48:41.025375,0.8660705047505534,2026-03-11T13:48:42.977000,82,,,
participant_07,4,day,Town10HD_Opt,2026-03-11 13:48:42.997833,-85.11618041992188,-66.1972885131836,0.0020491408649832,18.015,-5.125,0.299,0.0,0,0,1,,0.958,2026-03-11T13:48:42.997833,neutral,0.956,2026-03-11T13:48:41.025375,0.865986579919985,2026-03-11T13:48:42.977000,83,,,
participant_07,4,day,Town10HD_Opt,2026-03-11 13:48:44.150764,-88.83932495117188,-64.17412567138672,0.0020220566075295,18.281,-4.631,0.301,0.0,0,0,1,,0.911,2026-03-11T13:48:44.150764,neutral,0.919,2026-03-11T13:48:44.150764,0.91417597471296,2026-03-11T13:48:45.093000,83,,,
participant_07,4,day,Town10HD_Opt,2026-03-11 13:48:45.013653,-91.49864959716795,-62.41371536254883,0.0020349503029137,18.466,-4.445,0.505,0.0,0,0,1,,0.959,2026-03-11T13:48:45.013653,neutral,0.919,2026-03-11T13:48:44.150764,0.9282162871304852,2026-03-11T13:48:45.093000,83,,,
participant_07,4,day,Town10HD_Opt,2026-03-11 13:48:46.146061,-95.21925354003906,-59.43647003173828,0.0019544218666851,22.458,-4.442,0.455,0.0,0,0,1,,0.979,2026-03-11T13:48:46.146061,neutral,0.919,2026-03-11T13:48:44.150764,0.9233525746029468,2026-03-11T13:48:45.093000,83,,,
participant_07,4,day,Town10HD_Opt,2026-03-11 13:48:47.010106,-98.18659210205078,-56.56222915649414,0.0019629287999123,24.976,-3.262,0.455,0.0,0,0,1,,0.977,2026-03-11T13:48:47.010106,neutral,0.987,2026-03-11T13:48:47.010106,0.8925884252983365,2026-03-11T13:48:47.523000,84,,,
participant_07,4,day,Town10HD_Opt,2026-03-11 13:48:48.173998,-102.20963287353516,-51.923377990722656,0.0019891357515007,27.614,-3.349,0.41,0.0,0,0,1,,0.963,2026-03-11T13:48:48.173998,neutral,0.987,2026-03-11T13:48:47.010106,0.8710389872808846,2026-03-11T13:48:49.097000,86,,,
participant_07,4,day,Town10HD_Opt,2026-03-11 13:48:49.036925,-105.06620025634766,-47.95277404785156,0.0020352171268314,28.092,-3.078,0.346,0.0,0,0,1,,0.966,2026-03-11T13:48:49.036925,angry,0.819,2026-03-11T13:48:49.036925,0.8005299188107698,2026-03-11T13:48:49.097000,87,,,
participant_07,4,day,Town10HD_Opt,2026-03-11 13:48:50.188559,-108.35044860839844,-42.39642333984375,0.0020829008426517,26.903,-3.74,0.281,0.0,0,0,1,,0.949,2026-03-11T13:48:50.188559,angry,0.819,2026-03-11T13:48:49.036925,0.8342027937102899,2026-03-11T13:48:50.089000,88,,,
participant_07,4,day,Town10HD_Opt,2026-03-11 13:48:51.059457,-110.21656036376952,-38.39085006713867,0.0022240446414798,22.237,-4.192,0.0,0.0,0,0,1,,0.941,2026-03-11T13:48:51.059457,neutral,0.963,2026-03-11T13:48:51.059457,0.8263754520637326,2026-03-11T13:48:51.212000,86,,,
participant_07,4,day,Town10HD_Opt,2026-03-11 13:48:52.212304,-111.59029388427734,-34.22536849975586,0.0020055389031767,15.931,-9.385,0.2,0.0,0,0,1,,0.958,2026-03-11T13:48:52.212304,neutral,0.963,2026-03-11T13:48:51.059457,0.8577875737832992,2026-03-11T13:48:53.012000,85,,,
participant_07,4,day,Town10HD_Opt,2026-03-11 13:48:53.083845,-111.9585418701172,-31.438968658447266,0.0018565750215202,17.384,-10.567,0.492,0.0,0,0,1,,0.91,2026-03-11T13:48:53.083845,neutral,0.975,2026-03-11T13:48:53.083845,0.8860623221351269,2026-03-11T13:48:54.002000,85,,,
participant_07,4,day,Town10HD_Opt,2026-03-11 13:48:54.259015,-111.78557586669922,-27.07372093200684,0.0019733428489416,20.272,-4.129,0.444,0.0,0,0,1,,0.908,2026-03-11T13:48:54.259015,neutral,0.975,2026-03-11T13:48:53.083845,0.8414324025523252,2026-03-11T13:48:54.991000,88,,,
participant_07,4,day,Town10HD_Opt,2026-03-11 13:48:55.218807,-111.40399169921876,-23.425710678100582,0.0021062849555164,19.878,-0.176,0.0,0.067,0,0,1,,0.908,2026-03-11T13:48:55.218807,neutral,0.956,2026-03-11T13:48:55.218807,0.7551984809900764,2026-03-11T13:48:55.982000,86,,,
participant_07,4,day,Town10HD_Opt,2026-03-11 13:48:56.131464,-111.10112762451172,-20.431928634643555,0.0020852661691606,13.722,0.357,0.0,0.335,0,0,1,,0.942,2026-03-11T13:48:56.131464,neutral,0.956,2026-03-11T13:48:55.218807,0.9054121795516348,2026-03-11T13:48:57.018000,88,,,
participant_07,4,day,Town10HD_Opt,2026-03-11 13:48:57.010707,-110.91455078125,-18.477399826049805,0.0020890808664262,8.383,0.355,0.0,0.314,0,0,1,,0.942,2026-03-11T13:48:57.010707,neutral,0.956,2026-03-11T13:48:55.218807,0.8190303575319335,2026-03-11T13:48:57.018000,88,,,
participant_07,4,day,Town10HD_Opt,2026-03-11 13:48:58.177764,-110.83546447753906,-17.624584197998047,0.0020245742052793,0.0,0.322,0.0,0.68,0,0,1,,0.941,2026-03-11T13:48:58.177764,neutral,0.973,2026-03-11T13:48:58.177764,0.8212316605934219,2026-03-11T13:48:59.087000,87,,,
participant_07,4,day,Town10HD_Opt,2026-03-11 13:48:59.080204,-110.83544921875,-17.624412536621094,0.0019232940394431,0.001,0.261,0.0,0.0,0,0,1,,0.871,2026-03-11T13:48:59.080204,neutral,0.973,2026-03-11T13:48:58.177764,0.8807199533115124,2026-03-11T13:48:59.987000,83,,,
participant_07,4,day,Town10HD_Opt,2026-03-11 13:49:00.197938,-110.83544921875,-17.624401092529297,0.0019191741012036,0.001,2.083,0.0,0.0,0,0,1,,0.92,2026-03-11T13:49:00.197938,neutral,0.915,2026-03-11T13:49:00.197938,0.8162907746362559,2026-03-11T13:49:01.022000,83,,,
participant_07,4,day,Town10HD_Opt,2026-03-11 13:49:01.068293,-110.83544921875,-17.624401092529297,0.001919021597132,0.001,1.805,0.0,0.0,0,0,1,,0.953,2026-03-11T13:49:01.068293,neutral,0.915,2026-03-11T13:49:00.197938,0.8188814159841574,2026-03-11T13:49:02.012000,84,,,errors=Vehicle collision
participant_07,4,day,Town10HD_Opt,2026-03-11 13:49:02.183063,-110.83547973632812,-17.623641967773438,0.0018996428698301,0.001,1.81,0.0,0.0,0,0,1,,0.962,2026-03-11T13:49:02.183063,neutral,0.915,2026-03-11T13:49:00.197938,0.8122424455397471,2026-03-11T13:49:03.092000,85,,,
participant_07,4,day,Town10HD_Opt,2026-03-11 13:49:03.028126,-110.83548736572266,-17.623626708984375,0.0019188307924196,0.001,1.81,0.0,0.0,0,0,1,,0.901,2026-03-11T13:49:03.028126,neutral,0.819,2026-03-11T13:49:03.028126,0.8049182880723659,2026-03-11T13:49:03.092000,84,,,
participant_07,4,day,Town10HD_Opt,2026-03-11 13:49:04.146783,-110.83548736572266,-17.623624801635742,0.001919021597132,0.001,1.81,0.0,0.0,0,0,1,,0.956,2026-03-11T13:49:04.146783,neutral,0.819,2026-03-11T13:49:03.028126,0.7478966753782236,2026-03-11T13:49:05.027000,86,,,
participant_07,4,day,Town10HD_Opt,2026-03-11 13:49:05.016203,-110.83548736572266,-17.623624801635742,0.0019189834129065,0.001,1.81,0.0,0.0,0,0,1,,0.909,2026-03-11T13:49:05.016203,neutral,0.819,2026-03-11T13:49:03.028126,0.7628949877437419,2026-03-11T13:49:05.027000,84,,,
participant_07,4,day,Town10HD_Opt,2026-03-11 13:49:06.156603,-110.83548736572266,-17.623624801635742,0.0019189834129065,0.001,1.81,0.0,0.0,0,0,1,,0.944,2026-03-11T13:49:06.156603,neutral,0.946,2026-03-11T13:49:06.156603,0.8309208160773811,2026-03-11T13:49:06.020000,86,,,
participant_07,4,day,Town10HD_Opt,2026-03-11 13:49:07.033138,-110.83548736572266,-17.623626708984375,0.0019188689766451,0.001,1.81,0.0,0.0,0,0,1,,0.963,2026-03-11T13:49:07.033138,neutral,0.946,2026-03-11T13:49:06.156603,0.769746570081029,2026-03-11T13:49:07.145000,85,,,
participant_07,4,day,Town10HD_Opt,2026-03-11 13:49:08.277943,-110.83548736572266,-17.623626708984375,0.0019189071608707,0.001,1.81,0.0,0.0,0,0,1,,0.955,2026-03-11T13:49:08.277943,neutral,0.986,2026-03-11T13:49:08.277943,0.7123428169550541,2026-03-11T13:49:08.988000,82,,,
participant_07,4,day,Town10HD_Opt,2026-03-11 13:49:09.199545,-110.83548736572266,-17.623626708984375,0.0019188307924196,0.001,1.81,0.0,0.0,0,0,1,,0.94,2026-03-11T13:49:09.199545,neutral,0.986,2026-03-11T13:49:08.277943,0.6701458031951001,2026-03-11T13:49:10.157000,81,,,
participant_07,4,day,Town10HD_Opt,2026-03-11 13:49:10.035999,-110.83548736572266,-17.623624801635742,0.0019189834129065,0.001,1.786,0.0,0.0,0,0,1,,0.869,2026-03-11T13:49:10.035999,neutral,0.986,2026-03-11T13:49:08.277943,0.7185850677736618,2026-03-11T13:49:10.157000,81,,,
participant_07,4,day,Town10HD_Opt,2026-03-11 13:49:11.182775,-110.83548736572266,-17.623624801635742,0.0019189452286809,0.001,1.777,0.0,0.0,0,0,1,,0.974,2026-03-11T13:49:11.182775,neutral,0.929,2026-03-11T13:49:11.182775,0.6956156755169716,2026-03-11T13:49:11.102000,81,,,
participant_07,4,day,Town10HD_Opt,2026-03-11 13:49:12.054219,-110.83548736572266,-17.623624801635742,0.0019189452286809,0.001,1.424,0.0,0.0,0,0,1,reach_back,0.839,2026-03-11T13:49:12.054219,neutral,0.929,2026-03-11T13:49:11.182775,0.7256741660119018,2026-03-11T13:49:12.993000,86,,,
participant_07,4,day,Town10HD_Opt,2026-03-11 13:49:13.195189,-110.83548736572266,-17.623624801635742,0.001919021597132,0.001,1.518,0.0,0.0,0,0,1,,0.902,2026-03-11T13:49:13.195189,neutral,0.969,2026-03-11T13:49:13.195189,0.7350879860660321,2026-03-11T13:49:14.072000,90,,,
participant_07,4,day,Town10HD_Opt,2026-03-11 13:49:14.061067,-110.83548736572266,-17.623626708984375,0.0019188307924196,0.001,1.518,0.0,0.0,0,0,1,,0.921,2026-03-11T13:49:14.061067,neutral,0.969,2026-03-11T13:49:13.195189,0.7197228506146635,2026-03-11T13:49:15.018000,91,,,
participant_07,4,day,Town10HD_Opt,2026-03-11 13:49:15.181638,-110.83548736572266,-17.623624801635742,0.0019189452286809,0.001,1.485,0.0,0.0,0,0,1,,0.885,2026-03-11T13:49:15.181638,neutral,0.969,2026-03-11T13:49:13.195189,0.6948232676714439,2026-03-11T13:49:16.098000,95,,,
participant_07,4,day,Town10HD_Opt,2026-03-11 13:49:16.047790,-110.83548736572266,-17.623626708984375,0.0019189834129065,0.001,1.485,0.0,0.0,0,0,1,,0.917,2026-03-11T13:49:16.047790,neutral,0.995,2026-03-11T13:49:16.047790,0.6175956167527179,2026-03-11T13:49:16.997000,96,,,
participant_07,4,day,Town10HD_Opt,2026-03-11 13:49:17.179384,-110.81989288330078,-17.43812370300293,0.0017063902923837,4.741,1.314,0.722,0.0,0,0,1,,0.935,2026-03-11T13:49:17.179384,neutral,0.995,2026-03-11T13:49:16.047790,0.6639934017397687,2026-03-11T13:49:18.033000,97,,,
participant_07,4,day,Town10HD_Opt,2026-03-11 13:49:18.103126,-110.69271087646484,-15.75461769104004,0.0015750502934679,15.389,1.448,0.688,0.0,0,0,1,,0.917,2026-03-11T13:49:18.103126,neutral,0.923,2026-03-11T13:49:18.103126,0.5841106264874224,2026-03-11T13:49:18.033000,96,,,
participant_07,4,day,Town10HD_Opt,2026-03-11 13:49:19.253392,-110.53395080566406,-11.72917938232422,0.0019824600312858,15.803,3.881,0.0,0.0,0,0,1,,1.0,2026-03-11T13:49:19.253392,neutral,0.923,2026-03-11T13:49:18.103126,0.4566146166714298,2026-03-11T13:49:20.013000,96,Solid line crossing,Solid line crossing,
participant_07,4,day,Town10HD_Opt,2026-03-11 13:49:20.169538,-110.62095642089844,-9.270903587341309,0.0020299910102039,12.306,4.735,0.146,0.0,0,0,1,,1.0,2026-03-11T13:49:20.169538,neutral,0.996,2026-03-11T13:49:20.169538,0.4668218520512645,2026-03-11T13:49:21.048000,86,,,
participant_07,4,day,Town10HD_Opt,2026-03-11 13:49:21.075362,-110.81443786621094,-7.103076457977295,0.0018523024627938,13.66,0.618,0.431,0.0,0,0,1,,0.937,2026-03-11T13:49:21.075362,neutral,0.996,2026-03-11T13:49:20.169538,0.3942191194093464,2026-03-11T13:49:21.993000,81,,,
participant_07,4,day,Town10HD_Opt,2026-03-11 13:49:22.248660,-111.03341674804688,-3.346644878387451,0.0020657347049564,18.167,-2.687,0.428,0.0,0,0,1,,0.876,2026-03-11T13:49:22.248660,happy,0.853,2026-03-11T13:49:22.248660,0.3073670257870371,2026-03-11T13:49:23.027000,80,,,
participant_07,4,day,Town10HD_Opt,2026-03-11 13:49:23.115636,-111.0649871826172,-0.0672240406274795,0.0019803238101303,19.803,-1.852,0.42,0.0,0,0,1,,0.962,2026-03-11T13:49:23.115636,happy,0.853,2026-03-11T13:49:22.248660,0.3097006539431398,2026-03-11T13:49:23.027000,79,,,
participant_07,4,day,Town10HD_Opt,2026-03-11 13:49:23.997257,-110.9822235107422,3.5650956630706787,0.0019825361669063,21.666,-2.177,0.411,0.0,0,0,1,,0.84,2026-03-11T13:49:23.997257,happy,0.853,2026-03-11T13:49:22.248660,0.2950930675443629,2026-03-11T13:49:24.197000,77,,,
participant_07,4,day,Town10HD_Opt,2026-03-11 13:49:25.139704,-110.56986236572266,8.869346618652344,0.0019940184429287,23.89,-3.752,0.411,0.0,0,0,1,,0.815,2026-03-11T13:49:25.139704,neutral,0.974,2026-03-11T13:49:25.139704,0.2435390399965022,2026-03-11T13:49:25.052000,78,,,
participant_07,4,day,Town10HD_Opt,2026-03-11 13:49:26.013727,-109.80355072021484,13.089163780212402,0.0020061873365193,25.195,-7.898,0.391,0.0,0,0,1,,0.915,2026-03-11T13:49:26.013727,neutral,0.974,2026-03-11T13:49:25.139704,0.1564999575609443,2026-03-11T13:49:26.538000,80,,,
participant_07,4,day,Town10HD_Opt,2026-03-11 13:49:27.190111,-107.53948211669922,18.19770050048828,0.0021824263967573,21.537,-13.068,0.097,0.0,0,0,1,,0.918,2026-03-11T13:49:27.190111,neutral,0.981,2026-03-11T13:49:27.190111,0.1961780202189425,2026-03-11T13:49:28.022000,77,,,
participant_07,4,day,Town10HD_Opt,2026-03-11 13:49:28.096997,-105.34256744384766,20.76347923278809,0.0019570540171116,17.158,-12.815,0.0,0.0,0,0,1,,0.871,2026-03-11T13:49:28.096997,neutral,0.981,2026-03-11T13:49:27.190111,0.250028302841027,2026-03-11T13:49:29.012000,77,,,
participant_07,4,day,Town10HD_Opt,2026-03-11 13:49:28.997584,-103.16645050048828,22.39298439025879,0.0019501113565638,15.231,-13.243,0.296,0.0,0,0,1,,0.861,2026-03-11T13:49:28.997584,neutral,0.981,2026-03-11T13:49:27.190111,0.1078892480146804,2026-03-11T13:49:29.012000,77,,,
participant_07,4,day,Town10HD_Opt,2026-03-11 13:49:30.207489,-99.80545806884766,23.92901611328125,0.001898803631775,16.583,-12.047,0.283,0.0,0,0,1,,1.0,2026-03-11T13:49:30.207489,neutral,0.973,2026-03-11T13:49:30.207489,0.1962135158976236,2026-03-11T13:49:30.992000,76,,,
participant_07,4,day,Town10HD_Opt,2026-03-11 13:49:31.157281,-96.978515625,24.658483505249023,0.0019586181733757,16.081,-6.507,0.101,0.0,0,0,1,,0.946,2026-03-11T13:49:31.157281,neutral,0.973,2026-03-11T13:49:30.207489,0.2051879560553297,2026-03-11T13:49:31.982000,76,,,
participant_07,4,day,Town10HD_Opt,2026-03-11 13:49:32.120157,-94.33914184570312,25.103893280029297,0.0019491576822474,14.866,-3.766,0.257,0.0,0,0,1,,1.0,2026-03-11T13:49:32.120157,neutral,0.973,2026-03-11T13:49:30.207489,0.2303809499696907,2026-03-11T13:49:33.018000,77,,,
participant_07,4,day,Town10HD_Opt,2026-03-11 13:49:33.066394,-91.71247863769533,25.525110244750977,0.001895027118735,15.643,5.163,0.27,0.0,0,0,1,,0.933,2026-03-11T13:49:33.066394,angry,0.453,2026-03-11T13:49:33.066394,0.1955785937672406,2026-03-11T13:49:33.018000,76,,,
participant_07,4,day,Town10HD_Opt,2026-03-11 13:49:34.275807,-88.12738800048828,26.602996826171875,0.0019024658249691,16.55,8.778,0.269,0.0,0,0,1,,0.902,2026-03-11T13:49:34.275807,angry,0.453,2026-03-11T13:49:33.066394,0.1884316361706779,2026-03-11T13:49:34.997000,76,,,
participant_07,4,day,Town10HD_Opt,2026-03-11 13:49:35.226833,-85.44769287109375,27.807085037231445,0.0019032668787986,17.069,0.437,0.265,0.0,0,0,1,,1.0,2026-03-11T13:49:35.226833,neutral,0.981,2026-03-11T13:49:35.226833,0.2283678142126938,2026-03-11T13:49:36.077000,76,,,errors=Solid line crossing
participant_07,4,day,Town10HD_Opt,2026-03-11 13:49:36.209196,-82.58938598632812,28.65790557861328,0.0019311904907226,17.258,-18.694,0.264,0.0,0,0,1,,1.0,2026-03-11T13:49:36.209196,neutral,0.981,2026-03-11T13:49:35.226833,0.2018800077036121,2026-03-11T13:49:37.022000,76,,,
participant_07,4,day,Town10HD_Opt,2026-03-11 13:49:37.218211,-79.55581665039062,28.82145500183105,0.0019160461379215,17.529,-4.997,0.255,0.0,0,0,1,,0.836,2026-03-11T13:49:37.218211,neutral,0.981,2026-03-11T13:49:35.226833,0.274635131033263,2026-03-11T13:49:38.012000,75,,,
participant_07,4,day,Town10HD_Opt,2026-03-11 13:49:38.132190,-76.47640991210938,28.76484107971192,0.0019128418061882,17.734,-3.158,0.272,0.0,0,0,1,,0.949,2026-03-11T13:49:38.132190,happy,0.967,2026-03-11T13:49:38.132190,0.2287916491205723,2026-03-11T13:49:39.002000,77,,,errors=Solid line crossing
participant_07,4,day,Town10HD_Opt,2026-03-11 13:49:39.046717,-73.34596252441406,28.586366653442383,0.0018997192382812,17.983,-1.166,0.193,0.0,0,0,1,,0.948,2026-03-11T13:49:39.046717,happy,0.967,2026-03-11T13:49:38.132190,0.2364948508883466,2026-03-11T13:49:39.992000,77,,,
participant_07,4,day,Town10HD_Opt,2026-03-11 13:49:40.260533,-69.66500854492188,28.37959671020508,0.0020417021587491,13.052,1.967,0.0,0.0,0,0,1,,0.925,2026-03-11T13:49:40.260533,neutral,0.89,2026-03-11T13:49:40.260533,0.206942849458086,2026-03-11T13:49:40.982000,76,,,
participant_07,4,day,Town10HD_Opt,2026-03-11 13:49:41.196364,-67.42443084716797,28.33313369750977,0.0017996215028688,14.826,2.148,0.519,0.0,0,0,1,,1.0,2026-03-11T13:49:41.196364,neutral,0.89,2026-03-11T13:49:40.260533,0.2791342962892235,2026-03-11T13:49:42.152000,78,,,
participant_07,4,day,Town10HD_Opt,2026-03-11 13:49:42.168987,-64.4496078491211,28.354949951171875,0.0020684050396084,18.448,2.078,0.519,0.0,0,0,1,,0.897,2026-03-11T13:49:42.168987,neutral,0.89,2026-03-11T13:49:40.260533,0.181528613290211,2026-03-11T13:49:43.008000,76,,,
participant_07,4,day,Town10HD_Opt,2026-03-11 13:49:43.088372,-60.960697174072266,28.476783752441406,0.0019172286847606,22.135,-0.336,0.5,0.0,0,0,1,,0.888,2026-03-11T13:49:43.088372,neutral,0.986,2026-03-11T13:49:43.088372,0.157961110493373,2026-03-11T13:49:43.998000,78,,,
participant_07,4,day,Town10HD_Opt,2026-03-11 13:49:44.006516,-56.80263900756836,28.604108810424805,0.0019261550623923,25.744,-0.759,0.5,0.0,0,0,1,,0.869,2026-03-11T13:49:44.006516,neutral,0.986,2026-03-11T13:49:43.088372,0.2001760291756347,2026-03-11T13:49:43.998000,77,,,
participant_07,4,day,Town10HD_Opt,2026-03-11 13:49:45.198233,-50.33610916137695,28.69482612609864,0.0019430541433393,29.933,-0.423,0.5,0.0,0,0,1,,0.817,2026-03-11T13:49:45.198233,neutral,0.973,2026-03-11T13:49:45.198233,0.1934220535413904,2026-03-11T13:49:46.113000,80,,,
participant_07,4,day,Town10HD_Opt,2026-03-11 13:49:46.105577,-44.88222122192383,28.69111061096192,0.0019548416603356,32.647,-0.543,0.5,0.0,0,0,1,,1.0,2026-03-11T13:49:46.105577,neutral,0.973,2026-03-11T13:49:45.198233,0.1983929832115585,2026-03-11T13:49:47.012000,80,,,
participant_07,4,day,Town10HD_Opt,2026-03-11 13:49:47.049216,-38.97990036010742,28.61581993103028,0.0019655989017337,34.905,-0.545,0.5,0.0,0,0,1,,0.9,2026-03-11T13:49:47.049216,neutral,0.973,2026-03-11T13:49:45.198233,0.2830308128418897,2026-03-11T13:49:47.012000,80,,,
participant_07,4,day,Town10HD_Opt,2026-03-11 13:49:48.257818,-30.50929069519043,28.39793586730957,0.0019781494047492,37.746,-0.087,0.5,0.0,0,0,1,,0.85,2026-03-11T13:49:48.257818,neutral,0.942,2026-03-11T13:49:48.257818,0.1722856577514416,2026-03-11T13:49:48.186000,79,,,
participant_07,4,day,Town10HD_Opt,2026-03-11 13:49:49.154899,-23.782655715942383,28.204259872436523,0.0019976424518972,39.207,0.686,0.483,0.0,0,0,1,,0.844,2026-03-11T13:49:49.154899,neutral,0.942,2026-03-11T13:49:48.257818,0.2014762435982577,2026-03-11T13:49:50.027000,81,,,
participant_07,4,day,Town10HD_Opt,2026-03-11 13:49:50.060699,-16.94698143005371,28.12130355834961,0.0021524429321289,36.691,0.089,0.0,0.0,0,0,1,,0.805,2026-03-11T13:49:50.060699,neutral,0.942,2026-03-11T13:49:48.257818,0.1386064659946128,2026-03-11T13:49:50.027000,80,,,
participant_07,4,day,Town10HD_Opt,2026-03-11 13:49:51.229887,-9.476394653320312,28.08313369750977,0.0022918700706213,26.456,0.134,0.0,0.0,0,0,1,,0.958,2026-03-11T13:49:51.229887,neutral,0.985,2026-03-11T13:49:51.229887,0.2186458985208093,2026-03-11T13:49:52.098000,85,,,
participant_07,4,day,Town10HD_Opt,2026-03-11 13:49:52.152153,-5.346398830413818,28.07466697692871,0.0021949387155473,21.094,0.512,0.196,0.0,0,0,1,,1.0,2026-03-11T13:49:52.152153,neutral,0.985,2026-03-11T13:49:51.229887,0.0499730213141783,2026-03-11T13:49:52.998000,87,,,
participant_07,4,day,Town10HD_Opt,2026-03-11 13:49:53.046305,-1.8776105642318728,28.1011905670166,0.0021271514706313,18.606,-0.035,0.199,0.0,0,0,1,,0.933,2026-03-11T13:49:53.046305,neutral,0.985,2026-03-11T13:49:51.229887,0.1487063968556846,2026-03-11T13:49:53.988000,87,,,
participant_07,4,day,Town10HD_Opt,2026-03-11 13:49:54.262117,2.335268497467041,28.12898635864257,0.0019298553233966,18.093,-0.585,0.334,0.0,0,0,1,,0.921,2026-03-11T13:49:54.262117,neutral,0.996,2026-03-11T13:49:54.262117,0.0892767135551208,2026-03-11T13:49:55.113000,87,,,
participant_07,4,day,Town10HD_Opt,2026-03-11 13:49:55.174254,5.507840633392334,28.12300682067871,0.0020332718268036,18.187,-0.425,0.326,0.0,0,0,1,,0.941,2026-03-11T13:49:55.174254,neutral,0.996,2026-03-11T13:49:54.262117,0.0872443463793586,2026-03-11T13:49:56.012000,88,,,
participant_07,4,day,Town10HD_Opt,2026-03-11 13:49:56.076219,8.687471389770508,28.101524353027344,0.0020505904685705,18.097,-0.12,0.324,0.0,0,0,1,,0.958,2026-03-11T13:49:56.076219,neutral,0.996,2026-03-11T13:49:54.262117,0.107586106264439,2026-03-11T13:49:56.012000,89,,,
participant_07,4,day,Town10HD_Opt,2026-03-11 13:49:57.034908,11.864992141723633,28.07614517211914,0.0020384979434311,18.246,-0.056,0.324,0.0,0,0,1,,0.931,2026-03-11T13:49:57.034908,neutral,0.987,2026-03-11T13:49:57.034908,0.0988200575283818,2026-03-11T13:49:57.993000,92,,,
participant_07,4,day,Town10HD_Opt,2026-03-11 13:49:58.220873,16.14552879333496,28.037466049194336,0.0020383833907544,18.457,-0.04,0.324,0.0,0,0,1,,0.87,2026-03-11T13:49:58.220873,neutral,0.987,2026-03-11T13:49:57.034908,0.1537007697666584,2026-03-11T13:49:57.993000,90,,,
participant_07,4,day,Town10HD_Opt,2026-03-11 13:49:59.160372,19.386756896972656,28.02009010314941,0.0020386886317282,18.617,0.959,0.391,0.0,0,0,1,,0.94,2026-03-11T13:49:59.160372,neutral,0.979,2026-03-11T13:49:59.160372,0.0919222335987753,2026-03-11T13:50:00.066000,92,,,
participant_08,3,day,Town10HD_Opt,2026-03-11 14:00:00.000000,-41.66535186767578,86.27053833007812,0.0019412230467423,19.387,0.233,0.642,0.0,0,0,1,,1.0,2026-03-11T14:00:00,,,2026-03-11T14:00:00,0.6357453412941974,2026-03-11T14:00:00,74,,,
participant_08,3,day,Town10HD_Opt,2026-03-11 14:00:00.384318,-41.65797805786133,85.08771514892578,0.0018870544154196,21.281,1.826,0.63,0.0,0,0,1,,1.0,2026-03-11T14:00:00,,,2026-03-11T14:00:00,0.5812482127586241,2026-03-11T14:00:00,75,,,
participant_08,3,day,Town10HD_Opt,2026-03-11 14:00:01.324275,-41.36641693115234,80.80606079101562,0.0018410872435197,27.993,5.184,0.611,0.0,0,0,1,,1.0,2026-03-11T14:00:01.324275,,,2026-03-11T14:00:00,0.5687102916443088,2026-03-11T14:00:01.035000,71,,,
participant_08,3,day,Town10HD_Opt,2026-03-11 14:00:02.301318,-40.24771499633789,75.60498046875,0.0018962096655741,33.099,17.598,0.561,0.0,0,0,1,,1.0,2026-03-11T14:00:02.301318,neutral,0.927,2026-03-11T14:00:02.301318,0.618069647251302,2026-03-11T14:00:02.114000,72,,,
participant_08,3,day,Town10HD_Opt,2026-03-11 14:00:03.315474,-36.69182968139648,70.90681457519531,0.0020344161894172,35.209,23.724,0.153,0.0,0,0,1,,1.0,2026-03-11T14:00:03.315474,neutral,0.927,2026-03-11T14:00:02.301318,0.5959843587748735,2026-03-11T14:00:03.018000,73,,,
participant_08,3,day,Town10HD_Opt,2026-03-11 14:00:04.284686,-31.47342872619629,69.204833984375,0.0023441696539521,27.652,14.643,0.0,0.0,0,0,1,,1.0,2026-03-11T14:00:04.284686,neutral,0.927,2026-03-11T14:00:02.301318,0.5737274235218865,2026-03-11T14:00:04.045000,73,,,
participant_08,3,day,Town10HD_Opt,2026-03-11 14:00:05.275974,-27.20983123779297,69.48440551757812,0.002263565082103,20.91,-2.998,0.016,0.0,0,0,1,,1.0,2026-03-11T14:00:05.275974,neutral,1.0,2026-03-11T14:00:05.275974,0.5565974398902075,2026-03-11T14:00:04.994000,74,,,
participant_08,3,day,Town10HD_Opt,2026-03-11 14:00:06.311880,-23.904823303222656,69.66526794433594,0.0020949554163962,18.227,-1.201,0.535,0.0,0,0,1,,1.0,2026-03-11T14:00:06.311880,neutral,1.0,2026-03-11T14:00:05.275974,0.5752498704696599,2026-03-11T14:00:05.985000,74,,,
participant_08,3,day,Town10HD_Opt,2026-03-11 14:00:07.328789,-20.395248413085938,69.803466796875,0.0018781280377879,22.938,-0.672,0.563,0.0,0,0,1,,1.0,2026-03-11T14:00:07.328789,sad,1.0,2026-03-11T14:00:07.328789,0.503018806572278,2026-03-11T14:00:07.110000,73,,,
participant_08,3,day,Town10HD_Opt,2026-03-11 14:00:08.317031,-15.99593734741211,69.91316223144531,0.001895370427519,27.626,-1.166,0.525,0.0,0,0,1,,1.0,2026-03-11T14:00:08.317031,sad,1.0,2026-03-11T14:00:07.328789,0.5852466173838661,2026-03-11T14:00:07.965000,74,,,
participant_08,3,day,Town10HD_Opt,2026-03-11 14:00:09.337526,-10.876935005187988,69.9230728149414,0.0019303893204778,31.125,-0.679,0.476,0.0,0,0,1,,1.0,2026-03-11T14:00:09.337526,neutral,0.999,2026-03-11T14:00:09.337526,0.6338602053791628,2026-03-11T14:00:09.134000,75,,,
participant_08,3,day,Town10HD_Opt,2026-03-11 14:00:10.069450,-7.2571234703063965,69.8839340209961,0.0020787429530173,30.254,-0.266,0.224,0.0,0,0,1,,1.0,2026-03-11T14:00:10.069450,neutral,0.999,2026-03-11T14:00:09.337526,0.4914545802639719,2026-03-11T14:00:10.124000,74,,,
participant_08,3,day,Town10HD_Opt,2026-03-11 14:00:11.071322,-2.2257204055786133,69.79931640625,0.0021475600078701,26.99,-0.266,0.211,0.0,0,0,1,,0.83,2026-03-11T14:00:11.071322,neutral,0.999,2026-03-11T14:00:09.337526,0.4825041939926417,2026-03-11T14:00:11.024000,74,,,
participant_08,3,day,Town10HD_Opt,2026-03-11 14:00:12.085005,2.245624542236328,69.69524383544922,0.002142600947991,23.871,-0.16,0.0,0.0,0,0,1,,1.0,2026-03-11T14:00:12.085005,neutral,1.0,2026-03-11T14:00:12.085005,0.6180062552402578,2026-03-11T14:00:11.972000,74,,,
participant_08,3,day,Town10HD_Opt,2026-03-11 14:00:13.318047,7.023569107055664,69.57662963867188,0.0019536209292709,16.974,0.237,0.114,0.0,0,0,1,,1.0,2026-03-11T14:00:13.318047,neutral,1.0,2026-03-11T14:00:12.085005,0.6816136653446764,2026-03-11T14:00:13.230000,73,,,
participant_08,3,day,Town10HD_Opt,2026-03-11 14:00:14.242884,10.104168891906738,69.5138931274414,0.0020735550206154,18.866,0.294,0.289,0.0,0,0,1,,1.0,2026-03-11T14:00:14.242884,neutral,0.983,2026-03-11T14:00:14.242884,0.6882711822530979,2026-03-11T14:00:13.948000,72,,,
participant_08,3,day,Town10HD_Opt,2026-03-11 14:00:15.303983,13.393377304077148,69.475341796875,0.0020882415119558,18.055,1.142,0.195,0.0,0,0,1,,1.0,2026-03-11T14:00:15.303983,neutral,0.983,2026-03-11T14:00:14.242884,0.625862918204312,2026-03-11T14:00:15.007000,73,,,
participant_08,3,day,Town10HD_Opt,2026-03-11 14:00:16.292107,16.436073303222656,69.4974365234375,0.0020005034748464,15.276,0.693,0.0,0.0,0,0,1,,1.0,2026-03-11T14:00:16.292107,neutral,1.0,2026-03-11T14:00:16.292107,0.6868853046543826,2026-03-11T14:00:15.930000,71,,,
participant_08,3,day,Town10HD_Opt,2026-03-11 14:00:17.306689,18.85161399841309,69.5351333618164,0.0020231246016919,12.08,0.371,0.194,0.0,0,0,1,,1.0,2026-03-11T14:00:17.306689,neutral,1.0,2026-03-11T14:00:16.292107,0.7379772692809607,2026-03-11T14:00:17.504000,73,,,
participant_08,3,day,Town10HD_Opt,2026-03-11 14:00:18.274109,20.88062286376953,69.57501983642578,0.0019981383811682,10.333,0.371,0.0,0.0,0,0,1,,1.0,2026-03-11T14:00:18.274109,neutral,1.0,2026-03-11T14:00:16.292107,0.6586704767984569,2026-03-11T14:00:18.179000,73,,,
participant_08,3,day,Town10HD_Opt,2026-03-11 14:00:19.260863,22.475297927856445,69.61241149902344,0.002014274476096,7.534,0.371,0.0,0.059,0,0,1,,1.0,2026-03-11T14:00:19.260863,neutral,1.0,2026-03-11T14:00:19.260863,0.668634933047244,2026-03-11T14:00:18.946000,74,,,
participant_08,3,day,Town10HD_Opt,2026-03-11 14:00:20.215405,23.56921768188477,69.64112091064453,0.002073211595416,0.0,0.371,0.0,0.053,0,0,1,,1.0,2026-03-11T14:00:20.215405,neutral,1.0,2026-03-11T14:00:19.260863,0.7544347973748955,2026-03-11T14:00:20.114000,74,,,
participant_08,3,day,Town10HD_Opt,2026-03-11 14:00:21.243761,23.58170890808105,69.64147186279297,0.0019443893106654,0.003,0.39,0.449,0.0,0,0,1,,1.0,2026-03-11T14:00:21.243761,neutral,1.0,2026-03-11T14:00:19.260863,0.7400750026186449,2026-03-11T14:00:21.330000,75,,,
participant_08,3,day,Town10HD_Opt,2026-03-11 14:00:22.253246,24.15588760375977,69.65795135498047,0.0015340042300522,9.884,0.435,0.939,0.0,0,0,1,,1.0,2026-03-11T14:00:22.253246,neutral,1.0,2026-03-11T14:00:22.253246,0.795807085420127,2026-03-11T14:00:22.409000,77,,,
participant_08,3,day,Town10HD_Opt,2026-03-11 14:00:23.264736,26.955411911010746,69.74398803710938,0.0018121337052434,21.674,-1.892,0.83,0.0,0,0,1,,1.0,2026-03-11T14:00:23.264736,neutral,1.0,2026-03-11T14:00:22.253246,0.7725991511709067,2026-03-11T14:00:23.130000,78,,,
participant_08,3,day,Town10HD_Opt,2026-03-11 14:00:24.245459,31.4995231628418,69.52024841308594,0.0017820739885792,30.527,-11.921,0.628,0.0,0,0,1,,1.0,2026-03-11T14:00:24.245459,neutral,1.0,2026-03-11T14:00:22.253246,0.8511402727553254,2026-03-11T14:00:23.985000,80,,,
participant_08,3,day,Town10HD_Opt,2026-03-11 14:00:25.271707,36.88298797607422,67.65276336669922,0.0019435500726103,34.725,-13.083,0.427,0.0,0,0,1,,1.0,2026-03-11T14:00:25.271707,neutral,0.995,2026-03-11T14:00:25.271707,0.7873251227849907,2026-03-11T14:00:25.020000,76,,,
participant_08,3,day,Town10HD_Opt,2026-03-11 14:00:26.258413,41.60848236083984,63.90972137451172,0.0021011352073401,33.946,-11.989,0.323,0.0,0,0,1,,0.836,2026-03-11T14:00:26.258413,neutral,0.995,2026-03-11T14:00:25.271707,0.7327508770834814,2026-03-11T14:00:26.144000,79,,,
participant_08,3,day,Town10HD_Opt,2026-03-11 14:00:27.226846,44.38484191894531,59.246952056884766,0.0023240661248564,27.267,-18.651,0.0,0.0,0,0,1,,1.0,2026-03-11T14:00:27.226846,neutral,0.995,2026-03-11T14:00:25.271707,0.6348652112991218,2026-03-11T14:00:26.954000,78,,,
participant_08,3,day,Town10HD_Opt,2026-03-11 14:00:28.206417,44.93974685668945,55.08843994140625,0.0022761535365134,20.563,-12.277,0.0,0.0,0,0,1,,1.0,2026-03-11T14:00:28.206417,neutral,0.903,2026-03-11T14:00:28.206417,0.7142687466881488,2026-03-11T14:00:27.945000,76,,,
participant_08,3,day,Town10HD_Opt,2026-03-11 14:00:29.196134,44.639408111572266,51.92240905761719,0.0020082474220544,15.839,-3.32,0.0,0.0,0,0,1,,1.0,2026-03-11T14:00:29.196134,neutral,0.903,2026-03-11T14:00:28.206417,0.6903526177486732,2026-03-11T14:00:28.979000,78,,,
participant_08,3,day,Town10HD_Opt,2026-03-11 14:00:30.188052,44.33828353881836,49.47758102416992,0.0019464110955595,12.122,1.318,0.0,0.0,0,0,1,,1.0,2026-03-11T14:00:30.188052,neutral,0.903,2026-03-11T14:00:28.206417,0.6529678510195149,2026-03-11T14:00:29.975000,78,,,
participant_08,3,day,Town10HD_Opt,2026-03-11 14:00:31.146027,44.15442657470703,47.59818649291992,0.0020068739540874,9.263,1.782,0.0,0.003,0,0,1,,1.0,2026-03-11T14:00:31.146027,neutral,1.0,2026-03-11T14:00:31.146027,0.6321155830337227,2026-03-11T14:00:30.962000,76,,,
participant_08,3,day,Town10HD_Opt,2026-03-11 14:00:32.091757,44.04210662841797,46.19367599487305,0.0019876861479133,6.605,1.845,0.0,0.041,0,0,1,,1.0,2026-03-11T14:00:32.091757,neutral,1.0,2026-03-11T14:00:31.146027,0.624702249802132,2026-03-11T14:00:31.949000,74,,,
participant_08,3,day,Town10HD_Opt,2026-03-11 14:00:33.283528,43.95505142211914,44.85466384887695,0.0019642256665974,4.775,1.711,0.0,0.0,0,0,1,,1.0,2026-03-11T14:00:33.283528,neutral,0.999,2026-03-11T14:00:33.283528,0.6969009244432401,2026-03-11T14:00:32.985000,72,,,
participant_08,3,day,Town10HD_Opt,2026-03-11 14:00:34.235547,43.91059875488281,44.11468505859375,0.0019657134544104,3.424,0.907,0.2,0.0,0,0,1,,1.0,2026-03-11T14:00:34.235547,neutral,0.999,2026-03-11T14:00:33.283528,0.6925167865081584,2026-03-11T14:00:34.019000,72,,,
participant_08,3,day,Town10HD_Opt,2026-03-11 14:00:35.180458,43.84703063964844,43.00678253173828,0.0015094756381586,13.203,1.168,0.973,0.0,0,0,1,,1.0,2026-03-11T14:00:35.180458,neutral,0.999,2026-03-11T14:00:33.283528,0.6247947865310312,2026-03-11T14:00:34.965000,71,,,
participant_08,3,day,Town10HD_Opt,2026-03-11 14:00:36.274200,43.7495346069336,39.67432022094727,0.001706504728645,25.368,8.186,0.795,0.0,0,0,1,,1.0,2026-03-11T14:00:36.274200,neutral,1.0,2026-03-11T14:00:36.274200,0.6551804319314325,2026-03-11T14:00:35.955000,73,,,
participant_08,3,day,Town10HD_Opt,2026-03-11 14:00:37.224926,44.67400741577149,34.53936004638672,0.0017687606159597,34.462,15.103,0.661,0.0,0,0,1,,1.0,2026-03-11T14:00:37.224926,neutral,1.0,2026-03-11T14:00:36.274200,0.6578254290735368,2026-03-11T14:00:37.125000,72,,,
participant_08,3,day,Town10HD_Opt,2026-03-11 14:00:38.201190,48.05628204345703,29.36823463439941,0.002171134809032,34.359,16.515,0.0,0.0,0,0,1,,1.0,2026-03-11T14:00:38.201190,neutral,1.0,2026-03-11T14:00:36.274200,0.5737887262022852,2026-03-11T14:00:37.934000,73,,,
participant_08,3,day,Town10HD_Opt,2026-03-11 14:00:39.145409,52.55647277832031,26.70188331604004,0.0023290251847356,25.927,13.804,0.0,0.0,0,0,1,,1.0,2026-03-11T14:00:39.145409,neutral,0.995,2026-03-11T14:00:39.145409,0.5816192037753977,2026-03-11T14:00:39.015000,71,,,
participant_08,3,day,Town10HD_Opt,2026-03-11 14:00:40.124940,56.49067687988281,25.900081634521484,0.0022083281073719,20.696,9.887,0.263,0.0,0,0,1,,1.0,2026-03-11T14:00:40.124940,neutral,0.995,2026-03-11T14:00:39.145409,0.6479939722766938,2026-03-11T14:00:40.004000,71,,,
participant_08,3,day,Town10HD_Opt,2026-03-11 14:00:41.078469,59.89984893798828,25.687084197998047,0.0021400833502411,18.059,0.508,0.112,0.0,0,0,1,,1.0,2026-03-11T14:00:41.078469,neutral,0.995,2026-03-11T14:00:39.145409,0.5401416732106966,2026-03-11T14:00:40.995000,73,,,
participant_08,3,day,Town10HD_Opt,2026-03-11 14:00:42.354191,64.0566177368164,25.53989601135254,0.0019447326194494,16.813,0.289,0.0,0.0,0,0,1,,0.81,2026-03-11T14:00:42.354191,neutral,0.999,2026-03-11T14:00:42.354191,0.5431373501287897,2026-03-11T14:00:41.985000,72,,,
participant_08,3,day,Town10HD_Opt,2026-03-11 14:00:43.300409,66.62977600097656,25.465951919555664,0.0020747375674545,12.308,-1.003,0.0,0.223,0,0,1,,1.0,2026-03-11T14:00:43.300409,neutral,0.999,2026-03-11T14:00:42.354191,0.5435360524580469,2026-03-11T14:00:43.110000,70,,,
participant_08,3,day,Town10HD_Opt,2026-03-11 14:00:44.208710,68.38098907470703,25.39192771911621,0.0020481108222156,7.635,-0.989,0.0,0.143,0,0,1,,1.0,2026-03-11T14:00:44.208710,neutral,0.999,2026-03-11T14:00:42.354191,0.5275960695928603,2026-03-11T14:00:43.967000,70,,,
participant_08,3,day,Town10HD_Opt,2026-03-11 14:00:45.157838,69.39667510986328,25.342697143554688,0.0023704909253865,0.0,-0.642,0.0,0.102,0,0,1,,1.0,2026-03-11T14:00:45.157838,neutral,1.0,2026-03-11T14:00:45.157838,0.4842969530622147,2026-03-11T14:00:45.002000,71,,,
participant_08,3,day,Town10HD_Opt,2026-03-11 14:00:46.063167,69.39720916748047,25.342660903930664,0.001938018715009,0.0,-0.392,0.0,0.009,0,0,1,,1.0,2026-03-11T14:00:46.063167,neutral,1.0,2026-03-11T14:00:45.157838,0.4929902659116318,2026-03-11T14:00:46.304000,71,,,
participant_08,3,day,Town10HD_Opt,2026-03-11 14:00:47.076632,69.39728546142578,25.342660903930664,0.0019204712007194,0.0,1.011,0.0,0.0,0,0,1,,1.0,2026-03-11T14:00:47.076632,neutral,1.0,2026-03-11T14:00:45.157838,0.4048110892674009,2026-03-11T14:00:47.026000,71,,,
participant_08,3,day,Town10HD_Opt,2026-03-11 14:00:48.257850,69.3970947265625,25.34382057189941,0.0028397368732839,0.023,0.663,0.0,0.0,0,0,1,,1.0,2026-03-11T14:00:48.257850,neutral,0.999,2026-03-11T14:00:48.257850,0.4975182970043902,2026-03-11T14:00:48.061000,74,,,errors=Vehicle collision
participant_08,3,day,Town10HD_Opt,2026-03-11 14:00:49.237798,69.39639282226562,25.34478759765625,0.0057052229531109,0.005,0.653,0.0,0.0,0,0,1,,1.0,2026-03-11T14:00:49.237798,neutral,0.999,2026-03-11T14:00:48.257850,0.4458223952939901,2026-03-11T14:00:49.232000,77,,,
participant_08,3,day,Town10HD_Opt,2026-03-11 14:00:50.168104,69.86164093017578,25.30793190002441,0.0032794189173728,6.848,0.653,0.806,0.0,0,0,1,,0.832,2026-03-11T14:00:50.168104,neutral,0.999,2026-03-11T14:00:48.257850,0.3705382829986306,2026-03-11T14:00:50.130000,75,,,
participant_08,3,day,Town10HD_Opt,2026-03-11 14:00:51.153675,71.74654388427734,25.164213180541992,0.0025133132003247,15.501,0.653,0.979,0.0,0,0,1,,0.838,2026-03-11T14:00:51.153675,neutral,0.999,2026-03-11T14:00:51.153675,0.3842148021357687,2026-03-11T14:00:51.349000,76,,,errors=Vehicle collision
participant_08,3,day,Town10HD_Opt,2026-03-11 14:00:52.137152,75.00212860107422,24.92348289489746,0.0019242477137595,21.831,0.653,0.968,0.0,0,0,1,,0.839,2026-03-11T14:00:52.137152,neutral,0.999,2026-03-11T14:00:51.153675,0.2917963893238446,2026-03-11T14:00:52.471000,76,,,
participant_08,3,day,Town10HD_Opt,2026-03-11 14:00:53.084250,79.49284362792969,24.77812767028809,0.002403526334092,31.286,0.86,0.867,0.0,0,0,1,,1.0,2026-03-11T14:00:53.084250,neutral,0.999,2026-03-11T14:00:51.153675,0.304811015868872,2026-03-11T14:00:53.505000,74,,,
participant_08,3,day,Town10HD_Opt,2026-03-11 14:00:54.301795,87.08245086669922,25.15501976013184,0.0022357939742505,28.847,-2.97,0.118,0.0,0,0,1,,1.0,2026-03-11T14:00:54.301795,neutral,1.0,2026-03-11T14:00:54.301795,0.2568724129803119,2026-03-11T14:00:54.134000,75,,,
participant_08,3,day,Town10HD_Opt,2026-03-11 14:00:55.272863,91.775634765625,24.97013664245605,0.0021313475444912,25.499,-11.0,0.296,0.0,0,0,1,,1.0,2026-03-11T14:00:55.272863,neutral,1.0,2026-03-11T14:00:54.301795,0.3923422323914514,2026-03-11T14:00:54.945000,72,,,
participant_08,3,day,Town10HD_Opt,2026-03-11 14:00:56.209335,95.89057159423828,23.66517448425293,0.0021012115757912,24.328,-16.99,0.356,0.0,0,0,1,,1.0,2026-03-11T14:00:56.209335,neutral,1.0,2026-03-11T14:00:54.301795,0.2896012988795089,2026-03-11T14:00:56.025000,72,,,
participant_08,3,day,Town10HD_Opt,2026-03-11 14:00:57.157569,99.30176544189452,21.14289093017578,0.0020570755004882,24.395,-10.562,0.35,0.0,0,0,1,,1.0,2026-03-11T14:00:57.157569,neutral,1.0,2026-03-11T14:00:57.157569,0.2681351845378102,2026-03-11T14:00:56.971000,72,,,
participant_08,3,day,Town10HD_Opt,2026-03-11 14:00:58.347450,102.86038208007812,16.732927322387695,0.0046013640239834,24.342,-8.582,0.339,0.0,0,0,1,,1.0,2026-03-11T14:00:58.347450,neutral,1.0,2026-03-11T14:00:57.157569,0.2153928533112333,2026-03-11T14:00:57.960000,71,,,
participant_08,3,day,Town10HD_Opt,2026-03-11 14:00:59.289115,104.6259765625,12.89680004119873,0.0019021987682208,25.033,-12.604,0.821,0.0,0,0,1,,1.0,2026-03-11T14:00:59.289115,neutral,1.0,2026-03-11T14:00:59.289115,0.2628942112694113,2026-03-11T14:00:59.175000,71,,,
participant_08,3,day,Town10HD_Opt,2026-03-11 14:01:00.297836,105.67321014404295,7.714914321899414,0.0015982437180355,37.89,-3.714,1.0,0.0,0,0,1,,1.0,2026-03-11T14:01:00.297836,neutral,1.0,2026-03-11T14:00:59.289115,0.2568865228325588,2026-03-11T14:01:00.030000,72,,,
participant_08,3,day,Town10HD_Opt,2026-03-11 14:01:01.275347,106.33106231689452,-0.0457124710083007,0.0015618514735251,52.606,-1.92,0.0,0.229,0,0,1,,1.0,2026-03-11T14:01:01.275347,neutral,1.0,2026-03-11T14:00:59.289115,0.2788827484770169,2026-03-11T14:01:00.930000,71,,,
participant_08,3,day,Town10HD_Opt,2026-03-11 14:01:02.269703,106.4570770263672,-8.872549057006836,0.0019998550415039,50.751,0.282,0.0,0.0,0,0,1,,1.0,2026-03-11T14:01:02.269703,neutral,1.0,2026-03-11T14:01:02.269703,0.2344044238137217,2026-03-11T14:01:01.965000,74,,,
participant_08,3,day,Town10HD_Opt,2026-03-11 14:01:03.254132,106.50524139404295,-17.644548416137695,0.0020127487368881,50.491,-1.528,0.83,0.0,0,0,1,,0.829,2026-03-11T14:01:03.254132,neutral,1.0,2026-03-11T14:01:02.269703,0.2334546626517008,2026-03-11T14:01:03.180000,72,,,
participant_08,3,day,Town10HD_Opt,2026-03-11 14:01:04.134200,106.2239227294922,-26.39268684387207,0.002062072744593,49.727,-2.076,0.809,0.0,0,0,1,,1.0,2026-03-11T14:01:04.134200,neutral,1.0,2026-03-11T14:01:02.269703,0.2354285153670685,2026-03-11T14:01:03.946000,73,,,
participant_08,3,day,Town10HD_Opt,2026-03-11 14:01:05.338449,104.35431671142578,-37.8341064453125,0.0019577406346797,50.687,-7.663,0.788,0.0,0,0,1,,1.0,2026-03-11T14:01:05.338449,neutral,1.0,2026-03-11T14:01:05.338449,0.2503751111751732,2026-03-11T14:01:05.115000,73,,,
participant_08,3,day,Town10HD_Opt,2026-03-11 14:01:06.285104,100.61185455322266,-45.66951370239258,0.0020368576515465,49.433,-4.374,0.897,0.0,0,0,1,,1.0,2026-03-11T14:01:06.285104,neutral,1.0,2026-03-11T14:01:05.338449,0.2658321670029618,2026-03-11T14:01:05.970000,72,,,
participant_08,3,day,Town10HD_Opt,2026-03-11 14:01:07.191018,95.3285903930664,-52.62657165527344,0.0020172882359474,50.152,-6.417,1.0,0.0,0,0,1,,0.836,2026-03-11T14:01:07.191018,neutral,1.0,2026-03-11T14:01:05.338449,0.3118112551718046,2026-03-11T14:01:06.960000,71,,,
participant_08,3,day,Town10HD_Opt,2026-03-11 14:01:08.122193,88.5662612915039,-58.18300247192383,0.0020494079217314,50.202,-6.028,0.924,0.0,0,0,1,,1.0,2026-03-11T14:01:08.122193,neutral,0.998,2026-03-11T14:01:08.122193,0.3093454106777857,2026-03-11T14:01:08.041000,72,,,
participant_08,3,day,Town10HD_Opt,2026-03-11 14:01:09.338025,77.790283203125,-62.66482162475586,0.0018459319835528,52.132,-4.32,0.0,0.213,0,0,1,,1.0,2026-03-11T14:01:09.338025,neutral,0.998,2026-03-11T14:01:08.122193,0.2514299310495586,2026-03-11T14:01:09.120000,71,,,
participant_08,3,day,Town10HD_Opt,2026-03-11 14:01:10.344786,69.11882781982422,-64.16545104980469,0.0018824386643245,52.138,-2.292,0.0,0.214,0,0,1,,1.0,2026-03-11T14:01:10.344786,neutral,1.0,2026-03-11T14:01:10.344786,0.3591627199326065,2026-03-11T14:01:09.930000,74,,,
participant_08,3,day,Town10HD_Opt,2026-03-11 14:01:11.294267,60.37164306640625,-64.75334167480469,0.0019330214709043,51.371,-0.933,0.0,0.137,0,0,1,,1.0,2026-03-11T14:01:11.294267,neutral,1.0,2026-03-11T14:01:10.344786,0.2791735703290627,2026-03-11T14:01:10.966000,74,,,
participant_08,3,day,Town10HD_Opt,2026-03-11 14:01:12.261201,51.66474151611328,-64.90290069580078,0.001975402701646,50.178,-0.884,0.687,0.0,0,0,1,,1.0,2026-03-11T14:01:12.261201,neutral,1.0,2026-03-11T14:01:10.344786,0.2823717344450396,2026-03-11T14:01:12.135000,72,,,
participant_08,3,day,Town10HD_Opt,2026-03-11 14:01:13.201449,43.0008544921875,-64.8013916015625,0.0021135329734534,48.118,0.721,0.481,0.0,0,0,1,,1.0,2026-03-11T14:01:13.201449,neutral,1.0,2026-03-11T14:01:13.201449,0.292429387455905,2026-03-11T14:01:13.035000,72,,,
participant_08,3,day,Town10HD_Opt,2026-03-11 14:01:14.185667,34.66073226928711,-64.77985382080078,0.0020869825966656,46.998,-0.458,0.428,0.0,0,0,1,,1.0,2026-03-11T14:01:14.185667,neutral,1.0,2026-03-11T14:01:13.201449,0.3100498526976821,2026-03-11T14:01:13.936000,74,,,
participant_08,3,day,Town10HD_Opt,2026-03-11 14:01:15.098901,26.562049865722656,-64.67530059814453,0.0020995712839066,45.28,0.045,0.314,0.0,0,0,1,,1.0,2026-03-11T14:01:15.098901,neutral,1.0,2026-03-11T14:01:13.201449,0.2987343464679323,2026-03-11T14:01:15.015000,74,,,
participant_08,3,day,Town10HD_Opt,2026-03-11 14:01:16.096073,19.2591495513916,-64.56745147705078,0.0023461531382054,36.518,0.247,0.0,0.0,0,0,1,,1.0,2026-03-11T14:01:16.096073,neutral,1.0,2026-03-11T14:01:16.096073,0.2168036251768079,2026-03-11T14:01:16.095000,73,,,
participant_08,3,day,Town10HD_Opt,2026-03-11 14:01:17.069098,13.548672676086426,-64.51602172851562,0.0023064422421157,28.214,0.315,0.0,0.0,0,0,1,,1.0,2026-03-11T14:01:17.069098,neutral,1.0,2026-03-11T14:01:16.096073,0.2041907779753526,2026-03-11T14:01:16.951000,73,,,
participant_08,3,day,Town10HD_Opt,2026-03-11 14:01:18.290106,7.965943336486816,-64.51158905029297,0.0022481156047433,19.361,-0.146,0.0,0.0,0,0,1,,1.0,2026-03-11T14:01:18.290106,neutral,1.0,2026-03-11T14:01:18.290106,0.1459280088204084,2026-03-11T14:01:17.941000,72,,,
participant_08,3,day,Town10HD_Opt,2026-03-11 14:01:19.301438,4.781659126281738,-64.50822448730469,0.0020862577948719,18.731,0.092,0.838,0.0,0,0,1,,1.0,2026-03-11T14:01:19.301438,neutral,1.0,2026-03-11T14:01:18.290106,0.2039037629542376,2026-03-11T14:01:19.066000,71,,,
participant_08,3,day,Town10HD_Opt,2026-03-11 14:01:20.258797,0.6344618797302246,-64.52033233642578,0.0016552733723074,30.319,0.289,0.813,0.0,0,0,1,,1.0,2026-03-11T14:01:20.258797,neutral,1.0,2026-03-11T14:01:18.290106,0.2037153793689069,2026-03-11T14:01:20.055000,71,,,
participant_08,3,day,Town10HD_Opt,2026-03-11 14:01:21.220243,-5.016425609588623,-64.56925201416016,0.0021589659154415,30.294,0.176,0.0,0.0,0,0,1,,1.0,2026-03-11T14:01:21.220243,neutral,1.0,2026-03-11T14:01:21.220243,0.1959256889472063,2026-03-11T14:01:21.136000,70,,,
participant_08,3,day,Town10HD_Opt,2026-03-11 14:01:22.170905,-9.74074649810791,-64.6325912475586,0.002268829382956,23.128,0.176,0.0,0.0,0,0,1,,1.0,2026-03-11T14:01:22.170905,neutral,1.0,2026-03-11T14:01:21.220243,0.1582643025069578,2026-03-11T14:01:21.991000,71,,,
participant_08,3,day,Town10HD_Opt,2026-03-11 14:01:23.093742,-13.305557250976562,-64.69456481933594,0.0020475005730986,17.508,0.176,0.0,0.0,0,0,1,,1.0,2026-03-11T14:01:23.093742,neutral,1.0,2026-03-11T14:01:21.220243,0.1661400532846144,2026-03-11T14:01:23.070000,70,,,
participant_08,3,day,Town10HD_Opt,2026-03-11 14:01:24.306691,-16.810161590576172,-64.76803588867188,0.002036819467321,12.378,0.176,0.0,0.0,0,0,1,,1.0,2026-03-11T14:01:24.306691,neutral,1.0,2026-03-11T14:01:24.306691,0.0706769300074992,2026-03-11T14:01:24.016000,71,,,
participant_08,3,day,Town10HD_Opt,2026-03-11 14:01:25.232973,-18.73851776123047,-64.81364440917969,0.0020099638495594,9.508,0.176,0.0,0.0,0,0,1,,1.0,2026-03-11T14:01:25.232973,neutral,1.0,2026-03-11T14:01:24.306691,0.1284358893136289,2026-03-11T14:01:25.051000,70,,,
participant_08,3,day,Town10HD_Opt,2026-03-11 14:01:26.171288,-20.219215393066406,-64.8511734008789,0.001989021198824,7.194,0.176,0.0,0.0,0,0,1,,1.0,2026-03-11T14:01:26.171288,neutral,1.0,2026-03-11T14:01:24.306691,0.1537641342401649,2026-03-11T14:01:26.086000,71,,,
participant_08,3,day,Town10HD_Opt,2026-03-11 14:01:27.102806,-21.35599899291992,-64.88150787353516,0.0019728087354451,5.605,0.176,0.0,0.0,0,0,1,,1.0,2026-03-11T14:01:27.102806,neutral,0.998,2026-03-11T14:01:27.102806,0.2647441809848951,2026-03-11T14:01:27.031000,69,,,
participant_08,3,day,Town10HD_Opt,2026-03-11 14:01:28.245569,-22.471967697143555,-64.91258239746094,0.0019567869603633,3.826,0.176,0.0,0.0,0,0,1,,1.0,2026-03-11T14:01:28.245569,neutral,0.998,2026-03-11T14:01:27.102806,0.2520191008252782,2026-03-11T14:01:27.930000,70,,,
participant_08,3,day,Town10HD_Opt,2026-03-11 14:01:29.195010,-23.08542251586914,-64.9301986694336,0.0019480895716696,3.025,0.176,0.0,0.0,0,0,1,,1.0,2026-03-11T14:01:29.195010,neutral,1.0,2026-03-11T14:01:29.195010,0.283561216795256,2026-03-11T14:01:29.055000,69,,,
participant_08,3,day,Town10HD_Opt,2026-03-11 14:01:30.120625,-23.556360244750977,-64.94398498535156,0.0019413756672292,2.322,0.176,0.0,0.0,0,0,1,,1.0,2026-03-11T14:01:30.120625,neutral,1.0,2026-03-11T14:01:29.195010,0.2496286346838069,2026-03-11T14:01:30.360000,69,,,
participant_08,3,day,Town10HD_Opt,2026-03-11 14:01:31.280784,-24.23341941833496,-64.96398162841797,0.0016004561912268,8.386,0.176,0.952,0.0,0,0,1,,1.0,2026-03-11T14:01:31.280784,neutral,1.0,2026-03-11T14:01:31.280784,0.2792665183295637,2026-03-11T14:01:30.947000,70,,,
participant_08,3,day,Town10HD_Opt,2026-03-11 14:01:32.192457,-26.89924049377441,-65.05355834960938,0.0017271422548219,22.45,0.493,1.0,0.0,0,0,1,,1.0,2026-03-11T14:01:32.192457,neutral,1.0,2026-03-11T14:01:31.280784,0.3501267085773141,2026-03-11T14:01:32.116000,71,,,
participant_08,3,day,Town10HD_Opt,2026-03-11 14:01:33.124834,-32.13074493408203,-65.26644134521484,0.0015123748453333,38.814,0.007,1.0,0.0,0,0,1,,1.0,2026-03-11T14:01:33.124834,neutral,1.0,2026-03-11T14:01:31.280784,0.4168599600812503,2026-03-11T14:01:33.016000,70,,,
participant_08,3,day,Town10HD_Opt,2026-03-11 14:01:34.341260,-43.13551330566406,-65.7388687133789,0.00195690151304,50.653,0.019,0.0,0.124,0,0,1,,1.0,2026-03-11T14:01:34.341260,neutral,0.978,2026-03-11T14:01:34.341260,0.3739904653710155,2026-03-11T14:01:33.961000,71,,,
participant_08,3,day,Town10HD_Opt,2026-03-11 14:01:35.273321,-51.75332260131836,-66.11803436279297,0.0018354033818468,51.77,0.038,0.0,0.177,0,0,1,,1.0,2026-03-11T14:01:35.273321,neutral,0.978,2026-03-11T14:01:34.341260,0.4788077710206211,2026-03-11T14:01:35.029000,68,,,
participant_08,3,day,Town10HD_Opt,2026-03-11 14:01:36.180368,-60.49123001098633,-66.50434875488281,0.0018816374940797,51.775,-0.665,0.0,0.163,0,0,1,,1.0,2026-03-11T14:01:36.180368,neutral,0.978,2026-03-11T14:01:34.341260,0.4030050108168024,2026-03-11T14:01:36.030000,69,,,
participant_08,3,day,Town10HD_Opt,2026-03-11 14:01:37.082441,-69.20122528076172,-66.67586517333984,0.0019321822328493,51.243,-2.791,0.0,0.124,0,0,1,,1.0,2026-03-11T14:01:37.082441,neutral,1.0,2026-03-11T14:01:37.082441,0.4676776050273362,2026-03-11T14:01:37.291000,70,,,
participant_08,3,day,Town10HD_Opt,2026-03-11 14:01:38.340750,-80.83402252197266,-65.24861907958984,0.001958503620699,50.756,-7.047,0.0,0.0,0,0,1,,1.0,2026-03-11T14:01:38.340750,neutral,1.0,2026-03-11T14:01:37.082441,0.424124916347802,2026-03-11T14:01:38.011000,71,,,
participant_08,3,day,Town10HD_Opt,2026-03-11 14:01:39.314119,-88.8005142211914,-61.76890182495117,0.0019271849887445,50.932,-6.128,0.0,0.0,0,0,1,,1.0,2026-03-11T14:01:39.314119,neutral,0.999,2026-03-11T14:01:39.314119,0.5062207114547046,2026-03-11T14:01:38.958000,71,,,
participant_08,3,day,Town10HD_Opt,2026-03-11 14:01:40.220103,-95.6519546508789,-56.438133239746094,0.0018954466795548,51.276,-4.534,0.0,0.128,0,0,1,,1.0,2026-03-11T14:01:40.220103,neutral,0.999,2026-03-11T14:01:39.314119,0.5380680603188543,2026-03-11T14:01:40.126000,72,,,
participant_08,3,day,Town10HD_Opt,2026-03-11 14:01:41.202128,-101.38191223144533,-49.83357238769531,0.0018424605950713,52.31,-4.44,0.0,0.235,0,0,1,,1.0,2026-03-11T14:01:41.202128,neutral,0.999,2026-03-11T14:01:39.314119,0.4899727384169218,2026-03-11T14:01:40.984000,71,,,
participant_08,3,day,Town10HD_Opt,2026-03-11 14:01:42.190305,-105.7894515991211,-42.29572677612305,0.0019019698956981,51.782,-4.627,0.0,0.131,0,0,1,,1.0,2026-03-11T14:01:42.190305,neutral,0.999,2026-03-11T14:01:42.190305,0.4431930770495847,2026-03-11T14:01:41.970000,71,,,
participant_08,3,day,Town10HD_Opt,2026-03-11 14:01:43.137334,-108.73416137695312,-34.06269836425781,0.002005310030654,50.32,-3.877,0.719,0.0,0,0,1,,1.0,2026-03-11T14:01:43.137334,neutral,0.999,2026-03-11T14:01:42.190305,0.4349748725233335,2026-03-11T14:01:42.961000,74,,,
participant_08,3,day,Town10HD_Opt,2026-03-11 14:01:44.090138,-110.23794555664062,-25.59561920166016,0.0022782515734434,45.634,-3.745,0.0,0.0,0,0,1,,1.0,2026-03-11T14:01:44.090138,neutral,0.999,2026-03-11T14:01:42.190305,0.4476971072388371,2026-03-11T14:01:44.175000,72,,,
participant_08,3,day,Town10HD_Opt,2026-03-11 14:01:45.349477,-110.51278686523438,-16.681575775146484,0.002395172137767,30.451,1.375,0.0,0.349,0,0,1,,1.0,2026-03-11T14:01:45.349477,neutral,0.997,2026-03-11T14:01:45.349477,0.4626528777284709,2026-03-11T14:01:45.121000,72,,,
participant_08,3,day,Town10HD_Opt,2026-03-11 14:01:46.313045,-110.61014556884766,-12.11060905456543,0.0023356245364993,21.227,-1.093,0.0,0.315,0,0,1,,1.0,2026-03-11T14:01:46.313045,neutral,0.997,2026-03-11T14:01:45.349477,0.463318143085363,2026-03-11T14:01:46.065000,73,,,
participant_08,3,day,Town10HD_Opt,2026-03-11 14:01:47.272889,-110.64607238769533,-8.946698188781738,0.0020365142263472,15.411,-1.523,0.068,0.0,0,0,1,,1.0,2026-03-11T14:01:47.272889,neutral,0.997,2026-03-11T14:01:45.349477,0.5336554303854446,2026-03-11T14:01:46.962000,76,,,
participant_08,3,day,Town10HD_Opt,2026-03-11 14:01:48.205828,-110.6310806274414,-5.931390762329102,0.001851386972703,22.377,0.625,1.0,0.0,0,0,1,,1.0,2026-03-11T14:01:48.205828,neutral,1.0,2026-03-11T14:01:48.205828,0.486833647873884,2026-03-11T14:01:48.135000,73,,,
participant_08,3,day,Town10HD_Opt,2026-03-11 14:01:49.218001,-110.67585754394533,-0.7109928131103516,0.0015340042300522,39.152,0.308,0.937,0.0,0,0,1,,1.0,2026-03-11T14:01:49.218001,neutral,1.0,2026-03-11T14:01:48.205828,0.5033934581841503,2026-03-11T14:01:48.947000,74,,,
participant_08,3,day,Town10HD_Opt,2026-03-11 14:01:50.186118,-110.74854278564452,7.001806259155273,0.0016696548555046,49.623,-3.938,0.69,0.0,0,0,1,,1.0,2026-03-11T14:01:50.186118,neutral,1.0,2026-03-11T14:01:48.205828,0.4294593078526563,2026-03-11T14:01:49.981000,72,,,
participant_08,3,day,Town10HD_Opt,2026-03-11 14:01:51.167661,-109.22698211669922,15.373476028442385,0.002376785269007,43.319,-16.955,0.0,0.0,0,0,1,,1.0,2026-03-11T14:01:51.167661,neutral,0.999,2026-03-11T14:01:51.167661,0.46280380477472,2026-03-11T14:01:51.015000,73,,,
participant_08,3,day,Town10HD_Opt,2026-03-11 14:01:52.254730,-104.9605712890625,20.39014434814453,0.0024018478579819,32.549,-11.646,0.0,0.0,0,0,1,,1.0,2026-03-11T14:01:52.254730,neutral,0.999,2026-03-11T14:01:51.167661,0.5019452752011384,2026-03-11T14:01:51.961000,74,,,
participant_08,3,day,Town10HD_Opt,2026-03-11 14:01:53.324054,-100.14307403564452,22.87206649780273,0.0018829726614058,34.373,-9.938,0.969,0.0,0,0,1,,1.0,2026-03-11T14:01:53.324054,neutral,0.997,2026-03-11T14:01:53.324054,0.4596389455667379,2026-03-11T14:01:53.040000,75,,,
participant_08,3,day,Town10HD_Opt,2026-03-11 14:01:54.087729,-95.83175659179688,23.96560287475586,0.0016860198229551,41.981,-4.735,0.391,0.0,0,0,1,,1.0,2026-03-11T14:01:54.087729,neutral,0.997,2026-03-11T14:01:53.324054,0.4888428090612293,2026-03-11T14:01:53.988000,75,,,
participant_08,3,day,Town10HD_Opt,2026-03-11 14:01:55.121593,-88.337890625,24.97592544555664,0.0017764281947165,47.519,-0.9,1.0,0.0,0,0,1,,1.0,2026-03-11T14:01:55.121593,neutral,0.997,2026-03-11T14:01:53.324054,0.4581312665780681,2026-03-11T14:01:54.976000,74,,,
participant_08,3,day,Town10HD_Opt,2026-03-11 14:01:56.158167,-79.59014892578125,25.77286720275879,0.0021966171916574,48.358,-0.475,0.966,0.0,0,0,1,,1.0,2026-03-11T14:01:56.158167,neutral,0.997,2026-03-11T14:01:56.158167,0.5170621754483578,2026-03-11T14:01:56.371000,74,,,
participant_08,3,day,Town10HD_Opt,2026-03-11 14:01:57.117913,-70.83345794677734,26.37302589416504,0.0021925354376435,48.696,-0.505,1.0,0.0,0,0,1,,1.0,2026-03-11T14:01:57.117913,neutral,0.997,2026-03-11T14:01:56.158167,0.4698118485479044,2026-03-11T14:01:56.371000,76,,,
participant_08,3,day,Town10HD_Opt,2026-03-11 14:01:58.067860,-62.0010871887207,26.79226493835449,0.0021579742897301,49.104,-0.498,0.973,0.0,0,0,1,,1.0,2026-03-11T14:01:58.067860,neutral,0.997,2026-03-11T14:01:56.158167,0.4448354968830327,2026-03-11T14:01:56.371000,76,,,
participant_08,3,day,Town10HD_Opt,2026-03-11 14:01:59.336552,-50.368309020996094,27.058263778686523,0.0021708679851144,48.927,-0.498,0.911,0.0,0,0,1,,1.0,2026-03-11T14:01:59.336552,neutral,0.992,2026-03-11T14:01:59.336552,0.4815775113972576,2026-03-11T14:01:56.371000,74,,,
participant_08,3,day,Town10HD_Opt,2026-03-11 14:02:00.332491,-41.59101486206055,27.04767608642578,0.0021500778384506,49.237,-0.026,0.891,0.0,0,0,1,,1.0,2026-03-11T14:02:00.332491,neutral,0.992,2026-03-11T14:01:59.336552,0.4816792884028523,2026-03-11T14:01:56.371000,74,,,
participant_08,3,day,Town10HD_Opt,2026-03-11 14:02:01.283064,-32.7906379699707,26.960336685180664,0.0021534727420657,49.369,0.073,1.0,0.0,0,0,1,,1.0,2026-03-11T14:02:01.283064,neutral,0.992,2026-03-11T14:01:59.336552,0.5075809769819865,2026-03-11T14:01:56.371000,74,,,
participant_08,3,day,Town10HD_Opt,2026-03-11 14:02:02.244396,-23.973886489868164,26.892337799072266,0.0022198485676199,48.334,0.073,0.953,0.0,0,0,1,,1.0,2026-03-11T14:02:02.244396,neutral,1.0,2026-03-11T14:02:02.244396,0.4202467824703486,2026-03-11T14:01:56.371000,74,,,
participant_08,3,day,Town10HD_Opt,2026-03-11 14:02:03.203410,-15.216958999633787,26.84381484985352,0.0022018051240593,48.34,-0.089,0.911,0.0,0,0,1,,1.0,2026-03-11T14:02:03.203410,neutral,1.0,2026-03-11T14:02:02.244396,0.4319626872439905,2026-03-11T14:01:56.371000,75,,,
participant_08,3,day,Town10HD_Opt,2026-03-11 14:02:04.123327,-6.478229999542236,26.771041870117188,0.0021740722004324,48.716,-0.115,0.873,0.0,0,0,1,,1.0,2026-03-11T14:02:04.123327,neutral,1.0,2026-03-11T14:02:02.244396,0.4785118677389774,2026-03-11T14:01:56.371000,74,,,
participant_08,3,day,Town10HD_Opt,2026-03-11 14:02:05.339561,5.065928936004639,26.61075782775879,0.0021589279640465,47.146,-0.136,0.0,0.0,0,0,1,,1.0,2026-03-11T14:02:05.339561,neutral,0.998,2026-03-11T14:02:05.339561,0.4471622459724235,2026-03-11T14:01:56.371000,74,,,
participant_08,3,day,Town10HD_Opt,2026-03-11 14:02:06.259448,12.528103828430176,26.471662521362305,0.0023664855398237,37.075,0.416,0.0,0.016,0,0,1,,1.0,2026-03-11T14:02:06.259448,neutral,0.998,2026-03-11T14:02:05.339561,0.4748733176663034,2026-03-11T14:01:56.371000,75,,,
participant_08,3,day,Town10HD_Opt,2026-03-11 14:02:07.181523,18.32229423522949,26.4326171875,0.0023109053727239,28.631,1.434,0.0,0.0,0,0,1,,1.0,2026-03-11T14:02:07.181523,neutral,0.998,2026-03-11T14:02:05.339561,0.4786430083715409,2026-03-11T14:01:56.371000,71,,,
participant_08,3,day,Town10HD_Opt,2026-03-11 14:02:08.123847,22.76409339904785,26.56814384460449,0.0022640989627689,21.708,2.73,0.0,0.0,0,0,1,,1.0,2026-03-11T14:02:08.123847,neutral,1.0,2026-03-11T14:02:08.123847,0.4326782388732631,2026-03-11T14:01:56.371000,74,,,
participant_08,3,day,Town10HD_Opt,2026-03-11 14:02:09.178155,26.09993553161621,26.867387771606445,0.0019668578170239,16.59,3.947,0.007,0.0,0,0,1,,1.0,2026-03-11T14:02:09.178155,neutral,1.0,2026-03-11T14:02:08.123847,0.4801545554064588,2026-03-11T14:01:56.371000,74,,,
participant_08,3,day,Town10HD_Opt,2026-03-11 14:02:10.147824,28.664072036743164,27.29550170898437,0.002033157274127,12.97,5.86,0.019,0.0,0,0,1,,1.0,2026-03-11T14:02:10.147824,neutral,0.98,2026-03-11T14:02:10.147824,0.4476451574644133,2026-03-11T14:01:56.371000,75,,,
participant_08,3,day,Town10HD_Opt,2026-03-11 14:02:11.125409,30.643707275390625,27.79496955871582,0.0019955444149672,10.297,6.201,0.04,0.0,0,0,1,,1.0,2026-03-11T14:02:11.125409,neutral,0.98,2026-03-11T14:02:10.147824,0.4057285140523139,2026-03-11T14:01:56.371000,76,,,
participant_08,3,day,Town10HD_Opt,2026-03-11 14:02:12.354044,33.026329040527344,28.61351585388184,0.0017991255735978,13.091,8.904,0.318,0.0,0,0,1,,1.0,2026-03-11T14:02:12.354044,neutral,0.999,2026-03-11T14:02:12.354044,0.4683720203626156,2026-03-11T14:01:56.371000,74,,,
participant_08,3,day,Town10HD_Opt,2026-03-11 14:02:13.136344,34.5289421081543,29.355932235717773,0.0017319869948551,17.186,15.62,0.829,0.0,0,0,1,,1.0,2026-03-11T14:02:13.136344,neutral,0.999,2026-03-11T14:02:12.354044,0.4524484606390955,2026-03-11T14:01:56.371000,73,,,
participant_08,3,day,Town10HD_Opt,2026-03-11 14:02:14.115299,37.361141204833984,31.78276824951172,0.0017670821398496,26.946,21.603,0.783,0.0,0,0,1,,1.0,2026-03-11T14:02:14.115299,neutral,0.999,2026-03-11T14:02:12.354044,0.4435097273125667,2026-03-11T14:01:56.371000,75,,,
participant_08,3,day,Town10HD_Opt,2026-03-11 14:02:15.132631,39.59666442871094,36.595340728759766,0.0018663787050172,34.332,15.009,0.514,0.0,0,0,1,,1.0,2026-03-11T14:02:15.132631,neutral,0.998,2026-03-11T14:02:15.132631,0.473190218257707,2026-03-11T14:01:56.371000,74,,,
participant_08,3,day,Town10HD_Opt,2026-03-11 14:02:16.169671,40.11050796508789,42.49152374267578,0.0022175216581672,31.006,1.055,0.0,0.0,0,0,1,,1.0,2026-03-11T14:02:16.169671,neutral,0.998,2026-03-11T14:02:15.132631,0.4886601201376598,2026-03-11T14:01:56.371000,76,,,
participant_08,3,day,Town10HD_Opt,2026-03-11 14:02:17.135217,40.25371170043945,47.24370956420898,0.0023274230770766,22.35,0.139,0.0,0.333,0,0,1,,1.0,2026-03-11T14:02:17.135217,neutral,0.998,2026-03-11T14:02:17.135217,0.4467227842560962,2026-03-11T14:01:56.371000,75,,,
participant_08,3,day,Town10HD_Opt,2026-03-11 14:02:18.336642,40.357513427734375,51.37265396118164,0.0020992278587073,13.112,1.137,0.0,0.301,0,0,1,,1.0,2026-03-11T14:02:18.336642,neutral,0.998,2026-03-11T14:02:17.135217,0.50295989851043,2026-03-11T14:01:56.371000,73,,,
participant_08,3,day,Town10HD_Opt,2026-03-11 14:02:19.304921,40.36910629272461,53.25727844238281,0.0020442199893295,8.706,0.757,0.0,0.0,0,0,1,,1.0,2026-03-11T14:02:19.304921,neutral,0.999,2026-03-11T14:02:19.304921,0.43125269491037,2026-03-11T14:01:56.371000,74,,,
participant_08,3,day,Town10HD_Opt,2026-03-11 14:02:20.257557,40.38556671142578,55.03256607055664,0.001574287423864,15.93,-2.6,0.985,0.0,0,0,1,,1.0,2026-03-11T14:02:20.257557,neutral,0.999,2026-03-11T14:02:19.304921,0.4466691605752311,2026-03-11T14:01:56.371000,76,,,
participant_08,3,day,Town10HD_Opt,2026-03-11 14:02:21.159849,40.66976547241211,58.83203125,0.0016096878098323,29.2,-8.105,0.902,0.0,0,0,1,,1.0,2026-03-11T14:02:21.159849,neutral,0.999,2026-03-11T14:02:19.304921,0.5284245332170937,2026-03-11T14:01:56.371000,74,,,
participant_08,3,day,Town10HD_Opt,2026-03-11 14:02:22.360494,44.0521240234375,66.48189544677734,0.0017734909197315,43.323,-19.467,0.84,0.0,0,0,1,,1.0,2026-03-11T14:02:22.360494,neutral,1.0,2026-03-11T14:02:22.360494,0.4374378677499358,2026-03-11T14:01:56.371000,75,,,
participant_08,3,day,Town10HD_Opt,2026-03-11 14:02:23.255058,51.13447189331055,70.1923599243164,0.0018754195189103,49.505,-15.233,0.713,0.0,0,0,1,,1.0,2026-03-11T14:02:23.255058,neutral,1.0,2026-03-11T14:02:22.360494,0.4682848217742655,2026-03-11T14:01:56.371000,74,,,
participant_08,3,day,Town10HD_Opt,2026-03-11 14:02:24.177880,59.7900505065918,69.76881408691406,0.0021090316586196,48.741,2.633,0.421,0.0,0,0,1,,1.0,2026-03-11T14:02:24.177880,neutral,1.0,2026-03-11T14:02:22.360494,0.4383443318119185,2026-03-11T14:01:56.371000,76,,,errors=Solid line crossing
participant_08,3,day,Town10HD_Opt,2026-03-11 14:02:25.084796,67.96259307861328,68.83442687988281,0.0022935485467314,42.788,4.806,0.0,0.0,0,0,1,,1.0,2026-03-11T14:02:25.084796,neutral,0.996,2026-03-11T14:02:25.084796,0.5267719867461086,2026-03-11T14:01:56.371000,74,,,
participant_08,3,day,Town10HD_Opt,2026-03-11 14:02:26.364691,76.33854675292969,69.24562072753906,0.0023743438068777,28.538,-0.233,0.0,0.3,0,0,1,,1.0,2026-03-11T14:02:26.364691,neutral,0.996,2026-03-11T14:02:25.084796,0.4349949623899139,2026-03-11T14:01:56.371000,75,,,
participant_08,3,day,Town10HD_Opt,2026-03-11 14:02:27.285498,80.602294921875,69.63390350341797,0.0023188018240034,19.413,-1.102,0.0,0.316,0,0,1,,1.0,2026-03-11T14:02:27.285498,neutral,1.0,2026-03-11T14:02:27.285498,0.5363674028286027,2026-03-11T14:01:56.371000,73,,,
participant_08,3,day,Town10HD_Opt,2026-03-11 14:02:28.153325,83.50094604492188,69.8376235961914,0.0021133422851562,12.549,-0.618,0.0,0.44,0,0,1,,1.0,2026-03-11T14:02:28.153325,neutral,1.0,2026-03-11T14:02:27.285498,0.5121795706679817,2026-03-11T14:01:56.371000,73,,,
participant_08,3,day,Town10HD_Opt,2026-03-11 14:02:29.074827,85.26222229003906,69.94859313964844,0.0021187209058552,6.713,-0.468,0.0,0.556,0,0,1,,1.0,2026-03-11T14:02:29.074827,neutral,1.0,2026-03-11T14:02:27.285498,0.4855377572322709,2026-03-11T14:01:56.371000,76,,,
participant_08,3,day,Town10HD_Opt,2026-03-11 14:02:30.249212,85.51071166992188,69.9636459350586,0.0019449614919722,0.0,-0.233,0.0,0.465,0,0,1,,1.0,2026-03-11T14:02:30.249212,neutral,1.0,2026-03-11T14:02:30.249212,0.5033691346463753,2026-03-11T14:01:56.371000,73,,,
participant_08,3,day,Town10HD_Opt,2026-03-11 14:02:31.123378,85.5107421875,69.9636459350586,0.0019202422117814,0.0,2.21,0.0,0.0,0,0,1,,1.0,2026-03-11T14:02:31.123378,neutral,1.0,2026-03-11T14:02:30.249212,0.5471866583283851,2026-03-11T14:01:56.371000,75,,,
participant_08,3,day,Town10HD_Opt,2026-03-11 14:02:32.286755,85.58978271484375,69.97441101074219,0.0019017410231754,0.905,9.507,0.874,0.0,0,0,1,,1.0,2026-03-11T14:02:32.286755,neutral,1.0,2026-03-11T14:02:32.286755,0.4475473847723423,2026-03-11T14:01:56.371000,75,,,
participant_08,3,day,Town10HD_Opt,2026-03-11 14:02:33.165636,86.89723205566406,70.20716857910156,0.0014053344493731,16.385,10.478,1.0,0.0,0,0,1,,1.0,2026-03-11T14:02:33.165636,neutral,1.0,2026-03-11T14:02:32.286755,0.4754341963033356,2026-03-11T14:01:56.371000,75,,,
participant_08,3,day,Town10HD_Opt,2026-03-11 14:02:34.361383,92.37348175048828,72.1802749633789,0.0015481949085369,35.763,13.355,0.941,0.0,0,0,1,,1.0,2026-03-11T14:02:34.361383,neutral,0.998,2026-03-11T14:02:34.361383,0.4686153297640557,2026-03-11T14:01:56.371000,75,,,
participant_08,3,day,Town10HD_Opt,2026-03-11 14:02:35.284743,97.56658172607422,77.01618957519531,0.0017073821509256,46.938,18.503,0.915,0.0,0,0,1,,1.0,2026-03-11T14:02:35.284743,neutral,0.998,2026-03-11T14:02:34.361383,0.4377927040431312,2026-03-11T14:01:56.371000,72,,,
participant_08,3,day,Town10HD_Opt,2026-03-11 14:02:36.182818,99.52678680419922,85.37451171875,0.0021231842692941,48.843,4.584,0.909,0.0,0,0,1,,1.0,2026-03-11T14:02:36.182818,neutral,0.998,2026-03-11T14:02:34.361383,0.4525590467964025,2026-03-11T14:01:56.371000,75,,,
participant_08,3,day,Town10HD_Opt,2026-03-11 14:02:37.107577,98.81839752197266,94.1551284790039,0.0021760177332907,48.651,-1.034,0.894,0.0,0,0,1,,1.0,2026-03-11T14:02:37.107577,neutral,1.0,2026-03-11T14:02:37.107577,0.4804210157675621,2026-03-11T14:01:56.371000,72,,,
participant_08,3,day,Town10HD_Opt,2026-03-11 14:02:38.353897,97.17131805419922,105.58499145507812,0.0021327589638531,48.828,6.663,0.984,0.0,0,0,1,,1.0,2026-03-11T14:02:38.353897,neutral,1.0,2026-03-11T14:02:37.107577,0.5591502363765409,2026-03-11T14:01:56.371000,75,,,
participant_08,3,day,Town10HD_Opt,2026-03-11 14:02:39.252173,93.4603042602539,113.53990173339844,0.0022620009258389,47.444,4.291,1.0,0.0,0,0,1,,1.0,2026-03-11T14:02:39.252173,neutral,0.997,2026-03-11T14:02:39.252173,0.42609802604835,2026-03-11T14:01:56.371000,77,,,
participant_08,3,day,Town10HD_Opt,2026-03-11 14:02:40.203052,88.24812316894531,120.56871795654295,0.0021535491105169,48.795,6.462,0.981,0.0,0,0,1,,1.0,2026-03-11T14:02:40.203052,neutral,0.997,2026-03-11T14:02:39.252173,0.4681127762578472,2026-03-11T14:01:56.371000,76,,,
participant_08,3,day,Town10HD_Opt,2026-03-11 14:02:41.069015,81.49916076660156,126.1270751953125,0.002000655978918,51.233,7.368,0.0,0.123,0,0,1,,1.0,2026-03-11T14:02:41.069015,neutral,0.997,2026-03-11T14:02:39.252173,0.4541321582992,2026-03-11T14:01:56.371000,74,,,
participant_08,3,day,Town10HD_Opt,2026-03-11 14:02:42.255555,70.70674133300781,130.50965881347656,0.0021881102584302,48.762,4.551,1.0,0.0,0,0,1,,1.0,2026-03-11T14:02:42.255555,neutral,0.897,2026-03-11T14:02:42.255555,0.4915659859712088,2026-03-11T14:01:56.371000,74,,,
participant_08,3,day,Town10HD_Opt,2026-03-11 14:02:43.160028,62.0340461730957,131.8818359375,0.0021937561687082,48.573,4.459,1.0,0.0,0,0,1,,1.0,2026-03-11T14:02:43.160028,neutral,0.897,2026-03-11T14:02:42.255555,0.4921360749879558,2026-03-11T14:01:56.371000,74,,,
participant_08,3,day,Town10HD_Opt,2026-03-11 14:02:44.346103,50.39864730834961,132.06898498535156,0.002024192828685,50.618,-0.545,1.0,0.0,0,0,1,,1.0,2026-03-11T14:02:44.346103,neutral,0.999,2026-03-11T14:02:44.346103,0.4159366450647789,2026-03-11T14:01:56.371000,73,,,
participant_08,3,day,Town10HD_Opt,2026-03-11 14:02:45.263238,41.60719680786133,132.3148956298828,0.0020244598854333,50.679,0.409,1.0,0.0,0,0,1,,1.0,2026-03-11T14:02:45.263238,neutral,0.999,2026-03-11T14:02:44.346103,0.4757976184076752,2026-03-11T14:01:56.371000,74,,,
participant_08,3,day,Town10HD_Opt,2026-03-11 14:02:46.167646,32.80645751953125,132.43397521972656,0.0020262526813894,50.105,0.414,1.0,0.0,0,0,1,,1.0,2026-03-11T14:02:46.167646,neutral,0.999,2026-03-11T14:02:44.346103,0.3857651497964794,2026-03-11T14:01:56.371000,73,,,
participant_08,3,day,Town10HD_Opt,2026-03-11 14:02:47.345789,21.065629959106445,132.3981170654297,0.0019664764404296,50.382,0.052,0.537,0.0,0,0,1,,1.0,2026-03-11T14:02:47.345789,neutral,0.991,2026-03-11T14:02:47.345789,0.5141003456982918,2026-03-11T14:01:56.371000,73,,,
participant_08,3,day,Town10HD_Opt,2026-03-11 14:02:48.233443,12.812353134155272,132.33465576171875,0.0022724531590938,43.17,0.035,0.202,0.0,0,0,1,,1.0,2026-03-11T14:02:48.233443,neutral,0.991,2026-03-11T14:02:47.345789,0.4000576438209332,2026-03-11T14:01:56.371000,75,,,
participant_08,3,day,Town10HD_Opt,2026-03-11 14:02:49.214609,5.908196926116943,132.2705535888672,0.0023387526161968,34.465,0.035,0.0,0.0,0,0,1,,1.0,2026-03-11T14:02:49.214609,neutral,0.991,2026-03-11T14:02:47.345789,0.4323509967694887,2026-03-11T14:01:56.371000,75,,,
participant_08,3,day,Town10HD_Opt,2026-03-11 14:02:50.145111,0.521729052066803,132.21498107910156,0.0022959518246352,26.118,-0.127,0.0,0.0,0,0,1,,1.0,2026-03-11T14:02:50.145111,neutral,0.999,2026-03-11T14:02:50.145111,0.4863998182884674,2026-03-11T14:01:56.371000,75,Solid line crossing,Solid line crossing,
participant_08,3,day,Town10HD_Opt,2026-03-11 14:02:51.202031,-3.587240219116211,132.18002319335938,0.0022537994664162,19.932,-0.148,0.0,0.0,0,0,1,,1.0,2026-03-11T14:02:51.202031,neutral,0.999,2026-03-11T14:02:50.145111,0.4426195398969257,2026-03-11T14:01:56.371000,74,,,
participant_08,3,day,Town10HD_Opt,2026-03-11 14:02:52.104651,-6.693109512329102,132.16294860839844,0.0020191192161291,15.184,-0.148,0.0,0.0,0,0,1,,1.0,2026-03-11T14:02:52.104651,neutral,0.999,2026-03-11T14:02:50.145111,0.4837112963424425,2026-03-11T14:01:56.371000,73,,,
participant_08,3,day,Town10HD_Opt,2026-03-11 14:02:53.280809,-9.763509750366213,132.15402221679688,0.0020112609490752,11.131,-0.148,0.211,0.0,0,0,1,,1.0,2026-03-11T14:02:53.280809,neutral,0.999,2026-03-11T14:02:53.280809,0.5412529181934518,2026-03-11T14:01:56.371000,74,,,
participant_08,3,day,Town10HD_Opt,2026-03-11 14:02:54.209821,-11.837188720703123,132.15234375,0.0018350600730627,13.315,-0.148,0.336,0.0,0,0,1,,1.0,2026-03-11T14:02:54.209821,neutral,0.999,2026-03-11T14:02:53.280809,0.5117296825041338,2026-03-11T14:01:56.371000,74,,,
participant_08,3,day,Town10HD_Opt,2026-03-11 14:02:55.090489,-14.24028491973877,132.15463256835938,0.0019350051879882,13.87,-0.157,0.925,0.0,0,0,1,,1.0,2026-03-11T14:02:55.090489,neutral,0.999,2026-03-11T14:02:53.280809,0.4495304097424976,2026-03-11T14:01:56.371000,73,,,
participant_08,3,day,Town10HD_Opt,2026-03-11 14:02:56.341147,-19.24937629699707,132.17257690429688,0.0015208434779196,32.334,-0.045,0.999,0.0,0,0,1,,1.0,2026-03-11T14:02:56.341147,neutral,0.998,2026-03-11T14:02:56.341147,0.4596748945972345,2026-03-11T14:01:56.371000,73,,,
participant_08,3,day,Town10HD_Opt,2026-03-11 14:02:57.323081,-26.074317932128903,131.8970489501953,0.0015889739152044,46.551,9.114,0.946,0.0,0,0,1,,1.0,2026-03-11T14:02:57.323081,neutral,0.998,2026-03-11T14:02:56.341147,0.4212287366945882,2026-03-11T14:01:56.371000,75,,,
participant_08,3,day,Town10HD_Opt,2026-03-11 14:02:58.301082,-34.2855110168457,129.2187957763672,0.0021779250819236,47.918,12.263,0.934,0.0,0,0,1,,1.0,2026-03-11T14:02:58.301082,neutral,0.998,2026-03-11T14:02:56.341147,0.5108617200023203,2026-03-11T14:01:56.371000,75,,,
participant_08,3,day,Town10HD_Opt,2026-03-11 14:02:59.226400,-40.41938781738281,123.18502044677734,0.0021065901964902,48.832,15.226,0.927,0.0,0,0,1,,1.0,2026-03-11T14:02:59.226400,neutral,0.996,2026-03-11T14:02:59.226400,0.4889013737542556,2026-03-11T14:01:56.371000,73,,,
participant_08,3,day,Town10HD_Opt,2026-03-11 14:03:00.221920,-42.64129257202149,114.91600036621094,0.0019319152925163,50.946,4.893,0.0,0.0,0,0,1,,1.0,2026-03-11T14:03:00.221920,neutral,0.996,2026-03-11T14:02:59.226400,0.4357536785634306,2026-03-11T14:01:56.371000,76,,,
participant_08,3,day,Town10HD_Opt,2026-03-11 14:03:01.193613,-42.49617004394531,106.26333618164062,0.0019896316807717,49.983,-2.546,0.528,0.0,0,0,1,,1.0,2026-03-11T14:03:01.193613,neutral,0.996,2026-03-11T14:02:59.226400,0.4817788769816217,2026-03-11T14:01:56.371000,75,,,
participant_08,3,day,Town10HD_Opt,2026-03-11 14:03:02.112354,-42.93846130371094,97.71207427978516,0.0023022459354251,44.575,-0.938,0.0,0.0,0,0,1,,1.0,2026-03-11T14:03:02.112354,neutral,0.998,2026-03-11T14:03:02.112354,0.4115660283208656,2026-03-11T14:03:01.945000,77,,,
participant_08,3,day,Town10HD_Opt,2026-03-11 14:03:03.088489,-43.58164596557617,90.7632827758789,0.0023274230770766,35.154,0.106,0.227,0.0,0,0,1,,1.0,2026-03-11T14:03:03.088489,neutral,0.998,2026-03-11T14:03:02.112354,0.4933613168088565,2026-03-11T14:03:02.979000,75,,,
participant_08,3,day,Town10HD_Opt,2026-03-11 14:03:04.321650,-43.86634826660156,82.93024444580078,0.0020009230356663,34.337,8.625,0.687,0.0,0,0,1,,1.0,2026-03-11T14:03:04.321650,neutral,0.99,2026-03-11T14:03:04.321650,0.5352982897961712,2026-03-11T14:03:03.969000,78,,,
participant_08,3,day,Town10HD_Opt,2026-03-11 14:03:05.284728,-42.31128692626953,76.57042694091797,0.0017763137584552,42.787,14.256,0.814,0.0,0,0,1,,1.0,2026-03-11T14:03:05.284728,neutral,0.99,2026-03-11T14:03:04.321650,0.5176283994213662,2026-03-11T14:03:05.009000,77,,,
participant_08,3,day,Town10HD_Opt,2026-03-11 14:03:06.306936,-37.34165573120117,70.54632568359375,0.0018877410329878,48.052,21.017,0.675,0.0,0,0,1,,1.0,2026-03-11T14:03:06.306936,neutral,0.99,2026-03-11T14:03:04.321650,0.5051315471604357,2026-03-11T14:03:05.994000,76,,,
participant_08,3,day,Town10HD_Opt,2026-03-11 14:03:07.342373,-29.38672065734864,68.94956970214844,0.0021106719505041,46.256,6.319,0.42,0.0,0,0,1,,1.0,2026-03-11T14:03:07.342373,neutral,0.989,2026-03-11T14:03:07.342373,0.5361978938341311,2026-03-11T14:03:06.984000,76,,,
participant_08,3,day,Town10HD_Opt,2026-03-11 14:03:08.314884,-21.54085350036621,70.1377944946289,0.0021474456880241,43.544,-4.841,0.261,0.0,0,0,1,,1.0,2026-03-11T14:03:08.314884,neutral,0.989,2026-03-11T14:03:07.342373,0.4763111502930947,2026-03-11T14:03:08.289000,74,,,errors=Solid line crossing
participant_08,3,day,Town10HD_Opt,2026-03-11 14:03:09.299603,-14.296746253967283,70.46414947509766,0.0021852874197065,38.809,-1.775,0.263,0.0,0,0,1,,1.0,2026-03-11T14:03:09.299603,neutral,0.989,2026-03-11T14:03:07.342373,0.4075051035269759,2026-03-11T14:03:09.099000,74,,,
participant_08,3,day,Town10HD_Opt,2026-03-11 14:03:10.289268,-7.751583099365234,70.337158203125,0.0021038055419921,36.52,-0.604,0.541,0.0,0,0,1,,1.0,2026-03-11T14:03:10.289268,neutral,1.0,2026-03-11T14:03:10.289268,0.5495002382572036,2026-03-11T14:03:10,76,,,
participant_08,3,day,Town10HD_Opt,2026-03-11 14:03:11.213842,-1.188324213027954,70.01615142822266,0.0019756315741688,38.73,0.653,0.499,0.0,0,0,1,,1.0,2026-03-11T14:03:11.213842,neutral,1.0,2026-03-11T14:03:10.289268,0.5294154302394537,2026-03-11T14:03:11.079000,75,,,
participant_08,3,day,Town10HD_Opt,2026-03-11 14:03:12.179566,5.496570110321045,69.7731704711914,0.0022314072120934,35.089,0.04,0.0,0.0,0,0,1,,1.0,2026-03-11T14:03:12.179566,neutral,1.0,2026-03-11T14:03:10.289268,0.5075642079461998,2026-03-11T14:03:12.069000,72,,,
participant_08,3,day,Town10HD_Opt,2026-03-11 14:03:13.144370,10.978073120117188,69.5953598022461,0.0022961043287068,27.053,0.75,0.0,0.0,0,0,1,,1.0,2026-03-11T14:03:13.144370,neutral,0.998,2026-03-11T14:03:13.144370,0.4981389413070451,2026-03-11T14:03:13.149000,71,,,
participant_08,3,day,Town10HD_Opt,2026-03-11 14:03:14.110177,15.16344165802002,69.53824615478516,0.0022607040591537,19.932,0.646,0.0,0.052,0,0,1,,1.0,2026-03-11T14:03:14.110177,neutral,0.998,2026-03-11T14:03:13.144370,0.5270830018160481,2026-03-11T14:03:14.049000,73,,,
participant_08,3,day,Town10HD_Opt,2026-03-11 14:03:15.074220,18.28743934631348,69.53801727294922,0.0020268631633371,14.995,0.646,0.0,0.072,0,0,1,,1.0,2026-03-11T14:03:15.074220,neutral,0.998,2026-03-11T14:03:13.144370,0.5270283098242368,2026-03-11T14:03:14.995000,74,,,
participant_08,3,day,Town10HD_Opt,2026-03-11 14:03:16.343512,21.260501861572266,69.57035827636719,0.0020327377133071,10.192,0.62,0.0,0.037,0,0,1,,1.0,2026-03-11T14:03:16.343512,neutral,0.979,2026-03-11T14:03:16.343512,0.4873140152573209,2026-03-11T14:03:16.029000,73,,,
participant_08,3,day,Town10HD_Opt,2026-03-11 14:03:17.348862,22.80422592163086,69.59928894042969,0.0020133589860051,7.259,0.618,0.0,0.044,0,0,1,,1.0,2026-03-11T14:03:17.348862,neutral,0.979,2026-03-11T14:03:16.343512,0.5464534424625533,2026-03-11T14:03:17.023000,74,,,
participant_08,3,day,Town10HD_Opt,2026-03-11 14:03:18.333993,23.812973022460938,69.62203979492188,0.0022953413426876,0.0,0.618,0.0,0.04,0,0,1,,1.0,2026-03-11T14:03:18.333993,neutral,0.979,2026-03-11T14:03:16.343512,0.5250219425629209,2026-03-11T14:03:18.144000,71,,,
participant_08,3,day,Town10HD_Opt,2026-03-11 14:03:19.366951,23.818639755249023,69.62217712402344,0.0019294356461614,0.605,0.618,0.657,0.0,0,0,1,,1.0,2026-03-11T14:03:19.366951,neutral,0.998,2026-03-11T14:03:19.366951,0.5125528020508474,2026-03-11T14:03:19.181000,72,,,
participant_08,3,day,Town10HD_Opt,2026-03-11 14:03:20.272767,24.733428955078125,69.6476821899414,0.0015630340203642,11.236,0.618,0.632,0.0,0,0,1,,1.0,2026-03-11T14:03:20.272767,neutral,0.998,2026-03-11T14:03:19.366951,0.6713625944296173,2026-03-11T14:03:19.993000,73,,,
participant_08,3,day,Town10HD_Opt,2026-03-11 14:03:21.218574,27.186248779296875,69.71173095703125,0.0017878722865134,16.127,-2.41,0.373,0.0,0,0,1,,1.0,2026-03-11T14:03:21.218574,neutral,0.998,2026-03-11T14:03:19.366951,0.5899084530954795,2026-03-11T14:03:20.980000,71,,,
participant_08,3,day,Town10HD_Opt,2026-03-11 14:03:22.174437,30.191869735717773,69.56603240966797,0.002067451365292,18.286,-7.813,0.355,0.0,0,0,1,,1.0,2026-03-11T14:03:22.174437,neutral,0.99,2026-03-11T14:03:22.174437,0.5709702635124584,2026-03-11T14:03:21.973000,72,,,
participant_08,3,day,Town10HD_Opt,2026-03-11 14:03:23.122075,33.3543815612793,68.9903564453125,0.0019603348337113,20.379,-8.942,0.986,0.0,0,0,1,,1.0,2026-03-11T14:03:23.122075,neutral,0.99,2026-03-11T14:03:22.174437,0.6250899563616187,2026-03-11T14:03:23.005000,73,,,
participant_08,3,day,Town10HD_Opt,2026-03-11 14:03:24.321090,39.64154815673828,66.03275299072266,0.0015821075066924,40.813,-16.637,0.99,0.0,0,0,1,,1.0,2026-03-11T14:03:24.321090,neutral,0.988,2026-03-11T14:03:24.321090,0.7407010243835674,2026-03-11T14:03:23.950000,69,,,
participant_08,3,day,Town10HD_Opt,2026-03-11 14:03:25.266138,44.44182205200195,59.57305908203125,0.0014985656598582,51.213,-12.468,0.0,0.126,0,0,1,,1.0,2026-03-11T14:03:25.266138,neutral,0.988,2026-03-11T14:03:24.321090,0.7444139361338854,2026-03-11T14:03:25.014000,71,,,errors=Vehicle-pedestrian collision
participant_08,3,day,Town10HD_Opt,2026-03-11 14:03:26.163385,45.89402389526367,51.49143600463867,0.0023434448521584,41.377,-4.879,0.0,0.222,0,0,1,,1.0,2026-03-11T14:03:26.163385,neutral,0.988,2026-03-11T14:03:24.321090,0.6585833363938561,2026-03-11T14:03:26.019000,69,,,
participant_08,3,day,Town10HD_Opt,2026-03-11 14:03:27.328998,45.27631759643555,43.40645599365234,0.0023227690253406,28.358,3.16,0.0,0.0,0,0,1,,1.0,2026-03-11T14:03:27.328998,neutral,1.0,2026-03-11T14:03:27.328998,0.6743462669508816,2026-03-11T14:03:27.055000,69,,,
participant_08,3,day,Town10HD_Opt,2026-03-11 14:03:28.207274,45.17548370361328,38.85730743408203,0.0021012497600167,25.082,5.652,0.453,0.0,0,0,1,,1.0,2026-03-11T14:03:28.207274,neutral,1.0,2026-03-11T14:03:27.328998,0.6767652234168856,2026-03-11T14:03:27.954000,70,,,
participant_08,3,day,Town10HD_Opt,2026-03-11 14:03:29.130517,45.9063720703125,34.4398078918457,0.0020470046438276,26.11,19.712,0.415,0.0,0,0,1,,1.0,2026-03-11T14:03:29.130517,neutral,1.0,2026-03-11T14:03:27.328998,0.6931035733611167,2026-03-11T14:03:29.034000,70,,,
participant_08,3,day,Town10HD_Opt,2026-03-11 14:03:30.073227,48.42112350463867,30.663291931152344,0.0020793532021343,26.651,22.686,0.519,0.0,0,0,1,,1.0,2026-03-11T14:03:30.073227,neutral,0.989,2026-03-11T14:03:30.073227,0.5718427634674279,2026-03-11T14:03:29.979000,71,,,
participant_08,3,day,Town10HD_Opt,2026-03-11 14:03:31.294516,54.30816268920898,27.58519554138184,0.0019444655627012,31.242,6.419,0.51,0.0,0,0,1,,1.0,2026-03-11T14:03:31.294516,neutral,0.989,2026-03-11T14:03:30.073227,0.617300549906047,2026-03-11T14:03:31.014000,70,,,
participant_08,3,day,Town10HD_Opt,2026-03-11 14:03:32.173312,59.76647186279297,26.18627166748047,0.0019843291956931,33.484,6.884,0.681,0.0,0,0,1,,1.0,2026-03-11T14:03:32.173312,neutral,0.987,2026-03-11T14:03:32.173312,0.5724992478641999,2026-03-11T14:03:31.959000,72,,,
participant_08,3,day,Town10HD_Opt,2026-03-11 14:03:33.086459,66.45782470703125,25.662960052490234,0.0016012954292818,45.943,3.648,0.967,0.0,0,0,1,,1.0,2026-03-11T14:03:33.086459,neutral,0.987,2026-03-11T14:03:32.173312,0.5291927347340972,2026-03-11T14:03:32.949000,72,,,
participant_08,3,day,Town10HD_Opt,2026-03-11 14:03:34.240081,78.00995635986328,26.05387306213379,0.002093200571835,49.284,-0.357,0.796,0.0,0,0,1,,1.0,2026-03-11T14:03:34.240081,neutral,0.998,2026-03-11T14:03:34.240081,0.5472995479889894,2026-03-11T14:03:33.982000,72,,,
participant_08,3,day,Town10HD_Opt,2026-03-11 14:03:35.122647,86.76494598388672,26.33601951599121,0.0040339659899473,48.512,-4.393,0.509,0.0,0,0,1,,1.0,2026-03-11T14:03:35.122647,neutral,0.998,2026-03-11T14:03:34.240081,0.5956937988237907,2026-03-11T14:03:35.110000,75,,,
participant_08,3,day,Town10HD_Opt,2026-03-11 14:03:36.291215,97.42963409423828,23.89350700378418,0.0021292113233357,46.021,-16.381,0.465,0.0,0,0,1,,1.0,2026-03-11T14:03:36.291215,neutral,1.0,2026-03-11T14:03:36.291215,0.6505044512014632,2026-03-11T14:03:35.964000,74,,,
participant_08,3,day,Town10HD_Opt,2026-03-11 14:03:37.219549,102.69915008544922,18.09329605102539,0.0021546555217355,44.344,-6.18,0.321,0.0,0,0,1,,1.0,2026-03-11T14:03:37.219549,neutral,1.0,2026-03-11T14:03:36.291215,0.6995093957218979,2026-03-11T14:03:36.956000,74,,,
participant_08,3,day,Town10HD_Opt,2026-03-11 14:03:38.074398,105.87483215332033,11.3076171875,0.0020714187994599,41.037,-4.171,0.322,0.0,0,0,1,,1.0,2026-03-11T14:03:38.074398,neutral,1.0,2026-03-11T14:03:36.291215,0.8648060905487112,2026-03-11T14:03:38.125000,73,,,
participant_08,3,day,Town10HD_Opt,2026-03-11 14:03:39.280006,108.43348693847656,2.515019416809082,0.0021270369179546,37.465,-3.412,0.329,0.0,0,0,1,,1.0,2026-03-11T14:03:39.280006,neutral,0.964,2026-03-11T14:03:39.280006,0.8579858849901011,2026-03-11T14:03:38.979000,76,,,
participant_08,3,day,Town10HD_Opt,2026-03-11 14:03:40.153468,109.38117218017578,-3.866060495376587,0.0019956587348133,37.505,-3.664,0.761,0.0,0,0,1,,0.828,2026-03-11T14:03:40.153468,neutral,0.964,2026-03-11T14:03:39.280006,0.9113262230687744,2026-03-11T14:03:40.374000,74,,,
participant_08,3,day,Town10HD_Opt,2026-03-11 14:03:41.260075,109.48348999023438,-13.81802749633789,0.0017116927774623,51.068,-1.814,0.0,0.107,0,0,1,,1.0,2026-03-11T14:03:41.260075,neutral,0.964,2026-03-11T14:03:39.280006,0.9080256354545674,2026-03-11T14:03:41.319000,73,,,
participant_08,3,day,Town10HD_Opt,2026-03-11 14:03:42.134771,108.63858032226562,-22.645097732543945,0.0021734619513154,49.107,-1.659,0.99,0.0,0,0,1,,1.0,2026-03-11T14:03:42.134771,neutral,0.998,2026-03-11T14:03:42.134771,0.9275755924034832,2026-03-11T14:03:41.957000,73,,,
participant_08,3,day,Town10HD_Opt,2026-03-11 14:03:43.259781,106.1808090209961,-33.945220947265625,0.0019665146246552,50.427,-4.615,0.882,0.0,0,0,1,,1.0,2026-03-11T14:03:43.259781,neutral,0.998,2026-03-11T14:03:42.134771,0.9164678313844828,2026-03-11T14:03:42.985000,72,,,
participant_08,3,day,Town10HD_Opt,2026-03-11 14:03:44.103235,102.67327117919922,-42.06317901611328,0.0021558380685746,49.078,-3.328,0.791,0.0,0,0,1,,1.0,2026-03-11T14:03:44.103235,neutral,0.998,2026-03-11T14:03:42.134771,0.98822307304809,2026-03-11T14:03:43.975000,73,,,
participant_08,3,day,Town10HD_Opt,2026-03-11 14:03:45.247742,96.20502471923828,-51.6884651184082,0.0019869613461196,50.504,-6.26,0.758,0.0,0,0,1,,1.0,2026-03-11T14:03:45.247742,neutral,0.983,2026-03-11T14:03:45.247742,0.9463866848448862,2026-03-11T14:03:45.009000,72,Solid line crossing,Solid line crossing,
participant_08,3,day,Town10HD_Opt,2026-03-11 14:03:46.121192,89.70213317871094,-57.32406997680664,0.0020846556872129,48.445,-5.879,0.591,0.0,0,0,1,,1.0,2026-03-11T14:03:46.121192,neutral,0.983,2026-03-11T14:03:45.247742,0.9023452239941157,2026-03-11T14:03:45.955000,75,,,
participant_08,3,day,Town10HD_Opt,2026-03-11 14:03:47.316710,79.353759765625,-62.344970703125,0.002021636813879,50.052,-4.261,0.51,0.0,0,0,1,,1.0,2026-03-11T14:03:47.316710,neutral,0.68,2026-03-11T14:03:47.316710,0.7950988476251714,2026-03-11T14:03:46.946000,73,,,
participant_08,3,day,Town10HD_Opt,2026-03-11 14:03:48.205457,70.8547592163086,-64.43563842773438,0.0020460509695112,50.045,-4.317,0.497,0.0,0,0,1,,1.0,2026-03-11T14:03:48.205457,neutral,0.68,2026-03-11T14:03:47.316710,0.8540407679968527,2026-03-11T14:03:47.980000,72,,,
participant_08,3,day,Town10HD_Opt,2026-03-11 14:03:49.091166,62.14619445800781,-65.10042572021484,0.0020481871906667,49.863,-0.696,0.492,0.0,0,0,1,,1.0,2026-03-11T14:03:49.091166,neutral,0.68,2026-03-11T14:03:47.316710,0.855135517619231,2026-03-11T14:03:49.060000,71,,,
participant_08,3,day,Town10HD_Opt,2026-03-11 14:03:50.328918,50.54356002807617,-65.33110046386719,0.0020500181708484,49.56,-0.108,0.486,0.0,0,0,1,,1.0,2026-03-11T14:03:50.328918,neutral,0.982,2026-03-11T14:03:50.328918,0.8501382942823434,2026-03-11T14:03:50.095000,74,,,
participant_08,3,day,Town10HD_Opt,2026-03-11 14:03:51.245225,41.89413070678711,-65.54497528076172,0.0020505141001194,49.296,-0.2,0.485,0.0,0,0,1,,1.0,2026-03-11T14:03:51.245225,neutral,0.982,2026-03-11T14:03:50.328918,0.8011541850302075,2026-03-11T14:03:50.995000,73,,,
participant_08,3,day,Town10HD_Opt,2026-03-11 14:03:52.178224,33.28886032104492,-65.69174194335938,0.0020502090919762,49.042,-0.209,0.484,0.0,0,0,1,,1.0,2026-03-11T14:03:52.178224,neutral,0.982,2026-03-11T14:03:50.328918,0.7619106783136868,2026-03-11T14:03:52.030000,73,,,
participant_08,3,day,Town10HD_Opt,2026-03-11 14:03:53.097171,24.76774787902832,-65.76266479492188,0.0020824430976063,48.012,-0.28,0.433,0.0,0,0,1,,1.0,2026-03-11T14:03:53.097171,neutral,0.984,2026-03-11T14:03:53.097171,0.9364431632561014,2026-03-11T14:03:52.975000,70,,,
participant_08,3,day,Town10HD_Opt,2026-03-11 14:03:54.271849,14.494877815246582,-65.7260971069336,0.002362098544836,37.262,-0.275,0.0,0.0,0,0,1,,1.0,2026-03-11T14:03:54.271849,neutral,0.984,2026-03-11T14:03:53.097171,0.8349808400415172,2026-03-11T14:03:54.189000,73,,,
participant_08,3,day,Town10HD_Opt,2026-03-11 14:03:55.122964,8.673579216003418,-65.64204406738281,0.002309989882633,28.786,-0.068,0.0,0.0,0,0,1,,1.0,2026-03-11T14:03:55.122964,neutral,0.957,2026-03-11T14:03:55.122964,0.8079443651450184,2026-03-11T14:03:55.135000,72,,,
participant_08,3,day,Town10HD_Opt,2026-03-11 14:03:56.348542,2.9709115028381348,-65.55498504638672,0.0022455595899373,19.936,0.233,0.099,0.0,0,0,1,,1.0,2026-03-11T14:03:56.348542,neutral,0.957,2026-03-11T14:03:55.122964,0.8155818456229031,2026-03-11T14:03:56.035000,72,,,
participant_08,3,day,Town10HD_Opt,2026-03-11 14:03:57.252875,-0.2686531841754913,-65.52167510986328,0.0018666075775399,17.627,0.242,0.161,0.0,0,0,1,,1.0,2026-03-11T14:03:57.252875,neutral,0.995,2026-03-11T14:03:57.252875,0.7510735543228899,2026-03-11T14:03:56.988000,74,,,
participant_08,3,day,Town10HD_Opt,2026-03-11 14:03:58.191965,-3.281399726867676,-65.50485229492188,0.0019070815760642,17.538,0.24,0.36,0.0,0,0,1,,1.0,2026-03-11T14:03:58.191965,neutral,0.995,2026-03-11T14:03:57.252875,0.8105282194721728,2026-03-11T14:03:57.969000,70,,,
participant_08,3,day,Town10HD_Opt,2026-03-11 14:03:59.074264,-6.429905891418457,-65.49793243408203,0.0020627593621611,18.076,0.155,0.33,0.0,0,0,1,,1.0,2026-03-11T14:03:59.074264,neutral,0.995,2026-03-11T14:03:57.252875,0.7346624680836339,2026-03-11T14:03:58.960000,70,,,
participant_08,3,day,Town10HD_Opt,2026-03-11 14:04:00.282312,-10.672691345214844,-65.49989318847656,0.002023200970143,18.083,0.063,0.109,0.0,0,0,1,,1.0,2026-03-11T14:04:00.282312,neutral,0.991,2026-03-11T14:04:00.282312,0.6978349262788948,2026-03-11T14:03:59.995000,69,,,
participant_08,3,day,Town10HD_Opt,2026-03-11 14:04:01.130580,-13.668773651123049,-65.50391387939453,0.0020169448107481,15.092,-0.016,0.0,0.0,0,0,1,,1.0,2026-03-11T14:04:01.130580,neutral,0.991,2026-03-11T14:04:00.282312,0.6760748977019658,2026-03-11T14:04:01.120000,69,,,
participant_08,3,day,Town10HD_Opt,2026-03-11 14:04:02.313106,-16.672637939453125,-65.50801849365234,0.0020219420548528,10.549,0.002,0.0,0.018,0,0,1,,1.0,2026-03-11T14:04:02.313106,neutral,0.999,2026-03-11T14:04:02.313106,0.645876196553762,2026-03-11T14:04:02.335000,69,,,
participant_08,3,day,Town10HD_Opt,2026-03-11 14:04:03.188492,-18.26116752624512,-65.51024627685547,0.0020143126603215,7.46,0.002,0.0,0.053,0,0,1,,1.0,2026-03-11T14:04:03.188492,neutral,0.999,2026-03-11T14:04:02.313106,0.6337798095783037,2026-03-11T14:04:02.967000,72,,,
participant_08,3,day,Town10HD_Opt,2026-03-11 14:04:04.308207,-19.503204345703125,-65.51204681396484,0.0023023223038762,0.229,0.002,0.0,0.0,0,0,1,,1.0,2026-03-11T14:04:04.308207,neutral,0.999,2026-03-11T14:04:02.313106,0.7064760360997947,2026-03-11T14:04:03.955000,71,,,
participant_08,3,day,Town10HD_Opt,2026-03-11 14:04:05.151365,-19.54104995727539,-65.51204681396484,0.001928215031512,0.254,0.002,0.0,0.0,0,0,1,,1.0,2026-03-11T14:04:05.151365,neutral,0.993,2026-03-11T14:04:05.151365,0.7231510956222826,2026-03-11T14:04:05.125000,72,,,
participant_08,3,day,Town10HD_Opt,2026-03-11 14:04:06.327802,-19.59105491638184,-65.51204681396484,0.0019207381410524,0.177,0.002,0.0,0.0,0,0,1,,1.0,2026-03-11T14:04:06.327802,neutral,0.993,2026-03-11T14:04:05.151365,0.6612289265019338,2026-03-11T14:04:06.026000,72,,,
participant_08,3,day,Town10HD_Opt,2026-03-11 14:04:07.164389,-20.02985191345215,-65.51268768310547,0.0014955138321965,9.554,0.002,1.0,0.0,0,0,1,,1.0,2026-03-11T14:04:07.164389,neutral,0.988,2026-03-11T14:04:07.164389,0.7199430617846264,2026-03-11T14:04:07.015000,72,,,
participant_08,3,day,Town10HD_Opt,2026-03-11 14:04:08.286255,-24.41453742980957,-65.55168914794922,0.0015613173600286,29.503,0.693,1.0,0.0,0,0,1,,1.0,2026-03-11T14:04:08.286255,neutral,0.988,2026-03-11T14:04:07.164389,0.7661770994308256,2026-03-11T14:04:08.006000,71,,,
participant_08,3,day,Town10HD_Opt,2026-03-11 14:04:09.139852,-30.851730346679688,-65.7247314453125,0.0015395736554637,45.125,0.526,1.0,0.0,0,0,1,,1.0,2026-03-11T14:04:09.139852,neutral,0.988,2026-03-11T14:04:07.164389,0.771489133450735,2026-03-11T14:04:09.265000,70,,,
participant_08,3,day,Town10HD_Opt,2026-03-11 14:04:10.329858,-42.40032196044922,-66.26886749267578,0.0021879577543586,48.879,0.08,0.994,0.0,0,0,1,,1.0,2026-03-11T14:04:10.329858,neutral,0.988,2026-03-11T14:04:10.329858,0.8628126512529987,2026-03-11T14:04:10.120000,72,,,
participant_08,3,day,Town10HD_Opt,2026-03-11 14:04:11.199775,-51.26269912719727,-66.76248168945312,0.0020346832461655,48.591,-0.221,0.986,0.0,0,0,1,,1.0,2026-03-11T14:04:11.199775,neutral,0.988,2026-03-11T14:04:10.329858,0.9291272448831456,2026-03-11T14:04:11.200000,70,,,
participant_08,3,day,Town10HD_Opt,2026-03-11 14:04:12.261809,-62.92571258544922,-67.29655456542969,0.002147254999727,48.737,-1.144,0.973,0.0,0,0,1,,1.0,2026-03-11T14:04:12.261809,neutral,0.988,2026-03-11T14:04:10.329858,0.9217307643709606,2026-03-11T14:04:12.010000,70,,,
participant_08,3,day,Town10HD_Opt,2026-03-11 14:04:13.101843,-71.69696044921875,-67.11225128173828,0.0022243116982281,48.011,-6.014,0.96,0.0,0,0,1,,1.0,2026-03-11T14:04:13.101843,neutral,0.981,2026-03-11T14:04:13.101843,0.9008834003825834,2026-03-11T14:04:13.001000,70,,,
participant_08,3,day,Town10HD_Opt,2026-03-11 14:04:14.230967,-82.97091674804688,-64.18118286132812,0.0021557998843491,49.135,-3.207,0.979,0.0,0,0,1,,1.0,2026-03-11T14:04:14.230967,neutral,0.981,2026-03-11T14:04:13.101843,0.8662038608637709,2026-03-11T14:04:14.124000,72,,,
participant_08,3,day,Town10HD_Opt,2026-03-11 14:04:15.086908,-90.92937469482422,-60.241458892822266,0.0022374724503606,48.436,-4.534,0.975,0.0,0,0,1,,1.0,2026-03-11T14:04:15.086908,neutral,0.981,2026-03-11T14:04:13.101843,0.8322021435670465,2026-03-11T14:04:15.025000,69,,,
participant_08,3,day,Town10HD_Opt,2026-03-11 14:04:16.260325,-99.72068786621094,-52.73151397705078,0.0020535278599709,50.047,-6.417,0.954,0.0,0,0,1,,1.0,2026-03-11T14:04:16.260325,neutral,0.73,2026-03-11T14:04:16.260325,0.8498758067596669,2026-03-11T14:04:16.060000,72,,,
participant_08,3,day,Town10HD_Opt,2026-03-11 14:04:17.148611,-104.41162109375,-45.35624313354492,0.0020930098835378,49.116,-3.886,0.939,0.0,0,0,1,,1.0,2026-03-11T14:04:17.148611,neutral,0.73,2026-03-11T14:04:16.260325,0.9004074284063611,2026-03-11T14:04:16.959000,71,,,
participant_08,3,day,Town10HD_Opt,2026-03-11 14:04:18.313743,-108.58953094482422,-34.480037689208984,0.0018844222649931,51.649,-4.07,0.0,0.148,0,0,1,,1.0,2026-03-11T14:04:18.313743,neutral,0.736,2026-03-11T14:04:18.313743,0.8194848948773681,2026-03-11T14:04:18.042000,72,,,
participant_08,3,day,Town10HD_Opt,2026-03-11 14:04:19.267079,-110.11576080322266,-25.83438491821289,0.0019031906267628,51.468,-3.459,0.0,0.147,0,0,1,,1.0,2026-03-11T14:04:19.267079,neutral,0.736,2026-03-11T14:04:18.313743,0.8971452412112566,2026-03-11T14:04:19.120000,70,,,
participant_08,3,day,Town10HD_Opt,2026-03-11 14:04:20.206655,-110.4317626953125,-17.06549072265625,0.0018895721295848,51.801,-0.141,0.0,0.18,0,0,1,,1.0,2026-03-11T14:04:20.206655,neutral,0.736,2026-03-11T14:04:18.313743,0.824323018060463,2026-03-11T14:04:19.975000,73,,,
participant_08,3,day,Town10HD_Opt,2026-03-11 14:04:21.127948,-110.49827575683594,-8.296730995178223,0.0019414901034906,50.77,0.761,0.0,0.103,0,0,1,,1.0,2026-03-11T14:04:21.127948,neutral,0.941,2026-03-11T14:04:21.127948,0.7913164828096955,2026-03-11T14:04:20.965000,72,,,
participant_08,3,day,Town10HD_Opt,2026-03-11 14:04:22.356335,-110.80023956298828,2.809173822402954,0.0022198485676199,43.781,-2.118,0.083,0.0,0,0,1,,1.0,2026-03-11T14:04:22.356335,neutral,0.941,2026-03-11T14:04:21.127948,0.8416447616196439,2026-03-11T14:04:22,72,,,
participant_08,3,day,Town10HD_Opt,2026-03-11 14:04:23.332995,-110.5102310180664,9.729766845703123,0.0023487852886319,34.426,-5.773,0.0,0.0,0,0,1,,1.0,2026-03-11T14:04:23.332995,neutral,0.996,2026-03-11T14:04:23.332995,0.7978682011818244,2026-03-11T14:04:23.170000,71,,,
participant_08,3,day,Town10HD_Opt,2026-03-11 14:04:24.233854,-109.3998794555664,14.968233108520508,0.002310981741175,26.718,-9.861,0.0,0.0,0,0,1,,1.0,2026-03-11T14:04:24.233854,neutral,0.996,2026-03-11T14:04:23.332995,0.8672787506310823,2026-03-11T14:04:23.983000,70,,,
participant_08,3,day,Town10HD_Opt,2026-03-11 14:04:25.116954,-107.67105102539062,18.6297607421875,0.0022671127226203,19.659,-11.318,0.0,0.0,0,0,1,,1.0,2026-03-11T14:04:25.116954,neutral,0.996,2026-03-11T14:04:23.332995,0.8002048231013891,2026-03-11T14:04:25.060000,69,,,
participant_08,3,day,Town10HD_Opt,2026-03-11 14:04:26.132761,-105.79155731201172,21.159103393554688,0.0019943618681281,18.911,-6.35,0.822,0.0,0,0,1,,1.0,2026-03-11T14:04:26.132761,neutral,0.78,2026-03-11T14:04:26.132761,0.7515868570686457,2026-03-11T14:04:26.050000,70,,,
participant_08,3,day,Town10HD_Opt,2026-03-11 14:04:27.104393,-103.20694732666016,23.95134162902832,0.0018148040398955,25.631,-6.509,0.355,0.0,0,0,1,,1.0,2026-03-11T14:04:27.104393,neutral,0.78,2026-03-11T14:04:26.132761,0.8118036173291808,2026-03-11T14:04:27.041000,71,,,
participant_08,3,day,Town10HD_Opt,2026-03-11 14:04:28.376998,-98.58800506591795,27.1010971069336,0.002261581365019,20.228,-18.274,0.0,0.048,0,0,1,,1.0,2026-03-11T14:04:28.376998,neutral,0.95,2026-03-11T14:04:28.376998,0.7694746807185613,2026-03-11T14:04:27.986000,71,,,
participant_08,3,day,Town10HD_Opt,2026-03-11 14:04:29.088101,-96.68315887451172,27.67273330688477,0.0023987197782844,8.671,-12.92,0.0,0.12,0,0,1,,1.0,2026-03-11T14:04:29.088101,neutral,0.95,2026-03-11T14:04:28.376998,0.8639516846490305,2026-03-11T14:04:28.975000,71,,,
participant_08,3,day,Town10HD_Opt,2026-03-11 14:04:30.099532,-96.39871978759766,27.73311996459961,0.0020159911364316,0.024,-6.609,0.0,0.0,0,0,1,,1.0,2026-03-11T14:04:30.099532,neutral,0.95,2026-03-11T14:04:28.376998,0.8744181200840914,2026-03-11T14:04:30.055000,75,,,
participant_08,3,day,Town10HD_Opt,2026-03-11 14:04:31.346032,-96.39815521240234,27.73320960998535,0.001918182359077,0.138,-9.842,0.136,0.0,0,0,1,,1.0,2026-03-11T14:04:31.346032,neutral,0.957,2026-03-11T14:04:31.346032,0.8095837698956868,2026-03-11T14:04:31.045000,73,,,
participant_08,3,day,Town10HD_Opt,2026-03-11 14:04:32.321370,-96.33077239990234,27.7409896850586,0.0018422699067741,1.752,-11.827,0.293,0.0,0,0,1,,1.0,2026-03-11T14:04:32.321370,neutral,0.957,2026-03-11T14:04:31.346032,0.895199137049347,2026-03-11T14:04:31.993000,73,,,
participant_08,3,day,Town10HD_Opt,2026-03-11 14:04:33.293559,-95.8106918334961,27.78276824951172,0.0018621062627062,3.992,-14.692,0.178,0.0,0,0,1,,1.0,2026-03-11T14:04:33.293559,neutral,0.957,2026-03-11T14:04:31.346032,0.79911990157184,2026-03-11T14:04:33.026000,73,,,
participant_08,3,day,Town10HD_Opt,2026-03-11 14:04:34.225588,-95.0433578491211,27.804298400878903,0.0019198226509615,4.377,-10.571,0.0,0.0,0,0,1,,1.0,2026-03-11T14:04:34.225588,neutral,0.953,2026-03-11T14:04:34.225588,0.8202685726418565,2026-03-11T14:04:33.970000,72,,,
participant_08,3,day,Town10HD_Opt,2026-03-11 14:04:35.173801,-94.361083984375,27.83086585998535,0.00194980611559,3.375,-1.657,0.0,0.0,0,0,1,,1.0,2026-03-11T14:04:35.173801,neutral,0.953,2026-03-11T14:04:34.225588,0.7894639385822216,2026-03-11T14:04:34.960000,73,,,
participant_08,3,day,Town10HD_Opt,2026-03-11 14:04:36.130243,-93.83670806884766,27.8572940826416,0.0019438933813944,2.59,-4.162,0.0,0.0,0,0,1,,1.0,2026-03-11T14:04:36.130243,neutral,0.953,2026-03-11T14:04:34.225588,0.7656410931917211,2026-03-11T14:04:35.995000,74,,,
participant_08,3,day,Town10HD_Opt,2026-03-11 14:04:37.352559,-93.32176208496094,27.873544692993164,0.0019364166073501,1.821,-4.001,0.0,0.0,0,0,1,,1.0,2026-03-11T14:04:37.352559,neutral,1.0,2026-03-11T14:04:37.352559,0.847825201198224,2026-03-11T14:04:37.075000,74,,,
participant_08,3,day,Town10HD_Opt,2026-03-11 14:04:38.318115,-93.03865814208984,27.88001251220703,0.0019324492895975,1.398,-4.011,0.0,0.0,0,0,1,,1.0,2026-03-11T14:04:38.318115,neutral,1.0,2026-03-11T14:04:37.352559,0.8927022886580765,2026-03-11T14:04:38.156000,76,,,
participant_08,3,day,Town10HD_Opt,2026-03-11 14:04:39.352159,-92.8213882446289,27.883695602416992,0.0019293593941256,1.073,-3.943,0.0,0.0,0,0,1,,1.0,2026-03-11T14:04:39.352159,neutral,1.0,2026-03-11T14:04:37.352559,0.8147685594343148,2026-03-11T14:04:39.011000,76,,,
participant_08,3,day,Town10HD_Opt,2026-03-11 14:04:40.326178,-92.65528869628906,27.8867301940918,0.0019308852497488,0.717,-2.642,0.103,0.0,0,0,1,,1.0,2026-03-11T14:04:40.326178,neutral,0.994,2026-03-11T14:04:40.326178,0.8329441627424701,2026-03-11T14:04:40.092000,76,Solid line crossing,Solid line crossing,
participant_08,3,day,Town10HD_Opt,2026-03-11 14:04:41.338683,-92.1551742553711,27.89859962463379,0.0015985870268195,8.345,-0.98,0.856,0.0,0,0,1,,1.0,2026-03-11T14:04:41.338683,neutral,0.994,2026-03-11T14:04:40.326178,0.7808672998009778,2026-03-11T14:04:40.990000,76,,,
participant_08,3,day,Town10HD_Opt,2026-03-11 14:04:42.357100,-89.66814422607422,27.95488739013672,0.0018820952391251,18.368,-1.008,0.412,0.0,0,0,1,,1.0,2026-03-11T14:04:42.357100,neutral,0.962,2026-03-11T14:04:42.357100,0.8076571283502677,2026-03-11T14:04:42.120000,74,,,
participant_08,3,day,Town10HD_Opt,2026-03-11 14:04:43.304637,-86.47209930419922,27.97361183166504,0.0018561935285106,17.469,-1.295,0.0,0.0,0,0,1,,1.0,2026-03-11T14:04:43.304637,neutral,0.962,2026-03-11T14:04:42.357100,0.767326247601992,2026-03-11T14:04:43.106000,74,,,
participant_08,3,day,Town10HD_Opt,2026-03-11 14:04:44.236510,-83.737548828125,27.9432315826416,0.0020410155411809,13.488,0.188,0.0,0.0,0,0,1,,1.0,2026-03-11T14:04:44.236510,neutral,0.962,2026-03-11T14:04:42.357100,0.8867065774508206,2026-03-11T14:04:44.275000,73,,,
participant_08,3,day,Town10HD_Opt,2026-03-11 14:04:45.229347,-81.63555908203125,27.93996238708496,0.0020180509891361,10.362,1.034,0.0,0.0,0,0,1,,1.0,2026-03-11T14:04:45.229347,neutral,0.998,2026-03-11T14:04:45.229347,0.7778035546568669,2026-03-11T14:04:45.039000,75,,,
participant_08,3,day,Town10HD_Opt,2026-03-11 14:04:46.188158,-80.02142333984375,27.95696258544922,0.0019953155424445,7.956,1.022,0.0,0.0,0,0,1,,1.0,2026-03-11T14:04:46.188158,neutral,0.998,2026-03-11T14:04:45.229347,0.8257710941675662,2026-03-11T14:04:46.120000,74,,,
participant_08,3,day,Town10HD_Opt,2026-03-11 14:04:47.158013,-78.7822494506836,27.97962188720703,0.0019776534754782,6.108,0.888,0.0,0.0,0,0,1,,1.0,2026-03-11T14:04:47.158013,neutral,0.998,2026-03-11T14:04:45.229347,0.8911662835535958,2026-03-11T14:04:47.200000,76,,,
participant_08,3,day,Town10HD_Opt,2026-03-11 14:04:48.078781,-78.16515350341797,27.99277305603028,0.0021456908434629,0.0,0.893,0.0,0.016,0,0,1,,1.0,2026-03-11T14:04:48.078781,neutral,0.996,2026-03-11T14:04:48.078781,0.8364045531501141,2026-03-11T14:04:48.416000,74,,,
participant_08,3,day,Town10HD_Opt,2026-03-11 14:04:49.314144,-78.16398620605469,27.99280548095703,0.001922111492604,0.004,0.898,0.0,0.0,0,0,1,,1.0,2026-03-11T14:04:49.314144,neutral,0.996,2026-03-11T14:04:48.078781,0.8326986357709021,2026-03-11T14:04:49,73,,,
participant_08,3,day,Town10HD_Opt,2026-03-11 14:04:50.305500,-78.16368103027344,27.992807388305664,0.001919288537465,0.001,0.592,0.0,0.0,0,0,1,,1.0,2026-03-11T14:04:50.305500,neutral,0.998,2026-03-11T14:04:50.305500,0.8556385256780232,2026-03-11T14:04:50.007000,72,,,
participant_08,3,day,Town10HD_Opt,2026-03-11 14:04:51.216009,-78.16364288330078,27.992807388305664,0.0019188689766451,0.006,0.583,0.0,0.0,0,0,1,,1.0,2026-03-11T14:04:51.216009,neutral,0.998,2026-03-11T14:04:50.305500,0.8026129969586331,2026-03-11T14:04:50.981000,74,,,
participant_08,3,day,Town10HD_Opt,2026-03-11 14:04:52.101663,-78.16368103027344,27.992807388305664,0.001918678288348,0.006,0.583,0.0,0.0,0,0,1,,1.0,2026-03-11T14:04:52.101663,neutral,0.998,2026-03-11T14:04:50.305500,0.7919494661126811,2026-03-11T14:04:52.016000,73,,,
participant_08,3,day,Town10HD_Opt,2026-03-11 14:04:53.065890,-78.16358947753906,27.992807388305664,0.0019189834129065,0.002,0.583,0.0,0.0,0,0,1,,1.0,2026-03-11T14:04:53.065890,neutral,0.995,2026-03-11T14:04:53.065890,0.8811605728005931,2026-03-11T14:04:52.961000,73,,,
participant_08,4,day,Town10HD_Opt,2026-03-11 14:15:00.000000,-41.66858673095703,89.7454833984375,0.580491840839386,18.061,1.347,0.33,0.0,0,0,1,,1.0,2026-03-11T14:15:00,,,2026-03-11T14:15:00,0.4286165389596633,2026-03-11T14:15:00,67,,,
participant_08,4,day,Town10HD_Opt,2026-03-11 14:15:04.558905,-41.67424392700195,84.54381561279297,0.0020318983588367,18.164,1.485,0.328,0.0,0,0,1,,1.0,2026-03-11T14:15:04.558905,,,2026-03-11T14:15:04.558905,0.3816222796456781,2026-03-11T14:15:04.906000,66,,,
participant_08,4,day,Town10HD_Opt,2026-03-11 14:15:05.243097,-41.59819412231445,82.42355346679688,0.0020382308866828,18.129,6.092,0.322,0.0,0,0,1,,0.905,2026-03-11T14:15:05.243097,,,2026-03-11T14:15:04.558905,0.4601620876282358,2026-03-11T14:15:05.940000,69,,,
participant_08,4,day,Town10HD_Opt,2026-03-11 14:15:06.261529,-41.12717056274414,79.27774047851562,0.0020481871906667,18.253,10.262,0.378,0.0,0,0,1,,0.806,2026-03-11T14:15:06.261529,,,2026-03-11T14:15:04.558905,0.4473678609503493,2026-03-11T14:15:06.885000,70,,,
participant_08,4,day,Town10HD_Opt,2026-03-11 14:15:07.274020,-40.06240081787109,76.0338363647461,0.001919784466736,21.826,13.758,0.589,0.0,0,0,1,,0.862,2026-03-11T14:15:07.274020,neutral,0.568,2026-03-11T14:15:07.274020,0.5211364805865107,2026-03-11T14:15:07.875000,72,,,
participant_08,4,day,Town10HD_Opt,2026-03-11 14:15:08.264240,-37.72772979736328,72.48946380615234,0.0018827819731086,27.56,17.761,0.601,0.0,0,0,1,,0.813,2026-03-11T14:15:08.264240,neutral,0.568,2026-03-11T14:15:07.274020,0.3846337901002037,2026-03-11T14:15:08.910000,70,,,
participant_08,4,day,Town10HD_Opt,2026-03-11 14:15:09.006030,-35.10403060913086,70.4043960571289,0.0019501495407894,30.134,18.913,0.407,0.0,0,0,1,,0.867,2026-03-11T14:15:09.006030,neutral,0.568,2026-03-11T14:15:07.274020,0.4546898772839095,2026-03-11T14:15:09.900000,70,,,
participant_08,4,day,Town10HD_Opt,2026-03-11 14:15:10.045041,-30.11714553833008,68.93359375,0.002110977191478,29.617,18.232,0.289,0.0,0,0,1,,0.843,2026-03-11T14:15:10.045041,neutral,0.851,2026-03-11T14:15:10.045041,0.4676029218587507,2026-03-11T14:15:10.890000,73,,,errors=Solid line crossing
participant_08,4,day,Town10HD_Opt,2026-03-11 14:15:11.022912,-25.30379676818848,69.34512329101562,0.002250442514196,23.898,-1.478,0.009,0.0,0,0,1,,1.0,2026-03-11T14:15:11.022912,neutral,0.851,2026-03-11T14:15:10.045041,0.4535042902937444,2026-03-11T14:15:11.879000,75,,,
participant_08,4,day,Town10HD_Opt,2026-03-11 14:15:12.001726,-21.439945220947266,69.70887756347656,0.0020806503016501,21.698,-2.153,0.629,0.0,0,0,1,,0.846,2026-03-11T14:15:12.001726,neutral,0.851,2026-03-11T14:15:10.045041,0.4837496193984528,2026-03-11T14:15:12.915000,78,,,
participant_08,4,day,Town10HD_Opt,2026-03-11 14:15:12.991999,-17.216880798339844,69.97764587402344,0.0018712615128606,27.109,-0.938,0.45,0.0,0,0,1,,1.0,2026-03-11T14:15:12.991999,neutral,0.81,2026-03-11T14:15:12.991999,0.4144968894433663,2026-03-11T14:15:13.905000,79,,,
participant_08,4,day,Town10HD_Opt,2026-03-11 14:15:14.277511,-10.65742015838623,70.26445770263672,0.0020272063557058,28.549,-0.989,0.379,0.0,0,0,1,,1.0,2026-03-11T14:15:14.277511,neutral,0.81,2026-03-11T14:15:12.991999,0.4730810447587465,2026-03-11T14:15:14.896000,78,,,
participant_08,4,day,Town10HD_Opt,2026-03-11 14:15:15.014218,-7.334630966186523,70.32238006591797,0.0020669174846261,28.058,-2.028,0.274,0.0,0,0,1,,1.0,2026-03-11T14:15:15.014218,neutral,0.816,2026-03-11T14:15:15.014218,0.462252783634829,2026-03-11T14:15:15.885000,81,Solid line crossing,Solid line crossing,
participant_08,4,day,Town10HD_Opt,2026-03-11 14:15:16.266601,-1.0705363750457764,70.16181945800781,0.0021086882334202,25.4,-0.254,0.264,0.0,0,0,1,,1.0,2026-03-11T14:15:16.266601,neutral,0.816,2026-03-11T14:15:15.014218,0.486425949513377,2026-03-11T14:15:16.874000,81,,,
participant_08,4,day,Town10HD_Opt,2026-03-11 14:15:17.213173,3.2295684814453125,70.0062255859375,0.0021022413857281,23.582,0.879,0.264,0.0,0,0,1,,1.0,2026-03-11T14:15:17.213173,neutral,0.828,2026-03-11T14:15:17.213173,0.419345236385352,2026-03-11T14:15:17.909000,85,,,
participant_08,4,day,Town10HD_Opt,2026-03-11 14:15:18.203598,7.197510242462158,69.92394256591797,0.002118949778378,21.367,0.759,0.181,0.0,0,0,1,,1.0,2026-03-11T14:15:18.203598,neutral,0.828,2026-03-11T14:15:17.213173,0.3923436452999367,2026-03-11T14:15:18.900000,84,,,
participant_08,4,day,Town10HD_Opt,2026-03-11 14:15:19.127294,10.719893455505373,69.89947509765625,0.0021436309907585,18.409,0.261,0.132,0.0,0,0,1,,1.0,2026-03-11T14:15:19.127294,neutral,0.828,2026-03-11T14:15:17.213173,0.4146495299995991,2026-03-11T14:15:19.890000,83,,,
participant_08,4,day,Town10HD_Opt,2026-03-11 14:15:20.048201,13.823992729187012,69.89639282226562,0.0019501113565638,16.781,0.256,0.164,0.0,0,0,1,,1.0,2026-03-11T14:15:20.048201,neutral,0.866,2026-03-11T14:15:20.048201,0.398269447344809,2026-03-11T14:15:20.880000,80,,,
participant_08,4,day,Town10HD_Opt,2026-03-11 14:15:21.011798,16.685253143310547,69.90513610839844,0.0019451903644949,15.973,0.242,0.18,0.0,0,0,1,,0.839,2026-03-11T14:15:21.011798,neutral,0.866,2026-03-11T14:15:20.048201,0.42119265985705,2026-03-11T14:15:21.915000,81,,,
participant_08,4,day,Town10HD_Opt,2026-03-11 14:15:22.225749,20.27454376220703,69.93077850341797,0.0019449996761977,14.806,0.202,0.178,0.0,0,0,1,,1.0,2026-03-11T14:15:22.225749,neutral,0.835,2026-03-11T14:15:22.225749,0.4314204468694672,2026-03-11T14:15:22.905000,80,,,
participant_08,4,day,Town10HD_Opt,2026-03-11 14:15:23.156886,22.762834548950195,69.95452117919922,0.0020042418036609,12.788,-0.033,0.0,0.04,0,0,1,,0.831,2026-03-11T14:15:23.156886,neutral,0.835,2026-03-11T14:15:22.225749,0.4113361206874948,2026-03-11T14:15:23.895000,78,,,
participant_08,4,day,Town10HD_Opt,2026-03-11 14:15:24.050314,24.5700798034668,69.97032928466797,0.0020921707618981,7.368,-0.033,0.0,0.36,0,0,1,,0.83,2026-03-11T14:15:24.050314,neutral,0.835,2026-03-11T14:15:22.225749,0.4501027223539528,2026-03-11T14:15:24.885000,79,,,
participant_08,4,day,Town10HD_Opt,2026-03-11 14:15:25.228593,25.092342376708984,69.97525787353516,0.0019745253957808,0.139,-0.033,0.323,0.0,0,0,1,,0.839,2026-03-11T14:15:25.228593,neutral,0.807,2026-03-11T14:15:25.228593,0.404631095565333,2026-03-11T14:15:25.875000,77,,,
participant_08,4,day,Town10HD_Opt,2026-03-11 14:15:26.190139,25.41148376464844,69.97767639160156,0.0017596435500308,4.466,-0.033,0.219,0.0,0,0,1,,0.911,2026-03-11T14:15:26.190139,neutral,0.807,2026-03-11T14:15:25.228593,0.4558637622706842,2026-03-11T14:15:26.910000,77,,,
participant_08,4,day,Town10HD_Opt,2026-03-11 14:15:27.127782,26.16775131225586,69.98311614990234,0.002263679401949,0.0,-0.033,0.0,0.248,0,0,1,,0.884,2026-03-11T14:15:27.127782,neutral,0.807,2026-03-11T14:15:25.228593,0.4439828894536153,2026-03-11T14:15:27.900000,76,,,
participant_08,4,day,Town10HD_Opt,2026-03-11 14:15:28.040446,26.16758155822754,69.98308563232422,0.0019345473265275,0.149,-0.033,0.321,0.0,0,0,1,,0.918,2026-03-11T14:15:28.040446,neutral,0.776,2026-03-11T14:15:28.040446,0.4639425381569211,2026-03-11T14:15:28.889000,75,,,
participant_08,4,day,Town10HD_Opt,2026-03-11 14:15:29.010184,26.79050064086914,69.97843933105469,0.001579895033501,8.767,-2.795,0.675,0.0,0,0,1,,0.858,2026-03-11T14:15:29.010184,neutral,0.776,2026-03-11T14:15:28.040446,0.4945260981393368,2026-03-11T14:15:29.881000,76,,,errors=Stop sign violation
participant_08,4,day,Town10HD_Opt,2026-03-11 14:15:30.265878,29.99059295654297,69.66336822509766,0.0018096159910783,16.695,-10.062,0.222,0.0,0,0,1,,1.0,2026-03-11T14:15:30.265878,neutral,0.754,2026-03-11T14:15:30.265878,0.471062536477856,2026-03-11T14:15:30.916000,71,,,
participant_08,4,day,Town10HD_Opt,2026-03-11 14:15:31.253761,32.820411682128906,68.90290832519531,0.0018873214721679,17.458,-10.221,0.429,0.0,0,0,1,,1.0,2026-03-11T14:15:31.253761,neutral,0.754,2026-03-11T14:15:30.265878,0.4676732763624792,2026-03-11T14:15:31.905000,75,,,
participant_08,4,day,Town10HD_Opt,2026-03-11 14:15:32.203887,35.80215072631836,67.56820678710938,0.001956405583769,20.28,-10.538,0.547,0.0,0,0,1,,1.0,2026-03-11T14:15:32.203887,neutral,0.754,2026-03-11T14:15:30.265878,0.4876106363753996,2026-03-11T14:15:32.895000,75,,,
participant_08,4,day,Town10HD_Opt,2026-03-11 14:15:33.171062,39.1126594543457,65.35073852539062,0.001913413987495,25.339,-10.468,0.51,0.0,0,0,1,,0.829,2026-03-11T14:15:33.171062,neutral,0.801,2026-03-11T14:15:33.171062,0.5677167102448115,2026-03-11T14:15:33.885000,76,,,
participant_08,4,day,Town10HD_Opt,2026-03-11 14:15:34.128235,42.21331024169922,62.01530456542969,0.0023126984015107,26.383,-14.418,0.22,0.0,0,0,1,,0.883,2026-03-11T14:15:34.128235,neutral,0.801,2026-03-11T14:15:33.171062,0.5908443803290517,2026-03-11T14:15:34.875000,76,,,
participant_08,4,day,Town10HD_Opt,2026-03-11 14:15:35.081512,44.05754470825195,58.09398651123047,0.0021573256235569,23.253,-13.953,0.183,0.0,0,0,1,,1.0,2026-03-11T14:15:35.081512,neutral,0.801,2026-03-11T14:15:33.171062,0.5331958194868105,2026-03-11T14:15:35.910000,75,,,
participant_08,4,day,Town10HD_Opt,2026-03-11 14:15:36.068350,44.62420272827149,54.33541488647461,0.0021560287568718,20.201,-10.437,0.183,0.0,0,0,1,,1.0,2026-03-11T14:15:36.068350,fear,0.434,2026-03-11T14:15:36.068350,0.5566104541474282,2026-03-11T14:15:36.900000,75,,,
participant_08,4,day,Town10HD_Opt,2026-03-11 14:15:37.022437,44.657020568847656,51.00979995727539,0.0020997237879782,18.177,-1.782,0.278,0.0,0,0,1,,0.92,2026-03-11T14:15:37.022437,fear,0.434,2026-03-11T14:15:36.068350,0.5046158324826235,2026-03-11T14:15:37.889000,77,,,
participant_08,4,day,Town10HD_Opt,2026-03-11 14:15:38.276173,44.5261116027832,46.77924346923828,0.0020597837865352,18.027,-0.9,0.325,0.0,0,0,1,,0.922,2026-03-11T14:15:38.276173,neutral,0.788,2026-03-11T14:15:38.276173,0.5755141547712921,2026-03-11T14:15:38.880000,76,,,
participant_08,4,day,Town10HD_Opt,2026-03-11 14:15:39.274837,44.36949920654297,43.62722396850586,0.0020422744564712,18.063,0.559,0.313,0.0,0,0,1,,0.93,2026-03-11T14:15:39.274837,neutral,0.788,2026-03-11T14:15:38.276173,0.5307295592307636,2026-03-11T14:15:39.915000,74,,,
participant_08,4,day,Town10HD_Opt,2026-03-11 14:15:40.224875,44.4390869140625,40.45109939575195,0.0020614243112504,18.238,7.758,0.288,0.0,0,0,1,,0.91,2026-03-11T14:15:40.224875,neutral,0.788,2026-03-11T14:15:38.276173,0.5752582813348082,2026-03-11T14:15:40.905000,73,,,
participant_08,4,day,Town10HD_Opt,2026-03-11 14:15:41.238595,44.8867073059082,37.28530883789063,0.0020155333913862,18.836,6.594,0.424,0.0,0,0,1,,0.893,2026-03-11T14:15:41.238595,neutral,0.734,2026-03-11T14:15:41.238595,0.6378866757591776,2026-03-11T14:15:41.898000,73,,,
participant_08,4,day,Town10HD_Opt,2026-03-11 14:15:42.206142,45.81046295166016,33.95097732543945,0.0019716643728315,21.27,14.501,0.562,0.0,0,0,1,,0.917,2026-03-11T14:15:42.206142,neutral,0.734,2026-03-11T14:15:41.238595,0.5347157940475765,2026-03-11T14:15:42.887000,72,,,
participant_08,4,day,Town10HD_Opt,2026-03-11 14:15:43.174568,47.89704895019531,30.457433700561523,0.0019146727863699,25.72,15.842,0.544,0.0,0,0,1,,1.0,2026-03-11T14:15:43.174568,neutral,0.734,2026-03-11T14:15:41.238595,0.5587113487811356,2026-03-11T14:15:43.876000,73,,,
participant_08,4,day,Town10HD_Opt,2026-03-11 14:15:44.125586,51.58138656616211,27.357046127319336,0.0019584654364734,29.573,15.558,0.494,0.0,0,0,1,,0.863,2026-03-11T14:15:44.125586,neutral,0.829,2026-03-11T14:15:44.125586,0.5589078821242738,2026-03-11T14:15:44.911000,74,,,
participant_08,4,day,Town10HD_Opt,2026-03-11 14:15:45.191563,56.54424285888672,25.64546585083008,0.0020869064610451,29.917,13.636,0.295,0.0,0,0,1,,0.89,2026-03-11T14:15:45.191563,neutral,0.829,2026-03-11T14:15:44.125586,0.5280376417943653,2026-03-11T14:15:45.900000,73,,,
participant_08,4,day,Town10HD_Opt,2026-03-11 14:15:46.183469,61.63201522827149,25.45411491394043,0.0021049880888313,28.185,1.182,0.186,0.0,0,0,1,,0.914,2026-03-11T14:15:46.183469,neutral,0.77,2026-03-11T14:15:46.183469,0.6112999982922066,2026-03-11T14:15:46.891000,73,,,
participant_08,4,day,Town10HD_Opt,2026-03-11 14:15:47.086892,66.18589782714844,25.48737335205078,0.0022415923886001,22.659,-2.405,0.0,0.0,0,0,1,,0.895,2026-03-11T14:15:47.086892,neutral,0.77,2026-03-11T14:15:46.183469,0.5708813005540517,2026-03-11T14:15:47.880000,73,,,
participant_08,4,day,Town10HD_Opt,2026-03-11 14:15:48.018115,69.67582702636719,25.36924934387207,0.0019789503421634,17.445,0.451,0.0,0.0,0,0,1,,0.888,2026-03-11T14:15:48.018115,neutral,0.77,2026-03-11T14:15:46.183469,0.6141459478036669,2026-03-11T14:15:48.916000,72,,,
participant_08,4,day,Town10HD_Opt,2026-03-11 14:15:49.201403,73.11425018310547,25.282133102416992,0.0020344161894172,12.144,0.987,0.0,0.0,0,0,1,,1.0,2026-03-11T14:15:49.201403,neutral,0.778,2026-03-11T14:15:49.201403,0.4849790432285032,2026-03-11T14:15:49.995000,72,,,
participant_08,4,day,Town10HD_Opt,2026-03-11 14:15:50.119563,75.00611877441406,25.263940811157227,0.0020085906144231,9.326,1.274,0.0,0.0,0,0,1,,0.852,2026-03-11T14:15:50.119563,neutral,0.778,2026-03-11T14:15:49.201403,0.4369057243145579,2026-03-11T14:15:50.940000,73,,,
participant_08,4,day,Town10HD_Opt,2026-03-11 14:15:51.093207,76.478271484375,25.25816535949707,0.0019411849789321,8.017,0.169,0.13,0.0,0,0,1,,0.887,2026-03-11T14:15:51.093207,neutral,0.778,2026-03-11T14:15:49.201403,0.522444531954089,2026-03-11T14:15:51.885000,71,,,
participant_08,4,day,Town10HD_Opt,2026-03-11 14:15:52.023330,77.83265686035156,25.251855850219727,0.001947364769876,7.332,0.012,0.0,0.0,0,0,1,,0.887,2026-03-11T14:15:52.023330,neutral,0.793,2026-03-11T14:15:52.023330,0.4463582662167412,2026-03-11T14:15:52.920000,71,,,
participant_08,4,day,Town10HD_Opt,2026-03-11 14:15:53.220003,79.32192993164062,25.24530029296875,0.0020307921804487,0.53,0.172,0.0,0.088,0,0,1,,0.897,2026-03-11T14:15:53.220003,neutral,0.793,2026-03-11T14:15:52.023330,0.4171268161000264,2026-03-11T14:15:53.910000,72,,,
participant_08,4,day,Town10HD_Opt,2026-03-11 14:15:54.162040,79.33710479736328,25.244911193847656,0.0019508743425831,0.002,0.179,0.0,0.0,0,0,1,,0.824,2026-03-11T14:15:54.162040,neutral,0.696,2026-03-11T14:15:54.162040,0.4739128355839648,2026-03-11T14:15:54.900000,72,,,
participant_08,4,day,Town10HD_Opt,2026-03-11 14:15:55.155462,79.33723449707031,25.244911193847656,0.0019200133392587,0.007,0.179,0.0,0.0,0,0,1,,0.884,2026-03-11T14:15:55.155462,neutral,0.696,2026-03-11T14:15:54.162040,0.3995822736998888,2026-03-11T14:15:55.890000,71,,,
participant_08,4,day,Town10HD_Opt,2026-03-11 14:15:56.104970,79.33741760253906,25.244911193847656,0.0019192122854292,0.002,0.19,0.0,0.0,0,0,1,,1.0,2026-03-11T14:15:56.104970,neutral,0.696,2026-03-11T14:15:54.162040,0.4429596117650586,2026-03-11T14:15:56.881000,73,,,
participant_08,4,day,Town10HD_Opt,2026-03-11 14:15:57.030175,79.33766174316406,25.244909286499023,0.001919288537465,0.001,0.197,0.0,0.0,0,0,1,,0.837,2026-03-11T14:15:57.030175,neutral,0.83,2026-03-11T14:15:57.030175,0.3928858851348991,2026-03-11T14:15:57.917000,71,,,
participant_08,4,day,Town10HD_Opt,2026-03-11 14:15:58.198013,79.34109497070312,25.24482154846192,0.0018946838099509,0.741,-2.598,0.525,0.0,0,0,1,,0.922,2026-03-11T14:15:58.198013,neutral,0.83,2026-03-11T14:15:57.030175,0.4077859932311893,2026-03-11T14:15:58.905000,72,,,
participant_08,4,day,Town10HD_Opt,2026-03-11 14:15:59.110088,80.2103271484375,25.189802169799805,0.0015629577683284,11.044,-6.971,0.738,0.0,0,0,1,,0.93,2026-03-11T14:15:59.110088,neutral,0.77,2026-03-11T14:15:59.110088,0.4341768518505285,2026-03-11T14:15:59.895000,68,,,
participant_08,4,day,Town10HD_Opt,2026-03-11 14:16:00.036706,82.86067962646484,24.90848159790039,0.0018764495616778,18.511,0.078,0.68,0.0,0,0,1,,0.918,2026-03-11T14:16:00.036706,neutral,0.77,2026-03-11T14:15:59.110088,0.4886064435233234,2026-03-11T14:16:00.887000,69,,,
participant_08,4,day,Town10HD_Opt,2026-03-11 14:16:01.281151,88.29884338378906,24.47665023803711,0.0016621779650449,32.049,-2.967,0.776,0.0,0,0,1,,0.808,2026-03-11T14:16:01.281151,fear,0.454,2026-03-11T14:16:01.281151,0.4818277827536067,2026-03-11T14:16:01.921000,71,,,
participant_08,4,day,Town10HD_Opt,2026-03-11 14:16:02.199594,94.33032989501952,23.32048988342285,0.0020476912613958,38.1,-12.476,0.574,0.0,0,0,1,,0.907,2026-03-11T14:16:02.199594,fear,0.454,2026-03-11T14:16:01.281151,0.5175102181980051,2026-03-11T14:16:02.910000,71,,,
participant_08,4,day,Town10HD_Opt,2026-03-11 14:16:03.137554,100.24140167236328,19.837995529174805,0.0018050002399832,40.961,-11.147,0.562,0.0,0,0,1,,0.879,2026-03-11T14:16:03.137554,fear,0.454,2026-03-11T14:16:01.281151,0.4136624783021818,2026-03-11T14:16:03.901000,70,,,
participant_08,4,day,Town10HD_Opt,2026-03-11 14:16:04.003467,104.76850128173828,14.102824211120604,0.0032710647210478,43.154,-10.425,0.559,0.0,0,0,1,,0.845,2026-03-11T14:16:04.003467,neutral,0.73,2026-03-11T14:16:04.003467,0.4585130461383074,2026-03-11T14:16:04.890000,70,,,
participant_08,4,day,Town10HD_Opt,2026-03-11 14:16:05.254902,107.23779296875,4.179116249084473,0.0019944761879742,45.413,-5.586,0.529,0.0,0,0,1,,0.874,2026-03-11T14:16:05.254902,neutral,0.73,2026-03-11T14:16:04.003467,0.4646446099072658,2026-03-11T14:16:05.928000,70,,,
participant_08,4,day,Town10HD_Opt,2026-03-11 14:16:06.161830,107.05648803710938,-3.893966197967529,0.002004203852266,46.792,0.681,0.51,0.0,0,0,1,,0.907,2026-03-11T14:16:06.161830,neutral,0.5,2026-03-11T14:16:06.161830,0.5336200250305689,2026-03-11T14:16:06.916000,68,,,
participant_08,4,day,Town10HD_Opt,2026-03-11 14:16:07.059335,107.02392578125,-12.055896759033203,0.0021075056865811,45.546,1.081,0.332,0.0,0,0,1,,0.894,2026-03-11T14:16:07.059335,neutral,0.5,2026-03-11T14:16:06.161830,0.4938853842209599,2026-03-11T14:16:07.906000,67,,,
participant_08,4,day,Town10HD_Opt,2026-03-11 14:16:08.209503,107.26588439941406,-22.168212890625,0.0021509933285415,40.772,-1.906,0.323,0.0,0,0,1,,0.882,2026-03-11T14:16:08.209503,neutral,0.818,2026-03-11T14:16:08.209503,0.611377969742688,2026-03-11T14:16:08.895000,68,,,
participant_08,4,day,Town10HD_Opt,2026-03-11 14:16:09.159095,106.9410629272461,-29.09353256225586,0.0021342085674405,38.116,-3.426,0.324,0.0,0,0,1,,0.883,2026-03-11T14:16:09.159095,neutral,0.818,2026-03-11T14:16:08.209503,0.5429363805491757,2026-03-11T14:16:09.886000,67,,,
participant_08,4,day,Town10HD_Opt,2026-03-11 14:16:10.024869,105.91120910644533,-35.47372817993164,0.0021245193202048,35.797,-5.17,0.325,0.0,0,0,1,,0.929,2026-03-11T14:16:10.024869,neutral,0.818,2026-03-11T14:16:08.209503,0.5524593173181024,2026-03-11T14:16:10.921000,65,,,
participant_08,4,day,Town10HD_Opt,2026-03-11 14:16:11.162669,103.23189544677734,-43.02293395996094,0.0021097182761877,33.022,-5.482,0.326,0.0,0,0,1,,0.934,2026-03-11T14:16:11.162669,neutral,0.757,2026-03-11T14:16:11.162669,0.5002000945462527,2026-03-11T14:16:11.910000,68,,,
participant_08,4,day,Town10HD_Opt,2026-03-11 14:16:12.058038,100.46843719482422,-47.94252014160156,0.0020978164393454,31.419,-4.501,0.328,0.0,0,0,1,,0.86,2026-03-11T14:16:12.058038,neutral,0.757,2026-03-11T14:16:11.162669,0.4989522555716021,2026-03-11T14:16:12.900000,68,,,
participant_08,4,day,Town10HD_Opt,2026-03-11 14:16:13.181912,96.05134582519533,-53.57670211791992,0.002019042847678,31.048,-4.818,0.531,0.0,0,0,1,,0.934,2026-03-11T14:16:13.181912,neutral,0.836,2026-03-11T14:16:13.181912,0.6058413246770558,2026-03-11T14:16:13.891000,70,,,
participant_08,4,day,Town10HD_Opt,2026-03-11 14:16:14.093756,91.89002990722656,-57.44722366333008,0.0019290542695671,34.493,-4.886,0.494,0.0,0,0,1,,0.814,2026-03-11T14:16:14.093756,neutral,0.836,2026-03-11T14:16:13.181912,0.6150882721857974,2026-03-11T14:16:14.925000,72,,,
participant_08,4,day,Town10HD_Opt,2026-03-11 14:16:15.015866,86.78764343261719,-61.00434494018555,0.001980056753382,36.663,-4.839,0.489,0.0,0,0,1,,0.854,2026-03-11T14:16:15.015866,neutral,0.836,2026-03-11T14:16:13.181912,0.5604246597016688,2026-03-11T14:16:15.915000,73,,,
participant_08,4,day,Town10HD_Opt,2026-03-11 14:16:16.196045,78.84988403320312,-64.6767578125,0.0020062637049704,38.462,-4.841,0.48,0.0,0,0,1,,0.877,2026-03-11T14:16:16.196045,neutral,0.745,2026-03-11T14:16:16.196045,0.4625218657247735,2026-03-11T14:16:16.906000,71,,,
participant_08,4,day,Town10HD_Opt,2026-03-11 14:16:17.037306,72.25634765625,-66.36837005615234,0.0020128630567342,39.51,-4.66,0.48,0.0,0,0,1,,1.0,2026-03-11T14:16:17.037306,neutral,0.745,2026-03-11T14:16:16.196045,0.5267726539770573,2026-03-11T14:16:16.906000,71,,,
participant_08,4,day,Town10HD_Opt,2026-03-11 14:16:18.183186,62.94578552246094,-67.21733856201172,0.002013282617554,40.767,-0.978,0.48,0.0,0,0,1,,0.819,2026-03-11T14:16:18.183186,neutral,0.745,2026-03-11T14:16:16.196045,0.5603224786617027,2026-03-11T14:16:18.885000,73,,,
participant_08,4,day,Town10HD_Opt,2026-03-11 14:16:19.051509,55.74872589111328,-67.44524383544922,0.002016334561631,41.588,-0.698,0.48,0.0,0,0,1,,1.0,2026-03-11T14:16:19.051509,neutral,0.488,2026-03-11T14:16:19.051509,0.540673128399857,2026-03-11T14:16:19.920000,70,,,
participant_08,4,day,Town10HD_Opt,2026-03-11 14:16:20.159185,45.94231414794922,-67.49436950683594,0.0020211411174386,42.508,-0.684,0.48,0.0,0,0,1,,1.0,2026-03-11T14:16:20.159185,neutral,0.488,2026-03-11T14:16:19.051509,0.4669851355783762,2026-03-11T14:16:20.910000,72,,,
participant_08,4,day,Town10HD_Opt,2026-03-11 14:16:21.023121,38.458683013916016,-67.32050323486328,0.0020239639561623,43.086,-0.289,0.48,0.0,0,0,1,,1.0,2026-03-11T14:16:21.023121,neutral,0.488,2026-03-11T14:16:19.051509,0.6257724022436936,2026-03-11T14:16:20.910000,73,,,
participant_08,4,day,Town10HD_Opt,2026-03-11 14:16:22.170292,28.367172241210938,-66.99794006347656,0.0020823669619858,42.43,0.148,0.0,0.0,0,0,1,,1.0,2026-03-11T14:16:22.170292,disgust,0.816,2026-03-11T14:16:22.170292,0.5253720210802146,2026-03-11T14:16:22.890000,71,,,
participant_08,4,day,Town10HD_Opt,2026-03-11 14:16:23.082184,21.63541412353516,-66.8456802368164,0.0023292540572583,33.525,0.484,0.0,0.0,0,0,1,,1.0,2026-03-11T14:16:23.082184,disgust,0.816,2026-03-11T14:16:22.170292,0.5091458141080443,2026-03-11T14:16:23.880000,70,,,
participant_08,4,day,Town10HD_Opt,2026-03-11 14:16:24.247993,14.798044204711914,-66.83330535888672,0.002171134809032,26.12,0.562,0.22,0.0,0,0,1,,1.0,2026-03-11T14:16:24.247993,neutral,0.696,2026-03-11T14:16:24.247993,0.5655567313627334,2026-03-11T14:16:24.916000,71,,,
participant_08,4,day,Town10HD_Opt,2026-03-11 14:16:25.132024,10.450592041015623,-66.90597534179688,0.0021330642048269,23.361,0.27,0.218,0.0,0,0,1,,0.806,2026-03-11T14:16:25.132024,neutral,0.696,2026-03-11T14:16:24.247993,0.618161917784429,2026-03-11T14:16:25.905000,69,,,
participant_08,4,day,Town10HD_Opt,2026-03-11 14:16:26.240686,5.35352897644043,-67.02861022949219,0.0021182631608098,20.2,0.31,0.218,0.0,0,0,1,,0.821,2026-03-11T14:16:26.240686,neutral,0.696,2026-03-11T14:16:24.247993,0.5953124375171573,2026-03-11T14:16:26.895000,68,,,
participant_08,4,day,Town10HD_Opt,2026-03-11 14:16:27.107710,1.985431432723999,-67.13326263427734,0.002109489403665,18.152,0.31,0.219,0.0,0,0,1,,1.0,2026-03-11T14:16:27.107710,neutral,0.826,2026-03-11T14:16:27.107710,0.5261661530748718,2026-03-11T14:16:27.885000,68,,,
participant_08,4,day,Town10HD_Opt,2026-03-11 14:16:28.191735,-2.220100164413452,-67.29378509521484,0.001856651273556,17.833,0.31,0.219,0.0,0,0,1,,0.889,2026-03-11T14:16:28.191735,neutral,0.826,2026-03-11T14:16:27.107710,0.5245680348466022,2026-03-11T14:16:28.920000,67,,,
participant_08,4,day,Town10HD_Opt,2026-03-11 14:16:29.079434,-5.291754245758057,-67.43140411376953,0.0019356155535206,17.27,0.287,0.219,0.0,0,0,1,,1.0,2026-03-11T14:16:29.079434,neutral,0.826,2026-03-11T14:16:27.107710,0.4931286299839123,2026-03-11T14:16:29.910000,67,,,
participant_08,4,day,Town10HD_Opt,2026-03-11 14:16:30.198610,-9.249777793884276,-67.6281509399414,0.0019324492895975,16.683,-0.36,0.217,0.0,0,0,1,,1.0,2026-03-11T14:16:30.198610,disgust,0.778,2026-03-11T14:16:30.198610,0.5641275947491817,2026-03-11T14:16:30.901000,71,,,
participant_08,4,day,Town10HD_Opt,2026-03-11 14:16:31.115356,-12.065512657165527,-67.73383331298828,0.0020073698833584,14.606,-0.632,0.0,0.0,0,0,1,,1.0,2026-03-11T14:16:31.115356,disgust,0.778,2026-03-11T14:16:30.198610,0.5518681418262806,2026-03-11T14:16:31.892000,69,,,
participant_08,4,day,Town10HD_Opt,2026-03-11 14:16:32.194141,-14.975505828857422,-67.82669067382812,0.0020170211791992,10.28,-0.169,0.0,0.0,0,0,1,,0.913,2026-03-11T14:16:32.194141,disgust,0.778,2026-03-11T14:16:30.198610,0.5823466033878677,2026-03-11T14:16:32.881000,70,,,
participant_08,4,day,Town10HD_Opt,2026-03-11 14:16:33.063228,-16.57384490966797,-67.87489318847656,0.0019887923263013,7.945,-0.186,0.0,0.0,0,0,1,,1.0,2026-03-11T14:16:33.063228,neutral,0.887,2026-03-11T14:16:33.063228,0.5263713694908349,2026-03-11T14:16:33.916000,69,,,
participant_08,4,day,Town10HD_Opt,2026-03-11 14:16:34.124993,-18.15187263488769,-67.91958618164062,0.0019697952084243,5.505,-0.209,0.0,0.0,0,0,1,,1.0,2026-03-11T14:16:34.124993,neutral,0.887,2026-03-11T14:16:33.063228,0.5797400789762539,2026-03-11T14:16:34.908000,72,,,
participant_08,4,day,Town10HD_Opt,2026-03-11 14:16:35.224998,-19.241661071777344,-67.94865417480469,0.001974792452529,3.54,-0.209,0.044,0.0,0,0,1,,0.83,2026-03-11T14:16:35.224998,neutral,0.841,2026-03-11T14:16:35.224998,0.5549791467470401,2026-03-11T14:16:35.897000,69,,,
participant_08,4,day,Town10HD_Opt,2026-03-11 14:16:36.087455,-19.7937126159668,-67.96278381347656,0.0019468306563794,2.691,-0.211,0.039,0.0,0,0,1,,0.826,2026-03-11T14:16:36.087455,neutral,0.841,2026-03-11T14:16:35.224998,0.4846365133818532,2026-03-11T14:16:36.886000,69,,,
participant_08,4,day,Town10HD_Opt,2026-03-11 14:16:37.189465,-20.3541202545166,-67.97667694091797,0.0019191360333934,2.372,-0.211,0.08,0.0,0,0,1,,1.0,2026-03-11T14:16:37.189465,neutral,0.841,2026-03-11T14:16:35.224998,0.5114387629849199,2026-03-11T14:16:37.920000,70,,,
participant_08,4,day,Town10HD_Opt,2026-03-11 14:16:38.025653,-20.755523681640625,-67.9863052368164,0.0019197082147002,2.388,-0.211,0.079,0.0,0,0,1,,1.0,2026-03-11T14:16:38.025653,neutral,0.772,2026-03-11T14:16:38.025653,0.5489506628518682,2026-03-11T14:16:37.920000,68,,,
participant_08,4,day,Town10HD_Opt,2026-03-11 14:16:39.144369,-21.278705596923828,-67.99905395507812,0.0019181059906259,2.359,-0.303,0.079,0.0,0,0,1,,1.0,2026-03-11T14:16:39.144369,neutral,0.772,2026-03-11T14:16:38.025653,0.4363635412055357,2026-03-11T14:16:39.946000,72,,,
participant_08,4,day,Town10HD_Opt,2026-03-11 14:16:40.215721,-22.338281631469727,-68.02104949951172,0.0014955520164221,13.303,-1.126,1.0,0.0,0,0,1,,1.0,2026-03-11T14:16:40.215721,neutral,0.3,2026-03-11T14:16:40.215721,0.4622586643345661,2026-03-11T14:16:40.891000,69,,,
participant_08,4,day,Town10HD_Opt,2026-03-11 14:16:41.095394,-25.638383865356445,-68.06746673583984,0.0016347122145816,26.5,-0.407,0.98,0.0,0,0,1,,1.0,2026-03-11T14:16:41.095394,neutral,0.3,2026-03-11T14:16:40.215721,0.4504802515109302,2026-03-11T14:16:41.926000,69,,,
participant_08,4,day,Town10HD_Opt,2026-03-11 14:16:42.162367,-33.98416519165039,-68.10005950927734,0.0016149901784956,45.254,-0.244,0.911,0.0,0,0,1,,1.0,2026-03-11T14:16:42.162367,neutral,0.3,2026-03-11T14:16:40.215721,0.4364831777164736,2026-03-11T14:16:42.917000,69,,,
participant_08,4,day,Town10HD_Opt,2026-03-11 14:16:43.252544,-45.44465637207031,-67.98456573486328,0.0027944182511419,48.173,-0.266,0.867,0.0,0,0,1,,1.0,2026-03-11T14:16:43.252544,neutral,0.712,2026-03-11T14:16:43.252544,0.4728676315920694,2026-03-11T14:16:43.906000,67,,,
participant_08,4,day,Town10HD_Opt,2026-03-11 14:16:44.124134,-54.19749069213867,-67.7772445678711,0.0021073913667351,48.688,-0.266,0.85,0.0,0,0,1,,1.0,2026-03-11T14:16:44.124134,neutral,0.712,2026-03-11T14:16:43.252544,0.4700350823471073,2026-03-11T14:16:44.896000,69,,,
participant_08,4,day,Town10HD_Opt,2026-03-11 14:16:44.987754,-62.92961120605469,-67.46438598632812,0.002148971427232,49.292,-1.619,0.835,0.0,0,0,1,,1.0,2026-03-11T14:16:44.987754,neutral,0.712,2026-03-11T14:16:43.252544,0.4420587068479695,2026-03-11T14:16:45.885000,71,,,
participant_08,4,day,Town10HD_Opt,2026-03-11 14:16:46.145278,-74.53531646728516,-66.25674438476562,0.001944770803675,51.313,-3.516,0.0,0.105,0,0,1,,1.0,2026-03-11T14:16:46.145278,neutral,0.83,2026-03-11T14:16:46.145278,0.4401491835007831,2026-03-11T14:16:46.920000,70,,,
participant_08,4,day,Town10HD_Opt,2026-03-11 14:16:47.044475,-82.96094512939453,-63.94218444824219,0.001926879864186,51.613,-5.78,0.0,0.122,0,0,1,,1.0,2026-03-11T14:16:47.044475,neutral,0.83,2026-03-11T14:16:46.145278,0.4023034423200756,2026-03-11T14:16:47.911000,71,,,
participant_08,4,day,Town10HD_Opt,2026-03-11 14:16:48.152923,-93.09765625,-58.106292724609375,0.0019272613571956,51.098,-4.365,0.0,0.11,0,0,1,,1.0,2026-03-11T14:16:48.152923,disgust,0.389,2026-03-11T14:16:48.152923,0.4350128975625012,2026-03-11T14:16:48.901000,74,,,
participant_08,4,day,Town10HD_Opt,2026-03-11 14:16:49.220421,-101.35604095458984,-49.91871643066406,0.0021142195910215,49.494,-4.785,0.82,0.0,0,0,1,,1.0,2026-03-11T14:16:49.220421,disgust,0.389,2026-03-11T14:16:48.152923,0.3653849934351479,2026-03-11T14:16:49.891000,74,,,
participant_08,4,day,Town10HD_Opt,2026-03-11 14:16:50.073556,-106.00668334960938,-42.580326080322266,0.00202003470622,49.858,-4.804,0.184,0.0,0,0,1,,1.0,2026-03-11T14:16:50.073556,disgust,0.389,2026-03-11T14:16:48.152923,0.5119334596833642,2026-03-11T14:16:50.881000,73,,,
participant_08,4,day,Town10HD_Opt,2026-03-11 14:16:51.187016,-109.42648315429688,-33.06348419189453,0.0023785019293427,35.518,-4.825,0.0,0.0,0,0,1,,0.846,2026-03-11T14:16:51.187016,sad,0.417,2026-03-11T14:16:51.187016,0.4698024350285986,2026-03-11T14:16:51.915000,72,,,
participant_08,4,day,Town10HD_Opt,2026-03-11 14:16:52.075024,-110.25020599365234,-27.5059757232666,0.0023054503835737,27.829,-3.747,0.067,0.0,0,0,1,,1.0,2026-03-11T14:16:52.075024,sad,0.417,2026-03-11T14:16:51.187016,0.4560532475812647,2026-03-11T14:16:52.905000,74,,,
participant_08,4,day,Town10HD_Opt,2026-03-11 14:16:53.249609,-110.44356536865234,-21.716476440429688,0.0019973753951489,25.117,-0.884,0.904,0.0,0,0,1,,1.0,2026-03-11T14:16:53.249609,neutral,0.851,2026-03-11T14:16:53.249609,0.4351252743582747,2026-03-11T14:16:53.896000,73,,,
participant_08,4,day,Town10HD_Opt,2026-03-11 14:16:54.209472,-110.44886779785156,-16.275657653808594,0.001602325355634,39.292,-0.153,0.909,0.0,0,0,1,,1.0,2026-03-11T14:16:54.209472,neutral,0.851,2026-03-11T14:16:53.249609,0.4401590598751599,2026-03-11T14:16:54.886000,73,,,
participant_08,4,day,Town10HD_Opt,2026-03-11 14:16:55.141051,-110.42290496826172,-8.558015823364258,0.0016574477776885,50.436,0.0,0.846,0.0,0,0,1,,1.0,2026-03-11T14:16:55.141051,neutral,0.851,2026-03-11T14:16:53.249609,0.3601869308974235,2026-03-11T14:16:55.965000,72,,,
participant_08,4,day,Town10HD_Opt,2026-03-11 14:16:56.076225,-110.38150787353516,0.129364475607872,0.0022981644142419,45.017,0.068,0.0,0.0,0,0,1,,1.0,2026-03-11T14:16:56.076225,disgust,0.803,2026-03-11T14:16:56.076225,0.3774473178781191,2026-03-11T14:16:56.911000,73,,,
participant_08,4,day,Town10HD_Opt,2026-03-11 14:16:57.028754,-110.18648529052734,7.164276599884033,0.0023678205907344,34.726,-7.979,0.0,0.0,0,0,1,,1.0,2026-03-11T14:16:57.028754,disgust,0.803,2026-03-11T14:16:56.076225,0.3814329895315773,2026-03-11T14:16:57.900000,72,,,
participant_08,4,day,Town10HD_Opt,2026-03-11 14:16:58.214613,-108.52227020263672,13.84768772125244,0.0023350142873823,24.215,-6.469,0.0,0.0,0,0,1,,0.82,2026-03-11T14:16:58.214613,neutral,0.834,2026-03-11T14:16:58.214613,0.422125807709982,2026-03-11T14:16:58.891000,72,,,
participant_08,4,day,Town10HD_Opt,2026-03-11 14:16:59.228427,-106.89096069335938,17.23970603942871,0.002207298297435,18.926,-10.35,0.174,0.0,0,0,1,,0.855,2026-03-11T14:16:59.228427,neutral,0.834,2026-03-11T14:16:58.214613,0.4015309448765062,2026-03-11T14:16:59.926000,74,,,
participant_08,4,day,Town10HD_Opt,2026-03-11 14:17:00.189124,-105.00686645507812,19.79562187194824,0.0018829344771802,17.639,-10.49,0.158,0.0,0,0,1,,0.806,2026-03-11T14:17:00.189124,neutral,0.834,2026-03-11T14:16:58.214613,0.4392449133030972,2026-03-11T14:17:00.916000,74,,,
participant_08,4,day,Town10HD_Opt,2026-03-11 14:17:01.144698,-102.90584564208984,21.818681716918945,0.002007408067584,15.239,-10.451,0.0,0.0,0,0,1,,0.836,2026-03-11T14:17:01.144698,neutral,0.769,2026-03-11T14:17:01.144698,0.360169871742814,2026-03-11T14:17:01.907000,72,,,
participant_08,4,day,Town10HD_Opt,2026-03-11 14:17:02.104470,-100.97574615478516,23.197900772094727,0.0020336913876235,11.725,-10.442,0.0,0.0,0,0,1,,1.0,2026-03-11T14:17:02.104470,neutral,0.769,2026-03-11T14:17:01.144698,0.4328563147892201,2026-03-11T14:17:02.896000,73,,,
participant_08,4,day,Town10HD_Opt,2026-03-11 14:17:03.072019,-99.4513931274414,24.03972625732422,0.002060470636934,7.634,-10.442,0.0,0.232,0,0,1,,1.0,2026-03-11T14:17:03.072019,neutral,0.769,2026-03-11T14:17:01.144698,0.3529765678381429,2026-03-11T14:17:03.886000,72,,,
participant_08,4,day,Town10HD_Opt,2026-03-11 14:17:04.032843,-98.81804656982422,24.33336639404297,0.0021656798198819,0.001,-10.442,0.0,0.21,0,0,1,,0.836,2026-03-11T14:17:04.032843,neutral,0.812,2026-03-11T14:17:04.032843,0.3650732337230248,2026-03-11T14:17:04.920000,76,,,
participant_08,4,day,Town10HD_Opt,2026-03-11 14:17:05.050151,-98.81776428222656,24.33345603942871,0.0019286727765575,0.001,-10.442,0.0,0.0,0,0,1,,1.0,2026-03-11T14:17:05.050151,neutral,0.812,2026-03-11T14:17:04.032843,0.4136095694603561,2026-03-11T14:17:05.911000,76,,,
participant_08,4,day,Town10HD_Opt,2026-03-11 14:17:06.028368,-98.81704711914062,24.333784103393555,0.0019144057296216,0.476,-10.461,0.823,0.0,0,0,1,,1.0,2026-03-11T14:17:06.028368,neutral,0.812,2026-03-11T14:17:04.032843,0.3959779626782058,2026-03-11T14:17:06.901000,74,,,
participant_08,4,day,Town10HD_Opt,2026-03-11 14:17:07.001089,-97.72682189941406,24.76144218444824,0.0014048767043277,15.464,-11.243,1.0,0.0,0,0,1,,1.0,2026-03-11T14:17:07.001089,neutral,0.853,2026-03-11T14:17:07.001089,0.3247335396515741,2026-03-11T14:17:07.891000,75,,,
participant_08,4,day,Town10HD_Opt,2026-03-11 14:17:08.276555,-92.6659164428711,26.166566848754883,0.0018288802821189,27.838,-2.607,0.502,0.0,0,0,1,,0.892,2026-03-11T14:17:08.276555,neutral,0.853,2026-03-11T14:17:07.001089,0.4243542041270905,2026-03-11T14:17:08.925000,74,,,
participant_08,4,day,Town10HD_Opt,2026-03-11 14:17:09.218405,-87.6161880493164,27.13795280456543,0.0019355010008439,31.151,-2.906,0.515,0.0,0,0,1,,0.897,2026-03-11T14:17:09.218405,neutral,0.325,2026-03-11T14:17:09.218405,0.3933512311748127,2026-03-11T14:17:09.916000,76,,,
participant_08,4,day,Town10HD_Opt,2026-03-11 14:17:10.174499,-81.97632598876953,27.794395446777344,0.0019850158132612,33.139,-2.372,0.0,0.0,0,0,1,,1.0,2026-03-11T14:17:10.174499,neutral,0.325,2026-03-11T14:17:09.218405,0.312103516234164,2026-03-11T14:17:10.906000,76,,,
participant_08,4,day,Town10HD_Opt,2026-03-11 14:17:11.097694,-76.71068572998047,28.06521224975586,0.0022735595703125,26.073,-2.283,0.0,0.22,0,0,1,,1.0,2026-03-11T14:17:11.097694,neutral,0.325,2026-03-11T14:17:09.218405,0.3730845028748028,2026-03-11T14:17:11.896000,79,,,
participant_08,4,day,Town10HD_Opt,2026-03-11 14:17:12.058291,-72.79254913330078,28.06182098388672,0.0022995376493781,18.046,-1.093,0.0,0.229,0,0,1,,1.0,2026-03-11T14:17:12.058291,neutral,0.875,2026-03-11T14:17:12.058291,0.398406718291873,2026-03-11T14:17:12.886000,81,,,
participant_08,4,day,Town10HD_Opt,2026-03-11 14:17:12.991558,-70.08612823486328,28.01803207397461,0.0020908354781568,12.466,0.602,0.0,0.23,0,0,1,,1.0,2026-03-11T14:17:12.991558,neutral,0.875,2026-03-11T14:17:12.058291,0.3680182421096897,2026-03-11T14:17:12.886000,78,,,
participant_08,4,day,Town10HD_Opt,2026-03-11 14:17:14.197931,-67.84396362304688,27.999467849731445,0.0020580291748046,6.531,0.049,0.0,0.241,0,0,1,,0.81,2026-03-11T14:17:14.197931,neutral,0.748,2026-03-11T14:17:14.197931,0.4825002849374186,2026-03-11T14:17:14.911000,79,,,
participant_08,4,day,Town10HD_Opt,2026-03-11 14:17:15.135797,-67.45134735107422,27.995492935180664,0.0020220566075295,0.0,0.035,0.0,0.239,0,0,1,,0.809,2026-03-11T14:17:15.135797,neutral,0.748,2026-03-11T14:17:14.197931,0.4208014252444405,2026-03-11T14:17:15.901000,79,,,
participant_08,4,day,Town10HD_Opt,2026-03-11 14:17:16.097090,-67.45096588134766,27.99549102783203,0.0019232940394431,0.003,-0.002,0.0,0.0,0,0,1,,0.863,2026-03-11T14:17:16.097090,neutral,0.748,2026-03-11T14:17:14.197931,0.4601990984478132,2026-03-11T14:17:16.892000,79,,,
participant_08,4,day,Town10HD_Opt,2026-03-11 14:17:16.994119,-67.45068359375,27.99549102783203,0.0019192504696547,0.0,0.157,0.0,0.0,0,0,1,,1.0,2026-03-11T14:17:16.994119,neutral,0.839,2026-03-11T14:17:16.994119,0.4500552857297076,2026-03-11T14:17:16.892000,78,,,
participant_08,4,day,Town10HD_Opt,2026-03-11 14:17:18.219476,-67.45057678222656,27.99549102783203,0.0019190978491678,0.0,0.07,0.0,0.0,0,0,1,,1.0,2026-03-11T14:17:18.219476,neutral,0.839,2026-03-11T14:17:16.994119,0.4800215944087991,2026-03-11T14:17:18.916000,75,,,
participant_08,4,day,Town10HD_Opt,2026-03-11 14:17:19.079550,-67.45059204101562,27.99549102783203,0.001919021597132,0.006,0.042,0.0,0.0,0,0,1,,1.0,2026-03-11T14:17:19.079550,disgust,0.627,2026-03-11T14:17:19.079550,0.5207138048646088,2026-03-11T14:17:19.906000,74,,,
participant_08,4,day,Town10HD_Opt,2026-03-11 14:17:20.011868,-67.45063018798828,27.99549102783203,0.0019188689766451,0.006,-0.073,0.0,0.0,0,0,1,,1.0,2026-03-11T14:17:20.011868,disgust,0.627,2026-03-11T14:17:19.079550,0.4838198012182219,2026-03-11T14:17:20.896000,74,,,
participant_08,4,day,Town10HD_Opt,2026-03-11 14:17:21.179491,-67.45050048828125,27.99549102783203,0.0019188689766451,0.006,-0.106,0.0,0.0,0,0,1,,1.0,2026-03-11T14:17:21.179491,neutral,0.915,2026-03-11T14:17:21.179491,0.5274963462494313,2026-03-11T14:17:21.886000,75,,,
participant_08,4,day,Town10HD_Opt,2026-03-11 14:17:22.159894,-67.45038604736328,27.99549102783203,0.0019191360333934,0.002,-0.268,0.0,0.0,0,0,1,,1.0,2026-03-11T14:17:22.159894,neutral,0.915,2026-03-11T14:17:21.179491,0.4868818559712369,2026-03-11T14:17:22.921000,78,,,
participant_08,4,day,Town10HD_Opt,2026-03-11 14:17:23.068809,-67.45016479492188,27.99549102783203,0.0019193649059161,0.001,-0.449,0.0,0.0,0,0,1,,1.0,2026-03-11T14:17:23.068809,neutral,0.915,2026-03-11T14:17:21.179491,0.4610530569595211,2026-03-11T14:17:23.911000,76,,,
participant_08,4,day,Town10HD_Opt,2026-03-11 14:17:24.247049,-67.45006561279297,27.99549102783203,0.0019193267216905,0.001,-0.463,0.0,0.0,0,0,1,,1.0,2026-03-11T14:17:24.247049,neutral,0.66,2026-03-11T14:17:24.247049,0.4656500233689632,2026-03-11T14:17:24.902000,75,,,
participant_08,4,day,Town10HD_Opt,2026-03-11 14:17:25.155420,-67.4499282836914,27.99549102783203,0.0019190596649423,0.006,-0.463,0.0,0.0,0,0,1,,1.0,2026-03-11T14:17:25.155420,neutral,0.66,2026-03-11T14:17:24.247049,0.3447770376950339,2026-03-11T14:17:25.891000,75,,,
participant_08,4,day,Town10HD_Opt,2026-03-11 14:17:26.058022,-67.4499740600586,27.99549102783203,0.0019188689766451,0.006,-0.463,0.0,0.0,0,0,1,,1.0,2026-03-11T14:17:26.058022,neutral,0.66,2026-03-11T14:17:24.247049,0.4275855607840823,2026-03-11T14:17:26.926000,76,,,
participant_08,4,day,Town10HD_Opt,2026-03-11 14:17:27.186649,-67.44984436035156,27.99549102783203,0.0019189071608707,0.006,-0.463,0.0,0.0,0,0,1,,1.0,2026-03-11T14:17:27.186649,neutral,0.832,2026-03-11T14:17:27.186649,0.4390484769887963,2026-03-11T14:17:27.917000,73,,,
participant_08,4,day,Town10HD_Opt,2026-03-11 14:17:28.046831,-67.4498291015625,27.99549102783203,0.0019190978491678,0.002,-0.461,0.0,0.0,0,0,1,,1.0,2026-03-11T14:17:28.046831,neutral,0.832,2026-03-11T14:17:27.186649,0.4623139512909038,2026-03-11T14:17:27.917000,72,,,
participant_08,4,day,Town10HD_Opt,2026-03-11 14:17:29.148973,-67.44971466064453,27.99549102783203,0.0019190978491678,0.002,-0.461,0.0,0.0,0,0,1,,1.0,2026-03-11T14:17:29.148973,neutral,0.832,2026-03-11T14:17:27.186649,0.4487713944278187,2026-03-11T14:17:29.941000,70,,,
participant_08,4,day,Town10HD_Opt,2026-03-11 14:17:30.014343,-67.44952392578125,27.99549102783203,0.0019192504696547,0.002,-0.451,0.0,0.0,0,0,1,,1.0,2026-03-11T14:17:30.014343,neutral,0.771,2026-03-11T14:17:30.014343,0.4671468184431295,2026-03-11T14:17:30.931000,69,,,
participant_08,4,day,Town10HD_Opt,2026-03-11 14:17:31.237918,-67.44941711425781,27.99549102783203,0.0019192122854292,0.002,-0.451,0.0,0.0,0,0,1,,1.0,2026-03-11T14:17:31.237918,neutral,0.771,2026-03-11T14:17:30.014343,0.4068641814065935,2026-03-11T14:17:31.921000,71,,,
participant_08,4,day,Town10HD_Opt,2026-03-11 14:17:32.130010,-67.44917297363281,27.995492935180664,0.0019190978491678,0.001,-0.451,0.0,0.0,0,0,1,,1.0,2026-03-11T14:17:32.130010,neutral,0.846,2026-03-11T14:17:32.130010,0.4015380643122803,2026-03-11T14:17:32.911000,71,,,
participant_08,4,day,Town10HD_Opt,2026-03-11 14:17:33.035799,-67.44918060302734,27.995492935180664,0.0019189834129065,0.006,-0.414,0.0,0.0,0,0,1,,1.0,2026-03-11T14:17:33.035799,neutral,0.846,2026-03-11T14:17:32.130010,0.4244664921499187,2026-03-11T14:17:33.902000,70,,,
participant_08,4,day,Town10HD_Opt,2026-03-11 14:17:34.200151,-67.44905090332031,27.995492935180664,0.001919021597132,0.006,-0.395,0.0,0.0,0,0,1,,1.0,2026-03-11T14:17:34.200151,disgust,0.742,2026-03-11T14:17:34.200151,0.5446395568359984,2026-03-11T14:17:34.891000,67,,,
participant_08,4,day,Town10HD_Opt,2026-03-11 14:17:35.147052,-67.4490966796875,27.995492935180664,0.0019188307924196,0.006,-0.395,0.0,0.0,0,0,1,,1.0,2026-03-11T14:17:35.147052,disgust,0.742,2026-03-11T14:17:34.200151,0.4440758248808474,2026-03-11T14:17:35.926000,69,,,
participant_08,4,day,Town10HD_Opt,2026-03-11 14:17:36.089063,-67.44898223876953,27.995492935180664,0.0019191741012036,0.002,-0.395,0.0,0.0,0,0,1,,1.0,2026-03-11T14:17:36.089063,disgust,0.742,2026-03-11T14:17:34.200151,0.4742475790260704,2026-03-11T14:17:36.916000,71,,,
participant_08,4,day,Town10HD_Opt,2026-03-11 14:17:36.987853,-67.44876098632812,27.995492935180664,0.0019193649059161,0.001,-0.395,0.0,0.0,0,0,1,,1.0,2026-03-11T14:17:36.987853,neutral,0.747,2026-03-11T14:17:36.987853,0.5189979183334817,2026-03-11T14:17:37.907000,71,,,
participant_08,4,day,Town10HD_Opt,2026-03-11 14:17:38.203737,-67.44866180419922,27.995492935180664,0.0019193267216905,0.001,-0.395,0.0,0.0,0,0,1,,1.0,2026-03-11T14:17:38.203737,neutral,0.747,2026-03-11T14:17:36.987853,0.4601268614623014,2026-03-11T14:17:38.896000,71,,,
participant_08,4,day,Town10HD_Opt,2026-03-11 14:17:39.111340,-67.44852447509766,27.995492935180664,0.0019190596649423,0.006,-0.388,0.0,0.0,0,0,1,,1.0,2026-03-11T14:17:39.111340,disgust,0.391,2026-03-11T14:17:39.111340,0.4948979861070818,2026-03-11T14:17:39.976000,69,,,
participant_08,4,day,Town10HD_Opt,2026-03-11 14:17:40.052635,-67.44857025146484,27.995492935180664,0.0019188689766451,0.138,-0.388,0.138,0.0,0,0,1,,1.0,2026-03-11T14:17:40.052635,disgust,0.391,2026-03-11T14:17:39.111340,0.5678630510567059,2026-03-11T14:17:40.921000,71,,,
participant_08,4,day,Town10HD_Opt,2026-03-11 14:17:41.044145,-66.77081298828125,27.98737335205078,0.0014355087187141,12.01,-0.374,1.0,0.0,0,0,1,,1.0,2026-03-11T14:17:41.044145,disgust,0.391,2026-03-11T14:17:39.111340,0.5342700831957297,2026-03-11T14:17:41.911000,70,,,
participant_08,4,day,Town10HD_Opt,2026-03-11 14:17:42.035136,-63.51765060424805,27.951549530029297,0.0016410826938226,26.242,0.663,0.989,0.0,0,0,1,,1.0,2026-03-11T14:17:42.035136,neutral,0.757,2026-03-11T14:17:42.035136,0.6281312285113928,2026-03-11T14:17:42.902000,70,,,
participant_08,4,day,Town10HD_Opt,2026-03-11 14:17:43.243027,-55.09164047241211,27.92442512512207,0.001574134803377,46.442,0.157,0.942,0.0,0,0,1,,1.0,2026-03-11T14:17:43.243027,neutral,0.757,2026-03-11T14:17:42.035136,0.5058495364583948,2026-03-11T14:17:43.893000,69,,,
participant_08,4,day,Town10HD_Opt,2026-03-11 14:17:44.125835,-46.3398666381836,27.94772148132324,0.002159004099667,48.434,0.367,0.91,0.0,0,0,1,,1.0,2026-03-11T14:17:44.125835,neutral,0.788,2026-03-11T14:17:44.125835,0.5709676516054342,2026-03-11T14:17:44.926000,72,,,
participant_08,4,day,Town10HD_Opt,2026-03-11 14:17:45.033362,-37.58712387084961,28.090538024902344,0.0020802689250558,49.535,-0.164,0.899,0.0,0,0,1,,1.0,2026-03-11T14:17:45.033362,neutral,0.788,2026-03-11T14:17:44.125835,0.5712806550226179,2026-03-11T14:17:45.916000,71,,,
participant_08,4,day,Town10HD_Opt,2026-03-11 14:17:46.172150,-25.8581657409668,28.263900756835938,0.0022165297996252,48.213,-0.148,0.881,0.0,0,0,1,,0.81,2026-03-11T14:17:46.172150,neutral,0.533,2026-03-11T14:17:46.172150,0.5924344130277261,2026-03-11T14:17:46.906000,72,,,
participant_08,4,day,Town10HD_Opt,2026-03-11 14:17:47.041139,-17.13397216796875,28.327192306518555,0.0020914839114993,49.275,-0.141,0.873,0.0,0,0,1,,1.0,2026-03-11T14:17:47.041139,neutral,0.533,2026-03-11T14:17:46.172150,0.5467212353041907,2026-03-11T14:17:47.942000,74,,,
participant_08,4,day,Town10HD_Opt,2026-03-11 14:17:48.145334,-5.538365364074707,28.3308048248291,0.0021257400512695,49.15,-0.141,0.84,0.0,0,0,1,,1.0,2026-03-11T14:17:48.145334,neutral,0.533,2026-03-11T14:17:46.172150,0.5725726640749367,2026-03-11T14:17:48.931000,71,,,
participant_08,4,day,Town10HD_Opt,2026-03-11 14:17:49.016928,3.044560432434082,28.27477264404297,0.0022521971259266,45.126,-0.101,0.08,0.0,0,0,1,,1.0,2026-03-11T14:17:49.016928,neutral,0.801,2026-03-11T14:17:49.016928,0.6293567164281714,2026-03-11T14:17:49.922000,70,,,
participant_08,4,day,Town10HD_Opt,2026-03-11 14:17:50.185808,12.276952743530272,28.173173904418945,0.0023366163950413,32.959,0.068,0.027,0.0,0,0,1,,1.0,2026-03-11T14:17:50.185808,neutral,0.801,2026-03-11T14:17:49.016928,0.5830157267668248,2026-03-11T14:17:50.911000,72,,,
participant_08,4,day,Town10HD_Opt,2026-03-11 14:17:51.073562,17.460540771484375,28.123708724975582,0.0022537230979651,26.183,0.127,0.227,0.0,0,0,1,,1.0,2026-03-11T14:17:51.073562,neutral,0.832,2026-03-11T14:17:51.073562,0.5490026629937379,2026-03-11T14:17:51.901000,70,,,
participant_08,4,day,Town10HD_Opt,2026-03-11 14:17:52.211705,23.17502212524414,28.09251594543457,0.0021075438708066,23.042,0.442,0.295,0.0,0,0,1,,1.0,2026-03-11T14:17:52.211705,neutral,0.832,2026-03-11T14:17:51.073562,0.6769937895979847,2026-03-11T14:17:52.891000,69,,,
participant_08,4,day,Town10HD_Opt,2026-03-11 14:17:53.091668,27.16845893859864,28.19103240966797,0.0020302962511777,23.108,4.282,0.411,0.0,0,0,1,,0.852,2026-03-11T14:17:53.091668,neutral,0.677,2026-03-11T14:17:53.091668,0.5897557716286905,2026-03-11T14:17:53.927000,68,,,
participant_08,4,day,Town10HD_Opt,2026-03-11 14:17:54.247561,32.64247131347656,29.12192344665528,0.0020623779855668,23.855,10.812,0.18,0.0,0,0,1,,1.0,2026-03-11T14:17:54.247561,neutral,0.677,2026-03-11T14:17:53.091668,0.6033255374667496,2026-03-11T14:17:54.916000,69,,,
participant_08,4,day,Town10HD_Opt,2026-03-11 14:17:55.150889,36.13578414916992,30.83400154113769,0.0021691131405532,20.764,21.811,0.353,0.0,0,0,1,,0.863,2026-03-11T14:17:55.150889,neutral,0.678,2026-03-11T14:17:55.150889,0.6043575517034147,2026-03-11T14:17:55.907000,69,,,
participant_08,4,day,Town10HD_Opt,2026-03-11 14:17:56.011932,38.42826843261719,33.739349365234375,0.0019387054489925,24.286,26.619,0.649,0.0,0,0,1,,1.0,2026-03-11T14:17:56.011932,neutral,0.678,2026-03-11T14:17:55.150889,0.5679614662906324,2026-03-11T14:17:56.896000,67,,,
participant_08,4,day,Town10HD_Opt,2026-03-11 14:17:57.126754,39.71278381347656,39.91453170776367,0.0021220778580754,26.686,-2.732,0.0,0.0,0,0,1,,0.92,2026-03-11T14:17:57.126754,neutral,0.678,2026-03-11T14:17:55.150889,0.5362020336867814,2026-03-11T14:17:57.932000,68,,,
participant_08,4,day,Town10HD_Opt,2026-03-11 14:17:58.050093,40.38682174682617,44.00396728515625,0.0022628020960837,19.964,5.609,0.0,0.161,0,0,1,,0.887,2026-03-11T14:17:58.050093,neutral,0.686,2026-03-11T14:17:58.050093,0.5757596862383066,2026-03-11T14:17:57.932000,68,,,
participant_08,4,day,Town10HD_Opt,2026-03-11 14:17:59.189133,40.61831283569336,47.85037612915039,0.0020634841639548,13.158,4.527,0.0,0.089,0,0,1,,0.901,2026-03-11T14:17:59.189133,neutral,0.686,2026-03-11T14:17:58.050093,0.5357873139959409,2026-03-11T14:17:59.911000,67,,,
participant_08,4,day,Town10HD_Opt,2026-03-11 14:18:00.000538,40.6002197265625,49.84638977050781,0.0020386122632771,9.415,2.017,0.0,0.094,0,0,1,,0.851,2026-03-11T14:18:00.000538,neutral,0.686,2026-03-11T14:17:58.050093,0.5746545310665965,2026-03-11T14:18:00.901000,68,,,
participant_08,4,day,Town10HD_Opt,2026-03-11 14:18:01.150682,40.59864044189453,51.59299850463867,0.0020112991333007,5.428,-0.771,0.0,0.095,0,0,1,,1.0,2026-03-11T14:18:01.150682,angry,0.515,2026-03-11T14:18:01.150682,0.5482221656023009,2026-03-11T14:18:01.892000,68,,,
participant_08,4,day,Town10HD_Opt,2026-03-11 14:18:02.228761,40.59919738769531,51.74951934814453,0.0019359969301149,0.001,-0.637,0.0,0.0,0,0,1,,0.842,2026-03-11T14:18:02.228761,angry,0.515,2026-03-11T14:18:01.150682,0.5889683795889561,2026-03-11T14:18:02.972000,70,,,
participant_08,4,day,Town10HD_Opt,2026-03-11 14:18:03.075830,40.59919738769531,51.74956893920898,0.0019199752714484,0.001,-0.623,0.0,0.0,0,0,1,,0.858,2026-03-11T14:18:03.075830,angry,0.515,2026-03-11T14:18:01.150682,0.5021317608416127,2026-03-11T14:18:03.916000,69,,,
participant_08,4,day,Town10HD_Opt,2026-03-11 14:18:04.147323,40.59919738769531,51.74967193603516,0.001919288537465,0.002,-0.609,0.0,0.0,0,0,1,,0.84,2026-03-11T14:18:04.147323,neutral,0.406,2026-03-11T14:18:04.147323,0.5765324561264046,2026-03-11T14:18:04.906000,72,,,
participant_08,4,day,Town10HD_Opt,2026-03-11 14:18:05.020951,40.599266052246094,51.75908660888672,0.0019170378800481,0.257,-0.583,0.437,0.0,0,0,1,,0.813,2026-03-11T14:18:05.020951,neutral,0.406,2026-03-11T14:18:04.147323,0.5723429899392347,2026-03-11T14:18:05.896000,71,,,
participant_08,4,day,Town10HD_Opt,2026-03-11 14:18:06.146830,40.61738204956055,53.624305725097656,0.0014182281447574,18.755,-0.726,0.929,0.0,0,0,1,,1.0,2026-03-11T14:18:06.146830,neutral,0.406,2026-03-11T14:18:04.147323,0.5382308476100797,2026-03-11T14:18:06.932000,68,,,errors=Stop sign violation
participant_08,4,day,Town10HD_Opt,2026-03-11 14:18:06.987558,40.79428482055664,57.6837158203125,0.0017106246668845,28.693,-7.271,0.68,0.0,0,0,1,,0.845,2026-03-11T14:18:06.987558,neutral,0.731,2026-03-11T14:18:06.987558,0.5769996009648072,2026-03-11T14:18:06.932000,68,,,
participant_08,4,day,Town10HD_Opt,2026-03-11 14:18:08.053838,42.87718200683594,64.6442642211914,0.002003707922995,32.921,-14.237,0.476,0.0,0,0,1,,0.843,2026-03-11T14:18:08.053838,neutral,0.731,2026-03-11T14:18:06.987558,0.5705474939389189,2026-03-11T14:18:08.911000,74,,,
participant_08,4,day,Town10HD_Opt,2026-03-11 14:18:09.108615,48.47679901123047,69.91735076904297,0.0020814132876694,33.628,-16.731,0.254,0.0,0,0,1,,1.0,2026-03-11T14:18:09.108615,neutral,0.585,2026-03-11T14:18:09.108615,0.5864778503767707,2026-03-11T14:18:09.902000,76,,,
participant_08,4,day,Town10HD_Opt,2026-03-11 14:18:10.192551,55.30108642578125,71.08908081054688,0.0023018645588308,25.014,-6.706,0.0,0.0,0,0,1,,1.0,2026-03-11T14:18:10.192551,neutral,0.585,2026-03-11T14:18:09.108615,0.5899324236072369,2026-03-11T14:18:10.892000,76,,,
participant_08,4,day,Town10HD_Opt,2026-03-11 14:18:11.026026,59.235931396484375,70.7127456665039,0.0021530149970203,20.787,1.102,0.313,0.0,0,0,1,,1.0,2026-03-11T14:18:11.026026,neutral,0.585,2026-03-11T14:18:09.108615,0.5737965940957354,2026-03-11T14:18:11.926000,75,,,
participant_08,4,day,Town10HD_Opt,2026-03-11 14:18:12.087468,64.08033752441406,70.34443664550781,0.0019847105722874,21.767,0.947,0.307,0.0,0,0,1,,1.0,2026-03-11T14:18:12.087468,neutral,0.503,2026-03-11T14:18:12.087468,0.5539436073058595,2026-03-11T14:18:12.917000,74,,,
participant_08,4,day,Town10HD_Opt,2026-03-11 14:18:13.216369,69.33792877197266,70.12712097167969,0.0019056319724768,25.055,1.577,0.585,0.0,0,0,1,,1.0,2026-03-11T14:18:13.216369,neutral,0.503,2026-03-11T14:18:12.087468,0.5594815708060209,2026-03-11T14:18:13.907000,73,,,
participant_08,4,day,Town10HD_Opt,2026-03-11 14:18:14.086271,74.4378662109375,70.09188842773438,0.0016482543433085,35.683,0.465,0.868,0.0,0,0,1,,1.0,2026-03-11T14:18:14.086271,neutral,0.503,2026-03-11T14:18:12.087468,0.5812059223841035,2026-03-11T14:18:14.897000,74,,,
participant_08,4,day,Town10HD_Opt,2026-03-11 14:18:15.209829,84.39671325683594,70.16127014160156,0.0017089080065488,49.76,0.284,0.174,0.0,0,0,1,,0.879,2026-03-11T14:18:15.209829,neutral,0.702,2026-03-11T14:18:15.209829,0.6295175132945087,2026-03-11T14:18:15.932000,74,,,
participant_08,4,day,Town10HD_Opt,2026-03-11 14:18:16.046930,92.52284240722656,70.67157745361328,0.0023846053518354,40.662,12.869,0.0,0.0,0,0,1,,1.0,2026-03-11T14:18:16.046930,neutral,0.702,2026-03-11T14:18:15.209829,0.6210817344790929,2026-03-11T14:18:16.921000,74,Harsh braking,decel_mps2=5.5,
participant_08,4,day,Town10HD_Opt,2026-03-11 14:18:17.121921,98.979248046875,74.74761962890625,0.0024179839529097,27.152,26.324,0.111,0.0,0,0,1,,0.85,2026-03-11T14:18:17.121921,neutral,0.702,2026-03-11T14:18:15.209829,0.6360310382929356,2026-03-11T14:18:17.912000,75,,,
participant_08,4,day,Town10HD_Opt,2026-03-11 14:18:18.006400,100.16167449951172,79.05223846435547,0.0020555495284497,26.404,11.735,0.519,0.0,0,0,1,,0.876,2026-03-11T14:18:18.006400,neutral,0.66,2026-03-11T14:18:18.006400,0.6400429080193701,2026-03-11T14:18:17.912000,74,,,
participant_08,4,day,Town10HD_Opt,2026-03-11 14:18:19.112392,100.37252807617188,86.3206558227539,0.0016176223289221,39.778,1.989,0.941,0.0,0,0,1,,0.84,2026-03-11T14:18:19.112392,neutral,0.66,2026-03-11T14:18:18.006400,0.57411204527206,2026-03-11T14:18:19.982000,74,,,
participant_08,4,day,Town10HD_Opt,2026-03-11 14:18:20.191337,99.58689880371094,97.00057220458984,0.0019532011356204,48.91,4.551,0.422,0.0,0,0,1,,1.0,2026-03-11T14:18:20.191337,neutral,0.637,2026-03-11T14:18:20.191337,0.6552886462728769,2026-03-11T14:18:20.926000,69,,,
participant_08,4,day,Town10HD_Opt,2026-03-11 14:18:21.022555,97.41127014160156,105.1198501586914,0.0021046064794063,46.942,4.924,0.416,0.0,0,0,1,,1.0,2026-03-11T14:18:21.022555,neutral,0.637,2026-03-11T14:18:20.191337,0.5666325772509406,2026-03-11T14:18:21.916000,71,,,
participant_08,4,day,Town10HD_Opt,2026-03-11 14:18:22.115194,92.45632934570312,114.5903778076172,0.0021010206546634,44.709,3.49,0.411,0.0,0,0,1,,0.883,2026-03-11T14:18:22.115194,neutral,0.637,2026-03-11T14:18:20.191337,0.5450359207322123,2026-03-11T14:18:22.906000,72,,,
participant_08,4,day,Town10HD_Opt,2026-03-11 14:18:23.231993,85.91512298583984,122.407470703125,0.0020941160619258,42.737,6.08,0.411,0.0,0,0,1,,1.0,2026-03-11T14:18:23.231993,neutral,0.824,2026-03-11T14:18:23.231993,0.5721250984097686,2026-03-11T14:18:23.897000,72,,,
participant_08,4,day,Town10HD_Opt,2026-03-11 14:18:24.065859,80.03003692626953,126.82511138916016,0.002091102534905,41.452,6.687,0.411,0.0,0,0,1,,0.897,2026-03-11T14:18:24.065859,neutral,0.824,2026-03-11T14:18:23.231993,0.5721402580404427,2026-03-11T14:18:24.977000,73,,,
participant_08,4,day,Town10HD_Opt,2026-03-11 14:18:25.153317,71.22933197021484,130.3314666748047,0.0020714949350804,40.045,6.343,0.411,0.0,0,0,1,,0.803,2026-03-11T14:18:25.153317,neutral,0.824,2026-03-11T14:18:23.231993,0.517129377625809,2026-03-11T14:18:25.922000,73,,,
participant_08,4,day,Town10HD_Opt,2026-03-11 14:18:26.022713,64.3576431274414,131.23150634765625,0.0020726395305246,39.254,3.702,0.411,0.0,0,0,1,,0.911,2026-03-11T14:18:26.022713,neutral,0.703,2026-03-11T14:18:26.022713,0.5404456991072842,2026-03-11T14:18:26.912000,74,,,
participant_08,4,day,Town10HD_Opt,2026-03-11 14:18:27.182121,55.28429412841797,131.3521728515625,0.0020606995094567,38.501,0.153,0.411,0.0,0,0,1,,0.835,2026-03-11T14:18:27.182121,neutral,0.703,2026-03-11T14:18:26.022713,0.5289129223452024,2026-03-11T14:18:27.902000,75,,,
participant_08,4,day,Town10HD_Opt,2026-03-11 14:18:28.034584,48.58534622192383,131.31790161132812,0.0020580673590302,38.027,0.2,0.411,0.0,0,0,1,,1.0,2026-03-11T14:18:28.034584,happy,0.842,2026-03-11T14:18:28.034584,0.5524534955097731,2026-03-11T14:18:28.892000,73,,,
participant_08,4,day,Town10HD_Opt,2026-03-11 14:18:29.193465,39.7724494934082,131.20086669921875,0.0020553588401526,37.498,0.19,0.411,0.0,0,0,1,,0.804,2026-03-11T14:18:29.193465,happy,0.842,2026-03-11T14:18:28.034584,0.5786261397489278,2026-03-11T14:18:29.927000,76,,,
participant_08,4,day,Town10HD_Opt,2026-03-11 14:18:30.109688,33.2384147644043,131.08045959472656,0.0020536039955914,37.166,0.176,0.411,0.0,0,0,1,,1.0,2026-03-11T14:18:30.109688,neutral,0.482,2026-03-11T14:18:30.109688,0.5361554081373273,2026-03-11T14:18:30.917000,78,,,
participant_08,4,day,Town10HD_Opt,2026-03-11 14:18:31.030416,26.75946044921875,130.927001953125,0.0020520400721579,36.88,-0.092,0.411,0.0,0,0,1,,1.0,2026-03-11T14:18:31.030416,neutral,0.482,2026-03-11T14:18:30.109688,0.5697003787432996,2026-03-11T14:18:31.907000,77,,,
participant_08,4,day,Town10HD_Opt,2026-03-11 14:18:32.162683,18.19202041625977,130.75439453125,0.0020505141001194,36.546,0.007,0.411,0.0,0,0,1,,1.0,2026-03-11T14:18:32.162683,neutral,0.316,2026-03-11T14:18:32.162683,0.4772378758647917,2026-03-11T14:18:32.897000,79,,,
participant_08,4,day,Town10HD_Opt,2026-03-11 14:18:33.023603,11.811529159545898,130.6503143310547,0.0020494842901825,36.357,-0.052,0.411,0.0,0,0,1,,1.0,2026-03-11T14:18:33.023603,neutral,0.316,2026-03-11T14:18:32.162683,0.559383212193002,2026-03-11T14:18:33.931000,76,,,
participant_08,4,day,Town10HD_Opt,2026-03-11 14:18:34.188210,3.699318170547485,130.53402709960938,0.0022764967288821,29.83,-0.056,0.0,0.0,0,0,1,,0.825,2026-03-11T14:18:34.188210,disgust,0.647,2026-03-11T14:18:34.188210,0.497654564925014,2026-03-11T14:18:34.922000,75,Solid line crossing,Solid line crossing,
participant_08,4,day,Town10HD_Opt,2026-03-11 14:18:35.104299,-1.008681058883667,130.47671508789062,0.0022714994847774,23.064,-0.047,0.0,0.0,0,0,1,,0.808,2026-03-11T14:18:35.104299,disgust,0.647,2026-03-11T14:18:34.188210,0.4889413200291451,2026-03-11T14:18:35.912000,73,,,
participant_08,4,day,Town10HD_Opt,2026-03-11 14:18:36.207024,-5.549515247344971,130.42713928222656,0.001987915020436,16.071,-0.047,0.0,0.0,0,0,1,,0.869,2026-03-11T14:18:36.207024,neutral,0.827,2026-03-11T14:18:36.207024,0.5178053749361385,2026-03-11T14:18:36.903000,73,Stop sign violation,stop_sign_id=1120,
participant_08,4,day,Town10HD_Opt,2026-03-11 14:18:37.074249,-8.052019119262695,130.40219116210938,0.0020366667304188,12.331,-0.047,0.0,0.0,0,0,1,,0.909,2026-03-11T14:18:37.074249,neutral,0.827,2026-03-11T14:18:36.207024,0.5129078364645099,2026-03-11T14:18:37.892000,71,,,
participant_08,4,day,Town10HD_Opt,2026-03-11 14:18:38.135454,-10.52568817138672,130.37908935546875,0.0019331359071657,10.591,-0.047,1.0,0.0,0,0,1,,0.815,2026-03-11T14:18:38.135454,neutral,0.827,2026-03-11T14:18:36.207024,0.4822994600041744,2026-03-11T14:18:38.927000,71,,,
participant_08,4,day,Town10HD_Opt,2026-03-11 14:18:39.011769,-13.48372745513916,130.35336303710938,0.001718025188893,24.069,-0.047,1.0,0.0,0,0,1,,1.0,2026-03-11T14:18:39.011769,neutral,0.686,2026-03-11T14:18:39.011769,0.4452398309621794,2026-03-11T14:18:39.916000,69,,,
participant_08,4,day,Town10HD_Opt,2026-03-11 14:18:40.069558,-21.493581771850582,130.29331970214844,0.0015409850748255,45.366,-0.047,0.947,0.0,0,0,1,,0.843,2026-03-11T14:18:40.069558,neutral,0.686,2026-03-11T14:18:39.011769,0.457609022109309,2026-03-11T14:18:40.907000,69,,,
participant_08,4,day,Town10HD_Opt,2026-03-11 14:18:41.130626,-32.63459777832031,130.09324645996094,0.0023369216360151,42.131,12.704,0.0,0.0,0,0,1,,0.939,2026-03-11T14:18:41.130626,neutral,0.612,2026-03-11T14:18:41.130626,0.4806014758903315,2026-03-11T14:18:41.897000,70,,,
participant_08,4,day,Town10HD_Opt,2026-03-11 14:18:42.229123,-39.85125732421875,126.64789581298828,0.002438316354528,28.166,24.724,0.0,0.0,0,0,1,,1.0,2026-03-11T14:18:42.229123,neutral,0.612,2026-03-11T14:18:41.130626,0.5073854249321894,2026-03-11T14:18:42.932000,69,,,
participant_08,4,day,Town10HD_Opt,2026-03-11 14:18:43.077036,-41.55001831054688,122.69723510742188,0.0022796629928052,21.669,12.083,0.372,0.0,0,0,1,,0.887,2026-03-11T14:18:43.077036,neutral,0.612,2026-03-11T14:18:41.130626,0.4618738158278589,2026-03-11T14:18:43.922000,67,,,
participant_08,4,day,Town10HD_Opt,2026-03-11 14:18:44.224723,-42.297733306884766,116.77661895751952,0.001761665334925,31.763,3.945,0.535,0.0,0,0,1,,0.96,2026-03-11T14:18:44.224723,neutral,0.624,2026-03-11T14:18:44.224723,0.4751860959682014,2026-03-11T14:18:44.912000,68,,,
participant_08,4,day,Town10HD_Opt,2026-03-11 14:18:45.148057,-42.39371490478516,110.90908813476562,0.0019349288195371,35.261,0.327,0.503,0.0,0,0,1,,1.0,2026-03-11T14:18:45.148057,neutral,0.624,2026-03-11T14:18:44.224723,0.5163095246243536,2026-03-11T14:18:45.902000,66,,,
participant_08,4,day,Town10HD_Opt,2026-03-11 14:18:46.095178,-42.39030838012695,104.572021484375,0.0020065689459443,36.673,-0.341,0.292,0.0,0,0,1,,0.84,2026-03-11T14:18:46.095178,neutral,0.624,2026-03-11T14:18:44.224723,0.5064626621435626,2026-03-11T14:18:46.892000,69,,,
participant_08,4,day,Town10HD_Opt,2026-03-11 14:18:47.225814,-42.36312103271485,96.40238189697266,0.002136840717867,32.932,0.456,0.274,0.0,0,0,1,,1.0,2026-03-11T14:18:47.225814,neutral,0.671,2026-03-11T14:18:47.225814,0.5196517105260083,2026-03-11T14:18:47.927000,70,,,
participant_08,4,day,Town10HD_Opt,2026-03-11 14:18:48.075085,-42.2380256652832,90.84929656982422,0.0021273039747029,30.315,0.284,0.274,0.0,0,0,1,,1.0,2026-03-11T14:18:48.075085,neutral,0.671,2026-03-11T14:18:47.225814,0.4152141361546523,2026-03-11T14:18:48.962000,71,,,
participant_08,4,day,Town10HD_Opt,2026-03-11 14:18:49.161066,-42.02512741088867,84.10303497314453,0.0021158980671316,27.297,-0.11,0.234,0.0,0,0,1,,0.856,2026-03-11T14:18:49.161066,neutral,0.671,2026-03-11T14:18:47.225814,0.5119952884952389,2026-03-11T14:18:49.907000,71,,,
participant_08,4,day,Town10HD_Opt,2026-03-11 14:18:50.004371,-41.76006317138672,79.53406524658203,0.002128868130967,24.774,10.61,0.366,0.0,0,0,1,,0.919,2026-03-11T14:18:50.004371,neutral,0.733,2026-03-11T14:18:50.004371,0.5599225581017062,2026-03-11T14:18:50.897000,69,,,
participant_08,4,day,Town10HD_Opt,2026-03-11 14:18:51.169319,-39.638954162597656,74.21251678466797,0.0020449447911232,25.643,19.786,0.398,0.0,0,0,1,,0.813,2026-03-11T14:18:51.169319,neutral,0.733,2026-03-11T14:18:50.004371,0.4981567803852103,2026-03-11T14:18:51.932000,70,,,
participant_08,4,day,Town10HD_Opt,2026-03-11 14:18:52.019522,-36.22782516479492,71.31336975097656,0.0020793913863599,25.92,19.543,0.37,0.0,0,0,1,,1.0,2026-03-11T14:18:52.019522,neutral,0.792,2026-03-11T14:18:52.019522,0.5422528023096488,2026-03-11T14:18:52.922000,69,,,
participant_08,4,day,Town10HD_Opt,2026-03-11 14:18:53.162014,-30.414979934692383,70.008056640625,0.0020672224927693,25.852,8.415,0.347,0.0,0,0,1,,0.892,2026-03-11T14:18:53.162014,neutral,0.792,2026-03-11T14:18:52.019522,0.4744419934242036,2026-03-11T14:18:53.912000,70,,,
participant_08,4,day,Town10HD_Opt,2026-03-11 14:18:54.046011,-25.90091896057129,70.05767822265625,0.0020545958541333,25.606,-0.834,0.337,0.0,0,0,1,,0.84,2026-03-11T14:18:54.046011,neutral,0.58,2026-03-11T14:18:54.046011,0.4602803764338304,2026-03-11T14:18:54.902000,69,,,
participant_08,4,day,Town10HD_Opt,2026-03-11 14:18:55.204891,-19.96896171569824,70.10012817382812,0.0020531080663204,25.187,-1.65,0.341,0.0,0,0,1,,1.0,2026-03-11T14:18:55.204891,neutral,0.58,2026-03-11T14:18:54.046011,0.5395044823731275,2026-03-11T14:18:55.937000,72,,,
participant_08,4,day,Town10HD_Opt,2026-03-11 14:18:56.042035,-15.577058792114258,70.00431823730469,0.0020515441428869,24.95,-0.472,0.341,0.0,0,0,1,,1.0,2026-03-11T14:18:56.042035,neutral,0.58,2026-03-11T14:18:54.046011,0.5206131811169573,2026-03-11T14:18:56.927000,71,,,
participant_08,4,day,Town10HD_Opt,2026-03-11 14:18:57.196696,-9.78283405303955,69.7909927368164,0.0020502470433712,24.671,0.153,0.341,0.0,0,0,1,,1.0,2026-03-11T14:18:57.196696,disgust,0.664,2026-03-11T14:18:57.196696,0.5093563011662354,2026-03-11T14:18:57.916000,72,,,
participant_08,4,day,Town10HD_Opt,2026-03-11 14:18:58.089882,-5.4749755859375,69.658447265625,0.0020494079217314,24.507,0.714,0.341,0.0,0,0,1,,1.0,2026-03-11T14:18:58.089882,disgust,0.664,2026-03-11T14:18:57.196696,0.5566504358750518,2026-03-11T14:18:58.906000,71,,,
participant_08,4,day,Town10HD_Opt,2026-03-11 14:18:59.142760,0.2272694706916809,69.58619689941406,0.0020485685672611,24.317,0.649,0.341,0.0,0,0,1,,1.0,2026-03-11T14:18:59.142760,disgust,0.664,2026-03-11T14:18:57.196696,0.5103181491649381,2026-03-11T14:18:59.897000,72,,,
participant_08,4,day,Town10HD_Opt,2026-03-11 14:19:00.191344,5.887117385864258,69.62307739257812,0.0020478058140724,24.142,0.649,0.341,0.0,0,0,1,,1.0,2026-03-11T14:19:00.191344,neutral,0.856,2026-03-11T14:19:00.191344,0.4974870092599055,2026-03-11T14:19:00.932000,76,,,
participant_08,4,day,Town10HD_Opt,2026-03-11 14:19:00.993497,10.10447597503662,69.71953582763672,0.0020542526617646,23.829,0.045,0.139,0.0,0,0,1,,1.0,2026-03-11T14:19:00.993497,neutral,0.856,2026-03-11T14:19:00.191344,0.4931589789459415,2026-03-11T14:19:00.932000,76,,,
participant_08,4,day,Town10HD_Opt,2026-03-11 14:19:02.060955,14.972326278686523,69.81775665283203,0.0019818113651126,17.264,-0.223,0.0,0.085,0,0,1,,0.834,2026-03-11T14:19:02.060955,neutral,0.856,2026-03-11T14:19:00.191344,0.5836979719711117,2026-03-11T14:19:02.912000,78,,,
participant_08,4,day,Town10HD_Opt,2026-03-11 14:19:03.218960,18.33135032653809,69.867919921875,0.0020519637037068,11.19,0.092,0.0,0.086,0,0,1,,1.0,2026-03-11T14:19:03.218960,neutral,0.633,2026-03-11T14:19:03.218960,0.6954576874650222,2026-03-11T14:19:03.903000,75,,,
participant_08,4,day,Town10HD_Opt,2026-03-11 14:19:04.060704,20.056047439575195,69.89649963378906,0.0020162963774055,8.316,0.07,0.0,0.0,0,0,1,,1.0,2026-03-11T14:19:04.060704,neutral,0.633,2026-03-11T14:19:03.218960,0.721307856730782,2026-03-11T14:19:04.937000,74,,,
participant_08,4,day,Town10HD_Opt,2026-03-11 14:19:05.234882,21.697185516357425,69.92407989501953,0.0019641113467514,5.786,0.026,0.0,0.0,0,0,1,,0.8,2026-03-11T14:19:05.234882,disgust,0.707,2026-03-11T14:19:05.234882,0.8394926169037455,2026-03-11T14:19:05.927000,73,,,
participant_08,4,day,Town10HD_Opt,2026-03-11 14:19:06.107292,22.612682342529297,69.93960571289062,0.0019620894454419,4.515,0.026,0.0,0.0,0,0,1,,1.0,2026-03-11T14:19:06.107292,disgust,0.707,2026-03-11T14:19:05.234882,0.7376985124351518,2026-03-11T14:19:06.917000,76,,,
participant_08,4,day,Town10HD_Opt,2026-03-11 14:19:07.230646,23.48932838439941,69.95458984375,0.001939010573551,3.339,0.021,0.0,0.0,0,0,1,,0.835,2026-03-11T14:19:07.230646,disgust,0.707,2026-03-11T14:19:05.234882,0.9557053900631084,2026-03-11T14:19:07.907000,74,,,
participant_08,4,day,Town10HD_Opt,2026-03-11 14:19:08.062869,24.06035041809082,69.9643325805664,0.0019300079438835,3.255,-0.002,0.104,0.0,0,0,1,,1.0,2026-03-11T14:19:08.062869,neutral,0.784,2026-03-11T14:19:08.062869,0.9331769638193445,2026-03-11T14:19:07.907000,74,,,
participant_08,4,day,Town10HD_Opt,2026-03-11 14:19:09.190806,24.795312881469727,69.97679901123047,0.0019329452188685,3.023,-0.007,0.0,0.0,0,0,1,,1.0,2026-03-11T14:19:09.190806,neutral,0.784,2026-03-11T14:19:08.062869,0.9151588144989944,2026-03-11T14:19:09.932000,74,,,
participant_08,4,day,Town10HD_Opt,2026-03-11 14:19:10.063992,25.27286148071289,69.98480987548828,0.0019470977131277,2.443,-0.023,0.0,0.0,0,0,1,,1.0,2026-03-11T14:19:10.063992,disgust,0.657,2026-03-11T14:19:10.063992,0.8671352485508662,2026-03-11T14:19:10.922000,72,,,
participant_08,4,day,Town10HD_Opt,2026-03-11 14:19:11.214266,25.786989212036133,69.99333953857422,0.0019361877348273,1.838,-0.049,0.0,0.0,0,0,1,,1.0,2026-03-11T14:19:11.214266,disgust,0.657,2026-03-11T14:19:10.063992,0.8523966863817303,2026-03-11T14:19:11.913000,72,,,
participant_08,4,day,Town10HD_Opt,2026-03-11 14:19:12.001668,26.005651473999023,69.99691009521484,0.0020171354990452,0.0,-0.082,0.0,0.023,0,0,1,,1.0,2026-03-11T14:19:12.001668,disgust,0.657,2026-03-11T14:19:10.063992,0.9488354041513962,2026-03-11T14:19:12.902000,73,,,
participant_08,4,day,Town10HD_Opt,2026-03-11 14:19:13.102283,26.014583587646484,69.99700927734375,0.0018748092697933,1.984,-0.11,0.891,0.0,0,0,1,,1.0,2026-03-11T14:19:13.102283,neutral,0.803,2026-03-11T14:19:13.102283,0.9284776434888292,2026-03-11T14:19:13.941000,74,,,
participant_08,4,day,Town10HD_Opt,2026-03-11 14:19:14.234006,28.25550651550293,70.01384735107422,0.0015568542294204,18.717,-4.098,0.718,0.0,0,0,1,,0.836,2026-03-11T14:19:14.234006,neutral,0.803,2026-03-11T14:19:13.102283,0.9277205284847462,2026-03-11T14:19:14.927000,71,,,errors=Stop sign violation
participant_08,4,day,Town10HD_Opt,2026-03-11 14:19:15.119624,31.852508544921875,69.66873168945312,0.0018894576933234,23.26,-9.952,0.512,0.0,0,0,1,,0.891,2026-03-11T14:19:15.119624,neutral,0.528,2026-03-11T14:19:15.119624,0.9146929455642024,2026-03-11T14:19:15.917000,74,,,
participant_08,4,day,Town10HD_Opt,2026-03-11 14:19:15.998416,35.94948196411133,68.43694305419922,0.0020547485910356,24.352,-9.586,0.0,0.0,0,0,1,,0.895,2026-03-11T14:19:15.998416,neutral,0.528,2026-03-11T14:19:15.119624,0.9527840845194544,2026-03-11T14:19:16.907000,74,,,
participant_08,4,day,Town10HD_Opt,2026-03-11 14:19:17.088626,40.13043594360352,65.98561096191406,0.0019803238101303,17.062,-10.802,0.0,0.084,0,0,1,,0.929,2026-03-11T14:19:17.088626,neutral,0.528,2026-03-11T14:19:15.119624,0.8953569054566307,2026-03-11T14:19:17.942000,72,,,
participant_08,4,day,Town10HD_Opt,2026-03-11 14:19:18.213065,42.47154998779297,63.68233871459961,0.0020598983392119,11.045,-10.891,0.0,0.104,0,0,1,,0.921,2026-03-11T14:19:18.213065,neutral,0.619,2026-03-11T14:19:18.213065,0.898335573338281,2026-03-11T14:19:18.932000,72,,,
participant_08,4,day,Town10HD_Opt,2026-03-11 14:19:19.050388,43.54558181762695,62.22348403930664,0.0017671203240752,13.166,-13.477,0.86,0.0,0,0,1,,0.935,2026-03-11T14:19:19.050388,neutral,0.619,2026-03-11T14:19:18.213065,0.8947279555116746,2026-03-11T14:19:19.922000,74,,,
participant_08,4,day,Town10HD_Opt,2026-03-11 14:19:20.177585,45.31515884399414,57.98899459838867,0.0017655562842264,26.631,-16.206,0.665,0.0,0,0,1,,0.904,2026-03-11T14:19:20.177585,neutral,0.619,2026-03-11T14:19:18.213065,0.8942453837594722,2026-03-11T14:19:20.912000,73,,,
participant_08,4,day,Town10HD_Opt,2026-03-11 14:19:21.040160,45.56425857543945,53.06208038330078,0.0021139143500477,27.518,-12.597,0.0,0.0,0,0,1,,0.833,2026-03-11T14:19:21.040160,sad,0.364,2026-03-11T14:19:21.040160,0.9562546788526404,2026-03-11T14:19:21.903000,74,,,
participant_08,4,day,Town10HD_Opt,2026-03-11 14:19:22.143678,44.514408111572266,47.69245147705078,0.0022445677313953,19.029,2.017,0.0,0.0,0,0,1,,0.952,2026-03-11T14:19:22.143678,sad,0.364,2026-03-11T14:19:21.040160,0.8546142616577181,2026-03-11T14:19:23.027000,77,,,
participant_08,4,day,Town10HD_Opt,2026-03-11 14:19:23.012169,44.109169006347656,44.78113555908203,0.0020786665845662,13.969,9.449,0.0,0.234,0,0,1,,0.881,2026-03-11T14:19:23.012169,sad,0.364,2026-03-11T14:19:21.040160,0.8316089584778945,2026-03-11T14:19:23.928000,73,,,
participant_08,4,day,Town10HD_Opt,2026-03-11 14:19:24.094689,44.06057357788086,42.22362518310547,0.0020605085883289,7.811,0.376,0.0,0.222,0,0,1,,0.937,2026-03-11T14:19:24.094689,neutral,0.494,2026-03-11T14:19:24.094689,0.8536307297325589,2026-03-11T14:19:24.965000,72,,,
participant_08,4,day,Town10HD_Opt,2026-03-11 14:19:25.214628,44.03386688232422,41.19465255737305,0.0017789077246561,5.534,3.142,0.969,0.0,0,0,1,,0.922,2026-03-11T14:19:25.214628,neutral,0.494,2026-03-11T14:19:24.094689,0.939137817249666,2026-03-11T14:19:25.907000,71,,,
participant_08,4,day,Town10HD_Opt,2026-03-11 14:19:26.026389,44.09175109863281,39.0023193359375,0.0016792296664789,19.71,6.554,0.76,0.0,0,0,1,,0.942,2026-03-11T14:19:26.026389,neutral,0.494,2026-03-11T14:19:24.094689,0.907760794261244,2026-03-11T14:19:26.942000,71,,,
participant_08,4,day,Town10HD_Opt,2026-03-11 14:19:27.107568,45.30293655395508,33.60765075683594,0.0019425963982939,26.958,15.946,0.426,0.0,0,0,1,,1.0,2026-03-11T14:19:27.107568,neutral,0.757,2026-03-11T14:19:27.107568,0.8478429577167854,2026-03-11T14:19:27.933000,72,,,
participant_08,4,day,Town10HD_Opt,2026-03-11 14:19:28.203467,49.425907135009766,28.928815841674805,0.0020802307408303,27.715,21.969,0.418,0.0,0,0,1,,1.0,2026-03-11T14:19:28.203467,neutral,0.757,2026-03-11T14:19:27.107568,0.9157783804159856,2026-03-11T14:19:28.922000,71,,,
participant_08,4,day,Town10HD_Opt,2026-03-11 14:19:29.064545,54.045555114746094,27.373952865600582,0.0020544815342873,28.148,6.265,0.32,0.0,0,0,1,,0.813,2026-03-11T14:19:29.064545,neutral,0.757,2026-03-11T14:19:27.107568,0.8988323641433592,2026-03-11T14:19:29.912000,72,,,
participant_08,4,day,Town10HD_Opt,2026-03-11 14:19:30.149671,60.3571891784668,26.45615005493164,0.002147254999727,25.308,1.354,0.665,0.0,0,0,1,,1.0,2026-03-11T14:19:30.149671,sad,0.354,2026-03-11T14:19:30.149671,0.9341715630495068,2026-03-11T14:19:30.904000,75,,,
participant_08,4,day,Town10HD_Opt,2026-03-11 14:19:31.217060,67.55353546142578,25.867149353027344,0.0015673064626753,40.915,1.551,0.712,0.0,0,0,1,,0.812,2026-03-11T14:19:31.217060,sad,0.354,2026-03-11T14:19:30.149671,0.9435624353398006,2026-03-11T14:19:31.937000,78,,,
participant_08,4,day,Town10HD_Opt,2026-03-11 14:19:32.024918,74.39642333984375,25.63248634338379,0.0023254775442183,34.252,1.208,0.27,0.0,0,0,1,,0.837,2026-03-11T14:19:32.024918,sad,0.354,2026-03-11T14:19:30.149671,0.99,2026-03-11T14:19:32.927000,80,,,
participant_08,4,day,Town10HD_Opt,2026-03-11 14:19:33.114275,83.26750946044922,25.76095199584961,0.0015934753464534,47.131,0.59,0.78,0.0,0,0,1,,0.86,2026-03-11T14:19:33.114275,neutral,0.613,2026-03-11T14:19:33.114275,0.86450574639663,2026-03-11T14:19:33.917000,78,,,
participant_08,4,day,Town10HD_Opt,2026-03-11 14:19:34.163615,93.7061004638672,25.333051681518555,0.0023770141415297,38.043,-9.047,0.024,0.0,0,0,1,,1.0,2026-03-11T14:19:34.163615,neutral,0.613,2026-03-11T14:19:33.114275,0.8372813728260609,2026-03-11T14:19:34.908000,79,,,
participant_08,4,day,Town10HD_Opt,2026-03-11 14:19:35.045202,99.4744873046875,23.057025909423828,0.0020834731403738,35.504,-15.112,0.672,0.0,0,0,1,,0.858,2026-03-11T14:19:35.045202,neutral,0.613,2026-03-11T14:19:33.114275,0.9353564809454536,2026-03-11T14:19:35.897000,78,,,
participant_08,4,day,Town10HD_Opt,2026-03-11 14:19:36.114409,105.08228302001952,16.136089324951172,0.0020579528063535,41.109,-14.805,0.0,0.0,0,0,1,,0.835,2026-03-11T14:19:36.114409,neutral,0.874,2026-03-11T14:19:36.114409,0.9512602846829472,2026-03-11T14:19:36.932000,75,,,
participant_08,4,day,Town10HD_Opt,2026-03-11 14:19:37.162157,105.69329071044922,8.024374961853027,0.0023332594428211,29.229,-3.304,0.0,0.0,0,0,1,,1.0,2026-03-11T14:19:37.162157,neutral,0.874,2026-03-11T14:19:36.114409,0.860764003803835,2026-03-11T14:19:37.923000,74,,,
participant_08,4,day,Town10HD_Opt,2026-03-11 14:19:38.006322,105.07264709472656,3.4549598693847656,0.0021926879417151,24.016,17.941,0.275,0.0,0,0,1,,0.906,2026-03-11T14:19:38.006322,neutral,0.874,2026-03-11T14:19:36.114409,0.8608026264300869,2026-03-11T14:19:38.912000,75,,,
participant_08,4,day,Town10HD_Opt,2026-03-11 14:19:39.109821,106.48091888427734,-1.6110774278640747,0.0021101760212332,21.954,5.756,0.389,0.0,0,0,1,,0.876,2026-03-11T14:19:39.109821,neutral,0.344,2026-03-11T14:19:39.109821,0.9255664306824204,2026-03-11T14:19:39.902000,77,,,
participant_08,4,day,Town10HD_Opt,2026-03-11 14:19:40.116301,108.75334930419922,-6.9930267333984375,0.0016254043439403,33.399,-11.462,0.922,0.0,0,0,1,,1.0,2026-03-11T14:19:40.116301,neutral,0.344,2026-03-11T14:19:39.109821,0.9803710919660203,2026-03-11T14:19:40.938000,78,,,
participant_08,4,day,Town10HD_Opt,2026-03-11 14:19:41.165478,108.90309143066406,-16.388811111450195,0.0017547225579619,47.858,-7.209,0.699,0.0,0,0,1,,0.896,2026-03-11T14:19:41.165478,neutral,0.436,2026-03-11T14:19:41.165478,0.87672742919841,2026-03-11T14:19:41.928000,78,,,
participant_08,4,day,Town10HD_Opt,2026-03-11 14:19:42.203167,105.22664642333984,-27.272262573242188,0.0021546173375099,47.478,12.289,0.0,0.0,0,0,1,,0.836,2026-03-11T14:19:42.203167,neutral,0.436,2026-03-11T14:19:41.165478,0.9152744510158384,2026-03-11T14:19:42.918000,80,,,
participant_08,4,day,Town10HD_Opt,2026-03-11 14:19:43.002571,104.50778198242188,-34.56398010253906,0.002410392742604,36.384,10.271,0.0,0.0,0,0,1,,0.95,2026-03-11T14:19:43.002571,neutral,0.436,2026-03-11T14:19:41.165478,0.8358259901320818,2026-03-11T14:19:43.908000,76,,,
participant_08,4,day,Town10HD_Opt,2026-03-11 14:19:44.002694,106.3005142211914,-41.59922790527344,0.0022942733485251,25.621,-6.421,0.0,0.0,0,0,1,,0.829,2026-03-11T14:19:44.002694,neutral,0.695,2026-03-11T14:19:44.002694,0.9038483575592194,2026-03-11T14:19:43.908000,76,,,
participant_08,4,day,Town10HD_Opt,2026-03-11 14:19:45.022604,106.77525329589844,-46.37906646728516,0.0248505398631095,9.72,-11.441,0.0,0.0,0,0,1,,1.0,2026-03-11T14:19:45.022604,neutral,0.695,2026-03-11T14:19:44.002694,0.9072458692292864,2026-03-11T14:19:45.933000,78,,,
participant_08,4,day,Town10HD_Opt,2026-03-11 14:19:45.988885,106.73240661621094,-46.51335525512695,0.0367256551980972,0.013,-11.61,0.0,0.0,0,0,1,,1.0,2026-03-11T14:19:45.988885,neutral,0.695,2026-03-11T14:19:44.002694,0.9704933970181756,2026-03-11T14:19:45.933000,78,,,
participant_08,4,day,Town10HD_Opt,2026-03-11 14:19:47.118671,-41.66875076293945,89.74507904052734,-0.0706437975168228,0.863,-10.499,0.0,0.0,0,0,0,,1.0,2026-03-11T14:19:47.118671,neutral,0.632,2026-03-11T14:19:47.118671,0.8835246674524496,2026-03-11T14:19:47.912000,78,,,
participant_08,4,day,Town10HD_Opt,2026-03-11 14:19:48.233079,-41.66885757446289,89.74560546875,0.0016922760987654,0.002,1.363,0.746,0.0,0,0,0,,1.0,2026-03-11T14:19:48.233079,neutral,0.632,2026-03-11T14:19:47.118671,0.9392481949550298,2026-03-11T14:19:48.902000,77,,,
participant_08,4,day,Town10HD_Opt,2026-03-11 14:19:49.037516,-41.668212890625,88.78458404541016,0.0014388725394383,13.657,0.367,0.726,0.0,0,0,1,,1.0,2026-03-11T14:19:49.037516,neutral,0.632,2026-03-11T14:19:47.118671,0.8809213032347639,2026-03-11T14:19:48.902000,79,,,
participant_08,4,day,Town10HD_Opt,2026-03-11 14:19:50.109968,-41.647499084472656,84.77090454101562,0.0018525690538808,17.165,0.36,0.0,0.0,0,0,1,,1.0,2026-03-11T14:19:50.109968,disgust,0.784,2026-03-11T14:19:50.109968,0.9154050696488552,2026-03-11T14:19:50.928000,78,,,
participant_08,4,day,Town10HD_Opt,2026-03-11 14:19:51.148065,-41.59908676147461,81.3432388305664,0.002033308148384,12.104,1.648,0.0,0.0,0,0,1,,1.0,2026-03-11T14:19:51.148065,disgust,0.784,2026-03-11T14:19:50.109968,0.99,2026-03-11T14:19:51.918000,76,,,
participant_08,4,day,Town10HD_Opt,2026-03-11 14:19:52.235277,-41.40237045288086,78.86808776855469,0.001847039326094,11.69,10.13,0.62,0.0,0,0,1,,1.0,2026-03-11T14:19:52.235277,neutral,0.646,2026-03-11T14:19:52.235277,0.9835158363748744,2026-03-11T14:19:52.908000,75,,,
participant_08,4,day,Town10HD_Opt,2026-03-11 14:19:53.110043,-40.7593002319336,76.3138427734375,0.0018752701580524,18.649,14.268,0.495,0.0,0,0,1,,1.0,2026-03-11T14:19:53.110043,neutral,0.646,2026-03-11T14:19:52.235277,0.99,2026-03-11T14:19:53.898000,73,,,
participant_08,4,day,Town10HD_Opt,2026-03-11 14:19:54.165304,-38.607452392578125,72.546875,0.001912840292789,17.567,22.753,0.0,0.0,0,0,1,,1.0,2026-03-11T14:19:54.165304,neutral,0.646,2026-03-11T14:19:52.235277,0.9276946675204646,2026-03-11T14:19:54.933000,74,,,
participant_08,4,day,Town10HD_Opt,2026-03-11 14:19:55.027969,-36.41231155395508,70.97358703613281,0.0020777105819433,13.46,25.674,0.0,0.0,0,0,1,,1.0,2026-03-11T14:19:55.027969,neutral,0.987,2026-03-11T14:19:55.027969,0.903381280658454,2026-03-11T14:19:54.933000,74,,,
participant_08,4,day,Town10HD_Opt,2026-03-11 14:19:56.180632,-33.746219635009766,70.2314682006836,0.0018725210102275,12.788,22.028,0.545,0.0,0,0,1,phone_call,0.927,2026-03-11T14:19:56.180632,neutral,0.987,2026-03-11T14:19:55.027969,0.9231888064671032,2026-03-11T14:19:56.913000,75,,,
participant_08,4,day,Town10HD_Opt,2026-03-11 14:19:57.022553,-31.143085479736328,70.19014739990234,0.0018917088164016,15.615,7.477,0.127,0.0,0,0,1,phone_call,0.827,2026-03-11T14:19:57.022553,neutral,0.987,2026-03-11T14:19:55.027969,0.9304337101022564,2026-03-11T14:19:57.902000,75,,,
participant_08,4,day,Town10HD_Opt,2026-03-11 14:19:58.145799,-27.72719383239746,70.13765716552734,0.0019377514254301,14.214,-2.304,0.392,0.0,0,0,1,,1.0,2026-03-11T14:19:58.145799,neutral,0.87,2026-03-11T14:19:58.145799,0.9273643681255812,2026-03-11T14:19:58.937000,75,,,
participant_08,4,day,Town10HD_Opt,2026-03-11 14:19:59.000118,-24.87954330444336,70.01594543457031,0.0020081351976841,18.547,0.522,0.527,0.0,0,0,1,,1.0,2026-03-11T14:19:59.000118,neutral,0.87,2026-03-11T14:19:58.145799,0.8833363175638461,2026-03-11T14:19:58.937000,74,,,
participant_09,1,day,Town10HD_Opt,2026-03-14 10:00:00.000000,-41.66858673095703,89.7454833984375,0.5804919004440308,0.0,-0.247,0.0,0.0,0,0,0,,1.0,2026-03-14T10:00:00,,,2026-03-14T10:00:00,0.4906040988816976,2026-03-14T10:00:00,84,,,
participant_09,1,day,Town10HD_Opt,2026-03-14 10:00:04.667897,-41.66858673095703,89.7454833984375,0.0019181441748514,0.0,-0.247,0.0,0.0,0,0,0,,1.0,2026-03-14T10:00:04.667897,,,2026-03-14T10:00:04.667897,0.5591220278917952,2026-03-14T10:00:04.998000,88,,,
participant_09,1,day,Town10HD_Opt,2026-03-14 10:00:04.998879,-41.66858673095703,89.7454833984375,0.0019181441748514,0.0,-0.247,0.0,0.0,0,0,0,,1.0,2026-03-14T10:00:04.667897,,,2026-03-14T10:00:04.667897,0.6251345868935186,2026-03-14T10:00:04.998000,86,,,
participant_09,1,day,Town10HD_Opt,2026-03-14 10:00:06.246216,-41.66858673095703,89.7454833984375,0.0019181441748514,0.0,-0.247,0.0,0.0,0,0,0,,0.823,2026-03-14T10:00:06.246216,,,2026-03-14T10:00:04.667897,0.5132122482779128,2026-03-14T10:00:05.984000,84,,,
participant_09,1,day,Town10HD_Opt,2026-03-14 10:00:07.226773,-41.66858673095703,89.7454833984375,0.0019181441748514,0.0,-0.247,0.0,0.0,0,0,0,,1.0,2026-03-14T10:00:07.226773,neutral,0.949,2026-03-14T10:00:07.226773,0.6036529898731942,2026-03-14T10:00:07.020000,84,,,
participant_09,1,day,Town10HD_Opt,2026-03-14 10:00:08.287705,-41.66858673095703,89.7454833984375,0.0019181441748514,0.0,-0.247,0.0,0.0,0,0,0,,1.0,2026-03-14T10:00:08.287705,neutral,0.949,2026-03-14T10:00:07.226773,0.6228183639867644,2026-03-14T10:00:08.010000,81,,,
participant_09,1,day,Town10HD_Opt,2026-03-14 10:00:09.275112,-41.66858673095703,89.7454833984375,0.0019181441748514,0.0,-0.247,0.0,0.0,0,0,0,,1.0,2026-03-14T10:00:09.275112,neutral,0.944,2026-03-14T10:00:09.275112,0.6697442869887247,2026-03-14T10:00:09.001000,83,,,
participant_09,1,day,Town10HD_Opt,2026-03-14 10:00:10.288909,-41.66858673095703,89.7454833984375,0.0019181441748514,0.0,-0.247,0.0,0.0,0,0,0,,1.0,2026-03-14T10:00:10.288909,neutral,0.944,2026-03-14T10:00:09.275112,0.6245453501252951,2026-03-14T10:00:09.990000,84,,,
participant_09,1,day,Town10HD_Opt,2026-03-14 10:00:11.309272,-41.66858673095703,89.7454833984375,0.0019181441748514,0.0,-0.247,0.0,0.0,0,0,0,,1.0,2026-03-14T10:00:11.309272,happy,0.988,2026-03-14T10:00:11.309272,0.639928146433341,2026-03-14T10:00:10.980000,83,,,
participant_09,1,day,Town10HD_Opt,2026-03-14 10:00:12.064549,-41.66858673095703,89.7454833984375,0.0019181441748514,0.0,-0.247,0.0,0.0,0,0,0,,1.0,2026-03-14T10:00:12.064549,happy,0.988,2026-03-14T10:00:11.309272,0.6267034282558379,2026-03-14T10:00:12.014000,82,,,
participant_09,1,day,Town10HD_Opt,2026-03-14 10:00:13.047995,-41.66858673095703,89.7454833984375,0.0019181441748514,0.0,-0.247,0.0,0.0,0,0,0,,1.0,2026-03-14T10:00:13.047995,happy,0.988,2026-03-14T10:00:11.309272,0.6478454002502293,2026-03-14T10:00:13.005000,81,,,
participant_09,1,day,Town10HD_Opt,2026-03-14 10:00:14.062123,-41.66858673095703,89.7454833984375,0.0019181441748514,0.0,-0.247,0.0,0.0,0,0,0,,1.0,2026-03-14T10:00:14.062123,happy,0.866,2026-03-14T10:00:14.062123,0.642716920412929,2026-03-14T10:00:13.996000,83,,,
participant_09,1,day,Town10HD_Opt,2026-03-14 10:00:15.115988,-41.66858673095703,89.7454833984375,0.0019181441748514,0.0,0.644,0.778,0.0,0,0,0,,1.0,2026-03-14T10:00:15.115988,happy,0.866,2026-03-14T10:00:14.062123,0.6023725080796342,2026-03-14T10:00:14.984000,80,,,
participant_09,1,day,Town10HD_Opt,2026-03-14 10:00:16.114850,-41.66599655151367,88.9237289428711,0.0013215255457907,14.487,0.611,0.962,0.0,0,0,1,,0.823,2026-03-14T10:00:16.114850,neutral,0.687,2026-03-14T10:00:16.114850,0.6701290058696194,2026-03-14T10:00:16.020000,77,,,
participant_09,1,day,Town10HD_Opt,2026-03-14 10:00:17.213873,-41.63834762573242,85.81222534179688,0.0019764709286391,17.947,0.827,0.128,0.0,0,0,1,,1.0,2026-03-14T10:00:17.213873,neutral,0.687,2026-03-14T10:00:16.114850,0.6700451115981619,2026-03-14T10:00:17.055000,80,,,
participant_09,1,day,Town10HD_Opt,2026-03-14 10:00:18.260523,-41.563758850097656,82.82283020019531,0.0019695663359016,16.146,3.471,0.186,0.0,0,0,1,,1.0,2026-03-14T10:00:18.260523,neutral,0.958,2026-03-14T10:00:18.260523,0.6380038288214184,2026-03-14T10:00:18,82,,,
participant_09,1,day,Town10HD_Opt,2026-03-14 10:00:19.013812,-41.39632415771485,80.9480972290039,0.0018938827561214,16.766,8.029,0.395,0.0,0,0,1,,0.895,2026-03-14T10:00:19.013812,neutral,0.958,2026-03-14T10:00:18.260523,0.669504772071548,2026-03-14T10:00:19.080000,86,,,
participant_09,1,day,Town10HD_Opt,2026-03-14 10:00:20.064271,-40.76408004760742,77.9130859375,0.0020623398013412,18.345,10.656,0.375,0.0,0,0,1,,1.0,2026-03-14T10:00:20.064271,neutral,0.958,2026-03-14T10:00:18.260523,0.7088349091820545,2026-03-14T10:00:19.981000,85,,,
participant_09,1,day,Town10HD_Opt,2026-03-14 10:00:21.209080,-39.53650665283203,74.95092010498047,0.0020353698637336,18.772,15.721,0.367,0.0,0,0,1,,1.0,2026-03-14T10:00:21.209080,neutral,0.978,2026-03-14T10:00:21.209080,0.6430935294208879,2026-03-14T10:00:21.060000,86,,,
participant_09,1,day,Town10HD_Opt,2026-03-14 10:00:22.333452,-37.4530029296875,72.3740005493164,0.0020499038510024,19.442,19.644,0.344,0.0,0,0,1,,0.803,2026-03-14T10:00:22.333452,neutral,0.978,2026-03-14T10:00:21.209080,0.7234111569502386,2026-03-14T10:00:22.004000,87,,,
participant_09,1,day,Town10HD_Opt,2026-03-14 10:00:23.080779,-35.59904861450195,71.07665252685547,0.0020625304896384,19.638,20.498,0.344,0.0,0,0,1,,1.0,2026-03-14T10:00:23.080779,neutral,0.978,2026-03-14T10:00:21.209080,0.71184264355144,2026-03-14T10:00:23.040000,85,,,
participant_09,1,day,Town10HD_Opt,2026-03-14 10:00:24.128667,-32.34900665283203,69.99526977539062,0.0020571136847138,19.986,13.161,0.342,0.0,0,0,1,,0.879,2026-03-14T10:00:24.128667,neutral,0.986,2026-03-14T10:00:24.128667,0.6201563841452649,2026-03-14T10:00:23.988000,85,,,
participant_09,1,day,Town10HD_Opt,2026-03-14 10:00:25.191664,-28.85415267944336,69.59513092041016,0.0020455932244658,20.191,7.347,0.342,0.0,0,0,1,,0.815,2026-03-14T10:00:25.191664,neutral,0.986,2026-03-14T10:00:24.128667,0.6262019821980669,2026-03-14T10:00:25.020000,85,,,
participant_09,1,day,Town10HD_Opt,2026-03-14 10:00:26.264542,-25.29965591430664,69.60286712646484,0.0020264815539121,20.645,1.568,0.366,0.0,0,0,1,,1.0,2026-03-14T10:00:26.264542,neutral,0.914,2026-03-14T10:00:26.264542,0.639129595871008,2026-03-14T10:00:26.012000,83,,,
participant_09,1,day,Town10HD_Opt,2026-03-14 10:00:27.010078,-22.86748695373535,69.63871765136719,0.002021598862484,21.11,-3.059,0.359,0.0,0,0,1,,0.929,2026-03-14T10:00:27.010078,neutral,0.914,2026-03-14T10:00:26.264542,0.5932767028061652,2026-03-14T10:00:27,83,,,
participant_09,1,day,Town10HD_Opt,2026-03-14 10:00:28.049481,-19.125747680664062,69.59523010253906,0.0020249558147042,21.7,2.153,0.359,0.0,0,0,1,,0.935,2026-03-14T10:00:28.049481,neutral,0.914,2026-03-14T10:00:26.264542,0.6060127027685617,2026-03-14T10:00:27.990000,84,,,
participant_09,1,day,Town10HD_Opt,2026-03-14 10:00:29.108429,-15.286521911621094,69.6318359375,0.0020265197381377,22.221,-0.674,0.359,0.0,0,0,1,,0.896,2026-03-14T10:00:29.108429,neutral,0.992,2026-03-14T10:00:29.108429,0.556474480607542,2026-03-14T10:00:28.981000,85,,,
participant_09,1,day,Town10HD_Opt,2026-03-14 10:00:30.132904,-11.36011791229248,69.6234359741211,0.0020282363984733,22.687,0.078,0.359,0.0,0,0,1,,0.93,2026-03-14T10:00:30.132904,neutral,0.992,2026-03-14T10:00:29.108429,0.6698251019931591,2026-03-14T10:00:30.015000,85,,,
participant_09,1,day,Town10HD_Opt,2026-03-14 10:00:31.187278,-7.35674238204956,69.62390899658203,0.0020303344354033,23.094,0.277,0.358,0.0,0,0,1,,0.9,2026-03-14T10:00:31.187278,neutral,0.999,2026-03-14T10:00:31.187278,0.6737942061820505,2026-03-14T10:00:31.005000,86,,,
participant_09,1,day,Town10HD_Opt,2026-03-14 10:00:32.156403,-3.2877566814422607,69.6466064453125,0.0020324324723333,23.415,0.106,0.357,0.0,0,0,1,,1.0,2026-03-14T10:00:32.156403,neutral,0.999,2026-03-14T10:00:31.187278,0.5818205964880419,2026-03-14T10:00:31.995000,88,,,
participant_09,1,day,Town10HD_Opt,2026-03-14 10:00:33.137088,0.835516095161438,69.68023681640625,0.0020343780051916,23.712,0.096,0.356,0.0,0,0,1,,1.0,2026-03-14T10:00:33.137088,neutral,0.999,2026-03-14T10:00:31.187278,0.5834426027921668,2026-03-14T10:00:32.986000,87,,,
participant_09,1,day,Town10HD_Opt,2026-03-14 10:00:34.106813,5.004571437835693,69.72296905517578,0.0020355223678052,23.955,0.096,0.356,0.0,0,0,1,,0.919,2026-03-14T10:00:34.106813,neutral,0.985,2026-03-14T10:00:34.106813,0.6414207192422395,2026-03-14T10:00:34.021000,85,,,
participant_09,1,day,Town10HD_Opt,2026-03-14 10:00:35.133265,9.213705062866213,69.7750015258789,0.002036437857896,24.168,0.096,0.353,0.0,0,0,1,,0.909,2026-03-14T10:00:35.133265,neutral,0.985,2026-03-14T10:00:34.106813,0.6475525472235594,2026-03-14T10:00:35.010000,83,,,
participant_09,1,day,Town10HD_Opt,2026-03-14 10:00:36.138459,13.353962898254396,69.8349380493164,0.0021691513247787,21.57,0.096,0.0,0.0,0,0,1,,0.893,2026-03-14T10:00:36.138459,neutral,0.988,2026-03-14T10:00:36.138459,0.695522692073278,2026-03-14T10:00:36,81,,,
participant_09,1,day,Town10HD_Opt,2026-03-14 10:00:37.184280,16.694257736206055,69.8899917602539,0.0019616317003965,16.22,0.096,0.0,0.146,0,0,1,,0.947,2026-03-14T10:00:37.184280,neutral,0.988,2026-03-14T10:00:36.138459,0.6209281350325947,2026-03-14T10:00:36.990000,79,,,
participant_09,1,day,Town10HD_Opt,2026-03-14 10:00:38.257798,19.18490600585937,69.93578338623047,0.0020685195922851,11.693,0.096,0.0,0.095,0,0,1,,0.97,2026-03-14T10:00:38.257798,neutral,0.999,2026-03-14T10:00:38.257798,0.624539427933354,2026-03-14T10:00:37.983000,83,,,
participant_09,1,day,Town10HD_Opt,2026-03-14 10:00:39.250020,20.993385314941406,69.97116088867188,0.0020217131823301,8.641,0.096,0.0,0.12,0,0,1,,0.94,2026-03-14T10:00:39.250020,neutral,0.999,2026-03-14T10:00:38.257798,0.6567217035089676,2026-03-14T10:00:39.015000,82,,,
participant_09,1,day,Town10HD_Opt,2026-03-14 10:00:40.299654,21.949499130249023,69.99057006835938,0.0023422623053193,0.001,0.096,0.0,0.399,0,0,1,,0.874,2026-03-14T10:00:40.299654,neutral,0.941,2026-03-14T10:00:40.299654,0.7017113667610989,2026-03-14T10:00:40.005000,78,,,
participant_09,1,day,Town10HD_Opt,2026-03-14 10:00:41.274709,21.950946807861328,69.9905776977539,0.0019327925983816,0.014,0.096,0.005,0.0,0,0,1,,0.971,2026-03-14T10:00:41.274709,neutral,0.941,2026-03-14T10:00:40.299654,0.7117026670288574,2026-03-14T10:00:40.995000,80,,,
participant_09,1,day,Town10HD_Opt,2026-03-14 10:00:42.288732,21.98520469665528,69.99134063720703,0.0018587874947115,1.322,0.101,0.24,0.0,0,0,1,,0.952,2026-03-14T10:00:42.288732,neutral,0.941,2026-03-14T10:00:40.299654,0.6071669827524355,2026-03-14T10:00:41.986000,78,,,
participant_09,1,day,Town10HD_Opt,2026-03-14 10:00:43.294982,22.387176513671875,69.9997329711914,0.0018351363250985,3.816,0.101,0.242,0.0,0,0,1,,0.837,2026-03-14T10:00:43.294982,neutral,0.991,2026-03-14T10:00:43.294982,0.6776537228721239,2026-03-14T10:00:43.021000,78,,,
participant_09,1,day,Town10HD_Opt,2026-03-14 10:00:44.043275,22.90518569946289,70.01010131835938,0.0018357086228206,5.478,-0.888,0.241,0.0,0,0,1,,1.0,2026-03-14T10:00:44.043275,neutral,0.991,2026-03-14T10:00:43.294982,0.5949015915215896,2026-03-14T10:00:44.100000,77,,,
participant_09,1,day,Town10HD_Opt,2026-03-14 10:00:45.074572,24.01721572875977,70.01710510253906,0.0018546676728874,7.481,0.971,0.219,0.0,0,0,1,,0.844,2026-03-14T10:00:45.074572,neutral,0.991,2026-03-14T10:00:43.294982,0.5521764972110128,2026-03-14T10:00:45.046000,77,,,
participant_09,1,day,Town10HD_Opt,2026-03-14 10:00:46.100096,25.29739761352539,70.04634094238281,0.0019644545391201,6.423,0.505,0.0,0.12,0,0,1,,0.864,2026-03-14T10:00:46.100096,neutral,0.972,2026-03-14T10:00:46.100096,0.6279965934550491,2026-03-14T10:00:45.991000,73,,,
participant_09,1,day,Town10HD_Opt,2026-03-14 10:00:47.082043,25.57332420349121,70.05333709716797,0.0019839478190988,0.0,0.484,0.0,0.3,0,0,1,,0.86,2026-03-14T10:00:47.082043,neutral,0.972,2026-03-14T10:00:46.100096,0.662510317433513,2026-03-14T10:00:46.981000,78,,,
participant_09,1,day,Town10HD_Opt,2026-03-14 10:00:48.046606,25.57330703735352,70.05333709716797,0.0019182204268872,0.206,0.376,0.354,0.0,0,0,1,,1.0,2026-03-14T10:00:48.046606,neutral,0.972,2026-03-14T10:00:46.100096,0.5952230251439845,2026-03-14T10:00:48.015000,76,,,
participant_09,1,day,Town10HD_Opt,2026-03-14 10:00:49.060612,26.024349212646484,70.0582275390625,0.0017300796462222,5.774,-1.97,0.43,0.0,0,0,1,,0.842,2026-03-14T10:00:49.060612,happy,0.562,2026-03-14T10:00:49.060612,0.6462544503742041,2026-03-14T10:00:49.006000,73,,,
participant_09,1,day,Town10HD_Opt,2026-03-14 10:00:50.145561,27.37670516967773,70.03599548339844,0.0018628310644999,8.623,-5.177,0.157,0.0,0,0,1,,0.971,2026-03-14T10:00:50.145561,happy,0.562,2026-03-14T10:00:49.060612,0.5837419927738698,2026-03-14T10:00:49.996000,76,,,
participant_09,1,day,Town10HD_Opt,2026-03-14 10:00:51.192426,28.869291305541992,69.92755889892578,0.0019419860327616,8.137,-6.499,0.104,0.0,0,0,1,,0.983,2026-03-14T10:00:51.192426,happy,0.525,2026-03-14T10:00:51.192426,0.6368651971774807,2026-03-14T10:00:50.986000,76,,,
participant_09,1,day,Town10HD_Opt,2026-03-14 10:00:52.307622,30.25347900390625,69.73552703857422,0.0019188307924196,7.968,-8.842,0.196,0.0,0,0,1,,0.994,2026-03-14T10:00:52.307622,happy,0.525,2026-03-14T10:00:51.192426,0.6918214242640679,2026-03-14T10:00:52.021000,77,,,
participant_09,1,day,Town10HD_Opt,2026-03-14 10:00:53.020309,31.20306396484375,69.53974151611328,0.0018896865658462,8.691,-9.04,0.211,0.0,0,0,1,,0.988,2026-03-14T10:00:53.020309,happy,0.525,2026-03-14T10:00:51.192426,0.6958047919763531,2026-03-14T10:00:53.011000,80,,,
participant_09,1,day,Town10HD_Opt,2026-03-14 10:00:54.050380,32.76118469238281,69.10660552978516,0.0018835830269381,9.858,-9.55,0.222,0.0,0,0,1,,0.979,2026-03-14T10:00:54.050380,neutral,0.939,2026-03-14T10:00:54.050380,0.6941814928017035,2026-03-14T10:00:54.001000,78,,,
participant_09,1,day,Town10HD_Opt,2026-03-14 10:00:55.093155,34.44804000854492,68.45897674560547,0.0018895721295848,10.882,-11.057,0.236,0.0,0,0,1,,0.982,2026-03-14T10:00:55.093155,neutral,0.939,2026-03-14T10:00:54.050380,0.6981216805471363,2026-03-14T10:00:54.991000,76,,,
participant_09,1,day,Town10HD_Opt,2026-03-14 10:00:56.114390,36.21923065185547,67.53617095947266,0.0018808364402502,12.138,-11.057,0.246,0.0,0,0,1,,0.931,2026-03-14T10:00:56.114390,happy,0.62,2026-03-14T10:00:56.114390,0.7298611511373578,2026-03-14T10:00:55.981000,76,,,
participant_09,1,day,Town10HD_Opt,2026-03-14 10:00:57.112590,38.0247802734375,66.29981994628906,0.0018997192382812,12.885,-11.057,0.234,0.0,0,0,1,,0.985,2026-03-14T10:00:57.112590,happy,0.62,2026-03-14T10:00:56.114390,0.8012002672257683,2026-03-14T10:00:57.015000,74,,,
participant_09,1,day,Town10HD_Opt,2026-03-14 10:00:58.100208,39.75389099121094,64.75301361083984,0.0026510239113122,13.732,-11.057,0.259,0.0,0,0,1,,0.989,2026-03-14T10:00:58.100208,happy,0.62,2026-03-14T10:00:56.114390,0.7740319408287374,2026-03-14T10:00:58.005000,76,,,
participant_09,1,day,Town10HD_Opt,2026-03-14 10:00:59.114305,41.35435485839844,62.87019348144531,0.0018812179332599,14.662,-11.041,0.265,0.0,0,0,1,,0.969,2026-03-14T10:00:59.114305,happy,0.769,2026-03-14T10:00:59.114305,0.7282366323779472,2026-03-14T10:00:58.995000,78,,,
participant_09,1,day,Town10HD_Opt,2026-03-14 10:01:00.148535,42.75022506713867,60.64348602294922,0.0018941116286441,15.472,-11.028,0.269,0.0,0,0,1,,0.8,2026-03-14T10:01:00.148535,happy,0.769,2026-03-14T10:00:59.114305,0.7976283997572132,2026-03-14T10:01:00.032000,74,,,
participant_09,1,day,Town10HD_Opt,2026-03-14 10:01:01.191316,43.84769821166992,58.10395812988281,0.0019036864396184,16.217,-11.228,0.266,0.0,0,0,1,,0.905,2026-03-14T10:01:01.191316,happy,0.794,2026-03-14T10:01:01.191316,0.7795820403024861,2026-03-14T10:01:01.021000,80,,,
participant_09,1,day,Town10HD_Opt,2026-03-14 10:01:02.186936,44.54549026489258,55.31881713867188,0.0019116591429337,16.703,-11.344,0.262,0.0,0,0,1,,0.984,2026-03-14T10:01:02.186936,happy,0.794,2026-03-14T10:01:01.191316,0.7836290685812218,2026-03-14T10:01:02.011000,83,,,
participant_09,1,day,Town10HD_Opt,2026-03-14 10:01:03.198626,44.83444595336914,52.39274215698242,0.0019248580792918,16.732,-4.568,0.175,0.0,0,0,1,,0.971,2026-03-14T10:01:03.198626,neutral,0.934,2026-03-14T10:01:03.198626,0.7542911264925521,2026-03-14T10:01:03.002000,84,,,
participant_09,1,day,Town10HD_Opt,2026-03-14 10:01:04.219583,44.91816329956055,49.55557632446289,0.0019564819522202,15.616,-6.225,0.17,0.0,0,0,1,,0.98,2026-03-14T10:01:04.219583,neutral,0.934,2026-03-14T10:01:03.198626,0.745002690876805,2026-03-14T10:01:03.991000,82,,,
participant_09,1,day,Town10HD_Opt,2026-03-14 10:01:05.272088,44.77811050415039,46.92892456054688,0.0019980238284915,13.727,-4.365,0.0,0.0,0,0,1,,0.953,2026-03-14T10:01:05.272088,neutral,0.795,2026-03-14T10:01:05.272088,0.7744506397594593,2026-03-14T10:01:05.026000,85,,,errors=Solid line crossing
participant_09,1,day,Town10HD_Opt,2026-03-14 10:01:06.315705,44.61164093017578,44.81966781616211,0.0020359419286251,10.132,2.059,0.0,0.069,0,0,1,,0.946,2026-03-14T10:01:06.315705,neutral,0.795,2026-03-14T10:01:05.272088,0.8218528160918208,2026-03-14T10:01:06.016000,87,,,
participant_09,1,day,Town10HD_Opt,2026-03-14 10:01:07.022985,44.56789779663086,43.74188232421875,0.002005310030654,8.325,3.49,0.0,0.0,0,0,1,,0.894,2026-03-14T10:01:07.022985,neutral,0.795,2026-03-14T10:01:05.272088,0.714306939892624,2026-03-14T10:01:07.005000,87,,,
participant_09,1,day,Town10HD_Opt,2026-03-14 10:01:08.036808,44.54523468017578,42.41764068603516,0.001928825280629,7.573,2.73,0.288,0.0,0,0,1,,0.883,2026-03-14T10:01:08.036808,neutral,0.954,2026-03-14T10:01:08.036808,0.751801778159683,2026-03-14T10:01:07.996000,86,,,
participant_09,1,day,Town10HD_Opt,2026-03-14 10:01:09.087278,44.55061340332031,40.89611053466797,0.0018125915667042,10.518,3.033,0.356,0.0,0,0,1,,0.857,2026-03-14T10:01:09.087278,neutral,0.954,2026-03-14T10:01:08.036808,0.6489118054162517,2026-03-14T10:01:09.031000,87,,,
participant_09,1,day,Town10HD_Opt,2026-03-14 10:01:10.100583,44.6353645324707,38.83209991455078,0.0018589019309729,12.805,5.742,0.214,0.0,0,0,1,,1.0,2026-03-14T10:01:10.100583,neutral,0.926,2026-03-14T10:01:10.100583,0.6992343052511772,2026-03-14T10:01:10.021000,91,,,
participant_09,1,day,Town10HD_Opt,2026-03-14 10:01:11.170199,44.97501373291016,36.636905670166016,0.0019544982351362,12.17,12.573,0.067,0.0,0,0,1,,0.862,2026-03-14T10:01:11.170199,neutral,0.926,2026-03-14T10:01:10.100583,0.6903132535644034,2026-03-14T10:01:11.011000,92,,,
participant_09,1,day,Town10HD_Opt,2026-03-14 10:01:12.196227,45.59366226196289,34.8061637878418,0.0019984054379165,9.906,17.936,0.103,0.0,0,0,1,,1.0,2026-03-14T10:01:12.196227,neutral,0.979,2026-03-14T10:01:12.196227,0.6536004311094407,2026-03-14T10:01:12.001000,89,,,
participant_09,1,day,Town10HD_Opt,2026-03-14 10:01:13.217427,46.41703414916992,33.3558464050293,0.0019253920763731,9.623,19.327,0.223,0.0,0,0,1,,1.0,2026-03-14T10:01:13.217427,neutral,0.979,2026-03-14T10:01:12.196227,0.7213916483621154,2026-03-14T10:01:12.991000,90,,,
participant_09,1,day,Town10HD_Opt,2026-03-14 10:01:14.195997,47.55982971191406,31.97603988647461,0.0018708801362663,11.309,19.315,0.29,0.0,0,0,1,,1.0,2026-03-14T10:01:14.195997,neutral,0.979,2026-03-14T10:01:12.196227,0.7398191936412974,2026-03-14T10:01:14.071000,86,,,
participant_09,1,day,Town10HD_Opt,2026-03-14 10:01:15.233183,49.18773651123047,30.63487434387207,0.0018776321085169,13.054,19.188,0.282,0.0,0,0,1,,0.824,2026-03-14T10:01:15.233183,neutral,0.908,2026-03-14T10:01:15.233183,0.7214700761360867,2026-03-14T10:01:15.017000,88,,,
participant_09,1,day,Town10HD_Opt,2026-03-14 10:01:16.283160,51.30575942993164,29.55212783813477,0.0018908309284597,14.41,17.831,0.263,0.0,0,0,1,,0.871,2026-03-14T10:01:16.283160,neutral,0.908,2026-03-14T10:01:15.233183,0.7052364679227762,2026-03-14T10:01:16.006000,88,,,
participant_09,1,day,Town10HD_Opt,2026-03-14 10:01:17.309482,53.78019332885742,28.81164932250977,0.0019022750202566,15.193,11.368,0.249,0.0,0,0,1,,0.845,2026-03-14T10:01:17.309482,neutral,0.975,2026-03-14T10:01:17.309482,0.6832325828315379,2026-03-14T10:01:16.998000,86,,,
participant_09,1,day,Town10HD_Opt,2026-03-14 10:01:18.296512,56.428001403808594,28.28954124450684,0.0019039153121411,15.682,0.261,0.246,0.0,0,0,1,,0.892,2026-03-14T10:01:18.296512,neutral,0.975,2026-03-14T10:01:17.309482,0.7573635560231795,2026-03-14T10:01:18.031000,90,,,
participant_09,1,day,Town10HD_Opt,2026-03-14 10:01:19.303226,59.11500930786133,27.609174728393555,0.001905555720441,16.118,-5.583,0.271,0.0,0,0,1,,0.858,2026-03-14T10:01:19.303226,neutral,0.975,2026-03-14T10:01:17.309482,0.7172527596709077,2026-03-14T10:01:19.021000,91,,,
participant_09,1,day,Town10HD_Opt,2026-03-14 10:01:20.288100,61.85806655883789,26.75010681152344,0.0018971251556649,16.801,1.093,0.284,0.0,0,0,1,,0.926,2026-03-14T10:01:20.288100,neutral,0.974,2026-03-14T10:01:20.288100,0.6841756304257351,2026-03-14T10:01:20.012000,92,,,
participant_09,1,day,Town10HD_Opt,2026-03-14 10:01:21.299310,64.74542999267578,25.94090461730957,0.0018983840709552,17.484,1.984,0.275,0.0,0,0,1,,0.919,2026-03-14T10:01:21.299310,neutral,0.974,2026-03-14T10:01:20.288100,0.7752943104235912,2026-03-14T10:01:21.001000,94,,,
participant_09,1,day,Town10HD_Opt,2026-03-14 10:01:22.009055,66.74044036865234,25.445602416992188,0.0019040297484025,17.785,2.534,0.27,0.0,0,0,1,,0.931,2026-03-14T10:01:22.009055,neutral,0.974,2026-03-14T10:01:20.288100,0.5971617933560801,2026-03-14T10:01:21.991000,95,,,
participant_09,1,day,Town10HD_Opt,2026-03-14 10:01:23.289411,70.81745147705078,24.650774002075195,0.0019387817010283,17.49,5.917,0.207,0.0,0,0,1,,0.93,2026-03-14T10:01:23.289411,neutral,0.948,2026-03-14T10:01:23.289411,0.7032083536915765,2026-03-14T10:01:23.025000,95,,,errors=Solid line crossing
participant_09,1,day,Town10HD_Opt,2026-03-14 10:01:24.331132,73.79903411865234,24.428407669067383,0.0019601820968091,16.361,7.763,0.0,0.0,0,0,1,,0.923,2026-03-14T10:01:24.331132,neutral,0.948,2026-03-14T10:01:23.289411,0.6968377763835614,2026-03-14T10:01:24.016000,92,,,
participant_09,1,day,Town10HD_Opt,2026-03-14 10:01:25.337452,76.35877227783203,24.52530860900879,0.0020391081925481,12.363,3.759,0.0,0.13,0,0,1,,0.877,2026-03-14T10:01:25.337452,neutral,0.928,2026-03-14T10:01:25.337452,0.7561850781424594,2026-03-14T10:01:25.006000,92,,,
participant_09,1,day,Town10HD_Opt,2026-03-14 10:01:26.045012,77.68634796142578,24.589990615844727,0.0020513152703642,9.786,-3.58,0.0,0.214,0,0,1,,0.936,2026-03-14T10:01:26.045012,neutral,0.928,2026-03-14T10:01:25.337452,0.6474841857514875,2026-03-14T10:01:25.996000,92,,,
participant_09,1,day,Town10HD_Opt,2026-03-14 10:01:27.027460,79.06207275390625,24.58529281616211,0.0020551299676299,5.537,-2.642,0.0,0.277,0,0,1,,0.972,2026-03-14T10:01:27.027460,neutral,0.928,2026-03-14T10:01:25.337452,0.6170635193005766,2026-03-14T10:01:27.031000,91,,,
participant_09,1,day,Town10HD_Opt,2026-03-14 10:01:28.072928,79.20401000976562,24.583934783935547,0.001958007691428,0.062,-0.129,0.0,0.0,0,0,1,,0.818,2026-03-14T10:01:28.072928,neutral,0.936,2026-03-14T10:01:28.072928,0.6442785238842071,2026-03-14T10:01:28.022000,94,,,
participant_09,1,day,Town10HD_Opt,2026-03-14 10:01:29.103265,79.2139892578125,24.58405876159668,0.00192012777552,0.053,0.374,0.0,0.0,0,0,1,,0.925,2026-03-14T10:01:29.103265,neutral,0.936,2026-03-14T10:01:28.072928,0.4976684361237919,2026-03-14T10:01:29.012000,92,,,
participant_09,1,day,Town10HD_Opt,2026-03-14 10:01:30.256516,79.22178649902344,24.584142684936523,0.0019192504696547,0.041,0.315,0.0,0.0,0,0,1,,1.0,2026-03-14T10:01:30.256516,neutral,0.877,2026-03-14T10:01:30.256516,0.5207122144716783,2026-03-14T10:01:30.001000,90,,,
participant_09,1,day,Town10HD_Opt,2026-03-14 10:01:31.253710,79.22779083251953,24.58414649963379,0.001919288537465,0.033,0.214,0.0,0.0,0,0,1,,0.919,2026-03-14T10:01:31.253710,neutral,0.877,2026-03-14T10:01:30.256516,0.5038811776577351,2026-03-14T10:01:30.991000,87,,,
participant_09,1,day,Town10HD_Opt,2026-03-14 10:01:32.270506,79.2323989868164,24.58414459228516,0.0019191741012036,0.026,0.193,0.0,0.0,0,0,1,,0.949,2026-03-14T10:01:32.270506,neutral,0.738,2026-03-14T10:01:32.270506,0.5566545045572443,2026-03-14T10:01:32.026000,89,,,
participant_09,1,day,Town10HD_Opt,2026-03-14 10:01:33.206038,79.234619140625,24.58414459228516,0.0019187927246093,0.004,0.183,0.0,0.0,0,0,1,,1.0,2026-03-14T10:01:33.206038,neutral,0.738,2026-03-14T10:01:32.270506,0.564168699735735,2026-03-14T10:01:33.016000,87,,,
participant_09,1,day,Town10HD_Opt,2026-03-14 10:01:34.154149,79.23494720458984,24.58414459228516,0.0019189452286809,0.001,0.183,0.0,0.0,0,0,1,,0.937,2026-03-14T10:01:34.154149,neutral,0.738,2026-03-14T10:01:32.270506,0.5985887333264727,2026-03-14T10:01:34.096000,85,,,
participant_09,1,day,Town10HD_Opt,2026-03-14 10:01:35.068794,79.234619140625,24.58414459228516,0.0019186401041224,0.14,0.186,0.105,0.0,0,0,1,,0.907,2026-03-14T10:01:35.068794,neutral,0.574,2026-03-14T10:01:35.068794,0.5550687034522402,2026-03-14T10:01:35.041000,81,,,
participant_09,1,day,Town10HD_Opt,2026-03-14 10:01:36.066816,79.36373138427734,24.58540916442871,0.0017546081217005,3.138,0.801,0.827,0.0,0,0,1,,0.902,2026-03-14T10:01:36.066816,neutral,0.574,2026-03-14T10:01:35.068794,0.508916874139081,2026-03-14T10:01:36.031000,80,,,
participant_09,1,day,Town10HD_Opt,2026-03-14 10:01:37.274278,82.33722686767578,24.64606475830078,0.0017243194160982,22.521,0.834,1.0,0.0,0,0,1,,0.896,2026-03-14T10:01:37.274278,neutral,0.702,2026-03-14T10:01:37.274278,0.5083390691437626,2026-03-14T10:01:37.021000,76,Solid line crossing,Solid line crossing,
participant_09,1,day,Town10HD_Opt,2026-03-14 10:01:38.025115,85.34886169433594,24.72317314147949,0.0018460464198142,27.009,-1.92,0.011,0.0,0,0,1,,0.883,2026-03-14T10:01:38.025115,neutral,0.702,2026-03-14T10:01:37.274278,0.5102789724536246,2026-03-14T10:01:38.012000,77,,,
participant_09,1,day,Town10HD_Opt,2026-03-14 10:01:39.080193,89.64238739013672,24.55034828186035,0.0021780775859951,22.208,-7.42,0.281,0.0,0,0,1,,0.97,2026-03-14T10:01:39.080193,neutral,0.702,2026-03-14T10:01:37.274278,0.4981884598885313,2026-03-14T10:01:39.002000,73,,,
participant_09,1,day,Town10HD_Opt,2026-03-14 10:01:40.133300,93.44001770019533,23.885316848754883,0.0019981765653938,22.905,-5.749,0.522,0.0,0,0,1,,0.956,2026-03-14T10:01:40.133300,neutral,0.801,2026-03-14T10:01:40.133300,0.4366329988587332,2026-03-14T10:01:39.991000,70,,,
participant_09,1,day,Town10HD_Opt,2026-03-14 10:01:41.141031,97.54393005371094,22.55867958068848,0.0019244003342464,26.952,-10.641,0.46,0.0,0,0,1,,0.993,2026-03-14T10:01:41.141031,neutral,0.801,2026-03-14T10:01:40.133300,0.4640788376745205,2026-03-14T10:01:41.027000,71,,,
participant_09,1,day,Town10HD_Opt,2026-03-14 10:01:42.212577,101.52983856201172,20.06794548034668,0.0021456908434629,25.579,-14.393,0.141,0.0,0,0,1,,0.866,2026-03-14T10:01:42.212577,neutral,0.795,2026-03-14T10:01:42.212577,0.4112655066155136,2026-03-14T10:01:42.016000,71,,,
participant_09,1,day,Town10HD_Opt,2026-03-14 10:01:43.190277,104.18146514892578,16.917261123657227,0.0021971128880977,21.161,-14.364,0.141,0.0,0,0,1,,0.867,2026-03-14T10:01:43.190277,neutral,0.795,2026-03-14T10:01:42.212577,0.3701315696323818,2026-03-14T10:01:43.006000,73,,,
participant_09,1,day,Town10HD_Opt,2026-03-14 10:01:44.289543,105.5792465209961,13.776742935180664,0.0021323775872588,17.948,-14.215,0.179,0.0,0,0,1,,0.94,2026-03-14T10:01:44.289543,neutral,0.788,2026-03-14T10:01:44.289543,0.3811919079577228,2026-03-14T10:01:43.996000,72,,,
participant_09,1,day,Town10HD_Opt,2026-03-14 10:01:45.310923,106.16453552246094,10.69142723083496,0.0021228790283203,17.866,-8.413,0.269,0.0,0,0,1,,0.988,2026-03-14T10:01:45.310923,neutral,0.788,2026-03-14T10:01:44.289543,0.4199987705111863,2026-03-14T10:01:45.031000,70,,,
participant_09,1,day,Town10HD_Opt,2026-03-14 10:01:46.237737,106.4578094482422,7.495859622955322,0.0019571303855627,20.08,-2.492,0.807,0.0,0,0,1,,0.956,2026-03-14T10:01:46.237737,neutral,0.788,2026-03-14T10:01:44.289543,0.3375468027386699,2026-03-14T10:01:46.021000,70,,,
participant_09,1,day,Town10HD_Opt,2026-03-14 10:01:47.167838,106.70113372802734,3.0920207500457764,0.0018481826409697,28.349,-2.17,0.142,0.0,0,0,1,,0.935,2026-03-14T10:01:47.167838,neutral,0.806,2026-03-14T10:01:47.167838,0.3445389035554254,2026-03-14T10:01:47.013000,74,,,
participant_09,1,day,Town10HD_Opt,2026-03-14 10:01:48.089079,106.74415588378906,-1.5888062715530396,0.0021594618447124,24.87,-1.718,0.169,0.0,0,0,1,,0.945,2026-03-14T10:01:48.089079,neutral,0.806,2026-03-14T10:01:47.167838,0.3843365072984442,2026-03-14T10:01:48.001000,73,,,
participant_09,1,day,Town10HD_Opt,2026-03-14 10:01:49.028078,106.69361114501952,-5.6324639320373535,0.0021405410952866,21.49,1.177,0.228,0.0,0,0,1,,0.808,2026-03-14T10:01:49.028078,neutral,0.806,2026-03-14T10:01:47.167838,0.4235219413145145,2026-03-14T10:01:48.991000,73,,,
participant_09,1,day,Town10HD_Opt,2026-03-14 10:01:50.253397,106.7392349243164,-10.359200477600098,0.0020912550389766,19.153,-0.24,0.311,0.0,0,0,1,,0.917,2026-03-14T10:01:50.253397,neutral,0.973,2026-03-14T10:01:50.253397,0.3606330848225143,2026-03-14T10:01:50.026000,76,,,
participant_09,1,day,Town10HD_Opt,2026-03-14 10:01:51.188164,106.76712036132812,-13.75467300415039,0.0019653320778161,20.755,-0.129,0.532,0.0,0,0,1,,0.817,2026-03-14T10:01:51.188164,neutral,0.973,2026-03-14T10:01:50.253397,0.4267595150838312,2026-03-14T10:01:51.016000,76,,,
participant_09,1,day,Town10HD_Opt,2026-03-14 10:01:52.134159,106.80011749267578,-17.714916229248047,0.0019187927246093,24.725,0.839,0.472,0.0,0,0,1,,0.831,2026-03-14T10:01:52.134159,neutral,0.973,2026-03-14T10:01:50.253397,0.4282686436330002,2026-03-14T10:01:52.006000,80,,,
participant_09,1,day,Town10HD_Opt,2026-03-14 10:01:53.063122,106.9473876953125,-22.229093551635746,0.0019894028082489,26.693,2.043,0.398,0.0,0,0,1,,0.867,2026-03-14T10:01:53.063122,neutral,0.964,2026-03-14T10:01:53.063122,0.4039661342925859,2026-03-14T10:01:53.041000,81,,,
participant_09,1,day,Town10HD_Opt,2026-03-14 10:01:54.308891,107.42361450195312,-28.55361557006836,0.0020240021403878,27.598,-2.442,0.388,0.0,0,0,1,,0.947,2026-03-14T10:01:54.308891,neutral,0.964,2026-03-14T10:01:53.063122,0.4426947152799541,2026-03-14T10:01:54.031000,81,,,
participant_09,1,day,Town10HD_Opt,2026-03-14 10:01:55.307657,107.42916870117188,-33.413204193115234,0.0020362853538244,27.991,-7.465,0.387,0.0,0,0,1,,0.878,2026-03-14T10:01:55.307657,neutral,0.862,2026-03-14T10:01:55.307657,0.391279858053103,2026-03-14T10:01:55.021000,82,,,
participant_09,1,day,Town10HD_Opt,2026-03-14 10:01:56.185264,106.58430480957033,-38.254581451416016,0.0020399093627929,28.306,-7.489,0.388,0.0,0,0,1,,0.835,2026-03-14T10:01:56.185264,neutral,0.862,2026-03-14T10:01:55.307657,0.4864556505375269,2026-03-14T10:01:56.012000,82,,,
participant_09,1,day,Town10HD_Opt,2026-03-14 10:01:57.090221,104.87106323242188,-42.91970443725586,0.002039527753368,28.605,-6.502,0.387,0.0,0,0,1,,0.87,2026-03-14T10:01:57.090221,neutral,0.862,2026-03-14T10:01:55.307657,0.500914646724239,2026-03-14T10:01:57.001000,77,,,
participant_09,1,day,Town10HD_Opt,2026-03-14 10:01:58.039439,102.43639373779295,-47.31448745727539,0.0020380020141601,28.893,-5.255,0.388,0.0,0,0,1,,0.833,2026-03-14T10:01:58.039439,neutral,0.797,2026-03-14T10:01:58.039439,0.5125120784764272,2026-03-14T10:01:57.991000,80,,,
participant_09,1,day,Town10HD_Opt,2026-03-14 10:01:59.272892,98.40145111083984,-52.7602424621582,0.0020370865240693,29.247,-4.407,0.387,0.0,0,0,1,,0.967,2026-03-14T10:01:59.272892,neutral,0.797,2026-03-14T10:01:58.039439,0.4950113335234843,2026-03-14T10:01:59.027000,77,,,
participant_09,1,day,Town10HD_Opt,2026-03-14 10:02:00.243442,94.83109283447266,-56.44012451171875,0.0020412825979292,29.44,-5.777,0.387,0.0,0,0,1,,0.841,2026-03-14T10:02:00.243442,neutral,0.908,2026-03-14T10:02:00.243442,0.4327986305550504,2026-03-14T10:02:00.017000,78,,,
participant_09,1,day,Town10HD_Opt,2026-03-14 10:02:01.169241,90.73692321777344,-59.57781600952149,0.002041587838903,29.603,-5.356,0.387,0.0,0,0,1,,0.865,2026-03-14T10:02:01.169241,neutral,0.908,2026-03-14T10:02:00.243442,0.5236136173545728,2026-03-14T10:02:01.006000,78,,,
participant_09,1,day,Town10HD_Opt,2026-03-14 10:02:02.101798,86.23125457763672,-62.18393325805664,0.0020155715756118,30.288,-3.059,0.477,0.0,0,0,1,,0.966,2026-03-14T10:02:02.101798,neutral,0.908,2026-03-14T10:02:00.243442,0.5689876875755965,2026-03-14T10:02:01.996000,76,,,
participant_09,1,day,Town10HD_Opt,2026-03-14 10:02:03.022366,81.300048828125,-64.46769714355469,0.0019972228910773,31.871,-3.947,0.443,0.0,0,0,1,,0.971,2026-03-14T10:02:03.022366,neutral,0.754,2026-03-14T10:02:03.022366,0.4259557408560318,2026-03-14T10:02:03.032000,80,,,
participant_09,1,day,Town10HD_Opt,2026-03-14 10:02:04.294446,74.05253601074219,-66.71488952636719,0.0020126341842114,33.306,-4.832,0.443,0.0,0,0,1,,0.92,2026-03-14T10:02:04.294446,neutral,0.754,2026-03-14T10:02:03.022366,0.5690644593940671,2026-03-14T10:02:04.022000,80,,,
participant_09,1,day,Town10HD_Opt,2026-03-14 10:02:05.275372,68.2175064086914,-67.56689453125,0.0020161436405032,34.22,-3.488,0.443,0.0,0,0,1,,0.979,2026-03-14T10:02:05.275372,neutral,0.886,2026-03-14T10:02:05.275372,0.5745899039802842,2026-03-14T10:02:05.012000,84,Solid line crossing,Solid line crossing,
participant_09,1,day,Town10HD_Opt,2026-03-14 10:02:06.249531,62.16929626464844,-67.8608169555664,0.0020165634341537,35.058,-0.479,0.443,0.0,0,0,1,,0.885,2026-03-14T10:02:06.249531,neutral,0.886,2026-03-14T10:02:05.275372,0.5429833784249163,2026-03-14T10:02:06.001000,86,,,
participant_09,1,day,Town10HD_Opt,2026-03-14 10:02:07.233722,55.97723007202149,-67.99958038330078,0.0020201110746711,35.808,-1.347,0.442,0.0,0,0,1,,0.938,2026-03-14T10:02:07.233722,neutral,0.886,2026-03-14T10:02:05.275372,0.5056310306879639,2026-03-14T10:02:06.992000,84,,,
participant_09,1,day,Town10HD_Opt,2026-03-14 10:02:08.197769,49.66905975341797,-67.93789672851562,0.0020233916584402,36.407,0.075,0.442,0.0,0,0,1,,0.828,2026-03-14T10:02:08.197769,neutral,0.968,2026-03-14T10:02:08.197769,0.5801294815264972,2026-03-14T10:02:08.026000,89,,,
participant_09,1,day,Town10HD_Opt,2026-03-14 10:02:09.181428,43.26189804077149,-67.8177490234375,0.002025794936344,36.9,0.23,0.436,0.0,0,0,1,,1.0,2026-03-14T10:02:09.181428,neutral,0.968,2026-03-14T10:02:08.197769,0.6322014192697367,2026-03-14T10:02:09.019000,86,,,
participant_09,1,day,Town10HD_Opt,2026-03-14 10:02:10.153849,36.86414337158203,-67.72880554199219,0.0021170042455196,35.31,-0.089,0.262,0.0,0,0,1,,1.0,2026-03-14T10:02:10.153849,neutral,0.968,2026-03-14T10:02:08.197769,0.6023163306189782,2026-03-14T10:02:10.007000,86,,,
participant_09,1,day,Town10HD_Opt,2026-03-14 10:02:11.093007,30.943092346191406,-67.63716888427734,0.0021454237867146,32.103,0.115,0.259,0.0,0,0,1,,0.84,2026-03-14T10:02:11.093007,neutral,0.967,2026-03-14T10:02:11.093007,0.7022143294168425,2026-03-14T10:02:10.997000,86,,,
participant_09,1,day,Town10HD_Opt,2026-03-14 10:02:12.078569,25.552885055541992,-67.56907653808594,0.0021327210124582,29.447,0.176,0.259,0.0,0,0,1,,1.0,2026-03-14T10:02:12.078569,neutral,0.967,2026-03-14T10:02:11.093007,0.6573289746533361,2026-03-14T10:02:12.032000,85,,,
participant_09,1,day,Town10HD_Opt,2026-03-14 10:02:13.265835,19.0006160736084,-67.52201843261719,0.002086830092594,27.061,0.176,0.307,0.0,0,0,1,,0.858,2026-03-14T10:02:13.265835,neutral,0.971,2026-03-14T10:02:13.265835,0.6766042641387748,2026-03-14T10:02:13.022000,83,,,
participant_09,1,day,Town10HD_Opt,2026-03-14 10:02:14.203517,14.363823890686035,-67.51256561279297,0.002084732055664,25.798,0.176,0.293,0.0,0,0,1,,0.852,2026-03-14T10:02:14.203517,neutral,0.971,2026-03-14T10:02:13.265835,0.6745108566223045,2026-03-14T10:02:14.012000,82,,,
participant_09,1,day,Town10HD_Opt,2026-03-14 10:02:15.161240,9.957674026489258,-67.52196502685547,0.0020886610727757,24.414,0.176,0.284,0.0,0,0,1,,0.87,2026-03-14T10:02:15.161240,neutral,0.971,2026-03-14T10:02:13.265835,0.6887358677445293,2026-03-14T10:02:15.002000,85,,,
participant_09,1,day,Town10HD_Opt,2026-03-14 10:02:16.069544,5.789795875549316,-67.5470962524414,0.0020771026611328,23.455,0.19,0.901,0.0,0,0,1,,0.915,2026-03-14T10:02:16.069544,neutral,0.92,2026-03-14T10:02:16.069544,0.6993018554761828,2026-03-14T10:02:15.991000,82,,,
participant_09,1,day,Town10HD_Opt,2026-03-14 10:02:17.278881,-1.56434428691864,-67.63288116455078,0.0015410613268613,42.434,0.209,1.0,0.0,0,0,1,,1.0,2026-03-14T10:02:17.278881,neutral,0.92,2026-03-14T10:02:16.069544,0.7180527483912337,2026-03-14T10:02:17.027000,80,,,
participant_09,1,day,Town10HD_Opt,2026-03-14 10:02:18.225116,-10.041711807250977,-67.79354858398438,0.0018667601980268,50.374,-0.061,0.0,0.0,0,0,1,,1.0,2026-03-14T10:02:18.225116,neutral,0.902,2026-03-14T10:02:18.225116,0.7151703998070359,2026-03-14T10:02:18.017000,80,,,
participant_09,1,day,Town10HD_Opt,2026-03-14 10:02:19.244223,-18.831586837768555,-67.9397964477539,0.0019598007202148,51.294,-0.55,0.0,0.129,0,0,1,,0.921,2026-03-14T10:02:19.244223,neutral,0.902,2026-03-14T10:02:18.225116,0.7134310071055366,2026-03-14T10:02:19.006000,80,,,
participant_09,1,day,Town10HD_Opt,2026-03-14 10:02:20.142292,-26.911489486694336,-67.98274993896484,0.0023814390879124,40.273,0.362,0.0,0.0,0,0,1,,0.937,2026-03-14T10:02:20.142292,neutral,0.902,2026-03-14T10:02:18.225116,0.7681184656379716,2026-03-14T10:02:19.996000,82,,,
participant_09,1,day,Town10HD_Opt,2026-03-14 10:02:21.102798,-33.203857421875,-68.04232788085938,0.002327880822122,31.17,-0.757,0.173,0.0,0,0,1,,0.942,2026-03-14T10:02:21.102798,neutral,0.888,2026-03-14T10:02:21.102798,0.740540794504103,2026-03-14T10:02:21.031000,78,,,
participant_09,1,day,Town10HD_Opt,2026-03-14 10:02:22.074549,-38.489402770996094,-68.02946472167969,0.0019646072760224,31.319,0.613,0.633,0.0,0,0,1,,0.88,2026-03-14T10:02:22.074549,neutral,0.888,2026-03-14T10:02:21.102798,0.7855399863981667,2026-03-14T10:02:22.022000,78,,,
participant_09,1,day,Town10HD_Opt,2026-03-14 10:02:23.290044,-46.80165863037109,-68.11573791503906,0.0018574142595753,40.43,-0.061,0.679,0.0,0,0,1,,0.933,2026-03-14T10:02:23.290044,neutral,0.924,2026-03-14T10:02:23.290044,0.7512154491095815,2026-03-14T10:02:23.012000,75,,,
participant_09,1,day,Town10HD_Opt,2026-03-14 10:02:24.240494,-54.345027923583984,-68.2169189453125,0.0018310927553102,46.089,-0.108,0.658,0.0,0,0,1,,0.954,2026-03-14T10:02:24.240494,neutral,0.924,2026-03-14T10:02:23.290044,0.7163580517351092,2026-03-14T10:02:24.092000,78,,,
participant_09,1,day,Town10HD_Opt,2026-03-14 10:02:25.288194,-62.7835693359375,-68.31739044189453,0.0018937683198601,50.643,-0.221,0.603,0.0,0,0,1,,0.862,2026-03-14T10:02:25.288194,neutral,0.924,2026-03-14T10:02:23.290044,0.6998512424915679,2026-03-14T10:02:25.036000,76,,,
participant_09,1,day,Town10HD_Opt,2026-03-14 10:02:26.210448,-71.17576599121094,-68.25559997558594,0.0023558426182717,41.914,-3.544,0.0,0.0,0,0,1,,0.954,2026-03-14T10:02:26.210448,neutral,0.92,2026-03-14T10:02:26.210448,0.7482533197876591,2026-03-14T10:02:26.027000,77,,,
participant_09,1,day,Town10HD_Opt,2026-03-14 10:02:27.219619,-77.76374053955078,-67.48812866210938,0.002347259549424,32.821,-4.115,0.0,0.0,0,0,1,,0.923,2026-03-14T10:02:27.219619,neutral,0.92,2026-03-14T10:02:26.210448,0.7859177469231278,2026-03-14T10:02:27.017000,76,,,
participant_09,1,day,Town10HD_Opt,2026-03-14 10:02:28.177031,-82.73391723632812,-66.28099822998047,0.0022870253305882,25.226,-4.426,0.098,0.0,0,0,1,,0.983,2026-03-14T10:02:28.177031,neutral,0.92,2026-03-14T10:02:26.210448,0.7984992448337117,2026-03-14T10:02:28.007000,78,,,
participant_09,1,day,Town10HD_Opt,2026-03-14 10:02:29.132794,-86.57067108154297,-64.89867401123047,0.0021467970218509,21.684,-4.549,0.355,0.0,0,0,1,,0.949,2026-03-14T10:02:29.132794,neutral,0.897,2026-03-14T10:02:29.132794,0.8057075737432806,2026-03-14T10:02:28.998000,78,,,
participant_09,1,day,Town10HD_Opt,2026-03-14 10:02:30.076154,-90.07411193847656,-63.24773406982422,0.001953125,23.715,-4.511,0.526,0.0,0,0,1,,0.964,2026-03-14T10:02:30.076154,neutral,0.897,2026-03-14T10:02:29.132794,0.7745171093761651,2026-03-14T10:02:30.032000,78,,,
participant_09,1,day,Town10HD_Opt,2026-03-14 10:02:31.271386,-95.30873107910156,-60.0175895690918,0.0024257279001176,29.579,-4.266,0.545,0.0,0,0,1,,0.962,2026-03-14T10:02:31.271386,neutral,0.908,2026-03-14T10:02:31.271386,0.8049936475840292,2026-03-14T10:02:31.022000,77,,,
participant_09,1,day,Town10HD_Opt,2026-03-14 10:02:32.272814,-99.5352554321289,-56.63337707519531,0.0020183180458843,31.233,-4.542,0.287,0.0,0,0,1,,0.952,2026-03-14T10:02:32.272814,neutral,0.908,2026-03-14T10:02:31.271386,0.7016099922526248,2026-03-14T10:02:32.012000,74,,,
participant_09,1,day,Town10HD_Opt,2026-03-14 10:02:33.204462,-103.22877502441406,-52.85554885864258,0.0021303938701748,28.898,-4.778,0.239,0.0,0,0,1,,1.0,2026-03-14T10:02:33.204462,neutral,0.908,2026-03-14T10:02:31.271386,0.7541580831545148,2026-03-14T10:02:33.001000,77,,,errors=Solid line crossing
participant_09,1,day,Town10HD_Opt,2026-03-14 10:02:34.141077,-106.13729095458984,-49.02898406982422,0.0021350097376853,25.986,-5.078,0.259,0.0,0,0,1,,0.928,2026-03-14T10:02:34.141077,neutral,0.885,2026-03-14T10:02:34.141077,0.7053005399012084,2026-03-14T10:02:34.037000,75,,,
participant_09,1,day,Town10HD_Opt,2026-03-14 10:02:35.014975,-108.36495971679688,-45.22716522216797,0.0020823287777602,24.591,-5.035,0.346,0.0,0,0,1,,0.855,2026-03-14T10:02:35.014975,neutral,0.885,2026-03-14T10:02:34.141077,0.7538264582562181,2026-03-14T10:02:35.026000,77,,,
participant_09,1,day,Town10HD_Opt,2026-03-14 10:02:36.002606,-110.10565185546876,-41.30447769165039,0.0020498274825513,24.466,-4.988,0.346,0.0,0,0,1,,0.921,2026-03-14T10:02:36.002606,neutral,0.885,2026-03-14T10:02:34.141077,0.7791446418606824,2026-03-14T10:02:36.016000,77,,,
participant_09,1,day,Town10HD_Opt,2026-03-14 10:02:37.216251,-111.73517608642578,-35.85348129272461,0.0020503997802734,24.295,-4.983,0.361,0.0,0,0,1,,0.938,2026-03-14T10:02:37.216251,neutral,0.913,2026-03-14T10:02:37.216251,0.7279615418688428,2026-03-14T10:02:37.007000,76,,,
participant_09,1,day,Town10HD_Opt,2026-03-14 10:02:38.146146,-112.4244613647461,-31.64330101013184,0.002043075626716,24.437,-6.319,0.351,0.0,0,0,1,,0.83,2026-03-14T10:02:38.146146,neutral,0.913,2026-03-14T10:02:37.216251,0.7781737815828277,2026-03-14T10:02:37.997000,76,,,
participant_09,1,day,Town10HD_Opt,2026-03-14 10:02:39.082700,-112.55616760253906,-27.36788749694824,0.0020486449357122,24.428,-6.303,0.347,0.0,0,0,1,,0.866,2026-03-14T10:02:39.082700,neutral,0.913,2026-03-14T10:02:37.216251,0.7778852108144093,2026-03-14T10:02:39.032000,80,,,
participant_09,1,day,Town10HD_Opt,2026-03-14 10:02:40.003445,-112.10516357421876,-23.12275123596192,0.0020503997802734,24.349,-5.888,0.342,0.0,0,0,1,,0.925,2026-03-14T10:02:40.003445,neutral,0.841,2026-03-14T10:02:40.003445,0.7948345946954918,2026-03-14T10:02:40.022000,81,,,
participant_09,1,day,Town10HD_Opt,2026-03-14 10:02:41.014447,-111.23902893066406,-18.95570945739746,0.002049560425803,24.207,2.24,0.338,0.0,0,0,1,,0.84,2026-03-14T10:02:41.014447,neutral,0.841,2026-03-14T10:02:40.003445,0.786938608722822,2026-03-14T10:02:41.013000,78,,,
participant_09,1,day,Town10HD_Opt,2026-03-14 10:02:42.268650,-110.47388458251952,-13.41805648803711,0.002087936270982,22.998,3.113,0.0,0.0,0,0,1,,0.933,2026-03-14T10:02:42.268650,neutral,0.983,2026-03-14T10:02:42.268650,0.7513084565047852,2026-03-14T10:02:42.002000,76,,,
participant_09,1,day,Town10HD_Opt,2026-03-14 10:02:43.228586,-110.28616333007812,-9.847369194030762,0.0020362471695989,17.132,3.405,0.0,0.224,0,0,1,,1.0,2026-03-14T10:02:43.228586,neutral,0.983,2026-03-14T10:02:42.268650,0.8726061431816631,2026-03-14T10:02:43.037000,78,,,
participant_09,1,day,Town10HD_Opt,2026-03-14 10:02:44.186435,-110.29683685302734,-7.328999996185303,0.0021123504266142,11.086,3.349,0.0,0.416,0,0,1,,0.853,2026-03-14T10:02:44.186435,neutral,0.983,2026-03-14T10:02:42.268650,0.8421265743820014,2026-03-14T10:02:44.027000,74,,,
participant_09,1,day,Town10HD_Opt,2026-03-14 10:02:45.158906,-110.3331298828125,-5.808021545410156,0.0020482635591179,6.531,-2.367,0.0,0.192,0,0,1,,1.0,2026-03-14T10:02:45.158906,neutral,0.549,2026-03-14T10:02:45.158906,0.8583245056309492,2026-03-14T10:02:45.017000,71,,,
participant_09,1,day,Town10HD_Opt,2026-03-14 10:02:46.064844,-110.33029174804688,-5.409979820251465,0.0020233916584402,0.0,-2.407,0.0,0.362,0,0,1,,0.864,2026-03-14T10:02:46.064844,neutral,0.549,2026-03-14T10:02:45.158906,0.8909330760586471,2026-03-14T10:02:46.007000,72,,,
participant_09,1,day,Town10HD_Opt,2026-03-14 10:02:47.015606,-110.33026885986328,-5.409812450408936,0.0019231796031817,0.001,-0.47,0.0,0.0,0,0,1,,0.875,2026-03-14T10:02:47.015606,neutral,0.549,2026-03-14T10:02:45.158906,0.8802501594375662,2026-03-14T10:02:46.998000,75,,,
participant_09,1,day,Town10HD_Opt,2026-03-14 10:02:48.175791,-110.33026885986328,-5.409725189208984,0.0019190596649423,0.0,0.587,0.0,0.0,0,0,1,,0.961,2026-03-14T10:02:48.175791,neutral,0.941,2026-03-14T10:02:48.175791,0.7779864403186695,2026-03-14T10:02:48.032000,79,,,
participant_09,1,day,Town10HD_Opt,2026-03-14 10:02:49.064855,-110.33025360107422,-5.409716606140137,0.0019190596649423,0.0,0.587,0.0,0.0,0,0,1,reach_back,0.868,2026-03-14T10:02:49.064855,neutral,0.941,2026-03-14T10:02:48.175791,0.887411434187889,2026-03-14T10:02:49.022000,78,Solid line crossing,Solid line crossing,
participant_09,1,day,Town10HD_Opt,2026-03-14 10:02:50.220864,-110.33026885986328,-5.409712791442871,0.0019189834129065,0.0,0.583,0.0,0.0,0,0,1,,1.0,2026-03-14T10:02:50.220864,neutral,0.978,2026-03-14T10:02:50.220864,0.8514349528658324,2026-03-14T10:02:50.012000,74,,,
participant_09,1,day,Town10HD_Opt,2026-03-14 10:02:51.133749,-110.33025360107422,-5.409712791442871,0.001919021597132,0.0,0.571,0.0,0.0,0,0,1,reach_back,0.881,2026-03-14T10:02:51.133749,neutral,0.978,2026-03-14T10:02:50.220864,0.8458922117971329,2026-03-14T10:02:51.002000,72,,,
participant_09,1,day,Town10HD_Opt,2026-03-14 10:02:52.274345,-110.33025360107422,-5.409708023071289,0.001919021597132,0.0,0.571,0.0,0.0,0,0,1,,1.0,2026-03-14T10:02:52.274345,neutral,0.698,2026-03-14T10:02:52.274345,0.8629763434653064,2026-03-14T10:02:52.037000,72,,,
participant_09,1,day,Town10HD_Opt,2026-03-14 10:02:53.141293,-110.33025360107422,-5.409708023071289,0.0019189834129065,0.0,0.571,0.0,0.0,0,0,1,,1.0,2026-03-14T10:02:53.141293,neutral,0.698,2026-03-14T10:02:52.274345,0.8556821715267949,2026-03-14T10:02:53.027000,72,,,
participant_09,1,day,Town10HD_Opt,2026-03-14 10:02:54.015187,-110.33026885986328,-5.40970516204834,0.0019190596649423,0.0,0.569,0.0,0.0,0,0,1,,0.828,2026-03-14T10:02:54.015187,neutral,0.698,2026-03-14T10:02:52.274345,0.8090350056961008,2026-03-14T10:02:54.017000,75,,,
participant_09,1,day,Town10HD_Opt,2026-03-14 10:02:55.234030,-110.33026885986328,-5.409701347351074,0.0019190596649423,0.0,0.569,0.0,0.0,0,0,1,,1.0,2026-03-14T10:02:55.234030,neutral,0.98,2026-03-14T10:02:55.234030,0.7840811818585334,2026-03-14T10:02:55.007000,77,,,
participant_09,1,day,Town10HD_Opt,2026-03-14 10:02:56.159570,-110.33026885986328,-5.409694194793701,0.0019190978491678,0.0,0.569,0.0,0.0,0,0,1,,1.0,2026-03-14T10:02:56.159570,neutral,0.98,2026-03-14T10:02:55.234030,0.6943432188484915,2026-03-14T10:02:55.997000,78,,,
participant_09,1,day,Town10HD_Opt,2026-03-14 10:02:57.103642,-110.33025360107422,-5.409689903259277,0.001919021597132,0.0,0.562,0.0,0.0,0,0,1,reach_back,0.886,2026-03-14T10:02:57.103642,neutral,0.98,2026-03-14T10:02:55.234030,0.8514484874835037,2026-03-14T10:02:57.032000,79,,,
participant_09,1,day,Town10HD_Opt,2026-03-14 10:02:58.004561,-110.33078002929688,-5.35207462310791,0.0017697142902761,3.094,0.559,0.945,0.0,0,0,1,reach_back,0.827,2026-03-14T10:02:58.004561,neutral,0.959,2026-03-14T10:02:58.004561,0.8958044072686586,2026-03-14T10:02:58.022000,78,,,
participant_09,1,day,Town10HD_Opt,2026-03-14 10:02:59.228849,-110.37533569335938,-2.428556203842163,0.0017275619320571,22.316,0.552,0.986,0.0,0,0,1,,1.0,2026-03-14T10:02:59.228849,neutral,0.959,2026-03-14T10:02:58.004561,0.7812420606975272,2026-03-14T10:02:59.011000,79,,,
participant_09,1,day,Town10HD_Opt,2026-03-14 10:03:00.165796,-110.46087646484376,2.357948303222656,0.0020073316991329,28.103,-0.914,0.0,0.0,0,0,1,,1.0,2026-03-14T10:03:00.165796,neutral,0.974,2026-03-14T10:03:00.165796,0.8404758160095859,2026-03-14T10:03:00.002000,81,,,
participant_09,1,day,Town10HD_Opt,2026-03-14 10:03:01.094299,-110.44734191894533,6.748331546783447,0.0022534942254424,21.78,-4.221,0.0,0.0,0,0,1,,0.934,2026-03-14T10:03:01.094299,neutral,0.974,2026-03-14T10:03:00.165796,0.7559648342665397,2026-03-14T10:03:01.037000,82,,,
participant_09,1,day,Town10HD_Opt,2026-03-14 10:03:02.102205,-109.97071075439452,10.001296997070312,0.0019959257915616,16.396,-14.577,0.123,0.0,0,0,1,,0.899,2026-03-14T10:03:02.102205,neutral,0.974,2026-03-14T10:03:00.165796,0.7661580090708988,2026-03-14T10:03:02.027000,81,,,
participant_09,1,day,Town10HD_Opt,2026-03-14 10:03:03.064975,-108.99885559082033,12.580134391784668,0.0019144820980727,15.754,-4.652,0.305,0.0,0,0,1,,0.897,2026-03-14T10:03:03.064975,neutral,0.935,2026-03-14T10:03:03.064975,0.8325863811207066,2026-03-14T10:03:03.017000,82,,,
participant_09,1,day,Town10HD_Opt,2026-03-14 10:03:04.050711,-107.81289672851562,15.23770236968994,0.0018391036428511,18.042,-7.287,0.407,0.0,0,0,1,,0.843,2026-03-14T10:03:04.050711,neutral,0.935,2026-03-14T10:03:03.064975,0.7505312265116582,2026-03-14T10:03:04.006000,84,,,
participant_09,1,day,Town10HD_Opt,2026-03-14 10:03:05.036794,-106.13471221923828,18.019031524658203,0.0019669723697006,20.085,-9.593,0.524,0.0,0,0,1,,1.0,2026-03-14T10:03:05.036794,neutral,0.935,2026-03-14T10:03:03.064975,0.7644671289666388,2026-03-14T10:03:04.997000,81,,,
participant_09,1,day,Town10HD_Opt,2026-03-14 10:03:06.077060,-103.59490966796876,20.89211654663086,0.0019196700304746,24.277,-11.931,0.534,0.0,0,0,1,,0.876,2026-03-14T10:03:06.077060,neutral,0.887,2026-03-14T10:03:06.077060,0.770808686213895,2026-03-14T10:03:06.032000,83,,,
participant_09,1,day,Town10HD_Opt,2026-03-14 10:03:07.095407,-99.8538589477539,23.47911834716797,0.0019294738303869,28.044,-11.53,0.534,0.0,0,0,1,,1.0,2026-03-14T10:03:07.095407,neutral,0.887,2026-03-14T10:03:06.077060,0.7787636489728764,2026-03-14T10:03:07.023000,80,,,
participant_09,1,day,Town10HD_Opt,2026-03-14 10:03:08.061379,-95.1672821044922,25.151655197143555,0.0021934127435088,26.301,-10.646,0.0,0.0,0,0,1,,0.918,2026-03-14T10:03:08.061379,neutral,0.887,2026-03-14T10:03:06.077060,0.8329622578205045,2026-03-14T10:03:08.058000,83,,,
participant_09,1,day,Town10HD_Opt,2026-03-14 10:03:09.016222,-91.12525939941406,25.53937149047852,0.0022543715313076,19.512,-4.317,0.0,0.0,0,0,1,,0.94,2026-03-14T10:03:09.016222,neutral,0.797,2026-03-14T10:03:09.016222,0.7455750698661865,2026-03-14T10:03:09.002000,82,,,
participant_09,1,day,Town10HD_Opt,2026-03-14 10:03:10.043119,-88.05810546875,25.724422454833984,0.0020345305092632,15.217,11.931,0.0,0.0,0,0,1,,1.0,2026-03-14T10:03:10.043119,neutral,0.797,2026-03-14T10:03:09.016222,0.7549109824484945,2026-03-14T10:03:10.040000,83,,,
participant_09,1,day,Town10HD_Opt,2026-03-14 10:03:11.031964,-85.73629760742188,26.293684005737305,0.0019818877335637,12.821,8.916,0.338,0.0,0,0,1,,1.0,2026-03-14T10:03:11.031964,neutral,0.837,2026-03-14T10:03:11.031964,0.7144543070450216,2026-03-14T10:03:11.072000,83,,,
participant_09,1,day,Town10HD_Opt,2026-03-14 10:03:12.048242,-83.3768539428711,26.966590881347656,0.0018259810749441,15.657,-4.19,0.386,0.0,0,0,1,,0.89,2026-03-14T10:03:12.048242,neutral,0.837,2026-03-14T10:03:11.031964,0.6393877539262223,2026-03-14T10:03:12.018000,81,,,
participant_09,1,day,Town10HD_Opt,2026-03-14 10:03:13.027448,-80.47059631347656,27.5389404296875,0.002021598862484,18.338,-4.832,0.379,0.0,0,0,1,,1.0,2026-03-14T10:03:13.027448,neutral,0.837,2026-03-14T10:03:11.031964,0.7085859794431641,2026-03-14T10:03:13.097000,84,,,
participant_09,1,day,Town10HD_Opt,2026-03-14 10:03:14.051771,-77.3023452758789,27.93906021118164,0.0020472717005759,18.33,-3.733,0.264,0.0,0,0,1,,0.854,2026-03-14T10:03:14.051771,neutral,0.979,2026-03-14T10:03:14.051771,0.6631821318656582,2026-03-14T10:03:14.087000,81,,,
participant_09,1,day,Town10HD_Opt,2026-03-14 10:03:15.173733,-74.26290130615234,28.128793716430664,0.002001533517614,15.485,-3.799,0.0,0.009,0,0,1,,0.944,2026-03-14T10:03:15.173733,neutral,0.979,2026-03-14T10:03:14.051771,0.5270977430319748,2026-03-14T10:03:15.032000,82,,,
participant_09,1,day,Town10HD_Opt,2026-03-14 10:03:16.190151,-71.90160369873047,28.14787483215332,0.0020645142067223,11.023,-3.492,0.0,0.226,0,0,1,,0.959,2026-03-14T10:03:16.190151,neutral,0.99,2026-03-14T10:03:16.190151,0.6345755420908993,2026-03-14T10:03:16.022000,81,,,
participant_09,1,day,Town10HD_Opt,2026-03-14 10:03:17.186583,-70.340087890625,28.10723876953125,0.0020723724737763,6.35,-2.033,0.0,0.335,0,0,1,,0.953,2026-03-14T10:03:17.186583,neutral,0.99,2026-03-14T10:03:16.190151,0.5961350900079848,2026-03-14T10:03:17.012000,79,,,
participant_09,1,day,Town10HD_Opt,2026-03-14 10:03:18.107076,-70.05085754394531,28.098228454589844,0.0020022583194077,0.0,-0.987,0.0,0.12,0,0,1,,0.893,2026-03-14T10:03:18.107076,neutral,0.99,2026-03-14T10:03:16.190151,0.52234823305959,2026-03-14T10:03:18.003000,76,,,
participant_09,1,day,Town10HD_Opt,2026-03-14 10:03:19.060763,-70.0493392944336,28.098222732543945,0.0019218826200813,0.002,0.714,0.0,0.0,0,0,1,,1.0,2026-03-14T10:03:19.060763,fear,0.646,2026-03-14T10:03:19.060763,0.4614658209751675,2026-03-14T10:03:19.037000,76,,,
participant_09,1,day,Town10HD_Opt,2026-03-14 10:03:20.017050,-70.04899597167969,28.098222732543945,0.001919517526403,0.006,0.794,0.0,0.0,0,0,1,,0.942,2026-03-14T10:03:20.017050,fear,0.646,2026-03-14T10:03:19.060763,0.4992908741652874,2026-03-14T10:03:20.028000,72,,,
participant_09,1,day,Town10HD_Opt,2026-03-14 10:03:21.219392,-70.04888916015625,28.098222732543945,0.0019192504696547,0.005,0.759,0.0,0.0,0,0,1,,1.0,2026-03-14T10:03:21.219392,neutral,0.735,2026-03-14T10:03:21.219392,0.5983219173628829,2026-03-14T10:03:21.017000,74,,,
participant_09,1,day,Town10HD_Opt,2026-03-14 10:03:22.201379,-70.04879760742188,28.098222732543945,0.0019187927246093,0.001,0.747,0.0,0.0,0,0,1,,1.0,2026-03-14T10:03:22.201379,neutral,0.735,2026-03-14T10:03:21.219392,0.4669467493946709,2026-03-14T10:03:22.007000,74,,,
participant_09,1,day,Town10HD_Opt,2026-03-14 10:03:23.127485,-70.04884338378906,28.098222732543945,0.0019185256678611,0.001,0.747,0.0,0.0,0,0,1,,0.952,2026-03-14T10:03:23.127485,neutral,0.735,2026-03-14T10:03:21.219392,0.4381580049734479,2026-03-14T10:03:22.997000,75,,,
participant_09,1,day,Town10HD_Opt,2026-03-14 10:03:24.030884,-70.04877471923828,28.098222732543945,0.0019190978491678,0.005,0.747,0.0,0.0,0,0,1,,0.87,2026-03-14T10:03:24.030884,neutral,0.959,2026-03-14T10:03:24.030884,0.4327605717572104,2026-03-14T10:03:24.032000,77,,,
participant_09,1,day,Town10HD_Opt,2026-03-14 10:03:25.055512,-70.04857635498047,28.098222732543945,0.0019192504696547,0.006,0.731,0.0,0.0,0,0,1,,0.89,2026-03-14T10:03:25.055512,neutral,0.959,2026-03-14T10:03:24.030884,0.3797644089490433,2026-03-14T10:03:25.022000,77,Harsh braking,decel_mps2=6.4,
participant_09,1,day,Town10HD_Opt,2026-03-14 10:03:26.051451,-70.04840087890625,28.098222732543945,0.0019188307924196,0.001,0.721,0.0,0.0,0,0,1,,0.878,2026-03-14T10:03:26.051451,neutral,0.906,2026-03-14T10:03:26.051451,0.4819059616122423,2026-03-14T10:03:26.013000,80,,,
participant_09,1,day,Town10HD_Opt,2026-03-14 10:03:27.003007,-70.04844665527344,28.098222732543945,0.001919021597132,0.001,0.258,0.0,0.0,0,0,1,,0.836,2026-03-14T10:03:27.003007,neutral,0.906,2026-03-14T10:03:26.051451,0.3891522846008872,2026-03-14T10:03:27.002000,81,,,
participant_09,1,day,Town10HD_Opt,2026-03-14 10:03:28.270479,-70.0483169555664,28.098222732543945,0.001919021597132,0.001,0.291,0.0,0.0,0,0,1,,0.841,2026-03-14T10:03:28.270479,neutral,0.972,2026-03-14T10:03:28.270479,0.374688350964778,2026-03-14T10:03:28.127000,81,,,
participant_09,1,day,Town10HD_Opt,2026-03-14 10:03:29.218453,-70.04833221435547,28.098222732543945,0.0019189452286809,0.0,0.291,0.0,0.0,0,0,1,,1.0,2026-03-14T10:03:29.218453,neutral,0.972,2026-03-14T10:03:28.270479,0.4122707531380553,2026-03-14T10:03:29.028000,83,,,
participant_09,1,day,Town10HD_Opt,2026-03-14 10:03:30.175604,-70.04814147949219,28.098222732543945,0.0019191360333934,0.005,0.291,0.0,0.0,0,0,1,,1.0,2026-03-14T10:03:30.175604,neutral,0.972,2026-03-14T10:03:28.270479,0.4920116997173795,2026-03-14T10:03:30.017000,82,,,
participant_09,1,day,Town10HD_Opt,2026-03-14 10:03:31.111595,-70.01429748535156,28.09756851196289,0.0018101882888004,2.273,0.301,0.936,0.0,0,0,1,,0.856,2026-03-14T10:03:31.111595,neutral,0.825,2026-03-14T10:03:31.111595,0.4716867268454307,2026-03-14T10:03:31.007000,80,,,
participant_09,1,day,Town10HD_Opt,2026-03-14 10:03:32.140098,-68.40718841552734,28.07660675048828,0.0014008712023496,17.947,0.684,1.0,0.0,0,0,1,,0.851,2026-03-14T10:03:32.140098,neutral,0.825,2026-03-14T10:03:31.111595,0.4334840141690615,2026-03-14T10:03:31.999000,81,,,
participant_09,1,day,Town10HD_Opt,2026-03-14 10:03:33.231844,-64.20468139648438,28.039751052856445,0.0015069579239934,32.802,0.463,1.0,0.0,0,0,1,,0.818,2026-03-14T10:03:33.231844,neutral,0.964,2026-03-14T10:03:33.231844,0.4327509099771289,2026-03-14T10:03:33.032000,82,,,
participant_09,1,day,Town10HD_Opt,2026-03-14 10:03:34.244318,-57.2547492980957,28.06082534790039,0.0015522765461355,47.795,0.155,0.987,0.0,0,0,1,,0.869,2026-03-14T10:03:34.244318,neutral,0.964,2026-03-14T10:03:33.231844,0.4318341338593057,2026-03-14T10:03:34.022000,83,,,
participant_09,1,day,Town10HD_Opt,2026-03-14 10:03:35.229500,-48.49112701416016,28.17916488647461,0.0022482681088149,46.64,-0.237,0.0,0.0,0,0,1,,1.0,2026-03-14T10:03:35.229500,neutral,0.964,2026-03-14T10:03:33.231844,0.4364634290676539,2026-03-14T10:03:35.012000,80,,,
participant_09,1,day,Town10HD_Opt,2026-03-14 10:03:36.261013,-41.19482803344727,28.25626564025879,0.002368850633502,36.182,-0.11,0.099,0.0,0,0,1,,0.889,2026-03-14T10:03:36.261013,neutral,0.931,2026-03-14T10:03:36.261013,0.454014228737495,2026-03-14T10:03:36.002000,81,,,
participant_09,1,day,Town10HD_Opt,2026-03-14 10:03:37.264711,-35.187355041503906,28.296844482421875,0.0020827483385801,33.71,-0.059,0.454,0.0,0,0,1,,1.0,2026-03-14T10:03:37.264711,neutral,0.931,2026-03-14T10:03:36.261013,0.5043276330406714,2026-03-14T10:03:37.038000,81,,,
participant_09,1,day,Town10HD_Opt,2026-03-14 10:03:38.212416,-29.075931549072266,28.32709693908692,0.0018996048020198,37.347,-0.049,0.632,0.0,0,0,1,,0.848,2026-03-14T10:03:38.212416,neutral,0.931,2026-03-14T10:03:36.261013,0.4335008033827621,2026-03-14T10:03:38.027000,80,,,
participant_09,1,day,Town10HD_Opt,2026-03-14 10:03:39.222649,-22.131242752075195,28.350494384765625,0.0018799972021952,42.403,-0.045,0.632,0.0,0,0,1,,1.0,2026-03-14T10:03:39.222649,neutral,0.953,2026-03-14T10:03:39.222649,0.5505511638808204,2026-03-14T10:03:39.017000,80,,,
participant_09,1,day,Town10HD_Opt,2026-03-14 10:03:40.119667,-14.358046531677246,28.364330291748047,0.0019052504794672,46.689,-0.045,0.615,0.0,0,0,1,,1.0,2026-03-14T10:03:40.119667,neutral,0.953,2026-03-14T10:03:39.222649,0.517632368138646,2026-03-14T10:03:40.007000,79,,,
participant_09,1,day,Town10HD_Opt,2026-03-14 10:03:41.051248,-6.056088924407959,28.36537742614746,0.0021662903018295,45.274,-0.028,0.0,0.0,0,0,1,,1.0,2026-03-14T10:03:41.051248,neutral,0.953,2026-03-14T10:03:39.222649,0.5590500860169717,2026-03-14T10:03:40.998000,78,,,
participant_09,1,day,Town10HD_Opt,2026-03-14 10:03:42.287704,3.0348687171936035,28.353837966918945,0.0023371123243123,32.298,-0.026,0.0,0.0,0,0,1,,1.0,2026-03-14T10:03:42.287704,neutral,0.962,2026-03-14T10:03:42.287704,0.4075357227422559,2026-03-14T10:03:42.033000,80,,,
participant_09,1,day,Town10HD_Opt,2026-03-14 10:03:43.200383,8.070569038391113,28.342634201049805,0.0022832870017737,24.752,-0.021,0.0,0.0,0,0,1,,1.0,2026-03-14T10:03:43.200383,neutral,0.962,2026-03-14T10:03:42.287704,0.4573313730759379,2026-03-14T10:03:43.022000,82,,,
participant_09,1,day,Town10HD_Opt,2026-03-14 10:03:44.155450,11.891752243041992,28.33208465576172,0.0022422790061682,18.505,-0.021,0.065,0.0,0,0,1,,1.0,2026-03-14T10:03:44.155450,neutral,0.962,2026-03-14T10:03:42.287704,0.4934633216760133,2026-03-14T10:03:44.013000,80,,,
participant_09,1,day,Town10HD_Opt,2026-03-14 10:03:45.099277,15.0069580078125,28.32265853881836,0.0019120788201689,17.803,-0.021,0.336,0.0,0,0,1,,1.0,2026-03-14T10:03:45.099277,neutral,0.711,2026-03-14T10:03:45.099277,0.4862444044966119,2026-03-14T10:03:45.003000,79,,,
participant_09,1,day,Town10HD_Opt,2026-03-14 10:03:46.014137,18.172075271606445,28.31266212463379,0.0020357894245535,18.349,0.021,0.375,0.0,0,0,1,,1.0,2026-03-14T10:03:46.014137,neutral,0.711,2026-03-14T10:03:45.099277,0.5224385813972388,2026-03-14T10:03:46.040000,76,,,
participant_09,1,day,Town10HD_Opt,2026-03-14 10:03:47.022168,21.332881927490234,28.33016014099121,0.0018724059918895,17.222,3.174,0.004,0.0,0,0,1,,1.0,2026-03-14T10:03:47.022168,neutral,0.711,2026-03-14T10:03:45.099277,0.5192330586151743,2026-03-14T10:03:47.027000,77,,,
participant_09,1,day,Town10HD_Opt,2026-03-14 10:03:48.237942,25.08464241027832,28.63210678100586,0.0018497466808184,17.273,4.346,0.447,0.0,0,0,1,,1.0,2026-03-14T10:03:48.237942,neutral,0.923,2026-03-14T10:03:48.237942,0.4582685378162683,2026-03-14T10:03:48.017000,80,,,
participant_09,1,day,Town10HD_Opt,2026-03-14 10:03:49.155502,28.27670669555664,29.0661563873291,0.001930313068442,19.542,1.053,0.454,0.0,0,0,1,,1.0,2026-03-14T10:03:49.155502,neutral,0.923,2026-03-14T10:03:48.237942,0.4744863561867264,2026-03-14T10:03:49.007000,79,,,
participant_09,1,day,Town10HD_Opt,2026-03-14 10:03:50.077690,31.845827102661133,29.68214607238769,0.0019372176611796,21.917,6.12,0.461,0.0,0,0,1,,0.82,2026-03-14T10:03:50.077690,neutral,0.923,2026-03-14T10:03:48.237942,0.4994278700577436,2026-03-14T10:03:50.043000,79,,,
participant_09,1,day,Town10HD_Opt,2026-03-14 10:03:51.000297,35.41848373413086,31.068098068237305,0.0021970749367028,20.034,23.162,0.0,0.0,0,0,1,,1.0,2026-03-14T10:03:51.000297,neutral,0.985,2026-03-14T10:03:51.000297,0.4443735080915695,2026-03-14T10:03:51.032000,79,,,
participant_09,1,day,Town10HD_Opt,2026-03-14 10:03:52.255351,38.15623092651367,34.03257369995117,0.0019818877335637,16.303,20.076,0.308,0.0,0,0,1,,0.902,2026-03-14T10:03:52.255351,neutral,0.985,2026-03-14T10:03:51.000297,0.4943352505354031,2026-03-14T10:03:52.022000,80,,,
participant_09,1,day,Town10HD_Opt,2026-03-14 10:03:53.198420,39.29262924194336,36.76624298095703,0.0019696427043527,18.578,17.147,0.497,0.0,0,0,1,,0.918,2026-03-14T10:03:53.198420,sad,0.998,2026-03-14T10:03:53.198420,0.5279868283438147,2026-03-14T10:03:53.013000,77,,,
participant_09,1,day,Town10HD_Opt,2026-03-14 10:03:54.192691,39.90779495239258,40.05704879760742,0.0019603727851063,20.657,5.264,0.382,0.0,0,0,1,,1.0,2026-03-14T10:03:54.192691,sad,0.998,2026-03-14T10:03:53.198420,0.5649111633002979,2026-03-14T10:03:54.048000,80,,,
participant_09,1,day,Town10HD_Opt,2026-03-14 10:03:55.147727,40.31629943847656,43.66229248046875,0.0021124267950654,19.493,0.334,0.0,0.0,0,0,1,,0.854,2026-03-14T10:03:55.147727,sad,0.998,2026-03-14T10:03:53.198420,0.5262030315739631,2026-03-14T10:03:55.172000,79,,,
participant_09,1,day,Town10HD_Opt,2026-03-14 10:03:56.150914,40.55274200439453,46.7180061340332,0.0020222472958266,15.247,5.222,0.0,0.084,0,0,1,,0.909,2026-03-14T10:03:56.150914,neutral,0.901,2026-03-14T10:03:56.150914,0.4070309633975744,2026-03-14T10:03:56.027000,77,,,
participant_09,1,day,Town10HD_Opt,2026-03-14 10:03:57.127070,40.57029724121094,49.00379180908203,0.0020720290485769,10.497,1.389,0.0,0.178,0,0,1,,0.939,2026-03-14T10:03:57.127070,neutral,0.901,2026-03-14T10:03:56.150914,0.5136590936271841,2026-03-14T10:03:57.017000,78,,,
participant_09,1,day,Town10HD_Opt,2026-03-14 10:03:58.142767,40.59536361694336,50.50320053100586,0.0020500945392996,6.174,-0.837,0.0,0.186,0,0,1,,0.912,2026-03-14T10:03:58.142767,neutral,0.901,2026-03-14T10:03:56.150914,0.5570735690937573,2026-03-14T10:03:58.008000,80,,,
participant_09,1,day,Town10HD_Opt,2026-03-14 10:03:59.074172,40.604618072509766,50.91793823242188,0.0020306014921516,0.0,1.006,0.0,0.185,0,0,1,,0.837,2026-03-14T10:03:59.074172,neutral,0.995,2026-03-14T10:03:59.074172,0.4461680002826282,2026-03-14T10:03:59.043000,80,,,
participant_09,1,day,Town10HD_Opt,2026-03-14 10:04:00.011342,40.6046257019043,50.91902542114258,0.0019230651669204,0.008,1.495,0.0,0.0,0,0,1,,0.897,2026-03-14T10:04:00.011342,neutral,0.995,2026-03-14T10:03:59.074172,0.5076887783254452,2026-03-14T10:04:00.032000,82,,,
participant_09,1,day,Town10HD_Opt,2026-03-14 10:04:01.171468,40.60462951660156,50.91902542114258,0.0019129562424495,0.233,1.302,0.172,0.0,0,0,1,,0.808,2026-03-14T10:04:01.171468,neutral,0.961,2026-03-14T10:04:01.171468,0.5562792500605865,2026-03-14T10:04:01.023000,84,,,
participant_09,1,day,Town10HD_Opt,2026-03-14 10:04:02.120691,40.60630035400391,51.10845184326172,0.0018462371081113,2.424,1.236,0.242,0.0,0,0,1,,0.911,2026-03-14T10:04:02.120691,neutral,0.961,2026-03-14T10:04:01.171468,0.51006359930761,2026-03-14T10:04:02.014000,83,,,
participant_09,1,day,Town10HD_Opt,2026-03-14 10:04:03.073325,40.61214447021485,51.751766204833984,0.0018035125685855,5.683,0.461,0.31,0.0,0,0,1,,0.881,2026-03-14T10:04:03.073325,neutral,0.961,2026-03-14T10:04:01.171468,0.5024518455149509,2026-03-14T10:04:03.093000,81,,,
participant_09,1,day,Town10HD_Opt,2026-03-14 10:04:04.041728,40.63314056396485,53.04035949707031,0.0017786788521334,9.767,-0.731,0.499,0.0,0,0,1,,0.887,2026-03-14T10:04:04.041728,sad,0.986,2026-03-14T10:04:04.041728,0.566342256513493,2026-03-14T10:04:04.038000,80,,,
participant_09,1,day,Town10HD_Opt,2026-03-14 10:04:05.049035,40.71559143066406,55.277469635009766,0.0016776656266301,16.858,-3.525,0.617,0.0,0,0,1,,0.973,2026-03-14T10:04:05.049035,sad,0.986,2026-03-14T10:04:04.041728,0.5171417031837677,2026-03-14T10:04:05.029000,79,,,
participant_09,1,day,Town10HD_Opt,2026-03-14 10:04:06.289904,41.38722610473633,59.79182052612305,0.001922111492604,22.459,-12.845,0.513,0.0,0,0,1,,0.939,2026-03-14T10:04:06.289904,neutral,0.995,2026-03-14T10:04:06.289904,0.5220332130429767,2026-03-14T10:04:06.018000,75,,,
participant_09,1,day,Town10HD_Opt,2026-03-14 10:04:07.262537,43.05440521240234,63.65256118774414,0.0019414520356804,26.148,-13.363,0.513,0.0,0,0,1,,0.885,2026-03-14T10:04:07.262537,neutral,0.995,2026-03-14T10:04:06.289904,0.526851212525883,2026-03-14T10:04:07.008000,77,,,
participant_09,1,day,Town10HD_Opt,2026-03-14 10:04:08.126353,46.14845657348633,67.3248291015625,0.0019627378787845,29.307,-13.594,0.508,0.0,0,0,1,,0.872,2026-03-14T10:04:08.126353,neutral,0.995,2026-03-14T10:04:06.289904,0.5869671153435183,2026-03-14T10:04:08.043000,75,,,
participant_09,1,day,Town10HD_Opt,2026-03-14 10:04:09.054274,50.69925308227539,70.0357894897461,0.001988410949707,31.932,-14.08,0.494,0.0,0,0,1,,0.929,2026-03-14T10:04:09.054274,neutral,0.876,2026-03-14T10:04:09.054274,0.5476543544212259,2026-03-14T10:04:09.033000,75,,,
participant_09,1,day,Town10HD_Opt,2026-03-14 10:04:10.123981,56.11762619018555,71.0105972290039,0.0022167586721479,29.606,-11.832,0.0,0.0,0,0,1,,0.882,2026-03-14T10:04:10.123981,neutral,0.876,2026-03-14T10:04:09.054274,0.544990563106859,2026-03-14T10:04:10.023000,77,,,
participant_09,1,day,Town10HD_Opt,2026-03-14 10:04:11.055003,60.64795684814453,70.71560668945312,0.0022671509068459,22.248,5.538,0.0,0.0,0,0,1,,0.894,2026-03-14T10:04:11.055003,neutral,0.984,2026-03-14T10:04:11.055003,0.5476128840929161,2026-03-14T10:04:11.013000,75,,,
participant_09,1,day,Town10HD_Opt,2026-03-14 10:04:12.283721,65.1572036743164,70.74980926513672,0.001860580407083,17.94,-0.43,0.209,0.0,0,0,1,,0.911,2026-03-14T10:04:12.283721,neutral,0.984,2026-03-14T10:04:11.055003,0.4869735504483993,2026-03-14T10:04:12.048000,70,,,
participant_09,1,day,Town10HD_Opt,2026-03-14 10:04:13.210907,68.24749755859375,70.76408386230469,0.0019234084757044,17.712,-1.42,0.35,0.0,0,0,1,,0.955,2026-03-14T10:04:13.210907,neutral,0.921,2026-03-14T10:04:13.210907,0.5917544506758782,2026-03-14T10:04:13.037000,71,,,
participant_09,1,day,Town10HD_Opt,2026-03-14 10:04:14.187964,71.40258026123047,70.70782470703125,0.0020690916571766,18.122,-1.203,0.14,0.0,0,0,1,,1.0,2026-03-14T10:04:14.187964,neutral,0.921,2026-03-14T10:04:13.210907,0.5774020473691508,2026-03-14T10:04:14.028000,70,,,
participant_09,1,day,Town10HD_Opt,2026-03-14 10:04:15.143551,74.34397888183594,70.60572814941406,0.0020320892799645,14.695,-0.717,0.0,0.0,0,0,1,,1.0,2026-03-14T10:04:15.143551,neutral,0.921,2026-03-14T10:04:13.210907,0.5864046788461682,2026-03-14T10:04:15.019000,74,,,errors=Solid line crossing
participant_09,1,day,Town10HD_Opt,2026-03-14 10:04:16.075379,76.63094329833984,70.51464080810547,0.0020263672340661,11.284,-0.148,0.0,0.0,0,0,1,,0.928,2026-03-14T10:04:16.075379,neutral,1.0,2026-03-14T10:04:16.075379,0.5503830828521539,2026-03-14T10:04:16.008000,74,,,
participant_09,1,day,Town10HD_Opt,2026-03-14 10:04:17.244746,78.87710571289062,70.42315673828125,0.0019950484856963,7.934,0.009,0.0,0.0,0,0,1,,0.928,2026-03-14T10:04:17.244746,neutral,1.0,2026-03-14T10:04:16.075379,0.5463108851464518,2026-03-14T10:04:17.088000,75,,,
participant_09,1,day,Town10HD_Opt,2026-03-14 10:04:18.209295,80.1123046875,70.38362884521484,0.0019773482345044,6.002,1.248,0.0,0.0,0,0,1,,0.912,2026-03-14T10:04:18.209295,neutral,0.995,2026-03-14T10:04:18.209295,0.5781879421806672,2026-03-14T10:04:18.033000,83,,,
participant_09,1,day,Town10HD_Opt,2026-03-14 10:04:19.133651,81.06084442138672,70.3619384765625,0.0019636915531009,4.676,1.011,0.0,0.0,0,0,1,,0.938,2026-03-14T10:04:19.133651,neutral,0.995,2026-03-14T10:04:18.209295,0.5436115427348657,2026-03-14T10:04:19.022000,84,,,
participant_09,1,day,Town10HD_Opt,2026-03-14 10:04:20.052222,81.78914642333984,70.34835815429688,0.0019534681923687,3.538,1.001,0.0,0.0,0,0,1,,0.935,2026-03-14T10:04:20.052222,neutral,0.995,2026-03-14T10:04:18.209295,0.6056475041033238,2026-03-14T10:04:20.013000,81,,,
participant_09,1,day,Town10HD_Opt,2026-03-14 10:04:21.012164,82.3482437133789,70.33753204345703,0.0019454956054687,2.756,-0.975,0.0,0.0,0,0,1,,0.873,2026-03-14T10:04:21.012164,neutral,1.0,2026-03-14T10:04:21.012164,0.7599037269405765,2026-03-14T10:04:21.048000,85,,,
participant_09,1,day,Town10HD_Opt,2026-03-14 10:04:22.164055,82.8854751586914,70.32080841064453,0.002016334561631,0.0,-0.724,0.0,0.036,0,0,1,,0.99,2026-03-14T10:04:22.164055,neutral,1.0,2026-03-14T10:04:21.012164,0.6992898230210723,2026-03-14T10:04:22.038000,84,,,
participant_09,1,day,Town10HD_Opt,2026-03-14 10:04:23.027158,82.88557434082031,70.32080078125,0.0019290542695671,0.0,-0.62,0.0,0.0,0,0,1,,0.838,2026-03-14T10:04:23.027158,neutral,0.977,2026-03-14T10:04:23.027158,0.7110293842318693,2026-03-14T10:04:23.027000,82,,,
participant_09,1,day,Town10HD_Opt,2026-03-14 10:04:24.175207,82.88542175292969,70.32080078125,0.0019190978491678,0.002,-0.251,0.0,0.0,0,0,1,,0.866,2026-03-14T10:04:24.175207,neutral,0.977,2026-03-14T10:04:23.027158,0.6823345576167275,2026-03-14T10:04:24.018000,86,Solid line crossing,Solid line crossing,
participant_09,1,day,Town10HD_Opt,2026-03-14 10:04:25.059335,82.88568878173828,70.32080078125,0.0019191741012036,0.001,-0.073,0.0,0.0,0,0,1,,0.946,2026-03-14T10:04:25.059335,neutral,0.976,2026-03-14T10:04:25.059335,0.7081586240276214,2026-03-14T10:04:25.008000,80,,,
participant_09,1,day,Town10HD_Opt,2026-03-14 10:04:26.235643,82.8858413696289,70.32080078125,0.0019191741012036,0.001,-0.073,0.0,0.0,0,0,1,,0.951,2026-03-14T10:04:26.235643,neutral,0.976,2026-03-14T10:04:25.059335,0.7448558145744196,2026-03-14T10:04:26.043000,79,,,
participant_09,1,day,Town10HD_Opt,2026-03-14 10:04:27.181672,82.88526916503906,70.32080078125,0.0019178390502929,0.146,-0.073,0.172,0.0,0,0,1,,0.948,2026-03-14T10:04:27.181672,neutral,0.991,2026-03-14T10:04:27.181672,0.6660300282162318,2026-03-14T10:04:27.033000,78,,,
participant_09,1,day,Town10HD_Opt,2026-03-14 10:04:28.143773,83.08219909667969,70.31546020507812,0.0017828750424087,3.84,-0.073,0.512,0.0,0,0,1,,0.95,2026-03-14T10:04:28.143773,neutral,0.991,2026-03-14T10:04:27.181672,0.7691154457515035,2026-03-14T10:04:28.022000,76,,,
participant_09,1,day,Town10HD_Opt,2026-03-14 10:04:29.106801,84.32003021240234,70.28204345703125,0.0015857315156608,12.607,-0.073,0.719,0.0,0,0,1,,0.934,2026-03-14T10:04:29.106801,neutral,0.991,2026-03-14T10:04:27.181672,0.740181953790229,2026-03-14T10:04:29.013000,73,,,
participant_09,1,day,Town10HD_Opt,2026-03-14 10:04:30.062228,86.84235382080078,70.21381378173828,0.0019651411566883,13.591,1.429,0.0,0.0,0,0,1,,0.935,2026-03-14T10:04:30.062228,neutral,0.997,2026-03-14T10:04:30.062228,0.8701557994324758,2026-03-14T10:04:30.003000,75,,,
participant_09,1,day,Town10HD_Opt,2026-03-14 10:04:31.029806,89.0070571899414,70.31012725830078,0.0019295120146125,12.184,10.084,0.333,0.0,0,0,1,,0.927,2026-03-14T10:04:31.029806,neutral,0.997,2026-03-14T10:04:30.062228,0.807754714720672,2026-03-14T10:04:31.038000,74,,,
participant_09,1,day,Town10HD_Opt,2026-03-14 10:04:32.274827,92.10846710205078,71.06314086914062,0.0018606566591188,15.331,17.109,0.332,0.0,0,0,1,,0.911,2026-03-14T10:04:32.274827,neutral,0.974,2026-03-14T10:04:32.274827,0.765613928745859,2026-03-14T10:04:32.029000,77,,,
participant_09,1,day,Town10HD_Opt,2026-03-14 10:04:33.247646,94.5610122680664,72.45732116699219,0.0021104430779814,17.366,19.36,0.358,0.0,0,0,1,,0.88,2026-03-14T10:04:33.247646,neutral,0.974,2026-03-14T10:04:32.274827,0.707784200726834,2026-03-14T10:04:33.018000,75,,,
participant_09,1,day,Town10HD_Opt,2026-03-14 10:04:34.219591,96.74443817138672,74.70686340332031,0.0020681000314652,18.478,19.563,0.375,0.0,0,0,1,,1.0,2026-03-14T10:04:34.219591,neutral,0.974,2026-03-14T10:04:32.274827,0.7858034657752132,2026-03-14T10:04:34.008000,76,,,
participant_09,1,day,Town10HD_Opt,2026-03-14 10:04:35.119021,98.2009048461914,77.58071899414062,0.0020434951875358,19.003,19.393,0.375,0.0,0,0,1,,0.851,2026-03-14T10:04:35.119021,neutral,0.98,2026-03-14T10:04:35.119021,0.6666079733814315,2026-03-14T10:04:35.044000,70,,,
participant_09,1,day,Town10HD_Opt,2026-03-14 10:04:36.081231,98.79861450195312,80.92271423339844,0.002019042847678,20.14,9.617,0.368,0.0,0,0,1,,0.939,2026-03-14T10:04:36.081231,neutral,0.98,2026-03-14T10:04:35.119021,0.7378340966741137,2026-03-14T10:04:36.033000,75,,,
participant_09,1,day,Town10HD_Opt,2026-03-14 10:04:37.051658,98.908203125,84.5344009399414,0.001981048611924,21.599,3.123,0.558,0.0,0,0,1,,0.952,2026-03-14T10:04:37.051658,neutral,0.98,2026-03-14T10:04:35.119021,0.6864888408470596,2026-03-14T10:04:37.025000,76,,,
participant_09,1,day,Town10HD_Opt,2026-03-14 10:04:38.274529,98.8187484741211,90.36336517333984,0.0018859863048419,28.612,2.186,0.371,0.0,0,0,1,,0.817,2026-03-14T10:04:38.274529,neutral,0.992,2026-03-14T10:04:38.274529,0.7271315118001167,2026-03-14T10:04:38.013000,80,,,
participant_09,1,day,Town10HD_Opt,2026-03-14 10:04:39.008586,98.61000061035156,93.70355224609376,0.002033157274127,28.591,5.787,0.318,0.0,0,0,1,,0.957,2026-03-14T10:04:39.008586,neutral,0.992,2026-03-14T10:04:38.274529,0.6982078341947944,2026-03-14T10:04:39.003000,78,,,
participant_09,1,day,Town10HD_Opt,2026-03-14 10:04:40.247938,97.44940185546876,100.09549713134766,0.0020747757516801,27.169,1.081,0.331,0.0,0,0,1,,0.881,2026-03-14T10:04:40.247938,neutral,0.992,2026-03-14T10:04:38.274529,0.6622769602228016,2026-03-14T10:04:40.038000,80,,,
participant_09,1,day,Town10HD_Opt,2026-03-14 10:04:41.184620,96.3116226196289,104.66910552978516,0.0020455168560147,26.944,4.645,0.405,0.0,0,0,1,,0.917,2026-03-14T10:04:41.184620,neutral,0.998,2026-03-14T10:04:41.184620,0.702349183031119,2026-03-14T10:04:41.028000,78,,,
participant_09,1,day,Town10HD_Opt,2026-03-14 10:04:42.117602,94.6703872680664,109.15065002441406,0.0020191192161291,27.823,4.686,0.408,0.0,0,0,1,,0.921,2026-03-14T10:04:42.117602,neutral,0.998,2026-03-14T10:04:41.184620,0.7509753788906232,2026-03-14T10:04:42.063000,79,,,
participant_09,1,day,Town10HD_Opt,2026-03-14 10:04:43.056468,92.51670837402344,113.58252716064452,0.0020175552926957,28.576,3.25,0.407,0.0,0,0,1,,0.873,2026-03-14T10:04:43.056468,neutral,0.998,2026-03-14T10:04:41.184620,0.7921846825395262,2026-03-14T10:04:43.009000,80,,,
participant_09,1,day,Town10HD_Opt,2026-03-14 10:04:44.233605,88.82637786865234,119.23067474365234,0.0020406723488122,29.175,5.839,0.378,0.0,0,0,1,,0.865,2026-03-14T10:04:44.233605,neutral,1.0,2026-03-14T10:04:44.233605,0.7344200414403327,2026-03-14T10:04:44.178000,83,,,
participant_09,1,day,Town10HD_Opt,2026-03-14 10:04:45.182753,85.38345336914062,122.9989013671875,0.0020446013659238,29.213,4.174,0.379,0.0,0,0,1,,0.812,2026-03-14T10:04:45.182753,neutral,1.0,2026-03-14T10:04:44.233605,0.6448585419123811,2026-03-14T10:04:45.169000,82,,,
participant_09,1,day,Town10HD_Opt,2026-03-14 10:04:46.093547,81.46080017089844,126.2522201538086,0.0020540999248623,29.116,8.93,0.374,0.0,0,0,1,,0.882,2026-03-14T10:04:46.093547,neutral,1.0,2026-03-14T10:04:44.233605,0.5887177209731639,2026-03-14T10:04:46.023000,84,,,
participant_09,1,day,Town10HD_Opt,2026-03-14 10:04:47.030570,76.95616149902344,128.56680297851562,0.0020584105513989,28.944,7.696,0.373,0.0,0,0,1,,0.952,2026-03-14T10:04:47.030570,neutral,0.995,2026-03-14T10:04:47.030570,0.594007764348736,2026-03-14T10:04:47.057000,85,,,
participant_09,1,day,Town10HD_Opt,2026-03-14 10:04:48.275365,70.4404067993164,130.35427856445312,0.0020423887763172,29.184,4.589,0.376,0.0,0,0,1,,0.907,2026-03-14T10:04:48.275365,neutral,0.995,2026-03-14T10:04:47.030570,0.6739234540036432,2026-03-14T10:04:48.048000,86,,,
participant_09,1,day,Town10HD_Opt,2026-03-14 10:04:49.209981,65.38216400146484,130.96560668945312,0.0020414732862263,29.278,4.643,0.377,0.0,0,0,1,,0.839,2026-03-14T10:04:49.209981,neutral,0.995,2026-03-14T10:04:49.209981,0.494990582445433,2026-03-14T10:04:49.039000,82,,,
participant_09,1,day,Town10HD_Opt,2026-03-14 10:04:50.189268,60.26816940307617,130.97976684570312,0.0020397566258907,29.378,0.284,0.373,0.0,0,0,1,,0.842,2026-03-14T10:04:50.189268,neutral,0.995,2026-03-14T10:04:49.209981,0.5180783757935139,2026-03-14T10:04:50.028000,85,,,
participant_09,1,day,Town10HD_Opt,2026-03-14 10:04:51.170491,55.13915252685547,130.92518615722656,0.0020385740790516,29.466,-1.624,0.392,0.0,0,0,1,,0.972,2026-03-14T10:04:51.170491,neutral,0.995,2026-03-14T10:04:49.209981,0.4493982315439449,2026-03-14T10:04:51.018000,82,,,
participant_09,1,day,Town10HD_Opt,2026-03-14 10:04:52.145222,49.90986633300781,130.93263244628906,0.0019840239547193,30.932,1.471,0.459,0.0,0,0,1,,0.879,2026-03-14T10:04:52.145222,neutral,0.979,2026-03-14T10:04:52.145222,0.3719318242139067,2026-03-14T10:04:52.008000,86,,,
participant_09,1,day,Town10HD_Opt,2026-03-14 10:04:53.051926,44.37559127807617,130.78919982910156,0.0019916915334761,32.532,-0.792,0.451,0.0,0,0,1,,0.883,2026-03-14T10:04:53.051926,neutral,0.979,2026-03-14T10:04:52.145222,0.5149560282772591,2026-03-14T10:04:53.043000,84,,,
participant_09,1,day,Town10HD_Opt,2026-03-14 10:04:54.267693,36.58209228515625,130.72622680664062,0.0019834898412227,34.666,0.322,0.482,0.0,0,0,1,,0.903,2026-03-14T10:04:54.267693,neutral,1.0,2026-03-14T10:04:54.267693,0.4288011093213945,2026-03-14T10:04:54.034000,82,,,
participant_09,1,day,Town10HD_Opt,2026-03-14 10:04:55.261841,30.38532829284668,130.68310546875,0.0019926070235669,36.259,-0.204,0.473,0.0,0,0,1,,0.897,2026-03-14T10:04:55.261841,neutral,1.0,2026-03-14T10:04:54.267693,0.4451103765349674,2026-03-14T10:04:55.023000,80,,,
participant_09,1,day,Town10HD_Opt,2026-03-14 10:04:56.185225,23.9410343170166,130.6608123779297,0.0020028685685247,37.497,-0.327,0.471,0.0,0,0,1,,0.956,2026-03-14T10:04:56.185225,neutral,1.0,2026-03-14T10:04:54.267693,0.4225036374800163,2026-03-14T10:04:56.013000,83,,,
participant_09,1,day,Town10HD_Opt,2026-03-14 10:04:57.122059,17.295621871948242,130.69851684570312,0.0020083235576748,38.555,0.082,0.47,0.0,0,0,1,,0.969,2026-03-14T10:04:57.122059,neutral,0.927,2026-03-14T10:04:57.122059,0.4498846695761332,2026-03-14T10:04:57.003000,82,,,
participant_09,1,day,Town10HD_Opt,2026-03-14 10:04:58.080800,10.478437423706056,130.72659301757812,0.0020171736832708,39.378,0.261,0.449,0.0,0,0,1,,0.858,2026-03-14T10:04:58.080800,neutral,0.927,2026-03-14T10:04:57.122059,0.4564335688082725,2026-03-14T10:04:58.038000,86,,,
participant_09,1,day,Town10HD_Opt,2026-03-14 10:04:58.999590,3.5707898139953613,130.69725036621094,0.0020398329943418,39.515,-0.014,0.434,0.0,0,0,1,,0.893,2026-03-14T10:04:58.999590,neutral,0.927,2026-03-14T10:04:57.122059,0.3789926437624179,2026-03-14T10:04:59.028000,80,,,
participant_09,2,day,Town10HD_Opt,2026-03-14 10:15:00.000000,-41.66859436035156,89.7454833984375,0.5804919004440308,16.191,-0.052,0.506,0.0,0,0,1,,1.0,2026-03-14T10:15:00,,,2026-03-14T10:15:00,0.4097897127214185,2026-03-14T10:15:00,78,,,
participant_09,2,day,Town10HD_Opt,2026-03-14 10:15:04.624313,-41.67965698242188,86.85845184326172,0.0017054748022928,16.782,-0.052,0.482,0.0,0,0,1,,0.964,2026-03-14T10:15:04.624313,sad,0.975,2026-03-14T10:15:04.624313,0.5130398163939569,2026-03-14T10:15:05.085000,77,,,
participant_09,2,day,Town10HD_Opt,2026-03-14 10:15:05.280619,-41.6889533996582,84.78829956054688,0.002064743079245,18.102,-0.052,0.334,0.0,0,0,1,,0.962,2026-03-14T10:15:05.280619,sad,0.975,2026-03-14T10:15:04.624313,0.4968744171896452,2026-03-14T10:15:05.986000,78,,,
participant_09,2,day,Town10HD_Opt,2026-03-14 10:15:06.299575,-41.6404914855957,81.61475372314453,0.0020172118674963,18.125,5.524,0.296,0.0,0,0,1,,0.919,2026-03-14T10:15:06.299575,sad,0.975,2026-03-14T10:15:04.624313,0.4571763388588765,2026-03-14T10:15:07.065000,79,,,
participant_09,2,day,Town10HD_Opt,2026-03-14 10:15:07.230486,-41.22743606567383,78.445068359375,0.0020277022849768,18.788,12.522,0.426,0.0,0,0,1,,0.904,2026-03-14T10:15:07.230486,happy,0.489,2026-03-14T10:15:07.230486,0.4900186930226455,2026-03-14T10:15:08.010000,79,,,
participant_09,2,day,Town10HD_Opt,2026-03-14 10:15:08.218512,-40.02458953857422,75.25127410888672,0.0020101547706872,20.584,18.508,0.398,0.0,0,0,1,,0.849,2026-03-14T10:15:08.218512,happy,0.489,2026-03-14T10:15:07.230486,0.4671260415868538,2026-03-14T10:15:09,76,,,
participant_09,2,day,Town10HD_Opt,2026-03-14 10:15:09.253674,-37.7020149230957,72.41002655029297,0.0020323561038821,21.859,19.302,0.398,0.0,0,0,1,,1.0,2026-03-14T10:15:09.253674,happy,0.69,2026-03-14T10:15:09.253674,0.5163471385975268,2026-03-14T10:15:09.990000,81,,,
participant_09,2,day,Town10HD_Opt,2026-03-14 10:15:10.284704,-34.35643005371094,70.45700073242188,0.0020401000510901,22.959,18.77,0.398,0.0,0,0,1,,0.917,2026-03-14T10:15:10.284704,happy,0.69,2026-03-14T10:15:09.253674,0.5794958151359252,2026-03-14T10:15:11.070000,82,,,
participant_09,2,day,Town10HD_Opt,2026-03-14 10:15:11.307994,-30.3509464263916,69.73048400878906,0.0020301819313317,24.04,11.318,0.387,0.0,0,0,1,,0.857,2026-03-14T10:15:11.307994,neutral,0.82,2026-03-14T10:15:11.307994,0.4957615356223135,2026-03-14T10:15:12.015000,83,,,
participant_09,2,day,Town10HD_Opt,2026-03-14 10:15:12.332620,-26.07747459411621,69.82613372802734,0.0020168684422969,24.96,0.477,0.387,0.0,0,0,1,,0.922,2026-03-14T10:15:12.332620,neutral,0.82,2026-03-14T10:15:11.307994,0.5239488278788572,2026-03-14T10:15:13.006000,85,,,
participant_09,2,day,Town10HD_Opt,2026-03-14 10:15:13.046565,-23.14510536193848,69.92125701904297,0.0020174025557935,25.436,-2.031,0.392,0.0,0,0,1,,0.837,2026-03-14T10:15:13.046565,neutral,0.82,2026-03-14T10:15:11.307994,0.5280794196036951,2026-03-14T10:15:13.006000,83,,,
participant_09,2,day,Town10HD_Opt,2026-03-14 10:15:14.028207,-18.62445831298828,69.99152374267578,0.0020155333913862,26.319,0.073,0.394,0.0,0,0,1,,1.0,2026-03-14T10:15:14.028207,happy,0.541,2026-03-14T10:15:14.028207,0.5821046117574871,2026-03-14T10:15:13.995000,86,,,
participant_09,2,day,Town10HD_Opt,2026-03-14 10:15:14.999694,-13.962383270263672,70.04733276367188,0.0020183562301099,27.077,-0.021,0.394,0.0,0,0,1,,0.86,2026-03-14T10:15:14.999694,happy,0.541,2026-03-14T10:15:14.028207,0.5270181101977015,2026-03-14T10:15:14.991000,89,,,
participant_09,2,day,Town10HD_Opt,2026-03-14 10:15:16.049346,-9.174362182617188,70.08928680419922,0.0020212554372847,27.747,0.082,0.394,0.0,0,0,1,,0.86,2026-03-14T10:15:16.049346,happy,0.738,2026-03-14T10:15:16.049346,0.4794548322852671,2026-03-14T10:15:16.065000,91,,,
participant_09,2,day,Town10HD_Opt,2026-03-14 10:15:17.087661,-4.275789737701416,70.14205932617188,0.00202381121926,28.303,0.021,0.394,0.0,0,0,1,,1.0,2026-03-14T10:15:17.087661,happy,0.738,2026-03-14T10:15:16.049346,0.6290618131321889,2026-03-14T10:15:17.013000,89,,,
participant_09,2,day,Town10HD_Opt,2026-03-14 10:15:18.052676,0.7198202610015869,70.17422485351562,0.002026290865615,28.839,-0.536,0.359,0.0,0,0,1,,0.892,2026-03-14T10:15:18.052676,happy,0.765,2026-03-14T10:15:18.052676,0.5685634107177782,2026-03-14T10:15:18.005000,91,,,
participant_09,2,day,Town10HD_Opt,2026-03-14 10:15:19.078786,5.73664665222168,70.14789581298828,0.0020661163143813,28.23,-0.36,0.221,0.0,0,0,1,,0.931,2026-03-14T10:15:19.078786,happy,0.765,2026-03-14T10:15:18.052676,0.4319689994812374,2026-03-14T10:15:19.981000,91,,,
participant_09,2,day,Town10HD_Opt,2026-03-14 10:15:20.099482,10.40646743774414,70.0863265991211,0.0021874236408621,24.237,-0.219,0.059,0.0,0,0,1,,0.918,2026-03-14T10:15:20.099482,happy,0.608,2026-03-14T10:15:20.099482,0.5384694107106469,2026-03-14T10:15:19.981000,92,,,
participant_09,2,day,Town10HD_Opt,2026-03-14 10:15:21.137014,14.17514705657959,70.03460693359375,0.0022344589233398,18.336,0.251,0.0,0.0,0,0,1,,0.924,2026-03-14T10:15:21.137014,happy,0.608,2026-03-14T10:15:20.099482,0.5852015942284688,2026-03-14T10:15:22.005000,92,,,
participant_09,2,day,Town10HD_Opt,2026-03-14 10:15:22.102634,17.058820724487305,70.01260375976562,0.002041091909632,14.282,0.585,0.013,0.0,0,0,1,,0.913,2026-03-14T10:15:22.102634,neutral,0.657,2026-03-14T10:15:22.102634,0.5511281086780395,2026-03-14T10:15:22.995000,88,,,
participant_09,2,day,Town10HD_Opt,2026-03-14 10:15:23.110292,19.30965232849121,70.0144271850586,0.0020137024112045,11.285,0.524,0.027,0.0,0,0,1,,0.873,2026-03-14T10:15:23.110292,neutral,0.657,2026-03-14T10:15:22.102634,0.5735267220210067,2026-03-14T10:15:23.986000,85,,,
participant_09,2,day,Town10HD_Opt,2026-03-14 10:15:24.047119,21.09157371520996,70.02417755126953,0.0019892882555723,9.115,0.249,0.094,0.0,0,0,1,,0.84,2026-03-14T10:15:24.047119,neutral,0.657,2026-03-14T10:15:22.102634,0.5569789072424486,2026-03-14T10:15:23.986000,82,,,
participant_09,2,day,Town10HD_Opt,2026-03-14 10:15:25.001312,22.587305068969727,70.03441619873047,0.0019539641216397,7.972,0.219,0.086,0.0,0,0,1,,0.926,2026-03-14T10:15:25.001312,happy,0.525,2026-03-14T10:15:25.001312,0.5510273044413095,2026-03-14T10:15:24.975000,81,,,
participant_09,2,day,Town10HD_Opt,2026-03-14 10:15:26.275806,24.307031631469727,70.04886627197266,0.001950797974132,6.666,0.174,0.078,0.0,0,0,1,,0.909,2026-03-14T10:15:26.275806,happy,0.525,2026-03-14T10:15:25.001312,0.5459225462093922,2026-03-14T10:15:27.001000,76,,,
participant_09,2,day,Town10HD_Opt,2026-03-14 10:15:27.275541,25.405237197875977,70.0594711303711,0.0019623565021902,5.569,0.162,0.0,0.0,0,0,1,,0.925,2026-03-14T10:15:27.275541,happy,0.819,2026-03-14T10:15:27.275541,0.5948677750821821,2026-03-14T10:15:27.991000,80,,,
participant_09,2,day,Town10HD_Opt,2026-03-14 10:15:28.235659,25.689483642578125,70.06238555908203,0.002003707922995,0.0,0.155,0.0,0.127,0,0,1,,0.932,2026-03-14T10:15:28.235659,happy,0.819,2026-03-14T10:15:27.275541,0.5315470466845924,2026-03-14T10:15:29.071000,79,,,
participant_09,2,day,Town10HD_Opt,2026-03-14 10:15:29.215293,25.77326393127441,70.06326293945312,0.0017311095725744,3.861,0.129,0.831,0.0,0,0,1,,0.935,2026-03-14T10:15:29.215293,happy,0.819,2026-03-14T10:15:27.275541,0.7108720962409522,2026-03-14T10:15:30.015000,78,,,
participant_09,2,day,Town10HD_Opt,2026-03-14 10:15:30.187509,27.45589065551757,70.0698013305664,0.0014949416508898,16.679,-3.149,0.782,0.0,0,0,1,,0.947,2026-03-14T10:15:30.187509,neutral,0.812,2026-03-14T10:15:30.187509,0.6483424556684085,2026-03-14T10:15:31.005000,79,,,errors=Stop sign violation
participant_09,2,day,Town10HD_Opt,2026-03-14 10:15:31.155660,30.89809226989746,69.77481079101562,0.0018660735804587,22.834,-10.235,0.541,0.0,0,0,1,,0.957,2026-03-14T10:15:31.155660,neutral,0.812,2026-03-14T10:15:30.187509,0.5956155191518759,2026-03-14T10:15:31.005000,77,,,
participant_09,2,day,Town10HD_Opt,2026-03-14 10:15:32.138584,35.06056213378906,68.52494049072266,0.0019184112315997,27.002,-12.454,0.541,0.0,0,0,1,,0.963,2026-03-14T10:15:32.138584,neutral,0.812,2026-03-14T10:15:30.187509,0.6597849375053141,2026-03-14T10:15:32.987000,78,,,
participant_09,2,day,Town10HD_Opt,2026-03-14 10:15:33.193195,39.28377914428711,65.77007293701172,0.0019432449480518,30.946,-12.988,0.5,0.0,0,0,1,,0.93,2026-03-14T10:15:33.193195,happy,0.787,2026-03-14T10:15:33.193195,0.7130728753294455,2026-03-14T10:15:34.066000,80,,,
participant_09,2,day,Town10HD_Opt,2026-03-14 10:15:34.202001,42.64208221435547,61.490501403808594,0.0021613691933453,30.32,-13.146,0.233,0.0,0,0,1,,0.924,2026-03-14T10:15:34.202001,happy,0.787,2026-03-14T10:15:33.193195,0.692869189652019,2026-03-14T10:15:35.010000,78,,,
participant_09,2,day,Town10HD_Opt,2026-03-14 10:15:35.191039,44.24392318725586,56.76081085205078,0.0021793365012854,26.729,-13.168,0.203,0.0,0,0,1,,0.938,2026-03-14T10:15:35.191039,happy,0.787,2026-03-14T10:15:33.193195,0.6225974994400507,2026-03-14T10:15:36,80,,,
participant_09,2,day,Town10HD_Opt,2026-03-14 10:15:36.164256,44.3750228881836,52.36477279663086,0.0021442794241011,23.762,-1.864,0.506,0.0,0,0,1,,0.969,2026-03-14T10:15:36.164256,happy,0.56,2026-03-14T10:15:36.164256,0.6498593822903503,2026-03-14T10:15:36,80,,,
participant_09,2,day,Town10HD_Opt,2026-03-14 10:15:37.135770,44.24874114990234,48.01613998413086,0.0018600082257762,26.668,0.881,0.518,0.0,0,0,1,,0.946,2026-03-14T10:15:37.135770,happy,0.56,2026-03-14T10:15:36.164256,0.6990595992811443,2026-03-14T10:15:38.026000,80,,,
participant_09,2,day,Town10HD_Opt,2026-03-14 10:15:38.036286,44.17546463012695,43.01178741455078,0.0019387435168027,30.311,0.266,0.501,0.0,0,0,1,,0.938,2026-03-14T10:15:38.036286,happy,0.56,2026-03-14T10:15:36.164256,0.6353615991450554,2026-03-14T10:15:38.026000,81,,,
participant_09,2,day,Town10HD_Opt,2026-03-14 10:15:38.992608,44.49991226196289,37.59424591064453,0.0020348739344626,31.401,12.473,0.405,0.0,0,0,1,,0.964,2026-03-14T10:15:38.992608,neutral,0.769,2026-03-14T10:15:38.992608,0.6794057937907944,2026-03-14T10:15:39.021000,83,,,
participant_09,2,day,Town10HD_Opt,2026-03-14 10:15:40.274430,47.57832717895508,31.095190048217773,0.0021440123673528,29.925,16.354,0.175,0.0,0,0,1,,1.0,2026-03-14T10:15:40.274430,neutral,0.769,2026-03-14T10:15:38.992608,0.6431269966260625,2026-03-14T10:15:40.995000,79,,,
participant_09,2,day,Town10HD_Opt,2026-03-14 10:15:41.216975,51.41389846801758,28.13509750366211,0.0022158431820571,25.513,16.05,0.159,0.0,0,0,1,,0.949,2026-03-14T10:15:41.216975,neutral,0.518,2026-03-14T10:15:41.216975,0.6631272795726967,2026-03-14T10:15:41.986000,77,,,
participant_09,2,day,Town10HD_Opt,2026-03-14 10:15:42.216911,55.362064361572266,26.95924186706543,0.0021932220552116,21.559,14.19,0.141,0.0,0,0,1,,0.941,2026-03-14T10:15:42.216911,neutral,0.518,2026-03-14T10:15:41.216975,0.7140565989660443,2026-03-14T10:15:42.978000,79,,,
participant_09,2,day,Town10HD_Opt,2026-03-14 10:15:43.214657,58.8363151550293,26.70872688293457,0.0021665573585778,18.047,0.475,0.114,0.0,0,0,1,,0.871,2026-03-14T10:15:43.214657,neutral,0.518,2026-03-14T10:15:41.216975,0.6440057628731644,2026-03-14T10:15:44.010000,85,,,
participant_09,2,day,Town10HD_Opt,2026-03-14 10:15:44.223597,61.85008239746094,26.51548957824707,0.0019962692167609,15.727,-0.167,0.0,0.0,0,0,1,,0.939,2026-03-14T10:15:44.223597,neutral,0.758,2026-03-14T10:15:44.223597,0.6035582659435988,2026-03-14T10:15:45.001000,80,,,
participant_09,2,day,Town10HD_Opt,2026-03-14 10:15:45.176420,64.28377532958984,26.36167907714844,0.0020660399459302,11.391,0.36,0.0,0.385,0,0,1,,0.908,2026-03-14T10:15:45.176420,neutral,0.758,2026-03-14T10:15:44.223597,0.7629181294953857,2026-03-14T10:15:45.991000,80,,,
participant_09,2,day,Town10HD_Opt,2026-03-14 10:15:46.112318,65.85028839111328,26.270164489746094,0.0020801543723791,5.996,0.36,0.0,0.337,0,0,1,,0.813,2026-03-14T10:15:46.112318,neutral,0.758,2026-03-14T10:15:44.223597,0.6599576020701565,2026-03-14T10:15:45.991000,81,,,
participant_09,2,day,Town10HD_Opt,2026-03-14 10:15:47.131631,66.09718322753906,26.255733489990234,0.0019953537266701,0.0,0.355,0.0,0.226,0,0,1,,0.9,2026-03-14T10:15:47.131631,neutral,0.628,2026-03-14T10:15:47.131631,0.6857663731415803,2026-03-14T10:15:48.016000,80,,,
participant_09,2,day,Town10HD_Opt,2026-03-14 10:15:48.108126,66.09758758544922,26.25571632385254,0.001921615563333,0.004,0.327,0.0,0.0,0,0,1,,0.905,2026-03-14T10:15:48.108126,neutral,0.628,2026-03-14T10:15:47.131631,0.756743044374516,2026-03-14T10:15:49.006000,81,,,
participant_09,2,day,Town10HD_Opt,2026-03-14 10:15:49.038059,66.09783172607422,26.25571632385254,0.0019193649059161,0.006,0.266,0.0,0.0,0,0,1,,0.92,2026-03-14T10:15:49.038059,neutral,0.628,2026-03-14T10:15:47.131631,0.6944899639913825,2026-03-14T10:15:49.006000,79,,,
participant_09,2,day,Town10HD_Opt,2026-03-14 10:15:50.031643,66.0979232788086,26.25571632385254,0.0019189452286809,0.001,0.209,0.0,0.0,0,0,1,,0.833,2026-03-14T10:15:50.031643,happy,0.547,2026-03-14T10:15:50.031643,0.6911186301426303,2026-03-14T10:15:50.005000,80,,,
participant_09,2,day,Town10HD_Opt,2026-03-14 10:15:51.038638,66.0978775024414,26.25571632385254,0.0019187545403838,0.001,0.209,0.0,0.0,0,0,1,,0.87,2026-03-14T10:15:51.038638,happy,0.547,2026-03-14T10:15:50.031643,0.7198671408730801,2026-03-14T10:15:50.986000,80,,,
participant_09,2,day,Town10HD_Opt,2026-03-14 10:15:52.274954,66.09801483154297,26.25571632385254,0.0019187545403838,0.001,0.209,0.0,0.0,0,0,1,,0.897,2026-03-14T10:15:52.274954,neutral,0.746,2026-03-14T10:15:52.274954,0.838883346519105,2026-03-14T10:15:53.010000,78,,,
participant_09,2,day,Town10HD_Opt,2026-03-14 10:15:53.271010,66.09805297851562,26.25571632385254,0.001919021597132,0.005,0.209,0.0,0.0,0,0,1,,0.91,2026-03-14T10:15:53.271010,neutral,0.746,2026-03-14T10:15:52.274954,0.8133360948732316,2026-03-14T10:15:54.092000,83,,,
participant_09,2,day,Town10HD_Opt,2026-03-14 10:15:54.227128,66.09825897216797,26.25571632385254,0.0019192122854292,0.005,0.209,0.0,0.0,0,0,1,,0.875,2026-03-14T10:15:54.227128,neutral,0.746,2026-03-14T10:15:52.274954,0.7783634295390283,2026-03-14T10:15:55.036000,85,,,
participant_09,2,day,Town10HD_Opt,2026-03-14 10:15:55.147689,66.09844970703125,26.25571632385254,0.001919021597132,0.007,0.202,0.0,0.0,0,0,1,,0.856,2026-03-14T10:15:55.147689,neutral,0.637,2026-03-14T10:15:55.147689,0.8500791785884647,2026-03-14T10:15:55.981000,86,,,
participant_09,2,day,Town10HD_Opt,2026-03-14 10:15:56.089991,66.09840393066406,26.25571632385254,0.0019188689766451,0.001,0.106,0.0,0.0,0,0,1,,0.93,2026-03-14T10:15:56.089991,neutral,0.637,2026-03-14T10:15:55.147689,0.7905740190728391,2026-03-14T10:15:55.981000,84,,,
participant_09,2,day,Town10HD_Opt,2026-03-14 10:15:57.002045,66.098388671875,26.25571632385254,0.001919021597132,0.0,-0.049,0.0,0.0,0,0,1,,0.939,2026-03-14T10:15:57.002045,neutral,0.637,2026-03-14T10:15:55.147689,0.843396358657348,2026-03-14T10:15:57.016000,84,,,
participant_09,2,day,Town10HD_Opt,2026-03-14 10:15:58.263108,66.09850311279297,26.25571632385254,0.001919021597132,0.0,-0.202,0.0,0.0,0,0,1,,0.922,2026-03-14T10:15:58.263108,neutral,0.721,2026-03-14T10:15:58.263108,0.9014364340787534,2026-03-14T10:15:59.085000,82,,,
participant_09,2,day,Town10HD_Opt,2026-03-14 10:15:59.213365,66.09868621826172,26.25571632385254,0.0019191360333934,0.005,-0.211,0.0,0.0,0,0,1,,0.919,2026-03-14T10:15:59.213365,neutral,0.721,2026-03-14T10:15:58.263108,0.8409221702462797,2026-03-14T10:16:00.075000,79,,,
participant_09,2,day,Town10HD_Opt,2026-03-14 10:16:00.176807,66.09893035888672,26.25571632385254,0.0019191360333934,0.006,-0.211,0.0,0.0,0,0,1,,0.903,2026-03-14T10:16:00.176807,neutral,0.721,2026-03-14T10:15:58.263108,0.8469407200574988,2026-03-14T10:16:00.976000,77,,,
participant_09,2,day,Town10HD_Opt,2026-03-14 10:16:01.127300,66.09893035888672,26.25571632385254,0.0019189071608707,0.001,-0.214,0.0,0.0,0,0,1,,0.896,2026-03-14T10:16:01.127300,happy,0.606,2026-03-14T10:16:01.127300,0.8421580589694958,2026-03-14T10:16:02.011000,79,,,
participant_09,2,day,Town10HD_Opt,2026-03-14 10:16:02.136746,66.09889221191406,26.25571632385254,0.0019187545403838,0.0,-0.214,0.0,0.0,0,0,1,,0.903,2026-03-14T10:16:02.136746,happy,0.606,2026-03-14T10:16:01.127300,0.8249859797982662,2026-03-14T10:16:03.001000,74,,,
participant_09,2,day,Town10HD_Opt,2026-03-14 10:16:03.069750,66.09901428222656,26.25571632385254,0.0019190596649423,0.005,-0.221,0.0,0.0,0,0,1,,0.906,2026-03-14T10:16:03.069750,happy,0.606,2026-03-14T10:16:01.127300,0.8760953433632206,2026-03-14T10:16:03.001000,79,,,
participant_09,2,day,Town10HD_Opt,2026-03-14 10:16:04.272718,66.09912109375,26.25571632385254,0.0019190596649423,0.005,-0.258,0.0,0.0,0,0,1,,0.917,2026-03-14T10:16:04.272718,happy,0.559,2026-03-14T10:16:04.272718,0.8716579867412764,2026-03-14T10:16:04.981000,73,,,
participant_09,2,day,Town10HD_Opt,2026-03-14 10:16:05.258717,66.0993423461914,26.25571632385254,0.0019192504696547,0.006,-0.275,0.0,0.0,0,0,1,,0.922,2026-03-14T10:16:05.258717,happy,0.559,2026-03-14T10:16:04.272718,0.8859465516784492,2026-03-14T10:16:06.016000,74,,,
participant_09,2,day,Town10HD_Opt,2026-03-14 10:16:06.172939,66.0994644165039,26.255714416503903,0.0019189452286809,0.001,-0.287,0.0,0.0,0,0,1,,0.89,2026-03-14T10:16:06.172939,happy,0.559,2026-03-14T10:16:04.272718,0.8881431887409985,2026-03-14T10:16:07.005000,76,,,
participant_09,2,day,Town10HD_Opt,2026-03-14 10:16:07.145298,66.09941864013672,26.255714416503903,0.0019187927246093,0.001,-0.287,0.0,0.0,0,0,1,,0.9,2026-03-14T10:16:07.145298,neutral,0.543,2026-03-14T10:16:07.145298,0.850853531056766,2026-03-14T10:16:07.995000,79,,,
participant_09,2,day,Town10HD_Opt,2026-03-14 10:16:08.063983,66.0994644165039,26.25571632385254,0.0019190596649423,0.004,-0.287,0.0,0.0,0,0,1,,0.909,2026-03-14T10:16:08.063983,neutral,0.543,2026-03-14T10:16:07.145298,0.9047151457857971,2026-03-14T10:16:07.995000,76,,,
participant_09,2,day,Town10HD_Opt,2026-03-14 10:16:08.999713,66.09966278076172,26.25571632385254,0.0019192122854292,0.005,-0.289,0.0,0.0,0,0,1,,0.933,2026-03-14T10:16:08.999713,neutral,0.543,2026-03-14T10:16:07.145298,0.870357538040686,2026-03-14T10:16:08.988000,76,,,
participant_09,2,day,Town10HD_Opt,2026-03-14 10:16:10.218578,66.09976959228516,26.25571632385254,0.0019192122854292,0.005,-0.289,0.0,0.0,0,0,1,,0.913,2026-03-14T10:16:10.218578,happy,0.697,2026-03-14T10:16:10.218578,0.7989102308867895,2026-03-14T10:16:11.011000,79,,,
participant_09,2,day,Town10HD_Opt,2026-03-14 10:16:11.145393,66.09998321533203,26.255714416503903,0.0019189834129065,0.001,-0.289,0.0,0.0,0,0,1,,0.946,2026-03-14T10:16:11.145393,happy,0.697,2026-03-14T10:16:10.218578,0.8619441106004099,2026-03-14T10:16:12,78,,,
participant_09,2,day,Town10HD_Opt,2026-03-14 10:16:12.002727,66.09994506835938,26.255714416503903,0.0019188689766451,0.001,-0.298,0.0,0.0,0,0,1,,0.909,2026-03-14T10:16:12.002727,happy,0.697,2026-03-14T10:16:10.218578,0.8220871595641459,2026-03-14T10:16:12,78,,,
participant_09,2,day,Town10HD_Opt,2026-03-14 10:16:13.199365,66.1000747680664,26.255714416503903,0.0019188689766451,0.001,-0.313,0.0,0.0,0,0,1,,0.938,2026-03-14T10:16:13.199365,neutral,0.511,2026-03-14T10:16:13.199365,0.7327820704167796,2026-03-14T10:16:14.071000,80,,,
participant_09,2,day,Town10HD_Opt,2026-03-14 10:16:14.114252,66.10003662109375,26.25571632385254,0.001919021597132,0.0,-0.331,0.0,0.0,0,0,1,,0.92,2026-03-14T10:16:14.114252,neutral,0.511,2026-03-14T10:16:13.199365,0.913677730836046,2026-03-14T10:16:15.015000,77,,,
participant_09,2,day,Town10HD_Opt,2026-03-14 10:16:15.021079,66.10021209716797,26.255714416503903,0.0019190978491678,0.005,-0.331,0.0,0.0,0,0,1,,0.9,2026-03-14T10:16:15.021079,neutral,0.511,2026-03-14T10:16:13.199365,0.7656893782719271,2026-03-14T10:16:15.015000,78,,,
participant_09,2,day,Town10HD_Opt,2026-03-14 10:16:16.237564,66.1003189086914,26.25571250915528,0.0019190596649423,0.005,-0.331,0.0,0.0,0,0,1,,0.823,2026-03-14T10:16:16.237564,neutral,0.57,2026-03-14T10:16:16.237564,0.8079855521975186,2026-03-14T10:16:17.042000,75,,,
participant_09,2,day,Town10HD_Opt,2026-03-14 10:16:17.189486,66.1005630493164,26.25571060180664,0.0019192504696547,0.006,-0.331,0.0,0.0,0,0,1,,0.904,2026-03-14T10:16:17.189486,neutral,0.57,2026-03-14T10:16:16.237564,0.8356509924555688,2026-03-14T10:16:18.031000,76,,,
participant_09,2,day,Town10HD_Opt,2026-03-14 10:16:18.139787,66.10062408447266,26.255704879760746,0.0019189452286809,0.001,-0.331,0.0,0.0,0,0,1,,0.919,2026-03-14T10:16:18.139787,neutral,0.57,2026-03-14T10:16:16.237564,0.8561313349165178,2026-03-14T10:16:19.021000,73,,,
participant_09,2,day,Town10HD_Opt,2026-03-14 10:16:19.036286,66.1005859375,26.25570297241211,0.0019187545403838,0.001,-0.331,0.0,0.0,0,0,1,,0.863,2026-03-14T10:16:19.036286,happy,0.61,2026-03-14T10:16:19.036286,0.8578344737700828,2026-03-14T10:16:19.021000,73,,,
participant_09,2,day,Town10HD_Opt,2026-03-14 10:16:20.012682,66.10066986083984,26.255704879760746,0.0019190596649423,0.005,-0.331,0.0,0.0,0,0,1,,0.904,2026-03-14T10:16:20.012682,happy,0.61,2026-03-14T10:16:19.036286,0.8393022754613756,2026-03-14T10:16:20.015000,74,,,
participant_09,2,day,Town10HD_Opt,2026-03-14 10:16:21.198442,66.10079193115234,26.25570297241211,0.0019190596649423,0.005,-0.327,0.0,0.0,0,0,1,,0.902,2026-03-14T10:16:21.198442,neutral,0.759,2026-03-14T10:16:21.198442,0.7921067276865615,2026-03-14T10:16:21.001000,73,,,
participant_09,2,day,Town10HD_Opt,2026-03-14 10:16:22.194715,66.10099792480469,26.255699157714844,0.0019192504696547,0.006,-0.32,0.0,0.0,0,0,1,,1.0,2026-03-14T10:16:22.194715,neutral,0.759,2026-03-14T10:16:21.198442,0.8679589372951713,2026-03-14T10:16:22.981000,73,,,
participant_09,2,day,Town10HD_Opt,2026-03-14 10:16:23.119175,66.1011734008789,26.25569725036621,0.0019189834129065,0.001,-0.313,0.0,0.0,0,0,1,,0.944,2026-03-14T10:16:23.119175,neutral,0.759,2026-03-14T10:16:21.198442,0.8010292217576963,2026-03-14T10:16:24.016000,72,,,
participant_09,2,day,Town10HD_Opt,2026-03-14 10:16:24.245927,66.10131072998047,26.25569725036621,0.0019189834129065,0.001,-0.308,0.0,0.0,0,0,1,,0.934,2026-03-14T10:16:24.245927,happy,0.631,2026-03-14T10:16:24.245927,0.8593486341636227,2026-03-14T10:16:25.096000,70,,,
participant_09,2,day,Town10HD_Opt,2026-03-14 10:16:25.138116,66.10126495361328,26.25569725036621,0.0019188307924196,0.001,-0.275,0.0,0.0,0,0,1,,0.93,2026-03-14T10:16:25.138116,happy,0.631,2026-03-14T10:16:24.245927,0.8549462849271354,2026-03-14T10:16:26.041000,70,,,
participant_09,2,day,Town10HD_Opt,2026-03-14 10:16:26.011968,66.10124969482422,26.25569725036621,0.001919021597132,0.0,-0.251,0.0,0.0,0,0,1,,0.902,2026-03-14T10:16:26.011968,happy,0.631,2026-03-14T10:16:24.245927,0.8335015338527966,2026-03-14T10:16:26.041000,74,Solid line crossing,Solid line crossing,
participant_09,2,day,Town10HD_Opt,2026-03-14 10:16:27.269231,66.10136413574219,26.25569725036621,0.0019189834129065,0.0,-0.247,0.0,0.0,0,0,1,,0.913,2026-03-14T10:16:27.269231,happy,0.554,2026-03-14T10:16:27.269231,0.7807602515686884,2026-03-14T10:16:28.021000,71,,,
participant_09,2,day,Town10HD_Opt,2026-03-14 10:16:28.170210,66.1015396118164,26.25569725036621,0.0019190978491678,0.005,-0.209,0.0,0.0,0,0,1,,0.895,2026-03-14T10:16:28.170210,happy,0.554,2026-03-14T10:16:27.269231,0.7997118624786947,2026-03-14T10:16:29.012000,74,,,
participant_09,2,day,Town10HD_Opt,2026-03-14 10:16:29.094407,66.10179138183594,26.25569725036621,0.0019191360333934,0.006,-0.2,0.0,0.0,0,0,1,,0.921,2026-03-14T10:16:29.094407,happy,0.554,2026-03-14T10:16:27.269231,0.891253124427193,2026-03-14T10:16:29.012000,76,,,
participant_09,2,day,Town10HD_Opt,2026-03-14 10:16:30.243081,66.10189056396484,26.25569725036621,0.0019192122854292,0.006,-0.2,0.0,0.0,0,0,1,,0.937,2026-03-14T10:16:30.243081,neutral,0.578,2026-03-14T10:16:30.243081,0.8014952475227938,2026-03-14T10:16:30.991000,75,,,
participant_09,2,day,Town10HD_Opt,2026-03-14 10:16:31.149176,66.10192108154297,26.25569725036621,0.0019189071608707,0.001,-0.2,0.0,0.0,0,0,1,,0.893,2026-03-14T10:16:31.149176,neutral,0.578,2026-03-14T10:16:30.243081,0.7418710480311229,2026-03-14T10:16:31.981000,74,,,
participant_09,2,day,Town10HD_Opt,2026-03-14 10:16:32.049690,66.10187530517578,26.25569725036621,0.0019187545403838,0.001,-0.2,0.0,0.0,0,0,1,,0.933,2026-03-14T10:16:32.049690,neutral,0.578,2026-03-14T10:16:30.243081,0.8316151928261261,2026-03-14T10:16:31.981000,74,,,
participant_09,2,day,Town10HD_Opt,2026-03-14 10:16:33.258677,66.10201263427734,26.25569725036621,0.0019187163561582,0.001,-0.2,0.0,0.0,0,0,1,,0.943,2026-03-14T10:16:33.258677,neutral,0.827,2026-03-14T10:16:33.258677,0.7681597712643039,2026-03-14T10:16:34.006000,74,,,
participant_09,2,day,Town10HD_Opt,2026-03-14 10:16:34.183040,66.10209655761719,26.25569725036621,0.001919021597132,0.005,-0.2,0.0,0.0,0,0,1,,0.922,2026-03-14T10:16:34.183040,neutral,0.827,2026-03-14T10:16:33.258677,0.83967877568482,2026-03-14T10:16:34.997000,77,,,
participant_09,2,day,Town10HD_Opt,2026-03-14 10:16:35.143203,66.10230255126953,26.25569725036621,0.0019192504696547,0.005,-0.2,0.0,0.0,0,0,1,,0.943,2026-03-14T10:16:35.143203,neutral,0.827,2026-03-14T10:16:33.258677,0.6930664846698541,2026-03-14T10:16:36.032000,79,,,
participant_09,2,day,Town10HD_Opt,2026-03-14 10:16:36.048441,66.10244750976562,26.25569725036621,0.0019189834129065,0.001,-0.148,0.0,0.0,0,0,1,,1.0,2026-03-14T10:16:36.048441,neutral,0.769,2026-03-14T10:16:36.048441,0.7989778577101392,2026-03-14T10:16:36.032000,74,,,
participant_09,2,day,Town10HD_Opt,2026-03-14 10:16:37.268545,66.10708618164062,26.25540542602539,0.0019183730473741,0.022,-0.202,0.161,0.0,0,1,-1,,0.908,2026-03-14T10:16:37.268545,neutral,0.769,2026-03-14T10:16:36.048441,0.8617763558989195,2026-03-14T10:16:38.011000,75,,,
participant_09,2,day,Town10HD_Opt,2026-03-14 10:16:38.177423,66.04872131347656,26.262285232543945,0.0020824812818318,2.863,-8.313,0.613,0.0,0,1,-1,,0.967,2026-03-14T10:16:38.177423,neutral,0.81,2026-03-14T10:16:38.177423,0.8101343114433041,2026-03-14T10:16:39.003000,75,,,
participant_09,2,day,Town10HD_Opt,2026-03-14 10:16:39.035477,65.0587158203125,26.357852935791016,0.0021771239116787,9.484,-7.418,0.628,0.0,0,1,-1,,0.843,2026-03-14T10:16:39.035477,neutral,0.81,2026-03-14T10:16:38.177423,0.806828134409947,2026-03-14T10:16:39.003000,76,,,errors=Vehicle collision
participant_09,2,day,Town10HD_Opt,2026-03-14 10:16:40.201102,63.969970703125,26.417686462402344,0.006328391842544,0.076,0.094,0.472,0.0,0,1,-1,,0.814,2026-03-14T10:16:40.201102,sad,0.342,2026-03-14T10:16:40.201102,0.7432018062994403,2026-03-14T10:16:40.981000,74,,,
participant_09,2,day,Town10HD_Opt,2026-03-14 10:16:41.102668,63.970497131347656,26.433210372924805,0.0046128844842314,0.05,1.415,0.0,0.0,0,1,-1,,0.827,2026-03-14T10:16:41.102668,sad,0.342,2026-03-14T10:16:40.201102,0.7343691118063604,2026-03-14T10:16:40.981000,76,,,
participant_09,2,day,Town10HD_Opt,2026-03-14 10:16:42.237893,64.15035247802734,26.45176887512207,0.0018513107206672,3.046,10.521,0.531,0.0,0,0,1,,0.91,2026-03-14T10:16:42.237893,neutral,0.845,2026-03-14T10:16:42.237893,0.7610213138436772,2026-03-14T10:16:43.007000,75,,,
participant_09,2,day,Town10HD_Opt,2026-03-14 10:16:43.157645,65.09357452392578,26.635332107543945,0.0018746566493064,6.404,14.584,0.0,0.0,0,0,1,,0.869,2026-03-14T10:16:43.157645,neutral,0.845,2026-03-14T10:16:42.237893,0.8026858365028289,2026-03-14T10:16:43.007000,76,,,
participant_09,2,day,Town10HD_Opt,2026-03-14 10:16:44.010702,66.05089569091797,26.880868911743164,0.0019624710548669,4.893,8.53,0.0,0.0,0,0,1,,0.975,2026-03-14T10:16:44.010702,neutral,0.845,2026-03-14T10:16:42.237893,0.7735371340700713,2026-03-14T10:16:44.086000,77,,,
participant_09,2,day,Town10HD_Opt,2026-03-14 10:16:45.171111,66.99491882324219,27.12649917602539,0.0019518280168995,3.445,1.777,0.0,0.0,0,0,1,,0.907,2026-03-14T10:16:45.171111,neutral,0.55,2026-03-14T10:16:45.171111,0.7234858920834868,2026-03-14T10:16:46.021000,78,,,
participant_09,2,day,Town10HD_Opt,2026-03-14 10:16:46.037645,67.5015869140625,27.25181579589844,0.0019265746232122,3.025,6.725,0.314,0.0,0,0,1,,0.934,2026-03-14T10:16:46.037645,neutral,0.55,2026-03-14T10:16:45.171111,0.8147623153560141,2026-03-14T10:16:46.021000,77,,,
participant_09,2,day,Town10HD_Opt,2026-03-14 10:16:47.194791,68.64008331298828,27.55742454528809,0.001816101022996,7.435,-2.857,0.286,0.0,0,0,1,,0.891,2026-03-14T10:16:47.194791,neutral,0.46,2026-03-14T10:16:47.194791,0.7896736094522977,2026-03-14T10:16:48.091000,78,,,
participant_09,2,day,Town10HD_Opt,2026-03-14 10:16:48.108242,70.10135650634766,27.86764907836914,0.0018365859286859,9.928,-2.974,0.231,0.0,0,0,1,,0.937,2026-03-14T10:16:48.108242,neutral,0.46,2026-03-14T10:16:47.194791,0.8029716549114194,2026-03-14T10:16:48.991000,80,,,
participant_09,2,day,Town10HD_Opt,2026-03-14 10:16:49.271356,72.14997100830078,28.32613945007324,0.002049446105957,6.411,4.15,0.0,0.31,0,0,1,,0.938,2026-03-14T10:16:49.271356,neutral,0.563,2026-03-14T10:16:49.271356,0.7724703449912217,2026-03-14T10:16:50.026000,82,,,
participant_09,2,day,Town10HD_Opt,2026-03-14 10:16:50.140520,72.42526245117188,28.39900779724121,0.0020001982338726,0.0,3.459,0.0,0.4,0,0,1,,0.945,2026-03-14T10:16:50.140520,neutral,0.563,2026-03-14T10:16:49.271356,0.7900728886016742,2026-03-14T10:16:51.016000,80,,,
participant_09,2,day,Town10HD_Opt,2026-03-14 10:16:51.257643,72.4242172241211,28.39874267578125,0.0019219588721171,0.02,3.363,0.308,0.0,0,1,-1,,0.832,2026-03-14T10:16:51.257643,neutral,0.563,2026-03-14T10:16:49.271356,0.8100189882297645,2026-03-14T10:16:52.006000,83,,,
participant_09,2,day,Town10HD_Opt,2026-03-14 10:16:52.126574,72.40764617919922,28.39408302307129,0.0019377898424863,1.395,5.749,0.391,0.0,0,1,-1,,0.927,2026-03-14T10:16:52.126574,neutral,0.377,2026-03-14T10:16:52.126574,0.7697661200097595,2026-03-14T10:16:52.006000,81,,,
participant_09,2,day,Town10HD_Opt,2026-03-14 10:16:53.009353,71.92378234863281,28.26091957092285,0.0020020676311105,4.089,3.41,0.281,0.0,0,1,-1,,0.894,2026-03-14T10:16:53.009353,neutral,0.377,2026-03-14T10:16:52.126574,0.7505373838687549,2026-03-14T10:16:53.086000,79,,,
participant_09,2,day,Town10HD_Opt,2026-03-14 10:16:54.260446,71.11802673339844,28.066680908203125,0.0018972395919263,3.025,3.983,0.283,0.0,0,1,-1,,0.934,2026-03-14T10:16:54.260446,sad,0.426,2026-03-14T10:16:54.260446,0.73218600758018,2026-03-14T10:16:55.067000,83,Solid line crossing,Solid line crossing,
participant_09,2,day,Town10HD_Opt,2026-03-14 10:16:55.150043,70.65997314453125,27.95298957824707,0.0018932723905891,2.309,7.382,0.237,0.0,0,1,-1,,0.928,2026-03-14T10:16:55.150043,sad,0.426,2026-03-14T10:16:54.260446,0.7851810223174629,2026-03-14T10:16:56.011000,81,,,
participant_09,2,day,Town10HD_Opt,2026-03-14 10:16:56.079792,70.2952880859375,27.8597412109375,0.0019173431210219,2.055,12.355,0.241,0.0,0,1,-1,,0.932,2026-03-14T10:16:56.079792,sad,0.426,2026-03-14T10:16:54.260446,0.7949661185435015,2026-03-14T10:16:56.011000,84,,,errors=Vehicle collision
participant_09,2,day,Town10HD_Opt,2026-03-14 10:16:57.256831,70.02686309814453,27.830734252929688,0.0017544936854392,1.0,15.378,0.267,0.0,0,1,-1,,1.0,2026-03-14T10:16:57.256831,neutral,0.596,2026-03-14T10:16:57.256831,0.8212725471468044,2026-03-14T10:16:58.126000,85,,,
participant_09,2,day,Town10HD_Opt,2026-03-14 10:16:58.125025,69.83202362060547,27.80388641357422,0.0023738860618323,1.351,15.339,0.27,0.0,0,1,-1,,0.824,2026-03-14T10:16:58.125025,neutral,0.596,2026-03-14T10:16:57.256831,0.8166708269228402,2026-03-14T10:16:58.982000,86,,,errors=Vehicle collision
participant_09,2,day,Town10HD_Opt,2026-03-14 10:16:59.271809,69.56217956542969,27.76995086669922,0.0028343200683593,0.534,14.467,0.0,0.0,0,1,-1,,0.92,2026-03-14T10:16:59.271809,sad,0.399,2026-03-14T10:16:59.271809,0.7866428582276523,2026-03-14T10:17:00.016000,85,,,
participant_09,2,day,Town10HD_Opt,2026-03-14 10:17:00.192336,69.52059936523438,27.765729904174805,0.0026454543694853,0.044,14.531,0.0,0.0,0,1,-1,,1.0,2026-03-14T10:17:00.192336,sad,0.399,2026-03-14T10:16:59.271809,0.7951900655719839,2026-03-14T10:17:01.096000,86,,,
participant_09,2,day,Town10HD_Opt,2026-03-14 10:17:01.059108,69.51815032958984,27.765851974487305,0.0023543166462332,0.005,14.418,0.0,0.0,0,1,-1,,1.0,2026-03-14T10:17:01.059108,sad,0.399,2026-03-14T10:16:59.271809,0.8563586320657193,2026-03-14T10:17:01.096000,87,,,errors=Vehicle collision
participant_09,2,day,Town10HD_Opt,2026-03-14 10:17:02.138496,69.51986694335938,27.766469955444336,0.0019750976935029,0.005,15.98,0.022,0.0,0,0,1,,1.0,2026-03-14T10:17:02.138496,neutral,0.454,2026-03-14T10:17:02.138496,0.8130841795966565,2026-03-14T10:17:02.087000,83,,,
participant_09,2,day,Town10HD_Opt,2026-03-14 10:17:03.024865,69.5297622680664,27.76953125,0.0019014739664271,0.692,24.787,0.179,0.0,0,0,1,,0.885,2026-03-14T10:17:03.024865,neutral,0.454,2026-03-14T10:17:02.138496,0.7976166050339365,2026-03-14T10:17:03.084000,83,,,
participant_09,2,day,Town10HD_Opt,2026-03-14 10:17:04.142485,69.97589111328125,27.92733383178711,0.0018226623069494,4.068,17.221,0.0,0.0,0,0,1,,1.0,2026-03-14T10:17:04.142485,sad,0.456,2026-03-14T10:17:04.142485,0.7479832321223094,2026-03-14T10:17:04.021000,83,,,
participant_09,2,day,Town10HD_Opt,2026-03-14 10:17:05.276659,70.8079833984375,28.140668869018555,0.0019301223801448,3.643,-5.394,0.505,0.0,0,0,1,,1.0,2026-03-14T10:17:05.276659,sad,0.456,2026-03-14T10:17:04.142485,0.7680869756255244,2026-03-14T10:17:06.046000,81,,,
participant_09,2,day,Town10HD_Opt,2026-03-14 10:17:06.120500,72.10829162597656,28.328086853027344,0.0015679930802434,13.513,-7.629,0.814,0.0,0,0,1,,1.0,2026-03-14T10:17:06.120500,sad,0.456,2026-03-14T10:17:04.142485,0.724783091740428,2026-03-14T10:17:06.994000,82,,,
participant_09,2,day,Town10HD_Opt,2026-03-14 10:17:07.234374,76.44542694091797,28.552433013916016,0.0020236587151885,19.89,-2.617,0.0,0.112,0,0,1,,0.933,2026-03-14T10:17:07.234374,neutral,0.412,2026-03-14T10:17:07.234374,0.7986510854602369,2026-03-14T10:17:07.981000,79,,,errors=Vehicle collision
participant_09,2,day,Town10HD_Opt,2026-03-14 10:17:08.184698,77.5636978149414,28.585453033447266,-0.0010481261415407,0.05,-1.072,0.0,0.503,0,0,1,,0.975,2026-03-14T10:17:08.184698,neutral,0.412,2026-03-14T10:17:07.234374,0.757185459543692,2026-03-14T10:17:09.062000,82,,,
participant_09,2,day,Town10HD_Opt,2026-03-14 10:17:09.031627,77.56317138671875,28.585432052612305,0.0018886947073042,0.002,-0.458,0.209,0.0,0,1,-1,,0.927,2026-03-14T10:17:09.031627,neutral,0.412,2026-03-14T10:17:07.234374,0.7456625406608709,2026-03-14T10:17:09.062000,81,,,
participant_09,2,day,Town10HD_Opt,2026-03-14 10:17:10.190033,77.19634246826172,28.581974029541016,0.0020238494034856,3.685,-0.261,0.0,0.0,0,1,-1,,1.0,2026-03-14T10:17:10.190033,neutral,0.639,2026-03-14T10:17:10.190033,0.800917326382744,2026-03-14T10:17:10.996000,84,,,
participant_09,2,day,Town10HD_Opt,2026-03-14 10:17:11.060759,76.75965881347656,28.577726364135746,0.001856651273556,1.377,-0.275,0.0,0.0,0,1,-1,,1.0,2026-03-14T10:17:11.060759,neutral,0.639,2026-03-14T10:17:10.190033,0.8296607762336751,2026-03-14T10:17:10.996000,86,,,
participant_09,2,day,Town10HD_Opt,2026-03-14 10:17:12.182133,76.5755615234375,28.575868606567383,0.0019005202921107,0.351,-0.275,0.0,0.0,0,1,-1,,0.919,2026-03-14T10:17:12.182133,neutral,0.639,2026-03-14T10:17:10.190033,0.7604101856753045,2026-03-14T10:17:13.022000,84,,,
participant_09,2,day,Town10HD_Opt,2026-03-14 10:17:13.004334,76.5363998413086,28.575475692749023,0.0019045256776735,0.0,-0.378,0.0,0.0,0,1,-1,,0.918,2026-03-14T10:17:13.004334,sad,0.315,2026-03-14T10:17:13.004334,0.7737498551268136,2026-03-14T10:17:13.022000,84,,,
participant_09,2,day,Town10HD_Opt,2026-03-14 10:17:14.125985,76.536376953125,28.575475692749023,0.0019180679228156,0.0,0.082,0.0,0.0,0,1,-1,,1.0,2026-03-14T10:17:14.125985,sad,0.315,2026-03-14T10:17:13.004334,0.7750171734943974,2026-03-14T10:17:14.011000,82,,,
participant_09,2,day,Town10HD_Opt,2026-03-14 10:17:15.222835,76.536376953125,28.575475692749023,0.0019180679228156,0.0,0.096,0.0,0.0,0,1,-1,,0.811,2026-03-14T10:17:15.222835,neutral,0.683,2026-03-14T10:17:15.222835,0.8437972654417789,2026-03-14T10:17:15.991000,81,,,
participant_09,2,day,Town10HD_Opt,2026-03-14 10:17:16.099141,76.536376953125,28.575475692749023,0.0019180679228156,0.0,0.096,0.0,0.0,0,1,-1,,1.0,2026-03-14T10:17:16.099141,neutral,0.683,2026-03-14T10:17:15.222835,0.7406961737451432,2026-03-14T10:17:16.981000,83,,,
participant_09,2,day,Town10HD_Opt,2026-03-14 10:17:17.228112,76.536376953125,28.575475692749023,0.0019180679228156,0.0,0.465,0.0,0.0,0,0,1,,0.85,2026-03-14T10:17:17.228112,neutral,0.742,2026-03-14T10:17:17.228112,0.6799254119479256,2026-03-14T10:17:18.016000,83,,,
participant_09,2,day,Town10HD_Opt,2026-03-14 10:17:18.104610,76.536376953125,28.575475692749023,0.0019180679228156,0.0,0.404,0.0,0.0,0,0,1,,0.938,2026-03-14T10:17:18.104610,neutral,0.742,2026-03-14T10:17:17.228112,0.790531458491951,2026-03-14T10:17:19.008000,87,,,
participant_09,2,day,Town10HD_Opt,2026-03-14 10:17:19.197296,76.536376953125,28.575475692749023,0.0019180679228156,0.0,0.383,0.0,0.0,0,0,1,,0.927,2026-03-14T10:17:19.197296,neutral,0.742,2026-03-14T10:17:17.228112,0.6638563469647007,2026-03-14T10:17:19.998000,89,,,
participant_09,2,day,Town10HD_Opt,2026-03-14 10:17:20.025107,76.536376953125,28.575475692749023,0.0019180679228156,0.0,0.376,0.0,0.0,0,0,1,,0.904,2026-03-14T10:17:20.025107,neutral,0.79,2026-03-14T10:17:20.025107,0.7271380324245094,2026-03-14T10:17:19.998000,88,,,
participant_09,2,day,Town10HD_Opt,2026-03-14 10:17:21.092244,76.536376953125,28.575475692749023,0.0019180679228156,0.0,0.376,0.0,0.0,0,0,1,,0.92,2026-03-14T10:17:21.092244,neutral,0.79,2026-03-14T10:17:20.025107,0.8404921844633279,2026-03-14T10:17:20.987000,88,,,
participant_09,2,day,Town10HD_Opt,2026-03-14 10:17:22.245962,76.64915466308594,28.575401306152344,0.00180137634743,2.576,-0.865,0.179,0.0,0,0,1,,0.926,2026-03-14T10:17:22.245962,neutral,0.819,2026-03-14T10:17:22.245962,0.7463053838878698,2026-03-14T10:17:23.103000,88,,,
participant_09,2,day,Town10HD_Opt,2026-03-14 10:17:23.212946,77.2257308959961,28.57701110839844,0.0018736267229542,3.917,-1.191,0.164,0.0,0,0,1,,0.938,2026-03-14T10:17:23.212946,neutral,0.819,2026-03-14T10:17:22.245962,0.7565871490853887,2026-03-14T10:17:24.047000,85,,,
participant_09,2,day,Town10HD_Opt,2026-03-14 10:17:24.066294,78.01646423339844,28.57267570495605,0.0018862533615902,4.981,-1.455,0.162,0.0,0,0,1,,0.941,2026-03-14T10:17:24.066294,neutral,0.819,2026-03-14T10:17:22.245962,0.7776182437355561,2026-03-14T10:17:24.047000,88,,,
participant_09,2,day,Town10HD_Opt,2026-03-14 10:17:25.255036,79.15553283691406,28.566749572753903,0.0019551848527044,4.012,-0.195,0.0,0.0,0,0,1,,0.833,2026-03-14T10:17:25.255036,neutral,0.766,2026-03-14T10:17:25.255036,0.6599135818535156,2026-03-14T10:17:25.982000,88,,,
participant_09,2,day,Town10HD_Opt,2026-03-14 10:17:26.172023,79.79943084716797,28.56438446044922,0.0019493865547701,3.171,-0.195,0.0,0.0,0,0,1,,0.88,2026-03-14T10:17:26.172023,neutral,0.766,2026-03-14T10:17:25.255036,0.7299052600961802,2026-03-14T10:17:25.982000,88,,,
participant_09,2,day,Town10HD_Opt,2026-03-14 10:17:27.024812,80.15574645996094,28.56282424926757,0.002067832974717,0.0,-0.23,0.0,0.049,0,0,1,,0.89,2026-03-14T10:17:27.024812,neutral,0.766,2026-03-14T10:17:25.255036,0.628559137382825,2026-03-14T10:17:27.106000,84,,,
participant_09,2,day,Town10HD_Opt,2026-03-14 10:17:28.217088,80.15599060058594,28.562822341918945,0.0019216918153688,0.003,-0.23,0.0,0.0,0,0,1,,0.897,2026-03-14T10:17:28.217088,neutral,0.65,2026-03-14T10:17:28.217088,0.6493526681200289,2026-03-14T10:17:28.998000,85,,,
participant_09,2,day,Town10HD_Opt,2026-03-14 10:17:29.017714,80.15631866455078,28.56282424926757,0.001919021597132,0.001,-0.23,0.0,0.0,0,0,1,,0.91,2026-03-14T10:17:29.017714,neutral,0.65,2026-03-14T10:17:28.217088,0.6771775695677398,2026-03-14T10:17:28.998000,83,,,
participant_09,2,day,Town10HD_Opt,2026-03-14 10:17:30.109604,80.15642547607422,28.56282424926757,0.0019191360333934,0.001,-0.23,0.0,0.0,0,0,1,,0.928,2026-03-14T10:17:30.109604,neutral,0.65,2026-03-14T10:17:28.217088,0.6264245683322651,2026-03-14T10:17:29.987000,82,,,
participant_09,2,day,Town10HD_Opt,2026-03-14 10:17:31.148485,80.15644073486328,28.56282424926757,0.0019188689766451,0.006,-0.23,0.0,0.0,0,0,1,,0.93,2026-03-14T10:17:31.148485,neutral,0.871,2026-03-14T10:17:31.148485,0.6462821622250238,2026-03-14T10:17:32.012000,84,,,
participant_09,2,day,Town10HD_Opt,2026-03-14 10:17:31.996777,80.1563949584961,28.56282424926757,0.0019187163561582,0.006,-0.233,0.0,0.0,0,0,1,,0.915,2026-03-14T10:17:31.996777,neutral,0.871,2026-03-14T10:17:31.148485,0.6846979401405048,2026-03-14T10:17:32.012000,80,,,
participant_09,2,day,Town10HD_Opt,2026-03-14 10:17:33.129805,80.15652465820312,28.56282424926757,0.001918678288348,0.006,-0.233,0.0,0.0,0,0,1,,0.919,2026-03-14T10:17:33.129805,neutral,0.871,2026-03-14T10:17:31.148485,0.6118863893736581,2026-03-14T10:17:33.092000,81,,,
participant_09,2,day,Town10HD_Opt,2026-03-14 10:17:34.016663,80.1554946899414,28.562753677368164,0.0019161986419931,0.238,11.113,0.718,0.0,0,0,1,,0.959,2026-03-14T10:17:34.016663,neutral,0.571,2026-03-14T10:17:34.016663,0.6602227185026637,2026-03-14T10:17:34.037000,81,,,
participant_09,2,day,Town10HD_Opt,2026-03-14 10:17:35.114285,81.906982421875,28.72414970397949,0.0014438247308135,17.687,1.981,1.0,0.0,0,0,1,,0.962,2026-03-14T10:17:35.114285,neutral,0.571,2026-03-14T10:17:34.016663,0.5878521824210856,2026-03-14T10:17:36.016000,81,,,
participant_09,2,day,Town10HD_Opt,2026-03-14 10:17:36.050371,86.04549407958984,28.851919174194336,0.0015247344272211,32.305,-10.643,1.0,0.0,0,0,1,,0.921,2026-03-14T10:17:36.050371,neutral,0.505,2026-03-14T10:17:36.050371,0.674523569124845,2026-03-14T10:17:36.016000,80,,,
participant_09,2,day,Town10HD_Opt,2026-03-14 10:17:37.140466,95.2916030883789,26.26860618591309,0.0015833663055673,51.551,-9.294,0.0,0.0,0,0,1,,0.887,2026-03-14T10:17:37.140466,neutral,0.505,2026-03-14T10:17:36.050371,0.6485925393852459,2026-03-14T10:17:37.997000,81,,,
participant_09,2,day,Town10HD_Opt,2026-03-14 10:17:38.246694,103.91810607910156,18.49430084228516,0.0018512343522161,52.039,-12.309,0.0,0.212,0,0,1,,0.866,2026-03-14T10:17:38.246694,neutral,0.665,2026-03-14T10:17:38.246694,0.6404120109035721,2026-03-14T10:17:39.031000,81,,,
participant_09,2,day,Town10HD_Opt,2026-03-14 10:17:39.033730,106.68901824951172,10.419910430908203,0.0018075561383739,50.758,-6.078,0.955,0.0,0,0,1,,0.859,2026-03-14T10:17:39.033730,neutral,0.665,2026-03-14T10:17:38.246694,0.6476623377763423,2026-03-14T10:17:39.031000,83,,,
participant_09,2,day,Town10HD_Opt,2026-03-14 10:17:40.136960,106.97592163085938,-1.3870443105697632,0.0018584060017019,52.347,0.19,0.0,0.251,0,0,1,,0.901,2026-03-14T10:17:40.136960,neutral,0.665,2026-03-14T10:17:38.246694,0.6870698108121012,2026-03-14T10:17:41.012000,81,,,
participant_09,2,day,Town10HD_Opt,2026-03-14 10:17:41.187217,107.1502914428711,-12.35884952545166,0.0022818373981863,41.541,-0.237,0.242,0.0,0,0,1,,0.88,2026-03-14T10:17:41.187217,neutral,0.559,2026-03-14T10:17:41.187217,0.6037513160127815,2026-03-14T10:17:42.002000,82,,,
participant_09,2,day,Town10HD_Opt,2026-03-14 10:17:42.259111,107.1754379272461,-21.63471221923828,0.0020290755201131,39.716,-1.793,0.53,0.0,0,0,1,,0.937,2026-03-14T10:17:42.259111,neutral,0.559,2026-03-14T10:17:41.187217,0.5481498675865325,2026-03-14T10:17:42.991000,79,,,errors=Solid line crossing
participant_09,2,day,Town10HD_Opt,2026-03-14 10:17:43.065290,106.69802856445312,-28.7224235534668,0.0019811247475445,41.697,-4.247,0.526,0.0,0,0,1,,0.936,2026-03-14T10:17:43.065290,neutral,0.559,2026-03-14T10:17:41.187217,0.608775864767273,2026-03-14T10:17:42.991000,82,,,
participant_09,2,day,Town10HD_Opt,2026-03-14 10:17:44.111087,104.4120101928711,-38.42793273925781,0.0019756315741688,44.282,-4.362,0.585,0.0,0,0,1,,0.951,2026-03-14T10:17:44.111087,neutral,0.603,2026-03-14T10:17:44.111087,0.5816976853304187,2026-03-14T10:17:44.072000,85,,,
participant_09,2,day,Town10HD_Opt,2026-03-14 10:17:45.150816,99.73304748535156,-48.12921142578125,0.0019230269826948,48.473,-5.075,0.581,0.0,0,0,1,,0.946,2026-03-14T10:17:45.150816,neutral,0.603,2026-03-14T10:17:44.111087,0.5721099936902901,2026-03-14T10:17:46.008000,82,,,
participant_09,2,day,Town10HD_Opt,2026-03-14 10:17:46.259577,92.30636596679688,-56.73206329345703,0.0020725249778479,48.347,-5.408,0.459,0.0,0,0,1,,0.921,2026-03-14T10:17:46.259577,happy,0.794,2026-03-14T10:17:46.259577,0.5759468753519906,2026-03-14T10:17:46.997000,85,,,
participant_09,2,day,Town10HD_Opt,2026-03-14 10:17:47.114242,85.43235778808594,-61.50498962402344,0.0020814132876694,47.265,-5.411,0.453,0.0,0,0,1,,0.963,2026-03-14T10:17:47.114242,happy,0.794,2026-03-14T10:17:46.259577,0.4959851994740608,2026-03-14T10:17:46.997000,83,,,
participant_09,2,day,Town10HD_Opt,2026-03-14 10:17:48.034441,77.87471771240234,-64.6449203491211,0.0020789336413145,46.315,-5.411,0.452,0.0,0,0,1,,0.969,2026-03-14T10:17:48.034441,happy,0.794,2026-03-14T10:17:46.259577,0.5264506902816641,2026-03-14T10:17:48.121000,85,,,
participant_09,2,day,Town10HD_Opt,2026-03-14 10:17:49.161964,67.3493881225586,-66.35285186767578,0.0020655822008848,45.328,-0.865,0.451,0.0,0,0,1,,0.84,2026-03-14T10:17:49.161964,happy,0.615,2026-03-14T10:17:49.161964,0.5158498143545114,2026-03-14T10:17:49.024000,89,,,
participant_09,2,day,Town10HD_Opt,2026-03-14 10:17:50.016620,59.47041320800781,-66.7975845336914,0.0020585632883012,44.825,-0.153,0.452,0.0,0,0,1,,0.921,2026-03-14T10:17:50.016620,happy,0.615,2026-03-14T10:17:49.161964,0.667144532205951,2026-03-14T10:17:50.102000,88,,,
participant_09,2,day,Town10HD_Opt,2026-03-14 10:17:51.157264,49.0843391418457,-67.23725891113281,0.0020555877126753,44.238,-0.564,0.452,0.0,0,0,1,,0.897,2026-03-14T10:17:51.157264,happy,0.615,2026-03-14T10:17:49.161964,0.6653997903764918,2026-03-14T10:17:51.992000,88,,,
participant_09,2,day,Town10HD_Opt,2026-03-14 10:17:52.034468,41.36914443969727,-67.38018035888672,0.0020537567324936,43.906,-0.322,0.452,0.0,0,0,1,,0.914,2026-03-14T10:17:52.034468,neutral,0.55,2026-03-14T10:17:52.034468,0.6837774630064469,2026-03-14T10:17:51.992000,89,,,
participant_09,2,day,Town10HD_Opt,2026-03-14 10:17:53.247796,31.16823387145996,-67.40945434570312,0.0020514677744358,43.501,-0.176,0.452,0.0,0,0,1,,0.926,2026-03-14T10:17:53.247796,neutral,0.55,2026-03-14T10:17:52.034468,0.67220554244244,2026-03-14T10:17:54.061000,85,,,
participant_09,2,day,Town10HD_Opt,2026-03-14 10:17:54.108222,23.68022918701172,-67.37532043457031,0.0022293853107839,39.67,-0.012,0.0,0.0,0,0,1,,0.923,2026-03-14T10:17:54.108222,happy,0.669,2026-03-14T10:17:54.108222,0.6096333852642992,2026-03-14T10:17:55.008000,86,,,
participant_09,2,day,Town10HD_Opt,2026-03-14 10:17:55.195242,15.72129249572754,-67.35131072998047,0.0023064422421157,28.194,0.425,0.0,0.0,0,0,1,,0.867,2026-03-14T10:17:55.195242,happy,0.669,2026-03-14T10:17:54.108222,0.5829562809790052,2026-03-14T10:17:55.998000,84,,,
participant_09,2,day,Town10HD_Opt,2026-03-14 10:17:56.032165,11.289505004882812,-67.3908462524414,0.0022040556650608,22.682,0.489,0.222,0.0,0,0,1,,0.854,2026-03-14T10:17:56.032165,happy,0.669,2026-03-14T10:17:54.108222,0.6317051188255864,2026-03-14T10:17:55.998000,84,,,
participant_09,2,day,Town10HD_Opt,2026-03-14 10:17:57.153799,6.375626564025879,-67.48737335205078,0.0021228790283203,19.319,0.146,0.203,0.0,0,0,1,,0.859,2026-03-14T10:17:57.153799,happy,0.535,2026-03-14T10:17:57.153799,0.7341073913038558,2026-03-14T10:17:58.022000,79,,,
participant_09,2,day,Town10HD_Opt,2026-03-14 10:17:57.995310,3.14309310913086,-67.5644760131836,0.0020263672340661,18.064,0.233,0.203,0.0,0,0,1,,0.917,2026-03-14T10:17:57.995310,happy,0.535,2026-03-14T10:17:57.153799,0.6713894764050771,2026-03-14T10:17:58.022000,82,,,
participant_09,2,day,Town10HD_Opt,2026-03-14 10:17:59.125528,-0.9791035056114196,-67.67784881591797,0.001941947848536,17.11,-0.092,0.203,0.0,0,0,1,,0.952,2026-03-14T10:17:59.125528,happy,0.535,2026-03-14T10:17:57.153799,0.6716713627541108,2026-03-14T10:18:00.003000,83,,,
participant_09,2,day,Town10HD_Opt,2026-03-14 10:18:00.255692,-4.866761684417725,-67.7762451171875,0.0019396209390833,16.169,-0.148,0.203,0.0,0,0,1,,0.915,2026-03-14T10:18:00.255692,neutral,0.842,2026-03-14T10:18:00.255692,0.6704080481083923,2026-03-14T10:18:00.992000,82,,,
participant_09,2,day,Town10HD_Opt,2026-03-14 10:18:01.089070,-7.658061981201172,-67.83940887451172,0.001935577369295,15.675,-0.141,0.203,0.0,0,0,1,,0.886,2026-03-14T10:18:01.089070,neutral,0.842,2026-03-14T10:18:00.255692,0.6675338524245127,2026-03-14T10:18:00.992000,83,,,
participant_09,2,day,Town10HD_Opt,2026-03-14 10:18:02.238175,-11.25303077697754,-67.91205596923828,0.0019313811790198,15.113,-0.141,0.202,0.0,0,0,1,,0.831,2026-03-14T10:18:02.238175,neutral,0.842,2026-03-14T10:18:00.255692,0.6508009648029318,2026-03-14T10:18:03.107000,79,,,
participant_09,2,day,Town10HD_Opt,2026-03-14 10:18:03.148668,-13.874832153320312,-67.95889282226562,0.0019287872128188,14.817,-0.141,0.202,0.0,0,0,1,,0.861,2026-03-14T10:18:03.148668,neutral,0.567,2026-03-14T10:18:03.148668,0.6289901886191469,2026-03-14T10:18:04.052000,80,,,
participant_09,2,day,Town10HD_Opt,2026-03-14 10:18:04.171470,-17.231494903564453,-68.01115417480469,0.0020006941631436,12.894,-0.141,0.0,0.0,0,0,1,,0.911,2026-03-14T10:18:04.171470,neutral,0.567,2026-03-14T10:18:03.148668,0.6864618264746702,2026-03-14T10:18:04.998000,82,,,
participant_09,2,day,Town10HD_Opt,2026-03-14 10:18:05.221023,-19.801040649414062,-68.04524230957031,0.0020056152716279,9.071,-0.141,0.0,0.0,0,0,1,,0.84,2026-03-14T10:18:05.221023,neutral,0.876,2026-03-14T10:18:05.221023,0.5821005852589939,2026-03-14T10:18:05.988000,80,,,
participant_09,2,day,Town10HD_Opt,2026-03-14 10:18:06.034350,-21.17055892944336,-68.06121826171875,0.002032051095739,5.747,-0.139,0.0,0.197,0,0,1,,0.888,2026-03-14T10:18:06.034350,neutral,0.876,2026-03-14T10:18:05.221023,0.6269391333923461,2026-03-14T10:18:05.988000,81,,,
participant_09,2,day,Town10HD_Opt,2026-03-14 10:18:07.133058,-21.454553604125977,-68.06478118896484,0.0019338607089594,0.217,-0.139,0.0,0.0,0,0,1,,0.951,2026-03-14T10:18:07.133058,neutral,0.876,2026-03-14T10:18:05.221023,0.5765869044505364,2026-03-14T10:18:08.013000,78,,,
participant_09,2,day,Town10HD_Opt,2026-03-14 10:18:08.215509,-21.49733161926269,-68.06526184082031,0.0019205092685297,0.152,-0.139,0.0,0.0,0,0,1,,0.832,2026-03-14T10:18:08.215509,neutral,0.751,2026-03-14T10:18:08.215509,0.5393529591615206,2026-03-14T10:18:09.002000,74,,,
participant_09,2,day,Town10HD_Opt,2026-03-14 10:18:09.048024,-21.52086639404297,-68.06562042236328,0.0019200133392587,0.119,-0.134,0.0,0.0,0,0,1,,0.845,2026-03-14T10:18:09.048024,neutral,0.751,2026-03-14T10:18:08.215509,0.5610402511191503,2026-03-14T10:18:09.002000,78,,,
participant_09,2,day,Town10HD_Opt,2026-03-14 10:18:10.232332,-21.543981552124023,-68.06578826904297,0.001919784466736,0.085,-0.134,0.0,0.0,0,0,1,,0.864,2026-03-14T10:18:10.232332,happy,0.627,2026-03-14T10:18:10.232332,0.5382014319313967,2026-03-14T10:18:11.072000,77,,,
participant_09,2,day,Town10HD_Opt,2026-03-14 10:18:11.045875,-21.556697845458984,-68.06578826904297,0.0019196319626644,0.066,-0.134,0.0,0.0,0,0,1,,0.908,2026-03-14T10:18:11.045875,happy,0.627,2026-03-14T10:18:10.232332,0.5257941980507563,2026-03-14T10:18:11.072000,77,,,
participant_09,2,day,Town10HD_Opt,2026-03-14 10:18:12.153335,-21.56918716430664,-68.06578826904297,0.0019194793421775,0.009,-0.134,0.017,0.0,0,0,1,,0.933,2026-03-14T10:18:12.153335,happy,0.627,2026-03-14T10:18:10.232332,0.5869989812700158,2026-03-14T10:18:13.007000,79,,,
participant_09,2,day,Town10HD_Opt,2026-03-14 10:18:13.040943,-22.10626602172852,-68.07099151611328,0.0014618682907894,10.708,-0.134,1.0,0.0,0,0,1,,0.906,2026-03-14T10:18:13.040943,neutral,0.747,2026-03-14T10:18:13.040943,0.6321692315805681,2026-03-14T10:18:13.007000,78,,,
participant_09,2,day,Town10HD_Opt,2026-03-14 10:18:14.130723,-26.727706909179688,-68.10950469970703,0.001537513686344,30.714,-0.134,1.0,0.0,0,0,1,,0.903,2026-03-14T10:18:14.130723,neutral,0.747,2026-03-14T10:18:13.040943,0.5348116682325492,2026-03-14T10:18:14.008000,80,,,
participant_09,2,day,Town10HD_Opt,2026-03-14 10:18:15.198396,-36.08663558959961,-68.14696502685547,0.0017321014311164,46.653,-0.134,0.0,0.0,0,0,1,,0.876,2026-03-14T10:18:15.198396,neutral,0.504,2026-03-14T10:18:15.198396,0.5483373218463791,2026-03-14T10:18:16.022000,77,,,
participant_09,2,day,Town10HD_Opt,2026-03-14 10:18:16.254083,-45.67043685913086,-68.11797332763672,0.0028542326763272,34.139,-0.291,0.0,0.0,0,0,1,,0.908,2026-03-14T10:18:16.254083,neutral,0.504,2026-03-14T10:18:15.198396,0.5547383353241083,2026-03-14T10:18:17.013000,79,,,
participant_09,2,day,Town10HD_Opt,2026-03-14 10:18:17.074579,-50.9959716796875,-68.04595184326172,0.002222633222118,25.421,-0.235,0.0,0.086,0,0,1,,0.909,2026-03-14T10:18:17.074579,neutral,0.504,2026-03-14T10:18:15.198396,0.5749113699935735,2026-03-14T10:18:17.013000,81,,,
participant_09,2,day,Town10HD_Opt,2026-03-14 10:18:18.155016,-56.006595611572266,-67.9534912109375,0.0020264815539121,16.099,-0.167,0.0,0.265,0,0,1,,0.942,2026-03-14T10:18:18.155016,neutral,0.806,2026-03-14T10:18:18.155016,0.5705419138578043,2026-03-14T10:18:18.993000,79,,,
participant_09,2,day,Town10HD_Opt,2026-03-14 10:18:19.196398,-59.021244049072266,-67.88705444335938,0.0020838165655732,9.223,-0.167,0.0,0.31,0,0,1,,0.894,2026-03-14T10:18:19.196398,neutral,0.806,2026-03-14T10:18:18.155016,0.5787579965922189,2026-03-14T10:18:20.028000,78,,,
participant_09,2,day,Town10HD_Opt,2026-03-14 10:18:20.206506,-60.21653366088867,-67.85845184326172,0.001920623704791,3.995,-0.075,1.0,0.0,0,0,1,,0.919,2026-03-14T10:18:20.206506,neutral,0.549,2026-03-14T10:18:20.206506,0.504267893595007,2026-03-14T10:18:21.017000,78,,,
participant_09,2,day,Town10HD_Opt,2026-03-14 10:18:21.252854,-63.4230842590332,-67.81158447265625,0.0017057036748155,24.556,0.689,1.0,0.0,0,0,1,,0.91,2026-03-14T10:18:21.252854,neutral,0.549,2026-03-14T10:18:20.206506,0.4814151023413481,2026-03-14T10:18:22.007000,79,,,
participant_09,2,day,Town10HD_Opt,2026-03-14 10:18:22.009145,-68.89777374267578,-67.8031005859375,0.0015295027988031,40.511,-0.24,0.861,0.0,0,0,1,,0.892,2026-03-14T10:18:22.009145,neutral,0.549,2026-03-14T10:18:20.206506,0.5096698179279472,2026-03-14T10:18:22.007000,76,,,
participant_09,2,day,Town10HD_Opt,2026-03-14 10:18:23.133064,-79.67353820800781,-67.2693862915039,0.0017801666399464,51.521,-9.138,0.0,0.175,0,0,1,,0.913,2026-03-14T10:18:23.133064,neutral,0.628,2026-03-14T10:18:23.133064,0.5129868013184921,2026-03-14T10:18:24.033000,73,,,
participant_09,2,day,Town10HD_Opt,2026-03-14 10:18:24.191527,-89.82466888427734,-62.42768859863281,0.0020885085687041,47.991,-14.278,0.323,0.0,0,0,1,,0.954,2026-03-14T10:18:24.191527,neutral,0.628,2026-03-14T10:18:23.133064,0.5206832806553934,2026-03-14T10:18:25.023000,75,,,errors=Solid line crossing
participant_09,2,day,Town10HD_Opt,2026-03-14 10:18:25.052787,-94.17925262451172,-55.7358283996582,0.0021744917612522,43.788,-1.535,0.362,0.0,0,0,1,,0.846,2026-03-14T10:18:25.052787,neutral,0.628,2026-03-14T10:18:23.133064,0.496019152995101,2026-03-14T10:18:25.023000,76,,,
participant_09,2,day,Town10HD_Opt,2026-03-14 10:18:26.133771,-98.9609375,-47.151702880859375,0.0021226501557976,40.619,8.203,0.376,0.0,0,0,1,,0.921,2026-03-14T10:18:26.133771,neutral,0.491,2026-03-14T10:18:26.133771,0.5343935576369184,2026-03-14T10:18:27.003000,76,,,
participant_09,2,day,Town10HD_Opt,2026-03-14 10:18:27.212928,-105.77586364746094,-41.00408172607422,0.0021051024086773,38.195,-2.12,0.336,0.0,0,0,1,,0.888,2026-03-14T10:18:27.212928,neutral,0.491,2026-03-14T10:18:26.133771,0.5480279815651056,2026-03-14T10:18:27.993000,78,Solid line crossing,Solid line crossing,
participant_09,2,day,Town10HD_Opt,2026-03-14 10:18:28.008741,-110.687255859375,-36.78620529174805,0.0021740340162068,34.81,-7.758,0.0,0.0,0,0,1,,0.936,2026-03-14T10:18:28.008741,neutral,0.491,2026-03-14T10:18:26.133771,0.5673771812464125,2026-03-14T10:18:27.993000,76,,,errors=Solid line crossing
participant_09,2,day,Town10HD_Opt,2026-03-14 10:18:29.101624,-114.75983428955078,-31.157506942749023,0.0023770141415297,23.304,-8.134,0.0,0.0,0,0,1,,0.959,2026-03-14T10:18:29.101624,neutral,0.322,2026-03-14T10:18:29.101624,0.4997917879770041,2026-03-14T10:18:29.118000,76,,,
participant_09,2,day,Town10HD_Opt,2026-03-14 10:18:30.192071,-41.66891098022461,89.74463653564453,-0.0667848587036132,0.943,-9.081,0.0,0.0,0,0,0,,0.857,2026-03-14T10:18:30.192071,neutral,0.322,2026-03-14T10:18:29.101624,0.5373438614335271,2026-03-14T10:18:31.008000,78,,,
participant_09,2,day,Town10HD_Opt,2026-03-14 10:18:31.014885,-41.669036865234375,89.74549865722656,0.0009953307453542,0.02,-7.998,0.542,0.0,0,0,0,,0.951,2026-03-14T10:18:31.014885,neutral,0.322,2026-03-14T10:18:29.101624,0.5737871031186987,2026-03-14T10:18:31.008000,80,,,
participant_09,2,day,Town10HD_Opt,2026-03-14 10:18:32.109522,-41.68479537963867,88.49150848388672,0.001382827758789,16.544,-0.78,0.938,0.0,0,0,1,,0.81,2026-03-14T10:18:32.109522,sad,0.403,2026-03-14T10:18:32.109522,0.4690487691163959,2026-03-14T10:18:31.997000,78,,,
participant_09,2,day,Town10HD_Opt,2026-03-14 10:18:33.223000,-41.75429153442383,83.73399353027344,0.0021390533074736,17.938,2.69,0.0,0.0,0,0,1,,0.898,2026-03-14T10:18:33.223000,sad,0.403,2026-03-14T10:18:32.109522,0.5128906260292763,2026-03-14T10:18:33.034000,79,,,
participant_09,2,day,Town10HD_Opt,2026-03-14 10:18:34.041559,-41.67531204223633,81.0240249633789,0.0020444488618522,13.368,2.883,0.0,0.0,0,0,1,,0.912,2026-03-14T10:18:34.041559,sad,0.403,2026-03-14T10:18:32.109522,0.4852799755706947,2026-03-14T10:18:34.161000,79,,,
participant_09,2,day,Town10HD_Opt,2026-03-14 10:18:35.159394,-41.234954833984375,78.32180786132812,0.0018331527244299,13.155,16.396,0.708,0.0,0,0,1,,0.933,2026-03-14T10:18:35.159394,neutral,0.363,2026-03-14T10:18:35.159394,0.5499862774411756,2026-03-14T10:18:35.058000,81,,,
participant_09,2,day,Town10HD_Opt,2026-03-14 10:18:36.028881,-40.0277214050293,75.5976333618164,0.0019065093947574,21.439,16.555,0.785,0.0,0,0,1,,1.0,2026-03-14T10:18:36.028881,neutral,0.363,2026-03-14T10:18:35.159394,0.6111374443282198,2026-03-14T10:18:36.095000,77,,,
participant_09,2,day,Town10HD_Opt,2026-03-14 10:18:37.207517,-35.99048614501953,71.25700378417969,0.0021292113233357,26.128,22.946,0.0,0.0,0,0,1,,0.818,2026-03-14T10:18:37.207517,neutral,0.364,2026-03-14T10:18:37.207517,0.5112180902057187,2026-03-14T10:18:37.085000,79,,,
participant_09,2,day,Town10HD_Opt,2026-03-14 10:18:38.123548,-32.27998352050781,70.00838470458984,0.0022810362279415,19.055,12.864,0.0,0.0,0,0,1,,0.844,2026-03-14T10:18:38.123548,neutral,0.364,2026-03-14T10:18:37.207517,0.5911500275335572,2026-03-14T10:18:39.017000,84,,,
participant_09,2,day,Town10HD_Opt,2026-03-14 10:18:39.257283,-27.90357780456543,69.49747467041016,0.001851386972703,23.015,7.335,0.737,0.0,0,0,1,,0.832,2026-03-14T10:18:39.257283,sad,0.359,2026-03-14T10:18:39.257283,0.578601053310098,2026-03-14T10:18:40.052000,82,,,
participant_09,2,day,Town10HD_Opt,2026-03-14 10:18:40.126940,-23.346418380737305,69.48833465576172,0.0019328689668327,27.982,2.817,0.404,0.0,0,0,1,,1.0,2026-03-14T10:18:40.126940,sad,0.359,2026-03-14T10:18:39.257283,0.541083086733663,2026-03-14T10:18:40.052000,83,,,
participant_09,2,day,Town10HD_Opt,2026-03-14 10:18:41.196410,-16.72051239013672,69.8372802734375,0.0020487594883888,28.432,-1.26,0.277,0.0,0,0,1,,0.808,2026-03-14T10:18:41.196410,sad,0.359,2026-03-14T10:18:39.257283,0.5224549268982714,2026-03-14T10:18:42.034000,81,,,
participant_09,2,day,Town10HD_Opt,2026-03-14 10:18:42.038017,-11.903238296508787,69.99247741699219,0.0021087264176458,26.336,-0.298,0.273,0.0,0,0,1,,0.882,2026-03-14T10:18:42.038017,sad,0.426,2026-03-14T10:18:42.038017,0.5175260080106124,2026-03-14T10:18:42.034000,83,,,
participant_09,2,day,Town10HD_Opt,2026-03-14 10:18:43.192532,-5.99774694442749,70.10596466064453,0.0020953367929905,24.176,-0.858,0.277,0.0,0,0,1,,0.841,2026-03-14T10:18:43.192532,sad,0.426,2026-03-14T10:18:42.038017,0.6062583918562885,2026-03-14T10:18:44.013000,82,,,
participant_09,2,day,Town10HD_Opt,2026-03-14 10:18:44.039696,-1.8869503736495967,70.11502075195312,0.0020918273366987,22.7,-0.562,0.259,0.0,0,0,1,,0.861,2026-03-14T10:18:44.039696,neutral,0.323,2026-03-14T10:18:44.039696,0.5087805078850068,2026-03-14T10:18:44.013000,81,,,
participant_09,2,day,Town10HD_Opt,2026-03-14 10:18:45.193588,3.23567008972168,70.09048461914062,0.0020509338937699,21.683,0.047,0.333,0.0,0,0,1,,1.0,2026-03-14T10:18:45.193588,neutral,0.323,2026-03-14T10:18:44.039696,0.5561210774602552,2026-03-14T10:18:45.995000,80,,,
participant_09,2,day,Town10HD_Opt,2026-03-14 10:18:46.078328,7.025050640106201,70.08206939697266,0.0020434951875358,21.679,0.155,0.332,0.0,0,0,1,,0.808,2026-03-14T10:18:46.078328,sad,0.438,2026-03-14T10:18:46.078328,0.506912257111787,2026-03-14T10:18:45.995000,80,,,
participant_09,2,day,Town10HD_Opt,2026-03-14 10:18:47.269345,12.072315216064451,70.08930206298828,0.0020510863978415,21.426,-0.223,0.072,0.0,0,0,1,,0.816,2026-03-14T10:18:47.269345,sad,0.438,2026-03-14T10:18:46.078328,0.4740617970014722,2026-03-14T10:18:48.018000,82,,,
participant_09,2,day,Town10HD_Opt,2026-03-14 10:18:48.149166,15.471888542175291,70.0875244140625,0.0019374083494767,17.05,-0.021,0.0,0.0,0,0,1,,0.875,2026-03-14T10:18:48.149166,sad,0.331,2026-03-14T10:18:48.149166,0.5110336431014725,2026-03-14T10:18:49.008000,81,,,
participant_09,2,day,Town10HD_Opt,2026-03-14 10:18:49.240561,18.87461471557617,70.08182525634766,0.0020334625151008,12.01,-0.08,0.0,0.0,0,0,1,,0.861,2026-03-14T10:18:49.240561,sad,0.331,2026-03-14T10:18:48.149166,0.608475070030542,2026-03-14T10:18:49.998000,79,,,
participant_09,2,day,Town10HD_Opt,2026-03-14 10:18:50.151514,20.746076583862305,70.07647705078125,0.0020074462518095,9.091,-0.08,0.0,0.0,0,0,1,,0.883,2026-03-14T10:18:50.151514,neutral,0.421,2026-03-14T10:18:50.151514,0.5990276326860073,2026-03-14T10:18:51.033000,82,,,
participant_09,2,day,Town10HD_Opt,2026-03-14 10:18:51.238427,22.65342140197754,70.0692138671875,0.0019344328902661,7.609,-0.08,0.0,0.0,0,0,1,,0.833,2026-03-14T10:18:51.238427,neutral,0.421,2026-03-14T10:18:50.151514,0.5308095179315379,2026-03-14T10:18:52.022000,84,,,
participant_09,2,day,Town10HD_Opt,2026-03-14 10:18:52.172258,23.84090614318848,70.06387329101562,0.0019896698649972,5.631,-0.08,0.041,0.0,0,0,1,,0.912,2026-03-14T10:18:52.172258,neutral,0.581,2026-03-14T10:18:52.172258,0.6635255110157815,2026-03-14T10:18:53.013000,85,,,
participant_09,2,day,Town10HD_Opt,2026-03-14 10:18:53.020157,24.708480834960938,70.05950927734375,0.0019654082134366,4.197,-0.08,0.033,0.0,0,0,1,,0.919,2026-03-14T10:18:53.020157,neutral,0.581,2026-03-14T10:18:52.172258,0.6111502509820019,2026-03-14T10:18:53.013000,83,,,
participant_09,2,day,Town10HD_Opt,2026-03-14 10:18:54.178330,25.53315544128418,70.05504608154297,0.0019506835378706,2.839,-0.08,0.0,0.0,0,0,1,,0.892,2026-03-14T10:18:54.178330,neutral,0.753,2026-03-14T10:18:54.178330,0.5276496168662446,2026-03-14T10:18:54.993000,81,,,
participant_09,2,day,Town10HD_Opt,2026-03-14 10:18:55.012496,26.03948402404785,70.0521469116211,0.0019394683185964,2.572,-0.08,0.0,0.0,0,0,1,,0.913,2026-03-14T10:18:55.012496,neutral,0.753,2026-03-14T10:18:54.178330,0.5448717571090022,2026-03-14T10:18:54.993000,82,,,
participant_09,2,day,Town10HD_Opt,2026-03-14 10:18:56.148545,26.26230812072754,70.05075073242188,0.0019446181831881,0.0,-0.082,0.0,0.063,0,0,1,,0.944,2026-03-14T10:18:56.148545,neutral,0.753,2026-03-14T10:18:54.178330,0.5439237921754553,2026-03-14T10:18:57.018000,82,,,
participant_09,2,day,Town10HD_Opt,2026-03-14 10:18:57.007523,26.334379196166992,70.05040740966797,0.0017467498546466,4.302,-0.305,0.951,0.0,0,0,1,,0.935,2026-03-14T10:18:57.007523,sad,0.417,2026-03-14T10:18:57.007523,0.5274960767847318,2026-03-14T10:18:57.018000,81,,,errors=Stop sign violation
participant_09,2,day,Town10HD_Opt,2026-03-14 10:18:58.152562,29.34881591796875,69.96923828125,0.0017635726835578,21.904,-6.236,0.807,0.0,0,0,1,,0.879,2026-03-14T10:18:58.152562,sad,0.417,2026-03-14T10:18:57.007523,0.5761526020991673,2026-03-14T10:18:58.998000,79,,,
participant_09,2,day,Town10HD_Opt,2026-03-14 10:18:59.066003,33.68601989746094,69.1690444946289,0.001865844707936,28.45,-12.1,0.574,0.0,0,0,1,,1.0,2026-03-14T10:18:59.066003,neutral,0.514,2026-03-14T10:18:59.066003,0.5661969170937997,2026-03-14T10:18:58.998000,82,,,
participant_09,2,day,Town10HD_Opt,2026-03-14 10:19:00.194587,39.95670700073242,65.64527130126953,0.0019701765850186,33.316,-12.621,0.476,0.0,0,0,1,,0.91,2026-03-14T10:19:00.194587,neutral,0.514,2026-03-14T10:18:59.066003,0.5695717527836532,2026-03-14T10:19:01.025000,79,,,
participant_09,2,day,Town10HD_Opt,2026-03-14 10:19:01.048636,43.47140502929688,61.11943054199219,0.0022247694432735,30.448,-14.727,0.0,0.0,0,0,1,,1.0,2026-03-14T10:19:01.048636,neutral,0.514,2026-03-14T10:18:59.066003,0.5705893067789684,2026-03-14T10:19:01.025000,74,,,
participant_09,2,day,Town10HD_Opt,2026-03-14 10:19:02.180420,44.86357498168945,55.31790542602539,0.0022750853095203,20.313,-10.156,0.0,0.0,0,0,1,,0.81,2026-03-14T10:19:02.180420,sad,0.285,2026-03-14T10:19:02.180420,0.5565258525206482,2026-03-14T10:19:03.003000,78,,,
participant_09,2,day,Town10HD_Opt,2026-03-14 10:19:03.094937,44.70899200439453,52.057655334472656,0.0019261168781667,17.534,-8.51,0.402,0.0,0,0,1,,0.87,2026-03-14T10:19:03.094937,sad,0.285,2026-03-14T10:19:02.180420,0.5073512399520053,2026-03-14T10:19:03.003000,75,,,
participant_09,2,day,Town10HD_Opt,2026-03-14 10:19:04.253222,44.191253662109375,47.86604309082031,0.0020302962511777,18.898,2.092,0.524,0.0,0,0,1,,0.964,2026-03-14T10:19:04.253222,neutral,0.798,2026-03-14T10:19:04.253222,0.5350675450463885,2026-03-14T10:19:04.173000,79,,,
participant_09,2,day,Town10HD_Opt,2026-03-14 10:19:05.100310,43.90956115722656,44.28910446166992,0.0019321059808135,22.321,2.259,0.355,0.0,0,0,1,,0.949,2026-03-14T10:19:05.100310,neutral,0.798,2026-03-14T10:19:04.253222,0.5405243130692823,2026-03-14T10:19:05.209000,80,,,
participant_09,2,day,Town10HD_Opt,2026-03-14 10:19:06.232525,43.88935470581055,39.20518112182617,0.0020841597579419,20.911,7.406,0.36,0.0,0,0,1,,0.957,2026-03-14T10:19:06.232525,neutral,0.798,2026-03-14T10:19:04.253222,0.5345573199604866,2026-03-14T10:19:07.008000,80,,,
participant_09,2,day,Town10HD_Opt,2026-03-14 10:19:07.065281,44.54862594604492,35.57023620605469,0.0020207976922392,21.808,13.904,0.504,0.0,0,0,1,,0.937,2026-03-14T10:19:07.065281,neutral,0.385,2026-03-14T10:19:07.065281,0.5708332031525394,2026-03-14T10:19:07.008000,80,,,
participant_09,2,day,Town10HD_Opt,2026-03-14 10:19:08.154405,47.34722900390625,30.729217529296875,0.0019181059906259,27.493,17.174,0.408,0.0,0,0,1,,1.0,2026-03-14T10:19:08.154405,neutral,0.385,2026-03-14T10:19:07.065281,0.5379644761414587,2026-03-14T10:19:09.036000,79,,,
participant_09,2,day,Town10HD_Opt,2026-03-14 10:19:09.041402,51.08882522583008,27.98543167114257,0.0022438429296016,23.74,15.42,0.0,0.0,0,0,1,,0.908,2026-03-14T10:19:09.041402,neutral,0.385,2026-03-14T10:19:07.065281,0.5978322451854725,2026-03-14T10:19:09.036000,81,,,
participant_09,2,day,Town10HD_Opt,2026-03-14 10:19:10.257377,56.15185546875,26.56126594543457,0.001969528151676,24.014,7.677,0.496,0.0,0,0,1,,0.902,2026-03-14T10:19:10.257377,neutral,0.532,2026-03-14T10:19:10.257377,0.5319271111586282,2026-03-14T10:19:11.013000,79,,,
participant_09,2,day,Town10HD_Opt,2026-03-14 10:19:11.094428,60.58243560791016,26.117816925048828,0.0019985961262136,25.966,-1.048,0.0,0.0,0,0,1,,0.863,2026-03-14T10:19:11.094428,neutral,0.532,2026-03-14T10:19:10.257377,0.599928178399766,2026-03-14T10:19:11.013000,77,,,
participant_09,2,day,Town10HD_Opt,2026-03-14 10:19:12.241091,65.7491226196289,25.408308029174805,0.0022367858327925,18.041,0.719,0.0,0.0,0,0,1,,1.0,2026-03-14T10:19:12.241091,neutral,0.532,2026-03-14T10:19:10.257377,0.531204658042791,2026-03-14T10:19:13.038000,80,,,
participant_09,2,day,Town10HD_Opt,2026-03-14 10:19:13.035901,68.60173797607422,25.02493667602539,0.0019987486302852,15.034,2.826,0.173,0.0,0,0,1,,0.946,2026-03-14T10:19:13.035901,neutral,0.432,2026-03-14T10:19:13.035901,0.5488327644046361,2026-03-14T10:19:13.038000,82,,,
participant_09,2,day,Town10HD_Opt,2026-03-14 10:19:14.105590,71.97647094726562,24.779903411865234,0.0019443511264398,13.962,3.61,0.171,0.0,0,0,1,,0.93,2026-03-14T10:19:14.105590,neutral,0.432,2026-03-14T10:19:13.035901,0.5501101614637158,2026-03-14T10:19:14.118000,78,Solid line crossing,Solid line crossing,
participant_09,2,day,Town10HD_Opt,2026-03-14 10:19:15.137347,75.14189147949219,24.75308990478516,0.0019387054489925,13.131,3.601,0.074,0.0,0,0,1,,0.936,2026-03-14T10:19:15.137347,fear,0.356,2026-03-14T10:19:15.137347,0.480829087109245,2026-03-14T10:19:16.009000,80,,,
participant_09,2,day,Town10HD_Opt,2026-03-14 10:19:16.192698,77.84391784667969,24.851057052612305,0.0020083617419004,9.62,-0.938,0.0,0.0,0,0,1,,0.908,2026-03-14T10:19:16.192698,fear,0.356,2026-03-14T10:19:15.137347,0.4801051727344947,2026-03-14T10:19:16.998000,80,,,
participant_09,2,day,Town10HD_Opt,2026-03-14 10:19:17.233432,79.75199890136719,24.891584396362305,0.0020079803653061,6.252,0.446,0.0,0.228,0,0,1,,0.856,2026-03-14T10:19:17.233432,sad,0.34,2026-03-14T10:19:17.233432,0.5477403330196751,2026-03-14T10:19:18.122000,81,,,
participant_09,2,day,Town10HD_Opt,2026-03-14 10:19:17.997815,80.05154418945312,24.899477005004883,0.0020004652906209,0.0,0.449,0.0,0.239,0,0,1,,0.894,2026-03-14T10:19:17.997815,sad,0.34,2026-03-14T10:19:17.233432,0.4911736736147454,2026-03-14T10:19:18.122000,80,,,
participant_09,2,day,Town10HD_Opt,2026-03-14 10:19:19.005773,80.05168914794922,24.89947891235352,0.0019203185802325,0.006,0.449,0.0,0.0,0,0,1,,0.958,2026-03-14T10:19:19.005773,sad,0.34,2026-03-14T10:19:17.233432,0.5588852431413407,2026-03-14T10:19:19.027000,82,,,
participant_09,2,day,Town10HD_Opt,2026-03-14 10:19:20.078029,80.05178833007812,24.89947891235352,0.0019193267216905,0.006,0.449,0.0,0.0,0,0,1,,0.909,2026-03-14T10:19:20.078029,neutral,0.504,2026-03-14T10:19:20.078029,0.6005853301145242,2026-03-14T10:19:20.013000,82,,,
participant_09,2,day,Town10HD_Opt,2026-03-14 10:19:21.190920,80.05189514160156,24.89947891235352,0.001919288537465,0.006,0.449,0.0,0.0,0,0,1,,0.945,2026-03-14T10:19:21.190920,neutral,0.504,2026-03-14T10:19:20.078029,0.504253541021636,2026-03-14T10:19:22.038000,83,,,
participant_09,2,day,Town10HD_Opt,2026-03-14 10:19:22.251045,80.05199432373047,24.89947891235352,0.001919288537465,0.006,0.449,0.0,0.0,0,0,1,,0.869,2026-03-14T10:19:22.251045,neutral,0.403,2026-03-14T10:19:22.251045,0.5258845216607075,2026-03-14T10:19:23.118000,77,,,
participant_09,2,day,Town10HD_Opt,2026-03-14 10:19:23.172835,80.05210876464844,24.89947891235352,0.001919021597132,0.001,0.449,0.0,0.0,0,0,1,,0.918,2026-03-14T10:19:23.172835,neutral,0.403,2026-03-14T10:19:22.251045,0.4405393827872904,2026-03-14T10:19:24.019000,79,,,
participant_09,2,day,Town10HD_Opt,2026-03-14 10:19:24.253615,80.05224609375,24.89947891235352,0.001919021597132,0.001,0.449,0.0,0.0,0,0,1,,0.905,2026-03-14T10:19:24.253615,neutral,0.487,2026-03-14T10:19:24.253615,0.4447103413648424,2026-03-14T10:19:25.008000,77,,,
participant_09,2,day,Town10HD_Opt,2026-03-14 10:19:25.041558,80.05220031738281,24.89947891235352,0.0019188307924196,0.001,0.446,0.0,0.0,0,0,1,,0.939,2026-03-14T10:19:25.041558,neutral,0.487,2026-03-14T10:19:24.253615,0.5481164195965001,2026-03-14T10:19:25.008000,78,,,
participant_09,2,day,Town10HD_Opt,2026-03-14 10:19:26.113204,80.05233001708984,24.89947891235352,0.0019188689766451,0.001,0.242,0.0,0.0,0,0,1,,0.906,2026-03-14T10:19:26.113204,neutral,0.487,2026-03-14T10:19:24.253615,0.5302183591898887,2026-03-14T10:19:26.010000,81,,,
participant_09,2,day,Town10HD_Opt,2026-03-14 10:19:27.230321,80.06922912597656,24.89986801147461,0.0018923949683085,0.449,-0.226,0.0,0.0,0,0,1,,0.954,2026-03-14T10:19:27.230321,sad,0.36,2026-03-14T10:19:27.230321,0.507866959078055,2026-03-14T10:19:28.023000,78,,,
participant_09,2,day,Town10HD_Opt,2026-03-14 10:19:28.065289,80.14186096191406,24.901594161987305,0.0019218062516301,0.176,-0.256,0.306,0.0,0,0,1,,0.958,2026-03-14T10:19:28.065289,sad,0.36,2026-03-14T10:19:27.230321,0.4314899224648713,2026-03-14T10:19:28.023000,80,,,
participant_09,2,day,Town10HD_Opt,2026-03-14 10:19:29.181759,81.45272064208984,24.92140007019043,0.0017898940714076,9.665,-0.496,0.0,0.0,0,0,1,,0.933,2026-03-14T10:19:29.181759,sad,0.36,2026-03-14T10:19:27.230321,0.5433284381303829,2026-03-14T10:19:30.004000,78,,,
participant_09,2,day,Town10HD_Opt,2026-03-14 10:19:29.993758,82.96038818359375,24.94384384155273,0.0019929122645407,7.386,-0.289,0.067,0.0,0,0,1,,0.967,2026-03-14T10:19:29.993758,sad,0.372,2026-03-14T10:19:29.993758,0.5664919470545944,2026-03-14T10:19:30.004000,77,Solid line crossing,Solid line crossing,
participant_09,2,day,Town10HD_Opt,2026-03-14 10:19:31.110056,84.21341705322266,24.960378646850582,0.0022790527436882,0.271,-0.228,0.244,0.0,0,0,1,,0.935,2026-03-14T10:19:31.110056,sad,0.372,2026-03-14T10:19:29.993758,0.6250303034421051,2026-03-14T10:19:31.038000,78,,,
participant_09,2,day,Town10HD_Opt,2026-03-14 10:19:32.238804,85.20317840576172,25.01468276977539,0.0015064621111378,11.761,8.527,0.739,0.0,0,0,1,,0.936,2026-03-14T10:19:32.238804,neutral,0.353,2026-03-14T10:19:32.238804,0.5791542634658694,2026-03-14T10:19:33.019000,78,,,errors=Vehicle-pedestrian collision
participant_09,2,day,Town10HD_Opt,2026-03-14 10:19:33.067862,88.12083435058594,25.274614334106445,0.0017728041857481,23.003,1.45,1.0,0.0,0,0,1,,0.801,2026-03-14T10:19:33.067862,neutral,0.353,2026-03-14T10:19:32.238804,0.6996166978310299,2026-03-14T10:19:33.019000,76,,,
participant_09,2,day,Town10HD_Opt,2026-03-14 10:19:34.128592,95.79196166992188,25.947582244873047,0.0015717315254732,43.532,-6.355,0.948,0.0,0,0,1,,0.922,2026-03-14T10:19:34.128592,neutral,0.353,2026-03-14T10:19:32.238804,0.6032646732721488,2026-03-14T10:19:34.999000,75,,,
participant_09,2,day,Town10HD_Opt,2026-03-14 10:19:35.241852,106.68406677246094,23.625289916992188,0.0022411728277802,46.15,-19.961,0.0,0.0,0,0,1,,1.0,2026-03-14T10:19:35.241852,neutral,0.501,2026-03-14T10:19:35.241852,0.5793035341870061,2026-03-14T10:19:36.034000,75,,,
participant_09,2,day,Town10HD_Opt,2026-03-14 10:19:36.234751,111.48505401611328,16.350553512573242,0.0024081037845462,31.18,-15.948,0.0,0.0,0,0,1,,1.0,2026-03-14T10:19:36.234751,neutral,0.501,2026-03-14T10:19:35.241852,0.6964501150675918,2026-03-14T10:19:37.024000,76,,,
participant_09,2,day,Town10HD_Opt,2026-03-14 10:19:37.036609,111.3895263671875,11.586627960205078,0.0023230360820889,23.825,-16.918,0.0,0.0,0,0,1,,0.89,2026-03-14T10:19:37.036609,neutral,0.501,2026-03-14T10:19:35.241852,0.6868078767367817,2026-03-14T10:19:37.024000,76,,,
participant_09,2,day,Town10HD_Opt,2026-03-14 10:19:38.065701,109.46866607666016,7.458337306976318,0.0020052718464285,16.019,-16.104,0.0,0.0,0,0,1,,0.817,2026-03-14T10:19:38.065701,neutral,0.463,2026-03-14T10:19:38.065701,0.6860586474711793,2026-03-14T10:19:38.058000,78,,,
participant_09,2,day,Town10HD_Opt,2026-03-14 10:19:39.199593,107.52971649169922,4.85882568359375,0.0020299148745834,11.461,6.049,0.0,0.0,0,0,1,,0.951,2026-03-14T10:19:39.199593,neutral,0.463,2026-03-14T10:19:38.065701,0.7009638764880202,2026-03-14T10:19:39.138000,79,,,
participant_09,2,day,Town10HD_Opt,2026-03-14 10:19:40.226238,106.56526184082033,2.8230907917022705,0.0020202253945171,7.892,30.621,0.0,0.0,0,0,1,,0.858,2026-03-14T10:19:40.226238,sad,0.35,2026-03-14T10:19:40.226238,0.6497451632160409,2026-03-14T10:19:41.033000,78,,,
participant_09,2,day,Town10HD_Opt,2026-03-14 10:19:41.013447,106.4784164428711,1.629465103149414,0.0019917297177016,6.032,37.984,0.0,0.0,0,0,1,,0.928,2026-03-14T10:19:41.013447,sad,0.35,2026-03-14T10:19:40.226238,0.597065559010777,2026-03-14T10:19:41.033000,79,,,
participant_09,2,day,Town10HD_Opt,2026-03-14 10:19:42.091631,106.7506103515625,0.5049312114715576,0.0019785689655691,4.219,51.627,0.0,0.0,0,0,1,,0.951,2026-03-14T10:19:42.091631,sad,0.35,2026-03-14T10:19:40.226238,0.5441443056485233,2026-03-14T10:19:42.063000,77,,,
participant_09,2,day,Town10HD_Opt,2026-03-14 10:19:43.161652,107.14342498779295,-0.2127965837717056,0.0019453048007562,3.172,32.026,0.376,0.0,0,0,1,,0.987,2026-03-14T10:19:43.161652,fear,0.336,2026-03-14T10:19:43.161652,0.6171043300856205,2026-03-14T10:19:43.999000,77,,,
participant_09,2,day,Town10HD_Opt,2026-03-14 10:19:44.227750,107.65000915527344,-1.7593239545822144,0.0017631911905482,10.418,-3.733,0.0,0.0,0,0,1,,0.938,2026-03-14T10:19:44.227750,fear,0.336,2026-03-14T10:19:43.161652,0.5835738677749143,2026-03-14T10:19:45.078000,77,,,
participant_09,2,day,Town10HD_Opt,2026-03-14 10:19:45.014491,108.0204086303711,-3.371577262878418,0.00199157721363,8.06,-9.492,0.0,0.0,0,0,1,,0.928,2026-03-14T10:19:45.014491,fear,0.336,2026-03-14T10:19:43.161652,0.6159846184761836,2026-03-14T10:19:45.078000,76,,,
participant_09,2,day,Town10HD_Opt,2026-03-14 10:19:46.059303,108.21702575683594,-5.203818321228027,0.0017502974951639,11.211,-12.973,0.367,0.0,0,0,1,,0.816,2026-03-14T10:19:46.059303,sad,0.349,2026-03-14T10:19:46.059303,0.5364101853209526,2026-03-14T10:19:46.035000,76,,,
participant_09,2,day,Town10HD_Opt,2026-03-14 10:19:47.114513,108.03622436523438,-8.288372039794922,0.0017802810762077,16.174,-12.141,0.453,0.0,0,0,1,,1.0,2026-03-14T10:19:47.114513,sad,0.349,2026-03-14T10:19:46.059303,0.5546290015448405,2026-03-14T10:19:48.006000,78,,,
participant_09,2,day,Town10HD_Opt,2026-03-14 10:19:48.181311,107.18733215332033,-12.42805004119873,0.0019733046647161,20.006,-0.496,0.495,0.0,0,0,1,,0.815,2026-03-14T10:19:48.181311,sad,0.333,2026-03-14T10:19:48.181311,0.6392129993894321,2026-03-14T10:19:49.040000,82,,,
participant_09,2,day,Town10HD_Opt,2026-03-14 10:19:49.234326,106.32906341552734,-17.463577270507812,0.0019612121395766,23.692,8.32,0.0,0.0,0,0,1,,1.0,2026-03-14T10:19:49.234326,sad,0.333,2026-03-14T10:19:48.181311,0.6356286238496509,2026-03-14T10:19:50.073000,80,,,
participant_09,2,day,Town10HD_Opt,2026-03-14 10:19:50.074311,106.4067153930664,-21.13263702392578,0.0022308730985969,17.995,11.885,0.0,0.0,0,0,1,,1.0,2026-03-14T10:19:50.074311,sad,0.333,2026-03-14T10:19:48.181311,0.6034990860328379,2026-03-14T10:19:50.073000,83,,,
participant_09,2,day,Town10HD_Opt,2026-03-14 10:19:51.145945,-41.6685676574707,89.74537658691406,-0.0547260269522666,0.906,14.239,0.0,0.0,0,0,0,,1.0,2026-03-14T10:19:51.145945,sad,0.32,2026-03-14T10:19:51.145945,0.5594848717741757,2026-03-14T10:19:51.026000,87,,,
participant_09,2,day,Town10HD_Opt,2026-03-14 10:19:52.101173,-41.66864776611328,89.7454833984375,0.0012951277894899,0.019,8.825,0.0,0.0,0,0,0,,1.0,2026-03-14T10:19:52.101173,sad,0.32,2026-03-14T10:19:51.145945,0.6287869927164603,2026-03-14T10:19:52.998000,88,,,
participant_09,2,day,Town10HD_Opt,2026-03-14 10:19:53.010883,-41.66864776611328,89.7454833984375,0.0019057082245126,0.0,1.869,0.0,0.0,0,0,0,,0.813,2026-03-14T10:19:53.010883,sad,0.32,2026-03-14T10:19:51.145945,0.6031227672013144,2026-03-14T10:19:52.998000,89,,,
participant_09,2,day,Town10HD_Opt,2026-03-14 10:19:54.374330,-41.66864776611328,89.7454833984375,0.0019173049367964,0.0,0.757,0.0,0.0,0,0,0,,1.0,2026-03-14T10:19:54.374330,sad,0.419,2026-03-14T10:19:54.374330,0.6005263344445212,2026-03-14T10:19:55.023000,91,,,
participant_09,2,day,Town10HD_Opt,2026-03-14 10:19:55.262184,-41.66864776611328,89.7454833984375,0.0019184494158253,0.0,1.14,0.0,0.0,0,0,0,,1.0,2026-03-14T10:19:55.262184,sad,0.419,2026-03-14T10:19:54.374330,0.6690533765610635,2026-03-14T10:19:56.013000,90,,,
participant_09,2,day,Town10HD_Opt,2026-03-14 10:19:56.141254,-41.66864776611328,89.7454833984375,0.0019184494158253,0.0,1.05,0.793,0.0,0,0,0,,1.0,2026-03-14T10:19:56.141254,sad,0.419,2026-03-14T10:19:54.374330,0.6789317207844388,2026-03-14T10:19:57.004000,93,,,
participant_09,2,day,Town10HD_Opt,2026-03-14 10:19:57.037659,-41.66432189941406,88.24601745605469,0.0017567825270816,11.596,-0.402,0.0,0.0,0,0,1,,1.0,2026-03-14T10:19:57.037659,sad,0.405,2026-03-14T10:19:57.037659,0.6414828258794255,2026-03-14T10:19:57.004000,92,,,
participant_09,2,day,Town10HD_Opt,2026-03-14 10:19:58.154563,-41.67994689941406,85.89611053466797,0.0020001220982521,7.326,-0.068,0.0,0.0,0,0,1,,0.8,2026-03-14T10:19:58.154563,sad,0.405,2026-03-14T10:19:57.037659,0.6372823211845018,2026-03-14T10:19:59.028000,87,,,
participant_09,2,day,Town10HD_Opt,2026-03-14 10:19:59.068308,-41.6850814819336,84.93653869628906,0.0019755936227738,4.519,0.352,0.0,0.0,0,0,1,,1.0,2026-03-14T10:19:59.068308,sad,0.43,2026-03-14T10:19:59.068308,0.6766961450054078,2026-03-14T10:19:59.028000,88,,,
participant_09,3,day,Town10HD_Opt,2026-03-14 10:30:00.000000,-41.66858673095703,89.7454833984375,0.580491840839386,18.061,1.347,0.33,0.0,0,0,1,,1.0,2026-03-14T10:30:00,,,2026-03-14T10:30:00,0.632126088639776,2026-03-14T10:30:00,73,,,
participant_09,3,day,Town10HD_Opt,2026-03-14 10:30:04.558905,-41.67424392700195,84.54381561279297,0.0020318983588367,18.164,1.485,0.328,0.0,0,0,1,,1.0,2026-03-14T10:30:04.558905,,,2026-03-14T10:30:04.558905,0.5416054986565787,2026-03-14T10:30:04.906000,75,,,
participant_09,3,day,Town10HD_Opt,2026-03-14 10:30:05.243097,-41.59819412231445,82.42355346679688,0.0020382308866828,18.129,6.092,0.322,0.0,0,0,1,,0.905,2026-03-14T10:30:05.243097,,,2026-03-14T10:30:04.558905,0.4991530856221878,2026-03-14T10:30:05.940000,74,,,
participant_09,3,day,Town10HD_Opt,2026-03-14 10:30:06.261529,-41.12717056274414,79.27774047851562,0.0020481871906667,18.253,10.262,0.378,0.0,0,0,1,,0.806,2026-03-14T10:30:06.261529,,,2026-03-14T10:30:04.558905,0.5262324899579346,2026-03-14T10:30:06.885000,75,,,
participant_09,3,day,Town10HD_Opt,2026-03-14 10:30:07.274020,-40.06240081787109,76.0338363647461,0.001919784466736,21.826,13.758,0.589,0.0,0,0,1,,0.862,2026-03-14T10:30:07.274020,neutral,0.568,2026-03-14T10:30:07.274020,0.5379686817394762,2026-03-14T10:30:07.875000,75,,,
participant_09,3,day,Town10HD_Opt,2026-03-14 10:30:08.264240,-37.72772979736328,72.48946380615234,0.0018827819731086,27.56,17.761,0.601,0.0,0,0,1,,0.813,2026-03-14T10:30:08.264240,neutral,0.568,2026-03-14T10:30:07.274020,0.4840066930844671,2026-03-14T10:30:08.910000,76,,,
participant_09,3,day,Town10HD_Opt,2026-03-14 10:30:09.006030,-35.10403060913086,70.4043960571289,0.0019501495407894,30.134,18.913,0.407,0.0,0,0,1,,0.867,2026-03-14T10:30:09.006030,neutral,0.568,2026-03-14T10:30:07.274020,0.5334712974672761,2026-03-14T10:30:09.900000,78,,,
participant_09,3,day,Town10HD_Opt,2026-03-14 10:30:10.045041,-30.11714553833008,68.93359375,0.002110977191478,29.617,18.232,0.289,0.0,0,0,1,,0.843,2026-03-14T10:30:10.045041,neutral,0.851,2026-03-14T10:30:10.045041,0.5216447615424089,2026-03-14T10:30:10.890000,81,,,errors=Solid line crossing
participant_09,3,day,Town10HD_Opt,2026-03-14 10:30:11.022912,-25.30379676818848,69.34512329101562,0.002250442514196,23.898,-1.478,0.009,0.0,0,0,1,,1.0,2026-03-14T10:30:11.022912,neutral,0.851,2026-03-14T10:30:10.045041,0.5068544179901857,2026-03-14T10:30:11.879000,86,,,
participant_09,3,day,Town10HD_Opt,2026-03-14 10:30:12.001726,-21.439945220947266,69.70887756347656,0.0020806503016501,21.698,-2.153,0.629,0.0,0,0,1,,0.846,2026-03-14T10:30:12.001726,neutral,0.851,2026-03-14T10:30:10.045041,0.4764351518572303,2026-03-14T10:30:12.915000,84,,,
participant_09,3,day,Town10HD_Opt,2026-03-14 10:30:12.991999,-17.216880798339844,69.97764587402344,0.0018712615128606,27.109,-0.938,0.45,0.0,0,0,1,,1.0,2026-03-14T10:30:12.991999,neutral,0.81,2026-03-14T10:30:12.991999,0.5626304765732031,2026-03-14T10:30:13.905000,86,,,
participant_09,3,day,Town10HD_Opt,2026-03-14 10:30:14.277511,-10.65742015838623,70.26445770263672,0.0020272063557058,28.549,-0.989,0.379,0.0,0,0,1,,1.0,2026-03-14T10:30:14.277511,neutral,0.81,2026-03-14T10:30:12.991999,0.5083367757278027,2026-03-14T10:30:14.896000,89,,,
participant_09,3,day,Town10HD_Opt,2026-03-14 10:30:15.014218,-7.334630966186523,70.32238006591797,0.0020669174846261,28.058,-2.028,0.274,0.0,0,0,1,,1.0,2026-03-14T10:30:15.014218,neutral,0.816,2026-03-14T10:30:15.014218,0.4097007030307133,2026-03-14T10:30:15.885000,88,,,
participant_09,3,day,Town10HD_Opt,2026-03-14 10:30:16.266601,-1.0705363750457764,70.16181945800781,0.0021086882334202,25.4,-0.254,0.264,0.0,0,0,1,,1.0,2026-03-14T10:30:16.266601,neutral,0.816,2026-03-14T10:30:15.014218,0.5413295099024181,2026-03-14T10:30:16.874000,90,,,
participant_09,3,day,Town10HD_Opt,2026-03-14 10:30:17.213173,3.2295684814453125,70.0062255859375,0.0021022413857281,23.582,0.879,0.264,0.0,0,0,1,,1.0,2026-03-14T10:30:17.213173,neutral,0.828,2026-03-14T10:30:17.213173,0.5423255866175426,2026-03-14T10:30:17.909000,92,,,
participant_09,3,day,Town10HD_Opt,2026-03-14 10:30:18.203598,7.197510242462158,69.92394256591797,0.002118949778378,21.367,0.759,0.181,0.0,0,0,1,,1.0,2026-03-14T10:30:18.203598,neutral,0.828,2026-03-14T10:30:17.213173,0.5644057582413148,2026-03-14T10:30:18.900000,92,,,
participant_09,3,day,Town10HD_Opt,2026-03-14 10:30:19.127294,10.719893455505373,69.89947509765625,0.0021436309907585,18.409,0.261,0.132,0.0,0,0,1,,1.0,2026-03-14T10:30:19.127294,neutral,0.828,2026-03-14T10:30:17.213173,0.5436179886152449,2026-03-14T10:30:19.890000,92,,,
participant_09,3,day,Town10HD_Opt,2026-03-14 10:30:20.048201,13.823992729187012,69.89639282226562,0.0019501113565638,16.781,0.256,0.164,0.0,0,0,1,,1.0,2026-03-14T10:30:20.048201,neutral,0.866,2026-03-14T10:30:20.048201,0.5336254149296698,2026-03-14T10:30:20.880000,91,,,
participant_09,3,day,Town10HD_Opt,2026-03-14 10:30:21.011798,16.685253143310547,69.90513610839844,0.0019451903644949,15.973,0.242,0.18,0.0,0,0,1,,0.839,2026-03-14T10:30:21.011798,neutral,0.866,2026-03-14T10:30:20.048201,0.5116137878574755,2026-03-14T10:30:21.915000,90,,,
participant_09,3,day,Town10HD_Opt,2026-03-14 10:30:22.225749,20.27454376220703,69.93077850341797,0.0019449996761977,14.806,0.202,0.178,0.0,0,0,1,,1.0,2026-03-14T10:30:22.225749,neutral,0.835,2026-03-14T10:30:22.225749,0.5127293030019588,2026-03-14T10:30:22.905000,87,,,
participant_09,3,day,Town10HD_Opt,2026-03-14 10:30:23.156886,22.762834548950195,69.95452117919922,0.0020042418036609,12.788,-0.033,0.0,0.04,0,0,1,,0.831,2026-03-14T10:30:23.156886,neutral,0.835,2026-03-14T10:30:22.225749,0.5621227653863141,2026-03-14T10:30:23.895000,86,,,
participant_09,3,day,Town10HD_Opt,2026-03-14 10:30:24.050314,24.5700798034668,69.97032928466797,0.0020921707618981,7.368,-0.033,0.0,0.36,0,0,1,,0.83,2026-03-14T10:30:24.050314,neutral,0.835,2026-03-14T10:30:22.225749,0.5308175667889008,2026-03-14T10:30:24.885000,89,,,
participant_09,3,day,Town10HD_Opt,2026-03-14 10:30:25.228593,25.092342376708984,69.97525787353516,0.0019745253957808,0.139,-0.033,0.323,0.0,0,0,1,,0.839,2026-03-14T10:30:25.228593,neutral,0.807,2026-03-14T10:30:25.228593,0.4815975198834787,2026-03-14T10:30:25.875000,84,,,
participant_09,3,day,Town10HD_Opt,2026-03-14 10:30:26.190139,25.41148376464844,69.97767639160156,0.0017596435500308,4.466,-0.033,0.219,0.0,0,0,1,,0.911,2026-03-14T10:30:26.190139,neutral,0.807,2026-03-14T10:30:25.228593,0.5323209510010823,2026-03-14T10:30:26.910000,85,,,
participant_09,3,day,Town10HD_Opt,2026-03-14 10:30:27.127782,26.16775131225586,69.98311614990234,0.002263679401949,0.0,-0.033,0.0,0.248,0,0,1,,0.884,2026-03-14T10:30:27.127782,neutral,0.807,2026-03-14T10:30:25.228593,0.5489188180258217,2026-03-14T10:30:27.900000,86,,,
participant_09,3,day,Town10HD_Opt,2026-03-14 10:30:28.040446,26.16758155822754,69.98308563232422,0.0019345473265275,0.149,-0.033,0.321,0.0,0,0,1,,0.918,2026-03-14T10:30:28.040446,neutral,0.776,2026-03-14T10:30:28.040446,0.4764626793758341,2026-03-14T10:30:28.889000,85,,,
participant_09,3,day,Town10HD_Opt,2026-03-14 10:30:29.010184,26.79050064086914,69.97843933105469,0.001579895033501,8.767,-2.795,0.675,0.0,0,0,1,,0.858,2026-03-14T10:30:29.010184,neutral,0.776,2026-03-14T10:30:28.040446,0.5959597069180061,2026-03-14T10:30:29.881000,81,,,errors=Stop sign violation
participant_09,3,day,Town10HD_Opt,2026-03-14 10:30:30.265878,29.99059295654297,69.66336822509766,0.0018096159910783,16.695,-10.062,0.222,0.0,0,0,1,,1.0,2026-03-14T10:30:30.265878,neutral,0.754,2026-03-14T10:30:30.265878,0.5751143871844238,2026-03-14T10:30:30.916000,85,,,
participant_09,3,day,Town10HD_Opt,2026-03-14 10:30:31.253761,32.820411682128906,68.90290832519531,0.0018873214721679,17.458,-10.221,0.429,0.0,0,0,1,,1.0,2026-03-14T10:30:31.253761,neutral,0.754,2026-03-14T10:30:30.265878,0.5315768528173989,2026-03-14T10:30:31.905000,84,,,
participant_09,3,day,Town10HD_Opt,2026-03-14 10:30:32.203887,35.80215072631836,67.56820678710938,0.001956405583769,20.28,-10.538,0.547,0.0,0,0,1,,1.0,2026-03-14T10:30:32.203887,neutral,0.754,2026-03-14T10:30:30.265878,0.5891910860681308,2026-03-14T10:30:32.895000,84,,,
participant_09,3,day,Town10HD_Opt,2026-03-14 10:30:33.171062,39.1126594543457,65.35073852539062,0.001913413987495,25.339,-10.468,0.51,0.0,0,0,1,,0.829,2026-03-14T10:30:33.171062,neutral,0.801,2026-03-14T10:30:33.171062,0.6099975026189602,2026-03-14T10:30:33.885000,81,,,
participant_09,3,day,Town10HD_Opt,2026-03-14 10:30:34.128235,42.21331024169922,62.01530456542969,0.0023126984015107,26.383,-14.418,0.22,0.0,0,0,1,,0.883,2026-03-14T10:30:34.128235,neutral,0.801,2026-03-14T10:30:33.171062,0.6649264707698788,2026-03-14T10:30:34.875000,84,,,
participant_09,3,day,Town10HD_Opt,2026-03-14 10:30:35.081512,44.05754470825195,58.09398651123047,0.0021573256235569,23.253,-13.953,0.183,0.0,0,0,1,,1.0,2026-03-14T10:30:35.081512,neutral,0.801,2026-03-14T10:30:33.171062,0.6777751647575401,2026-03-14T10:30:35.910000,80,,,
participant_09,3,day,Town10HD_Opt,2026-03-14 10:30:36.068350,44.62420272827149,54.33541488647461,0.0021560287568718,20.201,-10.437,0.183,0.0,0,0,1,,1.0,2026-03-14T10:30:36.068350,fear,0.434,2026-03-14T10:30:36.068350,0.6932120407963258,2026-03-14T10:30:36.900000,83,,,
participant_09,3,day,Town10HD_Opt,2026-03-14 10:30:37.022437,44.657020568847656,51.00979995727539,0.0020997237879782,18.177,-1.782,0.278,0.0,0,0,1,,0.92,2026-03-14T10:30:37.022437,fear,0.434,2026-03-14T10:30:36.068350,0.6751242000979456,2026-03-14T10:30:37.889000,84,,,
participant_09,3,day,Town10HD_Opt,2026-03-14 10:30:38.276173,44.5261116027832,46.77924346923828,0.0020597837865352,18.027,-0.9,0.325,0.0,0,0,1,,0.922,2026-03-14T10:30:38.276173,neutral,0.788,2026-03-14T10:30:38.276173,0.6439499341921168,2026-03-14T10:30:38.880000,83,,,
participant_09,3,day,Town10HD_Opt,2026-03-14 10:30:39.274837,44.36949920654297,43.62722396850586,0.0020422744564712,18.063,0.559,0.313,0.0,0,0,1,,0.93,2026-03-14T10:30:39.274837,neutral,0.788,2026-03-14T10:30:38.276173,0.639799998551565,2026-03-14T10:30:39.915000,84,,,
participant_09,3,day,Town10HD_Opt,2026-03-14 10:30:40.224875,44.4390869140625,40.45109939575195,0.0020614243112504,18.238,7.758,0.288,0.0,0,0,1,,0.91,2026-03-14T10:30:40.224875,neutral,0.788,2026-03-14T10:30:38.276173,0.6540603461335389,2026-03-14T10:30:40.905000,81,,,
participant_09,3,day,Town10HD_Opt,2026-03-14 10:30:41.238595,44.8867073059082,37.28530883789063,0.0020155333913862,18.836,6.594,0.424,0.0,0,0,1,,0.893,2026-03-14T10:30:41.238595,neutral,0.734,2026-03-14T10:30:41.238595,0.6794539905651593,2026-03-14T10:30:41.898000,80,,,
participant_09,3,day,Town10HD_Opt,2026-03-14 10:30:42.206142,45.81046295166016,33.95097732543945,0.0019716643728315,21.27,14.501,0.562,0.0,0,0,1,,0.917,2026-03-14T10:30:42.206142,neutral,0.734,2026-03-14T10:30:41.238595,0.6810830470846181,2026-03-14T10:30:42.887000,81,,,
participant_09,3,day,Town10HD_Opt,2026-03-14 10:30:43.174568,47.89704895019531,30.457433700561523,0.0019146727863699,25.72,15.842,0.544,0.0,0,0,1,,1.0,2026-03-14T10:30:43.174568,neutral,0.734,2026-03-14T10:30:41.238595,0.7232473332908089,2026-03-14T10:30:43.876000,81,,,
participant_09,3,day,Town10HD_Opt,2026-03-14 10:30:44.125586,51.58138656616211,27.357046127319336,0.0019584654364734,29.573,15.558,0.494,0.0,0,0,1,,0.863,2026-03-14T10:30:44.125586,neutral,0.829,2026-03-14T10:30:44.125586,0.6719148011557285,2026-03-14T10:30:44.911000,79,,,
participant_09,3,day,Town10HD_Opt,2026-03-14 10:30:45.191563,56.54424285888672,25.64546585083008,0.0020869064610451,29.917,13.636,0.295,0.0,0,0,1,,0.89,2026-03-14T10:30:45.191563,neutral,0.829,2026-03-14T10:30:44.125586,0.6011387269232997,2026-03-14T10:30:45.900000,82,,,
participant_09,3,day,Town10HD_Opt,2026-03-14 10:30:46.183469,61.63201522827149,25.45411491394043,0.0021049880888313,28.185,1.182,0.186,0.0,0,0,1,,0.914,2026-03-14T10:30:46.183469,neutral,0.77,2026-03-14T10:30:46.183469,0.6163827325562394,2026-03-14T10:30:46.891000,80,,,
participant_09,3,day,Town10HD_Opt,2026-03-14 10:30:47.086892,66.18589782714844,25.48737335205078,0.0022415923886001,22.659,-2.405,0.0,0.0,0,0,1,,0.895,2026-03-14T10:30:47.086892,neutral,0.77,2026-03-14T10:30:46.183469,0.6080577064663831,2026-03-14T10:30:47.880000,82,,,
participant_09,3,day,Town10HD_Opt,2026-03-14 10:30:48.018115,69.67582702636719,25.36924934387207,0.0019789503421634,17.445,0.451,0.0,0.0,0,0,1,,0.888,2026-03-14T10:30:48.018115,neutral,0.77,2026-03-14T10:30:46.183469,0.5900204481853217,2026-03-14T10:30:48.916000,82,,,
participant_09,3,day,Town10HD_Opt,2026-03-14 10:30:49.201403,73.11425018310547,25.282133102416992,0.0020344161894172,12.144,0.987,0.0,0.0,0,0,1,,1.0,2026-03-14T10:30:49.201403,neutral,0.778,2026-03-14T10:30:49.201403,0.4998592489922602,2026-03-14T10:30:49.995000,80,,,
participant_09,3,day,Town10HD_Opt,2026-03-14 10:30:50.119563,75.00611877441406,25.263940811157227,0.0020085906144231,9.326,1.274,0.0,0.0,0,0,1,,0.852,2026-03-14T10:30:50.119563,neutral,0.778,2026-03-14T10:30:49.201403,0.6578671265772318,2026-03-14T10:30:50.940000,80,,,
participant_09,3,day,Town10HD_Opt,2026-03-14 10:30:51.093207,76.478271484375,25.25816535949707,0.0019411849789321,8.017,0.169,0.13,0.0,0,0,1,,0.887,2026-03-14T10:30:51.093207,neutral,0.778,2026-03-14T10:30:49.201403,0.4847866306975931,2026-03-14T10:30:51.885000,78,,,
participant_09,3,day,Town10HD_Opt,2026-03-14 10:30:52.023330,77.83265686035156,25.251855850219727,0.001947364769876,7.332,0.012,0.0,0.0,0,0,1,,0.887,2026-03-14T10:30:52.023330,neutral,0.793,2026-03-14T10:30:52.023330,0.5251389448161159,2026-03-14T10:30:52.920000,78,,,
participant_09,3,day,Town10HD_Opt,2026-03-14 10:30:53.220003,79.32192993164062,25.24530029296875,0.0020307921804487,0.53,0.172,0.0,0.088,0,0,1,,0.897,2026-03-14T10:30:53.220003,neutral,0.793,2026-03-14T10:30:52.023330,0.5494245489394514,2026-03-14T10:30:53.910000,79,,,
participant_09,3,day,Town10HD_Opt,2026-03-14 10:30:54.162040,79.33710479736328,25.244911193847656,0.0019508743425831,0.002,0.179,0.0,0.0,0,0,1,,0.824,2026-03-14T10:30:54.162040,neutral,0.696,2026-03-14T10:30:54.162040,0.5256756447826381,2026-03-14T10:30:54.900000,78,,,
participant_09,3,day,Town10HD_Opt,2026-03-14 10:30:55.155462,79.33723449707031,25.244911193847656,0.0019200133392587,0.007,0.179,0.0,0.0,0,0,1,,0.884,2026-03-14T10:30:55.155462,neutral,0.696,2026-03-14T10:30:54.162040,0.4213013540662297,2026-03-14T10:30:55.890000,79,,,
participant_09,3,day,Town10HD_Opt,2026-03-14 10:30:56.104970,79.33741760253906,25.244911193847656,0.0019192122854292,0.002,0.19,0.0,0.0,0,0,1,,1.0,2026-03-14T10:30:56.104970,neutral,0.696,2026-03-14T10:30:54.162040,0.5423582979504078,2026-03-14T10:30:56.881000,78,,,
participant_09,3,day,Town10HD_Opt,2026-03-14 10:30:57.030175,79.33766174316406,25.244909286499023,0.001919288537465,0.001,0.197,0.0,0.0,0,0,1,,0.837,2026-03-14T10:30:57.030175,neutral,0.83,2026-03-14T10:30:57.030175,0.547532617418377,2026-03-14T10:30:57.917000,77,,,
participant_09,3,day,Town10HD_Opt,2026-03-14 10:30:58.198013,79.34109497070312,25.24482154846192,0.0018946838099509,0.741,-2.598,0.525,0.0,0,0,1,,0.922,2026-03-14T10:30:58.198013,neutral,0.83,2026-03-14T10:30:57.030175,0.516832037096585,2026-03-14T10:30:58.905000,78,,,
participant_09,3,day,Town10HD_Opt,2026-03-14 10:30:59.110088,80.2103271484375,25.189802169799805,0.0015629577683284,11.044,-6.971,0.738,0.0,0,0,1,,0.93,2026-03-14T10:30:59.110088,neutral,0.77,2026-03-14T10:30:59.110088,0.5371787573809105,2026-03-14T10:30:59.895000,78,,,
participant_09,3,day,Town10HD_Opt,2026-03-14 10:31:00.036706,82.86067962646484,24.90848159790039,0.0018764495616778,18.511,0.078,0.68,0.0,0,0,1,,0.918,2026-03-14T10:31:00.036706,neutral,0.77,2026-03-14T10:30:59.110088,0.5125400484256281,2026-03-14T10:31:00.887000,76,,,
participant_09,3,day,Town10HD_Opt,2026-03-14 10:31:01.281151,88.29884338378906,24.47665023803711,0.0016621779650449,32.049,-2.967,0.776,0.0,0,0,1,,0.808,2026-03-14T10:31:01.281151,fear,0.454,2026-03-14T10:31:01.281151,0.5771854002977497,2026-03-14T10:31:01.921000,79,,,
participant_09,3,day,Town10HD_Opt,2026-03-14 10:31:02.199594,94.33032989501952,23.32048988342285,0.0020476912613958,38.1,-12.476,0.574,0.0,0,0,1,,0.907,2026-03-14T10:31:02.199594,fear,0.454,2026-03-14T10:31:01.281151,0.5951353355808001,2026-03-14T10:31:02.910000,76,,,
participant_09,3,day,Town10HD_Opt,2026-03-14 10:31:03.137554,100.24140167236328,19.837995529174805,0.0018050002399832,40.961,-11.147,0.562,0.0,0,0,1,,0.879,2026-03-14T10:31:03.137554,fear,0.454,2026-03-14T10:31:01.281151,0.5856199793110992,2026-03-14T10:31:03.901000,81,,,
participant_09,3,day,Town10HD_Opt,2026-03-14 10:31:04.003467,104.76850128173828,14.102824211120604,0.0032710647210478,43.154,-10.425,0.559,0.0,0,0,1,,0.845,2026-03-14T10:31:04.003467,neutral,0.73,2026-03-14T10:31:04.003467,0.6469104865966003,2026-03-14T10:31:04.890000,79,,,
participant_09,3,day,Town10HD_Opt,2026-03-14 10:31:05.254902,107.23779296875,4.179116249084473,0.0019944761879742,45.413,-5.586,0.529,0.0,0,0,1,,0.874,2026-03-14T10:31:05.254902,neutral,0.73,2026-03-14T10:31:04.003467,0.6513491679923684,2026-03-14T10:31:05.928000,76,,,
participant_09,3,day,Town10HD_Opt,2026-03-14 10:31:06.161830,107.05648803710938,-3.893966197967529,0.002004203852266,46.792,0.681,0.51,0.0,0,0,1,,0.907,2026-03-14T10:31:06.161830,neutral,0.5,2026-03-14T10:31:06.161830,0.764620995291607,2026-03-14T10:31:06.916000,76,,,
participant_09,3,day,Town10HD_Opt,2026-03-14 10:31:07.059335,107.02392578125,-12.055896759033203,0.0021075056865811,45.546,1.081,0.332,0.0,0,0,1,,0.894,2026-03-14T10:31:07.059335,neutral,0.5,2026-03-14T10:31:06.161830,0.6010222823556141,2026-03-14T10:31:07.906000,77,,,
participant_09,3,day,Town10HD_Opt,2026-03-14 10:31:08.209503,107.26588439941406,-22.168212890625,0.0021509933285415,40.772,-1.906,0.323,0.0,0,0,1,,0.882,2026-03-14T10:31:08.209503,neutral,0.818,2026-03-14T10:31:08.209503,0.6844048811068316,2026-03-14T10:31:08.895000,74,,,
participant_09,3,day,Town10HD_Opt,2026-03-14 10:31:09.159095,106.9410629272461,-29.09353256225586,0.0021342085674405,38.116,-3.426,0.324,0.0,0,0,1,,0.883,2026-03-14T10:31:09.159095,neutral,0.818,2026-03-14T10:31:08.209503,0.5969960629853982,2026-03-14T10:31:09.886000,75,,,
participant_09,3,day,Town10HD_Opt,2026-03-14 10:31:10.024869,105.91120910644533,-35.47372817993164,0.0021245193202048,35.797,-5.17,0.325,0.0,0,0,1,,0.929,2026-03-14T10:31:10.024869,neutral,0.818,2026-03-14T10:31:08.209503,0.6521865861864062,2026-03-14T10:31:10.921000,73,,,
participant_09,3,day,Town10HD_Opt,2026-03-14 10:31:11.162669,103.23189544677734,-43.02293395996094,0.0021097182761877,33.022,-5.482,0.326,0.0,0,0,1,,0.934,2026-03-14T10:31:11.162669,neutral,0.757,2026-03-14T10:31:11.162669,0.5271115665486998,2026-03-14T10:31:11.910000,75,,,
participant_09,3,day,Town10HD_Opt,2026-03-14 10:31:12.058038,100.46843719482422,-47.94252014160156,0.0020978164393454,31.419,-4.501,0.328,0.0,0,0,1,,0.86,2026-03-14T10:31:12.058038,neutral,0.757,2026-03-14T10:31:11.162669,0.6105945550384458,2026-03-14T10:31:12.900000,75,,,
participant_09,3,day,Town10HD_Opt,2026-03-14 10:31:13.181912,96.05134582519533,-53.57670211791992,0.002019042847678,31.048,-4.818,0.531,0.0,0,0,1,,0.934,2026-03-14T10:31:13.181912,neutral,0.836,2026-03-14T10:31:13.181912,0.6499713854391521,2026-03-14T10:31:13.891000,78,,,
participant_09,3,day,Town10HD_Opt,2026-03-14 10:31:14.093756,91.89002990722656,-57.44722366333008,0.0019290542695671,34.493,-4.886,0.494,0.0,0,0,1,,0.814,2026-03-14T10:31:14.093756,neutral,0.836,2026-03-14T10:31:13.181912,0.6406851437966611,2026-03-14T10:31:14.925000,78,,,
participant_09,3,day,Town10HD_Opt,2026-03-14 10:31:15.015866,86.78764343261719,-61.00434494018555,0.001980056753382,36.663,-4.839,0.489,0.0,0,0,1,,0.854,2026-03-14T10:31:15.015866,neutral,0.836,2026-03-14T10:31:13.181912,0.5508833343408246,2026-03-14T10:31:15.915000,79,,,
participant_09,3,day,Town10HD_Opt,2026-03-14 10:31:16.196045,78.84988403320312,-64.6767578125,0.0020062637049704,38.462,-4.841,0.48,0.0,0,0,1,,0.877,2026-03-14T10:31:16.196045,neutral,0.745,2026-03-14T10:31:16.196045,0.614613145433953,2026-03-14T10:31:16.906000,79,,,
participant_09,3,day,Town10HD_Opt,2026-03-14 10:31:17.037306,72.25634765625,-66.36837005615234,0.0020128630567342,39.51,-4.66,0.48,0.0,0,0,1,,1.0,2026-03-14T10:31:17.037306,neutral,0.745,2026-03-14T10:31:16.196045,0.690157408010491,2026-03-14T10:31:16.906000,78,,,
participant_09,3,day,Town10HD_Opt,2026-03-14 10:31:18.183186,62.94578552246094,-67.21733856201172,0.002013282617554,40.767,-0.978,0.48,0.0,0,0,1,,0.819,2026-03-14T10:31:18.183186,neutral,0.745,2026-03-14T10:31:16.196045,0.6762464811317279,2026-03-14T10:31:18.885000,81,,,
participant_09,3,day,Town10HD_Opt,2026-03-14 10:31:19.051509,55.74872589111328,-67.44524383544922,0.002016334561631,41.588,-0.698,0.48,0.0,0,0,1,,1.0,2026-03-14T10:31:19.051509,neutral,0.488,2026-03-14T10:31:19.051509,0.6755071739135002,2026-03-14T10:31:19.920000,77,,,
participant_09,3,day,Town10HD_Opt,2026-03-14 10:31:20.159185,45.94231414794922,-67.49436950683594,0.0020211411174386,42.508,-0.684,0.48,0.0,0,0,1,,1.0,2026-03-14T10:31:20.159185,neutral,0.488,2026-03-14T10:31:19.051509,0.7331768363377831,2026-03-14T10:31:20.910000,80,,,
participant_09,3,day,Town10HD_Opt,2026-03-14 10:31:21.023121,38.458683013916016,-67.32050323486328,0.0020239639561623,43.086,-0.289,0.48,0.0,0,0,1,,1.0,2026-03-14T10:31:21.023121,neutral,0.488,2026-03-14T10:31:19.051509,0.5692925707866241,2026-03-14T10:31:20.910000,80,,,
participant_09,3,day,Town10HD_Opt,2026-03-14 10:31:22.170292,28.367172241210938,-66.99794006347656,0.0020823669619858,42.43,0.148,0.0,0.0,0,0,1,,1.0,2026-03-14T10:31:22.170292,disgust,0.816,2026-03-14T10:31:22.170292,0.6303121325333567,2026-03-14T10:31:22.890000,80,,,
participant_09,3,day,Town10HD_Opt,2026-03-14 10:31:23.082184,21.63541412353516,-66.8456802368164,0.0023292540572583,33.525,0.484,0.0,0.0,0,0,1,,1.0,2026-03-14T10:31:23.082184,disgust,0.816,2026-03-14T10:31:22.170292,0.6513316210614063,2026-03-14T10:31:23.880000,75,,,
participant_09,3,day,Town10HD_Opt,2026-03-14 10:31:24.247993,14.798044204711914,-66.83330535888672,0.002171134809032,26.12,0.562,0.22,0.0,0,0,1,,1.0,2026-03-14T10:31:24.247993,neutral,0.696,2026-03-14T10:31:24.247993,0.624841248467525,2026-03-14T10:31:24.916000,75,,,
participant_09,3,day,Town10HD_Opt,2026-03-14 10:31:25.132024,10.450592041015623,-66.90597534179688,0.0021330642048269,23.361,0.27,0.218,0.0,0,0,1,,0.806,2026-03-14T10:31:25.132024,neutral,0.696,2026-03-14T10:31:24.247993,0.6630833953042474,2026-03-14T10:31:25.905000,75,,,
participant_09,3,day,Town10HD_Opt,2026-03-14 10:31:26.240686,5.35352897644043,-67.02861022949219,0.0021182631608098,20.2,0.31,0.218,0.0,0,0,1,,0.821,2026-03-14T10:31:26.240686,neutral,0.696,2026-03-14T10:31:24.247993,0.7141279050014014,2026-03-14T10:31:26.895000,76,,,
participant_09,3,day,Town10HD_Opt,2026-03-14 10:31:27.107710,1.985431432723999,-67.13326263427734,0.002109489403665,18.152,0.31,0.219,0.0,0,0,1,,1.0,2026-03-14T10:31:27.107710,neutral,0.826,2026-03-14T10:31:27.107710,0.6705016533844644,2026-03-14T10:31:27.885000,75,,,
participant_09,3,day,Town10HD_Opt,2026-03-14 10:31:28.191735,-2.220100164413452,-67.29378509521484,0.001856651273556,17.833,0.31,0.219,0.0,0,0,1,,0.889,2026-03-14T10:31:28.191735,neutral,0.826,2026-03-14T10:31:27.107710,0.5829297521807445,2026-03-14T10:31:28.920000,75,,,
participant_09,3,day,Town10HD_Opt,2026-03-14 10:31:29.079434,-5.291754245758057,-67.43140411376953,0.0019356155535206,17.27,0.287,0.219,0.0,0,0,1,,1.0,2026-03-14T10:31:29.079434,neutral,0.826,2026-03-14T10:31:27.107710,0.6951650220452336,2026-03-14T10:31:29.910000,75,,,
participant_09,3,day,Town10HD_Opt,2026-03-14 10:31:30.198610,-9.249777793884276,-67.6281509399414,0.0019324492895975,16.683,-0.36,0.217,0.0,0,0,1,,1.0,2026-03-14T10:31:30.198610,disgust,0.778,2026-03-14T10:31:30.198610,0.6624889905652114,2026-03-14T10:31:30.901000,76,,,
participant_09,3,day,Town10HD_Opt,2026-03-14 10:31:31.115356,-12.065512657165527,-67.73383331298828,0.0020073698833584,14.606,-0.632,0.0,0.0,0,0,1,,1.0,2026-03-14T10:31:31.115356,disgust,0.778,2026-03-14T10:31:30.198610,0.570917896482105,2026-03-14T10:31:31.892000,78,,,
participant_09,3,day,Town10HD_Opt,2026-03-14 10:31:32.194141,-14.975505828857422,-67.82669067382812,0.0020170211791992,10.28,-0.169,0.0,0.0,0,0,1,,0.913,2026-03-14T10:31:32.194141,disgust,0.778,2026-03-14T10:31:30.198610,0.6244686096352264,2026-03-14T10:31:32.881000,77,,,
participant_09,3,day,Town10HD_Opt,2026-03-14 10:31:33.063228,-16.57384490966797,-67.87489318847656,0.0019887923263013,7.945,-0.186,0.0,0.0,0,0,1,,1.0,2026-03-14T10:31:33.063228,neutral,0.887,2026-03-14T10:31:33.063228,0.5716607036045288,2026-03-14T10:31:33.916000,78,,,
participant_09,3,day,Town10HD_Opt,2026-03-14 10:31:34.124993,-18.15187263488769,-67.91958618164062,0.0019697952084243,5.505,-0.209,0.0,0.0,0,0,1,,1.0,2026-03-14T10:31:34.124993,neutral,0.887,2026-03-14T10:31:33.063228,0.6165756156752437,2026-03-14T10:31:34.908000,79,,,
participant_09,3,day,Town10HD_Opt,2026-03-14 10:31:35.224998,-19.241661071777344,-67.94865417480469,0.001974792452529,3.54,-0.209,0.044,0.0,0,0,1,,0.83,2026-03-14T10:31:35.224998,neutral,0.841,2026-03-14T10:31:35.224998,0.5959313989106766,2026-03-14T10:31:35.897000,76,,,
participant_09,3,day,Town10HD_Opt,2026-03-14 10:31:36.087455,-19.7937126159668,-67.96278381347656,0.0019468306563794,2.691,-0.211,0.039,0.0,0,0,1,,0.826,2026-03-14T10:31:36.087455,neutral,0.841,2026-03-14T10:31:35.224998,0.5400828360633546,2026-03-14T10:31:36.886000,76,,,
participant_09,3,day,Town10HD_Opt,2026-03-14 10:31:37.189465,-20.3541202545166,-67.97667694091797,0.0019191360333934,2.372,-0.211,0.08,0.0,0,0,1,,1.0,2026-03-14T10:31:37.189465,neutral,0.841,2026-03-14T10:31:35.224998,0.5931301448590063,2026-03-14T10:31:37.920000,75,,,
participant_09,3,day,Town10HD_Opt,2026-03-14 10:31:38.025653,-20.755523681640625,-67.9863052368164,0.0019197082147002,2.388,-0.211,0.079,0.0,0,0,1,,1.0,2026-03-14T10:31:38.025653,neutral,0.772,2026-03-14T10:31:38.025653,0.5397812435787408,2026-03-14T10:31:37.920000,74,,,
participant_09,3,day,Town10HD_Opt,2026-03-14 10:31:39.144369,-21.278705596923828,-67.99905395507812,0.0019181059906259,2.359,-0.303,0.079,0.0,0,0,1,,1.0,2026-03-14T10:31:39.144369,neutral,0.772,2026-03-14T10:31:38.025653,0.615050081036711,2026-03-14T10:31:39.946000,78,,,
participant_09,3,day,Town10HD_Opt,2026-03-14 10:31:40.215721,-22.338281631469727,-68.02104949951172,0.0014955520164221,13.303,-1.126,1.0,0.0,0,0,1,,1.0,2026-03-14T10:31:40.215721,neutral,0.3,2026-03-14T10:31:40.215721,0.5648165169779495,2026-03-14T10:31:40.891000,78,,,
participant_09,3,day,Town10HD_Opt,2026-03-14 10:31:41.095394,-25.638383865356445,-68.06746673583984,0.0016347122145816,26.5,-0.407,0.98,0.0,0,0,1,,1.0,2026-03-14T10:31:41.095394,neutral,0.3,2026-03-14T10:31:40.215721,0.5366560328219548,2026-03-14T10:31:41.926000,78,,,
participant_09,3,day,Town10HD_Opt,2026-03-14 10:31:42.162367,-33.98416519165039,-68.10005950927734,0.0016149901784956,45.254,-0.244,0.911,0.0,0,0,1,,1.0,2026-03-14T10:31:42.162367,neutral,0.3,2026-03-14T10:31:40.215721,0.5882514750446177,2026-03-14T10:31:42.917000,78,,,
participant_09,3,day,Town10HD_Opt,2026-03-14 10:31:43.252544,-45.44465637207031,-67.98456573486328,0.0027944182511419,48.173,-0.266,0.867,0.0,0,0,1,,1.0,2026-03-14T10:31:43.252544,neutral,0.712,2026-03-14T10:31:43.252544,0.5384983906738628,2026-03-14T10:31:43.906000,76,,,
participant_09,3,day,Town10HD_Opt,2026-03-14 10:31:44.124134,-54.19749069213867,-67.7772445678711,0.0021073913667351,48.688,-0.266,0.85,0.0,0,0,1,,1.0,2026-03-14T10:31:44.124134,neutral,0.712,2026-03-14T10:31:43.252544,0.5359528357839015,2026-03-14T10:31:44.896000,79,,,
participant_09,3,day,Town10HD_Opt,2026-03-14 10:31:44.987754,-62.92961120605469,-67.46438598632812,0.002148971427232,49.292,-1.619,0.835,0.0,0,0,1,,1.0,2026-03-14T10:31:44.987754,neutral,0.712,2026-03-14T10:31:43.252544,0.5104881124878422,2026-03-14T10:31:45.885000,78,,,
participant_09,3,day,Town10HD_Opt,2026-03-14 10:31:46.145278,-74.53531646728516,-66.25674438476562,0.001944770803675,51.313,-3.516,0.0,0.105,0,0,1,,1.0,2026-03-14T10:31:46.145278,neutral,0.83,2026-03-14T10:31:46.145278,0.5005416208426094,2026-03-14T10:31:46.920000,78,,,
participant_09,3,day,Town10HD_Opt,2026-03-14 10:31:47.044475,-82.96094512939453,-63.94218444824219,0.001926879864186,51.613,-5.78,0.0,0.122,0,0,1,,1.0,2026-03-14T10:31:47.044475,neutral,0.83,2026-03-14T10:31:46.145278,0.5282559712569854,2026-03-14T10:31:47.911000,80,,,
participant_09,3,day,Town10HD_Opt,2026-03-14 10:31:48.152923,-93.09765625,-58.106292724609375,0.0019272613571956,51.098,-4.365,0.0,0.11,0,0,1,,1.0,2026-03-14T10:31:48.152923,disgust,0.389,2026-03-14T10:31:48.152923,0.5700495347371856,2026-03-14T10:31:48.901000,79,,,
participant_09,3,day,Town10HD_Opt,2026-03-14 10:31:49.220421,-101.35604095458984,-49.91871643066406,0.0021142195910215,49.494,-4.785,0.82,0.0,0,0,1,,1.0,2026-03-14T10:31:49.220421,disgust,0.389,2026-03-14T10:31:48.152923,0.3673048759335041,2026-03-14T10:31:49.891000,82,,,
participant_09,3,day,Town10HD_Opt,2026-03-14 10:31:50.073556,-106.00668334960938,-42.580326080322266,0.00202003470622,49.858,-4.804,0.184,0.0,0,0,1,,1.0,2026-03-14T10:31:50.073556,disgust,0.389,2026-03-14T10:31:48.152923,0.574819971545548,2026-03-14T10:31:50.881000,81,,,
participant_09,3,day,Town10HD_Opt,2026-03-14 10:31:51.187016,-109.42648315429688,-33.06348419189453,0.0023785019293427,35.518,-4.825,0.0,0.0,0,0,1,,0.846,2026-03-14T10:31:51.187016,sad,0.417,2026-03-14T10:31:51.187016,0.4627666530888516,2026-03-14T10:31:51.915000,81,,,
participant_09,3,day,Town10HD_Opt,2026-03-14 10:31:52.075024,-110.25020599365234,-27.5059757232666,0.0023054503835737,27.829,-3.747,0.067,0.0,0,0,1,,1.0,2026-03-14T10:31:52.075024,sad,0.417,2026-03-14T10:31:51.187016,0.5127855606132025,2026-03-14T10:31:52.905000,83,,,
participant_09,3,day,Town10HD_Opt,2026-03-14 10:31:53.249609,-110.44356536865234,-21.716476440429688,0.0019973753951489,25.117,-0.884,0.904,0.0,0,0,1,,1.0,2026-03-14T10:31:53.249609,neutral,0.851,2026-03-14T10:31:53.249609,0.4374075065448765,2026-03-14T10:31:53.896000,82,,,
participant_09,3,day,Town10HD_Opt,2026-03-14 10:31:54.209472,-110.44886779785156,-16.275657653808594,0.001602325355634,39.292,-0.153,0.909,0.0,0,0,1,,1.0,2026-03-14T10:31:54.209472,neutral,0.851,2026-03-14T10:31:53.249609,0.5707462032691897,2026-03-14T10:31:54.886000,81,,,
participant_09,3,day,Town10HD_Opt,2026-03-14 10:31:55.141051,-110.42290496826172,-8.558015823364258,0.0016574477776885,50.436,0.0,0.846,0.0,0,0,1,,1.0,2026-03-14T10:31:55.141051,neutral,0.851,2026-03-14T10:31:53.249609,0.4597781154990307,2026-03-14T10:31:55.965000,80,,,
participant_09,3,day,Town10HD_Opt,2026-03-14 10:31:56.076225,-110.38150787353516,0.129364475607872,0.0022981644142419,45.017,0.068,0.0,0.0,0,0,1,,1.0,2026-03-14T10:31:56.076225,disgust,0.803,2026-03-14T10:31:56.076225,0.5599819072435428,2026-03-14T10:31:56.911000,82,,,
participant_09,3,day,Town10HD_Opt,2026-03-14 10:31:57.028754,-110.18648529052734,7.164276599884033,0.0023678205907344,34.726,-7.979,0.0,0.0,0,0,1,,1.0,2026-03-14T10:31:57.028754,disgust,0.803,2026-03-14T10:31:56.076225,0.5044415645177421,2026-03-14T10:31:57.900000,79,,,
participant_09,3,day,Town10HD_Opt,2026-03-14 10:31:58.214613,-108.52227020263672,13.84768772125244,0.0023350142873823,24.215,-6.469,0.0,0.0,0,0,1,,0.82,2026-03-14T10:31:58.214613,neutral,0.834,2026-03-14T10:31:58.214613,0.5005802424385658,2026-03-14T10:31:58.891000,80,,,
participant_09,3,day,Town10HD_Opt,2026-03-14 10:31:59.228427,-106.89096069335938,17.23970603942871,0.002207298297435,18.926,-10.35,0.174,0.0,0,0,1,,0.855,2026-03-14T10:31:59.228427,neutral,0.834,2026-03-14T10:31:58.214613,0.4497206904346532,2026-03-14T10:31:59.926000,80,,,
participant_09,3,day,Town10HD_Opt,2026-03-14 10:32:00.189124,-105.00686645507812,19.79562187194824,0.0018829344771802,17.639,-10.49,0.158,0.0,0,0,1,,0.806,2026-03-14T10:32:00.189124,neutral,0.834,2026-03-14T10:31:58.214613,0.5428554068557228,2026-03-14T10:32:00.916000,79,,,
participant_09,3,day,Town10HD_Opt,2026-03-14 10:32:01.144698,-102.90584564208984,21.818681716918945,0.002007408067584,15.239,-10.451,0.0,0.0,0,0,1,,0.836,2026-03-14T10:32:01.144698,neutral,0.769,2026-03-14T10:32:01.144698,0.4801899551393115,2026-03-14T10:32:01.907000,78,,,
participant_09,3,day,Town10HD_Opt,2026-03-14 10:32:02.104470,-100.97574615478516,23.197900772094727,0.0020336913876235,11.725,-10.442,0.0,0.0,0,0,1,,1.0,2026-03-14T10:32:02.104470,neutral,0.769,2026-03-14T10:32:01.144698,0.5077955971608946,2026-03-14T10:32:02.896000,82,,,
participant_09,3,day,Town10HD_Opt,2026-03-14 10:32:03.072019,-99.4513931274414,24.03972625732422,0.002060470636934,7.634,-10.442,0.0,0.232,0,0,1,,1.0,2026-03-14T10:32:03.072019,neutral,0.769,2026-03-14T10:32:01.144698,0.3904375506835714,2026-03-14T10:32:03.886000,81,,,
participant_09,3,day,Town10HD_Opt,2026-03-14 10:32:04.032843,-98.81804656982422,24.33336639404297,0.0021656798198819,0.001,-10.442,0.0,0.21,0,0,1,,0.836,2026-03-14T10:32:04.032843,neutral,0.812,2026-03-14T10:32:04.032843,0.4334390451982969,2026-03-14T10:32:04.920000,81,,,
participant_09,3,day,Town10HD_Opt,2026-03-14 10:32:05.050151,-98.81776428222656,24.33345603942871,0.0019286727765575,0.001,-10.442,0.0,0.0,0,0,1,,1.0,2026-03-14T10:32:05.050151,neutral,0.812,2026-03-14T10:32:04.032843,0.4751169287762333,2026-03-14T10:32:05.911000,84,,,
participant_09,3,day,Town10HD_Opt,2026-03-14 10:32:06.028368,-98.81704711914062,24.333784103393555,0.0019144057296216,0.476,-10.461,0.823,0.0,0,0,1,,1.0,2026-03-14T10:32:06.028368,neutral,0.812,2026-03-14T10:32:04.032843,0.3999738202284066,2026-03-14T10:32:06.901000,82,,,
participant_09,3,day,Town10HD_Opt,2026-03-14 10:32:07.001089,-97.72682189941406,24.76144218444824,0.0014048767043277,15.464,-11.243,1.0,0.0,0,0,1,,1.0,2026-03-14T10:32:07.001089,neutral,0.853,2026-03-14T10:32:07.001089,0.4765389729699435,2026-03-14T10:32:07.891000,81,,,
participant_09,3,day,Town10HD_Opt,2026-03-14 10:32:08.276555,-92.6659164428711,26.166566848754883,0.0018288802821189,27.838,-2.607,0.502,0.0,0,0,1,,0.892,2026-03-14T10:32:08.276555,neutral,0.853,2026-03-14T10:32:07.001089,0.4426141160071685,2026-03-14T10:32:08.925000,81,,,
participant_09,3,day,Town10HD_Opt,2026-03-14 10:32:09.218405,-87.6161880493164,27.13795280456543,0.0019355010008439,31.151,-2.906,0.515,0.0,0,0,1,,0.897,2026-03-14T10:32:09.218405,neutral,0.325,2026-03-14T10:32:09.218405,0.4459806475977061,2026-03-14T10:32:09.916000,83,,,
participant_09,3,day,Town10HD_Opt,2026-03-14 10:32:10.174499,-81.97632598876953,27.794395446777344,0.0019850158132612,33.139,-2.372,0.0,0.0,0,0,1,,1.0,2026-03-14T10:32:10.174499,neutral,0.325,2026-03-14T10:32:09.218405,0.5055984587303042,2026-03-14T10:32:10.906000,83,,,
participant_09,3,day,Town10HD_Opt,2026-03-14 10:32:11.097694,-76.71068572998047,28.06521224975586,0.0022735595703125,26.073,-2.283,0.0,0.22,0,0,1,,1.0,2026-03-14T10:32:11.097694,neutral,0.325,2026-03-14T10:32:09.218405,0.50091939840341,2026-03-14T10:32:11.896000,85,,,
participant_09,3,day,Town10HD_Opt,2026-03-14 10:32:12.058291,-72.79254913330078,28.06182098388672,0.0022995376493781,18.046,-1.093,0.0,0.229,0,0,1,,1.0,2026-03-14T10:32:12.058291,neutral,0.875,2026-03-14T10:32:12.058291,0.4571284356117061,2026-03-14T10:32:12.886000,88,,,
participant_09,3,day,Town10HD_Opt,2026-03-14 10:32:12.991558,-70.08612823486328,28.01803207397461,0.0020908354781568,12.466,0.602,0.0,0.23,0,0,1,,1.0,2026-03-14T10:32:12.991558,neutral,0.875,2026-03-14T10:32:12.058291,0.5470143678785899,2026-03-14T10:32:12.886000,86,,,
participant_09,3,day,Town10HD_Opt,2026-03-14 10:32:14.197931,-67.84396362304688,27.999467849731445,0.0020580291748046,6.531,0.049,0.0,0.241,0,0,1,,0.81,2026-03-14T10:32:14.197931,neutral,0.748,2026-03-14T10:32:14.197931,0.5363073004810066,2026-03-14T10:32:14.911000,90,,,
participant_09,3,day,Town10HD_Opt,2026-03-14 10:32:15.135797,-67.45134735107422,27.995492935180664,0.0020220566075295,0.0,0.035,0.0,0.239,0,0,1,,0.809,2026-03-14T10:32:15.135797,neutral,0.748,2026-03-14T10:32:14.197931,0.4425090593885267,2026-03-14T10:32:15.901000,85,,,
participant_09,3,day,Town10HD_Opt,2026-03-14 10:32:16.097090,-67.45096588134766,27.99549102783203,0.0019232940394431,0.003,-0.002,0.0,0.0,0,0,1,,0.863,2026-03-14T10:32:16.097090,neutral,0.748,2026-03-14T10:32:14.197931,0.5169615864732165,2026-03-14T10:32:16.892000,82,,,
participant_09,3,day,Town10HD_Opt,2026-03-14 10:32:16.994119,-67.45068359375,27.99549102783203,0.0019192504696547,0.0,0.157,0.0,0.0,0,0,1,,1.0,2026-03-14T10:32:16.994119,neutral,0.839,2026-03-14T10:32:16.994119,0.5440186320026895,2026-03-14T10:32:16.892000,85,,,
participant_09,3,day,Town10HD_Opt,2026-03-14 10:32:18.219476,-67.45057678222656,27.99549102783203,0.0019190978491678,0.0,0.07,0.0,0.0,0,0,1,,1.0,2026-03-14T10:32:18.219476,neutral,0.839,2026-03-14T10:32:16.994119,0.5346419945696272,2026-03-14T10:32:18.916000,81,,,
participant_09,3,day,Town10HD_Opt,2026-03-14 10:32:19.079550,-67.45059204101562,27.99549102783203,0.001919021597132,0.006,0.042,0.0,0.0,0,0,1,,1.0,2026-03-14T10:32:19.079550,disgust,0.627,2026-03-14T10:32:19.079550,0.4081506355031952,2026-03-14T10:32:19.906000,80,,,
participant_09,3,day,Town10HD_Opt,2026-03-14 10:32:20.011868,-67.45063018798828,27.99549102783203,0.0019188689766451,0.006,-0.073,0.0,0.0,0,0,1,,1.0,2026-03-14T10:32:20.011868,disgust,0.627,2026-03-14T10:32:19.079550,0.5466291574763295,2026-03-14T10:32:20.896000,82,,,
participant_09,3,day,Town10HD_Opt,2026-03-14 10:32:21.179491,-67.45050048828125,27.99549102783203,0.0019188689766451,0.006,-0.106,0.0,0.0,0,0,1,,1.0,2026-03-14T10:32:21.179491,neutral,0.915,2026-03-14T10:32:21.179491,0.5753907277583239,2026-03-14T10:32:21.886000,80,,,
participant_09,3,day,Town10HD_Opt,2026-03-14 10:32:22.159894,-67.45038604736328,27.99549102783203,0.0019191360333934,0.002,-0.268,0.0,0.0,0,0,1,,1.0,2026-03-14T10:32:22.159894,neutral,0.915,2026-03-14T10:32:21.179491,0.5428317439936693,2026-03-14T10:32:22.921000,81,,,
participant_09,3,day,Town10HD_Opt,2026-03-14 10:32:23.068809,-67.45016479492188,27.99549102783203,0.0019193649059161,0.001,-0.449,0.0,0.0,0,0,1,,1.0,2026-03-14T10:32:23.068809,neutral,0.915,2026-03-14T10:32:21.179491,0.5453078813097706,2026-03-14T10:32:23.911000,85,,,
participant_09,3,day,Town10HD_Opt,2026-03-14 10:32:24.247049,-67.45006561279297,27.99549102783203,0.0019193267216905,0.001,-0.463,0.0,0.0,0,0,1,,1.0,2026-03-14T10:32:24.247049,neutral,0.66,2026-03-14T10:32:24.247049,0.5808848379519718,2026-03-14T10:32:24.902000,85,,,
participant_09,3,day,Town10HD_Opt,2026-03-14 10:32:25.155420,-67.4499282836914,27.99549102783203,0.0019190596649423,0.006,-0.463,0.0,0.0,0,0,1,,1.0,2026-03-14T10:32:25.155420,neutral,0.66,2026-03-14T10:32:24.247049,0.4737192015957029,2026-03-14T10:32:25.891000,82,,,
participant_09,3,day,Town10HD_Opt,2026-03-14 10:32:26.058022,-67.4499740600586,27.99549102783203,0.0019188689766451,0.006,-0.463,0.0,0.0,0,0,1,,1.0,2026-03-14T10:32:26.058022,neutral,0.66,2026-03-14T10:32:24.247049,0.562545394342312,2026-03-14T10:32:26.926000,83,,,
participant_09,3,day,Town10HD_Opt,2026-03-14 10:32:27.186649,-67.44984436035156,27.99549102783203,0.0019189071608707,0.006,-0.463,0.0,0.0,0,0,1,,1.0,2026-03-14T10:32:27.186649,neutral,0.832,2026-03-14T10:32:27.186649,0.5456724515181471,2026-03-14T10:32:27.917000,81,,,
participant_09,3,day,Town10HD_Opt,2026-03-14 10:32:28.046831,-67.4498291015625,27.99549102783203,0.0019190978491678,0.002,-0.461,0.0,0.0,0,0,1,,1.0,2026-03-14T10:32:28.046831,neutral,0.832,2026-03-14T10:32:27.186649,0.4671426054438342,2026-03-14T10:32:27.917000,81,,,
participant_09,3,day,Town10HD_Opt,2026-03-14 10:32:29.148973,-67.44971466064453,27.99549102783203,0.0019190978491678,0.002,-0.461,0.0,0.0,0,0,1,,1.0,2026-03-14T10:32:29.148973,neutral,0.832,2026-03-14T10:32:27.186649,0.564997866741475,2026-03-14T10:32:29.941000,78,,,
participant_09,3,day,Town10HD_Opt,2026-03-14 10:32:30.014343,-67.44952392578125,27.99549102783203,0.0019192504696547,0.002,-0.451,0.0,0.0,0,0,1,,1.0,2026-03-14T10:32:30.014343,neutral,0.771,2026-03-14T10:32:30.014343,0.6133366034635218,2026-03-14T10:32:30.931000,76,,,
participant_09,3,day,Town10HD_Opt,2026-03-14 10:32:31.237918,-67.44941711425781,27.99549102783203,0.0019192122854292,0.002,-0.451,0.0,0.0,0,0,1,,1.0,2026-03-14T10:32:31.237918,neutral,0.771,2026-03-14T10:32:30.014343,0.5604416466333192,2026-03-14T10:32:31.921000,78,,,
participant_09,3,day,Town10HD_Opt,2026-03-14 10:32:32.130010,-67.44917297363281,27.995492935180664,0.0019190978491678,0.001,-0.451,0.0,0.0,0,0,1,,1.0,2026-03-14T10:32:32.130010,neutral,0.846,2026-03-14T10:32:32.130010,0.5742674996628717,2026-03-14T10:32:32.911000,79,,,
participant_09,3,day,Town10HD_Opt,2026-03-14 10:32:33.035799,-67.44918060302734,27.995492935180664,0.0019189834129065,0.006,-0.414,0.0,0.0,0,0,1,,1.0,2026-03-14T10:32:33.035799,neutral,0.846,2026-03-14T10:32:32.130010,0.5164733430572348,2026-03-14T10:32:33.902000,76,,,
participant_09,3,day,Town10HD_Opt,2026-03-14 10:32:34.200151,-67.44905090332031,27.995492935180664,0.001919021597132,0.006,-0.395,0.0,0.0,0,0,1,,1.0,2026-03-14T10:32:34.200151,disgust,0.742,2026-03-14T10:32:34.200151,0.5443447747962958,2026-03-14T10:32:34.891000,77,,,
participant_09,3,day,Town10HD_Opt,2026-03-14 10:32:35.147052,-67.4490966796875,27.995492935180664,0.0019188307924196,0.006,-0.395,0.0,0.0,0,0,1,,1.0,2026-03-14T10:32:35.147052,disgust,0.742,2026-03-14T10:32:34.200151,0.5413725494880719,2026-03-14T10:32:35.926000,77,,,
participant_09,3,day,Town10HD_Opt,2026-03-14 10:32:36.089063,-67.44898223876953,27.995492935180664,0.0019191741012036,0.002,-0.395,0.0,0.0,0,0,1,,1.0,2026-03-14T10:32:36.089063,disgust,0.742,2026-03-14T10:32:34.200151,0.6089217403205341,2026-03-14T10:32:36.916000,78,Solid line crossing,Solid line crossing,
participant_09,3,day,Town10HD_Opt,2026-03-14 10:32:36.987853,-67.44876098632812,27.995492935180664,0.0019193649059161,0.001,-0.395,0.0,0.0,0,0,1,,1.0,2026-03-14T10:32:36.987853,neutral,0.747,2026-03-14T10:32:36.987853,0.5813698205244876,2026-03-14T10:32:37.907000,77,,,
participant_09,3,day,Town10HD_Opt,2026-03-14 10:32:38.203737,-67.44866180419922,27.995492935180664,0.0019193267216905,0.001,-0.395,0.0,0.0,0,0,1,,1.0,2026-03-14T10:32:38.203737,neutral,0.747,2026-03-14T10:32:36.987853,0.5879009586932862,2026-03-14T10:32:38.896000,76,,,
participant_09,3,day,Town10HD_Opt,2026-03-14 10:32:39.111340,-67.44852447509766,27.995492935180664,0.0019190596649423,0.006,-0.388,0.0,0.0,0,0,1,,1.0,2026-03-14T10:32:39.111340,disgust,0.391,2026-03-14T10:32:39.111340,0.6452385330768378,2026-03-14T10:32:39.976000,78,,,
participant_09,3,day,Town10HD_Opt,2026-03-14 10:32:40.052635,-67.44857025146484,27.995492935180664,0.0019188689766451,0.138,-0.388,0.138,0.0,0,0,1,,1.0,2026-03-14T10:32:40.052635,disgust,0.391,2026-03-14T10:32:39.111340,0.6948778713533706,2026-03-14T10:32:40.921000,78,,,
participant_09,3,day,Town10HD_Opt,2026-03-14 10:32:41.044145,-66.77081298828125,27.98737335205078,0.0014355087187141,12.01,-0.374,1.0,0.0,0,0,1,,1.0,2026-03-14T10:32:41.044145,disgust,0.391,2026-03-14T10:32:39.111340,0.6355824606135593,2026-03-14T10:32:41.911000,77,,,
participant_09,3,day,Town10HD_Opt,2026-03-14 10:32:42.035136,-63.51765060424805,27.951549530029297,0.0016410826938226,26.242,0.663,0.989,0.0,0,0,1,,1.0,2026-03-14T10:32:42.035136,neutral,0.757,2026-03-14T10:32:42.035136,0.5850916759071537,2026-03-14T10:32:42.902000,78,,,
participant_09,3,day,Town10HD_Opt,2026-03-14 10:32:43.243027,-55.09164047241211,27.92442512512207,0.001574134803377,46.442,0.157,0.942,0.0,0,0,1,,1.0,2026-03-14T10:32:43.243027,neutral,0.757,2026-03-14T10:32:42.035136,0.6626954034744534,2026-03-14T10:32:43.893000,75,,,
participant_09,3,day,Town10HD_Opt,2026-03-14 10:32:44.125835,-46.3398666381836,27.94772148132324,0.002159004099667,48.434,0.367,0.91,0.0,0,0,1,,1.0,2026-03-14T10:32:44.125835,neutral,0.788,2026-03-14T10:32:44.125835,0.6797511355281578,2026-03-14T10:32:44.926000,79,,,
participant_09,3,day,Town10HD_Opt,2026-03-14 10:32:45.033362,-37.58712387084961,28.090538024902344,0.0020802689250558,49.535,-0.164,0.899,0.0,0,0,1,,1.0,2026-03-14T10:32:45.033362,neutral,0.788,2026-03-14T10:32:44.125835,0.7093450666898323,2026-03-14T10:32:45.916000,76,,,
participant_09,3,day,Town10HD_Opt,2026-03-14 10:32:46.172150,-25.8581657409668,28.263900756835938,0.0022165297996252,48.213,-0.148,0.881,0.0,0,0,1,,0.81,2026-03-14T10:32:46.172150,neutral,0.533,2026-03-14T10:32:46.172150,0.6671480483252292,2026-03-14T10:32:46.906000,79,,,
participant_09,3,day,Town10HD_Opt,2026-03-14 10:32:47.041139,-17.13397216796875,28.327192306518555,0.0020914839114993,49.275,-0.141,0.873,0.0,0,0,1,,1.0,2026-03-14T10:32:47.041139,neutral,0.533,2026-03-14T10:32:46.172150,0.718329032441282,2026-03-14T10:32:47.942000,77,,,
participant_09,3,day,Town10HD_Opt,2026-03-14 10:32:48.145334,-5.538365364074707,28.3308048248291,0.0021257400512695,49.15,-0.141,0.84,0.0,0,0,1,,1.0,2026-03-14T10:32:48.145334,neutral,0.533,2026-03-14T10:32:46.172150,0.7121942856613799,2026-03-14T10:32:48.931000,78,,,
participant_09,3,day,Town10HD_Opt,2026-03-14 10:32:49.016928,3.044560432434082,28.27477264404297,0.0022521971259266,45.126,-0.101,0.08,0.0,0,0,1,,1.0,2026-03-14T10:32:49.016928,neutral,0.801,2026-03-14T10:32:49.016928,0.6731654889709051,2026-03-14T10:32:49.922000,79,,,
participant_09,3,day,Town10HD_Opt,2026-03-14 10:32:50.185808,12.276952743530272,28.173173904418945,0.0023366163950413,32.959,0.068,0.027,0.0,0,0,1,,1.0,2026-03-14T10:32:50.185808,neutral,0.801,2026-03-14T10:32:49.016928,0.7139009229137113,2026-03-14T10:32:50.911000,76,,,
participant_09,3,day,Town10HD_Opt,2026-03-14 10:32:51.073562,17.460540771484375,28.123708724975582,0.0022537230979651,26.183,0.127,0.227,0.0,0,0,1,,1.0,2026-03-14T10:32:51.073562,neutral,0.832,2026-03-14T10:32:51.073562,0.7162959307841594,2026-03-14T10:32:51.901000,75,,,
participant_09,3,day,Town10HD_Opt,2026-03-14 10:32:52.211705,23.17502212524414,28.09251594543457,0.0021075438708066,23.042,0.442,0.295,0.0,0,0,1,,1.0,2026-03-14T10:32:52.211705,neutral,0.832,2026-03-14T10:32:51.073562,0.6374438332985743,2026-03-14T10:32:52.891000,78,,,
participant_09,3,day,Town10HD_Opt,2026-03-14 10:32:53.091668,27.16845893859864,28.19103240966797,0.0020302962511777,23.108,4.282,0.411,0.0,0,0,1,,0.852,2026-03-14T10:32:53.091668,neutral,0.677,2026-03-14T10:32:53.091668,0.7135028970629227,2026-03-14T10:32:53.927000,74,,,
participant_09,3,day,Town10HD_Opt,2026-03-14 10:32:54.247561,32.64247131347656,29.12192344665528,0.0020623779855668,23.855,10.812,0.18,0.0,0,0,1,,1.0,2026-03-14T10:32:54.247561,neutral,0.677,2026-03-14T10:32:53.091668,0.6612896439933601,2026-03-14T10:32:54.916000,76,,,
participant_09,3,day,Town10HD_Opt,2026-03-14 10:32:55.150889,36.13578414916992,30.83400154113769,0.0021691131405532,20.764,21.811,0.353,0.0,0,0,1,,0.863,2026-03-14T10:32:55.150889,neutral,0.678,2026-03-14T10:32:55.150889,0.6511905194909156,2026-03-14T10:32:55.907000,77,,,
participant_09,3,day,Town10HD_Opt,2026-03-14 10:32:56.011932,38.42826843261719,33.739349365234375,0.0019387054489925,24.286,26.619,0.649,0.0,0,0,1,,1.0,2026-03-14T10:32:56.011932,neutral,0.678,2026-03-14T10:32:55.150889,0.653770754402392,2026-03-14T10:32:56.896000,75,,,
participant_09,3,day,Town10HD_Opt,2026-03-14 10:32:57.126754,39.71278381347656,39.91453170776367,0.0021220778580754,26.686,-2.732,0.0,0.0,0,0,1,,0.92,2026-03-14T10:32:57.126754,neutral,0.678,2026-03-14T10:32:55.150889,0.7047370065029683,2026-03-14T10:32:57.932000,75,,,
participant_09,3,day,Town10HD_Opt,2026-03-14 10:32:58.050093,40.38682174682617,44.00396728515625,0.0022628020960837,19.964,5.609,0.0,0.161,0,0,1,,0.887,2026-03-14T10:32:58.050093,neutral,0.686,2026-03-14T10:32:58.050093,0.7046267353536713,2026-03-14T10:32:57.932000,74,,,
participant_09,3,day,Town10HD_Opt,2026-03-14 10:32:59.189133,40.61831283569336,47.85037612915039,0.0020634841639548,13.158,4.527,0.0,0.089,0,0,1,,0.901,2026-03-14T10:32:59.189133,neutral,0.686,2026-03-14T10:32:58.050093,0.6701418318799998,2026-03-14T10:32:59.911000,74,,,
participant_09,3,day,Town10HD_Opt,2026-03-14 10:33:00.000538,40.6002197265625,49.84638977050781,0.0020386122632771,9.415,2.017,0.0,0.094,0,0,1,,0.851,2026-03-14T10:33:00.000538,neutral,0.686,2026-03-14T10:32:58.050093,0.6578722803564995,2026-03-14T10:33:00.901000,75,,,
participant_09,3,day,Town10HD_Opt,2026-03-14 10:33:01.150682,40.59864044189453,51.59299850463867,0.0020112991333007,5.428,-0.771,0.0,0.095,0,0,1,,1.0,2026-03-14T10:33:01.150682,angry,0.515,2026-03-14T10:33:01.150682,0.6379167669736369,2026-03-14T10:33:01.892000,73,,,
participant_09,3,day,Town10HD_Opt,2026-03-14 10:33:02.228761,40.59919738769531,51.74951934814453,0.0019359969301149,0.001,-0.637,0.0,0.0,0,0,1,,0.842,2026-03-14T10:33:02.228761,angry,0.515,2026-03-14T10:33:01.150682,0.743027255591282,2026-03-14T10:33:02.972000,78,,,
participant_09,3,day,Town10HD_Opt,2026-03-14 10:33:03.075830,40.59919738769531,51.74956893920898,0.0019199752714484,0.001,-0.623,0.0,0.0,0,0,1,,0.858,2026-03-14T10:33:03.075830,angry,0.515,2026-03-14T10:33:01.150682,0.60769722681264,2026-03-14T10:33:03.916000,77,,,
participant_09,3,day,Town10HD_Opt,2026-03-14 10:33:04.147323,40.59919738769531,51.74967193603516,0.001919288537465,0.002,-0.609,0.0,0.0,0,0,1,,0.84,2026-03-14T10:33:04.147323,neutral,0.406,2026-03-14T10:33:04.147323,0.6172014119048463,2026-03-14T10:33:04.906000,76,,,
participant_09,3,day,Town10HD_Opt,2026-03-14 10:33:05.020951,40.599266052246094,51.75908660888672,0.0019170378800481,0.257,-0.583,0.437,0.0,0,0,1,,0.813,2026-03-14T10:33:05.020951,neutral,0.406,2026-03-14T10:33:04.147323,0.6471862808649829,2026-03-14T10:33:05.896000,80,,,
participant_09,3,day,Town10HD_Opt,2026-03-14 10:33:06.146830,40.61738204956055,53.624305725097656,0.0014182281447574,18.755,-0.726,0.929,0.0,0,0,1,,1.0,2026-03-14T10:33:06.146830,neutral,0.406,2026-03-14T10:33:04.147323,0.5988213321230516,2026-03-14T10:33:06.932000,78,,,errors=Stop sign violation
participant_09,3,day,Town10HD_Opt,2026-03-14 10:33:06.987558,40.79428482055664,57.6837158203125,0.0017106246668845,28.693,-7.271,0.68,0.0,0,0,1,,0.845,2026-03-14T10:33:06.987558,neutral,0.731,2026-03-14T10:33:06.987558,0.6770389003973291,2026-03-14T10:33:06.932000,78,,,
participant_09,3,day,Town10HD_Opt,2026-03-14 10:33:08.053838,42.87718200683594,64.6442642211914,0.002003707922995,32.921,-14.237,0.476,0.0,0,0,1,,0.843,2026-03-14T10:33:08.053838,neutral,0.731,2026-03-14T10:33:06.987558,0.5822348111007093,2026-03-14T10:33:08.911000,84,,,
participant_09,3,day,Town10HD_Opt,2026-03-14 10:33:09.108615,48.47679901123047,69.91735076904297,0.0020814132876694,33.628,-16.731,0.254,0.0,0,0,1,,1.0,2026-03-14T10:33:09.108615,neutral,0.585,2026-03-14T10:33:09.108615,0.6185340728433747,2026-03-14T10:33:09.902000,82,,,
participant_09,3,day,Town10HD_Opt,2026-03-14 10:33:10.192551,55.30108642578125,71.08908081054688,0.0023018645588308,25.014,-6.706,0.0,0.0,0,0,1,,1.0,2026-03-14T10:33:10.192551,neutral,0.585,2026-03-14T10:33:09.108615,0.6370189879885004,2026-03-14T10:33:10.892000,84,,,
participant_09,3,day,Town10HD_Opt,2026-03-14 10:33:11.026026,59.235931396484375,70.7127456665039,0.0021530149970203,20.787,1.102,0.313,0.0,0,0,1,,1.0,2026-03-14T10:33:11.026026,neutral,0.585,2026-03-14T10:33:09.108615,0.6189019064368771,2026-03-14T10:33:11.926000,82,,,
participant_09,3,day,Town10HD_Opt,2026-03-14 10:33:12.087468,64.08033752441406,70.34443664550781,0.0019847105722874,21.767,0.947,0.307,0.0,0,0,1,,1.0,2026-03-14T10:33:12.087468,neutral,0.503,2026-03-14T10:33:12.087468,0.7067277299087933,2026-03-14T10:33:12.917000,83,,,
participant_09,3,day,Town10HD_Opt,2026-03-14 10:33:13.216369,69.33792877197266,70.12712097167969,0.0019056319724768,25.055,1.577,0.585,0.0,0,0,1,,1.0,2026-03-14T10:33:13.216369,neutral,0.503,2026-03-14T10:33:12.087468,0.6184891235674022,2026-03-14T10:33:13.907000,80,,,
participant_09,3,day,Town10HD_Opt,2026-03-14 10:33:14.086271,74.4378662109375,70.09188842773438,0.0016482543433085,35.683,0.465,0.868,0.0,0,0,1,,1.0,2026-03-14T10:33:14.086271,neutral,0.503,2026-03-14T10:33:12.087468,0.6385613050051281,2026-03-14T10:33:14.897000,78,,,
participant_09,3,day,Town10HD_Opt,2026-03-14 10:33:15.209829,84.39671325683594,70.16127014160156,0.0017089080065488,49.76,0.284,0.174,0.0,0,0,1,,0.879,2026-03-14T10:33:15.209829,neutral,0.702,2026-03-14T10:33:15.209829,0.6560133452857742,2026-03-14T10:33:15.932000,78,,,
participant_09,3,day,Town10HD_Opt,2026-03-14 10:33:16.046930,92.52284240722656,70.67157745361328,0.0023846053518354,40.662,12.869,0.0,0.0,0,0,1,,1.0,2026-03-14T10:33:16.046930,neutral,0.702,2026-03-14T10:33:15.209829,0.7168085075670824,2026-03-14T10:33:16.921000,81,,,
participant_09,3,day,Town10HD_Opt,2026-03-14 10:33:17.121921,98.979248046875,74.74761962890625,0.0024179839529097,27.152,26.324,0.111,0.0,0,0,1,,0.85,2026-03-14T10:33:17.121921,neutral,0.702,2026-03-14T10:33:15.209829,0.7411875252371967,2026-03-14T10:33:17.912000,81,,,
participant_09,3,day,Town10HD_Opt,2026-03-14 10:33:18.006400,100.16167449951172,79.05223846435547,0.0020555495284497,26.404,11.735,0.519,0.0,0,0,1,,0.876,2026-03-14T10:33:18.006400,neutral,0.66,2026-03-14T10:33:18.006400,0.7039844125635829,2026-03-14T10:33:17.912000,79,,,
participant_09,3,day,Town10HD_Opt,2026-03-14 10:33:19.112392,100.37252807617188,86.3206558227539,0.0016176223289221,39.778,1.989,0.941,0.0,0,0,1,,0.84,2026-03-14T10:33:19.112392,neutral,0.66,2026-03-14T10:33:18.006400,0.6175409661399311,2026-03-14T10:33:19.982000,80,,,
participant_09,3,day,Town10HD_Opt,2026-03-14 10:33:20.191337,99.58689880371094,97.00057220458984,0.0019532011356204,48.91,4.551,0.422,0.0,0,0,1,,1.0,2026-03-14T10:33:20.191337,neutral,0.637,2026-03-14T10:33:20.191337,0.6392811464513977,2026-03-14T10:33:20.926000,80,,,
participant_09,3,day,Town10HD_Opt,2026-03-14 10:33:21.022555,97.41127014160156,105.1198501586914,0.0021046064794063,46.942,4.924,0.416,0.0,0,0,1,,1.0,2026-03-14T10:33:21.022555,neutral,0.637,2026-03-14T10:33:20.191337,0.7209719580236406,2026-03-14T10:33:21.916000,81,Vehicle-pedestrian collision,Vehicle-pedestrian collision,
participant_09,3,day,Town10HD_Opt,2026-03-14 10:33:22.115194,92.45632934570312,114.5903778076172,0.0021010206546634,44.709,3.49,0.411,0.0,0,0,1,,0.883,2026-03-14T10:33:22.115194,neutral,0.637,2026-03-14T10:33:20.191337,0.65324318826978,2026-03-14T10:33:22.906000,79,,,
participant_09,3,day,Town10HD_Opt,2026-03-14 10:33:23.231993,85.91512298583984,122.407470703125,0.0020941160619258,42.737,6.08,0.411,0.0,0,0,1,,1.0,2026-03-14T10:33:23.231993,neutral,0.824,2026-03-14T10:33:23.231993,0.5882564898700393,2026-03-14T10:33:23.897000,81,,,
participant_09,3,day,Town10HD_Opt,2026-03-14 10:33:24.065859,80.03003692626953,126.82511138916016,0.002091102534905,41.452,6.687,0.411,0.0,0,0,1,,0.897,2026-03-14T10:33:24.065859,neutral,0.824,2026-03-14T10:33:23.231993,0.7278500702412241,2026-03-14T10:33:24.977000,83,,,
participant_09,3,day,Town10HD_Opt,2026-03-14 10:33:25.153317,71.22933197021484,130.3314666748047,0.0020714949350804,40.045,6.343,0.411,0.0,0,0,1,,0.803,2026-03-14T10:33:25.153317,neutral,0.824,2026-03-14T10:33:23.231993,0.6112972392383315,2026-03-14T10:33:25.922000,83,,,
participant_09,3,day,Town10HD_Opt,2026-03-14 10:33:26.022713,64.3576431274414,131.23150634765625,0.0020726395305246,39.254,3.702,0.411,0.0,0,0,1,,0.911,2026-03-14T10:33:26.022713,neutral,0.703,2026-03-14T10:33:26.022713,0.6312274227594564,2026-03-14T10:33:26.912000,81,,,
participant_09,3,day,Town10HD_Opt,2026-03-14 10:33:27.182121,55.28429412841797,131.3521728515625,0.0020606995094567,38.501,0.153,0.411,0.0,0,0,1,,0.835,2026-03-14T10:33:27.182121,neutral,0.703,2026-03-14T10:33:26.022713,0.6066989529880775,2026-03-14T10:33:27.902000,82,,,
participant_09,3,day,Town10HD_Opt,2026-03-14 10:33:28.034584,48.58534622192383,131.31790161132812,0.0020580673590302,38.027,0.2,0.411,0.0,0,0,1,,1.0,2026-03-14T10:33:28.034584,happy,0.842,2026-03-14T10:33:28.034584,0.5958658184468649,2026-03-14T10:33:28.892000,82,,,
participant_09,3,day,Town10HD_Opt,2026-03-14 10:33:29.193465,39.7724494934082,131.20086669921875,0.0020553588401526,37.498,0.19,0.411,0.0,0,0,1,,0.804,2026-03-14T10:33:29.193465,happy,0.842,2026-03-14T10:33:28.034584,0.6859279864596686,2026-03-14T10:33:29.927000,85,,,
participant_09,3,day,Town10HD_Opt,2026-03-14 10:33:30.109688,33.2384147644043,131.08045959472656,0.0020536039955914,37.166,0.176,0.411,0.0,0,0,1,,1.0,2026-03-14T10:33:30.109688,neutral,0.482,2026-03-14T10:33:30.109688,0.6419378035831564,2026-03-14T10:33:30.917000,85,,,
participant_09,3,day,Town10HD_Opt,2026-03-14 10:33:31.030416,26.75946044921875,130.927001953125,0.0020520400721579,36.88,-0.092,0.411,0.0,0,0,1,,1.0,2026-03-14T10:33:31.030416,neutral,0.482,2026-03-14T10:33:30.109688,0.6467010085288429,2026-03-14T10:33:31.907000,86,,,
participant_09,3,day,Town10HD_Opt,2026-03-14 10:33:32.162683,18.19202041625977,130.75439453125,0.0020505141001194,36.546,0.007,0.411,0.0,0,0,1,,1.0,2026-03-14T10:33:32.162683,neutral,0.316,2026-03-14T10:33:32.162683,0.5689078665844545,2026-03-14T10:33:32.897000,87,,,
participant_09,3,day,Town10HD_Opt,2026-03-14 10:33:33.023603,11.811529159545898,130.6503143310547,0.0020494842901825,36.357,-0.052,0.411,0.0,0,0,1,,1.0,2026-03-14T10:33:33.023603,neutral,0.316,2026-03-14T10:33:32.162683,0.5991176760201256,2026-03-14T10:33:33.931000,83,,,
participant_09,3,day,Town10HD_Opt,2026-03-14 10:33:34.188210,3.699318170547485,130.53402709960938,0.0022764967288821,29.83,-0.056,0.0,0.0,0,0,1,,0.825,2026-03-14T10:33:34.188210,disgust,0.647,2026-03-14T10:33:34.188210,0.5782076377451353,2026-03-14T10:33:34.922000,80,,,
participant_09,3,day,Town10HD_Opt,2026-03-14 10:33:35.104299,-1.008681058883667,130.47671508789062,0.0022714994847774,23.064,-0.047,0.0,0.0,0,0,1,,0.808,2026-03-14T10:33:35.104299,disgust,0.647,2026-03-14T10:33:34.188210,0.5620625230397029,2026-03-14T10:33:35.912000,82,,,
participant_09,3,day,Town10HD_Opt,2026-03-14 10:33:36.207024,-5.549515247344971,130.42713928222656,0.001987915020436,16.071,-0.047,0.0,0.0,0,0,1,,0.869,2026-03-14T10:33:36.207024,neutral,0.827,2026-03-14T10:33:36.207024,0.6077811987522688,2026-03-14T10:33:36.903000,80,,,
participant_09,3,day,Town10HD_Opt,2026-03-14 10:33:37.074249,-8.052019119262695,130.40219116210938,0.0020366667304188,12.331,-0.047,0.0,0.0,0,0,1,,0.909,2026-03-14T10:33:37.074249,neutral,0.827,2026-03-14T10:33:36.207024,0.5685741401410254,2026-03-14T10:33:37.892000,80,,,
participant_09,3,day,Town10HD_Opt,2026-03-14 10:33:38.135454,-10.52568817138672,130.37908935546875,0.0019331359071657,10.591,-0.047,1.0,0.0,0,0,1,,0.815,2026-03-14T10:33:38.135454,neutral,0.827,2026-03-14T10:33:36.207024,0.6017940497147075,2026-03-14T10:33:38.927000,80,,,
participant_09,3,day,Town10HD_Opt,2026-03-14 10:33:39.011769,-13.48372745513916,130.35336303710938,0.001718025188893,24.069,-0.047,1.0,0.0,0,0,1,,1.0,2026-03-14T10:33:39.011769,neutral,0.686,2026-03-14T10:33:39.011769,0.5969181770370124,2026-03-14T10:33:39.916000,75,,,
participant_09,3,day,Town10HD_Opt,2026-03-14 10:33:40.069558,-21.493581771850582,130.29331970214844,0.0015409850748255,45.366,-0.047,0.947,0.0,0,0,1,,0.843,2026-03-14T10:33:40.069558,neutral,0.686,2026-03-14T10:33:39.011769,0.5466881846977814,2026-03-14T10:33:40.907000,75,,,
participant_09,3,day,Town10HD_Opt,2026-03-14 10:33:41.130626,-32.63459777832031,130.09324645996094,0.0023369216360151,42.131,12.704,0.0,0.0,0,0,1,,0.939,2026-03-14T10:33:41.130626,neutral,0.612,2026-03-14T10:33:41.130626,0.5822470267114859,2026-03-14T10:33:41.897000,76,,,
participant_09,3,day,Town10HD_Opt,2026-03-14 10:33:42.229123,-39.85125732421875,126.64789581298828,0.002438316354528,28.166,24.724,0.0,0.0,0,0,1,,1.0,2026-03-14T10:33:42.229123,neutral,0.612,2026-03-14T10:33:41.130626,0.5566008024679137,2026-03-14T10:33:42.932000,75,,,
participant_09,3,day,Town10HD_Opt,2026-03-14 10:33:43.077036,-41.55001831054688,122.69723510742188,0.0022796629928052,21.669,12.083,0.372,0.0,0,0,1,,0.887,2026-03-14T10:33:43.077036,neutral,0.612,2026-03-14T10:33:41.130626,0.5505722952250726,2026-03-14T10:33:43.922000,74,,,
participant_09,3,day,Town10HD_Opt,2026-03-14 10:33:44.224723,-42.297733306884766,116.77661895751952,0.001761665334925,31.763,3.945,0.535,0.0,0,0,1,,0.96,2026-03-14T10:33:44.224723,neutral,0.624,2026-03-14T10:33:44.224723,0.5456781066475886,2026-03-14T10:33:44.912000,73,,,
participant_09,3,day,Town10HD_Opt,2026-03-14 10:33:45.148057,-42.39371490478516,110.90908813476562,0.0019349288195371,35.261,0.327,0.503,0.0,0,0,1,,1.0,2026-03-14T10:33:45.148057,neutral,0.624,2026-03-14T10:33:44.224723,0.5965275960640314,2026-03-14T10:33:45.902000,75,,,
participant_09,3,day,Town10HD_Opt,2026-03-14 10:33:46.095178,-42.39030838012695,104.572021484375,0.0020065689459443,36.673,-0.341,0.292,0.0,0,0,1,,0.84,2026-03-14T10:33:46.095178,neutral,0.624,2026-03-14T10:33:44.224723,0.5674090127084935,2026-03-14T10:33:46.892000,75,,,
participant_09,3,day,Town10HD_Opt,2026-03-14 10:33:47.225814,-42.36312103271485,96.40238189697266,0.002136840717867,32.932,0.456,0.274,0.0,0,0,1,,1.0,2026-03-14T10:33:47.225814,neutral,0.671,2026-03-14T10:33:47.225814,0.6562145240117442,2026-03-14T10:33:47.927000,78,,,
participant_09,3,day,Town10HD_Opt,2026-03-14 10:33:48.075085,-42.2380256652832,90.84929656982422,0.0021273039747029,30.315,0.284,0.274,0.0,0,0,1,,1.0,2026-03-14T10:33:48.075085,neutral,0.671,2026-03-14T10:33:47.225814,0.6721280863608015,2026-03-14T10:33:48.962000,78,,,
participant_09,3,day,Town10HD_Opt,2026-03-14 10:33:49.161066,-42.02512741088867,84.10303497314453,0.0021158980671316,27.297,-0.11,0.234,0.0,0,0,1,,0.856,2026-03-14T10:33:49.161066,neutral,0.671,2026-03-14T10:33:47.225814,0.6300856472772065,2026-03-14T10:33:49.907000,78,,,
participant_09,3,day,Town10HD_Opt,2026-03-14 10:33:50.004371,-41.76006317138672,79.53406524658203,0.002128868130967,24.774,10.61,0.366,0.0,0,0,1,,0.919,2026-03-14T10:33:50.004371,neutral,0.733,2026-03-14T10:33:50.004371,0.6228291514623986,2026-03-14T10:33:50.897000,81,,,
participant_09,3,day,Town10HD_Opt,2026-03-14 10:33:51.169319,-39.638954162597656,74.21251678466797,0.0020449447911232,25.643,19.786,0.398,0.0,0,0,1,,0.813,2026-03-14T10:33:51.169319,neutral,0.733,2026-03-14T10:33:50.004371,0.6108317408513243,2026-03-14T10:33:51.932000,78,,,
participant_09,3,day,Town10HD_Opt,2026-03-14 10:33:52.019522,-36.22782516479492,71.31336975097656,0.0020793913863599,25.92,19.543,0.37,0.0,0,0,1,,1.0,2026-03-14T10:33:52.019522,neutral,0.792,2026-03-14T10:33:52.019522,0.7050379245504019,2026-03-14T10:33:52.922000,77,,,
participant_09,3,day,Town10HD_Opt,2026-03-14 10:33:53.162014,-30.414979934692383,70.008056640625,0.0020672224927693,25.852,8.415,0.347,0.0,0,0,1,,0.892,2026-03-14T10:33:53.162014,neutral,0.792,2026-03-14T10:33:52.019522,0.6885858759503778,2026-03-14T10:33:53.912000,76,,,
participant_09,3,day,Town10HD_Opt,2026-03-14 10:33:54.046011,-25.90091896057129,70.05767822265625,0.0020545958541333,25.606,-0.834,0.337,0.0,0,0,1,,0.84,2026-03-14T10:33:54.046011,neutral,0.58,2026-03-14T10:33:54.046011,0.6019053272907835,2026-03-14T10:33:54.902000,77,,,
participant_09,3,day,Town10HD_Opt,2026-03-14 10:33:55.204891,-19.96896171569824,70.10012817382812,0.0020531080663204,25.187,-1.65,0.341,0.0,0,0,1,,1.0,2026-03-14T10:33:55.204891,neutral,0.58,2026-03-14T10:33:54.046011,0.6021328737185987,2026-03-14T10:33:55.937000,80,,,
participant_09,3,day,Town10HD_Opt,2026-03-14 10:33:56.042035,-15.577058792114258,70.00431823730469,0.0020515441428869,24.95,-0.472,0.341,0.0,0,0,1,,1.0,2026-03-14T10:33:56.042035,neutral,0.58,2026-03-14T10:33:54.046011,0.6231659767293228,2026-03-14T10:33:56.927000,79,,,
participant_09,3,day,Town10HD_Opt,2026-03-14 10:33:57.196696,-9.78283405303955,69.7909927368164,0.0020502470433712,24.671,0.153,0.341,0.0,0,0,1,,1.0,2026-03-14T10:33:57.196696,disgust,0.664,2026-03-14T10:33:57.196696,0.5629048283419513,2026-03-14T10:33:57.916000,79,,,
participant_09,3,day,Town10HD_Opt,2026-03-14 10:33:58.089882,-5.4749755859375,69.658447265625,0.0020494079217314,24.507,0.714,0.341,0.0,0,0,1,,1.0,2026-03-14T10:33:58.089882,disgust,0.664,2026-03-14T10:33:57.196696,0.5380928357359763,2026-03-14T10:33:58.906000,79,,,
participant_09,3,day,Town10HD_Opt,2026-03-14 10:33:59.142760,0.2272694706916809,69.58619689941406,0.0020485685672611,24.317,0.649,0.341,0.0,0,0,1,,1.0,2026-03-14T10:33:59.142760,disgust,0.664,2026-03-14T10:33:57.196696,0.5565703654220298,2026-03-14T10:33:59.897000,82,,,
participant_09,3,day,Town10HD_Opt,2026-03-14 10:34:00.191344,5.887117385864258,69.62307739257812,0.0020478058140724,24.142,0.649,0.341,0.0,0,0,1,,1.0,2026-03-14T10:34:00.191344,neutral,0.856,2026-03-14T10:34:00.191344,0.5980207369009333,2026-03-14T10:34:00.932000,85,,,
participant_09,3,day,Town10HD_Opt,2026-03-14 10:34:00.993497,10.10447597503662,69.71953582763672,0.0020542526617646,23.829,0.045,0.139,0.0,0,0,1,,1.0,2026-03-14T10:34:00.993497,neutral,0.856,2026-03-14T10:34:00.191344,0.5722901916187183,2026-03-14T10:34:00.932000,86,,,
participant_09,3,day,Town10HD_Opt,2026-03-14 10:34:02.060955,14.972326278686523,69.81775665283203,0.0019818113651126,17.264,-0.223,0.0,0.085,0,0,1,,0.834,2026-03-14T10:34:02.060955,neutral,0.856,2026-03-14T10:34:00.191344,0.7672829744780898,2026-03-14T10:34:02.912000,84,,,
participant_09,3,day,Town10HD_Opt,2026-03-14 10:34:03.218960,18.33135032653809,69.867919921875,0.0020519637037068,11.19,0.092,0.0,0.086,0,0,1,,1.0,2026-03-14T10:34:03.218960,neutral,0.633,2026-03-14T10:34:03.218960,0.7053184509064957,2026-03-14T10:34:03.903000,83,,,
participant_09,3,day,Town10HD_Opt,2026-03-14 10:34:04.060704,20.056047439575195,69.89649963378906,0.0020162963774055,8.316,0.07,0.0,0.0,0,0,1,,1.0,2026-03-14T10:34:04.060704,neutral,0.633,2026-03-14T10:34:03.218960,0.7676701121285192,2026-03-14T10:34:04.937000,83,,,
participant_09,3,day,Town10HD_Opt,2026-03-14 10:34:05.234882,21.697185516357425,69.92407989501953,0.0019641113467514,5.786,0.026,0.0,0.0,0,0,1,,0.8,2026-03-14T10:34:05.234882,disgust,0.707,2026-03-14T10:34:05.234882,0.8077117420423279,2026-03-14T10:34:05.927000,84,,,
participant_09,3,day,Town10HD_Opt,2026-03-14 10:34:06.107292,22.612682342529297,69.93960571289062,0.0019620894454419,4.515,0.026,0.0,0.0,0,0,1,,1.0,2026-03-14T10:34:06.107292,disgust,0.707,2026-03-14T10:34:05.234882,0.91727629475257,2026-03-14T10:34:06.917000,80,,,
participant_09,3,day,Town10HD_Opt,2026-03-14 10:34:07.230646,23.48932838439941,69.95458984375,0.001939010573551,3.339,0.021,0.0,0.0,0,0,1,,0.835,2026-03-14T10:34:07.230646,disgust,0.707,2026-03-14T10:34:05.234882,0.99,2026-03-14T10:34:07.907000,82,,,
participant_09,3,day,Town10HD_Opt,2026-03-14 10:34:08.062869,24.06035041809082,69.9643325805664,0.0019300079438835,3.255,-0.002,0.104,0.0,0,0,1,,1.0,2026-03-14T10:34:08.062869,neutral,0.784,2026-03-14T10:34:08.062869,0.99,2026-03-14T10:34:07.907000,81,,,
participant_09,3,day,Town10HD_Opt,2026-03-14 10:34:09.190806,24.795312881469727,69.97679901123047,0.0019329452188685,3.023,-0.007,0.0,0.0,0,0,1,,1.0,2026-03-14T10:34:09.190806,neutral,0.784,2026-03-14T10:34:08.062869,0.99,2026-03-14T10:34:09.932000,81,,,
participant_09,3,day,Town10HD_Opt,2026-03-14 10:34:10.063992,25.27286148071289,69.98480987548828,0.0019470977131277,2.443,-0.023,0.0,0.0,0,0,1,,1.0,2026-03-14T10:34:10.063992,disgust,0.657,2026-03-14T10:34:10.063992,0.981217125252268,2026-03-14T10:34:10.922000,80,,,
participant_09,3,day,Town10HD_Opt,2026-03-14 10:34:11.214266,25.786989212036133,69.99333953857422,0.0019361877348273,1.838,-0.049,0.0,0.0,0,0,1,,1.0,2026-03-14T10:34:11.214266,disgust,0.657,2026-03-14T10:34:10.063992,0.9639904260627004,2026-03-14T10:34:11.913000,82,,,
participant_09,3,day,Town10HD_Opt,2026-03-14 10:34:12.001668,26.005651473999023,69.99691009521484,0.0020171354990452,0.0,-0.082,0.0,0.023,0,0,1,,1.0,2026-03-14T10:34:12.001668,disgust,0.657,2026-03-14T10:34:10.063992,0.99,2026-03-14T10:34:12.902000,78,,,
participant_09,3,day,Town10HD_Opt,2026-03-14 10:34:13.102283,26.014583587646484,69.99700927734375,0.0018748092697933,1.984,-0.11,0.891,0.0,0,0,1,,1.0,2026-03-14T10:34:13.102283,neutral,0.803,2026-03-14T10:34:13.102283,0.9701006398267712,2026-03-14T10:34:13.941000,81,,,
participant_09,3,day,Town10HD_Opt,2026-03-14 10:34:14.234006,28.25550651550293,70.01384735107422,0.0015568542294204,18.717,-4.098,0.718,0.0,0,0,1,,0.836,2026-03-14T10:34:14.234006,neutral,0.803,2026-03-14T10:34:13.102283,0.99,2026-03-14T10:34:14.927000,79,,,errors=Stop sign violation
participant_09,3,day,Town10HD_Opt,2026-03-14 10:34:15.119624,31.852508544921875,69.66873168945312,0.0018894576933234,23.26,-9.952,0.512,0.0,0,0,1,,0.891,2026-03-14T10:34:15.119624,neutral,0.528,2026-03-14T10:34:15.119624,0.9467923511186648,2026-03-14T10:34:15.917000,80,,,
participant_09,3,day,Town10HD_Opt,2026-03-14 10:34:15.998416,35.94948196411133,68.43694305419922,0.0020547485910356,24.352,-9.586,0.0,0.0,0,0,1,,0.895,2026-03-14T10:34:15.998416,neutral,0.528,2026-03-14T10:34:15.119624,0.9761621691134402,2026-03-14T10:34:16.907000,81,,,
participant_09,3,day,Town10HD_Opt,2026-03-14 10:34:17.088626,40.13043594360352,65.98561096191406,0.0019803238101303,17.062,-10.802,0.0,0.084,0,0,1,,0.929,2026-03-14T10:34:17.088626,neutral,0.528,2026-03-14T10:34:15.119624,0.99,2026-03-14T10:34:17.942000,81,,,
participant_09,3,day,Town10HD_Opt,2026-03-14 10:34:18.213065,42.47154998779297,63.68233871459961,0.0020598983392119,11.045,-10.891,0.0,0.104,0,0,1,,0.921,2026-03-14T10:34:18.213065,neutral,0.619,2026-03-14T10:34:18.213065,0.99,2026-03-14T10:34:18.932000,81,,,
participant_09,3,day,Town10HD_Opt,2026-03-14 10:34:19.050388,43.54558181762695,62.22348403930664,0.0017671203240752,13.166,-13.477,0.86,0.0,0,0,1,,0.935,2026-03-14T10:34:19.050388,neutral,0.619,2026-03-14T10:34:18.213065,0.9346461968248936,2026-03-14T10:34:19.922000,82,,,
participant_09,3,day,Town10HD_Opt,2026-03-14 10:34:20.177585,45.31515884399414,57.98899459838867,0.0017655562842264,26.631,-16.206,0.665,0.0,0,0,1,,0.904,2026-03-14T10:34:20.177585,neutral,0.619,2026-03-14T10:34:18.213065,0.99,2026-03-14T10:34:20.912000,84,,,
participant_09,3,day,Town10HD_Opt,2026-03-14 10:34:21.040160,45.56425857543945,53.06208038330078,0.0021139143500477,27.518,-12.597,0.0,0.0,0,0,1,,0.833,2026-03-14T10:34:21.040160,sad,0.364,2026-03-14T10:34:21.040160,0.99,2026-03-14T10:34:21.903000,82,,,
participant_09,3,day,Town10HD_Opt,2026-03-14 10:34:22.143678,44.514408111572266,47.69245147705078,0.0022445677313953,19.029,2.017,0.0,0.0,0,0,1,,0.952,2026-03-14T10:34:22.143678,sad,0.364,2026-03-14T10:34:21.040160,0.99,2026-03-14T10:34:23.027000,83,,,
participant_09,3,day,Town10HD_Opt,2026-03-14 10:34:23.012169,44.109169006347656,44.78113555908203,0.0020786665845662,13.969,9.449,0.0,0.234,0,0,1,,0.881,2026-03-14T10:34:23.012169,sad,0.364,2026-03-14T10:34:21.040160,0.99,2026-03-14T10:34:23.928000,82,,,
participant_09,3,day,Town10HD_Opt,2026-03-14 10:34:24.094689,44.06057357788086,42.22362518310547,0.0020605085883289,7.811,0.376,0.0,0.222,0,0,1,,0.937,2026-03-14T10:34:24.094689,neutral,0.494,2026-03-14T10:34:24.094689,0.9218912939682375,2026-03-14T10:34:24.965000,79,,,
participant_09,3,day,Town10HD_Opt,2026-03-14 10:34:25.214628,44.03386688232422,41.19465255737305,0.0017789077246561,5.534,3.142,0.969,0.0,0,0,1,,0.922,2026-03-14T10:34:25.214628,neutral,0.494,2026-03-14T10:34:24.094689,0.99,2026-03-14T10:34:25.907000,81,,,
participant_09,3,day,Town10HD_Opt,2026-03-14 10:34:26.026389,44.09175109863281,39.0023193359375,0.0016792296664789,19.71,6.554,0.76,0.0,0,0,1,,0.942,2026-03-14T10:34:26.026389,neutral,0.494,2026-03-14T10:34:24.094689,0.99,2026-03-14T10:34:26.942000,75,,,
participant_09,3,day,Town10HD_Opt,2026-03-14 10:34:27.107568,45.30293655395508,33.60765075683594,0.0019425963982939,26.958,15.946,0.426,0.0,0,0,1,,1.0,2026-03-14T10:34:27.107568,neutral,0.757,2026-03-14T10:34:27.107568,0.99,2026-03-14T10:34:27.933000,80,,,
participant_09,3,day,Town10HD_Opt,2026-03-14 10:34:28.203467,49.425907135009766,28.928815841674805,0.0020802307408303,27.715,21.969,0.418,0.0,0,0,1,,1.0,2026-03-14T10:34:28.203467,neutral,0.757,2026-03-14T10:34:27.107568,0.99,2026-03-14T10:34:28.922000,82,,,
participant_09,3,day,Town10HD_Opt,2026-03-14 10:34:29.064545,54.045555114746094,27.373952865600582,0.0020544815342873,28.148,6.265,0.32,0.0,0,0,1,,0.813,2026-03-14T10:34:29.064545,neutral,0.757,2026-03-14T10:34:27.107568,0.966604722576802,2026-03-14T10:34:29.912000,81,,,
participant_09,3,day,Town10HD_Opt,2026-03-14 10:34:30.149671,60.3571891784668,26.45615005493164,0.002147254999727,25.308,1.354,0.665,0.0,0,0,1,,1.0,2026-03-14T10:34:30.149671,sad,0.354,2026-03-14T10:34:30.149671,0.979735915170036,2026-03-14T10:34:30.904000,83,,,
participant_09,3,day,Town10HD_Opt,2026-03-14 10:34:31.217060,67.55353546142578,25.867149353027344,0.0015673064626753,40.915,1.551,0.712,0.0,0,0,1,,0.812,2026-03-14T10:34:31.217060,sad,0.354,2026-03-14T10:34:30.149671,0.9033245209733,2026-03-14T10:34:31.937000,85,,,
participant_09,3,day,Town10HD_Opt,2026-03-14 10:34:32.024918,74.39642333984375,25.63248634338379,0.0023254775442183,34.252,1.208,0.27,0.0,0,0,1,,0.837,2026-03-14T10:34:32.024918,sad,0.354,2026-03-14T10:34:30.149671,0.99,2026-03-14T10:34:32.927000,89,,,
participant_09,3,day,Town10HD_Opt,2026-03-14 10:34:33.114275,83.26750946044922,25.76095199584961,0.0015934753464534,47.131,0.59,0.78,0.0,0,0,1,,0.86,2026-03-14T10:34:33.114275,neutral,0.613,2026-03-14T10:34:33.114275,0.9631821142799326,2026-03-14T10:34:33.917000,85,,,
participant_09,3,day,Town10HD_Opt,2026-03-14 10:34:34.163615,93.7061004638672,25.333051681518555,0.0023770141415297,38.043,-9.047,0.024,0.0,0,0,1,,1.0,2026-03-14T10:34:34.163615,neutral,0.613,2026-03-14T10:34:33.114275,0.9891251593879722,2026-03-14T10:34:34.908000,86,,,
participant_09,3,day,Town10HD_Opt,2026-03-14 10:34:35.045202,99.4744873046875,23.057025909423828,0.0020834731403738,35.504,-15.112,0.672,0.0,0,0,1,,0.858,2026-03-14T10:34:35.045202,neutral,0.613,2026-03-14T10:34:33.114275,0.99,2026-03-14T10:34:35.897000,86,,,
participant_09,3,day,Town10HD_Opt,2026-03-14 10:34:36.114409,105.08228302001952,16.136089324951172,0.0020579528063535,41.109,-14.805,0.0,0.0,0,0,1,,0.835,2026-03-14T10:34:36.114409,neutral,0.874,2026-03-14T10:34:36.114409,0.9766657384288808,2026-03-14T10:34:36.932000,84,,,
participant_09,3,day,Town10HD_Opt,2026-03-14 10:34:37.162157,105.69329071044922,8.024374961853027,0.0023332594428211,29.229,-3.304,0.0,0.0,0,0,1,,1.0,2026-03-14T10:34:37.162157,neutral,0.874,2026-03-14T10:34:36.114409,0.9561880545079742,2026-03-14T10:34:37.923000,84,,,
participant_09,3,day,Town10HD_Opt,2026-03-14 10:34:38.006322,105.07264709472656,3.4549598693847656,0.0021926879417151,24.016,17.941,0.275,0.0,0,0,1,,0.906,2026-03-14T10:34:38.006322,neutral,0.874,2026-03-14T10:34:36.114409,0.99,2026-03-14T10:34:38.912000,84,,,
participant_09,3,day,Town10HD_Opt,2026-03-14 10:34:39.109821,106.48091888427734,-1.6110774278640747,0.0021101760212332,21.954,5.756,0.389,0.0,0,0,1,,0.876,2026-03-14T10:34:39.109821,neutral,0.344,2026-03-14T10:34:39.109821,0.9277500580061095,2026-03-14T10:34:39.902000,83,Vehicle collision,Vehicle collision,
participant_09,3,day,Town10HD_Opt,2026-03-14 10:34:40.116301,108.75334930419922,-6.9930267333984375,0.0016254043439403,33.399,-11.462,0.922,0.0,0,0,1,,1.0,2026-03-14T10:34:40.116301,neutral,0.344,2026-03-14T10:34:39.109821,0.99,2026-03-14T10:34:40.938000,86,,,
participant_09,3,day,Town10HD_Opt,2026-03-14 10:34:41.165478,108.90309143066406,-16.388811111450195,0.0017547225579619,47.858,-7.209,0.699,0.0,0,0,1,,0.896,2026-03-14T10:34:41.165478,neutral,0.436,2026-03-14T10:34:41.165478,0.99,2026-03-14T10:34:41.928000,84,,,
participant_09,3,day,Town10HD_Opt,2026-03-14 10:34:42.203167,105.22664642333984,-27.272262573242188,0.0021546173375099,47.478,12.289,0.0,0.0,0,0,1,,0.836,2026-03-14T10:34:42.203167,neutral,0.436,2026-03-14T10:34:41.165478,0.977099830251426,2026-03-14T10:34:42.918000,83,,,
participant_09,3,day,Town10HD_Opt,2026-03-14 10:34:43.002571,104.50778198242188,-34.56398010253906,0.002410392742604,36.384,10.271,0.0,0.0,0,0,1,,0.95,2026-03-14T10:34:43.002571,neutral,0.436,2026-03-14T10:34:41.165478,0.9793275924810112,2026-03-14T10:34:43.908000,84,,,
participant_09,3,day,Town10HD_Opt,2026-03-14 10:34:44.002694,106.3005142211914,-41.59922790527344,0.0022942733485251,25.621,-6.421,0.0,0.0,0,0,1,,0.829,2026-03-14T10:34:44.002694,neutral,0.695,2026-03-14T10:34:44.002694,0.9595782139066,2026-03-14T10:34:43.908000,85,,,
participant_09,3,day,Town10HD_Opt,2026-03-14 10:34:45.022604,106.77525329589844,-46.37906646728516,0.0248505398631095,9.72,-11.441,0.0,0.0,0,0,1,,1.0,2026-03-14T10:34:45.022604,neutral,0.695,2026-03-14T10:34:44.002694,0.9838009568718648,2026-03-14T10:34:45.933000,85,,,
participant_09,3,day,Town10HD_Opt,2026-03-14 10:34:45.988885,106.73240661621094,-46.51335525512695,0.0367256551980972,0.013,-11.61,0.0,0.0,0,0,1,,1.0,2026-03-14T10:34:45.988885,neutral,0.695,2026-03-14T10:34:44.002694,0.99,2026-03-14T10:34:45.933000,86,,,
participant_09,3,day,Town10HD_Opt,2026-03-14 10:34:47.118671,-41.66875076293945,89.74507904052734,-0.0706437975168228,0.863,-10.499,0.0,0.0,0,0,0,,1.0,2026-03-14T10:34:47.118671,neutral,0.632,2026-03-14T10:34:47.118671,0.9863499234796044,2026-03-14T10:34:47.912000,85,,,
participant_09,3,day,Town10HD_Opt,2026-03-14 10:34:48.233079,-41.66885757446289,89.74560546875,0.0016922760987654,0.002,1.363,0.746,0.0,0,0,0,,1.0,2026-03-14T10:34:48.233079,neutral,0.632,2026-03-14T10:34:47.118671,0.99,2026-03-14T10:34:48.902000,83,,,
participant_09,3,day,Town10HD_Opt,2026-03-14 10:34:49.037516,-41.668212890625,88.78458404541016,0.0014388725394383,13.657,0.367,0.726,0.0,0,0,1,,1.0,2026-03-14T10:34:49.037516,neutral,0.632,2026-03-14T10:34:47.118671,0.9291264608670072,2026-03-14T10:34:48.902000,84,,,
participant_09,3,day,Town10HD_Opt,2026-03-14 10:34:50.109968,-41.647499084472656,84.77090454101562,0.0018525690538808,17.165,0.36,0.0,0.0,0,0,1,,1.0,2026-03-14T10:34:50.109968,disgust,0.784,2026-03-14T10:34:50.109968,0.9627678054011376,2026-03-14T10:34:50.928000,85,,,
participant_09,3,day,Town10HD_Opt,2026-03-14 10:34:51.148065,-41.59908676147461,81.3432388305664,0.002033308148384,12.104,1.648,0.0,0.0,0,0,1,,1.0,2026-03-14T10:34:51.148065,disgust,0.784,2026-03-14T10:34:50.109968,0.99,2026-03-14T10:34:51.918000,84,,,
participant_09,3,day,Town10HD_Opt,2026-03-14 10:34:52.235277,-41.40237045288086,78.86808776855469,0.001847039326094,11.69,10.13,0.62,0.0,0,0,1,,1.0,2026-03-14T10:34:52.235277,neutral,0.646,2026-03-14T10:34:52.235277,0.99,2026-03-14T10:34:52.908000,81,,,
participant_09,3,day,Town10HD_Opt,2026-03-14 10:34:53.110043,-40.7593002319336,76.3138427734375,0.0018752701580524,18.649,14.268,0.495,0.0,0,0,1,,1.0,2026-03-14T10:34:53.110043,neutral,0.646,2026-03-14T10:34:52.235277,0.9645281056699304,2026-03-14T10:34:53.898000,83,,,
participant_09,3,day,Town10HD_Opt,2026-03-14 10:34:54.165304,-38.607452392578125,72.546875,0.001912840292789,17.567,22.753,0.0,0.0,0,0,1,,1.0,2026-03-14T10:34:54.165304,neutral,0.646,2026-03-14T10:34:52.235277,0.99,2026-03-14T10:34:54.933000,85,,,
participant_09,3,day,Town10HD_Opt,2026-03-14 10:34:55.027969,-36.41231155395508,70.97358703613281,0.0020777105819433,13.46,25.674,0.0,0.0,0,0,1,,1.0,2026-03-14T10:34:55.027969,neutral,0.987,2026-03-14T10:34:55.027969,0.953083853713516,2026-03-14T10:34:54.933000,82,,,
participant_09,3,day,Town10HD_Opt,2026-03-14 10:34:56.180632,-33.746219635009766,70.2314682006836,0.0018725210102275,12.788,22.028,0.545,0.0,0,0,1,phone_call,0.927,2026-03-14T10:34:56.180632,neutral,0.987,2026-03-14T10:34:55.027969,0.9835148766168452,2026-03-14T10:34:56.913000,84,,,
participant_09,3,day,Town10HD_Opt,2026-03-14 10:34:57.022553,-31.143085479736328,70.19014739990234,0.0018917088164016,15.615,7.477,0.127,0.0,0,0,1,phone_call,0.827,2026-03-14T10:34:57.022553,neutral,0.987,2026-03-14T10:34:55.027969,0.99,2026-03-14T10:34:57.902000,84,,,
participant_09,3,day,Town10HD_Opt,2026-03-14 10:34:58.145799,-27.72719383239746,70.13765716552734,0.0019377514254301,14.214,-2.304,0.392,0.0,0,0,1,,1.0,2026-03-14T10:34:58.145799,neutral,0.87,2026-03-14T10:34:58.145799,0.9714680688604388,2026-03-14T10:34:58.937000,82,,,
participant_09,3,day,Town10HD_Opt,2026-03-14 10:34:59.000118,-24.87954330444336,70.01594543457031,0.0020081351976841,18.547,0.522,0.527,0.0,0,0,1,,1.0,2026-03-14T10:34:59.000118,neutral,0.87,2026-03-14T10:34:58.145799,0.9823192897471354,2026-03-14T10:34:58.937000,82,,,
participant_09,4,day,Town10HD_Opt,2026-03-14 10:45:00.000000,-41.66858673095703,89.7454833984375,0.5804919004440308,4.779,-0.172,0.704,0.0,0,0,1,,1.0,2026-03-14T10:45:00,,,2026-03-14T10:45:00,0.4428338476206152,2026-03-14T10:45:00,77,,,
participant_09,4,day,Town10HD_Opt,2026-03-14 10:45:04.515184,-41.66976165771485,89.4715347290039,0.0016576766502112,5.422,-0.172,0.692,0.0,0,0,1,,1.0,2026-03-14T10:45:04.515184,,,2026-03-14T10:45:04.515184,0.4682577220780756,2026-03-14T10:45:04.006000,78,,,
participant_09,4,day,Town10HD_Opt,2026-03-14 10:45:05.177038,-41.67391204833984,88.46046447753906,0.0016296386020258,11.912,-0.172,0.572,0.0,0,0,1,,1.0,2026-03-14T10:45:05.177038,,,2026-03-14T10:45:04.515184,0.4840752156526791,2026-03-14T10:45:05.041000,74,,,
participant_09,4,day,Town10HD_Opt,2026-03-14 10:45:06.157513,-41.68680191040039,85.87332916259766,0.0017773056169971,17.079,-0.172,0.338,0.0,0,0,1,,0.901,2026-03-14T10:45:06.157513,,,2026-03-14T10:45:04.515184,0.4542079760900521,2026-03-14T10:45:06.030000,79,,,
participant_09,4,day,Town10HD_Opt,2026-03-14 10:45:07.138627,-41.70051193237305,82.77305603027344,0.0019827270880341,18.125,1.608,0.252,0.0,0,0,1,,1.0,2026-03-14T10:45:07.138627,neutral,0.591,2026-03-14T10:45:07.138627,0.5100826947029762,2026-03-14T10:45:07.021000,79,,,
participant_09,4,day,Town10HD_Opt,2026-03-14 10:45:08.172434,-41.51970291137695,79.6581039428711,0.0019232940394431,17.627,10.113,0.397,0.0,0,0,1,,1.0,2026-03-14T10:45:08.172434,neutral,0.591,2026-03-14T10:45:07.138627,0.5074616592422375,2026-03-14T10:45:08.011000,83,,,
participant_09,4,day,Town10HD_Opt,2026-03-14 10:45:09.165982,-40.65286636352539,76.58457946777344,0.0020267867948859,19.39,17.651,0.453,0.0,0,0,1,,1.0,2026-03-14T10:45:09.165982,neutral,0.519,2026-03-14T10:45:09.165982,0.454587995301582,2026-03-14T10:45:09.045000,83,,,
participant_09,4,day,Town10HD_Opt,2026-03-14 10:45:10.171893,-38.74212646484375,73.64677429199219,0.0020468139555305,20.624,19.959,0.346,0.0,0,0,1,,1.0,2026-03-14T10:45:10.171893,neutral,0.519,2026-03-14T10:45:09.165982,0.4093090561174893,2026-03-14T10:45:10.126000,82,,,
participant_09,4,day,Town10HD_Opt,2026-03-14 10:45:11.134076,-35.87272262573242,71.48171997070312,0.0020686720963567,20.813,19.806,0.346,0.0,0,0,1,,1.0,2026-03-14T10:45:11.134076,neutral,0.519,2026-03-14T10:45:09.165982,0.5019916308266629,2026-03-14T10:45:11.070000,87,,,
participant_09,4,day,Town10HD_Opt,2026-03-14 10:45:12.213368,-32.39971923828125,70.39720916748047,0.0020387268159538,21.499,13.897,0.472,0.0,0,0,1,,0.823,2026-03-14T10:45:12.213368,neutral,0.557,2026-03-14T10:45:12.213368,0.4771119289440312,2026-03-14T10:45:12.015000,86,,,
participant_09,4,day,Town10HD_Opt,2026-03-14 10:45:13.216907,-28.446266174316406,69.9473648071289,0.0019606398418545,24.231,1.65,0.531,0.0,0,0,1,,0.878,2026-03-14T10:45:13.216907,neutral,0.557,2026-03-14T10:45:12.213368,0.4545022700436855,2026-03-14T10:45:13.050000,90,,,
participant_09,4,day,Town10HD_Opt,2026-03-14 10:45:14.270311,-23.91659927368164,69.70879364013672,0.0019098663469776,28.092,1.622,0.369,0.0,0,0,1,,1.0,2026-03-14T10:45:14.270311,happy,0.995,2026-03-14T10:45:14.270311,0.450773020937557,2026-03-14T10:45:14.041000,91,,,
participant_09,4,day,Town10HD_Opt,2026-03-14 10:45:15.300728,-18.93932342529297,69.66161346435547,0.0020351791754364,28.517,0.592,0.361,0.0,0,0,1,,1.0,2026-03-14T10:45:15.300728,happy,0.995,2026-03-14T10:45:14.270311,0.4457647562014119,2026-03-14T10:45:15.031000,99,,,
participant_09,4,day,Town10HD_Opt,2026-03-14 10:45:16.033345,-15.619296073913574,69.67498016357422,0.0020492554176598,28.381,0.458,0.359,0.0,0,0,1,,1.0,2026-03-14T10:45:16.033345,happy,0.995,2026-03-14T10:45:14.270311,0.507813786156094,2026-03-14T10:45:16.021000,100,,,
participant_09,4,day,Town10HD_Opt,2026-03-14 10:45:17.296792,-9.03740406036377,69.77099609375,0.0020509718451648,28.039,0.275,0.359,0.0,0,0,1,,1.0,2026-03-14T10:45:17.296792,neutral,0.86,2026-03-14T10:45:17.296792,0.4604687554635958,2026-03-14T10:45:17.010000,99,,,
participant_09,4,day,Town10HD_Opt,2026-03-14 10:45:18.022206,-5.774270534515381,69.83838653564453,0.0020503997802734,27.893,0.106,0.359,0.0,0,0,1,,1.0,2026-03-14T10:45:18.022206,neutral,0.86,2026-03-14T10:45:17.296792,0.5291080596386519,2026-03-14T10:45:18.046000,106,,,
participant_09,4,day,Town10HD_Opt,2026-03-14 10:45:19.072613,-0.909753680229187,69.9332504272461,0.002049560425803,27.697,-0.233,0.359,0.0,0,0,1,,1.0,2026-03-14T10:45:19.072613,neutral,0.86,2026-03-14T10:45:17.296792,0.5687680001431182,2026-03-14T10:45:19.036000,108,,,
participant_09,4,day,Town10HD_Opt,2026-03-14 10:45:20.130965,3.922960758209229,69.99915313720703,0.0020486831199377,27.526,-0.214,0.359,0.0,0,0,1,,1.0,2026-03-14T10:45:20.130965,neutral,0.382,2026-03-14T10:45:20.130965,0.5104316064309192,2026-03-14T10:45:20.026000,104,,,
participant_09,4,day,Town10HD_Opt,2026-03-14 10:45:21.090373,8.727744102478027,70.03846740722656,0.0020481871906667,27.384,-0.228,0.359,0.0,0,0,1,,1.0,2026-03-14T10:45:21.090373,neutral,0.382,2026-03-14T10:45:20.130965,0.5861924141628585,2026-03-14T10:45:21.016000,102,,,
participant_09,4,day,Town10HD_Opt,2026-03-14 10:45:22.040162,13.507774353027344,70.05184173583984,0.0020474623888731,27.243,-0.092,0.358,0.0,0,0,1,,1.0,2026-03-14T10:45:22.040162,neutral,0.382,2026-03-14T10:45:20.130965,0.5350791985227115,2026-03-14T10:45:22.051000,102,,,
participant_09,4,day,Town10HD_Opt,2026-03-14 10:45:23.011946,18.247617721557617,70.05165100097656,0.0020724486093968,26.591,-0.087,0.287,0.0,0,0,1,,1.0,2026-03-14T10:45:23.011946,neutral,0.788,2026-03-14T10:45:23.011946,0.5094083009778859,2026-03-14T10:45:23.041000,101,,,
participant_09,4,day,Town10HD_Opt,2026-03-14 10:45:24.026852,22.77638053894043,70.04191589355469,0.0021130752284079,24.827,-0.085,0.0,0.0,0,0,1,,1.0,2026-03-14T10:45:24.026852,neutral,0.788,2026-03-14T10:45:23.011946,0.6074825259663497,2026-03-14T10:45:24.030000,104,,,errors=Stop sign violation
participant_09,4,day,Town10HD_Opt,2026-03-14 10:45:25.034874,26.62007522583008,70.01736450195312,0.0022335052490234,18.713,-2.44,0.0,0.0,0,0,1,,0.922,2026-03-14T10:45:25.034874,sad,0.302,2026-03-14T10:45:25.034874,0.5545858825934321,2026-03-14T10:45:25.021000,96,,,
participant_09,4,day,Town10HD_Opt,2026-03-14 10:45:26.035396,29.57560920715332,69.84892272949219,0.0019860840402543,15.661,-6.772,0.246,0.0,0,0,1,,1.0,2026-03-14T10:45:26.035396,sad,0.302,2026-03-14T10:45:25.034874,0.6781879127470003,2026-03-14T10:45:26.010000,96,Vehicle-pedestrian collision,Vehicle-pedestrian collision,
participant_09,4,day,Town10HD_Opt,2026-03-14 10:45:27.051634,32.3095703125,69.28450775146484,0.0018561935285106,17.085,-12.886,0.496,0.0,0,0,1,,1.0,2026-03-14T10:45:27.051634,neutral,0.354,2026-03-14T10:45:27.051634,0.5795895541222185,2026-03-14T10:45:27.046000,97,,,
participant_09,4,day,Town10HD_Opt,2026-03-14 10:45:28.108091,35.33393096923828,68.05587005615234,0.0019625853747129,20.191,-8.32,0.527,0.0,0,0,1,,1.0,2026-03-14T10:45:28.108091,neutral,0.354,2026-03-14T10:45:27.051634,0.6571919863111855,2026-03-14T10:45:28.035000,97,,,
participant_09,4,day,Town10HD_Opt,2026-03-14 10:45:29.155104,38.6695442199707,66.0963134765625,0.0019643784034997,23.649,-13.516,0.431,0.0,0,0,1,,1.0,2026-03-14T10:45:29.155104,neutral,0.66,2026-03-14T10:45:29.155104,0.639138708790197,2026-03-14T10:45:29.027000,93,,,
participant_09,4,day,Town10HD_Opt,2026-03-14 10:45:30.259757,41.6602668762207,63.07087707519531,0.0020085906144231,25.335,-14.144,0.431,0.0,0,0,1,,1.0,2026-03-14T10:45:30.259757,neutral,0.66,2026-03-14T10:45:29.155104,0.6061862246128815,2026-03-14T10:45:30.016000,91,,,
participant_09,4,day,Town10HD_Opt,2026-03-14 10:45:31.307620,43.72857284545898,59.04256820678711,0.0020097349770367,26.743,-14.1,0.423,0.0,0,0,1,,1.0,2026-03-14T10:45:31.307620,neutral,0.34,2026-03-14T10:45:31.307620,0.6201684467027768,2026-03-14T10:45:31.005000,90,,,
participant_09,4,day,Town10HD_Opt,2026-03-14 10:45:32.307988,44.47478485107422,54.397605895996094,0.002082634018734,26.663,-8.398,0.244,0.0,0,0,1,,1.0,2026-03-14T10:45:32.307988,neutral,0.34,2026-03-14T10:45:31.307620,0.5688053166876272,2026-03-14T10:45:32.040000,90,,,
participant_09,4,day,Town10HD_Opt,2026-03-14 10:45:33.081462,44.49818420410156,51.35805892944336,0.0021149443928152,25.189,0.583,0.245,0.0,0,0,1,,1.0,2026-03-14T10:45:33.081462,neutral,0.34,2026-03-14T10:45:31.307620,0.665282332796885,2026-03-14T10:45:33.075000,86,,,
participant_09,4,day,Town10HD_Opt,2026-03-14 10:45:34.120253,44.47933578491211,47.10833740234375,0.002094192430377,23.469,-2.828,0.326,0.0,0,0,1,,1.0,2026-03-14T10:45:34.120253,neutral,0.838,2026-03-14T10:45:34.120253,0.6897656681144488,2026-03-14T10:45:34.065000,85,,,
participant_09,4,day,Town10HD_Opt,2026-03-14 10:45:35.181663,44.28214263916016,43.04507064819336,0.0020572661887854,23.054,1.89,0.326,0.0,0,0,1,,1.0,2026-03-14T10:45:35.181663,neutral,0.838,2026-03-14T10:45:34.120253,0.5823363730231307,2026-03-14T10:45:35.011000,85,,,
participant_09,4,day,Town10HD_Opt,2026-03-14 10:45:36.212379,44.41292953491211,39.05567932128906,0.0020629118662327,22.647,9.859,0.353,0.0,0,0,1,,1.0,2026-03-14T10:45:36.212379,neutral,0.473,2026-03-14T10:45:36.212379,0.5441978199483062,2026-03-14T10:45:36.045000,80,,,
participant_09,4,day,Town10HD_Opt,2026-03-14 10:45:37.300097,45.36528778076172,35.221473693847656,0.0020535660441964,22.731,12.5,0.347,0.0,0,0,1,,0.829,2026-03-14T10:45:37.300097,neutral,0.473,2026-03-14T10:45:36.212379,0.6331360861443768,2026-03-14T10:45:37.038000,79,,,
participant_09,4,day,Town10HD_Opt,2026-03-14 10:45:38.002222,46.54237747192383,32.85791015625,0.0020656585693359,22.664,17.746,0.348,0.0,0,0,1,,1.0,2026-03-14T10:45:38.002222,neutral,0.473,2026-03-14T10:45:36.212379,0.6729700384523385,2026-03-14T10:45:38.071000,81,,,
participant_09,4,day,Town10HD_Opt,2026-03-14 10:45:39.316354,50.37522888183594,29.36826515197754,0.0020804977975785,22.505,19.639,0.346,0.0,0,0,1,,1.0,2026-03-14T10:45:39.316354,neutral,0.765,2026-03-14T10:45:39.316354,0.6289936773465654,2026-03-14T10:45:39.016000,84,,,
participant_09,4,day,Town10HD_Opt,2026-03-14 10:45:40.046001,52.81125259399414,28.424354553222656,0.0020728684030473,22.496,16.992,0.332,0.0,0,0,1,,1.0,2026-03-14T10:45:40.046001,neutral,0.765,2026-03-14T10:45:39.316354,0.6751010482347564,2026-03-14T10:45:40.005000,85,,,
participant_09,4,day,Town10HD_Opt,2026-03-14 10:45:41.049769,56.66613006591797,28.02574157714844,0.0020769499242305,22.03,7.549,0.296,0.0,0,0,1,,1.0,2026-03-14T10:45:41.049769,neutral,0.765,2026-03-14T10:45:39.316354,0.6454756899030624,2026-03-14T10:45:41.041000,83,,,
participant_09,4,day,Town10HD_Opt,2026-03-14 10:45:42.081847,60.45914459228516,28.16245079040528,0.002069549402222,21.266,1.462,0.304,0.0,0,0,1,,1.0,2026-03-14T10:45:42.081847,neutral,0.755,2026-03-14T10:45:42.081847,0.6129935159421698,2026-03-14T10:45:42.032000,83,,,
participant_09,4,day,Town10HD_Opt,2026-03-14 10:45:43.091066,64.1253433227539,28.36567115783692,0.0020631407387554,20.625,-0.146,0.178,0.0,0,0,1,,1.0,2026-03-14T10:45:43.091066,neutral,0.755,2026-03-14T10:45:42.081847,0.6977508128603913,2026-03-14T10:45:43.021000,85,,,
participant_09,4,day,Town10HD_Opt,2026-03-14 10:45:44.096445,67.43842315673828,28.545223236083984,0.0019332122756168,16.764,-0.919,0.0,0.0,0,0,1,,1.0,2026-03-14T10:45:44.096445,sad,0.373,2026-03-14T10:45:44.096445,0.681268548127139,2026-03-14T10:45:44.012000,83,,,
participant_09,4,day,Town10HD_Opt,2026-03-14 10:45:45.043866,70.04975891113281,28.64433860778809,0.0020401000510901,12.874,-1.539,0.0,0.0,0,0,1,,1.0,2026-03-14T10:45:45.043866,sad,0.373,2026-03-14T10:45:44.096445,0.6538154209938793,2026-03-14T10:45:45.046000,80,,,
participant_09,4,day,Town10HD_Opt,2026-03-14 10:45:46.045871,72.05577087402344,28.67764663696289,0.0020135878585278,10.038,-0.557,0.0,0.0,0,0,1,,0.851,2026-03-14T10:45:46.045871,sad,0.373,2026-03-14T10:45:44.096445,0.5937915196593374,2026-03-14T10:45:46.036000,81,,,
participant_09,4,day,Town10HD_Opt,2026-03-14 10:45:47.296121,74.02596282958984,28.714542388916016,0.0019857024308294,6.954,-0.035,0.0,0.0,0,0,1,,0.884,2026-03-14T10:45:47.296121,neutral,0.726,2026-03-14T10:45:47.296121,0.6470489331894252,2026-03-14T10:45:47.026000,80,,,
participant_09,4,day,Town10HD_Opt,2026-03-14 10:45:48.268337,75.10914611816406,28.73194122314453,0.0019702147692441,5.339,-0.357,0.0,0.0,0,0,1,,1.0,2026-03-14T10:45:48.268337,neutral,0.726,2026-03-14T10:45:47.296121,0.6325432402682059,2026-03-14T10:45:48.016000,81,,,
participant_09,4,day,Town10HD_Opt,2026-03-14 10:45:49.210804,75.94076538085938,28.7434196472168,0.0019583129324018,4.099,-0.348,0.0,0.0,0,0,1,,1.0,2026-03-14T10:45:49.210804,neutral,0.726,2026-03-14T10:45:47.296121,0.6464670031700884,2026-03-14T10:45:49.050000,82,,,
participant_09,4,day,Town10HD_Opt,2026-03-14 10:45:50.183431,76.57921600341797,28.75136375427246,0.0019492721185088,3.147,-0.336,0.0,0.0,0,0,1,,1.0,2026-03-14T10:45:50.183431,neutral,0.842,2026-03-14T10:45:50.183431,0.6321483725011509,2026-03-14T10:45:50.041000,79,,,
participant_09,4,day,Town10HD_Opt,2026-03-14 10:45:51.152213,77.15167999267578,28.757789611816406,0.0018370436737313,4.339,-0.329,0.0,0.0,0,0,1,,0.875,2026-03-14T10:45:51.152213,neutral,0.842,2026-03-14T10:45:50.183431,0.6518800875067634,2026-03-14T10:45:51.030000,78,,,
participant_09,4,day,Town10HD_Opt,2026-03-14 10:45:52.059260,77.8431167602539,28.76495742797852,0.001946868840605,3.432,-0.32,0.0,0.0,0,0,1,,1.0,2026-03-14T10:45:52.059260,neutral,0.842,2026-03-14T10:45:50.183431,0.6527212273545628,2026-03-14T10:45:52.021000,83,,,
participant_09,4,day,Town10HD_Opt,2026-03-14 10:45:53.261911,78.52619171142578,28.77118682861328,0.0019421767210587,2.413,-0.317,0.0,0.0,0,0,1,,0.849,2026-03-14T10:45:53.261911,neutral,0.83,2026-03-14T10:45:53.261911,0.7034088514184156,2026-03-14T10:45:53.010000,79,,,
participant_09,4,day,Town10HD_Opt,2026-03-14 10:45:54.159007,78.9016342163086,28.774253845214844,0.0019367599161341,1.852,-0.317,0.0,0.0,0,0,1,,0.871,2026-03-14T10:45:54.159007,neutral,0.83,2026-03-14T10:45:53.261911,0.641481466243966,2026-03-14T10:45:54.046000,79,,,
participant_09,4,day,Town10HD_Opt,2026-03-14 10:45:55.064985,79.18978118896484,28.77644157409668,0.0019327925983816,1.422,-0.31,0.0,0.0,0,0,1,,1.0,2026-03-14T10:45:55.064985,neutral,0.83,2026-03-14T10:45:53.261911,0.6931280398261995,2026-03-14T10:45:55.036000,74,,,
participant_09,4,day,Town10HD_Opt,2026-03-14 10:45:56.279972,79.47258758544922,28.7784423828125,0.0019287872128188,1.0,-0.308,0.0,0.0,0,0,1,,0.869,2026-03-14T10:45:56.279972,neutral,0.827,2026-03-14T10:45:56.279972,0.6729124167991587,2026-03-14T10:45:56.028000,76,,,
participant_09,4,day,Town10HD_Opt,2026-03-14 10:45:57.202226,79.62799072265625,28.779491424560547,0.0019263076828792,0.77,-0.301,0.0,0.0,0,0,1,,0.83,2026-03-14T10:45:57.202226,neutral,0.827,2026-03-14T10:45:56.279972,0.709567786454201,2026-03-14T10:45:57.016000,77,,,
participant_09,4,day,Town10HD_Opt,2026-03-14 10:45:58.121331,79.97071075439453,28.78201103210449,0.0015849685296416,7.56,-0.101,1.0,0.0,0,0,1,,1.0,2026-03-14T10:45:58.121331,neutral,0.827,2026-03-14T10:45:56.279972,0.7435413517479206,2026-03-14T10:45:58.006000,76,,,
participant_09,4,day,Town10HD_Opt,2026-03-14 10:45:59.119500,82.56139373779297,28.83832550048828,0.0017279434250667,22.134,8.215,1.0,0.0,0,0,1,,1.0,2026-03-14T10:45:59.119500,neutral,0.907,2026-03-14T10:45:59.119500,0.8357827004537053,2026-03-14T10:45:59.041000,73,,,
participant_09,4,day,Town10HD_Opt,2026-03-14 10:46:00.149836,87.69185638427734,29.42236518859864,0.0015133285196498,38.4,-5.215,1.0,0.0,0,0,1,,1.0,2026-03-14T10:46:00.149836,neutral,0.907,2026-03-14T10:45:59.119500,0.8165059018461152,2026-03-14T10:46:00.122000,75,,,
participant_09,4,day,Town10HD_Opt,2026-03-14 10:46:01.211302,95.45993041992188,28.97116470336914,0.0016038893954828,51.878,-14.55,0.0,0.188,0,0,1,,1.0,2026-03-14T10:46:01.211302,neutral,0.519,2026-03-14T10:46:01.211302,0.8564416421842893,2026-03-14T10:46:01.066000,70,,,
participant_09,4,day,Town10HD_Opt,2026-03-14 10:46:02.253465,102.9120864868164,24.66886711120605,0.0021072386298328,48.223,-11.617,0.558,0.0,0,0,1,,1.0,2026-03-14T10:46:02.253465,neutral,0.519,2026-03-14T10:46:01.211302,0.8732152057474452,2026-03-14T10:46:02.011000,71,,,
participant_09,4,day,Town10HD_Opt,2026-03-14 10:46:03.005370,106.17214965820312,19.95147132873535,0.0020102690905332,49.757,-11.13,0.464,0.0,0,0,1,,0.921,2026-03-14T10:46:03.005370,neutral,0.519,2026-03-14T10:46:01.211302,0.9148417101740672,2026-03-14T10:46:03.046000,73,,,
participant_09,4,day,Town10HD_Opt,2026-03-14 10:46:04.296439,108.34759521484376,8.73996639251709,0.0019024276407435,51.681,1.159,0.0,0.168,0,0,1,,1.0,2026-03-14T10:46:04.296439,neutral,0.461,2026-03-14T10:46:04.296439,0.9425467848585704,2026-03-14T10:46:04.036000,75,,,
participant_09,4,day,Town10HD_Opt,2026-03-14 10:46:05.293357,108.57662200927734,0.075200080871582,0.002024688757956,49.306,-0.251,0.624,0.0,0,0,1,,1.0,2026-03-14T10:46:05.293357,neutral,0.461,2026-03-14T10:46:04.296439,0.9388363025344026,2026-03-14T10:46:05.025000,74,,,
participant_09,4,day,Town10HD_Opt,2026-03-14 10:46:06.210165,108.76920318603516,-8.641064643859863,0.0021161651238799,48.942,-0.486,0.604,0.0,0,0,1,,1.0,2026-03-14T10:46:06.210165,neutral,0.461,2026-03-14T10:46:04.296439,0.892730100787745,2026-03-14T10:46:06.019000,75,,,
participant_09,4,day,Town10HD_Opt,2026-03-14 10:46:07.210990,108.7771453857422,-17.371681213378906,0.0020573425572365,49.566,-1.387,0.582,0.0,0,0,1,,0.817,2026-03-14T10:46:07.210990,neutral,0.687,2026-03-14T10:46:07.210990,0.948657476211698,2026-03-14T10:46:07.006000,75,,,
participant_09,4,day,Town10HD_Opt,2026-03-14 10:46:08.196046,108.19541931152344,-26.02345848083496,0.0020041274838149,50.175,-4.192,0.564,0.0,0,0,1,,0.828,2026-03-14T10:46:08.196046,neutral,0.687,2026-03-14T10:46:07.210990,0.9763260899938973,2026-03-14T10:46:08.042000,75,,,
participant_09,4,day,Town10HD_Opt,2026-03-14 10:46:09.129532,106.27806091308594,-34.53573226928711,0.0020488738082349,49.762,-4.636,0.564,0.0,0,0,1,,0.859,2026-03-14T10:46:09.129532,neutral,0.687,2026-03-14T10:46:07.210990,0.99,2026-03-14T10:46:09.031000,78,,,
participant_09,4,day,Town10HD_Opt,2026-03-14 10:46:10.102916,102.77999877929688,-42.55366516113281,0.00211784359999,48.859,-4.87,0.564,0.0,0,0,1,,0.92,2026-03-14T10:46:10.102916,happy,0.854,2026-03-14T10:46:10.102916,0.9103925175355142,2026-03-14T10:46:10.021000,76,,,
participant_09,4,day,Town10HD_Opt,2026-03-14 10:46:11.048706,97.8637466430664,-49.60496139526367,0.0019954680465161,49.952,-4.676,0.564,0.0,0,0,1,,0.832,2026-03-14T10:46:11.048706,happy,0.854,2026-03-14T10:46:10.102916,0.9176031227374312,2026-03-14T10:46:11.010000,79,,,
participant_09,4,day,Town10HD_Opt,2026-03-14 10:46:11.999919,91.59890747070312,-55.66450119018555,0.0021249006967991,48.819,-4.997,0.564,0.0,0,0,1,,1.0,2026-03-14T10:46:11.999919,happy,0.854,2026-03-14T10:46:10.102916,0.9470634332839032,2026-03-14T10:46:12.046000,76,,,
participant_09,4,day,Town10HD_Opt,2026-03-14 10:46:13.219788,81.67268371582031,-61.5716667175293,0.0019953155424445,50.542,-4.386,0.0,0.0,0,0,1,,0.84,2026-03-14T10:46:13.219788,fear,0.936,2026-03-14T10:46:13.219788,0.9827504504338368,2026-03-14T10:46:13.036000,79,,,
participant_09,4,day,Town10HD_Opt,2026-03-14 10:46:14.206684,73.58405303955078,-64.3025894165039,0.0020399475470185,48.763,-4.395,0.564,0.0,0,0,1,,1.0,2026-03-14T10:46:14.206684,fear,0.936,2026-03-14T10:46:13.219788,0.9445554367572352,2026-03-14T10:46:14.027000,78,,,
participant_09,4,day,Town10HD_Opt,2026-03-14 10:46:15.166992,65.22098541259766,-65.64945220947266,0.0021761320531368,46.261,-0.914,0.256,0.0,0,0,1,,1.0,2026-03-14T10:46:15.166992,fear,0.936,2026-03-14T10:46:13.219788,0.99,2026-03-14T10:46:15.017000,75,,,
participant_09,4,day,Town10HD_Opt,2026-03-14 10:46:16.098974,57.57945251464844,-66.35150909423828,0.0022059248294681,40.831,-1.201,0.255,0.0,0,0,1,,1.0,2026-03-14T10:46:16.098974,neutral,0.784,2026-03-14T10:46:16.098974,0.99,2026-03-14T10:46:16.007000,75,,,
participant_09,4,day,Town10HD_Opt,2026-03-14 10:46:17.055786,50.71516799926758,-66.78313446044922,0.0021188354585319,38.057,-0.707,0.432,0.0,0,0,1,,0.804,2026-03-14T10:46:17.055786,neutral,0.784,2026-03-14T10:46:16.098974,0.99,2026-03-14T10:46:17.041000,76,,,
participant_09,4,day,Town10HD_Opt,2026-03-14 10:46:18.094455,44.07003402709961,-67.02397918701172,0.0020479201339185,37.948,-0.649,0.424,0.0,0,0,1,,0.854,2026-03-14T10:46:18.094455,neutral,0.784,2026-03-14T10:46:16.098974,0.99,2026-03-14T10:46:18.031000,74,,,
participant_09,4,day,Town10HD_Opt,2026-03-14 10:46:19.023057,37.4394760131836,-67.12834930419922,0.0020472717005759,37.819,-0.291,0.421,0.0,0,0,1,,1.0,2026-03-14T10:46:19.023057,happy,0.964,2026-03-14T10:46:19.023057,0.99,2026-03-14T10:46:19.021000,76,,,
participant_09,4,day,Town10HD_Opt,2026-03-14 10:46:20.030601,30.834306716918945,-67.16746520996094,0.0020486831199377,37.645,0.009,0.419,0.0,0,0,1,,1.0,2026-03-14T10:46:20.030601,happy,0.964,2026-03-14T10:46:19.023057,0.99,2026-03-14T10:46:20.010000,73,,,
participant_09,4,day,Town10HD_Opt,2026-03-14 10:46:21.255341,22.081689834594727,-67.24066162109375,0.0020502852275967,37.336,0.371,0.415,0.0,0,0,1,,1.0,2026-03-14T10:46:21.255341,happy,0.662,2026-03-14T10:46:21.255341,0.99,2026-03-14T10:46:21.046000,75,,,
participant_09,4,day,Town10HD_Opt,2026-03-14 10:46:22.199657,15.566974639892578,-67.36457824707031,0.002052154392004,37.051,0.139,0.164,0.0,0,0,1,,1.0,2026-03-14T10:46:22.199657,happy,0.662,2026-03-14T10:46:21.255341,0.99,2026-03-14T10:46:22.036000,72,,,
participant_09,4,day,Town10HD_Opt,2026-03-14 10:46:23.148084,9.558760643005373,-67.50697326660156,0.0022887038066983,30.541,0.268,0.0,0.0,0,0,1,,1.0,2026-03-14T10:46:23.148084,happy,0.662,2026-03-14T10:46:21.255341,0.99,2026-03-14T10:46:23.026000,72,,,
participant_09,4,day,Town10HD_Opt,2026-03-14 10:46:24.143812,4.878981113433838,-67.64718627929688,0.0022704696748405,22.573,0.052,0.0,0.0,0,0,1,,1.0,2026-03-14T10:46:24.143812,happy,0.997,2026-03-14T10:46:24.143812,0.99,2026-03-14T10:46:24.016000,73,,,
participant_09,4,day,Town10HD_Opt,2026-03-14 10:46:25.203035,1.3478810787200928,-67.75773620605469,0.0019998168572783,17.398,0.052,0.0,0.0,0,0,1,,0.839,2026-03-14T10:46:25.203035,happy,0.997,2026-03-14T10:46:24.143812,0.99,2026-03-14T10:46:25.053000,76,,,
participant_09,4,day,Town10HD_Opt,2026-03-14 10:46:26.132406,-1.3693139553070068,-67.84608459472656,0.0020433806348592,13.599,-0.002,0.0,0.0,0,0,1,,1.0,2026-03-14T10:46:26.132406,happy,0.997,2026-03-14T10:46:24.143812,0.99,2026-03-14T10:46:26.041000,75,,,
participant_09,4,day,Town10HD_Opt,2026-03-14 10:46:27.065832,-3.4603590965271,-67.91277313232422,0.0020116043742746,10.411,-0.087,0.0,0.0,0,0,1,,0.913,2026-03-14T10:46:27.065832,fear,0.504,2026-03-14T10:46:27.065832,0.99,2026-03-14T10:46:27.032000,73,,,
participant_09,4,day,Town10HD_Opt,2026-03-14 10:46:28.235322,-5.519924640655518,-67.97600555419922,0.0019909667316824,7.189,-0.089,0.019,0.0,0,0,1,,1.0,2026-03-14T10:46:28.235322,fear,0.504,2026-03-14T10:46:27.065832,0.99,2026-03-14T10:46:28.021000,75,,,
participant_09,4,day,Town10HD_Opt,2026-03-14 10:46:29.142748,-6.638125419616699,-68.00936126708984,0.0019710920751094,5.525,-0.139,0.036,0.0,0,0,1,,0.811,2026-03-14T10:46:29.142748,happy,0.961,2026-03-14T10:46:29.142748,0.99,2026-03-14T10:46:29.011000,73,,,
participant_09,4,day,Town10HD_Opt,2026-03-14 10:46:30.070921,-7.494688510894775,-68.03385925292969,0.001962661743164,4.167,-0.258,0.036,0.0,0,0,1,,1.0,2026-03-14T10:46:30.070921,happy,0.961,2026-03-14T10:46:29.142748,0.99,2026-03-14T10:46:30.046000,74,,,
participant_09,4,day,Town10HD_Opt,2026-03-14 10:46:31.048698,-8.140527725219727,-68.05061340332031,0.001948699937202,3.191,-0.533,0.036,0.0,0,0,1,,0.862,2026-03-14T10:46:31.048698,happy,0.961,2026-03-14T10:46:29.142748,0.99,2026-03-14T10:46:31.037000,73,,,
participant_09,4,day,Town10HD_Opt,2026-03-14 10:46:32.270267,-8.766295433044434,-68.06407928466797,0.0019414138514548,2.151,-0.712,0.089,0.0,0,0,1,,0.871,2026-03-14T10:46:32.270267,happy,0.596,2026-03-14T10:46:32.270267,0.99,2026-03-14T10:46:32.026000,72,,,
participant_09,4,day,Town10HD_Opt,2026-03-14 10:46:33.237434,-9.171914100646973,-68.07168579101562,0.0019037628080695,2.511,-0.712,0.12,0.0,0,0,1,,0.837,2026-03-14T10:46:33.237434,happy,0.596,2026-03-14T10:46:32.270267,0.99,2026-03-14T10:46:33.017000,71,,,
participant_09,4,day,Town10HD_Opt,2026-03-14 10:46:34.157430,-9.676761627197266,-68.08058166503906,0.0019064712105318,3.011,-0.712,0.119,0.0,0,0,1,,1.0,2026-03-14T10:46:34.157430,happy,0.596,2026-03-14T10:46:32.270267,0.99,2026-03-14T10:46:34.052000,70,,,
participant_09,4,day,Town10HD_Opt,2026-03-14 10:46:35.096012,-10.258275985717772,-68.08938598632812,0.001907997066155,3.415,-0.712,0.113,0.0,0,0,1,,0.899,2026-03-14T10:46:35.096012,happy,0.9,2026-03-14T10:46:35.096012,0.99,2026-03-14T10:46:35.042000,73,,,
participant_09,4,day,Town10HD_Opt,2026-03-14 10:46:36.031410,-10.900726318359377,-68.09757995605469,0.0019109344575554,3.701,-0.705,0.113,0.0,0,0,1,,1.0,2026-03-14T10:46:36.031410,happy,0.9,2026-03-14T10:46:35.096012,0.99,2026-03-14T10:46:36.031000,72,,,
participant_09,4,day,Town10HD_Opt,2026-03-14 10:46:37.204225,-11.834457397460938,-68.10665130615234,0.0019126128172501,4.059,-0.698,0.04,0.0,0,0,1,,0.865,2026-03-14T10:46:37.204225,happy,0.835,2026-03-14T10:46:37.204225,0.99,2026-03-14T10:46:37.021000,75,,,
participant_09,4,day,Town10HD_Opt,2026-03-14 10:46:38.101069,-12.542856216430664,-68.1111831665039,0.0019454192370176,3.608,-0.667,0.0,0.0,0,0,1,,0.865,2026-03-14T10:46:38.101069,happy,0.835,2026-03-14T10:46:37.204225,0.99,2026-03-14T10:46:38.056000,76,,,
participant_09,4,day,Town10HD_Opt,2026-03-14 10:46:39.279521,-13.262110710144045,-68.11373138427734,0.0019435118883848,2.536,-0.66,0.0,0.0,0,0,1,,0.813,2026-03-14T10:46:39.279521,happy,0.947,2026-03-14T10:46:39.279521,0.9764330547402053,2026-03-14T10:46:39.046000,74,,,
participant_09,4,day,Town10HD_Opt,2026-03-14 10:46:40.216958,-13.675655364990234,-68.11425018310547,0.0018442535074427,3.41,-0.656,0.758,0.0,0,0,1,,0.853,2026-03-14T10:46:40.216958,happy,0.947,2026-03-14T10:46:39.279521,0.99,2026-03-14T10:46:40.036000,73,,,
participant_09,4,day,Town10HD_Opt,2026-03-14 10:46:41.078268,-15.409768104553224,-68.11275482177734,0.0014266967773437,18.206,-0.573,0.989,0.0,0,0,1,,0.81,2026-03-14T10:46:41.078268,happy,0.947,2026-03-14T10:46:39.279521,0.99,2026-03-14T10:46:41.026000,75,,,
participant_09,4,day,Town10HD_Opt,2026-03-14 10:46:42.029914,-19.122377395629883,-68.08562469482422,0.0020243453327566,21.45,-0.063,0.0,0.0,0,0,1,,0.921,2026-03-14T10:46:42.029914,happy,0.795,2026-03-14T10:46:42.029914,0.99,2026-03-14T10:46:42.017000,72,,,
participant_09,4,day,Town10HD_Opt,2026-03-14 10:46:43.270481,-23.592227935791016,-68.04346466064453,0.0020182800944894,19.303,-0.054,0.648,0.0,0,0,1,,1.0,2026-03-14T10:46:43.270481,happy,0.795,2026-03-14T10:46:42.029914,0.99,2026-03-14T10:46:43.051000,75,,,
participant_09,4,day,Town10HD_Opt,2026-03-14 10:46:44.211279,-27.69758033752441,-68.01014709472656,0.0016342544695362,30.371,0.263,0.823,0.0,0,0,1,,1.0,2026-03-14T10:46:44.211279,happy,0.998,2026-03-14T10:46:44.211279,0.9642359746758246,2026-03-14T10:46:44.041000,72,,,
participant_09,4,day,Town10HD_Opt,2026-03-14 10:46:45.222206,-33.8756103515625,-67.99497985839844,0.0017481230897828,40.138,0.115,0.699,0.0,0,0,1,,1.0,2026-03-14T10:46:45.222206,happy,0.998,2026-03-14T10:46:44.211279,0.99,2026-03-14T10:46:45.031000,75,,,
participant_09,4,day,Town10HD_Opt,2026-03-14 10:46:46.056375,-38.757774353027344,-67.99835205078125,0.0018659209599718,43.35,-0.204,0.33,0.0,0,0,1,,1.0,2026-03-14T10:46:46.056375,happy,0.998,2026-03-14T10:46:44.211279,0.99,2026-03-14T10:46:46.021000,72,,,
participant_09,4,day,Town10HD_Opt,2026-03-14 10:46:47.054685,-46.14186477661133,-67.9469223022461,0.0024137496948242,40.351,-0.465,0.3,0.0,0,0,1,,1.0,2026-03-14T10:46:47.054685,happy,0.892,2026-03-14T10:46:47.054685,0.9896726331993984,2026-03-14T10:46:47.057000,70,,,
participant_09,4,day,Town10HD_Opt,2026-03-14 10:46:48.078316,-52.9462890625,-67.78623962402344,0.0020822905935347,37.759,-1.295,0.643,0.0,0,0,1,,1.0,2026-03-14T10:46:48.078316,happy,0.892,2026-03-14T10:46:47.054685,0.99,2026-03-14T10:46:48.047000,73,,,
participant_09,4,day,Town10HD_Opt,2026-03-14 10:46:49.030567,-60.06450653076172,-67.3161849975586,0.001769027672708,44.954,-1.723,0.807,0.0,0,0,1,,1.0,2026-03-14T10:46:49.030567,happy,0.892,2026-03-14T10:46:47.054685,0.99,2026-03-14T10:46:49.036000,71,,,
participant_09,4,day,Town10HD_Opt,2026-03-14 10:46:50.316057,-71.42486572265625,-65.839111328125,0.0021721648517996,48.41,-2.546,0.716,0.0,0,0,1,,1.0,2026-03-14T10:46:50.316057,neutral,0.48,2026-03-14T10:46:50.316057,0.99,2026-03-14T10:46:50.116000,72,,,
participant_09,4,day,Town10HD_Opt,2026-03-14 10:46:51.249211,-79.88988494873047,-63.8813591003418,0.0021277999039739,48.759,-3.891,0.693,0.0,0,0,1,,1.0,2026-03-14T10:46:51.249211,neutral,0.48,2026-03-14T10:46:50.316057,0.99,2026-03-14T10:46:51.061000,77,,,
participant_09,4,day,Town10HD_Opt,2026-03-14 10:46:52.196210,-87.94281005859375,-60.6234245300293,0.0020615386310964,49.433,-5.233,0.691,0.0,0,0,1,,1.0,2026-03-14T10:46:52.196210,neutral,0.48,2026-03-14T10:46:50.316057,0.9404867072551076,2026-03-14T10:46:52.051000,76,,,
participant_09,4,day,Town10HD_Opt,2026-03-14 10:46:53.138445,-95.17510223388672,-55.741336822509766,0.0020763778593391,49.291,-6.518,0.691,0.0,0,0,1,,1.0,2026-03-14T10:46:53.138445,neutral,0.593,2026-03-14T10:46:53.138445,0.9733907274992646,2026-03-14T10:46:53.041000,75,,,
participant_09,4,day,Town10HD_Opt,2026-03-14 10:46:54.092462,-100.9117202758789,-49.2685775756836,0.0019522857619449,50.874,-4.681,0.0,0.0,0,0,1,,1.0,2026-03-14T10:46:54.092462,neutral,0.593,2026-03-14T10:46:53.138445,0.9109805244163848,2026-03-14T10:46:54.031000,77,,,
participant_09,4,day,Town10HD_Opt,2026-03-14 10:46:55.055135,-105.33063507080078,-41.80608749389648,0.0019440460018813,50.962,-4.011,0.0,0.0,0,0,1,,0.852,2026-03-14T10:46:55.055135,neutral,0.593,2026-03-14T10:46:53.138445,0.911985771166382,2026-03-14T10:46:55.022000,77,,,
participant_09,4,day,Town10HD_Opt,2026-03-14 10:46:56.068439,-108.52407836914062,-33.7828483581543,0.0020586394239217,48.25,-4.282,0.0,0.0,0,0,1,,1.0,2026-03-14T10:46:56.068439,happy,0.844,2026-03-14T10:46:56.068439,0.9446495507571796,2026-03-14T10:46:56.056000,73,,,
participant_09,4,day,Town10HD_Opt,2026-03-14 10:46:57.306495,-110.36384582519533,-24.01170539855957,0.0022419355809688,38.216,-3.587,0.707,0.0,0,0,1,,1.0,2026-03-14T10:46:57.306495,happy,0.844,2026-03-14T10:46:56.068439,0.874341862960989,2026-03-14T10:46:57.048000,76,,,
participant_09,4,day,Town10HD_Opt,2026-03-14 10:46:58.272887,-110.5751953125,-17.4124813079834,0.0022779083810746,33.948,-1.431,0.0,0.321,0,0,1,,0.808,2026-03-14T10:46:58.272887,happy,0.893,2026-03-14T10:46:58.272887,0.8437795515378355,2026-03-14T10:46:58.037000,76,,,
participant_09,4,day,Town10HD_Opt,2026-03-14 10:46:59.233186,-110.47809600830078,-12.282804489135742,0.0023568724282085,24.037,-1.102,0.0,0.365,0,0,1,,1.0,2026-03-14T10:46:59.233186,happy,0.893,2026-03-14T10:46:58.272887,0.7733405080230877,2026-03-14T10:46:59.071000,74,,,
participant_09,4,day,Town10HD_Opt,2026-03-14 10:47:00.228427,-110.3434066772461,-8.761348724365234,0.002061576815322,15.828,0.456,0.0,0.398,0,0,1,,1.0,2026-03-14T10:47:00.228427,happy,0.893,2026-03-14T10:46:58.272887,0.7770908235552341,2026-03-14T10:47:00.016000,74,,,
participant_09,4,day,Town10HD_Opt,2026-03-14 10:47:01.170972,-110.27474975585938,-6.52786922454834,0.002130584558472,9.153,0.822,0.0,0.518,0,0,1,,1.0,2026-03-14T10:47:01.170972,happy,0.987,2026-03-14T10:47:01.170972,0.7403961715252201,2026-03-14T10:47:01.051000,74,,,
participant_09,4,day,Town10HD_Opt,2026-03-14 10:47:02.203679,-110.25505828857422,-5.660825252532959,0.0022549056448042,0.001,0.813,0.0,0.438,0,0,1,,1.0,2026-03-14T10:47:02.203679,happy,0.987,2026-03-14T10:47:01.170972,0.6592849152808588,2026-03-14T10:47:02.042000,79,,,
participant_09,4,day,Town10HD_Opt,2026-03-14 10:47:03.234280,-110.25505828857422,-5.659788608551025,0.0019292831420898,0.002,0.55,0.0,0.0,0,0,1,,0.802,2026-03-14T10:47:03.234280,happy,0.997,2026-03-14T10:47:03.234280,0.7344000562324817,2026-03-14T10:47:03.032000,76,,,
participant_09,4,day,Town10HD_Opt,2026-03-14 10:47:04.143584,-110.25505828857422,-5.659661769866943,0.0019193267216905,0.006,0.498,0.0,0.0,0,0,1,,1.0,2026-03-14T10:47:04.143584,happy,0.997,2026-03-14T10:47:03.234280,0.6615388353745466,2026-03-14T10:47:04.111000,74,Solid line crossing,Solid line crossing,
participant_09,4,day,Town10HD_Opt,2026-03-14 10:47:05.077126,-110.25505828857422,-5.65972375869751,0.0019189071608707,0.007,0.496,0.0,0.0,0,0,1,,1.0,2026-03-14T10:47:05.077126,happy,0.997,2026-03-14T10:47:03.234280,0.6909105394332726,2026-03-14T10:47:05.056000,73,,,
participant_09,4,day,Town10HD_Opt,2026-03-14 10:47:06.021723,-110.25505828857422,-5.659590244293213,0.0019191360333934,0.002,0.47,0.0,0.0,0,0,1,,1.0,2026-03-14T10:47:06.021723,happy,0.988,2026-03-14T10:47:06.021723,0.7125668730583069,2026-03-14T10:47:06.047000,74,,,
participant_09,4,day,Town10HD_Opt,2026-03-14 10:47:07.206401,-110.25505828857422,-5.659509658813477,0.0019190596649423,0.002,0.451,0.0,0.0,0,0,1,,1.0,2026-03-14T10:47:07.206401,happy,0.988,2026-03-14T10:47:06.021723,0.6772350015195485,2026-03-14T10:47:07.036000,74,,,
participant_09,4,day,Town10HD_Opt,2026-03-14 10:47:08.090676,-110.25505828857422,-5.65930700302124,0.0019192504696547,0.001,0.439,0.0,0.0,0,0,1,,0.857,2026-03-14T10:47:08.090676,happy,1.0,2026-03-14T10:47:08.090676,0.6642307266282841,2026-03-14T10:47:08.026000,77,,,
participant_09,4,day,Town10HD_Opt,2026-03-14 10:47:08.999058,-110.25505828857422,-5.659255027770996,0.0019189452286809,0.006,0.418,0.0,0.0,0,0,1,,1.0,2026-03-14T10:47:08.999058,happy,1.0,2026-03-14T10:47:08.090676,0.7338912948414749,2026-03-14T10:47:09.017000,77,,,
participant_09,4,day,Town10HD_Opt,2026-03-14 10:47:10.252141,-110.25505828857422,-5.659154415130615,0.0019189834129065,0.006,0.414,0.0,0.0,0,0,1,,1.0,2026-03-14T10:47:10.252141,happy,1.0,2026-03-14T10:47:10.252141,0.6524236241123139,2026-03-14T10:47:10.097000,76,,,
participant_09,4,day,Town10HD_Opt,2026-03-14 10:47:11.147303,-110.25505828857422,-5.659208297729492,0.0019187545403838,0.006,0.414,0.0,0.0,0,0,1,,1.0,2026-03-14T10:47:11.147303,happy,1.0,2026-03-14T10:47:10.252141,0.6812031570275995,2026-03-14T10:47:11.042000,76,,,
participant_09,4,day,Town10HD_Opt,2026-03-14 10:47:12.077118,-110.25505828857422,-5.659183025360107,0.0019190596649423,0.002,0.414,0.0,0.0,0,0,1,,1.0,2026-03-14T10:47:12.077118,happy,1.0,2026-03-14T10:47:10.252141,0.7167518410831899,2026-03-14T10:47:12.031000,75,,,
participant_09,4,day,Town10HD_Opt,2026-03-14 10:47:13.226230,-110.25505828857422,-5.6591010093688965,0.0019190596649423,0.002,0.416,0.0,0.0,0,0,1,,1.0,2026-03-14T10:47:13.226230,happy,0.959,2026-03-14T10:47:13.226230,0.7082687143826173,2026-03-14T10:47:13.021000,76,,,
participant_09,4,day,Town10HD_Opt,2026-03-14 10:47:14.183013,-110.25505828857422,-5.658924579620361,0.0019192122854292,0.001,0.432,0.0,0.0,0,0,1,,0.847,2026-03-14T10:47:14.183013,happy,0.959,2026-03-14T10:47:13.226230,0.6944882022846592,2026-03-14T10:47:14.056000,77,,,
participant_09,4,day,Town10HD_Opt,2026-03-14 10:47:15.137973,-110.25505828857422,-5.658753395080566,0.0019189834129065,0.006,0.442,0.0,0.0,0,0,1,,1.0,2026-03-14T10:47:15.137973,happy,0.959,2026-03-14T10:47:13.226230,0.7549065767039614,2026-03-14T10:47:15.046000,74,,,
participant_09,4,day,Town10HD_Opt,2026-03-14 10:47:16.076671,-110.25505828857422,-5.6588006019592285,0.0019188689766451,0.006,0.451,0.0,0.0,0,0,1,,1.0,2026-03-14T10:47:16.076671,happy,0.999,2026-03-14T10:47:16.076671,0.7099086203963846,2026-03-14T10:47:16.036000,75,,,
participant_09,4,day,Town10HD_Opt,2026-03-14 10:47:17.062452,-110.25505828857422,-5.658851146697998,0.001919021597132,0.007,0.461,0.0,0.0,0,0,1,,1.0,2026-03-14T10:47:17.062452,happy,0.999,2026-03-14T10:47:16.076671,0.706970671166707,2026-03-14T10:47:17.026000,74,,,
participant_09,4,day,Town10HD_Opt,2026-03-14 10:47:18.249215,-110.25505828857422,-5.658766746520996,0.001919021597132,0.006,0.465,0.0,0.0,0,0,1,,1.0,2026-03-14T10:47:18.249215,happy,0.999,2026-03-14T10:47:18.249215,0.6391234595358111,2026-03-14T10:47:18.062000,76,,,
participant_09,4,day,Town10HD_Opt,2026-03-14 10:47:19.139776,-110.25505828857422,-5.658608436584473,0.0019191360333934,0.002,0.493,0.0,0.0,0,0,1,,1.0,2026-03-14T10:47:19.139776,happy,0.999,2026-03-14T10:47:18.249215,0.7205458852276848,2026-03-14T10:47:19.051000,75,,,
participant_09,4,day,Town10HD_Opt,2026-03-14 10:47:20.070283,-110.25505828857422,-5.658393859863281,0.0019192504696547,0.001,0.512,0.0,0.0,0,0,1,,1.0,2026-03-14T10:47:20.070283,happy,0.999,2026-03-14T10:47:18.249215,0.6269841687244264,2026-03-14T10:47:20.042000,76,,,
participant_09,4,day,Town10HD_Opt,2026-03-14 10:47:21.217825,-110.25505828857422,-5.65831995010376,0.0019192122854292,0.001,0.545,0.0,0.0,0,0,1,,1.0,2026-03-14T10:47:21.217825,happy,1.0,2026-03-14T10:47:21.217825,0.6556881084316689,2026-03-14T10:47:21.031000,76,,,
participant_09,4,day,Town10HD_Opt,2026-03-14 10:47:22.118274,-110.2476806640625,-5.312868595123291,0.0015231703873723,8.652,0.634,1.0,0.0,0,0,1,,0.823,2026-03-14T10:47:22.118274,happy,1.0,2026-03-14T10:47:21.217825,0.641862297554645,2026-03-14T10:47:22.021000,76,,,
participant_09,4,day,Town10HD_Opt,2026-03-14 10:47:23.040072,-110.20185089111328,-2.5754361152648926,0.0017347335815429,22.65,0.63,0.928,0.0,0,0,1,,0.826,2026-03-14T10:47:23.040072,happy,1.0,2026-03-14T10:47:21.217825,0.5978240512162524,2026-03-14T10:47:23.012000,74,,,
participant_09,4,day,Town10HD_Opt,2026-03-14 10:47:24.039206,-110.17318725585938,2.386988401412964,0.0017052459297701,34.823,-0.268,0.621,0.0,0,0,1,,1.0,2026-03-14T10:47:24.039206,happy,0.934,2026-03-14T10:47:24.039206,0.5658907125829319,2026-03-14T10:47:24.047000,76,,,
participant_09,4,day,Town10HD_Opt,2026-03-14 10:47:25.046642,-109.99954986572266,8.7738618850708,0.0020034408662468,38.222,-8.039,0.365,0.0,0,0,1,,1.0,2026-03-14T10:47:25.046642,happy,0.934,2026-03-14T10:47:24.039206,0.5968315776803484,2026-03-14T10:47:25.036000,78,,,
participant_09,4,day,Town10HD_Opt,2026-03-14 10:47:26.021240,-108.4818344116211,15.091191291809082,0.0020991514902561,35.868,-10.072,0.019,0.0,0,0,1,,1.0,2026-03-14T10:47:26.021240,happy,0.934,2026-03-14T10:47:24.039206,0.5787927470860488,2026-03-14T10:47:26.026000,76,,,
participant_09,4,day,Town10HD_Opt,2026-03-14 10:47:27.012850,-105.63996887207033,19.89335823059082,0.0023130034096539,27.671,-10.855,0.0,0.0,0,0,1,,1.0,2026-03-14T10:47:27.012850,happy,0.999,2026-03-14T10:47:27.012850,0.5409049655576514,2026-03-14T10:47:27.017000,79,,,
participant_09,4,day,Town10HD_Opt,2026-03-14 10:47:28.045542,-102.50980377197266,22.74814414978028,0.0022880553733557,20.673,-16.443,0.0,0.0,0,0,1,,1.0,2026-03-14T10:47:28.045542,happy,0.999,2026-03-14T10:47:27.012850,0.5576420619041967,2026-03-14T10:47:28.051000,79,,,
participant_09,4,day,Town10HD_Opt,2026-03-14 10:47:29.102325,-99.22981262207033,24.265024185180664,0.0017814254388213,25.349,-9.631,0.825,0.0,0,0,1,,1.0,2026-03-14T10:47:29.102325,neutral,0.77,2026-03-14T10:47:29.102325,0.6039149661277281,2026-03-14T10:47:29.042000,77,,,
participant_09,4,day,Town10HD_Opt,2026-03-14 10:47:30.169632,-94.43848419189452,25.707902908325195,0.0020019530784338,29.266,2.193,0.091,0.0,0,0,1,,1.0,2026-03-14T10:47:30.169632,neutral,0.77,2026-03-14T10:47:29.102325,0.5343586819091706,2026-03-14T10:47:30.032000,79,,,
participant_09,4,day,Town10HD_Opt,2026-03-14 10:47:31.163300,-90.01374816894531,27.19394302368164,0.0022476576268672,23.168,-2.546,0.0,0.0,0,0,1,,1.0,2026-03-14T10:47:31.163300,sad,0.561,2026-03-14T10:47:31.163300,0.5853283518490434,2026-03-14T10:47:31.022000,78,,,
participant_09,4,day,Town10HD_Opt,2026-03-14 10:47:32.250383,-86.59187316894531,28.17535781860352,0.0020419692154973,17.705,-6.388,0.109,0.0,0,0,1,,1.0,2026-03-14T10:47:32.250383,sad,0.561,2026-03-14T10:47:31.163300,0.572642900696323,2026-03-14T10:47:32.011000,82,,,errors=Solid line crossing
participant_09,4,day,Town10HD_Opt,2026-03-14 10:47:33.269475,-83.72942352294922,28.57976531982422,0.0020018385257571,15.112,-10.348,0.101,0.0,0,0,1,,0.801,2026-03-14T10:47:33.269475,happy,0.784,2026-03-14T10:47:33.269475,0.5609611899766948,2026-03-14T10:47:33.046000,84,,,
participant_09,4,day,Town10HD_Opt,2026-03-14 10:47:34.022062,-82.04656982421875,28.612079620361328,0.0020237730350345,13.38,-7.33,0.0,0.0,0,0,1,,1.0,2026-03-14T10:47:34.022062,happy,0.784,2026-03-14T10:47:33.269475,0.6327299576369891,2026-03-14T10:47:34.036000,85,,,
participant_09,4,day,Town10HD_Opt,2026-03-14 10:47:35.014538,-79.99024963378906,28.583620071411133,0.0020151138305664,10.145,-1.234,0.0,0.0,0,0,1,,1.0,2026-03-14T10:47:35.014538,happy,0.784,2026-03-14T10:47:33.269475,0.5192010861387512,2026-03-14T10:47:35.071000,85,,,
participant_09,4,day,Town10HD_Opt,2026-03-14 10:47:36.041403,-78.42372131347656,28.564098358154297,0.0020212554372847,7.248,-0.67,0.0,0.151,0,0,1,,0.86,2026-03-14T10:47:36.041403,happy,0.998,2026-03-14T10:47:36.041403,0.5631757024796534,2026-03-14T10:47:36.016000,86,,,
participant_09,4,day,Town10HD_Opt,2026-03-14 10:47:37.069625,-77.6882553100586,28.552595138549805,0.0022083662915974,0.001,-0.585,0.0,0.148,0,0,1,,1.0,2026-03-14T10:47:37.069625,happy,0.998,2026-03-14T10:47:36.041403,0.545765705822445,2026-03-14T10:47:37.052000,87,,,
participant_09,4,day,Town10HD_Opt,2026-03-14 10:47:38.275054,-77.6839599609375,28.55251884460449,0.0019215773791074,0.028,-0.498,0.0,0.0,0,0,1,,1.0,2026-03-14T10:47:38.275054,happy,0.999,2026-03-14T10:47:38.275054,0.5469993391110745,2026-03-14T10:47:38.041000,84,,,
participant_09,4,day,Town10HD_Opt,2026-03-14 10:47:39.225180,-77.68132781982422,28.55246353149414,0.0019190978491678,0.005,-0.423,0.0,0.0,0,0,1,,1.0,2026-03-14T10:47:39.225180,happy,0.999,2026-03-14T10:47:38.275054,0.4415261921419532,2026-03-14T10:47:39.076000,83,,,
participant_09,4,day,Town10HD_Opt,2026-03-14 10:47:40.151321,-77.68095397949219,28.55246353149414,0.0019191741012036,0.001,-0.421,0.0,0.0,0,0,1,,1.0,2026-03-14T10:47:40.151321,happy,0.999,2026-03-14T10:47:38.275054,0.520139707176333,2026-03-14T10:47:40.067000,83,,,
participant_09,4,day,Town10HD_Opt,2026-03-14 10:47:41.062453,-77.68093872070312,28.552465438842773,0.0019189071608707,0.006,-0.421,0.0,0.0,0,0,1,,1.0,2026-03-14T10:47:41.062453,happy,1.0,2026-03-14T10:47:41.062453,0.5271451008676004,2026-03-14T10:47:41.057000,86,,,
participant_09,4,day,Town10HD_Opt,2026-03-14 10:47:42.048553,-77.68098449707031,28.552465438842773,0.0019187163561582,0.006,-0.416,0.0,0.0,0,0,1,,1.0,2026-03-14T10:47:42.048553,happy,1.0,2026-03-14T10:47:41.062453,0.5324309214624415,2026-03-14T10:47:42.047000,88,,,
participant_09,4,day,Town10HD_Opt,2026-03-14 10:47:43.268468,-77.68085479736328,28.552465438842773,0.0019187163561582,0.006,-0.407,0.0,0.0,0,0,1,,1.0,2026-03-14T10:47:43.268468,happy,1.0,2026-03-14T10:47:43.268468,0.4620483722438827,2026-03-14T10:47:43.037000,86,,,
participant_09,4,day,Town10HD_Opt,2026-03-14 10:47:44.214346,-77.64982604980469,28.55195999145508,0.0018030548235401,2.531,-0.36,1.0,0.0,0,0,1,,1.0,2026-03-14T10:47:44.214346,happy,1.0,2026-03-14T10:47:43.268468,0.5014907666442444,2026-03-14T10:47:44.026000,84,,,
participant_09,4,day,Town10HD_Opt,2026-03-14 10:47:45.152813,-75.92638397216797,28.525047302246094,0.0013972473097965,18.688,-0.338,1.0,0.0,0,0,1,,1.0,2026-03-14T10:47:45.152813,happy,1.0,2026-03-14T10:47:43.268468,0.4637532856905735,2026-03-14T10:47:45.017000,88,,,
participant_09,4,day,Town10HD_Opt,2026-03-14 10:47:46.111373,-71.83649444580078,28.452470779418945,0.0019094466697424,25.522,-0.031,0.0,0.0,0,0,1,,1.0,2026-03-14T10:47:46.111373,happy,0.998,2026-03-14T10:47:46.111373,0.4508604715092866,2026-03-14T10:47:46.052000,87,,,
participant_09,4,day,Town10HD_Opt,2026-03-14 10:47:47.068719,-67.8333740234375,28.391830444335938,0.0022339629940688,19.5,0.578,0.0,0.0,0,0,1,,1.0,2026-03-14T10:47:47.068719,happy,0.998,2026-03-14T10:47:46.111373,0.408407720308828,2026-03-14T10:47:47.042000,86,,,
participant_09,4,day,Town10HD_Opt,2026-03-14 10:47:48.057057,-64.36671447753906,28.378087997436523,0.001716194092296,25.316,0.536,1.0,0.0,0,0,1,,1.0,2026-03-14T10:47:48.057057,happy,0.998,2026-03-14T10:47:46.111373,0.4159003757571496,2026-03-14T10:47:48.031000,86,,,
participant_09,4,day,Town10HD_Opt,2026-03-14 10:47:49.294128,-56.07975006103516,28.43613052368164,0.0015779495006427,45.852,0.031,0.87,0.0,0,0,1,,1.0,2026-03-14T10:47:49.294128,neutral,0.962,2026-03-14T10:47:49.294128,0.4554357854551251,2026-03-14T10:47:49.022000,84,,,
participant_09,4,day,Town10HD_Opt,2026-03-14 10:47:50.303300,-47.4346923828125,28.52157974243164,0.0021005249582231,48.651,0.063,0.729,0.0,0,0,1,,1.0,2026-03-14T10:47:50.303300,neutral,0.962,2026-03-14T10:47:49.294128,0.5057909998185863,2026-03-14T10:47:50.057000,89,,,
participant_09,4,day,Town10HD_Opt,2026-03-14 10:47:51.249530,-38.756195068359375,28.615123748779297,0.0020004652906209,50.368,-0.454,0.688,0.0,0,0,1,,1.0,2026-03-14T10:47:51.249530,neutral,0.962,2026-03-14T10:47:49.294128,0.4626967950559673,2026-03-14T10:47:51.047000,84,,,
participant_09,4,day,Town10HD_Opt,2026-03-14 10:47:52.164936,-30.042394638061523,28.61174201965332,0.0019581986125558,50.62,-0.16,0.0,0.0,0,0,1,,1.0,2026-03-14T10:47:52.164936,neutral,0.684,2026-03-14T10:47:52.164936,0.4816028565447461,2026-03-14T10:47:52.037000,80,,,
participant_09,4,day,Town10HD_Opt,2026-03-14 10:47:53.096364,-21.38358688354492,28.52103614807129,0.0019607162103056,50.915,0.056,0.0,0.0,0,0,1,,1.0,2026-03-14T10:47:53.096364,neutral,0.684,2026-03-14T10:47:52.164936,0.5177415538136775,2026-03-14T10:47:53.117000,82,,,
participant_09,4,day,Town10HD_Opt,2026-03-14 10:47:54.130620,-12.70753002166748,28.416410446166992,0.0020231627859175,49.65,0.139,0.651,0.0,0,0,1,,1.0,2026-03-14T10:47:54.130620,neutral,0.684,2026-03-14T10:47:52.164936,0.4784677947722011,2026-03-14T10:47:54.017000,81,,,
participant_09,4,day,Town10HD_Opt,2026-03-14 10:47:55.070489,-4.049013614654541,28.351470947265625,0.0022227859590202,45.735,0.115,0.0,0.0,0,0,1,,1.0,2026-03-14T10:47:55.070489,happy,1.0,2026-03-14T10:47:55.070489,0.4858588078668179,2026-03-14T10:47:55.053000,80,,,
participant_09,4,day,Town10HD_Opt,2026-03-14 10:47:56.278268,5.259697914123535,28.32590675354004,0.0023472975008189,33.049,0.115,0.007,0.0,0,0,1,,1.0,2026-03-14T10:47:56.278268,happy,1.0,2026-03-14T10:47:55.070489,0.5611663322772136,2026-03-14T10:47:56.042000,83,,,
participant_09,4,day,Town10HD_Opt,2026-03-14 10:47:57.212630,10.499591827392578,28.329530715942383,0.0022063446231186,27.243,0.002,0.242,0.0,0,0,1,,1.0,2026-03-14T10:47:57.212630,neutral,0.833,2026-03-14T10:47:57.212630,0.5492787174199462,2026-03-14T10:47:57.031000,82,,,
participant_09,4,day,Town10HD_Opt,2026-03-14 10:47:58.125744,15.071839332580566,28.3333740234375,0.0021064376924186,25.184,0.002,0.312,0.0,0,0,1,,1.0,2026-03-14T10:47:58.125744,neutral,0.833,2026-03-14T10:47:57.212630,0.5931283874280062,2026-03-14T10:47:58.067000,79,,,
participant_09,4,day,Town10HD_Opt,2026-03-14 10:47:59.038916,19.405426025390625,28.33742332458496,0.0020591735374182,24.515,0.012,0.337,0.0,0,0,1,,1.0,2026-03-14T10:47:59.038916,neutral,0.833,2026-03-14T10:47:57.212630,0.547173970068175,2026-03-14T10:47:59.062000,78,,,
participant_09,4,day,Town10HD_Opt,2026-03-14 10:48:00.307180,25.07710838317871,28.363746643066406,0.0020569609478116,24.022,2.4,0.324,0.0,0,0,1,,1.0,2026-03-14T10:48:00.307180,happy,0.999,2026-03-14T10:48:00.307180,0.6116140014594889,2026-03-14T10:48:00.047000,79,,,
participant_09,4,day,Town10HD_Opt,2026-03-14 10:48:01.257318,29.21855926513672,28.71169662475586,0.002068939153105,23.452,9.648,0.326,0.0,0,0,1,,0.803,2026-03-14T10:48:01.257318,happy,0.999,2026-03-14T10:48:00.307180,0.5382963844228589,2026-03-14T10:48:01.036000,80,,,
participant_09,4,day,Town10HD_Opt,2026-03-14 10:48:02.209598,33.1055793762207,29.866559982299805,0.0020693968981504,23.048,12.541,0.332,0.0,0,0,1,,0.804,2026-03-14T10:48:02.209598,happy,0.999,2026-03-14T10:48:00.307180,0.5813118471787125,2026-03-14T10:48:02.026000,77,,,
participant_09,4,day,Town10HD_Opt,2026-03-14 10:48:03.135969,36.40828704833984,32.04777908325195,0.0020838165655732,22.554,17.631,0.333,0.0,0,0,1,,0.845,2026-03-14T10:48:03.135969,neutral,0.88,2026-03-14T10:48:03.135969,0.5951275176567111,2026-03-14T10:48:03.062000,77,,,
participant_09,4,day,Town10HD_Opt,2026-03-14 10:48:04.036055,38.741172790527344,35.166873931884766,0.00207897182554,22.251,16.548,0.329,0.0,0,0,1,,0.813,2026-03-14T10:48:04.036055,neutral,0.88,2026-03-14T10:48:03.135969,0.5292267970388043,2026-03-14T10:48:04.052000,82,,,
participant_09,4,day,Town10HD_Opt,2026-03-14 10:48:05.280855,40.10863876342773,40.07833099365234,0.0020737838931381,21.636,7.263,0.118,0.0,0,0,1,,1.0,2026-03-14T10:48:05.280855,sad,0.888,2026-03-14T10:48:05.280855,0.4985319868300558,2026-03-14T10:48:05.044000,77,,,
participant_09,4,day,Town10HD_Opt,2026-03-14 10:48:06.277904,40.40301513671875,43.57513427734375,0.0020360182970762,17.832,-0.148,0.0,0.0,0,0,1,,1.0,2026-03-14T10:48:06.277904,sad,0.888,2026-03-14T10:48:05.280855,0.5112673317509163,2026-03-14T10:48:06.032000,76,,,
participant_09,4,day,Town10HD_Opt,2026-03-14 10:48:07.226886,40.55585861206055,46.334720611572266,0.0020440672524273,13.838,3.184,0.0,0.0,0,0,1,,1.0,2026-03-14T10:48:07.226886,sad,0.888,2026-03-14T10:48:05.280855,0.5282527655181922,2026-03-14T10:48:07.067000,72,,,
participant_09,4,day,Town10HD_Opt,2026-03-14 10:48:08.178555,40.58976745605469,48.45891571044922,0.0020208740606904,10.383,1.622,0.0,0.091,0,0,1,,1.0,2026-03-14T10:48:08.178555,neutral,0.717,2026-03-14T10:48:08.178555,0.5143776143234463,2026-03-14T10:48:08.057000,75,,,
participant_09,4,day,Town10HD_Opt,2026-03-14 10:48:09.157607,40.6015510559082,50.01099395751953,0.0020169448107481,7.22,-0.042,0.0,0.083,0,0,1,,1.0,2026-03-14T10:48:09.157607,neutral,0.717,2026-03-14T10:48:08.178555,0.5682162934750552,2026-03-14T10:48:09.046000,74,,,
participant_09,4,day,Town10HD_Opt,2026-03-14 10:48:10.135455,40.61541748046875,51.08003616333008,0.001965370029211,5.274,-0.092,0.0,0.0,0,0,1,,0.869,2026-03-14T10:48:10.135455,neutral,0.717,2026-03-14T10:48:08.178555,0.4796815360700573,2026-03-14T10:48:10.037000,75,,,
participant_09,4,day,Town10HD_Opt,2026-03-14 10:48:11.069395,40.62607955932617,51.90315628051758,0.0019576644990593,4.0,-0.019,0.0,0.0,0,0,1,,0.862,2026-03-14T10:48:11.069395,happy,0.999,2026-03-14T10:48:11.069395,0.5531488653745339,2026-03-14T10:48:11.027000,75,,,
participant_09,4,day,Town10HD_Opt,2026-03-14 10:48:12.257136,40.628543853759766,52.09313201904297,0.0019337082048878,0.04,-0.016,0.4,0.0,0,0,1,,1.0,2026-03-14T10:48:12.257136,happy,0.999,2026-03-14T10:48:11.069395,0.5457727310469545,2026-03-14T10:48:12.062000,77,,,
participant_09,4,day,Town10HD_Opt,2026-03-14 10:48:13.174672,40.638301849365234,52.87788009643555,0.0014242553152143,13.685,0.035,0.933,0.0,0,0,1,,0.811,2026-03-14T10:48:13.174672,happy,1.0,2026-03-14T10:48:13.174672,0.5017228744379588,2026-03-14T10:48:13.052000,74,,,errors=Stop sign violation
participant_09,4,day,Town10HD_Opt,2026-03-14 10:48:14.167168,40.68270111083984,56.03926467895508,0.0018817901145666,21.394,-3.77,0.366,0.0,0,0,1,,1.0,2026-03-14T10:48:14.167168,happy,1.0,2026-03-14T10:48:13.174672,0.4398895770931811,2026-03-14T10:48:14.074000,78,,,
participant_09,4,day,Town10HD_Opt,2026-03-14 10:48:15.115049,41.10700225830078,59.888553619384766,0.0019431685796007,24.005,-10.0,0.682,0.0,0,0,1,,0.853,2026-03-14T10:48:15.115049,happy,1.0,2026-03-14T10:48:13.174672,0.4785660414894435,2026-03-14T10:48:15.032000,77,,,
participant_09,4,day,Town10HD_Opt,2026-03-14 10:48:16.119006,42.71418380737305,64.3010025024414,0.0018706511473283,30.241,-16.171,0.543,0.0,0,0,1,,0.874,2026-03-14T10:48:16.119006,neutral,0.575,2026-03-14T10:48:16.119006,0.5509183880627558,2026-03-14T10:48:16.067000,73,,,
participant_09,4,day,Town10HD_Opt,2026-03-14 10:48:17.131355,46.39882278442383,68.36617279052734,0.0019867706578224,33.206,-17.119,0.51,0.0,0,0,1,,0.823,2026-03-14T10:48:17.131355,neutral,0.575,2026-03-14T10:48:16.119006,0.5181123308390789,2026-03-14T10:48:17.057000,77,,,
participant_09,4,day,Town10HD_Opt,2026-03-14 10:48:18.099011,51.77581405639648,70.50759887695312,0.0020980453118681,33.141,-15.933,0.38,0.0,0,0,1,,0.903,2026-03-14T10:48:18.099011,neutral,0.575,2026-03-14T10:48:16.119006,0.5769963913095979,2026-03-14T10:48:18.047000,74,,,
participant_09,4,day,Town10HD_Opt,2026-03-14 10:48:19.051390,57.485496520996094,70.42841339111328,0.0020841215737164,32.266,-0.825,0.34,0.0,0,0,1,,0.807,2026-03-14T10:48:19.051390,sad,0.735,2026-03-14T10:48:19.051390,0.5357170660883288,2026-03-14T10:48:19.081000,76,,,
participant_09,4,day,Town10HD_Opt,2026-03-14 10:48:20.301906,64.8251953125,69.98876190185547,0.002078361576423,30.705,0.162,0.344,0.0,0,0,1,,0.863,2026-03-14T10:48:20.301906,sad,0.735,2026-03-14T10:48:19.051390,0.4993658570236046,2026-03-14T10:48:20.027000,77,,,
participant_09,4,day,Town10HD_Opt,2026-03-14 10:48:21.272817,70.25753021240234,69.8571548461914,0.0018571852706372,34.945,1.495,0.863,0.0,0,0,1,,1.0,2026-03-14T10:48:21.272817,neutral,0.473,2026-03-14T10:48:21.272817,0.5563390710139317,2026-03-14T10:48:21.062000,77,,,
participant_09,4,day,Town10HD_Opt,2026-03-14 10:48:22.189120,77.1520767211914,69.94631958007812,0.0017130660125985,44.823,0.677,0.586,0.0,0,0,1,,1.0,2026-03-14T10:48:22.189120,neutral,0.473,2026-03-14T10:48:21.272817,0.6331606119127645,2026-03-14T10:48:22.052000,77,,,
participant_09,4,day,Town10HD_Opt,2026-03-14 10:48:23.183887,84.94811248779297,70.23074340820312,0.0022476576268672,40.976,0.83,0.0,0.0,0,0,1,,0.817,2026-03-14T10:48:23.183887,neutral,0.473,2026-03-14T10:48:21.272817,0.5341565254721518,2026-03-14T10:48:23.042000,77,,,
participant_09,4,day,Town10HD_Opt,2026-03-14 10:48:24.221743,91.24929809570312,71.12034606933594,0.0023369980044662,32.032,16.93,0.566,0.0,0,0,1,,0.866,2026-03-14T10:48:24.221743,sad,0.929,2026-03-14T10:48:24.221743,0.6212395273768792,2026-03-14T10:48:24.031000,78,,,
participant_09,4,day,Town10HD_Opt,2026-03-14 10:48:25.251020,95.99159240722656,74.24794006347656,0.0020005034748464,34.422,19.057,0.489,0.0,0,0,1,,1.0,2026-03-14T10:48:25.251020,sad,0.929,2026-03-14T10:48:24.221743,0.6649532465453402,2026-03-14T10:48:25.069000,77,,,
participant_09,4,day,Town10HD_Opt,2026-03-14 10:48:26.286305,98.7684555053711,79.58116912841797,0.0020801925566047,34.843,10.329,0.415,0.0,0,0,1,,1.0,2026-03-14T10:48:26.286305,neutral,0.584,2026-03-14T10:48:26.286305,0.529368395720118,2026-03-14T10:48:26.057000,80,,,
participant_09,4,day,Town10HD_Opt,2026-03-14 10:48:27.295270,99.53858947753906,85.62173461914062,0.0020534133072942,34.887,6.609,0.437,0.0,0,0,1,,1.0,2026-03-14T10:48:27.295270,neutral,0.584,2026-03-14T10:48:26.286305,0.4973005623902827,2026-03-14T10:48:27.047000,78,,,
participant_09,4,day,Town10HD_Opt,2026-03-14 10:48:28.275382,99.13885498046876,91.78114318847656,0.0020014953333884,36.07,2.506,0.475,0.0,0,0,1,,0.852,2026-03-14T10:48:28.275382,neutral,0.584,2026-03-14T10:48:26.286305,0.5223197636242165,2026-03-14T10:48:28.037000,78,Solid line crossing,Solid line crossing,
participant_09,4,day,Town10HD_Opt,2026-03-14 10:48:29.237265,98.09547424316406,98.11515045166016,0.0020034790504723,37.352,2.315,0.471,0.0,0,0,1,,1.0,2026-03-14T10:48:29.237265,happy,0.851,2026-03-14T10:48:29.237265,0.5228073324174481,2026-03-14T10:48:29.027000,75,,,
participant_09,4,day,Town10HD_Opt,2026-03-14 10:48:30.235362,96.5157470703125,104.54557037353516,0.0020110320765525,38.4,3.839,0.471,0.0,0,0,1,,1.0,2026-03-14T10:48:30.235362,happy,0.851,2026-03-14T10:48:29.237265,0.5377046991455318,2026-03-14T10:48:30.062000,76,,,
participant_09,4,day,Town10HD_Opt,2026-03-14 10:48:31.163710,94.11661529541016,110.8935317993164,0.002018546918407,39.263,5.066,0.472,0.0,0,0,1,,0.832,2026-03-14T10:48:31.163710,happy,0.851,2026-03-14T10:48:29.237265,0.5680572192866258,2026-03-14T10:48:31.052000,75,,,
participant_09,4,day,Town10HD_Opt,2026-03-14 10:48:32.092126,90.64521026611328,116.87770080566406,0.0020261763129383,39.949,6.054,0.471,0.0,0,0,1,,1.0,2026-03-14T10:48:32.092126,neutral,0.505,2026-03-14T10:48:32.092126,0.4847811518973771,2026-03-14T10:48:32.042000,74,,,
participant_09,4,day,Town10HD_Opt,2026-03-14 10:48:33.005966,86.00150299072266,122.14701080322266,0.0020315933506935,40.499,6.291,0.47,0.0,0,0,1,,1.0,2026-03-14T10:48:33.005966,neutral,0.505,2026-03-14T10:48:32.092126,0.5572913023145356,2026-03-14T10:48:33.032000,78,,,
participant_09,4,day,Town10HD_Opt,2026-03-14 10:48:34.208621,78.16594696044922,127.47789001464844,0.0020373535808175,41.098,6.646,0.47,0.0,0,0,1,,1.0,2026-03-14T10:48:34.208621,neutral,0.678,2026-03-14T10:48:34.208621,0.5834899601611084,2026-03-14T10:48:34.023000,77,,,
participant_09,4,day,Town10HD_Opt,2026-03-14 10:48:35.145255,71.36434936523438,129.82862854003906,0.0020395659375935,41.396,6.566,0.468,0.0,0,0,1,,1.0,2026-03-14T10:48:35.145255,neutral,0.678,2026-03-14T10:48:34.208621,0.5645991407637502,2026-03-14T10:48:35.057000,75,,,
participant_09,4,day,Town10HD_Opt,2026-03-14 10:48:36.081066,64.2047348022461,130.63189697265625,0.0020891570020467,40.548,2.967,0.362,0.0,0,0,1,,1.0,2026-03-14T10:48:36.081066,neutral,0.678,2026-03-14T10:48:34.208621,0.5908311075559255,2026-03-14T10:48:36.092000,76,,,
participant_09,4,day,Town10HD_Opt,2026-03-14 10:48:37.012094,57.26508712768555,130.64096069335938,0.0021075056865811,38.56,-0.562,0.365,0.0,0,0,1,,1.0,2026-03-14T10:48:37.012094,happy,0.976,2026-03-14T10:48:37.012094,0.5995452086223944,2026-03-14T10:48:37.037000,75,,,
participant_09,4,day,Town10HD_Opt,2026-03-14 10:48:38.263723,48.38793182373047,130.6024627685547,0.0020385740790516,38.023,-0.002,0.439,0.0,0,0,1,,1.0,2026-03-14T10:48:38.263723,happy,0.976,2026-03-14T10:48:37.012094,0.657614577222717,2026-03-14T10:48:38.027000,75,,,
participant_09,4,day,Town10HD_Opt,2026-03-14 10:48:39.262565,41.71437072753906,130.474853515625,0.0020363999065011,38.236,-0.002,0.436,0.0,0,0,1,,1.0,2026-03-14T10:48:39.262565,happy,0.924,2026-03-14T10:48:39.262565,0.579890625543757,2026-03-14T10:48:39.062000,77,,,
participant_09,4,day,Town10HD_Opt,2026-03-14 10:48:40.197024,35.011619567871094,130.3548126220703,0.0020391081925481,38.359,-0.296,0.435,0.0,0,0,1,,1.0,2026-03-14T10:48:40.197024,happy,0.924,2026-03-14T10:48:39.262565,0.7266819025478085,2026-03-14T10:48:40.051000,76,,,
participant_09,4,day,Town10HD_Opt,2026-03-14 10:48:41.165730,28.289894104003903,130.29127502441406,0.0020400618668645,38.442,-0.456,0.435,0.0,0,0,1,,1.0,2026-03-14T10:48:41.165730,happy,0.924,2026-03-14T10:48:39.262565,0.6153324308635281,2026-03-14T10:48:41.042000,75,,,
participant_09,4,day,Town10HD_Opt,2026-03-14 10:48:42.135957,21.553688049316406,130.31369018554688,0.0020404814276844,38.522,-0.207,0.435,0.0,0,0,1,,1.0,2026-03-14T10:48:42.135957,happy,0.998,2026-03-14T10:48:42.135957,0.6293058875692487,2026-03-14T10:48:42.031000,75,,,
participant_09,4,day,Town10HD_Opt,2026-03-14 10:48:43.061664,14.805374145507812,130.37973022460938,0.0020406723488122,38.59,0.012,0.435,0.0,0,0,1,,1.0,2026-03-14T10:48:43.061664,happy,0.998,2026-03-14T10:48:42.135957,0.6847408400423151,2026-03-14T10:48:43.022000,78,,,
participant_09,4,day,Town10HD_Opt,2026-03-14 10:48:44.134499,8.301908493041992,130.4424591064453,0.0022701644338667,33.341,0.162,0.0,0.0,0,0,1,,1.0,2026-03-14T10:48:44.134499,happy,0.998,2026-03-14T10:48:42.135957,0.7199953492353678,2026-03-14T10:48:44.147000,78,,,
participant_09,4,day,Town10HD_Opt,2026-03-14 10:48:45.035948,3.0961697101593018,130.46322631835938,0.0022879790049046,25.612,0.381,0.081,0.0,0,0,1,,1.0,2026-03-14T10:48:45.035948,happy,0.971,2026-03-14T10:48:45.035948,0.7467577426978163,2026-03-14T10:48:45.047000,76,,,
participant_09,4,day,Town10HD_Opt,2026-03-14 10:48:46.004770,-0.961094319820404,130.44285583496094,0.0022037124726921,20.501,0.381,0.098,0.0,0,0,1,,1.0,2026-03-14T10:48:46.004770,happy,0.971,2026-03-14T10:48:45.035948,0.8066958756822556,2026-03-14T10:48:46.037000,79,,,
participant_09,4,day,Town10HD_Opt,2026-03-14 10:48:47.235685,-5.23595142364502,130.38412475585938,0.0019763563759624,16.298,0.362,0.083,0.0,0,0,1,,1.0,2026-03-14T10:48:47.235685,happy,0.989,2026-03-14T10:48:47.235685,0.8413060068608921,2026-03-14T10:48:47.027000,77,,,
participant_09,4,day,Town10HD_Opt,2026-03-14 10:48:48.178859,-7.880488872528076,130.331787109375,0.0019992827437818,13.771,0.099,0.082,0.0,0,0,1,,1.0,2026-03-14T10:48:48.178859,happy,0.989,2026-03-14T10:48:47.235685,0.7702394597084948,2026-03-14T10:48:48.062000,74,,,
participant_09,4,day,Town10HD_Opt,2026-03-14 10:48:49.106892,-10.582748413085938,130.28196716308594,0.0018932342063635,19.28,-0.125,0.745,0.0,0,0,1,,1.0,2026-03-14T10:48:49.106892,happy,0.989,2026-03-14T10:48:47.235685,0.8326048504041769,2026-03-14T10:48:49.052000,78,,,
participant_09,4,day,Town10HD_Opt,2026-03-14 10:48:50.082844,-14.5504150390625,130.2108917236328,0.0017471694154664,28.205,0.056,0.726,0.0,0,0,1,,1.0,2026-03-14T10:48:50.082844,happy,1.0,2026-03-14T10:48:50.082844,0.8059023664922829,2026-03-14T10:48:50.042000,75,,,
participant_09,4,day,Town10HD_Opt,2026-03-14 10:48:51.022823,-20.08559799194336,130.1038055419922,0.0017710876418277,35.726,0.056,0.654,0.0,0,0,1,,1.0,2026-03-14T10:48:51.022823,happy,1.0,2026-03-14T10:48:50.082844,0.6780734681863485,2026-03-14T10:48:51.032000,76,,,
participant_09,4,day,Town10HD_Opt,2026-03-14 10:48:52.228248,-29.04739189147949,129.87582397460938,0.0020609663333743,38.421,6.239,0.315,0.0,0,0,1,,1.0,2026-03-14T10:48:52.228248,happy,0.994,2026-03-14T10:48:52.228248,0.7820954177081202,2026-03-14T10:48:52.067000,77,,,
participant_09,4,day,Town10HD_Opt,2026-03-14 10:48:53.172184,-35.378440856933594,128.58445739746094,0.0021645736414939,35.408,14.538,0.327,0.0,0,0,1,,0.911,2026-03-14T10:48:53.172184,happy,0.994,2026-03-14T10:48:52.228248,0.67068706309683,2026-03-14T10:48:53.057000,76,,,
participant_09,4,day,Town10HD_Opt,2026-03-14 10:48:54.139205,-40.1140022277832,125.073974609375,0.0021702956873923,32.771,18.603,0.341,0.0,0,0,1,,1.0,2026-03-14T10:48:54.139205,happy,0.994,2026-03-14T10:48:52.228248,0.8009274018451162,2026-03-14T10:48:54.047000,78,,,
participant_09,4,day,Town10HD_Opt,2026-03-14 10:48:55.097294,-42.38690185546875,120.05696868896484,0.0021482086740434,30.927,17.661,0.343,0.0,0,0,1,,1.0,2026-03-14T10:48:55.097294,neutral,0.802,2026-03-14T10:48:55.097294,0.7802709423341857,2026-03-14T10:48:55.036000,80,,,
participant_09,4,day,Town10HD_Opt,2026-03-14 10:48:56.101706,-42.80267333984375,114.74108123779295,0.0020802307408303,30.022,1.227,0.342,0.0,0,0,1,,1.0,2026-03-14T10:48:56.101706,neutral,0.802,2026-03-14T10:48:55.097294,0.7985748685903672,2026-03-14T10:48:56.027000,80,,,
participant_09,4,day,Town10HD_Opt,2026-03-14 10:48:57.092896,-42.79050064086914,109.48444366455078,0.0020045088604092,30.763,3.778,0.451,0.0,0,0,1,,1.0,2026-03-14T10:48:57.092896,neutral,0.802,2026-03-14T10:48:55.097294,0.7069816314334604,2026-03-14T10:48:57.062000,80,,,
participant_09,4,day,Town10HD_Opt,2026-03-14 10:48:58.086459,-42.35383605957031,104.07091522216795,0.0020635223481804,30.719,-0.804,0.319,0.0,0,0,1,,1.0,2026-03-14T10:48:58.086459,angry,0.563,2026-03-14T10:48:58.086459,0.789942342548999,2026-03-14T10:48:58.052000,81,,,
participant_09,4,day,Town10HD_Opt,2026-03-14 10:48:59.042935,-41.9819221496582,98.82106018066406,0.0020828247070312,29.43,-1.144,0.343,0.0,0,0,1,,1.0,2026-03-14T10:48:59.042935,angry,0.563,2026-03-14T10:48:58.086459,0.7820404485272736,2026-03-14T10:48:59.042000,82,,,
participant_09,4,day,Town10HD_Opt,2026-03-14 10:49:00.010465,-41.77849197387695,93.7405776977539,0.0020665740594267,28.692,-1.403,0.343,0.0,0,0,1,,1.0,2026-03-14T10:49:00.010465,angry,0.563,2026-03-14T10:48:58.086459,0.7510167528272759,2026-03-14T10:49:00.032000,81,,,
participant_09,4,day,Town10HD_Opt,2026-03-14 10:49:01.310199,-41.77481842041016,87.14423370361328,0.0020636366680264,27.843,0.51,0.337,0.0,0,0,1,,1.0,2026-03-14T10:49:01.310199,neutral,0.686,2026-03-14T10:49:01.310199,0.7938095906443638,2026-03-14T10:49:01.022000,81,,,
participant_09,4,day,Town10HD_Opt,2026-03-14 10:49:02.248778,-41.66038513183594,82.33145141601562,0.0020631407387554,27.256,6.469,0.376,0.0,0,0,1,,1.0,2026-03-14T10:49:02.248778,neutral,0.686,2026-03-14T10:49:01.310199,0.749352312817505,2026-03-14T10:49:02.057000,82,,,
participant_09,4,day,Town10HD_Opt,2026-03-14 10:49:03.237713,-40.82722091674805,77.647705078125,0.0020515441428869,27.298,11.004,0.377,0.0,0,0,1,,0.873,2026-03-14T10:49:03.237713,neutral,0.686,2026-03-14T10:49:01.310199,0.7597772433865866,2026-03-14T10:49:03.047000,80,,,
participant_09,4,day,Town10HD_Opt,2026-03-14 10:49:04.212636,-38.61397552490234,73.49687194824219,0.0020848081912845,27.199,21.335,0.406,0.0,0,0,1,,1.0,2026-03-14T10:49:04.212636,neutral,0.783,2026-03-14T10:49:04.212636,0.8207892301686696,2026-03-14T10:49:04.037000,79,,,
participant_09,4,day,Town10HD_Opt,2026-03-14 10:49:05.192618,-34.726890563964844,70.84196472167969,0.0020890426822006,27.401,20.912,0.394,0.0,0,0,1,,1.0,2026-03-14T10:49:05.192618,neutral,0.783,2026-03-14T10:49:04.212636,0.7776667604116714,2026-03-14T10:49:05.027000,76,,,
participant_09,4,day,Town10HD_Opt,2026-03-14 10:49:06.173406,-30.01716041564941,69.7898178100586,0.0020391081925481,27.949,5.451,0.386,0.0,0,0,1,,0.83,2026-03-14T10:49:06.173406,neutral,0.783,2026-03-14T10:49:04.212636,0.7938788080881451,2026-03-14T10:49:06.062000,81,,,
participant_09,4,day,Town10HD_Opt,2026-03-14 10:49:07.119556,-25.12041664123535,69.5311279296875,0.0020374679006636,28.295,6.035,0.388,0.0,0,0,1,,1.0,2026-03-14T10:49:07.119556,neutral,0.794,2026-03-14T10:49:07.119556,0.7853144281343044,2026-03-14T10:49:07.052000,81,,,
participant_09,4,day,Town10HD_Opt,2026-03-14 10:49:08.101887,-20.1519718170166,69.85294342041016,0.0020302198827266,28.709,-1.528,0.397,0.0,0,0,1,,0.853,2026-03-14T10:49:08.101887,neutral,0.794,2026-03-14T10:49:07.119556,0.7979772572156463,2026-03-14T10:49:08.042000,80,,,
participant_09,4,day,Town10HD_Opt,2026-03-14 10:49:09.109989,-15.092673301696776,70.06608581542969,0.0020239257719367,29.285,-1.088,0.402,0.0,0,0,1,,1.0,2026-03-14T10:49:09.109989,neutral,0.794,2026-03-14T10:49:07.119556,0.7857415535104068,2026-03-14T10:49:09.032000,80,,,
participant_09,4,day,Town10HD_Opt,2026-03-14 10:49:10.077470,-9.927358627319336,70.13003540039062,0.0020251465030014,29.901,-1.504,0.402,0.0,0,0,1,,1.0,2026-03-14T10:49:10.077470,happy,0.967,2026-03-14T10:49:10.077470,0.6977009342808587,2026-03-14T10:49:10.023000,81,,,
participant_09,4,day,Town10HD_Opt,2026-03-14 10:49:11.109998,-4.670065879821777,70.02503204345703,0.0020270538516342,30.361,0.251,0.402,0.0,0,0,1,,1.0,2026-03-14T10:49:11.109998,happy,0.967,2026-03-14T10:49:10.077470,0.7479187382276454,2026-03-14T10:49:11.058000,80,,,
participant_09,4,day,Town10HD_Opt,2026-03-14 10:49:12.096798,0.6640340089797974,69.91592407226562,0.0020331190899014,30.68,0.261,0.367,0.0,0,0,1,,1.0,2026-03-14T10:49:12.096798,happy,0.981,2026-03-14T10:49:12.096798,0.7589894626331013,2026-03-14T10:49:12.047000,80,,,
participant_09,4,day,Town10HD_Opt,2026-03-14 10:49:13.049817,5.847841262817383,69.84739685058594,0.0022183225955814,26.715,0.315,0.0,0.0,0,0,1,,1.0,2026-03-14T10:49:13.049817,happy,0.981,2026-03-14T10:49:12.096798,0.7074996853105223,2026-03-14T10:49:13.037000,83,,,
participant_09,4,day,Town10HD_Opt,2026-03-14 10:49:14.033965,9.984405517578123,69.82466888427734,0.0022508620750159,20.5,0.315,0.0,0.0,0,0,1,,1.0,2026-03-14T10:49:14.033965,happy,0.981,2026-03-14T10:49:12.096798,0.7853595932927079,2026-03-14T10:49:14.028000,82,,,
participant_09,4,day,Town10HD_Opt,2026-03-14 10:49:15.205233,13.986888885498049,69.83297729492188,0.0020426558330655,14.194,0.362,0.0,0.0,0,0,1,,1.0,2026-03-14T10:49:15.205233,happy,0.975,2026-03-14T10:49:15.205233,0.7490620945764541,2026-03-14T10:49:15.062000,82,,,
participant_09,4,day,Town10HD_Opt,2026-03-14 10:49:16.174652,16.197813034057617,69.85147094726562,0.0020229339133948,10.743,0.334,0.0,0.0,0,0,1,,1.0,2026-03-14T10:49:16.174652,happy,0.975,2026-03-14T10:49:15.205233,0.7631721287691663,2026-03-14T10:49:16.052000,81,,,
participant_09,4,day,Town10HD_Opt,2026-03-14 10:49:17.083590,17.895944595336914,69.87181854248047,0.0019993591122329,8.37,0.324,0.0,0.0,0,0,1,,0.828,2026-03-14T10:49:17.083590,happy,0.975,2026-03-14T10:49:15.205233,0.7472962242761274,2026-03-14T10:49:17.042000,78,,,
participant_09,4,day,Town10HD_Opt,2026-03-14 10:49:18.011823,19.20681381225586,69.8906478881836,0.001950302044861,6.953,0.193,0.094,0.0,0,0,1,,1.0,2026-03-14T10:49:18.011823,neutral,0.758,2026-03-14T10:49:18.011823,0.8351370165977234,2026-03-14T10:49:18.032000,79,,,
participant_09,4,day,Town10HD_Opt,2026-03-14 10:49:19.212896,20.6816520690918,69.90602111816406,0.001967430114746,5.291,-0.421,0.0,0.0,0,0,1,,1.0,2026-03-14T10:49:19.212896,neutral,0.758,2026-03-14T10:49:18.011823,0.8910615814238114,2026-03-14T10:49:19.112000,74,,,
participant_09,4,day,Town10HD_Opt,2026-03-14 10:49:20.182060,21.492599487304688,69.91170501708984,0.0019451903644949,4.351,-0.244,0.245,0.0,0,0,1,,1.0,2026-03-14T10:49:20.182060,neutral,0.702,2026-03-14T10:49:20.182060,0.9150034317021336,2026-03-14T10:49:20.058000,78,,,
participant_09,4,day,Town10HD_Opt,2026-03-14 10:49:21.005900,22.05394744873047,69.91607666015625,0.0018873214721679,5.127,-0.153,0.092,0.0,0,0,1,,1.0,2026-03-14T10:49:21.005900,neutral,0.702,2026-03-14T10:49:20.182060,0.9692780593458814,2026-03-14T10:49:21.048000,78,,,
participant_09,4,day,Town10HD_Opt,2026-03-14 10:49:22.022201,22.92695999145508,69.92243957519531,0.0019290160853415,4.778,-0.113,0.095,0.0,0,0,1,,1.0,2026-03-14T10:49:22.022201,neutral,0.702,2026-03-14T10:49:20.182060,0.9615428755282152,2026-03-14T10:49:22.037000,78,,,
participant_09,4,day,Town10HD_Opt,2026-03-14 10:49:23.018966,23.75385856628418,69.9281997680664,0.0019005584763363,5.041,-0.113,0.209,0.0,0,0,1,,1.0,2026-03-14T10:49:23.018966,happy,0.971,2026-03-14T10:49:23.018966,0.99,2026-03-14T10:49:23.073000,78,,,
participant_09,4,day,Town10HD_Opt,2026-03-14 10:49:24.002733,24.731151580810547,69.93448638916016,0.0018919754074886,6.049,-0.113,0.16,0.0,0,0,1,,1.0,2026-03-14T10:49:24.002733,happy,0.971,2026-03-14T10:49:23.018966,0.99,2026-03-14T10:49:24.063000,79,,,
participant_09,4,day,Town10HD_Opt,2026-03-14 10:49:25.240348,26.12321281433105,69.94236755371094,0.001961059635505,5.114,-0.106,0.0,0.0,0,0,1,,0.855,2026-03-14T10:49:25.240348,happy,0.996,2026-03-14T10:49:25.240348,0.99,2026-03-14T10:49:25.097000,77,,,
participant_09,4,day,Town10HD_Opt,2026-03-14 10:49:26.147494,26.415470123291016,69.94463348388672,0.0019906614907085,0.0,-0.103,0.0,0.231,0,0,1,,1.0,2026-03-14T10:49:26.147494,happy,0.996,2026-03-14T10:49:25.240348,0.99,2026-03-14T10:49:26.042000,78,,,
participant_09,4,day,Town10HD_Opt,2026-03-14 10:49:27.049804,26.415666580200195,69.94463348388672,0.0019204712007194,0.165,0.266,0.361,0.0,0,0,1,,0.813,2026-03-14T10:49:27.049804,happy,0.996,2026-03-14T10:49:25.240348,0.99,2026-03-14T10:49:27.032000,79,,,
participant_09,4,day,Town10HD_Opt,2026-03-14 10:49:28.253266,26.91557502746582,69.94754028320312,0.0017968749161809,4.842,-0.016,0.368,0.0,0,0,1,,1.0,2026-03-14T10:49:28.253266,sad,0.427,2026-03-14T10:49:28.253266,0.99,2026-03-14T10:49:28.068000,76,,,
participant_09,4,day,Town10HD_Opt,2026-03-14 10:49:29.254273,28.251447677612305,69.94476318359375,0.0017145538004115,11.13,-3.007,0.483,0.0,0,0,1,,0.812,2026-03-14T10:49:29.254273,sad,0.427,2026-03-14T10:49:28.253266,0.99,2026-03-14T10:49:29.057000,74,,,
participant_09,4,day,Town10HD_Opt,2026-03-14 10:49:30.167681,30.61406135559082,69.77440643310547,0.0017765808152034,15.716,-7.033,0.195,0.0,0,0,1,,1.0,2026-03-14T10:49:30.167681,sad,0.427,2026-03-14T10:49:28.253266,0.99,2026-03-14T10:49:30.047000,77,,,
participant_09,4,day,Town10HD_Opt,2026-03-14 10:49:31.069465,33.1428108215332,69.33706665039062,0.0020272063557058,12.622,-8.747,0.0,0.0,0,0,1,,0.925,2026-03-14T10:49:31.069465,neutral,0.944,2026-03-14T10:49:31.069465,0.99,2026-03-14T10:49:31.038000,78,,,
participant_09,4,day,Town10HD_Opt,2026-03-14 10:49:32.274186,35.565635681152344,68.56195831298828,0.0020082092378288,8.869,-11.168,0.0,0.0,0,0,1,,0.845,2026-03-14T10:49:32.274186,neutral,0.944,2026-03-14T10:49:31.069465,0.99,2026-03-14T10:49:32.073000,80,,,
participant_09,4,day,Town10HD_Opt,2026-03-14 10:49:33.186109,36.81192398071289,67.98744201660156,0.001992683392018,6.541,-11.18,0.016,0.0,0,0,1,,1.0,2026-03-14T10:49:33.186109,angry,0.597,2026-03-14T10:49:33.186109,0.99,2026-03-14T10:49:33.108000,79,,,
participant_09,4,day,Town10HD_Opt,2026-03-14 10:49:34.076621,37.70013046264648,67.49502563476562,0.0019781494047492,4.842,-11.18,0.016,0.0,0,0,1,,0.845,2026-03-14T10:49:34.076621,angry,0.597,2026-03-14T10:49:33.186109,0.99,2026-03-14T10:49:34.097000,81,,,
participant_09,4,day,Town10HD_Opt,2026-03-14 10:49:35.247308,38.47560119628906,67.00154876708984,0.0019561385270208,3.101,-11.18,0.034,0.0,0,0,1,,0.837,2026-03-14T10:49:35.247308,sad,0.527,2026-03-14T10:49:35.247308,0.99,2026-03-14T10:49:35.044000,82,,,
participant_09,4,day,Town10HD_Opt,2026-03-14 10:49:36.100073,38.90949249267578,66.69725799560547,0.0018964385380968,3.425,-11.18,0.172,0.0,0,0,1,,1.0,2026-03-14T10:49:36.100073,sad,0.527,2026-03-14T10:49:35.247308,0.99,2026-03-14T10:49:36.033000,84,,,
participant_09,4,day,Town10HD_Opt,2026-03-14 10:49:37.270613,39.74848175048828,66.048828125,0.0018555831629782,6.086,-11.18,0.243,0.0,0,0,1,,0.828,2026-03-14T10:49:37.270613,sad,0.535,2026-03-14T10:49:37.270613,0.9852868380618068,2026-03-14T10:49:37.068000,90,Solid line crossing,Solid line crossing,
participant_09,4,day,Town10HD_Opt,2026-03-14 10:49:38.210367,40.65972137451172,65.23916625976562,0.0018273162422701,8.626,-12.04,0.435,0.0,0,0,1,,0.801,2026-03-14T10:49:38.210367,sad,0.535,2026-03-14T10:49:37.270613,0.99,2026-03-14T10:49:38.057000,98,,,
participant_09,4,day,Town10HD_Opt,2026-03-14 10:49:39.123492,41.98269271850586,63.79069519042969,0.0017177199479192,14.379,-13.438,0.493,0.0,0,0,1,,1.0,2026-03-14T10:49:39.123492,sad,0.535,2026-03-14T10:49:37.270613,0.99,2026-03-14T10:49:39.048000,98,,,
participant_09,4,day,Town10HD_Opt,2026-03-14 10:49:40.050815,43.54486846923828,61.3418083190918,0.0020164106972515,18.248,-14.266,0.412,0.0,0,0,1,,0.899,2026-03-14T10:49:40.050815,sad,0.527,2026-03-14T10:49:40.050815,0.99,2026-03-14T10:49:40.038000,100,,,
participant_09,4,day,Town10HD_Opt,2026-03-14 10:49:41.223898,44.91252899169922,57.216590881347656,0.0020188521593809,19.434,-14.012,0.326,0.0,0,0,1,,0.856,2026-03-14T10:49:41.223898,sad,0.527,2026-03-14T10:49:40.050815,0.99,2026-03-14T10:49:41.072000,101,,,
participant_09,4,day,Town10HD_Opt,2026-03-14 10:49:42.140708,45.0800666809082,53.96107482910156,0.0019189071608707,16.758,-12.023,0.0,0.0,0,0,1,,0.824,2026-03-14T10:49:42.140708,sad,0.56,2026-03-14T10:49:42.140708,0.99,2026-03-14T10:49:42.062000,103,,,
participant_09,4,day,Town10HD_Opt,2026-03-14 10:49:43.063123,44.85585784912109,51.31713104248047,0.0020405959803611,13.294,-0.952,0.0,0.0,0,0,1,,1.0,2026-03-14T10:49:43.063123,sad,0.56,2026-03-14T10:49:42.140708,0.99,2026-03-14T10:49:43.052000,100,,,
participant_09,4,day,Town10HD_Opt,2026-03-14 10:49:44.269624,44.67333221435547,48.71642303466797,0.0020026015117764,9.12,-0.249,0.115,0.0,0,0,1,,1.0,2026-03-14T10:49:44.269624,sad,0.965,2026-03-14T10:49:44.269624,0.99,2026-03-14T10:49:44.043000,96,,,
participant_09,4,day,Town10HD_Opt,2026-03-14 10:49:45.171691,44.55390548706055,47.10036849975586,0.0018693541642278,9.993,-0.407,0.359,0.0,0,0,1,,1.0,2026-03-14T10:49:45.171691,sad,0.965,2026-03-14T10:49:44.269624,0.99,2026-03-14T10:49:45.032000,97,,,
participant_09,4,day,Town10HD_Opt,2026-03-14 10:49:46.030226,44.386112213134766,44.95695114135742,0.0017419052310287,14.972,-0.374,0.518,0.0,0,0,1,,1.0,2026-03-14T10:49:46.030226,sad,0.965,2026-03-14T10:49:44.269624,0.99,2026-03-14T10:49:46.068000,96,,,
participant_09,4,day,Town10HD_Opt,2026-03-14 10:49:47.278102,44.18828582763672,40.82756423950195,0.0019993591122329,19.34,7.354,0.42,0.0,0,0,1,,0.812,2026-03-14T10:49:47.278102,happy,0.996,2026-03-14T10:49:47.278102,0.99,2026-03-14T10:49:47.059000,96,,,
participant_09,4,day,Town10HD_Opt,2026-03-14 10:49:48.239461,44.5207405090332,37.31636047363281,0.0019970322027802,21.098,10.386,0.394,0.0,0,0,1,,0.952,2026-03-14T10:49:48.239461,happy,0.996,2026-03-14T10:49:47.278102,0.99,2026-03-14T10:49:48.048000,94,,,
participant_09,4,day,Town10HD_Opt,2026-03-14 10:49:49.139973,45.70215606689453,33.75442123413086,0.0020306014921516,22.227,18.601,0.432,0.0,0,0,1,,0.92,2026-03-14T10:49:49.139973,happy,0.996,2026-03-14T10:49:47.278102,0.99,2026-03-14T10:49:49.037000,94,,,
participant_09,4,day,Town10HD_Opt,2026-03-14 10:49:50.122925,48.21360778808594,30.6064395904541,0.0019766234327107,24.931,18.908,0.511,0.0,0,0,1,,0.84,2026-03-14T10:49:50.122925,neutral,0.835,2026-03-14T10:49:50.122925,0.99,2026-03-14T10:49:50.072000,91,,,
participant_09,4,day,Town10HD_Opt,2026-03-14 10:49:51.062359,52.13885116577149,28.348678588867188,0.0020201874431222,26.976,14.33,0.391,0.0,0,0,1,,0.875,2026-03-14T10:49:51.062359,neutral,0.835,2026-03-14T10:49:50.122925,0.99,2026-03-14T10:49:51.063000,91,,,
participant_09,4,day,Town10HD_Opt,2026-03-14 10:49:52.280986,58.30890655517578,26.79850578308105,0.0020348739344626,27.601,2.487,0.377,0.0,0,0,1,,0.821,2026-03-14T10:49:52.280986,happy,0.803,2026-03-14T10:49:52.280986,0.99,2026-03-14T10:49:52.053000,91,,,
participant_09,4,day,Town10HD_Opt,2026-03-14 10:49:53.206675,63.08646011352539,26.03347396850586,0.0020367812830954,27.758,2.388,0.297,0.0,0,0,1,,1.0,2026-03-14T10:49:53.206675,happy,0.803,2026-03-14T10:49:52.280986,0.99,2026-03-14T10:49:53.042000,90,,,
participant_09,4,day,Town10HD_Opt,2026-03-14 10:49:54.096069,67.72198486328125,25.56557846069336,0.0021867370232939,24.226,2.36,0.063,0.0,0,0,1,,0.865,2026-03-14T10:49:54.096069,happy,0.803,2026-03-14T10:49:52.280986,0.99,2026-03-14T10:49:54.035000,88,,,
participant_09,4,day,Town10HD_Opt,2026-03-14 10:49:55.015250,71.53661346435547,25.357648849487305,0.0022044372744858,19.151,1.325,0.076,0.0,0,0,1,,0.906,2026-03-14T10:49:55.015250,happy,1.0,2026-03-14T10:49:55.015250,0.99,2026-03-14T10:49:55.070000,89,,,
participant_09,4,day,Town10HD_Opt,2026-03-14 10:49:56.218314,75.5302734375,25.2388858795166,0.002032661344856,14.658,0.945,0.0,0.0,0,0,1,,0.842,2026-03-14T10:49:56.218314,happy,1.0,2026-03-14T10:49:55.015250,0.99,2026-03-14T10:49:56.057000,89,,,
participant_09,4,day,Town10HD_Opt,2026-03-14 10:49:57.132675,77.81321716308594,25.208534240722656,0.0020261001773178,11.257,1.001,0.0,0.0,0,0,1,,0.85,2026-03-14T10:49:57.132675,happy,0.999,2026-03-14T10:49:57.132675,0.982941119061026,2026-03-14T10:49:57.048000,89,,,
participant_09,4,day,Town10HD_Opt,2026-03-14 10:49:58.025447,79.5488052368164,25.20517921447754,0.0020329284016042,7.988,1.011,0.0,0.259,0,0,1,,0.827,2026-03-14T10:49:58.025447,happy,0.999,2026-03-14T10:49:57.132675,0.99,2026-03-14T10:49:58.038000,87,,,
participant_09,4,day,Town10HD_Opt,2026-03-14 10:49:59.193500,80.32261657714844,25.208890914916992,0.0020050047896802,0.0,1.011,0.0,0.22,0,0,1,,1.0,2026-03-14T10:49:59.193500,happy,0.996,2026-03-14T10:49:59.193500,0.99,2026-03-14T10:49:59.073000,85,,,
participant_10,1,day,Town10HD_Opt,2026-03-14 12:00:00.000000,-41.66858673095703,89.7454833984375,0.5804919004440308,13.77,-0.416,0.266,0.0,0,0,1,,1.0,2026-03-14T12:00:00,,,2026-03-14T12:00:00,0.3031142417095719,2026-03-14T12:00:00,63,,,
participant_10,1,day,Town10HD_Opt,2026-03-14 12:00:04.603194,-41.71414566040039,86.84776306152344,0.0018312071915715,13.833,-0.404,0.265,0.0,0,0,1,,1.0,2026-03-14T12:00:04.603194,,,2026-03-14T12:00:04.603194,0.3120994321092726,2026-03-14T12:00:04.996000,60,,,
participant_10,1,day,Town10HD_Opt,2026-03-14 12:00:05.277381,-41.743614196777344,85.19395446777344,0.0018836212111636,14.484,-0.092,0.282,0.0,0,0,1,,0.954,2026-03-14T12:00:05.277381,,,2026-03-14T12:00:04.603194,0.2737808159806782,2026-03-14T12:00:04.996000,62,,,
participant_10,1,day,Town10HD_Opt,2026-03-14 12:00:05.998646,-41.76593017578125,83.45955657958984,0.001883735647425,15.215,1.382,0.274,0.0,0,0,1,,0.919,2026-03-14T12:00:05.998646,,,2026-03-14T12:00:04.603194,0.1973358250438225,2026-03-14T12:00:05.985000,61,,,
participant_10,1,day,Town10HD_Opt,2026-03-14 12:00:07.224991,-41.60790252685547,79.74871063232422,0.0018973922124132,16.505,9.478,0.211,0.0,0,0,1,,0.904,2026-03-14T12:00:07.224991,neutral,0.824,2026-03-14T12:00:07.224991,0.216245443961521,2026-03-14T12:00:07.066000,60,,,
participant_10,1,day,Town10HD_Opt,2026-03-14 12:00:08.199405,-40.92048645019531,77.0014419555664,0.0019497680477797,15.99,17.309,0.211,0.0,0,0,1,,1.0,2026-03-14T12:00:08.199405,neutral,0.824,2026-03-14T12:00:07.224991,0.183538848985808,2026-03-14T12:00:08.010000,64,,,
participant_10,1,day,Town10HD_Opt,2026-03-14 12:00:09.726710,-40.54118347167969,76.1579818725586,0.0019556425977498,15.823,19.396,0.213,0.0,0,0,1,,1.0,2026-03-14T12:00:09.726710,neutral,0.824,2026-03-14T12:00:09.726710,0.2343119832498164,2026-03-14T12:00:09.990000,61,,,
participant_10,1,day,Town10HD_Opt,2026-03-14 12:00:10.074945,-40.08636093139648,75.36325073242188,0.001955299405381,15.711,20.17,0.213,0.0,0,0,1,,1.0,2026-03-14T12:00:09.726710,neutral,0.824,2026-03-14T12:00:09.726710,0.1668390735477214,2026-03-14T12:00:09.990000,60,,,
participant_10,1,day,Town10HD_Opt,2026-03-14 12:00:11.000345,-38.32851409912109,73.30603790283203,0.0019388579530641,15.606,19.849,0.263,0.0,0,0,1,,1.0,2026-03-14T12:00:11.000345,neutral,0.824,2026-03-14T12:00:09.726710,0.223688107263533,2026-03-14T12:00:10.982000,64,,,
participant_10,1,day,Town10HD_Opt,2026-03-14 12:00:11.995293,-36.02323532104492,71.75213623046875,0.001906051649712,16.613,19.049,0.342,0.0,0,0,1,,1.0,2026-03-14T12:00:11.995293,neutral,0.587,2026-03-14T12:00:11.995293,0.2222782208112977,2026-03-14T12:00:12.016000,64,,,
participant_10,1,day,Town10HD_Opt,2026-03-14 12:00:13.020162,-33.1413459777832,70.76390075683594,0.0021391676273196,18.116,15.046,0.379,0.0,0,0,1,,1.0,2026-03-14T12:00:13.020162,neutral,0.587,2026-03-14T12:00:11.995293,0.1839874649346334,2026-03-14T12:00:13.005000,68,,,
participant_10,1,day,Town10HD_Opt,2026-03-14 12:00:14.078739,-29.96278190612793,70.29515075683594,0.0020211029332131,18.862,6.073,0.391,0.0,0,0,1,,1.0,2026-03-14T12:00:14.078739,neutral,0.547,2026-03-14T12:00:14.078739,0.191992118146144,2026-03-14T12:00:13.996000,70,,,
participant_10,1,day,Town10HD_Opt,2026-03-14 12:00:15.054538,-26.514366149902344,70.07587432861328,0.0019470596453174,21.372,1.558,0.493,0.0,0,0,1,,1.0,2026-03-14T12:00:15.054538,neutral,0.547,2026-03-14T12:00:14.078739,0.1421566298853437,2026-03-14T12:00:14.985000,72,,,
participant_10,1,day,Town10HD_Opt,2026-03-14 12:00:16.019088,-22.495723724365234,69.91191101074219,0.0019318771082907,24.845,1.199,0.47,0.0,0,0,1,,1.0,2026-03-14T12:00:16.019088,neutral,0.547,2026-03-14T12:00:14.078739,0.188181067604624,2026-03-14T12:00:15.975000,70,,,
participant_10,1,day,Town10HD_Opt,2026-03-14 12:00:17.027527,-17.97461700439453,69.85194396972656,0.0019925308879464,26.649,0.841,0.383,0.0,0,0,1,,1.0,2026-03-14T12:00:17.027527,fear,0.446,2026-03-14T12:00:17.027527,0.0976245480097529,2026-03-14T12:00:17.010000,72,,,
participant_10,1,day,Town10HD_Opt,2026-03-14 12:00:18.190069,-14.848536491394045,69.8650894165039,0.0020354080479592,26.709,-0.021,0.238,0.0,0,0,1,,0.937,2026-03-14T12:00:18.190069,fear,0.446,2026-03-14T12:00:17.027527,0.1227076086389628,2026-03-14T12:00:18.097000,71,,,
participant_10,1,day,Town10HD_Opt,2026-03-14 12:00:19.141510,-10.36380386352539,69.88735961914062,0.0021281433291733,23.828,-0.301,0.191,0.0,0,0,1,,0.843,2026-03-14T12:00:19.141510,neutral,0.418,2026-03-14T12:00:19.141510,0.1239087364585498,2026-03-14T12:00:18.992000,73,,,
participant_10,1,day,Town10HD_Opt,2026-03-14 12:00:20.183899,-6.366697788238525,69.88381958007812,0.0021309279836714,21.37,0.04,0.237,0.0,0,0,1,,0.868,2026-03-14T12:00:20.183899,neutral,0.418,2026-03-14T12:00:19.141510,0.1686746817722398,2026-03-14T12:00:19.983000,72,,,
participant_10,1,day,Town10HD_Opt,2026-03-14 12:00:21.146569,-2.7747035026550293,69.87919616699219,0.002087326021865,19.804,0.153,0.305,0.0,0,0,1,,0.805,2026-03-14T12:00:21.146569,sad,0.339,2026-03-14T12:00:21.146569,0.1904248398768683,2026-03-14T12:00:21.105000,71,,,
participant_10,1,day,Town10HD_Opt,2026-03-14 12:00:22.072873,0.6530046463012695,69.88352966308594,0.0020483396947383,19.545,0.263,0.374,0.0,0,0,1,,1.0,2026-03-14T12:00:22.072873,sad,0.339,2026-03-14T12:00:21.146569,0.0890168451055288,2026-03-14T12:00:22.008000,72,,,
participant_10,1,day,Town10HD_Opt,2026-03-14 12:00:23.034229,4.14832067489624,69.89466857910156,0.0020031738094985,20.672,-0.211,0.402,0.0,0,0,1,,1.0,2026-03-14T12:00:23.034229,sad,0.339,2026-03-14T12:00:21.146569,0.091345453294689,2026-03-14T12:00:23.040000,72,,,
participant_10,1,day,Town10HD_Opt,2026-03-14 12:00:24.230208,9.152071952819824,69.9055404663086,0.0020482635591179,21.431,0.266,0.016,0.0,0,0,1,,1.0,2026-03-14T12:00:24.230208,sad,0.473,2026-03-14T12:00:24.230208,0.0399682832644259,2026-03-14T12:00:23.986000,71,,,
participant_10,1,day,Town10HD_Opt,2026-03-14 12:00:25.194145,12.549891471862791,69.93724822998047,0.0019112013978883,17.631,0.411,0.103,0.0,0,0,1,,1.0,2026-03-14T12:00:25.194145,sad,0.473,2026-03-14T12:00:24.230208,0.0738901911445463,2026-03-14T12:00:25.111000,67,,,
participant_10,1,day,Town10HD_Opt,2026-03-14 12:00:26.119274,15.405571937561035,69.96910095214844,0.0019998168572783,14.932,-0.19,0.091,0.0,0,0,1,,1.0,2026-03-14T12:00:26.119274,sad,0.473,2026-03-14T12:00:24.230208,0.1112748735142983,2026-03-14T12:00:26.011000,70,,,
participant_10,1,day,Town10HD_Opt,2026-03-14 12:00:27.044012,17.847455978393555,69.98662567138672,0.0019851303659379,12.85,-0.369,0.08,0.0,0,0,1,,1.0,2026-03-14T12:00:27.044012,neutral,0.349,2026-03-14T12:00:27.044012,0.02,2026-03-14T12:00:27.046000,69,,,
participant_10,1,day,Town10HD_Opt,2026-03-14 12:00:28.204172,20.466970443725582,69.99284362792969,0.0020062255207449,9.432,-0.247,0.0,0.0,0,0,1,,0.865,2026-03-14T12:00:28.204172,neutral,0.349,2026-03-14T12:00:27.044012,0.0529544440621449,2026-03-14T12:00:28.036000,72,,,
participant_10,1,day,Town10HD_Opt,2026-03-14 12:00:29.078946,21.90753173828125,69.9925537109375,0.0019838332664221,7.032,-0.237,0.0,0.0,0,0,1,,1.0,2026-03-14T12:00:29.078946,fear,0.357,2026-03-14T12:00:29.078946,0.0729359219406039,2026-03-14T12:00:28.980000,73,,,
participant_10,1,day,Town10HD_Opt,2026-03-14 12:00:30.261682,23.32919883728028,69.98948669433594,0.0019669723697006,5.017,-0.237,0.0,0.0,0,0,1,,0.877,2026-03-14T12:00:30.261682,fear,0.357,2026-03-14T12:00:29.078946,0.0424966734851366,2026-03-14T12:00:30.150000,72,,,
participant_10,1,day,Town10HD_Opt,2026-03-14 12:00:31.195205,24.110774993896484,69.9866714477539,0.0019558714702725,3.796,-0.226,0.0,0.0,0,0,1,,1.0,2026-03-14T12:00:31.195205,sad,0.356,2026-03-14T12:00:31.195205,0.0206408708763825,2026-03-14T12:00:31.006000,73,,,
participant_10,1,day,Town10HD_Opt,2026-03-14 12:00:32.159148,24.686368942260746,69.98406982421875,0.0019219970563426,3.23,-0.226,0.0,0.0,0,0,1,,0.823,2026-03-14T12:00:32.159148,sad,0.356,2026-03-14T12:00:31.195205,0.0592746206538818,2026-03-14T12:00:31.996000,72,,,
participant_10,1,day,Town10HD_Opt,2026-03-14 12:00:33.031269,25.20854377746582,69.98141479492188,0.0019409941742196,2.599,-0.223,0.0,0.0,0,0,1,,0.82,2026-03-14T12:00:33.031269,sad,0.356,2026-03-14T12:00:31.195205,0.02,2026-03-14T12:00:33.121000,76,,,
participant_10,1,day,Town10HD_Opt,2026-03-14 12:00:34.171222,25.36604690551757,69.98048400878906,0.0019329834030941,0.058,-0.2,0.326,0.0,0,0,1,,0.804,2026-03-14T12:00:34.171222,sad,0.53,2026-03-14T12:00:34.171222,0.02,2026-03-14T12:00:33.976000,71,,,
participant_10,1,day,Town10HD_Opt,2026-03-14 12:00:35.111825,25.66123390197754,69.97871398925781,0.0017847823910415,3.893,-0.2,0.122,0.0,0,0,1,,0.822,2026-03-14T12:00:35.111825,sad,0.53,2026-03-14T12:00:34.171222,0.02,2026-03-14T12:00:35.101000,68,,,
participant_10,1,day,Town10HD_Opt,2026-03-14 12:00:36.312855,26.08310890197754,69.97650146484375,0.0019690704066306,0.149,-0.188,0.051,0.0,0,0,1,,0.858,2026-03-14T12:00:36.312855,fear,0.31,2026-03-14T12:00:36.312855,0.0292287451002355,2026-03-14T12:00:36.002000,71,,,
participant_10,1,day,Town10HD_Opt,2026-03-14 12:00:37.055223,26.15567970275879,69.97587585449219,0.0017691802931949,3.055,-0.188,0.641,0.0,0,0,1,,1.0,2026-03-14T12:00:37.055223,fear,0.31,2026-03-14T12:00:36.312855,0.0220610679087401,2026-03-14T12:00:36.991000,68,,,
participant_10,1,day,Town10HD_Opt,2026-03-14 12:00:38.218070,27.42574119567871,69.96586608886719,0.0016044997610151,12.013,-1.069,0.632,0.0,0,0,1,,0.881,2026-03-14T12:00:38.218070,fear,0.31,2026-03-14T12:00:36.312855,0.02,2026-03-14T12:00:37.983000,66,,,errors=Stop sign violation
participant_10,1,day,Town10HD_Opt,2026-03-14 12:00:39.159890,30.2026424407959,69.83111572265625,0.0019955444149672,18.425,-6.945,0.463,0.0,0,0,1,,1.0,2026-03-14T12:00:39.159890,neutral,0.805,2026-03-14T12:00:39.159890,0.02,2026-03-14T12:00:39.017000,65,,,
participant_10,1,day,Town10HD_Opt,2026-03-14 12:00:40.116724,33.38030242919922,69.24765014648438,0.0020598983392119,18.387,-10.749,0.282,0.0,0,0,1,,1.0,2026-03-14T12:00:40.116724,neutral,0.805,2026-03-14T12:00:39.159890,0.02,2026-03-14T12:00:40.006000,62,,,
participant_10,1,day,Town10HD_Opt,2026-03-14 12:00:41.087785,36.35465621948242,68.10050201416016,0.0020457075443118,18.278,-12.33,0.337,0.0,0,0,1,,1.0,2026-03-14T12:00:41.087785,neutral,0.805,2026-03-14T12:00:39.159890,0.02,2026-03-14T12:00:40.996000,62,,,
participant_10,1,day,Town10HD_Opt,2026-03-14 12:00:42.086678,39.02843475341797,66.39702606201172,0.0020514677744358,18.232,-12.1,0.284,0.0,0,0,1,,1.0,2026-03-14T12:00:42.086678,neutral,0.482,2026-03-14T12:00:42.086678,0.02,2026-03-14T12:00:41.985000,60,,,
participant_10,1,day,Town10HD_Opt,2026-03-14 12:00:43.092124,41.320560455322266,64.18830108642578,0.0020704651251435,18.379,-12.67,0.287,0.0,0,0,1,,1.0,2026-03-14T12:00:43.092124,neutral,0.482,2026-03-14T12:00:42.086678,0.02,2026-03-14T12:00:42.976000,58,,,
participant_10,1,day,Town10HD_Opt,2026-03-14 12:00:44.029828,43.09922790527344,61.55058288574219,0.0020526503212749,18.258,-14.2,0.281,0.0,0,0,1,,1.0,2026-03-14T12:00:44.029828,neutral,0.482,2026-03-14T12:00:42.086678,0.02,2026-03-14T12:00:44.010000,62,,,
participant_10,1,day,Town10HD_Opt,2026-03-14 12:00:45.226520,44.45420455932617,57.54621887207031,0.0020399093627929,18.226,-13.872,0.224,0.0,0,0,1,,1.0,2026-03-14T12:00:45.226520,happy,0.779,2026-03-14T12:00:45.226520,0.02,2026-03-14T12:00:45.001000,63,,,
participant_10,1,day,Town10HD_Opt,2026-03-14 12:00:46.222282,44.67829513549805,54.50564956665039,0.0020078276284039,15.613,-9.621,0.0,0.0,0,0,1,,1.0,2026-03-14T12:00:46.222282,happy,0.779,2026-03-14T12:00:45.226520,0.02,2026-03-14T12:00:45.994000,60,,,
participant_10,1,day,Town10HD_Opt,2026-03-14 12:00:47.261774,44.590667724609375,52.04737091064453,0.0020014953333884,12.698,-4.752,0.102,0.0,0,0,1,,0.835,2026-03-14T12:00:47.261774,neutral,0.608,2026-03-14T12:00:47.261774,0.02,2026-03-14T12:00:46.981000,64,,,
participant_10,1,day,Town10HD_Opt,2026-03-14 12:00:48.249880,44.44857406616211,49.95967102050781,0.0019719314295798,11.084,-0.374,0.092,0.0,0,0,1,,0.908,2026-03-14T12:00:48.249880,neutral,0.608,2026-03-14T12:00:47.261774,0.02,2026-03-14T12:00:48.062000,66,,,
participant_10,1,day,Town10HD_Opt,2026-03-14 12:00:49.174689,44.33786392211914,48.129520416259766,0.0019583129324018,9.822,-0.023,0.101,0.0,0,0,1,,0.877,2026-03-14T12:00:49.174689,neutral,0.608,2026-03-14T12:00:47.261774,0.02,2026-03-14T12:00:49.051000,62,,,
participant_10,1,day,Town10HD_Opt,2026-03-14 12:00:50.089800,44.23862838745117,46.49376678466797,0.001949539175257,8.808,-0.052,0.105,0.0,0,0,1,,0.829,2026-03-14T12:00:50.089800,neutral,0.517,2026-03-14T12:00:50.089800,0.02,2026-03-14T12:00:49.996000,64,,,
participant_10,1,day,Town10HD_Opt,2026-03-14 12:00:51.075884,44.14788818359375,45.00970077514648,0.0019435882568359,8.085,-0.047,0.105,0.0,0,0,1,,0.874,2026-03-14T12:00:51.075884,neutral,0.517,2026-03-14T12:00:50.089800,0.02,2026-03-14T12:00:50.987000,67,,,
participant_10,1,day,Town10HD_Opt,2026-03-14 12:00:52.003168,44.06759643554688,43.67876052856445,0.0019720839336514,6.741,0.613,0.0,0.0,0,0,1,,1.0,2026-03-14T12:00:52.003168,neutral,0.517,2026-03-14T12:00:50.089800,0.02,2026-03-14T12:00:51.977000,66,,,
participant_10,1,day,Town10HD_Opt,2026-03-14 12:00:53.265918,44.01738739013672,42.24928283691406,0.0017876814818009,7.744,5.905,0.0,0.0,0,0,1,,1.0,2026-03-14T12:00:53.265918,happy,0.832,2026-03-14T12:00:53.265918,0.02,2026-03-14T12:00:53.011000,65,,,
participant_10,1,day,Town10HD_Opt,2026-03-14 12:00:54.178736,44.02861404418945,40.99777221679688,0.0019952391739934,5.738,3.91,0.0,0.185,0,0,1,,1.0,2026-03-14T12:00:54.178736,happy,0.832,2026-03-14T12:00:53.265918,0.02,2026-03-14T12:00:54.001000,71,,,
participant_10,1,day,Town10HD_Opt,2026-03-14 12:00:55.146825,44.03204345703125,40.809844970703125,0.0019433974521234,1.129,3.994,0.95,0.0,0,0,1,,1.0,2026-03-14T12:00:55.146825,happy,0.832,2026-03-14T12:00:53.265918,0.02,2026-03-14T12:00:55.037000,68,,,
participant_10,1,day,Town10HD_Opt,2026-03-14 12:00:56.123921,44.11187362670898,39.46427917480469,0.0014307021629065,15.994,7.114,0.913,0.0,0,0,1,,1.0,2026-03-14T12:00:56.123921,neutral,0.701,2026-03-14T12:00:56.123921,0.02,2026-03-14T12:00:56.072000,69,,,
participant_10,1,day,Town10HD_Opt,2026-03-14 12:00:57.103327,44.742313385009766,35.894832611083984,0.0017700575990602,25.531,15.928,0.576,0.0,0,0,1,,1.0,2026-03-14T12:00:57.103327,neutral,0.701,2026-03-14T12:00:56.123921,0.02,2026-03-14T12:00:57.015000,67,,,
participant_10,1,day,Town10HD_Opt,2026-03-14 12:00:58.074668,46.96234893798828,31.86553001403809,0.002183647127822,24.968,23.183,0.0,0.0,0,0,1,,1.0,2026-03-14T12:00:58.074668,neutral,0.701,2026-03-14T12:00:56.123921,0.0229834358807588,2026-03-14T12:00:58.141000,68,,,
participant_10,1,day,Town10HD_Opt,2026-03-14 12:00:59.043813,50.10791778564453,29.707931518554688,0.002268447773531,18.852,17.906,0.238,0.0,0,0,1,,1.0,2026-03-14T12:00:59.043813,happy,0.705,2026-03-14T12:00:59.043813,0.02,2026-03-14T12:00:59.042000,63,,,
participant_10,1,day,Town10HD_Opt,2026-03-14 12:01:00.271159,54.29238128662109,28.70111083984375,0.0019546127878129,20.248,7.045,0.563,0.0,0,0,1,,1.0,2026-03-14T12:01:00.271159,happy,0.705,2026-03-14T12:00:59.043813,0.02,2026-03-14T12:00:59.986000,66,,,
participant_10,1,day,Town10HD_Opt,2026-03-14 12:01:01.256241,58.180442810058594,28.16193008422852,0.0021134947892278,24.002,-5.146,0.0,0.0,0,0,1,,1.0,2026-03-14T12:01:01.256241,neutral,0.569,2026-03-14T12:01:01.256241,0.02,2026-03-14T12:01:00.977000,67,,,
participant_10,1,day,Town10HD_Opt,2026-03-14 12:01:02.193125,61.89904022216797,27.29508399963379,0.0022123716771602,18.757,-3.076,0.0,0.0,0,0,1,,1.0,2026-03-14T12:01:02.193125,neutral,0.569,2026-03-14T12:01:01.256241,0.02,2026-03-14T12:01:02.056000,64,,,errors=Vehicle collision
participant_10,1,day,Town10HD_Opt,2026-03-14 12:01:03.111585,64.66609954833984,26.682861328125,0.0017129897605627,14.883,8.403,0.143,0.0,0,0,1,,1.0,2026-03-14T12:01:03.111585,neutral,0.569,2026-03-14T12:01:01.256241,0.02,2026-03-14T12:01:03.001000,66,,,
participant_10,1,day,Town10HD_Opt,2026-03-14 12:01:04.010995,67.24675750732422,26.33774757385254,0.001874046283774,15.61,1.871,0.322,0.0,0,0,1,,1.0,2026-03-14T12:01:04.010995,neutral,0.593,2026-03-14T12:01:04.010995,0.02,2026-03-14T12:01:03.991000,69,,,
participant_10,1,day,Town10HD_Opt,2026-03-14 12:01:05.210807,71.09379577636719,25.85570907592773,0.0018795012729242,17.458,1.105,0.16,0.0,0,0,1,,1.0,2026-03-14T12:01:05.210807,neutral,0.593,2026-03-14T12:01:04.010995,0.02,2026-03-14T12:01:04.981000,70,,,
participant_10,1,day,Town10HD_Opt,2026-03-14 12:01:06.217600,73.88704681396484,25.56468772888184,0.001986923161894,15.312,2.007,0.766,0.0,0,0,1,,1.0,2026-03-14T12:01:06.217600,happy,0.576,2026-03-14T12:01:06.217600,0.02,2026-03-14T12:01:06.016000,69,,,
participant_10,1,day,Town10HD_Opt,2026-03-14 12:01:07.132988,77.2880630493164,25.32725715637207,0.0017408370040357,25.25,2.174,0.861,0.0,0,0,1,,1.0,2026-03-14T12:01:07.132988,happy,0.576,2026-03-14T12:01:06.217600,0.02,2026-03-14T12:01:07.006000,68,,,
participant_10,1,day,Town10HD_Opt,2026-03-14 12:01:08.025691,82.70671844482422,25.193458557128903,0.0016370773082599,38.245,1.963,0.762,0.0,0,0,1,,1.0,2026-03-14T12:01:08.025691,happy,0.576,2026-03-14T12:01:06.217600,0.02,2026-03-14T12:01:07.996000,69,,,
participant_10,1,day,Town10HD_Opt,2026-03-14 12:01:09.235787,91.79876708984376,24.883649826049805,0.0021120451856404,37.89,-8.856,0.348,0.0,0,0,1,,1.0,2026-03-14T12:01:09.235787,happy,0.653,2026-03-14T12:01:09.235787,0.02,2026-03-14T12:01:08.988000,68,,,
participant_10,1,day,Town10HD_Opt,2026-03-14 12:01:10.129416,97.90201568603516,22.89770126342773,0.0021267319098114,35.728,-11.448,0.358,0.0,0,0,1,,1.0,2026-03-14T12:01:10.129416,happy,0.653,2026-03-14T12:01:09.235787,0.02,2026-03-14T12:01:09.976000,67,,,
participant_10,1,day,Town10HD_Opt,2026-03-14 12:01:11.243201,103.88175201416016,17.57599639892578,0.0021134566050022,33.672,-13.124,0.373,0.0,0,0,1,,1.0,2026-03-14T12:01:11.243201,neutral,0.493,2026-03-14T12:01:11.243201,0.02,2026-03-14T12:01:11.101000,69,,,
participant_10,1,day,Town10HD_Opt,2026-03-14 12:01:12.127193,106.17311096191406,12.274590492248535,0.0020943831186741,32.74,-10.298,0.373,0.0,0,0,1,,1.0,2026-03-14T12:01:12.127193,neutral,0.493,2026-03-14T12:01:11.243201,0.02,2026-03-14T12:01:12.002000,66,,,
participant_10,1,day,Town10HD_Opt,2026-03-14 12:01:13.016567,106.8797836303711,6.645588874816895,0.0020498274825513,32.497,-4.981,0.448,0.0,0,0,1,,1.0,2026-03-14T12:01:13.016567,neutral,0.493,2026-03-14T12:01:11.243201,0.02,2026-03-14T12:01:12.991000,64,,,
participant_10,1,day,Town10HD_Opt,2026-03-14 12:01:14.164810,107.00596618652344,-1.078025221824646,0.0020274734124541,33.504,-0.11,0.406,0.0,0,0,1,,0.872,2026-03-14T12:01:14.164810,happy,0.651,2026-03-14T12:01:14.164810,0.02,2026-03-14T12:01:13.981000,67,,,
participant_10,1,day,Town10HD_Opt,2026-03-14 12:01:15.025103,107.05835723876952,-6.951721668243408,0.0020384597592055,33.652,-0.143,0.457,0.0,0,0,1,,1.0,2026-03-14T12:01:15.025103,happy,0.651,2026-03-14T12:01:14.164810,0.02,2026-03-14T12:01:15.016000,67,,,errors=Solid line crossing
participant_10,1,day,Town10HD_Opt,2026-03-14 12:01:16.164009,107.08967590332033,-15.248417854309082,0.0018902969313785,38.736,-0.277,0.586,0.0,0,0,1,,0.825,2026-03-14T12:01:16.164009,happy,0.651,2026-03-14T12:01:14.164810,0.02,2026-03-14T12:01:16.006000,66,,,
participant_10,1,day,Town10HD_Opt,2026-03-14 12:01:17.025819,107.01874542236328,-22.29351234436035,0.0019517134642228,41.757,-2.108,0.542,0.0,0,0,1,,1.0,2026-03-14T12:01:17.025819,neutral,0.469,2026-03-14T12:01:17.025819,0.02,2026-03-14T12:01:17.041000,69,,,
participant_10,1,day,Town10HD_Opt,2026-03-14 12:01:18.132893,106.04788970947266,-32.29532241821289,0.0019785307813435,44.551,-3.844,0.542,0.0,0,0,1,,1.0,2026-03-14T12:01:18.132893,neutral,0.469,2026-03-14T12:01:17.025819,0.02,2026-03-14T12:01:17.985000,70,,,
participant_10,1,day,Town10HD_Opt,2026-03-14 12:01:18.992648,103.97560119628906,-39.93423080444336,0.0019952391739934,46.061,-6.26,0.54,0.0,0,0,1,,1.0,2026-03-14T12:01:18.992648,neutral,0.469,2026-03-14T12:01:17.025819,0.02,2026-03-14T12:01:18.976000,69,,,
participant_10,1,day,Town10HD_Opt,2026-03-14 12:01:20.095794,98.50959014892578,-49.34837341308594,0.0020112991333007,47.446,-4.771,0.487,0.0,0,0,1,,0.843,2026-03-14T12:01:20.095794,happy,0.611,2026-03-14T12:01:20.095794,0.02,2026-03-14T12:01:20.011000,69,,,
participant_10,1,day,Town10HD_Opt,2026-03-14 12:01:21.243979,90.69395446777344,-56.97236633300781,0.0020898818038403,45.97,-4.806,0.431,0.0,0,0,1,,1.0,2026-03-14T12:01:21.243979,happy,0.611,2026-03-14T12:01:20.095794,0.02,2026-03-14T12:01:21.001000,72,,,
participant_10,1,day,Town10HD_Opt,2026-03-14 12:01:22.109590,83.972412109375,-61.18313980102539,0.0020855711773037,44.726,-4.737,0.431,0.0,0,0,1,,1.0,2026-03-14T12:01:22.109590,neutral,0.646,2026-03-14T12:01:22.109590,0.02,2026-03-14T12:01:21.991000,70,,,
participant_10,1,day,Town10HD_Opt,2026-03-14 12:01:22.991990,76.79521179199219,-64.057861328125,0.0020793152507394,43.687,-4.737,0.431,0.0,0,0,1,,1.0,2026-03-14T12:01:22.991990,neutral,0.646,2026-03-14T12:01:22.109590,0.1090678593227353,2026-03-14T12:01:22.981000,71,,,
participant_10,1,day,Town10HD_Opt,2026-03-14 12:01:24.192269,66.91394805908203,-65.90034484863281,0.0020690916571766,42.621,-2.586,0.431,0.0,0,0,1,,1.0,2026-03-14T12:01:24.192269,neutral,0.712,2026-03-14T12:01:24.192269,0.0383892804649907,2026-03-14T12:01:23.971000,72,,,
participant_10,1,day,Town10HD_Opt,2026-03-14 12:01:25.102128,59.52187728881836,-66.3958740234375,0.0020619200076907,42.053,-0.399,0.431,0.0,0,0,1,,0.825,2026-03-14T12:01:25.102128,neutral,0.712,2026-03-14T12:01:24.192269,0.0749248071277045,2026-03-14T12:01:25.053000,66,,,
participant_10,1,day,Town10HD_Opt,2026-03-14 12:01:26.000340,52.21793746948242,-66.71318054199219,0.0020586776081472,41.511,-0.364,0.431,0.0,0,0,1,,1.0,2026-03-14T12:01:26.000340,neutral,0.712,2026-03-14T12:01:24.192269,0.1490843728386504,2026-03-14T12:01:25.996000,69,,,
participant_10,1,day,Town10HD_Opt,2026-03-14 12:01:27.222320,42.60099029541016,-66.99016571044922,0.0020555113442242,40.948,-0.322,0.431,0.0,0,0,1,,1.0,2026-03-14T12:01:27.222320,neutral,0.533,2026-03-14T12:01:27.222320,0.0974171817223143,2026-03-14T12:01:27.031000,66,,,
participant_10,1,day,Town10HD_Opt,2026-03-14 12:01:28.123408,35.47079849243164,-67.1416015625,0.0020690155215561,40.185,-0.27,0.155,0.0,0,0,1,,1.0,2026-03-14T12:01:28.123408,neutral,0.533,2026-03-14T12:01:27.222320,0.2486837378084624,2026-03-14T12:01:27.976000,65,,,
participant_10,1,day,Town10HD_Opt,2026-03-14 12:01:29.065944,28.994571685791016,-67.22537231445312,0.0023086927831172,32.453,-0.214,0.0,0.0,0,0,1,,1.0,2026-03-14T12:01:29.065944,neutral,0.533,2026-03-14T12:01:27.222320,0.2376052791603849,2026-03-14T12:01:29.195000,63,,,
participant_10,1,day,Town10HD_Opt,2026-03-14 12:01:29.999296,23.940570831298828,-67.26712036132812,0.0022826385684311,24.898,-0.169,0.068,0.0,0,0,1,,1.0,2026-03-14T12:01:29.999296,neutral,0.888,2026-03-14T12:01:29.999296,0.2233343979250204,2026-03-14T12:01:30.002000,64,,,
participant_10,1,day,Town10HD_Opt,2026-03-14 12:01:31.170003,18.65747833251953,-67.30839538574219,0.0020498656667768,22.134,-0.012,0.443,0.0,0,0,1,,1.0,2026-03-14T12:01:31.170003,neutral,0.888,2026-03-14T12:01:29.999296,0.3279530159236689,2026-03-14T12:01:31.082000,67,,,
participant_10,1,day,Town10HD_Opt,2026-03-14 12:01:32.052094,14.628660202026367,-67.3423080444336,0.001975402701646,24.209,0.129,0.428,0.0,0,0,1,,1.0,2026-03-14T12:01:32.052094,happy,0.716,2026-03-14T12:01:32.052094,0.3349018095099845,2026-03-14T12:01:32.026000,65,,,
participant_10,1,day,Town10HD_Opt,2026-03-14 12:01:33.250951,8.7315092086792,-67.39214324951172,0.0019927597604691,26.344,-0.094,0.413,0.0,0,0,1,,1.0,2026-03-14T12:01:33.250951,happy,0.716,2026-03-14T12:01:32.052094,0.4180252752401817,2026-03-14T12:01:33.152000,66,,,
participant_10,1,day,Town10HD_Opt,2026-03-14 12:01:34.150324,4.059850215911865,-67.42903900146484,0.0020759201142936,26.155,-0.625,0.197,0.0,0,0,1,,1.0,2026-03-14T12:01:34.150324,neutral,0.834,2026-03-14T12:01:34.150324,0.3584000423822224,2026-03-14T12:01:34.051000,62,,,
participant_10,1,day,Town10HD_Opt,2026-03-14 12:01:35.082957,-0.2581645250320434,-67.255126953125,0.0021454237867146,23.043,-5.919,0.197,0.0,0,0,1,,1.0,2026-03-14T12:01:35.082957,neutral,0.834,2026-03-14T12:01:34.150324,0.3681024711310607,2026-03-14T12:01:34.996000,65,,,
participant_10,1,day,Town10HD_Opt,2026-03-14 12:01:35.997846,-4.024170875549316,-66.69438171386719,0.0021191786509007,20.601,-2.174,0.357,0.0,0,0,1,,1.0,2026-03-14T12:01:35.997846,neutral,0.834,2026-03-14T12:01:34.150324,0.3678671484657588,2026-03-14T12:01:35.986000,63,,,
participant_10,1,day,Town10HD_Opt,2026-03-14 12:01:37.184708,-8.880492210388184,-65.74553680419922,0.0019813918042927,22.523,0.369,0.414,0.0,0,0,1,,1.0,2026-03-14T12:01:37.184708,neutral,0.713,2026-03-14T12:01:37.184708,0.2680782873029527,2026-03-14T12:01:37.066000,62,,,
participant_10,1,day,Town10HD_Opt,2026-03-14 12:01:38.098458,-12.84092617034912,-65.04438018798828,0.0020832824520766,22.261,2.56,0.0,0.0,0,0,1,,1.0,2026-03-14T12:01:38.098458,neutral,0.713,2026-03-14T12:01:37.184708,0.3792879366278742,2026-03-14T12:01:38.056000,62,,,
participant_10,1,day,Town10HD_Opt,2026-03-14 12:01:39.231013,-17.241540908813477,-64.58321380615234,0.0020032119937241,15.738,4.674,0.0,0.0,0,0,1,,1.0,2026-03-14T12:01:39.231013,neutral,0.598,2026-03-14T12:01:39.231013,0.3782767561615178,2026-03-14T12:01:39.048000,63,,,
participant_10,1,day,Town10HD_Opt,2026-03-14 12:01:40.167351,-19.6671199798584,-64.51294708251953,0.0020535660441964,11.834,2.925,0.0,0.072,0,0,1,,1.0,2026-03-14T12:01:40.167351,neutral,0.598,2026-03-14T12:01:39.231013,0.376425453445027,2026-03-14T12:01:39.991000,63,,,
participant_10,1,day,Town10HD_Opt,2026-03-14 12:01:41.000515,-21.437334060668945,-64.51683807373047,0.0020207976922392,8.429,2.781,0.0,0.04,0,0,1,,1.0,2026-03-14T12:01:41.000515,neutral,0.598,2026-03-14T12:01:39.231013,0.3508619589003661,2026-03-14T12:01:40.982000,63,,,
participant_10,1,day,Town10HD_Opt,2026-03-14 12:01:42.172204,-23.02646827697754,-64.56175994873047,0.0019839857704937,6.022,2.355,0.98,0.0,0,0,1,,1.0,2026-03-14T12:01:42.172204,neutral,0.723,2026-03-14T12:01:42.172204,0.4028169057612669,2026-03-14T12:01:42.016000,66,,,
participant_10,1,day,Town10HD_Opt,2026-03-14 12:01:43.149523,-25.109888076782227,-64.59992218017578,0.0016291808569803,20.054,-0.501,1.0,0.0,0,0,1,,0.909,2026-03-14T12:01:43.149523,neutral,0.723,2026-03-14T12:01:42.172204,0.3371497108298791,2026-03-14T12:01:43.007000,68,,,
participant_10,1,day,Town10HD_Opt,2026-03-14 12:01:44.061104,-29.72115707397461,-64.6872787475586,0.0014977264218032,35.336,0.667,1.0,0.0,0,0,1,,0.829,2026-03-14T12:01:44.061104,neutral,0.723,2026-03-14T12:01:42.172204,0.4014308516953521,2026-03-14T12:01:44.044000,64,,,
participant_10,1,day,Town10HD_Opt,2026-03-14 12:01:44.990643,-37.0732536315918,-64.93587493896484,0.0015565489884465,50.04,0.216,1.0,0.0,0,0,1,,0.835,2026-03-14T12:01:44.990643,sad,0.453,2026-03-14T12:01:44.990643,0.3827420075573319,2026-03-14T12:01:44.987000,64,,,
participant_10,1,day,Town10HD_Opt,2026-03-14 12:01:46.183823,-48.87782287597656,-65.41736602783203,0.0018836974631994,51.756,-0.134,0.0,0.176,0,0,1,,1.0,2026-03-14T12:01:46.183823,sad,0.453,2026-03-14T12:01:44.990643,0.4233097196283468,2026-03-14T12:01:46.021000,61,,,
participant_10,1,day,Town10HD_Opt,2026-03-14 12:01:47.167535,-57.5682373046875,-65.70463562011719,0.0019596479833126,50.692,-1.593,0.0,0.0,0,0,1,,1.0,2026-03-14T12:01:47.167535,neutral,0.706,2026-03-14T12:01:47.167535,0.3486541510646712,2026-03-14T12:01:47.012000,64,,,
participant_10,1,day,Town10HD_Opt,2026-03-14 12:01:48.135611,-66.1678695678711,-65.56461334228516,0.0021569442469626,47.009,-1.655,0.419,0.0,0,0,1,,1.0,2026-03-14T12:01:48.135611,neutral,0.706,2026-03-14T12:01:47.167535,0.4207025872551476,2026-03-14T12:01:48.002000,64,,,
participant_10,1,day,Town10HD_Opt,2026-03-14 12:01:49.010523,-74.2273941040039,-64.86952209472656,0.002096366835758,45.454,-3.139,0.419,0.0,0,0,1,,1.0,2026-03-14T12:01:49.010523,neutral,0.706,2026-03-14T12:01:47.167535,0.3627074230476375,2026-03-14T12:01:49.036000,68,,,
participant_10,1,day,Town10HD_Opt,2026-03-14 12:01:50.196805,-84.30960845947266,-62.48808288574219,0.0020854950416833,43.612,-4.884,0.449,0.0,0,0,1,,1.0,2026-03-14T12:01:50.196805,neutral,0.792,2026-03-14T12:01:50.196805,0.3402065400761374,2026-03-14T12:01:49.981000,70,,,
participant_10,1,day,Town10HD_Opt,2026-03-14 12:01:51.101824,-91.21793365478516,-59.2502555847168,0.0020138930995017,44.211,-5.096,0.53,0.0,0,0,1,,1.0,2026-03-14T12:01:51.101824,neutral,0.792,2026-03-14T12:01:50.196805,0.2970897279828495,2026-03-14T12:01:51.016000,65,,,
participant_10,1,day,Town10HD_Opt,2026-03-14 12:01:51.997152,-97.5667495727539,-54.66029739379883,0.0020015717018395,45.602,-5.03,0.53,0.0,0,0,1,,1.0,2026-03-14T12:01:51.997152,neutral,0.792,2026-03-14T12:01:50.196805,0.3360385883690904,2026-03-14T12:01:52.008000,66,,,
participant_10,1,day,Town10HD_Opt,2026-03-14 12:01:53.236528,-104.69720458984376,-46.59746170043945,0.0020869064610451,45.37,-5.929,0.0,0.0,0,0,1,,1.0,2026-03-14T12:01:53.236528,neutral,0.793,2026-03-14T12:01:53.236528,0.2911714282063723,2026-03-14T12:01:52.996000,66,,,
participant_10,1,day,Town10HD_Opt,2026-03-14 12:01:54.120939,-108.04415130615234,-40.31486511230469,0.0023667907807976,35.318,-6.298,0.0,0.0,0,0,1,,1.0,2026-03-14T12:01:54.120939,neutral,0.793,2026-03-14T12:01:53.236528,0.2910999164807163,2026-03-14T12:01:53.987000,66,,,
participant_10,1,day,Town10HD_Opt,2026-03-14 12:01:55.087068,-109.63127899169922,-35.0424919128418,0.0023063658736646,27.579,-5.224,0.0,0.0,0,0,1,,1.0,2026-03-14T12:01:55.087068,neutral,0.793,2026-03-14T12:01:53.236528,0.3003116530906793,2026-03-14T12:01:55.024000,65,,,
participant_10,1,day,Town10HD_Opt,2026-03-14 12:01:55.988810,-110.2921371459961,-30.86279487609864,0.0022108841221779,21.559,-4.584,0.42,0.0,0,0,1,,1.0,2026-03-14T12:01:55.988810,neutral,0.792,2026-03-14T12:01:55.988810,0.2439856953341311,2026-03-14T12:01:56.011000,70,,,
participant_10,1,day,Town10HD_Opt,2026-03-14 12:01:57.054310,-110.6425552368164,-26.91053581237793,0.0018952559912577,25.276,0.663,0.604,0.0,0,0,1,,0.897,2026-03-14T12:01:57.054310,neutral,0.792,2026-03-14T12:01:55.988810,0.2339042670730443,2026-03-14T12:01:57.002000,67,,,
participant_10,1,day,Town10HD_Opt,2026-03-14 12:01:58.268585,-111.39336395263672,-20.2265567779541,0.0018707275157794,32.654,0.515,0.314,0.0,0,0,1,,1.0,2026-03-14T12:01:58.268585,neutral,0.687,2026-03-14T12:01:58.268585,0.2597606760324349,2026-03-14T12:01:57.991000,69,,,
participant_10,1,day,Town10HD_Opt,2026-03-14 12:01:59.233410,-111.66902160644533,-14.811190605163574,0.0022841261234134,27.217,-15.985,0.0,0.0,0,0,1,,0.887,2026-03-14T12:01:59.233410,neutral,0.687,2026-03-14T12:01:58.268585,0.2127279111110997,2026-03-14T12:01:58.982000,68,,,
participant_10,1,day,Town10HD_Opt,2026-03-14 12:02:00.243826,-110.90172576904295,-10.423407554626465,0.0021422195713967,23.901,5.302,0.224,0.109,0,0,1,,1.0,2026-03-14T12:02:00.243826,neutral,0.687,2026-03-14T12:01:58.268585,0.1530490649918589,2026-03-14T12:02:00.107000,67,,,
participant_10,1,day,Town10HD_Opt,2026-03-14 12:02:01.173782,-110.59247589111328,-6.570001602172852,0.002200546208769,19.504,4.457,0.215,0.436,0,0,1,,1.0,2026-03-14T12:02:01.173782,neutral,0.531,2026-03-14T12:02:01.173782,0.153995671265669,2026-03-14T12:02:01.096000,71,,,
participant_10,1,day,Town10HD_Opt,2026-03-14 12:02:02.056115,-110.6002197265625,-3.447723627090454,0.0019872284028679,16.141,3.721,0.215,0.409,0,0,1,,1.0,2026-03-14T12:02:02.056115,neutral,0.531,2026-03-14T12:02:01.173782,0.164843414018124,2026-03-14T12:02:01.996000,71,,,
participant_10,1,day,Town10HD_Opt,2026-03-14 12:02:03.228791,-110.80313110351562,0.1477814018726349,0.0018113708356395,20.065,-1.751,1.0,0.0,0,0,1,,0.905,2026-03-14T12:02:03.228791,neutral,0.443,2026-03-14T12:02:03.228791,0.2320774015596887,2026-03-14T12:02:02.986000,69,,,
participant_10,1,day,Town10HD_Opt,2026-03-14 12:02:04.175956,-110.7758560180664,4.697911739349365,0.0015129089588299,34.832,-4.093,0.931,0.0,0,0,1,,0.868,2026-03-14T12:02:04.175956,neutral,0.443,2026-03-14T12:02:03.228791,0.0908272462609729,2026-03-14T12:02:04.066000,67,,,
participant_10,1,day,Town10HD_Opt,2026-03-14 12:02:05.119019,-109.78285217285156,11.592717170715332,0.0018352889455854,43.157,-10.413,0.376,0.0,0,0,1,,0.827,2026-03-14T12:02:05.119019,neutral,0.443,2026-03-14T12:02:03.228791,0.1528210746888658,2026-03-14T12:02:05.012000,65,,,
participant_10,1,day,Town10HD_Opt,2026-03-14 12:02:06.056193,-106.60021209716795,18.12408828735352,0.0021858976688236,39.557,-10.742,0.273,0.0,0,0,1,,1.0,2026-03-14T12:02:06.056193,happy,0.642,2026-03-14T12:02:06.056193,0.201792489847816,2026-03-14T12:02:06.001000,67,,,
participant_10,1,day,Town10HD_Opt,2026-03-14 12:02:07.061153,-101.81681060791016,22.59566307067871,0.0021986770443618,35.311,-10.415,0.254,0.0,0,0,1,,1.0,2026-03-14T12:02:07.061153,happy,0.642,2026-03-14T12:02:06.056193,0.1737999054623974,2026-03-14T12:02:06.992000,63,,,
participant_10,1,day,Town10HD_Opt,2026-03-14 12:02:08.034925,-96.19890594482422,25.25442314147949,0.0017620086437091,40.439,-5.957,1.0,0.0,0,0,1,,1.0,2026-03-14T12:02:08.034925,happy,0.642,2026-03-14T12:02:06.056193,0.143929217485947,2026-03-14T12:02:07.981000,68,,,
participant_10,1,day,Town10HD_Opt,2026-03-14 12:02:09.016695,-88.47151947021484,27.224733352661133,0.0020133589860051,46.199,-4.681,0.0,0.0,0,0,1,,0.842,2026-03-14T12:02:09.016695,neutral,0.492,2026-03-14T12:02:09.016695,0.0804297781414756,2026-03-14T12:02:09.016000,66,,,
participant_10,1,day,Town10HD_Opt,2026-03-14 12:02:10.000735,-80.56722259521484,27.87969207763672,0.0017579650739207,50.002,-2.21,1.0,0.0,0,0,1,,0.925,2026-03-14T12:02:10.000735,neutral,0.492,2026-03-14T12:02:09.016695,0.2096726921057158,2026-03-14T12:02:10.051000,66,,,
participant_10,1,day,Town10HD_Opt,2026-03-14 12:02:10.991607,-71.7540512084961,27.776302337646484,0.0021915435791015,48.412,-0.707,1.0,0.0,0,0,1,,0.928,2026-03-14T12:02:10.991607,neutral,0.492,2026-03-14T12:02:09.016695,0.1302866553873484,2026-03-14T12:02:10.997000,67,,,
participant_10,1,day,Town10HD_Opt,2026-03-14 12:02:12.013345,-62.9700813293457,27.437612533569336,0.0021835325751453,48.913,0.689,1.0,0.0,0,0,1,,1.0,2026-03-14T12:02:12.013345,neutral,0.536,2026-03-14T12:02:12.013345,0.1110955689919815,2026-03-14T12:02:11.987000,66,,,
participant_10,1,day,Town10HD_Opt,2026-03-14 12:02:13.223857,-51.26692581176758,27.246564865112305,0.001975402701646,51.0,0.583,0.0,0.0,0,0,1,,0.955,2026-03-14T12:02:13.223857,neutral,0.536,2026-03-14T12:02:12.013345,0.1592518108272241,2026-03-14T12:02:13.022000,68,,,
participant_10,1,day,Town10HD_Opt,2026-03-14 12:02:14.169137,-42.58665084838867,27.34799766540528,0.0020761108025908,48.719,-0.327,0.457,0.0,0,0,1,,0.841,2026-03-14T12:02:14.169137,neutral,0.627,2026-03-14T12:02:14.169137,0.2063006409423974,2026-03-14T12:02:14.012000,68,,,
participant_10,1,day,Town10HD_Opt,2026-03-14 12:02:15.133643,-34.13396072387695,27.453582763671875,0.002105216961354,47.252,0.839,0.384,0.0,0,0,1,,0.88,2026-03-14T12:02:15.133643,neutral,0.627,2026-03-14T12:02:14.169137,0.16541013537967,2026-03-14T12:02:15.048000,69,,,
participant_10,1,day,Town10HD_Opt,2026-03-14 12:02:16.097252,-26.063610076904297,27.616872787475582,0.002120513934642,44.792,-0.566,0.279,0.0,0,0,1,,0.849,2026-03-14T12:02:16.097252,neutral,0.627,2026-03-14T12:02:14.169137,0.1346305419589513,2026-03-14T12:02:16.037000,72,,,
participant_10,1,day,Town10HD_Opt,2026-03-14 12:02:17.048672,-18.79457092285156,27.666202545166016,0.0023403167724609,36.452,-0.183,0.0,0.0,0,0,1,,1.0,2026-03-14T12:02:17.048672,neutral,0.671,2026-03-14T12:02:17.048672,0.1591350033896555,2026-03-14T12:02:16.982000,70,,,
participant_10,1,day,Town10HD_Opt,2026-03-14 12:02:18.072744,-13.085142135620115,27.66760635375977,0.0021779632661491,28.665,0.19,0.238,0.0,0,0,1,,1.0,2026-03-14T12:02:18.072744,neutral,0.671,2026-03-14T12:02:17.048672,0.1539533638397272,2026-03-14T12:02:18.016000,72,,,
participant_10,1,day,Town10HD_Opt,2026-03-14 12:02:19.259716,-6.478969573974609,27.680395126342773,0.0019178390502929,30.505,0.042,0.588,0.0,0,0,1,,1.0,2026-03-14T12:02:19.259716,neutral,0.508,2026-03-14T12:02:19.259716,0.1304903030714963,2026-03-14T12:02:19.006000,70,,,
participant_10,1,day,Town10HD_Opt,2026-03-14 12:02:20.138401,-0.7782049179077148,27.70365333557129,0.0019062041537836,34.878,0.012,0.555,0.0,0,0,1,,1.0,2026-03-14T12:02:20.138401,neutral,0.508,2026-03-14T12:02:19.259716,0.1519052869329616,2026-03-14T12:02:19.997000,73,,,
participant_10,1,day,Town10HD_Opt,2026-03-14 12:02:21.098756,5.59698486328125,27.73415946960449,0.0019371032249182,38.191,0.181,0.543,0.0,0,0,1,,0.821,2026-03-14T12:02:21.098756,neutral,0.508,2026-03-14T12:02:19.259716,0.0962435576955827,2026-03-14T12:02:20.987000,76,,,
participant_10,1,day,Town10HD_Opt,2026-03-14 12:02:22.027102,12.498046875,27.793371200561523,0.0019552230369299,40.893,0.101,0.538,0.0,0,0,1,,1.0,2026-03-14T12:02:22.027102,neutral,0.651,2026-03-14T12:02:22.027102,0.0676553996245451,2026-03-14T12:02:22.022000,75,,,
participant_10,1,day,Town10HD_Opt,2026-03-14 12:02:23.276956,21.8773136138916,27.969804763793945,0.0021916578989475,37.574,2.466,0.201,0.0,0,0,1,,1.0,2026-03-14T12:02:23.276956,neutral,0.651,2026-03-14T12:02:22.027102,0.109316786000983,2026-03-14T12:02:23.012000,72,,,
participant_10,1,day,Town10HD_Opt,2026-03-14 12:02:24.218888,27.9384708404541,28.57779693603516,0.0022632980253547,31.185,4.634,0.0,0.0,0,0,1,,1.0,2026-03-14T12:02:24.218888,neutral,0.466,2026-03-14T12:02:24.218888,0.0534368512323885,2026-03-14T12:02:24.001000,70,,,
participant_10,1,day,Town10HD_Opt,2026-03-14 12:02:25.126669,32.63433837890625,29.73265647888184,0.0022943876683712,24.051,13.01,0.0,0.0,0,0,1,,1.0,2026-03-14T12:02:25.126669,neutral,0.466,2026-03-14T12:02:24.218888,0.0501876316892458,2026-03-14T12:02:24.994000,70,,,
participant_10,1,day,Town10HD_Opt,2026-03-14 12:02:26.015492,35.771690368652344,31.60273551940918,0.0021781157702207,19.393,18.415,0.532,0.0,0,0,1,,1.0,2026-03-14T12:02:26.015492,neutral,0.466,2026-03-14T12:02:24.218888,0.02,2026-03-14T12:02:25.982000,69,,,
participant_10,1,day,Town10HD_Opt,2026-03-14 12:02:27.151744,38.81652069091797,35.60360336303711,0.0019213104387745,24.939,15.788,0.543,0.0,0,0,1,,1.0,2026-03-14T12:02:27.151744,neutral,0.589,2026-03-14T12:02:27.151744,0.02,2026-03-14T12:02:27.062000,71,,,
participant_10,1,day,Town10HD_Opt,2026-03-14 12:02:28.011733,40.12249755859375,40.01750564575195,0.0020498274825513,26.659,13.594,0.0,0.0,0,0,1,,1.0,2026-03-14T12:02:28.011733,neutral,0.589,2026-03-14T12:02:27.151744,0.02,2026-03-14T12:02:28.006000,67,,,
participant_10,1,day,Town10HD_Opt,2026-03-14 12:02:29.167906,40.253562927246094,45.3426513671875,0.0022449875250458,18.397,-0.964,0.0,0.293,0,0,1,,0.858,2026-03-14T12:02:29.167906,neutral,0.632,2026-03-14T12:02:29.167906,0.02,2026-03-14T12:02:28.997000,71,,,
participant_10,1,day,Town10HD_Opt,2026-03-14 12:02:30.032150,40.26865005493164,48.070892333984375,0.0020922468975186,12.502,0.162,0.0,0.229,0,0,1,,0.892,2026-03-14T12:02:30.032150,neutral,0.632,2026-03-14T12:02:29.167906,0.02,2026-03-14T12:02:29.987000,70,,,
participant_10,1,day,Town10HD_Opt,2026-03-14 12:02:31.123317,40.28854370117188,50.377723693847656,0.0020207976922392,7.47,-1.361,0.0,0.128,0,0,1,,0.852,2026-03-14T12:02:31.123317,neutral,0.632,2026-03-14T12:02:29.167906,0.02,2026-03-14T12:02:31.066000,70,,,
participant_10,1,day,Town10HD_Opt,2026-03-14 12:02:32.192778,40.30631637573242,51.17390823364258,0.0020165252499282,0.083,-1.081,0.0,0.0,0,0,1,,0.878,2026-03-14T12:02:32.192778,neutral,0.615,2026-03-14T12:02:32.192778,0.02,2026-03-14T12:02:32.011000,70,,,
participant_10,1,day,Town10HD_Opt,2026-03-14 12:02:33.094367,40.30828094482422,51.25544738769531,0.001806907588616,2.359,-0.808,0.404,0.0,0,0,1,,0.862,2026-03-14T12:02:33.094367,neutral,0.615,2026-03-14T12:02:32.192778,0.02,2026-03-14T12:02:33.001000,69,,,
participant_10,1,day,Town10HD_Opt,2026-03-14 12:02:34.206817,40.33203887939453,52.21770858764648,0.0023102951236069,0.0,-0.754,0.0,0.132,0,0,1,,0.925,2026-03-14T12:02:34.206817,sad,0.483,2026-03-14T12:02:34.206817,0.02,2026-03-14T12:02:33.992000,71,,,
participant_10,1,day,Town10HD_Opt,2026-03-14 12:02:35.080436,40.33207702636719,52.21883010864258,0.0019310760544613,0.182,-0.754,0.129,0.0,0,0,1,,0.939,2026-03-14T12:02:35.080436,sad,0.483,2026-03-14T12:02:34.206817,0.02,2026-03-14T12:02:34.981000,70,,,
participant_10,1,day,Town10HD_Opt,2026-03-14 12:02:36.016054,40.343780517578125,52.6557846069336,0.0015169143443927,8.357,-0.322,0.946,0.0,0,0,1,,0.863,2026-03-14T12:02:36.016054,sad,0.483,2026-03-14T12:02:34.206817,0.02,2026-03-14T12:02:36.016000,72,,,
participant_10,1,day,Town10HD_Opt,2026-03-14 12:02:37.160339,40.470157623291016,56.69929885864258,0.0017662810860201,24.275,-3.12,0.627,0.0,0,0,1,,1.0,2026-03-14T12:02:37.160339,neutral,0.835,2026-03-14T12:02:37.160339,0.02,2026-03-14T12:02:37.007000,69,,,
participant_10,1,day,Town10HD_Opt,2026-03-14 12:02:38.083251,41.228607177734375,61.35874557495117,0.0018880843417719,29.802,-12.721,0.57,0.0,0,0,1,,0.897,2026-03-14T12:02:38.083251,neutral,0.835,2026-03-14T12:02:37.160339,0.02,2026-03-14T12:02:37.997000,67,,,
participant_10,1,day,Town10HD_Opt,2026-03-14 12:02:39.213083,45.08941650390625,67.68476104736328,0.0020148085895925,33.671,-18.071,0.278,0.0,0,0,1,,0.904,2026-03-14T12:02:39.213083,neutral,0.706,2026-03-14T12:02:39.213083,0.02,2026-03-14T12:02:38.988000,67,,,
participant_10,1,day,Town10HD_Opt,2026-03-14 12:02:40.110153,49.9893684387207,70.3018569946289,0.0022040174808353,30.342,-17.876,0.243,0.0,0,0,1,,0.853,2026-03-14T12:02:40.110153,neutral,0.706,2026-03-14T12:02:39.213083,0.02,2026-03-14T12:02:40.023000,67,,,
participant_10,1,day,Town10HD_Opt,2026-03-14 12:02:41.255154,56.50627899169922,70.55433654785156,0.0022069548722356,24.905,-4.214,0.0,0.0,0,0,1,,0.806,2026-03-14T12:02:41.255154,neutral,0.381,2026-03-14T12:02:41.255154,0.02,2026-03-14T12:02:41.011000,70,,,
participant_10,1,day,Town10HD_Opt,2026-03-14 12:02:42.153250,60.39643478393555,70.1548843383789,0.0021558380685746,20.443,1.074,0.337,0.0,0,0,1,,1.0,2026-03-14T12:02:42.153250,neutral,0.381,2026-03-14T12:02:41.255154,0.02,2026-03-14T12:02:42.002000,68,,,
participant_10,1,day,Town10HD_Opt,2026-03-14 12:02:43.064914,64.00030517578125,69.84326171875,0.0020000839140266,21.427,1.248,0.439,0.0,0,0,1,,1.0,2026-03-14T12:02:43.064914,neutral,0.381,2026-03-14T12:02:41.255154,0.02,2026-03-14T12:02:42.993000,69,,,
participant_10,1,day,Town10HD_Opt,2026-03-14 12:02:44.204610,70.30221557617188,69.50537872314453,0.001580161973834,36.55,1.542,0.885,0.0,0,0,1,,1.0,2026-03-14T12:02:44.204610,sad,0.509,2026-03-14T12:02:44.204610,0.02,2026-03-14T12:02:43.982000,71,,,
participant_10,1,day,Town10HD_Opt,2026-03-14 12:02:45.115063,77.6053237915039,69.45108032226562,0.0017130660125985,46.95,0.818,0.436,0.0,0,0,1,,1.0,2026-03-14T12:02:45.115063,sad,0.509,2026-03-14T12:02:44.204610,0.02,2026-03-14T12:02:45.018000,70,,,
participant_10,1,day,Town10HD_Opt,2026-03-14 12:02:46.043300,85.35804748535156,69.67096710205078,0.002335853409022,39.106,2.092,0.0,0.0,0,0,1,,0.916,2026-03-14T12:02:46.043300,sad,0.509,2026-03-14T12:02:44.204610,0.02,2026-03-14T12:02:46.007000,67,,,
participant_10,1,day,Town10HD_Opt,2026-03-14 12:02:47.164981,92.80626678466795,71.42674255371094,0.0022969054989516,28.313,21.202,0.519,0.0,0,0,1,,1.0,2026-03-14T12:02:47.164981,neutral,0.434,2026-03-14T12:02:47.164981,0.02,2026-03-14T12:02:46.997000,69,,,
participant_10,1,day,Town10HD_Opt,2026-03-14 12:02:48.071967,96.57733154296876,75.35902404785156,0.0017429351573809,37.898,16.243,0.872,0.0,0,0,1,,1.0,2026-03-14T12:02:48.071967,neutral,0.434,2026-03-14T12:02:47.164981,0.02,2026-03-14T12:02:47.987000,66,,,
participant_10,1,day,Town10HD_Opt,2026-03-14 12:02:48.995433,98.75350189208984,82.27082824707031,0.0017476272769272,47.13,11.677,0.814,0.0,0,0,1,,0.826,2026-03-14T12:02:48.995433,neutral,0.434,2026-03-14T12:02:47.164981,0.02,2026-03-14T12:02:49.022000,67,,,errors=Solid line crossing
participant_10,1,day,Town10HD_Opt,2026-03-14 12:02:50.189516,98.01968383789062,93.68109893798828,0.0023050690069794,44.36,-2.05,0.0,0.0,0,0,1,,0.958,2026-03-14T12:02:50.189516,neutral,0.365,2026-03-14T12:02:50.189516,0.02,2026-03-14T12:02:50.102000,70,,,
participant_10,1,day,Town10HD_Opt,2026-03-14 12:02:51.098062,97.5302505493164,100.59431457519533,0.0023567199241369,34.304,5.021,0.0,0.0,0,0,1,,1.0,2026-03-14T12:02:51.098062,neutral,0.365,2026-03-14T12:02:50.189516,0.02,2026-03-14T12:02:51,70,,,
participant_10,1,day,Town10HD_Opt,2026-03-14 12:02:52.280493,95.8901138305664,107.53775024414062,0.0020384597592055,30.27,5.571,0.808,0.0,0,0,1,,1.0,2026-03-14T12:02:52.280493,sad,0.46,2026-03-14T12:02:52.280493,0.02,2026-03-14T12:02:51.992000,70,,,
participant_10,1,day,Town10HD_Opt,2026-03-14 12:02:53.129305,93.36761474609376,112.95417785644533,0.0017789459088817,38.813,5.543,0.714,0.0,0,0,1,,1.0,2026-03-14T12:02:53.129305,sad,0.46,2026-03-14T12:02:52.280493,0.02,2026-03-14T12:02:52.982000,70,,,
participant_10,1,day,Town10HD_Opt,2026-03-14 12:02:54.040788,89.24372100830078,118.9628677368164,0.0018899536225944,44.086,4.277,0.301,0.0,0,0,1,,1.0,2026-03-14T12:02:54.040788,sad,0.46,2026-03-14T12:02:52.280493,0.02,2026-03-14T12:02:54.017000,69,,,
participant_10,1,day,Town10HD_Opt,2026-03-14 12:02:55.202735,82.36845397949219,125.8509750366211,0.0021952055394649,38.532,5.297,0.248,0.0,0,0,1,,1.0,2026-03-14T12:02:55.202735,sad,0.344,2026-03-14T12:02:55.202735,0.02,2026-03-14T12:02:55.007000,66,,,
participant_10,1,day,Town10HD_Opt,2026-03-14 12:02:56.151218,77.02304077148438,129.38145446777344,0.0021519470028579,35.028,6.099,0.465,0.0,0,0,1,,1.0,2026-03-14T12:02:56.151218,sad,0.344,2026-03-14T12:02:55.202735,0.02,2026-03-14T12:02:55.997000,68,,,
participant_10,1,day,Town10HD_Opt,2026-03-14 12:02:57.065163,71.17133331298828,131.79318237304688,0.0018902205629274,39.32,6.706,0.728,0.0,0,0,1,,1.0,2026-03-14T12:02:57.065163,sad,0.344,2026-03-14T12:02:55.202735,0.02,2026-03-14T12:02:56.987000,66,,,
participant_10,1,day,Town10HD_Opt,2026-03-14 12:02:58.259862,60.95645904541016,133.37664794921875,0.0016485976520925,52.409,2.951,0.0,0.188,0,0,1,,1.0,2026-03-14T12:02:58.259862,sad,0.389,2026-03-14T12:02:58.259862,0.02,2026-03-14T12:02:58.022000,68,,,
participant_10,1,day,Town10HD_Opt,2026-03-14 12:02:59.189447,52.1287727355957,133.5019073486328,0.0020008469000458,50.802,1.909,0.917,0.0,0,0,1,,1.0,2026-03-14T12:02:59.189447,sad,0.389,2026-03-14T12:02:58.259862,0.02,2026-03-14T12:02:59.012000,66,,,
participant_10,1,day,Town10HD_Opt,2026-03-14 12:03:00.090998,43.42677307128906,133.2958984375,0.0021096419077366,48.792,-1.706,0.905,0.0,0,0,1,,0.881,2026-03-14T12:03:00.090998,sad,0.389,2026-03-14T12:02:58.259862,0.02,2026-03-14T12:03:00.002000,69,,,
participant_10,1,day,Town10HD_Opt,2026-03-14 12:03:01.041868,34.64315414428711,133.3840789794922,0.0021965026389807,48.522,-0.096,0.895,0.0,0,0,1,,0.913,2026-03-14T12:03:01.041868,sad,0.29,2026-03-14T12:03:01.041868,0.02,2026-03-14T12:03:00.992000,70,,,
participant_10,1,day,Town10HD_Opt,2026-03-14 12:03:02.207919,23.014938354492188,133.74925231933594,0.0020614622626453,49.673,0.945,0.749,0.0,0,0,1,,0.821,2026-03-14T12:03:02.207919,sad,0.29,2026-03-14T12:03:01.041868,0.1217435925763952,2026-03-14T12:03:02.028000,65,,,
participant_10,1,day,Town10HD_Opt,2026-03-14 12:03:03.111406,14.425817489624023,133.62059020996094,0.0022717283573001,45.193,1.622,0.0,0.0,0,0,1,,1.0,2026-03-14T12:03:03.111406,neutral,0.569,2026-03-14T12:03:03.111406,0.0451621604830441,2026-03-14T12:03:03.017000,63,,,
participant_10,1,day,Town10HD_Opt,2026-03-14 12:03:03.998287,7.372734069824219,133.11373901367188,0.0023623274173587,34.998,1.255,0.05,0.0,0,0,1,,0.818,2026-03-14T12:03:03.998287,neutral,0.569,2026-03-14T12:03:03.111406,0.0855373485009121,2026-03-14T12:03:04.006000,65,,,
participant_10,1,day,Town10HD_Opt,2026-03-14 12:03:05.159393,-0.2810670137405395,132.20956420898438,0.0017702102195471,37.192,-1.737,0.997,0.0,0,0,1,,0.93,2026-03-14T12:03:05.159393,neutral,0.744,2026-03-14T12:03:05.159393,0.0488052435463864,2026-03-14T12:03:05.042000,66,,,
participant_10,1,day,Town10HD_Opt,2026-03-14 12:03:06.105885,-7.913974285125732,131.5203857421875,0.0015634155133739,51.775,-0.092,0.0,0.101,0,0,1,,0.872,2026-03-14T12:03:06.105885,neutral,0.744,2026-03-14T12:03:05.159393,0.1212410009851796,2026-03-14T12:03:06.032000,65,,,
participant_10,1,day,Town10HD_Opt,2026-03-14 12:03:06.992837,-16.708059310913086,130.8541259765625,0.0020970152691006,49.437,0.27,0.885,0.0,0,0,1,,0.811,2026-03-14T12:03:06.992837,neutral,0.744,2026-03-14T12:03:05.159393,0.1421665617272212,2026-03-14T12:03:07.022000,65,,,
participant_10,1,day,Town10HD_Opt,2026-03-14 12:03:08.165199,-27.641714096069336,129.85025024414062,0.0023787308018654,40.101,2.362,0.0,0.0,0,0,1,,1.0,2026-03-14T12:03:08.165199,sad,0.385,2026-03-14T12:03:08.165199,0.159664294057692,2026-03-14T12:03:08.012000,65,,,
participant_10,1,day,Town10HD_Opt,2026-03-14 12:03:09.055310,-33.72298812866211,128.53741455078125,0.0023584747686982,30.645,13.234,0.113,0.0,0,0,1,,1.0,2026-03-14T12:03:09.055310,sad,0.385,2026-03-14T12:03:08.165199,0.1189099401782518,2026-03-14T12:03:09.047000,67,,,
participant_10,1,day,Town10HD_Opt,2026-03-14 12:03:10.209672,-39.28756713867188,124.43160247802734,0.0019980238284915,31.923,18.558,0.525,0.0,0,0,1,,1.0,2026-03-14T12:03:10.209672,neutral,0.755,2026-03-14T12:03:10.209672,0.1628323442809574,2026-03-14T12:03:09.992000,67,,,
participant_10,1,day,Town10HD_Opt,2026-03-14 12:03:11.148341,-41.561336517333984,119.169677734375,0.0032515716738998,35.076,12.079,0.604,0.0,0,0,1,,1.0,2026-03-14T12:03:11.148341,neutral,0.755,2026-03-14T12:03:10.209672,0.0979088485437124,2026-03-14T12:03:11.027000,60,,,
participant_10,1,day,Town10HD_Opt,2026-03-14 12:03:12.076641,-42.011512756347656,112.7171859741211,0.0019086836837232,39.197,1.415,0.56,0.0,0,0,1,,1.0,2026-03-14T12:03:12.076641,neutral,0.755,2026-03-14T12:03:10.209672,0.1371809765809786,2026-03-14T12:03:12.017000,62,,,
participant_10,1,day,Town10HD_Opt,2026-03-14 12:03:13.003595,-41.99935531616211,105.84207153320312,0.0021043396554887,38.19,0.808,0.315,0.0,0,0,1,,1.0,2026-03-14T12:03:13.003595,sad,0.524,2026-03-14T12:03:13.003595,0.1241457980354733,2026-03-14T12:03:13.007000,63,,,
participant_10,1,day,Town10HD_Opt,2026-03-14 12:03:14.226676,-41.8101692199707,97.301513671875,0.0021207809913903,34.869,-1.744,0.314,0.0,0,0,1,,1.0,2026-03-14T12:03:14.226676,sad,0.524,2026-03-14T12:03:13.003595,0.0752089101909411,2026-03-14T12:03:14.044000,58,,,
participant_10,1,day,Town10HD_Opt,2026-03-14 12:03:15.171190,-41.84158706665039,91.3658218383789,0.0021089552901685,32.813,-0.411,0.323,0.0,0,0,1,,0.852,2026-03-14T12:03:15.171190,sad,0.524,2026-03-14T12:03:15.171190,0.0490222974301463,2026-03-14T12:03:15.032000,59,,,
participant_10,1,day,Town10HD_Opt,2026-03-14 12:03:16.102501,-41.89215850830078,85.69730377197266,0.0020550154149532,32.219,1.429,0.418,0.0,0,0,1,,1.0,2026-03-14T12:03:16.102501,sad,0.524,2026-03-14T12:03:15.171190,0.1102556827720197,2026-03-14T12:03:16.022000,60,,,
participant_10,1,day,Town10HD_Opt,2026-03-14 12:03:17.065369,-41.61028671264648,80.0390396118164,0.002037925645709,32.521,7.648,0.415,0.0,0,0,1,,1.0,2026-03-14T12:03:17.065369,sad,0.524,2026-03-14T12:03:15.171190,0.1104020771707355,2026-03-14T12:03:17.059000,61,,,
participant_10,1,day,Town10HD_Opt,2026-03-14 12:03:17.989356,-39.89143753051758,74.72107696533203,0.0021266937255859,31.712,25.615,0.408,0.0,0,0,1,,1.0,2026-03-14T12:03:17.989356,neutral,0.389,2026-03-14T12:03:17.989356,0.1114295855066343,2026-03-14T12:03:18.002000,65,,,
participant_10,1,day,Town10HD_Opt,2026-03-14 12:03:19.218530,-33.97588348388672,70.9715576171875,0.0022365187760442,28.859,16.888,0.0,0.0,0,0,1,,1.0,2026-03-14T12:03:19.218530,neutral,0.389,2026-03-14T12:03:17.989356,0.1642143569542503,2026-03-14T12:03:18.993000,66,,,
participant_10,1,day,Town10HD_Opt,2026-03-14 12:03:20.115461,-29.552928924560547,70.34397888183594,0.0022299194242805,22.548,0.799,0.497,0.0,0,0,1,,1.0,2026-03-14T12:03:20.115461,sad,0.479,2026-03-14T12:03:20.115461,0.1772626797870751,2026-03-14T12:03:20.027000,61,,,
participant_10,1,day,Town10HD_Opt,2026-03-14 12:03:21.173582,-25.140958786010746,69.96902465820312,0.0017428207211196,30.462,4.409,0.662,0.0,0,0,1,,1.0,2026-03-14T12:03:21.173582,sad,0.479,2026-03-14T12:03:20.115461,0.1485035427339263,2026-03-14T12:03:21.017000,63,,,
participant_10,1,day,Town10HD_Opt,2026-03-14 12:03:22.083641,-19.422748565673828,69.87803649902344,0.0019382095197215,34.458,-0.399,0.498,0.0,0,0,1,,1.0,2026-03-14T12:03:22.083641,sad,0.479,2026-03-14T12:03:20.115461,0.1457047563390288,2026-03-14T12:03:22.007000,67,,,
participant_10,1,day,Town10HD_Opt,2026-03-14 12:03:23.022497,-13.240815162658691,69.81607055664062,0.0019743728917092,36.446,1.241,0.498,0.0,0,0,1,,1.0,2026-03-14T12:03:23.022497,sad,0.527,2026-03-14T12:03:23.022497,0.1190181759487662,2026-03-14T12:03:22.998000,68,,,
participant_10,1,day,Town10HD_Opt,2026-03-14 12:03:24.235613,-4.695724964141846,69.94511413574219,0.0021991347894072,34.345,-0.04,0.0,0.0,0,0,1,,0.829,2026-03-14T12:03:24.235613,sad,0.527,2026-03-14T12:03:23.022497,0.1292783065663536,2026-03-14T12:03:23.987000,68,,,
participant_10,1,day,Town10HD_Opt,2026-03-14 12:03:25.133356,0.6106892228126526,70.01608276367188,0.0022885513026267,26.126,-0.667,0.0,0.0,0,0,1,,1.0,2026-03-14T12:03:25.133356,sad,0.448,2026-03-14T12:03:25.133356,0.1393979464861575,2026-03-14T12:03:25.022000,68,,,
participant_10,1,day,Town10HD_Opt,2026-03-14 12:03:26.080573,4.714016437530518,70.02236938476562,0.0022039795294404,20.741,0.148,0.127,0.0,0,0,1,,1.0,2026-03-14T12:03:26.080573,sad,0.448,2026-03-14T12:03:25.133356,0.1278173877529736,2026-03-14T12:03:26.013000,67,,,
participant_10,1,day,Town10HD_Opt,2026-03-14 12:03:27.029804,8.062074661254883,70.0318374633789,0.001939506502822,17.877,-0.334,0.16,0.0,0,0,1,,0.802,2026-03-14T12:03:27.029804,sad,0.448,2026-03-14T12:03:25.133356,0.1459169272197967,2026-03-14T12:03:27.003000,68,,,
participant_10,1,day,Town10HD_Opt,2026-03-14 12:03:28.214697,12.145256042480469,70.03662872314453,0.0019214248750358,17.373,0.301,0.234,0.0,0,0,1,,1.0,2026-03-14T12:03:28.214697,neutral,0.559,2026-03-14T12:03:28.214697,0.1240468878400595,2026-03-14T12:03:27.992000,68,,,
participant_10,1,day,Town10HD_Opt,2026-03-14 12:03:29.101068,15.154606819152832,70.05294036865234,0.0019425201462581,16.786,-0.174,0.163,0.0,0,0,1,,1.0,2026-03-14T12:03:29.101068,neutral,0.559,2026-03-14T12:03:28.214697,0.1664059869263824,2026-03-14T12:03:29.027000,69,,,
participant_10,1,day,Town10HD_Opt,2026-03-14 12:03:30.269205,18.76125144958496,70.05748748779297,0.0020095824729651,13.535,-0.11,0.052,0.0,0,0,1,,1.0,2026-03-14T12:03:30.269205,sad,0.368,2026-03-14T12:03:30.269205,0.2656739714903562,2026-03-14T12:03:30.017000,70,,,
participant_10,1,day,Town10HD_Opt,2026-03-14 12:03:31.140696,20.90968894958496,70.05767059326172,0.0020149231422692,10.676,-0.009,0.0,0.0,0,0,1,,1.0,2026-03-14T12:03:31.140696,sad,0.368,2026-03-14T12:03:30.269205,0.3197748305143875,2026-03-14T12:03:31.008000,70,,,
participant_10,1,day,Town10HD_Opt,2026-03-14 12:03:32.001973,22.57287979125977,70.0577163696289,0.0019973753951489,8.198,-0.009,0.0,0.0,0,0,1,,1.0,2026-03-14T12:03:32.001973,sad,0.368,2026-03-14T12:03:30.269205,0.4653074566294836,2026-03-14T12:03:31.997000,73,,,
participant_10,1,day,Town10HD_Opt,2026-03-14 12:03:33.156392,24.20583152770996,70.0577392578125,0.0019742583390325,5.763,-0.009,0.0,0.0,0,0,1,,0.853,2026-03-14T12:03:33.156392,neutral,0.569,2026-03-14T12:03:33.156392,0.3931193834793523,2026-03-14T12:03:32.987000,71,,,
participant_10,1,day,Town10HD_Opt,2026-03-14 12:03:34.028097,25.10353279113769,70.05775451660156,0.0019614410120993,4.424,-0.009,0.0,0.0,0,0,1,,0.825,2026-03-14T12:03:34.028097,neutral,0.569,2026-03-14T12:03:33.156392,0.5276033404751951,2026-03-14T12:03:34.022000,67,,,
participant_10,1,day,Town10HD_Opt,2026-03-14 12:03:35.212583,25.45843505859375,70.05780029296875,0.0019573592580854,0.003,-0.009,0.0,0.0,0,0,1,,1.0,2026-03-14T12:03:35.212583,neutral,0.553,2026-03-14T12:03:35.212583,0.477802054017869,2026-03-14T12:03:35.013000,68,,,
participant_10,1,day,Town10HD_Opt,2026-03-14 12:03:36.080000,25.662994384765625,70.05769348144531,0.0017329406691715,4.098,-0.016,0.0,0.0,0,0,1,,1.0,2026-03-14T12:03:36.080000,neutral,0.553,2026-03-14T12:03:35.212583,0.3699107819501021,2026-03-14T12:03:36.002000,68,,,
participant_10,1,day,Town10HD_Opt,2026-03-14 12:03:37.214283,25.94186210632324,70.05756378173828,0.0019424057099968,0.008,-0.016,0.094,0.0,0,0,1,,1.0,2026-03-14T12:03:37.214283,sad,0.519,2026-03-14T12:03:37.214283,0.4722814014430187,2026-03-14T12:03:36.993000,70,,,
participant_10,1,day,Town10HD_Opt,2026-03-14 12:03:38.070675,26.212865829467773,70.05743408203125,0.001756896963343,4.049,-0.016,0.0,0.0,0,0,1,,1.0,2026-03-14T12:03:38.070675,sad,0.519,2026-03-14T12:03:37.214283,0.4201956572109301,2026-03-14T12:03:38.029000,69,,,
participant_10,1,day,Town10HD_Opt,2026-03-14 12:03:39.182138,26.919267654418945,70.0572280883789,0.0021322250831872,0.0,-0.016,0.0,0.095,0,0,1,,1.0,2026-03-14T12:03:39.182138,sad,0.519,2026-03-14T12:03:37.214283,0.3868367851438866,2026-03-14T12:03:39.108000,70,,,
participant_10,1,day,Town10HD_Opt,2026-03-14 12:03:40.029655,26.929168701171875,70.05723571777344,0.0019014739664271,0.774,-0.016,0.796,0.0,0,0,1,,1.0,2026-03-14T12:03:40.029655,sad,0.485,2026-03-14T12:03:40.029655,0.3652823122605642,2026-03-14T12:03:40.097000,69,,,
participant_10,1,day,Town10HD_Opt,2026-03-14 12:03:41.196922,29.07003593444824,70.02213287353516,0.001534919720143,17.928,-4.162,0.672,0.0,0,0,1,,1.0,2026-03-14T12:03:41.196922,sad,0.485,2026-03-14T12:03:40.029655,0.2062144546177147,2026-03-14T12:03:40.999000,71,,,
participant_10,1,day,Town10HD_Opt,2026-03-14 12:03:42.109567,32.500877380371094,69.6595230102539,0.0019192122854292,21.788,-10.091,0.432,0.0,0,0,1,,0.831,2026-03-14T12:03:42.109567,happy,0.695,2026-03-14T12:03:42.109567,0.1366792376581181,2026-03-14T12:03:41.988000,66,,,
participant_10,1,day,Town10HD_Opt,2026-03-14 12:03:43.017147,36.21753692626953,68.44911193847656,0.0020721436012536,22.185,-14.675,0.095,0.0,0,0,1,,0.854,2026-03-14T12:03:43.017147,happy,0.695,2026-03-14T12:03:42.109567,0.179351952373012,2026-03-14T12:03:43.025000,66,,,
participant_10,1,day,Town10HD_Opt,2026-03-14 12:03:44.167555,39.95311737060547,65.73833465576172,0.0019067000830546,17.652,-13.455,0.091,0.0,0,0,1,,0.842,2026-03-14T12:03:44.167555,neutral,0.628,2026-03-14T12:03:44.167555,0.1275441867454064,2026-03-14T12:03:44.012000,64,,,
participant_10,1,day,Town10HD_Opt,2026-03-14 12:03:45.071064,41.74534225463867,63.464481353759766,0.0019486235687509,16.398,-13.377,0.463,0.0,0,0,1,,1.0,2026-03-14T12:03:45.071064,neutral,0.628,2026-03-14T12:03:44.167555,0.050221060263271,2026-03-14T12:03:45.002000,65,,,
participant_10,1,day,Town10HD_Opt,2026-03-14 12:03:46.210630,43.54015350341797,59.55669403076172,0.0019548796117305,20.905,-13.38,0.495,0.0,0,0,1,,1.0,2026-03-14T12:03:46.210630,neutral,0.585,2026-03-14T12:03:46.210630,0.1707629044448336,2026-03-14T12:03:45.992000,64,,,
participant_10,1,day,Town10HD_Opt,2026-03-14 12:03:47.093661,44.21807098388672,55.875144958496094,0.0021087264176458,20.738,-9.275,0.134,0.0,0,0,1,,0.889,2026-03-14T12:03:47.093661,neutral,0.585,2026-03-14T12:03:46.210630,0.1359912223047924,2026-03-14T12:03:47.027000,69,,,
participant_10,1,day,Town10HD_Opt,2026-03-14 12:03:48.252564,44.368690490722656,51.61915588378906,0.0020118711981922,15.496,-2.941,0.0,0.0,0,0,1,,0.963,2026-03-14T12:03:48.252564,sad,0.367,2026-03-14T12:03:48.252564,0.1092815886009292,2026-03-14T12:03:48.019000,68,,,
participant_10,1,day,Town10HD_Opt,2026-03-14 12:03:49.217169,44.32411575317383,49.20689392089844,0.0020324706565588,11.907,-3.193,0.11,0.0,0,0,1,,0.913,2026-03-14T12:03:49.217169,sad,0.367,2026-03-14T12:03:48.252564,0.1032205250643066,2026-03-14T12:03:49.007000,68,,,
participant_10,1,day,Town10HD_Opt,2026-03-14 12:03:50.116245,44.19343185424805,46.79586410522461,0.0017659377772361,19.333,-1.965,0.887,0.0,0,0,1,,0.872,2026-03-14T12:03:50.116245,sad,0.367,2026-03-14T12:03:48.252564,0.171747480839048,2026-03-14T12:03:49.997000,68,,,
participant_10,1,day,Town10HD_Opt,2026-03-14 12:03:51.001472,43.9335823059082,42.7370491027832,0.0017636489355936,27.877,3.325,0.549,0.0,0,0,1,,0.826,2026-03-14T12:03:51.001472,sad,0.667,2026-03-14T12:03:51.001472,0.1067215084849172,2026-03-14T12:03:50.987000,64,,,
participant_10,1,day,Town10HD_Opt,2026-03-14 12:03:52.136906,44.17945861816406,36.05927658081055,0.0020871353335678,28.097,9.452,0.216,0.0,0,0,1,,0.925,2026-03-14T12:03:52.136906,sad,0.667,2026-03-14T12:03:51.001472,0.0267763806325134,2026-03-14T12:03:52.022000,66,,,
participant_10,1,day,Town10HD_Opt,2026-03-14 12:03:53.044487,45.75894546508789,31.85655975341797,0.0022522734943777,23.34,27.617,0.14,0.0,0,0,1,,1.0,2026-03-14T12:03:53.044487,sad,0.429,2026-03-14T12:03:53.044487,0.0611377122547959,2026-03-14T12:03:53.012000,68,,,
participant_10,1,day,Town10HD_Opt,2026-03-14 12:03:54.254409,49.67214584350586,29.19550895690918,0.002205200260505,18.162,22.437,0.14,0.0,0,0,1,,1.0,2026-03-14T12:03:54.254409,sad,0.429,2026-03-14T12:03:53.044487,0.0996536208084541,2026-03-14T12:03:54.003000,72,,,
participant_10,1,day,Town10HD_Opt,2026-03-14 12:03:55.205171,52.70344543457031,28.574575424194336,0.0019713973160833,16.692,4.49,0.128,0.0,0,0,1,,0.845,2026-03-14T12:03:55.205171,sad,0.468,2026-03-14T12:03:55.205171,0.0938104970461013,2026-03-14T12:03:54.993000,73,,,
participant_10,1,day,Town10HD_Opt,2026-03-14 12:03:56.084315,55.58962631225586,28.05111694335937,0.0019651411566883,18.863,0.308,0.69,0.0,0,0,1,,1.0,2026-03-14T12:03:56.084315,sad,0.468,2026-03-14T12:03:55.205171,0.02,2026-03-14T12:03:56.028000,71,,,
participant_10,1,day,Town10HD_Opt,2026-03-14 12:03:57.196862,60.3541374206543,27.15299415588379,0.0020414732862263,21.442,-0.414,0.23,0.0,0,0,1,,0.876,2026-03-14T12:03:57.196862,sad,0.468,2026-03-14T12:03:55.205171,0.02,2026-03-14T12:03:57.017000,72,,,
participant_10,1,day,Town10HD_Opt,2026-03-14 12:03:58.034018,63.8436279296875,26.462764739990234,0.0021582792978733,18.375,0.39,0.0,0.153,0,0,1,,1.0,2026-03-14T12:03:58.034018,sad,0.343,2026-03-14T12:03:58.034018,0.02,2026-03-14T12:03:58.007000,70,,,
participant_10,1,day,Town10HD_Opt,2026-03-14 12:03:59.159069,67.19440460205078,25.954002380371094,0.0021168135572224,10.125,5.297,0.0,0.385,0,0,1,,1.0,2026-03-14T12:03:59.159069,sad,0.343,2026-03-14T12:03:58.034018,0.0638015620306243,2026-03-14T12:03:58.997000,70,,,
participant_10,1,day,Town10HD_Opt,2026-03-14 12:03:59.994885,68.462158203125,25.856624603271484,0.0024148558732122,0.0,5.215,0.0,0.39,0,0,1,,0.861,2026-03-14T12:03:59.994885,sad,0.343,2026-03-14T12:03:58.034018,0.02,2026-03-14T12:03:59.987000,71,,,
participant_10,1,day,Town10HD_Opt,2026-03-14 12:04:01.046060,68.46276092529297,25.856639862060547,0.0019284439040347,0.0,5.094,0.0,0.0,0,0,1,,1.0,2026-03-14T12:04:01.046060,neutral,0.656,2026-03-14T12:04:01.046060,0.1004018928358775,2026-03-14T12:04:01.022000,71,,,
participant_10,1,day,Town10HD_Opt,2026-03-14 12:04:02.128695,68.4627685546875,25.856639862060547,0.0019198989029973,0.0,2.68,0.0,0.0,0,0,1,,0.825,2026-03-14T12:04:02.128695,neutral,0.656,2026-03-14T12:04:01.046060,0.0900273426728831,2026-03-14T12:04:02.103000,70,,,
participant_10,1,day,Town10HD_Opt,2026-03-14 12:04:03.192721,68.4627685546875,25.856639862060547,0.0019198989029973,0.0,1.213,0.0,0.0,0,0,1,,1.0,2026-03-14T12:04:03.192721,neutral,0.427,2026-03-14T12:04:03.192721,0.0283425892462436,2026-03-14T12:04:03.002000,66,,,
participant_10,1,day,Town10HD_Opt,2026-03-14 12:04:04.010857,68.48656463623047,25.854433059692383,0.0018267058767378,2.196,0.9,1.0,0.0,0,0,1,,1.0,2026-03-14T12:04:04.010857,neutral,0.427,2026-03-14T12:04:03.192721,0.02,2026-03-14T12:04:03.992000,68,,,
participant_10,1,day,Town10HD_Opt,2026-03-14 12:04:05.125371,71.25540161132812,25.62446975708008,0.0017169951461255,22.025,0.728,1.0,0.0,0,0,1,,1.0,2026-03-14T12:04:05.125371,neutral,0.427,2026-03-14T12:04:03.192721,0.02,2026-03-14T12:04:05.072000,68,,,
participant_10,1,day,Town10HD_Opt,2026-03-14 12:04:06.009191,75.92566680908203,25.439743041992188,0.0020388411357998,26.752,8.649,0.0,0.0,0,0,1,,1.0,2026-03-14T12:04:06.009191,neutral,0.381,2026-03-14T12:04:06.009191,0.0562578529976651,2026-03-14T12:04:06.152000,68,,,
participant_10,1,day,Town10HD_Opt,2026-03-14 12:04:07.125897,81.22545623779297,26.25586700439453,0.0022366715129464,18.939,3.422,0.553,0.0,0,0,1,,1.0,2026-03-14T12:04:07.125897,neutral,0.381,2026-03-14T12:04:06.009191,0.0723024437769173,2026-03-14T12:04:07.188000,71,,,
participant_10,1,day,Town10HD_Opt,2026-03-14 12:04:08.236673,86.60306549072266,27.228656768798828,0.0016340636648237,31.987,-5.668,0.763,0.0,0,0,1,,0.91,2026-03-14T12:04:08.236673,neutral,0.344,2026-03-14T12:04:08.236673,0.0366768104300986,2026-03-14T12:04:07.997000,67,,,
participant_10,1,day,Town10HD_Opt,2026-03-14 12:04:09.110804,92.61429595947266,27.405866622924805,0.002089500427246,33.657,-3.123,0.132,0.0,0,0,1,,0.92,2026-03-14T12:04:09.110804,neutral,0.344,2026-03-14T12:04:08.236673,0.02,2026-03-14T12:04:08.987000,73,,,
participant_10,1,day,Town10HD_Opt,2026-03-14 12:04:10.213491,99.4493179321289,26.67584609985352,0.0022786711342632,24.408,-6.594,0.0,0.0,0,0,1,,1.0,2026-03-14T12:04:10.213491,neutral,0.344,2026-03-14T12:04:08.236673,0.0654167755017337,2026-03-14T12:04:10.022000,75,,,
participant_10,1,day,Town10HD_Opt,2026-03-14 12:04:11.063965,103.01441192626952,25.570043563842773,0.0022560881916433,18.096,-14.845,0.0,0.0,0,0,1,,1.0,2026-03-14T12:04:11.063965,sad,0.33,2026-03-14T12:04:11.063965,0.02,2026-03-14T12:04:11.014000,73,Harsh braking,decel_mps2=6.4,
participant_10,1,day,Town10HD_Opt,2026-03-14 12:04:12.144556,105.96550750732422,23.339258193969727,0.0019327545305714,15.845,-22.349,0.621,0.0,0,0,1,,1.0,2026-03-14T12:04:12.144556,sad,0.33,2026-03-14T12:04:11.063965,0.02,2026-03-14T12:04:12.003000,71,,,
participant_10,1,day,Town10HD_Opt,2026-03-14 12:04:12.988942,107.63717651367188,20.49755096435547,0.0018457793630659,23.711,-22.637,0.824,0.0,0,0,1,,1.0,2026-03-14T12:04:12.988942,sad,0.33,2026-03-14T12:04:11.063965,0.0781462806780174,2026-03-14T12:04:12.993000,69,,,
participant_10,1,day,Town10HD_Opt,2026-03-14 12:04:14.072001,107.73868560791016,13.562556266784668,0.0019422149052843,37.738,-19.852,0.919,0.0,0,0,1,,1.0,2026-03-14T12:04:14.072001,sad,0.367,2026-03-14T12:04:14.072001,0.02,2026-03-14T12:04:14.028000,65,Stop sign violation,stop_sign_id=678,
participant_10,1,day,Town10HD_Opt,2026-03-14 12:04:15.234820,102.07599639892578,4.739788055419922,0.001989021198824,47.945,13.767,0.0,0.0,0,0,1,,1.0,2026-03-14T12:04:15.234820,sad,0.367,2026-03-14T12:04:14.072001,0.0482393321204857,2026-03-14T12:04:15.017000,64,,,
participant_10,1,day,Town10HD_Opt,2026-03-14 12:04:16.148702,99.5220184326172,-2.040350914001465,0.0024547576904296,34.908,19.583,0.0,0.0,0,0,1,,1.0,2026-03-14T12:04:16.148702,neutral,0.563,2026-03-14T12:04:16.148702,0.0418927321221018,2026-03-14T12:04:16.054000,67,,,
participant_10,1,day,Town10HD_Opt,2026-03-14 12:04:17.028382,100.8052978515625,-7.260851860046387,0.0023605346214026,27.136,12.762,0.0,0.0,0,0,1,,1.0,2026-03-14T12:04:17.028382,neutral,0.563,2026-03-14T12:04:16.148702,0.02,2026-03-14T12:04:17.087000,66,,,
participant_10,1,day,Town10HD_Opt,2026-03-14 12:04:18.103745,103.5749282836914,-11.75306510925293,0.0022307585459202,18.567,-10.834,0.187,0.0,0,0,1,,1.0,2026-03-14T12:04:18.103745,neutral,0.563,2026-03-14T12:04:16.148702,0.0464600331213427,2026-03-14T12:04:17.988000,67,,,
participant_10,1,day,Town10HD_Opt,2026-03-14 12:04:19.174422,105.02171325683594,-15.815892219543455,0.0018791579641401,21.957,-14.729,0.903,0.0,0,0,1,,1.0,2026-03-14T12:04:19.174422,sad,0.326,2026-03-14T12:04:19.174422,0.02,2026-03-14T12:04:19.026000,64,,,
participant_10,1,day,Town10HD_Opt,2026-03-14 12:04:19.994071,105.33824920654295,-20.810651779174805,0.0015466689364984,37.196,-7.767,0.98,0.0,0,0,1,,1.0,2026-03-14T12:04:19.994071,sad,0.326,2026-03-14T12:04:19.174422,0.0401175260345153,2026-03-14T12:04:20.013000,64,Solid line crossing,Solid line crossing,
participant_10,1,day,Town10HD_Opt,2026-03-14 12:04:21.070662,103.6051254272461,-31.32356834411621,0.0018009566701948,51.381,4.051,0.0,0.185,0,0,1,,0.905,2026-03-14T12:04:21.070662,sad,0.326,2026-03-14T12:04:19.174422,0.0227670283163237,2026-03-14T12:04:21.003000,68,,,
participant_10,1,day,Town10HD_Opt,2026-03-14 12:04:21.988316,102.3384246826172,-40.00203323364258,0.0018411636119708,52.177,5.522,0.0,0.247,0,0,1,,1.0,2026-03-14T12:04:21.988316,sad,0.309,2026-03-14T12:04:21.988316,0.02,2026-03-14T12:04:22.037000,68,,,
participant_10,1,day,Town10HD_Opt,2026-03-14 12:04:23.058999,102.9278564453125,-51.68452453613281,0.0024755096528679,49.792,-9.909,0.619,0.0,0,0,1,,0.862,2026-03-14T12:04:23.058999,sad,0.309,2026-03-14T12:04:21.988316,0.02,2026-03-14T12:04:23.073000,67,,,
participant_10,1,day,Town10HD_Opt,2026-03-14 12:04:24.070391,100.1360855102539,-61.9788818359375,0.1551388502120971,45.004,-19.895,0.527,0.0,0,0,1,,0.815,2026-03-14T12:04:24.070391,sad,0.481,2026-03-14T12:04:24.070391,0.02,2026-03-14T12:04:24.018000,69,,,
participant_10,1,day,Town10HD_Opt,2026-03-14 12:04:25.229495,90.93535614013672,-65.62582397460938,0.1332878917455673,43.218,-19.702,0.525,0.0,0,0,1,,1.0,2026-03-14T12:04:25.229495,sad,0.481,2026-03-14T12:04:24.070391,0.0723153828337196,2026-03-14T12:04:25.009000,69,,,
participant_10,1,day,Town10HD_Opt,2026-03-14 12:04:26.132928,84.28487396240234,-62.80928039550781,0.0039986800402402,41.926,-15.452,0.503,0.0,0,0,1,,1.0,2026-03-14T12:04:26.132928,sad,0.395,2026-03-14T12:04:26.132928,0.020098409749819,2026-03-14T12:04:25.998000,66,,,
participant_10,1,day,Town10HD_Opt,2026-03-14 12:04:27.095841,79.95726013183594,-57.25331878662109,0.0023323439527302,35.88,14.161,0.0,0.0,0,0,1,,1.0,2026-03-14T12:04:27.095841,sad,0.395,2026-03-14T12:04:26.132928,0.02,2026-03-14T12:04:27.032000,63,,,
participant_10,1,day,Town10HD_Opt,2026-03-14 12:04:28.028190,75.6125259399414,-53.89255142211914,0.0023414611350744,27.144,14.494,0.0,0.0,0,0,1,,1.0,2026-03-14T12:04:28.028190,sad,0.395,2026-03-14T12:04:26.132928,0.0218557907254434,2026-03-14T12:04:28.292000,67,,,
participant_10,1,day,Town10HD_Opt,2026-03-14 12:04:29.176625,72.18331146240234,-52.98591995239258,0.0389435179531574,16.606,14.533,0.0,0.0,0,0,1,,1.0,2026-03-14T12:04:29.176625,angry,0.654,2026-03-14T12:04:29.176625,0.02,2026-03-14T12:04:29.328000,66,,,
participant_10,1,day,Town10HD_Opt,2026-03-14 12:04:30.079377,71.25334930419922,-52.90847396850586,0.0348919667303562,0.538,20.989,0.0,0.0,0,0,1,,1.0,2026-03-14T12:04:30.079377,angry,0.654,2026-03-14T12:04:29.176625,0.022452054371701,2026-03-14T12:04:30.093000,68,,,
participant_10,1,day,Town10HD_Opt,2026-03-14 12:04:31.230049,71.31157684326172,-52.9088134765625,0.0388643257319927,0.073,18.664,0.0,0.0,0,0,1,,1.0,2026-03-14T12:04:31.230049,neutral,0.828,2026-03-14T12:04:31.230049,0.0667519965893993,2026-03-14T12:04:31.218000,69,Stop sign violation,stop_sign_id=1300,
participant_10,1,day,Town10HD_Opt,2026-03-14 12:04:32.147391,71.31285858154297,-52.90882110595703,0.0388948060572147,0.0,2.527,0.0,0.0,0,0,1,,1.0,2026-03-14T12:04:32.147391,neutral,0.828,2026-03-14T12:04:31.230049,0.02,2026-03-14T12:04:32.073000,72,,,
participant_10,1,day,Town10HD_Opt,2026-03-14 12:04:33.255360,0.0,0.0,0.0,0.0,0.0,0.0,0.0,1,1,97846,,1.0,2026-03-14T12:04:33.255360,angry,0.641,2026-03-14T12:04:33.255360,0.0230326307609577,2026-03-14T12:04:33.018000,71,,,
participant_10,1,day,Town10HD_Opt,2026-03-14 12:04:34.133006,-41.66907501220703,89.74517059326172,-0.010053252801299,0.246,1.389,0.0,0.0,0,0,0,,0.893,2026-03-14T12:04:34.133006,angry,0.641,2026-03-14T12:04:33.255360,0.063940905630235,2026-03-14T12:04:34.008000,70,,,
participant_10,1,day,Town10HD_Opt,2026-03-14 12:04:35.256839,-41.66903305053711,89.73564147949219,0.001807746826671,5.973,1.276,0.883,0.0,0,0,1,,1.0,2026-03-14T12:04:35.256839,neutral,0.802,2026-03-14T12:04:35.256839,0.0559721919787498,2026-03-14T12:04:34.998000,70,,,
participant_10,1,day,Town10HD_Opt,2026-03-14 12:04:36.259026,-41.638465881347656,87.49292755126953,0.001715698163025,19.626,1.302,0.714,0.0,0,0,1,,0.864,2026-03-14T12:04:36.259026,neutral,0.802,2026-03-14T12:04:35.256839,0.02,2026-03-14T12:04:36.033000,71,,,
participant_10,1,day,Town10HD_Opt,2026-03-14 12:04:37.192830,-41.58913803100586,83.8420181274414,0.0020704651251435,20.296,-2.358,0.101,0.0,0,0,1,,0.864,2026-03-14T12:04:37.192830,neutral,0.802,2026-03-14T12:04:35.256839,0.0768561102577262,2026-03-14T12:04:37.024000,72,,,
participant_10,1,day,Town10HD_Opt,2026-03-14 12:04:38.075333,-41.52938079833984,80.5508804321289,0.0020563888829201,18.026,8.742,0.382,0.0,0,0,1,,1.0,2026-03-14T12:04:38.075333,neutral,0.29,2026-03-14T12:04:38.075333,0.1565916435408322,2026-03-14T12:04:38.014000,71,,,
participant_10,1,day,Town10HD_Opt,2026-03-14 12:04:39.276368,-40.323524475097656,75.98362731933594,0.0018106460338458,25.441,15.911,0.703,0.0,0,0,1,,1.0,2026-03-14T12:04:39.276368,neutral,0.29,2026-03-14T12:04:38.075333,0.2397816874539717,2026-03-14T12:04:39.003000,71,,,
participant_10,1,day,Town10HD_Opt,2026-03-14 12:04:40.197491,-37.49882888793945,72.1031494140625,0.0020344161894172,28.386,18.046,0.343,0.0,0,0,1,,1.0,2026-03-14T12:04:40.197491,sad,0.455,2026-03-14T12:04:40.197491,0.3053175017635829,2026-03-14T12:04:40.038000,70,,,
participant_10,1,day,Town10HD_Opt,2026-03-14 12:04:41.116574,-33.35409164428711,69.72413635253906,0.0022135542239993,25.366,18.593,0.0,0.0,0,0,1,,1.0,2026-03-14T12:04:41.116574,sad,0.455,2026-03-14T12:04:40.197491,0.3722686604928061,2026-03-14T12:04:41.028000,72,,,
participant_10,1,day,Town10HD_Opt,2026-03-14 12:04:42.056697,-29.485326766967773,69.21998596191406,0.0022537230979651,19.128,3.467,0.029,0.0,0,0,1,,1.0,2026-03-14T12:04:42.056697,sad,0.455,2026-03-14T12:04:40.197491,0.4312477444830598,2026-03-14T12:04:42.017000,72,Solid line crossing,Solid line crossing,
participant_10,1,day,Town10HD_Opt,2026-03-14 12:04:43.249367,-24.835607528686523,69.09266662597656,0.0017414855537936,25.473,3.438,0.696,0.0,0,0,1,,0.878,2026-03-14T12:04:43.249367,sad,0.498,2026-03-14T12:04:43.249367,0.5188709682521514,2026-03-14T12:04:43.008000,75,,,
participant_10,1,day,Town10HD_Opt,2026-03-14 12:04:44.159577,-19.8126220703125,69.22166442871094,0.001891937223263,31.186,0.385,0.475,0.0,0,0,1,,1.0,2026-03-14T12:04:44.159577,sad,0.498,2026-03-14T12:04:43.249367,0.6748232873264876,2026-03-14T12:04:43.998000,77,,,
participant_10,1,day,Town10HD_Opt,2026-03-14 12:04:45.071106,-14.20889377593994,69.46173858642578,0.00199157721363,32.868,0.223,0.442,0.0,0,0,1,,1.0,2026-03-14T12:04:45.071106,sad,0.498,2026-03-14T12:04:43.249367,0.7837830526097385,2026-03-14T12:04:45.032000,78,,,
participant_10,1,day,Town10HD_Opt,2026-03-14 12:04:46.254776,-6.663080215454102,69.73324584960938,0.002228393452242,29.034,-0.317,0.0,0.0,0,0,1,,1.0,2026-03-14T12:04:46.254776,sad,0.399,2026-03-14T12:04:46.254776,0.8517672693296406,2026-03-14T12:04:46.022000,75,,,
participant_10,1,day,Town10HD_Opt,2026-03-14 12:04:47.183384,-2.1499147415161133,69.83123779296875,0.0022634123452007,22.073,0.146,0.0,0.0,0,0,1,,1.0,2026-03-14T12:04:47.183384,sad,0.399,2026-03-14T12:04:46.254776,0.8577749226042966,2026-03-14T12:04:47.013000,76,,,
participant_10,1,day,Town10HD_Opt,2026-03-14 12:04:48.096013,1.2673920392990112,69.89990997314453,0.0019167709397152,17.67,-0.385,0.229,0.0,0,0,1,,1.0,2026-03-14T12:04:48.096013,sad,0.399,2026-03-14T12:04:46.254776,0.9167595025495072,2026-03-14T12:04:48.002000,77,,,
participant_10,1,day,Town10HD_Opt,2026-03-14 12:04:49.000196,4.391699314117432,69.94971466064453,0.0020932387560606,17.989,-0.193,0.341,0.0,0,0,1,,1.0,2026-03-14T12:04:49.000196,sad,0.511,2026-03-14T12:04:49.000196,0.9273095726802358,2026-03-14T12:04:49.038000,75,,,
participant_10,1,day,Town10HD_Opt,2026-03-14 12:04:50.207460,8.640870094299316,69.98896026611328,0.0020476530771702,18.165,-0.404,0.314,0.0,0,0,1,,1.0,2026-03-14T12:04:50.207460,sad,0.511,2026-03-14T12:04:49.000196,0.8179771270236372,2026-03-14T12:04:50.028000,78,,,
participant_10,1,day,Town10HD_Opt,2026-03-14 12:04:51.094444,11.819710731506348,69.99256134033203,0.0020545576699078,18.373,-0.364,0.238,0.0,0,0,1,,1.0,2026-03-14T12:04:51.094444,sad,0.387,2026-03-14T12:04:51.094444,0.8737555461901956,2026-03-14T12:04:51.063000,75,,,
participant_10,1,day,Town10HD_Opt,2026-03-14 12:04:52.045433,14.98017406463623,69.97948455810547,0.0018494796240702,17.544,0.075,0.129,0.0,0,0,1,,0.861,2026-03-14T12:04:52.045433,sad,0.387,2026-03-14T12:04:51.094444,0.8642937231086122,2026-03-14T12:04:52.009000,71,,,
participant_10,1,day,Town10HD_Opt,2026-03-14 12:04:53.221520,18.713653564453125,69.96546936035156,0.002034721430391,13.625,-0.026,0.0,0.0,0,0,1,,1.0,2026-03-14T12:04:53.221520,neutral,0.459,2026-03-14T12:04:53.221520,0.8892135613830068,2026-03-14T12:04:52.998000,75,,,
participant_10,1,day,Town10HD_Opt,2026-03-14 12:04:54.160710,20.83651161193848,69.95552062988281,0.0020186996553093,10.467,-0.059,0.0,0.0,0,0,1,,1.0,2026-03-14T12:04:54.160710,neutral,0.459,2026-03-14T12:04:53.221520,0.9315567246069584,2026-03-14T12:04:54.032000,71,,,
participant_10,1,day,Town10HD_Opt,2026-03-14 12:04:55.093659,22.42277717590332,69.94702911376953,0.0020151520147919,7.441,-0.059,0.0,0.053,0,0,1,,1.0,2026-03-14T12:04:55.093659,neutral,0.459,2026-03-14T12:04:53.221520,0.9497349671886892,2026-03-14T12:04:55.023000,71,,,
participant_10,1,day,Town10HD_Opt,2026-03-14 12:04:56.223723,23.805294036865234,69.9389419555664,0.0019551084842532,5.048,-0.059,0.229,0.0,0,0,1,,1.0,2026-03-14T12:04:56.223723,sad,0.566,2026-03-14T12:04:56.223723,0.8909997775496017,2026-03-14T12:04:56.013000,69,,,
participant_10,1,day,Town10HD_Opt,2026-03-14 12:04:57.227430,24.673324584960938,69.93314361572266,0.0022886656224727,0.001,-0.059,0.0,0.113,0,0,1,,1.0,2026-03-14T12:04:57.227430,sad,0.566,2026-03-14T12:04:56.223723,0.8638178000307386,2026-03-14T12:04:57.006000,67,,,
participant_10,1,day,Town10HD_Opt,2026-03-14 12:04:58.055924,24.677934646606445,69.93313598632812,0.0019381331512704,0.015,-0.059,0.338,0.0,0,0,1,,1.0,2026-03-14T12:04:58.055924,sad,0.566,2026-03-14T12:04:56.223723,0.8287124067139088,2026-03-14T12:04:58.039000,68,,,
participant_10,2,day,Town10HD_Opt,2026-03-14 12:15:00.000000,-41.66858673095703,89.7454833984375,0.5804919004440308,13.77,-0.416,0.266,0.0,0,0,1,,1.0,2026-03-14T12:15:00,,,2026-03-14T12:15:00,0.3837664477772043,2026-03-14T12:15:00,61,,,
participant_10,2,day,Town10HD_Opt,2026-03-14 12:15:04.603194,-41.71414566040039,86.84776306152344,0.0018312071915715,13.833,-0.404,0.265,0.0,0,0,1,,1.0,2026-03-14T12:15:04.603194,,,2026-03-14T12:15:04.603194,0.3931415245023611,2026-03-14T12:15:04.996000,60,,,
participant_10,2,day,Town10HD_Opt,2026-03-14 12:15:05.277381,-41.743614196777344,85.19395446777344,0.0018836212111636,14.484,-0.092,0.282,0.0,0,0,1,,0.954,2026-03-14T12:15:05.277381,,,2026-03-14T12:15:04.603194,0.3295808492439011,2026-03-14T12:15:04.996000,60,,,
participant_10,2,day,Town10HD_Opt,2026-03-14 12:15:05.998646,-41.76593017578125,83.45955657958984,0.001883735647425,15.215,1.382,0.274,0.0,0,0,1,,0.919,2026-03-14T12:15:05.998646,,,2026-03-14T12:15:04.603194,0.3127419767882123,2026-03-14T12:15:05.985000,60,,,
participant_10,2,day,Town10HD_Opt,2026-03-14 12:15:07.224991,-41.60790252685547,79.74871063232422,0.0018973922124132,16.505,9.478,0.211,0.0,0,0,1,,0.904,2026-03-14T12:15:07.224991,neutral,0.824,2026-03-14T12:15:07.224991,0.3496164771137479,2026-03-14T12:15:07.066000,61,,,
participant_10,2,day,Town10HD_Opt,2026-03-14 12:15:08.199405,-40.92048645019531,77.0014419555664,0.0019497680477797,15.99,17.309,0.211,0.0,0,0,1,,1.0,2026-03-14T12:15:08.199405,neutral,0.824,2026-03-14T12:15:07.224991,0.2963111066579612,2026-03-14T12:15:08.010000,63,,,
participant_10,2,day,Town10HD_Opt,2026-03-14 12:15:09.726710,-40.54118347167969,76.1579818725586,0.0019556425977498,15.823,19.396,0.213,0.0,0,0,1,,1.0,2026-03-14T12:15:09.726710,neutral,0.824,2026-03-14T12:15:09.726710,0.2380246059122348,2026-03-14T12:15:09.990000,64,,,
participant_10,2,day,Town10HD_Opt,2026-03-14 12:15:10.074945,-40.08636093139648,75.36325073242188,0.001955299405381,15.711,20.17,0.213,0.0,0,0,1,,1.0,2026-03-14T12:15:09.726710,neutral,0.824,2026-03-14T12:15:09.726710,0.3657502362086251,2026-03-14T12:15:09.990000,64,,,
participant_10,2,day,Town10HD_Opt,2026-03-14 12:15:11.000345,-38.32851409912109,73.30603790283203,0.0019388579530641,15.606,19.849,0.263,0.0,0,0,1,,1.0,2026-03-14T12:15:11.000345,neutral,0.824,2026-03-14T12:15:09.726710,0.2982610073977074,2026-03-14T12:15:10.982000,63,,,
participant_10,2,day,Town10HD_Opt,2026-03-14 12:15:11.995293,-36.02323532104492,71.75213623046875,0.001906051649712,16.613,19.049,0.342,0.0,0,0,1,,1.0,2026-03-14T12:15:11.995293,neutral,0.587,2026-03-14T12:15:11.995293,0.2426837984668051,2026-03-14T12:15:12.016000,62,,,
participant_10,2,day,Town10HD_Opt,2026-03-14 12:15:13.020162,-33.1413459777832,70.76390075683594,0.0021391676273196,18.116,15.046,0.379,0.0,0,0,1,,1.0,2026-03-14T12:15:13.020162,neutral,0.587,2026-03-14T12:15:11.995293,0.2452451441228392,2026-03-14T12:15:13.005000,68,,,
participant_10,2,day,Town10HD_Opt,2026-03-14 12:15:14.078739,-29.96278190612793,70.29515075683594,0.0020211029332131,18.862,6.073,0.391,0.0,0,0,1,,1.0,2026-03-14T12:15:14.078739,neutral,0.547,2026-03-14T12:15:14.078739,0.1973140487524957,2026-03-14T12:15:13.996000,73,,,
participant_10,2,day,Town10HD_Opt,2026-03-14 12:15:15.054538,-26.514366149902344,70.07587432861328,0.0019470596453174,21.372,1.558,0.493,0.0,0,0,1,,1.0,2026-03-14T12:15:15.054538,neutral,0.547,2026-03-14T12:15:14.078739,0.2448291133228922,2026-03-14T12:15:14.985000,71,,,
participant_10,2,day,Town10HD_Opt,2026-03-14 12:15:16.019088,-22.495723724365234,69.91191101074219,0.0019318771082907,24.845,1.199,0.47,0.0,0,0,1,,1.0,2026-03-14T12:15:16.019088,neutral,0.547,2026-03-14T12:15:14.078739,0.2638144749725017,2026-03-14T12:15:15.975000,68,,,
participant_10,2,day,Town10HD_Opt,2026-03-14 12:15:17.027527,-17.97461700439453,69.85194396972656,0.0019925308879464,26.649,0.841,0.383,0.0,0,0,1,,1.0,2026-03-14T12:15:17.027527,fear,0.446,2026-03-14T12:15:17.027527,0.1474498506572615,2026-03-14T12:15:17.010000,72,,,
participant_10,2,day,Town10HD_Opt,2026-03-14 12:15:18.190069,-14.848536491394045,69.8650894165039,0.0020354080479592,26.709,-0.021,0.238,0.0,0,0,1,,0.937,2026-03-14T12:15:18.190069,fear,0.446,2026-03-14T12:15:17.027527,0.2218161445903939,2026-03-14T12:15:18.097000,68,,,
participant_10,2,day,Town10HD_Opt,2026-03-14 12:15:19.141510,-10.36380386352539,69.88735961914062,0.0021281433291733,23.828,-0.301,0.191,0.0,0,0,1,,0.843,2026-03-14T12:15:19.141510,neutral,0.418,2026-03-14T12:15:19.141510,0.1508493374544915,2026-03-14T12:15:18.992000,70,,,
participant_10,2,day,Town10HD_Opt,2026-03-14 12:15:20.183899,-6.366697788238525,69.88381958007812,0.0021309279836714,21.37,0.04,0.237,0.0,0,0,1,,0.868,2026-03-14T12:15:20.183899,neutral,0.418,2026-03-14T12:15:19.141510,0.1886647373481393,2026-03-14T12:15:19.983000,70,,,
participant_10,2,day,Town10HD_Opt,2026-03-14 12:15:21.146569,-2.7747035026550293,69.87919616699219,0.002087326021865,19.804,0.153,0.305,0.0,0,0,1,,0.805,2026-03-14T12:15:21.146569,sad,0.339,2026-03-14T12:15:21.146569,0.2007407145951683,2026-03-14T12:15:21.105000,73,,,
participant_10,2,day,Town10HD_Opt,2026-03-14 12:15:22.072873,0.6530046463012695,69.88352966308594,0.0020483396947383,19.545,0.263,0.374,0.0,0,0,1,,1.0,2026-03-14T12:15:22.072873,sad,0.339,2026-03-14T12:15:21.146569,0.1869557183969109,2026-03-14T12:15:22.008000,71,,,
participant_10,2,day,Town10HD_Opt,2026-03-14 12:15:23.034229,4.14832067489624,69.89466857910156,0.0020031738094985,20.672,-0.211,0.402,0.0,0,0,1,,1.0,2026-03-14T12:15:23.034229,sad,0.339,2026-03-14T12:15:21.146569,0.2627452609512545,2026-03-14T12:15:23.040000,70,,,
participant_10,2,day,Town10HD_Opt,2026-03-14 12:15:24.230208,9.152071952819824,69.9055404663086,0.0020482635591179,21.431,0.266,0.016,0.0,0,0,1,,1.0,2026-03-14T12:15:24.230208,sad,0.473,2026-03-14T12:15:24.230208,0.1709761569676974,2026-03-14T12:15:23.986000,69,,,
participant_10,2,day,Town10HD_Opt,2026-03-14 12:15:25.194145,12.549891471862791,69.93724822998047,0.0019112013978883,17.631,0.411,0.103,0.0,0,0,1,,1.0,2026-03-14T12:15:25.194145,sad,0.473,2026-03-14T12:15:24.230208,0.1269015660583979,2026-03-14T12:15:25.111000,68,,,
participant_10,2,day,Town10HD_Opt,2026-03-14 12:15:26.119274,15.405571937561035,69.96910095214844,0.0019998168572783,14.932,-0.19,0.091,0.0,0,0,1,,1.0,2026-03-14T12:15:26.119274,sad,0.473,2026-03-14T12:15:24.230208,0.101661151319546,2026-03-14T12:15:26.011000,68,,,
participant_10,2,day,Town10HD_Opt,2026-03-14 12:15:27.044012,17.847455978393555,69.98662567138672,0.0019851303659379,12.85,-0.369,0.08,0.0,0,0,1,,1.0,2026-03-14T12:15:27.044012,neutral,0.349,2026-03-14T12:15:27.044012,0.10894795473038,2026-03-14T12:15:27.046000,68,,,
participant_10,2,day,Town10HD_Opt,2026-03-14 12:15:28.204172,20.466970443725582,69.99284362792969,0.0020062255207449,9.432,-0.247,0.0,0.0,0,0,1,,0.865,2026-03-14T12:15:28.204172,neutral,0.349,2026-03-14T12:15:27.044012,0.1393874519693268,2026-03-14T12:15:28.036000,69,,,
participant_10,2,day,Town10HD_Opt,2026-03-14 12:15:29.078946,21.90753173828125,69.9925537109375,0.0019838332664221,7.032,-0.237,0.0,0.0,0,0,1,,1.0,2026-03-14T12:15:29.078946,fear,0.357,2026-03-14T12:15:29.078946,0.0459932548919997,2026-03-14T12:15:28.980000,72,,,
participant_10,2,day,Town10HD_Opt,2026-03-14 12:15:30.261682,23.32919883728028,69.98948669433594,0.0019669723697006,5.017,-0.237,0.0,0.0,0,0,1,,0.877,2026-03-14T12:15:30.261682,fear,0.357,2026-03-14T12:15:29.078946,0.0641286413508798,2026-03-14T12:15:30.150000,72,,,
participant_10,2,day,Town10HD_Opt,2026-03-14 12:15:31.195205,24.110774993896484,69.9866714477539,0.0019558714702725,3.796,-0.226,0.0,0.0,0,0,1,,1.0,2026-03-14T12:15:31.195205,sad,0.356,2026-03-14T12:15:31.195205,0.1121339586990515,2026-03-14T12:15:31.006000,71,,,
participant_10,2,day,Town10HD_Opt,2026-03-14 12:15:32.159148,24.686368942260746,69.98406982421875,0.0019219970563426,3.23,-0.226,0.0,0.0,0,0,1,,0.823,2026-03-14T12:15:32.159148,sad,0.356,2026-03-14T12:15:31.195205,0.0890398284242993,2026-03-14T12:15:31.996000,70,,,
participant_10,2,day,Town10HD_Opt,2026-03-14 12:15:33.031269,25.20854377746582,69.98141479492188,0.0019409941742196,2.599,-0.223,0.0,0.0,0,0,1,,0.82,2026-03-14T12:15:33.031269,sad,0.356,2026-03-14T12:15:31.195205,0.1122902520619224,2026-03-14T12:15:33.121000,72,,,
participant_10,2,day,Town10HD_Opt,2026-03-14 12:15:34.171222,25.36604690551757,69.98048400878906,0.0019329834030941,0.058,-0.2,0.326,0.0,0,0,1,,0.804,2026-03-14T12:15:34.171222,sad,0.53,2026-03-14T12:15:34.171222,0.0583118055329225,2026-03-14T12:15:33.976000,75,,,
participant_10,2,day,Town10HD_Opt,2026-03-14 12:15:35.111825,25.66123390197754,69.97871398925781,0.0017847823910415,3.893,-0.2,0.122,0.0,0,0,1,,0.822,2026-03-14T12:15:35.111825,sad,0.53,2026-03-14T12:15:34.171222,0.0656741249761451,2026-03-14T12:15:35.101000,71,,,
participant_10,2,day,Town10HD_Opt,2026-03-14 12:15:36.312855,26.08310890197754,69.97650146484375,0.0019690704066306,0.149,-0.188,0.051,0.0,0,0,1,,0.858,2026-03-14T12:15:36.312855,fear,0.31,2026-03-14T12:15:36.312855,0.1315076703115942,2026-03-14T12:15:36.002000,70,,,
participant_10,2,day,Town10HD_Opt,2026-03-14 12:15:37.055223,26.15567970275879,69.97587585449219,0.0017691802931949,3.055,-0.188,0.641,0.0,0,0,1,,1.0,2026-03-14T12:15:37.055223,fear,0.31,2026-03-14T12:15:36.312855,0.111652210062389,2026-03-14T12:15:36.991000,66,,,
participant_10,2,day,Town10HD_Opt,2026-03-14 12:15:38.218070,27.42574119567871,69.96586608886719,0.0016044997610151,12.013,-1.069,0.632,0.0,0,0,1,,0.881,2026-03-14T12:15:38.218070,fear,0.31,2026-03-14T12:15:36.312855,0.0216775942154021,2026-03-14T12:15:37.983000,65,,,errors=Stop sign violation
participant_10,2,day,Town10HD_Opt,2026-03-14 12:15:39.159890,30.2026424407959,69.83111572265625,0.0019955444149672,18.425,-6.945,0.463,0.0,0,0,1,,1.0,2026-03-14T12:15:39.159890,neutral,0.805,2026-03-14T12:15:39.159890,0.02,2026-03-14T12:15:39.017000,66,,,
participant_10,2,day,Town10HD_Opt,2026-03-14 12:15:40.116724,33.38030242919922,69.24765014648438,0.0020598983392119,18.387,-10.749,0.282,0.0,0,0,1,,1.0,2026-03-14T12:15:40.116724,neutral,0.805,2026-03-14T12:15:39.159890,0.0309702480044438,2026-03-14T12:15:40.006000,64,,,
participant_10,2,day,Town10HD_Opt,2026-03-14 12:15:41.087785,36.35465621948242,68.10050201416016,0.0020457075443118,18.278,-12.33,0.337,0.0,0,0,1,,1.0,2026-03-14T12:15:41.087785,neutral,0.805,2026-03-14T12:15:39.159890,0.0488913729778811,2026-03-14T12:15:40.996000,61,,,
participant_10,2,day,Town10HD_Opt,2026-03-14 12:15:42.086678,39.02843475341797,66.39702606201172,0.0020514677744358,18.232,-12.1,0.284,0.0,0,0,1,,1.0,2026-03-14T12:15:42.086678,neutral,0.482,2026-03-14T12:15:42.086678,0.111955817268186,2026-03-14T12:15:41.985000,61,,,
participant_10,2,day,Town10HD_Opt,2026-03-14 12:15:43.092124,41.320560455322266,64.18830108642578,0.0020704651251435,18.379,-12.67,0.287,0.0,0,0,1,,1.0,2026-03-14T12:15:43.092124,neutral,0.482,2026-03-14T12:15:42.086678,0.0235589233294933,2026-03-14T12:15:42.976000,61,,,
participant_10,2,day,Town10HD_Opt,2026-03-14 12:15:44.029828,43.09922790527344,61.55058288574219,0.0020526503212749,18.258,-14.2,0.281,0.0,0,0,1,,1.0,2026-03-14T12:15:44.029828,neutral,0.482,2026-03-14T12:15:42.086678,0.0999268259519289,2026-03-14T12:15:44.010000,60,,,
participant_10,2,day,Town10HD_Opt,2026-03-14 12:15:45.226520,44.45420455932617,57.54621887207031,0.0020399093627929,18.226,-13.872,0.224,0.0,0,0,1,,1.0,2026-03-14T12:15:45.226520,happy,0.779,2026-03-14T12:15:45.226520,0.0534190562021228,2026-03-14T12:15:45.001000,64,,,
participant_10,2,day,Town10HD_Opt,2026-03-14 12:15:46.222282,44.67829513549805,54.50564956665039,0.0020078276284039,15.613,-9.621,0.0,0.0,0,0,1,,1.0,2026-03-14T12:15:46.222282,happy,0.779,2026-03-14T12:15:45.226520,0.0567819060968307,2026-03-14T12:15:45.994000,64,,,
participant_10,2,day,Town10HD_Opt,2026-03-14 12:15:47.261774,44.590667724609375,52.04737091064453,0.0020014953333884,12.698,-4.752,0.102,0.0,0,0,1,,0.835,2026-03-14T12:15:47.261774,neutral,0.608,2026-03-14T12:15:47.261774,0.0398848735647465,2026-03-14T12:15:46.981000,63,,,
participant_10,2,day,Town10HD_Opt,2026-03-14 12:15:48.249880,44.44857406616211,49.95967102050781,0.0019719314295798,11.084,-0.374,0.092,0.0,0,0,1,,0.908,2026-03-14T12:15:48.249880,neutral,0.608,2026-03-14T12:15:47.261774,0.0657577433544768,2026-03-14T12:15:48.062000,64,,,
participant_10,2,day,Town10HD_Opt,2026-03-14 12:15:49.174689,44.33786392211914,48.129520416259766,0.0019583129324018,9.822,-0.023,0.101,0.0,0,0,1,,0.877,2026-03-14T12:15:49.174689,neutral,0.608,2026-03-14T12:15:47.261774,0.0880389325479317,2026-03-14T12:15:49.051000,64,,,
participant_10,2,day,Town10HD_Opt,2026-03-14 12:15:50.089800,44.23862838745117,46.49376678466797,0.001949539175257,8.808,-0.052,0.105,0.0,0,0,1,,0.829,2026-03-14T12:15:50.089800,neutral,0.517,2026-03-14T12:15:50.089800,0.02,2026-03-14T12:15:49.996000,65,,,
participant_10,2,day,Town10HD_Opt,2026-03-14 12:15:51.075884,44.14788818359375,45.00970077514648,0.0019435882568359,8.085,-0.047,0.105,0.0,0,0,1,,0.874,2026-03-14T12:15:51.075884,neutral,0.517,2026-03-14T12:15:50.089800,0.0887039246832322,2026-03-14T12:15:50.987000,67,,,
participant_10,2,day,Town10HD_Opt,2026-03-14 12:15:52.003168,44.06759643554688,43.67876052856445,0.0019720839336514,6.741,0.613,0.0,0.0,0,0,1,,1.0,2026-03-14T12:15:52.003168,neutral,0.517,2026-03-14T12:15:50.089800,0.0772798439787346,2026-03-14T12:15:51.977000,69,,,
participant_10,2,day,Town10HD_Opt,2026-03-14 12:15:53.265918,44.01738739013672,42.24928283691406,0.0017876814818009,7.744,5.905,0.0,0.0,0,0,1,,1.0,2026-03-14T12:15:53.265918,happy,0.832,2026-03-14T12:15:53.265918,0.0250331936009366,2026-03-14T12:15:53.011000,68,,,
participant_10,2,day,Town10HD_Opt,2026-03-14 12:15:54.178736,44.02861404418945,40.99777221679688,0.0019952391739934,5.738,3.91,0.0,0.185,0,0,1,,1.0,2026-03-14T12:15:54.178736,happy,0.832,2026-03-14T12:15:53.265918,0.02,2026-03-14T12:15:54.001000,70,,,
participant_10,2,day,Town10HD_Opt,2026-03-14 12:15:55.146825,44.03204345703125,40.809844970703125,0.0019433974521234,1.129,3.994,0.95,0.0,0,0,1,,1.0,2026-03-14T12:15:55.146825,happy,0.832,2026-03-14T12:15:53.265918,0.0755259280308214,2026-03-14T12:15:55.037000,68,,,
participant_10,2,day,Town10HD_Opt,2026-03-14 12:15:56.123921,44.11187362670898,39.46427917480469,0.0014307021629065,15.994,7.114,0.913,0.0,0,0,1,,1.0,2026-03-14T12:15:56.123921,neutral,0.701,2026-03-14T12:15:56.123921,0.02,2026-03-14T12:15:56.072000,68,,,
participant_10,2,day,Town10HD_Opt,2026-03-14 12:15:57.103327,44.742313385009766,35.894832611083984,0.0017700575990602,25.531,15.928,0.576,0.0,0,0,1,,1.0,2026-03-14T12:15:57.103327,neutral,0.701,2026-03-14T12:15:56.123921,0.02,2026-03-14T12:15:57.015000,68,,,
participant_10,2,day,Town10HD_Opt,2026-03-14 12:15:58.074668,46.96234893798828,31.86553001403809,0.002183647127822,24.968,23.183,0.0,0.0,0,0,1,,1.0,2026-03-14T12:15:58.074668,neutral,0.701,2026-03-14T12:15:56.123921,0.02,2026-03-14T12:15:58.141000,67,,,
participant_10,2,day,Town10HD_Opt,2026-03-14 12:15:59.043813,50.10791778564453,29.707931518554688,0.002268447773531,18.852,17.906,0.238,0.0,0,0,1,,1.0,2026-03-14T12:15:59.043813,happy,0.705,2026-03-14T12:15:59.043813,0.0252628294986266,2026-03-14T12:15:59.042000,68,,,
participant_10,2,day,Town10HD_Opt,2026-03-14 12:16:00.271159,54.29238128662109,28.70111083984375,0.0019546127878129,20.248,7.045,0.563,0.0,0,0,1,,1.0,2026-03-14T12:16:00.271159,happy,0.705,2026-03-14T12:15:59.043813,0.0413093361743857,2026-03-14T12:15:59.986000,67,,,
participant_10,2,day,Town10HD_Opt,2026-03-14 12:16:01.256241,58.180442810058594,28.16193008422852,0.0021134947892278,24.002,-5.146,0.0,0.0,0,0,1,,1.0,2026-03-14T12:16:01.256241,neutral,0.569,2026-03-14T12:16:01.256241,0.02,2026-03-14T12:16:00.977000,67,,,
participant_10,2,day,Town10HD_Opt,2026-03-14 12:16:02.193125,61.89904022216797,27.29508399963379,0.0022123716771602,18.757,-3.076,0.0,0.0,0,0,1,,1.0,2026-03-14T12:16:02.193125,neutral,0.569,2026-03-14T12:16:01.256241,0.02,2026-03-14T12:16:02.056000,66,,,errors=Vehicle collision
participant_10,2,day,Town10HD_Opt,2026-03-14 12:16:03.111585,64.66609954833984,26.682861328125,0.0017129897605627,14.883,8.403,0.143,0.0,0,0,1,,1.0,2026-03-14T12:16:03.111585,neutral,0.569,2026-03-14T12:16:01.256241,0.02,2026-03-14T12:16:03.001000,66,,,
participant_10,2,day,Town10HD_Opt,2026-03-14 12:16:04.010995,67.24675750732422,26.33774757385254,0.001874046283774,15.61,1.871,0.322,0.0,0,0,1,,1.0,2026-03-14T12:16:04.010995,neutral,0.593,2026-03-14T12:16:04.010995,0.02,2026-03-14T12:16:03.991000,68,,,
participant_10,2,day,Town10HD_Opt,2026-03-14 12:16:05.210807,71.09379577636719,25.85570907592773,0.0018795012729242,17.458,1.105,0.16,0.0,0,0,1,,1.0,2026-03-14T12:16:05.210807,neutral,0.593,2026-03-14T12:16:04.010995,0.02,2026-03-14T12:16:04.981000,67,,,
participant_10,2,day,Town10HD_Opt,2026-03-14 12:16:06.217600,73.88704681396484,25.56468772888184,0.001986923161894,15.312,2.007,0.766,0.0,0,0,1,,1.0,2026-03-14T12:16:06.217600,happy,0.576,2026-03-14T12:16:06.217600,0.02,2026-03-14T12:16:06.016000,70,,,
participant_10,2,day,Town10HD_Opt,2026-03-14 12:16:07.132988,77.2880630493164,25.32725715637207,0.0017408370040357,25.25,2.174,0.861,0.0,0,0,1,,1.0,2026-03-14T12:16:07.132988,happy,0.576,2026-03-14T12:16:06.217600,0.02,2026-03-14T12:16:07.006000,71,,,
participant_10,2,day,Town10HD_Opt,2026-03-14 12:16:08.025691,82.70671844482422,25.193458557128903,0.0016370773082599,38.245,1.963,0.762,0.0,0,0,1,,1.0,2026-03-14T12:16:08.025691,happy,0.576,2026-03-14T12:16:06.217600,0.02,2026-03-14T12:16:07.996000,68,,,
participant_10,2,day,Town10HD_Opt,2026-03-14 12:16:09.235787,91.79876708984376,24.883649826049805,0.0021120451856404,37.89,-8.856,0.348,0.0,0,0,1,,1.0,2026-03-14T12:16:09.235787,happy,0.653,2026-03-14T12:16:09.235787,0.02,2026-03-14T12:16:08.988000,68,,,
participant_10,2,day,Town10HD_Opt,2026-03-14 12:16:10.129416,97.90201568603516,22.89770126342773,0.0021267319098114,35.728,-11.448,0.358,0.0,0,0,1,,1.0,2026-03-14T12:16:10.129416,happy,0.653,2026-03-14T12:16:09.235787,0.02,2026-03-14T12:16:09.976000,68,,,
participant_10,2,day,Town10HD_Opt,2026-03-14 12:16:11.243201,103.88175201416016,17.57599639892578,0.0021134566050022,33.672,-13.124,0.373,0.0,0,0,1,,1.0,2026-03-14T12:16:11.243201,neutral,0.493,2026-03-14T12:16:11.243201,0.02,2026-03-14T12:16:11.101000,66,,,
participant_10,2,day,Town10HD_Opt,2026-03-14 12:16:12.127193,106.17311096191406,12.274590492248535,0.0020943831186741,32.74,-10.298,0.373,0.0,0,0,1,,1.0,2026-03-14T12:16:12.127193,neutral,0.493,2026-03-14T12:16:11.243201,0.02,2026-03-14T12:16:12.002000,65,,,
participant_10,2,day,Town10HD_Opt,2026-03-14 12:16:13.016567,106.8797836303711,6.645588874816895,0.0020498274825513,32.497,-4.981,0.448,0.0,0,0,1,,1.0,2026-03-14T12:16:13.016567,neutral,0.493,2026-03-14T12:16:11.243201,0.02,2026-03-14T12:16:12.991000,66,,,
participant_10,2,day,Town10HD_Opt,2026-03-14 12:16:14.164810,107.00596618652344,-1.078025221824646,0.0020274734124541,33.504,-0.11,0.406,0.0,0,0,1,,0.872,2026-03-14T12:16:14.164810,happy,0.651,2026-03-14T12:16:14.164810,0.02,2026-03-14T12:16:13.981000,68,,,
participant_10,2,day,Town10HD_Opt,2026-03-14 12:16:15.025103,107.05835723876952,-6.951721668243408,0.0020384597592055,33.652,-0.143,0.457,0.0,0,0,1,,1.0,2026-03-14T12:16:15.025103,happy,0.651,2026-03-14T12:16:14.164810,0.02,2026-03-14T12:16:15.016000,67,,,errors=Solid line crossing
participant_10,2,day,Town10HD_Opt,2026-03-14 12:16:16.164009,107.08967590332033,-15.248417854309082,0.0018902969313785,38.736,-0.277,0.586,0.0,0,0,1,,0.825,2026-03-14T12:16:16.164009,happy,0.651,2026-03-14T12:16:14.164810,0.02,2026-03-14T12:16:16.006000,68,,,
participant_10,2,day,Town10HD_Opt,2026-03-14 12:16:17.025819,107.01874542236328,-22.29351234436035,0.0019517134642228,41.757,-2.108,0.542,0.0,0,0,1,,1.0,2026-03-14T12:16:17.025819,neutral,0.469,2026-03-14T12:16:17.025819,0.02,2026-03-14T12:16:17.041000,68,,,
participant_10,2,day,Town10HD_Opt,2026-03-14 12:16:18.132893,106.04788970947266,-32.29532241821289,0.0019785307813435,44.551,-3.844,0.542,0.0,0,0,1,,1.0,2026-03-14T12:16:18.132893,neutral,0.469,2026-03-14T12:16:17.025819,0.02,2026-03-14T12:16:17.985000,69,,,
participant_10,2,day,Town10HD_Opt,2026-03-14 12:16:18.992648,103.97560119628906,-39.93423080444336,0.0019952391739934,46.061,-6.26,0.54,0.0,0,0,1,,1.0,2026-03-14T12:16:18.992648,neutral,0.469,2026-03-14T12:16:17.025819,0.02,2026-03-14T12:16:18.976000,70,,,
participant_10,2,day,Town10HD_Opt,2026-03-14 12:16:20.095794,98.50959014892578,-49.34837341308594,0.0020112991333007,47.446,-4.771,0.487,0.0,0,0,1,,0.843,2026-03-14T12:16:20.095794,happy,0.611,2026-03-14T12:16:20.095794,0.0338435539093772,2026-03-14T12:16:20.011000,71,,,
participant_10,2,day,Town10HD_Opt,2026-03-14 12:16:21.243979,90.69395446777344,-56.97236633300781,0.0020898818038403,45.97,-4.806,0.431,0.0,0,0,1,,1.0,2026-03-14T12:16:21.243979,happy,0.611,2026-03-14T12:16:20.095794,0.0223197538995547,2026-03-14T12:16:21.001000,74,,,
participant_10,2,day,Town10HD_Opt,2026-03-14 12:16:22.109590,83.972412109375,-61.18313980102539,0.0020855711773037,44.726,-4.737,0.431,0.0,0,0,1,,1.0,2026-03-14T12:16:22.109590,neutral,0.646,2026-03-14T12:16:22.109590,0.0226964379349627,2026-03-14T12:16:21.991000,71,,,
participant_10,2,day,Town10HD_Opt,2026-03-14 12:16:22.991990,76.79521179199219,-64.057861328125,0.0020793152507394,43.687,-4.737,0.431,0.0,0,0,1,,1.0,2026-03-14T12:16:22.991990,neutral,0.646,2026-03-14T12:16:22.109590,0.0470059308130298,2026-03-14T12:16:22.981000,71,,,
participant_10,2,day,Town10HD_Opt,2026-03-14 12:16:24.192269,66.91394805908203,-65.90034484863281,0.0020690916571766,42.621,-2.586,0.431,0.0,0,0,1,,1.0,2026-03-14T12:16:24.192269,neutral,0.712,2026-03-14T12:16:24.192269,0.1177061531656648,2026-03-14T12:16:23.971000,73,,,
participant_10,2,day,Town10HD_Opt,2026-03-14 12:16:25.102128,59.52187728881836,-66.3958740234375,0.0020619200076907,42.053,-0.399,0.431,0.0,0,0,1,,0.825,2026-03-14T12:16:25.102128,neutral,0.712,2026-03-14T12:16:24.192269,0.2298620244447683,2026-03-14T12:16:25.053000,69,,,
participant_10,2,day,Town10HD_Opt,2026-03-14 12:16:26.000340,52.21793746948242,-66.71318054199219,0.0020586776081472,41.511,-0.364,0.431,0.0,0,0,1,,1.0,2026-03-14T12:16:26.000340,neutral,0.712,2026-03-14T12:16:24.192269,0.2165049008061718,2026-03-14T12:16:25.996000,69,,,
participant_10,2,day,Town10HD_Opt,2026-03-14 12:16:27.222320,42.60099029541016,-66.99016571044922,0.0020555113442242,40.948,-0.322,0.431,0.0,0,0,1,,1.0,2026-03-14T12:16:27.222320,neutral,0.533,2026-03-14T12:16:27.222320,0.3109895192517808,2026-03-14T12:16:27.031000,70,,,
participant_10,2,day,Town10HD_Opt,2026-03-14 12:16:28.123408,35.47079849243164,-67.1416015625,0.0020690155215561,40.185,-0.27,0.155,0.0,0,0,1,,1.0,2026-03-14T12:16:28.123408,neutral,0.533,2026-03-14T12:16:27.222320,0.3752197015453409,2026-03-14T12:16:27.976000,67,,,
participant_10,2,day,Town10HD_Opt,2026-03-14 12:16:29.065944,28.994571685791016,-67.22537231445312,0.0023086927831172,32.453,-0.214,0.0,0.0,0,0,1,,1.0,2026-03-14T12:16:29.065944,neutral,0.533,2026-03-14T12:16:27.222320,0.4275027174299011,2026-03-14T12:16:29.195000,66,,,
participant_10,2,day,Town10HD_Opt,2026-03-14 12:16:29.999296,23.940570831298828,-67.26712036132812,0.0022826385684311,24.898,-0.169,0.068,0.0,0,0,1,,1.0,2026-03-14T12:16:29.999296,neutral,0.888,2026-03-14T12:16:29.999296,0.3595371934955923,2026-03-14T12:16:30.002000,65,,,
participant_10,2,day,Town10HD_Opt,2026-03-14 12:16:31.170003,18.65747833251953,-67.30839538574219,0.0020498656667768,22.134,-0.012,0.443,0.0,0,0,1,,1.0,2026-03-14T12:16:31.170003,neutral,0.888,2026-03-14T12:16:29.999296,0.3605954192765392,2026-03-14T12:16:31.082000,67,,,
participant_10,2,day,Town10HD_Opt,2026-03-14 12:16:32.052094,14.628660202026367,-67.3423080444336,0.001975402701646,24.209,0.129,0.428,0.0,0,0,1,,1.0,2026-03-14T12:16:32.052094,happy,0.716,2026-03-14T12:16:32.052094,0.4326786057135188,2026-03-14T12:16:32.026000,63,,,
participant_10,2,day,Town10HD_Opt,2026-03-14 12:16:33.250951,8.7315092086792,-67.39214324951172,0.0019927597604691,26.344,-0.094,0.413,0.0,0,0,1,,1.0,2026-03-14T12:16:33.250951,happy,0.716,2026-03-14T12:16:32.052094,0.3683063230638811,2026-03-14T12:16:33.152000,62,,,
participant_10,2,day,Town10HD_Opt,2026-03-14 12:16:34.150324,4.059850215911865,-67.42903900146484,0.0020759201142936,26.155,-0.625,0.197,0.0,0,0,1,,1.0,2026-03-14T12:16:34.150324,neutral,0.834,2026-03-14T12:16:34.150324,0.4240077540405603,2026-03-14T12:16:34.051000,62,,,
participant_10,2,day,Town10HD_Opt,2026-03-14 12:16:35.082957,-0.2581645250320434,-67.255126953125,0.0021454237867146,23.043,-5.919,0.197,0.0,0,0,1,,1.0,2026-03-14T12:16:35.082957,neutral,0.834,2026-03-14T12:16:34.150324,0.3975314661419065,2026-03-14T12:16:34.996000,63,,,
participant_10,2,day,Town10HD_Opt,2026-03-14 12:16:35.997846,-4.024170875549316,-66.69438171386719,0.0021191786509007,20.601,-2.174,0.357,0.0,0,0,1,,1.0,2026-03-14T12:16:35.997846,neutral,0.834,2026-03-14T12:16:34.150324,0.4215078640533191,2026-03-14T12:16:35.986000,61,,,
participant_10,2,day,Town10HD_Opt,2026-03-14 12:16:37.184708,-8.880492210388184,-65.74553680419922,0.0019813918042927,22.523,0.369,0.414,0.0,0,0,1,,1.0,2026-03-14T12:16:37.184708,neutral,0.713,2026-03-14T12:16:37.184708,0.4394504037887858,2026-03-14T12:16:37.066000,66,,,
participant_10,2,day,Town10HD_Opt,2026-03-14 12:16:38.098458,-12.84092617034912,-65.04438018798828,0.0020832824520766,22.261,2.56,0.0,0.0,0,0,1,,1.0,2026-03-14T12:16:38.098458,neutral,0.713,2026-03-14T12:16:37.184708,0.4299179466152167,2026-03-14T12:16:38.056000,62,,,
participant_10,2,day,Town10HD_Opt,2026-03-14 12:16:39.231013,-17.241540908813477,-64.58321380615234,0.0020032119937241,15.738,4.674,0.0,0.0,0,0,1,,1.0,2026-03-14T12:16:39.231013,neutral,0.598,2026-03-14T12:16:39.231013,0.4819827487830848,2026-03-14T12:16:39.048000,65,,,
participant_10,2,day,Town10HD_Opt,2026-03-14 12:16:40.167351,-19.6671199798584,-64.51294708251953,0.0020535660441964,11.834,2.925,0.0,0.072,0,0,1,,1.0,2026-03-14T12:16:40.167351,neutral,0.598,2026-03-14T12:16:39.231013,0.4639788093642163,2026-03-14T12:16:39.991000,63,,,
participant_10,2,day,Town10HD_Opt,2026-03-14 12:16:41.000515,-21.437334060668945,-64.51683807373047,0.0020207976922392,8.429,2.781,0.0,0.04,0,0,1,,1.0,2026-03-14T12:16:41.000515,neutral,0.598,2026-03-14T12:16:39.231013,0.4174452807568763,2026-03-14T12:16:40.982000,64,,,
participant_10,2,day,Town10HD_Opt,2026-03-14 12:16:42.172204,-23.02646827697754,-64.56175994873047,0.0019839857704937,6.022,2.355,0.98,0.0,0,0,1,,1.0,2026-03-14T12:16:42.172204,neutral,0.723,2026-03-14T12:16:42.172204,0.4169735174775719,2026-03-14T12:16:42.016000,65,,,
participant_10,2,day,Town10HD_Opt,2026-03-14 12:16:43.149523,-25.109888076782227,-64.59992218017578,0.0016291808569803,20.054,-0.501,1.0,0.0,0,0,1,,0.909,2026-03-14T12:16:43.149523,neutral,0.723,2026-03-14T12:16:42.172204,0.4224584657438473,2026-03-14T12:16:43.007000,63,,,
participant_10,2,day,Town10HD_Opt,2026-03-14 12:16:44.061104,-29.72115707397461,-64.6872787475586,0.0014977264218032,35.336,0.667,1.0,0.0,0,0,1,,0.829,2026-03-14T12:16:44.061104,neutral,0.723,2026-03-14T12:16:42.172204,0.4972566483280863,2026-03-14T12:16:44.044000,64,,,
participant_10,2,day,Town10HD_Opt,2026-03-14 12:16:44.990643,-37.0732536315918,-64.93587493896484,0.0015565489884465,50.04,0.216,1.0,0.0,0,0,1,,0.835,2026-03-14T12:16:44.990643,sad,0.453,2026-03-14T12:16:44.990643,0.4686786733065284,2026-03-14T12:16:44.987000,66,,,
participant_10,2,day,Town10HD_Opt,2026-03-14 12:16:46.183823,-48.87782287597656,-65.41736602783203,0.0018836974631994,51.756,-0.134,0.0,0.176,0,0,1,,1.0,2026-03-14T12:16:46.183823,sad,0.453,2026-03-14T12:16:44.990643,0.3599274426457535,2026-03-14T12:16:46.021000,64,,,
participant_10,2,day,Town10HD_Opt,2026-03-14 12:16:47.167535,-57.5682373046875,-65.70463562011719,0.0019596479833126,50.692,-1.593,0.0,0.0,0,0,1,,1.0,2026-03-14T12:16:47.167535,neutral,0.706,2026-03-14T12:16:47.167535,0.4514785750953172,2026-03-14T12:16:47.012000,65,,,
participant_10,2,day,Town10HD_Opt,2026-03-14 12:16:48.135611,-66.1678695678711,-65.56461334228516,0.0021569442469626,47.009,-1.655,0.419,0.0,0,0,1,,1.0,2026-03-14T12:16:48.135611,neutral,0.706,2026-03-14T12:16:47.167535,0.5399673482931555,2026-03-14T12:16:48.002000,66,,,
participant_10,2,day,Town10HD_Opt,2026-03-14 12:16:49.010523,-74.2273941040039,-64.86952209472656,0.002096366835758,45.454,-3.139,0.419,0.0,0,0,1,,1.0,2026-03-14T12:16:49.010523,neutral,0.706,2026-03-14T12:16:47.167535,0.4390506325981301,2026-03-14T12:16:49.036000,68,,,
participant_10,2,day,Town10HD_Opt,2026-03-14 12:16:50.196805,-84.30960845947266,-62.48808288574219,0.0020854950416833,43.612,-4.884,0.449,0.0,0,0,1,,1.0,2026-03-14T12:16:50.196805,neutral,0.792,2026-03-14T12:16:50.196805,0.4122538907359816,2026-03-14T12:16:49.981000,65,,,
participant_10,2,day,Town10HD_Opt,2026-03-14 12:16:51.101824,-91.21793365478516,-59.2502555847168,0.0020138930995017,44.211,-5.096,0.53,0.0,0,0,1,,1.0,2026-03-14T12:16:51.101824,neutral,0.792,2026-03-14T12:16:50.196805,0.3781065521264393,2026-03-14T12:16:51.016000,67,,,
participant_10,2,day,Town10HD_Opt,2026-03-14 12:16:51.997152,-97.5667495727539,-54.66029739379883,0.0020015717018395,45.602,-5.03,0.53,0.0,0,0,1,,1.0,2026-03-14T12:16:51.997152,neutral,0.792,2026-03-14T12:16:50.196805,0.3525730216736137,2026-03-14T12:16:52.008000,67,,,
participant_10,2,day,Town10HD_Opt,2026-03-14 12:16:53.236528,-104.69720458984376,-46.59746170043945,0.0020869064610451,45.37,-5.929,0.0,0.0,0,0,1,,1.0,2026-03-14T12:16:53.236528,neutral,0.793,2026-03-14T12:16:53.236528,0.393006249008759,2026-03-14T12:16:52.996000,66,,,
participant_10,2,day,Town10HD_Opt,2026-03-14 12:16:54.120939,-108.04415130615234,-40.31486511230469,0.0023667907807976,35.318,-6.298,0.0,0.0,0,0,1,,1.0,2026-03-14T12:16:54.120939,neutral,0.793,2026-03-14T12:16:53.236528,0.2837785754053768,2026-03-14T12:16:53.987000,67,,,
participant_10,2,day,Town10HD_Opt,2026-03-14 12:16:55.087068,-109.63127899169922,-35.0424919128418,0.0023063658736646,27.579,-5.224,0.0,0.0,0,0,1,,1.0,2026-03-14T12:16:55.087068,neutral,0.793,2026-03-14T12:16:53.236528,0.3145069291783227,2026-03-14T12:16:55.024000,67,,,
participant_10,2,day,Town10HD_Opt,2026-03-14 12:16:55.988810,-110.2921371459961,-30.86279487609864,0.0022108841221779,21.559,-4.584,0.42,0.0,0,0,1,,1.0,2026-03-14T12:16:55.988810,neutral,0.792,2026-03-14T12:16:55.988810,0.316151792012829,2026-03-14T12:16:56.011000,68,,,
participant_10,2,day,Town10HD_Opt,2026-03-14 12:16:57.054310,-110.6425552368164,-26.91053581237793,0.0018952559912577,25.276,0.663,0.604,0.0,0,0,1,,0.897,2026-03-14T12:16:57.054310,neutral,0.792,2026-03-14T12:16:55.988810,0.3376948254658809,2026-03-14T12:16:57.002000,67,,,
participant_10,2,day,Town10HD_Opt,2026-03-14 12:16:58.268585,-111.39336395263672,-20.2265567779541,0.0018707275157794,32.654,0.515,0.314,0.0,0,0,1,,1.0,2026-03-14T12:16:58.268585,neutral,0.687,2026-03-14T12:16:58.268585,0.2104490506462293,2026-03-14T12:16:57.991000,68,,,
participant_10,2,day,Town10HD_Opt,2026-03-14 12:16:59.233410,-111.66902160644533,-14.811190605163574,0.0022841261234134,27.217,-15.985,0.0,0.0,0,0,1,,0.887,2026-03-14T12:16:59.233410,neutral,0.687,2026-03-14T12:16:58.268585,0.244875706612474,2026-03-14T12:16:58.982000,69,,,
participant_10,2,day,Town10HD_Opt,2026-03-14 12:17:00.243826,-110.90172576904295,-10.423407554626465,0.0021422195713967,23.901,5.302,0.224,0.109,0,0,1,,1.0,2026-03-14T12:17:00.243826,neutral,0.687,2026-03-14T12:16:58.268585,0.2774222538828675,2026-03-14T12:17:00.107000,70,,,
participant_10,2,day,Town10HD_Opt,2026-03-14 12:17:01.173782,-110.59247589111328,-6.570001602172852,0.002200546208769,19.504,4.457,0.215,0.436,0,0,1,,1.0,2026-03-14T12:17:01.173782,neutral,0.531,2026-03-14T12:17:01.173782,0.2346668576785855,2026-03-14T12:17:01.096000,69,,,
participant_10,2,day,Town10HD_Opt,2026-03-14 12:17:02.056115,-110.6002197265625,-3.447723627090454,0.0019872284028679,16.141,3.721,0.215,0.409,0,0,1,,1.0,2026-03-14T12:17:02.056115,neutral,0.531,2026-03-14T12:17:01.173782,0.2832406809090245,2026-03-14T12:17:01.996000,68,,,
participant_10,2,day,Town10HD_Opt,2026-03-14 12:17:03.228791,-110.80313110351562,0.1477814018726349,0.0018113708356395,20.065,-1.751,1.0,0.0,0,0,1,,0.905,2026-03-14T12:17:03.228791,neutral,0.443,2026-03-14T12:17:03.228791,0.2412933169502609,2026-03-14T12:17:02.986000,66,,,
participant_10,2,day,Town10HD_Opt,2026-03-14 12:17:04.175956,-110.7758560180664,4.697911739349365,0.0015129089588299,34.832,-4.093,0.931,0.0,0,0,1,,0.868,2026-03-14T12:17:04.175956,neutral,0.443,2026-03-14T12:17:03.228791,0.1840386226332389,2026-03-14T12:17:04.066000,69,,,
participant_10,2,day,Town10HD_Opt,2026-03-14 12:17:05.119019,-109.78285217285156,11.592717170715332,0.0018352889455854,43.157,-10.413,0.376,0.0,0,0,1,,0.827,2026-03-14T12:17:05.119019,neutral,0.443,2026-03-14T12:17:03.228791,0.2185041126507014,2026-03-14T12:17:05.012000,69,,,
participant_10,2,day,Town10HD_Opt,2026-03-14 12:17:06.056193,-106.60021209716795,18.12408828735352,0.0021858976688236,39.557,-10.742,0.273,0.0,0,0,1,,1.0,2026-03-14T12:17:06.056193,happy,0.642,2026-03-14T12:17:06.056193,0.1870934431270985,2026-03-14T12:17:06.001000,66,,,
participant_10,2,day,Town10HD_Opt,2026-03-14 12:17:07.061153,-101.81681060791016,22.59566307067871,0.0021986770443618,35.311,-10.415,0.254,0.0,0,0,1,,1.0,2026-03-14T12:17:07.061153,happy,0.642,2026-03-14T12:17:06.056193,0.2182356445014507,2026-03-14T12:17:06.992000,65,,,
participant_10,2,day,Town10HD_Opt,2026-03-14 12:17:08.034925,-96.19890594482422,25.25442314147949,0.0017620086437091,40.439,-5.957,1.0,0.0,0,0,1,,1.0,2026-03-14T12:17:08.034925,happy,0.642,2026-03-14T12:17:06.056193,0.2284888701312606,2026-03-14T12:17:07.981000,66,,,
participant_10,2,day,Town10HD_Opt,2026-03-14 12:17:09.016695,-88.47151947021484,27.224733352661133,0.0020133589860051,46.199,-4.681,0.0,0.0,0,0,1,,0.842,2026-03-14T12:17:09.016695,neutral,0.492,2026-03-14T12:17:09.016695,0.2483000902725612,2026-03-14T12:17:09.016000,70,,,
participant_10,2,day,Town10HD_Opt,2026-03-14 12:17:10.000735,-80.56722259521484,27.87969207763672,0.0017579650739207,50.002,-2.21,1.0,0.0,0,0,1,,0.925,2026-03-14T12:17:10.000735,neutral,0.492,2026-03-14T12:17:09.016695,0.2297723701409699,2026-03-14T12:17:10.051000,68,,,
participant_10,2,day,Town10HD_Opt,2026-03-14 12:17:10.991607,-71.7540512084961,27.776302337646484,0.0021915435791015,48.412,-0.707,1.0,0.0,0,0,1,,0.928,2026-03-14T12:17:10.991607,neutral,0.492,2026-03-14T12:17:09.016695,0.1741472406735074,2026-03-14T12:17:10.997000,68,,,
participant_10,2,day,Town10HD_Opt,2026-03-14 12:17:12.013345,-62.9700813293457,27.437612533569336,0.0021835325751453,48.913,0.689,1.0,0.0,0,0,1,,1.0,2026-03-14T12:17:12.013345,neutral,0.536,2026-03-14T12:17:12.013345,0.1428595505903914,2026-03-14T12:17:11.987000,67,,,
participant_10,2,day,Town10HD_Opt,2026-03-14 12:17:13.223857,-51.26692581176758,27.246564865112305,0.001975402701646,51.0,0.583,0.0,0.0,0,0,1,,0.955,2026-03-14T12:17:13.223857,neutral,0.536,2026-03-14T12:17:12.013345,0.2422840903721158,2026-03-14T12:17:13.022000,67,,,
participant_10,2,day,Town10HD_Opt,2026-03-14 12:17:14.169137,-42.58665084838867,27.34799766540528,0.0020761108025908,48.719,-0.327,0.457,0.0,0,0,1,,0.841,2026-03-14T12:17:14.169137,neutral,0.627,2026-03-14T12:17:14.169137,0.1372050403680881,2026-03-14T12:17:14.012000,69,,,
participant_10,2,day,Town10HD_Opt,2026-03-14 12:17:15.133643,-34.13396072387695,27.453582763671875,0.002105216961354,47.252,0.839,0.384,0.0,0,0,1,,0.88,2026-03-14T12:17:15.133643,neutral,0.627,2026-03-14T12:17:14.169137,0.2280115221740201,2026-03-14T12:17:15.048000,69,,,
participant_10,2,day,Town10HD_Opt,2026-03-14 12:17:16.097252,-26.063610076904297,27.616872787475582,0.002120513934642,44.792,-0.566,0.279,0.0,0,0,1,,0.849,2026-03-14T12:17:16.097252,neutral,0.627,2026-03-14T12:17:14.169137,0.1835797769128312,2026-03-14T12:17:16.037000,71,,,
participant_10,2,day,Town10HD_Opt,2026-03-14 12:17:17.048672,-18.79457092285156,27.666202545166016,0.0023403167724609,36.452,-0.183,0.0,0.0,0,0,1,,1.0,2026-03-14T12:17:17.048672,neutral,0.671,2026-03-14T12:17:17.048672,0.2199430051048406,2026-03-14T12:17:16.982000,72,,,
participant_10,2,day,Town10HD_Opt,2026-03-14 12:17:18.072744,-13.085142135620115,27.66760635375977,0.0021779632661491,28.665,0.19,0.238,0.0,0,0,1,,1.0,2026-03-14T12:17:18.072744,neutral,0.671,2026-03-14T12:17:17.048672,0.2148152505583476,2026-03-14T12:17:18.016000,70,,,
participant_10,2,day,Town10HD_Opt,2026-03-14 12:17:19.259716,-6.478969573974609,27.680395126342773,0.0019178390502929,30.505,0.042,0.588,0.0,0,0,1,,1.0,2026-03-14T12:17:19.259716,neutral,0.508,2026-03-14T12:17:19.259716,0.2329797995217832,2026-03-14T12:17:19.006000,71,,,
participant_10,2,day,Town10HD_Opt,2026-03-14 12:17:20.138401,-0.7782049179077148,27.70365333557129,0.0019062041537836,34.878,0.012,0.555,0.0,0,0,1,,1.0,2026-03-14T12:17:20.138401,neutral,0.508,2026-03-14T12:17:19.259716,0.2210104229225561,2026-03-14T12:17:19.997000,75,,,
participant_10,2,day,Town10HD_Opt,2026-03-14 12:17:21.098756,5.59698486328125,27.73415946960449,0.0019371032249182,38.191,0.181,0.543,0.0,0,0,1,,0.821,2026-03-14T12:17:21.098756,neutral,0.508,2026-03-14T12:17:19.259716,0.2277864921559069,2026-03-14T12:17:20.987000,74,,,
participant_10,2,day,Town10HD_Opt,2026-03-14 12:17:22.027102,12.498046875,27.793371200561523,0.0019552230369299,40.893,0.101,0.538,0.0,0,0,1,,1.0,2026-03-14T12:17:22.027102,neutral,0.651,2026-03-14T12:17:22.027102,0.1889229121668827,2026-03-14T12:17:22.022000,74,,,
participant_10,2,day,Town10HD_Opt,2026-03-14 12:17:23.276956,21.8773136138916,27.969804763793945,0.0021916578989475,37.574,2.466,0.201,0.0,0,0,1,,1.0,2026-03-14T12:17:23.276956,neutral,0.651,2026-03-14T12:17:22.027102,0.20329568956932,2026-03-14T12:17:23.012000,73,,,
participant_10,2,day,Town10HD_Opt,2026-03-14 12:17:24.218888,27.9384708404541,28.57779693603516,0.0022632980253547,31.185,4.634,0.0,0.0,0,0,1,,1.0,2026-03-14T12:17:24.218888,neutral,0.466,2026-03-14T12:17:24.218888,0.1209177538489836,2026-03-14T12:17:24.001000,72,,,
participant_10,2,day,Town10HD_Opt,2026-03-14 12:17:25.126669,32.63433837890625,29.73265647888184,0.0022943876683712,24.051,13.01,0.0,0.0,0,0,1,,1.0,2026-03-14T12:17:25.126669,neutral,0.466,2026-03-14T12:17:24.218888,0.0794112348519682,2026-03-14T12:17:24.994000,71,,,
participant_10,2,day,Town10HD_Opt,2026-03-14 12:17:26.015492,35.771690368652344,31.60273551940918,0.0021781157702207,19.393,18.415,0.532,0.0,0,0,1,,1.0,2026-03-14T12:17:26.015492,neutral,0.466,2026-03-14T12:17:24.218888,0.115210529450184,2026-03-14T12:17:25.982000,69,,,
participant_10,2,day,Town10HD_Opt,2026-03-14 12:17:27.151744,38.81652069091797,35.60360336303711,0.0019213104387745,24.939,15.788,0.543,0.0,0,0,1,,1.0,2026-03-14T12:17:27.151744,neutral,0.589,2026-03-14T12:17:27.151744,0.0829650734324027,2026-03-14T12:17:27.062000,70,,,
participant_10,2,day,Town10HD_Opt,2026-03-14 12:17:28.011733,40.12249755859375,40.01750564575195,0.0020498274825513,26.659,13.594,0.0,0.0,0,0,1,,1.0,2026-03-14T12:17:28.011733,neutral,0.589,2026-03-14T12:17:27.151744,0.0836349377636752,2026-03-14T12:17:28.006000,72,,,
participant_10,2,day,Town10HD_Opt,2026-03-14 12:17:29.167906,40.253562927246094,45.3426513671875,0.0022449875250458,18.397,-0.964,0.0,0.293,0,0,1,,0.858,2026-03-14T12:17:29.167906,neutral,0.632,2026-03-14T12:17:29.167906,0.0482595328965985,2026-03-14T12:17:28.997000,67,,,
participant_10,2,day,Town10HD_Opt,2026-03-14 12:17:30.032150,40.26865005493164,48.070892333984375,0.0020922468975186,12.502,0.162,0.0,0.229,0,0,1,,0.892,2026-03-14T12:17:30.032150,neutral,0.632,2026-03-14T12:17:29.167906,0.0708246118821852,2026-03-14T12:17:29.987000,68,,,
participant_10,2,day,Town10HD_Opt,2026-03-14 12:17:31.123317,40.28854370117188,50.377723693847656,0.0020207976922392,7.47,-1.361,0.0,0.128,0,0,1,,0.852,2026-03-14T12:17:31.123317,neutral,0.632,2026-03-14T12:17:29.167906,0.0476090227236514,2026-03-14T12:17:31.066000,69,,,
participant_10,2,day,Town10HD_Opt,2026-03-14 12:17:32.192778,40.30631637573242,51.17390823364258,0.0020165252499282,0.083,-1.081,0.0,0.0,0,0,1,,0.878,2026-03-14T12:17:32.192778,neutral,0.615,2026-03-14T12:17:32.192778,0.02,2026-03-14T12:17:32.011000,68,,,
participant_10,2,day,Town10HD_Opt,2026-03-14 12:17:33.094367,40.30828094482422,51.25544738769531,0.001806907588616,2.359,-0.808,0.404,0.0,0,0,1,,0.862,2026-03-14T12:17:33.094367,neutral,0.615,2026-03-14T12:17:32.192778,0.02,2026-03-14T12:17:33.001000,67,,,
participant_10,2,day,Town10HD_Opt,2026-03-14 12:17:34.206817,40.33203887939453,52.21770858764648,0.0023102951236069,0.0,-0.754,0.0,0.132,0,0,1,,0.925,2026-03-14T12:17:34.206817,sad,0.483,2026-03-14T12:17:34.206817,0.0292625976125948,2026-03-14T12:17:33.992000,69,,,
participant_10,2,day,Town10HD_Opt,2026-03-14 12:17:35.080436,40.33207702636719,52.21883010864258,0.0019310760544613,0.182,-0.754,0.129,0.0,0,0,1,,0.939,2026-03-14T12:17:35.080436,sad,0.483,2026-03-14T12:17:34.206817,0.02,2026-03-14T12:17:34.981000,70,,,
participant_10,2,day,Town10HD_Opt,2026-03-14 12:17:36.016054,40.343780517578125,52.6557846069336,0.0015169143443927,8.357,-0.322,0.946,0.0,0,0,1,,0.863,2026-03-14T12:17:36.016054,sad,0.483,2026-03-14T12:17:34.206817,0.02,2026-03-14T12:17:36.016000,69,,,
participant_10,2,day,Town10HD_Opt,2026-03-14 12:17:37.160339,40.470157623291016,56.69929885864258,0.0017662810860201,24.275,-3.12,0.627,0.0,0,0,1,,1.0,2026-03-14T12:17:37.160339,neutral,0.835,2026-03-14T12:17:37.160339,0.0530039566271508,2026-03-14T12:17:37.007000,66,,,
participant_10,2,day,Town10HD_Opt,2026-03-14 12:17:38.083251,41.228607177734375,61.35874557495117,0.0018880843417719,29.802,-12.721,0.57,0.0,0,0,1,,0.897,2026-03-14T12:17:38.083251,neutral,0.835,2026-03-14T12:17:37.160339,0.0271092897175601,2026-03-14T12:17:37.997000,67,,,
participant_10,2,day,Town10HD_Opt,2026-03-14 12:17:39.213083,45.08941650390625,67.68476104736328,0.0020148085895925,33.671,-18.071,0.278,0.0,0,0,1,,0.904,2026-03-14T12:17:39.213083,neutral,0.706,2026-03-14T12:17:39.213083,0.02,2026-03-14T12:17:38.988000,69,,,
participant_10,2,day,Town10HD_Opt,2026-03-14 12:17:40.110153,49.9893684387207,70.3018569946289,0.0022040174808353,30.342,-17.876,0.243,0.0,0,0,1,,0.853,2026-03-14T12:17:40.110153,neutral,0.706,2026-03-14T12:17:39.213083,0.0307759905497003,2026-03-14T12:17:40.023000,68,,,
participant_10,2,day,Town10HD_Opt,2026-03-14 12:17:41.255154,56.50627899169922,70.55433654785156,0.0022069548722356,24.905,-4.214,0.0,0.0,0,0,1,,0.806,2026-03-14T12:17:41.255154,neutral,0.381,2026-03-14T12:17:41.255154,0.025859863437111,2026-03-14T12:17:41.011000,70,,,
participant_10,2,day,Town10HD_Opt,2026-03-14 12:17:42.153250,60.39643478393555,70.1548843383789,0.0021558380685746,20.443,1.074,0.337,0.0,0,0,1,,1.0,2026-03-14T12:17:42.153250,neutral,0.381,2026-03-14T12:17:41.255154,0.02,2026-03-14T12:17:42.002000,69,,,
participant_10,2,day,Town10HD_Opt,2026-03-14 12:17:43.064914,64.00030517578125,69.84326171875,0.0020000839140266,21.427,1.248,0.439,0.0,0,0,1,,1.0,2026-03-14T12:17:43.064914,neutral,0.381,2026-03-14T12:17:41.255154,0.02,2026-03-14T12:17:42.993000,70,,,
participant_10,2,day,Town10HD_Opt,2026-03-14 12:17:44.204610,70.30221557617188,69.50537872314453,0.001580161973834,36.55,1.542,0.885,0.0,0,0,1,,1.0,2026-03-14T12:17:44.204610,sad,0.509,2026-03-14T12:17:44.204610,0.02,2026-03-14T12:17:43.982000,70,,,
participant_10,2,day,Town10HD_Opt,2026-03-14 12:17:45.115063,77.6053237915039,69.45108032226562,0.0017130660125985,46.95,0.818,0.436,0.0,0,0,1,,1.0,2026-03-14T12:17:45.115063,sad,0.509,2026-03-14T12:17:44.204610,0.02,2026-03-14T12:17:45.018000,69,,,
participant_10,2,day,Town10HD_Opt,2026-03-14 12:17:46.043300,85.35804748535156,69.67096710205078,0.002335853409022,39.106,2.092,0.0,0.0,0,0,1,,0.916,2026-03-14T12:17:46.043300,sad,0.509,2026-03-14T12:17:44.204610,0.02,2026-03-14T12:17:46.007000,67,,,
participant_10,2,day,Town10HD_Opt,2026-03-14 12:17:47.164981,92.80626678466795,71.42674255371094,0.0022969054989516,28.313,21.202,0.519,0.0,0,0,1,,1.0,2026-03-14T12:17:47.164981,neutral,0.434,2026-03-14T12:17:47.164981,0.0573767863903232,2026-03-14T12:17:46.997000,68,,,
participant_10,2,day,Town10HD_Opt,2026-03-14 12:17:48.071967,96.57733154296876,75.35902404785156,0.0017429351573809,37.898,16.243,0.872,0.0,0,0,1,,1.0,2026-03-14T12:17:48.071967,neutral,0.434,2026-03-14T12:17:47.164981,0.02,2026-03-14T12:17:47.987000,66,,,
participant_10,2,day,Town10HD_Opt,2026-03-14 12:17:48.995433,98.75350189208984,82.27082824707031,0.0017476272769272,47.13,11.677,0.814,0.0,0,0,1,,0.826,2026-03-14T12:17:48.995433,neutral,0.434,2026-03-14T12:17:47.164981,0.02,2026-03-14T12:17:49.022000,70,,,errors=Solid line crossing
participant_10,2,day,Town10HD_Opt,2026-03-14 12:17:50.189516,98.01968383789062,93.68109893798828,0.0023050690069794,44.36,-2.05,0.0,0.0,0,0,1,,0.958,2026-03-14T12:17:50.189516,neutral,0.365,2026-03-14T12:17:50.189516,0.02,2026-03-14T12:17:50.102000,71,,,
participant_10,2,day,Town10HD_Opt,2026-03-14 12:17:51.098062,97.5302505493164,100.59431457519533,0.0023567199241369,34.304,5.021,0.0,0.0,0,0,1,,1.0,2026-03-14T12:17:51.098062,neutral,0.365,2026-03-14T12:17:50.189516,0.02,2026-03-14T12:17:51,69,,,
participant_10,2,day,Town10HD_Opt,2026-03-14 12:17:52.280493,95.8901138305664,107.53775024414062,0.0020384597592055,30.27,5.571,0.808,0.0,0,0,1,,1.0,2026-03-14T12:17:52.280493,sad,0.46,2026-03-14T12:17:52.280493,0.0703689566732281,2026-03-14T12:17:51.992000,68,,,
participant_10,2,day,Town10HD_Opt,2026-03-14 12:17:53.129305,93.36761474609376,112.95417785644533,0.0017789459088817,38.813,5.543,0.714,0.0,0,0,1,,1.0,2026-03-14T12:17:53.129305,sad,0.46,2026-03-14T12:17:52.280493,0.0973642540749739,2026-03-14T12:17:52.982000,70,,,
participant_10,2,day,Town10HD_Opt,2026-03-14 12:17:54.040788,89.24372100830078,118.9628677368164,0.0018899536225944,44.086,4.277,0.301,0.0,0,0,1,,1.0,2026-03-14T12:17:54.040788,sad,0.46,2026-03-14T12:17:52.280493,0.0509731529627759,2026-03-14T12:17:54.017000,70,,,
participant_10,2,day,Town10HD_Opt,2026-03-14 12:17:55.202735,82.36845397949219,125.8509750366211,0.0021952055394649,38.532,5.297,0.248,0.0,0,0,1,,1.0,2026-03-14T12:17:55.202735,sad,0.344,2026-03-14T12:17:55.202735,0.02,2026-03-14T12:17:55.007000,69,,,
participant_10,2,day,Town10HD_Opt,2026-03-14 12:17:56.151218,77.02304077148438,129.38145446777344,0.0021519470028579,35.028,6.099,0.465,0.0,0,0,1,,1.0,2026-03-14T12:17:56.151218,sad,0.344,2026-03-14T12:17:55.202735,0.0331504117614422,2026-03-14T12:17:55.997000,68,,,
participant_10,2,day,Town10HD_Opt,2026-03-14 12:17:57.065163,71.17133331298828,131.79318237304688,0.0018902205629274,39.32,6.706,0.728,0.0,0,0,1,,1.0,2026-03-14T12:17:57.065163,sad,0.344,2026-03-14T12:17:55.202735,0.02,2026-03-14T12:17:56.987000,67,,,
participant_10,2,day,Town10HD_Opt,2026-03-14 12:17:58.259862,60.95645904541016,133.37664794921875,0.0016485976520925,52.409,2.951,0.0,0.188,0,0,1,,1.0,2026-03-14T12:17:58.259862,sad,0.389,2026-03-14T12:17:58.259862,0.0348351541117998,2026-03-14T12:17:58.022000,66,,,
participant_10,2,day,Town10HD_Opt,2026-03-14 12:17:59.189447,52.1287727355957,133.5019073486328,0.0020008469000458,50.802,1.909,0.917,0.0,0,0,1,,1.0,2026-03-14T12:17:59.189447,sad,0.389,2026-03-14T12:17:58.259862,0.067138665217568,2026-03-14T12:17:59.012000,67,,,
participant_10,2,day,Town10HD_Opt,2026-03-14 12:18:00.090998,43.42677307128906,133.2958984375,0.0021096419077366,48.792,-1.706,0.905,0.0,0,0,1,,0.881,2026-03-14T12:18:00.090998,sad,0.389,2026-03-14T12:17:58.259862,0.02,2026-03-14T12:18:00.002000,68,,,
participant_10,2,day,Town10HD_Opt,2026-03-14 12:18:01.041868,34.64315414428711,133.3840789794922,0.0021965026389807,48.522,-0.096,0.895,0.0,0,0,1,,0.913,2026-03-14T12:18:01.041868,sad,0.29,2026-03-14T12:18:01.041868,0.1130314046850999,2026-03-14T12:18:00.992000,68,,,
participant_10,2,day,Town10HD_Opt,2026-03-14 12:18:02.207919,23.014938354492188,133.74925231933594,0.0020614622626453,49.673,0.945,0.749,0.0,0,0,1,,0.821,2026-03-14T12:18:02.207919,sad,0.29,2026-03-14T12:18:01.041868,0.1174960153603106,2026-03-14T12:18:02.028000,65,,,
participant_10,2,day,Town10HD_Opt,2026-03-14 12:18:03.111406,14.425817489624023,133.62059020996094,0.0022717283573001,45.193,1.622,0.0,0.0,0,0,1,,1.0,2026-03-14T12:18:03.111406,neutral,0.569,2026-03-14T12:18:03.111406,0.088543005499271,2026-03-14T12:18:03.017000,66,,,
participant_10,2,day,Town10HD_Opt,2026-03-14 12:18:03.998287,7.372734069824219,133.11373901367188,0.0023623274173587,34.998,1.255,0.05,0.0,0,0,1,,0.818,2026-03-14T12:18:03.998287,neutral,0.569,2026-03-14T12:18:03.111406,0.0566570608198185,2026-03-14T12:18:04.006000,67,,,
participant_10,2,day,Town10HD_Opt,2026-03-14 12:18:05.159393,-0.2810670137405395,132.20956420898438,0.0017702102195471,37.192,-1.737,0.997,0.0,0,0,1,,0.93,2026-03-14T12:18:05.159393,neutral,0.744,2026-03-14T12:18:05.159393,0.162638320173484,2026-03-14T12:18:05.042000,64,,,
participant_10,2,day,Town10HD_Opt,2026-03-14 12:18:06.105885,-7.913974285125732,131.5203857421875,0.0015634155133739,51.775,-0.092,0.0,0.101,0,0,1,,0.872,2026-03-14T12:18:06.105885,neutral,0.744,2026-03-14T12:18:05.159393,0.2004922695757625,2026-03-14T12:18:06.032000,66,,,
participant_10,2,day,Town10HD_Opt,2026-03-14 12:18:06.992837,-16.708059310913086,130.8541259765625,0.0020970152691006,49.437,0.27,0.885,0.0,0,0,1,,0.811,2026-03-14T12:18:06.992837,neutral,0.744,2026-03-14T12:18:05.159393,0.1702202882780719,2026-03-14T12:18:07.022000,67,,,
participant_10,2,day,Town10HD_Opt,2026-03-14 12:18:08.165199,-27.641714096069336,129.85025024414062,0.0023787308018654,40.101,2.362,0.0,0.0,0,0,1,,1.0,2026-03-14T12:18:08.165199,sad,0.385,2026-03-14T12:18:08.165199,0.1814484278581126,2026-03-14T12:18:08.012000,65,,,
participant_10,2,day,Town10HD_Opt,2026-03-14 12:18:09.055310,-33.72298812866211,128.53741455078125,0.0023584747686982,30.645,13.234,0.113,0.0,0,0,1,,1.0,2026-03-14T12:18:09.055310,sad,0.385,2026-03-14T12:18:08.165199,0.2168720800123244,2026-03-14T12:18:09.047000,65,,,
participant_10,2,day,Town10HD_Opt,2026-03-14 12:18:10.209672,-39.28756713867188,124.43160247802734,0.0019980238284915,31.923,18.558,0.525,0.0,0,0,1,,1.0,2026-03-14T12:18:10.209672,neutral,0.755,2026-03-14T12:18:10.209672,0.1689268429301348,2026-03-14T12:18:09.992000,66,,,
participant_10,2,day,Town10HD_Opt,2026-03-14 12:18:11.148341,-41.561336517333984,119.169677734375,0.0032515716738998,35.076,12.079,0.604,0.0,0,0,1,,1.0,2026-03-14T12:18:11.148341,neutral,0.755,2026-03-14T12:18:10.209672,0.2218749328639344,2026-03-14T12:18:11.027000,62,,,
participant_10,2,day,Town10HD_Opt,2026-03-14 12:18:12.076641,-42.011512756347656,112.7171859741211,0.0019086836837232,39.197,1.415,0.56,0.0,0,0,1,,1.0,2026-03-14T12:18:12.076641,neutral,0.755,2026-03-14T12:18:10.209672,0.1833851398200025,2026-03-14T12:18:12.017000,64,,,
participant_10,2,day,Town10HD_Opt,2026-03-14 12:18:13.003595,-41.99935531616211,105.84207153320312,0.0021043396554887,38.19,0.808,0.315,0.0,0,0,1,,1.0,2026-03-14T12:18:13.003595,sad,0.524,2026-03-14T12:18:13.003595,0.20352947526547,2026-03-14T12:18:13.007000,60,,,
participant_10,2,day,Town10HD_Opt,2026-03-14 12:18:14.226676,-41.8101692199707,97.301513671875,0.0021207809913903,34.869,-1.744,0.314,0.0,0,0,1,,1.0,2026-03-14T12:18:14.226676,sad,0.524,2026-03-14T12:18:13.003595,0.2079054721501136,2026-03-14T12:18:14.044000,60,,,
participant_10,2,day,Town10HD_Opt,2026-03-14 12:18:15.171190,-41.84158706665039,91.3658218383789,0.0021089552901685,32.813,-0.411,0.323,0.0,0,0,1,,0.852,2026-03-14T12:18:15.171190,sad,0.524,2026-03-14T12:18:15.171190,0.2569074439863693,2026-03-14T12:18:15.032000,60,,,
participant_10,2,day,Town10HD_Opt,2026-03-14 12:18:16.102501,-41.89215850830078,85.69730377197266,0.0020550154149532,32.219,1.429,0.418,0.0,0,0,1,,1.0,2026-03-14T12:18:16.102501,sad,0.524,2026-03-14T12:18:15.171190,0.2054077066528043,2026-03-14T12:18:16.022000,61,,,
participant_10,2,day,Town10HD_Opt,2026-03-14 12:18:17.065369,-41.61028671264648,80.0390396118164,0.002037925645709,32.521,7.648,0.415,0.0,0,0,1,,1.0,2026-03-14T12:18:17.065369,sad,0.524,2026-03-14T12:18:15.171190,0.1581615543028997,2026-03-14T12:18:17.059000,61,,,
participant_10,2,day,Town10HD_Opt,2026-03-14 12:18:17.989356,-39.89143753051758,74.72107696533203,0.0021266937255859,31.712,25.615,0.408,0.0,0,0,1,,1.0,2026-03-14T12:18:17.989356,neutral,0.389,2026-03-14T12:18:17.989356,0.1731685402260569,2026-03-14T12:18:18.002000,64,,,
participant_10,2,day,Town10HD_Opt,2026-03-14 12:18:19.218530,-33.97588348388672,70.9715576171875,0.0022365187760442,28.859,16.888,0.0,0.0,0,0,1,,1.0,2026-03-14T12:18:19.218530,neutral,0.389,2026-03-14T12:18:17.989356,0.1730496032249154,2026-03-14T12:18:18.993000,67,,,
participant_10,2,day,Town10HD_Opt,2026-03-14 12:18:20.115461,-29.552928924560547,70.34397888183594,0.0022299194242805,22.548,0.799,0.497,0.0,0,0,1,,1.0,2026-03-14T12:18:20.115461,sad,0.479,2026-03-14T12:18:20.115461,0.2151156225422713,2026-03-14T12:18:20.027000,62,,,
participant_10,2,day,Town10HD_Opt,2026-03-14 12:18:21.173582,-25.140958786010746,69.96902465820312,0.0017428207211196,30.462,4.409,0.662,0.0,0,0,1,,1.0,2026-03-14T12:18:21.173582,sad,0.479,2026-03-14T12:18:20.115461,0.1920829411549498,2026-03-14T12:18:21.017000,65,,,
participant_10,2,day,Town10HD_Opt,2026-03-14 12:18:22.083641,-19.422748565673828,69.87803649902344,0.0019382095197215,34.458,-0.399,0.498,0.0,0,0,1,,1.0,2026-03-14T12:18:22.083641,sad,0.479,2026-03-14T12:18:20.115461,0.19406172115737,2026-03-14T12:18:22.007000,65,Solid line crossing,Solid line crossing,
participant_10,2,day,Town10HD_Opt,2026-03-14 12:18:23.022497,-13.240815162658691,69.81607055664062,0.0019743728917092,36.446,1.241,0.498,0.0,0,0,1,,1.0,2026-03-14T12:18:23.022497,sad,0.527,2026-03-14T12:18:23.022497,0.2419853700026318,2026-03-14T12:18:22.998000,66,,,
participant_10,2,day,Town10HD_Opt,2026-03-14 12:18:24.235613,-4.695724964141846,69.94511413574219,0.0021991347894072,34.345,-0.04,0.0,0.0,0,0,1,,0.829,2026-03-14T12:18:24.235613,sad,0.527,2026-03-14T12:18:23.022497,0.2295645450924513,2026-03-14T12:18:23.987000,66,,,
participant_10,2,day,Town10HD_Opt,2026-03-14 12:18:25.133356,0.6106892228126526,70.01608276367188,0.0022885513026267,26.126,-0.667,0.0,0.0,0,0,1,,1.0,2026-03-14T12:18:25.133356,sad,0.448,2026-03-14T12:18:25.133356,0.182965755260114,2026-03-14T12:18:25.022000,66,,,
participant_10,2,day,Town10HD_Opt,2026-03-14 12:18:26.080573,4.714016437530518,70.02236938476562,0.0022039795294404,20.741,0.148,0.127,0.0,0,0,1,,1.0,2026-03-14T12:18:26.080573,sad,0.448,2026-03-14T12:18:25.133356,0.2633582340979773,2026-03-14T12:18:26.013000,66,,,
participant_10,2,day,Town10HD_Opt,2026-03-14 12:18:27.029804,8.062074661254883,70.0318374633789,0.001939506502822,17.877,-0.334,0.16,0.0,0,0,1,,0.802,2026-03-14T12:18:27.029804,sad,0.448,2026-03-14T12:18:25.133356,0.2846774829123811,2026-03-14T12:18:27.003000,65,,,
participant_10,2,day,Town10HD_Opt,2026-03-14 12:18:28.214697,12.145256042480469,70.03662872314453,0.0019214248750358,17.373,0.301,0.234,0.0,0,0,1,,1.0,2026-03-14T12:18:28.214697,neutral,0.559,2026-03-14T12:18:28.214697,0.1606732637275298,2026-03-14T12:18:27.992000,70,,,
participant_10,2,day,Town10HD_Opt,2026-03-14 12:18:29.101068,15.154606819152832,70.05294036865234,0.0019425201462581,16.786,-0.174,0.163,0.0,0,0,1,,1.0,2026-03-14T12:18:29.101068,neutral,0.559,2026-03-14T12:18:28.214697,0.2371239233081509,2026-03-14T12:18:29.027000,69,,,
participant_10,2,day,Town10HD_Opt,2026-03-14 12:18:30.269205,18.76125144958496,70.05748748779297,0.0020095824729651,13.535,-0.11,0.052,0.0,0,0,1,,1.0,2026-03-14T12:18:30.269205,sad,0.368,2026-03-14T12:18:30.269205,0.2841896786573367,2026-03-14T12:18:30.017000,71,,,
participant_10,2,day,Town10HD_Opt,2026-03-14 12:18:31.140696,20.90968894958496,70.05767059326172,0.0020149231422692,10.676,-0.009,0.0,0.0,0,0,1,,1.0,2026-03-14T12:18:31.140696,sad,0.368,2026-03-14T12:18:30.269205,0.4578022371673665,2026-03-14T12:18:31.008000,69,,,
participant_10,2,day,Town10HD_Opt,2026-03-14 12:18:32.001973,22.57287979125977,70.0577163696289,0.0019973753951489,8.198,-0.009,0.0,0.0,0,0,1,,1.0,2026-03-14T12:18:32.001973,sad,0.368,2026-03-14T12:18:30.269205,0.4452245948856731,2026-03-14T12:18:31.997000,74,,,
participant_10,2,day,Town10HD_Opt,2026-03-14 12:18:33.156392,24.20583152770996,70.0577392578125,0.0019742583390325,5.763,-0.009,0.0,0.0,0,0,1,,0.853,2026-03-14T12:18:33.156392,neutral,0.569,2026-03-14T12:18:33.156392,0.4624168071457399,2026-03-14T12:18:32.987000,70,,,
participant_10,2,day,Town10HD_Opt,2026-03-14 12:18:34.028097,25.10353279113769,70.05775451660156,0.0019614410120993,4.424,-0.009,0.0,0.0,0,0,1,,0.825,2026-03-14T12:18:34.028097,neutral,0.569,2026-03-14T12:18:33.156392,0.581211724374212,2026-03-14T12:18:34.022000,72,,,
participant_10,2,day,Town10HD_Opt,2026-03-14 12:18:35.212583,25.45843505859375,70.05780029296875,0.0019573592580854,0.003,-0.009,0.0,0.0,0,0,1,,1.0,2026-03-14T12:18:35.212583,neutral,0.553,2026-03-14T12:18:35.212583,0.5225334180063078,2026-03-14T12:18:35.013000,69,,,
participant_10,2,day,Town10HD_Opt,2026-03-14 12:18:36.080000,25.662994384765625,70.05769348144531,0.0017329406691715,4.098,-0.016,0.0,0.0,0,0,1,,1.0,2026-03-14T12:18:36.080000,neutral,0.553,2026-03-14T12:18:35.212583,0.4768866492560025,2026-03-14T12:18:36.002000,67,,,
participant_10,2,day,Town10HD_Opt,2026-03-14 12:18:37.214283,25.94186210632324,70.05756378173828,0.0019424057099968,0.008,-0.016,0.094,0.0,0,0,1,,1.0,2026-03-14T12:18:37.214283,sad,0.519,2026-03-14T12:18:37.214283,0.4931989074591678,2026-03-14T12:18:36.993000,69,,,
participant_10,2,day,Town10HD_Opt,2026-03-14 12:18:38.070675,26.212865829467773,70.05743408203125,0.001756896963343,4.049,-0.016,0.0,0.0,0,0,1,,1.0,2026-03-14T12:18:38.070675,sad,0.519,2026-03-14T12:18:37.214283,0.4266213394981999,2026-03-14T12:18:38.029000,69,,,
participant_10,2,day,Town10HD_Opt,2026-03-14 12:18:39.182138,26.919267654418945,70.0572280883789,0.0021322250831872,0.0,-0.016,0.0,0.095,0,0,1,,1.0,2026-03-14T12:18:39.182138,sad,0.519,2026-03-14T12:18:37.214283,0.4338433837334633,2026-03-14T12:18:39.108000,69,,,
participant_10,2,day,Town10HD_Opt,2026-03-14 12:18:40.029655,26.929168701171875,70.05723571777344,0.0019014739664271,0.774,-0.016,0.796,0.0,0,0,1,,1.0,2026-03-14T12:18:40.029655,sad,0.485,2026-03-14T12:18:40.029655,0.3836594068286504,2026-03-14T12:18:40.097000,68,,,
participant_10,2,day,Town10HD_Opt,2026-03-14 12:18:41.196922,29.07003593444824,70.02213287353516,0.001534919720143,17.928,-4.162,0.672,0.0,0,0,1,,1.0,2026-03-14T12:18:41.196922,sad,0.485,2026-03-14T12:18:40.029655,0.2664293005030778,2026-03-14T12:18:40.999000,70,,,
participant_10,2,day,Town10HD_Opt,2026-03-14 12:18:42.109567,32.500877380371094,69.6595230102539,0.0019192122854292,21.788,-10.091,0.432,0.0,0,0,1,,0.831,2026-03-14T12:18:42.109567,happy,0.695,2026-03-14T12:18:42.109567,0.2364268993479021,2026-03-14T12:18:41.988000,70,,,
participant_10,2,day,Town10HD_Opt,2026-03-14 12:18:43.017147,36.21753692626953,68.44911193847656,0.0020721436012536,22.185,-14.675,0.095,0.0,0,0,1,,0.854,2026-03-14T12:18:43.017147,happy,0.695,2026-03-14T12:18:42.109567,0.3035197264926096,2026-03-14T12:18:43.025000,66,,,
participant_10,2,day,Town10HD_Opt,2026-03-14 12:18:44.167555,39.95311737060547,65.73833465576172,0.0019067000830546,17.652,-13.455,0.091,0.0,0,0,1,,0.842,2026-03-14T12:18:44.167555,neutral,0.628,2026-03-14T12:18:44.167555,0.2732623347847269,2026-03-14T12:18:44.012000,65,,,
participant_10,2,day,Town10HD_Opt,2026-03-14 12:18:45.071064,41.74534225463867,63.464481353759766,0.0019486235687509,16.398,-13.377,0.463,0.0,0,0,1,,1.0,2026-03-14T12:18:45.071064,neutral,0.628,2026-03-14T12:18:44.167555,0.2745347418171705,2026-03-14T12:18:45.002000,63,,,
participant_10,2,day,Town10HD_Opt,2026-03-14 12:18:46.210630,43.54015350341797,59.55669403076172,0.0019548796117305,20.905,-13.38,0.495,0.0,0,0,1,,1.0,2026-03-14T12:18:46.210630,neutral,0.585,2026-03-14T12:18:46.210630,0.1926594826322125,2026-03-14T12:18:45.992000,67,,,
participant_10,2,day,Town10HD_Opt,2026-03-14 12:18:47.093661,44.21807098388672,55.875144958496094,0.0021087264176458,20.738,-9.275,0.134,0.0,0,0,1,,0.889,2026-03-14T12:18:47.093661,neutral,0.585,2026-03-14T12:18:46.210630,0.1778672594199746,2026-03-14T12:18:47.027000,67,,,
participant_10,2,day,Town10HD_Opt,2026-03-14 12:18:48.252564,44.368690490722656,51.61915588378906,0.0020118711981922,15.496,-2.941,0.0,0.0,0,0,1,,0.963,2026-03-14T12:18:48.252564,sad,0.367,2026-03-14T12:18:48.252564,0.2058255542383247,2026-03-14T12:18:48.019000,65,,,
participant_10,2,day,Town10HD_Opt,2026-03-14 12:18:49.217169,44.32411575317383,49.20689392089844,0.0020324706565588,11.907,-3.193,0.11,0.0,0,0,1,,0.913,2026-03-14T12:18:49.217169,sad,0.367,2026-03-14T12:18:48.252564,0.1489600799114812,2026-03-14T12:18:49.007000,66,,,
participant_10,2,day,Town10HD_Opt,2026-03-14 12:18:50.116245,44.19343185424805,46.79586410522461,0.0017659377772361,19.333,-1.965,0.887,0.0,0,0,1,,0.872,2026-03-14T12:18:50.116245,sad,0.367,2026-03-14T12:18:48.252564,0.1827954950588941,2026-03-14T12:18:49.997000,64,,,
participant_10,2,day,Town10HD_Opt,2026-03-14 12:18:51.001472,43.9335823059082,42.7370491027832,0.0017636489355936,27.877,3.325,0.549,0.0,0,0,1,,0.826,2026-03-14T12:18:51.001472,sad,0.667,2026-03-14T12:18:51.001472,0.1773421688471136,2026-03-14T12:18:50.987000,63,,,
participant_10,2,day,Town10HD_Opt,2026-03-14 12:18:52.136906,44.17945861816406,36.05927658081055,0.0020871353335678,28.097,9.452,0.216,0.0,0,0,1,,0.925,2026-03-14T12:18:52.136906,sad,0.667,2026-03-14T12:18:51.001472,0.221095824395049,2026-03-14T12:18:52.022000,66,,,
participant_10,2,day,Town10HD_Opt,2026-03-14 12:18:53.044487,45.75894546508789,31.85655975341797,0.0022522734943777,23.34,27.617,0.14,0.0,0,0,1,,1.0,2026-03-14T12:18:53.044487,sad,0.429,2026-03-14T12:18:53.044487,0.075899648504933,2026-03-14T12:18:53.012000,66,,,
participant_10,2,day,Town10HD_Opt,2026-03-14 12:18:54.254409,49.67214584350586,29.19550895690918,0.002205200260505,18.162,22.437,0.14,0.0,0,0,1,,1.0,2026-03-14T12:18:54.254409,sad,0.429,2026-03-14T12:18:53.044487,0.1665568586052137,2026-03-14T12:18:54.003000,72,,,
participant_10,2,day,Town10HD_Opt,2026-03-14 12:18:55.205171,52.70344543457031,28.574575424194336,0.0019713973160833,16.692,4.49,0.128,0.0,0,0,1,,0.845,2026-03-14T12:18:55.205171,sad,0.468,2026-03-14T12:18:55.205171,0.1002481452597467,2026-03-14T12:18:54.993000,73,,,
participant_10,2,day,Town10HD_Opt,2026-03-14 12:18:56.084315,55.58962631225586,28.05111694335937,0.0019651411566883,18.863,0.308,0.69,0.0,0,0,1,,1.0,2026-03-14T12:18:56.084315,sad,0.468,2026-03-14T12:18:55.205171,0.1761775942151708,2026-03-14T12:18:56.028000,72,,,
participant_10,2,day,Town10HD_Opt,2026-03-14 12:18:57.196862,60.3541374206543,27.15299415588379,0.0020414732862263,21.442,-0.414,0.23,0.0,0,0,1,,0.876,2026-03-14T12:18:57.196862,sad,0.468,2026-03-14T12:18:55.205171,0.1251696258320818,2026-03-14T12:18:57.017000,74,,,
participant_10,2,day,Town10HD_Opt,2026-03-14 12:18:58.034018,63.8436279296875,26.462764739990234,0.0021582792978733,18.375,0.39,0.0,0.153,0,0,1,,1.0,2026-03-14T12:18:58.034018,sad,0.343,2026-03-14T12:18:58.034018,0.1163819942080478,2026-03-14T12:18:58.007000,71,,,
participant_10,2,day,Town10HD_Opt,2026-03-14 12:18:59.159069,67.19440460205078,25.954002380371094,0.0021168135572224,10.125,5.297,0.0,0.385,0,0,1,,1.0,2026-03-14T12:18:59.159069,sad,0.343,2026-03-14T12:18:58.034018,0.1488128563766613,2026-03-14T12:18:58.997000,69,,,
participant_10,2,day,Town10HD_Opt,2026-03-14 12:18:59.994885,68.462158203125,25.856624603271484,0.0024148558732122,0.0,5.215,0.0,0.39,0,0,1,,0.861,2026-03-14T12:18:59.994885,sad,0.343,2026-03-14T12:18:58.034018,0.1497629119003842,2026-03-14T12:18:59.987000,72,,,
participant_10,2,day,Town10HD_Opt,2026-03-14 12:19:01.046060,68.46276092529297,25.856639862060547,0.0019284439040347,0.0,5.094,0.0,0.0,0,0,1,,1.0,2026-03-14T12:19:01.046060,neutral,0.656,2026-03-14T12:19:01.046060,0.0957517333837764,2026-03-14T12:19:01.022000,70,,,
participant_10,2,day,Town10HD_Opt,2026-03-14 12:19:02.128695,68.4627685546875,25.856639862060547,0.0019198989029973,0.0,2.68,0.0,0.0,0,0,1,,0.825,2026-03-14T12:19:02.128695,neutral,0.656,2026-03-14T12:19:01.046060,0.1147589226367884,2026-03-14T12:19:02.103000,73,,,
participant_10,2,day,Town10HD_Opt,2026-03-14 12:19:03.192721,68.4627685546875,25.856639862060547,0.0019198989029973,0.0,1.213,0.0,0.0,0,0,1,,1.0,2026-03-14T12:19:03.192721,neutral,0.427,2026-03-14T12:19:03.192721,0.0867707992536448,2026-03-14T12:19:03.002000,67,,,
participant_10,2,day,Town10HD_Opt,2026-03-14 12:19:04.010857,68.48656463623047,25.854433059692383,0.0018267058767378,2.196,0.9,1.0,0.0,0,0,1,,1.0,2026-03-14T12:19:04.010857,neutral,0.427,2026-03-14T12:19:03.192721,0.1166216533443395,2026-03-14T12:19:03.992000,67,,,
participant_10,2,day,Town10HD_Opt,2026-03-14 12:19:05.125371,71.25540161132812,25.62446975708008,0.0017169951461255,22.025,0.728,1.0,0.0,0,0,1,,1.0,2026-03-14T12:19:05.125371,neutral,0.427,2026-03-14T12:19:03.192721,0.1482284435613066,2026-03-14T12:19:05.072000,66,,,
participant_10,2,day,Town10HD_Opt,2026-03-14 12:19:06.009191,75.92566680908203,25.439743041992188,0.0020388411357998,26.752,8.649,0.0,0.0,0,0,1,,1.0,2026-03-14T12:19:06.009191,neutral,0.381,2026-03-14T12:19:06.009191,0.1724326466264142,2026-03-14T12:19:06.152000,68,,,
participant_10,2,day,Town10HD_Opt,2026-03-14 12:19:07.125897,81.22545623779297,26.25586700439453,0.0022366715129464,18.939,3.422,0.553,0.0,0,0,1,,1.0,2026-03-14T12:19:07.125897,neutral,0.381,2026-03-14T12:19:06.009191,0.037373096819346,2026-03-14T12:19:07.188000,67,,,
participant_10,2,day,Town10HD_Opt,2026-03-14 12:19:08.236673,86.60306549072266,27.228656768798828,0.0016340636648237,31.987,-5.668,0.763,0.0,0,0,1,,0.91,2026-03-14T12:19:08.236673,neutral,0.344,2026-03-14T12:19:08.236673,0.1565528648253127,2026-03-14T12:19:07.997000,68,,,
participant_10,2,day,Town10HD_Opt,2026-03-14 12:19:09.110804,92.61429595947266,27.405866622924805,0.002089500427246,33.657,-3.123,0.132,0.0,0,0,1,,0.92,2026-03-14T12:19:09.110804,neutral,0.344,2026-03-14T12:19:08.236673,0.1409588028121629,2026-03-14T12:19:08.987000,72,,,
participant_10,2,day,Town10HD_Opt,2026-03-14 12:19:10.213491,99.4493179321289,26.67584609985352,0.0022786711342632,24.408,-6.594,0.0,0.0,0,0,1,,1.0,2026-03-14T12:19:10.213491,neutral,0.344,2026-03-14T12:19:08.236673,0.0635927155487397,2026-03-14T12:19:10.022000,74,,,
participant_10,2,day,Town10HD_Opt,2026-03-14 12:19:11.063965,103.01441192626952,25.570043563842773,0.0022560881916433,18.096,-14.845,0.0,0.0,0,0,1,,1.0,2026-03-14T12:19:11.063965,sad,0.33,2026-03-14T12:19:11.063965,0.0471986771093588,2026-03-14T12:19:11.014000,71,,,
participant_10,2,day,Town10HD_Opt,2026-03-14 12:19:12.144556,105.96550750732422,23.339258193969727,0.0019327545305714,15.845,-22.349,0.621,0.0,0,0,1,,1.0,2026-03-14T12:19:12.144556,sad,0.33,2026-03-14T12:19:11.063965,0.1113216947616844,2026-03-14T12:19:12.003000,70,,,
participant_10,2,day,Town10HD_Opt,2026-03-14 12:19:12.988942,107.63717651367188,20.49755096435547,0.0018457793630659,23.711,-22.637,0.824,0.0,0,0,1,,1.0,2026-03-14T12:19:12.988942,sad,0.33,2026-03-14T12:19:11.063965,0.1075866697325495,2026-03-14T12:19:12.993000,70,,,
participant_10,2,day,Town10HD_Opt,2026-03-14 12:19:14.072001,107.73868560791016,13.562556266784668,0.0019422149052843,37.738,-19.852,0.919,0.0,0,0,1,,1.0,2026-03-14T12:19:14.072001,sad,0.367,2026-03-14T12:19:14.072001,0.1128502043783685,2026-03-14T12:19:14.028000,66,,,
participant_10,2,day,Town10HD_Opt,2026-03-14 12:19:15.234820,102.07599639892578,4.739788055419922,0.001989021198824,47.945,13.767,0.0,0.0,0,0,1,,1.0,2026-03-14T12:19:15.234820,sad,0.367,2026-03-14T12:19:14.072001,0.1718711816895097,2026-03-14T12:19:15.017000,66,,,
participant_10,2,day,Town10HD_Opt,2026-03-14 12:19:16.148702,99.5220184326172,-2.040350914001465,0.0024547576904296,34.908,19.583,0.0,0.0,0,0,1,,1.0,2026-03-14T12:19:16.148702,neutral,0.563,2026-03-14T12:19:16.148702,0.0501268261963232,2026-03-14T12:19:16.054000,64,,,
participant_10,2,day,Town10HD_Opt,2026-03-14 12:19:17.028382,100.8052978515625,-7.260851860046387,0.0023605346214026,27.136,12.762,0.0,0.0,0,0,1,,1.0,2026-03-14T12:19:17.028382,neutral,0.563,2026-03-14T12:19:16.148702,0.0658118794759381,2026-03-14T12:19:17.087000,64,,,
participant_10,2,day,Town10HD_Opt,2026-03-14 12:19:18.103745,103.5749282836914,-11.75306510925293,0.0022307585459202,18.567,-10.834,0.187,0.0,0,0,1,,1.0,2026-03-14T12:19:18.103745,neutral,0.563,2026-03-14T12:19:16.148702,0.0558276537552631,2026-03-14T12:19:17.988000,65,,,
participant_10,2,day,Town10HD_Opt,2026-03-14 12:19:19.174422,105.02171325683594,-15.815892219543455,0.0018791579641401,21.957,-14.729,0.903,0.0,0,0,1,,1.0,2026-03-14T12:19:19.174422,sad,0.326,2026-03-14T12:19:19.174422,0.1572192464114917,2026-03-14T12:19:19.026000,67,,,
participant_10,2,day,Town10HD_Opt,2026-03-14 12:19:19.994071,105.33824920654295,-20.810651779174805,0.0015466689364984,37.196,-7.767,0.98,0.0,0,0,1,,1.0,2026-03-14T12:19:19.994071,sad,0.326,2026-03-14T12:19:19.174422,0.1387073442694973,2026-03-14T12:19:20.013000,68,,,
participant_10,2,day,Town10HD_Opt,2026-03-14 12:19:21.070662,103.6051254272461,-31.32356834411621,0.0018009566701948,51.381,4.051,0.0,0.185,0,0,1,,0.905,2026-03-14T12:19:21.070662,sad,0.326,2026-03-14T12:19:19.174422,0.1169910555394048,2026-03-14T12:19:21.003000,66,,,
participant_10,2,day,Town10HD_Opt,2026-03-14 12:19:21.988316,102.3384246826172,-40.00203323364258,0.0018411636119708,52.177,5.522,0.0,0.247,0,0,1,,1.0,2026-03-14T12:19:21.988316,sad,0.309,2026-03-14T12:19:21.988316,0.0899931126437337,2026-03-14T12:19:22.037000,66,,,
participant_10,2,day,Town10HD_Opt,2026-03-14 12:19:23.058999,102.9278564453125,-51.68452453613281,0.0024755096528679,49.792,-9.909,0.619,0.0,0,0,1,,0.862,2026-03-14T12:19:23.058999,sad,0.309,2026-03-14T12:19:21.988316,0.1024104688495989,2026-03-14T12:19:23.073000,69,,,
participant_10,2,day,Town10HD_Opt,2026-03-14 12:19:24.070391,100.1360855102539,-61.9788818359375,0.1551388502120971,45.004,-19.895,0.527,0.0,0,0,1,,0.815,2026-03-14T12:19:24.070391,sad,0.481,2026-03-14T12:19:24.070391,0.0952521400771124,2026-03-14T12:19:24.018000,70,,,
participant_10,2,day,Town10HD_Opt,2026-03-14 12:19:25.229495,90.93535614013672,-65.62582397460938,0.1332878917455673,43.218,-19.702,0.525,0.0,0,0,1,,1.0,2026-03-14T12:19:25.229495,sad,0.481,2026-03-14T12:19:24.070391,0.1354954892363283,2026-03-14T12:19:25.009000,69,,,
participant_10,2,day,Town10HD_Opt,2026-03-14 12:19:26.132928,84.28487396240234,-62.80928039550781,0.0039986800402402,41.926,-15.452,0.503,0.0,0,0,1,,1.0,2026-03-14T12:19:26.132928,sad,0.395,2026-03-14T12:19:26.132928,0.1871967374729268,2026-03-14T12:19:25.998000,67,,,
participant_10,2,day,Town10HD_Opt,2026-03-14 12:19:27.095841,79.95726013183594,-57.25331878662109,0.0023323439527302,35.88,14.161,0.0,0.0,0,0,1,,1.0,2026-03-14T12:19:27.095841,sad,0.395,2026-03-14T12:19:26.132928,0.0666518280438775,2026-03-14T12:19:27.032000,69,,,
participant_10,2,day,Town10HD_Opt,2026-03-14 12:19:28.028190,75.6125259399414,-53.89255142211914,0.0023414611350744,27.144,14.494,0.0,0.0,0,0,1,,1.0,2026-03-14T12:19:28.028190,sad,0.395,2026-03-14T12:19:26.132928,0.0933695877545063,2026-03-14T12:19:28.292000,66,,,
participant_10,2,day,Town10HD_Opt,2026-03-14 12:19:29.176625,72.18331146240234,-52.98591995239258,0.0389435179531574,16.606,14.533,0.0,0.0,0,0,1,,1.0,2026-03-14T12:19:29.176625,angry,0.654,2026-03-14T12:19:29.176625,0.1013025017124285,2026-03-14T12:19:29.328000,67,,,
participant_10,2,day,Town10HD_Opt,2026-03-14 12:19:30.079377,71.25334930419922,-52.90847396850586,0.0348919667303562,0.538,20.989,0.0,0.0,0,0,1,,1.0,2026-03-14T12:19:30.079377,angry,0.654,2026-03-14T12:19:29.176625,0.02,2026-03-14T12:19:30.093000,67,,,
participant_10,2,day,Town10HD_Opt,2026-03-14 12:19:31.230049,71.31157684326172,-52.9088134765625,0.0388643257319927,0.073,18.664,0.0,0.0,0,0,1,,1.0,2026-03-14T12:19:31.230049,neutral,0.828,2026-03-14T12:19:31.230049,0.1455693023460448,2026-03-14T12:19:31.218000,70,,,
participant_10,2,day,Town10HD_Opt,2026-03-14 12:19:32.147391,71.31285858154297,-52.90882110595703,0.0388948060572147,0.0,2.527,0.0,0.0,0,0,1,,1.0,2026-03-14T12:19:32.147391,neutral,0.828,2026-03-14T12:19:31.230049,0.1137181041625274,2026-03-14T12:19:32.073000,69,,,
participant_10,2,day,Town10HD_Opt,2026-03-14 12:19:33.255360,0.0,0.0,0.0,0.0,0.0,0.0,0.0,1,1,97846,,1.0,2026-03-14T12:19:33.255360,angry,0.641,2026-03-14T12:19:33.255360,0.1262893061537183,2026-03-14T12:19:33.018000,69,,,
participant_10,2,day,Town10HD_Opt,2026-03-14 12:19:34.133006,-41.66907501220703,89.74517059326172,-0.010053252801299,0.246,1.389,0.0,0.0,0,0,0,,0.893,2026-03-14T12:19:34.133006,angry,0.641,2026-03-14T12:19:33.255360,0.0868762417929811,2026-03-14T12:19:34.008000,70,,,
participant_10,2,day,Town10HD_Opt,2026-03-14 12:19:35.256839,-41.66903305053711,89.73564147949219,0.001807746826671,5.973,1.276,0.883,0.0,0,0,1,,1.0,2026-03-14T12:19:35.256839,neutral,0.802,2026-03-14T12:19:35.256839,0.1263874914856356,2026-03-14T12:19:34.998000,71,,,
participant_10,2,day,Town10HD_Opt,2026-03-14 12:19:36.259026,-41.638465881347656,87.49292755126953,0.001715698163025,19.626,1.302,0.714,0.0,0,0,1,,0.864,2026-03-14T12:19:36.259026,neutral,0.802,2026-03-14T12:19:35.256839,0.1047570219609272,2026-03-14T12:19:36.033000,71,,,
participant_10,2,day,Town10HD_Opt,2026-03-14 12:19:37.192830,-41.58913803100586,83.8420181274414,0.0020704651251435,20.296,-2.358,0.101,0.0,0,0,1,,0.864,2026-03-14T12:19:37.192830,neutral,0.802,2026-03-14T12:19:35.256839,0.1132882934875336,2026-03-14T12:19:37.024000,71,,,
participant_10,2,day,Town10HD_Opt,2026-03-14 12:19:38.075333,-41.52938079833984,80.5508804321289,0.0020563888829201,18.026,8.742,0.382,0.0,0,0,1,,1.0,2026-03-14T12:19:38.075333,neutral,0.29,2026-03-14T12:19:38.075333,0.2364839639810178,2026-03-14T12:19:38.014000,70,,,
participant_10,2,day,Town10HD_Opt,2026-03-14 12:19:39.276368,-40.323524475097656,75.98362731933594,0.0018106460338458,25.441,15.911,0.703,0.0,0,0,1,,1.0,2026-03-14T12:19:39.276368,neutral,0.29,2026-03-14T12:19:38.075333,0.2931412548447302,2026-03-14T12:19:39.003000,72,,,
participant_10,2,day,Town10HD_Opt,2026-03-14 12:19:40.197491,-37.49882888793945,72.1031494140625,0.0020344161894172,28.386,18.046,0.343,0.0,0,0,1,,1.0,2026-03-14T12:19:40.197491,sad,0.455,2026-03-14T12:19:40.197491,0.3056335411268825,2026-03-14T12:19:40.038000,72,,,
participant_10,2,day,Town10HD_Opt,2026-03-14 12:19:41.116574,-33.35409164428711,69.72413635253906,0.0022135542239993,25.366,18.593,0.0,0.0,0,0,1,,1.0,2026-03-14T12:19:41.116574,sad,0.455,2026-03-14T12:19:40.197491,0.4478747970055143,2026-03-14T12:19:41.028000,72,,,
participant_10,2,day,Town10HD_Opt,2026-03-14 12:19:42.056697,-29.485326766967773,69.21998596191406,0.0022537230979651,19.128,3.467,0.029,0.0,0,0,1,,1.0,2026-03-14T12:19:42.056697,sad,0.455,2026-03-14T12:19:40.197491,0.5943723305352224,2026-03-14T12:19:42.017000,75,,,
participant_10,2,day,Town10HD_Opt,2026-03-14 12:19:43.249367,-24.835607528686523,69.09266662597656,0.0017414855537936,25.473,3.438,0.696,0.0,0,0,1,,0.878,2026-03-14T12:19:43.249367,sad,0.498,2026-03-14T12:19:43.249367,0.6385164008190113,2026-03-14T12:19:43.008000,74,,,
participant_10,2,day,Town10HD_Opt,2026-03-14 12:19:44.159577,-19.8126220703125,69.22166442871094,0.001891937223263,31.186,0.385,0.475,0.0,0,0,1,,1.0,2026-03-14T12:19:44.159577,sad,0.498,2026-03-14T12:19:43.249367,0.7807698186681936,2026-03-14T12:19:43.998000,76,,,
participant_10,2,day,Town10HD_Opt,2026-03-14 12:19:45.071106,-14.20889377593994,69.46173858642578,0.00199157721363,32.868,0.223,0.442,0.0,0,0,1,,1.0,2026-03-14T12:19:45.071106,sad,0.498,2026-03-14T12:19:43.249367,0.917119362673929,2026-03-14T12:19:45.032000,75,,,
participant_10,2,day,Town10HD_Opt,2026-03-14 12:19:46.254776,-6.663080215454102,69.73324584960938,0.002228393452242,29.034,-0.317,0.0,0.0,0,0,1,,1.0,2026-03-14T12:19:46.254776,sad,0.399,2026-03-14T12:19:46.254776,0.9695717228352092,2026-03-14T12:19:46.022000,76,,,
participant_10,2,day,Town10HD_Opt,2026-03-14 12:19:47.183384,-2.1499147415161133,69.83123779296875,0.0022634123452007,22.073,0.146,0.0,0.0,0,0,1,,1.0,2026-03-14T12:19:47.183384,sad,0.399,2026-03-14T12:19:46.254776,0.95481192971502,2026-03-14T12:19:47.013000,74,,,
participant_10,2,day,Town10HD_Opt,2026-03-14 12:19:48.096013,1.2673920392990112,69.89990997314453,0.0019167709397152,17.67,-0.385,0.229,0.0,0,0,1,,1.0,2026-03-14T12:19:48.096013,sad,0.399,2026-03-14T12:19:46.254776,0.9431783360088338,2026-03-14T12:19:48.002000,76,,,
participant_10,2,day,Town10HD_Opt,2026-03-14 12:19:49.000196,4.391699314117432,69.94971466064453,0.0020932387560606,17.989,-0.193,0.341,0.0,0,0,1,,1.0,2026-03-14T12:19:49.000196,sad,0.511,2026-03-14T12:19:49.000196,0.9255205359945416,2026-03-14T12:19:49.038000,75,,,
participant_10,2,day,Town10HD_Opt,2026-03-14 12:19:50.207460,8.640870094299316,69.98896026611328,0.0020476530771702,18.165,-0.404,0.314,0.0,0,0,1,,1.0,2026-03-14T12:19:50.207460,sad,0.511,2026-03-14T12:19:49.000196,0.9303430253714988,2026-03-14T12:19:50.028000,75,,,
participant_10,2,day,Town10HD_Opt,2026-03-14 12:19:51.094444,11.819710731506348,69.99256134033203,0.0020545576699078,18.373,-0.364,0.238,0.0,0,0,1,,1.0,2026-03-14T12:19:51.094444,sad,0.387,2026-03-14T12:19:51.094444,0.99,2026-03-14T12:19:51.063000,77,,,
participant_10,2,day,Town10HD_Opt,2026-03-14 12:19:52.045433,14.98017406463623,69.97948455810547,0.0018494796240702,17.544,0.075,0.129,0.0,0,0,1,,0.861,2026-03-14T12:19:52.045433,sad,0.387,2026-03-14T12:19:51.094444,0.9615022874037844,2026-03-14T12:19:52.009000,73,,,
participant_10,2,day,Town10HD_Opt,2026-03-14 12:19:53.221520,18.713653564453125,69.96546936035156,0.002034721430391,13.625,-0.026,0.0,0.0,0,0,1,,1.0,2026-03-14T12:19:53.221520,neutral,0.459,2026-03-14T12:19:53.221520,0.9283502882783078,2026-03-14T12:19:52.998000,72,,,
participant_10,2,day,Town10HD_Opt,2026-03-14 12:19:54.160710,20.83651161193848,69.95552062988281,0.0020186996553093,10.467,-0.059,0.0,0.0,0,0,1,,1.0,2026-03-14T12:19:54.160710,neutral,0.459,2026-03-14T12:19:53.221520,0.9232471486879508,2026-03-14T12:19:54.032000,71,,,
participant_10,2,day,Town10HD_Opt,2026-03-14 12:19:55.093659,22.42277717590332,69.94702911376953,0.0020151520147919,7.441,-0.059,0.0,0.053,0,0,1,,1.0,2026-03-14T12:19:55.093659,neutral,0.459,2026-03-14T12:19:53.221520,0.9378123757699884,2026-03-14T12:19:55.023000,69,,,
participant_10,2,day,Town10HD_Opt,2026-03-14 12:19:56.223723,23.805294036865234,69.9389419555664,0.0019551084842532,5.048,-0.059,0.229,0.0,0,0,1,,1.0,2026-03-14T12:19:56.223723,sad,0.566,2026-03-14T12:19:56.223723,0.9475714393805564,2026-03-14T12:19:56.013000,67,,,
participant_10,2,day,Town10HD_Opt,2026-03-14 12:19:57.227430,24.673324584960938,69.93314361572266,0.0022886656224727,0.001,-0.059,0.0,0.113,0,0,1,,1.0,2026-03-14T12:19:57.227430,sad,0.566,2026-03-14T12:19:56.223723,0.9202277782830368,2026-03-14T12:19:57.006000,69,,,
participant_10,2,day,Town10HD_Opt,2026-03-14 12:19:58.055924,24.677934646606445,69.93313598632812,0.0019381331512704,0.015,-0.059,0.338,0.0,0,0,1,,1.0,2026-03-14T12:19:58.055924,sad,0.566,2026-03-14T12:19:56.223723,0.8689964788837433,2026-03-14T12:19:58.039000,65,,,
participant_10,3,day,Town10HD_Opt,2026-03-14 12:30:00.000000,-41.66859436035156,89.7454833984375,0.5804919004440308,16.191,-0.052,0.506,0.0,0,0,1,,1.0,2026-03-14T12:30:00,,,2026-03-14T12:30:00,0.1392079414217117,2026-03-14T12:30:00,65,,,
participant_10,3,day,Town10HD_Opt,2026-03-14 12:30:04.624313,-41.67965698242188,86.85845184326172,0.0017054748022928,16.782,-0.052,0.482,0.0,0,0,1,,0.964,2026-03-14T12:30:04.624313,sad,0.975,2026-03-14T12:30:04.624313,0.2391028098625889,2026-03-14T12:30:05.085000,63,,,
participant_10,3,day,Town10HD_Opt,2026-03-14 12:30:05.280619,-41.6889533996582,84.78829956054688,0.002064743079245,18.102,-0.052,0.334,0.0,0,0,1,,0.962,2026-03-14T12:30:05.280619,sad,0.975,2026-03-14T12:30:04.624313,0.1664387757132321,2026-03-14T12:30:05.986000,65,,,
participant_10,3,day,Town10HD_Opt,2026-03-14 12:30:06.299575,-41.6404914855957,81.61475372314453,0.0020172118674963,18.125,5.524,0.296,0.0,0,0,1,,0.919,2026-03-14T12:30:06.299575,sad,0.975,2026-03-14T12:30:04.624313,0.1886348888503756,2026-03-14T12:30:07.065000,67,,,
participant_10,3,day,Town10HD_Opt,2026-03-14 12:30:07.230486,-41.22743606567383,78.445068359375,0.0020277022849768,18.788,12.522,0.426,0.0,0,0,1,,0.904,2026-03-14T12:30:07.230486,happy,0.489,2026-03-14T12:30:07.230486,0.2275010071743101,2026-03-14T12:30:08.010000,67,,,
participant_10,3,day,Town10HD_Opt,2026-03-14 12:30:08.218512,-40.02458953857422,75.25127410888672,0.0020101547706872,20.584,18.508,0.398,0.0,0,0,1,,0.849,2026-03-14T12:30:08.218512,happy,0.489,2026-03-14T12:30:07.230486,0.237145478440589,2026-03-14T12:30:09,66,,,
participant_10,3,day,Town10HD_Opt,2026-03-14 12:30:09.253674,-37.7020149230957,72.41002655029297,0.0020323561038821,21.859,19.302,0.398,0.0,0,0,1,,1.0,2026-03-14T12:30:09.253674,happy,0.69,2026-03-14T12:30:09.253674,0.206228144180637,2026-03-14T12:30:09.990000,68,,,
participant_10,3,day,Town10HD_Opt,2026-03-14 12:30:10.284704,-34.35643005371094,70.45700073242188,0.0020401000510901,22.959,18.77,0.398,0.0,0,0,1,,0.917,2026-03-14T12:30:10.284704,happy,0.69,2026-03-14T12:30:09.253674,0.228748438214422,2026-03-14T12:30:11.070000,67,,,
participant_10,3,day,Town10HD_Opt,2026-03-14 12:30:11.307994,-30.3509464263916,69.73048400878906,0.0020301819313317,24.04,11.318,0.387,0.0,0,0,1,,0.857,2026-03-14T12:30:11.307994,neutral,0.82,2026-03-14T12:30:11.307994,0.2162607958498011,2026-03-14T12:30:12.015000,67,,,
participant_10,3,day,Town10HD_Opt,2026-03-14 12:30:12.332620,-26.07747459411621,69.82613372802734,0.0020168684422969,24.96,0.477,0.387,0.0,0,0,1,,0.922,2026-03-14T12:30:12.332620,neutral,0.82,2026-03-14T12:30:11.307994,0.2564899306688958,2026-03-14T12:30:13.006000,72,,,
participant_10,3,day,Town10HD_Opt,2026-03-14 12:30:13.046565,-23.14510536193848,69.92125701904297,0.0020174025557935,25.436,-2.031,0.392,0.0,0,0,1,,0.837,2026-03-14T12:30:13.046565,neutral,0.82,2026-03-14T12:30:11.307994,0.2189710622318293,2026-03-14T12:30:13.006000,73,,,
participant_10,3,day,Town10HD_Opt,2026-03-14 12:30:14.028207,-18.62445831298828,69.99152374267578,0.0020155333913862,26.319,0.073,0.394,0.0,0,0,1,,1.0,2026-03-14T12:30:14.028207,happy,0.541,2026-03-14T12:30:14.028207,0.2159170089415573,2026-03-14T12:30:13.995000,72,,,
participant_10,3,day,Town10HD_Opt,2026-03-14 12:30:14.999694,-13.962383270263672,70.04733276367188,0.0020183562301099,27.077,-0.021,0.394,0.0,0,0,1,,0.86,2026-03-14T12:30:14.999694,happy,0.541,2026-03-14T12:30:14.028207,0.2644857979945393,2026-03-14T12:30:14.991000,75,,,
participant_10,3,day,Town10HD_Opt,2026-03-14 12:30:16.049346,-9.174362182617188,70.08928680419922,0.0020212554372847,27.747,0.082,0.394,0.0,0,0,1,,0.86,2026-03-14T12:30:16.049346,happy,0.738,2026-03-14T12:30:16.049346,0.2332449655570872,2026-03-14T12:30:16.065000,78,,,
participant_10,3,day,Town10HD_Opt,2026-03-14 12:30:17.087661,-4.275789737701416,70.14205932617188,0.00202381121926,28.303,0.021,0.394,0.0,0,0,1,,1.0,2026-03-14T12:30:17.087661,happy,0.738,2026-03-14T12:30:16.049346,0.2515678446653849,2026-03-14T12:30:17.013000,80,,,
participant_10,3,day,Town10HD_Opt,2026-03-14 12:30:18.052676,0.7198202610015869,70.17422485351562,0.002026290865615,28.839,-0.536,0.359,0.0,0,0,1,,0.892,2026-03-14T12:30:18.052676,happy,0.765,2026-03-14T12:30:18.052676,0.3247774474749215,2026-03-14T12:30:18.005000,79,,,
participant_10,3,day,Town10HD_Opt,2026-03-14 12:30:19.078786,5.73664665222168,70.14789581298828,0.0020661163143813,28.23,-0.36,0.221,0.0,0,0,1,,0.931,2026-03-14T12:30:19.078786,happy,0.765,2026-03-14T12:30:18.052676,0.145426827795689,2026-03-14T12:30:19.981000,80,,,
participant_10,3,day,Town10HD_Opt,2026-03-14 12:30:20.099482,10.40646743774414,70.0863265991211,0.0021874236408621,24.237,-0.219,0.059,0.0,0,0,1,,0.918,2026-03-14T12:30:20.099482,happy,0.608,2026-03-14T12:30:20.099482,0.1837361332142098,2026-03-14T12:30:19.981000,82,,,
participant_10,3,day,Town10HD_Opt,2026-03-14 12:30:21.137014,14.17514705657959,70.03460693359375,0.0022344589233398,18.336,0.251,0.0,0.0,0,0,1,,0.924,2026-03-14T12:30:21.137014,happy,0.608,2026-03-14T12:30:20.099482,0.202723459074584,2026-03-14T12:30:22.005000,77,,,
participant_10,3,day,Town10HD_Opt,2026-03-14 12:30:22.102634,17.058820724487305,70.01260375976562,0.002041091909632,14.282,0.585,0.013,0.0,0,0,1,,0.913,2026-03-14T12:30:22.102634,neutral,0.657,2026-03-14T12:30:22.102634,0.2126919506436402,2026-03-14T12:30:22.995000,74,,,
participant_10,3,day,Town10HD_Opt,2026-03-14 12:30:23.110292,19.30965232849121,70.0144271850586,0.0020137024112045,11.285,0.524,0.027,0.0,0,0,1,,0.873,2026-03-14T12:30:23.110292,neutral,0.657,2026-03-14T12:30:22.102634,0.3127600856860794,2026-03-14T12:30:23.986000,70,,,
participant_10,3,day,Town10HD_Opt,2026-03-14 12:30:24.047119,21.09157371520996,70.02417755126953,0.0019892882555723,9.115,0.249,0.094,0.0,0,0,1,,0.84,2026-03-14T12:30:24.047119,neutral,0.657,2026-03-14T12:30:22.102634,0.1491493111246549,2026-03-14T12:30:23.986000,70,,,
participant_10,3,day,Town10HD_Opt,2026-03-14 12:30:25.001312,22.587305068969727,70.03441619873047,0.0019539641216397,7.972,0.219,0.086,0.0,0,0,1,,0.926,2026-03-14T12:30:25.001312,happy,0.525,2026-03-14T12:30:25.001312,0.2861014399444954,2026-03-14T12:30:24.975000,70,,,
participant_10,3,day,Town10HD_Opt,2026-03-14 12:30:26.275806,24.307031631469727,70.04886627197266,0.001950797974132,6.666,0.174,0.078,0.0,0,0,1,,0.909,2026-03-14T12:30:26.275806,happy,0.525,2026-03-14T12:30:25.001312,0.2325260215741935,2026-03-14T12:30:27.001000,69,,,
participant_10,3,day,Town10HD_Opt,2026-03-14 12:30:27.275541,25.405237197875977,70.0594711303711,0.0019623565021902,5.569,0.162,0.0,0.0,0,0,1,,0.925,2026-03-14T12:30:27.275541,happy,0.819,2026-03-14T12:30:27.275541,0.3098576433405403,2026-03-14T12:30:27.991000,69,,,
participant_10,3,day,Town10HD_Opt,2026-03-14 12:30:28.235659,25.689483642578125,70.06238555908203,0.002003707922995,0.0,0.155,0.0,0.127,0,0,1,,0.932,2026-03-14T12:30:28.235659,happy,0.819,2026-03-14T12:30:27.275541,0.3332106942795806,2026-03-14T12:30:29.071000,66,,,
participant_10,3,day,Town10HD_Opt,2026-03-14 12:30:29.215293,25.77326393127441,70.06326293945312,0.0017311095725744,3.861,0.129,0.831,0.0,0,0,1,,0.935,2026-03-14T12:30:29.215293,happy,0.819,2026-03-14T12:30:27.275541,0.3730862968717128,2026-03-14T12:30:30.015000,66,,,
participant_10,3,day,Town10HD_Opt,2026-03-14 12:30:30.187509,27.45589065551757,70.0698013305664,0.0014949416508898,16.679,-3.149,0.782,0.0,0,0,1,,0.947,2026-03-14T12:30:30.187509,neutral,0.812,2026-03-14T12:30:30.187509,0.3342137332262727,2026-03-14T12:30:31.005000,66,,,errors=Stop sign violation
participant_10,3,day,Town10HD_Opt,2026-03-14 12:30:31.155660,30.89809226989746,69.77481079101562,0.0018660735804587,22.834,-10.235,0.541,0.0,0,0,1,,0.957,2026-03-14T12:30:31.155660,neutral,0.812,2026-03-14T12:30:30.187509,0.33791049303248,2026-03-14T12:30:31.005000,62,,,
participant_10,3,day,Town10HD_Opt,2026-03-14 12:30:32.138584,35.06056213378906,68.52494049072266,0.0019184112315997,27.002,-12.454,0.541,0.0,0,0,1,,0.963,2026-03-14T12:30:32.138584,neutral,0.812,2026-03-14T12:30:30.187509,0.2738544641397471,2026-03-14T12:30:32.987000,66,,,
participant_10,3,day,Town10HD_Opt,2026-03-14 12:30:33.193195,39.28377914428711,65.77007293701172,0.0019432449480518,30.946,-12.988,0.5,0.0,0,0,1,,0.93,2026-03-14T12:30:33.193195,happy,0.787,2026-03-14T12:30:33.193195,0.4510404411887416,2026-03-14T12:30:34.066000,68,,,
participant_10,3,day,Town10HD_Opt,2026-03-14 12:30:34.202001,42.64208221435547,61.490501403808594,0.0021613691933453,30.32,-13.146,0.233,0.0,0,0,1,,0.924,2026-03-14T12:30:34.202001,happy,0.787,2026-03-14T12:30:33.193195,0.3750918303598259,2026-03-14T12:30:35.010000,67,,,
participant_10,3,day,Town10HD_Opt,2026-03-14 12:30:35.191039,44.24392318725586,56.76081085205078,0.0021793365012854,26.729,-13.168,0.203,0.0,0,0,1,,0.938,2026-03-14T12:30:35.191039,happy,0.787,2026-03-14T12:30:33.193195,0.3793862177325118,2026-03-14T12:30:36,63,,,
participant_10,3,day,Town10HD_Opt,2026-03-14 12:30:36.164256,44.3750228881836,52.36477279663086,0.0021442794241011,23.762,-1.864,0.506,0.0,0,0,1,,0.969,2026-03-14T12:30:36.164256,happy,0.56,2026-03-14T12:30:36.164256,0.4047561709423229,2026-03-14T12:30:36,67,,,
participant_10,3,day,Town10HD_Opt,2026-03-14 12:30:37.135770,44.24874114990234,48.01613998413086,0.0018600082257762,26.668,0.881,0.518,0.0,0,0,1,,0.946,2026-03-14T12:30:37.135770,happy,0.56,2026-03-14T12:30:36.164256,0.3591366962810373,2026-03-14T12:30:38.026000,68,,,
participant_10,3,day,Town10HD_Opt,2026-03-14 12:30:38.036286,44.17546463012695,43.01178741455078,0.0019387435168027,30.311,0.266,0.501,0.0,0,0,1,,0.938,2026-03-14T12:30:38.036286,happy,0.56,2026-03-14T12:30:36.164256,0.3787891365594386,2026-03-14T12:30:38.026000,68,Stop sign violation,stop_sign_id=833,
participant_10,3,day,Town10HD_Opt,2026-03-14 12:30:38.992608,44.49991226196289,37.59424591064453,0.0020348739344626,31.401,12.473,0.405,0.0,0,0,1,,0.964,2026-03-14T12:30:38.992608,neutral,0.769,2026-03-14T12:30:38.992608,0.3904486349143574,2026-03-14T12:30:39.021000,68,,,
participant_10,3,day,Town10HD_Opt,2026-03-14 12:30:40.274430,47.57832717895508,31.095190048217773,0.0021440123673528,29.925,16.354,0.175,0.0,0,0,1,,1.0,2026-03-14T12:30:40.274430,neutral,0.769,2026-03-14T12:30:38.992608,0.3038444659868957,2026-03-14T12:30:40.995000,66,,,
participant_10,3,day,Town10HD_Opt,2026-03-14 12:30:41.216975,51.41389846801758,28.13509750366211,0.0022158431820571,25.513,16.05,0.159,0.0,0,0,1,,0.949,2026-03-14T12:30:41.216975,neutral,0.518,2026-03-14T12:30:41.216975,0.3850600111005642,2026-03-14T12:30:41.986000,62,,,
participant_10,3,day,Town10HD_Opt,2026-03-14 12:30:42.216911,55.362064361572266,26.95924186706543,0.0021932220552116,21.559,14.19,0.141,0.0,0,0,1,,0.941,2026-03-14T12:30:42.216911,neutral,0.518,2026-03-14T12:30:41.216975,0.4488414015836672,2026-03-14T12:30:42.978000,67,,,
participant_10,3,day,Town10HD_Opt,2026-03-14 12:30:43.214657,58.8363151550293,26.70872688293457,0.0021665573585778,18.047,0.475,0.114,0.0,0,0,1,,0.871,2026-03-14T12:30:43.214657,neutral,0.518,2026-03-14T12:30:41.216975,0.4367080888952666,2026-03-14T12:30:44.010000,68,,,
participant_10,3,day,Town10HD_Opt,2026-03-14 12:30:44.223597,61.85008239746094,26.51548957824707,0.0019962692167609,15.727,-0.167,0.0,0.0,0,0,1,,0.939,2026-03-14T12:30:44.223597,neutral,0.758,2026-03-14T12:30:44.223597,0.4291173233328972,2026-03-14T12:30:45.001000,67,,,
participant_10,3,day,Town10HD_Opt,2026-03-14 12:30:45.176420,64.28377532958984,26.36167907714844,0.0020660399459302,11.391,0.36,0.0,0.385,0,0,1,,0.908,2026-03-14T12:30:45.176420,neutral,0.758,2026-03-14T12:30:44.223597,0.4462559213160409,2026-03-14T12:30:45.991000,70,,,
participant_10,3,day,Town10HD_Opt,2026-03-14 12:30:46.112318,65.85028839111328,26.270164489746094,0.0020801543723791,5.996,0.36,0.0,0.337,0,0,1,,0.813,2026-03-14T12:30:46.112318,neutral,0.758,2026-03-14T12:30:44.223597,0.3194510195790727,2026-03-14T12:30:45.991000,66,,,
participant_10,3,day,Town10HD_Opt,2026-03-14 12:30:47.131631,66.09718322753906,26.255733489990234,0.0019953537266701,0.0,0.355,0.0,0.226,0,0,1,,0.9,2026-03-14T12:30:47.131631,neutral,0.628,2026-03-14T12:30:47.131631,0.3488397717013893,2026-03-14T12:30:48.016000,66,,,
participant_10,3,day,Town10HD_Opt,2026-03-14 12:30:48.108126,66.09758758544922,26.25571632385254,0.001921615563333,0.004,0.327,0.0,0.0,0,0,1,,0.905,2026-03-14T12:30:48.108126,neutral,0.628,2026-03-14T12:30:47.131631,0.3333774921821283,2026-03-14T12:30:49.006000,68,,,
participant_10,3,day,Town10HD_Opt,2026-03-14 12:30:49.038059,66.09783172607422,26.25571632385254,0.0019193649059161,0.006,0.266,0.0,0.0,0,0,1,,0.92,2026-03-14T12:30:49.038059,neutral,0.628,2026-03-14T12:30:47.131631,0.5096392754662573,2026-03-14T12:30:49.006000,67,,,
participant_10,3,day,Town10HD_Opt,2026-03-14 12:30:50.031643,66.0979232788086,26.25571632385254,0.0019189452286809,0.001,0.209,0.0,0.0,0,0,1,,0.833,2026-03-14T12:30:50.031643,happy,0.547,2026-03-14T12:30:50.031643,0.401591657738758,2026-03-14T12:30:50.005000,69,,,
participant_10,3,day,Town10HD_Opt,2026-03-14 12:30:51.038638,66.0978775024414,26.25571632385254,0.0019187545403838,0.001,0.209,0.0,0.0,0,0,1,,0.87,2026-03-14T12:30:51.038638,happy,0.547,2026-03-14T12:30:50.031643,0.3592643247033817,2026-03-14T12:30:50.986000,67,,,
participant_10,3,day,Town10HD_Opt,2026-03-14 12:30:52.274954,66.09801483154297,26.25571632385254,0.0019187545403838,0.001,0.209,0.0,0.0,0,0,1,,0.897,2026-03-14T12:30:52.274954,neutral,0.746,2026-03-14T12:30:52.274954,0.414768038946804,2026-03-14T12:30:53.010000,69,,,
participant_10,3,day,Town10HD_Opt,2026-03-14 12:30:53.271010,66.09805297851562,26.25571632385254,0.001919021597132,0.005,0.209,0.0,0.0,0,0,1,,0.91,2026-03-14T12:30:53.271010,neutral,0.746,2026-03-14T12:30:52.274954,0.4791191109967607,2026-03-14T12:30:54.092000,68,,,
participant_10,3,day,Town10HD_Opt,2026-03-14 12:30:54.227128,66.09825897216797,26.25571632385254,0.0019192122854292,0.005,0.209,0.0,0.0,0,0,1,,0.875,2026-03-14T12:30:54.227128,neutral,0.746,2026-03-14T12:30:52.274954,0.44031687887484,2026-03-14T12:30:55.036000,71,,,
participant_10,3,day,Town10HD_Opt,2026-03-14 12:30:55.147689,66.09844970703125,26.25571632385254,0.001919021597132,0.007,0.202,0.0,0.0,0,0,1,,0.856,2026-03-14T12:30:55.147689,neutral,0.637,2026-03-14T12:30:55.147689,0.5855820558581001,2026-03-14T12:30:55.981000,69,,,
participant_10,3,day,Town10HD_Opt,2026-03-14 12:30:56.089991,66.09840393066406,26.25571632385254,0.0019188689766451,0.001,0.106,0.0,0.0,0,0,1,,0.93,2026-03-14T12:30:56.089991,neutral,0.637,2026-03-14T12:30:55.147689,0.5424554997874076,2026-03-14T12:30:55.981000,72,,,
participant_10,3,day,Town10HD_Opt,2026-03-14 12:30:57.002045,66.098388671875,26.25571632385254,0.001919021597132,0.0,-0.049,0.0,0.0,0,0,1,,0.939,2026-03-14T12:30:57.002045,neutral,0.637,2026-03-14T12:30:55.147689,0.5423582167068214,2026-03-14T12:30:57.016000,72,,,
participant_10,3,day,Town10HD_Opt,2026-03-14 12:30:58.263108,66.09850311279297,26.25571632385254,0.001919021597132,0.0,-0.202,0.0,0.0,0,0,1,,0.922,2026-03-14T12:30:58.263108,neutral,0.721,2026-03-14T12:30:58.263108,0.5286905960611011,2026-03-14T12:30:59.085000,71,,,
participant_10,3,day,Town10HD_Opt,2026-03-14 12:30:59.213365,66.09868621826172,26.25571632385254,0.0019191360333934,0.005,-0.211,0.0,0.0,0,0,1,,0.919,2026-03-14T12:30:59.213365,neutral,0.721,2026-03-14T12:30:58.263108,0.5139926078586905,2026-03-14T12:31:00.075000,65,,,
participant_10,3,day,Town10HD_Opt,2026-03-14 12:31:00.176807,66.09893035888672,26.25571632385254,0.0019191360333934,0.006,-0.211,0.0,0.0,0,0,1,,0.903,2026-03-14T12:31:00.176807,neutral,0.721,2026-03-14T12:30:58.263108,0.5768014211402596,2026-03-14T12:31:00.976000,66,,,
participant_10,3,day,Town10HD_Opt,2026-03-14 12:31:01.127300,66.09893035888672,26.25571632385254,0.0019189071608707,0.001,-0.214,0.0,0.0,0,0,1,,0.896,2026-03-14T12:31:01.127300,happy,0.606,2026-03-14T12:31:01.127300,0.5663328601323371,2026-03-14T12:31:02.011000,66,,,
participant_10,3,day,Town10HD_Opt,2026-03-14 12:31:02.136746,66.09889221191406,26.25571632385254,0.0019187545403838,0.0,-0.214,0.0,0.0,0,0,1,,0.903,2026-03-14T12:31:02.136746,happy,0.606,2026-03-14T12:31:01.127300,0.5195004825272831,2026-03-14T12:31:03.001000,66,,,
participant_10,3,day,Town10HD_Opt,2026-03-14 12:31:03.069750,66.09901428222656,26.25571632385254,0.0019190596649423,0.005,-0.221,0.0,0.0,0,0,1,,0.906,2026-03-14T12:31:03.069750,happy,0.606,2026-03-14T12:31:01.127300,0.5686806916987497,2026-03-14T12:31:03.001000,63,,,
participant_10,3,day,Town10HD_Opt,2026-03-14 12:31:04.272718,66.09912109375,26.25571632385254,0.0019190596649423,0.005,-0.258,0.0,0.0,0,0,1,,0.917,2026-03-14T12:31:04.272718,happy,0.559,2026-03-14T12:31:04.272718,0.5697836111811646,2026-03-14T12:31:04.981000,61,,,
participant_10,3,day,Town10HD_Opt,2026-03-14 12:31:05.258717,66.0993423461914,26.25571632385254,0.0019192504696547,0.006,-0.275,0.0,0.0,0,0,1,,0.922,2026-03-14T12:31:05.258717,happy,0.559,2026-03-14T12:31:04.272718,0.6013573787265443,2026-03-14T12:31:06.016000,60,,,
participant_10,3,day,Town10HD_Opt,2026-03-14 12:31:06.172939,66.0994644165039,26.255714416503903,0.0019189452286809,0.001,-0.287,0.0,0.0,0,0,1,,0.89,2026-03-14T12:31:06.172939,happy,0.559,2026-03-14T12:31:04.272718,0.6540906908725695,2026-03-14T12:31:07.005000,60,,,
participant_10,3,day,Town10HD_Opt,2026-03-14 12:31:07.145298,66.09941864013672,26.255714416503903,0.0019187927246093,0.001,-0.287,0.0,0.0,0,0,1,,0.9,2026-03-14T12:31:07.145298,neutral,0.543,2026-03-14T12:31:07.145298,0.4856537525789816,2026-03-14T12:31:07.995000,64,,,
participant_10,3,day,Town10HD_Opt,2026-03-14 12:31:08.063983,66.0994644165039,26.25571632385254,0.0019190596649423,0.004,-0.287,0.0,0.0,0,0,1,,0.909,2026-03-14T12:31:08.063983,neutral,0.543,2026-03-14T12:31:07.145298,0.6008817387578741,2026-03-14T12:31:07.995000,63,,,
participant_10,3,day,Town10HD_Opt,2026-03-14 12:31:08.999713,66.09966278076172,26.25571632385254,0.0019192122854292,0.005,-0.289,0.0,0.0,0,0,1,,0.933,2026-03-14T12:31:08.999713,neutral,0.543,2026-03-14T12:31:07.145298,0.5349749906115135,2026-03-14T12:31:08.988000,67,,,
participant_10,3,day,Town10HD_Opt,2026-03-14 12:31:10.218578,66.09976959228516,26.25571632385254,0.0019192122854292,0.005,-0.289,0.0,0.0,0,0,1,,0.913,2026-03-14T12:31:10.218578,happy,0.697,2026-03-14T12:31:10.218578,0.5716964192974551,2026-03-14T12:31:11.011000,64,,,
participant_10,3,day,Town10HD_Opt,2026-03-14 12:31:11.145393,66.09998321533203,26.255714416503903,0.0019189834129065,0.001,-0.289,0.0,0.0,0,0,1,,0.946,2026-03-14T12:31:11.145393,happy,0.697,2026-03-14T12:31:10.218578,0.5510631194278393,2026-03-14T12:31:12,64,,,
participant_10,3,day,Town10HD_Opt,2026-03-14 12:31:12.002727,66.09994506835938,26.255714416503903,0.0019188689766451,0.001,-0.298,0.0,0.0,0,0,1,,0.909,2026-03-14T12:31:12.002727,happy,0.697,2026-03-14T12:31:10.218578,0.5658401124487484,2026-03-14T12:31:12,65,,,
participant_10,3,day,Town10HD_Opt,2026-03-14 12:31:13.199365,66.1000747680664,26.255714416503903,0.0019188689766451,0.001,-0.313,0.0,0.0,0,0,1,,0.938,2026-03-14T12:31:13.199365,neutral,0.511,2026-03-14T12:31:13.199365,0.4881108816584978,2026-03-14T12:31:14.071000,65,,,
participant_10,3,day,Town10HD_Opt,2026-03-14 12:31:14.114252,66.10003662109375,26.25571632385254,0.001919021597132,0.0,-0.331,0.0,0.0,0,0,1,,0.92,2026-03-14T12:31:14.114252,neutral,0.511,2026-03-14T12:31:13.199365,0.5776195982879672,2026-03-14T12:31:15.015000,66,,,
participant_10,3,day,Town10HD_Opt,2026-03-14 12:31:15.021079,66.10021209716797,26.255714416503903,0.0019190978491678,0.005,-0.331,0.0,0.0,0,0,1,,0.9,2026-03-14T12:31:15.021079,neutral,0.511,2026-03-14T12:31:13.199365,0.540469058429235,2026-03-14T12:31:15.015000,64,,,
participant_10,3,day,Town10HD_Opt,2026-03-14 12:31:16.237564,66.1003189086914,26.25571250915528,0.0019190596649423,0.005,-0.331,0.0,0.0,0,0,1,,0.823,2026-03-14T12:31:16.237564,neutral,0.57,2026-03-14T12:31:16.237564,0.5985040653783025,2026-03-14T12:31:17.042000,62,,,
participant_10,3,day,Town10HD_Opt,2026-03-14 12:31:17.189486,66.1005630493164,26.25571060180664,0.0019192504696547,0.006,-0.331,0.0,0.0,0,0,1,,0.904,2026-03-14T12:31:17.189486,neutral,0.57,2026-03-14T12:31:16.237564,0.6075326249213804,2026-03-14T12:31:18.031000,61,,,
participant_10,3,day,Town10HD_Opt,2026-03-14 12:31:18.139787,66.10062408447266,26.255704879760746,0.0019189452286809,0.001,-0.331,0.0,0.0,0,0,1,,0.919,2026-03-14T12:31:18.139787,neutral,0.57,2026-03-14T12:31:16.237564,0.557308236351758,2026-03-14T12:31:19.021000,61,,,
participant_10,3,day,Town10HD_Opt,2026-03-14 12:31:19.036286,66.1005859375,26.25570297241211,0.0019187545403838,0.001,-0.331,0.0,0.0,0,0,1,,0.863,2026-03-14T12:31:19.036286,happy,0.61,2026-03-14T12:31:19.036286,0.5874302776868848,2026-03-14T12:31:19.021000,60,,,
participant_10,3,day,Town10HD_Opt,2026-03-14 12:31:20.012682,66.10066986083984,26.255704879760746,0.0019190596649423,0.005,-0.331,0.0,0.0,0,0,1,,0.904,2026-03-14T12:31:20.012682,happy,0.61,2026-03-14T12:31:19.036286,0.5869698049538117,2026-03-14T12:31:20.015000,62,,,
participant_10,3,day,Town10HD_Opt,2026-03-14 12:31:21.198442,66.10079193115234,26.25570297241211,0.0019190596649423,0.005,-0.327,0.0,0.0,0,0,1,,0.902,2026-03-14T12:31:21.198442,neutral,0.759,2026-03-14T12:31:21.198442,0.6083830439302716,2026-03-14T12:31:21.001000,60,,,
participant_10,3,day,Town10HD_Opt,2026-03-14 12:31:22.194715,66.10099792480469,26.255699157714844,0.0019192504696547,0.006,-0.32,0.0,0.0,0,0,1,,1.0,2026-03-14T12:31:22.194715,neutral,0.759,2026-03-14T12:31:21.198442,0.5984875091476523,2026-03-14T12:31:22.981000,59,,,
participant_10,3,day,Town10HD_Opt,2026-03-14 12:31:23.119175,66.1011734008789,26.25569725036621,0.0019189834129065,0.001,-0.313,0.0,0.0,0,0,1,,0.944,2026-03-14T12:31:23.119175,neutral,0.759,2026-03-14T12:31:21.198442,0.4942753397256666,2026-03-14T12:31:24.016000,60,,,
participant_10,3,day,Town10HD_Opt,2026-03-14 12:31:24.245927,66.10131072998047,26.25569725036621,0.0019189834129065,0.001,-0.308,0.0,0.0,0,0,1,,0.934,2026-03-14T12:31:24.245927,happy,0.631,2026-03-14T12:31:24.245927,0.5459641315641703,2026-03-14T12:31:25.096000,61,,,
participant_10,3,day,Town10HD_Opt,2026-03-14 12:31:25.138116,66.10126495361328,26.25569725036621,0.0019188307924196,0.001,-0.275,0.0,0.0,0,0,1,,0.93,2026-03-14T12:31:25.138116,happy,0.631,2026-03-14T12:31:24.245927,0.4733014853207847,2026-03-14T12:31:26.041000,58,,,
participant_10,3,day,Town10HD_Opt,2026-03-14 12:31:26.011968,66.10124969482422,26.25569725036621,0.001919021597132,0.0,-0.251,0.0,0.0,0,0,1,,0.902,2026-03-14T12:31:26.011968,happy,0.631,2026-03-14T12:31:24.245927,0.507958407182426,2026-03-14T12:31:26.041000,60,,,
participant_10,3,day,Town10HD_Opt,2026-03-14 12:31:27.269231,66.10136413574219,26.25569725036621,0.0019189834129065,0.0,-0.247,0.0,0.0,0,0,1,,0.913,2026-03-14T12:31:27.269231,happy,0.554,2026-03-14T12:31:27.269231,0.5015812471973794,2026-03-14T12:31:28.021000,59,,,
participant_10,3,day,Town10HD_Opt,2026-03-14 12:31:28.170210,66.1015396118164,26.25569725036621,0.0019190978491678,0.005,-0.209,0.0,0.0,0,0,1,,0.895,2026-03-14T12:31:28.170210,happy,0.554,2026-03-14T12:31:27.269231,0.5392388952306134,2026-03-14T12:31:29.012000,63,,,
participant_10,3,day,Town10HD_Opt,2026-03-14 12:31:29.094407,66.10179138183594,26.25569725036621,0.0019191360333934,0.006,-0.2,0.0,0.0,0,0,1,,0.921,2026-03-14T12:31:29.094407,happy,0.554,2026-03-14T12:31:27.269231,0.5066282670702874,2026-03-14T12:31:29.012000,60,Red light violation,Red light violation,
participant_10,3,day,Town10HD_Opt,2026-03-14 12:31:30.243081,66.10189056396484,26.25569725036621,0.0019192122854292,0.006,-0.2,0.0,0.0,0,0,1,,0.937,2026-03-14T12:31:30.243081,neutral,0.578,2026-03-14T12:31:30.243081,0.4984495741029451,2026-03-14T12:31:30.991000,63,,,
participant_10,3,day,Town10HD_Opt,2026-03-14 12:31:31.149176,66.10192108154297,26.25569725036621,0.0019189071608707,0.001,-0.2,0.0,0.0,0,0,1,,0.893,2026-03-14T12:31:31.149176,neutral,0.578,2026-03-14T12:31:30.243081,0.5418007684136215,2026-03-14T12:31:31.981000,61,,,
participant_10,3,day,Town10HD_Opt,2026-03-14 12:31:32.049690,66.10187530517578,26.25569725036621,0.0019187545403838,0.001,-0.2,0.0,0.0,0,0,1,,0.933,2026-03-14T12:31:32.049690,neutral,0.578,2026-03-14T12:31:30.243081,0.5370118049702154,2026-03-14T12:31:31.981000,62,,,
participant_10,3,day,Town10HD_Opt,2026-03-14 12:31:33.258677,66.10201263427734,26.25569725036621,0.0019187163561582,0.001,-0.2,0.0,0.0,0,0,1,,0.943,2026-03-14T12:31:33.258677,neutral,0.827,2026-03-14T12:31:33.258677,0.5048732237704193,2026-03-14T12:31:34.006000,63,,,
participant_10,3,day,Town10HD_Opt,2026-03-14 12:31:34.183040,66.10209655761719,26.25569725036621,0.001919021597132,0.005,-0.2,0.0,0.0,0,0,1,,0.922,2026-03-14T12:31:34.183040,neutral,0.827,2026-03-14T12:31:33.258677,0.5198015137924813,2026-03-14T12:31:34.997000,63,,,
participant_10,3,day,Town10HD_Opt,2026-03-14 12:31:35.143203,66.10230255126953,26.25569725036621,0.0019192504696547,0.005,-0.2,0.0,0.0,0,0,1,,0.943,2026-03-14T12:31:35.143203,neutral,0.827,2026-03-14T12:31:33.258677,0.5106723912577291,2026-03-14T12:31:36.032000,63,,,
participant_10,3,day,Town10HD_Opt,2026-03-14 12:31:36.048441,66.10244750976562,26.25569725036621,0.0019189834129065,0.001,-0.148,0.0,0.0,0,0,1,,1.0,2026-03-14T12:31:36.048441,neutral,0.769,2026-03-14T12:31:36.048441,0.563428841157297,2026-03-14T12:31:36.032000,62,,,
participant_10,3,day,Town10HD_Opt,2026-03-14 12:31:37.268545,66.10708618164062,26.25540542602539,0.0019183730473741,0.022,-0.202,0.161,0.0,0,1,-1,,0.908,2026-03-14T12:31:37.268545,neutral,0.769,2026-03-14T12:31:36.048441,0.471483525813437,2026-03-14T12:31:38.011000,62,,,
participant_10,3,day,Town10HD_Opt,2026-03-14 12:31:38.177423,66.04872131347656,26.262285232543945,0.0020824812818318,2.863,-8.313,0.613,0.0,0,1,-1,,0.967,2026-03-14T12:31:38.177423,neutral,0.81,2026-03-14T12:31:38.177423,0.4467563413050563,2026-03-14T12:31:39.003000,60,,,
participant_10,3,day,Town10HD_Opt,2026-03-14 12:31:39.035477,65.0587158203125,26.357852935791016,0.0021771239116787,9.484,-7.418,0.628,0.0,0,1,-1,,0.843,2026-03-14T12:31:39.035477,neutral,0.81,2026-03-14T12:31:38.177423,0.4849905960216046,2026-03-14T12:31:39.003000,62,,,errors=Vehicle collision
participant_10,3,day,Town10HD_Opt,2026-03-14 12:31:40.201102,63.969970703125,26.417686462402344,0.006328391842544,0.076,0.094,0.472,0.0,0,1,-1,,0.814,2026-03-14T12:31:40.201102,sad,0.342,2026-03-14T12:31:40.201102,0.4348198481124551,2026-03-14T12:31:40.981000,59,,,
participant_10,3,day,Town10HD_Opt,2026-03-14 12:31:41.102668,63.970497131347656,26.433210372924805,0.0046128844842314,0.05,1.415,0.0,0.0,0,1,-1,,0.827,2026-03-14T12:31:41.102668,sad,0.342,2026-03-14T12:31:40.201102,0.4581167675811419,2026-03-14T12:31:40.981000,61,,,
participant_10,3,day,Town10HD_Opt,2026-03-14 12:31:42.237893,64.15035247802734,26.45176887512207,0.0018513107206672,3.046,10.521,0.531,0.0,0,0,1,,0.91,2026-03-14T12:31:42.237893,neutral,0.845,2026-03-14T12:31:42.237893,0.4958396374745137,2026-03-14T12:31:43.007000,63,,,
participant_10,3,day,Town10HD_Opt,2026-03-14 12:31:43.157645,65.09357452392578,26.635332107543945,0.0018746566493064,6.404,14.584,0.0,0.0,0,0,1,,0.869,2026-03-14T12:31:43.157645,neutral,0.845,2026-03-14T12:31:42.237893,0.4575405202949215,2026-03-14T12:31:43.007000,64,,,
participant_10,3,day,Town10HD_Opt,2026-03-14 12:31:44.010702,66.05089569091797,26.880868911743164,0.0019624710548669,4.893,8.53,0.0,0.0,0,0,1,,0.975,2026-03-14T12:31:44.010702,neutral,0.845,2026-03-14T12:31:42.237893,0.4717108923587133,2026-03-14T12:31:44.086000,64,,,
participant_10,3,day,Town10HD_Opt,2026-03-14 12:31:45.171111,66.99491882324219,27.12649917602539,0.0019518280168995,3.445,1.777,0.0,0.0,0,0,1,,0.907,2026-03-14T12:31:45.171111,neutral,0.55,2026-03-14T12:31:45.171111,0.4739159994860567,2026-03-14T12:31:46.021000,65,,,
participant_10,3,day,Town10HD_Opt,2026-03-14 12:31:46.037645,67.5015869140625,27.25181579589844,0.0019265746232122,3.025,6.725,0.314,0.0,0,0,1,,0.934,2026-03-14T12:31:46.037645,neutral,0.55,2026-03-14T12:31:45.171111,0.4675034953017676,2026-03-14T12:31:46.021000,64,,,
participant_10,3,day,Town10HD_Opt,2026-03-14 12:31:47.194791,68.64008331298828,27.55742454528809,0.001816101022996,7.435,-2.857,0.286,0.0,0,0,1,,0.891,2026-03-14T12:31:47.194791,neutral,0.46,2026-03-14T12:31:47.194791,0.4409758658992132,2026-03-14T12:31:48.091000,66,Solid line crossing,Solid line crossing,
participant_10,3,day,Town10HD_Opt,2026-03-14 12:31:48.108242,70.10135650634766,27.86764907836914,0.0018365859286859,9.928,-2.974,0.231,0.0,0,0,1,,0.937,2026-03-14T12:31:48.108242,neutral,0.46,2026-03-14T12:31:47.194791,0.5253241061351602,2026-03-14T12:31:48.991000,66,,,
participant_10,3,day,Town10HD_Opt,2026-03-14 12:31:49.271356,72.14997100830078,28.32613945007324,0.002049446105957,6.411,4.15,0.0,0.31,0,0,1,,0.938,2026-03-14T12:31:49.271356,neutral,0.563,2026-03-14T12:31:49.271356,0.5396378924522223,2026-03-14T12:31:50.026000,66,,,
participant_10,3,day,Town10HD_Opt,2026-03-14 12:31:50.140520,72.42526245117188,28.39900779724121,0.0020001982338726,0.0,3.459,0.0,0.4,0,0,1,,0.945,2026-03-14T12:31:50.140520,neutral,0.563,2026-03-14T12:31:49.271356,0.5228992859883195,2026-03-14T12:31:51.016000,68,,,
participant_10,3,day,Town10HD_Opt,2026-03-14 12:31:51.257643,72.4242172241211,28.39874267578125,0.0019219588721171,0.02,3.363,0.308,0.0,0,1,-1,,0.832,2026-03-14T12:31:51.257643,neutral,0.563,2026-03-14T12:31:49.271356,0.5225441102632502,2026-03-14T12:31:52.006000,67,,,
participant_10,3,day,Town10HD_Opt,2026-03-14 12:31:52.126574,72.40764617919922,28.39408302307129,0.0019377898424863,1.395,5.749,0.391,0.0,0,1,-1,,0.927,2026-03-14T12:31:52.126574,neutral,0.377,2026-03-14T12:31:52.126574,0.4682068553858953,2026-03-14T12:31:52.006000,69,,,
participant_10,3,day,Town10HD_Opt,2026-03-14 12:31:53.009353,71.92378234863281,28.26091957092285,0.0020020676311105,4.089,3.41,0.281,0.0,0,1,-1,,0.894,2026-03-14T12:31:53.009353,neutral,0.377,2026-03-14T12:31:52.126574,0.4918435060156372,2026-03-14T12:31:53.086000,68,,,
participant_10,3,day,Town10HD_Opt,2026-03-14 12:31:54.260446,71.11802673339844,28.066680908203125,0.0018972395919263,3.025,3.983,0.283,0.0,0,1,-1,,0.934,2026-03-14T12:31:54.260446,sad,0.426,2026-03-14T12:31:54.260446,0.453659813899919,2026-03-14T12:31:55.067000,70,,,
participant_10,3,day,Town10HD_Opt,2026-03-14 12:31:55.150043,70.65997314453125,27.95298957824707,0.0018932723905891,2.309,7.382,0.237,0.0,0,1,-1,,0.928,2026-03-14T12:31:55.150043,sad,0.426,2026-03-14T12:31:54.260446,0.4794426123107279,2026-03-14T12:31:56.011000,73,,,
participant_10,3,day,Town10HD_Opt,2026-03-14 12:31:56.079792,70.2952880859375,27.8597412109375,0.0019173431210219,2.055,12.355,0.241,0.0,0,1,-1,,0.932,2026-03-14T12:31:56.079792,sad,0.426,2026-03-14T12:31:54.260446,0.4829980499872706,2026-03-14T12:31:56.011000,69,,,errors=Vehicle collision
participant_10,3,day,Town10HD_Opt,2026-03-14 12:31:57.256831,70.02686309814453,27.830734252929688,0.0017544936854392,1.0,15.378,0.267,0.0,0,1,-1,,1.0,2026-03-14T12:31:57.256831,neutral,0.596,2026-03-14T12:31:57.256831,0.4294298776438266,2026-03-14T12:31:58.126000,72,,,
participant_10,3,day,Town10HD_Opt,2026-03-14 12:31:58.125025,69.83202362060547,27.80388641357422,0.0023738860618323,1.351,15.339,0.27,0.0,0,1,-1,,0.824,2026-03-14T12:31:58.125025,neutral,0.596,2026-03-14T12:31:57.256831,0.4901206462564991,2026-03-14T12:31:58.982000,73,,,errors=Vehicle collision
participant_10,3,day,Town10HD_Opt,2026-03-14 12:31:59.271809,69.56217956542969,27.76995086669922,0.0028343200683593,0.534,14.467,0.0,0.0,0,1,-1,,0.92,2026-03-14T12:31:59.271809,sad,0.399,2026-03-14T12:31:59.271809,0.4636010936535828,2026-03-14T12:32:00.016000,72,,,
participant_10,3,day,Town10HD_Opt,2026-03-14 12:32:00.192336,69.52059936523438,27.765729904174805,0.0026454543694853,0.044,14.531,0.0,0.0,0,1,-1,,1.0,2026-03-14T12:32:00.192336,sad,0.399,2026-03-14T12:31:59.271809,0.4954439103324882,2026-03-14T12:32:01.096000,72,,,
participant_10,3,day,Town10HD_Opt,2026-03-14 12:32:01.059108,69.51815032958984,27.765851974487305,0.0023543166462332,0.005,14.418,0.0,0.0,0,1,-1,,1.0,2026-03-14T12:32:01.059108,sad,0.399,2026-03-14T12:31:59.271809,0.4754310192023133,2026-03-14T12:32:01.096000,70,,,errors=Vehicle collision
participant_10,3,day,Town10HD_Opt,2026-03-14 12:32:02.138496,69.51986694335938,27.766469955444336,0.0019750976935029,0.005,15.98,0.022,0.0,0,0,1,,1.0,2026-03-14T12:32:02.138496,neutral,0.454,2026-03-14T12:32:02.138496,0.4986914498728256,2026-03-14T12:32:02.087000,70,,,
participant_10,3,day,Town10HD_Opt,2026-03-14 12:32:03.024865,69.5297622680664,27.76953125,0.0019014739664271,0.692,24.787,0.179,0.0,0,0,1,,0.885,2026-03-14T12:32:03.024865,neutral,0.454,2026-03-14T12:32:02.138496,0.5127463691337057,2026-03-14T12:32:03.084000,69,,,
participant_10,3,day,Town10HD_Opt,2026-03-14 12:32:04.142485,69.97589111328125,27.92733383178711,0.0018226623069494,4.068,17.221,0.0,0.0,0,0,1,,1.0,2026-03-14T12:32:04.142485,sad,0.456,2026-03-14T12:32:04.142485,0.4346996268385147,2026-03-14T12:32:04.021000,70,,,
participant_10,3,day,Town10HD_Opt,2026-03-14 12:32:05.276659,70.8079833984375,28.140668869018555,0.0019301223801448,3.643,-5.394,0.505,0.0,0,0,1,,1.0,2026-03-14T12:32:05.276659,sad,0.456,2026-03-14T12:32:04.142485,0.4720503004308234,2026-03-14T12:32:06.046000,69,,,
participant_10,3,day,Town10HD_Opt,2026-03-14 12:32:06.120500,72.10829162597656,28.328086853027344,0.0015679930802434,13.513,-7.629,0.814,0.0,0,0,1,,1.0,2026-03-14T12:32:06.120500,sad,0.456,2026-03-14T12:32:04.142485,0.4589153808032889,2026-03-14T12:32:06.994000,68,,,
participant_10,3,day,Town10HD_Opt,2026-03-14 12:32:07.234374,76.44542694091797,28.552433013916016,0.0020236587151885,19.89,-2.617,0.0,0.112,0,0,1,,0.933,2026-03-14T12:32:07.234374,neutral,0.412,2026-03-14T12:32:07.234374,0.5319675060683882,2026-03-14T12:32:07.981000,70,,,errors=Vehicle collision
participant_10,3,day,Town10HD_Opt,2026-03-14 12:32:08.184698,77.5636978149414,28.585453033447266,-0.0010481261415407,0.05,-1.072,0.0,0.503,0,0,1,,0.975,2026-03-14T12:32:08.184698,neutral,0.412,2026-03-14T12:32:07.234374,0.5527461031798157,2026-03-14T12:32:09.062000,68,,,
participant_10,3,day,Town10HD_Opt,2026-03-14 12:32:09.031627,77.56317138671875,28.585432052612305,0.0018886947073042,0.002,-0.458,0.209,0.0,0,1,-1,,0.927,2026-03-14T12:32:09.031627,neutral,0.412,2026-03-14T12:32:07.234374,0.4865315977562598,2026-03-14T12:32:09.062000,69,,,
participant_10,3,day,Town10HD_Opt,2026-03-14 12:32:10.190033,77.19634246826172,28.581974029541016,0.0020238494034856,3.685,-0.261,0.0,0.0,0,1,-1,,1.0,2026-03-14T12:32:10.190033,neutral,0.639,2026-03-14T12:32:10.190033,0.5010147311126517,2026-03-14T12:32:10.996000,70,,,
participant_10,3,day,Town10HD_Opt,2026-03-14 12:32:11.060759,76.75965881347656,28.577726364135746,0.001856651273556,1.377,-0.275,0.0,0.0,0,1,-1,,1.0,2026-03-14T12:32:11.060759,neutral,0.639,2026-03-14T12:32:10.190033,0.4258755336619219,2026-03-14T12:32:10.996000,72,,,
participant_10,3,day,Town10HD_Opt,2026-03-14 12:32:12.182133,76.5755615234375,28.575868606567383,0.0019005202921107,0.351,-0.275,0.0,0.0,0,1,-1,,0.919,2026-03-14T12:32:12.182133,neutral,0.639,2026-03-14T12:32:10.190033,0.4969584926821236,2026-03-14T12:32:13.022000,71,,,
participant_10,3,day,Town10HD_Opt,2026-03-14 12:32:13.004334,76.5363998413086,28.575475692749023,0.0019045256776735,0.0,-0.378,0.0,0.0,0,1,-1,,0.918,2026-03-14T12:32:13.004334,sad,0.315,2026-03-14T12:32:13.004334,0.4744841485368241,2026-03-14T12:32:13.022000,70,,,
participant_10,3,day,Town10HD_Opt,2026-03-14 12:32:14.125985,76.536376953125,28.575475692749023,0.0019180679228156,0.0,0.082,0.0,0.0,0,1,-1,,1.0,2026-03-14T12:32:14.125985,sad,0.315,2026-03-14T12:32:13.004334,0.539176900554539,2026-03-14T12:32:14.011000,71,,,
participant_10,3,day,Town10HD_Opt,2026-03-14 12:32:15.222835,76.536376953125,28.575475692749023,0.0019180679228156,0.0,0.096,0.0,0.0,0,1,-1,,0.811,2026-03-14T12:32:15.222835,neutral,0.683,2026-03-14T12:32:15.222835,0.4757352775196858,2026-03-14T12:32:15.991000,68,,,
participant_10,3,day,Town10HD_Opt,2026-03-14 12:32:16.099141,76.536376953125,28.575475692749023,0.0019180679228156,0.0,0.096,0.0,0.0,0,1,-1,,1.0,2026-03-14T12:32:16.099141,neutral,0.683,2026-03-14T12:32:15.222835,0.4520109202281257,2026-03-14T12:32:16.981000,71,,,
participant_10,3,day,Town10HD_Opt,2026-03-14 12:32:17.228112,76.536376953125,28.575475692749023,0.0019180679228156,0.0,0.465,0.0,0.0,0,0,1,,0.85,2026-03-14T12:32:17.228112,neutral,0.742,2026-03-14T12:32:17.228112,0.4251226338256973,2026-03-14T12:32:18.016000,72,,,
participant_10,3,day,Town10HD_Opt,2026-03-14 12:32:18.104610,76.536376953125,28.575475692749023,0.0019180679228156,0.0,0.404,0.0,0.0,0,0,1,,0.938,2026-03-14T12:32:18.104610,neutral,0.742,2026-03-14T12:32:17.228112,0.4790770294771518,2026-03-14T12:32:19.008000,74,,,
participant_10,3,day,Town10HD_Opt,2026-03-14 12:32:19.197296,76.536376953125,28.575475692749023,0.0019180679228156,0.0,0.383,0.0,0.0,0,0,1,,0.927,2026-03-14T12:32:19.197296,neutral,0.742,2026-03-14T12:32:17.228112,0.444097197417196,2026-03-14T12:32:19.998000,77,,,
participant_10,3,day,Town10HD_Opt,2026-03-14 12:32:20.025107,76.536376953125,28.575475692749023,0.0019180679228156,0.0,0.376,0.0,0.0,0,0,1,,0.904,2026-03-14T12:32:20.025107,neutral,0.79,2026-03-14T12:32:20.025107,0.5145264753259086,2026-03-14T12:32:19.998000,75,,,
participant_10,3,day,Town10HD_Opt,2026-03-14 12:32:21.092244,76.536376953125,28.575475692749023,0.0019180679228156,0.0,0.376,0.0,0.0,0,0,1,,0.92,2026-03-14T12:32:21.092244,neutral,0.79,2026-03-14T12:32:20.025107,0.4851644611762047,2026-03-14T12:32:20.987000,75,,,
participant_10,3,day,Town10HD_Opt,2026-03-14 12:32:22.245962,76.64915466308594,28.575401306152344,0.00180137634743,2.576,-0.865,0.179,0.0,0,0,1,,0.926,2026-03-14T12:32:22.245962,neutral,0.819,2026-03-14T12:32:22.245962,0.4427959383084071,2026-03-14T12:32:23.103000,75,,,
participant_10,3,day,Town10HD_Opt,2026-03-14 12:32:23.212946,77.2257308959961,28.57701110839844,0.0018736267229542,3.917,-1.191,0.164,0.0,0,0,1,,0.938,2026-03-14T12:32:23.212946,neutral,0.819,2026-03-14T12:32:22.245962,0.4649255722476687,2026-03-14T12:32:24.047000,74,,,
participant_10,3,day,Town10HD_Opt,2026-03-14 12:32:24.066294,78.01646423339844,28.57267570495605,0.0018862533615902,4.981,-1.455,0.162,0.0,0,0,1,,0.941,2026-03-14T12:32:24.066294,neutral,0.819,2026-03-14T12:32:22.245962,0.5095627361639521,2026-03-14T12:32:24.047000,73,,,
participant_10,3,day,Town10HD_Opt,2026-03-14 12:32:25.255036,79.15553283691406,28.566749572753903,0.0019551848527044,4.012,-0.195,0.0,0.0,0,0,1,,0.833,2026-03-14T12:32:25.255036,neutral,0.766,2026-03-14T12:32:25.255036,0.3704383700326992,2026-03-14T12:32:25.982000,71,,,
participant_10,3,day,Town10HD_Opt,2026-03-14 12:32:26.172023,79.79943084716797,28.56438446044922,0.0019493865547701,3.171,-0.195,0.0,0.0,0,0,1,,0.88,2026-03-14T12:32:26.172023,neutral,0.766,2026-03-14T12:32:25.255036,0.3914311939618347,2026-03-14T12:32:25.982000,74,,,
participant_10,3,day,Town10HD_Opt,2026-03-14 12:32:27.024812,80.15574645996094,28.56282424926757,0.002067832974717,0.0,-0.23,0.0,0.049,0,0,1,,0.89,2026-03-14T12:32:27.024812,neutral,0.766,2026-03-14T12:32:25.255036,0.4755009217189642,2026-03-14T12:32:27.106000,74,,,
participant_10,3,day,Town10HD_Opt,2026-03-14 12:32:28.217088,80.15599060058594,28.562822341918945,0.0019216918153688,0.003,-0.23,0.0,0.0,0,0,1,,0.897,2026-03-14T12:32:28.217088,neutral,0.65,2026-03-14T12:32:28.217088,0.3476574974677693,2026-03-14T12:32:28.998000,75,Solid line crossing,Solid line crossing,
participant_10,3,day,Town10HD_Opt,2026-03-14 12:32:29.017714,80.15631866455078,28.56282424926757,0.001919021597132,0.001,-0.23,0.0,0.0,0,0,1,,0.91,2026-03-14T12:32:29.017714,neutral,0.65,2026-03-14T12:32:28.217088,0.4043278465008239,2026-03-14T12:32:28.998000,75,,,
participant_10,3,day,Town10HD_Opt,2026-03-14 12:32:30.109604,80.15642547607422,28.56282424926757,0.0019191360333934,0.001,-0.23,0.0,0.0,0,0,1,,0.928,2026-03-14T12:32:30.109604,neutral,0.65,2026-03-14T12:32:28.217088,0.4093164849143069,2026-03-14T12:32:29.987000,72,,,
participant_10,3,day,Town10HD_Opt,2026-03-14 12:32:31.148485,80.15644073486328,28.56282424926757,0.0019188689766451,0.006,-0.23,0.0,0.0,0,0,1,,0.93,2026-03-14T12:32:31.148485,neutral,0.871,2026-03-14T12:32:31.148485,0.34820381428896,2026-03-14T12:32:32.012000,70,,,
participant_10,3,day,Town10HD_Opt,2026-03-14 12:32:31.996777,80.1563949584961,28.56282424926757,0.0019187163561582,0.006,-0.233,0.0,0.0,0,0,1,,0.915,2026-03-14T12:32:31.996777,neutral,0.871,2026-03-14T12:32:31.148485,0.3764127687221074,2026-03-14T12:32:32.012000,68,,,
participant_10,3,day,Town10HD_Opt,2026-03-14 12:32:33.129805,80.15652465820312,28.56282424926757,0.001918678288348,0.006,-0.233,0.0,0.0,0,0,1,,0.919,2026-03-14T12:32:33.129805,neutral,0.871,2026-03-14T12:32:31.148485,0.3310776435417656,2026-03-14T12:32:33.092000,69,,,
participant_10,3,day,Town10HD_Opt,2026-03-14 12:32:34.016663,80.1554946899414,28.562753677368164,0.0019161986419931,0.238,11.113,0.718,0.0,0,0,1,,0.959,2026-03-14T12:32:34.016663,neutral,0.571,2026-03-14T12:32:34.016663,0.4095013376253713,2026-03-14T12:32:34.037000,69,,,
participant_10,3,day,Town10HD_Opt,2026-03-14 12:32:35.114285,81.906982421875,28.72414970397949,0.0014438247308135,17.687,1.981,1.0,0.0,0,0,1,,0.962,2026-03-14T12:32:35.114285,neutral,0.571,2026-03-14T12:32:34.016663,0.3081596554252437,2026-03-14T12:32:36.016000,69,,,
participant_10,3,day,Town10HD_Opt,2026-03-14 12:32:36.050371,86.04549407958984,28.851919174194336,0.0015247344272211,32.305,-10.643,1.0,0.0,0,0,1,,0.921,2026-03-14T12:32:36.050371,neutral,0.505,2026-03-14T12:32:36.050371,0.2876511122852626,2026-03-14T12:32:36.016000,68,,,
participant_10,3,day,Town10HD_Opt,2026-03-14 12:32:37.140466,95.2916030883789,26.26860618591309,0.0015833663055673,51.551,-9.294,0.0,0.0,0,0,1,,0.887,2026-03-14T12:32:37.140466,neutral,0.505,2026-03-14T12:32:36.050371,0.3533834451148761,2026-03-14T12:32:37.997000,72,,,
participant_10,3,day,Town10HD_Opt,2026-03-14 12:32:38.246694,103.91810607910156,18.49430084228516,0.0018512343522161,52.039,-12.309,0.0,0.212,0,0,1,,0.866,2026-03-14T12:32:38.246694,neutral,0.665,2026-03-14T12:32:38.246694,0.3392329645675203,2026-03-14T12:32:39.031000,68,,,
participant_10,3,day,Town10HD_Opt,2026-03-14 12:32:39.033730,106.68901824951172,10.419910430908203,0.0018075561383739,50.758,-6.078,0.955,0.0,0,0,1,,0.859,2026-03-14T12:32:39.033730,neutral,0.665,2026-03-14T12:32:38.246694,0.316797006174128,2026-03-14T12:32:39.031000,74,,,
participant_10,3,day,Town10HD_Opt,2026-03-14 12:32:40.136960,106.97592163085938,-1.3870443105697632,0.0018584060017019,52.347,0.19,0.0,0.251,0,0,1,,0.901,2026-03-14T12:32:40.136960,neutral,0.665,2026-03-14T12:32:38.246694,0.3021567240129172,2026-03-14T12:32:41.012000,71,,,
participant_10,3,day,Town10HD_Opt,2026-03-14 12:32:41.187217,107.1502914428711,-12.35884952545166,0.0022818373981863,41.541,-0.237,0.242,0.0,0,0,1,,0.88,2026-03-14T12:32:41.187217,neutral,0.559,2026-03-14T12:32:41.187217,0.2719949086182947,2026-03-14T12:32:42.002000,72,,,
participant_10,3,day,Town10HD_Opt,2026-03-14 12:32:42.259111,107.1754379272461,-21.63471221923828,0.0020290755201131,39.716,-1.793,0.53,0.0,0,0,1,,0.937,2026-03-14T12:32:42.259111,neutral,0.559,2026-03-14T12:32:41.187217,0.2524474308278082,2026-03-14T12:32:42.991000,68,,,errors=Solid line crossing
participant_10,3,day,Town10HD_Opt,2026-03-14 12:32:43.065290,106.69802856445312,-28.7224235534668,0.0019811247475445,41.697,-4.247,0.526,0.0,0,0,1,,0.936,2026-03-14T12:32:43.065290,neutral,0.559,2026-03-14T12:32:41.187217,0.257605600257722,2026-03-14T12:32:42.991000,68,,,
participant_10,3,day,Town10HD_Opt,2026-03-14 12:32:44.111087,104.4120101928711,-38.42793273925781,0.0019756315741688,44.282,-4.362,0.585,0.0,0,0,1,,0.951,2026-03-14T12:32:44.111087,neutral,0.603,2026-03-14T12:32:44.111087,0.2843428866014861,2026-03-14T12:32:44.072000,69,,,
participant_10,3,day,Town10HD_Opt,2026-03-14 12:32:45.150816,99.73304748535156,-48.12921142578125,0.0019230269826948,48.473,-5.075,0.581,0.0,0,0,1,,0.946,2026-03-14T12:32:45.150816,neutral,0.603,2026-03-14T12:32:44.111087,0.2525650860654082,2026-03-14T12:32:46.008000,70,,,
participant_10,3,day,Town10HD_Opt,2026-03-14 12:32:46.259577,92.30636596679688,-56.73206329345703,0.0020725249778479,48.347,-5.408,0.459,0.0,0,0,1,,0.921,2026-03-14T12:32:46.259577,happy,0.794,2026-03-14T12:32:46.259577,0.2011936612324164,2026-03-14T12:32:46.997000,74,Solid line crossing,Solid line crossing,
participant_10,3,day,Town10HD_Opt,2026-03-14 12:32:47.114242,85.43235778808594,-61.50498962402344,0.0020814132876694,47.265,-5.411,0.453,0.0,0,0,1,,0.963,2026-03-14T12:32:47.114242,happy,0.794,2026-03-14T12:32:46.259577,0.2440144453630705,2026-03-14T12:32:46.997000,72,,,
participant_10,3,day,Town10HD_Opt,2026-03-14 12:32:48.034441,77.87471771240234,-64.6449203491211,0.0020789336413145,46.315,-5.411,0.452,0.0,0,0,1,,0.969,2026-03-14T12:32:48.034441,happy,0.794,2026-03-14T12:32:46.259577,0.2523270075235596,2026-03-14T12:32:48.121000,72,,,
participant_10,3,day,Town10HD_Opt,2026-03-14 12:32:49.161964,67.3493881225586,-66.35285186767578,0.0020655822008848,45.328,-0.865,0.451,0.0,0,0,1,,0.84,2026-03-14T12:32:49.161964,happy,0.615,2026-03-14T12:32:49.161964,0.2902265686258357,2026-03-14T12:32:49.024000,76,,,
participant_10,3,day,Town10HD_Opt,2026-03-14 12:32:50.016620,59.47041320800781,-66.7975845336914,0.0020585632883012,44.825,-0.153,0.452,0.0,0,0,1,,0.921,2026-03-14T12:32:50.016620,happy,0.615,2026-03-14T12:32:49.161964,0.2845150117510736,2026-03-14T12:32:50.102000,75,,,
participant_10,3,day,Town10HD_Opt,2026-03-14 12:32:51.157264,49.0843391418457,-67.23725891113281,0.0020555877126753,44.238,-0.564,0.452,0.0,0,0,1,,0.897,2026-03-14T12:32:51.157264,happy,0.615,2026-03-14T12:32:49.161964,0.3550518696517822,2026-03-14T12:32:51.992000,76,,,
participant_10,3,day,Town10HD_Opt,2026-03-14 12:32:52.034468,41.36914443969727,-67.38018035888672,0.0020537567324936,43.906,-0.322,0.452,0.0,0,0,1,,0.914,2026-03-14T12:32:52.034468,neutral,0.55,2026-03-14T12:32:52.034468,0.2456541455209353,2026-03-14T12:32:51.992000,78,,,
participant_10,3,day,Town10HD_Opt,2026-03-14 12:32:53.247796,31.16823387145996,-67.40945434570312,0.0020514677744358,43.501,-0.176,0.452,0.0,0,0,1,,0.926,2026-03-14T12:32:53.247796,neutral,0.55,2026-03-14T12:32:52.034468,0.321956700365697,2026-03-14T12:32:54.061000,73,,,
participant_10,3,day,Town10HD_Opt,2026-03-14 12:32:54.108222,23.68022918701172,-67.37532043457031,0.0022293853107839,39.67,-0.012,0.0,0.0,0,0,1,,0.923,2026-03-14T12:32:54.108222,happy,0.669,2026-03-14T12:32:54.108222,0.3362267014444104,2026-03-14T12:32:55.008000,74,,,
participant_10,3,day,Town10HD_Opt,2026-03-14 12:32:55.195242,15.72129249572754,-67.35131072998047,0.0023064422421157,28.194,0.425,0.0,0.0,0,0,1,,0.867,2026-03-14T12:32:55.195242,happy,0.669,2026-03-14T12:32:54.108222,0.337005075736855,2026-03-14T12:32:55.998000,72,,,
participant_10,3,day,Town10HD_Opt,2026-03-14 12:32:56.032165,11.289505004882812,-67.3908462524414,0.0022040556650608,22.682,0.489,0.222,0.0,0,0,1,,0.854,2026-03-14T12:32:56.032165,happy,0.669,2026-03-14T12:32:54.108222,0.3139501579170535,2026-03-14T12:32:55.998000,70,,,
participant_10,3,day,Town10HD_Opt,2026-03-14 12:32:57.153799,6.375626564025879,-67.48737335205078,0.0021228790283203,19.319,0.146,0.203,0.0,0,0,1,,0.859,2026-03-14T12:32:57.153799,happy,0.535,2026-03-14T12:32:57.153799,0.3294922958490003,2026-03-14T12:32:58.022000,72,,,
participant_10,3,day,Town10HD_Opt,2026-03-14 12:32:57.995310,3.14309310913086,-67.5644760131836,0.0020263672340661,18.064,0.233,0.203,0.0,0,0,1,,0.917,2026-03-14T12:32:57.995310,happy,0.535,2026-03-14T12:32:57.153799,0.3552030292101699,2026-03-14T12:32:58.022000,68,,,
participant_10,3,day,Town10HD_Opt,2026-03-14 12:32:59.125528,-0.9791035056114196,-67.67784881591797,0.001941947848536,17.11,-0.092,0.203,0.0,0,0,1,,0.952,2026-03-14T12:32:59.125528,happy,0.535,2026-03-14T12:32:57.153799,0.2943180375113396,2026-03-14T12:33:00.003000,67,,,
participant_10,3,day,Town10HD_Opt,2026-03-14 12:33:00.255692,-4.866761684417725,-67.7762451171875,0.0019396209390833,16.169,-0.148,0.203,0.0,0,0,1,,0.915,2026-03-14T12:33:00.255692,neutral,0.842,2026-03-14T12:33:00.255692,0.3248783804066167,2026-03-14T12:33:00.992000,68,,,
participant_10,3,day,Town10HD_Opt,2026-03-14 12:33:01.089070,-7.658061981201172,-67.83940887451172,0.001935577369295,15.675,-0.141,0.203,0.0,0,0,1,,0.886,2026-03-14T12:33:01.089070,neutral,0.842,2026-03-14T12:33:00.255692,0.3228415396763022,2026-03-14T12:33:00.992000,68,,,
participant_10,3,day,Town10HD_Opt,2026-03-14 12:33:02.238175,-11.25303077697754,-67.91205596923828,0.0019313811790198,15.113,-0.141,0.202,0.0,0,0,1,,0.831,2026-03-14T12:33:02.238175,neutral,0.842,2026-03-14T12:33:00.255692,0.369982887616117,2026-03-14T12:33:03.107000,68,,,
participant_10,3,day,Town10HD_Opt,2026-03-14 12:33:03.148668,-13.874832153320312,-67.95889282226562,0.0019287872128188,14.817,-0.141,0.202,0.0,0,0,1,,0.861,2026-03-14T12:33:03.148668,neutral,0.567,2026-03-14T12:33:03.148668,0.3658501250784477,2026-03-14T12:33:04.052000,70,,,
participant_10,3,day,Town10HD_Opt,2026-03-14 12:33:04.171470,-17.231494903564453,-68.01115417480469,0.0020006941631436,12.894,-0.141,0.0,0.0,0,0,1,,0.911,2026-03-14T12:33:04.171470,neutral,0.567,2026-03-14T12:33:03.148668,0.2869436307350588,2026-03-14T12:33:04.998000,68,,,
participant_10,3,day,Town10HD_Opt,2026-03-14 12:33:05.221023,-19.801040649414062,-68.04524230957031,0.0020056152716279,9.071,-0.141,0.0,0.0,0,0,1,,0.84,2026-03-14T12:33:05.221023,neutral,0.876,2026-03-14T12:33:05.221023,0.2655306316240202,2026-03-14T12:33:05.988000,68,,,
participant_10,3,day,Town10HD_Opt,2026-03-14 12:33:06.034350,-21.17055892944336,-68.06121826171875,0.002032051095739,5.747,-0.139,0.0,0.197,0,0,1,,0.888,2026-03-14T12:33:06.034350,neutral,0.876,2026-03-14T12:33:05.221023,0.2593082934687403,2026-03-14T12:33:05.988000,68,,,
participant_10,3,day,Town10HD_Opt,2026-03-14 12:33:07.133058,-21.454553604125977,-68.06478118896484,0.0019338607089594,0.217,-0.139,0.0,0.0,0,0,1,,0.951,2026-03-14T12:33:07.133058,neutral,0.876,2026-03-14T12:33:05.221023,0.3299453329491889,2026-03-14T12:33:08.013000,61,,,
participant_10,3,day,Town10HD_Opt,2026-03-14 12:33:08.215509,-21.49733161926269,-68.06526184082031,0.0019205092685297,0.152,-0.139,0.0,0.0,0,0,1,,0.832,2026-03-14T12:33:08.215509,neutral,0.751,2026-03-14T12:33:08.215509,0.3184372111447294,2026-03-14T12:33:09.002000,65,,,
participant_10,3,day,Town10HD_Opt,2026-03-14 12:33:09.048024,-21.52086639404297,-68.06562042236328,0.0019200133392587,0.119,-0.134,0.0,0.0,0,0,1,,0.845,2026-03-14T12:33:09.048024,neutral,0.751,2026-03-14T12:33:08.215509,0.3078146828843601,2026-03-14T12:33:09.002000,63,,,
participant_10,3,day,Town10HD_Opt,2026-03-14 12:33:10.232332,-21.543981552124023,-68.06578826904297,0.001919784466736,0.085,-0.134,0.0,0.0,0,0,1,,0.864,2026-03-14T12:33:10.232332,happy,0.627,2026-03-14T12:33:10.232332,0.331966245221133,2026-03-14T12:33:11.072000,65,,,
participant_10,3,day,Town10HD_Opt,2026-03-14 12:33:11.045875,-21.556697845458984,-68.06578826904297,0.0019196319626644,0.066,-0.134,0.0,0.0,0,0,1,,0.908,2026-03-14T12:33:11.045875,happy,0.627,2026-03-14T12:33:10.232332,0.3429498963571581,2026-03-14T12:33:11.072000,64,,,
participant_10,3,day,Town10HD_Opt,2026-03-14 12:33:12.153335,-21.56918716430664,-68.06578826904297,0.0019194793421775,0.009,-0.134,0.017,0.0,0,0,1,,0.933,2026-03-14T12:33:12.153335,happy,0.627,2026-03-14T12:33:10.232332,0.232099135748988,2026-03-14T12:33:13.007000,68,,,
participant_10,3,day,Town10HD_Opt,2026-03-14 12:33:13.040943,-22.10626602172852,-68.07099151611328,0.0014618682907894,10.708,-0.134,1.0,0.0,0,0,1,,0.906,2026-03-14T12:33:13.040943,neutral,0.747,2026-03-14T12:33:13.040943,0.2560584470553805,2026-03-14T12:33:13.007000,65,,,
participant_10,3,day,Town10HD_Opt,2026-03-14 12:33:14.130723,-26.727706909179688,-68.10950469970703,0.001537513686344,30.714,-0.134,1.0,0.0,0,0,1,,0.903,2026-03-14T12:33:14.130723,neutral,0.747,2026-03-14T12:33:13.040943,0.3020458538617321,2026-03-14T12:33:14.008000,67,,,
participant_10,3,day,Town10HD_Opt,2026-03-14 12:33:15.198396,-36.08663558959961,-68.14696502685547,0.0017321014311164,46.653,-0.134,0.0,0.0,0,0,1,,0.876,2026-03-14T12:33:15.198396,neutral,0.504,2026-03-14T12:33:15.198396,0.1554068559479624,2026-03-14T12:33:16.022000,69,,,
participant_10,3,day,Town10HD_Opt,2026-03-14 12:33:16.254083,-45.67043685913086,-68.11797332763672,0.0028542326763272,34.139,-0.291,0.0,0.0,0,0,1,,0.908,2026-03-14T12:33:16.254083,neutral,0.504,2026-03-14T12:33:15.198396,0.2528057326096776,2026-03-14T12:33:17.013000,65,,,
participant_10,3,day,Town10HD_Opt,2026-03-14 12:33:17.074579,-50.9959716796875,-68.04595184326172,0.002222633222118,25.421,-0.235,0.0,0.086,0,0,1,,0.909,2026-03-14T12:33:17.074579,neutral,0.504,2026-03-14T12:33:15.198396,0.3013416800959097,2026-03-14T12:33:17.013000,69,,,
participant_10,3,day,Town10HD_Opt,2026-03-14 12:33:18.155016,-56.006595611572266,-67.9534912109375,0.0020264815539121,16.099,-0.167,0.0,0.265,0,0,1,,0.942,2026-03-14T12:33:18.155016,neutral,0.806,2026-03-14T12:33:18.155016,0.2428898866957712,2026-03-14T12:33:18.993000,66,,,
participant_10,3,day,Town10HD_Opt,2026-03-14 12:33:19.196398,-59.021244049072266,-67.88705444335938,0.0020838165655732,9.223,-0.167,0.0,0.31,0,0,1,,0.894,2026-03-14T12:33:19.196398,neutral,0.806,2026-03-14T12:33:18.155016,0.2801041428868274,2026-03-14T12:33:20.028000,64,,,
participant_10,3,day,Town10HD_Opt,2026-03-14 12:33:20.206506,-60.21653366088867,-67.85845184326172,0.001920623704791,3.995,-0.075,1.0,0.0,0,0,1,,0.919,2026-03-14T12:33:20.206506,neutral,0.549,2026-03-14T12:33:20.206506,0.1688194426138335,2026-03-14T12:33:21.017000,66,,,
participant_10,3,day,Town10HD_Opt,2026-03-14 12:33:21.252854,-63.4230842590332,-67.81158447265625,0.0017057036748155,24.556,0.689,1.0,0.0,0,0,1,,0.91,2026-03-14T12:33:21.252854,neutral,0.549,2026-03-14T12:33:20.206506,0.2551962441848701,2026-03-14T12:33:22.007000,63,,,
participant_10,3,day,Town10HD_Opt,2026-03-14 12:33:22.009145,-68.89777374267578,-67.8031005859375,0.0015295027988031,40.511,-0.24,0.861,0.0,0,0,1,,0.892,2026-03-14T12:33:22.009145,neutral,0.549,2026-03-14T12:33:20.206506,0.2253992604291806,2026-03-14T12:33:22.007000,66,,,
participant_10,3,day,Town10HD_Opt,2026-03-14 12:33:23.133064,-79.67353820800781,-67.2693862915039,0.0017801666399464,51.521,-9.138,0.0,0.175,0,0,1,,0.913,2026-03-14T12:33:23.133064,neutral,0.628,2026-03-14T12:33:23.133064,0.228823743987365,2026-03-14T12:33:24.033000,63,,,
participant_10,3,day,Town10HD_Opt,2026-03-14 12:33:24.191527,-89.82466888427734,-62.42768859863281,0.0020885085687041,47.991,-14.278,0.323,0.0,0,0,1,,0.954,2026-03-14T12:33:24.191527,neutral,0.628,2026-03-14T12:33:23.133064,0.198920049230127,2026-03-14T12:33:25.023000,63,,,errors=Solid line crossing
participant_10,3,day,Town10HD_Opt,2026-03-14 12:33:25.052787,-94.17925262451172,-55.7358283996582,0.0021744917612522,43.788,-1.535,0.362,0.0,0,0,1,,0.846,2026-03-14T12:33:25.052787,neutral,0.628,2026-03-14T12:33:23.133064,0.3008032774758044,2026-03-14T12:33:25.023000,60,,,
participant_10,3,day,Town10HD_Opt,2026-03-14 12:33:26.133771,-98.9609375,-47.151702880859375,0.0021226501557976,40.619,8.203,0.376,0.0,0,0,1,,0.921,2026-03-14T12:33:26.133771,neutral,0.491,2026-03-14T12:33:26.133771,0.2355921745939593,2026-03-14T12:33:27.003000,65,,,
participant_10,3,day,Town10HD_Opt,2026-03-14 12:33:27.212928,-105.77586364746094,-41.00408172607422,0.0021051024086773,38.195,-2.12,0.336,0.0,0,0,1,,0.888,2026-03-14T12:33:27.212928,neutral,0.491,2026-03-14T12:33:26.133771,0.2376638123081202,2026-03-14T12:33:27.993000,65,,,
participant_10,3,day,Town10HD_Opt,2026-03-14 12:33:28.008741,-110.687255859375,-36.78620529174805,0.0021740340162068,34.81,-7.758,0.0,0.0,0,0,1,,0.936,2026-03-14T12:33:28.008741,neutral,0.491,2026-03-14T12:33:26.133771,0.3142984119124412,2026-03-14T12:33:27.993000,64,,,errors=Solid line crossing
participant_10,3,day,Town10HD_Opt,2026-03-14 12:33:29.101624,-114.75983428955078,-31.157506942749023,0.0023770141415297,23.304,-8.134,0.0,0.0,0,0,1,,0.959,2026-03-14T12:33:29.101624,neutral,0.322,2026-03-14T12:33:29.101624,0.1928394771071333,2026-03-14T12:33:29.118000,64,,,
participant_10,3,day,Town10HD_Opt,2026-03-14 12:33:30.192071,-41.66891098022461,89.74463653564453,-0.0667848587036132,0.943,-9.081,0.0,0.0,0,0,0,,0.857,2026-03-14T12:33:30.192071,neutral,0.322,2026-03-14T12:33:29.101624,0.2374312731148704,2026-03-14T12:33:31.008000,67,,,
participant_10,3,day,Town10HD_Opt,2026-03-14 12:33:31.014885,-41.669036865234375,89.74549865722656,0.0009953307453542,0.02,-7.998,0.542,0.0,0,0,0,,0.951,2026-03-14T12:33:31.014885,neutral,0.322,2026-03-14T12:33:29.101624,0.2045862056632006,2026-03-14T12:33:31.008000,67,,,
participant_10,3,day,Town10HD_Opt,2026-03-14 12:33:32.109522,-41.68479537963867,88.49150848388672,0.001382827758789,16.544,-0.78,0.938,0.0,0,0,1,,0.81,2026-03-14T12:33:32.109522,sad,0.403,2026-03-14T12:33:32.109522,0.2056498198316365,2026-03-14T12:33:31.997000,65,,,
participant_10,3,day,Town10HD_Opt,2026-03-14 12:33:33.223000,-41.75429153442383,83.73399353027344,0.0021390533074736,17.938,2.69,0.0,0.0,0,0,1,,0.898,2026-03-14T12:33:33.223000,sad,0.403,2026-03-14T12:33:32.109522,0.248147163272982,2026-03-14T12:33:33.034000,64,,,
participant_10,3,day,Town10HD_Opt,2026-03-14 12:33:34.041559,-41.67531204223633,81.0240249633789,0.0020444488618522,13.368,2.883,0.0,0.0,0,0,1,,0.912,2026-03-14T12:33:34.041559,sad,0.403,2026-03-14T12:33:32.109522,0.2245605161558324,2026-03-14T12:33:34.161000,65,,,
participant_10,3,day,Town10HD_Opt,2026-03-14 12:33:35.159394,-41.234954833984375,78.32180786132812,0.0018331527244299,13.155,16.396,0.708,0.0,0,0,1,,0.933,2026-03-14T12:33:35.159394,neutral,0.363,2026-03-14T12:33:35.159394,0.3149633025402023,2026-03-14T12:33:35.058000,65,,,
participant_10,3,day,Town10HD_Opt,2026-03-14 12:33:36.028881,-40.0277214050293,75.5976333618164,0.0019065093947574,21.439,16.555,0.785,0.0,0,0,1,,1.0,2026-03-14T12:33:36.028881,neutral,0.363,2026-03-14T12:33:35.159394,0.3071250715386715,2026-03-14T12:33:36.095000,68,,,
participant_10,3,day,Town10HD_Opt,2026-03-14 12:33:37.207517,-35.99048614501953,71.25700378417969,0.0021292113233357,26.128,22.946,0.0,0.0,0,0,1,,0.818,2026-03-14T12:33:37.207517,neutral,0.364,2026-03-14T12:33:37.207517,0.2293354631157089,2026-03-14T12:33:37.085000,65,,,
participant_10,3,day,Town10HD_Opt,2026-03-14 12:33:38.123548,-32.27998352050781,70.00838470458984,0.0022810362279415,19.055,12.864,0.0,0.0,0,0,1,,0.844,2026-03-14T12:33:38.123548,neutral,0.364,2026-03-14T12:33:37.207517,0.1741939481172512,2026-03-14T12:33:39.017000,68,,,
participant_10,3,day,Town10HD_Opt,2026-03-14 12:33:39.257283,-27.90357780456543,69.49747467041016,0.001851386972703,23.015,7.335,0.737,0.0,0,0,1,,0.832,2026-03-14T12:33:39.257283,sad,0.359,2026-03-14T12:33:39.257283,0.2241881748023531,2026-03-14T12:33:40.052000,73,,,
participant_10,3,day,Town10HD_Opt,2026-03-14 12:33:40.126940,-23.346418380737305,69.48833465576172,0.0019328689668327,27.982,2.817,0.404,0.0,0,0,1,,1.0,2026-03-14T12:33:40.126940,sad,0.359,2026-03-14T12:33:39.257283,0.2777355206855768,2026-03-14T12:33:40.052000,70,,,
participant_10,3,day,Town10HD_Opt,2026-03-14 12:33:41.196410,-16.72051239013672,69.8372802734375,0.0020487594883888,28.432,-1.26,0.277,0.0,0,0,1,,0.808,2026-03-14T12:33:41.196410,sad,0.359,2026-03-14T12:33:39.257283,0.2003742103607869,2026-03-14T12:33:42.034000,70,,,
participant_10,3,day,Town10HD_Opt,2026-03-14 12:33:42.038017,-11.903238296508787,69.99247741699219,0.0021087264176458,26.336,-0.298,0.273,0.0,0,0,1,,0.882,2026-03-14T12:33:42.038017,sad,0.426,2026-03-14T12:33:42.038017,0.3000205364460998,2026-03-14T12:33:42.034000,71,,,
participant_10,3,day,Town10HD_Opt,2026-03-14 12:33:43.192532,-5.99774694442749,70.10596466064453,0.0020953367929905,24.176,-0.858,0.277,0.0,0,0,1,,0.841,2026-03-14T12:33:43.192532,sad,0.426,2026-03-14T12:33:42.038017,0.259081333636751,2026-03-14T12:33:44.013000,71,,,
participant_10,3,day,Town10HD_Opt,2026-03-14 12:33:44.039696,-1.8869503736495967,70.11502075195312,0.0020918273366987,22.7,-0.562,0.259,0.0,0,0,1,,0.861,2026-03-14T12:33:44.039696,neutral,0.323,2026-03-14T12:33:44.039696,0.1890005171387023,2026-03-14T12:33:44.013000,66,,,
participant_10,3,day,Town10HD_Opt,2026-03-14 12:33:45.193588,3.23567008972168,70.09048461914062,0.0020509338937699,21.683,0.047,0.333,0.0,0,0,1,,1.0,2026-03-14T12:33:45.193588,neutral,0.323,2026-03-14T12:33:44.039696,0.2094305932487395,2026-03-14T12:33:45.995000,70,,,
participant_10,3,day,Town10HD_Opt,2026-03-14 12:33:46.078328,7.025050640106201,70.08206939697266,0.0020434951875358,21.679,0.155,0.332,0.0,0,0,1,,0.808,2026-03-14T12:33:46.078328,sad,0.438,2026-03-14T12:33:46.078328,0.2150822887353027,2026-03-14T12:33:45.995000,67,,,
participant_10,3,day,Town10HD_Opt,2026-03-14 12:33:47.269345,12.072315216064451,70.08930206298828,0.0020510863978415,21.426,-0.223,0.072,0.0,0,0,1,,0.816,2026-03-14T12:33:47.269345,sad,0.438,2026-03-14T12:33:46.078328,0.2035937992068115,2026-03-14T12:33:48.018000,68,,,
participant_10,3,day,Town10HD_Opt,2026-03-14 12:33:48.149166,15.471888542175291,70.0875244140625,0.0019374083494767,17.05,-0.021,0.0,0.0,0,0,1,,0.875,2026-03-14T12:33:48.149166,sad,0.331,2026-03-14T12:33:48.149166,0.1960163296895187,2026-03-14T12:33:49.008000,69,,,
participant_10,3,day,Town10HD_Opt,2026-03-14 12:33:49.240561,18.87461471557617,70.08182525634766,0.0020334625151008,12.01,-0.08,0.0,0.0,0,0,1,,0.861,2026-03-14T12:33:49.240561,sad,0.331,2026-03-14T12:33:48.149166,0.221831998696887,2026-03-14T12:33:49.998000,71,,,
participant_10,3,day,Town10HD_Opt,2026-03-14 12:33:50.151514,20.746076583862305,70.07647705078125,0.0020074462518095,9.091,-0.08,0.0,0.0,0,0,1,,0.883,2026-03-14T12:33:50.151514,neutral,0.421,2026-03-14T12:33:50.151514,0.230606875548142,2026-03-14T12:33:51.033000,70,,,
participant_10,3,day,Town10HD_Opt,2026-03-14 12:33:51.238427,22.65342140197754,70.0692138671875,0.0019344328902661,7.609,-0.08,0.0,0.0,0,0,1,,0.833,2026-03-14T12:33:51.238427,neutral,0.421,2026-03-14T12:33:50.151514,0.299798500323331,2026-03-14T12:33:52.022000,70,,,
participant_10,3,day,Town10HD_Opt,2026-03-14 12:33:52.172258,23.84090614318848,70.06387329101562,0.0019896698649972,5.631,-0.08,0.041,0.0,0,0,1,,0.912,2026-03-14T12:33:52.172258,neutral,0.581,2026-03-14T12:33:52.172258,0.2693817172972051,2026-03-14T12:33:53.013000,69,,,
participant_10,3,day,Town10HD_Opt,2026-03-14 12:33:53.020157,24.708480834960938,70.05950927734375,0.0019654082134366,4.197,-0.08,0.033,0.0,0,0,1,,0.919,2026-03-14T12:33:53.020157,neutral,0.581,2026-03-14T12:33:52.172258,0.271761998222816,2026-03-14T12:33:53.013000,70,,,
participant_10,3,day,Town10HD_Opt,2026-03-14 12:33:54.178330,25.53315544128418,70.05504608154297,0.0019506835378706,2.839,-0.08,0.0,0.0,0,0,1,,0.892,2026-03-14T12:33:54.178330,neutral,0.753,2026-03-14T12:33:54.178330,0.2668186909278195,2026-03-14T12:33:54.993000,67,,,
participant_10,3,day,Town10HD_Opt,2026-03-14 12:33:55.012496,26.03948402404785,70.0521469116211,0.0019394683185964,2.572,-0.08,0.0,0.0,0,0,1,,0.913,2026-03-14T12:33:55.012496,neutral,0.753,2026-03-14T12:33:54.178330,0.2209903117180614,2026-03-14T12:33:54.993000,70,,,
participant_10,3,day,Town10HD_Opt,2026-03-14 12:33:56.148545,26.26230812072754,70.05075073242188,0.0019446181831881,0.0,-0.082,0.0,0.063,0,0,1,,0.944,2026-03-14T12:33:56.148545,neutral,0.753,2026-03-14T12:33:54.178330,0.297719144404261,2026-03-14T12:33:57.018000,68,,,
participant_10,3,day,Town10HD_Opt,2026-03-14 12:33:57.007523,26.334379196166992,70.05040740966797,0.0017467498546466,4.302,-0.305,0.951,0.0,0,0,1,,0.935,2026-03-14T12:33:57.007523,sad,0.417,2026-03-14T12:33:57.007523,0.234460316153121,2026-03-14T12:33:57.018000,69,,,errors=Stop sign violation
participant_10,3,day,Town10HD_Opt,2026-03-14 12:33:58.152562,29.34881591796875,69.96923828125,0.0017635726835578,21.904,-6.236,0.807,0.0,0,0,1,,0.879,2026-03-14T12:33:58.152562,sad,0.417,2026-03-14T12:33:57.007523,0.2374010190702923,2026-03-14T12:33:58.998000,68,,,
participant_10,3,day,Town10HD_Opt,2026-03-14 12:33:59.066003,33.68601989746094,69.1690444946289,0.001865844707936,28.45,-12.1,0.574,0.0,0,0,1,,1.0,2026-03-14T12:33:59.066003,neutral,0.514,2026-03-14T12:33:59.066003,0.2659993439362408,2026-03-14T12:33:58.998000,67,,,
participant_10,3,day,Town10HD_Opt,2026-03-14 12:34:00.194587,39.95670700073242,65.64527130126953,0.0019701765850186,33.316,-12.621,0.476,0.0,0,0,1,,0.91,2026-03-14T12:34:00.194587,neutral,0.514,2026-03-14T12:33:59.066003,0.3458242217519507,2026-03-14T12:34:01.025000,65,,,
participant_10,3,day,Town10HD_Opt,2026-03-14 12:34:01.048636,43.47140502929688,61.11943054199219,0.0022247694432735,30.448,-14.727,0.0,0.0,0,0,1,,1.0,2026-03-14T12:34:01.048636,neutral,0.514,2026-03-14T12:33:59.066003,0.2232198115459567,2026-03-14T12:34:01.025000,63,,,
participant_10,3,day,Town10HD_Opt,2026-03-14 12:34:02.180420,44.86357498168945,55.31790542602539,0.0022750853095203,20.313,-10.156,0.0,0.0,0,0,1,,0.81,2026-03-14T12:34:02.180420,sad,0.285,2026-03-14T12:34:02.180420,0.1756552987722022,2026-03-14T12:34:03.003000,66,,,
participant_10,3,day,Town10HD_Opt,2026-03-14 12:34:03.094937,44.70899200439453,52.057655334472656,0.0019261168781667,17.534,-8.51,0.402,0.0,0,0,1,,0.87,2026-03-14T12:34:03.094937,sad,0.285,2026-03-14T12:34:02.180420,0.2524081645193732,2026-03-14T12:34:03.003000,64,,,
participant_10,3,day,Town10HD_Opt,2026-03-14 12:34:04.253222,44.191253662109375,47.86604309082031,0.0020302962511777,18.898,2.092,0.524,0.0,0,0,1,,0.964,2026-03-14T12:34:04.253222,neutral,0.798,2026-03-14T12:34:04.253222,0.2661889788266653,2026-03-14T12:34:04.173000,68,,,
participant_10,3,day,Town10HD_Opt,2026-03-14 12:34:05.100310,43.90956115722656,44.28910446166992,0.0019321059808135,22.321,2.259,0.355,0.0,0,0,1,,0.949,2026-03-14T12:34:05.100310,neutral,0.798,2026-03-14T12:34:04.253222,0.2214604364227877,2026-03-14T12:34:05.209000,66,,,
participant_10,3,day,Town10HD_Opt,2026-03-14 12:34:06.232525,43.88935470581055,39.20518112182617,0.0020841597579419,20.911,7.406,0.36,0.0,0,0,1,,0.957,2026-03-14T12:34:06.232525,neutral,0.798,2026-03-14T12:34:04.253222,0.216084775894572,2026-03-14T12:34:07.008000,69,,,
participant_10,3,day,Town10HD_Opt,2026-03-14 12:34:07.065281,44.54862594604492,35.57023620605469,0.0020207976922392,21.808,13.904,0.504,0.0,0,0,1,,0.937,2026-03-14T12:34:07.065281,neutral,0.385,2026-03-14T12:34:07.065281,0.1889813521270845,2026-03-14T12:34:07.008000,67,,,
participant_10,3,day,Town10HD_Opt,2026-03-14 12:34:08.154405,47.34722900390625,30.729217529296875,0.0019181059906259,27.493,17.174,0.408,0.0,0,0,1,,1.0,2026-03-14T12:34:08.154405,neutral,0.385,2026-03-14T12:34:07.065281,0.2493166130848833,2026-03-14T12:34:09.036000,66,,,
participant_10,3,day,Town10HD_Opt,2026-03-14 12:34:09.041402,51.08882522583008,27.98543167114257,0.0022438429296016,23.74,15.42,0.0,0.0,0,0,1,,0.908,2026-03-14T12:34:09.041402,neutral,0.385,2026-03-14T12:34:07.065281,0.3136080479597787,2026-03-14T12:34:09.036000,67,,,
participant_10,3,day,Town10HD_Opt,2026-03-14 12:34:10.257377,56.15185546875,26.56126594543457,0.001969528151676,24.014,7.677,0.496,0.0,0,0,1,,0.902,2026-03-14T12:34:10.257377,neutral,0.532,2026-03-14T12:34:10.257377,0.3043329820562178,2026-03-14T12:34:11.013000,65,,,
participant_10,3,day,Town10HD_Opt,2026-03-14 12:34:11.094428,60.58243560791016,26.117816925048828,0.0019985961262136,25.966,-1.048,0.0,0.0,0,0,1,,0.863,2026-03-14T12:34:11.094428,neutral,0.532,2026-03-14T12:34:10.257377,0.2478676096494798,2026-03-14T12:34:11.013000,65,,,
participant_10,3,day,Town10HD_Opt,2026-03-14 12:34:12.241091,65.7491226196289,25.408308029174805,0.0022367858327925,18.041,0.719,0.0,0.0,0,0,1,,1.0,2026-03-14T12:34:12.241091,neutral,0.532,2026-03-14T12:34:10.257377,0.2191870269846992,2026-03-14T12:34:13.038000,69,,,
participant_10,3,day,Town10HD_Opt,2026-03-14 12:34:13.035901,68.60173797607422,25.02493667602539,0.0019987486302852,15.034,2.826,0.173,0.0,0,0,1,,0.946,2026-03-14T12:34:13.035901,neutral,0.432,2026-03-14T12:34:13.035901,0.251113704365528,2026-03-14T12:34:13.038000,69,,,
participant_10,3,day,Town10HD_Opt,2026-03-14 12:34:14.105590,71.97647094726562,24.779903411865234,0.0019443511264398,13.962,3.61,0.171,0.0,0,0,1,,0.93,2026-03-14T12:34:14.105590,neutral,0.432,2026-03-14T12:34:13.035901,0.2228394734583486,2026-03-14T12:34:14.118000,68,,,
participant_10,3,day,Town10HD_Opt,2026-03-14 12:34:15.137347,75.14189147949219,24.75308990478516,0.0019387054489925,13.131,3.601,0.074,0.0,0,0,1,,0.936,2026-03-14T12:34:15.137347,fear,0.356,2026-03-14T12:34:15.137347,0.2102098318762639,2026-03-14T12:34:16.009000,67,,,
participant_10,3,day,Town10HD_Opt,2026-03-14 12:34:16.192698,77.84391784667969,24.851057052612305,0.0020083617419004,9.62,-0.938,0.0,0.0,0,0,1,,0.908,2026-03-14T12:34:16.192698,fear,0.356,2026-03-14T12:34:15.137347,0.2423491100379534,2026-03-14T12:34:16.998000,67,,,
participant_10,3,day,Town10HD_Opt,2026-03-14 12:34:17.233432,79.75199890136719,24.891584396362305,0.0020079803653061,6.252,0.446,0.0,0.228,0,0,1,,0.856,2026-03-14T12:34:17.233432,sad,0.34,2026-03-14T12:34:17.233432,0.2869516320514902,2026-03-14T12:34:18.122000,71,,,
participant_10,3,day,Town10HD_Opt,2026-03-14 12:34:17.997815,80.05154418945312,24.899477005004883,0.0020004652906209,0.0,0.449,0.0,0.239,0,0,1,,0.894,2026-03-14T12:34:17.997815,sad,0.34,2026-03-14T12:34:17.233432,0.228262480771942,2026-03-14T12:34:18.122000,68,,,
participant_10,3,day,Town10HD_Opt,2026-03-14 12:34:19.005773,80.05168914794922,24.89947891235352,0.0019203185802325,0.006,0.449,0.0,0.0,0,0,1,,0.958,2026-03-14T12:34:19.005773,sad,0.34,2026-03-14T12:34:17.233432,0.2277915639021405,2026-03-14T12:34:19.027000,73,,,
participant_10,3,day,Town10HD_Opt,2026-03-14 12:34:20.078029,80.05178833007812,24.89947891235352,0.0019193267216905,0.006,0.449,0.0,0.0,0,0,1,,0.909,2026-03-14T12:34:20.078029,neutral,0.504,2026-03-14T12:34:20.078029,0.2252443668156774,2026-03-14T12:34:20.013000,71,,,
participant_10,3,day,Town10HD_Opt,2026-03-14 12:34:21.190920,80.05189514160156,24.89947891235352,0.001919288537465,0.006,0.449,0.0,0.0,0,0,1,,0.945,2026-03-14T12:34:21.190920,neutral,0.504,2026-03-14T12:34:20.078029,0.2675402314574527,2026-03-14T12:34:22.038000,71,,,
participant_10,3,day,Town10HD_Opt,2026-03-14 12:34:22.251045,80.05199432373047,24.89947891235352,0.001919288537465,0.006,0.449,0.0,0.0,0,0,1,,0.869,2026-03-14T12:34:22.251045,neutral,0.403,2026-03-14T12:34:22.251045,0.2699209830834749,2026-03-14T12:34:23.118000,68,,,
participant_10,3,day,Town10HD_Opt,2026-03-14 12:34:23.172835,80.05210876464844,24.89947891235352,0.001919021597132,0.001,0.449,0.0,0.0,0,0,1,,0.918,2026-03-14T12:34:23.172835,neutral,0.403,2026-03-14T12:34:22.251045,0.1897791210968584,2026-03-14T12:34:24.019000,66,,,
participant_10,3,day,Town10HD_Opt,2026-03-14 12:34:24.253615,80.05224609375,24.89947891235352,0.001919021597132,0.001,0.449,0.0,0.0,0,0,1,,0.905,2026-03-14T12:34:24.253615,neutral,0.487,2026-03-14T12:34:24.253615,0.2157713163065906,2026-03-14T12:34:25.008000,66,,,
participant_10,3,day,Town10HD_Opt,2026-03-14 12:34:25.041558,80.05220031738281,24.89947891235352,0.0019188307924196,0.001,0.446,0.0,0.0,0,0,1,,0.939,2026-03-14T12:34:25.041558,neutral,0.487,2026-03-14T12:34:24.253615,0.2670850576673846,2026-03-14T12:34:25.008000,63,,,
participant_10,3,day,Town10HD_Opt,2026-03-14 12:34:26.113204,80.05233001708984,24.89947891235352,0.0019188689766451,0.001,0.242,0.0,0.0,0,0,1,,0.906,2026-03-14T12:34:26.113204,neutral,0.487,2026-03-14T12:34:24.253615,0.2134493036283624,2026-03-14T12:34:26.010000,65,,,
participant_10,3,day,Town10HD_Opt,2026-03-14 12:34:27.230321,80.06922912597656,24.89986801147461,0.0018923949683085,0.449,-0.226,0.0,0.0,0,0,1,,0.954,2026-03-14T12:34:27.230321,sad,0.36,2026-03-14T12:34:27.230321,0.2935346967803725,2026-03-14T12:34:28.023000,66,,,
participant_10,3,day,Town10HD_Opt,2026-03-14 12:34:28.065289,80.14186096191406,24.901594161987305,0.0019218062516301,0.176,-0.256,0.306,0.0,0,0,1,,0.958,2026-03-14T12:34:28.065289,sad,0.36,2026-03-14T12:34:27.230321,0.2652939991176634,2026-03-14T12:34:28.023000,64,,,
participant_10,3,day,Town10HD_Opt,2026-03-14 12:34:29.181759,81.45272064208984,24.92140007019043,0.0017898940714076,9.665,-0.496,0.0,0.0,0,0,1,,0.933,2026-03-14T12:34:29.181759,sad,0.36,2026-03-14T12:34:27.230321,0.3290901797549991,2026-03-14T12:34:30.004000,66,,,
participant_10,3,day,Town10HD_Opt,2026-03-14 12:34:29.993758,82.96038818359375,24.94384384155273,0.0019929122645407,7.386,-0.289,0.067,0.0,0,0,1,,0.967,2026-03-14T12:34:29.993758,sad,0.372,2026-03-14T12:34:29.993758,0.2463848645893072,2026-03-14T12:34:30.004000,67,,,
participant_10,3,day,Town10HD_Opt,2026-03-14 12:34:31.110056,84.21341705322266,24.960378646850582,0.0022790527436882,0.271,-0.228,0.244,0.0,0,0,1,,0.935,2026-03-14T12:34:31.110056,sad,0.372,2026-03-14T12:34:29.993758,0.2989047998598712,2026-03-14T12:34:31.038000,62,,,
participant_10,3,day,Town10HD_Opt,2026-03-14 12:34:32.238804,85.20317840576172,25.01468276977539,0.0015064621111378,11.761,8.527,0.739,0.0,0,0,1,,0.936,2026-03-14T12:34:32.238804,neutral,0.353,2026-03-14T12:34:32.238804,0.3191498719129313,2026-03-14T12:34:33.019000,64,,,errors=Vehicle-pedestrian collision
participant_10,3,day,Town10HD_Opt,2026-03-14 12:34:33.067862,88.12083435058594,25.274614334106445,0.0017728041857481,23.003,1.45,1.0,0.0,0,0,1,,0.801,2026-03-14T12:34:33.067862,neutral,0.353,2026-03-14T12:34:32.238804,0.3329329741722847,2026-03-14T12:34:33.019000,64,,,
participant_10,3,day,Town10HD_Opt,2026-03-14 12:34:34.128592,95.79196166992188,25.947582244873047,0.0015717315254732,43.532,-6.355,0.948,0.0,0,0,1,,0.922,2026-03-14T12:34:34.128592,neutral,0.353,2026-03-14T12:34:32.238804,0.3329702262186559,2026-03-14T12:34:34.999000,65,,,
participant_10,3,day,Town10HD_Opt,2026-03-14 12:34:35.241852,106.68406677246094,23.625289916992188,0.0022411728277802,46.15,-19.961,0.0,0.0,0,0,1,,1.0,2026-03-14T12:34:35.241852,neutral,0.501,2026-03-14T12:34:35.241852,0.3683708682260556,2026-03-14T12:34:36.034000,65,,,
participant_10,3,day,Town10HD_Opt,2026-03-14 12:34:36.234751,111.48505401611328,16.350553512573242,0.0024081037845462,31.18,-15.948,0.0,0.0,0,0,1,,1.0,2026-03-14T12:34:36.234751,neutral,0.501,2026-03-14T12:34:35.241852,0.3026035421299006,2026-03-14T12:34:37.024000,64,,,
participant_10,3,day,Town10HD_Opt,2026-03-14 12:34:37.036609,111.3895263671875,11.586627960205078,0.0023230360820889,23.825,-16.918,0.0,0.0,0,0,1,,0.89,2026-03-14T12:34:37.036609,neutral,0.501,2026-03-14T12:34:35.241852,0.3256024298017298,2026-03-14T12:34:37.024000,65,,,
participant_10,3,day,Town10HD_Opt,2026-03-14 12:34:38.065701,109.46866607666016,7.458337306976318,0.0020052718464285,16.019,-16.104,0.0,0.0,0,0,1,,0.817,2026-03-14T12:34:38.065701,neutral,0.463,2026-03-14T12:34:38.065701,0.2693126509362531,2026-03-14T12:34:38.058000,64,,,
participant_10,3,day,Town10HD_Opt,2026-03-14 12:34:39.199593,107.52971649169922,4.85882568359375,0.0020299148745834,11.461,6.049,0.0,0.0,0,0,1,,0.951,2026-03-14T12:34:39.199593,neutral,0.463,2026-03-14T12:34:38.065701,0.316044906019411,2026-03-14T12:34:39.138000,64,,,
participant_10,3,day,Town10HD_Opt,2026-03-14 12:34:40.226238,106.56526184082033,2.8230907917022705,0.0020202253945171,7.892,30.621,0.0,0.0,0,0,1,,0.858,2026-03-14T12:34:40.226238,sad,0.35,2026-03-14T12:34:40.226238,0.2877928117298915,2026-03-14T12:34:41.033000,65,,,
participant_10,3,day,Town10HD_Opt,2026-03-14 12:34:41.013447,106.4784164428711,1.629465103149414,0.0019917297177016,6.032,37.984,0.0,0.0,0,0,1,,0.928,2026-03-14T12:34:41.013447,sad,0.35,2026-03-14T12:34:40.226238,0.3350767857818458,2026-03-14T12:34:41.033000,63,,,
participant_10,3,day,Town10HD_Opt,2026-03-14 12:34:42.091631,106.7506103515625,0.5049312114715576,0.0019785689655691,4.219,51.627,0.0,0.0,0,0,1,,0.951,2026-03-14T12:34:42.091631,sad,0.35,2026-03-14T12:34:40.226238,0.3572772925846665,2026-03-14T12:34:42.063000,64,,,
participant_10,3,day,Town10HD_Opt,2026-03-14 12:34:43.161652,107.14342498779295,-0.2127965837717056,0.0019453048007562,3.172,32.026,0.376,0.0,0,0,1,,0.987,2026-03-14T12:34:43.161652,fear,0.336,2026-03-14T12:34:43.161652,0.3424195707175057,2026-03-14T12:34:43.999000,64,,,
participant_10,3,day,Town10HD_Opt,2026-03-14 12:34:44.227750,107.65000915527344,-1.7593239545822144,0.0017631911905482,10.418,-3.733,0.0,0.0,0,0,1,,0.938,2026-03-14T12:34:44.227750,fear,0.336,2026-03-14T12:34:43.161652,0.3510436455889468,2026-03-14T12:34:45.078000,63,,,
participant_10,3,day,Town10HD_Opt,2026-03-14 12:34:45.014491,108.0204086303711,-3.371577262878418,0.00199157721363,8.06,-9.492,0.0,0.0,0,0,1,,0.928,2026-03-14T12:34:45.014491,fear,0.336,2026-03-14T12:34:43.161652,0.3236565366159878,2026-03-14T12:34:45.078000,68,,,
participant_10,3,day,Town10HD_Opt,2026-03-14 12:34:46.059303,108.21702575683594,-5.203818321228027,0.0017502974951639,11.211,-12.973,0.367,0.0,0,0,1,,0.816,2026-03-14T12:34:46.059303,sad,0.349,2026-03-14T12:34:46.059303,0.314204546649825,2026-03-14T12:34:46.035000,67,,,
participant_10,3,day,Town10HD_Opt,2026-03-14 12:34:47.114513,108.03622436523438,-8.288372039794922,0.0017802810762077,16.174,-12.141,0.453,0.0,0,0,1,,1.0,2026-03-14T12:34:47.114513,sad,0.349,2026-03-14T12:34:46.059303,0.2729154410986107,2026-03-14T12:34:48.006000,67,,,
participant_10,3,day,Town10HD_Opt,2026-03-14 12:34:48.181311,107.18733215332033,-12.42805004119873,0.0019733046647161,20.006,-0.496,0.495,0.0,0,0,1,,0.815,2026-03-14T12:34:48.181311,sad,0.333,2026-03-14T12:34:48.181311,0.2428522133961233,2026-03-14T12:34:49.040000,68,,,
participant_10,3,day,Town10HD_Opt,2026-03-14 12:34:49.234326,106.32906341552734,-17.463577270507812,0.0019612121395766,23.692,8.32,0.0,0.0,0,0,1,,1.0,2026-03-14T12:34:49.234326,sad,0.333,2026-03-14T12:34:48.181311,0.2595172335846361,2026-03-14T12:34:50.073000,70,,,
participant_10,3,day,Town10HD_Opt,2026-03-14 12:34:50.074311,106.4067153930664,-21.13263702392578,0.0022308730985969,17.995,11.885,0.0,0.0,0,0,1,,1.0,2026-03-14T12:34:50.074311,sad,0.333,2026-03-14T12:34:48.181311,0.293310672332899,2026-03-14T12:34:50.073000,70,,,
participant_10,3,day,Town10HD_Opt,2026-03-14 12:34:51.145945,-41.6685676574707,89.74537658691406,-0.0547260269522666,0.906,14.239,0.0,0.0,0,0,0,,1.0,2026-03-14T12:34:51.145945,sad,0.32,2026-03-14T12:34:51.145945,0.356329895101043,2026-03-14T12:34:51.026000,74,,,
participant_10,3,day,Town10HD_Opt,2026-03-14 12:34:52.101173,-41.66864776611328,89.7454833984375,0.0012951277894899,0.019,8.825,0.0,0.0,0,0,0,,1.0,2026-03-14T12:34:52.101173,sad,0.32,2026-03-14T12:34:51.145945,0.2706842256713354,2026-03-14T12:34:52.998000,77,,,
participant_10,3,day,Town10HD_Opt,2026-03-14 12:34:53.010883,-41.66864776611328,89.7454833984375,0.0019057082245126,0.0,1.869,0.0,0.0,0,0,0,,0.813,2026-03-14T12:34:53.010883,sad,0.32,2026-03-14T12:34:51.145945,0.2869670089363998,2026-03-14T12:34:52.998000,73,,,
participant_10,3,day,Town10HD_Opt,2026-03-14 12:34:54.374330,-41.66864776611328,89.7454833984375,0.0019173049367964,0.0,0.757,0.0,0.0,0,0,0,,1.0,2026-03-14T12:34:54.374330,sad,0.419,2026-03-14T12:34:54.374330,0.3010177368570766,2026-03-14T12:34:55.023000,80,,,
participant_10,3,day,Town10HD_Opt,2026-03-14 12:34:55.262184,-41.66864776611328,89.7454833984375,0.0019184494158253,0.0,1.14,0.0,0.0,0,0,0,,1.0,2026-03-14T12:34:55.262184,sad,0.419,2026-03-14T12:34:54.374330,0.3713631470523159,2026-03-14T12:34:56.013000,77,,,
participant_10,3,day,Town10HD_Opt,2026-03-14 12:34:56.141254,-41.66864776611328,89.7454833984375,0.0019184494158253,0.0,1.05,0.793,0.0,0,0,0,,1.0,2026-03-14T12:34:56.141254,sad,0.419,2026-03-14T12:34:54.374330,0.3183042470842481,2026-03-14T12:34:57.004000,77,,,
participant_10,3,day,Town10HD_Opt,2026-03-14 12:34:57.037659,-41.66432189941406,88.24601745605469,0.0017567825270816,11.596,-0.402,0.0,0.0,0,0,1,,1.0,2026-03-14T12:34:57.037659,sad,0.405,2026-03-14T12:34:57.037659,0.3252342926912757,2026-03-14T12:34:57.004000,79,,,
participant_10,3,day,Town10HD_Opt,2026-03-14 12:34:58.154563,-41.67994689941406,85.89611053466797,0.0020001220982521,7.326,-0.068,0.0,0.0,0,0,1,,0.8,2026-03-14T12:34:58.154563,sad,0.405,2026-03-14T12:34:57.037659,0.3362627439946776,2026-03-14T12:34:59.028000,72,,,
participant_10,3,day,Town10HD_Opt,2026-03-14 12:34:59.068308,-41.6850814819336,84.93653869628906,0.0019755936227738,4.519,0.352,0.0,0.0,0,0,1,,1.0,2026-03-14T12:34:59.068308,sad,0.43,2026-03-14T12:34:59.068308,0.3756315233380605,2026-03-14T12:34:59.028000,76,,,
participant_10,4,day,Town10HD_Opt,2026-03-14 12:45:00.000000,-41.66858673095703,89.7454833984375,0.5804919004440308,11.165,0.395,0.765,0.0,0,0,1,,1.0,2026-03-14T12:45:00,,,2026-03-14T12:45:00,0.6300580467553343,2026-03-14T12:45:00,66,,,
participant_10,4,day,Town10HD_Opt,2026-03-14 12:45:04.301988,-41.66654586791992,88.39640808105469,0.0017340470803901,11.522,0.395,0.807,0.0,0,0,1,,1.0,2026-03-14T12:45:04.301988,neutral,0.994,2026-03-14T12:45:04.301988,0.6178465319654666,2026-03-14T12:45:04.053000,68,,,
participant_10,4,day,Town10HD_Opt,2026-03-14 12:45:05.320008,-41.65850830078125,86.65870666503906,0.0016088486881926,18.109,0.395,0.667,0.0,0,0,1,,0.858,2026-03-14T12:45:05.320008,neutral,0.994,2026-03-14T12:45:04.301988,0.6591288891861841,2026-03-14T12:45:04.995000,68,,,
participant_10,4,day,Town10HD_Opt,2026-03-14 12:45:06.315726,-41.6380615234375,84.4439697265625,0.0020591735374182,18.384,3.872,0.032,0.0,0,0,1,,1.0,2026-03-14T12:45:06.315726,neutral,0.993,2026-03-14T12:45:06.315726,0.6090624523565173,2026-03-14T12:45:06.120000,68,,,
participant_10,4,day,Town10HD_Opt,2026-03-14 12:45:07.369658,-41.49013519287109,82.40479278564453,0.0019649504683911,16.451,5.969,0.072,0.0,0,0,1,,1.0,2026-03-14T12:45:07.369658,neutral,0.993,2026-03-14T12:45:06.315726,0.58689258851754,2026-03-14T12:45:07.066000,68,,,
participant_10,4,day,Town10HD_Opt,2026-03-14 12:45:08.359847,-41.23862838745117,80.50523376464844,0.00184402463492,17.549,5.359,0.511,0.0,0,0,1,,1.0,2026-03-14T12:45:08.359847,neutral,0.99,2026-03-14T12:45:08.359847,0.6128696810200056,2026-03-14T12:45:08.010000,74,,,
participant_10,4,day,Town10HD_Opt,2026-03-14 12:45:09.417346,-40.81766128540039,78.41531372070312,0.0020499038510024,18.594,10.156,0.44,0.0,0,0,1,,1.0,2026-03-14T12:45:09.417346,neutral,0.99,2026-03-14T12:45:08.359847,0.5683061574577356,2026-03-14T12:45:09.090000,75,,,
participant_10,4,day,Town10HD_Opt,2026-03-14 12:45:10.455629,-40.05186080932617,76.3367691040039,0.0020559690892696,19.027,18.001,0.073,0.0,0,0,1,,0.884,2026-03-14T12:45:10.455629,neutral,0.937,2026-03-14T12:45:10.455629,0.6436054123019104,2026-03-14T12:45:09.990000,72,,,
participant_10,4,day,Town10HD_Opt,2026-03-14 12:45:11.484312,-38.91493988037109,74.56088256835938,0.0019157790811732,17.455,18.762,0.067,0.0,0,0,1,,1.0,2026-03-14T12:45:11.484312,neutral,0.937,2026-03-14T12:45:10.455629,0.5628619558248786,2026-03-14T12:45:11.025000,70,,,
participant_10,4,day,Town10HD_Opt,2026-03-14 12:45:12.025097,-38.26395797729492,73.8263931274414,0.0020073698833584,16.388,18.704,0.065,0.0,0,0,1,,0.926,2026-03-14T12:45:12.025097,neutral,0.937,2026-03-14T12:45:10.455629,0.5743965540659369,2026-03-14T12:45:12.060000,73,,,
participant_10,4,day,Town10HD_Opt,2026-03-14 12:45:13.024372,-36.90955352783203,72.6547622680664,0.0020018385257571,14.922,18.395,0.353,0.0,0,0,1,,1.0,2026-03-14T12:45:13.024372,neutral,0.986,2026-03-14T12:45:13.024372,0.5475831097770721,2026-03-14T12:45:13.005000,72,,,
participant_10,4,day,Town10HD_Opt,2026-03-14 12:45:14.041249,-35.341529846191406,71.6953125,0.0018204498337581,17.273,16.337,0.54,0.0,0,0,1,,0.889,2026-03-14T12:45:14.041249,neutral,0.986,2026-03-14T12:45:13.024372,0.5939172863164679,2026-03-14T12:45:13.995000,73,,,
participant_10,4,day,Town10HD_Opt,2026-03-14 12:45:15.036645,-33.38099670410156,70.81376647949219,0.002031669486314,19.086,11.962,0.496,0.0,0,0,1,,0.962,2026-03-14T12:45:15.036645,neutral,0.988,2026-03-14T12:45:15.036645,0.6164104340503036,2026-03-14T12:45:15.075000,77,,,
participant_10,4,day,Town10HD_Opt,2026-03-14 12:45:16.111596,-31.13162612915039,70.11530303955078,0.0019506835378706,21.299,11.443,0.478,0.0,0,0,1,,0.974,2026-03-14T12:45:16.111596,neutral,0.988,2026-03-14T12:45:15.036645,0.6567340205802686,2026-03-14T12:45:16.155000,79,,,
participant_10,4,day,Town10HD_Opt,2026-03-14 12:45:17.222822,-28.55626106262207,69.69108581542969,0.0019525908865034,23.573,11.233,0.478,0.0,0,0,1,,0.99,2026-03-14T12:45:17.222822,fear,0.435,2026-03-14T12:45:17.222822,0.5883075255889181,2026-03-14T12:45:17.145000,76,,,
participant_10,4,day,Town10HD_Opt,2026-03-14 12:45:18.318768,-25.70757293701172,69.61061096191406,0.0019517134642228,25.417,3.966,0.476,0.0,0,0,1,,0.948,2026-03-14T12:45:18.318768,fear,0.435,2026-03-14T12:45:17.222822,0.5816264411914304,2026-03-14T12:45:18.090000,82,,,
participant_10,4,day,Town10HD_Opt,2026-03-14 12:45:19.397363,-22.63137435913086,69.60511016845703,0.001958503620699,27.312,-1.492,0.477,0.0,0,0,1,,0.942,2026-03-14T12:45:19.397363,neutral,0.988,2026-03-14T12:45:19.397363,0.4838607237704527,2026-03-14T12:45:18.990000,81,,,
participant_10,4,day,Town10HD_Opt,2026-03-14 12:45:20.468564,-19.31493377685547,69.57872009277344,0.0019000243628397,29.946,1.706,0.583,0.0,0,0,1,,0.871,2026-03-14T12:45:20.468564,neutral,0.988,2026-03-14T12:45:19.397363,0.5995283884175141,2026-03-14T12:45:20.025000,81,,,
participant_10,4,day,Town10HD_Opt,2026-03-14 12:45:20.994690,-17.516691207885742,69.60198211669922,0.0018873977242037,31.837,0.484,0.568,0.0,0,0,1,,0.93,2026-03-14T12:45:20.994690,neutral,0.988,2026-03-14T12:45:19.397363,0.5917070212187838,2026-03-14T12:45:21.015000,78,,,
participant_10,4,day,Town10HD_Opt,2026-03-14 12:45:22.039874,-13.65649127960205,69.64379119873047,0.0019041061168536,34.643,-0.745,0.562,0.0,0,0,1,,0.966,2026-03-14T12:45:22.039874,neutral,0.996,2026-03-14T12:45:22.039874,0.5912349634606978,2026-03-14T12:45:22.051000,78,,,
participant_10,4,day,Town10HD_Opt,2026-03-14 12:45:23.087599,-9.48732566833496,69.66417694091797,0.00192012777552,36.921,0.658,0.559,0.0,0,0,1,,0.882,2026-03-14T12:45:23.087599,neutral,0.996,2026-03-14T12:45:22.039874,0.6508352870426422,2026-03-14T12:45:22.995000,76,Harsh braking,decel_mps2=7.9,
participant_10,4,day,Town10HD_Opt,2026-03-14 12:45:24.129560,-5.043910026550293,69.71538543701172,0.0019349288195371,39.293,-0.193,0.551,0.0,0,0,1,,0.976,2026-03-14T12:45:24.129560,neutral,0.997,2026-03-14T12:45:24.129560,0.6124482360671847,2026-03-14T12:45:24.030000,77,,,
participant_10,4,day,Town10HD_Opt,2026-03-14 12:45:25.131551,-0.5308793783187866,69.75870513916016,0.0021973038092255,36.617,0.094,0.0,0.0,0,0,1,,0.966,2026-03-14T12:45:25.131551,neutral,0.997,2026-03-14T12:45:24.129560,0.5739591208885663,2026-03-14T12:45:25.021000,76,,,
participant_10,4,day,Town10HD_Opt,2026-03-14 12:45:26.169749,3.3693089485168457,69.80142974853516,0.0023435591720044,30.24,0.096,0.0,0.195,0,0,1,,0.905,2026-03-14T12:45:26.169749,neutral,0.989,2026-03-14T12:45:26.169749,0.5543727901665603,2026-03-14T12:45:26.011000,76,,,
participant_10,4,day,Town10HD_Opt,2026-03-14 12:45:27.229072,6.569389343261719,69.84272003173828,0.0023017118219286,24.499,0.101,0.0,0.019,0,0,1,,0.893,2026-03-14T12:45:27.229072,neutral,0.989,2026-03-14T12:45:26.169749,0.544310133494921,2026-03-14T12:45:27.270000,72,,,
participant_10,4,day,Town10HD_Opt,2026-03-14 12:45:28.237767,9.21071720123291,69.88102722167969,0.002258529420942,20.17,0.101,0.0,0.085,0,0,1,,0.925,2026-03-14T12:45:28.237767,neutral,0.956,2026-03-14T12:45:28.237767,0.5727801910209122,2026-03-14T12:45:28.035000,73,,,
participant_10,4,day,Town10HD_Opt,2026-03-14 12:45:29.258409,11.367606163024902,69.91525268554688,0.0019737624097615,16.934,0.101,0.0,0.0,0,0,1,,0.893,2026-03-14T12:45:29.258409,neutral,0.956,2026-03-14T12:45:28.237767,0.605563477075825,2026-03-14T12:45:29.026000,73,,,
participant_10,4,day,Town10HD_Opt,2026-03-14 12:45:30.276083,13.177193641662598,69.94608306884766,0.0020446395501494,14.0,0.101,0.0,0.0,0,0,1,,0.97,2026-03-14T12:45:30.276083,neutral,0.996,2026-03-14T12:45:30.276083,0.506215204666996,2026-03-14T12:45:30.015000,70,,,
participant_10,4,day,Town10HD_Opt,2026-03-14 12:45:31.292724,14.693578720092772,69.97333526611328,0.0020309067331254,11.912,0.101,0.0,0.0,0,0,1,,0.944,2026-03-14T12:45:31.292724,neutral,0.996,2026-03-14T12:45:30.276083,0.5852011511579103,2026-03-14T12:45:31.005000,70,,,
participant_10,4,day,Town10HD_Opt,2026-03-14 12:45:32.332821,15.965616226196287,69.9913330078125,0.0020132446661591,9.845,-1.018,0.0,0.0,0,0,1,,0.977,2026-03-14T12:45:32.332821,neutral,0.975,2026-03-14T12:45:32.332821,0.6226761897352786,2026-03-14T12:45:32.040000,72,,,
participant_10,4,day,Town10HD_Opt,2026-03-14 12:45:33.319727,17.032352447509766,69.99969482421875,0.0019980620127171,8.377,-0.32,0.0,0.0,0,0,1,,0.955,2026-03-14T12:45:33.319727,neutral,0.975,2026-03-14T12:45:32.332821,0.5491905202758591,2026-03-14T12:45:32.985000,74,Vehicle collision,Vehicle collision,
participant_10,4,day,Town10HD_Opt,2026-03-14 12:45:34.335711,17.926795959472656,70.00691223144531,0.0019855117425322,6.821,-0.284,0.0,0.0,0,0,1,,0.97,2026-03-14T12:45:34.335711,neutral,0.984,2026-03-14T12:45:34.335711,0.583476406091277,2026-03-14T12:45:34.021000,71,,,
participant_10,4,day,Town10HD_Opt,2026-03-14 12:45:35.395980,18.67674827575684,70.01199340820312,0.0019747160840779,5.889,-0.284,0.0,0.0,0,0,1,,0.934,2026-03-14T12:45:35.395980,neutral,0.984,2026-03-14T12:45:34.335711,0.5509398162467725,2026-03-14T12:45:35.010000,73,,,
participant_10,4,day,Town10HD_Opt,2026-03-14 12:45:36.458070,19.32128524780273,70.01573944091797,0.0018982314504683,5.954,-0.254,0.338,0.0,0,0,1,,0.811,2026-03-14T12:45:36.458070,neutral,0.989,2026-03-14T12:45:36.458070,0.4822760736058826,2026-03-14T12:45:36.045000,68,,,
participant_10,4,day,Town10HD_Opt,2026-03-14 12:45:36.993953,19.70431327819824,70.01771545410156,0.0018333053449168,7.102,-0.254,0.258,0.0,0,0,1,,0.888,2026-03-14T12:45:36.993953,neutral,0.989,2026-03-14T12:45:36.458070,0.5585886166471482,2026-03-14T12:45:36.990000,69,,,
participant_10,4,day,Town10HD_Opt,2026-03-14 12:45:38.026265,20.5847282409668,70.02149963378906,0.0019149780273437,7.291,-0.254,0.0,0.0,0,0,1,,1.0,2026-03-14T12:45:38.026265,neutral,0.989,2026-03-14T12:45:36.458070,0.5480615091965579,2026-03-14T12:45:38.025000,65,,,
participant_10,4,day,Town10HD_Opt,2026-03-14 12:45:39.108179,21.37609100341797,70.02400970458984,0.0019709777552634,6.129,-0.235,0.0,0.0,0,0,1,,0.97,2026-03-14T12:45:39.108179,neutral,0.997,2026-03-14T12:45:39.108179,0.6216071713264367,2026-03-14T12:45:39.015000,65,,,
participant_10,4,day,Town10HD_Opt,2026-03-14 12:45:40.144316,22.03187370300293,70.02594757080078,0.002029571449384,0.618,-0.235,0.0,0.036,0,0,1,,0.895,2026-03-14T12:45:40.144316,neutral,0.997,2026-03-14T12:45:39.108179,0.6098244881843935,2026-03-14T12:45:40.006000,67,,,
participant_10,4,day,Town10HD_Opt,2026-03-14 12:45:41.169749,22.04601287841797,70.02633666992188,0.0019981765653938,0.006,-0.235,0.0,0.0,0,0,1,,0.975,2026-03-14T12:45:41.169749,neutral,0.998,2026-03-14T12:45:41.169749,0.548930933054355,2026-03-14T12:45:40.995000,68,,,
participant_10,4,day,Town10HD_Opt,2026-03-14 12:45:42.169214,22.04718399047852,70.02635955810547,0.0019213866908103,0.14,-0.216,0.576,0.0,0,0,1,,0.955,2026-03-14T12:45:42.169214,neutral,0.998,2026-03-14T12:45:41.169749,0.642308999461104,2026-03-14T12:45:42.030000,67,,,
participant_10,4,day,Town10HD_Opt,2026-03-14 12:45:43.195640,22.37203788757324,70.02626037597656,0.0016595841152593,5.708,-0.216,0.593,0.0,0,0,1,,0.918,2026-03-14T12:45:43.195640,neutral,0.997,2026-03-14T12:45:43.195640,0.6196112252481399,2026-03-14T12:45:43.020000,69,,,
participant_10,4,day,Town10HD_Opt,2026-03-14 12:45:44.210530,23.298891067504883,70.02568817138672,0.001811180030927,8.575,-0.216,0.0,0.0,0,0,1,,0.947,2026-03-14T12:45:44.210530,neutral,0.997,2026-03-14T12:45:43.195640,0.580345313113605,2026-03-14T12:45:44.100000,71,,,
participant_10,4,day,Town10HD_Opt,2026-03-14 12:45:45.211642,24.208229064941406,70.02471923828125,0.0019937134347856,6.672,-0.216,0.0,0.122,0,0,1,,0.953,2026-03-14T12:45:45.211642,neutral,1.0,2026-03-14T12:45:45.211642,0.6038052601687509,2026-03-14T12:45:45.045000,70,,,
participant_10,4,day,Town10HD_Opt,2026-03-14 12:45:46.263993,24.651264190673828,70.02345275878906,0.0023025511763989,0.001,-0.216,0.0,0.312,0,0,1,,0.835,2026-03-14T12:45:46.263993,neutral,1.0,2026-03-14T12:45:45.211642,0.5187881586971331,2026-03-14T12:45:45.990000,68,,,
participant_10,4,day,Town10HD_Opt,2026-03-14 12:45:47.271802,24.65269660949707,70.02345275878906,0.001961059635505,0.098,-0.214,0.013,0.0,0,0,1,,1.0,2026-03-14T12:45:47.271802,neutral,0.53,2026-03-14T12:45:47.271802,0.4181249420972515,2026-03-14T12:45:47.026000,65,,,
participant_10,4,day,Town10HD_Opt,2026-03-14 12:45:48.295752,24.792016983032227,70.02317810058594,0.0016976930201053,3.979,-0.209,0.763,0.0,0,0,1,,1.0,2026-03-14T12:45:48.295752,neutral,0.53,2026-03-14T12:45:47.271802,0.4742380785632564,2026-03-14T12:45:48.016000,64,,,
participant_10,4,day,Town10HD_Opt,2026-03-14 12:45:49.316369,25.72802734375,70.02159881591797,0.0015285493573173,12.047,-0.214,0.777,0.0,0,0,1,,1.0,2026-03-14T12:45:49.316369,neutral,0.982,2026-03-14T12:45:49.316369,0.3750387738999606,2026-03-14T12:45:49.006000,65,,,
participant_10,4,day,Town10HD_Opt,2026-03-14 12:45:50.370905,27.54857444763184,69.99907684326172,0.0016420366009697,17.949,-4.747,0.19,0.0,0,0,1,,0.912,2026-03-14T12:45:50.370905,neutral,0.982,2026-03-14T12:45:49.316369,0.3875296494885797,2026-03-14T12:45:49.995000,66,,,errors=Stop sign violation
participant_10,4,day,Town10HD_Opt,2026-03-14 12:45:51.395512,29.60335350036621,69.77498626708984,0.001933250343427,17.363,-10.988,0.185,0.0,0,0,1,,0.866,2026-03-14T12:45:51.395512,neutral,0.99,2026-03-14T12:45:51.395512,0.3800433712936631,2026-03-14T12:45:50.985000,67,,,
participant_10,4,day,Town10HD_Opt,2026-03-14 12:45:52.434680,31.51024436950684,69.31752014160156,0.0019818877335637,16.243,-11.535,0.127,0.0,0,0,1,,0.87,2026-03-14T12:45:52.434680,neutral,0.99,2026-03-14T12:45:51.395512,0.2518568008707784,2026-03-14T12:45:52.021000,66,,,
participant_10,4,day,Town10HD_Opt,2026-03-14 12:45:53.470947,33.22224426269531,68.70436096191406,0.0019801710732281,15.095,-10.711,0.18,0.0,0,0,1,,1.0,2026-03-14T12:45:53.470947,neutral,0.939,2026-03-14T12:45:53.470947,0.3048691442241071,2026-03-14T12:45:53.145000,69,,,
participant_10,4,day,Town10HD_Opt,2026-03-14 12:45:54.005396,34.019989013671875,68.3555908203125,0.0019588852301239,14.849,-9.093,0.217,0.0,0,0,1,,0.821,2026-03-14T12:45:54.005396,neutral,0.939,2026-03-14T12:45:53.470947,0.2966608649154781,2026-03-14T12:45:54.045000,68,,,
participant_10,4,day,Town10HD_Opt,2026-03-14 12:45:55.024764,35.587379455566406,67.61022186279297,0.0019052504794672,15.152,-6.244,0.393,0.0,0,0,1,,0.949,2026-03-14T12:45:55.024764,neutral,0.939,2026-03-14T12:45:53.470947,0.1804446163524205,2026-03-14T12:45:54.045000,66,,,
participant_10,4,day,Town10HD_Opt,2026-03-14 12:45:56.086978,37.22757339477539,66.70379638671875,0.0018369674216955,17.152,-8.904,0.387,0.0,0,0,1,,0.977,2026-03-14T12:45:56.086978,neutral,0.955,2026-03-14T12:45:56.086978,0.2578205454214781,2026-03-14T12:45:56.114000,67,,,
participant_10,4,day,Town10HD_Opt,2026-03-14 12:45:57.143025,38.91561508178711,65.5022964477539,0.002092590322718,18.318,-13.836,0.388,0.0,0,0,1,,1.0,2026-03-14T12:45:57.143025,neutral,0.955,2026-03-14T12:45:56.086978,0.3125622707323059,2026-03-14T12:45:57.016000,66,,,
participant_10,4,day,Town10HD_Opt,2026-03-14 12:45:58.182251,40.47158432006836,64.0306396484375,0.002036933787167,18.621,-11.658,0.389,0.0,0,0,1,,0.897,2026-03-14T12:45:58.182251,neutral,0.971,2026-03-14T12:45:58.182251,0.2463999512864421,2026-03-14T12:45:58.005000,68,,,
participant_10,4,day,Town10HD_Opt,2026-03-14 12:45:59.265991,41.86566162109375,62.32591247558594,0.0025142286904156,19.36,-15.711,0.399,0.0,0,0,1,,1.0,2026-03-14T12:45:59.265991,neutral,0.971,2026-03-14T12:45:58.182251,0.3002197785288152,2026-03-14T12:45:58.995000,67,,,
participant_10,4,day,Town10HD_Opt,2026-03-14 12:46:00.336440,42.99629211425781,60.29976272583008,0.001982650719583,20.796,-15.647,0.511,0.0,0,0,1,,1.0,2026-03-14T12:46:00.336440,neutral,0.994,2026-03-14T12:46:00.336440,0.2434158524675828,2026-03-14T12:45:59.986000,72,,,
participant_10,4,day,Town10HD_Opt,2026-03-14 12:46:01.397300,43.8248176574707,57.88692092895508,0.0019839478190988,22.574,-12.493,0.0,0.0,0,0,1,,0.86,2026-03-14T12:46:01.397300,neutral,0.994,2026-03-14T12:46:00.336440,0.3414123324057153,2026-03-14T12:46:01.021000,68,,,
participant_10,4,day,Town10HD_Opt,2026-03-14 12:46:02.457666,44.38620376586914,55.490516662597656,0.0022003937046974,19.296,11.024,0.0,0.0,0,0,1,,0.855,2026-03-14T12:46:02.457666,neutral,0.99,2026-03-14T12:46:02.457666,0.3510085726077935,2026-03-14T12:46:02.010000,69,,,
participant_10,4,day,Town10HD_Opt,2026-03-14 12:46:03.020321,44.74974060058594,54.48682022094727,0.0020019528456032,17.681,13.951,0.0,0.0,0,0,1,,0.802,2026-03-14T12:46:03.020321,neutral,0.99,2026-03-14T12:46:02.457666,0.3733131894792941,2026-03-14T12:46:03,72,,,
participant_10,4,day,Town10HD_Opt,2026-03-14 12:46:04.071437,45.471282958984375,52.74059295654297,0.0020469664596021,14.775,-1.876,0.0,0.0,0,0,1,,0.989,2026-03-14T12:46:04.071437,neutral,0.99,2026-03-14T12:46:02.457666,0.4120374448167154,2026-03-14T12:46:03.990000,73,,,
participant_10,4,day,Town10HD_Opt,2026-03-14 12:46:05.093176,45.97040557861328,51.24658203125,0.0020378492772579,12.374,-6.014,0.0,0.0,0,0,1,,0.996,2026-03-14T12:46:05.093176,neutral,0.995,2026-03-14T12:46:05.093176,0.4483809841528023,2026-03-14T12:46:05.025000,71,,,
participant_10,4,day,Town10HD_Opt,2026-03-14 12:46:06.126106,46.34954452514648,49.94723129272461,0.0019438933813944,11.594,-4.605,0.216,0.0,0,0,1,,0.995,2026-03-14T12:46:06.126106,neutral,0.995,2026-03-14T12:46:05.093176,0.4430430339658515,2026-03-14T12:46:06.016000,70,,,
participant_10,4,day,Town10HD_Opt,2026-03-14 12:46:07.144240,46.67829513549805,48.60740661621094,0.0019274520454928,11.7,-5.938,0.094,0.0,0,0,1,,0.998,2026-03-14T12:46:07.144240,neutral,0.988,2026-03-14T12:46:07.144240,0.4206858296648648,2026-03-14T12:46:07.005000,70,,,
participant_10,4,day,Town10HD_Opt,2026-03-14 12:46:08.156109,46.93239212036133,47.324954986572266,0.0019633101765066,10.751,-5.938,0.095,0.0,0,0,1,,0.998,2026-03-14T12:46:08.156109,neutral,0.988,2026-03-14T12:46:07.144240,0.4536889829591775,2026-03-14T12:46:07.996000,67,,,
participant_10,4,day,Town10HD_Opt,2026-03-14 12:46:09.195218,47.11824417114258,46.13532638549805,0.0020917891524732,10.003,-5.877,0.12,0.0,0,0,1,,0.997,2026-03-14T12:46:09.195218,neutral,0.995,2026-03-14T12:46:09.195218,0.450695661761939,2026-03-14T12:46:09.031000,69,,,
participant_10,4,day,Town10HD_Opt,2026-03-14 12:46:10.219196,47.25155258178711,45.00725173950195,0.0025005722418427,9.504,-5.444,0.119,0.0,0,0,1,,0.998,2026-03-14T12:46:10.219196,neutral,0.995,2026-03-14T12:46:09.195218,0.3856467793800561,2026-03-14T12:46:10.065000,67,,,
participant_10,4,day,Town10HD_Opt,2026-03-14 12:46:11.245377,47.36053085327149,43.92625427246094,0.0028293989598751,9.409,-1.457,0.475,0.0,0,0,1,,0.991,2026-03-14T12:46:11.245377,neutral,0.967,2026-03-14T12:46:11.245377,0.3871836995733739,2026-03-14T12:46:11.146000,66,,,
participant_10,4,day,Town10HD_Opt,2026-03-14 12:46:12.261316,47.49651336669922,42.62960815429688,0.003186302492395,13.174,-1.25,0.539,0.0,0,0,1,,0.986,2026-03-14T12:46:12.261316,neutral,0.967,2026-03-14T12:46:11.245377,0.3281329759621326,2026-03-14T12:46:12,62,,,
participant_10,4,day,Town10HD_Opt,2026-03-14 12:46:13.315008,47.73893356323242,40.83704376220703,-0.0002499014080967,18.344,11.144,0.696,0.0,0,0,1,,0.917,2026-03-14T12:46:13.315008,neutral,0.966,2026-03-14T12:46:13.315008,0.235778201154805,2026-03-14T12:46:12.991000,63,,,
participant_10,4,day,Town10HD_Opt,2026-03-14 12:46:14.409073,48.34159469604492,38.66572570800781,0.0699661970138549,21.148,11.921,0.692,0.0,0,0,1,,0.981,2026-03-14T12:46:14.409073,neutral,0.966,2026-03-14T12:46:13.315008,0.1836946633497484,2026-03-14T12:46:14.026000,56,,,
participant_10,4,day,Town10HD_Opt,2026-03-14 12:46:14.995830,48.80995559692383,37.46372604370117,0.0439471378922462,23.493,13.868,0.701,0.0,0,0,1,,0.962,2026-03-14T12:46:14.995830,neutral,0.966,2026-03-14T12:46:13.315008,0.1851841317366096,2026-03-14T12:46:15.015000,60,,,
participant_10,4,day,Town10HD_Opt,2026-03-14 12:46:16.092103,50.39335250854492,34.87166976928711,0.0425722822546958,28.757,18.438,0.682,0.0,0,0,1,,0.871,2026-03-14T12:46:16.092103,neutral,0.979,2026-03-14T12:46:16.092103,0.1350556764347301,2026-03-14T12:46:16.005000,60,,,
participant_10,4,day,Town10HD_Opt,2026-03-14 12:46:17.281274,52.95344161987305,32.30354309082031,0.0093048848211765,33.137,6.661,0.539,0.0,0,0,1,,0.967,2026-03-14T12:46:17.281274,neutral,0.979,2026-03-14T12:46:16.092103,0.1675682394697939,2026-03-14T12:46:16.996000,62,,,
participant_10,4,day,Town10HD_Opt,2026-03-14 12:46:18.405111,56.09318542480469,29.785186767578125,0.0022223282139748,35.619,3.728,0.539,0.0,0,0,1,,0.992,2026-03-14T12:46:18.405111,neutral,0.996,2026-03-14T12:46:18.405111,0.1979707215427722,2026-03-14T12:46:18.031000,60,,,
participant_10,4,day,Town10HD_Opt,2026-03-14 12:46:19.001157,57.81623840332031,28.573524475097656,0.0020189667120575,36.566,8.189,0.533,0.0,0,0,1,,0.984,2026-03-14T12:46:19.001157,neutral,0.996,2026-03-14T12:46:18.405111,0.1211882724193,2026-03-14T12:46:19.065000,64,,,
participant_10,4,day,Town10HD_Opt,2026-03-14 12:46:20.112317,61.657562255859375,26.53482437133789,0.0020117568783462,37.584,7.982,0.0,0.0,0,0,1,,0.994,2026-03-14T12:46:20.112317,neutral,0.996,2026-03-14T12:46:18.405111,0.0950742484476162,2026-03-14T12:46:20.011000,64,,,
participant_10,4,day,Town10HD_Opt,2026-03-14 12:46:21.145390,65.54851531982422,25.274871826171875,0.0022910689003765,32.391,9.136,0.0,0.0,0,0,1,,0.983,2026-03-14T12:46:21.145390,neutral,0.989,2026-03-14T12:46:21.145390,0.1239570660530058,2026-03-14T12:46:21.001000,64,,,
participant_10,4,day,Town10HD_Opt,2026-03-14 12:46:22.195301,68.965576171875,24.802865982055664,0.0023156355600804,26.961,7.527,0.0,0.161,0,0,1,,0.984,2026-03-14T12:46:22.195301,neutral,0.989,2026-03-14T12:46:21.145390,0.1826787257825061,2026-03-14T12:46:22.036000,66,,,
participant_10,4,day,Town10HD_Opt,2026-03-14 12:46:23.225128,71.78810119628906,24.72430419921875,0.0023077391088008,21.595,3.205,0.0,0.289,0,0,1,,0.972,2026-03-14T12:46:23.225128,neutral,0.981,2026-03-14T12:46:23.225128,0.1433345072650707,2026-03-14T12:46:23.026000,65,Solid line crossing,Solid line crossing,
participant_10,4,day,Town10HD_Opt,2026-03-14 12:46:24.298359,73.9993896484375,24.73460960388184,0.0020475767087191,16.192,0.611,0.0,0.341,0,0,1,,0.952,2026-03-14T12:46:24.298359,neutral,0.981,2026-03-14T12:46:23.225128,0.1120613682696594,2026-03-14T12:46:24.016000,66,,,
participant_10,4,day,Town10HD_Opt,2026-03-14 12:46:25.293148,75.6697769165039,24.751440048217773,0.0021183774806559,12.247,0.545,0.0,0.365,0,0,1,,1.0,2026-03-14T12:46:25.293148,neutral,0.79,2026-03-14T12:46:25.293148,0.2123789574183273,2026-03-14T12:46:25.095000,67,,,
participant_10,4,day,Town10HD_Opt,2026-03-14 12:46:26.290391,76.86714935302734,24.76871681213379,0.0021129224915057,8.332,0.573,0.0,0.476,0,0,1,,0.964,2026-03-14T12:46:26.290391,neutral,0.79,2026-03-14T12:46:25.293148,0.1143892974727626,2026-03-14T12:46:25.995000,67,,,
participant_10,4,day,Town10HD_Opt,2026-03-14 12:46:27.297959,77.39988708496094,24.775983810424805,0.0023938748054206,0.001,-0.338,0.0,0.547,0,0,1,,0.853,2026-03-14T12:46:27.297959,neutral,0.981,2026-03-14T12:46:27.297959,0.1547799464905489,2026-03-14T12:46:27.076000,65,,,
participant_10,4,day,Town10HD_Opt,2026-03-14 12:46:28.329903,77.40107727050781,24.775991439819336,0.0019729994237422,0.034,-0.075,0.0,0.0,0,0,1,,1.0,2026-03-14T12:46:28.329903,neutral,0.981,2026-03-14T12:46:27.297959,0.191065981011998,2026-03-14T12:46:28.022000,69,,,
participant_10,4,day,Town10HD_Opt,2026-03-14 12:46:29.385008,77.4050064086914,24.77602767944336,0.0019233702914789,0.035,0.352,0.0,0.0,0,0,1,,0.963,2026-03-14T12:46:29.385008,neutral,0.942,2026-03-14T12:46:29.385008,0.2164084497992688,2026-03-14T12:46:29.145000,70,,,
participant_10,4,day,Town10HD_Opt,2026-03-14 12:46:30.367257,77.40840911865234,24.77608299255371,0.0019195937784388,0.03,0.345,0.0,0.0,0,0,1,,0.916,2026-03-14T12:46:30.367257,neutral,0.942,2026-03-14T12:46:29.385008,0.2402956351592559,2026-03-14T12:46:30.001000,66,,,
participant_10,4,day,Town10HD_Opt,2026-03-14 12:46:31.342938,77.41127014160156,24.776126861572266,0.0019192122854292,0.026,0.338,0.0,0.0,0,0,1,,0.943,2026-03-14T12:46:31.342938,neutral,0.942,2026-03-14T12:46:29.385008,0.2238849580388437,2026-03-14T12:46:31.035000,69,,,
participant_10,4,day,Town10HD_Opt,2026-03-14 12:46:32.326965,77.4131851196289,24.77612495422364,0.0019187545403838,0.009,0.336,0.0,0.0,0,0,1,,0.931,2026-03-14T12:46:32.326965,neutral,0.943,2026-03-14T12:46:32.326965,0.2999190165718376,2026-03-14T12:46:32.026000,68,,,
participant_10,4,day,Town10HD_Opt,2026-03-14 12:46:33.294625,77.41357421875,24.77612495422364,0.0019191360333934,0.002,0.317,0.0,0.0,0,0,1,,0.977,2026-03-14T12:46:33.294625,neutral,0.943,2026-03-14T12:46:32.326965,0.3111937341517385,2026-03-14T12:46:33.016000,72,,,
participant_10,4,day,Town10HD_Opt,2026-03-14 12:46:34.330483,77.4135971069336,24.77612495422364,0.0019187927246093,0.006,0.315,0.0,0.0,0,0,1,,0.914,2026-03-14T12:46:34.330483,neutral,0.972,2026-03-14T12:46:34.330483,0.3538653964295655,2026-03-14T12:46:34.096000,72,,,
participant_10,4,day,Town10HD_Opt,2026-03-14 12:46:35.396276,77.4136962890625,24.77612495422364,0.0019191360333934,0.001,0.315,0.0,0.0,0,0,1,,1.0,2026-03-14T12:46:35.396276,neutral,0.972,2026-03-14T12:46:34.330483,0.4194286783096744,2026-03-14T12:46:35.085000,69,,,
participant_10,4,day,Town10HD_Opt,2026-03-14 12:46:36.428228,77.41372680664062,24.77612495422364,0.0019187927246093,0.006,0.315,0.0,0.0,0,0,1,,0.864,2026-03-14T12:46:36.428228,neutral,0.979,2026-03-14T12:46:36.428228,0.3438531345580317,2026-03-14T12:46:36.031000,69,,,
participant_10,4,day,Town10HD_Opt,2026-03-14 12:46:37.436627,77.41380310058594,24.77612495422364,0.0019190978491678,0.001,0.315,0.0,0.0,0,0,1,,1.0,2026-03-14T12:46:37.436627,neutral,0.979,2026-03-14T12:46:36.428228,0.4410123462462951,2026-03-14T12:46:37.020000,73,,,
participant_10,4,day,Town10HD_Opt,2026-03-14 12:46:38.438874,77.41386413574219,24.77612495422364,0.0019189452286809,0.006,0.315,0.0,0.0,0,0,1,,0.801,2026-03-14T12:46:38.438874,neutral,0.974,2026-03-14T12:46:38.438874,0.4512886952220984,2026-03-14T12:46:38.056000,70,,,
participant_10,4,day,Town10HD_Opt,2026-03-14 12:46:39.448124,77.4139175415039,24.77612495422364,0.001919021597132,0.001,0.315,0.0,0.0,0,0,1,,1.0,2026-03-14T12:46:39.448124,neutral,0.974,2026-03-14T12:46:38.438874,0.503377168141577,2026-03-14T12:46:39.226000,72,,,
participant_10,4,day,Town10HD_Opt,2026-03-14 12:46:40.035507,77.41383361816406,24.77612495422364,0.0019189452286809,0.002,0.315,0.0,0.0,0,0,1,,0.808,2026-03-14T12:46:40.035507,neutral,0.974,2026-03-14T12:46:38.438874,0.5507356788476034,2026-03-14T12:46:40.035000,70,,,
participant_10,4,day,Town10HD_Opt,2026-03-14 12:46:41.060538,77.4141616821289,24.77612495422364,0.0019191741012036,0.006,0.315,0.0,0.0,0,0,1,,1.0,2026-03-14T12:46:41.060538,neutral,0.966,2026-03-14T12:46:41.060538,0.5494894177564957,2026-03-14T12:46:41.025000,71,,,
participant_10,4,day,Town10HD_Opt,2026-03-14 12:46:42.064110,77.41394805908203,24.77612495422364,0.0019189452286809,0.002,0.315,0.0,0.0,0,0,1,,1.0,2026-03-14T12:46:42.064110,neutral,0.966,2026-03-14T12:46:41.060538,0.5060032486730981,2026-03-14T12:46:42.016000,70,,,
participant_10,4,day,Town10HD_Opt,2026-03-14 12:46:43.053216,77.41426849365234,24.77612495422364,0.0019190978491678,0.001,0.315,0.0,0.0,0,0,1,,1.0,2026-03-14T12:46:43.053216,neutral,0.966,2026-03-14T12:46:41.060538,0.4286555867511095,2026-03-14T12:46:43.006000,69,,,
participant_10,4,day,Town10HD_Opt,2026-03-14 12:46:44.055836,77.41407775878906,24.77612495422364,0.0019187163561582,0.007,0.315,0.0,0.0,0,0,1,,0.868,2026-03-14T12:46:44.055836,neutral,0.971,2026-03-14T12:46:44.055836,0.4087108554303944,2026-03-14T12:46:43.995000,67,,,
participant_10,4,day,Town10HD_Opt,2026-03-14 12:46:45.052061,77.41437530517578,24.77612495422364,0.0019193649059161,0.0,0.315,0.0,0.0,0,0,1,,0.921,2026-03-14T12:46:45.052061,neutral,0.971,2026-03-14T12:46:44.055836,0.4274586066686076,2026-03-14T12:46:45.031000,65,,,
participant_10,4,day,Town10HD_Opt,2026-03-14 12:46:46.039467,77.41421508789062,24.77612495422364,0.0019187545403838,0.007,0.315,0.0,0.0,0,0,1,,0.852,2026-03-14T12:46:46.039467,neutral,0.971,2026-03-14T12:46:44.055836,0.306140945846811,2026-03-14T12:46:46.021000,63,,,
participant_10,4,day,Town10HD_Opt,2026-03-14 12:46:47.052051,77.41447448730469,24.77612495422364,0.001919517526403,0.001,0.315,0.0,0.0,0,0,1,,0.899,2026-03-14T12:46:47.052051,neutral,0.993,2026-03-14T12:46:47.052051,0.3012633449740518,2026-03-14T12:46:47.100000,66,,,
participant_10,4,day,Town10HD_Opt,2026-03-14 12:46:48.058682,77.41434478759766,24.77612495422364,0.0019187545403838,0.007,0.315,0.0,0.0,0,0,1,,1.0,2026-03-14T12:46:48.058682,neutral,0.993,2026-03-14T12:46:47.052051,0.241075219520924,2026-03-14T12:46:48.001000,66,,,
participant_10,4,day,Town10HD_Opt,2026-03-14 12:46:49.078398,77.41458129882812,24.77612495422364,0.001919517526403,0.001,0.315,0.0,0.0,0,0,1,,1.0,2026-03-14T12:46:49.078398,neutral,0.941,2026-03-14T12:46:49.078398,0.1895331473325737,2026-03-14T12:46:49.037000,67,,,
participant_10,4,day,Town10HD_Opt,2026-03-14 12:46:50.069251,77.41447448730469,24.77612495422364,0.0019187545403838,0.006,0.315,0.0,0.0,0,0,1,,1.0,2026-03-14T12:46:50.069251,neutral,0.941,2026-03-14T12:46:49.078398,0.2195151023525051,2026-03-14T12:46:50.027000,64,,,
participant_10,4,day,Town10HD_Opt,2026-03-14 12:46:51.048561,77.41468048095703,24.77612495422364,0.0019195555942133,0.001,0.315,0.0,0.0,0,0,1,,0.849,2026-03-14T12:46:51.048561,neutral,0.941,2026-03-14T12:46:49.078398,0.2281863935222155,2026-03-14T12:46:51.015000,66,,,
participant_10,4,day,Town10HD_Opt,2026-03-14 12:46:52.022051,77.41460418701172,24.77612495422364,0.0019187927246093,0.006,0.315,0.0,0.0,0,0,1,,0.886,2026-03-14T12:46:52.022051,neutral,0.986,2026-03-14T12:46:52.022051,0.2136150150406505,2026-03-14T12:46:52.051000,67,,,
participant_10,4,day,Town10HD_Opt,2026-03-14 12:46:53.015345,77.41477966308594,24.77612495422364,0.0019195555942133,0.001,0.315,0.0,0.0,0,0,1,,1.0,2026-03-14T12:46:53.015345,neutral,0.986,2026-03-14T12:46:52.022051,0.1943300507236967,2026-03-14T12:46:53.130000,66,,,
participant_10,4,day,Town10HD_Opt,2026-03-14 12:46:54.009661,77.41474151611328,24.77612495422364,0.0019187545403838,0.006,0.315,0.0,0.0,0,0,1,,0.867,2026-03-14T12:46:54.009661,neutral,0.986,2026-03-14T12:46:52.022051,0.1885124653394053,2026-03-14T12:46:54.031000,67,,,
participant_10,4,day,Town10HD_Opt,2026-03-14 12:46:55.097638,77.5789794921875,24.79636001586914,0.0016296006506308,5.947,17.768,1.0,0.0,0,0,1,,0.93,2026-03-14T12:46:55.097638,neutral,0.939,2026-03-14T12:46:55.097638,0.2026182268590428,2026-03-14T12:46:55.022000,68,,,
participant_10,4,day,Town10HD_Opt,2026-03-14 12:46:56.148835,78.71571350097656,25.027814865112305,0.0015978623414412,12.977,18.076,0.559,0.0,0,0,1,,0.81,2026-03-14T12:46:56.148835,neutral,0.939,2026-03-14T12:46:55.097638,0.2984609634974385,2026-03-14T12:46:56.012000,71,,,
participant_10,4,day,Town10HD_Opt,2026-03-14 12:46:57.209027,80.29685974121094,25.533674240112305,0.001859588548541,14.516,6.234,0.194,0.0,0,0,1,,0.988,2026-03-14T12:46:57.209027,neutral,0.912,2026-03-14T12:46:57.209027,0.29014300550512,2026-03-14T12:46:57,72,,,
participant_10,4,day,Town10HD_Opt,2026-03-14 12:46:58.269964,81.91578674316406,25.99519729614257,0.0019072341965511,14.641,-5.063,0.719,0.0,0,0,1,,0.981,2026-03-14T12:46:58.269964,neutral,0.912,2026-03-14T12:46:57.209027,0.3429990962183857,2026-03-14T12:46:57.990000,72,,,
participant_10,4,day,Town10HD_Opt,2026-03-14 12:46:59.343339,83.94969177246094,26.459125518798828,0.002197227673605,21.403,-0.214,1.0,0.0,0,0,1,,0.916,2026-03-14T12:46:59.343339,neutral,0.943,2026-03-14T12:46:59.343339,0.4280493651086817,2026-03-14T12:46:59.026000,73,,,
participant_10,4,day,Town10HD_Opt,2026-03-14 12:47:00.394897,86.97461700439453,27.1862907409668,0.0016969683347269,32.103,-7.772,1.0,0.0,0,0,1,,0.98,2026-03-14T12:47:00.394897,neutral,0.943,2026-03-14T12:46:59.343339,0.4203597132600408,2026-03-14T12:47:00.016000,74,,,
participant_10,4,day,Town10HD_Opt,2026-03-14 12:47:01.460223,91.24508666992188,27.393102645874023,0.0016021347837522,41.723,-19.87,0.949,0.0,0,0,1,,0.962,2026-03-14T12:47:01.460223,neutral,0.954,2026-03-14T12:47:01.460223,0.5100097578235231,2026-03-14T12:47:01.006000,75,,,
participant_10,4,day,Town10HD_Opt,2026-03-14 12:47:02.005186,93.68739318847656,26.82815933227539,0.0016568375285714,44.974,-17.124,0.925,0.0,0,0,1,,0.842,2026-03-14T12:47:02.005186,neutral,0.954,2026-03-14T12:47:01.460223,0.5324352748639374,2026-03-14T12:47:01.996000,73,,,
participant_10,4,day,Town10HD_Opt,2026-03-14 12:47:03.030123,98.56964874267578,24.01778221130371,0.0017021561507135,51.844,-9.495,0.0,0.184,0,0,1,,0.972,2026-03-14T12:47:03.030123,neutral,0.954,2026-03-14T12:47:01.460223,0.5677450855572322,2026-03-14T12:47:03.031000,73,,,
participant_10,4,day,Town10HD_Opt,2026-03-14 12:47:04.033346,102.53914642333984,19.803375244140625,0.0023006056435406,46.284,-5.243,0.233,0.0,0,0,1,,0.937,2026-03-14T12:47:04.033346,neutral,0.928,2026-03-14T12:47:04.033346,0.617604776838998,2026-03-14T12:47:04.021000,73,,,
participant_10,4,day,Town10HD_Opt,2026-03-14 12:47:05.048155,105.25045776367188,15.323362350463867,0.002001037588343,46.283,-16.692,0.889,0.0,0,0,1,,0.955,2026-03-14T12:47:05.048155,neutral,0.928,2026-03-14T12:47:04.033346,0.6847810267714647,2026-03-14T12:47:05.011000,73,,,
participant_10,4,day,Town10HD_Opt,2026-03-14 12:47:06.087397,106.682861328125,9.760011672973633,0.001776352059096,52.009,1.083,0.0,0.213,0,0,1,,0.845,2026-03-14T12:47:06.087397,neutral,0.975,2026-03-14T12:47:06.087397,0.6756732829978267,2026-03-14T12:47:06.001000,71,,,
participant_10,4,day,Town10HD_Opt,2026-03-14 12:47:07.121677,107.6008071899414,4.00855827331543,0.0021361159160733,48.776,-3.109,0.852,0.0,0,0,1,,0.967,2026-03-14T12:47:07.121677,neutral,0.975,2026-03-14T12:47:06.087397,0.6863280246985272,2026-03-14T12:47:07.036000,73,,,
participant_10,4,day,Town10HD_Opt,2026-03-14 12:47:08.141469,108.20825958251952,-1.836714148521424,0.0020619200076907,49.968,-6.085,0.809,0.0,0,0,1,,0.889,2026-03-14T12:47:08.141469,neutral,0.975,2026-03-14T12:47:08.141469,0.711960813531008,2026-03-14T12:47:08.026000,75,,,
participant_10,4,day,Town10HD_Opt,2026-03-14 12:47:09.189721,108.08646392822266,-7.510719299316406,0.0021103667095303,48.056,3.594,0.437,0.0,0,0,1,,0.956,2026-03-14T12:47:09.189721,neutral,0.975,2026-03-14T12:47:08.141469,0.7205507171195661,2026-03-14T12:47:09.062000,74,,,
participant_10,4,day,Town10HD_Opt,2026-03-14 12:47:10.200807,108.1951904296875,-13.056072235107422,0.0020837783813476,47.132,0.59,0.462,0.0,0,0,1,,0.967,2026-03-14T12:47:10.200807,neutral,0.994,2026-03-14T12:47:10.200807,0.7084595194208282,2026-03-14T12:47:10.006000,77,,,
participant_10,4,day,Town10HD_Opt,2026-03-14 12:47:11.219721,108.5665512084961,-18.52496337890625,0.0020584105513989,46.857,-2.118,0.467,0.0,0,0,1,,0.968,2026-03-14T12:47:11.219721,neutral,0.994,2026-03-14T12:47:10.200807,0.7508638889028925,2026-03-14T12:47:10.996000,76,,,
participant_10,4,day,Town10HD_Opt,2026-03-14 12:47:12.218237,108.72361755371094,-23.966781616210938,0.0020627211779356,46.426,-3.276,0.455,0.0,0,0,1,,0.975,2026-03-14T12:47:12.218237,neutral,0.968,2026-03-14T12:47:12.218237,0.7288654488589993,2026-03-14T12:47:12.031000,75,,,
participant_10,4,day,Town10HD_Opt,2026-03-14 12:47:13.295053,108.41256713867188,-29.34643173217773,0.0020703505724668,45.883,-6.879,0.454,0.0,0,0,1,,0.866,2026-03-14T12:47:13.295053,neutral,0.968,2026-03-14T12:47:12.218237,0.7531321859301389,2026-03-14T12:47:13.066000,75,,,
participant_10,4,day,Town10HD_Opt,2026-03-14 12:47:14.319030,107.32411193847656,-34.544273376464844,0.0020808791741728,45.22,-8.902,0.466,0.0,0,0,1,,0.94,2026-03-14T12:47:14.319030,neutral,0.935,2026-03-14T12:47:14.319030,0.7772677758928024,2026-03-14T12:47:14.011000,73,,,
participant_10,4,day,Town10HD_Opt,2026-03-14 12:47:15.357505,105.28487396240234,-39.38444900512695,0.002066345186904,44.943,-5.361,0.459,0.0,0,0,1,,0.982,2026-03-14T12:47:15.357505,neutral,0.935,2026-03-14T12:47:14.319030,0.7564285617598395,2026-03-14T12:47:15.001000,73,,,
participant_10,4,day,Town10HD_Opt,2026-03-14 12:47:16.373846,102.58960723876952,-43.86116790771485,0.0020586394239217,44.711,-3.832,0.463,0.0,0,0,1,,0.938,2026-03-14T12:47:16.373846,neutral,0.986,2026-03-14T12:47:16.373846,0.6727466987498621,2026-03-14T12:47:15.991000,71,,,
participant_10,4,day,Town10HD_Opt,2026-03-14 12:47:17.383555,99.42838287353516,-47.99121856689453,0.0020567702595144,44.506,-5.479,0.463,0.0,0,0,1,,0.978,2026-03-14T12:47:17.383555,neutral,0.986,2026-03-14T12:47:16.373846,0.6887316858697928,2026-03-14T12:47:17.026000,73,,,
participant_10,4,day,Town10HD_Opt,2026-03-14 12:47:18.408861,95.77216339111328,-51.65395736694336,0.0020562743302434,44.311,-5.267,0.463,0.0,0,0,1,,0.98,2026-03-14T12:47:18.408861,neutral,0.992,2026-03-14T12:47:18.408861,0.7145056930621535,2026-03-14T12:47:18.016000,73,,,
participant_10,4,day,Town10HD_Opt,2026-03-14 12:47:19.405878,91.67020416259766,-54.7731819152832,0.0020572661887854,44.115,-6.137,0.463,0.0,0,0,1,,0.99,2026-03-14T12:47:19.405878,neutral,0.992,2026-03-14T12:47:18.408861,0.5683997827149051,2026-03-14T12:47:19.006000,72,,,
participant_10,4,day,Town10HD_Opt,2026-03-14 12:47:20.446275,87.20452880859375,-57.30852890014648,0.0020523071289062,43.923,7.501,0.462,0.0,0,0,1,,0.958,2026-03-14T12:47:20.446275,neutral,0.972,2026-03-14T12:47:20.446275,0.6135464378948527,2026-03-14T12:47:20.041000,69,,,errors=Solid line crossing
participant_10,4,day,Town10HD_Opt,2026-03-14 12:47:21.005750,85.01112365722656,-58.61836242675781,0.0020613861270248,43.723,8.844,0.462,0.0,0,0,1,,0.952,2026-03-14T12:47:21.005750,neutral,0.972,2026-03-14T12:47:20.446275,0.5512972248268405,2026-03-14T12:47:21.121000,66,,,
participant_10,4,day,Town10HD_Opt,2026-03-14 12:47:22.050140,80.92829132080078,-61.6806526184082,0.0020296860020607,43.964,-4.362,0.513,0.0,0,0,1,,0.96,2026-03-14T12:47:22.050140,neutral,0.972,2026-03-14T12:47:20.446275,0.5816969425990455,2026-03-14T12:47:22.021000,65,,,
participant_10,4,day,Town10HD_Opt,2026-03-14 12:47:23.067995,76.63347625732422,-64.52642059326172,0.0020207595080137,44.498,-7.0,0.512,0.0,0,0,1,,0.892,2026-03-14T12:47:23.067995,neutral,0.96,2026-03-14T12:47:23.067995,0.4428942182467197,2026-03-14T12:47:23.011000,65,,,
participant_10,4,day,Town10HD_Opt,2026-03-14 12:47:24.049149,71.87626647949219,-66.65338134765625,0.0020219038706272,45.034,-6.706,0.512,0.0,0,0,1,,0.842,2026-03-14T12:47:24.049149,neutral,0.96,2026-03-14T12:47:23.067995,0.3802633813521384,2026-03-14T12:47:24.091000,69,,,
participant_10,4,day,Town10HD_Opt,2026-03-14 12:47:25.053085,66.7730941772461,-67.97716522216797,0.0020241546444594,45.491,-6.45,0.512,0.0,0,0,1,,0.904,2026-03-14T12:47:25.053085,neutral,0.96,2026-03-14T12:47:23.067995,0.3911499794584285,2026-03-14T12:47:25.036000,70,,,errors=Solid line crossing
participant_10,4,day,Town10HD_Opt,2026-03-14 12:47:26.076277,61.46578979492188,-68.50826263427734,0.0020206451881676,46.024,-3.497,0.509,0.0,0,0,1,,1.0,2026-03-14T12:47:26.076277,neutral,0.983,2026-03-14T12:47:26.076277,0.2968270538404582,2026-03-14T12:47:26.026000,67,,,
participant_10,4,day,Town10HD_Opt,2026-03-14 12:47:27.102009,56.06346130371094,-68.57144165039062,0.0020166777539998,46.578,1.222,0.506,0.0,0,0,1,,1.0,2026-03-14T12:47:27.102009,neutral,0.983,2026-03-14T12:47:26.076277,0.2792937863107071,2026-03-14T12:47:27.016000,68,,,
participant_10,4,day,Town10HD_Opt,2026-03-14 12:47:28.116892,50.60211944580078,-68.6153564453125,0.0020208358764648,47.018,-2.553,0.504,0.0,0,0,1,,0.856,2026-03-14T12:47:28.116892,neutral,0.992,2026-03-14T12:47:28.116892,0.2401570142570772,2026-03-14T12:47:28.051000,66,,,
participant_10,4,day,Town10HD_Opt,2026-03-14 12:47:29.162306,45.10149765014648,-68.43657684326172,0.0020268631633371,47.328,-1.864,0.5,0.0,0,0,1,,0.926,2026-03-14T12:47:29.162306,neutral,0.992,2026-03-14T12:47:28.116892,0.220611855518299,2026-03-14T12:47:29.041000,65,,,
participant_10,4,day,Town10HD_Opt,2026-03-14 12:47:30.179213,39.584739685058594,-67.96073150634766,0.0020293043926358,47.616,-1.147,0.5,0.0,0,0,1,,1.0,2026-03-14T12:47:30.179213,neutral,0.991,2026-03-14T12:47:30.179213,0.1256716077475506,2026-03-14T12:47:30.031000,62,,,
participant_10,4,day,Town10HD_Opt,2026-03-14 12:47:31.191998,34.05701446533203,-67.29971313476562,0.002030563307926,47.834,-0.244,0.498,0.0,0,0,1,,1.0,2026-03-14T12:47:31.191998,neutral,0.991,2026-03-14T12:47:30.179213,0.1949432831921452,2026-03-14T12:47:31.022000,63,,,
participant_10,4,day,Town10HD_Opt,2026-03-14 12:47:32.221472,28.512008666992188,-66.60395050048828,0.0020436476916074,47.829,0.162,0.096,0.0,0,0,1,,1.0,2026-03-14T12:47:32.221472,neutral,0.884,2026-03-14T12:47:32.221472,0.1405734979282429,2026-03-14T12:47:32.056000,61,,,
participant_10,4,day,Town10HD_Opt,2026-03-14 12:47:33.229047,23.26165771484375,-65.99198913574219,0.0023230740334838,42.062,0.444,0.0,0.0,0,0,1,,1.0,2026-03-14T12:47:33.229047,neutral,0.884,2026-03-14T12:47:32.221472,0.2439805070297278,2026-03-14T12:47:33.091000,62,,,
participant_10,4,day,Town10HD_Opt,2026-03-14 12:47:34.240944,18.78244400024414,-65.53108978271484,0.0023575590457767,34.941,1.664,0.009,0.0,0,0,1,,0.853,2026-03-14T12:47:34.240944,neutral,0.976,2026-03-14T12:47:34.240944,0.1010785635595453,2026-03-14T12:47:34.036000,62,,,
participant_10,4,day,Town10HD_Opt,2026-03-14 12:47:35.223373,14.889204025268556,-65.24578857421875,0.0021405792795121,32.929,1.455,0.515,0.0,0,0,1,,1.0,2026-03-14T12:47:35.223373,neutral,0.976,2026-03-14T12:47:34.240944,0.1313086604069673,2026-03-14T12:47:35.116000,62,,,
participant_10,4,day,Town10HD_Opt,2026-03-14 12:47:36.225487,10.975339889526367,-65.01973724365234,0.0019947432447224,34.225,-0.444,0.475,0.0,0,0,1,,1.0,2026-03-14T12:47:36.225487,neutral,0.976,2026-03-14T12:47:34.240944,0.0804314652939915,2026-03-14T12:47:36.016000,61,,,
participant_10,4,day,Town10HD_Opt,2026-03-14 12:47:37.232921,6.923099994659424,-64.8110122680664,0.0019926070235669,35.281,1.669,0.468,0.0,0,0,1,,1.0,2026-03-14T12:47:37.232921,neutral,0.945,2026-03-14T12:47:37.232921,0.2801970882387126,2026-03-14T12:47:37.007000,60,,,
participant_10,4,day,Town10HD_Opt,2026-03-14 12:47:38.240422,2.7565624713897705,-64.68278503417969,0.0020015717018395,36.125,-0.472,0.452,0.0,0,0,1,,1.0,2026-03-14T12:47:38.240422,neutral,0.945,2026-03-14T12:47:37.232921,0.1125266884391331,2026-03-14T12:47:38.131000,63,,,
participant_10,4,day,Town10HD_Opt,2026-03-14 12:47:39.260399,-1.4356694221496582,-64.55606079101562,0.0021372602786868,34.69,0.989,0.0,0.0,0,0,1,,1.0,2026-03-14T12:47:39.260399,neutral,0.949,2026-03-14T12:47:39.260399,0.1920050619890783,2026-03-14T12:47:39.031000,60,,,
participant_10,4,day,Town10HD_Opt,2026-03-14 12:47:40.254938,-5.168396949768066,-64.51008605957031,0.0022867200896143,29.41,1.043,0.0,0.0,0,0,1,,0.841,2026-03-14T12:47:40.254938,neutral,0.949,2026-03-14T12:47:39.260399,0.1906844567986101,2026-03-14T12:47:40.067000,61,,,
participant_10,4,day,Town10HD_Opt,2026-03-14 12:47:41.234968,-8.304854393005371,-64.53240203857422,0.0022776029072701,24.566,0.733,0.0,0.0,0,0,1,,0.886,2026-03-14T12:47:41.234968,neutral,0.949,2026-03-14T12:47:39.260399,0.125362948918721,2026-03-14T12:47:41.011000,63,,,
participant_10,4,day,Town10HD_Opt,2026-03-14 12:47:42.217387,-10.910836219787598,-64.57621765136719,0.00225166301243,19.96,0.045,0.0,0.0,0,0,1,,0.909,2026-03-14T12:47:42.217387,neutral,0.991,2026-03-14T12:47:42.217387,0.1925244187001626,2026-03-14T12:47:42.047000,63,,,
participant_10,4,day,Town10HD_Opt,2026-03-14 12:47:43.220804,-13.063860893249512,-64.61585235595703,0.0019584274850785,17.03,0.256,0.0,0.0,0,0,1,,0.932,2026-03-14T12:47:43.220804,neutral,0.991,2026-03-14T12:47:42.217387,0.1188434385813929,2026-03-14T12:47:43.037000,67,,,
participant_10,4,day,Town10HD_Opt,2026-03-14 12:47:44.227858,-14.884565353393556,-64.65596771240234,0.0020432663150131,14.089,0.282,0.0,0.0,0,0,1,,0.876,2026-03-14T12:47:44.227858,neutral,0.997,2026-03-14T12:47:44.227858,0.1290609092353938,2026-03-14T12:47:44.116000,65,,,
participant_10,4,day,Town10HD_Opt,2026-03-14 12:47:45.208375,-16.410444259643555,-64.68898010253906,0.0020317458547651,11.813,-0.637,0.0,0.0,0,0,1,,0.925,2026-03-14T12:47:45.208375,neutral,0.997,2026-03-14T12:47:44.227858,0.0991270189077762,2026-03-14T12:47:45.061000,65,,,
participant_10,4,day,Town10HD_Opt,2026-03-14 12:47:46.206009,-17.68753433227539,-64.70722198486328,0.0020263672340661,9.836,-0.592,0.0,0.266,0,0,1,,0.882,2026-03-14T12:47:46.206009,neutral,0.997,2026-03-14T12:47:44.227858,0.1883893853201044,2026-03-14T12:47:46.008000,66,,,
participant_10,4,day,Town10HD_Opt,2026-03-14 12:47:47.210460,-18.624181747436523,-64.71796417236328,0.0020867537241429,6.283,-0.47,0.0,0.45,0,0,1,,0.977,2026-03-14T12:47:47.210460,neutral,0.985,2026-03-14T12:47:47.210460,0.0832487326806441,2026-03-14T12:47:47.042000,64,,,
participant_10,4,day,Town10HD_Opt,2026-03-14 12:47:48.211746,-18.770463943481445,-64.71991729736328,0.0020833206363022,0.0,-0.444,0.0,0.218,0,0,1,,0.843,2026-03-14T12:47:48.211746,neutral,0.985,2026-03-14T12:47:47.210460,0.1773413561014522,2026-03-14T12:47:48.076000,66,,,
participant_10,4,day,Town10HD_Opt,2026-03-14 12:47:49.183794,-18.7729721069336,-64.71991729736328,0.0019355391850695,0.036,-0.219,0.0,0.0,0,0,1,,0.814,2026-03-14T12:47:49.183794,neutral,0.985,2026-03-14T12:47:47.210460,0.1566588445581355,2026-03-14T12:47:49.066000,67,,,
participant_10,4,day,Town10HD_Opt,2026-03-14 12:47:50.136479,-18.77657699584961,-64.71991729736328,0.0019205092685297,0.032,-0.195,0.0,0.0,0,0,1,,1.0,2026-03-14T12:47:50.136479,neutral,0.957,2026-03-14T12:47:50.136479,0.2313240462137442,2026-03-14T12:47:50.012000,66,,,
participant_10,4,day,Town10HD_Opt,2026-03-14 12:47:51.076336,-18.77960586547852,-64.71991729736328,0.0019192504696547,0.027,-0.186,0.0,0.0,0,0,1,,1.0,2026-03-14T12:47:51.076336,neutral,0.957,2026-03-14T12:47:50.136479,0.1629075020439125,2026-03-14T12:47:51.047000,62,,,
participant_10,4,day,Town10HD_Opt,2026-03-14 12:47:52.021197,-18.78156852722168,-64.71991729736328,0.0019191741012036,0.003,-0.176,0.0,0.0,0,0,1,,1.0,2026-03-14T12:47:52.021197,neutral,0.957,2026-03-14T12:47:50.136479,0.195521738357441,2026-03-14T12:47:52.036000,66,,,
participant_10,4,day,Town10HD_Opt,2026-03-14 12:47:53.430328,-18.781896591186523,-64.71991729736328,0.0019188689766451,0.006,-0.139,0.0,0.0,0,0,1,,1.0,2026-03-14T12:47:53.430328,neutral,0.976,2026-03-14T12:47:53.430328,0.1820564816177242,2026-03-14T12:47:53.072000,69,,,
participant_10,4,day,Town10HD_Opt,2026-03-14 12:47:54.428794,-18.78177261352539,-64.71991729736328,0.0019189452286809,0.002,-0.132,0.0,0.0,0,0,1,,1.0,2026-03-14T12:47:54.428794,neutral,0.976,2026-03-14T12:47:53.430328,0.1574752563826861,2026-03-14T12:47:54.106000,67,,,
participant_10,4,day,Town10HD_Opt,2026-03-14 12:47:55.441442,-18.78200340270996,-64.71991729736328,0.0019188689766451,0.006,-0.129,0.0,0.0,0,0,1,,1.0,2026-03-14T12:47:55.441442,sad,0.959,2026-03-14T12:47:55.441442,0.2061999114801446,2026-03-14T12:47:55.006000,65,,,
participant_10,4,day,Town10HD_Opt,2026-03-14 12:47:56.393509,-18.781858444213867,-64.71991729736328,0.0019189452286809,0.002,-0.129,0.0,0.0,0,0,1,,1.0,2026-03-14T12:47:56.393509,sad,0.959,2026-03-14T12:47:55.441442,0.1777990022359419,2026-03-14T12:47:56.042000,64,,,
participant_10,4,day,Town10HD_Opt,2026-03-14 12:47:57.360145,-18.782106399536133,-64.71992492675781,0.0019189452286809,0.006,-1.243,0.0,0.0,0,0,1,,1.0,2026-03-14T12:47:57.360145,sad,0.959,2026-03-14T12:47:55.441442,0.2115507997321813,2026-03-14T12:47:57.032000,67,,,
participant_10,4,day,Town10HD_Opt,2026-03-14 12:47:58.340973,-18.78194808959961,-64.71991729736328,0.0019189452286809,0.002,-0.256,0.0,0.0,0,0,1,,1.0,2026-03-14T12:47:58.340973,neutral,0.932,2026-03-14T12:47:58.340973,0.1454922237535151,2026-03-14T12:47:58.021000,65,,,
participant_10,4,day,Town10HD_Opt,2026-03-14 12:47:59.395391,-18.782211303710938,-64.71991729736328,0.0019189452286809,0.006,-0.254,0.0,0.0,0,0,1,,1.0,2026-03-14T12:47:59.395391,neutral,0.932,2026-03-14T12:47:58.340973,0.2037341480553415,2026-03-14T12:47:59.102000,65,,,
participant_10,4,day,Town10HD_Opt,2026-03-14 12:48:00.333081,-18.78203392028809,-64.71991729736328,0.0019189452286809,0.002,-0.254,0.0,0.0,0,0,1,,1.0,2026-03-14T12:48:00.333081,neutral,0.932,2026-03-14T12:47:58.340973,0.2286731973028672,2026-03-14T12:48:00.046000,66,,,
participant_10,4,day,Town10HD_Opt,2026-03-14 12:48:01.305508,-18.782316207885746,-64.71991729736328,0.0019189452286809,0.006,-0.251,0.0,0.0,0,0,1,,1.0,2026-03-14T12:48:01.305508,neutral,0.931,2026-03-14T12:48:01.305508,0.1590428838098941,2026-03-14T12:48:01.036000,66,,,
participant_10,4,day,Town10HD_Opt,2026-03-14 12:48:02.292782,-18.812599182128903,-64.72027587890625,0.0017996978713199,2.631,-3.57,1.0,0.0,0,0,1,,1.0,2026-03-14T12:48:02.292782,neutral,0.931,2026-03-14T12:48:01.305508,0.2066480261273441,2026-03-14T12:48:02.026000,66,,,
participant_10,4,day,Town10HD_Opt,2026-03-14 12:48:03.308634,-19.630659103393555,-64.66163635253906,0.0014159777201712,12.48,-9.6,1.0,0.0,0,0,1,,0.839,2026-03-14T12:48:03.308634,neutral,0.956,2026-03-14T12:48:03.308634,0.1330694573948206,2026-03-14T12:48:03.062000,67,,,
participant_10,4,day,Town10HD_Opt,2026-03-14 12:48:04.304858,-21.66275405883789,-64.38713073730469,0.0017241288442164,21.695,-9.246,0.997,0.0,0,0,1,,1.0,2026-03-14T12:48:04.304858,neutral,0.956,2026-03-14T12:48:03.308634,0.146123035929188,2026-03-14T12:48:04.007000,67,,,errors=Solid line crossing
participant_10,4,day,Town10HD_Opt,2026-03-14 12:48:05.308046,-24.72109031677246,-63.6819953918457,0.0015169527614489,32.41,-4.414,0.982,0.0,0,0,1,,0.9,2026-03-14T12:48:05.308046,neutral,0.956,2026-03-14T12:48:03.308634,0.2212079577972072,2026-03-14T12:48:05.176000,70,,,
participant_10,4,day,Town10HD_Opt,2026-03-14 12:48:06.324139,-28.93119239807129,-62.516937255859375,0.0015983200864866,41.605,3.815,0.79,0.0,0,0,1,,1.0,2026-03-14T12:48:06.324139,neutral,0.964,2026-03-14T12:48:06.324139,0.3016124005407896,2026-03-14T12:48:06.033000,67,,,
participant_10,4,day,Town10HD_Opt,2026-03-14 12:48:07.345372,-34.065242767333984,-61.78409957885742,0.001742401276715,47.451,14.327,0.895,0.0,0,0,1,,1.0,2026-03-14T12:48:07.345372,neutral,0.964,2026-03-14T12:48:06.324139,0.3117048159812801,2026-03-14T12:48:07.022000,71,,,
participant_10,4,day,Town10HD_Opt,2026-03-14 12:48:08.353288,-39.87943649291992,-62.57656097412109,0.0018935012631118,51.354,-0.656,0.0,0.174,0,0,1,,1.0,2026-03-14T12:48:08.353288,neutral,0.984,2026-03-14T12:48:08.353288,0.2244066246141964,2026-03-14T12:48:08.012000,64,,,
participant_10,4,day,Town10HD_Opt,2026-03-14 12:48:09.356372,-45.52770233154297,-63.75128936767578,0.0019873427227139,50.281,-4.386,0.951,0.0,0,0,1,,1.0,2026-03-14T12:48:09.356372,neutral,0.984,2026-03-14T12:48:08.353288,0.205543854250629,2026-03-14T12:48:09.047000,66,,,
participant_10,4,day,Town10HD_Opt,2026-03-14 12:48:10.355168,-51.40671157836914,-64.5671157836914,0.0021940229926258,48.568,3.759,0.958,0.0,0,0,1,,0.876,2026-03-14T12:48:10.355168,neutral,0.962,2026-03-14T12:48:10.355168,0.2876886809306611,2026-03-14T12:48:10.036000,67,,,
participant_10,4,day,Town10HD_Opt,2026-03-14 12:48:11.373351,-57.16706848144531,-65.59477996826172,0.0018766404828056,52.09,-2.713,0.0,0.209,0,0,1,,0.856,2026-03-14T12:48:11.373351,neutral,0.962,2026-03-14T12:48:10.355168,0.1634608077256532,2026-03-14T12:48:11.027000,64,,,
participant_10,4,day,Town10HD_Opt,2026-03-14 12:48:12.361454,-62.9260139465332,-66.41639709472656,0.0020864105317741,49.498,-2.118,0.953,0.0,0,0,1,,0.954,2026-03-14T12:48:12.361454,neutral,0.986,2026-03-14T12:48:12.361454,0.1934760107850623,2026-03-14T12:48:12.061000,62,,,
participant_10,4,day,Town10HD_Opt,2026-03-14 12:48:13.340398,-68.87715148925781,-66.9053726196289,0.00212581618689,49.919,-1.911,0.951,0.0,0,0,1,,0.927,2026-03-14T12:48:13.340398,neutral,0.986,2026-03-14T12:48:12.361454,0.1326760554072872,2026-03-14T12:48:13.097000,60,,,
participant_10,4,day,Town10HD_Opt,2026-03-14 12:48:14.372998,-74.68714904785156,-67.03045654296875,0.0018782805418595,52.2,-3.384,0.0,0.22,0,0,1,,0.97,2026-03-14T12:48:14.372998,neutral,0.992,2026-03-14T12:48:14.372998,0.1581503101311789,2026-03-14T12:48:14.042000,57,,,
participant_10,4,day,Town10HD_Opt,2026-03-14 12:48:15.368223,-80.53956604003906,-66.63617706298828,0.0021830748300999,48.646,-6.597,0.93,0.0,0,0,1,,0.989,2026-03-14T12:48:15.368223,neutral,0.992,2026-03-14T12:48:14.372998,0.2166157755587938,2026-03-14T12:48:15.031000,60,,,
participant_10,4,day,Town10HD_Opt,2026-03-14 12:48:16.357190,-86.25892639160156,-65.1971435546875,0.0019895934965461,51.077,-9.784,0.0,0.108,0,0,1,,0.961,2026-03-14T12:48:16.357190,neutral,0.992,2026-03-14T12:48:14.372998,0.0580710848658148,2026-03-14T12:48:16.022000,58,,,
participant_10,4,day,Town10HD_Opt,2026-03-14 12:48:17.354426,-91.35572814941406,-62.60549545288086,0.002007903996855,49.843,-3.028,0.928,0.0,0,0,1,,0.962,2026-03-14T12:48:17.354426,neutral,0.989,2026-03-14T12:48:17.354426,0.174017274653141,2026-03-14T12:48:17.011000,61,,,
participant_10,4,day,Town10HD_Opt,2026-03-14 12:48:18.380426,-96.28108215332033,-59.271297454833984,0.0022467421367764,49.18,-4.579,0.928,0.0,0,0,1,,1.0,2026-03-14T12:48:18.380426,neutral,0.989,2026-03-14T12:48:17.354426,0.1753324732862581,2026-03-14T12:48:18.002000,62,,,
participant_10,4,day,Town10HD_Opt,2026-03-14 12:48:19.387466,-100.6702880859375,-55.49003219604492,0.0018811034969985,51.715,-4.78,0.0,0.172,0,0,1,,1.0,2026-03-14T12:48:19.387466,neutral,0.99,2026-03-14T12:48:19.387466,0.1591635033487252,2026-03-14T12:48:19.037000,63,,,
participant_10,4,day,Town10HD_Opt,2026-03-14 12:48:20.393029,-104.55892944335938,-51.16321563720703,0.002080573933199,49.964,-5.427,0.925,0.0,0,0,1,,0.942,2026-03-14T12:48:20.393029,neutral,0.99,2026-03-14T12:48:19.387466,0.1732581645876418,2026-03-14T12:48:20.026000,61,,,errors=Solid line crossing
participant_10,4,day,Town10HD_Opt,2026-03-14 12:48:21.377444,-107.88540649414062,-46.1763916015625,0.0020914839114993,50.536,-5.888,0.0,0.0,0,0,1,,0.845,2026-03-14T12:48:21.377444,neutral,0.99,2026-03-14T12:48:19.387466,0.1821735633219333,2026-03-14T12:48:21.016000,64,,,
participant_10,4,day,Town10HD_Opt,2026-03-14 12:48:22.385311,-110.26748657226562,-40.99908447265625,0.0019764327444136,50.145,-4.952,0.923,0.0,0,0,1,,0.873,2026-03-14T12:48:22.385311,neutral,0.986,2026-03-14T12:48:22.385311,0.1679363033662357,2026-03-14T12:48:22.007000,62,,,
participant_10,4,day,Town10HD_Opt,2026-03-14 12:48:23.420728,-111.98818969726562,-35.352134704589844,0.0022008132655173,48.51,-3.884,0.923,0.0,0,0,1,,0.915,2026-03-14T12:48:23.420728,neutral,0.986,2026-03-14T12:48:22.385311,0.0802027975560618,2026-03-14T12:48:23.042000,66,,,
participant_10,4,day,Town10HD_Opt,2026-03-14 12:48:24.491931,-113.08377075195312,-29.64850234985352,0.0018528366927057,52.021,-2.301,0.0,0.213,0,0,1,,0.861,2026-03-14T12:48:24.491931,neutral,0.987,2026-03-14T12:48:24.491931,0.1260350445455269,2026-03-14T12:48:24.032000,64,,,
participant_10,4,day,Town10HD_Opt,2026-03-14 12:48:25.046518,-113.49130249023438,-26.693622589111328,0.0021276092156767,49.74,-2.287,0.109,0.0,0,0,1,,0.919,2026-03-14T12:48:25.046518,neutral,0.987,2026-03-14T12:48:24.491931,0.2255068052183462,2026-03-14T12:48:25.021000,63,,,
participant_10,4,day,Town10HD_Opt,2026-03-14 12:48:26.040235,-113.96453857421876,-21.335262298583984,0.0023785398807376,42.477,-2.541,0.0,0.204,0,0,1,,0.938,2026-03-14T12:48:26.040235,neutral,0.987,2026-03-14T12:48:24.491931,0.1149218140399466,2026-03-14T12:48:26.011000,64,,,
participant_10,4,day,Town10HD_Opt,2026-03-14 12:48:27.049934,-114.08636474609376,-16.86530876159668,0.0024188994430005,34.57,-0.543,0.0,0.0,0,0,1,,0.87,2026-03-14T12:48:27.049934,neutral,0.992,2026-03-14T12:48:27.049934,0.1648276015899182,2026-03-14T12:48:27.092000,63,,,
participant_10,4,day,Town10HD_Opt,2026-03-14 12:48:28.056774,-114.1735610961914,-13.170979499816896,0.0023182295262813,29.052,1.805,0.0,0.0,0,0,1,,0.928,2026-03-14T12:48:28.056774,neutral,0.992,2026-03-14T12:48:27.049934,0.1327499290699567,2026-03-14T12:48:28.171000,59,,,errors=Solid line crossing
participant_10,4,day,Town10HD_Opt,2026-03-14 12:48:29.060491,-114.28451538085938,-10.070242881774902,0.0022523878142237,24.687,-1.368,0.545,0.0,0,0,1,,0.925,2026-03-14T12:48:29.060491,neutral,0.993,2026-03-14T12:48:29.060491,0.1853952903289613,2026-03-14T12:48:29.027000,63,,,
participant_10,4,day,Town10HD_Opt,2026-03-14 12:48:30.066156,-114.3372802734375,-7.118595600128174,0.0019445799989625,26.765,-0.491,0.687,0.0,0,0,1,,0.892,2026-03-14T12:48:30.066156,neutral,0.993,2026-03-14T12:48:29.060491,0.1534973934541605,2026-03-14T12:48:30.016000,63,,,
participant_10,4,day,Town10HD_Opt,2026-03-14 12:48:31.093150,-114.37287902832033,-3.6959850788116455,0.0017946625594049,32.438,-0.625,0.707,0.0,0,0,1,,1.0,2026-03-14T12:48:31.093150,neutral,0.99,2026-03-14T12:48:31.093150,0.1877925488115743,2026-03-14T12:48:31.007000,63,,,
participant_10,4,day,Town10HD_Opt,2026-03-14 12:48:32.093429,-114.37225341796876,0.3569207787513733,0.0017826844705268,37.314,-0.696,0.707,0.0,0,0,1,,1.0,2026-03-14T12:48:32.093429,neutral,0.99,2026-03-14T12:48:31.093150,0.1769245065897373,2026-03-14T12:48:32.042000,62,,,
participant_10,4,day,Town10HD_Opt,2026-03-14 12:48:33.093077,-114.26953125,4.994410514831543,0.0018141937907785,41.974,-3.365,0.696,0.0,0,0,1,,0.896,2026-03-14T12:48:33.093077,neutral,0.99,2026-03-14T12:48:31.093150,0.1460119640216628,2026-03-14T12:48:33.031000,65,,,
participant_10,4,day,Town10HD_Opt,2026-03-14 12:48:34.102640,-113.64443969726562,10.022156715393066,0.0020047377329319,43.455,-11.308,0.127,0.0,0,0,1,,0.908,2026-03-14T12:48:34.102640,neutral,0.99,2026-03-14T12:48:34.102640,0.0724392578906101,2026-03-14T12:48:34.022000,64,,,
participant_10,4,day,Town10HD_Opt,2026-03-14 12:48:35.103794,-111.97232818603516,14.47414779663086,0.0022826383356004,38.394,-10.658,0.132,0.0,0,0,1,,0.859,2026-03-14T12:48:35.103794,neutral,0.99,2026-03-14T12:48:34.102640,0.1269470736525449,2026-03-14T12:48:35.012000,63,,,
participant_10,4,day,Town10HD_Opt,2026-03-14 12:48:36.121186,-109.63191223144533,17.960477828979492,0.0022721861023455,33.609,-8.313,0.132,0.0,0,0,1,,0.924,2026-03-14T12:48:36.121186,neutral,0.979,2026-03-14T12:48:36.121186,0.1133514051538955,2026-03-14T12:48:36.002000,62,,,
participant_10,4,day,Town10HD_Opt,2026-03-14 12:48:37.130579,-107.03767395019533,20.61239242553711,0.0022584912367165,29.855,-8.682,0.0,0.0,0,0,1,,0.918,2026-03-14T12:48:37.130579,neutral,0.979,2026-03-14T12:48:36.121186,0.1130498334145475,2026-03-14T12:48:37.037000,64,,,
participant_10,4,day,Town10HD_Opt,2026-03-14 12:48:38.170728,-104.55795288085938,22.62890625,0.0022970580030232,24.793,-3.615,0.0,0.329,0,0,1,,0.958,2026-03-14T12:48:38.170728,neutral,0.992,2026-03-14T12:48:38.170728,0.1817440594965439,2026-03-14T12:48:38.027000,64,,,
participant_10,4,day,Town10HD_Opt,2026-03-14 12:48:39.267602,-102.43428802490234,24.06583976745605,0.002302055247128,19.123,-9.42,0.0,0.222,0,0,1,,0.955,2026-03-14T12:48:39.267602,neutral,0.992,2026-03-14T12:48:38.170728,0.2425875290757353,2026-03-14T12:48:39.017000,66,,,
participant_10,4,day,Town10HD_Opt,2026-03-14 12:48:40.263373,-100.66311645507812,25.024450302124023,0.0020687864162027,14.707,-3.846,0.0,0.425,0,0,1,,0.919,2026-03-14T12:48:40.263373,neutral,0.993,2026-03-14T12:48:40.263373,0.0629959480785842,2026-03-14T12:48:40.006000,69,,,
participant_10,4,day,Town10HD_Opt,2026-03-14 12:48:41.262561,-99.32717895507812,25.70071792602539,0.0021216962486505,10.46,-1.671,0.0,0.437,0,0,1,,0.984,2026-03-14T12:48:41.262561,neutral,0.993,2026-03-14T12:48:40.263373,0.1013527450987775,2026-03-14T12:48:41.042000,69,,,
participant_10,4,day,Town10HD_Opt,2026-03-14 12:48:42.315487,-98.4322280883789,26.2071475982666,0.0021033857483416,7.056,10.708,0.0,0.363,0,0,1,,0.964,2026-03-14T12:48:42.315487,neutral,0.986,2026-03-14T12:48:42.315487,0.1708867042186281,2026-03-14T12:48:42.077000,66,,,
participant_10,4,day,Town10HD_Opt,2026-03-14 12:48:43.312282,-98.16079711914062,26.389238357543945,0.0022088622208684,0.001,10.194,0.0,0.343,0,0,1,,0.985,2026-03-14T12:48:43.312282,neutral,0.986,2026-03-14T12:48:42.315487,0.1514664826996248,2026-03-14T12:48:43.202000,65,Solid line crossing,Solid line crossing,
participant_10,4,day,Town10HD_Opt,2026-03-14 12:48:44.323065,-98.1566162109375,26.39214134216309,0.0019443130586296,0.019,8.68,0.245,0.0,0,0,1,,0.977,2026-03-14T12:48:44.323065,neutral,0.984,2026-03-14T12:48:44.323065,0.17973575291496,2026-03-14T12:48:44.011000,65,,,
participant_10,4,day,Town10HD_Opt,2026-03-14 12:48:45.312214,-98.07666778564452,26.445701599121094,0.0018426512833684,1.663,7.943,0.0,0.061,0,0,1,,0.818,2026-03-14T12:48:45.312214,neutral,0.984,2026-03-14T12:48:44.323065,0.1737316391895715,2026-03-14T12:48:45.002000,69,,,
participant_10,4,day,Town10HD_Opt,2026-03-14 12:48:46.328862,-98.0727310180664,26.448299407958984,0.0019363402388989,0.006,5.215,0.0,0.0,0,0,1,,0.971,2026-03-14T12:48:46.328862,neutral,0.982,2026-03-14T12:48:46.328862,0.269304819122101,2026-03-14T12:48:46.081000,67,,,
participant_10,4,day,Town10HD_Opt,2026-03-14 12:48:47.322337,-98.07178497314452,26.44888687133789,0.0019210814498364,0.0,0.58,0.0,0.0,0,0,1,,1.0,2026-03-14T12:48:47.322337,neutral,0.982,2026-03-14T12:48:46.328862,0.2864164693791075,2026-03-14T12:48:47.028000,72,,,
participant_10,4,day,Town10HD_Opt,2026-03-14 12:48:48.343640,-98.07176208496094,26.44890594482422,0.001919021597132,0.007,0.508,0.0,0.0,0,0,1,,1.0,2026-03-14T12:48:48.343640,neutral,0.942,2026-03-14T12:48:48.343640,0.3326813377833681,2026-03-14T12:48:48.018000,69,,,
participant_10,4,day,Town10HD_Opt,2026-03-14 12:48:49.338031,-98.07156372070312,26.44902229309082,0.0019190978491678,0.0,0.508,0.0,0.0,0,0,1,,1.0,2026-03-14T12:48:49.338031,neutral,0.942,2026-03-14T12:48:48.343640,0.3653208446150434,2026-03-14T12:48:49.052000,69,,,
participant_10,4,day,Town10HD_Opt,2026-03-14 12:48:50.359919,-98.07173919677734,26.448936462402344,0.0019187545403838,0.006,0.496,0.0,0.0,0,0,1,,1.0,2026-03-14T12:48:50.359919,neutral,0.826,2026-03-14T12:48:50.359919,0.2898984205393549,2026-03-14T12:48:50.042000,69,,,
participant_10,4,day,Town10HD_Opt,2026-03-14 12:48:51.324244,-98.07154846191406,26.44904899597168,0.0019191741012036,0.001,0.331,0.0,0.0,0,0,1,,1.0,2026-03-14T12:48:51.324244,neutral,0.826,2026-03-14T12:48:50.359919,0.3750901754729234,2026-03-14T12:48:51.032000,70,,,
participant_10,4,day,Town10HD_Opt,2026-03-14 12:48:52.304564,-98.07169342041016,26.448978424072266,0.0019187163561582,0.007,-0.174,0.0,0.0,0,0,1,,1.0,2026-03-14T12:48:52.304564,neutral,0.826,2026-03-14T12:48:50.359919,0.3973173785290079,2026-03-14T12:48:52.022000,68,,,
participant_11,1,day,Town10HD_Opt,2026-03-14 15:00:00.000000,-41.66858673095703,89.7454833984375,0.5804919004440308,13.77,-0.416,0.266,0.0,0,0,1,,1.0,2026-03-14T15:00:00,,,2026-03-14T15:00:00,0.5038590921334849,2026-03-14T15:00:00,78,,,
participant_11,1,day,Town10HD_Opt,2026-03-14 15:00:04.603194,-41.71414566040039,86.84776306152344,0.0018312071915715,13.833,-0.404,0.265,0.0,0,0,1,,1.0,2026-03-14T15:00:04.603194,,,2026-03-14T15:00:04.603194,0.3940808429884689,2026-03-14T15:00:04.996000,82,,,
participant_11,1,day,Town10HD_Opt,2026-03-14 15:00:05.277381,-41.743614196777344,85.19395446777344,0.0018836212111636,14.484,-0.092,0.282,0.0,0,0,1,,0.954,2026-03-14T15:00:05.277381,,,2026-03-14T15:00:04.603194,0.4969181799698438,2026-03-14T15:00:04.996000,80,,,
participant_11,1,day,Town10HD_Opt,2026-03-14 15:00:05.998646,-41.76593017578125,83.45955657958984,0.001883735647425,15.215,1.382,0.274,0.0,0,0,1,,0.919,2026-03-14T15:00:05.998646,,,2026-03-14T15:00:04.603194,0.4230592601118153,2026-03-14T15:00:05.985000,80,,,
participant_11,1,day,Town10HD_Opt,2026-03-14 15:00:07.224991,-41.60790252685547,79.74871063232422,0.0018973922124132,16.505,9.478,0.211,0.0,0,0,1,,0.904,2026-03-14T15:00:07.224991,neutral,0.824,2026-03-14T15:00:07.224991,0.43406451210303,2026-03-14T15:00:07.066000,82,,,
participant_11,1,day,Town10HD_Opt,2026-03-14 15:00:08.199405,-40.92048645019531,77.0014419555664,0.0019497680477797,15.99,17.309,0.211,0.0,0,0,1,,1.0,2026-03-14T15:00:08.199405,neutral,0.824,2026-03-14T15:00:07.224991,0.4022923913468615,2026-03-14T15:00:08.010000,80,,,
participant_11,1,day,Town10HD_Opt,2026-03-14 15:00:09.726710,-40.54118347167969,76.1579818725586,0.0019556425977498,15.823,19.396,0.213,0.0,0,0,1,,1.0,2026-03-14T15:00:09.726710,neutral,0.824,2026-03-14T15:00:09.726710,0.4276427264022396,2026-03-14T15:00:09.990000,84,,,
participant_11,1,day,Town10HD_Opt,2026-03-14 15:00:10.074945,-40.08636093139648,75.36325073242188,0.001955299405381,15.711,20.17,0.213,0.0,0,0,1,,1.0,2026-03-14T15:00:09.726710,neutral,0.824,2026-03-14T15:00:09.726710,0.4452504248819116,2026-03-14T15:00:09.990000,82,,,
participant_11,1,day,Town10HD_Opt,2026-03-14 15:00:11.000345,-38.32851409912109,73.30603790283203,0.0019388579530641,15.606,19.849,0.263,0.0,0,0,1,,1.0,2026-03-14T15:00:11.000345,neutral,0.824,2026-03-14T15:00:09.726710,0.3593883805346292,2026-03-14T15:00:10.982000,83,,,
participant_11,1,day,Town10HD_Opt,2026-03-14 15:00:11.995293,-36.02323532104492,71.75213623046875,0.001906051649712,16.613,19.049,0.342,0.0,0,0,1,,1.0,2026-03-14T15:00:11.995293,neutral,0.587,2026-03-14T15:00:11.995293,0.4051176242304441,2026-03-14T15:00:12.016000,83,,,
participant_11,1,day,Town10HD_Opt,2026-03-14 15:00:13.020162,-33.1413459777832,70.76390075683594,0.0021391676273196,18.116,15.046,0.379,0.0,0,0,1,,1.0,2026-03-14T15:00:13.020162,neutral,0.587,2026-03-14T15:00:11.995293,0.3512426656538778,2026-03-14T15:00:13.005000,84,,,
participant_11,1,day,Town10HD_Opt,2026-03-14 15:00:14.078739,-29.96278190612793,70.29515075683594,0.0020211029332131,18.862,6.073,0.391,0.0,0,0,1,,1.0,2026-03-14T15:00:14.078739,neutral,0.547,2026-03-14T15:00:14.078739,0.3990139739808442,2026-03-14T15:00:13.996000,88,,,
participant_11,1,day,Town10HD_Opt,2026-03-14 15:00:15.054538,-26.514366149902344,70.07587432861328,0.0019470596453174,21.372,1.558,0.493,0.0,0,0,1,,1.0,2026-03-14T15:00:15.054538,neutral,0.547,2026-03-14T15:00:14.078739,0.3157696593320537,2026-03-14T15:00:14.985000,90,,,
participant_11,1,day,Town10HD_Opt,2026-03-14 15:00:16.019088,-22.495723724365234,69.91191101074219,0.0019318771082907,24.845,1.199,0.47,0.0,0,0,1,,1.0,2026-03-14T15:00:16.019088,neutral,0.547,2026-03-14T15:00:14.078739,0.3499021637904035,2026-03-14T15:00:15.975000,89,,,
participant_11,1,day,Town10HD_Opt,2026-03-14 15:00:17.027527,-17.97461700439453,69.85194396972656,0.0019925308879464,26.649,0.841,0.383,0.0,0,0,1,,1.0,2026-03-14T15:00:17.027527,fear,0.446,2026-03-14T15:00:17.027527,0.3260543326305913,2026-03-14T15:00:17.010000,90,,,
participant_11,1,day,Town10HD_Opt,2026-03-14 15:00:18.190069,-14.848536491394045,69.8650894165039,0.0020354080479592,26.709,-0.021,0.238,0.0,0,0,1,,0.937,2026-03-14T15:00:18.190069,fear,0.446,2026-03-14T15:00:17.027527,0.3674971076899556,2026-03-14T15:00:18.097000,90,,,
participant_11,1,day,Town10HD_Opt,2026-03-14 15:00:19.141510,-10.36380386352539,69.88735961914062,0.0021281433291733,23.828,-0.301,0.191,0.0,0,0,1,,0.843,2026-03-14T15:00:19.141510,neutral,0.418,2026-03-14T15:00:19.141510,0.2891748229715427,2026-03-14T15:00:18.992000,88,,,
participant_11,1,day,Town10HD_Opt,2026-03-14 15:00:20.183899,-6.366697788238525,69.88381958007812,0.0021309279836714,21.37,0.04,0.237,0.0,0,0,1,,0.868,2026-03-14T15:00:20.183899,neutral,0.418,2026-03-14T15:00:19.141510,0.3041600981110549,2026-03-14T15:00:19.983000,90,,,
participant_11,1,day,Town10HD_Opt,2026-03-14 15:00:21.146569,-2.7747035026550293,69.87919616699219,0.002087326021865,19.804,0.153,0.305,0.0,0,0,1,,0.805,2026-03-14T15:00:21.146569,sad,0.339,2026-03-14T15:00:21.146569,0.3280203011050921,2026-03-14T15:00:21.105000,89,,,
participant_11,1,day,Town10HD_Opt,2026-03-14 15:00:22.072873,0.6530046463012695,69.88352966308594,0.0020483396947383,19.545,0.263,0.374,0.0,0,0,1,,1.0,2026-03-14T15:00:22.072873,sad,0.339,2026-03-14T15:00:21.146569,0.3183297762242302,2026-03-14T15:00:22.008000,91,,,
participant_11,1,day,Town10HD_Opt,2026-03-14 15:00:23.034229,4.14832067489624,69.89466857910156,0.0020031738094985,20.672,-0.211,0.402,0.0,0,0,1,,1.0,2026-03-14T15:00:23.034229,sad,0.339,2026-03-14T15:00:21.146569,0.2575592886727755,2026-03-14T15:00:23.040000,89,,,
participant_11,1,day,Town10HD_Opt,2026-03-14 15:00:24.230208,9.152071952819824,69.9055404663086,0.0020482635591179,21.431,0.266,0.016,0.0,0,0,1,,1.0,2026-03-14T15:00:24.230208,sad,0.473,2026-03-14T15:00:24.230208,0.3032902520263097,2026-03-14T15:00:23.986000,91,,,
participant_11,1,day,Town10HD_Opt,2026-03-14 15:00:25.194145,12.549891471862791,69.93724822998047,0.0019112013978883,17.631,0.411,0.103,0.0,0,0,1,,1.0,2026-03-14T15:00:25.194145,sad,0.473,2026-03-14T15:00:24.230208,0.3828384141530487,2026-03-14T15:00:25.111000,88,,,
participant_11,1,day,Town10HD_Opt,2026-03-14 15:00:26.119274,15.405571937561035,69.96910095214844,0.0019998168572783,14.932,-0.19,0.091,0.0,0,0,1,,1.0,2026-03-14T15:00:26.119274,sad,0.473,2026-03-14T15:00:24.230208,0.2574889530079705,2026-03-14T15:00:26.011000,88,,,
participant_11,1,day,Town10HD_Opt,2026-03-14 15:00:27.044012,17.847455978393555,69.98662567138672,0.0019851303659379,12.85,-0.369,0.08,0.0,0,0,1,,1.0,2026-03-14T15:00:27.044012,neutral,0.349,2026-03-14T15:00:27.044012,0.1842222122996422,2026-03-14T15:00:27.046000,89,Vehicle collision,Vehicle collision,
participant_11,1,day,Town10HD_Opt,2026-03-14 15:00:28.204172,20.466970443725582,69.99284362792969,0.0020062255207449,9.432,-0.247,0.0,0.0,0,0,1,,0.865,2026-03-14T15:00:28.204172,neutral,0.349,2026-03-14T15:00:27.044012,0.2473734901198755,2026-03-14T15:00:28.036000,89,,,
participant_11,1,day,Town10HD_Opt,2026-03-14 15:00:29.078946,21.90753173828125,69.9925537109375,0.0019838332664221,7.032,-0.237,0.0,0.0,0,0,1,,1.0,2026-03-14T15:00:29.078946,fear,0.357,2026-03-14T15:00:29.078946,0.2636464080779644,2026-03-14T15:00:28.980000,91,Stop sign violation,stop_sign_id=833,
participant_11,1,day,Town10HD_Opt,2026-03-14 15:00:30.261682,23.32919883728028,69.98948669433594,0.0019669723697006,5.017,-0.237,0.0,0.0,0,0,1,,0.877,2026-03-14T15:00:30.261682,fear,0.357,2026-03-14T15:00:29.078946,0.2179701986168146,2026-03-14T15:00:30.150000,91,,,
participant_11,1,day,Town10HD_Opt,2026-03-14 15:00:31.195205,24.110774993896484,69.9866714477539,0.0019558714702725,3.796,-0.226,0.0,0.0,0,0,1,,1.0,2026-03-14T15:00:31.195205,sad,0.356,2026-03-14T15:00:31.195205,0.2352961586797206,2026-03-14T15:00:31.006000,93,,,
participant_11,1,day,Town10HD_Opt,2026-03-14 15:00:32.159148,24.686368942260746,69.98406982421875,0.0019219970563426,3.23,-0.226,0.0,0.0,0,0,1,,0.823,2026-03-14T15:00:32.159148,sad,0.356,2026-03-14T15:00:31.195205,0.1918149759342337,2026-03-14T15:00:31.996000,93,,,
participant_11,1,day,Town10HD_Opt,2026-03-14 15:00:33.031269,25.20854377746582,69.98141479492188,0.0019409941742196,2.599,-0.223,0.0,0.0,0,0,1,,0.82,2026-03-14T15:00:33.031269,sad,0.356,2026-03-14T15:00:31.195205,0.2457767020935161,2026-03-14T15:00:33.121000,92,,,
participant_11,1,day,Town10HD_Opt,2026-03-14 15:00:34.171222,25.36604690551757,69.98048400878906,0.0019329834030941,0.058,-0.2,0.326,0.0,0,0,1,,0.804,2026-03-14T15:00:34.171222,sad,0.53,2026-03-14T15:00:34.171222,0.2261760342600294,2026-03-14T15:00:33.976000,93,,,
participant_11,1,day,Town10HD_Opt,2026-03-14 15:00:35.111825,25.66123390197754,69.97871398925781,0.0017847823910415,3.893,-0.2,0.122,0.0,0,0,1,,0.822,2026-03-14T15:00:35.111825,sad,0.53,2026-03-14T15:00:34.171222,0.2267405177941301,2026-03-14T15:00:35.101000,89,,,
participant_11,1,day,Town10HD_Opt,2026-03-14 15:00:36.312855,26.08310890197754,69.97650146484375,0.0019690704066306,0.149,-0.188,0.051,0.0,0,0,1,,0.858,2026-03-14T15:00:36.312855,fear,0.31,2026-03-14T15:00:36.312855,0.2355648570065747,2026-03-14T15:00:36.002000,89,,,
participant_11,1,day,Town10HD_Opt,2026-03-14 15:00:37.055223,26.15567970275879,69.97587585449219,0.0017691802931949,3.055,-0.188,0.641,0.0,0,0,1,,1.0,2026-03-14T15:00:37.055223,fear,0.31,2026-03-14T15:00:36.312855,0.2027826305986894,2026-03-14T15:00:36.991000,89,,,
participant_11,1,day,Town10HD_Opt,2026-03-14 15:00:38.218070,27.42574119567871,69.96586608886719,0.0016044997610151,12.013,-1.069,0.632,0.0,0,0,1,,0.881,2026-03-14T15:00:38.218070,fear,0.31,2026-03-14T15:00:36.312855,0.2044848953700552,2026-03-14T15:00:37.983000,84,,,errors=Stop sign violation
participant_11,1,day,Town10HD_Opt,2026-03-14 15:00:39.159890,30.2026424407959,69.83111572265625,0.0019955444149672,18.425,-6.945,0.463,0.0,0,0,1,,1.0,2026-03-14T15:00:39.159890,neutral,0.805,2026-03-14T15:00:39.159890,0.2348458000618394,2026-03-14T15:00:39.017000,84,,,
participant_11,1,day,Town10HD_Opt,2026-03-14 15:00:40.116724,33.38030242919922,69.24765014648438,0.0020598983392119,18.387,-10.749,0.282,0.0,0,0,1,,1.0,2026-03-14T15:00:40.116724,neutral,0.805,2026-03-14T15:00:39.159890,0.2141827046772697,2026-03-14T15:00:40.006000,80,,,
participant_11,1,day,Town10HD_Opt,2026-03-14 15:00:41.087785,36.35465621948242,68.10050201416016,0.0020457075443118,18.278,-12.33,0.337,0.0,0,0,1,,1.0,2026-03-14T15:00:41.087785,neutral,0.805,2026-03-14T15:00:39.159890,0.1890421384971301,2026-03-14T15:00:40.996000,80,,,
participant_11,1,day,Town10HD_Opt,2026-03-14 15:00:42.086678,39.02843475341797,66.39702606201172,0.0020514677744358,18.232,-12.1,0.284,0.0,0,0,1,,1.0,2026-03-14T15:00:42.086678,neutral,0.482,2026-03-14T15:00:42.086678,0.1730523912869011,2026-03-14T15:00:41.985000,79,,,
participant_11,1,day,Town10HD_Opt,2026-03-14 15:00:43.092124,41.320560455322266,64.18830108642578,0.0020704651251435,18.379,-12.67,0.287,0.0,0,0,1,,1.0,2026-03-14T15:00:43.092124,neutral,0.482,2026-03-14T15:00:42.086678,0.1226390976345024,2026-03-14T15:00:42.976000,77,,,
participant_11,1,day,Town10HD_Opt,2026-03-14 15:00:44.029828,43.09922790527344,61.55058288574219,0.0020526503212749,18.258,-14.2,0.281,0.0,0,0,1,,1.0,2026-03-14T15:00:44.029828,neutral,0.482,2026-03-14T15:00:42.086678,0.1980411153828849,2026-03-14T15:00:44.010000,79,,,
participant_11,1,day,Town10HD_Opt,2026-03-14 15:00:45.226520,44.45420455932617,57.54621887207031,0.0020399093627929,18.226,-13.872,0.224,0.0,0,0,1,,1.0,2026-03-14T15:00:45.226520,happy,0.779,2026-03-14T15:00:45.226520,0.1786678603050639,2026-03-14T15:00:45.001000,80,,,
participant_11,1,day,Town10HD_Opt,2026-03-14 15:00:46.222282,44.67829513549805,54.50564956665039,0.0020078276284039,15.613,-9.621,0.0,0.0,0,0,1,,1.0,2026-03-14T15:00:46.222282,happy,0.779,2026-03-14T15:00:45.226520,0.1961493120465529,2026-03-14T15:00:45.994000,83,,,
participant_11,1,day,Town10HD_Opt,2026-03-14 15:00:47.261774,44.590667724609375,52.04737091064453,0.0020014953333884,12.698,-4.752,0.102,0.0,0,0,1,,0.835,2026-03-14T15:00:47.261774,neutral,0.608,2026-03-14T15:00:47.261774,0.1351897688445054,2026-03-14T15:00:46.981000,84,,,
participant_11,1,day,Town10HD_Opt,2026-03-14 15:00:48.249880,44.44857406616211,49.95967102050781,0.0019719314295798,11.084,-0.374,0.092,0.0,0,0,1,,0.908,2026-03-14T15:00:48.249880,neutral,0.608,2026-03-14T15:00:47.261774,0.2175642701041179,2026-03-14T15:00:48.062000,85,,,
participant_11,1,day,Town10HD_Opt,2026-03-14 15:00:49.174689,44.33786392211914,48.129520416259766,0.0019583129324018,9.822,-0.023,0.101,0.0,0,0,1,,0.877,2026-03-14T15:00:49.174689,neutral,0.608,2026-03-14T15:00:47.261774,0.2124297245644908,2026-03-14T15:00:49.051000,83,,,
participant_11,1,day,Town10HD_Opt,2026-03-14 15:00:50.089800,44.23862838745117,46.49376678466797,0.001949539175257,8.808,-0.052,0.105,0.0,0,0,1,,0.829,2026-03-14T15:00:50.089800,neutral,0.517,2026-03-14T15:00:50.089800,0.1942449572896309,2026-03-14T15:00:49.996000,84,,,
participant_11,1,day,Town10HD_Opt,2026-03-14 15:00:51.075884,44.14788818359375,45.00970077514648,0.0019435882568359,8.085,-0.047,0.105,0.0,0,0,1,,0.874,2026-03-14T15:00:51.075884,neutral,0.517,2026-03-14T15:00:50.089800,0.1739885228935004,2026-03-14T15:00:50.987000,84,,,
participant_11,1,day,Town10HD_Opt,2026-03-14 15:00:52.003168,44.06759643554688,43.67876052856445,0.0019720839336514,6.741,0.613,0.0,0.0,0,0,1,,1.0,2026-03-14T15:00:52.003168,neutral,0.517,2026-03-14T15:00:50.089800,0.1311339614160631,2026-03-14T15:00:51.977000,87,,,
participant_11,1,day,Town10HD_Opt,2026-03-14 15:00:53.265918,44.01738739013672,42.24928283691406,0.0017876814818009,7.744,5.905,0.0,0.0,0,0,1,,1.0,2026-03-14T15:00:53.265918,happy,0.832,2026-03-14T15:00:53.265918,0.2442300104120835,2026-03-14T15:00:53.011000,86,,,
participant_11,1,day,Town10HD_Opt,2026-03-14 15:00:54.178736,44.02861404418945,40.99777221679688,0.0019952391739934,5.738,3.91,0.0,0.185,0,0,1,,1.0,2026-03-14T15:00:54.178736,happy,0.832,2026-03-14T15:00:53.265918,0.1847368497337468,2026-03-14T15:00:54.001000,90,,,
participant_11,1,day,Town10HD_Opt,2026-03-14 15:00:55.146825,44.03204345703125,40.809844970703125,0.0019433974521234,1.129,3.994,0.95,0.0,0,0,1,,1.0,2026-03-14T15:00:55.146825,happy,0.832,2026-03-14T15:00:53.265918,0.1369164836273565,2026-03-14T15:00:55.037000,88,,,
participant_11,1,day,Town10HD_Opt,2026-03-14 15:00:56.123921,44.11187362670898,39.46427917480469,0.0014307021629065,15.994,7.114,0.913,0.0,0,0,1,,1.0,2026-03-14T15:00:56.123921,neutral,0.701,2026-03-14T15:00:56.123921,0.083357761647349,2026-03-14T15:00:56.072000,86,,,
participant_11,1,day,Town10HD_Opt,2026-03-14 15:00:57.103327,44.742313385009766,35.894832611083984,0.0017700575990602,25.531,15.928,0.576,0.0,0,0,1,,1.0,2026-03-14T15:00:57.103327,neutral,0.701,2026-03-14T15:00:56.123921,0.1225233222017428,2026-03-14T15:00:57.015000,86,,,
participant_11,1,day,Town10HD_Opt,2026-03-14 15:00:58.074668,46.96234893798828,31.86553001403809,0.002183647127822,24.968,23.183,0.0,0.0,0,0,1,,1.0,2026-03-14T15:00:58.074668,neutral,0.701,2026-03-14T15:00:56.123921,0.1142551962397337,2026-03-14T15:00:58.141000,86,,,
participant_11,1,day,Town10HD_Opt,2026-03-14 15:00:59.043813,50.10791778564453,29.707931518554688,0.002268447773531,18.852,17.906,0.238,0.0,0,0,1,,1.0,2026-03-14T15:00:59.043813,happy,0.705,2026-03-14T15:00:59.043813,0.1388475154620303,2026-03-14T15:00:59.042000,85,,,
participant_11,1,day,Town10HD_Opt,2026-03-14 15:01:00.271159,54.29238128662109,28.70111083984375,0.0019546127878129,20.248,7.045,0.563,0.0,0,0,1,,1.0,2026-03-14T15:01:00.271159,happy,0.705,2026-03-14T15:00:59.043813,0.0986845746425711,2026-03-14T15:00:59.986000,85,,,
participant_11,1,day,Town10HD_Opt,2026-03-14 15:01:01.256241,58.180442810058594,28.16193008422852,0.0021134947892278,24.002,-5.146,0.0,0.0,0,0,1,,1.0,2026-03-14T15:01:01.256241,neutral,0.569,2026-03-14T15:01:01.256241,0.02,2026-03-14T15:01:00.977000,83,,,
participant_11,1,day,Town10HD_Opt,2026-03-14 15:01:02.193125,61.89904022216797,27.29508399963379,0.0022123716771602,18.757,-3.076,0.0,0.0,0,0,1,,1.0,2026-03-14T15:01:02.193125,neutral,0.569,2026-03-14T15:01:01.256241,0.0529950655727206,2026-03-14T15:01:02.056000,87,,,errors=Vehicle collision
participant_11,1,day,Town10HD_Opt,2026-03-14 15:01:03.111585,64.66609954833984,26.682861328125,0.0017129897605627,14.883,8.403,0.143,0.0,0,0,1,,1.0,2026-03-14T15:01:03.111585,neutral,0.569,2026-03-14T15:01:01.256241,0.1288445443700839,2026-03-14T15:01:03.001000,86,,,
participant_11,1,day,Town10HD_Opt,2026-03-14 15:01:04.010995,67.24675750732422,26.33774757385254,0.001874046283774,15.61,1.871,0.322,0.0,0,0,1,,1.0,2026-03-14T15:01:04.010995,neutral,0.593,2026-03-14T15:01:04.010995,0.0549163211184274,2026-03-14T15:01:03.991000,88,,,
participant_11,1,day,Town10HD_Opt,2026-03-14 15:01:05.210807,71.09379577636719,25.85570907592773,0.0018795012729242,17.458,1.105,0.16,0.0,0,0,1,,1.0,2026-03-14T15:01:05.210807,neutral,0.593,2026-03-14T15:01:04.010995,0.0487289108026038,2026-03-14T15:01:04.981000,89,,,
participant_11,1,day,Town10HD_Opt,2026-03-14 15:01:06.217600,73.88704681396484,25.56468772888184,0.001986923161894,15.312,2.007,0.766,0.0,0,0,1,,1.0,2026-03-14T15:01:06.217600,happy,0.576,2026-03-14T15:01:06.217600,0.1154403587754452,2026-03-14T15:01:06.016000,90,,,
participant_11,1,day,Town10HD_Opt,2026-03-14 15:01:07.132988,77.2880630493164,25.32725715637207,0.0017408370040357,25.25,2.174,0.861,0.0,0,0,1,,1.0,2026-03-14T15:01:07.132988,happy,0.576,2026-03-14T15:01:06.217600,0.0954338217453541,2026-03-14T15:01:07.006000,89,,,
participant_11,1,day,Town10HD_Opt,2026-03-14 15:01:08.025691,82.70671844482422,25.193458557128903,0.0016370773082599,38.245,1.963,0.762,0.0,0,0,1,,1.0,2026-03-14T15:01:08.025691,happy,0.576,2026-03-14T15:01:06.217600,0.0440221388928411,2026-03-14T15:01:07.996000,89,,,
participant_11,1,day,Town10HD_Opt,2026-03-14 15:01:09.235787,91.79876708984376,24.883649826049805,0.0021120451856404,37.89,-8.856,0.348,0.0,0,0,1,,1.0,2026-03-14T15:01:09.235787,happy,0.653,2026-03-14T15:01:09.235787,0.1294205711661185,2026-03-14T15:01:08.988000,89,,,
participant_11,1,day,Town10HD_Opt,2026-03-14 15:01:10.129416,97.90201568603516,22.89770126342773,0.0021267319098114,35.728,-11.448,0.358,0.0,0,0,1,,1.0,2026-03-14T15:01:10.129416,happy,0.653,2026-03-14T15:01:09.235787,0.0521422294686598,2026-03-14T15:01:09.976000,86,,,
participant_11,1,day,Town10HD_Opt,2026-03-14 15:01:11.243201,103.88175201416016,17.57599639892578,0.0021134566050022,33.672,-13.124,0.373,0.0,0,0,1,,1.0,2026-03-14T15:01:11.243201,neutral,0.493,2026-03-14T15:01:11.243201,0.1043908442137771,2026-03-14T15:01:11.101000,86,,,
participant_11,1,day,Town10HD_Opt,2026-03-14 15:01:12.127193,106.17311096191406,12.274590492248535,0.0020943831186741,32.74,-10.298,0.373,0.0,0,0,1,,1.0,2026-03-14T15:01:12.127193,neutral,0.493,2026-03-14T15:01:11.243201,0.1277311808978997,2026-03-14T15:01:12.002000,84,,,
participant_11,1,day,Town10HD_Opt,2026-03-14 15:01:13.016567,106.8797836303711,6.645588874816895,0.0020498274825513,32.497,-4.981,0.448,0.0,0,0,1,,1.0,2026-03-14T15:01:13.016567,neutral,0.493,2026-03-14T15:01:11.243201,0.0824960971574623,2026-03-14T15:01:12.991000,85,,,
participant_11,1,day,Town10HD_Opt,2026-03-14 15:01:14.164810,107.00596618652344,-1.078025221824646,0.0020274734124541,33.504,-0.11,0.406,0.0,0,0,1,,0.872,2026-03-14T15:01:14.164810,happy,0.651,2026-03-14T15:01:14.164810,0.104339737442891,2026-03-14T15:01:13.981000,87,,,
participant_11,1,day,Town10HD_Opt,2026-03-14 15:01:15.025103,107.05835723876952,-6.951721668243408,0.0020384597592055,33.652,-0.143,0.457,0.0,0,0,1,,1.0,2026-03-14T15:01:15.025103,happy,0.651,2026-03-14T15:01:14.164810,0.0262020583912595,2026-03-14T15:01:15.016000,86,,,errors=Solid line crossing
participant_11,1,day,Town10HD_Opt,2026-03-14 15:01:16.164009,107.08967590332033,-15.248417854309082,0.0018902969313785,38.736,-0.277,0.586,0.0,0,0,1,,0.825,2026-03-14T15:01:16.164009,happy,0.651,2026-03-14T15:01:14.164810,0.1234957565004229,2026-03-14T15:01:16.006000,88,,,
participant_11,1,day,Town10HD_Opt,2026-03-14 15:01:17.025819,107.01874542236328,-22.29351234436035,0.0019517134642228,41.757,-2.108,0.542,0.0,0,0,1,,1.0,2026-03-14T15:01:17.025819,neutral,0.469,2026-03-14T15:01:17.025819,0.0860381809731803,2026-03-14T15:01:17.041000,88,,,
participant_11,1,day,Town10HD_Opt,2026-03-14 15:01:18.132893,106.04788970947266,-32.29532241821289,0.0019785307813435,44.551,-3.844,0.542,0.0,0,0,1,,1.0,2026-03-14T15:01:18.132893,neutral,0.469,2026-03-14T15:01:17.025819,0.1397154173856734,2026-03-14T15:01:17.985000,88,,,
participant_11,1,day,Town10HD_Opt,2026-03-14 15:01:18.992648,103.97560119628906,-39.93423080444336,0.0019952391739934,46.061,-6.26,0.54,0.0,0,0,1,,1.0,2026-03-14T15:01:18.992648,neutral,0.469,2026-03-14T15:01:17.025819,0.0319286554675905,2026-03-14T15:01:18.976000,90,,,
participant_11,1,day,Town10HD_Opt,2026-03-14 15:01:20.095794,98.50959014892578,-49.34837341308594,0.0020112991333007,47.446,-4.771,0.487,0.0,0,0,1,,0.843,2026-03-14T15:01:20.095794,happy,0.611,2026-03-14T15:01:20.095794,0.0651823322765795,2026-03-14T15:01:20.011000,90,,,
participant_11,1,day,Town10HD_Opt,2026-03-14 15:01:21.243979,90.69395446777344,-56.97236633300781,0.0020898818038403,45.97,-4.806,0.431,0.0,0,0,1,,1.0,2026-03-14T15:01:21.243979,happy,0.611,2026-03-14T15:01:20.095794,0.1408285959777894,2026-03-14T15:01:21.001000,92,,,
participant_11,1,day,Town10HD_Opt,2026-03-14 15:01:22.109590,83.972412109375,-61.18313980102539,0.0020855711773037,44.726,-4.737,0.431,0.0,0,0,1,,1.0,2026-03-14T15:01:22.109590,neutral,0.646,2026-03-14T15:01:22.109590,0.132087626450404,2026-03-14T15:01:21.991000,92,,,
participant_11,1,day,Town10HD_Opt,2026-03-14 15:01:22.991990,76.79521179199219,-64.057861328125,0.0020793152507394,43.687,-4.737,0.431,0.0,0,0,1,,1.0,2026-03-14T15:01:22.991990,neutral,0.646,2026-03-14T15:01:22.109590,0.2144874997937077,2026-03-14T15:01:22.981000,91,,,
participant_11,1,day,Town10HD_Opt,2026-03-14 15:01:24.192269,66.91394805908203,-65.90034484863281,0.0020690916571766,42.621,-2.586,0.431,0.0,0,0,1,,1.0,2026-03-14T15:01:24.192269,neutral,0.712,2026-03-14T15:01:24.192269,0.2314254991184562,2026-03-14T15:01:23.971000,87,,,
participant_11,1,day,Town10HD_Opt,2026-03-14 15:01:25.102128,59.52187728881836,-66.3958740234375,0.0020619200076907,42.053,-0.399,0.431,0.0,0,0,1,,0.825,2026-03-14T15:01:25.102128,neutral,0.712,2026-03-14T15:01:24.192269,0.2875925113763604,2026-03-14T15:01:25.053000,88,,,
participant_11,1,day,Town10HD_Opt,2026-03-14 15:01:26.000340,52.21793746948242,-66.71318054199219,0.0020586776081472,41.511,-0.364,0.431,0.0,0,0,1,,1.0,2026-03-14T15:01:26.000340,neutral,0.712,2026-03-14T15:01:24.192269,0.3179535519916666,2026-03-14T15:01:25.996000,88,,,
participant_11,1,day,Town10HD_Opt,2026-03-14 15:01:27.222320,42.60099029541016,-66.99016571044922,0.0020555113442242,40.948,-0.322,0.431,0.0,0,0,1,,1.0,2026-03-14T15:01:27.222320,neutral,0.533,2026-03-14T15:01:27.222320,0.3324299786234061,2026-03-14T15:01:27.031000,86,,,
participant_11,1,day,Town10HD_Opt,2026-03-14 15:01:28.123408,35.47079849243164,-67.1416015625,0.0020690155215561,40.185,-0.27,0.155,0.0,0,0,1,,1.0,2026-03-14T15:01:28.123408,neutral,0.533,2026-03-14T15:01:27.222320,0.3855966712869138,2026-03-14T15:01:27.976000,84,Vehicle-pedestrian collision,Vehicle-pedestrian collision,
participant_11,1,day,Town10HD_Opt,2026-03-14 15:01:29.065944,28.994571685791016,-67.22537231445312,0.0023086927831172,32.453,-0.214,0.0,0.0,0,0,1,,1.0,2026-03-14T15:01:29.065944,neutral,0.533,2026-03-14T15:01:27.222320,0.4810802271881975,2026-03-14T15:01:29.195000,84,,,
participant_11,1,day,Town10HD_Opt,2026-03-14 15:01:29.999296,23.940570831298828,-67.26712036132812,0.0022826385684311,24.898,-0.169,0.068,0.0,0,0,1,,1.0,2026-03-14T15:01:29.999296,neutral,0.888,2026-03-14T15:01:29.999296,0.4324858722360853,2026-03-14T15:01:30.002000,85,,,
participant_11,1,day,Town10HD_Opt,2026-03-14 15:01:31.170003,18.65747833251953,-67.30839538574219,0.0020498656667768,22.134,-0.012,0.443,0.0,0,0,1,,1.0,2026-03-14T15:01:31.170003,neutral,0.888,2026-03-14T15:01:29.999296,0.5340652691953439,2026-03-14T15:01:31.082000,83,,,
participant_11,1,day,Town10HD_Opt,2026-03-14 15:01:32.052094,14.628660202026367,-67.3423080444336,0.001975402701646,24.209,0.129,0.428,0.0,0,0,1,,1.0,2026-03-14T15:01:32.052094,happy,0.716,2026-03-14T15:01:32.052094,0.480584352947955,2026-03-14T15:01:32.026000,84,,,
participant_11,1,day,Town10HD_Opt,2026-03-14 15:01:33.250951,8.7315092086792,-67.39214324951172,0.0019927597604691,26.344,-0.094,0.413,0.0,0,0,1,,1.0,2026-03-14T15:01:33.250951,happy,0.716,2026-03-14T15:01:32.052094,0.5715975101212397,2026-03-14T15:01:33.152000,83,,,
participant_11,1,day,Town10HD_Opt,2026-03-14 15:01:34.150324,4.059850215911865,-67.42903900146484,0.0020759201142936,26.155,-0.625,0.197,0.0,0,0,1,,1.0,2026-03-14T15:01:34.150324,neutral,0.834,2026-03-14T15:01:34.150324,0.502574591739761,2026-03-14T15:01:34.051000,83,,,
participant_11,1,day,Town10HD_Opt,2026-03-14 15:01:35.082957,-0.2581645250320434,-67.255126953125,0.0021454237867146,23.043,-5.919,0.197,0.0,0,0,1,,1.0,2026-03-14T15:01:35.082957,neutral,0.834,2026-03-14T15:01:34.150324,0.5875433145184014,2026-03-14T15:01:34.996000,83,,,
participant_11,1,day,Town10HD_Opt,2026-03-14 15:01:35.997846,-4.024170875549316,-66.69438171386719,0.0021191786509007,20.601,-2.174,0.357,0.0,0,0,1,,1.0,2026-03-14T15:01:35.997846,neutral,0.834,2026-03-14T15:01:34.150324,0.5508576923355712,2026-03-14T15:01:35.986000,83,,,
participant_11,1,day,Town10HD_Opt,2026-03-14 15:01:37.184708,-8.880492210388184,-65.74553680419922,0.0019813918042927,22.523,0.369,0.414,0.0,0,0,1,,1.0,2026-03-14T15:01:37.184708,neutral,0.713,2026-03-14T15:01:37.184708,0.5659180682610799,2026-03-14T15:01:37.066000,82,,,
participant_11,1,day,Town10HD_Opt,2026-03-14 15:01:38.098458,-12.84092617034912,-65.04438018798828,0.0020832824520766,22.261,2.56,0.0,0.0,0,0,1,,1.0,2026-03-14T15:01:38.098458,neutral,0.713,2026-03-14T15:01:37.184708,0.6003523297407087,2026-03-14T15:01:38.056000,82,,,
participant_11,1,day,Town10HD_Opt,2026-03-14 15:01:39.231013,-17.241540908813477,-64.58321380615234,0.0020032119937241,15.738,4.674,0.0,0.0,0,0,1,,1.0,2026-03-14T15:01:39.231013,neutral,0.598,2026-03-14T15:01:39.231013,0.5843294951661901,2026-03-14T15:01:39.048000,82,,,
participant_11,1,day,Town10HD_Opt,2026-03-14 15:01:40.167351,-19.6671199798584,-64.51294708251953,0.0020535660441964,11.834,2.925,0.0,0.072,0,0,1,,1.0,2026-03-14T15:01:40.167351,neutral,0.598,2026-03-14T15:01:39.231013,0.5697803454119452,2026-03-14T15:01:39.991000,83,,,
participant_11,1,day,Town10HD_Opt,2026-03-14 15:01:41.000515,-21.437334060668945,-64.51683807373047,0.0020207976922392,8.429,2.781,0.0,0.04,0,0,1,,1.0,2026-03-14T15:01:41.000515,neutral,0.598,2026-03-14T15:01:39.231013,0.5594534219793293,2026-03-14T15:01:40.982000,84,,,
participant_11,1,day,Town10HD_Opt,2026-03-14 15:01:42.172204,-23.02646827697754,-64.56175994873047,0.0019839857704937,6.022,2.355,0.98,0.0,0,0,1,,1.0,2026-03-14T15:01:42.172204,neutral,0.723,2026-03-14T15:01:42.172204,0.4962413866407442,2026-03-14T15:01:42.016000,83,,,
participant_11,1,day,Town10HD_Opt,2026-03-14 15:01:43.149523,-25.109888076782227,-64.59992218017578,0.0016291808569803,20.054,-0.501,1.0,0.0,0,0,1,,0.909,2026-03-14T15:01:43.149523,neutral,0.723,2026-03-14T15:01:42.172204,0.6260761406393711,2026-03-14T15:01:43.007000,82,,,
participant_11,1,day,Town10HD_Opt,2026-03-14 15:01:44.061104,-29.72115707397461,-64.6872787475586,0.0014977264218032,35.336,0.667,1.0,0.0,0,0,1,,0.829,2026-03-14T15:01:44.061104,neutral,0.723,2026-03-14T15:01:42.172204,0.5260240745658644,2026-03-14T15:01:44.044000,83,,,
participant_11,1,day,Town10HD_Opt,2026-03-14 15:01:44.990643,-37.0732536315918,-64.93587493896484,0.0015565489884465,50.04,0.216,1.0,0.0,0,0,1,,0.835,2026-03-14T15:01:44.990643,sad,0.453,2026-03-14T15:01:44.990643,0.5866413361299951,2026-03-14T15:01:44.987000,83,,,
participant_11,1,day,Town10HD_Opt,2026-03-14 15:01:46.183823,-48.87782287597656,-65.41736602783203,0.0018836974631994,51.756,-0.134,0.0,0.176,0,0,1,,1.0,2026-03-14T15:01:46.183823,sad,0.453,2026-03-14T15:01:44.990643,0.5597281721022715,2026-03-14T15:01:46.021000,83,,,
participant_11,1,day,Town10HD_Opt,2026-03-14 15:01:47.167535,-57.5682373046875,-65.70463562011719,0.0019596479833126,50.692,-1.593,0.0,0.0,0,0,1,,1.0,2026-03-14T15:01:47.167535,neutral,0.706,2026-03-14T15:01:47.167535,0.4886591119868617,2026-03-14T15:01:47.012000,84,,,
participant_11,1,day,Town10HD_Opt,2026-03-14 15:01:48.135611,-66.1678695678711,-65.56461334228516,0.0021569442469626,47.009,-1.655,0.419,0.0,0,0,1,,1.0,2026-03-14T15:01:48.135611,neutral,0.706,2026-03-14T15:01:47.167535,0.5239957955427214,2026-03-14T15:01:48.002000,85,,,
participant_11,1,day,Town10HD_Opt,2026-03-14 15:01:49.010523,-74.2273941040039,-64.86952209472656,0.002096366835758,45.454,-3.139,0.419,0.0,0,0,1,,1.0,2026-03-14T15:01:49.010523,neutral,0.706,2026-03-14T15:01:47.167535,0.559625455249774,2026-03-14T15:01:49.036000,88,,,
participant_11,1,day,Town10HD_Opt,2026-03-14 15:01:50.196805,-84.30960845947266,-62.48808288574219,0.0020854950416833,43.612,-4.884,0.449,0.0,0,0,1,,1.0,2026-03-14T15:01:50.196805,neutral,0.792,2026-03-14T15:01:50.196805,0.4909148974157121,2026-03-14T15:01:49.981000,88,,,
participant_11,1,day,Town10HD_Opt,2026-03-14 15:01:51.101824,-91.21793365478516,-59.2502555847168,0.0020138930995017,44.211,-5.096,0.53,0.0,0,0,1,,1.0,2026-03-14T15:01:51.101824,neutral,0.792,2026-03-14T15:01:50.196805,0.4826881260911407,2026-03-14T15:01:51.016000,84,,,
participant_11,1,day,Town10HD_Opt,2026-03-14 15:01:51.997152,-97.5667495727539,-54.66029739379883,0.0020015717018395,45.602,-5.03,0.53,0.0,0,0,1,,1.0,2026-03-14T15:01:51.997152,neutral,0.792,2026-03-14T15:01:50.196805,0.5323370100051706,2026-03-14T15:01:52.008000,86,,,
participant_11,1,day,Town10HD_Opt,2026-03-14 15:01:53.236528,-104.69720458984376,-46.59746170043945,0.0020869064610451,45.37,-5.929,0.0,0.0,0,0,1,,1.0,2026-03-14T15:01:53.236528,neutral,0.793,2026-03-14T15:01:53.236528,0.4999188511515226,2026-03-14T15:01:52.996000,83,,,
participant_11,1,day,Town10HD_Opt,2026-03-14 15:01:54.120939,-108.04415130615234,-40.31486511230469,0.0023667907807976,35.318,-6.298,0.0,0.0,0,0,1,,1.0,2026-03-14T15:01:54.120939,neutral,0.793,2026-03-14T15:01:53.236528,0.523717654447202,2026-03-14T15:01:53.987000,86,,,
participant_11,1,day,Town10HD_Opt,2026-03-14 15:01:55.087068,-109.63127899169922,-35.0424919128418,0.0023063658736646,27.579,-5.224,0.0,0.0,0,0,1,,1.0,2026-03-14T15:01:55.087068,neutral,0.793,2026-03-14T15:01:53.236528,0.4471813138105271,2026-03-14T15:01:55.024000,85,,,
participant_11,1,day,Town10HD_Opt,2026-03-14 15:01:55.988810,-110.2921371459961,-30.86279487609864,0.0022108841221779,21.559,-4.584,0.42,0.0,0,0,1,,1.0,2026-03-14T15:01:55.988810,neutral,0.792,2026-03-14T15:01:55.988810,0.3693698067937963,2026-03-14T15:01:56.011000,86,,,
participant_11,1,day,Town10HD_Opt,2026-03-14 15:01:57.054310,-110.6425552368164,-26.91053581237793,0.0018952559912577,25.276,0.663,0.604,0.0,0,0,1,,0.897,2026-03-14T15:01:57.054310,neutral,0.792,2026-03-14T15:01:55.988810,0.374335052933705,2026-03-14T15:01:57.002000,86,,,
participant_11,1,day,Town10HD_Opt,2026-03-14 15:01:58.268585,-111.39336395263672,-20.2265567779541,0.0018707275157794,32.654,0.515,0.314,0.0,0,0,1,,1.0,2026-03-14T15:01:58.268585,neutral,0.687,2026-03-14T15:01:58.268585,0.4003242116070704,2026-03-14T15:01:57.991000,88,,,
participant_11,1,day,Town10HD_Opt,2026-03-14 15:01:59.233410,-111.66902160644533,-14.811190605163574,0.0022841261234134,27.217,-15.985,0.0,0.0,0,0,1,,0.887,2026-03-14T15:01:59.233410,neutral,0.687,2026-03-14T15:01:58.268585,0.3599099386284347,2026-03-14T15:01:58.982000,87,,,
participant_11,1,day,Town10HD_Opt,2026-03-14 15:02:00.243826,-110.90172576904295,-10.423407554626465,0.0021422195713967,23.901,5.302,0.224,0.109,0,0,1,,1.0,2026-03-14T15:02:00.243826,neutral,0.687,2026-03-14T15:01:58.268585,0.4111241148135491,2026-03-14T15:02:00.107000,90,,,
participant_11,1,day,Town10HD_Opt,2026-03-14 15:02:01.173782,-110.59247589111328,-6.570001602172852,0.002200546208769,19.504,4.457,0.215,0.436,0,0,1,,1.0,2026-03-14T15:02:01.173782,neutral,0.531,2026-03-14T15:02:01.173782,0.3180806986911066,2026-03-14T15:02:01.096000,89,,,
participant_11,1,day,Town10HD_Opt,2026-03-14 15:02:02.056115,-110.6002197265625,-3.447723627090454,0.0019872284028679,16.141,3.721,0.215,0.409,0,0,1,,1.0,2026-03-14T15:02:02.056115,neutral,0.531,2026-03-14T15:02:01.173782,0.3676120860320242,2026-03-14T15:02:01.996000,88,,,
participant_11,1,day,Town10HD_Opt,2026-03-14 15:02:03.228791,-110.80313110351562,0.1477814018726349,0.0018113708356395,20.065,-1.751,1.0,0.0,0,0,1,,0.905,2026-03-14T15:02:03.228791,neutral,0.443,2026-03-14T15:02:03.228791,0.3155204400624098,2026-03-14T15:02:02.986000,87,,,
participant_11,1,day,Town10HD_Opt,2026-03-14 15:02:04.175956,-110.7758560180664,4.697911739349365,0.0015129089588299,34.832,-4.093,0.931,0.0,0,0,1,,0.868,2026-03-14T15:02:04.175956,neutral,0.443,2026-03-14T15:02:03.228791,0.3073218015459744,2026-03-14T15:02:04.066000,88,,,
participant_11,1,day,Town10HD_Opt,2026-03-14 15:02:05.119019,-109.78285217285156,11.592717170715332,0.0018352889455854,43.157,-10.413,0.376,0.0,0,0,1,,0.827,2026-03-14T15:02:05.119019,neutral,0.443,2026-03-14T15:02:03.228791,0.3069630343763504,2026-03-14T15:02:05.012000,85,,,
participant_11,1,day,Town10HD_Opt,2026-03-14 15:02:06.056193,-106.60021209716795,18.12408828735352,0.0021858976688236,39.557,-10.742,0.273,0.0,0,0,1,,1.0,2026-03-14T15:02:06.056193,happy,0.642,2026-03-14T15:02:06.056193,0.2965460007223536,2026-03-14T15:02:06.001000,85,,,
participant_11,1,day,Town10HD_Opt,2026-03-14 15:02:07.061153,-101.81681060791016,22.59566307067871,0.0021986770443618,35.311,-10.415,0.254,0.0,0,0,1,,1.0,2026-03-14T15:02:07.061153,happy,0.642,2026-03-14T15:02:06.056193,0.3179305965839333,2026-03-14T15:02:06.992000,84,,,
participant_11,1,day,Town10HD_Opt,2026-03-14 15:02:08.034925,-96.19890594482422,25.25442314147949,0.0017620086437091,40.439,-5.957,1.0,0.0,0,0,1,,1.0,2026-03-14T15:02:08.034925,happy,0.642,2026-03-14T15:02:06.056193,0.3831259918512544,2026-03-14T15:02:07.981000,87,,,
participant_11,1,day,Town10HD_Opt,2026-03-14 15:02:09.016695,-88.47151947021484,27.224733352661133,0.0020133589860051,46.199,-4.681,0.0,0.0,0,0,1,,0.842,2026-03-14T15:02:09.016695,neutral,0.492,2026-03-14T15:02:09.016695,0.4584465267350333,2026-03-14T15:02:09.016000,86,,,
participant_11,1,day,Town10HD_Opt,2026-03-14 15:02:10.000735,-80.56722259521484,27.87969207763672,0.0017579650739207,50.002,-2.21,1.0,0.0,0,0,1,,0.925,2026-03-14T15:02:10.000735,neutral,0.492,2026-03-14T15:02:09.016695,0.3530500953208283,2026-03-14T15:02:10.051000,86,,,
participant_11,1,day,Town10HD_Opt,2026-03-14 15:02:10.991607,-71.7540512084961,27.776302337646484,0.0021915435791015,48.412,-0.707,1.0,0.0,0,0,1,,0.928,2026-03-14T15:02:10.991607,neutral,0.492,2026-03-14T15:02:09.016695,0.3434310012728807,2026-03-14T15:02:10.997000,87,,,
participant_11,1,day,Town10HD_Opt,2026-03-14 15:02:12.013345,-62.9700813293457,27.437612533569336,0.0021835325751453,48.913,0.689,1.0,0.0,0,0,1,,1.0,2026-03-14T15:02:12.013345,neutral,0.536,2026-03-14T15:02:12.013345,0.3285298238889062,2026-03-14T15:02:11.987000,88,,,
participant_11,1,day,Town10HD_Opt,2026-03-14 15:02:13.223857,-51.26692581176758,27.246564865112305,0.001975402701646,51.0,0.583,0.0,0.0,0,0,1,,0.955,2026-03-14T15:02:13.223857,neutral,0.536,2026-03-14T15:02:12.013345,0.3030185312599507,2026-03-14T15:02:13.022000,88,,,
participant_11,1,day,Town10HD_Opt,2026-03-14 15:02:14.169137,-42.58665084838867,27.34799766540528,0.0020761108025908,48.719,-0.327,0.457,0.0,0,0,1,,0.841,2026-03-14T15:02:14.169137,neutral,0.627,2026-03-14T15:02:14.169137,0.3766092140371421,2026-03-14T15:02:14.012000,87,,,
participant_11,1,day,Town10HD_Opt,2026-03-14 15:02:15.133643,-34.13396072387695,27.453582763671875,0.002105216961354,47.252,0.839,0.384,0.0,0,0,1,,0.88,2026-03-14T15:02:15.133643,neutral,0.627,2026-03-14T15:02:14.169137,0.3396079305225151,2026-03-14T15:02:15.048000,89,,,
participant_11,1,day,Town10HD_Opt,2026-03-14 15:02:16.097252,-26.063610076904297,27.616872787475582,0.002120513934642,44.792,-0.566,0.279,0.0,0,0,1,,0.849,2026-03-14T15:02:16.097252,neutral,0.627,2026-03-14T15:02:14.169137,0.2955620955172564,2026-03-14T15:02:16.037000,88,,,
participant_11,1,day,Town10HD_Opt,2026-03-14 15:02:17.048672,-18.79457092285156,27.666202545166016,0.0023403167724609,36.452,-0.183,0.0,0.0,0,0,1,,1.0,2026-03-14T15:02:17.048672,neutral,0.671,2026-03-14T15:02:17.048672,0.4144798963825665,2026-03-14T15:02:16.982000,92,,,
participant_11,1,day,Town10HD_Opt,2026-03-14 15:02:18.072744,-13.085142135620115,27.66760635375977,0.0021779632661491,28.665,0.19,0.238,0.0,0,0,1,,1.0,2026-03-14T15:02:18.072744,neutral,0.671,2026-03-14T15:02:17.048672,0.4153617794275596,2026-03-14T15:02:18.016000,91,,,
participant_11,1,day,Town10HD_Opt,2026-03-14 15:02:19.259716,-6.478969573974609,27.680395126342773,0.0019178390502929,30.505,0.042,0.588,0.0,0,0,1,,1.0,2026-03-14T15:02:19.259716,neutral,0.508,2026-03-14T15:02:19.259716,0.3644397583340792,2026-03-14T15:02:19.006000,91,,,
participant_11,1,day,Town10HD_Opt,2026-03-14 15:02:20.138401,-0.7782049179077148,27.70365333557129,0.0019062041537836,34.878,0.012,0.555,0.0,0,0,1,,1.0,2026-03-14T15:02:20.138401,neutral,0.508,2026-03-14T15:02:19.259716,0.2945324186329575,2026-03-14T15:02:19.997000,91,,,
participant_11,1,day,Town10HD_Opt,2026-03-14 15:02:21.098756,5.59698486328125,27.73415946960449,0.0019371032249182,38.191,0.181,0.543,0.0,0,0,1,,0.821,2026-03-14T15:02:21.098756,neutral,0.508,2026-03-14T15:02:19.259716,0.2857442934178372,2026-03-14T15:02:20.987000,94,,,
participant_11,1,day,Town10HD_Opt,2026-03-14 15:02:22.027102,12.498046875,27.793371200561523,0.0019552230369299,40.893,0.101,0.538,0.0,0,0,1,,1.0,2026-03-14T15:02:22.027102,neutral,0.651,2026-03-14T15:02:22.027102,0.2546167074088965,2026-03-14T15:02:22.022000,92,,,
participant_11,1,day,Town10HD_Opt,2026-03-14 15:02:23.276956,21.8773136138916,27.969804763793945,0.0021916578989475,37.574,2.466,0.201,0.0,0,0,1,,1.0,2026-03-14T15:02:23.276956,neutral,0.651,2026-03-14T15:02:22.027102,0.3529763335213979,2026-03-14T15:02:23.012000,91,,,
participant_11,1,day,Town10HD_Opt,2026-03-14 15:02:24.218888,27.9384708404541,28.57779693603516,0.0022632980253547,31.185,4.634,0.0,0.0,0,0,1,,1.0,2026-03-14T15:02:24.218888,neutral,0.466,2026-03-14T15:02:24.218888,0.2129206958968788,2026-03-14T15:02:24.001000,90,,,
participant_11,1,day,Town10HD_Opt,2026-03-14 15:02:25.126669,32.63433837890625,29.73265647888184,0.0022943876683712,24.051,13.01,0.0,0.0,0,0,1,,1.0,2026-03-14T15:02:25.126669,neutral,0.466,2026-03-14T15:02:24.218888,0.217472995576864,2026-03-14T15:02:24.994000,92,,,
participant_11,1,day,Town10HD_Opt,2026-03-14 15:02:26.015492,35.771690368652344,31.60273551940918,0.0021781157702207,19.393,18.415,0.532,0.0,0,0,1,,1.0,2026-03-14T15:02:26.015492,neutral,0.466,2026-03-14T15:02:24.218888,0.2506375372851052,2026-03-14T15:02:25.982000,90,,,
participant_11,1,day,Town10HD_Opt,2026-03-14 15:02:27.151744,38.81652069091797,35.60360336303711,0.0019213104387745,24.939,15.788,0.543,0.0,0,0,1,,1.0,2026-03-14T15:02:27.151744,neutral,0.589,2026-03-14T15:02:27.151744,0.1998522966552835,2026-03-14T15:02:27.062000,88,,,
participant_11,1,day,Town10HD_Opt,2026-03-14 15:02:28.011733,40.12249755859375,40.01750564575195,0.0020498274825513,26.659,13.594,0.0,0.0,0,0,1,,1.0,2026-03-14T15:02:28.011733,neutral,0.589,2026-03-14T15:02:27.151744,0.1312254444476353,2026-03-14T15:02:28.006000,88,,,
participant_11,1,day,Town10HD_Opt,2026-03-14 15:02:29.167906,40.253562927246094,45.3426513671875,0.0022449875250458,18.397,-0.964,0.0,0.293,0,0,1,,0.858,2026-03-14T15:02:29.167906,neutral,0.632,2026-03-14T15:02:29.167906,0.1925850154703706,2026-03-14T15:02:28.997000,89,,,
participant_11,1,day,Town10HD_Opt,2026-03-14 15:02:30.032150,40.26865005493164,48.070892333984375,0.0020922468975186,12.502,0.162,0.0,0.229,0,0,1,,0.892,2026-03-14T15:02:30.032150,neutral,0.632,2026-03-14T15:02:29.167906,0.2191437321555465,2026-03-14T15:02:29.987000,88,,,
participant_11,1,day,Town10HD_Opt,2026-03-14 15:02:31.123317,40.28854370117188,50.377723693847656,0.0020207976922392,7.47,-1.361,0.0,0.128,0,0,1,,0.852,2026-03-14T15:02:31.123317,neutral,0.632,2026-03-14T15:02:29.167906,0.116329327982678,2026-03-14T15:02:31.066000,87,,,
participant_11,1,day,Town10HD_Opt,2026-03-14 15:02:32.192778,40.30631637573242,51.17390823364258,0.0020165252499282,0.083,-1.081,0.0,0.0,0,0,1,,0.878,2026-03-14T15:02:32.192778,neutral,0.615,2026-03-14T15:02:32.192778,0.1220987355540415,2026-03-14T15:02:32.011000,88,,,
participant_11,1,day,Town10HD_Opt,2026-03-14 15:02:33.094367,40.30828094482422,51.25544738769531,0.001806907588616,2.359,-0.808,0.404,0.0,0,0,1,,0.862,2026-03-14T15:02:33.094367,neutral,0.615,2026-03-14T15:02:32.192778,0.1935628480582887,2026-03-14T15:02:33.001000,88,,,
participant_11,1,day,Town10HD_Opt,2026-03-14 15:02:34.206817,40.33203887939453,52.21770858764648,0.0023102951236069,0.0,-0.754,0.0,0.132,0,0,1,,0.925,2026-03-14T15:02:34.206817,sad,0.483,2026-03-14T15:02:34.206817,0.1717078078195333,2026-03-14T15:02:33.992000,91,,,
participant_11,1,day,Town10HD_Opt,2026-03-14 15:02:35.080436,40.33207702636719,52.21883010864258,0.0019310760544613,0.182,-0.754,0.129,0.0,0,0,1,,0.939,2026-03-14T15:02:35.080436,sad,0.483,2026-03-14T15:02:34.206817,0.090720941119687,2026-03-14T15:02:34.981000,90,,,
participant_11,1,day,Town10HD_Opt,2026-03-14 15:02:36.016054,40.343780517578125,52.6557846069336,0.0015169143443927,8.357,-0.322,0.946,0.0,0,0,1,,0.863,2026-03-14T15:02:36.016054,sad,0.483,2026-03-14T15:02:34.206817,0.2097148007276565,2026-03-14T15:02:36.016000,88,,,
participant_11,1,day,Town10HD_Opt,2026-03-14 15:02:37.160339,40.470157623291016,56.69929885864258,0.0017662810860201,24.275,-3.12,0.627,0.0,0,0,1,,1.0,2026-03-14T15:02:37.160339,neutral,0.835,2026-03-14T15:02:37.160339,0.0847248163562205,2026-03-14T15:02:37.007000,88,,,
participant_11,1,day,Town10HD_Opt,2026-03-14 15:02:38.083251,41.228607177734375,61.35874557495117,0.0018880843417719,29.802,-12.721,0.57,0.0,0,0,1,,0.897,2026-03-14T15:02:38.083251,neutral,0.835,2026-03-14T15:02:37.160339,0.1371674866712272,2026-03-14T15:02:37.997000,88,,,
participant_11,1,day,Town10HD_Opt,2026-03-14 15:02:39.213083,45.08941650390625,67.68476104736328,0.0020148085895925,33.671,-18.071,0.278,0.0,0,0,1,,0.904,2026-03-14T15:02:39.213083,neutral,0.706,2026-03-14T15:02:39.213083,0.0597073940947695,2026-03-14T15:02:38.988000,87,,,
participant_11,1,day,Town10HD_Opt,2026-03-14 15:02:40.110153,49.9893684387207,70.3018569946289,0.0022040174808353,30.342,-17.876,0.243,0.0,0,0,1,,0.853,2026-03-14T15:02:40.110153,neutral,0.706,2026-03-14T15:02:39.213083,0.1462531444203048,2026-03-14T15:02:40.023000,89,,,
participant_11,1,day,Town10HD_Opt,2026-03-14 15:02:41.255154,56.50627899169922,70.55433654785156,0.0022069548722356,24.905,-4.214,0.0,0.0,0,0,1,,0.806,2026-03-14T15:02:41.255154,neutral,0.381,2026-03-14T15:02:41.255154,0.0722562329810006,2026-03-14T15:02:41.011000,89,,,
participant_11,1,day,Town10HD_Opt,2026-03-14 15:02:42.153250,60.39643478393555,70.1548843383789,0.0021558380685746,20.443,1.074,0.337,0.0,0,0,1,,1.0,2026-03-14T15:02:42.153250,neutral,0.381,2026-03-14T15:02:41.255154,0.093226253905151,2026-03-14T15:02:42.002000,89,,,
participant_11,1,day,Town10HD_Opt,2026-03-14 15:02:43.064914,64.00030517578125,69.84326171875,0.0020000839140266,21.427,1.248,0.439,0.0,0,0,1,,1.0,2026-03-14T15:02:43.064914,neutral,0.381,2026-03-14T15:02:41.255154,0.0809537401698894,2026-03-14T15:02:42.993000,89,,,
participant_11,1,day,Town10HD_Opt,2026-03-14 15:02:44.204610,70.30221557617188,69.50537872314453,0.001580161973834,36.55,1.542,0.885,0.0,0,0,1,,1.0,2026-03-14T15:02:44.204610,sad,0.509,2026-03-14T15:02:44.204610,0.0455441341419045,2026-03-14T15:02:43.982000,88,,,
participant_11,1,day,Town10HD_Opt,2026-03-14 15:02:45.115063,77.6053237915039,69.45108032226562,0.0017130660125985,46.95,0.818,0.436,0.0,0,0,1,,1.0,2026-03-14T15:02:45.115063,sad,0.509,2026-03-14T15:02:44.204610,0.0807301588200024,2026-03-14T15:02:45.018000,89,,,
participant_11,1,day,Town10HD_Opt,2026-03-14 15:02:46.043300,85.35804748535156,69.67096710205078,0.002335853409022,39.106,2.092,0.0,0.0,0,0,1,,0.916,2026-03-14T15:02:46.043300,sad,0.509,2026-03-14T15:02:44.204610,0.1175049778805232,2026-03-14T15:02:46.007000,87,,,
participant_11,1,day,Town10HD_Opt,2026-03-14 15:02:47.164981,92.80626678466795,71.42674255371094,0.0022969054989516,28.313,21.202,0.519,0.0,0,0,1,,1.0,2026-03-14T15:02:47.164981,neutral,0.434,2026-03-14T15:02:47.164981,0.0784601339435898,2026-03-14T15:02:46.997000,85,,,
participant_11,1,day,Town10HD_Opt,2026-03-14 15:02:48.071967,96.57733154296876,75.35902404785156,0.0017429351573809,37.898,16.243,0.872,0.0,0,0,1,,1.0,2026-03-14T15:02:48.071967,neutral,0.434,2026-03-14T15:02:47.164981,0.062887600871121,2026-03-14T15:02:47.987000,89,,,
participant_11,1,day,Town10HD_Opt,2026-03-14 15:02:48.995433,98.75350189208984,82.27082824707031,0.0017476272769272,47.13,11.677,0.814,0.0,0,0,1,,0.826,2026-03-14T15:02:48.995433,neutral,0.434,2026-03-14T15:02:47.164981,0.1337943458178463,2026-03-14T15:02:49.022000,87,,,errors=Solid line crossing
participant_11,1,day,Town10HD_Opt,2026-03-14 15:02:50.189516,98.01968383789062,93.68109893798828,0.0023050690069794,44.36,-2.05,0.0,0.0,0,0,1,,0.958,2026-03-14T15:02:50.189516,neutral,0.365,2026-03-14T15:02:50.189516,0.220299832128694,2026-03-14T15:02:50.102000,89,,,
participant_11,1,day,Town10HD_Opt,2026-03-14 15:02:51.098062,97.5302505493164,100.59431457519533,0.0023567199241369,34.304,5.021,0.0,0.0,0,0,1,,1.0,2026-03-14T15:02:51.098062,neutral,0.365,2026-03-14T15:02:50.189516,0.1487827876841027,2026-03-14T15:02:51,90,,,
participant_11,1,day,Town10HD_Opt,2026-03-14 15:02:52.280493,95.8901138305664,107.53775024414062,0.0020384597592055,30.27,5.571,0.808,0.0,0,0,1,,1.0,2026-03-14T15:02:52.280493,sad,0.46,2026-03-14T15:02:52.280493,0.170694153982166,2026-03-14T15:02:51.992000,90,,,
participant_11,1,day,Town10HD_Opt,2026-03-14 15:02:53.129305,93.36761474609376,112.95417785644533,0.0017789459088817,38.813,5.543,0.714,0.0,0,0,1,,1.0,2026-03-14T15:02:53.129305,sad,0.46,2026-03-14T15:02:52.280493,0.1345948348022183,2026-03-14T15:02:52.982000,89,,,
participant_11,1,day,Town10HD_Opt,2026-03-14 15:02:54.040788,89.24372100830078,118.9628677368164,0.0018899536225944,44.086,4.277,0.301,0.0,0,0,1,,1.0,2026-03-14T15:02:54.040788,sad,0.46,2026-03-14T15:02:52.280493,0.1372090263476225,2026-03-14T15:02:54.017000,89,,,
participant_11,1,day,Town10HD_Opt,2026-03-14 15:02:55.202735,82.36845397949219,125.8509750366211,0.0021952055394649,38.532,5.297,0.248,0.0,0,0,1,,1.0,2026-03-14T15:02:55.202735,sad,0.344,2026-03-14T15:02:55.202735,0.1277786608026,2026-03-14T15:02:55.007000,89,,,
participant_11,1,day,Town10HD_Opt,2026-03-14 15:02:56.151218,77.02304077148438,129.38145446777344,0.0021519470028579,35.028,6.099,0.465,0.0,0,0,1,,1.0,2026-03-14T15:02:56.151218,sad,0.344,2026-03-14T15:02:55.202735,0.1238269265889138,2026-03-14T15:02:55.997000,88,,,
participant_11,1,day,Town10HD_Opt,2026-03-14 15:02:57.065163,71.17133331298828,131.79318237304688,0.0018902205629274,39.32,6.706,0.728,0.0,0,0,1,,1.0,2026-03-14T15:02:57.065163,sad,0.344,2026-03-14T15:02:55.202735,0.0949062577997378,2026-03-14T15:02:56.987000,87,,,
participant_11,1,day,Town10HD_Opt,2026-03-14 15:02:58.259862,60.95645904541016,133.37664794921875,0.0016485976520925,52.409,2.951,0.0,0.188,0,0,1,,1.0,2026-03-14T15:02:58.259862,sad,0.389,2026-03-14T15:02:58.259862,0.1597394330346831,2026-03-14T15:02:58.022000,86,,,
participant_11,1,day,Town10HD_Opt,2026-03-14 15:02:59.189447,52.1287727355957,133.5019073486328,0.0020008469000458,50.802,1.909,0.917,0.0,0,0,1,,1.0,2026-03-14T15:02:59.189447,sad,0.389,2026-03-14T15:02:58.259862,0.1212065686868114,2026-03-14T15:02:59.012000,85,,,
participant_11,1,day,Town10HD_Opt,2026-03-14 15:03:00.090998,43.42677307128906,133.2958984375,0.0021096419077366,48.792,-1.706,0.905,0.0,0,0,1,,0.881,2026-03-14T15:03:00.090998,sad,0.389,2026-03-14T15:02:58.259862,0.1574214299918447,2026-03-14T15:03:00.002000,87,,,
participant_11,1,day,Town10HD_Opt,2026-03-14 15:03:01.041868,34.64315414428711,133.3840789794922,0.0021965026389807,48.522,-0.096,0.895,0.0,0,0,1,,0.913,2026-03-14T15:03:01.041868,sad,0.29,2026-03-14T15:03:01.041868,0.1194838755826244,2026-03-14T15:03:00.992000,87,,,
participant_11,1,day,Town10HD_Opt,2026-03-14 15:03:02.207919,23.014938354492188,133.74925231933594,0.0020614622626453,49.673,0.945,0.749,0.0,0,0,1,,0.821,2026-03-14T15:03:02.207919,sad,0.29,2026-03-14T15:03:01.041868,0.2146819971531443,2026-03-14T15:03:02.028000,87,,,
participant_11,1,day,Town10HD_Opt,2026-03-14 15:03:03.111406,14.425817489624023,133.62059020996094,0.0022717283573001,45.193,1.622,0.0,0.0,0,0,1,,1.0,2026-03-14T15:03:03.111406,neutral,0.569,2026-03-14T15:03:03.111406,0.186567286222194,2026-03-14T15:03:03.017000,85,,,
participant_11,1,day,Town10HD_Opt,2026-03-14 15:03:03.998287,7.372734069824219,133.11373901367188,0.0023623274173587,34.998,1.255,0.05,0.0,0,0,1,,0.818,2026-03-14T15:03:03.998287,neutral,0.569,2026-03-14T15:03:03.111406,0.2620029460450033,2026-03-14T15:03:04.006000,86,,,
participant_11,1,day,Town10HD_Opt,2026-03-14 15:03:05.159393,-0.2810670137405395,132.20956420898438,0.0017702102195471,37.192,-1.737,0.997,0.0,0,0,1,,0.93,2026-03-14T15:03:05.159393,neutral,0.744,2026-03-14T15:03:05.159393,0.2766503393961359,2026-03-14T15:03:05.042000,84,,,
participant_11,1,day,Town10HD_Opt,2026-03-14 15:03:06.105885,-7.913974285125732,131.5203857421875,0.0015634155133739,51.775,-0.092,0.0,0.101,0,0,1,,0.872,2026-03-14T15:03:06.105885,neutral,0.744,2026-03-14T15:03:05.159393,0.2697840284096147,2026-03-14T15:03:06.032000,85,,,
participant_11,1,day,Town10HD_Opt,2026-03-14 15:03:06.992837,-16.708059310913086,130.8541259765625,0.0020970152691006,49.437,0.27,0.885,0.0,0,0,1,,0.811,2026-03-14T15:03:06.992837,neutral,0.744,2026-03-14T15:03:05.159393,0.2334375626745789,2026-03-14T15:03:07.022000,85,,,
participant_11,1,day,Town10HD_Opt,2026-03-14 15:03:08.165199,-27.641714096069336,129.85025024414062,0.0023787308018654,40.101,2.362,0.0,0.0,0,0,1,,1.0,2026-03-14T15:03:08.165199,sad,0.385,2026-03-14T15:03:08.165199,0.3245226596282051,2026-03-14T15:03:08.012000,84,,,
participant_11,1,day,Town10HD_Opt,2026-03-14 15:03:09.055310,-33.72298812866211,128.53741455078125,0.0023584747686982,30.645,13.234,0.113,0.0,0,0,1,,1.0,2026-03-14T15:03:09.055310,sad,0.385,2026-03-14T15:03:08.165199,0.3707441796774855,2026-03-14T15:03:09.047000,85,,,
participant_11,1,day,Town10HD_Opt,2026-03-14 15:03:10.209672,-39.28756713867188,124.43160247802734,0.0019980238284915,31.923,18.558,0.525,0.0,0,0,1,,1.0,2026-03-14T15:03:10.209672,neutral,0.755,2026-03-14T15:03:10.209672,0.345880001504511,2026-03-14T15:03:09.992000,84,,,
participant_11,1,day,Town10HD_Opt,2026-03-14 15:03:11.148341,-41.561336517333984,119.169677734375,0.0032515716738998,35.076,12.079,0.604,0.0,0,0,1,,1.0,2026-03-14T15:03:11.148341,neutral,0.755,2026-03-14T15:03:10.209672,0.3406088791636745,2026-03-14T15:03:11.027000,83,,,
participant_11,1,day,Town10HD_Opt,2026-03-14 15:03:12.076641,-42.011512756347656,112.7171859741211,0.0019086836837232,39.197,1.415,0.56,0.0,0,0,1,,1.0,2026-03-14T15:03:12.076641,neutral,0.755,2026-03-14T15:03:10.209672,0.2894827960897854,2026-03-14T15:03:12.017000,82,,,
participant_11,1,day,Town10HD_Opt,2026-03-14 15:03:13.003595,-41.99935531616211,105.84207153320312,0.0021043396554887,38.19,0.808,0.315,0.0,0,0,1,,1.0,2026-03-14T15:03:13.003595,sad,0.524,2026-03-14T15:03:13.003595,0.3267456415342606,2026-03-14T15:03:13.007000,78,,,
participant_11,1,day,Town10HD_Opt,2026-03-14 15:03:14.226676,-41.8101692199707,97.301513671875,0.0021207809913903,34.869,-1.744,0.314,0.0,0,0,1,,1.0,2026-03-14T15:03:14.226676,sad,0.524,2026-03-14T15:03:13.003595,0.2463326834205839,2026-03-14T15:03:14.044000,79,,,
participant_11,1,day,Town10HD_Opt,2026-03-14 15:03:15.171190,-41.84158706665039,91.3658218383789,0.0021089552901685,32.813,-0.411,0.323,0.0,0,0,1,,0.852,2026-03-14T15:03:15.171190,sad,0.524,2026-03-14T15:03:15.171190,0.2667864729564582,2026-03-14T15:03:15.032000,79,,,
participant_11,1,day,Town10HD_Opt,2026-03-14 15:03:16.102501,-41.89215850830078,85.69730377197266,0.0020550154149532,32.219,1.429,0.418,0.0,0,0,1,,1.0,2026-03-14T15:03:16.102501,sad,0.524,2026-03-14T15:03:15.171190,0.3528664160735015,2026-03-14T15:03:16.022000,80,,,
participant_11,1,day,Town10HD_Opt,2026-03-14 15:03:17.065369,-41.61028671264648,80.0390396118164,0.002037925645709,32.521,7.648,0.415,0.0,0,0,1,,1.0,2026-03-14T15:03:17.065369,sad,0.524,2026-03-14T15:03:15.171190,0.2672128610729629,2026-03-14T15:03:17.059000,81,,,
participant_11,1,day,Town10HD_Opt,2026-03-14 15:03:17.989356,-39.89143753051758,74.72107696533203,0.0021266937255859,31.712,25.615,0.408,0.0,0,0,1,,1.0,2026-03-14T15:03:17.989356,neutral,0.389,2026-03-14T15:03:17.989356,0.3129296890028484,2026-03-14T15:03:18.002000,82,,,
participant_11,1,day,Town10HD_Opt,2026-03-14 15:03:19.218530,-33.97588348388672,70.9715576171875,0.0022365187760442,28.859,16.888,0.0,0.0,0,0,1,,1.0,2026-03-14T15:03:19.218530,neutral,0.389,2026-03-14T15:03:17.989356,0.3106725856244845,2026-03-14T15:03:18.993000,85,,,
participant_11,1,day,Town10HD_Opt,2026-03-14 15:03:20.115461,-29.552928924560547,70.34397888183594,0.0022299194242805,22.548,0.799,0.497,0.0,0,0,1,,1.0,2026-03-14T15:03:20.115461,sad,0.479,2026-03-14T15:03:20.115461,0.2450529516046891,2026-03-14T15:03:20.027000,81,,,
participant_11,1,day,Town10HD_Opt,2026-03-14 15:03:21.173582,-25.140958786010746,69.96902465820312,0.0017428207211196,30.462,4.409,0.662,0.0,0,0,1,,1.0,2026-03-14T15:03:21.173582,sad,0.479,2026-03-14T15:03:20.115461,0.3302719829742816,2026-03-14T15:03:21.017000,81,,,
participant_11,1,day,Town10HD_Opt,2026-03-14 15:03:22.083641,-19.422748565673828,69.87803649902344,0.0019382095197215,34.458,-0.399,0.498,0.0,0,0,1,,1.0,2026-03-14T15:03:22.083641,sad,0.479,2026-03-14T15:03:20.115461,0.3651895465713758,2026-03-14T15:03:22.007000,84,,,
participant_11,1,day,Town10HD_Opt,2026-03-14 15:03:23.022497,-13.240815162658691,69.81607055664062,0.0019743728917092,36.446,1.241,0.498,0.0,0,0,1,,1.0,2026-03-14T15:03:23.022497,sad,0.527,2026-03-14T15:03:23.022497,0.3947334202573959,2026-03-14T15:03:22.998000,87,,,
participant_11,1,day,Town10HD_Opt,2026-03-14 15:03:24.235613,-4.695724964141846,69.94511413574219,0.0021991347894072,34.345,-0.04,0.0,0.0,0,0,1,,0.829,2026-03-14T15:03:24.235613,sad,0.527,2026-03-14T15:03:23.022497,0.3429323337335613,2026-03-14T15:03:23.987000,87,,,
participant_11,1,day,Town10HD_Opt,2026-03-14 15:03:25.133356,0.6106892228126526,70.01608276367188,0.0022885513026267,26.126,-0.667,0.0,0.0,0,0,1,,1.0,2026-03-14T15:03:25.133356,sad,0.448,2026-03-14T15:03:25.133356,0.3278960450645117,2026-03-14T15:03:25.022000,85,,,
participant_11,1,day,Town10HD_Opt,2026-03-14 15:03:26.080573,4.714016437530518,70.02236938476562,0.0022039795294404,20.741,0.148,0.127,0.0,0,0,1,,1.0,2026-03-14T15:03:26.080573,sad,0.448,2026-03-14T15:03:25.133356,0.3235263461935809,2026-03-14T15:03:26.013000,87,,,
participant_11,1,day,Town10HD_Opt,2026-03-14 15:03:27.029804,8.062074661254883,70.0318374633789,0.001939506502822,17.877,-0.334,0.16,0.0,0,0,1,,0.802,2026-03-14T15:03:27.029804,sad,0.448,2026-03-14T15:03:25.133356,0.3342027081604645,2026-03-14T15:03:27.003000,87,,,
participant_11,1,day,Town10HD_Opt,2026-03-14 15:03:28.214697,12.145256042480469,70.03662872314453,0.0019214248750358,17.373,0.301,0.234,0.0,0,0,1,,1.0,2026-03-14T15:03:28.214697,neutral,0.559,2026-03-14T15:03:28.214697,0.3237242658454426,2026-03-14T15:03:27.992000,87,,,
participant_11,1,day,Town10HD_Opt,2026-03-14 15:03:29.101068,15.154606819152832,70.05294036865234,0.0019425201462581,16.786,-0.174,0.163,0.0,0,0,1,,1.0,2026-03-14T15:03:29.101068,neutral,0.559,2026-03-14T15:03:28.214697,0.4652669705263744,2026-03-14T15:03:29.027000,87,,,
participant_11,1,day,Town10HD_Opt,2026-03-14 15:03:30.269205,18.76125144958496,70.05748748779297,0.0020095824729651,13.535,-0.11,0.052,0.0,0,0,1,,1.0,2026-03-14T15:03:30.269205,sad,0.368,2026-03-14T15:03:30.269205,0.474460642481096,2026-03-14T15:03:30.017000,90,,,
participant_11,1,day,Town10HD_Opt,2026-03-14 15:03:31.140696,20.90968894958496,70.05767059326172,0.0020149231422692,10.676,-0.009,0.0,0.0,0,0,1,,1.0,2026-03-14T15:03:31.140696,sad,0.368,2026-03-14T15:03:30.269205,0.5549011291985623,2026-03-14T15:03:31.008000,90,,,
participant_11,1,day,Town10HD_Opt,2026-03-14 15:03:32.001973,22.57287979125977,70.0577163696289,0.0019973753951489,8.198,-0.009,0.0,0.0,0,0,1,,1.0,2026-03-14T15:03:32.001973,sad,0.368,2026-03-14T15:03:30.269205,0.5950641142514361,2026-03-14T15:03:31.997000,93,,,
participant_11,1,day,Town10HD_Opt,2026-03-14 15:03:33.156392,24.20583152770996,70.0577392578125,0.0019742583390325,5.763,-0.009,0.0,0.0,0,0,1,,0.853,2026-03-14T15:03:33.156392,neutral,0.569,2026-03-14T15:03:33.156392,0.514387782778591,2026-03-14T15:03:32.987000,89,,,
participant_11,1,day,Town10HD_Opt,2026-03-14 15:03:34.028097,25.10353279113769,70.05775451660156,0.0019614410120993,4.424,-0.009,0.0,0.0,0,0,1,,0.825,2026-03-14T15:03:34.028097,neutral,0.569,2026-03-14T15:03:33.156392,0.4946848691048569,2026-03-14T15:03:34.022000,90,,,
participant_11,1,day,Town10HD_Opt,2026-03-14 15:03:35.212583,25.45843505859375,70.05780029296875,0.0019573592580854,0.003,-0.009,0.0,0.0,0,0,1,,1.0,2026-03-14T15:03:35.212583,neutral,0.553,2026-03-14T15:03:35.212583,0.5735859462063329,2026-03-14T15:03:35.013000,86,,,
participant_11,1,day,Town10HD_Opt,2026-03-14 15:03:36.080000,25.662994384765625,70.05769348144531,0.0017329406691715,4.098,-0.016,0.0,0.0,0,0,1,,1.0,2026-03-14T15:03:36.080000,neutral,0.553,2026-03-14T15:03:35.212583,0.6451863896308007,2026-03-14T15:03:36.002000,86,,,
participant_11,1,day,Town10HD_Opt,2026-03-14 15:03:37.214283,25.94186210632324,70.05756378173828,0.0019424057099968,0.008,-0.016,0.094,0.0,0,0,1,,1.0,2026-03-14T15:03:37.214283,sad,0.519,2026-03-14T15:03:37.214283,0.6357551890152169,2026-03-14T15:03:36.993000,88,,,
participant_11,1,day,Town10HD_Opt,2026-03-14 15:03:38.070675,26.212865829467773,70.05743408203125,0.001756896963343,4.049,-0.016,0.0,0.0,0,0,1,,1.0,2026-03-14T15:03:38.070675,sad,0.519,2026-03-14T15:03:37.214283,0.6115215609706269,2026-03-14T15:03:38.029000,87,,,
participant_11,1,day,Town10HD_Opt,2026-03-14 15:03:39.182138,26.919267654418945,70.0572280883789,0.0021322250831872,0.0,-0.016,0.0,0.095,0,0,1,,1.0,2026-03-14T15:03:39.182138,sad,0.519,2026-03-14T15:03:37.214283,0.5762798342274366,2026-03-14T15:03:39.108000,89,,,
participant_11,1,day,Town10HD_Opt,2026-03-14 15:03:40.029655,26.929168701171875,70.05723571777344,0.0019014739664271,0.774,-0.016,0.796,0.0,0,0,1,,1.0,2026-03-14T15:03:40.029655,sad,0.485,2026-03-14T15:03:40.029655,0.5153185607689761,2026-03-14T15:03:40.097000,87,,,
participant_11,1,day,Town10HD_Opt,2026-03-14 15:03:41.196922,29.07003593444824,70.02213287353516,0.001534919720143,17.928,-4.162,0.672,0.0,0,0,1,,1.0,2026-03-14T15:03:41.196922,sad,0.485,2026-03-14T15:03:40.029655,0.4990003457815052,2026-03-14T15:03:40.999000,90,,,
participant_11,1,day,Town10HD_Opt,2026-03-14 15:03:42.109567,32.500877380371094,69.6595230102539,0.0019192122854292,21.788,-10.091,0.432,0.0,0,0,1,,0.831,2026-03-14T15:03:42.109567,happy,0.695,2026-03-14T15:03:42.109567,0.3231822701968908,2026-03-14T15:03:41.988000,87,,,
participant_11,1,day,Town10HD_Opt,2026-03-14 15:03:43.017147,36.21753692626953,68.44911193847656,0.0020721436012536,22.185,-14.675,0.095,0.0,0,0,1,,0.854,2026-03-14T15:03:43.017147,happy,0.695,2026-03-14T15:03:42.109567,0.3027871375930897,2026-03-14T15:03:43.025000,87,,,
participant_11,1,day,Town10HD_Opt,2026-03-14 15:03:44.167555,39.95311737060547,65.73833465576172,0.0019067000830546,17.652,-13.455,0.091,0.0,0,0,1,,0.842,2026-03-14T15:03:44.167555,neutral,0.628,2026-03-14T15:03:44.167555,0.3468089784925178,2026-03-14T15:03:44.012000,84,,,
participant_11,1,day,Town10HD_Opt,2026-03-14 15:03:45.071064,41.74534225463867,63.464481353759766,0.0019486235687509,16.398,-13.377,0.463,0.0,0,0,1,,1.0,2026-03-14T15:03:45.071064,neutral,0.628,2026-03-14T15:03:44.167555,0.3457125159235853,2026-03-14T15:03:45.002000,83,,,
participant_11,1,day,Town10HD_Opt,2026-03-14 15:03:46.210630,43.54015350341797,59.55669403076172,0.0019548796117305,20.905,-13.38,0.495,0.0,0,0,1,,1.0,2026-03-14T15:03:46.210630,neutral,0.585,2026-03-14T15:03:46.210630,0.3237293385588727,2026-03-14T15:03:45.992000,85,,,
participant_11,1,day,Town10HD_Opt,2026-03-14 15:03:47.093661,44.21807098388672,55.875144958496094,0.0021087264176458,20.738,-9.275,0.134,0.0,0,0,1,,0.889,2026-03-14T15:03:47.093661,neutral,0.585,2026-03-14T15:03:46.210630,0.3208678338247294,2026-03-14T15:03:47.027000,87,,,
participant_11,1,day,Town10HD_Opt,2026-03-14 15:03:48.252564,44.368690490722656,51.61915588378906,0.0020118711981922,15.496,-2.941,0.0,0.0,0,0,1,,0.963,2026-03-14T15:03:48.252564,sad,0.367,2026-03-14T15:03:48.252564,0.3702442025781515,2026-03-14T15:03:48.019000,86,,,
participant_11,1,day,Town10HD_Opt,2026-03-14 15:03:49.217169,44.32411575317383,49.20689392089844,0.0020324706565588,11.907,-3.193,0.11,0.0,0,0,1,,0.913,2026-03-14T15:03:49.217169,sad,0.367,2026-03-14T15:03:48.252564,0.2904553974485178,2026-03-14T15:03:49.007000,86,,,
participant_11,1,day,Town10HD_Opt,2026-03-14 15:03:50.116245,44.19343185424805,46.79586410522461,0.0017659377772361,19.333,-1.965,0.887,0.0,0,0,1,,0.872,2026-03-14T15:03:50.116245,sad,0.367,2026-03-14T15:03:48.252564,0.2585138623623508,2026-03-14T15:03:49.997000,85,,,
participant_11,1,day,Town10HD_Opt,2026-03-14 15:03:51.001472,43.9335823059082,42.7370491027832,0.0017636489355936,27.877,3.325,0.549,0.0,0,0,1,,0.826,2026-03-14T15:03:51.001472,sad,0.667,2026-03-14T15:03:51.001472,0.2374667590192176,2026-03-14T15:03:50.987000,84,,,
participant_11,1,day,Town10HD_Opt,2026-03-14 15:03:52.136906,44.17945861816406,36.05927658081055,0.0020871353335678,28.097,9.452,0.216,0.0,0,0,1,,0.925,2026-03-14T15:03:52.136906,sad,0.667,2026-03-14T15:03:51.001472,0.2038718911197569,2026-03-14T15:03:52.022000,85,,,
participant_11,1,day,Town10HD_Opt,2026-03-14 15:03:53.044487,45.75894546508789,31.85655975341797,0.0022522734943777,23.34,27.617,0.14,0.0,0,0,1,,1.0,2026-03-14T15:03:53.044487,sad,0.429,2026-03-14T15:03:53.044487,0.2158898167905625,2026-03-14T15:03:53.012000,86,,,
participant_11,1,day,Town10HD_Opt,2026-03-14 15:03:54.254409,49.67214584350586,29.19550895690918,0.002205200260505,18.162,22.437,0.14,0.0,0,0,1,,1.0,2026-03-14T15:03:54.254409,sad,0.429,2026-03-14T15:03:53.044487,0.2989242276941096,2026-03-14T15:03:54.003000,89,,,
participant_11,1,day,Town10HD_Opt,2026-03-14 15:03:55.205171,52.70344543457031,28.574575424194336,0.0019713973160833,16.692,4.49,0.128,0.0,0,0,1,,0.845,2026-03-14T15:03:55.205171,sad,0.468,2026-03-14T15:03:55.205171,0.2345779079451095,2026-03-14T15:03:54.993000,92,,,
participant_11,1,day,Town10HD_Opt,2026-03-14 15:03:56.084315,55.58962631225586,28.05111694335937,0.0019651411566883,18.863,0.308,0.69,0.0,0,0,1,,1.0,2026-03-14T15:03:56.084315,sad,0.468,2026-03-14T15:03:55.205171,0.2143856173551341,2026-03-14T15:03:56.028000,91,,,
participant_11,1,day,Town10HD_Opt,2026-03-14 15:03:57.196862,60.3541374206543,27.15299415588379,0.0020414732862263,21.442,-0.414,0.23,0.0,0,0,1,,0.876,2026-03-14T15:03:57.196862,sad,0.468,2026-03-14T15:03:55.205171,0.2658155542717579,2026-03-14T15:03:57.017000,90,,,
participant_11,1,day,Town10HD_Opt,2026-03-14 15:03:58.034018,63.8436279296875,26.462764739990234,0.0021582792978733,18.375,0.39,0.0,0.153,0,0,1,,1.0,2026-03-14T15:03:58.034018,sad,0.343,2026-03-14T15:03:58.034018,0.2171062513078752,2026-03-14T15:03:58.007000,91,,,
participant_11,1,day,Town10HD_Opt,2026-03-14 15:03:59.159069,67.19440460205078,25.954002380371094,0.0021168135572224,10.125,5.297,0.0,0.385,0,0,1,,1.0,2026-03-14T15:03:59.159069,sad,0.343,2026-03-14T15:03:58.034018,0.2799662803954154,2026-03-14T15:03:58.997000,91,,,
participant_11,1,day,Town10HD_Opt,2026-03-14 15:03:59.994885,68.462158203125,25.856624603271484,0.0024148558732122,0.0,5.215,0.0,0.39,0,0,1,,0.861,2026-03-14T15:03:59.994885,sad,0.343,2026-03-14T15:03:58.034018,0.251411778307995,2026-03-14T15:03:59.987000,90,,,
participant_11,1,day,Town10HD_Opt,2026-03-14 15:04:01.046060,68.46276092529297,25.856639862060547,0.0019284439040347,0.0,5.094,0.0,0.0,0,0,1,,1.0,2026-03-14T15:04:01.046060,neutral,0.656,2026-03-14T15:04:01.046060,0.1822838635963433,2026-03-14T15:04:01.022000,89,,,
participant_11,1,day,Town10HD_Opt,2026-03-14 15:04:02.128695,68.4627685546875,25.856639862060547,0.0019198989029973,0.0,2.68,0.0,0.0,0,0,1,,0.825,2026-03-14T15:04:02.128695,neutral,0.656,2026-03-14T15:04:01.046060,0.2648761797603749,2026-03-14T15:04:02.103000,89,,,
participant_11,1,day,Town10HD_Opt,2026-03-14 15:04:03.192721,68.4627685546875,25.856639862060547,0.0019198989029973,0.0,1.213,0.0,0.0,0,0,1,,1.0,2026-03-14T15:04:03.192721,neutral,0.427,2026-03-14T15:04:03.192721,0.2364911681537425,2026-03-14T15:04:03.002000,89,,,
participant_11,1,day,Town10HD_Opt,2026-03-14 15:04:04.010857,68.48656463623047,25.854433059692383,0.0018267058767378,2.196,0.9,1.0,0.0,0,0,1,,1.0,2026-03-14T15:04:04.010857,neutral,0.427,2026-03-14T15:04:03.192721,0.2206878115979478,2026-03-14T15:04:03.992000,87,,,
participant_11,1,day,Town10HD_Opt,2026-03-14 15:04:05.125371,71.25540161132812,25.62446975708008,0.0017169951461255,22.025,0.728,1.0,0.0,0,0,1,,1.0,2026-03-14T15:04:05.125371,neutral,0.427,2026-03-14T15:04:03.192721,0.234409494541794,2026-03-14T15:04:05.072000,85,,,
participant_11,1,day,Town10HD_Opt,2026-03-14 15:04:06.009191,75.92566680908203,25.439743041992188,0.0020388411357998,26.752,8.649,0.0,0.0,0,0,1,,1.0,2026-03-14T15:04:06.009191,neutral,0.381,2026-03-14T15:04:06.009191,0.2296435528220638,2026-03-14T15:04:06.152000,87,,,
participant_11,1,day,Town10HD_Opt,2026-03-14 15:04:07.125897,81.22545623779297,26.25586700439453,0.0022366715129464,18.939,3.422,0.553,0.0,0,0,1,,1.0,2026-03-14T15:04:07.125897,neutral,0.381,2026-03-14T15:04:06.009191,0.1721037647781102,2026-03-14T15:04:07.188000,86,,,
participant_11,1,day,Town10HD_Opt,2026-03-14 15:04:08.236673,86.60306549072266,27.228656768798828,0.0016340636648237,31.987,-5.668,0.763,0.0,0,0,1,,0.91,2026-03-14T15:04:08.236673,neutral,0.344,2026-03-14T15:04:08.236673,0.2182015079142318,2026-03-14T15:04:07.997000,88,,,
participant_11,1,day,Town10HD_Opt,2026-03-14 15:04:09.110804,92.61429595947266,27.405866622924805,0.002089500427246,33.657,-3.123,0.132,0.0,0,0,1,,0.92,2026-03-14T15:04:09.110804,neutral,0.344,2026-03-14T15:04:08.236673,0.2137927601004718,2026-03-14T15:04:08.987000,90,,,
participant_11,1,day,Town10HD_Opt,2026-03-14 15:04:10.213491,99.4493179321289,26.67584609985352,0.0022786711342632,24.408,-6.594,0.0,0.0,0,0,1,,1.0,2026-03-14T15:04:10.213491,neutral,0.344,2026-03-14T15:04:08.236673,0.164745948598438,2026-03-14T15:04:10.022000,93,,,
participant_11,1,day,Town10HD_Opt,2026-03-14 15:04:11.063965,103.01441192626952,25.570043563842773,0.0022560881916433,18.096,-14.845,0.0,0.0,0,0,1,,1.0,2026-03-14T15:04:11.063965,sad,0.33,2026-03-14T15:04:11.063965,0.2153704182609457,2026-03-14T15:04:11.014000,91,,,
participant_11,1,day,Town10HD_Opt,2026-03-14 15:04:12.144556,105.96550750732422,23.339258193969727,0.0019327545305714,15.845,-22.349,0.621,0.0,0,0,1,,1.0,2026-03-14T15:04:12.144556,sad,0.33,2026-03-14T15:04:11.063965,0.2253835101995325,2026-03-14T15:04:12.003000,91,,,
participant_11,1,day,Town10HD_Opt,2026-03-14 15:04:12.988942,107.63717651367188,20.49755096435547,0.0018457793630659,23.711,-22.637,0.824,0.0,0,0,1,,1.0,2026-03-14T15:04:12.988942,sad,0.33,2026-03-14T15:04:11.063965,0.339489301356995,2026-03-14T15:04:12.993000,87,,,
participant_11,1,day,Town10HD_Opt,2026-03-14 15:04:14.072001,107.73868560791016,13.562556266784668,0.0019422149052843,37.738,-19.852,0.919,0.0,0,0,1,,1.0,2026-03-14T15:04:14.072001,sad,0.367,2026-03-14T15:04:14.072001,0.1669071582559074,2026-03-14T15:04:14.028000,85,,,
participant_11,1,day,Town10HD_Opt,2026-03-14 15:04:15.234820,102.07599639892578,4.739788055419922,0.001989021198824,47.945,13.767,0.0,0.0,0,0,1,,1.0,2026-03-14T15:04:15.234820,sad,0.367,2026-03-14T15:04:14.072001,0.2176377537173993,2026-03-14T15:04:15.017000,83,,,
participant_11,1,day,Town10HD_Opt,2026-03-14 15:04:16.148702,99.5220184326172,-2.040350914001465,0.0024547576904296,34.908,19.583,0.0,0.0,0,0,1,,1.0,2026-03-14T15:04:16.148702,neutral,0.563,2026-03-14T15:04:16.148702,0.2047385513693847,2026-03-14T15:04:16.054000,86,,,
participant_11,1,day,Town10HD_Opt,2026-03-14 15:04:17.028382,100.8052978515625,-7.260851860046387,0.0023605346214026,27.136,12.762,0.0,0.0,0,0,1,,1.0,2026-03-14T15:04:17.028382,neutral,0.563,2026-03-14T15:04:16.148702,0.1909717022056589,2026-03-14T15:04:17.087000,83,,,
participant_11,1,day,Town10HD_Opt,2026-03-14 15:04:18.103745,103.5749282836914,-11.75306510925293,0.0022307585459202,18.567,-10.834,0.187,0.0,0,0,1,,1.0,2026-03-14T15:04:18.103745,neutral,0.563,2026-03-14T15:04:16.148702,0.2910147620220512,2026-03-14T15:04:17.988000,84,,,
participant_11,1,day,Town10HD_Opt,2026-03-14 15:04:19.174422,105.02171325683594,-15.815892219543455,0.0018791579641401,21.957,-14.729,0.903,0.0,0,0,1,,1.0,2026-03-14T15:04:19.174422,sad,0.326,2026-03-14T15:04:19.174422,0.3000093589623731,2026-03-14T15:04:19.026000,85,,,
participant_11,1,day,Town10HD_Opt,2026-03-14 15:04:19.994071,105.33824920654295,-20.810651779174805,0.0015466689364984,37.196,-7.767,0.98,0.0,0,0,1,,1.0,2026-03-14T15:04:19.994071,sad,0.326,2026-03-14T15:04:19.174422,0.199152906884544,2026-03-14T15:04:20.013000,87,,,
participant_11,1,day,Town10HD_Opt,2026-03-14 15:04:21.070662,103.6051254272461,-31.32356834411621,0.0018009566701948,51.381,4.051,0.0,0.185,0,0,1,,0.905,2026-03-14T15:04:21.070662,sad,0.326,2026-03-14T15:04:19.174422,0.2695595416118842,2026-03-14T15:04:21.003000,87,,,
participant_11,1,day,Town10HD_Opt,2026-03-14 15:04:21.988316,102.3384246826172,-40.00203323364258,0.0018411636119708,52.177,5.522,0.0,0.247,0,0,1,,1.0,2026-03-14T15:04:21.988316,sad,0.309,2026-03-14T15:04:21.988316,0.254640928151801,2026-03-14T15:04:22.037000,86,,,
participant_11,1,day,Town10HD_Opt,2026-03-14 15:04:23.058999,102.9278564453125,-51.68452453613281,0.0024755096528679,49.792,-9.909,0.619,0.0,0,0,1,,0.862,2026-03-14T15:04:23.058999,sad,0.309,2026-03-14T15:04:21.988316,0.2429069932245142,2026-03-14T15:04:23.073000,85,,,
participant_11,1,day,Town10HD_Opt,2026-03-14 15:04:24.070391,100.1360855102539,-61.9788818359375,0.1551388502120971,45.004,-19.895,0.527,0.0,0,0,1,,0.815,2026-03-14T15:04:24.070391,sad,0.481,2026-03-14T15:04:24.070391,0.2242758806267916,2026-03-14T15:04:24.018000,87,,,
participant_11,1,day,Town10HD_Opt,2026-03-14 15:04:25.229495,90.93535614013672,-65.62582397460938,0.1332878917455673,43.218,-19.702,0.525,0.0,0,0,1,,1.0,2026-03-14T15:04:25.229495,sad,0.481,2026-03-14T15:04:24.070391,0.2743874997369423,2026-03-14T15:04:25.009000,89,,,
participant_11,1,day,Town10HD_Opt,2026-03-14 15:04:26.132928,84.28487396240234,-62.80928039550781,0.0039986800402402,41.926,-15.452,0.503,0.0,0,0,1,,1.0,2026-03-14T15:04:26.132928,sad,0.395,2026-03-14T15:04:26.132928,0.2683483881573794,2026-03-14T15:04:25.998000,85,,,
participant_11,1,day,Town10HD_Opt,2026-03-14 15:04:27.095841,79.95726013183594,-57.25331878662109,0.0023323439527302,35.88,14.161,0.0,0.0,0,0,1,,1.0,2026-03-14T15:04:27.095841,sad,0.395,2026-03-14T15:04:26.132928,0.2479661132774816,2026-03-14T15:04:27.032000,85,,,
participant_11,1,day,Town10HD_Opt,2026-03-14 15:04:28.028190,75.6125259399414,-53.89255142211914,0.0023414611350744,27.144,14.494,0.0,0.0,0,0,1,,1.0,2026-03-14T15:04:28.028190,sad,0.395,2026-03-14T15:04:26.132928,0.1666819099512481,2026-03-14T15:04:28.292000,85,,,
participant_11,1,day,Town10HD_Opt,2026-03-14 15:04:29.176625,72.18331146240234,-52.98591995239258,0.0389435179531574,16.606,14.533,0.0,0.0,0,0,1,,1.0,2026-03-14T15:04:29.176625,angry,0.654,2026-03-14T15:04:29.176625,0.2577611010778242,2026-03-14T15:04:29.328000,86,,,
participant_11,1,day,Town10HD_Opt,2026-03-14 15:04:30.079377,71.25334930419922,-52.90847396850586,0.0348919667303562,0.538,20.989,0.0,0.0,0,0,1,,1.0,2026-03-14T15:04:30.079377,angry,0.654,2026-03-14T15:04:29.176625,0.2972533058050942,2026-03-14T15:04:30.093000,87,,,
participant_11,1,day,Town10HD_Opt,2026-03-14 15:04:31.230049,71.31157684326172,-52.9088134765625,0.0388643257319927,0.073,18.664,0.0,0.0,0,0,1,,1.0,2026-03-14T15:04:31.230049,neutral,0.828,2026-03-14T15:04:31.230049,0.2356357451409779,2026-03-14T15:04:31.218000,88,,,
participant_11,1,day,Town10HD_Opt,2026-03-14 15:04:32.147391,71.31285858154297,-52.90882110595703,0.0388948060572147,0.0,2.527,0.0,0.0,0,0,1,,1.0,2026-03-14T15:04:32.147391,neutral,0.828,2026-03-14T15:04:31.230049,0.206560425566794,2026-03-14T15:04:32.073000,89,,,
participant_11,1,day,Town10HD_Opt,2026-03-14 15:04:33.255360,0.0,0.0,0.0,0.0,0.0,0.0,0.0,1,1,97846,,1.0,2026-03-14T15:04:33.255360,angry,0.641,2026-03-14T15:04:33.255360,0.2656437940674927,2026-03-14T15:04:33.018000,89,,,
participant_11,1,day,Town10HD_Opt,2026-03-14 15:04:34.133006,-41.66907501220703,89.74517059326172,-0.010053252801299,0.246,1.389,0.0,0.0,0,0,0,,0.893,2026-03-14T15:04:34.133006,angry,0.641,2026-03-14T15:04:33.255360,0.2706158795002174,2026-03-14T15:04:34.008000,89,,,
participant_11,1,day,Town10HD_Opt,2026-03-14 15:04:35.256839,-41.66903305053711,89.73564147949219,0.001807746826671,5.973,1.276,0.883,0.0,0,0,1,,1.0,2026-03-14T15:04:35.256839,neutral,0.802,2026-03-14T15:04:35.256839,0.207826043067755,2026-03-14T15:04:34.998000,90,,,
participant_11,1,day,Town10HD_Opt,2026-03-14 15:04:36.259026,-41.638465881347656,87.49292755126953,0.001715698163025,19.626,1.302,0.714,0.0,0,0,1,,0.864,2026-03-14T15:04:36.259026,neutral,0.802,2026-03-14T15:04:35.256839,0.2481522926275238,2026-03-14T15:04:36.033000,91,,,
participant_11,1,day,Town10HD_Opt,2026-03-14 15:04:37.192830,-41.58913803100586,83.8420181274414,0.0020704651251435,20.296,-2.358,0.101,0.0,0,0,1,,0.864,2026-03-14T15:04:37.192830,neutral,0.802,2026-03-14T15:04:35.256839,0.263980688504164,2026-03-14T15:04:37.024000,90,,,
participant_11,1,day,Town10HD_Opt,2026-03-14 15:04:38.075333,-41.52938079833984,80.5508804321289,0.0020563888829201,18.026,8.742,0.382,0.0,0,0,1,,1.0,2026-03-14T15:04:38.075333,neutral,0.29,2026-03-14T15:04:38.075333,0.2659957301574531,2026-03-14T15:04:38.014000,91,,,
participant_11,1,day,Town10HD_Opt,2026-03-14 15:04:39.276368,-40.323524475097656,75.98362731933594,0.0018106460338458,25.441,15.911,0.703,0.0,0,0,1,,1.0,2026-03-14T15:04:39.276368,neutral,0.29,2026-03-14T15:04:38.075333,0.4295994164702637,2026-03-14T15:04:39.003000,94,,,
participant_11,1,day,Town10HD_Opt,2026-03-14 15:04:40.197491,-37.49882888793945,72.1031494140625,0.0020344161894172,28.386,18.046,0.343,0.0,0,0,1,,1.0,2026-03-14T15:04:40.197491,sad,0.455,2026-03-14T15:04:40.197491,0.4735418929314651,2026-03-14T15:04:40.038000,92,,,
participant_11,1,day,Town10HD_Opt,2026-03-14 15:04:41.116574,-33.35409164428711,69.72413635253906,0.0022135542239993,25.366,18.593,0.0,0.0,0,0,1,,1.0,2026-03-14T15:04:41.116574,sad,0.455,2026-03-14T15:04:40.197491,0.582000428671956,2026-03-14T15:04:41.028000,93,,,
participant_11,1,day,Town10HD_Opt,2026-03-14 15:04:42.056697,-29.485326766967773,69.21998596191406,0.0022537230979651,19.128,3.467,0.029,0.0,0,0,1,,1.0,2026-03-14T15:04:42.056697,sad,0.455,2026-03-14T15:04:40.197491,0.6631934380812741,2026-03-14T15:04:42.017000,94,,,
participant_11,1,day,Town10HD_Opt,2026-03-14 15:04:43.249367,-24.835607528686523,69.09266662597656,0.0017414855537936,25.473,3.438,0.696,0.0,0,0,1,,0.878,2026-03-14T15:04:43.249367,sad,0.498,2026-03-14T15:04:43.249367,0.777625697595234,2026-03-14T15:04:43.008000,94,,,
participant_11,1,day,Town10HD_Opt,2026-03-14 15:04:44.159577,-19.8126220703125,69.22166442871094,0.001891937223263,31.186,0.385,0.475,0.0,0,0,1,,1.0,2026-03-14T15:04:44.159577,sad,0.498,2026-03-14T15:04:43.249367,0.8950883618442815,2026-03-14T15:04:43.998000,97,,,
participant_11,1,day,Town10HD_Opt,2026-03-14 15:04:45.071106,-14.20889377593994,69.46173858642578,0.00199157721363,32.868,0.223,0.442,0.0,0,0,1,,1.0,2026-03-14T15:04:45.071106,sad,0.498,2026-03-14T15:04:43.249367,0.9857124605623298,2026-03-14T15:04:45.032000,96,,,
participant_11,1,day,Town10HD_Opt,2026-03-14 15:04:46.254776,-6.663080215454102,69.73324584960938,0.002228393452242,29.034,-0.317,0.0,0.0,0,0,1,,1.0,2026-03-14T15:04:46.254776,sad,0.399,2026-03-14T15:04:46.254776,0.99,2026-03-14T15:04:46.022000,95,,,
participant_11,1,day,Town10HD_Opt,2026-03-14 15:04:47.183384,-2.1499147415161133,69.83123779296875,0.0022634123452007,22.073,0.146,0.0,0.0,0,0,1,,1.0,2026-03-14T15:04:47.183384,sad,0.399,2026-03-14T15:04:46.254776,0.99,2026-03-14T15:04:47.013000,95,,,
participant_11,1,day,Town10HD_Opt,2026-03-14 15:04:48.096013,1.2673920392990112,69.89990997314453,0.0019167709397152,17.67,-0.385,0.229,0.0,0,0,1,,1.0,2026-03-14T15:04:48.096013,sad,0.399,2026-03-14T15:04:46.254776,0.99,2026-03-14T15:04:48.002000,94,,,
participant_11,1,day,Town10HD_Opt,2026-03-14 15:04:49.000196,4.391699314117432,69.94971466064453,0.0020932387560606,17.989,-0.193,0.341,0.0,0,0,1,,1.0,2026-03-14T15:04:49.000196,sad,0.511,2026-03-14T15:04:49.000196,0.99,2026-03-14T15:04:49.038000,95,,,
participant_11,1,day,Town10HD_Opt,2026-03-14 15:04:50.207460,8.640870094299316,69.98896026611328,0.0020476530771702,18.165,-0.404,0.314,0.0,0,0,1,,1.0,2026-03-14T15:04:50.207460,sad,0.511,2026-03-14T15:04:49.000196,0.99,2026-03-14T15:04:50.028000,95,,,
participant_11,1,day,Town10HD_Opt,2026-03-14 15:04:51.094444,11.819710731506348,69.99256134033203,0.0020545576699078,18.373,-0.364,0.238,0.0,0,0,1,,1.0,2026-03-14T15:04:51.094444,sad,0.387,2026-03-14T15:04:51.094444,0.99,2026-03-14T15:04:51.063000,92,,,
participant_11,1,day,Town10HD_Opt,2026-03-14 15:04:52.045433,14.98017406463623,69.97948455810547,0.0018494796240702,17.544,0.075,0.129,0.0,0,0,1,,0.861,2026-03-14T15:04:52.045433,sad,0.387,2026-03-14T15:04:51.094444,0.99,2026-03-14T15:04:52.009000,90,,,
participant_11,1,day,Town10HD_Opt,2026-03-14 15:04:53.221520,18.713653564453125,69.96546936035156,0.002034721430391,13.625,-0.026,0.0,0.0,0,0,1,,1.0,2026-03-14T15:04:53.221520,neutral,0.459,2026-03-14T15:04:53.221520,0.99,2026-03-14T15:04:52.998000,92,,,
participant_11,1,day,Town10HD_Opt,2026-03-14 15:04:54.160710,20.83651161193848,69.95552062988281,0.0020186996553093,10.467,-0.059,0.0,0.0,0,0,1,,1.0,2026-03-14T15:04:54.160710,neutral,0.459,2026-03-14T15:04:53.221520,0.99,2026-03-14T15:04:54.032000,92,,,
participant_11,1,day,Town10HD_Opt,2026-03-14 15:04:55.093659,22.42277717590332,69.94702911376953,0.0020151520147919,7.441,-0.059,0.0,0.053,0,0,1,,1.0,2026-03-14T15:04:55.093659,neutral,0.459,2026-03-14T15:04:53.221520,0.99,2026-03-14T15:04:55.023000,88,,,
participant_11,1,day,Town10HD_Opt,2026-03-14 15:04:56.223723,23.805294036865234,69.9389419555664,0.0019551084842532,5.048,-0.059,0.229,0.0,0,0,1,,1.0,2026-03-14T15:04:56.223723,sad,0.566,2026-03-14T15:04:56.223723,0.99,2026-03-14T15:04:56.013000,87,,,
participant_11,1,day,Town10HD_Opt,2026-03-14 15:04:57.227430,24.673324584960938,69.93314361572266,0.0022886656224727,0.001,-0.059,0.0,0.113,0,0,1,,1.0,2026-03-14T15:04:57.227430,sad,0.566,2026-03-14T15:04:56.223723,0.99,2026-03-14T15:04:57.006000,86,,,
participant_11,1,day,Town10HD_Opt,2026-03-14 15:04:58.055924,24.677934646606445,69.93313598632812,0.0019381331512704,0.015,-0.059,0.338,0.0,0,0,1,,1.0,2026-03-14T15:04:58.055924,sad,0.566,2026-03-14T15:04:56.223723,0.99,2026-03-14T15:04:58.039000,85,,,
participant_11,2,day,Town10HD_Opt,2026-03-14 15:15:00.000000,-41.66858673095703,89.7454833984375,0.580491840839386,17.368,5.893,0.498,0.0,0,0,1,,1.0,2026-03-14T15:15:00,,,2026-03-14T15:15:00,0.7823734807102823,2026-03-14T15:15:00,86,,,
participant_11,2,day,Town10HD_Opt,2026-03-14 15:15:04.596357,-41.54966735839844,82.54132843017578,0.0018890762003138,17.463,6.955,0.542,0.0,0,0,1,,0.914,2026-03-14T15:15:04.596357,,,2026-03-14T15:15:04.596357,0.7010538140316207,2026-03-14T15:15:04.951000,87,,,
participant_11,2,day,Town10HD_Opt,2026-03-14 15:15:05.250319,-41.26298904418945,80.43081665039062,0.0020692443940788,18.697,9.255,0.435,0.0,0,0,1,,1.0,2026-03-14T15:15:05.250319,,,2026-03-14T15:15:04.596357,0.6987251911623281,2026-03-14T15:15:05.939000,89,,,
participant_11,2,day,Town10HD_Opt,2026-03-14 15:15:06.273604,-40.27951049804688,77.15275573730469,0.0019831084646284,20.804,14.229,0.443,0.0,0,0,1,,1.0,2026-03-14T15:15:06.273604,,,2026-03-14T15:15:04.596357,0.7410735109025852,2026-03-14T15:15:06.929000,88,,,
participant_11,2,day,Town10HD_Opt,2026-03-14 15:15:07.313584,-38.2166633605957,73.96195983886719,0.0020032881293445,23.022,18.124,0.438,0.0,0,0,1,,1.0,2026-03-14T15:15:07.313584,sad,0.376,2026-03-14T15:15:07.313584,0.802710458621025,2026-03-14T15:15:07.966000,88,,,
participant_11,2,day,Town10HD_Opt,2026-03-14 15:15:08.308681,-34.92461395263672,71.44326782226562,0.0020063780248165,24.934,14.82,0.439,0.0,0,0,1,,1.0,2026-03-14T15:15:08.308681,sad,0.376,2026-03-14T15:15:07.313584,0.6075078528623102,2026-03-14T15:15:08.954000,89,,,
participant_11,2,day,Town10HD_Opt,2026-03-14 15:15:08.989303,-32.199485778808594,70.29139709472656,0.0020013807807117,26.054,11.549,0.44,0.0,0,0,1,,1.0,2026-03-14T15:15:08.989303,sad,0.376,2026-03-14T15:15:07.313584,0.6544615652087382,2026-03-14T15:15:08.954000,88,,,
participant_11,2,day,Town10HD_Opt,2026-03-14 15:15:09.991864,-27.59329605102539,69.37680053710938,0.0019981383811682,27.89,9.26,0.445,0.0,0,0,1,,1.0,2026-03-14T15:15:09.991864,neutral,0.564,2026-03-14T15:15:09.991864,0.6361314361289998,2026-03-14T15:15:09.944000,88,,,
participant_11,2,day,Town10HD_Opt,2026-03-14 15:15:11.245534,-20.85529518127441,69.45277404785156,0.0019906996749341,30.021,-1.789,0.449,0.0,0,0,1,,0.805,2026-03-14T15:15:11.245534,neutral,0.564,2026-03-14T15:15:09.991864,0.6375376617779319,2026-03-14T15:15:12.060000,91,,,
participant_11,2,day,Town10HD_Opt,2026-03-14 15:15:12.196807,-15.466806411743164,69.54310607910156,0.0019905089866369,31.692,-0.078,0.458,0.0,0,0,1,,1.0,2026-03-14T15:15:12.196807,neutral,0.698,2026-03-14T15:15:12.196807,0.5840739180197431,2026-03-14T15:15:12.960000,91,,,
participant_11,2,day,Town10HD_Opt,2026-03-14 15:15:13.223375,-9.80248737335205,69.63310241699219,0.0019932554569095,33.22,0.202,0.46,0.0,0,0,1,,1.0,2026-03-14T15:15:13.223375,neutral,0.698,2026-03-14T15:15:12.196807,0.5274045858919395,2026-03-14T15:15:13.950000,94,,,
participant_11,2,day,Town10HD_Opt,2026-03-14 15:15:14.211477,-3.886039018630981,69.76625061035156,0.0020008848514407,34.528,-0.277,0.453,0.0,0,0,1,,1.0,2026-03-14T15:15:14.211477,sad,0.45,2026-03-14T15:15:14.211477,0.4692496270001836,2026-03-14T15:15:14.984000,92,,,
participant_11,2,day,Town10HD_Opt,2026-03-14 15:15:15.136587,2.2331252098083496,69.85478973388672,0.0020135117229074,35.469,-0.407,0.443,0.0,0,0,1,,1.0,2026-03-14T15:15:15.136587,sad,0.45,2026-03-14T15:15:14.211477,0.544351143195258,2026-03-14T15:15:15.929000,92,,,
participant_11,2,day,Town10HD_Opt,2026-03-14 15:15:16.057710,8.472309112548828,69.879150390625,0.0020519637037068,35.557,-0.256,0.331,0.0,0,0,1,,1.0,2026-03-14T15:15:16.057710,sad,0.45,2026-03-14T15:15:14.211477,0.4958890203068671,2026-03-14T15:15:15.929000,90,,,
participant_11,2,day,Town10HD_Opt,2026-03-14 15:15:17.012557,14.31851577758789,69.86506652832031,0.0022694014478474,29.581,-0.031,0.0,0.0,0,0,1,,1.0,2026-03-14T15:15:17.012557,neutral,0.483,2026-03-14T15:15:17.012557,0.4355834196703853,2026-03-14T15:15:16.963000,90,,,
participant_11,2,day,Town10HD_Opt,2026-03-14 15:15:18.228161,20.04996490478516,69.84040069580078,0.0023435209877789,17.344,-0.066,0.0,0.733,0,0,1,,1.0,2026-03-14T15:15:18.228161,neutral,0.483,2026-03-14T15:15:17.012557,0.410611128170117,2026-03-14T15:15:18.944000,87,,,errors=Harsh braking
participant_11,2,day,Town10HD_Opt,2026-03-14 15:15:19.210244,20.638139724731445,69.83722686767578,0.0020738600287586,0.0,-0.066,0.0,0.402,0,0,1,,1.0,2026-03-14T15:15:19.210244,sad,0.693,2026-03-14T15:15:19.210244,0.4128912585189505,2026-03-14T15:15:19.935000,87,,,
participant_11,2,day,Town10HD_Opt,2026-03-14 15:15:20.110226,20.63892364501953,69.83722686767578,0.0019251632038503,0.134,0.031,0.049,0.0,0,0,1,,1.0,2026-03-14T15:15:20.110226,sad,0.693,2026-03-14T15:15:19.210244,0.4138993099393304,2026-03-14T15:15:20.924000,88,,,
participant_11,2,day,Town10HD_Opt,2026-03-14 15:15:21.023864,20.83624267578125,69.83631896972656,0.0016885375371202,5.229,0.035,0.506,0.0,0,0,1,,1.0,2026-03-14T15:15:21.023864,sad,0.693,2026-03-14T15:15:19.210244,0.3841101722199682,2026-03-14T15:15:20.924000,85,,,
participant_11,2,day,Town10HD_Opt,2026-03-14 15:15:22.006924,22.28901481628418,69.82879638671875,0.0016561889788135,12.681,0.005,0.585,0.0,0,0,1,,1.0,2026-03-14T15:15:22.006924,neutral,0.651,2026-03-14T15:15:22.006924,0.3846146513646495,2026-03-14T15:15:21.985000,86,,,
participant_11,2,day,Town10HD_Opt,2026-03-14 15:15:23.050062,24.87323951721192,69.80355072021484,0.0018770217429846,15.486,-0.472,0.243,0.0,0,0,1,,0.909,2026-03-14T15:15:23.050062,neutral,0.651,2026-03-14T15:15:22.006924,0.520680231812241,2026-03-14T15:15:22.950000,85,,,errors=Stop sign violation
participant_11,2,day,Town10HD_Opt,2026-03-14 15:15:24.279189,28.60444068908692,69.51759338378906,0.0018678283086046,17.167,-10.072,0.345,0.0,0,0,1,,0.866,2026-03-14T15:15:24.279189,neutral,0.898,2026-03-14T15:15:24.279189,0.43907930834129,2026-03-14T15:15:24.929000,91,,,
participant_11,2,day,Town10HD_Opt,2026-03-14 15:15:25.218205,31.63533401489257,68.70865631103516,0.0020627593621611,18.541,-10.732,0.463,0.0,0,0,1,,0.908,2026-03-14T15:15:25.218205,neutral,0.898,2026-03-14T15:15:24.279189,0.4094417287054569,2026-03-14T15:15:25.964000,91,,,
participant_11,2,day,Town10HD_Opt,2026-03-14 15:15:26.133554,34.810977935791016,67.28688049316406,0.00195690151304,21.513,-9.2,0.465,0.0,0,0,1,,0.875,2026-03-14T15:15:26.133554,neutral,0.898,2026-03-14T15:15:24.279189,0.4410179820166009,2026-03-14T15:15:26.954000,88,,,
participant_11,2,day,Town10HD_Opt,2026-03-14 15:15:27.028021,38.11806488037109,65.07060241699219,0.0019610975868999,24.301,-9.143,0.468,0.0,0,0,1,,1.0,2026-03-14T15:15:27.028021,neutral,0.986,2026-03-14T15:15:27.028021,0.4323213783462473,2026-03-14T15:15:26.954000,88,,,
participant_11,2,day,Town10HD_Opt,2026-03-14 15:15:27.995503,41.21527862548828,61.89910888671875,0.0019814299885183,26.677,-12.033,0.46,0.0,0,0,1,,1.0,2026-03-14T15:15:27.995503,neutral,0.986,2026-03-14T15:15:27.028021,0.3896328690455233,2026-03-14T15:15:27.944000,86,,,
participant_11,2,day,Town10HD_Opt,2026-03-14 15:15:29.285469,43.95367431640625,56.09437942504883,0.0020197294652462,28.698,-12.565,0.421,0.0,0,0,1,,1.0,2026-03-14T15:15:29.285469,sad,0.687,2026-03-14T15:15:29.285469,0.3492814674817568,2026-03-14T15:15:29.923000,85,,,
participant_11,2,day,Town10HD_Opt,2026-03-14 15:15:30.246844,44.4636116027832,51.23710632324219,0.002201538067311,25.495,-6.144,0.0,0.0,0,0,1,,0.838,2026-03-14T15:15:30.246844,sad,0.687,2026-03-14T15:15:29.285469,0.4046638953027668,2026-03-14T15:15:31.049000,84,,,
participant_11,2,day,Town10HD_Opt,2026-03-14 15:15:31.194536,44.32789611816406,47.281131744384766,0.0022337341215461,19.717,-0.482,0.173,0.0,0,0,1,,0.872,2026-03-14T15:15:31.194536,sad,0.687,2026-03-14T15:15:29.285469,0.4185982478703163,2026-03-14T15:15:31.949000,86,,,
participant_11,2,day,Town10HD_Opt,2026-03-14 15:15:32.121290,44.21094512939453,44.06631851196289,0.002022094791755,18.158,2.313,0.274,0.0,0,0,1,,1.0,2026-03-14T15:15:32.121290,neutral,0.832,2026-03-14T15:15:32.121290,0.4215168168271943,2026-03-14T15:15:32.940000,85,,,
participant_11,2,day,Town10HD_Opt,2026-03-14 15:15:33.048654,44.25459289550781,40.90121841430664,0.0020462034735828,18.013,5.096,0.364,0.0,0,0,1,,0.833,2026-03-14T15:15:33.048654,neutral,0.832,2026-03-14T15:15:32.121290,0.3526422740742291,2026-03-14T15:15:32.940000,85,,,
participant_11,2,day,Town10HD_Opt,2026-03-14 15:15:34.266133,44.99347686767578,36.73442077636719,0.002047843998298,18.415,17.316,0.346,0.0,0,0,1,,0.907,2026-03-14T15:15:34.266133,neutral,0.636,2026-03-14T15:15:34.266133,0.5251018240700128,2026-03-14T15:15:34.964000,90,,,
participant_11,2,day,Town10HD_Opt,2026-03-14 15:15:35.191811,46.5230598449707,33.87454605102539,0.0020481490064412,18.889,16.893,0.347,0.0,0,0,1,,0.811,2026-03-14T15:15:35.191811,neutral,0.636,2026-03-14T15:15:34.266133,0.5220077608335656,2026-03-14T15:15:35.999000,87,,,
participant_11,2,day,Town10HD_Opt,2026-03-14 15:15:36.077497,48.833641052246094,31.486366271972656,0.0020538328681141,19.251,16.893,0.334,0.0,0,0,1,,1.0,2026-03-14T15:15:36.077497,neutral,0.636,2026-03-14T15:15:34.266133,0.4436920639453969,2026-03-14T15:15:35.999000,86,,,
participant_11,2,day,Town10HD_Opt,2026-03-14 15:15:36.991868,51.7559700012207,29.816085815429688,0.0020598219707608,19.404,16.488,0.329,0.0,0,0,1,,1.0,2026-03-14T15:15:36.991868,neutral,0.442,2026-03-14T15:15:36.991868,0.4269188306988302,2026-03-14T15:15:37.034000,89,,,
participant_11,2,day,Town10HD_Opt,2026-03-14 15:15:38.220105,55.995262145996094,28.44948005676269,0.0019714736845344,18.072,-1.732,0.209,0.0,0,0,1,,1.0,2026-03-14T15:15:38.220105,neutral,0.442,2026-03-14T15:15:36.991868,0.4033062765827155,2026-03-14T15:15:38.924000,88,,,
participant_11,2,day,Town10HD_Opt,2026-03-14 15:15:39.135933,58.94988250732422,27.492570877075195,0.0019462204072624,16.264,2.487,0.0,0.0,0,0,1,,0.896,2026-03-14T15:15:39.135933,neutral,0.933,2026-03-14T15:15:39.135933,0.4490401708224812,2026-03-14T15:15:39.959000,91,,,
participant_11,2,day,Town10HD_Opt,2026-03-14 15:15:40.054029,61.39057540893555,26.81616401672364,0.0020372390281409,12.664,3.146,0.0,0.0,0,0,1,,0.941,2026-03-14T15:15:40.054029,neutral,0.933,2026-03-14T15:15:39.135933,0.4212188978313564,2026-03-14T15:15:39.959000,91,,,
participant_11,2,day,Town10HD_Opt,2026-03-14 15:15:41.260214,63.82151794433594,26.304874420166016,0.0020045852288603,8.77,7.247,0.0,0.0,0,0,1,,1.0,2026-03-14T15:15:41.260214,neutral,0.704,2026-03-14T15:15:41.260214,0.4759882519856109,2026-03-14T15:15:41.939000,91,,,
participant_11,2,day,Town10HD_Opt,2026-03-14 15:15:42.152054,65.1761703491211,26.1357364654541,0.0019842146430164,6.736,7.149,0.0,0.0,0,0,1,,0.937,2026-03-14T15:15:42.152054,neutral,0.704,2026-03-14T15:15:41.260214,0.4624630075877315,2026-03-14T15:15:42.930000,87,,,
participant_11,2,day,Town10HD_Opt,2026-03-14 15:15:43.099221,66.02046966552734,26.063663482666016,0.0023197173140943,0.001,4.789,0.0,0.273,0,0,1,,1.0,2026-03-14T15:15:43.099221,neutral,0.704,2026-03-14T15:15:41.260214,0.3918761557821673,2026-03-14T15:15:42.930000,88,Harsh braking,decel_mps2=6.7,
participant_11,2,day,Town10HD_Opt,2026-03-14 15:15:44.279436,66.02099609375,26.063663482666016,0.0019242477137595,0.001,3.431,0.0,0.0,0,0,1,,0.801,2026-03-14T15:15:44.279436,sad,0.463,2026-03-14T15:15:44.279436,0.3983901479214126,2026-03-14T15:15:44.955000,84,,,
participant_11,2,day,Town10HD_Opt,2026-03-14 15:15:45.227900,66.02100372314453,26.06364250183105,0.0019198226509615,0.0,3.401,0.0,0.0,0,0,1,,0.881,2026-03-14T15:15:45.227900,sad,0.463,2026-03-14T15:15:44.279436,0.4646857537645262,2026-03-14T15:15:45.989000,84,,,
participant_11,2,day,Town10HD_Opt,2026-03-14 15:15:46.116677,66.02100372314453,26.06364250183105,0.0019190978491678,0.0,0.106,0.0,0.0,0,0,1,,0.897,2026-03-14T15:15:46.116677,sad,0.463,2026-03-14T15:15:44.279436,0.4536846197015748,2026-03-14T15:15:45.989000,84,,,
participant_11,2,day,Town10HD_Opt,2026-03-14 15:15:47.017803,66.02100372314453,26.063661575317383,0.0019189452286809,0.0,0.55,0.0,0.0,0,0,1,,0.873,2026-03-14T15:15:47.017803,neutral,0.612,2026-03-14T15:15:47.017803,0.3813700919326938,2026-03-14T15:15:46.985000,85,,,
participant_11,2,day,Town10HD_Opt,2026-03-14 15:15:48.227388,66.02100372314453,26.063661575317383,0.0019191741012036,0.0,0.517,0.0,0.0,0,0,1,,0.83,2026-03-14T15:15:48.227388,neutral,0.612,2026-03-14T15:15:47.017803,0.3676150731080083,2026-03-14T15:15:48.960000,86,,,
participant_11,2,day,Town10HD_Opt,2026-03-14 15:15:49.115303,66.02100372314453,26.063661575317383,0.0019189834129065,0.0,0.444,0.0,0.0,0,0,1,,1.0,2026-03-14T15:15:49.115303,sad,0.718,2026-03-14T15:15:49.115303,0.3797407215645547,2026-03-14T15:15:48.960000,84,,,
participant_11,2,day,Town10HD_Opt,2026-03-14 15:15:49.993943,66.02100372314453,26.06364250183105,0.0019190596649423,0.0,0.444,0.0,0.0,0,0,1,,1.0,2026-03-14T15:15:49.993943,sad,0.718,2026-03-14T15:15:49.115303,0.3654289701376442,2026-03-14T15:15:49.995000,87,,,
participant_11,2,day,Town10HD_Opt,2026-03-14 15:15:51.112766,66.02100372314453,26.063661575317383,0.0019189834129065,0.0,0.503,0.0,0.0,0,0,1,,0.921,2026-03-14T15:15:51.112766,sad,0.718,2026-03-14T15:15:49.115303,0.305023748844992,2026-03-14T15:15:51.929000,86,,,
participant_11,2,day,Town10HD_Opt,2026-03-14 15:15:52.220184,66.02100372314453,26.063661575317383,0.0019189834129065,0.0,0.503,0.0,0.0,0,0,1,,0.881,2026-03-14T15:15:52.220184,neutral,0.467,2026-03-14T15:15:52.220184,0.3038686877710151,2026-03-14T15:15:53.012000,87,,,
participant_11,2,day,Town10HD_Opt,2026-03-14 15:15:53.077146,66.02100372314453,26.06364250183105,0.001919021597132,0.0,0.771,0.0,0.0,0,0,1,,1.0,2026-03-14T15:15:53.077146,neutral,0.467,2026-03-14T15:15:52.220184,0.2737300786176466,2026-03-14T15:15:53.012000,86,,,
participant_11,2,day,Town10HD_Opt,2026-03-14 15:15:54.183531,66.02100372314453,26.06364250183105,0.0019190596649423,0.0,0.869,0.0,0.0,0,0,1,,0.877,2026-03-14T15:15:54.183531,neutral,0.467,2026-03-14T15:15:52.220184,0.201129167234433,2026-03-14T15:15:54.945000,86,,,
participant_11,2,day,Town10HD_Opt,2026-03-14 15:15:55.047009,66.02100372314453,26.06364250183105,0.001919021597132,0.0,0.877,0.0,0.0,0,0,1,,0.828,2026-03-14T15:15:55.047009,sad,0.442,2026-03-14T15:15:55.047009,0.1676284247574456,2026-03-14T15:15:54.945000,86,,,
participant_11,2,day,Town10HD_Opt,2026-03-14 15:15:56.209984,66.02100372314453,26.06364250183105,0.001919021597132,0.0,0.877,0.0,0.0,0,0,1,,0.851,2026-03-14T15:15:56.209984,sad,0.442,2026-03-14T15:15:55.047009,0.1896013358896285,2026-03-14T15:15:56.970000,84,,,
participant_11,2,day,Town10HD_Opt,2026-03-14 15:15:57.075275,66.02100372314453,26.063661575317383,0.0019189452286809,0.0,0.879,0.0,0.0,0,0,1,,1.0,2026-03-14T15:15:57.075275,sad,0.55,2026-03-14T15:15:57.075275,0.1817502713889361,2026-03-14T15:15:56.970000,86,,,
participant_11,2,day,Town10HD_Opt,2026-03-14 15:15:58.250933,66.02100372314453,26.063661575317383,0.0019191360333934,0.0,0.942,0.0,0.0,0,0,1,,0.886,2026-03-14T15:15:58.250933,sad,0.55,2026-03-14T15:15:57.075275,0.163704777570051,2026-03-14T15:15:58.950000,87,,,
participant_11,2,day,Town10HD_Opt,2026-03-14 15:15:59.126604,66.1781997680664,26.04676055908203,0.0017108535394072,4.504,1.622,0.889,0.0,0,0,1,,1.0,2026-03-14T15:15:59.126604,neutral,0.636,2026-03-14T15:15:59.126604,0.1368724334630094,2026-03-14T15:15:59.940000,89,,,
participant_11,2,day,Town10HD_Opt,2026-03-14 15:16:00.026776,67.97218322753906,25.887863159179688,0.0015977477887645,15.74,1.389,0.581,0.0,0,0,1,,1.0,2026-03-14T15:16:00.026776,neutral,0.636,2026-03-14T15:15:59.126604,0.2339770237080845,2026-03-14T15:15:59.940000,87,,,
participant_11,2,day,Town10HD_Opt,2026-03-14 15:16:01.180207,72.05618286132812,25.52631378173828,0.0019005584763363,16.667,0.085,0.0,0.0,0,0,1,,1.0,2026-03-14T15:16:01.180207,happy,0.842,2026-03-14T15:16:01.180207,0.2540880152783731,2026-03-14T15:16:01.965000,91,,,
participant_11,2,day,Town10HD_Opt,2026-03-14 15:16:02.053505,74.64405822753906,25.302528381347656,0.0020384597592055,12.802,1.058,0.0,0.0,0,0,1,,0.846,2026-03-14T15:16:02.053505,happy,0.842,2026-03-14T15:16:01.180207,0.1926792002250446,2026-03-14T15:16:01.965000,90,,,
participant_11,2,day,Town10HD_Opt,2026-03-14 15:16:03.246710,77.25318908691406,25.147111892700195,0.0019261168781667,10.684,5.03,0.232,0.0,0,0,1,,1.0,2026-03-14T15:16:03.246710,neutral,0.422,2026-03-14T15:16:03.246710,0.2702831251828153,2026-03-14T15:16:03.945000,91,,,
participant_11,2,day,Town10HD_Opt,2026-03-14 15:16:04.155708,79.11957550048828,25.1379508972168,0.0019788742065429,9.709,-3.573,0.0,0.0,0,0,1,,1.0,2026-03-14T15:16:04.155708,neutral,0.422,2026-03-14T15:16:03.246710,0.2570805011791355,2026-03-14T15:16:04.936000,88,,,
participant_11,2,day,Town10HD_Opt,2026-03-14 15:16:05.120682,80.8196792602539,25.06694793701172,0.0018489836947992,10.969,-0.423,0.435,0.0,0,0,1,,0.837,2026-03-14T15:16:05.120682,neutral,0.422,2026-03-14T15:16:03.246710,0.2254246737513517,2026-03-14T15:16:05.925000,88,,,
participant_11,2,day,Town10HD_Opt,2026-03-14 15:16:05.999513,83.33077239990234,24.99301719665528,0.0017816924955695,20.257,0.583,1.0,0.0,0,0,1,,1.0,2026-03-14T15:16:05.999513,neutral,0.924,2026-03-14T15:16:05.999513,0.292910876258592,2026-03-14T15:16:05.925000,90,,,
participant_11,2,day,Town10HD_Opt,2026-03-14 15:16:07.239009,90.0550765991211,24.68140411376953,0.0015415191883221,39.686,-6.146,0.559,0.0,0,0,1,,1.0,2026-03-14T15:16:07.239009,neutral,0.924,2026-03-14T15:16:05.999513,0.3233189214357825,2026-03-14T15:16:07.950000,90,,,
participant_11,2,day,Town10HD_Opt,2026-03-14 15:16:08.201488,96.99492645263672,22.68562126159668,0.0019783782772719,42.818,-19.502,0.597,0.0,0,0,1,,1.0,2026-03-14T15:16:08.201488,sad,0.595,2026-03-14T15:16:08.201488,0.3769329989129289,2026-03-14T15:16:08.985000,88,,,
participant_11,2,day,Town10HD_Opt,2026-03-14 15:16:09.149334,102.12033081054688,17.15723991394043,0.0019927597604691,44.966,-10.437,0.599,0.0,0,0,1,,1.0,2026-03-14T15:16:09.149334,sad,0.595,2026-03-14T15:16:08.201488,0.4417307558467495,2026-03-14T15:16:09.930000,89,,,
participant_11,2,day,Town10HD_Opt,2026-03-14 15:16:10.069905,105.0414810180664,9.594542503356934,0.0019459151662886,47.94,-0.919,0.597,0.0,0,0,1,,0.861,2026-03-14T15:16:10.069905,sad,0.595,2026-03-14T15:16:08.201488,0.3586310414559604,2026-03-14T15:16:09.930000,89,,,
participant_11,2,day,Town10HD_Opt,2026-03-14 15:16:11.275755,106.95403289794922,-1.764453411102295,0.0020562361460179,49.414,-0.712,0.603,0.0,0,0,1,,1.0,2026-03-14T15:16:11.275755,sad,0.581,2026-03-14T15:16:11.275755,0.4333993456401918,2026-03-14T15:16:11.955000,87,,,
participant_11,2,day,Town10HD_Opt,2026-03-14 15:16:12.129961,107.25846099853516,-10.385743141174316,0.0019761656876653,50.436,1.758,0.604,0.0,0,0,1,,1.0,2026-03-14T15:16:12.129961,sad,0.581,2026-03-14T15:16:11.275755,0.4523440661495024,2026-03-14T15:16:11.955000,88,,,
participant_11,2,day,Town10HD_Opt,2026-03-14 15:16:13.015832,107.94116973876952,-19.02510643005371,0.0020425033289939,49.318,-3.125,0.604,0.0,0,0,1,,1.0,2026-03-14T15:16:13.015832,sad,0.581,2026-03-14T15:16:11.275755,0.4910665537746481,2026-03-14T15:16:13.079000,89,,,
participant_11,2,day,Town10HD_Opt,2026-03-14 15:16:14.204402,107.28883361816406,-30.550365447998047,0.0020561600103974,49.452,-5.148,0.603,0.0,0,0,1,,1.0,2026-03-14T15:16:14.204402,sad,0.579,2026-03-14T15:16:14.204402,0.4793299396251189,2026-03-14T15:16:14.926000,86,Solid line crossing,Solid line crossing,
participant_11,2,day,Town10HD_Opt,2026-03-14 15:16:15.123147,104.5234832763672,-38.83523941040039,0.0021102523896843,49.267,-3.266,0.603,0.0,0,0,1,,1.0,2026-03-14T15:16:15.123147,sad,0.579,2026-03-14T15:16:14.204402,0.3953015805363389,2026-03-14T15:16:15.960000,89,,,
participant_11,2,day,Town10HD_Opt,2026-03-14 15:16:16.064514,100.5611572265625,-46.62043380737305,0.0020796202588826,49.33,-4.119,0.603,0.0,0,0,1,,1.0,2026-03-14T15:16:16.064514,sad,0.579,2026-03-14T15:16:14.204402,0.395254841829368,2026-03-14T15:16:15.960000,89,,,
participant_11,2,day,Town10HD_Opt,2026-03-14 15:16:17.254384,93.28526306152344,-55.61757659912109,0.0021532820537686,48.56,-5.995,0.603,0.0,0,0,1,,1.0,2026-03-14T15:16:17.254384,sad,0.724,2026-03-14T15:16:17.254384,0.4704961935582639,2026-03-14T15:16:18.030000,86,,,
participant_11,2,day,Town10HD_Opt,2026-03-14 15:16:18.116785,86.34127807617188,-60.6665267944336,0.0019761275034397,50.418,-5.512,0.603,0.0,0,0,1,,1.0,2026-03-14T15:16:18.116785,sad,0.724,2026-03-14T15:16:17.254384,0.4245142604263649,2026-03-14T15:16:18.030000,89,,,
participant_11,2,day,Town10HD_Opt,2026-03-14 15:16:19.249178,75.54139709472656,-64.89566040039062,0.0019828414078801,50.7,-4.077,0.0,0.0,0,0,1,,1.0,2026-03-14T15:16:19.249178,sad,0.724,2026-03-14T15:16:17.254384,0.4005448361585706,2026-03-14T15:16:19.965000,91,,,
participant_11,2,day,Town10HD_Opt,2026-03-14 15:16:20.104533,66.9502182006836,-66.30944061279297,0.002003707922995,50.311,-2.786,0.604,0.0,0,0,1,,0.839,2026-03-14T15:16:20.104533,sad,0.499,2026-03-14T15:16:20.104533,0.4874328191934171,2026-03-14T15:16:19.965000,91,,,
participant_11,2,day,Town10HD_Opt,2026-03-14 15:16:21.026883,58.28276824951172,-66.64918518066406,0.0020591353531926,49.187,-0.754,0.603,0.0,0,0,1,,0.869,2026-03-14T15:16:21.026883,sad,0.499,2026-03-14T15:16:20.104533,0.4251122491404741,2026-03-14T15:16:21,93,,,
participant_11,2,day,Town10HD_Opt,2026-03-14 15:16:22.208681,46.6660385131836,-66.44775390625,0.0020414351020008,49.826,0.437,0.603,0.0,0,0,1,,1.0,2026-03-14T15:16:22.208681,sad,0.669,2026-03-14T15:16:22.208681,0.5051139127315275,2026-03-14T15:16:22.935000,92,,,
participant_11,2,day,Town10HD_Opt,2026-03-14 15:16:23.139489,37.93516540527344,-66.3133544921875,0.0020733261480927,49.398,0.451,0.603,0.0,0,0,1,,1.0,2026-03-14T15:16:23.139489,sad,0.669,2026-03-14T15:16:22.208681,0.4512800869671797,2026-03-14T15:16:23.970000,90,,,
participant_11,2,day,Town10HD_Opt,2026-03-14 15:16:24.022903,29.20036125183105,-66.34449768066406,0.0021460724528878,48.7,-0.092,0.604,0.0,0,0,1,,1.0,2026-03-14T15:16:24.022903,sad,0.669,2026-03-14T15:16:22.208681,0.4390265978773494,2026-03-14T15:16:23.970000,90,,,
participant_11,2,day,Town10HD_Opt,2026-03-14 15:16:25.201007,17.611738204956055,-66.41344451904297,0.0021064376924186,49.317,0.385,0.604,0.0,0,0,1,,1.0,2026-03-14T15:16:25.201007,neutral,0.429,2026-03-14T15:16:25.201007,0.5243249752905021,2026-03-14T15:16:25.950000,85,,,
participant_11,2,day,Town10HD_Opt,2026-03-14 15:16:26.091182,8.870302200317383,-66.60201263427734,0.0020899581722915,49.369,0.862,0.595,0.0,0,0,1,,1.0,2026-03-14T15:16:26.091182,neutral,0.429,2026-03-14T15:16:25.201007,0.5862298779669943,2026-03-14T15:16:26.939000,86,,,
participant_11,2,day,Town10HD_Opt,2026-03-14 15:16:27.258442,-2.3296687602996826,-67.04212188720703,0.0023228072095662,42.888,-1.68,0.0,0.0,0,0,1,,1.0,2026-03-14T15:16:27.258442,sad,0.476,2026-03-14T15:16:27.258442,0.5966163401341731,2026-03-14T15:16:27.975000,87,,,
participant_11,2,day,Town10HD_Opt,2026-03-14 15:16:28.162123,-9.03529930114746,-67.04217529296875,0.0023434066679328,33.227,1.358,0.0,0.004,0,0,1,phone_call,0.967,2026-03-14T15:16:28.162123,sad,0.476,2026-03-14T15:16:27.258442,0.6895662638447206,2026-03-14T15:16:28.965000,85,,,
participant_11,2,day,Town10HD_Opt,2026-03-14 15:16:29.049432,-14.097744941711426,-67.16854095458984,0.0023686217609792,23.469,-0.914,0.0,0.477,0,0,1,,1.0,2026-03-14T15:16:29.049432,sad,0.476,2026-03-14T15:16:27.258442,0.6207592848625659,2026-03-14T15:16:28.965000,82,,,
participant_11,2,day,Town10HD_Opt,2026-03-14 15:16:30.152978,-18.249073028564453,-67.2262954711914,0.0021851349156349,11.338,-0.677,0.0,0.782,0,0,1,,1.0,2026-03-14T15:16:30.152978,neutral,0.421,2026-03-14T15:16:30.152978,0.6638380670279193,2026-03-14T15:16:30.945000,87,,,errors=Harsh braking
participant_11,2,day,Town10HD_Opt,2026-03-14 15:16:30.990706,-19.302898406982425,-67.22992706298828,0.0023297881707549,0.001,-0.595,0.0,0.789,0,0,1,,1.0,2026-03-14T15:16:30.990706,neutral,0.421,2026-03-14T15:16:30.152978,0.7312653141112119,2026-03-14T15:16:30.945000,86,,,
participant_11,2,day,Town10HD_Opt,2026-03-14 15:16:32.102439,-19.30408477783203,-67.22991943359375,0.0019236373482272,0.008,-0.552,0.0,0.0,0,0,1,,1.0,2026-03-14T15:16:32.102439,neutral,0.421,2026-03-14T15:16:30.152978,0.7237069481952221,2026-03-14T15:16:31.937000,89,,,
participant_11,2,day,Town10HD_Opt,2026-03-14 15:16:33.242976,-19.30432510375977,-67.22991943359375,0.0019189071608707,0.006,-0.552,0.0,0.0,0,0,1,,1.0,2026-03-14T15:16:33.242976,neutral,0.979,2026-03-14T15:16:33.242976,0.7053559175682271,2026-03-14T15:16:33.960000,92,,,
participant_11,2,day,Town10HD_Opt,2026-03-14 15:16:34.084955,-19.30426406860352,-67.22991943359375,0.0019188307924196,0.007,-0.557,0.0,0.0,0,0,1,,1.0,2026-03-14T15:16:34.084955,neutral,0.979,2026-03-14T15:16:33.242976,0.7314434747838182,2026-03-14T15:16:33.960000,92,,,
participant_11,2,day,Town10HD_Opt,2026-03-14 15:16:35.194543,-19.313066482543945,-67.22992706298828,0.001918678288348,0.065,-0.576,0.0,0.0,0,0,1,,1.0,2026-03-14T15:16:35.194543,neutral,0.979,2026-03-14T15:16:33.242976,0.7296257205210956,2026-03-14T15:16:35.940000,88,,,
participant_11,2,day,Town10HD_Opt,2026-03-14 15:16:36.026521,-19.322629928588867,-67.22994232177734,0.0019194411579519,0.051,-0.587,0.0,0.0,0,0,1,,1.0,2026-03-14T15:16:36.026521,sad,0.958,2026-03-14T15:16:36.026521,0.7126818251659423,2026-03-14T15:16:35.940000,90,,,
participant_11,2,day,Town10HD_Opt,2026-03-14 15:16:37.137473,-19.331457138061523,-67.2299575805664,0.0019220733083784,0.029,-0.587,0.184,0.0,0,0,1,,1.0,2026-03-14T15:16:37.137473,sad,0.958,2026-03-14T15:16:36.026521,0.730195755365601,2026-03-14T15:16:37.965000,87,,,
participant_11,2,day,Town10HD_Opt,2026-03-14 15:16:38.239778,-19.77461814880371,-67.23051452636719,0.001697196974419,6.327,-0.606,0.68,0.0,0,0,1,,1.0,2026-03-14T15:16:38.239778,sad,0.94,2026-03-14T15:16:38.239778,0.6753946166754465,2026-03-14T15:16:39.046000,89,,,
participant_11,2,day,Town10HD_Opt,2026-03-14 15:16:39.103346,-21.6032657623291,-67.22309112548828,0.0016491317655891,14.94,-0.646,0.603,0.0,0,0,1,,1.0,2026-03-14T15:16:39.103346,sad,0.94,2026-03-14T15:16:38.239778,0.7126585566422877,2026-03-14T15:16:39.046000,87,,,
participant_11,2,day,Town10HD_Opt,2026-03-14 15:16:40.222325,-25.9642276763916,-67.161376953125,0.0018641280476003,22.71,0.139,0.609,0.0,0,0,1,,1.0,2026-03-14T15:16:40.222325,sad,0.94,2026-03-14T15:16:38.239778,0.7561493993191601,2026-03-14T15:16:40.935000,88,,,
participant_11,2,day,Town10HD_Opt,2026-03-14 15:16:41.093951,-30.433292388916016,-67.15229034423828,0.0018471527146175,28.795,0.975,0.605,0.0,0,0,1,,1.0,2026-03-14T15:16:41.093951,neutral,0.942,2026-03-14T15:16:41.093951,0.7177692109088584,2026-03-14T15:16:40.935000,86,,,
participant_11,2,day,Town10HD_Opt,2026-03-14 15:16:42.189405,-37.94397735595703,-67.32420349121094,0.0018738555954769,35.899,0.634,0.606,0.0,0,0,1,,0.821,2026-03-14T15:16:42.189405,neutral,0.942,2026-03-14T15:16:41.093951,0.7242374952701897,2026-03-14T15:16:42.960000,88,,,
participant_11,2,day,Town10HD_Opt,2026-03-14 15:16:43.051423,-44.59450912475586,-67.62326049804688,0.0018951415549963,40.488,0.167,0.605,0.0,0,0,1,,0.914,2026-03-14T15:16:43.051423,neutral,0.942,2026-03-14T15:16:41.093951,0.7582733728098072,2026-03-14T15:16:42.960000,89,,,
participant_11,2,day,Town10HD_Opt,2026-03-14 15:16:44.164748,-54.61109161376953,-68.0365982055664,0.0019209289457648,45.646,-0.909,0.604,0.0,0,0,1,,0.901,2026-03-14T15:16:44.164748,neutral,0.974,2026-03-14T15:16:44.164748,0.7569903434713198,2026-03-14T15:16:44.985000,87,,,
participant_11,2,day,Town10HD_Opt,2026-03-14 15:16:45.248821,-65.7408218383789,-68.01109313964844,0.0019359206780791,50.014,-0.766,0.609,0.0,0,0,1,,1.0,2026-03-14T15:16:45.248821,neutral,0.974,2026-03-14T15:16:44.164748,0.7280155448186626,2026-03-14T15:16:45.975000,87,,,
participant_11,2,day,Town10HD_Opt,2026-03-14 15:16:46.113616,-74.44548797607422,-67.4886474609375,0.0020437622442841,49.733,-6.109,0.612,0.0,0,0,1,,0.84,2026-03-14T15:16:46.113616,neutral,0.974,2026-03-14T15:16:44.164748,0.7320141146001219,2026-03-14T15:16:46.965000,88,,,
participant_11,2,day,Town10HD_Opt,2026-03-14 15:16:47.018206,-82.8848876953125,-65.3199234008789,0.0020906447898596,49.382,-3.983,0.61,0.0,0,0,1,,1.0,2026-03-14T15:16:47.018206,sad,0.77,2026-03-14T15:16:47.018206,0.8002223108100618,2026-03-14T15:16:46.965000,88,,,
participant_11,2,day,Town10HD_Opt,2026-03-14 15:16:48.186446,-93.18541717529295,-60.055458068847656,0.0020787429530173,49.073,-5.04,0.615,0.0,0,0,1,,1.0,2026-03-14T15:16:48.186446,sad,0.77,2026-03-14T15:16:47.018206,0.7905217923516524,2026-03-14T15:16:48.945000,87,,,
participant_11,2,day,Town10HD_Opt,2026-03-14 15:16:49.044179,-99.9490737915039,-54.52837753295898,0.0020994949154555,49.098,-5.529,0.614,0.0,0,0,1,,0.897,2026-03-14T15:16:49.044179,sad,0.55,2026-03-14T15:16:49.044179,0.7994603515797554,2026-03-14T15:16:48.945000,89,,,
participant_11,2,day,Town10HD_Opt,2026-03-14 15:16:50.025175,-105.30513763427734,-47.77900314331055,0.0019723891746252,50.615,-4.995,0.0,0.0,0,0,1,,1.0,2026-03-14T15:16:50.025175,sad,0.55,2026-03-14T15:16:49.044179,0.773953261076352,2026-03-14T15:16:49.943000,89,Solid line crossing,Solid line crossing,
participant_11,2,day,Town10HD_Opt,2026-03-14 15:16:51.249247,-110.04812622070312,-37.31841659545898,0.0020200728904455,49.466,-6.17,0.44,0.0,0,0,1,,0.884,2026-03-14T15:16:51.249247,neutral,0.759,2026-03-14T15:16:51.249247,0.7203627910377799,2026-03-14T15:16:51.960000,88,,,
participant_11,2,day,Town10HD_Opt,2026-03-14 15:16:52.162003,-111.29071044921876,-28.93506622314453,0.0021462249569594,46.877,-5.167,0.385,0.0,0,0,1,,1.0,2026-03-14T15:16:52.162003,neutral,0.759,2026-03-14T15:16:51.249247,0.7409338576621213,2026-03-14T15:16:52.951000,87,,,
participant_11,2,day,Town10HD_Opt,2026-03-14 15:16:53.113456,-111.05418395996094,-20.84892845153809,0.0020335006993263,46.42,3.191,0.557,0.0,0,0,1,,1.0,2026-03-14T15:16:53.113456,neutral,0.759,2026-03-14T15:16:51.249247,0.7580215736744382,2026-03-14T15:16:53.940000,88,,,
participant_11,2,day,Town10HD_Opt,2026-03-14 15:16:54.086635,-111.28450012207033,-12.39358139038086,0.0017965697916224,51.964,-1.469,0.0,0.186,0,0,1,,1.0,2026-03-14T15:16:54.086635,sad,0.684,2026-03-14T15:16:54.086635,0.7883427147215741,2026-03-14T15:16:53.940000,85,,,
participant_11,2,day,Town10HD_Opt,2026-03-14 15:16:55.011965,-111.39771270751952,-3.652797222137451,0.001883239718154,52.05,-2.97,0.0,0.154,0,0,1,,0.879,2026-03-14T15:16:55.011965,sad,0.684,2026-03-14T15:16:54.086635,0.7009544227249002,2026-03-14T15:16:54.986000,88,,,errors=Red light violation
participant_11,2,day,Town10HD_Opt,2026-03-14 15:16:56.238114,-109.95741271972656,7.781291484832764,0.0023444364778697,47.8,-4.299,0.251,0.0,0,0,1,,0.816,2026-03-14T15:16:56.238114,sad,0.708,2026-03-14T15:16:56.238114,0.678450851185894,2026-03-14T15:16:56.955000,87,,,
participant_11,2,day,Town10HD_Opt,2026-03-14 15:16:57.120573,-107.6414031982422,15.108046531677246,0.0022370147053152,38.392,-6.161,0.0,0.0,0,0,1,,0.811,2026-03-14T15:16:57.120573,sad,0.708,2026-03-14T15:16:56.238114,0.8288558038344721,2026-03-14T15:16:57.946000,87,,,
participant_11,2,day,Town10HD_Opt,2026-03-14 15:16:58.043754,-104.5044403076172,20.201112747192383,0.0022467421367764,31.46,-14.097,0.624,0.0,0,0,1,,1.0,2026-03-14T15:16:58.043754,sad,0.708,2026-03-14T15:16:56.238114,0.7948143272071169,2026-03-14T15:16:57.946000,87,,,
participant_11,2,day,Town10HD_Opt,2026-03-14 15:16:59.006439,-99.8682861328125,24.174440383911133,0.0016636657528579,41.538,-1.523,0.945,0.0,0,0,1,,0.881,2026-03-14T15:16:59.006439,sad,0.73,2026-03-14T15:16:59.006439,0.7358558382986202,2026-03-14T15:16:58.936000,89,,,
participant_11,2,day,Town10HD_Opt,2026-03-14 15:17:00.292952,-90.06414031982422,29.11961936950684,0.0021214294247329,48.137,-18.508,0.942,0.0,0,0,1,,1.0,2026-03-14T15:17:00.292952,sad,0.73,2026-03-14T15:16:59.006439,0.7615121504762223,2026-03-14T15:17:00.960000,89,,,errors=Solid line crossing
participant_11,2,day,Town10HD_Opt,2026-03-14 15:17:01.248485,-81.37958526611328,28.125492095947266,0.002118453849107,49.06,10.562,0.995,0.0,0,0,1,,1.0,2026-03-14T15:17:01.248485,happy,0.939,2026-03-14T15:17:01.248485,0.7540500089089983,2026-03-14T15:17:01.950000,87,,,
participant_11,2,day,Town10HD_Opt,2026-03-14 15:17:02.211606,-73.48233032226562,27.824350357055664,0.0022842406760901,41.773,-3.045,0.963,0.0,0,0,1,,1.0,2026-03-14T15:17:02.211606,happy,0.939,2026-03-14T15:17:01.248485,0.782485641506765,2026-03-14T15:17:02.985000,88,,,
participant_11,2,day,Town10HD_Opt,2026-03-14 15:17:03.175859,-65.28054809570312,27.608333587646484,0.0016500090714544,52.901,-0.009,0.0,0.289,0,0,1,,1.0,2026-03-14T15:17:03.175859,happy,0.939,2026-03-14T15:17:01.248485,0.7506026750633708,2026-03-14T15:17:03.975000,91,,,
participant_11,2,day,Town10HD_Opt,2026-03-14 15:17:04.114765,-56.50961685180664,27.32729148864746,0.0019428252708166,51.328,0.505,0.0,0.0,0,0,1,,1.0,2026-03-14T15:17:04.114765,happy,0.993,2026-03-14T15:17:04.114765,0.7249551012276176,2026-03-14T15:17:04.965000,88,,,
participant_11,2,day,Town10HD_Opt,2026-03-14 15:17:05.030585,-47.73076248168945,27.18824958801269,0.0019750595092773,50.534,0.879,0.0,0.0,0,0,1,,0.868,2026-03-14T15:17:05.030585,happy,0.993,2026-03-14T15:17:04.114765,0.7904716164673333,2026-03-14T15:17:04.965000,88,,,
participant_11,2,day,Town10HD_Opt,2026-03-14 15:17:06.223748,-36.00348663330078,28.077322006225582,0.0018931579543277,51.613,-6.872,0.0,0.201,0,0,1,,1.0,2026-03-14T15:17:06.223748,happy,0.698,2026-03-14T15:17:06.223748,0.8434749648300428,2026-03-14T15:17:06.945000,89,,,
participant_11,2,day,Town10HD_Opt,2026-03-14 15:17:07.143328,-27.31354141235352,27.985822677612305,0.00186828605365,51.748,2.163,0.0,0.167,0,0,1,,1.0,2026-03-14T15:17:07.143328,happy,0.698,2026-03-14T15:17:06.223748,0.7920906368125408,2026-03-14T15:17:07.936000,86,,,
participant_11,2,day,Town10HD_Opt,2026-03-14 15:17:08.065877,-18.58776092529297,27.667823791503903,0.0019668196327984,50.762,-2.428,0.695,0.0,0,0,1,,0.847,2026-03-14T15:17:08.065877,happy,0.698,2026-03-14T15:17:06.223748,0.773902084039152,2026-03-14T15:17:07.936000,88,,,
participant_11,2,day,Town10HD_Opt,2026-03-14 15:17:09.012680,-9.887456893920898,27.01784324645996,0.0013795470586046,50.347,0.127,0.698,0.0,0,0,1,,1.0,2026-03-14T15:17:09.012680,happy,0.975,2026-03-14T15:17:09.012680,0.7623286981751264,2026-03-14T15:17:08.975000,87,,,
participant_11,2,day,Town10HD_Opt,2026-03-14 15:17:10.238236,1.7175463438034058,26.076772689819336,0.0019760131835937,50.149,-0.395,0.112,0.0,0,0,1,,0.889,2026-03-14T15:17:10.238236,happy,0.975,2026-03-14T15:17:09.012680,0.7393493258163031,2026-03-14T15:17:10.950000,91,,,
participant_11,2,day,Town10HD_Opt,2026-03-14 15:17:11.163632,9.682493209838867,25.38481330871582,0.0023785780649632,39.823,2.704,0.0,0.0,0,0,1,,1.0,2026-03-14T15:17:11.163632,neutral,0.532,2026-03-14T15:17:11.163632,0.7545965935969728,2026-03-14T15:17:11.985000,89,,,
participant_11,2,day,Town10HD_Opt,2026-03-14 15:17:12.118945,15.91450309753418,25.33873748779297,0.0023277283180505,31.318,3.335,0.0,0.0,0,0,1,,0.9,2026-03-14T15:17:12.118945,neutral,0.532,2026-03-14T15:17:11.163632,0.7865927645994952,2026-03-14T15:17:11.985000,89,,,
participant_11,2,day,Town10HD_Opt,2026-03-14 15:17:13.059374,20.83465003967285,25.75731658935547,0.0021486282348632,26.475,3.109,0.317,0.0,0,0,1,,0.851,2026-03-14T15:17:13.059374,neutral,0.532,2026-03-14T15:17:11.163632,0.8183884045162225,2026-03-14T15:17:12.976000,87,,,
participant_11,2,day,Town10HD_Opt,2026-03-14 15:17:14.002310,25.326080322265625,26.51546859741211,0.0020669936202466,25.754,5.108,0.467,0.0,0,0,1,,0.842,2026-03-14T15:17:14.002310,neutral,0.839,2026-03-14T15:17:14.002310,0.8201748568787057,2026-03-14T15:17:13.977000,89,,,
participant_11,2,day,Town10HD_Opt,2026-03-14 15:17:15.286391,31.35922813415528,28.5505313873291,0.0019530105637386,29.357,11.895,0.49,0.0,0,0,1,,1.0,2026-03-14T15:17:15.286391,neutral,0.839,2026-03-14T15:17:14.002310,0.7777139687832298,2026-03-14T15:17:15.990000,91,,,
participant_11,2,day,Town10HD_Opt,2026-03-14 15:17:16.203464,35.612815856933594,31.6788272857666,0.0019999693613499,31.467,13.723,0.487,0.0,0,0,1,,1.0,2026-03-14T15:17:16.203464,happy,0.991,2026-03-14T15:17:16.203464,0.7783709796363288,2026-03-14T15:17:16.935000,91,,,
participant_11,2,day,Town10HD_Opt,2026-03-14 15:17:17.139778,38.73679733276367,36.360633850097656,0.002005805959925,33.236,12.049,0.483,0.0,0,0,1,,1.0,2026-03-14T15:17:17.139778,happy,0.991,2026-03-14T15:17:16.203464,0.7729877771768948,2026-03-14T15:17:17.971000,87,,,
participant_11,2,day,Town10HD_Opt,2026-03-14 15:17:18.070891,40.45633316040039,41.86125946044922,0.0022064589429646,30.376,3.196,0.0,0.0,0,0,1,,0.903,2026-03-14T15:17:18.070891,happy,0.991,2026-03-14T15:17:16.203464,0.7937395645125779,2026-03-14T15:17:17.971000,89,,,errors=Solid line crossing
participant_11,2,day,Town10HD_Opt,2026-03-14 15:17:19.256544,41.51273727416992,47.6796760559082,0.0023889541625976,15.11,12.592,0.0,0.638,0,0,1,,1.0,2026-03-14T15:17:19.256544,neutral,0.729,2026-03-14T15:17:19.256544,0.7728228409118778,2026-03-14T15:17:19.951000,88,,,
participant_11,2,day,Town10HD_Opt,2026-03-14 15:17:20.130456,41.53933334350586,48.14993667602539,0.0020590210333466,0.0,6.661,0.0,0.832,0,0,1,,0.812,2026-03-14T15:17:20.130456,neutral,0.729,2026-03-14T15:17:19.256544,0.7734778604759915,2026-03-14T15:17:20.940000,87,,,
participant_11,2,day,Town10HD_Opt,2026-03-14 15:17:21.228907,41.53934097290039,48.15011596679688,0.0019207000732421,0.0,5.238,0.0,0.0,0,0,1,,1.0,2026-03-14T15:17:21.228907,neutral,0.729,2026-03-14T15:17:19.256544,0.7364899946006552,2026-03-14T15:17:20.940000,88,,,
participant_11,2,day,Town10HD_Opt,2026-03-14 15:17:22.076172,41.53934097290039,48.15011596679688,0.0019195555942133,0.0,5.363,0.0,0.0,0,0,1,,1.0,2026-03-14T15:17:22.076172,sad,0.754,2026-03-14T15:17:22.076172,0.7355382868895669,2026-03-14T15:17:22.110000,88,,,
participant_11,2,day,Town10HD_Opt,2026-03-14 15:17:23.201954,41.53919982910156,48.14756393432617,0.0019125747494399,0.076,6.998,0.0,0.0,0,0,1,,0.846,2026-03-14T15:17:23.201954,sad,0.754,2026-03-14T15:17:22.076172,0.7432533628970323,2026-03-14T15:17:23.955000,89,,,
participant_11,2,day,Town10HD_Opt,2026-03-14 15:17:24.066784,41.53945541381836,48.15484237670898,0.0019176482455804,0.067,8.162,0.082,0.0,0,0,1,,0.869,2026-03-14T15:17:24.066784,sad,0.754,2026-03-14T15:17:22.076172,0.7804960264653854,2026-03-14T15:17:23.955000,88,,,
participant_11,2,day,Town10HD_Opt,2026-03-14 15:17:25.224394,41.54078674316406,48.213470458984375,0.001835327129811,1.887,9.605,0.666,0.0,0,0,1,,1.0,2026-03-14T15:17:25.224394,sad,0.81,2026-03-14T15:17:25.224394,0.7586431118585575,2026-03-14T15:17:25.935000,87,,,
participant_11,2,day,Town10HD_Opt,2026-03-14 15:17:26.070351,41.49872970581055,49.32378768920898,0.0016006468795239,11.809,11.941,0.646,0.0,0,0,1,,1.0,2026-03-14T15:17:26.070351,sad,0.81,2026-03-14T15:17:25.224394,0.8741942409862132,2026-03-14T15:17:25.935000,89,,,
participant_11,2,day,Town10HD_Opt,2026-03-14 15:17:27.263082,41.03782653808594,52.85519027709961,0.001894531189464,16.417,-0.04,0.246,0.0,0,0,1,,0.802,2026-03-14T15:17:27.263082,happy,1.0,2026-03-14T15:17:27.263082,0.7284163129149922,2026-03-14T15:17:27.960000,88,,,errors=Stop sign violation | Solid line crossing
participant_11,2,day,Town10HD_Opt,2026-03-14 15:17:28.134657,40.77932357788086,55.745643615722656,0.0018795394571498,17.238,-1.438,0.334,0.0,0,0,1,,1.0,2026-03-14T15:17:28.134657,happy,1.0,2026-03-14T15:17:27.263082,0.7757314178770421,2026-03-14T15:17:27.960000,88,,,
participant_11,2,day,Town10HD_Opt,2026-03-14 15:17:28.993353,40.68817901611328,58.87392044067383,0.0020643614698201,18.83,-15.189,0.805,0.0,0,0,1,,1.0,2026-03-14T15:17:28.993353,happy,1.0,2026-03-14T15:17:27.263082,0.7432889407671769,2026-03-14T15:17:29.040000,89,,,
participant_11,2,day,Town10HD_Opt,2026-03-14 15:17:30.146493,42.38799285888672,64.31706237792969,0.0018292998429387,30.406,-15.267,0.643,0.0,0,0,1,,1.0,2026-03-14T15:17:30.146493,happy,1.0,2026-03-14T15:17:30.146493,0.6428859071926333,2026-03-14T15:17:30.975000,90,,,
participant_11,2,day,Town10HD_Opt,2026-03-14 15:17:31.028835,46.16725540161133,68.61738586425781,0.0018982696346938,35.985,-16.362,0.638,0.0,0,0,1,,1.0,2026-03-14T15:17:31.028835,happy,1.0,2026-03-14T15:17:30.146493,0.6242655646620519,2026-03-14T15:17:30.975000,88,,,
participant_11,2,day,Town10HD_Opt,2026-03-14 15:17:32.193330,54.62923049926758,71.2751693725586,0.001940498361364,41.759,-12.342,0.632,0.0,0,0,1,,1.0,2026-03-14T15:17:32.193330,happy,0.86,2026-03-14T15:17:32.193330,0.5319394211367122,2026-03-14T15:17:32.955000,87,,,
participant_11,2,day,Town10HD_Opt,2026-03-14 15:17:33.148669,61.90876388549805,70.73717498779297,0.0022670363541692,38.115,6.388,0.0,0.0,0,0,1,,1.0,2026-03-14T15:17:33.148669,happy,0.86,2026-03-14T15:17:32.193330,0.514824539424634,2026-03-14T15:17:33.946000,88,,,
participant_11,2,day,Town10HD_Opt,2026-03-14 15:17:34.003881,67.87155151367188,70.78911590576172,0.0023188018240034,29.436,-4.766,0.0,0.0,0,0,1,,1.0,2026-03-14T15:17:34.003881,happy,0.86,2026-03-14T15:17:32.193330,0.572513862296569,2026-03-14T15:17:33.946000,88,,,
participant_11,2,day,Town10HD_Opt,2026-03-14 15:17:35.136041,73.69914245605469,70.49272918701172,0.0022709656041115,19.967,1.765,0.0,0.345,0,0,1,,0.882,2026-03-14T15:17:35.136041,sad,0.492,2026-03-14T15:17:35.136041,0.5316850606426486,2026-03-14T15:17:35.970000,93,,,
participant_11,2,day,Town10HD_Opt,2026-03-14 15:17:35.990143,76.57833099365234,70.4234619140625,0.002127876272425,12.625,-1.271,0.0,0.066,0,0,1,,1.0,2026-03-14T15:17:35.990143,sad,0.492,2026-03-14T15:17:35.136041,0.4952011179044727,2026-03-14T15:17:35.970000,93,,,
participant_11,2,day,Town10HD_Opt,2026-03-14 15:17:37.169859,79.09423828125,70.32372283935547,0.0020050429739058,8.891,-0.914,0.0,0.0,0,0,1,,1.0,2026-03-14T15:17:37.169859,sad,0.599,2026-03-14T15:17:37.169859,0.6136022803921147,2026-03-14T15:17:37.950000,97,,,
participant_11,2,day,Town10HD_Opt,2026-03-14 15:17:38.011928,80.48201751708984,70.25485229492188,0.0019509505946189,7.437,-0.858,0.373,0.0,0,0,1,,0.906,2026-03-14T15:17:38.011928,sad,0.599,2026-03-14T15:17:37.169859,0.6350771392834254,2026-03-14T15:17:37.950000,96,,,
participant_11,2,day,Town10HD_Opt,2026-03-14 15:17:39.108491,83.39178466796875,70.10140991210938,0.0017915343632921,19.323,1.565,0.755,0.0,0,0,1,,0.89,2026-03-14T15:17:39.108491,sad,0.599,2026-03-14T15:17:37.169859,0.6708914445411672,2026-03-14T15:17:38.941000,97,,,
participant_11,2,day,Town10HD_Opt,2026-03-14 15:17:40.239051,88.64588928222656,70.34901428222656,0.0021202850621193,22.417,12.296,0.206,0.0,0,0,1,,1.0,2026-03-14T15:17:40.239051,happy,0.921,2026-03-14T15:17:40.239051,0.6933723347125903,2026-03-14T15:17:40.965000,88,,,
participant_11,2,day,Town10HD_Opt,2026-03-14 15:17:41.075096,92.10201263427734,71.493896484375,0.0021370314061641,19.75,15.6,0.297,0.0,0,0,1,,1.0,2026-03-14T15:17:41.075096,happy,0.921,2026-03-14T15:17:40.239051,0.7007074147168973,2026-03-14T15:17:40.965000,90,,,
participant_11,2,day,Town10HD_Opt,2026-03-14 15:17:42.179664,95.64459991455078,74.20722198486328,0.0020501709077507,19.481,16.803,0.377,0.0,0,0,1,,1.0,2026-03-14T15:17:42.179664,happy,0.921,2026-03-14T15:17:40.239051,0.5992780081600191,2026-03-14T15:17:42.945000,86,,,
participant_11,2,day,Town10HD_Opt,2026-03-14 15:17:43.022911,97.55323791503906,77.10346984863281,0.0020184707827866,20.762,16.369,0.419,0.0,0,0,1,,1.0,2026-03-14T15:17:43.022911,neutral,0.974,2026-03-14T15:17:43.022911,0.6966274029082176,2026-03-14T15:17:42.945000,88,Stop sign violation,stop_sign_id=678,
participant_11,2,day,Town10HD_Opt,2026-03-14 15:17:44.140514,98.87862396240234,82.00296020507812,0.0019905471708625,23.304,7.411,0.479,0.0,0,0,1,,1.0,2026-03-14T15:17:44.140514,neutral,0.974,2026-03-14T15:17:43.022911,0.6275677583017418,2026-03-14T15:17:44.971000,87,,,
participant_11,2,day,Town10HD_Opt,2026-03-14 15:17:45.004009,99.25450897216795,86.5126724243164,0.0017077254597097,31.702,3.304,0.991,0.0,0,0,1,,0.931,2026-03-14T15:17:45.004009,neutral,0.974,2026-03-14T15:17:43.022911,0.684438141183522,2026-03-14T15:17:44.971000,88,,,
participant_11,2,day,Town10HD_Opt,2026-03-14 15:17:46.156689,98.94485473632812,95.70079803466795,0.0017575835809111,46.114,5.174,0.744,0.0,0,0,1,,1.0,2026-03-14T15:17:46.156689,neutral,0.545,2026-03-14T15:17:46.156689,0.5872575847894367,2026-03-14T15:17:46.950000,87,,,
participant_11,2,day,Town10HD_Opt,2026-03-14 15:17:47.255256,95.9628677368164,106.73296356201172,0.0021157073788344,49.076,4.277,0.732,0.0,0,0,1,,1.0,2026-03-14T15:17:47.255256,neutral,0.545,2026-03-14T15:17:46.156689,0.5648353666534549,2026-03-14T15:17:48.030000,90,,,
participant_11,2,day,Town10HD_Opt,2026-03-14 15:17:48.093394,91.86746978759766,114.4430923461914,0.0021377182565629,49.079,4.348,0.727,0.0,0,0,1,,1.0,2026-03-14T15:17:48.093394,neutral,0.545,2026-03-14T15:17:46.156689,0.5652265565178789,2026-03-14T15:17:48.030000,90,,,
participant_11,2,day,Town10HD_Opt,2026-03-14 15:17:49.204936,84.25923919677734,123.08473205566406,0.0020137405954301,49.875,8.818,0.708,0.0,0,0,1,,1.0,2026-03-14T15:17:49.204936,neutral,0.461,2026-03-14T15:17:49.204936,0.5426849692665631,2026-03-14T15:17:49.967000,88,,,errors=Solid line crossing
participant_11,2,day,Town10HD_Opt,2026-03-14 15:17:50.060383,76.70720672607422,127.2400360107422,0.0021272278390824,48.362,4.948,0.705,0.0,0,0,1,,1.0,2026-03-14T15:17:50.060383,neutral,0.461,2026-03-14T15:17:49.204936,0.3945737543526407,2026-03-14T15:17:49.967000,88,,,
participant_11,2,day,Town10HD_Opt,2026-03-14 15:17:51.227370,65.44823455810547,129.96041870117188,0.0020702742040157,49.647,3.69,0.705,0.0,0,0,1,,1.0,2026-03-14T15:17:51.227370,neutral,0.828,2026-03-14T15:17:51.227370,0.4218567875836659,2026-03-14T15:17:51.945000,83,,,
participant_11,2,day,Town10HD_Opt,2026-03-14 15:17:52.117810,56.73876953125,130.58453369140625,0.0020927428267896,49.405,0.338,0.705,0.0,0,0,1,,0.839,2026-03-14T15:17:52.117810,neutral,0.828,2026-03-14T15:17:51.227370,0.3452801191124686,2026-03-14T15:17:51.945000,83,,,
participant_11,2,day,Town10HD_Opt,2026-03-14 15:17:53.084709,48.00450134277344,130.83499145507812,0.0021165085490792,49.179,0.771,0.706,0.0,0,0,1,,1.0,2026-03-14T15:17:53.084709,neutral,0.828,2026-03-14T15:17:51.227370,0.4195269773203097,2026-03-14T15:17:53.161000,83,,,
participant_11,2,day,Town10HD_Opt,2026-03-14 15:17:53.992573,39.26896667480469,131.06924438476562,0.002134742680937,49.04,-0.094,0.706,0.0,0,0,1,,1.0,2026-03-14T15:17:53.992573,neutral,0.867,2026-03-14T15:17:53.992573,0.3662179053618062,2026-03-14T15:17:53.973000,82,,,
participant_11,2,day,Town10HD_Opt,2026-03-14 15:17:55.225546,27.65540313720703,131.35411071777344,0.0020163727458566,50.154,0.016,0.706,0.0,0,0,1,,1.0,2026-03-14T15:17:55.225546,neutral,0.867,2026-03-14T15:17:53.992573,0.2800686707323452,2026-03-14T15:17:55.951000,82,,,
participant_11,2,day,Town10HD_Opt,2026-03-14 15:17:56.174466,18.92557716369629,131.5880584716797,0.0020412062294781,49.868,0.451,0.706,0.0,0,0,1,,0.9,2026-03-14T15:17:56.174466,sad,0.665,2026-03-14T15:17:56.174466,0.3095798539519147,2026-03-14T15:17:55.951000,82,,,
participant_11,2,day,Town10HD_Opt,2026-03-14 15:17:57.063034,10.19765281677246,131.72323608398438,0.0020693587139248,49.542,0.461,0.702,0.0,0,0,1,,0.906,2026-03-14T15:17:57.063034,sad,0.665,2026-03-14T15:17:56.174466,0.2157848988935186,2026-03-14T15:17:57.076000,81,,,
participant_11,2,day,Town10HD_Opt,2026-03-14 15:17:58.232942,-1.410893201828003,131.64756774902344,0.001981658861041,50.397,0.446,0.663,0.0,0,0,1,,0.848,2026-03-14T15:17:58.232942,sad,0.788,2026-03-14T15:17:58.232942,0.2568130428918642,2026-03-14T15:17:58.965000,85,,,
participant_11,2,day,Town10HD_Opt,2026-03-14 15:17:59.126701,-10.08794116973877,131.41140747070312,0.0020371626596897,49.507,-0.261,0.663,0.0,0,0,1,,0.851,2026-03-14T15:17:59.126701,sad,0.788,2026-03-14T15:17:58.232942,0.1731224506990538,2026-03-14T15:17:59.955000,85,,,
participant_11,2,day,Town10HD_Opt,2026-03-14 15:18:00.052280,-18.80254364013672,131.27755737304688,0.0021327589638531,48.499,-0.179,0.288,0.0,0,0,1,,1.0,2026-03-14T15:18:00.052280,sad,0.788,2026-03-14T15:17:58.232942,0.1859604448131694,2026-03-14T15:17:59.955000,85,,,
participant_11,2,day,Town10HD_Opt,2026-03-14 15:18:01.183581,-29.479555130004883,130.6616973876953,0.0023181533906608,40.839,13.102,0.165,0.0,0,0,1,,1.0,2026-03-14T15:18:01.183581,sad,0.828,2026-03-14T15:18:01.183581,0.1777580725358198,2026-03-14T15:18:01.981000,84,,,
participant_11,2,day,Town10HD_Opt,2026-03-14 15:18:02.071002,-35.42267608642578,127.60997772216795,0.0020855329930782,38.546,14.036,0.595,0.0,0,0,1,,1.0,2026-03-14T15:18:02.071002,sad,0.828,2026-03-14T15:18:01.183581,0.2197955080394167,2026-03-14T15:18:01.981000,81,,,
participant_11,2,day,Town10HD_Opt,2026-03-14 15:18:03.000158,-39.65766143798828,122.02708435058594,0.0019264221191406,42.608,10.908,0.637,0.0,0,0,1,,1.0,2026-03-14T15:18:03.000158,sad,0.828,2026-03-14T15:18:01.183581,0.1348109282126647,2026-03-14T15:18:02.971000,80,,,
participant_11,2,day,Town10HD_Opt,2026-03-14 15:18:04.190600,-41.71474838256836,111.9190902709961,0.0019448088714852,47.297,6.528,0.629,0.0,0,0,1,,1.0,2026-03-14T15:18:04.190600,sad,0.8,2026-03-14T15:18:04.190600,0.2160274636556931,2026-03-14T15:18:05.041000,78,,,
participant_11,2,day,Town10HD_Opt,2026-03-14 15:18:05.101124,-41.2607650756836,103.83462524414062,0.0023185729514807,41.76,-10.029,0.062,0.0,0,0,1,,1.0,2026-03-14T15:18:05.101124,sad,0.8,2026-03-14T15:18:04.190600,0.1621565273604169,2026-03-14T15:18:05.940000,77,,,
participant_11,2,day,Town10HD_Opt,2026-03-14 15:18:06.039416,-42.34699249267578,97.37722778320312,0.0023389435373246,32.527,5.519,0.159,0.0,0,0,1,,1.0,2026-03-14T15:18:06.039416,sad,0.8,2026-03-14T15:18:04.190600,0.162505781548148,2026-03-14T15:18:05.940000,79,,,
participant_11,2,day,Town10HD_Opt,2026-03-14 15:18:07.229425,-43.10836410522461,90.63435363769533,0.0021488571073859,26.497,6.232,0.357,0.0,0,0,1,,1.0,2026-03-14T15:18:07.229425,sad,0.721,2026-03-14T15:18:07.229425,0.2180748329434678,2026-03-14T15:18:07.966000,80,,,
participant_11,2,day,Town10HD_Opt,2026-03-14 15:18:08.170250,-42.82673645019531,86.03558349609375,0.002042083768174,26.686,11.05,0.404,0.0,0,0,1,,1.0,2026-03-14T15:18:08.170250,sad,0.721,2026-03-14T15:18:07.229425,0.1721710054121466,2026-03-14T15:18:09.001000,79,,,
participant_11,2,day,Town10HD_Opt,2026-03-14 15:18:09.087460,-41.48440933227539,81.40901947021484,0.0019291305216029,29.293,5.692,0.577,0.0,0,0,1,,1.0,2026-03-14T15:18:09.087460,sad,0.721,2026-03-14T15:18:07.229425,0.2074503868495383,2026-03-14T15:18:09.001000,80,,,
participant_11,2,day,Town10HD_Opt,2026-03-14 15:18:09.994727,-39.03681945800781,76.50094604492188,0.001925888005644,33.647,13.338,0.577,0.0,0,0,1,,1.0,2026-03-14T15:18:09.994727,sad,0.79,2026-03-14T15:18:09.994727,0.208197262944227,2026-03-14T15:18:09.946000,79,,,
participant_11,2,day,Town10HD_Opt,2026-03-14 15:18:11.231275,-32.56923294067383,71.44937896728516,0.0019680403638631,38.153,13.872,0.579,0.0,0,0,1,,1.0,2026-03-14T15:18:11.231275,sad,0.79,2026-03-14T15:18:09.994727,0.1689336762415907,2026-03-14T15:18:11.970000,81,,,
participant_11,2,day,Town10HD_Opt,2026-03-14 15:18:12.106075,-25.77979850769043,70.15047454833984,0.0019436263246461,41.559,-0.609,0.578,0.0,0,0,1,phone_call,0.817,2026-03-14T15:18:12.106075,neutral,0.524,2026-03-14T15:18:12.106075,0.1922167105554353,2026-03-14T15:18:11.970000,81,,,
participant_11,2,day,Town10HD_Opt,2026-03-14 15:18:13.036828,-18.30417251586914,69.35297393798828,0.0019464873475953,44.422,5.155,0.573,0.0,0,0,1,,1.0,2026-03-14T15:18:13.036828,neutral,0.524,2026-03-14T15:18:12.106075,0.1635432769127814,2026-03-14T15:18:13.005000,82,,,errors=Solid line crossing
participant_11,2,day,Town10HD_Opt,2026-03-14 15:18:14.011449,-10.429222106933594,69.14659881591797,0.0020274734124541,45.304,1.307,0.484,0.0,0,0,1,,1.0,2026-03-14T15:18:14.011449,neutral,0.524,2026-03-14T15:18:12.106075,0.1821164870612264,2026-03-14T15:18:13.950000,84,,,
participant_11,2,day,Town10HD_Opt,2026-03-14 15:18:15.227462,0.1625855267047882,69.68184661865234,0.0020363617222756,45.591,-2.395,0.475,0.0,0,0,1,,1.0,2026-03-14T15:18:15.227462,neutral,0.518,2026-03-14T15:18:15.227462,0.2018465319185556,2026-03-14T15:18:15.976000,85,,,
participant_11,2,day,Town10HD_Opt,2026-03-14 15:18:16.203425,8.117691993713379,69.66874694824219,0.0020652769599109,44.921,-0.837,0.085,0.0,0,0,1,,1.0,2026-03-14T15:18:16.203425,neutral,0.518,2026-03-14T15:18:15.227462,0.1446289651984559,2026-03-14T15:18:16.966000,86,,,
participant_11,2,day,Town10HD_Opt,2026-03-14 15:18:17.185501,15.295308113098145,69.30057525634766,0.0023515319917351,35.666,0.874,0.0,0.345,0,0,1,,1.0,2026-03-14T15:18:17.185501,neutral,0.518,2026-03-14T15:18:15.227462,0.2005108429592142,2026-03-14T15:18:17.955000,86,,,errors=Harsh braking | Solid line crossing
participant_11,2,day,Town10HD_Opt,2026-03-14 15:18:18.115159,20.574676513671875,69.14319610595703,0.0024301910307258,23.606,0.747,0.0,0.772,0,0,1,,1.0,2026-03-14T15:18:18.115159,sad,0.952,2026-03-14T15:18:18.115159,0.1956056468321552,2026-03-14T15:18:17.955000,89,,,
participant_11,2,day,Town10HD_Opt,2026-03-14 15:18:19.069961,22.78666877746582,69.11980438232422,0.0026818083133548,0.002,0.665,0.0,0.914,0,0,1,,1.0,2026-03-14T15:18:19.069961,sad,0.952,2026-03-14T15:18:18.115159,0.1233391333754169,2026-03-14T15:18:19.040000,86,,,
participant_11,2,day,Town10HD_Opt,2026-03-14 15:18:20.039392,22.78755569458008,69.11979675292969,0.0019440078176558,0.0,0.665,0.0,0.427,0,0,1,,1.0,2026-03-14T15:18:20.039392,sad,0.952,2026-03-14T15:18:18.115159,0.1530560115704376,2026-03-14T15:18:19.981000,83,,,
participant_11,2,day,Town10HD_Opt,2026-03-14 15:18:21.215248,22.78758811950684,69.11979675292969,0.001919784466736,0.0,0.665,0.0,0.0,0,0,1,,1.0,2026-03-14T15:18:21.215248,sad,0.634,2026-03-14T15:18:21.215248,0.1902398639519807,2026-03-14T15:18:21.961000,85,,,
participant_11,2,day,Town10HD_Opt,2026-03-14 15:18:22.096620,22.78758811950684,69.11979675292969,0.001919784466736,0.0,0.665,0.0,0.0,0,0,1,,1.0,2026-03-14T15:18:22.096620,sad,0.634,2026-03-14T15:18:21.215248,0.2271235808392386,2026-03-14T15:18:22.951000,84,,,
participant_11,2,day,Town10HD_Opt,2026-03-14 15:18:22.995188,23.16139793395996,69.11665344238281,0.0015291976742446,8.713,0.134,1.0,0.0,0,0,1,,1.0,2026-03-14T15:18:22.995188,sad,0.634,2026-03-14T15:18:21.215248,0.206663467325069,2026-03-14T15:18:22.951000,88,,,
participant_11,2,day,Town10HD_Opt,2026-03-14 15:18:24.184874,27.357139587402344,69.03814697265625,0.001586418133229,28.438,-4.749,1.0,0.0,0,0,1,,1.0,2026-03-14T15:18:24.184874,sad,0.649,2026-03-14T15:18:24.184874,0.3094654965058487,2026-03-14T15:18:24.975000,86,,,errors=Solid line crossing
participant_11,2,day,Town10HD_Opt,2026-03-14 15:18:25.110354,33.41130828857422,68.0007095336914,0.0016227340092882,41.552,-7.299,0.609,0.0,0,0,1,,1.0,2026-03-14T15:18:25.110354,sad,0.649,2026-03-14T15:18:24.184874,0.3143205499844751,2026-03-14T15:18:24.975000,85,,,
participant_11,2,day,Town10HD_Opt,2026-03-14 15:18:26.266612,41.4915771484375,64.26484680175781,0.0023342894855886,32.089,-12.275,0.0,0.0,0,0,1,,1.0,2026-03-14T15:18:26.266612,sad,0.56,2026-03-14T15:18:26.266612,0.2403840229137832,2026-03-14T15:18:26.956000,85,,,
participant_11,2,day,Town10HD_Opt,2026-03-14 15:18:27.189920,44.69871139526367,60.5572624206543,0.0022796248085796,25.746,-26.243,0.404,0.0,0,0,1,,1.0,2026-03-14T15:18:27.189920,sad,0.56,2026-03-14T15:18:26.266612,0.2317323137020015,2026-03-14T15:18:27.946000,87,,,
participant_11,2,day,Town10HD_Opt,2026-03-14 15:18:28.065543,45.65940475463867,56.17181396484375,0.0020844268146902,25.627,-7.67,0.315,0.0,0,0,1,,0.872,2026-03-14T15:18:28.065543,sad,0.56,2026-03-14T15:18:26.266612,0.2773655574314964,2026-03-14T15:18:27.946000,87,,,
participant_11,2,day,Town10HD_Opt,2026-03-14 15:18:29.212937,45.76730728149414,50.31272506713867,0.0020625304896384,24.804,-5.607,0.472,0.0,0,0,1,,0.885,2026-03-14T15:18:29.212937,sad,0.821,2026-03-14T15:18:29.212937,0.3721066594892511,2026-03-14T15:18:30.016000,89,,,
participant_11,2,day,Town10HD_Opt,2026-03-14 15:18:30.134486,45.18678283691406,45.75400161743164,0.0019125747494399,28.347,-3.931,0.552,0.0,0,0,1,,1.0,2026-03-14T15:18:30.134486,sad,0.821,2026-03-14T15:18:29.212937,0.4320671092922796,2026-03-14T15:18:30.961000,87,,,
participant_11,2,day,Town10HD_Opt,2026-03-14 15:18:31.028076,44.59319686889648,40.49116897583008,0.0019446563674136,32.037,14.295,0.538,0.0,0,0,1,,1.0,2026-03-14T15:18:31.028076,sad,0.821,2026-03-14T15:18:29.212937,0.318915954055734,2026-03-14T15:18:30.961000,89,,,
participant_11,2,day,Town10HD_Opt,2026-03-14 15:18:32.163990,46.91835403442383,33.142364501953125,0.0020330047700554,34.637,17.876,0.495,0.0,0,0,1,,1.0,2026-03-14T15:18:32.163990,neutral,0.936,2026-03-14T15:18:32.163990,0.2479007242112132,2026-03-14T15:18:32.041000,86,,,
participant_11,2,day,Town10HD_Opt,2026-03-14 15:18:33.060232,51.26887512207031,29.27033805847168,0.0022580719087272,30.572,12.524,0.0,0.0,0,0,1,,0.819,2026-03-14T15:18:33.060232,neutral,0.936,2026-03-14T15:18:32.163990,0.2663998622372126,2026-03-14T15:18:33.121000,84,,,
participant_11,2,day,Town10HD_Opt,2026-03-14 15:18:34.180354,56.96379089355469,27.216217041015625,0.0022390745580196,21.814,5.259,0.264,0.0,0,0,1,,1.0,2026-03-14T15:18:34.180354,neutral,0.835,2026-03-14T15:18:34.180354,0.2406007608648954,2026-03-14T15:18:35.011000,86,,,
participant_11,2,day,Town10HD_Opt,2026-03-14 15:18:35.058767,60.53768539428711,26.415834426879883,0.0020978164393454,20.092,-0.837,0.269,0.0,0,0,1,phone_call,0.972,2026-03-14T15:18:35.058767,neutral,0.835,2026-03-14T15:18:34.180354,0.3285726960907675,2026-03-14T15:18:35.011000,85,,,
participant_11,2,day,Town10HD_Opt,2026-03-14 15:18:36.203124,65.01539611816406,25.50853538513184,0.0020526503212749,19.311,4.452,0.231,0.0,0,0,1,,0.809,2026-03-14T15:18:36.203124,neutral,0.899,2026-03-14T15:18:36.203124,0.329800226538059,2026-03-14T15:18:36.946000,86,,,
participant_11,2,day,Town10HD_Opt,2026-03-14 15:18:37.088508,68.26142883300781,25.11799049377441,0.0020484160631895,18.231,0.305,0.24,0.0,0,0,1,,1.0,2026-03-14T15:18:37.088508,neutral,0.899,2026-03-14T15:18:36.203124,0.3345867350108691,2026-03-14T15:18:36.946000,87,,,
participant_11,2,day,Town10HD_Opt,2026-03-14 15:18:38.238070,72.45003509521484,24.69887924194336,0.0018515014089643,17.787,4.202,0.18,0.0,0,0,1,,1.0,2026-03-14T15:18:38.238070,neutral,0.694,2026-03-14T15:18:38.238070,0.370936332336397,2026-03-14T15:18:38.971000,86,,,
participant_11,2,day,Town10HD_Opt,2026-03-14 15:18:39.085155,75.34764862060547,24.60605430603028,0.0020396423060446,14.513,2.341,0.0,0.0,0,0,1,,0.96,2026-03-14T15:18:39.085155,neutral,0.694,2026-03-14T15:18:38.238070,0.3910566700403056,2026-03-14T15:18:38.971000,87,,,
participant_11,2,day,Town10HD_Opt,2026-03-14 15:18:40.194066,78.07107543945312,24.575233459472656,0.0021215819288045,7.444,0.261,0.0,0.555,0,0,1,,1.0,2026-03-14T15:18:40.194066,neutral,0.694,2026-03-14T15:18:38.238070,0.345617346087642,2026-03-14T15:18:40.951000,87,,,
participant_11,2,day,Town10HD_Opt,2026-03-14 15:18:41.026925,78.60496520996094,24.569339752197266,0.0020765303634107,0.0,0.686,0.0,0.109,0,0,1,,1.0,2026-03-14T15:18:41.026925,fear,0.45,2026-03-14T15:18:41.026925,0.341306845712986,2026-03-14T15:18:40.951000,89,,,
participant_11,2,day,Town10HD_Opt,2026-03-14 15:18:42.171508,78.6113510131836,24.56933212280273,0.0019205474527552,0.026,0.115,0.0,0.0,0,0,1,,1.0,2026-03-14T15:18:42.171508,fear,0.45,2026-03-14T15:18:41.026925,0.2929367828253114,2026-03-14T15:18:42.977000,89,,,
participant_11,2,day,Town10HD_Opt,2026-03-14 15:18:43.035094,78.62751770019531,24.56916236877441,0.0019011687254533,0.323,0.115,0.0,0.0,0,0,1,,1.0,2026-03-14T15:18:43.035094,neutral,0.49,2026-03-14T15:18:43.035094,0.3315553392462225,2026-03-14T15:18:42.977000,88,,,
participant_11,2,day,Town10HD_Opt,2026-03-14 15:18:44.137642,78.69691467285156,24.56827735900879,0.0019212722545489,0.248,0.564,0.0,0.0,0,0,1,,0.864,2026-03-14T15:18:44.137642,neutral,0.49,2026-03-14T15:18:43.035094,0.4612919776692532,2026-03-14T15:18:44.956000,90,,,
participant_11,2,day,Town10HD_Opt,2026-03-14 15:18:45.230212,78.74636840820312,24.5678825378418,0.0019207000732421,0.171,0.559,0.0,0.0,0,0,1,,0.829,2026-03-14T15:18:45.230212,neutral,0.786,2026-03-14T15:18:45.230212,0.4109127005147377,2026-03-14T15:18:45.991000,91,,,
participant_11,2,day,Town10HD_Opt,2026-03-14 15:18:46.048365,78.77357482910156,24.56767845153809,0.0019203948322683,0.131,0.559,0.0,0.0,0,0,1,,0.877,2026-03-14T15:18:46.048365,neutral,0.786,2026-03-14T15:18:45.230212,0.4771212886864283,2026-03-14T15:18:45.991000,89,,,
participant_11,2,day,Town10HD_Opt,2026-03-14 15:18:47.156194,78.80029296875,24.567413330078125,0.0019200515234842,0.091,0.559,0.0,0.0,0,0,1,,0.902,2026-03-14T15:18:47.156194,neutral,0.786,2026-03-14T15:18:45.230212,0.4788343446672712,2026-03-14T15:18:47.971000,91,,,
participant_11,2,day,Town10HD_Opt,2026-03-14 15:18:48.245752,78.819091796875,24.567277908325195,0.0019197082147002,0.062,0.585,0.0,0.0,0,0,1,,1.0,2026-03-14T15:18:48.245752,happy,0.972,2026-03-14T15:18:48.245752,0.5122265513405073,2026-03-14T15:18:48.961000,88,,,
participant_11,2,day,Town10HD_Opt,2026-03-14 15:18:49.065256,78.82942962646484,24.567195892333984,0.001919517526403,0.047,0.595,0.0,0.0,0,0,1,,1.0,2026-03-14T15:18:49.065256,happy,0.972,2026-03-14T15:18:48.245752,0.4460255399723442,2026-03-14T15:18:48.961000,87,,,
participant_11,2,day,Town10HD_Opt,2026-03-14 15:18:50.133114,78.83958435058594,24.567184448242188,0.0019193649059161,0.032,0.597,0.0,0.0,0,0,1,,1.0,2026-03-14T15:18:50.133114,happy,0.972,2026-03-14T15:18:48.245752,0.4364244713668151,2026-03-14T15:18:50.941000,79,,,
participant_11,2,day,Town10HD_Opt,2026-03-14 15:18:51.226265,78.84671783447266,24.567176818847656,0.0019193267216905,0.022,0.602,0.0,0.0,0,0,1,,1.0,2026-03-14T15:18:51.226265,happy,1.0,2026-03-14T15:18:51.226265,0.3133200147895958,2026-03-14T15:18:51.976000,78,,,
participant_11,2,day,Town10HD_Opt,2026-03-14 15:18:52.045558,78.84962463378906,24.56717300415039,0.0019190596649423,0.003,0.602,0.0,0.0,0,0,1,,1.0,2026-03-14T15:18:52.045558,happy,1.0,2026-03-14T15:18:51.226265,0.3481209343763396,2026-03-14T15:18:51.976000,76,,,
participant_11,2,day,Town10HD_Opt,2026-03-14 15:18:53.175964,78.84989929199219,24.56717300415039,0.0019191741012036,0.005,0.62,0.0,0.0,0,0,1,,1.0,2026-03-14T15:18:53.175964,happy,1.0,2026-03-14T15:18:51.226265,0.2097352164314573,2026-03-14T15:18:53.956000,77,,,
participant_11,2,day,Town10HD_Opt,2026-03-14 15:18:54.061170,78.85015106201172,24.56717300415039,0.0019190978491678,0.006,0.625,0.0,0.0,0,0,1,,0.905,2026-03-14T15:18:54.061170,happy,1.0,2026-03-14T15:18:54.061170,0.2585806381375971,2026-03-14T15:18:53.956000,79,,,
participant_11,2,day,Town10HD_Opt,2026-03-14 15:18:55.139332,78.85025787353516,24.56717300415039,0.0019192122854292,0.006,0.625,0.0,0.0,0,0,1,,0.948,2026-03-14T15:18:55.139332,happy,1.0,2026-03-14T15:18:54.061170,0.2161820191540271,2026-03-14T15:18:55.982000,83,,,
participant_11,2,day,Town10HD_Opt,2026-03-14 15:18:56.232947,79.2371826171875,24.564584732055664,0.0017988967010751,4.176,0.625,0.0,0.0,0,0,1,,1.0,2026-03-14T15:18:56.232947,sad,0.624,2026-03-14T15:18:56.232947,0.1122706898774535,2026-03-14T15:18:56.971000,85,,,
participant_11,2,day,Town10HD_Opt,2026-03-14 15:18:57.099422,79.9023666381836,24.56132698059082,0.0019449996761977,3.3,0.63,0.0,0.0,0,0,1,,1.0,2026-03-14T15:18:57.099422,sad,0.624,2026-03-14T15:18:56.232947,0.1504831085397657,2026-03-14T15:18:56.971000,84,,,
participant_11,2,day,Town10HD_Opt,2026-03-14 15:18:58.207528,80.55958557128906,24.559720993041992,0.001941337599419,2.319,0.632,0.0,0.0,0,0,1,,1.0,2026-03-14T15:18:58.207528,sad,0.624,2026-03-14T15:18:56.232947,0.1574634219350998,2026-03-14T15:18:58.996000,84,Solid line crossing,Solid line crossing,
participant_11,2,day,Town10HD_Opt,2026-03-14 15:18:59.061751,80.92089080810547,24.55943298339844,0.0019361113663762,1.781,0.658,0.0,0.0,0,0,1,,1.0,2026-03-14T15:18:59.061751,happy,0.866,2026-03-14T15:18:59.061751,0.2105686924256148,2026-03-14T15:18:58.996000,85,,,
participant_11,2,day,Town10HD_Opt,2026-03-14 15:19:00.170798,80.9634780883789,24.55937385559082,0.0019237899687141,0.0,0.679,0.0,0.512,0,0,1,,1.0,2026-03-14T15:19:00.170798,happy,0.866,2026-03-14T15:18:59.061751,0.1630846795971139,2026-03-14T15:19:00.977000,86,,,
participant_11,2,day,Town10HD_Opt,2026-03-14 15:19:01.025014,80.9634780883789,24.55937385559082,0.0019200897077098,0.0,0.679,0.0,0.0,0,0,1,,1.0,2026-03-14T15:19:01.025014,happy,0.866,2026-03-14T15:18:59.061751,0.1393245053090577,2026-03-14T15:19:00.977000,87,,,
participant_11,2,day,Town10HD_Opt,2026-03-14 15:19:02.154876,80.9634780883789,24.55937385559082,0.001919021597132,0.0,0.78,0.0,0.0,0,0,1,,1.0,2026-03-14T15:19:02.154876,happy,1.0,2026-03-14T15:19:02.154876,0.1283132194479583,2026-03-14T15:19:02.956000,85,,,
participant_11,2,day,Town10HD_Opt,2026-03-14 15:19:03.038132,80.9634780883789,24.55937385559082,0.001919021597132,0.0,0.576,0.0,0.0,0,0,1,,1.0,2026-03-14T15:19:03.038132,happy,1.0,2026-03-14T15:19:02.154876,0.2119932575652795,2026-03-14T15:19:02.956000,83,,,
participant_11,2,day,Town10HD_Opt,2026-03-14 15:19:04.138057,80.9634780883789,24.55937385559082,0.001919021597132,0.0,1.354,0.0,0.0,0,0,1,,1.0,2026-03-14T15:19:04.138057,happy,1.0,2026-03-14T15:19:02.154876,0.130957708773301,2026-03-14T15:19:04.982000,82,,,
participant_11,2,day,Town10HD_Opt,2026-03-14 15:19:05.019138,81.0767822265625,24.569355010986328,0.0017465590499341,3.794,13.511,0.9,0.0,0,0,1,,1.0,2026-03-14T15:19:05.019138,neutral,0.458,2026-03-14T15:19:05.019138,0.2561045992284477,2026-03-14T15:19:04.982000,83,,,
participant_11,2,day,Town10HD_Opt,2026-03-14 15:19:06.115063,83.41062927246094,24.78875160217285,0.0019415282877162,11.173,2.344,0.0,0.0,0,0,1,,1.0,2026-03-14T15:19:06.115063,neutral,0.458,2026-03-14T15:19:05.019138,0.1554226382597731,2026-03-14T15:19:06.961000,82,,,
participant_11,2,day,Town10HD_Opt,2026-03-14 15:19:07.238223,85.73690032958984,25.00320243835449,0.0011063002748414,12.737,-2.353,0.997,0.0,0,0,1,,1.0,2026-03-14T15:19:07.238223,sad,0.847,2026-03-14T15:19:07.238223,0.1819904056721041,2026-03-14T15:19:07.952000,85,,,errors=Vehicle-pedestrian collision
participant_11,2,day,Town10HD_Opt,2026-03-14 15:19:08.089239,89.03240203857422,25.17086601257324,0.0011698531452566,26.364,-2.4,1.0,0.0,0,0,1,,1.0,2026-03-14T15:19:08.089239,sad,0.847,2026-03-14T15:19:07.238223,0.1531589712323079,2026-03-14T15:19:07.952000,83,,,
participant_11,2,day,Town10HD_Opt,2026-03-14 15:19:09.175621,97.2768325805664,23.96985626220703,0.0016886901576071,45.392,-16.201,0.931,0.0,0,0,1,,1.0,2026-03-14T15:19:09.175621,sad,0.847,2026-03-14T15:19:07.238223,0.1501328510281914,2026-03-14T15:19:09.976000,85,,,
participant_11,2,day,Town10HD_Opt,2026-03-14 15:19:09.996359,103.64349365234376,18.436222076416016,0.001858253381215,50.909,-11.764,0.0,0.132,0,0,1,,1.0,2026-03-14T15:19:09.996359,happy,0.84,2026-03-14T15:19:09.996359,0.1779624658607717,2026-03-14T15:19:09.976000,85,,,
participant_11,2,day,Town10HD_Opt,2026-03-14 15:19:11.101581,106.85195922851562,7.434993267059326,0.0019654082134366,50.626,5.264,0.0,0.0,0,0,1,,1.0,2026-03-14T15:19:11.101581,happy,0.84,2026-03-14T15:19:09.996359,0.1784299299042,2026-03-14T15:19:11.956000,86,Solid line crossing,Solid line crossing,
participant_11,2,day,Town10HD_Opt,2026-03-14 15:19:12.173976,108.98937225341795,-4.068489074707031,0.0022083662915974,48.632,-2.812,0.985,0.0,0,0,1,,1.0,2026-03-14T15:19:12.173976,happy,0.993,2026-03-14T15:19:12.173976,0.1420452908073674,2026-03-14T15:19:12.991000,87,,,
participant_11,2,day,Town10HD_Opt,2026-03-14 15:19:13.010732,109.64586639404295,-12.828653335571287,0.0021979522425681,48.585,2.028,1.0,0.0,0,0,1,,1.0,2026-03-14T15:19:13.010732,happy,0.993,2026-03-14T15:19:12.173976,0.1876843245612269,2026-03-14T15:19:12.991000,89,,,errors=Solid line crossing
participant_11,2,day,Town10HD_Opt,2026-03-14 15:19:14.127016,110.52638244628906,-24.36750602722168,0.0020532608032226,49.677,-6.938,1.0,0.0,0,0,1,,1.0,2026-03-14T15:19:14.127016,happy,0.993,2026-03-14T15:19:12.173976,0.3090284520425633,2026-03-14T15:19:14.971000,91,,,
participant_11,2,day,Town10HD_Opt,2026-03-14 15:19:15.233744,108.32656860351562,-35.88017654418945,0.0018879318377003,52.13,-2.066,0.0,0.213,0,0,1,,1.0,2026-03-14T15:19:15.233744,happy,0.978,2026-03-14T15:19:15.233744,0.3846171862075503,2026-03-14T15:19:15.961000,92,,,
participant_11,2,day,Town10HD_Opt,2026-03-14 15:19:16.052739,105.40753936767578,-44.13909530639648,0.0019987486302852,50.676,-7.316,0.0,0.0,0,0,1,,1.0,2026-03-14T15:19:16.052739,happy,0.978,2026-03-14T15:19:15.233744,0.2842023754034755,2026-03-14T15:19:15.961000,91,,,errors=Solid line crossing
participant_11,2,day,Town10HD_Opt,2026-03-14 15:19:17.131216,98.62570190429688,-53.72653198242188,0.0018921660957857,51.241,-3.976,0.0,0.186,0,0,1,,0.837,2026-03-14T15:19:17.131216,happy,0.978,2026-03-14T15:19:15.233744,0.413745539014045,2026-03-14T15:19:16.953000,94,,,
participant_11,2,day,Town10HD_Opt,2026-03-14 15:19:18.190538,89.60496520996094,-61.34109878540039,0.0021173858549445,49.959,-4.983,0.0,0.124,0,0,1,,1.0,2026-03-14T15:19:18.190538,neutral,0.758,2026-03-14T15:19:18.190538,0.472754397139107,2026-03-14T15:19:18.976000,92,,,
participant_11,2,day,Town10HD_Opt,2026-03-14 15:19:19.056565,81.81403350830078,-65.26419067382812,0.0018833923386409,51.83,-5.531,0.0,0.222,0,0,1,,1.0,2026-03-14T15:19:19.056565,neutral,0.758,2026-03-14T15:19:18.190538,0.53456972478178,2026-03-14T15:19:18.976000,93,,,
participant_11,2,day,Town10HD_Opt,2026-03-14 15:19:20.225236,70.3627700805664,-67.73827362060547,0.0021146012004464,49.414,-2.953,1.0,0.0,0,0,1,,1.0,2026-03-14T15:19:20.225236,neutral,0.448,2026-03-14T15:19:20.225236,0.6186806020466974,2026-03-14T15:19:20.955000,89,,,
participant_11,2,day,Town10HD_Opt,2026-03-14 15:19:21.120992,61.60176086425781,-68.04853057861328,0.0020017242059111,51.064,0.049,0.0,0.106,0,0,1,,1.0,2026-03-14T15:19:21.120992,neutral,0.448,2026-03-14T15:19:20.225236,0.6610648165436234,2026-03-14T15:19:20.955000,90,,,
participant_11,2,day,Town10HD_Opt,2026-03-14 15:19:22.018176,52.90465545654297,-68.09296417236328,0.0019002150511369,51.175,-0.367,0.0,0.148,0,0,1,,1.0,2026-03-14T15:19:22.018176,neutral,0.448,2026-03-14T15:19:20.225236,0.6948361325540832,2026-03-14T15:19:22.082000,89,,,
participant_11,2,day,Town10HD_Opt,2026-03-14 15:19:22.998422,44.14690780639648,-68.016357421875,0.0019187163561582,51.087,-0.552,0.0,0.109,0,0,1,,1.0,2026-03-14T15:19:22.998422,sad,0.456,2026-03-14T15:19:22.998422,0.6220275056354714,2026-03-14T15:19:23.028000,86,,,
participant_11,2,day,Town10HD_Opt,2026-03-14 15:19:24.261927,32.52346420288086,-67.73651885986328,0.0020421219523996,49.74,-0.157,0.852,0.0,0,0,1,,1.0,2026-03-14T15:19:24.261927,sad,0.456,2026-03-14T15:19:22.998422,0.6336696089158118,2026-03-14T15:19:24.961000,87,,,
participant_11,2,day,Town10HD_Opt,2026-03-14 15:19:25.083958,23.740306854248047,-67.49017333984375,0.0019479751354083,51.182,-0.186,0.0,0.199,0,0,1,,1.0,2026-03-14T15:19:25.083958,sad,0.841,2026-03-14T15:19:25.083958,0.6480995493806144,2026-03-14T15:19:24.961000,89,,,
participant_11,2,day,Town10HD_Opt,2026-03-14 15:19:26.258197,12.43482494354248,-67.19306182861328,0.0021584320347756,46.125,0.348,0.0,0.0,0,0,1,,1.0,2026-03-14T15:19:26.258197,sad,0.841,2026-03-14T15:19:25.083958,0.5450171460554686,2026-03-14T15:19:26.986000,89,,,
participant_11,2,day,Town10HD_Opt,2026-03-14 15:19:27.088494,5.161953449249268,-67.1444320678711,0.0023620224092155,36.075,0.315,0.0,0.0,0,0,1,,1.0,2026-03-14T15:19:27.088494,sad,0.713,2026-03-14T15:19:27.088494,0.6058193335891174,2026-03-14T15:19:26.986000,90,,,
participant_11,2,day,Town10HD_Opt,2026-03-14 15:19:28.210624,-2.050962448120117,-67.23959350585938,0.0022880935575813,25.837,-0.493,0.0,0.0,0,0,1,,1.0,2026-03-14T15:19:28.210624,sad,0.713,2026-03-14T15:19:27.088494,0.5013378090349859,2026-03-14T15:19:28.966000,91,,,
participant_11,2,day,Town10HD_Opt,2026-03-14 15:19:29.041604,-6.008172035217285,-67.2933578491211,0.0022181700915098,19.945,1.076,0.094,0.0,0,0,1,,1.0,2026-03-14T15:19:29.041604,sad,0.713,2026-03-14T15:19:27.088494,0.4849608580129304,2026-03-14T15:19:28.966000,90,,,
participant_11,2,day,Town10HD_Opt,2026-03-14 15:19:30.153547,-10.175267219543455,-67.3899917602539,0.0019535445608198,16.741,-0.251,0.273,0.0,0,0,1,,1.0,2026-03-14T15:19:30.153547,sad,0.591,2026-03-14T15:19:30.153547,0.4155696032473229,2026-03-14T15:19:30.991000,85,,,
participant_11,2,day,Town10HD_Opt,2026-03-14 15:19:30.992048,-13.028095245361328,-67.44306945800781,0.0020206451881676,14.646,-0.007,0.0,0.0,0,0,1,,1.0,2026-03-14T15:19:30.992048,sad,0.591,2026-03-14T15:19:30.153547,0.3466910426696088,2026-03-14T15:19:30.991000,86,,,
participant_11,2,day,Town10HD_Opt,2026-03-14 15:19:32.112522,-15.945063591003418,-67.5141830444336,0.0020171736832708,10.301,0.411,0.0,0.0,0,0,1,,1.0,2026-03-14T15:19:32.112522,sad,0.591,2026-03-14T15:19:30.153547,0.3785176709977137,2026-03-14T15:19:31.985000,82,,,
participant_11,2,day,Town10HD_Opt,2026-03-14 15:19:33.203503,-17.99614715576172,-67.5785903930664,0.0019883345812559,7.242,0.451,0.0,0.0,0,0,1,,1.0,2026-03-14T15:19:33.203503,sad,0.739,2026-03-14T15:19:33.203503,0.2820669793638025,2026-03-14T15:19:33.961000,85,,,
participant_11,2,day,Town10HD_Opt,2026-03-14 15:19:34.028583,-19.27650260925293,-67.62422943115234,0.0016622161492705,11.728,0.451,1.0,0.0,0,0,1,,1.0,2026-03-14T15:19:34.028583,sad,0.739,2026-03-14T15:19:33.203503,0.317052242233884,2026-03-14T15:19:33.961000,83,,,
participant_11,2,day,Town10HD_Opt,2026-03-14 15:19:35.105528,-24.098854064941406,-67.82794189453125,0.0015217589680105,31.717,0.451,1.0,0.0,0,0,1,,0.852,2026-03-14T15:19:35.105528,sad,0.739,2026-03-14T15:19:33.203503,0.2696663236597847,2026-03-14T15:19:34.952000,86,,,
participant_11,2,day,Town10HD_Opt,2026-03-14 15:19:36.179444,-33.70701217651367,-68.36614990234375,0.001554412767291,51.747,-2.28,0.0,0.175,0,0,1,,1.0,2026-03-14T15:19:36.179444,sad,0.731,2026-03-14T15:19:36.179444,0.2114348025507554,2026-03-14T15:19:36.977000,86,,,
participant_11,2,day,Town10HD_Opt,2026-03-14 15:19:37.002395,-42.52217864990234,-68.6071548461914,0.0020751189440488,49.536,-0.31,0.779,0.0,0,0,1,,1.0,2026-03-14T15:19:37.002395,sad,0.731,2026-03-14T15:19:36.179444,0.2475738888087285,2026-03-14T15:19:36.977000,85,,,
participant_11,2,day,Town10HD_Opt,2026-03-14 15:19:38.078123,-54.14888000488281,-68.65007019042969,0.0019791030790656,50.372,-0.331,0.764,0.0,0,0,1,,1.0,2026-03-14T15:19:38.078123,sad,0.731,2026-03-14T15:19:36.179444,0.1879846709163992,2026-03-14T15:19:37.965000,87,,,
participant_11,2,day,Town10HD_Opt,2026-03-14 15:19:39.118317,-65.82936096191406,-68.48355865478516,0.0019264601869508,50.914,-1.8,0.0,0.115,0,0,1,,0.804,2026-03-14T15:19:39.118317,sad,0.877,2026-03-14T15:19:39.118317,0.2229172093299818,2026-03-14T15:19:38.956000,88,,,
participant_11,2,day,Town10HD_Opt,2026-03-14 15:19:40.165194,-77.30957794189453,-66.77519226074219,0.0020020676311105,50.693,-6.298,0.0,0.0,0,0,1,,1.0,2026-03-14T15:19:40.165194,sad,0.877,2026-03-14T15:19:39.118317,0.1419822560285542,2026-03-14T15:19:40.981000,85,,,
participant_11,2,day,Town10HD_Opt,2026-03-14 15:19:41.212835,-87.8858642578125,-62.06808471679688,0.0021367263980209,48.974,-3.186,0.731,0.0,0,0,1,,1.0,2026-03-14T15:19:41.212835,sad,0.668,2026-03-14T15:19:41.212835,0.2402463087248522,2026-03-14T15:19:41.971000,81,,,
participant_11,2,day,Town10HD_Opt,2026-03-14 15:19:42.059387,-95.19744873046876,-57.29901123046875,0.0021464538294821,48.918,-5.326,0.731,0.0,0,0,1,,0.924,2026-03-14T15:19:42.059387,sad,0.668,2026-03-14T15:19:41.212835,0.1423898689968141,2026-03-14T15:19:41.971000,83,,,
participant_11,2,day,Town10HD_Opt,2026-03-14 15:19:43.243570,-103.13883209228516,-48.92123031616211,0.0020406341645866,49.873,-5.262,0.731,0.0,0,0,1,,1.0,2026-03-14T15:19:43.243570,sad,0.757,2026-03-14T15:19:43.243570,0.1327615794480183,2026-03-14T15:19:43.951000,81,,,
participant_11,2,day,Town10HD_Opt,2026-03-14 15:19:44.170520,-107.42491149902344,-41.312870025634766,0.0020662688184529,49.75,-4.518,0.731,0.0,0,0,1,,0.946,2026-03-14T15:19:44.170520,sad,0.757,2026-03-14T15:19:43.243570,0.1719059099032105,2026-03-14T15:19:44.987000,83,,,
participant_11,2,day,Town10HD_Opt,2026-03-14 15:19:45.100703,-110.16799926757812,-33.09214401245117,0.0021413420327007,48.05,-5.061,0.417,0.0,0,0,1,,0.962,2026-03-14T15:19:45.100703,sad,0.757,2026-03-14T15:19:43.243570,0.1651207188957053,2026-03-14T15:19:44.987000,84,,,
participant_11,2,day,Town10HD_Opt,2026-03-14 15:19:45.990127,-111.18014526367188,-24.888994216918945,0.0021712875459343,44.986,-3.898,0.0,0.0,0,0,1,,0.905,2026-03-14T15:19:45.990127,neutral,0.766,2026-03-14T15:19:45.990127,0.1196193906186633,2026-03-14T15:19:45.976000,86,,,
participant_11,2,day,Town10HD_Opt,2026-03-14 15:19:47.208975,-110.84951782226562,-15.849017143249512,0.0023336792364716,32.212,0.305,0.0,0.0,0,0,1,,0.816,2026-03-14T15:19:47.208975,neutral,0.766,2026-03-14T15:19:45.990127,0.1377853514522022,2026-03-14T15:19:47.956000,91,,,
participant_11,2,day,Town10HD_Opt,2026-03-14 15:19:48.143171,-110.59651947021484,-10.781195640563965,0.0022247314918786,26.046,1.011,0.266,0.0,0,0,1,,0.814,2026-03-14T15:19:48.143171,sad,0.783,2026-03-14T15:19:48.143171,0.0391288124199584,2026-03-14T15:19:47.956000,89,,,
participant_11,2,day,Town10HD_Opt,2026-03-14 15:19:48.996567,-110.48056030273438,-6.56658411026001,0.0022148895077407,21.418,0.639,0.347,0.0,0,0,1,,0.816,2026-03-14T15:19:48.996567,sad,0.783,2026-03-14T15:19:48.143171,0.1288503163550479,2026-03-14T15:19:49.036000,92,,,
participant_11,2,day,Town10HD_Opt,2026-03-14 15:19:50.160483,-110.39424896240234,-1.2111793756484983,0.0016731261275708,29.859,-0.703,0.943,0.0,0,0,1,,1.0,2026-03-14T15:19:50.160483,sad,0.697,2026-03-14T15:19:50.160483,0.1565055030346354,2026-03-14T15:19:50.971000,92,,,
participant_11,2,day,Town10HD_Opt,2026-03-14 15:19:51.007005,-109.89568328857422,5.152976989746094,0.0015965652419254,44.006,-6.552,0.94,0.0,0,0,1,,1.0,2026-03-14T15:19:51.007005,sad,0.697,2026-03-14T15:19:50.160483,0.2424930190512952,2026-03-14T15:19:50.971000,92,,,
participant_11,2,day,Town10HD_Opt,2026-03-14 15:19:52.198182,-107.22281646728516,15.167752265930176,0.0023331069387495,39.006,-0.726,0.0,0.0,0,0,1,,1.0,2026-03-14T15:19:52.198182,sad,0.625,2026-03-14T15:19:52.198182,0.2114207156284882,2026-03-14T15:19:52.951000,92,,,
participant_11,2,day,Town10HD_Opt,2026-03-14 15:19:53.113947,-104.8786392211914,20.746206283569336,0.00233940128237,29.869,-9.267,0.079,0.0,0,0,1,,1.0,2026-03-14T15:19:53.113947,sad,0.625,2026-03-14T15:19:52.198182,0.1958391128905098,2026-03-14T15:19:52.951000,92,,,
participant_11,2,day,Town10HD_Opt,2026-03-14 15:19:54.033870,-101.96084594726562,24.65927124023437,0.0021448135375976,26.687,-17.828,0.45,0.0,0,0,1,,1.0,2026-03-14T15:19:54.033870,sad,0.625,2026-03-14T15:19:52.198182,0.2695106204793023,2026-03-14T15:19:53.986000,92,,,
participant_11,2,day,Town10HD_Opt,2026-03-14 15:19:55.273312,-96.20808410644533,27.783111572265625,0.0019026183290407,31.825,-11.484,0.659,0.0,0,0,1,,1.0,2026-03-14T15:19:55.273312,happy,0.992,2026-03-14T15:19:55.273312,0.1112023474493474,2026-03-14T15:19:55.966000,91,,,
participant_11,2,day,Town10HD_Opt,2026-03-14 15:19:56.237381,-90.19208526611328,28.78177833557129,0.0019428634550422,38.742,-4.907,0.686,0.0,0,0,1,,1.0,2026-03-14T15:19:56.237381,happy,0.992,2026-03-14T15:19:55.273312,0.1801911285581578,2026-03-14T15:19:56.958000,91,,,
participant_11,2,day,Town10HD_Opt,2026-03-14 15:19:57.204749,-83.1409683227539,28.774526596069336,0.0021639252081513,38.934,-3.61,0.0,0.0,0,0,1,,1.0,2026-03-14T15:19:57.204749,happy,0.992,2026-03-14T15:19:55.273312,0.2643168087440306,2026-03-14T15:19:57.991000,91,,,errors=Solid line crossing
participant_11,2,day,Town10HD_Opt,2026-03-14 15:19:58.130598,-77.15724182128906,28.10806655883789,0.0023160553537309,29.722,2.805,0.0,0.062,0,0,1,,1.0,2026-03-14T15:19:58.130598,sad,0.489,2026-03-14T15:19:58.130598,0.1626053897323925,2026-03-14T15:19:58.982000,88,,,
participant_11,2,day,Town10HD_Opt,2026-03-14 15:19:59.052071,-72.66686248779297,27.784467697143555,0.0023584747686982,19.91,1.514,0.0,0.662,0,0,1,,1.0,2026-03-14T15:19:59.052071,sad,0.489,2026-03-14T15:19:58.130598,0.1497879174329675,2026-03-14T15:19:58.982000,87,,,errors=Harsh braking
participant_11,3,day,Town10HD_Opt,2026-03-14 15:30:00.000000,-41.66858673095703,89.7454833984375,0.5804919600486755,0.0,0.837,0.863,0.621,0,0,1,,1.0,2026-03-14T15:30:00,,,2026-03-14T15:30:00,0.7560700864400516,2026-03-14T15:30:00,80,,,
participant_11,3,day,Town10HD_Opt,2026-03-14 15:30:04.454489,-41.66858673095703,89.7454833984375,0.0019178008660674,0.0,0.837,0.885,0.621,0,0,1,,0.954,2026-03-14T15:30:04.454489,,,2026-03-14T15:30:04.454489,0.758423808658588,2026-03-14T15:30:04.997000,77,,,
participant_11,3,day,Town10HD_Opt,2026-03-14 15:30:05.099193,-41.66858673095703,89.7454833984375,0.0019188307924196,0.0,0.837,0.0,0.621,0,0,1,,1.0,2026-03-14T15:30:05.099193,,,2026-03-14T15:30:04.454489,0.7347251516423895,2026-03-14T15:30:06.029000,77,,,
participant_11,3,day,Town10HD_Opt,2026-03-14 15:30:06.060575,-41.66858673095703,89.7454833984375,0.0019188307924196,0.0,0.837,0.931,0.621,0,0,1,,0.959,2026-03-14T15:30:06.060575,,,2026-03-14T15:30:04.454489,0.6815637958635756,2026-03-14T15:30:06.975000,78,,,
participant_11,3,day,Town10HD_Opt,2026-03-14 15:30:07.044553,-41.66858673095703,89.7454833984375,0.0019188307924196,0.0,0.837,0.0,0.621,0,0,1,,1.0,2026-03-14T15:30:07.044553,neutral,0.882,2026-03-14T15:30:07.044553,0.615606444864771,2026-03-14T15:30:06.975000,80,,,
participant_11,3,day,Town10HD_Opt,2026-03-14 15:30:08.145240,-41.66858673095703,89.7454833984375,0.0019188307924196,0.0,0.837,1.0,0.621,0,0,1,,0.957,2026-03-14T15:30:08.145240,neutral,0.882,2026-03-14T15:30:07.044553,0.7161957298311895,2026-03-14T15:30:09.045000,80,,,
participant_11,3,day,Town10HD_Opt,2026-03-14 15:30:09.163329,-41.66858673095703,89.7454833984375,0.0019188307924196,0.0,0.837,0.619,0.621,0,0,1,,0.823,2026-03-14T15:30:09.163329,neutral,0.852,2026-03-14T15:30:09.163329,0.640174148560867,2026-03-14T15:30:09.991000,80,,,
participant_11,3,day,Town10HD_Opt,2026-03-14 15:30:10.109349,-41.66858673095703,89.7454833984375,0.0019188307924196,0.0,0.837,0.625,0.621,0,0,1,,1.0,2026-03-14T15:30:10.109349,neutral,0.852,2026-03-14T15:30:09.163329,0.6792645008373704,2026-03-14T15:30:09.991000,81,,,
participant_11,3,day,Town10HD_Opt,2026-03-14 15:30:11.112426,-41.66858673095703,89.7454833984375,0.0019188307924196,0.0,0.837,0.561,0.621,0,0,1,,0.912,2026-03-14T15:30:11.112426,neutral,0.852,2026-03-14T15:30:09.163329,0.6354698934866966,2026-03-14T15:30:11.970000,77,,,
participant_11,3,day,Town10HD_Opt,2026-03-14 15:30:12.063037,-41.66858673095703,89.7454833984375,0.0019188307924196,0.0,0.837,0.573,0.621,0,0,1,,1.0,2026-03-14T15:30:12.063037,neutral,0.911,2026-03-14T15:30:12.063037,0.6028625469481297,2026-03-14T15:30:12.961000,77,,,
participant_11,3,day,Town10HD_Opt,2026-03-14 15:30:13.272813,-41.66858673095703,89.7454833984375,0.0019188307924196,0.0,0.837,0.57,0.621,0,0,1,,0.951,2026-03-14T15:30:13.272813,neutral,0.911,2026-03-14T15:30:12.063037,0.6213180700617751,2026-03-14T15:30:13.995000,79,,,
participant_11,3,day,Town10HD_Opt,2026-03-14 15:30:14.203739,-41.66858673095703,89.7454833984375,0.0019188307924196,0.0,0.837,0.518,0.621,0,0,1,,0.928,2026-03-14T15:30:14.203739,neutral,0.995,2026-03-14T15:30:14.203739,0.6123989430963308,,76,,,
participant_11,3,day,Town10HD_Opt,2026-03-14 15:30:15.102510,-41.66858673095703,89.7454833984375,0.0019188307924196,0.0,0.837,0.385,0.621,0,0,1,,0.92,2026-03-14T15:30:15.102510,neutral,0.995,2026-03-14T15:30:14.203739,0.531469843552507,,77,,,
participant_11,3,day,Town10HD_Opt,2026-03-14 15:30:16.012057,-41.66858673095703,89.7454833984375,0.0019188307924196,0.0,0.837,0.399,0.621,0,0,1,,0.944,2026-03-14T15:30:16.012057,neutral,0.995,2026-03-14T15:30:14.203739,0.6088559075782229,2026-03-14T15:30:16.966000,80,,,
participant_11,3,day,Town10HD_Opt,2026-03-14 15:30:17.257810,-41.66858673095703,89.7454833984375,0.0019188307924196,0.0,0.837,0.399,0.621,0,0,1,,0.807,2026-03-14T15:30:17.257810,neutral,0.861,2026-03-14T15:30:17.257810,0.5791133196743996,2026-03-14T15:30:18.180000,82,,,
participant_11,3,day,Town10HD_Opt,2026-03-14 15:30:18.185083,-41.66858673095703,89.7454833984375,0.0019188307924196,0.0,0.837,0.399,0.621,0,0,1,,0.957,2026-03-14T15:30:18.185083,neutral,0.861,2026-03-14T15:30:17.257810,0.5075151606089409,2026-03-14T15:30:19.125000,84,,,
participant_11,3,day,Town10HD_Opt,2026-03-14 15:30:19.098786,-41.66858673095703,89.7454833984375,0.0019188307924196,0.0,0.837,0.399,0.621,0,0,1,,0.922,2026-03-14T15:30:19.098786,neutral,0.861,2026-03-14T15:30:17.257810,0.516569913089671,2026-03-14T15:30:19.125000,84,,,
participant_11,3,day,Town10HD_Opt,2026-03-14 15:30:20.035236,-41.66858673095703,89.7454833984375,0.0019188307924196,0.0,0.837,0.399,0.621,0,0,1,,0.955,2026-03-14T15:30:20.035236,neutral,0.92,2026-03-14T15:30:20.035236,0.4908240024424971,2026-03-14T15:30:20.205000,87,,,
participant_11,3,day,Town10HD_Opt,2026-03-14 15:30:21.277539,-41.66858673095703,89.7454833984375,0.0019188307924196,0.0,0.837,0.973,0.621,0,0,1,,0.891,2026-03-14T15:30:21.277539,neutral,0.92,2026-03-14T15:30:20.035236,0.5606510634518554,2026-03-14T15:30:21.195000,87,,,
participant_11,3,day,Town10HD_Opt,2026-03-14 15:30:22.221021,-41.66858673095703,89.7454833984375,0.0019188307924196,0.0,0.837,0.0,0.621,0,0,1,,1.0,2026-03-14T15:30:22.221021,neutral,0.866,2026-03-14T15:30:22.221021,0.526464646544954,2026-03-14T15:30:22.323000,87,,,
participant_11,3,day,Town10HD_Opt,2026-03-14 15:30:23.191858,-41.66858673095703,89.7454833984375,0.0019188307924196,0.0,0.837,0.015,0.621,0,0,1,,0.868,2026-03-14T15:30:23.191858,neutral,0.866,2026-03-14T15:30:22.221021,0.4348233903861769,2026-03-14T15:30:23.310000,87,,,
participant_11,3,day,Town10HD_Opt,2026-03-14 15:30:24.130568,-41.66858673095703,89.7454833984375,0.0019188307924196,0.0,0.837,0.0,0.621,0,0,1,,0.952,2026-03-14T15:30:24.130568,neutral,0.866,2026-03-14T15:30:22.221021,0.5123663989790055,2026-03-14T15:30:24.347000,88,,,
participant_11,3,day,Town10HD_Opt,2026-03-14 15:30:25.011726,-41.66858673095703,89.7454833984375,0.0019188307924196,0.0,0.837,0.0,0.583,0,0,1,,0.944,2026-03-14T15:30:25.011726,neutral,0.989,2026-03-14T15:30:25.011726,0.526302152340559,2026-03-14T15:30:25.516000,85,,,
participant_11,3,day,Town10HD_Opt,2026-03-14 15:30:26.231237,-41.66858673095703,89.7454833984375,0.0019188307924196,0.0,0.837,0.0,0.0,0,0,1,,0.945,2026-03-14T15:30:26.231237,neutral,0.989,2026-03-14T15:30:25.011726,0.5607656664074853,2026-03-14T15:30:27.091000,85,,,
participant_11,3,day,Town10HD_Opt,2026-03-14 15:30:27.111084,-41.66814422607422,89.62789916992188,0.0017109679756686,4.331,0.837,0.955,0.0,0,0,1,,0.968,2026-03-14T15:30:27.111084,neutral,0.997,2026-03-14T15:30:27.111084,0.5029716938190046,2026-03-14T15:30:28.035000,83,,,
participant_11,3,day,Town10HD_Opt,2026-03-14 15:30:28.037676,-41.65273284912109,87.68678283691406,0.0014749908586964,17.975,0.837,0.0,0.0,0,0,1,,0.966,2026-03-14T15:30:28.037676,neutral,0.997,2026-03-14T15:30:27.111084,0.5692047710619657,2026-03-14T15:30:28.035000,84,,,
participant_11,3,day,Town10HD_Opt,2026-03-14 15:30:29.257385,-41.57707595825195,83.95567321777344,0.0020381163340061,13.269,0.837,0.0,0.0,0,0,1,,1.0,2026-03-14T15:30:29.257385,surprise,0.88,2026-03-14T15:30:29.257385,0.6475680828209684,2026-03-14T15:30:30.106000,86,,,
participant_11,3,day,Town10HD_Opt,2026-03-14 15:30:30.251359,-41.49488830566406,81.87189483642578,0.0020045088604092,10.504,3.627,0.058,0.0,0,0,1,,1.0,2026-03-14T15:30:30.251359,surprise,0.88,2026-03-14T15:30:29.257385,0.5950190309935384,2026-03-14T15:30:30.106000,88,,,
participant_11,3,day,Town10HD_Opt,2026-03-14 15:30:31.299319,-41.325439453125,80.10818481445312,0.0019155120244249,10.242,6.412,0.22,0.0,0,0,1,,1.0,2026-03-14T15:30:31.299319,happy,0.709,2026-03-14T15:30:31.299319,0.6371166872125215,2026-03-14T15:30:31.995000,92,,,
participant_11,3,day,Town10HD_Opt,2026-03-14 15:30:32.303956,-40.969852447509766,78.20111846923828,0.0018055724212899,13.104,10.228,0.473,0.0,0,0,1,,0.918,2026-03-14T15:30:32.303956,happy,0.709,2026-03-14T15:30:31.299319,0.6870740851531797,2026-03-14T15:30:32.985000,89,,,
participant_11,3,day,Town10HD_Opt,2026-03-14 15:30:33.302443,-40.135501861572266,75.66799926757812,0.0017794799059629,17.749,12.231,0.469,0.0,0,0,1,,1.0,2026-03-14T15:30:33.302443,happy,0.691,2026-03-14T15:30:33.302443,0.63175698783756,2026-03-14T15:30:34.020000,92,,,
participant_11,3,day,Town10HD_Opt,2026-03-14 15:30:34.016762,-39.16653060913086,73.77781677246094,0.0020642089657485,18.568,15.561,0.465,0.0,0,0,1,,1.0,2026-03-14T15:30:34.016762,happy,0.691,2026-03-14T15:30:33.302443,0.6354661519777983,2026-03-14T15:30:34.965000,90,,,
participant_11,3,day,Town10HD_Opt,2026-03-14 15:30:35.044712,-36.87222290039063,71.2361831665039,0.0019929886329919,21.247,22.225,0.464,0.0,0,0,1,,0.832,2026-03-14T15:30:35.044712,happy,0.691,2026-03-14T15:30:33.302443,0.6593328393064023,2026-03-14T15:30:36,90,,,
participant_11,3,day,Town10HD_Opt,2026-03-14 15:30:36.084403,-33.37166976928711,69.58214569091797,0.0020054625347256,23.767,21.832,0.464,0.0,0,0,1,,1.0,2026-03-14T15:30:36.084403,neutral,0.888,2026-03-14T15:30:36.084403,0.6131445456367798,2026-03-14T15:30:36.990000,89,,,
participant_11,3,day,Town10HD_Opt,2026-03-14 15:30:37.128333,-29.0526180267334,69.35317993164062,0.0019750213250517,26.349,6.168,0.464,0.0,0,0,1,,0.896,2026-03-14T15:30:37.128333,neutral,0.888,2026-03-14T15:30:36.084403,0.6207563247694907,2026-03-14T15:30:36.990000,90,,,
participant_11,3,day,Town10HD_Opt,2026-03-14 15:30:38.123945,-24.2698917388916,69.68487548828125,0.0019699095282703,28.653,-2.845,0.464,0.0,0,0,1,,1.0,2026-03-14T15:30:38.123945,neutral,0.918,2026-03-14T15:30:38.123945,0.5709706500101402,2026-03-14T15:30:38.970000,89,,,
participant_11,3,day,Town10HD_Opt,2026-03-14 15:30:39.096217,-19.09935760498047,69.81266784667969,0.0019788360223174,30.642,-0.233,0.452,0.0,0,0,1,,0.816,2026-03-14T15:30:39.096217,neutral,0.918,2026-03-14T15:30:38.123945,0.7440725387938752,2026-03-14T15:30:38.970000,88,,,
participant_11,3,day,Town10HD_Opt,2026-03-14 15:30:40.056629,-13.615545272827148,69.85318756103516,0.0019942091312259,32.081,0.099,0.212,0.0,0,0,1,,0.889,2026-03-14T15:30:40.056629,neutral,0.918,2026-03-14T15:30:38.123945,0.6857668147823703,2026-03-14T15:30:40.995000,91,,,
participant_11,3,day,Town10HD_Opt,2026-03-14 15:30:41.032068,-8.38925552368164,69.88390350341797,0.0022525787353515,26.309,-0.172,0.16,0.0,0,0,1,,0.851,2026-03-14T15:30:41.032068,neutral,0.988,2026-03-14T15:30:41.032068,0.6146455097676499,2026-03-14T15:30:40.995000,87,,,
participant_11,3,day,Town10HD_Opt,2026-03-14 15:30:42.019221,-4.078883171081543,69.89636993408203,0.0021303938701748,23.361,-0.146,0.244,0.0,0,0,1,,0.841,2026-03-14T15:30:42.019221,neutral,0.988,2026-03-14T15:30:41.032068,0.6934930157825251,2026-03-14T15:30:42.033000,90,,,
participant_11,3,day,Town10HD_Opt,2026-03-14 15:30:43.294934,1.0600377321243286,69.893798828125,0.0020995330996811,20.795,-0.146,0.252,0.0,0,0,1,,1.0,2026-03-14T15:30:43.294934,fear,0.777,2026-03-14T15:30:43.294934,0.6202168726759021,2026-03-14T15:30:44.011000,91,,,
participant_11,3,day,Town10HD_Opt,2026-03-14 15:30:44.268177,4.577080726623535,69.88400268554688,0.0020850752480328,19.427,-0.099,0.273,0.0,0,0,1,,1.0,2026-03-14T15:30:44.268177,fear,0.777,2026-03-14T15:30:43.294934,0.6552609596806849,2026-03-14T15:30:45.001000,89,,,
participant_11,3,day,Town10HD_Opt,2026-03-14 15:30:45.237651,7.893880367279053,69.86925506591797,0.0020728684030473,18.491,-0.099,0.275,0.0,0,0,1,,1.0,2026-03-14T15:30:45.237651,fear,0.777,2026-03-14T15:30:43.294934,0.6550581191538914,2026-03-14T15:30:46.125000,90,,,
participant_11,3,day,Town10HD_Opt,2026-03-14 15:30:46.216032,11.087175369262695,69.84953308105469,0.0020396423060446,18.058,-0.099,0.0,0.0,0,0,1,,1.0,2026-03-14T15:30:46.216032,neutral,0.963,2026-03-14T15:30:46.216032,0.6226917013536385,2026-03-14T15:30:46.981000,88,,,
participant_11,3,day,Town10HD_Opt,2026-03-14 15:30:47.184837,13.990047454833984,69.82675170898438,0.002067337045446,14.164,-0.099,0.0,0.365,0,0,1,,0.812,2026-03-14T15:30:47.184837,neutral,0.963,2026-03-14T15:30:46.216032,0.6080255830306813,2026-03-14T15:30:46.981000,87,,,
participant_11,3,day,Town10HD_Opt,2026-03-14 15:30:48.112646,15.997081756591797,69.80828094482422,0.0020337295718491,9.508,-0.094,0.0,0.0,0,0,1,,0.872,2026-03-14T15:30:48.112646,neutral,0.963,2026-03-14T15:30:46.216032,0.6638806360033987,2026-03-14T15:30:48.960000,88,,,
participant_11,3,day,Town10HD_Opt,2026-03-14 15:30:49.055330,17.464427947998047,69.79341888427734,0.0019879532046616,7.235,-0.094,0.0,0.0,0,0,1,,1.0,2026-03-14T15:30:49.055330,neutral,0.792,2026-03-14T15:30:49.055330,0.6189185700841279,2026-03-14T15:30:48.960000,87,,,
participant_11,3,day,Town10HD_Opt,2026-03-14 15:30:50.267260,18.904756546020508,69.7777099609375,0.001973228296265,4.9,-0.094,0.202,0.0,0,0,1,,0.841,2026-03-14T15:30:50.267260,neutral,0.792,2026-03-14T15:30:49.055330,0.656816046302816,2026-03-14T15:30:51.030000,88,,,
participant_11,3,day,Town10HD_Opt,2026-03-14 15:30:51.227217,19.975875854492188,69.76532745361328,0.0017671203240752,8.727,-0.094,0.42,0.0,0,0,1,,0.805,2026-03-14T15:30:51.227217,neutral,0.973,2026-03-14T15:30:51.227217,0.5369006460741581,2026-03-14T15:30:52.020000,89,,,
participant_11,3,day,Town10HD_Opt,2026-03-14 15:30:52.202345,21.85033226013184,69.74235534667969,0.0018558882875368,11.603,-0.082,0.0,0.0,0,0,1,,1.0,2026-03-14T15:30:52.202345,neutral,0.973,2026-03-14T15:30:51.227217,0.5506260827542941,2026-03-14T15:30:53.146000,88,,,
participant_11,3,day,Town10HD_Opt,2026-03-14 15:30:53.163123,23.628801345825195,69.71928405761719,0.0020304487552493,8.177,-0.075,0.0,0.229,0,0,1,,0.85,2026-03-14T15:30:53.163123,neutral,0.973,2026-03-14T15:30:51.227217,0.5677114680459227,2026-03-14T15:30:53.146000,91,,,
participant_11,3,day,Town10HD_Opt,2026-03-14 15:30:54.166301,24.786922454833984,69.70352172851562,0.0019798278808593,5.522,-0.066,0.0,0.0,0,0,1,,1.0,2026-03-14T15:30:54.166301,neutral,0.978,2026-03-14T15:30:54.166301,0.5946671602342651,2026-03-14T15:30:55.080000,90,,,
participant_11,3,day,Town10HD_Opt,2026-03-14 15:30:55.110279,25.64853286743164,69.69147491455078,0.0019596479833126,4.312,-0.066,0.0,0.0,0,0,1,,1.0,2026-03-14T15:30:55.110279,neutral,0.978,2026-03-14T15:30:54.166301,0.5189702374883887,2026-03-14T15:30:55.080000,88,,,
participant_11,3,day,Town10HD_Opt,2026-03-14 15:30:56.100217,26.024593353271484,69.68634033203125,0.0020383452065289,0.0,-0.056,0.0,0.273,0,0,1,,1.0,2026-03-14T15:30:56.100217,neutral,0.978,2026-03-14T15:30:54.166301,0.5683904109609962,2026-03-14T15:30:56.385000,88,,,
participant_11,3,day,Town10HD_Opt,2026-03-14 15:30:57.272344,26.02514839172364,69.68634033203125,0.0019202422117814,0.136,-0.056,0.124,0.0,0,0,1,,1.0,2026-03-14T15:30:57.272344,neutral,0.987,2026-03-14T15:30:57.272344,0.5662554171891543,2026-03-14T15:30:57.112000,88,,,
participant_11,3,day,Town10HD_Opt,2026-03-14 15:30:58.237999,26.26170921325684,69.68299865722656,0.00172195432242,4.672,-0.056,0.502,0.0,0,0,1,,1.0,2026-03-14T15:30:58.237999,neutral,0.987,2026-03-14T15:30:57.272344,0.6096765488699575,2026-03-14T15:30:57.112000,89,,,
participant_11,3,day,Town10HD_Opt,2026-03-14 15:30:59.150949,27.582164764404297,69.6628646850586,0.0017223738832399,10.518,-0.056,0.453,0.0,0,0,1,,0.811,2026-03-14T15:30:59.150949,neutral,0.987,2026-03-14T15:30:57.272344,0.5824576432399775,2026-03-14T15:30:59.940000,89,,,
participant_11,3,day,Town10HD_Opt,2026-03-14 15:31:00.119122,29.850265502929688,69.63054656982422,0.0017760467017069,15.317,-0.059,0.427,0.0,0,0,1,,0.906,2026-03-14T15:31:00.119122,neutral,0.982,2026-03-14T15:31:00.119122,0.5046858127444454,2026-03-14T15:31:00.570000,89,,,
participant_11,3,day,Town10HD_Opt,2026-03-14 15:31:01.094818,32.77531051635742,69.50800323486328,0.0019045256776735,17.074,-8.227,0.0,0.0,0,0,1,,0.839,2026-03-14T15:31:01.094818,neutral,0.982,2026-03-14T15:31:00.119122,0.5739821545349941,2026-03-14T15:31:01.966000,90,,,
participant_11,3,day,Town10HD_Opt,2026-03-14 15:31:02.061366,35.32683563232422,68.94495391845703,0.0020540999248623,13.086,-17.241,0.0,0.0,0,0,1,,1.0,2026-03-14T15:31:02.061366,neutral,0.982,2026-03-14T15:31:00.119122,0.5910078683205459,2026-03-14T15:31:03.001000,92,,,
participant_11,3,day,Town10HD_Opt,2026-03-14 15:31:03.294354,37.60824966430664,67.80138397216797,0.0020112609490752,9.079,-16.057,0.0,0.0,0,0,1,,1.0,2026-03-14T15:31:03.294354,neutral,0.883,2026-03-14T15:31:03.294354,0.6264390520452409,2026-03-14T15:31:03.990000,90,,,
participant_11,3,day,Town10HD_Opt,2026-03-14 15:31:04.223174,38.74950408935547,66.97227478027344,0.0019878004677593,6.989,-14.286,0.0,0.0,0,0,1,,1.0,2026-03-14T15:31:04.223174,neutral,0.883,2026-03-14T15:31:03.294354,0.7115145263383393,2026-03-14T15:31:04.980000,90,,,
participant_11,3,day,Town10HD_Opt,2026-03-14 15:31:05.144273,39.56484603881836,66.255126953125,0.0019713209476321,5.378,-13.667,0.0,0.0,0,0,1,,0.823,2026-03-14T15:31:05.144273,neutral,0.883,2026-03-14T15:31:03.294354,0.6579312201143591,2026-03-14T15:31:05.971000,90,,,
participant_11,3,day,Town10HD_Opt,2026-03-14 15:31:06.119703,40.1680793762207,65.6836929321289,0.001974296523258,4.03,-5.574,0.381,0.0,0,0,1,,1.0,2026-03-14T15:31:06.119703,neutral,0.905,2026-03-14T15:31:06.119703,0.6699200180703714,2026-03-14T15:31:05.971000,88,,,
participant_11,3,day,Town10HD_Opt,2026-03-14 15:31:07.054892,40.96435928344727,64.91503143310547,0.0017124938312917,9.931,-6.642,0.555,0.0,0,0,1,,0.832,2026-03-14T15:31:07.054892,neutral,0.905,2026-03-14T15:31:06.119703,0.6775405756470457,2026-03-14T15:31:07.995000,91,,,
participant_11,3,day,Town10HD_Opt,2026-03-14 15:31:08.260889,43.08533477783203,62.54472351074219,0.0017621993320062,17.238,-8.296,0.47,0.0,0,0,1,,1.0,2026-03-14T15:31:08.260889,neutral,0.896,2026-03-14T15:31:08.260889,0.7120923723819348,2026-03-14T15:31:08.986000,92,,,
participant_11,3,day,Town10HD_Opt,2026-03-14 15:31:09.245267,44.71289825439453,59.83995056152344,0.0020653915125876,18.446,-18.541,0.359,0.0,0,0,1,,1.0,2026-03-14T15:31:09.245267,neutral,0.896,2026-03-14T15:31:08.260889,0.6666647568030759,2026-03-14T15:31:09.976000,91,,,
participant_11,3,day,Town10HD_Opt,2026-03-14 15:31:10.170943,45.48564910888672,56.74066162109375,0.0019249725155532,17.921,-18.016,0.0,0.0,0,0,1,,1.0,2026-03-14T15:31:10.170943,neutral,0.896,2026-03-14T15:31:08.260889,0.6927147782576354,2026-03-14T15:31:10.965000,91,,,
participant_11,3,day,Town10HD_Opt,2026-03-14 15:31:11.159932,45.39802551269531,53.93452835083008,0.002050552284345,13.977,-11.593,0.0,0.0,0,0,1,,1.0,2026-03-14T15:31:11.159932,neutral,0.961,2026-03-14T15:31:11.159932,0.697230745566717,2026-03-14T15:31:12,89,,,
participant_11,3,day,Town10HD_Opt,2026-03-14 15:31:12.163438,45.10001373291016,51.7698860168457,0.0019988249987363,11.327,-2.908,0.39,0.0,0,0,1,,1.0,2026-03-14T15:31:12.163438,neutral,0.961,2026-03-14T15:31:11.159932,0.7017020580293905,2026-03-14T15:31:12.990000,91,,,
participant_11,3,day,Town10HD_Opt,2026-03-14 15:31:13.137290,44.77407455444336,49.51832580566406,0.0017842864617705,15.34,-0.47,0.425,0.0,0,0,1,,0.913,2026-03-14T15:31:13.137290,neutral,0.961,2026-03-14T15:31:11.159932,0.6819070874501744,2026-03-14T15:31:13.980000,89,,,
participant_11,3,day,Town10HD_Opt,2026-03-14 15:31:14.091986,44.40695190429688,46.574745178222656,0.0020784377120435,18.128,2.494,0.425,0.0,0,0,1,,0.882,2026-03-14T15:31:14.091986,neutral,0.848,2026-03-14T15:31:14.091986,0.6511380023297559,2026-03-14T15:31:13.980000,90,,,
participant_11,3,day,Town10HD_Opt,2026-03-14 15:31:15.017105,44.15512466430664,43.34891891479492,0.0019977570045739,19.246,3.266,0.379,0.0,0,0,1,,0.901,2026-03-14T15:31:15.017105,neutral,0.848,2026-03-14T15:31:14.091986,0.7418444538412612,2026-03-14T15:31:15.066000,91,,,
participant_11,3,day,Town10HD_Opt,2026-03-14 15:31:16.234965,44.22831344604492,38.68071746826172,0.0020127869211137,20.832,8.465,0.363,0.0,0,0,1,,1.0,2026-03-14T15:31:16.234965,neutral,0.878,2026-03-14T15:31:16.234965,0.6998825140374345,2026-03-14T15:31:16.995000,93,,,
participant_11,3,day,Town10HD_Opt,2026-03-14 15:31:17.205346,45.03584289550781,35.103416442871094,0.0020485685672611,21.267,16.233,0.347,0.0,0,0,1,,0.89,2026-03-14T15:31:17.205346,neutral,0.878,2026-03-14T15:31:16.234965,0.7496792120169345,2026-03-14T15:31:16.995000,90,Solid line crossing,Solid line crossing,
participant_11,3,day,Town10HD_Opt,2026-03-14 15:31:18.107785,46.89892959594727,31.91362762451172,0.002074813703075,21.212,18.453,0.289,0.0,0,0,1,,1.0,2026-03-14T15:31:18.107785,neutral,0.878,2026-03-14T15:31:16.234965,0.7237175508652789,2026-03-14T15:31:18.976000,89,,,
participant_11,3,day,Town10HD_Opt,2026-03-14 15:31:19.007622,49.5493049621582,29.68707847595215,0.002048950176686,17.832,20.376,0.0,0.0,0,0,1,,1.0,2026-03-14T15:31:19.007622,neutral,0.995,2026-03-14T15:31:19.007622,0.7251256545985801,2026-03-14T15:31:18.976000,89,,,
participant_11,3,day,Town10HD_Opt,2026-03-14 15:31:20.209611,52.90924072265625,28.560009002685547,0.0020481490064412,12.844,13.828,0.0,0.0,0,0,1,,0.903,2026-03-14T15:31:20.209611,neutral,0.995,2026-03-14T15:31:19.007622,0.7497655258518044,2026-03-14T15:31:20.056000,90,,,
participant_11,3,day,Town10HD_Opt,2026-03-14 15:31:21.164024,54.85637664794922,28.23426628112793,0.0020126341842114,9.754,6.379,0.0,0.0,0,0,1,,0.948,2026-03-14T15:31:21.164024,neutral,0.97,2026-03-14T15:31:21.164024,0.8084549614880235,2026-03-14T15:31:21.496000,87,,,
participant_11,3,day,Town10HD_Opt,2026-03-14 15:31:22.094752,56.32932662963867,28.037059783935547,0.0020097349770367,6.962,2.247,0.0,0.053,0,0,1,,0.873,2026-03-14T15:31:22.094752,neutral,0.97,2026-03-14T15:31:21.164024,0.7566879771899012,2026-03-14T15:31:22.127000,87,,,
participant_11,3,day,Town10HD_Opt,2026-03-14 15:31:22.997149,57.08510208129883,27.93380546569824,0.0022413635160773,0.001,0.935,0.0,0.045,0,0,1,,0.867,2026-03-14T15:31:22.997149,neutral,0.97,2026-03-14T15:31:21.164024,0.7399946351377326,2026-03-14T15:31:23.116000,88,,,
participant_11,3,day,Town10HD_Opt,2026-03-14 15:31:24.173920,57.090457916259766,27.93309211730957,0.0019218062516301,0.035,0.978,0.0,0.0,0,0,1,,1.0,2026-03-14T15:31:24.173920,neutral,0.763,2026-03-14T15:31:24.173920,0.7162309228273014,2026-03-14T15:31:25.051000,88,,,
participant_11,3,day,Town10HD_Opt,2026-03-14 15:31:25.063945,57.09299087524414,27.93276596069336,0.0019161605741828,0.174,1.283,0.131,0.0,0,0,1,,1.0,2026-03-14T15:31:25.063945,neutral,0.763,2026-03-14T15:31:24.173920,0.7548913581485382,2026-03-14T15:31:25.996000,91,,,
participant_11,3,day,Town10HD_Opt,2026-03-14 15:31:25.992382,57.22675323486328,27.914663314819336,0.0018490218790248,2.009,1.316,0.236,0.0,0,0,1,,1.0,2026-03-14T15:31:25.992382,neutral,0.763,2026-03-14T15:31:24.173920,0.674677697459889,2026-03-14T15:31:25.996000,90,,,
participant_11,3,day,Town10HD_Opt,2026-03-14 15:31:27.194476,57.96682357788086,27.81797981262207,0.0018845367012545,4.051,1.239,0.094,0.0,0,0,1,,0.82,2026-03-14T15:31:27.194476,neutral,0.977,2026-03-14T15:31:27.194476,0.7279288500399927,2026-03-14T15:31:27.975000,90,,,
participant_11,3,day,Town10HD_Opt,2026-03-14 15:31:28.120939,58.68056488037109,27.728031158447266,0.0019428252708166,3.769,1.222,0.0,0.0,0,0,1,,0.854,2026-03-14T15:31:28.120939,neutral,0.977,2026-03-14T15:31:27.194476,0.7556271839866705,2026-03-14T15:31:27.975000,90,,,
participant_11,3,day,Town10HD_Opt,2026-03-14 15:31:28.991781,59.15549087524414,27.669767379760746,0.0021492384839802,0.0,1.114,0.0,0.099,0,0,1,,0.963,2026-03-14T15:31:28.991781,neutral,0.977,2026-03-14T15:31:27.194476,0.7456343335656311,2026-03-14T15:31:29.281000,91,,,
participant_11,3,day,Town10HD_Opt,2026-03-14 15:31:30.143990,59.15576934814453,27.66973876953125,0.001922111492604,0.0,1.123,0.0,0.074,0,0,1,,0.917,2026-03-14T15:31:30.143990,neutral,0.958,2026-03-14T15:31:30.143990,0.7174910931277507,2026-03-14T15:31:30.991000,89,,,
participant_11,3,day,Town10HD_Opt,2026-03-14 15:31:31.048738,59.15576934814453,27.66973876953125,0.0019198608351871,0.0,1.128,0.0,0.067,0,0,1,,0.916,2026-03-14T15:31:31.048738,neutral,0.958,2026-03-14T15:31:30.143990,0.7387560269742257,2026-03-14T15:31:30.991000,89,,,
participant_11,3,day,Town10HD_Opt,2026-03-14 15:31:32.221971,59.15576934814453,27.66973876953125,0.0019198608351871,0.0,2.553,0.0,0.0,0,0,1,,0.897,2026-03-14T15:31:32.221971,neutral,0.982,2026-03-14T15:31:32.221971,0.7793725937161515,2026-03-14T15:31:33.151000,90,,,
participant_11,3,day,Town10HD_Opt,2026-03-14 15:31:33.118908,59.15621566772461,27.66970634460449,0.0019156646449118,0.173,4.983,0.118,0.0,0,0,1,,0.9,2026-03-14T15:31:33.118908,neutral,0.982,2026-03-14T15:31:32.221971,0.7868095368500903,2026-03-14T15:31:34.050000,91,,,
participant_11,3,day,Town10HD_Opt,2026-03-14 15:31:34.015609,59.19919967651367,27.667097091674805,0.0018873977242037,0.695,9.365,0.0,0.0,0,0,1,,1.0,2026-03-14T15:31:34.015609,neutral,0.982,2026-03-14T15:31:32.221971,0.8755704664466691,2026-03-14T15:31:34.050000,90,,,
participant_11,3,day,Town10HD_Opt,2026-03-14 15:31:35.238821,59.34041213989258,27.659183502197266,0.0019234084757044,0.506,8.556,0.0,0.0,0,0,1,,1.0,2026-03-14T15:31:35.238821,neutral,0.969,2026-03-14T15:31:35.238821,0.8451699525751694,2026-03-14T15:31:36.166000,91,,,
participant_11,3,day,Town10HD_Opt,2026-03-14 15:31:36.170217,59.41855239868164,27.65519523620605,0.0019225310534238,0.39,8.522,0.0,0.0,0,0,1,,0.827,2026-03-14T15:31:36.170217,neutral,0.969,2026-03-14T15:31:35.238821,0.8448314793169817,2026-03-14T15:31:36.166000,88,,,
participant_11,3,day,Town10HD_Opt,2026-03-14 15:31:37.141082,59.47857284545898,27.65086555480957,0.0019216918153688,0.3,2.132,0.0,0.0,0,0,1,,1.0,2026-03-14T15:31:37.141082,neutral,0.969,2026-03-14T15:31:35.238821,0.8677126067975657,2026-03-14T15:31:37.561000,90,,,
participant_11,3,day,Town10HD_Opt,2026-03-14 15:31:38.056368,59.60859680175781,27.634239196777344,0.0017912292387336,2.907,-1.897,0.488,0.0,0,0,1,,1.0,2026-03-14T15:31:38.056368,neutral,0.96,2026-03-14T15:31:38.056368,0.8967027907570055,2026-03-14T15:31:39.001000,86,,,
participant_11,3,day,Town10HD_Opt,2026-03-14 15:31:39.270923,61.27117538452149,27.402006149291992,0.0017230986850336,11.666,-2.021,0.46,0.0,0,0,1,,0.833,2026-03-14T15:31:39.270923,neutral,0.96,2026-03-14T15:31:38.056368,0.911549647165236,2026-03-14T15:31:39.990000,84,,,
participant_11,3,day,Town10HD_Opt,2026-03-14 15:31:40.163991,63.65148162841797,27.022247314453125,0.0018160628387704,15.422,-1.765,0.261,0.0,0,0,1,,0.802,2026-03-14T15:31:40.163991,neutral,0.955,2026-03-14T15:31:40.163991,0.8825285517823604,2026-03-14T15:31:40.981000,87,,,
participant_11,3,day,Town10HD_Opt,2026-03-14 15:31:41.081379,66.341064453125,26.536272048950195,0.0019475554581731,15.196,-0.893,0.0,0.0,0,0,1,,0.896,2026-03-14T15:31:41.081379,neutral,0.955,2026-03-14T15:31:40.163991,0.8714531661335956,2026-03-14T15:31:41.970000,84,,,errors=Harsh braking
participant_11,3,day,Town10HD_Opt,2026-03-14 15:31:42.013906,68.40204620361328,26.14455795288086,0.0021945952903479,7.259,-0.658,0.0,1.0,0,0,1,,0.931,2026-03-14T15:31:42.013906,neutral,0.955,2026-03-14T15:31:40.163991,0.9258323759191937,2026-03-14T15:31:41.970000,83,,,
participant_11,3,day,Town10HD_Opt,2026-03-14 15:31:43.178951,68.64002227783203,26.09834098815918,0.0019351196242496,0.203,-0.421,0.0,0.0,0,0,1,,0.88,2026-03-14T15:31:43.178951,neutral,0.899,2026-03-14T15:31:43.178951,0.8687947866178133,2026-03-14T15:31:43.996000,84,,,
participant_11,3,day,Town10HD_Opt,2026-03-14 15:31:44.030155,68.670654296875,26.09246826171875,0.0019207763252779,0.157,-0.031,0.0,0.0,0,0,1,,0.87,2026-03-14T15:31:44.030155,neutral,0.899,2026-03-14T15:31:43.178951,0.7834914287575773,2026-03-14T15:31:43.996000,83,,,
participant_11,3,day,Town10HD_Opt,2026-03-14 15:31:45.183647,68.69121551513672,26.0886344909668,0.0019185256678611,0.102,0.696,0.016,0.0,0,0,1,,0.838,2026-03-14T15:31:45.183647,neutral,0.889,2026-03-14T15:31:45.183647,0.7918144007587644,2026-03-14T15:31:45.976000,84,,,
participant_11,3,day,Town10HD_Opt,2026-03-14 15:31:46.044756,68.70587158203125,26.08597755432129,0.001918678288348,0.101,0.714,0.016,0.0,0,0,1,,0.852,2026-03-14T15:31:46.044756,neutral,0.889,2026-03-14T15:31:45.183647,0.8358624571153008,2026-03-14T15:31:45.976000,83,,,
participant_11,3,day,Town10HD_Opt,2026-03-14 15:31:47.222192,68.72412109375,26.08261108398437,0.001919021597132,0.092,0.726,0.014,0.0,0,0,1,,0.841,2026-03-14T15:31:47.222192,neutral,0.842,2026-03-14T15:31:47.222192,0.6876783068954925,2026-03-14T15:31:48.046000,81,,,
participant_11,3,day,Town10HD_Opt,2026-03-14 15:31:48.091925,68.73656463623047,26.080322265625,0.0019188689766451,0.087,0.766,0.013,0.0,0,0,1,,0.884,2026-03-14T15:31:48.091925,neutral,0.842,2026-03-14T15:31:47.222192,0.6219668844343349,2026-03-14T15:31:48.991000,81,,,
participant_11,3,day,Town10HD_Opt,2026-03-14 15:31:49.230610,68.75212097167969,26.07749938964844,0.0019188689766451,0.083,0.902,0.013,0.0,0,0,1,,1.0,2026-03-14T15:31:49.230610,neutral,0.81,2026-03-14T15:31:49.230610,0.6161337337885221,2026-03-14T15:31:49.981000,79,,,
participant_11,3,day,Town10HD_Opt,2026-03-14 15:31:50.095281,68.763427734375,26.07545661926269,0.0019187163561582,0.082,0.902,0.013,0.0,0,0,1,,1.0,2026-03-14T15:31:50.095281,neutral,0.81,2026-03-14T15:31:49.230610,0.5943068590464013,2026-03-14T15:31:50.971000,83,,,
participant_11,3,day,Town10HD_Opt,2026-03-14 15:31:51.017014,68.77449798583984,26.073415756225582,0.0019188307924196,0.081,0.902,0.012,0.0,0,0,1,,0.839,2026-03-14T15:31:51.017014,neutral,0.81,2026-03-14T15:31:49.230610,0.5511671145236052,2026-03-14T15:31:50.971000,81,,,
participant_11,3,day,Town10HD_Opt,2026-03-14 15:31:52.198925,68.78893280029297,26.070804595947266,0.0019188307924196,0.079,0.905,0.012,0.0,0,0,1,,0.85,2026-03-14T15:31:52.198925,happy,0.696,2026-03-14T15:31:52.198925,0.5526533362852623,2026-03-14T15:31:52.997000,84,,,
participant_11,3,day,Town10HD_Opt,2026-03-14 15:31:53.106981,68.79946899414062,26.068893432617188,0.0019187545403838,0.078,0.907,0.012,0.0,0,0,1,,0.829,2026-03-14T15:31:53.106981,happy,0.696,2026-03-14T15:31:52.198925,0.5193115552237519,2026-03-14T15:31:53.985000,84,,,
participant_11,3,day,Town10HD_Opt,2026-03-14 15:31:54.256296,68.81328582763672,26.06640625,0.0019187545403838,0.077,0.907,0.013,0.0,0,0,1,,1.0,2026-03-14T15:31:54.256296,neutral,0.98,2026-03-14T15:31:54.256296,0.5557803448989633,2026-03-14T15:31:54.977000,84,,,
participant_11,3,day,Town10HD_Opt,2026-03-14 15:31:55.130423,68.8345718383789,26.062519073486328,0.0019161986419931,0.177,0.726,0.0,0.0,0,0,1,,1.0,2026-03-14T15:31:55.130423,neutral,0.98,2026-03-14T15:31:54.256296,0.4192823454765066,2026-03-14T15:31:54.977000,88,,,
participant_11,3,day,Town10HD_Opt,2026-03-14 15:31:56.002848,68.861328125,26.057621002197266,0.0019200133392587,0.138,0.728,0.0,0.0,0,0,1,,0.801,2026-03-14T15:31:56.002848,neutral,0.98,2026-03-14T15:31:54.256296,0.4130700633629677,2026-03-14T15:31:56.149000,89,,,
participant_11,3,day,Town10HD_Opt,2026-03-14 15:31:57.141909,68.88762664794922,26.05280494689941,0.0019197463989257,0.098,0.738,0.0,0.0,0,0,1,,1.0,2026-03-14T15:31:57.141909,sad,0.775,2026-03-14T15:31:57.141909,0.4308007923305546,2026-03-14T15:31:58.081000,86,,,
participant_11,3,day,Town10HD_Opt,2026-03-14 15:31:58.003518,68.902099609375,26.050161361694336,0.0019195937784388,0.076,0.738,0.0,0.0,0,0,1,,0.895,2026-03-14T15:31:58.003518,sad,0.775,2026-03-14T15:31:57.141909,0.3939751658841524,2026-03-14T15:31:58.081000,89,,,
participant_11,3,day,Town10HD_Opt,2026-03-14 15:31:59.111722,68.91629028320312,26.047563552856445,0.001919517526403,0.055,0.738,0.0,0.0,0,0,1,,0.867,2026-03-14T15:31:59.111722,sad,0.775,2026-03-14T15:31:57.141909,0.4984944083112443,2026-03-14T15:32:00.060000,87,,,
participant_11,3,day,Town10HD_Opt,2026-03-14 15:32:00.255305,68.9262924194336,26.045743942260746,0.001919288537465,0.039,0.773,0.0,0.0,0,0,1,,0.803,2026-03-14T15:32:00.255305,sad,0.772,2026-03-14T15:32:00.255305,0.4388524909228839,2026-03-14T15:32:01.006000,85,,,
participant_11,3,day,Town10HD_Opt,2026-03-14 15:32:01.176199,68.93179321289062,26.04473304748535,0.0019191741012036,0.155,0.771,0.04,0.0,0,0,1,,0.831,2026-03-14T15:32:01.176199,sad,0.772,2026-03-14T15:32:00.255305,0.4103423046099981,2026-03-14T15:32:02.041000,87,,,
participant_11,3,day,Town10HD_Opt,2026-03-14 15:32:02.098770,69.25929260253906,25.98583984375,0.0016284942394122,6.893,1.119,0.811,0.0,0,0,1,,1.0,2026-03-14T15:32:02.098770,sad,0.772,2026-03-14T15:32:00.255305,0.4856863206740333,2026-03-14T15:32:02.041000,88,,,
participant_11,3,day,Town10HD_Opt,2026-03-14 15:32:03.023142,71.3826675415039,25.65289306640625,0.0015550231328234,18.372,3.775,0.711,0.0,0,0,1,,0.811,2026-03-14T15:32:03.023142,neutral,0.948,2026-03-14T15:32:03.023142,0.4282424431629861,2026-03-14T15:32:03.078000,86,,,
participant_11,3,day,Town10HD_Opt,2026-03-14 15:32:04.243632,75.7640609741211,25.234819412231445,0.0019297789549455,16.558,3.151,0.0,0.188,0,0,1,,0.816,2026-03-14T15:32:04.243632,neutral,0.948,2026-03-14T15:32:03.023142,0.4021842422269533,2026-03-14T15:32:05.191000,83,,,
participant_11,3,day,Town10HD_Opt,2026-03-14 15:32:05.124374,78.29712677001953,25.14693260192871,0.0020389938727021,12.461,2.471,0.206,0.0,0,0,1,,1.0,2026-03-14T15:32:05.124374,happy,0.683,2026-03-14T15:32:05.124374,0.3792721085989258,2026-03-14T15:32:05.191000,84,,,
participant_11,3,day,Town10HD_Opt,2026-03-14 15:32:06.058831,80.61408996582031,25.128246307373047,0.0017562865978106,16.074,1.558,0.62,0.0,0,0,1,,0.887,2026-03-14T15:32:06.058831,happy,0.683,2026-03-14T15:32:05.124374,0.4317711766291061,2026-03-14T15:32:06.766000,86,,,
participant_11,3,day,Town10HD_Opt,2026-03-14 15:32:07.250208,85.04476165771484,25.19795608520508,0.0019009780371561,22.024,0.606,0.526,0.0,0,0,1,,1.0,2026-03-14T15:32:07.250208,neutral,0.896,2026-03-14T15:32:07.250208,0.4234276156214667,2026-03-14T15:32:08.027000,86,,,
participant_11,3,day,Town10HD_Opt,2026-03-14 15:32:08.141349,89.23587036132812,25.28800201416016,0.0019164275145158,26.036,-2.12,0.46,0.0,0,0,1,,1.0,2026-03-14T15:32:08.141349,neutral,0.896,2026-03-14T15:32:07.250208,0.4258119211956863,2026-03-14T15:32:08.971000,88,,,
participant_11,3,day,Town10HD_Opt,2026-03-14 15:32:09.034468,93.70223236083984,25.12399101257324,0.0022021865006536,22.867,-7.142,0.0,0.0,0,0,1,,0.829,2026-03-14T15:32:09.034468,neutral,0.896,2026-03-14T15:32:07.250208,0.4307854258837246,2026-03-14T15:32:08.971000,86,,,
participant_11,3,day,Town10HD_Opt,2026-03-14 15:32:10.208378,98.01748657226562,23.98297119140625,0.0020276641007512,15.848,-18.174,0.0,0.0,0,0,1,,0.814,2026-03-14T15:32:10.208378,neutral,0.768,2026-03-14T15:32:10.208378,0.453561343989791,2026-03-14T15:32:10.996000,85,,,
participant_11,3,day,Town10HD_Opt,2026-03-14 15:32:11.170518,100.10198974609376,22.59543228149414,0.0019639206584542,13.933,-17.483,0.339,0.0,0,0,1,,1.0,2026-03-14T15:32:11.170518,neutral,0.768,2026-03-14T15:32:10.208378,0.3624198382775863,2026-03-14T15:32:11.986000,84,,,
participant_11,3,day,Town10HD_Opt,2026-03-14 15:32:12.122015,101.88368225097656,20.7341423034668,0.0018778227968141,15.764,-15.12,0.311,0.0,0,0,1,,1.0,2026-03-14T15:32:12.122015,neutral,0.768,2026-03-14T15:32:10.208378,0.4830099040825044,2026-03-14T15:32:12.977000,86,,,
participant_11,3,day,Town10HD_Opt,2026-03-14 15:32:13.009584,103.44651794433594,18.35076141357422,0.0019043349893763,16.701,-12.12,0.207,0.0,0,0,1,,1.0,2026-03-14T15:32:13.009584,neutral,0.931,2026-03-14T15:32:13.009584,0.4655400388884742,2026-03-14T15:32:12.977000,86,Red light violation,Red light violation,
participant_11,3,day,Town10HD_Opt,2026-03-14 15:32:14.205846,104.82806396484376,14.897689819335938,0.0019799803849309,14.74,-7.14,0.0,0.0,0,0,1,,0.83,2026-03-14T15:32:14.205846,neutral,0.931,2026-03-14T15:32:13.009584,0.4552287561976594,2026-03-14T15:32:15.001000,88,,,
participant_11,3,day,Town10HD_Opt,2026-03-14 15:32:15.086303,105.34148406982422,12.661832809448242,0.0020329284016042,11.337,-13.648,0.0,0.0,0,0,1,,0.801,2026-03-14T15:32:15.086303,neutral,0.896,2026-03-14T15:32:15.086303,0.3732907446833194,2026-03-14T15:32:15.990000,87,,,
participant_11,3,day,Town10HD_Opt,2026-03-14 15:32:15.990727,105.49624633789062,10.905527114868164,0.0019981001969426,8.919,-6.099,0.227,0.0,0,0,1,,0.937,2026-03-14T15:32:15.990727,neutral,0.896,2026-03-14T15:32:15.086303,0.3529795605059708,2026-03-14T15:32:15.990000,86,,,
participant_11,3,day,Town10HD_Opt,2026-03-14 15:32:17.215514,105.65785217285156,8.561742782592773,0.0018437957623973,11.729,-1.695,0.302,0.0,0,0,1,,0.894,2026-03-14T15:32:17.215514,neutral,0.871,2026-03-14T15:32:17.215514,0.3817351894958669,2026-03-14T15:32:17.971000,89,,,
participant_11,3,day,Town10HD_Opt,2026-03-14 15:32:18.085094,105.7883071899414,6.344776630401611,0.0018525695195421,13.796,-1.201,0.304,0.0,0,0,1,,0.837,2026-03-14T15:32:18.085094,neutral,0.871,2026-03-14T15:32:17.215514,0.3888766182850257,2026-03-14T15:32:17.971000,87,,,
participant_11,3,day,Town10HD_Opt,2026-03-14 15:32:19.264495,105.95721435546876,2.888664484024048,0.0018696594052016,15.918,-0.717,0.303,0.0,0,0,1,,1.0,2026-03-14T15:32:19.264495,neutral,0.453,2026-03-14T15:32:19.264495,0.411827296769498,2026-03-14T15:32:19.051000,88,,,
participant_11,3,day,Town10HD_Opt,2026-03-14 15:32:20.120038,106.06414031982422,0.0011507034068927,0.001877975417301,17.191,-0.717,0.305,0.0,0,0,1,,0.911,2026-03-14T15:32:20.120038,neutral,0.453,2026-03-14T15:32:19.264495,0.370969282284404,2026-03-14T15:32:20.401000,89,,,
participant_11,3,day,Town10HD_Opt,2026-03-14 15:32:20.994656,106.143798828125,-3.065103769302368,0.001900787348859,17.819,-0.696,0.261,0.0,0,0,1,,0.956,2026-03-14T15:32:20.994656,neutral,0.453,2026-03-14T15:32:19.264495,0.4143926581668422,2026-03-14T15:32:21.257000,88,,,
participant_11,3,day,Town10HD_Opt,2026-03-14 15:32:22.179544,106.19742584228516,-7.026920795440674,0.0020521925762295,14.405,-0.038,0.0,0.095,0,0,1,,0.918,2026-03-14T15:32:22.179544,neutral,0.951,2026-03-14T15:32:22.179544,0.3636409838886877,2026-03-14T15:32:22.426000,87,,,
participant_11,3,day,Town10HD_Opt,2026-03-14 15:32:23.052313,106.22054290771484,-9.214157104492188,0.0020282745826989,10.643,0.172,0.0,0.0,0,0,1,,1.0,2026-03-14T15:32:23.052313,neutral,0.951,2026-03-14T15:32:22.179544,0.3794486962550992,2026-03-14T15:32:23.462000,86,,,
participant_11,3,day,Town10HD_Opt,2026-03-14 15:32:24.210149,106.26368713378906,-11.729228019714355,0.0017259978922083,14.276,0.691,0.677,0.0,0,0,1,,0.835,2026-03-14T15:32:24.210149,neutral,0.676,2026-03-14T15:32:24.210149,0.4064509061679772,2026-03-14T15:32:23.462000,87,,,
participant_11,3,day,Town10HD_Opt,2026-03-14 15:32:25.086702,106.34674835205078,-14.742770195007324,0.002012176439166,19.044,0.726,0.512,0.0,0,0,1,,0.929,2026-03-14T15:32:25.086702,neutral,0.676,2026-03-14T15:32:24.210149,0.3824087669042302,2026-03-14T15:32:23.462000,85,,,
participant_11,3,day,Town10HD_Opt,2026-03-14 15:32:26.256897,106.5864028930664,-19.29927635192871,0.0019864654168486,17.656,2.351,0.0,0.0,0,0,1,,1.0,2026-03-14T15:32:26.256897,neutral,0.904,2026-03-14T15:32:26.256897,0.3325051473381,2026-03-14T15:32:27.062000,92,,,
participant_11,3,day,Town10HD_Opt,2026-03-14 15:32:27.131269,106.89007568359376,-22.05071258544922,0.002043189946562,13.865,3.259,0.008,0.0,0,0,1,,1.0,2026-03-14T15:32:27.131269,neutral,0.904,2026-03-14T15:32:26.256897,0.3094612009843384,2026-03-14T15:32:28.051000,98,,,
participant_11,3,day,Town10HD_Opt,2026-03-14 15:32:27.994243,107.24754333496094,-24.338302612304688,0.0018652725266292,14.2,2.217,0.415,0.0,0,0,1,,1.0,2026-03-14T15:32:27.994243,neutral,0.904,2026-03-14T15:32:26.256897,0.3881453264976033,2026-03-14T15:32:28.051000,96,,,
participant_11,3,day,Town10HD_Opt,2026-03-14 15:32:29.135655,107.8693618774414,-28.10135841369629,0.0020853041205555,18.271,-3.426,0.399,0.0,0,0,1,,1.0,2026-03-14T15:32:29.135655,neutral,0.752,2026-03-14T15:32:29.135655,0.3503892278006113,2026-03-14T15:32:28.996000,97,,,
participant_11,3,day,Town10HD_Opt,2026-03-14 15:32:30.026656,108.08180236816406,-31.274513244628903,0.0020268631633371,18.56,-11.74,0.38,0.0,0,0,1,,0.856,2026-03-14T15:32:30.026656,neutral,0.752,2026-03-14T15:32:29.135655,0.3570318524633699,2026-03-14T15:32:30.977000,95,,,
participant_11,3,day,Town10HD_Opt,2026-03-14 15:32:31.165912,107.4068832397461,-35.7308235168457,0.0020103836432099,20.319,-6.398,0.376,0.0,0,0,1,,0.845,2026-03-14T15:32:31.165912,neutral,0.777,2026-03-14T15:32:31.165912,0.3323460550373331,2026-03-14T15:32:32.012000,92,,,
participant_11,3,day,Town10HD_Opt,2026-03-14 15:32:32.064077,106.3124771118164,-39.18490219116211,0.002013664226979,21.278,-6.168,0.376,0.0,0,0,1,,1.0,2026-03-14T15:32:32.064077,neutral,0.777,2026-03-14T15:32:31.165912,0.2612747572398844,2026-03-14T15:32:33.001000,90,,,
participant_11,3,day,Town10HD_Opt,2026-03-14 15:32:33.217909,104.09441375732422,-43.75699234008789,0.0020206070039421,22.422,-6.59,0.375,0.0,0,0,1,,1.0,2026-03-14T15:32:33.217909,neutral,0.764,2026-03-14T15:32:33.217909,0.2978059778176234,2026-03-14T15:32:33.991000,89,,,
participant_11,3,day,Town10HD_Opt,2026-03-14 15:32:34.100235,101.89163208007812,-47.07722854614258,0.0020193480886518,23.183,-2.826,0.375,0.0,0,0,1,,0.864,2026-03-14T15:32:34.100235,neutral,0.764,2026-03-14T15:32:33.217909,0.271636400129558,2026-03-14T15:32:33.991000,89,,,
participant_11,3,day,Town10HD_Opt,2026-03-14 15:32:35.240903,98.47210693359376,-51.46640396118164,0.0019615553319454,24.6,-3.014,0.375,0.0,0,0,1,,1.0,2026-03-14T15:32:35.240903,neutral,0.804,2026-03-14T15:32:35.240903,0.2529961973206957,2026-03-14T15:32:33.991000,91,,,
participant_11,3,day,Town10HD_Opt,2026-03-14 15:32:36.180604,95.51683044433594,-54.638309478759766,0.0020196533296257,25.233,-3.712,0.375,0.0,0,0,1,,0.933,2026-03-14T15:32:36.180604,neutral,0.804,2026-03-14T15:32:35.240903,0.3495378127384989,2026-03-14T15:32:36.422000,89,,,
participant_11,3,day,Town10HD_Opt,2026-03-14 15:32:37.069061,92.200439453125,-57.59938049316406,0.0020236587151885,25.823,-3.964,0.375,0.0,0,0,1,,0.924,2026-03-14T15:32:37.069061,neutral,0.804,2026-03-14T15:32:35.240903,0.3253779702886383,2026-03-14T15:32:37.143000,91,,,
participant_11,3,day,Town10HD_Opt,2026-03-14 15:32:38.235243,87.24571228027344,-61.1163215637207,0.0020270156674087,26.521,-3.624,0.375,0.0,0,0,1,,0.945,2026-03-14T15:32:38.235243,neutral,0.992,2026-03-14T15:32:38.235243,0.2575563915893284,2026-03-14T15:32:38.042000,90,,,
participant_11,3,day,Town10HD_Opt,2026-03-14 15:32:39.084374,83.18299865722656,-63.38717651367188,0.0020290755201131,26.945,-3.636,0.375,0.0,0,0,1,,0.882,2026-03-14T15:32:39.084374,neutral,0.992,2026-03-14T15:32:38.235243,0.1975409229601899,2026-03-14T15:32:39.301000,91,,,
participant_11,3,day,Town10HD_Opt,2026-03-14 15:32:40.242060,77.36860656738281,-65.841064453125,0.0020317840389907,27.422,-4.03,0.375,0.0,0,0,1,,0.909,2026-03-14T15:32:40.242060,neutral,0.805,2026-03-14T15:32:40.242060,0.1854025272331849,2026-03-14T15:32:41.012000,91,,,
participant_11,3,day,Town10HD_Opt,2026-03-14 15:32:41.121490,72.74828338623047,-67.14674377441406,0.0020344543736428,27.717,-4.636,0.375,0.0,0,0,1,,0.868,2026-03-14T15:32:41.121490,neutral,0.805,2026-03-14T15:32:40.242060,0.1558619899200641,2026-03-14T15:32:42.001000,92,,,
participant_11,3,day,Town10HD_Opt,2026-03-14 15:32:42.031474,67.95751190185547,-67.90567779541016,0.0020352553110569,27.978,-4.195,0.375,0.0,0,0,1,,1.0,2026-03-14T15:32:42.031474,neutral,0.805,2026-03-14T15:32:40.242060,0.210109727673578,2026-03-14T15:32:42.001000,90,,,
participant_11,3,day,Town10HD_Opt,2026-03-14 15:32:43.214659,61.42818069458008,-68.16204071044922,0.0020361708011478,28.26,-1.222,0.373,0.0,0,0,1,,0.937,2026-03-14T15:32:43.214659,neutral,0.938,2026-03-14T15:32:43.214659,0.1759001687969624,2026-03-14T15:32:43.171000,94,,,
participant_11,3,day,Town10HD_Opt,2026-03-14 15:32:44.121651,56.48683166503906,-68.08142852783203,0.0020365524105727,28.42,0.172,0.373,0.0,0,0,1,,0.908,2026-03-14T15:32:44.121651,neutral,0.938,2026-03-14T15:32:43.214659,0.1320494015876169,2026-03-14T15:32:44.566000,93,,,
participant_11,3,day,Town10HD_Opt,2026-03-14 15:32:45.010669,51.51935577392578,-67.97433471679688,0.0020370483398437,28.56,0.461,0.373,0.0,0,0,1,,1.0,2026-03-14T15:32:45.010669,neutral,0.938,2026-03-14T15:32:43.214659,0.2101913074646172,2026-03-14T15:32:45.691000,91,,,
participant_11,3,day,Town10HD_Opt,2026-03-14 15:32:46.201176,44.85984802246094,-67.86165618896484,0.0020378874614834,28.72,0.12,0.373,0.0,0,0,1,,0.867,2026-03-14T15:32:46.201176,neutral,0.876,2026-03-14T15:32:46.201176,0.077350475549142,2026-03-14T15:32:47.042000,90,,,
participant_11,3,day,Town10HD_Opt,2026-03-14 15:32:47.100005,39.84200286865234,-67.77650451660156,0.00203842157498,28.831,0.12,0.422,0.0,0,0,1,,0.902,2026-03-14T15:32:47.100005,neutral,0.876,2026-03-14T15:32:46.201176,0.1690856636092529,2026-03-14T15:32:47.042000,88,,,
participant_11,3,day,Town10HD_Opt,2026-03-14 15:32:48.256093,32.56696319580078,-67.64231872558594,0.0018281936645507,35.684,0.122,0.665,0.0,0,0,1,,0.907,2026-03-14T15:32:48.256093,neutral,0.855,2026-03-14T15:32:48.256093,0.125371088690363,2026-03-14T15:32:48.166000,90,,,
participant_11,3,day,Town10HD_Opt,2026-03-14 15:32:49.123840,25.87786102294922,-67.5394287109375,0.0018999861786141,40.601,0.122,0.57,0.0,0,0,1,,0.839,2026-03-14T15:32:49.123840,neutral,0.855,2026-03-14T15:32:48.256093,0.0932982342493095,2026-03-14T15:32:49.337000,88,,,
participant_11,3,day,Town10HD_Opt,2026-03-14 15:32:49.991631,18.747634887695312,-67.45881652832031,0.0021897505503147,38.217,0.143,0.0,0.0,0,0,1,,0.837,2026-03-14T15:32:49.991631,neutral,0.855,2026-03-14T15:32:48.256093,0.0353829570321375,2026-03-14T15:32:50.146000,88,,,
participant_11,3,day,Town10HD_Opt,2026-03-14 15:32:51.143115,11.08031940460205,-67.41353607177734,0.0022979734931141,27.156,0.167,0.0,0.0,0,0,1,,0.967,2026-03-14T15:32:51.143115,neutral,0.96,2026-03-14T15:32:51.143115,0.137709553360751,2026-03-14T15:32:51.001000,89,,,
participant_11,3,day,Town10HD_Opt,2026-03-14 15:32:52.064808,6.878149032592773,-67.41742706298828,0.0022555158939212,20.491,0.545,0.0,0.0,0,0,1,,0.857,2026-03-14T15:32:52.064808,neutral,0.96,2026-03-14T15:32:51.143115,0.1674581923743759,2026-03-14T15:32:52.532000,91,,,
participant_11,3,day,Town10HD_Opt,2026-03-14 15:32:53.231683,2.617817640304565,-67.46488952636719,0.0019379042787477,17.304,0.364,0.216,0.0,0,0,1,,0.854,2026-03-14T15:32:53.231683,neutral,0.927,2026-03-14T15:32:53.231683,0.1019857752106477,2026-03-14T15:32:53.972000,91,,,
participant_11,3,day,Town10HD_Opt,2026-03-14 15:32:54.084376,-0.3684142231941223,-67.51763916015625,0.0019343948224559,16.808,0.268,0.22,0.0,0,0,1,,0.978,2026-03-14T15:32:54.084376,neutral,0.927,2026-03-14T15:32:53.231683,0.147448487169578,2026-03-14T15:32:54.511000,90,,,
participant_11,3,day,Town10HD_Opt,2026-03-14 15:32:55.233232,-4.338264465332031,-67.6070327758789,0.001907653757371,17.087,0.268,0.0,0.0,0,0,1,,0.967,2026-03-14T15:32:55.233232,neutral,0.937,2026-03-14T15:32:55.233232,0.1104671448624542,2026-03-14T15:32:56.132000,86,,,
participant_11,3,day,Town10HD_Opt,2026-03-14 15:32:56.078833,-6.973321914672852,-67.678466796875,0.0020859909709542,11.864,0.251,0.0,0.312,0,0,1,,0.962,2026-03-14T15:32:56.078833,neutral,0.937,2026-03-14T15:32:55.233232,0.1667394542994514,2026-03-14T15:32:56.132000,87,,,
participant_11,3,day,Town10HD_Opt,2026-03-14 15:32:57.224743,-9.20414924621582,-67.74665832519531,0.0019970701541751,7.652,0.251,0.0,0.0,0,0,1,,0.963,2026-03-14T15:32:57.224743,neutral,0.937,2026-03-14T15:32:55.233232,0.0746057404292125,2026-03-14T15:32:57.661000,87,,,
participant_11,3,day,Town10HD_Opt,2026-03-14 15:32:58.055284,-10.39603328704834,-67.78604125976562,0.0019754790700972,5.874,0.251,0.0,0.0,0,0,1,,0.976,2026-03-14T15:32:58.055284,neutral,0.98,2026-03-14T15:32:58.055284,0.1581132462061921,2026-03-14T15:32:58.201000,86,,,
participant_11,3,day,Town10HD_Opt,2026-03-14 15:32:59.188336,-11.525933265686035,-67.82524871826172,0.0019244384020566,4.489,0.242,0.175,0.0,0,0,1,,0.967,2026-03-14T15:32:59.188336,neutral,0.98,2026-03-14T15:32:58.055284,0.0207926240376662,2026-03-14T15:32:59.192000,86,,,
participant_11,3,day,Town10HD_Opt,2026-03-14 15:33:00.076453,-12.398239135742188,-67.856689453125,0.0018790053436532,5.664,0.24,0.189,0.0,0,0,1,,0.938,2026-03-14T15:33:00.076453,neutral,0.981,2026-03-14T15:33:00.076453,0.0777451526053727,2026-03-14T15:33:00.362000,87,,,
participant_11,3,day,Town10HD_Opt,2026-03-14 15:33:01.194109,-13.791709899902344,-67.90850067138672,0.0019278335385024,5.639,0.042,0.0,0.108,0,0,1,,0.925,2026-03-14T15:33:01.194109,neutral,0.981,2026-03-14T15:33:00.076453,0.0861553263826181,2026-03-14T15:33:01.172000,87,,,
participant_11,3,day,Town10HD_Opt,2026-03-14 15:33:02.064973,-13.949661254882812,-67.91427612304688,0.001973228296265,0.0,0.035,0.0,0.326,0,0,1,,1.0,2026-03-14T15:33:02.064973,neutral,0.981,2026-03-14T15:33:00.076453,0.1340883084637794,2026-03-14T15:33:02.522000,88,,,
participant_11,3,day,Town10HD_Opt,2026-03-14 15:33:03.149808,-13.94974136352539,-67.9142837524414,0.0019203567644581,0.0,0.054,0.0,0.0,0,0,1,,0.889,2026-03-14T15:33:03.149808,neutral,0.951,2026-03-14T15:33:03.149808,0.103186379616199,2026-03-14T15:33:03.243000,90,,,
participant_11,3,day,Town10HD_Opt,2026-03-14 15:33:04.264929,-13.949742317199709,-67.9142837524414,0.0019194411579519,0.0,0.054,0.0,0.0,0,0,1,,0.958,2026-03-14T15:33:04.264929,neutral,0.951,2026-03-14T15:33:03.149808,0.1084910779288976,2026-03-14T15:33:04.186000,88,,,
participant_11,3,day,Town10HD_Opt,2026-03-14 15:33:05.142025,-13.949742317199709,-67.9142837524414,0.0019194411579519,0.0,0.056,0.0,0.0,0,0,1,,0.963,2026-03-14T15:33:05.142025,neutral,0.951,2026-03-14T15:33:03.149808,0.1473648035283563,2026-03-14T15:33:06.031000,90,,,
participant_11,3,day,Town10HD_Opt,2026-03-14 15:33:06.010533,-13.955854415893556,-67.91445922851562,0.0019175338093191,0.072,0.068,0.05,0.0,0,0,1,,0.83,2026-03-14T15:33:06.010533,neutral,0.935,2026-03-14T15:33:06.010533,0.1494316798177805,2026-03-14T15:33:06.031000,89,,,
participant_11,3,day,Town10HD_Opt,2026-03-14 15:33:07.134476,-13.9805908203125,-67.91539001464844,0.0019139099167659,0.217,0.073,0.073,0.0,0,0,1,,0.956,2026-03-14T15:33:07.134476,neutral,0.935,2026-03-14T15:33:06.010533,0.1144137117954109,2026-03-14T15:33:07.247000,88,,,
participant_11,3,day,Town10HD_Opt,2026-03-14 15:33:08.227226,-14.090672492980955,-67.91946411132812,0.0019121170043945,0.721,0.073,0.0,0.0,0,0,1,,0.957,2026-03-14T15:33:08.227226,neutral,0.984,2026-03-14T15:33:08.227226,0.1418158090360493,2026-03-14T15:33:09.092000,87,,,
participant_11,3,day,Town10HD_Opt,2026-03-14 15:33:09.052253,-14.202570915222168,-67.9236068725586,0.0019238662207499,0.556,0.073,0.0,0.0,0,0,1,,0.973,2026-03-14T15:33:09.052253,neutral,0.984,2026-03-14T15:33:08.227226,0.1794974121779395,2026-03-14T15:33:09.991000,88,,,
participant_11,3,day,Town10HD_Opt,2026-03-14 15:33:10.197662,-14.32011890411377,-67.92801666259766,0.0018736267229542,1.506,0.073,0.458,0.0,0,0,1,,0.838,2026-03-14T15:33:10.197662,neutral,0.984,2026-03-14T15:33:08.227226,0.2656176336825327,2026-03-14T15:33:11.071000,89,,,
participant_11,3,day,Town10HD_Opt,2026-03-14 15:33:11.094915,-15.033575057983398,-67.95467376708984,0.0017102813581004,7.46,0.073,0.37,0.0,0,0,1,,0.972,2026-03-14T15:33:11.094915,neutral,0.978,2026-03-14T15:33:11.094915,0.3430188740150321,2026-03-14T15:33:12.017000,93,,,
participant_11,3,day,Town10HD_Opt,2026-03-14 15:33:11.991883,-16.67597007751465,-68.017822265625,0.0017932510236278,11.429,0.073,0.365,0.0,0,0,1,,0.919,2026-03-14T15:33:11.991883,neutral,0.978,2026-03-14T15:33:11.094915,0.2959211838329149,2026-03-14T15:33:12.017000,90,,,
participant_11,3,day,Town10HD_Opt,2026-03-14 15:33:13.097759,-19.605287551879883,-68.13399505615234,0.0019893264397978,11.604,0.045,0.0,0.0,0,0,1,,0.919,2026-03-14T15:33:13.097759,neutral,0.919,2026-03-14T15:33:13.097759,0.2372516870330946,2026-03-14T15:33:13.052000,93,,,
participant_11,3,day,Town10HD_Opt,2026-03-14 15:33:14.207785,-21.91611862182617,-68.22711181640625,0.0019969176501035,8.159,0.045,0.0,0.0,0,0,1,,0.949,2026-03-14T15:33:14.207785,neutral,0.919,2026-03-14T15:33:13.097759,0.2981905534774717,2026-03-14T15:33:15.077000,89,,,
participant_11,3,day,Town10HD_Opt,2026-03-14 15:33:15.088240,-23.18074607849121,-68.27861785888672,0.0019935225136578,6.05,0.04,0.091,0.0,0,0,1,,0.964,2026-03-14T15:33:15.088240,neutral,0.919,2026-03-14T15:33:13.097759,0.2814748841519773,2026-03-14T15:33:15.077000,90,,,
participant_11,3,day,Town10HD_Opt,2026-03-14 15:33:16.221961,-24.825910568237305,-68.3460693359375,0.0016921615460887,11.367,0.035,0.783,0.0,0,0,1,,0.953,2026-03-14T15:33:16.221961,neutral,0.963,2026-03-14T15:33:16.221961,0.3038181345861644,2026-03-14T15:33:17.057000,87,,,
participant_11,3,day,Town10HD_Opt,2026-03-14 15:33:17.073351,-27.682315826416016,-68.4642333984375,0.0018482588930055,22.038,0.014,0.84,0.0,0,0,1,,0.956,2026-03-14T15:33:17.073351,neutral,0.963,2026-03-14T15:33:16.221961,0.3179258215154832,2026-03-14T15:33:18.002000,85,,,errors=Red light violation
participant_11,3,day,Town10HD_Opt,2026-03-14 15:33:18.212305,-34.364234924316406,-68.69242858886719,0.0016718673286959,36.783,-0.557,0.789,0.0,0,0,1,,0.937,2026-03-14T15:33:18.212305,neutral,0.963,2026-03-14T15:33:16.221961,0.324625612233975,2026-03-14T15:33:18.002000,84,,,
participant_11,3,day,Town10HD_Opt,2026-03-14 15:33:19.118479,-41.0664291381836,-68.80657196044922,0.0021972274407744,35.737,-0.407,0.0,0.0,0,0,1,,0.934,2026-03-14T15:33:19.118479,neutral,0.988,2026-03-14T15:33:19.118479,0.2506907720058733,2026-03-14T15:33:19.982000,86,,,
participant_11,3,day,Town10HD_Opt,2026-03-14 15:33:19.991470,-46.64524459838867,-68.83378601074219,0.0023117065429687,27.778,-0.27,0.0,0.27,0,0,1,,0.953,2026-03-14T15:33:19.991470,neutral,0.988,2026-03-14T15:33:19.118479,0.295768303743098,2026-03-14T15:33:19.982000,87,,,errors=Harsh braking
participant_11,3,day,Town10HD_Opt,2026-03-14 15:33:21.116937,-50.38047790527344,-68.826904296875,0.0026611709035933,0.002,-0.308,0.0,1.0,0,0,1,,1.0,2026-03-14T15:33:21.116937,neutral,0.988,2026-03-14T15:33:19.118479,0.3328375860616307,2026-03-14T15:33:22.007000,86,,,
participant_11,3,day,Town10HD_Opt,2026-03-14 15:33:22.217038,-50.381961822509766,-68.82689666748047,0.0019270705524832,0.002,-0.305,0.0,0.0,0,0,1,,0.93,2026-03-14T15:33:22.217038,neutral,0.904,2026-03-14T15:33:22.217038,0.43591367529801,2026-03-14T15:33:23.132000,85,,,
participant_11,3,day,Town10HD_Opt,2026-03-14 15:33:23.049604,-50.38149642944336,-68.82691192626953,0.0019184494158253,0.138,-0.143,0.015,0.0,0,0,1,,0.977,2026-03-14T15:33:23.049604,neutral,0.904,2026-03-14T15:33:22.217038,0.366022227273627,2026-03-14T15:33:23.132000,86,,,
participant_11,3,day,Town10HD_Opt,2026-03-14 15:33:24.189322,-50.39620590209961,-68.82691192626953,0.0019224929856136,0.154,0.063,0.043,0.0,0,0,1,,0.969,2026-03-14T15:33:24.189322,neutral,0.904,2026-03-14T15:33:22.217038,0.4006178899224092,2026-03-14T15:33:24.977000,85,,,
participant_11,3,day,Town10HD_Opt,2026-03-14 15:33:25.035039,-50.41397476196289,-68.82691192626953,0.00191635126248,0.166,0.063,0.0,0.0,0,0,1,,0.952,2026-03-14T15:33:25.035039,neutral,0.964,2026-03-14T15:33:25.035039,0.3521283012906744,2026-03-14T15:33:24.977000,84,,,
participant_11,3,day,Town10HD_Opt,2026-03-14 15:33:26.120854,-50.44636535644531,-68.826904296875,0.0019200133392587,0.118,0.005,0.0,0.0,0,0,1,,0.941,2026-03-14T15:33:26.120854,neutral,0.964,2026-03-14T15:33:25.035039,0.4200985624875894,2026-03-14T15:33:26.016000,86,,,
participant_11,3,day,Town10HD_Opt,2026-03-14 15:33:27.199845,-50.46916961669922,-68.826904296875,0.0019197082147002,0.084,0.047,0.0,0.0,0,0,1,,0.949,2026-03-14T15:33:27.199845,neutral,0.954,2026-03-14T15:33:27.199845,0.4019097420493854,2026-03-14T15:33:28.036000,87,,,
participant_11,3,day,Town10HD_Opt,2026-03-14 15:33:28.023805,-50.481712341308594,-68.826904296875,0.0019195555942133,0.065,0.047,0.023,0.0,0,0,1,,0.942,2026-03-14T15:33:28.023805,neutral,0.954,2026-03-14T15:33:27.199845,0.4235686201158887,2026-03-14T15:33:28.036000,85,,,
participant_11,3,day,Town10HD_Opt,2026-03-14 15:33:29.121105,-50.54180145263672,-68.82689666748047,0.0019186401041224,0.341,0.078,0.0,0.0,0,0,1,,0.978,2026-03-14T15:33:29.121105,neutral,0.954,2026-03-14T15:33:27.199845,0.490545135849582,2026-03-14T15:33:30.018000,90,,,
participant_11,3,day,Town10HD_Opt,2026-03-14 15:33:30.189254,-50.60905075073242,-68.82688903808594,0.0019212722545489,0.237,0.078,0.0,0.0,0,0,1,,0.952,2026-03-14T15:33:30.189254,neutral,0.951,2026-03-14T15:33:30.189254,0.5526206999054109,2026-03-14T15:33:31.097000,90,,,
participant_11,3,day,Town10HD_Opt,2026-03-14 15:33:31.010761,-50.64601135253906,-68.8268814086914,0.0019207381410524,0.186,0.078,0.0,0.0,0,0,1,,0.966,2026-03-14T15:33:31.010761,neutral,0.951,2026-03-14T15:33:30.189254,0.5115104867870727,2026-03-14T15:33:31.097000,89,,,
participant_11,3,day,Town10HD_Opt,2026-03-14 15:33:32.123722,-50.68230438232422,-68.8268814086914,0.0019202422117814,0.132,0.078,0.0,0.0,0,0,1,,0.946,2026-03-14T15:33:32.123722,neutral,0.951,2026-03-14T15:33:30.189254,0.6517284761356781,2026-03-14T15:33:32.042000,90,,,
participant_11,3,day,Town10HD_Opt,2026-03-14 15:33:33.195099,-50.70783615112305,-68.82687377929688,0.0019198226509615,0.094,0.078,0.0,0.0,0,0,1,,0.95,2026-03-14T15:33:33.195099,neutral,0.987,2026-03-14T15:33:33.195099,0.6522724230543738,2026-03-14T15:33:33.977000,88,,,
participant_11,3,day,Town10HD_Opt,2026-03-14 15:33:34.081200,-50.73765182495117,-68.82666015625,0.0018494033720344,1.666,0.078,0.653,0.0,0,0,1,,0.944,2026-03-14T15:33:34.081200,neutral,0.987,2026-03-14T15:33:33.195099,0.6335897492653906,2026-03-14T15:33:33.977000,88,,,
participant_11,3,day,Town10HD_Opt,2026-03-14 15:33:35.177086,-52.49782943725586,-68.8222885131836,0.0016092681325972,13.849,0.078,0.59,0.0,0,0,1,,0.937,2026-03-14T15:33:35.177086,neutral,0.987,2026-03-14T15:33:33.195099,0.7699523504302932,2026-03-14T15:33:36.047000,85,,,
participant_11,3,day,Town10HD_Opt,2026-03-14 15:33:36.001367,-55.48854446411133,-68.81629180908203,0.0020112609490752,19.201,0.078,0.56,0.0,0,0,1,,0.919,2026-03-14T15:33:36.001367,neutral,0.987,2026-03-14T15:33:36.001367,0.8384637219881007,2026-03-14T15:33:36.047000,86,,,
participant_11,3,day,Town10HD_Opt,2026-03-14 15:33:37.124239,-60.55523681640625,-68.81403350830078,0.001930808997713,24.281,0.078,0.441,0.0,0,0,1,,0.957,2026-03-14T15:33:37.124239,neutral,0.987,2026-03-14T15:33:36.001367,0.8092136766423723,2026-03-14T15:33:37.982000,83,,,
participant_11,3,day,Town10HD_Opt,2026-03-14 15:33:38.222579,-66.36921691894531,-68.82391357421875,0.002075805561617,24.458,0.068,0.209,0.0,0,0,1,,0.955,2026-03-14T15:33:38.222579,neutral,0.982,2026-03-14T15:33:38.222579,0.8272952742722258,2026-03-14T15:33:39.107000,84,,,
participant_11,3,day,Town10HD_Opt,2026-03-14 15:33:39.035316,-70.42709350585938,-68.8374252319336,0.0021397017408162,21.74,-0.026,0.178,0.0,0,0,1,,0.97,2026-03-14T15:33:39.035316,neutral,0.982,2026-03-14T15:33:38.222579,0.8447888302379395,2026-03-14T15:33:39.107000,84,,,
participant_11,3,day,Town10HD_Opt,2026-03-14 15:33:40.196333,-75.02690887451172,-68.80599212646484,0.0020917130168527,18.181,-2.81,0.183,0.0,0,0,1,,0.942,2026-03-14T15:33:40.196333,neutral,0.982,2026-03-14T15:33:38.222579,0.7755781701677147,2026-03-14T15:33:41.043000,86,,,errors=Solid line crossing
participant_11,3,day,Town10HD_Opt,2026-03-14 15:33:41.025375,-78.1494369506836,-68.52897644042969,0.0019108580891042,17.767,-8.751,0.278,0.0,0,0,1,,0.92,2026-03-14T15:33:41.025375,neutral,0.956,2026-03-14T15:33:41.025375,0.7735167935757626,2026-03-14T15:33:41.043000,88,,,
participant_11,3,day,Town10HD_Opt,2026-03-14 15:33:42.175997,-82.20488739013672,-67.46460723876953,0.0020314024295657,18.162,-8.761,0.299,0.0,0,0,1,,0.962,2026-03-14T15:33:42.175997,neutral,0.956,2026-03-14T15:33:41.025375,0.8615466640199227,2026-03-14T15:33:42.977000,85,,,
participant_11,3,day,Town10HD_Opt,2026-03-14 15:33:42.997833,-85.11618041992188,-66.1972885131836,0.0020491408649832,18.015,-5.125,0.299,0.0,0,0,1,,0.958,2026-03-14T15:33:42.997833,neutral,0.956,2026-03-14T15:33:41.025375,0.819559445618618,2026-03-14T15:33:42.977000,86,,,
participant_11,3,day,Town10HD_Opt,2026-03-14 15:33:44.150764,-88.83932495117188,-64.17412567138672,0.0020220566075295,18.281,-4.631,0.301,0.0,0,0,1,,0.911,2026-03-14T15:33:44.150764,neutral,0.919,2026-03-14T15:33:44.150764,0.7601262983166319,2026-03-14T15:33:45.093000,84,,,
participant_11,3,day,Town10HD_Opt,2026-03-14 15:33:45.013653,-91.49864959716795,-62.41371536254883,0.0020349503029137,18.466,-4.445,0.505,0.0,0,0,1,,0.959,2026-03-14T15:33:45.013653,neutral,0.919,2026-03-14T15:33:44.150764,0.7899931601598145,2026-03-14T15:33:45.093000,85,,,
participant_11,3,day,Town10HD_Opt,2026-03-14 15:33:46.146061,-95.21925354003906,-59.43647003173828,0.0019544218666851,22.458,-4.442,0.455,0.0,0,0,1,,0.979,2026-03-14T15:33:46.146061,neutral,0.919,2026-03-14T15:33:44.150764,0.7801659985210192,2026-03-14T15:33:45.093000,84,,,
participant_11,3,day,Town10HD_Opt,2026-03-14 15:33:47.010106,-98.18659210205078,-56.56222915649414,0.0019629287999123,24.976,-3.262,0.455,0.0,0,0,1,,0.977,2026-03-14T15:33:47.010106,neutral,0.987,2026-03-14T15:33:47.010106,0.7918558838628977,2026-03-14T15:33:47.523000,89,,,
participant_11,3,day,Town10HD_Opt,2026-03-14 15:33:48.173998,-102.20963287353516,-51.923377990722656,0.0019891357515007,27.614,-3.349,0.41,0.0,0,0,1,,0.963,2026-03-14T15:33:48.173998,neutral,0.987,2026-03-14T15:33:47.010106,0.7894017034303011,2026-03-14T15:33:49.097000,91,,,
participant_11,3,day,Town10HD_Opt,2026-03-14 15:33:49.036925,-105.06620025634766,-47.95277404785156,0.0020352171268314,28.092,-3.078,0.346,0.0,0,0,1,,0.966,2026-03-14T15:33:49.036925,angry,0.819,2026-03-14T15:33:49.036925,0.6956045982874892,2026-03-14T15:33:49.097000,90,,,
participant_11,3,day,Town10HD_Opt,2026-03-14 15:33:50.188559,-108.35044860839844,-42.39642333984375,0.0020829008426517,26.903,-3.74,0.281,0.0,0,0,1,,0.949,2026-03-14T15:33:50.188559,angry,0.819,2026-03-14T15:33:49.036925,0.8338993190733607,2026-03-14T15:33:50.089000,89,,,
participant_11,3,day,Town10HD_Opt,2026-03-14 15:33:51.059457,-110.21656036376952,-38.39085006713867,0.0022240446414798,22.237,-4.192,0.0,0.0,0,0,1,,0.941,2026-03-14T15:33:51.059457,neutral,0.963,2026-03-14T15:33:51.059457,0.7814916195299682,2026-03-14T15:33:51.212000,87,,,
participant_11,3,day,Town10HD_Opt,2026-03-14 15:33:52.212304,-111.59029388427734,-34.22536849975586,0.0020055389031767,15.931,-9.385,0.2,0.0,0,0,1,,0.958,2026-03-14T15:33:52.212304,neutral,0.963,2026-03-14T15:33:51.059457,0.7530041295595948,2026-03-14T15:33:53.012000,88,,,
participant_11,3,day,Town10HD_Opt,2026-03-14 15:33:53.083845,-111.9585418701172,-31.438968658447266,0.0018565750215202,17.384,-10.567,0.492,0.0,0,0,1,,0.91,2026-03-14T15:33:53.083845,neutral,0.975,2026-03-14T15:33:53.083845,0.8139119398075501,2026-03-14T15:33:54.002000,89,,,
participant_11,3,day,Town10HD_Opt,2026-03-14 15:33:54.259015,-111.78557586669922,-27.07372093200684,0.0019733428489416,20.272,-4.129,0.444,0.0,0,0,1,,0.908,2026-03-14T15:33:54.259015,neutral,0.975,2026-03-14T15:33:53.083845,0.737159154342791,2026-03-14T15:33:54.991000,88,,,
participant_11,3,day,Town10HD_Opt,2026-03-14 15:33:55.218807,-111.40399169921876,-23.425710678100582,0.0021062849555164,19.878,-0.176,0.0,0.067,0,0,1,,0.908,2026-03-14T15:33:55.218807,neutral,0.956,2026-03-14T15:33:55.218807,0.7659670903042837,2026-03-14T15:33:55.982000,88,,,
participant_11,3,day,Town10HD_Opt,2026-03-14 15:33:56.131464,-111.10112762451172,-20.431928634643555,0.0020852661691606,13.722,0.357,0.0,0.335,0,0,1,,0.942,2026-03-14T15:33:56.131464,neutral,0.956,2026-03-14T15:33:55.218807,0.7298765760225092,2026-03-14T15:33:57.018000,92,,,
participant_11,3,day,Town10HD_Opt,2026-03-14 15:33:57.010707,-110.91455078125,-18.477399826049805,0.0020890808664262,8.383,0.355,0.0,0.314,0,0,1,,0.942,2026-03-14T15:33:57.010707,neutral,0.956,2026-03-14T15:33:55.218807,0.8083142564217921,2026-03-14T15:33:57.018000,92,,,
participant_11,3,day,Town10HD_Opt,2026-03-14 15:33:58.177764,-110.83546447753906,-17.624584197998047,0.0020245742052793,0.0,0.322,0.0,0.68,0,0,1,,0.941,2026-03-14T15:33:58.177764,neutral,0.973,2026-03-14T15:33:58.177764,0.8262813425808342,2026-03-14T15:33:59.087000,90,,,
participant_11,3,day,Town10HD_Opt,2026-03-14 15:33:59.080204,-110.83544921875,-17.624412536621094,0.0019232940394431,0.001,0.261,0.0,0.0,0,0,1,,0.871,2026-03-14T15:33:59.080204,neutral,0.973,2026-03-14T15:33:58.177764,0.7939020707002767,2026-03-14T15:33:59.987000,88,,,
participant_11,3,day,Town10HD_Opt,2026-03-14 15:34:00.197938,-110.83544921875,-17.624401092529297,0.0019191741012036,0.001,2.083,0.0,0.0,0,0,1,,0.92,2026-03-14T15:34:00.197938,neutral,0.915,2026-03-14T15:34:00.197938,0.7529758996185373,2026-03-14T15:34:01.022000,86,,,
participant_11,3,day,Town10HD_Opt,2026-03-14 15:34:01.068293,-110.83544921875,-17.624401092529297,0.001919021597132,0.001,1.805,0.0,0.0,0,0,1,,0.953,2026-03-14T15:34:01.068293,neutral,0.915,2026-03-14T15:34:00.197938,0.690509907099699,2026-03-14T15:34:02.012000,85,,,errors=Vehicle collision
participant_11,3,day,Town10HD_Opt,2026-03-14 15:34:02.183063,-110.83547973632812,-17.623641967773438,0.0018996428698301,0.001,1.81,0.0,0.0,0,0,1,,0.962,2026-03-14T15:34:02.183063,neutral,0.915,2026-03-14T15:34:00.197938,0.7042436015779627,2026-03-14T15:34:03.092000,87,,,
participant_11,3,day,Town10HD_Opt,2026-03-14 15:34:03.028126,-110.83548736572266,-17.623626708984375,0.0019188307924196,0.001,1.81,0.0,0.0,0,0,1,,0.901,2026-03-14T15:34:03.028126,neutral,0.819,2026-03-14T15:34:03.028126,0.7318096838906973,2026-03-14T15:34:03.092000,86,,,
participant_11,3,day,Town10HD_Opt,2026-03-14 15:34:04.146783,-110.83548736572266,-17.623624801635742,0.001919021597132,0.001,1.81,0.0,0.0,0,0,1,,0.956,2026-03-14T15:34:04.146783,neutral,0.819,2026-03-14T15:34:03.028126,0.6585587488356974,2026-03-14T15:34:05.027000,89,,,
participant_11,3,day,Town10HD_Opt,2026-03-14 15:34:05.016203,-110.83548736572266,-17.623624801635742,0.0019189834129065,0.001,1.81,0.0,0.0,0,0,1,,0.909,2026-03-14T15:34:05.016203,neutral,0.819,2026-03-14T15:34:03.028126,0.6633416920877607,2026-03-14T15:34:05.027000,88,,,
participant_11,3,day,Town10HD_Opt,2026-03-14 15:34:06.156603,-110.83548736572266,-17.623624801635742,0.0019189834129065,0.001,1.81,0.0,0.0,0,0,1,,0.944,2026-03-14T15:34:06.156603,neutral,0.946,2026-03-14T15:34:06.156603,0.6166519283003069,2026-03-14T15:34:06.020000,89,,,
participant_11,3,day,Town10HD_Opt,2026-03-14 15:34:07.033138,-110.83548736572266,-17.623626708984375,0.0019188689766451,0.001,1.81,0.0,0.0,0,0,1,,0.963,2026-03-14T15:34:07.033138,neutral,0.946,2026-03-14T15:34:06.156603,0.6118052902075344,2026-03-14T15:34:07.145000,87,,,
participant_11,3,day,Town10HD_Opt,2026-03-14 15:34:08.277943,-110.83548736572266,-17.623626708984375,0.0019189071608707,0.001,1.81,0.0,0.0,0,0,1,,0.955,2026-03-14T15:34:08.277943,neutral,0.986,2026-03-14T15:34:08.277943,0.5388766270787095,2026-03-14T15:34:08.988000,85,,,
participant_11,3,day,Town10HD_Opt,2026-03-14 15:34:09.199545,-110.83548736572266,-17.623626708984375,0.0019188307924196,0.001,1.81,0.0,0.0,0,0,1,,0.94,2026-03-14T15:34:09.199545,neutral,0.986,2026-03-14T15:34:08.277943,0.5856027894397435,2026-03-14T15:34:10.157000,84,,,
participant_11,3,day,Town10HD_Opt,2026-03-14 15:34:10.035999,-110.83548736572266,-17.623624801635742,0.0019189834129065,0.001,1.786,0.0,0.0,0,0,1,,0.869,2026-03-14T15:34:10.035999,neutral,0.986,2026-03-14T15:34:08.277943,0.5765311384488618,2026-03-14T15:34:10.157000,83,,,
participant_11,3,day,Town10HD_Opt,2026-03-14 15:34:11.182775,-110.83548736572266,-17.623624801635742,0.0019189452286809,0.001,1.777,0.0,0.0,0,0,1,,0.974,2026-03-14T15:34:11.182775,neutral,0.929,2026-03-14T15:34:11.182775,0.584319056008186,2026-03-14T15:34:11.102000,86,,,
participant_11,3,day,Town10HD_Opt,2026-03-14 15:34:12.054219,-110.83548736572266,-17.623624801635742,0.0019189452286809,0.001,1.424,0.0,0.0,0,0,1,reach_back,0.839,2026-03-14T15:34:12.054219,neutral,0.929,2026-03-14T15:34:11.182775,0.5791143989538263,2026-03-14T15:34:12.993000,88,,,
participant_11,3,day,Town10HD_Opt,2026-03-14 15:34:13.195189,-110.83548736572266,-17.623624801635742,0.001919021597132,0.001,1.518,0.0,0.0,0,0,1,,0.902,2026-03-14T15:34:13.195189,neutral,0.969,2026-03-14T15:34:13.195189,0.5779120649206743,2026-03-14T15:34:14.072000,93,,,
participant_11,3,day,Town10HD_Opt,2026-03-14 15:34:14.061067,-110.83548736572266,-17.623626708984375,0.0019188307924196,0.001,1.518,0.0,0.0,0,0,1,,0.921,2026-03-14T15:34:14.061067,neutral,0.969,2026-03-14T15:34:13.195189,0.6006221390389838,2026-03-14T15:34:15.018000,96,,,
participant_11,3,day,Town10HD_Opt,2026-03-14 15:34:15.181638,-110.83548736572266,-17.623624801635742,0.0019189452286809,0.001,1.485,0.0,0.0,0,0,1,,0.885,2026-03-14T15:34:15.181638,neutral,0.969,2026-03-14T15:34:13.195189,0.5764865633444555,2026-03-14T15:34:16.098000,99,,,
participant_11,3,day,Town10HD_Opt,2026-03-14 15:34:16.047790,-110.83548736572266,-17.623626708984375,0.0019189834129065,0.001,1.485,0.0,0.0,0,0,1,,0.917,2026-03-14T15:34:16.047790,neutral,0.995,2026-03-14T15:34:16.047790,0.5566663290693207,2026-03-14T15:34:16.997000,99,,,
participant_11,3,day,Town10HD_Opt,2026-03-14 15:34:17.179384,-110.81989288330078,-17.43812370300293,0.0017063902923837,4.741,1.314,0.722,0.0,0,0,1,,0.935,2026-03-14T15:34:17.179384,neutral,0.995,2026-03-14T15:34:16.047790,0.579858045086231,2026-03-14T15:34:18.033000,100,,,
participant_11,3,day,Town10HD_Opt,2026-03-14 15:34:18.103126,-110.69271087646484,-15.75461769104004,0.0015750502934679,15.389,1.448,0.688,0.0,0,0,1,,0.917,2026-03-14T15:34:18.103126,neutral,0.923,2026-03-14T15:34:18.103126,0.4989711490973905,2026-03-14T15:34:18.033000,100,,,
participant_11,3,day,Town10HD_Opt,2026-03-14 15:34:19.253392,-110.53395080566406,-11.72917938232422,0.0019824600312858,15.803,3.881,0.0,0.0,0,0,1,,1.0,2026-03-14T15:34:19.253392,neutral,0.923,2026-03-14T15:34:18.103126,0.3978619005868951,2026-03-14T15:34:20.013000,101,,,
participant_11,3,day,Town10HD_Opt,2026-03-14 15:34:20.169538,-110.62095642089844,-9.270903587341309,0.0020299910102039,12.306,4.735,0.146,0.0,0,0,1,,1.0,2026-03-14T15:34:20.169538,neutral,0.996,2026-03-14T15:34:20.169538,0.3625679996480891,2026-03-14T15:34:21.048000,90,,,
participant_11,3,day,Town10HD_Opt,2026-03-14 15:34:21.075362,-110.81443786621094,-7.103076457977295,0.0018523024627938,13.66,0.618,0.431,0.0,0,0,1,,0.937,2026-03-14T15:34:21.075362,neutral,0.996,2026-03-14T15:34:20.169538,0.3028475956440039,2026-03-14T15:34:21.993000,86,,,
participant_11,3,day,Town10HD_Opt,2026-03-14 15:34:22.248660,-111.03341674804688,-3.346644878387451,0.0020657347049564,18.167,-2.687,0.428,0.0,0,0,1,,0.876,2026-03-14T15:34:22.248660,happy,0.853,2026-03-14T15:34:22.248660,0.2486889243703613,2026-03-14T15:34:23.027000,84,,,
participant_11,3,day,Town10HD_Opt,2026-03-14 15:34:23.115636,-111.0649871826172,-0.0672240406274795,0.0019803238101303,19.803,-1.852,0.42,0.0,0,0,1,,0.962,2026-03-14T15:34:23.115636,happy,0.853,2026-03-14T15:34:22.248660,0.2451645899910687,2026-03-14T15:34:23.027000,83,,,
participant_11,3,day,Town10HD_Opt,2026-03-14 15:34:23.997257,-110.9822235107422,3.5650956630706787,0.0019825361669063,21.666,-2.177,0.411,0.0,0,0,1,,0.84,2026-03-14T15:34:23.997257,happy,0.853,2026-03-14T15:34:22.248660,0.2419387550217061,2026-03-14T15:34:24.197000,79,,,
participant_11,3,day,Town10HD_Opt,2026-03-14 15:34:25.139704,-110.56986236572266,8.869346618652344,0.0019940184429287,23.89,-3.752,0.411,0.0,0,0,1,,0.815,2026-03-14T15:34:25.139704,neutral,0.974,2026-03-14T15:34:25.139704,0.1874231617244751,2026-03-14T15:34:25.052000,82,,,
participant_11,3,day,Town10HD_Opt,2026-03-14 15:34:26.013727,-109.80355072021484,13.089163780212402,0.0020061873365193,25.195,-7.898,0.391,0.0,0,0,1,,0.915,2026-03-14T15:34:26.013727,neutral,0.974,2026-03-14T15:34:25.139704,0.1706334950168831,2026-03-14T15:34:26.538000,84,,,
participant_11,3,day,Town10HD_Opt,2026-03-14 15:34:27.190111,-107.53948211669922,18.19770050048828,0.0021824263967573,21.537,-13.068,0.097,0.0,0,0,1,,0.918,2026-03-14T15:34:27.190111,neutral,0.981,2026-03-14T15:34:27.190111,0.1781020873523434,2026-03-14T15:34:28.022000,79,,,
participant_11,3,day,Town10HD_Opt,2026-03-14 15:34:28.096997,-105.34256744384766,20.76347923278809,0.0019570540171116,17.158,-12.815,0.0,0.0,0,0,1,,0.871,2026-03-14T15:34:28.096997,neutral,0.981,2026-03-14T15:34:27.190111,0.1189550096095672,2026-03-14T15:34:29.012000,79,,,
participant_11,3,day,Town10HD_Opt,2026-03-14 15:34:28.997584,-103.16645050048828,22.39298439025879,0.0019501113565638,15.231,-13.243,0.296,0.0,0,0,1,,0.861,2026-03-14T15:34:28.997584,neutral,0.981,2026-03-14T15:34:27.190111,0.0708306048302121,2026-03-14T15:34:29.012000,80,,,
participant_11,3,day,Town10HD_Opt,2026-03-14 15:34:30.207489,-99.80545806884766,23.92901611328125,0.001898803631775,16.583,-12.047,0.283,0.0,0,0,1,,1.0,2026-03-14T15:34:30.207489,neutral,0.973,2026-03-14T15:34:30.207489,0.208321505273145,2026-03-14T15:34:30.992000,79,,,
participant_11,3,day,Town10HD_Opt,2026-03-14 15:34:31.157281,-96.978515625,24.658483505249023,0.0019586181733757,16.081,-6.507,0.101,0.0,0,0,1,,0.946,2026-03-14T15:34:31.157281,neutral,0.973,2026-03-14T15:34:30.207489,0.0372384125360192,2026-03-14T15:34:31.982000,78,,,
participant_11,3,day,Town10HD_Opt,2026-03-14 15:34:32.120157,-94.33914184570312,25.103893280029297,0.0019491576822474,14.866,-3.766,0.257,0.0,0,0,1,,1.0,2026-03-14T15:34:32.120157,neutral,0.973,2026-03-14T15:34:30.207489,0.1138724340870855,2026-03-14T15:34:33.018000,79,,,
participant_11,3,day,Town10HD_Opt,2026-03-14 15:34:33.066394,-91.71247863769533,25.525110244750977,0.001895027118735,15.643,5.163,0.27,0.0,0,0,1,,0.933,2026-03-14T15:34:33.066394,angry,0.453,2026-03-14T15:34:33.066394,0.0704774192890068,2026-03-14T15:34:33.018000,80,,,
participant_11,3,day,Town10HD_Opt,2026-03-14 15:34:34.275807,-88.12738800048828,26.602996826171875,0.0019024658249691,16.55,8.778,0.269,0.0,0,0,1,,0.902,2026-03-14T15:34:34.275807,angry,0.453,2026-03-14T15:34:33.066394,0.1436517055326166,2026-03-14T15:34:34.997000,78,,,
participant_11,3,day,Town10HD_Opt,2026-03-14 15:34:35.226833,-85.44769287109375,27.807085037231445,0.0019032668787986,17.069,0.437,0.265,0.0,0,0,1,,1.0,2026-03-14T15:34:35.226833,neutral,0.981,2026-03-14T15:34:35.226833,0.0892640455138963,2026-03-14T15:34:36.077000,80,,,errors=Solid line crossing
participant_11,3,day,Town10HD_Opt,2026-03-14 15:34:36.209196,-82.58938598632812,28.65790557861328,0.0019311904907226,17.258,-18.694,0.264,0.0,0,0,1,,1.0,2026-03-14T15:34:36.209196,neutral,0.981,2026-03-14T15:34:35.226833,0.1728032997246176,2026-03-14T15:34:37.022000,78,,,
participant_11,3,day,Town10HD_Opt,2026-03-14 15:34:37.218211,-79.55581665039062,28.82145500183105,0.0019160461379215,17.529,-4.997,0.255,0.0,0,0,1,,0.836,2026-03-14T15:34:37.218211,neutral,0.981,2026-03-14T15:34:35.226833,0.136837408615076,2026-03-14T15:34:38.012000,79,,,
participant_11,3,day,Town10HD_Opt,2026-03-14 15:34:38.132190,-76.47640991210938,28.76484107971192,0.0019128418061882,17.734,-3.158,0.272,0.0,0,0,1,,0.949,2026-03-14T15:34:38.132190,happy,0.967,2026-03-14T15:34:38.132190,0.1879951856688552,2026-03-14T15:34:39.002000,78,,,errors=Solid line crossing
participant_11,3,day,Town10HD_Opt,2026-03-14 15:34:39.046717,-73.34596252441406,28.586366653442383,0.0018997192382812,17.983,-1.166,0.193,0.0,0,0,1,,0.948,2026-03-14T15:34:39.046717,happy,0.967,2026-03-14T15:34:38.132190,0.1316018877108639,2026-03-14T15:34:39.992000,80,,,
participant_11,3,day,Town10HD_Opt,2026-03-14 15:34:40.260533,-69.66500854492188,28.37959671020508,0.0020417021587491,13.052,1.967,0.0,0.0,0,0,1,,0.925,2026-03-14T15:34:40.260533,neutral,0.89,2026-03-14T15:34:40.260533,0.1739098766647827,2026-03-14T15:34:40.982000,79,,,
participant_11,3,day,Town10HD_Opt,2026-03-14 15:34:41.196364,-67.42443084716797,28.33313369750977,0.0017996215028688,14.826,2.148,0.519,0.0,0,0,1,,1.0,2026-03-14T15:34:41.196364,neutral,0.89,2026-03-14T15:34:40.260533,0.0841142175324508,2026-03-14T15:34:42.152000,78,,,
participant_11,3,day,Town10HD_Opt,2026-03-14 15:34:42.168987,-64.4496078491211,28.354949951171875,0.0020684050396084,18.448,2.078,0.519,0.0,0,0,1,,0.897,2026-03-14T15:34:42.168987,neutral,0.89,2026-03-14T15:34:40.260533,0.166941692200119,2026-03-14T15:34:43.008000,79,,,
participant_11,3,day,Town10HD_Opt,2026-03-14 15:34:43.088372,-60.960697174072266,28.476783752441406,0.0019172286847606,22.135,-0.336,0.5,0.0,0,0,1,,0.888,2026-03-14T15:34:43.088372,neutral,0.986,2026-03-14T15:34:43.088372,0.1221378370994447,2026-03-14T15:34:43.998000,82,,,
participant_11,3,day,Town10HD_Opt,2026-03-14 15:34:44.006516,-56.80263900756836,28.604108810424805,0.0019261550623923,25.744,-0.759,0.5,0.0,0,0,1,,0.869,2026-03-14T15:34:44.006516,neutral,0.986,2026-03-14T15:34:43.088372,0.1370538669648733,2026-03-14T15:34:43.998000,81,,,
participant_11,3,day,Town10HD_Opt,2026-03-14 15:34:45.198233,-50.33610916137695,28.69482612609864,0.0019430541433393,29.933,-0.423,0.5,0.0,0,0,1,,0.817,2026-03-14T15:34:45.198233,neutral,0.973,2026-03-14T15:34:45.198233,0.1646392457512198,2026-03-14T15:34:46.113000,83,,,
participant_11,3,day,Town10HD_Opt,2026-03-14 15:34:46.105577,-44.88222122192383,28.69111061096192,0.0019548416603356,32.647,-0.543,0.5,0.0,0,0,1,,1.0,2026-03-14T15:34:46.105577,neutral,0.973,2026-03-14T15:34:45.198233,0.1430012892622474,2026-03-14T15:34:47.012000,83,,,
participant_11,3,day,Town10HD_Opt,2026-03-14 15:34:47.049216,-38.97990036010742,28.61581993103028,0.0019655989017337,34.905,-0.545,0.5,0.0,0,0,1,,0.9,2026-03-14T15:34:47.049216,neutral,0.973,2026-03-14T15:34:45.198233,0.0959145792051696,2026-03-14T15:34:47.012000,84,,,
participant_11,3,day,Town10HD_Opt,2026-03-14 15:34:48.257818,-30.50929069519043,28.39793586730957,0.0019781494047492,37.746,-0.087,0.5,0.0,0,0,1,,0.85,2026-03-14T15:34:48.257818,neutral,0.942,2026-03-14T15:34:48.257818,0.1079598862094597,2026-03-14T15:34:48.186000,84,,,
participant_11,3,day,Town10HD_Opt,2026-03-14 15:34:49.154899,-23.782655715942383,28.204259872436523,0.0019976424518972,39.207,0.686,0.483,0.0,0,0,1,,0.844,2026-03-14T15:34:49.154899,neutral,0.942,2026-03-14T15:34:48.257818,0.0852322517002153,2026-03-14T15:34:50.027000,83,,,
participant_11,3,day,Town10HD_Opt,2026-03-14 15:34:50.060699,-16.94698143005371,28.12130355834961,0.0021524429321289,36.691,0.089,0.0,0.0,0,0,1,,0.805,2026-03-14T15:34:50.060699,neutral,0.942,2026-03-14T15:34:48.257818,0.1561508795704174,2026-03-14T15:34:50.027000,84,,,
participant_11,3,day,Town10HD_Opt,2026-03-14 15:34:51.229887,-9.476394653320312,28.08313369750977,0.0022918700706213,26.456,0.134,0.0,0.0,0,0,1,,0.958,2026-03-14T15:34:51.229887,neutral,0.985,2026-03-14T15:34:51.229887,0.0527104481098522,2026-03-14T15:34:52.098000,88,,,
participant_11,3,day,Town10HD_Opt,2026-03-14 15:34:52.152153,-5.346398830413818,28.07466697692871,0.0021949387155473,21.094,0.512,0.196,0.0,0,0,1,,1.0,2026-03-14T15:34:52.152153,neutral,0.985,2026-03-14T15:34:51.229887,0.0485874201590084,2026-03-14T15:34:52.998000,90,,,
participant_11,3,day,Town10HD_Opt,2026-03-14 15:34:53.046305,-1.8776105642318728,28.1011905670166,0.0021271514706313,18.606,-0.035,0.199,0.0,0,0,1,,0.933,2026-03-14T15:34:53.046305,neutral,0.985,2026-03-14T15:34:51.229887,0.0746396529691068,2026-03-14T15:34:53.988000,89,,,
participant_11,3,day,Town10HD_Opt,2026-03-14 15:34:54.262117,2.335268497467041,28.12898635864257,0.0019298553233966,18.093,-0.585,0.334,0.0,0,0,1,,0.921,2026-03-14T15:34:54.262117,neutral,0.996,2026-03-14T15:34:54.262117,0.0570619692016154,2026-03-14T15:34:55.113000,93,,,
participant_11,3,day,Town10HD_Opt,2026-03-14 15:34:55.174254,5.507840633392334,28.12300682067871,0.0020332718268036,18.187,-0.425,0.326,0.0,0,0,1,,0.941,2026-03-14T15:34:55.174254,neutral,0.996,2026-03-14T15:34:54.262117,0.1132951793545373,2026-03-14T15:34:56.012000,92,,,
participant_11,3,day,Town10HD_Opt,2026-03-14 15:34:56.076219,8.687471389770508,28.101524353027344,0.0020505904685705,18.097,-0.12,0.324,0.0,0,0,1,,0.958,2026-03-14T15:34:56.076219,neutral,0.996,2026-03-14T15:34:54.262117,0.0979420692380248,2026-03-14T15:34:56.012000,90,,,
participant_11,3,day,Town10HD_Opt,2026-03-14 15:34:57.034908,11.864992141723633,28.07614517211914,0.0020384979434311,18.246,-0.056,0.324,0.0,0,0,1,,0.931,2026-03-14T15:34:57.034908,neutral,0.987,2026-03-14T15:34:57.034908,0.0954547829794439,2026-03-14T15:34:57.993000,91,,,
participant_11,3,day,Town10HD_Opt,2026-03-14 15:34:58.220873,16.14552879333496,28.037466049194336,0.0020383833907544,18.457,-0.04,0.324,0.0,0,0,1,,0.87,2026-03-14T15:34:58.220873,neutral,0.987,2026-03-14T15:34:57.034908,0.0499287181634075,2026-03-14T15:34:57.993000,95,,,
participant_11,3,day,Town10HD_Opt,2026-03-14 15:34:59.160372,19.386756896972656,28.02009010314941,0.0020386886317282,18.617,0.959,0.391,0.0,0,0,1,,0.94,2026-03-14T15:34:59.160372,neutral,0.979,2026-03-14T15:34:59.160372,0.0949313747900919,2026-03-14T15:35:00.066000,94,,,
participant_11,4,day,Town10HD_Opt,2026-03-14 15:45:00.000000,-41.66535186767578,86.27053833007812,0.0019412230467423,19.387,0.233,0.642,0.0,0,0,1,,1.0,2026-03-14T15:45:00,,,2026-03-14T15:45:00,0.5940930972234039,2026-03-14T15:45:00,88,,,
participant_11,4,day,Town10HD_Opt,2026-03-14 15:45:00.384318,-41.65797805786133,85.08771514892578,0.0018870544154196,21.281,1.826,0.63,0.0,0,0,1,,1.0,2026-03-14T15:45:00,,,2026-03-14T15:45:00,0.5738036276827727,2026-03-14T15:45:00,89,,,
participant_11,4,day,Town10HD_Opt,2026-03-14 15:45:01.324275,-41.36641693115234,80.80606079101562,0.0018410872435197,27.993,5.184,0.611,0.0,0,0,1,,1.0,2026-03-14T15:45:01.324275,,,2026-03-14T15:45:00,0.498708492892389,2026-03-14T15:45:01.035000,88,,,
participant_11,4,day,Town10HD_Opt,2026-03-14 15:45:02.301318,-40.24771499633789,75.60498046875,0.0018962096655741,33.099,17.598,0.561,0.0,0,0,1,,1.0,2026-03-14T15:45:02.301318,neutral,0.927,2026-03-14T15:45:02.301318,0.513861770104627,2026-03-14T15:45:02.114000,87,,,
participant_11,4,day,Town10HD_Opt,2026-03-14 15:45:03.315474,-36.69182968139648,70.90681457519531,0.0020344161894172,35.209,23.724,0.153,0.0,0,0,1,,1.0,2026-03-14T15:45:03.315474,neutral,0.927,2026-03-14T15:45:02.301318,0.5112876619701561,2026-03-14T15:45:03.018000,88,,,
participant_11,4,day,Town10HD_Opt,2026-03-14 15:45:04.284686,-31.47342872619629,69.204833984375,0.0023441696539521,27.652,14.643,0.0,0.0,0,0,1,,1.0,2026-03-14T15:45:04.284686,neutral,0.927,2026-03-14T15:45:02.301318,0.5057563056954026,2026-03-14T15:45:04.045000,86,,,
participant_11,4,day,Town10HD_Opt,2026-03-14 15:45:05.275974,-27.20983123779297,69.48440551757812,0.002263565082103,20.91,-2.998,0.016,0.0,0,0,1,,1.0,2026-03-14T15:45:05.275974,neutral,1.0,2026-03-14T15:45:05.275974,0.5531095816744289,2026-03-14T15:45:04.994000,86,,,
participant_11,4,day,Town10HD_Opt,2026-03-14 15:45:06.311880,-23.904823303222656,69.66526794433594,0.0020949554163962,18.227,-1.201,0.535,0.0,0,0,1,,1.0,2026-03-14T15:45:06.311880,neutral,1.0,2026-03-14T15:45:05.275974,0.4920790863016959,2026-03-14T15:45:05.985000,88,,,
participant_11,4,day,Town10HD_Opt,2026-03-14 15:45:07.328789,-20.395248413085938,69.803466796875,0.0018781280377879,22.938,-0.672,0.563,0.0,0,0,1,,1.0,2026-03-14T15:45:07.328789,sad,1.0,2026-03-14T15:45:07.328789,0.5722327118938954,2026-03-14T15:45:07.110000,87,,,
participant_11,4,day,Town10HD_Opt,2026-03-14 15:45:08.317031,-15.99593734741211,69.91316223144531,0.001895370427519,27.626,-1.166,0.525,0.0,0,0,1,,1.0,2026-03-14T15:45:08.317031,sad,1.0,2026-03-14T15:45:07.328789,0.519686552173091,2026-03-14T15:45:07.965000,87,,,
participant_11,4,day,Town10HD_Opt,2026-03-14 15:45:09.337526,-10.876935005187988,69.9230728149414,0.0019303893204778,31.125,-0.679,0.476,0.0,0,0,1,,1.0,2026-03-14T15:45:09.337526,neutral,0.999,2026-03-14T15:45:09.337526,0.4674986562987473,2026-03-14T15:45:09.134000,88,,,
participant_11,4,day,Town10HD_Opt,2026-03-14 15:45:10.069450,-7.2571234703063965,69.8839340209961,0.0020787429530173,30.254,-0.266,0.224,0.0,0,0,1,,1.0,2026-03-14T15:45:10.069450,neutral,0.999,2026-03-14T15:45:09.337526,0.5102483965129117,2026-03-14T15:45:10.124000,89,,,
participant_11,4,day,Town10HD_Opt,2026-03-14 15:45:11.071322,-2.2257204055786133,69.79931640625,0.0021475600078701,26.99,-0.266,0.211,0.0,0,0,1,,0.83,2026-03-14T15:45:11.071322,neutral,0.999,2026-03-14T15:45:09.337526,0.5332976468333018,2026-03-14T15:45:11.024000,88,,,
participant_11,4,day,Town10HD_Opt,2026-03-14 15:45:12.085005,2.245624542236328,69.69524383544922,0.002142600947991,23.871,-0.16,0.0,0.0,0,0,1,,1.0,2026-03-14T15:45:12.085005,neutral,1.0,2026-03-14T15:45:12.085005,0.563214079777339,2026-03-14T15:45:11.972000,86,,,
participant_11,4,day,Town10HD_Opt,2026-03-14 15:45:13.318047,7.023569107055664,69.57662963867188,0.0019536209292709,16.974,0.237,0.114,0.0,0,0,1,,1.0,2026-03-14T15:45:13.318047,neutral,1.0,2026-03-14T15:45:12.085005,0.5643058957708494,2026-03-14T15:45:13.230000,86,,,
participant_11,4,day,Town10HD_Opt,2026-03-14 15:45:14.242884,10.104168891906738,69.5138931274414,0.0020735550206154,18.866,0.294,0.289,0.0,0,0,1,,1.0,2026-03-14T15:45:14.242884,neutral,0.983,2026-03-14T15:45:14.242884,0.5354872286963998,2026-03-14T15:45:13.948000,85,,,
participant_11,4,day,Town10HD_Opt,2026-03-14 15:45:15.303983,13.393377304077148,69.475341796875,0.0020882415119558,18.055,1.142,0.195,0.0,0,0,1,,1.0,2026-03-14T15:45:15.303983,neutral,0.983,2026-03-14T15:45:14.242884,0.553398844898949,2026-03-14T15:45:15.007000,84,,,
participant_11,4,day,Town10HD_Opt,2026-03-14 15:45:16.292107,16.436073303222656,69.4974365234375,0.0020005034748464,15.276,0.693,0.0,0.0,0,0,1,,1.0,2026-03-14T15:45:16.292107,neutral,1.0,2026-03-14T15:45:16.292107,0.6693555629380624,2026-03-14T15:45:15.930000,88,,,
participant_11,4,day,Town10HD_Opt,2026-03-14 15:45:17.306689,18.85161399841309,69.5351333618164,0.0020231246016919,12.08,0.371,0.194,0.0,0,0,1,,1.0,2026-03-14T15:45:17.306689,neutral,1.0,2026-03-14T15:45:16.292107,0.6291981159886811,2026-03-14T15:45:17.504000,88,,,
participant_11,4,day,Town10HD_Opt,2026-03-14 15:45:18.274109,20.88062286376953,69.57501983642578,0.0019981383811682,10.333,0.371,0.0,0.0,0,0,1,,1.0,2026-03-14T15:45:18.274109,neutral,1.0,2026-03-14T15:45:16.292107,0.6097909707935772,2026-03-14T15:45:18.179000,88,,,
participant_11,4,day,Town10HD_Opt,2026-03-14 15:45:19.260863,22.475297927856445,69.61241149902344,0.002014274476096,7.534,0.371,0.0,0.059,0,0,1,,1.0,2026-03-14T15:45:19.260863,neutral,1.0,2026-03-14T15:45:19.260863,0.656720284679068,2026-03-14T15:45:18.946000,87,,,
participant_11,4,day,Town10HD_Opt,2026-03-14 15:45:20.215405,23.56921768188477,69.64112091064453,0.002073211595416,0.0,0.371,0.0,0.053,0,0,1,,1.0,2026-03-14T15:45:20.215405,neutral,1.0,2026-03-14T15:45:19.260863,0.6236543295186624,2026-03-14T15:45:20.114000,86,,,
participant_11,4,day,Town10HD_Opt,2026-03-14 15:45:21.243761,23.58170890808105,69.64147186279297,0.0019443893106654,0.003,0.39,0.449,0.0,0,0,1,,1.0,2026-03-14T15:45:21.243761,neutral,1.0,2026-03-14T15:45:19.260863,0.6499841133551227,2026-03-14T15:45:21.330000,88,,,
participant_11,4,day,Town10HD_Opt,2026-03-14 15:45:22.253246,24.15588760375977,69.65795135498047,0.0015340042300522,9.884,0.435,0.939,0.0,0,0,1,,1.0,2026-03-14T15:45:22.253246,neutral,1.0,2026-03-14T15:45:22.253246,0.700944954125436,2026-03-14T15:45:22.409000,90,Harsh braking,decel_mps2=6.7,
participant_11,4,day,Town10HD_Opt,2026-03-14 15:45:23.264736,26.955411911010746,69.74398803710938,0.0018121337052434,21.674,-1.892,0.83,0.0,0,0,1,,1.0,2026-03-14T15:45:23.264736,neutral,1.0,2026-03-14T15:45:22.253246,0.6943081613481596,2026-03-14T15:45:23.130000,92,,,
participant_11,4,day,Town10HD_Opt,2026-03-14 15:45:24.245459,31.4995231628418,69.52024841308594,0.0017820739885792,30.527,-11.921,0.628,0.0,0,0,1,,1.0,2026-03-14T15:45:24.245459,neutral,1.0,2026-03-14T15:45:22.253246,0.6896742927738532,2026-03-14T15:45:23.985000,91,,,
participant_11,4,day,Town10HD_Opt,2026-03-14 15:45:25.271707,36.88298797607422,67.65276336669922,0.0019435500726103,34.725,-13.083,0.427,0.0,0,0,1,,1.0,2026-03-14T15:45:25.271707,neutral,0.995,2026-03-14T15:45:25.271707,0.7289464798868662,2026-03-14T15:45:25.020000,91,,,
participant_11,4,day,Town10HD_Opt,2026-03-14 15:45:26.258413,41.60848236083984,63.90972137451172,0.0021011352073401,33.946,-11.989,0.323,0.0,0,0,1,,0.836,2026-03-14T15:45:26.258413,neutral,0.995,2026-03-14T15:45:25.271707,0.7131008509936467,2026-03-14T15:45:26.144000,91,,,
participant_11,4,day,Town10HD_Opt,2026-03-14 15:45:27.226846,44.38484191894531,59.246952056884766,0.0023240661248564,27.267,-18.651,0.0,0.0,0,0,1,,1.0,2026-03-14T15:45:27.226846,neutral,0.995,2026-03-14T15:45:25.271707,0.6095509333636162,2026-03-14T15:45:26.954000,92,,,
participant_11,4,day,Town10HD_Opt,2026-03-14 15:45:28.206417,44.93974685668945,55.08843994140625,0.0022761535365134,20.563,-12.277,0.0,0.0,0,0,1,,1.0,2026-03-14T15:45:28.206417,neutral,0.903,2026-03-14T15:45:28.206417,0.7107983815123147,2026-03-14T15:45:27.945000,93,,,
participant_11,4,day,Town10HD_Opt,2026-03-14 15:45:29.196134,44.639408111572266,51.92240905761719,0.0020082474220544,15.839,-3.32,0.0,0.0,0,0,1,,1.0,2026-03-14T15:45:29.196134,neutral,0.903,2026-03-14T15:45:28.206417,0.6211626794926448,2026-03-14T15:45:28.979000,92,,,
participant_11,4,day,Town10HD_Opt,2026-03-14 15:45:30.188052,44.33828353881836,49.47758102416992,0.0019464110955595,12.122,1.318,0.0,0.0,0,0,1,,1.0,2026-03-14T15:45:30.188052,neutral,0.903,2026-03-14T15:45:28.206417,0.601448446845485,2026-03-14T15:45:29.975000,92,,,
participant_11,4,day,Town10HD_Opt,2026-03-14 15:45:31.146027,44.15442657470703,47.59818649291992,0.0020068739540874,9.263,1.782,0.0,0.003,0,0,1,,1.0,2026-03-14T15:45:31.146027,neutral,1.0,2026-03-14T15:45:31.146027,0.5624595417477966,2026-03-14T15:45:30.962000,89,,,
participant_11,4,day,Town10HD_Opt,2026-03-14 15:45:32.091757,44.04210662841797,46.19367599487305,0.0019876861479133,6.605,1.845,0.0,0.041,0,0,1,,1.0,2026-03-14T15:45:32.091757,neutral,1.0,2026-03-14T15:45:31.146027,0.5731229195781087,2026-03-14T15:45:31.949000,88,,,
participant_11,4,day,Town10HD_Opt,2026-03-14 15:45:33.283528,43.95505142211914,44.85466384887695,0.0019642256665974,4.775,1.711,0.0,0.0,0,0,1,,1.0,2026-03-14T15:45:33.283528,neutral,0.999,2026-03-14T15:45:33.283528,0.6572811291475505,2026-03-14T15:45:32.985000,87,,,
participant_11,4,day,Town10HD_Opt,2026-03-14 15:45:34.235547,43.91059875488281,44.11468505859375,0.0019657134544104,3.424,0.907,0.2,0.0,0,0,1,,1.0,2026-03-14T15:45:34.235547,neutral,0.999,2026-03-14T15:45:33.283528,0.5338866966145376,2026-03-14T15:45:34.019000,86,,,
participant_11,4,day,Town10HD_Opt,2026-03-14 15:45:35.180458,43.84703063964844,43.00678253173828,0.0015094756381586,13.203,1.168,0.973,0.0,0,0,1,,1.0,2026-03-14T15:45:35.180458,neutral,0.999,2026-03-14T15:45:33.283528,0.5878291555116723,2026-03-14T15:45:34.965000,86,,,
participant_11,4,day,Town10HD_Opt,2026-03-14 15:45:36.274200,43.7495346069336,39.67432022094727,0.001706504728645,25.368,8.186,0.795,0.0,0,0,1,,1.0,2026-03-14T15:45:36.274200,neutral,1.0,2026-03-14T15:45:36.274200,0.5554394909075514,2026-03-14T15:45:35.955000,88,,,
participant_11,4,day,Town10HD_Opt,2026-03-14 15:45:37.224926,44.67400741577149,34.53936004638672,0.0017687606159597,34.462,15.103,0.661,0.0,0,0,1,,1.0,2026-03-14T15:45:37.224926,neutral,1.0,2026-03-14T15:45:36.274200,0.5047503006364288,2026-03-14T15:45:37.125000,87,,,
participant_11,4,day,Town10HD_Opt,2026-03-14 15:45:38.201190,48.05628204345703,29.36823463439941,0.002171134809032,34.359,16.515,0.0,0.0,0,0,1,,1.0,2026-03-14T15:45:38.201190,neutral,1.0,2026-03-14T15:45:36.274200,0.5017021125191249,2026-03-14T15:45:37.934000,87,,,
participant_11,4,day,Town10HD_Opt,2026-03-14 15:45:39.145409,52.55647277832031,26.70188331604004,0.0023290251847356,25.927,13.804,0.0,0.0,0,0,1,,1.0,2026-03-14T15:45:39.145409,neutral,0.995,2026-03-14T15:45:39.145409,0.5725644020150533,2026-03-14T15:45:39.015000,86,,,
participant_11,4,day,Town10HD_Opt,2026-03-14 15:45:40.124940,56.49067687988281,25.900081634521484,0.0022083281073719,20.696,9.887,0.263,0.0,0,0,1,,1.0,2026-03-14T15:45:40.124940,neutral,0.995,2026-03-14T15:45:39.145409,0.4642309370285765,2026-03-14T15:45:40.004000,87,,,
participant_11,4,day,Town10HD_Opt,2026-03-14 15:45:41.078469,59.89984893798828,25.687084197998047,0.0021400833502411,18.059,0.508,0.112,0.0,0,0,1,,1.0,2026-03-14T15:45:41.078469,neutral,0.995,2026-03-14T15:45:39.145409,0.4697400417263015,2026-03-14T15:45:40.995000,85,,,
participant_11,4,day,Town10HD_Opt,2026-03-14 15:45:42.354191,64.0566177368164,25.53989601135254,0.0019447326194494,16.813,0.289,0.0,0.0,0,0,1,,0.81,2026-03-14T15:45:42.354191,neutral,0.999,2026-03-14T15:45:42.354191,0.5370121259057551,2026-03-14T15:45:41.985000,86,,,
participant_11,4,day,Town10HD_Opt,2026-03-14 15:45:43.300409,66.62977600097656,25.465951919555664,0.0020747375674545,12.308,-1.003,0.0,0.223,0,0,1,,1.0,2026-03-14T15:45:43.300409,neutral,0.999,2026-03-14T15:45:42.354191,0.5181822520563638,2026-03-14T15:45:43.110000,86,,,
participant_11,4,day,Town10HD_Opt,2026-03-14 15:45:44.208710,68.38098907470703,25.39192771911621,0.0020481108222156,7.635,-0.989,0.0,0.143,0,0,1,,1.0,2026-03-14T15:45:44.208710,neutral,0.999,2026-03-14T15:45:42.354191,0.4774811961222142,2026-03-14T15:45:43.967000,84,,,
participant_11,4,day,Town10HD_Opt,2026-03-14 15:45:45.157838,69.39667510986328,25.342697143554688,0.0023704909253865,0.0,-0.642,0.0,0.102,0,0,1,,1.0,2026-03-14T15:45:45.157838,neutral,1.0,2026-03-14T15:45:45.157838,0.4130137984188505,2026-03-14T15:45:45.002000,85,,,
participant_11,4,day,Town10HD_Opt,2026-03-14 15:45:46.063167,69.39720916748047,25.342660903930664,0.001938018715009,0.0,-0.392,0.0,0.009,0,0,1,,1.0,2026-03-14T15:45:46.063167,neutral,1.0,2026-03-14T15:45:45.157838,0.3988669375587752,2026-03-14T15:45:46.304000,87,,,
participant_11,4,day,Town10HD_Opt,2026-03-14 15:45:47.076632,69.39728546142578,25.342660903930664,0.0019204712007194,0.0,1.011,0.0,0.0,0,0,1,,1.0,2026-03-14T15:45:47.076632,neutral,1.0,2026-03-14T15:45:45.157838,0.3681767220151329,2026-03-14T15:45:47.026000,88,,,
participant_11,4,day,Town10HD_Opt,2026-03-14 15:45:48.257850,69.3970947265625,25.34382057189941,0.0028397368732839,0.023,0.663,0.0,0.0,0,0,1,,1.0,2026-03-14T15:45:48.257850,neutral,0.999,2026-03-14T15:45:48.257850,0.4057892847862024,2026-03-14T15:45:48.061000,90,,,errors=Vehicle collision
participant_11,4,day,Town10HD_Opt,2026-03-14 15:45:49.237798,69.39639282226562,25.34478759765625,0.0057052229531109,0.005,0.653,0.0,0.0,0,0,1,,1.0,2026-03-14T15:45:49.237798,neutral,0.999,2026-03-14T15:45:48.257850,0.4147829255210533,2026-03-14T15:45:49.232000,90,,,
participant_11,4,day,Town10HD_Opt,2026-03-14 15:45:50.168104,69.86164093017578,25.30793190002441,0.0032794189173728,6.848,0.653,0.806,0.0,0,0,1,,0.832,2026-03-14T15:45:50.168104,neutral,0.999,2026-03-14T15:45:48.257850,0.3501721009767362,2026-03-14T15:45:50.130000,90,,,
participant_11,4,day,Town10HD_Opt,2026-03-14 15:45:51.153675,71.74654388427734,25.164213180541992,0.0025133132003247,15.501,0.653,0.979,0.0,0,0,1,,0.838,2026-03-14T15:45:51.153675,neutral,0.999,2026-03-14T15:45:51.153675,0.3825289405123414,2026-03-14T15:45:51.349000,90,,,errors=Vehicle collision
participant_11,4,day,Town10HD_Opt,2026-03-14 15:45:52.137152,75.00212860107422,24.92348289489746,0.0019242477137595,21.831,0.653,0.968,0.0,0,0,1,,0.839,2026-03-14T15:45:52.137152,neutral,0.999,2026-03-14T15:45:51.153675,0.3815384963022634,2026-03-14T15:45:52.471000,89,,,
participant_11,4,day,Town10HD_Opt,2026-03-14 15:45:53.084250,79.49284362792969,24.77812767028809,0.002403526334092,31.286,0.86,0.867,0.0,0,0,1,,1.0,2026-03-14T15:45:53.084250,neutral,0.999,2026-03-14T15:45:51.153675,0.3057805961335681,2026-03-14T15:45:53.505000,89,,,
participant_11,4,day,Town10HD_Opt,2026-03-14 15:45:54.301795,87.08245086669922,25.15501976013184,0.0022357939742505,28.847,-2.97,0.118,0.0,0,0,1,,1.0,2026-03-14T15:45:54.301795,neutral,1.0,2026-03-14T15:45:54.301795,0.2150021766821217,2026-03-14T15:45:54.134000,87,,,
participant_11,4,day,Town10HD_Opt,2026-03-14 15:45:55.272863,91.775634765625,24.97013664245605,0.0021313475444912,25.499,-11.0,0.296,0.0,0,0,1,,1.0,2026-03-14T15:45:55.272863,neutral,1.0,2026-03-14T15:45:54.301795,0.2435762652972427,2026-03-14T15:45:54.945000,85,,,
participant_11,4,day,Town10HD_Opt,2026-03-14 15:45:56.209335,95.89057159423828,23.66517448425293,0.0021012115757912,24.328,-16.99,0.356,0.0,0,0,1,,1.0,2026-03-14T15:45:56.209335,neutral,1.0,2026-03-14T15:45:54.301795,0.2722778454639139,2026-03-14T15:45:56.025000,85,,,
participant_11,4,day,Town10HD_Opt,2026-03-14 15:45:57.157569,99.30176544189452,21.14289093017578,0.0020570755004882,24.395,-10.562,0.35,0.0,0,0,1,,1.0,2026-03-14T15:45:57.157569,neutral,1.0,2026-03-14T15:45:57.157569,0.1808995998532937,2026-03-14T15:45:56.971000,86,,,
participant_11,4,day,Town10HD_Opt,2026-03-14 15:45:58.347450,102.86038208007812,16.732927322387695,0.0046013640239834,24.342,-8.582,0.339,0.0,0,0,1,,1.0,2026-03-14T15:45:58.347450,neutral,1.0,2026-03-14T15:45:57.157569,0.1658239775183334,2026-03-14T15:45:57.960000,86,,,
participant_11,4,day,Town10HD_Opt,2026-03-14 15:45:59.289115,104.6259765625,12.89680004119873,0.0019021987682208,25.033,-12.604,0.821,0.0,0,0,1,,1.0,2026-03-14T15:45:59.289115,neutral,1.0,2026-03-14T15:45:59.289115,0.2367314939817691,2026-03-14T15:45:59.175000,87,,,
participant_11,4,day,Town10HD_Opt,2026-03-14 15:46:00.297836,105.67321014404295,7.714914321899414,0.0015982437180355,37.89,-3.714,1.0,0.0,0,0,1,,1.0,2026-03-14T15:46:00.297836,neutral,1.0,2026-03-14T15:45:59.289115,0.1326963044953676,2026-03-14T15:46:00.030000,85,,,
participant_11,4,day,Town10HD_Opt,2026-03-14 15:46:01.275347,106.33106231689452,-0.0457124710083007,0.0015618514735251,52.606,-1.92,0.0,0.229,0,0,1,,1.0,2026-03-14T15:46:01.275347,neutral,1.0,2026-03-14T15:45:59.289115,0.1950749590229167,2026-03-14T15:46:00.930000,85,,,
participant_11,4,day,Town10HD_Opt,2026-03-14 15:46:02.269703,106.4570770263672,-8.872549057006836,0.0019998550415039,50.751,0.282,0.0,0.0,0,0,1,,1.0,2026-03-14T15:46:02.269703,neutral,1.0,2026-03-14T15:46:02.269703,0.1684323239094184,2026-03-14T15:46:01.965000,87,,,
participant_11,4,day,Town10HD_Opt,2026-03-14 15:46:03.254132,106.50524139404295,-17.644548416137695,0.0020127487368881,50.491,-1.528,0.83,0.0,0,0,1,,0.829,2026-03-14T15:46:03.254132,neutral,1.0,2026-03-14T15:46:02.269703,0.1798239206417871,2026-03-14T15:46:03.180000,88,,,
participant_11,4,day,Town10HD_Opt,2026-03-14 15:46:04.134200,106.2239227294922,-26.39268684387207,0.002062072744593,49.727,-2.076,0.809,0.0,0,0,1,,1.0,2026-03-14T15:46:04.134200,neutral,1.0,2026-03-14T15:46:02.269703,0.2682706500662021,2026-03-14T15:46:03.946000,88,,,
participant_11,4,day,Town10HD_Opt,2026-03-14 15:46:05.338449,104.35431671142578,-37.8341064453125,0.0019577406346797,50.687,-7.663,0.788,0.0,0,0,1,,1.0,2026-03-14T15:46:05.338449,neutral,1.0,2026-03-14T15:46:05.338449,0.1809014166754809,2026-03-14T15:46:05.115000,86,,,
participant_11,4,day,Town10HD_Opt,2026-03-14 15:46:06.285104,100.61185455322266,-45.66951370239258,0.0020368576515465,49.433,-4.374,0.897,0.0,0,0,1,,1.0,2026-03-14T15:46:06.285104,neutral,1.0,2026-03-14T15:46:05.338449,0.2040004981135045,2026-03-14T15:46:05.970000,84,,,
participant_11,4,day,Town10HD_Opt,2026-03-14 15:46:07.191018,95.3285903930664,-52.62657165527344,0.0020172882359474,50.152,-6.417,1.0,0.0,0,0,1,,0.836,2026-03-14T15:46:07.191018,neutral,1.0,2026-03-14T15:46:05.338449,0.2403957640969063,2026-03-14T15:46:06.960000,87,,,
participant_11,4,day,Town10HD_Opt,2026-03-14 15:46:08.122193,88.5662612915039,-58.18300247192383,0.0020494079217314,50.202,-6.028,0.924,0.0,0,0,1,,1.0,2026-03-14T15:46:08.122193,neutral,0.998,2026-03-14T15:46:08.122193,0.1478514384031898,2026-03-14T15:46:08.041000,86,,,
participant_11,4,day,Town10HD_Opt,2026-03-14 15:46:09.338025,77.790283203125,-62.66482162475586,0.0018459319835528,52.132,-4.32,0.0,0.213,0,0,1,,1.0,2026-03-14T15:46:09.338025,neutral,0.998,2026-03-14T15:46:08.122193,0.2325755913018382,2026-03-14T15:46:09.120000,85,,,
participant_11,4,day,Town10HD_Opt,2026-03-14 15:46:10.344786,69.11882781982422,-64.16545104980469,0.0018824386643245,52.138,-2.292,0.0,0.214,0,0,1,,1.0,2026-03-14T15:46:10.344786,neutral,1.0,2026-03-14T15:46:10.344786,0.1812112646262317,2026-03-14T15:46:09.930000,87,,,
participant_11,4,day,Town10HD_Opt,2026-03-14 15:46:11.294267,60.37164306640625,-64.75334167480469,0.0019330214709043,51.371,-0.933,0.0,0.137,0,0,1,,1.0,2026-03-14T15:46:11.294267,neutral,1.0,2026-03-14T15:46:10.344786,0.1479292622121494,2026-03-14T15:46:10.966000,87,,,
participant_11,4,day,Town10HD_Opt,2026-03-14 15:46:12.261201,51.66474151611328,-64.90290069580078,0.001975402701646,50.178,-0.884,0.687,0.0,0,0,1,,1.0,2026-03-14T15:46:12.261201,neutral,1.0,2026-03-14T15:46:10.344786,0.1794425905938618,2026-03-14T15:46:12.135000,87,,,
participant_11,4,day,Town10HD_Opt,2026-03-14 15:46:13.201449,43.0008544921875,-64.8013916015625,0.0021135329734534,48.118,0.721,0.481,0.0,0,0,1,,1.0,2026-03-14T15:46:13.201449,neutral,1.0,2026-03-14T15:46:13.201449,0.2016241244826319,2026-03-14T15:46:13.035000,86,,,
participant_11,4,day,Town10HD_Opt,2026-03-14 15:46:14.185667,34.66073226928711,-64.77985382080078,0.0020869825966656,46.998,-0.458,0.428,0.0,0,0,1,,1.0,2026-03-14T15:46:14.185667,neutral,1.0,2026-03-14T15:46:13.201449,0.2087420419041839,2026-03-14T15:46:13.936000,88,,,
participant_11,4,day,Town10HD_Opt,2026-03-14 15:46:15.098901,26.562049865722656,-64.67530059814453,0.0020995712839066,45.28,0.045,0.314,0.0,0,0,1,,1.0,2026-03-14T15:46:15.098901,neutral,1.0,2026-03-14T15:46:13.201449,0.1691761635376714,2026-03-14T15:46:15.015000,86,,,
participant_11,4,day,Town10HD_Opt,2026-03-14 15:46:16.096073,19.2591495513916,-64.56745147705078,0.0023461531382054,36.518,0.247,0.0,0.0,0,0,1,,1.0,2026-03-14T15:46:16.096073,neutral,1.0,2026-03-14T15:46:16.096073,0.170495070439647,2026-03-14T15:46:16.095000,85,,,
participant_11,4,day,Town10HD_Opt,2026-03-14 15:46:17.069098,13.548672676086426,-64.51602172851562,0.0023064422421157,28.214,0.315,0.0,0.0,0,0,1,,1.0,2026-03-14T15:46:17.069098,neutral,1.0,2026-03-14T15:46:16.096073,0.1024249366071586,2026-03-14T15:46:16.951000,85,,,
participant_11,4,day,Town10HD_Opt,2026-03-14 15:46:18.290106,7.965943336486816,-64.51158905029297,0.0022481156047433,19.361,-0.146,0.0,0.0,0,0,1,,1.0,2026-03-14T15:46:18.290106,neutral,1.0,2026-03-14T15:46:18.290106,0.1098255301002791,2026-03-14T15:46:17.941000,84,,,
participant_11,4,day,Town10HD_Opt,2026-03-14 15:46:19.301438,4.781659126281738,-64.50822448730469,0.0020862577948719,18.731,0.092,0.838,0.0,0,0,1,,1.0,2026-03-14T15:46:19.301438,neutral,1.0,2026-03-14T15:46:18.290106,0.0666568567298567,2026-03-14T15:46:19.066000,85,,,
participant_11,4,day,Town10HD_Opt,2026-03-14 15:46:20.258797,0.6344618797302246,-64.52033233642578,0.0016552733723074,30.319,0.289,0.813,0.0,0,0,1,,1.0,2026-03-14T15:46:20.258797,neutral,1.0,2026-03-14T15:46:18.290106,0.1019656640584873,2026-03-14T15:46:20.055000,84,,,
participant_11,4,day,Town10HD_Opt,2026-03-14 15:46:21.220243,-5.016425609588623,-64.56925201416016,0.0021589659154415,30.294,0.176,0.0,0.0,0,0,1,,1.0,2026-03-14T15:46:21.220243,neutral,1.0,2026-03-14T15:46:21.220243,0.0616367501749822,2026-03-14T15:46:21.136000,84,,,
participant_11,4,day,Town10HD_Opt,2026-03-14 15:46:22.170905,-9.74074649810791,-64.6325912475586,0.002268829382956,23.128,0.176,0.0,0.0,0,0,1,,1.0,2026-03-14T15:46:22.170905,neutral,1.0,2026-03-14T15:46:21.220243,0.1701252976431586,2026-03-14T15:46:21.991000,86,,,
participant_11,4,day,Town10HD_Opt,2026-03-14 15:46:23.093742,-13.305557250976562,-64.69456481933594,0.0020475005730986,17.508,0.176,0.0,0.0,0,0,1,,1.0,2026-03-14T15:46:23.093742,neutral,1.0,2026-03-14T15:46:21.220243,0.0954535620971312,2026-03-14T15:46:23.070000,84,,,
participant_11,4,day,Town10HD_Opt,2026-03-14 15:46:24.306691,-16.810161590576172,-64.76803588867188,0.002036819467321,12.378,0.176,0.0,0.0,0,0,1,,1.0,2026-03-14T15:46:24.306691,neutral,1.0,2026-03-14T15:46:24.306691,0.02,2026-03-14T15:46:24.016000,85,,,
participant_11,4,day,Town10HD_Opt,2026-03-14 15:46:25.232973,-18.73851776123047,-64.81364440917969,0.0020099638495594,9.508,0.176,0.0,0.0,0,0,1,,1.0,2026-03-14T15:46:25.232973,neutral,1.0,2026-03-14T15:46:24.306691,0.0552858740703659,2026-03-14T15:46:25.051000,84,,,
participant_11,4,day,Town10HD_Opt,2026-03-14 15:46:26.171288,-20.219215393066406,-64.8511734008789,0.001989021198824,7.194,0.176,0.0,0.0,0,0,1,,1.0,2026-03-14T15:46:26.171288,neutral,1.0,2026-03-14T15:46:24.306691,0.1422350335555993,2026-03-14T15:46:26.086000,85,,,
participant_11,4,day,Town10HD_Opt,2026-03-14 15:46:27.102806,-21.35599899291992,-64.88150787353516,0.0019728087354451,5.605,0.176,0.0,0.0,0,0,1,,1.0,2026-03-14T15:46:27.102806,neutral,0.998,2026-03-14T15:46:27.102806,0.1559206977600822,2026-03-14T15:46:27.031000,83,,,
participant_11,4,day,Town10HD_Opt,2026-03-14 15:46:28.245569,-22.471967697143555,-64.91258239746094,0.0019567869603633,3.826,0.176,0.0,0.0,0,0,1,,1.0,2026-03-14T15:46:28.245569,neutral,0.998,2026-03-14T15:46:27.102806,0.115294867780025,2026-03-14T15:46:27.930000,82,,,
participant_11,4,day,Town10HD_Opt,2026-03-14 15:46:29.195010,-23.08542251586914,-64.9301986694336,0.0019480895716696,3.025,0.176,0.0,0.0,0,0,1,,1.0,2026-03-14T15:46:29.195010,neutral,1.0,2026-03-14T15:46:29.195010,0.1796467326646577,2026-03-14T15:46:29.055000,84,,,
participant_11,4,day,Town10HD_Opt,2026-03-14 15:46:30.120625,-23.556360244750977,-64.94398498535156,0.0019413756672292,2.322,0.176,0.0,0.0,0,0,1,,1.0,2026-03-14T15:46:30.120625,neutral,1.0,2026-03-14T15:46:29.195010,0.2688684709059692,2026-03-14T15:46:30.360000,82,,,
participant_11,4,day,Town10HD_Opt,2026-03-14 15:46:31.280784,-24.23341941833496,-64.96398162841797,0.0016004561912268,8.386,0.176,0.952,0.0,0,0,1,,1.0,2026-03-14T15:46:31.280784,neutral,1.0,2026-03-14T15:46:31.280784,0.2849861867357774,2026-03-14T15:46:30.947000,83,,,
participant_11,4,day,Town10HD_Opt,2026-03-14 15:46:32.192457,-26.89924049377441,-65.05355834960938,0.0017271422548219,22.45,0.493,1.0,0.0,0,0,1,,1.0,2026-03-14T15:46:32.192457,neutral,1.0,2026-03-14T15:46:31.280784,0.3211843926775217,2026-03-14T15:46:32.116000,83,,,
participant_11,4,day,Town10HD_Opt,2026-03-14 15:46:33.124834,-32.13074493408203,-65.26644134521484,0.0015123748453333,38.814,0.007,1.0,0.0,0,0,1,,1.0,2026-03-14T15:46:33.124834,neutral,1.0,2026-03-14T15:46:31.280784,0.3149368776099038,2026-03-14T15:46:33.016000,84,,,
participant_11,4,day,Town10HD_Opt,2026-03-14 15:46:34.341260,-43.13551330566406,-65.7388687133789,0.00195690151304,50.653,0.019,0.0,0.124,0,0,1,,1.0,2026-03-14T15:46:34.341260,neutral,0.978,2026-03-14T15:46:34.341260,0.3148736650550681,2026-03-14T15:46:33.961000,84,,,
participant_11,4,day,Town10HD_Opt,2026-03-14 15:46:35.273321,-51.75332260131836,-66.11803436279297,0.0018354033818468,51.77,0.038,0.0,0.177,0,0,1,,1.0,2026-03-14T15:46:35.273321,neutral,0.978,2026-03-14T15:46:34.341260,0.3090959903444896,2026-03-14T15:46:35.029000,83,,,
participant_11,4,day,Town10HD_Opt,2026-03-14 15:46:36.180368,-60.49123001098633,-66.50434875488281,0.0018816374940797,51.775,-0.665,0.0,0.163,0,0,1,,1.0,2026-03-14T15:46:36.180368,neutral,0.978,2026-03-14T15:46:34.341260,0.4121200619968549,2026-03-14T15:46:36.030000,83,,,
participant_11,4,day,Town10HD_Opt,2026-03-14 15:46:37.082441,-69.20122528076172,-66.67586517333984,0.0019321822328493,51.243,-2.791,0.0,0.124,0,0,1,,1.0,2026-03-14T15:46:37.082441,neutral,1.0,2026-03-14T15:46:37.082441,0.463879469752135,2026-03-14T15:46:37.291000,84,,,
participant_11,4,day,Town10HD_Opt,2026-03-14 15:46:38.340750,-80.83402252197266,-65.24861907958984,0.001958503620699,50.756,-7.047,0.0,0.0,0,0,1,,1.0,2026-03-14T15:46:38.340750,neutral,1.0,2026-03-14T15:46:37.082441,0.4022170242266915,2026-03-14T15:46:38.011000,85,,,
participant_11,4,day,Town10HD_Opt,2026-03-14 15:46:39.314119,-88.8005142211914,-61.76890182495117,0.0019271849887445,50.932,-6.128,0.0,0.0,0,0,1,,1.0,2026-03-14T15:46:39.314119,neutral,0.999,2026-03-14T15:46:39.314119,0.4335684437202493,2026-03-14T15:46:38.958000,85,,,
participant_11,4,day,Town10HD_Opt,2026-03-14 15:46:40.220103,-95.6519546508789,-56.438133239746094,0.0018954466795548,51.276,-4.534,0.0,0.128,0,0,1,,1.0,2026-03-14T15:46:40.220103,neutral,0.999,2026-03-14T15:46:39.314119,0.3691772292819978,2026-03-14T15:46:40.126000,85,,,
participant_11,4,day,Town10HD_Opt,2026-03-14 15:46:41.202128,-101.38191223144533,-49.83357238769531,0.0018424605950713,52.31,-4.44,0.0,0.235,0,0,1,,1.0,2026-03-14T15:46:41.202128,neutral,0.999,2026-03-14T15:46:39.314119,0.4043026577138907,2026-03-14T15:46:40.984000,85,,,
participant_11,4,day,Town10HD_Opt,2026-03-14 15:46:42.190305,-105.7894515991211,-42.29572677612305,0.0019019698956981,51.782,-4.627,0.0,0.131,0,0,1,,1.0,2026-03-14T15:46:42.190305,neutral,0.999,2026-03-14T15:46:42.190305,0.4056185612368676,2026-03-14T15:46:41.970000,86,,,
participant_11,4,day,Town10HD_Opt,2026-03-14 15:46:43.137334,-108.73416137695312,-34.06269836425781,0.002005310030654,50.32,-3.877,0.719,0.0,0,0,1,,1.0,2026-03-14T15:46:43.137334,neutral,0.999,2026-03-14T15:46:42.190305,0.4255356249180734,2026-03-14T15:46:42.961000,87,,,
participant_11,4,day,Town10HD_Opt,2026-03-14 15:46:44.090138,-110.23794555664062,-25.59561920166016,0.0022782515734434,45.634,-3.745,0.0,0.0,0,0,1,,1.0,2026-03-14T15:46:44.090138,neutral,0.999,2026-03-14T15:46:42.190305,0.4192417617133545,2026-03-14T15:46:44.175000,86,,,
participant_11,4,day,Town10HD_Opt,2026-03-14 15:46:45.349477,-110.51278686523438,-16.681575775146484,0.002395172137767,30.451,1.375,0.0,0.349,0,0,1,,1.0,2026-03-14T15:46:45.349477,neutral,0.997,2026-03-14T15:46:45.349477,0.5322195195230514,2026-03-14T15:46:45.121000,86,,,
participant_11,4,day,Town10HD_Opt,2026-03-14 15:46:46.313045,-110.61014556884766,-12.11060905456543,0.0023356245364993,21.227,-1.093,0.0,0.315,0,0,1,,1.0,2026-03-14T15:46:46.313045,neutral,0.997,2026-03-14T15:46:45.349477,0.458121816473228,2026-03-14T15:46:46.065000,87,,,
participant_11,4,day,Town10HD_Opt,2026-03-14 15:46:47.272889,-110.64607238769533,-8.946698188781738,0.0020365142263472,15.411,-1.523,0.068,0.0,0,0,1,,1.0,2026-03-14T15:46:47.272889,neutral,0.997,2026-03-14T15:46:45.349477,0.4741086313976411,2026-03-14T15:46:46.962000,86,,,
participant_11,4,day,Town10HD_Opt,2026-03-14 15:46:48.205828,-110.6310806274414,-5.931390762329102,0.001851386972703,22.377,0.625,1.0,0.0,0,0,1,,1.0,2026-03-14T15:46:48.205828,neutral,1.0,2026-03-14T15:46:48.205828,0.4329699719911681,2026-03-14T15:46:48.135000,86,,,
participant_11,4,day,Town10HD_Opt,2026-03-14 15:46:49.218001,-110.67585754394533,-0.7109928131103516,0.0015340042300522,39.152,0.308,0.937,0.0,0,0,1,,1.0,2026-03-14T15:46:49.218001,neutral,1.0,2026-03-14T15:46:48.205828,0.3361002090755109,2026-03-14T15:46:48.947000,86,,,
participant_11,4,day,Town10HD_Opt,2026-03-14 15:46:50.186118,-110.74854278564452,7.001806259155273,0.0016696548555046,49.623,-3.938,0.69,0.0,0,0,1,,1.0,2026-03-14T15:46:50.186118,neutral,1.0,2026-03-14T15:46:48.205828,0.4370694697051258,2026-03-14T15:46:49.981000,86,,,
participant_11,4,day,Town10HD_Opt,2026-03-14 15:46:51.167661,-109.22698211669922,15.373476028442385,0.002376785269007,43.319,-16.955,0.0,0.0,0,0,1,,1.0,2026-03-14T15:46:51.167661,neutral,0.999,2026-03-14T15:46:51.167661,0.4599470446929486,2026-03-14T15:46:51.015000,90,,,
participant_11,4,day,Town10HD_Opt,2026-03-14 15:46:52.254730,-104.9605712890625,20.39014434814453,0.0024018478579819,32.549,-11.646,0.0,0.0,0,0,1,,1.0,2026-03-14T15:46:52.254730,neutral,0.999,2026-03-14T15:46:51.167661,0.4728752807897362,2026-03-14T15:46:51.961000,89,,,
participant_11,4,day,Town10HD_Opt,2026-03-14 15:46:53.324054,-100.14307403564452,22.87206649780273,0.0018829726614058,34.373,-9.938,0.969,0.0,0,0,1,,1.0,2026-03-14T15:46:53.324054,neutral,0.997,2026-03-14T15:46:53.324054,0.4144479989793058,2026-03-14T15:46:53.040000,90,,,
participant_11,4,day,Town10HD_Opt,2026-03-14 15:46:54.087729,-95.83175659179688,23.96560287475586,0.0016860198229551,41.981,-4.735,0.391,0.0,0,0,1,,1.0,2026-03-14T15:46:54.087729,neutral,0.997,2026-03-14T15:46:53.324054,0.3587286426808406,2026-03-14T15:46:53.988000,87,,,
participant_11,4,day,Town10HD_Opt,2026-03-14 15:46:55.121593,-88.337890625,24.97592544555664,0.0017764281947165,47.519,-0.9,1.0,0.0,0,0,1,,1.0,2026-03-14T15:46:55.121593,neutral,0.997,2026-03-14T15:46:53.324054,0.4025655916906843,2026-03-14T15:46:54.976000,90,,,
participant_11,4,day,Town10HD_Opt,2026-03-14 15:46:56.158167,-79.59014892578125,25.77286720275879,0.0021966171916574,48.358,-0.475,0.966,0.0,0,0,1,,1.0,2026-03-14T15:46:56.158167,neutral,0.997,2026-03-14T15:46:56.158167,0.3511432139893831,2026-03-14T15:46:56.371000,88,,,
participant_11,4,day,Town10HD_Opt,2026-03-14 15:46:57.117913,-70.83345794677734,26.37302589416504,0.0021925354376435,48.696,-0.505,1.0,0.0,0,0,1,,1.0,2026-03-14T15:46:57.117913,neutral,0.997,2026-03-14T15:46:56.158167,0.460622249772695,2026-03-14T15:46:56.371000,90,,,
participant_11,4,day,Town10HD_Opt,2026-03-14 15:46:58.067860,-62.0010871887207,26.79226493835449,0.0021579742897301,49.104,-0.498,0.973,0.0,0,0,1,,1.0,2026-03-14T15:46:58.067860,neutral,0.997,2026-03-14T15:46:56.158167,0.4272913577280653,2026-03-14T15:46:56.371000,89,,,
participant_11,4,day,Town10HD_Opt,2026-03-14 15:46:59.336552,-50.368309020996094,27.058263778686523,0.0021708679851144,48.927,-0.498,0.911,0.0,0,0,1,,1.0,2026-03-14T15:46:59.336552,neutral,0.992,2026-03-14T15:46:59.336552,0.3886392297490041,2026-03-14T15:46:56.371000,87,,,
participant_11,4,day,Town10HD_Opt,2026-03-14 15:47:00.332491,-41.59101486206055,27.04767608642578,0.0021500778384506,49.237,-0.026,0.891,0.0,0,0,1,,1.0,2026-03-14T15:47:00.332491,neutral,0.992,2026-03-14T15:46:59.336552,0.4388219411350915,2026-03-14T15:46:56.371000,90,,,
participant_11,4,day,Town10HD_Opt,2026-03-14 15:47:01.283064,-32.7906379699707,26.960336685180664,0.0021534727420657,49.369,0.073,1.0,0.0,0,0,1,,1.0,2026-03-14T15:47:01.283064,neutral,0.992,2026-03-14T15:46:59.336552,0.467902260852241,2026-03-14T15:46:56.371000,90,,,
participant_11,4,day,Town10HD_Opt,2026-03-14 15:47:02.244396,-23.973886489868164,26.892337799072266,0.0022198485676199,48.334,0.073,0.953,0.0,0,0,1,,1.0,2026-03-14T15:47:02.244396,neutral,1.0,2026-03-14T15:47:02.244396,0.4405032069790029,2026-03-14T15:46:56.371000,87,,,
participant_11,4,day,Town10HD_Opt,2026-03-14 15:47:03.203410,-15.216958999633787,26.84381484985352,0.0022018051240593,48.34,-0.089,0.911,0.0,0,0,1,,1.0,2026-03-14T15:47:03.203410,neutral,1.0,2026-03-14T15:47:02.244396,0.489124250483787,2026-03-14T15:46:56.371000,89,,,
participant_11,4,day,Town10HD_Opt,2026-03-14 15:47:04.123327,-6.478229999542236,26.771041870117188,0.0021740722004324,48.716,-0.115,0.873,0.0,0,0,1,,1.0,2026-03-14T15:47:04.123327,neutral,1.0,2026-03-14T15:47:02.244396,0.3737156482068945,2026-03-14T15:46:56.371000,86,,,
participant_11,4,day,Town10HD_Opt,2026-03-14 15:47:05.339561,5.065928936004639,26.61075782775879,0.0021589279640465,47.146,-0.136,0.0,0.0,0,0,1,,1.0,2026-03-14T15:47:05.339561,neutral,0.998,2026-03-14T15:47:05.339561,0.4480566583087439,2026-03-14T15:46:56.371000,88,,,
participant_11,4,day,Town10HD_Opt,2026-03-14 15:47:06.259448,12.528103828430176,26.471662521362305,0.0023664855398237,37.075,0.416,0.0,0.016,0,0,1,,1.0,2026-03-14T15:47:06.259448,neutral,0.998,2026-03-14T15:47:05.339561,0.3507724270330292,2026-03-14T15:46:56.371000,88,,,
participant_11,4,day,Town10HD_Opt,2026-03-14 15:47:07.181523,18.32229423522949,26.4326171875,0.0023109053727239,28.631,1.434,0.0,0.0,0,0,1,,1.0,2026-03-14T15:47:07.181523,neutral,0.998,2026-03-14T15:47:05.339561,0.4848929882735343,2026-03-14T15:46:56.371000,88,,,
participant_11,4,day,Town10HD_Opt,2026-03-14 15:47:08.123847,22.76409339904785,26.56814384460449,0.0022640989627689,21.708,2.73,0.0,0.0,0,0,1,,1.0,2026-03-14T15:47:08.123847,neutral,1.0,2026-03-14T15:47:08.123847,0.438260570908391,2026-03-14T15:46:56.371000,90,,,
participant_11,4,day,Town10HD_Opt,2026-03-14 15:47:09.178155,26.09993553161621,26.867387771606445,0.0019668578170239,16.59,3.947,0.007,0.0,0,0,1,,1.0,2026-03-14T15:47:09.178155,neutral,1.0,2026-03-14T15:47:08.123847,0.394197908374353,2026-03-14T15:46:56.371000,87,,,
participant_11,4,day,Town10HD_Opt,2026-03-14 15:47:10.147824,28.664072036743164,27.29550170898437,0.002033157274127,12.97,5.86,0.019,0.0,0,0,1,,1.0,2026-03-14T15:47:10.147824,neutral,0.98,2026-03-14T15:47:10.147824,0.3629072002050455,2026-03-14T15:46:56.371000,88,,,
participant_11,4,day,Town10HD_Opt,2026-03-14 15:47:11.125409,30.643707275390625,27.79496955871582,0.0019955444149672,10.297,6.201,0.04,0.0,0,0,1,,1.0,2026-03-14T15:47:11.125409,neutral,0.98,2026-03-14T15:47:10.147824,0.3875397018808902,2026-03-14T15:46:56.371000,89,,,
participant_11,4,day,Town10HD_Opt,2026-03-14 15:47:12.354044,33.026329040527344,28.61351585388184,0.0017991255735978,13.091,8.904,0.318,0.0,0,0,1,,1.0,2026-03-14T15:47:12.354044,neutral,0.999,2026-03-14T15:47:12.354044,0.3987571890238434,2026-03-14T15:46:56.371000,87,,,
participant_11,4,day,Town10HD_Opt,2026-03-14 15:47:13.136344,34.5289421081543,29.355932235717773,0.0017319869948551,17.186,15.62,0.829,0.0,0,0,1,,1.0,2026-03-14T15:47:13.136344,neutral,0.999,2026-03-14T15:47:12.354044,0.4177834790224699,2026-03-14T15:46:56.371000,87,,,
participant_11,4,day,Town10HD_Opt,2026-03-14 15:47:14.115299,37.361141204833984,31.78276824951172,0.0017670821398496,26.946,21.603,0.783,0.0,0,0,1,,1.0,2026-03-14T15:47:14.115299,neutral,0.999,2026-03-14T15:47:12.354044,0.4084555382568868,2026-03-14T15:46:56.371000,89,,,
participant_11,4,day,Town10HD_Opt,2026-03-14 15:47:15.132631,39.59666442871094,36.595340728759766,0.0018663787050172,34.332,15.009,0.514,0.0,0,0,1,,1.0,2026-03-14T15:47:15.132631,neutral,0.998,2026-03-14T15:47:15.132631,0.3837934943220548,2026-03-14T15:46:56.371000,90,,,
participant_11,4,day,Town10HD_Opt,2026-03-14 15:47:16.169671,40.11050796508789,42.49152374267578,0.0022175216581672,31.006,1.055,0.0,0.0,0,0,1,,1.0,2026-03-14T15:47:16.169671,neutral,0.998,2026-03-14T15:47:15.132631,0.4554349282385717,2026-03-14T15:46:56.371000,88,,,
participant_11,4,day,Town10HD_Opt,2026-03-14 15:47:17.135217,40.25371170043945,47.24370956420898,0.0023274230770766,22.35,0.139,0.0,0.333,0,0,1,,1.0,2026-03-14T15:47:17.135217,neutral,0.998,2026-03-14T15:47:17.135217,0.3411671781525161,2026-03-14T15:46:56.371000,89,,,
participant_11,4,day,Town10HD_Opt,2026-03-14 15:47:18.336642,40.357513427734375,51.37265396118164,0.0020992278587073,13.112,1.137,0.0,0.301,0,0,1,,1.0,2026-03-14T15:47:18.336642,neutral,0.998,2026-03-14T15:47:17.135217,0.4320686389823959,2026-03-14T15:46:56.371000,90,,,
participant_11,4,day,Town10HD_Opt,2026-03-14 15:47:19.304921,40.36910629272461,53.25727844238281,0.0020442199893295,8.706,0.757,0.0,0.0,0,0,1,,1.0,2026-03-14T15:47:19.304921,neutral,0.999,2026-03-14T15:47:19.304921,0.4165657250240098,2026-03-14T15:46:56.371000,88,,,
participant_11,4,day,Town10HD_Opt,2026-03-14 15:47:20.257557,40.38556671142578,55.03256607055664,0.001574287423864,15.93,-2.6,0.985,0.0,0,0,1,,1.0,2026-03-14T15:47:20.257557,neutral,0.999,2026-03-14T15:47:19.304921,0.4088571073274174,2026-03-14T15:46:56.371000,89,,,
participant_11,4,day,Town10HD_Opt,2026-03-14 15:47:21.159849,40.66976547241211,58.83203125,0.0016096878098323,29.2,-8.105,0.902,0.0,0,0,1,,1.0,2026-03-14T15:47:21.159849,neutral,0.999,2026-03-14T15:47:19.304921,0.4343419162821805,2026-03-14T15:46:56.371000,88,,,
participant_11,4,day,Town10HD_Opt,2026-03-14 15:47:22.360494,44.0521240234375,66.48189544677734,0.0017734909197315,43.323,-19.467,0.84,0.0,0,0,1,,1.0,2026-03-14T15:47:22.360494,neutral,1.0,2026-03-14T15:47:22.360494,0.3824264804693144,2026-03-14T15:46:56.371000,87,,,
participant_11,4,day,Town10HD_Opt,2026-03-14 15:47:23.255058,51.13447189331055,70.1923599243164,0.0018754195189103,49.505,-15.233,0.713,0.0,0,0,1,,1.0,2026-03-14T15:47:23.255058,neutral,1.0,2026-03-14T15:47:22.360494,0.3783469610180483,2026-03-14T15:46:56.371000,88,,,
participant_11,4,day,Town10HD_Opt,2026-03-14 15:47:24.177880,59.7900505065918,69.76881408691406,0.0021090316586196,48.741,2.633,0.421,0.0,0,0,1,,1.0,2026-03-14T15:47:24.177880,neutral,1.0,2026-03-14T15:47:22.360494,0.3975543413792463,2026-03-14T15:46:56.371000,88,,,errors=Solid line crossing
participant_11,4,day,Town10HD_Opt,2026-03-14 15:47:25.084796,67.96259307861328,68.83442687988281,0.0022935485467314,42.788,4.806,0.0,0.0,0,0,1,,1.0,2026-03-14T15:47:25.084796,neutral,0.996,2026-03-14T15:47:25.084796,0.3880738655649883,2026-03-14T15:46:56.371000,87,,,
participant_11,4,day,Town10HD_Opt,2026-03-14 15:47:26.364691,76.33854675292969,69.24562072753906,0.0023743438068777,28.538,-0.233,0.0,0.3,0,0,1,,1.0,2026-03-14T15:47:26.364691,neutral,0.996,2026-03-14T15:47:25.084796,0.3996576815879875,2026-03-14T15:46:56.371000,88,,,
participant_11,4,day,Town10HD_Opt,2026-03-14 15:47:27.285498,80.602294921875,69.63390350341797,0.0023188018240034,19.413,-1.102,0.0,0.316,0,0,1,,1.0,2026-03-14T15:47:27.285498,neutral,1.0,2026-03-14T15:47:27.285498,0.4379378459581525,2026-03-14T15:46:56.371000,88,,,
participant_11,4,day,Town10HD_Opt,2026-03-14 15:47:28.153325,83.50094604492188,69.8376235961914,0.0021133422851562,12.549,-0.618,0.0,0.44,0,0,1,,1.0,2026-03-14T15:47:28.153325,neutral,1.0,2026-03-14T15:47:27.285498,0.4135537811008942,2026-03-14T15:46:56.371000,89,,,
participant_11,4,day,Town10HD_Opt,2026-03-14 15:47:29.074827,85.26222229003906,69.94859313964844,0.0021187209058552,6.713,-0.468,0.0,0.556,0,0,1,,1.0,2026-03-14T15:47:29.074827,neutral,1.0,2026-03-14T15:47:27.285498,0.4103255908552138,2026-03-14T15:46:56.371000,89,,,
participant_11,4,day,Town10HD_Opt,2026-03-14 15:47:30.249212,85.51071166992188,69.9636459350586,0.0019449614919722,0.0,-0.233,0.0,0.465,0,0,1,,1.0,2026-03-14T15:47:30.249212,neutral,1.0,2026-03-14T15:47:30.249212,0.4183860976952263,2026-03-14T15:46:56.371000,89,,,
participant_11,4,day,Town10HD_Opt,2026-03-14 15:47:31.123378,85.5107421875,69.9636459350586,0.0019202422117814,0.0,2.21,0.0,0.0,0,0,1,,1.0,2026-03-14T15:47:31.123378,neutral,1.0,2026-03-14T15:47:30.249212,0.3959280448958697,2026-03-14T15:46:56.371000,88,,,
participant_11,4,day,Town10HD_Opt,2026-03-14 15:47:32.286755,85.58978271484375,69.97441101074219,0.0019017410231754,0.905,9.507,0.874,0.0,0,0,1,,1.0,2026-03-14T15:47:32.286755,neutral,1.0,2026-03-14T15:47:32.286755,0.445275365933797,2026-03-14T15:46:56.371000,88,,,
participant_11,4,day,Town10HD_Opt,2026-03-14 15:47:33.165636,86.89723205566406,70.20716857910156,0.0014053344493731,16.385,10.478,1.0,0.0,0,0,1,,1.0,2026-03-14T15:47:33.165636,neutral,1.0,2026-03-14T15:47:32.286755,0.4317562977905052,2026-03-14T15:46:56.371000,90,,,
participant_11,4,day,Town10HD_Opt,2026-03-14 15:47:34.361383,92.37348175048828,72.1802749633789,0.0015481949085369,35.763,13.355,0.941,0.0,0,0,1,,1.0,2026-03-14T15:47:34.361383,neutral,0.998,2026-03-14T15:47:34.361383,0.4093591518205841,2026-03-14T15:46:56.371000,88,,,
participant_11,4,day,Town10HD_Opt,2026-03-14 15:47:35.284743,97.56658172607422,77.01618957519531,0.0017073821509256,46.938,18.503,0.915,0.0,0,0,1,,1.0,2026-03-14T15:47:35.284743,neutral,0.998,2026-03-14T15:47:34.361383,0.3638358797545419,2026-03-14T15:46:56.371000,88,,,
participant_11,4,day,Town10HD_Opt,2026-03-14 15:47:36.182818,99.52678680419922,85.37451171875,0.0021231842692941,48.843,4.584,0.909,0.0,0,0,1,,1.0,2026-03-14T15:47:36.182818,neutral,0.998,2026-03-14T15:47:34.361383,0.4615110339699101,2026-03-14T15:46:56.371000,89,,,
participant_11,4,day,Town10HD_Opt,2026-03-14 15:47:37.107577,98.81839752197266,94.1551284790039,0.0021760177332907,48.651,-1.034,0.894,0.0,0,0,1,,1.0,2026-03-14T15:47:37.107577,neutral,1.0,2026-03-14T15:47:37.107577,0.4357184005397806,2026-03-14T15:46:56.371000,87,Solid line crossing,Solid line crossing,
participant_11,4,day,Town10HD_Opt,2026-03-14 15:47:38.353897,97.17131805419922,105.58499145507812,0.0021327589638531,48.828,6.663,0.984,0.0,0,0,1,,1.0,2026-03-14T15:47:38.353897,neutral,1.0,2026-03-14T15:47:37.107577,0.4318214800242892,2026-03-14T15:46:56.371000,88,,,
participant_11,4,day,Town10HD_Opt,2026-03-14 15:47:39.252173,93.4603042602539,113.53990173339844,0.0022620009258389,47.444,4.291,1.0,0.0,0,0,1,,1.0,2026-03-14T15:47:39.252173,neutral,0.997,2026-03-14T15:47:39.252173,0.477105437643079,2026-03-14T15:46:56.371000,88,Solid line crossing,Solid line crossing,
participant_11,4,day,Town10HD_Opt,2026-03-14 15:47:40.203052,88.24812316894531,120.56871795654295,0.0021535491105169,48.795,6.462,0.981,0.0,0,0,1,,1.0,2026-03-14T15:47:40.203052,neutral,0.997,2026-03-14T15:47:39.252173,0.4369560195881285,2026-03-14T15:46:56.371000,88,,,
participant_11,4,day,Town10HD_Opt,2026-03-14 15:47:41.069015,81.49916076660156,126.1270751953125,0.002000655978918,51.233,7.368,0.0,0.123,0,0,1,,1.0,2026-03-14T15:47:41.069015,neutral,0.997,2026-03-14T15:47:39.252173,0.4071950130528108,2026-03-14T15:46:56.371000,89,,,
participant_11,4,day,Town10HD_Opt,2026-03-14 15:47:42.255555,70.70674133300781,130.50965881347656,0.0021881102584302,48.762,4.551,1.0,0.0,0,0,1,,1.0,2026-03-14T15:47:42.255555,neutral,0.897,2026-03-14T15:47:42.255555,0.3887106970952404,2026-03-14T15:46:56.371000,89,,,
participant_11,4,day,Town10HD_Opt,2026-03-14 15:47:43.160028,62.0340461730957,131.8818359375,0.0021937561687082,48.573,4.459,1.0,0.0,0,0,1,,1.0,2026-03-14T15:47:43.160028,neutral,0.897,2026-03-14T15:47:42.255555,0.3871521363156268,2026-03-14T15:46:56.371000,90,,,
participant_11,4,day,Town10HD_Opt,2026-03-14 15:47:44.346103,50.39864730834961,132.06898498535156,0.002024192828685,50.618,-0.545,1.0,0.0,0,0,1,,1.0,2026-03-14T15:47:44.346103,neutral,0.999,2026-03-14T15:47:44.346103,0.4201651356536239,2026-03-14T15:46:56.371000,88,,,
participant_11,4,day,Town10HD_Opt,2026-03-14 15:47:45.263238,41.60719680786133,132.3148956298828,0.0020244598854333,50.679,0.409,1.0,0.0,0,0,1,,1.0,2026-03-14T15:47:45.263238,neutral,0.999,2026-03-14T15:47:44.346103,0.4478036828324579,2026-03-14T15:46:56.371000,88,,,
participant_11,4,day,Town10HD_Opt,2026-03-14 15:47:46.167646,32.80645751953125,132.43397521972656,0.0020262526813894,50.105,0.414,1.0,0.0,0,0,1,,1.0,2026-03-14T15:47:46.167646,neutral,0.999,2026-03-14T15:47:44.346103,0.4482545728285377,2026-03-14T15:46:56.371000,88,,,
participant_11,4,day,Town10HD_Opt,2026-03-14 15:47:47.345789,21.065629959106445,132.3981170654297,0.0019664764404296,50.382,0.052,0.537,0.0,0,0,1,,1.0,2026-03-14T15:47:47.345789,neutral,0.991,2026-03-14T15:47:47.345789,0.3539180268888796,2026-03-14T15:46:56.371000,89,,,
participant_11,4,day,Town10HD_Opt,2026-03-14 15:47:48.233443,12.812353134155272,132.33465576171875,0.0022724531590938,43.17,0.035,0.202,0.0,0,0,1,,1.0,2026-03-14T15:47:48.233443,neutral,0.991,2026-03-14T15:47:47.345789,0.4461198458697124,2026-03-14T15:46:56.371000,87,,,
participant_11,4,day,Town10HD_Opt,2026-03-14 15:47:49.214609,5.908196926116943,132.2705535888672,0.0023387526161968,34.465,0.035,0.0,0.0,0,0,1,,1.0,2026-03-14T15:47:49.214609,neutral,0.991,2026-03-14T15:47:47.345789,0.3972839844486447,2026-03-14T15:46:56.371000,88,,,
participant_11,4,day,Town10HD_Opt,2026-03-14 15:47:50.145111,0.521729052066803,132.21498107910156,0.0022959518246352,26.118,-0.127,0.0,0.0,0,0,1,,1.0,2026-03-14T15:47:50.145111,neutral,0.999,2026-03-14T15:47:50.145111,0.3856021260256905,2026-03-14T15:46:56.371000,89,,,
participant_11,4,day,Town10HD_Opt,2026-03-14 15:47:51.202031,-3.587240219116211,132.18002319335938,0.0022537994664162,19.932,-0.148,0.0,0.0,0,0,1,,1.0,2026-03-14T15:47:51.202031,neutral,0.999,2026-03-14T15:47:50.145111,0.4237789521835419,2026-03-14T15:46:56.371000,88,,,
participant_11,4,day,Town10HD_Opt,2026-03-14 15:47:52.104651,-6.693109512329102,132.16294860839844,0.0020191192161291,15.184,-0.148,0.0,0.0,0,0,1,,1.0,2026-03-14T15:47:52.104651,neutral,0.999,2026-03-14T15:47:50.145111,0.4406439524902185,2026-03-14T15:46:56.371000,88,,,
participant_11,4,day,Town10HD_Opt,2026-03-14 15:47:53.280809,-9.763509750366213,132.15402221679688,0.0020112609490752,11.131,-0.148,0.211,0.0,0,0,1,,1.0,2026-03-14T15:47:53.280809,neutral,0.999,2026-03-14T15:47:53.280809,0.3598080147895094,2026-03-14T15:46:56.371000,89,,,
participant_11,4,day,Town10HD_Opt,2026-03-14 15:47:54.209821,-11.837188720703123,132.15234375,0.0018350600730627,13.315,-0.148,0.336,0.0,0,0,1,,1.0,2026-03-14T15:47:54.209821,neutral,0.999,2026-03-14T15:47:53.280809,0.4178317995037424,2026-03-14T15:46:56.371000,88,,,
participant_11,4,day,Town10HD_Opt,2026-03-14 15:47:55.090489,-14.24028491973877,132.15463256835938,0.0019350051879882,13.87,-0.157,0.925,0.0,0,0,1,,1.0,2026-03-14T15:47:55.090489,neutral,0.999,2026-03-14T15:47:53.280809,0.3442883895379761,2026-03-14T15:46:56.371000,89,,,
participant_11,4,day,Town10HD_Opt,2026-03-14 15:47:56.341147,-19.24937629699707,132.17257690429688,0.0015208434779196,32.334,-0.045,0.999,0.0,0,0,1,,1.0,2026-03-14T15:47:56.341147,neutral,0.998,2026-03-14T15:47:56.341147,0.4408133187968596,2026-03-14T15:46:56.371000,90,,,
participant_11,4,day,Town10HD_Opt,2026-03-14 15:47:57.323081,-26.074317932128903,131.8970489501953,0.0015889739152044,46.551,9.114,0.946,0.0,0,0,1,,1.0,2026-03-14T15:47:57.323081,neutral,0.998,2026-03-14T15:47:56.341147,0.3647534196171507,2026-03-14T15:46:56.371000,89,,,
participant_11,4,day,Town10HD_Opt,2026-03-14 15:47:58.301082,-34.2855110168457,129.2187957763672,0.0021779250819236,47.918,12.263,0.934,0.0,0,0,1,,1.0,2026-03-14T15:47:58.301082,neutral,0.998,2026-03-14T15:47:56.341147,0.4167666974368968,2026-03-14T15:46:56.371000,88,,,
participant_11,4,day,Town10HD_Opt,2026-03-14 15:47:59.226400,-40.41938781738281,123.18502044677734,0.0021065901964902,48.832,15.226,0.927,0.0,0,0,1,,1.0,2026-03-14T15:47:59.226400,neutral,0.996,2026-03-14T15:47:59.226400,0.3944794805349365,2026-03-14T15:46:56.371000,90,,,
participant_11,4,day,Town10HD_Opt,2026-03-14 15:48:00.221920,-42.64129257202149,114.91600036621094,0.0019319152925163,50.946,4.893,0.0,0.0,0,0,1,,1.0,2026-03-14T15:48:00.221920,neutral,0.996,2026-03-14T15:47:59.226400,0.3863186732715606,2026-03-14T15:46:56.371000,86,,,
participant_11,4,day,Town10HD_Opt,2026-03-14 15:48:01.193613,-42.49617004394531,106.26333618164062,0.0019896316807717,49.983,-2.546,0.528,0.0,0,0,1,,1.0,2026-03-14T15:48:01.193613,neutral,0.996,2026-03-14T15:47:59.226400,0.329118249780652,2026-03-14T15:46:56.371000,87,,,
participant_11,4,day,Town10HD_Opt,2026-03-14 15:48:02.112354,-42.93846130371094,97.71207427978516,0.0023022459354251,44.575,-0.938,0.0,0.0,0,0,1,,1.0,2026-03-14T15:48:02.112354,neutral,0.998,2026-03-14T15:48:02.112354,0.3581710829335809,2026-03-14T15:48:01.945000,92,,,
participant_11,4,day,Town10HD_Opt,2026-03-14 15:48:03.088489,-43.58164596557617,90.7632827758789,0.0023274230770766,35.154,0.106,0.227,0.0,0,0,1,,1.0,2026-03-14T15:48:03.088489,neutral,0.998,2026-03-14T15:48:02.112354,0.4161293897174313,2026-03-14T15:48:02.979000,93,,,
participant_11,4,day,Town10HD_Opt,2026-03-14 15:48:04.321650,-43.86634826660156,82.93024444580078,0.0020009230356663,34.337,8.625,0.687,0.0,0,0,1,,1.0,2026-03-14T15:48:04.321650,neutral,0.99,2026-03-14T15:48:04.321650,0.3869320439074679,2026-03-14T15:48:03.969000,91,,,
participant_11,4,day,Town10HD_Opt,2026-03-14 15:48:05.284728,-42.31128692626953,76.57042694091797,0.0017763137584552,42.787,14.256,0.814,0.0,0,0,1,,1.0,2026-03-14T15:48:05.284728,neutral,0.99,2026-03-14T15:48:04.321650,0.4163918187012918,2026-03-14T15:48:05.009000,90,,,
participant_11,4,day,Town10HD_Opt,2026-03-14 15:48:06.306936,-37.34165573120117,70.54632568359375,0.0018877410329878,48.052,21.017,0.675,0.0,0,0,1,,1.0,2026-03-14T15:48:06.306936,neutral,0.99,2026-03-14T15:48:04.321650,0.4026642525424704,2026-03-14T15:48:05.994000,89,,,
participant_11,4,day,Town10HD_Opt,2026-03-14 15:48:07.342373,-29.38672065734864,68.94956970214844,0.0021106719505041,46.256,6.319,0.42,0.0,0,0,1,,1.0,2026-03-14T15:48:07.342373,neutral,0.989,2026-03-14T15:48:07.342373,0.4230056609812983,2026-03-14T15:48:06.984000,90,,,
participant_11,4,day,Town10HD_Opt,2026-03-14 15:48:08.314884,-21.54085350036621,70.1377944946289,0.0021474456880241,43.544,-4.841,0.261,0.0,0,0,1,,1.0,2026-03-14T15:48:08.314884,neutral,0.989,2026-03-14T15:48:07.342373,0.3860678826000874,2026-03-14T15:48:08.289000,89,,,errors=Solid line crossing
participant_11,4,day,Town10HD_Opt,2026-03-14 15:48:09.299603,-14.296746253967283,70.46414947509766,0.0021852874197065,38.809,-1.775,0.263,0.0,0,0,1,,1.0,2026-03-14T15:48:09.299603,neutral,0.989,2026-03-14T15:48:07.342373,0.4150906057700012,2026-03-14T15:48:09.099000,89,,,
participant_11,4,day,Town10HD_Opt,2026-03-14 15:48:10.289268,-7.751583099365234,70.337158203125,0.0021038055419921,36.52,-0.604,0.541,0.0,0,0,1,,1.0,2026-03-14T15:48:10.289268,neutral,1.0,2026-03-14T15:48:10.289268,0.4234182819185541,2026-03-14T15:48:10,88,,,
participant_11,4,day,Town10HD_Opt,2026-03-14 15:48:11.213842,-1.188324213027954,70.01615142822266,0.0019756315741688,38.73,0.653,0.499,0.0,0,0,1,,1.0,2026-03-14T15:48:11.213842,neutral,1.0,2026-03-14T15:48:10.289268,0.4353180637928455,2026-03-14T15:48:11.079000,89,,,
participant_11,4,day,Town10HD_Opt,2026-03-14 15:48:12.179566,5.496570110321045,69.7731704711914,0.0022314072120934,35.089,0.04,0.0,0.0,0,0,1,,1.0,2026-03-14T15:48:12.179566,neutral,1.0,2026-03-14T15:48:10.289268,0.3611407175783919,2026-03-14T15:48:12.069000,88,,,
participant_11,4,day,Town10HD_Opt,2026-03-14 15:48:13.144370,10.978073120117188,69.5953598022461,0.0022961043287068,27.053,0.75,0.0,0.0,0,0,1,,1.0,2026-03-14T15:48:13.144370,neutral,0.998,2026-03-14T15:48:13.144370,0.4361857939514185,2026-03-14T15:48:13.149000,87,,,
participant_11,4,day,Town10HD_Opt,2026-03-14 15:48:14.110177,15.16344165802002,69.53824615478516,0.0022607040591537,19.932,0.646,0.0,0.052,0,0,1,,1.0,2026-03-14T15:48:14.110177,neutral,0.998,2026-03-14T15:48:13.144370,0.3896609263293662,2026-03-14T15:48:14.049000,87,,,
participant_11,4,day,Town10HD_Opt,2026-03-14 15:48:15.074220,18.28743934631348,69.53801727294922,0.0020268631633371,14.995,0.646,0.0,0.072,0,0,1,,1.0,2026-03-14T15:48:15.074220,neutral,0.998,2026-03-14T15:48:13.144370,0.3794929389846311,2026-03-14T15:48:14.995000,85,,,
participant_11,4,day,Town10HD_Opt,2026-03-14 15:48:16.343512,21.260501861572266,69.57035827636719,0.0020327377133071,10.192,0.62,0.0,0.037,0,0,1,,1.0,2026-03-14T15:48:16.343512,neutral,0.979,2026-03-14T15:48:16.343512,0.4833906152684358,2026-03-14T15:48:16.029000,86,,,
participant_11,4,day,Town10HD_Opt,2026-03-14 15:48:17.348862,22.80422592163086,69.59928894042969,0.0020133589860051,7.259,0.618,0.0,0.044,0,0,1,,1.0,2026-03-14T15:48:17.348862,neutral,0.979,2026-03-14T15:48:16.343512,0.4633178460364495,2026-03-14T15:48:17.023000,86,,,
participant_11,4,day,Town10HD_Opt,2026-03-14 15:48:18.333993,23.812973022460938,69.62203979492188,0.0022953413426876,0.0,0.618,0.0,0.04,0,0,1,,1.0,2026-03-14T15:48:18.333993,neutral,0.979,2026-03-14T15:48:16.343512,0.4561766170895213,2026-03-14T15:48:18.144000,86,,,
participant_11,4,day,Town10HD_Opt,2026-03-14 15:48:19.366951,23.818639755249023,69.62217712402344,0.0019294356461614,0.605,0.618,0.657,0.0,0,0,1,,1.0,2026-03-14T15:48:19.366951,neutral,0.998,2026-03-14T15:48:19.366951,0.4673054056808893,2026-03-14T15:48:19.181000,86,,,
participant_11,4,day,Town10HD_Opt,2026-03-14 15:48:20.272767,24.733428955078125,69.6476821899414,0.0015630340203642,11.236,0.618,0.632,0.0,0,0,1,,1.0,2026-03-14T15:48:20.272767,neutral,0.998,2026-03-14T15:48:19.366951,0.4959037698534244,2026-03-14T15:48:19.993000,87,,,
participant_11,4,day,Town10HD_Opt,2026-03-14 15:48:21.218574,27.186248779296875,69.71173095703125,0.0017878722865134,16.127,-2.41,0.373,0.0,0,0,1,,1.0,2026-03-14T15:48:21.218574,neutral,0.998,2026-03-14T15:48:19.366951,0.6206280909100728,2026-03-14T15:48:20.980000,88,,,
participant_11,4,day,Town10HD_Opt,2026-03-14 15:48:22.174437,30.191869735717773,69.56603240966797,0.002067451365292,18.286,-7.813,0.355,0.0,0,0,1,,1.0,2026-03-14T15:48:22.174437,neutral,0.99,2026-03-14T15:48:22.174437,0.594530982258704,2026-03-14T15:48:21.973000,86,,,
participant_11,4,day,Town10HD_Opt,2026-03-14 15:48:23.122075,33.3543815612793,68.9903564453125,0.0019603348337113,20.379,-8.942,0.986,0.0,0,0,1,,1.0,2026-03-14T15:48:23.122075,neutral,0.99,2026-03-14T15:48:22.174437,0.5821820576354454,2026-03-14T15:48:23.005000,86,,,
participant_11,4,day,Town10HD_Opt,2026-03-14 15:48:24.321090,39.64154815673828,66.03275299072266,0.0015821075066924,40.813,-16.637,0.99,0.0,0,0,1,,1.0,2026-03-14T15:48:24.321090,neutral,0.988,2026-03-14T15:48:24.321090,0.5933444037328403,2026-03-14T15:48:23.950000,86,,,
participant_11,4,day,Town10HD_Opt,2026-03-14 15:48:25.266138,44.44182205200195,59.57305908203125,0.0014985656598582,51.213,-12.468,0.0,0.126,0,0,1,,1.0,2026-03-14T15:48:25.266138,neutral,0.988,2026-03-14T15:48:24.321090,0.6475841048124359,2026-03-14T15:48:25.014000,85,,,errors=Vehicle-pedestrian collision
participant_11,4,day,Town10HD_Opt,2026-03-14 15:48:26.163385,45.89402389526367,51.49143600463867,0.0023434448521584,41.377,-4.879,0.0,0.222,0,0,1,,1.0,2026-03-14T15:48:26.163385,neutral,0.988,2026-03-14T15:48:24.321090,0.6232158953799375,2026-03-14T15:48:26.019000,85,,,
participant_11,4,day,Town10HD_Opt,2026-03-14 15:48:27.328998,45.27631759643555,43.40645599365234,0.0023227690253406,28.358,3.16,0.0,0.0,0,0,1,,1.0,2026-03-14T15:48:27.328998,neutral,1.0,2026-03-14T15:48:27.328998,0.6794662682059613,2026-03-14T15:48:27.055000,84,,,
participant_11,4,day,Town10HD_Opt,2026-03-14 15:48:28.207274,45.17548370361328,38.85730743408203,0.0021012497600167,25.082,5.652,0.453,0.0,0,0,1,,1.0,2026-03-14T15:48:28.207274,neutral,1.0,2026-03-14T15:48:27.328998,0.643021194092493,2026-03-14T15:48:27.954000,84,,,
participant_11,4,day,Town10HD_Opt,2026-03-14 15:48:29.130517,45.9063720703125,34.4398078918457,0.0020470046438276,26.11,19.712,0.415,0.0,0,0,1,,1.0,2026-03-14T15:48:29.130517,neutral,1.0,2026-03-14T15:48:27.328998,0.5511121980131184,2026-03-14T15:48:29.034000,85,,,
participant_11,4,day,Town10HD_Opt,2026-03-14 15:48:30.073227,48.42112350463867,30.663291931152344,0.0020793532021343,26.651,22.686,0.519,0.0,0,0,1,,1.0,2026-03-14T15:48:30.073227,neutral,0.989,2026-03-14T15:48:30.073227,0.633576130507401,2026-03-14T15:48:29.979000,84,,,
participant_11,4,day,Town10HD_Opt,2026-03-14 15:48:31.294516,54.30816268920898,27.58519554138184,0.0019444655627012,31.242,6.419,0.51,0.0,0,0,1,,1.0,2026-03-14T15:48:31.294516,neutral,0.989,2026-03-14T15:48:30.073227,0.4773140904254866,2026-03-14T15:48:31.014000,86,,,
participant_11,4,day,Town10HD_Opt,2026-03-14 15:48:32.173312,59.76647186279297,26.18627166748047,0.0019843291956931,33.484,6.884,0.681,0.0,0,0,1,,1.0,2026-03-14T15:48:32.173312,neutral,0.987,2026-03-14T15:48:32.173312,0.4562553086463894,2026-03-14T15:48:31.959000,85,,,
participant_11,4,day,Town10HD_Opt,2026-03-14 15:48:33.086459,66.45782470703125,25.662960052490234,0.0016012954292818,45.943,3.648,0.967,0.0,0,0,1,,1.0,2026-03-14T15:48:33.086459,neutral,0.987,2026-03-14T15:48:32.173312,0.487780475234281,2026-03-14T15:48:32.949000,85,,,
participant_11,4,day,Town10HD_Opt,2026-03-14 15:48:34.240081,78.00995635986328,26.05387306213379,0.002093200571835,49.284,-0.357,0.796,0.0,0,0,1,,1.0,2026-03-14T15:48:34.240081,neutral,0.998,2026-03-14T15:48:34.240081,0.5237684071638772,2026-03-14T15:48:33.982000,87,,,
participant_11,4,day,Town10HD_Opt,2026-03-14 15:48:35.122647,86.76494598388672,26.33601951599121,0.0040339659899473,48.512,-4.393,0.509,0.0,0,0,1,,1.0,2026-03-14T15:48:35.122647,neutral,0.998,2026-03-14T15:48:34.240081,0.5091614733258322,2026-03-14T15:48:35.110000,90,,,
participant_11,4,day,Town10HD_Opt,2026-03-14 15:48:36.291215,97.42963409423828,23.89350700378418,0.0021292113233357,46.021,-16.381,0.465,0.0,0,0,1,,1.0,2026-03-14T15:48:36.291215,neutral,1.0,2026-03-14T15:48:36.291215,0.6269580317297998,2026-03-14T15:48:35.964000,86,,,
participant_11,4,day,Town10HD_Opt,2026-03-14 15:48:37.219549,102.69915008544922,18.09329605102539,0.0021546555217355,44.344,-6.18,0.321,0.0,0,0,1,,1.0,2026-03-14T15:48:37.219549,neutral,1.0,2026-03-14T15:48:36.291215,0.6473970937080619,2026-03-14T15:48:36.956000,90,,,
participant_11,4,day,Town10HD_Opt,2026-03-14 15:48:38.074398,105.87483215332033,11.3076171875,0.0020714187994599,41.037,-4.171,0.322,0.0,0,0,1,,1.0,2026-03-14T15:48:38.074398,neutral,1.0,2026-03-14T15:48:36.291215,0.8189436416187202,2026-03-14T15:48:38.125000,89,,,
participant_11,4,day,Town10HD_Opt,2026-03-14 15:48:39.280006,108.43348693847656,2.515019416809082,0.0021270369179546,37.465,-3.412,0.329,0.0,0,0,1,,1.0,2026-03-14T15:48:39.280006,neutral,0.964,2026-03-14T15:48:39.280006,0.7884756556298081,2026-03-14T15:48:38.979000,88,,,
participant_11,4,day,Town10HD_Opt,2026-03-14 15:48:40.153468,109.38117218017578,-3.866060495376587,0.0019956587348133,37.505,-3.664,0.761,0.0,0,0,1,,0.828,2026-03-14T15:48:40.153468,neutral,0.964,2026-03-14T15:48:39.280006,0.7717382499115726,2026-03-14T15:48:40.374000,88,,,
participant_11,4,day,Town10HD_Opt,2026-03-14 15:48:41.260075,109.48348999023438,-13.81802749633789,0.0017116927774623,51.068,-1.814,0.0,0.107,0,0,1,,1.0,2026-03-14T15:48:41.260075,neutral,0.964,2026-03-14T15:48:39.280006,0.8139947037249127,2026-03-14T15:48:41.319000,85,,,
participant_11,4,day,Town10HD_Opt,2026-03-14 15:48:42.134771,108.63858032226562,-22.645097732543945,0.0021734619513154,49.107,-1.659,0.99,0.0,0,0,1,,1.0,2026-03-14T15:48:42.134771,neutral,0.998,2026-03-14T15:48:42.134771,0.87586282007685,2026-03-14T15:48:41.957000,86,,,
participant_11,4,day,Town10HD_Opt,2026-03-14 15:48:43.259781,106.1808090209961,-33.945220947265625,0.0019665146246552,50.427,-4.615,0.882,0.0,0,0,1,,1.0,2026-03-14T15:48:43.259781,neutral,0.998,2026-03-14T15:48:42.134771,0.8366510951698591,2026-03-14T15:48:42.985000,87,,,
participant_11,4,day,Town10HD_Opt,2026-03-14 15:48:44.103235,102.67327117919922,-42.06317901611328,0.0021558380685746,49.078,-3.328,0.791,0.0,0,0,1,,1.0,2026-03-14T15:48:44.103235,neutral,0.998,2026-03-14T15:48:42.134771,0.8800860244011389,2026-03-14T15:48:43.975000,86,,,
participant_11,4,day,Town10HD_Opt,2026-03-14 15:48:45.247742,96.20502471923828,-51.6884651184082,0.0019869613461196,50.504,-6.26,0.758,0.0,0,0,1,,1.0,2026-03-14T15:48:45.247742,neutral,0.983,2026-03-14T15:48:45.247742,0.9619265742818814,2026-03-14T15:48:45.009000,87,,,
participant_11,4,day,Town10HD_Opt,2026-03-14 15:48:46.121192,89.70213317871094,-57.32406997680664,0.0020846556872129,48.445,-5.879,0.591,0.0,0,0,1,,1.0,2026-03-14T15:48:46.121192,neutral,0.983,2026-03-14T15:48:45.247742,0.8947290512308222,2026-03-14T15:48:45.955000,87,,,
participant_11,4,day,Town10HD_Opt,2026-03-14 15:48:47.316710,79.353759765625,-62.344970703125,0.002021636813879,50.052,-4.261,0.51,0.0,0,0,1,,1.0,2026-03-14T15:48:47.316710,neutral,0.68,2026-03-14T15:48:47.316710,0.8659290229308736,2026-03-14T15:48:46.946000,87,,,
participant_11,4,day,Town10HD_Opt,2026-03-14 15:48:48.205457,70.8547592163086,-64.43563842773438,0.0020460509695112,50.045,-4.317,0.497,0.0,0,0,1,,1.0,2026-03-14T15:48:48.205457,neutral,0.68,2026-03-14T15:48:47.316710,0.908495627633535,2026-03-14T15:48:47.980000,88,,,
participant_11,4,day,Town10HD_Opt,2026-03-14 15:48:49.091166,62.14619445800781,-65.10042572021484,0.0020481871906667,49.863,-0.696,0.492,0.0,0,0,1,,1.0,2026-03-14T15:48:49.091166,neutral,0.68,2026-03-14T15:48:47.316710,0.7717801886602719,2026-03-14T15:48:49.060000,85,,,
participant_11,4,day,Town10HD_Opt,2026-03-14 15:48:50.328918,50.54356002807617,-65.33110046386719,0.0020500181708484,49.56,-0.108,0.486,0.0,0,0,1,,1.0,2026-03-14T15:48:50.328918,neutral,0.982,2026-03-14T15:48:50.328918,0.7874743592676098,2026-03-14T15:48:50.095000,86,,,
participant_11,4,day,Town10HD_Opt,2026-03-14 15:48:51.245225,41.89413070678711,-65.54497528076172,0.0020505141001194,49.296,-0.2,0.485,0.0,0,0,1,,1.0,2026-03-14T15:48:51.245225,neutral,0.982,2026-03-14T15:48:50.328918,0.7760041127546677,2026-03-14T15:48:50.995000,87,,,
participant_11,4,day,Town10HD_Opt,2026-03-14 15:48:52.178224,33.28886032104492,-65.69174194335938,0.0020502090919762,49.042,-0.209,0.484,0.0,0,0,1,,1.0,2026-03-14T15:48:52.178224,neutral,0.982,2026-03-14T15:48:50.328918,0.763079148830093,2026-03-14T15:48:52.030000,87,,,
participant_11,4,day,Town10HD_Opt,2026-03-14 15:48:53.097171,24.76774787902832,-65.76266479492188,0.0020824430976063,48.012,-0.28,0.433,0.0,0,0,1,,1.0,2026-03-14T15:48:53.097171,neutral,0.984,2026-03-14T15:48:53.097171,0.7779279062702043,2026-03-14T15:48:52.975000,86,,,
participant_11,4,day,Town10HD_Opt,2026-03-14 15:48:54.271849,14.494877815246582,-65.7260971069336,0.002362098544836,37.262,-0.275,0.0,0.0,0,0,1,,1.0,2026-03-14T15:48:54.271849,neutral,0.984,2026-03-14T15:48:53.097171,0.7569096727853767,2026-03-14T15:48:54.189000,87,,,
participant_11,4,day,Town10HD_Opt,2026-03-14 15:48:55.122964,8.673579216003418,-65.64204406738281,0.002309989882633,28.786,-0.068,0.0,0.0,0,0,1,,1.0,2026-03-14T15:48:55.122964,neutral,0.957,2026-03-14T15:48:55.122964,0.7348123431264386,2026-03-14T15:48:55.135000,85,,,
participant_11,4,day,Town10HD_Opt,2026-03-14 15:48:56.348542,2.9709115028381348,-65.55498504638672,0.0022455595899373,19.936,0.233,0.099,0.0,0,0,1,,1.0,2026-03-14T15:48:56.348542,neutral,0.957,2026-03-14T15:48:55.122964,0.7363183958349814,2026-03-14T15:48:56.035000,86,,,
participant_11,4,day,Town10HD_Opt,2026-03-14 15:48:57.252875,-0.2686531841754913,-65.52167510986328,0.0018666075775399,17.627,0.242,0.161,0.0,0,0,1,,1.0,2026-03-14T15:48:57.252875,neutral,0.995,2026-03-14T15:48:57.252875,0.7079678115830905,2026-03-14T15:48:56.988000,88,,,
participant_11,4,day,Town10HD_Opt,2026-03-14 15:48:58.191965,-3.281399726867676,-65.50485229492188,0.0019070815760642,17.538,0.24,0.36,0.0,0,0,1,,1.0,2026-03-14T15:48:58.191965,neutral,0.995,2026-03-14T15:48:57.252875,0.7201045627497046,2026-03-14T15:48:57.969000,86,,,
participant_11,4,day,Town10HD_Opt,2026-03-14 15:48:59.074264,-6.429905891418457,-65.49793243408203,0.0020627593621611,18.076,0.155,0.33,0.0,0,0,1,,1.0,2026-03-14T15:48:59.074264,neutral,0.995,2026-03-14T15:48:57.252875,0.6559492854128269,2026-03-14T15:48:58.960000,85,,,
participant_11,4,day,Town10HD_Opt,2026-03-14 15:49:00.282312,-10.672691345214844,-65.49989318847656,0.002023200970143,18.083,0.063,0.109,0.0,0,0,1,,1.0,2026-03-14T15:49:00.282312,neutral,0.991,2026-03-14T15:49:00.282312,0.7078121891499948,2026-03-14T15:48:59.995000,85,,,
participant_11,4,day,Town10HD_Opt,2026-03-14 15:49:01.130580,-13.668773651123049,-65.50391387939453,0.0020169448107481,15.092,-0.016,0.0,0.0,0,0,1,,1.0,2026-03-14T15:49:01.130580,neutral,0.991,2026-03-14T15:49:00.282312,0.669167777949099,2026-03-14T15:49:01.120000,84,,,
participant_11,4,day,Town10HD_Opt,2026-03-14 15:49:02.313106,-16.672637939453125,-65.50801849365234,0.0020219420548528,10.549,0.002,0.0,0.018,0,0,1,,1.0,2026-03-14T15:49:02.313106,neutral,0.999,2026-03-14T15:49:02.313106,0.630978100678168,2026-03-14T15:49:02.335000,85,,,
participant_11,4,day,Town10HD_Opt,2026-03-14 15:49:03.188492,-18.26116752624512,-65.51024627685547,0.0020143126603215,7.46,0.002,0.0,0.053,0,0,1,,1.0,2026-03-14T15:49:03.188492,neutral,0.999,2026-03-14T15:49:02.313106,0.6007884865400015,2026-03-14T15:49:02.967000,85,,,
participant_11,4,day,Town10HD_Opt,2026-03-14 15:49:04.308207,-19.503204345703125,-65.51204681396484,0.0023023223038762,0.229,0.002,0.0,0.0,0,0,1,,1.0,2026-03-14T15:49:04.308207,neutral,0.999,2026-03-14T15:49:02.313106,0.6308996563995309,2026-03-14T15:49:03.955000,86,,,
participant_11,4,day,Town10HD_Opt,2026-03-14 15:49:05.151365,-19.54104995727539,-65.51204681396484,0.001928215031512,0.254,0.002,0.0,0.0,0,0,1,,1.0,2026-03-14T15:49:05.151365,neutral,0.993,2026-03-14T15:49:05.151365,0.6351340159467935,2026-03-14T15:49:05.125000,86,,,
participant_11,4,day,Town10HD_Opt,2026-03-14 15:49:06.327802,-19.59105491638184,-65.51204681396484,0.0019207381410524,0.177,0.002,0.0,0.0,0,0,1,,1.0,2026-03-14T15:49:06.327802,neutral,0.993,2026-03-14T15:49:05.151365,0.6552151948352813,2026-03-14T15:49:06.026000,86,,,
participant_11,4,day,Town10HD_Opt,2026-03-14 15:49:07.164389,-20.02985191345215,-65.51268768310547,0.0014955138321965,9.554,0.002,1.0,0.0,0,0,1,,1.0,2026-03-14T15:49:07.164389,neutral,0.988,2026-03-14T15:49:07.164389,0.6175744156821015,2026-03-14T15:49:07.015000,85,,,
participant_11,4,day,Town10HD_Opt,2026-03-14 15:49:08.286255,-24.41453742980957,-65.55168914794922,0.0015613173600286,29.503,0.693,1.0,0.0,0,0,1,,1.0,2026-03-14T15:49:08.286255,neutral,0.988,2026-03-14T15:49:07.164389,0.705319600510019,2026-03-14T15:49:08.006000,85,,,
participant_11,4,day,Town10HD_Opt,2026-03-14 15:49:09.139852,-30.851730346679688,-65.7247314453125,0.0015395736554637,45.125,0.526,1.0,0.0,0,0,1,,1.0,2026-03-14T15:49:09.139852,neutral,0.988,2026-03-14T15:49:07.164389,0.7451411627208968,2026-03-14T15:49:09.265000,84,,,
participant_11,4,day,Town10HD_Opt,2026-03-14 15:49:10.329858,-42.40032196044922,-66.26886749267578,0.0021879577543586,48.879,0.08,0.994,0.0,0,0,1,,1.0,2026-03-14T15:49:10.329858,neutral,0.988,2026-03-14T15:49:10.329858,0.8288990566790537,2026-03-14T15:49:10.120000,82,,,
participant_11,4,day,Town10HD_Opt,2026-03-14 15:49:11.199775,-51.26269912719727,-66.76248168945312,0.0020346832461655,48.591,-0.221,0.986,0.0,0,0,1,,1.0,2026-03-14T15:49:11.199775,neutral,0.988,2026-03-14T15:49:10.329858,0.7668634169069893,2026-03-14T15:49:11.200000,84,,,
participant_11,4,day,Town10HD_Opt,2026-03-14 15:49:12.261809,-62.92571258544922,-67.29655456542969,0.002147254999727,48.737,-1.144,0.973,0.0,0,0,1,,1.0,2026-03-14T15:49:12.261809,neutral,0.988,2026-03-14T15:49:10.329858,0.7957186773753605,2026-03-14T15:49:12.010000,83,,,
participant_11,4,day,Town10HD_Opt,2026-03-14 15:49:13.101843,-71.69696044921875,-67.11225128173828,0.0022243116982281,48.011,-6.014,0.96,0.0,0,0,1,,1.0,2026-03-14T15:49:13.101843,neutral,0.981,2026-03-14T15:49:13.101843,0.880475039582477,2026-03-14T15:49:13.001000,85,,,
participant_11,4,day,Town10HD_Opt,2026-03-14 15:49:14.230967,-82.97091674804688,-64.18118286132812,0.0021557998843491,49.135,-3.207,0.979,0.0,0,0,1,,1.0,2026-03-14T15:49:14.230967,neutral,0.981,2026-03-14T15:49:13.101843,0.7766495379599804,2026-03-14T15:49:14.124000,85,,,
participant_11,4,day,Town10HD_Opt,2026-03-14 15:49:15.086908,-90.92937469482422,-60.241458892822266,0.0022374724503606,48.436,-4.534,0.975,0.0,0,0,1,,1.0,2026-03-14T15:49:15.086908,neutral,0.981,2026-03-14T15:49:13.101843,0.8893593743847715,2026-03-14T15:49:15.025000,85,,,
participant_11,4,day,Town10HD_Opt,2026-03-14 15:49:16.260325,-99.72068786621094,-52.73151397705078,0.0020535278599709,50.047,-6.417,0.954,0.0,0,0,1,,1.0,2026-03-14T15:49:16.260325,neutral,0.73,2026-03-14T15:49:16.260325,0.8694584295573472,2026-03-14T15:49:16.060000,86,,,
participant_11,4,day,Town10HD_Opt,2026-03-14 15:49:17.148611,-104.41162109375,-45.35624313354492,0.0020930098835378,49.116,-3.886,0.939,0.0,0,0,1,,1.0,2026-03-14T15:49:17.148611,neutral,0.73,2026-03-14T15:49:16.260325,0.8343852310604709,2026-03-14T15:49:16.959000,85,,,
participant_11,4,day,Town10HD_Opt,2026-03-14 15:49:18.313743,-108.58953094482422,-34.480037689208984,0.0018844222649931,51.649,-4.07,0.0,0.148,0,0,1,,1.0,2026-03-14T15:49:18.313743,neutral,0.736,2026-03-14T15:49:18.313743,0.738444314566922,2026-03-14T15:49:18.042000,86,,,
participant_11,4,day,Town10HD_Opt,2026-03-14 15:49:19.267079,-110.11576080322266,-25.83438491821289,0.0019031906267628,51.468,-3.459,0.0,0.147,0,0,1,,1.0,2026-03-14T15:49:19.267079,neutral,0.736,2026-03-14T15:49:18.313743,0.7817583462223097,2026-03-14T15:49:19.120000,85,,,
participant_11,4,day,Town10HD_Opt,2026-03-14 15:49:20.206655,-110.4317626953125,-17.06549072265625,0.0018895721295848,51.801,-0.141,0.0,0.18,0,0,1,,1.0,2026-03-14T15:49:20.206655,neutral,0.736,2026-03-14T15:49:18.313743,0.778037610999307,2026-03-14T15:49:19.975000,85,,,
participant_11,4,day,Town10HD_Opt,2026-03-14 15:49:21.127948,-110.49827575683594,-8.296730995178223,0.0019414901034906,50.77,0.761,0.0,0.103,0,0,1,,1.0,2026-03-14T15:49:21.127948,neutral,0.941,2026-03-14T15:49:21.127948,0.7887067806733509,2026-03-14T15:49:20.965000,84,,,
participant_11,4,day,Town10HD_Opt,2026-03-14 15:49:22.356335,-110.80023956298828,2.809173822402954,0.0022198485676199,43.781,-2.118,0.083,0.0,0,0,1,,1.0,2026-03-14T15:49:22.356335,neutral,0.941,2026-03-14T15:49:21.127948,0.7952938270529646,2026-03-14T15:49:22,85,,,
participant_11,4,day,Town10HD_Opt,2026-03-14 15:49:23.332995,-110.5102310180664,9.729766845703123,0.0023487852886319,34.426,-5.773,0.0,0.0,0,0,1,,1.0,2026-03-14T15:49:23.332995,neutral,0.996,2026-03-14T15:49:23.332995,0.7431624231215981,2026-03-14T15:49:23.170000,85,,,
participant_11,4,day,Town10HD_Opt,2026-03-14 15:49:24.233854,-109.3998794555664,14.968233108520508,0.002310981741175,26.718,-9.861,0.0,0.0,0,0,1,,1.0,2026-03-14T15:49:24.233854,neutral,0.996,2026-03-14T15:49:23.332995,0.8155811041739606,2026-03-14T15:49:23.983000,83,,,
participant_11,4,day,Town10HD_Opt,2026-03-14 15:49:25.116954,-107.67105102539062,18.6297607421875,0.0022671127226203,19.659,-11.318,0.0,0.0,0,0,1,,1.0,2026-03-14T15:49:25.116954,neutral,0.996,2026-03-14T15:49:23.332995,0.7939542477069607,2026-03-14T15:49:25.060000,84,,,
participant_11,4,day,Town10HD_Opt,2026-03-14 15:49:26.132761,-105.79155731201172,21.159103393554688,0.0019943618681281,18.911,-6.35,0.822,0.0,0,0,1,,1.0,2026-03-14T15:49:26.132761,neutral,0.78,2026-03-14T15:49:26.132761,0.7935602149341853,2026-03-14T15:49:26.050000,86,Red light violation,Red light violation,
participant_11,4,day,Town10HD_Opt,2026-03-14 15:49:27.104393,-103.20694732666016,23.95134162902832,0.0018148040398955,25.631,-6.509,0.355,0.0,0,0,1,,1.0,2026-03-14T15:49:27.104393,neutral,0.78,2026-03-14T15:49:26.132761,0.7641996081733454,2026-03-14T15:49:27.041000,85,,,
participant_11,4,day,Town10HD_Opt,2026-03-14 15:49:28.376998,-98.58800506591795,27.1010971069336,0.002261581365019,20.228,-18.274,0.0,0.048,0,0,1,,1.0,2026-03-14T15:49:28.376998,neutral,0.95,2026-03-14T15:49:28.376998,0.7886630207778362,2026-03-14T15:49:27.986000,85,,,
participant_11,4,day,Town10HD_Opt,2026-03-14 15:49:29.088101,-96.68315887451172,27.67273330688477,0.0023987197782844,8.671,-12.92,0.0,0.12,0,0,1,,1.0,2026-03-14T15:49:29.088101,neutral,0.95,2026-03-14T15:49:28.376998,0.687422680612141,2026-03-14T15:49:28.975000,85,,,
participant_11,4,day,Town10HD_Opt,2026-03-14 15:49:30.099532,-96.39871978759766,27.73311996459961,0.0020159911364316,0.024,-6.609,0.0,0.0,0,0,1,,1.0,2026-03-14T15:49:30.099532,neutral,0.95,2026-03-14T15:49:28.376998,0.7890413939979368,2026-03-14T15:49:30.055000,87,,,
participant_11,4,day,Town10HD_Opt,2026-03-14 15:49:31.346032,-96.39815521240234,27.73320960998535,0.001918182359077,0.138,-9.842,0.136,0.0,0,0,1,,1.0,2026-03-14T15:49:31.346032,neutral,0.957,2026-03-14T15:49:31.346032,0.8394484369224302,2026-03-14T15:49:31.045000,88,,,
participant_11,4,day,Town10HD_Opt,2026-03-14 15:49:32.321370,-96.33077239990234,27.7409896850586,0.0018422699067741,1.752,-11.827,0.293,0.0,0,0,1,,1.0,2026-03-14T15:49:32.321370,neutral,0.957,2026-03-14T15:49:31.346032,0.804372349362195,2026-03-14T15:49:31.993000,87,,,
participant_11,4,day,Town10HD_Opt,2026-03-14 15:49:33.293559,-95.8106918334961,27.78276824951172,0.0018621062627062,3.992,-14.692,0.178,0.0,0,0,1,,1.0,2026-03-14T15:49:33.293559,neutral,0.957,2026-03-14T15:49:31.346032,0.7997008188028588,2026-03-14T15:49:33.026000,88,,,
participant_11,4,day,Town10HD_Opt,2026-03-14 15:49:34.225588,-95.0433578491211,27.804298400878903,0.0019198226509615,4.377,-10.571,0.0,0.0,0,0,1,,1.0,2026-03-14T15:49:34.225588,neutral,0.953,2026-03-14T15:49:34.225588,0.8040530668492123,2026-03-14T15:49:33.970000,89,,,
participant_11,4,day,Town10HD_Opt,2026-03-14 15:49:35.173801,-94.361083984375,27.83086585998535,0.00194980611559,3.375,-1.657,0.0,0.0,0,0,1,,1.0,2026-03-14T15:49:35.173801,neutral,0.953,2026-03-14T15:49:34.225588,0.8215087242996798,2026-03-14T15:49:34.960000,85,,,
participant_11,4,day,Town10HD_Opt,2026-03-14 15:49:36.130243,-93.83670806884766,27.8572940826416,0.0019438933813944,2.59,-4.162,0.0,0.0,0,0,1,,1.0,2026-03-14T15:49:36.130243,neutral,0.953,2026-03-14T15:49:34.225588,0.7651681768034544,2026-03-14T15:49:35.995000,87,,,
participant_11,4,day,Town10HD_Opt,2026-03-14 15:49:37.352559,-93.32176208496094,27.873544692993164,0.0019364166073501,1.821,-4.001,0.0,0.0,0,0,1,,1.0,2026-03-14T15:49:37.352559,neutral,1.0,2026-03-14T15:49:37.352559,0.8125456147177033,2026-03-14T15:49:37.075000,87,,,
participant_11,4,day,Town10HD_Opt,2026-03-14 15:49:38.318115,-93.03865814208984,27.88001251220703,0.0019324492895975,1.398,-4.011,0.0,0.0,0,0,1,,1.0,2026-03-14T15:49:38.318115,neutral,1.0,2026-03-14T15:49:37.352559,0.7914351434816577,2026-03-14T15:49:38.156000,90,,,
participant_11,4,day,Town10HD_Opt,2026-03-14 15:49:39.352159,-92.8213882446289,27.883695602416992,0.0019293593941256,1.073,-3.943,0.0,0.0,0,0,1,,1.0,2026-03-14T15:49:39.352159,neutral,1.0,2026-03-14T15:49:37.352559,0.7757162760439333,2026-03-14T15:49:39.011000,88,,,
participant_11,4,day,Town10HD_Opt,2026-03-14 15:49:40.326178,-92.65528869628906,27.8867301940918,0.0019308852497488,0.717,-2.642,0.103,0.0,0,0,1,,1.0,2026-03-14T15:49:40.326178,neutral,0.994,2026-03-14T15:49:40.326178,0.8271603239297068,2026-03-14T15:49:40.092000,89,,,
participant_11,4,day,Town10HD_Opt,2026-03-14 15:49:41.338683,-92.1551742553711,27.89859962463379,0.0015985870268195,8.345,-0.98,0.856,0.0,0,0,1,,1.0,2026-03-14T15:49:41.338683,neutral,0.994,2026-03-14T15:49:40.326178,0.7436309813370257,2026-03-14T15:49:40.990000,87,,,
participant_11,4,day,Town10HD_Opt,2026-03-14 15:49:42.357100,-89.66814422607422,27.95488739013672,0.0018820952391251,18.368,-1.008,0.412,0.0,0,0,1,,1.0,2026-03-14T15:49:42.357100,neutral,0.962,2026-03-14T15:49:42.357100,0.7451475064280074,2026-03-14T15:49:42.120000,89,,,
participant_11,4,day,Town10HD_Opt,2026-03-14 15:49:43.304637,-86.47209930419922,27.97361183166504,0.0018561935285106,17.469,-1.295,0.0,0.0,0,0,1,,1.0,2026-03-14T15:49:43.304637,neutral,0.962,2026-03-14T15:49:42.357100,0.674868830632455,2026-03-14T15:49:43.106000,88,,,
participant_11,4,day,Town10HD_Opt,2026-03-14 15:49:44.236510,-83.737548828125,27.9432315826416,0.0020410155411809,13.488,0.188,0.0,0.0,0,0,1,,1.0,2026-03-14T15:49:44.236510,neutral,0.962,2026-03-14T15:49:42.357100,0.7299728310206018,2026-03-14T15:49:44.275000,90,,,
participant_11,4,day,Town10HD_Opt,2026-03-14 15:49:45.229347,-81.63555908203125,27.93996238708496,0.0020180509891361,10.362,1.034,0.0,0.0,0,0,1,,1.0,2026-03-14T15:49:45.229347,neutral,0.998,2026-03-14T15:49:45.229347,0.7485291528066605,2026-03-14T15:49:45.039000,88,,,
participant_11,4,day,Town10HD_Opt,2026-03-14 15:49:46.188158,-80.02142333984375,27.95696258544922,0.0019953155424445,7.956,1.022,0.0,0.0,0,0,1,,1.0,2026-03-14T15:49:46.188158,neutral,0.998,2026-03-14T15:49:45.229347,0.7641329590357588,2026-03-14T15:49:46.120000,89,,,
participant_11,4,day,Town10HD_Opt,2026-03-14 15:49:47.158013,-78.7822494506836,27.97962188720703,0.0019776534754782,6.108,0.888,0.0,0.0,0,0,1,,1.0,2026-03-14T15:49:47.158013,neutral,0.998,2026-03-14T15:49:45.229347,0.786093783672097,2026-03-14T15:49:47.200000,90,,,
participant_11,4,day,Town10HD_Opt,2026-03-14 15:49:48.078781,-78.16515350341797,27.99277305603028,0.0021456908434629,0.0,0.893,0.0,0.016,0,0,1,,1.0,2026-03-14T15:49:48.078781,neutral,0.996,2026-03-14T15:49:48.078781,0.8073861338455389,2026-03-14T15:49:48.416000,88,,,
participant_11,4,day,Town10HD_Opt,2026-03-14 15:49:49.314144,-78.16398620605469,27.99280548095703,0.001922111492604,0.004,0.898,0.0,0.0,0,0,1,,1.0,2026-03-14T15:49:49.314144,neutral,0.996,2026-03-14T15:49:48.078781,0.7239669924314077,2026-03-14T15:49:49,89,,,
participant_11,4,day,Town10HD_Opt,2026-03-14 15:49:50.305500,-78.16368103027344,27.992807388305664,0.001919288537465,0.001,0.592,0.0,0.0,0,0,1,,1.0,2026-03-14T15:49:50.305500,neutral,0.998,2026-03-14T15:49:50.305500,0.7875243385376923,2026-03-14T15:49:50.007000,88,,,
participant_11,4,day,Town10HD_Opt,2026-03-14 15:49:51.216009,-78.16364288330078,27.992807388305664,0.0019188689766451,0.006,0.583,0.0,0.0,0,0,1,,1.0,2026-03-14T15:49:51.216009,neutral,0.998,2026-03-14T15:49:50.305500,0.7548099942875377,2026-03-14T15:49:50.981000,85,,,
participant_11,4,day,Town10HD_Opt,2026-03-14 15:49:52.101663,-78.16368103027344,27.992807388305664,0.001918678288348,0.006,0.583,0.0,0.0,0,0,1,,1.0,2026-03-14T15:49:52.101663,neutral,0.998,2026-03-14T15:49:50.305500,0.7519331390366252,2026-03-14T15:49:52.016000,87,,,
participant_11,4,day,Town10HD_Opt,2026-03-14 15:49:53.065890,-78.16358947753906,27.992807388305664,0.0019189834129065,0.002,0.583,0.0,0.0,0,0,1,,1.0,2026-03-14T15:49:53.065890,neutral,0.995,2026-03-14T15:49:53.065890,0.8251062810926701,2026-03-14T15:49:52.961000,88,,,
participant_12,1,day,Town10HD_Opt,2026-03-14 17:00:00.000000,-41.66859436035156,89.7454833984375,0.5804919004440308,16.191,-0.052,0.506,0.0,0,0,1,,1.0,2026-03-14T17:00:00,,,2026-03-14T17:00:00,0.3165480541043488,2026-03-14T17:00:00,62,,,
participant_12,1,day,Town10HD_Opt,2026-03-14 17:00:04.624313,-41.67965698242188,86.85845184326172,0.0017054748022928,16.782,-0.052,0.482,0.0,0,0,1,,0.964,2026-03-14T17:00:04.624313,sad,0.975,2026-03-14T17:00:04.624313,0.3159999506090104,2026-03-14T17:00:05.085000,63,,,
participant_12,1,day,Town10HD_Opt,2026-03-14 17:00:05.280619,-41.6889533996582,84.78829956054688,0.002064743079245,18.102,-0.052,0.334,0.0,0,0,1,,0.962,2026-03-14T17:00:05.280619,sad,0.975,2026-03-14T17:00:04.624313,0.3188659787378641,2026-03-14T17:00:05.986000,63,,,
participant_12,1,day,Town10HD_Opt,2026-03-14 17:00:06.299575,-41.6404914855957,81.61475372314453,0.0020172118674963,18.125,5.524,0.296,0.0,0,0,1,,0.919,2026-03-14T17:00:06.299575,sad,0.975,2026-03-14T17:00:04.624313,0.2712497572761519,2026-03-14T17:00:07.065000,63,,,
participant_12,1,day,Town10HD_Opt,2026-03-14 17:00:07.230486,-41.22743606567383,78.445068359375,0.0020277022849768,18.788,12.522,0.426,0.0,0,0,1,,0.904,2026-03-14T17:00:07.230486,happy,0.489,2026-03-14T17:00:07.230486,0.2835633778744567,2026-03-14T17:00:08.010000,64,,,
participant_12,1,day,Town10HD_Opt,2026-03-14 17:00:08.218512,-40.02458953857422,75.25127410888672,0.0020101547706872,20.584,18.508,0.398,0.0,0,0,1,,0.849,2026-03-14T17:00:08.218512,happy,0.489,2026-03-14T17:00:07.230486,0.4086072200026661,2026-03-14T17:00:09,65,,,
participant_12,1,day,Town10HD_Opt,2026-03-14 17:00:09.253674,-37.7020149230957,72.41002655029297,0.0020323561038821,21.859,19.302,0.398,0.0,0,0,1,,1.0,2026-03-14T17:00:09.253674,happy,0.69,2026-03-14T17:00:09.253674,0.2534019437102922,2026-03-14T17:00:09.990000,65,,,
participant_12,1,day,Town10HD_Opt,2026-03-14 17:00:10.284704,-34.35643005371094,70.45700073242188,0.0020401000510901,22.959,18.77,0.398,0.0,0,0,1,,0.917,2026-03-14T17:00:10.284704,happy,0.69,2026-03-14T17:00:09.253674,0.3281896310503036,2026-03-14T17:00:11.070000,68,,,
participant_12,1,day,Town10HD_Opt,2026-03-14 17:00:11.307994,-30.3509464263916,69.73048400878906,0.0020301819313317,24.04,11.318,0.387,0.0,0,0,1,,0.857,2026-03-14T17:00:11.307994,neutral,0.82,2026-03-14T17:00:11.307994,0.3139065004003966,2026-03-14T17:00:12.015000,69,,,
participant_12,1,day,Town10HD_Opt,2026-03-14 17:00:12.332620,-26.07747459411621,69.82613372802734,0.0020168684422969,24.96,0.477,0.387,0.0,0,0,1,,0.922,2026-03-14T17:00:12.332620,neutral,0.82,2026-03-14T17:00:11.307994,0.3561369802596607,2026-03-14T17:00:13.006000,69,,,
participant_12,1,day,Town10HD_Opt,2026-03-14 17:00:13.046565,-23.14510536193848,69.92125701904297,0.0020174025557935,25.436,-2.031,0.392,0.0,0,0,1,,0.837,2026-03-14T17:00:13.046565,neutral,0.82,2026-03-14T17:00:11.307994,0.3519109860326622,2026-03-14T17:00:13.006000,71,,,
participant_12,1,day,Town10HD_Opt,2026-03-14 17:00:14.028207,-18.62445831298828,69.99152374267578,0.0020155333913862,26.319,0.073,0.394,0.0,0,0,1,,1.0,2026-03-14T17:00:14.028207,happy,0.541,2026-03-14T17:00:14.028207,0.3090729222621061,2026-03-14T17:00:13.995000,71,,,
participant_12,1,day,Town10HD_Opt,2026-03-14 17:00:14.999694,-13.962383270263672,70.04733276367188,0.0020183562301099,27.077,-0.021,0.394,0.0,0,0,1,,0.86,2026-03-14T17:00:14.999694,happy,0.541,2026-03-14T17:00:14.028207,0.3340327976386897,2026-03-14T17:00:14.991000,73,,,
participant_12,1,day,Town10HD_Opt,2026-03-14 17:00:16.049346,-9.174362182617188,70.08928680419922,0.0020212554372847,27.747,0.082,0.394,0.0,0,0,1,,0.86,2026-03-14T17:00:16.049346,happy,0.738,2026-03-14T17:00:16.049346,0.2633162429936003,2026-03-14T17:00:16.065000,76,,,
participant_12,1,day,Town10HD_Opt,2026-03-14 17:00:17.087661,-4.275789737701416,70.14205932617188,0.00202381121926,28.303,0.021,0.394,0.0,0,0,1,,1.0,2026-03-14T17:00:17.087661,happy,0.738,2026-03-14T17:00:16.049346,0.3924201858020674,2026-03-14T17:00:17.013000,77,,,
participant_12,1,day,Town10HD_Opt,2026-03-14 17:00:18.052676,0.7198202610015869,70.17422485351562,0.002026290865615,28.839,-0.536,0.359,0.0,0,0,1,,0.892,2026-03-14T17:00:18.052676,happy,0.765,2026-03-14T17:00:18.052676,0.3194049416484207,2026-03-14T17:00:18.005000,78,,,
participant_12,1,day,Town10HD_Opt,2026-03-14 17:00:19.078786,5.73664665222168,70.14789581298828,0.0020661163143813,28.23,-0.36,0.221,0.0,0,0,1,,0.931,2026-03-14T17:00:19.078786,happy,0.765,2026-03-14T17:00:18.052676,0.3752928580340605,2026-03-14T17:00:19.981000,77,,,
participant_12,1,day,Town10HD_Opt,2026-03-14 17:00:20.099482,10.40646743774414,70.0863265991211,0.0021874236408621,24.237,-0.219,0.059,0.0,0,0,1,,0.918,2026-03-14T17:00:20.099482,happy,0.608,2026-03-14T17:00:20.099482,0.2963425464232933,2026-03-14T17:00:19.981000,77,,,
participant_12,1,day,Town10HD_Opt,2026-03-14 17:00:21.137014,14.17514705657959,70.03460693359375,0.0022344589233398,18.336,0.251,0.0,0.0,0,0,1,,0.924,2026-03-14T17:00:21.137014,happy,0.608,2026-03-14T17:00:20.099482,0.3711389039121447,2026-03-14T17:00:22.005000,75,,,
participant_12,1,day,Town10HD_Opt,2026-03-14 17:00:22.102634,17.058820724487305,70.01260375976562,0.002041091909632,14.282,0.585,0.013,0.0,0,0,1,,0.913,2026-03-14T17:00:22.102634,neutral,0.657,2026-03-14T17:00:22.102634,0.3445876842441954,2026-03-14T17:00:22.995000,73,,,
participant_12,1,day,Town10HD_Opt,2026-03-14 17:00:23.110292,19.30965232849121,70.0144271850586,0.0020137024112045,11.285,0.524,0.027,0.0,0,0,1,,0.873,2026-03-14T17:00:23.110292,neutral,0.657,2026-03-14T17:00:22.102634,0.3800483348837419,2026-03-14T17:00:23.986000,70,,,
participant_12,1,day,Town10HD_Opt,2026-03-14 17:00:24.047119,21.09157371520996,70.02417755126953,0.0019892882555723,9.115,0.249,0.094,0.0,0,0,1,,0.84,2026-03-14T17:00:24.047119,neutral,0.657,2026-03-14T17:00:22.102634,0.3381118900301709,2026-03-14T17:00:23.986000,70,,,
participant_12,1,day,Town10HD_Opt,2026-03-14 17:00:25.001312,22.587305068969727,70.03441619873047,0.0019539641216397,7.972,0.219,0.086,0.0,0,0,1,,0.926,2026-03-14T17:00:25.001312,happy,0.525,2026-03-14T17:00:25.001312,0.3537141777067048,2026-03-14T17:00:24.975000,68,,,
participant_12,1,day,Town10HD_Opt,2026-03-14 17:00:26.275806,24.307031631469727,70.04886627197266,0.001950797974132,6.666,0.174,0.078,0.0,0,0,1,,0.909,2026-03-14T17:00:26.275806,happy,0.525,2026-03-14T17:00:25.001312,0.4134887599542113,2026-03-14T17:00:27.001000,65,,,
participant_12,1,day,Town10HD_Opt,2026-03-14 17:00:27.275541,25.405237197875977,70.0594711303711,0.0019623565021902,5.569,0.162,0.0,0.0,0,0,1,,0.925,2026-03-14T17:00:27.275541,happy,0.819,2026-03-14T17:00:27.275541,0.3633525558817462,2026-03-14T17:00:27.991000,65,,,
participant_12,1,day,Town10HD_Opt,2026-03-14 17:00:28.235659,25.689483642578125,70.06238555908203,0.002003707922995,0.0,0.155,0.0,0.127,0,0,1,,0.932,2026-03-14T17:00:28.235659,happy,0.819,2026-03-14T17:00:27.275541,0.5023900874333801,2026-03-14T17:00:29.071000,64,,,
participant_12,1,day,Town10HD_Opt,2026-03-14 17:00:29.215293,25.77326393127441,70.06326293945312,0.0017311095725744,3.861,0.129,0.831,0.0,0,0,1,,0.935,2026-03-14T17:00:29.215293,happy,0.819,2026-03-14T17:00:27.275541,0.4340202284634865,2026-03-14T17:00:30.015000,64,,,
participant_12,1,day,Town10HD_Opt,2026-03-14 17:00:30.187509,27.45589065551757,70.0698013305664,0.0014949416508898,16.679,-3.149,0.782,0.0,0,0,1,,0.947,2026-03-14T17:00:30.187509,neutral,0.812,2026-03-14T17:00:30.187509,0.4545918791676517,2026-03-14T17:00:31.005000,62,,,errors=Stop sign violation
participant_12,1,day,Town10HD_Opt,2026-03-14 17:00:31.155660,30.89809226989746,69.77481079101562,0.0018660735804587,22.834,-10.235,0.541,0.0,0,0,1,,0.957,2026-03-14T17:00:31.155660,neutral,0.812,2026-03-14T17:00:30.187509,0.5100084752611189,2026-03-14T17:00:31.005000,62,,,
participant_12,1,day,Town10HD_Opt,2026-03-14 17:00:32.138584,35.06056213378906,68.52494049072266,0.0019184112315997,27.002,-12.454,0.541,0.0,0,0,1,,0.963,2026-03-14T17:00:32.138584,neutral,0.812,2026-03-14T17:00:30.187509,0.5179999762875851,2026-03-14T17:00:32.987000,65,,,
participant_12,1,day,Town10HD_Opt,2026-03-14 17:00:33.193195,39.28377914428711,65.77007293701172,0.0019432449480518,30.946,-12.988,0.5,0.0,0,0,1,,0.93,2026-03-14T17:00:33.193195,happy,0.787,2026-03-14T17:00:33.193195,0.4850064363257839,2026-03-14T17:00:34.066000,63,,,
participant_12,1,day,Town10HD_Opt,2026-03-14 17:00:34.202001,42.64208221435547,61.490501403808594,0.0021613691933453,30.32,-13.146,0.233,0.0,0,0,1,,0.924,2026-03-14T17:00:34.202001,happy,0.787,2026-03-14T17:00:33.193195,0.4637377000530224,2026-03-14T17:00:35.010000,64,,,
participant_12,1,day,Town10HD_Opt,2026-03-14 17:00:35.191039,44.24392318725586,56.76081085205078,0.0021793365012854,26.729,-13.168,0.203,0.0,0,0,1,,0.938,2026-03-14T17:00:35.191039,happy,0.787,2026-03-14T17:00:33.193195,0.4342046277533702,2026-03-14T17:00:36,65,,,
participant_12,1,day,Town10HD_Opt,2026-03-14 17:00:36.164256,44.3750228881836,52.36477279663086,0.0021442794241011,23.762,-1.864,0.506,0.0,0,0,1,,0.969,2026-03-14T17:00:36.164256,happy,0.56,2026-03-14T17:00:36.164256,0.5651001264851563,2026-03-14T17:00:36,65,,,
participant_12,1,day,Town10HD_Opt,2026-03-14 17:00:37.135770,44.24874114990234,48.01613998413086,0.0018600082257762,26.668,0.881,0.518,0.0,0,0,1,,0.946,2026-03-14T17:00:37.135770,happy,0.56,2026-03-14T17:00:36.164256,0.4963377217725725,2026-03-14T17:00:38.026000,65,,,
participant_12,1,day,Town10HD_Opt,2026-03-14 17:00:38.036286,44.17546463012695,43.01178741455078,0.0019387435168027,30.311,0.266,0.501,0.0,0,0,1,,0.938,2026-03-14T17:00:38.036286,happy,0.56,2026-03-14T17:00:36.164256,0.3849802405824624,2026-03-14T17:00:38.026000,68,,,
participant_12,1,day,Town10HD_Opt,2026-03-14 17:00:38.992608,44.49991226196289,37.59424591064453,0.0020348739344626,31.401,12.473,0.405,0.0,0,0,1,,0.964,2026-03-14T17:00:38.992608,neutral,0.769,2026-03-14T17:00:38.992608,0.4919151442644532,2026-03-14T17:00:39.021000,66,,,
participant_12,1,day,Town10HD_Opt,2026-03-14 17:00:40.274430,47.57832717895508,31.095190048217773,0.0021440123673528,29.925,16.354,0.175,0.0,0,0,1,,1.0,2026-03-14T17:00:40.274430,neutral,0.769,2026-03-14T17:00:38.992608,0.4497851373005363,2026-03-14T17:00:40.995000,65,,,
participant_12,1,day,Town10HD_Opt,2026-03-14 17:00:41.216975,51.41389846801758,28.13509750366211,0.0022158431820571,25.513,16.05,0.159,0.0,0,0,1,,0.949,2026-03-14T17:00:41.216975,neutral,0.518,2026-03-14T17:00:41.216975,0.4005022107846865,2026-03-14T17:00:41.986000,63,,,
participant_12,1,day,Town10HD_Opt,2026-03-14 17:00:42.216911,55.362064361572266,26.95924186706543,0.0021932220552116,21.559,14.19,0.141,0.0,0,0,1,,0.941,2026-03-14T17:00:42.216911,neutral,0.518,2026-03-14T17:00:41.216975,0.470220722267159,2026-03-14T17:00:42.978000,65,,,
participant_12,1,day,Town10HD_Opt,2026-03-14 17:00:43.214657,58.8363151550293,26.70872688293457,0.0021665573585778,18.047,0.475,0.114,0.0,0,0,1,,0.871,2026-03-14T17:00:43.214657,neutral,0.518,2026-03-14T17:00:41.216975,0.4432698349704765,2026-03-14T17:00:44.010000,67,,,
participant_12,1,day,Town10HD_Opt,2026-03-14 17:00:44.223597,61.85008239746094,26.51548957824707,0.0019962692167609,15.727,-0.167,0.0,0.0,0,0,1,,0.939,2026-03-14T17:00:44.223597,neutral,0.758,2026-03-14T17:00:44.223597,0.4895972343490501,2026-03-14T17:00:45.001000,66,,,
participant_12,1,day,Town10HD_Opt,2026-03-14 17:00:45.176420,64.28377532958984,26.36167907714844,0.0020660399459302,11.391,0.36,0.0,0.385,0,0,1,,0.908,2026-03-14T17:00:45.176420,neutral,0.758,2026-03-14T17:00:44.223597,0.4352516566263876,2026-03-14T17:00:45.991000,66,,,
participant_12,1,day,Town10HD_Opt,2026-03-14 17:00:46.112318,65.85028839111328,26.270164489746094,0.0020801543723791,5.996,0.36,0.0,0.337,0,0,1,,0.813,2026-03-14T17:00:46.112318,neutral,0.758,2026-03-14T17:00:44.223597,0.4673630356349558,2026-03-14T17:00:45.991000,67,,,
participant_12,1,day,Town10HD_Opt,2026-03-14 17:00:47.131631,66.09718322753906,26.255733489990234,0.0019953537266701,0.0,0.355,0.0,0.226,0,0,1,,0.9,2026-03-14T17:00:47.131631,neutral,0.628,2026-03-14T17:00:47.131631,0.5504330339117848,2026-03-14T17:00:48.016000,66,,,
participant_12,1,day,Town10HD_Opt,2026-03-14 17:00:48.108126,66.09758758544922,26.25571632385254,0.001921615563333,0.004,0.327,0.0,0.0,0,0,1,,0.905,2026-03-14T17:00:48.108126,neutral,0.628,2026-03-14T17:00:47.131631,0.4747206763887228,2026-03-14T17:00:49.006000,67,,,
participant_12,1,day,Town10HD_Opt,2026-03-14 17:00:49.038059,66.09783172607422,26.25571632385254,0.0019193649059161,0.006,0.266,0.0,0.0,0,0,1,,0.92,2026-03-14T17:00:49.038059,neutral,0.628,2026-03-14T17:00:47.131631,0.5102147965455084,2026-03-14T17:00:49.006000,67,,,
participant_12,1,day,Town10HD_Opt,2026-03-14 17:00:50.031643,66.0979232788086,26.25571632385254,0.0019189452286809,0.001,0.209,0.0,0.0,0,0,1,,0.833,2026-03-14T17:00:50.031643,happy,0.547,2026-03-14T17:00:50.031643,0.4960841597154222,2026-03-14T17:00:50.005000,66,,,
participant_12,1,day,Town10HD_Opt,2026-03-14 17:00:51.038638,66.0978775024414,26.25571632385254,0.0019187545403838,0.001,0.209,0.0,0.0,0,0,1,,0.87,2026-03-14T17:00:51.038638,happy,0.547,2026-03-14T17:00:50.031643,0.48264246908654,2026-03-14T17:00:50.986000,66,,,
participant_12,1,day,Town10HD_Opt,2026-03-14 17:00:52.274954,66.09801483154297,26.25571632385254,0.0019187545403838,0.001,0.209,0.0,0.0,0,0,1,,0.897,2026-03-14T17:00:52.274954,neutral,0.746,2026-03-14T17:00:52.274954,0.4564405643799926,2026-03-14T17:00:53.010000,66,,,
participant_12,1,day,Town10HD_Opt,2026-03-14 17:00:53.271010,66.09805297851562,26.25571632385254,0.001919021597132,0.005,0.209,0.0,0.0,0,0,1,,0.91,2026-03-14T17:00:53.271010,neutral,0.746,2026-03-14T17:00:52.274954,0.6036870946044871,2026-03-14T17:00:54.092000,68,,,
participant_12,1,day,Town10HD_Opt,2026-03-14 17:00:54.227128,66.09825897216797,26.25571632385254,0.0019192122854292,0.005,0.209,0.0,0.0,0,0,1,,0.875,2026-03-14T17:00:54.227128,neutral,0.746,2026-03-14T17:00:52.274954,0.5994859879921755,2026-03-14T17:00:55.036000,70,,,
participant_12,1,day,Town10HD_Opt,2026-03-14 17:00:55.147689,66.09844970703125,26.25571632385254,0.001919021597132,0.007,0.202,0.0,0.0,0,0,1,,0.856,2026-03-14T17:00:55.147689,neutral,0.637,2026-03-14T17:00:55.147689,0.6516801502884277,2026-03-14T17:00:55.981000,72,,,
participant_12,1,day,Town10HD_Opt,2026-03-14 17:00:56.089991,66.09840393066406,26.25571632385254,0.0019188689766451,0.001,0.106,0.0,0.0,0,0,1,,0.93,2026-03-14T17:00:56.089991,neutral,0.637,2026-03-14T17:00:55.147689,0.6207189986639382,2026-03-14T17:00:55.981000,70,,,
participant_12,1,day,Town10HD_Opt,2026-03-14 17:00:57.002045,66.098388671875,26.25571632385254,0.001919021597132,0.0,-0.049,0.0,0.0,0,0,1,,0.939,2026-03-14T17:00:57.002045,neutral,0.637,2026-03-14T17:00:55.147689,0.7142646608255078,2026-03-14T17:00:57.016000,71,,,
participant_12,1,day,Town10HD_Opt,2026-03-14 17:00:58.263108,66.09850311279297,26.25571632385254,0.001919021597132,0.0,-0.202,0.0,0.0,0,0,1,,0.922,2026-03-14T17:00:58.263108,neutral,0.721,2026-03-14T17:00:58.263108,0.655208280344235,2026-03-14T17:00:59.085000,67,,,
participant_12,1,day,Town10HD_Opt,2026-03-14 17:00:59.213365,66.09868621826172,26.25571632385254,0.0019191360333934,0.005,-0.211,0.0,0.0,0,0,1,,0.919,2026-03-14T17:00:59.213365,neutral,0.721,2026-03-14T17:00:58.263108,0.6859580508893923,2026-03-14T17:01:00.075000,65,,,
participant_12,1,day,Town10HD_Opt,2026-03-14 17:01:00.176807,66.09893035888672,26.25571632385254,0.0019191360333934,0.006,-0.211,0.0,0.0,0,0,1,,0.903,2026-03-14T17:01:00.176807,neutral,0.721,2026-03-14T17:00:58.263108,0.6749328008961566,2026-03-14T17:01:00.976000,64,,,
participant_12,1,day,Town10HD_Opt,2026-03-14 17:01:01.127300,66.09893035888672,26.25571632385254,0.0019189071608707,0.001,-0.214,0.0,0.0,0,0,1,,0.896,2026-03-14T17:01:01.127300,happy,0.606,2026-03-14T17:01:01.127300,0.6899853306245557,2026-03-14T17:01:02.011000,61,,,
participant_12,1,day,Town10HD_Opt,2026-03-14 17:01:02.136746,66.09889221191406,26.25571632385254,0.0019187545403838,0.0,-0.214,0.0,0.0,0,0,1,,0.903,2026-03-14T17:01:02.136746,happy,0.606,2026-03-14T17:01:01.127300,0.6351910500227533,2026-03-14T17:01:03.001000,62,,,
participant_12,1,day,Town10HD_Opt,2026-03-14 17:01:03.069750,66.09901428222656,26.25571632385254,0.0019190596649423,0.005,-0.221,0.0,0.0,0,0,1,,0.906,2026-03-14T17:01:03.069750,happy,0.606,2026-03-14T17:01:01.127300,0.6469204971996195,2026-03-14T17:01:03.001000,64,,,
participant_12,1,day,Town10HD_Opt,2026-03-14 17:01:04.272718,66.09912109375,26.25571632385254,0.0019190596649423,0.005,-0.258,0.0,0.0,0,0,1,,0.917,2026-03-14T17:01:04.272718,happy,0.559,2026-03-14T17:01:04.272718,0.6424890795323005,2026-03-14T17:01:04.981000,60,,,
participant_12,1,day,Town10HD_Opt,2026-03-14 17:01:05.258717,66.0993423461914,26.25571632385254,0.0019192504696547,0.006,-0.275,0.0,0.0,0,0,1,,0.922,2026-03-14T17:01:05.258717,happy,0.559,2026-03-14T17:01:04.272718,0.7147088585560332,2026-03-14T17:01:06.016000,60,,,
participant_12,1,day,Town10HD_Opt,2026-03-14 17:01:06.172939,66.0994644165039,26.255714416503903,0.0019189452286809,0.001,-0.287,0.0,0.0,0,0,1,,0.89,2026-03-14T17:01:06.172939,happy,0.559,2026-03-14T17:01:04.272718,0.761893092654293,2026-03-14T17:01:07.005000,61,,,
participant_12,1,day,Town10HD_Opt,2026-03-14 17:01:07.145298,66.09941864013672,26.255714416503903,0.0019187927246093,0.001,-0.287,0.0,0.0,0,0,1,,0.9,2026-03-14T17:01:07.145298,neutral,0.543,2026-03-14T17:01:07.145298,0.6376793540936072,2026-03-14T17:01:07.995000,62,,,
participant_12,1,day,Town10HD_Opt,2026-03-14 17:01:08.063983,66.0994644165039,26.25571632385254,0.0019190596649423,0.004,-0.287,0.0,0.0,0,0,1,,0.909,2026-03-14T17:01:08.063983,neutral,0.543,2026-03-14T17:01:07.145298,0.6842742412177353,2026-03-14T17:01:07.995000,62,,,
participant_12,1,day,Town10HD_Opt,2026-03-14 17:01:08.999713,66.09966278076172,26.25571632385254,0.0019192122854292,0.005,-0.289,0.0,0.0,0,0,1,,0.933,2026-03-14T17:01:08.999713,neutral,0.543,2026-03-14T17:01:07.145298,0.6790587217553846,2026-03-14T17:01:08.988000,62,,,
participant_12,1,day,Town10HD_Opt,2026-03-14 17:01:10.218578,66.09976959228516,26.25571632385254,0.0019192122854292,0.005,-0.289,0.0,0.0,0,0,1,,0.913,2026-03-14T17:01:10.218578,happy,0.697,2026-03-14T17:01:10.218578,0.6128417938340845,2026-03-14T17:01:11.011000,61,,,
participant_12,1,day,Town10HD_Opt,2026-03-14 17:01:11.145393,66.09998321533203,26.255714416503903,0.0019189834129065,0.001,-0.289,0.0,0.0,0,0,1,,0.946,2026-03-14T17:01:11.145393,happy,0.697,2026-03-14T17:01:10.218578,0.6866042230217975,2026-03-14T17:01:12,61,,,
participant_12,1,day,Town10HD_Opt,2026-03-14 17:01:12.002727,66.09994506835938,26.255714416503903,0.0019188689766451,0.001,-0.298,0.0,0.0,0,0,1,,0.909,2026-03-14T17:01:12.002727,happy,0.697,2026-03-14T17:01:10.218578,0.6588025902602475,2026-03-14T17:01:12,62,,,
participant_12,1,day,Town10HD_Opt,2026-03-14 17:01:13.199365,66.1000747680664,26.255714416503903,0.0019188689766451,0.001,-0.313,0.0,0.0,0,0,1,,0.938,2026-03-14T17:01:13.199365,neutral,0.511,2026-03-14T17:01:13.199365,0.5951843503272906,2026-03-14T17:01:14.071000,62,,,
participant_12,1,day,Town10HD_Opt,2026-03-14 17:01:14.114252,66.10003662109375,26.25571632385254,0.001919021597132,0.0,-0.331,0.0,0.0,0,0,1,,0.92,2026-03-14T17:01:14.114252,neutral,0.511,2026-03-14T17:01:13.199365,0.6360107165297806,2026-03-14T17:01:15.015000,61,,,
participant_12,1,day,Town10HD_Opt,2026-03-14 17:01:15.021079,66.10021209716797,26.255714416503903,0.0019190978491678,0.005,-0.331,0.0,0.0,0,0,1,,0.9,2026-03-14T17:01:15.021079,neutral,0.511,2026-03-14T17:01:13.199365,0.6835086475742985,2026-03-14T17:01:15.015000,63,,,
participant_12,1,day,Town10HD_Opt,2026-03-14 17:01:16.237564,66.1003189086914,26.25571250915528,0.0019190596649423,0.005,-0.331,0.0,0.0,0,0,1,,0.823,2026-03-14T17:01:16.237564,neutral,0.57,2026-03-14T17:01:16.237564,0.6785851757931782,2026-03-14T17:01:17.042000,62,Red light violation,Red light violation,
participant_12,1,day,Town10HD_Opt,2026-03-14 17:01:17.189486,66.1005630493164,26.25571060180664,0.0019192504696547,0.006,-0.331,0.0,0.0,0,0,1,,0.904,2026-03-14T17:01:17.189486,neutral,0.57,2026-03-14T17:01:16.237564,0.671177959296059,2026-03-14T17:01:18.031000,59,,,
participant_12,1,day,Town10HD_Opt,2026-03-14 17:01:18.139787,66.10062408447266,26.255704879760746,0.0019189452286809,0.001,-0.331,0.0,0.0,0,0,1,,0.919,2026-03-14T17:01:18.139787,neutral,0.57,2026-03-14T17:01:16.237564,0.6763350458675675,2026-03-14T17:01:19.021000,60,,,
participant_12,1,day,Town10HD_Opt,2026-03-14 17:01:19.036286,66.1005859375,26.25570297241211,0.0019187545403838,0.001,-0.331,0.0,0.0,0,0,1,,0.863,2026-03-14T17:01:19.036286,happy,0.61,2026-03-14T17:01:19.036286,0.5935765548547177,2026-03-14T17:01:19.021000,60,,,
participant_12,1,day,Town10HD_Opt,2026-03-14 17:01:20.012682,66.10066986083984,26.255704879760746,0.0019190596649423,0.005,-0.331,0.0,0.0,0,0,1,,0.904,2026-03-14T17:01:20.012682,happy,0.61,2026-03-14T17:01:19.036286,0.6817979312849216,2026-03-14T17:01:20.015000,59,,,
participant_12,1,day,Town10HD_Opt,2026-03-14 17:01:21.198442,66.10079193115234,26.25570297241211,0.0019190596649423,0.005,-0.327,0.0,0.0,0,0,1,,0.902,2026-03-14T17:01:21.198442,neutral,0.759,2026-03-14T17:01:21.198442,0.7391354160589925,2026-03-14T17:01:21.001000,59,Stop sign violation,stop_sign_id=946,
participant_12,1,day,Town10HD_Opt,2026-03-14 17:01:22.194715,66.10099792480469,26.255699157714844,0.0019192504696547,0.006,-0.32,0.0,0.0,0,0,1,,1.0,2026-03-14T17:01:22.194715,neutral,0.759,2026-03-14T17:01:21.198442,0.6038118280174293,2026-03-14T17:01:22.981000,59,,,
participant_12,1,day,Town10HD_Opt,2026-03-14 17:01:23.119175,66.1011734008789,26.25569725036621,0.0019189834129065,0.001,-0.313,0.0,0.0,0,0,1,,0.944,2026-03-14T17:01:23.119175,neutral,0.759,2026-03-14T17:01:21.198442,0.6684237157592207,2026-03-14T17:01:24.016000,57,,,
participant_12,1,day,Town10HD_Opt,2026-03-14 17:01:24.245927,66.10131072998047,26.25569725036621,0.0019189834129065,0.001,-0.308,0.0,0.0,0,0,1,,0.934,2026-03-14T17:01:24.245927,happy,0.631,2026-03-14T17:01:24.245927,0.66948057045348,2026-03-14T17:01:25.096000,58,,,
participant_12,1,day,Town10HD_Opt,2026-03-14 17:01:25.138116,66.10126495361328,26.25569725036621,0.0019188307924196,0.001,-0.275,0.0,0.0,0,0,1,,0.93,2026-03-14T17:01:25.138116,happy,0.631,2026-03-14T17:01:24.245927,0.6424668044631245,2026-03-14T17:01:26.041000,57,,,
participant_12,1,day,Town10HD_Opt,2026-03-14 17:01:26.011968,66.10124969482422,26.25569725036621,0.001919021597132,0.0,-0.251,0.0,0.0,0,0,1,,0.902,2026-03-14T17:01:26.011968,happy,0.631,2026-03-14T17:01:24.245927,0.6797417811410034,2026-03-14T17:01:26.041000,58,,,
participant_12,1,day,Town10HD_Opt,2026-03-14 17:01:27.269231,66.10136413574219,26.25569725036621,0.0019189834129065,0.0,-0.247,0.0,0.0,0,0,1,,0.913,2026-03-14T17:01:27.269231,happy,0.554,2026-03-14T17:01:27.269231,0.6804767335710719,2026-03-14T17:01:28.021000,58,,,
participant_12,1,day,Town10HD_Opt,2026-03-14 17:01:28.170210,66.1015396118164,26.25569725036621,0.0019190978491678,0.005,-0.209,0.0,0.0,0,0,1,,0.895,2026-03-14T17:01:28.170210,happy,0.554,2026-03-14T17:01:27.269231,0.7136628146892207,2026-03-14T17:01:29.012000,57,,,
participant_12,1,day,Town10HD_Opt,2026-03-14 17:01:29.094407,66.10179138183594,26.25569725036621,0.0019191360333934,0.006,-0.2,0.0,0.0,0,0,1,,0.921,2026-03-14T17:01:29.094407,happy,0.554,2026-03-14T17:01:27.269231,0.6474277414569134,2026-03-14T17:01:29.012000,60,,,
participant_12,1,day,Town10HD_Opt,2026-03-14 17:01:30.243081,66.10189056396484,26.25569725036621,0.0019192122854292,0.006,-0.2,0.0,0.0,0,0,1,,0.937,2026-03-14T17:01:30.243081,neutral,0.578,2026-03-14T17:01:30.243081,0.5819562233683199,2026-03-14T17:01:30.991000,60,,,
participant_12,1,day,Town10HD_Opt,2026-03-14 17:01:31.149176,66.10192108154297,26.25569725036621,0.0019189071608707,0.001,-0.2,0.0,0.0,0,0,1,,0.893,2026-03-14T17:01:31.149176,neutral,0.578,2026-03-14T17:01:30.243081,0.6269310533917679,2026-03-14T17:01:31.981000,58,,,
participant_12,1,day,Town10HD_Opt,2026-03-14 17:01:32.049690,66.10187530517578,26.25569725036621,0.0019187545403838,0.001,-0.2,0.0,0.0,0,0,1,,0.933,2026-03-14T17:01:32.049690,neutral,0.578,2026-03-14T17:01:30.243081,0.5794328640103789,2026-03-14T17:01:31.981000,60,,,
participant_12,1,day,Town10HD_Opt,2026-03-14 17:01:33.258677,66.10201263427734,26.25569725036621,0.0019187163561582,0.001,-0.2,0.0,0.0,0,0,1,,0.943,2026-03-14T17:01:33.258677,neutral,0.827,2026-03-14T17:01:33.258677,0.6194426382699727,2026-03-14T17:01:34.006000,61,,,
participant_12,1,day,Town10HD_Opt,2026-03-14 17:01:34.183040,66.10209655761719,26.25569725036621,0.001919021597132,0.005,-0.2,0.0,0.0,0,0,1,,0.922,2026-03-14T17:01:34.183040,neutral,0.827,2026-03-14T17:01:33.258677,0.5564923550457708,2026-03-14T17:01:34.997000,60,,,
participant_12,1,day,Town10HD_Opt,2026-03-14 17:01:35.143203,66.10230255126953,26.25569725036621,0.0019192504696547,0.005,-0.2,0.0,0.0,0,0,1,,0.943,2026-03-14T17:01:35.143203,neutral,0.827,2026-03-14T17:01:33.258677,0.5403813954150767,2026-03-14T17:01:36.032000,63,,,
participant_12,1,day,Town10HD_Opt,2026-03-14 17:01:36.048441,66.10244750976562,26.25569725036621,0.0019189834129065,0.001,-0.148,0.0,0.0,0,0,1,,1.0,2026-03-14T17:01:36.048441,neutral,0.769,2026-03-14T17:01:36.048441,0.5995702009723001,2026-03-14T17:01:36.032000,61,,,
participant_12,1,day,Town10HD_Opt,2026-03-14 17:01:37.268545,66.10708618164062,26.25540542602539,0.0019183730473741,0.022,-0.202,0.161,0.0,0,1,-1,,0.908,2026-03-14T17:01:37.268545,neutral,0.769,2026-03-14T17:01:36.048441,0.5133560961533066,2026-03-14T17:01:38.011000,62,,,
participant_12,1,day,Town10HD_Opt,2026-03-14 17:01:38.177423,66.04872131347656,26.262285232543945,0.0020824812818318,2.863,-8.313,0.613,0.0,0,1,-1,,0.967,2026-03-14T17:01:38.177423,neutral,0.81,2026-03-14T17:01:38.177423,0.6350852192747584,2026-03-14T17:01:39.003000,60,,,
participant_12,1,day,Town10HD_Opt,2026-03-14 17:01:39.035477,65.0587158203125,26.357852935791016,0.0021771239116787,9.484,-7.418,0.628,0.0,0,1,-1,,0.843,2026-03-14T17:01:39.035477,neutral,0.81,2026-03-14T17:01:38.177423,0.592163627792438,2026-03-14T17:01:39.003000,60,,,errors=Vehicle collision
participant_12,1,day,Town10HD_Opt,2026-03-14 17:01:40.201102,63.969970703125,26.417686462402344,0.006328391842544,0.076,0.094,0.472,0.0,0,1,-1,,0.814,2026-03-14T17:01:40.201102,sad,0.342,2026-03-14T17:01:40.201102,0.6226511926527256,2026-03-14T17:01:40.981000,59,,,
participant_12,1,day,Town10HD_Opt,2026-03-14 17:01:41.102668,63.970497131347656,26.433210372924805,0.0046128844842314,0.05,1.415,0.0,0.0,0,1,-1,,0.827,2026-03-14T17:01:41.102668,sad,0.342,2026-03-14T17:01:40.201102,0.6160736584440027,2026-03-14T17:01:40.981000,61,,,
participant_12,1,day,Town10HD_Opt,2026-03-14 17:01:42.237893,64.15035247802734,26.45176887512207,0.0018513107206672,3.046,10.521,0.531,0.0,0,0,1,,0.91,2026-03-14T17:01:42.237893,neutral,0.845,2026-03-14T17:01:42.237893,0.6165606284319156,2026-03-14T17:01:43.007000,60,,,
participant_12,1,day,Town10HD_Opt,2026-03-14 17:01:43.157645,65.09357452392578,26.635332107543945,0.0018746566493064,6.404,14.584,0.0,0.0,0,0,1,,0.869,2026-03-14T17:01:43.157645,neutral,0.845,2026-03-14T17:01:42.237893,0.5964440684672482,2026-03-14T17:01:43.007000,61,,,
participant_12,1,day,Town10HD_Opt,2026-03-14 17:01:44.010702,66.05089569091797,26.880868911743164,0.0019624710548669,4.893,8.53,0.0,0.0,0,0,1,,0.975,2026-03-14T17:01:44.010702,neutral,0.845,2026-03-14T17:01:42.237893,0.5849912979522573,2026-03-14T17:01:44.086000,63,,,
participant_12,1,day,Town10HD_Opt,2026-03-14 17:01:45.171111,66.99491882324219,27.12649917602539,0.0019518280168995,3.445,1.777,0.0,0.0,0,0,1,,0.907,2026-03-14T17:01:45.171111,neutral,0.55,2026-03-14T17:01:45.171111,0.6106451742569434,2026-03-14T17:01:46.021000,63,,,
participant_12,1,day,Town10HD_Opt,2026-03-14 17:01:46.037645,67.5015869140625,27.25181579589844,0.0019265746232122,3.025,6.725,0.314,0.0,0,0,1,,0.934,2026-03-14T17:01:46.037645,neutral,0.55,2026-03-14T17:01:45.171111,0.5563225507916961,2026-03-14T17:01:46.021000,64,,,
participant_12,1,day,Town10HD_Opt,2026-03-14 17:01:47.194791,68.64008331298828,27.55742454528809,0.001816101022996,7.435,-2.857,0.286,0.0,0,0,1,,0.891,2026-03-14T17:01:47.194791,neutral,0.46,2026-03-14T17:01:47.194791,0.5852624029378392,2026-03-14T17:01:48.091000,62,,,
participant_12,1,day,Town10HD_Opt,2026-03-14 17:01:48.108242,70.10135650634766,27.86764907836914,0.0018365859286859,9.928,-2.974,0.231,0.0,0,0,1,,0.937,2026-03-14T17:01:48.108242,neutral,0.46,2026-03-14T17:01:47.194791,0.5801574440321504,2026-03-14T17:01:48.991000,63,,,
participant_12,1,day,Town10HD_Opt,2026-03-14 17:01:49.271356,72.14997100830078,28.32613945007324,0.002049446105957,6.411,4.15,0.0,0.31,0,0,1,,0.938,2026-03-14T17:01:49.271356,neutral,0.563,2026-03-14T17:01:49.271356,0.6066914720697596,2026-03-14T17:01:50.026000,64,,,
participant_12,1,day,Town10HD_Opt,2026-03-14 17:01:50.140520,72.42526245117188,28.39900779724121,0.0020001982338726,0.0,3.459,0.0,0.4,0,0,1,,0.945,2026-03-14T17:01:50.140520,neutral,0.563,2026-03-14T17:01:49.271356,0.6014522878808662,2026-03-14T17:01:51.016000,67,,,
participant_12,1,day,Town10HD_Opt,2026-03-14 17:01:51.257643,72.4242172241211,28.39874267578125,0.0019219588721171,0.02,3.363,0.308,0.0,0,1,-1,,0.832,2026-03-14T17:01:51.257643,neutral,0.563,2026-03-14T17:01:49.271356,0.5866847463079822,2026-03-14T17:01:52.006000,66,,,
participant_12,1,day,Town10HD_Opt,2026-03-14 17:01:52.126574,72.40764617919922,28.39408302307129,0.0019377898424863,1.395,5.749,0.391,0.0,0,1,-1,,0.927,2026-03-14T17:01:52.126574,neutral,0.377,2026-03-14T17:01:52.126574,0.6532997778554921,2026-03-14T17:01:52.006000,69,,,
participant_12,1,day,Town10HD_Opt,2026-03-14 17:01:53.009353,71.92378234863281,28.26091957092285,0.0020020676311105,4.089,3.41,0.281,0.0,0,1,-1,,0.894,2026-03-14T17:01:53.009353,neutral,0.377,2026-03-14T17:01:52.126574,0.6447920572657363,2026-03-14T17:01:53.086000,66,,,
participant_12,1,day,Town10HD_Opt,2026-03-14 17:01:54.260446,71.11802673339844,28.066680908203125,0.0018972395919263,3.025,3.983,0.283,0.0,0,1,-1,,0.934,2026-03-14T17:01:54.260446,sad,0.426,2026-03-14T17:01:54.260446,0.6640420370483437,2026-03-14T17:01:55.067000,69,,,
participant_12,1,day,Town10HD_Opt,2026-03-14 17:01:55.150043,70.65997314453125,27.95298957824707,0.0018932723905891,2.309,7.382,0.237,0.0,0,1,-1,,0.928,2026-03-14T17:01:55.150043,sad,0.426,2026-03-14T17:01:54.260446,0.5387489483639565,2026-03-14T17:01:56.011000,68,,,
participant_12,1,day,Town10HD_Opt,2026-03-14 17:01:56.079792,70.2952880859375,27.8597412109375,0.0019173431210219,2.055,12.355,0.241,0.0,0,1,-1,,0.932,2026-03-14T17:01:56.079792,sad,0.426,2026-03-14T17:01:54.260446,0.6133959095295252,2026-03-14T17:01:56.011000,67,,,errors=Vehicle collision
participant_12,1,day,Town10HD_Opt,2026-03-14 17:01:57.256831,70.02686309814453,27.830734252929688,0.0017544936854392,1.0,15.378,0.267,0.0,0,1,-1,,1.0,2026-03-14T17:01:57.256831,neutral,0.596,2026-03-14T17:01:57.256831,0.5768171460622826,2026-03-14T17:01:58.126000,69,,,
participant_12,1,day,Town10HD_Opt,2026-03-14 17:01:58.125025,69.83202362060547,27.80388641357422,0.0023738860618323,1.351,15.339,0.27,0.0,0,1,-1,,0.824,2026-03-14T17:01:58.125025,neutral,0.596,2026-03-14T17:01:57.256831,0.5497152466685253,2026-03-14T17:01:58.982000,69,,,errors=Vehicle collision
participant_12,1,day,Town10HD_Opt,2026-03-14 17:01:59.271809,69.56217956542969,27.76995086669922,0.0028343200683593,0.534,14.467,0.0,0.0,0,1,-1,,0.92,2026-03-14T17:01:59.271809,sad,0.399,2026-03-14T17:01:59.271809,0.6239350509099995,2026-03-14T17:02:00.016000,69,,,
participant_12,1,day,Town10HD_Opt,2026-03-14 17:02:00.192336,69.52059936523438,27.765729904174805,0.0026454543694853,0.044,14.531,0.0,0.0,0,1,-1,,1.0,2026-03-14T17:02:00.192336,sad,0.399,2026-03-14T17:01:59.271809,0.6697999485229521,2026-03-14T17:02:01.096000,68,,,
participant_12,1,day,Town10HD_Opt,2026-03-14 17:02:01.059108,69.51815032958984,27.765851974487305,0.0023543166462332,0.005,14.418,0.0,0.0,0,1,-1,,1.0,2026-03-14T17:02:01.059108,sad,0.399,2026-03-14T17:01:59.271809,0.546705076055786,2026-03-14T17:02:01.096000,70,,,errors=Vehicle collision
participant_12,1,day,Town10HD_Opt,2026-03-14 17:02:02.138496,69.51986694335938,27.766469955444336,0.0019750976935029,0.005,15.98,0.022,0.0,0,0,1,,1.0,2026-03-14T17:02:02.138496,neutral,0.454,2026-03-14T17:02:02.138496,0.5841893056769255,2026-03-14T17:02:02.087000,68,,,
participant_12,1,day,Town10HD_Opt,2026-03-14 17:02:03.024865,69.5297622680664,27.76953125,0.0019014739664271,0.692,24.787,0.179,0.0,0,0,1,,0.885,2026-03-14T17:02:03.024865,neutral,0.454,2026-03-14T17:02:02.138496,0.5317424588963948,2026-03-14T17:02:03.084000,68,,,
participant_12,1,day,Town10HD_Opt,2026-03-14 17:02:04.142485,69.97589111328125,27.92733383178711,0.0018226623069494,4.068,17.221,0.0,0.0,0,0,1,,1.0,2026-03-14T17:02:04.142485,sad,0.456,2026-03-14T17:02:04.142485,0.6042282043548486,2026-03-14T17:02:04.021000,68,,,
participant_12,1,day,Town10HD_Opt,2026-03-14 17:02:05.276659,70.8079833984375,28.140668869018555,0.0019301223801448,3.643,-5.394,0.505,0.0,0,0,1,,1.0,2026-03-14T17:02:05.276659,sad,0.456,2026-03-14T17:02:04.142485,0.5651149389346108,2026-03-14T17:02:06.046000,67,,,
participant_12,1,day,Town10HD_Opt,2026-03-14 17:02:06.120500,72.10829162597656,28.328086853027344,0.0015679930802434,13.513,-7.629,0.814,0.0,0,0,1,,1.0,2026-03-14T17:02:06.120500,sad,0.456,2026-03-14T17:02:04.142485,0.6095966339858543,2026-03-14T17:02:06.994000,68,,,
participant_12,1,day,Town10HD_Opt,2026-03-14 17:02:07.234374,76.44542694091797,28.552433013916016,0.0020236587151885,19.89,-2.617,0.0,0.112,0,0,1,,0.933,2026-03-14T17:02:07.234374,neutral,0.412,2026-03-14T17:02:07.234374,0.6479683756950205,2026-03-14T17:02:07.981000,67,,,errors=Vehicle collision
participant_12,1,day,Town10HD_Opt,2026-03-14 17:02:08.184698,77.5636978149414,28.585453033447266,-0.0010481261415407,0.05,-1.072,0.0,0.503,0,0,1,,0.975,2026-03-14T17:02:08.184698,neutral,0.412,2026-03-14T17:02:07.234374,0.625792232985539,2026-03-14T17:02:09.062000,66,,,
participant_12,1,day,Town10HD_Opt,2026-03-14 17:02:09.031627,77.56317138671875,28.585432052612305,0.0018886947073042,0.002,-0.458,0.209,0.0,0,1,-1,,0.927,2026-03-14T17:02:09.031627,neutral,0.412,2026-03-14T17:02:07.234374,0.6351318314182811,2026-03-14T17:02:09.062000,66,,,
participant_12,1,day,Town10HD_Opt,2026-03-14 17:02:10.190033,77.19634246826172,28.581974029541016,0.0020238494034856,3.685,-0.261,0.0,0.0,0,1,-1,,1.0,2026-03-14T17:02:10.190033,neutral,0.639,2026-03-14T17:02:10.190033,0.5895615544858028,2026-03-14T17:02:10.996000,71,,,
participant_12,1,day,Town10HD_Opt,2026-03-14 17:02:11.060759,76.75965881347656,28.577726364135746,0.001856651273556,1.377,-0.275,0.0,0.0,0,1,-1,,1.0,2026-03-14T17:02:11.060759,neutral,0.639,2026-03-14T17:02:10.190033,0.6237749365124111,2026-03-14T17:02:10.996000,69,,,
participant_12,1,day,Town10HD_Opt,2026-03-14 17:02:12.182133,76.5755615234375,28.575868606567383,0.0019005202921107,0.351,-0.275,0.0,0.0,0,1,-1,,0.919,2026-03-14T17:02:12.182133,neutral,0.639,2026-03-14T17:02:10.190033,0.5031715674067068,2026-03-14T17:02:13.022000,69,,,
participant_12,1,day,Town10HD_Opt,2026-03-14 17:02:13.004334,76.5363998413086,28.575475692749023,0.0019045256776735,0.0,-0.378,0.0,0.0,0,1,-1,,0.918,2026-03-14T17:02:13.004334,sad,0.315,2026-03-14T17:02:13.004334,0.6176768633082501,2026-03-14T17:02:13.022000,68,,,
participant_12,1,day,Town10HD_Opt,2026-03-14 17:02:14.125985,76.536376953125,28.575475692749023,0.0019180679228156,0.0,0.082,0.0,0.0,0,1,-1,,1.0,2026-03-14T17:02:14.125985,sad,0.315,2026-03-14T17:02:13.004334,0.6345370879290153,2026-03-14T17:02:14.011000,66,,,
participant_12,1,day,Town10HD_Opt,2026-03-14 17:02:15.222835,76.536376953125,28.575475692749023,0.0019180679228156,0.0,0.096,0.0,0.0,0,1,-1,,0.811,2026-03-14T17:02:15.222835,neutral,0.683,2026-03-14T17:02:15.222835,0.5711474631432233,2026-03-14T17:02:15.991000,66,,,
participant_12,1,day,Town10HD_Opt,2026-03-14 17:02:16.099141,76.536376953125,28.575475692749023,0.0019180679228156,0.0,0.096,0.0,0.0,0,1,-1,,1.0,2026-03-14T17:02:16.099141,neutral,0.683,2026-03-14T17:02:15.222835,0.5830293058704792,2026-03-14T17:02:16.981000,68,,,
participant_12,1,day,Town10HD_Opt,2026-03-14 17:02:17.228112,76.536376953125,28.575475692749023,0.0019180679228156,0.0,0.465,0.0,0.0,0,0,1,,0.85,2026-03-14T17:02:17.228112,neutral,0.742,2026-03-14T17:02:17.228112,0.6036609982763924,2026-03-14T17:02:18.016000,70,,,
participant_12,1,day,Town10HD_Opt,2026-03-14 17:02:18.104610,76.536376953125,28.575475692749023,0.0019180679228156,0.0,0.404,0.0,0.0,0,0,1,,0.938,2026-03-14T17:02:18.104610,neutral,0.742,2026-03-14T17:02:17.228112,0.5049384597653422,2026-03-14T17:02:19.008000,72,,,
participant_12,1,day,Town10HD_Opt,2026-03-14 17:02:19.197296,76.536376953125,28.575475692749023,0.0019180679228156,0.0,0.383,0.0,0.0,0,0,1,,0.927,2026-03-14T17:02:19.197296,neutral,0.742,2026-03-14T17:02:17.228112,0.5322021903663879,2026-03-14T17:02:19.998000,73,,,
participant_12,1,day,Town10HD_Opt,2026-03-14 17:02:20.025107,76.536376953125,28.575475692749023,0.0019180679228156,0.0,0.376,0.0,0.0,0,0,1,,0.904,2026-03-14T17:02:20.025107,neutral,0.79,2026-03-14T17:02:20.025107,0.4799790390988962,2026-03-14T17:02:19.998000,73,,,
participant_12,1,day,Town10HD_Opt,2026-03-14 17:02:21.092244,76.536376953125,28.575475692749023,0.0019180679228156,0.0,0.376,0.0,0.0,0,0,1,,0.92,2026-03-14T17:02:21.092244,neutral,0.79,2026-03-14T17:02:20.025107,0.5852053834581072,2026-03-14T17:02:20.987000,74,,,
participant_12,1,day,Town10HD_Opt,2026-03-14 17:02:22.245962,76.64915466308594,28.575401306152344,0.00180137634743,2.576,-0.865,0.179,0.0,0,0,1,,0.926,2026-03-14T17:02:22.245962,neutral,0.819,2026-03-14T17:02:22.245962,0.6014719354309159,2026-03-14T17:02:23.103000,75,,,
participant_12,1,day,Town10HD_Opt,2026-03-14 17:02:23.212946,77.2257308959961,28.57701110839844,0.0018736267229542,3.917,-1.191,0.164,0.0,0,0,1,,0.938,2026-03-14T17:02:23.212946,neutral,0.819,2026-03-14T17:02:22.245962,0.5323540292852335,2026-03-14T17:02:24.047000,73,,,
participant_12,1,day,Town10HD_Opt,2026-03-14 17:02:24.066294,78.01646423339844,28.57267570495605,0.0018862533615902,4.981,-1.455,0.162,0.0,0,0,1,,0.941,2026-03-14T17:02:24.066294,neutral,0.819,2026-03-14T17:02:22.245962,0.564430155247003,2026-03-14T17:02:24.047000,74,,,
participant_12,1,day,Town10HD_Opt,2026-03-14 17:02:25.255036,79.15553283691406,28.566749572753903,0.0019551848527044,4.012,-0.195,0.0,0.0,0,0,1,,0.833,2026-03-14T17:02:25.255036,neutral,0.766,2026-03-14T17:02:25.255036,0.5405454495992186,2026-03-14T17:02:25.982000,72,,,
participant_12,1,day,Town10HD_Opt,2026-03-14 17:02:26.172023,79.79943084716797,28.56438446044922,0.0019493865547701,3.171,-0.195,0.0,0.0,0,0,1,,0.88,2026-03-14T17:02:26.172023,neutral,0.766,2026-03-14T17:02:25.255036,0.5474408352017867,2026-03-14T17:02:25.982000,73,,,
participant_12,1,day,Town10HD_Opt,2026-03-14 17:02:27.024812,80.15574645996094,28.56282424926757,0.002067832974717,0.0,-0.23,0.0,0.049,0,0,1,,0.89,2026-03-14T17:02:27.024812,neutral,0.766,2026-03-14T17:02:25.255036,0.5602352036232623,2026-03-14T17:02:27.106000,72,,,
participant_12,1,day,Town10HD_Opt,2026-03-14 17:02:28.217088,80.15599060058594,28.562822341918945,0.0019216918153688,0.003,-0.23,0.0,0.0,0,0,1,,0.897,2026-03-14T17:02:28.217088,neutral,0.65,2026-03-14T17:02:28.217088,0.5067641446414396,2026-03-14T17:02:28.998000,70,,,
participant_12,1,day,Town10HD_Opt,2026-03-14 17:02:29.017714,80.15631866455078,28.56282424926757,0.001919021597132,0.001,-0.23,0.0,0.0,0,0,1,,0.91,2026-03-14T17:02:29.017714,neutral,0.65,2026-03-14T17:02:28.217088,0.4242040000669755,2026-03-14T17:02:28.998000,70,,,
participant_12,1,day,Town10HD_Opt,2026-03-14 17:02:30.109604,80.15642547607422,28.56282424926757,0.0019191360333934,0.001,-0.23,0.0,0.0,0,0,1,,0.928,2026-03-14T17:02:30.109604,neutral,0.65,2026-03-14T17:02:28.217088,0.4960565666633759,2026-03-14T17:02:29.987000,70,,,
participant_12,1,day,Town10HD_Opt,2026-03-14 17:02:31.148485,80.15644073486328,28.56282424926757,0.0019188689766451,0.006,-0.23,0.0,0.0,0,0,1,,0.93,2026-03-14T17:02:31.148485,neutral,0.871,2026-03-14T17:02:31.148485,0.5271943868424678,2026-03-14T17:02:32.012000,66,,,
participant_12,1,day,Town10HD_Opt,2026-03-14 17:02:31.996777,80.1563949584961,28.56282424926757,0.0019187163561582,0.006,-0.233,0.0,0.0,0,0,1,,0.915,2026-03-14T17:02:31.996777,neutral,0.871,2026-03-14T17:02:31.148485,0.4048748829627617,2026-03-14T17:02:32.012000,68,,,
participant_12,1,day,Town10HD_Opt,2026-03-14 17:02:33.129805,80.15652465820312,28.56282424926757,0.001918678288348,0.006,-0.233,0.0,0.0,0,0,1,,0.919,2026-03-14T17:02:33.129805,neutral,0.871,2026-03-14T17:02:31.148485,0.4201675586613766,2026-03-14T17:02:33.092000,67,,,
participant_12,1,day,Town10HD_Opt,2026-03-14 17:02:34.016663,80.1554946899414,28.562753677368164,0.0019161986419931,0.238,11.113,0.718,0.0,0,0,1,,0.959,2026-03-14T17:02:34.016663,neutral,0.571,2026-03-14T17:02:34.016663,0.3936482659289042,2026-03-14T17:02:34.037000,68,,,
participant_12,1,day,Town10HD_Opt,2026-03-14 17:02:35.114285,81.906982421875,28.72414970397949,0.0014438247308135,17.687,1.981,1.0,0.0,0,0,1,,0.962,2026-03-14T17:02:35.114285,neutral,0.571,2026-03-14T17:02:34.016663,0.4044525442503996,2026-03-14T17:02:36.016000,68,,,
participant_12,1,day,Town10HD_Opt,2026-03-14 17:02:36.050371,86.04549407958984,28.851919174194336,0.0015247344272211,32.305,-10.643,1.0,0.0,0,0,1,,0.921,2026-03-14T17:02:36.050371,neutral,0.505,2026-03-14T17:02:36.050371,0.5465769109087649,2026-03-14T17:02:36.016000,68,,,
participant_12,1,day,Town10HD_Opt,2026-03-14 17:02:37.140466,95.2916030883789,26.26860618591309,0.0015833663055673,51.551,-9.294,0.0,0.0,0,0,1,,0.887,2026-03-14T17:02:37.140466,neutral,0.505,2026-03-14T17:02:36.050371,0.4146793703752389,2026-03-14T17:02:37.997000,70,,,
participant_12,1,day,Town10HD_Opt,2026-03-14 17:02:38.246694,103.91810607910156,18.49430084228516,0.0018512343522161,52.039,-12.309,0.0,0.212,0,0,1,,0.866,2026-03-14T17:02:38.246694,neutral,0.665,2026-03-14T17:02:38.246694,0.3585638659751642,2026-03-14T17:02:39.031000,67,,,
participant_12,1,day,Town10HD_Opt,2026-03-14 17:02:39.033730,106.68901824951172,10.419910430908203,0.0018075561383739,50.758,-6.078,0.955,0.0,0,0,1,,0.859,2026-03-14T17:02:39.033730,neutral,0.665,2026-03-14T17:02:38.246694,0.3583055935215962,2026-03-14T17:02:39.031000,67,,,
participant_12,1,day,Town10HD_Opt,2026-03-14 17:02:40.136960,106.97592163085938,-1.3870443105697632,0.0018584060017019,52.347,0.19,0.0,0.251,0,0,1,,0.901,2026-03-14T17:02:40.136960,neutral,0.665,2026-03-14T17:02:38.246694,0.3478940615660281,2026-03-14T17:02:41.012000,67,,,
participant_12,1,day,Town10HD_Opt,2026-03-14 17:02:41.187217,107.1502914428711,-12.35884952545166,0.0022818373981863,41.541,-0.237,0.242,0.0,0,0,1,,0.88,2026-03-14T17:02:41.187217,neutral,0.559,2026-03-14T17:02:41.187217,0.4184053430259139,2026-03-14T17:02:42.002000,67,,,
participant_12,1,day,Town10HD_Opt,2026-03-14 17:02:42.259111,107.1754379272461,-21.63471221923828,0.0020290755201131,39.716,-1.793,0.53,0.0,0,0,1,,0.937,2026-03-14T17:02:42.259111,neutral,0.559,2026-03-14T17:02:41.187217,0.4138345960819453,2026-03-14T17:02:42.991000,67,,,errors=Solid line crossing
participant_12,1,day,Town10HD_Opt,2026-03-14 17:02:43.065290,106.69802856445312,-28.7224235534668,0.0019811247475445,41.697,-4.247,0.526,0.0,0,0,1,,0.936,2026-03-14T17:02:43.065290,neutral,0.559,2026-03-14T17:02:41.187217,0.3451693044550452,2026-03-14T17:02:42.991000,68,,,
participant_12,1,day,Town10HD_Opt,2026-03-14 17:02:44.111087,104.4120101928711,-38.42793273925781,0.0019756315741688,44.282,-4.362,0.585,0.0,0,0,1,,0.951,2026-03-14T17:02:44.111087,neutral,0.603,2026-03-14T17:02:44.111087,0.3787884197444425,2026-03-14T17:02:44.072000,67,,,
participant_12,1,day,Town10HD_Opt,2026-03-14 17:02:45.150816,99.73304748535156,-48.12921142578125,0.0019230269826948,48.473,-5.075,0.581,0.0,0,0,1,,0.946,2026-03-14T17:02:45.150816,neutral,0.603,2026-03-14T17:02:44.111087,0.3978199764488649,2026-03-14T17:02:46.008000,69,,,
participant_12,1,day,Town10HD_Opt,2026-03-14 17:02:46.259577,92.30636596679688,-56.73206329345703,0.0020725249778479,48.347,-5.408,0.459,0.0,0,0,1,,0.921,2026-03-14T17:02:46.259577,happy,0.794,2026-03-14T17:02:46.259577,0.4175582393925395,2026-03-14T17:02:46.997000,70,,,
participant_12,1,day,Town10HD_Opt,2026-03-14 17:02:47.114242,85.43235778808594,-61.50498962402344,0.0020814132876694,47.265,-5.411,0.453,0.0,0,0,1,,0.963,2026-03-14T17:02:47.114242,happy,0.794,2026-03-14T17:02:46.259577,0.340504934240102,2026-03-14T17:02:46.997000,70,,,
participant_12,1,day,Town10HD_Opt,2026-03-14 17:02:48.034441,77.87471771240234,-64.6449203491211,0.0020789336413145,46.315,-5.411,0.452,0.0,0,0,1,,0.969,2026-03-14T17:02:48.034441,happy,0.794,2026-03-14T17:02:46.259577,0.4209289582080165,2026-03-14T17:02:48.121000,70,,,
participant_12,1,day,Town10HD_Opt,2026-03-14 17:02:49.161964,67.3493881225586,-66.35285186767578,0.0020655822008848,45.328,-0.865,0.451,0.0,0,0,1,,0.84,2026-03-14T17:02:49.161964,happy,0.615,2026-03-14T17:02:49.161964,0.3834516847006825,2026-03-14T17:02:49.024000,72,,,
participant_12,1,day,Town10HD_Opt,2026-03-14 17:02:50.016620,59.47041320800781,-66.7975845336914,0.0020585632883012,44.825,-0.153,0.452,0.0,0,0,1,,0.921,2026-03-14T17:02:50.016620,happy,0.615,2026-03-14T17:02:49.161964,0.3406130275022015,2026-03-14T17:02:50.102000,73,,,
participant_12,1,day,Town10HD_Opt,2026-03-14 17:02:51.157264,49.0843391418457,-67.23725891113281,0.0020555877126753,44.238,-0.564,0.452,0.0,0,0,1,,0.897,2026-03-14T17:02:51.157264,happy,0.615,2026-03-14T17:02:49.161964,0.4475785255346487,2026-03-14T17:02:51.992000,74,,,
participant_12,1,day,Town10HD_Opt,2026-03-14 17:02:52.034468,41.36914443969727,-67.38018035888672,0.0020537567324936,43.906,-0.322,0.452,0.0,0,0,1,,0.914,2026-03-14T17:02:52.034468,neutral,0.55,2026-03-14T17:02:52.034468,0.3839134410542099,2026-03-14T17:02:51.992000,75,,,
participant_12,1,day,Town10HD_Opt,2026-03-14 17:02:53.247796,31.16823387145996,-67.40945434570312,0.0020514677744358,43.501,-0.176,0.452,0.0,0,0,1,,0.926,2026-03-14T17:02:53.247796,neutral,0.55,2026-03-14T17:02:52.034468,0.3908581133170845,2026-03-14T17:02:54.061000,73,,,
participant_12,1,day,Town10HD_Opt,2026-03-14 17:02:54.108222,23.68022918701172,-67.37532043457031,0.0022293853107839,39.67,-0.012,0.0,0.0,0,0,1,,0.923,2026-03-14T17:02:54.108222,happy,0.669,2026-03-14T17:02:54.108222,0.4112982568759753,2026-03-14T17:02:55.008000,71,,,
participant_12,1,day,Town10HD_Opt,2026-03-14 17:02:55.195242,15.72129249572754,-67.35131072998047,0.0023064422421157,28.194,0.425,0.0,0.0,0,0,1,,0.867,2026-03-14T17:02:55.195242,happy,0.669,2026-03-14T17:02:54.108222,0.4828918929470783,2026-03-14T17:02:55.998000,67,,,
participant_12,1,day,Town10HD_Opt,2026-03-14 17:02:56.032165,11.289505004882812,-67.3908462524414,0.0022040556650608,22.682,0.489,0.222,0.0,0,0,1,,0.854,2026-03-14T17:02:56.032165,happy,0.669,2026-03-14T17:02:54.108222,0.4544424600724061,2026-03-14T17:02:55.998000,68,,,
participant_12,1,day,Town10HD_Opt,2026-03-14 17:02:57.153799,6.375626564025879,-67.48737335205078,0.0021228790283203,19.319,0.146,0.203,0.0,0,0,1,,0.859,2026-03-14T17:02:57.153799,happy,0.535,2026-03-14T17:02:57.153799,0.4993462825171257,2026-03-14T17:02:58.022000,68,,,
participant_12,1,day,Town10HD_Opt,2026-03-14 17:02:57.995310,3.14309310913086,-67.5644760131836,0.0020263672340661,18.064,0.233,0.203,0.0,0,0,1,,0.917,2026-03-14T17:02:57.995310,happy,0.535,2026-03-14T17:02:57.153799,0.440676919101398,2026-03-14T17:02:58.022000,66,,,
participant_12,1,day,Town10HD_Opt,2026-03-14 17:02:59.125528,-0.9791035056114196,-67.67784881591797,0.001941947848536,17.11,-0.092,0.203,0.0,0,0,1,,0.952,2026-03-14T17:02:59.125528,happy,0.535,2026-03-14T17:02:57.153799,0.3990073358515987,2026-03-14T17:03:00.003000,68,,,
participant_12,1,day,Town10HD_Opt,2026-03-14 17:03:00.255692,-4.866761684417725,-67.7762451171875,0.0019396209390833,16.169,-0.148,0.203,0.0,0,0,1,,0.915,2026-03-14T17:03:00.255692,neutral,0.842,2026-03-14T17:03:00.255692,0.5014374065437975,2026-03-14T17:03:00.992000,67,,,
participant_12,1,day,Town10HD_Opt,2026-03-14 17:03:01.089070,-7.658061981201172,-67.83940887451172,0.001935577369295,15.675,-0.141,0.203,0.0,0,0,1,,0.886,2026-03-14T17:03:01.089070,neutral,0.842,2026-03-14T17:03:00.255692,0.4820239527122483,2026-03-14T17:03:00.992000,68,,,
participant_12,1,day,Town10HD_Opt,2026-03-14 17:03:02.238175,-11.25303077697754,-67.91205596923828,0.0019313811790198,15.113,-0.141,0.202,0.0,0,0,1,,0.831,2026-03-14T17:03:02.238175,neutral,0.842,2026-03-14T17:03:00.255692,0.4158266771052121,2026-03-14T17:03:03.107000,66,,,
participant_12,1,day,Town10HD_Opt,2026-03-14 17:03:03.148668,-13.874832153320312,-67.95889282226562,0.0019287872128188,14.817,-0.141,0.202,0.0,0,0,1,,0.861,2026-03-14T17:03:03.148668,neutral,0.567,2026-03-14T17:03:03.148668,0.4371154506953593,2026-03-14T17:03:04.052000,65,,,
participant_12,1,day,Town10HD_Opt,2026-03-14 17:03:04.171470,-17.231494903564453,-68.01115417480469,0.0020006941631436,12.894,-0.141,0.0,0.0,0,0,1,,0.911,2026-03-14T17:03:04.171470,neutral,0.567,2026-03-14T17:03:03.148668,0.4792802086528551,2026-03-14T17:03:04.998000,66,,,
participant_12,1,day,Town10HD_Opt,2026-03-14 17:03:05.221023,-19.801040649414062,-68.04524230957031,0.0020056152716279,9.071,-0.141,0.0,0.0,0,0,1,,0.84,2026-03-14T17:03:05.221023,neutral,0.876,2026-03-14T17:03:05.221023,0.3996392301238927,2026-03-14T17:03:05.988000,64,,,
participant_12,1,day,Town10HD_Opt,2026-03-14 17:03:06.034350,-21.17055892944336,-68.06121826171875,0.002032051095739,5.747,-0.139,0.0,0.197,0,0,1,,0.888,2026-03-14T17:03:06.034350,neutral,0.876,2026-03-14T17:03:05.221023,0.3863043714491337,2026-03-14T17:03:05.988000,64,,,
participant_12,1,day,Town10HD_Opt,2026-03-14 17:03:07.133058,-21.454553604125977,-68.06478118896484,0.0019338607089594,0.217,-0.139,0.0,0.0,0,0,1,,0.951,2026-03-14T17:03:07.133058,neutral,0.876,2026-03-14T17:03:05.221023,0.4044487476408366,2026-03-14T17:03:08.013000,62,,,
participant_12,1,day,Town10HD_Opt,2026-03-14 17:03:08.215509,-21.49733161926269,-68.06526184082031,0.0019205092685297,0.152,-0.139,0.0,0.0,0,0,1,,0.832,2026-03-14T17:03:08.215509,neutral,0.751,2026-03-14T17:03:08.215509,0.3653341587631272,2026-03-14T17:03:09.002000,63,,,
participant_12,1,day,Town10HD_Opt,2026-03-14 17:03:09.048024,-21.52086639404297,-68.06562042236328,0.0019200133392587,0.119,-0.134,0.0,0.0,0,0,1,,0.845,2026-03-14T17:03:09.048024,neutral,0.751,2026-03-14T17:03:08.215509,0.3824630788614205,2026-03-14T17:03:09.002000,62,,,
participant_12,1,day,Town10HD_Opt,2026-03-14 17:03:10.232332,-21.543981552124023,-68.06578826904297,0.001919784466736,0.085,-0.134,0.0,0.0,0,0,1,,0.864,2026-03-14T17:03:10.232332,happy,0.627,2026-03-14T17:03:10.232332,0.431926313173579,2026-03-14T17:03:11.072000,63,,,
participant_12,1,day,Town10HD_Opt,2026-03-14 17:03:11.045875,-21.556697845458984,-68.06578826904297,0.0019196319626644,0.066,-0.134,0.0,0.0,0,0,1,,0.908,2026-03-14T17:03:11.045875,happy,0.627,2026-03-14T17:03:10.232332,0.3368547446528555,2026-03-14T17:03:11.072000,62,,,
participant_12,1,day,Town10HD_Opt,2026-03-14 17:03:12.153335,-21.56918716430664,-68.06578826904297,0.0019194793421775,0.009,-0.134,0.017,0.0,0,0,1,,0.933,2026-03-14T17:03:12.153335,happy,0.627,2026-03-14T17:03:10.232332,0.3229987863688369,2026-03-14T17:03:13.007000,62,,,
participant_12,1,day,Town10HD_Opt,2026-03-14 17:03:13.040943,-22.10626602172852,-68.07099151611328,0.0014618682907894,10.708,-0.134,1.0,0.0,0,0,1,,0.906,2026-03-14T17:03:13.040943,neutral,0.747,2026-03-14T17:03:13.040943,0.3368913866229129,2026-03-14T17:03:13.007000,62,,,
participant_12,1,day,Town10HD_Opt,2026-03-14 17:03:14.130723,-26.727706909179688,-68.10950469970703,0.001537513686344,30.714,-0.134,1.0,0.0,0,0,1,,0.903,2026-03-14T17:03:14.130723,neutral,0.747,2026-03-14T17:03:13.040943,0.4129497397675459,2026-03-14T17:03:14.008000,64,,,
participant_12,1,day,Town10HD_Opt,2026-03-14 17:03:15.198396,-36.08663558959961,-68.14696502685547,0.0017321014311164,46.653,-0.134,0.0,0.0,0,0,1,,0.876,2026-03-14T17:03:15.198396,neutral,0.504,2026-03-14T17:03:15.198396,0.3536629725968889,2026-03-14T17:03:16.022000,66,,,
participant_12,1,day,Town10HD_Opt,2026-03-14 17:03:16.254083,-45.67043685913086,-68.11797332763672,0.0028542326763272,34.139,-0.291,0.0,0.0,0,0,1,,0.908,2026-03-14T17:03:16.254083,neutral,0.504,2026-03-14T17:03:15.198396,0.3934617066582504,2026-03-14T17:03:17.013000,66,,,
participant_12,1,day,Town10HD_Opt,2026-03-14 17:03:17.074579,-50.9959716796875,-68.04595184326172,0.002222633222118,25.421,-0.235,0.0,0.086,0,0,1,,0.909,2026-03-14T17:03:17.074579,neutral,0.504,2026-03-14T17:03:15.198396,0.3354585112457023,2026-03-14T17:03:17.013000,65,,,
participant_12,1,day,Town10HD_Opt,2026-03-14 17:03:18.155016,-56.006595611572266,-67.9534912109375,0.0020264815539121,16.099,-0.167,0.0,0.265,0,0,1,,0.942,2026-03-14T17:03:18.155016,neutral,0.806,2026-03-14T17:03:18.155016,0.3399234657031905,2026-03-14T17:03:18.993000,64,,,
participant_12,1,day,Town10HD_Opt,2026-03-14 17:03:19.196398,-59.021244049072266,-67.88705444335938,0.0020838165655732,9.223,-0.167,0.0,0.31,0,0,1,,0.894,2026-03-14T17:03:19.196398,neutral,0.806,2026-03-14T17:03:18.155016,0.3129953796570411,2026-03-14T17:03:20.028000,64,,,
participant_12,1,day,Town10HD_Opt,2026-03-14 17:03:20.206506,-60.21653366088867,-67.85845184326172,0.001920623704791,3.995,-0.075,1.0,0.0,0,0,1,,0.919,2026-03-14T17:03:20.206506,neutral,0.549,2026-03-14T17:03:20.206506,0.3761108071178751,2026-03-14T17:03:21.017000,62,,,
participant_12,1,day,Town10HD_Opt,2026-03-14 17:03:21.252854,-63.4230842590332,-67.81158447265625,0.0017057036748155,24.556,0.689,1.0,0.0,0,0,1,,0.91,2026-03-14T17:03:21.252854,neutral,0.549,2026-03-14T17:03:20.206506,0.4274623862360568,2026-03-14T17:03:22.007000,63,,,
participant_12,1,day,Town10HD_Opt,2026-03-14 17:03:22.009145,-68.89777374267578,-67.8031005859375,0.0015295027988031,40.511,-0.24,0.861,0.0,0,0,1,,0.892,2026-03-14T17:03:22.009145,neutral,0.549,2026-03-14T17:03:20.206506,0.3730593983491224,2026-03-14T17:03:22.007000,62,,,
participant_12,1,day,Town10HD_Opt,2026-03-14 17:03:23.133064,-79.67353820800781,-67.2693862915039,0.0017801666399464,51.521,-9.138,0.0,0.175,0,0,1,,0.913,2026-03-14T17:03:23.133064,neutral,0.628,2026-03-14T17:03:23.133064,0.3302350504385205,2026-03-14T17:03:24.033000,62,,,
participant_12,1,day,Town10HD_Opt,2026-03-14 17:03:24.191527,-89.82466888427734,-62.42768859863281,0.0020885085687041,47.991,-14.278,0.323,0.0,0,0,1,,0.954,2026-03-14T17:03:24.191527,neutral,0.628,2026-03-14T17:03:23.133064,0.4020375606991336,2026-03-14T17:03:25.023000,60,,,errors=Solid line crossing
participant_12,1,day,Town10HD_Opt,2026-03-14 17:03:25.052787,-94.17925262451172,-55.7358283996582,0.0021744917612522,43.788,-1.535,0.362,0.0,0,0,1,,0.846,2026-03-14T17:03:25.052787,neutral,0.628,2026-03-14T17:03:23.133064,0.3376023976386718,2026-03-14T17:03:25.023000,61,,,
participant_12,1,day,Town10HD_Opt,2026-03-14 17:03:26.133771,-98.9609375,-47.151702880859375,0.0021226501557976,40.619,8.203,0.376,0.0,0,0,1,,0.921,2026-03-14T17:03:26.133771,neutral,0.491,2026-03-14T17:03:26.133771,0.3330829984342299,2026-03-14T17:03:27.003000,61,,,
participant_12,1,day,Town10HD_Opt,2026-03-14 17:03:27.212928,-105.77586364746094,-41.00408172607422,0.0021051024086773,38.195,-2.12,0.336,0.0,0,0,1,,0.888,2026-03-14T17:03:27.212928,neutral,0.491,2026-03-14T17:03:26.133771,0.3825588326680146,2026-03-14T17:03:27.993000,63,,,
participant_12,1,day,Town10HD_Opt,2026-03-14 17:03:28.008741,-110.687255859375,-36.78620529174805,0.0021740340162068,34.81,-7.758,0.0,0.0,0,0,1,,0.936,2026-03-14T17:03:28.008741,neutral,0.491,2026-03-14T17:03:26.133771,0.3631907734195174,2026-03-14T17:03:27.993000,63,,,errors=Solid line crossing
participant_12,1,day,Town10HD_Opt,2026-03-14 17:03:29.101624,-114.75983428955078,-31.157506942749023,0.0023770141415297,23.304,-8.134,0.0,0.0,0,0,1,,0.959,2026-03-14T17:03:29.101624,neutral,0.322,2026-03-14T17:03:29.101624,0.2582091055533514,2026-03-14T17:03:29.118000,63,,,
participant_12,1,day,Town10HD_Opt,2026-03-14 17:03:30.192071,-41.66891098022461,89.74463653564453,-0.0667848587036132,0.943,-9.081,0.0,0.0,0,0,0,,0.857,2026-03-14T17:03:30.192071,neutral,0.322,2026-03-14T17:03:29.101624,0.3479702841127706,2026-03-14T17:03:31.008000,64,,,
participant_12,1,day,Town10HD_Opt,2026-03-14 17:03:31.014885,-41.669036865234375,89.74549865722656,0.0009953307453542,0.02,-7.998,0.542,0.0,0,0,0,,0.951,2026-03-14T17:03:31.014885,neutral,0.322,2026-03-14T17:03:29.101624,0.3160446885765481,2026-03-14T17:03:31.008000,63,,,
participant_12,1,day,Town10HD_Opt,2026-03-14 17:03:32.109522,-41.68479537963867,88.49150848388672,0.001382827758789,16.544,-0.78,0.938,0.0,0,0,1,,0.81,2026-03-14T17:03:32.109522,sad,0.403,2026-03-14T17:03:32.109522,0.3241592816528318,2026-03-14T17:03:31.997000,63,,,
participant_12,1,day,Town10HD_Opt,2026-03-14 17:03:33.223000,-41.75429153442383,83.73399353027344,0.0021390533074736,17.938,2.69,0.0,0.0,0,0,1,,0.898,2026-03-14T17:03:33.223000,sad,0.403,2026-03-14T17:03:32.109522,0.3532255671099599,2026-03-14T17:03:33.034000,63,,,
participant_12,1,day,Town10HD_Opt,2026-03-14 17:03:34.041559,-41.67531204223633,81.0240249633789,0.0020444488618522,13.368,2.883,0.0,0.0,0,0,1,,0.912,2026-03-14T17:03:34.041559,sad,0.403,2026-03-14T17:03:32.109522,0.3823297707401166,2026-03-14T17:03:34.161000,64,,,
participant_12,1,day,Town10HD_Opt,2026-03-14 17:03:35.159394,-41.234954833984375,78.32180786132812,0.0018331527244299,13.155,16.396,0.708,0.0,0,0,1,,0.933,2026-03-14T17:03:35.159394,neutral,0.363,2026-03-14T17:03:35.159394,0.3116052171853319,2026-03-14T17:03:35.058000,63,,,
participant_12,1,day,Town10HD_Opt,2026-03-14 17:03:36.028881,-40.0277214050293,75.5976333618164,0.0019065093947574,21.439,16.555,0.785,0.0,0,0,1,,1.0,2026-03-14T17:03:36.028881,neutral,0.363,2026-03-14T17:03:35.159394,0.3809015594197832,2026-03-14T17:03:36.095000,67,,,
participant_12,1,day,Town10HD_Opt,2026-03-14 17:03:37.207517,-35.99048614501953,71.25700378417969,0.0021292113233357,26.128,22.946,0.0,0.0,0,0,1,,0.818,2026-03-14T17:03:37.207517,neutral,0.364,2026-03-14T17:03:37.207517,0.2799982029589212,2026-03-14T17:03:37.085000,64,,,
participant_12,1,day,Town10HD_Opt,2026-03-14 17:03:38.123548,-32.27998352050781,70.00838470458984,0.0022810362279415,19.055,12.864,0.0,0.0,0,0,1,,0.844,2026-03-14T17:03:38.123548,neutral,0.364,2026-03-14T17:03:37.207517,0.2827526017816129,2026-03-14T17:03:39.017000,68,,,
participant_12,1,day,Town10HD_Opt,2026-03-14 17:03:39.257283,-27.90357780456543,69.49747467041016,0.001851386972703,23.015,7.335,0.737,0.0,0,0,1,,0.832,2026-03-14T17:03:39.257283,sad,0.359,2026-03-14T17:03:39.257283,0.3671876576117842,2026-03-14T17:03:40.052000,67,,,
participant_12,1,day,Town10HD_Opt,2026-03-14 17:03:40.126940,-23.346418380737305,69.48833465576172,0.0019328689668327,27.982,2.817,0.404,0.0,0,0,1,,1.0,2026-03-14T17:03:40.126940,sad,0.359,2026-03-14T17:03:39.257283,0.3407836792866081,2026-03-14T17:03:40.052000,68,,,
participant_12,1,day,Town10HD_Opt,2026-03-14 17:03:41.196410,-16.72051239013672,69.8372802734375,0.0020487594883888,28.432,-1.26,0.277,0.0,0,0,1,,0.808,2026-03-14T17:03:41.196410,sad,0.359,2026-03-14T17:03:39.257283,0.4057881123583262,2026-03-14T17:03:42.034000,69,,,
participant_12,1,day,Town10HD_Opt,2026-03-14 17:03:42.038017,-11.903238296508787,69.99247741699219,0.0021087264176458,26.336,-0.298,0.273,0.0,0,0,1,,0.882,2026-03-14T17:03:42.038017,sad,0.426,2026-03-14T17:03:42.038017,0.3340113694184998,2026-03-14T17:03:42.034000,69,,,
participant_12,1,day,Town10HD_Opt,2026-03-14 17:03:43.192532,-5.99774694442749,70.10596466064453,0.0020953367929905,24.176,-0.858,0.277,0.0,0,0,1,,0.841,2026-03-14T17:03:43.192532,sad,0.426,2026-03-14T17:03:42.038017,0.3712545178522696,2026-03-14T17:03:44.013000,66,,,
participant_12,1,day,Town10HD_Opt,2026-03-14 17:03:44.039696,-1.8869503736495967,70.11502075195312,0.0020918273366987,22.7,-0.562,0.259,0.0,0,0,1,,0.861,2026-03-14T17:03:44.039696,neutral,0.323,2026-03-14T17:03:44.039696,0.4239855944047408,2026-03-14T17:03:44.013000,65,,,
participant_12,1,day,Town10HD_Opt,2026-03-14 17:03:45.193588,3.23567008972168,70.09048461914062,0.0020509338937699,21.683,0.047,0.333,0.0,0,0,1,,1.0,2026-03-14T17:03:45.193588,neutral,0.323,2026-03-14T17:03:44.039696,0.3735535464206099,2026-03-14T17:03:45.995000,66,,,
participant_12,1,day,Town10HD_Opt,2026-03-14 17:03:46.078328,7.025050640106201,70.08206939697266,0.0020434951875358,21.679,0.155,0.332,0.0,0,0,1,,0.808,2026-03-14T17:03:46.078328,sad,0.438,2026-03-14T17:03:46.078328,0.3174802478884429,2026-03-14T17:03:45.995000,66,,,
participant_12,1,day,Town10HD_Opt,2026-03-14 17:03:47.269345,12.072315216064451,70.08930206298828,0.0020510863978415,21.426,-0.223,0.072,0.0,0,0,1,,0.816,2026-03-14T17:03:47.269345,sad,0.438,2026-03-14T17:03:46.078328,0.4060793263906932,2026-03-14T17:03:48.018000,65,,,
participant_12,1,day,Town10HD_Opt,2026-03-14 17:03:48.149166,15.471888542175291,70.0875244140625,0.0019374083494767,17.05,-0.021,0.0,0.0,0,0,1,,0.875,2026-03-14T17:03:48.149166,sad,0.331,2026-03-14T17:03:48.149166,0.418424849906204,2026-03-14T17:03:49.008000,67,,,
participant_12,1,day,Town10HD_Opt,2026-03-14 17:03:49.240561,18.87461471557617,70.08182525634766,0.0020334625151008,12.01,-0.08,0.0,0.0,0,0,1,,0.861,2026-03-14T17:03:49.240561,sad,0.331,2026-03-14T17:03:48.149166,0.347598336214068,2026-03-14T17:03:49.998000,68,,,
participant_12,1,day,Town10HD_Opt,2026-03-14 17:03:50.151514,20.746076583862305,70.07647705078125,0.0020074462518095,9.091,-0.08,0.0,0.0,0,0,1,,0.883,2026-03-14T17:03:50.151514,neutral,0.421,2026-03-14T17:03:50.151514,0.3983299841999066,2026-03-14T17:03:51.033000,67,,,
participant_12,1,day,Town10HD_Opt,2026-03-14 17:03:51.238427,22.65342140197754,70.0692138671875,0.0019344328902661,7.609,-0.08,0.0,0.0,0,0,1,,0.833,2026-03-14T17:03:51.238427,neutral,0.421,2026-03-14T17:03:50.151514,0.4161491348326009,2026-03-14T17:03:52.022000,68,,,
participant_12,1,day,Town10HD_Opt,2026-03-14 17:03:52.172258,23.84090614318848,70.06387329101562,0.0019896698649972,5.631,-0.08,0.041,0.0,0,0,1,,0.912,2026-03-14T17:03:52.172258,neutral,0.581,2026-03-14T17:03:52.172258,0.3743200870826597,2026-03-14T17:03:53.013000,68,,,
participant_12,1,day,Town10HD_Opt,2026-03-14 17:03:53.020157,24.708480834960938,70.05950927734375,0.0019654082134366,4.197,-0.08,0.033,0.0,0,0,1,,0.919,2026-03-14T17:03:53.020157,neutral,0.581,2026-03-14T17:03:52.172258,0.3543357874614243,2026-03-14T17:03:53.013000,68,,,
participant_12,1,day,Town10HD_Opt,2026-03-14 17:03:54.178330,25.53315544128418,70.05504608154297,0.0019506835378706,2.839,-0.08,0.0,0.0,0,0,1,,0.892,2026-03-14T17:03:54.178330,neutral,0.753,2026-03-14T17:03:54.178330,0.3540285138630115,2026-03-14T17:03:54.993000,65,,,
participant_12,1,day,Town10HD_Opt,2026-03-14 17:03:55.012496,26.03948402404785,70.0521469116211,0.0019394683185964,2.572,-0.08,0.0,0.0,0,0,1,,0.913,2026-03-14T17:03:55.012496,neutral,0.753,2026-03-14T17:03:54.178330,0.3549469303946235,2026-03-14T17:03:54.993000,67,,,
participant_12,1,day,Town10HD_Opt,2026-03-14 17:03:56.148545,26.26230812072754,70.05075073242188,0.0019446181831881,0.0,-0.082,0.0,0.063,0,0,1,,0.944,2026-03-14T17:03:56.148545,neutral,0.753,2026-03-14T17:03:54.178330,0.318855265558979,2026-03-14T17:03:57.018000,68,,,
participant_12,1,day,Town10HD_Opt,2026-03-14 17:03:57.007523,26.334379196166992,70.05040740966797,0.0017467498546466,4.302,-0.305,0.951,0.0,0,0,1,,0.935,2026-03-14T17:03:57.007523,sad,0.417,2026-03-14T17:03:57.007523,0.3242921652634808,2026-03-14T17:03:57.018000,66,,,errors=Stop sign violation
participant_12,1,day,Town10HD_Opt,2026-03-14 17:03:58.152562,29.34881591796875,69.96923828125,0.0017635726835578,21.904,-6.236,0.807,0.0,0,0,1,,0.879,2026-03-14T17:03:58.152562,sad,0.417,2026-03-14T17:03:57.007523,0.3477465429631091,2026-03-14T17:03:58.998000,65,,,
participant_12,1,day,Town10HD_Opt,2026-03-14 17:03:59.066003,33.68601989746094,69.1690444946289,0.001865844707936,28.45,-12.1,0.574,0.0,0,0,1,,1.0,2026-03-14T17:03:59.066003,neutral,0.514,2026-03-14T17:03:59.066003,0.3956406574694505,2026-03-14T17:03:58.998000,65,,,
participant_12,1,day,Town10HD_Opt,2026-03-14 17:04:00.194587,39.95670700073242,65.64527130126953,0.0019701765850186,33.316,-12.621,0.476,0.0,0,0,1,,0.91,2026-03-14T17:04:00.194587,neutral,0.514,2026-03-14T17:03:59.066003,0.4235510516391619,2026-03-14T17:04:01.025000,65,,,
participant_12,1,day,Town10HD_Opt,2026-03-14 17:04:01.048636,43.47140502929688,61.11943054199219,0.0022247694432735,30.448,-14.727,0.0,0.0,0,0,1,,1.0,2026-03-14T17:04:01.048636,neutral,0.514,2026-03-14T17:03:59.066003,0.3770759874302786,2026-03-14T17:04:01.025000,62,,,
participant_12,1,day,Town10HD_Opt,2026-03-14 17:04:02.180420,44.86357498168945,55.31790542602539,0.0022750853095203,20.313,-10.156,0.0,0.0,0,0,1,,0.81,2026-03-14T17:04:02.180420,sad,0.285,2026-03-14T17:04:02.180420,0.3481527977556224,2026-03-14T17:04:03.003000,64,,,
participant_12,1,day,Town10HD_Opt,2026-03-14 17:04:03.094937,44.70899200439453,52.057655334472656,0.0019261168781667,17.534,-8.51,0.402,0.0,0,0,1,,0.87,2026-03-14T17:04:03.094937,sad,0.285,2026-03-14T17:04:02.180420,0.3227776912724643,2026-03-14T17:04:03.003000,64,,,
participant_12,1,day,Town10HD_Opt,2026-03-14 17:04:04.253222,44.191253662109375,47.86604309082031,0.0020302962511777,18.898,2.092,0.524,0.0,0,0,1,,0.964,2026-03-14T17:04:04.253222,neutral,0.798,2026-03-14T17:04:04.253222,0.2886892050765612,2026-03-14T17:04:04.173000,64,,,
participant_12,1,day,Town10HD_Opt,2026-03-14 17:04:05.100310,43.90956115722656,44.28910446166992,0.0019321059808135,22.321,2.259,0.355,0.0,0,0,1,,0.949,2026-03-14T17:04:05.100310,neutral,0.798,2026-03-14T17:04:04.253222,0.3771981859076246,2026-03-14T17:04:05.209000,65,,,
participant_12,1,day,Town10HD_Opt,2026-03-14 17:04:06.232525,43.88935470581055,39.20518112182617,0.0020841597579419,20.911,7.406,0.36,0.0,0,0,1,,0.957,2026-03-14T17:04:06.232525,neutral,0.798,2026-03-14T17:04:04.253222,0.3667544894290416,2026-03-14T17:04:07.008000,65,,,
participant_12,1,day,Town10HD_Opt,2026-03-14 17:04:07.065281,44.54862594604492,35.57023620605469,0.0020207976922392,21.808,13.904,0.504,0.0,0,0,1,,0.937,2026-03-14T17:04:07.065281,neutral,0.385,2026-03-14T17:04:07.065281,0.3931073143867132,2026-03-14T17:04:07.008000,67,,,
participant_12,1,day,Town10HD_Opt,2026-03-14 17:04:08.154405,47.34722900390625,30.729217529296875,0.0019181059906259,27.493,17.174,0.408,0.0,0,0,1,,1.0,2026-03-14T17:04:08.154405,neutral,0.385,2026-03-14T17:04:07.065281,0.3458343835833029,2026-03-14T17:04:09.036000,65,,,
participant_12,1,day,Town10HD_Opt,2026-03-14 17:04:09.041402,51.08882522583008,27.98543167114257,0.0022438429296016,23.74,15.42,0.0,0.0,0,0,1,,0.908,2026-03-14T17:04:09.041402,neutral,0.385,2026-03-14T17:04:07.065281,0.3295333135304141,2026-03-14T17:04:09.036000,64,,,
participant_12,1,day,Town10HD_Opt,2026-03-14 17:04:10.257377,56.15185546875,26.56126594543457,0.001969528151676,24.014,7.677,0.496,0.0,0,0,1,,0.902,2026-03-14T17:04:10.257377,neutral,0.532,2026-03-14T17:04:10.257377,0.3300880310299016,2026-03-14T17:04:11.013000,64,,,
participant_12,1,day,Town10HD_Opt,2026-03-14 17:04:11.094428,60.58243560791016,26.117816925048828,0.0019985961262136,25.966,-1.048,0.0,0.0,0,0,1,,0.863,2026-03-14T17:04:11.094428,neutral,0.532,2026-03-14T17:04:10.257377,0.3143270305693121,2026-03-14T17:04:11.013000,63,,,
participant_12,1,day,Town10HD_Opt,2026-03-14 17:04:12.241091,65.7491226196289,25.408308029174805,0.0022367858327925,18.041,0.719,0.0,0.0,0,0,1,,1.0,2026-03-14T17:04:12.241091,neutral,0.532,2026-03-14T17:04:10.257377,0.2915237439782596,2026-03-14T17:04:13.038000,65,,,
participant_12,1,day,Town10HD_Opt,2026-03-14 17:04:13.035901,68.60173797607422,25.02493667602539,0.0019987486302852,15.034,2.826,0.173,0.0,0,0,1,,0.946,2026-03-14T17:04:13.035901,neutral,0.432,2026-03-14T17:04:13.035901,0.379872263850444,2026-03-14T17:04:13.038000,64,,,
participant_12,1,day,Town10HD_Opt,2026-03-14 17:04:14.105590,71.97647094726562,24.779903411865234,0.0019443511264398,13.962,3.61,0.171,0.0,0,0,1,,0.93,2026-03-14T17:04:14.105590,neutral,0.432,2026-03-14T17:04:13.035901,0.3468763100379211,2026-03-14T17:04:14.118000,65,,,
participant_12,1,day,Town10HD_Opt,2026-03-14 17:04:15.137347,75.14189147949219,24.75308990478516,0.0019387054489925,13.131,3.601,0.074,0.0,0,0,1,,0.936,2026-03-14T17:04:15.137347,fear,0.356,2026-03-14T17:04:15.137347,0.4069385803802575,2026-03-14T17:04:16.009000,66,,,
participant_12,1,day,Town10HD_Opt,2026-03-14 17:04:16.192698,77.84391784667969,24.851057052612305,0.0020083617419004,9.62,-0.938,0.0,0.0,0,0,1,,0.908,2026-03-14T17:04:16.192698,fear,0.356,2026-03-14T17:04:15.137347,0.3565672093191931,2026-03-14T17:04:16.998000,67,,,
participant_12,1,day,Town10HD_Opt,2026-03-14 17:04:17.233432,79.75199890136719,24.891584396362305,0.0020079803653061,6.252,0.446,0.0,0.228,0,0,1,,0.856,2026-03-14T17:04:17.233432,sad,0.34,2026-03-14T17:04:17.233432,0.2785499039512444,2026-03-14T17:04:18.122000,70,,,
participant_12,1,day,Town10HD_Opt,2026-03-14 17:04:17.997815,80.05154418945312,24.899477005004883,0.0020004652906209,0.0,0.449,0.0,0.239,0,0,1,,0.894,2026-03-14T17:04:17.997815,sad,0.34,2026-03-14T17:04:17.233432,0.339619439712602,2026-03-14T17:04:18.122000,69,,,
participant_12,1,day,Town10HD_Opt,2026-03-14 17:04:19.005773,80.05168914794922,24.89947891235352,0.0019203185802325,0.006,0.449,0.0,0.0,0,0,1,,0.958,2026-03-14T17:04:19.005773,sad,0.34,2026-03-14T17:04:17.233432,0.3224286151203596,2026-03-14T17:04:19.027000,67,,,
participant_12,1,day,Town10HD_Opt,2026-03-14 17:04:20.078029,80.05178833007812,24.89947891235352,0.0019193267216905,0.006,0.449,0.0,0.0,0,0,1,,0.909,2026-03-14T17:04:20.078029,neutral,0.504,2026-03-14T17:04:20.078029,0.3091523450078619,2026-03-14T17:04:20.013000,70,,,
participant_12,1,day,Town10HD_Opt,2026-03-14 17:04:21.190920,80.05189514160156,24.89947891235352,0.001919288537465,0.006,0.449,0.0,0.0,0,0,1,,0.945,2026-03-14T17:04:21.190920,neutral,0.504,2026-03-14T17:04:20.078029,0.2714059018776633,2026-03-14T17:04:22.038000,68,,,
participant_12,1,day,Town10HD_Opt,2026-03-14 17:04:22.251045,80.05199432373047,24.89947891235352,0.001919288537465,0.006,0.449,0.0,0.0,0,0,1,,0.869,2026-03-14T17:04:22.251045,neutral,0.403,2026-03-14T17:04:22.251045,0.2904741702139055,2026-03-14T17:04:23.118000,66,,,
participant_12,1,day,Town10HD_Opt,2026-03-14 17:04:23.172835,80.05210876464844,24.89947891235352,0.001919021597132,0.001,0.449,0.0,0.0,0,0,1,,0.918,2026-03-14T17:04:23.172835,neutral,0.403,2026-03-14T17:04:22.251045,0.4147662297402341,2026-03-14T17:04:24.019000,65,,,
participant_12,1,day,Town10HD_Opt,2026-03-14 17:04:24.253615,80.05224609375,24.89947891235352,0.001919021597132,0.001,0.449,0.0,0.0,0,0,1,,0.905,2026-03-14T17:04:24.253615,neutral,0.487,2026-03-14T17:04:24.253615,0.2902054352908029,2026-03-14T17:04:25.008000,62,,,
participant_12,1,day,Town10HD_Opt,2026-03-14 17:04:25.041558,80.05220031738281,24.89947891235352,0.0019188307924196,0.001,0.446,0.0,0.0,0,0,1,,0.939,2026-03-14T17:04:25.041558,neutral,0.487,2026-03-14T17:04:24.253615,0.3346745417460456,2026-03-14T17:04:25.008000,64,,,
participant_12,1,day,Town10HD_Opt,2026-03-14 17:04:26.113204,80.05233001708984,24.89947891235352,0.0019188689766451,0.001,0.242,0.0,0.0,0,0,1,,0.906,2026-03-14T17:04:26.113204,neutral,0.487,2026-03-14T17:04:24.253615,0.3047770678713326,2026-03-14T17:04:26.010000,63,,,
participant_12,1,day,Town10HD_Opt,2026-03-14 17:04:27.230321,80.06922912597656,24.89986801147461,0.0018923949683085,0.449,-0.226,0.0,0.0,0,0,1,,0.954,2026-03-14T17:04:27.230321,sad,0.36,2026-03-14T17:04:27.230321,0.2742922292929555,2026-03-14T17:04:28.023000,64,,,
participant_12,1,day,Town10HD_Opt,2026-03-14 17:04:28.065289,80.14186096191406,24.901594161987305,0.0019218062516301,0.176,-0.256,0.306,0.0,0,0,1,,0.958,2026-03-14T17:04:28.065289,sad,0.36,2026-03-14T17:04:27.230321,0.3332374494749102,2026-03-14T17:04:28.023000,63,,,
participant_12,1,day,Town10HD_Opt,2026-03-14 17:04:29.181759,81.45272064208984,24.92140007019043,0.0017898940714076,9.665,-0.496,0.0,0.0,0,0,1,,0.933,2026-03-14T17:04:29.181759,sad,0.36,2026-03-14T17:04:27.230321,0.3919334905124256,2026-03-14T17:04:30.004000,65,,,
participant_12,1,day,Town10HD_Opt,2026-03-14 17:04:29.993758,82.96038818359375,24.94384384155273,0.0019929122645407,7.386,-0.289,0.067,0.0,0,0,1,,0.967,2026-03-14T17:04:29.993758,sad,0.372,2026-03-14T17:04:29.993758,0.3463805418942542,2026-03-14T17:04:30.004000,64,,,
participant_12,1,day,Town10HD_Opt,2026-03-14 17:04:31.110056,84.21341705322266,24.960378646850582,0.0022790527436882,0.271,-0.228,0.244,0.0,0,0,1,,0.935,2026-03-14T17:04:31.110056,sad,0.372,2026-03-14T17:04:29.993758,0.4681266378915832,2026-03-14T17:04:31.038000,62,,,
participant_12,1,day,Town10HD_Opt,2026-03-14 17:04:32.238804,85.20317840576172,25.01468276977539,0.0015064621111378,11.761,8.527,0.739,0.0,0,0,1,,0.936,2026-03-14T17:04:32.238804,neutral,0.353,2026-03-14T17:04:32.238804,0.3555644007882764,2026-03-14T17:04:33.019000,62,,,errors=Vehicle-pedestrian collision
participant_12,1,day,Town10HD_Opt,2026-03-14 17:04:33.067862,88.12083435058594,25.274614334106445,0.0017728041857481,23.003,1.45,1.0,0.0,0,0,1,,0.801,2026-03-14T17:04:33.067862,neutral,0.353,2026-03-14T17:04:32.238804,0.4029403614178377,2026-03-14T17:04:33.019000,63,,,
participant_12,1,day,Town10HD_Opt,2026-03-14 17:04:34.128592,95.79196166992188,25.947582244873047,0.0015717315254732,43.532,-6.355,0.948,0.0,0,0,1,,0.922,2026-03-14T17:04:34.128592,neutral,0.353,2026-03-14T17:04:32.238804,0.359585771933052,2026-03-14T17:04:34.999000,63,,,
participant_12,1,day,Town10HD_Opt,2026-03-14 17:04:35.241852,106.68406677246094,23.625289916992188,0.0022411728277802,46.15,-19.961,0.0,0.0,0,0,1,,1.0,2026-03-14T17:04:35.241852,neutral,0.501,2026-03-14T17:04:35.241852,0.4415605672298778,2026-03-14T17:04:36.034000,63,,,
participant_12,1,day,Town10HD_Opt,2026-03-14 17:04:36.234751,111.48505401611328,16.350553512573242,0.0024081037845462,31.18,-15.948,0.0,0.0,0,0,1,,1.0,2026-03-14T17:04:36.234751,neutral,0.501,2026-03-14T17:04:35.241852,0.4888038301205548,2026-03-14T17:04:37.024000,61,,,
participant_12,1,day,Town10HD_Opt,2026-03-14 17:04:37.036609,111.3895263671875,11.586627960205078,0.0023230360820889,23.825,-16.918,0.0,0.0,0,0,1,,0.89,2026-03-14T17:04:37.036609,neutral,0.501,2026-03-14T17:04:35.241852,0.456867975738901,2026-03-14T17:04:37.024000,62,Vehicle-pedestrian collision,Vehicle-pedestrian collision,
participant_12,1,day,Town10HD_Opt,2026-03-14 17:04:38.065701,109.46866607666016,7.458337306976318,0.0020052718464285,16.019,-16.104,0.0,0.0,0,0,1,,0.817,2026-03-14T17:04:38.065701,neutral,0.463,2026-03-14T17:04:38.065701,0.3353370869885625,2026-03-14T17:04:38.058000,62,,,
participant_12,1,day,Town10HD_Opt,2026-03-14 17:04:39.199593,107.52971649169922,4.85882568359375,0.0020299148745834,11.461,6.049,0.0,0.0,0,0,1,,0.951,2026-03-14T17:04:39.199593,neutral,0.463,2026-03-14T17:04:38.065701,0.4589578210288121,2026-03-14T17:04:39.138000,62,,,
participant_12,1,day,Town10HD_Opt,2026-03-14 17:04:40.226238,106.56526184082033,2.8230907917022705,0.0020202253945171,7.892,30.621,0.0,0.0,0,0,1,,0.858,2026-03-14T17:04:40.226238,sad,0.35,2026-03-14T17:04:40.226238,0.3986799688895918,2026-03-14T17:04:41.033000,63,,,
participant_12,1,day,Town10HD_Opt,2026-03-14 17:04:41.013447,106.4784164428711,1.629465103149414,0.0019917297177016,6.032,37.984,0.0,0.0,0,0,1,,0.928,2026-03-14T17:04:41.013447,sad,0.35,2026-03-14T17:04:40.226238,0.3937804228892858,2026-03-14T17:04:41.033000,64,,,
participant_12,1,day,Town10HD_Opt,2026-03-14 17:04:42.091631,106.7506103515625,0.5049312114715576,0.0019785689655691,4.219,51.627,0.0,0.0,0,0,1,,0.951,2026-03-14T17:04:42.091631,sad,0.35,2026-03-14T17:04:40.226238,0.446418812779335,2026-03-14T17:04:42.063000,61,,,
participant_12,1,day,Town10HD_Opt,2026-03-14 17:04:43.161652,107.14342498779295,-0.2127965837717056,0.0019453048007562,3.172,32.026,0.376,0.0,0,0,1,,0.987,2026-03-14T17:04:43.161652,fear,0.336,2026-03-14T17:04:43.161652,0.4564508672007906,2026-03-14T17:04:43.999000,61,,,
participant_12,1,day,Town10HD_Opt,2026-03-14 17:04:44.227750,107.65000915527344,-1.7593239545822144,0.0017631911905482,10.418,-3.733,0.0,0.0,0,0,1,,0.938,2026-03-14T17:04:44.227750,fear,0.336,2026-03-14T17:04:43.161652,0.4314050273357098,2026-03-14T17:04:45.078000,63,,,
participant_12,1,day,Town10HD_Opt,2026-03-14 17:04:45.014491,108.0204086303711,-3.371577262878418,0.00199157721363,8.06,-9.492,0.0,0.0,0,0,1,,0.928,2026-03-14T17:04:45.014491,fear,0.336,2026-03-14T17:04:43.161652,0.4335614160546528,2026-03-14T17:04:45.078000,62,,,
participant_12,1,day,Town10HD_Opt,2026-03-14 17:04:46.059303,108.21702575683594,-5.203818321228027,0.0017502974951639,11.211,-12.973,0.367,0.0,0,0,1,,0.816,2026-03-14T17:04:46.059303,sad,0.349,2026-03-14T17:04:46.059303,0.471724073201324,2026-03-14T17:04:46.035000,63,,,
participant_12,1,day,Town10HD_Opt,2026-03-14 17:04:47.114513,108.03622436523438,-8.288372039794922,0.0017802810762077,16.174,-12.141,0.453,0.0,0,0,1,,1.0,2026-03-14T17:04:47.114513,sad,0.349,2026-03-14T17:04:46.059303,0.477636852430081,2026-03-14T17:04:48.006000,66,,,
participant_12,1,day,Town10HD_Opt,2026-03-14 17:04:48.181311,107.18733215332033,-12.42805004119873,0.0019733046647161,20.006,-0.496,0.495,0.0,0,0,1,,0.815,2026-03-14T17:04:48.181311,sad,0.333,2026-03-14T17:04:48.181311,0.4288902958679953,2026-03-14T17:04:49.040000,65,,,
participant_12,1,day,Town10HD_Opt,2026-03-14 17:04:49.234326,106.32906341552734,-17.463577270507812,0.0019612121395766,23.692,8.32,0.0,0.0,0,0,1,,1.0,2026-03-14T17:04:49.234326,sad,0.333,2026-03-14T17:04:48.181311,0.4653389829151447,2026-03-14T17:04:50.073000,68,,,
participant_12,1,day,Town10HD_Opt,2026-03-14 17:04:50.074311,106.4067153930664,-21.13263702392578,0.0022308730985969,17.995,11.885,0.0,0.0,0,0,1,,1.0,2026-03-14T17:04:50.074311,sad,0.333,2026-03-14T17:04:48.181311,0.4569811157965032,2026-03-14T17:04:50.073000,67,,,
participant_12,1,day,Town10HD_Opt,2026-03-14 17:04:51.145945,-41.6685676574707,89.74537658691406,-0.0547260269522666,0.906,14.239,0.0,0.0,0,0,0,,1.0,2026-03-14T17:04:51.145945,sad,0.32,2026-03-14T17:04:51.145945,0.5303633368054146,2026-03-14T17:04:51.026000,70,,,
participant_12,1,day,Town10HD_Opt,2026-03-14 17:04:52.101173,-41.66864776611328,89.7454833984375,0.0012951277894899,0.019,8.825,0.0,0.0,0,0,0,,1.0,2026-03-14T17:04:52.101173,sad,0.32,2026-03-14T17:04:51.145945,0.3883806613651144,2026-03-14T17:04:52.998000,75,,,
participant_12,1,day,Town10HD_Opt,2026-03-14 17:04:53.010883,-41.66864776611328,89.7454833984375,0.0019057082245126,0.0,1.869,0.0,0.0,0,0,0,,0.813,2026-03-14T17:04:53.010883,sad,0.32,2026-03-14T17:04:51.145945,0.4909493086268192,2026-03-14T17:04:52.998000,74,,,
participant_12,1,day,Town10HD_Opt,2026-03-14 17:04:54.374330,-41.66864776611328,89.7454833984375,0.0019173049367964,0.0,0.757,0.0,0.0,0,0,0,,1.0,2026-03-14T17:04:54.374330,sad,0.419,2026-03-14T17:04:54.374330,0.4183490835428773,2026-03-14T17:04:55.023000,77,,,
participant_12,1,day,Town10HD_Opt,2026-03-14 17:04:55.262184,-41.66864776611328,89.7454833984375,0.0019184494158253,0.0,1.14,0.0,0.0,0,0,0,,1.0,2026-03-14T17:04:55.262184,sad,0.419,2026-03-14T17:04:54.374330,0.5231591603564114,2026-03-14T17:04:56.013000,78,,,
participant_12,1,day,Town10HD_Opt,2026-03-14 17:04:56.141254,-41.66864776611328,89.7454833984375,0.0019184494158253,0.0,1.05,0.793,0.0,0,0,0,,1.0,2026-03-14T17:04:56.141254,sad,0.419,2026-03-14T17:04:54.374330,0.4217473033176308,2026-03-14T17:04:57.004000,75,,,
participant_12,1,day,Town10HD_Opt,2026-03-14 17:04:57.037659,-41.66432189941406,88.24601745605469,0.0017567825270816,11.596,-0.402,0.0,0.0,0,0,1,,1.0,2026-03-14T17:04:57.037659,sad,0.405,2026-03-14T17:04:57.037659,0.45089791081286,2026-03-14T17:04:57.004000,75,,,
participant_12,1,day,Town10HD_Opt,2026-03-14 17:04:58.154563,-41.67994689941406,85.89611053466797,0.0020001220982521,7.326,-0.068,0.0,0.0,0,0,1,,0.8,2026-03-14T17:04:58.154563,sad,0.405,2026-03-14T17:04:57.037659,0.4327298717015133,2026-03-14T17:04:59.028000,74,,,
participant_12,1,day,Town10HD_Opt,2026-03-14 17:04:59.068308,-41.6850814819336,84.93653869628906,0.0019755936227738,4.519,0.352,0.0,0.0,0,0,1,,1.0,2026-03-14T17:04:59.068308,sad,0.43,2026-03-14T17:04:59.068308,0.4186946618747295,2026-03-14T17:04:59.028000,72,,,
participant_12,2,day,Town10HD_Opt,2026-03-14 17:15:00.000000,-41.66535186767578,86.27053833007812,0.0019412230467423,19.387,0.233,0.642,0.0,0,0,1,,1.0,2026-03-14T17:15:00,,,2026-03-14T17:15:00,0.5581800915491557,2026-03-14T17:15:00,66,,,
participant_12,2,day,Town10HD_Opt,2026-03-14 17:15:00.384318,-41.65797805786133,85.08771514892578,0.0018870544154196,21.281,1.826,0.63,0.0,0,0,1,,1.0,2026-03-14T17:15:00,,,2026-03-14T17:15:00,0.4915722770036629,2026-03-14T17:15:00,67,,,
participant_12,2,day,Town10HD_Opt,2026-03-14 17:15:01.324275,-41.36641693115234,80.80606079101562,0.0018410872435197,27.993,5.184,0.611,0.0,0,0,1,,1.0,2026-03-14T17:15:01.324275,,,2026-03-14T17:15:00,0.4906455700259841,2026-03-14T17:15:01.035000,67,,,
participant_12,2,day,Town10HD_Opt,2026-03-14 17:15:02.301318,-40.24771499633789,75.60498046875,0.0018962096655741,33.099,17.598,0.561,0.0,0,0,1,,1.0,2026-03-14T17:15:02.301318,neutral,0.927,2026-03-14T17:15:02.301318,0.5373845209037333,2026-03-14T17:15:02.114000,65,,,
participant_12,2,day,Town10HD_Opt,2026-03-14 17:15:03.315474,-36.69182968139648,70.90681457519531,0.0020344161894172,35.209,23.724,0.153,0.0,0,0,1,,1.0,2026-03-14T17:15:03.315474,neutral,0.927,2026-03-14T17:15:02.301318,0.5359076581525722,2026-03-14T17:15:03.018000,65,,,
participant_12,2,day,Town10HD_Opt,2026-03-14 17:15:04.284686,-31.47342872619629,69.204833984375,0.0023441696539521,27.652,14.643,0.0,0.0,0,0,1,,1.0,2026-03-14T17:15:04.284686,neutral,0.927,2026-03-14T17:15:02.301318,0.4417627782903806,2026-03-14T17:15:04.045000,64,,,
participant_12,2,day,Town10HD_Opt,2026-03-14 17:15:05.275974,-27.20983123779297,69.48440551757812,0.002263565082103,20.91,-2.998,0.016,0.0,0,0,1,,1.0,2026-03-14T17:15:05.275974,neutral,1.0,2026-03-14T17:15:05.275974,0.5187337664549059,2026-03-14T17:15:04.994000,65,,,
participant_12,2,day,Town10HD_Opt,2026-03-14 17:15:06.311880,-23.904823303222656,69.66526794433594,0.0020949554163962,18.227,-1.201,0.535,0.0,0,0,1,,1.0,2026-03-14T17:15:06.311880,neutral,1.0,2026-03-14T17:15:05.275974,0.5237497594703615,2026-03-14T17:15:05.985000,68,,,
participant_12,2,day,Town10HD_Opt,2026-03-14 17:15:07.328789,-20.395248413085938,69.803466796875,0.0018781280377879,22.938,-0.672,0.563,0.0,0,0,1,,1.0,2026-03-14T17:15:07.328789,sad,1.0,2026-03-14T17:15:07.328789,0.4550855255921722,2026-03-14T17:15:07.110000,67,,,
participant_12,2,day,Town10HD_Opt,2026-03-14 17:15:08.317031,-15.99593734741211,69.91316223144531,0.001895370427519,27.626,-1.166,0.525,0.0,0,0,1,,1.0,2026-03-14T17:15:08.317031,sad,1.0,2026-03-14T17:15:07.328789,0.5574656160467525,2026-03-14T17:15:07.965000,66,,,
participant_12,2,day,Town10HD_Opt,2026-03-14 17:15:09.337526,-10.876935005187988,69.9230728149414,0.0019303893204778,31.125,-0.679,0.476,0.0,0,0,1,,1.0,2026-03-14T17:15:09.337526,neutral,0.999,2026-03-14T17:15:09.337526,0.5330665367258008,2026-03-14T17:15:09.134000,68,,,
participant_12,2,day,Town10HD_Opt,2026-03-14 17:15:10.069450,-7.2571234703063965,69.8839340209961,0.0020787429530173,30.254,-0.266,0.224,0.0,0,0,1,,1.0,2026-03-14T17:15:10.069450,neutral,0.999,2026-03-14T17:15:09.337526,0.5588851803012441,2026-03-14T17:15:10.124000,67,,,
participant_12,2,day,Town10HD_Opt,2026-03-14 17:15:11.071322,-2.2257204055786133,69.79931640625,0.0021475600078701,26.99,-0.266,0.211,0.0,0,0,1,,0.83,2026-03-14T17:15:11.071322,neutral,0.999,2026-03-14T17:15:09.337526,0.54090515694864,2026-03-14T17:15:11.024000,66,,,
participant_12,2,day,Town10HD_Opt,2026-03-14 17:15:12.085005,2.245624542236328,69.69524383544922,0.002142600947991,23.871,-0.16,0.0,0.0,0,0,1,,1.0,2026-03-14T17:15:12.085005,neutral,1.0,2026-03-14T17:15:12.085005,0.5099982173170239,2026-03-14T17:15:11.972000,68,,,
participant_12,2,day,Town10HD_Opt,2026-03-14 17:15:13.318047,7.023569107055664,69.57662963867188,0.0019536209292709,16.974,0.237,0.114,0.0,0,0,1,,1.0,2026-03-14T17:15:13.318047,neutral,1.0,2026-03-14T17:15:12.085005,0.5284189708044922,2026-03-14T17:15:13.230000,65,,,
participant_12,2,day,Town10HD_Opt,2026-03-14 17:15:14.242884,10.104168891906738,69.5138931274414,0.0020735550206154,18.866,0.294,0.289,0.0,0,0,1,,1.0,2026-03-14T17:15:14.242884,neutral,0.983,2026-03-14T17:15:14.242884,0.5077312655948125,2026-03-14T17:15:13.948000,66,,,
participant_12,2,day,Town10HD_Opt,2026-03-14 17:15:15.303983,13.393377304077148,69.475341796875,0.0020882415119558,18.055,1.142,0.195,0.0,0,0,1,,1.0,2026-03-14T17:15:15.303983,neutral,0.983,2026-03-14T17:15:14.242884,0.5855411843281748,2026-03-14T17:15:15.007000,65,,,
participant_12,2,day,Town10HD_Opt,2026-03-14 17:15:16.292107,16.436073303222656,69.4974365234375,0.0020005034748464,15.276,0.693,0.0,0.0,0,0,1,,1.0,2026-03-14T17:15:16.292107,neutral,1.0,2026-03-14T17:15:16.292107,0.5246889628416176,2026-03-14T17:15:15.930000,64,,,
participant_12,2,day,Town10HD_Opt,2026-03-14 17:15:17.306689,18.85161399841309,69.5351333618164,0.0020231246016919,12.08,0.371,0.194,0.0,0,0,1,,1.0,2026-03-14T17:15:17.306689,neutral,1.0,2026-03-14T17:15:16.292107,0.6198971728863436,2026-03-14T17:15:17.504000,66,,,
participant_12,2,day,Town10HD_Opt,2026-03-14 17:15:18.274109,20.88062286376953,69.57501983642578,0.0019981383811682,10.333,0.371,0.0,0.0,0,0,1,,1.0,2026-03-14T17:15:18.274109,neutral,1.0,2026-03-14T17:15:16.292107,0.600016638423501,2026-03-14T17:15:18.179000,66,,,
participant_12,2,day,Town10HD_Opt,2026-03-14 17:15:19.260863,22.475297927856445,69.61241149902344,0.002014274476096,7.534,0.371,0.0,0.059,0,0,1,,1.0,2026-03-14T17:15:19.260863,neutral,1.0,2026-03-14T17:15:19.260863,0.71415959062017,2026-03-14T17:15:18.946000,65,,,
participant_12,2,day,Town10HD_Opt,2026-03-14 17:15:20.215405,23.56921768188477,69.64112091064453,0.002073211595416,0.0,0.371,0.0,0.053,0,0,1,,1.0,2026-03-14T17:15:20.215405,neutral,1.0,2026-03-14T17:15:19.260863,0.5917329263787405,2026-03-14T17:15:20.114000,66,,,
participant_12,2,day,Town10HD_Opt,2026-03-14 17:15:21.243761,23.58170890808105,69.64147186279297,0.0019443893106654,0.003,0.39,0.449,0.0,0,0,1,,1.0,2026-03-14T17:15:21.243761,neutral,1.0,2026-03-14T17:15:19.260863,0.6676757791114678,2026-03-14T17:15:21.330000,68,,,
participant_12,2,day,Town10HD_Opt,2026-03-14 17:15:22.253246,24.15588760375977,69.65795135498047,0.0015340042300522,9.884,0.435,0.939,0.0,0,0,1,,1.0,2026-03-14T17:15:22.253246,neutral,1.0,2026-03-14T17:15:22.253246,0.6953495508478392,2026-03-14T17:15:22.409000,71,,,
participant_12,2,day,Town10HD_Opt,2026-03-14 17:15:23.264736,26.955411911010746,69.74398803710938,0.0018121337052434,21.674,-1.892,0.83,0.0,0,0,1,,1.0,2026-03-14T17:15:23.264736,neutral,1.0,2026-03-14T17:15:22.253246,0.7041089420731385,2026-03-14T17:15:23.130000,71,,,
participant_12,2,day,Town10HD_Opt,2026-03-14 17:15:24.245459,31.4995231628418,69.52024841308594,0.0017820739885792,30.527,-11.921,0.628,0.0,0,0,1,,1.0,2026-03-14T17:15:24.245459,neutral,1.0,2026-03-14T17:15:22.253246,0.7218211008818844,2026-03-14T17:15:23.985000,71,,,
participant_12,2,day,Town10HD_Opt,2026-03-14 17:15:25.271707,36.88298797607422,67.65276336669922,0.0019435500726103,34.725,-13.083,0.427,0.0,0,0,1,,1.0,2026-03-14T17:15:25.271707,neutral,0.995,2026-03-14T17:15:25.271707,0.678216185563126,2026-03-14T17:15:25.020000,70,,,
participant_12,2,day,Town10HD_Opt,2026-03-14 17:15:26.258413,41.60848236083984,63.90972137451172,0.0021011352073401,33.946,-11.989,0.323,0.0,0,0,1,,0.836,2026-03-14T17:15:26.258413,neutral,0.995,2026-03-14T17:15:25.271707,0.6419417050894081,2026-03-14T17:15:26.144000,70,,,
participant_12,2,day,Town10HD_Opt,2026-03-14 17:15:27.226846,44.38484191894531,59.246952056884766,0.0023240661248564,27.267,-18.651,0.0,0.0,0,0,1,,1.0,2026-03-14T17:15:27.226846,neutral,0.995,2026-03-14T17:15:25.271707,0.6650996986796696,2026-03-14T17:15:26.954000,69,,,
participant_12,2,day,Town10HD_Opt,2026-03-14 17:15:28.206417,44.93974685668945,55.08843994140625,0.0022761535365134,20.563,-12.277,0.0,0.0,0,0,1,,1.0,2026-03-14T17:15:28.206417,neutral,0.903,2026-03-14T17:15:28.206417,0.6559709646990719,2026-03-14T17:15:27.945000,71,,,
participant_12,2,day,Town10HD_Opt,2026-03-14 17:15:29.196134,44.639408111572266,51.92240905761719,0.0020082474220544,15.839,-3.32,0.0,0.0,0,0,1,,1.0,2026-03-14T17:15:29.196134,neutral,0.903,2026-03-14T17:15:28.206417,0.6771344321275755,2026-03-14T17:15:28.979000,73,,,
participant_12,2,day,Town10HD_Opt,2026-03-14 17:15:30.188052,44.33828353881836,49.47758102416992,0.0019464110955595,12.122,1.318,0.0,0.0,0,0,1,,1.0,2026-03-14T17:15:30.188052,neutral,0.903,2026-03-14T17:15:28.206417,0.5731538595827058,2026-03-14T17:15:29.975000,70,,,
participant_12,2,day,Town10HD_Opt,2026-03-14 17:15:31.146027,44.15442657470703,47.59818649291992,0.0020068739540874,9.263,1.782,0.0,0.003,0,0,1,,1.0,2026-03-14T17:15:31.146027,neutral,1.0,2026-03-14T17:15:31.146027,0.5802981146987483,2026-03-14T17:15:30.962000,70,,,
participant_12,2,day,Town10HD_Opt,2026-03-14 17:15:32.091757,44.04210662841797,46.19367599487305,0.0019876861479133,6.605,1.845,0.0,0.041,0,0,1,,1.0,2026-03-14T17:15:32.091757,neutral,1.0,2026-03-14T17:15:31.146027,0.5875620992452458,2026-03-14T17:15:31.949000,66,,,
participant_12,2,day,Town10HD_Opt,2026-03-14 17:15:33.283528,43.95505142211914,44.85466384887695,0.0019642256665974,4.775,1.711,0.0,0.0,0,0,1,,1.0,2026-03-14T17:15:33.283528,neutral,0.999,2026-03-14T17:15:33.283528,0.5279676309717215,2026-03-14T17:15:32.985000,64,,,
participant_12,2,day,Town10HD_Opt,2026-03-14 17:15:34.235547,43.91059875488281,44.11468505859375,0.0019657134544104,3.424,0.907,0.2,0.0,0,0,1,,1.0,2026-03-14T17:15:34.235547,neutral,0.999,2026-03-14T17:15:33.283528,0.52580241408583,2026-03-14T17:15:34.019000,66,,,
participant_12,2,day,Town10HD_Opt,2026-03-14 17:15:35.180458,43.84703063964844,43.00678253173828,0.0015094756381586,13.203,1.168,0.973,0.0,0,0,1,,1.0,2026-03-14T17:15:35.180458,neutral,0.999,2026-03-14T17:15:33.283528,0.5937584509922076,2026-03-14T17:15:34.965000,65,,,
participant_12,2,day,Town10HD_Opt,2026-03-14 17:15:36.274200,43.7495346069336,39.67432022094727,0.001706504728645,25.368,8.186,0.795,0.0,0,0,1,,1.0,2026-03-14T17:15:36.274200,neutral,1.0,2026-03-14T17:15:36.274200,0.6105059452975132,2026-03-14T17:15:35.955000,65,,,
participant_12,2,day,Town10HD_Opt,2026-03-14 17:15:37.224926,44.67400741577149,34.53936004638672,0.0017687606159597,34.462,15.103,0.661,0.0,0,0,1,,1.0,2026-03-14T17:15:37.224926,neutral,1.0,2026-03-14T17:15:36.274200,0.5628551705888883,2026-03-14T17:15:37.125000,65,,,
participant_12,2,day,Town10HD_Opt,2026-03-14 17:15:38.201190,48.05628204345703,29.36823463439941,0.002171134809032,34.359,16.515,0.0,0.0,0,0,1,,1.0,2026-03-14T17:15:38.201190,neutral,1.0,2026-03-14T17:15:36.274200,0.5745451412659313,2026-03-14T17:15:37.934000,66,,,
participant_12,2,day,Town10HD_Opt,2026-03-14 17:15:39.145409,52.55647277832031,26.70188331604004,0.0023290251847356,25.927,13.804,0.0,0.0,0,0,1,,1.0,2026-03-14T17:15:39.145409,neutral,0.995,2026-03-14T17:15:39.145409,0.5259701497842881,2026-03-14T17:15:39.015000,64,,,
participant_12,2,day,Town10HD_Opt,2026-03-14 17:15:40.124940,56.49067687988281,25.900081634521484,0.0022083281073719,20.696,9.887,0.263,0.0,0,0,1,,1.0,2026-03-14T17:15:40.124940,neutral,0.995,2026-03-14T17:15:39.145409,0.5542288387077264,2026-03-14T17:15:40.004000,65,,,
participant_12,2,day,Town10HD_Opt,2026-03-14 17:15:41.078469,59.89984893798828,25.687084197998047,0.0021400833502411,18.059,0.508,0.112,0.0,0,0,1,,1.0,2026-03-14T17:15:41.078469,neutral,0.995,2026-03-14T17:15:39.145409,0.4932697954227398,2026-03-14T17:15:40.995000,66,,,
participant_12,2,day,Town10HD_Opt,2026-03-14 17:15:42.354191,64.0566177368164,25.53989601135254,0.0019447326194494,16.813,0.289,0.0,0.0,0,0,1,,0.81,2026-03-14T17:15:42.354191,neutral,0.999,2026-03-14T17:15:42.354191,0.5565800492432538,2026-03-14T17:15:41.985000,65,,,
participant_12,2,day,Town10HD_Opt,2026-03-14 17:15:43.300409,66.62977600097656,25.465951919555664,0.0020747375674545,12.308,-1.003,0.0,0.223,0,0,1,,1.0,2026-03-14T17:15:43.300409,neutral,0.999,2026-03-14T17:15:42.354191,0.5004102289132081,2026-03-14T17:15:43.110000,64,,,
participant_12,2,day,Town10HD_Opt,2026-03-14 17:15:44.208710,68.38098907470703,25.39192771911621,0.0020481108222156,7.635,-0.989,0.0,0.143,0,0,1,,1.0,2026-03-14T17:15:44.208710,neutral,0.999,2026-03-14T17:15:42.354191,0.4310987687701312,2026-03-14T17:15:43.967000,63,,,
participant_12,2,day,Town10HD_Opt,2026-03-14 17:15:45.157838,69.39667510986328,25.342697143554688,0.0023704909253865,0.0,-0.642,0.0,0.102,0,0,1,,1.0,2026-03-14T17:15:45.157838,neutral,1.0,2026-03-14T17:15:45.157838,0.4359619105485543,2026-03-14T17:15:45.002000,63,,,
participant_12,2,day,Town10HD_Opt,2026-03-14 17:15:46.063167,69.39720916748047,25.342660903930664,0.001938018715009,0.0,-0.392,0.0,0.009,0,0,1,,1.0,2026-03-14T17:15:46.063167,neutral,1.0,2026-03-14T17:15:45.157838,0.4282747021497639,2026-03-14T17:15:46.304000,63,,,
participant_12,2,day,Town10HD_Opt,2026-03-14 17:15:47.076632,69.39728546142578,25.342660903930664,0.0019204712007194,0.0,1.011,0.0,0.0,0,0,1,,1.0,2026-03-14T17:15:47.076632,neutral,1.0,2026-03-14T17:15:45.157838,0.4028278333329664,2026-03-14T17:15:47.026000,68,,,
participant_12,2,day,Town10HD_Opt,2026-03-14 17:15:48.257850,69.3970947265625,25.34382057189941,0.0028397368732839,0.023,0.663,0.0,0.0,0,0,1,,1.0,2026-03-14T17:15:48.257850,neutral,0.999,2026-03-14T17:15:48.257850,0.41354453546227,2026-03-14T17:15:48.061000,66,,,errors=Vehicle collision
participant_12,2,day,Town10HD_Opt,2026-03-14 17:15:49.237798,69.39639282226562,25.34478759765625,0.0057052229531109,0.005,0.653,0.0,0.0,0,0,1,,1.0,2026-03-14T17:15:49.237798,neutral,0.999,2026-03-14T17:15:48.257850,0.3722284961642797,2026-03-14T17:15:49.232000,68,,,
participant_12,2,day,Town10HD_Opt,2026-03-14 17:15:50.168104,69.86164093017578,25.30793190002441,0.0032794189173728,6.848,0.653,0.806,0.0,0,0,1,,0.832,2026-03-14T17:15:50.168104,neutral,0.999,2026-03-14T17:15:48.257850,0.2977246801066994,2026-03-14T17:15:50.130000,69,,,
participant_12,2,day,Town10HD_Opt,2026-03-14 17:15:51.153675,71.74654388427734,25.164213180541992,0.0025133132003247,15.501,0.653,0.979,0.0,0,0,1,,0.838,2026-03-14T17:15:51.153675,neutral,0.999,2026-03-14T17:15:51.153675,0.3364082266847107,2026-03-14T17:15:51.349000,68,,,errors=Vehicle collision
participant_12,2,day,Town10HD_Opt,2026-03-14 17:15:52.137152,75.00212860107422,24.92348289489746,0.0019242477137595,21.831,0.653,0.968,0.0,0,0,1,,0.839,2026-03-14T17:15:52.137152,neutral,0.999,2026-03-14T17:15:51.153675,0.2802995166743282,2026-03-14T17:15:52.471000,68,,,
participant_12,2,day,Town10HD_Opt,2026-03-14 17:15:53.084250,79.49284362792969,24.77812767028809,0.002403526334092,31.286,0.86,0.867,0.0,0,0,1,,1.0,2026-03-14T17:15:53.084250,neutral,0.999,2026-03-14T17:15:51.153675,0.2904004886246646,2026-03-14T17:15:53.505000,68,,,
participant_12,2,day,Town10HD_Opt,2026-03-14 17:15:54.301795,87.08245086669922,25.15501976013184,0.0022357939742505,28.847,-2.97,0.118,0.0,0,0,1,,1.0,2026-03-14T17:15:54.301795,neutral,1.0,2026-03-14T17:15:54.301795,0.2656242872717653,2026-03-14T17:15:54.134000,67,,,
participant_12,2,day,Town10HD_Opt,2026-03-14 17:15:55.272863,91.775634765625,24.97013664245605,0.0021313475444912,25.499,-11.0,0.296,0.0,0,0,1,,1.0,2026-03-14T17:15:55.272863,neutral,1.0,2026-03-14T17:15:54.301795,0.1791296170537014,2026-03-14T17:15:54.945000,66,,,
participant_12,2,day,Town10HD_Opt,2026-03-14 17:15:56.209335,95.89057159423828,23.66517448425293,0.0021012115757912,24.328,-16.99,0.356,0.0,0,0,1,,1.0,2026-03-14T17:15:56.209335,neutral,1.0,2026-03-14T17:15:54.301795,0.1484911099771634,2026-03-14T17:15:56.025000,65,,,
participant_12,2,day,Town10HD_Opt,2026-03-14 17:15:57.157569,99.30176544189452,21.14289093017578,0.0020570755004882,24.395,-10.562,0.35,0.0,0,0,1,,1.0,2026-03-14T17:15:57.157569,neutral,1.0,2026-03-14T17:15:57.157569,0.1943042834824901,2026-03-14T17:15:56.971000,65,,,
participant_12,2,day,Town10HD_Opt,2026-03-14 17:15:58.347450,102.86038208007812,16.732927322387695,0.0046013640239834,24.342,-8.582,0.339,0.0,0,0,1,,1.0,2026-03-14T17:15:58.347450,neutral,1.0,2026-03-14T17:15:57.157569,0.1884836362730358,2026-03-14T17:15:57.960000,64,,,
participant_12,2,day,Town10HD_Opt,2026-03-14 17:15:59.289115,104.6259765625,12.89680004119873,0.0019021987682208,25.033,-12.604,0.821,0.0,0,0,1,,1.0,2026-03-14T17:15:59.289115,neutral,1.0,2026-03-14T17:15:59.289115,0.1614243170147345,2026-03-14T17:15:59.175000,64,,,
participant_12,2,day,Town10HD_Opt,2026-03-14 17:16:00.297836,105.67321014404295,7.714914321899414,0.0015982437180355,37.89,-3.714,1.0,0.0,0,0,1,,1.0,2026-03-14T17:16:00.297836,neutral,1.0,2026-03-14T17:15:59.289115,0.1930769523468586,2026-03-14T17:16:00.030000,66,,,
participant_12,2,day,Town10HD_Opt,2026-03-14 17:16:01.275347,106.33106231689452,-0.0457124710083007,0.0015618514735251,52.606,-1.92,0.0,0.229,0,0,1,,1.0,2026-03-14T17:16:01.275347,neutral,1.0,2026-03-14T17:15:59.289115,0.195018730082617,2026-03-14T17:16:00.930000,64,,,
participant_12,2,day,Town10HD_Opt,2026-03-14 17:16:02.269703,106.4570770263672,-8.872549057006836,0.0019998550415039,50.751,0.282,0.0,0.0,0,0,1,,1.0,2026-03-14T17:16:02.269703,neutral,1.0,2026-03-14T17:16:02.269703,0.2101896166799225,2026-03-14T17:16:01.965000,64,,,
participant_12,2,day,Town10HD_Opt,2026-03-14 17:16:03.254132,106.50524139404295,-17.644548416137695,0.0020127487368881,50.491,-1.528,0.83,0.0,0,0,1,,0.829,2026-03-14T17:16:03.254132,neutral,1.0,2026-03-14T17:16:02.269703,0.1501345602727277,2026-03-14T17:16:03.180000,67,,,
participant_12,2,day,Town10HD_Opt,2026-03-14 17:16:04.134200,106.2239227294922,-26.39268684387207,0.002062072744593,49.727,-2.076,0.809,0.0,0,0,1,,1.0,2026-03-14T17:16:04.134200,neutral,1.0,2026-03-14T17:16:02.269703,0.2215326738188472,2026-03-14T17:16:03.946000,68,,,
participant_12,2,day,Town10HD_Opt,2026-03-14 17:16:05.338449,104.35431671142578,-37.8341064453125,0.0019577406346797,50.687,-7.663,0.788,0.0,0,0,1,,1.0,2026-03-14T17:16:05.338449,neutral,1.0,2026-03-14T17:16:05.338449,0.1614307327787356,2026-03-14T17:16:05.115000,64,,,
participant_12,2,day,Town10HD_Opt,2026-03-14 17:16:06.285104,100.61185455322266,-45.66951370239258,0.0020368576515465,49.433,-4.374,0.897,0.0,0,0,1,,1.0,2026-03-14T17:16:06.285104,neutral,1.0,2026-03-14T17:16:05.338449,0.1595479316145425,2026-03-14T17:16:05.970000,66,,,
participant_12,2,day,Town10HD_Opt,2026-03-14 17:16:07.191018,95.3285903930664,-52.62657165527344,0.0020172882359474,50.152,-6.417,1.0,0.0,0,0,1,,0.836,2026-03-14T17:16:07.191018,neutral,1.0,2026-03-14T17:16:05.338449,0.2192313908901114,2026-03-14T17:16:06.960000,64,,,
participant_12,2,day,Town10HD_Opt,2026-03-14 17:16:08.122193,88.5662612915039,-58.18300247192383,0.0020494079217314,50.202,-6.028,0.924,0.0,0,0,1,,1.0,2026-03-14T17:16:08.122193,neutral,0.998,2026-03-14T17:16:08.122193,0.1914508625894676,2026-03-14T17:16:08.041000,66,,,
participant_12,2,day,Town10HD_Opt,2026-03-14 17:16:09.338025,77.790283203125,-62.66482162475586,0.0018459319835528,52.132,-4.32,0.0,0.213,0,0,1,,1.0,2026-03-14T17:16:09.338025,neutral,0.998,2026-03-14T17:16:08.122193,0.1748756961905347,2026-03-14T17:16:09.120000,65,,,
participant_12,2,day,Town10HD_Opt,2026-03-14 17:16:10.344786,69.11882781982422,-64.16545104980469,0.0018824386643245,52.138,-2.292,0.0,0.214,0,0,1,,1.0,2026-03-14T17:16:10.344786,neutral,1.0,2026-03-14T17:16:10.344786,0.1349899006138563,2026-03-14T17:16:09.930000,67,,,
participant_12,2,day,Town10HD_Opt,2026-03-14 17:16:11.294267,60.37164306640625,-64.75334167480469,0.0019330214709043,51.371,-0.933,0.0,0.137,0,0,1,,1.0,2026-03-14T17:16:11.294267,neutral,1.0,2026-03-14T17:16:10.344786,0.2229544009654895,2026-03-14T17:16:10.966000,65,,,
participant_12,2,day,Town10HD_Opt,2026-03-14 17:16:12.261201,51.66474151611328,-64.90290069580078,0.001975402701646,50.178,-0.884,0.687,0.0,0,0,1,,1.0,2026-03-14T17:16:12.261201,neutral,1.0,2026-03-14T17:16:10.344786,0.1438654443903767,2026-03-14T17:16:12.135000,67,,,
participant_12,2,day,Town10HD_Opt,2026-03-14 17:16:13.201449,43.0008544921875,-64.8013916015625,0.0021135329734534,48.118,0.721,0.481,0.0,0,0,1,,1.0,2026-03-14T17:16:13.201449,neutral,1.0,2026-03-14T17:16:13.201449,0.0975866056832348,2026-03-14T17:16:13.035000,65,,,
participant_12,2,day,Town10HD_Opt,2026-03-14 17:16:14.185667,34.66073226928711,-64.77985382080078,0.0020869825966656,46.998,-0.458,0.428,0.0,0,0,1,,1.0,2026-03-14T17:16:14.185667,neutral,1.0,2026-03-14T17:16:13.201449,0.1573246227294332,2026-03-14T17:16:13.936000,65,,,
participant_12,2,day,Town10HD_Opt,2026-03-14 17:16:15.098901,26.562049865722656,-64.67530059814453,0.0020995712839066,45.28,0.045,0.314,0.0,0,0,1,,1.0,2026-03-14T17:16:15.098901,neutral,1.0,2026-03-14T17:16:13.201449,0.2156719631223072,2026-03-14T17:16:15.015000,66,,,
participant_12,2,day,Town10HD_Opt,2026-03-14 17:16:16.096073,19.2591495513916,-64.56745147705078,0.0023461531382054,36.518,0.247,0.0,0.0,0,0,1,,1.0,2026-03-14T17:16:16.096073,neutral,1.0,2026-03-14T17:16:16.096073,0.1606209734036415,2026-03-14T17:16:16.095000,67,,,
participant_12,2,day,Town10HD_Opt,2026-03-14 17:16:17.069098,13.548672676086426,-64.51602172851562,0.0023064422421157,28.214,0.315,0.0,0.0,0,0,1,,1.0,2026-03-14T17:16:17.069098,neutral,1.0,2026-03-14T17:16:16.096073,0.1318439163369764,2026-03-14T17:16:16.951000,64,,,
participant_12,2,day,Town10HD_Opt,2026-03-14 17:16:18.290106,7.965943336486816,-64.51158905029297,0.0022481156047433,19.361,-0.146,0.0,0.0,0,0,1,,1.0,2026-03-14T17:16:18.290106,neutral,1.0,2026-03-14T17:16:18.290106,0.0840680099677748,2026-03-14T17:16:17.941000,66,,,
participant_12,2,day,Town10HD_Opt,2026-03-14 17:16:19.301438,4.781659126281738,-64.50822448730469,0.0020862577948719,18.731,0.092,0.838,0.0,0,0,1,,1.0,2026-03-14T17:16:19.301438,neutral,1.0,2026-03-14T17:16:18.290106,0.112430123263048,2026-03-14T17:16:19.066000,64,,,
participant_12,2,day,Town10HD_Opt,2026-03-14 17:16:20.258797,0.6344618797302246,-64.52033233642578,0.0016552733723074,30.319,0.289,0.813,0.0,0,0,1,,1.0,2026-03-14T17:16:20.258797,neutral,1.0,2026-03-14T17:16:18.290106,0.0957134359040782,2026-03-14T17:16:20.055000,66,,,
participant_12,2,day,Town10HD_Opt,2026-03-14 17:16:21.220243,-5.016425609588623,-64.56925201416016,0.0021589659154415,30.294,0.176,0.0,0.0,0,0,1,,1.0,2026-03-14T17:16:21.220243,neutral,1.0,2026-03-14T17:16:21.220243,0.0241476776321724,2026-03-14T17:16:21.136000,63,,,
participant_12,2,day,Town10HD_Opt,2026-03-14 17:16:22.170905,-9.74074649810791,-64.6325912475586,0.002268829382956,23.128,0.176,0.0,0.0,0,0,1,,1.0,2026-03-14T17:16:22.170905,neutral,1.0,2026-03-14T17:16:21.220243,0.02,2026-03-14T17:16:21.991000,64,,,
participant_12,2,day,Town10HD_Opt,2026-03-14 17:16:23.093742,-13.305557250976562,-64.69456481933594,0.0020475005730986,17.508,0.176,0.0,0.0,0,0,1,,1.0,2026-03-14T17:16:23.093742,neutral,1.0,2026-03-14T17:16:21.220243,0.1192428707870112,2026-03-14T17:16:23.070000,64,,,
participant_12,2,day,Town10HD_Opt,2026-03-14 17:16:24.306691,-16.810161590576172,-64.76803588867188,0.002036819467321,12.378,0.176,0.0,0.0,0,0,1,,1.0,2026-03-14T17:16:24.306691,neutral,1.0,2026-03-14T17:16:24.306691,0.1471352668279034,2026-03-14T17:16:24.016000,63,,,
participant_12,2,day,Town10HD_Opt,2026-03-14 17:16:25.232973,-18.73851776123047,-64.81364440917969,0.0020099638495594,9.508,0.176,0.0,0.0,0,0,1,,1.0,2026-03-14T17:16:25.232973,neutral,1.0,2026-03-14T17:16:24.306691,0.1119038417690209,2026-03-14T17:16:25.051000,64,,,
participant_12,2,day,Town10HD_Opt,2026-03-14 17:16:26.171288,-20.219215393066406,-64.8511734008789,0.001989021198824,7.194,0.176,0.0,0.0,0,0,1,,1.0,2026-03-14T17:16:26.171288,neutral,1.0,2026-03-14T17:16:24.306691,0.1074902175949882,2026-03-14T17:16:26.086000,63,,,
participant_12,2,day,Town10HD_Opt,2026-03-14 17:16:27.102806,-21.35599899291992,-64.88150787353516,0.0019728087354451,5.605,0.176,0.0,0.0,0,0,1,,1.0,2026-03-14T17:16:27.102806,neutral,0.998,2026-03-14T17:16:27.102806,0.1160946525067966,2026-03-14T17:16:27.031000,63,,,
participant_12,2,day,Town10HD_Opt,2026-03-14 17:16:28.245569,-22.471967697143555,-64.91258239746094,0.0019567869603633,3.826,0.176,0.0,0.0,0,0,1,,1.0,2026-03-14T17:16:28.245569,neutral,0.998,2026-03-14T17:16:27.102806,0.1653410728495131,2026-03-14T17:16:27.930000,63,,,
participant_12,2,day,Town10HD_Opt,2026-03-14 17:16:29.195010,-23.08542251586914,-64.9301986694336,0.0019480895716696,3.025,0.176,0.0,0.0,0,0,1,,1.0,2026-03-14T17:16:29.195010,neutral,1.0,2026-03-14T17:16:29.195010,0.2277725896300572,2026-03-14T17:16:29.055000,61,,,
participant_12,2,day,Town10HD_Opt,2026-03-14 17:16:30.120625,-23.556360244750977,-64.94398498535156,0.0019413756672292,2.322,0.176,0.0,0.0,0,0,1,,1.0,2026-03-14T17:16:30.120625,neutral,1.0,2026-03-14T17:16:29.195010,0.2482808378876415,2026-03-14T17:16:30.360000,62,,,
participant_12,2,day,Town10HD_Opt,2026-03-14 17:16:31.280784,-24.23341941833496,-64.96398162841797,0.0016004561912268,8.386,0.176,0.952,0.0,0,0,1,,1.0,2026-03-14T17:16:31.280784,neutral,1.0,2026-03-14T17:16:31.280784,0.3560884750625123,2026-03-14T17:16:30.947000,62,,,
participant_12,2,day,Town10HD_Opt,2026-03-14 17:16:32.192457,-26.89924049377441,-65.05355834960938,0.0017271422548219,22.45,0.493,1.0,0.0,0,0,1,,1.0,2026-03-14T17:16:32.192457,neutral,1.0,2026-03-14T17:16:31.280784,0.3175333574437682,2026-03-14T17:16:32.116000,62,,,
participant_12,2,day,Town10HD_Opt,2026-03-14 17:16:33.124834,-32.13074493408203,-65.26644134521484,0.0015123748453333,38.814,0.007,1.0,0.0,0,0,1,,1.0,2026-03-14T17:16:33.124834,neutral,1.0,2026-03-14T17:16:31.280784,0.3439634416168977,2026-03-14T17:16:33.016000,63,,,
participant_12,2,day,Town10HD_Opt,2026-03-14 17:16:34.341260,-43.13551330566406,-65.7388687133789,0.00195690151304,50.653,0.019,0.0,0.124,0,0,1,,1.0,2026-03-14T17:16:34.341260,neutral,0.978,2026-03-14T17:16:34.341260,0.3736661602024854,2026-03-14T17:16:33.961000,62,,,
participant_12,2,day,Town10HD_Opt,2026-03-14 17:16:35.273321,-51.75332260131836,-66.11803436279297,0.0018354033818468,51.77,0.038,0.0,0.177,0,0,1,,1.0,2026-03-14T17:16:35.273321,neutral,0.978,2026-03-14T17:16:34.341260,0.3649196965209914,2026-03-14T17:16:35.029000,62,Solid line crossing,Solid line crossing,
participant_12,2,day,Town10HD_Opt,2026-03-14 17:16:36.180368,-60.49123001098633,-66.50434875488281,0.0018816374940797,51.775,-0.665,0.0,0.163,0,0,1,,1.0,2026-03-14T17:16:36.180368,neutral,0.978,2026-03-14T17:16:34.341260,0.3583083113614702,2026-03-14T17:16:36.030000,64,,,
participant_12,2,day,Town10HD_Opt,2026-03-14 17:16:37.082441,-69.20122528076172,-66.67586517333984,0.0019321822328493,51.243,-2.791,0.0,0.124,0,0,1,,1.0,2026-03-14T17:16:37.082441,neutral,1.0,2026-03-14T17:16:37.082441,0.3618267876010308,2026-03-14T17:16:37.291000,63,,,
participant_12,2,day,Town10HD_Opt,2026-03-14 17:16:38.340750,-80.83402252197266,-65.24861907958984,0.001958503620699,50.756,-7.047,0.0,0.0,0,0,1,,1.0,2026-03-14T17:16:38.340750,neutral,1.0,2026-03-14T17:16:37.082441,0.3966799523210704,2026-03-14T17:16:38.011000,64,,,
participant_12,2,day,Town10HD_Opt,2026-03-14 17:16:39.314119,-88.8005142211914,-61.76890182495117,0.0019271849887445,50.932,-6.128,0.0,0.0,0,0,1,,1.0,2026-03-14T17:16:39.314119,neutral,0.999,2026-03-14T17:16:39.314119,0.4275719536276487,2026-03-14T17:16:38.958000,65,,,
participant_12,2,day,Town10HD_Opt,2026-03-14 17:16:40.220103,-95.6519546508789,-56.438133239746094,0.0018954466795548,51.276,-4.534,0.0,0.128,0,0,1,,1.0,2026-03-14T17:16:40.220103,neutral,0.999,2026-03-14T17:16:39.314119,0.4019990346903767,2026-03-14T17:16:40.126000,65,,,
participant_12,2,day,Town10HD_Opt,2026-03-14 17:16:41.202128,-101.38191223144533,-49.83357238769531,0.0018424605950713,52.31,-4.44,0.0,0.235,0,0,1,,1.0,2026-03-14T17:16:41.202128,neutral,0.999,2026-03-14T17:16:39.314119,0.3595857375490893,2026-03-14T17:16:40.984000,66,,,
participant_12,2,day,Town10HD_Opt,2026-03-14 17:16:42.190305,-105.7894515991211,-42.29572677612305,0.0019019698956981,51.782,-4.627,0.0,0.131,0,0,1,,1.0,2026-03-14T17:16:42.190305,neutral,0.999,2026-03-14T17:16:42.190305,0.3651418664395679,2026-03-14T17:16:41.970000,64,,,
participant_12,2,day,Town10HD_Opt,2026-03-14 17:16:43.137334,-108.73416137695312,-34.06269836425781,0.002005310030654,50.32,-3.877,0.719,0.0,0,0,1,,1.0,2026-03-14T17:16:43.137334,neutral,0.999,2026-03-14T17:16:42.190305,0.4121498936920549,2026-03-14T17:16:42.961000,64,,,
participant_12,2,day,Town10HD_Opt,2026-03-14 17:16:44.090138,-110.23794555664062,-25.59561920166016,0.0022782515734434,45.634,-3.745,0.0,0.0,0,0,1,,1.0,2026-03-14T17:16:44.090138,neutral,0.999,2026-03-14T17:16:42.190305,0.4199970572215806,2026-03-14T17:16:44.175000,66,,,
participant_12,2,day,Town10HD_Opt,2026-03-14 17:16:45.349477,-110.51278686523438,-16.681575775146484,0.002395172137767,30.451,1.375,0.0,0.349,0,0,1,,1.0,2026-03-14T17:16:45.349477,neutral,0.997,2026-03-14T17:16:45.349477,0.3642776713125613,2026-03-14T17:16:45.121000,65,,,
participant_12,2,day,Town10HD_Opt,2026-03-14 17:16:46.313045,-110.61014556884766,-12.11060905456543,0.0023356245364993,21.227,-1.093,0.0,0.315,0,0,1,,1.0,2026-03-14T17:16:46.313045,neutral,0.997,2026-03-14T17:16:45.349477,0.3602271623043103,2026-03-14T17:16:46.065000,68,,,
participant_12,2,day,Town10HD_Opt,2026-03-14 17:16:47.272889,-110.64607238769533,-8.946698188781738,0.0020365142263472,15.411,-1.523,0.068,0.0,0,0,1,,1.0,2026-03-14T17:16:47.272889,neutral,0.997,2026-03-14T17:16:45.349477,0.395098576729119,2026-03-14T17:16:46.962000,65,,,
participant_12,2,day,Town10HD_Opt,2026-03-14 17:16:48.205828,-110.6310806274414,-5.931390762329102,0.001851386972703,22.377,0.625,1.0,0.0,0,0,1,,1.0,2026-03-14T17:16:48.205828,neutral,1.0,2026-03-14T17:16:48.205828,0.3798103097085579,2026-03-14T17:16:48.135000,68,,,
participant_12,2,day,Town10HD_Opt,2026-03-14 17:16:49.218001,-110.67585754394533,-0.7109928131103516,0.0015340042300522,39.152,0.308,0.937,0.0,0,0,1,,1.0,2026-03-14T17:16:49.218001,neutral,1.0,2026-03-14T17:16:48.205828,0.4237484023128117,2026-03-14T17:16:48.947000,66,,,
participant_12,2,day,Town10HD_Opt,2026-03-14 17:16:50.186118,-110.74854278564452,7.001806259155273,0.0016696548555046,49.623,-3.938,0.69,0.0,0,0,1,,1.0,2026-03-14T17:16:50.186118,neutral,1.0,2026-03-14T17:16:48.205828,0.4330299029402481,2026-03-14T17:16:49.981000,66,,,
participant_12,2,day,Town10HD_Opt,2026-03-14 17:16:51.167661,-109.22698211669922,15.373476028442385,0.002376785269007,43.319,-16.955,0.0,0.0,0,0,1,,1.0,2026-03-14T17:16:51.167661,neutral,0.999,2026-03-14T17:16:51.167661,0.4156738652671479,2026-03-14T17:16:51.015000,67,,,
participant_12,2,day,Town10HD_Opt,2026-03-14 17:16:52.254730,-104.9605712890625,20.39014434814453,0.0024018478579819,32.549,-11.646,0.0,0.0,0,0,1,,1.0,2026-03-14T17:16:52.254730,neutral,0.999,2026-03-14T17:16:51.167661,0.4063456421287361,2026-03-14T17:16:51.961000,65,,,
participant_12,2,day,Town10HD_Opt,2026-03-14 17:16:53.324054,-100.14307403564452,22.87206649780273,0.0018829726614058,34.373,-9.938,0.969,0.0,0,0,1,,1.0,2026-03-14T17:16:53.324054,neutral,0.997,2026-03-14T17:16:53.324054,0.3972157646442612,2026-03-14T17:16:53.040000,66,,,
participant_12,2,day,Town10HD_Opt,2026-03-14 17:16:54.087729,-95.83175659179688,23.96560287475586,0.0016860198229551,41.981,-4.735,0.391,0.0,0,0,1,,1.0,2026-03-14T17:16:54.087729,neutral,0.997,2026-03-14T17:16:53.324054,0.4268388252001066,2026-03-14T17:16:53.988000,68,,,
participant_12,2,day,Town10HD_Opt,2026-03-14 17:16:55.121593,-88.337890625,24.97592544555664,0.0017764281947165,47.519,-0.9,1.0,0.0,0,0,1,,1.0,2026-03-14T17:16:55.121593,neutral,0.997,2026-03-14T17:16:53.324054,0.3632013305311597,2026-03-14T17:16:54.976000,65,,,
participant_12,2,day,Town10HD_Opt,2026-03-14 17:16:56.158167,-79.59014892578125,25.77286720275879,0.0021966171916574,48.358,-0.475,0.966,0.0,0,0,1,,1.0,2026-03-14T17:16:56.158167,neutral,0.997,2026-03-14T17:16:56.158167,0.4871979118113914,2026-03-14T17:16:56.371000,67,,,
participant_12,2,day,Town10HD_Opt,2026-03-14 17:16:57.117913,-70.83345794677734,26.37302589416504,0.0021925354376435,48.696,-0.505,1.0,0.0,0,0,1,,1.0,2026-03-14T17:16:57.117913,neutral,0.997,2026-03-14T17:16:56.158167,0.3500528315587575,2026-03-14T17:16:56.371000,69,,,
participant_12,2,day,Town10HD_Opt,2026-03-14 17:16:58.067860,-62.0010871887207,26.79226493835449,0.0021579742897301,49.104,-0.498,0.973,0.0,0,0,1,,1.0,2026-03-14T17:16:58.067860,neutral,0.997,2026-03-14T17:16:56.158167,0.4102925647748248,2026-03-14T17:16:56.371000,68,,,
participant_12,2,day,Town10HD_Opt,2026-03-14 17:16:59.336552,-50.368309020996094,27.058263778686523,0.0021708679851144,48.927,-0.498,0.911,0.0,0,0,1,,1.0,2026-03-14T17:16:59.336552,neutral,0.992,2026-03-14T17:16:59.336552,0.4480660177614458,2026-03-14T17:16:56.371000,67,,,
participant_12,2,day,Town10HD_Opt,2026-03-14 17:17:00.332491,-41.59101486206055,27.04767608642578,0.0021500778384506,49.237,-0.026,0.891,0.0,0,0,1,,1.0,2026-03-14T17:17:00.332491,neutral,0.992,2026-03-14T17:16:59.336552,0.3547308209641102,2026-03-14T17:16:56.371000,67,,,
participant_12,2,day,Town10HD_Opt,2026-03-14 17:17:01.283064,-32.7906379699707,26.960336685180664,0.0021534727420657,49.369,0.073,1.0,0.0,0,0,1,,1.0,2026-03-14T17:17:01.283064,neutral,0.992,2026-03-14T17:16:59.336552,0.4053255975842404,2026-03-14T17:16:56.371000,66,,,
participant_12,2,day,Town10HD_Opt,2026-03-14 17:17:02.244396,-23.973886489868164,26.892337799072266,0.0022198485676199,48.334,0.073,0.953,0.0,0,0,1,,1.0,2026-03-14T17:17:02.244396,neutral,1.0,2026-03-14T17:17:02.244396,0.4889120009531767,2026-03-14T17:16:56.371000,66,,,
participant_12,2,day,Town10HD_Opt,2026-03-14 17:17:03.203410,-15.216958999633787,26.84381484985352,0.0022018051240593,48.34,-0.089,0.911,0.0,0,0,1,,1.0,2026-03-14T17:17:03.203410,neutral,1.0,2026-03-14T17:17:02.244396,0.3745527080199558,2026-03-14T17:16:56.371000,67,,,
participant_12,2,day,Town10HD_Opt,2026-03-14 17:17:04.123327,-6.478229999542236,26.771041870117188,0.0021740722004324,48.716,-0.115,0.873,0.0,0,0,1,,1.0,2026-03-14T17:17:04.123327,neutral,1.0,2026-03-14T17:17:02.244396,0.3817351991460127,2026-03-14T17:16:56.371000,66,,,
participant_12,2,day,Town10HD_Opt,2026-03-14 17:17:05.339561,5.065928936004639,26.61075782775879,0.0021589279640465,47.146,-0.136,0.0,0.0,0,0,1,,1.0,2026-03-14T17:17:05.339561,neutral,0.998,2026-03-14T17:17:05.339561,0.4100638805824045,2026-03-14T17:16:56.371000,66,,,
participant_12,2,day,Town10HD_Opt,2026-03-14 17:17:06.259448,12.528103828430176,26.471662521362305,0.0023664855398237,37.075,0.416,0.0,0.016,0,0,1,,1.0,2026-03-14T17:17:06.259448,neutral,0.998,2026-03-14T17:17:05.339561,0.3608519152997108,2026-03-14T17:16:56.371000,66,,,
participant_12,2,day,Town10HD_Opt,2026-03-14 17:17:07.181523,18.32229423522949,26.4326171875,0.0023109053727239,28.631,1.434,0.0,0.0,0,0,1,,1.0,2026-03-14T17:17:07.181523,neutral,0.998,2026-03-14T17:17:05.339561,0.4249190280338438,2026-03-14T17:16:56.371000,68,,,
participant_12,2,day,Town10HD_Opt,2026-03-14 17:17:08.123847,22.76409339904785,26.56814384460449,0.0022640989627689,21.708,2.73,0.0,0.0,0,0,1,,1.0,2026-03-14T17:17:08.123847,neutral,1.0,2026-03-14T17:17:08.123847,0.3504452216457663,2026-03-14T17:16:56.371000,67,,,
participant_12,2,day,Town10HD_Opt,2026-03-14 17:17:09.178155,26.09993553161621,26.867387771606445,0.0019668578170239,16.59,3.947,0.007,0.0,0,0,1,,1.0,2026-03-14T17:17:09.178155,neutral,1.0,2026-03-14T17:17:08.123847,0.4374278033597475,2026-03-14T17:16:56.371000,68,,,
participant_12,2,day,Town10HD_Opt,2026-03-14 17:17:10.147824,28.664072036743164,27.29550170898437,0.002033157274127,12.97,5.86,0.019,0.0,0,0,1,,1.0,2026-03-14T17:17:10.147824,neutral,0.98,2026-03-14T17:17:10.147824,0.3557041788940861,2026-03-14T17:16:56.371000,65,,,
participant_12,2,day,Town10HD_Opt,2026-03-14 17:17:11.125409,30.643707275390625,27.79496955871582,0.0019955444149672,10.297,6.201,0.04,0.0,0,0,1,,1.0,2026-03-14T17:17:11.125409,neutral,0.98,2026-03-14T17:17:10.147824,0.412553959637514,2026-03-14T17:16:56.371000,67,,,
participant_12,2,day,Town10HD_Opt,2026-03-14 17:17:12.354044,33.026329040527344,28.61351585388184,0.0017991255735978,13.091,8.904,0.318,0.0,0,0,1,,1.0,2026-03-14T17:17:12.354044,neutral,0.999,2026-03-14T17:17:12.354044,0.428897394997744,2026-03-14T17:16:56.371000,68,,,
participant_12,2,day,Town10HD_Opt,2026-03-14 17:17:13.136344,34.5289421081543,29.355932235717773,0.0017319869948551,17.186,15.62,0.829,0.0,0,0,1,,1.0,2026-03-14T17:17:13.136344,neutral,0.999,2026-03-14T17:17:12.354044,0.379831525590545,2026-03-14T17:16:56.371000,69,,,
participant_12,2,day,Town10HD_Opt,2026-03-14 17:17:14.115299,37.361141204833984,31.78276824951172,0.0017670821398496,26.946,21.603,0.783,0.0,0,0,1,,1.0,2026-03-14T17:17:14.115299,neutral,0.999,2026-03-14T17:17:12.354044,0.4028887930377704,2026-03-14T17:16:56.371000,66,,,
participant_12,2,day,Town10HD_Opt,2026-03-14 17:17:15.132631,39.59666442871094,36.595340728759766,0.0018663787050172,34.332,15.009,0.514,0.0,0,0,1,,1.0,2026-03-14T17:17:15.132631,neutral,0.998,2026-03-14T17:17:15.132631,0.4239984581181361,2026-03-14T17:16:56.371000,67,,,
participant_12,2,day,Town10HD_Opt,2026-03-14 17:17:16.169671,40.11050796508789,42.49152374267578,0.0022175216581672,31.006,1.055,0.0,0.0,0,0,1,,1.0,2026-03-14T17:17:16.169671,neutral,0.998,2026-03-14T17:17:15.132631,0.3569812612803233,2026-03-14T17:16:56.371000,67,Harsh braking,decel_mps2=7.3,
participant_12,2,day,Town10HD_Opt,2026-03-14 17:17:17.135217,40.25371170043945,47.24370956420898,0.0023274230770766,22.35,0.139,0.0,0.333,0,0,1,,1.0,2026-03-14T17:17:17.135217,neutral,0.998,2026-03-14T17:17:17.135217,0.3794607159315202,2026-03-14T17:16:56.371000,67,,,
participant_12,2,day,Town10HD_Opt,2026-03-14 17:17:18.336642,40.357513427734375,51.37265396118164,0.0020992278587073,13.112,1.137,0.0,0.301,0,0,1,,1.0,2026-03-14T17:17:18.336642,neutral,0.998,2026-03-14T17:17:17.135217,0.3450279945388441,2026-03-14T17:16:56.371000,68,,,
participant_12,2,day,Town10HD_Opt,2026-03-14 17:17:19.304921,40.36910629272461,53.25727844238281,0.0020442199893295,8.706,0.757,0.0,0.0,0,0,1,,1.0,2026-03-14T17:17:19.304921,neutral,0.999,2026-03-14T17:17:19.304921,0.4268860424385116,2026-03-14T17:16:56.371000,66,,,
participant_12,2,day,Town10HD_Opt,2026-03-14 17:17:20.257557,40.38556671142578,55.03256607055664,0.001574287423864,15.93,-2.6,0.985,0.0,0,0,1,,1.0,2026-03-14T17:17:20.257557,neutral,0.999,2026-03-14T17:17:19.304921,0.3873651000479881,2026-03-14T17:16:56.371000,68,,,
participant_12,2,day,Town10HD_Opt,2026-03-14 17:17:21.159849,40.66976547241211,58.83203125,0.0016096878098323,29.2,-8.105,0.902,0.0,0,0,1,,1.0,2026-03-14T17:17:21.159849,neutral,0.999,2026-03-14T17:17:19.304921,0.42335657405927,2026-03-14T17:16:56.371000,65,,,
participant_12,2,day,Town10HD_Opt,2026-03-14 17:17:22.360494,44.0521240234375,66.48189544677734,0.0017734909197315,43.323,-19.467,0.84,0.0,0,0,1,,1.0,2026-03-14T17:17:22.360494,neutral,1.0,2026-03-14T17:17:22.360494,0.4642918155785916,2026-03-14T17:16:56.371000,67,,,
participant_12,2,day,Town10HD_Opt,2026-03-14 17:17:23.255058,51.13447189331055,70.1923599243164,0.0018754195189103,49.505,-15.233,0.713,0.0,0,0,1,,1.0,2026-03-14T17:17:23.255058,neutral,1.0,2026-03-14T17:17:22.360494,0.3551030954307776,2026-03-14T17:16:56.371000,69,,,
participant_12,2,day,Town10HD_Opt,2026-03-14 17:17:24.177880,59.7900505065918,69.76881408691406,0.0021090316586196,48.741,2.633,0.421,0.0,0,0,1,,1.0,2026-03-14T17:17:24.177880,neutral,1.0,2026-03-14T17:17:22.360494,0.3648170611179457,2026-03-14T17:16:56.371000,68,,,errors=Solid line crossing
participant_12,2,day,Town10HD_Opt,2026-03-14 17:17:25.084796,67.96259307861328,68.83442687988281,0.0022935485467314,42.788,4.806,0.0,0.0,0,0,1,,1.0,2026-03-14T17:17:25.084796,neutral,0.996,2026-03-14T17:17:25.084796,0.3670487708208301,2026-03-14T17:16:56.371000,68,,,
participant_12,2,day,Town10HD_Opt,2026-03-14 17:17:26.364691,76.33854675292969,69.24562072753906,0.0023743438068777,28.538,-0.233,0.0,0.3,0,0,1,,1.0,2026-03-14T17:17:26.364691,neutral,0.996,2026-03-14T17:17:25.084796,0.4466721292814372,2026-03-14T17:16:56.371000,66,,,
participant_12,2,day,Town10HD_Opt,2026-03-14 17:17:27.285498,80.602294921875,69.63390350341797,0.0023188018240034,19.413,-1.102,0.0,0.316,0,0,1,,1.0,2026-03-14T17:17:27.285498,neutral,1.0,2026-03-14T17:17:27.285498,0.3914888658592311,2026-03-14T17:16:56.371000,67,,,
participant_12,2,day,Town10HD_Opt,2026-03-14 17:17:28.153325,83.50094604492188,69.8376235961914,0.0021133422851562,12.549,-0.618,0.0,0.44,0,0,1,,1.0,2026-03-14T17:17:28.153325,neutral,1.0,2026-03-14T17:17:27.285498,0.4413231372222083,2026-03-14T17:16:56.371000,67,,,
participant_12,2,day,Town10HD_Opt,2026-03-14 17:17:29.074827,85.26222229003906,69.94859313964844,0.0021187209058552,6.713,-0.468,0.0,0.556,0,0,1,,1.0,2026-03-14T17:17:29.074827,neutral,1.0,2026-03-14T17:17:27.285498,0.5060934008414613,2026-03-14T17:16:56.371000,68,,,
participant_12,2,day,Town10HD_Opt,2026-03-14 17:17:30.249212,85.51071166992188,69.9636459350586,0.0019449614919722,0.0,-0.233,0.0,0.465,0,0,1,,1.0,2026-03-14T17:17:30.249212,neutral,1.0,2026-03-14T17:17:30.249212,0.344779843899694,2026-03-14T17:16:56.371000,66,,,
participant_12,2,day,Town10HD_Opt,2026-03-14 17:17:31.123378,85.5107421875,69.9636459350586,0.0019202422117814,0.0,2.21,0.0,0.0,0,0,1,,1.0,2026-03-14T17:17:31.123378,neutral,1.0,2026-03-14T17:17:30.249212,0.3753267670291326,2026-03-14T17:16:56.371000,68,,,
participant_12,2,day,Town10HD_Opt,2026-03-14 17:17:32.286755,85.58978271484375,69.97441101074219,0.0019017410231754,0.905,9.507,0.874,0.0,0,0,1,,1.0,2026-03-14T17:17:32.286755,neutral,1.0,2026-03-14T17:17:32.286755,0.4371458353992149,2026-03-14T17:16:56.371000,67,,,
participant_12,2,day,Town10HD_Opt,2026-03-14 17:17:33.165636,86.89723205566406,70.20716857910156,0.0014053344493731,16.385,10.478,1.0,0.0,0,0,1,,1.0,2026-03-14T17:17:33.165636,neutral,1.0,2026-03-14T17:17:32.286755,0.3812255992412012,2026-03-14T17:16:56.371000,68,,,
participant_12,2,day,Town10HD_Opt,2026-03-14 17:17:34.361383,92.37348175048828,72.1802749633789,0.0015481949085369,35.763,13.355,0.941,0.0,0,0,1,,1.0,2026-03-14T17:17:34.361383,neutral,0.998,2026-03-14T17:17:34.361383,0.3495984034599149,2026-03-14T17:16:56.371000,68,,,
participant_12,2,day,Town10HD_Opt,2026-03-14 17:17:35.284743,97.56658172607422,77.01618957519531,0.0017073821509256,46.938,18.503,0.915,0.0,0,0,1,,1.0,2026-03-14T17:17:35.284743,neutral,0.998,2026-03-14T17:17:34.361383,0.355798751829593,2026-03-14T17:16:56.371000,67,,,
participant_12,2,day,Town10HD_Opt,2026-03-14 17:17:36.182818,99.52678680419922,85.37451171875,0.0021231842692941,48.843,4.584,0.909,0.0,0,0,1,,1.0,2026-03-14T17:17:36.182818,neutral,0.998,2026-03-14T17:17:34.361383,0.3673503801526715,2026-03-14T17:16:56.371000,68,,,
participant_12,2,day,Town10HD_Opt,2026-03-14 17:17:37.107577,98.81839752197266,94.1551284790039,0.0021760177332907,48.651,-1.034,0.894,0.0,0,0,1,,1.0,2026-03-14T17:17:37.107577,neutral,1.0,2026-03-14T17:17:37.107577,0.3354861871993301,2026-03-14T17:16:56.371000,66,,,
participant_12,2,day,Town10HD_Opt,2026-03-14 17:17:38.353897,97.17131805419922,105.58499145507812,0.0021327589638531,48.828,6.663,0.984,0.0,0,0,1,,1.0,2026-03-14T17:17:38.353897,neutral,1.0,2026-03-14T17:17:37.107577,0.379025520074249,2026-03-14T17:16:56.371000,68,,,
participant_12,2,day,Town10HD_Opt,2026-03-14 17:17:39.252173,93.4603042602539,113.53990173339844,0.0022620009258389,47.444,4.291,1.0,0.0,0,0,1,,1.0,2026-03-14T17:17:39.252173,neutral,0.997,2026-03-14T17:17:39.252173,0.4301817383397457,2026-03-14T17:16:56.371000,68,,,
participant_12,2,day,Town10HD_Opt,2026-03-14 17:17:40.203052,88.24812316894531,120.56871795654295,0.0021535491105169,48.795,6.462,0.981,0.0,0,0,1,,1.0,2026-03-14T17:17:40.203052,neutral,0.997,2026-03-14T17:17:39.252173,0.3566549739670783,2026-03-14T17:16:56.371000,66,,,
participant_12,2,day,Town10HD_Opt,2026-03-14 17:17:41.069015,81.49916076660156,126.1270751953125,0.002000655978918,51.233,7.368,0.0,0.123,0,0,1,,1.0,2026-03-14T17:17:41.069015,neutral,0.997,2026-03-14T17:17:39.252173,0.4163713755018577,2026-03-14T17:16:56.371000,66,,,
participant_12,2,day,Town10HD_Opt,2026-03-14 17:17:42.255555,70.70674133300781,130.50965881347656,0.0021881102584302,48.762,4.551,1.0,0.0,0,0,1,,1.0,2026-03-14T17:17:42.255555,neutral,0.897,2026-03-14T17:17:42.255555,0.380624055976221,2026-03-14T17:16:56.371000,67,,,
participant_12,2,day,Town10HD_Opt,2026-03-14 17:17:43.160028,62.0340461730957,131.8818359375,0.0021937561687082,48.573,4.459,1.0,0.0,0,0,1,,1.0,2026-03-14T17:17:43.160028,neutral,0.897,2026-03-14T17:17:42.255555,0.4258666488721592,2026-03-14T17:16:56.371000,67,,,
participant_12,2,day,Town10HD_Opt,2026-03-14 17:17:44.346103,50.39864730834961,132.06898498535156,0.002024192828685,50.618,-0.545,1.0,0.0,0,0,1,,1.0,2026-03-14T17:17:44.346103,neutral,0.999,2026-03-14T17:17:44.346103,0.3348233360757149,2026-03-14T17:16:56.371000,66,,,
participant_12,2,day,Town10HD_Opt,2026-03-14 17:17:45.263238,41.60719680786133,132.3148956298828,0.0020244598854333,50.679,0.409,1.0,0.0,0,0,1,,1.0,2026-03-14T17:17:45.263238,neutral,0.999,2026-03-14T17:17:44.346103,0.3862476234095656,2026-03-14T17:16:56.371000,66,,,
participant_12,2,day,Town10HD_Opt,2026-03-14 17:17:46.167646,32.80645751953125,132.43397521972656,0.0020262526813894,50.105,0.414,1.0,0.0,0,0,1,,1.0,2026-03-14T17:17:46.167646,neutral,0.999,2026-03-14T17:17:44.346103,0.4341013843384861,2026-03-14T17:16:56.371000,66,,,
participant_12,2,day,Town10HD_Opt,2026-03-14 17:17:47.345789,21.065629959106445,132.3981170654297,0.0019664764404296,50.382,0.052,0.537,0.0,0,0,1,,1.0,2026-03-14T17:17:47.345789,neutral,0.991,2026-03-14T17:17:47.345789,0.449620339135152,2026-03-14T17:16:56.371000,69,,,
participant_12,2,day,Town10HD_Opt,2026-03-14 17:17:48.233443,12.812353134155272,132.33465576171875,0.0022724531590938,43.17,0.035,0.202,0.0,0,0,1,,1.0,2026-03-14T17:17:48.233443,neutral,0.991,2026-03-14T17:17:47.345789,0.4087258902986194,2026-03-14T17:16:56.371000,68,Solid line crossing,Solid line crossing,
participant_12,2,day,Town10HD_Opt,2026-03-14 17:17:49.214609,5.908196926116943,132.2705535888672,0.0023387526161968,34.465,0.035,0.0,0.0,0,0,1,,1.0,2026-03-14T17:17:49.214609,neutral,0.991,2026-03-14T17:17:47.345789,0.390522388878014,2026-03-14T17:16:56.371000,67,,,
participant_12,2,day,Town10HD_Opt,2026-03-14 17:17:50.145111,0.521729052066803,132.21498107910156,0.0022959518246352,26.118,-0.127,0.0,0.0,0,0,1,,1.0,2026-03-14T17:17:50.145111,neutral,0.999,2026-03-14T17:17:50.145111,0.4028352058947848,2026-03-14T17:16:56.371000,67,,,
participant_12,2,day,Town10HD_Opt,2026-03-14 17:17:51.202031,-3.587240219116211,132.18002319335938,0.0022537994664162,19.932,-0.148,0.0,0.0,0,0,1,,1.0,2026-03-14T17:17:51.202031,neutral,0.999,2026-03-14T17:17:50.145111,0.3995256243369724,2026-03-14T17:16:56.371000,66,,,
participant_12,2,day,Town10HD_Opt,2026-03-14 17:17:52.104651,-6.693109512329102,132.16294860839844,0.0020191192161291,15.184,-0.148,0.0,0.0,0,0,1,,1.0,2026-03-14T17:17:52.104651,neutral,0.999,2026-03-14T17:17:50.145111,0.4413157618430103,2026-03-14T17:16:56.371000,68,,,
participant_12,2,day,Town10HD_Opt,2026-03-14 17:17:53.280809,-9.763509750366213,132.15402221679688,0.0020112609490752,11.131,-0.148,0.211,0.0,0,0,1,,1.0,2026-03-14T17:17:53.280809,neutral,0.999,2026-03-14T17:17:53.280809,0.3715208343913558,2026-03-14T17:16:56.371000,66,,,
participant_12,2,day,Town10HD_Opt,2026-03-14 17:17:54.209821,-11.837188720703123,132.15234375,0.0018350600730627,13.315,-0.148,0.336,0.0,0,0,1,,1.0,2026-03-14T17:17:54.209821,neutral,0.999,2026-03-14T17:17:53.280809,0.3452209268201388,2026-03-14T17:16:56.371000,68,,,
participant_12,2,day,Town10HD_Opt,2026-03-14 17:17:55.090489,-14.24028491973877,132.15463256835938,0.0019350051879882,13.87,-0.157,0.925,0.0,0,0,1,,1.0,2026-03-14T17:17:55.090489,neutral,0.999,2026-03-14T17:17:53.280809,0.4191841861344741,2026-03-14T17:16:56.371000,64,,,
participant_12,2,day,Town10HD_Opt,2026-03-14 17:17:56.341147,-19.24937629699707,132.17257690429688,0.0015208434779196,32.334,-0.045,0.999,0.0,0,0,1,,1.0,2026-03-14T17:17:56.341147,neutral,0.998,2026-03-14T17:17:56.341147,0.3994857357666114,2026-03-14T17:16:56.371000,68,,,
participant_12,2,day,Town10HD_Opt,2026-03-14 17:17:57.323081,-26.074317932128903,131.8970489501953,0.0015889739152044,46.551,9.114,0.946,0.0,0,0,1,,1.0,2026-03-14T17:17:57.323081,neutral,0.998,2026-03-14T17:17:56.341147,0.3915596424704068,2026-03-14T17:16:56.371000,68,,,
participant_12,2,day,Town10HD_Opt,2026-03-14 17:17:58.301082,-34.2855110168457,129.2187957763672,0.0021779250819236,47.918,12.263,0.934,0.0,0,0,1,,1.0,2026-03-14T17:17:58.301082,neutral,0.998,2026-03-14T17:17:56.341147,0.4732063422991563,2026-03-14T17:16:56.371000,67,,,
participant_12,2,day,Town10HD_Opt,2026-03-14 17:17:59.226400,-40.41938781738281,123.18502044677734,0.0021065901964902,48.832,15.226,0.927,0.0,0,0,1,,1.0,2026-03-14T17:17:59.226400,neutral,0.996,2026-03-14T17:17:59.226400,0.3638491859104655,2026-03-14T17:16:56.371000,68,,,
participant_12,2,day,Town10HD_Opt,2026-03-14 17:18:00.221920,-42.64129257202149,114.91600036621094,0.0019319152925163,50.946,4.893,0.0,0.0,0,0,1,,1.0,2026-03-14T17:18:00.221920,neutral,0.996,2026-03-14T17:17:59.226400,0.3221553843449646,2026-03-14T17:16:56.371000,67,,,
participant_12,2,day,Town10HD_Opt,2026-03-14 17:18:01.193613,-42.49617004394531,106.26333618164062,0.0019896316807717,49.983,-2.546,0.528,0.0,0,0,1,,1.0,2026-03-14T17:18:01.193613,neutral,0.996,2026-03-14T17:17:59.226400,0.4211842975079722,2026-03-14T17:16:56.371000,68,,,
participant_12,2,day,Town10HD_Opt,2026-03-14 17:18:02.112354,-42.93846130371094,97.71207427978516,0.0023022459354251,44.575,-0.938,0.0,0.0,0,0,1,,1.0,2026-03-14T17:18:02.112354,neutral,0.998,2026-03-14T17:18:02.112354,0.3757937714940593,2026-03-14T17:18:01.945000,72,,,
participant_12,2,day,Town10HD_Opt,2026-03-14 17:18:03.088489,-43.58164596557617,90.7632827758789,0.0023274230770766,35.154,0.106,0.227,0.0,0,0,1,,1.0,2026-03-14T17:18:03.088489,neutral,0.998,2026-03-14T17:18:02.112354,0.409062014781236,2026-03-14T17:18:02.979000,68,,,
participant_12,2,day,Town10HD_Opt,2026-03-14 17:18:04.321650,-43.86634826660156,82.93024444580078,0.0020009230356663,34.337,8.625,0.687,0.0,0,0,1,,1.0,2026-03-14T17:18:04.321650,neutral,0.99,2026-03-14T17:18:04.321650,0.4871204002216541,2026-03-14T17:18:03.969000,70,,,
participant_12,2,day,Town10HD_Opt,2026-03-14 17:18:05.284728,-42.31128692626953,76.57042694091797,0.0017763137584552,42.787,14.256,0.814,0.0,0,0,1,,1.0,2026-03-14T17:18:05.284728,neutral,0.99,2026-03-14T17:18:04.321650,0.3355532796405805,2026-03-14T17:18:05.009000,68,,,
participant_12,2,day,Town10HD_Opt,2026-03-14 17:18:06.306936,-37.34165573120117,70.54632568359375,0.0018877410329878,48.052,21.017,0.675,0.0,0,0,1,,1.0,2026-03-14T17:18:06.306936,neutral,0.99,2026-03-14T17:18:04.321650,0.3952537205637659,2026-03-14T17:18:05.994000,67,,,
participant_12,2,day,Town10HD_Opt,2026-03-14 17:18:07.342373,-29.38672065734864,68.94956970214844,0.0021106719505041,46.256,6.319,0.42,0.0,0,0,1,,1.0,2026-03-14T17:18:07.342373,neutral,0.989,2026-03-14T17:18:07.342373,0.4665255987147263,2026-03-14T17:18:06.984000,69,,,
participant_12,2,day,Town10HD_Opt,2026-03-14 17:18:08.314884,-21.54085350036621,70.1377944946289,0.0021474456880241,43.544,-4.841,0.261,0.0,0,0,1,,1.0,2026-03-14T17:18:08.314884,neutral,0.989,2026-03-14T17:18:07.342373,0.4775911717185589,2026-03-14T17:18:08.289000,67,,,errors=Solid line crossing
participant_12,2,day,Town10HD_Opt,2026-03-14 17:18:09.299603,-14.296746253967283,70.46414947509766,0.0021852874197065,38.809,-1.775,0.263,0.0,0,0,1,,1.0,2026-03-14T17:18:09.299603,neutral,0.989,2026-03-14T17:18:07.342373,0.3962761386508694,2026-03-14T17:18:09.099000,67,,,
participant_12,2,day,Town10HD_Opt,2026-03-14 17:18:10.289268,-7.751583099365234,70.337158203125,0.0021038055419921,36.52,-0.604,0.541,0.0,0,0,1,,1.0,2026-03-14T17:18:10.289268,neutral,1.0,2026-03-14T17:18:10.289268,0.4269623203673622,2026-03-14T17:18:10,68,,,
participant_12,2,day,Town10HD_Opt,2026-03-14 17:18:11.213842,-1.188324213027954,70.01615142822266,0.0019756315741688,38.73,0.653,0.499,0.0,0,0,1,,1.0,2026-03-14T17:18:11.213842,neutral,1.0,2026-03-14T17:18:10.289268,0.4394129660255658,2026-03-14T17:18:11.079000,68,,,
participant_12,2,day,Town10HD_Opt,2026-03-14 17:18:12.179566,5.496570110321045,69.7731704711914,0.0022314072120934,35.089,0.04,0.0,0.0,0,0,1,,1.0,2026-03-14T17:18:12.179566,neutral,1.0,2026-03-14T17:18:10.289268,0.4367013059290879,2026-03-14T17:18:12.069000,65,,,
participant_12,2,day,Town10HD_Opt,2026-03-14 17:18:13.144370,10.978073120117188,69.5953598022461,0.0022961043287068,27.053,0.75,0.0,0.0,0,0,1,,1.0,2026-03-14T17:18:13.144370,neutral,0.998,2026-03-14T17:18:13.144370,0.3930780771350368,2026-03-14T17:18:13.149000,65,,,
participant_12,2,day,Town10HD_Opt,2026-03-14 17:18:14.110177,15.16344165802002,69.53824615478516,0.0022607040591537,19.932,0.646,0.0,0.052,0,0,1,,1.0,2026-03-14T17:18:14.110177,neutral,0.998,2026-03-14T17:18:13.144370,0.4225628664744605,2026-03-14T17:18:14.049000,64,,,
participant_12,2,day,Town10HD_Opt,2026-03-14 17:18:15.074220,18.28743934631348,69.53801727294922,0.0020268631633371,14.995,0.646,0.0,0.072,0,0,1,,1.0,2026-03-14T17:18:15.074220,neutral,0.998,2026-03-14T17:18:13.144370,0.4004754067543529,2026-03-14T17:18:14.995000,64,,,
participant_12,2,day,Town10HD_Opt,2026-03-14 17:18:16.343512,21.260501861572266,69.57035827636719,0.0020327377133071,10.192,0.62,0.0,0.037,0,0,1,,1.0,2026-03-14T17:18:16.343512,neutral,0.979,2026-03-14T17:18:16.343512,0.4440731991734916,2026-03-14T17:18:16.029000,66,,,
participant_12,2,day,Town10HD_Opt,2026-03-14 17:18:17.348862,22.80422592163086,69.59928894042969,0.0020133589860051,7.259,0.618,0.0,0.044,0,0,1,,1.0,2026-03-14T17:18:17.348862,neutral,0.979,2026-03-14T17:18:16.343512,0.3720550630355199,2026-03-14T17:18:17.023000,67,,,
participant_12,2,day,Town10HD_Opt,2026-03-14 17:18:18.333993,23.812973022460938,69.62203979492188,0.0022953413426876,0.0,0.618,0.0,0.04,0,0,1,,1.0,2026-03-14T17:18:18.333993,neutral,0.979,2026-03-14T17:18:16.343512,0.3975788878331774,2026-03-14T17:18:18.144000,65,,,
participant_12,2,day,Town10HD_Opt,2026-03-14 17:18:19.366951,23.818639755249023,69.62217712402344,0.0019294356461614,0.605,0.618,0.657,0.0,0,0,1,,1.0,2026-03-14T17:18:19.366951,neutral,0.998,2026-03-14T17:18:19.366951,0.4284412401912888,2026-03-14T17:18:19.181000,65,,,
participant_12,2,day,Town10HD_Opt,2026-03-14 17:18:20.272767,24.733428955078125,69.6476821899414,0.0015630340203642,11.236,0.618,0.632,0.0,0,0,1,,1.0,2026-03-14T17:18:20.272767,neutral,0.998,2026-03-14T17:18:19.366951,0.5179946637080829,2026-03-14T17:18:19.993000,65,,,
participant_12,2,day,Town10HD_Opt,2026-03-14 17:18:21.218574,27.186248779296875,69.71173095703125,0.0017878722865134,16.127,-2.41,0.373,0.0,0,0,1,,1.0,2026-03-14T17:18:21.218574,neutral,0.998,2026-03-14T17:18:19.366951,0.573744037058655,2026-03-14T17:18:20.980000,66,,,
participant_12,2,day,Town10HD_Opt,2026-03-14 17:18:22.174437,30.191869735717773,69.56603240966797,0.002067451365292,18.286,-7.813,0.355,0.0,0,0,1,,1.0,2026-03-14T17:18:22.174437,neutral,0.99,2026-03-14T17:18:22.174437,0.5884258640591006,2026-03-14T17:18:21.973000,64,,,
participant_12,2,day,Town10HD_Opt,2026-03-14 17:18:23.122075,33.3543815612793,68.9903564453125,0.0019603348337113,20.379,-8.942,0.986,0.0,0,0,1,,1.0,2026-03-14T17:18:23.122075,neutral,0.99,2026-03-14T17:18:22.174437,0.670096663316615,2026-03-14T17:18:23.005000,66,,,
participant_12,2,day,Town10HD_Opt,2026-03-14 17:18:24.321090,39.64154815673828,66.03275299072266,0.0015821075066924,40.813,-16.637,0.99,0.0,0,0,1,,1.0,2026-03-14T17:18:24.321090,neutral,0.988,2026-03-14T17:18:24.321090,0.6191550665503521,2026-03-14T17:18:23.950000,65,,,
participant_12,2,day,Town10HD_Opt,2026-03-14 17:18:25.266138,44.44182205200195,59.57305908203125,0.0014985656598582,51.213,-12.468,0.0,0.126,0,0,1,,1.0,2026-03-14T17:18:25.266138,neutral,0.988,2026-03-14T17:18:24.321090,0.5883942048827939,2026-03-14T17:18:25.014000,65,,,errors=Vehicle-pedestrian collision
participant_12,2,day,Town10HD_Opt,2026-03-14 17:18:26.163385,45.89402389526367,51.49143600463867,0.0023434448521584,41.377,-4.879,0.0,0.222,0,0,1,,1.0,2026-03-14T17:18:26.163385,neutral,0.988,2026-03-14T17:18:24.321090,0.6012095853715774,2026-03-14T17:18:26.019000,63,,,
participant_12,2,day,Town10HD_Opt,2026-03-14 17:18:27.328998,45.27631759643555,43.40645599365234,0.0023227690253406,28.358,3.16,0.0,0.0,0,0,1,,1.0,2026-03-14T17:18:27.328998,neutral,1.0,2026-03-14T17:18:27.328998,0.5962430662598494,2026-03-14T17:18:27.055000,64,,,
participant_12,2,day,Town10HD_Opt,2026-03-14 17:18:28.207274,45.17548370361328,38.85730743408203,0.0021012497600167,25.082,5.652,0.453,0.0,0,0,1,,1.0,2026-03-14T17:18:28.207274,neutral,1.0,2026-03-14T17:18:27.328998,0.6195050747829438,2026-03-14T17:18:27.954000,62,,,
participant_12,2,day,Town10HD_Opt,2026-03-14 17:18:29.130517,45.9063720703125,34.4398078918457,0.0020470046438276,26.11,19.712,0.415,0.0,0,0,1,,1.0,2026-03-14T17:18:29.130517,neutral,1.0,2026-03-14T17:18:27.328998,0.5313893947930067,2026-03-14T17:18:29.034000,63,,,
participant_12,2,day,Town10HD_Opt,2026-03-14 17:18:30.073227,48.42112350463867,30.663291931152344,0.0020793532021343,26.651,22.686,0.519,0.0,0,0,1,,1.0,2026-03-14T17:18:30.073227,neutral,0.989,2026-03-14T17:18:30.073227,0.5542282258331005,2026-03-14T17:18:29.979000,63,,,
participant_12,2,day,Town10HD_Opt,2026-03-14 17:18:31.294516,54.30816268920898,27.58519554138184,0.0019444655627012,31.242,6.419,0.51,0.0,0,0,1,,1.0,2026-03-14T17:18:31.294516,neutral,0.989,2026-03-14T17:18:30.073227,0.5244642161650036,2026-03-14T17:18:31.014000,64,,,
participant_12,2,day,Town10HD_Opt,2026-03-14 17:18:32.173312,59.76647186279297,26.18627166748047,0.0019843291956931,33.484,6.884,0.681,0.0,0,0,1,,1.0,2026-03-14T17:18:32.173312,neutral,0.987,2026-03-14T17:18:32.173312,0.5038100760744162,2026-03-14T17:18:31.959000,64,,,
participant_12,2,day,Town10HD_Opt,2026-03-14 17:18:33.086459,66.45782470703125,25.662960052490234,0.0016012954292818,45.943,3.648,0.967,0.0,0,0,1,,1.0,2026-03-14T17:18:33.086459,neutral,0.987,2026-03-14T17:18:32.173312,0.5374637600577676,2026-03-14T17:18:32.949000,62,,,
participant_12,2,day,Town10HD_Opt,2026-03-14 17:18:34.240081,78.00995635986328,26.05387306213379,0.002093200571835,49.284,-0.357,0.796,0.0,0,0,1,,1.0,2026-03-14T17:18:34.240081,neutral,0.998,2026-03-14T17:18:34.240081,0.5680257403545841,2026-03-14T17:18:33.982000,66,,,
participant_12,2,day,Town10HD_Opt,2026-03-14 17:18:35.122647,86.76494598388672,26.33601951599121,0.0040339659899473,48.512,-4.393,0.509,0.0,0,0,1,,1.0,2026-03-14T17:18:35.122647,neutral,0.998,2026-03-14T17:18:34.240081,0.5327903960042203,2026-03-14T17:18:35.110000,67,,,
participant_12,2,day,Town10HD_Opt,2026-03-14 17:18:36.291215,97.42963409423828,23.89350700378418,0.0021292113233357,46.021,-16.381,0.465,0.0,0,0,1,,1.0,2026-03-14T17:18:36.291215,neutral,1.0,2026-03-14T17:18:36.291215,0.6343197424696135,2026-03-14T17:18:35.964000,68,,,
participant_12,2,day,Town10HD_Opt,2026-03-14 17:18:37.219549,102.69915008544922,18.09329605102539,0.0021546555217355,44.344,-6.18,0.321,0.0,0,0,1,,1.0,2026-03-14T17:18:37.219549,neutral,1.0,2026-03-14T17:18:36.291215,0.6033990431956417,2026-03-14T17:18:36.956000,68,,,
participant_12,2,day,Town10HD_Opt,2026-03-14 17:18:38.074398,105.87483215332033,11.3076171875,0.0020714187994599,41.037,-4.171,0.322,0.0,0,0,1,,1.0,2026-03-14T17:18:38.074398,neutral,1.0,2026-03-14T17:18:36.291215,0.7834857809448303,2026-03-14T17:18:38.125000,68,,,
participant_12,2,day,Town10HD_Opt,2026-03-14 17:18:39.280006,108.43348693847656,2.515019416809082,0.0021270369179546,37.465,-3.412,0.329,0.0,0,0,1,,1.0,2026-03-14T17:18:39.280006,neutral,0.964,2026-03-14T17:18:39.280006,0.7724524261807368,2026-03-14T17:18:38.979000,68,,,
participant_12,2,day,Town10HD_Opt,2026-03-14 17:18:40.153468,109.38117218017578,-3.866060495376587,0.0019956587348133,37.505,-3.664,0.761,0.0,0,0,1,,0.828,2026-03-14T17:18:40.153468,neutral,0.964,2026-03-14T17:18:39.280006,0.8228769775761161,2026-03-14T17:18:40.374000,68,,,
participant_12,2,day,Town10HD_Opt,2026-03-14 17:18:41.260075,109.48348999023438,-13.81802749633789,0.0017116927774623,51.068,-1.814,0.0,0.107,0,0,1,,1.0,2026-03-14T17:18:41.260075,neutral,0.964,2026-03-14T17:18:39.280006,0.8001729768331025,2026-03-14T17:18:41.319000,64,,,
participant_12,2,day,Town10HD_Opt,2026-03-14 17:18:42.134771,108.63858032226562,-22.645097732543945,0.0021734619513154,49.107,-1.659,0.99,0.0,0,0,1,,1.0,2026-03-14T17:18:42.134771,neutral,0.998,2026-03-14T17:18:42.134771,0.8778636615273646,2026-03-14T17:18:41.957000,66,,,
participant_12,2,day,Town10HD_Opt,2026-03-14 17:18:43.259781,106.1808090209961,-33.945220947265625,0.0019665146246552,50.427,-4.615,0.882,0.0,0,0,1,,1.0,2026-03-14T17:18:43.259781,neutral,0.998,2026-03-14T17:18:42.134771,0.8710553635906143,2026-03-14T17:18:42.985000,66,,,
participant_12,2,day,Town10HD_Opt,2026-03-14 17:18:44.103235,102.67327117919922,-42.06317901611328,0.0021558380685746,49.078,-3.328,0.791,0.0,0,0,1,,1.0,2026-03-14T17:18:44.103235,neutral,0.998,2026-03-14T17:18:42.134771,0.915175071147638,2026-03-14T17:18:43.975000,67,,,
participant_12,2,day,Town10HD_Opt,2026-03-14 17:18:45.247742,96.20502471923828,-51.6884651184082,0.0019869613461196,50.504,-6.26,0.758,0.0,0,0,1,,1.0,2026-03-14T17:18:45.247742,neutral,0.983,2026-03-14T17:18:45.247742,0.8604904722348212,2026-03-14T17:18:45.009000,66,,,
participant_12,2,day,Town10HD_Opt,2026-03-14 17:18:46.121192,89.70213317871094,-57.32406997680664,0.0020846556872129,48.445,-5.879,0.591,0.0,0,0,1,,1.0,2026-03-14T17:18:46.121192,neutral,0.983,2026-03-14T17:18:45.247742,0.8515983394668712,2026-03-14T17:18:45.955000,67,,,
participant_12,2,day,Town10HD_Opt,2026-03-14 17:18:47.316710,79.353759765625,-62.344970703125,0.002021636813879,50.052,-4.261,0.51,0.0,0,0,1,,1.0,2026-03-14T17:18:47.316710,neutral,0.68,2026-03-14T17:18:47.316710,0.8188888451942383,2026-03-14T17:18:46.946000,66,,,
participant_12,2,day,Town10HD_Opt,2026-03-14 17:18:48.205457,70.8547592163086,-64.43563842773438,0.0020460509695112,50.045,-4.317,0.497,0.0,0,0,1,,1.0,2026-03-14T17:18:48.205457,neutral,0.68,2026-03-14T17:18:47.316710,0.8658311608834771,2026-03-14T17:18:47.980000,66,,,
participant_12,2,day,Town10HD_Opt,2026-03-14 17:18:49.091166,62.14619445800781,-65.10042572021484,0.0020481871906667,49.863,-0.696,0.492,0.0,0,0,1,,1.0,2026-03-14T17:18:49.091166,neutral,0.68,2026-03-14T17:18:47.316710,0.7322424979446854,2026-03-14T17:18:49.060000,64,,,
participant_12,2,day,Town10HD_Opt,2026-03-14 17:18:50.328918,50.54356002807617,-65.33110046386719,0.0020500181708484,49.56,-0.108,0.486,0.0,0,0,1,,1.0,2026-03-14T17:18:50.328918,neutral,0.982,2026-03-14T17:18:50.328918,0.8169115406581215,2026-03-14T17:18:50.095000,65,,,
participant_12,2,day,Town10HD_Opt,2026-03-14 17:18:51.245225,41.89413070678711,-65.54497528076172,0.0020505141001194,49.296,-0.2,0.485,0.0,0,0,1,,1.0,2026-03-14T17:18:51.245225,neutral,0.982,2026-03-14T17:18:50.328918,0.8245969099840936,2026-03-14T17:18:50.995000,65,,,
participant_12,2,day,Town10HD_Opt,2026-03-14 17:18:52.178224,33.28886032104492,-65.69174194335938,0.0020502090919762,49.042,-0.209,0.484,0.0,0,0,1,,1.0,2026-03-14T17:18:52.178224,neutral,0.982,2026-03-14T17:18:50.328918,0.8478046198787068,2026-03-14T17:18:52.030000,64,,,
participant_12,2,day,Town10HD_Opt,2026-03-14 17:18:53.097171,24.76774787902832,-65.76266479492188,0.0020824430976063,48.012,-0.28,0.433,0.0,0,0,1,,1.0,2026-03-14T17:18:53.097171,neutral,0.984,2026-03-14T17:18:53.097171,0.805345321227114,2026-03-14T17:18:52.975000,66,,,
participant_12,2,day,Town10HD_Opt,2026-03-14 17:18:54.271849,14.494877815246582,-65.7260971069336,0.002362098544836,37.262,-0.275,0.0,0.0,0,0,1,,1.0,2026-03-14T17:18:54.271849,neutral,0.984,2026-03-14T17:18:53.097171,0.7311111138069285,2026-03-14T17:18:54.189000,65,,,
participant_12,2,day,Town10HD_Opt,2026-03-14 17:18:55.122964,8.673579216003418,-65.64204406738281,0.002309989882633,28.786,-0.068,0.0,0.0,0,0,1,,1.0,2026-03-14T17:18:55.122964,neutral,0.957,2026-03-14T17:18:55.122964,0.7797877775892539,2026-03-14T17:18:55.135000,64,,,
participant_12,2,day,Town10HD_Opt,2026-03-14 17:18:56.348542,2.9709115028381348,-65.55498504638672,0.0022455595899373,19.936,0.233,0.099,0.0,0,0,1,,1.0,2026-03-14T17:18:56.348542,neutral,0.957,2026-03-14T17:18:55.122964,0.8116046396046476,2026-03-14T17:18:56.035000,65,,,
participant_12,2,day,Town10HD_Opt,2026-03-14 17:18:57.252875,-0.2686531841754913,-65.52167510986328,0.0018666075775399,17.627,0.242,0.161,0.0,0,0,1,,1.0,2026-03-14T17:18:57.252875,neutral,0.995,2026-03-14T17:18:57.252875,0.7361498608633602,2026-03-14T17:18:56.988000,66,,,
participant_12,2,day,Town10HD_Opt,2026-03-14 17:18:58.191965,-3.281399726867676,-65.50485229492188,0.0019070815760642,17.538,0.24,0.36,0.0,0,0,1,,1.0,2026-03-14T17:18:58.191965,neutral,0.995,2026-03-14T17:18:57.252875,0.6838074866806417,2026-03-14T17:18:57.969000,64,,,
participant_12,2,day,Town10HD_Opt,2026-03-14 17:18:59.074264,-6.429905891418457,-65.49793243408203,0.0020627593621611,18.076,0.155,0.33,0.0,0,0,1,,1.0,2026-03-14T17:18:59.074264,neutral,0.995,2026-03-14T17:18:57.252875,0.7670827792118875,2026-03-14T17:18:58.960000,65,,,
participant_12,2,day,Town10HD_Opt,2026-03-14 17:19:00.282312,-10.672691345214844,-65.49989318847656,0.002023200970143,18.083,0.063,0.109,0.0,0,0,1,,1.0,2026-03-14T17:19:00.282312,neutral,0.991,2026-03-14T17:19:00.282312,0.5957438939329265,2026-03-14T17:18:59.995000,63,,,
participant_12,2,day,Town10HD_Opt,2026-03-14 17:19:01.130580,-13.668773651123049,-65.50391387939453,0.0020169448107481,15.092,-0.016,0.0,0.0,0,0,1,,1.0,2026-03-14T17:19:01.130580,neutral,0.991,2026-03-14T17:19:00.282312,0.6135593116883638,2026-03-14T17:19:01.120000,64,,,
participant_12,2,day,Town10HD_Opt,2026-03-14 17:19:02.313106,-16.672637939453125,-65.50801849365234,0.0020219420548528,10.549,0.002,0.0,0.018,0,0,1,,1.0,2026-03-14T17:19:02.313106,neutral,0.999,2026-03-14T17:19:02.313106,0.6675828167447184,2026-03-14T17:19:02.335000,64,,,
participant_12,2,day,Town10HD_Opt,2026-03-14 17:19:03.188492,-18.26116752624512,-65.51024627685547,0.0020143126603215,7.46,0.002,0.0,0.053,0,0,1,,1.0,2026-03-14T17:19:03.188492,neutral,0.999,2026-03-14T17:19:02.313106,0.5663490063628691,2026-03-14T17:19:02.967000,63,,,
participant_12,2,day,Town10HD_Opt,2026-03-14 17:19:04.308207,-19.503204345703125,-65.51204681396484,0.0023023223038762,0.229,0.002,0.0,0.0,0,0,1,,1.0,2026-03-14T17:19:04.308207,neutral,0.999,2026-03-14T17:19:02.313106,0.6748565427643235,2026-03-14T17:19:03.955000,64,,,
participant_12,2,day,Town10HD_Opt,2026-03-14 17:19:05.151365,-19.54104995727539,-65.51204681396484,0.001928215031512,0.254,0.002,0.0,0.0,0,0,1,,1.0,2026-03-14T17:19:05.151365,neutral,0.993,2026-03-14T17:19:05.151365,0.5550580384131321,2026-03-14T17:19:05.125000,65,,,
participant_12,2,day,Town10HD_Opt,2026-03-14 17:19:06.327802,-19.59105491638184,-65.51204681396484,0.0019207381410524,0.177,0.002,0.0,0.0,0,0,1,,1.0,2026-03-14T17:19:06.327802,neutral,0.993,2026-03-14T17:19:05.151365,0.6786057375874404,2026-03-14T17:19:06.026000,65,,,
participant_12,2,day,Town10HD_Opt,2026-03-14 17:19:07.164389,-20.02985191345215,-65.51268768310547,0.0014955138321965,9.554,0.002,1.0,0.0,0,0,1,,1.0,2026-03-14T17:19:07.164389,neutral,0.988,2026-03-14T17:19:07.164389,0.6994798503659784,2026-03-14T17:19:07.015000,64,,,
participant_12,2,day,Town10HD_Opt,2026-03-14 17:19:08.286255,-24.41453742980957,-65.55168914794922,0.0015613173600286,29.503,0.693,1.0,0.0,0,0,1,,1.0,2026-03-14T17:19:08.286255,neutral,0.988,2026-03-14T17:19:07.164389,0.6456276396062844,2026-03-14T17:19:08.006000,61,,,
participant_12,2,day,Town10HD_Opt,2026-03-14 17:19:09.139852,-30.851730346679688,-65.7247314453125,0.0015395736554637,45.125,0.526,1.0,0.0,0,0,1,,1.0,2026-03-14T17:19:09.139852,neutral,0.988,2026-03-14T17:19:07.164389,0.7243110199128969,2026-03-14T17:19:09.265000,64,,,
participant_12,2,day,Town10HD_Opt,2026-03-14 17:19:10.329858,-42.40032196044922,-66.26886749267578,0.0021879577543586,48.879,0.08,0.994,0.0,0,0,1,,1.0,2026-03-14T17:19:10.329858,neutral,0.988,2026-03-14T17:19:10.329858,0.7076755162923544,2026-03-14T17:19:10.120000,62,,,
participant_12,2,day,Town10HD_Opt,2026-03-14 17:19:11.199775,-51.26269912719727,-66.76248168945312,0.0020346832461655,48.591,-0.221,0.986,0.0,0,0,1,,1.0,2026-03-14T17:19:11.199775,neutral,0.988,2026-03-14T17:19:10.329858,0.7572417398233825,2026-03-14T17:19:11.200000,64,,,
participant_12,2,day,Town10HD_Opt,2026-03-14 17:19:12.261809,-62.92571258544922,-67.29655456542969,0.002147254999727,48.737,-1.144,0.973,0.0,0,0,1,,1.0,2026-03-14T17:19:12.261809,neutral,0.988,2026-03-14T17:19:10.329858,0.8356706748331015,2026-03-14T17:19:12.010000,62,,,
participant_12,2,day,Town10HD_Opt,2026-03-14 17:19:13.101843,-71.69696044921875,-67.11225128173828,0.0022243116982281,48.011,-6.014,0.96,0.0,0,0,1,,1.0,2026-03-14T17:19:13.101843,neutral,0.981,2026-03-14T17:19:13.101843,0.9067243875395596,2026-03-14T17:19:13.001000,64,,,
participant_12,2,day,Town10HD_Opt,2026-03-14 17:19:14.230967,-82.97091674804688,-64.18118286132812,0.0021557998843491,49.135,-3.207,0.979,0.0,0,0,1,,1.0,2026-03-14T17:19:14.230967,neutral,0.981,2026-03-14T17:19:13.101843,0.8807342987600855,2026-03-14T17:19:14.124000,63,,,
participant_12,2,day,Town10HD_Opt,2026-03-14 17:19:15.086908,-90.92937469482422,-60.241458892822266,0.0022374724503606,48.436,-4.534,0.975,0.0,0,0,1,,1.0,2026-03-14T17:19:15.086908,neutral,0.981,2026-03-14T17:19:13.101843,0.7681001674586276,2026-03-14T17:19:15.025000,64,,,
participant_12,2,day,Town10HD_Opt,2026-03-14 17:19:16.260325,-99.72068786621094,-52.73151397705078,0.0020535278599709,50.047,-6.417,0.954,0.0,0,0,1,,1.0,2026-03-14T17:19:16.260325,neutral,0.73,2026-03-14T17:19:16.260325,0.8442557128850369,2026-03-14T17:19:16.060000,63,,,
participant_12,2,day,Town10HD_Opt,2026-03-14 17:19:17.148611,-104.41162109375,-45.35624313354492,0.0020930098835378,49.116,-3.886,0.939,0.0,0,0,1,,1.0,2026-03-14T17:19:17.148611,neutral,0.73,2026-03-14T17:19:16.260325,0.7502052232974888,2026-03-14T17:19:16.959000,66,,,
participant_12,2,day,Town10HD_Opt,2026-03-14 17:19:18.313743,-108.58953094482422,-34.480037689208984,0.0018844222649931,51.649,-4.07,0.0,0.148,0,0,1,,1.0,2026-03-14T17:19:18.313743,neutral,0.736,2026-03-14T17:19:18.313743,0.8462735431087859,2026-03-14T17:19:18.042000,64,,,
participant_12,2,day,Town10HD_Opt,2026-03-14 17:19:19.267079,-110.11576080322266,-25.83438491821289,0.0019031906267628,51.468,-3.459,0.0,0.147,0,0,1,,1.0,2026-03-14T17:19:19.267079,neutral,0.736,2026-03-14T17:19:18.313743,0.7324984136452112,2026-03-14T17:19:19.120000,64,,,
participant_12,2,day,Town10HD_Opt,2026-03-14 17:19:20.206655,-110.4317626953125,-17.06549072265625,0.0018895721295848,51.801,-0.141,0.0,0.18,0,0,1,,1.0,2026-03-14T17:19:20.206655,neutral,0.736,2026-03-14T17:19:18.313743,0.8128995433295411,2026-03-14T17:19:19.975000,63,,,
participant_12,2,day,Town10HD_Opt,2026-03-14 17:19:21.127948,-110.49827575683594,-8.296730995178223,0.0019414901034906,50.77,0.761,0.0,0.103,0,0,1,,1.0,2026-03-14T17:19:21.127948,neutral,0.941,2026-03-14T17:19:21.127948,0.7497178195066417,2026-03-14T17:19:20.965000,65,,,
participant_12,2,day,Town10HD_Opt,2026-03-14 17:19:22.356335,-110.80023956298828,2.809173822402954,0.0022198485676199,43.781,-2.118,0.083,0.0,0,0,1,,1.0,2026-03-14T17:19:22.356335,neutral,0.941,2026-03-14T17:19:21.127948,0.685621941889868,2026-03-14T17:19:22,65,,,
participant_12,2,day,Town10HD_Opt,2026-03-14 17:19:23.332995,-110.5102310180664,9.729766845703123,0.0023487852886319,34.426,-5.773,0.0,0.0,0,0,1,,1.0,2026-03-14T17:19:23.332995,neutral,0.996,2026-03-14T17:19:23.332995,0.7603613289137569,2026-03-14T17:19:23.170000,64,,,
participant_12,2,day,Town10HD_Opt,2026-03-14 17:19:24.233854,-109.3998794555664,14.968233108520508,0.002310981741175,26.718,-9.861,0.0,0.0,0,0,1,,1.0,2026-03-14T17:19:24.233854,neutral,0.996,2026-03-14T17:19:23.332995,0.741723756373096,2026-03-14T17:19:23.983000,64,,,
participant_12,2,day,Town10HD_Opt,2026-03-14 17:19:25.116954,-107.67105102539062,18.6297607421875,0.0022671127226203,19.659,-11.318,0.0,0.0,0,0,1,,1.0,2026-03-14T17:19:25.116954,neutral,0.996,2026-03-14T17:19:23.332995,0.7950205386122531,2026-03-14T17:19:25.060000,63,,,
participant_12,2,day,Town10HD_Opt,2026-03-14 17:19:26.132761,-105.79155731201172,21.159103393554688,0.0019943618681281,18.911,-6.35,0.822,0.0,0,0,1,,1.0,2026-03-14T17:19:26.132761,neutral,0.78,2026-03-14T17:19:26.132761,0.7282542521954278,2026-03-14T17:19:26.050000,62,,,
participant_12,2,day,Town10HD_Opt,2026-03-14 17:19:27.104393,-103.20694732666016,23.95134162902832,0.0018148040398955,25.631,-6.509,0.355,0.0,0,0,1,,1.0,2026-03-14T17:19:27.104393,neutral,0.78,2026-03-14T17:19:26.132761,0.812502829508874,2026-03-14T17:19:27.041000,62,,,
participant_12,2,day,Town10HD_Opt,2026-03-14 17:19:28.376998,-98.58800506591795,27.1010971069336,0.002261581365019,20.228,-18.274,0.0,0.048,0,0,1,,1.0,2026-03-14T17:19:28.376998,neutral,0.95,2026-03-14T17:19:28.376998,0.8487195612495456,2026-03-14T17:19:27.986000,63,,,
participant_12,2,day,Town10HD_Opt,2026-03-14 17:19:29.088101,-96.68315887451172,27.67273330688477,0.0023987197782844,8.671,-12.92,0.0,0.12,0,0,1,,1.0,2026-03-14T17:19:29.088101,neutral,0.95,2026-03-14T17:19:28.376998,0.7295855128017388,2026-03-14T17:19:28.975000,66,,,
participant_12,2,day,Town10HD_Opt,2026-03-14 17:19:30.099532,-96.39871978759766,27.73311996459961,0.0020159911364316,0.024,-6.609,0.0,0.0,0,0,1,,1.0,2026-03-14T17:19:30.099532,neutral,0.95,2026-03-14T17:19:28.376998,0.7469624742793649,2026-03-14T17:19:30.055000,67,,,
participant_12,2,day,Town10HD_Opt,2026-03-14 17:19:31.346032,-96.39815521240234,27.73320960998535,0.001918182359077,0.138,-9.842,0.136,0.0,0,0,1,,1.0,2026-03-14T17:19:31.346032,neutral,0.957,2026-03-14T17:19:31.346032,0.8488484945283206,2026-03-14T17:19:31.045000,64,,,
participant_12,2,day,Town10HD_Opt,2026-03-14 17:19:32.321370,-96.33077239990234,27.7409896850586,0.0018422699067741,1.752,-11.827,0.293,0.0,0,0,1,,1.0,2026-03-14T17:19:32.321370,neutral,0.957,2026-03-14T17:19:31.346032,0.7817970793459595,2026-03-14T17:19:31.993000,66,,,
participant_12,2,day,Town10HD_Opt,2026-03-14 17:19:33.293559,-95.8106918334961,27.78276824951172,0.0018621062627062,3.992,-14.692,0.178,0.0,0,0,1,,1.0,2026-03-14T17:19:33.293559,neutral,0.957,2026-03-14T17:19:31.346032,0.7406525303757291,2026-03-14T17:19:33.026000,66,,,
participant_12,2,day,Town10HD_Opt,2026-03-14 17:19:34.225588,-95.0433578491211,27.804298400878903,0.0019198226509615,4.377,-10.571,0.0,0.0,0,0,1,,1.0,2026-03-14T17:19:34.225588,neutral,0.953,2026-03-14T17:19:34.225588,0.7761630592188878,2026-03-14T17:19:33.970000,66,,,
participant_12,2,day,Town10HD_Opt,2026-03-14 17:19:35.173801,-94.361083984375,27.83086585998535,0.00194980611559,3.375,-1.657,0.0,0.0,0,0,1,,1.0,2026-03-14T17:19:35.173801,neutral,0.953,2026-03-14T17:19:34.225588,0.7436279898774473,2026-03-14T17:19:34.960000,66,,,
participant_12,2,day,Town10HD_Opt,2026-03-14 17:19:36.130243,-93.83670806884766,27.8572940826416,0.0019438933813944,2.59,-4.162,0.0,0.0,0,0,1,,1.0,2026-03-14T17:19:36.130243,neutral,0.953,2026-03-14T17:19:34.225588,0.7570534120952317,2026-03-14T17:19:35.995000,64,,,
participant_12,2,day,Town10HD_Opt,2026-03-14 17:19:37.352559,-93.32176208496094,27.873544692993164,0.0019364166073501,1.821,-4.001,0.0,0.0,0,0,1,,1.0,2026-03-14T17:19:37.352559,neutral,1.0,2026-03-14T17:19:37.352559,0.7590921985971818,2026-03-14T17:19:37.075000,66,,,
participant_12,2,day,Town10HD_Opt,2026-03-14 17:19:38.318115,-93.03865814208984,27.88001251220703,0.0019324492895975,1.398,-4.011,0.0,0.0,0,0,1,,1.0,2026-03-14T17:19:38.318115,neutral,1.0,2026-03-14T17:19:37.352559,0.7719034843065068,2026-03-14T17:19:38.156000,67,,,
participant_12,2,day,Town10HD_Opt,2026-03-14 17:19:39.352159,-92.8213882446289,27.883695602416992,0.0019293593941256,1.073,-3.943,0.0,0.0,0,0,1,,1.0,2026-03-14T17:19:39.352159,neutral,1.0,2026-03-14T17:19:37.352559,0.7936625359269324,2026-03-14T17:19:39.011000,67,,,
participant_12,2,day,Town10HD_Opt,2026-03-14 17:19:40.326178,-92.65528869628906,27.8867301940918,0.0019308852497488,0.717,-2.642,0.103,0.0,0,0,1,,1.0,2026-03-14T17:19:40.326178,neutral,0.994,2026-03-14T17:19:40.326178,0.8139877143872745,2026-03-14T17:19:40.092000,68,,,
participant_12,2,day,Town10HD_Opt,2026-03-14 17:19:41.338683,-92.1551742553711,27.89859962463379,0.0015985870268195,8.345,-0.98,0.856,0.0,0,0,1,,1.0,2026-03-14T17:19:41.338683,neutral,0.994,2026-03-14T17:19:40.326178,0.7790531474159739,2026-03-14T17:19:40.990000,67,,,
participant_12,2,day,Town10HD_Opt,2026-03-14 17:19:42.357100,-89.66814422607422,27.95488739013672,0.0018820952391251,18.368,-1.008,0.412,0.0,0,0,1,,1.0,2026-03-14T17:19:42.357100,neutral,0.962,2026-03-14T17:19:42.357100,0.7381850638493077,2026-03-14T17:19:42.120000,66,,,
participant_12,2,day,Town10HD_Opt,2026-03-14 17:19:43.304637,-86.47209930419922,27.97361183166504,0.0018561935285106,17.469,-1.295,0.0,0.0,0,0,1,,1.0,2026-03-14T17:19:43.304637,neutral,0.962,2026-03-14T17:19:42.357100,0.816916535667092,2026-03-14T17:19:43.106000,69,,,
participant_12,2,day,Town10HD_Opt,2026-03-14 17:19:44.236510,-83.737548828125,27.9432315826416,0.0020410155411809,13.488,0.188,0.0,0.0,0,0,1,,1.0,2026-03-14T17:19:44.236510,neutral,0.962,2026-03-14T17:19:42.357100,0.8055956355878177,2026-03-14T17:19:44.275000,67,,,
participant_12,2,day,Town10HD_Opt,2026-03-14 17:19:45.229347,-81.63555908203125,27.93996238708496,0.0020180509891361,10.362,1.034,0.0,0.0,0,0,1,,1.0,2026-03-14T17:19:45.229347,neutral,0.998,2026-03-14T17:19:45.229347,0.7246948633232421,2026-03-14T17:19:45.039000,67,,,
participant_12,2,day,Town10HD_Opt,2026-03-14 17:19:46.188158,-80.02142333984375,27.95696258544922,0.0019953155424445,7.956,1.022,0.0,0.0,0,0,1,,1.0,2026-03-14T17:19:46.188158,neutral,0.998,2026-03-14T17:19:45.229347,0.7682644404726593,2026-03-14T17:19:46.120000,67,,,
participant_12,2,day,Town10HD_Opt,2026-03-14 17:19:47.158013,-78.7822494506836,27.97962188720703,0.0019776534754782,6.108,0.888,0.0,0.0,0,0,1,,1.0,2026-03-14T17:19:47.158013,neutral,0.998,2026-03-14T17:19:45.229347,0.7581807818899056,2026-03-14T17:19:47.200000,68,,,
participant_12,2,day,Town10HD_Opt,2026-03-14 17:19:48.078781,-78.16515350341797,27.99277305603028,0.0021456908434629,0.0,0.893,0.0,0.016,0,0,1,,1.0,2026-03-14T17:19:48.078781,neutral,0.996,2026-03-14T17:19:48.078781,0.7484834910420249,2026-03-14T17:19:48.416000,69,,,
participant_12,2,day,Town10HD_Opt,2026-03-14 17:19:49.314144,-78.16398620605469,27.99280548095703,0.001922111492604,0.004,0.898,0.0,0.0,0,0,1,,1.0,2026-03-14T17:19:49.314144,neutral,0.996,2026-03-14T17:19:48.078781,0.7856201536238097,2026-03-14T17:19:49,69,,,
participant_12,2,day,Town10HD_Opt,2026-03-14 17:19:50.305500,-78.16368103027344,27.992807388305664,0.001919288537465,0.001,0.592,0.0,0.0,0,0,1,,1.0,2026-03-14T17:19:50.305500,neutral,0.998,2026-03-14T17:19:50.305500,0.8501471336360906,2026-03-14T17:19:50.007000,67,,,
participant_12,2,day,Town10HD_Opt,2026-03-14 17:19:51.216009,-78.16364288330078,27.992807388305664,0.0019188689766451,0.006,0.583,0.0,0.0,0,0,1,,1.0,2026-03-14T17:19:51.216009,neutral,0.998,2026-03-14T17:19:50.305500,0.7906312599964126,2026-03-14T17:19:50.981000,66,,,
participant_12,2,day,Town10HD_Opt,2026-03-14 17:19:52.101663,-78.16368103027344,27.992807388305664,0.001918678288348,0.006,0.583,0.0,0.0,0,0,1,,1.0,2026-03-14T17:19:52.101663,neutral,0.998,2026-03-14T17:19:50.305500,0.7577970722929513,2026-03-14T17:19:52.016000,66,,,
participant_12,2,day,Town10HD_Opt,2026-03-14 17:19:53.065890,-78.16358947753906,27.992807388305664,0.0019189834129065,0.002,0.583,0.0,0.0,0,0,1,,1.0,2026-03-14T17:19:53.065890,neutral,0.995,2026-03-14T17:19:53.065890,0.7841353783786351,2026-03-14T17:19:52.961000,65,,,
participant_12,3,day,Town10HD_Opt,2026-03-14 17:30:00.000000,-41.66535186767578,86.27053833007812,0.0019412230467423,19.387,0.233,0.642,0.0,0,0,1,,1.0,2026-03-14T17:30:00,,,2026-03-14T17:30:00,0.6160365726976866,2026-03-14T17:30:00,68,,,
participant_12,3,day,Town10HD_Opt,2026-03-14 17:30:00.384318,-41.65797805786133,85.08771514892578,0.0018870544154196,21.281,1.826,0.63,0.0,0,0,1,,1.0,2026-03-14T17:30:00,,,2026-03-14T17:30:00,0.5569302567099285,2026-03-14T17:30:00,66,,,
participant_12,3,day,Town10HD_Opt,2026-03-14 17:30:01.324275,-41.36641693115234,80.80606079101562,0.0018410872435197,27.993,5.184,0.611,0.0,0,0,1,,1.0,2026-03-14T17:30:01.324275,,,2026-03-14T17:30:00,0.5542054235548224,2026-03-14T17:30:01.035000,67,,,
participant_12,3,day,Town10HD_Opt,2026-03-14 17:30:02.301318,-40.24771499633789,75.60498046875,0.0018962096655741,33.099,17.598,0.561,0.0,0,0,1,,1.0,2026-03-14T17:30:02.301318,neutral,0.927,2026-03-14T17:30:02.301318,0.6012138942103696,2026-03-14T17:30:02.114000,68,,,
participant_12,3,day,Town10HD_Opt,2026-03-14 17:30:03.315474,-36.69182968139648,70.90681457519531,0.0020344161894172,35.209,23.724,0.153,0.0,0,0,1,,1.0,2026-03-14T17:30:03.315474,neutral,0.927,2026-03-14T17:30:02.301318,0.578880555147763,2026-03-14T17:30:03.018000,66,,,
participant_12,3,day,Town10HD_Opt,2026-03-14 17:30:04.284686,-31.47342872619629,69.204833984375,0.0023441696539521,27.652,14.643,0.0,0.0,0,0,1,,1.0,2026-03-14T17:30:04.284686,neutral,0.927,2026-03-14T17:30:02.301318,0.5917387444646336,2026-03-14T17:30:04.045000,66,,,
participant_12,3,day,Town10HD_Opt,2026-03-14 17:30:05.275974,-27.20983123779297,69.48440551757812,0.002263565082103,20.91,-2.998,0.016,0.0,0,0,1,,1.0,2026-03-14T17:30:05.275974,neutral,1.0,2026-03-14T17:30:05.275974,0.5574858586092577,2026-03-14T17:30:04.994000,66,,,
participant_12,3,day,Town10HD_Opt,2026-03-14 17:30:06.311880,-23.904823303222656,69.66526794433594,0.0020949554163962,18.227,-1.201,0.535,0.0,0,0,1,,1.0,2026-03-14T17:30:06.311880,neutral,1.0,2026-03-14T17:30:05.275974,0.631831277507269,2026-03-14T17:30:05.985000,67,,,
participant_12,3,day,Town10HD_Opt,2026-03-14 17:30:07.328789,-20.395248413085938,69.803466796875,0.0018781280377879,22.938,-0.672,0.563,0.0,0,0,1,,1.0,2026-03-14T17:30:07.328789,sad,1.0,2026-03-14T17:30:07.328789,0.6452499197159169,2026-03-14T17:30:07.110000,67,,,
participant_12,3,day,Town10HD_Opt,2026-03-14 17:30:08.317031,-15.99593734741211,69.91316223144531,0.001895370427519,27.626,-1.166,0.525,0.0,0,0,1,,1.0,2026-03-14T17:30:08.317031,sad,1.0,2026-03-14T17:30:07.328789,0.5542699069169282,2026-03-14T17:30:07.965000,65,,,
participant_12,3,day,Town10HD_Opt,2026-03-14 17:30:09.337526,-10.876935005187988,69.9230728149414,0.0019303893204778,31.125,-0.679,0.476,0.0,0,0,1,,1.0,2026-03-14T17:30:09.337526,neutral,0.999,2026-03-14T17:30:09.337526,0.5521114688044142,2026-03-14T17:30:09.134000,65,,,
participant_12,3,day,Town10HD_Opt,2026-03-14 17:30:10.069450,-7.2571234703063965,69.8839340209961,0.0020787429530173,30.254,-0.266,0.224,0.0,0,0,1,,1.0,2026-03-14T17:30:10.069450,neutral,0.999,2026-03-14T17:30:09.337526,0.6504473347459987,2026-03-14T17:30:10.124000,67,,,
participant_12,3,day,Town10HD_Opt,2026-03-14 17:30:11.071322,-2.2257204055786133,69.79931640625,0.0021475600078701,26.99,-0.266,0.211,0.0,0,0,1,,0.83,2026-03-14T17:30:11.071322,neutral,0.999,2026-03-14T17:30:09.337526,0.6381094920913134,2026-03-14T17:30:11.024000,67,,,
participant_12,3,day,Town10HD_Opt,2026-03-14 17:30:12.085005,2.245624542236328,69.69524383544922,0.002142600947991,23.871,-0.16,0.0,0.0,0,0,1,,1.0,2026-03-14T17:30:12.085005,neutral,1.0,2026-03-14T17:30:12.085005,0.5787762306655803,2026-03-14T17:30:11.972000,66,,,
participant_12,3,day,Town10HD_Opt,2026-03-14 17:30:13.318047,7.023569107055664,69.57662963867188,0.0019536209292709,16.974,0.237,0.114,0.0,0,0,1,,1.0,2026-03-14T17:30:13.318047,neutral,1.0,2026-03-14T17:30:12.085005,0.638738255740465,2026-03-14T17:30:13.230000,65,,,
participant_12,3,day,Town10HD_Opt,2026-03-14 17:30:14.242884,10.104168891906738,69.5138931274414,0.0020735550206154,18.866,0.294,0.289,0.0,0,0,1,,1.0,2026-03-14T17:30:14.242884,neutral,0.983,2026-03-14T17:30:14.242884,0.6333250152075657,2026-03-14T17:30:13.948000,65,,,
participant_12,3,day,Town10HD_Opt,2026-03-14 17:30:15.303983,13.393377304077148,69.475341796875,0.0020882415119558,18.055,1.142,0.195,0.0,0,0,1,,1.0,2026-03-14T17:30:15.303983,neutral,0.983,2026-03-14T17:30:14.242884,0.6291403200150659,2026-03-14T17:30:15.007000,65,,,
participant_12,3,day,Town10HD_Opt,2026-03-14 17:30:16.292107,16.436073303222656,69.4974365234375,0.0020005034748464,15.276,0.693,0.0,0.0,0,0,1,,1.0,2026-03-14T17:30:16.292107,neutral,1.0,2026-03-14T17:30:16.292107,0.7125826069630632,2026-03-14T17:30:15.930000,66,,,
participant_12,3,day,Town10HD_Opt,2026-03-14 17:30:17.306689,18.85161399841309,69.5351333618164,0.0020231246016919,12.08,0.371,0.194,0.0,0,0,1,,1.0,2026-03-14T17:30:17.306689,neutral,1.0,2026-03-14T17:30:16.292107,0.7065035060425021,2026-03-14T17:30:17.504000,66,,,
participant_12,3,day,Town10HD_Opt,2026-03-14 17:30:18.274109,20.88062286376953,69.57501983642578,0.0019981383811682,10.333,0.371,0.0,0.0,0,0,1,,1.0,2026-03-14T17:30:18.274109,neutral,1.0,2026-03-14T17:30:16.292107,0.7496411799055344,2026-03-14T17:30:18.179000,66,,,
participant_12,3,day,Town10HD_Opt,2026-03-14 17:30:19.260863,22.475297927856445,69.61241149902344,0.002014274476096,7.534,0.371,0.0,0.059,0,0,1,,1.0,2026-03-14T17:30:19.260863,neutral,1.0,2026-03-14T17:30:19.260863,0.8068313237776056,2026-03-14T17:30:18.946000,66,,,
participant_12,3,day,Town10HD_Opt,2026-03-14 17:30:20.215405,23.56921768188477,69.64112091064453,0.002073211595416,0.0,0.371,0.0,0.053,0,0,1,,1.0,2026-03-14T17:30:20.215405,neutral,1.0,2026-03-14T17:30:19.260863,0.7426797462740936,2026-03-14T17:30:20.114000,67,,,
participant_12,3,day,Town10HD_Opt,2026-03-14 17:30:21.243761,23.58170890808105,69.64147186279297,0.0019443893106654,0.003,0.39,0.449,0.0,0,0,1,,1.0,2026-03-14T17:30:21.243761,neutral,1.0,2026-03-14T17:30:19.260863,0.8662528679800906,2026-03-14T17:30:21.330000,69,,,
participant_12,3,day,Town10HD_Opt,2026-03-14 17:30:22.253246,24.15588760375977,69.65795135498047,0.0015340042300522,9.884,0.435,0.939,0.0,0,0,1,,1.0,2026-03-14T17:30:22.253246,neutral,1.0,2026-03-14T17:30:22.253246,0.8084337840965514,2026-03-14T17:30:22.409000,70,,,
participant_12,3,day,Town10HD_Opt,2026-03-14 17:30:23.264736,26.955411911010746,69.74398803710938,0.0018121337052434,21.674,-1.892,0.83,0.0,0,0,1,,1.0,2026-03-14T17:30:23.264736,neutral,1.0,2026-03-14T17:30:22.253246,0.8383885261661879,2026-03-14T17:30:23.130000,72,,,
participant_12,3,day,Town10HD_Opt,2026-03-14 17:30:24.245459,31.4995231628418,69.52024841308594,0.0017820739885792,30.527,-11.921,0.628,0.0,0,0,1,,1.0,2026-03-14T17:30:24.245459,neutral,1.0,2026-03-14T17:30:22.253246,0.7514139095888992,2026-03-14T17:30:23.985000,71,,,
participant_12,3,day,Town10HD_Opt,2026-03-14 17:30:25.271707,36.88298797607422,67.65276336669922,0.0019435500726103,34.725,-13.083,0.427,0.0,0,0,1,,1.0,2026-03-14T17:30:25.271707,neutral,0.995,2026-03-14T17:30:25.271707,0.8034596938133638,2026-03-14T17:30:25.020000,71,,,
participant_12,3,day,Town10HD_Opt,2026-03-14 17:30:26.258413,41.60848236083984,63.90972137451172,0.0021011352073401,33.946,-11.989,0.323,0.0,0,0,1,,0.836,2026-03-14T17:30:26.258413,neutral,0.995,2026-03-14T17:30:25.271707,0.7043523921945065,2026-03-14T17:30:26.144000,71,,,
participant_12,3,day,Town10HD_Opt,2026-03-14 17:30:27.226846,44.38484191894531,59.246952056884766,0.0023240661248564,27.267,-18.651,0.0,0.0,0,0,1,,1.0,2026-03-14T17:30:27.226846,neutral,0.995,2026-03-14T17:30:25.271707,0.7532207720372462,2026-03-14T17:30:26.954000,71,,,
participant_12,3,day,Town10HD_Opt,2026-03-14 17:30:28.206417,44.93974685668945,55.08843994140625,0.0022761535365134,20.563,-12.277,0.0,0.0,0,0,1,,1.0,2026-03-14T17:30:28.206417,neutral,0.903,2026-03-14T17:30:28.206417,0.7216000368607046,2026-03-14T17:30:27.945000,73,,,
participant_12,3,day,Town10HD_Opt,2026-03-14 17:30:29.196134,44.639408111572266,51.92240905761719,0.0020082474220544,15.839,-3.32,0.0,0.0,0,0,1,,1.0,2026-03-14T17:30:29.196134,neutral,0.903,2026-03-14T17:30:28.206417,0.6612938679296156,2026-03-14T17:30:28.979000,71,,,
participant_12,3,day,Town10HD_Opt,2026-03-14 17:30:30.188052,44.33828353881836,49.47758102416992,0.0019464110955595,12.122,1.318,0.0,0.0,0,0,1,,1.0,2026-03-14T17:30:30.188052,neutral,0.903,2026-03-14T17:30:28.206417,0.6966121220268091,2026-03-14T17:30:29.975000,71,,,
participant_12,3,day,Town10HD_Opt,2026-03-14 17:30:31.146027,44.15442657470703,47.59818649291992,0.0020068739540874,9.263,1.782,0.0,0.003,0,0,1,,1.0,2026-03-14T17:30:31.146027,neutral,1.0,2026-03-14T17:30:31.146027,0.64406531478304,2026-03-14T17:30:30.962000,69,,,
participant_12,3,day,Town10HD_Opt,2026-03-14 17:30:32.091757,44.04210662841797,46.19367599487305,0.0019876861479133,6.605,1.845,0.0,0.041,0,0,1,,1.0,2026-03-14T17:30:32.091757,neutral,1.0,2026-03-14T17:30:31.146027,0.6351661421826083,2026-03-14T17:30:31.949000,68,,,
participant_12,3,day,Town10HD_Opt,2026-03-14 17:30:33.283528,43.95505142211914,44.85466384887695,0.0019642256665974,4.775,1.711,0.0,0.0,0,0,1,,1.0,2026-03-14T17:30:33.283528,neutral,0.999,2026-03-14T17:30:33.283528,0.6706721143115004,2026-03-14T17:30:32.985000,66,,,
participant_12,3,day,Town10HD_Opt,2026-03-14 17:30:34.235547,43.91059875488281,44.11468505859375,0.0019657134544104,3.424,0.907,0.2,0.0,0,0,1,,1.0,2026-03-14T17:30:34.235547,neutral,0.999,2026-03-14T17:30:33.283528,0.6337409332782961,2026-03-14T17:30:34.019000,65,,,
participant_12,3,day,Town10HD_Opt,2026-03-14 17:30:35.180458,43.84703063964844,43.00678253173828,0.0015094756381586,13.203,1.168,0.973,0.0,0,0,1,,1.0,2026-03-14T17:30:35.180458,neutral,0.999,2026-03-14T17:30:33.283528,0.7286913739804128,2026-03-14T17:30:34.965000,65,,,
participant_12,3,day,Town10HD_Opt,2026-03-14 17:30:36.274200,43.7495346069336,39.67432022094727,0.001706504728645,25.368,8.186,0.795,0.0,0,0,1,,1.0,2026-03-14T17:30:36.274200,neutral,1.0,2026-03-14T17:30:36.274200,0.6516642780183516,2026-03-14T17:30:35.955000,65,,,
participant_12,3,day,Town10HD_Opt,2026-03-14 17:30:37.224926,44.67400741577149,34.53936004638672,0.0017687606159597,34.462,15.103,0.661,0.0,0,0,1,,1.0,2026-03-14T17:30:37.224926,neutral,1.0,2026-03-14T17:30:36.274200,0.6535308314873787,2026-03-14T17:30:37.125000,66,,,
participant_12,3,day,Town10HD_Opt,2026-03-14 17:30:38.201190,48.05628204345703,29.36823463439941,0.002171134809032,34.359,16.515,0.0,0.0,0,0,1,,1.0,2026-03-14T17:30:38.201190,neutral,1.0,2026-03-14T17:30:36.274200,0.6734309198034549,2026-03-14T17:30:37.934000,65,,,
participant_12,3,day,Town10HD_Opt,2026-03-14 17:30:39.145409,52.55647277832031,26.70188331604004,0.0023290251847356,25.927,13.804,0.0,0.0,0,0,1,,1.0,2026-03-14T17:30:39.145409,neutral,0.995,2026-03-14T17:30:39.145409,0.6044166446424974,2026-03-14T17:30:39.015000,66,,,
participant_12,3,day,Town10HD_Opt,2026-03-14 17:30:40.124940,56.49067687988281,25.900081634521484,0.0022083281073719,20.696,9.887,0.263,0.0,0,0,1,,1.0,2026-03-14T17:30:40.124940,neutral,0.995,2026-03-14T17:30:39.145409,0.6113932315341816,2026-03-14T17:30:40.004000,65,,,
participant_12,3,day,Town10HD_Opt,2026-03-14 17:30:41.078469,59.89984893798828,25.687084197998047,0.0021400833502411,18.059,0.508,0.112,0.0,0,0,1,,1.0,2026-03-14T17:30:41.078469,neutral,0.995,2026-03-14T17:30:39.145409,0.6083436697282681,2026-03-14T17:30:40.995000,64,,,
participant_12,3,day,Town10HD_Opt,2026-03-14 17:30:42.354191,64.0566177368164,25.53989601135254,0.0019447326194494,16.813,0.289,0.0,0.0,0,0,1,,0.81,2026-03-14T17:30:42.354191,neutral,0.999,2026-03-14T17:30:42.354191,0.6674080414716592,2026-03-14T17:30:41.985000,64,,,
participant_12,3,day,Town10HD_Opt,2026-03-14 17:30:43.300409,66.62977600097656,25.465951919555664,0.0020747375674545,12.308,-1.003,0.0,0.223,0,0,1,,1.0,2026-03-14T17:30:43.300409,neutral,0.999,2026-03-14T17:30:42.354191,0.5802793945104276,2026-03-14T17:30:43.110000,65,,,
participant_12,3,day,Town10HD_Opt,2026-03-14 17:30:44.208710,68.38098907470703,25.39192771911621,0.0020481108222156,7.635,-0.989,0.0,0.143,0,0,1,,1.0,2026-03-14T17:30:44.208710,neutral,0.999,2026-03-14T17:30:42.354191,0.6054302953639603,2026-03-14T17:30:43.967000,63,,,
participant_12,3,day,Town10HD_Opt,2026-03-14 17:30:45.157838,69.39667510986328,25.342697143554688,0.0023704909253865,0.0,-0.642,0.0,0.102,0,0,1,,1.0,2026-03-14T17:30:45.157838,neutral,1.0,2026-03-14T17:30:45.157838,0.593624841405118,2026-03-14T17:30:45.002000,63,,,
participant_12,3,day,Town10HD_Opt,2026-03-14 17:30:46.063167,69.39720916748047,25.342660903930664,0.001938018715009,0.0,-0.392,0.0,0.009,0,0,1,,1.0,2026-03-14T17:30:46.063167,neutral,1.0,2026-03-14T17:30:45.157838,0.4572089728729599,2026-03-14T17:30:46.304000,66,,,
participant_12,3,day,Town10HD_Opt,2026-03-14 17:30:47.076632,69.39728546142578,25.342660903930664,0.0019204712007194,0.0,1.011,0.0,0.0,0,0,1,,1.0,2026-03-14T17:30:47.076632,neutral,1.0,2026-03-14T17:30:45.157838,0.44452675586612,2026-03-14T17:30:47.026000,66,,,
participant_12,3,day,Town10HD_Opt,2026-03-14 17:30:48.257850,69.3970947265625,25.34382057189941,0.0028397368732839,0.023,0.663,0.0,0.0,0,0,1,,1.0,2026-03-14T17:30:48.257850,neutral,0.999,2026-03-14T17:30:48.257850,0.5099712099825031,2026-03-14T17:30:48.061000,67,,,errors=Vehicle collision
participant_12,3,day,Town10HD_Opt,2026-03-14 17:30:49.237798,69.39639282226562,25.34478759765625,0.0057052229531109,0.005,0.653,0.0,0.0,0,0,1,,1.0,2026-03-14T17:30:49.237798,neutral,0.999,2026-03-14T17:30:48.257850,0.4563459363186903,2026-03-14T17:30:49.232000,69,,,
participant_12,3,day,Town10HD_Opt,2026-03-14 17:30:50.168104,69.86164093017578,25.30793190002441,0.0032794189173728,6.848,0.653,0.806,0.0,0,0,1,,0.832,2026-03-14T17:30:50.168104,neutral,0.999,2026-03-14T17:30:48.257850,0.4623595510873527,2026-03-14T17:30:50.130000,70,,,
participant_12,3,day,Town10HD_Opt,2026-03-14 17:30:51.153675,71.74654388427734,25.164213180541992,0.0025133132003247,15.501,0.653,0.979,0.0,0,0,1,,0.838,2026-03-14T17:30:51.153675,neutral,0.999,2026-03-14T17:30:51.153675,0.3989957868580981,2026-03-14T17:30:51.349000,68,,,errors=Vehicle collision
participant_12,3,day,Town10HD_Opt,2026-03-14 17:30:52.137152,75.00212860107422,24.92348289489746,0.0019242477137595,21.831,0.653,0.968,0.0,0,0,1,,0.839,2026-03-14T17:30:52.137152,neutral,0.999,2026-03-14T17:30:51.153675,0.4927282959717655,2026-03-14T17:30:52.471000,70,,,
participant_12,3,day,Town10HD_Opt,2026-03-14 17:30:53.084250,79.49284362792969,24.77812767028809,0.002403526334092,31.286,0.86,0.867,0.0,0,0,1,,1.0,2026-03-14T17:30:53.084250,neutral,0.999,2026-03-14T17:30:51.153675,0.3873703506843887,2026-03-14T17:30:53.505000,68,,,
participant_12,3,day,Town10HD_Opt,2026-03-14 17:30:54.301795,87.08245086669922,25.15501976013184,0.0022357939742505,28.847,-2.97,0.118,0.0,0,0,1,,1.0,2026-03-14T17:30:54.301795,neutral,1.0,2026-03-14T17:30:54.301795,0.388841676479193,2026-03-14T17:30:54.134000,67,,,
participant_12,3,day,Town10HD_Opt,2026-03-14 17:30:55.272863,91.775634765625,24.97013664245605,0.0021313475444912,25.499,-11.0,0.296,0.0,0,0,1,,1.0,2026-03-14T17:30:55.272863,neutral,1.0,2026-03-14T17:30:54.301795,0.362972741221657,2026-03-14T17:30:54.945000,67,,,
participant_12,3,day,Town10HD_Opt,2026-03-14 17:30:56.209335,95.89057159423828,23.66517448425293,0.0021012115757912,24.328,-16.99,0.356,0.0,0,0,1,,1.0,2026-03-14T17:30:56.209335,neutral,1.0,2026-03-14T17:30:54.301795,0.3517612000862947,2026-03-14T17:30:56.025000,66,,,
participant_12,3,day,Town10HD_Opt,2026-03-14 17:30:57.157569,99.30176544189452,21.14289093017578,0.0020570755004882,24.395,-10.562,0.35,0.0,0,0,1,,1.0,2026-03-14T17:30:57.157569,neutral,1.0,2026-03-14T17:30:57.157569,0.3145962271246542,2026-03-14T17:30:56.971000,68,,,
participant_12,3,day,Town10HD_Opt,2026-03-14 17:30:58.347450,102.86038208007812,16.732927322387695,0.0046013640239834,24.342,-8.582,0.339,0.0,0,0,1,,1.0,2026-03-14T17:30:58.347450,neutral,1.0,2026-03-14T17:30:57.157569,0.24572549345735,2026-03-14T17:30:57.960000,63,,,
participant_12,3,day,Town10HD_Opt,2026-03-14 17:30:59.289115,104.6259765625,12.89680004119873,0.0019021987682208,25.033,-12.604,0.821,0.0,0,0,1,,1.0,2026-03-14T17:30:59.289115,neutral,1.0,2026-03-14T17:30:59.289115,0.3311189558341572,2026-03-14T17:30:59.175000,63,,,
participant_12,3,day,Town10HD_Opt,2026-03-14 17:31:00.297836,105.67321014404295,7.714914321899414,0.0015982437180355,37.89,-3.714,1.0,0.0,0,0,1,,1.0,2026-03-14T17:31:00.297836,neutral,1.0,2026-03-14T17:30:59.289115,0.3328249145890219,2026-03-14T17:31:00.030000,64,,,
participant_12,3,day,Town10HD_Opt,2026-03-14 17:31:01.275347,106.33106231689452,-0.0457124710083007,0.0015618514735251,52.606,-1.92,0.0,0.229,0,0,1,,1.0,2026-03-14T17:31:01.275347,neutral,1.0,2026-03-14T17:30:59.289115,0.2820658805639948,2026-03-14T17:31:00.930000,66,,,
participant_12,3,day,Town10HD_Opt,2026-03-14 17:31:02.269703,106.4570770263672,-8.872549057006836,0.0019998550415039,50.751,0.282,0.0,0.0,0,0,1,,1.0,2026-03-14T17:31:02.269703,neutral,1.0,2026-03-14T17:31:02.269703,0.3010464365155235,2026-03-14T17:31:01.965000,65,,,
participant_12,3,day,Town10HD_Opt,2026-03-14 17:31:03.254132,106.50524139404295,-17.644548416137695,0.0020127487368881,50.491,-1.528,0.83,0.0,0,0,1,,0.829,2026-03-14T17:31:03.254132,neutral,1.0,2026-03-14T17:31:02.269703,0.2330707672873316,2026-03-14T17:31:03.180000,66,,,
participant_12,3,day,Town10HD_Opt,2026-03-14 17:31:04.134200,106.2239227294922,-26.39268684387207,0.002062072744593,49.727,-2.076,0.809,0.0,0,0,1,,1.0,2026-03-14T17:31:04.134200,neutral,1.0,2026-03-14T17:31:02.269703,0.3185851338204085,2026-03-14T17:31:03.946000,67,,,
participant_12,3,day,Town10HD_Opt,2026-03-14 17:31:05.338449,104.35431671142578,-37.8341064453125,0.0019577406346797,50.687,-7.663,0.788,0.0,0,0,1,,1.0,2026-03-14T17:31:05.338449,neutral,1.0,2026-03-14T17:31:05.338449,0.3427997146697918,2026-03-14T17:31:05.115000,65,,,
participant_12,3,day,Town10HD_Opt,2026-03-14 17:31:06.285104,100.61185455322266,-45.66951370239258,0.0020368576515465,49.433,-4.374,0.897,0.0,0,0,1,,1.0,2026-03-14T17:31:06.285104,neutral,1.0,2026-03-14T17:31:05.338449,0.3018593380876972,2026-03-14T17:31:05.970000,67,,,
participant_12,3,day,Town10HD_Opt,2026-03-14 17:31:07.191018,95.3285903930664,-52.62657165527344,0.0020172882359474,50.152,-6.417,1.0,0.0,0,0,1,,0.836,2026-03-14T17:31:07.191018,neutral,1.0,2026-03-14T17:31:05.338449,0.2646727232166887,2026-03-14T17:31:06.960000,66,,,
participant_12,3,day,Town10HD_Opt,2026-03-14 17:31:08.122193,88.5662612915039,-58.18300247192383,0.0020494079217314,50.202,-6.028,0.924,0.0,0,0,1,,1.0,2026-03-14T17:31:08.122193,neutral,0.998,2026-03-14T17:31:08.122193,0.2296880802782668,2026-03-14T17:31:08.041000,66,,,
participant_12,3,day,Town10HD_Opt,2026-03-14 17:31:09.338025,77.790283203125,-62.66482162475586,0.0018459319835528,52.132,-4.32,0.0,0.213,0,0,1,,1.0,2026-03-14T17:31:09.338025,neutral,0.998,2026-03-14T17:31:08.122193,0.2651739146907826,2026-03-14T17:31:09.120000,65,,,
participant_12,3,day,Town10HD_Opt,2026-03-14 17:31:10.344786,69.11882781982422,-64.16545104980469,0.0018824386643245,52.138,-2.292,0.0,0.214,0,0,1,,1.0,2026-03-14T17:31:10.344786,neutral,1.0,2026-03-14T17:31:10.344786,0.2333634825981488,2026-03-14T17:31:09.930000,65,,,
participant_12,3,day,Town10HD_Opt,2026-03-14 17:31:11.294267,60.37164306640625,-64.75334167480469,0.0019330214709043,51.371,-0.933,0.0,0.137,0,0,1,,1.0,2026-03-14T17:31:11.294267,neutral,1.0,2026-03-14T17:31:10.344786,0.3725321557963759,2026-03-14T17:31:10.966000,66,,,
participant_12,3,day,Town10HD_Opt,2026-03-14 17:31:12.261201,51.66474151611328,-64.90290069580078,0.001975402701646,50.178,-0.884,0.687,0.0,0,0,1,,1.0,2026-03-14T17:31:12.261201,neutral,1.0,2026-03-14T17:31:10.344786,0.294887935266902,2026-03-14T17:31:12.135000,65,,,
participant_12,3,day,Town10HD_Opt,2026-03-14 17:31:13.201449,43.0008544921875,-64.8013916015625,0.0021135329734534,48.118,0.721,0.481,0.0,0,0,1,,1.0,2026-03-14T17:31:13.201449,neutral,1.0,2026-03-14T17:31:13.201449,0.314216102535009,2026-03-14T17:31:13.035000,65,,,
participant_12,3,day,Town10HD_Opt,2026-03-14 17:31:14.185667,34.66073226928711,-64.77985382080078,0.0020869825966656,46.998,-0.458,0.428,0.0,0,0,1,,1.0,2026-03-14T17:31:14.185667,neutral,1.0,2026-03-14T17:31:13.201449,0.2031326863475197,2026-03-14T17:31:13.936000,66,,,
participant_12,3,day,Town10HD_Opt,2026-03-14 17:31:15.098901,26.562049865722656,-64.67530059814453,0.0020995712839066,45.28,0.045,0.314,0.0,0,0,1,,1.0,2026-03-14T17:31:15.098901,neutral,1.0,2026-03-14T17:31:13.201449,0.2725948862877457,2026-03-14T17:31:15.015000,68,,,
participant_12,3,day,Town10HD_Opt,2026-03-14 17:31:16.096073,19.2591495513916,-64.56745147705078,0.0023461531382054,36.518,0.247,0.0,0.0,0,0,1,,1.0,2026-03-14T17:31:16.096073,neutral,1.0,2026-03-14T17:31:16.096073,0.2193908031122933,2026-03-14T17:31:16.095000,65,,,
participant_12,3,day,Town10HD_Opt,2026-03-14 17:31:17.069098,13.548672676086426,-64.51602172851562,0.0023064422421157,28.214,0.315,0.0,0.0,0,0,1,,1.0,2026-03-14T17:31:17.069098,neutral,1.0,2026-03-14T17:31:16.096073,0.2873925412548549,2026-03-14T17:31:16.951000,64,,,
participant_12,3,day,Town10HD_Opt,2026-03-14 17:31:18.290106,7.965943336486816,-64.51158905029297,0.0022481156047433,19.361,-0.146,0.0,0.0,0,0,1,,1.0,2026-03-14T17:31:18.290106,neutral,1.0,2026-03-14T17:31:18.290106,0.248483018092275,2026-03-14T17:31:17.941000,65,,,
participant_12,3,day,Town10HD_Opt,2026-03-14 17:31:19.301438,4.781659126281738,-64.50822448730469,0.0020862577948719,18.731,0.092,0.838,0.0,0,0,1,,1.0,2026-03-14T17:31:19.301438,neutral,1.0,2026-03-14T17:31:18.290106,0.0970097221137703,2026-03-14T17:31:19.066000,65,,,
participant_12,3,day,Town10HD_Opt,2026-03-14 17:31:20.258797,0.6344618797302246,-64.52033233642578,0.0016552733723074,30.319,0.289,0.813,0.0,0,0,1,,1.0,2026-03-14T17:31:20.258797,neutral,1.0,2026-03-14T17:31:18.290106,0.2146412764462264,2026-03-14T17:31:20.055000,66,Vehicle collision,Vehicle collision,
participant_12,3,day,Town10HD_Opt,2026-03-14 17:31:21.220243,-5.016425609588623,-64.56925201416016,0.0021589659154415,30.294,0.176,0.0,0.0,0,0,1,,1.0,2026-03-14T17:31:21.220243,neutral,1.0,2026-03-14T17:31:21.220243,0.2134923690790919,2026-03-14T17:31:21.136000,61,,,
participant_12,3,day,Town10HD_Opt,2026-03-14 17:31:22.170905,-9.74074649810791,-64.6325912475586,0.002268829382956,23.128,0.176,0.0,0.0,0,0,1,,1.0,2026-03-14T17:31:22.170905,neutral,1.0,2026-03-14T17:31:21.220243,0.1398437948373339,2026-03-14T17:31:21.991000,64,,,
participant_12,3,day,Town10HD_Opt,2026-03-14 17:31:23.093742,-13.305557250976562,-64.69456481933594,0.0020475005730986,17.508,0.176,0.0,0.0,0,0,1,,1.0,2026-03-14T17:31:23.093742,neutral,1.0,2026-03-14T17:31:21.220243,0.1551323086431445,2026-03-14T17:31:23.070000,64,,,
participant_12,3,day,Town10HD_Opt,2026-03-14 17:31:24.306691,-16.810161590576172,-64.76803588867188,0.002036819467321,12.378,0.176,0.0,0.0,0,0,1,,1.0,2026-03-14T17:31:24.306691,neutral,1.0,2026-03-14T17:31:24.306691,0.1605769634216806,2026-03-14T17:31:24.016000,62,,,
participant_12,3,day,Town10HD_Opt,2026-03-14 17:31:25.232973,-18.73851776123047,-64.81364440917969,0.0020099638495594,9.508,0.176,0.0,0.0,0,0,1,,1.0,2026-03-14T17:31:25.232973,neutral,1.0,2026-03-14T17:31:24.306691,0.1666325758313755,2026-03-14T17:31:25.051000,63,,,
participant_12,3,day,Town10HD_Opt,2026-03-14 17:31:26.171288,-20.219215393066406,-64.8511734008789,0.001989021198824,7.194,0.176,0.0,0.0,0,0,1,,1.0,2026-03-14T17:31:26.171288,neutral,1.0,2026-03-14T17:31:24.306691,0.1970704204366369,2026-03-14T17:31:26.086000,64,,,
participant_12,3,day,Town10HD_Opt,2026-03-14 17:31:27.102806,-21.35599899291992,-64.88150787353516,0.0019728087354451,5.605,0.176,0.0,0.0,0,0,1,,1.0,2026-03-14T17:31:27.102806,neutral,0.998,2026-03-14T17:31:27.102806,0.2566369859955841,2026-03-14T17:31:27.031000,63,,,
participant_12,3,day,Town10HD_Opt,2026-03-14 17:31:28.245569,-22.471967697143555,-64.91258239746094,0.0019567869603633,3.826,0.176,0.0,0.0,0,0,1,,1.0,2026-03-14T17:31:28.245569,neutral,0.998,2026-03-14T17:31:27.102806,0.271312097898068,2026-03-14T17:31:27.930000,61,,,
participant_12,3,day,Town10HD_Opt,2026-03-14 17:31:29.195010,-23.08542251586914,-64.9301986694336,0.0019480895716696,3.025,0.176,0.0,0.0,0,0,1,,1.0,2026-03-14T17:31:29.195010,neutral,1.0,2026-03-14T17:31:29.195010,0.3308102527979116,2026-03-14T17:31:29.055000,63,,,
participant_12,3,day,Town10HD_Opt,2026-03-14 17:31:30.120625,-23.556360244750977,-64.94398498535156,0.0019413756672292,2.322,0.176,0.0,0.0,0,0,1,,1.0,2026-03-14T17:31:30.120625,neutral,1.0,2026-03-14T17:31:29.195010,0.3766691678819877,2026-03-14T17:31:30.360000,61,,,
participant_12,3,day,Town10HD_Opt,2026-03-14 17:31:31.280784,-24.23341941833496,-64.96398162841797,0.0016004561912268,8.386,0.176,0.952,0.0,0,0,1,,1.0,2026-03-14T17:31:31.280784,neutral,1.0,2026-03-14T17:31:31.280784,0.374586312536403,2026-03-14T17:31:30.947000,61,,,
participant_12,3,day,Town10HD_Opt,2026-03-14 17:31:32.192457,-26.89924049377441,-65.05355834960938,0.0017271422548219,22.45,0.493,1.0,0.0,0,0,1,,1.0,2026-03-14T17:31:32.192457,neutral,1.0,2026-03-14T17:31:31.280784,0.3932345230483338,2026-03-14T17:31:32.116000,62,,,
participant_12,3,day,Town10HD_Opt,2026-03-14 17:31:33.124834,-32.13074493408203,-65.26644134521484,0.0015123748453333,38.814,0.007,1.0,0.0,0,0,1,,1.0,2026-03-14T17:31:33.124834,neutral,1.0,2026-03-14T17:31:31.280784,0.3380076014728462,2026-03-14T17:31:33.016000,63,,,
participant_12,3,day,Town10HD_Opt,2026-03-14 17:31:34.341260,-43.13551330566406,-65.7388687133789,0.00195690151304,50.653,0.019,0.0,0.124,0,0,1,,1.0,2026-03-14T17:31:34.341260,neutral,0.978,2026-03-14T17:31:34.341260,0.4343808417385156,2026-03-14T17:31:33.961000,64,,,
participant_12,3,day,Town10HD_Opt,2026-03-14 17:31:35.273321,-51.75332260131836,-66.11803436279297,0.0018354033818468,51.77,0.038,0.0,0.177,0,0,1,,1.0,2026-03-14T17:31:35.273321,neutral,0.978,2026-03-14T17:31:34.341260,0.4476122122249724,2026-03-14T17:31:35.029000,61,,,
participant_12,3,day,Town10HD_Opt,2026-03-14 17:31:36.180368,-60.49123001098633,-66.50434875488281,0.0018816374940797,51.775,-0.665,0.0,0.163,0,0,1,,1.0,2026-03-14T17:31:36.180368,neutral,0.978,2026-03-14T17:31:34.341260,0.5516194256783001,2026-03-14T17:31:36.030000,62,,,
participant_12,3,day,Town10HD_Opt,2026-03-14 17:31:37.082441,-69.20122528076172,-66.67586517333984,0.0019321822328493,51.243,-2.791,0.0,0.124,0,0,1,,1.0,2026-03-14T17:31:37.082441,neutral,1.0,2026-03-14T17:31:37.082441,0.4907534243326443,2026-03-14T17:31:37.291000,63,,,
participant_12,3,day,Town10HD_Opt,2026-03-14 17:31:38.340750,-80.83402252197266,-65.24861907958984,0.001958503620699,50.756,-7.047,0.0,0.0,0,0,1,,1.0,2026-03-14T17:31:38.340750,neutral,1.0,2026-03-14T17:31:37.082441,0.4404077232726761,2026-03-14T17:31:38.011000,63,,,
participant_12,3,day,Town10HD_Opt,2026-03-14 17:31:39.314119,-88.8005142211914,-61.76890182495117,0.0019271849887445,50.932,-6.128,0.0,0.0,0,0,1,,1.0,2026-03-14T17:31:39.314119,neutral,0.999,2026-03-14T17:31:39.314119,0.5294227880642284,2026-03-14T17:31:38.958000,64,,,
participant_12,3,day,Town10HD_Opt,2026-03-14 17:31:40.220103,-95.6519546508789,-56.438133239746094,0.0018954466795548,51.276,-4.534,0.0,0.128,0,0,1,,1.0,2026-03-14T17:31:40.220103,neutral,0.999,2026-03-14T17:31:39.314119,0.5223001075084969,2026-03-14T17:31:40.126000,66,,,
participant_12,3,day,Town10HD_Opt,2026-03-14 17:31:41.202128,-101.38191223144533,-49.83357238769531,0.0018424605950713,52.31,-4.44,0.0,0.235,0,0,1,,1.0,2026-03-14T17:31:41.202128,neutral,0.999,2026-03-14T17:31:39.314119,0.4689942228933687,2026-03-14T17:31:40.984000,62,,,
participant_12,3,day,Town10HD_Opt,2026-03-14 17:31:42.190305,-105.7894515991211,-42.29572677612305,0.0019019698956981,51.782,-4.627,0.0,0.131,0,0,1,,1.0,2026-03-14T17:31:42.190305,neutral,0.999,2026-03-14T17:31:42.190305,0.4696857579076384,2026-03-14T17:31:41.970000,66,,,
participant_12,3,day,Town10HD_Opt,2026-03-14 17:31:43.137334,-108.73416137695312,-34.06269836425781,0.002005310030654,50.32,-3.877,0.719,0.0,0,0,1,,1.0,2026-03-14T17:31:43.137334,neutral,0.999,2026-03-14T17:31:42.190305,0.4674721623960781,2026-03-14T17:31:42.961000,65,,,
participant_12,3,day,Town10HD_Opt,2026-03-14 17:31:44.090138,-110.23794555664062,-25.59561920166016,0.0022782515734434,45.634,-3.745,0.0,0.0,0,0,1,,1.0,2026-03-14T17:31:44.090138,neutral,0.999,2026-03-14T17:31:42.190305,0.433530609356468,2026-03-14T17:31:44.175000,65,,,
participant_12,3,day,Town10HD_Opt,2026-03-14 17:31:45.349477,-110.51278686523438,-16.681575775146484,0.002395172137767,30.451,1.375,0.0,0.349,0,0,1,,1.0,2026-03-14T17:31:45.349477,neutral,0.997,2026-03-14T17:31:45.349477,0.5667098811693325,2026-03-14T17:31:45.121000,65,,,
participant_12,3,day,Town10HD_Opt,2026-03-14 17:31:46.313045,-110.61014556884766,-12.11060905456543,0.0023356245364993,21.227,-1.093,0.0,0.315,0,0,1,,1.0,2026-03-14T17:31:46.313045,neutral,0.997,2026-03-14T17:31:45.349477,0.5131205377722181,2026-03-14T17:31:46.065000,68,,,
participant_12,3,day,Town10HD_Opt,2026-03-14 17:31:47.272889,-110.64607238769533,-8.946698188781738,0.0020365142263472,15.411,-1.523,0.068,0.0,0,0,1,,1.0,2026-03-14T17:31:47.272889,neutral,0.997,2026-03-14T17:31:45.349477,0.5068980411030347,2026-03-14T17:31:46.962000,65,,,
participant_12,3,day,Town10HD_Opt,2026-03-14 17:31:48.205828,-110.6310806274414,-5.931390762329102,0.001851386972703,22.377,0.625,1.0,0.0,0,0,1,,1.0,2026-03-14T17:31:48.205828,neutral,1.0,2026-03-14T17:31:48.205828,0.5653485029735293,2026-03-14T17:31:48.135000,67,,,
participant_12,3,day,Town10HD_Opt,2026-03-14 17:31:49.218001,-110.67585754394533,-0.7109928131103516,0.0015340042300522,39.152,0.308,0.937,0.0,0,0,1,,1.0,2026-03-14T17:31:49.218001,neutral,1.0,2026-03-14T17:31:48.205828,0.4960600687113063,2026-03-14T17:31:48.947000,65,,,
participant_12,3,day,Town10HD_Opt,2026-03-14 17:31:50.186118,-110.74854278564452,7.001806259155273,0.0016696548555046,49.623,-3.938,0.69,0.0,0,0,1,,1.0,2026-03-14T17:31:50.186118,neutral,1.0,2026-03-14T17:31:48.205828,0.4630175544668002,2026-03-14T17:31:49.981000,66,,,
participant_12,3,day,Town10HD_Opt,2026-03-14 17:31:51.167661,-109.22698211669922,15.373476028442385,0.002376785269007,43.319,-16.955,0.0,0.0,0,0,1,,1.0,2026-03-14T17:31:51.167661,neutral,0.999,2026-03-14T17:31:51.167661,0.549101794014206,2026-03-14T17:31:51.015000,67,,,
participant_12,3,day,Town10HD_Opt,2026-03-14 17:31:52.254730,-104.9605712890625,20.39014434814453,0.0024018478579819,32.549,-11.646,0.0,0.0,0,0,1,,1.0,2026-03-14T17:31:52.254730,neutral,0.999,2026-03-14T17:31:51.167661,0.5060720955508544,2026-03-14T17:31:51.961000,66,,,
participant_12,3,day,Town10HD_Opt,2026-03-14 17:31:53.324054,-100.14307403564452,22.87206649780273,0.0018829726614058,34.373,-9.938,0.969,0.0,0,0,1,,1.0,2026-03-14T17:31:53.324054,neutral,0.997,2026-03-14T17:31:53.324054,0.4900766291616559,2026-03-14T17:31:53.040000,67,,,
participant_12,3,day,Town10HD_Opt,2026-03-14 17:31:54.087729,-95.83175659179688,23.96560287475586,0.0016860198229551,41.981,-4.735,0.391,0.0,0,0,1,,1.0,2026-03-14T17:31:54.087729,neutral,0.997,2026-03-14T17:31:53.324054,0.4941292139972042,2026-03-14T17:31:53.988000,66,,,
participant_12,3,day,Town10HD_Opt,2026-03-14 17:31:55.121593,-88.337890625,24.97592544555664,0.0017764281947165,47.519,-0.9,1.0,0.0,0,0,1,,1.0,2026-03-14T17:31:55.121593,neutral,0.997,2026-03-14T17:31:53.324054,0.4843492331278862,2026-03-14T17:31:54.976000,66,,,
participant_12,3,day,Town10HD_Opt,2026-03-14 17:31:56.158167,-79.59014892578125,25.77286720275879,0.0021966171916574,48.358,-0.475,0.966,0.0,0,0,1,,1.0,2026-03-14T17:31:56.158167,neutral,0.997,2026-03-14T17:31:56.158167,0.5022686293542055,2026-03-14T17:31:56.371000,66,,,
participant_12,3,day,Town10HD_Opt,2026-03-14 17:31:57.117913,-70.83345794677734,26.37302589416504,0.0021925354376435,48.696,-0.505,1.0,0.0,0,0,1,,1.0,2026-03-14T17:31:57.117913,neutral,0.997,2026-03-14T17:31:56.158167,0.4559183469310335,2026-03-14T17:31:56.371000,68,,,
participant_12,3,day,Town10HD_Opt,2026-03-14 17:31:58.067860,-62.0010871887207,26.79226493835449,0.0021579742897301,49.104,-0.498,0.973,0.0,0,0,1,,1.0,2026-03-14T17:31:58.067860,neutral,0.997,2026-03-14T17:31:56.158167,0.4745027340204764,2026-03-14T17:31:56.371000,67,,,
participant_12,3,day,Town10HD_Opt,2026-03-14 17:31:59.336552,-50.368309020996094,27.058263778686523,0.0021708679851144,48.927,-0.498,0.911,0.0,0,0,1,,1.0,2026-03-14T17:31:59.336552,neutral,0.992,2026-03-14T17:31:59.336552,0.5661857674379238,2026-03-14T17:31:56.371000,67,,,
participant_12,3,day,Town10HD_Opt,2026-03-14 17:32:00.332491,-41.59101486206055,27.04767608642578,0.0021500778384506,49.237,-0.026,0.891,0.0,0,0,1,,1.0,2026-03-14T17:32:00.332491,neutral,0.992,2026-03-14T17:31:59.336552,0.4944577390636719,2026-03-14T17:31:56.371000,67,,,
participant_12,3,day,Town10HD_Opt,2026-03-14 17:32:01.283064,-32.7906379699707,26.960336685180664,0.0021534727420657,49.369,0.073,1.0,0.0,0,0,1,,1.0,2026-03-14T17:32:01.283064,neutral,0.992,2026-03-14T17:31:59.336552,0.4965938524061153,2026-03-14T17:31:56.371000,68,,,
participant_12,3,day,Town10HD_Opt,2026-03-14 17:32:02.244396,-23.973886489868164,26.892337799072266,0.0022198485676199,48.334,0.073,0.953,0.0,0,0,1,,1.0,2026-03-14T17:32:02.244396,neutral,1.0,2026-03-14T17:32:02.244396,0.428789210488935,2026-03-14T17:31:56.371000,67,,,
participant_12,3,day,Town10HD_Opt,2026-03-14 17:32:03.203410,-15.216958999633787,26.84381484985352,0.0022018051240593,48.34,-0.089,0.911,0.0,0,0,1,,1.0,2026-03-14T17:32:03.203410,neutral,1.0,2026-03-14T17:32:02.244396,0.4643571151475642,2026-03-14T17:31:56.371000,66,Stop sign violation,stop_sign_id=1120,
participant_12,3,day,Town10HD_Opt,2026-03-14 17:32:04.123327,-6.478229999542236,26.771041870117188,0.0021740722004324,48.716,-0.115,0.873,0.0,0,0,1,,1.0,2026-03-14T17:32:04.123327,neutral,1.0,2026-03-14T17:32:02.244396,0.5120434564778172,2026-03-14T17:31:56.371000,67,,,
participant_12,3,day,Town10HD_Opt,2026-03-14 17:32:05.339561,5.065928936004639,26.61075782775879,0.0021589279640465,47.146,-0.136,0.0,0.0,0,0,1,,1.0,2026-03-14T17:32:05.339561,neutral,0.998,2026-03-14T17:32:05.339561,0.5190956036451005,2026-03-14T17:31:56.371000,67,,,
participant_12,3,day,Town10HD_Opt,2026-03-14 17:32:06.259448,12.528103828430176,26.471662521362305,0.0023664855398237,37.075,0.416,0.0,0.016,0,0,1,,1.0,2026-03-14T17:32:06.259448,neutral,0.998,2026-03-14T17:32:05.339561,0.4832136391207992,2026-03-14T17:31:56.371000,66,,,
participant_12,3,day,Town10HD_Opt,2026-03-14 17:32:07.181523,18.32229423522949,26.4326171875,0.0023109053727239,28.631,1.434,0.0,0.0,0,0,1,,1.0,2026-03-14T17:32:07.181523,neutral,0.998,2026-03-14T17:32:05.339561,0.5275809843415948,2026-03-14T17:31:56.371000,68,,,
participant_12,3,day,Town10HD_Opt,2026-03-14 17:32:08.123847,22.76409339904785,26.56814384460449,0.0022640989627689,21.708,2.73,0.0,0.0,0,0,1,,1.0,2026-03-14T17:32:08.123847,neutral,1.0,2026-03-14T17:32:08.123847,0.5145766514201967,2026-03-14T17:31:56.371000,68,,,
participant_12,3,day,Town10HD_Opt,2026-03-14 17:32:09.178155,26.09993553161621,26.867387771606445,0.0019668578170239,16.59,3.947,0.007,0.0,0,0,1,,1.0,2026-03-14T17:32:09.178155,neutral,1.0,2026-03-14T17:32:08.123847,0.5112174937203614,2026-03-14T17:31:56.371000,68,,,
participant_12,3,day,Town10HD_Opt,2026-03-14 17:32:10.147824,28.664072036743164,27.29550170898437,0.002033157274127,12.97,5.86,0.019,0.0,0,0,1,,1.0,2026-03-14T17:32:10.147824,neutral,0.98,2026-03-14T17:32:10.147824,0.4767839110262671,2026-03-14T17:31:56.371000,67,,,
participant_12,3,day,Town10HD_Opt,2026-03-14 17:32:11.125409,30.643707275390625,27.79496955871582,0.0019955444149672,10.297,6.201,0.04,0.0,0,0,1,,1.0,2026-03-14T17:32:11.125409,neutral,0.98,2026-03-14T17:32:10.147824,0.5255146128312694,2026-03-14T17:31:56.371000,67,,,
participant_12,3,day,Town10HD_Opt,2026-03-14 17:32:12.354044,33.026329040527344,28.61351585388184,0.0017991255735978,13.091,8.904,0.318,0.0,0,0,1,,1.0,2026-03-14T17:32:12.354044,neutral,0.999,2026-03-14T17:32:12.354044,0.5420082485077838,2026-03-14T17:31:56.371000,67,,,
participant_12,3,day,Town10HD_Opt,2026-03-14 17:32:13.136344,34.5289421081543,29.355932235717773,0.0017319869948551,17.186,15.62,0.829,0.0,0,0,1,,1.0,2026-03-14T17:32:13.136344,neutral,0.999,2026-03-14T17:32:12.354044,0.5444518015469284,2026-03-14T17:31:56.371000,68,,,
participant_12,3,day,Town10HD_Opt,2026-03-14 17:32:14.115299,37.361141204833984,31.78276824951172,0.0017670821398496,26.946,21.603,0.783,0.0,0,0,1,,1.0,2026-03-14T17:32:14.115299,neutral,0.999,2026-03-14T17:32:12.354044,0.5133097706185558,2026-03-14T17:31:56.371000,67,,,
participant_12,3,day,Town10HD_Opt,2026-03-14 17:32:15.132631,39.59666442871094,36.595340728759766,0.0018663787050172,34.332,15.009,0.514,0.0,0,0,1,,1.0,2026-03-14T17:32:15.132631,neutral,0.998,2026-03-14T17:32:15.132631,0.4974848266782993,2026-03-14T17:31:56.371000,68,,,
participant_12,3,day,Town10HD_Opt,2026-03-14 17:32:16.169671,40.11050796508789,42.49152374267578,0.0022175216581672,31.006,1.055,0.0,0.0,0,0,1,,1.0,2026-03-14T17:32:16.169671,neutral,0.998,2026-03-14T17:32:15.132631,0.5354642853096302,2026-03-14T17:31:56.371000,68,,,
participant_12,3,day,Town10HD_Opt,2026-03-14 17:32:17.135217,40.25371170043945,47.24370956420898,0.0023274230770766,22.35,0.139,0.0,0.333,0,0,1,,1.0,2026-03-14T17:32:17.135217,neutral,0.998,2026-03-14T17:32:17.135217,0.4847016898130155,2026-03-14T17:31:56.371000,67,,,
participant_12,3,day,Town10HD_Opt,2026-03-14 17:32:18.336642,40.357513427734375,51.37265396118164,0.0020992278587073,13.112,1.137,0.0,0.301,0,0,1,,1.0,2026-03-14T17:32:18.336642,neutral,0.998,2026-03-14T17:32:17.135217,0.4890061613004191,2026-03-14T17:31:56.371000,66,,,
participant_12,3,day,Town10HD_Opt,2026-03-14 17:32:19.304921,40.36910629272461,53.25727844238281,0.0020442199893295,8.706,0.757,0.0,0.0,0,0,1,,1.0,2026-03-14T17:32:19.304921,neutral,0.999,2026-03-14T17:32:19.304921,0.4694207789510569,2026-03-14T17:31:56.371000,67,,,
participant_12,3,day,Town10HD_Opt,2026-03-14 17:32:20.257557,40.38556671142578,55.03256607055664,0.001574287423864,15.93,-2.6,0.985,0.0,0,0,1,,1.0,2026-03-14T17:32:20.257557,neutral,0.999,2026-03-14T17:32:19.304921,0.5003114856973929,2026-03-14T17:31:56.371000,68,,,
participant_12,3,day,Town10HD_Opt,2026-03-14 17:32:21.159849,40.66976547241211,58.83203125,0.0016096878098323,29.2,-8.105,0.902,0.0,0,0,1,,1.0,2026-03-14T17:32:21.159849,neutral,0.999,2026-03-14T17:32:19.304921,0.4654145798346941,2026-03-14T17:31:56.371000,68,,,
participant_12,3,day,Town10HD_Opt,2026-03-14 17:32:22.360494,44.0521240234375,66.48189544677734,0.0017734909197315,43.323,-19.467,0.84,0.0,0,0,1,,1.0,2026-03-14T17:32:22.360494,neutral,1.0,2026-03-14T17:32:22.360494,0.4245573950049031,2026-03-14T17:31:56.371000,67,,,
participant_12,3,day,Town10HD_Opt,2026-03-14 17:32:23.255058,51.13447189331055,70.1923599243164,0.0018754195189103,49.505,-15.233,0.713,0.0,0,0,1,,1.0,2026-03-14T17:32:23.255058,neutral,1.0,2026-03-14T17:32:22.360494,0.5358631019762148,2026-03-14T17:31:56.371000,66,,,
participant_12,3,day,Town10HD_Opt,2026-03-14 17:32:24.177880,59.7900505065918,69.76881408691406,0.0021090316586196,48.741,2.633,0.421,0.0,0,0,1,,1.0,2026-03-14T17:32:24.177880,neutral,1.0,2026-03-14T17:32:22.360494,0.5892710046768179,2026-03-14T17:31:56.371000,65,,,errors=Solid line crossing
participant_12,3,day,Town10HD_Opt,2026-03-14 17:32:25.084796,67.96259307861328,68.83442687988281,0.0022935485467314,42.788,4.806,0.0,0.0,0,0,1,,1.0,2026-03-14T17:32:25.084796,neutral,0.996,2026-03-14T17:32:25.084796,0.4562182848088614,2026-03-14T17:31:56.371000,67,,,
participant_12,3,day,Town10HD_Opt,2026-03-14 17:32:26.364691,76.33854675292969,69.24562072753906,0.0023743438068777,28.538,-0.233,0.0,0.3,0,0,1,,1.0,2026-03-14T17:32:26.364691,neutral,0.996,2026-03-14T17:32:25.084796,0.514923290450343,2026-03-14T17:31:56.371000,68,,,
participant_12,3,day,Town10HD_Opt,2026-03-14 17:32:27.285498,80.602294921875,69.63390350341797,0.0023188018240034,19.413,-1.102,0.0,0.316,0,0,1,,1.0,2026-03-14T17:32:27.285498,neutral,1.0,2026-03-14T17:32:27.285498,0.4742489383063665,2026-03-14T17:31:56.371000,67,,,
participant_12,3,day,Town10HD_Opt,2026-03-14 17:32:28.153325,83.50094604492188,69.8376235961914,0.0021133422851562,12.549,-0.618,0.0,0.44,0,0,1,,1.0,2026-03-14T17:32:28.153325,neutral,1.0,2026-03-14T17:32:27.285498,0.5501265388084284,2026-03-14T17:31:56.371000,66,,,
participant_12,3,day,Town10HD_Opt,2026-03-14 17:32:29.074827,85.26222229003906,69.94859313964844,0.0021187209058552,6.713,-0.468,0.0,0.556,0,0,1,,1.0,2026-03-14T17:32:29.074827,neutral,1.0,2026-03-14T17:32:27.285498,0.3864140611797789,2026-03-14T17:31:56.371000,67,,,
participant_12,3,day,Town10HD_Opt,2026-03-14 17:32:30.249212,85.51071166992188,69.9636459350586,0.0019449614919722,0.0,-0.233,0.0,0.465,0,0,1,,1.0,2026-03-14T17:32:30.249212,neutral,1.0,2026-03-14T17:32:30.249212,0.5614256550675077,2026-03-14T17:31:56.371000,69,,,
participant_12,3,day,Town10HD_Opt,2026-03-14 17:32:31.123378,85.5107421875,69.9636459350586,0.0019202422117814,0.0,2.21,0.0,0.0,0,0,1,,1.0,2026-03-14T17:32:31.123378,neutral,1.0,2026-03-14T17:32:30.249212,0.4345325065314581,2026-03-14T17:31:56.371000,66,,,
participant_12,3,day,Town10HD_Opt,2026-03-14 17:32:32.286755,85.58978271484375,69.97441101074219,0.0019017410231754,0.905,9.507,0.874,0.0,0,0,1,,1.0,2026-03-14T17:32:32.286755,neutral,1.0,2026-03-14T17:32:32.286755,0.4722194064173118,2026-03-14T17:31:56.371000,66,,,
participant_12,3,day,Town10HD_Opt,2026-03-14 17:32:33.165636,86.89723205566406,70.20716857910156,0.0014053344493731,16.385,10.478,1.0,0.0,0,0,1,,1.0,2026-03-14T17:32:33.165636,neutral,1.0,2026-03-14T17:32:32.286755,0.5355353211917637,2026-03-14T17:31:56.371000,68,,,
participant_12,3,day,Town10HD_Opt,2026-03-14 17:32:34.361383,92.37348175048828,72.1802749633789,0.0015481949085369,35.763,13.355,0.941,0.0,0,0,1,,1.0,2026-03-14T17:32:34.361383,neutral,0.998,2026-03-14T17:32:34.361383,0.5159453266131521,2026-03-14T17:31:56.371000,68,,,
participant_12,3,day,Town10HD_Opt,2026-03-14 17:32:35.284743,97.56658172607422,77.01618957519531,0.0017073821509256,46.938,18.503,0.915,0.0,0,0,1,,1.0,2026-03-14T17:32:35.284743,neutral,0.998,2026-03-14T17:32:34.361383,0.4835932355142058,2026-03-14T17:31:56.371000,66,,,
participant_12,3,day,Town10HD_Opt,2026-03-14 17:32:36.182818,99.52678680419922,85.37451171875,0.0021231842692941,48.843,4.584,0.909,0.0,0,0,1,,1.0,2026-03-14T17:32:36.182818,neutral,0.998,2026-03-14T17:32:34.361383,0.4741216017490678,2026-03-14T17:31:56.371000,67,,,
participant_12,3,day,Town10HD_Opt,2026-03-14 17:32:37.107577,98.81839752197266,94.1551284790039,0.0021760177332907,48.651,-1.034,0.894,0.0,0,0,1,,1.0,2026-03-14T17:32:37.107577,neutral,1.0,2026-03-14T17:32:37.107577,0.4780233377841754,2026-03-14T17:31:56.371000,65,,,
participant_12,3,day,Town10HD_Opt,2026-03-14 17:32:38.353897,97.17131805419922,105.58499145507812,0.0021327589638531,48.828,6.663,0.984,0.0,0,0,1,,1.0,2026-03-14T17:32:38.353897,neutral,1.0,2026-03-14T17:32:37.107577,0.492695202624551,2026-03-14T17:31:56.371000,69,,,
participant_12,3,day,Town10HD_Opt,2026-03-14 17:32:39.252173,93.4603042602539,113.53990173339844,0.0022620009258389,47.444,4.291,1.0,0.0,0,0,1,,1.0,2026-03-14T17:32:39.252173,neutral,0.997,2026-03-14T17:32:39.252173,0.4189511754642797,2026-03-14T17:31:56.371000,68,Solid line crossing,Solid line crossing,
participant_12,3,day,Town10HD_Opt,2026-03-14 17:32:40.203052,88.24812316894531,120.56871795654295,0.0021535491105169,48.795,6.462,0.981,0.0,0,0,1,,1.0,2026-03-14T17:32:40.203052,neutral,0.997,2026-03-14T17:32:39.252173,0.5025860513365872,2026-03-14T17:31:56.371000,68,,,
participant_12,3,day,Town10HD_Opt,2026-03-14 17:32:41.069015,81.49916076660156,126.1270751953125,0.002000655978918,51.233,7.368,0.0,0.123,0,0,1,,1.0,2026-03-14T17:32:41.069015,neutral,0.997,2026-03-14T17:32:39.252173,0.5423216426459487,2026-03-14T17:31:56.371000,68,,,
participant_12,3,day,Town10HD_Opt,2026-03-14 17:32:42.255555,70.70674133300781,130.50965881347656,0.0021881102584302,48.762,4.551,1.0,0.0,0,0,1,,1.0,2026-03-14T17:32:42.255555,neutral,0.897,2026-03-14T17:32:42.255555,0.481354543035125,2026-03-14T17:31:56.371000,67,,,
participant_12,3,day,Town10HD_Opt,2026-03-14 17:32:43.160028,62.0340461730957,131.8818359375,0.0021937561687082,48.573,4.459,1.0,0.0,0,0,1,,1.0,2026-03-14T17:32:43.160028,neutral,0.897,2026-03-14T17:32:42.255555,0.4264217209951717,2026-03-14T17:31:56.371000,67,,,
participant_12,3,day,Town10HD_Opt,2026-03-14 17:32:44.346103,50.39864730834961,132.06898498535156,0.002024192828685,50.618,-0.545,1.0,0.0,0,0,1,,1.0,2026-03-14T17:32:44.346103,neutral,0.999,2026-03-14T17:32:44.346103,0.507775089369587,2026-03-14T17:31:56.371000,65,,,
participant_12,3,day,Town10HD_Opt,2026-03-14 17:32:45.263238,41.60719680786133,132.3148956298828,0.0020244598854333,50.679,0.409,1.0,0.0,0,0,1,,1.0,2026-03-14T17:32:45.263238,neutral,0.999,2026-03-14T17:32:44.346103,0.4468362115401802,2026-03-14T17:31:56.371000,69,,,
participant_12,3,day,Town10HD_Opt,2026-03-14 17:32:46.167646,32.80645751953125,132.43397521972656,0.0020262526813894,50.105,0.414,1.0,0.0,0,0,1,,1.0,2026-03-14T17:32:46.167646,neutral,0.999,2026-03-14T17:32:44.346103,0.5018116969880901,2026-03-14T17:31:56.371000,68,,,
participant_12,3,day,Town10HD_Opt,2026-03-14 17:32:47.345789,21.065629959106445,132.3981170654297,0.0019664764404296,50.382,0.052,0.537,0.0,0,0,1,,1.0,2026-03-14T17:32:47.345789,neutral,0.991,2026-03-14T17:32:47.345789,0.4646258587599564,2026-03-14T17:31:56.371000,68,,,
participant_12,3,day,Town10HD_Opt,2026-03-14 17:32:48.233443,12.812353134155272,132.33465576171875,0.0022724531590938,43.17,0.035,0.202,0.0,0,0,1,,1.0,2026-03-14T17:32:48.233443,neutral,0.991,2026-03-14T17:32:47.345789,0.491468422298054,2026-03-14T17:31:56.371000,67,,,
participant_12,3,day,Town10HD_Opt,2026-03-14 17:32:49.214609,5.908196926116943,132.2705535888672,0.0023387526161968,34.465,0.035,0.0,0.0,0,0,1,,1.0,2026-03-14T17:32:49.214609,neutral,0.991,2026-03-14T17:32:47.345789,0.4938838256643615,2026-03-14T17:31:56.371000,66,,,
participant_12,3,day,Town10HD_Opt,2026-03-14 17:32:50.145111,0.521729052066803,132.21498107910156,0.0022959518246352,26.118,-0.127,0.0,0.0,0,0,1,,1.0,2026-03-14T17:32:50.145111,neutral,0.999,2026-03-14T17:32:50.145111,0.4760827605870613,2026-03-14T17:31:56.371000,68,,,
participant_12,3,day,Town10HD_Opt,2026-03-14 17:32:51.202031,-3.587240219116211,132.18002319335938,0.0022537994664162,19.932,-0.148,0.0,0.0,0,0,1,,1.0,2026-03-14T17:32:51.202031,neutral,0.999,2026-03-14T17:32:50.145111,0.5197627262776956,2026-03-14T17:31:56.371000,66,,,
participant_12,3,day,Town10HD_Opt,2026-03-14 17:32:52.104651,-6.693109512329102,132.16294860839844,0.0020191192161291,15.184,-0.148,0.0,0.0,0,0,1,,1.0,2026-03-14T17:32:52.104651,neutral,0.999,2026-03-14T17:32:50.145111,0.4633346788378724,2026-03-14T17:31:56.371000,68,,,
participant_12,3,day,Town10HD_Opt,2026-03-14 17:32:53.280809,-9.763509750366213,132.15402221679688,0.0020112609490752,11.131,-0.148,0.211,0.0,0,0,1,,1.0,2026-03-14T17:32:53.280809,neutral,0.999,2026-03-14T17:32:53.280809,0.4610084417845015,2026-03-14T17:31:56.371000,68,,,
participant_12,3,day,Town10HD_Opt,2026-03-14 17:32:54.209821,-11.837188720703123,132.15234375,0.0018350600730627,13.315,-0.148,0.336,0.0,0,0,1,,1.0,2026-03-14T17:32:54.209821,neutral,0.999,2026-03-14T17:32:53.280809,0.462051172172701,2026-03-14T17:31:56.371000,68,,,
participant_12,3,day,Town10HD_Opt,2026-03-14 17:32:55.090489,-14.24028491973877,132.15463256835938,0.0019350051879882,13.87,-0.157,0.925,0.0,0,0,1,,1.0,2026-03-14T17:32:55.090489,neutral,0.999,2026-03-14T17:32:53.280809,0.4384477915148606,2026-03-14T17:31:56.371000,68,,,
participant_12,3,day,Town10HD_Opt,2026-03-14 17:32:56.341147,-19.24937629699707,132.17257690429688,0.0015208434779196,32.334,-0.045,0.999,0.0,0,0,1,,1.0,2026-03-14T17:32:56.341147,neutral,0.998,2026-03-14T17:32:56.341147,0.4271274516770449,2026-03-14T17:31:56.371000,66,,,
participant_12,3,day,Town10HD_Opt,2026-03-14 17:32:57.323081,-26.074317932128903,131.8970489501953,0.0015889739152044,46.551,9.114,0.946,0.0,0,0,1,,1.0,2026-03-14T17:32:57.323081,neutral,0.998,2026-03-14T17:32:56.341147,0.4790174934787893,2026-03-14T17:31:56.371000,66,,,
participant_12,3,day,Town10HD_Opt,2026-03-14 17:32:58.301082,-34.2855110168457,129.2187957763672,0.0021779250819236,47.918,12.263,0.934,0.0,0,0,1,,1.0,2026-03-14T17:32:58.301082,neutral,0.998,2026-03-14T17:32:56.341147,0.5083859239340445,2026-03-14T17:31:56.371000,68,,,
participant_12,3,day,Town10HD_Opt,2026-03-14 17:32:59.226400,-40.41938781738281,123.18502044677734,0.0021065901964902,48.832,15.226,0.927,0.0,0,0,1,,1.0,2026-03-14T17:32:59.226400,neutral,0.996,2026-03-14T17:32:59.226400,0.4676350917178138,2026-03-14T17:31:56.371000,67,,,
participant_12,3,day,Town10HD_Opt,2026-03-14 17:33:00.221920,-42.64129257202149,114.91600036621094,0.0019319152925163,50.946,4.893,0.0,0.0,0,0,1,,1.0,2026-03-14T17:33:00.221920,neutral,0.996,2026-03-14T17:32:59.226400,0.5570165883071018,2026-03-14T17:31:56.371000,67,,,
participant_12,3,day,Town10HD_Opt,2026-03-14 17:33:01.193613,-42.49617004394531,106.26333618164062,0.0019896316807717,49.983,-2.546,0.528,0.0,0,0,1,,1.0,2026-03-14T17:33:01.193613,neutral,0.996,2026-03-14T17:32:59.226400,0.4923542518406784,2026-03-14T17:31:56.371000,67,,,
participant_12,3,day,Town10HD_Opt,2026-03-14 17:33:02.112354,-42.93846130371094,97.71207427978516,0.0023022459354251,44.575,-0.938,0.0,0.0,0,0,1,,1.0,2026-03-14T17:33:02.112354,neutral,0.998,2026-03-14T17:33:02.112354,0.4927829748008155,2026-03-14T17:33:01.945000,71,,,
participant_12,3,day,Town10HD_Opt,2026-03-14 17:33:03.088489,-43.58164596557617,90.7632827758789,0.0023274230770766,35.154,0.106,0.227,0.0,0,0,1,,1.0,2026-03-14T17:33:03.088489,neutral,0.998,2026-03-14T17:33:02.112354,0.5132637532398302,2026-03-14T17:33:02.979000,67,,,
participant_12,3,day,Town10HD_Opt,2026-03-14 17:33:04.321650,-43.86634826660156,82.93024444580078,0.0020009230356663,34.337,8.625,0.687,0.0,0,0,1,,1.0,2026-03-14T17:33:04.321650,neutral,0.99,2026-03-14T17:33:04.321650,0.5403323397283245,2026-03-14T17:33:03.969000,69,,,
participant_12,3,day,Town10HD_Opt,2026-03-14 17:33:05.284728,-42.31128692626953,76.57042694091797,0.0017763137584552,42.787,14.256,0.814,0.0,0,0,1,,1.0,2026-03-14T17:33:05.284728,neutral,0.99,2026-03-14T17:33:04.321650,0.4961239101458821,2026-03-14T17:33:05.009000,68,,,
participant_12,3,day,Town10HD_Opt,2026-03-14 17:33:06.306936,-37.34165573120117,70.54632568359375,0.0018877410329878,48.052,21.017,0.675,0.0,0,0,1,,1.0,2026-03-14T17:33:06.306936,neutral,0.99,2026-03-14T17:33:04.321650,0.5491826097934176,2026-03-14T17:33:05.994000,68,,,
participant_12,3,day,Town10HD_Opt,2026-03-14 17:33:07.342373,-29.38672065734864,68.94956970214844,0.0021106719505041,46.256,6.319,0.42,0.0,0,0,1,,1.0,2026-03-14T17:33:07.342373,neutral,0.989,2026-03-14T17:33:07.342373,0.4986643957072462,2026-03-14T17:33:06.984000,68,,,
participant_12,3,day,Town10HD_Opt,2026-03-14 17:33:08.314884,-21.54085350036621,70.1377944946289,0.0021474456880241,43.544,-4.841,0.261,0.0,0,0,1,,1.0,2026-03-14T17:33:08.314884,neutral,0.989,2026-03-14T17:33:07.342373,0.5759063633204603,2026-03-14T17:33:08.289000,66,,,errors=Solid line crossing
participant_12,3,day,Town10HD_Opt,2026-03-14 17:33:09.299603,-14.296746253967283,70.46414947509766,0.0021852874197065,38.809,-1.775,0.263,0.0,0,0,1,,1.0,2026-03-14T17:33:09.299603,neutral,0.989,2026-03-14T17:33:07.342373,0.6080506596943998,2026-03-14T17:33:09.099000,65,,,
participant_12,3,day,Town10HD_Opt,2026-03-14 17:33:10.289268,-7.751583099365234,70.337158203125,0.0021038055419921,36.52,-0.604,0.541,0.0,0,0,1,,1.0,2026-03-14T17:33:10.289268,neutral,1.0,2026-03-14T17:33:10.289268,0.5227220124788364,2026-03-14T17:33:10,67,,,
participant_12,3,day,Town10HD_Opt,2026-03-14 17:33:11.213842,-1.188324213027954,70.01615142822266,0.0019756315741688,38.73,0.653,0.499,0.0,0,0,1,,1.0,2026-03-14T17:33:11.213842,neutral,1.0,2026-03-14T17:33:10.289268,0.4815216292583468,2026-03-14T17:33:11.079000,68,,,
participant_12,3,day,Town10HD_Opt,2026-03-14 17:33:12.179566,5.496570110321045,69.7731704711914,0.0022314072120934,35.089,0.04,0.0,0.0,0,0,1,,1.0,2026-03-14T17:33:12.179566,neutral,1.0,2026-03-14T17:33:10.289268,0.5253076010529399,2026-03-14T17:33:12.069000,67,,,
participant_12,3,day,Town10HD_Opt,2026-03-14 17:33:13.144370,10.978073120117188,69.5953598022461,0.0022961043287068,27.053,0.75,0.0,0.0,0,0,1,,1.0,2026-03-14T17:33:13.144370,neutral,0.998,2026-03-14T17:33:13.144370,0.552789435795743,2026-03-14T17:33:13.149000,65,,,
participant_12,3,day,Town10HD_Opt,2026-03-14 17:33:14.110177,15.16344165802002,69.53824615478516,0.0022607040591537,19.932,0.646,0.0,0.052,0,0,1,,1.0,2026-03-14T17:33:14.110177,neutral,0.998,2026-03-14T17:33:13.144370,0.572326138376251,2026-03-14T17:33:14.049000,64,,,
participant_12,3,day,Town10HD_Opt,2026-03-14 17:33:15.074220,18.28743934631348,69.53801727294922,0.0020268631633371,14.995,0.646,0.0,0.072,0,0,1,,1.0,2026-03-14T17:33:15.074220,neutral,0.998,2026-03-14T17:33:13.144370,0.5520377346134471,2026-03-14T17:33:14.995000,66,,,
participant_12,3,day,Town10HD_Opt,2026-03-14 17:33:16.343512,21.260501861572266,69.57035827636719,0.0020327377133071,10.192,0.62,0.0,0.037,0,0,1,,1.0,2026-03-14T17:33:16.343512,neutral,0.979,2026-03-14T17:33:16.343512,0.5271643221240223,2026-03-14T17:33:16.029000,66,Solid line crossing,Solid line crossing,
participant_12,3,day,Town10HD_Opt,2026-03-14 17:33:17.348862,22.80422592163086,69.59928894042969,0.0020133589860051,7.259,0.618,0.0,0.044,0,0,1,,1.0,2026-03-14T17:33:17.348862,neutral,0.979,2026-03-14T17:33:16.343512,0.5369854891583785,2026-03-14T17:33:17.023000,64,,,
participant_12,3,day,Town10HD_Opt,2026-03-14 17:33:18.333993,23.812973022460938,69.62203979492188,0.0022953413426876,0.0,0.618,0.0,0.04,0,0,1,,1.0,2026-03-14T17:33:18.333993,neutral,0.979,2026-03-14T17:33:16.343512,0.5635165086524406,2026-03-14T17:33:18.144000,64,,,
participant_12,3,day,Town10HD_Opt,2026-03-14 17:33:19.366951,23.818639755249023,69.62217712402344,0.0019294356461614,0.605,0.618,0.657,0.0,0,0,1,,1.0,2026-03-14T17:33:19.366951,neutral,0.998,2026-03-14T17:33:19.366951,0.5535563643322118,2026-03-14T17:33:19.181000,66,,,
participant_12,3,day,Town10HD_Opt,2026-03-14 17:33:20.272767,24.733428955078125,69.6476821899414,0.0015630340203642,11.236,0.618,0.632,0.0,0,0,1,,1.0,2026-03-14T17:33:20.272767,neutral,0.998,2026-03-14T17:33:19.366951,0.6094488664975843,2026-03-14T17:33:19.993000,67,,,
participant_12,3,day,Town10HD_Opt,2026-03-14 17:33:21.218574,27.186248779296875,69.71173095703125,0.0017878722865134,16.127,-2.41,0.373,0.0,0,0,1,,1.0,2026-03-14T17:33:21.218574,neutral,0.998,2026-03-14T17:33:19.366951,0.6662383563760175,2026-03-14T17:33:20.980000,68,,,
participant_12,3,day,Town10HD_Opt,2026-03-14 17:33:22.174437,30.191869735717773,69.56603240966797,0.002067451365292,18.286,-7.813,0.355,0.0,0,0,1,,1.0,2026-03-14T17:33:22.174437,neutral,0.99,2026-03-14T17:33:22.174437,0.6861946304262974,2026-03-14T17:33:21.973000,65,,,
participant_12,3,day,Town10HD_Opt,2026-03-14 17:33:23.122075,33.3543815612793,68.9903564453125,0.0019603348337113,20.379,-8.942,0.986,0.0,0,0,1,,1.0,2026-03-14T17:33:23.122075,neutral,0.99,2026-03-14T17:33:22.174437,0.7645865877031177,2026-03-14T17:33:23.005000,66,,,
participant_12,3,day,Town10HD_Opt,2026-03-14 17:33:24.321090,39.64154815673828,66.03275299072266,0.0015821075066924,40.813,-16.637,0.99,0.0,0,0,1,,1.0,2026-03-14T17:33:24.321090,neutral,0.988,2026-03-14T17:33:24.321090,0.7281142270361023,2026-03-14T17:33:23.950000,66,,,
participant_12,3,day,Town10HD_Opt,2026-03-14 17:33:25.266138,44.44182205200195,59.57305908203125,0.0014985656598582,51.213,-12.468,0.0,0.126,0,0,1,,1.0,2026-03-14T17:33:25.266138,neutral,0.988,2026-03-14T17:33:24.321090,0.6845823575084256,2026-03-14T17:33:25.014000,62,,,errors=Vehicle-pedestrian collision
participant_12,3,day,Town10HD_Opt,2026-03-14 17:33:26.163385,45.89402389526367,51.49143600463867,0.0023434448521584,41.377,-4.879,0.0,0.222,0,0,1,,1.0,2026-03-14T17:33:26.163385,neutral,0.988,2026-03-14T17:33:24.321090,0.7225142501515834,2026-03-14T17:33:26.019000,64,,,
participant_12,3,day,Town10HD_Opt,2026-03-14 17:33:27.328998,45.27631759643555,43.40645599365234,0.0023227690253406,28.358,3.16,0.0,0.0,0,0,1,,1.0,2026-03-14T17:33:27.328998,neutral,1.0,2026-03-14T17:33:27.328998,0.8352731375794338,2026-03-14T17:33:27.055000,62,,,
participant_12,3,day,Town10HD_Opt,2026-03-14 17:33:28.207274,45.17548370361328,38.85730743408203,0.0021012497600167,25.082,5.652,0.453,0.0,0,0,1,,1.0,2026-03-14T17:33:28.207274,neutral,1.0,2026-03-14T17:33:27.328998,0.6485737620199454,2026-03-14T17:33:27.954000,62,,,
participant_12,3,day,Town10HD_Opt,2026-03-14 17:33:29.130517,45.9063720703125,34.4398078918457,0.0020470046438276,26.11,19.712,0.415,0.0,0,0,1,,1.0,2026-03-14T17:33:29.130517,neutral,1.0,2026-03-14T17:33:27.328998,0.7146240829976179,2026-03-14T17:33:29.034000,63,,,
participant_12,3,day,Town10HD_Opt,2026-03-14 17:33:30.073227,48.42112350463867,30.663291931152344,0.0020793532021343,26.651,22.686,0.519,0.0,0,0,1,,1.0,2026-03-14T17:33:30.073227,neutral,0.989,2026-03-14T17:33:30.073227,0.618961232260106,2026-03-14T17:33:29.979000,61,,,
participant_12,3,day,Town10HD_Opt,2026-03-14 17:33:31.294516,54.30816268920898,27.58519554138184,0.0019444655627012,31.242,6.419,0.51,0.0,0,0,1,,1.0,2026-03-14T17:33:31.294516,neutral,0.989,2026-03-14T17:33:30.073227,0.6324056856367606,2026-03-14T17:33:31.014000,63,,,
participant_12,3,day,Town10HD_Opt,2026-03-14 17:33:32.173312,59.76647186279297,26.18627166748047,0.0019843291956931,33.484,6.884,0.681,0.0,0,0,1,,1.0,2026-03-14T17:33:32.173312,neutral,0.987,2026-03-14T17:33:32.173312,0.6583078630566067,2026-03-14T17:33:31.959000,63,,,
participant_12,3,day,Town10HD_Opt,2026-03-14 17:33:33.086459,66.45782470703125,25.662960052490234,0.0016012954292818,45.943,3.648,0.967,0.0,0,0,1,,1.0,2026-03-14T17:33:33.086459,neutral,0.987,2026-03-14T17:33:32.173312,0.5542806047429112,2026-03-14T17:33:32.949000,66,,,
participant_12,3,day,Town10HD_Opt,2026-03-14 17:33:34.240081,78.00995635986328,26.05387306213379,0.002093200571835,49.284,-0.357,0.796,0.0,0,0,1,,1.0,2026-03-14T17:33:34.240081,neutral,0.998,2026-03-14T17:33:34.240081,0.5476425908114065,2026-03-14T17:33:33.982000,66,,,
participant_12,3,day,Town10HD_Opt,2026-03-14 17:33:35.122647,86.76494598388672,26.33601951599121,0.0040339659899473,48.512,-4.393,0.509,0.0,0,0,1,,1.0,2026-03-14T17:33:35.122647,neutral,0.998,2026-03-14T17:33:34.240081,0.6371539516335485,2026-03-14T17:33:35.110000,67,,,
participant_12,3,day,Town10HD_Opt,2026-03-14 17:33:36.291215,97.42963409423828,23.89350700378418,0.0021292113233357,46.021,-16.381,0.465,0.0,0,0,1,,1.0,2026-03-14T17:33:36.291215,neutral,1.0,2026-03-14T17:33:36.291215,0.7511899126337152,2026-03-14T17:33:35.964000,67,,,
participant_12,3,day,Town10HD_Opt,2026-03-14 17:33:37.219549,102.69915008544922,18.09329605102539,0.0021546555217355,44.344,-6.18,0.321,0.0,0,0,1,,1.0,2026-03-14T17:33:37.219549,neutral,1.0,2026-03-14T17:33:36.291215,0.7507679363872636,2026-03-14T17:33:36.956000,70,,,
participant_12,3,day,Town10HD_Opt,2026-03-14 17:33:38.074398,105.87483215332033,11.3076171875,0.0020714187994599,41.037,-4.171,0.322,0.0,0,0,1,,1.0,2026-03-14T17:33:38.074398,neutral,1.0,2026-03-14T17:33:36.291215,0.9304231311449176,2026-03-14T17:33:38.125000,67,,,
participant_12,3,day,Town10HD_Opt,2026-03-14 17:33:39.280006,108.43348693847656,2.515019416809082,0.0021270369179546,37.465,-3.412,0.329,0.0,0,0,1,,1.0,2026-03-14T17:33:39.280006,neutral,0.964,2026-03-14T17:33:39.280006,0.9093919130304206,2026-03-14T17:33:38.979000,67,,,
participant_12,3,day,Town10HD_Opt,2026-03-14 17:33:40.153468,109.38117218017578,-3.866060495376587,0.0019956587348133,37.505,-3.664,0.761,0.0,0,0,1,,0.828,2026-03-14T17:33:40.153468,neutral,0.964,2026-03-14T17:33:39.280006,0.8380368368257147,2026-03-14T17:33:40.374000,64,,,
participant_12,3,day,Town10HD_Opt,2026-03-14 17:33:41.260075,109.48348999023438,-13.81802749633789,0.0017116927774623,51.068,-1.814,0.0,0.107,0,0,1,,1.0,2026-03-14T17:33:41.260075,neutral,0.964,2026-03-14T17:33:39.280006,0.9424803628381708,2026-03-14T17:33:41.319000,65,,,
participant_12,3,day,Town10HD_Opt,2026-03-14 17:33:42.134771,108.63858032226562,-22.645097732543945,0.0021734619513154,49.107,-1.659,0.99,0.0,0,0,1,,1.0,2026-03-14T17:33:42.134771,neutral,0.998,2026-03-14T17:33:42.134771,0.99,2026-03-14T17:33:41.957000,67,,,
participant_12,3,day,Town10HD_Opt,2026-03-14 17:33:43.259781,106.1808090209961,-33.945220947265625,0.0019665146246552,50.427,-4.615,0.882,0.0,0,0,1,,1.0,2026-03-14T17:33:43.259781,neutral,0.998,2026-03-14T17:33:42.134771,0.9106517735410784,2026-03-14T17:33:42.985000,64,,,
participant_12,3,day,Town10HD_Opt,2026-03-14 17:33:44.103235,102.67327117919922,-42.06317901611328,0.0021558380685746,49.078,-3.328,0.791,0.0,0,0,1,,1.0,2026-03-14T17:33:44.103235,neutral,0.998,2026-03-14T17:33:42.134771,0.99,2026-03-14T17:33:43.975000,68,,,
participant_12,3,day,Town10HD_Opt,2026-03-14 17:33:45.247742,96.20502471923828,-51.6884651184082,0.0019869613461196,50.504,-6.26,0.758,0.0,0,0,1,,1.0,2026-03-14T17:33:45.247742,neutral,0.983,2026-03-14T17:33:45.247742,0.9619738015734036,2026-03-14T17:33:45.009000,66,,,
participant_12,3,day,Town10HD_Opt,2026-03-14 17:33:46.121192,89.70213317871094,-57.32406997680664,0.0020846556872129,48.445,-5.879,0.591,0.0,0,0,1,,1.0,2026-03-14T17:33:46.121192,neutral,0.983,2026-03-14T17:33:45.247742,0.9385784287557174,2026-03-14T17:33:45.955000,67,,,
participant_12,3,day,Town10HD_Opt,2026-03-14 17:33:47.316710,79.353759765625,-62.344970703125,0.002021636813879,50.052,-4.261,0.51,0.0,0,0,1,,1.0,2026-03-14T17:33:47.316710,neutral,0.68,2026-03-14T17:33:47.316710,0.8747301779815196,2026-03-14T17:33:46.946000,64,,,
participant_12,3,day,Town10HD_Opt,2026-03-14 17:33:48.205457,70.8547592163086,-64.43563842773438,0.0020460509695112,50.045,-4.317,0.497,0.0,0,0,1,,1.0,2026-03-14T17:33:48.205457,neutral,0.68,2026-03-14T17:33:47.316710,0.9527062035138426,2026-03-14T17:33:47.980000,65,,,
participant_12,3,day,Town10HD_Opt,2026-03-14 17:33:49.091166,62.14619445800781,-65.10042572021484,0.0020481871906667,49.863,-0.696,0.492,0.0,0,0,1,,1.0,2026-03-14T17:33:49.091166,neutral,0.68,2026-03-14T17:33:47.316710,0.8954249243484738,2026-03-14T17:33:49.060000,66,,,
participant_12,3,day,Town10HD_Opt,2026-03-14 17:33:50.328918,50.54356002807617,-65.33110046386719,0.0020500181708484,49.56,-0.108,0.486,0.0,0,0,1,,1.0,2026-03-14T17:33:50.328918,neutral,0.982,2026-03-14T17:33:50.328918,0.883788998876892,2026-03-14T17:33:50.095000,66,,,
participant_12,3,day,Town10HD_Opt,2026-03-14 17:33:51.245225,41.89413070678711,-65.54497528076172,0.0020505141001194,49.296,-0.2,0.485,0.0,0,0,1,,1.0,2026-03-14T17:33:51.245225,neutral,0.982,2026-03-14T17:33:50.328918,0.8593491424631163,2026-03-14T17:33:50.995000,65,,,
participant_12,3,day,Town10HD_Opt,2026-03-14 17:33:52.178224,33.28886032104492,-65.69174194335938,0.0020502090919762,49.042,-0.209,0.484,0.0,0,0,1,,1.0,2026-03-14T17:33:52.178224,neutral,0.982,2026-03-14T17:33:50.328918,0.8789995295331067,2026-03-14T17:33:52.030000,65,,,
participant_12,3,day,Town10HD_Opt,2026-03-14 17:33:53.097171,24.76774787902832,-65.76266479492188,0.0020824430976063,48.012,-0.28,0.433,0.0,0,0,1,,1.0,2026-03-14T17:33:53.097171,neutral,0.984,2026-03-14T17:33:53.097171,0.8320591113800464,2026-03-14T17:33:52.975000,65,,,
participant_12,3,day,Town10HD_Opt,2026-03-14 17:33:54.271849,14.494877815246582,-65.7260971069336,0.002362098544836,37.262,-0.275,0.0,0.0,0,0,1,,1.0,2026-03-14T17:33:54.271849,neutral,0.984,2026-03-14T17:33:53.097171,0.8793592054063355,2026-03-14T17:33:54.189000,66,,,
participant_12,3,day,Town10HD_Opt,2026-03-14 17:33:55.122964,8.673579216003418,-65.64204406738281,0.002309989882633,28.786,-0.068,0.0,0.0,0,0,1,,1.0,2026-03-14T17:33:55.122964,neutral,0.957,2026-03-14T17:33:55.122964,0.8493282509662128,2026-03-14T17:33:55.135000,67,,,
participant_12,3,day,Town10HD_Opt,2026-03-14 17:33:56.348542,2.9709115028381348,-65.55498504638672,0.0022455595899373,19.936,0.233,0.099,0.0,0,0,1,,1.0,2026-03-14T17:33:56.348542,neutral,0.957,2026-03-14T17:33:55.122964,0.8664014206243127,2026-03-14T17:33:56.035000,65,,,
participant_12,3,day,Town10HD_Opt,2026-03-14 17:33:57.252875,-0.2686531841754913,-65.52167510986328,0.0018666075775399,17.627,0.242,0.161,0.0,0,0,1,,1.0,2026-03-14T17:33:57.252875,neutral,0.995,2026-03-14T17:33:57.252875,0.8566592406751808,2026-03-14T17:33:56.988000,65,,,
participant_12,3,day,Town10HD_Opt,2026-03-14 17:33:58.191965,-3.281399726867676,-65.50485229492188,0.0019070815760642,17.538,0.24,0.36,0.0,0,0,1,,1.0,2026-03-14T17:33:58.191965,neutral,0.995,2026-03-14T17:33:57.252875,0.8388880455345268,2026-03-14T17:33:57.969000,64,,,
participant_12,3,day,Town10HD_Opt,2026-03-14 17:33:59.074264,-6.429905891418457,-65.49793243408203,0.0020627593621611,18.076,0.155,0.33,0.0,0,0,1,,1.0,2026-03-14T17:33:59.074264,neutral,0.995,2026-03-14T17:33:57.252875,0.8256082637158602,2026-03-14T17:33:58.960000,63,,,
participant_12,3,day,Town10HD_Opt,2026-03-14 17:34:00.282312,-10.672691345214844,-65.49989318847656,0.002023200970143,18.083,0.063,0.109,0.0,0,0,1,,1.0,2026-03-14T17:34:00.282312,neutral,0.991,2026-03-14T17:34:00.282312,0.7467620482793796,2026-03-14T17:33:59.995000,63,,,
participant_12,3,day,Town10HD_Opt,2026-03-14 17:34:01.130580,-13.668773651123049,-65.50391387939453,0.0020169448107481,15.092,-0.016,0.0,0.0,0,0,1,,1.0,2026-03-14T17:34:01.130580,neutral,0.991,2026-03-14T17:34:00.282312,0.70319063378555,2026-03-14T17:34:01.120000,62,,,
participant_12,3,day,Town10HD_Opt,2026-03-14 17:34:02.313106,-16.672637939453125,-65.50801849365234,0.0020219420548528,10.549,0.002,0.0,0.018,0,0,1,,1.0,2026-03-14T17:34:02.313106,neutral,0.999,2026-03-14T17:34:02.313106,0.7338189057655147,2026-03-14T17:34:02.335000,63,,,
participant_12,3,day,Town10HD_Opt,2026-03-14 17:34:03.188492,-18.26116752624512,-65.51024627685547,0.0020143126603215,7.46,0.002,0.0,0.053,0,0,1,,1.0,2026-03-14T17:34:03.188492,neutral,0.999,2026-03-14T17:34:02.313106,0.6913393715217919,2026-03-14T17:34:02.967000,63,,,
participant_12,3,day,Town10HD_Opt,2026-03-14 17:34:04.308207,-19.503204345703125,-65.51204681396484,0.0023023223038762,0.229,0.002,0.0,0.0,0,0,1,,1.0,2026-03-14T17:34:04.308207,neutral,0.999,2026-03-14T17:34:02.313106,0.7596020322921799,2026-03-14T17:34:03.955000,66,,,
participant_12,3,day,Town10HD_Opt,2026-03-14 17:34:05.151365,-19.54104995727539,-65.51204681396484,0.001928215031512,0.254,0.002,0.0,0.0,0,0,1,,1.0,2026-03-14T17:34:05.151365,neutral,0.993,2026-03-14T17:34:05.151365,0.676464489503218,2026-03-14T17:34:05.125000,67,,,
participant_12,3,day,Town10HD_Opt,2026-03-14 17:34:06.327802,-19.59105491638184,-65.51204681396484,0.0019207381410524,0.177,0.002,0.0,0.0,0,0,1,,1.0,2026-03-14T17:34:06.327802,neutral,0.993,2026-03-14T17:34:05.151365,0.7081806595170685,2026-03-14T17:34:06.026000,66,,,
participant_12,3,day,Town10HD_Opt,2026-03-14 17:34:07.164389,-20.02985191345215,-65.51268768310547,0.0014955138321965,9.554,0.002,1.0,0.0,0,0,1,,1.0,2026-03-14T17:34:07.164389,neutral,0.988,2026-03-14T17:34:07.164389,0.772805018313063,2026-03-14T17:34:07.015000,64,,,
participant_12,3,day,Town10HD_Opt,2026-03-14 17:34:08.286255,-24.41453742980957,-65.55168914794922,0.0015613173600286,29.503,0.693,1.0,0.0,0,0,1,,1.0,2026-03-14T17:34:08.286255,neutral,0.988,2026-03-14T17:34:07.164389,0.8615306651464537,2026-03-14T17:34:08.006000,64,,,
participant_12,3,day,Town10HD_Opt,2026-03-14 17:34:09.139852,-30.851730346679688,-65.7247314453125,0.0015395736554637,45.125,0.526,1.0,0.0,0,0,1,,1.0,2026-03-14T17:34:09.139852,neutral,0.988,2026-03-14T17:34:07.164389,0.7953520382128194,2026-03-14T17:34:09.265000,61,,,
participant_12,3,day,Town10HD_Opt,2026-03-14 17:34:10.329858,-42.40032196044922,-66.26886749267578,0.0021879577543586,48.879,0.08,0.994,0.0,0,0,1,,1.0,2026-03-14T17:34:10.329858,neutral,0.988,2026-03-14T17:34:10.329858,0.8878270553733356,2026-03-14T17:34:10.120000,63,,,
participant_12,3,day,Town10HD_Opt,2026-03-14 17:34:11.199775,-51.26269912719727,-66.76248168945312,0.0020346832461655,48.591,-0.221,0.986,0.0,0,0,1,,1.0,2026-03-14T17:34:11.199775,neutral,0.988,2026-03-14T17:34:10.329858,0.8943173573644766,2026-03-14T17:34:11.200000,63,,,
participant_12,3,day,Town10HD_Opt,2026-03-14 17:34:12.261809,-62.92571258544922,-67.29655456542969,0.002147254999727,48.737,-1.144,0.973,0.0,0,0,1,,1.0,2026-03-14T17:34:12.261809,neutral,0.988,2026-03-14T17:34:10.329858,0.9296007552039728,2026-03-14T17:34:12.010000,63,,,
participant_12,3,day,Town10HD_Opt,2026-03-14 17:34:13.101843,-71.69696044921875,-67.11225128173828,0.0022243116982281,48.011,-6.014,0.96,0.0,0,0,1,,1.0,2026-03-14T17:34:13.101843,neutral,0.981,2026-03-14T17:34:13.101843,0.9259887354332575,2026-03-14T17:34:13.001000,62,,,
participant_12,3,day,Town10HD_Opt,2026-03-14 17:34:14.230967,-82.97091674804688,-64.18118286132812,0.0021557998843491,49.135,-3.207,0.979,0.0,0,0,1,,1.0,2026-03-14T17:34:14.230967,neutral,0.981,2026-03-14T17:34:13.101843,0.9638937786209272,2026-03-14T17:34:14.124000,63,,,
participant_12,3,day,Town10HD_Opt,2026-03-14 17:34:15.086908,-90.92937469482422,-60.241458892822266,0.0022374724503606,48.436,-4.534,0.975,0.0,0,0,1,,1.0,2026-03-14T17:34:15.086908,neutral,0.981,2026-03-14T17:34:13.101843,0.9076447514846616,2026-03-14T17:34:15.025000,64,,,
participant_12,3,day,Town10HD_Opt,2026-03-14 17:34:16.260325,-99.72068786621094,-52.73151397705078,0.0020535278599709,50.047,-6.417,0.954,0.0,0,0,1,,1.0,2026-03-14T17:34:16.260325,neutral,0.73,2026-03-14T17:34:16.260325,0.9127590053111542,2026-03-14T17:34:16.060000,64,,,
participant_12,3,day,Town10HD_Opt,2026-03-14 17:34:17.148611,-104.41162109375,-45.35624313354492,0.0020930098835378,49.116,-3.886,0.939,0.0,0,0,1,,1.0,2026-03-14T17:34:17.148611,neutral,0.73,2026-03-14T17:34:16.260325,0.9456659145771348,2026-03-14T17:34:16.959000,64,,,
participant_12,3,day,Town10HD_Opt,2026-03-14 17:34:18.313743,-108.58953094482422,-34.480037689208984,0.0018844222649931,51.649,-4.07,0.0,0.148,0,0,1,,1.0,2026-03-14T17:34:18.313743,neutral,0.736,2026-03-14T17:34:18.313743,0.9154358718402004,2026-03-14T17:34:18.042000,64,,,
participant_12,3,day,Town10HD_Opt,2026-03-14 17:34:19.267079,-110.11576080322266,-25.83438491821289,0.0019031906267628,51.468,-3.459,0.0,0.147,0,0,1,,1.0,2026-03-14T17:34:19.267079,neutral,0.736,2026-03-14T17:34:18.313743,0.9070089924646192,2026-03-14T17:34:19.120000,64,,,
participant_12,3,day,Town10HD_Opt,2026-03-14 17:34:20.206655,-110.4317626953125,-17.06549072265625,0.0018895721295848,51.801,-0.141,0.0,0.18,0,0,1,,1.0,2026-03-14T17:34:20.206655,neutral,0.736,2026-03-14T17:34:18.313743,0.8809770229913393,2026-03-14T17:34:19.975000,65,,,
participant_12,3,day,Town10HD_Opt,2026-03-14 17:34:21.127948,-110.49827575683594,-8.296730995178223,0.0019414901034906,50.77,0.761,0.0,0.103,0,0,1,,1.0,2026-03-14T17:34:21.127948,neutral,0.941,2026-03-14T17:34:21.127948,0.8369986552133606,2026-03-14T17:34:20.965000,63,,,
participant_12,3,day,Town10HD_Opt,2026-03-14 17:34:22.356335,-110.80023956298828,2.809173822402954,0.0022198485676199,43.781,-2.118,0.083,0.0,0,0,1,,1.0,2026-03-14T17:34:22.356335,neutral,0.941,2026-03-14T17:34:21.127948,0.8377599636925166,2026-03-14T17:34:22,64,,,
participant_12,3,day,Town10HD_Opt,2026-03-14 17:34:23.332995,-110.5102310180664,9.729766845703123,0.0023487852886319,34.426,-5.773,0.0,0.0,0,0,1,,1.0,2026-03-14T17:34:23.332995,neutral,0.996,2026-03-14T17:34:23.332995,0.9240377408679477,2026-03-14T17:34:23.170000,63,,,
participant_12,3,day,Town10HD_Opt,2026-03-14 17:34:24.233854,-109.3998794555664,14.968233108520508,0.002310981741175,26.718,-9.861,0.0,0.0,0,0,1,,1.0,2026-03-14T17:34:24.233854,neutral,0.996,2026-03-14T17:34:23.332995,0.8513379577351341,2026-03-14T17:34:23.983000,62,,,
participant_12,3,day,Town10HD_Opt,2026-03-14 17:34:25.116954,-107.67105102539062,18.6297607421875,0.0022671127226203,19.659,-11.318,0.0,0.0,0,0,1,,1.0,2026-03-14T17:34:25.116954,neutral,0.996,2026-03-14T17:34:23.332995,0.8106437451254064,2026-03-14T17:34:25.060000,63,,,
participant_12,3,day,Town10HD_Opt,2026-03-14 17:34:26.132761,-105.79155731201172,21.159103393554688,0.0019943618681281,18.911,-6.35,0.822,0.0,0,0,1,,1.0,2026-03-14T17:34:26.132761,neutral,0.78,2026-03-14T17:34:26.132761,0.8791158843587135,2026-03-14T17:34:26.050000,64,,,
participant_12,3,day,Town10HD_Opt,2026-03-14 17:34:27.104393,-103.20694732666016,23.95134162902832,0.0018148040398955,25.631,-6.509,0.355,0.0,0,0,1,,1.0,2026-03-14T17:34:27.104393,neutral,0.78,2026-03-14T17:34:26.132761,0.8717375891575626,2026-03-14T17:34:27.041000,65,,,
participant_12,3,day,Town10HD_Opt,2026-03-14 17:34:28.376998,-98.58800506591795,27.1010971069336,0.002261581365019,20.228,-18.274,0.0,0.048,0,0,1,,1.0,2026-03-14T17:34:28.376998,neutral,0.95,2026-03-14T17:34:28.376998,0.7998221944532773,2026-03-14T17:34:27.986000,65,,,
participant_12,3,day,Town10HD_Opt,2026-03-14 17:34:29.088101,-96.68315887451172,27.67273330688477,0.0023987197782844,8.671,-12.92,0.0,0.12,0,0,1,,1.0,2026-03-14T17:34:29.088101,neutral,0.95,2026-03-14T17:34:28.376998,0.8109122921616165,2026-03-14T17:34:28.975000,64,,,
participant_12,3,day,Town10HD_Opt,2026-03-14 17:34:30.099532,-96.39871978759766,27.73311996459961,0.0020159911364316,0.024,-6.609,0.0,0.0,0,0,1,,1.0,2026-03-14T17:34:30.099532,neutral,0.95,2026-03-14T17:34:28.376998,0.8373564011512769,2026-03-14T17:34:30.055000,65,,,
participant_12,3,day,Town10HD_Opt,2026-03-14 17:34:31.346032,-96.39815521240234,27.73320960998535,0.001918182359077,0.138,-9.842,0.136,0.0,0,0,1,,1.0,2026-03-14T17:34:31.346032,neutral,0.957,2026-03-14T17:34:31.346032,0.8110035429797038,2026-03-14T17:34:31.045000,65,,,
participant_12,3,day,Town10HD_Opt,2026-03-14 17:34:32.321370,-96.33077239990234,27.7409896850586,0.0018422699067741,1.752,-11.827,0.293,0.0,0,0,1,,1.0,2026-03-14T17:34:32.321370,neutral,0.957,2026-03-14T17:34:31.346032,0.8284797447402799,2026-03-14T17:34:31.993000,67,,,
participant_12,3,day,Town10HD_Opt,2026-03-14 17:34:33.293559,-95.8106918334961,27.78276824951172,0.0018621062627062,3.992,-14.692,0.178,0.0,0,0,1,,1.0,2026-03-14T17:34:33.293559,neutral,0.957,2026-03-14T17:34:31.346032,0.8107833601033594,2026-03-14T17:34:33.026000,68,,,
participant_12,3,day,Town10HD_Opt,2026-03-14 17:34:34.225588,-95.0433578491211,27.804298400878903,0.0019198226509615,4.377,-10.571,0.0,0.0,0,0,1,,1.0,2026-03-14T17:34:34.225588,neutral,0.953,2026-03-14T17:34:34.225588,0.9512857228982564,2026-03-14T17:34:33.970000,66,,,
participant_12,3,day,Town10HD_Opt,2026-03-14 17:34:35.173801,-94.361083984375,27.83086585998535,0.00194980611559,3.375,-1.657,0.0,0.0,0,0,1,,1.0,2026-03-14T17:34:35.173801,neutral,0.953,2026-03-14T17:34:34.225588,0.9137017381897812,2026-03-14T17:34:34.960000,65,,,
participant_12,3,day,Town10HD_Opt,2026-03-14 17:34:36.130243,-93.83670806884766,27.8572940826416,0.0019438933813944,2.59,-4.162,0.0,0.0,0,0,1,,1.0,2026-03-14T17:34:36.130243,neutral,0.953,2026-03-14T17:34:34.225588,0.8513253477842431,2026-03-14T17:34:35.995000,66,,,
participant_12,3,day,Town10HD_Opt,2026-03-14 17:34:37.352559,-93.32176208496094,27.873544692993164,0.0019364166073501,1.821,-4.001,0.0,0.0,0,0,1,,1.0,2026-03-14T17:34:37.352559,neutral,1.0,2026-03-14T17:34:37.352559,0.8476324822063421,2026-03-14T17:34:37.075000,67,,,
participant_12,3,day,Town10HD_Opt,2026-03-14 17:34:38.318115,-93.03865814208984,27.88001251220703,0.0019324492895975,1.398,-4.011,0.0,0.0,0,0,1,,1.0,2026-03-14T17:34:38.318115,neutral,1.0,2026-03-14T17:34:37.352559,0.8753513030019543,2026-03-14T17:34:38.156000,68,,,
participant_12,3,day,Town10HD_Opt,2026-03-14 17:34:39.352159,-92.8213882446289,27.883695602416992,0.0019293593941256,1.073,-3.943,0.0,0.0,0,0,1,,1.0,2026-03-14T17:34:39.352159,neutral,1.0,2026-03-14T17:34:37.352559,0.8546685603784828,2026-03-14T17:34:39.011000,68,,,
participant_12,3,day,Town10HD_Opt,2026-03-14 17:34:40.326178,-92.65528869628906,27.8867301940918,0.0019308852497488,0.717,-2.642,0.103,0.0,0,0,1,,1.0,2026-03-14T17:34:40.326178,neutral,0.994,2026-03-14T17:34:40.326178,0.8836121318898746,2026-03-14T17:34:40.092000,67,,,
participant_12,3,day,Town10HD_Opt,2026-03-14 17:34:41.338683,-92.1551742553711,27.89859962463379,0.0015985870268195,8.345,-0.98,0.856,0.0,0,0,1,,1.0,2026-03-14T17:34:41.338683,neutral,0.994,2026-03-14T17:34:40.326178,0.8411668490938995,2026-03-14T17:34:40.990000,67,,,
participant_12,3,day,Town10HD_Opt,2026-03-14 17:34:42.357100,-89.66814422607422,27.95488739013672,0.0018820952391251,18.368,-1.008,0.412,0.0,0,0,1,,1.0,2026-03-14T17:34:42.357100,neutral,0.962,2026-03-14T17:34:42.357100,0.8760891546973711,2026-03-14T17:34:42.120000,71,,,
participant_12,3,day,Town10HD_Opt,2026-03-14 17:34:43.304637,-86.47209930419922,27.97361183166504,0.0018561935285106,17.469,-1.295,0.0,0.0,0,0,1,,1.0,2026-03-14T17:34:43.304637,neutral,0.962,2026-03-14T17:34:42.357100,0.8498955158653666,2026-03-14T17:34:43.106000,65,,,
participant_12,3,day,Town10HD_Opt,2026-03-14 17:34:44.236510,-83.737548828125,27.9432315826416,0.0020410155411809,13.488,0.188,0.0,0.0,0,0,1,,1.0,2026-03-14T17:34:44.236510,neutral,0.962,2026-03-14T17:34:42.357100,0.8035768230593245,2026-03-14T17:34:44.275000,68,,,
participant_12,3,day,Town10HD_Opt,2026-03-14 17:34:45.229347,-81.63555908203125,27.93996238708496,0.0020180509891361,10.362,1.034,0.0,0.0,0,0,1,,1.0,2026-03-14T17:34:45.229347,neutral,0.998,2026-03-14T17:34:45.229347,0.8784744592438913,2026-03-14T17:34:45.039000,67,,,
participant_12,3,day,Town10HD_Opt,2026-03-14 17:34:46.188158,-80.02142333984375,27.95696258544922,0.0019953155424445,7.956,1.022,0.0,0.0,0,0,1,,1.0,2026-03-14T17:34:46.188158,neutral,0.998,2026-03-14T17:34:45.229347,0.8588584668532095,2026-03-14T17:34:46.120000,66,,,
participant_12,3,day,Town10HD_Opt,2026-03-14 17:34:47.158013,-78.7822494506836,27.97962188720703,0.0019776534754782,6.108,0.888,0.0,0.0,0,0,1,,1.0,2026-03-14T17:34:47.158013,neutral,0.998,2026-03-14T17:34:45.229347,0.8578754953485086,2026-03-14T17:34:47.200000,67,,,
participant_12,3,day,Town10HD_Opt,2026-03-14 17:34:48.078781,-78.16515350341797,27.99277305603028,0.0021456908434629,0.0,0.893,0.0,0.016,0,0,1,,1.0,2026-03-14T17:34:48.078781,neutral,0.996,2026-03-14T17:34:48.078781,0.8677531967469796,2026-03-14T17:34:48.416000,66,,,
participant_12,3,day,Town10HD_Opt,2026-03-14 17:34:49.314144,-78.16398620605469,27.99280548095703,0.001922111492604,0.004,0.898,0.0,0.0,0,0,1,,1.0,2026-03-14T17:34:49.314144,neutral,0.996,2026-03-14T17:34:48.078781,0.8136862793574464,2026-03-14T17:34:49,67,,,
participant_12,3,day,Town10HD_Opt,2026-03-14 17:34:50.305500,-78.16368103027344,27.992807388305664,0.001919288537465,0.001,0.592,0.0,0.0,0,0,1,,1.0,2026-03-14T17:34:50.305500,neutral,0.998,2026-03-14T17:34:50.305500,0.9297361941173916,2026-03-14T17:34:50.007000,66,,,
participant_12,3,day,Town10HD_Opt,2026-03-14 17:34:51.216009,-78.16364288330078,27.992807388305664,0.0019188689766451,0.006,0.583,0.0,0.0,0,0,1,,1.0,2026-03-14T17:34:51.216009,neutral,0.998,2026-03-14T17:34:50.305500,0.9408678922515482,2026-03-14T17:34:50.981000,65,,,
participant_12,3,day,Town10HD_Opt,2026-03-14 17:34:52.101663,-78.16368103027344,27.992807388305664,0.001918678288348,0.006,0.583,0.0,0.0,0,0,1,,1.0,2026-03-14T17:34:52.101663,neutral,0.998,2026-03-14T17:34:50.305500,0.8661499320303315,2026-03-14T17:34:52.016000,66,,,
participant_12,3,day,Town10HD_Opt,2026-03-14 17:34:53.065890,-78.16358947753906,27.992807388305664,0.0019189834129065,0.002,0.583,0.0,0.0,0,0,1,,1.0,2026-03-14T17:34:53.065890,neutral,0.995,2026-03-14T17:34:53.065890,0.9194172986956556,2026-03-14T17:34:52.961000,66,,,
participant_12,4,day,Town10HD_Opt,2026-03-14 17:45:00.000000,-41.66858673095703,89.7454833984375,0.5804919004440308,16.777,0.949,0.234,0.0,0,0,1,,1.0,2026-03-14T17:45:00,,,2026-03-14T17:45:00,0.4814146629344163,2026-03-14T17:45:00,62,,,
participant_12,4,day,Town10HD_Opt,2026-03-14 17:45:05.540421,-41.68869400024414,86.67068481445312,0.0017222976312041,16.827,0.973,0.25,0.0,0,0,1,,0.893,2026-03-14T17:45:05.540421,,,2026-03-14T17:45:05.540421,0.5156341644423077,2026-03-14T17:45:06.031000,62,,,
participant_12,4,day,Town10HD_Opt,2026-03-14 17:45:06.167241,-41.66997909545898,84.63215637207031,0.00204429612495,18.43,1.29,0.632,0.0,0,0,1,,0.923,2026-03-14T17:45:06.167241,,,2026-03-14T17:45:05.540421,0.5635863378981114,2026-03-14T17:45:06.031000,62,,,
participant_12,4,day,Town10HD_Opt,2026-03-14 17:45:07.188016,-41.51387786865234,81.09839630126953,0.0019025802612304,22.409,4.775,0.513,0.0,0,0,1,,0.818,2026-03-14T17:45:07.188016,,,2026-03-14T17:45:05.540421,0.5086137687666409,2026-03-14T17:45:06.975000,63,,,
participant_12,4,day,Town10HD_Opt,2026-03-14 17:45:08.153583,-40.810302734375,76.9923095703125,0.0020050429739058,24.619,11.672,0.39,0.0,0,0,1,,1.0,2026-03-14T17:45:08.153583,neutral,0.509,2026-03-14T17:45:08.153583,0.4876288215677318,2026-03-14T17:45:07.966000,64,,,
participant_12,4,day,Town10HD_Opt,2026-03-14 17:45:09.243295,-38.87877655029297,73.18700408935547,0.0020964050199836,24.403,23.588,0.349,0.0,0,0,1,,1.0,2026-03-14T17:45:09.243295,neutral,0.509,2026-03-14T17:45:08.153583,0.4890008136846907,2026-03-14T17:45:09,66,,,
participant_12,4,day,Town10HD_Opt,2026-03-14 17:45:10.237598,-35.506893157958984,70.718017578125,0.0021069336216896,23.995,22.002,0.348,0.0,0,0,1,,1.0,2026-03-14T17:45:10.237598,neutral,0.926,2026-03-14T17:45:10.237598,0.509757979943196,2026-03-14T17:45:09.991000,65,,,
participant_12,4,day,Town10HD_Opt,2026-03-14 17:45:11.065057,-32.8332405090332,69.91825866699219,0.0020756148733198,23.939,12.132,0.328,0.0,0,0,1,,0.919,2026-03-14T17:45:11.065057,neutral,0.926,2026-03-14T17:45:10.237598,0.5824514399225439,2026-03-14T17:45:11.006000,69,,,
participant_12,4,day,Town10HD_Opt,2026-03-14 17:45:12.006814,-28.70312690734864,69.57222747802734,0.0020706176292151,23.528,10.142,0.327,0.0,0,0,1,,0.902,2026-03-14T17:45:12.006814,neutral,0.926,2026-03-14T17:45:10.237598,0.4982385934380713,2026-03-14T17:45:11.970000,69,,,
participant_12,4,day,Town10HD_Opt,2026-03-14 17:45:13.273216,-23.26253128051757,69.8614501953125,0.0020547865424305,23.1,-2.621,0.327,0.0,0,0,1,,0.959,2026-03-14T17:45:13.273216,neutral,0.603,2026-03-14T17:45:13.273216,0.4681662669136409,2026-03-14T17:45:12.959000,68,,,
participant_12,4,day,Town10HD_Opt,2026-03-14 17:45:14.233830,-19.23838424682617,69.9567642211914,0.0020528030581772,22.839,0.815,0.328,0.0,0,0,1,,0.817,2026-03-14T17:45:14.233830,neutral,0.603,2026-03-14T17:45:13.273216,0.4925134507229844,2026-03-14T17:45:14.040000,68,,,
participant_12,4,day,Town10HD_Opt,2026-03-14 17:45:15.168045,-15.26027774810791,70.0866928100586,0.0020512770861387,22.587,-0.703,0.328,0.0,0,0,1,,1.0,2026-03-14T17:45:15.168045,neutral,0.603,2026-03-14T17:45:13.273216,0.4792024600237715,2026-03-14T17:45:14.985000,71,,,
participant_12,4,day,Town10HD_Opt,2026-03-14 17:45:16.092281,-11.319897651672363,70.1524887084961,0.0020505141001194,22.377,-1.248,0.328,0.0,0,0,1,,0.808,2026-03-14T17:45:16.092281,sad,0.775,2026-03-14T17:45:16.092281,0.5278921040791218,2026-03-14T17:45:15.975000,73,,,
participant_12,4,day,Town10HD_Opt,2026-03-14 17:45:17.032101,-7.413825511932373,70.13492584228516,0.0020497892983257,22.191,-0.472,0.328,0.0,0,0,1,,1.0,2026-03-14T17:45:17.032101,sad,0.775,2026-03-14T17:45:16.092281,0.4756591761671383,2026-03-14T17:45:16.965000,74,,,
participant_12,4,day,Town10HD_Opt,2026-03-14 17:45:18.252635,-2.252580165863037,70.07672882080078,0.0020486831199377,21.98,-0.139,0.328,0.0,0,0,1,,1.0,2026-03-14T17:45:18.252635,neutral,0.731,2026-03-14T17:45:18.252635,0.5493248324813924,2026-03-14T17:45:18,75,,,
participant_12,4,day,Town10HD_Opt,2026-03-14 17:45:19.229380,1.565045952796936,70.02544403076172,0.0020748518873006,21.337,0.026,0.258,0.0,0,0,1,,0.902,2026-03-14T17:45:19.229380,neutral,0.731,2026-03-14T17:45:18.252635,0.4619673390391889,2026-03-14T17:45:18.990000,78,,,
participant_12,4,day,Town10HD_Opt,2026-03-14 17:45:20.117499,5.176708698272705,69.98302459716797,0.002090988215059,19.887,0.331,0.253,0.0,0,0,1,,0.853,2026-03-14T17:45:20.117499,neutral,0.731,2026-03-14T17:45:18.252635,0.589178697428078,2026-03-14T17:45:19.981000,79,,,
participant_12,4,day,Town10HD_Opt,2026-03-14 17:45:21.023813,8.521238327026367,69.96258544921875,0.0021186827216297,18.115,0.233,0.139,0.0,0,0,1,,0.837,2026-03-14T17:45:21.023813,neutral,0.562,2026-03-14T17:45:21.023813,0.5320230991306957,2026-03-14T17:45:20.970000,79,,,
participant_12,4,day,Town10HD_Opt,2026-03-14 17:45:22.227468,12.530631065368652,69.95336151123047,0.0019835662096738,15.754,-0.016,0.12,0.0,0,0,1,,1.0,2026-03-14T17:45:22.227468,neutral,0.562,2026-03-14T17:45:21.023813,0.4505362391869395,2026-03-14T17:45:21.960000,78,,,
participant_12,4,day,Town10HD_Opt,2026-03-14 17:45:23.170359,15.140382766723633,69.94752502441406,0.0019756315741688,13.968,-0.023,0.121,0.0,0,0,1,,1.0,2026-03-14T17:45:23.170359,neutral,0.585,2026-03-14T17:45:23.170359,0.5146981595675705,2026-03-14T17:45:22.996000,78,,,
participant_12,4,day,Town10HD_Opt,2026-03-14 17:45:24.118124,17.46761131286621,69.94142150878906,0.0019644927233457,12.539,-0.023,0.12,0.0,0,0,1,,0.809,2026-03-14T17:45:24.118124,neutral,0.585,2026-03-14T17:45:23.170359,0.5811374511145052,2026-03-14T17:45:23.985000,75,,,
participant_12,4,day,Town10HD_Opt,2026-03-14 17:45:25.036742,19.56692695617676,69.93533325195312,0.0019558714702725,11.38,-0.023,0.12,0.0,0,0,1,,1.0,2026-03-14T17:45:25.036742,neutral,0.585,2026-03-14T17:45:23.170359,0.5136171706428357,2026-03-14T17:45:24.975000,72,,,
participant_12,4,day,Town10HD_Opt,2026-03-14 17:45:26.281480,22.0832462310791,69.92747497558594,0.0019477843306958,10.116,-0.023,0.0,0.0,0,0,1,,1.0,2026-03-14T17:45:26.281480,neutral,0.609,2026-03-14T17:45:26.281480,0.4693756358694688,2026-03-14T17:45:25.965000,72,,,
participant_12,4,day,Town10HD_Opt,2026-03-14 17:45:27.197065,23.69271469116211,69.921875,0.0019904708024114,7.859,-0.023,0.0,0.0,0,0,1,,1.0,2026-03-14T17:45:27.197065,neutral,0.609,2026-03-14T17:45:26.281480,0.5512869785275042,2026-03-14T17:45:27,72,,,
participant_12,4,day,Town10HD_Opt,2026-03-14 17:45:28.173407,24.93245315551757,69.91735076904297,0.0019903564825654,5.788,-0.023,0.0,0.166,0,0,1,,1.0,2026-03-14T17:45:28.173407,neutral,0.609,2026-03-14T17:45:26.281480,0.5561742069193024,2026-03-14T17:45:27.995000,72,,,
participant_12,4,day,Town10HD_Opt,2026-03-14 17:45:29.081732,25.13512420654297,69.91613006591797,0.0019839857704937,0.0,-0.023,0.0,0.004,0,0,1,,1.0,2026-03-14T17:45:29.081732,neutral,0.629,2026-03-14T17:45:29.081732,0.5213934915981089,2026-03-14T17:45:28.980000,69,,,
participant_12,4,day,Town10HD_Opt,2026-03-14 17:45:30.296745,25.37164306640625,69.9156265258789,0.0017912673065438,3.608,-0.026,0.312,0.0,0,0,1,,1.0,2026-03-14T17:45:30.296745,neutral,0.629,2026-03-14T17:45:29.081732,0.5783454985140786,2026-03-14T17:45:29.970000,67,,,
participant_12,4,day,Town10HD_Opt,2026-03-14 17:45:31.227004,26.095766067504883,69.9130859375,0.0019202422117814,4.078,-0.026,0.0,0.0,0,0,1,,1.0,2026-03-14T17:45:31.227004,fear,0.376,2026-03-14T17:45:31.227004,0.6046952535748155,2026-03-14T17:45:30.961000,69,,,
participant_12,4,day,Town10HD_Opt,2026-03-14 17:45:32.137989,26.20126724243164,69.91287231445312,0.0019567108247429,0.003,-0.026,0.0,0.0,0,0,1,,0.85,2026-03-14T17:45:32.137989,fear,0.376,2026-03-14T17:45:31.227004,0.5407453276944425,2026-03-14T17:45:31.996000,68,,,
participant_12,4,day,Town10HD_Opt,2026-03-14 17:45:33.011618,26.27154922485352,69.91258239746094,0.0017990875057876,2.084,-0.035,0.555,0.0,0,0,1,,1.0,2026-03-14T17:45:33.011618,fear,0.376,2026-03-14T17:45:31.227004,0.5111883099983118,2026-03-14T17:45:32.985000,68,,,
participant_12,4,day,Town10HD_Opt,2026-03-14 17:45:34.191703,27.742265701293945,69.9081039428711,0.001798210083507,9.229,-0.035,0.254,0.0,0,0,1,,1.0,2026-03-14T17:45:34.191703,neutral,0.766,2026-03-14T17:45:34.191703,0.6587353353757468,2026-03-14T17:45:34.065000,66,,,
participant_12,4,day,Town10HD_Opt,2026-03-14 17:45:35.154861,29.45385360717773,69.9023208618164,0.0018961334135383,10.131,-0.035,0.187,0.0,0,0,1,,1.0,2026-03-14T17:45:35.154861,neutral,0.766,2026-03-14T17:45:34.191703,0.5817813031472878,2026-03-14T17:45:35.011000,64,,,
participant_12,4,day,Town10HD_Opt,2026-03-14 17:45:36.153733,31.234413146972656,69.88616943359375,0.0019265746232122,10.048,-2.188,0.137,0.0,0,0,1,,1.0,2026-03-14T17:45:36.153733,neutral,0.766,2026-03-14T17:45:34.191703,0.6379071477274657,2026-03-14T17:45:36,64,,,
participant_12,4,day,Town10HD_Opt,2026-03-14 17:45:37.128311,32.94993209838867,69.8086166381836,0.001935081440024,9.523,-3.693,0.111,0.0,0,0,1,,1.0,2026-03-14T17:45:37.128311,neutral,0.362,2026-03-14T17:45:37.128311,0.5706668171785519,2026-03-14T17:45:36.990000,65,,,
participant_12,4,day,Town10HD_Opt,2026-03-14 17:45:38.062007,34.502342224121094,69.68218994140625,0.0019841385073959,7.809,-3.693,0.0,0.0,0,0,1,,1.0,2026-03-14T17:45:38.062007,neutral,0.362,2026-03-14T17:45:37.128311,0.567902180025468,2026-03-14T17:45:37.981000,65,,,
participant_12,4,day,Town10HD_Opt,2026-03-14 17:45:39.083481,35.7062873840332,69.5253677368164,0.0019775009714066,5.987,-8.324,0.0,0.0,0,0,1,,1.0,2026-03-14T17:45:39.083481,neutral,0.362,2026-03-14T17:45:37.128311,0.6774967530261071,2026-03-14T17:45:38.971000,64,,,
participant_12,4,day,Town10HD_Opt,2026-03-14 17:45:40.061416,36.62057876586914,69.34825897216797,0.0019633101765066,4.531,-7.822,0.0,0.0,0,0,1,,1.0,2026-03-14T17:45:40.061416,neutral,0.363,2026-03-14T17:45:40.061416,0.608927727225405,2026-03-14T17:45:39.961000,64,,,
participant_12,4,day,Town10HD_Opt,2026-03-14 17:45:41.108853,37.32796478271485,69.2230224609375,0.0018843078287318,4.518,6.649,0.636,0.0,0,0,1,,1.0,2026-03-14T17:45:41.108853,neutral,0.363,2026-03-14T17:45:40.061416,0.5855065392895261,2026-03-14T17:45:40.996000,63,,,
participant_12,4,day,Town10HD_Opt,2026-03-14 17:45:42.012994,39.01956558227539,69.13323211669922,0.0015799712855368,14.931,8.747,0.664,0.0,0,0,1,,1.0,2026-03-14T17:45:42.012994,neutral,0.363,2026-03-14T17:45:40.061416,0.527440667975763,2026-03-14T17:45:41.986000,63,,,
participant_12,4,day,Town10HD_Opt,2026-03-14 17:45:43.224348,43.27405548095703,69.36148834228516,0.0019791794475167,19.96,0.606,0.496,0.0,0,0,1,,0.932,2026-03-14T17:45:43.224348,fear,0.371,2026-03-14T17:45:43.224348,0.5915227314173318,2026-03-14T17:45:42.975000,63,,,
participant_12,4,day,Town10HD_Opt,2026-03-14 17:45:44.278750,46.995155334472656,69.64302062988281,0.0019441604381427,23.001,0.964,0.47,0.0,0,0,1,,1.0,2026-03-14T17:45:44.278750,fear,0.371,2026-03-14T17:45:43.224348,0.5521793040090998,2026-03-14T17:45:43.970000,62,,,
participant_12,4,day,Town10HD_Opt,2026-03-14 17:45:45.202429,51.22737121582031,69.9630355834961,0.0019593429751694,25.653,-0.754,0.455,0.0,0,0,1,,1.0,2026-03-14T17:45:45.202429,fear,0.371,2026-03-14T17:45:43.224348,0.5663895179692758,2026-03-14T17:45:45.015000,63,,,
participant_12,4,day,Town10HD_Opt,2026-03-14 17:45:46.136590,55.88273620605469,70.22955322265625,0.0019749449566006,27.783,-1.029,0.45,0.0,0,0,1,,1.0,2026-03-14T17:45:46.136590,fear,0.426,2026-03-14T17:45:46.136590,0.4807466601875571,2026-03-14T17:45:45.990000,63,,,
participant_12,4,day,Town10HD_Opt,2026-03-14 17:45:47.015309,60.88006210327149,70.4006118774414,0.0019966887775808,29.302,-0.848,0.348,0.0,0,0,1,,1.0,2026-03-14T17:45:47.015309,fear,0.426,2026-03-14T17:45:46.136590,0.5475211781878313,2026-03-14T17:45:46.980000,64,,,
participant_12,4,day,Town10HD_Opt,2026-03-14 17:45:48.176546,67.43565368652344,70.43783569335938,0.0021710968576371,25.409,-0.79,0.0,0.0,0,0,1,,0.806,2026-03-14T17:45:48.176546,fear,0.344,2026-03-14T17:45:48.176546,0.4700563353273649,2026-03-14T17:45:47.970000,63,,,
participant_12,4,day,Town10HD_Opt,2026-03-14 17:45:49.042381,71.3908920288086,70.36404418945312,0.0022403716575354,19.258,-0.423,0.0,0.0,0,0,1,,1.0,2026-03-14T17:45:49.042381,fear,0.344,2026-03-14T17:45:48.176546,0.4418701724568253,2026-03-14T17:45:48.961000,64,,,
participant_12,4,day,Town10HD_Opt,2026-03-14 17:45:50.237285,75.23851013183594,70.26950073242188,0.0020445249974727,13.615,0.414,0.0,0.0,0,0,1,,1.0,2026-03-14T17:45:50.237285,fear,0.349,2026-03-14T17:45:50.237285,0.5693988673546319,2026-03-14T17:45:49.996000,66,,,
participant_12,4,day,Town10HD_Opt,2026-03-14 17:45:51.105824,77.35973358154297,70.22758483886719,0.0020190810319036,10.46,0.423,0.0,0.0,0,0,1,,1.0,2026-03-14T17:45:51.105824,fear,0.349,2026-03-14T17:45:50.237285,0.5391617696163694,2026-03-14T17:45:50.985000,65,,,
participant_12,4,day,Town10HD_Opt,2026-03-14 17:45:52.266763,79.40947723388672,70.19561004638672,0.001986312912777,7.266,0.005,0.125,0.0,0,0,1,,0.814,2026-03-14T17:45:52.266763,neutral,0.881,2026-03-14T17:45:52.266763,0.5263617726615388,2026-03-14T17:45:51.976000,64,,,
participant_12,4,day,Town10HD_Opt,2026-03-14 17:45:53.144647,80.77149200439453,70.17310333251953,0.0017797851469367,10.393,0.005,0.853,0.0,0,0,1,,0.915,2026-03-14T17:45:53.144647,neutral,0.881,2026-03-14T17:45:52.266763,0.5462130925379197,2026-03-14T17:45:52.965000,64,,,
participant_12,4,day,Town10HD_Opt,2026-03-14 17:45:54.044025,83.63115692138672,70.12953186035156,0.0017805862007662,21.906,0.698,0.631,0.0,0,0,1,,0.921,2026-03-14T17:45:54.044025,neutral,0.881,2026-03-14T17:45:52.266763,0.4847476839340388,2026-03-14T17:45:54,64,,,
participant_12,4,day,Town10HD_Opt,2026-03-14 17:45:55.249186,88.96416473388672,70.38259887695312,0.0021339415106922,21.35,11.844,0.291,0.0,0,0,1,,0.929,2026-03-14T17:45:55.249186,neutral,0.638,2026-03-14T17:45:55.249186,0.5937558952541332,2026-03-14T17:45:54.991000,62,,,
participant_12,4,day,Town10HD_Opt,2026-03-14 17:45:56.183472,92.46707153320312,71.5282211303711,0.0019728469196707,22.915,17.953,0.682,0.0,0,0,1,,0.941,2026-03-14T17:45:56.183472,neutral,0.638,2026-03-14T17:45:55.249186,0.5436925886838949,2026-03-14T17:45:55.980000,65,,,
participant_12,4,day,Town10HD_Opt,2026-03-14 17:45:57.044237,96.09842681884766,74.4032211303711,0.0017745970981195,31.8,17.291,0.752,0.0,0,0,1,,0.897,2026-03-14T17:45:57.044237,neutral,0.638,2026-03-14T17:45:55.249186,0.6481718345024405,2026-03-14T17:45:56.970000,65,,,
participant_12,4,day,Town10HD_Opt,2026-03-14 17:45:58.169645,99.24842834472656,81.96245574951172,0.0020166777539998,37.677,9.284,0.318,0.0,0,0,1,,0.911,2026-03-14T17:45:58.169645,neutral,0.956,2026-03-14T17:45:58.169645,0.6023165187828745,2026-03-14T17:45:58.005000,66,,,
participant_12,4,day,Town10HD_Opt,2026-03-14 17:45:59.056049,99.29932403564452,88.38711547851562,0.0021150968968868,35.548,0.585,0.322,0.0,0,0,1,,0.944,2026-03-14T17:45:59.056049,neutral,0.956,2026-03-14T17:45:58.169645,0.6198123587053106,2026-03-14T17:45:58.995000,65,,,
participant_12,4,day,Town10HD_Opt,2026-03-14 17:46:00.011799,98.92546844482422,94.42940521240234,0.0021022795699536,33.745,3.525,0.456,0.0,0,0,1,,1.0,2026-03-14T17:46:00.011799,neutral,0.956,2026-03-14T17:45:58.169645,0.6416447513952965,2026-03-14T17:45:59.986000,66,,,
participant_12,4,day,Town10HD_Opt,2026-03-14 17:46:01.232022,97.45843505859376,102.44730377197266,0.0019266509916633,37.401,4.122,0.575,0.0,0,0,1,,1.0,2026-03-14T17:46:01.232022,neutral,0.657,2026-03-14T17:46:01.232022,0.5987482762531285,2026-03-14T17:46:00.976000,66,,,
participant_12,4,day,Town10HD_Opt,2026-03-14 17:46:02.108646,95.3023681640625,108.91999816894533,0.0019348907517269,40.683,4.202,0.556,0.0,0,0,1,,0.873,2026-03-14T17:46:02.108646,neutral,0.657,2026-03-14T17:46:01.232022,0.6596154172207036,2026-03-14T17:46:01.965000,65,,,
participant_12,4,day,Town10HD_Opt,2026-03-14 17:46:03.027661,91.99607849121094,115.47312927246094,0.0019704054575413,43.248,5.411,0.546,0.0,0,0,1,,1.0,2026-03-14T17:46:03.027661,neutral,0.657,2026-03-14T17:46:01.232022,0.6394114950692789,2026-03-14T17:46:03.092000,67,,,
participant_12,4,day,Town10HD_Opt,2026-03-14 17:46:04.203039,85.3858871459961,123.3996810913086,0.0019934081938117,45.61,6.492,0.544,0.0,0,0,1,,0.812,2026-03-14T17:46:04.203039,neutral,0.827,2026-03-14T17:46:04.203039,0.6725581048250925,2026-03-14T17:46:04.035000,66,,,
participant_12,4,day,Town10HD_Opt,2026-03-14 17:46:05.146884,78.72195434570312,127.95670318603516,0.002004203852266,46.994,7.418,0.543,0.0,0,0,1,,1.0,2026-03-14T17:46:05.146884,neutral,0.827,2026-03-14T17:46:04.203039,0.5851050921596205,2026-03-14T17:46:04.980000,64,,,
participant_12,4,day,Town10HD_Opt,2026-03-14 17:46:06.089473,70.87872314453125,130.61192321777344,0.0020135496743023,48.082,6.974,0.541,0.0,0,0,1,,0.845,2026-03-14T17:46:06.089473,neutral,0.827,2026-03-14T17:46:04.203039,0.72559978721371,2026-03-14T17:46:05.971000,64,,,
participant_12,4,day,Town10HD_Opt,2026-03-14 17:46:07.073380,62.44633483886719,131.06744384765625,0.0020960615947842,47.245,1.671,0.0,0.0,0,0,1,,0.827,2026-03-14T17:46:07.073380,neutral,0.396,2026-03-14T17:46:07.073380,0.683011388087619,2026-03-14T17:46:07.006000,64,,,
participant_12,4,day,Town10HD_Opt,2026-03-14 17:46:08.048255,55.00039291381836,130.64407348632812,0.0023670578375458,37.009,-1.347,0.0,0.0,0,0,1,,0.884,2026-03-14T17:46:08.048255,neutral,0.396,2026-03-14T17:46:07.073380,0.6434221570382385,2026-03-14T17:46:07.995000,60,,,
participant_12,4,day,Town10HD_Opt,2026-03-14 17:46:09.052329,49.04356384277344,130.37860107421875,0.0021449278574436,32.453,-0.637,0.406,0.0,0,0,1,,0.845,2026-03-14T17:46:09.052329,neutral,0.396,2026-03-14T17:46:07.073380,0.6292428111451107,2026-03-14T17:46:08.985000,61,,,
participant_12,4,day,Town10HD_Opt,2026-03-14 17:46:10.037683,43.36652374267578,130.2270050048828,0.0020300291944295,32.719,-2.113,0.431,0.0,0,0,1,,0.822,2026-03-14T17:46:10.037683,happy,0.98,2026-03-14T17:46:10.037683,0.7040296790113674,2026-03-14T17:46:09.975000,61,,,
participant_12,4,day,Town10HD_Opt,2026-03-14 17:46:11.258220,35.57791519165039,130.38746643066406,0.0020062637049704,34.211,1.321,0.443,0.0,0,0,1,,0.945,2026-03-14T17:46:11.258220,happy,0.98,2026-03-14T17:46:10.037683,0.6057629837235404,2026-03-14T17:46:11.011000,63,,,
participant_12,4,day,Town10HD_Opt,2026-03-14 17:46:12.243324,29.52212142944336,130.4325714111328,0.0020156479440629,35.057,-0.435,0.443,0.0,0,0,1,,0.85,2026-03-14T17:46:12.243324,neutral,0.803,2026-03-14T17:46:12.243324,0.6363791212608712,2026-03-14T17:46:12,61,,,
participant_12,4,day,Town10HD_Opt,2026-03-14 17:46:13.203180,23.328765869140625,130.48851013183594,0.0020194626413285,35.781,0.211,0.443,0.0,0,0,1,,0.844,2026-03-14T17:46:13.203180,neutral,0.803,2026-03-14T17:46:12.243324,0.6365928002717653,2026-03-14T17:46:12.990000,62,,,
participant_12,4,day,Town10HD_Opt,2026-03-14 17:46:14.102528,17.01616859436035,130.51077270507812,0.0020225525368005,36.409,0.143,0.443,0.0,0,0,1,,0.898,2026-03-14T17:46:14.102528,neutral,0.803,2026-03-14T17:46:12.243324,0.6355191446638344,2026-03-14T17:46:13.981000,63,,,
participant_12,4,day,Town10HD_Opt,2026-03-14 17:46:15.041426,10.60629653930664,130.4990997314453,0.0020366667304188,36.593,0.287,0.134,0.0,0,0,1,,0.838,2026-03-14T17:46:15.041426,neutral,0.492,2026-03-14T17:46:15.041426,0.6472171457816738,2026-03-14T17:46:14.970000,65,,,
participant_12,4,day,Town10HD_Opt,2026-03-14 17:46:16.256832,3.0352542400360107,130.42385864257812,0.0022897720336914,27.001,0.179,0.0,0.0,0,0,1,,1.0,2026-03-14T17:46:16.256832,neutral,0.492,2026-03-14T17:46:15.041426,0.6298437049408458,2026-03-14T17:46:16.140000,64,,,
participant_12,4,day,Town10HD_Opt,2026-03-14 17:46:17.204501,-1.1476870775222778,130.3614044189453,0.0022541808430105,20.368,0.179,0.0,0.0,0,0,1,,0.876,2026-03-14T17:46:17.204501,fear,0.52,2026-03-14T17:46:17.204501,0.6220375878039676,2026-03-14T17:46:16.995000,63,,,
participant_12,4,day,Town10HD_Opt,2026-03-14 17:46:18.136075,-4.307214260101318,130.3053741455078,0.0020077896770089,15.675,-0.454,0.0,0.0,0,0,1,,0.908,2026-03-14T17:46:18.136075,fear,0.52,2026-03-14T17:46:17.204501,0.7029129304573963,2026-03-14T17:46:17.986000,63,,,
participant_12,4,day,Town10HD_Opt,2026-03-14 17:46:19.041566,-6.778275489807129,130.27842712402344,0.0020097731612622,12.617,-0.103,0.078,0.0,0,0,1,,1.0,2026-03-14T17:46:19.041566,fear,0.52,2026-03-14T17:46:17.204501,0.7107871025484631,2026-03-14T17:46:18.975000,61,,,
participant_12,4,day,Town10HD_Opt,2026-03-14 17:46:20.203591,-9.492055892944336,130.2517547607422,0.0019578551873564,10.751,-0.103,0.122,0.0,0,0,1,,0.903,2026-03-14T17:46:20.203591,neutral,0.372,2026-03-14T17:46:20.203591,0.705292008325869,2026-03-14T17:46:19.965000,62,,,
participant_12,4,day,Town10HD_Opt,2026-03-14 17:46:21.095888,-11.30286979675293,130.23631286621094,0.0019478225149214,9.868,-0.103,0.114,0.0,0,0,1,,0.85,2026-03-14T17:46:21.095888,neutral,0.372,2026-03-14T17:46:20.203591,0.6630551298123858,2026-03-14T17:46:21.046000,62,,,
participant_12,4,day,Town10HD_Opt,2026-03-14 17:46:22.013488,-12.965194702148438,130.22378540039062,0.001944274874404,9.114,-0.103,0.113,0.0,0,0,1,,0.843,2026-03-14T17:46:22.013488,neutral,0.372,2026-03-14T17:46:20.203591,0.6817063988506649,2026-03-14T17:46:21.991000,64,,,
participant_12,4,day,Town10HD_Opt,2026-03-14 17:46:23.186352,-15.04015064239502,130.21044921875,0.0019056319724768,9.125,-0.103,0.182,0.0,0,0,1,,0.865,2026-03-14T17:46:23.186352,fear,0.36,2026-03-14T17:46:23.186352,0.6681592285295288,2026-03-14T17:46:22.981000,62,,,
participant_12,4,day,Town10HD_Opt,2026-03-14 17:46:24.123613,-16.666723251342773,130.20175170898438,0.0019065856467932,9.501,-0.115,0.176,0.0,0,0,1,,0.864,2026-03-14T17:46:24.123613,fear,0.36,2026-03-14T17:46:23.186352,0.72147659354015,2026-03-14T17:46:24.061000,60,,,
participant_12,4,day,Town10HD_Opt,2026-03-14 17:46:25.262532,-18.90626335144043,130.1935577392578,0.0019315337995067,9.407,-0.155,0.144,0.0,0,0,1,,0.853,2026-03-14T17:46:25.262532,neutral,0.69,2026-03-14T17:46:25.262532,0.7378807468645128,2026-03-14T17:46:25.006000,63,,,
participant_12,4,day,Town10HD_Opt,2026-03-14 17:46:26.137297,-20.90376663208008,130.18994140625,0.0016535186441615,16.421,-0.155,0.74,0.0,0,0,1,,0.874,2026-03-14T17:46:26.137297,neutral,0.69,2026-03-14T17:46:25.262532,0.6526060965729014,2026-03-14T17:46:25.995000,64,,,
participant_12,4,day,Town10HD_Opt,2026-03-14 17:46:27.022204,-24.27123260498047,130.18734741210938,0.0018517684657126,22.398,0.256,0.503,0.0,0,0,1,,0.932,2026-03-14T17:46:27.022204,neutral,0.69,2026-03-14T17:46:25.262532,0.7200154843790719,2026-03-14T17:46:26.986000,65,,,
participant_12,4,day,Town10HD_Opt,2026-03-14 17:46:28.203153,-29.71126174926757,129.79798889160156,0.0020819092169404,22.916,9.621,0.282,0.0,0,0,1,,0.837,2026-03-14T17:46:28.203153,neutral,0.427,2026-03-14T17:46:28.203153,0.7206144457912973,2026-03-14T17:46:27.975000,68,,,
participant_12,4,day,Town10HD_Opt,2026-03-14 17:46:29.135260,-33.43222427368164,128.65716552734375,0.0020954513456672,21.656,13.224,0.288,0.0,0,0,1,,0.91,2026-03-14T17:46:29.135260,neutral,0.427,2026-03-14T17:46:28.203153,0.7407295316093073,2026-03-14T17:46:29.011000,65,,,
participant_12,4,day,Town10HD_Opt,2026-03-14 17:46:30.006799,-36.56100082397461,126.7223129272461,0.0020940017420798,20.611,14.778,0.289,0.0,0,0,1,,0.838,2026-03-14T17:46:30.006799,neutral,0.427,2026-03-14T17:46:28.203153,0.6795931794182375,2026-03-14T17:46:30,65,,,
participant_12,4,day,Town10HD_Opt,2026-03-14 17:46:31.236656,-39.56948852539063,123.18685150146484,0.0020866394042968,19.483,14.751,0.289,0.0,0,0,1,,0.875,2026-03-14T17:46:31.236656,neutral,0.5,2026-03-14T17:46:31.236656,0.6513213877040753,2026-03-14T17:46:30.991000,65,,,
participant_12,4,day,Town10HD_Opt,2026-03-14 17:46:32.173402,-40.89774703979492,120.06243133544922,0.0019696045201271,19.274,14.317,0.291,0.0,0,0,1,,0.808,2026-03-14T17:46:32.173402,neutral,0.5,2026-03-14T17:46:31.236656,0.6745001605667906,2026-03-14T17:46:31.980000,65,,,
participant_12,4,day,Town10HD_Opt,2026-03-14 17:46:33.152868,-41.473106384277344,116.67861938476562,0.0019693374633789,20.926,7.651,0.497,0.0,0,0,1,,0.926,2026-03-14T17:46:33.152868,neutral,0.5,2026-03-14T17:46:31.236656,0.7145169991965397,2026-03-14T17:46:32.971000,64,,,
participant_12,4,day,Town10HD_Opt,2026-03-14 17:46:34.095822,-41.70082473754883,112.73853302001952,0.0019564819522202,23.947,1.643,0.408,0.0,0,0,1,,0.902,2026-03-14T17:46:34.095822,neutral,0.392,2026-03-14T17:46:34.095822,0.6464617521981346,2026-03-14T17:46:34.007000,65,,,
participant_12,4,day,Town10HD_Opt,2026-03-14 17:46:35.088293,-41.77879333496094,108.41535949707033,0.0020036697387695,25.282,1.14,0.375,0.0,0,0,1,,0.827,2026-03-14T17:46:35.088293,neutral,0.392,2026-03-14T17:46:34.095822,0.6027898745947806,2026-03-14T17:46:34.996000,67,,,
participant_12,4,day,Town10HD_Opt,2026-03-14 17:46:36.004333,-41.71940994262695,103.94092559814452,0.0020353698637336,25.627,0.242,0.354,0.0,0,0,1,,0.86,2026-03-14T17:46:36.004333,neutral,0.392,2026-03-14T17:46:34.095822,0.5926144212575944,2026-03-14T17:46:35.986000,68,,,
participant_12,4,day,Town10HD_Opt,2026-03-14 17:46:37.270044,-41.58977890014648,97.92446899414062,0.0020402146037667,25.799,-0.618,0.353,0.0,0,0,1,,0.901,2026-03-14T17:46:37.270044,neutral,0.354,2026-03-14T17:46:37.270044,0.6520230296320678,2026-03-14T17:46:36.975000,66,,,
participant_12,4,day,Town10HD_Opt,2026-03-14 17:46:38.192003,-41.54178237915039,93.38742065429688,0.0020412444137036,25.904,-1.046,0.354,0.0,0,0,1,,0.839,2026-03-14T17:46:38.192003,neutral,0.354,2026-03-14T17:46:37.270044,0.6688967095016444,2026-03-14T17:46:37.966000,69,,,
participant_12,4,day,Town10HD_Opt,2026-03-14 17:46:39.178849,-41.56075286865234,88.83280181884766,0.0020414732862263,25.992,-0.486,0.344,0.0,0,0,1,,0.822,2026-03-14T17:46:39.178849,neutral,0.354,2026-03-14T17:46:37.270044,0.7219318255349736,2026-03-14T17:46:39.002000,70,,,
participant_12,4,day,Town10HD_Opt,2026-03-14 17:46:40.162251,-41.554935455322266,84.31333923339844,0.0020822524093091,25.109,2.506,0.275,0.0,0,0,1,,0.868,2026-03-14T17:46:40.162251,fear,0.335,2026-03-14T17:46:40.162251,0.6584467862135964,2026-03-14T17:46:40.036000,67,,,
participant_12,4,day,Town10HD_Opt,2026-03-14 17:46:41.150584,-41.21917724609375,80.04666137695312,0.0021068190690129,23.5,9.002,0.269,0.0,0,0,1,,0.905,2026-03-14T17:46:41.150584,fear,0.335,2026-03-14T17:46:40.162251,0.6835460007531399,2026-03-14T17:46:40.981000,68,,,
participant_12,4,day,Town10HD_Opt,2026-03-14 17:46:42.096879,-40.11119079589844,76.26024627685547,0.00212371814996,21.561,14.776,0.251,0.0,0,0,1,,0.952,2026-03-14T17:46:42.096879,fear,0.335,2026-03-14T17:46:40.162251,0.687341072876796,2026-03-14T17:46:41.971000,68,,,
participant_12,4,day,Town10HD_Opt,2026-03-14 17:46:43.089519,-38.08550262451172,73.29620361328125,0.0021348190493881,19.686,21.943,0.255,0.0,0,0,1,,0.87,2026-03-14T17:46:43.089519,neutral,0.67,2026-03-14T17:46:43.089519,0.6907045498929244,2026-03-14T17:46:43.006000,66,,,
participant_12,4,day,Town10HD_Opt,2026-03-14 17:46:44.109253,-35.356441497802734,71.43392944335938,0.0021080016158521,18.447,18.425,0.287,0.0,0,0,1,,0.865,2026-03-14T17:46:44.109253,neutral,0.67,2026-03-14T17:46:43.089519,0.703851495984566,2026-03-14T17:46:43.996000,66,,,
participant_12,4,day,Town10HD_Opt,2026-03-14 17:46:45.066082,-32.32198715209961,70.46987915039062,0.0020781706552952,18.465,12.204,0.316,0.0,0,0,1,,0.903,2026-03-14T17:46:45.066082,neutral,0.67,2026-03-14T17:46:43.089519,0.6324294343518831,2026-03-14T17:46:44.986000,67,,,
participant_12,4,day,Town10HD_Opt,2026-03-14 17:46:46.011429,-29.110509872436523,70.07792663574219,0.0020028303842991,19.39,6.898,0.417,0.0,0,0,1,,0.891,2026-03-14T17:46:46.011429,neutral,0.901,2026-03-14T17:46:46.011429,0.7186706814477766,2026-03-14T17:46:45.975000,66,,,
participant_12,4,day,Town10HD_Opt,2026-03-14 17:46:47.259862,-24.322492599487305,69.96745300292969,0.0019675062503665,22.148,-0.519,0.478,0.0,0,0,1,,0.89,2026-03-14T17:46:47.259862,neutral,0.901,2026-03-14T17:46:46.011429,0.7099917717438364,2026-03-14T17:46:46.965000,67,,,
participant_12,4,day,Town10HD_Opt,2026-03-14 17:46:48.220771,-20.169008255004883,69.87068939208984,0.0019261932466179,25.891,0.75,0.471,0.0,0,0,1,,1.0,2026-03-14T17:46:48.220771,neutral,0.832,2026-03-14T17:46:48.220771,0.7871708241090897,2026-03-14T17:46:48.001000,69,,,
participant_12,4,day,Town10HD_Opt,2026-03-14 17:46:49.213211,-15.47256565093994,69.82672882080078,0.0019752120133489,27.953,0.343,0.442,0.0,0,0,1,,0.887,2026-03-14T17:46:49.213211,neutral,0.832,2026-03-14T17:46:48.220771,0.7389890656532004,2026-03-14T17:46:48.990000,69,,,
participant_12,4,day,Town10HD_Opt,2026-03-14 17:46:50.188319,-10.455368041992188,69.83415985107422,0.0019969558343291,29.433,0.465,0.428,0.0,0,0,1,,0.91,2026-03-14T17:46:50.188319,neutral,0.832,2026-03-14T17:46:48.220771,0.7099089223025813,2026-03-14T17:46:49.981000,66,,,
participant_12,4,day,Town10HD_Opt,2026-03-14 17:46:51.116190,-5.214139461517334,69.90160369873047,0.0020070266909897,30.55,-0.12,0.428,0.0,0,0,1,,1.0,2026-03-14T17:46:51.116190,sad,0.346,2026-03-14T17:46:51.116190,0.6559835271382009,2026-03-14T17:46:50.971000,70,,,
participant_12,4,day,Town10HD_Opt,2026-03-14 17:46:52.055863,0.2098976075649261,69.96651458740234,0.0020118711981922,31.515,-0.287,0.427,0.0,0,0,1,,0.84,2026-03-14T17:46:52.055863,sad,0.346,2026-03-14T17:46:51.116190,0.7469820641066325,2026-03-14T17:46:52.006000,69,,,
participant_12,4,day,Town10HD_Opt,2026-03-14 17:46:53.000026,5.744375705718994,69.98995971679688,0.002098464872688,30.608,-0.087,0.007,0.0,0,0,1,,0.821,2026-03-14T17:46:53.000026,sad,0.346,2026-03-14T17:46:51.116190,0.7603331137130098,2026-03-14T17:46:52.995000,71,,,
participant_12,4,day,Town10HD_Opt,2026-03-14 17:46:54.174296,11.91814136505127,69.9921875,0.0022585678379982,21.661,-0.054,0.0,0.0,0,0,1,,0.852,2026-03-14T17:46:54.174296,neutral,0.34,2026-03-14T17:46:54.174296,0.7441458801589105,2026-03-14T17:46:53.987000,73,,,
participant_12,4,day,Town10HD_Opt,2026-03-14 17:46:55.060381,15.261959075927734,69.98701477050781,0.0019650650210678,16.562,-0.305,0.0,0.0,0,0,1,,0.839,2026-03-14T17:46:55.060381,neutral,0.34,2026-03-14T17:46:54.174296,0.7992630209690426,2026-03-14T17:46:54.975000,72,,,
participant_12,4,day,Town10HD_Opt,2026-03-14 17:46:56.012931,17.854598999023438,69.97584533691406,0.0020122909918427,13.283,0.092,0.16,0.0,0,0,1,,0.881,2026-03-14T17:46:56.012931,neutral,0.34,2026-03-14T17:46:54.174296,0.6809635025254569,2026-03-14T17:46:55.966000,71,,,
participant_12,4,day,Town10HD_Opt,2026-03-14 17:46:57.193574,20.873437881469727,69.96881103515625,0.0019514465238898,12.316,-0.035,0.104,0.0,0,0,1,,0.849,2026-03-14T17:46:57.193574,sad,0.341,2026-03-14T17:46:57.193574,0.7019204074661427,2026-03-14T17:46:57.001000,69,,,
participant_12,4,day,Town10HD_Opt,2026-03-14 17:46:58.110243,22.91128158569336,69.96240997314453,0.0019673155620694,10.83,-0.101,0.093,0.0,0,0,1,,1.0,2026-03-14T17:46:58.110243,sad,0.341,2026-03-14T17:46:57.193574,0.7475722885406633,2026-03-14T17:46:58.037000,69,,,
participant_12,4,day,Town10HD_Opt,2026-03-14 17:46:59.005520,24.661067962646484,69.95476531982422,0.0019937513861805,8.752,-0.101,0.0,0.0,0,0,1,,0.813,2026-03-14T17:46:59.005520,sad,0.341,2026-03-14T17:46:57.193574,0.773583933248486,2026-03-14T17:46:58.980000,67,,,
participant_12,4,day,Town10HD_Opt,2026-03-14 17:47:00.198793,26.03719711303711,69.94710540771484,0.0023140334524214,0.001,-0.101,0.0,0.183,0,0,1,,0.836,2026-03-14T17:47:00.198793,neutral,0.726,2026-03-14T17:47:00.198793,0.7916015931430167,2026-03-14T17:46:59.971000,68,,,
participant_12,4,day,Town10HD_Opt,2026-03-14 17:47:01.060210,26.038068771362305,69.94710540771484,0.0019316100515425,0.045,-0.101,0.56,0.0,0,0,1,,1.0,2026-03-14T17:47:01.060210,neutral,0.726,2026-03-14T17:47:00.198793,0.8061213727790154,2026-03-14T17:47:01.005000,70,,,
participant_12,4,day,Town10HD_Opt,2026-03-14 17:47:02.247915,27.38161277770996,69.93930053710938,0.001550636254251,14.093,-0.223,0.638,0.0,0,0,1,,0.814,2026-03-14T17:47:02.247915,neutral,0.55,2026-03-14T17:47:02.247915,0.7832063270017527,2026-03-14T17:47:01.996000,66,,,errors=Stop sign violation
participant_12,4,day,Town10HD_Opt,2026-03-14 17:47:03.233401,30.29228973388672,69.83928680419922,0.0020481871906667,18.353,-8.077,0.415,0.0,0,0,1,,1.0,2026-03-14T17:47:03.233401,neutral,0.55,2026-03-14T17:47:02.247915,0.8603858710061468,2026-03-14T17:47:03.007000,68,,,
participant_12,4,day,Town10HD_Opt,2026-03-14 17:47:04.161215,33.54430389404297,69.23368835449219,0.001988410949707,20.109,-12.728,0.48,0.0,0,0,1,,0.867,2026-03-14T17:47:04.161215,neutral,0.55,2026-03-14T17:47:02.247915,0.8201972304536187,2026-03-14T17:47:03.977000,70,,,
participant_12,4,day,Town10HD_Opt,2026-03-14 17:47:05.107068,36.94380187988281,67.69937133789062,0.0019613264594227,23.167,-15.036,0.48,0.0,0,0,1,,0.837,2026-03-14T17:47:05.107068,neutral,0.488,2026-03-14T17:47:05.107068,0.8459043426848315,2026-03-14T17:47:04.967000,67,,,
participant_12,4,day,Town10HD_Opt,2026-03-14 17:47:06.025183,40.18315887451172,64.95037078857422,0.0017721175681799,25.824,-12.585,0.46,0.0,0,0,1,,1.0,2026-03-14T17:47:06.025183,neutral,0.488,2026-03-14T17:47:05.107068,0.8014277839574618,2026-03-14T17:47:06.003000,66,,,
participant_12,4,day,Town10HD_Opt,2026-03-14 17:47:07.213331,43.37635803222656,59.55651092529297,0.0019748306367546,28.555,-13.443,0.444,0.0,0,0,1,,1.0,2026-03-14T17:47:07.213331,neutral,0.41,2026-03-14T17:47:07.213331,0.9133837049459396,2026-03-14T17:47:06.994000,65,,,
participant_12,4,day,Town10HD_Opt,2026-03-14 17:47:08.172502,44.22669982910156,54.72989273071289,0.0021517944987863,26.637,-11.12,0.155,0.0,0,0,1,,1.0,2026-03-14T17:47:08.172502,neutral,0.41,2026-03-14T17:47:07.213331,0.8417688243020935,2026-03-14T17:47:07.981000,66,,,
participant_12,4,day,Town10HD_Opt,2026-03-14 17:47:09.144149,44.18345260620117,50.51425552368164,0.0022434997372329,21.049,1.514,0.0,0.0,0,0,1,,0.908,2026-03-14T17:47:09.144149,neutral,0.41,2026-03-14T17:47:07.213331,0.9008395107702012,2026-03-14T17:47:08.970000,65,,,
participant_12,4,day,Town10HD_Opt,2026-03-14 17:47:10.044707,44.14070129394531,47.30716323852539,0.0019963455852121,15.683,-0.994,0.0,0.0,0,0,1,,1.0,2026-03-14T17:47:10.044707,neutral,0.484,2026-03-14T17:47:10.044707,0.8795528984881279,2026-03-14T17:47:10.006000,63,,,
participant_12,4,day,Town10HD_Opt,2026-03-14 17:47:11.199656,44.05243682861328,44.13917541503906,0.0020257185678929,11.188,-0.143,0.0,0.0,0,0,1,,1.0,2026-03-14T17:47:11.199656,neutral,0.484,2026-03-14T17:47:10.044707,0.8793644698632418,2026-03-14T17:47:10.998000,64,,,
participant_12,4,day,Town10HD_Opt,2026-03-14 17:47:12.081002,44.0045166015625,42.46736145019531,0.0020323942881077,7.651,-0.143,0.0,0.059,0,0,1,,1.0,2026-03-14T17:47:12.081002,neutral,0.473,2026-03-14T17:47:12.081002,0.9414190691789468,2026-03-14T17:47:11.986000,62,,,
participant_12,4,day,Town10HD_Opt,2026-03-14 17:47:13.263717,43.97130584716797,41.35254287719727,0.0021774291526526,0.001,-0.141,0.0,0.269,0,0,1,,0.809,2026-03-14T17:47:13.263717,neutral,0.473,2026-03-14T17:47:12.081002,0.9519615408612152,2026-03-14T17:47:12.977000,62,,,
participant_12,4,day,Town10HD_Opt,2026-03-14 17:47:14.144054,43.97089385986328,41.33316802978516,0.0018594360444694,1.835,1.941,0.893,0.0,0,0,1,,1.0,2026-03-14T17:47:14.144054,neutral,0.54,2026-03-14T17:47:14.144054,0.8856694543489464,2026-03-14T17:47:14.056000,63,,,
participant_12,4,day,Town10HD_Opt,2026-03-14 17:47:15.065888,44.02191925048828,39.943119049072266,0.0014810180291533,15.329,8.296,0.729,0.0,0,0,1,,0.905,2026-03-14T17:47:15.065888,neutral,0.54,2026-03-14T17:47:14.144054,0.99,2026-03-14T17:47:15.002000,66,,,
participant_12,4,day,Town10HD_Opt,2026-03-14 17:47:16.023100,44.50044631958008,36.79645156860352,0.0019506072858348,20.097,12.369,0.548,0.0,0,0,1,,0.863,2026-03-14T17:47:16.023100,neutral,0.54,2026-03-14T17:47:14.144054,0.8766365753880857,2026-03-14T17:47:15.991000,65,,,
participant_12,4,day,Town10HD_Opt,2026-03-14 17:47:17.233274,46.823974609375,31.869150161743164,0.0018422699067741,28.254,18.189,0.657,0.0,0,0,1,,1.0,2026-03-14T17:47:17.233274,neutral,0.342,2026-03-14T17:47:17.233274,0.8552397981396906,2026-03-14T17:47:16.983000,67,,,
participant_12,4,day,Town10HD_Opt,2026-03-14 17:47:18.136732,50.92353057861328,28.510358810424805,0.002018546918407,31.516,17.931,0.225,0.0,0,0,1,,1.0,2026-03-14T17:47:18.136732,neutral,0.342,2026-03-14T17:47:17.233274,0.8643342556478593,2026-03-14T17:47:18.017000,67,,,
participant_12,4,day,Town10HD_Opt,2026-03-14 17:47:19.040590,55.92205810546875,27.214738845825195,0.002214279025793,27.627,15.773,0.175,0.0,0,0,1,,1.0,2026-03-14T17:47:19.040590,neutral,0.342,2026-03-14T17:47:17.233274,0.9601097263961584,2026-03-14T17:47:19.007000,63,,,
participant_12,4,day,Town10HD_Opt,2026-03-14 17:47:20.215653,61.72053146362305,27.677135467529297,0.0021694563329219,22.236,-3.229,0.161,0.0,0,0,1,,1.0,2026-03-14T17:47:20.215653,neutral,0.892,2026-03-14T17:47:20.215653,0.8641634448985628,2026-03-14T17:47:19.996000,66,,,
participant_12,4,day,Town10HD_Opt,2026-03-14 17:47:21.107433,65.57786560058594,27.938995361328125,0.0019079208141192,24.352,0.808,0.668,0.0,0,0,1,,0.831,2026-03-14T17:47:21.107433,neutral,0.892,2026-03-14T17:47:20.215653,0.9896730999337366,2026-03-14T17:47:20.986000,65,,,
participant_12,4,day,Town10HD_Opt,2026-03-14 17:47:22.283175,72.39361572265625,28.44859504699707,0.0017555236117914,36.183,-0.39,0.909,0.0,0,0,1,,1.0,2026-03-14T17:47:22.283175,neutral,0.455,2026-03-14T17:47:22.283175,0.95436898390421,2026-03-14T17:47:21.976000,67,,,
participant_12,4,day,Town10HD_Opt,2026-03-14 17:47:23.263941,79.52322387695312,28.89144897460937,0.0016748427879065,46.953,-1.309,0.841,0.0,0,0,1,,1.0,2026-03-14T17:47:23.263941,neutral,0.455,2026-03-14T17:47:22.283175,0.99,2026-03-14T17:47:23.012000,67,,,
participant_12,4,day,Town10HD_Opt,2026-03-14 17:47:24.162340,88.24676513671875,29.094560623168945,0.0021374893840402,49.001,-2.899,0.835,0.0,0,0,1,,1.0,2026-03-14T17:47:24.162340,neutral,0.455,2026-03-14T17:47:22.283175,0.9345268927181796,2026-03-14T17:47:24.001000,67,,,
participant_12,4,day,Town10HD_Opt,2026-03-14 17:47:25.050491,96.82649993896484,27.895891189575195,0.0021173858549445,48.732,-7.007,0.0,0.0,0,0,1,,0.858,2026-03-14T17:47:25.050491,fear,0.343,2026-03-14T17:47:25.050491,0.8884285326532742,2026-03-14T17:47:24.991000,67,,,
participant_12,4,day,Town10HD_Opt,2026-03-14 17:47:26.229627,105.21370697021484,22.927091598510746,0.0023365020751953,35.77,-11.231,0.179,0.0,0,0,1,,0.808,2026-03-14T17:47:26.229627,fear,0.343,2026-03-14T17:47:25.050491,0.9266690152592236,2026-03-14T17:47:25.981000,66,,,
participant_12,4,day,Town10HD_Opt,2026-03-14 17:47:27.111502,108.49565887451172,18.04351043701172,0.0020545576699078,34.094,-12.733,0.133,0.0,0,0,1,,0.842,2026-03-14T17:47:27.111502,neutral,0.318,2026-03-14T17:47:27.111502,0.94326405669742,2026-03-14T17:47:27.106000,67,,,
participant_12,4,day,Town10HD_Opt,2026-03-14 17:47:28.027323,109.86380004882812,12.635994911193848,0.0023079300299286,28.22,-9.727,0.0,0.23,0,0,1,,1.0,2026-03-14T17:47:28.027323,neutral,0.318,2026-03-14T17:47:27.111502,0.9210512444480192,2026-03-14T17:47:28.051000,65,,,
participant_12,4,day,Town10HD_Opt,2026-03-14 17:47:29.227716,109.9425277709961,7.4638671875,0.0019905089866369,16.248,3.057,0.0,0.413,0,0,1,,1.0,2026-03-14T17:47:29.227716,fear,0.363,2026-03-14T17:47:29.227716,0.976068988186133,2026-03-14T17:47:28.996000,65,,,errors=Harsh braking
participant_12,4,day,Town10HD_Opt,2026-03-14 17:47:30.107846,110.0032196044922,5.269168376922607,0.0022165297996252,7.543,2.113,0.0,1.0,0,0,1,,0.899,2026-03-14T17:47:30.107846,fear,0.363,2026-03-14T17:47:29.227716,0.8514620791686889,2026-03-14T17:47:29.986000,67,,,
participant_12,4,day,Town10HD_Opt,2026-03-14 17:47:31.041100,110.01433563232422,5.000065326690674,0.0020114898215979,0.0,1.887,0.0,1.0,0,0,1,,0.861,2026-03-14T17:47:31.041100,fear,0.363,2026-03-14T17:47:29.227716,0.9384749566349144,2026-03-14T17:47:31.021000,66,,,
participant_12,4,day,Town10HD_Opt,2026-03-14 17:47:32.148799,110.01434326171876,4.999961853027344,0.00192012777552,0.0,0.489,0.0,0.0,0,0,1,,0.904,2026-03-14T17:47:32.148799,angry,0.545,2026-03-14T17:47:32.148799,0.8503611322192958,2026-03-14T17:47:32.056000,65,,,
participant_12,4,day,Town10HD_Opt,2026-03-14 17:47:33.267625,110.01569366455078,4.943522930145264,0.0017509460449218,3.469,-0.251,1.0,0.0,0,0,1,,1.0,2026-03-14T17:47:33.267625,angry,0.545,2026-03-14T17:47:32.148799,0.9388448725182504,2026-03-14T17:47:33.001000,67,,,
participant_12,4,day,Town10HD_Opt,2026-03-14 17:47:34.138391,110.0594711303711,3.122097969055176,0.0024003982543945,19.116,-0.362,1.0,0.0,0,0,1,,0.818,2026-03-14T17:47:34.138391,angry,0.545,2026-03-14T17:47:32.148799,0.9193321654818304,2026-03-14T17:47:33.992000,66,,,
participant_12,4,day,Town10HD_Opt,2026-03-14 17:47:35.011331,110.1278305053711,-1.2662211656570437,0.0015151214320212,33.77,-0.482,0.875,0.0,0,0,1,,1.0,2026-03-14T17:47:35.011331,neutral,0.307,2026-03-14T17:47:35.011331,0.8190373693204048,2026-03-14T17:47:34.981000,65,,,
participant_12,4,day,Town10HD_Opt,2026-03-14 17:47:36.216226,110.13331604003906,-10.102709770202637,0.0020519255194813,38.241,0.268,0.193,0.0,0,0,1,,1.0,2026-03-14T17:47:36.216226,neutral,0.307,2026-03-14T17:47:35.011331,0.870582124392012,2026-03-14T17:47:36.016000,69,,,
participant_12,4,day,Town10HD_Opt,2026-03-14 17:47:37.096347,110.13468170166016,-16.382896423339844,0.0022279738914221,32.386,-1.577,0.126,0.0,0,0,1,,1.0,2026-03-14T17:47:37.096347,sad,0.325,2026-03-14T17:47:37.096347,0.8655525931314303,2026-03-14T17:47:37.006000,71,,,
participant_12,4,day,Town10HD_Opt,2026-03-14 17:47:38.234487,109.79691314697266,-23.35845947265625,0.0020851134322583,28.575,-1.796,0.434,0.0,0,0,1,,0.862,2026-03-14T17:47:38.234487,sad,0.325,2026-03-14T17:47:37.096347,0.8742048471651835,2026-03-14T17:47:37.996000,71,,,
participant_12,4,day,Town10HD_Opt,2026-03-14 17:47:39.106530,109.25462341308594,-28.449893951416016,0.0019866561051458,30.258,-3.118,0.458,0.0,0,0,1,,1.0,2026-03-14T17:47:39.106530,sad,0.513,2026-03-14T17:47:39.106530,0.8296933785773053,2026-03-14T17:47:38.986000,72,,,
participant_12,4,day,Town10HD_Opt,2026-03-14 17:47:40.224261,107.76499938964844,-35.59089660644531,0.001994667109102,32.406,-4.558,0.458,0.0,0,0,1,,0.911,2026-03-14T17:47:40.224261,sad,0.513,2026-03-14T17:47:39.106530,0.873798850502435,2026-03-14T17:47:39.976000,73,,,
participant_12,4,day,Town10HD_Opt,2026-03-14 17:47:41.110467,105.76168823242188,-41.08160400390625,0.0019196700304746,35.507,-5.456,0.571,0.0,0,0,1,,0.902,2026-03-14T17:47:41.110467,sad,0.535,2026-03-14T17:47:41.110467,0.9231816697049748,2026-03-14T17:47:41.011000,73,,,
participant_12,4,day,Town10HD_Opt,2026-03-14 17:47:42.231841,101.3019790649414,-48.63121032714844,0.0019536591134965,39.732,-4.518,0.512,0.0,0,0,1,,0.816,2026-03-14T17:47:42.231841,sad,0.535,2026-03-14T17:47:41.110467,0.9436207653768894,2026-03-14T17:47:42.002000,75,,,
participant_12,4,day,Town10HD_Opt,2026-03-14 17:47:43.144306,96.63736724853516,-53.95428085327149,0.0020040129311382,41.172,-4.405,0.487,0.0,0,0,1,,1.0,2026-03-14T17:47:43.144306,sad,0.4,2026-03-14T17:47:43.144306,0.9531392485078364,2026-03-14T17:47:42.994000,74,,,
participant_12,4,day,Town10HD_Opt,2026-03-14 17:47:44.012477,91.06876373291016,-58.62269973754883,0.0020185851026326,42.013,-4.417,0.487,0.0,0,0,1,,1.0,2026-03-14T17:47:44.012477,sad,0.4,2026-03-14T17:47:43.144306,0.9095779601854628,2026-03-14T17:47:43.981000,76,,,
participant_12,4,day,Town10HD_Opt,2026-03-14 17:47:45.121378,82.45856475830078,-63.47882080078125,0.0020243453327566,42.925,-4.667,0.486,0.0,0,0,1,,0.86,2026-03-14T17:47:45.121378,sad,0.4,2026-03-14T17:47:43.144306,0.9665656125987364,2026-03-14T17:47:45.016000,76,,,
participant_12,4,day,Town10HD_Opt,2026-03-14 17:47:46.276755,72.80644226074219,-66.37066650390625,0.0020286941435188,43.659,-4.641,0.487,0.0,0,0,1,,1.0,2026-03-14T17:47:46.276755,sad,0.433,2026-03-14T17:47:46.276755,0.905676936858579,2026-03-14T17:47:46.006000,76,,,
participant_12,4,day,Town10HD_Opt,2026-03-14 17:47:47.194420,65.18492889404297,-67.19127655029297,0.0020428465213626,43.867,-0.909,0.414,0.0,0,0,1,,1.0,2026-03-14T17:47:47.194420,sad,0.433,2026-03-14T17:47:46.276755,0.861273826153852,2026-03-14T17:47:46.996000,76,,,
participant_12,4,day,Town10HD_Opt,2026-03-14 17:47:48.139312,57.66903305053711,-67.56000518798828,0.0021140670869499,41.748,-0.837,0.331,0.0,0,0,1,,0.866,2026-03-14T17:47:48.139312,sad,0.433,2026-03-14T17:47:46.276755,0.822967009709353,2026-03-14T17:47:47.986000,73,,,
participant_12,4,day,Town10HD_Opt,2026-03-14 17:47:49.100427,50.57665252685547,-67.73455047607422,0.0021218489855527,39.089,-0.04,0.352,0.0,0,0,1,,1.0,2026-03-14T17:47:49.100427,sad,0.377,2026-03-14T17:47:49.100427,0.8760244606699195,2026-03-14T17:47:49.021000,72,,,
participant_12,4,day,Town10HD_Opt,2026-03-14 17:47:50.085182,43.87882232666016,-67.85535430908203,0.0021085357293486,37.179,-0.139,0.342,0.0,0,0,1,,0.965,2026-03-14T17:47:50.085182,sad,0.377,2026-03-14T17:47:49.100427,0.9056967017647908,2026-03-14T17:47:50.011000,71,,,
participant_12,4,day,Town10HD_Opt,2026-03-14 17:47:51.255640,35.48488998413086,-67.93661499023438,0.0021044157911092,34.618,-0.345,0.332,0.0,0,0,1,,0.804,2026-03-14T17:47:51.255640,fear,0.291,2026-03-14T17:47:51.255640,0.9328587031143644,2026-03-14T17:47:51.002000,70,,,
participant_12,4,day,Town10HD_Opt,2026-03-14 17:47:52.132522,29.56247329711914,-67.92338562011719,0.0020965193398296,32.944,-0.197,0.331,0.0,0,0,1,,0.864,2026-03-14T17:47:52.132522,fear,0.291,2026-03-14T17:47:51.255640,0.99,2026-03-14T17:47:51.991000,71,,,
participant_12,4,day,Town10HD_Opt,2026-03-14 17:47:53.040082,23.914995193481445,-67.88124084472656,0.0020896529313176,31.493,0.078,0.331,0.0,0,0,1,,0.888,2026-03-14T17:47:53.040082,fear,0.291,2026-03-14T17:47:51.255640,0.900670481719251,2026-03-14T17:47:52.981000,69,,,
participant_12,4,day,Town10HD_Opt,2026-03-14 17:47:54.224442,16.750341415405273,-67.83755493164062,0.0020816803444176,29.851,0.078,0.33,0.0,0,0,1,,0.858,2026-03-14T17:47:54.224442,neutral,0.303,2026-03-14T17:47:54.224442,0.97146095074326,2026-03-14T17:47:54.017000,68,,,
participant_12,4,day,Town10HD_Opt,2026-03-14 17:47:55.162295,11.611106872558594,-67.81903839111328,0.0020767210517078,28.806,0.092,0.331,0.0,0,0,1,,1.0,2026-03-14T17:47:55.162295,neutral,0.303,2026-03-14T17:47:54.224442,0.8908931530893631,2026-03-14T17:47:55.007000,69,,,
participant_12,4,day,Town10HD_Opt,2026-03-14 17:47:56.106188,6.64072322845459,-67.81269836425781,0.001970520010218,27.929,0.143,0.33,0.0,0,0,1,,0.887,2026-03-14T17:47:56.106188,neutral,0.303,2026-03-14T17:47:54.224442,0.9566986777375056,2026-03-14T17:47:55.996000,67,,,
participant_12,4,day,Town10HD_Opt,2026-03-14 17:47:57.001276,1.8145334720611568,-67.82235717773438,0.0020672606769949,27.137,0.263,0.331,0.0,0,0,1,,0.906,2026-03-14T17:47:57.001276,neutral,0.334,2026-03-14T17:47:57.001276,0.9142357342572353,2026-03-14T17:47:56.987000,66,,,
participant_12,4,day,Town10HD_Opt,2026-03-14 17:47:58.157344,-4.415162563323975,-67.87483978271484,0.0020648192148655,26.226,0.181,0.339,0.0,0,0,1,,0.919,2026-03-14T17:47:58.157344,neutral,0.334,2026-03-14T17:47:57.001276,0.99,2026-03-14T17:47:57.977000,65,,,
participant_12,4,day,Town10HD_Opt,2026-03-14 17:47:59.000499,-9.03122329711914,-67.93702697753906,0.0020112609490752,26.86,0.07,0.42,0.0,0,0,1,,1.0,2026-03-14T17:47:59.000499,neutral,0.334,2026-03-14T17:47:57.001276,0.99,2026-03-14T17:47:59.011000,64,,,
participant_12,4,day,Town10HD_Opt,2026-03-14 17:48:00.085312,-15.493657112121582,-68.03438568115234,0.0020050047896802,28.544,-0.035,0.419,0.0,0,0,1,,0.806,2026-03-14T17:48:00.085312,sad,0.424,2026-03-14T17:48:00.085312,0.99,2026-03-14T17:48:00.001000,65,Solid line crossing,Solid line crossing,
participant_12,4,day,Town10HD_Opt,2026-03-14 17:48:01.195188,-22.30101776123047,-68.12968444824219,0.0020123289432376,29.808,-0.035,0.417,0.0,0,0,1,,1.0,2026-03-14T17:48:01.195188,sad,0.424,2026-03-14T17:48:00.085312,0.9260009261748422,2026-03-14T17:48:00.991000,63,,,
participant_12,4,day,Town10HD_Opt,2026-03-14 17:48:02.037497,-27.602821350097656,-68.19078063964844,0.0019974135793745,31.174,-0.122,0.471,0.0,0,0,1,,0.826,2026-03-14T17:48:02.037497,sad,0.424,2026-03-14T17:48:00.085312,0.9508699878015436,2026-03-14T17:48:02.026000,63,,,
participant_12,4,day,Town10HD_Opt,2026-03-14 17:48:03.161041,-35.11027145385742,-68.24697875976562,0.0019907378591597,33.419,-0.12,0.46,0.0,0,0,1,,1.0,2026-03-14T17:48:03.161041,sad,0.365,2026-03-14T17:48:03.161041,0.9338042546717242,2026-03-14T17:48:03.018000,63,,,
participant_12,4,day,Town10HD_Opt,2026-03-14 17:48:04.080603,-41.0532455444336,-68.26771545410156,0.0019997023046016,34.678,-0.094,0.46,0.0,0,0,1,,0.82,2026-03-14T17:48:04.080603,sad,0.365,2026-03-14T17:48:03.161041,0.9526563090379035,2026-03-14T17:48:04.007000,62,,,
participant_12,4,day,Town10HD_Opt,2026-03-14 17:48:05.184646,-49.31280517578125,-68.27526092529297,0.0020077896770089,36.175,-0.031,0.458,0.0,0,0,1,,0.98,2026-03-14T17:48:05.184646,sad,0.342,2026-03-14T17:48:05.184646,0.9709889443249402,2026-03-14T17:48:04.997000,63,,,
participant_12,4,day,Town10HD_Opt,2026-03-14 17:48:06.097128,-55.71939849853516,-68.27642059326172,0.0020124434959143,37.112,0.026,0.459,0.0,0,0,1,,0.898,2026-03-14T17:48:06.097128,sad,0.342,2026-03-14T17:48:05.184646,0.9323993493170531,2026-03-14T17:48:05.989000,62,,,
participant_12,4,day,Town10HD_Opt,2026-03-14 17:48:07.014158,-62.27984619140625,-68.28229522705078,0.0020164870657026,37.882,0.005,0.459,0.0,0,0,1,,1.0,2026-03-14T17:48:07.014158,sad,0.342,2026-03-14T17:48:05.184646,0.9246183688773022,2026-03-14T17:48:06.976000,64,,,
participant_12,4,day,Town10HD_Opt,2026-03-14 17:48:08.179310,-71.20893859863281,-67.95734405517578,0.0020270920358598,38.694,-2.84,0.453,0.0,0,0,1,,0.874,2026-03-14T17:48:08.179310,sad,0.432,2026-03-14T17:48:08.179310,0.9711158234471402,2026-03-14T17:48:08.011000,63,,,
participant_12,4,day,Town10HD_Opt,2026-03-14 17:48:09.009400,-77.93870544433594,-66.95112609863281,0.0020301437471061,39.106,-3.62,0.453,0.0,0,0,1,,1.0,2026-03-14T17:48:09.009400,sad,0.432,2026-03-14T17:48:08.179310,0.9149231926609376,2026-03-14T17:48:09.001000,61,,,
participant_12,4,day,Town10HD_Opt,2026-03-14 17:48:10.119455,-86.68587493896484,-64.24234771728516,0.0020370101556181,39.529,-4.943,0.453,0.0,0,0,1,,1.0,2026-03-14T17:48:10.119455,sad,0.432,2026-03-14T17:48:08.179310,0.7830121069349997,2026-03-14T17:48:09.991000,61,,,
participant_12,4,day,Town10HD_Opt,2026-03-14 17:48:11.027170,-92.78683471679688,-60.95768737792969,0.0020392988808453,39.771,-5.465,0.453,0.0,0,0,1,,0.854,2026-03-14T17:48:11.027170,angry,0.467,2026-03-14T17:48:11.027170,0.801956981237123,2026-03-14T17:48:10.981000,63,,,
participant_12,4,day,Town10HD_Opt,2026-03-14 17:48:12.127081,-99.86382293701172,-54.94900894165039,0.0020414732862263,40.025,-5.451,0.453,0.0,0,0,1,,1.0,2026-03-14T17:48:12.127081,angry,0.467,2026-03-14T17:48:11.027170,0.7424698222653072,2026-03-14T17:48:12.062000,61,,,
participant_12,4,day,Town10HD_Opt,2026-03-14 17:48:13.259979,-105.32611846923828,-47.36927032470703,0.002041091909632,40.258,-4.919,0.453,0.0,0,0,1,,1.0,2026-03-14T17:48:13.259979,angry,0.42,2026-03-14T17:48:13.259979,0.7979203879078941,2026-03-14T17:48:13.007000,62,,,
participant_12,4,day,Town10HD_Opt,2026-03-14 17:48:14.143738,-108.23453521728516,-40.95006561279297,0.002041587838903,40.404,-4.785,0.453,0.0,0,0,1,,1.0,2026-03-14T17:48:14.143738,angry,0.42,2026-03-14T17:48:13.259979,0.6886413358361143,2026-03-14T17:48:13.997000,59,,,
participant_12,4,day,Town10HD_Opt,2026-03-14 17:48:15.017572,-110.04188537597656,-34.14780807495117,0.002117957919836,39.024,-4.827,0.207,0.0,0,0,1,,1.0,2026-03-14T17:48:15.017572,angry,0.42,2026-03-14T17:48:13.259979,0.7931788531187792,2026-03-14T17:48:14.987000,58,,,
participant_12,4,day,Town10HD_Opt,2026-03-14 17:48:16.235838,-110.7402801513672,-25.79398536682129,0.002195663517341,32.626,-2.734,0.201,0.0,0,0,1,,0.871,2026-03-14T17:48:16.235838,neutral,0.328,2026-03-14T17:48:16.235838,0.7019592536742966,2026-03-14T17:48:15.977000,59,,,
participant_12,4,day,Town10HD_Opt,2026-03-14 17:48:17.130345,-110.59432220458984,-20.478376388549805,0.0022512055002152,26.924,-0.162,0.0,0.017,0,0,1,,1.0,2026-03-14T17:48:17.130345,neutral,0.328,2026-03-14T17:48:16.235838,0.696308205972533,2026-03-14T17:48:17.102000,59,,,
participant_12,4,day,Town10HD_Opt,2026-03-14 17:48:18.003338,-110.44873046875,-16.41853141784668,0.0023122024722397,18.668,1.49,0.0,0.374,0,0,1,,0.843,2026-03-14T17:48:18.003338,neutral,0.328,2026-03-14T17:48:16.235838,0.6926639636703454,2026-03-14T17:48:18.047000,58,,,
participant_12,4,day,Town10HD_Opt,2026-03-14 17:48:19.174040,-110.42841339111328,-13.042012214660645,0.0021057510748505,10.224,1.067,0.0,0.243,0,0,1,,1.0,2026-03-14T17:48:19.174040,fear,0.33,2026-03-14T17:48:19.174040,0.6795383129545522,2026-03-14T17:48:18.991000,60,,,
participant_12,4,day,Town10HD_Opt,2026-03-14 17:48:20.096074,-110.4404754638672,-11.544838905334473,0.0020073316991329,7.231,0.78,0.038,0.0,0,0,1,,0.806,2026-03-14T17:48:20.096074,fear,0.33,2026-03-14T17:48:19.174040,0.7592898408655472,2026-03-14T17:48:19.981000,62,,,
participant_12,4,day,Town10HD_Opt,2026-03-14 17:48:21.224601,-110.4510726928711,-10.082111358642578,0.001967926044017,5.14,-0.226,0.0,0.0,0,0,1,,1.0,2026-03-14T17:48:21.224601,sad,0.301,2026-03-14T17:48:21.224601,0.7669275472387019,2026-03-14T17:48:20.971000,63,,,
participant_12,4,day,Town10HD_Opt,2026-03-14 17:48:22.139931,-110.45404052734376,-9.27015781402588,0.0019573592580854,4.004,-0.209,0.0,0.0,0,0,1,,0.822,2026-03-14T17:48:22.139931,sad,0.301,2026-03-14T17:48:21.224601,0.7347877932964044,2026-03-14T17:48:22.007000,66,,,
participant_12,4,day,Town10HD_Opt,2026-03-14 17:48:23.015564,-110.45589447021484,-8.646888732910156,0.0019484710646793,3.074,-0.195,0.0,0.0,0,0,1,,0.873,2026-03-14T17:48:23.015564,sad,0.301,2026-03-14T17:48:21.224601,0.7413251620186265,2026-03-14T17:48:22.997000,67,,,
participant_12,4,day,Town10HD_Opt,2026-03-14 17:48:24.178119,-110.4572525024414,-8.035131454467773,0.0019397735595703,2.161,-0.186,0.0,0.0,0,0,1,,0.81,2026-03-14T17:48:24.178119,neutral,0.391,2026-03-14T17:48:24.178119,0.8455649895883575,2026-03-14T17:48:23.986000,66,,,
participant_12,4,day,Town10HD_Opt,2026-03-14 17:48:25.066910,-110.45807647705078,-7.698914527893066,0.0019348907517269,1.659,-0.186,0.0,0.0,0,0,1,,1.0,2026-03-14T17:48:25.066910,neutral,0.391,2026-03-14T17:48:24.178119,0.822920147448002,2026-03-14T17:48:24.977000,64,,,
participant_12,4,day,Town10HD_Opt,2026-03-14 17:48:26.226412,-110.45829010009766,-7.368945121765137,0.0019301986321806,1.166,-0.186,0.0,0.0,0,0,1,,0.826,2026-03-14T17:48:26.226412,neutral,0.441,2026-03-14T17:48:26.226412,0.8212444833266168,2026-03-14T17:48:26.012000,63,,,
participant_12,4,day,Town10HD_Opt,2026-03-14 17:48:27.089452,-110.45835876464844,-7.187620639801025,0.0019275664817541,0.896,-0.186,0.0,0.0,0,0,1,,0.899,2026-03-14T17:48:27.089452,neutral,0.441,2026-03-14T17:48:26.226412,0.7723748766659978,2026-03-14T17:48:27.002000,61,,,
participant_12,4,day,Town10HD_Opt,2026-03-14 17:48:28.273647,-110.45841217041016,-7.0095696449279785,0.0019249725155532,0.632,-0.186,0.0,0.0,0,0,1,,1.0,2026-03-14T17:48:28.273647,neutral,0.735,2026-03-14T17:48:28.273647,0.7571679766340397,2026-03-14T17:48:27.991000,59,,,
participant_12,4,day,Town10HD_Opt,2026-03-14 17:48:29.142922,-110.45845794677734,-6.9116387367248535,0.0019236755324527,0.486,-0.186,0.0,0.0,0,0,1,,0.89,2026-03-14T17:48:29.142922,neutral,0.735,2026-03-14T17:48:28.273647,0.7077316598769595,2026-03-14T17:48:28.980000,60,,,
participant_12,4,day,Town10HD_Opt,2026-03-14 17:48:30.032324,-110.45848083496094,-6.836430549621582,0.0019225692376494,0.374,-0.186,0.0,0.0,0,0,1,,1.0,2026-03-14T17:48:30.032324,neutral,0.735,2026-03-14T17:48:28.273647,0.8134173201563792,2026-03-14T17:48:30.016000,62,,,
participant_12,4,day,Town10HD_Opt,2026-03-14 17:48:31.179043,-110.45850372314452,-6.762569427490234,0.0019215011270716,0.264,-0.186,0.0,0.0,0,0,1,,0.849,2026-03-14T17:48:31.179043,sad,0.339,2026-03-14T17:48:31.179043,0.8151231943878221,2026-03-14T17:48:31.006000,63,,,
participant_12,4,day,Town10HD_Opt,2026-03-14 17:48:32.081997,-110.45852661132812,-6.721949100494385,0.0019208525773137,0.204,-0.186,0.0,0.0,0,0,1,,0.816,2026-03-14T17:48:32.081997,sad,0.339,2026-03-14T17:48:31.179043,0.7713431872923064,2026-03-14T17:48:31.996000,61,,,
participant_12,4,day,Town10HD_Opt,2026-03-14 17:48:33.025151,-110.45853424072266,-6.690756797790527,0.0019204712007194,0.157,-0.186,0.0,0.0,0,0,1,,0.839,2026-03-14T17:48:33.025151,sad,0.339,2026-03-14T17:48:31.179043,0.7165235300309938,2026-03-14T17:48:32.986000,64,,,
participant_12,4,day,Town10HD_Opt,2026-03-14 17:48:34.030119,-110.4585418701172,-6.666802406311035,0.0019200897077098,0.12,-0.186,0.0,0.0,0,0,1,,0.861,2026-03-14T17:48:34.030119,neutral,0.53,2026-03-14T17:48:34.030119,0.6923980532121087,2026-03-14T17:48:33.976000,62,,,
participant_12,4,day,Town10HD_Opt,2026-03-14 17:48:35.215005,-110.45854949951172,-6.643274784088135,0.0019197463989257,0.086,-0.186,0.0,0.0,0,0,1,,0.916,2026-03-14T17:48:35.215005,neutral,0.53,2026-03-14T17:48:34.030119,0.7333269910676945,2026-03-14T17:48:35.011000,63,,,
participant_12,4,day,Town10HD_Opt,2026-03-14 17:48:36.084018,-110.45854949951172,-6.631314754486084,0.0019188307924196,0.223,-0.157,0.942,0.0,0,0,1,,0.844,2026-03-14T17:48:36.084018,sad,0.42,2026-03-14T17:48:36.084018,0.7472298229394243,2026-03-14T17:48:36.002000,63,,,
participant_12,4,day,Town10HD_Opt,2026-03-14 17:48:37.280702,-110.45880889892578,-4.623069286346436,0.0014752197312191,18.425,-0.157,0.808,0.0,0,0,1,,0.905,2026-03-14T17:48:37.280702,sad,0.42,2026-03-14T17:48:36.084018,0.7178479627095444,2026-03-14T17:48:36.992000,61,,,
participant_12,4,day,Town10HD_Opt,2026-03-14 17:48:38.153968,-110.45148468017578,-0.8054273724555969,0.0017889022128656,25.995,-0.322,0.591,0.0,0,0,1,,1.0,2026-03-14T17:48:38.153968,neutral,0.446,2026-03-14T17:48:38.153968,0.6598043373431003,2026-03-14T17:48:37.982000,62,,,
participant_12,4,day,Town10HD_Opt,2026-03-14 17:48:39.066673,-110.2597427368164,4.131572723388672,0.0019093704177066,30.478,-5.271,0.518,0.0,0,0,1,,0.856,2026-03-14T17:48:39.066673,neutral,0.446,2026-03-14T17:48:38.153968,0.714919903924855,2026-03-14T17:48:38.972000,61,,,
participant_12,4,day,Town10HD_Opt,2026-03-14 17:48:40.212241,-108.811279296875,11.484952926635742,0.001940498361364,33.938,-5.791,0.489,0.0,0,0,1,,0.806,2026-03-14T17:48:40.212241,neutral,0.409,2026-03-14T17:48:40.212241,0.7013088360631,2026-03-14T17:48:40.007000,63,,,
participant_12,4,day,Town10HD_Opt,2026-03-14 17:48:41.125555,-106.4619598388672,17.05898666381836,0.0020177077967673,35.199,-9.487,0.438,0.0,0,0,1,,1.0,2026-03-14T17:48:41.125555,neutral,0.409,2026-03-14T17:48:40.212241,0.6942438874346682,2026-03-14T17:48:40.996000,63,,,
participant_12,4,day,Town10HD_Opt,2026-03-14 17:48:42.099748,-102.63436889648438,21.835596084594727,0.0021011352073401,34.947,-12.92,0.404,0.0,0,0,1,,1.0,2026-03-14T17:48:42.099748,neutral,0.409,2026-03-14T17:48:40.212241,0.6023065944566086,2026-03-14T17:48:41.987000,63,,,
participant_12,4,day,Town10HD_Opt,2026-03-14 17:48:43.022430,-97.45309448242188,24.86319923400879,0.002126274164766,33.49,-12.716,0.21,0.0,0,0,1,,0.807,2026-03-14T17:48:43.022430,neutral,0.333,2026-03-14T17:48:43.022430,0.5962618464691447,2026-03-14T17:48:42.977000,63,,,
participant_12,4,day,Town10HD_Opt,2026-03-14 17:48:44.301689,-90.70352935791016,25.996097564697266,0.002276801969856,24.422,1.431,0.0,0.0,0,0,1,,1.0,2026-03-14T17:48:44.301689,neutral,0.333,2026-03-14T17:48:43.022430,0.6308968441238633,2026-03-14T17:48:44.056000,64,,,
participant_12,4,day,Town10HD_Opt,2026-03-14 17:48:45.264659,-86.96878051757812,26.43813705444336,0.0022358703427016,18.38,0.846,0.248,0.0,0,0,1,,1.0,2026-03-14T17:48:45.264659,neutral,0.672,2026-03-14T17:48:45.264659,0.7115115773094072,2026-03-14T17:48:45.001000,65,,,
participant_12,4,day,Town10HD_Opt,2026-03-14 17:48:46.215521,-83.8263931274414,26.84475326538086,0.0020080946851521,18.597,-0.825,0.952,0.0,0,0,1,,0.855,2026-03-14T17:48:46.215521,neutral,0.672,2026-03-14T17:48:45.264659,0.647928862715327,2026-03-14T17:48:45.992000,66,,,
participant_12,4,day,Town10HD_Opt,2026-03-14 17:48:47.132647,-79.71675109863281,27.28092193603516,0.0015986632788553,31.252,-1.081,0.89,0.0,0,0,1,,0.88,2026-03-14T17:48:47.132647,neutral,0.672,2026-03-14T17:48:45.264659,0.5748271422399255,2026-03-14T17:48:46.981000,66,,,
participant_12,4,day,Town10HD_Opt,2026-03-14 17:48:48.046423,-73.24005889892578,27.78533935546875,0.0016613387269899,43.413,-1.514,0.816,0.0,0,0,1,,0.867,2026-03-14T17:48:48.046423,neutral,0.808,2026-03-14T17:48:48.046423,0.6245677082438703,2026-03-14T17:48:48.016000,64,,,
participant_12,4,day,Town10HD_Opt,2026-03-14 17:48:49.022404,-64.91938018798828,28.05478858947754,0.0017754745204001,51.471,-1.022,0.0,0.149,0,0,1,,1.0,2026-03-14T17:48:49.022404,neutral,0.808,2026-03-14T17:48:48.046423,0.6161521065300419,2026-03-14T17:48:49.006000,64,,,
participant_12,4,day,Town10HD_Opt,2026-03-14 17:48:50.295275,-53.22900390625,27.94638633728028,0.0020892333704978,49.295,-0.078,0.735,0.0,0,0,1,,0.869,2026-03-14T17:48:50.295275,neutral,0.568,2026-03-14T17:48:50.295275,0.6985551043206715,2026-03-14T17:48:49.996000,63,,,
participant_12,4,day,Town10HD_Opt,2026-03-14 17:48:51.217908,-44.50088882446289,27.788951873779297,0.0021259307395666,48.94,0.136,0.726,0.0,0,0,1,,0.862,2026-03-14T17:48:51.217908,neutral,0.568,2026-03-14T17:48:50.295275,0.6335088856825885,2026-03-14T17:48:50.987000,67,,,
participant_12,4,day,Town10HD_Opt,2026-03-14 17:48:52.145664,-35.77260971069336,27.68763542175293,0.0021248245611786,48.983,0.181,0.72,0.0,0,0,1,,0.845,2026-03-14T17:48:52.145664,neutral,0.568,2026-03-14T17:48:50.295275,0.6349257140789855,2026-03-14T17:48:52.023000,65,,,
participant_12,4,day,Town10HD_Opt,2026-03-14 17:48:53.089338,-27.043663024902344,27.651655197143555,0.0021266173571348,48.871,0.197,0.382,0.0,0,0,1,,0.889,2026-03-14T17:48:53.089338,sad,0.378,2026-03-14T17:48:53.089338,0.7473929550236345,2026-03-14T17:48:53.012000,70,,,
participant_12,4,day,Town10HD_Opt,2026-03-14 17:48:54.112301,-19.185800552368164,27.6820068359375,0.0023712920956313,39.268,0.223,0.0,0.0,0,0,1,,0.805,2026-03-14T17:48:54.112301,sad,0.378,2026-03-14T17:48:53.089338,0.6130642576033193,2026-03-14T17:48:54.002000,68,,,
participant_12,4,day,Town10HD_Opt,2026-03-14 17:48:55.017341,-12.968572616577148,27.75638771057129,0.0022209929302334,32.606,0.157,0.364,0.0,0,0,1,,0.903,2026-03-14T17:48:55.017341,sad,0.378,2026-03-14T17:48:53.089338,0.6767587393143505,2026-03-14T17:48:54.994000,69,,,
participant_12,4,day,Town10HD_Opt,2026-03-14 17:48:56.188886,-5.204359531402588,27.843135833740234,0.0018978881416842,36.065,-0.134,0.581,0.0,0,0,1,,0.889,2026-03-14T17:48:56.188886,neutral,0.485,2026-03-14T17:48:56.188886,0.5694250811427285,2026-03-14T17:48:55.982000,70,,,
participant_12,4,day,Town10HD_Opt,2026-03-14 17:48:57.110141,1.3856618404388428,27.893537521362305,0.0019721984863281,38.738,0.026,0.316,0.0,0,0,1,,0.923,2026-03-14T17:48:57.110141,neutral,0.485,2026-03-14T17:48:56.188886,0.6194448675709541,2026-03-14T17:48:57.017000,70,,,
participant_12,4,day,Town10HD_Opt,2026-03-14 17:48:58.039710,7.992532253265381,27.947696685791016,0.0021270369179546,36.268,-0.035,0.299,0.0,0,0,1,,0.886,2026-03-14T17:48:58.039710,neutral,0.485,2026-03-14T17:48:56.188886,0.5818108737871458,2026-03-14T17:48:58.007000,67,,,
participant_12,4,day,Town10HD_Opt,2026-03-14 17:48:59.218035,16.07713508605957,28.004350662231445,0.0021218108013272,32.891,0.007,0.287,0.0,0,0,1,,0.819,2026-03-14T17:48:59.218035,neutral,0.339,2026-03-14T17:48:59.218035,0.6328540126413047,2026-03-14T17:48:58.997000,68,,,
participant_12,4,day,Town10HD_Opt,2026-03-14 17:49:00.084823,21.634456634521484,28.082408905029297,0.0021292876917868,30.321,2.45,0.261,0.0,0,0,1,,0.836,2026-03-14T17:49:00.084823,neutral,0.339,2026-03-14T17:48:59.218035,0.5680554394789251,2026-03-14T17:48:59.987000,67,,,
participant_12,4,day,Town10HD_Opt,2026-03-14 17:49:01.256545,28.30574417114257,28.70128631591797,0.002124710008502,27.008,5.787,0.261,0.0,0,0,1,,1.0,2026-03-14T17:49:01.256545,neutral,0.353,2026-03-14T17:49:01.256545,0.6325761894068651,2026-03-14T17:49:01.021000,68,,,
participant_12,4,day,Town10HD_Opt,2026-03-14 17:49:02.138215,32.69352340698242,29.87556838989257,0.0021169662941247,24.91,9.447,0.28,0.0,0,0,1,,1.0,2026-03-14T17:49:02.138215,neutral,0.353,2026-03-14T17:49:01.256545,0.6317275107521165,2026-03-14T17:49:02.011000,68,,,
participant_12,4,day,Town10HD_Opt,2026-03-14 17:49:03.041682,36.33297729492188,31.93704032897949,0.0021237945184111,23.159,18.319,0.291,0.0,0,0,1,,0.935,2026-03-14T17:49:03.041682,neutral,0.353,2026-03-14T17:49:01.256545,0.5349978389974804,2026-03-14T17:49:03.003000,66,,,
participant_12,4,day,Town10HD_Opt,2026-03-14 17:49:04.187354,39.38216400146485,36.09109115600586,0.0021098707802593,21.552,18.254,0.291,0.0,0,0,1,,0.896,2026-03-14T17:49:04.187354,neutral,0.539,2026-03-14T17:49:04.187354,0.562722330589394,2026-03-14T17:49:03.992000,64,,,
participant_12,4,day,Town10HD_Opt,2026-03-14 17:49:05.042400,40.20774459838867,39.65742492675781,0.00209945673123,20.577,16.213,0.287,0.0,0,0,1,,1.0,2026-03-14T17:49:05.042400,neutral,0.539,2026-03-14T17:49:04.187354,0.5458975088985992,2026-03-14T17:49:04.982000,65,,,
participant_12,4,day,Town10HD_Opt,2026-03-14 17:49:06.180211,40.357540130615234,44.33731842041016,0.0020787811372429,19.305,-1.391,0.099,0.0,0,0,1,,1.0,2026-03-14T17:49:06.180211,neutral,0.539,2026-03-14T17:49:04.187354,0.4554227213299552,2026-03-14T17:49:06.016000,63,,,
participant_12,4,day,Town10HD_Opt,2026-03-14 17:49:07.029263,40.47538375854492,47.44753646850586,0.001997947692871,15.702,0.837,0.0,0.079,0,0,1,,1.0,2026-03-14T17:49:07.029263,sad,0.384,2026-03-14T17:49:07.029263,0.5020914616148978,2026-03-14T17:49:07.097000,62,,,
participant_12,4,day,Town10HD_Opt,2026-03-14 17:49:08.143763,40.540184020996094,50.31686019897461,0.0020817182958126,8.664,0.757,0.0,0.27,0,0,1,,0.801,2026-03-14T17:49:08.143763,sad,0.384,2026-03-14T17:49:07.029263,0.5143414786700089,2026-03-14T17:49:08.087000,65,,,
participant_12,4,day,Town10HD_Opt,2026-03-14 17:49:09.006669,40.55631637573242,51.41119003295898,0.0023762511555105,0.0,0.757,0.0,0.264,0,0,1,,0.867,2026-03-14T17:49:09.006669,sad,0.384,2026-03-14T17:49:07.029263,0.5118568003224491,2026-03-14T17:49:08.987000,63,,,
participant_12,4,day,Town10HD_Opt,2026-03-14 17:49:10.065601,40.55632019042969,51.41182327270508,0.0019266509916633,0.003,0.71,0.035,0.0,0,0,1,,0.815,2026-03-14T17:49:10.065601,neutral,0.887,2026-03-14T17:49:10.065601,0.4505707608293837,2026-03-14T17:49:10.022000,62,,,
participant_12,4,day,Town10HD_Opt,2026-03-14 17:49:11.152123,40.5576171875,51.501712799072266,0.0018956374842673,0.929,0.672,0.0,0.0,0,0,1,,1.0,2026-03-14T17:49:11.152123,neutral,0.887,2026-03-14T17:49:10.065601,0.5462807196882401,2026-03-14T17:49:11.012000,62,,,
participant_12,4,day,Town10HD_Opt,2026-03-14 17:49:12.207626,40.56021881103516,51.687347412109375,0.0019250105833634,0.66,0.672,0.0,0.0,0,0,1,,1.0,2026-03-14T17:49:12.207626,neutral,0.44,2026-03-14T17:49:12.207626,0.4957461517846731,2026-03-14T17:49:12.001000,64,,,
participant_12,4,day,Town10HD_Opt,2026-03-14 17:49:13.030811,40.56159210205078,51.78960418701172,0.0019237136002629,0.515,0.656,0.0,0.0,0,0,1,,0.816,2026-03-14T17:49:13.030811,neutral,0.44,2026-03-14T17:49:12.207626,0.4790218388613536,2026-03-14T17:49:12.992000,62,,,
participant_12,4,day,Town10HD_Opt,2026-03-14 17:49:14.134261,40.56293869018555,51.89002227783203,0.0019223403651267,0.358,0.618,0.0,0.0,0,0,1,,1.0,2026-03-14T17:49:14.134261,neutral,0.44,2026-03-14T17:49:12.207626,0.4825777713942693,2026-03-14T17:49:13.982000,61,,,
participant_12,4,day,Town10HD_Opt,2026-03-14 17:49:15.000886,40.56367111206055,51.94523239135742,0.0019215393112972,0.276,0.616,0.0,0.0,0,0,1,,1.0,2026-03-14T17:49:15.000886,sad,0.355,2026-03-14T17:49:15.000886,0.5317643844560707,2026-03-14T17:49:15.017000,63,,,
participant_12,4,day,Town10HD_Opt,2026-03-14 17:49:16.115088,40.56567001342773,52.10756301879883,0.0017023849068209,4.416,0.59,0.889,0.0,0,0,1,,0.815,2026-03-14T17:49:16.115088,sad,0.355,2026-03-14T17:49:15.000886,0.4756327863750434,2026-03-14T17:49:16.007000,67,,,
participant_12,4,day,Town10HD_Opt,2026-03-14 17:49:17.258047,40.60926818847656,55.17617416381836,0.0018120956374332,21.184,-2.527,0.819,0.0,0,0,1,,1.0,2026-03-14T17:49:17.258047,neutral,0.413,2026-03-14T17:49:17.258047,0.5378211626459272,2026-03-14T17:49:16.997000,66,,,errors=Stop sign violation
participant_12,4,day,Town10HD_Opt,2026-03-14 17:49:18.187316,41.14634323120117,59.6484489440918,0.001750640803948,30.809,-9.669,0.682,0.0,0,0,1,,0.874,2026-03-14T17:49:18.187316,neutral,0.413,2026-03-14T17:49:17.258047,0.5628879352743272,2026-03-14T17:49:17.986000,65,,,
participant_12,4,day,Town10HD_Opt,2026-03-14 17:49:19.171443,43.34169387817383,65.1100082397461,0.0018822478596121,36.71,-15.021,0.497,0.0,0,0,1,,1.0,2026-03-14T17:49:19.171443,neutral,0.413,2026-03-14T17:49:17.258047,0.4594965902791175,2026-03-14T17:49:19.022000,65,,,
participant_12,4,day,Town10HD_Opt,2026-03-14 17:49:20.001698,47.80244064331055,69.48783111572266,0.002253150800243,33.075,-16.193,0.0,0.0,0,0,1,,1.0,2026-03-14T17:49:20.001698,neutral,0.393,2026-03-14T17:49:20.001698,0.5070361692258687,2026-03-14T17:49:20.012000,65,,,
participant_12,4,day,Town10HD_Opt,2026-03-14 17:49:21.143050,54.07823181152344,71.2000732421875,0.0022700501140207,23.676,-15.071,0.134,0.0,0,0,1,,0.832,2026-03-14T17:49:21.143050,neutral,0.393,2026-03-14T17:49:20.001698,0.5190153658000249,2026-03-14T17:49:21.002000,66,,,
participant_12,4,day,Town10HD_Opt,2026-03-14 17:49:22.034553,58.02825164794922,70.77786254882812,0.0019875715952366,23.87,-3.792,0.648,0.0,0,0,1,,0.852,2026-03-14T17:49:22.034553,neutral,0.526,2026-03-14T17:49:22.034553,0.4146008158344756,2026-03-14T17:49:21.992000,65,,,
participant_12,4,day,Town10HD_Opt,2026-03-14 17:49:23.197103,64.25530242919922,69.98303985595703,0.0020246123895049,27.941,2.678,0.32,0.0,0,0,1,,0.922,2026-03-14T17:49:23.197103,neutral,0.526,2026-03-14T17:49:22.034553,0.4779697792956042,2026-03-14T17:49:22.983000,67,,,
participant_12,4,day,Town10HD_Opt,2026-03-14 17:49:24.248753,68.99275970458984,69.76792907714844,0.0021877288818359,24.664,1.862,0.0,0.0,0,0,1,,0.842,2026-03-14T17:49:24.248753,sad,0.333,2026-03-14T17:49:24.248753,0.4870320573190001,2026-03-14T17:49:24.020000,66,,,
participant_12,4,day,Town10HD_Opt,2026-03-14 17:49:25.084587,72.81292724609375,69.77220916748047,0.0022412489634007,18.459,2.398,0.0,0.0,0,0,1,,1.0,2026-03-14T17:49:25.084587,sad,0.333,2026-03-14T17:49:24.248753,0.4609782160287436,2026-03-14T17:49:25.016000,72,,,
participant_12,4,day,Town10HD_Opt,2026-03-14 17:49:26.257188,76.535888671875,69.95132446289062,0.0020405577961355,13.285,0.385,0.115,0.0,0,0,1,,0.896,2026-03-14T17:49:26.257188,neutral,0.467,2026-03-14T17:49:26.257188,0.4278915726743434,2026-03-14T17:49:25.997000,72,,,
participant_12,4,day,Town10HD_Opt,2026-03-14 17:49:27.107940,78.96827697753906,70.06875610351562,0.0016927337273955,17.88,-0.86,0.967,0.0,0,0,1,,0.92,2026-03-14T17:49:27.107940,neutral,0.467,2026-03-14T17:49:26.257188,0.5032547415613677,2026-03-14T17:49:26.991000,72,,,
participant_12,4,day,Town10HD_Opt,2026-03-14 17:49:28.232230,85.04759216308594,70.24722290039062,0.00155723572243,35.809,-0.717,0.597,0.0,0,0,1,,0.947,2026-03-14T17:49:28.232230,neutral,0.467,2026-03-14T17:49:26.257188,0.4146886688579815,2026-03-14T17:49:28.022000,71,,,
participant_12,4,day,Town10HD_Opt,2026-03-14 17:49:29.090079,91.2314453125,70.427490234375,0.0022616195492446,31.419,9.562,0.0,0.0,0,0,1,,0.874,2026-03-14T17:49:29.090079,sad,0.339,2026-03-14T17:49:29.090079,0.3792919603274722,2026-03-14T17:49:29.011000,72,,,
participant_12,4,day,Town10HD_Opt,2026-03-14 17:49:30.276755,97.15750122070312,72.630126953125,0.0020698928274214,27.351,24.824,0.767,0.0,0,0,1,,1.0,2026-03-14T17:49:30.276755,sad,0.339,2026-03-14T17:49:29.090079,0.3537328654381986,2026-03-14T17:49:30.001000,69,,,
participant_12,4,day,Town10HD_Opt,2026-03-14 17:49:31.079286,100.02491760253906,77.13182067871094,0.0018870925996452,34.691,24.378,0.508,0.0,0,0,1,,0.804,2026-03-14T17:49:31.079286,sad,0.339,2026-03-14T17:49:29.090079,0.4445994572743563,2026-03-14T17:49:30.993000,68,,,
participant_12,4,day,Town10HD_Opt,2026-03-14 17:49:32.215474,99.78199768066406,85.08818817138672,0.0021264266688376,32.964,-0.515,0.285,0.0,0,0,1,,0.898,2026-03-14T17:49:32.215474,happy,0.781,2026-03-14T17:49:32.215474,0.3915087757285958,2026-03-14T17:49:31.982000,68,,,
participant_12,4,day,Town10HD_Opt,2026-03-14 17:49:33.090014,99.04279327392578,90.61158752441406,0.0021199798211455,30.557,-0.552,0.285,0.0,0,0,1,,0.91,2026-03-14T17:49:33.090014,happy,0.781,2026-03-14T17:49:32.215474,0.3916868005832696,2026-03-14T17:49:33.017000,66,,,
participant_12,4,day,Town10HD_Opt,2026-03-14 17:49:34.191582,98.12542724609376,97.375732421875,0.0021070861257612,27.85,2.073,0.285,0.0,0,0,1,,1.0,2026-03-14T17:49:34.191582,happy,0.781,2026-03-14T17:49:32.215474,0.3886163627793819,2026-03-14T17:49:34.007000,66,,,
participant_12,4,day,Town10HD_Opt,2026-03-14 17:49:35.061307,97.18779754638672,102.01354217529295,0.002100562909618,26.028,3.95,0.285,0.0,0,0,1,,1.0,2026-03-14T17:49:35.061307,sad,0.332,2026-03-14T17:49:35.061307,0.4286466946826467,2026-03-14T17:49:34.997000,67,,,
participant_12,4,day,Town10HD_Opt,2026-03-14 17:49:36.164959,95.42668914794922,107.61209869384766,0.0020903777331113,24.244,4.367,0.361,0.0,0,0,1,,1.0,2026-03-14T17:49:36.164959,sad,0.332,2026-03-14T17:49:35.061307,0.3959650853277898,2026-03-14T17:49:35.987000,67,,,
participant_12,4,day,Town10HD_Opt,2026-03-14 17:49:36.999193,93.67918395996094,111.53043365478516,0.0020029449369758,25.292,4.978,0.418,0.0,0,0,1,,1.0,2026-03-14T17:49:36.999193,sad,0.332,2026-03-14T17:49:35.061307,0.3588969169708239,2026-03-14T17:49:37.022000,67,,,
participant_12,4,day,Town10HD_Opt,2026-03-14 17:49:38.104657,90.50357818603516,116.72663116455078,0.0020056532230228,27.096,4.839,0.415,0.0,0,0,1,,1.0,2026-03-14T17:49:38.104657,neutral,0.355,2026-03-14T17:49:38.104657,0.474312585686397,2026-03-14T17:49:38.013000,67,,,
participant_12,4,day,Town10HD_Opt,2026-03-14 17:49:39.075437,87.4533462524414,120.44813537597656,0.0020125959999859,28.044,5.919,0.415,0.0,0,0,1,,1.0,2026-03-14T17:49:39.075437,neutral,0.355,2026-03-14T17:49:38.104657,0.3825586942150211,2026-03-14T17:49:39.003000,67,,,
participant_12,4,day,Town10HD_Opt,2026-03-14 17:49:39.995492,83.73888397216797,123.83859252929688,0.0019786071497946,29.936,5.78,0.487,0.0,0,0,1,,1.0,2026-03-14T17:49:39.995492,neutral,0.355,2026-03-14T17:49:38.104657,0.4161646183817768,2026-03-14T17:49:39.992000,64,,,
participant_12,4,day,Town10HD_Opt,2026-03-14 17:49:41.142205,77.54771423339844,127.69696044921876,0.0019828795921057,32.828,6.701,0.477,0.0,0,0,1,,1.0,2026-03-14T17:49:41.142205,fear,0.459,2026-03-14T17:49:41.142205,0.4227001728562591,2026-03-14T17:49:41.072000,64,,,
participant_12,4,day,Town10HD_Opt,2026-03-14 17:49:42.007110,72.02699279785156,129.68679809570312,0.0019972228910773,34.387,6.464,0.47,0.0,0,0,1,,0.863,2026-03-14T17:49:42.007110,fear,0.459,2026-03-14T17:49:41.142205,0.4170658330198003,2026-03-14T17:49:42.017000,66,,,
participant_12,4,day,Town10HD_Opt,2026-03-14 17:49:43.258087,63.88567352294922,130.84286499023438,0.0020035170018672,36.238,1.643,0.466,0.0,0,0,1,,1.0,2026-03-14T17:49:43.258087,neutral,0.578,2026-03-14T17:49:43.258087,0.4608726476439678,2026-03-14T17:49:43.007000,65,,,
participant_12,4,day,Town10HD_Opt,2026-03-14 17:49:44.176398,57.46359252929688,131.1447296142578,0.0020087051670998,37.31,1.196,0.464,0.0,0,0,1,,0.81,2026-03-14T17:49:44.176398,neutral,0.578,2026-03-14T17:49:43.258087,0.4406598593491346,2026-03-14T17:49:43.997000,64,,,
participant_12,4,day,Town10HD_Opt,2026-03-14 17:49:45.071049,50.86189270019531,131.2379913330078,0.0020134735386818,38.22,0.775,0.464,0.0,0,0,1,,1.0,2026-03-14T17:49:45.071049,neutral,0.578,2026-03-14T17:49:43.258087,0.3896372816624298,2026-03-14T17:49:44.987000,65,,,
participant_12,4,day,Town10HD_Opt,2026-03-14 17:49:46.242139,41.83033752441406,131.09349060058594,0.0020183944143354,39.248,0.176,0.464,0.0,0,0,1,,0.899,2026-03-14T17:49:46.242139,neutral,0.698,2026-03-14T17:49:46.242139,0.4139027403463907,2026-03-14T17:49:46.022000,63,,,
participant_12,4,day,Town10HD_Opt,2026-03-14 17:49:47.133577,34.91176223754883,130.90286254882812,0.0020215606782585,39.898,-0.139,0.464,0.0,0,0,1,,0.844,2026-03-14T17:49:47.133577,neutral,0.698,2026-03-14T17:49:46.242139,0.4154457983931921,2026-03-14T17:49:47.012000,62,,,
participant_12,4,day,Town10HD_Opt,2026-03-14 17:49:47.996941,27.88624382019043,130.72952270507812,0.002024307148531,40.459,-0.164,0.464,0.0,0,0,1,,0.915,2026-03-14T17:49:47.996941,neutral,0.698,2026-03-14T17:49:46.242139,0.442451696692318,2026-03-14T17:49:48.002000,63,,,
participant_12,4,day,Town10HD_Opt,2026-03-14 17:49:49.161801,18.377046585083008,130.55633544921875,0.0020276641007512,41.087,-0.143,0.464,0.0,0,0,1,,0.944,2026-03-14T17:49:49.161801,neutral,0.876,2026-03-14T17:49:49.161801,0.4205558330964435,2026-03-14T17:49:48.993000,63,Solid line crossing,Solid line crossing,
participant_12,4,day,Town10HD_Opt,2026-03-14 17:49:50.054367,11.155232429504396,130.46360778808594,0.0020297621376812,41.483,-0.028,0.464,0.0,0,0,1,,0.808,2026-03-14T17:49:50.054367,neutral,0.876,2026-03-14T17:49:49.161801,0.4274624085348843,2026-03-14T17:49:49.982000,63,,,
participant_12,4,day,Town10HD_Opt,2026-03-14 17:49:51.165560,1.4267611503601074,130.35450744628906,0.0020318604074418,41.927,-0.028,0.464,0.0,0,0,1,,0.839,2026-03-14T17:49:51.165560,neutral,0.646,2026-03-14T17:49:51.165560,0.4361105834108684,2026-03-14T17:49:51.017000,63,,,
participant_12,4,day,Town10HD_Opt,2026-03-14 17:49:52.062598,-5.843771934509277,130.2804718017578,0.0022390745580196,38.188,0.068,0.0,0.565,0,0,1,,0.903,2026-03-14T17:49:52.062598,neutral,0.646,2026-03-14T17:49:51.165560,0.4104511199859851,2026-03-14T17:49:52.007000,64,,,
participant_12,4,day,Town10HD_Opt,2026-03-14 17:49:53.233630,-12.98870849609375,130.1972198486328,0.0024017714895308,22.555,0.068,0.0,0.6,0,0,1,,0.853,2026-03-14T17:49:53.233630,neutral,0.667,2026-03-14T17:49:53.233630,0.4540712530638467,2026-03-14T17:49:52.997000,65,,,
participant_12,4,day,Town10HD_Opt,2026-03-14 17:49:54.093449,-16.22048568725586,130.1530303955078,0.0020661163143813,14.87,0.068,0.0,0.033,0,0,1,,1.0,2026-03-14T17:49:54.093449,neutral,0.667,2026-03-14T17:49:53.233630,0.4640285184111227,2026-03-14T17:49:53.991000,67,,,
participant_12,4,day,Town10HD_Opt,2026-03-14 17:49:55.213364,-18.99644660949707,130.11114501953125,0.0020754241850227,8.479,0.068,0.0,0.122,0,0,1,,0.824,2026-03-14T17:49:55.213364,neutral,0.667,2026-03-14T17:49:53.233630,0.4982970578161972,2026-03-14T17:49:55.022000,67,,,
participant_12,4,day,Town10HD_Opt,2026-03-14 17:49:56.058930,-20.32481002807617,130.0900421142578,0.001983146648854,6.571,0.068,0.0,0.0,0,0,1,,1.0,2026-03-14T17:49:56.058930,neutral,0.549,2026-03-14T17:49:56.058930,0.4572371321471898,2026-03-14T17:49:56.012000,67,,,
participant_12,4,day,Town10HD_Opt,2026-03-14 17:49:57.191761,-21.26764678955078,130.0746612548828,0.0021142959594726,0.0,0.059,0.0,0.044,0,0,1,,0.813,2026-03-14T17:49:57.191761,neutral,0.549,2026-03-14T17:49:56.058930,0.4795459167915479,2026-03-14T17:49:57.139000,66,,,
participant_12,4,day,Town10HD_Opt,2026-03-14 17:49:58.046856,-21.26900863647461,130.07461547851562,0.0019145583501085,0.339,0.059,0.276,0.0,0,0,1,,0.83,2026-03-14T17:49:58.046856,neutral,0.549,2026-03-14T17:49:56.058930,0.4786065373262561,2026-03-14T17:49:58.082000,64,,,
participant_13,1,day,Town10HD_Opt,2026-03-15 10:00:00.000000,-41.66858673095703,89.7454833984375,0.5804919004440308,7.254,-0.355,1.0,0.0,0,0,1,,1.0,2026-03-15T10:00:00,,,2026-03-15T10:00:00,0.6533856115264393,2026-03-15T10:00:00,93,,,
participant_13,1,day,Town10HD_Opt,2026-03-15 10:00:04.248450,-41.67099380493164,89.321533203125,0.0015148925594985,8.128,-0.355,1.0,0.0,0,0,1,,1.0,2026-03-15T10:00:04.248450,,,2026-03-15T10:00:04.248450,0.5755040517296501,2026-03-15T10:00:04.913000,93,,,
participant_13,1,day,Town10HD_Opt,2026-03-15 10:00:05.350173,-41.6822395324707,87.75133514404297,0.0014716339064761,17.748,-0.355,0.727,0.0,0,0,1,,1.0,2026-03-15T10:00:05.350173,,,2026-03-15T10:00:04.248450,0.6128784558025948,2026-03-15T10:00:05.941000,92,,,
participant_13,1,day,Town10HD_Opt,2026-03-15 10:00:06.062979,-41.68540954589844,86.64447021484375,0.0018781280377879,19.691,1.264,0.688,0.0,0,0,1,,1.0,2026-03-15T10:00:06.062979,,,2026-03-15T10:00:04.248450,0.5744769265606093,2026-03-15T10:00:06.930000,90,,,
participant_13,1,day,Town10HD_Opt,2026-03-15 10:00:07.151208,-41.62776184082031,84.07276916503906,0.0017984389560297,24.626,2.732,0.667,0.0,0,0,1,,1.0,2026-03-15T10:00:07.151208,neutral,0.801,2026-03-15T10:00:07.151208,0.5415290858746408,2026-03-15T10:00:07.965000,94,,,
participant_13,1,day,Town10HD_Opt,2026-03-15 10:00:08.228599,-41.42586517333984,80.90869140625,0.0018012619111686,29.588,3.163,0.654,0.0,0,0,1,,1.0,2026-03-15T10:00:08.228599,neutral,0.801,2026-03-15T10:00:07.151208,0.5539199630933883,2026-03-15T10:00:08.910000,97,,,
participant_13,1,day,Town10HD_Opt,2026-03-15 10:00:09.314133,-40.84961318969727,77.2502212524414,0.0018459319835528,33.802,14.808,0.647,0.0,0,0,1,,1.0,2026-03-15T10:00:09.314133,neutral,0.979,2026-03-15T10:00:09.314133,0.5608185597297247,2026-03-15T10:00:09.946000,98,,,
participant_13,1,day,Town10HD_Opt,2026-03-15 10:00:10.399943,-39.088417053222656,73.55134582519531,0.0019352340605109,36.839,20.994,0.635,0.0,0,0,1,,1.0,2026-03-15T10:00:10.399943,neutral,0.979,2026-03-15T10:00:09.314133,0.5042637864101165,2026-03-15T10:00:10.935000,100,,,
participant_13,1,day,Town10HD_Opt,2026-03-15 10:00:11.476578,-35.82021713256836,70.56552124023438,0.0019625853747129,39.5,18.991,0.634,0.0,0,0,1,,1.0,2026-03-15T10:00:11.476578,neutral,0.99,2026-03-15T10:00:11.476578,0.4485629039161485,2026-03-15T10:00:11.925000,97,,,
participant_13,1,day,Town10HD_Opt,2026-03-15 10:00:12.052479,-33.72086715698242,69.55364990234375,0.0019746017642319,40.613,19.022,0.633,0.0,0,0,1,,1.0,2026-03-15T10:00:12.052479,neutral,0.99,2026-03-15T10:00:11.476578,0.4775071305364797,2026-03-15T10:00:12.916000,96,,,
participant_13,1,day,Town10HD_Opt,2026-03-15 10:00:13.274495,-28.94917869567871,68.84298706054688,0.0019642256665974,42.891,8.315,0.61,0.0,0,0,1,,1.0,2026-03-15T10:00:13.274495,neutral,0.99,2026-03-15T10:00:11.476578,0.4123042911369831,2026-03-15T10:00:13.906000,93,,,errors=Solid line crossing
participant_13,1,day,Town10HD_Opt,2026-03-15 10:00:14.369757,-23.78750991821289,69.12405395507812,0.0019251251360401,45.509,-2.565,0.597,0.0,0,0,1,,1.0,2026-03-15T10:00:14.369757,neutral,0.995,2026-03-15T10:00:14.369757,0.4916036877959828,2026-03-15T10:00:14.940000,93,,,
participant_13,1,day,Town10HD_Opt,2026-03-15 10:00:15.398697,-18.356374740600582,69.4056396484375,0.0019378280267119,47.627,0.414,0.578,0.0,0,0,1,,1.0,2026-03-15T10:00:15.398697,neutral,0.995,2026-03-15T10:00:14.369757,0.4591946044670048,2026-03-15T10:00:15.930000,94,,,
participant_13,1,day,Town10HD_Opt,2026-03-15 10:00:16.480778,-12.73483943939209,69.69143676757812,0.0020144653972238,48.368,-1.396,0.438,0.0,0,0,1,,1.0,2026-03-15T10:00:16.480778,neutral,0.976,2026-03-15T10:00:16.480778,0.3862874289650925,2026-03-15T10:00:16.920000,92,,,
participant_13,1,day,Town10HD_Opt,2026-03-15 10:00:17.012307,-9.925484657287598,69.7778091430664,0.0020593260414898,47.981,-1.015,0.418,0.0,0,0,1,,1.0,2026-03-15T10:00:17.012307,neutral,0.976,2026-03-15T10:00:16.480778,0.3999128410758954,2026-03-15T10:00:17.910000,91,,,
participant_13,1,day,Town10HD_Opt,2026-03-15 10:00:18.110672,-4.395037651062012,69.84904479980469,0.0020958709064871,46.829,-0.496,0.392,0.0,0,0,1,,1.0,2026-03-15T10:00:18.110672,neutral,0.976,2026-03-15T10:00:16.480778,0.3761049280821379,2026-03-15T10:00:18.945000,95,,,
participant_13,1,day,Town10HD_Opt,2026-03-15 10:00:19.201083,0.984169900417328,69.82888793945312,0.0021128463558852,45.362,0.007,0.086,0.0,0,0,1,,1.0,2026-03-15T10:00:19.201083,neutral,0.977,2026-03-15T10:00:19.201083,0.4397817644337325,2026-03-15T10:00:19.935000,96,,,
participant_13,1,day,Town10HD_Opt,2026-03-15 10:00:20.251855,5.968416690826416,69.77863311767578,0.0023239897564053,39.574,-0.089,0.0,0.0,0,0,1,,1.0,2026-03-15T10:00:20.251855,neutral,0.977,2026-03-15T10:00:19.201083,0.3162369913072423,2026-03-15T10:00:20.926000,99,,,
participant_13,1,day,Town10HD_Opt,2026-03-15 10:00:21.392816,10.202300071716309,69.73403930664062,0.0023394774179905,33.332,0.228,0.0,0.0,0,0,1,,1.0,2026-03-15T10:00:21.392816,neutral,0.884,2026-03-15T10:00:21.392816,0.3884347103899582,2026-03-15T10:00:21.914000,96,,,
participant_13,1,day,Town10HD_Opt,2026-03-15 10:00:22.474773,13.76714038848877,69.70986938476562,0.0023026657290756,27.592,0.214,0.0,0.0,0,0,1,,1.0,2026-03-15T10:00:22.474773,neutral,0.884,2026-03-15T10:00:21.392816,0.3455345437109867,2026-03-15T10:00:22.950000,95,,,
participant_13,1,day,Town10HD_Opt,2026-03-15 10:00:23.038890,15.326683044433594,69.70360565185547,0.0022864914499223,25.591,0.012,0.0,0.0,0,0,1,,1.0,2026-03-15T10:00:23.038890,neutral,0.884,2026-03-15T10:00:21.392816,0.4015541342748054,2026-03-15T10:00:23.941000,93,,,
participant_13,1,day,Town10HD_Opt,2026-03-15 10:00:24.109049,18.04537582397461,69.69332122802734,0.0022577284835278,20.856,0.11,0.0,0.0,0,0,1,,1.0,2026-03-15T10:00:24.109049,neutral,0.999,2026-03-15T10:00:24.109049,0.3103099768160591,2026-03-15T10:00:24.930000,94,,,
participant_13,1,day,Town10HD_Opt,2026-03-15 10:00:25.224019,20.28670310974121,69.68799591064453,0.0020123289432376,17.615,0.096,0.0,0.0,0,0,1,,0.802,2026-03-15T10:00:25.224019,neutral,0.999,2026-03-15T10:00:24.109049,0.401794690903574,2026-03-15T10:00:25.920000,95,Stop sign violation,stop_sign_id=1062,
participant_13,1,day,Town10HD_Opt,2026-03-15 10:00:26.281992,22.178861618041992,69.68561553955078,0.002037315396592,14.873,0.219,0.0,0.0,0,0,1,,1.0,2026-03-15T10:00:26.281992,neutral,0.999,2026-03-15T10:00:26.281992,0.4691936481052028,2026-03-15T10:00:26.910000,98,,,
participant_13,1,day,Town10HD_Opt,2026-03-15 10:00:27.355742,23.76622200012207,69.68189239501953,0.0020359039772301,12.465,-0.296,0.112,0.0,0,0,1,,1.0,2026-03-15T10:00:27.355742,neutral,0.999,2026-03-15T10:00:26.281992,0.368804642695932,2026-03-15T10:00:27.946000,96,,,
participant_13,1,day,Town10HD_Opt,2026-03-15 10:00:28.443433,25.26616096496582,69.65888214111328,0.0017651367234066,15.041,-3.598,0.923,0.0,0,0,1,,1.0,2026-03-15T10:00:28.443433,neutral,0.999,2026-03-15T10:00:28.443433,0.3293330537919794,2026-03-15T10:00:28.935000,97,,,
participant_13,1,day,Town10HD_Opt,2026-03-15 10:00:28.995140,26.267257690429688,69.60503387451172,0.0017791747814044,19.123,-5.742,0.759,0.0,0,0,1,,1.0,2026-03-15T10:00:28.995140,neutral,0.999,2026-03-15T10:00:28.443433,0.4160324273777239,2026-03-15T10:00:28.935000,96,,,errors=Stop sign violation
participant_13,1,day,Town10HD_Opt,2026-03-15 10:00:30.013893,28.71495819091797,69.33796691894531,0.0018368148012086,23.27,-6.196,0.418,0.0,0,0,1,,1.0,2026-03-15T10:00:30.013893,neutral,0.999,2026-03-15T10:00:28.443433,0.3729903065534348,2026-03-15T10:00:30.915000,97,,,
participant_13,1,day,Town10HD_Opt,2026-03-15 10:00:31.087283,31.397464752197266,68.73751068115234,0.0021116638090461,22.718,-21.93,0.077,0.0,0,0,1,,1.0,2026-03-15T10:00:31.087283,neutral,0.992,2026-03-15T10:00:31.087283,0.4223785572463994,2026-03-15T10:00:31.905000,100,,,
participant_13,1,day,Town10HD_Opt,2026-03-15 10:00:32.131974,33.59257888793945,67.65635681152344,0.0022263717837631,19.345,-15.376,0.0,0.0,0,0,1,,1.0,2026-03-15T10:00:32.131974,neutral,0.992,2026-03-15T10:00:31.087283,0.4236059234351538,2026-03-15T10:00:32.940000,98,,,
participant_13,1,day,Town10HD_Opt,2026-03-15 10:00:33.169341,35.297786712646484,66.3777847290039,0.0021192932035773,18.464,-18.513,0.897,0.0,0,0,1,,1.0,2026-03-15T10:00:33.169341,neutral,1.0,2026-03-15T10:00:33.169341,0.4129074260884972,2026-03-15T10:00:33.931000,99,,,
participant_13,1,day,Town10HD_Opt,2026-03-15 10:00:34.208622,36.98344802856445,64.43492126464844,0.0016768263885751,26.687,-15.642,0.907,0.0,0,0,1,,1.0,2026-03-15T10:00:34.208622,neutral,1.0,2026-03-15T10:00:33.169341,0.3616101158131541,2026-03-15T10:00:34.920000,98,,,
participant_13,1,day,Town10HD_Opt,2026-03-15 10:00:35.280270,38.81570053100586,61.26066589355469,0.0016406249487772,36.202,-12.777,0.807,0.0,0,0,1,,1.0,2026-03-15T10:00:35.280270,neutral,0.995,2026-03-15T10:00:35.280270,0.4265937769182962,2026-03-15T10:00:35.910000,97,,,
participant_13,1,day,Town10HD_Opt,2026-03-15 10:00:36.400972,40.20001983642578,56.9514045715332,0.0017476653447374,41.779,-2.447,0.711,0.0,0,0,1,,1.0,2026-03-15T10:00:36.400972,neutral,0.995,2026-03-15T10:00:35.280270,0.3744174870794035,2026-03-15T10:00:36.945000,97,,,
participant_13,1,day,Town10HD_Opt,2026-03-15 10:00:37.001872,40.80107498168945,54.52080535888672,0.0018211364513263,43.549,3.926,0.144,0.0,0,0,1,,0.854,2026-03-15T10:00:37.001872,neutral,0.995,2026-03-15T10:00:35.280270,0.3136984788199884,2026-03-15T10:00:36.945000,98,,,
participant_13,1,day,Town10HD_Opt,2026-03-15 10:00:38.059554,42.16289520263672,49.82212829589844,0.0022169875446707,39.659,-2.574,0.113,0.0,0,0,1,,0.873,2026-03-15T10:00:38.059554,neutral,0.995,2026-03-15T10:00:38.059554,0.2966285770699684,2026-03-15T10:00:38.925000,99,,,errors=Solid line crossing
participant_13,1,day,Town10HD_Opt,2026-03-15 10:00:39.163323,43.1912841796875,45.627197265625,0.0022992705926299,34.387,-2.956,0.237,0.0,0,0,1,,0.815,2026-03-15T10:00:39.163323,neutral,0.995,2026-03-15T10:00:38.059554,0.3678115406174472,2026-03-15T10:00:39.961000,94,,,
participant_13,1,day,Town10HD_Opt,2026-03-15 10:00:40.232824,43.88813018798828,41.82843780517578,0.0021229172125458,32.605,0.921,0.394,0.0,0,0,1,,1.0,2026-03-15T10:00:40.232824,neutral,0.985,2026-03-15T10:00:40.232824,0.3353933373054326,2026-03-15T10:00:40.905000,96,,,
participant_13,1,day,Town10HD_Opt,2026-03-15 10:00:41.293350,44.67282485961914,38.10722732543945,0.0020453261677175,32.67,6.26,0.401,0.0,0,0,1,,1.0,2026-03-15T10:00:41.293350,neutral,0.985,2026-03-15T10:00:40.232824,0.2737883532803845,2026-03-15T10:00:41.985000,95,,,
participant_13,1,day,Town10HD_Opt,2026-03-15 10:00:42.371897,45.90821075439453,34.50998306274414,0.0020588682964444,32.524,9.401,0.381,0.0,0,0,1,,1.0,2026-03-15T10:00:42.371897,neutral,0.977,2026-03-15T10:00:42.371897,0.2873366257242301,2026-03-15T10:00:42.930000,97,,,
participant_13,1,day,Town10HD_Opt,2026-03-15 10:00:43.495428,47.82228469848633,31.31838607788086,0.0021425627637654,31.032,17.491,0.244,0.0,0,0,1,,0.861,2026-03-15T10:00:43.495428,neutral,0.977,2026-03-15T10:00:42.371897,0.298083605132195,2026-03-15T10:00:43.921000,97,,,
participant_13,1,day,Town10HD_Opt,2026-03-15 10:00:44.061555,49.05685806274414,30.03205680847168,0.0021749115549027,30.109,15.664,0.238,0.0,0,0,1,,1.0,2026-03-15T10:00:44.061555,neutral,0.977,2026-03-15T10:00:42.371897,0.3334497703337162,2026-03-15T10:00:44.910000,94,,,
participant_13,1,day,Town10HD_Opt,2026-03-15 10:00:45.087519,51.783573150634766,28.03029060363769,0.0021671294234693,28.051,11.385,0.238,0.0,0,0,1,,0.843,2026-03-15T10:00:45.087519,neutral,0.999,2026-03-15T10:00:45.087519,0.2867173697426789,2026-03-15T10:00:45.947000,95,,,
participant_13,1,day,Town10HD_Opt,2026-03-15 10:00:46.157979,54.63161087036133,26.6950912475586,0.0021638870239257,26.012,13.102,0.209,0.0,0,0,1,,1.0,2026-03-15T10:00:46.157979,neutral,0.999,2026-03-15T10:00:45.087519,0.3452274125091031,2026-03-15T10:00:46.936000,92,,,
participant_13,1,day,Town10HD_Opt,2026-03-15 10:00:47.230374,57.44674682617188,25.942630767822266,0.0021492766682058,24.051,5.151,0.207,0.0,0,0,1,,1.0,2026-03-15T10:00:47.230374,neutral,0.983,2026-03-15T10:00:47.230374,0.304114945631546,2026-03-15T10:00:47.926000,95,,,
participant_13,1,day,Town10HD_Opt,2026-03-15 10:00:48.277144,60.079856872558594,25.42281723022461,0.0021742628887295,21.598,2.861,0.0,0.0,0,0,1,,0.869,2026-03-15T10:00:48.277144,neutral,0.983,2026-03-15T10:00:47.230374,0.3381622878190291,2026-03-15T10:00:48.915000,97,,,
participant_13,1,day,Town10HD_Opt,2026-03-15 10:00:49.343423,62.352664947509766,25.09833526611328,0.0021482086740434,17.74,8.611,0.0,0.0,0,0,1,,0.936,2026-03-15T10:00:49.343423,neutral,0.997,2026-03-15T10:00:49.343423,0.2307765480278112,2026-03-15T10:00:49.995000,94,,,
participant_13,1,day,Town10HD_Opt,2026-03-15 10:00:50.450712,64.28548431396484,25.00559425354004,0.0020312117412686,15.261,3.382,0.0,0.0,0,0,1,,0.803,2026-03-15T10:00:50.450712,neutral,0.997,2026-03-15T10:00:49.343423,0.3296473786214112,2026-03-15T10:00:50.940000,95,,,
participant_13,1,day,Town10HD_Opt,2026-03-15 10:00:51.011000,65.13453674316406,24.960657119750977,0.0020439147483557,13.963,-0.085,0.0,0.03,0,0,1,,1.0,2026-03-15T10:00:51.011000,neutral,0.997,2026-03-15T10:00:49.343423,0.316428818395837,2026-03-15T10:00:50.940000,93,,,
participant_13,1,day,Town10HD_Opt,2026-03-15 10:00:52.061756,66.60345458984375,24.889169692993164,0.0020507050212472,11.056,1.92,0.0,0.127,0,0,1,,0.814,2026-03-15T10:00:52.061756,neutral,0.998,2026-03-15T10:00:52.061756,0.2616378214479416,2026-03-15T10:00:52.920000,93,,,
participant_13,1,day,Town10HD_Opt,2026-03-15 10:00:53.141623,67.76226806640625,24.854108810424805,0.002046852139756,8.669,1.92,0.0,0.169,0,0,1,,1.0,2026-03-15T10:00:53.141623,neutral,0.998,2026-03-15T10:00:52.061756,0.2326337504457539,2026-03-15T10:00:53.910000,93,,,
participant_13,1,day,Town10HD_Opt,2026-03-15 10:00:54.158621,68.6113510131836,24.837759017944336,0.0020560836419463,5.885,1.897,0.0,0.315,0,0,1,,1.0,2026-03-15T10:00:54.158621,neutral,0.997,2026-03-15T10:00:54.158621,0.3007311395618058,2026-03-15T10:00:54.945000,95,,,
participant_13,1,day,Town10HD_Opt,2026-03-15 10:00:55.182696,68.72112274169922,24.83580207824707,0.0020572280045598,0.0,1.897,0.0,0.354,0,0,1,,0.873,2026-03-15T10:00:55.182696,neutral,0.997,2026-03-15T10:00:54.158621,0.2272985609146132,2026-03-15T10:00:55.936000,90,,,
participant_13,1,day,Town10HD_Opt,2026-03-15 10:00:56.184782,68.72127532958984,24.835805892944336,0.0019341277657076,0.0,1.819,0.0,0.063,0,0,1,,1.0,2026-03-15T10:00:56.184782,neutral,0.991,2026-03-15T10:00:56.184782,0.2414243784557527,2026-03-15T10:00:56.926000,94,,,
participant_13,1,day,Town10HD_Opt,2026-03-15 10:00:57.278170,68.7212905883789,24.835805892944336,0.001920623704791,0.0,1.617,0.0,0.0,0,0,1,,1.0,2026-03-15T10:00:57.278170,neutral,0.991,2026-03-15T10:00:56.184782,0.2608484083668399,2026-03-15T10:00:57.916000,96,,,
participant_13,1,day,Town10HD_Opt,2026-03-15 10:00:58.287759,68.7212905883789,24.835805892944336,0.0019195937784388,0.0,1.636,0.0,0.0,0,0,1,,1.0,2026-03-15T10:00:58.287759,neutral,1.0,2026-03-15T10:00:58.287759,0.1932142415821892,2026-03-15T10:00:58.905000,96,,,
participant_13,1,day,Town10HD_Opt,2026-03-15 10:00:59.304274,68.7212905883789,24.835805892944336,0.0019195937784388,0.0,1.636,0.0,0.0,0,0,1,,1.0,2026-03-15T10:00:59.304274,neutral,1.0,2026-03-15T10:00:58.287759,0.2303288256051692,2026-03-15T10:00:59.941000,93,,,
participant_13,1,day,Town10HD_Opt,2026-03-15 10:01:00.322699,68.7212905883789,24.835805892944336,0.0019195937784388,0.0,1.636,0.0,0.0,0,0,1,,1.0,2026-03-15T10:01:00.322699,neutral,0.999,2026-03-15T10:01:00.322699,0.2007725129922252,2026-03-15T10:01:00.930000,94,,,
participant_13,1,day,Town10HD_Opt,2026-03-15 10:01:01.351648,68.7212905883789,24.835805892944336,0.0019195937784388,0.0,1.636,0.0,0.0,0,0,1,,1.0,2026-03-15T10:01:01.351648,neutral,0.999,2026-03-15T10:01:00.322699,0.177388029266491,2026-03-15T10:01:01.966000,93,,,
participant_13,1,day,Town10HD_Opt,2026-03-15 10:01:02.340808,68.7212905883789,24.835805892944336,0.0019195937784388,0.0,1.633,0.0,0.0,0,0,1,,0.867,2026-03-15T10:01:02.340808,angry,0.515,2026-03-15T10:01:02.340808,0.3249987130842937,2026-03-15T10:01:02.910000,93,,,
participant_13,1,day,Town10HD_Opt,2026-03-15 10:01:03.378185,68.7212905883789,24.835805892944336,0.0019195937784388,0.0,1.631,0.0,0.0,0,0,1,,0.874,2026-03-15T10:01:03.378185,angry,0.515,2026-03-15T10:01:02.340808,0.216435872911358,2026-03-15T10:01:04.036000,90,,,
participant_13,1,day,Town10HD_Opt,2026-03-15 10:01:04.343798,68.7212905883789,24.835805892944336,0.0019195937784388,0.0,1.631,0.0,0.0,0,0,1,,0.854,2026-03-15T10:01:04.343798,neutral,1.0,2026-03-15T10:01:04.343798,0.2775937201210588,2026-03-15T10:01:04.936000,91,,,
participant_13,1,day,Town10HD_Opt,2026-03-15 10:01:05.324658,68.7212905883789,24.835805892944336,0.0019195937784388,0.0,1.64,0.0,0.0,0,0,1,,0.806,2026-03-15T10:01:05.324658,neutral,1.0,2026-03-15T10:01:04.343798,0.3474140744422893,2026-03-15T10:01:05.925000,90,,,
participant_13,1,day,Town10HD_Opt,2026-03-15 10:01:06.344003,68.7212905883789,24.835805892944336,0.0019195937784388,0.0,0.414,0.0,0.0,0,0,1,,1.0,2026-03-15T10:01:06.344003,neutral,0.996,2026-03-15T10:01:06.344003,0.2493044619078482,2026-03-15T10:01:06.916000,90,,,
participant_13,1,day,Town10HD_Opt,2026-03-15 10:01:07.365834,68.72075653076172,24.83563232421875,0.00192012777552,0.005,0.164,0.669,0.0,0,1,-1,,1.0,2026-03-15T10:01:07.365834,neutral,0.996,2026-03-15T10:01:06.344003,0.2352263876844092,2026-03-15T10:01:07.906000,89,,,
participant_13,1,day,Town10HD_Opt,2026-03-15 10:01:08.414848,68.47927856445312,24.84233665466309,0.0022307203616946,6.646,0.101,0.861,0.0,0,1,-1,,0.802,2026-03-15T10:01:08.414848,neutral,0.998,2026-03-15T10:01:08.414848,0.3701195246577271,2026-03-15T10:01:08.941000,90,,,
participant_13,1,day,Town10HD_Opt,2026-03-15 10:01:09.482354,67.48222351074219,24.868995666503903,0.0020513152703642,9.267,-0.016,0.0,0.0,0,1,-1,,1.0,2026-03-15T10:01:09.482354,neutral,0.998,2026-03-15T10:01:08.414848,0.2773752685782257,2026-03-15T10:01:09.931000,93,,,
participant_13,1,day,Town10HD_Opt,2026-03-15 10:01:10.018379,67.04710388183594,24.881139755249023,0.001626129145734,3.843,-0.167,0.0,0.0,0,0,1,,1.0,2026-03-15T10:01:10.018379,neutral,0.998,2026-03-15T10:01:08.414848,0.3132033862481202,2026-03-15T10:01:10.921000,91,,,
participant_13,1,day,Town10HD_Opt,2026-03-15 10:01:11.067759,66.9194564819336,24.87835693359375,0.0017766952514648,0.193,22.696,0.312,0.0,0,0,1,,1.0,2026-03-15T10:01:11.067759,neutral,0.875,2026-03-15T10:01:11.067759,0.3228315112983298,2026-03-15T10:01:11.911000,90,,,
participant_13,1,day,Town10HD_Opt,2026-03-15 10:01:12.098136,67.0040054321289,24.89682579040528,0.0017827986739575,2.241,32.313,0.42,0.0,0,0,1,,0.901,2026-03-15T10:01:12.098136,neutral,0.875,2026-03-15T10:01:11.067759,0.3698286517069397,2026-03-15T10:01:12.991000,90,,,
participant_13,1,day,Town10HD_Opt,2026-03-15 10:01:13.194956,67.47171020507812,25.00052261352539,0.0017475509084761,6.288,25.834,0.398,0.0,0,0,1,,1.0,2026-03-15T10:01:13.194956,neutral,0.904,2026-03-15T10:01:13.194956,0.3077928527044173,2026-03-15T10:01:13.936000,89,,,
participant_13,1,day,Town10HD_Opt,2026-03-15 10:01:14.220550,68.28400421142578,25.281763076782227,0.0017965316073969,8.872,32.607,0.387,0.0,0,0,1,,1.0,2026-03-15T10:01:14.220550,neutral,0.904,2026-03-15T10:01:13.194956,0.4145236065682565,2026-03-15T10:01:14.926000,91,,,
participant_13,1,day,Town10HD_Opt,2026-03-15 10:01:15.215383,69.31509399414062,25.83266830444336,0.001815948402509,11.267,22.32,0.291,0.0,0,0,1,,1.0,2026-03-15T10:01:15.215383,neutral,0.514,2026-03-15T10:01:15.215383,0.4182471793447023,2026-03-15T10:01:15.916000,91,,,
participant_13,1,day,Town10HD_Opt,2026-03-15 10:01:16.267569,70.53335571289062,26.508230209350582,0.0018633651779964,12.498,9.633,0.243,0.0,0,0,1,,1.0,2026-03-15T10:01:16.267569,neutral,0.514,2026-03-15T10:01:15.215383,0.445247858555526,2026-03-15T10:01:17.041000,91,,,
participant_13,1,day,Town10HD_Opt,2026-03-15 10:01:17.315340,71.82527923583984,27.24282455444336,0.0018929671496152,13.0,-12.876,0.241,0.0,0,0,1,,1.0,2026-03-15T10:01:17.315340,neutral,0.976,2026-03-15T10:01:17.315340,0.4544358605238656,2026-03-15T10:01:17.941000,94,,,
participant_13,1,day,Town10HD_Opt,2026-03-15 10:01:18.414371,73.2822494506836,27.69487762451172,0.0018983840709552,13.573,-16.607,0.31,0.0,0,0,1,,1.0,2026-03-15T10:01:18.414371,neutral,0.976,2026-03-15T10:01:17.315340,0.4477935033895616,2026-03-15T10:01:18.931000,92,,,
participant_13,1,day,Town10HD_Opt,2026-03-15 10:01:19.471223,74.8793716430664,28.06855583190918,0.001910591032356,13.891,-9.004,0.0,0.0,0,0,1,,0.802,2026-03-15T10:01:19.471223,neutral,0.929,2026-03-15T10:01:19.471223,0.4234103891131408,2026-03-15T10:01:19.920000,93,,,
participant_13,1,day,Town10HD_Opt,2026-03-15 10:01:20.100740,75.65402221679688,28.20743179321289,0.0019911956042051,12.971,-12.279,0.0,0.0,0,0,1,,1.0,2026-03-15T10:01:20.100740,neutral,0.929,2026-03-15T10:01:19.471223,0.4419821499955308,2026-03-15T10:01:20.911000,92,,,
participant_13,1,day,Town10HD_Opt,2026-03-15 10:01:21.281477,77.0289077758789,28.322895050048828,0.0020266340579837,10.59,-10.086,0.0,0.08,0,0,1,,1.0,2026-03-15T10:01:21.281477,neutral,0.929,2026-03-15T10:01:19.471223,0.4195683093750897,2026-03-15T10:01:21.947000,93,,,
participant_13,1,day,Town10HD_Opt,2026-03-15 10:01:22.396138,78.141845703125,28.358720779418945,0.0020389556884765,8.131,-6.865,0.0,0.183,0,0,1,,1.0,2026-03-15T10:01:22.396138,neutral,0.989,2026-03-15T10:01:22.396138,0.4583841666356015,2026-03-15T10:01:22.935000,92,,,
participant_13,1,day,Town10HD_Opt,2026-03-15 10:01:23.453265,78.96074676513672,28.36716651916504,0.002043189946562,5.592,-5.87,0.0,0.149,0,0,1,,1.0,2026-03-15T10:01:23.453265,neutral,0.989,2026-03-15T10:01:22.396138,0.4230317210775142,2026-03-15T10:01:23.926000,92,,,
participant_13,1,day,Town10HD_Opt,2026-03-15 10:01:24.030555,79.09420013427734,28.367143630981445,0.0023611448705196,0.001,-5.87,0.0,0.144,0,0,1,,0.801,2026-03-15T10:01:24.030555,neutral,0.989,2026-03-15T10:01:22.396138,0.4641173265704966,2026-03-15T10:01:24.916000,91,,,
participant_13,1,day,Town10HD_Opt,2026-03-15 10:01:25.052565,79.09468078613281,28.367094039916992,0.0019733810331672,0.0,-2.697,0.0,0.104,0,0,1,,1.0,2026-03-15T10:01:25.052565,neutral,0.993,2026-03-15T10:01:25.052565,0.4420313027051052,2026-03-15T10:01:25.950000,94,,,
participant_13,1,day,Town10HD_Opt,2026-03-15 10:01:26.042751,79.09474182128906,28.36708641052246,0.0019249343313276,0.0,0.068,0.0,0.04,0,0,1,,1.0,2026-03-15T10:01:26.042751,neutral,0.993,2026-03-15T10:01:25.052565,0.4269354703298496,2026-03-15T10:01:26.941000,96,Solid line crossing,Solid line crossing,
participant_13,1,day,Town10HD_Opt,2026-03-15 10:01:27.102292,79.0947494506836,28.36708641052246,0.0019195937784388,0.0,-0.841,0.0,0.03,0,0,1,,1.0,2026-03-15T10:01:27.102292,neutral,0.963,2026-03-15T10:01:27.102292,0.5016473120599915,2026-03-15T10:01:27.930000,94,,,
participant_13,1,day,Town10HD_Opt,2026-03-15 10:01:28.122999,79.0947494506836,28.36708641052246,0.0019195937784388,0.0,-0.862,0.0,0.026,0,0,1,,0.813,2026-03-15T10:01:28.122999,neutral,0.963,2026-03-15T10:01:27.102292,0.4933636226082956,2026-03-15T10:01:28.921000,92,,,
participant_13,1,day,Town10HD_Opt,2026-03-15 10:01:29.121853,79.0947494506836,28.36708641052246,0.0019195937784388,0.0,-0.881,0.0,0.0,0,0,1,,0.854,2026-03-15T10:01:29.121853,neutral,0.946,2026-03-15T10:01:29.121853,0.4689138717158418,2026-03-15T10:01:29.911000,93,,,
participant_13,1,day,Town10HD_Opt,2026-03-15 10:01:30.076220,79.0947494506836,28.36708641052246,0.0019195937784388,0.0,-0.914,0.0,0.0,0,0,1,,0.804,2026-03-15T10:01:30.076220,neutral,0.946,2026-03-15T10:01:29.121853,0.3969234871372765,2026-03-15T10:01:29.911000,91,,,
participant_13,1,day,Town10HD_Opt,2026-03-15 10:01:31.088778,79.0947494506836,28.36708641052246,0.0019195937784388,0.0,-0.914,0.0,0.0,0,0,1,,1.0,2026-03-15T10:01:31.088778,neutral,0.946,2026-03-15T10:01:29.121853,0.4474783448671838,2026-03-15T10:01:31.936000,92,,,
participant_13,1,day,Town10HD_Opt,2026-03-15 10:01:32.071721,79.0947494506836,28.36708641052246,0.0019195937784388,0.0,-0.942,0.0,0.0,0,0,1,,0.806,2026-03-15T10:01:32.071721,neutral,0.998,2026-03-15T10:01:32.071721,0.4855602168878186,2026-03-15T10:01:32.926000,92,,,
participant_13,1,day,Town10HD_Opt,2026-03-15 10:01:33.123298,79.0947494506836,28.36708641052246,0.0019195937784388,0.0,-0.954,0.0,0.0,0,0,1,,1.0,2026-03-15T10:01:33.123298,neutral,0.998,2026-03-15T10:01:32.071721,0.5155566943213592,2026-03-15T10:01:33.916000,94,,,
participant_13,1,day,Town10HD_Opt,2026-03-15 10:01:34.121774,79.0947494506836,28.36708641052246,0.0019195937784388,0.0,-0.954,0.0,0.0,0,0,1,,1.0,2026-03-15T10:01:34.121774,neutral,0.985,2026-03-15T10:01:34.121774,0.5232204414592846,2026-03-15T10:01:34.951000,95,,,
participant_13,1,day,Town10HD_Opt,2026-03-15 10:01:35.147410,79.0947494506836,28.36708641052246,0.0019195937784388,0.0,-0.978,0.0,0.0,0,0,1,,1.0,2026-03-15T10:01:35.147410,neutral,0.985,2026-03-15T10:01:34.121774,0.5189099181403544,2026-03-15T10:01:35.940000,92,,,
participant_13,1,day,Town10HD_Opt,2026-03-15 10:01:36.156890,79.0947494506836,28.36708641052246,0.0019195937784388,0.0,-0.971,0.0,0.0,0,0,1,,1.0,2026-03-15T10:01:36.156890,neutral,0.981,2026-03-15T10:01:36.156890,0.5168589670062381,2026-03-15T10:01:36.931000,94,,,
participant_13,1,day,Town10HD_Opt,2026-03-15 10:01:37.230350,79.0947494506836,28.36708641052246,0.0019195937784388,0.0,-1.283,0.0,0.0,0,0,1,,1.0,2026-03-15T10:01:37.230350,neutral,0.981,2026-03-15T10:01:36.156890,0.512021930386927,2026-03-15T10:01:37.921000,91,,,
participant_13,1,day,Town10HD_Opt,2026-03-15 10:01:38.333998,79.0947494506836,28.36708641052246,0.0019195937784388,0.0,-3.026,0.0,0.0,0,0,1,,1.0,2026-03-15T10:01:38.333998,neutral,0.995,2026-03-15T10:01:38.333998,0.4985042547584627,2026-03-15T10:01:38.956000,93,,,
participant_13,1,day,Town10HD_Opt,2026-03-15 10:01:39.368331,79.0947494506836,28.36708641052246,0.0019195937784388,0.0,-3.222,0.0,0.0,0,0,1,,0.83,2026-03-15T10:01:39.368331,neutral,0.995,2026-03-15T10:01:38.333998,0.5928608552009411,2026-03-15T10:01:39.946000,92,,,
participant_13,1,day,Town10HD_Opt,2026-03-15 10:01:40.383812,79.0947494506836,28.36708641052246,0.0019195937784388,0.0,-3.523,0.0,0.0,0,0,1,,1.0,2026-03-15T10:01:40.383812,neutral,0.993,2026-03-15T10:01:40.383812,0.5719376141574221,2026-03-15T10:01:40.936000,92,,,
participant_13,1,day,Town10HD_Opt,2026-03-15 10:01:41.424884,79.0947494506836,28.36708641052246,0.0019195937784388,0.0,-3.523,0.0,0.0,0,0,1,,1.0,2026-03-15T10:01:41.424884,neutral,0.993,2026-03-15T10:01:40.383812,0.5499465001349925,,92,,,
participant_13,1,day,Town10HD_Opt,2026-03-15 10:01:42.441707,79.0947494506836,28.36708641052246,0.0019195937784388,0.0,-3.523,0.0,0.0,0,0,1,,1.0,2026-03-15T10:01:42.441707,neutral,0.997,2026-03-15T10:01:42.441707,0.4802665974679482,2026-03-15T10:01:42.961000,92,,,
participant_13,1,day,Town10HD_Opt,2026-03-15 10:01:43.473631,79.0947494506836,28.36708641052246,0.0019195937784388,0.0,-3.674,0.0,0.0,0,0,1,,0.868,2026-03-15T10:01:43.473631,neutral,0.997,2026-03-15T10:01:42.441707,0.4763324486805807,2026-03-15T10:01:43.951000,91,,,
participant_13,1,day,Town10HD_Opt,2026-03-15 10:01:43.991796,79.0947494506836,28.36708641052246,0.0019195937784388,0.0,-4.325,0.0,0.0,0,0,1,,1.0,2026-03-15T10:01:43.991796,neutral,0.997,2026-03-15T10:01:42.441707,0.5223501443368975,2026-03-15T10:01:43.951000,92,,,
participant_13,1,day,Town10HD_Opt,2026-03-15 10:01:45.467830,79.0947494506836,28.36708641052246,0.0019195937784388,0.0,-4.383,0.0,0.0,0,0,1,,0.811,2026-03-15T10:01:45.467830,neutral,0.999,2026-03-15T10:01:45.467830,0.4980977212195778,2026-03-15T10:01:45.932000,89,,,
participant_13,1,day,Town10HD_Opt,2026-03-15 10:01:46.448236,79.0947494506836,28.36708641052246,0.0019195937784388,0.0,-4.383,0.0,0.0,0,0,1,,1.0,2026-03-15T10:01:46.448236,neutral,0.999,2026-03-15T10:01:45.467830,0.4740606687202354,2026-03-15T10:01:46.921000,87,,,
participant_13,1,day,Town10HD_Opt,2026-03-15 10:01:47.467632,79.0947494506836,28.36708641052246,0.0019195937784388,0.0,-4.383,0.0,0.0,0,0,1,,0.853,2026-03-15T10:01:47.467632,neutral,0.999,2026-03-15T10:01:45.467830,0.5268097166735254,2026-03-15T10:01:47.956000,89,,,
participant_13,1,day,Town10HD_Opt,2026-03-15 10:01:48.015823,79.0947494506836,28.36708641052246,0.0019195937784388,0.0,-4.383,0.0,0.0,0,0,1,,0.802,2026-03-15T10:01:48.015823,neutral,0.995,2026-03-15T10:01:48.015823,0.4472909936774111,2026-03-15T10:01:47.956000,90,,,
participant_13,1,day,Town10HD_Opt,2026-03-15 10:01:49.008112,79.0947494506836,28.36708641052246,0.0019195937784388,0.0,-4.407,0.0,0.0,0,0,1,,1.0,2026-03-15T10:01:49.008112,neutral,0.995,2026-03-15T10:01:48.015823,0.5229862784848558,2026-03-15T10:01:48.948000,91,,,
participant_13,1,day,Town10HD_Opt,2026-03-15 10:01:50.035781,79.0947494506836,28.36708641052246,0.0019195937784388,0.0,-4.419,0.0,0.0,0,0,1,,1.0,2026-03-15T10:01:50.035781,neutral,0.997,2026-03-15T10:01:50.035781,0.5500170535721159,2026-03-15T10:01:50.927000,89,,,
participant_13,1,day,Town10HD_Opt,2026-03-15 10:01:51.010180,79.0947494506836,28.36708641052246,0.0019195937784388,0.0,-4.419,0.0,0.0,0,0,1,,1.0,2026-03-15T10:01:51.010180,neutral,0.997,2026-03-15T10:01:50.035781,0.5507195114864716,2026-03-15T10:01:51.916000,90,,,
participant_13,1,day,Town10HD_Opt,2026-03-15 10:01:52.047388,79.0947494506836,28.36708641052246,0.0019195937784388,0.0,-5.744,0.0,0.0,0,0,1,,1.0,2026-03-15T10:01:52.047388,neutral,0.998,2026-03-15T10:01:52.047388,0.4594233672794222,2026-03-15T10:01:51.916000,92,,,
participant_13,1,day,Town10HD_Opt,2026-03-15 10:01:53.064558,79.0947494506836,28.36708641052246,0.0019195937784388,0.0,-6.348,0.0,0.0,0,0,1,,0.867,2026-03-15T10:01:53.064558,neutral,0.998,2026-03-15T10:01:52.047388,0.4605351917312144,2026-03-15T10:01:53.045000,91,,,
participant_13,1,day,Town10HD_Opt,2026-03-15 10:01:54.066612,79.0947494506836,28.36708641052246,0.0019195937784388,0.0,-6.35,0.0,0.0,0,0,1,,0.938,2026-03-15T10:01:54.066612,neutral,0.996,2026-03-15T10:01:54.066612,0.5381334123109516,2026-03-15T10:01:54.977000,91,,,
participant_13,1,day,Town10HD_Opt,2026-03-15 10:01:55.054488,79.0947494506836,28.36708641052246,0.0019195937784388,0.0,-6.469,0.0,0.0,0,0,1,,0.825,2026-03-15T10:01:55.054488,neutral,0.996,2026-03-15T10:01:54.066612,0.5283907771000347,2026-03-15T10:01:55.922000,92,,,
participant_13,1,day,Town10HD_Opt,2026-03-15 10:01:56.061963,79.0947494506836,28.36708641052246,0.0019195937784388,0.0,-6.488,0.0,0.0,0,0,1,,1.0,2026-03-15T10:01:56.061963,neutral,0.996,2026-03-15T10:01:54.066612,0.5149518169797438,2026-03-15T10:01:56.912000,92,,,
participant_13,1,day,Town10HD_Opt,2026-03-15 10:01:57.095640,79.0947494506836,28.36708641052246,0.0019195937784388,0.0,-6.49,0.0,0.0,0,0,1,,1.0,2026-03-15T10:01:57.095640,neutral,0.993,2026-03-15T10:01:57.095640,0.4835428933151173,2026-03-15T10:01:57.949000,95,,,
participant_13,1,day,Town10HD_Opt,2026-03-15 10:01:58.082581,79.0947494506836,28.36708641052246,0.0019195937784388,0.0,-6.511,0.0,0.0,0,0,1,,0.851,2026-03-15T10:01:58.082581,neutral,0.993,2026-03-15T10:01:57.095640,0.5413498244126201,2026-03-15T10:01:58.937000,93,,,
participant_13,1,day,Town10HD_Opt,2026-03-15 10:01:59.066219,79.0947494506836,28.36708641052246,0.0019195937784388,0.0,-6.547,0.0,0.0,0,0,1,,1.0,2026-03-15T10:01:59.066219,neutral,0.993,2026-03-15T10:01:57.095640,0.5805625275215358,2026-03-15T10:01:59.927000,91,,,
participant_13,1,day,Town10HD_Opt,2026-03-15 10:02:00.097111,79.0947494506836,28.36708641052246,0.0019195937784388,0.0,-6.682,0.0,0.0,0,0,1,,1.0,2026-03-15T10:02:00.097111,neutral,0.982,2026-03-15T10:02:00.097111,0.5831906858599463,2026-03-15T10:02:00.916000,93,,,
participant_13,1,day,Town10HD_Opt,2026-03-15 10:02:01.113125,79.0947494506836,28.36708641052246,0.0019195937784388,0.0,-6.682,0.0,0.0,0,0,1,,0.822,2026-03-15T10:02:01.113125,neutral,0.982,2026-03-15T10:02:00.097111,0.5525069240200791,2026-03-15T10:02:01.951000,92,,,
participant_13,1,day,Town10HD_Opt,2026-03-15 10:02:02.109181,79.0947494506836,28.36708641052246,0.0019195937784388,0.0,-7.487,0.0,0.0,0,0,1,,1.0,2026-03-15T10:02:02.109181,neutral,0.997,2026-03-15T10:02:02.109181,0.5635251515701313,2026-03-15T10:02:02.941000,92,,,
participant_13,1,day,Town10HD_Opt,2026-03-15 10:02:03.156642,79.09563446044922,28.36704444885254,0.0019126510014757,0.226,-11.776,0.156,0.0,0,0,1,,1.0,2026-03-15T10:02:03.156642,neutral,0.997,2026-03-15T10:02:02.109181,0.5929946575468211,2026-03-15T10:02:03.932000,95,,,
participant_13,1,day,Town10HD_Opt,2026-03-15 10:02:04.191903,79.222900390625,28.35843849182129,0.0017943572020158,2.464,-13.168,0.0,0.0,0,0,1,,1.0,2026-03-15T10:02:04.191903,neutral,0.977,2026-03-15T10:02:04.191903,0.5744708865969429,2026-03-15T10:02:04.921000,94,,,
participant_13,1,day,Town10HD_Opt,2026-03-15 10:02:05.281282,79.52326965332031,28.341466903686523,0.0018542861798778,3.361,-9.196,0.42,0.0,0,0,1,,1.0,2026-03-15T10:02:05.281282,neutral,0.977,2026-03-15T10:02:04.191903,0.6205324876241799,2026-03-15T10:02:05.912000,91,,,
participant_13,1,day,Town10HD_Opt,2026-03-15 10:02:06.369388,80.27751922607422,28.256553649902344,0.0015074538532644,11.275,-13.387,1.0,0.0,0,0,1,,1.0,2026-03-15T10:02:06.369388,neutral,0.998,2026-03-15T10:02:06.369388,0.6300088325985634,2026-03-15T10:02:06.947000,91,,,
participant_13,1,day,Town10HD_Opt,2026-03-15 10:02:07.406515,82.17769622802734,27.952754974365234,0.0017345427768304,20.479,-6.796,0.857,0.0,0,0,1,,1.0,2026-03-15T10:02:07.406515,neutral,0.998,2026-03-15T10:02:06.369388,0.6267721873318739,2026-03-15T10:02:07.936000,91,,,
participant_13,1,day,Town10HD_Opt,2026-03-15 10:02:08.117612,83.4516372680664,27.705211639404297,0.0017201614100486,23.995,-4.964,0.799,0.0,0,0,1,,1.0,2026-03-15T10:02:08.117612,neutral,0.998,2026-03-15T10:02:06.369388,0.5658867052501789,2026-03-15T10:02:08.926000,91,,,
participant_13,1,day,Town10HD_Opt,2026-03-15 10:02:09.158731,86.59052276611328,26.9233512878418,0.0016950988210737,31.179,-5.302,0.769,0.0,0,0,1,,0.801,2026-03-15T10:02:09.158731,neutral,0.997,2026-03-15T10:02:09.158731,0.622981893638723,2026-03-15T10:02:09.916000,93,,,
participant_13,1,day,Town10HD_Opt,2026-03-15 10:02:10.200488,90.4105224609375,25.597246170043945,0.0017206573393195,37.845,-7.927,0.774,0.0,0,0,1,,1.0,2026-03-15T10:02:10.200488,neutral,0.997,2026-03-15T10:02:09.158731,0.621003542674692,2026-03-15T10:02:10.952000,91,,,
participant_13,1,day,Town10HD_Opt,2026-03-15 10:02:11.273760,94.51419067382812,23.28836441040039,0.0018061065347865,43.152,-12.013,0.636,0.0,0,0,1,,1.0,2026-03-15T10:02:11.273760,neutral,0.979,2026-03-15T10:02:11.273760,0.6620863992883285,2026-03-15T10:02:11.942000,89,,,
participant_13,1,day,Town10HD_Opt,2026-03-15 10:02:12.378631,98.19883728027344,19.94652557373047,0.002196388086304,40.515,-2.631,0.0,0.0,0,0,1,,1.0,2026-03-15T10:02:12.378631,neutral,0.979,2026-03-15T10:02:11.273760,0.6776132825703752,2026-03-15T10:02:12.931000,92,,,
participant_13,1,day,Town10HD_Opt,2026-03-15 10:02:13.464250,101.11277770996094,16.72182273864746,0.0023260116577148,34.379,-5.941,0.217,0.0,0,0,1,,0.839,2026-03-15T10:02:13.464250,neutral,0.999,2026-03-15T10:02:13.464250,0.6462442651865999,2026-03-15T10:02:13.966000,92,,,
participant_13,1,day,Town10HD_Opt,2026-03-15 10:02:14.003694,102.29367065429688,15.166020393371582,0.0022280502598732,33.159,-9.966,0.926,0.0,0,0,1,,1.0,2026-03-15T10:02:14.003694,neutral,0.999,2026-03-15T10:02:13.464250,0.5783299158781172,2026-03-15T10:02:13.966000,91,,,
participant_13,1,day,Town10HD_Opt,2026-03-15 10:02:15.047037,104.4099578857422,11.469654083251951,0.0016815566923469,41.795,-3.867,1.0,0.0,0,0,1,,0.921,2026-03-15T10:02:15.047037,neutral,0.999,2026-03-15T10:02:13.464250,0.5637649070719224,2026-03-15T10:02:14.958000,92,,,
participant_13,1,day,Town10HD_Opt,2026-03-15 10:02:16.040482,106.59395599365234,6.578831195831299,0.0015789413591846,50.577,-7.23,0.0,0.0,0,0,1,,1.0,2026-03-15T10:02:16.040482,neutral,0.998,2026-03-15T10:02:16.040482,0.5766034135780783,2026-03-15T10:02:16.937000,94,,,
participant_13,1,day,Town10HD_Opt,2026-03-15 10:02:17.108895,108.11331176757812,0.8699967861175537,0.0021678160410374,48.598,-7.767,0.879,0.0,0,0,1,,1.0,2026-03-15T10:02:17.108895,neutral,0.998,2026-03-15T10:02:16.040482,0.5567656956687838,2026-03-15T10:02:17.927000,95,,,
participant_13,1,day,Town10HD_Opt,2026-03-15 10:02:18.121354,108.50082397460938,-4.939001560211182,0.0019519042689353,50.934,-0.484,0.0,0.0,0,0,1,,1.0,2026-03-15T10:02:18.121354,neutral,0.99,2026-03-15T10:02:18.121354,0.6573985116387393,2026-03-15T10:02:18.917000,95,,,
participant_13,1,day,Town10HD_Opt,2026-03-15 10:02:19.138452,108.58292388916016,-10.680913925170898,0.0020457075443118,49.332,-1.394,0.698,0.0,0,0,1,,1.0,2026-03-15T10:02:19.138452,neutral,0.99,2026-03-15T10:02:18.121354,0.6088574482057016,2026-03-15T10:02:19.997000,92,,,
participant_13,1,day,Town10HD_Opt,2026-03-15 10:02:20.184038,108.46358489990234,-16.548358917236328,0.0021023559384047,49.027,-2.44,0.653,0.0,0,0,1,,1.0,2026-03-15T10:02:20.184038,neutral,0.998,2026-03-15T10:02:20.184038,0.596555525808527,2026-03-15T10:02:20.942000,92,,,
participant_13,1,day,Town10HD_Opt,2026-03-15 10:02:21.200855,108.00820922851562,-22.2571964263916,0.001994171179831,49.893,-2.965,0.645,0.0,0,0,1,,1.0,2026-03-15T10:02:21.200855,neutral,0.998,2026-03-15T10:02:20.184038,0.6047673505193665,2026-03-15T10:02:21.932000,93,,,
participant_13,1,day,Town10HD_Opt,2026-03-15 10:02:22.239463,107.16712951660156,-28.05910301208496,0.0021489334758371,48.837,-3.224,0.635,0.0,0,0,1,,1.0,2026-03-15T10:02:22.239463,neutral,0.999,2026-03-15T10:02:22.239463,0.6304798004744041,2026-03-15T10:02:22.922000,92,,,
participant_13,1,day,Town10HD_Opt,2026-03-15 10:02:23.320865,105.88250732421876,-33.60690689086914,0.001996879465878,49.618,-5.328,0.63,0.0,0,0,1,,1.0,2026-03-15T10:02:23.320865,neutral,0.999,2026-03-15T10:02:22.239463,0.6043655604052567,2026-03-15T10:02:23.912000,94,,,
participant_13,1,day,Town10HD_Opt,2026-03-15 10:02:24.387099,103.8885726928711,-39.13246154785156,0.0020825958345085,49.311,-5.976,0.63,0.0,0,0,1,,1.0,2026-03-15T10:02:24.387099,neutral,0.905,2026-03-15T10:02:24.387099,0.5759941934482982,2026-03-15T10:02:24.992000,94,,,
participant_13,1,day,Town10HD_Opt,2026-03-15 10:02:25.399659,101.1502456665039,-44.15260696411133,0.0020225525368005,49.595,-7.665,0.63,0.0,0,0,1,,1.0,2026-03-15T10:02:25.399659,neutral,0.905,2026-03-15T10:02:24.387099,0.6183200565734878,2026-03-15T10:02:25.938000,93,,,
participant_13,1,day,Town10HD_Opt,2026-03-15 10:02:26.400691,97.53268432617188,-48.78076171875,0.0020822142250835,49.369,-0.677,0.628,0.0,0,0,1,,1.0,2026-03-15T10:02:26.400691,neutral,0.998,2026-03-15T10:02:26.400691,0.6219843515162986,2026-03-15T10:02:26.927000,94,,,
participant_13,1,day,Town10HD_Opt,2026-03-15 10:02:27.403806,93.69612121582033,-53.06841278076172,0.0020135878585278,49.87,-5.817,0.611,0.0,0,0,1,,1.0,2026-03-15T10:02:27.403806,neutral,0.998,2026-03-15T10:02:26.400691,0.5519505988452323,2026-03-15T10:02:27.917000,94,,,
participant_13,1,day,Town10HD_Opt,2026-03-15 10:02:28.423325,89.29255676269531,-56.91993713378906,0.0021301268134266,49.028,-4.945,0.609,0.0,0,0,1,,1.0,2026-03-15T10:02:28.423325,neutral,0.999,2026-03-15T10:02:28.423325,0.6966687239816106,2026-03-15T10:02:28.997000,95,,,
participant_13,1,day,Town10HD_Opt,2026-03-15 10:02:29.414344,84.51953125,-60.03876495361328,0.0020136260427534,49.489,-5.612,0.603,0.0,0,0,1,,1.0,2026-03-15T10:02:29.414344,neutral,0.999,2026-03-15T10:02:28.423325,0.5740964867337792,2026-03-15T10:02:29.942000,90,,,
participant_13,1,day,Town10HD_Opt,2026-03-15 10:02:30.422121,79.17391204833984,-62.41316604614258,0.0020068360026925,50.412,-8.048,0.597,0.0,0,0,1,,1.0,2026-03-15T10:02:30.422121,neutral,0.999,2026-03-15T10:02:28.423325,0.6543299181414269,2026-03-15T10:02:30.932000,93,,,
participant_13,1,day,Town10HD_Opt,2026-03-15 10:02:31.454127,73.57475280761719,-63.69050216674805,0.002055206336081,49.327,-5.46,0.586,0.0,0,0,1,,0.846,2026-03-15T10:02:31.454127,neutral,1.0,2026-03-15T10:02:31.454127,0.580214660202612,2026-03-15T10:02:31.922000,92,,,
participant_13,1,day,Town10HD_Opt,2026-03-15 10:02:32.023527,70.69091033935547,-63.97627639770508,0.002000655978918,50.037,-3.153,0.586,0.0,0,0,1,,1.0,2026-03-15T10:02:32.023527,neutral,1.0,2026-03-15T10:02:31.454127,0.6289901864361921,2026-03-15T10:02:32.912000,92,,,
participant_13,1,day,Town10HD_Opt,2026-03-15 10:02:33.073013,64.85208129882812,-64.17053985595703,0.0021174622233957,49.168,-0.369,0.585,0.0,0,0,1,,1.0,2026-03-15T10:02:33.073013,neutral,1.0,2026-03-15T10:02:31.454127,0.5847901851203826,2026-03-15T10:02:32.912000,92,,,
participant_13,1,day,Town10HD_Opt,2026-03-15 10:02:34.101182,59.07602310180664,-64.22038269042969,0.0019971083384007,50.144,0.11,0.586,0.0,0,0,1,,1.0,2026-03-15T10:02:34.101182,neutral,0.997,2026-03-15T10:02:34.101182,0.5089061981892684,2026-03-15T10:02:34.937000,92,,,
participant_13,1,day,Town10HD_Opt,2026-03-15 10:02:35.143148,53.24440383911133,-64.25114440917969,0.0021139525342732,49.115,-0.719,0.586,0.0,0,0,1,,1.0,2026-03-15T10:02:35.143148,neutral,0.997,2026-03-15T10:02:34.101182,0.605404668454087,2026-03-15T10:02:35.927000,93,,,
participant_13,1,day,Town10HD_Opt,2026-03-15 10:02:36.196842,47.45991134643555,-64.22490692138672,0.0019920729100704,50.249,1.036,0.585,0.0,0,0,1,,1.0,2026-03-15T10:02:36.196842,neutral,1.0,2026-03-15T10:02:36.196842,0.6195730581928465,2026-03-15T10:02:36.917000,93,,,
participant_13,1,day,Town10HD_Opt,2026-03-15 10:02:37.193102,41.64223098754883,-64.26464080810547,0.0021060181315988,49.087,-0.733,0.571,0.0,0,0,1,,1.0,2026-03-15T10:02:37.193102,neutral,1.0,2026-03-15T10:02:36.196842,0.5563528121890272,2026-03-15T10:02:37.953000,95,,,
participant_13,1,day,Town10HD_Opt,2026-03-15 10:02:38.213497,35.91079330444336,-64.26063537597656,0.0020682143513113,48.859,0.858,0.416,0.0,0,0,1,,1.0,2026-03-15T10:02:38.213497,neutral,0.999,2026-03-15T10:02:38.213497,0.587956172386699,2026-03-15T10:02:38.942000,92,,,
participant_13,1,day,Town10HD_Opt,2026-03-15 10:02:39.239731,30.28704261779785,-64.29861450195312,0.0021075056865811,47.498,-0.341,0.39,0.0,0,0,1,,1.0,2026-03-15T10:02:39.239731,neutral,0.999,2026-03-15T10:02:38.213497,0.5259197029337984,2026-03-15T10:02:39.933000,91,,,
participant_13,1,day,Town10HD_Opt,2026-03-15 10:02:40.285072,24.84038734436035,-64.35065460205078,0.0021187209058552,45.783,-0.181,0.385,0.0,0,0,1,,1.0,2026-03-15T10:02:40.285072,neutral,1.0,2026-03-15T10:02:40.285072,0.5581585260401708,2026-03-15T10:02:40.922000,89,,,
participant_13,1,day,Town10HD_Opt,2026-03-15 10:02:41.306290,19.5744571685791,-64.37261962890625,0.0021151732653379,44.416,-0.085,0.383,0.0,0,0,1,,1.0,2026-03-15T10:02:41.306290,neutral,1.0,2026-03-15T10:02:40.285072,0.603990252493951,2026-03-15T10:02:41.959000,94,,,
participant_13,1,day,Town10HD_Opt,2026-03-15 10:02:42.310869,14.47490406036377,-64.39280700683594,0.0021091080270707,43.055,0.2,0.381,0.0,0,0,1,,1.0,2026-03-15T10:02:42.310869,neutral,0.981,2026-03-15T10:02:42.310869,0.5739275638245924,2026-03-15T10:02:43.038000,93,,,
participant_13,1,day,Town10HD_Opt,2026-03-15 10:02:43.348935,9.531293869018556,-64.43547058105469,0.0021133041009306,41.647,-0.136,0.316,0.0,0,0,1,,1.0,2026-03-15T10:02:43.348935,neutral,0.981,2026-03-15T10:02:42.310869,0.5811149275293004,2026-03-15T10:02:43.937000,92,,,
participant_13,1,day,Town10HD_Opt,2026-03-15 10:02:44.321813,4.806088924407959,-64.46198272705078,0.0021640777122229,38.917,-0.383,0.202,0.0,0,0,1,,1.0,2026-03-15T10:02:44.321813,neutral,0.995,2026-03-15T10:02:44.321813,0.6087107740851716,2026-03-15T10:02:44.928000,91,,,
participant_13,1,day,Town10HD_Opt,2026-03-15 10:02:45.304962,0.4658091366291046,-64.46160888671875,0.0022591399028897,34.866,0.103,0.0,0.0,0,0,1,,1.0,2026-03-15T10:02:45.304962,neutral,0.995,2026-03-15T10:02:44.321813,0.6371223235853051,2026-03-15T10:02:45.962000,91,,,
participant_13,1,day,Town10HD_Opt,2026-03-15 10:02:46.294131,-3.2734181880950928,-64.46707153320312,0.0023019791115075,29.422,0.103,0.0,0.0,0,0,1,,1.0,2026-03-15T10:02:46.294131,neutral,0.995,2026-03-15T10:02:44.321813,0.6189032209311115,2026-03-15T10:02:46.952000,95,,,
participant_13,1,day,Town10HD_Opt,2026-03-15 10:02:47.271452,-6.411173343658447,-64.47785949707031,0.0022787856869399,24.573,0.176,0.0,0.0,0,0,1,,1.0,2026-03-15T10:02:47.271452,neutral,1.0,2026-03-15T10:02:47.271452,0.5909071865626799,2026-03-15T10:02:47.942000,96,,,
participant_13,1,day,Town10HD_Opt,2026-03-15 10:02:48.280360,-9.018375396728516,-64.49337005615234,0.0022516632452607,20.305,0.172,0.003,0.0,0,0,1,,1.0,2026-03-15T10:02:48.280360,neutral,1.0,2026-03-15T10:02:47.271452,0.5770488838412668,2026-03-15T10:02:48.932000,94,,,
participant_13,1,day,Town10HD_Opt,2026-03-15 10:02:49.281227,-11.187313079833984,-64.51789093017578,0.0019281386630609,17.415,0.618,0.125,0.0,0,0,1,,1.0,2026-03-15T10:02:49.281227,neutral,0.992,2026-03-15T10:02:49.281227,0.5873198675333285,2026-03-15T10:02:49.922000,93,,,
participant_13,1,day,Town10HD_Opt,2026-03-15 10:02:50.347796,-13.099899291992188,-64.5475082397461,0.0020332718268036,14.88,0.075,0.0,0.0,0,0,1,,1.0,2026-03-15T10:02:50.347796,neutral,0.992,2026-03-15T10:02:49.281227,0.5302807545593209,2026-03-15T10:02:50.958000,92,,,
participant_13,1,day,Town10HD_Opt,2026-03-15 10:02:51.403734,-14.711453437805176,-64.57213592529297,0.002036933787167,12.654,0.075,0.0,0.0,0,0,1,,1.0,2026-03-15T10:02:51.403734,neutral,0.993,2026-03-15T10:02:51.403734,0.5933557264614766,2026-03-15T10:02:51.947000,92,,,
participant_13,1,day,Town10HD_Opt,2026-03-15 10:02:52.444765,-16.063003540039062,-64.5936279296875,0.0020187757909297,10.617,0.075,0.0,0.0,0,0,1,,1.0,2026-03-15T10:02:52.444765,neutral,0.993,2026-03-15T10:02:51.403734,0.5398434111263309,2026-03-15T10:02:52.937000,97,,,
participant_13,1,day,Town10HD_Opt,2026-03-15 10:02:53.440067,-17.196475982666016,-64.6123046875,0.0020029449369758,8.902,0.087,0.0,0.0,0,0,1,,0.863,2026-03-15T10:02:53.440067,neutral,0.995,2026-03-15T10:02:53.440067,0.5716751137333478,2026-03-15T10:02:53.927000,94,,,
participant_13,1,day,Town10HD_Opt,2026-03-15 10:02:54.412172,-18.14687156677246,-64.62849426269531,0.0019894789438694,7.464,0.087,0.0,0.0,0,0,1,,1.0,2026-03-15T10:02:54.412172,neutral,0.995,2026-03-15T10:02:53.440067,0.6136463626301443,2026-03-15T10:02:54.962000,96,,,
participant_13,1,day,Town10HD_Opt,2026-03-15 10:02:55.425102,-18.94373893737793,-64.64241790771484,0.0019782257732003,6.167,0.087,0.0,0.0,0,0,1,,1.0,2026-03-15T10:02:55.425102,neutral,0.995,2026-03-15T10:02:53.440067,0.5638953958515525,2026-03-15T10:02:56.046000,96,,,
participant_13,1,day,Town10HD_Opt,2026-03-15 10:02:56.403523,-19.611860275268555,-64.6544189453125,0.0019686890300363,5.171,0.134,0.0,0.0,0,0,1,,1.0,2026-03-15T10:02:56.403523,neutral,1.0,2026-03-15T10:02:56.403523,0.6319959284565453,2026-03-15T10:02:56.942000,92,,,
participant_13,1,day,Town10HD_Opt,2026-03-15 10:02:57.419909,-20.17202377319336,-64.66487121582031,0.0019606780260801,4.4,0.134,0.0,0.0,0,0,1,,1.0,2026-03-15T10:02:57.419909,neutral,1.0,2026-03-15T10:02:56.403523,0.5670232281726958,2026-03-15T10:02:58.022000,94,,,
participant_13,1,day,Town10HD_Opt,2026-03-15 10:02:58.395846,-20.64166641235352,-64.67403411865234,0.0019539259374141,3.689,0.352,0.0,0.0,0,0,1,,1.0,2026-03-15T10:02:58.395846,neutral,1.0,2026-03-15T10:02:56.403523,0.6158035750127989,2026-03-15T10:02:58.922000,92,,,
participant_13,1,day,Town10HD_Opt,2026-03-15 10:02:59.355756,-21.035404205322266,-64.68277740478516,0.0019482421921566,3.093,0.508,0.0,0.0,0,0,1,,1.0,2026-03-15T10:02:59.355756,neutral,1.0,2026-03-15T10:02:59.355756,0.5505872905796857,2026-03-15T10:02:59.958000,94,,,
participant_13,1,day,Town10HD_Opt,2026-03-15 10:03:00.323399,-21.36550521850586,-64.69102478027344,0.0019435882568359,2.593,0.644,0.0,0.0,0,0,1,,0.907,2026-03-15T10:03:00.323399,neutral,1.0,2026-03-15T10:02:59.355756,0.5523396372138076,2026-03-15T10:03:00.947000,94,,,
participant_13,1,day,Town10HD_Opt,2026-03-15 10:03:01.312883,-21.64224624633789,-64.69824981689453,0.001939506502822,2.174,0.644,0.0,0.0,0,0,1,,1.0,2026-03-15T10:03:01.312883,neutral,1.0,2026-03-15T10:02:59.355756,0.5977713612405003,2026-03-15T10:03:01.937000,94,,,
participant_13,1,day,Town10HD_Opt,2026-03-15 10:03:02.401820,-21.87428092956543,-64.70440673828125,0.0019363402388989,1.823,0.47,0.0,0.0,0,0,1,,1.0,2026-03-15T10:03:02.401820,neutral,0.998,2026-03-15T10:03:02.401820,0.5405524146581088,,95,,,
participant_13,1,day,Town10HD_Opt,2026-03-15 10:03:03.374122,-22.06882095336914,-64.70952606201172,0.0019332885276526,1.528,0.47,0.0,0.0,0,0,1,,0.854,2026-03-15T10:03:03.374122,neutral,0.998,2026-03-15T10:03:02.401820,0.561622724695985,2026-03-15T10:03:03.963000,93,,,
participant_13,1,day,Town10HD_Opt,2026-03-15 10:03:04.360786,-22.23192405700684,-64.71389770507812,0.0019311904907226,1.263,0.472,0.0,0.0,0,0,1,,0.827,2026-03-15T10:03:04.360786,neutral,0.998,2026-03-15T10:03:02.401820,0.5286392412706057,2026-03-15T10:03:04.952000,92,,,
participant_13,1,day,Town10HD_Opt,2026-03-15 10:03:05.325473,-22.368677139282227,-64.71769714355469,0.0019292067736387,1.059,0.529,0.0,0.0,0,0,1,,0.834,2026-03-15T10:03:05.325473,neutral,1.0,2026-03-15T10:03:05.325473,0.4548808515755319,2026-03-15T10:03:05.942000,94,,,
participant_13,1,day,Town10HD_Opt,2026-03-15 10:03:06.349634,-22.483402252197266,-64.72090911865234,0.0019274520454928,0.901,0.529,0.0,0.0,0,0,1,,1.0,2026-03-15T10:03:06.349634,neutral,1.0,2026-03-15T10:03:05.325473,0.521758209293024,2026-03-15T10:03:06.933000,95,,,
participant_13,1,day,Town10HD_Opt,2026-03-15 10:03:07.375990,-22.57962417602539,-64.72364807128906,0.0019260406261309,0.745,0.529,0.0,0.0,0,0,1,,1.0,2026-03-15T10:03:07.375990,neutral,0.999,2026-03-15T10:03:07.375990,0.604123580200464,2026-03-15T10:03:07.923000,96,,,
participant_13,1,day,Town10HD_Opt,2026-03-15 10:03:08.392602,-22.659467697143555,-64.72589874267578,0.0019311141222715,0.399,0.564,0.905,0.0,0,0,1,,1.0,2026-03-15T10:03:08.392602,neutral,0.999,2026-03-15T10:03:07.375990,0.5560574405860271,2026-03-15T10:03:08.957000,95,,,
participant_13,1,day,Town10HD_Opt,2026-03-15 10:03:09.404757,-23.04912757873535,-64.74102020263672,0.0015958022559061,7.757,1.758,0.796,0.0,0,0,1,,0.913,2026-03-15T10:03:09.404757,neutral,0.999,2026-03-15T10:03:09.404757,0.5763845086303179,2026-03-15T10:03:09.993000,93,,,
participant_13,1,day,Town10HD_Opt,2026-03-15 10:03:10.391699,-24.438600540161133,-64.80547332763672,0.0014337539905682,16.937,1.495,1.0,0.0,0,0,1,,0.948,2026-03-15T10:03:10.391699,neutral,0.999,2026-03-15T10:03:09.404757,0.5758275485158179,2026-03-15T10:03:10.982000,95,,,
participant_13,1,day,Town10HD_Opt,2026-03-15 10:03:11.406742,-26.90789794921875,-64.94483947753906,0.001642188988626,25.469,1.253,0.971,0.0,0,0,1,,1.0,2026-03-15T10:03:11.406742,neutral,0.987,2026-03-15T10:03:11.406742,0.5638034198894388,2026-03-15T10:03:11.928000,97,,,
participant_13,1,day,Town10HD_Opt,2026-03-15 10:03:12.363298,-30.50470352172852,-65.203369140625,0.0015641783829778,35.601,-0.033,0.779,0.0,0,0,1,,1.0,2026-03-15T10:03:12.363298,neutral,0.987,2026-03-15T10:03:11.406742,0.59144612034505,2026-03-15T10:03:13.008000,101,,,
participant_13,1,day,Town10HD_Opt,2026-03-15 10:03:13.391622,-35.03041458129883,-65.53217315673828,0.0017552947392687,41.423,-0.533,0.647,0.0,0,0,1,,1.0,2026-03-15T10:03:13.391622,neutral,0.987,2026-03-15T10:03:11.406742,0.5098990252080909,2026-03-15T10:03:13.953000,98,,,
participant_13,1,day,Town10HD_Opt,2026-03-15 10:03:14.418573,-40.063026428222656,-65.83963012695312,0.0018716048216447,44.766,-0.733,0.634,0.0,0,0,1,,0.903,2026-03-15T10:03:14.418573,neutral,1.0,2026-03-15T10:03:14.418573,0.5770458289318956,2026-03-15T10:03:14.943000,101,,,
participant_13,1,day,Town10HD_Opt,2026-03-15 10:03:15.416810,-45.44459533691406,-66.08895874023438,0.0019106674008071,47.428,-0.197,0.61,0.0,0,0,1,,1.0,2026-03-15T10:03:15.416810,neutral,1.0,2026-03-15T10:03:14.418573,0.5404694872016224,2026-03-15T10:03:15.932000,102,,,
participant_13,1,day,Town10HD_Opt,2026-03-15 10:03:16.371620,-51.10567855834961,-66.33000946044922,0.0019346236949786,49.6,0.444,0.597,0.0,0,0,1,,1.0,2026-03-15T10:03:16.371620,neutral,1.0,2026-03-15T10:03:14.418573,0.5264563364176036,2026-03-15T10:03:16.923000,98,,,
participant_13,1,day,Town10HD_Opt,2026-03-15 10:03:17.333520,-56.94940185546875,-66.63143157958984,0.0020801161881536,49.463,0.451,0.591,0.0,0,0,1,,1.0,2026-03-15T10:03:17.333520,neutral,0.958,2026-03-15T10:03:17.333520,0.4213988301664244,2026-03-15T10:03:17.957000,100,,,
participant_13,1,day,Town10HD_Opt,2026-03-15 10:03:18.372638,-62.7072868347168,-66.9556655883789,0.002008514245972,49.952,-1.751,0.574,0.0,0,0,1,,1.0,2026-03-15T10:03:18.372638,neutral,0.958,2026-03-15T10:03:17.333520,0.5167086479787575,2026-03-15T10:03:18.948000,97,,,
participant_13,1,day,Town10HD_Opt,2026-03-15 10:03:19.353483,-68.5616683959961,-67.07015991210938,0.0021121597383171,49.007,-2.748,0.482,0.0,0,0,1,,0.94,2026-03-15T10:03:19.353483,neutral,0.99,2026-03-15T10:03:19.353483,0.5363417938750633,2026-03-15T10:03:19.938000,101,,,
participant_13,1,day,Town10HD_Opt,2026-03-15 10:03:20.407564,-74.20990753173828,-66.77516174316406,0.0020887374412268,48.137,-3.316,0.47,0.0,0,0,1,,0.945,2026-03-15T10:03:20.407564,neutral,0.99,2026-03-15T10:03:19.353483,0.5079519197681023,2026-03-15T10:03:20.927000,98,,,
participant_13,1,day,Town10HD_Opt,2026-03-15 10:03:21.033206,-76.9891128540039,-66.4389419555664,0.0020753860007971,47.826,-6.004,0.47,0.0,0,0,1,,0.856,2026-03-15T10:03:21.033206,neutral,0.99,2026-03-15T10:03:19.353483,0.548657623965549,2026-03-15T10:03:20.927000,101,,,
participant_13,1,day,Town10HD_Opt,2026-03-15 10:03:22.035496,-82.38157653808594,-65.155029296875,0.002073593204841,47.305,-6.981,0.47,0.0,0,0,1,,0.843,2026-03-15T10:03:22.035496,neutral,0.999,2026-03-15T10:03:22.035496,0.5524580276776277,2026-03-15T10:03:21.964000,100,,,
participant_13,1,day,Town10HD_Opt,2026-03-15 10:03:23.059185,-87.44108581542969,-63.02372741699219,0.0020655058324337,46.926,-4.898,0.47,0.0,0,0,1,,1.0,2026-03-15T10:03:23.059185,neutral,0.999,2026-03-15T10:03:22.035496,0.4894901648258745,2026-03-15T10:03:23.943000,98,,,
participant_13,1,day,Town10HD_Opt,2026-03-15 10:03:24.089273,-92.12970733642578,-60.24829864501953,0.0020660017617046,46.548,-6.495,0.47,0.0,0,0,1,,0.819,2026-03-15T10:03:24.089273,neutral,0.999,2026-03-15T10:03:24.089273,0.5070139162169415,2026-03-15T10:03:24.932000,98,,,
participant_13,1,day,Town10HD_Opt,2026-03-15 10:03:25.176745,-96.33507537841795,-56.84877395629883,0.00206058495678,46.261,-4.473,0.47,0.0,0,0,1,,0.9,2026-03-15T10:03:25.176745,neutral,0.999,2026-03-15T10:03:24.089273,0.4910201440588194,2026-03-15T10:03:25.923000,97,,,
participant_13,1,day,Town10HD_Opt,2026-03-15 10:03:26.240706,-100.09046936035156,-52.99378967285156,0.0020556640811264,46.054,-3.754,0.47,0.0,0,0,1,,0.805,2026-03-15T10:03:26.240706,neutral,0.999,2026-03-15T10:03:26.240706,0.4857685679232403,2026-03-15T10:03:26.957000,98,,,
participant_13,1,day,Town10HD_Opt,2026-03-15 10:03:27.244589,-103.43576049804688,-48.80653762817383,0.0020536803640425,45.87,-3.702,0.469,0.0,0,0,1,,0.851,2026-03-15T10:03:27.244589,neutral,0.999,2026-03-15T10:03:26.240706,0.5096133809274063,2026-03-15T10:03:27.947000,99,,,
participant_13,1,day,Town10HD_Opt,2026-03-15 10:03:28.248990,-106.35614013671876,-44.3370246887207,0.0020527648739516,45.701,-3.95,0.47,0.0,0,0,1,,0.838,2026-03-15T10:03:28.248990,neutral,0.999,2026-03-15T10:03:28.248990,0.5180172444069885,2026-03-15T10:03:28.938000,97,,,
participant_13,1,day,Town10HD_Opt,2026-03-15 10:03:29.280619,-108.81591796875,-39.61952209472656,0.0020513916388154,45.556,-3.462,0.47,0.0,0,0,1,,1.0,2026-03-15T10:03:29.280619,neutral,0.999,2026-03-15T10:03:28.248990,0.4280205852295353,2026-03-15T10:03:29.928000,98,,,
participant_13,1,day,Town10HD_Opt,2026-03-15 10:03:30.321032,-110.82118225097656,-34.70852279663086,0.0020518111996352,45.412,-4.704,0.47,0.0,0,0,1,,1.0,2026-03-15T10:03:30.321032,neutral,0.999,2026-03-15T10:03:30.321032,0.5180643704459347,2026-03-15T10:03:30.963000,97,,,
participant_13,1,day,Town10HD_Opt,2026-03-15 10:03:31.368117,-112.26754760742188,-29.62618064880371,0.0020525360014289,45.254,-4.039,0.467,0.0,0,0,1,,0.826,2026-03-15T10:03:31.368117,neutral,0.999,2026-03-15T10:03:30.321032,0.5428367635028563,2026-03-15T10:03:32.043000,99,,,
participant_13,1,day,Town10HD_Opt,2026-03-15 10:03:32.383708,-113.20648193359376,-24.45506477355957,0.0020959854591637,44.351,-2.271,0.0,0.0,0,0,1,,0.9,2026-03-15T10:03:32.383708,neutral,0.996,2026-03-15T10:03:32.383708,0.5428268741218445,2026-03-15T10:03:33.033000,99,,,
participant_13,1,day,Town10HD_Opt,2026-03-15 10:03:33.456478,-113.74142456054688,-19.67448616027832,0.0023418045602738,37.947,-4.926,0.0,0.125,0,0,1,,0.836,2026-03-15T10:03:33.456478,neutral,0.996,2026-03-15T10:03:32.383708,0.5458120829721096,2026-03-15T10:03:33.933000,97,,,
participant_13,1,day,Town10HD_Opt,2026-03-15 10:03:34.026730,-113.8289031982422,-17.56534194946289,0.0023583220317959,34.202,-2.699,0.0,0.0,0,0,1,,1.0,2026-03-15T10:03:34.026730,neutral,0.996,2026-03-15T10:03:32.383708,0.5192009121480945,2026-03-15T10:03:34.923000,96,,,
participant_13,1,day,Town10HD_Opt,2026-03-15 10:03:35.043441,-113.84146118164062,-13.615889549255373,0.0019203948322683,35.993,-1.401,1.0,0.0,0,0,1,,1.0,2026-03-15T10:03:35.043441,neutral,0.998,2026-03-15T10:03:35.043441,0.5073858055679293,2026-03-15T10:03:34.923000,95,,,
participant_13,1,day,Town10HD_Opt,2026-03-15 10:03:36.072951,-113.7242660522461,-8.854402542114258,0.001598548842594,46.27,-0.768,0.876,0.0,0,0,1,,1.0,2026-03-15T10:03:36.072951,neutral,0.998,2026-03-15T10:03:35.043441,0.5663547315419624,2026-03-15T10:03:36.948000,99,,,
participant_13,1,day,Town10HD_Opt,2026-03-15 10:03:37.138674,-113.47197723388672,-3.11383318901062,0.0017995070666074,51.003,-0.169,0.0,0.1,0,0,1,,1.0,2026-03-15T10:03:37.138674,neutral,0.998,2026-03-15T10:03:37.138674,0.5281449439833694,2026-03-15T10:03:37.938000,96,Stop sign violation,stop_sign_id=1300,
participant_13,1,day,Town10HD_Opt,2026-03-15 10:03:38.208075,-113.13699340820312,2.597896337509156,0.0020996856037527,48.31,-4.105,0.49,0.0,0,0,1,,1.0,2026-03-15T10:03:38.208075,neutral,0.998,2026-03-15T10:03:37.138674,0.6109123065590011,2026-03-15T10:03:38.927000,97,,,
participant_13,1,day,Town10HD_Opt,2026-03-15 10:03:39.257027,-112.20411682128906,8.08002758026123,0.0021383285056799,46.373,-9.351,0.157,0.0,0,0,1,,0.844,2026-03-15T10:03:39.257027,neutral,0.985,2026-03-15T10:03:39.257027,0.5889643655063015,2026-03-15T10:03:39.963000,98,,,
participant_13,1,day,Town10HD_Opt,2026-03-15 10:03:40.296743,-110.31640625,12.88004207611084,0.0022858045995235,41.718,-6.841,0.138,0.0,0,0,1,,0.861,2026-03-15T10:03:40.296743,neutral,0.985,2026-03-15T10:03:39.257027,0.6367044259806677,2026-03-15T10:03:40.953000,98,,,
participant_13,1,day,Town10HD_Opt,2026-03-15 10:03:41.306675,-107.87932586669922,16.702878952026367,0.0023330687545239,36.128,-10.836,0.0,0.0,0,0,1,,0.808,2026-03-15T10:03:41.306675,neutral,0.999,2026-03-15T10:03:41.306675,0.6141996625255876,2026-03-15T10:03:41.943000,97,,,
participant_13,1,day,Town10HD_Opt,2026-03-15 10:03:42.326329,-105.19808959960938,19.485897064208984,0.0023289108648896,30.419,-6.18,0.0,0.015,0,0,1,,1.0,2026-03-15T10:03:42.326329,neutral,0.999,2026-03-15T10:03:41.306675,0.5598448643794145,2026-03-15T10:03:42.934000,99,,,
participant_13,1,day,Town10HD_Opt,2026-03-15 10:03:43.342034,-102.66860961914062,21.507333755493164,0.0023051451425999,25.283,-11.805,0.0,0.0,0,0,1,,1.0,2026-03-15T10:03:43.342034,neutral,0.991,2026-03-15T10:03:43.342034,0.5993851564424042,2026-03-15T10:03:43.924000,95,,,
participant_13,1,day,Town10HD_Opt,2026-03-15 10:03:44.409325,-100.2573013305664,22.83861923217773,0.002089500427246,23.847,-7.653,0.885,0.0,0,0,1,,1.0,2026-03-15T10:03:44.409325,neutral,0.991,2026-03-15T10:03:43.342034,0.6440912260797731,2026-03-15T10:03:44.958000,95,,,
participant_13,1,day,Town10HD_Opt,2026-03-15 10:03:45.433959,-97.27640533447266,24.094316482543945,0.0016747665358707,31.932,-7.449,0.858,0.0,0,0,1,,1.0,2026-03-15T10:03:45.433959,neutral,1.0,2026-03-15T10:03:45.433959,0.6628238400331276,2026-03-15T10:03:45.948000,96,,,
participant_13,1,day,Town10HD_Opt,2026-03-15 10:03:46.482762,-93.2076187133789,25.08089256286621,0.0016783904284238,40.297,-4.593,0.854,0.0,0,0,1,,1.0,2026-03-15T10:03:46.482762,neutral,1.0,2026-03-15T10:03:45.433959,0.6167036130931048,2026-03-15T10:03:46.939000,94,,,
participant_13,1,day,Town10HD_Opt,2026-03-15 10:03:47.125209,-90.80420684814452,25.40455436706543,0.0016862868797034,43.264,0.367,0.779,0.0,0,0,1,,0.897,2026-03-15T10:03:47.125209,neutral,1.0,2026-03-15T10:03:45.433959,0.6337048763212069,2026-03-15T10:03:47.927000,96,,,
participant_13,1,day,Town10HD_Opt,2026-03-15 10:03:48.109512,-85.63968658447266,26.05544090270996,0.0020987319294363,43.228,-2.993,0.0,0.0,0,0,1,,1.0,2026-03-15T10:03:48.109512,neutral,0.998,2026-03-15T10:03:48.109512,0.6143015602113849,2026-03-15T10:03:48.963000,95,,,
participant_13,1,day,Town10HD_Opt,2026-03-15 10:03:49.269263,-81.01311492919922,26.406925201416016,0.0023512649349868,36.446,-2.52,0.0,0.111,0,0,1,,1.0,2026-03-15T10:03:49.269263,neutral,0.998,2026-03-15T10:03:48.109512,0.6139935988894234,2026-03-15T10:03:49.953000,95,,,
participant_13,1,day,Town10HD_Opt,2026-03-15 10:03:50.304107,-77.14190673828125,26.51811790466309,0.0023487091530114,29.636,-0.157,0.0,0.154,0,0,1,,1.0,2026-03-15T10:03:50.304107,neutral,0.999,2026-03-15T10:03:50.304107,0.5891884829131161,2026-03-15T10:03:50.989000,98,,,
participant_13,1,day,Town10HD_Opt,2026-03-15 10:03:51.323201,-73.9605712890625,26.592967987060547,0.002309989882633,24.639,0.242,0.0,0.108,0,0,1,,1.0,2026-03-15T10:03:51.323201,neutral,0.999,2026-03-15T10:03:50.304107,0.6193708547232161,2026-03-15T10:03:51.933000,95,,,
participant_13,1,day,Town10HD_Opt,2026-03-15 10:03:52.337889,-71.37596130371094,26.66526222229004,0.0022845459170639,19.741,0.498,0.0,0.232,0,0,1,,0.833,2026-03-15T10:03:52.337889,neutral,0.998,2026-03-15T10:03:52.337889,0.5971155800709453,2026-03-15T10:03:52.923000,96,,,
participant_13,1,day,Town10HD_Opt,2026-03-15 10:03:53.345051,-69.32832336425781,26.73642921447754,0.002041091909632,15.623,0.557,0.0,0.22,0,0,1,,0.812,2026-03-15T10:03:53.345051,neutral,0.998,2026-03-15T10:03:52.337889,0.6797379682722254,2026-03-15T10:03:53.958000,98,,,
participant_13,1,day,Town10HD_Opt,2026-03-15 10:03:54.376254,-67.73047637939453,26.802330017089844,0.0020965575240552,11.605,0.663,0.0,0.303,0,0,1,,0.862,2026-03-15T10:03:54.376254,neutral,0.998,2026-03-15T10:03:54.376254,0.599629689529542,2026-03-15T10:03:54.948000,94,,,
participant_13,1,day,Town10HD_Opt,2026-03-15 10:03:55.413812,-66.54470825195312,26.85819435119629,0.002086334163323,8.496,0.757,0.0,0.409,0,0,1,,0.902,2026-03-15T10:03:55.413812,neutral,0.998,2026-03-15T10:03:54.376254,0.6396842999379883,2026-03-15T10:03:55.938000,93,,,
participant_13,1,day,Town10HD_Opt,2026-03-15 10:03:56.406583,-65.87159729003906,26.892953872680664,0.0024559784214943,0.0,0.837,0.0,0.492,0,0,1,,0.949,2026-03-15T10:03:56.406583,neutral,0.999,2026-03-15T10:03:56.406583,0.5939857905973637,2026-03-15T10:03:56.928000,95,,,
participant_13,1,day,Town10HD_Opt,2026-03-15 10:03:57.382715,-65.87104034423828,26.892990112304688,0.0019960021600127,0.0,1.072,0.0,0.481,0,0,1,,0.915,2026-03-15T10:03:57.382715,neutral,0.999,2026-03-15T10:03:56.406583,0.6356592552116788,2026-03-15T10:03:57.963000,94,,,
participant_13,1,day,Town10HD_Opt,2026-03-15 10:03:58.420661,-65.87095642089844,26.892995834350582,0.0019275282975286,0.0,1.152,0.0,0.038,0,0,1,,0.897,2026-03-15T10:03:58.420661,neutral,0.998,2026-03-15T10:03:58.420661,0.6052324218093608,2026-03-15T10:03:58.953000,95,,,
participant_13,1,day,Town10HD_Opt,2026-03-15 10:03:58.999985,-65.8709487915039,26.892995834350582,0.0019216537475585,0.0,1.152,0.0,0.0,0,0,1,,1.0,2026-03-15T10:03:58.999985,neutral,0.998,2026-03-15T10:03:58.420661,0.622846155529362,2026-03-15T10:03:58.953000,96,,,
participant_13,1,day,Town10HD_Opt,2026-03-15 10:03:59.996917,-65.8709487915039,26.892995834350582,0.0019193649059161,0.0,1.152,0.0,0.0,0,0,1,,1.0,2026-03-15T10:03:59.996917,neutral,0.998,2026-03-15T10:03:58.420661,0.6886469083838468,2026-03-15T10:03:59.950000,95,,,
participant_13,1,day,Town10HD_Opt,2026-03-15 10:04:01.034785,-65.8709487915039,26.892995834350582,0.0019193649059161,0.0,1.159,0.0,0.0,0,0,1,,0.802,2026-03-15T10:04:01.034785,neutral,0.999,2026-03-15T10:04:01.034785,0.6518265785289267,2026-03-15T10:04:00.933000,91,,,
participant_13,1,day,Town10HD_Opt,2026-03-15 10:04:02.042963,-65.8709487915039,26.892995834350582,0.0019193649059161,0.0,1.159,0.0,0.0,0,0,1,,1.0,2026-03-15T10:04:02.042963,neutral,0.999,2026-03-15T10:04:01.034785,0.6897808167938361,2026-03-15T10:04:02.018000,93,,,
participant_13,1,day,Town10HD_Opt,2026-03-15 10:04:03.058886,-65.8709487915039,26.892995834350582,0.0019193649059161,0.0,1.159,0.0,0.0,0,0,1,,0.861,2026-03-15T10:04:03.058886,neutral,0.987,2026-03-15T10:04:03.058886,0.6582050934454569,2026-03-15T10:04:03.949000,91,,,
participant_13,1,day,Town10HD_Opt,2026-03-15 10:04:04.151783,-65.8709487915039,26.892995834350582,0.0019193649059161,0.0,1.159,0.0,0.0,0,0,1,,1.0,2026-03-15T10:04:04.151783,neutral,0.987,2026-03-15T10:04:03.058886,0.7000290248748435,2026-03-15T10:04:04.939000,93,,,
participant_13,1,day,Town10HD_Opt,2026-03-15 10:04:05.139702,-65.8709487915039,26.892995834350582,0.0019193649059161,0.0,1.159,0.0,0.0,0,0,1,,1.0,2026-03-15T10:04:05.139702,neutral,0.995,2026-03-15T10:04:05.139702,0.7053653113312277,2026-03-15T10:04:05.973000,94,,,
participant_13,1,day,Town10HD_Opt,2026-03-15 10:04:06.116400,-65.8709487915039,26.892995834350582,0.0019193649059161,0.0,1.147,0.0,0.0,0,0,1,,0.898,2026-03-15T10:04:06.116400,neutral,0.995,2026-03-15T10:04:05.139702,0.708145375100325,2026-03-15T10:04:06.963000,94,,,
participant_13,1,day,Town10HD_Opt,2026-03-15 10:04:07.129757,-65.8709487915039,26.892995834350582,0.0019193649059161,0.0,0.813,0.0,0.0,0,0,1,,1.0,2026-03-15T10:04:07.129757,neutral,0.995,2026-03-15T10:04:05.139702,0.7216730929632359,2026-03-15T10:04:07.953000,94,,,
participant_13,1,day,Town10HD_Opt,2026-03-15 10:04:08.147553,-65.8709487915039,26.892995834350582,0.0019193649059161,0.0,0.552,0.0,0.0,0,0,1,,1.0,2026-03-15T10:04:08.147553,sad,0.496,2026-03-15T10:04:08.147553,0.7091545975186185,2026-03-15T10:04:08.943000,92,,,
participant_13,1,day,Town10HD_Opt,2026-03-15 10:04:09.126168,-65.8709487915039,26.892995834350582,0.0019193649059161,0.0,0.794,0.0,0.0,0,0,1,,1.0,2026-03-15T10:04:09.126168,sad,0.496,2026-03-15T10:04:08.147553,0.6745217910117358,2026-03-15T10:04:09.933000,92,,,
participant_13,1,day,Town10HD_Opt,2026-03-15 10:04:10.154251,-65.8709487915039,26.892995834350582,0.0019193649059161,0.0,0.797,0.0,0.0,0,0,1,,0.959,2026-03-15T10:04:10.154251,neutral,0.56,2026-03-15T10:04:10.154251,0.638993668800434,2026-03-15T10:04:10.969000,93,,,
participant_13,1,day,Town10HD_Opt,2026-03-15 10:04:11.153177,-65.8709487915039,26.892995834350582,0.0019193649059161,0.0,0.002,0.0,0.0,0,0,1,,0.916,2026-03-15T10:04:11.153177,neutral,0.56,2026-03-15T10:04:10.154251,0.6731867582807991,2026-03-15T10:04:11.958000,95,,,
participant_13,1,day,Town10HD_Opt,2026-03-15 10:04:12.187014,-65.8709487915039,26.892995834350582,0.0019193649059161,0.0,0.258,0.0,0.0,0,0,1,,1.0,2026-03-15T10:04:12.187014,neutral,0.85,2026-03-15T10:04:12.187014,0.7213027702536284,2026-03-15T10:04:12.948000,93,,,
participant_13,1,day,Town10HD_Opt,2026-03-15 10:04:13.271242,-65.8709487915039,26.892995834350582,0.0019193649059161,0.0,-0.642,0.0,0.0,0,0,1,,1.0,2026-03-15T10:04:13.271242,neutral,0.85,2026-03-15T10:04:12.187014,0.7471421088990555,2026-03-15T10:04:13.938000,97,,,
participant_13,1,day,Town10HD_Opt,2026-03-15 10:04:14.314556,-65.8709487915039,26.892995834350582,0.0019193649059161,0.0,-1.549,0.0,0.0,0,0,1,,1.0,2026-03-15T10:04:14.314556,neutral,0.731,2026-03-15T10:04:14.314556,0.7202064493399816,2026-03-15T10:04:14.973000,95,,,
participant_13,1,day,Town10HD_Opt,2026-03-15 10:04:15.328850,-65.8709487915039,26.892995834350582,0.0019193649059161,0.0,-0.364,0.0,0.0,0,0,1,,1.0,2026-03-15T10:04:15.328850,neutral,0.731,2026-03-15T10:04:14.314556,0.6871727617646006,2026-03-15T10:04:15.963000,94,,,
participant_13,1,day,Town10HD_Opt,2026-03-15 10:04:16.376440,-65.8709487915039,26.892995834350582,0.0019193649059161,0.0,0.548,0.0,0.0,0,0,1,,1.0,2026-03-15T10:04:16.376440,neutral,0.91,2026-03-15T10:04:16.376440,0.6635910440211685,2026-03-15T10:04:16.954000,93,,,
participant_13,1,day,Town10HD_Opt,2026-03-15 10:04:17.420703,-65.8709487915039,26.892995834350582,0.0019193649059161,0.0,-0.334,0.0,0.0,0,0,1,,1.0,2026-03-15T10:04:17.420703,neutral,0.91,2026-03-15T10:04:16.376440,0.6630282818100786,2026-03-15T10:04:17.943000,95,,,
participant_13,1,day,Town10HD_Opt,2026-03-15 10:04:18.443030,-65.8709487915039,26.892995834350582,0.0019193649059161,0.0,-0.935,0.0,0.0,0,0,1,,1.0,2026-03-15T10:04:18.443030,neutral,0.95,2026-03-15T10:04:18.443030,0.6669158414937122,2026-03-15T10:04:18.933000,95,,,
participant_13,1,day,Town10HD_Opt,2026-03-15 10:04:19.007190,-65.8709487915039,26.892995834350582,0.0019193649059161,0.0,0.122,0.0,0.0,0,0,1,,1.0,2026-03-15T10:04:19.007190,neutral,0.95,2026-03-15T10:04:18.443030,0.6440677983343758,2026-03-15T10:04:18.933000,95,,,
participant_13,1,day,Town10HD_Opt,2026-03-15 10:04:20.053999,-65.8709487915039,26.892995834350582,0.0019193649059161,0.0,0.305,0.0,0.0,0,0,1,,1.0,2026-03-15T10:04:20.053999,neutral,0.95,2026-03-15T10:04:18.443030,0.5786385158461462,2026-03-15T10:04:20.958000,96,,,
participant_13,1,day,Town10HD_Opt,2026-03-15 10:04:21.083763,-65.8709487915039,26.892995834350582,0.0019193649059161,0.0,-0.352,0.0,0.0,0,0,1,,1.0,2026-03-15T10:04:21.083763,neutral,0.869,2026-03-15T10:04:21.083763,0.5646731198449929,2026-03-15T10:04:20.958000,97,,,
participant_13,1,day,Town10HD_Opt,2026-03-15 10:04:22.040330,-65.8709487915039,26.892995834350582,0.0019193649059161,0.0,-0.566,0.0,0.0,0,0,1,,1.0,2026-03-15T10:04:22.040330,neutral,0.869,2026-03-15T10:04:21.083763,0.5429957873520344,2026-03-15T10:04:22.038000,97,,,
participant_13,1,day,Town10HD_Opt,2026-03-15 10:04:23.046361,-65.8709487915039,26.892995834350582,0.0019193649059161,0.0,-0.367,0.0,0.0,0,0,1,,1.0,2026-03-15T10:04:23.046361,neutral,0.869,2026-03-15T10:04:21.083763,0.5208330088756913,2026-03-15T10:04:23.029000,99,,,
participant_13,1,day,Town10HD_Opt,2026-03-15 10:04:24.040449,-65.8709487915039,26.892995834350582,0.0019193649059161,0.0,0.085,0.0,0.0,0,0,1,,1.0,2026-03-15T10:04:24.040449,neutral,0.996,2026-03-15T10:04:24.040449,0.5280681087863385,2026-03-15T10:04:23.978000,100,,,
participant_13,1,day,Town10HD_Opt,2026-03-15 10:04:25.057449,-65.8709487915039,26.892995834350582,0.0019193649059161,0.0,-0.106,0.0,0.0,0,0,1,,0.907,2026-03-15T10:04:25.057449,neutral,0.996,2026-03-15T10:04:24.040449,0.461272096374329,2026-03-15T10:04:25.953000,103,,,
participant_13,1,day,Town10HD_Opt,2026-03-15 10:04:26.034621,-65.8709487915039,26.892995834350582,0.0019193649059161,0.0,1.525,0.0,0.0,0,0,1,,1.0,2026-03-15T10:04:26.034621,neutral,0.996,2026-03-15T10:04:24.040449,0.4562487563500511,2026-03-15T10:04:26.944000,104,,,
participant_13,1,day,Town10HD_Opt,2026-03-15 10:04:27.117996,-65.8709487915039,26.892995834350582,0.0019193649059161,0.0,-0.195,0.0,0.0,0,0,1,,1.0,2026-03-15T10:04:27.117996,neutral,0.982,2026-03-15T10:04:27.117996,0.4910649184376121,2026-03-15T10:04:27.932000,106,,,
participant_13,1,day,Town10HD_Opt,2026-03-15 10:04:28.175419,-65.8709487915039,26.892995834350582,0.0019193649059161,0.0,-0.921,0.0,0.0,0,0,1,,0.839,2026-03-15T10:04:28.175419,neutral,0.982,2026-03-15T10:04:27.117996,0.4701144598506457,2026-03-15T10:04:28.969000,107,,,
participant_13,1,day,Town10HD_Opt,2026-03-15 10:04:29.195212,-65.8709487915039,26.892995834350582,0.0019193649059161,0.0,0.078,0.0,0.0,0,0,1,,1.0,2026-03-15T10:04:29.195212,neutral,0.968,2026-03-15T10:04:29.195212,0.4964922881817781,2026-03-15T10:04:29.959000,109,,,
participant_13,1,day,Town10HD_Opt,2026-03-15 10:04:30.180980,-65.8709487915039,26.892995834350582,0.0019193649059161,0.0,0.446,0.0,0.0,0,0,1,,0.817,2026-03-15T10:04:30.180980,neutral,0.968,2026-03-15T10:04:29.195212,0.4252619270089848,2026-03-15T10:04:30.948000,106,,,
participant_13,1,day,Town10HD_Opt,2026-03-15 10:04:31.194924,-65.8709487915039,26.892995834350582,0.0019193649059161,0.0,0.797,0.0,0.0,0,0,1,,1.0,2026-03-15T10:04:31.194924,neutral,0.968,2026-03-15T10:04:29.195212,0.3373463219379011,2026-03-15T10:04:31.939000,106,,,
participant_13,1,day,Town10HD_Opt,2026-03-15 10:04:32.179146,-65.8709487915039,26.892995834350582,0.0019193649059161,0.0,0.797,0.0,0.0,0,0,1,,1.0,2026-03-15T10:04:32.179146,neutral,0.487,2026-03-15T10:04:32.179146,0.3150094746570908,2026-03-15T10:04:32.974000,106,,,
participant_13,1,day,Town10HD_Opt,2026-03-15 10:04:33.208829,-65.8709487915039,26.892995834350582,0.0019193649059161,0.0,0.79,0.0,0.0,0,0,1,,0.9,2026-03-15T10:04:33.208829,neutral,0.487,2026-03-15T10:04:32.179146,0.3437106670850258,2026-03-15T10:04:33.964000,103,,,
participant_13,1,day,Town10HD_Opt,2026-03-15 10:04:34.210752,-65.8709487915039,26.892995834350582,0.0019193649059161,0.0,0.799,0.0,0.0,0,0,1,,1.0,2026-03-15T10:04:34.210752,neutral,0.993,2026-03-15T10:04:34.210752,0.2997095111975006,2026-03-15T10:04:34.953000,104,,,
participant_13,1,day,Town10HD_Opt,2026-03-15 10:04:35.249723,-65.77587890625,26.89798927307129,0.0017018509097397,4.262,0.186,1.0,0.0,0,0,1,,1.0,2026-03-15T10:04:35.249723,neutral,0.993,2026-03-15T10:04:34.210752,0.2526344791022197,2026-03-15T10:04:35.944000,103,,,
participant_13,1,day,Town10HD_Opt,2026-03-15 10:04:36.263385,-64.73762512207031,26.95224952697754,0.0014284515054896,14.604,0.519,0.695,0.0,0,0,1,,1.0,2026-03-15T10:04:36.263385,neutral,0.997,2026-03-15T10:04:36.263385,0.1864087741754541,2026-03-15T10:04:36.934000,102,,,
participant_13,1,day,Town10HD_Opt,2026-03-15 10:04:37.320658,-62.7490463256836,27.06416702270508,0.0019101714715361,19.157,0.531,0.958,0.0,0,0,1,,1.0,2026-03-15T10:04:37.320658,neutral,0.997,2026-03-15T10:04:36.263385,0.1661814998683758,2026-03-15T10:04:37.969000,102,,,
participant_13,1,day,Town10HD_Opt,2026-03-15 10:04:38.362232,-60.1083869934082,27.22058868408203,0.0017155837267637,26.163,0.085,0.956,0.0,0,0,1,,1.0,2026-03-15T10:04:38.362232,neutral,0.995,2026-03-15T10:04:38.362232,0.2206592192154325,2026-03-15T10:04:38.959000,99,,,
participant_13,1,day,Town10HD_Opt,2026-03-15 10:04:39.389102,-56.478363037109375,27.424455642700195,0.001540184020996,37.213,-0.543,0.996,0.0,0,0,1,,1.0,2026-03-15T10:04:39.389102,neutral,0.995,2026-03-15T10:04:38.362232,0.1984389596686043,2026-03-15T10:04:39.949000,97,,,
participant_13,1,day,Town10HD_Opt,2026-03-15 10:04:40.446028,-51.66978454589844,27.653682708740234,0.0015952682588249,45.524,-0.254,0.83,0.0,0,0,1,,1.0,2026-03-15T10:04:40.446028,neutral,0.802,2026-03-15T10:04:40.446028,0.1682275342219694,2026-03-15T10:04:40.939000,98,,,
participant_13,1,day,Town10HD_Opt,2026-03-15 10:04:40.995406,-48.90987014770508,27.771217346191406,0.0016683959402143,48.93,-0.475,0.797,0.0,0,0,1,,1.0,2026-03-15T10:04:40.995406,neutral,0.802,2026-03-15T10:04:40.446028,0.1825749213698957,2026-03-15T10:04:40.939000,97,,,
participant_13,1,day,Town10HD_Opt,2026-03-15 10:04:42.023562,-42.99746322631836,27.95745086669922,0.0020637894049286,49.685,-0.331,0.784,0.0,0,0,1,,1.0,2026-03-15T10:04:42.023562,neutral,0.802,2026-03-15T10:04:40.446028,0.1117525743938101,2026-03-15T10:04:41.974000,98,,,
participant_13,1,day,Town10HD_Opt,2026-03-15 10:04:43.027871,-37.2540283203125,28.065160751342773,0.0019410705426707,50.693,-0.181,0.0,0.0,0,0,1,,1.0,2026-03-15T10:04:43.027871,neutral,0.921,2026-03-15T10:04:43.027871,0.1702995387607621,2026-03-15T10:04:42.963000,98,,,
participant_13,1,day,Town10HD_Opt,2026-03-15 10:04:44.066841,-31.41692543029785,28.113922119140625,0.0021481323055922,48.718,-1.398,0.748,0.0,0,0,1,,1.0,2026-03-15T10:04:44.066841,neutral,0.921,2026-03-15T10:04:43.027871,0.1316516139395269,2026-03-15T10:04:44.943000,102,,,
participant_13,1,day,Town10HD_Opt,2026-03-15 10:04:45.115937,-25.574893951416016,27.996410369873047,0.001999435480684,50.418,-0.002,0.707,0.0,0,0,1,,0.882,2026-03-15T10:04:45.115937,neutral,0.905,2026-03-15T10:04:45.115937,0.2074205755831496,2026-03-15T10:04:45.934000,99,,,
participant_13,1,day,Town10HD_Opt,2026-03-15 10:04:46.206104,-19.807580947875977,27.85285377502441,0.0020013428293168,50.335,2.003,0.68,0.0,0,0,1,,1.0,2026-03-15T10:04:46.206104,neutral,0.905,2026-03-15T10:04:45.115937,0.1769853638558258,2026-03-15T10:04:46.968000,100,,,
participant_13,1,day,Town10HD_Opt,2026-03-15 10:04:47.255724,-13.976250648498535,27.89653778076172,0.002154121408239,48.645,-0.566,0.677,0.0,0,0,1,,1.0,2026-03-15T10:04:47.255724,neutral,0.988,2026-03-15T10:04:47.255724,0.0957295360999099,2026-03-15T10:04:47.959000,103,,,
participant_13,1,day,Town10HD_Opt,2026-03-15 10:04:48.290007,-8.194869995117188,27.980499267578125,0.001938171335496,51.134,-0.148,0.0,0.0,0,0,1,,1.0,2026-03-15T10:04:48.290007,neutral,0.988,2026-03-15T10:04:47.255724,0.1087643387133648,2026-03-15T10:04:48.948000,101,,,
participant_13,1,day,Town10HD_Opt,2026-03-15 10:04:49.300670,-2.371765375137329,28.01433563232422,0.0021277999039739,48.859,0.277,0.653,0.0,0,0,1,,0.827,2026-03-15T10:04:49.300670,neutral,0.9,2026-03-15T10:04:49.300670,0.1543581308152281,2026-03-15T10:04:49.938000,97,,,
participant_13,1,day,Town10HD_Opt,2026-03-15 10:04:50.378557,3.4199843406677246,28.03196907043457,0.0019921492785215,50.258,-2.913,0.53,0.0,0,0,1,,1.0,2026-03-15T10:04:50.378557,neutral,0.9,2026-03-15T10:04:49.300670,0.121297689301456,2026-03-15T10:04:50.973000,96,,,
participant_13,1,day,Town10HD_Opt,2026-03-15 10:04:51.413364,9.267964363098145,27.816356658935547,0.0021057510748505,49.385,0.009,0.703,0.0,0,0,1,,1.0,2026-03-15T10:04:51.413364,neutral,0.993,2026-03-15T10:04:51.413364,0.2022795984980059,2026-03-15T10:04:52.009000,95,,,
participant_13,1,day,Town10HD_Opt,2026-03-15 10:04:52.443751,15.135319709777832,27.59591293334961,0.0020107650198042,50.541,0.968,0.0,0.0,0,0,1,,1.0,2026-03-15T10:04:52.443751,neutral,0.993,2026-03-15T10:04:51.413364,0.0834625376914361,2026-03-15T10:04:52.954000,97,,,
participant_13,1,day,Town10HD_Opt,2026-03-15 10:04:52.996824,18.001684188842773,27.54009056091309,0.00220314017497,47.973,0.045,0.222,0.0,0,0,1,,1.0,2026-03-15T10:04:52.996824,neutral,0.993,2026-03-15T10:04:51.413364,0.154831955347699,2026-03-15T10:04:52.954000,96,,,
participant_13,1,day,Town10HD_Opt,2026-03-15 10:04:54.065462,23.33668708801269,27.491106033325195,0.0022470473777502,43.657,4.197,0.223,0.0,0,0,1,,1.0,2026-03-15T10:04:54.065462,neutral,0.919,2026-03-15T10:04:54.065462,0.0942264743680359,2026-03-15T10:04:54.936000,95,,,
participant_13,1,day,Town10HD_Opt,2026-03-15 10:04:55.112062,28.16891098022461,27.884483337402344,0.0022406005300581,39.704,9.298,0.275,0.0,0,0,1,,1.0,2026-03-15T10:04:55.112062,neutral,0.919,2026-03-15T10:04:54.065462,0.1425111492434266,2026-03-15T10:04:55.968000,96,,,
participant_13,1,day,Town10HD_Opt,2026-03-15 10:04:56.143478,32.35755157470703,29.1417179107666,0.0023132322821766,34.929,14.361,0.0,0.26,0,0,1,,1.0,2026-03-15T10:04:56.143478,neutral,1.0,2026-03-15T10:04:56.143478,0.1080121153656889,2026-03-15T10:04:56.959000,96,,,
participant_13,1,day,Town10HD_Opt,2026-03-15 10:04:57.152233,35.411651611328125,31.07857131958008,0.0024308776482939,27.411,14.646,0.0,0.631,0,0,1,,0.81,2026-03-15T10:04:57.152233,neutral,1.0,2026-03-15T10:04:56.143478,0.1548337071592281,2026-03-15T10:04:57.949000,91,,,errors=Harsh braking
participant_13,1,day,Town10HD_Opt,2026-03-15 10:04:58.142825,37.25394821166992,32.99721908569336,0.0025600814260542,15.084,14.98,0.0,1.0,0,0,1,,1.0,2026-03-15T10:04:58.142825,neutral,1.0,2026-03-15T10:04:56.143478,0.1210483819877835,2026-03-15T10:04:58.939000,90,,,
participant_13,2,day,Town10HD_Opt,2026-03-15 10:15:00.000000,-41.66858673095703,89.7454833984375,0.5804919004440308,7.254,-0.355,1.0,0.0,0,0,1,,1.0,2026-03-15T10:15:00,,,2026-03-15T10:15:00,0.7118750104373547,2026-03-15T10:15:00,94,,,
participant_13,2,day,Town10HD_Opt,2026-03-15 10:15:04.248450,-41.67099380493164,89.321533203125,0.0015148925594985,8.128,-0.355,1.0,0.0,0,0,1,,1.0,2026-03-15T10:15:04.248450,,,2026-03-15T10:15:04.248450,0.6447577713341806,2026-03-15T10:15:04.913000,90,,,
participant_13,2,day,Town10HD_Opt,2026-03-15 10:15:05.350173,-41.6822395324707,87.75133514404297,0.0014716339064761,17.748,-0.355,0.727,0.0,0,0,1,,1.0,2026-03-15T10:15:05.350173,,,2026-03-15T10:15:04.248450,0.7257427461737102,2026-03-15T10:15:05.941000,91,,,
participant_13,2,day,Town10HD_Opt,2026-03-15 10:15:06.062979,-41.68540954589844,86.64447021484375,0.0018781280377879,19.691,1.264,0.688,0.0,0,0,1,,1.0,2026-03-15T10:15:06.062979,,,2026-03-15T10:15:04.248450,0.5890450072991245,2026-03-15T10:15:06.930000,93,,,
participant_13,2,day,Town10HD_Opt,2026-03-15 10:15:07.151208,-41.62776184082031,84.07276916503906,0.0017984389560297,24.626,2.732,0.667,0.0,0,0,1,,1.0,2026-03-15T10:15:07.151208,neutral,0.801,2026-03-15T10:15:07.151208,0.6470403955029069,2026-03-15T10:15:07.965000,95,,,
participant_13,2,day,Town10HD_Opt,2026-03-15 10:15:08.228599,-41.42586517333984,80.90869140625,0.0018012619111686,29.588,3.163,0.654,0.0,0,0,1,,1.0,2026-03-15T10:15:08.228599,neutral,0.801,2026-03-15T10:15:07.151208,0.6202935540363205,2026-03-15T10:15:08.910000,97,,,
participant_13,2,day,Town10HD_Opt,2026-03-15 10:15:09.314133,-40.84961318969727,77.2502212524414,0.0018459319835528,33.802,14.808,0.647,0.0,0,0,1,,1.0,2026-03-15T10:15:09.314133,neutral,0.979,2026-03-15T10:15:09.314133,0.6642962862193956,2026-03-15T10:15:09.946000,97,,,
participant_13,2,day,Town10HD_Opt,2026-03-15 10:15:10.399943,-39.088417053222656,73.55134582519531,0.0019352340605109,36.839,20.994,0.635,0.0,0,0,1,,1.0,2026-03-15T10:15:10.399943,neutral,0.979,2026-03-15T10:15:09.314133,0.5817248866527244,2026-03-15T10:15:10.935000,99,,,
participant_13,2,day,Town10HD_Opt,2026-03-15 10:15:11.476578,-35.82021713256836,70.56552124023438,0.0019625853747129,39.5,18.991,0.634,0.0,0,0,1,,1.0,2026-03-15T10:15:11.476578,neutral,0.99,2026-03-15T10:15:11.476578,0.552955622008233,2026-03-15T10:15:11.925000,100,,,
participant_13,2,day,Town10HD_Opt,2026-03-15 10:15:12.052479,-33.72086715698242,69.55364990234375,0.0019746017642319,40.613,19.022,0.633,0.0,0,0,1,,1.0,2026-03-15T10:15:12.052479,neutral,0.99,2026-03-15T10:15:11.476578,0.547217199324484,2026-03-15T10:15:12.916000,94,,,
participant_13,2,day,Town10HD_Opt,2026-03-15 10:15:13.274495,-28.94917869567871,68.84298706054688,0.0019642256665974,42.891,8.315,0.61,0.0,0,0,1,,1.0,2026-03-15T10:15:13.274495,neutral,0.99,2026-03-15T10:15:11.476578,0.5677835881380066,2026-03-15T10:15:13.906000,94,,,errors=Solid line crossing
participant_13,2,day,Town10HD_Opt,2026-03-15 10:15:14.369757,-23.78750991821289,69.12405395507812,0.0019251251360401,45.509,-2.565,0.597,0.0,0,0,1,,1.0,2026-03-15T10:15:14.369757,neutral,0.995,2026-03-15T10:15:14.369757,0.4944941565443209,2026-03-15T10:15:14.940000,92,,,
participant_13,2,day,Town10HD_Opt,2026-03-15 10:15:15.398697,-18.356374740600582,69.4056396484375,0.0019378280267119,47.627,0.414,0.578,0.0,0,0,1,,1.0,2026-03-15T10:15:15.398697,neutral,0.995,2026-03-15T10:15:14.369757,0.4545328303133705,2026-03-15T10:15:15.930000,91,,,
participant_13,2,day,Town10HD_Opt,2026-03-15 10:15:16.480778,-12.73483943939209,69.69143676757812,0.0020144653972238,48.368,-1.396,0.438,0.0,0,0,1,,1.0,2026-03-15T10:15:16.480778,neutral,0.976,2026-03-15T10:15:16.480778,0.4098497213941189,2026-03-15T10:15:16.920000,94,,,
participant_13,2,day,Town10HD_Opt,2026-03-15 10:15:17.012307,-9.925484657287598,69.7778091430664,0.0020593260414898,47.981,-1.015,0.418,0.0,0,0,1,,1.0,2026-03-15T10:15:17.012307,neutral,0.976,2026-03-15T10:15:16.480778,0.4333670328364859,2026-03-15T10:15:17.910000,96,,,
participant_13,2,day,Town10HD_Opt,2026-03-15 10:15:18.110672,-4.395037651062012,69.84904479980469,0.0020958709064871,46.829,-0.496,0.392,0.0,0,0,1,,1.0,2026-03-15T10:15:18.110672,neutral,0.976,2026-03-15T10:15:16.480778,0.4474212744163181,2026-03-15T10:15:18.945000,96,,,
participant_13,2,day,Town10HD_Opt,2026-03-15 10:15:19.201083,0.984169900417328,69.82888793945312,0.0021128463558852,45.362,0.007,0.086,0.0,0,0,1,,1.0,2026-03-15T10:15:19.201083,neutral,0.977,2026-03-15T10:15:19.201083,0.3552794468678776,2026-03-15T10:15:19.935000,95,,,
participant_13,2,day,Town10HD_Opt,2026-03-15 10:15:20.251855,5.968416690826416,69.77863311767578,0.0023239897564053,39.574,-0.089,0.0,0.0,0,0,1,,1.0,2026-03-15T10:15:20.251855,neutral,0.977,2026-03-15T10:15:19.201083,0.4006213900973086,2026-03-15T10:15:20.926000,95,,,
participant_13,2,day,Town10HD_Opt,2026-03-15 10:15:21.392816,10.202300071716309,69.73403930664062,0.0023394774179905,33.332,0.228,0.0,0.0,0,0,1,,1.0,2026-03-15T10:15:21.392816,neutral,0.884,2026-03-15T10:15:21.392816,0.4528869307809713,2026-03-15T10:15:21.914000,96,,,
participant_13,2,day,Town10HD_Opt,2026-03-15 10:15:22.474773,13.76714038848877,69.70986938476562,0.0023026657290756,27.592,0.214,0.0,0.0,0,0,1,,1.0,2026-03-15T10:15:22.474773,neutral,0.884,2026-03-15T10:15:21.392816,0.3882605531589044,2026-03-15T10:15:22.950000,94,,,
participant_13,2,day,Town10HD_Opt,2026-03-15 10:15:23.038890,15.326683044433594,69.70360565185547,0.0022864914499223,25.591,0.012,0.0,0.0,0,0,1,,1.0,2026-03-15T10:15:23.038890,neutral,0.884,2026-03-15T10:15:21.392816,0.4723143257211881,2026-03-15T10:15:23.941000,93,,,
participant_13,2,day,Town10HD_Opt,2026-03-15 10:15:24.109049,18.04537582397461,69.69332122802734,0.0022577284835278,20.856,0.11,0.0,0.0,0,0,1,,1.0,2026-03-15T10:15:24.109049,neutral,0.999,2026-03-15T10:15:24.109049,0.4324397227067305,2026-03-15T10:15:24.930000,94,,,
participant_13,2,day,Town10HD_Opt,2026-03-15 10:15:25.224019,20.28670310974121,69.68799591064453,0.0020123289432376,17.615,0.096,0.0,0.0,0,0,1,,0.802,2026-03-15T10:15:25.224019,neutral,0.999,2026-03-15T10:15:24.109049,0.4165316769769726,2026-03-15T10:15:25.920000,95,,,
participant_13,2,day,Town10HD_Opt,2026-03-15 10:15:26.281992,22.178861618041992,69.68561553955078,0.002037315396592,14.873,0.219,0.0,0.0,0,0,1,,1.0,2026-03-15T10:15:26.281992,neutral,0.999,2026-03-15T10:15:26.281992,0.4731630150946993,2026-03-15T10:15:26.910000,95,,,
participant_13,2,day,Town10HD_Opt,2026-03-15 10:15:27.355742,23.76622200012207,69.68189239501953,0.0020359039772301,12.465,-0.296,0.112,0.0,0,0,1,,1.0,2026-03-15T10:15:27.355742,neutral,0.999,2026-03-15T10:15:26.281992,0.4611760432882341,2026-03-15T10:15:27.946000,95,,,
participant_13,2,day,Town10HD_Opt,2026-03-15 10:15:28.443433,25.26616096496582,69.65888214111328,0.0017651367234066,15.041,-3.598,0.923,0.0,0,0,1,,1.0,2026-03-15T10:15:28.443433,neutral,0.999,2026-03-15T10:15:28.443433,0.4645611460220799,2026-03-15T10:15:28.935000,96,,,
participant_13,2,day,Town10HD_Opt,2026-03-15 10:15:28.995140,26.267257690429688,69.60503387451172,0.0017791747814044,19.123,-5.742,0.759,0.0,0,0,1,,1.0,2026-03-15T10:15:28.995140,neutral,0.999,2026-03-15T10:15:28.443433,0.4635508991641183,2026-03-15T10:15:28.935000,98,,,errors=Stop sign violation
participant_13,2,day,Town10HD_Opt,2026-03-15 10:15:30.013893,28.71495819091797,69.33796691894531,0.0018368148012086,23.27,-6.196,0.418,0.0,0,0,1,,1.0,2026-03-15T10:15:30.013893,neutral,0.999,2026-03-15T10:15:28.443433,0.4434756518090352,2026-03-15T10:15:30.915000,98,,,
participant_13,2,day,Town10HD_Opt,2026-03-15 10:15:31.087283,31.397464752197266,68.73751068115234,0.0021116638090461,22.718,-21.93,0.077,0.0,0,0,1,,1.0,2026-03-15T10:15:31.087283,neutral,0.992,2026-03-15T10:15:31.087283,0.3912892150369835,2026-03-15T10:15:31.905000,99,,,
participant_13,2,day,Town10HD_Opt,2026-03-15 10:15:32.131974,33.59257888793945,67.65635681152344,0.0022263717837631,19.345,-15.376,0.0,0.0,0,0,1,,1.0,2026-03-15T10:15:32.131974,neutral,0.992,2026-03-15T10:15:31.087283,0.3779910275547498,2026-03-15T10:15:32.940000,100,,,
participant_13,2,day,Town10HD_Opt,2026-03-15 10:15:33.169341,35.297786712646484,66.3777847290039,0.0021192932035773,18.464,-18.513,0.897,0.0,0,0,1,,1.0,2026-03-15T10:15:33.169341,neutral,1.0,2026-03-15T10:15:33.169341,0.3461707417179936,2026-03-15T10:15:33.931000,100,,,
participant_13,2,day,Town10HD_Opt,2026-03-15 10:15:34.208622,36.98344802856445,64.43492126464844,0.0016768263885751,26.687,-15.642,0.907,0.0,0,0,1,,1.0,2026-03-15T10:15:34.208622,neutral,1.0,2026-03-15T10:15:33.169341,0.4467622805903106,2026-03-15T10:15:34.920000,100,,,
participant_13,2,day,Town10HD_Opt,2026-03-15 10:15:35.280270,38.81570053100586,61.26066589355469,0.0016406249487772,36.202,-12.777,0.807,0.0,0,0,1,,1.0,2026-03-15T10:15:35.280270,neutral,0.995,2026-03-15T10:15:35.280270,0.4035640478227135,2026-03-15T10:15:35.910000,95,,,
participant_13,2,day,Town10HD_Opt,2026-03-15 10:15:36.400972,40.20001983642578,56.9514045715332,0.0017476653447374,41.779,-2.447,0.711,0.0,0,0,1,,1.0,2026-03-15T10:15:36.400972,neutral,0.995,2026-03-15T10:15:35.280270,0.3960005633352588,2026-03-15T10:15:36.945000,99,,,
participant_13,2,day,Town10HD_Opt,2026-03-15 10:15:37.001872,40.80107498168945,54.52080535888672,0.0018211364513263,43.549,3.926,0.144,0.0,0,0,1,,0.854,2026-03-15T10:15:37.001872,neutral,0.995,2026-03-15T10:15:35.280270,0.3264252844784174,2026-03-15T10:15:36.945000,96,,,
participant_13,2,day,Town10HD_Opt,2026-03-15 10:15:38.059554,42.16289520263672,49.82212829589844,0.0022169875446707,39.659,-2.574,0.113,0.0,0,0,1,,0.873,2026-03-15T10:15:38.059554,neutral,0.995,2026-03-15T10:15:38.059554,0.3324197907073835,2026-03-15T10:15:38.925000,95,,,errors=Solid line crossing
participant_13,2,day,Town10HD_Opt,2026-03-15 10:15:39.163323,43.1912841796875,45.627197265625,0.0022992705926299,34.387,-2.956,0.237,0.0,0,0,1,,0.815,2026-03-15T10:15:39.163323,neutral,0.995,2026-03-15T10:15:38.059554,0.3310374665772712,2026-03-15T10:15:39.961000,95,,,
participant_13,2,day,Town10HD_Opt,2026-03-15 10:15:40.232824,43.88813018798828,41.82843780517578,0.0021229172125458,32.605,0.921,0.394,0.0,0,0,1,,1.0,2026-03-15T10:15:40.232824,neutral,0.985,2026-03-15T10:15:40.232824,0.3216600631452173,2026-03-15T10:15:40.905000,96,,,
participant_13,2,day,Town10HD_Opt,2026-03-15 10:15:41.293350,44.67282485961914,38.10722732543945,0.0020453261677175,32.67,6.26,0.401,0.0,0,0,1,,1.0,2026-03-15T10:15:41.293350,neutral,0.985,2026-03-15T10:15:40.232824,0.3572615834793964,2026-03-15T10:15:41.985000,94,,,
participant_13,2,day,Town10HD_Opt,2026-03-15 10:15:42.371897,45.90821075439453,34.50998306274414,0.0020588682964444,32.524,9.401,0.381,0.0,0,0,1,,1.0,2026-03-15T10:15:42.371897,neutral,0.977,2026-03-15T10:15:42.371897,0.334507158900044,2026-03-15T10:15:42.930000,96,,,
participant_13,2,day,Town10HD_Opt,2026-03-15 10:15:43.495428,47.82228469848633,31.31838607788086,0.0021425627637654,31.032,17.491,0.244,0.0,0,0,1,,0.861,2026-03-15T10:15:43.495428,neutral,0.977,2026-03-15T10:15:42.371897,0.4211487929913133,2026-03-15T10:15:43.921000,95,,,
participant_13,2,day,Town10HD_Opt,2026-03-15 10:15:44.061555,49.05685806274414,30.03205680847168,0.0021749115549027,30.109,15.664,0.238,0.0,0,0,1,,1.0,2026-03-15T10:15:44.061555,neutral,0.977,2026-03-15T10:15:42.371897,0.3940726535013246,2026-03-15T10:15:44.910000,95,,,
participant_13,2,day,Town10HD_Opt,2026-03-15 10:15:45.087519,51.783573150634766,28.03029060363769,0.0021671294234693,28.051,11.385,0.238,0.0,0,0,1,,0.843,2026-03-15T10:15:45.087519,neutral,0.999,2026-03-15T10:15:45.087519,0.4417628682869999,2026-03-15T10:15:45.947000,93,,,
participant_13,2,day,Town10HD_Opt,2026-03-15 10:15:46.157979,54.63161087036133,26.6950912475586,0.0021638870239257,26.012,13.102,0.209,0.0,0,0,1,,1.0,2026-03-15T10:15:46.157979,neutral,0.999,2026-03-15T10:15:45.087519,0.3635186942560007,2026-03-15T10:15:46.936000,96,,,
participant_13,2,day,Town10HD_Opt,2026-03-15 10:15:47.230374,57.44674682617188,25.942630767822266,0.0021492766682058,24.051,5.151,0.207,0.0,0,0,1,,1.0,2026-03-15T10:15:47.230374,neutral,0.983,2026-03-15T10:15:47.230374,0.272269976127677,2026-03-15T10:15:47.926000,93,,,
participant_13,2,day,Town10HD_Opt,2026-03-15 10:15:48.277144,60.079856872558594,25.42281723022461,0.0021742628887295,21.598,2.861,0.0,0.0,0,0,1,,0.869,2026-03-15T10:15:48.277144,neutral,0.983,2026-03-15T10:15:47.230374,0.4902403509407433,2026-03-15T10:15:48.915000,94,,,
participant_13,2,day,Town10HD_Opt,2026-03-15 10:15:49.343423,62.352664947509766,25.09833526611328,0.0021482086740434,17.74,8.611,0.0,0.0,0,0,1,,0.936,2026-03-15T10:15:49.343423,neutral,0.997,2026-03-15T10:15:49.343423,0.3188399434161118,2026-03-15T10:15:49.995000,94,,,
participant_13,2,day,Town10HD_Opt,2026-03-15 10:15:50.450712,64.28548431396484,25.00559425354004,0.0020312117412686,15.261,3.382,0.0,0.0,0,0,1,,0.803,2026-03-15T10:15:50.450712,neutral,0.997,2026-03-15T10:15:49.343423,0.3537967488462806,2026-03-15T10:15:50.940000,95,,,
participant_13,2,day,Town10HD_Opt,2026-03-15 10:15:51.011000,65.13453674316406,24.960657119750977,0.0020439147483557,13.963,-0.085,0.0,0.03,0,0,1,,1.0,2026-03-15T10:15:51.011000,neutral,0.997,2026-03-15T10:15:49.343423,0.3655645783151505,2026-03-15T10:15:50.940000,95,,,
participant_13,2,day,Town10HD_Opt,2026-03-15 10:15:52.061756,66.60345458984375,24.889169692993164,0.0020507050212472,11.056,1.92,0.0,0.127,0,0,1,,0.814,2026-03-15T10:15:52.061756,neutral,0.998,2026-03-15T10:15:52.061756,0.3377819563145208,2026-03-15T10:15:52.920000,95,,,
participant_13,2,day,Town10HD_Opt,2026-03-15 10:15:53.141623,67.76226806640625,24.854108810424805,0.002046852139756,8.669,1.92,0.0,0.169,0,0,1,,1.0,2026-03-15T10:15:53.141623,neutral,0.998,2026-03-15T10:15:52.061756,0.2703533862698464,2026-03-15T10:15:53.910000,91,,,
participant_13,2,day,Town10HD_Opt,2026-03-15 10:15:54.158621,68.6113510131836,24.837759017944336,0.0020560836419463,5.885,1.897,0.0,0.315,0,0,1,,1.0,2026-03-15T10:15:54.158621,neutral,0.997,2026-03-15T10:15:54.158621,0.3025530386777964,2026-03-15T10:15:54.945000,89,,,
participant_13,2,day,Town10HD_Opt,2026-03-15 10:15:55.182696,68.72112274169922,24.83580207824707,0.0020572280045598,0.0,1.897,0.0,0.354,0,0,1,,0.873,2026-03-15T10:15:55.182696,neutral,0.997,2026-03-15T10:15:54.158621,0.2621859469572969,2026-03-15T10:15:55.936000,93,,,
participant_13,2,day,Town10HD_Opt,2026-03-15 10:15:56.184782,68.72127532958984,24.835805892944336,0.0019341277657076,0.0,1.819,0.0,0.063,0,0,1,,1.0,2026-03-15T10:15:56.184782,neutral,0.991,2026-03-15T10:15:56.184782,0.3043767029892289,2026-03-15T10:15:56.926000,94,,,
participant_13,2,day,Town10HD_Opt,2026-03-15 10:15:57.278170,68.7212905883789,24.835805892944336,0.001920623704791,0.0,1.617,0.0,0.0,0,0,1,,1.0,2026-03-15T10:15:57.278170,neutral,0.991,2026-03-15T10:15:56.184782,0.254113724755529,2026-03-15T10:15:57.916000,95,,,
participant_13,2,day,Town10HD_Opt,2026-03-15 10:15:58.287759,68.7212905883789,24.835805892944336,0.0019195937784388,0.0,1.636,0.0,0.0,0,0,1,,1.0,2026-03-15T10:15:58.287759,neutral,1.0,2026-03-15T10:15:58.287759,0.3039629723887166,2026-03-15T10:15:58.905000,94,,,
participant_13,2,day,Town10HD_Opt,2026-03-15 10:15:59.304274,68.7212905883789,24.835805892944336,0.0019195937784388,0.0,1.636,0.0,0.0,0,0,1,,1.0,2026-03-15T10:15:59.304274,neutral,1.0,2026-03-15T10:15:58.287759,0.3001441917558948,2026-03-15T10:15:59.941000,92,,,
participant_13,2,day,Town10HD_Opt,2026-03-15 10:16:00.322699,68.7212905883789,24.835805892944336,0.0019195937784388,0.0,1.636,0.0,0.0,0,0,1,,1.0,2026-03-15T10:16:00.322699,neutral,0.999,2026-03-15T10:16:00.322699,0.3659158396851549,2026-03-15T10:16:00.930000,92,,,
participant_13,2,day,Town10HD_Opt,2026-03-15 10:16:01.351648,68.7212905883789,24.835805892944336,0.0019195937784388,0.0,1.636,0.0,0.0,0,0,1,,1.0,2026-03-15T10:16:01.351648,neutral,0.999,2026-03-15T10:16:00.322699,0.3240620345173093,2026-03-15T10:16:01.966000,92,,,
participant_13,2,day,Town10HD_Opt,2026-03-15 10:16:02.340808,68.7212905883789,24.835805892944336,0.0019195937784388,0.0,1.633,0.0,0.0,0,0,1,,0.867,2026-03-15T10:16:02.340808,angry,0.515,2026-03-15T10:16:02.340808,0.3088740301859463,2026-03-15T10:16:02.910000,91,,,
participant_13,2,day,Town10HD_Opt,2026-03-15 10:16:03.378185,68.7212905883789,24.835805892944336,0.0019195937784388,0.0,1.631,0.0,0.0,0,0,1,,0.874,2026-03-15T10:16:03.378185,angry,0.515,2026-03-15T10:16:02.340808,0.2811204297278894,2026-03-15T10:16:04.036000,92,,,
participant_13,2,day,Town10HD_Opt,2026-03-15 10:16:04.343798,68.7212905883789,24.835805892944336,0.0019195937784388,0.0,1.631,0.0,0.0,0,0,1,,0.854,2026-03-15T10:16:04.343798,neutral,1.0,2026-03-15T10:16:04.343798,0.3083294153320403,2026-03-15T10:16:04.936000,92,,,
participant_13,2,day,Town10HD_Opt,2026-03-15 10:16:05.324658,68.7212905883789,24.835805892944336,0.0019195937784388,0.0,1.64,0.0,0.0,0,0,1,,0.806,2026-03-15T10:16:05.324658,neutral,1.0,2026-03-15T10:16:04.343798,0.2809757947188668,2026-03-15T10:16:05.925000,90,,,
participant_13,2,day,Town10HD_Opt,2026-03-15 10:16:06.344003,68.7212905883789,24.835805892944336,0.0019195937784388,0.0,0.414,0.0,0.0,0,0,1,,1.0,2026-03-15T10:16:06.344003,neutral,0.996,2026-03-15T10:16:06.344003,0.3689797167013482,2026-03-15T10:16:06.916000,93,,,
participant_13,2,day,Town10HD_Opt,2026-03-15 10:16:07.365834,68.72075653076172,24.83563232421875,0.00192012777552,0.005,0.164,0.669,0.0,0,1,-1,,1.0,2026-03-15T10:16:07.365834,neutral,0.996,2026-03-15T10:16:06.344003,0.367016595169887,2026-03-15T10:16:07.906000,88,,,
participant_13,2,day,Town10HD_Opt,2026-03-15 10:16:08.414848,68.47927856445312,24.84233665466309,0.0022307203616946,6.646,0.101,0.861,0.0,0,1,-1,,0.802,2026-03-15T10:16:08.414848,neutral,0.998,2026-03-15T10:16:08.414848,0.2313570857863706,2026-03-15T10:16:08.941000,90,,,
participant_13,2,day,Town10HD_Opt,2026-03-15 10:16:09.482354,67.48222351074219,24.868995666503903,0.0020513152703642,9.267,-0.016,0.0,0.0,0,1,-1,,1.0,2026-03-15T10:16:09.482354,neutral,0.998,2026-03-15T10:16:08.414848,0.4103709762575335,2026-03-15T10:16:09.931000,91,,,
participant_13,2,day,Town10HD_Opt,2026-03-15 10:16:10.018379,67.04710388183594,24.881139755249023,0.001626129145734,3.843,-0.167,0.0,0.0,0,0,1,,1.0,2026-03-15T10:16:10.018379,neutral,0.998,2026-03-15T10:16:08.414848,0.3964351977309913,2026-03-15T10:16:10.921000,89,,,
participant_13,2,day,Town10HD_Opt,2026-03-15 10:16:11.067759,66.9194564819336,24.87835693359375,0.0017766952514648,0.193,22.696,0.312,0.0,0,0,1,,1.0,2026-03-15T10:16:11.067759,neutral,0.875,2026-03-15T10:16:11.067759,0.4835422427390798,2026-03-15T10:16:11.911000,89,,,
participant_13,2,day,Town10HD_Opt,2026-03-15 10:16:12.098136,67.0040054321289,24.89682579040528,0.0017827986739575,2.241,32.313,0.42,0.0,0,0,1,,0.901,2026-03-15T10:16:12.098136,neutral,0.875,2026-03-15T10:16:11.067759,0.3783581489853747,2026-03-15T10:16:12.991000,88,,,
participant_13,2,day,Town10HD_Opt,2026-03-15 10:16:13.194956,67.47171020507812,25.00052261352539,0.0017475509084761,6.288,25.834,0.398,0.0,0,0,1,,1.0,2026-03-15T10:16:13.194956,neutral,0.904,2026-03-15T10:16:13.194956,0.5361215369688668,2026-03-15T10:16:13.936000,92,,,
participant_13,2,day,Town10HD_Opt,2026-03-15 10:16:14.220550,68.28400421142578,25.281763076782227,0.0017965316073969,8.872,32.607,0.387,0.0,0,0,1,,1.0,2026-03-15T10:16:14.220550,neutral,0.904,2026-03-15T10:16:13.194956,0.4834882295743137,2026-03-15T10:16:14.926000,86,,,
participant_13,2,day,Town10HD_Opt,2026-03-15 10:16:15.215383,69.31509399414062,25.83266830444336,0.001815948402509,11.267,22.32,0.291,0.0,0,0,1,,1.0,2026-03-15T10:16:15.215383,neutral,0.514,2026-03-15T10:16:15.215383,0.4840299190062076,2026-03-15T10:16:15.916000,92,,,
participant_13,2,day,Town10HD_Opt,2026-03-15 10:16:16.267569,70.53335571289062,26.508230209350582,0.0018633651779964,12.498,9.633,0.243,0.0,0,0,1,,1.0,2026-03-15T10:16:16.267569,neutral,0.514,2026-03-15T10:16:15.215383,0.4530662134798825,2026-03-15T10:16:17.041000,93,,,
participant_13,2,day,Town10HD_Opt,2026-03-15 10:16:17.315340,71.82527923583984,27.24282455444336,0.0018929671496152,13.0,-12.876,0.241,0.0,0,0,1,,1.0,2026-03-15T10:16:17.315340,neutral,0.976,2026-03-15T10:16:17.315340,0.3656916777669089,2026-03-15T10:16:17.941000,93,,,
participant_13,2,day,Town10HD_Opt,2026-03-15 10:16:18.414371,73.2822494506836,27.69487762451172,0.0018983840709552,13.573,-16.607,0.31,0.0,0,0,1,,1.0,2026-03-15T10:16:18.414371,neutral,0.976,2026-03-15T10:16:17.315340,0.5001991617439214,2026-03-15T10:16:18.931000,92,,,
participant_13,2,day,Town10HD_Opt,2026-03-15 10:16:19.471223,74.8793716430664,28.06855583190918,0.001910591032356,13.891,-9.004,0.0,0.0,0,0,1,,0.802,2026-03-15T10:16:19.471223,neutral,0.929,2026-03-15T10:16:19.471223,0.5328521557378605,2026-03-15T10:16:19.920000,91,,,
participant_13,2,day,Town10HD_Opt,2026-03-15 10:16:20.100740,75.65402221679688,28.20743179321289,0.0019911956042051,12.971,-12.279,0.0,0.0,0,0,1,,1.0,2026-03-15T10:16:20.100740,neutral,0.929,2026-03-15T10:16:19.471223,0.5248730031053003,2026-03-15T10:16:20.911000,95,,,
participant_13,2,day,Town10HD_Opt,2026-03-15 10:16:21.281477,77.0289077758789,28.322895050048828,0.0020266340579837,10.59,-10.086,0.0,0.08,0,0,1,,1.0,2026-03-15T10:16:21.281477,neutral,0.929,2026-03-15T10:16:19.471223,0.5104875151792383,2026-03-15T10:16:21.947000,94,,,
participant_13,2,day,Town10HD_Opt,2026-03-15 10:16:22.396138,78.141845703125,28.358720779418945,0.0020389556884765,8.131,-6.865,0.0,0.183,0,0,1,,1.0,2026-03-15T10:16:22.396138,neutral,0.989,2026-03-15T10:16:22.396138,0.5235543546301028,2026-03-15T10:16:22.935000,91,,,
participant_13,2,day,Town10HD_Opt,2026-03-15 10:16:23.453265,78.96074676513672,28.36716651916504,0.002043189946562,5.592,-5.87,0.0,0.149,0,0,1,,1.0,2026-03-15T10:16:23.453265,neutral,0.989,2026-03-15T10:16:22.396138,0.4957202834845609,2026-03-15T10:16:23.926000,92,,,
participant_13,2,day,Town10HD_Opt,2026-03-15 10:16:24.030555,79.09420013427734,28.367143630981445,0.0023611448705196,0.001,-5.87,0.0,0.144,0,0,1,,0.801,2026-03-15T10:16:24.030555,neutral,0.989,2026-03-15T10:16:22.396138,0.522669061373248,2026-03-15T10:16:24.916000,94,,,
participant_13,2,day,Town10HD_Opt,2026-03-15 10:16:25.052565,79.09468078613281,28.367094039916992,0.0019733810331672,0.0,-2.697,0.0,0.104,0,0,1,,1.0,2026-03-15T10:16:25.052565,neutral,0.993,2026-03-15T10:16:25.052565,0.5083302612207093,2026-03-15T10:16:25.950000,94,,,
participant_13,2,day,Town10HD_Opt,2026-03-15 10:16:26.042751,79.09474182128906,28.36708641052246,0.0019249343313276,0.0,0.068,0.0,0.04,0,0,1,,1.0,2026-03-15T10:16:26.042751,neutral,0.993,2026-03-15T10:16:25.052565,0.4978804531162643,2026-03-15T10:16:26.941000,93,,,
participant_13,2,day,Town10HD_Opt,2026-03-15 10:16:27.102292,79.0947494506836,28.36708641052246,0.0019195937784388,0.0,-0.841,0.0,0.03,0,0,1,,1.0,2026-03-15T10:16:27.102292,neutral,0.963,2026-03-15T10:16:27.102292,0.4512615333546232,2026-03-15T10:16:27.930000,96,,,
participant_13,2,day,Town10HD_Opt,2026-03-15 10:16:28.122999,79.0947494506836,28.36708641052246,0.0019195937784388,0.0,-0.862,0.0,0.026,0,0,1,,0.813,2026-03-15T10:16:28.122999,neutral,0.963,2026-03-15T10:16:27.102292,0.5283666286000173,2026-03-15T10:16:28.921000,94,,,
participant_13,2,day,Town10HD_Opt,2026-03-15 10:16:29.121853,79.0947494506836,28.36708641052246,0.0019195937784388,0.0,-0.881,0.0,0.0,0,0,1,,0.854,2026-03-15T10:16:29.121853,neutral,0.946,2026-03-15T10:16:29.121853,0.569636138578578,2026-03-15T10:16:29.911000,92,,,
participant_13,2,day,Town10HD_Opt,2026-03-15 10:16:30.076220,79.0947494506836,28.36708641052246,0.0019195937784388,0.0,-0.914,0.0,0.0,0,0,1,,0.804,2026-03-15T10:16:30.076220,neutral,0.946,2026-03-15T10:16:29.121853,0.4619080761929185,2026-03-15T10:16:29.911000,91,,,
participant_13,2,day,Town10HD_Opt,2026-03-15 10:16:31.088778,79.0947494506836,28.36708641052246,0.0019195937784388,0.0,-0.914,0.0,0.0,0,0,1,,1.0,2026-03-15T10:16:31.088778,neutral,0.946,2026-03-15T10:16:29.121853,0.5832463399602934,2026-03-15T10:16:31.936000,95,,,
participant_13,2,day,Town10HD_Opt,2026-03-15 10:16:32.071721,79.0947494506836,28.36708641052246,0.0019195937784388,0.0,-0.942,0.0,0.0,0,0,1,,0.806,2026-03-15T10:16:32.071721,neutral,0.998,2026-03-15T10:16:32.071721,0.570154510845386,2026-03-15T10:16:32.926000,90,,,
participant_13,2,day,Town10HD_Opt,2026-03-15 10:16:33.123298,79.0947494506836,28.36708641052246,0.0019195937784388,0.0,-0.954,0.0,0.0,0,0,1,,1.0,2026-03-15T10:16:33.123298,neutral,0.998,2026-03-15T10:16:32.071721,0.590444852159317,2026-03-15T10:16:33.916000,93,,,
participant_13,2,day,Town10HD_Opt,2026-03-15 10:16:34.121774,79.0947494506836,28.36708641052246,0.0019195937784388,0.0,-0.954,0.0,0.0,0,0,1,,1.0,2026-03-15T10:16:34.121774,neutral,0.985,2026-03-15T10:16:34.121774,0.528428972182743,2026-03-15T10:16:34.951000,96,,,
participant_13,2,day,Town10HD_Opt,2026-03-15 10:16:35.147410,79.0947494506836,28.36708641052246,0.0019195937784388,0.0,-0.978,0.0,0.0,0,0,1,,1.0,2026-03-15T10:16:35.147410,neutral,0.985,2026-03-15T10:16:34.121774,0.5675983122386155,2026-03-15T10:16:35.940000,93,,,
participant_13,2,day,Town10HD_Opt,2026-03-15 10:16:36.156890,79.0947494506836,28.36708641052246,0.0019195937784388,0.0,-0.971,0.0,0.0,0,0,1,,1.0,2026-03-15T10:16:36.156890,neutral,0.981,2026-03-15T10:16:36.156890,0.5844536140495813,2026-03-15T10:16:36.931000,94,,,
participant_13,2,day,Town10HD_Opt,2026-03-15 10:16:37.230350,79.0947494506836,28.36708641052246,0.0019195937784388,0.0,-1.283,0.0,0.0,0,0,1,,1.0,2026-03-15T10:16:37.230350,neutral,0.981,2026-03-15T10:16:36.156890,0.6219163138053672,2026-03-15T10:16:37.921000,93,,,
participant_13,2,day,Town10HD_Opt,2026-03-15 10:16:38.333998,79.0947494506836,28.36708641052246,0.0019195937784388,0.0,-3.026,0.0,0.0,0,0,1,,1.0,2026-03-15T10:16:38.333998,neutral,0.995,2026-03-15T10:16:38.333998,0.5526491346082865,2026-03-15T10:16:38.956000,93,,,
participant_13,2,day,Town10HD_Opt,2026-03-15 10:16:39.368331,79.0947494506836,28.36708641052246,0.0019195937784388,0.0,-3.222,0.0,0.0,0,0,1,,0.83,2026-03-15T10:16:39.368331,neutral,0.995,2026-03-15T10:16:38.333998,0.5982476811769092,2026-03-15T10:16:39.946000,93,,,
participant_13,2,day,Town10HD_Opt,2026-03-15 10:16:40.383812,79.0947494506836,28.36708641052246,0.0019195937784388,0.0,-3.523,0.0,0.0,0,0,1,,1.0,2026-03-15T10:16:40.383812,neutral,0.993,2026-03-15T10:16:40.383812,0.606678105280348,2026-03-15T10:16:40.936000,92,,,
participant_13,2,day,Town10HD_Opt,2026-03-15 10:16:41.424884,79.0947494506836,28.36708641052246,0.0019195937784388,0.0,-3.523,0.0,0.0,0,0,1,,1.0,2026-03-15T10:16:41.424884,neutral,0.993,2026-03-15T10:16:40.383812,0.6493126516576815,,92,,,
participant_13,2,day,Town10HD_Opt,2026-03-15 10:16:42.441707,79.0947494506836,28.36708641052246,0.0019195937784388,0.0,-3.523,0.0,0.0,0,0,1,,1.0,2026-03-15T10:16:42.441707,neutral,0.997,2026-03-15T10:16:42.441707,0.562383427617229,2026-03-15T10:16:42.961000,92,,,
participant_13,2,day,Town10HD_Opt,2026-03-15 10:16:43.473631,79.0947494506836,28.36708641052246,0.0019195937784388,0.0,-3.674,0.0,0.0,0,0,1,,0.868,2026-03-15T10:16:43.473631,neutral,0.997,2026-03-15T10:16:42.441707,0.5680690342910403,2026-03-15T10:16:43.951000,92,,,
participant_13,2,day,Town10HD_Opt,2026-03-15 10:16:43.991796,79.0947494506836,28.36708641052246,0.0019195937784388,0.0,-4.325,0.0,0.0,0,0,1,,1.0,2026-03-15T10:16:43.991796,neutral,0.997,2026-03-15T10:16:42.441707,0.6292529532872769,2026-03-15T10:16:43.951000,93,,,
participant_13,2,day,Town10HD_Opt,2026-03-15 10:16:45.467830,79.0947494506836,28.36708641052246,0.0019195937784388,0.0,-4.383,0.0,0.0,0,0,1,,0.811,2026-03-15T10:16:45.467830,neutral,0.999,2026-03-15T10:16:45.467830,0.5969600237505427,2026-03-15T10:16:45.932000,89,,,
participant_13,2,day,Town10HD_Opt,2026-03-15 10:16:46.448236,79.0947494506836,28.36708641052246,0.0019195937784388,0.0,-4.383,0.0,0.0,0,0,1,,1.0,2026-03-15T10:16:46.448236,neutral,0.999,2026-03-15T10:16:45.467830,0.6309557904919598,2026-03-15T10:16:46.921000,89,,,
participant_13,2,day,Town10HD_Opt,2026-03-15 10:16:47.467632,79.0947494506836,28.36708641052246,0.0019195937784388,0.0,-4.383,0.0,0.0,0,0,1,,0.853,2026-03-15T10:16:47.467632,neutral,0.999,2026-03-15T10:16:45.467830,0.5916863474272525,2026-03-15T10:16:47.956000,89,,,
participant_13,2,day,Town10HD_Opt,2026-03-15 10:16:48.015823,79.0947494506836,28.36708641052246,0.0019195937784388,0.0,-4.383,0.0,0.0,0,0,1,,0.802,2026-03-15T10:16:48.015823,neutral,0.995,2026-03-15T10:16:48.015823,0.5976011555927988,2026-03-15T10:16:47.956000,93,,,
participant_13,2,day,Town10HD_Opt,2026-03-15 10:16:49.008112,79.0947494506836,28.36708641052246,0.0019195937784388,0.0,-4.407,0.0,0.0,0,0,1,,1.0,2026-03-15T10:16:49.008112,neutral,0.995,2026-03-15T10:16:48.015823,0.5393254395377562,2026-03-15T10:16:48.948000,92,,,
participant_13,2,day,Town10HD_Opt,2026-03-15 10:16:50.035781,79.0947494506836,28.36708641052246,0.0019195937784388,0.0,-4.419,0.0,0.0,0,0,1,,1.0,2026-03-15T10:16:50.035781,neutral,0.997,2026-03-15T10:16:50.035781,0.5201434659465787,2026-03-15T10:16:50.927000,91,,,
participant_13,2,day,Town10HD_Opt,2026-03-15 10:16:51.010180,79.0947494506836,28.36708641052246,0.0019195937784388,0.0,-4.419,0.0,0.0,0,0,1,,1.0,2026-03-15T10:16:51.010180,neutral,0.997,2026-03-15T10:16:50.035781,0.5724491937775334,2026-03-15T10:16:51.916000,89,,,
participant_13,2,day,Town10HD_Opt,2026-03-15 10:16:52.047388,79.0947494506836,28.36708641052246,0.0019195937784388,0.0,-5.744,0.0,0.0,0,0,1,,1.0,2026-03-15T10:16:52.047388,neutral,0.998,2026-03-15T10:16:52.047388,0.5933764507700636,2026-03-15T10:16:51.916000,92,Collision,Collision,
participant_13,2,day,Town10HD_Opt,2026-03-15 10:16:53.064558,79.0947494506836,28.36708641052246,0.0019195937784388,0.0,-6.348,0.0,0.0,0,0,1,,0.867,2026-03-15T10:16:53.064558,neutral,0.998,2026-03-15T10:16:52.047388,0.5948812383543584,2026-03-15T10:16:53.045000,95,,,
participant_13,2,day,Town10HD_Opt,2026-03-15 10:16:54.066612,79.0947494506836,28.36708641052246,0.0019195937784388,0.0,-6.35,0.0,0.0,0,0,1,,0.938,2026-03-15T10:16:54.066612,neutral,0.996,2026-03-15T10:16:54.066612,0.6007475115824463,2026-03-15T10:16:54.977000,88,,,
participant_13,2,day,Town10HD_Opt,2026-03-15 10:16:55.054488,79.0947494506836,28.36708641052246,0.0019195937784388,0.0,-6.469,0.0,0.0,0,0,1,,0.825,2026-03-15T10:16:55.054488,neutral,0.996,2026-03-15T10:16:54.066612,0.6526825964982862,2026-03-15T10:16:55.922000,92,,,
participant_13,2,day,Town10HD_Opt,2026-03-15 10:16:56.061963,79.0947494506836,28.36708641052246,0.0019195937784388,0.0,-6.488,0.0,0.0,0,0,1,,1.0,2026-03-15T10:16:56.061963,neutral,0.996,2026-03-15T10:16:54.066612,0.6411590608503525,2026-03-15T10:16:56.912000,93,,,
participant_13,2,day,Town10HD_Opt,2026-03-15 10:16:57.095640,79.0947494506836,28.36708641052246,0.0019195937784388,0.0,-6.49,0.0,0.0,0,0,1,,1.0,2026-03-15T10:16:57.095640,neutral,0.993,2026-03-15T10:16:57.095640,0.648783821863668,2026-03-15T10:16:57.949000,92,,,
participant_13,2,day,Town10HD_Opt,2026-03-15 10:16:58.082581,79.0947494506836,28.36708641052246,0.0019195937784388,0.0,-6.511,0.0,0.0,0,0,1,,0.851,2026-03-15T10:16:58.082581,neutral,0.993,2026-03-15T10:16:57.095640,0.6339228850709636,2026-03-15T10:16:58.937000,93,,,
participant_13,2,day,Town10HD_Opt,2026-03-15 10:16:59.066219,79.0947494506836,28.36708641052246,0.0019195937784388,0.0,-6.547,0.0,0.0,0,0,1,,1.0,2026-03-15T10:16:59.066219,neutral,0.993,2026-03-15T10:16:57.095640,0.5736396288030962,2026-03-15T10:16:59.927000,91,,,
participant_13,2,day,Town10HD_Opt,2026-03-15 10:17:00.097111,79.0947494506836,28.36708641052246,0.0019195937784388,0.0,-6.682,0.0,0.0,0,0,1,,1.0,2026-03-15T10:17:00.097111,neutral,0.982,2026-03-15T10:17:00.097111,0.6960952369963741,2026-03-15T10:17:00.916000,92,,,
participant_13,2,day,Town10HD_Opt,2026-03-15 10:17:01.113125,79.0947494506836,28.36708641052246,0.0019195937784388,0.0,-6.682,0.0,0.0,0,0,1,,0.822,2026-03-15T10:17:01.113125,neutral,0.982,2026-03-15T10:17:00.097111,0.6620980476422327,2026-03-15T10:17:01.951000,92,,,
participant_13,2,day,Town10HD_Opt,2026-03-15 10:17:02.109181,79.0947494506836,28.36708641052246,0.0019195937784388,0.0,-7.487,0.0,0.0,0,0,1,,1.0,2026-03-15T10:17:02.109181,neutral,0.997,2026-03-15T10:17:02.109181,0.6252714038665809,2026-03-15T10:17:02.941000,92,,,
participant_13,2,day,Town10HD_Opt,2026-03-15 10:17:03.156642,79.09563446044922,28.36704444885254,0.0019126510014757,0.226,-11.776,0.156,0.0,0,0,1,,1.0,2026-03-15T10:17:03.156642,neutral,0.997,2026-03-15T10:17:02.109181,0.7538885774996108,2026-03-15T10:17:03.932000,92,,,
participant_13,2,day,Town10HD_Opt,2026-03-15 10:17:04.191903,79.222900390625,28.35843849182129,0.0017943572020158,2.464,-13.168,0.0,0.0,0,0,1,,1.0,2026-03-15T10:17:04.191903,neutral,0.977,2026-03-15T10:17:04.191903,0.7227259810419719,2026-03-15T10:17:04.921000,91,,,
participant_13,2,day,Town10HD_Opt,2026-03-15 10:17:05.281282,79.52326965332031,28.341466903686523,0.0018542861798778,3.361,-9.196,0.42,0.0,0,0,1,,1.0,2026-03-15T10:17:05.281282,neutral,0.977,2026-03-15T10:17:04.191903,0.6763197900842325,2026-03-15T10:17:05.912000,91,,,
participant_13,2,day,Town10HD_Opt,2026-03-15 10:17:06.369388,80.27751922607422,28.256553649902344,0.0015074538532644,11.275,-13.387,1.0,0.0,0,0,1,,1.0,2026-03-15T10:17:06.369388,neutral,0.998,2026-03-15T10:17:06.369388,0.6436620762471877,2026-03-15T10:17:06.947000,91,,,
participant_13,2,day,Town10HD_Opt,2026-03-15 10:17:07.406515,82.17769622802734,27.952754974365234,0.0017345427768304,20.479,-6.796,0.857,0.0,0,0,1,,1.0,2026-03-15T10:17:07.406515,neutral,0.998,2026-03-15T10:17:06.369388,0.6061838862427538,2026-03-15T10:17:07.936000,93,,,
participant_13,2,day,Town10HD_Opt,2026-03-15 10:17:08.117612,83.4516372680664,27.705211639404297,0.0017201614100486,23.995,-4.964,0.799,0.0,0,0,1,,1.0,2026-03-15T10:17:08.117612,neutral,0.998,2026-03-15T10:17:06.369388,0.6832604639282257,2026-03-15T10:17:08.926000,92,,,
participant_13,2,day,Town10HD_Opt,2026-03-15 10:17:09.158731,86.59052276611328,26.9233512878418,0.0016950988210737,31.179,-5.302,0.769,0.0,0,0,1,,0.801,2026-03-15T10:17:09.158731,neutral,0.997,2026-03-15T10:17:09.158731,0.6334572180556433,2026-03-15T10:17:09.916000,93,,,
participant_13,2,day,Town10HD_Opt,2026-03-15 10:17:10.200488,90.4105224609375,25.597246170043945,0.0017206573393195,37.845,-7.927,0.774,0.0,0,0,1,,1.0,2026-03-15T10:17:10.200488,neutral,0.997,2026-03-15T10:17:09.158731,0.6699835764440182,2026-03-15T10:17:10.952000,91,,,
participant_13,2,day,Town10HD_Opt,2026-03-15 10:17:11.273760,94.51419067382812,23.28836441040039,0.0018061065347865,43.152,-12.013,0.636,0.0,0,0,1,,1.0,2026-03-15T10:17:11.273760,neutral,0.979,2026-03-15T10:17:11.273760,0.6761656354964276,2026-03-15T10:17:11.942000,92,,,
participant_13,2,day,Town10HD_Opt,2026-03-15 10:17:12.378631,98.19883728027344,19.94652557373047,0.002196388086304,40.515,-2.631,0.0,0.0,0,0,1,,1.0,2026-03-15T10:17:12.378631,neutral,0.979,2026-03-15T10:17:11.273760,0.6912808959846612,2026-03-15T10:17:12.931000,91,,,
participant_13,2,day,Town10HD_Opt,2026-03-15 10:17:13.464250,101.11277770996094,16.72182273864746,0.0023260116577148,34.379,-5.941,0.217,0.0,0,0,1,,0.839,2026-03-15T10:17:13.464250,neutral,0.999,2026-03-15T10:17:13.464250,0.6947871474015362,2026-03-15T10:17:13.966000,92,,,
participant_13,2,day,Town10HD_Opt,2026-03-15 10:17:14.003694,102.29367065429688,15.166020393371582,0.0022280502598732,33.159,-9.966,0.926,0.0,0,0,1,,1.0,2026-03-15T10:17:14.003694,neutral,0.999,2026-03-15T10:17:13.464250,0.632812163433288,2026-03-15T10:17:13.966000,92,,,
participant_13,2,day,Town10HD_Opt,2026-03-15 10:17:15.047037,104.4099578857422,11.469654083251951,0.0016815566923469,41.795,-3.867,1.0,0.0,0,0,1,,0.921,2026-03-15T10:17:15.047037,neutral,0.999,2026-03-15T10:17:13.464250,0.7079022584803862,2026-03-15T10:17:14.958000,94,,,
participant_13,2,day,Town10HD_Opt,2026-03-15 10:17:16.040482,106.59395599365234,6.578831195831299,0.0015789413591846,50.577,-7.23,0.0,0.0,0,0,1,,1.0,2026-03-15T10:17:16.040482,neutral,0.998,2026-03-15T10:17:16.040482,0.6521306589029998,2026-03-15T10:17:16.937000,95,,,
participant_13,2,day,Town10HD_Opt,2026-03-15 10:17:17.108895,108.11331176757812,0.8699967861175537,0.0021678160410374,48.598,-7.767,0.879,0.0,0,0,1,,1.0,2026-03-15T10:17:17.108895,neutral,0.998,2026-03-15T10:17:16.040482,0.6140206709531907,2026-03-15T10:17:17.927000,93,,,
participant_13,2,day,Town10HD_Opt,2026-03-15 10:17:18.121354,108.50082397460938,-4.939001560211182,0.0019519042689353,50.934,-0.484,0.0,0.0,0,0,1,,1.0,2026-03-15T10:17:18.121354,neutral,0.99,2026-03-15T10:17:18.121354,0.6730186374547461,2026-03-15T10:17:18.917000,96,,,
participant_13,2,day,Town10HD_Opt,2026-03-15 10:17:19.138452,108.58292388916016,-10.680913925170898,0.0020457075443118,49.332,-1.394,0.698,0.0,0,0,1,,1.0,2026-03-15T10:17:19.138452,neutral,0.99,2026-03-15T10:17:18.121354,0.7030050561788221,2026-03-15T10:17:19.997000,94,,,
participant_13,2,day,Town10HD_Opt,2026-03-15 10:17:20.184038,108.46358489990234,-16.548358917236328,0.0021023559384047,49.027,-2.44,0.653,0.0,0,0,1,,1.0,2026-03-15T10:17:20.184038,neutral,0.998,2026-03-15T10:17:20.184038,0.6556128450334431,2026-03-15T10:17:20.942000,93,,,
participant_13,2,day,Town10HD_Opt,2026-03-15 10:17:21.200855,108.00820922851562,-22.2571964263916,0.001994171179831,49.893,-2.965,0.645,0.0,0,0,1,,1.0,2026-03-15T10:17:21.200855,neutral,0.998,2026-03-15T10:17:20.184038,0.6427243599379228,2026-03-15T10:17:21.932000,96,,,
participant_13,2,day,Town10HD_Opt,2026-03-15 10:17:22.239463,107.16712951660156,-28.05910301208496,0.0021489334758371,48.837,-3.224,0.635,0.0,0,0,1,,1.0,2026-03-15T10:17:22.239463,neutral,0.999,2026-03-15T10:17:22.239463,0.6778014341869095,2026-03-15T10:17:22.922000,94,,,
participant_13,2,day,Town10HD_Opt,2026-03-15 10:17:23.320865,105.88250732421876,-33.60690689086914,0.001996879465878,49.618,-5.328,0.63,0.0,0,0,1,,1.0,2026-03-15T10:17:23.320865,neutral,0.999,2026-03-15T10:17:22.239463,0.5855938772302487,2026-03-15T10:17:23.912000,93,,,
participant_13,2,day,Town10HD_Opt,2026-03-15 10:17:24.387099,103.8885726928711,-39.13246154785156,0.0020825958345085,49.311,-5.976,0.63,0.0,0,0,1,,1.0,2026-03-15T10:17:24.387099,neutral,0.905,2026-03-15T10:17:24.387099,0.5927752296999098,2026-03-15T10:17:24.992000,95,,,
participant_13,2,day,Town10HD_Opt,2026-03-15 10:17:25.399659,101.1502456665039,-44.15260696411133,0.0020225525368005,49.595,-7.665,0.63,0.0,0,0,1,,1.0,2026-03-15T10:17:25.399659,neutral,0.905,2026-03-15T10:17:24.387099,0.6865837453095139,2026-03-15T10:17:25.938000,91,,,
participant_13,2,day,Town10HD_Opt,2026-03-15 10:17:26.400691,97.53268432617188,-48.78076171875,0.0020822142250835,49.369,-0.677,0.628,0.0,0,0,1,,1.0,2026-03-15T10:17:26.400691,neutral,0.998,2026-03-15T10:17:26.400691,0.7011492662772703,2026-03-15T10:17:26.927000,94,,,
participant_13,2,day,Town10HD_Opt,2026-03-15 10:17:27.403806,93.69612121582033,-53.06841278076172,0.0020135878585278,49.87,-5.817,0.611,0.0,0,0,1,,1.0,2026-03-15T10:17:27.403806,neutral,0.998,2026-03-15T10:17:26.400691,0.627627520843009,2026-03-15T10:17:27.917000,92,,,
participant_13,2,day,Town10HD_Opt,2026-03-15 10:17:28.423325,89.29255676269531,-56.91993713378906,0.0021301268134266,49.028,-4.945,0.609,0.0,0,0,1,,1.0,2026-03-15T10:17:28.423325,neutral,0.999,2026-03-15T10:17:28.423325,0.6234546229875518,2026-03-15T10:17:28.997000,94,,,
participant_13,2,day,Town10HD_Opt,2026-03-15 10:17:29.414344,84.51953125,-60.03876495361328,0.0020136260427534,49.489,-5.612,0.603,0.0,0,0,1,,1.0,2026-03-15T10:17:29.414344,neutral,0.999,2026-03-15T10:17:28.423325,0.6347417284231543,2026-03-15T10:17:29.942000,94,,,
participant_13,2,day,Town10HD_Opt,2026-03-15 10:17:30.422121,79.17391204833984,-62.41316604614258,0.0020068360026925,50.412,-8.048,0.597,0.0,0,0,1,,1.0,2026-03-15T10:17:30.422121,neutral,0.999,2026-03-15T10:17:28.423325,0.6936960072309529,2026-03-15T10:17:30.932000,91,,,
participant_13,2,day,Town10HD_Opt,2026-03-15 10:17:31.454127,73.57475280761719,-63.69050216674805,0.002055206336081,49.327,-5.46,0.586,0.0,0,0,1,,0.846,2026-03-15T10:17:31.454127,neutral,1.0,2026-03-15T10:17:31.454127,0.6331924615395743,2026-03-15T10:17:31.922000,95,,,
participant_13,2,day,Town10HD_Opt,2026-03-15 10:17:32.023527,70.69091033935547,-63.97627639770508,0.002000655978918,50.037,-3.153,0.586,0.0,0,0,1,,1.0,2026-03-15T10:17:32.023527,neutral,1.0,2026-03-15T10:17:31.454127,0.6224808599013769,2026-03-15T10:17:32.912000,93,,,
participant_13,2,day,Town10HD_Opt,2026-03-15 10:17:33.073013,64.85208129882812,-64.17053985595703,0.0021174622233957,49.168,-0.369,0.585,0.0,0,0,1,,1.0,2026-03-15T10:17:33.073013,neutral,1.0,2026-03-15T10:17:31.454127,0.6166520846833357,2026-03-15T10:17:32.912000,94,,,
participant_13,2,day,Town10HD_Opt,2026-03-15 10:17:34.101182,59.07602310180664,-64.22038269042969,0.0019971083384007,50.144,0.11,0.586,0.0,0,0,1,,1.0,2026-03-15T10:17:34.101182,neutral,0.997,2026-03-15T10:17:34.101182,0.6442888828942793,2026-03-15T10:17:34.937000,92,,,
participant_13,2,day,Town10HD_Opt,2026-03-15 10:17:35.143148,53.24440383911133,-64.25114440917969,0.0021139525342732,49.115,-0.719,0.586,0.0,0,0,1,,1.0,2026-03-15T10:17:35.143148,neutral,0.997,2026-03-15T10:17:34.101182,0.5818880727182055,2026-03-15T10:17:35.927000,92,,,
participant_13,2,day,Town10HD_Opt,2026-03-15 10:17:36.196842,47.45991134643555,-64.22490692138672,0.0019920729100704,50.249,1.036,0.585,0.0,0,0,1,,1.0,2026-03-15T10:17:36.196842,neutral,1.0,2026-03-15T10:17:36.196842,0.6275362893053215,2026-03-15T10:17:36.917000,94,,,
participant_13,2,day,Town10HD_Opt,2026-03-15 10:17:37.193102,41.64223098754883,-64.26464080810547,0.0021060181315988,49.087,-0.733,0.571,0.0,0,0,1,,1.0,2026-03-15T10:17:37.193102,neutral,1.0,2026-03-15T10:17:36.196842,0.5282241443527789,2026-03-15T10:17:37.953000,93,,,
participant_13,2,day,Town10HD_Opt,2026-03-15 10:17:38.213497,35.91079330444336,-64.26063537597656,0.0020682143513113,48.859,0.858,0.416,0.0,0,0,1,,1.0,2026-03-15T10:17:38.213497,neutral,0.999,2026-03-15T10:17:38.213497,0.5990475304189912,2026-03-15T10:17:38.942000,92,,,
participant_13,2,day,Town10HD_Opt,2026-03-15 10:17:39.239731,30.28704261779785,-64.29861450195312,0.0021075056865811,47.498,-0.341,0.39,0.0,0,0,1,,1.0,2026-03-15T10:17:39.239731,neutral,0.999,2026-03-15T10:17:38.213497,0.608089224215296,2026-03-15T10:17:39.933000,94,,,
participant_13,2,day,Town10HD_Opt,2026-03-15 10:17:40.285072,24.84038734436035,-64.35065460205078,0.0021187209058552,45.783,-0.181,0.385,0.0,0,0,1,,1.0,2026-03-15T10:17:40.285072,neutral,1.0,2026-03-15T10:17:40.285072,0.7011647245052373,2026-03-15T10:17:40.922000,90,,,
participant_13,2,day,Town10HD_Opt,2026-03-15 10:17:41.306290,19.5744571685791,-64.37261962890625,0.0021151732653379,44.416,-0.085,0.383,0.0,0,0,1,,1.0,2026-03-15T10:17:41.306290,neutral,1.0,2026-03-15T10:17:40.285072,0.5471319612957699,2026-03-15T10:17:41.959000,91,,,
participant_13,2,day,Town10HD_Opt,2026-03-15 10:17:42.310869,14.47490406036377,-64.39280700683594,0.0021091080270707,43.055,0.2,0.381,0.0,0,0,1,,1.0,2026-03-15T10:17:42.310869,neutral,0.981,2026-03-15T10:17:42.310869,0.6568658092071689,2026-03-15T10:17:43.038000,92,,,
participant_13,2,day,Town10HD_Opt,2026-03-15 10:17:43.348935,9.531293869018556,-64.43547058105469,0.0021133041009306,41.647,-0.136,0.316,0.0,0,0,1,,1.0,2026-03-15T10:17:43.348935,neutral,0.981,2026-03-15T10:17:42.310869,0.6319882736982828,2026-03-15T10:17:43.937000,94,,,
participant_13,2,day,Town10HD_Opt,2026-03-15 10:17:44.321813,4.806088924407959,-64.46198272705078,0.0021640777122229,38.917,-0.383,0.202,0.0,0,0,1,,1.0,2026-03-15T10:17:44.321813,neutral,0.995,2026-03-15T10:17:44.321813,0.6752494965509183,2026-03-15T10:17:44.928000,91,,,
participant_13,2,day,Town10HD_Opt,2026-03-15 10:17:45.304962,0.4658091366291046,-64.46160888671875,0.0022591399028897,34.866,0.103,0.0,0.0,0,0,1,,1.0,2026-03-15T10:17:45.304962,neutral,0.995,2026-03-15T10:17:44.321813,0.6976462206914995,2026-03-15T10:17:45.962000,92,,,
participant_13,2,day,Town10HD_Opt,2026-03-15 10:17:46.294131,-3.2734181880950928,-64.46707153320312,0.0023019791115075,29.422,0.103,0.0,0.0,0,0,1,,1.0,2026-03-15T10:17:46.294131,neutral,0.995,2026-03-15T10:17:44.321813,0.6415705141584018,2026-03-15T10:17:46.952000,91,,,
participant_13,2,day,Town10HD_Opt,2026-03-15 10:17:47.271452,-6.411173343658447,-64.47785949707031,0.0022787856869399,24.573,0.176,0.0,0.0,0,0,1,,1.0,2026-03-15T10:17:47.271452,neutral,1.0,2026-03-15T10:17:47.271452,0.6091059975641188,2026-03-15T10:17:47.942000,96,,,
participant_13,2,day,Town10HD_Opt,2026-03-15 10:17:48.280360,-9.018375396728516,-64.49337005615234,0.0022516632452607,20.305,0.172,0.003,0.0,0,0,1,,1.0,2026-03-15T10:17:48.280360,neutral,1.0,2026-03-15T10:17:47.271452,0.7270457102382484,2026-03-15T10:17:48.932000,90,,,
participant_13,2,day,Town10HD_Opt,2026-03-15 10:17:49.281227,-11.187313079833984,-64.51789093017578,0.0019281386630609,17.415,0.618,0.125,0.0,0,0,1,,1.0,2026-03-15T10:17:49.281227,neutral,0.992,2026-03-15T10:17:49.281227,0.6795510559553628,2026-03-15T10:17:49.922000,94,,,
participant_13,2,day,Town10HD_Opt,2026-03-15 10:17:50.347796,-13.099899291992188,-64.5475082397461,0.0020332718268036,14.88,0.075,0.0,0.0,0,0,1,,1.0,2026-03-15T10:17:50.347796,neutral,0.992,2026-03-15T10:17:49.281227,0.5732155944487054,2026-03-15T10:17:50.958000,93,,,
participant_13,2,day,Town10HD_Opt,2026-03-15 10:17:51.403734,-14.711453437805176,-64.57213592529297,0.002036933787167,12.654,0.075,0.0,0.0,0,0,1,,1.0,2026-03-15T10:17:51.403734,neutral,0.993,2026-03-15T10:17:51.403734,0.7128477544415711,2026-03-15T10:17:51.947000,94,,,
participant_13,2,day,Town10HD_Opt,2026-03-15 10:17:52.444765,-16.063003540039062,-64.5936279296875,0.0020187757909297,10.617,0.075,0.0,0.0,0,0,1,,1.0,2026-03-15T10:17:52.444765,neutral,0.993,2026-03-15T10:17:51.403734,0.6155220337735106,2026-03-15T10:17:52.937000,93,,,
participant_13,2,day,Town10HD_Opt,2026-03-15 10:17:53.440067,-17.196475982666016,-64.6123046875,0.0020029449369758,8.902,0.087,0.0,0.0,0,0,1,,0.863,2026-03-15T10:17:53.440067,neutral,0.995,2026-03-15T10:17:53.440067,0.6691065872349998,2026-03-15T10:17:53.927000,94,,,
participant_13,2,day,Town10HD_Opt,2026-03-15 10:17:54.412172,-18.14687156677246,-64.62849426269531,0.0019894789438694,7.464,0.087,0.0,0.0,0,0,1,,1.0,2026-03-15T10:17:54.412172,neutral,0.995,2026-03-15T10:17:53.440067,0.7172457765695348,2026-03-15T10:17:54.962000,95,,,
participant_13,2,day,Town10HD_Opt,2026-03-15 10:17:55.425102,-18.94373893737793,-64.64241790771484,0.0019782257732003,6.167,0.087,0.0,0.0,0,0,1,,1.0,2026-03-15T10:17:55.425102,neutral,0.995,2026-03-15T10:17:53.440067,0.6259542361156817,2026-03-15T10:17:56.046000,95,,,
participant_13,2,day,Town10HD_Opt,2026-03-15 10:17:56.403523,-19.611860275268555,-64.6544189453125,0.0019686890300363,5.171,0.134,0.0,0.0,0,0,1,,1.0,2026-03-15T10:17:56.403523,neutral,1.0,2026-03-15T10:17:56.403523,0.6381968660941952,2026-03-15T10:17:56.942000,92,,,
participant_13,2,day,Town10HD_Opt,2026-03-15 10:17:57.419909,-20.17202377319336,-64.66487121582031,0.0019606780260801,4.4,0.134,0.0,0.0,0,0,1,,1.0,2026-03-15T10:17:57.419909,neutral,1.0,2026-03-15T10:17:56.403523,0.6619598655828055,2026-03-15T10:17:58.022000,94,,,
participant_13,2,day,Town10HD_Opt,2026-03-15 10:17:58.395846,-20.64166641235352,-64.67403411865234,0.0019539259374141,3.689,0.352,0.0,0.0,0,0,1,,1.0,2026-03-15T10:17:58.395846,neutral,1.0,2026-03-15T10:17:56.403523,0.592177580138152,2026-03-15T10:17:58.922000,93,,,
participant_13,2,day,Town10HD_Opt,2026-03-15 10:17:59.355756,-21.035404205322266,-64.68277740478516,0.0019482421921566,3.093,0.508,0.0,0.0,0,0,1,,1.0,2026-03-15T10:17:59.355756,neutral,1.0,2026-03-15T10:17:59.355756,0.7056003388802686,2026-03-15T10:17:59.958000,93,,,
participant_13,2,day,Town10HD_Opt,2026-03-15 10:18:00.323399,-21.36550521850586,-64.69102478027344,0.0019435882568359,2.593,0.644,0.0,0.0,0,0,1,,0.907,2026-03-15T10:18:00.323399,neutral,1.0,2026-03-15T10:17:59.355756,0.6395289409243502,2026-03-15T10:18:00.947000,94,,,
participant_13,2,day,Town10HD_Opt,2026-03-15 10:18:01.312883,-21.64224624633789,-64.69824981689453,0.001939506502822,2.174,0.644,0.0,0.0,0,0,1,,1.0,2026-03-15T10:18:01.312883,neutral,1.0,2026-03-15T10:17:59.355756,0.7558203147392781,2026-03-15T10:18:01.937000,92,,,
participant_13,2,day,Town10HD_Opt,2026-03-15 10:18:02.401820,-21.87428092956543,-64.70440673828125,0.0019363402388989,1.823,0.47,0.0,0.0,0,0,1,,1.0,2026-03-15T10:18:02.401820,neutral,0.998,2026-03-15T10:18:02.401820,0.6546123256589889,,94,,,
participant_13,2,day,Town10HD_Opt,2026-03-15 10:18:03.374122,-22.06882095336914,-64.70952606201172,0.0019332885276526,1.528,0.47,0.0,0.0,0,0,1,,0.854,2026-03-15T10:18:03.374122,neutral,0.998,2026-03-15T10:18:02.401820,0.6651187324699823,2026-03-15T10:18:03.963000,92,,,
participant_13,2,day,Town10HD_Opt,2026-03-15 10:18:04.360786,-22.23192405700684,-64.71389770507812,0.0019311904907226,1.263,0.472,0.0,0.0,0,0,1,,0.827,2026-03-15T10:18:04.360786,neutral,0.998,2026-03-15T10:18:02.401820,0.5863681293270427,2026-03-15T10:18:04.952000,94,,,
participant_13,2,day,Town10HD_Opt,2026-03-15 10:18:05.325473,-22.368677139282227,-64.71769714355469,0.0019292067736387,1.059,0.529,0.0,0.0,0,0,1,,0.834,2026-03-15T10:18:05.325473,neutral,1.0,2026-03-15T10:18:05.325473,0.631877140905276,2026-03-15T10:18:05.942000,93,,,
participant_13,2,day,Town10HD_Opt,2026-03-15 10:18:06.349634,-22.483402252197266,-64.72090911865234,0.0019274520454928,0.901,0.529,0.0,0.0,0,0,1,,1.0,2026-03-15T10:18:06.349634,neutral,1.0,2026-03-15T10:18:05.325473,0.6377813489889421,2026-03-15T10:18:06.933000,93,,,
participant_13,2,day,Town10HD_Opt,2026-03-15 10:18:07.375990,-22.57962417602539,-64.72364807128906,0.0019260406261309,0.745,0.529,0.0,0.0,0,0,1,,1.0,2026-03-15T10:18:07.375990,neutral,0.999,2026-03-15T10:18:07.375990,0.6339621255751036,2026-03-15T10:18:07.923000,94,,,
participant_13,2,day,Town10HD_Opt,2026-03-15 10:18:08.392602,-22.659467697143555,-64.72589874267578,0.0019311141222715,0.399,0.564,0.905,0.0,0,0,1,,1.0,2026-03-15T10:18:08.392602,neutral,0.999,2026-03-15T10:18:07.375990,0.5499958002077451,2026-03-15T10:18:08.957000,95,,,
participant_13,2,day,Town10HD_Opt,2026-03-15 10:18:09.404757,-23.04912757873535,-64.74102020263672,0.0015958022559061,7.757,1.758,0.796,0.0,0,0,1,,0.913,2026-03-15T10:18:09.404757,neutral,0.999,2026-03-15T10:18:09.404757,0.6133069449612388,2026-03-15T10:18:09.993000,94,,,
participant_13,2,day,Town10HD_Opt,2026-03-15 10:18:10.391699,-24.438600540161133,-64.80547332763672,0.0014337539905682,16.937,1.495,1.0,0.0,0,0,1,,0.948,2026-03-15T10:18:10.391699,neutral,0.999,2026-03-15T10:18:09.404757,0.5823803530930939,2026-03-15T10:18:10.982000,93,,,
participant_13,2,day,Town10HD_Opt,2026-03-15 10:18:11.406742,-26.90789794921875,-64.94483947753906,0.001642188988626,25.469,1.253,0.971,0.0,0,0,1,,1.0,2026-03-15T10:18:11.406742,neutral,0.987,2026-03-15T10:18:11.406742,0.5930970435436395,2026-03-15T10:18:11.928000,97,,,
participant_13,2,day,Town10HD_Opt,2026-03-15 10:18:12.363298,-30.50470352172852,-65.203369140625,0.0015641783829778,35.601,-0.033,0.779,0.0,0,0,1,,1.0,2026-03-15T10:18:12.363298,neutral,0.987,2026-03-15T10:18:11.406742,0.6286246574413185,2026-03-15T10:18:13.008000,99,,,
participant_13,2,day,Town10HD_Opt,2026-03-15 10:18:13.391622,-35.03041458129883,-65.53217315673828,0.0017552947392687,41.423,-0.533,0.647,0.0,0,0,1,,1.0,2026-03-15T10:18:13.391622,neutral,0.987,2026-03-15T10:18:11.406742,0.5739872031851916,2026-03-15T10:18:13.953000,97,,,
participant_13,2,day,Town10HD_Opt,2026-03-15 10:18:14.418573,-40.063026428222656,-65.83963012695312,0.0018716048216447,44.766,-0.733,0.634,0.0,0,0,1,,0.903,2026-03-15T10:18:14.418573,neutral,1.0,2026-03-15T10:18:14.418573,0.6628725435089339,2026-03-15T10:18:14.943000,99,,,
participant_13,2,day,Town10HD_Opt,2026-03-15 10:18:15.416810,-45.44459533691406,-66.08895874023438,0.0019106674008071,47.428,-0.197,0.61,0.0,0,0,1,,1.0,2026-03-15T10:18:15.416810,neutral,1.0,2026-03-15T10:18:14.418573,0.6144248253001561,2026-03-15T10:18:15.932000,100,,,
participant_13,2,day,Town10HD_Opt,2026-03-15 10:18:16.371620,-51.10567855834961,-66.33000946044922,0.0019346236949786,49.6,0.444,0.597,0.0,0,0,1,,1.0,2026-03-15T10:18:16.371620,neutral,1.0,2026-03-15T10:18:14.418573,0.5906774538959964,2026-03-15T10:18:16.923000,100,,,
participant_13,2,day,Town10HD_Opt,2026-03-15 10:18:17.333520,-56.94940185546875,-66.63143157958984,0.0020801161881536,49.463,0.451,0.591,0.0,0,0,1,,1.0,2026-03-15T10:18:17.333520,neutral,0.958,2026-03-15T10:18:17.333520,0.5838158972807777,2026-03-15T10:18:17.957000,99,,,
participant_13,2,day,Town10HD_Opt,2026-03-15 10:18:18.372638,-62.7072868347168,-66.9556655883789,0.002008514245972,49.952,-1.751,0.574,0.0,0,0,1,,1.0,2026-03-15T10:18:18.372638,neutral,0.958,2026-03-15T10:18:17.333520,0.5731662023298377,2026-03-15T10:18:18.948000,102,,,
participant_13,2,day,Town10HD_Opt,2026-03-15 10:18:19.353483,-68.5616683959961,-67.07015991210938,0.0021121597383171,49.007,-2.748,0.482,0.0,0,0,1,,0.94,2026-03-15T10:18:19.353483,neutral,0.99,2026-03-15T10:18:19.353483,0.6302489488582113,2026-03-15T10:18:19.938000,101,,,
participant_13,2,day,Town10HD_Opt,2026-03-15 10:18:20.407564,-74.20990753173828,-66.77516174316406,0.0020887374412268,48.137,-3.316,0.47,0.0,0,0,1,,0.945,2026-03-15T10:18:20.407564,neutral,0.99,2026-03-15T10:18:19.353483,0.4993058068852156,2026-03-15T10:18:20.927000,101,,,
participant_13,2,day,Town10HD_Opt,2026-03-15 10:18:21.033206,-76.9891128540039,-66.4389419555664,0.0020753860007971,47.826,-6.004,0.47,0.0,0,0,1,,0.856,2026-03-15T10:18:21.033206,neutral,0.99,2026-03-15T10:18:19.353483,0.5993221670415658,2026-03-15T10:18:20.927000,99,,,
participant_13,2,day,Town10HD_Opt,2026-03-15 10:18:22.035496,-82.38157653808594,-65.155029296875,0.002073593204841,47.305,-6.981,0.47,0.0,0,0,1,,0.843,2026-03-15T10:18:22.035496,neutral,0.999,2026-03-15T10:18:22.035496,0.5301553439611026,2026-03-15T10:18:21.964000,101,,,
participant_13,2,day,Town10HD_Opt,2026-03-15 10:18:23.059185,-87.44108581542969,-63.02372741699219,0.0020655058324337,46.926,-4.898,0.47,0.0,0,0,1,,1.0,2026-03-15T10:18:23.059185,neutral,0.999,2026-03-15T10:18:22.035496,0.5581788445818772,2026-03-15T10:18:23.943000,98,,,
participant_13,2,day,Town10HD_Opt,2026-03-15 10:18:24.089273,-92.12970733642578,-60.24829864501953,0.0020660017617046,46.548,-6.495,0.47,0.0,0,0,1,,0.819,2026-03-15T10:18:24.089273,neutral,0.999,2026-03-15T10:18:24.089273,0.5742019566431763,2026-03-15T10:18:24.932000,99,,,
participant_13,2,day,Town10HD_Opt,2026-03-15 10:18:25.176745,-96.33507537841795,-56.84877395629883,0.00206058495678,46.261,-4.473,0.47,0.0,0,0,1,,0.9,2026-03-15T10:18:25.176745,neutral,0.999,2026-03-15T10:18:24.089273,0.5386864555629592,2026-03-15T10:18:25.923000,97,,,
participant_13,2,day,Town10HD_Opt,2026-03-15 10:18:26.240706,-100.09046936035156,-52.99378967285156,0.0020556640811264,46.054,-3.754,0.47,0.0,0,0,1,,0.805,2026-03-15T10:18:26.240706,neutral,0.999,2026-03-15T10:18:26.240706,0.5871558766693332,2026-03-15T10:18:26.957000,98,,,
participant_13,2,day,Town10HD_Opt,2026-03-15 10:18:27.244589,-103.43576049804688,-48.80653762817383,0.0020536803640425,45.87,-3.702,0.469,0.0,0,0,1,,0.851,2026-03-15T10:18:27.244589,neutral,0.999,2026-03-15T10:18:26.240706,0.664130997057502,2026-03-15T10:18:27.947000,97,,,
participant_13,2,day,Town10HD_Opt,2026-03-15 10:18:28.248990,-106.35614013671876,-44.3370246887207,0.0020527648739516,45.701,-3.95,0.47,0.0,0,0,1,,0.838,2026-03-15T10:18:28.248990,neutral,0.999,2026-03-15T10:18:28.248990,0.5993263515430115,2026-03-15T10:18:28.938000,98,,,
participant_13,2,day,Town10HD_Opt,2026-03-15 10:18:29.280619,-108.81591796875,-39.61952209472656,0.0020513916388154,45.556,-3.462,0.47,0.0,0,0,1,,1.0,2026-03-15T10:18:29.280619,neutral,0.999,2026-03-15T10:18:28.248990,0.5689382664689554,2026-03-15T10:18:29.928000,98,,,
participant_13,2,day,Town10HD_Opt,2026-03-15 10:18:30.321032,-110.82118225097656,-34.70852279663086,0.0020518111996352,45.412,-4.704,0.47,0.0,0,0,1,,1.0,2026-03-15T10:18:30.321032,neutral,0.999,2026-03-15T10:18:30.321032,0.5335465497306815,2026-03-15T10:18:30.963000,95,,,
participant_13,2,day,Town10HD_Opt,2026-03-15 10:18:31.368117,-112.26754760742188,-29.62618064880371,0.0020525360014289,45.254,-4.039,0.467,0.0,0,0,1,,0.826,2026-03-15T10:18:31.368117,neutral,0.999,2026-03-15T10:18:30.321032,0.5495384975107022,2026-03-15T10:18:32.043000,99,,,
participant_13,2,day,Town10HD_Opt,2026-03-15 10:18:32.383708,-113.20648193359376,-24.45506477355957,0.0020959854591637,44.351,-2.271,0.0,0.0,0,0,1,,0.9,2026-03-15T10:18:32.383708,neutral,0.996,2026-03-15T10:18:32.383708,0.5353838642891504,2026-03-15T10:18:33.033000,96,,,
participant_13,2,day,Town10HD_Opt,2026-03-15 10:18:33.456478,-113.74142456054688,-19.67448616027832,0.0023418045602738,37.947,-4.926,0.0,0.125,0,0,1,,0.836,2026-03-15T10:18:33.456478,neutral,0.996,2026-03-15T10:18:32.383708,0.6079087908074864,2026-03-15T10:18:33.933000,98,,,
participant_13,2,day,Town10HD_Opt,2026-03-15 10:18:34.026730,-113.8289031982422,-17.56534194946289,0.0023583220317959,34.202,-2.699,0.0,0.0,0,0,1,,1.0,2026-03-15T10:18:34.026730,neutral,0.996,2026-03-15T10:18:32.383708,0.6366278416905901,2026-03-15T10:18:34.923000,97,,,
participant_13,2,day,Town10HD_Opt,2026-03-15 10:18:35.043441,-113.84146118164062,-13.615889549255373,0.0019203948322683,35.993,-1.401,1.0,0.0,0,0,1,,1.0,2026-03-15T10:18:35.043441,neutral,0.998,2026-03-15T10:18:35.043441,0.6117555605490251,2026-03-15T10:18:34.923000,98,,,
participant_13,2,day,Town10HD_Opt,2026-03-15 10:18:36.072951,-113.7242660522461,-8.854402542114258,0.001598548842594,46.27,-0.768,0.876,0.0,0,0,1,,1.0,2026-03-15T10:18:36.072951,neutral,0.998,2026-03-15T10:18:35.043441,0.6321127929281704,2026-03-15T10:18:36.948000,95,,,
participant_13,2,day,Town10HD_Opt,2026-03-15 10:18:37.138674,-113.47197723388672,-3.11383318901062,0.0017995070666074,51.003,-0.169,0.0,0.1,0,0,1,,1.0,2026-03-15T10:18:37.138674,neutral,0.998,2026-03-15T10:18:37.138674,0.6787942865579035,2026-03-15T10:18:37.938000,94,,,
participant_13,2,day,Town10HD_Opt,2026-03-15 10:18:38.208075,-113.13699340820312,2.597896337509156,0.0020996856037527,48.31,-4.105,0.49,0.0,0,0,1,,1.0,2026-03-15T10:18:38.208075,neutral,0.998,2026-03-15T10:18:37.138674,0.69705492030407,2026-03-15T10:18:38.927000,97,,,
participant_13,2,day,Town10HD_Opt,2026-03-15 10:18:39.257027,-112.20411682128906,8.08002758026123,0.0021383285056799,46.373,-9.351,0.157,0.0,0,0,1,,0.844,2026-03-15T10:18:39.257027,neutral,0.985,2026-03-15T10:18:39.257027,0.6997264195944491,2026-03-15T10:18:39.963000,95,,,
participant_13,2,day,Town10HD_Opt,2026-03-15 10:18:40.296743,-110.31640625,12.88004207611084,0.0022858045995235,41.718,-6.841,0.138,0.0,0,0,1,,0.861,2026-03-15T10:18:40.296743,neutral,0.985,2026-03-15T10:18:39.257027,0.6895639741226308,2026-03-15T10:18:40.953000,96,,,
participant_13,2,day,Town10HD_Opt,2026-03-15 10:18:41.306675,-107.87932586669922,16.702878952026367,0.0023330687545239,36.128,-10.836,0.0,0.0,0,0,1,,0.808,2026-03-15T10:18:41.306675,neutral,0.999,2026-03-15T10:18:41.306675,0.6778991897116429,2026-03-15T10:18:41.943000,95,,,
participant_13,2,day,Town10HD_Opt,2026-03-15 10:18:42.326329,-105.19808959960938,19.485897064208984,0.0023289108648896,30.419,-6.18,0.0,0.015,0,0,1,,1.0,2026-03-15T10:18:42.326329,neutral,0.999,2026-03-15T10:18:41.306675,0.7541344728861789,2026-03-15T10:18:42.934000,98,Solid line crossing,Solid line crossing,
participant_13,2,day,Town10HD_Opt,2026-03-15 10:18:43.342034,-102.66860961914062,21.507333755493164,0.0023051451425999,25.283,-11.805,0.0,0.0,0,0,1,,1.0,2026-03-15T10:18:43.342034,neutral,0.991,2026-03-15T10:18:43.342034,0.6895725327883668,2026-03-15T10:18:43.924000,95,Solid line crossing,Solid line crossing,
participant_13,2,day,Town10HD_Opt,2026-03-15 10:18:44.409325,-100.2573013305664,22.83861923217773,0.002089500427246,23.847,-7.653,0.885,0.0,0,0,1,,1.0,2026-03-15T10:18:44.409325,neutral,0.991,2026-03-15T10:18:43.342034,0.7440437223733382,2026-03-15T10:18:44.958000,97,,,
participant_13,2,day,Town10HD_Opt,2026-03-15 10:18:45.433959,-97.27640533447266,24.094316482543945,0.0016747665358707,31.932,-7.449,0.858,0.0,0,0,1,,1.0,2026-03-15T10:18:45.433959,neutral,1.0,2026-03-15T10:18:45.433959,0.6837106541120366,2026-03-15T10:18:45.948000,97,,,
participant_13,2,day,Town10HD_Opt,2026-03-15 10:18:46.482762,-93.2076187133789,25.08089256286621,0.0016783904284238,40.297,-4.593,0.854,0.0,0,0,1,,1.0,2026-03-15T10:18:46.482762,neutral,1.0,2026-03-15T10:18:45.433959,0.6946530371429479,2026-03-15T10:18:46.939000,97,,,
participant_13,2,day,Town10HD_Opt,2026-03-15 10:18:47.125209,-90.80420684814452,25.40455436706543,0.0016862868797034,43.264,0.367,0.779,0.0,0,0,1,,0.897,2026-03-15T10:18:47.125209,neutral,1.0,2026-03-15T10:18:45.433959,0.7014842240354071,2026-03-15T10:18:47.927000,94,,,
participant_13,2,day,Town10HD_Opt,2026-03-15 10:18:48.109512,-85.63968658447266,26.05544090270996,0.0020987319294363,43.228,-2.993,0.0,0.0,0,0,1,,1.0,2026-03-15T10:18:48.109512,neutral,0.998,2026-03-15T10:18:48.109512,0.6709970167804598,2026-03-15T10:18:48.963000,93,,,
participant_13,2,day,Town10HD_Opt,2026-03-15 10:18:49.269263,-81.01311492919922,26.406925201416016,0.0023512649349868,36.446,-2.52,0.0,0.111,0,0,1,,1.0,2026-03-15T10:18:49.269263,neutral,0.998,2026-03-15T10:18:48.109512,0.6463099119872634,2026-03-15T10:18:49.953000,96,,,
participant_13,2,day,Town10HD_Opt,2026-03-15 10:18:50.304107,-77.14190673828125,26.51811790466309,0.0023487091530114,29.636,-0.157,0.0,0.154,0,0,1,,1.0,2026-03-15T10:18:50.304107,neutral,0.999,2026-03-15T10:18:50.304107,0.5854613021299836,2026-03-15T10:18:50.989000,96,,,
participant_13,2,day,Town10HD_Opt,2026-03-15 10:18:51.323201,-73.9605712890625,26.592967987060547,0.002309989882633,24.639,0.242,0.0,0.108,0,0,1,,1.0,2026-03-15T10:18:51.323201,neutral,0.999,2026-03-15T10:18:50.304107,0.6697417866886594,2026-03-15T10:18:51.933000,98,,,
participant_13,2,day,Town10HD_Opt,2026-03-15 10:18:52.337889,-71.37596130371094,26.66526222229004,0.0022845459170639,19.741,0.498,0.0,0.232,0,0,1,,0.833,2026-03-15T10:18:52.337889,neutral,0.998,2026-03-15T10:18:52.337889,0.6902588809533008,2026-03-15T10:18:52.923000,97,,,
participant_13,2,day,Town10HD_Opt,2026-03-15 10:18:53.345051,-69.32832336425781,26.73642921447754,0.002041091909632,15.623,0.557,0.0,0.22,0,0,1,,0.812,2026-03-15T10:18:53.345051,neutral,0.998,2026-03-15T10:18:52.337889,0.7169531584472946,2026-03-15T10:18:53.958000,97,,,
participant_13,2,day,Town10HD_Opt,2026-03-15 10:18:54.376254,-67.73047637939453,26.802330017089844,0.0020965575240552,11.605,0.663,0.0,0.303,0,0,1,,0.862,2026-03-15T10:18:54.376254,neutral,0.998,2026-03-15T10:18:54.376254,0.7657611308908698,2026-03-15T10:18:54.948000,96,,,
participant_13,2,day,Town10HD_Opt,2026-03-15 10:18:55.413812,-66.54470825195312,26.85819435119629,0.002086334163323,8.496,0.757,0.0,0.409,0,0,1,,0.902,2026-03-15T10:18:55.413812,neutral,0.998,2026-03-15T10:18:54.376254,0.7205655008924678,2026-03-15T10:18:55.938000,93,,,
participant_13,2,day,Town10HD_Opt,2026-03-15 10:18:56.406583,-65.87159729003906,26.892953872680664,0.0024559784214943,0.0,0.837,0.0,0.492,0,0,1,,0.949,2026-03-15T10:18:56.406583,neutral,0.999,2026-03-15T10:18:56.406583,0.7092359097668893,2026-03-15T10:18:56.928000,92,,,
participant_13,2,day,Town10HD_Opt,2026-03-15 10:18:57.382715,-65.87104034423828,26.892990112304688,0.0019960021600127,0.0,1.072,0.0,0.481,0,0,1,,0.915,2026-03-15T10:18:57.382715,neutral,0.999,2026-03-15T10:18:56.406583,0.7027891115061784,2026-03-15T10:18:57.963000,93,,,
participant_13,2,day,Town10HD_Opt,2026-03-15 10:18:58.420661,-65.87095642089844,26.892995834350582,0.0019275282975286,0.0,1.152,0.0,0.038,0,0,1,,0.897,2026-03-15T10:18:58.420661,neutral,0.998,2026-03-15T10:18:58.420661,0.7258232880225903,2026-03-15T10:18:58.953000,93,,,
participant_13,2,day,Town10HD_Opt,2026-03-15 10:18:58.999985,-65.8709487915039,26.892995834350582,0.0019216537475585,0.0,1.152,0.0,0.0,0,0,1,,1.0,2026-03-15T10:18:58.999985,neutral,0.998,2026-03-15T10:18:58.420661,0.7420109583230361,2026-03-15T10:18:58.953000,94,,,
participant_13,2,day,Town10HD_Opt,2026-03-15 10:18:59.996917,-65.8709487915039,26.892995834350582,0.0019193649059161,0.0,1.152,0.0,0.0,0,0,1,,1.0,2026-03-15T10:18:59.996917,neutral,0.998,2026-03-15T10:18:58.420661,0.7926943785940396,2026-03-15T10:18:59.950000,93,,,
participant_13,2,day,Town10HD_Opt,2026-03-15 10:19:01.034785,-65.8709487915039,26.892995834350582,0.0019193649059161,0.0,1.159,0.0,0.0,0,0,1,,0.802,2026-03-15T10:19:01.034785,neutral,0.999,2026-03-15T10:19:01.034785,0.7275927278495691,2026-03-15T10:19:00.933000,94,,,
participant_13,2,day,Town10HD_Opt,2026-03-15 10:19:02.042963,-65.8709487915039,26.892995834350582,0.0019193649059161,0.0,1.159,0.0,0.0,0,0,1,,1.0,2026-03-15T10:19:02.042963,neutral,0.999,2026-03-15T10:19:01.034785,0.6985226809323171,2026-03-15T10:19:02.018000,93,,,
participant_13,2,day,Town10HD_Opt,2026-03-15 10:19:03.058886,-65.8709487915039,26.892995834350582,0.0019193649059161,0.0,1.159,0.0,0.0,0,0,1,,0.861,2026-03-15T10:19:03.058886,neutral,0.987,2026-03-15T10:19:03.058886,0.7192771254988337,2026-03-15T10:19:03.949000,93,,,
participant_13,2,day,Town10HD_Opt,2026-03-15 10:19:04.151783,-65.8709487915039,26.892995834350582,0.0019193649059161,0.0,1.159,0.0,0.0,0,0,1,,1.0,2026-03-15T10:19:04.151783,neutral,0.987,2026-03-15T10:19:03.058886,0.6986928195035463,2026-03-15T10:19:04.939000,93,,,
participant_13,2,day,Town10HD_Opt,2026-03-15 10:19:05.139702,-65.8709487915039,26.892995834350582,0.0019193649059161,0.0,1.159,0.0,0.0,0,0,1,,1.0,2026-03-15T10:19:05.139702,neutral,0.995,2026-03-15T10:19:05.139702,0.8512445787682736,2026-03-15T10:19:05.973000,94,Solid line crossing,Solid line crossing,
participant_13,2,day,Town10HD_Opt,2026-03-15 10:19:06.116400,-65.8709487915039,26.892995834350582,0.0019193649059161,0.0,1.147,0.0,0.0,0,0,1,,0.898,2026-03-15T10:19:06.116400,neutral,0.995,2026-03-15T10:19:05.139702,0.6934296686324969,2026-03-15T10:19:06.963000,92,,,
participant_13,2,day,Town10HD_Opt,2026-03-15 10:19:07.129757,-65.8709487915039,26.892995834350582,0.0019193649059161,0.0,0.813,0.0,0.0,0,0,1,,1.0,2026-03-15T10:19:07.129757,neutral,0.995,2026-03-15T10:19:05.139702,0.7372058038999273,2026-03-15T10:19:07.953000,94,,,
participant_13,2,day,Town10HD_Opt,2026-03-15 10:19:08.147553,-65.8709487915039,26.892995834350582,0.0019193649059161,0.0,0.552,0.0,0.0,0,0,1,,1.0,2026-03-15T10:19:08.147553,sad,0.496,2026-03-15T10:19:08.147553,0.750867101237168,2026-03-15T10:19:08.943000,90,,,
participant_13,2,day,Town10HD_Opt,2026-03-15 10:19:09.126168,-65.8709487915039,26.892995834350582,0.0019193649059161,0.0,0.794,0.0,0.0,0,0,1,,1.0,2026-03-15T10:19:09.126168,sad,0.496,2026-03-15T10:19:08.147553,0.7655624753400043,2026-03-15T10:19:09.933000,92,,,
participant_13,2,day,Town10HD_Opt,2026-03-15 10:19:10.154251,-65.8709487915039,26.892995834350582,0.0019193649059161,0.0,0.797,0.0,0.0,0,0,1,,0.959,2026-03-15T10:19:10.154251,neutral,0.56,2026-03-15T10:19:10.154251,0.7546369210656599,2026-03-15T10:19:10.969000,94,,,
participant_13,2,day,Town10HD_Opt,2026-03-15 10:19:11.153177,-65.8709487915039,26.892995834350582,0.0019193649059161,0.0,0.002,0.0,0.0,0,0,1,,0.916,2026-03-15T10:19:11.153177,neutral,0.56,2026-03-15T10:19:10.154251,0.752246774574908,2026-03-15T10:19:11.958000,92,,,
participant_13,2,day,Town10HD_Opt,2026-03-15 10:19:12.187014,-65.8709487915039,26.892995834350582,0.0019193649059161,0.0,0.258,0.0,0.0,0,0,1,,1.0,2026-03-15T10:19:12.187014,neutral,0.85,2026-03-15T10:19:12.187014,0.7540053244336676,2026-03-15T10:19:12.948000,93,,,
participant_13,2,day,Town10HD_Opt,2026-03-15 10:19:13.271242,-65.8709487915039,26.892995834350582,0.0019193649059161,0.0,-0.642,0.0,0.0,0,0,1,,1.0,2026-03-15T10:19:13.271242,neutral,0.85,2026-03-15T10:19:12.187014,0.7903753206769345,2026-03-15T10:19:13.938000,95,,,
participant_13,2,day,Town10HD_Opt,2026-03-15 10:19:14.314556,-65.8709487915039,26.892995834350582,0.0019193649059161,0.0,-1.549,0.0,0.0,0,0,1,,1.0,2026-03-15T10:19:14.314556,neutral,0.731,2026-03-15T10:19:14.314556,0.7739169518207253,2026-03-15T10:19:14.973000,98,,,
participant_13,2,day,Town10HD_Opt,2026-03-15 10:19:15.328850,-65.8709487915039,26.892995834350582,0.0019193649059161,0.0,-0.364,0.0,0.0,0,0,1,,1.0,2026-03-15T10:19:15.328850,neutral,0.731,2026-03-15T10:19:14.314556,0.7663906670081606,2026-03-15T10:19:15.963000,96,,,
participant_13,2,day,Town10HD_Opt,2026-03-15 10:19:16.376440,-65.8709487915039,26.892995834350582,0.0019193649059161,0.0,0.548,0.0,0.0,0,0,1,,1.0,2026-03-15T10:19:16.376440,neutral,0.91,2026-03-15T10:19:16.376440,0.7357256550632686,2026-03-15T10:19:16.954000,96,,,
participant_13,2,day,Town10HD_Opt,2026-03-15 10:19:17.420703,-65.8709487915039,26.892995834350582,0.0019193649059161,0.0,-0.334,0.0,0.0,0,0,1,,1.0,2026-03-15T10:19:17.420703,neutral,0.91,2026-03-15T10:19:16.376440,0.71431732404258,2026-03-15T10:19:17.943000,96,,,
participant_13,2,day,Town10HD_Opt,2026-03-15 10:19:18.443030,-65.8709487915039,26.892995834350582,0.0019193649059161,0.0,-0.935,0.0,0.0,0,0,1,,1.0,2026-03-15T10:19:18.443030,neutral,0.95,2026-03-15T10:19:18.443030,0.7625255686835751,2026-03-15T10:19:18.933000,95,,,
participant_13,2,day,Town10HD_Opt,2026-03-15 10:19:19.007190,-65.8709487915039,26.892995834350582,0.0019193649059161,0.0,0.122,0.0,0.0,0,0,1,,1.0,2026-03-15T10:19:19.007190,neutral,0.95,2026-03-15T10:19:18.443030,0.7254032561883322,2026-03-15T10:19:18.933000,96,,,
participant_13,2,day,Town10HD_Opt,2026-03-15 10:19:20.053999,-65.8709487915039,26.892995834350582,0.0019193649059161,0.0,0.305,0.0,0.0,0,0,1,,1.0,2026-03-15T10:19:20.053999,neutral,0.95,2026-03-15T10:19:18.443030,0.6936651248331936,2026-03-15T10:19:20.958000,97,,,
participant_13,2,day,Town10HD_Opt,2026-03-15 10:19:21.083763,-65.8709487915039,26.892995834350582,0.0019193649059161,0.0,-0.352,0.0,0.0,0,0,1,,1.0,2026-03-15T10:19:21.083763,neutral,0.869,2026-03-15T10:19:21.083763,0.7306536899667027,2026-03-15T10:19:20.958000,96,,,
participant_13,2,day,Town10HD_Opt,2026-03-15 10:19:22.040330,-65.8709487915039,26.892995834350582,0.0019193649059161,0.0,-0.566,0.0,0.0,0,0,1,,1.0,2026-03-15T10:19:22.040330,neutral,0.869,2026-03-15T10:19:21.083763,0.6940595400167123,2026-03-15T10:19:22.038000,99,,,
participant_13,2,day,Town10HD_Opt,2026-03-15 10:19:23.046361,-65.8709487915039,26.892995834350582,0.0019193649059161,0.0,-0.367,0.0,0.0,0,0,1,,1.0,2026-03-15T10:19:23.046361,neutral,0.869,2026-03-15T10:19:21.083763,0.6007918177759376,2026-03-15T10:19:23.029000,99,,,
participant_13,2,day,Town10HD_Opt,2026-03-15 10:19:24.040449,-65.8709487915039,26.892995834350582,0.0019193649059161,0.0,0.085,0.0,0.0,0,0,1,,1.0,2026-03-15T10:19:24.040449,neutral,0.996,2026-03-15T10:19:24.040449,0.5800653918203171,2026-03-15T10:19:23.978000,99,,,
participant_13,2,day,Town10HD_Opt,2026-03-15 10:19:25.057449,-65.8709487915039,26.892995834350582,0.0019193649059161,0.0,-0.106,0.0,0.0,0,0,1,,0.907,2026-03-15T10:19:25.057449,neutral,0.996,2026-03-15T10:19:24.040449,0.536327009343622,2026-03-15T10:19:25.953000,104,,,
participant_13,2,day,Town10HD_Opt,2026-03-15 10:19:26.034621,-65.8709487915039,26.892995834350582,0.0019193649059161,0.0,1.525,0.0,0.0,0,0,1,,1.0,2026-03-15T10:19:26.034621,neutral,0.996,2026-03-15T10:19:24.040449,0.5171792466716486,2026-03-15T10:19:26.944000,106,,,
participant_13,2,day,Town10HD_Opt,2026-03-15 10:19:27.117996,-65.8709487915039,26.892995834350582,0.0019193649059161,0.0,-0.195,0.0,0.0,0,0,1,,1.0,2026-03-15T10:19:27.117996,neutral,0.982,2026-03-15T10:19:27.117996,0.565667053481872,2026-03-15T10:19:27.932000,106,,,
participant_13,2,day,Town10HD_Opt,2026-03-15 10:19:28.175419,-65.8709487915039,26.892995834350582,0.0019193649059161,0.0,-0.921,0.0,0.0,0,0,1,,0.839,2026-03-15T10:19:28.175419,neutral,0.982,2026-03-15T10:19:27.117996,0.5155294131491264,2026-03-15T10:19:28.969000,107,,,
participant_13,2,day,Town10HD_Opt,2026-03-15 10:19:29.195212,-65.8709487915039,26.892995834350582,0.0019193649059161,0.0,0.078,0.0,0.0,0,0,1,,1.0,2026-03-15T10:19:29.195212,neutral,0.968,2026-03-15T10:19:29.195212,0.4913431130018733,2026-03-15T10:19:29.959000,106,,,
participant_13,2,day,Town10HD_Opt,2026-03-15 10:19:30.180980,-65.8709487915039,26.892995834350582,0.0019193649059161,0.0,0.446,0.0,0.0,0,0,1,,0.817,2026-03-15T10:19:30.180980,neutral,0.968,2026-03-15T10:19:29.195212,0.5035546290157992,2026-03-15T10:19:30.948000,105,,,
participant_13,2,day,Town10HD_Opt,2026-03-15 10:19:31.194924,-65.8709487915039,26.892995834350582,0.0019193649059161,0.0,0.797,0.0,0.0,0,0,1,,1.0,2026-03-15T10:19:31.194924,neutral,0.968,2026-03-15T10:19:29.195212,0.5099011263002337,2026-03-15T10:19:31.939000,106,,,
participant_13,2,day,Town10HD_Opt,2026-03-15 10:19:32.179146,-65.8709487915039,26.892995834350582,0.0019193649059161,0.0,0.797,0.0,0.0,0,0,1,,1.0,2026-03-15T10:19:32.179146,neutral,0.487,2026-03-15T10:19:32.179146,0.4941394107241533,2026-03-15T10:19:32.974000,104,,,
participant_13,2,day,Town10HD_Opt,2026-03-15 10:19:33.208829,-65.8709487915039,26.892995834350582,0.0019193649059161,0.0,0.79,0.0,0.0,0,0,1,,0.9,2026-03-15T10:19:33.208829,neutral,0.487,2026-03-15T10:19:32.179146,0.4536576268913708,2026-03-15T10:19:33.964000,103,,,
participant_13,2,day,Town10HD_Opt,2026-03-15 10:19:34.210752,-65.8709487915039,26.892995834350582,0.0019193649059161,0.0,0.799,0.0,0.0,0,0,1,,1.0,2026-03-15T10:19:34.210752,neutral,0.993,2026-03-15T10:19:34.210752,0.3312340961799382,2026-03-15T10:19:34.953000,106,,,
participant_13,2,day,Town10HD_Opt,2026-03-15 10:19:35.249723,-65.77587890625,26.89798927307129,0.0017018509097397,4.262,0.186,1.0,0.0,0,0,1,,1.0,2026-03-15T10:19:35.249723,neutral,0.993,2026-03-15T10:19:34.210752,0.3737731952133505,2026-03-15T10:19:35.944000,103,,,
participant_13,2,day,Town10HD_Opt,2026-03-15 10:19:36.263385,-64.73762512207031,26.95224952697754,0.0014284515054896,14.604,0.519,0.695,0.0,0,0,1,,1.0,2026-03-15T10:19:36.263385,neutral,0.997,2026-03-15T10:19:36.263385,0.2834337901839796,2026-03-15T10:19:36.934000,103,,,
participant_13,2,day,Town10HD_Opt,2026-03-15 10:19:37.320658,-62.7490463256836,27.06416702270508,0.0019101714715361,19.157,0.531,0.958,0.0,0,0,1,,1.0,2026-03-15T10:19:37.320658,neutral,0.997,2026-03-15T10:19:36.263385,0.2949724682947916,2026-03-15T10:19:37.969000,101,,,
participant_13,2,day,Town10HD_Opt,2026-03-15 10:19:38.362232,-60.1083869934082,27.22058868408203,0.0017155837267637,26.163,0.085,0.956,0.0,0,0,1,,1.0,2026-03-15T10:19:38.362232,neutral,0.995,2026-03-15T10:19:38.362232,0.2562223748290284,2026-03-15T10:19:38.959000,99,,,
participant_13,2,day,Town10HD_Opt,2026-03-15 10:19:39.389102,-56.478363037109375,27.424455642700195,0.001540184020996,37.213,-0.543,0.996,0.0,0,0,1,,1.0,2026-03-15T10:19:39.389102,neutral,0.995,2026-03-15T10:19:38.362232,0.118462501997009,2026-03-15T10:19:39.949000,97,,,
participant_13,2,day,Town10HD_Opt,2026-03-15 10:19:40.446028,-51.66978454589844,27.653682708740234,0.0015952682588249,45.524,-0.254,0.83,0.0,0,0,1,,1.0,2026-03-15T10:19:40.446028,neutral,0.802,2026-03-15T10:19:40.446028,0.2118654444032415,2026-03-15T10:19:40.939000,99,,,
participant_13,2,day,Town10HD_Opt,2026-03-15 10:19:40.995406,-48.90987014770508,27.771217346191406,0.0016683959402143,48.93,-0.475,0.797,0.0,0,0,1,,1.0,2026-03-15T10:19:40.995406,neutral,0.802,2026-03-15T10:19:40.446028,0.2769340431103355,2026-03-15T10:19:40.939000,96,,,
participant_13,2,day,Town10HD_Opt,2026-03-15 10:19:42.023562,-42.99746322631836,27.95745086669922,0.0020637894049286,49.685,-0.331,0.784,0.0,0,0,1,,1.0,2026-03-15T10:19:42.023562,neutral,0.802,2026-03-15T10:19:40.446028,0.2708321390602428,2026-03-15T10:19:41.974000,95,,,
participant_13,2,day,Town10HD_Opt,2026-03-15 10:19:43.027871,-37.2540283203125,28.065160751342773,0.0019410705426707,50.693,-0.181,0.0,0.0,0,0,1,,1.0,2026-03-15T10:19:43.027871,neutral,0.921,2026-03-15T10:19:43.027871,0.2245840996211904,2026-03-15T10:19:42.963000,99,,,
participant_13,2,day,Town10HD_Opt,2026-03-15 10:19:44.066841,-31.41692543029785,28.113922119140625,0.0021481323055922,48.718,-1.398,0.748,0.0,0,0,1,,1.0,2026-03-15T10:19:44.066841,neutral,0.921,2026-03-15T10:19:43.027871,0.1974865313460193,2026-03-15T10:19:44.943000,101,,,
participant_13,2,day,Town10HD_Opt,2026-03-15 10:19:45.115937,-25.574893951416016,27.996410369873047,0.001999435480684,50.418,-0.002,0.707,0.0,0,0,1,,0.882,2026-03-15T10:19:45.115937,neutral,0.905,2026-03-15T10:19:45.115937,0.2102854290833735,2026-03-15T10:19:45.934000,103,,,
participant_13,2,day,Town10HD_Opt,2026-03-15 10:19:46.206104,-19.807580947875977,27.85285377502441,0.0020013428293168,50.335,2.003,0.68,0.0,0,0,1,,1.0,2026-03-15T10:19:46.206104,neutral,0.905,2026-03-15T10:19:45.115937,0.2669715993616802,2026-03-15T10:19:46.968000,101,,,
participant_13,2,day,Town10HD_Opt,2026-03-15 10:19:47.255724,-13.976250648498535,27.89653778076172,0.002154121408239,48.645,-0.566,0.677,0.0,0,0,1,,1.0,2026-03-15T10:19:47.255724,neutral,0.988,2026-03-15T10:19:47.255724,0.2688452483125227,2026-03-15T10:19:47.959000,100,,,
participant_13,2,day,Town10HD_Opt,2026-03-15 10:19:48.290007,-8.194869995117188,27.980499267578125,0.001938171335496,51.134,-0.148,0.0,0.0,0,0,1,,1.0,2026-03-15T10:19:48.290007,neutral,0.988,2026-03-15T10:19:47.255724,0.2949418453881149,2026-03-15T10:19:48.948000,99,,,
participant_13,2,day,Town10HD_Opt,2026-03-15 10:19:49.300670,-2.371765375137329,28.01433563232422,0.0021277999039739,48.859,0.277,0.653,0.0,0,0,1,,0.827,2026-03-15T10:19:49.300670,neutral,0.9,2026-03-15T10:19:49.300670,0.219996939963436,2026-03-15T10:19:49.938000,96,,,
participant_13,2,day,Town10HD_Opt,2026-03-15 10:19:50.378557,3.4199843406677246,28.03196907043457,0.0019921492785215,50.258,-2.913,0.53,0.0,0,0,1,,1.0,2026-03-15T10:19:50.378557,neutral,0.9,2026-03-15T10:19:49.300670,0.3331288951345557,2026-03-15T10:19:50.973000,98,,,
participant_13,2,day,Town10HD_Opt,2026-03-15 10:19:51.413364,9.267964363098145,27.816356658935547,0.0021057510748505,49.385,0.009,0.703,0.0,0,0,1,,1.0,2026-03-15T10:19:51.413364,neutral,0.993,2026-03-15T10:19:51.413364,0.1976967947111443,2026-03-15T10:19:52.009000,94,,,
participant_13,2,day,Town10HD_Opt,2026-03-15 10:19:52.443751,15.135319709777832,27.59591293334961,0.0020107650198042,50.541,0.968,0.0,0.0,0,0,1,,1.0,2026-03-15T10:19:52.443751,neutral,0.993,2026-03-15T10:19:51.413364,0.3194585657892573,2026-03-15T10:19:52.954000,96,,,
participant_13,2,day,Town10HD_Opt,2026-03-15 10:19:52.996824,18.001684188842773,27.54009056091309,0.00220314017497,47.973,0.045,0.222,0.0,0,0,1,,1.0,2026-03-15T10:19:52.996824,neutral,0.993,2026-03-15T10:19:51.413364,0.2934743936005508,2026-03-15T10:19:52.954000,96,,,
participant_13,2,day,Town10HD_Opt,2026-03-15 10:19:54.065462,23.33668708801269,27.491106033325195,0.0022470473777502,43.657,4.197,0.223,0.0,0,0,1,,1.0,2026-03-15T10:19:54.065462,neutral,0.919,2026-03-15T10:19:54.065462,0.2143450634588265,2026-03-15T10:19:54.936000,95,,,
participant_13,2,day,Town10HD_Opt,2026-03-15 10:19:55.112062,28.16891098022461,27.884483337402344,0.0022406005300581,39.704,9.298,0.275,0.0,0,0,1,,1.0,2026-03-15T10:19:55.112062,neutral,0.919,2026-03-15T10:19:54.065462,0.2481449158107644,2026-03-15T10:19:55.968000,97,,,
participant_13,2,day,Town10HD_Opt,2026-03-15 10:19:56.143478,32.35755157470703,29.1417179107666,0.0023132322821766,34.929,14.361,0.0,0.26,0,0,1,,1.0,2026-03-15T10:19:56.143478,neutral,1.0,2026-03-15T10:19:56.143478,0.2011518208807954,2026-03-15T10:19:56.959000,95,,,
participant_13,2,day,Town10HD_Opt,2026-03-15 10:19:57.152233,35.411651611328125,31.07857131958008,0.0024308776482939,27.411,14.646,0.0,0.631,0,0,1,,0.81,2026-03-15T10:19:57.152233,neutral,1.0,2026-03-15T10:19:56.143478,0.2298457060429444,2026-03-15T10:19:57.949000,94,,,errors=Harsh braking
participant_13,2,day,Town10HD_Opt,2026-03-15 10:19:58.142825,37.25394821166992,32.99721908569336,0.0025600814260542,15.084,14.98,0.0,1.0,0,0,1,,1.0,2026-03-15T10:19:58.142825,neutral,1.0,2026-03-15T10:19:56.143478,0.277841128992115,2026-03-15T10:19:58.939000,94,,,
participant_13,3,day,Town10HD_Opt,2026-03-15 10:30:00.000000,-41.66535186767578,86.27053833007812,0.0019412230467423,19.387,0.233,0.642,0.0,0,0,1,,1.0,2026-03-15T10:30:00,,,2026-03-15T10:30:00,0.6670269315609523,2026-03-15T10:30:00,95,,,
participant_13,3,day,Town10HD_Opt,2026-03-15 10:30:00.384318,-41.65797805786133,85.08771514892578,0.0018870544154196,21.281,1.826,0.63,0.0,0,0,1,,1.0,2026-03-15T10:30:00,,,2026-03-15T10:30:00,0.6443055464943324,2026-03-15T10:30:00,96,,,
participant_13,3,day,Town10HD_Opt,2026-03-15 10:30:01.324275,-41.36641693115234,80.80606079101562,0.0018410872435197,27.993,5.184,0.611,0.0,0,0,1,,1.0,2026-03-15T10:30:01.324275,,,2026-03-15T10:30:00,0.5621617104110004,2026-03-15T10:30:01.035000,94,,,
participant_13,3,day,Town10HD_Opt,2026-03-15 10:30:02.301318,-40.24771499633789,75.60498046875,0.0018962096655741,33.099,17.598,0.561,0.0,0,0,1,,1.0,2026-03-15T10:30:02.301318,neutral,0.927,2026-03-15T10:30:02.301318,0.65588909727917,2026-03-15T10:30:02.114000,93,,,
participant_13,3,day,Town10HD_Opt,2026-03-15 10:30:03.315474,-36.69182968139648,70.90681457519531,0.0020344161894172,35.209,23.724,0.153,0.0,0,0,1,,1.0,2026-03-15T10:30:03.315474,neutral,0.927,2026-03-15T10:30:02.301318,0.6381145436054864,2026-03-15T10:30:03.018000,95,,,
participant_13,3,day,Town10HD_Opt,2026-03-15 10:30:04.284686,-31.47342872619629,69.204833984375,0.0023441696539521,27.652,14.643,0.0,0.0,0,0,1,,1.0,2026-03-15T10:30:04.284686,neutral,0.927,2026-03-15T10:30:02.301318,0.5684772408535465,2026-03-15T10:30:04.045000,94,,,
participant_13,3,day,Town10HD_Opt,2026-03-15 10:30:05.275974,-27.20983123779297,69.48440551757812,0.002263565082103,20.91,-2.998,0.016,0.0,0,0,1,,1.0,2026-03-15T10:30:05.275974,neutral,1.0,2026-03-15T10:30:05.275974,0.5981061810709304,2026-03-15T10:30:04.994000,95,,,
participant_13,3,day,Town10HD_Opt,2026-03-15 10:30:06.311880,-23.904823303222656,69.66526794433594,0.0020949554163962,18.227,-1.201,0.535,0.0,0,0,1,,1.0,2026-03-15T10:30:06.311880,neutral,1.0,2026-03-15T10:30:05.275974,0.5020153260836555,2026-03-15T10:30:05.985000,94,,,
participant_13,3,day,Town10HD_Opt,2026-03-15 10:30:07.328789,-20.395248413085938,69.803466796875,0.0018781280377879,22.938,-0.672,0.563,0.0,0,0,1,,1.0,2026-03-15T10:30:07.328789,sad,1.0,2026-03-15T10:30:07.328789,0.601977731119257,2026-03-15T10:30:07.110000,93,,,
participant_13,3,day,Town10HD_Opt,2026-03-15 10:30:08.317031,-15.99593734741211,69.91316223144531,0.001895370427519,27.626,-1.166,0.525,0.0,0,0,1,,1.0,2026-03-15T10:30:08.317031,sad,1.0,2026-03-15T10:30:07.328789,0.6071316105674471,2026-03-15T10:30:07.965000,96,,,
participant_13,3,day,Town10HD_Opt,2026-03-15 10:30:09.337526,-10.876935005187988,69.9230728149414,0.0019303893204778,31.125,-0.679,0.476,0.0,0,0,1,,1.0,2026-03-15T10:30:09.337526,neutral,0.999,2026-03-15T10:30:09.337526,0.6440205129680662,2026-03-15T10:30:09.134000,94,,,
participant_13,3,day,Town10HD_Opt,2026-03-15 10:30:10.069450,-7.2571234703063965,69.8839340209961,0.0020787429530173,30.254,-0.266,0.224,0.0,0,0,1,,1.0,2026-03-15T10:30:10.069450,neutral,0.999,2026-03-15T10:30:09.337526,0.5979359856665258,2026-03-15T10:30:10.124000,96,,,
participant_13,3,day,Town10HD_Opt,2026-03-15 10:30:11.071322,-2.2257204055786133,69.79931640625,0.0021475600078701,26.99,-0.266,0.211,0.0,0,0,1,,0.83,2026-03-15T10:30:11.071322,neutral,0.999,2026-03-15T10:30:09.337526,0.5909790823639388,2026-03-15T10:30:11.024000,95,,,
participant_13,3,day,Town10HD_Opt,2026-03-15 10:30:12.085005,2.245624542236328,69.69524383544922,0.002142600947991,23.871,-0.16,0.0,0.0,0,0,1,,1.0,2026-03-15T10:30:12.085005,neutral,1.0,2026-03-15T10:30:12.085005,0.6322345666316985,2026-03-15T10:30:11.972000,93,,,
participant_13,3,day,Town10HD_Opt,2026-03-15 10:30:13.318047,7.023569107055664,69.57662963867188,0.0019536209292709,16.974,0.237,0.114,0.0,0,0,1,,1.0,2026-03-15T10:30:13.318047,neutral,1.0,2026-03-15T10:30:12.085005,0.6255938706633022,2026-03-15T10:30:13.230000,93,,,
participant_13,3,day,Town10HD_Opt,2026-03-15 10:30:14.242884,10.104168891906738,69.5138931274414,0.0020735550206154,18.866,0.294,0.289,0.0,0,0,1,,1.0,2026-03-15T10:30:14.242884,neutral,0.983,2026-03-15T10:30:14.242884,0.6323900137640063,2026-03-15T10:30:13.948000,91,,,
participant_13,3,day,Town10HD_Opt,2026-03-15 10:30:15.303983,13.393377304077148,69.475341796875,0.0020882415119558,18.055,1.142,0.195,0.0,0,0,1,,1.0,2026-03-15T10:30:15.303983,neutral,0.983,2026-03-15T10:30:14.242884,0.6632596960361247,2026-03-15T10:30:15.007000,93,,,
participant_13,3,day,Town10HD_Opt,2026-03-15 10:30:16.292107,16.436073303222656,69.4974365234375,0.0020005034748464,15.276,0.693,0.0,0.0,0,0,1,,1.0,2026-03-15T10:30:16.292107,neutral,1.0,2026-03-15T10:30:16.292107,0.6675521726085811,2026-03-15T10:30:15.930000,95,,,
participant_13,3,day,Town10HD_Opt,2026-03-15 10:30:17.306689,18.85161399841309,69.5351333618164,0.0020231246016919,12.08,0.371,0.194,0.0,0,0,1,,1.0,2026-03-15T10:30:17.306689,neutral,1.0,2026-03-15T10:30:16.292107,0.5982651560053439,2026-03-15T10:30:17.504000,94,,,
participant_13,3,day,Town10HD_Opt,2026-03-15 10:30:18.274109,20.88062286376953,69.57501983642578,0.0019981383811682,10.333,0.371,0.0,0.0,0,0,1,,1.0,2026-03-15T10:30:18.274109,neutral,1.0,2026-03-15T10:30:16.292107,0.7474899614808895,2026-03-15T10:30:18.179000,96,,,
participant_13,3,day,Town10HD_Opt,2026-03-15 10:30:19.260863,22.475297927856445,69.61241149902344,0.002014274476096,7.534,0.371,0.0,0.059,0,0,1,,1.0,2026-03-15T10:30:19.260863,neutral,1.0,2026-03-15T10:30:19.260863,0.7145906373458191,2026-03-15T10:30:18.946000,96,,,
participant_13,3,day,Town10HD_Opt,2026-03-15 10:30:20.215405,23.56921768188477,69.64112091064453,0.002073211595416,0.0,0.371,0.0,0.053,0,0,1,,1.0,2026-03-15T10:30:20.215405,neutral,1.0,2026-03-15T10:30:19.260863,0.720097075192761,2026-03-15T10:30:20.114000,95,,,
participant_13,3,day,Town10HD_Opt,2026-03-15 10:30:21.243761,23.58170890808105,69.64147186279297,0.0019443893106654,0.003,0.39,0.449,0.0,0,0,1,,1.0,2026-03-15T10:30:21.243761,neutral,1.0,2026-03-15T10:30:19.260863,0.7953533932266268,2026-03-15T10:30:21.330000,97,,,
participant_13,3,day,Town10HD_Opt,2026-03-15 10:30:22.253246,24.15588760375977,69.65795135498047,0.0015340042300522,9.884,0.435,0.939,0.0,0,0,1,,1.0,2026-03-15T10:30:22.253246,neutral,1.0,2026-03-15T10:30:22.253246,0.7962769221905625,2026-03-15T10:30:22.409000,100,,,
participant_13,3,day,Town10HD_Opt,2026-03-15 10:30:23.264736,26.955411911010746,69.74398803710938,0.0018121337052434,21.674,-1.892,0.83,0.0,0,0,1,,1.0,2026-03-15T10:30:23.264736,neutral,1.0,2026-03-15T10:30:22.253246,0.7899955268111704,2026-03-15T10:30:23.130000,99,,,
participant_13,3,day,Town10HD_Opt,2026-03-15 10:30:24.245459,31.4995231628418,69.52024841308594,0.0017820739885792,30.527,-11.921,0.628,0.0,0,0,1,,1.0,2026-03-15T10:30:24.245459,neutral,1.0,2026-03-15T10:30:22.253246,0.8445830820115461,2026-03-15T10:30:23.985000,100,,,
participant_13,3,day,Town10HD_Opt,2026-03-15 10:30:25.271707,36.88298797607422,67.65276336669922,0.0019435500726103,34.725,-13.083,0.427,0.0,0,0,1,,1.0,2026-03-15T10:30:25.271707,neutral,0.995,2026-03-15T10:30:25.271707,0.8777948194158681,2026-03-15T10:30:25.020000,99,,,
participant_13,3,day,Town10HD_Opt,2026-03-15 10:30:26.258413,41.60848236083984,63.90972137451172,0.0021011352073401,33.946,-11.989,0.323,0.0,0,0,1,,0.836,2026-03-15T10:30:26.258413,neutral,0.995,2026-03-15T10:30:25.271707,0.6944689549395369,2026-03-15T10:30:26.144000,98,,,
participant_13,3,day,Town10HD_Opt,2026-03-15 10:30:27.226846,44.38484191894531,59.246952056884766,0.0023240661248564,27.267,-18.651,0.0,0.0,0,0,1,,1.0,2026-03-15T10:30:27.226846,neutral,0.995,2026-03-15T10:30:25.271707,0.741410504442858,2026-03-15T10:30:26.954000,98,,,
participant_13,3,day,Town10HD_Opt,2026-03-15 10:30:28.206417,44.93974685668945,55.08843994140625,0.0022761535365134,20.563,-12.277,0.0,0.0,0,0,1,,1.0,2026-03-15T10:30:28.206417,neutral,0.903,2026-03-15T10:30:28.206417,0.7198162248120165,2026-03-15T10:30:27.945000,102,,,
participant_13,3,day,Town10HD_Opt,2026-03-15 10:30:29.196134,44.639408111572266,51.92240905761719,0.0020082474220544,15.839,-3.32,0.0,0.0,0,0,1,,1.0,2026-03-15T10:30:29.196134,neutral,0.903,2026-03-15T10:30:28.206417,0.7230605468640475,2026-03-15T10:30:28.979000,101,,,
participant_13,3,day,Town10HD_Opt,2026-03-15 10:30:30.188052,44.33828353881836,49.47758102416992,0.0019464110955595,12.122,1.318,0.0,0.0,0,0,1,,1.0,2026-03-15T10:30:30.188052,neutral,0.903,2026-03-15T10:30:28.206417,0.7017860779568276,2026-03-15T10:30:29.975000,97,,,
participant_13,3,day,Town10HD_Opt,2026-03-15 10:30:31.146027,44.15442657470703,47.59818649291992,0.0020068739540874,9.263,1.782,0.0,0.003,0,0,1,,1.0,2026-03-15T10:30:31.146027,neutral,1.0,2026-03-15T10:30:31.146027,0.7047491020348035,2026-03-15T10:30:30.962000,99,,,
participant_13,3,day,Town10HD_Opt,2026-03-15 10:30:32.091757,44.04210662841797,46.19367599487305,0.0019876861479133,6.605,1.845,0.0,0.041,0,0,1,,1.0,2026-03-15T10:30:32.091757,neutral,1.0,2026-03-15T10:30:31.146027,0.6867683923015541,2026-03-15T10:30:31.949000,98,Solid line crossing,Solid line crossing,
participant_13,3,day,Town10HD_Opt,2026-03-15 10:30:33.283528,43.95505142211914,44.85466384887695,0.0019642256665974,4.775,1.711,0.0,0.0,0,0,1,,1.0,2026-03-15T10:30:33.283528,neutral,0.999,2026-03-15T10:30:33.283528,0.7655650169697186,2026-03-15T10:30:32.985000,96,,,
participant_13,3,day,Town10HD_Opt,2026-03-15 10:30:34.235547,43.91059875488281,44.11468505859375,0.0019657134544104,3.424,0.907,0.2,0.0,0,0,1,,1.0,2026-03-15T10:30:34.235547,neutral,0.999,2026-03-15T10:30:33.283528,0.7321742043260044,2026-03-15T10:30:34.019000,94,,,
participant_13,3,day,Town10HD_Opt,2026-03-15 10:30:35.180458,43.84703063964844,43.00678253173828,0.0015094756381586,13.203,1.168,0.973,0.0,0,0,1,,1.0,2026-03-15T10:30:35.180458,neutral,0.999,2026-03-15T10:30:33.283528,0.5764564522494342,2026-03-15T10:30:34.965000,95,,,
participant_13,3,day,Town10HD_Opt,2026-03-15 10:30:36.274200,43.7495346069336,39.67432022094727,0.001706504728645,25.368,8.186,0.795,0.0,0,0,1,,1.0,2026-03-15T10:30:36.274200,neutral,1.0,2026-03-15T10:30:36.274200,0.6368612519957809,2026-03-15T10:30:35.955000,95,,,
participant_13,3,day,Town10HD_Opt,2026-03-15 10:30:37.224926,44.67400741577149,34.53936004638672,0.0017687606159597,34.462,15.103,0.661,0.0,0,0,1,,1.0,2026-03-15T10:30:37.224926,neutral,1.0,2026-03-15T10:30:36.274200,0.6035749132186394,2026-03-15T10:30:37.125000,93,,,
participant_13,3,day,Town10HD_Opt,2026-03-15 10:30:38.201190,48.05628204345703,29.36823463439941,0.002171134809032,34.359,16.515,0.0,0.0,0,0,1,,1.0,2026-03-15T10:30:38.201190,neutral,1.0,2026-03-15T10:30:36.274200,0.7079232541610891,2026-03-15T10:30:37.934000,95,,,
participant_13,3,day,Town10HD_Opt,2026-03-15 10:30:39.145409,52.55647277832031,26.70188331604004,0.0023290251847356,25.927,13.804,0.0,0.0,0,0,1,,1.0,2026-03-15T10:30:39.145409,neutral,0.995,2026-03-15T10:30:39.145409,0.6404392962099921,2026-03-15T10:30:39.015000,93,,,
participant_13,3,day,Town10HD_Opt,2026-03-15 10:30:40.124940,56.49067687988281,25.900081634521484,0.0022083281073719,20.696,9.887,0.263,0.0,0,0,1,,1.0,2026-03-15T10:30:40.124940,neutral,0.995,2026-03-15T10:30:39.145409,0.6285309600288221,2026-03-15T10:30:40.004000,93,Red light violation,Red light violation,
participant_13,3,day,Town10HD_Opt,2026-03-15 10:30:41.078469,59.89984893798828,25.687084197998047,0.0021400833502411,18.059,0.508,0.112,0.0,0,0,1,,1.0,2026-03-15T10:30:41.078469,neutral,0.995,2026-03-15T10:30:39.145409,0.610787536725375,2026-03-15T10:30:40.995000,95,,,
participant_13,3,day,Town10HD_Opt,2026-03-15 10:30:42.354191,64.0566177368164,25.53989601135254,0.0019447326194494,16.813,0.289,0.0,0.0,0,0,1,,0.81,2026-03-15T10:30:42.354191,neutral,0.999,2026-03-15T10:30:42.354191,0.6239322796664859,2026-03-15T10:30:41.985000,96,,,
participant_13,3,day,Town10HD_Opt,2026-03-15 10:30:43.300409,66.62977600097656,25.465951919555664,0.0020747375674545,12.308,-1.003,0.0,0.223,0,0,1,,1.0,2026-03-15T10:30:43.300409,neutral,0.999,2026-03-15T10:30:42.354191,0.497458517119796,2026-03-15T10:30:43.110000,95,,,
participant_13,3,day,Town10HD_Opt,2026-03-15 10:30:44.208710,68.38098907470703,25.39192771911621,0.0020481108222156,7.635,-0.989,0.0,0.143,0,0,1,,1.0,2026-03-15T10:30:44.208710,neutral,0.999,2026-03-15T10:30:42.354191,0.4592530433932595,2026-03-15T10:30:43.967000,93,,,
participant_13,3,day,Town10HD_Opt,2026-03-15 10:30:45.157838,69.39667510986328,25.342697143554688,0.0023704909253865,0.0,-0.642,0.0,0.102,0,0,1,,1.0,2026-03-15T10:30:45.157838,neutral,1.0,2026-03-15T10:30:45.157838,0.5732869523376729,2026-03-15T10:30:45.002000,93,,,
participant_13,3,day,Town10HD_Opt,2026-03-15 10:30:46.063167,69.39720916748047,25.342660903930664,0.001938018715009,0.0,-0.392,0.0,0.009,0,0,1,,1.0,2026-03-15T10:30:46.063167,neutral,1.0,2026-03-15T10:30:45.157838,0.5135267631293877,2026-03-15T10:30:46.304000,95,,,
participant_13,3,day,Town10HD_Opt,2026-03-15 10:30:47.076632,69.39728546142578,25.342660903930664,0.0019204712007194,0.0,1.011,0.0,0.0,0,0,1,,1.0,2026-03-15T10:30:47.076632,neutral,1.0,2026-03-15T10:30:45.157838,0.4896543965627809,2026-03-15T10:30:47.026000,95,,,
participant_13,3,day,Town10HD_Opt,2026-03-15 10:30:48.257850,69.3970947265625,25.34382057189941,0.0028397368732839,0.023,0.663,0.0,0.0,0,0,1,,1.0,2026-03-15T10:30:48.257850,neutral,0.999,2026-03-15T10:30:48.257850,0.449832078054252,2026-03-15T10:30:48.061000,99,,,errors=Vehicle collision
participant_13,3,day,Town10HD_Opt,2026-03-15 10:30:49.237798,69.39639282226562,25.34478759765625,0.0057052229531109,0.005,0.653,0.0,0.0,0,0,1,,1.0,2026-03-15T10:30:49.237798,neutral,0.999,2026-03-15T10:30:48.257850,0.4113039862628449,2026-03-15T10:30:49.232000,100,,,
participant_13,3,day,Town10HD_Opt,2026-03-15 10:30:50.168104,69.86164093017578,25.30793190002441,0.0032794189173728,6.848,0.653,0.806,0.0,0,0,1,,0.832,2026-03-15T10:30:50.168104,neutral,0.999,2026-03-15T10:30:48.257850,0.4804456728664162,2026-03-15T10:30:50.130000,99,,,
participant_13,3,day,Town10HD_Opt,2026-03-15 10:30:51.153675,71.74654388427734,25.164213180541992,0.0025133132003247,15.501,0.653,0.979,0.0,0,0,1,,0.838,2026-03-15T10:30:51.153675,neutral,0.999,2026-03-15T10:30:51.153675,0.3979324638540564,2026-03-15T10:30:51.349000,96,,,errors=Vehicle collision
participant_13,3,day,Town10HD_Opt,2026-03-15 10:30:52.137152,75.00212860107422,24.92348289489746,0.0019242477137595,21.831,0.653,0.968,0.0,0,0,1,,0.839,2026-03-15T10:30:52.137152,neutral,0.999,2026-03-15T10:30:51.153675,0.3693581570323372,2026-03-15T10:30:52.471000,96,,,
participant_13,3,day,Town10HD_Opt,2026-03-15 10:30:53.084250,79.49284362792969,24.77812767028809,0.002403526334092,31.286,0.86,0.867,0.0,0,0,1,,1.0,2026-03-15T10:30:53.084250,neutral,0.999,2026-03-15T10:30:51.153675,0.3353828322914542,2026-03-15T10:30:53.505000,96,,,
participant_13,3,day,Town10HD_Opt,2026-03-15 10:30:54.301795,87.08245086669922,25.15501976013184,0.0022357939742505,28.847,-2.97,0.118,0.0,0,0,1,,1.0,2026-03-15T10:30:54.301795,neutral,1.0,2026-03-15T10:30:54.301795,0.2694273990961885,2026-03-15T10:30:54.134000,96,,,
participant_13,3,day,Town10HD_Opt,2026-03-15 10:30:55.272863,91.775634765625,24.97013664245605,0.0021313475444912,25.499,-11.0,0.296,0.0,0,0,1,,1.0,2026-03-15T10:30:55.272863,neutral,1.0,2026-03-15T10:30:54.301795,0.3187598061557186,2026-03-15T10:30:54.945000,93,,,
participant_13,3,day,Town10HD_Opt,2026-03-15 10:30:56.209335,95.89057159423828,23.66517448425293,0.0021012115757912,24.328,-16.99,0.356,0.0,0,0,1,,1.0,2026-03-15T10:30:56.209335,neutral,1.0,2026-03-15T10:30:54.301795,0.3054057120314605,2026-03-15T10:30:56.025000,96,,,
participant_13,3,day,Town10HD_Opt,2026-03-15 10:30:57.157569,99.30176544189452,21.14289093017578,0.0020570755004882,24.395,-10.562,0.35,0.0,0,0,1,,1.0,2026-03-15T10:30:57.157569,neutral,1.0,2026-03-15T10:30:57.157569,0.3177778725371089,2026-03-15T10:30:56.971000,97,,,
participant_13,3,day,Town10HD_Opt,2026-03-15 10:30:58.347450,102.86038208007812,16.732927322387695,0.0046013640239834,24.342,-8.582,0.339,0.0,0,0,1,,1.0,2026-03-15T10:30:58.347450,neutral,1.0,2026-03-15T10:30:57.157569,0.2464110208994876,2026-03-15T10:30:57.960000,94,,,
participant_13,3,day,Town10HD_Opt,2026-03-15 10:30:59.289115,104.6259765625,12.89680004119873,0.0019021987682208,25.033,-12.604,0.821,0.0,0,0,1,,1.0,2026-03-15T10:30:59.289115,neutral,1.0,2026-03-15T10:30:59.289115,0.1889892253322977,2026-03-15T10:30:59.175000,94,,,
participant_13,3,day,Town10HD_Opt,2026-03-15 10:31:00.297836,105.67321014404295,7.714914321899414,0.0015982437180355,37.89,-3.714,1.0,0.0,0,0,1,,1.0,2026-03-15T10:31:00.297836,neutral,1.0,2026-03-15T10:30:59.289115,0.3052466657264138,2026-03-15T10:31:00.030000,92,,,
participant_13,3,day,Town10HD_Opt,2026-03-15 10:31:01.275347,106.33106231689452,-0.0457124710083007,0.0015618514735251,52.606,-1.92,0.0,0.229,0,0,1,,1.0,2026-03-15T10:31:01.275347,neutral,1.0,2026-03-15T10:30:59.289115,0.2573667502489036,2026-03-15T10:31:00.930000,95,,,
participant_13,3,day,Town10HD_Opt,2026-03-15 10:31:02.269703,106.4570770263672,-8.872549057006836,0.0019998550415039,50.751,0.282,0.0,0.0,0,0,1,,1.0,2026-03-15T10:31:02.269703,neutral,1.0,2026-03-15T10:31:02.269703,0.1981206009467267,2026-03-15T10:31:01.965000,96,,,
participant_13,3,day,Town10HD_Opt,2026-03-15 10:31:03.254132,106.50524139404295,-17.644548416137695,0.0020127487368881,50.491,-1.528,0.83,0.0,0,0,1,,0.829,2026-03-15T10:31:03.254132,neutral,1.0,2026-03-15T10:31:02.269703,0.3225185860566296,2026-03-15T10:31:03.180000,94,,,
participant_13,3,day,Town10HD_Opt,2026-03-15 10:31:04.134200,106.2239227294922,-26.39268684387207,0.002062072744593,49.727,-2.076,0.809,0.0,0,0,1,,1.0,2026-03-15T10:31:04.134200,neutral,1.0,2026-03-15T10:31:02.269703,0.1869272234496097,2026-03-15T10:31:03.946000,95,,,
participant_13,3,day,Town10HD_Opt,2026-03-15 10:31:05.338449,104.35431671142578,-37.8341064453125,0.0019577406346797,50.687,-7.663,0.788,0.0,0,0,1,,1.0,2026-03-15T10:31:05.338449,neutral,1.0,2026-03-15T10:31:05.338449,0.2746621228867864,2026-03-15T10:31:05.115000,93,,,
participant_13,3,day,Town10HD_Opt,2026-03-15 10:31:06.285104,100.61185455322266,-45.66951370239258,0.0020368576515465,49.433,-4.374,0.897,0.0,0,0,1,,1.0,2026-03-15T10:31:06.285104,neutral,1.0,2026-03-15T10:31:05.338449,0.2107079755011655,2026-03-15T10:31:05.970000,94,,,
participant_13,3,day,Town10HD_Opt,2026-03-15 10:31:07.191018,95.3285903930664,-52.62657165527344,0.0020172882359474,50.152,-6.417,1.0,0.0,0,0,1,,0.836,2026-03-15T10:31:07.191018,neutral,1.0,2026-03-15T10:31:05.338449,0.2762236643863887,2026-03-15T10:31:06.960000,94,,,
participant_13,3,day,Town10HD_Opt,2026-03-15 10:31:08.122193,88.5662612915039,-58.18300247192383,0.0020494079217314,50.202,-6.028,0.924,0.0,0,0,1,,1.0,2026-03-15T10:31:08.122193,neutral,0.998,2026-03-15T10:31:08.122193,0.2501874180719731,2026-03-15T10:31:08.041000,93,,,
participant_13,3,day,Town10HD_Opt,2026-03-15 10:31:09.338025,77.790283203125,-62.66482162475586,0.0018459319835528,52.132,-4.32,0.0,0.213,0,0,1,,1.0,2026-03-15T10:31:09.338025,neutral,0.998,2026-03-15T10:31:08.122193,0.2541828761674236,2026-03-15T10:31:09.120000,93,Vehicle-pedestrian collision,Vehicle-pedestrian collision,
participant_13,3,day,Town10HD_Opt,2026-03-15 10:31:10.344786,69.11882781982422,-64.16545104980469,0.0018824386643245,52.138,-2.292,0.0,0.214,0,0,1,,1.0,2026-03-15T10:31:10.344786,neutral,1.0,2026-03-15T10:31:10.344786,0.2376098271851765,2026-03-15T10:31:09.930000,94,,,
participant_13,3,day,Town10HD_Opt,2026-03-15 10:31:11.294267,60.37164306640625,-64.75334167480469,0.0019330214709043,51.371,-0.933,0.0,0.137,0,0,1,,1.0,2026-03-15T10:31:11.294267,neutral,1.0,2026-03-15T10:31:10.344786,0.2768413009985584,2026-03-15T10:31:10.966000,96,,,
participant_13,3,day,Town10HD_Opt,2026-03-15 10:31:12.261201,51.66474151611328,-64.90290069580078,0.001975402701646,50.178,-0.884,0.687,0.0,0,0,1,,1.0,2026-03-15T10:31:12.261201,neutral,1.0,2026-03-15T10:31:10.344786,0.3749263402753188,2026-03-15T10:31:12.135000,94,,,
participant_13,3,day,Town10HD_Opt,2026-03-15 10:31:13.201449,43.0008544921875,-64.8013916015625,0.0021135329734534,48.118,0.721,0.481,0.0,0,0,1,,1.0,2026-03-15T10:31:13.201449,neutral,1.0,2026-03-15T10:31:13.201449,0.295455230454637,2026-03-15T10:31:13.035000,95,,,
participant_13,3,day,Town10HD_Opt,2026-03-15 10:31:14.185667,34.66073226928711,-64.77985382080078,0.0020869825966656,46.998,-0.458,0.428,0.0,0,0,1,,1.0,2026-03-15T10:31:14.185667,neutral,1.0,2026-03-15T10:31:13.201449,0.2859846465401185,2026-03-15T10:31:13.936000,96,,,
participant_13,3,day,Town10HD_Opt,2026-03-15 10:31:15.098901,26.562049865722656,-64.67530059814453,0.0020995712839066,45.28,0.045,0.314,0.0,0,0,1,,1.0,2026-03-15T10:31:15.098901,neutral,1.0,2026-03-15T10:31:13.201449,0.2905992245467862,2026-03-15T10:31:15.015000,95,,,
participant_13,3,day,Town10HD_Opt,2026-03-15 10:31:16.096073,19.2591495513916,-64.56745147705078,0.0023461531382054,36.518,0.247,0.0,0.0,0,0,1,,1.0,2026-03-15T10:31:16.096073,neutral,1.0,2026-03-15T10:31:16.096073,0.3011954357132291,2026-03-15T10:31:16.095000,92,,,
participant_13,3,day,Town10HD_Opt,2026-03-15 10:31:17.069098,13.548672676086426,-64.51602172851562,0.0023064422421157,28.214,0.315,0.0,0.0,0,0,1,,1.0,2026-03-15T10:31:17.069098,neutral,1.0,2026-03-15T10:31:16.096073,0.2574457421048733,2026-03-15T10:31:16.951000,94,,,
participant_13,3,day,Town10HD_Opt,2026-03-15 10:31:18.290106,7.965943336486816,-64.51158905029297,0.0022481156047433,19.361,-0.146,0.0,0.0,0,0,1,,1.0,2026-03-15T10:31:18.290106,neutral,1.0,2026-03-15T10:31:18.290106,0.2342432583712575,2026-03-15T10:31:17.941000,94,,,
participant_13,3,day,Town10HD_Opt,2026-03-15 10:31:19.301438,4.781659126281738,-64.50822448730469,0.0020862577948719,18.731,0.092,0.838,0.0,0,0,1,,1.0,2026-03-15T10:31:19.301438,neutral,1.0,2026-03-15T10:31:18.290106,0.1134263955109692,2026-03-15T10:31:19.066000,93,,,
participant_13,3,day,Town10HD_Opt,2026-03-15 10:31:20.258797,0.6344618797302246,-64.52033233642578,0.0016552733723074,30.319,0.289,0.813,0.0,0,0,1,,1.0,2026-03-15T10:31:20.258797,neutral,1.0,2026-03-15T10:31:18.290106,0.1846620759749112,2026-03-15T10:31:20.055000,94,,,
participant_13,3,day,Town10HD_Opt,2026-03-15 10:31:21.220243,-5.016425609588623,-64.56925201416016,0.0021589659154415,30.294,0.176,0.0,0.0,0,0,1,,1.0,2026-03-15T10:31:21.220243,neutral,1.0,2026-03-15T10:31:21.220243,0.1383263476910799,2026-03-15T10:31:21.136000,91,,,
participant_13,3,day,Town10HD_Opt,2026-03-15 10:31:22.170905,-9.74074649810791,-64.6325912475586,0.002268829382956,23.128,0.176,0.0,0.0,0,0,1,,1.0,2026-03-15T10:31:22.170905,neutral,1.0,2026-03-15T10:31:21.220243,0.1953251465693288,2026-03-15T10:31:21.991000,92,,,
participant_13,3,day,Town10HD_Opt,2026-03-15 10:31:23.093742,-13.305557250976562,-64.69456481933594,0.0020475005730986,17.508,0.176,0.0,0.0,0,0,1,,1.0,2026-03-15T10:31:23.093742,neutral,1.0,2026-03-15T10:31:21.220243,0.1495702268868864,2026-03-15T10:31:23.070000,93,,,
participant_13,3,day,Town10HD_Opt,2026-03-15 10:31:24.306691,-16.810161590576172,-64.76803588867188,0.002036819467321,12.378,0.176,0.0,0.0,0,0,1,,1.0,2026-03-15T10:31:24.306691,neutral,1.0,2026-03-15T10:31:24.306691,0.1965293913811514,2026-03-15T10:31:24.016000,90,,,
participant_13,3,day,Town10HD_Opt,2026-03-15 10:31:25.232973,-18.73851776123047,-64.81364440917969,0.0020099638495594,9.508,0.176,0.0,0.0,0,0,1,,1.0,2026-03-15T10:31:25.232973,neutral,1.0,2026-03-15T10:31:24.306691,0.11738644934351,2026-03-15T10:31:25.051000,93,,,
participant_13,3,day,Town10HD_Opt,2026-03-15 10:31:26.171288,-20.219215393066406,-64.8511734008789,0.001989021198824,7.194,0.176,0.0,0.0,0,0,1,,1.0,2026-03-15T10:31:26.171288,neutral,1.0,2026-03-15T10:31:24.306691,0.2369518712324732,2026-03-15T10:31:26.086000,94,,,
participant_13,3,day,Town10HD_Opt,2026-03-15 10:31:27.102806,-21.35599899291992,-64.88150787353516,0.0019728087354451,5.605,0.176,0.0,0.0,0,0,1,,1.0,2026-03-15T10:31:27.102806,neutral,0.998,2026-03-15T10:31:27.102806,0.2635359759357593,2026-03-15T10:31:27.031000,93,Vehicle-pedestrian collision,Vehicle-pedestrian collision,
participant_13,3,day,Town10HD_Opt,2026-03-15 10:31:28.245569,-22.471967697143555,-64.91258239746094,0.0019567869603633,3.826,0.176,0.0,0.0,0,0,1,,1.0,2026-03-15T10:31:28.245569,neutral,0.998,2026-03-15T10:31:27.102806,0.2853203779916043,2026-03-15T10:31:27.930000,92,,,
participant_13,3,day,Town10HD_Opt,2026-03-15 10:31:29.195010,-23.08542251586914,-64.9301986694336,0.0019480895716696,3.025,0.176,0.0,0.0,0,0,1,,1.0,2026-03-15T10:31:29.195010,neutral,1.0,2026-03-15T10:31:29.195010,0.3027566238881304,2026-03-15T10:31:29.055000,90,,,
participant_13,3,day,Town10HD_Opt,2026-03-15 10:31:30.120625,-23.556360244750977,-64.94398498535156,0.0019413756672292,2.322,0.176,0.0,0.0,0,0,1,,1.0,2026-03-15T10:31:30.120625,neutral,1.0,2026-03-15T10:31:29.195010,0.3635235569725678,2026-03-15T10:31:30.360000,91,,,
participant_13,3,day,Town10HD_Opt,2026-03-15 10:31:31.280784,-24.23341941833496,-64.96398162841797,0.0016004561912268,8.386,0.176,0.952,0.0,0,0,1,,1.0,2026-03-15T10:31:31.280784,neutral,1.0,2026-03-15T10:31:31.280784,0.3593247483980248,2026-03-15T10:31:30.947000,92,,,
participant_13,3,day,Town10HD_Opt,2026-03-15 10:31:32.192457,-26.89924049377441,-65.05355834960938,0.0017271422548219,22.45,0.493,1.0,0.0,0,0,1,,1.0,2026-03-15T10:31:32.192457,neutral,1.0,2026-03-15T10:31:31.280784,0.4064052677333335,2026-03-15T10:31:32.116000,91,,,
participant_13,3,day,Town10HD_Opt,2026-03-15 10:31:33.124834,-32.13074493408203,-65.26644134521484,0.0015123748453333,38.814,0.007,1.0,0.0,0,0,1,,1.0,2026-03-15T10:31:33.124834,neutral,1.0,2026-03-15T10:31:31.280784,0.417727408097175,2026-03-15T10:31:33.016000,93,,,
participant_13,3,day,Town10HD_Opt,2026-03-15 10:31:34.341260,-43.13551330566406,-65.7388687133789,0.00195690151304,50.653,0.019,0.0,0.124,0,0,1,,1.0,2026-03-15T10:31:34.341260,neutral,0.978,2026-03-15T10:31:34.341260,0.4140583997497788,2026-03-15T10:31:33.961000,90,,,
participant_13,3,day,Town10HD_Opt,2026-03-15 10:31:35.273321,-51.75332260131836,-66.11803436279297,0.0018354033818468,51.77,0.038,0.0,0.177,0,0,1,,1.0,2026-03-15T10:31:35.273321,neutral,0.978,2026-03-15T10:31:34.341260,0.5066021989865479,2026-03-15T10:31:35.029000,90,,,
participant_13,3,day,Town10HD_Opt,2026-03-15 10:31:36.180368,-60.49123001098633,-66.50434875488281,0.0018816374940797,51.775,-0.665,0.0,0.163,0,0,1,,1.0,2026-03-15T10:31:36.180368,neutral,0.978,2026-03-15T10:31:34.341260,0.4694268505282564,2026-03-15T10:31:36.030000,92,,,
participant_13,3,day,Town10HD_Opt,2026-03-15 10:31:37.082441,-69.20122528076172,-66.67586517333984,0.0019321822328493,51.243,-2.791,0.0,0.124,0,0,1,,1.0,2026-03-15T10:31:37.082441,neutral,1.0,2026-03-15T10:31:37.082441,0.4538908166904283,2026-03-15T10:31:37.291000,93,,,
participant_13,3,day,Town10HD_Opt,2026-03-15 10:31:38.340750,-80.83402252197266,-65.24861907958984,0.001958503620699,50.756,-7.047,0.0,0.0,0,0,1,,1.0,2026-03-15T10:31:38.340750,neutral,1.0,2026-03-15T10:31:37.082441,0.5151929673631209,2026-03-15T10:31:38.011000,92,,,
participant_13,3,day,Town10HD_Opt,2026-03-15 10:31:39.314119,-88.8005142211914,-61.76890182495117,0.0019271849887445,50.932,-6.128,0.0,0.0,0,0,1,,1.0,2026-03-15T10:31:39.314119,neutral,0.999,2026-03-15T10:31:39.314119,0.5378838626430695,2026-03-15T10:31:38.958000,95,,,
participant_13,3,day,Town10HD_Opt,2026-03-15 10:31:40.220103,-95.6519546508789,-56.438133239746094,0.0018954466795548,51.276,-4.534,0.0,0.128,0,0,1,,1.0,2026-03-15T10:31:40.220103,neutral,0.999,2026-03-15T10:31:39.314119,0.4055432874420978,2026-03-15T10:31:40.126000,96,,,
participant_13,3,day,Town10HD_Opt,2026-03-15 10:31:41.202128,-101.38191223144533,-49.83357238769531,0.0018424605950713,52.31,-4.44,0.0,0.235,0,0,1,,1.0,2026-03-15T10:31:41.202128,neutral,0.999,2026-03-15T10:31:39.314119,0.4955993336329463,2026-03-15T10:31:40.984000,92,,,
participant_13,3,day,Town10HD_Opt,2026-03-15 10:31:42.190305,-105.7894515991211,-42.29572677612305,0.0019019698956981,51.782,-4.627,0.0,0.131,0,0,1,,1.0,2026-03-15T10:31:42.190305,neutral,0.999,2026-03-15T10:31:42.190305,0.464860855001886,2026-03-15T10:31:41.970000,95,,,
participant_13,3,day,Town10HD_Opt,2026-03-15 10:31:43.137334,-108.73416137695312,-34.06269836425781,0.002005310030654,50.32,-3.877,0.719,0.0,0,0,1,,1.0,2026-03-15T10:31:43.137334,neutral,0.999,2026-03-15T10:31:42.190305,0.5838390703819171,2026-03-15T10:31:42.961000,95,,,
participant_13,3,day,Town10HD_Opt,2026-03-15 10:31:44.090138,-110.23794555664062,-25.59561920166016,0.0022782515734434,45.634,-3.745,0.0,0.0,0,0,1,,1.0,2026-03-15T10:31:44.090138,neutral,0.999,2026-03-15T10:31:42.190305,0.5608045859670094,2026-03-15T10:31:44.175000,94,,,
participant_13,3,day,Town10HD_Opt,2026-03-15 10:31:45.349477,-110.51278686523438,-16.681575775146484,0.002395172137767,30.451,1.375,0.0,0.349,0,0,1,,1.0,2026-03-15T10:31:45.349477,neutral,0.997,2026-03-15T10:31:45.349477,0.4510054662860663,2026-03-15T10:31:45.121000,94,,,
participant_13,3,day,Town10HD_Opt,2026-03-15 10:31:46.313045,-110.61014556884766,-12.11060905456543,0.0023356245364993,21.227,-1.093,0.0,0.315,0,0,1,,1.0,2026-03-15T10:31:46.313045,neutral,0.997,2026-03-15T10:31:45.349477,0.5112848370053515,2026-03-15T10:31:46.065000,96,,,
participant_13,3,day,Town10HD_Opt,2026-03-15 10:31:47.272889,-110.64607238769533,-8.946698188781738,0.0020365142263472,15.411,-1.523,0.068,0.0,0,0,1,,1.0,2026-03-15T10:31:47.272889,neutral,0.997,2026-03-15T10:31:45.349477,0.4699134081345181,2026-03-15T10:31:46.962000,93,,,
participant_13,3,day,Town10HD_Opt,2026-03-15 10:31:48.205828,-110.6310806274414,-5.931390762329102,0.001851386972703,22.377,0.625,1.0,0.0,0,0,1,,1.0,2026-03-15T10:31:48.205828,neutral,1.0,2026-03-15T10:31:48.205828,0.3946974714630528,2026-03-15T10:31:48.135000,95,,,
participant_13,3,day,Town10HD_Opt,2026-03-15 10:31:49.218001,-110.67585754394533,-0.7109928131103516,0.0015340042300522,39.152,0.308,0.937,0.0,0,0,1,,1.0,2026-03-15T10:31:49.218001,neutral,1.0,2026-03-15T10:31:48.205828,0.4410509359995206,2026-03-15T10:31:48.947000,94,,,
participant_13,3,day,Town10HD_Opt,2026-03-15 10:31:50.186118,-110.74854278564452,7.001806259155273,0.0016696548555046,49.623,-3.938,0.69,0.0,0,0,1,,1.0,2026-03-15T10:31:50.186118,neutral,1.0,2026-03-15T10:31:48.205828,0.4962666765553529,2026-03-15T10:31:49.981000,95,,,
participant_13,3,day,Town10HD_Opt,2026-03-15 10:31:51.167661,-109.22698211669922,15.373476028442385,0.002376785269007,43.319,-16.955,0.0,0.0,0,0,1,,1.0,2026-03-15T10:31:51.167661,neutral,0.999,2026-03-15T10:31:51.167661,0.4617909242263479,2026-03-15T10:31:51.015000,97,,,
participant_13,3,day,Town10HD_Opt,2026-03-15 10:31:52.254730,-104.9605712890625,20.39014434814453,0.0024018478579819,32.549,-11.646,0.0,0.0,0,0,1,,1.0,2026-03-15T10:31:52.254730,neutral,0.999,2026-03-15T10:31:51.167661,0.506910403222537,2026-03-15T10:31:51.961000,96,,,
participant_13,3,day,Town10HD_Opt,2026-03-15 10:31:53.324054,-100.14307403564452,22.87206649780273,0.0018829726614058,34.373,-9.938,0.969,0.0,0,0,1,,1.0,2026-03-15T10:31:53.324054,neutral,0.997,2026-03-15T10:31:53.324054,0.4816160150958883,2026-03-15T10:31:53.040000,94,,,
participant_13,3,day,Town10HD_Opt,2026-03-15 10:31:54.087729,-95.83175659179688,23.96560287475586,0.0016860198229551,41.981,-4.735,0.391,0.0,0,0,1,,1.0,2026-03-15T10:31:54.087729,neutral,0.997,2026-03-15T10:31:53.324054,0.5019810540443335,2026-03-15T10:31:53.988000,95,,,
participant_13,3,day,Town10HD_Opt,2026-03-15 10:31:55.121593,-88.337890625,24.97592544555664,0.0017764281947165,47.519,-0.9,1.0,0.0,0,0,1,,1.0,2026-03-15T10:31:55.121593,neutral,0.997,2026-03-15T10:31:53.324054,0.5156103156382548,2026-03-15T10:31:54.976000,93,,,
participant_13,3,day,Town10HD_Opt,2026-03-15 10:31:56.158167,-79.59014892578125,25.77286720275879,0.0021966171916574,48.358,-0.475,0.966,0.0,0,0,1,,1.0,2026-03-15T10:31:56.158167,neutral,0.997,2026-03-15T10:31:56.158167,0.4866745274512821,2026-03-15T10:31:56.371000,96,,,
participant_13,3,day,Town10HD_Opt,2026-03-15 10:31:57.117913,-70.83345794677734,26.37302589416504,0.0021925354376435,48.696,-0.505,1.0,0.0,0,0,1,,1.0,2026-03-15T10:31:57.117913,neutral,0.997,2026-03-15T10:31:56.158167,0.5357863293924132,2026-03-15T10:31:56.371000,96,,,
participant_13,3,day,Town10HD_Opt,2026-03-15 10:31:58.067860,-62.0010871887207,26.79226493835449,0.0021579742897301,49.104,-0.498,0.973,0.0,0,0,1,,1.0,2026-03-15T10:31:58.067860,neutral,0.997,2026-03-15T10:31:56.158167,0.5309084218165597,2026-03-15T10:31:56.371000,96,,,
participant_13,3,day,Town10HD_Opt,2026-03-15 10:31:59.336552,-50.368309020996094,27.058263778686523,0.0021708679851144,48.927,-0.498,0.911,0.0,0,0,1,,1.0,2026-03-15T10:31:59.336552,neutral,0.992,2026-03-15T10:31:59.336552,0.471029856321588,2026-03-15T10:31:56.371000,95,,,
participant_13,3,day,Town10HD_Opt,2026-03-15 10:32:00.332491,-41.59101486206055,27.04767608642578,0.0021500778384506,49.237,-0.026,0.891,0.0,0,0,1,,1.0,2026-03-15T10:32:00.332491,neutral,0.992,2026-03-15T10:31:59.336552,0.5811115229663308,2026-03-15T10:31:56.371000,95,,,
participant_13,3,day,Town10HD_Opt,2026-03-15 10:32:01.283064,-32.7906379699707,26.960336685180664,0.0021534727420657,49.369,0.073,1.0,0.0,0,0,1,,1.0,2026-03-15T10:32:01.283064,neutral,0.992,2026-03-15T10:31:59.336552,0.4651337393445313,2026-03-15T10:31:56.371000,95,,,
participant_13,3,day,Town10HD_Opt,2026-03-15 10:32:02.244396,-23.973886489868164,26.892337799072266,0.0022198485676199,48.334,0.073,0.953,0.0,0,0,1,,1.0,2026-03-15T10:32:02.244396,neutral,1.0,2026-03-15T10:32:02.244396,0.4524958991245451,2026-03-15T10:31:56.371000,96,,,
participant_13,3,day,Town10HD_Opt,2026-03-15 10:32:03.203410,-15.216958999633787,26.84381484985352,0.0022018051240593,48.34,-0.089,0.911,0.0,0,0,1,,1.0,2026-03-15T10:32:03.203410,neutral,1.0,2026-03-15T10:32:02.244396,0.5310731727727888,2026-03-15T10:31:56.371000,96,,,
participant_13,3,day,Town10HD_Opt,2026-03-15 10:32:04.123327,-6.478229999542236,26.771041870117188,0.0021740722004324,48.716,-0.115,0.873,0.0,0,0,1,,1.0,2026-03-15T10:32:04.123327,neutral,1.0,2026-03-15T10:32:02.244396,0.4486080829354399,2026-03-15T10:31:56.371000,96,,,
participant_13,3,day,Town10HD_Opt,2026-03-15 10:32:05.339561,5.065928936004639,26.61075782775879,0.0021589279640465,47.146,-0.136,0.0,0.0,0,0,1,,1.0,2026-03-15T10:32:05.339561,neutral,0.998,2026-03-15T10:32:05.339561,0.4934995199106292,2026-03-15T10:31:56.371000,97,,,
participant_13,3,day,Town10HD_Opt,2026-03-15 10:32:06.259448,12.528103828430176,26.471662521362305,0.0023664855398237,37.075,0.416,0.0,0.016,0,0,1,,1.0,2026-03-15T10:32:06.259448,neutral,0.998,2026-03-15T10:32:05.339561,0.4846844634079945,2026-03-15T10:31:56.371000,96,,,
participant_13,3,day,Town10HD_Opt,2026-03-15 10:32:07.181523,18.32229423522949,26.4326171875,0.0023109053727239,28.631,1.434,0.0,0.0,0,0,1,,1.0,2026-03-15T10:32:07.181523,neutral,0.998,2026-03-15T10:32:05.339561,0.5093663045686476,2026-03-15T10:31:56.371000,96,,,
participant_13,3,day,Town10HD_Opt,2026-03-15 10:32:08.123847,22.76409339904785,26.56814384460449,0.0022640989627689,21.708,2.73,0.0,0.0,0,0,1,,1.0,2026-03-15T10:32:08.123847,neutral,1.0,2026-03-15T10:32:08.123847,0.4824391994556128,2026-03-15T10:31:56.371000,97,,,
participant_13,3,day,Town10HD_Opt,2026-03-15 10:32:09.178155,26.09993553161621,26.867387771606445,0.0019668578170239,16.59,3.947,0.007,0.0,0,0,1,,1.0,2026-03-15T10:32:09.178155,neutral,1.0,2026-03-15T10:32:08.123847,0.5016856263762149,2026-03-15T10:31:56.371000,97,,,
participant_13,3,day,Town10HD_Opt,2026-03-15 10:32:10.147824,28.664072036743164,27.29550170898437,0.002033157274127,12.97,5.86,0.019,0.0,0,0,1,,1.0,2026-03-15T10:32:10.147824,neutral,0.98,2026-03-15T10:32:10.147824,0.4089667795482196,2026-03-15T10:31:56.371000,97,,,
participant_13,3,day,Town10HD_Opt,2026-03-15 10:32:11.125409,30.643707275390625,27.79496955871582,0.0019955444149672,10.297,6.201,0.04,0.0,0,0,1,,1.0,2026-03-15T10:32:11.125409,neutral,0.98,2026-03-15T10:32:10.147824,0.4748662792263446,2026-03-15T10:31:56.371000,96,,,
participant_13,3,day,Town10HD_Opt,2026-03-15 10:32:12.354044,33.026329040527344,28.61351585388184,0.0017991255735978,13.091,8.904,0.318,0.0,0,0,1,,1.0,2026-03-15T10:32:12.354044,neutral,0.999,2026-03-15T10:32:12.354044,0.5133760777713137,2026-03-15T10:31:56.371000,96,,,
participant_13,3,day,Town10HD_Opt,2026-03-15 10:32:13.136344,34.5289421081543,29.355932235717773,0.0017319869948551,17.186,15.62,0.829,0.0,0,0,1,,1.0,2026-03-15T10:32:13.136344,neutral,0.999,2026-03-15T10:32:12.354044,0.5050340850929309,2026-03-15T10:31:56.371000,96,,,
participant_13,3,day,Town10HD_Opt,2026-03-15 10:32:14.115299,37.361141204833984,31.78276824951172,0.0017670821398496,26.946,21.603,0.783,0.0,0,0,1,,1.0,2026-03-15T10:32:14.115299,neutral,0.999,2026-03-15T10:32:12.354044,0.4312615750053911,2026-03-15T10:31:56.371000,95,,,
participant_13,3,day,Town10HD_Opt,2026-03-15 10:32:15.132631,39.59666442871094,36.595340728759766,0.0018663787050172,34.332,15.009,0.514,0.0,0,0,1,,1.0,2026-03-15T10:32:15.132631,neutral,0.998,2026-03-15T10:32:15.132631,0.4734608365559054,2026-03-15T10:31:56.371000,95,,,
participant_13,3,day,Town10HD_Opt,2026-03-15 10:32:16.169671,40.11050796508789,42.49152374267578,0.0022175216581672,31.006,1.055,0.0,0.0,0,0,1,,1.0,2026-03-15T10:32:16.169671,neutral,0.998,2026-03-15T10:32:15.132631,0.4913352980043502,2026-03-15T10:31:56.371000,96,,,
participant_13,3,day,Town10HD_Opt,2026-03-15 10:32:17.135217,40.25371170043945,47.24370956420898,0.0023274230770766,22.35,0.139,0.0,0.333,0,0,1,,1.0,2026-03-15T10:32:17.135217,neutral,0.998,2026-03-15T10:32:17.135217,0.4162706358484485,2026-03-15T10:31:56.371000,95,,,
participant_13,3,day,Town10HD_Opt,2026-03-15 10:32:18.336642,40.357513427734375,51.37265396118164,0.0020992278587073,13.112,1.137,0.0,0.301,0,0,1,,1.0,2026-03-15T10:32:18.336642,neutral,0.998,2026-03-15T10:32:17.135217,0.5118680984453404,2026-03-15T10:31:56.371000,95,,,
participant_13,3,day,Town10HD_Opt,2026-03-15 10:32:19.304921,40.36910629272461,53.25727844238281,0.0020442199893295,8.706,0.757,0.0,0.0,0,0,1,,1.0,2026-03-15T10:32:19.304921,neutral,0.999,2026-03-15T10:32:19.304921,0.4800244180936189,2026-03-15T10:31:56.371000,97,,,
participant_13,3,day,Town10HD_Opt,2026-03-15 10:32:20.257557,40.38556671142578,55.03256607055664,0.001574287423864,15.93,-2.6,0.985,0.0,0,0,1,,1.0,2026-03-15T10:32:20.257557,neutral,0.999,2026-03-15T10:32:19.304921,0.4698294339873583,2026-03-15T10:31:56.371000,98,,,
participant_13,3,day,Town10HD_Opt,2026-03-15 10:32:21.159849,40.66976547241211,58.83203125,0.0016096878098323,29.2,-8.105,0.902,0.0,0,0,1,,1.0,2026-03-15T10:32:21.159849,neutral,0.999,2026-03-15T10:32:19.304921,0.5066504335123968,2026-03-15T10:31:56.371000,97,,,
participant_13,3,day,Town10HD_Opt,2026-03-15 10:32:22.360494,44.0521240234375,66.48189544677734,0.0017734909197315,43.323,-19.467,0.84,0.0,0,0,1,,1.0,2026-03-15T10:32:22.360494,neutral,1.0,2026-03-15T10:32:22.360494,0.4212084800511859,2026-03-15T10:31:56.371000,96,,,
participant_13,3,day,Town10HD_Opt,2026-03-15 10:32:23.255058,51.13447189331055,70.1923599243164,0.0018754195189103,49.505,-15.233,0.713,0.0,0,0,1,,1.0,2026-03-15T10:32:23.255058,neutral,1.0,2026-03-15T10:32:22.360494,0.5195667084579038,2026-03-15T10:31:56.371000,96,,,
participant_13,3,day,Town10HD_Opt,2026-03-15 10:32:24.177880,59.7900505065918,69.76881408691406,0.0021090316586196,48.741,2.633,0.421,0.0,0,0,1,,1.0,2026-03-15T10:32:24.177880,neutral,1.0,2026-03-15T10:32:22.360494,0.5001575209224935,2026-03-15T10:31:56.371000,96,,,errors=Solid line crossing
participant_13,3,day,Town10HD_Opt,2026-03-15 10:32:25.084796,67.96259307861328,68.83442687988281,0.0022935485467314,42.788,4.806,0.0,0.0,0,0,1,,1.0,2026-03-15T10:32:25.084796,neutral,0.996,2026-03-15T10:32:25.084796,0.4153456642471975,2026-03-15T10:31:56.371000,95,,,
participant_13,3,day,Town10HD_Opt,2026-03-15 10:32:26.364691,76.33854675292969,69.24562072753906,0.0023743438068777,28.538,-0.233,0.0,0.3,0,0,1,,1.0,2026-03-15T10:32:26.364691,neutral,0.996,2026-03-15T10:32:25.084796,0.4823575891682415,2026-03-15T10:31:56.371000,96,,,
participant_13,3,day,Town10HD_Opt,2026-03-15 10:32:27.285498,80.602294921875,69.63390350341797,0.0023188018240034,19.413,-1.102,0.0,0.316,0,0,1,,1.0,2026-03-15T10:32:27.285498,neutral,1.0,2026-03-15T10:32:27.285498,0.511180294592777,2026-03-15T10:31:56.371000,97,,,
participant_13,3,day,Town10HD_Opt,2026-03-15 10:32:28.153325,83.50094604492188,69.8376235961914,0.0021133422851562,12.549,-0.618,0.0,0.44,0,0,1,,1.0,2026-03-15T10:32:28.153325,neutral,1.0,2026-03-15T10:32:27.285498,0.4482592335814128,2026-03-15T10:31:56.371000,97,,,
participant_13,3,day,Town10HD_Opt,2026-03-15 10:32:29.074827,85.26222229003906,69.94859313964844,0.0021187209058552,6.713,-0.468,0.0,0.556,0,0,1,,1.0,2026-03-15T10:32:29.074827,neutral,1.0,2026-03-15T10:32:27.285498,0.4530474315881672,2026-03-15T10:31:56.371000,94,,,
participant_13,3,day,Town10HD_Opt,2026-03-15 10:32:30.249212,85.51071166992188,69.9636459350586,0.0019449614919722,0.0,-0.233,0.0,0.465,0,0,1,,1.0,2026-03-15T10:32:30.249212,neutral,1.0,2026-03-15T10:32:30.249212,0.4653934343017728,2026-03-15T10:31:56.371000,96,,,
participant_13,3,day,Town10HD_Opt,2026-03-15 10:32:31.123378,85.5107421875,69.9636459350586,0.0019202422117814,0.0,2.21,0.0,0.0,0,0,1,,1.0,2026-03-15T10:32:31.123378,neutral,1.0,2026-03-15T10:32:30.249212,0.4129889448819883,2026-03-15T10:31:56.371000,97,,,
participant_13,3,day,Town10HD_Opt,2026-03-15 10:32:32.286755,85.58978271484375,69.97441101074219,0.0019017410231754,0.905,9.507,0.874,0.0,0,0,1,,1.0,2026-03-15T10:32:32.286755,neutral,1.0,2026-03-15T10:32:32.286755,0.4715882184929087,2026-03-15T10:31:56.371000,95,,,
participant_13,3,day,Town10HD_Opt,2026-03-15 10:32:33.165636,86.89723205566406,70.20716857910156,0.0014053344493731,16.385,10.478,1.0,0.0,0,0,1,,1.0,2026-03-15T10:32:33.165636,neutral,1.0,2026-03-15T10:32:32.286755,0.5173983435167382,2026-03-15T10:31:56.371000,96,,,
participant_13,3,day,Town10HD_Opt,2026-03-15 10:32:34.361383,92.37348175048828,72.1802749633789,0.0015481949085369,35.763,13.355,0.941,0.0,0,0,1,,1.0,2026-03-15T10:32:34.361383,neutral,0.998,2026-03-15T10:32:34.361383,0.5080693969477638,2026-03-15T10:31:56.371000,99,,,
participant_13,3,day,Town10HD_Opt,2026-03-15 10:32:35.284743,97.56658172607422,77.01618957519531,0.0017073821509256,46.938,18.503,0.915,0.0,0,0,1,,1.0,2026-03-15T10:32:35.284743,neutral,0.998,2026-03-15T10:32:34.361383,0.4215077509178215,2026-03-15T10:31:56.371000,96,,,
participant_13,3,day,Town10HD_Opt,2026-03-15 10:32:36.182818,99.52678680419922,85.37451171875,0.0021231842692941,48.843,4.584,0.909,0.0,0,0,1,,1.0,2026-03-15T10:32:36.182818,neutral,0.998,2026-03-15T10:32:34.361383,0.4357950518879179,2026-03-15T10:31:56.371000,95,,,
participant_13,3,day,Town10HD_Opt,2026-03-15 10:32:37.107577,98.81839752197266,94.1551284790039,0.0021760177332907,48.651,-1.034,0.894,0.0,0,0,1,,1.0,2026-03-15T10:32:37.107577,neutral,1.0,2026-03-15T10:32:37.107577,0.5723376085127371,2026-03-15T10:31:56.371000,96,,,
participant_13,3,day,Town10HD_Opt,2026-03-15 10:32:38.353897,97.17131805419922,105.58499145507812,0.0021327589638531,48.828,6.663,0.984,0.0,0,0,1,,1.0,2026-03-15T10:32:38.353897,neutral,1.0,2026-03-15T10:32:37.107577,0.4660780450662964,2026-03-15T10:31:56.371000,98,,,
participant_13,3,day,Town10HD_Opt,2026-03-15 10:32:39.252173,93.4603042602539,113.53990173339844,0.0022620009258389,47.444,4.291,1.0,0.0,0,0,1,,1.0,2026-03-15T10:32:39.252173,neutral,0.997,2026-03-15T10:32:39.252173,0.4660454818642079,2026-03-15T10:31:56.371000,96,,,
participant_13,3,day,Town10HD_Opt,2026-03-15 10:32:40.203052,88.24812316894531,120.56871795654295,0.0021535491105169,48.795,6.462,0.981,0.0,0,0,1,,1.0,2026-03-15T10:32:40.203052,neutral,0.997,2026-03-15T10:32:39.252173,0.4138228580497762,2026-03-15T10:31:56.371000,95,,,
participant_13,3,day,Town10HD_Opt,2026-03-15 10:32:41.069015,81.49916076660156,126.1270751953125,0.002000655978918,51.233,7.368,0.0,0.123,0,0,1,,1.0,2026-03-15T10:32:41.069015,neutral,0.997,2026-03-15T10:32:39.252173,0.4936317293125679,2026-03-15T10:31:56.371000,96,,,
participant_13,3,day,Town10HD_Opt,2026-03-15 10:32:42.255555,70.70674133300781,130.50965881347656,0.0021881102584302,48.762,4.551,1.0,0.0,0,0,1,,1.0,2026-03-15T10:32:42.255555,neutral,0.897,2026-03-15T10:32:42.255555,0.4929907629664992,2026-03-15T10:31:56.371000,98,,,
participant_13,3,day,Town10HD_Opt,2026-03-15 10:32:43.160028,62.0340461730957,131.8818359375,0.0021937561687082,48.573,4.459,1.0,0.0,0,0,1,,1.0,2026-03-15T10:32:43.160028,neutral,0.897,2026-03-15T10:32:42.255555,0.4799315501849135,2026-03-15T10:31:56.371000,96,,,
participant_13,3,day,Town10HD_Opt,2026-03-15 10:32:44.346103,50.39864730834961,132.06898498535156,0.002024192828685,50.618,-0.545,1.0,0.0,0,0,1,,1.0,2026-03-15T10:32:44.346103,neutral,0.999,2026-03-15T10:32:44.346103,0.5140820511565909,2026-03-15T10:31:56.371000,96,,,
participant_13,3,day,Town10HD_Opt,2026-03-15 10:32:45.263238,41.60719680786133,132.3148956298828,0.0020244598854333,50.679,0.409,1.0,0.0,0,0,1,,1.0,2026-03-15T10:32:45.263238,neutral,0.999,2026-03-15T10:32:44.346103,0.4798587055169474,2026-03-15T10:31:56.371000,95,,,
participant_13,3,day,Town10HD_Opt,2026-03-15 10:32:46.167646,32.80645751953125,132.43397521972656,0.0020262526813894,50.105,0.414,1.0,0.0,0,0,1,,1.0,2026-03-15T10:32:46.167646,neutral,0.999,2026-03-15T10:32:44.346103,0.4755325554156066,2026-03-15T10:31:56.371000,98,,,
participant_13,3,day,Town10HD_Opt,2026-03-15 10:32:47.345789,21.065629959106445,132.3981170654297,0.0019664764404296,50.382,0.052,0.537,0.0,0,0,1,,1.0,2026-03-15T10:32:47.345789,neutral,0.991,2026-03-15T10:32:47.345789,0.4872795323043397,2026-03-15T10:31:56.371000,96,,,
participant_13,3,day,Town10HD_Opt,2026-03-15 10:32:48.233443,12.812353134155272,132.33465576171875,0.0022724531590938,43.17,0.035,0.202,0.0,0,0,1,,1.0,2026-03-15T10:32:48.233443,neutral,0.991,2026-03-15T10:32:47.345789,0.4567012435634522,2026-03-15T10:31:56.371000,96,,,
participant_13,3,day,Town10HD_Opt,2026-03-15 10:32:49.214609,5.908196926116943,132.2705535888672,0.0023387526161968,34.465,0.035,0.0,0.0,0,0,1,,1.0,2026-03-15T10:32:49.214609,neutral,0.991,2026-03-15T10:32:47.345789,0.5501827911208027,2026-03-15T10:31:56.371000,96,,,
participant_13,3,day,Town10HD_Opt,2026-03-15 10:32:50.145111,0.521729052066803,132.21498107910156,0.0022959518246352,26.118,-0.127,0.0,0.0,0,0,1,,1.0,2026-03-15T10:32:50.145111,neutral,0.999,2026-03-15T10:32:50.145111,0.5070772179800425,2026-03-15T10:31:56.371000,96,,,
participant_13,3,day,Town10HD_Opt,2026-03-15 10:32:51.202031,-3.587240219116211,132.18002319335938,0.0022537994664162,19.932,-0.148,0.0,0.0,0,0,1,,1.0,2026-03-15T10:32:51.202031,neutral,0.999,2026-03-15T10:32:50.145111,0.5430959927552699,2026-03-15T10:31:56.371000,96,,,
participant_13,3,day,Town10HD_Opt,2026-03-15 10:32:52.104651,-6.693109512329102,132.16294860839844,0.0020191192161291,15.184,-0.148,0.0,0.0,0,0,1,,1.0,2026-03-15T10:32:52.104651,neutral,0.999,2026-03-15T10:32:50.145111,0.4832444759872394,2026-03-15T10:31:56.371000,96,,,
participant_13,3,day,Town10HD_Opt,2026-03-15 10:32:53.280809,-9.763509750366213,132.15402221679688,0.0020112609490752,11.131,-0.148,0.211,0.0,0,0,1,,1.0,2026-03-15T10:32:53.280809,neutral,0.999,2026-03-15T10:32:53.280809,0.4413868575629643,2026-03-15T10:31:56.371000,96,,,
participant_13,3,day,Town10HD_Opt,2026-03-15 10:32:54.209821,-11.837188720703123,132.15234375,0.0018350600730627,13.315,-0.148,0.336,0.0,0,0,1,,1.0,2026-03-15T10:32:54.209821,neutral,0.999,2026-03-15T10:32:53.280809,0.4876748263060537,2026-03-15T10:31:56.371000,95,,,
participant_13,3,day,Town10HD_Opt,2026-03-15 10:32:55.090489,-14.24028491973877,132.15463256835938,0.0019350051879882,13.87,-0.157,0.925,0.0,0,0,1,,1.0,2026-03-15T10:32:55.090489,neutral,0.999,2026-03-15T10:32:53.280809,0.605527873593758,2026-03-15T10:31:56.371000,94,,,
participant_13,3,day,Town10HD_Opt,2026-03-15 10:32:56.341147,-19.24937629699707,132.17257690429688,0.0015208434779196,32.334,-0.045,0.999,0.0,0,0,1,,1.0,2026-03-15T10:32:56.341147,neutral,0.998,2026-03-15T10:32:56.341147,0.5062516918198692,2026-03-15T10:31:56.371000,96,,,
participant_13,3,day,Town10HD_Opt,2026-03-15 10:32:57.323081,-26.074317932128903,131.8970489501953,0.0015889739152044,46.551,9.114,0.946,0.0,0,0,1,,1.0,2026-03-15T10:32:57.323081,neutral,0.998,2026-03-15T10:32:56.341147,0.5028010760405549,2026-03-15T10:31:56.371000,96,,,
participant_13,3,day,Town10HD_Opt,2026-03-15 10:32:58.301082,-34.2855110168457,129.2187957763672,0.0021779250819236,47.918,12.263,0.934,0.0,0,0,1,,1.0,2026-03-15T10:32:58.301082,neutral,0.998,2026-03-15T10:32:56.341147,0.4770874106394823,2026-03-15T10:31:56.371000,96,,,
participant_13,3,day,Town10HD_Opt,2026-03-15 10:32:59.226400,-40.41938781738281,123.18502044677734,0.0021065901964902,48.832,15.226,0.927,0.0,0,0,1,,1.0,2026-03-15T10:32:59.226400,neutral,0.996,2026-03-15T10:32:59.226400,0.4902776439162567,2026-03-15T10:31:56.371000,97,,,
participant_13,3,day,Town10HD_Opt,2026-03-15 10:33:00.221920,-42.64129257202149,114.91600036621094,0.0019319152925163,50.946,4.893,0.0,0.0,0,0,1,,1.0,2026-03-15T10:33:00.221920,neutral,0.996,2026-03-15T10:32:59.226400,0.4355425208473653,2026-03-15T10:31:56.371000,94,,,
participant_13,3,day,Town10HD_Opt,2026-03-15 10:33:01.193613,-42.49617004394531,106.26333618164062,0.0019896316807717,49.983,-2.546,0.528,0.0,0,0,1,,1.0,2026-03-15T10:33:01.193613,neutral,0.996,2026-03-15T10:32:59.226400,0.4291422031606111,2026-03-15T10:31:56.371000,96,,,
participant_13,3,day,Town10HD_Opt,2026-03-15 10:33:02.112354,-42.93846130371094,97.71207427978516,0.0023022459354251,44.575,-0.938,0.0,0.0,0,0,1,,1.0,2026-03-15T10:33:02.112354,neutral,0.998,2026-03-15T10:33:02.112354,0.4767345784718507,2026-03-15T10:33:01.945000,99,,,
participant_13,3,day,Town10HD_Opt,2026-03-15 10:33:03.088489,-43.58164596557617,90.7632827758789,0.0023274230770766,35.154,0.106,0.227,0.0,0,0,1,,1.0,2026-03-15T10:33:03.088489,neutral,0.998,2026-03-15T10:33:02.112354,0.4390717603319224,2026-03-15T10:33:02.979000,100,,,
participant_13,3,day,Town10HD_Opt,2026-03-15 10:33:04.321650,-43.86634826660156,82.93024444580078,0.0020009230356663,34.337,8.625,0.687,0.0,0,0,1,,1.0,2026-03-15T10:33:04.321650,neutral,0.99,2026-03-15T10:33:04.321650,0.5252422851446539,2026-03-15T10:33:03.969000,98,,,
participant_13,3,day,Town10HD_Opt,2026-03-15 10:33:05.284728,-42.31128692626953,76.57042694091797,0.0017763137584552,42.787,14.256,0.814,0.0,0,0,1,,1.0,2026-03-15T10:33:05.284728,neutral,0.99,2026-03-15T10:33:04.321650,0.4781228316369823,2026-03-15T10:33:05.009000,98,,,
participant_13,3,day,Town10HD_Opt,2026-03-15 10:33:06.306936,-37.34165573120117,70.54632568359375,0.0018877410329878,48.052,21.017,0.675,0.0,0,0,1,,1.0,2026-03-15T10:33:06.306936,neutral,0.99,2026-03-15T10:33:04.321650,0.5128012939820348,2026-03-15T10:33:05.994000,94,,,
participant_13,3,day,Town10HD_Opt,2026-03-15 10:33:07.342373,-29.38672065734864,68.94956970214844,0.0021106719505041,46.256,6.319,0.42,0.0,0,0,1,,1.0,2026-03-15T10:33:07.342373,neutral,0.989,2026-03-15T10:33:07.342373,0.4990564696293316,2026-03-15T10:33:06.984000,96,,,
participant_13,3,day,Town10HD_Opt,2026-03-15 10:33:08.314884,-21.54085350036621,70.1377944946289,0.0021474456880241,43.544,-4.841,0.261,0.0,0,0,1,,1.0,2026-03-15T10:33:08.314884,neutral,0.989,2026-03-15T10:33:07.342373,0.51794728111514,2026-03-15T10:33:08.289000,96,,,errors=Solid line crossing
participant_13,3,day,Town10HD_Opt,2026-03-15 10:33:09.299603,-14.296746253967283,70.46414947509766,0.0021852874197065,38.809,-1.775,0.263,0.0,0,0,1,,1.0,2026-03-15T10:33:09.299603,neutral,0.989,2026-03-15T10:33:07.342373,0.4535384472389612,2026-03-15T10:33:09.099000,97,,,
participant_13,3,day,Town10HD_Opt,2026-03-15 10:33:10.289268,-7.751583099365234,70.337158203125,0.0021038055419921,36.52,-0.604,0.541,0.0,0,0,1,,1.0,2026-03-15T10:33:10.289268,neutral,1.0,2026-03-15T10:33:10.289268,0.5344649047598575,2026-03-15T10:33:10,94,,,
participant_13,3,day,Town10HD_Opt,2026-03-15 10:33:11.213842,-1.188324213027954,70.01615142822266,0.0019756315741688,38.73,0.653,0.499,0.0,0,0,1,,1.0,2026-03-15T10:33:11.213842,neutral,1.0,2026-03-15T10:33:10.289268,0.4420204691673234,2026-03-15T10:33:11.079000,96,,,
participant_13,3,day,Town10HD_Opt,2026-03-15 10:33:12.179566,5.496570110321045,69.7731704711914,0.0022314072120934,35.089,0.04,0.0,0.0,0,0,1,,1.0,2026-03-15T10:33:12.179566,neutral,1.0,2026-03-15T10:33:10.289268,0.499543600433017,2026-03-15T10:33:12.069000,94,,,
participant_13,3,day,Town10HD_Opt,2026-03-15 10:33:13.144370,10.978073120117188,69.5953598022461,0.0022961043287068,27.053,0.75,0.0,0.0,0,0,1,,1.0,2026-03-15T10:33:13.144370,neutral,0.998,2026-03-15T10:33:13.144370,0.5669139580251792,2026-03-15T10:33:13.149000,95,,,
participant_13,3,day,Town10HD_Opt,2026-03-15 10:33:14.110177,15.16344165802002,69.53824615478516,0.0022607040591537,19.932,0.646,0.0,0.052,0,0,1,,1.0,2026-03-15T10:33:14.110177,neutral,0.998,2026-03-15T10:33:13.144370,0.5799981074007218,2026-03-15T10:33:14.049000,94,,,
participant_13,3,day,Town10HD_Opt,2026-03-15 10:33:15.074220,18.28743934631348,69.53801727294922,0.0020268631633371,14.995,0.646,0.0,0.072,0,0,1,,1.0,2026-03-15T10:33:15.074220,neutral,0.998,2026-03-15T10:33:13.144370,0.4863273425152375,2026-03-15T10:33:14.995000,93,,,
participant_13,3,day,Town10HD_Opt,2026-03-15 10:33:16.343512,21.260501861572266,69.57035827636719,0.0020327377133071,10.192,0.62,0.0,0.037,0,0,1,,1.0,2026-03-15T10:33:16.343512,neutral,0.979,2026-03-15T10:33:16.343512,0.4996599435981795,2026-03-15T10:33:16.029000,93,,,
participant_13,3,day,Town10HD_Opt,2026-03-15 10:33:17.348862,22.80422592163086,69.59928894042969,0.0020133589860051,7.259,0.618,0.0,0.044,0,0,1,,1.0,2026-03-15T10:33:17.348862,neutral,0.979,2026-03-15T10:33:16.343512,0.5162901054419686,2026-03-15T10:33:17.023000,93,,,
participant_13,3,day,Town10HD_Opt,2026-03-15 10:33:18.333993,23.812973022460938,69.62203979492188,0.0022953413426876,0.0,0.618,0.0,0.04,0,0,1,,1.0,2026-03-15T10:33:18.333993,neutral,0.979,2026-03-15T10:33:16.343512,0.5297159174679131,2026-03-15T10:33:18.144000,96,,,
participant_13,3,day,Town10HD_Opt,2026-03-15 10:33:19.366951,23.818639755249023,69.62217712402344,0.0019294356461614,0.605,0.618,0.657,0.0,0,0,1,,1.0,2026-03-15T10:33:19.366951,neutral,0.998,2026-03-15T10:33:19.366951,0.4631551094033123,2026-03-15T10:33:19.181000,95,,,
participant_13,3,day,Town10HD_Opt,2026-03-15 10:33:20.272767,24.733428955078125,69.6476821899414,0.0015630340203642,11.236,0.618,0.632,0.0,0,0,1,,1.0,2026-03-15T10:33:20.272767,neutral,0.998,2026-03-15T10:33:19.366951,0.5468207984817629,2026-03-15T10:33:19.993000,95,,,
participant_13,3,day,Town10HD_Opt,2026-03-15 10:33:21.218574,27.186248779296875,69.71173095703125,0.0017878722865134,16.127,-2.41,0.373,0.0,0,0,1,,1.0,2026-03-15T10:33:21.218574,neutral,0.998,2026-03-15T10:33:19.366951,0.6254373437216832,2026-03-15T10:33:20.980000,94,,,
participant_13,3,day,Town10HD_Opt,2026-03-15 10:33:22.174437,30.191869735717773,69.56603240966797,0.002067451365292,18.286,-7.813,0.355,0.0,0,0,1,,1.0,2026-03-15T10:33:22.174437,neutral,0.99,2026-03-15T10:33:22.174437,0.6791125709911182,2026-03-15T10:33:21.973000,97,,,
participant_13,3,day,Town10HD_Opt,2026-03-15 10:33:23.122075,33.3543815612793,68.9903564453125,0.0019603348337113,20.379,-8.942,0.986,0.0,0,0,1,,1.0,2026-03-15T10:33:23.122075,neutral,0.99,2026-03-15T10:33:22.174437,0.691516554262231,2026-03-15T10:33:23.005000,94,,,
participant_13,3,day,Town10HD_Opt,2026-03-15 10:33:24.321090,39.64154815673828,66.03275299072266,0.0015821075066924,40.813,-16.637,0.99,0.0,0,0,1,,1.0,2026-03-15T10:33:24.321090,neutral,0.988,2026-03-15T10:33:24.321090,0.6798672886169514,2026-03-15T10:33:23.950000,92,,,
participant_13,3,day,Town10HD_Opt,2026-03-15 10:33:25.266138,44.44182205200195,59.57305908203125,0.0014985656598582,51.213,-12.468,0.0,0.126,0,0,1,,1.0,2026-03-15T10:33:25.266138,neutral,0.988,2026-03-15T10:33:24.321090,0.7589435097771312,2026-03-15T10:33:25.014000,90,,,errors=Vehicle-pedestrian collision
participant_13,3,day,Town10HD_Opt,2026-03-15 10:33:26.163385,45.89402389526367,51.49143600463867,0.0023434448521584,41.377,-4.879,0.0,0.222,0,0,1,,1.0,2026-03-15T10:33:26.163385,neutral,0.988,2026-03-15T10:33:24.321090,0.7889142629735607,2026-03-15T10:33:26.019000,92,,,
participant_13,3,day,Town10HD_Opt,2026-03-15 10:33:27.328998,45.27631759643555,43.40645599365234,0.0023227690253406,28.358,3.16,0.0,0.0,0,0,1,,1.0,2026-03-15T10:33:27.328998,neutral,1.0,2026-03-15T10:33:27.328998,0.6689064095690969,2026-03-15T10:33:27.055000,93,,,
participant_13,3,day,Town10HD_Opt,2026-03-15 10:33:28.207274,45.17548370361328,38.85730743408203,0.0021012497600167,25.082,5.652,0.453,0.0,0,0,1,,1.0,2026-03-15T10:33:28.207274,neutral,1.0,2026-03-15T10:33:27.328998,0.7515379824011852,2026-03-15T10:33:27.954000,92,,,
participant_13,3,day,Town10HD_Opt,2026-03-15 10:33:29.130517,45.9063720703125,34.4398078918457,0.0020470046438276,26.11,19.712,0.415,0.0,0,0,1,,1.0,2026-03-15T10:33:29.130517,neutral,1.0,2026-03-15T10:33:27.328998,0.7106588898423091,2026-03-15T10:33:29.034000,94,,,
participant_13,3,day,Town10HD_Opt,2026-03-15 10:33:30.073227,48.42112350463867,30.663291931152344,0.0020793532021343,26.651,22.686,0.519,0.0,0,0,1,,1.0,2026-03-15T10:33:30.073227,neutral,0.989,2026-03-15T10:33:30.073227,0.6038042537540869,2026-03-15T10:33:29.979000,92,,,
participant_13,3,day,Town10HD_Opt,2026-03-15 10:33:31.294516,54.30816268920898,27.58519554138184,0.0019444655627012,31.242,6.419,0.51,0.0,0,0,1,,1.0,2026-03-15T10:33:31.294516,neutral,0.989,2026-03-15T10:33:30.073227,0.6077944682267811,2026-03-15T10:33:31.014000,91,,,
participant_13,3,day,Town10HD_Opt,2026-03-15 10:33:32.173312,59.76647186279297,26.18627166748047,0.0019843291956931,33.484,6.884,0.681,0.0,0,0,1,,1.0,2026-03-15T10:33:32.173312,neutral,0.987,2026-03-15T10:33:32.173312,0.5649195424943474,2026-03-15T10:33:31.959000,95,,,
participant_13,3,day,Town10HD_Opt,2026-03-15 10:33:33.086459,66.45782470703125,25.662960052490234,0.0016012954292818,45.943,3.648,0.967,0.0,0,0,1,,1.0,2026-03-15T10:33:33.086459,neutral,0.987,2026-03-15T10:33:32.173312,0.5959693365983617,2026-03-15T10:33:32.949000,90,,,
participant_13,3,day,Town10HD_Opt,2026-03-15 10:33:34.240081,78.00995635986328,26.05387306213379,0.002093200571835,49.284,-0.357,0.796,0.0,0,0,1,,1.0,2026-03-15T10:33:34.240081,neutral,0.998,2026-03-15T10:33:34.240081,0.5628067055042502,2026-03-15T10:33:33.982000,95,,,
participant_13,3,day,Town10HD_Opt,2026-03-15 10:33:35.122647,86.76494598388672,26.33601951599121,0.0040339659899473,48.512,-4.393,0.509,0.0,0,0,1,,1.0,2026-03-15T10:33:35.122647,neutral,0.998,2026-03-15T10:33:34.240081,0.6002502245987796,2026-03-15T10:33:35.110000,95,,,
participant_13,3,day,Town10HD_Opt,2026-03-15 10:33:36.291215,97.42963409423828,23.89350700378418,0.0021292113233357,46.021,-16.381,0.465,0.0,0,0,1,,1.0,2026-03-15T10:33:36.291215,neutral,1.0,2026-03-15T10:33:36.291215,0.6747025414406784,2026-03-15T10:33:35.964000,93,,,
participant_13,3,day,Town10HD_Opt,2026-03-15 10:33:37.219549,102.69915008544922,18.09329605102539,0.0021546555217355,44.344,-6.18,0.321,0.0,0,0,1,,1.0,2026-03-15T10:33:37.219549,neutral,1.0,2026-03-15T10:33:36.291215,0.8256134095429672,2026-03-15T10:33:36.956000,100,,,
participant_13,3,day,Town10HD_Opt,2026-03-15 10:33:38.074398,105.87483215332033,11.3076171875,0.0020714187994599,41.037,-4.171,0.322,0.0,0,0,1,,1.0,2026-03-15T10:33:38.074398,neutral,1.0,2026-03-15T10:33:36.291215,0.753634377009856,2026-03-15T10:33:38.125000,95,,,
participant_13,3,day,Town10HD_Opt,2026-03-15 10:33:39.280006,108.43348693847656,2.515019416809082,0.0021270369179546,37.465,-3.412,0.329,0.0,0,0,1,,1.0,2026-03-15T10:33:39.280006,neutral,0.964,2026-03-15T10:33:39.280006,0.8817899344769458,2026-03-15T10:33:38.979000,95,,,
participant_13,3,day,Town10HD_Opt,2026-03-15 10:33:40.153468,109.38117218017578,-3.866060495376587,0.0019956587348133,37.505,-3.664,0.761,0.0,0,0,1,,0.828,2026-03-15T10:33:40.153468,neutral,0.964,2026-03-15T10:33:39.280006,0.8542314312661712,2026-03-15T10:33:40.374000,96,,,
participant_13,3,day,Town10HD_Opt,2026-03-15 10:33:41.260075,109.48348999023438,-13.81802749633789,0.0017116927774623,51.068,-1.814,0.0,0.107,0,0,1,,1.0,2026-03-15T10:33:41.260075,neutral,0.964,2026-03-15T10:33:39.280006,0.9646877349294746,2026-03-15T10:33:41.319000,94,,,
participant_13,3,day,Town10HD_Opt,2026-03-15 10:33:42.134771,108.63858032226562,-22.645097732543945,0.0021734619513154,49.107,-1.659,0.99,0.0,0,0,1,,1.0,2026-03-15T10:33:42.134771,neutral,0.998,2026-03-15T10:33:42.134771,0.9791534365821284,2026-03-15T10:33:41.957000,92,,,
participant_13,3,day,Town10HD_Opt,2026-03-15 10:33:43.259781,106.1808090209961,-33.945220947265625,0.0019665146246552,50.427,-4.615,0.882,0.0,0,0,1,,1.0,2026-03-15T10:33:43.259781,neutral,0.998,2026-03-15T10:33:42.134771,0.9464213178744229,2026-03-15T10:33:42.985000,95,,,
participant_13,3,day,Town10HD_Opt,2026-03-15 10:33:44.103235,102.67327117919922,-42.06317901611328,0.0021558380685746,49.078,-3.328,0.791,0.0,0,0,1,,1.0,2026-03-15T10:33:44.103235,neutral,0.998,2026-03-15T10:33:42.134771,0.9139110472255888,2026-03-15T10:33:43.975000,94,,,
participant_13,3,day,Town10HD_Opt,2026-03-15 10:33:45.247742,96.20502471923828,-51.6884651184082,0.0019869613461196,50.504,-6.26,0.758,0.0,0,0,1,,1.0,2026-03-15T10:33:45.247742,neutral,0.983,2026-03-15T10:33:45.247742,0.9297353780098632,2026-03-15T10:33:45.009000,99,,,
participant_13,3,day,Town10HD_Opt,2026-03-15 10:33:46.121192,89.70213317871094,-57.32406997680664,0.0020846556872129,48.445,-5.879,0.591,0.0,0,0,1,,1.0,2026-03-15T10:33:46.121192,neutral,0.983,2026-03-15T10:33:45.247742,0.9652650691899708,2026-03-15T10:33:45.955000,93,,,
participant_13,3,day,Town10HD_Opt,2026-03-15 10:33:47.316710,79.353759765625,-62.344970703125,0.002021636813879,50.052,-4.261,0.51,0.0,0,0,1,,1.0,2026-03-15T10:33:47.316710,neutral,0.68,2026-03-15T10:33:47.316710,0.9528415036895536,2026-03-15T10:33:46.946000,97,,,
participant_13,3,day,Town10HD_Opt,2026-03-15 10:33:48.205457,70.8547592163086,-64.43563842773438,0.0020460509695112,50.045,-4.317,0.497,0.0,0,0,1,,1.0,2026-03-15T10:33:48.205457,neutral,0.68,2026-03-15T10:33:47.316710,0.9486289262033814,2026-03-15T10:33:47.980000,96,,,
participant_13,3,day,Town10HD_Opt,2026-03-15 10:33:49.091166,62.14619445800781,-65.10042572021484,0.0020481871906667,49.863,-0.696,0.492,0.0,0,0,1,,1.0,2026-03-15T10:33:49.091166,neutral,0.68,2026-03-15T10:33:47.316710,0.8364199227367397,2026-03-15T10:33:49.060000,95,,,
participant_13,3,day,Town10HD_Opt,2026-03-15 10:33:50.328918,50.54356002807617,-65.33110046386719,0.0020500181708484,49.56,-0.108,0.486,0.0,0,0,1,,1.0,2026-03-15T10:33:50.328918,neutral,0.982,2026-03-15T10:33:50.328918,0.8866212514772817,2026-03-15T10:33:50.095000,96,,,
participant_13,3,day,Town10HD_Opt,2026-03-15 10:33:51.245225,41.89413070678711,-65.54497528076172,0.0020505141001194,49.296,-0.2,0.485,0.0,0,0,1,,1.0,2026-03-15T10:33:51.245225,neutral,0.982,2026-03-15T10:33:50.328918,0.8381213825468662,2026-03-15T10:33:50.995000,94,,,
participant_13,3,day,Town10HD_Opt,2026-03-15 10:33:52.178224,33.28886032104492,-65.69174194335938,0.0020502090919762,49.042,-0.209,0.484,0.0,0,0,1,,1.0,2026-03-15T10:33:52.178224,neutral,0.982,2026-03-15T10:33:50.328918,0.8809998232846131,2026-03-15T10:33:52.030000,94,,,
participant_13,3,day,Town10HD_Opt,2026-03-15 10:33:53.097171,24.76774787902832,-65.76266479492188,0.0020824430976063,48.012,-0.28,0.433,0.0,0,0,1,,1.0,2026-03-15T10:33:53.097171,neutral,0.984,2026-03-15T10:33:53.097171,0.8585425538744647,2026-03-15T10:33:52.975000,95,,,
participant_13,3,day,Town10HD_Opt,2026-03-15 10:33:54.271849,14.494877815246582,-65.7260971069336,0.002362098544836,37.262,-0.275,0.0,0.0,0,0,1,,1.0,2026-03-15T10:33:54.271849,neutral,0.984,2026-03-15T10:33:53.097171,0.8622377868105412,2026-03-15T10:33:54.189000,96,,,
participant_13,3,day,Town10HD_Opt,2026-03-15 10:33:55.122964,8.673579216003418,-65.64204406738281,0.002309989882633,28.786,-0.068,0.0,0.0,0,0,1,,1.0,2026-03-15T10:33:55.122964,neutral,0.957,2026-03-15T10:33:55.122964,0.8151312751192223,2026-03-15T10:33:55.135000,93,,,
participant_13,3,day,Town10HD_Opt,2026-03-15 10:33:56.348542,2.9709115028381348,-65.55498504638672,0.0022455595899373,19.936,0.233,0.099,0.0,0,0,1,,1.0,2026-03-15T10:33:56.348542,neutral,0.957,2026-03-15T10:33:55.122964,0.935956231539994,2026-03-15T10:33:56.035000,95,,,
participant_13,3,day,Town10HD_Opt,2026-03-15 10:33:57.252875,-0.2686531841754913,-65.52167510986328,0.0018666075775399,17.627,0.242,0.161,0.0,0,0,1,,1.0,2026-03-15T10:33:57.252875,neutral,0.995,2026-03-15T10:33:57.252875,0.8771393036211954,2026-03-15T10:33:56.988000,94,,,
participant_13,3,day,Town10HD_Opt,2026-03-15 10:33:58.191965,-3.281399726867676,-65.50485229492188,0.0019070815760642,17.538,0.24,0.36,0.0,0,0,1,,1.0,2026-03-15T10:33:58.191965,neutral,0.995,2026-03-15T10:33:57.252875,0.8490698339213966,2026-03-15T10:33:57.969000,92,,,
participant_13,3,day,Town10HD_Opt,2026-03-15 10:33:59.074264,-6.429905891418457,-65.49793243408203,0.0020627593621611,18.076,0.155,0.33,0.0,0,0,1,,1.0,2026-03-15T10:33:59.074264,neutral,0.995,2026-03-15T10:33:57.252875,0.778571847151825,2026-03-15T10:33:58.960000,94,,,
participant_13,3,day,Town10HD_Opt,2026-03-15 10:34:00.282312,-10.672691345214844,-65.49989318847656,0.002023200970143,18.083,0.063,0.109,0.0,0,0,1,,1.0,2026-03-15T10:34:00.282312,neutral,0.991,2026-03-15T10:34:00.282312,0.7581696873715454,2026-03-15T10:33:59.995000,93,,,
participant_13,3,day,Town10HD_Opt,2026-03-15 10:34:01.130580,-13.668773651123049,-65.50391387939453,0.0020169448107481,15.092,-0.016,0.0,0.0,0,0,1,,1.0,2026-03-15T10:34:01.130580,neutral,0.991,2026-03-15T10:34:00.282312,0.657025563850342,2026-03-15T10:34:01.120000,91,,,
participant_13,3,day,Town10HD_Opt,2026-03-15 10:34:02.313106,-16.672637939453125,-65.50801849365234,0.0020219420548528,10.549,0.002,0.0,0.018,0,0,1,,1.0,2026-03-15T10:34:02.313106,neutral,0.999,2026-03-15T10:34:02.313106,0.6488379396026949,2026-03-15T10:34:02.335000,93,,,
participant_13,3,day,Town10HD_Opt,2026-03-15 10:34:03.188492,-18.26116752624512,-65.51024627685547,0.0020143126603215,7.46,0.002,0.0,0.053,0,0,1,,1.0,2026-03-15T10:34:03.188492,neutral,0.999,2026-03-15T10:34:02.313106,0.7019101678723858,2026-03-15T10:34:02.967000,93,,,
participant_13,3,day,Town10HD_Opt,2026-03-15 10:34:04.308207,-19.503204345703125,-65.51204681396484,0.0023023223038762,0.229,0.002,0.0,0.0,0,0,1,,1.0,2026-03-15T10:34:04.308207,neutral,0.999,2026-03-15T10:34:02.313106,0.7484902118415384,2026-03-15T10:34:03.955000,92,,,
participant_13,3,day,Town10HD_Opt,2026-03-15 10:34:05.151365,-19.54104995727539,-65.51204681396484,0.001928215031512,0.254,0.002,0.0,0.0,0,0,1,,1.0,2026-03-15T10:34:05.151365,neutral,0.993,2026-03-15T10:34:05.151365,0.7495129289895298,2026-03-15T10:34:05.125000,95,,,
participant_13,3,day,Town10HD_Opt,2026-03-15 10:34:06.327802,-19.59105491638184,-65.51204681396484,0.0019207381410524,0.177,0.002,0.0,0.0,0,0,1,,1.0,2026-03-15T10:34:06.327802,neutral,0.993,2026-03-15T10:34:05.151365,0.7474339812888116,2026-03-15T10:34:06.026000,98,,,
participant_13,3,day,Town10HD_Opt,2026-03-15 10:34:07.164389,-20.02985191345215,-65.51268768310547,0.0014955138321965,9.554,0.002,1.0,0.0,0,0,1,,1.0,2026-03-15T10:34:07.164389,neutral,0.988,2026-03-15T10:34:07.164389,0.7733223128922657,2026-03-15T10:34:07.015000,92,,,
participant_13,3,day,Town10HD_Opt,2026-03-15 10:34:08.286255,-24.41453742980957,-65.55168914794922,0.0015613173600286,29.503,0.693,1.0,0.0,0,0,1,,1.0,2026-03-15T10:34:08.286255,neutral,0.988,2026-03-15T10:34:07.164389,0.7984441912867728,2026-03-15T10:34:08.006000,93,,,
participant_13,3,day,Town10HD_Opt,2026-03-15 10:34:09.139852,-30.851730346679688,-65.7247314453125,0.0015395736554637,45.125,0.526,1.0,0.0,0,0,1,,1.0,2026-03-15T10:34:09.139852,neutral,0.988,2026-03-15T10:34:07.164389,0.7579197049447558,2026-03-15T10:34:09.265000,91,,,
participant_13,3,day,Town10HD_Opt,2026-03-15 10:34:10.329858,-42.40032196044922,-66.26886749267578,0.0021879577543586,48.879,0.08,0.994,0.0,0,0,1,,1.0,2026-03-15T10:34:10.329858,neutral,0.988,2026-03-15T10:34:10.329858,0.8095324574329323,2026-03-15T10:34:10.120000,95,,,
participant_13,3,day,Town10HD_Opt,2026-03-15 10:34:11.199775,-51.26269912719727,-66.76248168945312,0.0020346832461655,48.591,-0.221,0.986,0.0,0,0,1,,1.0,2026-03-15T10:34:11.199775,neutral,0.988,2026-03-15T10:34:10.329858,0.901127846970274,2026-03-15T10:34:11.200000,90,,,
participant_13,3,day,Town10HD_Opt,2026-03-15 10:34:12.261809,-62.92571258544922,-67.29655456542969,0.002147254999727,48.737,-1.144,0.973,0.0,0,0,1,,1.0,2026-03-15T10:34:12.261809,neutral,0.988,2026-03-15T10:34:10.329858,0.86897288155295,2026-03-15T10:34:12.010000,91,,,
participant_13,3,day,Town10HD_Opt,2026-03-15 10:34:13.101843,-71.69696044921875,-67.11225128173828,0.0022243116982281,48.011,-6.014,0.96,0.0,0,0,1,,1.0,2026-03-15T10:34:13.101843,neutral,0.981,2026-03-15T10:34:13.101843,0.8782273445711267,2026-03-15T10:34:13.001000,92,,,
participant_13,3,day,Town10HD_Opt,2026-03-15 10:34:14.230967,-82.97091674804688,-64.18118286132812,0.0021557998843491,49.135,-3.207,0.979,0.0,0,0,1,,1.0,2026-03-15T10:34:14.230967,neutral,0.981,2026-03-15T10:34:13.101843,0.9494467131831656,2026-03-15T10:34:14.124000,94,,,
participant_13,3,day,Town10HD_Opt,2026-03-15 10:34:15.086908,-90.92937469482422,-60.241458892822266,0.0022374724503606,48.436,-4.534,0.975,0.0,0,0,1,,1.0,2026-03-15T10:34:15.086908,neutral,0.981,2026-03-15T10:34:13.101843,0.9669627643071488,2026-03-15T10:34:15.025000,93,,,
participant_13,3,day,Town10HD_Opt,2026-03-15 10:34:16.260325,-99.72068786621094,-52.73151397705078,0.0020535278599709,50.047,-6.417,0.954,0.0,0,0,1,,1.0,2026-03-15T10:34:16.260325,neutral,0.73,2026-03-15T10:34:16.260325,0.8520324359365604,2026-03-15T10:34:16.060000,92,,,
participant_13,3,day,Town10HD_Opt,2026-03-15 10:34:17.148611,-104.41162109375,-45.35624313354492,0.0020930098835378,49.116,-3.886,0.939,0.0,0,0,1,,1.0,2026-03-15T10:34:17.148611,neutral,0.73,2026-03-15T10:34:16.260325,0.8777163011536161,2026-03-15T10:34:16.959000,92,,,
participant_13,3,day,Town10HD_Opt,2026-03-15 10:34:18.313743,-108.58953094482422,-34.480037689208984,0.0018844222649931,51.649,-4.07,0.0,0.148,0,0,1,,1.0,2026-03-15T10:34:18.313743,neutral,0.736,2026-03-15T10:34:18.313743,0.8782448540328205,2026-03-15T10:34:18.042000,91,,,
participant_13,3,day,Town10HD_Opt,2026-03-15 10:34:19.267079,-110.11576080322266,-25.83438491821289,0.0019031906267628,51.468,-3.459,0.0,0.147,0,0,1,,1.0,2026-03-15T10:34:19.267079,neutral,0.736,2026-03-15T10:34:18.313743,0.8665799429248069,2026-03-15T10:34:19.120000,93,,,
participant_13,3,day,Town10HD_Opt,2026-03-15 10:34:20.206655,-110.4317626953125,-17.06549072265625,0.0018895721295848,51.801,-0.141,0.0,0.18,0,0,1,,1.0,2026-03-15T10:34:20.206655,neutral,0.736,2026-03-15T10:34:18.313743,0.8907997920191323,2026-03-15T10:34:19.975000,93,,,
participant_13,3,day,Town10HD_Opt,2026-03-15 10:34:21.127948,-110.49827575683594,-8.296730995178223,0.0019414901034906,50.77,0.761,0.0,0.103,0,0,1,,1.0,2026-03-15T10:34:21.127948,neutral,0.941,2026-03-15T10:34:21.127948,0.860958721608158,2026-03-15T10:34:20.965000,92,,,
participant_13,3,day,Town10HD_Opt,2026-03-15 10:34:22.356335,-110.80023956298828,2.809173822402954,0.0022198485676199,43.781,-2.118,0.083,0.0,0,0,1,,1.0,2026-03-15T10:34:22.356335,neutral,0.941,2026-03-15T10:34:21.127948,0.8983584839723856,2026-03-15T10:34:22,96,,,
participant_13,3,day,Town10HD_Opt,2026-03-15 10:34:23.332995,-110.5102310180664,9.729766845703123,0.0023487852886319,34.426,-5.773,0.0,0.0,0,0,1,,1.0,2026-03-15T10:34:23.332995,neutral,0.996,2026-03-15T10:34:23.332995,0.7929242950056379,2026-03-15T10:34:23.170000,92,,,
participant_13,3,day,Town10HD_Opt,2026-03-15 10:34:24.233854,-109.3998794555664,14.968233108520508,0.002310981741175,26.718,-9.861,0.0,0.0,0,0,1,,1.0,2026-03-15T10:34:24.233854,neutral,0.996,2026-03-15T10:34:23.332995,0.8808695285214012,2026-03-15T10:34:23.983000,95,,,
participant_13,3,day,Town10HD_Opt,2026-03-15 10:34:25.116954,-107.67105102539062,18.6297607421875,0.0022671127226203,19.659,-11.318,0.0,0.0,0,0,1,,1.0,2026-03-15T10:34:25.116954,neutral,0.996,2026-03-15T10:34:23.332995,0.816449685467394,2026-03-15T10:34:25.060000,92,,,
participant_13,3,day,Town10HD_Opt,2026-03-15 10:34:26.132761,-105.79155731201172,21.159103393554688,0.0019943618681281,18.911,-6.35,0.822,0.0,0,0,1,,1.0,2026-03-15T10:34:26.132761,neutral,0.78,2026-03-15T10:34:26.132761,0.8473280779417265,2026-03-15T10:34:26.050000,90,,,
participant_13,3,day,Town10HD_Opt,2026-03-15 10:34:27.104393,-103.20694732666016,23.95134162902832,0.0018148040398955,25.631,-6.509,0.355,0.0,0,0,1,,1.0,2026-03-15T10:34:27.104393,neutral,0.78,2026-03-15T10:34:26.132761,0.8388501698913567,2026-03-15T10:34:27.041000,92,,,
participant_13,3,day,Town10HD_Opt,2026-03-15 10:34:28.376998,-98.58800506591795,27.1010971069336,0.002261581365019,20.228,-18.274,0.0,0.048,0,0,1,,1.0,2026-03-15T10:34:28.376998,neutral,0.95,2026-03-15T10:34:28.376998,0.9088768419176464,2026-03-15T10:34:27.986000,93,,,
participant_13,3,day,Town10HD_Opt,2026-03-15 10:34:29.088101,-96.68315887451172,27.67273330688477,0.0023987197782844,8.671,-12.92,0.0,0.12,0,0,1,,1.0,2026-03-15T10:34:29.088101,neutral,0.95,2026-03-15T10:34:28.376998,0.8630955179377712,2026-03-15T10:34:28.975000,92,,,
participant_13,3,day,Town10HD_Opt,2026-03-15 10:34:30.099532,-96.39871978759766,27.73311996459961,0.0020159911364316,0.024,-6.609,0.0,0.0,0,0,1,,1.0,2026-03-15T10:34:30.099532,neutral,0.95,2026-03-15T10:34:28.376998,0.8270715767566319,2026-03-15T10:34:30.055000,95,,,
participant_13,3,day,Town10HD_Opt,2026-03-15 10:34:31.346032,-96.39815521240234,27.73320960998535,0.001918182359077,0.138,-9.842,0.136,0.0,0,0,1,,1.0,2026-03-15T10:34:31.346032,neutral,0.957,2026-03-15T10:34:31.346032,0.8623744254320902,2026-03-15T10:34:31.045000,92,,,
participant_13,3,day,Town10HD_Opt,2026-03-15 10:34:32.321370,-96.33077239990234,27.7409896850586,0.0018422699067741,1.752,-11.827,0.293,0.0,0,0,1,,1.0,2026-03-15T10:34:32.321370,neutral,0.957,2026-03-15T10:34:31.346032,0.8181479726548283,2026-03-15T10:34:31.993000,94,,,
participant_13,3,day,Town10HD_Opt,2026-03-15 10:34:33.293559,-95.8106918334961,27.78276824951172,0.0018621062627062,3.992,-14.692,0.178,0.0,0,0,1,,1.0,2026-03-15T10:34:33.293559,neutral,0.957,2026-03-15T10:34:31.346032,0.8147884430255239,2026-03-15T10:34:33.026000,96,,,
participant_13,3,day,Town10HD_Opt,2026-03-15 10:34:34.225588,-95.0433578491211,27.804298400878903,0.0019198226509615,4.377,-10.571,0.0,0.0,0,0,1,,1.0,2026-03-15T10:34:34.225588,neutral,0.953,2026-03-15T10:34:34.225588,0.8618583204853734,2026-03-15T10:34:33.970000,97,,,
participant_13,3,day,Town10HD_Opt,2026-03-15 10:34:35.173801,-94.361083984375,27.83086585998535,0.00194980611559,3.375,-1.657,0.0,0.0,0,0,1,,1.0,2026-03-15T10:34:35.173801,neutral,0.953,2026-03-15T10:34:34.225588,0.8978487538056322,2026-03-15T10:34:34.960000,95,,,
participant_13,3,day,Town10HD_Opt,2026-03-15 10:34:36.130243,-93.83670806884766,27.8572940826416,0.0019438933813944,2.59,-4.162,0.0,0.0,0,0,1,,1.0,2026-03-15T10:34:36.130243,neutral,0.953,2026-03-15T10:34:34.225588,0.8334406983178615,2026-03-15T10:34:35.995000,94,,,
participant_13,3,day,Town10HD_Opt,2026-03-15 10:34:37.352559,-93.32176208496094,27.873544692993164,0.0019364166073501,1.821,-4.001,0.0,0.0,0,0,1,,1.0,2026-03-15T10:34:37.352559,neutral,1.0,2026-03-15T10:34:37.352559,0.8490185689965696,2026-03-15T10:34:37.075000,96,,,
participant_13,3,day,Town10HD_Opt,2026-03-15 10:34:38.318115,-93.03865814208984,27.88001251220703,0.0019324492895975,1.398,-4.011,0.0,0.0,0,0,1,,1.0,2026-03-15T10:34:38.318115,neutral,1.0,2026-03-15T10:34:37.352559,0.924667847649474,2026-03-15T10:34:38.156000,97,,,
participant_13,3,day,Town10HD_Opt,2026-03-15 10:34:39.352159,-92.8213882446289,27.883695602416992,0.0019293593941256,1.073,-3.943,0.0,0.0,0,0,1,,1.0,2026-03-15T10:34:39.352159,neutral,1.0,2026-03-15T10:34:37.352559,0.85360451517262,2026-03-15T10:34:39.011000,97,,,
participant_13,3,day,Town10HD_Opt,2026-03-15 10:34:40.326178,-92.65528869628906,27.8867301940918,0.0019308852497488,0.717,-2.642,0.103,0.0,0,0,1,,1.0,2026-03-15T10:34:40.326178,neutral,0.994,2026-03-15T10:34:40.326178,0.8501565256939807,2026-03-15T10:34:40.092000,97,,,
participant_13,3,day,Town10HD_Opt,2026-03-15 10:34:41.338683,-92.1551742553711,27.89859962463379,0.0015985870268195,8.345,-0.98,0.856,0.0,0,0,1,,1.0,2026-03-15T10:34:41.338683,neutral,0.994,2026-03-15T10:34:40.326178,0.8661452407000556,2026-03-15T10:34:40.990000,96,,,
participant_13,3,day,Town10HD_Opt,2026-03-15 10:34:42.357100,-89.66814422607422,27.95488739013672,0.0018820952391251,18.368,-1.008,0.412,0.0,0,0,1,,1.0,2026-03-15T10:34:42.357100,neutral,0.962,2026-03-15T10:34:42.357100,0.7732885181938088,2026-03-15T10:34:42.120000,96,,,
participant_13,3,day,Town10HD_Opt,2026-03-15 10:34:43.304637,-86.47209930419922,27.97361183166504,0.0018561935285106,17.469,-1.295,0.0,0.0,0,0,1,,1.0,2026-03-15T10:34:43.304637,neutral,0.962,2026-03-15T10:34:42.357100,0.8708641539127556,2026-03-15T10:34:43.106000,98,,,
participant_13,3,day,Town10HD_Opt,2026-03-15 10:34:44.236510,-83.737548828125,27.9432315826416,0.0020410155411809,13.488,0.188,0.0,0.0,0,0,1,,1.0,2026-03-15T10:34:44.236510,neutral,0.962,2026-03-15T10:34:42.357100,0.851598089663163,2026-03-15T10:34:44.275000,95,,,
participant_13,3,day,Town10HD_Opt,2026-03-15 10:34:45.229347,-81.63555908203125,27.93996238708496,0.0020180509891361,10.362,1.034,0.0,0.0,0,0,1,,1.0,2026-03-15T10:34:45.229347,neutral,0.998,2026-03-15T10:34:45.229347,0.8971084229862762,2026-03-15T10:34:45.039000,97,,,
participant_13,3,day,Town10HD_Opt,2026-03-15 10:34:46.188158,-80.02142333984375,27.95696258544922,0.0019953155424445,7.956,1.022,0.0,0.0,0,0,1,,1.0,2026-03-15T10:34:46.188158,neutral,0.998,2026-03-15T10:34:45.229347,0.8084351964070423,2026-03-15T10:34:46.120000,95,,,
participant_13,3,day,Town10HD_Opt,2026-03-15 10:34:47.158013,-78.7822494506836,27.97962188720703,0.0019776534754782,6.108,0.888,0.0,0.0,0,0,1,,1.0,2026-03-15T10:34:47.158013,neutral,0.998,2026-03-15T10:34:45.229347,0.834368225791527,2026-03-15T10:34:47.200000,96,,,
participant_13,3,day,Town10HD_Opt,2026-03-15 10:34:48.078781,-78.16515350341797,27.99277305603028,0.0021456908434629,0.0,0.893,0.0,0.016,0,0,1,,1.0,2026-03-15T10:34:48.078781,neutral,0.996,2026-03-15T10:34:48.078781,0.8549652350427143,2026-03-15T10:34:48.416000,94,,,
participant_13,3,day,Town10HD_Opt,2026-03-15 10:34:49.314144,-78.16398620605469,27.99280548095703,0.001922111492604,0.004,0.898,0.0,0.0,0,0,1,,1.0,2026-03-15T10:34:49.314144,neutral,0.996,2026-03-15T10:34:48.078781,0.861519734329431,2026-03-15T10:34:49,96,,,
participant_13,3,day,Town10HD_Opt,2026-03-15 10:34:50.305500,-78.16368103027344,27.992807388305664,0.001919288537465,0.001,0.592,0.0,0.0,0,0,1,,1.0,2026-03-15T10:34:50.305500,neutral,0.998,2026-03-15T10:34:50.305500,0.8748315397663968,2026-03-15T10:34:50.007000,93,,,
participant_13,3,day,Town10HD_Opt,2026-03-15 10:34:51.216009,-78.16364288330078,27.992807388305664,0.0019188689766451,0.006,0.583,0.0,0.0,0,0,1,,1.0,2026-03-15T10:34:51.216009,neutral,0.998,2026-03-15T10:34:50.305500,0.8608230826140659,2026-03-15T10:34:50.981000,94,,,
participant_13,3,day,Town10HD_Opt,2026-03-15 10:34:52.101663,-78.16368103027344,27.992807388305664,0.001918678288348,0.006,0.583,0.0,0.0,0,0,1,,1.0,2026-03-15T10:34:52.101663,neutral,0.998,2026-03-15T10:34:50.305500,0.9430168018713284,2026-03-15T10:34:52.016000,97,,,
participant_13,3,day,Town10HD_Opt,2026-03-15 10:34:53.065890,-78.16358947753906,27.992807388305664,0.0019189834129065,0.002,0.583,0.0,0.0,0,0,1,,1.0,2026-03-15T10:34:53.065890,neutral,0.995,2026-03-15T10:34:53.065890,0.9025380823160885,2026-03-15T10:34:52.961000,94,,,
participant_13,4,day,Town10HD_Opt,2026-03-15 10:45:00.000000,-41.66858673095703,89.7454833984375,0.580491840839386,19.479,0.945,0.498,0.0,0,0,1,,1.0,2026-03-15T10:45:00,,,2026-03-15T10:45:00,0.7679226937415864,2026-03-15T10:45:00,90,,,
participant_13,4,day,Town10HD_Opt,2026-03-15 10:45:04.556365,-41.69210815429688,84.68925476074219,0.0019663241691887,19.859,1.434,0.498,0.0,0,0,1,,0.896,2026-03-15T10:45:04.556365,,,2026-03-15T10:45:04.556365,0.7494344777585179,,90,,,
participant_13,4,day,Town10HD_Opt,2026-03-15 10:45:05.213923,-41.62057876586914,82.25509643554688,0.0019235233776271,22.377,4.473,0.523,0.0,0,0,1,,0.931,2026-03-15T10:45:05.213923,,,2026-03-15T10:45:04.556365,0.8018283733245944,2026-03-15T10:45:04.996000,89,,,
participant_13,4,day,Town10HD_Opt,2026-03-15 10:45:06.272147,-41.00567626953125,78.08563232421875,0.0019285206217318,26.257,12.68,0.523,0.0,0,0,1,,0.839,2026-03-15T10:45:06.272147,,,2026-03-15T10:45:04.556365,0.7308065571727321,2026-03-15T10:45:06.031000,91,,,
participant_13,4,day,Town10HD_Opt,2026-03-15 10:45:06.988639,-39.84243774414063,75.14991760253906,0.0019607164431363,28.408,17.448,0.507,0.0,0,0,1,,0.875,2026-03-15T10:45:06.988639,happy,0.641,2026-03-15T10:45:06.988639,0.7224938561972434,2026-03-15T10:45:06.975000,89,,,
participant_13,4,day,Town10HD_Opt,2026-03-15 10:45:08.028204,-36.43779373168945,71.36238098144531,0.0020423887763172,30.178,21.066,0.229,0.0,0,0,1,,0.909,2026-03-15T10:45:08.028204,happy,0.641,2026-03-15T10:45:06.988639,0.738744289587155,2026-03-15T10:45:07.965000,88,,,
participant_13,4,day,Town10HD_Opt,2026-03-15 10:45:09.023183,-31.97286796569824,69.71484375,0.0022974386811256,23.924,13.071,0.007,0.0,0,0,1,,0.886,2026-03-15T10:45:09.023183,neutral,0.754,2026-03-15T10:45:09.023183,0.7649927832657032,2026-03-15T10:45:09.001000,91,,,
participant_13,4,day,Town10HD_Opt,2026-03-15 10:45:10.029450,-28.131872177124023,69.48541259765625,0.0020796202588826,21.617,3.346,0.562,0.0,0,0,1,,1.0,2026-03-15T10:45:10.029450,neutral,0.754,2026-03-15T10:45:09.023183,0.705497760755633,2026-03-15T10:45:09.991000,90,,,
participant_13,4,day,Town10HD_Opt,2026-03-15 10:45:11.001731,-24.020187377929688,69.49532318115234,0.0019007114460691,25.989,1.083,0.543,0.0,0,0,1,,0.841,2026-03-15T10:45:11.001731,neutral,0.754,2026-03-15T10:45:09.023183,0.7591746055485296,2026-03-15T10:45:10.980000,92,,,
participant_13,4,day,Town10HD_Opt,2026-03-15 10:45:12.236099,-17.374366760253906,69.6451187133789,0.0019244388677179,31.148,-0.026,0.521,0.0,0,0,1,,1.0,2026-03-15T10:45:12.236099,neutral,0.626,2026-03-15T10:45:12.236099,0.6989384645755896,2026-03-15T10:45:11.970000,96,,,
participant_13,4,day,Town10HD_Opt,2026-03-15 10:45:13.167121,-11.78439998626709,69.7906494140625,0.002047958318144,31.881,-0.2,0.318,0.0,0,0,1,,0.828,2026-03-15T10:45:13.167121,neutral,0.626,2026-03-15T10:45:12.236099,0.7376177509618762,2026-03-15T10:45:13.005000,99,,,
participant_13,4,day,Town10HD_Opt,2026-03-15 10:45:14.173638,-6.358992099761963,69.90387725830078,0.0021210857667028,29.668,-0.045,0.214,0.0,0,0,1,,0.912,2026-03-15T10:45:14.173638,neutral,0.626,2026-03-15T10:45:12.236099,0.7325679929157334,2026-03-15T10:45:13.998000,96,,,
participant_13,4,day,Town10HD_Opt,2026-03-15 10:45:15.098656,-1.4475032091140747,69.996337890625,0.0021596902515739,26.009,-0.341,0.254,0.0,0,0,1,,0.897,2026-03-15T10:45:15.098656,neutral,0.685,2026-03-15T10:45:15.098656,0.7691889957528206,2026-03-15T10:45:14.986000,100,,,
participant_13,4,day,Town10HD_Opt,2026-03-15 10:45:16.072680,2.9395172595977783,70.04229736328125,0.0021123883780092,23.957,-0.515,0.264,0.0,0,0,1,,0.895,2026-03-15T10:45:16.072680,neutral,0.685,2026-03-15T10:45:15.098656,0.8263515207745783,2026-03-15T10:45:15.976000,100,,,
participant_13,4,day,Town10HD_Opt,2026-03-15 10:45:17.070297,6.995176792144775,70.04603576660156,0.0020938871894031,22.357,0.197,0.255,0.0,0,0,1,,1.0,2026-03-15T10:45:17.070297,neutral,0.685,2026-03-15T10:45:15.098656,0.8058569859906455,2026-03-15T10:45:16.966000,100,,,
participant_13,4,day,Town10HD_Opt,2026-03-15 10:45:18.031271,10.721563339233398,70.0591049194336,0.0021439739502966,19.567,0.228,0.0,0.0,0,0,1,,0.865,2026-03-15T10:45:18.031271,neutral,0.937,2026-03-15T10:45:18.031271,0.8001031913496801,2026-03-15T10:45:18,98,,,
participant_13,4,day,Town10HD_Opt,2026-03-15 10:45:19.032156,13.808796882629396,70.07781219482422,0.0019962687510997,15.738,0.068,0.067,0.0,0,0,1,,0.881,2026-03-15T10:45:19.032156,neutral,0.937,2026-03-15T10:45:18.031271,0.7633249750364826,2026-03-15T10:45:18.991000,100,,,
participant_13,4,day,Town10HD_Opt,2026-03-15 10:45:20.025333,16.344589233398438,70.09612274169922,0.0020029065199196,13.087,0.099,0.067,0.0,0,0,1,,0.892,2026-03-15T10:45:20.025333,neutral,0.937,2026-03-15T10:45:18.031271,0.7828674356605554,2026-03-15T10:45:19.981000,102,,,
participant_13,4,day,Town10HD_Opt,2026-03-15 10:45:21.003423,18.46075820922852,70.11309051513672,0.0019866176880896,10.966,0.042,0.066,0.0,0,0,1,,0.962,2026-03-15T10:45:21.003423,neutral,0.821,2026-03-15T10:45:21.003423,0.7492832672351306,2026-03-15T10:45:20.971000,99,,,
participant_13,4,day,Town10HD_Opt,2026-03-15 10:45:21.992582,20.23729133605957,70.12801361083984,0.0019747540354728,9.223,0.042,0.066,0.0,0,0,1,,0.936,2026-03-15T10:45:21.992582,neutral,0.821,2026-03-15T10:45:21.003423,0.8129519759953101,,100,,,
participant_13,4,day,Town10HD_Opt,2026-03-15 10:45:23.255783,22.194204330444336,70.14530944824219,0.0019496915629133,7.65,0.04,0.056,0.0,0,0,1,,0.893,2026-03-15T10:45:23.255783,neutral,0.919,2026-03-15T10:45:23.255783,0.8050167739815703,2026-03-15T10:45:22.995000,95,,,
participant_13,4,day,Town10HD_Opt,2026-03-15 10:45:24.242579,23.432716369628903,70.15670776367188,0.0019607541617006,6.373,0.04,0.059,0.0,0,0,1,,0.912,2026-03-15T10:45:24.242579,neutral,0.919,2026-03-15T10:45:23.255783,0.7014941632991856,2026-03-15T10:45:23.985000,96,,,
participant_13,4,day,Town10HD_Opt,2026-03-15 10:45:25.157509,24.456445693969727,70.16641235351562,0.0019548796117305,5.251,0.04,0.059,0.0,0,0,1,,0.954,2026-03-15T10:45:25.157509,neutral,0.919,2026-03-15T10:45:23.255783,0.7489331703745709,2026-03-15T10:45:24.977000,96,,,
participant_13,4,day,Town10HD_Opt,2026-03-15 10:45:26.088267,25.30670166015625,70.17494201660156,0.0059204897843301,4.578,0.04,0.0,0.0,0,0,1,,0.925,2026-03-15T10:45:26.088267,neutral,0.833,2026-03-15T10:45:26.088267,0.7085262573843688,2026-03-15T10:45:26.010000,96,,,
participant_13,4,day,Town10HD_Opt,2026-03-15 10:45:27.022908,25.67823028564453,70.17906188964844,0.0018716807244345,0.004,0.04,0.0,0.076,0,0,1,,0.918,2026-03-15T10:45:27.022908,neutral,0.833,2026-03-15T10:45:26.088267,0.7509308749553225,2026-03-15T10:45:27.001000,95,,,
participant_13,4,day,Town10HD_Opt,2026-03-15 10:45:28.211095,26.066650390625,70.1833267211914,0.0016047679819166,7.535,0.002,0.727,0.0,0,0,1,,0.962,2026-03-15T10:45:28.211095,neutral,0.895,2026-03-15T10:45:28.211095,0.7169406805161587,2026-03-15T10:45:27.990000,95,,,
participant_13,4,day,Town10HD_Opt,2026-03-15 10:45:29.228408,28.084482192993164,70.17721557617188,0.001764221698977,14.112,-4.572,0.285,0.0,0,0,1,,0.952,2026-03-15T10:45:29.228408,neutral,0.895,2026-03-15T10:45:28.211095,0.864205241320285,2026-03-15T10:45:28.981000,95,,,errors=Stop sign violation
participant_13,4,day,Town10HD_Opt,2026-03-15 10:45:30.143402,30.63481330871582,69.90837860107422,0.0018111802637577,15.355,-9.502,0.286,0.0,0,0,1,,0.947,2026-03-15T10:45:30.143402,neutral,0.895,2026-03-15T10:45:28.211095,0.7868297449846472,2026-03-15T10:45:29.971000,91,,,
participant_13,4,day,Town10HD_Opt,2026-03-15 10:45:31.074672,33.31390380859375,69.2465591430664,0.0019025038927793,16.145,-10.814,0.24,0.0,0,0,1,,0.902,2026-03-15T10:45:31.074672,happy,0.911,2026-03-15T10:45:31.074672,0.7907423291770737,,92,,,
participant_13,4,day,Town10HD_Opt,2026-03-15 10:45:32.018075,35.8979377746582,68.11282348632812,0.0019260406261309,16.217,-12.83,0.239,0.0,0,0,1,,0.921,2026-03-15T10:45:32.018075,happy,0.911,2026-03-15T10:45:31.074672,0.7370790112019344,2026-03-15T10:45:31.996000,92,,,
participant_13,4,day,Town10HD_Opt,2026-03-15 10:45:33.017303,38.24033737182617,66.5172119140625,0.0019257353851571,16.284,-12.226,0.24,0.0,0,0,1,,0.914,2026-03-15T10:45:33.017303,happy,0.911,2026-03-15T10:45:31.074672,0.7512525998627085,2026-03-15T10:45:32.986000,93,,,
participant_13,4,day,Town10HD_Opt,2026-03-15 10:45:34.257254,41.02660369873047,63.78072738647461,0.0019738771952688,18.586,-11.421,0.51,0.0,0,0,1,,0.925,2026-03-15T10:45:34.257254,neutral,0.727,2026-03-15T10:45:34.257254,0.8452836932609383,2026-03-15T10:45:34.022000,91,Solid line crossing,Solid line crossing,
participant_13,4,day,Town10HD_Opt,2026-03-15 10:45:35.244301,42.90620422363281,60.97454452514648,0.0019210819154977,21.142,-12.284,0.496,0.0,0,0,1,,0.923,2026-03-15T10:45:35.244301,neutral,0.727,2026-03-15T10:45:34.257254,0.8124118292961094,2026-03-15T10:45:34.966000,94,,,
participant_13,4,day,Town10HD_Opt,2026-03-15 10:45:36.177870,44.33528900146485,57.28743362426758,0.0019484712975099,24.51,-12.207,0.475,0.0,0,0,1,,0.961,2026-03-15T10:45:36.177870,neutral,0.727,2026-03-15T10:45:34.257254,0.874686754562137,2026-03-15T10:45:36.001000,94,Solid line crossing,Solid line crossing,
participant_13,4,day,Town10HD_Opt,2026-03-15 10:45:37.112733,44.8818359375,52.99919891357422,0.0020882794633507,24.282,-8.129,0.342,0.0,0,0,1,,0.981,2026-03-15T10:45:37.112733,neutral,0.699,2026-03-15T10:45:37.112733,0.7958483032816319,2026-03-15T10:45:36.991000,98,,,
participant_13,4,day,Town10HD_Opt,2026-03-15 10:45:38.062122,44.73675537109375,48.74346923828125,0.0020316315349191,24.66,-3.888,0.365,0.0,0,0,1,,0.937,2026-03-15T10:45:38.062122,neutral,0.699,2026-03-15T10:45:37.112733,0.7789806886871988,2026-03-15T10:45:37.981000,94,,,
participant_13,4,day,Town10HD_Opt,2026-03-15 10:45:39.057333,44.25237655639648,44.60296249389648,0.0021899407729506,21.749,-1.756,0.0,0.0,0,0,1,,0.871,2026-03-15T10:45:39.057333,neutral,0.699,2026-03-15T10:45:37.112733,0.8566291054440879,2026-03-15T10:45:38.971000,93,,,
participant_13,4,day,Town10HD_Opt,2026-03-15 10:45:40.007159,43.96416091918945,41.25164413452149,0.0020773694850504,18.331,10.132,0.513,0.0,0,0,1,,0.916,2026-03-15T10:45:40.007159,neutral,0.682,2026-03-15T10:45:40.007159,0.8846778495747506,,94,,,
participant_13,4,day,Town10HD_Opt,2026-03-15 10:45:41.248722,44.64871597290039,36.25835037231445,0.0017339716432616,28.232,10.829,0.691,0.0,0,0,1,,0.936,2026-03-15T10:45:41.248722,neutral,0.682,2026-03-15T10:45:40.007159,0.7898297354488818,2026-03-15T10:45:40.996000,92,,,
participant_13,4,day,Town10HD_Opt,2026-03-15 10:45:42.190453,46.93874740600586,31.37132453918457,0.001958237029612,33.014,20.203,0.503,0.0,0,0,1,,0.892,2026-03-15T10:45:42.190453,neutral,0.494,2026-03-15T10:45:42.190453,0.7700374878517516,2026-03-15T10:45:41.986000,90,,,
participant_13,4,day,Town10HD_Opt,2026-03-15 10:45:43.134565,51.59368896484375,27.88703727722168,0.0020422362722456,34.54,16.957,0.419,0.0,0,0,1,,0.908,2026-03-15T10:45:43.134565,neutral,0.494,2026-03-15T10:45:42.190453,0.8717084437681728,2026-03-15T10:45:42.976000,90,,,
participant_13,4,day,Town10HD_Opt,2026-03-15 10:45:44.097896,57.39482879638672,26.499229431152344,0.0021314998157322,32.923,2.972,0.2,0.0,0,0,1,,0.881,2026-03-15T10:45:44.097896,neutral,0.494,2026-03-15T10:45:42.190453,0.8033334757516746,2026-03-15T10:45:43.966000,92,,,
participant_13,4,day,Town10HD_Opt,2026-03-15 10:45:45.020794,62.75966644287109,25.826772689819336,0.0022083276417106,27.499,-0.063,0.0,0.0,0,0,1,,0.965,2026-03-15T10:45:45.020794,sad,0.32,2026-03-15T10:45:45.020794,0.7190003588199475,2026-03-15T10:45:45.001000,90,,,
participant_13,4,day,Town10HD_Opt,2026-03-15 10:45:46.204369,68.25377655029297,25.31534576416016,0.0022480764891952,19.152,3.82,0.0,0.0,0,0,1,,0.955,2026-03-15T10:45:46.204369,sad,0.32,2026-03-15T10:45:45.020794,0.724691219520495,2026-03-15T10:45:46.036000,93,,,
participant_13,4,day,Town10HD_Opt,2026-03-15 10:45:47.084169,71.24223327636719,25.23892593383789,0.0020334620494395,14.846,0.139,0.011,0.0,0,0,1,,1.0,2026-03-15T10:45:47.084169,neutral,0.9,2026-03-15T10:45:47.084169,0.662417382867578,2026-03-15T10:45:46.981000,92,,,
participant_13,4,day,Town10HD_Opt,2026-03-15 10:45:48.259339,74.2171401977539,25.167490005493164,0.0020170209463685,10.565,0.888,0.011,0.0,0,0,1,,0.835,2026-03-15T10:45:48.259339,neutral,0.9,2026-03-15T10:45:47.084169,0.6463807058551101,2026-03-15T10:45:47.971000,91,,,
participant_13,4,day,Town10HD_Opt,2026-03-15 10:45:49.164129,75.8602294921875,25.140743255615234,0.0019994731992483,8.047,0.035,0.011,0.0,0,0,1,,0.903,2026-03-15T10:45:49.164129,neutral,0.946,2026-03-15T10:45:49.164129,0.8181913633712915,,93,,,
participant_13,4,day,Town10HD_Opt,2026-03-15 10:45:50.019036,77.09668731689453,25.1210880279541,0.0019863124471157,5.94,0.529,0.012,0.0,0,0,1,,0.956,2026-03-15T10:45:50.019036,neutral,0.946,2026-03-15T10:45:49.164129,0.7415552060222126,2026-03-15T10:45:49.996000,92,,,
participant_13,4,day,Town10HD_Opt,2026-03-15 10:45:51.129372,78.23359680175781,25.11000633239746,0.0019415662391111,4.146,0.637,0.0,0.0,0,0,1,,0.915,2026-03-15T10:45:51.129372,neutral,0.946,2026-03-15T10:45:49.164129,0.818608433139572,2026-03-15T10:45:50.986000,95,,,
participant_13,4,day,Town10HD_Opt,2026-03-15 10:45:52.018302,78.88561248779297,25.10610008239746,0.0019487760728225,3.222,0.764,0.0,0.0,0,0,1,,0.881,2026-03-15T10:45:52.018302,sad,0.539,2026-03-15T10:45:52.018302,0.7234087892485518,2026-03-15T10:45:51.976000,100,,,
participant_13,4,day,Town10HD_Opt,2026-03-15 10:45:53.150864,79.52737426757812,25.10445976257324,0.0019408796215429,2.265,0.764,0.0,0.0,0,0,1,,0.9,2026-03-15T10:45:53.150864,sad,0.539,2026-03-15T10:45:52.018302,0.7045459819940818,2026-03-15T10:45:53.011000,100,,,
participant_13,4,day,Town10HD_Opt,2026-03-15 10:45:53.997468,79.68414306640625,25.104232788085938,0.0019604489207267,0.0,0.75,0.0,0.04,0,0,1,,0.92,2026-03-15T10:45:53.997468,sad,0.539,2026-03-15T10:45:52.018302,0.7186302014680372,2026-03-15T10:45:54.001000,100,,,
participant_13,4,day,Town10HD_Opt,2026-03-15 10:45:55.217421,79.68492889404297,25.104232788085938,0.0019194030901417,0.0,0.757,0.0,0.0,0,0,1,,0.925,2026-03-15T10:45:55.217421,neutral,0.896,2026-03-15T10:45:55.217421,0.6864592674269147,2026-03-15T10:45:55.036000,99,,,
participant_13,4,day,Town10HD_Opt,2026-03-15 10:45:56.095863,79.6849136352539,25.104232788085938,0.0019188307924196,0.006,0.757,0.0,0.0,0,0,1,,0.923,2026-03-15T10:45:56.095863,neutral,0.896,2026-03-15T10:45:55.217421,0.6344761359233341,2026-03-15T10:45:56.028000,98,,,
participant_13,4,day,Town10HD_Opt,2026-03-15 10:45:57.251035,79.68504333496094,25.104232788085938,0.0019188307924196,0.006,0.757,0.0,0.0,0,0,1,,1.0,2026-03-15T10:45:57.251035,neutral,0.885,2026-03-15T10:45:57.251035,0.6519297976329638,2026-03-15T10:45:56.972000,94,,,
participant_13,4,day,Town10HD_Opt,2026-03-15 10:45:58.167314,79.68500518798828,25.104232788085938,0.0019187927246093,0.007,0.757,0.0,0.0,0,0,1,,0.902,2026-03-15T10:45:58.167314,neutral,0.885,2026-03-15T10:45:57.251035,0.6063892724782769,,94,,,
participant_13,4,day,Town10HD_Opt,2026-03-15 10:45:59.053095,79.6851577758789,25.104232788085938,0.001919021597132,0.002,0.757,0.0,0.0,0,0,1,,0.897,2026-03-15T10:45:59.053095,neutral,0.885,2026-03-15T10:45:57.251035,0.6095650231673336,2026-03-15T10:45:58.997000,96,,,
participant_13,4,day,Town10HD_Opt,2026-03-15 10:46:00.166873,79.68526458740234,25.104232788085938,0.001919021597132,0.002,0.757,0.0,0.0,0,0,1,,0.879,2026-03-15T10:46:00.166873,neutral,0.943,2026-03-15T10:46:00.166873,0.5925676485547341,2026-03-15T10:45:59.986000,92,,,
participant_13,4,day,Town10HD_Opt,2026-03-15 10:46:01.046891,79.68549346923828,25.104232788085938,0.0019192122854292,0.001,0.757,0.0,0.0,0,0,1,,0.871,2026-03-15T10:46:01.046891,neutral,0.943,2026-03-15T10:46:00.166873,0.5004633712824667,2026-03-15T10:46:01.021000,97,,,
participant_13,4,day,Town10HD_Opt,2026-03-15 10:46:02.216437,79.68476104736328,25.104232788085938,0.001915359403938,0.204,0.757,0.402,0.0,0,0,1,,0.907,2026-03-15T10:46:02.216437,sad,0.574,2026-03-15T10:46:02.216437,0.54742745973669,2026-03-15T10:46:02.011000,94,,,
participant_13,4,day,Town10HD_Opt,2026-03-15 10:46:03.137644,80.32420349121094,25.10478782653809,0.0016022121999412,9.128,0.75,0.724,0.0,0,0,1,,0.827,2026-03-15T10:46:03.137644,sad,0.574,2026-03-15T10:46:02.216437,0.488978140649477,2026-03-15T10:46:03.001000,94,,,
participant_13,4,day,Town10HD_Opt,2026-03-15 10:46:04.030188,82.79351043701172,25.119409561157227,0.0017905820859596,19.439,0.242,0.896,0.0,0,0,1,,0.893,2026-03-15T10:46:04.030188,sad,0.574,2026-03-15T10:46:02.216437,0.5052009386159731,2026-03-15T10:46:03.992000,96,,,
participant_13,4,day,Town10HD_Opt,2026-03-15 10:46:05.181408,88.98787689208984,25.131086349487305,0.0016129700234159,35.684,-5.534,0.75,0.0,0,0,1,,0.833,2026-03-15T10:46:05.181408,neutral,0.681,2026-03-15T10:46:05.181408,0.4710722560733934,2026-03-15T10:46:04.981000,93,,,
participant_13,4,day,Town10HD_Opt,2026-03-15 10:46:06.123567,95.51789093017578,23.962047576904297,0.001989250537008,39.125,-12.171,0.47,0.0,0,0,1,,0.917,2026-03-15T10:46:06.123567,neutral,0.681,2026-03-15T10:46:05.181408,0.4202513007108769,2026-03-15T10:46:05.972000,96,,,
participant_13,4,day,Town10HD_Opt,2026-03-15 10:46:07.224767,102.87320709228516,18.78555679321289,0.0020869825966656,38.574,-11.916,0.362,0.0,0,0,1,,0.896,2026-03-15T10:46:07.224767,neutral,0.715,2026-03-15T10:46:07.224767,0.5087267562972013,,95,,,
participant_13,4,day,Town10HD_Opt,2026-03-15 10:46:08.046859,106.09390258789062,13.079447746276855,0.0021276851184666,36.563,-10.434,0.379,0.0,0,0,1,,0.913,2026-03-15T10:46:08.046859,neutral,0.715,2026-03-15T10:46:07.224767,0.4757833013143186,2026-03-15T10:46:07.997000,92,,,
participant_13,4,day,Town10HD_Opt,2026-03-15 10:46:09.197839,107.57406616210938,4.815544128417969,0.002055702265352,35.884,-2.624,0.408,0.0,0,0,1,,0.886,2026-03-15T10:46:09.197839,neutral,0.715,2026-03-15T10:46:07.224767,0.5178587794185652,2026-03-15T10:46:08.987000,93,,,
participant_13,4,day,Town10HD_Opt,2026-03-15 10:46:10.061017,107.83363342285156,-1.4474178552627563,0.0020486449357122,35.712,-0.275,0.41,0.0,0,0,1,,0.925,2026-03-15T10:46:10.061017,neutral,0.816,2026-03-15T10:46:10.061017,0.5335871919628461,2026-03-15T10:46:09.976000,93,,,
participant_13,4,day,Town10HD_Opt,2026-03-15 10:46:11.191750,107.99604034423828,-9.781139373779297,0.0020371244754642,35.815,-0.952,0.425,0.0,0,0,1,,0.905,2026-03-15T10:46:11.191750,neutral,0.816,2026-03-15T10:46:10.061017,0.434575466146606,2026-03-15T10:46:11.012000,96,,,
participant_13,4,day,Town10HD_Opt,2026-03-15 10:46:12.024399,107.92088317871094,-16.06812286376953,0.00203632353805,36.039,-1.518,0.425,0.0,0,0,1,,0.906,2026-03-15T10:46:12.024399,neutral,0.816,2026-03-15T10:46:10.061017,0.6210043105949926,2026-03-15T10:46:12.001000,99,,,
participant_13,4,day,Town10HD_Opt,2026-03-15 10:46:13.159858,107.27996063232422,-24.472675323486328,0.0020396041218191,36.234,-3.467,0.425,0.0,0,0,1,,0.878,2026-03-15T10:46:13.159858,neutral,0.697,2026-03-15T10:46:13.159858,0.5518886150851663,2026-03-15T10:46:12.991000,98,,,
participant_13,4,day,Town10HD_Opt,2026-03-15 10:46:14.077165,106.06153869628906,-30.704545974731445,0.0020406723488122,36.359,-3.149,0.425,0.0,0,0,1,,0.88,2026-03-15T10:46:14.077165,neutral,0.697,2026-03-15T10:46:13.159858,0.547025753900101,2026-03-15T10:46:13.981000,97,,,
participant_13,4,day,Town10HD_Opt,2026-03-15 10:46:15.221632,103.42292785644533,-38.7774772644043,0.0020433806348592,36.475,-4.674,0.425,0.0,0,0,1,,0.829,2026-03-15T10:46:15.221632,neutral,0.51,2026-03-15T10:46:15.221632,0.5356026062525624,2026-03-15T10:46:15.017000,99,,,
participant_13,4,day,Town10HD_Opt,2026-03-15 10:46:16.094497,100.4979019165039,-44.44886016845703,0.0020456314086914,36.514,-5.212,0.425,0.0,0,0,1,,0.848,2026-03-15T10:46:16.094497,neutral,0.51,2026-03-15T10:46:15.221632,0.5558174961186374,,101,,,
participant_13,4,day,Town10HD_Opt,2026-03-15 10:46:17.202424,95.2579345703125,-51.15541076660156,0.0020455168560147,36.568,-4.518,0.425,0.0,0,0,1,,0.841,2026-03-15T10:46:17.202424,neutral,0.51,2026-03-15T10:46:15.221632,0.5170899765159791,2026-03-15T10:46:16.996000,97,,,
participant_13,4,day,Town10HD_Opt,2026-03-15 10:46:18.065143,90.53016662597656,-55.473411560058594,0.0020432663150131,36.644,-4.296,0.426,0.0,0,0,1,,0.802,2026-03-15T10:46:18.065143,neutral,0.627,2026-03-15T10:46:18.065143,0.599268778578019,2026-03-15T10:46:17.986000,98,,,
participant_13,4,day,Town10HD_Opt,2026-03-15 10:46:18.994672,85.26150512695312,-59.13471221923828,0.002031059237197,37.069,-4.379,0.637,0.0,0,0,1,,0.809,2026-03-15T10:46:18.994672,neutral,0.627,2026-03-15T10:46:18.065143,0.5737614411686032,2026-03-15T10:46:18.979000,98,,,
participant_13,4,day,Town10HD_Opt,2026-03-15 10:46:20.112054,76.71580505371094,-63.14703369140625,0.001869736239314,44.455,-4.235,0.622,0.0,0,0,1,,0.832,2026-03-15T10:46:20.112054,neutral,0.687,2026-03-15T10:46:20.112054,0.5732166474395654,2026-03-15T10:46:20.011000,97,,,
participant_13,4,day,Town10HD_Opt,2026-03-15 10:46:21.248979,66.17825317382812,-65.71723175048828,0.001978340325877,48.154,-3.346,0.503,0.0,0,0,1,,0.866,2026-03-15T10:46:21.248979,neutral,0.687,2026-03-15T10:46:20.112054,0.5724888685898216,2026-03-15T10:46:21.001000,95,,,
participant_13,4,day,Town10HD_Opt,2026-03-15 10:46:22.148642,57.78423690795898,-66.42317199707031,0.0020535278599709,47.941,-0.651,0.437,0.0,0,0,1,,0.847,2026-03-15T10:46:22.148642,neutral,0.471,2026-03-15T10:46:22.148642,0.553185982639424,2026-03-15T10:46:21.991000,92,,,
participant_13,4,day,Town10HD_Opt,2026-03-15 10:46:23.071398,49.497703552246094,-66.7614974975586,0.0020863339304924,46.636,0.061,0.428,0.0,0,0,1,,1.0,2026-03-15T10:46:23.071398,neutral,0.471,2026-03-15T10:46:22.148642,0.6563374318061079,2026-03-15T10:46:22.982000,96,,,
participant_13,4,day,Town10HD_Opt,2026-03-15 10:46:23.993417,41.44744110107422,-67.11254119873047,0.0020829390268772,45.365,-0.251,0.428,0.0,0,0,1,,0.845,2026-03-15T10:46:23.993417,neutral,0.471,2026-03-15T10:46:22.148642,0.636996928609627,2026-03-15T10:46:24.018000,99,,,
participant_13,4,day,Town10HD_Opt,2026-03-15 10:46:25.215720,31.025447845458984,-67.45703887939453,0.0020750807598233,43.914,-0.244,0.428,0.0,0,0,1,,0.838,2026-03-15T10:46:25.215720,neutral,0.586,2026-03-15T10:46:25.215720,0.6639490458643791,,98,,,
participant_13,4,day,Town10HD_Opt,2026-03-15 10:46:26.161781,23.404342651367188,-67.62654113769531,0.0020705030765384,43.091,-0.249,0.428,0.0,0,0,1,,0.869,2026-03-15T10:46:26.161781,neutral,0.586,2026-03-15T10:46:25.215720,0.6374078450133261,2026-03-15T10:46:25.996000,98,,,
participant_13,4,day,Town10HD_Opt,2026-03-15 10:46:27.066629,15.941645622253418,-67.7242202758789,0.00211917841807,41.187,-0.188,0.001,0.0,0,0,1,,0.898,2026-03-15T10:46:27.066629,neutral,0.586,2026-03-15T10:46:25.215720,0.6792062979925677,2026-03-15T10:46:26.986000,96,,,
participant_13,4,day,Town10HD_Opt,2026-03-15 10:46:28.020002,9.42021369934082,-67.76714324951172,0.0023239888250827,32.425,-0.054,0.0,0.0,0,0,1,,1.0,2026-03-15T10:46:28.020002,neutral,0.748,2026-03-15T10:46:28.020002,0.7535509274639492,2026-03-15T10:46:28.022000,98,,,
participant_13,4,day,Town10HD_Opt,2026-03-15 10:46:29.182222,2.964785099029541,-67.80494689941406,0.0022692482452839,22.977,0.031,0.0,0.0,0,0,1,,1.0,2026-03-15T10:46:29.182222,neutral,0.748,2026-03-15T10:46:28.020002,0.7547173327350288,2026-03-15T10:46:29.057000,98,,,
participant_13,4,day,Town10HD_Opt,2026-03-15 10:46:30.052831,-0.5196934342384338,-67.82923889160156,0.0019729607738554,17.192,-0.035,0.0,0.0,0,0,1,,0.815,2026-03-15T10:46:30.052831,fear,0.342,2026-03-15T10:46:30.052831,0.6905258637910023,2026-03-15T10:46:30.002000,93,,,
participant_13,4,day,Town10HD_Opt,2026-03-15 10:46:31.187192,-4.104902267456055,-67.8548355102539,0.0019344710744917,14.696,0.016,0.267,0.0,0,0,1,,0.83,2026-03-15T10:46:31.187192,fear,0.342,2026-03-15T10:46:30.052831,0.6924209652624276,2026-03-15T10:46:30.991000,93,,,
participant_13,4,day,Town10HD_Opt,2026-03-15 10:46:32.016108,-6.754519462585449,-67.8747329711914,0.0018892289372161,15.611,0.021,0.264,0.0,0,0,1,,0.819,2026-03-15T10:46:32.016108,fear,0.342,2026-03-15T10:46:30.052831,0.7450494278080964,2026-03-15T10:46:31.982000,93,,,
participant_13,4,day,Town10HD_Opt,2026-03-15 10:46:33.125796,-10.490689277648926,-67.9041519165039,0.0019048309186473,16.337,0.005,0.254,0.0,0,0,1,,1.0,2026-03-15T10:46:33.125796,neutral,0.861,2026-03-15T10:46:33.125796,0.6681968437655053,2026-03-15T10:46:33.016000,90,,,
participant_13,4,day,Town10HD_Opt,2026-03-15 10:46:34.242357,-14.349130630493164,-67.93312072753906,0.0019100952195003,16.722,0.012,0.224,0.0,0,0,1,,0.865,2026-03-15T10:46:34.242357,neutral,0.861,2026-03-15T10:46:33.125796,0.73844907800939,2026-03-15T10:46:34.007000,92,,,
participant_13,4,day,Town10HD_Opt,2026-03-15 10:46:35.099344,-17.075355529785156,-67.95460510253906,0.0020332331769168,13.62,0.045,0.0,0.0,0,0,1,,1.0,2026-03-15T10:46:35.099344,neutral,0.861,2026-03-15T10:46:33.125796,0.6466885012504536,2026-03-15T10:46:34.996000,89,,,
participant_13,4,day,Town10HD_Opt,2026-03-15 10:46:36.232728,-19.71009063720703,-67.97724151611328,0.0020579523406922,8.094,0.045,0.0,0.204,0,0,1,,0.843,2026-03-15T10:46:36.232728,fear,0.596,2026-03-15T10:46:36.232728,0.6353254725401326,2026-03-15T10:46:35.987000,88,,,
participant_13,4,day,Town10HD_Opt,2026-03-15 10:46:37.069045,-20.740398406982425,-67.98697662353516,0.0023971158079802,0.001,0.035,0.0,0.203,0,0,1,,1.0,2026-03-15T10:46:37.069045,fear,0.596,2026-03-15T10:46:36.232728,0.6763460385554285,2026-03-15T10:46:36.976000,89,,,
participant_13,4,day,Town10HD_Opt,2026-03-15 10:46:38.131968,-20.740936279296875,-67.98698425292969,0.0019260788103565,0.001,0.035,0.0,0.0,0,0,1,,0.815,2026-03-15T10:46:38.131968,fear,0.596,2026-03-15T10:46:36.232728,0.7043468765433566,2026-03-15T10:46:38.012000,88,,,
participant_13,4,day,Town10HD_Opt,2026-03-15 10:46:38.989859,-20.740812301635746,-67.98698425292969,0.0019190978491678,0.002,0.035,0.0,0.0,0,0,1,,0.848,2026-03-15T10:46:38.989859,neutral,0.806,2026-03-15T10:46:38.989859,0.6470235929739977,2026-03-15T10:46:39.047000,89,,,
participant_13,4,day,Town10HD_Opt,2026-03-15 10:46:40.107823,-20.739925384521484,-67.98698425292969,0.001917190500535,0.147,0.035,0.251,0.0,0,0,1,,0.827,2026-03-15T10:46:40.107823,neutral,0.806,2026-03-15T10:46:38.989859,0.6306833517823167,2026-03-15T10:46:39.991000,91,,,
participant_13,4,day,Town10HD_Opt,2026-03-15 10:46:41.184835,-20.896085739135746,-67.98828125,0.0019115447066724,0.86,0.035,0.069,0.0,0,0,1,,0.856,2026-03-15T10:46:41.184835,neutral,0.632,2026-03-15T10:46:41.184835,0.6292001591629647,2026-03-15T10:46:40.981000,90,,,
participant_13,4,day,Town10HD_Opt,2026-03-15 10:46:42.059667,-21.09718894958496,-67.9899673461914,0.0018818284152075,1.773,0.035,0.31,0.0,0,0,1,,1.0,2026-03-15T10:46:42.059667,neutral,0.632,2026-03-15T10:46:41.184835,0.6953867147672763,2026-03-15T10:46:42.017000,92,,,
participant_13,4,day,Town10HD_Opt,2026-03-15 10:46:43.214965,-22.14141845703125,-67.99874114990234,0.0017728047678247,7.92,-0.002,0.454,0.0,0,0,1,,0.826,2026-03-15T10:46:43.214965,neutral,0.616,2026-03-15T10:46:43.214965,0.6481801511817724,2026-03-15T10:46:43.007000,88,,,
participant_13,4,day,Town10HD_Opt,2026-03-15 10:46:44.079622,-23.97955322265625,-68.01232147216797,0.0016312036896124,15.323,-0.087,0.825,0.0,0,0,1,,0.83,2026-03-15T10:46:44.079622,neutral,0.616,2026-03-15T10:46:43.214965,0.6485320748539425,2026-03-15T10:46:43.997000,89,,,
participant_13,4,day,Town10HD_Opt,2026-03-15 10:46:45.216461,-28.94577980041504,-68.04150390625,0.0016964352689683,29.156,-0.136,0.773,0.0,0,0,1,,0.846,2026-03-15T10:46:45.216461,neutral,0.471,2026-03-15T10:46:45.216461,0.6381278242370086,2026-03-15T10:46:45.077000,88,,,
participant_13,4,day,Town10HD_Opt,2026-03-15 10:46:46.075761,-34.757568359375,-68.04891204833984,0.0017246258212253,38.467,-0.228,0.755,0.0,0,0,1,,0.915,2026-03-15T10:46:46.075761,neutral,0.471,2026-03-15T10:46:45.216461,0.6991294391662376,2026-03-15T10:46:46.022000,89,,,
participant_13,4,day,Town10HD_Opt,2026-03-15 10:46:47.145906,-44.89302444458008,-67.98835754394531,0.0023667160421609,49.199,-0.012,0.741,0.0,0,0,1,,1.0,2026-03-15T10:46:47.145906,neutral,0.471,2026-03-15T10:46:45.216461,0.6561851501795161,2026-03-15T10:46:47.012000,89,,,
participant_13,4,day,Town10HD_Opt,2026-03-15 10:46:48.022499,-53.59748840332031,-67.89257049560547,0.0021225733216851,47.931,-1.678,0.716,0.0,0,0,1,,1.0,2026-03-15T10:46:48.022499,neutral,0.83,2026-03-15T10:46:48.022499,0.6991473120793545,2026-03-15T10:46:48.001000,91,,,
participant_13,4,day,Town10HD_Opt,2026-03-15 10:46:49.240407,-65.11067962646484,-67.02336883544922,0.0021387478336691,48.983,-0.801,0.672,0.0,0,0,1,,0.898,2026-03-15T10:46:49.240407,neutral,0.83,2026-03-15T10:46:48.022499,0.7246800932934936,2026-03-15T10:46:48.991000,88,,,
participant_13,4,day,Town10HD_Opt,2026-03-15 10:46:50.146401,-73.76146697998047,-65.83180236816406,0.0021534343250095,48.346,-2.033,0.657,0.0,0,0,1,,0.92,2026-03-15T10:46:50.146401,neutral,0.886,2026-03-15T10:46:50.146401,0.6964559725089331,2026-03-15T10:46:49.981000,88,,,
participant_13,4,day,Town10HD_Opt,2026-03-15 10:46:51.012090,-82.10183715820312,-63.96112060546875,0.001940231770277,50.697,-5.319,0.0,0.0,0,0,1,,0.938,2026-03-15T10:46:51.012090,neutral,0.886,2026-03-15T10:46:50.146401,0.652777439036626,2026-03-15T10:46:51.019000,87,,,
participant_13,4,day,Town10HD_Opt,2026-03-15 10:46:52.171675,-92.59707641601562,-58.99717712402344,0.0019722750876098,50.499,-5.392,0.0,0.0,0,0,1,,0.945,2026-03-15T10:46:52.171675,neutral,0.617,2026-03-15T10:46:52.171675,0.7354505496551259,2026-03-15T10:46:52.007000,88,,,
participant_13,4,day,Town10HD_Opt,2026-03-15 10:46:53.056614,-99.28880310058594,-53.46242904663086,0.0019668580498546,50.799,-5.872,0.0,0.0,0,0,1,,0.921,2026-03-15T10:46:53.056614,neutral,0.617,2026-03-15T10:46:52.171675,0.7094457501796362,2026-03-15T10:46:52.997000,89,,,
participant_13,4,day,Town10HD_Opt,2026-03-15 10:46:54.240571,-105.82429504394533,-44.03208923339844,0.0019499210175126,50.707,-5.371,0.0,0.0,0,0,1,,0.903,2026-03-15T10:46:54.240571,neutral,0.929,2026-03-15T10:46:54.240571,0.7589990297965511,2026-03-15T10:46:53.987000,92,,,
participant_13,4,day,Town10HD_Opt,2026-03-15 10:46:55.163216,-108.67607879638672,-36.30740737915039,0.0023762881755828,41.383,-4.763,0.0,0.0,0,0,1,,0.885,2026-03-15T10:46:55.163216,neutral,0.929,2026-03-15T10:46:54.240571,0.69857159610146,2026-03-15T10:46:54.977000,94,,,
participant_13,4,day,Town10HD_Opt,2026-03-15 10:46:56.127710,-109.7591552734375,-29.951040267944336,0.002342642750591,31.921,-3.794,0.0,0.0,0,0,1,,0.95,2026-03-15T10:46:56.127710,neutral,0.929,2026-03-15T10:46:54.240571,0.7197885785872092,2026-03-15T10:46:56.012000,95,,,
participant_13,4,day,Town10HD_Opt,2026-03-15 10:46:57.071169,-110.04447174072266,-24.98578643798828,0.0022822560276836,24.434,-1.149,0.0,0.0,0,0,1,,0.933,2026-03-15T10:46:57.071169,neutral,0.708,2026-03-15T10:46:57.071169,0.6626644390801352,2026-03-15T10:46:57.002000,92,,,
participant_13,4,day,Town10HD_Opt,2026-03-15 10:46:58.043821,-110.13609313964844,-21.218305587768555,0.0022413246333599,18.222,0.141,0.0,0.0,0,0,1,,0.881,2026-03-15T10:46:58.043821,neutral,0.708,2026-03-15T10:46:57.071169,0.7169956563133032,2026-03-15T10:46:58.037000,94,,,
participant_13,4,day,Town10HD_Opt,2026-03-15 10:46:59.055355,-110.20077514648438,-18.34329032897949,0.002042960608378,14.223,0.031,0.0,0.0,0,0,1,,0.829,2026-03-15T10:46:59.055355,neutral,0.708,2026-03-15T10:46:57.071169,0.6518253228842876,2026-03-15T10:46:58.983000,94,,,
participant_13,4,day,Town10HD_Opt,2026-03-15 10:47:00.250408,-110.26207733154295,-15.490510940551758,0.0019836041610687,10.622,-0.36,0.089,0.0,0,0,1,,1.0,2026-03-15T10:47:00.250408,neutral,0.826,2026-03-15T10:47:00.250408,0.6997977585457482,2026-03-15T10:47:00.107000,89,,,
participant_13,4,day,Town10HD_Opt,2026-03-15 10:47:01.136035,-110.28915405273438,-13.741764068603516,0.0019638058729469,9.25,-0.416,0.083,0.0,0,0,1,,0.833,2026-03-15T10:47:01.136035,neutral,0.826,2026-03-15T10:47:00.250408,0.687443310758537,,92,,,
participant_13,4,day,Town10HD_Opt,2026-03-15 10:47:02.059156,-110.30738830566406,-12.21972370147705,0.0019569776486605,8.004,-0.355,0.083,0.0,0,0,1,,0.863,2026-03-15T10:47:02.059156,neutral,0.826,2026-03-15T10:47:00.250408,0.6092338730750119,2026-03-15T10:47:01.997000,93,,,
participant_13,4,day,Town10HD_Opt,2026-03-15 10:47:03.272810,-110.3253402709961,-10.484682083129885,0.0019496533786877,6.711,-0.063,0.082,0.0,0,0,1,,1.0,2026-03-15T10:47:03.272810,neutral,0.868,2026-03-15T10:47:03.272810,0.762115566721755,2026-03-15T10:47:02.986000,90,,,
participant_13,4,day,Town10HD_Opt,2026-03-15 10:47:04.154801,-110.33660125732422,-9.367720603942873,0.0019449995597824,5.95,-0.155,0.082,0.0,0,0,1,,0.893,2026-03-15T10:47:04.154801,neutral,0.868,2026-03-15T10:47:03.272810,0.7697222449607187,2026-03-15T10:47:03.977000,92,,,
participant_13,4,day,Town10HD_Opt,2026-03-15 10:47:05.059299,-110.34532928466795,-8.382349967956543,0.0019409558735787,5.264,-0.155,0.082,0.0,0,0,1,,0.864,2026-03-15T10:47:05.059299,neutral,0.868,2026-03-15T10:47:03.272810,0.693359221687995,2026-03-15T10:47:05.058000,93,,,
participant_13,4,day,Town10HD_Opt,2026-03-15 10:47:06.256487,-110.3543701171875,-7.239467620849609,0.0019375229021534,4.464,-0.155,0.083,0.0,0,0,1,,0.892,2026-03-15T10:47:06.256487,neutral,0.779,2026-03-15T10:47:06.256487,0.6904628685787291,2026-03-15T10:47:06.002000,95,,,
participant_13,4,day,Town10HD_Opt,2026-03-15 10:47:07.221932,-110.35972595214844,-6.491695404052734,0.0019338988931849,4.024,-0.155,0.083,0.0,0,0,1,,0.897,2026-03-15T10:47:07.221932,neutral,0.779,2026-03-15T10:47:06.256487,0.7828821017102301,2026-03-15T10:47:06.991000,95,,,
participant_13,4,day,Town10HD_Opt,2026-03-15 10:47:08.077858,-110.3640594482422,-5.8147711753845215,0.0019277571700513,3.908,-0.155,0.0,0.0,0,0,1,,0.838,2026-03-15T10:47:08.077858,neutral,0.779,2026-03-15T10:47:06.256487,0.6931032681544261,2026-03-15T10:47:07.982000,93,,,
participant_13,4,day,Town10HD_Opt,2026-03-15 10:47:09.022699,-110.36570739746094,-5.527390480041504,0.0019947811961174,0.0,-0.155,0.0,0.049,0,0,1,,0.85,2026-03-15T10:47:09.022699,neutral,0.594,2026-03-15T10:47:09.022699,0.6997918037413968,2026-03-15T10:47:09.017000,95,,,
participant_13,4,day,Town10HD_Opt,2026-03-15 10:47:10.175785,-110.36570739746094,-5.526575088500977,0.001919784466736,0.007,-0.155,0.0,0.0,0,0,1,,0.862,2026-03-15T10:47:10.175785,neutral,0.594,2026-03-15T10:47:09.022699,0.596556398282568,2026-03-15T10:47:10.007000,93,,,
participant_13,4,day,Town10HD_Opt,2026-03-15 10:47:11.047953,-110.36570739746094,-5.526594638824463,0.0019187927246093,0.006,-0.134,0.0,0.0,0,0,1,,1.0,2026-03-15T10:47:11.047953,neutral,0.795,2026-03-15T10:47:11.047953,0.6783561413913832,2026-03-15T10:47:10.997000,92,,,
participant_13,4,day,Town10HD_Opt,2026-03-15 10:47:12.239754,-110.36570739746094,-5.526492595672607,0.0019187927246093,0.006,-0.132,0.0,0.0,0,0,1,,1.0,2026-03-15T10:47:12.239754,neutral,0.795,2026-03-15T10:47:11.047953,0.7375333131259493,2026-03-15T10:47:11.987000,91,,,
participant_13,4,day,Town10HD_Opt,2026-03-15 10:47:13.138897,-110.36570739746094,-5.526559829711914,0.0019189452286809,0.006,-0.115,0.0,0.0,0,0,1,,0.864,2026-03-15T10:47:13.138897,neutral,0.586,2026-03-15T10:47:13.138897,0.6362589308594373,2026-03-15T10:47:12.977000,92,,,
participant_13,4,day,Town10HD_Opt,2026-03-15 10:47:14.044328,-110.36570739746094,-5.526400089263916,0.0019190978491678,0.002,-0.082,0.0,0.0,0,0,1,,0.88,2026-03-15T10:47:14.044328,neutral,0.586,2026-03-15T10:47:13.138897,0.683978324084513,2026-03-15T10:47:14.012000,91,,,
participant_13,4,day,Town10HD_Opt,2026-03-15 10:47:15.261664,-110.36570739746094,-5.52631950378418,0.0019190596649423,0.002,-0.073,0.0,0.0,0,0,1,,0.913,2026-03-15T10:47:15.261664,neutral,0.83,2026-03-15T10:47:15.261664,0.6837937498541086,2026-03-15T10:47:15.005000,93,,,
participant_13,4,day,Town10HD_Opt,2026-03-15 10:47:16.217997,-110.36570739746094,-5.526111125946045,0.0019192122854292,0.001,-0.038,0.0,0.0,0,0,1,,1.0,2026-03-15T10:47:16.217997,neutral,0.83,2026-03-15T10:47:15.261664,0.6545295518385001,2026-03-15T10:47:15.992000,91,,,
participant_13,4,day,Town10HD_Opt,2026-03-15 10:47:17.144773,-110.36570739746094,-5.526084899902344,0.0019189071608707,0.006,0.002,0.0,0.0,0,0,1,,0.855,2026-03-15T10:47:17.144773,neutral,0.83,2026-03-15T10:47:15.261664,0.7493255449976053,2026-03-15T10:47:16.982000,88,,,
participant_13,4,day,Town10HD_Opt,2026-03-15 10:47:18.068889,-110.36570739746094,-5.526141166687012,0.0019187163561582,0.006,0.054,0.0,0.0,0,0,1,,0.909,2026-03-15T10:47:18.068889,neutral,0.896,2026-03-15T10:47:18.068889,0.731364965117767,2026-03-15T10:47:18.017000,90,,,
participant_13,4,day,Town10HD_Opt,2026-03-15 10:47:19.021592,-110.36570739746094,-5.5260748863220215,0.0019189834129065,0.002,0.054,0.0,0.0,0,0,1,,1.0,2026-03-15T10:47:19.021592,neutral,0.896,2026-03-15T10:47:18.068889,0.7335476212086942,2026-03-15T10:47:19.008000,91,,,
participant_13,4,day,Town10HD_Opt,2026-03-15 10:47:20.188183,-110.36691284179688,-5.377023696899414,0.0016407022485509,5.711,0.078,1.0,0.0,0,0,1,,0.845,2026-03-15T10:47:20.188183,neutral,0.674,2026-03-15T10:47:20.188183,0.7562741335644014,2026-03-15T10:47:19.997000,92,,,
participant_13,4,day,Town10HD_Opt,2026-03-15 10:47:21.173368,-110.38632202148438,-3.0926735401153564,0.0016743867890909,20.773,0.082,1.0,0.0,0,0,1,,0.902,2026-03-15T10:47:21.173368,neutral,0.674,2026-03-15T10:47:20.188183,0.6948616267718059,2026-03-15T10:47:20.987000,93,,,
participant_13,4,day,Town10HD_Opt,2026-03-15 10:47:22.081695,-110.43402099609376,1.74998140335083,0.0015103931073099,36.495,0.082,0.932,0.0,0,0,1,,0.887,2026-03-15T10:47:22.081695,neutral,0.674,2026-03-15T10:47:20.188183,0.702275111816449,2026-03-15T10:47:21.977000,94,,,
participant_13,4,day,Town10HD_Opt,2026-03-15 10:47:23.038480,-110.39911651611328,8.908342361450195,0.0019865802023559,41.582,-4.957,0.0,0.0,0,0,1,,1.0,2026-03-15T10:47:23.038480,neutral,0.531,2026-03-15T10:47:23.038480,0.6637360794465336,2026-03-15T10:47:23.012000,92,,,
participant_13,4,day,Town10HD_Opt,2026-03-15 10:47:24.012730,-109.35578918457033,15.318743705749512,0.0023493184708058,32.099,-11.868,0.0,0.0,0,0,1,,0.928,2026-03-15T10:47:24.012730,neutral,0.531,2026-03-15T10:47:23.038480,0.6964375586672895,2026-03-15T10:47:24.004000,91,,,
participant_13,4,day,Town10HD_Opt,2026-03-15 10:47:25.286547,-106.19241333007812,20.75029754638672,0.0022940435446798,22.019,-14.043,0.0,0.0,0,0,1,,0.875,2026-03-15T10:47:25.286547,neutral,0.619,2026-03-15T10:47:25.286547,0.6220189787268884,2026-03-15T10:47:24.993000,89,,,
participant_13,4,day,Town10HD_Opt,2026-03-15 10:47:26.234298,-103.58783721923828,22.90735626220703,0.0019749826751649,16.82,-13.251,0.0,0.0,0,0,1,,0.924,2026-03-15T10:47:26.234298,neutral,0.619,2026-03-15T10:47:25.286547,0.6892331911586644,2026-03-15T10:47:25.982000,90,,,
participant_13,4,day,Town10HD_Opt,2026-03-15 10:47:27.206390,-101.26416778564452,24.10556602478028,0.0020479196682572,12.921,-11.622,0.0,0.0,0,0,1,,0.931,2026-03-15T10:47:27.206390,neutral,0.619,2026-03-15T10:47:25.286547,0.7096191876269996,2026-03-15T10:47:27.152000,92,,,
participant_13,4,day,Town10HD_Opt,2026-03-15 10:47:28.205121,-99.35586547851562,24.773983001708984,0.0019794462714344,10.887,-10.694,0.527,0.0,0,0,1,,0.921,2026-03-15T10:47:28.205121,neutral,0.726,2026-03-15T10:47:28.205121,0.6878707562514026,2026-03-15T10:47:28.007000,91,,,
participant_13,4,day,Town10HD_Opt,2026-03-15 10:47:29.247656,-96.78392028808594,25.33036231994629,0.0018276607152074,20.879,-10.757,0.905,0.0,0,0,1,,0.896,2026-03-15T10:47:29.247656,neutral,0.726,2026-03-15T10:47:28.205121,0.6558764453524172,2026-03-15T10:47:28.998000,94,,,
participant_13,4,day,Town10HD_Opt,2026-03-15 10:47:30.291434,-92.34800720214844,25.53915977478028,0.001864090678282,28.367,-5.399,0.0,0.0,0,0,1,,0.945,2026-03-15T10:47:30.291434,neutral,0.406,2026-03-15T10:47:30.291434,0.6087329832629942,2026-03-15T10:47:29.990000,94,,,
participant_13,4,day,Town10HD_Opt,2026-03-15 10:47:31.017303,-89.22985076904297,25.36375999450684,0.0022072594147175,24.387,-0.021,0.0,0.0,0,0,1,,0.902,2026-03-15T10:47:31.017303,neutral,0.406,2026-03-15T10:47:30.291434,0.7191898413571163,2026-03-15T10:47:30.978000,95,,,
participant_13,4,day,Town10HD_Opt,2026-03-15 10:47:32.027660,-85.41360473632812,25.17880630493164,0.0021758647635579,19.79,0.498,0.195,0.0,0,0,1,,1.0,2026-03-15T10:47:32.027660,neutral,0.406,2026-03-15T10:47:30.291434,0.64896089454936,2026-03-15T10:47:32.012000,93,,,
participant_13,4,day,Town10HD_Opt,2026-03-15 10:47:33.066061,-82.18074035644531,25.01578712463379,0.0018607327947393,17.504,-0.949,0.13,0.0,0,0,1,,0.852,2026-03-15T10:47:33.066061,neutral,0.603,2026-03-15T10:47:33.066061,0.7132781007048125,2026-03-15T10:47:33.002000,94,,,
participant_13,4,day,Town10HD_Opt,2026-03-15 10:47:34.044303,-79.26007080078125,24.820045471191406,0.0019694135989993,15.839,-0.768,0.166,0.0,0,0,1,,0.877,2026-03-15T10:47:34.044303,neutral,0.603,2026-03-15T10:47:33.066061,0.7458329487704727,2026-03-15T10:47:33.992000,94,,,
participant_13,4,day,Town10HD_Opt,2026-03-15 10:47:35.103681,-76.59597778320312,24.620874404907227,0.0019654082134366,14.494,1.206,0.13,0.0,0,0,1,,0.926,2026-03-15T10:47:35.103681,neutral,0.849,2026-03-15T10:47:35.103681,0.685105536678195,2026-03-15T10:47:35.027000,91,,,
participant_13,4,day,Town10HD_Opt,2026-03-15 10:47:36.089740,-74.17540740966797,24.513107299804688,0.0019633099436759,13.109,2.426,0.129,0.0,0,0,1,,0.918,2026-03-15T10:47:36.089740,neutral,0.849,2026-03-15T10:47:35.103681,0.7554808876604191,2026-03-15T10:47:36.017000,97,,,
participant_13,4,day,Town10HD_Opt,2026-03-15 10:47:37.077837,-71.9744873046875,24.471866607666016,0.0019551084842532,11.98,1.631,0.129,0.0,0,0,1,,0.941,2026-03-15T10:47:37.077837,neutral,0.849,2026-03-15T10:47:35.103681,0.7145760615936589,2026-03-15T10:47:37.007000,95,,,
participant_13,4,day,Town10HD_Opt,2026-03-15 10:47:38.052879,-70.04838562011719,24.46922874450684,0.0020126339513808,9.424,1.622,0.0,0.047,0,0,1,,0.926,2026-03-15T10:47:38.052879,neutral,0.702,2026-03-15T10:47:38.052879,0.657604587168891,2026-03-15T10:47:37.997000,97,,,
participant_13,4,day,Town10HD_Opt,2026-03-15 10:47:38.994774,-68.63101959228516,24.48903465270996,0.0020114895887672,6.396,1.608,0.0,0.07,0,0,1,,0.875,2026-03-15T10:47:38.994774,neutral,0.702,2026-03-15T10:47:38.052879,0.8149755075552346,2026-03-15T10:47:38.988000,95,,,
participant_13,4,day,Town10HD_Opt,2026-03-15 10:47:40.264151,-68.015869140625,24.503341674804688,0.0019911571871489,0.0,1.605,0.0,0.063,0,0,1,,0.937,2026-03-15T10:47:40.264151,neutral,0.773,2026-03-15T10:47:40.264151,0.8230270797709179,2026-03-15T10:47:40.022000,92,,,
participant_13,4,day,Town10HD_Opt,2026-03-15 10:47:41.248245,-68.01570129394531,24.50335693359375,0.0019215393112972,0.001,1.565,0.0,0.0,0,0,1,,0.948,2026-03-15T10:47:41.248245,neutral,0.773,2026-03-15T10:47:40.264151,0.7466743398232192,2026-03-15T10:47:41.012000,94,,,
participant_13,4,day,Town10HD_Opt,2026-03-15 10:47:42.178584,-67.79692077636719,24.50926780700684,0.0015783321578055,6.899,1.396,1.0,0.0,0,0,1,,0.922,2026-03-15T10:47:42.178584,neutral,0.773,2026-03-15T10:47:40.264151,0.7100572859779617,2026-03-15T10:47:42.002000,92,,,
participant_13,4,day,Town10HD_Opt,2026-03-15 10:47:43.163339,-65.31295013427734,24.587820053100582,0.0017108551692217,22.415,0.738,1.0,0.0,0,0,1,,0.913,2026-03-15T10:47:43.163339,neutral,0.921,2026-03-15T10:47:43.163339,0.7352134684449835,2026-03-15T10:47:43.038000,93,,,
participant_13,4,day,Town10HD_Opt,2026-03-15 10:47:44.074821,-60.262298583984375,24.756561279296875,0.001476633013226,37.808,-0.134,1.0,0.0,0,0,1,,0.916,2026-03-15T10:47:44.074821,neutral,0.921,2026-03-15T10:47:43.163339,0.7308669562530696,2026-03-15T10:47:44.027000,92,,,
participant_13,4,day,Town10HD_Opt,2026-03-15 10:47:45.003139,-52.48263168334961,25.03622436523437,0.0015376299852505,51.664,0.508,0.0,0.166,0,0,1,,0.872,2026-03-15T10:47:45.003139,neutral,0.921,2026-03-15T10:47:43.163339,0.7057266760996829,2026-03-15T10:47:45.018000,91,,,
participant_13,4,day,Town10HD_Opt,2026-03-15 10:47:46.166432,-40.65616607666016,25.72431373596192,0.0019659425597637,50.719,0.186,0.0,0.119,0,0,1,,0.936,2026-03-15T10:47:46.166432,neutral,0.913,2026-03-15T10:47:46.166432,0.7835078049765374,2026-03-15T10:47:46.008000,92,,,
participant_13,4,day,Town10HD_Opt,2026-03-15 10:47:47.059856,-31.98908424377441,26.323760986328125,0.0018204123480245,52.347,-0.282,0.0,0.24,0,0,1,,0.886,2026-03-15T10:47:47.059856,neutral,0.913,2026-03-15T10:47:46.166432,0.7178299849591119,2026-03-15T10:47:46.998000,91,,,
participant_13,4,day,Town10HD_Opt,2026-03-15 10:47:48.036940,-23.24960708618164,26.874589920043945,0.0018994909478351,51.823,0.087,0.0,0.137,0,0,1,,0.925,2026-03-15T10:47:48.036940,neutral,0.913,2026-03-15T10:47:46.166432,0.7342825515443118,2026-03-15T10:47:47.989000,92,,,
participant_13,4,day,Town10HD_Opt,2026-03-15 10:47:49.246535,-12.34069538116455,27.584205627441406,0.0022210297174751,38.655,-0.108,0.0,0.0,0,0,1,,0.865,2026-03-15T10:47:49.246535,neutral,0.834,2026-03-15T10:47:49.246535,0.6545500393324588,2026-03-15T10:47:49.068000,92,,,
participant_13,4,day,Town10HD_Opt,2026-03-15 10:47:50.174852,-6.182863712310791,27.96372413635254,0.0022290030028671,31.903,-0.322,0.441,0.0,0,0,1,,0.887,2026-03-15T10:47:50.174852,neutral,0.834,2026-03-15T10:47:49.246535,0.6725231259705071,2026-03-15T10:47:50.012000,90,,,
participant_13,4,day,Town10HD_Opt,2026-03-15 10:47:51.110958,-0.5887485146522522,28.243343353271484,0.0020199203863739,32.498,-0.618,0.434,0.0,0,0,1,,0.826,2026-03-15T10:47:51.110958,neutral,0.834,2026-03-15T10:47:49.246535,0.7456154826357743,2026-03-15T10:47:51,91,,,
participant_13,4,day,Town10HD_Opt,2026-03-15 10:47:52.058384,5.166007518768311,28.432159423828125,0.0020170211791992,33.377,-0.611,0.429,0.0,0,0,1,,1.0,2026-03-15T10:47:52.058384,neutral,0.704,2026-03-15T10:47:52.058384,0.759921084520368,2026-03-15T10:47:51.993000,92,,,
participant_13,4,day,Town10HD_Opt,2026-03-15 10:47:53.210206,13.034537315368652,28.528600692749023,0.0020243453327566,34.135,-0.432,0.426,0.0,0,0,1,,0.837,2026-03-15T10:47:53.210206,neutral,0.704,2026-03-15T10:47:52.058384,0.7162488129969503,2026-03-15T10:47:53.028000,91,,,
participant_13,4,day,Town10HD_Opt,2026-03-15 10:47:54.159581,19.041963577270508,28.519962310791016,0.0020371244754642,34.393,0.193,0.358,0.0,0,0,1,,0.88,2026-03-15T10:47:54.159581,neutral,0.795,2026-03-15T10:47:54.159581,0.7314815131973089,2026-03-15T10:47:54.018000,91,,,
participant_13,4,day,Town10HD_Opt,2026-03-15 10:47:55.163456,24.895282745361328,28.56233024597168,0.0021551509853452,31.549,3.325,0.202,0.0,0,0,1,,0.976,2026-03-15T10:47:55.163456,neutral,0.795,2026-03-15T10:47:54.159581,0.7424451445726648,2026-03-15T10:47:55.007000,91,,,
participant_13,4,day,Town10HD_Opt,2026-03-15 10:47:56.092727,30.0723819732666,29.074098587036133,0.0020337291061878,27.663,8.615,0.203,0.0,0,0,1,,0.941,2026-03-15T10:47:56.092727,neutral,0.795,2026-03-15T10:47:54.159581,0.8186974636639209,2026-03-15T10:47:55.999000,92,,,
participant_13,4,day,Town10HD_Opt,2026-03-15 10:47:57.012532,34.38377380371094,30.5232162475586,0.0021509164944291,24.575,15.753,0.284,0.0,0,0,1,,0.844,2026-03-15T10:47:57.012532,neutral,0.806,2026-03-15T10:47:57.012532,0.7532386129424156,2026-03-15T10:47:56.987000,92,,,
participant_13,4,day,Town10HD_Opt,2026-03-15 10:47:58.221039,38.30358123779297,34.206539154052734,0.0021336360368877,22.253,20.46,0.281,0.0,0,0,1,,0.882,2026-03-15T10:47:58.221039,neutral,0.806,2026-03-15T10:47:57.012532,0.8315685588021317,2026-03-15T10:47:58.023000,94,,,
participant_13,4,day,Town10HD_Opt,2026-03-15 10:47:59.142464,39.61089706420898,37.7316780090332,0.0021146007347851,20.976,17.201,0.273,0.0,0,0,1,,0.911,2026-03-15T10:47:59.142464,neutral,0.836,2026-03-15T10:47:59.142464,0.8428886745039516,2026-03-15T10:47:59.014000,94,,,
participant_13,4,day,Town10HD_Opt,2026-03-15 10:48:00.053559,40.05664443969727,41.241947174072266,0.0021595759317278,18.625,2.32,0.0,0.0,0,0,1,,0.878,2026-03-15T10:48:00.053559,neutral,0.836,2026-03-15T10:47:59.142464,0.7868000341446607,2026-03-15T10:48:00.002000,89,,,
participant_13,4,day,Town10HD_Opt,2026-03-15 10:48:01.212204,40.31018829345703,44.95891952514648,0.0020306773949414,13.329,3.919,0.066,0.0,0,0,1,,0.898,2026-03-15T10:48:01.212204,neutral,0.52,2026-03-15T10:48:01.212204,0.8457065311837925,2026-03-15T10:48:00.992000,96,,,
participant_13,4,day,Town10HD_Opt,2026-03-15 10:48:02.121081,40.35352325439453,47.08535385131836,0.0020164486486464,10.527,0.865,0.0,0.0,0,0,1,,0.895,2026-03-15T10:48:02.121081,neutral,0.52,2026-03-15T10:48:01.212204,0.8877395289753158,2026-03-15T10:48:02.028000,95,,,
participant_13,4,day,Town10HD_Opt,2026-03-15 10:48:03.027729,40.37986755371094,48.72378921508789,0.0020016857888549,7.991,0.999,0.075,0.0,0,0,1,,0.853,2026-03-15T10:48:03.027729,neutral,0.52,2026-03-15T10:48:01.212204,0.7548228556624021,2026-03-15T10:48:03.018000,95,,,
participant_13,4,day,Town10HD_Opt,2026-03-15 10:48:04.208617,40.39064025878906,50.36783599853516,0.0019741056021302,5.857,0.978,0.0,0.0,0,0,1,,0.91,2026-03-15T10:48:04.208617,neutral,0.912,2026-03-15T10:48:04.208617,0.884255189610608,2026-03-15T10:48:04.007000,94,,,
participant_13,4,day,Town10HD_Opt,2026-03-15 10:48:05.082193,40.39011764526367,51.28009796142578,0.0019621273968368,4.496,0.978,0.0,0.0,0,0,1,,0.865,2026-03-15T10:48:05.082193,neutral,0.912,2026-03-15T10:48:04.208617,0.8326996258386921,2026-03-15T10:48:04.998000,96,,,
participant_13,4,day,Town10HD_Opt,2026-03-15 10:48:06.235101,40.38501739501953,52.17557144165039,0.0019493482541292,3.114,0.978,0.0,0.0,0,0,1,,0.899,2026-03-15T10:48:06.235101,neutral,0.925,2026-03-15T10:48:06.235101,0.9043347589540708,2026-03-15T10:48:05.988000,96,,,
participant_13,4,day,Town10HD_Opt,2026-03-15 10:48:07.089205,40.38257598876953,52.45167922973633,0.0020055386703461,0.0,0.959,0.0,0.103,0,0,1,,0.949,2026-03-15T10:48:07.089205,neutral,0.925,2026-03-15T10:48:06.235101,0.8975020867716771,2026-03-15T10:48:07.022000,94,,,
participant_13,4,day,Town10HD_Opt,2026-03-15 10:48:08.220001,40.38197708129883,52.5024299621582,0.001768379821442,3.233,0.853,1.0,0.0,0,0,1,,0.876,2026-03-15T10:48:08.220001,neutral,0.925,2026-03-15T10:48:06.235101,0.8183201260113705,2026-03-15T10:48:08.013000,96,,,
participant_13,4,day,Town10HD_Opt,2026-03-15 10:48:09.102325,40.36442947387695,54.33930969238281,0.0014461918035522,19.261,-2.344,0.973,0.0,0,0,1,,0.81,2026-03-15T10:48:09.102325,neutral,0.568,2026-03-15T10:48:09.102325,0.8201428591055834,2026-03-15T10:48:09.004000,95,,,
participant_13,4,day,Town10HD_Opt,2026-03-15 10:48:10.053455,40.73479461669922,58.30817794799805,0.001878929673694,25.496,-10.506,0.468,0.0,0,0,1,,0.954,2026-03-15T10:48:10.053455,neutral,0.568,2026-03-15T10:48:09.102325,0.804458947600449,2026-03-15T10:48:09.992000,94,,,
participant_13,4,day,Town10HD_Opt,2026-03-15 10:48:11.171462,43.05368041992188,64.15763092041016,0.0019878770690411,28.822,-13.475,0.479,0.0,0,0,1,,0.936,2026-03-15T10:48:11.171462,sad,0.626,2026-03-15T10:48:11.171462,0.8306688480026413,2026-03-15T10:48:10.984000,95,,,
participant_13,4,day,Town10HD_Opt,2026-03-15 10:48:12.062324,46.61740493774414,67.86772155761719,0.0020383452065289,30.2,-16.401,0.366,0.0,0,0,1,,0.921,2026-03-15T10:48:12.062324,sad,0.626,2026-03-15T10:48:11.171462,0.8461249900118875,2026-03-15T10:48:12.018000,97,,,
participant_13,4,day,Town10HD_Opt,2026-03-15 10:48:12.999702,51.36407470703125,69.9485092163086,0.0021163173951208,28.951,-11.363,0.231,0.0,0,0,1,,0.896,2026-03-15T10:48:12.999702,sad,0.626,2026-03-15T10:48:11.171462,0.7019673786479644,2026-03-15T10:48:13.007000,95,,,
participant_13,4,day,Town10HD_Opt,2026-03-15 10:48:14.183727,57.51288604736328,70.49752044677734,0.00219028419815,23.577,-5.917,0.204,0.0,0,0,1,,0.889,2026-03-15T10:48:14.183727,sad,0.336,2026-03-15T10:48:14.183727,0.6787757228697188,2026-03-15T10:48:13.998000,96,,,
participant_13,4,day,Town10HD_Opt,2026-03-15 10:48:15.069137,61.46604919433594,70.26716613769531,0.0020687482319772,22.242,1.652,0.341,0.0,0,0,1,,0.846,2026-03-15T10:48:15.069137,sad,0.336,2026-03-15T10:48:14.183727,0.8109944476667202,2026-03-15T10:48:14.988000,97,,,
participant_13,4,day,Town10HD_Opt,2026-03-15 10:48:16.228557,66.71763610839844,70.121826171875,0.002018318278715,23.039,0.602,0.378,0.0,0,0,1,,0.835,2026-03-15T10:48:16.228557,neutral,0.901,2026-03-15T10:48:16.228557,0.811174022982083,2026-03-15T10:48:16.068000,99,,,
participant_13,4,day,Town10HD_Opt,2026-03-15 10:48:17.057543,70.80083465576172,70.06865692138672,0.0020391463767737,23.383,0.338,0.288,0.0,0,0,1,,0.883,2026-03-15T10:48:17.057543,neutral,0.901,2026-03-15T10:48:16.228557,0.7421449745077475,2026-03-15T10:48:17.012000,97,,,
participant_13,4,day,Town10HD_Opt,2026-03-15 10:48:18.140728,76.11720275878906,70.04415130615234,0.0020643232855945,22.35,0.367,0.472,0.0,0,0,1,,0.919,2026-03-15T10:48:18.140728,neutral,0.901,2026-03-15T10:48:16.228557,0.6770533764936258,2026-03-15T10:48:18.003000,100,,,
participant_13,4,day,Town10HD_Opt,2026-03-15 10:48:18.991423,80.20828247070312,70.06204986572266,0.0019631197210401,24.768,0.367,0.456,0.0,0,0,1,,0.851,2026-03-15T10:48:18.991423,neutral,0.696,2026-03-15T10:48:18.991423,0.6446711798935244,2026-03-15T10:48:18.993000,94,,,
participant_13,4,day,Town10HD_Opt,2026-03-15 10:48:20.131200,86.29753875732422,70.293212890625,0.0019855499267578,27.485,7.069,0.442,0.0,0,0,1,,0.833,2026-03-15T10:48:20.131200,neutral,0.696,2026-03-15T10:48:18.991423,0.6707758187465935,2026-03-15T10:48:20.028000,94,,,
participant_13,4,day,Town10HD_Opt,2026-03-15 10:48:21.250955,92.63433074951172,72.06046295166016,0.0020188521593809,29.228,12.444,0.445,0.0,0,0,1,,0.891,2026-03-15T10:48:21.250955,neutral,0.648,2026-03-15T10:48:21.250955,0.7163216023102786,2026-03-15T10:48:21.018000,90,,,
participant_13,4,day,Town10HD_Opt,2026-03-15 10:48:22.174703,96.68887329101562,75.19938659667969,0.0020537183154374,30.071,18.969,0.449,0.0,0,0,1,,0.818,2026-03-15T10:48:22.174703,neutral,0.648,2026-03-15T10:48:21.250955,0.692454151534261,2026-03-15T10:48:22.008000,89,,,
participant_13,4,day,Town10HD_Opt,2026-03-15 10:48:23.108734,98.96172332763672,79.95845031738281,0.002058524871245,30.966,18.181,0.45,0.0,0,0,1,,0.862,2026-03-15T10:48:23.108734,neutral,0.648,2026-03-15T10:48:21.250955,0.6982306957353982,2026-03-15T10:48:22.998000,91,,,
participant_13,4,day,Town10HD_Opt,2026-03-15 10:48:24.246179,98.99698638916016,87.33479309082031,0.0020082092378288,32.698,1.457,0.445,0.0,0,0,1,,1.0,2026-03-15T10:48:24.246179,neutral,0.601,2026-03-15T10:48:24.246179,0.6842161773648439,2026-03-15T10:48:23.988000,93,,,
participant_13,4,day,Town10HD_Opt,2026-03-15 10:48:25.126668,98.45132446289062,93.11368560791016,0.0020253753755241,33.4,1.311,0.327,0.0,0,0,1,,1.0,2026-03-15T10:48:25.126668,neutral,0.601,2026-03-15T10:48:24.246179,0.6472440839648003,2026-03-15T10:48:25.023000,91,,,
participant_13,4,day,Town10HD_Opt,2026-03-15 10:48:26.224101,97.3162612915039,100.60140228271484,0.0020947263110429,31.373,3.73,0.326,0.0,0,0,1,,0.888,2026-03-15T10:48:26.224101,neutral,0.601,2026-03-15T10:48:24.246179,0.7354080263145496,2026-03-15T10:48:26.013000,91,,,
participant_13,4,day,Town10HD_Opt,2026-03-15 10:48:27.080187,95.88055419921876,105.7825927734375,0.002089538378641,29.997,4.461,0.327,0.0,0,0,1,,0.885,2026-03-15T10:48:27.080187,neutral,0.678,2026-03-15T10:48:27.080187,0.6732238820445782,2026-03-15T10:48:27.002000,92,,,
participant_13,4,day,Town10HD_Opt,2026-03-15 10:48:28.209619,93.17195892333984,112.05545043945312,0.0020741650369018,28.676,4.822,0.343,0.0,0,0,1,,0.884,2026-03-15T10:48:28.209619,neutral,0.678,2026-03-15T10:48:27.080187,0.6328234631476998,2026-03-15T10:48:27.993000,92,,,
participant_13,4,day,Town10HD_Opt,2026-03-15 10:48:29.096871,90.5759048461914,116.28558349609376,0.0020650099031627,28.039,5.08,0.35,0.0,0,0,1,,1.0,2026-03-15T10:48:29.096871,neutral,0.465,2026-03-15T10:48:29.096871,0.6671308062331587,2026-03-15T10:48:29.029000,90,,,
participant_13,4,day,Town10HD_Opt,2026-03-15 10:48:30.056405,87.52433776855469,120.0808334350586,0.0020619963761419,27.6,5.834,0.351,0.0,0,0,1,,0.894,2026-03-15T10:48:30.056405,neutral,0.465,2026-03-15T10:48:29.096871,0.7014657423453821,2026-03-15T10:48:30.018000,90,,,
participant_13,4,day,Town10HD_Opt,2026-03-15 10:48:31.246514,82.73661041259766,124.28816223144533,0.0020561979617923,27.196,6.941,0.379,0.0,0,0,1,,0.874,2026-03-15T10:48:31.246514,neutral,0.583,2026-03-15T10:48:31.246514,0.7079793139273405,2026-03-15T10:48:31.007000,91,,,
participant_13,4,day,Town10HD_Opt,2026-03-15 10:48:32.199987,78.64088439941406,126.7380828857422,0.0020343016367405,27.509,4.442,0.393,0.0,0,0,1,,1.0,2026-03-15T10:48:32.199987,neutral,0.583,2026-03-15T10:48:31.246514,0.7025703246503102,2026-03-15T10:48:31.998000,89,,,
participant_13,4,day,Town10HD_Opt,2026-03-15 10:48:33.126250,74.20256042480469,128.7098846435547,0.0020238875877112,28.179,6.684,0.417,0.0,0,0,1,,0.925,2026-03-15T10:48:33.126250,neutral,0.583,2026-03-15T10:48:31.246514,0.6723586430808339,2026-03-15T10:48:32.988000,91,,,
participant_13,4,day,Town10HD_Opt,2026-03-15 10:48:34.060705,69.32566833496094,130.00379943847656,0.0019439317984506,30.651,6.312,0.613,0.0,0,0,1,,0.913,2026-03-15T10:48:34.060705,neutral,0.755,2026-03-15T10:48:34.060705,0.6578977721704856,2026-03-15T10:48:34.023000,96,,,
participant_13,4,day,Town10HD_Opt,2026-03-15 10:48:35.031168,63.61692810058594,130.64024353027344,0.0019172672182321,34.934,2.468,0.446,0.0,0,0,1,,0.958,2026-03-15T10:48:35.031168,neutral,0.755,2026-03-15T10:48:34.060705,0.5464157369331851,2026-03-15T10:48:35.013000,95,,,
participant_13,4,day,Town10HD_Opt,2026-03-15 10:48:36.245850,55.32217025756836,130.80398559570312,0.0020186617039144,36.111,1.288,0.445,0.0,0,0,1,,1.0,2026-03-15T10:48:36.245850,neutral,0.897,2026-03-15T10:48:36.245850,0.5380766118622655,2026-03-15T10:48:36.003000,96,,,
participant_13,4,day,Town10HD_Opt,2026-03-15 10:48:37.184919,48.95540237426758,130.60968017578125,0.0020229339133948,36.733,0.183,0.445,0.0,0,0,1,,0.872,2026-03-15T10:48:37.184919,neutral,0.897,2026-03-15T10:48:36.245850,0.5583443800864727,2026-03-15T10:48:36.993000,100,,,
participant_13,4,day,Town10HD_Opt,2026-03-15 10:48:38.048646,42.48771286010742,130.3811798095703,0.0020254515111446,37.27,-0.825,0.445,0.0,0,0,1,,1.0,2026-03-15T10:48:38.048646,neutral,0.897,2026-03-15T10:48:36.245850,0.5540363059561244,2026-03-15T10:48:37.983000,99,,,
participant_13,4,day,Town10HD_Opt,2026-03-15 10:48:39.265051,33.724605560302734,130.29930114746094,0.0020285034552216,37.896,-0.153,0.445,0.0,0,0,1,,1.0,2026-03-15T10:48:39.265051,neutral,0.757,2026-03-15T10:48:39.265051,0.5553549610990144,2026-03-15T10:48:39.108000,102,,,
participant_13,4,day,Town10HD_Opt,2026-03-15 10:48:40.150580,27.065719604492188,130.31253051757812,0.0020304108038544,38.276,-0.009,0.445,0.0,0,0,1,,1.0,2026-03-15T10:48:40.150580,neutral,0.757,2026-03-15T10:48:39.265051,0.5106184818855478,2026-03-15T10:48:40.008000,99,,,
participant_13,4,day,Town10HD_Opt,2026-03-15 10:48:41.026019,20.34415435791016,130.3285369873047,0.0020319747272878,38.586,0.056,0.445,0.0,0,0,1,,1.0,2026-03-15T10:48:41.026019,neutral,0.757,2026-03-15T10:48:39.265051,0.5187794917142092,2026-03-15T10:48:40.998000,107,,,
participant_13,4,day,Town10HD_Opt,2026-03-15 10:48:42.190259,11.299034118652344,130.325927734375,0.0020338057074695,38.959,0.179,0.444,0.0,0,0,1,,1.0,2026-03-15T10:48:42.190259,neutral,0.777,2026-03-15T10:48:42.190259,0.5273013384722027,2026-03-15T10:48:41.989000,107,,,
participant_13,4,day,Town10HD_Opt,2026-03-15 10:48:43.043050,4.631786823272705,130.2779998779297,0.0022307196632027,34.955,0.282,0.0,0.0,0,0,1,,1.0,2026-03-15T10:48:43.043050,neutral,0.777,2026-03-15T10:48:42.190259,0.4676529576485904,2026-03-15T10:48:43.023000,101,,,
participant_13,4,day,Town10HD_Opt,2026-03-15 10:48:44.166628,-2.3556365966796875,130.16099548339844,0.0022813405375927,24.607,0.136,0.0,0.0,0,0,1,,0.822,2026-03-15T10:48:44.166628,neutral,0.777,2026-03-15T10:48:42.190259,0.4130565657144251,2026-03-15T10:48:44.013000,100,,,
participant_13,4,day,Town10HD_Opt,2026-03-15 10:48:45.106710,-6.1677985191345215,130.08477783203125,0.002211989602074,19.06,-0.275,0.462,0.0,0,0,1,,0.926,2026-03-15T10:48:45.106710,neutral,0.899,2026-03-15T10:48:45.106710,0.4238825658995155,2026-03-15T10:48:45.003000,100,,,
participant_13,4,day,Town10HD_Opt,2026-03-15 10:48:46.215438,-11.122110366821287,130.01239013671875,0.0018278510542586,25.706,-0.045,0.642,0.0,0,0,1,,0.896,2026-03-15T10:48:46.215438,neutral,0.899,2026-03-15T10:48:45.106710,0.4745722693750535,2026-03-15T10:48:45.994000,96,,,
participant_13,4,day,Town10HD_Opt,2026-03-15 10:48:47.031899,-16.155988693237305,129.94650268554688,0.0018270118162035,32.368,-0.019,0.642,0.0,0,0,1,,1.0,2026-03-15T10:48:47.031899,neutral,0.899,2026-03-15T10:48:45.106710,0.4231921110685602,2026-03-15T10:48:47.028000,99,,,
participant_13,4,day,Town10HD_Opt,2026-03-15 10:48:48.224195,-24.566823959350582,129.81942749023438,0.0018786245491355,39.626,1.88,0.173,0.0,0,0,1,,1.0,2026-03-15T10:48:48.224195,neutral,0.746,2026-03-15T10:48:48.224195,0.4678694851027175,2026-03-15T10:48:48.019000,100,Solid line crossing,Solid line crossing,
participant_13,4,day,Town10HD_Opt,2026-03-15 10:48:49.154094,-31.053544998168945,129.32655334472656,0.0023001851513981,32.749,7.644,0.0,0.0,0,0,1,,1.0,2026-03-15T10:48:49.154094,neutral,0.746,2026-03-15T10:48:48.224195,0.4234244951030765,2026-03-15T10:48:49.008000,102,,,
participant_13,4,day,Town10HD_Opt,2026-03-15 10:48:50.036010,-35.854373931884766,127.75682067871094,0.0022900763433426,25.345,18.518,0.287,0.0,0,0,1,,0.838,2026-03-15T10:48:50.036010,neutral,0.746,2026-03-15T10:48:48.224195,0.4325614723049139,2026-03-15T10:48:49.999000,100,,,
participant_13,4,day,Town10HD_Opt,2026-03-15 10:48:51.206880,-39.85272979736328,123.64746856689452,0.0020213318057358,26.032,18.543,0.464,0.0,0,0,1,,0.913,2026-03-15T10:48:51.206880,neutral,0.608,2026-03-15T10:48:51.206880,0.4088535445690492,2026-03-15T10:48:50.988000,101,,,
participant_13,4,day,Town10HD_Opt,2026-03-15 10:48:52.174106,-41.26162338256836,119.18767547607422,0.0036412416957318,28.233,11.262,0.46,0.0,0,0,1,,0.901,2026-03-15T10:48:52.174106,neutral,0.608,2026-03-15T10:48:51.206880,0.471363672520035,2026-03-15T10:48:52.023000,101,,,
participant_13,4,day,Town10HD_Opt,2026-03-15 10:48:53.199502,-41.57476806640625,114.11468505859376,0.0019656375516206,30.111,-0.364,0.456,0.0,0,0,1,,0.858,2026-03-15T10:48:53.199502,neutral,0.608,2026-03-15T10:48:51.206880,0.4600382542291297,2026-03-15T10:48:53.014000,100,,,
participant_13,4,day,Town10HD_Opt,2026-03-15 10:48:54.139579,-41.69512176513672,108.71482849121094,0.001990966964513,31.746,2.473,0.456,0.0,0,0,1,,0.867,2026-03-15T10:48:54.139579,neutral,0.595,2026-03-15T10:48:54.139579,0.4303529409129018,2026-03-15T10:48:54.003000,101,,,
participant_13,4,day,Town10HD_Opt,2026-03-15 10:48:55.070958,-41.557899475097656,103.10321044921876,0.0020634841639548,31.741,-0.938,0.319,0.0,0,0,1,,0.863,2026-03-15T10:48:55.070958,neutral,0.595,2026-03-15T10:48:54.139579,0.4754383275830419,2026-03-15T10:48:54.993000,100,,,
participant_13,4,day,Town10HD_Opt,2026-03-15 10:48:56.271148,-41.5013427734375,95.91549682617188,0.0020896908827126,29.697,-0.618,0.319,0.0,0,0,1,,1.0,2026-03-15T10:48:56.271148,neutral,0.908,2026-03-15T10:48:56.271148,0.537851863074974,2026-03-15T10:48:56.028000,101,,,
participant_13,4,day,Town10HD_Opt,2026-03-15 10:48:57.234227,-41.56448745727539,90.80841827392578,0.0020819853525608,28.556,-0.508,0.36,0.0,0,0,1,,0.825,2026-03-15T10:48:57.234227,neutral,0.908,2026-03-15T10:48:56.271148,0.4727782160162779,2026-03-15T10:48:57.018000,97,,,
participant_13,4,day,Town10HD_Opt,2026-03-15 10:48:58.110641,-41.645633697509766,85.84606170654297,0.002055816585198,28.183,1.293,0.346,0.0,0,0,1,,1.0,2026-03-15T10:48:58.110641,neutral,0.908,2026-03-15T10:48:56.271148,0.4830181429486155,2026-03-15T10:48:58.008000,99,,,
participant_13,4,day,Town10HD_Opt,2026-03-15 10:48:59.030191,-41.48769760131836,80.9735107421875,0.0020714185666292,27.37,7.107,0.327,0.0,0,0,1,,1.0,2026-03-15T10:48:59.030191,sad,0.484,2026-03-15T10:48:59.030191,0.461342532167623,2026-03-15T10:48:58.999000,104,,,
participant_13,4,day,Town10HD_Opt,2026-03-15 10:49:00.262186,-39.73436737060547,75.07088470458984,0.0021210857667028,25.846,21.884,0.359,0.0,0,0,1,,0.892,2026-03-15T10:49:00.262186,sad,0.484,2026-03-15T10:48:59.030191,0.5327086898279326,2026-03-15T10:48:59.988000,104,,,
participant_13,4,day,Town10HD_Opt,2026-03-15 10:49:01.152413,-36.50766372680664,72.03250122070312,0.0020989223849028,25.573,21.729,0.378,0.0,0,0,1,,1.0,2026-03-15T10:49:01.152413,sad,0.381,2026-03-15T10:49:01.152413,0.4904077753088688,2026-03-15T10:49:01.023000,104,,,
participant_13,4,day,Town10HD_Opt,2026-03-15 10:49:02.091171,-32.274654388427734,70.57160186767578,0.0020442581735551,26.041,5.858,0.378,0.0,0,0,1,,0.849,2026-03-15T10:49:02.091171,sad,0.381,2026-03-15T10:49:01.152413,0.4809903903591025,2026-03-15T10:49:02.014000,102,,,
participant_13,4,day,Town10HD_Opt,2026-03-15 10:49:03.030848,-27.758007049560547,69.76403045654297,0.0020372772123664,26.416,8.961,0.39,0.0,0,0,1,,0.852,2026-03-15T10:49:03.030848,sad,0.381,2026-03-15T10:49:01.152413,0.4543680739727798,2026-03-15T10:49:03.003000,101,,,
participant_13,4,day,Town10HD_Opt,2026-03-15 10:49:04.237210,-21.51719856262207,69.75885772705078,0.0020245360210537,27.219,-2.047,0.39,0.0,0,0,1,,1.0,2026-03-15T10:49:04.237210,neutral,0.458,2026-03-15T10:49:04.237210,0.5726641509573013,2026-03-15T10:49:03.993000,99,,,
participant_13,4,day,Town10HD_Opt,2026-03-15 10:49:05.110835,-16.710216522216797,69.79547882080078,0.0020257185678929,27.764,1.358,0.39,0.0,0,0,1,,1.0,2026-03-15T10:49:05.110835,neutral,0.458,2026-03-15T10:49:04.237210,0.4955842170069954,2026-03-15T10:49:05.029000,96,,,
participant_13,4,day,Town10HD_Opt,2026-03-15 10:49:05.991559,-11.813665390014648,69.92599487304688,0.0020276259165257,28.253,0.418,0.391,0.0,0,0,1,,1.0,2026-03-15T10:49:05.991559,neutral,0.458,2026-03-15T10:49:04.237210,0.4769910060619016,2026-03-15T10:49:06.018000,97,,,
participant_13,4,day,Town10HD_Opt,2026-03-15 10:49:07.107326,-5.181028842926025,70.13428497314453,0.0020585632883012,28.159,-0.74,0.31,0.0,0,0,1,,1.0,2026-03-15T10:49:07.107326,neutral,0.9,2026-03-15T10:49:07.107326,0.4671135559542517,2026-03-15T10:49:07.009000,101,,,
participant_13,4,day,Town10HD_Opt,2026-03-15 10:49:07.997625,-0.3393271565437317,70.18739318847656,0.0020824812818318,26.999,-0.402,0.31,0.0,0,0,1,,1.0,2026-03-15T10:49:07.997625,neutral,0.9,2026-03-15T10:49:07.107326,0.4253937474986393,2026-03-15T10:49:07.998000,100,,,
participant_13,4,day,Town10HD_Opt,2026-03-15 10:49:09.126203,5.740139007568359,70.14456939697266,0.0021746058482676,23.592,0.223,0.0,0.0,0,0,1,,0.838,2026-03-15T10:49:09.126203,neutral,0.937,2026-03-15T10:49:09.126203,0.4879287179676597,2026-03-15T10:49:09.033000,101,,,
participant_13,4,day,Town10HD_Opt,2026-03-15 10:49:10.249475,10.40103816986084,70.0994644165039,0.001966132549569,16.492,0.023,0.0,0.0,0,0,1,,0.837,2026-03-15T10:49:10.249475,neutral,0.937,2026-03-15T10:49:09.126203,0.5479875242159717,2026-03-15T10:49:10.023000,103,,,
participant_13,4,day,Town10HD_Opt,2026-03-15 10:49:11.071480,13.055770874023438,70.07469940185547,0.0019481275230646,14.673,-0.026,0.24,0.0,0,0,1,,0.826,2026-03-15T10:49:11.071480,neutral,0.937,2026-03-15T10:49:09.126203,0.4849411933499029,2026-03-15T10:49:11.014000,106,,,
participant_13,4,day,Town10HD_Opt,2026-03-15 10:49:11.990375,15.63493537902832,70.05208587646484,0.0019290923373773,14.591,0.148,0.258,0.0,0,0,1,,0.836,2026-03-15T10:49:11.990375,neutral,0.607,2026-03-15T10:49:11.990375,0.5319374342903569,2026-03-15T10:49:12.004000,105,,,
participant_13,4,day,Town10HD_Opt,2026-03-15 10:49:13.115398,19.23953628540039,70.02992248535156,0.0018678666092455,16.591,0.139,0.305,0.0,0,0,1,,0.866,2026-03-15T10:49:13.115398,neutral,0.607,2026-03-15T10:49:11.990375,0.4276504366167895,2026-03-15T10:49:12.994000,103,,,
participant_13,4,day,Town10HD_Opt,2026-03-15 10:49:14.244075,22.84344482421875,70.01699829101562,0.0020598215050995,12.579,0.129,0.0,0.12,0,0,1,,0.847,2026-03-15T10:49:14.244075,neutral,0.495,2026-03-15T10:49:14.244075,0.4520284834558409,2026-03-15T10:49:14.029000,102,,,
participant_13,4,day,Town10HD_Opt,2026-03-15 10:49:15.112398,24.73556900024414,70.01393127441406,0.0020297998562455,9.042,0.129,0.0,0.003,0,0,1,,0.836,2026-03-15T10:49:15.112398,neutral,0.495,2026-03-15T10:49:14.244075,0.489426526762959,2026-03-15T10:49:15.018000,98,,,
participant_13,4,day,Town10HD_Opt,2026-03-15 10:49:15.989148,26.09816551208496,70.01335906982422,0.0020193096715956,6.121,0.129,0.0,0.118,0,0,1,,0.821,2026-03-15T10:49:15.989148,neutral,0.495,2026-03-15T10:49:14.244075,0.4445014397123761,2026-03-15T10:49:16.008000,95,,,
participant_13,4,day,Town10HD_Opt,2026-03-15 10:49:17.095991,26.49357795715332,70.01343536376953,0.0019588468130677,0.003,0.129,0.0,0.0,0,0,1,,0.867,2026-03-15T10:49:17.095991,neutral,0.714,2026-03-15T10:49:17.095991,0.3699977357660035,2026-03-15T10:49:16.999000,97,,,
participant_13,4,day,Town10HD_Opt,2026-03-15 10:49:18.008832,26.915014266967773,70.01154327392578,0.0015562833286821,8.513,-1.255,0.855,0.0,0,0,1,,0.948,2026-03-15T10:49:18.008832,neutral,0.714,2026-03-15T10:49:17.095991,0.4331085805964472,2026-03-15T10:49:18.033000,96,,,errors=Stop sign violation
participant_13,4,day,Town10HD_Opt,2026-03-15 10:49:19.183813,30.52915954589844,69.77462005615234,0.001908226753585,20.834,-7.789,0.625,0.0,0,0,1,,1.0,2026-03-15T10:49:19.183813,sad,0.474,2026-03-15T10:49:19.183813,0.2967491102743098,2026-03-15T10:49:19.029000,98,,,
participant_13,4,day,Town10HD_Opt,2026-03-15 10:49:20.109604,34.49106979370117,68.78907775878906,0.001886787940748,26.032,-13.826,0.569,0.0,0,0,1,,0.869,2026-03-15T10:49:20.109604,sad,0.474,2026-03-15T10:49:19.183813,0.4468106867155083,2026-03-15T10:49:20.013000,101,,,
participant_13,4,day,Town10HD_Opt,2026-03-15 10:49:21.262943,39.88451766967773,65.57482147216797,0.0022708121687173,23.39,-8.594,0.0,0.405,0,0,1,,0.843,2026-03-15T10:49:21.262943,neutral,0.515,2026-03-15T10:49:21.262943,0.3336754437463403,2026-03-15T10:49:21.003000,99,,,
participant_13,4,day,Town10HD_Opt,2026-03-15 10:49:22.127164,41.82811737060547,63.78758239746094,0.0029859119094908,0.003,-9.907,0.0,0.422,0,0,1,,0.933,2026-03-15T10:49:22.127164,neutral,0.515,2026-03-15T10:49:21.262943,0.323185093674359,2026-03-15T10:49:21.993000,103,,,
participant_13,4,day,Town10HD_Opt,2026-03-15 10:49:23.221583,41.82907104492188,63.7865104675293,0.0019299697596579,0.003,-9.043,0.0,0.0,0,0,1,,1.0,2026-03-15T10:49:23.221583,neutral,0.515,2026-03-15T10:49:21.262943,0.3786740753371227,2026-03-15T10:49:23.029000,100,,,
participant_13,4,day,Town10HD_Opt,2026-03-15 10:49:24.107219,41.84548568725586,63.76743698120117,0.0018249133136123,2.233,-12.857,0.949,0.0,0,0,1,,0.859,2026-03-15T10:49:24.107219,sad,0.34,2026-03-15T10:49:24.107219,0.3550799804483898,2026-03-15T10:49:24.019000,100,,,
participant_13,4,day,Town10HD_Opt,2026-03-15 10:49:25.236312,43.25478363037109,61.61764907836914,0.0017668165965005,19.902,-16.955,0.698,0.0,0,0,1,,0.842,2026-03-15T10:49:25.236312,sad,0.34,2026-03-15T10:49:24.107219,0.3367270144412539,2026-03-15T10:49:25.008000,98,,,
participant_13,4,day,Town10HD_Opt,2026-03-15 10:49:26.086953,44.51453399658203,58.02937698364258,0.0020425033289939,22.357,-16.332,0.18,0.0,0,0,1,,0.902,2026-03-15T10:49:26.086953,sad,0.34,2026-03-15T10:49:24.107219,0.3446121969603603,2026-03-15T10:49:25.998000,95,,,
participant_13,4,day,Town10HD_Opt,2026-03-15 10:49:27.246418,44.67182159423828,53.31887435913086,0.0021197122987359,18.169,-7.663,0.141,0.0,0,0,1,,0.841,2026-03-15T10:49:27.246418,angry,0.566,2026-03-15T10:49:27.246418,0.3179996530638092,2026-03-15T10:49:27.033000,95,,,
participant_13,4,day,Town10HD_Opt,2026-03-15 10:49:28.106715,44.36611175537109,50.14776611328125,0.0026158150285482,19.405,0.921,0.666,0.0,0,0,1,,0.928,2026-03-15T10:49:28.106715,angry,0.566,2026-03-15T10:49:27.246418,0.3810430229714413,2026-03-15T10:49:28.113000,92,,,
participant_13,4,day,Town10HD_Opt,2026-03-15 10:49:28.999415,44.11707305908203,46.16734313964844,0.0015285121044144,27.03,1.481,0.685,0.0,0,0,1,,0.954,2026-03-15T10:49:28.999415,angry,0.566,2026-03-15T10:49:27.246418,0.3206994079984656,2026-03-15T10:49:29.058000,92,,,
participant_13,4,day,Town10HD_Opt,2026-03-15 10:49:30.180327,44.00830841064453,39.08196640014648,0.0021059033460915,30.1,7.682,0.0,0.0,0,0,1,,0.944,2026-03-15T10:49:30.180327,sad,0.487,2026-03-15T10:49:30.180327,0.3291054950160736,2026-03-15T10:49:30.010000,94,,,
participant_13,4,day,Town10HD_Opt,2026-03-15 10:49:31.069409,44.88984298706055,34.44264602661133,0.002181930001825,25.102,14.577,0.402,0.0,0,0,1,,0.902,2026-03-15T10:49:31.069409,sad,0.487,2026-03-15T10:49:30.180327,0.3128084522872111,2026-03-15T10:49:30.993000,92,,,
participant_13,4,day,Town10HD_Opt,2026-03-15 10:49:32.180392,48.40774917602539,29.50858497619629,0.0019222263945266,29.562,18.558,0.613,0.0,0,0,1,,1.0,2026-03-15T10:49:32.180392,neutral,0.443,2026-03-15T10:49:32.180392,0.3518731885074361,2026-03-15T10:49:32.028000,92,,,
participant_13,4,day,Town10HD_Opt,2026-03-15 10:49:33.050477,53.34185409545898,27.10944557189941,0.001977844396606,33.297,15.112,0.231,0.0,0,0,1,,1.0,2026-03-15T10:49:33.050477,neutral,0.443,2026-03-15T10:49:32.180392,0.2909022917056342,2026-03-15T10:49:33.018000,93,,,
participant_13,4,day,Town10HD_Opt,2026-03-15 10:49:34.169563,60.51421737670898,26.19013214111328,0.0021810145117342,28.29,-0.773,0.173,0.0,0,0,1,,0.926,2026-03-15T10:49:34.169563,neutral,0.443,2026-03-15T10:49:32.180392,0.3109133844937516,2026-03-15T10:49:34.008000,94,,,
participant_13,4,day,Town10HD_Opt,2026-03-15 10:49:35.056165,65.0821304321289,25.72229766845703,0.0021664805244654,23.999,0.949,0.173,0.0,0,0,1,,0.862,2026-03-15T10:49:35.056165,sad,0.355,2026-03-15T10:49:35.056165,0.4181973292422037,2026-03-15T10:49:34.998000,94,,,
participant_13,4,day,Town10HD_Opt,2026-03-15 10:49:36.253932,70.22699737548828,25.33351707458496,0.002124938648194,20.282,1.344,0.298,0.0,0,0,1,,0.911,2026-03-15T10:49:36.253932,sad,0.355,2026-03-15T10:49:35.056165,0.3508077856220393,2026-03-15T10:49:36.034000,98,,,
participant_13,4,day,Town10HD_Opt,2026-03-15 10:49:37.163114,73.60381317138672,25.183683395385746,0.0019627755973488,17.593,1.589,0.0,0.0,0,0,1,,0.917,2026-03-15T10:49:37.163114,neutral,0.466,2026-03-15T10:49:37.163114,0.3734573043349775,2026-03-15T10:49:37.024000,97,,,
participant_13,4,day,Town10HD_Opt,2026-03-15 10:49:38.030973,76.36381530761719,25.136404037475582,0.002042464679107,13.636,1.57,0.102,0.0,0,0,1,,0.889,2026-03-15T10:49:38.030973,neutral,0.466,2026-03-15T10:49:37.163114,0.4279996111683534,2026-03-15T10:49:38.016000,98,,,
participant_13,4,day,Town10HD_Opt,2026-03-15 10:49:39.140964,80.5843505859375,25.18350982666016,0.0016502394573763,26.922,1.514,1.0,0.0,0,0,1,,0.915,2026-03-15T10:49:39.140964,neutral,0.466,2026-03-15T10:49:37.163114,0.3065609155281594,2026-03-15T10:49:39.004000,98,,,errors=Red light violation
participant_13,4,day,Town10HD_Opt,2026-03-15 10:49:40.256159,89.14301300048828,25.462814331054688,0.0016448226524516,45.689,-4.881,0.55,0.0,0,0,1,,1.0,2026-03-15T10:49:40.256159,neutral,0.64,2026-03-15T10:49:40.256159,0.325660744531858,2026-03-15T10:49:39.993000,97,,,
participant_13,4,day,Town10HD_Opt,2026-03-15 10:49:41.097379,97.09361267089844,24.34026336669922,0.0021319196093827,44.491,-11.776,0.291,0.0,0,0,1,,0.844,2026-03-15T10:49:41.097379,neutral,0.64,2026-03-15T10:49:40.256159,0.3901820153277103,2026-03-15T10:49:41.029000,98,,,
participant_13,4,day,Town10HD_Opt,2026-03-15 10:49:42.171584,104.68366241455078,18.894454956054688,0.0023419179487973,35.329,-15.243,0.0,0.0,0,0,1,,0.83,2026-03-15T10:49:42.171584,neutral,0.64,2026-03-15T10:49:40.256159,0.3628505366382257,2026-03-15T10:49:42.018000,99,,,
participant_13,4,day,Town10HD_Opt,2026-03-15 10:49:42.996250,106.80184936523438,13.87168312072754,0.0022977057378739,27.919,-13.609,0.856,0.0,0,0,1,,0.838,2026-03-15T10:49:42.996250,neutral,0.373,2026-03-15T10:49:42.996250,0.4056042642419898,2026-03-15T10:49:43.009000,98,,,
participant_13,4,day,Town10HD_Opt,2026-03-15 10:49:44.154076,107.21519470214844,5.789847373962402,0.0015833298675715,43.981,-1.318,0.962,0.0,0,0,1,,0.879,2026-03-15T10:49:44.154076,neutral,0.373,2026-03-15T10:49:42.996250,0.451871935499985,2026-03-15T10:49:43.999000,96,,,
participant_13,4,day,Town10HD_Opt,2026-03-15 10:49:45.006971,107.05715942382812,-2.9014534950256348,0.0020357512403279,49.318,1.175,1.0,0.0,0,0,1,,0.832,2026-03-15T10:49:45.006971,neutral,0.865,2026-03-15T10:49:45.006971,0.4414691017090367,2026-03-15T10:49:45.044000,100,,,
participant_13,4,day,Town10HD_Opt,2026-03-15 10:49:46.043825,107.19564056396484,-14.55046844482422,0.0021652597934007,49.064,-0.632,0.978,0.0,0,0,1,,0.919,2026-03-15T10:49:46.043825,neutral,0.865,2026-03-15T10:49:45.006971,0.4290142727901644,2026-03-15T10:49:46.024000,95,,,
participant_13,4,day,Town10HD_Opt,2026-03-15 10:49:47.080301,106.98300170898438,-26.21451187133789,0.0018944937037304,51.93,-3.57,0.0,0.146,0,0,1,,0.919,2026-03-15T10:49:47.080301,angry,0.846,2026-03-15T10:49:47.080301,0.4625408474034495,2026-03-15T10:49:47.024000,95,,,errors=Solid line crossing
participant_13,4,day,Town10HD_Opt,2026-03-15 10:49:48.180350,104.63308715820312,-37.77407455444336,0.0019670871552079,50.978,-5.451,0.0,0.148,0,0,1,,0.958,2026-03-15T10:49:48.180350,angry,0.846,2026-03-15T10:49:47.080301,0.4483938812597009,2026-03-15T10:49:48.004000,96,,,
participant_13,4,day,Town10HD_Opt,2026-03-15 10:49:48.989182,100.92192840576172,-45.6186752319336,0.0018381125992164,52.176,-5.602,0.0,0.201,0,0,1,,0.946,2026-03-15T10:49:48.989182,angry,0.846,2026-03-15T10:49:47.080301,0.4930181928897815,2026-03-15T10:49:48.998000,99,,,
participant_13,4,day,Town10HD_Opt,2026-03-15 10:49:50.112044,93.26519012451172,-54.54074478149414,0.0020795057062059,49.84,-5.538,0.967,0.0,0,0,1,,0.972,2026-03-15T10:49:50.112044,neutral,0.709,2026-03-15T10:49:50.112044,0.5535418979075529,2026-03-15T10:49:50.029000,98,,,
participant_13,4,day,Town10HD_Opt,2026-03-15 10:49:51.246128,83.40193939208984,-60.73596954345703,0.0022017282899469,48.778,-3.86,0.967,0.0,0,0,1,,0.906,2026-03-15T10:49:51.246128,neutral,0.709,2026-03-15T10:49:50.112044,0.5888510901757742,2026-03-15T10:49:51.064000,96,,,
participant_13,4,day,Town10HD_Opt,2026-03-15 10:49:52.169832,75.0936279296875,-63.71146774291992,0.0022072212304919,48.714,-3.855,0.967,0.0,0,0,1,,0.926,2026-03-15T10:49:52.169832,angry,0.651,2026-03-15T10:49:52.169832,0.6317422434633437,2026-03-15T10:49:52.009000,98,,,
participant_13,4,day,Town10HD_Opt,2026-03-15 10:49:53.019249,66.4913558959961,-65.29900360107422,0.0022308724001049,47.702,-3.811,0.967,0.0,0,0,1,,0.895,2026-03-15T10:49:53.019249,angry,0.651,2026-03-15T10:49:52.169832,0.6253675906243276,2026-03-15T10:49:52.998000,96,,,
participant_13,4,day,Town10HD_Opt,2026-03-15 10:49:54.240246,54.89308166503906,-65.82286071777344,0.0021242902148514,50.066,0.766,0.967,0.0,0,0,1,,0.834,2026-03-15T10:49:54.240246,neutral,0.542,2026-03-15T10:49:54.240246,0.574509961166832,2026-03-15T10:49:54.043000,95,,,
participant_13,4,day,Town10HD_Opt,2026-03-15 10:49:55.156400,46.13517379760742,-66.1904067993164,0.0021299740765243,49.274,-0.204,0.967,0.0,0,0,1,,0.916,2026-03-15T10:49:55.156400,neutral,0.542,2026-03-15T10:49:54.240246,0.599761537123503,2026-03-15T10:49:55.023000,92,,,
participant_13,4,day,Town10HD_Opt,2026-03-15 10:49:56.025041,37.3193588256836,-66.51016998291016,0.0021670907735824,49.19,-0.19,0.967,0.0,0,0,1,,0.927,2026-03-15T10:49:56.025041,neutral,0.542,2026-03-15T10:49:54.240246,0.6352712074838738,2026-03-15T10:49:56.013000,96,,,
participant_13,4,day,Town10HD_Opt,2026-03-15 10:49:57.143178,25.65217971801757,-66.82730865478516,0.001941948197782,50.92,-0.073,0.0,0.0,0,0,1,,0.904,2026-03-15T10:49:57.143178,neutral,0.586,2026-03-15T10:49:57.143178,0.5893394721376968,2026-03-15T10:49:57.004000,96,,,
participant_13,4,day,Town10HD_Opt,2026-03-15 10:49:58.216688,15.004409790039062,-67.05522918701172,0.0023789203260093,38.214,-0.073,0.0,0.0,0,0,1,,0.883,2026-03-15T10:49:58.216688,neutral,0.586,2026-03-15T10:49:57.143178,0.654541992527334,2026-03-15T10:49:57.994000,97,,,
participant_14,1,day,Town10HD_Opt,2026-03-15 12:00:00.000000,-41.66858673095703,89.7454833984375,0.5804919004440308,11.165,0.395,0.765,0.0,0,0,1,,1.0,2026-03-15T12:00:00,,,2026-03-15T12:00:00,0.8014934527718487,2026-03-15T12:00:00,63,,,
participant_14,1,day,Town10HD_Opt,2026-03-15 12:00:04.301988,-41.66654586791992,88.39640808105469,0.0017340470803901,11.522,0.395,0.807,0.0,0,0,1,,1.0,2026-03-15T12:00:04.301988,neutral,0.994,2026-03-15T12:00:04.301988,0.783305746694544,2026-03-15T12:00:04.053000,64,,,
participant_14,1,day,Town10HD_Opt,2026-03-15 12:00:05.320008,-41.65850830078125,86.65870666503906,0.0016088486881926,18.109,0.395,0.667,0.0,0,0,1,,0.858,2026-03-15T12:00:05.320008,neutral,0.994,2026-03-15T12:00:04.301988,0.7375791018511089,2026-03-15T12:00:04.995000,64,,,
participant_14,1,day,Town10HD_Opt,2026-03-15 12:00:06.315726,-41.6380615234375,84.4439697265625,0.0020591735374182,18.384,3.872,0.032,0.0,0,0,1,,1.0,2026-03-15T12:00:06.315726,neutral,0.993,2026-03-15T12:00:06.315726,0.7363831607641352,2026-03-15T12:00:06.120000,65,,,
participant_14,1,day,Town10HD_Opt,2026-03-15 12:00:07.369658,-41.49013519287109,82.40479278564453,0.0019649504683911,16.451,5.969,0.072,0.0,0,0,1,,1.0,2026-03-15T12:00:07.369658,neutral,0.993,2026-03-15T12:00:06.315726,0.8179041350367258,2026-03-15T12:00:07.066000,66,,,
participant_14,1,day,Town10HD_Opt,2026-03-15 12:00:08.359847,-41.23862838745117,80.50523376464844,0.00184402463492,17.549,5.359,0.511,0.0,0,0,1,,1.0,2026-03-15T12:00:08.359847,neutral,0.99,2026-03-15T12:00:08.359847,0.8234074448552594,2026-03-15T12:00:08.010000,68,,,
participant_14,1,day,Town10HD_Opt,2026-03-15 12:00:09.417346,-40.81766128540039,78.41531372070312,0.0020499038510024,18.594,10.156,0.44,0.0,0,0,1,,1.0,2026-03-15T12:00:09.417346,neutral,0.99,2026-03-15T12:00:08.359847,0.7813178947412939,2026-03-15T12:00:09.090000,69,,,
participant_14,1,day,Town10HD_Opt,2026-03-15 12:00:10.455629,-40.05186080932617,76.3367691040039,0.0020559690892696,19.027,18.001,0.073,0.0,0,0,1,,0.884,2026-03-15T12:00:10.455629,neutral,0.937,2026-03-15T12:00:10.455629,0.7587988924696293,2026-03-15T12:00:09.990000,69,,,
participant_14,1,day,Town10HD_Opt,2026-03-15 12:00:11.484312,-38.91493988037109,74.56088256835938,0.0019157790811732,17.455,18.762,0.067,0.0,0,0,1,,1.0,2026-03-15T12:00:11.484312,neutral,0.937,2026-03-15T12:00:10.455629,0.7761881187003646,2026-03-15T12:00:11.025000,69,,,
participant_14,1,day,Town10HD_Opt,2026-03-15 12:00:12.025097,-38.26395797729492,73.8263931274414,0.0020073698833584,16.388,18.704,0.065,0.0,0,0,1,,0.926,2026-03-15T12:00:12.025097,neutral,0.937,2026-03-15T12:00:10.455629,0.817157945396383,2026-03-15T12:00:12.060000,68,,,
participant_14,1,day,Town10HD_Opt,2026-03-15 12:00:13.024372,-36.90955352783203,72.6547622680664,0.0020018385257571,14.922,18.395,0.353,0.0,0,0,1,,1.0,2026-03-15T12:00:13.024372,neutral,0.986,2026-03-15T12:00:13.024372,0.730596935435579,2026-03-15T12:00:13.005000,70,,,
participant_14,1,day,Town10HD_Opt,2026-03-15 12:00:14.041249,-35.341529846191406,71.6953125,0.0018204498337581,17.273,16.337,0.54,0.0,0,0,1,,0.889,2026-03-15T12:00:14.041249,neutral,0.986,2026-03-15T12:00:13.024372,0.698501802421682,2026-03-15T12:00:13.995000,69,,,
participant_14,1,day,Town10HD_Opt,2026-03-15 12:00:15.036645,-33.38099670410156,70.81376647949219,0.002031669486314,19.086,11.962,0.496,0.0,0,0,1,,0.962,2026-03-15T12:00:15.036645,neutral,0.988,2026-03-15T12:00:15.036645,0.8089444301306805,2026-03-15T12:00:15.075000,71,,,
participant_14,1,day,Town10HD_Opt,2026-03-15 12:00:16.111596,-31.13162612915039,70.11530303955078,0.0019506835378706,21.299,11.443,0.478,0.0,0,0,1,,0.974,2026-03-15T12:00:16.111596,neutral,0.988,2026-03-15T12:00:15.036645,0.7886060818936478,2026-03-15T12:00:16.155000,73,,,
participant_14,1,day,Town10HD_Opt,2026-03-15 12:00:17.222822,-28.55626106262207,69.69108581542969,0.0019525908865034,23.573,11.233,0.478,0.0,0,0,1,,0.99,2026-03-15T12:00:17.222822,fear,0.435,2026-03-15T12:00:17.222822,0.7828424065539312,2026-03-15T12:00:17.145000,76,,,
participant_14,1,day,Town10HD_Opt,2026-03-15 12:00:18.318768,-25.70757293701172,69.61061096191406,0.0019517134642228,25.417,3.966,0.476,0.0,0,0,1,,0.948,2026-03-15T12:00:18.318768,fear,0.435,2026-03-15T12:00:17.222822,0.8238762251718396,2026-03-15T12:00:18.090000,77,,,
participant_14,1,day,Town10HD_Opt,2026-03-15 12:00:19.397363,-22.63137435913086,69.60511016845703,0.001958503620699,27.312,-1.492,0.477,0.0,0,0,1,,0.942,2026-03-15T12:00:19.397363,neutral,0.988,2026-03-15T12:00:19.397363,0.8349207686531948,2026-03-15T12:00:18.990000,78,,,
participant_14,1,day,Town10HD_Opt,2026-03-15 12:00:20.468564,-19.31493377685547,69.57872009277344,0.0019000243628397,29.946,1.706,0.583,0.0,0,0,1,,0.871,2026-03-15T12:00:20.468564,neutral,0.988,2026-03-15T12:00:19.397363,0.7302329778509834,2026-03-15T12:00:20.025000,77,,,
participant_14,1,day,Town10HD_Opt,2026-03-15 12:00:20.994690,-17.516691207885742,69.60198211669922,0.0018873977242037,31.837,0.484,0.568,0.0,0,0,1,,0.93,2026-03-15T12:00:20.994690,neutral,0.988,2026-03-15T12:00:19.397363,0.7918436312759101,2026-03-15T12:00:21.015000,77,,,
participant_14,1,day,Town10HD_Opt,2026-03-15 12:00:22.039874,-13.65649127960205,69.64379119873047,0.0019041061168536,34.643,-0.745,0.562,0.0,0,0,1,,0.966,2026-03-15T12:00:22.039874,neutral,0.996,2026-03-15T12:00:22.039874,0.8323792066919725,2026-03-15T12:00:22.051000,74,,,
participant_14,1,day,Town10HD_Opt,2026-03-15 12:00:23.087599,-9.48732566833496,69.66417694091797,0.00192012777552,36.921,0.658,0.559,0.0,0,0,1,,0.882,2026-03-15T12:00:23.087599,neutral,0.996,2026-03-15T12:00:22.039874,0.8575213977191551,2026-03-15T12:00:22.995000,74,,,
participant_14,1,day,Town10HD_Opt,2026-03-15 12:00:24.129560,-5.043910026550293,69.71538543701172,0.0019349288195371,39.293,-0.193,0.551,0.0,0,0,1,,0.976,2026-03-15T12:00:24.129560,neutral,0.997,2026-03-15T12:00:24.129560,0.7565524647666991,2026-03-15T12:00:24.030000,72,,,
participant_14,1,day,Town10HD_Opt,2026-03-15 12:00:25.131551,-0.5308793783187866,69.75870513916016,0.0021973038092255,36.617,0.094,0.0,0.0,0,0,1,,0.966,2026-03-15T12:00:25.131551,neutral,0.997,2026-03-15T12:00:24.129560,0.8260196375435891,2026-03-15T12:00:25.021000,71,,,
participant_14,1,day,Town10HD_Opt,2026-03-15 12:00:26.169749,3.3693089485168457,69.80142974853516,0.0023435591720044,30.24,0.096,0.0,0.195,0,0,1,,0.905,2026-03-15T12:00:26.169749,neutral,0.989,2026-03-15T12:00:26.169749,0.8092381508246351,2026-03-15T12:00:26.011000,71,,,
participant_14,1,day,Town10HD_Opt,2026-03-15 12:00:27.229072,6.569389343261719,69.84272003173828,0.0023017118219286,24.499,0.101,0.0,0.019,0,0,1,,0.893,2026-03-15T12:00:27.229072,neutral,0.989,2026-03-15T12:00:26.169749,0.7017855566894428,2026-03-15T12:00:27.270000,71,,,
participant_14,1,day,Town10HD_Opt,2026-03-15 12:00:28.237767,9.21071720123291,69.88102722167969,0.002258529420942,20.17,0.101,0.0,0.085,0,0,1,,0.925,2026-03-15T12:00:28.237767,neutral,0.956,2026-03-15T12:00:28.237767,0.8269214770602441,2026-03-15T12:00:28.035000,69,,,
participant_14,1,day,Town10HD_Opt,2026-03-15 12:00:29.258409,11.367606163024902,69.91525268554688,0.0019737624097615,16.934,0.101,0.0,0.0,0,0,1,,0.893,2026-03-15T12:00:29.258409,neutral,0.956,2026-03-15T12:00:28.237767,0.7284224503456603,2026-03-15T12:00:29.026000,68,,,
participant_14,1,day,Town10HD_Opt,2026-03-15 12:00:30.276083,13.177193641662598,69.94608306884766,0.0020446395501494,14.0,0.101,0.0,0.0,0,0,1,,0.97,2026-03-15T12:00:30.276083,neutral,0.996,2026-03-15T12:00:30.276083,0.8117174851742508,2026-03-15T12:00:30.015000,67,,,
participant_14,1,day,Town10HD_Opt,2026-03-15 12:00:31.292724,14.693578720092772,69.97333526611328,0.0020309067331254,11.912,0.101,0.0,0.0,0,0,1,,0.944,2026-03-15T12:00:31.292724,neutral,0.996,2026-03-15T12:00:30.276083,0.8253673447802258,2026-03-15T12:00:31.005000,69,,,
participant_14,1,day,Town10HD_Opt,2026-03-15 12:00:32.332821,15.965616226196287,69.9913330078125,0.0020132446661591,9.845,-1.018,0.0,0.0,0,0,1,,0.977,2026-03-15T12:00:32.332821,neutral,0.975,2026-03-15T12:00:32.332821,0.709367118737989,2026-03-15T12:00:32.040000,67,,,
participant_14,1,day,Town10HD_Opt,2026-03-15 12:00:33.319727,17.032352447509766,69.99969482421875,0.0019980620127171,8.377,-0.32,0.0,0.0,0,0,1,,0.955,2026-03-15T12:00:33.319727,neutral,0.975,2026-03-15T12:00:32.332821,0.8062995098337735,2026-03-15T12:00:32.985000,70,,,
participant_14,1,day,Town10HD_Opt,2026-03-15 12:00:34.335711,17.926795959472656,70.00691223144531,0.0019855117425322,6.821,-0.284,0.0,0.0,0,0,1,,0.97,2026-03-15T12:00:34.335711,neutral,0.984,2026-03-15T12:00:34.335711,0.8397954403330415,2026-03-15T12:00:34.021000,68,,,
participant_14,1,day,Town10HD_Opt,2026-03-15 12:00:35.395980,18.67674827575684,70.01199340820312,0.0019747160840779,5.889,-0.284,0.0,0.0,0,0,1,,0.934,2026-03-15T12:00:35.395980,neutral,0.984,2026-03-15T12:00:34.335711,0.8002917163951164,2026-03-15T12:00:35.010000,67,,,
participant_14,1,day,Town10HD_Opt,2026-03-15 12:00:36.458070,19.32128524780273,70.01573944091797,0.0018982314504683,5.954,-0.254,0.338,0.0,0,0,1,,0.811,2026-03-15T12:00:36.458070,neutral,0.989,2026-03-15T12:00:36.458070,0.7748652952168547,2026-03-15T12:00:36.045000,65,,,
participant_14,1,day,Town10HD_Opt,2026-03-15 12:00:36.993953,19.70431327819824,70.01771545410156,0.0018333053449168,7.102,-0.254,0.258,0.0,0,0,1,,0.888,2026-03-15T12:00:36.993953,neutral,0.989,2026-03-15T12:00:36.458070,0.7354842190773617,2026-03-15T12:00:36.990000,65,,,
participant_14,1,day,Town10HD_Opt,2026-03-15 12:00:38.026265,20.5847282409668,70.02149963378906,0.0019149780273437,7.291,-0.254,0.0,0.0,0,0,1,,1.0,2026-03-15T12:00:38.026265,neutral,0.989,2026-03-15T12:00:36.458070,0.7828375124883657,2026-03-15T12:00:38.025000,62,,,
participant_14,1,day,Town10HD_Opt,2026-03-15 12:00:39.108179,21.37609100341797,70.02400970458984,0.0019709777552634,6.129,-0.235,0.0,0.0,0,0,1,,0.97,2026-03-15T12:00:39.108179,neutral,0.997,2026-03-15T12:00:39.108179,0.8254993063702041,2026-03-15T12:00:39.015000,62,,,
participant_14,1,day,Town10HD_Opt,2026-03-15 12:00:40.144316,22.03187370300293,70.02594757080078,0.002029571449384,0.618,-0.235,0.0,0.036,0,0,1,,0.895,2026-03-15T12:00:40.144316,neutral,0.997,2026-03-15T12:00:39.108179,0.7842489048449109,2026-03-15T12:00:40.006000,63,,,
participant_14,1,day,Town10HD_Opt,2026-03-15 12:00:41.169749,22.04601287841797,70.02633666992188,0.0019981765653938,0.006,-0.235,0.0,0.0,0,0,1,,0.975,2026-03-15T12:00:41.169749,neutral,0.998,2026-03-15T12:00:41.169749,0.7124254397680697,2026-03-15T12:00:40.995000,63,Solid line crossing,Solid line crossing,
participant_14,1,day,Town10HD_Opt,2026-03-15 12:00:42.169214,22.04718399047852,70.02635955810547,0.0019213866908103,0.14,-0.216,0.576,0.0,0,0,1,,0.955,2026-03-15T12:00:42.169214,neutral,0.998,2026-03-15T12:00:41.169749,0.7952957249482399,2026-03-15T12:00:42.030000,65,,,
participant_14,1,day,Town10HD_Opt,2026-03-15 12:00:43.195640,22.37203788757324,70.02626037597656,0.0016595841152593,5.708,-0.216,0.593,0.0,0,0,1,,0.918,2026-03-15T12:00:43.195640,neutral,0.997,2026-03-15T12:00:43.195640,0.730357168657729,2026-03-15T12:00:43.020000,67,,,
participant_14,1,day,Town10HD_Opt,2026-03-15 12:00:44.210530,23.298891067504883,70.02568817138672,0.001811180030927,8.575,-0.216,0.0,0.0,0,0,1,,0.947,2026-03-15T12:00:44.210530,neutral,0.997,2026-03-15T12:00:43.195640,0.8121832415977464,2026-03-15T12:00:44.100000,67,,,
participant_14,1,day,Town10HD_Opt,2026-03-15 12:00:45.211642,24.208229064941406,70.02471923828125,0.0019937134347856,6.672,-0.216,0.0,0.122,0,0,1,,0.953,2026-03-15T12:00:45.211642,neutral,1.0,2026-03-15T12:00:45.211642,0.7813745662595131,2026-03-15T12:00:45.045000,65,,,
participant_14,1,day,Town10HD_Opt,2026-03-15 12:00:46.263993,24.651264190673828,70.02345275878906,0.0023025511763989,0.001,-0.216,0.0,0.312,0,0,1,,0.835,2026-03-15T12:00:46.263993,neutral,1.0,2026-03-15T12:00:45.211642,0.7657379446799936,2026-03-15T12:00:45.990000,65,,,
participant_14,1,day,Town10HD_Opt,2026-03-15 12:00:47.271802,24.65269660949707,70.02345275878906,0.001961059635505,0.098,-0.214,0.013,0.0,0,0,1,,1.0,2026-03-15T12:00:47.271802,neutral,0.53,2026-03-15T12:00:47.271802,0.7483105115207066,2026-03-15T12:00:47.026000,62,,,
participant_14,1,day,Town10HD_Opt,2026-03-15 12:00:48.295752,24.792016983032227,70.02317810058594,0.0016976930201053,3.979,-0.209,0.763,0.0,0,0,1,,1.0,2026-03-15T12:00:48.295752,neutral,0.53,2026-03-15T12:00:47.271802,0.6368422228327686,2026-03-15T12:00:48.016000,62,,,
participant_14,1,day,Town10HD_Opt,2026-03-15 12:00:49.316369,25.72802734375,70.02159881591797,0.0015285493573173,12.047,-0.214,0.777,0.0,0,0,1,,1.0,2026-03-15T12:00:49.316369,neutral,0.982,2026-03-15T12:00:49.316369,0.591338493520307,2026-03-15T12:00:49.006000,62,,,
participant_14,1,day,Town10HD_Opt,2026-03-15 12:00:50.370905,27.54857444763184,69.99907684326172,0.0016420366009697,17.949,-4.747,0.19,0.0,0,0,1,,0.912,2026-03-15T12:00:50.370905,neutral,0.982,2026-03-15T12:00:49.316369,0.6175746502140878,2026-03-15T12:00:49.995000,64,,,errors=Stop sign violation
participant_14,1,day,Town10HD_Opt,2026-03-15 12:00:51.395512,29.60335350036621,69.77498626708984,0.001933250343427,17.363,-10.988,0.185,0.0,0,0,1,,0.866,2026-03-15T12:00:51.395512,neutral,0.99,2026-03-15T12:00:51.395512,0.6260005427484885,2026-03-15T12:00:50.985000,65,,,
participant_14,1,day,Town10HD_Opt,2026-03-15 12:00:52.434680,31.51024436950684,69.31752014160156,0.0019818877335637,16.243,-11.535,0.127,0.0,0,0,1,,0.87,2026-03-15T12:00:52.434680,neutral,0.99,2026-03-15T12:00:51.395512,0.4477518897437168,2026-03-15T12:00:52.021000,65,,,
participant_14,1,day,Town10HD_Opt,2026-03-15 12:00:53.470947,33.22224426269531,68.70436096191406,0.0019801710732281,15.095,-10.711,0.18,0.0,0,0,1,,1.0,2026-03-15T12:00:53.470947,neutral,0.939,2026-03-15T12:00:53.470947,0.4642474242172562,2026-03-15T12:00:53.145000,64,,,
participant_14,1,day,Town10HD_Opt,2026-03-15 12:00:54.005396,34.019989013671875,68.3555908203125,0.0019588852301239,14.849,-9.093,0.217,0.0,0,0,1,,0.821,2026-03-15T12:00:54.005396,neutral,0.939,2026-03-15T12:00:53.470947,0.4749913306848347,2026-03-15T12:00:54.045000,65,,,
participant_14,1,day,Town10HD_Opt,2026-03-15 12:00:55.024764,35.587379455566406,67.61022186279297,0.0019052504794672,15.152,-6.244,0.393,0.0,0,0,1,,0.949,2026-03-15T12:00:55.024764,neutral,0.939,2026-03-15T12:00:53.470947,0.4771299259696487,2026-03-15T12:00:54.045000,63,,,
participant_14,1,day,Town10HD_Opt,2026-03-15 12:00:56.086978,37.22757339477539,66.70379638671875,0.0018369674216955,17.152,-8.904,0.387,0.0,0,0,1,,0.977,2026-03-15T12:00:56.086978,neutral,0.955,2026-03-15T12:00:56.086978,0.4331916843383909,2026-03-15T12:00:56.114000,63,,,
participant_14,1,day,Town10HD_Opt,2026-03-15 12:00:57.143025,38.91561508178711,65.5022964477539,0.002092590322718,18.318,-13.836,0.388,0.0,0,0,1,,1.0,2026-03-15T12:00:57.143025,neutral,0.955,2026-03-15T12:00:56.086978,0.4424591934603802,2026-03-15T12:00:57.016000,64,,,
participant_14,1,day,Town10HD_Opt,2026-03-15 12:00:58.182251,40.47158432006836,64.0306396484375,0.002036933787167,18.621,-11.658,0.389,0.0,0,0,1,,0.897,2026-03-15T12:00:58.182251,neutral,0.971,2026-03-15T12:00:58.182251,0.3696079848324149,2026-03-15T12:00:58.005000,64,,,
participant_14,1,day,Town10HD_Opt,2026-03-15 12:00:59.265991,41.86566162109375,62.32591247558594,0.0025142286904156,19.36,-15.711,0.399,0.0,0,0,1,,1.0,2026-03-15T12:00:59.265991,neutral,0.971,2026-03-15T12:00:58.182251,0.468377265112687,2026-03-15T12:00:58.995000,66,,,
participant_14,1,day,Town10HD_Opt,2026-03-15 12:01:00.336440,42.99629211425781,60.29976272583008,0.001982650719583,20.796,-15.647,0.511,0.0,0,0,1,,1.0,2026-03-15T12:01:00.336440,neutral,0.994,2026-03-15T12:01:00.336440,0.5041403032120662,2026-03-15T12:00:59.986000,66,,,
participant_14,1,day,Town10HD_Opt,2026-03-15 12:01:01.397300,43.8248176574707,57.88692092895508,0.0019839478190988,22.574,-12.493,0.0,0.0,0,0,1,,0.86,2026-03-15T12:01:01.397300,neutral,0.994,2026-03-15T12:01:00.336440,0.4890245340484146,2026-03-15T12:01:01.021000,66,,,
participant_14,1,day,Town10HD_Opt,2026-03-15 12:01:02.457666,44.38620376586914,55.490516662597656,0.0022003937046974,19.296,11.024,0.0,0.0,0,0,1,,0.855,2026-03-15T12:01:02.457666,neutral,0.99,2026-03-15T12:01:02.457666,0.4591724304853302,2026-03-15T12:01:02.010000,69,,,
participant_14,1,day,Town10HD_Opt,2026-03-15 12:01:03.020321,44.74974060058594,54.48682022094727,0.0020019528456032,17.681,13.951,0.0,0.0,0,0,1,,0.802,2026-03-15T12:01:03.020321,neutral,0.99,2026-03-15T12:01:02.457666,0.5442117914200545,2026-03-15T12:01:03,68,,,
participant_14,1,day,Town10HD_Opt,2026-03-15 12:01:04.071437,45.471282958984375,52.74059295654297,0.0020469664596021,14.775,-1.876,0.0,0.0,0,0,1,,0.989,2026-03-15T12:01:04.071437,neutral,0.99,2026-03-15T12:01:02.457666,0.5276881705523062,2026-03-15T12:01:03.990000,71,,,
participant_14,1,day,Town10HD_Opt,2026-03-15 12:01:05.093176,45.97040557861328,51.24658203125,0.0020378492772579,12.374,-6.014,0.0,0.0,0,0,1,,0.996,2026-03-15T12:01:05.093176,neutral,0.995,2026-03-15T12:01:05.093176,0.656638222667526,2026-03-15T12:01:05.025000,69,,,
participant_14,1,day,Town10HD_Opt,2026-03-15 12:01:06.126106,46.34954452514648,49.94723129272461,0.0019438933813944,11.594,-4.605,0.216,0.0,0,0,1,,0.995,2026-03-15T12:01:06.126106,neutral,0.995,2026-03-15T12:01:05.093176,0.5450041840701196,2026-03-15T12:01:06.016000,65,,,
participant_14,1,day,Town10HD_Opt,2026-03-15 12:01:07.144240,46.67829513549805,48.60740661621094,0.0019274520454928,11.7,-5.938,0.094,0.0,0,0,1,,0.998,2026-03-15T12:01:07.144240,neutral,0.988,2026-03-15T12:01:07.144240,0.6395169627121491,2026-03-15T12:01:07.005000,66,,,
participant_14,1,day,Town10HD_Opt,2026-03-15 12:01:08.156109,46.93239212036133,47.324954986572266,0.0019633101765066,10.751,-5.938,0.095,0.0,0,0,1,,0.998,2026-03-15T12:01:08.156109,neutral,0.988,2026-03-15T12:01:07.144240,0.6886560634691768,2026-03-15T12:01:07.996000,65,,,
participant_14,1,day,Town10HD_Opt,2026-03-15 12:01:09.195218,47.11824417114258,46.13532638549805,0.0020917891524732,10.003,-5.877,0.12,0.0,0,0,1,,0.997,2026-03-15T12:01:09.195218,neutral,0.995,2026-03-15T12:01:09.195218,0.6649828516163235,2026-03-15T12:01:09.031000,63,,,
participant_14,1,day,Town10HD_Opt,2026-03-15 12:01:10.219196,47.25155258178711,45.00725173950195,0.0025005722418427,9.504,-5.444,0.119,0.0,0,0,1,,0.998,2026-03-15T12:01:10.219196,neutral,0.995,2026-03-15T12:01:09.195218,0.5992595188094688,2026-03-15T12:01:10.065000,63,,,
participant_14,1,day,Town10HD_Opt,2026-03-15 12:01:11.245377,47.36053085327149,43.92625427246094,0.0028293989598751,9.409,-1.457,0.475,0.0,0,0,1,,0.991,2026-03-15T12:01:11.245377,neutral,0.967,2026-03-15T12:01:11.245377,0.614263061053361,2026-03-15T12:01:11.146000,62,,,
participant_14,1,day,Town10HD_Opt,2026-03-15 12:01:12.261316,47.49651336669922,42.62960815429688,0.003186302492395,13.174,-1.25,0.539,0.0,0,0,1,,0.986,2026-03-15T12:01:12.261316,neutral,0.967,2026-03-15T12:01:11.245377,0.5409488959006205,2026-03-15T12:01:12,59,,,
participant_14,1,day,Town10HD_Opt,2026-03-15 12:01:13.315008,47.73893356323242,40.83704376220703,-0.0002499014080967,18.344,11.144,0.696,0.0,0,0,1,,0.917,2026-03-15T12:01:13.315008,neutral,0.966,2026-03-15T12:01:13.315008,0.4662168905191383,2026-03-15T12:01:12.991000,57,,,
participant_14,1,day,Town10HD_Opt,2026-03-15 12:01:14.409073,48.34159469604492,38.66572570800781,0.0699661970138549,21.148,11.921,0.692,0.0,0,0,1,,0.981,2026-03-15T12:01:14.409073,neutral,0.966,2026-03-15T12:01:13.315008,0.2807801411001859,2026-03-15T12:01:14.026000,57,,,
participant_14,1,day,Town10HD_Opt,2026-03-15 12:01:14.995830,48.80995559692383,37.46372604370117,0.0439471378922462,23.493,13.868,0.701,0.0,0,0,1,,0.962,2026-03-15T12:01:14.995830,neutral,0.966,2026-03-15T12:01:13.315008,0.3653914343257854,2026-03-15T12:01:15.015000,57,,,
participant_14,1,day,Town10HD_Opt,2026-03-15 12:01:16.092103,50.39335250854492,34.87166976928711,0.0425722822546958,28.757,18.438,0.682,0.0,0,0,1,,0.871,2026-03-15T12:01:16.092103,neutral,0.979,2026-03-15T12:01:16.092103,0.3489215959555,2026-03-15T12:01:16.005000,60,,,
participant_14,1,day,Town10HD_Opt,2026-03-15 12:01:17.281274,52.95344161987305,32.30354309082031,0.0093048848211765,33.137,6.661,0.539,0.0,0,0,1,,0.967,2026-03-15T12:01:17.281274,neutral,0.979,2026-03-15T12:01:16.092103,0.366781909795317,2026-03-15T12:01:16.996000,58,,,
participant_14,1,day,Town10HD_Opt,2026-03-15 12:01:18.405111,56.09318542480469,29.785186767578125,0.0022223282139748,35.619,3.728,0.539,0.0,0,0,1,,0.992,2026-03-15T12:01:18.405111,neutral,0.996,2026-03-15T12:01:18.405111,0.3692038417277047,2026-03-15T12:01:18.031000,57,,,
participant_14,1,day,Town10HD_Opt,2026-03-15 12:01:19.001157,57.81623840332031,28.573524475097656,0.0020189667120575,36.566,8.189,0.533,0.0,0,0,1,,0.984,2026-03-15T12:01:19.001157,neutral,0.996,2026-03-15T12:01:18.405111,0.3301610172333741,2026-03-15T12:01:19.065000,59,,,
participant_14,1,day,Town10HD_Opt,2026-03-15 12:01:20.112317,61.657562255859375,26.53482437133789,0.0020117568783462,37.584,7.982,0.0,0.0,0,0,1,,0.994,2026-03-15T12:01:20.112317,neutral,0.996,2026-03-15T12:01:18.405111,0.3983868334416036,2026-03-15T12:01:20.011000,60,,,
participant_14,1,day,Town10HD_Opt,2026-03-15 12:01:21.145390,65.54851531982422,25.274871826171875,0.0022910689003765,32.391,9.136,0.0,0.0,0,0,1,,0.983,2026-03-15T12:01:21.145390,neutral,0.989,2026-03-15T12:01:21.145390,0.247733922448161,2026-03-15T12:01:21.001000,61,,,
participant_14,1,day,Town10HD_Opt,2026-03-15 12:01:22.195301,68.965576171875,24.802865982055664,0.0023156355600804,26.961,7.527,0.0,0.161,0,0,1,,0.984,2026-03-15T12:01:22.195301,neutral,0.989,2026-03-15T12:01:21.145390,0.3509077061112889,2026-03-15T12:01:22.036000,61,,,
participant_14,1,day,Town10HD_Opt,2026-03-15 12:01:23.225128,71.78810119628906,24.72430419921875,0.0023077391088008,21.595,3.205,0.0,0.289,0,0,1,,0.972,2026-03-15T12:01:23.225128,neutral,0.981,2026-03-15T12:01:23.225128,0.3468225812653642,2026-03-15T12:01:23.026000,62,,,
participant_14,1,day,Town10HD_Opt,2026-03-15 12:01:24.298359,73.9993896484375,24.73460960388184,0.0020475767087191,16.192,0.611,0.0,0.341,0,0,1,,0.952,2026-03-15T12:01:24.298359,neutral,0.981,2026-03-15T12:01:23.225128,0.3364143185663155,2026-03-15T12:01:24.016000,64,,,
participant_14,1,day,Town10HD_Opt,2026-03-15 12:01:25.293148,75.6697769165039,24.751440048217773,0.0021183774806559,12.247,0.545,0.0,0.365,0,0,1,,1.0,2026-03-15T12:01:25.293148,neutral,0.79,2026-03-15T12:01:25.293148,0.2974820768714534,2026-03-15T12:01:25.095000,62,,,
participant_14,1,day,Town10HD_Opt,2026-03-15 12:01:26.290391,76.86714935302734,24.76871681213379,0.0021129224915057,8.332,0.573,0.0,0.476,0,0,1,,0.964,2026-03-15T12:01:26.290391,neutral,0.79,2026-03-15T12:01:25.293148,0.3503647808677776,2026-03-15T12:01:25.995000,65,,,
participant_14,1,day,Town10HD_Opt,2026-03-15 12:01:27.297959,77.39988708496094,24.775983810424805,0.0023938748054206,0.001,-0.338,0.0,0.547,0,0,1,,0.853,2026-03-15T12:01:27.297959,neutral,0.981,2026-03-15T12:01:27.297959,0.3483090713431391,2026-03-15T12:01:27.076000,64,,,
participant_14,1,day,Town10HD_Opt,2026-03-15 12:01:28.329903,77.40107727050781,24.775991439819336,0.0019729994237422,0.034,-0.075,0.0,0.0,0,0,1,,1.0,2026-03-15T12:01:28.329903,neutral,0.981,2026-03-15T12:01:27.297959,0.3314367308632356,2026-03-15T12:01:28.022000,64,,,
participant_14,1,day,Town10HD_Opt,2026-03-15 12:01:29.385008,77.4050064086914,24.77602767944336,0.0019233702914789,0.035,0.352,0.0,0.0,0,0,1,,0.963,2026-03-15T12:01:29.385008,neutral,0.942,2026-03-15T12:01:29.385008,0.3468463812718572,2026-03-15T12:01:29.145000,65,,,
participant_14,1,day,Town10HD_Opt,2026-03-15 12:01:30.367257,77.40840911865234,24.77608299255371,0.0019195937784388,0.03,0.345,0.0,0.0,0,0,1,,0.916,2026-03-15T12:01:30.367257,neutral,0.942,2026-03-15T12:01:29.385008,0.4388757866970081,2026-03-15T12:01:30.001000,65,,,
participant_14,1,day,Town10HD_Opt,2026-03-15 12:01:31.342938,77.41127014160156,24.776126861572266,0.0019192122854292,0.026,0.338,0.0,0.0,0,0,1,,0.943,2026-03-15T12:01:31.342938,neutral,0.942,2026-03-15T12:01:29.385008,0.4417100805320316,2026-03-15T12:01:31.035000,66,,,
participant_14,1,day,Town10HD_Opt,2026-03-15 12:01:32.326965,77.4131851196289,24.77612495422364,0.0019187545403838,0.009,0.336,0.0,0.0,0,0,1,,0.931,2026-03-15T12:01:32.326965,neutral,0.943,2026-03-15T12:01:32.326965,0.4947097939700551,2026-03-15T12:01:32.026000,64,,,
participant_14,1,day,Town10HD_Opt,2026-03-15 12:01:33.294625,77.41357421875,24.77612495422364,0.0019191360333934,0.002,0.317,0.0,0.0,0,0,1,,0.977,2026-03-15T12:01:33.294625,neutral,0.943,2026-03-15T12:01:32.326965,0.5022529360192287,2026-03-15T12:01:33.016000,67,,,
participant_14,1,day,Town10HD_Opt,2026-03-15 12:01:34.330483,77.4135971069336,24.77612495422364,0.0019187927246093,0.006,0.315,0.0,0.0,0,0,1,,0.914,2026-03-15T12:01:34.330483,neutral,0.972,2026-03-15T12:01:34.330483,0.5026026206975921,2026-03-15T12:01:34.096000,67,,,
participant_14,1,day,Town10HD_Opt,2026-03-15 12:01:35.396276,77.4136962890625,24.77612495422364,0.0019191360333934,0.001,0.315,0.0,0.0,0,0,1,,1.0,2026-03-15T12:01:35.396276,neutral,0.972,2026-03-15T12:01:34.330483,0.5514146157121854,2026-03-15T12:01:35.085000,68,,,
participant_14,1,day,Town10HD_Opt,2026-03-15 12:01:36.428228,77.41372680664062,24.77612495422364,0.0019187927246093,0.006,0.315,0.0,0.0,0,0,1,,0.864,2026-03-15T12:01:36.428228,neutral,0.979,2026-03-15T12:01:36.428228,0.5637331342489557,2026-03-15T12:01:36.031000,68,,,
participant_14,1,day,Town10HD_Opt,2026-03-15 12:01:37.436627,77.41380310058594,24.77612495422364,0.0019190978491678,0.001,0.315,0.0,0.0,0,0,1,,1.0,2026-03-15T12:01:37.436627,neutral,0.979,2026-03-15T12:01:36.428228,0.5662197439343771,2026-03-15T12:01:37.020000,69,,,
participant_14,1,day,Town10HD_Opt,2026-03-15 12:01:38.438874,77.41386413574219,24.77612495422364,0.0019189452286809,0.006,0.315,0.0,0.0,0,0,1,,0.801,2026-03-15T12:01:38.438874,neutral,0.974,2026-03-15T12:01:38.438874,0.6570476473907706,2026-03-15T12:01:38.056000,68,,,
participant_14,1,day,Town10HD_Opt,2026-03-15 12:01:39.448124,77.4139175415039,24.77612495422364,0.001919021597132,0.001,0.315,0.0,0.0,0,0,1,,1.0,2026-03-15T12:01:39.448124,neutral,0.974,2026-03-15T12:01:38.438874,0.6612525756900484,2026-03-15T12:01:39.226000,68,,,
participant_14,1,day,Town10HD_Opt,2026-03-15 12:01:40.035507,77.41383361816406,24.77612495422364,0.0019189452286809,0.002,0.315,0.0,0.0,0,0,1,,0.808,2026-03-15T12:01:40.035507,neutral,0.974,2026-03-15T12:01:38.438874,0.7188899810447029,2026-03-15T12:01:40.035000,68,,,
participant_14,1,day,Town10HD_Opt,2026-03-15 12:01:41.060538,77.4141616821289,24.77612495422364,0.0019191741012036,0.006,0.315,0.0,0.0,0,0,1,,1.0,2026-03-15T12:01:41.060538,neutral,0.966,2026-03-15T12:01:41.060538,0.658828300422658,2026-03-15T12:01:41.025000,65,,,
participant_14,1,day,Town10HD_Opt,2026-03-15 12:01:42.064110,77.41394805908203,24.77612495422364,0.0019189452286809,0.002,0.315,0.0,0.0,0,0,1,,1.0,2026-03-15T12:01:42.064110,neutral,0.966,2026-03-15T12:01:41.060538,0.6233287632783437,2026-03-15T12:01:42.016000,66,,,
participant_14,1,day,Town10HD_Opt,2026-03-15 12:01:43.053216,77.41426849365234,24.77612495422364,0.0019190978491678,0.001,0.315,0.0,0.0,0,0,1,,1.0,2026-03-15T12:01:43.053216,neutral,0.966,2026-03-15T12:01:41.060538,0.6211754523029615,2026-03-15T12:01:43.006000,64,,,
participant_14,1,day,Town10HD_Opt,2026-03-15 12:01:44.055836,77.41407775878906,24.77612495422364,0.0019187163561582,0.007,0.315,0.0,0.0,0,0,1,,0.868,2026-03-15T12:01:44.055836,neutral,0.971,2026-03-15T12:01:44.055836,0.6581128524893688,2026-03-15T12:01:43.995000,63,,,
participant_14,1,day,Town10HD_Opt,2026-03-15 12:01:45.052061,77.41437530517578,24.77612495422364,0.0019193649059161,0.0,0.315,0.0,0.0,0,0,1,,0.921,2026-03-15T12:01:45.052061,neutral,0.971,2026-03-15T12:01:44.055836,0.5298875584458245,2026-03-15T12:01:45.031000,63,,,
participant_14,1,day,Town10HD_Opt,2026-03-15 12:01:46.039467,77.41421508789062,24.77612495422364,0.0019187545403838,0.007,0.315,0.0,0.0,0,0,1,,0.852,2026-03-15T12:01:46.039467,neutral,0.971,2026-03-15T12:01:44.055836,0.4995130031416991,2026-03-15T12:01:46.021000,62,,,
participant_14,1,day,Town10HD_Opt,2026-03-15 12:01:47.052051,77.41447448730469,24.77612495422364,0.001919517526403,0.001,0.315,0.0,0.0,0,0,1,,0.899,2026-03-15T12:01:47.052051,neutral,0.993,2026-03-15T12:01:47.052051,0.5889088006538082,2026-03-15T12:01:47.100000,61,,,
participant_14,1,day,Town10HD_Opt,2026-03-15 12:01:48.058682,77.41434478759766,24.77612495422364,0.0019187545403838,0.007,0.315,0.0,0.0,0,0,1,,1.0,2026-03-15T12:01:48.058682,neutral,0.993,2026-03-15T12:01:47.052051,0.4196953583907877,2026-03-15T12:01:48.001000,62,,,
participant_14,1,day,Town10HD_Opt,2026-03-15 12:01:49.078398,77.41458129882812,24.77612495422364,0.001919517526403,0.001,0.315,0.0,0.0,0,0,1,,1.0,2026-03-15T12:01:49.078398,neutral,0.941,2026-03-15T12:01:49.078398,0.4595310777211611,2026-03-15T12:01:49.037000,63,,,
participant_14,1,day,Town10HD_Opt,2026-03-15 12:01:50.069251,77.41447448730469,24.77612495422364,0.0019187545403838,0.006,0.315,0.0,0.0,0,0,1,,1.0,2026-03-15T12:01:50.069251,neutral,0.941,2026-03-15T12:01:49.078398,0.4095868339848231,2026-03-15T12:01:50.027000,64,,,
participant_14,1,day,Town10HD_Opt,2026-03-15 12:01:51.048561,77.41468048095703,24.77612495422364,0.0019195555942133,0.001,0.315,0.0,0.0,0,0,1,,0.849,2026-03-15T12:01:51.048561,neutral,0.941,2026-03-15T12:01:49.078398,0.3598149758586933,2026-03-15T12:01:51.015000,65,,,
participant_14,1,day,Town10HD_Opt,2026-03-15 12:01:52.022051,77.41460418701172,24.77612495422364,0.0019187927246093,0.006,0.315,0.0,0.0,0,0,1,,0.886,2026-03-15T12:01:52.022051,neutral,0.986,2026-03-15T12:01:52.022051,0.383177266288157,2026-03-15T12:01:52.051000,64,,,
participant_14,1,day,Town10HD_Opt,2026-03-15 12:01:53.015345,77.41477966308594,24.77612495422364,0.0019195555942133,0.001,0.315,0.0,0.0,0,0,1,,1.0,2026-03-15T12:01:53.015345,neutral,0.986,2026-03-15T12:01:52.022051,0.3359602169896548,2026-03-15T12:01:53.130000,63,,,
participant_14,1,day,Town10HD_Opt,2026-03-15 12:01:54.009661,77.41474151611328,24.77612495422364,0.0019187545403838,0.006,0.315,0.0,0.0,0,0,1,,0.867,2026-03-15T12:01:54.009661,neutral,0.986,2026-03-15T12:01:52.022051,0.3864392822194196,2026-03-15T12:01:54.031000,65,,,
participant_14,1,day,Town10HD_Opt,2026-03-15 12:01:55.097638,77.5789794921875,24.79636001586914,0.0016296006506308,5.947,17.768,1.0,0.0,0,0,1,,0.93,2026-03-15T12:01:55.097638,neutral,0.939,2026-03-15T12:01:55.097638,0.4128558978917129,2026-03-15T12:01:55.022000,66,,,
participant_14,1,day,Town10HD_Opt,2026-03-15 12:01:56.148835,78.71571350097656,25.027814865112305,0.0015978623414412,12.977,18.076,0.559,0.0,0,0,1,,0.81,2026-03-15T12:01:56.148835,neutral,0.939,2026-03-15T12:01:55.097638,0.4976612738160454,2026-03-15T12:01:56.012000,69,,,
participant_14,1,day,Town10HD_Opt,2026-03-15 12:01:57.209027,80.29685974121094,25.533674240112305,0.001859588548541,14.516,6.234,0.194,0.0,0,0,1,,0.988,2026-03-15T12:01:57.209027,neutral,0.912,2026-03-15T12:01:57.209027,0.4984567545843349,2026-03-15T12:01:57,69,,,
participant_14,1,day,Town10HD_Opt,2026-03-15 12:01:58.269964,81.91578674316406,25.99519729614257,0.0019072341965511,14.641,-5.063,0.719,0.0,0,0,1,,0.981,2026-03-15T12:01:58.269964,neutral,0.912,2026-03-15T12:01:57.209027,0.5707299797392036,2026-03-15T12:01:57.990000,70,,,
participant_14,1,day,Town10HD_Opt,2026-03-15 12:01:59.343339,83.94969177246094,26.459125518798828,0.002197227673605,21.403,-0.214,1.0,0.0,0,0,1,,0.916,2026-03-15T12:01:59.343339,neutral,0.943,2026-03-15T12:01:59.343339,0.6273526588721903,2026-03-15T12:01:59.026000,68,,,
participant_14,1,day,Town10HD_Opt,2026-03-15 12:02:00.394897,86.97461700439453,27.1862907409668,0.0016969683347269,32.103,-7.772,1.0,0.0,0,0,1,,0.98,2026-03-15T12:02:00.394897,neutral,0.943,2026-03-15T12:01:59.343339,0.5659917641316152,2026-03-15T12:02:00.016000,70,,,
participant_14,1,day,Town10HD_Opt,2026-03-15 12:02:01.460223,91.24508666992188,27.393102645874023,0.0016021347837522,41.723,-19.87,0.949,0.0,0,0,1,,0.962,2026-03-15T12:02:01.460223,neutral,0.954,2026-03-15T12:02:01.460223,0.6870931416994835,2026-03-15T12:02:01.006000,71,,,
participant_14,1,day,Town10HD_Opt,2026-03-15 12:02:02.005186,93.68739318847656,26.82815933227539,0.0016568375285714,44.974,-17.124,0.925,0.0,0,0,1,,0.842,2026-03-15T12:02:02.005186,neutral,0.954,2026-03-15T12:02:01.460223,0.7524205254848273,2026-03-15T12:02:01.996000,71,,,
participant_14,1,day,Town10HD_Opt,2026-03-15 12:02:03.030123,98.56964874267578,24.01778221130371,0.0017021561507135,51.844,-9.495,0.0,0.184,0,0,1,,0.972,2026-03-15T12:02:03.030123,neutral,0.954,2026-03-15T12:02:01.460223,0.8194497402195121,2026-03-15T12:02:03.031000,69,,,
participant_14,1,day,Town10HD_Opt,2026-03-15 12:02:04.033346,102.53914642333984,19.803375244140625,0.0023006056435406,46.284,-5.243,0.233,0.0,0,0,1,,0.937,2026-03-15T12:02:04.033346,neutral,0.928,2026-03-15T12:02:04.033346,0.8203164967443445,2026-03-15T12:02:04.021000,70,,,
participant_14,1,day,Town10HD_Opt,2026-03-15 12:02:05.048155,105.25045776367188,15.323362350463867,0.002001037588343,46.283,-16.692,0.889,0.0,0,0,1,,0.955,2026-03-15T12:02:05.048155,neutral,0.928,2026-03-15T12:02:04.033346,0.7968734255203423,2026-03-15T12:02:05.011000,70,,,
participant_14,1,day,Town10HD_Opt,2026-03-15 12:02:06.087397,106.682861328125,9.760011672973633,0.001776352059096,52.009,1.083,0.0,0.213,0,0,1,,0.845,2026-03-15T12:02:06.087397,neutral,0.975,2026-03-15T12:02:06.087397,0.9192649881121588,2026-03-15T12:02:06.001000,70,,,
participant_14,1,day,Town10HD_Opt,2026-03-15 12:02:07.121677,107.6008071899414,4.00855827331543,0.0021361159160733,48.776,-3.109,0.852,0.0,0,0,1,,0.967,2026-03-15T12:02:07.121677,neutral,0.975,2026-03-15T12:02:06.087397,0.8802877635938864,2026-03-15T12:02:07.036000,70,,,
participant_14,1,day,Town10HD_Opt,2026-03-15 12:02:08.141469,108.20825958251952,-1.836714148521424,0.0020619200076907,49.968,-6.085,0.809,0.0,0,0,1,,0.889,2026-03-15T12:02:08.141469,neutral,0.975,2026-03-15T12:02:08.141469,0.857765224907141,2026-03-15T12:02:08.026000,72,,,
participant_14,1,day,Town10HD_Opt,2026-03-15 12:02:09.189721,108.08646392822266,-7.510719299316406,0.0021103667095303,48.056,3.594,0.437,0.0,0,0,1,,0.956,2026-03-15T12:02:09.189721,neutral,0.975,2026-03-15T12:02:08.141469,0.893531485712013,2026-03-15T12:02:09.062000,72,,,
participant_14,1,day,Town10HD_Opt,2026-03-15 12:02:10.200807,108.1951904296875,-13.056072235107422,0.0020837783813476,47.132,0.59,0.462,0.0,0,0,1,,0.967,2026-03-15T12:02:10.200807,neutral,0.994,2026-03-15T12:02:10.200807,0.8214172609360858,2026-03-15T12:02:10.006000,73,,,
participant_14,1,day,Town10HD_Opt,2026-03-15 12:02:11.219721,108.5665512084961,-18.52496337890625,0.0020584105513989,46.857,-2.118,0.467,0.0,0,0,1,,0.968,2026-03-15T12:02:11.219721,neutral,0.994,2026-03-15T12:02:10.200807,0.8701214262132906,2026-03-15T12:02:10.996000,73,,,
participant_14,1,day,Town10HD_Opt,2026-03-15 12:02:12.218237,108.72361755371094,-23.966781616210938,0.0020627211779356,46.426,-3.276,0.455,0.0,0,0,1,,0.975,2026-03-15T12:02:12.218237,neutral,0.968,2026-03-15T12:02:12.218237,0.9287785863063492,2026-03-15T12:02:12.031000,71,,,
participant_14,1,day,Town10HD_Opt,2026-03-15 12:02:13.295053,108.41256713867188,-29.34643173217773,0.0020703505724668,45.883,-6.879,0.454,0.0,0,0,1,,0.866,2026-03-15T12:02:13.295053,neutral,0.968,2026-03-15T12:02:12.218237,0.927626596013412,2026-03-15T12:02:13.066000,70,,,
participant_14,1,day,Town10HD_Opt,2026-03-15 12:02:14.319030,107.32411193847656,-34.544273376464844,0.0020808791741728,45.22,-8.902,0.466,0.0,0,0,1,,0.94,2026-03-15T12:02:14.319030,neutral,0.935,2026-03-15T12:02:14.319030,0.916352980037869,2026-03-15T12:02:14.011000,68,,,
participant_14,1,day,Town10HD_Opt,2026-03-15 12:02:15.357505,105.28487396240234,-39.38444900512695,0.002066345186904,44.943,-5.361,0.459,0.0,0,0,1,,0.982,2026-03-15T12:02:15.357505,neutral,0.935,2026-03-15T12:02:14.319030,0.9524359460513672,2026-03-15T12:02:15.001000,70,,,
participant_14,1,day,Town10HD_Opt,2026-03-15 12:02:16.373846,102.58960723876952,-43.86116790771485,0.0020586394239217,44.711,-3.832,0.463,0.0,0,0,1,,0.938,2026-03-15T12:02:16.373846,neutral,0.986,2026-03-15T12:02:16.373846,0.9094566152140088,2026-03-15T12:02:15.991000,68,,,
participant_14,1,day,Town10HD_Opt,2026-03-15 12:02:17.383555,99.42838287353516,-47.99121856689453,0.0020567702595144,44.506,-5.479,0.463,0.0,0,0,1,,0.978,2026-03-15T12:02:17.383555,neutral,0.986,2026-03-15T12:02:16.373846,0.9353058754713064,2026-03-15T12:02:17.026000,69,,,
participant_14,1,day,Town10HD_Opt,2026-03-15 12:02:18.408861,95.77216339111328,-51.65395736694336,0.0020562743302434,44.311,-5.267,0.463,0.0,0,0,1,,0.98,2026-03-15T12:02:18.408861,neutral,0.992,2026-03-15T12:02:18.408861,0.8903743315573592,2026-03-15T12:02:18.016000,69,,,
participant_14,1,day,Town10HD_Opt,2026-03-15 12:02:19.405878,91.67020416259766,-54.7731819152832,0.0020572661887854,44.115,-6.137,0.463,0.0,0,0,1,,0.99,2026-03-15T12:02:19.405878,neutral,0.992,2026-03-15T12:02:18.408861,0.8780775633687865,2026-03-15T12:02:19.006000,68,Harsh braking,decel_mps2=6.4,
participant_14,1,day,Town10HD_Opt,2026-03-15 12:02:20.446275,87.20452880859375,-57.30852890014648,0.0020523071289062,43.923,7.501,0.462,0.0,0,0,1,,0.958,2026-03-15T12:02:20.446275,neutral,0.972,2026-03-15T12:02:20.446275,0.7960831045896782,2026-03-15T12:02:20.041000,64,,,errors=Solid line crossing
participant_14,1,day,Town10HD_Opt,2026-03-15 12:02:21.005750,85.01112365722656,-58.61836242675781,0.0020613861270248,43.723,8.844,0.462,0.0,0,0,1,,0.952,2026-03-15T12:02:21.005750,neutral,0.972,2026-03-15T12:02:20.446275,0.7613647731108225,2026-03-15T12:02:21.121000,64,,,
participant_14,1,day,Town10HD_Opt,2026-03-15 12:02:22.050140,80.92829132080078,-61.6806526184082,0.0020296860020607,43.964,-4.362,0.513,0.0,0,0,1,,0.96,2026-03-15T12:02:22.050140,neutral,0.972,2026-03-15T12:02:20.446275,0.6870415139968917,2026-03-15T12:02:22.021000,61,,,
participant_14,1,day,Town10HD_Opt,2026-03-15 12:02:23.067995,76.63347625732422,-64.52642059326172,0.0020207595080137,44.498,-7.0,0.512,0.0,0,0,1,,0.892,2026-03-15T12:02:23.067995,neutral,0.96,2026-03-15T12:02:23.067995,0.6795159518145949,2026-03-15T12:02:23.011000,63,,,
participant_14,1,day,Town10HD_Opt,2026-03-15 12:02:24.049149,71.87626647949219,-66.65338134765625,0.0020219038706272,45.034,-6.706,0.512,0.0,0,0,1,,0.842,2026-03-15T12:02:24.049149,neutral,0.96,2026-03-15T12:02:23.067995,0.656011835317551,2026-03-15T12:02:24.091000,64,,,
participant_14,1,day,Town10HD_Opt,2026-03-15 12:02:25.053085,66.7730941772461,-67.97716522216797,0.0020241546444594,45.491,-6.45,0.512,0.0,0,0,1,,0.904,2026-03-15T12:02:25.053085,neutral,0.96,2026-03-15T12:02:23.067995,0.558198913007886,2026-03-15T12:02:25.036000,64,,,errors=Solid line crossing
participant_14,1,day,Town10HD_Opt,2026-03-15 12:02:26.076277,61.46578979492188,-68.50826263427734,0.0020206451881676,46.024,-3.497,0.509,0.0,0,0,1,,1.0,2026-03-15T12:02:26.076277,neutral,0.983,2026-03-15T12:02:26.076277,0.4592351647876646,2026-03-15T12:02:26.026000,63,,,
participant_14,1,day,Town10HD_Opt,2026-03-15 12:02:27.102009,56.06346130371094,-68.57144165039062,0.0020166777539998,46.578,1.222,0.506,0.0,0,0,1,,1.0,2026-03-15T12:02:27.102009,neutral,0.983,2026-03-15T12:02:26.076277,0.5095535687364219,2026-03-15T12:02:27.016000,63,,,
participant_14,1,day,Town10HD_Opt,2026-03-15 12:02:28.116892,50.60211944580078,-68.6153564453125,0.0020208358764648,47.018,-2.553,0.504,0.0,0,0,1,,0.856,2026-03-15T12:02:28.116892,neutral,0.992,2026-03-15T12:02:28.116892,0.4002213681889426,2026-03-15T12:02:28.051000,62,,,
participant_14,1,day,Town10HD_Opt,2026-03-15 12:02:29.162306,45.10149765014648,-68.43657684326172,0.0020268631633371,47.328,-1.864,0.5,0.0,0,0,1,,0.926,2026-03-15T12:02:29.162306,neutral,0.992,2026-03-15T12:02:28.116892,0.4223002397253525,2026-03-15T12:02:29.041000,62,,,
participant_14,1,day,Town10HD_Opt,2026-03-15 12:02:30.179213,39.584739685058594,-67.96073150634766,0.0020293043926358,47.616,-1.147,0.5,0.0,0,0,1,,1.0,2026-03-15T12:02:30.179213,neutral,0.991,2026-03-15T12:02:30.179213,0.3540410021482199,2026-03-15T12:02:30.031000,59,,,
participant_14,1,day,Town10HD_Opt,2026-03-15 12:02:31.191998,34.05701446533203,-67.29971313476562,0.002030563307926,47.834,-0.244,0.498,0.0,0,0,1,,1.0,2026-03-15T12:02:31.191998,neutral,0.991,2026-03-15T12:02:30.179213,0.3646157317094645,2026-03-15T12:02:31.022000,58,,,
participant_14,1,day,Town10HD_Opt,2026-03-15 12:02:32.221472,28.512008666992188,-66.60395050048828,0.0020436476916074,47.829,0.162,0.096,0.0,0,0,1,,1.0,2026-03-15T12:02:32.221472,neutral,0.884,2026-03-15T12:02:32.221472,0.3188424270218434,2026-03-15T12:02:32.056000,56,,,
participant_14,1,day,Town10HD_Opt,2026-03-15 12:02:33.229047,23.26165771484375,-65.99198913574219,0.0023230740334838,42.062,0.444,0.0,0.0,0,0,1,,1.0,2026-03-15T12:02:33.229047,neutral,0.884,2026-03-15T12:02:32.221472,0.3429799809113512,2026-03-15T12:02:33.091000,58,,,
participant_14,1,day,Town10HD_Opt,2026-03-15 12:02:34.240944,18.78244400024414,-65.53108978271484,0.0023575590457767,34.941,1.664,0.009,0.0,0,0,1,,0.853,2026-03-15T12:02:34.240944,neutral,0.976,2026-03-15T12:02:34.240944,0.3047764102092597,2026-03-15T12:02:34.036000,58,,,
participant_14,1,day,Town10HD_Opt,2026-03-15 12:02:35.223373,14.889204025268556,-65.24578857421875,0.0021405792795121,32.929,1.455,0.515,0.0,0,0,1,,1.0,2026-03-15T12:02:35.223373,neutral,0.976,2026-03-15T12:02:34.240944,0.3240559892739606,2026-03-15T12:02:35.116000,58,,,
participant_14,1,day,Town10HD_Opt,2026-03-15 12:02:36.225487,10.975339889526367,-65.01973724365234,0.0019947432447224,34.225,-0.444,0.475,0.0,0,0,1,,1.0,2026-03-15T12:02:36.225487,neutral,0.976,2026-03-15T12:02:34.240944,0.3604567234246549,2026-03-15T12:02:36.016000,58,,,
participant_14,1,day,Town10HD_Opt,2026-03-15 12:02:37.232921,6.923099994659424,-64.8110122680664,0.0019926070235669,35.281,1.669,0.468,0.0,0,0,1,,1.0,2026-03-15T12:02:37.232921,neutral,0.945,2026-03-15T12:02:37.232921,0.372019918613821,2026-03-15T12:02:37.007000,58,,,
participant_14,1,day,Town10HD_Opt,2026-03-15 12:02:38.240422,2.7565624713897705,-64.68278503417969,0.0020015717018395,36.125,-0.472,0.452,0.0,0,0,1,,1.0,2026-03-15T12:02:38.240422,neutral,0.945,2026-03-15T12:02:37.232921,0.3251599639233393,2026-03-15T12:02:38.131000,59,,,
participant_14,1,day,Town10HD_Opt,2026-03-15 12:02:39.260399,-1.4356694221496582,-64.55606079101562,0.0021372602786868,34.69,0.989,0.0,0.0,0,0,1,,1.0,2026-03-15T12:02:39.260399,neutral,0.949,2026-03-15T12:02:39.260399,0.343324673314773,2026-03-15T12:02:39.031000,60,,,
participant_14,1,day,Town10HD_Opt,2026-03-15 12:02:40.254938,-5.168396949768066,-64.51008605957031,0.0022867200896143,29.41,1.043,0.0,0.0,0,0,1,,0.841,2026-03-15T12:02:40.254938,neutral,0.949,2026-03-15T12:02:39.260399,0.4185934005475101,2026-03-15T12:02:40.067000,60,,,
participant_14,1,day,Town10HD_Opt,2026-03-15 12:02:41.234968,-8.304854393005371,-64.53240203857422,0.0022776029072701,24.566,0.733,0.0,0.0,0,0,1,,0.886,2026-03-15T12:02:41.234968,neutral,0.949,2026-03-15T12:02:39.260399,0.3532079169027804,2026-03-15T12:02:41.011000,61,,,
participant_14,1,day,Town10HD_Opt,2026-03-15 12:02:42.217387,-10.910836219787598,-64.57621765136719,0.00225166301243,19.96,0.045,0.0,0.0,0,0,1,,0.909,2026-03-15T12:02:42.217387,neutral,0.991,2026-03-15T12:02:42.217387,0.359700937557611,2026-03-15T12:02:42.047000,61,,,
participant_14,1,day,Town10HD_Opt,2026-03-15 12:02:43.220804,-13.063860893249512,-64.61585235595703,0.0019584274850785,17.03,0.256,0.0,0.0,0,0,1,,0.932,2026-03-15T12:02:43.220804,neutral,0.991,2026-03-15T12:02:42.217387,0.4043375316700048,2026-03-15T12:02:43.037000,61,,,
participant_14,1,day,Town10HD_Opt,2026-03-15 12:02:44.227858,-14.884565353393556,-64.65596771240234,0.0020432663150131,14.089,0.282,0.0,0.0,0,0,1,,0.876,2026-03-15T12:02:44.227858,neutral,0.997,2026-03-15T12:02:44.227858,0.3530485603709133,2026-03-15T12:02:44.116000,61,,,
participant_14,1,day,Town10HD_Opt,2026-03-15 12:02:45.208375,-16.410444259643555,-64.68898010253906,0.0020317458547651,11.813,-0.637,0.0,0.0,0,0,1,,0.925,2026-03-15T12:02:45.208375,neutral,0.997,2026-03-15T12:02:44.227858,0.3600592069392732,2026-03-15T12:02:45.061000,60,,,
participant_14,1,day,Town10HD_Opt,2026-03-15 12:02:46.206009,-17.68753433227539,-64.70722198486328,0.0020263672340661,9.836,-0.592,0.0,0.266,0,0,1,,0.882,2026-03-15T12:02:46.206009,neutral,0.997,2026-03-15T12:02:44.227858,0.3444301658061784,2026-03-15T12:02:46.008000,61,,,
participant_14,1,day,Town10HD_Opt,2026-03-15 12:02:47.210460,-18.624181747436523,-64.71796417236328,0.0020867537241429,6.283,-0.47,0.0,0.45,0,0,1,,0.977,2026-03-15T12:02:47.210460,neutral,0.985,2026-03-15T12:02:47.210460,0.3353093175397702,2026-03-15T12:02:47.042000,62,,,
participant_14,1,day,Town10HD_Opt,2026-03-15 12:02:48.211746,-18.770463943481445,-64.71991729736328,0.0020833206363022,0.0,-0.444,0.0,0.218,0,0,1,,0.843,2026-03-15T12:02:48.211746,neutral,0.985,2026-03-15T12:02:47.210460,0.4014706971486742,2026-03-15T12:02:48.076000,62,,,
participant_14,1,day,Town10HD_Opt,2026-03-15 12:02:49.183794,-18.7729721069336,-64.71991729736328,0.0019355391850695,0.036,-0.219,0.0,0.0,0,0,1,,0.814,2026-03-15T12:02:49.183794,neutral,0.985,2026-03-15T12:02:47.210460,0.4130577522099868,2026-03-15T12:02:49.066000,63,,,
participant_14,1,day,Town10HD_Opt,2026-03-15 12:02:50.136479,-18.77657699584961,-64.71991729736328,0.0019205092685297,0.032,-0.195,0.0,0.0,0,0,1,,1.0,2026-03-15T12:02:50.136479,neutral,0.957,2026-03-15T12:02:50.136479,0.3838100952050959,2026-03-15T12:02:50.012000,62,,,
participant_14,1,day,Town10HD_Opt,2026-03-15 12:02:51.076336,-18.77960586547852,-64.71991729736328,0.0019192504696547,0.027,-0.186,0.0,0.0,0,0,1,,1.0,2026-03-15T12:02:51.076336,neutral,0.957,2026-03-15T12:02:50.136479,0.3406531607708949,2026-03-15T12:02:51.047000,61,,,
participant_14,1,day,Town10HD_Opt,2026-03-15 12:02:52.021197,-18.78156852722168,-64.71991729736328,0.0019191741012036,0.003,-0.176,0.0,0.0,0,0,1,,1.0,2026-03-15T12:02:52.021197,neutral,0.957,2026-03-15T12:02:50.136479,0.3179961971145636,2026-03-15T12:02:52.036000,64,,,
participant_14,1,day,Town10HD_Opt,2026-03-15 12:02:53.430328,-18.781896591186523,-64.71991729736328,0.0019188689766451,0.006,-0.139,0.0,0.0,0,0,1,,1.0,2026-03-15T12:02:53.430328,neutral,0.976,2026-03-15T12:02:53.430328,0.315130788835164,2026-03-15T12:02:53.072000,66,,,
participant_14,1,day,Town10HD_Opt,2026-03-15 12:02:54.428794,-18.78177261352539,-64.71991729736328,0.0019189452286809,0.002,-0.132,0.0,0.0,0,0,1,,1.0,2026-03-15T12:02:54.428794,neutral,0.976,2026-03-15T12:02:53.430328,0.2422905753184078,2026-03-15T12:02:54.106000,64,,,
participant_14,1,day,Town10HD_Opt,2026-03-15 12:02:55.441442,-18.78200340270996,-64.71991729736328,0.0019188689766451,0.006,-0.129,0.0,0.0,0,0,1,,1.0,2026-03-15T12:02:55.441442,sad,0.959,2026-03-15T12:02:55.441442,0.3788269297408936,2026-03-15T12:02:55.006000,62,,,
participant_14,1,day,Town10HD_Opt,2026-03-15 12:02:56.393509,-18.781858444213867,-64.71991729736328,0.0019189452286809,0.002,-0.129,0.0,0.0,0,0,1,,1.0,2026-03-15T12:02:56.393509,sad,0.959,2026-03-15T12:02:55.441442,0.4427699651785057,2026-03-15T12:02:56.042000,62,,,
participant_14,1,day,Town10HD_Opt,2026-03-15 12:02:57.360145,-18.782106399536133,-64.71992492675781,0.0019189452286809,0.006,-1.243,0.0,0.0,0,0,1,,1.0,2026-03-15T12:02:57.360145,sad,0.959,2026-03-15T12:02:55.441442,0.358405582612078,2026-03-15T12:02:57.032000,61,,,
participant_14,1,day,Town10HD_Opt,2026-03-15 12:02:58.340973,-18.78194808959961,-64.71991729736328,0.0019189452286809,0.002,-0.256,0.0,0.0,0,0,1,,1.0,2026-03-15T12:02:58.340973,neutral,0.932,2026-03-15T12:02:58.340973,0.3800547451212595,2026-03-15T12:02:58.021000,63,,,
participant_14,1,day,Town10HD_Opt,2026-03-15 12:02:59.395391,-18.782211303710938,-64.71991729736328,0.0019189452286809,0.006,-0.254,0.0,0.0,0,0,1,,1.0,2026-03-15T12:02:59.395391,neutral,0.932,2026-03-15T12:02:58.340973,0.3941289154276232,2026-03-15T12:02:59.102000,62,,,
participant_14,1,day,Town10HD_Opt,2026-03-15 12:03:00.333081,-18.78203392028809,-64.71991729736328,0.0019189452286809,0.002,-0.254,0.0,0.0,0,0,1,,1.0,2026-03-15T12:03:00.333081,neutral,0.932,2026-03-15T12:02:58.340973,0.3742198459671078,2026-03-15T12:03:00.046000,63,,,
participant_14,1,day,Town10HD_Opt,2026-03-15 12:03:01.305508,-18.782316207885746,-64.71991729736328,0.0019189452286809,0.006,-0.251,0.0,0.0,0,0,1,,1.0,2026-03-15T12:03:01.305508,neutral,0.931,2026-03-15T12:03:01.305508,0.4326125110765153,2026-03-15T12:03:01.036000,62,,,
participant_14,1,day,Town10HD_Opt,2026-03-15 12:03:02.292782,-18.812599182128903,-64.72027587890625,0.0017996978713199,2.631,-3.57,1.0,0.0,0,0,1,,1.0,2026-03-15T12:03:02.292782,neutral,0.931,2026-03-15T12:03:01.305508,0.3552057788132146,2026-03-15T12:03:02.026000,64,,,
participant_14,1,day,Town10HD_Opt,2026-03-15 12:03:03.308634,-19.630659103393555,-64.66163635253906,0.0014159777201712,12.48,-9.6,1.0,0.0,0,0,1,,0.839,2026-03-15T12:03:03.308634,neutral,0.956,2026-03-15T12:03:03.308634,0.3879203602812459,2026-03-15T12:03:03.062000,64,,,
participant_14,1,day,Town10HD_Opt,2026-03-15 12:03:04.304858,-21.66275405883789,-64.38713073730469,0.0017241288442164,21.695,-9.246,0.997,0.0,0,0,1,,1.0,2026-03-15T12:03:04.304858,neutral,0.956,2026-03-15T12:03:03.308634,0.3010284079804928,2026-03-15T12:03:04.007000,64,,,errors=Solid line crossing
participant_14,1,day,Town10HD_Opt,2026-03-15 12:03:05.308046,-24.72109031677246,-63.6819953918457,0.0015169527614489,32.41,-4.414,0.982,0.0,0,0,1,,0.9,2026-03-15T12:03:05.308046,neutral,0.956,2026-03-15T12:03:03.308634,0.3966973276797262,2026-03-15T12:03:05.176000,65,,,
participant_14,1,day,Town10HD_Opt,2026-03-15 12:03:06.324139,-28.93119239807129,-62.516937255859375,0.0015983200864866,41.605,3.815,0.79,0.0,0,0,1,,1.0,2026-03-15T12:03:06.324139,neutral,0.964,2026-03-15T12:03:06.324139,0.4031592970287987,2026-03-15T12:03:06.033000,63,,,
participant_14,1,day,Town10HD_Opt,2026-03-15 12:03:07.345372,-34.065242767333984,-61.78409957885742,0.001742401276715,47.451,14.327,0.895,0.0,0,0,1,,1.0,2026-03-15T12:03:07.345372,neutral,0.964,2026-03-15T12:03:06.324139,0.4605035077938244,2026-03-15T12:03:07.022000,64,,,
participant_14,1,day,Town10HD_Opt,2026-03-15 12:03:08.353288,-39.87943649291992,-62.57656097412109,0.0018935012631118,51.354,-0.656,0.0,0.174,0,0,1,,1.0,2026-03-15T12:03:08.353288,neutral,0.984,2026-03-15T12:03:08.353288,0.3865251371924091,2026-03-15T12:03:08.012000,63,,,
participant_14,1,day,Town10HD_Opt,2026-03-15 12:03:09.356372,-45.52770233154297,-63.75128936767578,0.0019873427227139,50.281,-4.386,0.951,0.0,0,0,1,,1.0,2026-03-15T12:03:09.356372,neutral,0.984,2026-03-15T12:03:08.353288,0.4618117740150669,2026-03-15T12:03:09.047000,63,,,
participant_14,1,day,Town10HD_Opt,2026-03-15 12:03:10.355168,-51.40671157836914,-64.5671157836914,0.0021940229926258,48.568,3.759,0.958,0.0,0,0,1,,0.876,2026-03-15T12:03:10.355168,neutral,0.962,2026-03-15T12:03:10.355168,0.4067665308425937,2026-03-15T12:03:10.036000,63,,,
participant_14,1,day,Town10HD_Opt,2026-03-15 12:03:11.373351,-57.16706848144531,-65.59477996826172,0.0018766404828056,52.09,-2.713,0.0,0.209,0,0,1,,0.856,2026-03-15T12:03:11.373351,neutral,0.962,2026-03-15T12:03:10.355168,0.3573356474561633,2026-03-15T12:03:11.027000,61,,,
participant_14,1,day,Town10HD_Opt,2026-03-15 12:03:12.361454,-62.9260139465332,-66.41639709472656,0.0020864105317741,49.498,-2.118,0.953,0.0,0,0,1,,0.954,2026-03-15T12:03:12.361454,neutral,0.986,2026-03-15T12:03:12.361454,0.466750052123155,2026-03-15T12:03:12.061000,59,,,
participant_14,1,day,Town10HD_Opt,2026-03-15 12:03:13.340398,-68.87715148925781,-66.9053726196289,0.00212581618689,49.919,-1.911,0.951,0.0,0,0,1,,0.927,2026-03-15T12:03:13.340398,neutral,0.986,2026-03-15T12:03:12.361454,0.3134954863615712,2026-03-15T12:03:13.097000,57,,,
participant_14,1,day,Town10HD_Opt,2026-03-15 12:03:14.372998,-74.68714904785156,-67.03045654296875,0.0018782805418595,52.2,-3.384,0.0,0.22,0,0,1,,0.97,2026-03-15T12:03:14.372998,neutral,0.992,2026-03-15T12:03:14.372998,0.3038858611171435,2026-03-15T12:03:14.042000,56,,,
participant_14,1,day,Town10HD_Opt,2026-03-15 12:03:15.368223,-80.53956604003906,-66.63617706298828,0.0021830748300999,48.646,-6.597,0.93,0.0,0,0,1,,0.989,2026-03-15T12:03:15.368223,neutral,0.992,2026-03-15T12:03:14.372998,0.3757913087870606,2026-03-15T12:03:15.031000,54,,,
participant_14,1,day,Town10HD_Opt,2026-03-15 12:03:16.357190,-86.25892639160156,-65.1971435546875,0.0019895934965461,51.077,-9.784,0.0,0.108,0,0,1,,0.961,2026-03-15T12:03:16.357190,neutral,0.992,2026-03-15T12:03:14.372998,0.3213261169037407,2026-03-15T12:03:16.022000,54,,,
participant_14,1,day,Town10HD_Opt,2026-03-15 12:03:17.354426,-91.35572814941406,-62.60549545288086,0.002007903996855,49.843,-3.028,0.928,0.0,0,0,1,,0.962,2026-03-15T12:03:17.354426,neutral,0.989,2026-03-15T12:03:17.354426,0.429331149746895,2026-03-15T12:03:17.011000,58,,,
participant_14,1,day,Town10HD_Opt,2026-03-15 12:03:18.380426,-96.28108215332033,-59.271297454833984,0.0022467421367764,49.18,-4.579,0.928,0.0,0,0,1,,1.0,2026-03-15T12:03:18.380426,neutral,0.989,2026-03-15T12:03:17.354426,0.3505307853326377,2026-03-15T12:03:18.002000,57,,,
participant_14,1,day,Town10HD_Opt,2026-03-15 12:03:19.387466,-100.6702880859375,-55.49003219604492,0.0018811034969985,51.715,-4.78,0.0,0.172,0,0,1,,1.0,2026-03-15T12:03:19.387466,neutral,0.99,2026-03-15T12:03:19.387466,0.3643960014343521,2026-03-15T12:03:19.037000,59,,,
participant_14,1,day,Town10HD_Opt,2026-03-15 12:03:20.393029,-104.55892944335938,-51.16321563720703,0.002080573933199,49.964,-5.427,0.925,0.0,0,0,1,,0.942,2026-03-15T12:03:20.393029,neutral,0.99,2026-03-15T12:03:19.387466,0.3993138935299626,2026-03-15T12:03:20.026000,59,,,errors=Solid line crossing
participant_14,1,day,Town10HD_Opt,2026-03-15 12:03:21.377444,-107.88540649414062,-46.1763916015625,0.0020914839114993,50.536,-5.888,0.0,0.0,0,0,1,,0.845,2026-03-15T12:03:21.377444,neutral,0.99,2026-03-15T12:03:19.387466,0.3493719730577966,2026-03-15T12:03:21.016000,59,,,
participant_14,1,day,Town10HD_Opt,2026-03-15 12:03:22.385311,-110.26748657226562,-40.99908447265625,0.0019764327444136,50.145,-4.952,0.923,0.0,0,0,1,,0.873,2026-03-15T12:03:22.385311,neutral,0.986,2026-03-15T12:03:22.385311,0.3192064307685724,2026-03-15T12:03:22.007000,58,,,
participant_14,1,day,Town10HD_Opt,2026-03-15 12:03:23.420728,-111.98818969726562,-35.352134704589844,0.0022008132655173,48.51,-3.884,0.923,0.0,0,0,1,,0.915,2026-03-15T12:03:23.420728,neutral,0.986,2026-03-15T12:03:22.385311,0.2873591304046711,2026-03-15T12:03:23.042000,60,,,
participant_14,1,day,Town10HD_Opt,2026-03-15 12:03:24.491931,-113.08377075195312,-29.64850234985352,0.0018528366927057,52.021,-2.301,0.0,0.213,0,0,1,,0.861,2026-03-15T12:03:24.491931,neutral,0.987,2026-03-15T12:03:24.491931,0.4486354892864599,2026-03-15T12:03:24.032000,60,,,
participant_14,1,day,Town10HD_Opt,2026-03-15 12:03:25.046518,-113.49130249023438,-26.693622589111328,0.0021276092156767,49.74,-2.287,0.109,0.0,0,0,1,,0.919,2026-03-15T12:03:25.046518,neutral,0.987,2026-03-15T12:03:24.491931,0.4075493135452026,2026-03-15T12:03:25.021000,61,,,
participant_14,1,day,Town10HD_Opt,2026-03-15 12:03:26.040235,-113.96453857421876,-21.335262298583984,0.0023785398807376,42.477,-2.541,0.0,0.204,0,0,1,,0.938,2026-03-15T12:03:26.040235,neutral,0.987,2026-03-15T12:03:24.491931,0.34015106536202,2026-03-15T12:03:26.011000,60,,,
participant_14,1,day,Town10HD_Opt,2026-03-15 12:03:27.049934,-114.08636474609376,-16.86530876159668,0.0024188994430005,34.57,-0.543,0.0,0.0,0,0,1,,0.87,2026-03-15T12:03:27.049934,neutral,0.992,2026-03-15T12:03:27.049934,0.3250217594495859,2026-03-15T12:03:27.092000,57,,,
participant_14,1,day,Town10HD_Opt,2026-03-15 12:03:28.056774,-114.1735610961914,-13.170979499816896,0.0023182295262813,29.052,1.805,0.0,0.0,0,0,1,,0.928,2026-03-15T12:03:28.056774,neutral,0.992,2026-03-15T12:03:27.049934,0.3554459329190796,2026-03-15T12:03:28.171000,58,,,errors=Solid line crossing
participant_14,1,day,Town10HD_Opt,2026-03-15 12:03:29.060491,-114.28451538085938,-10.070242881774902,0.0022523878142237,24.687,-1.368,0.545,0.0,0,0,1,,0.925,2026-03-15T12:03:29.060491,neutral,0.993,2026-03-15T12:03:29.060491,0.3151229468470158,2026-03-15T12:03:29.027000,60,Solid line crossing,Solid line crossing,
participant_14,1,day,Town10HD_Opt,2026-03-15 12:03:30.066156,-114.3372802734375,-7.118595600128174,0.0019445799989625,26.765,-0.491,0.687,0.0,0,0,1,,0.892,2026-03-15T12:03:30.066156,neutral,0.993,2026-03-15T12:03:29.060491,0.3284150592565041,2026-03-15T12:03:30.016000,58,,,
participant_14,1,day,Town10HD_Opt,2026-03-15 12:03:31.093150,-114.37287902832033,-3.6959850788116455,0.0017946625594049,32.438,-0.625,0.707,0.0,0,0,1,,1.0,2026-03-15T12:03:31.093150,neutral,0.99,2026-03-15T12:03:31.093150,0.3624374059836291,2026-03-15T12:03:31.007000,59,,,
participant_14,1,day,Town10HD_Opt,2026-03-15 12:03:32.093429,-114.37225341796876,0.3569207787513733,0.0017826844705268,37.314,-0.696,0.707,0.0,0,0,1,,1.0,2026-03-15T12:03:32.093429,neutral,0.99,2026-03-15T12:03:31.093150,0.3493251345651499,2026-03-15T12:03:32.042000,60,,,
participant_14,1,day,Town10HD_Opt,2026-03-15 12:03:33.093077,-114.26953125,4.994410514831543,0.0018141937907785,41.974,-3.365,0.696,0.0,0,0,1,,0.896,2026-03-15T12:03:33.093077,neutral,0.99,2026-03-15T12:03:31.093150,0.33692389979728,2026-03-15T12:03:33.031000,59,,,
participant_14,1,day,Town10HD_Opt,2026-03-15 12:03:34.102640,-113.64443969726562,10.022156715393066,0.0020047377329319,43.455,-11.308,0.127,0.0,0,0,1,,0.908,2026-03-15T12:03:34.102640,neutral,0.99,2026-03-15T12:03:34.102640,0.2860321462925885,2026-03-15T12:03:34.022000,60,,,
participant_14,1,day,Town10HD_Opt,2026-03-15 12:03:35.103794,-111.97232818603516,14.47414779663086,0.0022826383356004,38.394,-10.658,0.132,0.0,0,0,1,,0.859,2026-03-15T12:03:35.103794,neutral,0.99,2026-03-15T12:03:34.102640,0.3347679894638353,2026-03-15T12:03:35.012000,60,,,
participant_14,1,day,Town10HD_Opt,2026-03-15 12:03:36.121186,-109.63191223144533,17.960477828979492,0.0022721861023455,33.609,-8.313,0.132,0.0,0,0,1,,0.924,2026-03-15T12:03:36.121186,neutral,0.979,2026-03-15T12:03:36.121186,0.3891404136595619,2026-03-15T12:03:36.002000,59,,,
participant_14,1,day,Town10HD_Opt,2026-03-15 12:03:37.130579,-107.03767395019533,20.61239242553711,0.0022584912367165,29.855,-8.682,0.0,0.0,0,0,1,,0.918,2026-03-15T12:03:37.130579,neutral,0.979,2026-03-15T12:03:36.121186,0.299532551866115,2026-03-15T12:03:37.037000,60,,,
participant_14,1,day,Town10HD_Opt,2026-03-15 12:03:38.170728,-104.55795288085938,22.62890625,0.0022970580030232,24.793,-3.615,0.0,0.329,0,0,1,,0.958,2026-03-15T12:03:38.170728,neutral,0.992,2026-03-15T12:03:38.170728,0.3025495535233237,2026-03-15T12:03:38.027000,62,,,
participant_14,1,day,Town10HD_Opt,2026-03-15 12:03:39.267602,-102.43428802490234,24.06583976745605,0.002302055247128,19.123,-9.42,0.0,0.222,0,0,1,,0.955,2026-03-15T12:03:39.267602,neutral,0.992,2026-03-15T12:03:38.170728,0.3592221630367469,2026-03-15T12:03:39.017000,63,Solid line crossing,Solid line crossing,
participant_14,1,day,Town10HD_Opt,2026-03-15 12:03:40.263373,-100.66311645507812,25.024450302124023,0.0020687864162027,14.707,-3.846,0.0,0.425,0,0,1,,0.919,2026-03-15T12:03:40.263373,neutral,0.993,2026-03-15T12:03:40.263373,0.3143686192452247,2026-03-15T12:03:40.006000,63,,,
participant_14,1,day,Town10HD_Opt,2026-03-15 12:03:41.262561,-99.32717895507812,25.70071792602539,0.0021216962486505,10.46,-1.671,0.0,0.437,0,0,1,,0.984,2026-03-15T12:03:41.262561,neutral,0.993,2026-03-15T12:03:40.263373,0.3407006905065737,2026-03-15T12:03:41.042000,64,,,
participant_14,1,day,Town10HD_Opt,2026-03-15 12:03:42.315487,-98.4322280883789,26.2071475982666,0.0021033857483416,7.056,10.708,0.0,0.363,0,0,1,,0.964,2026-03-15T12:03:42.315487,neutral,0.986,2026-03-15T12:03:42.315487,0.3641400449409446,2026-03-15T12:03:42.077000,64,,,
participant_14,1,day,Town10HD_Opt,2026-03-15 12:03:43.312282,-98.16079711914062,26.389238357543945,0.0022088622208684,0.001,10.194,0.0,0.343,0,0,1,,0.985,2026-03-15T12:03:43.312282,neutral,0.986,2026-03-15T12:03:42.315487,0.3325996474590675,2026-03-15T12:03:43.202000,64,,,
participant_14,1,day,Town10HD_Opt,2026-03-15 12:03:44.323065,-98.1566162109375,26.39214134216309,0.0019443130586296,0.019,8.68,0.245,0.0,0,0,1,,0.977,2026-03-15T12:03:44.323065,neutral,0.984,2026-03-15T12:03:44.323065,0.3419850574228684,2026-03-15T12:03:44.011000,63,,,
participant_14,1,day,Town10HD_Opt,2026-03-15 12:03:45.312214,-98.07666778564452,26.445701599121094,0.0018426512833684,1.663,7.943,0.0,0.061,0,0,1,,0.818,2026-03-15T12:03:45.312214,neutral,0.984,2026-03-15T12:03:44.323065,0.4039673428298996,2026-03-15T12:03:45.002000,65,,,
participant_14,1,day,Town10HD_Opt,2026-03-15 12:03:46.328862,-98.0727310180664,26.448299407958984,0.0019363402388989,0.006,5.215,0.0,0.0,0,0,1,,0.971,2026-03-15T12:03:46.328862,neutral,0.982,2026-03-15T12:03:46.328862,0.3996540002385921,2026-03-15T12:03:46.081000,66,,,
participant_14,1,day,Town10HD_Opt,2026-03-15 12:03:47.322337,-98.07178497314452,26.44888687133789,0.0019210814498364,0.0,0.58,0.0,0.0,0,0,1,,1.0,2026-03-15T12:03:47.322337,neutral,0.982,2026-03-15T12:03:46.328862,0.4653428534549998,2026-03-15T12:03:47.028000,68,,,
participant_14,1,day,Town10HD_Opt,2026-03-15 12:03:48.343640,-98.07176208496094,26.44890594482422,0.001919021597132,0.007,0.508,0.0,0.0,0,0,1,,1.0,2026-03-15T12:03:48.343640,neutral,0.942,2026-03-15T12:03:48.343640,0.4699845638556226,2026-03-15T12:03:48.018000,68,,,
participant_14,1,day,Town10HD_Opt,2026-03-15 12:03:49.338031,-98.07156372070312,26.44902229309082,0.0019190978491678,0.0,0.508,0.0,0.0,0,0,1,,1.0,2026-03-15T12:03:49.338031,neutral,0.942,2026-03-15T12:03:48.343640,0.4967971215125948,2026-03-15T12:03:49.052000,67,,,
participant_14,1,day,Town10HD_Opt,2026-03-15 12:03:50.359919,-98.07173919677734,26.448936462402344,0.0019187545403838,0.006,0.496,0.0,0.0,0,0,1,,1.0,2026-03-15T12:03:50.359919,neutral,0.826,2026-03-15T12:03:50.359919,0.5154904777271574,2026-03-15T12:03:50.042000,66,,,
participant_14,1,day,Town10HD_Opt,2026-03-15 12:03:51.324244,-98.07154846191406,26.44904899597168,0.0019191741012036,0.001,0.331,0.0,0.0,0,0,1,,1.0,2026-03-15T12:03:51.324244,neutral,0.826,2026-03-15T12:03:50.359919,0.5504311755991274,2026-03-15T12:03:51.032000,66,,,
participant_14,1,day,Town10HD_Opt,2026-03-15 12:03:52.304564,-98.07169342041016,26.448978424072266,0.0019187163561582,0.007,-0.174,0.0,0.0,0,0,1,,1.0,2026-03-15T12:03:52.304564,neutral,0.826,2026-03-15T12:03:50.359919,0.5760850082581367,2026-03-15T12:03:52.022000,67,,,
participant_14,2,day,Town10HD_Opt,2026-03-15 12:15:00.000000,-41.66858673095703,89.7454833984375,0.580491840839386,13.267,0.162,0.454,0.0,0,0,1,,1.0,2026-03-15T12:15:00,,,2026-03-15T12:15:00,0.7852294980178933,2026-03-15T12:15:00,59,,,
participant_14,2,day,Town10HD_Opt,2026-03-15 12:15:04.648026,-41.66844177246094,87.30255889892578,0.0017222594469785,13.545,0.162,0.453,0.0,0,0,1,,1.0,2026-03-15T12:15:04.648026,,,2026-03-15T12:15:04.648026,0.7255191927097682,2026-03-15T12:15:05.045000,59,,,
participant_14,2,day,Town10HD_Opt,2026-03-15 12:15:05.308867,-41.66496658325195,85.55445861816406,0.0017944335704669,16.261,0.162,0.38,0.0,0,0,1,,0.95,2026-03-15T12:15:05.308867,,,2026-03-15T12:15:04.648026,0.7939322651455428,2026-03-15T12:15:06.030000,62,,,
participant_14,2,day,Town10HD_Opt,2026-03-15 12:15:06.078501,-41.65789031982422,83.56787872314453,0.0018307113787159,17.859,0.162,0.368,0.0,0,0,1,,0.929,2026-03-15T12:15:06.078501,,,2026-03-15T12:15:04.648026,0.7814743982133644,2026-03-15T12:15:06.030000,60,,,
participant_14,2,day,Town10HD_Opt,2026-03-15 12:15:07.057399,-41.53264617919922,80.40452575683594,0.0020590210333466,18.081,8.027,0.363,0.0,0,0,1,,0.906,2026-03-15T12:15:07.057399,neutral,0.504,2026-03-15T12:15:07.057399,0.7834724498043519,2026-03-15T12:15:07.066000,63,,,
participant_14,2,day,Town10HD_Opt,2026-03-15 12:15:08.070556,-40.86597442626953,77.26827239990234,0.0020308685488998,18.837,14.714,0.364,0.0,0,0,1,,1.0,2026-03-15T12:15:08.070556,neutral,0.504,2026-03-15T12:15:07.057399,0.7849390412517746,2026-03-15T12:15:08.011000,64,,,
participant_14,2,day,Town10HD_Opt,2026-03-15 12:15:09.063920,-39.34777069091797,74.29772186279297,0.0020394516177475,19.689,19.007,0.373,0.0,0,0,1,,0.82,2026-03-15T12:15:09.063920,happy,0.904,2026-03-15T12:15:09.063920,0.7747471407801212,2026-03-15T12:15:09.003000,64,,,
participant_14,2,day,Town10HD_Opt,2026-03-15 12:15:10.111556,-36.879539489746094,71.84642791748047,0.0020428085699677,20.501,18.755,0.373,0.0,0,0,1,,0.857,2026-03-15T12:15:10.111556,happy,0.904,2026-03-15T12:15:09.063920,0.7787765037683877,2026-03-15T12:15:10.038000,64,,,
participant_14,2,day,Town10HD_Opt,2026-03-15 12:15:11.151665,-33.62839889526367,70.25397491455078,0.0020463943947106,21.31,17.923,0.373,0.0,0,0,1,,0.832,2026-03-15T12:15:11.151665,happy,0.64,2026-03-15T12:15:11.151665,0.7795801962386191,2026-03-15T12:15:12.015000,65,,,
participant_14,2,day,Town10HD_Opt,2026-03-15 12:15:12.243964,-29.9050407409668,69.71134185791016,0.0020326995290815,22.101,9.744,0.373,0.0,0,0,1,,1.0,2026-03-15T12:15:12.243964,happy,0.64,2026-03-15T12:15:11.151665,0.7424357031015799,2026-03-15T12:15:13.007000,66,,,
participant_14,2,day,Town10HD_Opt,2026-03-15 12:15:13.238832,-25.970359802246094,69.6744384765625,0.0020187757909297,22.918,-2.066,0.373,0.0,0,0,1,,1.0,2026-03-15T12:15:13.238832,happy,0.59,2026-03-15T12:15:13.238832,0.7271513072419652,2026-03-15T12:15:14.041000,69,,,
participant_14,2,day,Town10HD_Opt,2026-03-15 12:15:14.198211,-21.904874801635746,69.57644653320312,0.0020211790688335,23.576,1.695,0.373,0.0,0,0,1,,1.0,2026-03-15T12:15:14.198211,happy,0.59,2026-03-15T12:15:13.238832,0.7333537759250488,2026-03-15T12:15:15.030000,70,,,
participant_14,2,day,Town10HD_Opt,2026-03-15 12:15:15.159957,-17.722917556762695,69.59081268310547,0.0020233152899891,24.231,0.719,0.373,0.0,0,0,1,,1.0,2026-03-15T12:15:15.159957,happy,0.59,2026-03-15T12:15:13.238832,0.7404824678442536,2026-03-15T12:15:16.021000,71,,,
participant_14,2,day,Town10HD_Opt,2026-03-15 12:15:16.130431,-13.43912124633789,69.67431640625,0.0020256424322724,24.779,0.484,0.373,0.0,0,0,1,,1.0,2026-03-15T12:15:16.130431,happy,0.622,2026-03-15T12:15:16.130431,0.7609904191569394,2026-03-15T12:15:16.021000,70,,,
participant_14,2,day,Town10HD_Opt,2026-03-15 12:15:17.154867,-9.065034866333008,69.78616333007812,0.0020275115966796,25.265,-0.179,0.373,0.0,0,0,1,,1.0,2026-03-15T12:15:17.154867,happy,0.622,2026-03-15T12:15:16.130431,0.783306515805517,2026-03-15T12:15:18,72,,,
participant_14,2,day,Town10HD_Opt,2026-03-15 12:15:18.120126,-4.610107421875,69.88687896728516,0.002029457129538,25.695,-0.369,0.373,0.0,0,0,1,,1.0,2026-03-15T12:15:18.120126,happy,0.622,2026-03-15T12:15:16.130431,0.7560084132291401,2026-03-15T12:15:18,72,,,
participant_14,2,day,Town10HD_Opt,2026-03-15 12:15:19.134939,-0.0834678038954734,69.95936584472656,0.002031059237197,26.074,-0.369,0.373,0.0,0,0,1,,1.0,2026-03-15T12:15:19.134939,neutral,0.566,2026-03-15T12:15:19.134939,0.7909378321521202,2026-03-15T12:15:19.036000,71,,,
participant_14,2,day,Town10HD_Opt,2026-03-15 12:15:20.064004,4.506204128265381,70.00367736816406,0.0020325088407844,26.408,-0.059,0.373,0.0,0,0,1,,1.0,2026-03-15T12:15:20.064004,neutral,0.566,2026-03-15T12:15:19.134939,0.7534696869036971,2026-03-15T12:15:20.027000,72,,,
participant_14,2,day,Town10HD_Opt,2026-03-15 12:15:21.053781,9.121014595031738,70.0340576171875,0.0021020506974309,25.565,-0.298,0.0,0.0,0,0,1,,1.0,2026-03-15T12:15:21.053781,neutral,0.566,2026-03-15T12:15:19.134939,0.8320968369533084,2026-03-15T12:15:21.106000,72,,,
participant_14,2,day,Town10HD_Opt,2026-03-15 12:15:22.040237,13.068391799926758,70.03387451171875,0.002237434266135,19.553,-0.27,0.0,0.0,0,0,1,,1.0,2026-03-15T12:15:22.040237,neutral,0.507,2026-03-15T12:15:22.040237,0.7409346549084938,2026-03-15T12:15:22.006000,68,,,
participant_14,2,day,Town10HD_Opt,2026-03-15 12:15:23.067708,16.074459075927734,70.02462005615234,0.0020332718268036,15.126,0.002,0.0,0.0,0,0,1,,1.0,2026-03-15T12:15:23.067708,neutral,0.507,2026-03-15T12:15:22.040237,0.7298712540848334,2026-03-15T12:15:23.041000,68,,,
participant_14,2,day,Town10HD_Opt,2026-03-15 12:15:24.032083,18.40252494812012,70.01727294921875,0.0020085524301975,11.849,-0.04,0.113,0.0,0,0,1,,1.0,2026-03-15T12:15:24.032083,neutral,0.507,2026-03-15T12:15:22.040237,0.6952365252380127,2026-03-15T12:15:24.031000,65,,,
participant_14,2,day,Town10HD_Opt,2026-03-15 12:15:25.009046,20.364177703857425,70.01016998291016,0.0019654463976621,10.449,-0.028,0.095,0.0,0,0,1,,1.0,2026-03-15T12:15:25.009046,neutral,0.623,2026-03-15T12:15:25.009046,0.7572520559312819,2026-03-15T12:15:25.020000,67,,,
participant_14,2,day,Town10HD_Opt,2026-03-15 12:15:26.247542,22.62664794921875,70.00133514404297,0.0019552230369299,8.891,-0.026,0.094,0.0,0,0,1,,1.0,2026-03-15T12:15:26.247542,neutral,0.623,2026-03-15T12:15:25.009046,0.7581644130733236,2026-03-15T12:15:27.001000,67,,,
participant_14,2,day,Town10HD_Opt,2026-03-15 12:15:27.181625,24.072378158569336,69.99533081054688,0.0019792555831372,7.26,-0.026,0.0,0.0,0,0,1,,0.851,2026-03-15T12:15:27.181625,neutral,0.819,2026-03-15T12:15:27.181625,0.7805542920269382,2026-03-15T12:15:28.036000,65,,,
participant_14,2,day,Town10HD_Opt,2026-03-15 12:15:28.157092,25.087289810180664,69.99101257324219,0.0023573683574795,0.0,-0.026,0.0,0.154,0,0,1,,1.0,2026-03-15T12:15:28.157092,neutral,0.819,2026-03-15T12:15:27.181625,0.7692058415045191,2026-03-15T12:15:28.036000,66,,,
participant_14,2,day,Town10HD_Opt,2026-03-15 12:15:29.146700,25.08979225158692,69.99101257324219,0.0019379042787477,0.075,-0.026,0.354,0.0,0,0,1,,0.854,2026-03-15T12:15:29.146700,neutral,0.819,2026-03-15T12:15:27.181625,0.7207418540713266,2026-03-15T12:15:29.026000,63,,,
participant_14,2,day,Town10HD_Opt,2026-03-15 12:15:30.069347,25.48345184326172,69.98925018310547,0.0017773436848074,4.637,-0.026,0.113,0.0,0,0,1,,1.0,2026-03-15T12:15:30.069347,neutral,0.847,2026-03-15T12:15:30.069347,0.6729582153405801,2026-03-15T12:15:30.016000,64,,,
participant_14,2,day,Town10HD_Opt,2026-03-15 12:15:31.263206,26.11177635192871,69.98603057861328,0.002017326420173,0.0,-0.026,0.0,0.018,0,0,1,,1.0,2026-03-15T12:15:31.263206,neutral,0.847,2026-03-15T12:15:30.069347,0.7454456370680694,2026-03-15T12:15:32.042000,62,,,
participant_14,2,day,Town10HD_Opt,2026-03-15 12:15:32.231462,26.15177345275879,69.98588562011719,0.0018389510223641,1.633,-0.026,0.307,0.0,0,0,1,,1.0,2026-03-15T12:15:32.231462,neutral,0.804,2026-03-15T12:15:32.231462,0.7907683711474961,2026-03-15T12:15:33.031000,63,,,
participant_14,2,day,Town10HD_Opt,2026-03-15 12:15:33.217454,26.59025764465332,69.98342895507812,0.0019144057296216,2.627,-0.026,0.0,0.0,0,0,1,,1.0,2026-03-15T12:15:33.217454,neutral,0.804,2026-03-15T12:15:32.231462,0.7599995817001362,2026-03-15T12:15:34.022000,63,,,
participant_14,2,day,Town10HD_Opt,2026-03-15 12:15:34.213375,26.67458724975586,69.98298645019531,0.0018628310644999,1.735,-0.026,0.761,0.0,0,0,1,,0.837,2026-03-15T12:15:34.213375,neutral,0.804,2026-03-15T12:15:32.231462,0.7607647333376251,2026-03-15T12:15:35.011000,61,,,
participant_14,2,day,Town10HD_Opt,2026-03-15 12:15:35.180097,27.91519546508789,69.97590637207031,0.0015478134155273,13.292,-0.738,0.593,0.0,0,0,1,,0.831,2026-03-15T12:15:35.180097,neutral,0.827,2026-03-15T12:15:35.180097,0.7657153081829436,2026-03-15T12:15:35.011000,62,,,
participant_14,2,day,Town10HD_Opt,2026-03-15 12:15:36.137107,30.61351585388184,69.85220336914062,0.0018341445829719,16.739,-6.843,0.267,0.0,0,0,1,,0.881,2026-03-15T12:15:36.137107,neutral,0.827,2026-03-15T12:15:35.180097,0.8319787690675066,2026-03-15T12:15:36.047000,64,,,
participant_14,2,day,Town10HD_Opt,2026-03-15 12:15:37.089941,33.37197494506836,69.38400268554688,0.0020030213054269,14.637,-9.928,0.075,0.0,0,0,1,,0.817,2026-03-15T12:15:37.089941,neutral,0.827,2026-03-15T12:15:35.180097,0.7788636409600547,2026-03-15T12:15:37.036000,62,,,
participant_14,2,day,Town10HD_Opt,2026-03-15 12:15:38.031862,35.630149841308594,68.66358947753906,0.0019940948113799,12.288,-10.728,0.093,0.0,0,0,1,,0.867,2026-03-15T12:15:38.031862,neutral,0.84,2026-03-15T12:15:38.031862,0.8154494549766983,2026-03-15T12:15:38.028000,61,,,
participant_14,2,day,Town10HD_Opt,2026-03-15 12:15:39.011959,37.51331329345703,67.78105926513672,0.0019303893204778,11.79,-10.956,0.239,0.0,0,0,1,,0.804,2026-03-15T12:15:39.011959,neutral,0.84,2026-03-15T12:15:38.031862,0.8192651180046366,2026-03-15T12:15:39.044000,62,,,
participant_14,2,day,Town10HD_Opt,2026-03-15 12:15:40.221520,40.03223037719727,66.11346435546875,0.0018381117843091,14.795,-11.902,0.362,0.0,0,0,1,,0.852,2026-03-15T12:15:40.221520,neutral,0.55,2026-03-15T12:15:40.221520,0.7964559474195363,2026-03-15T12:15:41.040000,63,,,
participant_14,2,day,Town10HD_Opt,2026-03-15 12:15:41.143847,42.02064895629883,64.17657470703125,0.0018532943213358,17.189,-13.382,0.356,0.0,0,0,1,,0.903,2026-03-15T12:15:41.143847,neutral,0.55,2026-03-15T12:15:40.221520,0.7473234350082483,2026-03-15T12:15:41.040000,62,,,
participant_14,2,day,Town10HD_Opt,2026-03-15 12:15:42.055105,43.78964614868164,61.60346221923828,0.0020996092353016,18.117,-13.231,0.349,0.0,0,0,1,,0.866,2026-03-15T12:15:42.055105,neutral,0.55,2026-03-15T12:15:40.221520,0.7569261252220835,2026-03-15T12:15:42.034000,64,,,
participant_14,2,day,Town10HD_Opt,2026-03-15 12:15:43.276715,45.28544998168945,57.64598846435547,0.0020388411357998,18.147,-13.363,0.238,0.0,0,0,1,,0.858,2026-03-15T12:15:43.276715,neutral,0.718,2026-03-15T12:15:43.276715,0.6663863072894401,2026-03-15T12:15:44.011000,66,,,
participant_14,2,day,Town10HD_Opt,2026-03-15 12:15:44.233433,45.62290573120117,54.50947952270508,0.0018573760753497,18.051,-13.37,0.238,0.0,0,0,1,,0.851,2026-03-15T12:15:44.233433,neutral,0.718,2026-03-15T12:15:43.276715,0.688734846150911,2026-03-15T12:15:45.001000,65,,,
participant_14,2,day,Town10HD_Opt,2026-03-15 12:15:45.225931,45.31609344482422,51.40194320678711,0.0019338988931849,17.768,-9.057,0.24,0.0,0,0,1,,0.855,2026-03-15T12:15:45.225931,neutral,0.718,2026-03-15T12:15:43.276715,0.6066334657458161,2026-03-15T12:15:46.080000,64,,,
participant_14,2,day,Town10HD_Opt,2026-03-15 12:15:46.218871,44.78596115112305,48.36332321166992,0.0019539259374141,16.926,2.271,0.0,0.0,0,0,1,,0.894,2026-03-15T12:15:46.218871,neutral,0.752,2026-03-15T12:15:46.218871,0.6801394410313202,2026-03-15T12:15:47.027000,65,,,
participant_14,2,day,Town10HD_Opt,2026-03-15 12:15:47.146968,44.46484375,45.73377227783203,0.0020408248528838,12.879,3.547,0.0,0.0,0,0,1,,0.901,2026-03-15T12:15:47.146968,neutral,0.752,2026-03-15T12:15:46.218871,0.5875937452984571,2026-03-15T12:15:47.027000,64,,,
participant_14,2,day,Town10HD_Opt,2026-03-15 12:15:48.131254,44.31382751464844,43.70305633544922,0.0020153808873146,10.041,3.547,0.0,0.0,0,0,1,,0.89,2026-03-15T12:15:48.131254,neutral,0.752,2026-03-15T12:15:46.218871,0.576139625918481,2026-03-15T12:15:48.016000,66,,,
participant_14,2,day,Town10HD_Opt,2026-03-15 12:15:49.070014,44.25316619873047,42.14031219482422,0.0019931411370635,7.71,3.497,0.0,0.0,0,0,1,,0.887,2026-03-15T12:15:49.070014,neutral,0.843,2026-03-15T12:15:49.070014,0.5871551306901934,2026-03-15T12:15:49.141000,65,,,
participant_14,2,day,Town10HD_Opt,2026-03-15 12:15:49.991824,44.23916244506836,40.95841598510742,0.0020017242059111,5.415,3.488,0.0,0.028,0,0,1,,0.892,2026-03-15T12:15:49.991824,neutral,0.843,2026-03-15T12:15:49.070014,0.5575086855460798,2026-03-15T12:15:50.041000,64,,,
participant_14,2,day,Town10HD_Opt,2026-03-15 12:15:51.257066,44.23935317993164,40.763427734375,0.0018490981310606,1.873,3.464,0.708,0.0,0,0,1,,0.896,2026-03-15T12:15:51.257066,neutral,0.458,2026-03-15T12:15:51.257066,0.6128468736889858,2026-03-15T12:15:52.021000,66,,,
participant_14,2,day,Town10HD_Opt,2026-03-15 12:15:52.230736,44.27647399902344,39.54034423828125,0.0015184402000159,13.732,6.116,0.764,0.0,0,0,1,,1.0,2026-03-15T12:15:52.230736,neutral,0.458,2026-03-15T12:15:51.257066,0.5641489499686559,2026-03-15T12:15:53.012000,67,,,
participant_14,2,day,Town10HD_Opt,2026-03-15 12:15:53.231936,44.74138259887695,36.61169052124024,0.0020431517623364,18.567,16.285,0.179,0.0,0,0,1,,1.0,2026-03-15T12:15:53.231936,neutral,0.458,2026-03-15T12:15:51.257066,0.4933444046563586,2026-03-15T12:15:54.001000,63,,,
participant_14,2,day,Town10HD_Opt,2026-03-15 12:15:54.162833,46.01116943359375,33.76896667480469,0.0019599914085119,17.018,17.416,0.129,0.0,0,0,1,,1.0,2026-03-15T12:15:54.162833,neutral,0.749,2026-03-15T12:15:54.162833,0.565344454551632,2026-03-15T12:15:54.001000,65,,,
participant_14,2,day,Town10HD_Opt,2026-03-15 12:15:55.060982,47.70785903930664,31.66877555847168,0.0020542906131595,13.476,16.791,0.032,0.0,0,0,1,,1.0,2026-03-15T12:15:55.060982,neutral,0.749,2026-03-15T12:15:54.162833,0.5056451740026502,2026-03-15T12:15:55.036000,65,,,
participant_14,2,day,Town10HD_Opt,2026-03-15 12:15:56.029002,49.534423828125,30.19536590576172,0.0019420622847974,13.419,15.62,0.105,0.0,0,0,1,,1.0,2026-03-15T12:15:56.029002,neutral,0.749,2026-03-15T12:15:54.162833,0.4736380471967815,2026-03-15T12:15:56.035000,62,,,
participant_14,2,day,Town10HD_Opt,2026-03-15 12:15:57.179033,52.03192901611328,28.916793823242188,0.0020154190715402,10.244,16.357,0.0,0.0,0,0,1,,1.0,2026-03-15T12:15:57.179033,neutral,0.474,2026-03-15T12:15:57.179033,0.4142615340348255,2026-03-15T12:15:58.006000,62,,,
participant_14,2,day,Town10HD_Opt,2026-03-15 12:15:58.128118,53.54706573486328,28.53329086303711,0.002032661344856,7.194,20.634,0.0,0.241,0,0,1,,1.0,2026-03-15T12:15:58.128118,neutral,0.474,2026-03-15T12:15:57.179033,0.4268322224183295,2026-03-15T12:15:58.006000,63,,,
participant_14,2,day,Town10HD_Opt,2026-03-15 12:15:59.043243,53.94894409179688,28.47827339172364,0.0020221327431499,0.0,18.666,0.0,0.362,0,0,1,,1.0,2026-03-15T12:15:59.043243,neutral,0.474,2026-03-15T12:15:57.179033,0.5193028109091978,2026-03-15T12:15:59.045000,64,,,
participant_14,2,day,Town10HD_Opt,2026-03-15 12:16:00.239217,53.94522476196289,28.479127883911133,0.0019233322236686,0.085,1.156,0.711,0.0,0,1,-1,,1.0,2026-03-15T12:16:00.239217,fear,0.401,2026-03-15T12:16:00.239217,0.41577480177541,2026-03-15T12:16:01.021000,64,,,
participant_14,2,day,Town10HD_Opt,2026-03-15 12:16:01.117089,53.08587646484375,28.69868850708008,0.0023127363529056,11.882,1.3,0.767,0.0,0,1,-1,,1.0,2026-03-15T12:16:01.117089,fear,0.401,2026-03-15T12:16:00.239217,0.3874004369406231,2026-03-15T12:16:01.021000,64,,,
participant_14,2,day,Town10HD_Opt,2026-03-15 12:16:02.047955,50.91567611694336,29.255958557128903,0.0017535781953483,10.003,7.539,0.128,0.0,0,1,-1,,1.0,2026-03-15T12:16:02.047955,fear,0.401,2026-03-15T12:16:00.239217,0.3840048161373552,2026-03-15T12:16:02.011000,63,,,
participant_14,2,day,Town10HD_Opt,2026-03-15 12:16:02.991521,49.68671798706055,29.590192794799805,0.0017913817428052,5.248,9.583,0.433,0.0,0,1,-1,,1.0,2026-03-15T12:16:02.991521,neutral,0.773,2026-03-15T12:16:02.991521,0.3704313371665128,2026-03-15T12:16:03.001000,64,,,
participant_14,2,day,Town10HD_Opt,2026-03-15 12:16:04.272443,48.07093048095703,30.13591957092285,0.0020949936006218,10.995,11.474,0.603,0.0,0,1,-1,,1.0,2026-03-15T12:16:04.272443,neutral,0.773,2026-03-15T12:16:02.991521,0.3568407500318514,2026-03-15T12:16:04.084000,64,,,
participant_14,2,day,Town10HD_Opt,2026-03-15 12:16:05.227949,46.08843231201172,31.06600952148437,0.002011566190049,13.937,11.564,0.571,0.0,0,1,-1,,0.883,2026-03-15T12:16:05.227949,neutral,0.668,2026-03-15T12:16:05.227949,0.2475526723389653,2026-03-15T12:16:06.016000,63,,,
participant_14,2,day,Town10HD_Opt,2026-03-15 12:16:06.178871,44.06234359741211,32.38180160522461,0.0018888473277911,13.178,11.501,0.428,0.0,0,1,-1,,0.887,2026-03-15T12:16:06.178871,neutral,0.668,2026-03-15T12:16:05.227949,0.3738421504275829,2026-03-15T12:16:07.007000,64,,,
participant_14,2,day,Town10HD_Opt,2026-03-15 12:16:07.144488,42.60739135742188,33.63543701171875,0.0016707992181181,6.767,9.693,0.0,0.533,0,1,-1,,0.847,2026-03-15T12:16:07.144488,neutral,0.668,2026-03-15T12:16:05.227949,0.405194696121105,2026-03-15T12:16:07.996000,64,,,
participant_14,2,day,Town10HD_Opt,2026-03-15 12:16:08.054390,42.475399017333984,33.76496124267578,0.0018446350004523,0.0,9.523,0.0,0.702,0,0,1,,1.0,2026-03-15T12:16:08.054390,neutral,0.554,2026-03-15T12:16:08.054390,0.3453768880951109,2026-03-15T12:16:07.996000,66,,,
participant_14,2,day,Town10HD_Opt,2026-03-15 12:16:08.994057,42.5323486328125,33.672691345214844,0.0017800140194594,3.045,-31.821,0.672,0.0,0,0,1,,0.832,2026-03-15T12:16:08.994057,neutral,0.554,2026-03-15T12:16:08.054390,0.3519264697154586,2026-03-15T12:16:09.032000,65,,,
participant_14,2,day,Town10HD_Opt,2026-03-15 12:16:10.245781,42.75786972045898,31.81084442138672,0.0018436813261359,13.259,-60.744,0.415,0.0,0,0,1,,1.0,2026-03-15T12:16:10.245781,neutral,0.578,2026-03-15T12:16:10.245781,0.300951161566507,2026-03-15T12:16:11.057000,66,,,
participant_14,2,day,Town10HD_Opt,2026-03-15 12:16:11.167147,41.55792236328125,29.77193832397461,0.0019069671398028,14.097,-50.2,0.0,0.0,0,0,1,,1.0,2026-03-15T12:16:11.167147,neutral,0.578,2026-03-15T12:16:10.245781,0.3186192712143549,2026-03-15T12:16:12.001000,65,,,
participant_14,2,day,Town10HD_Opt,2026-03-15 12:16:12.104125,39.72515106201172,28.81632804870605,0.0021424484439194,10.594,-60.428,0.0,0.0,0,0,1,,1.0,2026-03-15T12:16:12.104125,neutral,0.578,2026-03-15T12:16:10.245781,0.3490836252512242,2026-03-15T12:16:12.001000,64,,,
participant_14,2,day,Town10HD_Opt,2026-03-15 12:16:13.259715,38.61143112182617,28.88657569885254,0.0024074935354292,0.002,-3.198,0.0,0.327,0,0,1,,1.0,2026-03-15T12:16:13.259715,neutral,0.46,2026-03-15T12:16:13.259715,0.3409798990461468,2026-03-15T12:16:14.072000,63,,,
participant_14,2,day,Town10HD_Opt,2026-03-15 12:16:14.200515,38.61326217651367,28.88739967346192,0.0019408034859225,0.165,6.3,0.643,0.0,0,1,-1,,0.889,2026-03-15T12:16:14.200515,neutral,0.46,2026-03-15T12:16:13.259715,0.3269115197618684,2026-03-15T12:16:15.016000,65,Harsh braking,decel_mps2=5.5,
participant_14,2,day,Town10HD_Opt,2026-03-15 12:16:15.145245,39.19271469116211,29.07512855529785,0.0021920776925981,7.865,24.555,0.731,0.0,0,1,-1,,1.0,2026-03-15T12:16:15.145245,neutral,0.46,2026-03-15T12:16:13.259715,0.3760059323833395,2026-03-15T12:16:15.016000,65,,,
participant_14,2,day,Town10HD_Opt,2026-03-15 12:16:16.171669,40.88820266723633,29.424713134765625,0.0018465041648596,8.476,25.893,0.198,0.0,0,1,-1,,1.0,2026-03-15T12:16:16.171669,neutral,0.345,2026-03-15T12:16:16.171669,0.3410442743475592,2026-03-15T12:16:16.051000,67,,,
participant_14,2,day,Town10HD_Opt,2026-03-15 12:16:17.136756,42.00349044799805,29.439165115356445,0.0018011474749073,4.323,25.778,0.19,0.0,0,1,-1,,1.0,2026-03-15T12:16:17.136756,neutral,0.345,2026-03-15T12:16:16.171669,0.3566308102314209,2026-03-15T12:16:17.041000,66,,,
participant_14,2,day,Town10HD_Opt,2026-03-15 12:16:18.098252,42.70827865600586,29.357128143310547,0.0020027922000736,5.39,25.068,0.234,0.0,0,1,-1,,1.0,2026-03-15T12:16:18.098252,neutral,0.345,2026-03-15T12:16:16.171669,0.3128256848257862,2026-03-15T12:16:18.031000,68,,,
participant_14,2,day,Town10HD_Opt,2026-03-15 12:16:19.151971,43.51495361328125,29.10714340209961,0.0018132781842723,0.627,1.777,0.0,0.122,0,1,-1,,0.831,2026-03-15T12:16:19.151971,sad,0.433,2026-03-15T12:16:19.151971,0.3685690920143465,2026-03-15T12:16:20.012000,69,,,
participant_14,2,day,Town10HD_Opt,2026-03-15 12:16:20.138898,43.53131866455078,29.100475311279297,0.001894035260193,0.121,-1.445,0.0,0.0,0,0,1,,0.812,2026-03-15T12:16:20.138898,sad,0.433,2026-03-15T12:16:19.151971,0.2925050084435451,2026-03-15T12:16:20.012000,70,,,
participant_14,2,day,Town10HD_Opt,2026-03-15 12:16:21.119780,43.488040924072266,29.126508712768555,0.0018695830367505,1.154,-25.741,0.263,0.0,0,0,1,,1.0,2026-03-15T12:16:21.119780,sad,0.433,2026-03-15T12:16:19.151971,0.3339086641935574,2026-03-15T12:16:21.046000,70,,,
participant_14,2,day,Town10HD_Opt,2026-03-15 12:16:22.135769,43.09703826904297,29.43838119506836,0.0017864989349618,5.334,-32.262,0.504,0.0,0,0,1,,1.0,2026-03-15T12:16:22.135769,neutral,0.614,2026-03-15T12:16:22.135769,0.3487255523783399,2026-03-15T12:16:22.039000,69,,,
participant_14,2,day,Town10HD_Opt,2026-03-15 12:16:23.064210,42.12147521972656,30.530696868896484,0.0017151641659438,12.421,-32.442,0.553,0.0,0,0,1,,1.0,2026-03-15T12:16:23.064210,neutral,0.614,2026-03-15T12:16:22.135769,0.3172280631266573,2026-03-15T12:16:23.076000,68,,,
participant_14,2,day,Town10HD_Opt,2026-03-15 12:16:24.057805,41.01483917236328,32.86758804321289,0.0018250655848532,17.163,-26.563,0.352,0.0,0,0,1,,1.0,2026-03-15T12:16:24.057805,neutral,0.614,2026-03-15T12:16:22.135769,0.3356088412908204,2026-03-15T12:16:24.016000,69,,,
participant_14,2,day,Town10HD_Opt,2026-03-15 12:16:25.278758,40.21607208251953,36.96818923950195,0.0020336532033979,18.059,-4.619,0.289,0.0,0,0,1,,0.879,2026-03-15T12:16:25.278758,neutral,0.727,2026-03-15T12:16:25.278758,0.3612174478931357,2026-03-15T12:16:26.041000,72,,,
participant_14,2,day,Town10HD_Opt,2026-03-15 12:16:26.184930,39.92595672607422,40.15159225463867,0.0020326231606304,18.739,-8.88,0.342,0.0,0,0,1,,1.0,2026-03-15T12:16:26.184930,neutral,0.727,2026-03-15T12:16:25.278758,0.3618729964107932,2026-03-15T12:16:27.031000,72,,,
participant_14,2,day,Town10HD_Opt,2026-03-15 12:16:27.113320,39.94063949584961,43.42142868041992,0.0020563888829201,18.585,-1.356,0.271,0.0,0,0,1,,1.0,2026-03-15T12:16:27.113320,neutral,0.727,2026-03-15T12:16:25.278758,0.3330083629530017,2026-03-15T12:16:27.031000,71,,,
participant_14,2,day,Town10HD_Opt,2026-03-15 12:16:28.281727,39.98479843139648,47.54253005981445,0.0020014189649373,15.529,-2.864,0.0,0.0,0,0,1,,0.82,2026-03-15T12:16:28.281727,sad,0.344,2026-03-15T12:16:28.281727,0.3176521644532624,2026-03-15T12:16:29.011000,70,,,
participant_14,2,day,Town10HD_Opt,2026-03-15 12:16:29.180573,40.09257888793945,49.92140579223633,0.0020671081729233,11.113,0.576,0.0,0.219,0,0,1,,1.0,2026-03-15T12:16:29.180573,sad,0.344,2026-03-15T12:16:28.281727,0.3508735835010866,2026-03-15T12:16:29.011000,69,,,
participant_14,2,day,Town10HD_Opt,2026-03-15 12:16:30.089849,40.14101409912109,51.48887252807617,0.0020616149995476,6.568,0.853,0.0,0.206,0,0,1,,1.0,2026-03-15T12:16:30.089849,sad,0.344,2026-03-15T12:16:28.281727,0.4180996032783102,2026-03-15T12:16:30.047000,68,,,
participant_14,2,day,Town10HD_Opt,2026-03-15 12:16:31.251427,40.15234375,51.913230895996094,0.0019620133098214,0.007,0.79,0.0,0.0,0,0,1,,0.814,2026-03-15T12:16:31.251427,neutral,0.698,2026-03-15T12:16:31.251427,0.3571207417701906,2026-03-15T12:16:32.027000,66,,,
participant_14,2,day,Town10HD_Opt,2026-03-15 12:16:32.119464,40.15530776977539,52.0434799194336,0.0019883727654814,0.0,0.78,0.0,0.076,0,0,1,,0.841,2026-03-15T12:16:32.119464,neutral,0.698,2026-03-15T12:16:31.251427,0.4017578102727674,2026-03-15T12:16:32.027000,66,,,
participant_14,2,day,Town10HD_Opt,2026-03-15 12:16:33.014787,40.15695190429688,52.10033416748047,0.0017791747814044,2.343,0.508,0.827,0.0,0,0,1,,1.0,2026-03-15T12:16:33.014787,neutral,0.698,2026-03-15T12:16:31.251427,0.3426923531194167,2026-03-15T12:16:33.016000,67,,,
participant_14,2,day,Town10HD_Opt,2026-03-15 12:16:34.200756,40.24495697021485,54.64435958862305,0.0017243194160982,18.953,-3.921,0.639,0.0,0,0,1,,0.869,2026-03-15T12:16:34.200756,neutral,0.619,2026-03-15T12:16:34.200756,0.3467607873174803,2026-03-15T12:16:35.041000,71,,,
participant_14,2,day,Town10HD_Opt,2026-03-15 12:16:35.078870,40.78671646118164,58.252079010009766,0.001857147202827,24.043,-10.269,0.587,0.0,0,0,1,,0.805,2026-03-15T12:16:35.078870,neutral,0.619,2026-03-15T12:16:34.200756,0.2439862331607639,2026-03-15T12:16:35.041000,70,,,
participant_14,2,day,Town10HD_Opt,2026-03-15 12:16:36.268994,43.30929183959961,64.06133270263672,0.0019121170043945,30.555,-13.051,0.493,0.0,0,0,1,,0.883,2026-03-15T12:16:36.268994,happy,0.812,2026-03-15T12:16:36.268994,0.3272718515926341,2026-03-15T12:16:37.021000,68,,,
participant_14,2,day,Town10HD_Opt,2026-03-15 12:16:37.144191,47.08258819580078,67.89161682128906,0.0020721436012536,30.88,-14.879,0.384,0.0,0,0,1,,0.817,2026-03-15T12:16:37.144191,happy,0.812,2026-03-15T12:16:36.268994,0.3734638532082931,2026-03-15T12:16:37.021000,67,,,
participant_14,2,day,Town10HD_Opt,2026-03-15 12:16:38.090334,51.97236251831055,70.02892303466797,0.0020830153953284,30.473,-13.875,0.383,0.0,0,0,1,,1.0,2026-03-15T12:16:38.090334,happy,0.812,2026-03-15T12:16:36.268994,0.3449687591409934,2026-03-15T12:16:38.012000,68,,,
participant_14,2,day,Town10HD_Opt,2026-03-15 12:16:38.988247,57.24468994140625,70.40078735351562,0.0020701216999441,30.148,-6.128,0.294,0.0,0,0,1,,1.0,2026-03-15T12:16:38.988247,happy,0.899,2026-03-15T12:16:38.988247,0.3305804266480205,2026-03-15T12:16:39.047000,66,,,
participant_14,2,day,Town10HD_Opt,2026-03-15 12:16:40.188778,63.96160507202149,69.97560119628906,0.0021437453106045,26.727,0.9,0.214,0.0,0,0,1,,1.0,2026-03-15T12:16:40.188778,happy,0.899,2026-03-15T12:16:38.988247,0.3360200045687314,2026-03-15T12:16:41.026000,67,,,
participant_14,2,day,Town10HD_Opt,2026-03-15 12:16:41.096391,68.32083129882812,69.83010864257812,0.0022233962081372,21.884,0.83,0.0,0.0,0,0,1,,1.0,2026-03-15T12:16:41.096391,neutral,0.568,2026-03-15T12:16:41.096391,0.4039725088744505,2026-03-15T12:16:41.026000,66,,,
participant_14,2,day,Town10HD_Opt,2026-03-15 12:16:42.285187,72.659912109375,69.76644134521484,0.0019990156870335,15.951,1.177,0.159,0.0,0,0,1,,1.0,2026-03-15T12:16:42.285187,neutral,0.568,2026-03-15T12:16:41.096391,0.3086655349129337,2026-03-15T12:16:43.052000,71,,,
participant_14,2,day,Town10HD_Opt,2026-03-15 12:16:43.184471,75.3119888305664,69.78643035888672,0.0019749067723751,14.25,0.985,0.117,0.0,0,0,1,,1.0,2026-03-15T12:16:43.184471,neutral,0.699,2026-03-15T12:16:43.184471,0.3751722258952395,2026-03-15T12:16:44.042000,74,,,
participant_14,2,day,Town10HD_Opt,2026-03-15 12:16:44.112947,77.6783447265625,69.82376861572266,0.0019686508458107,12.694,0.016,0.115,0.0,0,0,1,,1.0,2026-03-15T12:16:44.112947,neutral,0.699,2026-03-15T12:16:43.184471,0.3990362031263694,2026-03-15T12:16:44.042000,74,,,
participant_14,2,day,Town10HD_Opt,2026-03-15 12:16:45.019580,79.7950439453125,69.85142517089844,0.0019598007202148,11.417,-0.122,0.115,0.0,0,0,1,,0.886,2026-03-15T12:16:45.019580,neutral,0.699,2026-03-15T12:16:43.184471,0.3614797398444126,2026-03-15T12:16:45.034000,73,,,
participant_14,2,day,Town10HD_Opt,2026-03-15 12:16:46.210568,82.30003356933594,69.8807144165039,0.0019650650210678,9.602,-0.073,0.0,0.0,0,0,1,,0.89,2026-03-15T12:16:46.210568,neutral,0.6,2026-03-15T12:16:46.210568,0.3796044598510355,2026-03-15T12:16:47.012000,71,,,
participant_14,2,day,Town10HD_Opt,2026-03-15 12:16:47.128428,83.85633850097656,69.89836120605469,0.0018767928704619,10.158,0.157,0.988,0.0,0,0,1,,0.836,2026-03-15T12:16:47.128428,neutral,0.6,2026-03-15T12:16:46.210568,0.4399679510499202,2026-03-15T12:16:47.012000,70,,,
participant_14,2,day,Town10HD_Opt,2026-03-15 12:16:48.091336,86.74267578125,70.07002258300781,0.0017574691446498,23.088,8.847,0.754,0.0,0,0,1,,0.805,2026-03-15T12:16:48.091336,neutral,0.6,2026-03-15T12:16:46.210568,0.5116072662583302,2026-03-15T12:16:48.046000,70,,,
participant_14,2,day,Town10HD_Opt,2026-03-15 12:16:49.025726,91.09225463867188,71.05757141113281,0.0020445631816983,25.698,13.146,0.229,0.0,0,0,1,,0.913,2026-03-15T12:16:49.025726,happy,0.862,2026-03-15T12:16:49.025726,0.6323067227503161,2026-03-15T12:16:49.036000,71,,,
participant_14,2,day,Town10HD_Opt,2026-03-15 12:16:50.190303,95.55384826660156,74.22108459472656,0.0021671294234693,22.09,20.654,0.317,0.0,0,0,1,,0.827,2026-03-15T12:16:50.190303,happy,0.862,2026-03-15T12:16:49.025726,0.726711938844012,2026-03-15T12:16:51.017000,70,,,
participant_14,2,day,Town10HD_Opt,2026-03-15 12:16:51.101397,97.41104125976562,77.6833267211914,0.0019287872128188,24.943,11.368,0.667,0.0,0,0,1,,1.0,2026-03-15T12:16:51.101397,happy,0.707,2026-03-15T12:16:51.101397,0.6471689865654795,2026-03-15T12:16:51.017000,70,,,
participant_14,2,day,Town10HD_Opt,2026-03-15 12:16:52.067930,98.63514709472656,82.63821411132812,0.0016565322875976,35.231,9.552,0.861,0.0,0,0,1,,1.0,2026-03-15T12:16:52.067930,happy,0.707,2026-03-15T12:16:51.101397,0.7702582473348977,2026-03-15T12:16:52.051000,69,,,
participant_14,2,day,Town10HD_Opt,2026-03-15 12:16:53.275292,98.52272033691406,92.55460357666016,0.0017317199381068,49.451,0.061,0.628,0.0,0,0,1,,1.0,2026-03-15T12:16:53.275292,happy,0.809,2026-03-15T12:16:53.275292,0.9574718372993626,2026-03-15T12:16:54.032000,69,,,
participant_14,2,day,Town10HD_Opt,2026-03-15 12:16:54.194854,97.73866271972656,100.9966812133789,0.0021901703439652,46.074,7.644,0.633,0.0,0,0,1,,0.851,2026-03-15T12:16:54.194854,happy,0.809,2026-03-15T12:16:53.275292,0.99,2026-03-15T12:16:55.022000,69,,,
participant_14,2,day,Town10HD_Opt,2026-03-15 12:16:55.034818,95.26416778564452,108.95549774169922,0.0018598174210637,51.048,5.638,0.0,0.0,0,0,1,,1.0,2026-03-15T12:16:55.034818,happy,0.809,2026-03-15T12:16:53.275292,0.99,2026-03-15T12:16:55.022000,68,,,
participant_14,2,day,Town10HD_Opt,2026-03-15 12:16:56.213380,89.15670776367188,118.79886627197266,0.0019932175055146,50.189,6.782,0.591,0.0,0,0,1,,0.834,2026-03-15T12:16:56.213380,neutral,0.78,2026-03-15T12:16:56.213380,0.99,2026-03-15T12:16:57.046000,66,,,
participant_14,2,day,Town10HD_Opt,2026-03-15 12:16:57.135095,83.01295471191406,124.92540740966795,0.0020864487159997,49.093,8.005,0.591,0.0,0,0,1,,0.86,2026-03-15T12:16:57.135095,neutral,0.78,2026-03-15T12:16:56.213380,0.99,2026-03-15T12:16:57.046000,66,,,
participant_14,2,day,Town10HD_Opt,2026-03-15 12:16:58.054693,75.26885986328125,128.87942504882812,0.0020164106972515,49.981,6.957,0.591,0.0,0,0,1,,0.81,2026-03-15T12:16:58.054693,neutral,0.78,2026-03-15T12:16:56.213380,0.99,2026-03-15T12:16:58.036000,65,,,
participant_14,2,day,Town10HD_Opt,2026-03-15 12:16:59.276430,63.87200546264648,130.6505126953125,0.001984252827242,50.588,0.298,0.0,0.0,0,0,1,,1.0,2026-03-15T12:16:59.276430,neutral,0.452,2026-03-15T12:16:59.276430,0.9856448119488074,2026-03-15T12:17:00.106000,64,,,
participant_14,2,day,Town10HD_Opt,2026-03-15 12:17:00.271309,55.216346740722656,130.90725708007812,0.0020166777539998,49.79,1.243,0.568,0.0,0,0,1,,1.0,2026-03-15T12:17:00.271309,neutral,0.452,2026-03-15T12:16:59.276430,0.9619853978903788,2026-03-15T12:17:01.052000,63,,,
participant_14,2,day,Town10HD_Opt,2026-03-15 12:17:01.206286,46.48946762084961,130.87890625,0.0021136093419045,48.967,0.12,0.568,0.0,0,0,1,,1.0,2026-03-15T12:17:01.206286,neutral,0.452,2026-03-15T12:16:59.276430,0.9382264656100292,2026-03-15T12:17:02.042000,64,,,
participant_14,2,day,Town10HD_Opt,2026-03-15 12:17:02.198698,37.800575256347656,130.6992645263672,0.0019868467934429,50.618,-0.052,0.0,0.0,0,0,1,,1.0,2026-03-15T12:17:02.198698,neutral,0.608,2026-03-15T12:17:02.198698,0.9222051007523184,2026-03-15T12:17:03.033000,65,,,
participant_14,2,day,Town10HD_Opt,2026-03-15 12:17:03.157585,29.23666763305664,130.52593994140625,0.0022010039538145,46.526,-0.197,0.0,0.0,0,0,1,,1.0,2026-03-15T12:17:03.157585,neutral,0.608,2026-03-15T12:17:02.198698,0.8794106477183695,2026-03-15T12:17:04.022000,64,,,
participant_14,2,day,Town10HD_Opt,2026-03-15 12:17:04.077975,22.01615524291992,130.42709350585938,0.0023638915736228,35.768,-0.059,0.0,0.0,0,0,1,,1.0,2026-03-15T12:17:04.077975,neutral,0.608,2026-03-15T12:17:02.198698,0.8077547193277613,2026-03-15T12:17:04.022000,65,,,
participant_14,2,day,Town10HD_Opt,2026-03-15 12:17:05.033160,16.38554573059082,130.3667755126953,0.0022350309882313,29.02,-0.127,0.308,0.0,0,0,1,,1.0,2026-03-15T12:17:05.033160,neutral,0.863,2026-03-15T12:17:05.033160,0.7936492948987418,2026-03-15T12:17:05.012000,64,,,
participant_14,2,day,Town10HD_Opt,2026-03-15 12:17:06.015019,11.460943222045898,130.32725524902344,0.0020991514902561,27.265,0.04,0.299,0.0,0,0,1,,1.0,2026-03-15T12:17:06.015019,neutral,0.863,2026-03-15T12:17:05.033160,0.8092261439436931,2026-03-15T12:17:06.050000,63,Red light violation,Red light violation,
participant_14,2,day,Town10HD_Opt,2026-03-15 12:17:07.221966,5.298290729522705,130.272705078125,0.0020856857299804,25.474,0.106,0.297,0.0,0,0,1,,1.0,2026-03-15T12:17:07.221966,neutral,0.58,2026-03-15T12:17:07.221966,0.7567109231991491,2026-03-15T12:17:08.027000,62,,,
participant_14,2,day,Town10HD_Opt,2026-03-15 12:17:08.122841,0.9352734088897704,130.2242889404297,0.0020813751034438,24.36,-0.089,0.295,0.0,0,0,1,,1.0,2026-03-15T12:17:08.122841,neutral,0.58,2026-03-15T12:17:07.221966,0.8281191936905166,2026-03-15T12:17:08.027000,60,,,
participant_14,2,day,Town10HD_Opt,2026-03-15 12:17:09.273790,-4.577950477600098,130.1711883544922,0.0020767210517078,22.947,-0.094,0.294,0.0,0,0,1,,1.0,2026-03-15T12:17:09.273790,neutral,0.669,2026-03-15T12:17:09.273790,0.7090600294992833,2026-03-15T12:17:10.053000,63,,,
participant_14,2,day,Town10HD_Opt,2026-03-15 12:17:10.206711,-8.50024127960205,130.1429901123047,0.0020892333704978,21.594,-0.092,0.069,0.0,0,0,1,,1.0,2026-03-15T12:17:10.206711,neutral,0.669,2026-03-15T12:17:09.273790,0.7604715097934379,2026-03-15T12:17:11.043000,62,,,
participant_14,2,day,Town10HD_Opt,2026-03-15 12:17:11.094828,-11.930745124816896,130.1245880126953,0.0019460296025499,17.186,-0.059,0.0,0.0,0,0,1,,1.0,2026-03-15T12:17:11.094828,neutral,0.669,2026-03-15T12:17:09.273790,0.803300276732904,2026-03-15T12:17:11.043000,62,,,
participant_14,2,day,Town10HD_Opt,2026-03-15 12:17:12.058026,-14.613804817199709,130.1102294921875,0.0020421599037945,13.223,0.296,0.0,0.0,0,0,1,,1.0,2026-03-15T12:17:12.058026,neutral,0.877,2026-03-15T12:17:12.058026,0.7605153125346737,2026-03-15T12:17:12.032000,64,,,
participant_14,2,day,Town10HD_Opt,2026-03-15 12:17:13.019235,-16.67436408996582,130.09124755859375,0.0020171354990452,10.287,0.223,0.061,0.0,0,0,1,,0.811,2026-03-15T12:17:13.019235,neutral,0.877,2026-03-15T12:17:12.058026,0.7716361774463756,2026-03-15T12:17:13.022000,64,,,
participant_14,2,day,Town10HD_Opt,2026-03-15 12:17:14.174947,-18.79623794555664,130.06753540039062,0.0019841766916215,7.761,-0.063,0.0,0.0,0,0,1,,1.0,2026-03-15T12:17:14.174947,neutral,0.818,2026-03-15T12:17:14.174947,0.7866289753719985,2026-03-15T12:17:14.012000,63,,,
participant_14,2,day,Town10HD_Opt,2026-03-15 12:17:15.100708,-19.99957656860352,130.056884765625,0.0019803238101303,6.0,-0.214,0.0,0.0,0,0,1,,0.803,2026-03-15T12:17:15.100708,neutral,0.818,2026-03-15T12:17:14.174947,0.7404253184378045,2026-03-15T12:17:15.137000,63,,,
participant_14,2,day,Town10HD_Opt,2026-03-15 12:17:16.229402,-21.217565536499023,130.0481414794922,0.0019600295927375,4.314,-0.214,0.0,0.0,0,0,1,,1.0,2026-03-15T12:17:16.229402,happy,0.674,2026-03-15T12:17:16.229402,0.7138139066052204,2026-03-15T12:17:17.027000,61,,,
participant_14,2,day,Town10HD_Opt,2026-03-15 12:17:17.146090,-21.88962173461914,130.04412841796875,0.0019508743425831,3.312,-0.214,0.0,0.0,0,0,1,,0.823,2026-03-15T12:17:17.146090,happy,0.674,2026-03-15T12:17:16.229402,0.6844600817043662,2026-03-15T12:17:17.027000,61,,,
participant_14,2,day,Town10HD_Opt,2026-03-15 12:17:18.045918,-22.72895622253418,130.03990173339844,0.0015313720796257,11.214,-0.214,1.0,0.0,0,0,1,,0.822,2026-03-15T12:17:18.045918,happy,0.674,2026-03-15T12:17:16.229402,0.7475953709603176,2026-03-15T12:17:18.017000,61,,,
participant_14,2,day,Town10HD_Opt,2026-03-15 12:17:19.209237,-27.44650650024414,129.99734497070312,0.0015645598759874,30.432,5.276,0.574,0.0,0,0,1,,0.861,2026-03-15T12:17:19.209237,happy,0.532,2026-03-15T12:17:19.209237,0.6581889500612594,2026-03-15T12:17:20.042000,59,,,
participant_14,2,day,Town10HD_Opt,2026-03-15 12:17:20.145868,-32.8610954284668,129.07493591308594,0.0021057890262454,30.472,11.359,0.297,0.0,0,0,1,,0.826,2026-03-15T12:17:20.145868,happy,0.532,2026-03-15T12:17:19.209237,0.6146195659311577,2026-03-15T12:17:20.042000,60,,,
participant_14,2,day,Town10HD_Opt,2026-03-15 12:17:21.023632,-37.33450698852539,126.65420532226562,0.0021566390059888,28.022,19.954,0.31,0.0,0,0,1,,0.905,2026-03-15T12:17:21.023632,happy,0.532,2026-03-15T12:17:19.209237,0.593869987883872,2026-03-15T12:17:21.035000,59,,,
participant_14,2,day,Town10HD_Opt,2026-03-15 12:17:22.227065,-40.602840423583984,121.39710998535156,0.0019382475875318,25.938,9.744,0.304,0.0,0,0,1,,0.853,2026-03-15T12:17:22.227065,neutral,0.74,2026-03-15T12:17:22.227065,0.5593241189400272,2026-03-15T12:17:23.012000,62,,,
participant_14,2,day,Town10HD_Opt,2026-03-15 12:17:23.193292,-41.59265899658203,117.05711364746094,0.001986808842048,25.162,8.258,0.475,0.0,0,0,1,,1.0,2026-03-15T12:17:23.193292,neutral,0.74,2026-03-15T12:17:22.227065,0.4963607771841386,2026-03-15T12:17:24.047000,65,,,
participant_14,2,day,Town10HD_Opt,2026-03-15 12:17:24.163598,-41.8228759765625,112.45500946044922,0.0019368743523955,28.197,2.186,0.528,0.0,0,0,1,,1.0,2026-03-15T12:17:24.163598,neutral,0.74,2026-03-15T12:17:22.227065,0.6172344947810491,2026-03-15T12:17:24.047000,65,,,
participant_14,2,day,Town10HD_Opt,2026-03-15 12:17:25.126911,-41.76944732666016,107.15792083740234,0.001872711116448,33.091,0.247,0.59,0.0,0,0,1,,1.0,2026-03-15T12:17:25.126911,neutral,0.845,2026-03-15T12:17:25.126911,0.5952767782158433,2026-03-15T12:17:25.035000,64,,,
participant_14,2,day,Town10HD_Opt,2026-03-15 12:17:26.134161,-41.64741134643555,101.17747497558594,0.002034721430391,34.261,-0.021,0.358,0.0,0,0,1,,1.0,2026-03-15T12:17:26.134161,neutral,0.845,2026-03-15T12:17:25.126911,0.5729796739696453,2026-03-15T12:17:26.027000,63,,,
participant_14,2,day,Town10HD_Opt,2026-03-15 12:17:27.092017,-41.55948638916016,95.2607879638672,0.0020754623692482,33.237,-0.707,0.358,0.0,0,0,1,,1.0,2026-03-15T12:17:27.092017,neutral,0.845,2026-03-15T12:17:25.126911,0.5394573466326482,2026-03-15T12:17:27.018000,64,,,
participant_14,2,day,Town10HD_Opt,2026-03-15 12:17:28.027116,-41.58808517456055,89.51519012451172,0.0020725631620734,32.277,-0.632,0.358,0.0,0,0,1,,1.0,2026-03-15T12:17:28.027116,neutral,0.949,2026-03-15T12:17:28.027116,0.4943870382659719,2026-03-15T12:17:28.137000,65,,,
participant_14,2,day,Town10HD_Opt,2026-03-15 12:17:29.003137,-41.66010284423828,83.92094421386719,0.0020716858562082,31.489,5.666,0.357,0.0,0,0,1,,0.807,2026-03-15T12:17:29.003137,neutral,0.949,2026-03-15T12:17:28.027116,0.5103813134711807,2026-03-15T12:17:29.046000,66,,,
participant_14,2,day,Town10HD_Opt,2026-03-15 12:17:30.248172,-40.278297424316406,76.91618347167969,0.0020973586943,29.919,10.915,0.339,0.0,0,0,1,,1.0,2026-03-15T12:17:30.248172,neutral,0.575,2026-03-15T12:17:30.248172,0.5494975035878497,2026-03-15T12:17:31.023000,64,,,
participant_14,2,day,Town10HD_Opt,2026-03-15 12:17:31.196282,-37.50641632080078,72.693359375,0.0021426391322165,28.267,21.361,0.342,0.0,0,0,1,,1.0,2026-03-15T12:17:31.196282,neutral,0.575,2026-03-15T12:17:30.248172,0.5103985297949187,2026-03-15T12:17:32.012000,66,,,
participant_14,2,day,Town10HD_Opt,2026-03-15 12:17:32.216679,-33.29697036743164,70.3932113647461,0.0021242522634565,27.183,18.775,0.349,0.0,0,0,1,,0.821,2026-03-15T12:17:32.216679,neutral,0.575,2026-03-15T12:17:30.248172,0.522834415316257,2026-03-15T12:17:33.048000,65,,,
participant_14,2,day,Town10HD_Opt,2026-03-15 12:17:33.171900,-28.60770606994629,69.86012268066406,0.0020549392793327,27.083,3.255,0.381,0.0,0,0,1,,1.0,2026-03-15T12:17:33.171900,sad,0.451,2026-03-15T12:17:33.171900,0.468399352917497,2026-03-15T12:17:34.037000,65,,,
participant_14,2,day,Town10HD_Opt,2026-03-15 12:17:34.088849,-23.82044792175293,69.73523712158203,0.0020121000707149,27.887,1.617,0.435,0.0,0,0,1,,1.0,2026-03-15T12:17:34.088849,sad,0.451,2026-03-15T12:17:33.171900,0.480528699654379,2026-03-15T12:17:34.037000,66,,,
participant_14,2,day,Town10HD_Opt,2026-03-15 12:17:35.244480,-17.10541343688965,69.76654815673828,0.0020003127865493,29.712,0.033,0.432,0.0,0,0,1,,1.0,2026-03-15T12:17:35.244480,neutral,0.645,2026-03-15T12:17:35.244480,0.4967361997733896,2026-03-15T12:17:36.017000,66,,,
participant_14,2,day,Town10HD_Opt,2026-03-15 12:17:36.166758,-11.8070650100708,69.8334732055664,0.0020053482148796,30.89,0.045,0.432,0.0,0,0,1,,1.0,2026-03-15T12:17:36.166758,neutral,0.645,2026-03-15T12:17:35.244480,0.5633796093730655,2026-03-15T12:17:36.017000,67,,,
participant_14,2,day,Town10HD_Opt,2026-03-15 12:17:37.103327,-6.317731857299805,69.89511108398438,0.0020125198643654,31.859,-0.522,0.427,0.0,0,0,1,,1.0,2026-03-15T12:17:37.103327,neutral,0.645,2026-03-15T12:17:35.244480,0.5289445037497881,2026-03-15T12:17:37.051000,67,,,
participant_14,2,day,Town10HD_Opt,2026-03-15 12:17:38.002178,-0.6758981347084045,69.89146423339844,0.0020186232868582,32.627,0.141,0.419,0.0,0,0,1,,1.0,2026-03-15T12:17:38.002178,neutral,0.575,2026-03-15T12:17:38.002178,0.4919046896182323,2026-03-15T12:17:38.042000,67,,,
participant_14,2,day,Town10HD_Opt,2026-03-15 12:17:39.182633,6.51904296875,69.86986541748047,0.0022651290055364,25.946,0.094,0.0,0.0,0,0,1,,1.0,2026-03-15T12:17:39.182633,neutral,0.575,2026-03-15T12:17:38.002178,0.5076745196194318,2026-03-15T12:17:40.022000,69,,,
participant_14,2,day,Town10HD_Opt,2026-03-15 12:17:40.125862,10.600797653198242,69.86549377441406,0.0022520828060805,19.792,0.219,0.0,0.0,0,0,1,,1.0,2026-03-15T12:17:40.125862,neutral,0.793,2026-03-15T12:17:40.125862,0.577871560245398,2026-03-15T12:17:40.022000,68,,,
participant_14,2,day,Town10HD_Opt,2026-03-15 12:17:41.005668,13.68560791015625,69.87186431884766,0.0020206831395626,15.307,0.04,0.074,0.0,0,0,1,,1.0,2026-03-15T12:17:41.005668,neutral,0.793,2026-03-15T12:17:40.125862,0.5506150023372477,2026-03-15T12:17:41.014000,69,,,
participant_14,2,day,Town10HD_Opt,2026-03-15 12:17:42.235214,16.959827423095703,69.877197265625,0.0019619751255959,13.052,-0.303,0.13,0.0,0,0,1,,1.0,2026-03-15T12:17:42.235214,neutral,0.738,2026-03-15T12:17:42.235214,0.4879003408398343,2026-03-15T12:17:43.037000,65,,,
participant_14,2,day,Town10HD_Opt,2026-03-15 12:17:43.153158,19.16546630859375,69.87489318847656,0.0019324874738231,12.396,0.266,0.214,0.0,0,0,1,,1.0,2026-03-15T12:17:43.153158,neutral,0.738,2026-03-15T12:17:42.235214,0.5340837630940842,2026-03-15T12:17:43.037000,66,,,
participant_14,2,day,Town10HD_Opt,2026-03-15 12:17:44.037645,21.359220504760746,69.88008880615234,0.0019187545403838,12.503,-0.125,0.127,0.0,0,0,1,,1.0,2026-03-15T12:17:44.037645,neutral,0.738,2026-03-15T12:17:42.235214,0.5385238199907821,2026-03-15T12:17:44.031000,63,,,
participant_14,2,day,Town10HD_Opt,2026-03-15 12:17:45.266935,23.956031799316406,69.87984466552734,0.0020044327247887,9.261,-0.136,0.0,0.0,0,0,1,,1.0,2026-03-15T12:17:45.266935,neutral,0.793,2026-03-15T12:17:45.266935,0.5715250988522629,2026-03-15T12:17:46.052000,61,,,
participant_14,2,day,Town10HD_Opt,2026-03-15 12:17:46.191477,25.31428909301757,69.87752532958984,0.0020370101556181,5.762,-0.136,0.0,0.177,0,0,1,,1.0,2026-03-15T12:17:46.191477,neutral,0.793,2026-03-15T12:17:45.266935,0.5020618814161026,2026-03-15T12:17:47.041000,62,,,
participant_14,2,day,Town10HD_Opt,2026-03-15 12:17:47.098389,25.52070426940918,69.87715911865234,0.0019853971898555,0.006,-0.134,0.0,0.0,0,0,1,,1.0,2026-03-15T12:17:47.098389,neutral,0.793,2026-03-15T12:17:45.266935,0.5295119113707732,2026-03-15T12:17:47.041000,61,,,
participant_14,2,day,Town10HD_Opt,2026-03-15 12:17:48.003718,25.69673728942871,69.87660217285156,0.0017679977463558,3.48,-0.134,0.216,0.0,0,0,1,,1.0,2026-03-15T12:17:48.003718,neutral,0.843,2026-03-15T12:17:48.003718,0.589982397535396,2026-03-15T12:17:48.032000,64,,,
participant_14,2,day,Town10HD_Opt,2026-03-15 12:17:49.181411,26.07996940612793,69.87557220458984,0.0019612885080277,0.0,-0.125,0.0,0.086,0,0,1,,0.804,2026-03-15T12:17:49.181411,neutral,0.843,2026-03-15T12:17:48.003718,0.5798311189011801,2026-03-15T12:17:49.022000,62,,,
participant_14,2,day,Town10HD_Opt,2026-03-15 12:17:50.124429,26.611751556396484,69.87429809570312,0.0015159606700763,9.88,-0.115,0.861,0.0,0,0,1,,1.0,2026-03-15T12:17:50.124429,neutral,0.589,2026-03-15T12:17:50.124429,0.5243813207501562,2026-03-15T12:17:50.068000,61,,,errors=Stop sign violation
participant_14,2,day,Town10HD_Opt,2026-03-15 12:17:51.002045,29.318553924560547,69.86412048339844,0.0018745040288195,20.202,-0.463,0.688,0.0,0,0,1,,1.0,2026-03-15T12:17:51.002045,neutral,0.589,2026-03-15T12:17:50.124429,0.5775764314930151,2026-03-15T12:17:51.047000,61,,,
participant_14,2,day,Town10HD_Opt,2026-03-15 12:17:52.228659,34.548213958740234,69.33544158935547,0.0020944213028997,22.379,-11.723,0.19,0.0,0,0,1,,0.834,2026-03-15T12:17:52.228659,neutral,0.762,2026-03-15T12:17:52.228659,0.5558485078557782,2026-03-15T12:17:53.028000,58,,,
participant_14,2,day,Town10HD_Opt,2026-03-15 12:17:53.167375,37.98224639892578,68.04781341552734,0.002151031512767,19.631,-14.041,0.186,0.0,0,0,1,,0.806,2026-03-15T12:17:53.167375,neutral,0.762,2026-03-15T12:17:52.228659,0.5932598855614659,2026-03-15T12:17:54.017000,58,,,
participant_14,2,day,Town10HD_Opt,2026-03-15 12:17:54.068374,40.59749221801758,66.16618347167969,0.0019514083396643,18.08,-16.166,0.202,0.0,0,0,1,,0.812,2026-03-15T12:17:54.068374,neutral,0.762,2026-03-15T12:17:52.228659,0.6091912593374159,2026-03-15T12:17:54.017000,59,,,
participant_14,2,day,Town10HD_Opt,2026-03-15 12:17:55.247800,43.119754791259766,62.77714538574219,0.0020418928470462,19.064,-15.837,0.469,0.0,0,0,1,,1.0,2026-03-15T12:17:55.247800,neutral,0.362,2026-03-15T12:17:55.247800,0.5611876629103572,2026-03-15T12:17:56.042000,58,,,
participant_14,2,day,Town10HD_Opt,2026-03-15 12:17:56.243955,44.30091094970703,59.43758010864258,0.0019708632025867,21.937,-15.835,0.465,0.0,0,0,1,,1.0,2026-03-15T12:17:56.243955,neutral,0.362,2026-03-15T12:17:55.247800,0.5784699422771181,2026-03-15T12:17:57.032000,59,,,
participant_14,2,day,Town10HD_Opt,2026-03-15 12:17:57.165032,44.57667922973633,55.40925598144531,0.0019654845818877,24.665,-4.983,0.458,0.0,0,0,1,,1.0,2026-03-15T12:17:57.165032,neutral,0.362,2026-03-15T12:17:55.247800,0.604913898504,2026-03-15T12:17:58.024000,60,,,
participant_14,2,day,Town10HD_Opt,2026-03-15 12:17:58.164537,44.4279670715332,50.913822174072266,0.0019794844556599,26.758,-3.229,0.374,0.0,0,0,1,,0.827,2026-03-15T12:17:58.164537,neutral,0.435,2026-03-15T12:17:58.164537,0.5812898414662385,2026-03-15T12:17:58.024000,59,,,
participant_14,2,day,Town10HD_Opt,2026-03-15 12:17:59.190855,44.11834335327149,46.20792388916016,0.0021249770652502,27.166,0.277,0.356,0.0,0,0,1,,0.878,2026-03-15T12:17:59.190855,neutral,0.435,2026-03-15T12:17:58.164537,0.5965307073144634,2026-03-15T12:18:00.047000,59,,,
participant_14,2,day,Town10HD_Opt,2026-03-15 12:18:00.133596,43.877685546875,41.46392059326172,0.0020401000510901,27.276,4.964,0.369,0.0,0,0,1,,0.824,2026-03-15T12:18:00.133596,neutral,0.435,2026-03-15T12:17:58.164537,0.6352579841117818,2026-03-15T12:18:00.047000,61,,,
participant_14,2,day,Town10HD_Opt,2026-03-15 12:18:01.031019,44.30693817138672,36.73738861083984,0.0020530319306999,27.395,13.926,0.484,0.0,0,0,1,,1.0,2026-03-15T12:18:01.031019,fear,0.341,2026-03-15T12:18:01.031019,0.6641083585004556,2026-03-15T12:18:01.040000,62,,,
participant_14,2,day,Town10HD_Opt,2026-03-15 12:18:02.209357,47.3061752319336,30.90532875061035,0.0020238875877112,29.625,16.607,0.463,0.0,0,0,1,,1.0,2026-03-15T12:18:02.209357,fear,0.341,2026-03-15T12:18:01.031019,0.594675441434902,2026-03-15T12:18:03.017000,60,,,
participant_14,2,day,Town10HD_Opt,2026-03-15 12:18:03.126985,51.54318618774414,27.80430030822754,0.0020336150191724,31.002,15.852,0.455,0.0,0,0,1,,1.0,2026-03-15T12:18:03.126985,sad,0.356,2026-03-15T12:18:03.126985,0.5879445226700217,2026-03-15T12:18:03.017000,60,,,
participant_14,2,day,Town10HD_Opt,2026-03-15 12:18:04.241937,58.67971420288086,26.42556381225586,0.0020903395488858,30.86,1.25,0.208,0.0,0,0,1,,1.0,2026-03-15T12:18:04.241937,sad,0.356,2026-03-15T12:18:03.126985,0.5844004471282416,2026-03-15T12:18:05.043000,60,,,
participant_14,2,day,Town10HD_Opt,2026-03-15 12:18:05.131784,63.78798294067383,26.075807571411133,0.0021276473999023,28.062,-1.784,0.803,0.0,0,0,1,,0.867,2026-03-15T12:18:05.131784,neutral,0.611,2026-03-15T12:18:05.131784,0.614276896805423,2026-03-15T12:18:05.043000,60,,,
participant_14,2,day,Town10HD_Opt,2026-03-15 12:18:06.022279,69.08910369873047,25.630794525146484,0.0021007156465202,29.756,1.958,0.0,0.0,0,0,1,,0.824,2026-03-15T12:18:06.022279,neutral,0.611,2026-03-15T12:18:05.131784,0.6706686457315589,2026-03-15T12:18:06.042000,63,,,
participant_14,2,day,Town10HD_Opt,2026-03-15 12:18:07.210023,74.9937515258789,25.423980712890625,0.0022838211152702,20.059,0.818,0.0,0.313,0,0,1,,0.845,2026-03-15T12:18:07.210023,neutral,0.516,2026-03-15T12:18:07.210023,0.6009617705780166,2026-03-15T12:18:08.057000,61,,,
participant_14,2,day,Town10HD_Opt,2026-03-15 12:18:08.148084,77.95887756347656,25.393070220947266,0.0020925521384924,13.537,0.818,0.0,0.274,0,0,1,,1.0,2026-03-15T12:18:08.148084,neutral,0.516,2026-03-15T12:18:07.210023,0.6698515035377832,2026-03-15T12:18:08.057000,60,,,
participant_14,2,day,Town10HD_Opt,2026-03-15 12:18:09.030740,79.9166259765625,25.39560317993164,0.0020797348115593,8.502,0.818,0.0,0.309,0,0,1,,1.0,2026-03-15T12:18:09.030740,neutral,0.516,2026-03-15T12:18:07.210023,0.5975421085364802,2026-03-15T12:18:09.047000,59,,,
participant_14,2,day,Town10HD_Opt,2026-03-15 12:18:10.202458,80.75606536865234,25.40220832824707,0.0020167923066765,0.0,0.818,0.0,0.386,0,0,1,,1.0,2026-03-15T12:18:10.202458,neutral,0.692,2026-03-15T12:18:10.202458,0.5644885623300212,2026-03-15T12:18:11.027000,61,,,
participant_14,2,day,Town10HD_Opt,2026-03-15 12:18:11.078342,80.75636291503906,25.402212142944336,0.001922950730659,0.003,0.016,0.0,0.0,0,0,1,,1.0,2026-03-15T12:18:11.078342,neutral,0.692,2026-03-15T12:18:10.202458,0.6851936009500728,2026-03-15T12:18:11.027000,62,,,
participant_14,2,day,Town10HD_Opt,2026-03-15 12:18:12.181746,80.75650024414062,25.40221405029297,0.0019190596649423,0.002,0.096,0.0,0.0,0,0,1,,1.0,2026-03-15T12:18:12.181746,neutral,0.692,2026-03-15T12:18:10.202458,0.6112749540449293,2026-03-15T12:18:12.017000,60,,,
participant_14,2,day,Town10HD_Opt,2026-03-15 12:18:13.060363,80.7562255859375,25.40221405029297,0.0019173049367964,0.168,0.096,0.399,0.0,0,0,1,,1.0,2026-03-15T12:18:13.060363,neutral,0.768,2026-03-15T12:18:13.060363,0.6547698130079777,2026-03-15T12:18:13.053000,62,,,
participant_14,2,day,Town10HD_Opt,2026-03-15 12:18:14.222494,81.35966491699219,25.4050235748291,0.0017464827978983,5.764,0.096,0.0,0.0,0,0,1,,1.0,2026-03-15T12:18:14.222494,neutral,0.768,2026-03-15T12:18:13.060363,0.6497954988448509,2026-03-15T12:18:15.033000,61,,,
participant_14,2,day,Town10HD_Opt,2026-03-15 12:18:15.136028,82.2855453491211,25.4104118347168,0.0019546889234334,4.594,0.087,0.0,0.0,0,0,1,,1.0,2026-03-15T12:18:15.136028,neutral,0.488,2026-03-15T12:18:15.136028,0.6426959086768572,2026-03-15T12:18:15.033000,62,,,errors=Red light violation
participant_14,2,day,Town10HD_Opt,2026-03-15 12:18:16.021485,83.00157165527344,25.414852142333984,0.0019527816912159,3.475,0.087,0.0,0.0,0,0,1,,1.0,2026-03-15T12:18:16.021485,neutral,0.488,2026-03-15T12:18:15.136028,0.5957942289934188,2026-03-15T12:18:16.026000,61,,,
participant_14,2,day,Town10HD_Opt,2026-03-15 12:18:17.258130,83.7015380859375,25.41941261291504,0.001940841670148,2.979,0.061,0.996,0.0,0,0,1,,1.0,2026-03-15T12:18:17.258130,neutral,0.921,2026-03-15T12:18:17.258130,0.5909476612311214,2026-03-15T12:18:18.047000,64,Solid line crossing,Solid line crossing,
participant_14,2,day,Town10HD_Opt,2026-03-15 12:18:18.156237,85.34324645996094,25.427858352661133,0.0014119719853624,18.044,-1.535,0.992,0.0,0,0,1,,0.848,2026-03-15T12:18:18.156237,neutral,0.921,2026-03-15T12:18:17.258130,0.5642318440730528,2026-03-15T12:18:18.047000,63,,,
participant_14,2,day,Town10HD_Opt,2026-03-15 12:18:19.094524,89.43215942382812,25.154491424560547,0.0016304778400808,30.328,-7.579,0.809,0.0,0,0,1,,0.85,2026-03-15T12:18:19.094524,neutral,0.921,2026-03-15T12:18:17.258130,0.5011868390041739,2026-03-15T12:18:19.039000,63,,,
participant_14,2,day,Town10HD_Opt,2026-03-15 12:18:20.271824,97.25865173339844,22.70003890991211,0.0020391845609992,36.819,-13.407,0.215,0.0,0,0,1,,0.905,2026-03-15T12:18:20.271824,neutral,0.715,2026-03-15T12:18:20.271824,0.51235600229872,2026-03-15T12:18:21.019000,63,,,
participant_14,2,day,Town10HD_Opt,2026-03-15 12:18:21.132034,101.72203063964844,18.82129096984864,0.0023175429087132,29.934,-14.173,0.0,0.0,0,0,1,,0.83,2026-03-15T12:18:21.132034,neutral,0.715,2026-03-15T12:18:20.271824,0.5589241422314681,2026-03-15T12:18:21.019000,62,,,
participant_14,2,day,Town10HD_Opt,2026-03-15 12:18:22.034816,103.83621215820312,14.728001594543455,0.0021581267938017,22.575,-12.595,0.0,0.0,0,0,1,,0.849,2026-03-15T12:18:22.034816,neutral,0.715,2026-03-15T12:18:20.271824,0.5524988869181986,2026-03-15T12:18:22.056000,61,,,
participant_14,2,day,Town10HD_Opt,2026-03-15 12:18:23.186106,105.16145324707033,9.425518989562988,0.0015855026431381,31.76,-2.527,0.994,0.0,0,0,1,,0.843,2026-03-15T12:18:23.186106,sad,0.451,2026-03-15T12:18:23.186106,0.5176530143937689,2026-03-15T12:18:24.033000,59,,,
participant_14,2,day,Town10HD_Opt,2026-03-15 12:18:24.034196,106.2910614013672,2.7492482662200928,0.001556243863888,46.765,-2.522,0.952,0.0,0,0,1,,0.814,2026-03-15T12:18:24.034196,sad,0.451,2026-03-15T12:18:23.186106,0.4742759421271549,2026-03-15T12:18:24.033000,60,,,
participant_14,2,day,Town10HD_Opt,2026-03-15 12:18:25.197969,107.11670684814452,-8.816153526306152,0.001995277358219,50.593,-1.097,0.0,0.0,0,0,1,,1.0,2026-03-15T12:18:25.197969,neutral,0.723,2026-03-15T12:18:25.197969,0.5026367232851866,2026-03-15T12:18:26.013000,62,,,
participant_14,2,day,Town10HD_Opt,2026-03-15 12:18:26.066741,107.17604064941406,-17.54876708984375,0.0020217895507812,50.419,-1.977,0.623,0.0,0,0,1,,1.0,2026-03-15T12:18:26.066741,neutral,0.723,2026-03-15T12:18:25.197969,0.4128281859765652,2026-03-15T12:18:26.013000,61,,,
participant_14,2,day,Town10HD_Opt,2026-03-15 12:18:27.233612,106.21134185791016,-28.855358123779297,0.0021364975254982,46.381,-3.389,0.393,0.0,0,0,1,,1.0,2026-03-15T12:18:27.233612,neutral,0.712,2026-03-15T12:18:27.233612,0.5542957241240358,2026-03-15T12:18:28.038000,61,,,
participant_14,2,day,Town10HD_Opt,2026-03-15 12:18:28.094582,104.38195037841795,-36.57513427734375,0.0021147918887436,44.1,-4.778,0.393,0.0,0,0,1,,0.913,2026-03-15T12:18:28.094582,neutral,0.712,2026-03-15T12:18:27.233612,0.4467449259649723,2026-03-15T12:18:28.038000,62,,,
participant_14,2,day,Town10HD_Opt,2026-03-15 12:18:29.235749,100.23504638671876,-45.69675064086914,0.0021025848109275,41.716,-4.886,0.393,0.0,0,0,1,,0.916,2026-03-15T12:18:29.235749,sad,0.374,2026-03-15T12:18:29.235749,0.4456528065637633,2026-03-15T12:18:30.018000,66,,,
participant_14,2,day,Town10HD_Opt,2026-03-15 12:18:30.140178,95.9911880493164,-51.49479675292969,0.0020268631633371,40.374,-4.867,0.393,0.0,0,0,1,,0.87,2026-03-15T12:18:30.140178,sad,0.374,2026-03-15T12:18:29.235749,0.3938859438007908,2026-03-15T12:18:30.018000,64,,,
participant_14,2,day,Town10HD_Opt,2026-03-15 12:18:31.240417,89.22293853759766,-57.73237991333008,0.0020841215737164,38.684,-4.846,0.393,0.0,0,0,1,,1.0,2026-03-15T12:18:31.240417,angry,0.4,2026-03-15T12:18:31.240417,0.4181074930742557,2026-03-15T12:18:32.042000,64,,,
participant_14,2,day,Town10HD_Opt,2026-03-15 12:18:32.152678,83.54705047607422,-61.25954055786133,0.0020787047687917,37.686,-4.846,0.393,0.0,0,0,1,,0.893,2026-03-15T12:18:32.152678,angry,0.4,2026-03-15T12:18:31.240417,0.4653113934125407,2026-03-15T12:18:32.042000,65,,,
participant_14,2,day,Town10HD_Opt,2026-03-15 12:18:33.004787,77.53829193115234,-63.79240417480469,0.0020739745814353,36.837,-4.846,0.393,0.0,0,0,1,,0.899,2026-03-15T12:18:33.004787,angry,0.4,2026-03-15T12:18:31.240417,0.4555986512900352,2026-03-15T12:18:33.034000,63,,,
participant_14,2,day,Town10HD_Opt,2026-03-15 12:18:34.171154,69.26699829101562,-65.65974426269531,0.0020669936202466,35.922,-2.708,0.393,0.0,0,0,1,,0.803,2026-03-15T12:18:34.171154,neutral,0.746,2026-03-15T12:18:34.171154,0.3806262304744242,2026-03-15T12:18:35.013000,62,,,
participant_14,2,day,Town10HD_Opt,2026-03-15 12:18:35.047224,63.054466247558594,-66.30744171142578,0.0020603560842573,35.403,-1.22,0.393,0.0,0,0,1,,1.0,2026-03-15T12:18:35.047224,neutral,0.746,2026-03-15T12:18:34.171154,0.4503543278205076,2026-03-15T12:18:35.013000,63,,,
participant_14,2,day,Town10HD_Opt,2026-03-15 12:18:36.265338,54.86909103393555,-66.76073455810547,0.00205680844374,34.818,-1.144,0.393,0.0,0,0,1,,1.0,2026-03-15T12:18:36.265338,neutral,0.7,2026-03-15T12:18:36.265338,0.3741195609839646,2026-03-15T12:18:37.037000,60,,,
participant_14,2,day,Town10HD_Opt,2026-03-15 12:18:37.169148,48.66860580444336,-66.8571548461914,0.0019216537475585,37.166,-0.58,0.609,0.0,0,0,1,,1.0,2026-03-15T12:18:37.169148,neutral,0.7,2026-03-15T12:18:36.265338,0.4880968903428315,2026-03-15T12:18:38.028000,60,,,
participant_14,2,day,Town10HD_Opt,2026-03-15 12:18:38.012293,41.80457305908203,-66.84248352050781,0.0019782257732003,40.251,0.132,0.276,0.0,0,0,1,,1.0,2026-03-15T12:18:38.012293,neutral,0.7,2026-03-15T12:18:36.265338,0.4886490216425497,2026-03-15T12:18:38.028000,60,,,
participant_14,2,day,Town10HD_Opt,2026-03-15 12:18:39.205727,32.29000473022461,-66.82219696044922,0.0016763686435297,47.246,0.059,1.0,0.0,0,0,1,,0.809,2026-03-15T12:18:39.205727,neutral,0.852,2026-03-15T12:18:39.205727,0.3906515830274611,2026-03-15T12:18:40.053000,61,,,
participant_14,2,day,Town10HD_Opt,2026-03-15 12:18:40.063091,23.41839599609375,-66.83363342285156,0.0021997832227498,48.517,0.181,1.0,0.0,0,0,1,,0.803,2026-03-15T12:18:40.063091,neutral,0.852,2026-03-15T12:18:39.205727,0.4404594719634684,2026-03-15T12:18:40.053000,61,,,
participant_14,2,day,Town10HD_Opt,2026-03-15 12:18:41.183184,11.780404090881348,-66.93187713623047,0.0021857833489775,48.732,0.11,1.0,0.0,0,0,1,,1.0,2026-03-15T12:18:41.183184,neutral,0.852,2026-03-15T12:18:39.205727,0.3804319498907059,2026-03-15T12:18:42.033000,62,,,
participant_14,2,day,Town10HD_Opt,2026-03-15 12:18:42.041648,2.952711343765259,-67.05900573730469,0.0022261429112404,48.303,0.11,1.0,0.0,0,0,1,,1.0,2026-03-15T12:18:42.041648,neutral,0.594,2026-03-15T12:18:42.041648,0.4190680085991397,2026-03-15T12:18:42.033000,62,,,
participant_14,2,day,Town10HD_Opt,2026-03-15 12:18:43.212051,-8.712590217590332,-67.28997039794922,0.0020925139542669,49.762,0.078,1.0,0.0,0,0,1,,1.0,2026-03-15T12:18:43.212051,neutral,0.594,2026-03-15T12:18:42.041648,0.4469671816073245,2026-03-15T12:18:44.013000,60,,,
participant_14,2,day,Town10HD_Opt,2026-03-15 12:18:44.031659,-17.542585372924805,-67.50273132324219,0.0021869277115911,48.844,0.059,1.0,0.0,0,0,1,,0.816,2026-03-15T12:18:44.031659,neutral,0.594,2026-03-15T12:18:42.041648,0.4410844650789414,2026-03-15T12:18:44.013000,59,Solid line crossing,Solid line crossing,
participant_14,2,day,Town10HD_Opt,2026-03-15 12:18:45.134560,-29.24308586120605,-67.81835174560547,0.0019846344366669,50.997,0.026,0.0,0.0,0,0,1,,1.0,2026-03-15T12:18:45.134560,neutral,0.595,2026-03-15T12:18:45.134560,0.4493464516458429,2026-03-15T12:18:45.048000,59,,,
participant_14,2,day,Town10HD_Opt,2026-03-15 12:18:46.214328,-41.04366302490234,-68.15982055664062,0.0018420028500258,52.399,0.005,0.0,0.243,0,0,1,,1.0,2026-03-15T12:18:46.214328,neutral,0.595,2026-03-15T12:18:45.134560,0.4501394371140512,2026-03-15T12:18:47.029000,59,Solid line crossing,Solid line crossing,
participant_14,2,day,Town10HD_Opt,2026-03-15 12:18:47.047526,-49.73102951049805,-68.41216278076172,0.0019401931203901,51.052,-0.317,1.0,0.0,0,0,1,,0.869,2026-03-15T12:18:47.047526,neutral,0.595,2026-03-15T12:18:45.134560,0.4574705987487469,2026-03-15T12:18:47.029000,58,,,
participant_14,2,day,Town10HD_Opt,2026-03-15 12:18:48.150119,-61.55439376831055,-68.3660888671875,0.0019009780371561,51.958,-4.091,0.0,0.196,0,0,1,,0.812,2026-03-15T12:18:48.150119,neutral,0.714,2026-03-15T12:18:48.150119,0.4319823333270084,2026-03-15T12:18:48.018000,59,,,
participant_14,2,day,Town10HD_Opt,2026-03-15 12:18:49.258743,-72.85021209716797,-66.62034606933594,0.0021640013437718,45.964,-0.345,0.257,0.0,0,0,1,,0.803,2026-03-15T12:18:49.258743,neutral,0.714,2026-03-15T12:18:48.150119,0.4777393328230289,2026-03-15T12:18:50.042000,60,,,
participant_14,2,day,Town10HD_Opt,2026-03-15 12:18:50.166695,-80.39954376220703,-64.78099822998047,0.0020334625151008,44.576,-4.938,0.627,0.0,0,0,1,,1.0,2026-03-15T12:18:50.166695,neutral,0.681,2026-03-15T12:18:50.166695,0.4865110689152105,2026-03-15T12:18:50.042000,59,,,
participant_14,2,day,Town10HD_Opt,2026-03-15 12:18:50.989725,-87.95427703857422,-61.65023422241211,0.0018571090186014,49.969,-4.575,0.704,0.0,0,0,1,,0.851,2026-03-15T12:18:50.989725,neutral,0.681,2026-03-15T12:18:50.166695,0.4898384775120948,2026-03-15T12:18:51.033000,60,,,
participant_14,2,day,Town10HD_Opt,2026-03-15 12:18:52.196687,-97.39875030517578,-54.93896865844727,0.001951637212187,50.819,-5.746,0.0,0.0,0,0,1,,1.0,2026-03-15T12:18:52.196687,neutral,0.803,2026-03-15T12:18:52.196687,0.6261649545362353,2026-03-15T12:18:53.012000,60,,,
participant_14,2,day,Town10HD_Opt,2026-03-15 12:18:53.162360,-102.95204162597656,-48.22589874267578,0.0019628142472356,50.885,-5.049,0.0,0.0,0,0,1,,0.876,2026-03-15T12:18:53.162360,neutral,0.803,2026-03-15T12:18:52.196687,0.5216172815105629,2026-03-15T12:18:53.012000,61,,,
participant_14,2,day,Town10HD_Opt,2026-03-15 12:18:54.041240,-106.94585418701172,-40.576419830322266,0.0019855499267578,50.151,-5.269,0.677,0.0,0,0,1,,1.0,2026-03-15T12:18:54.041240,neutral,0.803,2026-03-15T12:18:52.196687,0.473723805798403,2026-03-15T12:18:54.138000,63,,,
participant_14,2,day,Town10HD_Opt,2026-03-15 12:18:55.210945,-109.65460968017578,-29.484952926635746,0.0022174834739416,45.504,-1.925,0.0,0.0,0,0,1,,1.0,2026-03-15T12:18:55.210945,neutral,0.74,2026-03-15T12:18:55.210945,0.5014025109804537,2026-03-15T12:18:56.028000,63,,,
participant_14,2,day,Town10HD_Opt,2026-03-15 12:18:56.105959,-110.32160186767578,-22.43521881103516,0.0024144363123923,34.165,-0.759,0.0,0.328,0,0,1,,0.863,2026-03-15T12:18:56.105959,neutral,0.74,2026-03-15T12:18:55.210945,0.5547596713384855,2026-03-15T12:18:56.028000,64,,,
participant_14,2,day,Town10HD_Opt,2026-03-15 12:18:57.238017,-110.71320343017578,-15.878926277160645,0.0023272703401744,21.792,-2.139,0.0,0.255,0,0,1,,1.0,2026-03-15T12:18:57.238017,neutral,0.524,2026-03-15T12:18:57.238017,0.5440776805609683,2026-03-15T12:18:58.053000,67,,,
participant_14,2,day,Town10HD_Opt,2026-03-15 12:18:58.172859,-110.74884796142578,-12.594182014465332,0.0020048904698342,15.989,-1.739,0.0,0.0,0,0,1,,1.0,2026-03-15T12:18:58.172859,neutral,0.524,2026-03-15T12:18:57.238017,0.541887526851056,2026-03-15T12:18:58.053000,66,,,
participant_14,2,day,Town10HD_Opt,2026-03-15 12:18:59.102384,-110.71534729003906,-10.115471839904783,0.0020374679006636,12.171,-0.731,0.0,0.0,0,0,1,,1.0,2026-03-15T12:18:59.102384,neutral,0.524,2026-03-15T12:18:57.238017,0.4864887650250398,2026-03-15T12:18:59.042000,63,,,
participant_14,2,day,Town10HD_Opt,2026-03-15 12:19:00.035884,-110.68765258789062,-8.219482421875,0.0020084762945771,9.346,0.275,0.0,0.0,0,0,1,,1.0,2026-03-15T12:19:00.035884,neutral,0.391,2026-03-15T12:19:00.035884,0.4931711904445504,2026-03-15T12:19:00.033000,65,,,
participant_14,2,day,Town10HD_Opt,2026-03-15 12:19:01.259068,-110.66950988769533,-6.428001403808594,0.0020186996553093,5.532,0.228,0.0,0.122,0,0,1,,1.0,2026-03-15T12:19:01.259068,neutral,0.391,2026-03-15T12:19:00.035884,0.5011243426741883,2026-03-15T12:19:02.013000,65,,,
participant_14,2,day,Town10HD_Opt,2026-03-15 12:19:02.229780,-110.66362762451172,-5.742159366607666,0.0021864699665457,0.0,0.204,0.0,0.115,0,0,1,,1.0,2026-03-15T12:19:02.229780,neutral,0.618,2026-03-15T12:19:02.229780,0.5066997471827905,2026-03-15T12:19:03.048000,66,,,
participant_14,2,day,Town10HD_Opt,2026-03-15 12:19:03.095147,-110.6636199951172,-5.7412543296813965,0.001934242201969,0.019,0.204,0.0,0.0,0,0,1,,1.0,2026-03-15T12:19:03.095147,neutral,0.618,2026-03-15T12:19:02.229780,0.4924406049733355,2026-03-15T12:19:03.048000,66,,,
participant_14,2,day,Town10HD_Opt,2026-03-15 12:19:04.258578,-110.6636199951172,-5.7401323318481445,0.0019191360333934,0.002,0.195,0.0,0.0,0,0,1,,0.808,2026-03-15T12:19:04.258578,neutral,0.575,2026-03-15T12:19:04.258578,0.5668814992786905,2026-03-15T12:19:05.026000,72,,,
participant_14,2,day,Town10HD_Opt,2026-03-15 12:19:05.164805,-110.6636199951172,-5.739928245544434,0.0019192122854292,0.001,0.193,0.0,0.0,0,0,1,,1.0,2026-03-15T12:19:05.164805,neutral,0.575,2026-03-15T12:19:04.258578,0.5468610525345475,2026-03-15T12:19:06.017000,72,,,
participant_14,2,day,Town10HD_Opt,2026-03-15 12:19:06.258238,-110.6636199951172,-5.739851474761963,0.0019191741012036,0.001,0.226,0.0,0.0,0,0,1,,1.0,2026-03-15T12:19:06.258238,neutral,0.575,2026-03-15T12:19:04.258578,0.5740882342587411,2026-03-15T12:19:07.053000,73,,,
participant_14,2,day,Town10HD_Opt,2026-03-15 12:19:07.136909,-110.6636199951172,-5.739749431610107,0.0019188689766451,0.006,0.244,0.0,0.0,0,0,1,,1.0,2026-03-15T12:19:07.136909,neutral,0.443,2026-03-15T12:19:07.136909,0.5935196497835782,2026-03-15T12:19:07.053000,75,,,
participant_14,2,day,Town10HD_Opt,2026-03-15 12:19:08.092042,-110.6636199951172,-5.739800453186035,0.0019187163561582,0.006,0.244,0.0,0.0,0,0,1,,1.0,2026-03-15T12:19:08.092042,neutral,0.443,2026-03-15T12:19:07.136909,0.5494899096119896,2026-03-15T12:19:08.149000,75,,,
participant_14,2,day,Town10HD_Opt,2026-03-15 12:19:09.205843,-110.6636199951172,-5.7396979331970215,0.0019187163561582,0.006,0.244,0.0,0.0,0,0,1,,1.0,2026-03-15T12:19:09.205843,neutral,0.389,2026-03-15T12:19:09.205843,0.5015757011330922,2026-03-15T12:19:10.023000,75,,,
participant_14,2,day,Town10HD_Opt,2026-03-15 12:19:10.076095,-110.6636199951172,-5.739711284637451,0.0019189834129065,0.007,0.263,0.0,0.0,0,0,1,,1.0,2026-03-15T12:19:10.076095,neutral,0.389,2026-03-15T12:19:09.205843,0.5648713568634424,2026-03-15T12:19:10.023000,76,,,
participant_14,2,day,Town10HD_Opt,2026-03-15 12:19:11.175655,-110.6636199951172,-5.739627361297607,0.0019189452286809,0.002,0.266,0.0,0.0,0,0,1,,1.0,2026-03-15T12:19:11.175655,neutral,0.389,2026-03-15T12:19:09.205843,0.472328240803975,2026-03-15T12:19:11.059000,75,,,
participant_14,2,day,Town10HD_Opt,2026-03-15 12:19:12.070787,-110.6636199951172,-5.73945951461792,0.0019190596649423,0.002,0.282,0.0,0.0,0,0,1,,1.0,2026-03-15T12:19:12.070787,neutral,0.388,2026-03-15T12:19:12.070787,0.4977423295298336,2026-03-15T12:19:12.048000,75,,,
participant_14,2,day,Town10HD_Opt,2026-03-15 12:19:13.203077,-110.6636199951172,-5.7393798828125,0.0019192122854292,0.002,0.322,0.0,0.0,0,0,1,,1.0,2026-03-15T12:19:13.203077,neutral,0.388,2026-03-15T12:19:12.070787,0.5058704132059073,2026-03-15T12:19:14.028000,74,,,
participant_14,2,day,Town10HD_Opt,2026-03-15 12:19:14.069726,-110.6636199951172,-5.739168167114258,0.001919021597132,0.001,0.322,0.0,0.0,0,0,1,,1.0,2026-03-15T12:19:14.069726,neutral,0.388,2026-03-15T12:19:12.070787,0.5224323582630839,2026-03-15T12:19:14.028000,73,,,
participant_14,2,day,Town10HD_Opt,2026-03-15 12:19:15.234631,-110.6636199951172,-5.739084720611572,0.0019192122854292,0.001,0.322,0.0,0.0,0,0,1,,1.0,2026-03-15T12:19:15.234631,sad,0.361,2026-03-15T12:19:15.234631,0.5602964656859802,2026-03-15T12:19:16.052000,69,,,
participant_14,2,day,Town10HD_Opt,2026-03-15 12:19:16.067864,-110.6636199951172,-5.739085674285889,0.0019189071608707,0.006,0.322,0.0,0.0,0,0,1,,0.836,2026-03-15T12:19:16.067864,sad,0.361,2026-03-15T12:19:15.234631,0.4777036959703048,2026-03-15T12:19:16.052000,71,,,
participant_14,2,day,Town10HD_Opt,2026-03-15 12:19:17.167186,-110.6636199951172,-5.738984107971191,0.0019189071608707,0.006,0.322,0.0,0.0,0,0,1,,1.0,2026-03-15T12:19:17.167186,sad,0.361,2026-03-15T12:19:15.234631,0.4589171532858045,2026-03-15T12:19:17.043000,67,,,
participant_14,2,day,Town10HD_Opt,2026-03-15 12:19:18.019026,-110.66355895996094,-5.69356107711792,0.0017871856689453,2.603,1.055,0.8,0.0,0,0,1,,1.0,2026-03-15T12:19:18.019026,neutral,0.696,2026-03-15T12:19:18.019026,0.5773696426313624,2026-03-15T12:19:18.033000,66,,,
participant_14,2,day,Town10HD_Opt,2026-03-15 12:19:19.168778,-110.66278839111328,-4.672367095947266,0.0019453429849818,4.053,0.578,0.0,0.0,0,0,1,,1.0,2026-03-15T12:19:19.168778,neutral,0.696,2026-03-15T12:19:18.019026,0.562296047565072,2026-03-15T12:19:19.023000,66,,,
participant_14,2,day,Town10HD_Opt,2026-03-15 12:19:20.264144,-110.65859985351562,-3.8681156635284415,0.0019570540171116,2.708,-0.329,0.603,0.0,0,0,1,,1.0,2026-03-15T12:19:20.264144,neutral,0.665,2026-03-15T12:19:20.264144,0.6491294932419873,2026-03-15T12:19:21.048000,65,,,
participant_14,2,day,Town10HD_Opt,2026-03-15 12:19:21.107402,-110.65096282958984,-2.453119993209839,0.001421699533239,15.682,0.04,1.0,0.0,0,0,1,,1.0,2026-03-15T12:19:21.107402,neutral,0.665,2026-03-15T12:19:20.264144,0.4674540643531414,2026-03-15T12:19:21.048000,66,,,
participant_14,2,day,Town10HD_Opt,2026-03-15 12:19:22.269994,-110.6003875732422,3.392207145690918,0.001559677068144,35.189,-3.186,0.421,0.0,0,0,1,,0.868,2026-03-15T12:19:22.269994,neutral,0.375,2026-03-15T12:19:22.269994,0.5410193015916029,2026-03-15T12:19:23.028000,67,,,
participant_14,2,day,Town10HD_Opt,2026-03-15 12:19:23.176526,-109.99949645996094,9.53956127166748,0.0021050262730568,33.61,-5.931,0.226,0.0,0,0,1,,0.825,2026-03-15T12:19:23.176526,neutral,0.375,2026-03-15T12:19:22.269994,0.4764588649359606,2026-03-15T12:19:23.028000,66,,,
participant_14,2,day,Town10HD_Opt,2026-03-15 12:19:24.046623,-108.46959686279295,14.884909629821776,0.0021646118257194,29.739,-10.67,0.226,0.0,0,0,1,,1.0,2026-03-15T12:19:24.046623,neutral,0.375,2026-03-15T12:19:22.269994,0.6017186344820018,2026-03-15T12:19:24.063000,65,,,
participant_14,2,day,Town10HD_Opt,2026-03-15 12:19:25.282209,-104.9159164428711,20.1683406829834,0.0022270202171057,24.075,-11.496,0.0,0.0,0,0,1,,1.0,2026-03-15T12:19:25.282209,neutral,0.314,2026-03-15T12:19:25.282209,0.4585179261245238,2026-03-15T12:19:26.043000,64,,,
participant_14,2,day,Town10HD_Opt,2026-03-15 12:19:26.224899,-102.02840423583984,22.49837112426757,0.0022471619304269,17.955,-10.555,0.0,0.0,0,0,1,,1.0,2026-03-15T12:19:26.224899,neutral,0.314,2026-03-15T12:19:25.282209,0.4906887298955564,2026-03-15T12:19:27.033000,64,,,
participant_14,2,day,Town10HD_Opt,2026-03-15 12:19:27.152481,-99.531982421875,23.80139923095703,0.0020672988612204,13.637,-10.732,0.0,0.126,0,0,1,,1.0,2026-03-15T12:19:27.152481,neutral,0.314,2026-03-15T12:19:25.282209,0.5407428436238352,2026-03-15T12:19:27.033000,63,,,
participant_14,2,day,Town10HD_Opt,2026-03-15 12:19:28.100650,-97.60588836669922,24.48182487487793,0.0020537949167191,9.254,-10.547,0.0,0.174,0,0,1,,1.0,2026-03-15T12:19:28.100650,neutral,0.591,2026-03-15T12:19:28.100650,0.5264585526940934,2026-03-15T12:19:28.023000,63,,,
participant_14,2,day,Town10HD_Opt,2026-03-15 12:19:29.053190,-96.28306579589844,24.80765151977539,0.0020349882543087,5.879,-10.519,0.0,0.147,0,0,1,,1.0,2026-03-15T12:19:29.053190,neutral,0.591,2026-03-15T12:19:28.100650,0.5164067478986043,2026-03-15T12:19:29.058000,64,,,
participant_14,2,day,Town10HD_Opt,2026-03-15 12:19:30.026994,-95.6961898803711,24.91756248474121,0.0016339110443368,8.008,-10.504,1.0,0.0,0,0,1,,1.0,2026-03-15T12:19:30.026994,neutral,0.591,2026-03-15T12:19:28.100650,0.5339768716254587,2026-03-15T12:19:30.048000,65,,,
participant_14,2,day,Town10HD_Opt,2026-03-15 12:19:30.990115,-93.07193756103516,25.213069915771484,0.0017454909393563,22.044,-5.122,0.798,0.0,0,0,1,,1.0,2026-03-15T12:19:30.990115,neutral,0.609,2026-03-15T12:19:30.990115,0.5620369970589649,2026-03-15T12:19:31.039000,63,,,
participant_14,2,day,Town10HD_Opt,2026-03-15 12:19:32.230657,-87.2689437866211,25.692007064819336,0.0020012282766401,26.166,1.076,0.385,0.0,0,0,1,,1.0,2026-03-15T12:19:32.230657,neutral,0.609,2026-03-15T12:19:30.990115,0.5470182476962678,2026-03-15T12:19:33.063000,61,,,
participant_14,2,day,Town10HD_Opt,2026-03-15 12:19:33.185417,-82.67431640625,26.19532966613769,0.0020241546444594,26.724,0.221,0.174,0.0,0,0,1,,1.0,2026-03-15T12:19:33.185417,neutral,0.403,2026-03-15T12:19:33.185417,0.5137360881779521,2026-03-15T12:19:33.063000,60,,,
participant_14,2,day,Town10HD_Opt,2026-03-15 12:19:34.097901,-78.34486389160156,26.67922592163086,0.0022275543306022,22.095,-0.632,0.0,0.0,0,0,1,,1.0,2026-03-15T12:19:34.097901,neutral,0.403,2026-03-15T12:19:33.185417,0.5046332304239759,2026-03-15T12:19:34.054000,58,,,
participant_14,2,day,Town10HD_Opt,2026-03-15 12:19:35.281531,-74.07310485839844,27.08466339111328,0.0020274734124541,15.177,-1.474,0.0,0.071,0,0,1,,1.0,2026-03-15T12:19:35.281531,fear,0.376,2026-03-15T12:19:35.281531,0.564921968208371,2026-03-15T12:19:36.034000,60,,,
participant_14,2,day,Town10HD_Opt,2026-03-15 12:19:36.258166,-71.76909637451172,27.24433135986328,0.0020502470433712,10.989,-1.42,0.0,0.09,0,0,1,,1.0,2026-03-15T12:19:36.258166,fear,0.376,2026-03-15T12:19:35.281531,0.582906234761935,2026-03-15T12:19:37.024000,61,,,
participant_14,2,day,Town10HD_Opt,2026-03-15 12:19:37.230441,-70.12218475341797,27.332387924194336,0.002025184687227,7.656,-1.412,0.0,0.075,0,0,1,,1.0,2026-03-15T12:19:37.230441,fear,0.376,2026-03-15T12:19:35.281531,0.6060722784062768,2026-03-15T12:19:38.058000,63,,,
participant_14,2,day,Town10HD_Opt,2026-03-15 12:19:38.164966,-68.98890686035156,27.380380630493164,0.0019760893192142,5.396,-1.297,0.333,0.0,0,0,1,,0.81,2026-03-15T12:19:38.164966,neutral,0.522,2026-03-15T12:19:38.164966,0.5698293086249681,2026-03-15T12:19:38.058000,63,,,
participant_14,2,day,Town10HD_Opt,2026-03-15 12:19:39.071803,-67.25263214111328,27.439350128173828,0.0014409637078642,18.073,-1.168,1.0,0.0,0,0,1,,1.0,2026-03-15T12:19:39.071803,neutral,0.522,2026-03-15T12:19:38.164966,0.530279811249779,2026-03-15T12:19:39.093000,63,,,
participant_14,2,day,Town10HD_Opt,2026-03-15 12:19:40.235979,-61.00042724609375,27.53271675109864,0.001509323134087,38.145,-0.571,1.0,0.0,0,0,1,,0.815,2026-03-15T12:19:40.235979,neutral,0.953,2026-03-15T12:19:40.235979,0.6559222961368402,2026-03-15T12:19:41.028000,60,,,
participant_14,2,day,Town10HD_Opt,2026-03-15 12:19:41.189766,-53.15229415893555,27.482839584350582,0.0015561294276267,52.641,-0.533,0.0,0.204,0,0,1,,1.0,2026-03-15T12:19:41.189766,neutral,0.953,2026-03-15T12:19:40.235979,0.6103241545212639,2026-03-15T12:19:41.028000,61,,,
participant_14,2,day,Town10HD_Opt,2026-03-15 12:19:42.105305,-44.318973541259766,27.31416702270508,0.0020418167114257,50.282,0.352,1.0,0.0,0,0,1,,1.0,2026-03-15T12:19:42.105305,neutral,0.953,2026-03-15T12:19:40.235979,0.6430046438138107,2026-03-15T12:19:42.065000,60,,,
participant_14,2,day,Town10HD_Opt,2026-03-15 12:19:43.033302,-35.41435623168945,27.22316551208496,0.0022428131196647,48.295,0.343,0.997,0.0,0,0,1,,1.0,2026-03-15T12:19:43.033302,sad,0.406,2026-03-15T12:19:43.033302,0.6427032708430318,2026-03-15T12:19:43.144000,59,,,
participant_14,2,day,Town10HD_Opt,2026-03-15 12:19:44.243669,-23.823455810546875,27.295534133911133,0.0021189879626035,48.252,0.115,0.502,0.0,0,0,1,,1.0,2026-03-15T12:19:44.243669,sad,0.406,2026-03-15T12:19:43.033302,0.5700926894540569,2026-03-15T12:19:45.033000,57,,,
participant_14,2,day,Town10HD_Opt,2026-03-15 12:19:45.177305,-15.802239418029783,27.418519973754883,0.0023422623053193,40.77,0.035,0.0,0.0,0,0,1,,0.845,2026-03-15T12:19:45.177305,neutral,0.467,2026-03-15T12:19:45.177305,0.6068815275204333,2026-03-15T12:19:46.023000,61,,,
participant_14,2,day,Town10HD_Opt,2026-03-15 12:19:46.238089,-9.326682090759276,27.5324649810791,0.0020549010951071,34.599,0.005,0.372,0.0,0,0,1,,1.0,2026-03-15T12:19:46.238089,neutral,0.467,2026-03-15T12:19:45.177305,0.6004733259743333,2026-03-15T12:19:47.059000,60,,,
participant_14,2,day,Town10HD_Opt,2026-03-15 12:19:47.183819,-3.330070734024048,27.64719581604004,0.0020221327431499,34.796,-0.007,0.524,0.0,0,0,1,,1.0,2026-03-15T12:19:47.183819,neutral,0.42,2026-03-15T12:19:47.183819,0.5922771991726378,2026-03-15T12:19:48.049000,59,,,
participant_14,2,day,Town10HD_Opt,2026-03-15 12:19:48.165444,2.980020999908448,27.76313591003418,0.0019140243530273,38.229,-0.101,0.594,0.0,0,0,1,,0.812,2026-03-15T12:19:48.165444,neutral,0.42,2026-03-15T12:19:47.183819,0.4845806667462694,2026-03-15T12:19:48.049000,61,,,
participant_14,2,day,Town10HD_Opt,2026-03-15 12:19:49.159081,9.982213973999023,27.86808586120605,0.0019306945614516,41.839,-0.275,0.499,0.0,0,0,1,,1.0,2026-03-15T12:19:49.159081,neutral,0.42,2026-03-15T12:19:47.183819,0.4711692819787186,2026-03-15T12:19:49.041000,60,,,
participant_14,2,day,Town10HD_Opt,2026-03-15 12:19:50.125065,17.257160186767578,27.92020034790039,0.0021244811359792,39.922,-0.068,0.16,0.0,0,0,1,,0.878,2026-03-15T12:19:50.125065,neutral,0.757,2026-03-15T12:19:50.125065,0.477187511155755,2026-03-15T12:19:50.028000,58,,,
participant_14,2,day,Town10HD_Opt,2026-03-15 12:19:51.104994,23.74542236328125,27.9624252319336,0.0023096085060387,32.525,2.007,0.0,0.0,0,0,1,,0.853,2026-03-15T12:19:51.104994,neutral,0.757,2026-03-15T12:19:50.125065,0.4563340672554878,2026-03-15T12:19:51.063000,59,,,
participant_14,2,day,Town10HD_Opt,2026-03-15 12:19:52.094268,28.776290893554688,28.41855430603028,0.0022930144332349,24.807,8.291,0.0,0.047,0,0,1,,0.84,2026-03-15T12:19:52.094268,neutral,0.757,2026-03-15T12:19:50.125065,0.3779777557858216,2026-03-15T12:19:52.060000,60,,,
participant_14,2,day,Town10HD_Opt,2026-03-15 12:19:53.065480,32.40117645263672,29.417953491210938,0.0022703933063894,17.879,8.348,0.0,0.107,0,0,1,,1.0,2026-03-15T12:19:53.065480,neutral,0.724,2026-03-15T12:19:53.065480,0.3968555884134808,2026-03-15T12:19:53.111000,60,,,
participant_14,2,day,Town10HD_Opt,2026-03-15 12:19:54.245720,35.5258674621582,30.94125747680664,0.0020666122436523,11.736,10.497,0.0,0.122,0,0,1,,0.822,2026-03-15T12:19:54.245720,neutral,0.724,2026-03-15T12:19:53.065480,0.347132031943293,2026-03-15T12:19:55.023000,63,,,
participant_14,2,day,Town10HD_Opt,2026-03-15 12:19:55.230504,36.95190048217773,31.941320419311523,0.002043685875833,7.754,13.156,0.0,0.13,0,0,1,,1.0,2026-03-15T12:19:55.230504,neutral,0.827,2026-03-15T12:19:55.230504,0.3499596649272639,2026-03-15T12:19:56.068000,63,,,
participant_14,2,day,Town10HD_Opt,2026-03-15 12:19:56.208756,37.82658004760742,32.750789642333984,0.0019720839336514,5.389,16.124,0.0,0.617,0,0,1,,1.0,2026-03-15T12:19:56.208756,neutral,0.827,2026-03-15T12:19:55.230504,0.3956897322990598,2026-03-15T12:19:57.049000,64,,,
participant_14,2,day,Town10HD_Opt,2026-03-15 12:19:57.151881,37.89373016357422,32.8194580078125,0.0019657134544104,0.0,15.142,0.0,0.67,0,0,1,,1.0,2026-03-15T12:19:57.151881,neutral,0.827,2026-03-15T12:19:55.230504,0.3711555889121822,2026-03-15T12:19:57.049000,63,,,
participant_14,2,day,Town10HD_Opt,2026-03-15 12:19:58.041467,37.89376068115234,32.81950759887695,0.0019213866908103,0.0,14.714,0.0,0.0,0,0,1,,1.0,2026-03-15T12:19:58.041467,neutral,0.827,2026-03-15T12:19:58.041467,0.3438934463179878,2026-03-15T12:19:58.041000,62,,,
participant_14,3,day,Town10HD_Opt,2026-03-15 12:30:00.000000,-41.66535186767578,86.27053833007812,0.0019412230467423,19.387,0.233,0.642,0.0,0,0,1,,1.0,2026-03-15T12:30:00,,,2026-03-15T12:30:00,0.5979562256674378,2026-03-15T12:30:00,64,,,
participant_14,3,day,Town10HD_Opt,2026-03-15 12:30:00.384318,-41.65797805786133,85.08771514892578,0.0018870544154196,21.281,1.826,0.63,0.0,0,0,1,,1.0,2026-03-15T12:30:00,,,2026-03-15T12:30:00,0.6792287903465124,2026-03-15T12:30:00,66,,,
participant_14,3,day,Town10HD_Opt,2026-03-15 12:30:01.324275,-41.36641693115234,80.80606079101562,0.0018410872435197,27.993,5.184,0.611,0.0,0,0,1,,1.0,2026-03-15T12:30:01.324275,,,2026-03-15T12:30:00,0.5470364021927487,2026-03-15T12:30:01.035000,65,,,
participant_14,3,day,Town10HD_Opt,2026-03-15 12:30:02.301318,-40.24771499633789,75.60498046875,0.0018962096655741,33.099,17.598,0.561,0.0,0,0,1,,1.0,2026-03-15T12:30:02.301318,neutral,0.927,2026-03-15T12:30:02.301318,0.5267781726059808,2026-03-15T12:30:02.114000,65,,,
participant_14,3,day,Town10HD_Opt,2026-03-15 12:30:03.315474,-36.69182968139648,70.90681457519531,0.0020344161894172,35.209,23.724,0.153,0.0,0,0,1,,1.0,2026-03-15T12:30:03.315474,neutral,0.927,2026-03-15T12:30:02.301318,0.6348189921028222,2026-03-15T12:30:03.018000,65,,,
participant_14,3,day,Town10HD_Opt,2026-03-15 12:30:04.284686,-31.47342872619629,69.204833984375,0.0023441696539521,27.652,14.643,0.0,0.0,0,0,1,,1.0,2026-03-15T12:30:04.284686,neutral,0.927,2026-03-15T12:30:02.301318,0.5705397996726477,2026-03-15T12:30:04.045000,65,,,
participant_14,3,day,Town10HD_Opt,2026-03-15 12:30:05.275974,-27.20983123779297,69.48440551757812,0.002263565082103,20.91,-2.998,0.016,0.0,0,0,1,,1.0,2026-03-15T12:30:05.275974,neutral,1.0,2026-03-15T12:30:05.275974,0.6730053606667012,2026-03-15T12:30:04.994000,64,,,
participant_14,3,day,Town10HD_Opt,2026-03-15 12:30:06.311880,-23.904823303222656,69.66526794433594,0.0020949554163962,18.227,-1.201,0.535,0.0,0,0,1,,1.0,2026-03-15T12:30:06.311880,neutral,1.0,2026-03-15T12:30:05.275974,0.6442592897883352,2026-03-15T12:30:05.985000,66,,,
participant_14,3,day,Town10HD_Opt,2026-03-15 12:30:07.328789,-20.395248413085938,69.803466796875,0.0018781280377879,22.938,-0.672,0.563,0.0,0,0,1,,1.0,2026-03-15T12:30:07.328789,sad,1.0,2026-03-15T12:30:07.328789,0.6122212155899476,2026-03-15T12:30:07.110000,63,,,
participant_14,3,day,Town10HD_Opt,2026-03-15 12:30:08.317031,-15.99593734741211,69.91316223144531,0.001895370427519,27.626,-1.166,0.525,0.0,0,0,1,,1.0,2026-03-15T12:30:08.317031,sad,1.0,2026-03-15T12:30:07.328789,0.5737890685059788,2026-03-15T12:30:07.965000,65,,,
participant_14,3,day,Town10HD_Opt,2026-03-15 12:30:09.337526,-10.876935005187988,69.9230728149414,0.0019303893204778,31.125,-0.679,0.476,0.0,0,0,1,,1.0,2026-03-15T12:30:09.337526,neutral,0.999,2026-03-15T12:30:09.337526,0.5860591119885199,2026-03-15T12:30:09.134000,66,,,
participant_14,3,day,Town10HD_Opt,2026-03-15 12:30:10.069450,-7.2571234703063965,69.8839340209961,0.0020787429530173,30.254,-0.266,0.224,0.0,0,0,1,,1.0,2026-03-15T12:30:10.069450,neutral,0.999,2026-03-15T12:30:09.337526,0.5689163311968598,2026-03-15T12:30:10.124000,65,,,
participant_14,3,day,Town10HD_Opt,2026-03-15 12:30:11.071322,-2.2257204055786133,69.79931640625,0.0021475600078701,26.99,-0.266,0.211,0.0,0,0,1,,0.83,2026-03-15T12:30:11.071322,neutral,0.999,2026-03-15T12:30:09.337526,0.6261385514663924,2026-03-15T12:30:11.024000,65,,,
participant_14,3,day,Town10HD_Opt,2026-03-15 12:30:12.085005,2.245624542236328,69.69524383544922,0.002142600947991,23.871,-0.16,0.0,0.0,0,0,1,,1.0,2026-03-15T12:30:12.085005,neutral,1.0,2026-03-15T12:30:12.085005,0.5806956298527303,2026-03-15T12:30:11.972000,65,,,
participant_14,3,day,Town10HD_Opt,2026-03-15 12:30:13.318047,7.023569107055664,69.57662963867188,0.0019536209292709,16.974,0.237,0.114,0.0,0,0,1,,1.0,2026-03-15T12:30:13.318047,neutral,1.0,2026-03-15T12:30:12.085005,0.5664150684828273,2026-03-15T12:30:13.230000,64,,,
participant_14,3,day,Town10HD_Opt,2026-03-15 12:30:14.242884,10.104168891906738,69.5138931274414,0.0020735550206154,18.866,0.294,0.289,0.0,0,0,1,,1.0,2026-03-15T12:30:14.242884,neutral,0.983,2026-03-15T12:30:14.242884,0.589447835446002,2026-03-15T12:30:13.948000,65,,,
participant_14,3,day,Town10HD_Opt,2026-03-15 12:30:15.303983,13.393377304077148,69.475341796875,0.0020882415119558,18.055,1.142,0.195,0.0,0,0,1,,1.0,2026-03-15T12:30:15.303983,neutral,0.983,2026-03-15T12:30:14.242884,0.6448988606112205,2026-03-15T12:30:15.007000,63,,,
participant_14,3,day,Town10HD_Opt,2026-03-15 12:30:16.292107,16.436073303222656,69.4974365234375,0.0020005034748464,15.276,0.693,0.0,0.0,0,0,1,,1.0,2026-03-15T12:30:16.292107,neutral,1.0,2026-03-15T12:30:16.292107,0.6499716504476549,2026-03-15T12:30:15.930000,64,,,
participant_14,3,day,Town10HD_Opt,2026-03-15 12:30:17.306689,18.85161399841309,69.5351333618164,0.0020231246016919,12.08,0.371,0.194,0.0,0,0,1,,1.0,2026-03-15T12:30:17.306689,neutral,1.0,2026-03-15T12:30:16.292107,0.7705160830282385,2026-03-15T12:30:17.504000,64,,,
participant_14,3,day,Town10HD_Opt,2026-03-15 12:30:18.274109,20.88062286376953,69.57501983642578,0.0019981383811682,10.333,0.371,0.0,0.0,0,0,1,,1.0,2026-03-15T12:30:18.274109,neutral,1.0,2026-03-15T12:30:16.292107,0.7005519757738411,2026-03-15T12:30:18.179000,65,,,
participant_14,3,day,Town10HD_Opt,2026-03-15 12:30:19.260863,22.475297927856445,69.61241149902344,0.002014274476096,7.534,0.371,0.0,0.059,0,0,1,,1.0,2026-03-15T12:30:19.260863,neutral,1.0,2026-03-15T12:30:19.260863,0.7758798770469505,2026-03-15T12:30:18.946000,64,,,
participant_14,3,day,Town10HD_Opt,2026-03-15 12:30:20.215405,23.56921768188477,69.64112091064453,0.002073211595416,0.0,0.371,0.0,0.053,0,0,1,,1.0,2026-03-15T12:30:20.215405,neutral,1.0,2026-03-15T12:30:19.260863,0.8221654889163172,2026-03-15T12:30:20.114000,63,,,
participant_14,3,day,Town10HD_Opt,2026-03-15 12:30:21.243761,23.58170890808105,69.64147186279297,0.0019443893106654,0.003,0.39,0.449,0.0,0,0,1,,1.0,2026-03-15T12:30:21.243761,neutral,1.0,2026-03-15T12:30:19.260863,0.8546379700305445,2026-03-15T12:30:21.330000,68,,,
participant_14,3,day,Town10HD_Opt,2026-03-15 12:30:22.253246,24.15588760375977,69.65795135498047,0.0015340042300522,9.884,0.435,0.939,0.0,0,0,1,,1.0,2026-03-15T12:30:22.253246,neutral,1.0,2026-03-15T12:30:22.253246,0.8205777427759784,2026-03-15T12:30:22.409000,69,,,
participant_14,3,day,Town10HD_Opt,2026-03-15 12:30:23.264736,26.955411911010746,69.74398803710938,0.0018121337052434,21.674,-1.892,0.83,0.0,0,0,1,,1.0,2026-03-15T12:30:23.264736,neutral,1.0,2026-03-15T12:30:22.253246,0.8366958886685418,2026-03-15T12:30:23.130000,70,,,
participant_14,3,day,Town10HD_Opt,2026-03-15 12:30:24.245459,31.4995231628418,69.52024841308594,0.0017820739885792,30.527,-11.921,0.628,0.0,0,0,1,,1.0,2026-03-15T12:30:24.245459,neutral,1.0,2026-03-15T12:30:22.253246,0.8346160681776792,2026-03-15T12:30:23.985000,71,,,
participant_14,3,day,Town10HD_Opt,2026-03-15 12:30:25.271707,36.88298797607422,67.65276336669922,0.0019435500726103,34.725,-13.083,0.427,0.0,0,0,1,,1.0,2026-03-15T12:30:25.271707,neutral,0.995,2026-03-15T12:30:25.271707,0.7807540176082445,2026-03-15T12:30:25.020000,68,,,
participant_14,3,day,Town10HD_Opt,2026-03-15 12:30:26.258413,41.60848236083984,63.90972137451172,0.0021011352073401,33.946,-11.989,0.323,0.0,0,0,1,,0.836,2026-03-15T12:30:26.258413,neutral,0.995,2026-03-15T12:30:25.271707,0.7829845457319056,2026-03-15T12:30:26.144000,69,,,
participant_14,3,day,Town10HD_Opt,2026-03-15 12:30:27.226846,44.38484191894531,59.246952056884766,0.0023240661248564,27.267,-18.651,0.0,0.0,0,0,1,,1.0,2026-03-15T12:30:27.226846,neutral,0.995,2026-03-15T12:30:25.271707,0.7278851630069579,2026-03-15T12:30:26.954000,69,,,
participant_14,3,day,Town10HD_Opt,2026-03-15 12:30:28.206417,44.93974685668945,55.08843994140625,0.0022761535365134,20.563,-12.277,0.0,0.0,0,0,1,,1.0,2026-03-15T12:30:28.206417,neutral,0.903,2026-03-15T12:30:28.206417,0.7599623451440742,2026-03-15T12:30:27.945000,70,,,
participant_14,3,day,Town10HD_Opt,2026-03-15 12:30:29.196134,44.639408111572266,51.92240905761719,0.0020082474220544,15.839,-3.32,0.0,0.0,0,0,1,,1.0,2026-03-15T12:30:29.196134,neutral,0.903,2026-03-15T12:30:28.206417,0.72687662370561,2026-03-15T12:30:28.979000,70,,,
participant_14,3,day,Town10HD_Opt,2026-03-15 12:30:30.188052,44.33828353881836,49.47758102416992,0.0019464110955595,12.122,1.318,0.0,0.0,0,0,1,,1.0,2026-03-15T12:30:30.188052,neutral,0.903,2026-03-15T12:30:28.206417,0.7270194043460548,2026-03-15T12:30:29.975000,69,,,
participant_14,3,day,Town10HD_Opt,2026-03-15 12:30:31.146027,44.15442657470703,47.59818649291992,0.0020068739540874,9.263,1.782,0.0,0.003,0,0,1,,1.0,2026-03-15T12:30:31.146027,neutral,1.0,2026-03-15T12:30:31.146027,0.6158544605632851,2026-03-15T12:30:30.962000,69,,,
participant_14,3,day,Town10HD_Opt,2026-03-15 12:30:32.091757,44.04210662841797,46.19367599487305,0.0019876861479133,6.605,1.845,0.0,0.041,0,0,1,,1.0,2026-03-15T12:30:32.091757,neutral,1.0,2026-03-15T12:30:31.146027,0.6503635447647851,2026-03-15T12:30:31.949000,66,,,
participant_14,3,day,Town10HD_Opt,2026-03-15 12:30:33.283528,43.95505142211914,44.85466384887695,0.0019642256665974,4.775,1.711,0.0,0.0,0,0,1,,1.0,2026-03-15T12:30:33.283528,neutral,0.999,2026-03-15T12:30:33.283528,0.6439533001945124,2026-03-15T12:30:32.985000,64,,,
participant_14,3,day,Town10HD_Opt,2026-03-15 12:30:34.235547,43.91059875488281,44.11468505859375,0.0019657134544104,3.424,0.907,0.2,0.0,0,0,1,,1.0,2026-03-15T12:30:34.235547,neutral,0.999,2026-03-15T12:30:33.283528,0.618112545615465,2026-03-15T12:30:34.019000,63,,,
participant_14,3,day,Town10HD_Opt,2026-03-15 12:30:35.180458,43.84703063964844,43.00678253173828,0.0015094756381586,13.203,1.168,0.973,0.0,0,0,1,,1.0,2026-03-15T12:30:35.180458,neutral,0.999,2026-03-15T12:30:33.283528,0.6520739387830318,2026-03-15T12:30:34.965000,62,,,
participant_14,3,day,Town10HD_Opt,2026-03-15 12:30:36.274200,43.7495346069336,39.67432022094727,0.001706504728645,25.368,8.186,0.795,0.0,0,0,1,,1.0,2026-03-15T12:30:36.274200,neutral,1.0,2026-03-15T12:30:36.274200,0.6391499980919912,2026-03-15T12:30:35.955000,65,,,
participant_14,3,day,Town10HD_Opt,2026-03-15 12:30:37.224926,44.67400741577149,34.53936004638672,0.0017687606159597,34.462,15.103,0.661,0.0,0,0,1,,1.0,2026-03-15T12:30:37.224926,neutral,1.0,2026-03-15T12:30:36.274200,0.6955043426942711,2026-03-15T12:30:37.125000,64,,,
participant_14,3,day,Town10HD_Opt,2026-03-15 12:30:38.201190,48.05628204345703,29.36823463439941,0.002171134809032,34.359,16.515,0.0,0.0,0,0,1,,1.0,2026-03-15T12:30:38.201190,neutral,1.0,2026-03-15T12:30:36.274200,0.6604051583091805,2026-03-15T12:30:37.934000,64,,,
participant_14,3,day,Town10HD_Opt,2026-03-15 12:30:39.145409,52.55647277832031,26.70188331604004,0.0023290251847356,25.927,13.804,0.0,0.0,0,0,1,,1.0,2026-03-15T12:30:39.145409,neutral,0.995,2026-03-15T12:30:39.145409,0.6657752649927765,2026-03-15T12:30:39.015000,64,,,
participant_14,3,day,Town10HD_Opt,2026-03-15 12:30:40.124940,56.49067687988281,25.900081634521484,0.0022083281073719,20.696,9.887,0.263,0.0,0,0,1,,1.0,2026-03-15T12:30:40.124940,neutral,0.995,2026-03-15T12:30:39.145409,0.6356607979629059,2026-03-15T12:30:40.004000,64,,,
participant_14,3,day,Town10HD_Opt,2026-03-15 12:30:41.078469,59.89984893798828,25.687084197998047,0.0021400833502411,18.059,0.508,0.112,0.0,0,0,1,,1.0,2026-03-15T12:30:41.078469,neutral,0.995,2026-03-15T12:30:39.145409,0.5810961237597347,2026-03-15T12:30:40.995000,63,,,
participant_14,3,day,Town10HD_Opt,2026-03-15 12:30:42.354191,64.0566177368164,25.53989601135254,0.0019447326194494,16.813,0.289,0.0,0.0,0,0,1,,0.81,2026-03-15T12:30:42.354191,neutral,0.999,2026-03-15T12:30:42.354191,0.5726139189677412,2026-03-15T12:30:41.985000,64,,,
participant_14,3,day,Town10HD_Opt,2026-03-15 12:30:43.300409,66.62977600097656,25.465951919555664,0.0020747375674545,12.308,-1.003,0.0,0.223,0,0,1,,1.0,2026-03-15T12:30:43.300409,neutral,0.999,2026-03-15T12:30:42.354191,0.5529009074329772,2026-03-15T12:30:43.110000,64,,,
participant_14,3,day,Town10HD_Opt,2026-03-15 12:30:44.208710,68.38098907470703,25.39192771911621,0.0020481108222156,7.635,-0.989,0.0,0.143,0,0,1,,1.0,2026-03-15T12:30:44.208710,neutral,0.999,2026-03-15T12:30:42.354191,0.5946425700838811,2026-03-15T12:30:43.967000,62,,,
participant_14,3,day,Town10HD_Opt,2026-03-15 12:30:45.157838,69.39667510986328,25.342697143554688,0.0023704909253865,0.0,-0.642,0.0,0.102,0,0,1,,1.0,2026-03-15T12:30:45.157838,neutral,1.0,2026-03-15T12:30:45.157838,0.5184861626520081,2026-03-15T12:30:45.002000,62,,,
participant_14,3,day,Town10HD_Opt,2026-03-15 12:30:46.063167,69.39720916748047,25.342660903930664,0.001938018715009,0.0,-0.392,0.0,0.009,0,0,1,,1.0,2026-03-15T12:30:46.063167,neutral,1.0,2026-03-15T12:30:45.157838,0.5414310399268737,2026-03-15T12:30:46.304000,63,,,
participant_14,3,day,Town10HD_Opt,2026-03-15 12:30:47.076632,69.39728546142578,25.342660903930664,0.0019204712007194,0.0,1.011,0.0,0.0,0,0,1,,1.0,2026-03-15T12:30:47.076632,neutral,1.0,2026-03-15T12:30:45.157838,0.4873158986579028,2026-03-15T12:30:47.026000,67,,,
participant_14,3,day,Town10HD_Opt,2026-03-15 12:30:48.257850,69.3970947265625,25.34382057189941,0.0028397368732839,0.023,0.663,0.0,0.0,0,0,1,,1.0,2026-03-15T12:30:48.257850,neutral,0.999,2026-03-15T12:30:48.257850,0.5096326830568975,2026-03-15T12:30:48.061000,67,,,errors=Vehicle collision
participant_14,3,day,Town10HD_Opt,2026-03-15 12:30:49.237798,69.39639282226562,25.34478759765625,0.0057052229531109,0.005,0.653,0.0,0.0,0,0,1,,1.0,2026-03-15T12:30:49.237798,neutral,0.999,2026-03-15T12:30:48.257850,0.4237753233645585,2026-03-15T12:30:49.232000,67,,,
participant_14,3,day,Town10HD_Opt,2026-03-15 12:30:50.168104,69.86164093017578,25.30793190002441,0.0032794189173728,6.848,0.653,0.806,0.0,0,0,1,,0.832,2026-03-15T12:30:50.168104,neutral,0.999,2026-03-15T12:30:48.257850,0.4169032353817417,2026-03-15T12:30:50.130000,68,,,
participant_14,3,day,Town10HD_Opt,2026-03-15 12:30:51.153675,71.74654388427734,25.164213180541992,0.0025133132003247,15.501,0.653,0.979,0.0,0,0,1,,0.838,2026-03-15T12:30:51.153675,neutral,0.999,2026-03-15T12:30:51.153675,0.4090749936195735,2026-03-15T12:30:51.349000,67,,,errors=Vehicle collision
participant_14,3,day,Town10HD_Opt,2026-03-15 12:30:52.137152,75.00212860107422,24.92348289489746,0.0019242477137595,21.831,0.653,0.968,0.0,0,0,1,,0.839,2026-03-15T12:30:52.137152,neutral,0.999,2026-03-15T12:30:51.153675,0.437106340155228,2026-03-15T12:30:52.471000,67,,,
participant_14,3,day,Town10HD_Opt,2026-03-15 12:30:53.084250,79.49284362792969,24.77812767028809,0.002403526334092,31.286,0.86,0.867,0.0,0,0,1,,1.0,2026-03-15T12:30:53.084250,neutral,0.999,2026-03-15T12:30:51.153675,0.3978500124978256,2026-03-15T12:30:53.505000,66,,,
participant_14,3,day,Town10HD_Opt,2026-03-15 12:30:54.301795,87.08245086669922,25.15501976013184,0.0022357939742505,28.847,-2.97,0.118,0.0,0,0,1,,1.0,2026-03-15T12:30:54.301795,neutral,1.0,2026-03-15T12:30:54.301795,0.3439741145668086,2026-03-15T12:30:54.134000,65,,,
participant_14,3,day,Town10HD_Opt,2026-03-15 12:30:55.272863,91.775634765625,24.97013664245605,0.0021313475444912,25.499,-11.0,0.296,0.0,0,0,1,,1.0,2026-03-15T12:30:55.272863,neutral,1.0,2026-03-15T12:30:54.301795,0.362215179513046,2026-03-15T12:30:54.945000,64,,,
participant_14,3,day,Town10HD_Opt,2026-03-15 12:30:56.209335,95.89057159423828,23.66517448425293,0.0021012115757912,24.328,-16.99,0.356,0.0,0,0,1,,1.0,2026-03-15T12:30:56.209335,neutral,1.0,2026-03-15T12:30:54.301795,0.3617637447404718,2026-03-15T12:30:56.025000,63,,,
participant_14,3,day,Town10HD_Opt,2026-03-15 12:30:57.157569,99.30176544189452,21.14289093017578,0.0020570755004882,24.395,-10.562,0.35,0.0,0,0,1,,1.0,2026-03-15T12:30:57.157569,neutral,1.0,2026-03-15T12:30:57.157569,0.2660734819754467,2026-03-15T12:30:56.971000,64,,,
participant_14,3,day,Town10HD_Opt,2026-03-15 12:30:58.347450,102.86038208007812,16.732927322387695,0.0046013640239834,24.342,-8.582,0.339,0.0,0,0,1,,1.0,2026-03-15T12:30:58.347450,neutral,1.0,2026-03-15T12:30:57.157569,0.3577697102609876,2026-03-15T12:30:57.960000,63,,,
participant_14,3,day,Town10HD_Opt,2026-03-15 12:30:59.289115,104.6259765625,12.89680004119873,0.0019021987682208,25.033,-12.604,0.821,0.0,0,0,1,,1.0,2026-03-15T12:30:59.289115,neutral,1.0,2026-03-15T12:30:59.289115,0.1925534656515203,2026-03-15T12:30:59.175000,62,,,
participant_14,3,day,Town10HD_Opt,2026-03-15 12:31:00.297836,105.67321014404295,7.714914321899414,0.0015982437180355,37.89,-3.714,1.0,0.0,0,0,1,,1.0,2026-03-15T12:31:00.297836,neutral,1.0,2026-03-15T12:30:59.289115,0.2630749514649569,2026-03-15T12:31:00.030000,63,,,
participant_14,3,day,Town10HD_Opt,2026-03-15 12:31:01.275347,106.33106231689452,-0.0457124710083007,0.0015618514735251,52.606,-1.92,0.0,0.229,0,0,1,,1.0,2026-03-15T12:31:01.275347,neutral,1.0,2026-03-15T12:30:59.289115,0.2441733739918673,2026-03-15T12:31:00.930000,62,,,
participant_14,3,day,Town10HD_Opt,2026-03-15 12:31:02.269703,106.4570770263672,-8.872549057006836,0.0019998550415039,50.751,0.282,0.0,0.0,0,0,1,,1.0,2026-03-15T12:31:02.269703,neutral,1.0,2026-03-15T12:31:02.269703,0.2671240914719208,2026-03-15T12:31:01.965000,64,,,
participant_14,3,day,Town10HD_Opt,2026-03-15 12:31:03.254132,106.50524139404295,-17.644548416137695,0.0020127487368881,50.491,-1.528,0.83,0.0,0,0,1,,0.829,2026-03-15T12:31:03.254132,neutral,1.0,2026-03-15T12:31:02.269703,0.2560678960560061,2026-03-15T12:31:03.180000,63,,,
participant_14,3,day,Town10HD_Opt,2026-03-15 12:31:04.134200,106.2239227294922,-26.39268684387207,0.002062072744593,49.727,-2.076,0.809,0.0,0,0,1,,1.0,2026-03-15T12:31:04.134200,neutral,1.0,2026-03-15T12:31:02.269703,0.3776350589784043,2026-03-15T12:31:03.946000,65,,,
participant_14,3,day,Town10HD_Opt,2026-03-15 12:31:05.338449,104.35431671142578,-37.8341064453125,0.0019577406346797,50.687,-7.663,0.788,0.0,0,0,1,,1.0,2026-03-15T12:31:05.338449,neutral,1.0,2026-03-15T12:31:05.338449,0.1880301773287245,2026-03-15T12:31:05.115000,65,,,
participant_14,3,day,Town10HD_Opt,2026-03-15 12:31:06.285104,100.61185455322266,-45.66951370239258,0.0020368576515465,49.433,-4.374,0.897,0.0,0,0,1,,1.0,2026-03-15T12:31:06.285104,neutral,1.0,2026-03-15T12:31:05.338449,0.2777900419889387,2026-03-15T12:31:05.970000,64,,,
participant_14,3,day,Town10HD_Opt,2026-03-15 12:31:07.191018,95.3285903930664,-52.62657165527344,0.0020172882359474,50.152,-6.417,1.0,0.0,0,0,1,,0.836,2026-03-15T12:31:07.191018,neutral,1.0,2026-03-15T12:31:05.338449,0.2851987655089983,2026-03-15T12:31:06.960000,64,,,
participant_14,3,day,Town10HD_Opt,2026-03-15 12:31:08.122193,88.5662612915039,-58.18300247192383,0.0020494079217314,50.202,-6.028,0.924,0.0,0,0,1,,1.0,2026-03-15T12:31:08.122193,neutral,0.998,2026-03-15T12:31:08.122193,0.1992393590318775,2026-03-15T12:31:08.041000,64,,,
participant_14,3,day,Town10HD_Opt,2026-03-15 12:31:09.338025,77.790283203125,-62.66482162475586,0.0018459319835528,52.132,-4.32,0.0,0.213,0,0,1,,1.0,2026-03-15T12:31:09.338025,neutral,0.998,2026-03-15T12:31:08.122193,0.3088256737786401,2026-03-15T12:31:09.120000,64,,,
participant_14,3,day,Town10HD_Opt,2026-03-15 12:31:10.344786,69.11882781982422,-64.16545104980469,0.0018824386643245,52.138,-2.292,0.0,0.214,0,0,1,,1.0,2026-03-15T12:31:10.344786,neutral,1.0,2026-03-15T12:31:10.344786,0.2539706378918989,2026-03-15T12:31:09.930000,63,,,
participant_14,3,day,Town10HD_Opt,2026-03-15 12:31:11.294267,60.37164306640625,-64.75334167480469,0.0019330214709043,51.371,-0.933,0.0,0.137,0,0,1,,1.0,2026-03-15T12:31:11.294267,neutral,1.0,2026-03-15T12:31:10.344786,0.2845058285539537,2026-03-15T12:31:10.966000,63,,,
participant_14,3,day,Town10HD_Opt,2026-03-15 12:31:12.261201,51.66474151611328,-64.90290069580078,0.001975402701646,50.178,-0.884,0.687,0.0,0,0,1,,1.0,2026-03-15T12:31:12.261201,neutral,1.0,2026-03-15T12:31:10.344786,0.3389117996147929,2026-03-15T12:31:12.135000,65,,,
participant_14,3,day,Town10HD_Opt,2026-03-15 12:31:13.201449,43.0008544921875,-64.8013916015625,0.0021135329734534,48.118,0.721,0.481,0.0,0,0,1,,1.0,2026-03-15T12:31:13.201449,neutral,1.0,2026-03-15T12:31:13.201449,0.2962926733870652,2026-03-15T12:31:13.035000,63,,,
participant_14,3,day,Town10HD_Opt,2026-03-15 12:31:14.185667,34.66073226928711,-64.77985382080078,0.0020869825966656,46.998,-0.458,0.428,0.0,0,0,1,,1.0,2026-03-15T12:31:14.185667,neutral,1.0,2026-03-15T12:31:13.201449,0.2743298823834418,2026-03-15T12:31:13.936000,66,,,
participant_14,3,day,Town10HD_Opt,2026-03-15 12:31:15.098901,26.562049865722656,-64.67530059814453,0.0020995712839066,45.28,0.045,0.314,0.0,0,0,1,,1.0,2026-03-15T12:31:15.098901,neutral,1.0,2026-03-15T12:31:13.201449,0.2644521892580783,2026-03-15T12:31:15.015000,66,,,
participant_14,3,day,Town10HD_Opt,2026-03-15 12:31:16.096073,19.2591495513916,-64.56745147705078,0.0023461531382054,36.518,0.247,0.0,0.0,0,0,1,,1.0,2026-03-15T12:31:16.096073,neutral,1.0,2026-03-15T12:31:16.096073,0.2601528551505377,2026-03-15T12:31:16.095000,64,,,
participant_14,3,day,Town10HD_Opt,2026-03-15 12:31:17.069098,13.548672676086426,-64.51602172851562,0.0023064422421157,28.214,0.315,0.0,0.0,0,0,1,,1.0,2026-03-15T12:31:17.069098,neutral,1.0,2026-03-15T12:31:16.096073,0.2433429249301553,2026-03-15T12:31:16.951000,64,,,
participant_14,3,day,Town10HD_Opt,2026-03-15 12:31:18.290106,7.965943336486816,-64.51158905029297,0.0022481156047433,19.361,-0.146,0.0,0.0,0,0,1,,1.0,2026-03-15T12:31:18.290106,neutral,1.0,2026-03-15T12:31:18.290106,0.1835654010364372,2026-03-15T12:31:17.941000,62,,,
participant_14,3,day,Town10HD_Opt,2026-03-15 12:31:19.301438,4.781659126281738,-64.50822448730469,0.0020862577948719,18.731,0.092,0.838,0.0,0,0,1,,1.0,2026-03-15T12:31:19.301438,neutral,1.0,2026-03-15T12:31:18.290106,0.2025261705071957,2026-03-15T12:31:19.066000,64,,,
participant_14,3,day,Town10HD_Opt,2026-03-15 12:31:20.258797,0.6344618797302246,-64.52033233642578,0.0016552733723074,30.319,0.289,0.813,0.0,0,0,1,,1.0,2026-03-15T12:31:20.258797,neutral,1.0,2026-03-15T12:31:18.290106,0.2060464107815101,2026-03-15T12:31:20.055000,61,,,
participant_14,3,day,Town10HD_Opt,2026-03-15 12:31:21.220243,-5.016425609588623,-64.56925201416016,0.0021589659154415,30.294,0.176,0.0,0.0,0,0,1,,1.0,2026-03-15T12:31:21.220243,neutral,1.0,2026-03-15T12:31:21.220243,0.1386841709798911,2026-03-15T12:31:21.136000,61,,,
participant_14,3,day,Town10HD_Opt,2026-03-15 12:31:22.170905,-9.74074649810791,-64.6325912475586,0.002268829382956,23.128,0.176,0.0,0.0,0,0,1,,1.0,2026-03-15T12:31:22.170905,neutral,1.0,2026-03-15T12:31:21.220243,0.2287665954249861,2026-03-15T12:31:21.991000,62,,,
participant_14,3,day,Town10HD_Opt,2026-03-15 12:31:23.093742,-13.305557250976562,-64.69456481933594,0.0020475005730986,17.508,0.176,0.0,0.0,0,0,1,,1.0,2026-03-15T12:31:23.093742,neutral,1.0,2026-03-15T12:31:21.220243,0.1516786805289169,2026-03-15T12:31:23.070000,61,,,
participant_14,3,day,Town10HD_Opt,2026-03-15 12:31:24.306691,-16.810161590576172,-64.76803588867188,0.002036819467321,12.378,0.176,0.0,0.0,0,0,1,,1.0,2026-03-15T12:31:24.306691,neutral,1.0,2026-03-15T12:31:24.306691,0.2374874176838188,2026-03-15T12:31:24.016000,63,,,
participant_14,3,day,Town10HD_Opt,2026-03-15 12:31:25.232973,-18.73851776123047,-64.81364440917969,0.0020099638495594,9.508,0.176,0.0,0.0,0,0,1,,1.0,2026-03-15T12:31:25.232973,neutral,1.0,2026-03-15T12:31:24.306691,0.1990208440228076,2026-03-15T12:31:25.051000,62,,,
participant_14,3,day,Town10HD_Opt,2026-03-15 12:31:26.171288,-20.219215393066406,-64.8511734008789,0.001989021198824,7.194,0.176,0.0,0.0,0,0,1,,1.0,2026-03-15T12:31:26.171288,neutral,1.0,2026-03-15T12:31:24.306691,0.1868950203369906,2026-03-15T12:31:26.086000,61,,,
participant_14,3,day,Town10HD_Opt,2026-03-15 12:31:27.102806,-21.35599899291992,-64.88150787353516,0.0019728087354451,5.605,0.176,0.0,0.0,0,0,1,,1.0,2026-03-15T12:31:27.102806,neutral,0.998,2026-03-15T12:31:27.102806,0.2287556543276119,2026-03-15T12:31:27.031000,60,,,
participant_14,3,day,Town10HD_Opt,2026-03-15 12:31:28.245569,-22.471967697143555,-64.91258239746094,0.0019567869603633,3.826,0.176,0.0,0.0,0,0,1,,1.0,2026-03-15T12:31:28.245569,neutral,0.998,2026-03-15T12:31:27.102806,0.2296624120233852,2026-03-15T12:31:27.930000,60,,,
participant_14,3,day,Town10HD_Opt,2026-03-15 12:31:29.195010,-23.08542251586914,-64.9301986694336,0.0019480895716696,3.025,0.176,0.0,0.0,0,0,1,,1.0,2026-03-15T12:31:29.195010,neutral,1.0,2026-03-15T12:31:29.195010,0.2555568971272097,2026-03-15T12:31:29.055000,62,,,
participant_14,3,day,Town10HD_Opt,2026-03-15 12:31:30.120625,-23.556360244750977,-64.94398498535156,0.0019413756672292,2.322,0.176,0.0,0.0,0,0,1,,1.0,2026-03-15T12:31:30.120625,neutral,1.0,2026-03-15T12:31:29.195010,0.391244788254163,2026-03-15T12:31:30.360000,59,,,
participant_14,3,day,Town10HD_Opt,2026-03-15 12:31:31.280784,-24.23341941833496,-64.96398162841797,0.0016004561912268,8.386,0.176,0.952,0.0,0,0,1,,1.0,2026-03-15T12:31:31.280784,neutral,1.0,2026-03-15T12:31:31.280784,0.327840887764755,2026-03-15T12:31:30.947000,61,,,
participant_14,3,day,Town10HD_Opt,2026-03-15 12:31:32.192457,-26.89924049377441,-65.05355834960938,0.0017271422548219,22.45,0.493,1.0,0.0,0,0,1,,1.0,2026-03-15T12:31:32.192457,neutral,1.0,2026-03-15T12:31:31.280784,0.3938030441972894,2026-03-15T12:31:32.116000,60,,,
participant_14,3,day,Town10HD_Opt,2026-03-15 12:31:33.124834,-32.13074493408203,-65.26644134521484,0.0015123748453333,38.814,0.007,1.0,0.0,0,0,1,,1.0,2026-03-15T12:31:33.124834,neutral,1.0,2026-03-15T12:31:31.280784,0.4192349363979091,2026-03-15T12:31:33.016000,61,,,
participant_14,3,day,Town10HD_Opt,2026-03-15 12:31:34.341260,-43.13551330566406,-65.7388687133789,0.00195690151304,50.653,0.019,0.0,0.124,0,0,1,,1.0,2026-03-15T12:31:34.341260,neutral,0.978,2026-03-15T12:31:34.341260,0.4444374505753439,2026-03-15T12:31:33.961000,62,,,
participant_14,3,day,Town10HD_Opt,2026-03-15 12:31:35.273321,-51.75332260131836,-66.11803436279297,0.0018354033818468,51.77,0.038,0.0,0.177,0,0,1,,1.0,2026-03-15T12:31:35.273321,neutral,0.978,2026-03-15T12:31:34.341260,0.4168060909427465,2026-03-15T12:31:35.029000,61,,,
participant_14,3,day,Town10HD_Opt,2026-03-15 12:31:36.180368,-60.49123001098633,-66.50434875488281,0.0018816374940797,51.775,-0.665,0.0,0.163,0,0,1,,1.0,2026-03-15T12:31:36.180368,neutral,0.978,2026-03-15T12:31:34.341260,0.4700291644451417,2026-03-15T12:31:36.030000,61,,,
participant_14,3,day,Town10HD_Opt,2026-03-15 12:31:37.082441,-69.20122528076172,-66.67586517333984,0.0019321822328493,51.243,-2.791,0.0,0.124,0,0,1,,1.0,2026-03-15T12:31:37.082441,neutral,1.0,2026-03-15T12:31:37.082441,0.4640241034352107,2026-03-15T12:31:37.291000,61,,,
participant_14,3,day,Town10HD_Opt,2026-03-15 12:31:38.340750,-80.83402252197266,-65.24861907958984,0.001958503620699,50.756,-7.047,0.0,0.0,0,0,1,,1.0,2026-03-15T12:31:38.340750,neutral,1.0,2026-03-15T12:31:37.082441,0.4458824673394173,2026-03-15T12:31:38.011000,62,,,
participant_14,3,day,Town10HD_Opt,2026-03-15 12:31:39.314119,-88.8005142211914,-61.76890182495117,0.0019271849887445,50.932,-6.128,0.0,0.0,0,0,1,,1.0,2026-03-15T12:31:39.314119,neutral,0.999,2026-03-15T12:31:39.314119,0.4707537955991107,2026-03-15T12:31:38.958000,63,,,
participant_14,3,day,Town10HD_Opt,2026-03-15 12:31:40.220103,-95.6519546508789,-56.438133239746094,0.0018954466795548,51.276,-4.534,0.0,0.128,0,0,1,,1.0,2026-03-15T12:31:40.220103,neutral,0.999,2026-03-15T12:31:39.314119,0.5534581182957198,2026-03-15T12:31:40.126000,63,,,
participant_14,3,day,Town10HD_Opt,2026-03-15 12:31:41.202128,-101.38191223144533,-49.83357238769531,0.0018424605950713,52.31,-4.44,0.0,0.235,0,0,1,,1.0,2026-03-15T12:31:41.202128,neutral,0.999,2026-03-15T12:31:39.314119,0.4225431779322861,2026-03-15T12:31:40.984000,64,,,
participant_14,3,day,Town10HD_Opt,2026-03-15 12:31:42.190305,-105.7894515991211,-42.29572677612305,0.0019019698956981,51.782,-4.627,0.0,0.131,0,0,1,,1.0,2026-03-15T12:31:42.190305,neutral,0.999,2026-03-15T12:31:42.190305,0.5119997541689042,2026-03-15T12:31:41.970000,64,,,
participant_14,3,day,Town10HD_Opt,2026-03-15 12:31:43.137334,-108.73416137695312,-34.06269836425781,0.002005310030654,50.32,-3.877,0.719,0.0,0,0,1,,1.0,2026-03-15T12:31:43.137334,neutral,0.999,2026-03-15T12:31:42.190305,0.5304234493348284,2026-03-15T12:31:42.961000,64,,,
participant_14,3,day,Town10HD_Opt,2026-03-15 12:31:44.090138,-110.23794555664062,-25.59561920166016,0.0022782515734434,45.634,-3.745,0.0,0.0,0,0,1,,1.0,2026-03-15T12:31:44.090138,neutral,0.999,2026-03-15T12:31:42.190305,0.5425459117229333,2026-03-15T12:31:44.175000,64,,,
participant_14,3,day,Town10HD_Opt,2026-03-15 12:31:45.349477,-110.51278686523438,-16.681575775146484,0.002395172137767,30.451,1.375,0.0,0.349,0,0,1,,1.0,2026-03-15T12:31:45.349477,neutral,0.997,2026-03-15T12:31:45.349477,0.5634672428755128,2026-03-15T12:31:45.121000,64,Solid line crossing,Solid line crossing,
participant_14,3,day,Town10HD_Opt,2026-03-15 12:31:46.313045,-110.61014556884766,-12.11060905456543,0.0023356245364993,21.227,-1.093,0.0,0.315,0,0,1,,1.0,2026-03-15T12:31:46.313045,neutral,0.997,2026-03-15T12:31:45.349477,0.4596438239089989,2026-03-15T12:31:46.065000,65,,,
participant_14,3,day,Town10HD_Opt,2026-03-15 12:31:47.272889,-110.64607238769533,-8.946698188781738,0.0020365142263472,15.411,-1.523,0.068,0.0,0,0,1,,1.0,2026-03-15T12:31:47.272889,neutral,0.997,2026-03-15T12:31:45.349477,0.5821435500858926,2026-03-15T12:31:46.962000,64,,,
participant_14,3,day,Town10HD_Opt,2026-03-15 12:31:48.205828,-110.6310806274414,-5.931390762329102,0.001851386972703,22.377,0.625,1.0,0.0,0,0,1,,1.0,2026-03-15T12:31:48.205828,neutral,1.0,2026-03-15T12:31:48.205828,0.452226769180254,2026-03-15T12:31:48.135000,64,,,
participant_14,3,day,Town10HD_Opt,2026-03-15 12:31:49.218001,-110.67585754394533,-0.7109928131103516,0.0015340042300522,39.152,0.308,0.937,0.0,0,0,1,,1.0,2026-03-15T12:31:49.218001,neutral,1.0,2026-03-15T12:31:48.205828,0.4834198166164971,2026-03-15T12:31:48.947000,64,,,
participant_14,3,day,Town10HD_Opt,2026-03-15 12:31:50.186118,-110.74854278564452,7.001806259155273,0.0016696548555046,49.623,-3.938,0.69,0.0,0,0,1,,1.0,2026-03-15T12:31:50.186118,neutral,1.0,2026-03-15T12:31:48.205828,0.4924612433226932,2026-03-15T12:31:49.981000,65,,,
participant_14,3,day,Town10HD_Opt,2026-03-15 12:31:51.167661,-109.22698211669922,15.373476028442385,0.002376785269007,43.319,-16.955,0.0,0.0,0,0,1,,1.0,2026-03-15T12:31:51.167661,neutral,0.999,2026-03-15T12:31:51.167661,0.4556497139325729,2026-03-15T12:31:51.015000,65,,,
participant_14,3,day,Town10HD_Opt,2026-03-15 12:31:52.254730,-104.9605712890625,20.39014434814453,0.0024018478579819,32.549,-11.646,0.0,0.0,0,0,1,,1.0,2026-03-15T12:31:52.254730,neutral,0.999,2026-03-15T12:31:51.167661,0.4779424953871678,2026-03-15T12:31:51.961000,64,,,
participant_14,3,day,Town10HD_Opt,2026-03-15 12:31:53.324054,-100.14307403564452,22.87206649780273,0.0018829726614058,34.373,-9.938,0.969,0.0,0,0,1,,1.0,2026-03-15T12:31:53.324054,neutral,0.997,2026-03-15T12:31:53.324054,0.5112682458444765,2026-03-15T12:31:53.040000,66,,,
participant_14,3,day,Town10HD_Opt,2026-03-15 12:31:54.087729,-95.83175659179688,23.96560287475586,0.0016860198229551,41.981,-4.735,0.391,0.0,0,0,1,,1.0,2026-03-15T12:31:54.087729,neutral,0.997,2026-03-15T12:31:53.324054,0.4807375418849097,2026-03-15T12:31:53.988000,65,,,
participant_14,3,day,Town10HD_Opt,2026-03-15 12:31:55.121593,-88.337890625,24.97592544555664,0.0017764281947165,47.519,-0.9,1.0,0.0,0,0,1,,1.0,2026-03-15T12:31:55.121593,neutral,0.997,2026-03-15T12:31:53.324054,0.4989169717722299,2026-03-15T12:31:54.976000,65,,,
participant_14,3,day,Town10HD_Opt,2026-03-15 12:31:56.158167,-79.59014892578125,25.77286720275879,0.0021966171916574,48.358,-0.475,0.966,0.0,0,0,1,,1.0,2026-03-15T12:31:56.158167,neutral,0.997,2026-03-15T12:31:56.158167,0.453787444728359,2026-03-15T12:31:56.371000,66,,,
participant_14,3,day,Town10HD_Opt,2026-03-15 12:31:57.117913,-70.83345794677734,26.37302589416504,0.0021925354376435,48.696,-0.505,1.0,0.0,0,0,1,,1.0,2026-03-15T12:31:57.117913,neutral,0.997,2026-03-15T12:31:56.158167,0.4861286390754554,2026-03-15T12:31:56.371000,66,,,
participant_14,3,day,Town10HD_Opt,2026-03-15 12:31:58.067860,-62.0010871887207,26.79226493835449,0.0021579742897301,49.104,-0.498,0.973,0.0,0,0,1,,1.0,2026-03-15T12:31:58.067860,neutral,0.997,2026-03-15T12:31:56.158167,0.5414534609042623,2026-03-15T12:31:56.371000,66,,,
participant_14,3,day,Town10HD_Opt,2026-03-15 12:31:59.336552,-50.368309020996094,27.058263778686523,0.0021708679851144,48.927,-0.498,0.911,0.0,0,0,1,,1.0,2026-03-15T12:31:59.336552,neutral,0.992,2026-03-15T12:31:59.336552,0.5171888098441526,2026-03-15T12:31:56.371000,67,,,
participant_14,3,day,Town10HD_Opt,2026-03-15 12:32:00.332491,-41.59101486206055,27.04767608642578,0.0021500778384506,49.237,-0.026,0.891,0.0,0,0,1,,1.0,2026-03-15T12:32:00.332491,neutral,0.992,2026-03-15T12:31:59.336552,0.4649291849336738,2026-03-15T12:31:56.371000,66,,,
participant_14,3,day,Town10HD_Opt,2026-03-15 12:32:01.283064,-32.7906379699707,26.960336685180664,0.0021534727420657,49.369,0.073,1.0,0.0,0,0,1,,1.0,2026-03-15T12:32:01.283064,neutral,0.992,2026-03-15T12:31:59.336552,0.503113517102341,2026-03-15T12:31:56.371000,66,,,
participant_14,3,day,Town10HD_Opt,2026-03-15 12:32:02.244396,-23.973886489868164,26.892337799072266,0.0022198485676199,48.334,0.073,0.953,0.0,0,0,1,,1.0,2026-03-15T12:32:02.244396,neutral,1.0,2026-03-15T12:32:02.244396,0.413029343107947,2026-03-15T12:31:56.371000,65,,,
participant_14,3,day,Town10HD_Opt,2026-03-15 12:32:03.203410,-15.216958999633787,26.84381484985352,0.0022018051240593,48.34,-0.089,0.911,0.0,0,0,1,,1.0,2026-03-15T12:32:03.203410,neutral,1.0,2026-03-15T12:32:02.244396,0.5130682328445917,2026-03-15T12:31:56.371000,65,,,
participant_14,3,day,Town10HD_Opt,2026-03-15 12:32:04.123327,-6.478229999542236,26.771041870117188,0.0021740722004324,48.716,-0.115,0.873,0.0,0,0,1,,1.0,2026-03-15T12:32:04.123327,neutral,1.0,2026-03-15T12:32:02.244396,0.5154667306338009,2026-03-15T12:31:56.371000,65,,,
participant_14,3,day,Town10HD_Opt,2026-03-15 12:32:05.339561,5.065928936004639,26.61075782775879,0.0021589279640465,47.146,-0.136,0.0,0.0,0,0,1,,1.0,2026-03-15T12:32:05.339561,neutral,0.998,2026-03-15T12:32:05.339561,0.5203003412144177,2026-03-15T12:31:56.371000,66,,,
participant_14,3,day,Town10HD_Opt,2026-03-15 12:32:06.259448,12.528103828430176,26.471662521362305,0.0023664855398237,37.075,0.416,0.0,0.016,0,0,1,,1.0,2026-03-15T12:32:06.259448,neutral,0.998,2026-03-15T12:32:05.339561,0.4276139315074582,2026-03-15T12:31:56.371000,66,,,
participant_14,3,day,Town10HD_Opt,2026-03-15 12:32:07.181523,18.32229423522949,26.4326171875,0.0023109053727239,28.631,1.434,0.0,0.0,0,0,1,,1.0,2026-03-15T12:32:07.181523,neutral,0.998,2026-03-15T12:32:05.339561,0.434020451983467,2026-03-15T12:31:56.371000,65,,,
participant_14,3,day,Town10HD_Opt,2026-03-15 12:32:08.123847,22.76409339904785,26.56814384460449,0.0022640989627689,21.708,2.73,0.0,0.0,0,0,1,,1.0,2026-03-15T12:32:08.123847,neutral,1.0,2026-03-15T12:32:08.123847,0.4583795483936975,2026-03-15T12:31:56.371000,66,,,
participant_14,3,day,Town10HD_Opt,2026-03-15 12:32:09.178155,26.09993553161621,26.867387771606445,0.0019668578170239,16.59,3.947,0.007,0.0,0,0,1,,1.0,2026-03-15T12:32:09.178155,neutral,1.0,2026-03-15T12:32:08.123847,0.4938290225374757,2026-03-15T12:31:56.371000,66,,,
participant_14,3,day,Town10HD_Opt,2026-03-15 12:32:10.147824,28.664072036743164,27.29550170898437,0.002033157274127,12.97,5.86,0.019,0.0,0,0,1,,1.0,2026-03-15T12:32:10.147824,neutral,0.98,2026-03-15T12:32:10.147824,0.4591056283102145,2026-03-15T12:31:56.371000,66,Red light violation,Red light violation,
participant_14,3,day,Town10HD_Opt,2026-03-15 12:32:11.125409,30.643707275390625,27.79496955871582,0.0019955444149672,10.297,6.201,0.04,0.0,0,0,1,,1.0,2026-03-15T12:32:11.125409,neutral,0.98,2026-03-15T12:32:10.147824,0.529637442180024,2026-03-15T12:31:56.371000,66,,,
participant_14,3,day,Town10HD_Opt,2026-03-15 12:32:12.354044,33.026329040527344,28.61351585388184,0.0017991255735978,13.091,8.904,0.318,0.0,0,0,1,,1.0,2026-03-15T12:32:12.354044,neutral,0.999,2026-03-15T12:32:12.354044,0.544125904201771,2026-03-15T12:31:56.371000,67,,,
participant_14,3,day,Town10HD_Opt,2026-03-15 12:32:13.136344,34.5289421081543,29.355932235717773,0.0017319869948551,17.186,15.62,0.829,0.0,0,0,1,,1.0,2026-03-15T12:32:13.136344,neutral,0.999,2026-03-15T12:32:12.354044,0.4519594297842344,2026-03-15T12:31:56.371000,66,,,
participant_14,3,day,Town10HD_Opt,2026-03-15 12:32:14.115299,37.361141204833984,31.78276824951172,0.0017670821398496,26.946,21.603,0.783,0.0,0,0,1,,1.0,2026-03-15T12:32:14.115299,neutral,0.999,2026-03-15T12:32:12.354044,0.5268405095346853,2026-03-15T12:31:56.371000,65,,,
participant_14,3,day,Town10HD_Opt,2026-03-15 12:32:15.132631,39.59666442871094,36.595340728759766,0.0018663787050172,34.332,15.009,0.514,0.0,0,0,1,,1.0,2026-03-15T12:32:15.132631,neutral,0.998,2026-03-15T12:32:15.132631,0.5499403201875288,2026-03-15T12:31:56.371000,65,,,
participant_14,3,day,Town10HD_Opt,2026-03-15 12:32:16.169671,40.11050796508789,42.49152374267578,0.0022175216581672,31.006,1.055,0.0,0.0,0,0,1,,1.0,2026-03-15T12:32:16.169671,neutral,0.998,2026-03-15T12:32:15.132631,0.4142766498486016,2026-03-15T12:31:56.371000,66,,,
participant_14,3,day,Town10HD_Opt,2026-03-15 12:32:17.135217,40.25371170043945,47.24370956420898,0.0023274230770766,22.35,0.139,0.0,0.333,0,0,1,,1.0,2026-03-15T12:32:17.135217,neutral,0.998,2026-03-15T12:32:17.135217,0.499839716935864,2026-03-15T12:31:56.371000,65,,,
participant_14,3,day,Town10HD_Opt,2026-03-15 12:32:18.336642,40.357513427734375,51.37265396118164,0.0020992278587073,13.112,1.137,0.0,0.301,0,0,1,,1.0,2026-03-15T12:32:18.336642,neutral,0.998,2026-03-15T12:32:17.135217,0.5153286590859127,2026-03-15T12:31:56.371000,65,,,
participant_14,3,day,Town10HD_Opt,2026-03-15 12:32:19.304921,40.36910629272461,53.25727844238281,0.0020442199893295,8.706,0.757,0.0,0.0,0,0,1,,1.0,2026-03-15T12:32:19.304921,neutral,0.999,2026-03-15T12:32:19.304921,0.4442208293276602,2026-03-15T12:31:56.371000,65,,,
participant_14,3,day,Town10HD_Opt,2026-03-15 12:32:20.257557,40.38556671142578,55.03256607055664,0.001574287423864,15.93,-2.6,0.985,0.0,0,0,1,,1.0,2026-03-15T12:32:20.257557,neutral,0.999,2026-03-15T12:32:19.304921,0.4758908104036384,2026-03-15T12:31:56.371000,65,,,
participant_14,3,day,Town10HD_Opt,2026-03-15 12:32:21.159849,40.66976547241211,58.83203125,0.0016096878098323,29.2,-8.105,0.902,0.0,0,0,1,,1.0,2026-03-15T12:32:21.159849,neutral,0.999,2026-03-15T12:32:19.304921,0.4441587353343281,2026-03-15T12:31:56.371000,66,,,
participant_14,3,day,Town10HD_Opt,2026-03-15 12:32:22.360494,44.0521240234375,66.48189544677734,0.0017734909197315,43.323,-19.467,0.84,0.0,0,0,1,,1.0,2026-03-15T12:32:22.360494,neutral,1.0,2026-03-15T12:32:22.360494,0.5766240601560192,2026-03-15T12:31:56.371000,65,,,
participant_14,3,day,Town10HD_Opt,2026-03-15 12:32:23.255058,51.13447189331055,70.1923599243164,0.0018754195189103,49.505,-15.233,0.713,0.0,0,0,1,,1.0,2026-03-15T12:32:23.255058,neutral,1.0,2026-03-15T12:32:22.360494,0.5537373283683416,2026-03-15T12:31:56.371000,65,,,
participant_14,3,day,Town10HD_Opt,2026-03-15 12:32:24.177880,59.7900505065918,69.76881408691406,0.0021090316586196,48.741,2.633,0.421,0.0,0,0,1,,1.0,2026-03-15T12:32:24.177880,neutral,1.0,2026-03-15T12:32:22.360494,0.5417978107457018,2026-03-15T12:31:56.371000,65,,,errors=Solid line crossing
participant_14,3,day,Town10HD_Opt,2026-03-15 12:32:25.084796,67.96259307861328,68.83442687988281,0.0022935485467314,42.788,4.806,0.0,0.0,0,0,1,,1.0,2026-03-15T12:32:25.084796,neutral,0.996,2026-03-15T12:32:25.084796,0.4939815602439107,2026-03-15T12:31:56.371000,64,,,
participant_14,3,day,Town10HD_Opt,2026-03-15 12:32:26.364691,76.33854675292969,69.24562072753906,0.0023743438068777,28.538,-0.233,0.0,0.3,0,0,1,,1.0,2026-03-15T12:32:26.364691,neutral,0.996,2026-03-15T12:32:25.084796,0.5044423573115802,2026-03-15T12:31:56.371000,66,,,
participant_14,3,day,Town10HD_Opt,2026-03-15 12:32:27.285498,80.602294921875,69.63390350341797,0.0023188018240034,19.413,-1.102,0.0,0.316,0,0,1,,1.0,2026-03-15T12:32:27.285498,neutral,1.0,2026-03-15T12:32:27.285498,0.4250862804590291,2026-03-15T12:31:56.371000,67,,,
participant_14,3,day,Town10HD_Opt,2026-03-15 12:32:28.153325,83.50094604492188,69.8376235961914,0.0021133422851562,12.549,-0.618,0.0,0.44,0,0,1,,1.0,2026-03-15T12:32:28.153325,neutral,1.0,2026-03-15T12:32:27.285498,0.5602288577244903,2026-03-15T12:31:56.371000,66,,,
participant_14,3,day,Town10HD_Opt,2026-03-15 12:32:29.074827,85.26222229003906,69.94859313964844,0.0021187209058552,6.713,-0.468,0.0,0.556,0,0,1,,1.0,2026-03-15T12:32:29.074827,neutral,1.0,2026-03-15T12:32:27.285498,0.53487588249433,2026-03-15T12:31:56.371000,67,,,
participant_14,3,day,Town10HD_Opt,2026-03-15 12:32:30.249212,85.51071166992188,69.9636459350586,0.0019449614919722,0.0,-0.233,0.0,0.465,0,0,1,,1.0,2026-03-15T12:32:30.249212,neutral,1.0,2026-03-15T12:32:30.249212,0.5102801550552254,2026-03-15T12:31:56.371000,66,,,
participant_14,3,day,Town10HD_Opt,2026-03-15 12:32:31.123378,85.5107421875,69.9636459350586,0.0019202422117814,0.0,2.21,0.0,0.0,0,0,1,,1.0,2026-03-15T12:32:31.123378,neutral,1.0,2026-03-15T12:32:30.249212,0.586391779273664,2026-03-15T12:31:56.371000,65,,,
participant_14,3,day,Town10HD_Opt,2026-03-15 12:32:32.286755,85.58978271484375,69.97441101074219,0.0019017410231754,0.905,9.507,0.874,0.0,0,0,1,,1.0,2026-03-15T12:32:32.286755,neutral,1.0,2026-03-15T12:32:32.286755,0.5250442617738834,2026-03-15T12:31:56.371000,66,,,
participant_14,3,day,Town10HD_Opt,2026-03-15 12:32:33.165636,86.89723205566406,70.20716857910156,0.0014053344493731,16.385,10.478,1.0,0.0,0,0,1,,1.0,2026-03-15T12:32:33.165636,neutral,1.0,2026-03-15T12:32:32.286755,0.4706673385097858,2026-03-15T12:31:56.371000,66,,,
participant_14,3,day,Town10HD_Opt,2026-03-15 12:32:34.361383,92.37348175048828,72.1802749633789,0.0015481949085369,35.763,13.355,0.941,0.0,0,0,1,,1.0,2026-03-15T12:32:34.361383,neutral,0.998,2026-03-15T12:32:34.361383,0.5051892036972878,2026-03-15T12:31:56.371000,65,,,
participant_14,3,day,Town10HD_Opt,2026-03-15 12:32:35.284743,97.56658172607422,77.01618957519531,0.0017073821509256,46.938,18.503,0.915,0.0,0,0,1,,1.0,2026-03-15T12:32:35.284743,neutral,0.998,2026-03-15T12:32:34.361383,0.5169745749703913,2026-03-15T12:31:56.371000,65,,,
participant_14,3,day,Town10HD_Opt,2026-03-15 12:32:36.182818,99.52678680419922,85.37451171875,0.0021231842692941,48.843,4.584,0.909,0.0,0,0,1,,1.0,2026-03-15T12:32:36.182818,neutral,0.998,2026-03-15T12:32:34.361383,0.6209125911716123,2026-03-15T12:31:56.371000,66,,,
participant_14,3,day,Town10HD_Opt,2026-03-15 12:32:37.107577,98.81839752197266,94.1551284790039,0.0021760177332907,48.651,-1.034,0.894,0.0,0,0,1,,1.0,2026-03-15T12:32:37.107577,neutral,1.0,2026-03-15T12:32:37.107577,0.5342801748599081,2026-03-15T12:31:56.371000,66,,,
participant_14,3,day,Town10HD_Opt,2026-03-15 12:32:38.353897,97.17131805419922,105.58499145507812,0.0021327589638531,48.828,6.663,0.984,0.0,0,0,1,,1.0,2026-03-15T12:32:38.353897,neutral,1.0,2026-03-15T12:32:37.107577,0.4552356197620825,2026-03-15T12:31:56.371000,65,,,
participant_14,3,day,Town10HD_Opt,2026-03-15 12:32:39.252173,93.4603042602539,113.53990173339844,0.0022620009258389,47.444,4.291,1.0,0.0,0,0,1,,1.0,2026-03-15T12:32:39.252173,neutral,0.997,2026-03-15T12:32:39.252173,0.5063812490325416,2026-03-15T12:31:56.371000,67,,,
participant_14,3,day,Town10HD_Opt,2026-03-15 12:32:40.203052,88.24812316894531,120.56871795654295,0.0021535491105169,48.795,6.462,0.981,0.0,0,0,1,,1.0,2026-03-15T12:32:40.203052,neutral,0.997,2026-03-15T12:32:39.252173,0.4838931733926869,2026-03-15T12:31:56.371000,66,,,
participant_14,3,day,Town10HD_Opt,2026-03-15 12:32:41.069015,81.49916076660156,126.1270751953125,0.002000655978918,51.233,7.368,0.0,0.123,0,0,1,,1.0,2026-03-15T12:32:41.069015,neutral,0.997,2026-03-15T12:32:39.252173,0.5722257034977472,2026-03-15T12:31:56.371000,66,,,
participant_14,3,day,Town10HD_Opt,2026-03-15 12:32:42.255555,70.70674133300781,130.50965881347656,0.0021881102584302,48.762,4.551,1.0,0.0,0,0,1,,1.0,2026-03-15T12:32:42.255555,neutral,0.897,2026-03-15T12:32:42.255555,0.5406163978963712,2026-03-15T12:31:56.371000,65,,,
participant_14,3,day,Town10HD_Opt,2026-03-15 12:32:43.160028,62.0340461730957,131.8818359375,0.0021937561687082,48.573,4.459,1.0,0.0,0,0,1,,1.0,2026-03-15T12:32:43.160028,neutral,0.897,2026-03-15T12:32:42.255555,0.4633348139263115,2026-03-15T12:31:56.371000,65,,,
participant_14,3,day,Town10HD_Opt,2026-03-15 12:32:44.346103,50.39864730834961,132.06898498535156,0.002024192828685,50.618,-0.545,1.0,0.0,0,0,1,,1.0,2026-03-15T12:32:44.346103,neutral,0.999,2026-03-15T12:32:44.346103,0.4604311818528459,2026-03-15T12:31:56.371000,66,,,
participant_14,3,day,Town10HD_Opt,2026-03-15 12:32:45.263238,41.60719680786133,132.3148956298828,0.0020244598854333,50.679,0.409,1.0,0.0,0,0,1,,1.0,2026-03-15T12:32:45.263238,neutral,0.999,2026-03-15T12:32:44.346103,0.4652920442501071,2026-03-15T12:31:56.371000,66,,,
participant_14,3,day,Town10HD_Opt,2026-03-15 12:32:46.167646,32.80645751953125,132.43397521972656,0.0020262526813894,50.105,0.414,1.0,0.0,0,0,1,,1.0,2026-03-15T12:32:46.167646,neutral,0.999,2026-03-15T12:32:44.346103,0.4609022118995028,2026-03-15T12:31:56.371000,65,,,
participant_14,3,day,Town10HD_Opt,2026-03-15 12:32:47.345789,21.065629959106445,132.3981170654297,0.0019664764404296,50.382,0.052,0.537,0.0,0,0,1,,1.0,2026-03-15T12:32:47.345789,neutral,0.991,2026-03-15T12:32:47.345789,0.4237910344828048,2026-03-15T12:31:56.371000,66,Harsh braking,decel_mps2=5.2,
participant_14,3,day,Town10HD_Opt,2026-03-15 12:32:48.233443,12.812353134155272,132.33465576171875,0.0022724531590938,43.17,0.035,0.202,0.0,0,0,1,,1.0,2026-03-15T12:32:48.233443,neutral,0.991,2026-03-15T12:32:47.345789,0.5161724851441815,2026-03-15T12:31:56.371000,66,,,
participant_14,3,day,Town10HD_Opt,2026-03-15 12:32:49.214609,5.908196926116943,132.2705535888672,0.0023387526161968,34.465,0.035,0.0,0.0,0,0,1,,1.0,2026-03-15T12:32:49.214609,neutral,0.991,2026-03-15T12:32:47.345789,0.5294339130432306,2026-03-15T12:31:56.371000,66,,,
participant_14,3,day,Town10HD_Opt,2026-03-15 12:32:50.145111,0.521729052066803,132.21498107910156,0.0022959518246352,26.118,-0.127,0.0,0.0,0,0,1,,1.0,2026-03-15T12:32:50.145111,neutral,0.999,2026-03-15T12:32:50.145111,0.5114229465032949,2026-03-15T12:31:56.371000,65,,,
participant_14,3,day,Town10HD_Opt,2026-03-15 12:32:51.202031,-3.587240219116211,132.18002319335938,0.0022537994664162,19.932,-0.148,0.0,0.0,0,0,1,,1.0,2026-03-15T12:32:51.202031,neutral,0.999,2026-03-15T12:32:50.145111,0.5271192501507993,2026-03-15T12:31:56.371000,65,,,
participant_14,3,day,Town10HD_Opt,2026-03-15 12:32:52.104651,-6.693109512329102,132.16294860839844,0.0020191192161291,15.184,-0.148,0.0,0.0,0,0,1,,1.0,2026-03-15T12:32:52.104651,neutral,0.999,2026-03-15T12:32:50.145111,0.4912812537324577,2026-03-15T12:31:56.371000,67,,,
participant_14,3,day,Town10HD_Opt,2026-03-15 12:32:53.280809,-9.763509750366213,132.15402221679688,0.0020112609490752,11.131,-0.148,0.211,0.0,0,0,1,,1.0,2026-03-15T12:32:53.280809,neutral,0.999,2026-03-15T12:32:53.280809,0.4562064780472469,2026-03-15T12:31:56.371000,65,,,
participant_14,3,day,Town10HD_Opt,2026-03-15 12:32:54.209821,-11.837188720703123,132.15234375,0.0018350600730627,13.315,-0.148,0.336,0.0,0,0,1,,1.0,2026-03-15T12:32:54.209821,neutral,0.999,2026-03-15T12:32:53.280809,0.48080653927557,2026-03-15T12:31:56.371000,66,,,
participant_14,3,day,Town10HD_Opt,2026-03-15 12:32:55.090489,-14.24028491973877,132.15463256835938,0.0019350051879882,13.87,-0.157,0.925,0.0,0,0,1,,1.0,2026-03-15T12:32:55.090489,neutral,0.999,2026-03-15T12:32:53.280809,0.5834550800923208,2026-03-15T12:31:56.371000,64,,,
participant_14,3,day,Town10HD_Opt,2026-03-15 12:32:56.341147,-19.24937629699707,132.17257690429688,0.0015208434779196,32.334,-0.045,0.999,0.0,0,0,1,,1.0,2026-03-15T12:32:56.341147,neutral,0.998,2026-03-15T12:32:56.341147,0.5394432478784892,2026-03-15T12:31:56.371000,66,,,
participant_14,3,day,Town10HD_Opt,2026-03-15 12:32:57.323081,-26.074317932128903,131.8970489501953,0.0015889739152044,46.551,9.114,0.946,0.0,0,0,1,,1.0,2026-03-15T12:32:57.323081,neutral,0.998,2026-03-15T12:32:56.341147,0.4776421423161056,2026-03-15T12:31:56.371000,65,,,
participant_14,3,day,Town10HD_Opt,2026-03-15 12:32:58.301082,-34.2855110168457,129.2187957763672,0.0021779250819236,47.918,12.263,0.934,0.0,0,0,1,,1.0,2026-03-15T12:32:58.301082,neutral,0.998,2026-03-15T12:32:56.341147,0.4224557779243176,2026-03-15T12:31:56.371000,66,,,
participant_14,3,day,Town10HD_Opt,2026-03-15 12:32:59.226400,-40.41938781738281,123.18502044677734,0.0021065901964902,48.832,15.226,0.927,0.0,0,0,1,,1.0,2026-03-15T12:32:59.226400,neutral,0.996,2026-03-15T12:32:59.226400,0.5753189992278909,2026-03-15T12:31:56.371000,67,,,
participant_14,3,day,Town10HD_Opt,2026-03-15 12:33:00.221920,-42.64129257202149,114.91600036621094,0.0019319152925163,50.946,4.893,0.0,0.0,0,0,1,,1.0,2026-03-15T12:33:00.221920,neutral,0.996,2026-03-15T12:32:59.226400,0.4971780679925848,2026-03-15T12:31:56.371000,65,,,
participant_14,3,day,Town10HD_Opt,2026-03-15 12:33:01.193613,-42.49617004394531,106.26333618164062,0.0019896316807717,49.983,-2.546,0.528,0.0,0,0,1,,1.0,2026-03-15T12:33:01.193613,neutral,0.996,2026-03-15T12:32:59.226400,0.5550986814489629,2026-03-15T12:31:56.371000,66,,,
participant_14,3,day,Town10HD_Opt,2026-03-15 12:33:02.112354,-42.93846130371094,97.71207427978516,0.0023022459354251,44.575,-0.938,0.0,0.0,0,0,1,,1.0,2026-03-15T12:33:02.112354,neutral,0.998,2026-03-15T12:33:02.112354,0.5056006719417694,2026-03-15T12:33:01.945000,70,,,
participant_14,3,day,Town10HD_Opt,2026-03-15 12:33:03.088489,-43.58164596557617,90.7632827758789,0.0023274230770766,35.154,0.106,0.227,0.0,0,0,1,,1.0,2026-03-15T12:33:03.088489,neutral,0.998,2026-03-15T12:33:02.112354,0.5040280755657324,2026-03-15T12:33:02.979000,68,,,
participant_14,3,day,Town10HD_Opt,2026-03-15 12:33:04.321650,-43.86634826660156,82.93024444580078,0.0020009230356663,34.337,8.625,0.687,0.0,0,0,1,,1.0,2026-03-15T12:33:04.321650,neutral,0.99,2026-03-15T12:33:04.321650,0.5180145343064304,2026-03-15T12:33:03.969000,67,,,
participant_14,3,day,Town10HD_Opt,2026-03-15 12:33:05.284728,-42.31128692626953,76.57042694091797,0.0017763137584552,42.787,14.256,0.814,0.0,0,0,1,,1.0,2026-03-15T12:33:05.284728,neutral,0.99,2026-03-15T12:33:04.321650,0.5308300509865265,2026-03-15T12:33:05.009000,66,,,
participant_14,3,day,Town10HD_Opt,2026-03-15 12:33:06.306936,-37.34165573120117,70.54632568359375,0.0018877410329878,48.052,21.017,0.675,0.0,0,0,1,,1.0,2026-03-15T12:33:06.306936,neutral,0.99,2026-03-15T12:33:04.321650,0.5481523238130789,2026-03-15T12:33:05.994000,66,,,
participant_14,3,day,Town10HD_Opt,2026-03-15 12:33:07.342373,-29.38672065734864,68.94956970214844,0.0021106719505041,46.256,6.319,0.42,0.0,0,0,1,,1.0,2026-03-15T12:33:07.342373,neutral,0.989,2026-03-15T12:33:07.342373,0.5125087509980708,2026-03-15T12:33:06.984000,67,,,
participant_14,3,day,Town10HD_Opt,2026-03-15 12:33:08.314884,-21.54085350036621,70.1377944946289,0.0021474456880241,43.544,-4.841,0.261,0.0,0,0,1,,1.0,2026-03-15T12:33:08.314884,neutral,0.989,2026-03-15T12:33:07.342373,0.5356785267086858,2026-03-15T12:33:08.289000,65,,,errors=Solid line crossing
participant_14,3,day,Town10HD_Opt,2026-03-15 12:33:09.299603,-14.296746253967283,70.46414947509766,0.0021852874197065,38.809,-1.775,0.263,0.0,0,0,1,,1.0,2026-03-15T12:33:09.299603,neutral,0.989,2026-03-15T12:33:07.342373,0.5543928397732384,2026-03-15T12:33:09.099000,67,,,
participant_14,3,day,Town10HD_Opt,2026-03-15 12:33:10.289268,-7.751583099365234,70.337158203125,0.0021038055419921,36.52,-0.604,0.541,0.0,0,0,1,,1.0,2026-03-15T12:33:10.289268,neutral,1.0,2026-03-15T12:33:10.289268,0.5175504099765321,2026-03-15T12:33:10,66,,,
participant_14,3,day,Town10HD_Opt,2026-03-15 12:33:11.213842,-1.188324213027954,70.01615142822266,0.0019756315741688,38.73,0.653,0.499,0.0,0,0,1,,1.0,2026-03-15T12:33:11.213842,neutral,1.0,2026-03-15T12:33:10.289268,0.5753892733388435,2026-03-15T12:33:11.079000,64,,,
participant_14,3,day,Town10HD_Opt,2026-03-15 12:33:12.179566,5.496570110321045,69.7731704711914,0.0022314072120934,35.089,0.04,0.0,0.0,0,0,1,,1.0,2026-03-15T12:33:12.179566,neutral,1.0,2026-03-15T12:33:10.289268,0.5033981057045002,2026-03-15T12:33:12.069000,64,,,
participant_14,3,day,Town10HD_Opt,2026-03-15 12:33:13.144370,10.978073120117188,69.5953598022461,0.0022961043287068,27.053,0.75,0.0,0.0,0,0,1,,1.0,2026-03-15T12:33:13.144370,neutral,0.998,2026-03-15T12:33:13.144370,0.5739125897598927,2026-03-15T12:33:13.149000,64,,,
participant_14,3,day,Town10HD_Opt,2026-03-15 12:33:14.110177,15.16344165802002,69.53824615478516,0.0022607040591537,19.932,0.646,0.0,0.052,0,0,1,,1.0,2026-03-15T12:33:14.110177,neutral,0.998,2026-03-15T12:33:13.144370,0.5559418335614991,2026-03-15T12:33:14.049000,64,,,
participant_14,3,day,Town10HD_Opt,2026-03-15 12:33:15.074220,18.28743934631348,69.53801727294922,0.0020268631633371,14.995,0.646,0.0,0.072,0,0,1,,1.0,2026-03-15T12:33:15.074220,neutral,0.998,2026-03-15T12:33:13.144370,0.4872751111711778,2026-03-15T12:33:14.995000,63,,,
participant_14,3,day,Town10HD_Opt,2026-03-15 12:33:16.343512,21.260501861572266,69.57035827636719,0.0020327377133071,10.192,0.62,0.0,0.037,0,0,1,,1.0,2026-03-15T12:33:16.343512,neutral,0.979,2026-03-15T12:33:16.343512,0.4946518081742813,2026-03-15T12:33:16.029000,63,,,
participant_14,3,day,Town10HD_Opt,2026-03-15 12:33:17.348862,22.80422592163086,69.59928894042969,0.0020133589860051,7.259,0.618,0.0,0.044,0,0,1,,1.0,2026-03-15T12:33:17.348862,neutral,0.979,2026-03-15T12:33:16.343512,0.4895809166598823,2026-03-15T12:33:17.023000,64,,,
participant_14,3,day,Town10HD_Opt,2026-03-15 12:33:18.333993,23.812973022460938,69.62203979492188,0.0022953413426876,0.0,0.618,0.0,0.04,0,0,1,,1.0,2026-03-15T12:33:18.333993,neutral,0.979,2026-03-15T12:33:16.343512,0.5300281487976365,2026-03-15T12:33:18.144000,64,,,
participant_14,3,day,Town10HD_Opt,2026-03-15 12:33:19.366951,23.818639755249023,69.62217712402344,0.0019294356461614,0.605,0.618,0.657,0.0,0,0,1,,1.0,2026-03-15T12:33:19.366951,neutral,0.998,2026-03-15T12:33:19.366951,0.5349817264474503,2026-03-15T12:33:19.181000,66,,,
participant_14,3,day,Town10HD_Opt,2026-03-15 12:33:20.272767,24.733428955078125,69.6476821899414,0.0015630340203642,11.236,0.618,0.632,0.0,0,0,1,,1.0,2026-03-15T12:33:20.272767,neutral,0.998,2026-03-15T12:33:19.366951,0.6618798062838991,2026-03-15T12:33:19.993000,65,,,
participant_14,3,day,Town10HD_Opt,2026-03-15 12:33:21.218574,27.186248779296875,69.71173095703125,0.0017878722865134,16.127,-2.41,0.373,0.0,0,0,1,,1.0,2026-03-15T12:33:21.218574,neutral,0.998,2026-03-15T12:33:19.366951,0.6371804738637925,2026-03-15T12:33:20.980000,65,,,
participant_14,3,day,Town10HD_Opt,2026-03-15 12:33:22.174437,30.191869735717773,69.56603240966797,0.002067451365292,18.286,-7.813,0.355,0.0,0,0,1,,1.0,2026-03-15T12:33:22.174437,neutral,0.99,2026-03-15T12:33:22.174437,0.6351666113606793,2026-03-15T12:33:21.973000,63,,,
participant_14,3,day,Town10HD_Opt,2026-03-15 12:33:23.122075,33.3543815612793,68.9903564453125,0.0019603348337113,20.379,-8.942,0.986,0.0,0,0,1,,1.0,2026-03-15T12:33:23.122075,neutral,0.99,2026-03-15T12:33:22.174437,0.7308927876175796,2026-03-15T12:33:23.005000,64,,,
participant_14,3,day,Town10HD_Opt,2026-03-15 12:33:24.321090,39.64154815673828,66.03275299072266,0.0015821075066924,40.813,-16.637,0.99,0.0,0,0,1,,1.0,2026-03-15T12:33:24.321090,neutral,0.988,2026-03-15T12:33:24.321090,0.6300567603370708,2026-03-15T12:33:23.950000,63,,,
participant_14,3,day,Town10HD_Opt,2026-03-15 12:33:25.266138,44.44182205200195,59.57305908203125,0.0014985656598582,51.213,-12.468,0.0,0.126,0,0,1,,1.0,2026-03-15T12:33:25.266138,neutral,0.988,2026-03-15T12:33:24.321090,0.6681935415558871,2026-03-15T12:33:25.014000,63,,,errors=Vehicle-pedestrian collision
participant_14,3,day,Town10HD_Opt,2026-03-15 12:33:26.163385,45.89402389526367,51.49143600463867,0.0023434448521584,41.377,-4.879,0.0,0.222,0,0,1,,1.0,2026-03-15T12:33:26.163385,neutral,0.988,2026-03-15T12:33:24.321090,0.6744407070357383,2026-03-15T12:33:26.019000,61,,,
participant_14,3,day,Town10HD_Opt,2026-03-15 12:33:27.328998,45.27631759643555,43.40645599365234,0.0023227690253406,28.358,3.16,0.0,0.0,0,0,1,,1.0,2026-03-15T12:33:27.328998,neutral,1.0,2026-03-15T12:33:27.328998,0.7451339029869958,2026-03-15T12:33:27.055000,62,,,
participant_14,3,day,Town10HD_Opt,2026-03-15 12:33:28.207274,45.17548370361328,38.85730743408203,0.0021012497600167,25.082,5.652,0.453,0.0,0,0,1,,1.0,2026-03-15T12:33:28.207274,neutral,1.0,2026-03-15T12:33:27.328998,0.7455716654798826,2026-03-15T12:33:27.954000,62,,,
participant_14,3,day,Town10HD_Opt,2026-03-15 12:33:29.130517,45.9063720703125,34.4398078918457,0.0020470046438276,26.11,19.712,0.415,0.0,0,0,1,,1.0,2026-03-15T12:33:29.130517,neutral,1.0,2026-03-15T12:33:27.328998,0.6951290012792902,2026-03-15T12:33:29.034000,61,,,
participant_14,3,day,Town10HD_Opt,2026-03-15 12:33:30.073227,48.42112350463867,30.663291931152344,0.0020793532021343,26.651,22.686,0.519,0.0,0,0,1,,1.0,2026-03-15T12:33:30.073227,neutral,0.989,2026-03-15T12:33:30.073227,0.6314968838490712,2026-03-15T12:33:29.979000,60,,,
participant_14,3,day,Town10HD_Opt,2026-03-15 12:33:31.294516,54.30816268920898,27.58519554138184,0.0019444655627012,31.242,6.419,0.51,0.0,0,0,1,,1.0,2026-03-15T12:33:31.294516,neutral,0.989,2026-03-15T12:33:30.073227,0.6666539937032085,2026-03-15T12:33:31.014000,62,,,
participant_14,3,day,Town10HD_Opt,2026-03-15 12:33:32.173312,59.76647186279297,26.18627166748047,0.0019843291956931,33.484,6.884,0.681,0.0,0,0,1,,1.0,2026-03-15T12:33:32.173312,neutral,0.987,2026-03-15T12:33:32.173312,0.6097910472722083,2026-03-15T12:33:31.959000,62,,,
participant_14,3,day,Town10HD_Opt,2026-03-15 12:33:33.086459,66.45782470703125,25.662960052490234,0.0016012954292818,45.943,3.648,0.967,0.0,0,0,1,,1.0,2026-03-15T12:33:33.086459,neutral,0.987,2026-03-15T12:33:32.173312,0.562731629576899,2026-03-15T12:33:32.949000,62,,,
participant_14,3,day,Town10HD_Opt,2026-03-15 12:33:34.240081,78.00995635986328,26.05387306213379,0.002093200571835,49.284,-0.357,0.796,0.0,0,0,1,,1.0,2026-03-15T12:33:34.240081,neutral,0.998,2026-03-15T12:33:34.240081,0.5837523031592172,2026-03-15T12:33:33.982000,63,,,
participant_14,3,day,Town10HD_Opt,2026-03-15 12:33:35.122647,86.76494598388672,26.33601951599121,0.0040339659899473,48.512,-4.393,0.509,0.0,0,0,1,,1.0,2026-03-15T12:33:35.122647,neutral,0.998,2026-03-15T12:33:34.240081,0.623946260245526,2026-03-15T12:33:35.110000,65,,,
participant_14,3,day,Town10HD_Opt,2026-03-15 12:33:36.291215,97.42963409423828,23.89350700378418,0.0021292113233357,46.021,-16.381,0.465,0.0,0,0,1,,1.0,2026-03-15T12:33:36.291215,neutral,1.0,2026-03-15T12:33:36.291215,0.7383476345842078,2026-03-15T12:33:35.964000,66,,,
participant_14,3,day,Town10HD_Opt,2026-03-15 12:33:37.219549,102.69915008544922,18.09329605102539,0.0021546555217355,44.344,-6.18,0.321,0.0,0,0,1,,1.0,2026-03-15T12:33:37.219549,neutral,1.0,2026-03-15T12:33:36.291215,0.7628705209682176,2026-03-15T12:33:36.956000,66,,,
participant_14,3,day,Town10HD_Opt,2026-03-15 12:33:38.074398,105.87483215332033,11.3076171875,0.0020714187994599,41.037,-4.171,0.322,0.0,0,0,1,,1.0,2026-03-15T12:33:38.074398,neutral,1.0,2026-03-15T12:33:36.291215,0.8123462653965005,2026-03-15T12:33:38.125000,66,,,
participant_14,3,day,Town10HD_Opt,2026-03-15 12:33:39.280006,108.43348693847656,2.515019416809082,0.0021270369179546,37.465,-3.412,0.329,0.0,0,0,1,,1.0,2026-03-15T12:33:39.280006,neutral,0.964,2026-03-15T12:33:39.280006,0.7659290382267154,2026-03-15T12:33:38.979000,66,,,
participant_14,3,day,Town10HD_Opt,2026-03-15 12:33:40.153468,109.38117218017578,-3.866060495376587,0.0019956587348133,37.505,-3.664,0.761,0.0,0,0,1,,0.828,2026-03-15T12:33:40.153468,neutral,0.964,2026-03-15T12:33:39.280006,0.8585108881904671,2026-03-15T12:33:40.374000,65,,,
participant_14,3,day,Town10HD_Opt,2026-03-15 12:33:41.260075,109.48348999023438,-13.81802749633789,0.0017116927774623,51.068,-1.814,0.0,0.107,0,0,1,,1.0,2026-03-15T12:33:41.260075,neutral,0.964,2026-03-15T12:33:39.280006,0.8983091933514917,2026-03-15T12:33:41.319000,64,,,
participant_14,3,day,Town10HD_Opt,2026-03-15 12:33:42.134771,108.63858032226562,-22.645097732543945,0.0021734619513154,49.107,-1.659,0.99,0.0,0,0,1,,1.0,2026-03-15T12:33:42.134771,neutral,0.998,2026-03-15T12:33:42.134771,0.8837160016684824,2026-03-15T12:33:41.957000,63,,,
participant_14,3,day,Town10HD_Opt,2026-03-15 12:33:43.259781,106.1808090209961,-33.945220947265625,0.0019665146246552,50.427,-4.615,0.882,0.0,0,0,1,,1.0,2026-03-15T12:33:43.259781,neutral,0.998,2026-03-15T12:33:42.134771,0.954171897357941,2026-03-15T12:33:42.985000,64,,,
participant_14,3,day,Town10HD_Opt,2026-03-15 12:33:44.103235,102.67327117919922,-42.06317901611328,0.0021558380685746,49.078,-3.328,0.791,0.0,0,0,1,,1.0,2026-03-15T12:33:44.103235,neutral,0.998,2026-03-15T12:33:42.134771,0.9804168025991332,2026-03-15T12:33:43.975000,65,,,
participant_14,3,day,Town10HD_Opt,2026-03-15 12:33:45.247742,96.20502471923828,-51.6884651184082,0.0019869613461196,50.504,-6.26,0.758,0.0,0,0,1,,1.0,2026-03-15T12:33:45.247742,neutral,0.983,2026-03-15T12:33:45.247742,0.9660578803473698,2026-03-15T12:33:45.009000,66,Stop sign violation,stop_sign_id=833,
participant_14,3,day,Town10HD_Opt,2026-03-15 12:33:46.121192,89.70213317871094,-57.32406997680664,0.0020846556872129,48.445,-5.879,0.591,0.0,0,0,1,,1.0,2026-03-15T12:33:46.121192,neutral,0.983,2026-03-15T12:33:45.247742,0.982618411489629,2026-03-15T12:33:45.955000,65,,,
participant_14,3,day,Town10HD_Opt,2026-03-15 12:33:47.316710,79.353759765625,-62.344970703125,0.002021636813879,50.052,-4.261,0.51,0.0,0,0,1,,1.0,2026-03-15T12:33:47.316710,neutral,0.68,2026-03-15T12:33:47.316710,0.9033371868191676,2026-03-15T12:33:46.946000,65,,,
participant_14,3,day,Town10HD_Opt,2026-03-15 12:33:48.205457,70.8547592163086,-64.43563842773438,0.0020460509695112,50.045,-4.317,0.497,0.0,0,0,1,,1.0,2026-03-15T12:33:48.205457,neutral,0.68,2026-03-15T12:33:47.316710,0.8509059264666643,2026-03-15T12:33:47.980000,64,,,
participant_14,3,day,Town10HD_Opt,2026-03-15 12:33:49.091166,62.14619445800781,-65.10042572021484,0.0020481871906667,49.863,-0.696,0.492,0.0,0,0,1,,1.0,2026-03-15T12:33:49.091166,neutral,0.68,2026-03-15T12:33:47.316710,0.8732331624962032,2026-03-15T12:33:49.060000,64,,,
participant_14,3,day,Town10HD_Opt,2026-03-15 12:33:50.328918,50.54356002807617,-65.33110046386719,0.0020500181708484,49.56,-0.108,0.486,0.0,0,0,1,,1.0,2026-03-15T12:33:50.328918,neutral,0.982,2026-03-15T12:33:50.328918,0.8442343579459822,2026-03-15T12:33:50.095000,64,,,
participant_14,3,day,Town10HD_Opt,2026-03-15 12:33:51.245225,41.89413070678711,-65.54497528076172,0.0020505141001194,49.296,-0.2,0.485,0.0,0,0,1,,1.0,2026-03-15T12:33:51.245225,neutral,0.982,2026-03-15T12:33:50.328918,0.8506942926088991,2026-03-15T12:33:50.995000,64,,,
participant_14,3,day,Town10HD_Opt,2026-03-15 12:33:52.178224,33.28886032104492,-65.69174194335938,0.0020502090919762,49.042,-0.209,0.484,0.0,0,0,1,,1.0,2026-03-15T12:33:52.178224,neutral,0.982,2026-03-15T12:33:50.328918,0.8006874118427724,2026-03-15T12:33:52.030000,64,,,
participant_14,3,day,Town10HD_Opt,2026-03-15 12:33:53.097171,24.76774787902832,-65.76266479492188,0.0020824430976063,48.012,-0.28,0.433,0.0,0,0,1,,1.0,2026-03-15T12:33:53.097171,neutral,0.984,2026-03-15T12:33:53.097171,0.8470221194988693,2026-03-15T12:33:52.975000,63,,,
participant_14,3,day,Town10HD_Opt,2026-03-15 12:33:54.271849,14.494877815246582,-65.7260971069336,0.002362098544836,37.262,-0.275,0.0,0.0,0,0,1,,1.0,2026-03-15T12:33:54.271849,neutral,0.984,2026-03-15T12:33:53.097171,0.94448907862927,2026-03-15T12:33:54.189000,64,,,
participant_14,3,day,Town10HD_Opt,2026-03-15 12:33:55.122964,8.673579216003418,-65.64204406738281,0.002309989882633,28.786,-0.068,0.0,0.0,0,0,1,,1.0,2026-03-15T12:33:55.122964,neutral,0.957,2026-03-15T12:33:55.122964,0.7574200471184426,2026-03-15T12:33:55.135000,63,,,
participant_14,3,day,Town10HD_Opt,2026-03-15 12:33:56.348542,2.9709115028381348,-65.55498504638672,0.0022455595899373,19.936,0.233,0.099,0.0,0,0,1,,1.0,2026-03-15T12:33:56.348542,neutral,0.957,2026-03-15T12:33:55.122964,0.8020896689571804,2026-03-15T12:33:56.035000,63,,,
participant_14,3,day,Town10HD_Opt,2026-03-15 12:33:57.252875,-0.2686531841754913,-65.52167510986328,0.0018666075775399,17.627,0.242,0.161,0.0,0,0,1,,1.0,2026-03-15T12:33:57.252875,neutral,0.995,2026-03-15T12:33:57.252875,0.8662431295021816,2026-03-15T12:33:56.988000,64,,,
participant_14,3,day,Town10HD_Opt,2026-03-15 12:33:58.191965,-3.281399726867676,-65.50485229492188,0.0019070815760642,17.538,0.24,0.36,0.0,0,0,1,,1.0,2026-03-15T12:33:58.191965,neutral,0.995,2026-03-15T12:33:57.252875,0.8084498818833888,2026-03-15T12:33:57.969000,61,,,
participant_14,3,day,Town10HD_Opt,2026-03-15 12:33:59.074264,-6.429905891418457,-65.49793243408203,0.0020627593621611,18.076,0.155,0.33,0.0,0,0,1,,1.0,2026-03-15T12:33:59.074264,neutral,0.995,2026-03-15T12:33:57.252875,0.7783451063312703,2026-03-15T12:33:58.960000,62,,,
participant_14,3,day,Town10HD_Opt,2026-03-15 12:34:00.282312,-10.672691345214844,-65.49989318847656,0.002023200970143,18.083,0.063,0.109,0.0,0,0,1,,1.0,2026-03-15T12:34:00.282312,neutral,0.991,2026-03-15T12:34:00.282312,0.7331388011077626,2026-03-15T12:33:59.995000,62,,,
participant_14,3,day,Town10HD_Opt,2026-03-15 12:34:01.130580,-13.668773651123049,-65.50391387939453,0.0020169448107481,15.092,-0.016,0.0,0.0,0,0,1,,1.0,2026-03-15T12:34:01.130580,neutral,0.991,2026-03-15T12:34:00.282312,0.7426873705717759,2026-03-15T12:34:01.120000,61,,,
participant_14,3,day,Town10HD_Opt,2026-03-15 12:34:02.313106,-16.672637939453125,-65.50801849365234,0.0020219420548528,10.549,0.002,0.0,0.018,0,0,1,,1.0,2026-03-15T12:34:02.313106,neutral,0.999,2026-03-15T12:34:02.313106,0.7210249466748917,2026-03-15T12:34:02.335000,62,,,
participant_14,3,day,Town10HD_Opt,2026-03-15 12:34:03.188492,-18.26116752624512,-65.51024627685547,0.0020143126603215,7.46,0.002,0.0,0.053,0,0,1,,1.0,2026-03-15T12:34:03.188492,neutral,0.999,2026-03-15T12:34:02.313106,0.7176866359943589,2026-03-15T12:34:02.967000,63,,,
participant_14,3,day,Town10HD_Opt,2026-03-15 12:34:04.308207,-19.503204345703125,-65.51204681396484,0.0023023223038762,0.229,0.002,0.0,0.0,0,0,1,,1.0,2026-03-15T12:34:04.308207,neutral,0.999,2026-03-15T12:34:02.313106,0.6477817647856172,2026-03-15T12:34:03.955000,64,,,
participant_14,3,day,Town10HD_Opt,2026-03-15 12:34:05.151365,-19.54104995727539,-65.51204681396484,0.001928215031512,0.254,0.002,0.0,0.0,0,0,1,,1.0,2026-03-15T12:34:05.151365,neutral,0.993,2026-03-15T12:34:05.151365,0.6490270220678601,2026-03-15T12:34:05.125000,63,,,
participant_14,3,day,Town10HD_Opt,2026-03-15 12:34:06.327802,-19.59105491638184,-65.51204681396484,0.0019207381410524,0.177,0.002,0.0,0.0,0,0,1,,1.0,2026-03-15T12:34:06.327802,neutral,0.993,2026-03-15T12:34:05.151365,0.7114980472808061,2026-03-15T12:34:06.026000,64,,,
participant_14,3,day,Town10HD_Opt,2026-03-15 12:34:07.164389,-20.02985191345215,-65.51268768310547,0.0014955138321965,9.554,0.002,1.0,0.0,0,0,1,,1.0,2026-03-15T12:34:07.164389,neutral,0.988,2026-03-15T12:34:07.164389,0.8040146307151319,2026-03-15T12:34:07.015000,63,,,
participant_14,3,day,Town10HD_Opt,2026-03-15 12:34:08.286255,-24.41453742980957,-65.55168914794922,0.0015613173600286,29.503,0.693,1.0,0.0,0,0,1,,1.0,2026-03-15T12:34:08.286255,neutral,0.988,2026-03-15T12:34:07.164389,0.7133387242513313,2026-03-15T12:34:08.006000,62,,,
participant_14,3,day,Town10HD_Opt,2026-03-15 12:34:09.139852,-30.851730346679688,-65.7247314453125,0.0015395736554637,45.125,0.526,1.0,0.0,0,0,1,,1.0,2026-03-15T12:34:09.139852,neutral,0.988,2026-03-15T12:34:07.164389,0.8219834130402708,2026-03-15T12:34:09.265000,61,,,
participant_14,3,day,Town10HD_Opt,2026-03-15 12:34:10.329858,-42.40032196044922,-66.26886749267578,0.0021879577543586,48.879,0.08,0.994,0.0,0,0,1,,1.0,2026-03-15T12:34:10.329858,neutral,0.988,2026-03-15T12:34:10.329858,0.8655411824268583,2026-03-15T12:34:10.120000,62,,,
participant_14,3,day,Town10HD_Opt,2026-03-15 12:34:11.199775,-51.26269912719727,-66.76248168945312,0.0020346832461655,48.591,-0.221,0.986,0.0,0,0,1,,1.0,2026-03-15T12:34:11.199775,neutral,0.988,2026-03-15T12:34:10.329858,0.8628010558328701,2026-03-15T12:34:11.200000,61,,,
participant_14,3,day,Town10HD_Opt,2026-03-15 12:34:12.261809,-62.92571258544922,-67.29655456542969,0.002147254999727,48.737,-1.144,0.973,0.0,0,0,1,,1.0,2026-03-15T12:34:12.261809,neutral,0.988,2026-03-15T12:34:10.329858,0.9167030295532396,2026-03-15T12:34:12.010000,62,,,
participant_14,3,day,Town10HD_Opt,2026-03-15 12:34:13.101843,-71.69696044921875,-67.11225128173828,0.0022243116982281,48.011,-6.014,0.96,0.0,0,0,1,,1.0,2026-03-15T12:34:13.101843,neutral,0.981,2026-03-15T12:34:13.101843,0.99,2026-03-15T12:34:13.001000,62,,,
participant_14,3,day,Town10HD_Opt,2026-03-15 12:34:14.230967,-82.97091674804688,-64.18118286132812,0.0021557998843491,49.135,-3.207,0.979,0.0,0,0,1,,1.0,2026-03-15T12:34:14.230967,neutral,0.981,2026-03-15T12:34:13.101843,0.8650298994757428,2026-03-15T12:34:14.124000,62,,,
participant_14,3,day,Town10HD_Opt,2026-03-15 12:34:15.086908,-90.92937469482422,-60.241458892822266,0.0022374724503606,48.436,-4.534,0.975,0.0,0,0,1,,1.0,2026-03-15T12:34:15.086908,neutral,0.981,2026-03-15T12:34:13.101843,0.9584283211281794,2026-03-15T12:34:15.025000,62,,,
participant_14,3,day,Town10HD_Opt,2026-03-15 12:34:16.260325,-99.72068786621094,-52.73151397705078,0.0020535278599709,50.047,-6.417,0.954,0.0,0,0,1,,1.0,2026-03-15T12:34:16.260325,neutral,0.73,2026-03-15T12:34:16.260325,0.916532960036526,2026-03-15T12:34:16.060000,63,,,
participant_14,3,day,Town10HD_Opt,2026-03-15 12:34:17.148611,-104.41162109375,-45.35624313354492,0.0020930098835378,49.116,-3.886,0.939,0.0,0,0,1,,1.0,2026-03-15T12:34:17.148611,neutral,0.73,2026-03-15T12:34:16.260325,0.8922147291841741,2026-03-15T12:34:16.959000,63,,,
participant_14,3,day,Town10HD_Opt,2026-03-15 12:34:18.313743,-108.58953094482422,-34.480037689208984,0.0018844222649931,51.649,-4.07,0.0,0.148,0,0,1,,1.0,2026-03-15T12:34:18.313743,neutral,0.736,2026-03-15T12:34:18.313743,0.8473717720052227,2026-03-15T12:34:18.042000,63,,,
participant_14,3,day,Town10HD_Opt,2026-03-15 12:34:19.267079,-110.11576080322266,-25.83438491821289,0.0019031906267628,51.468,-3.459,0.0,0.147,0,0,1,,1.0,2026-03-15T12:34:19.267079,neutral,0.736,2026-03-15T12:34:18.313743,0.9101402880482438,2026-03-15T12:34:19.120000,63,,,
participant_14,3,day,Town10HD_Opt,2026-03-15 12:34:20.206655,-110.4317626953125,-17.06549072265625,0.0018895721295848,51.801,-0.141,0.0,0.18,0,0,1,,1.0,2026-03-15T12:34:20.206655,neutral,0.736,2026-03-15T12:34:18.313743,0.9315726295744516,2026-03-15T12:34:19.975000,63,,,
participant_14,3,day,Town10HD_Opt,2026-03-15 12:34:21.127948,-110.49827575683594,-8.296730995178223,0.0019414901034906,50.77,0.761,0.0,0.103,0,0,1,,1.0,2026-03-15T12:34:21.127948,neutral,0.941,2026-03-15T12:34:21.127948,0.8844283254439557,2026-03-15T12:34:20.965000,63,,,
participant_14,3,day,Town10HD_Opt,2026-03-15 12:34:22.356335,-110.80023956298828,2.809173822402954,0.0022198485676199,43.781,-2.118,0.083,0.0,0,0,1,,1.0,2026-03-15T12:34:22.356335,neutral,0.941,2026-03-15T12:34:21.127948,0.8715497779054282,2026-03-15T12:34:22,63,,,
participant_14,3,day,Town10HD_Opt,2026-03-15 12:34:23.332995,-110.5102310180664,9.729766845703123,0.0023487852886319,34.426,-5.773,0.0,0.0,0,0,1,,1.0,2026-03-15T12:34:23.332995,neutral,0.996,2026-03-15T12:34:23.332995,0.8240549755486232,2026-03-15T12:34:23.170000,62,,,
participant_14,3,day,Town10HD_Opt,2026-03-15 12:34:24.233854,-109.3998794555664,14.968233108520508,0.002310981741175,26.718,-9.861,0.0,0.0,0,0,1,,1.0,2026-03-15T12:34:24.233854,neutral,0.996,2026-03-15T12:34:23.332995,0.7939088739069236,2026-03-15T12:34:23.983000,60,,,
participant_14,3,day,Town10HD_Opt,2026-03-15 12:34:25.116954,-107.67105102539062,18.6297607421875,0.0022671127226203,19.659,-11.318,0.0,0.0,0,0,1,,1.0,2026-03-15T12:34:25.116954,neutral,0.996,2026-03-15T12:34:23.332995,0.8610238774186171,2026-03-15T12:34:25.060000,61,,,
participant_14,3,day,Town10HD_Opt,2026-03-15 12:34:26.132761,-105.79155731201172,21.159103393554688,0.0019943618681281,18.911,-6.35,0.822,0.0,0,0,1,,1.0,2026-03-15T12:34:26.132761,neutral,0.78,2026-03-15T12:34:26.132761,0.8691026396311978,2026-03-15T12:34:26.050000,61,,,
participant_14,3,day,Town10HD_Opt,2026-03-15 12:34:27.104393,-103.20694732666016,23.95134162902832,0.0018148040398955,25.631,-6.509,0.355,0.0,0,0,1,,1.0,2026-03-15T12:34:27.104393,neutral,0.78,2026-03-15T12:34:26.132761,0.8679202363415458,2026-03-15T12:34:27.041000,61,,,
participant_14,3,day,Town10HD_Opt,2026-03-15 12:34:28.376998,-98.58800506591795,27.1010971069336,0.002261581365019,20.228,-18.274,0.0,0.048,0,0,1,,1.0,2026-03-15T12:34:28.376998,neutral,0.95,2026-03-15T12:34:28.376998,0.8649265733875725,2026-03-15T12:34:27.986000,61,,,
participant_14,3,day,Town10HD_Opt,2026-03-15 12:34:29.088101,-96.68315887451172,27.67273330688477,0.0023987197782844,8.671,-12.92,0.0,0.12,0,0,1,,1.0,2026-03-15T12:34:29.088101,neutral,0.95,2026-03-15T12:34:28.376998,0.8901201129134925,2026-03-15T12:34:28.975000,62,,,
participant_14,3,day,Town10HD_Opt,2026-03-15 12:34:30.099532,-96.39871978759766,27.73311996459961,0.0020159911364316,0.024,-6.609,0.0,0.0,0,0,1,,1.0,2026-03-15T12:34:30.099532,neutral,0.95,2026-03-15T12:34:28.376998,0.8880678061817666,2026-03-15T12:34:30.055000,62,,,
participant_14,3,day,Town10HD_Opt,2026-03-15 12:34:31.346032,-96.39815521240234,27.73320960998535,0.001918182359077,0.138,-9.842,0.136,0.0,0,0,1,,1.0,2026-03-15T12:34:31.346032,neutral,0.957,2026-03-15T12:34:31.346032,0.8620569696409562,2026-03-15T12:34:31.045000,63,,,
participant_14,3,day,Town10HD_Opt,2026-03-15 12:34:32.321370,-96.33077239990234,27.7409896850586,0.0018422699067741,1.752,-11.827,0.293,0.0,0,0,1,,1.0,2026-03-15T12:34:32.321370,neutral,0.957,2026-03-15T12:34:31.346032,0.8690317838406425,2026-03-15T12:34:31.993000,64,,,
participant_14,3,day,Town10HD_Opt,2026-03-15 12:34:33.293559,-95.8106918334961,27.78276824951172,0.0018621062627062,3.992,-14.692,0.178,0.0,0,0,1,,1.0,2026-03-15T12:34:33.293559,neutral,0.957,2026-03-15T12:34:31.346032,0.8972356700199794,2026-03-15T12:34:33.026000,66,,,
participant_14,3,day,Town10HD_Opt,2026-03-15 12:34:34.225588,-95.0433578491211,27.804298400878903,0.0019198226509615,4.377,-10.571,0.0,0.0,0,0,1,,1.0,2026-03-15T12:34:34.225588,neutral,0.953,2026-03-15T12:34:34.225588,0.8755013981439445,2026-03-15T12:34:33.970000,64,,,
participant_14,3,day,Town10HD_Opt,2026-03-15 12:34:35.173801,-94.361083984375,27.83086585998535,0.00194980611559,3.375,-1.657,0.0,0.0,0,0,1,,1.0,2026-03-15T12:34:35.173801,neutral,0.953,2026-03-15T12:34:34.225588,0.8402008097946799,2026-03-15T12:34:34.960000,65,,,
participant_14,3,day,Town10HD_Opt,2026-03-15 12:34:36.130243,-93.83670806884766,27.8572940826416,0.0019438933813944,2.59,-4.162,0.0,0.0,0,0,1,,1.0,2026-03-15T12:34:36.130243,neutral,0.953,2026-03-15T12:34:34.225588,0.8717489750982024,2026-03-15T12:34:35.995000,64,,,
participant_14,3,day,Town10HD_Opt,2026-03-15 12:34:37.352559,-93.32176208496094,27.873544692993164,0.0019364166073501,1.821,-4.001,0.0,0.0,0,0,1,,1.0,2026-03-15T12:34:37.352559,neutral,1.0,2026-03-15T12:34:37.352559,0.8510936418230381,2026-03-15T12:34:37.075000,64,,,
participant_14,3,day,Town10HD_Opt,2026-03-15 12:34:38.318115,-93.03865814208984,27.88001251220703,0.0019324492895975,1.398,-4.011,0.0,0.0,0,0,1,,1.0,2026-03-15T12:34:38.318115,neutral,1.0,2026-03-15T12:34:37.352559,0.8758390021466871,2026-03-15T12:34:38.156000,66,,,
participant_14,3,day,Town10HD_Opt,2026-03-15 12:34:39.352159,-92.8213882446289,27.883695602416992,0.0019293593941256,1.073,-3.943,0.0,0.0,0,0,1,,1.0,2026-03-15T12:34:39.352159,neutral,1.0,2026-03-15T12:34:37.352559,0.935573107265422,2026-03-15T12:34:39.011000,66,,,
participant_14,3,day,Town10HD_Opt,2026-03-15 12:34:40.326178,-92.65528869628906,27.8867301940918,0.0019308852497488,0.717,-2.642,0.103,0.0,0,0,1,,1.0,2026-03-15T12:34:40.326178,neutral,0.994,2026-03-15T12:34:40.326178,0.8663246580343539,2026-03-15T12:34:40.092000,65,,,
participant_14,3,day,Town10HD_Opt,2026-03-15 12:34:41.338683,-92.1551742553711,27.89859962463379,0.0015985870268195,8.345,-0.98,0.856,0.0,0,0,1,,1.0,2026-03-15T12:34:41.338683,neutral,0.994,2026-03-15T12:34:40.326178,0.8735501354999954,2026-03-15T12:34:40.990000,66,,,
participant_14,3,day,Town10HD_Opt,2026-03-15 12:34:42.357100,-89.66814422607422,27.95488739013672,0.0018820952391251,18.368,-1.008,0.412,0.0,0,0,1,,1.0,2026-03-15T12:34:42.357100,neutral,0.962,2026-03-15T12:34:42.357100,0.8286345958806884,2026-03-15T12:34:42.120000,66,,,
participant_14,3,day,Town10HD_Opt,2026-03-15 12:34:43.304637,-86.47209930419922,27.97361183166504,0.0018561935285106,17.469,-1.295,0.0,0.0,0,0,1,,1.0,2026-03-15T12:34:43.304637,neutral,0.962,2026-03-15T12:34:42.357100,0.8217945375100268,2026-03-15T12:34:43.106000,66,,,
participant_14,3,day,Town10HD_Opt,2026-03-15 12:34:44.236510,-83.737548828125,27.9432315826416,0.0020410155411809,13.488,0.188,0.0,0.0,0,0,1,,1.0,2026-03-15T12:34:44.236510,neutral,0.962,2026-03-15T12:34:42.357100,0.8993774726616361,2026-03-15T12:34:44.275000,67,,,
participant_14,3,day,Town10HD_Opt,2026-03-15 12:34:45.229347,-81.63555908203125,27.93996238708496,0.0020180509891361,10.362,1.034,0.0,0.0,0,0,1,,1.0,2026-03-15T12:34:45.229347,neutral,0.998,2026-03-15T12:34:45.229347,0.8486637035769593,2026-03-15T12:34:45.039000,66,,,
participant_14,3,day,Town10HD_Opt,2026-03-15 12:34:46.188158,-80.02142333984375,27.95696258544922,0.0019953155424445,7.956,1.022,0.0,0.0,0,0,1,,1.0,2026-03-15T12:34:46.188158,neutral,0.998,2026-03-15T12:34:45.229347,0.8764327773862621,2026-03-15T12:34:46.120000,66,,,
participant_14,3,day,Town10HD_Opt,2026-03-15 12:34:47.158013,-78.7822494506836,27.97962188720703,0.0019776534754782,6.108,0.888,0.0,0.0,0,0,1,,1.0,2026-03-15T12:34:47.158013,neutral,0.998,2026-03-15T12:34:45.229347,0.8530944825942878,2026-03-15T12:34:47.200000,66,,,
participant_14,3,day,Town10HD_Opt,2026-03-15 12:34:48.078781,-78.16515350341797,27.99277305603028,0.0021456908434629,0.0,0.893,0.0,0.016,0,0,1,,1.0,2026-03-15T12:34:48.078781,neutral,0.996,2026-03-15T12:34:48.078781,0.880483670115909,2026-03-15T12:34:48.416000,65,,,
participant_14,3,day,Town10HD_Opt,2026-03-15 12:34:49.314144,-78.16398620605469,27.99280548095703,0.001922111492604,0.004,0.898,0.0,0.0,0,0,1,,1.0,2026-03-15T12:34:49.314144,neutral,0.996,2026-03-15T12:34:48.078781,0.904254551368774,2026-03-15T12:34:49,67,,,
participant_14,3,day,Town10HD_Opt,2026-03-15 12:34:50.305500,-78.16368103027344,27.992807388305664,0.001919288537465,0.001,0.592,0.0,0.0,0,0,1,,1.0,2026-03-15T12:34:50.305500,neutral,0.998,2026-03-15T12:34:50.305500,0.8153120784262667,2026-03-15T12:34:50.007000,65,,,
participant_14,3,day,Town10HD_Opt,2026-03-15 12:34:51.216009,-78.16364288330078,27.992807388305664,0.0019188689766451,0.006,0.583,0.0,0.0,0,0,1,,1.0,2026-03-15T12:34:51.216009,neutral,0.998,2026-03-15T12:34:50.305500,0.793880574277409,2026-03-15T12:34:50.981000,64,,,
participant_14,3,day,Town10HD_Opt,2026-03-15 12:34:52.101663,-78.16368103027344,27.992807388305664,0.001918678288348,0.006,0.583,0.0,0.0,0,0,1,,1.0,2026-03-15T12:34:52.101663,neutral,0.998,2026-03-15T12:34:50.305500,0.8989485228831833,2026-03-15T12:34:52.016000,64,,,
participant_14,3,day,Town10HD_Opt,2026-03-15 12:34:53.065890,-78.16358947753906,27.992807388305664,0.0019189834129065,0.002,0.583,0.0,0.0,0,0,1,,1.0,2026-03-15T12:34:53.065890,neutral,0.995,2026-03-15T12:34:53.065890,0.9457130133054074,2026-03-15T12:34:52.961000,65,,,
participant_14,4,day,Town10HD_Opt,2026-03-15 12:45:00.000000,-41.66859436035156,89.7454833984375,0.5804919004440308,16.191,-0.052,0.506,0.0,0,0,1,,1.0,2026-03-15T12:45:00,,,2026-03-15T12:45:00,0.4889788674075639,2026-03-15T12:45:00,62,,,
participant_14,4,day,Town10HD_Opt,2026-03-15 12:45:04.624313,-41.67965698242188,86.85845184326172,0.0017054748022928,16.782,-0.052,0.482,0.0,0,0,1,,0.964,2026-03-15T12:45:04.624313,sad,0.975,2026-03-15T12:45:04.624313,0.4533960075560574,2026-03-15T12:45:05.085000,62,,,
participant_14,4,day,Town10HD_Opt,2026-03-15 12:45:05.280619,-41.6889533996582,84.78829956054688,0.002064743079245,18.102,-0.052,0.334,0.0,0,0,1,,0.962,2026-03-15T12:45:05.280619,sad,0.975,2026-03-15T12:45:04.624313,0.3877259202190558,2026-03-15T12:45:05.986000,62,,,
participant_14,4,day,Town10HD_Opt,2026-03-15 12:45:06.299575,-41.6404914855957,81.61475372314453,0.0020172118674963,18.125,5.524,0.296,0.0,0,0,1,,0.919,2026-03-15T12:45:06.299575,sad,0.975,2026-03-15T12:45:04.624313,0.4259843750421009,2026-03-15T12:45:07.065000,60,,,
participant_14,4,day,Town10HD_Opt,2026-03-15 12:45:07.230486,-41.22743606567383,78.445068359375,0.0020277022849768,18.788,12.522,0.426,0.0,0,0,1,,0.904,2026-03-15T12:45:07.230486,happy,0.489,2026-03-15T12:45:07.230486,0.4587697949903246,2026-03-15T12:45:08.010000,64,,,
participant_14,4,day,Town10HD_Opt,2026-03-15 12:45:08.218512,-40.02458953857422,75.25127410888672,0.0020101547706872,20.584,18.508,0.398,0.0,0,0,1,,0.849,2026-03-15T12:45:08.218512,happy,0.489,2026-03-15T12:45:07.230486,0.5145006876470254,2026-03-15T12:45:09,63,,,
participant_14,4,day,Town10HD_Opt,2026-03-15 12:45:09.253674,-37.7020149230957,72.41002655029297,0.0020323561038821,21.859,19.302,0.398,0.0,0,0,1,,1.0,2026-03-15T12:45:09.253674,happy,0.69,2026-03-15T12:45:09.253674,0.5032039859128906,2026-03-15T12:45:09.990000,63,,,
participant_14,4,day,Town10HD_Opt,2026-03-15 12:45:10.284704,-34.35643005371094,70.45700073242188,0.0020401000510901,22.959,18.77,0.398,0.0,0,0,1,,0.917,2026-03-15T12:45:10.284704,happy,0.69,2026-03-15T12:45:09.253674,0.4537027565128744,2026-03-15T12:45:11.070000,65,,,
participant_14,4,day,Town10HD_Opt,2026-03-15 12:45:11.307994,-30.3509464263916,69.73048400878906,0.0020301819313317,24.04,11.318,0.387,0.0,0,0,1,,0.857,2026-03-15T12:45:11.307994,neutral,0.82,2026-03-15T12:45:11.307994,0.4200409853236064,2026-03-15T12:45:12.015000,66,,,
participant_14,4,day,Town10HD_Opt,2026-03-15 12:45:12.332620,-26.07747459411621,69.82613372802734,0.0020168684422969,24.96,0.477,0.387,0.0,0,0,1,,0.922,2026-03-15T12:45:12.332620,neutral,0.82,2026-03-15T12:45:11.307994,0.4758994537309333,2026-03-15T12:45:13.006000,69,,,
participant_14,4,day,Town10HD_Opt,2026-03-15 12:45:13.046565,-23.14510536193848,69.92125701904297,0.0020174025557935,25.436,-2.031,0.392,0.0,0,0,1,,0.837,2026-03-15T12:45:13.046565,neutral,0.82,2026-03-15T12:45:11.307994,0.4578057103650542,2026-03-15T12:45:13.006000,67,,,
participant_14,4,day,Town10HD_Opt,2026-03-15 12:45:14.028207,-18.62445831298828,69.99152374267578,0.0020155333913862,26.319,0.073,0.394,0.0,0,0,1,,1.0,2026-03-15T12:45:14.028207,happy,0.541,2026-03-15T12:45:14.028207,0.4769116802241854,2026-03-15T12:45:13.995000,69,,,
participant_14,4,day,Town10HD_Opt,2026-03-15 12:45:14.999694,-13.962383270263672,70.04733276367188,0.0020183562301099,27.077,-0.021,0.394,0.0,0,0,1,,0.86,2026-03-15T12:45:14.999694,happy,0.541,2026-03-15T12:45:14.028207,0.4824603175516598,2026-03-15T12:45:14.991000,72,,,
participant_14,4,day,Town10HD_Opt,2026-03-15 12:45:16.049346,-9.174362182617188,70.08928680419922,0.0020212554372847,27.747,0.082,0.394,0.0,0,0,1,,0.86,2026-03-15T12:45:16.049346,happy,0.738,2026-03-15T12:45:16.049346,0.4958470170118699,2026-03-15T12:45:16.065000,73,,,
participant_14,4,day,Town10HD_Opt,2026-03-15 12:45:17.087661,-4.275789737701416,70.14205932617188,0.00202381121926,28.303,0.021,0.394,0.0,0,0,1,,1.0,2026-03-15T12:45:17.087661,happy,0.738,2026-03-15T12:45:16.049346,0.4792037239012847,2026-03-15T12:45:17.013000,75,,,
participant_14,4,day,Town10HD_Opt,2026-03-15 12:45:18.052676,0.7198202610015869,70.17422485351562,0.002026290865615,28.839,-0.536,0.359,0.0,0,0,1,,0.892,2026-03-15T12:45:18.052676,happy,0.765,2026-03-15T12:45:18.052676,0.3986123121524195,2026-03-15T12:45:18.005000,77,,,
participant_14,4,day,Town10HD_Opt,2026-03-15 12:45:19.078786,5.73664665222168,70.14789581298828,0.0020661163143813,28.23,-0.36,0.221,0.0,0,0,1,,0.931,2026-03-15T12:45:19.078786,happy,0.765,2026-03-15T12:45:18.052676,0.4953520139718734,2026-03-15T12:45:19.981000,76,,,
participant_14,4,day,Town10HD_Opt,2026-03-15 12:45:20.099482,10.40646743774414,70.0863265991211,0.0021874236408621,24.237,-0.219,0.059,0.0,0,0,1,,0.918,2026-03-15T12:45:20.099482,happy,0.608,2026-03-15T12:45:20.099482,0.5023484496864569,2026-03-15T12:45:19.981000,76,,,
participant_14,4,day,Town10HD_Opt,2026-03-15 12:45:21.137014,14.17514705657959,70.03460693359375,0.0022344589233398,18.336,0.251,0.0,0.0,0,0,1,,0.924,2026-03-15T12:45:21.137014,happy,0.608,2026-03-15T12:45:20.099482,0.4767228206224989,2026-03-15T12:45:22.005000,74,,,
participant_14,4,day,Town10HD_Opt,2026-03-15 12:45:22.102634,17.058820724487305,70.01260375976562,0.002041091909632,14.282,0.585,0.013,0.0,0,0,1,,0.913,2026-03-15T12:45:22.102634,neutral,0.657,2026-03-15T12:45:22.102634,0.4512072620467214,2026-03-15T12:45:22.995000,70,,,
participant_14,4,day,Town10HD_Opt,2026-03-15 12:45:23.110292,19.30965232849121,70.0144271850586,0.0020137024112045,11.285,0.524,0.027,0.0,0,0,1,,0.873,2026-03-15T12:45:23.110292,neutral,0.657,2026-03-15T12:45:22.102634,0.5374179033989209,2026-03-15T12:45:23.986000,68,,,
participant_14,4,day,Town10HD_Opt,2026-03-15 12:45:24.047119,21.09157371520996,70.02417755126953,0.0019892882555723,9.115,0.249,0.094,0.0,0,0,1,,0.84,2026-03-15T12:45:24.047119,neutral,0.657,2026-03-15T12:45:22.102634,0.5048951649487059,2026-03-15T12:45:23.986000,68,,,
participant_14,4,day,Town10HD_Opt,2026-03-15 12:45:25.001312,22.587305068969727,70.03441619873047,0.0019539641216397,7.972,0.219,0.086,0.0,0,0,1,,0.926,2026-03-15T12:45:25.001312,happy,0.525,2026-03-15T12:45:25.001312,0.4942311523592791,2026-03-15T12:45:24.975000,67,,,
participant_14,4,day,Town10HD_Opt,2026-03-15 12:45:26.275806,24.307031631469727,70.04886627197266,0.001950797974132,6.666,0.174,0.078,0.0,0,0,1,,0.909,2026-03-15T12:45:26.275806,happy,0.525,2026-03-15T12:45:25.001312,0.5584630339690317,2026-03-15T12:45:27.001000,64,,,
participant_14,4,day,Town10HD_Opt,2026-03-15 12:45:27.275541,25.405237197875977,70.0594711303711,0.0019623565021902,5.569,0.162,0.0,0.0,0,0,1,,0.925,2026-03-15T12:45:27.275541,happy,0.819,2026-03-15T12:45:27.275541,0.6110762798381016,2026-03-15T12:45:27.991000,64,,,
participant_14,4,day,Town10HD_Opt,2026-03-15 12:45:28.235659,25.689483642578125,70.06238555908203,0.002003707922995,0.0,0.155,0.0,0.127,0,0,1,,0.932,2026-03-15T12:45:28.235659,happy,0.819,2026-03-15T12:45:27.275541,0.5627295032214816,2026-03-15T12:45:29.071000,63,,,
participant_14,4,day,Town10HD_Opt,2026-03-15 12:45:29.215293,25.77326393127441,70.06326293945312,0.0017311095725744,3.861,0.129,0.831,0.0,0,0,1,,0.935,2026-03-15T12:45:29.215293,happy,0.819,2026-03-15T12:45:27.275541,0.5867857133295076,2026-03-15T12:45:30.015000,62,,,
participant_14,4,day,Town10HD_Opt,2026-03-15 12:45:30.187509,27.45589065551757,70.0698013305664,0.0014949416508898,16.679,-3.149,0.782,0.0,0,0,1,,0.947,2026-03-15T12:45:30.187509,neutral,0.812,2026-03-15T12:45:30.187509,0.5921158407042546,2026-03-15T12:45:31.005000,61,,,errors=Stop sign violation
participant_14,4,day,Town10HD_Opt,2026-03-15 12:45:31.155660,30.89809226989746,69.77481079101562,0.0018660735804587,22.834,-10.235,0.541,0.0,0,0,1,,0.957,2026-03-15T12:45:31.155660,neutral,0.812,2026-03-15T12:45:30.187509,0.5551469935253163,2026-03-15T12:45:31.005000,63,,,
participant_14,4,day,Town10HD_Opt,2026-03-15 12:45:32.138584,35.06056213378906,68.52494049072266,0.0019184112315997,27.002,-12.454,0.541,0.0,0,0,1,,0.963,2026-03-15T12:45:32.138584,neutral,0.812,2026-03-15T12:45:30.187509,0.612360088912303,2026-03-15T12:45:32.987000,61,,,
participant_14,4,day,Town10HD_Opt,2026-03-15 12:45:33.193195,39.28377914428711,65.77007293701172,0.0019432449480518,30.946,-12.988,0.5,0.0,0,0,1,,0.93,2026-03-15T12:45:33.193195,happy,0.787,2026-03-15T12:45:33.193195,0.6851143412151942,2026-03-15T12:45:34.066000,61,Solid line crossing,Solid line crossing,
participant_14,4,day,Town10HD_Opt,2026-03-15 12:45:34.202001,42.64208221435547,61.490501403808594,0.0021613691933453,30.32,-13.146,0.233,0.0,0,0,1,,0.924,2026-03-15T12:45:34.202001,happy,0.787,2026-03-15T12:45:33.193195,0.5519774559093934,2026-03-15T12:45:35.010000,62,,,
participant_14,4,day,Town10HD_Opt,2026-03-15 12:45:35.191039,44.24392318725586,56.76081085205078,0.0021793365012854,26.729,-13.168,0.203,0.0,0,0,1,,0.938,2026-03-15T12:45:35.191039,happy,0.787,2026-03-15T12:45:33.193195,0.6128276781793728,2026-03-15T12:45:36,64,,,
participant_14,4,day,Town10HD_Opt,2026-03-15 12:45:36.164256,44.3750228881836,52.36477279663086,0.0021442794241011,23.762,-1.864,0.506,0.0,0,0,1,,0.969,2026-03-15T12:45:36.164256,happy,0.56,2026-03-15T12:45:36.164256,0.6541730254721716,2026-03-15T12:45:36,63,,,
participant_14,4,day,Town10HD_Opt,2026-03-15 12:45:37.135770,44.24874114990234,48.01613998413086,0.0018600082257762,26.668,0.881,0.518,0.0,0,0,1,,0.946,2026-03-15T12:45:37.135770,happy,0.56,2026-03-15T12:45:36.164256,0.5755070020015939,2026-03-15T12:45:38.026000,64,,,
participant_14,4,day,Town10HD_Opt,2026-03-15 12:45:38.036286,44.17546463012695,43.01178741455078,0.0019387435168027,30.311,0.266,0.501,0.0,0,0,1,,0.938,2026-03-15T12:45:38.036286,happy,0.56,2026-03-15T12:45:36.164256,0.6296539295437115,2026-03-15T12:45:38.026000,65,,,
participant_14,4,day,Town10HD_Opt,2026-03-15 12:45:38.992608,44.49991226196289,37.59424591064453,0.0020348739344626,31.401,12.473,0.405,0.0,0,0,1,,0.964,2026-03-15T12:45:38.992608,neutral,0.769,2026-03-15T12:45:38.992608,0.6572626518775287,2026-03-15T12:45:39.021000,65,,,
participant_14,4,day,Town10HD_Opt,2026-03-15 12:45:40.274430,47.57832717895508,31.095190048217773,0.0021440123673528,29.925,16.354,0.175,0.0,0,0,1,,1.0,2026-03-15T12:45:40.274430,neutral,0.769,2026-03-15T12:45:38.992608,0.5626813643558537,2026-03-15T12:45:40.995000,63,,,
participant_14,4,day,Town10HD_Opt,2026-03-15 12:45:41.216975,51.41389846801758,28.13509750366211,0.0022158431820571,25.513,16.05,0.159,0.0,0,0,1,,0.949,2026-03-15T12:45:41.216975,neutral,0.518,2026-03-15T12:45:41.216975,0.6859993610642698,2026-03-15T12:45:41.986000,62,,,
participant_14,4,day,Town10HD_Opt,2026-03-15 12:45:42.216911,55.362064361572266,26.95924186706543,0.0021932220552116,21.559,14.19,0.141,0.0,0,0,1,,0.941,2026-03-15T12:45:42.216911,neutral,0.518,2026-03-15T12:45:41.216975,0.6212683862765941,2026-03-15T12:45:42.978000,63,,,
participant_14,4,day,Town10HD_Opt,2026-03-15 12:45:43.214657,58.8363151550293,26.70872688293457,0.0021665573585778,18.047,0.475,0.114,0.0,0,0,1,,0.871,2026-03-15T12:45:43.214657,neutral,0.518,2026-03-15T12:45:41.216975,0.6097503051421348,2026-03-15T12:45:44.010000,64,,,
participant_14,4,day,Town10HD_Opt,2026-03-15 12:45:44.223597,61.85008239746094,26.51548957824707,0.0019962692167609,15.727,-0.167,0.0,0.0,0,0,1,,0.939,2026-03-15T12:45:44.223597,neutral,0.758,2026-03-15T12:45:44.223597,0.5670950212757897,2026-03-15T12:45:45.001000,65,,,
participant_14,4,day,Town10HD_Opt,2026-03-15 12:45:45.176420,64.28377532958984,26.36167907714844,0.0020660399459302,11.391,0.36,0.0,0.385,0,0,1,,0.908,2026-03-15T12:45:45.176420,neutral,0.758,2026-03-15T12:45:44.223597,0.6039705023229441,2026-03-15T12:45:45.991000,64,,,
participant_14,4,day,Town10HD_Opt,2026-03-15 12:45:46.112318,65.85028839111328,26.270164489746094,0.0020801543723791,5.996,0.36,0.0,0.337,0,0,1,,0.813,2026-03-15T12:45:46.112318,neutral,0.758,2026-03-15T12:45:44.223597,0.5601885453106116,2026-03-15T12:45:45.991000,64,,,
participant_14,4,day,Town10HD_Opt,2026-03-15 12:45:47.131631,66.09718322753906,26.255733489990234,0.0019953537266701,0.0,0.355,0.0,0.226,0,0,1,,0.9,2026-03-15T12:45:47.131631,neutral,0.628,2026-03-15T12:45:47.131631,0.5459848333176957,2026-03-15T12:45:48.016000,64,,,
participant_14,4,day,Town10HD_Opt,2026-03-15 12:45:48.108126,66.09758758544922,26.25571632385254,0.001921615563333,0.004,0.327,0.0,0.0,0,0,1,,0.905,2026-03-15T12:45:48.108126,neutral,0.628,2026-03-15T12:45:47.131631,0.6367702410365679,2026-03-15T12:45:49.006000,64,,,
participant_14,4,day,Town10HD_Opt,2026-03-15 12:45:49.038059,66.09783172607422,26.25571632385254,0.0019193649059161,0.006,0.266,0.0,0.0,0,0,1,,0.92,2026-03-15T12:45:49.038059,neutral,0.628,2026-03-15T12:45:47.131631,0.6346088366816407,2026-03-15T12:45:49.006000,64,,,
participant_14,4,day,Town10HD_Opt,2026-03-15 12:45:50.031643,66.0979232788086,26.25571632385254,0.0019189452286809,0.001,0.209,0.0,0.0,0,0,1,,0.833,2026-03-15T12:45:50.031643,happy,0.547,2026-03-15T12:45:50.031643,0.5848923009340132,2026-03-15T12:45:50.005000,65,,,
participant_14,4,day,Town10HD_Opt,2026-03-15 12:45:51.038638,66.0978775024414,26.25571632385254,0.0019187545403838,0.001,0.209,0.0,0.0,0,0,1,,0.87,2026-03-15T12:45:51.038638,happy,0.547,2026-03-15T12:45:50.031643,0.6838043845350036,2026-03-15T12:45:50.986000,64,,,
participant_14,4,day,Town10HD_Opt,2026-03-15 12:45:52.274954,66.09801483154297,26.25571632385254,0.0019187545403838,0.001,0.209,0.0,0.0,0,0,1,,0.897,2026-03-15T12:45:52.274954,neutral,0.746,2026-03-15T12:45:52.274954,0.6667618389515796,2026-03-15T12:45:53.010000,62,,,
participant_14,4,day,Town10HD_Opt,2026-03-15 12:45:53.271010,66.09805297851562,26.25571632385254,0.001919021597132,0.005,0.209,0.0,0.0,0,0,1,,0.91,2026-03-15T12:45:53.271010,neutral,0.746,2026-03-15T12:45:52.274954,0.7409509146943182,2026-03-15T12:45:54.092000,66,,,
participant_14,4,day,Town10HD_Opt,2026-03-15 12:45:54.227128,66.09825897216797,26.25571632385254,0.0019192122854292,0.005,0.209,0.0,0.0,0,0,1,,0.875,2026-03-15T12:45:54.227128,neutral,0.746,2026-03-15T12:45:52.274954,0.7750817250357619,2026-03-15T12:45:55.036000,68,,,
participant_14,4,day,Town10HD_Opt,2026-03-15 12:45:55.147689,66.09844970703125,26.25571632385254,0.001919021597132,0.007,0.202,0.0,0.0,0,0,1,,0.856,2026-03-15T12:45:55.147689,neutral,0.637,2026-03-15T12:45:55.147689,0.6863774593954384,2026-03-15T12:45:55.981000,69,,,
participant_14,4,day,Town10HD_Opt,2026-03-15 12:45:56.089991,66.09840393066406,26.25571632385254,0.0019188689766451,0.001,0.106,0.0,0.0,0,0,1,,0.93,2026-03-15T12:45:56.089991,neutral,0.637,2026-03-15T12:45:55.147689,0.7693922054603332,2026-03-15T12:45:55.981000,69,,,
participant_14,4,day,Town10HD_Opt,2026-03-15 12:45:57.002045,66.098388671875,26.25571632385254,0.001919021597132,0.0,-0.049,0.0,0.0,0,0,1,,0.939,2026-03-15T12:45:57.002045,neutral,0.637,2026-03-15T12:45:55.147689,0.8152507361076559,2026-03-15T12:45:57.016000,69,,,
participant_14,4,day,Town10HD_Opt,2026-03-15 12:45:58.263108,66.09850311279297,26.25571632385254,0.001919021597132,0.0,-0.202,0.0,0.0,0,0,1,,0.922,2026-03-15T12:45:58.263108,neutral,0.721,2026-03-15T12:45:58.263108,0.7847286251641153,2026-03-15T12:45:59.085000,67,,,
participant_14,4,day,Town10HD_Opt,2026-03-15 12:45:59.213365,66.09868621826172,26.25571632385254,0.0019191360333934,0.005,-0.211,0.0,0.0,0,0,1,,0.919,2026-03-15T12:45:59.213365,neutral,0.721,2026-03-15T12:45:58.263108,0.8129364656656517,2026-03-15T12:46:00.075000,63,,,
participant_14,4,day,Town10HD_Opt,2026-03-15 12:46:00.176807,66.09893035888672,26.25571632385254,0.0019191360333934,0.006,-0.211,0.0,0.0,0,0,1,,0.903,2026-03-15T12:46:00.176807,neutral,0.721,2026-03-15T12:45:58.263108,0.8550813273278633,2026-03-15T12:46:00.976000,64,,,
participant_14,4,day,Town10HD_Opt,2026-03-15 12:46:01.127300,66.09893035888672,26.25571632385254,0.0019189071608707,0.001,-0.214,0.0,0.0,0,0,1,,0.896,2026-03-15T12:46:01.127300,happy,0.606,2026-03-15T12:46:01.127300,0.8059010037372125,2026-03-15T12:46:02.011000,61,,,
participant_14,4,day,Town10HD_Opt,2026-03-15 12:46:02.136746,66.09889221191406,26.25571632385254,0.0019187545403838,0.0,-0.214,0.0,0.0,0,0,1,,0.903,2026-03-15T12:46:02.136746,happy,0.606,2026-03-15T12:46:01.127300,0.8720925519820772,2026-03-15T12:46:03.001000,60,,,
participant_14,4,day,Town10HD_Opt,2026-03-15 12:46:03.069750,66.09901428222656,26.25571632385254,0.0019190596649423,0.005,-0.221,0.0,0.0,0,0,1,,0.906,2026-03-15T12:46:03.069750,happy,0.606,2026-03-15T12:46:01.127300,0.8879177731862998,2026-03-15T12:46:03.001000,60,,,
participant_14,4,day,Town10HD_Opt,2026-03-15 12:46:04.272718,66.09912109375,26.25571632385254,0.0019190596649423,0.005,-0.258,0.0,0.0,0,0,1,,0.917,2026-03-15T12:46:04.272718,happy,0.559,2026-03-15T12:46:04.272718,0.8867945197072667,2026-03-15T12:46:04.981000,59,,,
participant_14,4,day,Town10HD_Opt,2026-03-15 12:46:05.258717,66.0993423461914,26.25571632385254,0.0019192504696547,0.006,-0.275,0.0,0.0,0,0,1,,0.922,2026-03-15T12:46:05.258717,happy,0.559,2026-03-15T12:46:04.272718,0.8106076846642291,2026-03-15T12:46:06.016000,58,,,
participant_14,4,day,Town10HD_Opt,2026-03-15 12:46:06.172939,66.0994644165039,26.255714416503903,0.0019189452286809,0.001,-0.287,0.0,0.0,0,0,1,,0.89,2026-03-15T12:46:06.172939,happy,0.559,2026-03-15T12:46:04.272718,0.7871740962648247,2026-03-15T12:46:07.005000,60,,,
participant_14,4,day,Town10HD_Opt,2026-03-15 12:46:07.145298,66.09941864013672,26.255714416503903,0.0019187927246093,0.001,-0.287,0.0,0.0,0,0,1,,0.9,2026-03-15T12:46:07.145298,neutral,0.543,2026-03-15T12:46:07.145298,0.8533002840499043,2026-03-15T12:46:07.995000,62,,,
participant_14,4,day,Town10HD_Opt,2026-03-15 12:46:08.063983,66.0994644165039,26.25571632385254,0.0019190596649423,0.004,-0.287,0.0,0.0,0,0,1,,0.909,2026-03-15T12:46:08.063983,neutral,0.543,2026-03-15T12:46:07.145298,0.8230848455235089,2026-03-15T12:46:07.995000,61,,,
participant_14,4,day,Town10HD_Opt,2026-03-15 12:46:08.999713,66.09966278076172,26.25571632385254,0.0019192122854292,0.005,-0.289,0.0,0.0,0,0,1,,0.933,2026-03-15T12:46:08.999713,neutral,0.543,2026-03-15T12:46:07.145298,0.8186209568608909,2026-03-15T12:46:08.988000,62,,,
participant_14,4,day,Town10HD_Opt,2026-03-15 12:46:10.218578,66.09976959228516,26.25571632385254,0.0019192122854292,0.005,-0.289,0.0,0.0,0,0,1,,0.913,2026-03-15T12:46:10.218578,happy,0.697,2026-03-15T12:46:10.218578,0.89200061468993,2026-03-15T12:46:11.011000,59,,,
participant_14,4,day,Town10HD_Opt,2026-03-15 12:46:11.145393,66.09998321533203,26.255714416503903,0.0019189834129065,0.001,-0.289,0.0,0.0,0,0,1,,0.946,2026-03-15T12:46:11.145393,happy,0.697,2026-03-15T12:46:10.218578,0.7994073638036395,2026-03-15T12:46:12,61,,,
participant_14,4,day,Town10HD_Opt,2026-03-15 12:46:12.002727,66.09994506835938,26.255714416503903,0.0019188689766451,0.001,-0.298,0.0,0.0,0,0,1,,0.909,2026-03-15T12:46:12.002727,happy,0.697,2026-03-15T12:46:10.218578,0.7771823037263852,2026-03-15T12:46:12,60,,,
participant_14,4,day,Town10HD_Opt,2026-03-15 12:46:13.199365,66.1000747680664,26.255714416503903,0.0019188689766451,0.001,-0.313,0.0,0.0,0,0,1,,0.938,2026-03-15T12:46:13.199365,neutral,0.511,2026-03-15T12:46:13.199365,0.6681316076335164,2026-03-15T12:46:14.071000,61,,,
participant_14,4,day,Town10HD_Opt,2026-03-15 12:46:14.114252,66.10003662109375,26.25571632385254,0.001919021597132,0.0,-0.331,0.0,0.0,0,0,1,,0.92,2026-03-15T12:46:14.114252,neutral,0.511,2026-03-15T12:46:13.199365,0.7551301786278907,2026-03-15T12:46:15.015000,61,,,
participant_14,4,day,Town10HD_Opt,2026-03-15 12:46:15.021079,66.10021209716797,26.255714416503903,0.0019190978491678,0.005,-0.331,0.0,0.0,0,0,1,,0.9,2026-03-15T12:46:15.021079,neutral,0.511,2026-03-15T12:46:13.199365,0.7866307134742829,2026-03-15T12:46:15.015000,60,,,
participant_14,4,day,Town10HD_Opt,2026-03-15 12:46:16.237564,66.1003189086914,26.25571250915528,0.0019190596649423,0.005,-0.331,0.0,0.0,0,0,1,,0.823,2026-03-15T12:46:16.237564,neutral,0.57,2026-03-15T12:46:16.237564,0.8389371266825126,2026-03-15T12:46:17.042000,58,,,
participant_14,4,day,Town10HD_Opt,2026-03-15 12:46:17.189486,66.1005630493164,26.25571060180664,0.0019192504696547,0.006,-0.331,0.0,0.0,0,0,1,,0.904,2026-03-15T12:46:17.189486,neutral,0.57,2026-03-15T12:46:16.237564,0.8595361281882601,2026-03-15T12:46:18.031000,57,,,
participant_14,4,day,Town10HD_Opt,2026-03-15 12:46:18.139787,66.10062408447266,26.255704879760746,0.0019189452286809,0.001,-0.331,0.0,0.0,0,0,1,,0.919,2026-03-15T12:46:18.139787,neutral,0.57,2026-03-15T12:46:16.237564,0.8117560893404046,2026-03-15T12:46:19.021000,57,,,
participant_14,4,day,Town10HD_Opt,2026-03-15 12:46:19.036286,66.1005859375,26.25570297241211,0.0019187545403838,0.001,-0.331,0.0,0.0,0,0,1,,0.863,2026-03-15T12:46:19.036286,happy,0.61,2026-03-15T12:46:19.036286,0.7916199014654478,2026-03-15T12:46:19.021000,57,,,
participant_14,4,day,Town10HD_Opt,2026-03-15 12:46:20.012682,66.10066986083984,26.255704879760746,0.0019190596649423,0.005,-0.331,0.0,0.0,0,0,1,,0.904,2026-03-15T12:46:20.012682,happy,0.61,2026-03-15T12:46:19.036286,0.7899302984002605,2026-03-15T12:46:20.015000,58,,,
participant_14,4,day,Town10HD_Opt,2026-03-15 12:46:21.198442,66.10079193115234,26.25570297241211,0.0019190596649423,0.005,-0.327,0.0,0.0,0,0,1,,0.902,2026-03-15T12:46:21.198442,neutral,0.759,2026-03-15T12:46:21.198442,0.829445358143708,2026-03-15T12:46:21.001000,57,,,
participant_14,4,day,Town10HD_Opt,2026-03-15 12:46:22.194715,66.10099792480469,26.255699157714844,0.0019192504696547,0.006,-0.32,0.0,0.0,0,0,1,,1.0,2026-03-15T12:46:22.194715,neutral,0.759,2026-03-15T12:46:21.198442,0.7766539359475435,2026-03-15T12:46:22.981000,57,,,
participant_14,4,day,Town10HD_Opt,2026-03-15 12:46:23.119175,66.1011734008789,26.25569725036621,0.0019189834129065,0.001,-0.313,0.0,0.0,0,0,1,,0.944,2026-03-15T12:46:23.119175,neutral,0.759,2026-03-15T12:46:21.198442,0.8355472730628665,2026-03-15T12:46:24.016000,57,,,
participant_14,4,day,Town10HD_Opt,2026-03-15 12:46:24.245927,66.10131072998047,26.25569725036621,0.0019189834129065,0.001,-0.308,0.0,0.0,0,0,1,,0.934,2026-03-15T12:46:24.245927,happy,0.631,2026-03-15T12:46:24.245927,0.8416582640350101,2026-03-15T12:46:25.096000,57,,,
participant_14,4,day,Town10HD_Opt,2026-03-15 12:46:25.138116,66.10126495361328,26.25569725036621,0.0019188307924196,0.001,-0.275,0.0,0.0,0,0,1,,0.93,2026-03-15T12:46:25.138116,happy,0.631,2026-03-15T12:46:24.245927,0.8380127969487077,2026-03-15T12:46:26.041000,56,,,
participant_14,4,day,Town10HD_Opt,2026-03-15 12:46:26.011968,66.10124969482422,26.25569725036621,0.001919021597132,0.0,-0.251,0.0,0.0,0,0,1,,0.902,2026-03-15T12:46:26.011968,happy,0.631,2026-03-15T12:46:24.245927,0.7307468811596058,2026-03-15T12:46:26.041000,57,,,
participant_14,4,day,Town10HD_Opt,2026-03-15 12:46:27.269231,66.10136413574219,26.25569725036621,0.0019189834129065,0.0,-0.247,0.0,0.0,0,0,1,,0.913,2026-03-15T12:46:27.269231,happy,0.554,2026-03-15T12:46:27.269231,0.794952996558481,2026-03-15T12:46:28.021000,57,,,
participant_14,4,day,Town10HD_Opt,2026-03-15 12:46:28.170210,66.1015396118164,26.25569725036621,0.0019190978491678,0.005,-0.209,0.0,0.0,0,0,1,,0.895,2026-03-15T12:46:28.170210,happy,0.554,2026-03-15T12:46:27.269231,0.7676552894156273,2026-03-15T12:46:29.012000,56,,,
participant_14,4,day,Town10HD_Opt,2026-03-15 12:46:29.094407,66.10179138183594,26.25569725036621,0.0019191360333934,0.006,-0.2,0.0,0.0,0,0,1,,0.921,2026-03-15T12:46:29.094407,happy,0.554,2026-03-15T12:46:27.269231,0.7056420661861409,2026-03-15T12:46:29.012000,58,,,
participant_14,4,day,Town10HD_Opt,2026-03-15 12:46:30.243081,66.10189056396484,26.25569725036621,0.0019192122854292,0.006,-0.2,0.0,0.0,0,0,1,,0.937,2026-03-15T12:46:30.243081,neutral,0.578,2026-03-15T12:46:30.243081,0.7623738722854427,2026-03-15T12:46:30.991000,57,,,
participant_14,4,day,Town10HD_Opt,2026-03-15 12:46:31.149176,66.10192108154297,26.25569725036621,0.0019189071608707,0.001,-0.2,0.0,0.0,0,0,1,,0.893,2026-03-15T12:46:31.149176,neutral,0.578,2026-03-15T12:46:30.243081,0.7465250094125392,2026-03-15T12:46:31.981000,58,,,
participant_14,4,day,Town10HD_Opt,2026-03-15 12:46:32.049690,66.10187530517578,26.25569725036621,0.0019187545403838,0.001,-0.2,0.0,0.0,0,0,1,,0.933,2026-03-15T12:46:32.049690,neutral,0.578,2026-03-15T12:46:30.243081,0.7435789294308582,2026-03-15T12:46:31.981000,57,,,
participant_14,4,day,Town10HD_Opt,2026-03-15 12:46:33.258677,66.10201263427734,26.25569725036621,0.0019187163561582,0.001,-0.2,0.0,0.0,0,0,1,,0.943,2026-03-15T12:46:33.258677,neutral,0.827,2026-03-15T12:46:33.258677,0.8183605516948829,2026-03-15T12:46:34.006000,60,,,
participant_14,4,day,Town10HD_Opt,2026-03-15 12:46:34.183040,66.10209655761719,26.25569725036621,0.001919021597132,0.005,-0.2,0.0,0.0,0,0,1,,0.922,2026-03-15T12:46:34.183040,neutral,0.827,2026-03-15T12:46:33.258677,0.6889529064981308,2026-03-15T12:46:34.997000,60,,,
participant_14,4,day,Town10HD_Opt,2026-03-15 12:46:35.143203,66.10230255126953,26.25569725036621,0.0019192504696547,0.005,-0.2,0.0,0.0,0,0,1,,0.943,2026-03-15T12:46:35.143203,neutral,0.827,2026-03-15T12:46:33.258677,0.7422383065929727,2026-03-15T12:46:36.032000,59,,,
participant_14,4,day,Town10HD_Opt,2026-03-15 12:46:36.048441,66.10244750976562,26.25569725036621,0.0019189834129065,0.001,-0.148,0.0,0.0,0,0,1,,1.0,2026-03-15T12:46:36.048441,neutral,0.769,2026-03-15T12:46:36.048441,0.7524243928900661,2026-03-15T12:46:36.032000,60,,,
participant_14,4,day,Town10HD_Opt,2026-03-15 12:46:37.268545,66.10708618164062,26.25540542602539,0.0019183730473741,0.022,-0.202,0.161,0.0,0,1,-1,,0.908,2026-03-15T12:46:37.268545,neutral,0.769,2026-03-15T12:46:36.048441,0.6342825899480581,2026-03-15T12:46:38.011000,58,,,
participant_14,4,day,Town10HD_Opt,2026-03-15 12:46:38.177423,66.04872131347656,26.262285232543945,0.0020824812818318,2.863,-8.313,0.613,0.0,0,1,-1,,0.967,2026-03-15T12:46:38.177423,neutral,0.81,2026-03-15T12:46:38.177423,0.7393442594803443,2026-03-15T12:46:39.003000,59,,,
participant_14,4,day,Town10HD_Opt,2026-03-15 12:46:39.035477,65.0587158203125,26.357852935791016,0.0021771239116787,9.484,-7.418,0.628,0.0,0,1,-1,,0.843,2026-03-15T12:46:39.035477,neutral,0.81,2026-03-15T12:46:38.177423,0.7460252144933501,2026-03-15T12:46:39.003000,58,,,errors=Vehicle collision
participant_14,4,day,Town10HD_Opt,2026-03-15 12:46:40.201102,63.969970703125,26.417686462402344,0.006328391842544,0.076,0.094,0.472,0.0,0,1,-1,,0.814,2026-03-15T12:46:40.201102,sad,0.342,2026-03-15T12:46:40.201102,0.7664378328192137,2026-03-15T12:46:40.981000,58,,,
participant_14,4,day,Town10HD_Opt,2026-03-15 12:46:41.102668,63.970497131347656,26.433210372924805,0.0046128844842314,0.05,1.415,0.0,0.0,0,1,-1,,0.827,2026-03-15T12:46:41.102668,sad,0.342,2026-03-15T12:46:40.201102,0.621707713281224,2026-03-15T12:46:40.981000,56,,,
participant_14,4,day,Town10HD_Opt,2026-03-15 12:46:42.237893,64.15035247802734,26.45176887512207,0.0018513107206672,3.046,10.521,0.531,0.0,0,0,1,,0.91,2026-03-15T12:46:42.237893,neutral,0.845,2026-03-15T12:46:42.237893,0.7359244517874483,2026-03-15T12:46:43.007000,59,,,
participant_14,4,day,Town10HD_Opt,2026-03-15 12:46:43.157645,65.09357452392578,26.635332107543945,0.0018746566493064,6.404,14.584,0.0,0.0,0,0,1,,0.869,2026-03-15T12:46:43.157645,neutral,0.845,2026-03-15T12:46:42.237893,0.7183637424516807,2026-03-15T12:46:43.007000,59,,,
participant_14,4,day,Town10HD_Opt,2026-03-15 12:46:44.010702,66.05089569091797,26.880868911743164,0.0019624710548669,4.893,8.53,0.0,0.0,0,0,1,,0.975,2026-03-15T12:46:44.010702,neutral,0.845,2026-03-15T12:46:42.237893,0.7550518592773231,2026-03-15T12:46:44.086000,59,,,
participant_14,4,day,Town10HD_Opt,2026-03-15 12:46:45.171111,66.99491882324219,27.12649917602539,0.0019518280168995,3.445,1.777,0.0,0.0,0,0,1,,0.907,2026-03-15T12:46:45.171111,neutral,0.55,2026-03-15T12:46:45.171111,0.7586220875721068,2026-03-15T12:46:46.021000,62,,,
participant_14,4,day,Town10HD_Opt,2026-03-15 12:46:46.037645,67.5015869140625,27.25181579589844,0.0019265746232122,3.025,6.725,0.314,0.0,0,0,1,,0.934,2026-03-15T12:46:46.037645,neutral,0.55,2026-03-15T12:46:45.171111,0.755379864531245,2026-03-15T12:46:46.021000,62,,,
participant_14,4,day,Town10HD_Opt,2026-03-15 12:46:47.194791,68.64008331298828,27.55742454528809,0.001816101022996,7.435,-2.857,0.286,0.0,0,0,1,,0.891,2026-03-15T12:46:47.194791,neutral,0.46,2026-03-15T12:46:47.194791,0.7501459211747729,2026-03-15T12:46:48.091000,62,,,
participant_14,4,day,Town10HD_Opt,2026-03-15 12:46:48.108242,70.10135650634766,27.86764907836914,0.0018365859286859,9.928,-2.974,0.231,0.0,0,0,1,,0.937,2026-03-15T12:46:48.108242,neutral,0.46,2026-03-15T12:46:47.194791,0.7422558266335103,2026-03-15T12:46:48.991000,61,,,
participant_14,4,day,Town10HD_Opt,2026-03-15 12:46:49.271356,72.14997100830078,28.32613945007324,0.002049446105957,6.411,4.15,0.0,0.31,0,0,1,,0.938,2026-03-15T12:46:49.271356,neutral,0.563,2026-03-15T12:46:49.271356,0.7500090991139196,2026-03-15T12:46:50.026000,64,,,
participant_14,4,day,Town10HD_Opt,2026-03-15 12:46:50.140520,72.42526245117188,28.39900779724121,0.0020001982338726,0.0,3.459,0.0,0.4,0,0,1,,0.945,2026-03-15T12:46:50.140520,neutral,0.563,2026-03-15T12:46:49.271356,0.6710644980297265,2026-03-15T12:46:51.016000,65,,,
participant_14,4,day,Town10HD_Opt,2026-03-15 12:46:51.257643,72.4242172241211,28.39874267578125,0.0019219588721171,0.02,3.363,0.308,0.0,0,1,-1,,0.832,2026-03-15T12:46:51.257643,neutral,0.563,2026-03-15T12:46:49.271356,0.8672959266881377,2026-03-15T12:46:52.006000,66,,,
participant_14,4,day,Town10HD_Opt,2026-03-15 12:46:52.126574,72.40764617919922,28.39408302307129,0.0019377898424863,1.395,5.749,0.391,0.0,0,1,-1,,0.927,2026-03-15T12:46:52.126574,neutral,0.377,2026-03-15T12:46:52.126574,0.7712151793505885,2026-03-15T12:46:52.006000,66,,,
participant_14,4,day,Town10HD_Opt,2026-03-15 12:46:53.009353,71.92378234863281,28.26091957092285,0.0020020676311105,4.089,3.41,0.281,0.0,0,1,-1,,0.894,2026-03-15T12:46:53.009353,neutral,0.377,2026-03-15T12:46:52.126574,0.811765564763307,2026-03-15T12:46:53.086000,66,,,
participant_14,4,day,Town10HD_Opt,2026-03-15 12:46:54.260446,71.11802673339844,28.066680908203125,0.0018972395919263,3.025,3.983,0.283,0.0,0,1,-1,,0.934,2026-03-15T12:46:54.260446,sad,0.426,2026-03-15T12:46:54.260446,0.7453401472331197,2026-03-15T12:46:55.067000,67,,,
participant_14,4,day,Town10HD_Opt,2026-03-15 12:46:55.150043,70.65997314453125,27.95298957824707,0.0018932723905891,2.309,7.382,0.237,0.0,0,1,-1,,0.928,2026-03-15T12:46:55.150043,sad,0.426,2026-03-15T12:46:54.260446,0.766984679751496,2026-03-15T12:46:56.011000,68,,,
participant_14,4,day,Town10HD_Opt,2026-03-15 12:46:56.079792,70.2952880859375,27.8597412109375,0.0019173431210219,2.055,12.355,0.241,0.0,0,1,-1,,0.932,2026-03-15T12:46:56.079792,sad,0.426,2026-03-15T12:46:54.260446,0.6807044327999583,2026-03-15T12:46:56.011000,66,,,errors=Vehicle collision
participant_14,4,day,Town10HD_Opt,2026-03-15 12:46:57.256831,70.02686309814453,27.830734252929688,0.0017544936854392,1.0,15.378,0.267,0.0,0,1,-1,,1.0,2026-03-15T12:46:57.256831,neutral,0.596,2026-03-15T12:46:57.256831,0.8118411639501847,2026-03-15T12:46:58.126000,67,,,
participant_14,4,day,Town10HD_Opt,2026-03-15 12:46:58.125025,69.83202362060547,27.80388641357422,0.0023738860618323,1.351,15.339,0.27,0.0,0,1,-1,,0.824,2026-03-15T12:46:58.125025,neutral,0.596,2026-03-15T12:46:57.256831,0.798959683720398,2026-03-15T12:46:58.982000,68,,,errors=Vehicle collision
participant_14,4,day,Town10HD_Opt,2026-03-15 12:46:59.271809,69.56217956542969,27.76995086669922,0.0028343200683593,0.534,14.467,0.0,0.0,0,1,-1,,0.92,2026-03-15T12:46:59.271809,sad,0.399,2026-03-15T12:46:59.271809,0.7072049519394439,2026-03-15T12:47:00.016000,68,,,
participant_14,4,day,Town10HD_Opt,2026-03-15 12:47:00.192336,69.52059936523438,27.765729904174805,0.0026454543694853,0.044,14.531,0.0,0.0,0,1,-1,,1.0,2026-03-15T12:47:00.192336,sad,0.399,2026-03-15T12:46:59.271809,0.7209344516962971,2026-03-15T12:47:01.096000,68,,,
participant_14,4,day,Town10HD_Opt,2026-03-15 12:47:01.059108,69.51815032958984,27.765851974487305,0.0023543166462332,0.005,14.418,0.0,0.0,0,1,-1,,1.0,2026-03-15T12:47:01.059108,sad,0.399,2026-03-15T12:46:59.271809,0.738026899445253,2026-03-15T12:47:01.096000,67,,,errors=Vehicle collision
participant_14,4,day,Town10HD_Opt,2026-03-15 12:47:02.138496,69.51986694335938,27.766469955444336,0.0019750976935029,0.005,15.98,0.022,0.0,0,0,1,,1.0,2026-03-15T12:47:02.138496,neutral,0.454,2026-03-15T12:47:02.138496,0.761156160211593,2026-03-15T12:47:02.087000,68,,,
participant_14,4,day,Town10HD_Opt,2026-03-15 12:47:03.024865,69.5297622680664,27.76953125,0.0019014739664271,0.692,24.787,0.179,0.0,0,0,1,,0.885,2026-03-15T12:47:03.024865,neutral,0.454,2026-03-15T12:47:02.138496,0.7364493174713257,2026-03-15T12:47:03.084000,68,,,
participant_14,4,day,Town10HD_Opt,2026-03-15 12:47:04.142485,69.97589111328125,27.92733383178711,0.0018226623069494,4.068,17.221,0.0,0.0,0,0,1,,1.0,2026-03-15T12:47:04.142485,sad,0.456,2026-03-15T12:47:04.142485,0.7728452266801537,2026-03-15T12:47:04.021000,66,,,
participant_14,4,day,Town10HD_Opt,2026-03-15 12:47:05.276659,70.8079833984375,28.140668869018555,0.0019301223801448,3.643,-5.394,0.505,0.0,0,0,1,,1.0,2026-03-15T12:47:05.276659,sad,0.456,2026-03-15T12:47:04.142485,0.7548819055384535,2026-03-15T12:47:06.046000,65,,,
participant_14,4,day,Town10HD_Opt,2026-03-15 12:47:06.120500,72.10829162597656,28.328086853027344,0.0015679930802434,13.513,-7.629,0.814,0.0,0,0,1,,1.0,2026-03-15T12:47:06.120500,sad,0.456,2026-03-15T12:47:04.142485,0.7561175425340572,2026-03-15T12:47:06.994000,67,,,
participant_14,4,day,Town10HD_Opt,2026-03-15 12:47:07.234374,76.44542694091797,28.552433013916016,0.0020236587151885,19.89,-2.617,0.0,0.112,0,0,1,,0.933,2026-03-15T12:47:07.234374,neutral,0.412,2026-03-15T12:47:07.234374,0.7464138731274969,2026-03-15T12:47:07.981000,66,,,errors=Vehicle collision
participant_14,4,day,Town10HD_Opt,2026-03-15 12:47:08.184698,77.5636978149414,28.585453033447266,-0.0010481261415407,0.05,-1.072,0.0,0.503,0,0,1,,0.975,2026-03-15T12:47:08.184698,neutral,0.412,2026-03-15T12:47:07.234374,0.8003579493810276,2026-03-15T12:47:09.062000,65,,,
participant_14,4,day,Town10HD_Opt,2026-03-15 12:47:09.031627,77.56317138671875,28.585432052612305,0.0018886947073042,0.002,-0.458,0.209,0.0,0,1,-1,,0.927,2026-03-15T12:47:09.031627,neutral,0.412,2026-03-15T12:47:07.234374,0.7790062307038812,2026-03-15T12:47:09.062000,65,,,
participant_14,4,day,Town10HD_Opt,2026-03-15 12:47:10.190033,77.19634246826172,28.581974029541016,0.0020238494034856,3.685,-0.261,0.0,0.0,0,1,-1,,1.0,2026-03-15T12:47:10.190033,neutral,0.639,2026-03-15T12:47:10.190033,0.73039168207772,2026-03-15T12:47:10.996000,69,,,
participant_14,4,day,Town10HD_Opt,2026-03-15 12:47:11.060759,76.75965881347656,28.577726364135746,0.001856651273556,1.377,-0.275,0.0,0.0,0,1,-1,,1.0,2026-03-15T12:47:11.060759,neutral,0.639,2026-03-15T12:47:10.190033,0.7819129058621377,2026-03-15T12:47:10.996000,70,,,
participant_14,4,day,Town10HD_Opt,2026-03-15 12:47:12.182133,76.5755615234375,28.575868606567383,0.0019005202921107,0.351,-0.275,0.0,0.0,0,1,-1,,0.919,2026-03-15T12:47:12.182133,neutral,0.639,2026-03-15T12:47:10.190033,0.7104533738050659,2026-03-15T12:47:13.022000,69,,,
participant_14,4,day,Town10HD_Opt,2026-03-15 12:47:13.004334,76.5363998413086,28.575475692749023,0.0019045256776735,0.0,-0.378,0.0,0.0,0,1,-1,,0.918,2026-03-15T12:47:13.004334,sad,0.315,2026-03-15T12:47:13.004334,0.7235270645675415,2026-03-15T12:47:13.022000,67,,,
participant_14,4,day,Town10HD_Opt,2026-03-15 12:47:14.125985,76.536376953125,28.575475692749023,0.0019180679228156,0.0,0.082,0.0,0.0,0,1,-1,,1.0,2026-03-15T12:47:14.125985,sad,0.315,2026-03-15T12:47:13.004334,0.7803662195940311,2026-03-15T12:47:14.011000,68,,,
participant_14,4,day,Town10HD_Opt,2026-03-15 12:47:15.222835,76.536376953125,28.575475692749023,0.0019180679228156,0.0,0.096,0.0,0.0,0,1,-1,,0.811,2026-03-15T12:47:15.222835,neutral,0.683,2026-03-15T12:47:15.222835,0.7679567335246911,2026-03-15T12:47:15.991000,64,,,
participant_14,4,day,Town10HD_Opt,2026-03-15 12:47:16.099141,76.536376953125,28.575475692749023,0.0019180679228156,0.0,0.096,0.0,0.0,0,1,-1,,1.0,2026-03-15T12:47:16.099141,neutral,0.683,2026-03-15T12:47:15.222835,0.7554627445657999,2026-03-15T12:47:16.981000,66,,,
participant_14,4,day,Town10HD_Opt,2026-03-15 12:47:17.228112,76.536376953125,28.575475692749023,0.0019180679228156,0.0,0.465,0.0,0.0,0,0,1,,0.85,2026-03-15T12:47:17.228112,neutral,0.742,2026-03-15T12:47:17.228112,0.7580001922706113,2026-03-15T12:47:18.016000,67,,,
participant_14,4,day,Town10HD_Opt,2026-03-15 12:47:18.104610,76.536376953125,28.575475692749023,0.0019180679228156,0.0,0.404,0.0,0.0,0,0,1,,0.938,2026-03-15T12:47:18.104610,neutral,0.742,2026-03-15T12:47:17.228112,0.7977508227532707,2026-03-15T12:47:19.008000,69,,,
participant_14,4,day,Town10HD_Opt,2026-03-15 12:47:19.197296,76.536376953125,28.575475692749023,0.0019180679228156,0.0,0.383,0.0,0.0,0,0,1,,0.927,2026-03-15T12:47:19.197296,neutral,0.742,2026-03-15T12:47:17.228112,0.7239379017620541,2026-03-15T12:47:19.998000,73,,,
participant_14,4,day,Town10HD_Opt,2026-03-15 12:47:20.025107,76.536376953125,28.575475692749023,0.0019180679228156,0.0,0.376,0.0,0.0,0,0,1,,0.904,2026-03-15T12:47:20.025107,neutral,0.79,2026-03-15T12:47:20.025107,0.7261846244393172,2026-03-15T12:47:19.998000,71,,,
participant_14,4,day,Town10HD_Opt,2026-03-15 12:47:21.092244,76.536376953125,28.575475692749023,0.0019180679228156,0.0,0.376,0.0,0.0,0,0,1,,0.92,2026-03-15T12:47:21.092244,neutral,0.79,2026-03-15T12:47:20.025107,0.7751009284419585,2026-03-15T12:47:20.987000,71,,,
participant_14,4,day,Town10HD_Opt,2026-03-15 12:47:22.245962,76.64915466308594,28.575401306152344,0.00180137634743,2.576,-0.865,0.179,0.0,0,0,1,,0.926,2026-03-15T12:47:22.245962,neutral,0.819,2026-03-15T12:47:22.245962,0.6649717904352077,2026-03-15T12:47:23.103000,72,,,
participant_14,4,day,Town10HD_Opt,2026-03-15 12:47:23.212946,77.2257308959961,28.57701110839844,0.0018736267229542,3.917,-1.191,0.164,0.0,0,0,1,,0.938,2026-03-15T12:47:23.212946,neutral,0.819,2026-03-15T12:47:22.245962,0.6815917593202839,2026-03-15T12:47:24.047000,71,,,
participant_14,4,day,Town10HD_Opt,2026-03-15 12:47:24.066294,78.01646423339844,28.57267570495605,0.0018862533615902,4.981,-1.455,0.162,0.0,0,0,1,,0.941,2026-03-15T12:47:24.066294,neutral,0.819,2026-03-15T12:47:22.245962,0.727222385896708,2026-03-15T12:47:24.047000,70,,,
participant_14,4,day,Town10HD_Opt,2026-03-15 12:47:25.255036,79.15553283691406,28.566749572753903,0.0019551848527044,4.012,-0.195,0.0,0.0,0,0,1,,0.833,2026-03-15T12:47:25.255036,neutral,0.766,2026-03-15T12:47:25.255036,0.6519371682624548,2026-03-15T12:47:25.982000,71,,,
participant_14,4,day,Town10HD_Opt,2026-03-15 12:47:26.172023,79.79943084716797,28.56438446044922,0.0019493865547701,3.171,-0.195,0.0,0.0,0,0,1,,0.88,2026-03-15T12:47:26.172023,neutral,0.766,2026-03-15T12:47:25.255036,0.6791642565102549,2026-03-15T12:47:25.982000,70,,,
participant_14,4,day,Town10HD_Opt,2026-03-15 12:47:27.024812,80.15574645996094,28.56282424926757,0.002067832974717,0.0,-0.23,0.0,0.049,0,0,1,,0.89,2026-03-15T12:47:27.024812,neutral,0.766,2026-03-15T12:47:25.255036,0.6111194475391191,2026-03-15T12:47:27.106000,72,,,
participant_14,4,day,Town10HD_Opt,2026-03-15 12:47:28.217088,80.15599060058594,28.562822341918945,0.0019216918153688,0.003,-0.23,0.0,0.0,0,0,1,,0.897,2026-03-15T12:47:28.217088,neutral,0.65,2026-03-15T12:47:28.217088,0.6486481912507392,2026-03-15T12:47:28.998000,69,,,
participant_14,4,day,Town10HD_Opt,2026-03-15 12:47:29.017714,80.15631866455078,28.56282424926757,0.001919021597132,0.001,-0.23,0.0,0.0,0,0,1,,0.91,2026-03-15T12:47:29.017714,neutral,0.65,2026-03-15T12:47:28.217088,0.5745421702507794,2026-03-15T12:47:28.998000,69,,,
participant_14,4,day,Town10HD_Opt,2026-03-15 12:47:30.109604,80.15642547607422,28.56282424926757,0.0019191360333934,0.001,-0.23,0.0,0.0,0,0,1,,0.928,2026-03-15T12:47:30.109604,neutral,0.65,2026-03-15T12:47:28.217088,0.5693540547110681,2026-03-15T12:47:29.987000,67,,,
participant_14,4,day,Town10HD_Opt,2026-03-15 12:47:31.148485,80.15644073486328,28.56282424926757,0.0019188689766451,0.006,-0.23,0.0,0.0,0,0,1,,0.93,2026-03-15T12:47:31.148485,neutral,0.871,2026-03-15T12:47:31.148485,0.6212661668519517,2026-03-15T12:47:32.012000,65,,,
participant_14,4,day,Town10HD_Opt,2026-03-15 12:47:31.996777,80.1563949584961,28.56282424926757,0.0019187163561582,0.006,-0.233,0.0,0.0,0,0,1,,0.915,2026-03-15T12:47:31.996777,neutral,0.871,2026-03-15T12:47:31.148485,0.6442733976394928,2026-03-15T12:47:32.012000,65,,,
participant_14,4,day,Town10HD_Opt,2026-03-15 12:47:33.129805,80.15652465820312,28.56282424926757,0.001918678288348,0.006,-0.233,0.0,0.0,0,0,1,,0.919,2026-03-15T12:47:33.129805,neutral,0.871,2026-03-15T12:47:31.148485,0.6047530451789116,2026-03-15T12:47:33.092000,66,,,
participant_14,4,day,Town10HD_Opt,2026-03-15 12:47:34.016663,80.1554946899414,28.562753677368164,0.0019161986419931,0.238,11.113,0.718,0.0,0,0,1,,0.959,2026-03-15T12:47:34.016663,neutral,0.571,2026-03-15T12:47:34.016663,0.6524521387966639,2026-03-15T12:47:34.037000,67,,,
participant_14,4,day,Town10HD_Opt,2026-03-15 12:47:35.114285,81.906982421875,28.72414970397949,0.0014438247308135,17.687,1.981,1.0,0.0,0,0,1,,0.962,2026-03-15T12:47:35.114285,neutral,0.571,2026-03-15T12:47:34.016663,0.602417054967488,2026-03-15T12:47:36.016000,66,,,
participant_14,4,day,Town10HD_Opt,2026-03-15 12:47:36.050371,86.04549407958984,28.851919174194336,0.0015247344272211,32.305,-10.643,1.0,0.0,0,0,1,,0.921,2026-03-15T12:47:36.050371,neutral,0.505,2026-03-15T12:47:36.050371,0.5639106240844735,2026-03-15T12:47:36.016000,66,,,
participant_14,4,day,Town10HD_Opt,2026-03-15 12:47:37.140466,95.2916030883789,26.26860618591309,0.0015833663055673,51.551,-9.294,0.0,0.0,0,0,1,,0.887,2026-03-15T12:47:37.140466,neutral,0.505,2026-03-15T12:47:36.050371,0.6313856505629134,2026-03-15T12:47:37.997000,69,,,
participant_14,4,day,Town10HD_Opt,2026-03-15 12:47:38.246694,103.91810607910156,18.49430084228516,0.0018512343522161,52.039,-12.309,0.0,0.212,0,0,1,,0.866,2026-03-15T12:47:38.246694,neutral,0.665,2026-03-15T12:47:38.246694,0.593215450875244,2026-03-15T12:47:39.031000,67,,,
participant_14,4,day,Town10HD_Opt,2026-03-15 12:47:39.033730,106.68901824951172,10.419910430908203,0.0018075561383739,50.758,-6.078,0.955,0.0,0,0,1,,0.859,2026-03-15T12:47:39.033730,neutral,0.665,2026-03-15T12:47:38.246694,0.590481943705488,2026-03-15T12:47:39.031000,67,,,
participant_14,4,day,Town10HD_Opt,2026-03-15 12:47:40.136960,106.97592163085938,-1.3870443105697632,0.0018584060017019,52.347,0.19,0.0,0.251,0,0,1,,0.901,2026-03-15T12:47:40.136960,neutral,0.665,2026-03-15T12:47:38.246694,0.6170802809264447,2026-03-15T12:47:41.012000,67,,,
participant_14,4,day,Town10HD_Opt,2026-03-15 12:47:41.187217,107.1502914428711,-12.35884952545166,0.0022818373981863,41.541,-0.237,0.242,0.0,0,0,1,,0.88,2026-03-15T12:47:41.187217,neutral,0.559,2026-03-15T12:47:41.187217,0.5373091617859537,2026-03-15T12:47:42.002000,67,,,
participant_14,4,day,Town10HD_Opt,2026-03-15 12:47:42.259111,107.1754379272461,-21.63471221923828,0.0020290755201131,39.716,-1.793,0.53,0.0,0,0,1,,0.937,2026-03-15T12:47:42.259111,neutral,0.559,2026-03-15T12:47:41.187217,0.5687019565600104,2026-03-15T12:47:42.991000,67,,,errors=Solid line crossing
participant_14,4,day,Town10HD_Opt,2026-03-15 12:47:43.065290,106.69802856445312,-28.7224235534668,0.0019811247475445,41.697,-4.247,0.526,0.0,0,0,1,,0.936,2026-03-15T12:47:43.065290,neutral,0.559,2026-03-15T12:47:41.187217,0.5223909303347783,2026-03-15T12:47:42.991000,67,,,
participant_14,4,day,Town10HD_Opt,2026-03-15 12:47:44.111087,104.4120101928711,-38.42793273925781,0.0019756315741688,44.282,-4.362,0.585,0.0,0,0,1,,0.951,2026-03-15T12:47:44.111087,neutral,0.603,2026-03-15T12:47:44.111087,0.5321673133555453,2026-03-15T12:47:44.072000,66,,,
participant_14,4,day,Town10HD_Opt,2026-03-15 12:47:45.150816,99.73304748535156,-48.12921142578125,0.0019230269826948,48.473,-5.075,0.581,0.0,0,0,1,,0.946,2026-03-15T12:47:45.150816,neutral,0.603,2026-03-15T12:47:44.111087,0.4792194155922519,2026-03-15T12:47:46.008000,67,,,
participant_14,4,day,Town10HD_Opt,2026-03-15 12:47:46.259577,92.30636596679688,-56.73206329345703,0.0020725249778479,48.347,-5.408,0.459,0.0,0,0,1,,0.921,2026-03-15T12:47:46.259577,happy,0.794,2026-03-15T12:47:46.259577,0.5324135649623287,2026-03-15T12:47:46.997000,67,,,
participant_14,4,day,Town10HD_Opt,2026-03-15 12:47:47.114242,85.43235778808594,-61.50498962402344,0.0020814132876694,47.265,-5.411,0.453,0.0,0,0,1,,0.963,2026-03-15T12:47:47.114242,happy,0.794,2026-03-15T12:47:46.259577,0.5514550594162212,2026-03-15T12:47:46.997000,67,,,
participant_14,4,day,Town10HD_Opt,2026-03-15 12:47:48.034441,77.87471771240234,-64.6449203491211,0.0020789336413145,46.315,-5.411,0.452,0.0,0,0,1,,0.969,2026-03-15T12:47:48.034441,happy,0.794,2026-03-15T12:47:46.259577,0.5179396358208259,2026-03-15T12:47:48.121000,69,,,
participant_14,4,day,Town10HD_Opt,2026-03-15 12:47:49.161964,67.3493881225586,-66.35285186767578,0.0020655822008848,45.328,-0.865,0.451,0.0,0,0,1,,0.84,2026-03-15T12:47:49.161964,happy,0.615,2026-03-15T12:47:49.161964,0.5441309816227615,2026-03-15T12:47:49.024000,71,,,
participant_14,4,day,Town10HD_Opt,2026-03-15 12:47:50.016620,59.47041320800781,-66.7975845336914,0.0020585632883012,44.825,-0.153,0.452,0.0,0,0,1,,0.921,2026-03-15T12:47:50.016620,happy,0.615,2026-03-15T12:47:49.161964,0.44425507168586,2026-03-15T12:47:50.102000,71,,,
participant_14,4,day,Town10HD_Opt,2026-03-15 12:47:51.157264,49.0843391418457,-67.23725891113281,0.0020555877126753,44.238,-0.564,0.452,0.0,0,0,1,,0.897,2026-03-15T12:47:51.157264,happy,0.615,2026-03-15T12:47:49.161964,0.5632175151319205,2026-03-15T12:47:51.992000,74,,,
participant_14,4,day,Town10HD_Opt,2026-03-15 12:47:52.034468,41.36914443969727,-67.38018035888672,0.0020537567324936,43.906,-0.322,0.452,0.0,0,0,1,,0.914,2026-03-15T12:47:52.034468,neutral,0.55,2026-03-15T12:47:52.034468,0.492615253889774,2026-03-15T12:47:51.992000,73,,,
participant_14,4,day,Town10HD_Opt,2026-03-15 12:47:53.247796,31.16823387145996,-67.40945434570312,0.0020514677744358,43.501,-0.176,0.452,0.0,0,0,1,,0.926,2026-03-15T12:47:53.247796,neutral,0.55,2026-03-15T12:47:52.034468,0.6013745228740898,2026-03-15T12:47:54.061000,71,,,
participant_14,4,day,Town10HD_Opt,2026-03-15 12:47:54.108222,23.68022918701172,-67.37532043457031,0.0022293853107839,39.67,-0.012,0.0,0.0,0,0,1,,0.923,2026-03-15T12:47:54.108222,happy,0.669,2026-03-15T12:47:54.108222,0.6082489253056258,2026-03-15T12:47:55.008000,69,,,
participant_14,4,day,Town10HD_Opt,2026-03-15 12:47:55.195242,15.72129249572754,-67.35131072998047,0.0023064422421157,28.194,0.425,0.0,0.0,0,0,1,,0.867,2026-03-15T12:47:55.195242,happy,0.669,2026-03-15T12:47:54.108222,0.550628201760317,2026-03-15T12:47:55.998000,68,,,
participant_14,4,day,Town10HD_Opt,2026-03-15 12:47:56.032165,11.289505004882812,-67.3908462524414,0.0022040556650608,22.682,0.489,0.222,0.0,0,0,1,,0.854,2026-03-15T12:47:56.032165,happy,0.669,2026-03-15T12:47:54.108222,0.5644989947104527,2026-03-15T12:47:55.998000,68,,,
participant_14,4,day,Town10HD_Opt,2026-03-15 12:47:57.153799,6.375626564025879,-67.48737335205078,0.0021228790283203,19.319,0.146,0.203,0.0,0,0,1,,0.859,2026-03-15T12:47:57.153799,happy,0.535,2026-03-15T12:47:57.153799,0.6721677836015052,2026-03-15T12:47:58.022000,66,,,
participant_14,4,day,Town10HD_Opt,2026-03-15 12:47:57.995310,3.14309310913086,-67.5644760131836,0.0020263672340661,18.064,0.233,0.203,0.0,0,0,1,,0.917,2026-03-15T12:47:57.995310,happy,0.535,2026-03-15T12:47:57.153799,0.6707570274859627,2026-03-15T12:47:58.022000,66,,,
participant_14,4,day,Town10HD_Opt,2026-03-15 12:47:59.125528,-0.9791035056114196,-67.67784881591797,0.001941947848536,17.11,-0.092,0.203,0.0,0,0,1,,0.952,2026-03-15T12:47:59.125528,happy,0.535,2026-03-15T12:47:57.153799,0.643908231948851,2026-03-15T12:48:00.003000,66,,,
participant_14,4,day,Town10HD_Opt,2026-03-15 12:48:00.255692,-4.866761684417725,-67.7762451171875,0.0019396209390833,16.169,-0.148,0.203,0.0,0,0,1,,0.915,2026-03-15T12:48:00.255692,neutral,0.842,2026-03-15T12:48:00.255692,0.6015108445656508,2026-03-15T12:48:00.992000,65,,,
participant_14,4,day,Town10HD_Opt,2026-03-15 12:48:01.089070,-7.658061981201172,-67.83940887451172,0.001935577369295,15.675,-0.141,0.203,0.0,0,0,1,,0.886,2026-03-15T12:48:01.089070,neutral,0.842,2026-03-15T12:48:00.255692,0.5489803440395092,2026-03-15T12:48:00.992000,65,,,
participant_14,4,day,Town10HD_Opt,2026-03-15 12:48:02.238175,-11.25303077697754,-67.91205596923828,0.0019313811790198,15.113,-0.141,0.202,0.0,0,0,1,,0.831,2026-03-15T12:48:02.238175,neutral,0.842,2026-03-15T12:48:00.255692,0.6397214191939604,2026-03-15T12:48:03.107000,66,,,
participant_14,4,day,Town10HD_Opt,2026-03-15 12:48:03.148668,-13.874832153320312,-67.95889282226562,0.0019287872128188,14.817,-0.141,0.202,0.0,0,0,1,,0.861,2026-03-15T12:48:03.148668,neutral,0.567,2026-03-15T12:48:03.148668,0.577490407176204,2026-03-15T12:48:04.052000,64,,,
participant_14,4,day,Town10HD_Opt,2026-03-15 12:48:04.171470,-17.231494903564453,-68.01115417480469,0.0020006941631436,12.894,-0.141,0.0,0.0,0,0,1,,0.911,2026-03-15T12:48:04.171470,neutral,0.567,2026-03-15T12:48:03.148668,0.6158787638574891,2026-03-15T12:48:04.998000,64,,,
participant_14,4,day,Town10HD_Opt,2026-03-15 12:48:05.221023,-19.801040649414062,-68.04524230957031,0.0020056152716279,9.071,-0.141,0.0,0.0,0,0,1,,0.84,2026-03-15T12:48:05.221023,neutral,0.876,2026-03-15T12:48:05.221023,0.6111592008124412,2026-03-15T12:48:05.988000,63,,,
participant_14,4,day,Town10HD_Opt,2026-03-15 12:48:06.034350,-21.17055892944336,-68.06121826171875,0.002032051095739,5.747,-0.139,0.0,0.197,0,0,1,,0.888,2026-03-15T12:48:06.034350,neutral,0.876,2026-03-15T12:48:05.221023,0.5695873922847038,2026-03-15T12:48:05.988000,61,,,
participant_14,4,day,Town10HD_Opt,2026-03-15 12:48:07.133058,-21.454553604125977,-68.06478118896484,0.0019338607089594,0.217,-0.139,0.0,0.0,0,0,1,,0.951,2026-03-15T12:48:07.133058,neutral,0.876,2026-03-15T12:48:05.221023,0.5596905058526699,2026-03-15T12:48:08.013000,63,,,
participant_14,4,day,Town10HD_Opt,2026-03-15 12:48:08.215509,-21.49733161926269,-68.06526184082031,0.0019205092685297,0.152,-0.139,0.0,0.0,0,0,1,,0.832,2026-03-15T12:48:08.215509,neutral,0.751,2026-03-15T12:48:08.215509,0.594739079108989,2026-03-15T12:48:09.002000,62,,,
participant_14,4,day,Town10HD_Opt,2026-03-15 12:48:09.048024,-21.52086639404297,-68.06562042236328,0.0019200133392587,0.119,-0.134,0.0,0.0,0,0,1,,0.845,2026-03-15T12:48:09.048024,neutral,0.751,2026-03-15T12:48:08.215509,0.533113186257236,2026-03-15T12:48:09.002000,60,,,
participant_14,4,day,Town10HD_Opt,2026-03-15 12:48:10.232332,-21.543981552124023,-68.06578826904297,0.001919784466736,0.085,-0.134,0.0,0.0,0,0,1,,0.864,2026-03-15T12:48:10.232332,happy,0.627,2026-03-15T12:48:10.232332,0.5093310818331984,2026-03-15T12:48:11.072000,61,Collision,Collision,
participant_14,4,day,Town10HD_Opt,2026-03-15 12:48:11.045875,-21.556697845458984,-68.06578826904297,0.0019196319626644,0.066,-0.134,0.0,0.0,0,0,1,,0.908,2026-03-15T12:48:11.045875,happy,0.627,2026-03-15T12:48:10.232332,0.5484895867711695,2026-03-15T12:48:11.072000,61,,,
participant_14,4,day,Town10HD_Opt,2026-03-15 12:48:12.153335,-21.56918716430664,-68.06578826904297,0.0019194793421775,0.009,-0.134,0.017,0.0,0,0,1,,0.933,2026-03-15T12:48:12.153335,happy,0.627,2026-03-15T12:48:10.232332,0.5236785168072763,2026-03-15T12:48:13.007000,61,,,
participant_14,4,day,Town10HD_Opt,2026-03-15 12:48:13.040943,-22.10626602172852,-68.07099151611328,0.0014618682907894,10.708,-0.134,1.0,0.0,0,0,1,,0.906,2026-03-15T12:48:13.040943,neutral,0.747,2026-03-15T12:48:13.040943,0.5369247012710381,2026-03-15T12:48:13.007000,61,,,
participant_14,4,day,Town10HD_Opt,2026-03-15 12:48:14.130723,-26.727706909179688,-68.10950469970703,0.001537513686344,30.714,-0.134,1.0,0.0,0,0,1,,0.903,2026-03-15T12:48:14.130723,neutral,0.747,2026-03-15T12:48:13.040943,0.5723459671576955,2026-03-15T12:48:14.008000,64,,,
participant_14,4,day,Town10HD_Opt,2026-03-15 12:48:15.198396,-36.08663558959961,-68.14696502685547,0.0017321014311164,46.653,-0.134,0.0,0.0,0,0,1,,0.876,2026-03-15T12:48:15.198396,neutral,0.504,2026-03-15T12:48:15.198396,0.4799079929562707,2026-03-15T12:48:16.022000,63,Solid line crossing,Solid line crossing,
participant_14,4,day,Town10HD_Opt,2026-03-15 12:48:16.254083,-45.67043685913086,-68.11797332763672,0.0028542326763272,34.139,-0.291,0.0,0.0,0,0,1,,0.908,2026-03-15T12:48:16.254083,neutral,0.504,2026-03-15T12:48:15.198396,0.5461396712470382,2026-03-15T12:48:17.013000,64,,,
participant_14,4,day,Town10HD_Opt,2026-03-15 12:48:17.074579,-50.9959716796875,-68.04595184326172,0.002222633222118,25.421,-0.235,0.0,0.086,0,0,1,,0.909,2026-03-15T12:48:17.074579,neutral,0.504,2026-03-15T12:48:15.198396,0.4983526453116175,2026-03-15T12:48:17.013000,63,,,
participant_14,4,day,Town10HD_Opt,2026-03-15 12:48:18.155016,-56.006595611572266,-67.9534912109375,0.0020264815539121,16.099,-0.167,0.0,0.265,0,0,1,,0.942,2026-03-15T12:48:18.155016,neutral,0.806,2026-03-15T12:48:18.155016,0.5040260713832342,2026-03-15T12:48:18.993000,62,,,
participant_14,4,day,Town10HD_Opt,2026-03-15 12:48:19.196398,-59.021244049072266,-67.88705444335938,0.0020838165655732,9.223,-0.167,0.0,0.31,0,0,1,,0.894,2026-03-15T12:48:19.196398,neutral,0.806,2026-03-15T12:48:18.155016,0.513026354312749,2026-03-15T12:48:20.028000,62,,,
participant_14,4,day,Town10HD_Opt,2026-03-15 12:48:20.206506,-60.21653366088867,-67.85845184326172,0.001920623704791,3.995,-0.075,1.0,0.0,0,0,1,,0.919,2026-03-15T12:48:20.206506,neutral,0.549,2026-03-15T12:48:20.206506,0.5043425415690099,2026-03-15T12:48:21.017000,62,,,
participant_14,4,day,Town10HD_Opt,2026-03-15 12:48:21.252854,-63.4230842590332,-67.81158447265625,0.0017057036748155,24.556,0.689,1.0,0.0,0,0,1,,0.91,2026-03-15T12:48:21.252854,neutral,0.549,2026-03-15T12:48:20.206506,0.4370779579783548,2026-03-15T12:48:22.007000,61,,,
participant_14,4,day,Town10HD_Opt,2026-03-15 12:48:22.009145,-68.89777374267578,-67.8031005859375,0.0015295027988031,40.511,-0.24,0.861,0.0,0,0,1,,0.892,2026-03-15T12:48:22.009145,neutral,0.549,2026-03-15T12:48:20.206506,0.559394664484605,2026-03-15T12:48:22.007000,62,,,
participant_14,4,day,Town10HD_Opt,2026-03-15 12:48:23.133064,-79.67353820800781,-67.2693862915039,0.0017801666399464,51.521,-9.138,0.0,0.175,0,0,1,,0.913,2026-03-15T12:48:23.133064,neutral,0.628,2026-03-15T12:48:23.133064,0.5434985523884281,2026-03-15T12:48:24.033000,59,,,
participant_14,4,day,Town10HD_Opt,2026-03-15 12:48:24.191527,-89.82466888427734,-62.42768859863281,0.0020885085687041,47.991,-14.278,0.323,0.0,0,0,1,,0.954,2026-03-15T12:48:24.191527,neutral,0.628,2026-03-15T12:48:23.133064,0.491269523913027,2026-03-15T12:48:25.023000,59,,,errors=Solid line crossing
participant_14,4,day,Town10HD_Opt,2026-03-15 12:48:25.052787,-94.17925262451172,-55.7358283996582,0.0021744917612522,43.788,-1.535,0.362,0.0,0,0,1,,0.846,2026-03-15T12:48:25.052787,neutral,0.628,2026-03-15T12:48:23.133064,0.5344981287072357,2026-03-15T12:48:25.023000,60,,,
participant_14,4,day,Town10HD_Opt,2026-03-15 12:48:26.133771,-98.9609375,-47.151702880859375,0.0021226501557976,40.619,8.203,0.376,0.0,0,0,1,,0.921,2026-03-15T12:48:26.133771,neutral,0.491,2026-03-15T12:48:26.133771,0.4772143771845532,2026-03-15T12:48:27.003000,60,,,
participant_14,4,day,Town10HD_Opt,2026-03-15 12:48:27.212928,-105.77586364746094,-41.00408172607422,0.0021051024086773,38.195,-2.12,0.336,0.0,0,0,1,,0.888,2026-03-15T12:48:27.212928,neutral,0.491,2026-03-15T12:48:26.133771,0.4528342858882929,2026-03-15T12:48:27.993000,62,,,
participant_14,4,day,Town10HD_Opt,2026-03-15 12:48:28.008741,-110.687255859375,-36.78620529174805,0.0021740340162068,34.81,-7.758,0.0,0.0,0,0,1,,0.936,2026-03-15T12:48:28.008741,neutral,0.491,2026-03-15T12:48:26.133771,0.4942987042060953,2026-03-15T12:48:27.993000,63,,,errors=Solid line crossing
participant_14,4,day,Town10HD_Opt,2026-03-15 12:48:29.101624,-114.75983428955078,-31.157506942749023,0.0023770141415297,23.304,-8.134,0.0,0.0,0,0,1,,0.959,2026-03-15T12:48:29.101624,neutral,0.322,2026-03-15T12:48:29.101624,0.4433660692986834,2026-03-15T12:48:29.118000,62,,,
participant_14,4,day,Town10HD_Opt,2026-03-15 12:48:30.192071,-41.66891098022461,89.74463653564453,-0.0667848587036132,0.943,-9.081,0.0,0.0,0,0,0,,0.857,2026-03-15T12:48:30.192071,neutral,0.322,2026-03-15T12:48:29.101624,0.5164842085774052,2026-03-15T12:48:31.008000,64,,,
participant_14,4,day,Town10HD_Opt,2026-03-15 12:48:31.014885,-41.669036865234375,89.74549865722656,0.0009953307453542,0.02,-7.998,0.542,0.0,0,0,0,,0.951,2026-03-15T12:48:31.014885,neutral,0.322,2026-03-15T12:48:29.101624,0.4640196736604826,2026-03-15T12:48:31.008000,62,,,
participant_14,4,day,Town10HD_Opt,2026-03-15 12:48:32.109522,-41.68479537963867,88.49150848388672,0.001382827758789,16.544,-0.78,0.938,0.0,0,0,1,,0.81,2026-03-15T12:48:32.109522,sad,0.403,2026-03-15T12:48:32.109522,0.4311209484687531,2026-03-15T12:48:31.997000,61,,,
participant_14,4,day,Town10HD_Opt,2026-03-15 12:48:33.223000,-41.75429153442383,83.73399353027344,0.0021390533074736,17.938,2.69,0.0,0.0,0,0,1,,0.898,2026-03-15T12:48:33.223000,sad,0.403,2026-03-15T12:48:32.109522,0.3510338758045331,2026-03-15T12:48:33.034000,62,,,
participant_14,4,day,Town10HD_Opt,2026-03-15 12:48:34.041559,-41.67531204223633,81.0240249633789,0.0020444488618522,13.368,2.883,0.0,0.0,0,0,1,,0.912,2026-03-15T12:48:34.041559,sad,0.403,2026-03-15T12:48:32.109522,0.4910399308834886,2026-03-15T12:48:34.161000,61,,,
participant_14,4,day,Town10HD_Opt,2026-03-15 12:48:35.159394,-41.234954833984375,78.32180786132812,0.0018331527244299,13.155,16.396,0.708,0.0,0,0,1,,0.933,2026-03-15T12:48:35.159394,neutral,0.363,2026-03-15T12:48:35.159394,0.5089502832276381,2026-03-15T12:48:35.058000,61,,,
participant_14,4,day,Town10HD_Opt,2026-03-15 12:48:36.028881,-40.0277214050293,75.5976333618164,0.0019065093947574,21.439,16.555,0.785,0.0,0,0,1,,1.0,2026-03-15T12:48:36.028881,neutral,0.363,2026-03-15T12:48:35.159394,0.5496316387638053,2026-03-15T12:48:36.095000,63,,,
participant_14,4,day,Town10HD_Opt,2026-03-15 12:48:37.207517,-35.99048614501953,71.25700378417969,0.0021292113233357,26.128,22.946,0.0,0.0,0,0,1,,0.818,2026-03-15T12:48:37.207517,neutral,0.364,2026-03-15T12:48:37.207517,0.4267217610680485,2026-03-15T12:48:37.085000,64,,,
participant_14,4,day,Town10HD_Opt,2026-03-15 12:48:38.123548,-32.27998352050781,70.00838470458984,0.0022810362279415,19.055,12.864,0.0,0.0,0,0,1,,0.844,2026-03-15T12:48:38.123548,neutral,0.364,2026-03-15T12:48:37.207517,0.5364901361597764,2026-03-15T12:48:39.017000,66,,,
participant_14,4,day,Town10HD_Opt,2026-03-15 12:48:39.257283,-27.90357780456543,69.49747467041016,0.001851386972703,23.015,7.335,0.737,0.0,0,0,1,,0.832,2026-03-15T12:48:39.257283,sad,0.359,2026-03-15T12:48:39.257283,0.4766358160710783,2026-03-15T12:48:40.052000,66,,,
participant_14,4,day,Town10HD_Opt,2026-03-15 12:48:40.126940,-23.346418380737305,69.48833465576172,0.0019328689668327,27.982,2.817,0.404,0.0,0,0,1,,1.0,2026-03-15T12:48:40.126940,sad,0.359,2026-03-15T12:48:39.257283,0.4936564534485485,2026-03-15T12:48:40.052000,66,,,
participant_14,4,day,Town10HD_Opt,2026-03-15 12:48:41.196410,-16.72051239013672,69.8372802734375,0.0020487594883888,28.432,-1.26,0.277,0.0,0,0,1,,0.808,2026-03-15T12:48:41.196410,sad,0.359,2026-03-15T12:48:39.257283,0.4963533667477312,2026-03-15T12:48:42.034000,66,,,
participant_14,4,day,Town10HD_Opt,2026-03-15 12:48:42.038017,-11.903238296508787,69.99247741699219,0.0021087264176458,26.336,-0.298,0.273,0.0,0,0,1,,0.882,2026-03-15T12:48:42.038017,sad,0.426,2026-03-15T12:48:42.038017,0.49570611801664,2026-03-15T12:48:42.034000,67,,,
participant_14,4,day,Town10HD_Opt,2026-03-15 12:48:43.192532,-5.99774694442749,70.10596466064453,0.0020953367929905,24.176,-0.858,0.277,0.0,0,0,1,,0.841,2026-03-15T12:48:43.192532,sad,0.426,2026-03-15T12:48:42.038017,0.4148021171746652,2026-03-15T12:48:44.013000,65,,,
participant_14,4,day,Town10HD_Opt,2026-03-15 12:48:44.039696,-1.8869503736495967,70.11502075195312,0.0020918273366987,22.7,-0.562,0.259,0.0,0,0,1,,0.861,2026-03-15T12:48:44.039696,neutral,0.323,2026-03-15T12:48:44.039696,0.5247558239309249,2026-03-15T12:48:44.013000,65,,,
participant_14,4,day,Town10HD_Opt,2026-03-15 12:48:45.193588,3.23567008972168,70.09048461914062,0.0020509338937699,21.683,0.047,0.333,0.0,0,0,1,,1.0,2026-03-15T12:48:45.193588,neutral,0.323,2026-03-15T12:48:44.039696,0.5295030139960548,2026-03-15T12:48:45.995000,63,,,
participant_14,4,day,Town10HD_Opt,2026-03-15 12:48:46.078328,7.025050640106201,70.08206939697266,0.0020434951875358,21.679,0.155,0.332,0.0,0,0,1,,0.808,2026-03-15T12:48:46.078328,sad,0.438,2026-03-15T12:48:46.078328,0.5343892761830489,2026-03-15T12:48:45.995000,63,,,
participant_14,4,day,Town10HD_Opt,2026-03-15 12:48:47.269345,12.072315216064451,70.08930206298828,0.0020510863978415,21.426,-0.223,0.072,0.0,0,0,1,,0.816,2026-03-15T12:48:47.269345,sad,0.438,2026-03-15T12:48:46.078328,0.5156212284519264,2026-03-15T12:48:48.018000,66,,,
participant_14,4,day,Town10HD_Opt,2026-03-15 12:48:48.149166,15.471888542175291,70.0875244140625,0.0019374083494767,17.05,-0.021,0.0,0.0,0,0,1,,0.875,2026-03-15T12:48:48.149166,sad,0.331,2026-03-15T12:48:48.149166,0.4938373513428151,2026-03-15T12:48:49.008000,66,,,
participant_14,4,day,Town10HD_Opt,2026-03-15 12:48:49.240561,18.87461471557617,70.08182525634766,0.0020334625151008,12.01,-0.08,0.0,0.0,0,0,1,,0.861,2026-03-15T12:48:49.240561,sad,0.331,2026-03-15T12:48:48.149166,0.4464016030435669,2026-03-15T12:48:49.998000,66,,,
participant_14,4,day,Town10HD_Opt,2026-03-15 12:48:50.151514,20.746076583862305,70.07647705078125,0.0020074462518095,9.091,-0.08,0.0,0.0,0,0,1,,0.883,2026-03-15T12:48:50.151514,neutral,0.421,2026-03-15T12:48:50.151514,0.5240635834157229,2026-03-15T12:48:51.033000,66,,,
participant_14,4,day,Town10HD_Opt,2026-03-15 12:48:51.238427,22.65342140197754,70.0692138671875,0.0019344328902661,7.609,-0.08,0.0,0.0,0,0,1,,0.833,2026-03-15T12:48:51.238427,neutral,0.421,2026-03-15T12:48:50.151514,0.5096638217774647,2026-03-15T12:48:52.022000,66,,,
participant_14,4,day,Town10HD_Opt,2026-03-15 12:48:52.172258,23.84090614318848,70.06387329101562,0.0019896698649972,5.631,-0.08,0.041,0.0,0,0,1,,0.912,2026-03-15T12:48:52.172258,neutral,0.581,2026-03-15T12:48:52.172258,0.5120241523132784,2026-03-15T12:48:53.013000,68,,,
participant_14,4,day,Town10HD_Opt,2026-03-15 12:48:53.020157,24.708480834960938,70.05950927734375,0.0019654082134366,4.197,-0.08,0.033,0.0,0,0,1,,0.919,2026-03-15T12:48:53.020157,neutral,0.581,2026-03-15T12:48:52.172258,0.5297484027564127,2026-03-15T12:48:53.013000,66,,,
participant_14,4,day,Town10HD_Opt,2026-03-15 12:48:54.178330,25.53315544128418,70.05504608154297,0.0019506835378706,2.839,-0.08,0.0,0.0,0,0,1,,0.892,2026-03-15T12:48:54.178330,neutral,0.753,2026-03-15T12:48:54.178330,0.511317703659988,2026-03-15T12:48:54.993000,66,,,
participant_14,4,day,Town10HD_Opt,2026-03-15 12:48:55.012496,26.03948402404785,70.0521469116211,0.0019394683185964,2.572,-0.08,0.0,0.0,0,0,1,,0.913,2026-03-15T12:48:55.012496,neutral,0.753,2026-03-15T12:48:54.178330,0.4953614557461093,2026-03-15T12:48:54.993000,66,,,
participant_14,4,day,Town10HD_Opt,2026-03-15 12:48:56.148545,26.26230812072754,70.05075073242188,0.0019446181831881,0.0,-0.082,0.0,0.063,0,0,1,,0.944,2026-03-15T12:48:56.148545,neutral,0.753,2026-03-15T12:48:54.178330,0.4649233285749996,2026-03-15T12:48:57.018000,66,Solid line crossing,Solid line crossing,
participant_14,4,day,Town10HD_Opt,2026-03-15 12:48:57.007523,26.334379196166992,70.05040740966797,0.0017467498546466,4.302,-0.305,0.951,0.0,0,0,1,,0.935,2026-03-15T12:48:57.007523,sad,0.417,2026-03-15T12:48:57.007523,0.5118880122057422,2026-03-15T12:48:57.018000,66,,,errors=Stop sign violation
participant_14,4,day,Town10HD_Opt,2026-03-15 12:48:58.152562,29.34881591796875,69.96923828125,0.0017635726835578,21.904,-6.236,0.807,0.0,0,0,1,,0.879,2026-03-15T12:48:58.152562,sad,0.417,2026-03-15T12:48:57.007523,0.5700569439273444,2026-03-15T12:48:58.998000,62,,,
participant_14,4,day,Town10HD_Opt,2026-03-15 12:48:59.066003,33.68601989746094,69.1690444946289,0.001865844707936,28.45,-12.1,0.574,0.0,0,0,1,,1.0,2026-03-15T12:48:59.066003,neutral,0.514,2026-03-15T12:48:59.066003,0.467016386706811,2026-03-15T12:48:58.998000,63,,,
participant_14,4,day,Town10HD_Opt,2026-03-15 12:49:00.194587,39.95670700073242,65.64527130126953,0.0019701765850186,33.316,-12.621,0.476,0.0,0,0,1,,0.91,2026-03-15T12:49:00.194587,neutral,0.514,2026-03-15T12:48:59.066003,0.5462473537262675,2026-03-15T12:49:01.025000,61,,,
participant_14,4,day,Town10HD_Opt,2026-03-15 12:49:01.048636,43.47140502929688,61.11943054199219,0.0022247694432735,30.448,-14.727,0.0,0.0,0,0,1,,1.0,2026-03-15T12:49:01.048636,neutral,0.514,2026-03-15T12:48:59.066003,0.5347032081255407,2026-03-15T12:49:01.025000,62,,,
participant_14,4,day,Town10HD_Opt,2026-03-15 12:49:02.180420,44.86357498168945,55.31790542602539,0.0022750853095203,20.313,-10.156,0.0,0.0,0,0,1,,0.81,2026-03-15T12:49:02.180420,sad,0.285,2026-03-15T12:49:02.180420,0.4326379237217775,2026-03-15T12:49:03.003000,62,,,
participant_14,4,day,Town10HD_Opt,2026-03-15 12:49:03.094937,44.70899200439453,52.057655334472656,0.0019261168781667,17.534,-8.51,0.402,0.0,0,0,1,,0.87,2026-03-15T12:49:03.094937,sad,0.285,2026-03-15T12:49:02.180420,0.5254630011078512,2026-03-15T12:49:03.003000,63,,,
participant_14,4,day,Town10HD_Opt,2026-03-15 12:49:04.253222,44.191253662109375,47.86604309082031,0.0020302962511777,18.898,2.092,0.524,0.0,0,0,1,,0.964,2026-03-15T12:49:04.253222,neutral,0.798,2026-03-15T12:49:04.253222,0.499847472714281,2026-03-15T12:49:04.173000,64,,,
participant_14,4,day,Town10HD_Opt,2026-03-15 12:49:05.100310,43.90956115722656,44.28910446166992,0.0019321059808135,22.321,2.259,0.355,0.0,0,0,1,,0.949,2026-03-15T12:49:05.100310,neutral,0.798,2026-03-15T12:49:04.253222,0.4957840897913726,2026-03-15T12:49:05.209000,65,,,
participant_14,4,day,Town10HD_Opt,2026-03-15 12:49:06.232525,43.88935470581055,39.20518112182617,0.0020841597579419,20.911,7.406,0.36,0.0,0,0,1,,0.957,2026-03-15T12:49:06.232525,neutral,0.798,2026-03-15T12:49:04.253222,0.5799707646098609,2026-03-15T12:49:07.008000,65,,,
participant_14,4,day,Town10HD_Opt,2026-03-15 12:49:07.065281,44.54862594604492,35.57023620605469,0.0020207976922392,21.808,13.904,0.504,0.0,0,0,1,,0.937,2026-03-15T12:49:07.065281,neutral,0.385,2026-03-15T12:49:07.065281,0.5377750947086559,2026-03-15T12:49:07.008000,65,,,
participant_14,4,day,Town10HD_Opt,2026-03-15 12:49:08.154405,47.34722900390625,30.729217529296875,0.0019181059906259,27.493,17.174,0.408,0.0,0,0,1,,1.0,2026-03-15T12:49:08.154405,neutral,0.385,2026-03-15T12:49:07.065281,0.4589971827048469,2026-03-15T12:49:09.036000,64,,,
participant_14,4,day,Town10HD_Opt,2026-03-15 12:49:09.041402,51.08882522583008,27.98543167114257,0.0022438429296016,23.74,15.42,0.0,0.0,0,0,1,,0.908,2026-03-15T12:49:09.041402,neutral,0.385,2026-03-15T12:49:07.065281,0.5217116532472361,2026-03-15T12:49:09.036000,63,,,
participant_14,4,day,Town10HD_Opt,2026-03-15 12:49:10.257377,56.15185546875,26.56126594543457,0.001969528151676,24.014,7.677,0.496,0.0,0,0,1,,0.902,2026-03-15T12:49:10.257377,neutral,0.532,2026-03-15T12:49:10.257377,0.4594483834565105,2026-03-15T12:49:11.013000,62,,,
participant_14,4,day,Town10HD_Opt,2026-03-15 12:49:11.094428,60.58243560791016,26.117816925048828,0.0019985961262136,25.966,-1.048,0.0,0.0,0,0,1,,0.863,2026-03-15T12:49:11.094428,neutral,0.532,2026-03-15T12:49:10.257377,0.4611322810761202,2026-03-15T12:49:11.013000,62,,,
participant_14,4,day,Town10HD_Opt,2026-03-15 12:49:12.241091,65.7491226196289,25.408308029174805,0.0022367858327925,18.041,0.719,0.0,0.0,0,0,1,,1.0,2026-03-15T12:49:12.241091,neutral,0.532,2026-03-15T12:49:10.257377,0.5025384392237586,2026-03-15T12:49:13.038000,64,,,
participant_14,4,day,Town10HD_Opt,2026-03-15 12:49:13.035901,68.60173797607422,25.02493667602539,0.0019987486302852,15.034,2.826,0.173,0.0,0,0,1,,0.946,2026-03-15T12:49:13.035901,neutral,0.432,2026-03-15T12:49:13.035901,0.5430708794958844,2026-03-15T12:49:13.038000,63,,,
participant_14,4,day,Town10HD_Opt,2026-03-15 12:49:14.105590,71.97647094726562,24.779903411865234,0.0019443511264398,13.962,3.61,0.171,0.0,0,0,1,,0.93,2026-03-15T12:49:14.105590,neutral,0.432,2026-03-15T12:49:13.035901,0.4366316317248795,2026-03-15T12:49:14.118000,63,,,
participant_14,4,day,Town10HD_Opt,2026-03-15 12:49:15.137347,75.14189147949219,24.75308990478516,0.0019387054489925,13.131,3.601,0.074,0.0,0,0,1,,0.936,2026-03-15T12:49:15.137347,fear,0.356,2026-03-15T12:49:15.137347,0.475970609031822,2026-03-15T12:49:16.009000,64,,,
participant_14,4,day,Town10HD_Opt,2026-03-15 12:49:16.192698,77.84391784667969,24.851057052612305,0.0020083617419004,9.62,-0.938,0.0,0.0,0,0,1,,0.908,2026-03-15T12:49:16.192698,fear,0.356,2026-03-15T12:49:15.137347,0.5431555461035376,2026-03-15T12:49:16.998000,64,,,
participant_14,4,day,Town10HD_Opt,2026-03-15 12:49:17.233432,79.75199890136719,24.891584396362305,0.0020079803653061,6.252,0.446,0.0,0.228,0,0,1,,0.856,2026-03-15T12:49:17.233432,sad,0.34,2026-03-15T12:49:17.233432,0.4584889712003732,2026-03-15T12:49:18.122000,65,,,
participant_14,4,day,Town10HD_Opt,2026-03-15 12:49:17.997815,80.05154418945312,24.899477005004883,0.0020004652906209,0.0,0.449,0.0,0.239,0,0,1,,0.894,2026-03-15T12:49:17.997815,sad,0.34,2026-03-15T12:49:17.233432,0.4973782493298228,2026-03-15T12:49:18.122000,65,,,
participant_14,4,day,Town10HD_Opt,2026-03-15 12:49:19.005773,80.05168914794922,24.89947891235352,0.0019203185802325,0.006,0.449,0.0,0.0,0,0,1,,0.958,2026-03-15T12:49:19.005773,sad,0.34,2026-03-15T12:49:17.233432,0.4836958106885153,2026-03-15T12:49:19.027000,66,,,
participant_14,4,day,Town10HD_Opt,2026-03-15 12:49:20.078029,80.05178833007812,24.89947891235352,0.0019193267216905,0.006,0.449,0.0,0.0,0,0,1,,0.909,2026-03-15T12:49:20.078029,neutral,0.504,2026-03-15T12:49:20.078029,0.5471836771769198,2026-03-15T12:49:20.013000,67,,,
participant_14,4,day,Town10HD_Opt,2026-03-15 12:49:21.190920,80.05189514160156,24.89947891235352,0.001919288537465,0.006,0.449,0.0,0.0,0,0,1,,0.945,2026-03-15T12:49:21.190920,neutral,0.504,2026-03-15T12:49:20.078029,0.5088759600056414,2026-03-15T12:49:22.038000,66,,,
participant_14,4,day,Town10HD_Opt,2026-03-15 12:49:22.251045,80.05199432373047,24.89947891235352,0.001919288537465,0.006,0.449,0.0,0.0,0,0,1,,0.869,2026-03-15T12:49:22.251045,neutral,0.403,2026-03-15T12:49:22.251045,0.4841734846701917,2026-03-15T12:49:23.118000,64,,,
participant_14,4,day,Town10HD_Opt,2026-03-15 12:49:23.172835,80.05210876464844,24.89947891235352,0.001919021597132,0.001,0.449,0.0,0.0,0,0,1,,0.918,2026-03-15T12:49:23.172835,neutral,0.403,2026-03-15T12:49:22.251045,0.4596581152839795,2026-03-15T12:49:24.019000,63,,,
participant_14,4,day,Town10HD_Opt,2026-03-15 12:49:24.253615,80.05224609375,24.89947891235352,0.001919021597132,0.001,0.449,0.0,0.0,0,0,1,,0.905,2026-03-15T12:49:24.253615,neutral,0.487,2026-03-15T12:49:24.253615,0.5673250467038577,2026-03-15T12:49:25.008000,63,,,
participant_14,4,day,Town10HD_Opt,2026-03-15 12:49:25.041558,80.05220031738281,24.89947891235352,0.0019188307924196,0.001,0.446,0.0,0.0,0,0,1,,0.939,2026-03-15T12:49:25.041558,neutral,0.487,2026-03-15T12:49:24.253615,0.4800918325288977,2026-03-15T12:49:25.008000,64,,,
participant_14,4,day,Town10HD_Opt,2026-03-15 12:49:26.113204,80.05233001708984,24.89947891235352,0.0019188689766451,0.001,0.242,0.0,0.0,0,0,1,,0.906,2026-03-15T12:49:26.113204,neutral,0.487,2026-03-15T12:49:24.253615,0.4780706563323067,2026-03-15T12:49:26.010000,63,,,
participant_14,4,day,Town10HD_Opt,2026-03-15 12:49:27.230321,80.06922912597656,24.89986801147461,0.0018923949683085,0.449,-0.226,0.0,0.0,0,0,1,,0.954,2026-03-15T12:49:27.230321,sad,0.36,2026-03-15T12:49:27.230321,0.5180966994397572,2026-03-15T12:49:28.023000,64,,,
participant_14,4,day,Town10HD_Opt,2026-03-15 12:49:28.065289,80.14186096191406,24.901594161987305,0.0019218062516301,0.176,-0.256,0.306,0.0,0,0,1,,0.958,2026-03-15T12:49:28.065289,sad,0.36,2026-03-15T12:49:27.230321,0.5268768446717415,2026-03-15T12:49:28.023000,62,,,
participant_14,4,day,Town10HD_Opt,2026-03-15 12:49:29.181759,81.45272064208984,24.92140007019043,0.0017898940714076,9.665,-0.496,0.0,0.0,0,0,1,,0.933,2026-03-15T12:49:29.181759,sad,0.36,2026-03-15T12:49:27.230321,0.4631187389734011,2026-03-15T12:49:30.004000,63,,,
participant_14,4,day,Town10HD_Opt,2026-03-15 12:49:29.993758,82.96038818359375,24.94384384155273,0.0019929122645407,7.386,-0.289,0.067,0.0,0,0,1,,0.967,2026-03-15T12:49:29.993758,sad,0.372,2026-03-15T12:49:29.993758,0.5115221320137279,2026-03-15T12:49:30.004000,61,,,
participant_14,4,day,Town10HD_Opt,2026-03-15 12:49:31.110056,84.21341705322266,24.960378646850582,0.0022790527436882,0.271,-0.228,0.244,0.0,0,0,1,,0.935,2026-03-15T12:49:31.110056,sad,0.372,2026-03-15T12:49:29.993758,0.4882285347969571,2026-03-15T12:49:31.038000,61,,,
participant_14,4,day,Town10HD_Opt,2026-03-15 12:49:32.238804,85.20317840576172,25.01468276977539,0.0015064621111378,11.761,8.527,0.739,0.0,0,0,1,,0.936,2026-03-15T12:49:32.238804,neutral,0.353,2026-03-15T12:49:32.238804,0.5275404922141406,2026-03-15T12:49:33.019000,61,,,errors=Vehicle-pedestrian collision
participant_14,4,day,Town10HD_Opt,2026-03-15 12:49:33.067862,88.12083435058594,25.274614334106445,0.0017728041857481,23.003,1.45,1.0,0.0,0,0,1,,0.801,2026-03-15T12:49:33.067862,neutral,0.353,2026-03-15T12:49:32.238804,0.6010617830261282,2026-03-15T12:49:33.019000,60,,,
participant_14,4,day,Town10HD_Opt,2026-03-15 12:49:34.128592,95.79196166992188,25.947582244873047,0.0015717315254732,43.532,-6.355,0.948,0.0,0,0,1,,0.922,2026-03-15T12:49:34.128592,neutral,0.353,2026-03-15T12:49:32.238804,0.6252590858697551,2026-03-15T12:49:34.999000,60,,,
participant_14,4,day,Town10HD_Opt,2026-03-15 12:49:35.241852,106.68406677246094,23.625289916992188,0.0022411728277802,46.15,-19.961,0.0,0.0,0,0,1,,1.0,2026-03-15T12:49:35.241852,neutral,0.501,2026-03-15T12:49:35.241852,0.6076745899992161,2026-03-15T12:49:36.034000,60,,,
participant_14,4,day,Town10HD_Opt,2026-03-15 12:49:36.234751,111.48505401611328,16.350553512573242,0.0024081037845462,31.18,-15.948,0.0,0.0,0,0,1,,1.0,2026-03-15T12:49:36.234751,neutral,0.501,2026-03-15T12:49:35.241852,0.5319127979543841,2026-03-15T12:49:37.024000,62,,,
participant_14,4,day,Town10HD_Opt,2026-03-15 12:49:37.036609,111.3895263671875,11.586627960205078,0.0023230360820889,23.825,-16.918,0.0,0.0,0,0,1,,0.89,2026-03-15T12:49:37.036609,neutral,0.501,2026-03-15T12:49:35.241852,0.5955902718802434,2026-03-15T12:49:37.024000,61,,,
participant_14,4,day,Town10HD_Opt,2026-03-15 12:49:38.065701,109.46866607666016,7.458337306976318,0.0020052718464285,16.019,-16.104,0.0,0.0,0,0,1,,0.817,2026-03-15T12:49:38.065701,neutral,0.463,2026-03-15T12:49:38.065701,0.5660981757661541,2026-03-15T12:49:38.058000,61,,,
participant_14,4,day,Town10HD_Opt,2026-03-15 12:49:39.199593,107.52971649169922,4.85882568359375,0.0020299148745834,11.461,6.049,0.0,0.0,0,0,1,,0.951,2026-03-15T12:49:39.199593,neutral,0.463,2026-03-15T12:49:38.065701,0.6267987119283649,2026-03-15T12:49:39.138000,61,,,
participant_14,4,day,Town10HD_Opt,2026-03-15 12:49:40.226238,106.56526184082033,2.8230907917022705,0.0020202253945171,7.892,30.621,0.0,0.0,0,0,1,,0.858,2026-03-15T12:49:40.226238,sad,0.35,2026-03-15T12:49:40.226238,0.559587225238559,2026-03-15T12:49:41.033000,62,,,
participant_14,4,day,Town10HD_Opt,2026-03-15 12:49:41.013447,106.4784164428711,1.629465103149414,0.0019917297177016,6.032,37.984,0.0,0.0,0,0,1,,0.928,2026-03-15T12:49:41.013447,sad,0.35,2026-03-15T12:49:40.226238,0.5490009939563677,2026-03-15T12:49:41.033000,62,,,
participant_14,4,day,Town10HD_Opt,2026-03-15 12:49:42.091631,106.7506103515625,0.5049312114715576,0.0019785689655691,4.219,51.627,0.0,0.0,0,0,1,,0.951,2026-03-15T12:49:42.091631,sad,0.35,2026-03-15T12:49:40.226238,0.5925490041977349,2026-03-15T12:49:42.063000,60,,,
participant_14,4,day,Town10HD_Opt,2026-03-15 12:49:43.161652,107.14342498779295,-0.2127965837717056,0.0019453048007562,3.172,32.026,0.376,0.0,0,0,1,,0.987,2026-03-15T12:49:43.161652,fear,0.336,2026-03-15T12:49:43.161652,0.628662341645631,2026-03-15T12:49:43.999000,62,,,
participant_14,4,day,Town10HD_Opt,2026-03-15 12:49:44.227750,107.65000915527344,-1.7593239545822144,0.0017631911905482,10.418,-3.733,0.0,0.0,0,0,1,,0.938,2026-03-15T12:49:44.227750,fear,0.336,2026-03-15T12:49:43.161652,0.6228396994351728,2026-03-15T12:49:45.078000,60,,,
participant_14,4,day,Town10HD_Opt,2026-03-15 12:49:45.014491,108.0204086303711,-3.371577262878418,0.00199157721363,8.06,-9.492,0.0,0.0,0,0,1,,0.928,2026-03-15T12:49:45.014491,fear,0.336,2026-03-15T12:49:43.161652,0.6320929075989971,2026-03-15T12:49:45.078000,61,,,
participant_14,4,day,Town10HD_Opt,2026-03-15 12:49:46.059303,108.21702575683594,-5.203818321228027,0.0017502974951639,11.211,-12.973,0.367,0.0,0,0,1,,0.816,2026-03-15T12:49:46.059303,sad,0.349,2026-03-15T12:49:46.059303,0.6324605445279115,2026-03-15T12:49:46.035000,63,,,
participant_14,4,day,Town10HD_Opt,2026-03-15 12:49:47.114513,108.03622436523438,-8.288372039794922,0.0017802810762077,16.174,-12.141,0.453,0.0,0,0,1,,1.0,2026-03-15T12:49:47.114513,sad,0.349,2026-03-15T12:49:46.059303,0.6454290119563755,2026-03-15T12:49:48.006000,63,,,
participant_14,4,day,Town10HD_Opt,2026-03-15 12:49:48.181311,107.18733215332033,-12.42805004119873,0.0019733046647161,20.006,-0.496,0.495,0.0,0,0,1,,0.815,2026-03-15T12:49:48.181311,sad,0.333,2026-03-15T12:49:48.181311,0.5873471932737773,2026-03-15T12:49:49.040000,63,,,
participant_14,4,day,Town10HD_Opt,2026-03-15 12:49:49.234326,106.32906341552734,-17.463577270507812,0.0019612121395766,23.692,8.32,0.0,0.0,0,0,1,,1.0,2026-03-15T12:49:49.234326,sad,0.333,2026-03-15T12:49:48.181311,0.5623370081148146,2026-03-15T12:49:50.073000,66,,,
participant_14,4,day,Town10HD_Opt,2026-03-15 12:49:50.074311,106.4067153930664,-21.13263702392578,0.0022308730985969,17.995,11.885,0.0,0.0,0,0,1,,1.0,2026-03-15T12:49:50.074311,sad,0.333,2026-03-15T12:49:48.181311,0.547102119140023,2026-03-15T12:49:50.073000,65,,,
participant_14,4,day,Town10HD_Opt,2026-03-15 12:49:51.145945,-41.6685676574707,89.74537658691406,-0.0547260269522666,0.906,14.239,0.0,0.0,0,0,0,,1.0,2026-03-15T12:49:51.145945,sad,0.32,2026-03-15T12:49:51.145945,0.6279097910950385,2026-03-15T12:49:51.026000,69,,,
participant_14,4,day,Town10HD_Opt,2026-03-15 12:49:52.101173,-41.66864776611328,89.7454833984375,0.0012951277894899,0.019,8.825,0.0,0.0,0,0,0,,1.0,2026-03-15T12:49:52.101173,sad,0.32,2026-03-15T12:49:51.145945,0.573221540276496,2026-03-15T12:49:52.998000,72,,,
participant_14,4,day,Town10HD_Opt,2026-03-15 12:49:53.010883,-41.66864776611328,89.7454833984375,0.0019057082245126,0.0,1.869,0.0,0.0,0,0,0,,0.813,2026-03-15T12:49:53.010883,sad,0.32,2026-03-15T12:49:51.145945,0.5437266859769787,2026-03-15T12:49:52.998000,73,,,
participant_14,4,day,Town10HD_Opt,2026-03-15 12:49:54.374330,-41.66864776611328,89.7454833984375,0.0019173049367964,0.0,0.757,0.0,0.0,0,0,0,,1.0,2026-03-15T12:49:54.374330,sad,0.419,2026-03-15T12:49:54.374330,0.601026922386078,2026-03-15T12:49:55.023000,77,,,
participant_14,4,day,Town10HD_Opt,2026-03-15 12:49:55.262184,-41.66864776611328,89.7454833984375,0.0019184494158253,0.0,1.14,0.0,0.0,0,0,0,,1.0,2026-03-15T12:49:55.262184,sad,0.419,2026-03-15T12:49:54.374330,0.522226536346207,2026-03-15T12:49:56.013000,75,,,
participant_14,4,day,Town10HD_Opt,2026-03-15 12:49:56.141254,-41.66864776611328,89.7454833984375,0.0019184494158253,0.0,1.05,0.793,0.0,0,0,0,,1.0,2026-03-15T12:49:56.141254,sad,0.419,2026-03-15T12:49:54.374330,0.5369195328082017,2026-03-15T12:49:57.004000,75,,,
participant_14,4,day,Town10HD_Opt,2026-03-15 12:49:57.037659,-41.66432189941406,88.24601745605469,0.0017567825270816,11.596,-0.402,0.0,0.0,0,0,1,,1.0,2026-03-15T12:49:57.037659,sad,0.405,2026-03-15T12:49:57.037659,0.588815081814257,2026-03-15T12:49:57.004000,75,,,
participant_14,4,day,Town10HD_Opt,2026-03-15 12:49:58.154563,-41.67994689941406,85.89611053466797,0.0020001220982521,7.326,-0.068,0.0,0.0,0,0,1,,0.8,2026-03-15T12:49:58.154563,sad,0.405,2026-03-15T12:49:57.037659,0.6154032634314982,2026-03-15T12:49:59.028000,71,,,
participant_14,4,day,Town10HD_Opt,2026-03-15 12:49:59.068308,-41.6850814819336,84.93653869628906,0.0019755936227738,4.519,0.352,0.0,0.0,0,0,1,,1.0,2026-03-15T12:49:59.068308,sad,0.43,2026-03-15T12:49:59.068308,0.5668851407073942,2026-03-15T12:49:59.028000,71,,,
participant_15,1,day,Town10HD_Opt,2026-03-15 15:00:00.000000,-41.66858673095703,89.7454833984375,0.5804919600486755,18.162,2.05,0.435,0.0,0,0,1,,1.0,2026-03-15T15:00:00,,,2026-03-15T15:00:00,0.2188334999134571,2026-03-15T15:00:00,53,,,
participant_15,1,day,Town10HD_Opt,2026-03-15 15:00:04.694350,-41.75225830078125,83.04883575439453,0.0021393964998424,18.077,2.779,0.575,0.0,0,0,1,,0.896,2026-03-15T15:00:04.694350,happy,0.835,2026-03-15T15:00:04.694350,0.02,2026-03-15T15:00:05.001000,52,,,
participant_15,1,day,Town10HD_Opt,2026-03-15 15:00:05.084253,-41.73477554321289,81.98332214355469,0.0020347593817859,18.737,4.778,0.523,0.0,0,0,1,,0.896,2026-03-15T15:00:04.694350,happy,0.835,2026-03-15T15:00:04.694350,0.0698812228328544,2026-03-15T15:00:06.030000,53,,,
participant_15,1,day,Town10HD_Opt,2026-03-15 15:00:06.109464,-41.29289627075195,78.39013671875,0.001916809240356,23.101,13.775,0.5,0.0,0,0,1,,0.915,2026-03-15T15:00:06.109464,happy,0.835,2026-03-15T15:00:04.694350,0.0706106024631237,2026-03-15T15:00:06.976000,55,,,
participant_15,1,day,Town10HD_Opt,2026-03-15 15:00:07.167824,-39.63703918457031,74.45915222167969,0.0019769668579101,26.057,17.331,0.462,0.0,0,0,1,,0.886,2026-03-15T15:00:07.167824,happy,0.693,2026-03-15T15:00:07.167824,0.0755877595316361,2026-03-15T15:00:08.055000,54,,,
participant_15,1,day,Town10HD_Opt,2026-03-15 15:00:08.171785,-36.39179611206055,71.20646667480469,0.0021082304883748,26.057,20.764,0.004,0.0,0,0,1,,0.946,2026-03-15T15:00:08.171785,happy,0.693,2026-03-15T15:00:07.167824,0.108934345419091,2026-03-15T15:00:09.045000,56,,,
participant_15,1,day,Town10HD_Opt,2026-03-15 15:00:09.238102,-32.55105209350586,69.77526092529297,0.0021990584209561,21.493,13.536,0.227,0.0,0,0,1,,1.0,2026-03-15T15:00:09.238102,neutral,0.544,2026-03-15T15:00:09.238102,0.0789909821978445,2026-03-15T15:00:09.990000,56,,,
participant_15,1,day,Town10HD_Opt,2026-03-15 15:00:10.251082,-28.999305725097656,69.29517364501953,0.0021134566050022,19.452,7.977,0.267,0.0,0,0,1,,0.856,2026-03-15T15:00:10.251082,neutral,0.544,2026-03-15T15:00:09.238102,0.1635358037227672,2026-03-15T15:00:10.981000,60,,,errors=Solid line crossing
participant_15,1,day,Town10HD_Opt,2026-03-15 15:00:11.262867,-25.61680603027344,69.32778930664062,0.0019813918042927,20.545,6.263,0.514,0.0,0,0,1,,0.807,2026-03-15T15:00:11.262867,neutral,0.664,2026-03-15T15:00:11.262867,0.1407600766200346,2026-03-15T15:00:11.970000,61,,,
participant_15,1,day,Town10HD_Opt,2026-03-15 15:00:12.206598,-21.71104049682617,69.59760284423828,0.0019253541249781,24.395,-2.57,0.452,0.0,0,0,1,,0.89,2026-03-15T15:00:12.206598,neutral,0.664,2026-03-15T15:00:11.262867,0.1576037179054243,2026-03-15T15:00:13.005000,63,,,
participant_15,1,day,Town10HD_Opt,2026-03-15 15:00:13.199838,-17.334436416625977,69.75692749023438,0.0020333097781986,25.188,0.11,0.331,0.0,0,0,1,,0.888,2026-03-15T15:00:13.199838,neutral,0.664,2026-03-15T15:00:11.262867,0.1494999187453151,2026-03-15T15:00:13.995000,63,,,
participant_15,1,day,Town10HD_Opt,2026-03-15 15:00:14.114805,-13.011232376098633,69.90008544921875,0.0020888899452984,23.958,-0.66,0.268,0.0,0,0,1,,0.819,2026-03-15T15:00:14.114805,neutral,0.865,2026-03-15T15:00:14.114805,0.1114199049566033,2026-03-15T15:00:14.985000,61,,,
participant_15,1,day,Town10HD_Opt,2026-03-15 15:00:15.031881,-8.947182655334473,69.97588348388672,0.0020912932232022,22.445,-0.703,0.27,0.0,0,0,1,,0.821,2026-03-15T15:00:15.031881,neutral,0.865,2026-03-15T15:00:14.114805,0.1080602735050288,2026-03-15T15:00:15.976000,61,,,
participant_15,1,day,Town10HD_Opt,2026-03-15 15:00:16.247041,-3.893970489501953,69.98857116699219,0.0020663070026785,21.121,-0.197,0.35,0.0,0,0,1,,0.828,2026-03-15T15:00:16.247041,neutral,0.812,2026-03-15T15:00:16.247041,0.1922673353511739,2026-03-15T15:00:17.010000,65,,,
participant_15,1,day,Town10HD_Opt,2026-03-15 15:00:17.201726,-0.1838186532258987,69.97601318359375,0.0020325088407844,21.422,-0.061,0.349,0.0,0,0,1,,1.0,2026-03-15T15:00:17.201726,neutral,0.812,2026-03-15T15:00:16.247041,0.1442023893092464,2026-03-15T15:00:18.001000,64,,,
participant_15,1,day,Town10HD_Opt,2026-03-15 15:00:18.096071,3.588030815124512,69.9545669555664,0.0020316315349191,21.773,-0.2,0.348,0.0,0,0,1,,1.0,2026-03-15T15:00:18.096071,neutral,0.812,2026-03-15T15:00:16.247041,0.1445039870530761,2026-03-15T15:00:18.991000,68,,,
participant_15,1,day,Town10HD_Opt,2026-03-15 15:00:19.002443,7.417163372039795,69.917236328125,0.0020333861466497,22.071,-0.2,0.347,0.0,0,0,1,,0.846,2026-03-15T15:00:19.002443,neutral,0.864,2026-03-15T15:00:19.002443,0.14360347913323,2026-03-15T15:00:18.991000,69,,,
participant_15,1,day,Town10HD_Opt,2026-03-15 15:00:20.201944,12.590970993041992,69.85438537597656,0.0020417021587491,22.236,0.078,0.262,0.0,0,0,1,,0.87,2026-03-15T15:00:20.201944,neutral,0.864,2026-03-15T15:00:19.002443,0.1431607026705195,2026-03-15T15:00:20.971000,68,,,
participant_15,1,day,Town10HD_Opt,2026-03-15 15:00:21.159722,16.290067672729492,69.81543731689453,0.0021784207783639,18.876,0.094,0.0,0.0,0,0,1,,0.863,2026-03-15T15:00:21.159722,happy,0.551,2026-03-15T15:00:21.159722,0.0816196073165522,2026-03-15T15:00:22.005000,63,,,
participant_15,1,day,Town10HD_Opt,2026-03-15 15:00:22.142821,19.25494384765625,69.78936767578125,0.0020360562484711,14.713,0.094,0.0,0.0,0,0,1,,0.839,2026-03-15T15:00:22.142821,happy,0.551,2026-03-15T15:00:21.159722,0.155623798429617,2026-03-15T15:00:22.995000,62,,,
participant_15,1,day,Town10HD_Opt,2026-03-15 15:00:23.052682,21.50473594665528,69.77268981933594,0.0020428083371371,10.771,0.094,0.0,0.061,0,0,1,,0.87,2026-03-15T15:00:23.052682,happy,0.551,2026-03-15T15:00:21.159722,0.2451737044367434,2026-03-15T15:00:23.985000,59,,,
participant_15,1,day,Town10HD_Opt,2026-03-15 15:00:23.986422,23.132646560668945,69.7623062133789,0.00202003470622,7.608,0.094,0.0,0.061,0,0,1,,0.867,2026-03-15T15:00:23.986422,happy,0.511,2026-03-15T15:00:23.986422,0.1454638058636516,2026-03-15T15:00:23.985000,58,,,
participant_15,1,day,Town10HD_Opt,2026-03-15 15:00:25.180095,24.622528076171875,69.7540512084961,0.0019686508458107,4.336,0.094,0.0,0.013,0,0,1,,1.0,2026-03-15T15:00:25.180095,happy,0.511,2026-03-15T15:00:23.986422,0.216936589102467,2026-03-15T15:00:26.010000,58,,,
participant_15,1,day,Town10HD_Opt,2026-03-15 15:00:26.128910,24.70010757446289,69.7536849975586,0.001944274874404,0.026,0.082,0.003,0.0,0,0,1,,0.932,2026-03-15T15:00:26.128910,neutral,0.814,2026-03-15T15:00:26.128910,0.1564477300779251,2026-03-15T15:00:27,57,,,
participant_15,1,day,Town10HD_Opt,2026-03-15 15:00:27.016304,24.828128814697266,69.7529525756836,0.0018123628105968,2.439,0.068,0.133,0.0,0,0,1,,0.852,2026-03-15T15:00:27.016304,neutral,0.814,2026-03-15T15:00:26.128910,0.1627798270495233,2026-03-15T15:00:27,55,,,
participant_15,1,day,Town10HD_Opt,2026-03-15 15:00:28.191340,25.420265197753903,69.74974822998047,0.0021219251211732,0.0,0.049,0.0,0.042,0,0,1,,0.932,2026-03-15T15:00:28.191340,happy,0.93,2026-03-15T15:00:28.191340,0.1695915692502513,2026-03-15T15:00:29.026000,57,,,
participant_15,1,day,Town10HD_Opt,2026-03-15 15:00:29.107247,25.4307861328125,69.74971008300781,0.0018767928704619,1.205,0.031,0.605,0.0,0,0,1,,0.825,2026-03-15T15:00:29.107247,happy,0.93,2026-03-15T15:00:28.191340,0.0830897570005337,2026-03-15T15:00:29.971000,58,,,
participant_15,1,day,Town10HD_Opt,2026-03-15 15:00:30.110199,25.99531364440918,69.74647521972656,0.0018973159603774,3.672,0.031,0.0,0.0,0,0,1,,0.863,2026-03-15T15:00:30.110199,happy,0.93,2026-03-15T15:00:28.191340,0.1041976269330476,2026-03-15T15:00:31.006000,58,,,
participant_15,1,day,Town10HD_Opt,2026-03-15 15:00:31.041647,26.568023681640625,69.74347686767578,0.0019448088714852,2.824,0.031,0.0,0.0,0,0,1,,0.894,2026-03-15T15:00:31.041647,neutral,0.581,2026-03-15T15:00:31.041647,0.1605396559602576,2026-03-15T15:00:31.996000,59,,,
participant_15,1,day,Town10HD_Opt,2026-03-15 15:00:32.246153,26.697694778442383,69.7428970336914,0.0017360306810587,3.652,-0.005,0.839,0.0,0,0,1,,0.84,2026-03-15T15:00:32.246153,neutral,0.581,2026-03-15T15:00:31.041647,0.2398955182710574,2026-03-15T15:00:33.076000,56,,,
participant_15,1,day,Town10HD_Opt,2026-03-15 15:00:33.159603,28.327077865600582,69.72998809814453,0.0015553667908534,15.352,-2.522,0.617,0.0,0,0,1,,1.0,2026-03-15T15:00:33.159603,neutral,0.601,2026-03-15T15:00:33.159603,0.1621745478654925,2026-03-15T15:00:34.065000,55,,,
participant_15,1,day,Town10HD_Opt,2026-03-15 15:00:34.076266,31.41632652282715,69.37422943115234,0.0020026399288326,19.422,-11.262,0.463,0.0,0,0,1,,0.806,2026-03-15T15:00:34.076266,neutral,0.601,2026-03-15T15:00:33.159603,0.2064734301648407,2026-03-15T15:00:35.010000,54,,,
participant_15,1,day,Town10HD_Opt,2026-03-15 15:00:34.997675,34.86915969848633,68.3154525756836,0.0019592668395489,22.133,-10.976,0.462,0.0,0,0,1,,0.892,2026-03-15T15:00:34.997675,neutral,0.601,2026-03-15T15:00:33.159603,0.1482908287916924,2026-03-15T15:00:35.010000,54,,,
participant_15,1,day,Town10HD_Opt,2026-03-15 15:00:36.224280,39.52365493774414,65.42333221435547,0.0020277786534279,24.47,-13.032,0.288,0.0,0,0,1,,1.0,2026-03-15T15:00:36.224280,neutral,0.721,2026-03-15T15:00:36.224280,0.2335953626511971,2026-03-15T15:00:36.991000,51,,,
participant_15,1,day,Town10HD_Opt,2026-03-15 15:00:37.174744,42.22031021118164,62.276634216308594,0.0030759426299482,22.709,-12.964,0.237,0.0,0,0,1,,0.812,2026-03-15T15:00:37.174744,neutral,0.721,2026-03-15T15:00:36.224280,0.1408041879704339,2026-03-15T15:00:37.980000,55,Vehicle collision,Vehicle collision,
participant_15,1,day,Town10HD_Opt,2026-03-15 15:00:38.043076,43.85805892944336,58.86908721923828,0.0021193693391978,20.556,-12.964,0.134,0.0,0,0,1,,1.0,2026-03-15T15:00:38.043076,neutral,0.721,2026-03-15T15:00:36.224280,0.247906874152951,2026-03-15T15:00:38.971000,56,,,
participant_15,1,day,Town10HD_Opt,2026-03-15 15:00:39.222144,44.59244918823242,54.7534065246582,0.0020381545182317,15.083,-12.648,0.0,0.0,0,0,1,,1.0,2026-03-15T15:00:39.222144,neutral,0.636,2026-03-15T15:00:39.222144,0.2120734253531898,2026-03-15T15:00:40.005000,56,,,
participant_15,1,day,Town10HD_Opt,2026-03-15 15:00:40.144884,44.50374221801758,52.40872573852539,0.0020237348508089,11.791,-6.758,0.113,0.0,0,0,1,,0.858,2026-03-15T15:00:40.144884,neutral,0.636,2026-03-15T15:00:39.222144,0.2121850420134613,2026-03-15T15:00:40.996000,57,,,
participant_15,1,day,Town10HD_Opt,2026-03-15 15:00:41.048060,44.35131072998047,50.348934173583984,0.0020712662953883,12.598,-0.867,0.298,0.0,0,0,1,,0.969,2026-03-15T15:00:41.048060,neutral,0.636,2026-03-15T15:00:39.222144,0.2513060878521201,2026-03-15T15:00:41.986000,56,,,
participant_15,1,day,Town10HD_Opt,2026-03-15 15:00:41.986347,44.20341873168945,48.04168701171875,0.0018883895827457,13.577,0.402,0.22,0.0,0,0,1,,0.931,2026-03-15T15:00:41.986347,happy,0.638,2026-03-15T15:00:41.986347,0.2776521736590365,2026-03-15T15:00:41.986000,55,,,
participant_15,1,day,Town10HD_Opt,2026-03-15 15:00:43.142919,44.038211822509766,45.03623962402344,0.002008018316701,11.053,0.78,0.0,0.0,0,0,1,,0.938,2026-03-15T15:00:43.142919,happy,0.638,2026-03-15T15:00:41.986347,0.1612699819929149,2026-03-15T15:00:44.056000,52,,,
participant_15,1,day,Town10HD_Opt,2026-03-15 15:00:44.039140,43.9629135131836,43.35458755493164,0.002031173557043,7.855,0.717,0.242,0.0,0,0,1,,0.932,2026-03-15T15:00:44.039140,happy,0.732,2026-03-15T15:00:44.039140,0.2501564125912587,2026-03-15T15:00:45,54,,,
participant_15,1,day,Town10HD_Opt,2026-03-15 15:00:44.990905,43.89946365356445,41.52284622192383,0.0016884614014998,14.185,1.368,0.198,0.0,0,0,1,,0.88,2026-03-15T15:00:44.990905,happy,0.732,2026-03-15T15:00:44.039140,0.1564279492261641,2026-03-15T15:00:45,53,,,
participant_15,1,day,Town10HD_Opt,2026-03-15 15:00:46.007763,43.95944213867188,39.05998611450195,0.0019449233077466,13.586,8.933,0.118,0.0,0,0,1,,0.926,2026-03-15T15:00:46.007763,happy,0.732,2026-03-15T15:00:44.039140,0.2048861538920268,2026-03-15T15:00:46.981000,56,,,
participant_15,1,day,Town10HD_Opt,2026-03-15 15:00:47.225690,44.5623779296875,36.06549072265625,0.001835212809965,14.863,16.525,0.487,0.0,0,0,1,,0.866,2026-03-15T15:00:47.225690,happy,0.58,2026-03-15T15:00:47.225690,0.1438755432592952,2026-03-15T15:00:47.970000,57,,,
participant_15,1,day,Town10HD_Opt,2026-03-15 15:00:48.171620,45.89539337158203,33.430721282958984,0.0020357514731585,19.392,19.158,0.655,0.0,0,0,1,,0.889,2026-03-15T15:00:48.171620,happy,0.58,2026-03-15T15:00:47.225690,0.247916363233095,2026-03-15T15:00:49.006000,58,,,
participant_15,1,day,Town10HD_Opt,2026-03-15 15:00:49.103665,48.53525161743164,30.66516494750977,0.0019123459933325,24.49,17.998,0.388,0.0,0,0,1,,0.896,2026-03-15T15:00:49.103665,happy,0.58,2026-03-15T15:00:47.225690,0.2757123028160407,2026-03-15T15:00:49.995000,57,,,
participant_15,1,day,Town10HD_Opt,2026-03-15 15:00:50.052713,52.44135284423828,28.764965057373047,0.0020576857496052,25.268,13.039,0.369,0.0,0,0,1,,0.899,2026-03-15T15:00:50.052713,neutral,0.602,2026-03-15T15:00:50.052713,0.3180507872338006,2026-03-15T15:00:50.986000,60,,,
participant_15,1,day,Town10HD_Opt,2026-03-15 15:00:51.240575,58.29251480102539,27.894437789916992,0.0020988082978874,24.495,6.732,0.049,0.0,0,0,1,,1.0,2026-03-15T15:00:51.240575,neutral,0.602,2026-03-15T15:00:50.052713,0.3063881589986719,2026-03-15T15:00:51.976000,62,,,
participant_15,1,day,Town10HD_Opt,2026-03-15 15:00:52.182889,62.17520904541016,27.96953582763672,0.0022004698403179,19.689,4.995,0.587,0.0,0,0,1,,0.897,2026-03-15T15:00:52.182889,neutral,0.645,2026-03-15T15:00:52.182889,0.3098096467945377,2026-03-15T15:00:53.011000,63,,,
participant_15,1,day,Town10HD_Opt,2026-03-15 15:00:53.139809,65.90483856201172,28.300546646118164,0.0019167328719049,23.472,-2.264,0.218,0.0,0,0,1,,0.924,2026-03-15T15:00:53.139809,neutral,0.645,2026-03-15T15:00:52.182889,0.3588337864366699,2026-03-15T15:00:54.001000,58,,,
participant_15,1,day,Town10HD_Opt,2026-03-15 15:00:54.043523,69.90656280517578,28.50292205810547,0.0020907211583107,21.888,3.905,0.112,0.0,0,0,1,,0.893,2026-03-15T15:00:54.043523,neutral,0.645,2026-03-15T15:00:52.182889,0.38952257414698,2026-03-15T15:00:54.991000,60,,,errors=Solid line crossing
participant_15,1,day,Town10HD_Opt,2026-03-15 15:00:55.250791,72.98590087890625,28.83055305480957,0.0025215141940861,0.002,0.59,0.0,0.691,0,0,1,,0.867,2026-03-15T15:00:55.250791,sad,0.373,2026-03-15T15:00:55.250791,0.3916402089314983,2026-03-15T15:00:56.026000,57,,,
participant_15,1,day,Town10HD_Opt,2026-03-15 15:00:56.242143,72.99345397949219,28.8312931060791,0.0019064330263063,0.978,-6.227,0.574,0.0,0,0,1,,0.908,2026-03-15T15:00:56.242143,sad,0.373,2026-03-15T15:00:55.250791,0.4390282334433065,2026-03-15T15:00:57.015000,55,,,
participant_15,1,day,Town10HD_Opt,2026-03-15 15:00:57.126799,73.44227600097656,28.880083084106445,0.0019052124116569,2.885,-1.831,0.0,0.0,0,0,1,,0.856,2026-03-15T15:00:57.126799,sad,0.373,2026-03-15T15:00:55.250791,0.3343234042921494,2026-03-15T15:00:58.006000,54,,,
participant_15,1,day,Town10HD_Opt,2026-03-15 15:00:58.023920,73.88896942138672,28.93212509155273,0.0019392776302993,2.217,-1.403,0.0,0.0,0,0,1,,1.0,2026-03-15T15:00:58.023920,happy,0.462,2026-03-15T15:00:58.023920,0.4068284462821883,2026-03-15T15:00:58.995000,54,,,
participant_15,1,day,Town10HD_Opt,2026-03-15 15:00:59.228130,74.11637878417969,28.95994758605957,0.0019469450926408,0.0,-0.329,0.0,0.267,0,0,1,,0.824,2026-03-15T15:00:59.228130,happy,0.462,2026-03-15T15:00:58.023920,0.2969857023910014,2026-03-15T15:00:59.986000,53,,,
participant_15,1,day,Town10HD_Opt,2026-03-15 15:01:00.152015,74.09856414794922,28.957799911499023,0.0019918440375477,2.224,-0.327,0.704,0.0,0,1,-1,,0.822,2026-03-15T15:01:00.152015,neutral,0.369,2026-03-15T15:01:00.152015,0.3058298948585558,2026-03-15T15:01:00.976000,54,,,
participant_15,1,day,Town10HD_Opt,2026-03-15 15:01:01.085146,73.00706481933594,28.819713592529297,0.0022603222168982,11.386,-0.085,0.669,0.0,0,1,-1,,0.92,2026-03-15T15:01:01.085146,neutral,0.369,2026-03-15T15:01:00.152015,0.3551286818096499,2026-03-15T15:01:02.010000,51,,,errors=Solid line crossing
participant_15,1,day,Town10HD_Opt,2026-03-15 15:01:02.231274,70.9063949584961,28.550987243652344,0.0016910935519263,4.071,-0.085,0.014,0.0,0,1,-1,,0.829,2026-03-15T15:01:02.231274,neutral,0.572,2026-03-15T15:01:02.231274,0.3365241008884581,2026-03-15T15:01:03.001000,54,,,
participant_15,1,day,Town10HD_Opt,2026-03-15 15:01:03.129274,70.48062133789062,28.49605178833008,0.0018425368471071,1.24,-0.085,0.244,0.0,0,1,-1,,1.0,2026-03-15T15:01:03.129274,neutral,0.572,2026-03-15T15:01:02.231274,0.3838863692985839,2026-03-15T15:01:04.080000,53,,,
participant_15,1,day,Town10HD_Opt,2026-03-15 15:01:04.050365,70.23993682861328,28.46382713317871,0.0019440078176558,1.875,-0.085,0.339,0.0,0,1,-1,,1.0,2026-03-15T15:01:04.050365,neutral,0.572,2026-03-15T15:01:02.231274,0.3739602790095531,2026-03-15T15:01:04.981000,54,,,
participant_15,1,day,Town10HD_Opt,2026-03-15 15:01:05.189871,69.67131805419922,28.389902114868164,0.0019202422117814,2.614,-0.085,0.305,0.0,0,1,-1,,0.846,2026-03-15T15:01:05.189871,fear,0.303,2026-03-15T15:01:05.189871,0.4227258510266967,2026-03-15T15:01:06.016000,53,,,
participant_15,1,day,Town10HD_Opt,2026-03-15 15:01:06.073224,69.22164916992188,28.331254959106445,0.0019190596649423,2.591,-0.085,0.296,0.0,0,1,-1,,1.0,2026-03-15T15:01:06.073224,fear,0.303,2026-03-15T15:01:05.189871,0.3873948289793944,2026-03-15T15:01:07.005000,54,,,
participant_15,1,day,Town10HD_Opt,2026-03-15 15:01:07.178892,68.62568664550781,28.25347137451172,0.0019185638520866,2.562,-0.085,0.294,0.0,0,1,-1,,0.804,2026-03-15T15:01:07.178892,fear,0.303,2026-03-15T15:01:05.189871,0.3914731105050447,2026-03-15T15:01:07.996000,53,,,
participant_15,1,day,Town10HD_Opt,2026-03-15 15:01:08.068994,68.1839370727539,28.195751190185547,0.0019174193730577,2.519,-0.085,0.285,0.0,0,1,-1,,0.829,2026-03-15T15:01:08.068994,neutral,0.437,2026-03-15T15:01:08.068994,0.3362174586391474,2026-03-15T15:01:08.986000,55,,,
participant_15,1,day,Town10HD_Opt,2026-03-15 15:01:09.187148,67.56058502197266,28.11434555053711,0.0019029998220503,2.364,-0.085,0.051,0.0,0,1,-1,,0.856,2026-03-15T15:01:09.187148,neutral,0.437,2026-03-15T15:01:08.068994,0.3795238079869338,2026-03-15T15:01:09.976000,58,,,
participant_15,1,day,Town10HD_Opt,2026-03-15 15:01:10.055321,67.13005828857422,28.05792236328125,0.0018627548124641,1.599,-0.082,0.0,0.0,0,1,-1,,0.846,2026-03-15T15:01:10.055321,neutral,0.437,2026-03-15T15:01:08.068994,0.4367558013425503,2026-03-15T15:01:11.010000,60,,,
participant_15,1,day,Town10HD_Opt,2026-03-15 15:01:11.225266,67.0128173828125,28.042579650878903,0.0019052504794672,0.0,-0.045,0.0,0.09,0,0,1,,1.0,2026-03-15T15:01:11.225266,sad,0.428,2026-03-15T15:01:11.225266,0.5231910115585635,2026-03-15T15:01:12.001000,58,,,
participant_15,1,day,Town10HD_Opt,2026-03-15 15:01:12.085872,67.01891326904297,28.04339599609375,0.0019181059906259,0.049,-0.153,0.0,0.0,0,0,1,,0.879,2026-03-15T15:01:12.085872,sad,0.428,2026-03-15T15:01:11.225266,0.3779964343889224,2026-03-15T15:01:12.991000,57,,,
participant_15,1,day,Town10HD_Opt,2026-03-15 15:01:13.012159,67.02593231201172,28.044294357299805,0.0019192504696547,0.038,-0.439,0.0,0.0,0,0,1,,0.853,2026-03-15T15:01:13.012159,sad,0.428,2026-03-15T15:01:11.225266,0.4667683377632574,2026-03-15T15:01:13.980000,58,,,
participant_15,1,day,Town10HD_Opt,2026-03-15 15:01:14.154416,67.03282165527344,28.0451774597168,0.0019191360333934,0.028,-0.543,0.0,0.0,0,0,1,,0.953,2026-03-15T15:01:14.154416,happy,0.813,2026-03-15T15:01:14.154416,0.4273284703398253,2026-03-15T15:01:15.015000,57,,,
participant_15,1,day,Town10HD_Opt,2026-03-15 15:01:15.036704,67.03595733642578,28.04557609558105,0.0019192504696547,0.004,-0.543,0.0,0.0,0,0,1,,0.886,2026-03-15T15:01:15.036704,happy,0.813,2026-03-15T15:01:14.154416,0.4354354160858987,2026-03-15T15:01:16.006000,58,,,
participant_15,1,day,Town10HD_Opt,2026-03-15 15:01:16.236713,67.0362777709961,28.04561424255371,0.0019189452286809,0.001,-0.529,0.0,0.0,0,0,1,,0.843,2026-03-15T15:01:16.236713,neutral,0.698,2026-03-15T15:01:16.236713,0.3988951331801877,2026-03-15T15:01:16.996000,58,,,
participant_15,1,day,Town10HD_Opt,2026-03-15 15:01:17.135506,67.03646087646484,28.045654296875,0.0019188689766451,0.006,-0.416,0.0,0.0,0,0,1,,0.892,2026-03-15T15:01:17.135506,neutral,0.698,2026-03-15T15:01:16.236713,0.4115465258171771,2026-03-15T15:01:18.075000,56,,,
participant_15,1,day,Town10HD_Opt,2026-03-15 15:01:17.987211,67.03641510009766,28.04564666748047,0.0019185638520866,0.006,-0.428,0.0,0.0,0,0,1,,1.0,2026-03-15T15:01:17.987211,neutral,0.698,2026-03-15T15:01:16.236713,0.4270300323503856,2026-03-15T15:01:18.075000,56,,,
participant_15,1,day,Town10HD_Opt,2026-03-15 15:01:19.128457,67.03654479980469,28.04566764831543,0.0019187163561582,0.006,-0.428,0.0,0.0,0,0,1,,0.862,2026-03-15T15:01:19.128457,neutral,0.638,2026-03-15T15:01:19.128457,0.4620290591529232,2026-03-15T15:01:20.010000,55,,,
participant_15,1,day,Town10HD_Opt,2026-03-15 15:01:19.992321,67.04511260986328,28.046817779541016,0.0018761825049296,1.077,-0.642,0.665,0.0,0,0,1,,0.93,2026-03-15T15:01:19.992321,neutral,0.638,2026-03-15T15:01:19.128457,0.4870124761686644,2026-03-15T15:01:20.010000,57,,,
participant_15,1,day,Town10HD_Opt,2026-03-15 15:01:21.181811,68.95450592041016,28.24472427368164,0.0016911698039621,13.873,-3.073,0.063,0.0,0,0,1,,0.872,2026-03-15T15:01:21.181811,disgust,0.358,2026-03-15T15:01:21.181811,0.4023662666473246,2026-03-15T15:01:21.991000,54,,,
participant_15,1,day,Town10HD_Opt,2026-03-15 15:01:22.165316,71.20230865478516,28.398595809936523,0.0020067975856363,11.28,-2.755,0.0,0.0,0,0,1,,0.811,2026-03-15T15:01:22.165316,disgust,0.358,2026-03-15T15:01:21.181811,0.4105945981845859,2026-03-15T15:01:22.983000,53,,,
participant_15,1,day,Town10HD_Opt,2026-03-15 15:01:23.056948,72.95726776123047,28.465744018554688,0.0020059964153915,8.716,-2.631,0.013,0.0,0,0,1,,0.834,2026-03-15T15:01:23.056948,disgust,0.358,2026-03-15T15:01:21.181811,0.4727832027867612,2026-03-15T15:01:24.016000,53,,,
participant_15,1,day,Town10HD_Opt,2026-03-15 15:01:24.211894,74.79563903808594,28.504196166992188,0.0017970276530832,9.818,-1.173,0.0,0.0,0,0,1,,0.931,2026-03-15T15:01:24.211894,neutral,0.63,2026-03-15T15:01:24.211894,0.4387795397727723,2026-03-15T15:01:25.005000,57,,,
participant_15,1,day,Town10HD_Opt,2026-03-15 15:01:25.139425,76.40225219726562,28.524232864379883,0.0019794083200395,8.066,-1.224,0.0,0.0,0,0,1,,0.859,2026-03-15T15:01:25.139425,neutral,0.63,2026-03-15T15:01:24.211894,0.4994903114828552,2026-03-15T15:01:25.996000,55,,,
participant_15,1,day,Town10HD_Opt,2026-03-15 15:01:26.039295,77.6586685180664,28.52722549438477,0.001977882348001,6.284,-1.224,0.0,0.0,0,0,1,,0.903,2026-03-15T15:01:26.039295,neutral,0.63,2026-03-15T15:01:24.211894,0.4871393141253519,2026-03-15T15:01:26.986000,56,,,
participant_15,1,day,Town10HD_Opt,2026-03-15 15:01:27.143098,78.62329864501953,28.521991729736328,0.0019646452274173,4.754,-1.224,0.0,0.0,0,0,1,,0.928,2026-03-15T15:01:27.143098,neutral,0.655,2026-03-15T15:01:27.143098,0.4420169346774653,2026-03-15T15:01:28.021000,54,,,
participant_15,1,day,Town10HD_Opt,2026-03-15 15:01:28.115587,79.36385345458984,28.51370048522949,0.0019540023058652,3.65,-1.187,0.0,0.0,0,0,1,,0.911,2026-03-15T15:01:28.115587,neutral,0.655,2026-03-15T15:01:27.143098,0.5056199253791844,2026-03-15T15:01:29.011000,53,,,
participant_15,1,day,Town10HD_Opt,2026-03-15 15:01:29.118181,79.86250305175781,28.50613784790039,0.0021583936177194,0.0,-1.182,0.0,0.028,0,0,1,,0.947,2026-03-15T15:01:29.118181,neutral,0.655,2026-03-15T15:01:27.143098,0.4866099328760704,2026-03-15T15:01:30,51,,,
participant_15,1,day,Town10HD_Opt,2026-03-15 15:01:30.100267,79.86408233642578,28.50609588623047,0.0019281005952507,0.022,-1.144,0.0,0.0,0,0,1,,0.898,2026-03-15T15:01:30.100267,neutral,0.587,2026-03-15T15:01:30.100267,0.4576404489964309,2026-03-15T15:01:30.992000,53,,,
participant_15,1,day,Town10HD_Opt,2026-03-15 15:01:31.239324,79.86494445800781,28.506080627441406,0.0019189452286809,0.006,-0.606,0.0,0.0,0,0,1,,0.897,2026-03-15T15:01:31.239324,neutral,0.587,2026-03-15T15:01:30.100267,0.4862527075423277,2026-03-15T15:01:31.981000,53,,,
participant_15,1,day,Town10HD_Opt,2026-03-15 15:01:32.138996,79.86491394042969,28.506080627441406,0.001918678288348,0.006,-0.613,0.0,0.0,0,0,1,,0.914,2026-03-15T15:01:32.138996,happy,0.597,2026-03-15T15:01:32.138996,0.4180540547124389,2026-03-15T15:01:33.016000,53,,,
participant_15,1,day,Town10HD_Opt,2026-03-15 15:01:33.009467,79.86495208740234,28.506080627441406,0.0019189071608707,0.002,-0.613,0.0,0.0,0,0,1,,0.903,2026-03-15T15:01:33.009467,happy,0.597,2026-03-15T15:01:32.138996,0.4414644485076408,2026-03-15T15:01:33.016000,53,,,
participant_15,1,day,Town10HD_Opt,2026-03-15 15:01:34.097100,79.86505889892578,28.506080627441406,0.0019189071608707,0.002,-0.613,0.0,0.0,0,0,1,,0.899,2026-03-15T15:01:34.097100,happy,0.597,2026-03-15T15:01:32.138996,0.4691637423831275,2026-03-15T15:01:34.995000,53,,,
participant_15,1,day,Town10HD_Opt,2026-03-15 15:01:35.211336,79.86517333984375,28.506080627441406,0.0019188689766451,0.002,-0.613,0.0,0.0,0,0,1,,0.824,2026-03-15T15:01:35.211336,neutral,0.563,2026-03-15T15:01:35.211336,0.4148664827810298,2026-03-15T15:01:35.986000,53,,,
participant_15,1,day,Town10HD_Opt,2026-03-15 15:01:36.098357,79.86536407470703,28.506080627441406,0.001919021597132,0.002,-0.613,0.0,0.0,0,0,1,,0.949,2026-03-15T15:01:36.098357,neutral,0.563,2026-03-15T15:01:35.211336,0.426706800540663,2026-03-15T15:01:37.021000,53,,,
participant_15,1,day,Town10HD_Opt,2026-03-15 15:01:37.244305,79.86547088623047,28.506080627441406,0.0019189834129065,0.002,-0.613,0.0,0.0,0,0,1,,0.912,2026-03-15T15:01:37.244305,happy,0.821,2026-03-15T15:01:37.244305,0.3374704928648623,2026-03-15T15:01:38.011000,53,Solid line crossing,Solid line crossing,
participant_15,1,day,Town10HD_Opt,2026-03-15 15:01:38.129466,79.86571502685547,28.506080627441406,0.0019188689766451,0.001,-0.613,0.0,0.0,0,0,1,,0.922,2026-03-15T15:01:38.129466,happy,0.821,2026-03-15T15:01:37.244305,0.3782157355768195,2026-03-15T15:01:39.001000,54,,,
participant_15,1,day,Town10HD_Opt,2026-03-15 15:01:39.231362,79.8658218383789,28.506080627441406,0.0019190596649423,0.001,-0.613,0.0,0.0,0,0,1,,0.856,2026-03-15T15:01:39.231362,happy,0.821,2026-03-15T15:01:37.244305,0.3854209607271326,2026-03-15T15:01:39.991000,55,,,
participant_15,1,day,Town10HD_Opt,2026-03-15 15:01:40.101746,79.86583709716797,28.50608253479004,0.0019187927246093,0.006,-0.613,0.0,0.0,0,0,1,,0.884,2026-03-15T15:01:40.101746,happy,0.834,2026-03-15T15:01:40.101746,0.3448080234346714,2026-03-15T15:01:40.981000,55,,,
participant_15,1,day,Town10HD_Opt,2026-03-15 15:01:41.249013,79.865966796875,28.50608253479004,0.0019188307924196,0.006,-0.604,0.0,0.0,0,0,1,,0.922,2026-03-15T15:01:41.249013,happy,0.834,2026-03-15T15:01:40.101746,0.3681572503632739,2026-03-15T15:01:42.017000,54,,,
participant_15,1,day,Town10HD_Opt,2026-03-15 15:01:42.117187,79.86592864990234,28.50608253479004,0.0019186401041224,0.006,-0.595,0.0,0.0,0,0,1,,0.855,2026-03-15T15:01:42.117187,neutral,0.697,2026-03-15T15:01:42.117187,0.3646213318363426,2026-03-15T15:01:43.006000,55,,,
participant_15,1,day,Town10HD_Opt,2026-03-15 15:01:43.018271,79.86602020263672,28.50608253479004,0.0019189071608707,0.002,-0.59,0.0,0.0,0,0,1,,0.829,2026-03-15T15:01:43.018271,neutral,0.697,2026-03-15T15:01:42.117187,0.3146292986153894,2026-03-15T15:01:43.006000,55,,,
participant_15,1,day,Town10HD_Opt,2026-03-15 15:01:44.136178,79.86613464355469,28.50608253479004,0.0019189071608707,0.002,-0.59,0.0,0.0,0,0,1,,0.874,2026-03-15T15:01:44.136178,neutral,0.789,2026-03-15T15:01:44.136178,0.2312634054696951,2026-03-15T15:01:44.986000,53,,,
participant_15,1,day,Town10HD_Opt,2026-03-15 15:01:45.063929,79.86634063720703,28.50608253479004,0.0019190978491678,0.001,-0.59,0.0,0.0,0,0,1,,0.932,2026-03-15T15:01:45.063929,neutral,0.789,2026-03-15T15:01:44.136178,0.3083390430536438,2026-03-15T15:01:44.986000,53,,,
participant_15,1,day,Town10HD_Opt,2026-03-15 15:01:46.183178,79.86644744873047,28.50608253479004,0.0019191360333934,0.001,-0.585,0.0,0.0,0,0,1,,0.935,2026-03-15T15:01:46.183178,happy,0.784,2026-03-15T15:01:46.183178,0.2634538206175095,2026-03-15T15:01:47.011000,52,,,
participant_15,1,day,Town10HD_Opt,2026-03-15 15:01:47.050567,79.86663055419922,28.50608253479004,0.0019189071608707,0.006,-0.548,0.0,0.0,0,0,1,,0.896,2026-03-15T15:01:47.050567,happy,0.784,2026-03-15T15:01:46.183178,0.3837132538919721,2026-03-15T15:01:48.001000,50,,,
participant_15,1,day,Town10HD_Opt,2026-03-15 15:01:48.176358,79.86676025390625,28.50608253479004,0.0019189071608707,0.006,-0.519,0.0,0.0,0,0,1,,0.893,2026-03-15T15:01:48.176358,happy,0.784,2026-03-15T15:01:46.183178,0.4099681970067168,2026-03-15T15:01:48.991000,50,,,
participant_15,1,day,Town10HD_Opt,2026-03-15 15:01:48.991453,79.86622619628906,28.506080627441406,0.0019179153023287,0.146,-0.517,0.218,0.0,0,0,1,,0.845,2026-03-15T15:01:48.991453,neutral,0.651,2026-03-15T15:01:48.991453,0.3177455244703863,2026-03-15T15:01:48.991000,51,,,
participant_15,1,day,Town10HD_Opt,2026-03-15 15:01:50.135718,80.24486541748047,28.50114250183105,0.0018986511277034,2.55,-0.505,0.133,0.0,0,0,1,,0.89,2026-03-15T15:01:50.135718,neutral,0.651,2026-03-15T15:01:48.991453,0.3391498854674923,2026-03-15T15:01:51.016000,51,,,
participant_15,1,day,Town10HD_Opt,2026-03-15 15:01:50.987292,80.85609436035156,28.49252891540528,0.0018298340728506,5.012,-0.505,0.296,0.0,0,0,1,,1.0,2026-03-15T15:01:50.987292,neutral,0.651,2026-03-15T15:01:48.991453,0.3666912416637363,2026-03-15T15:01:51.016000,51,,,
participant_15,1,day,Town10HD_Opt,2026-03-15 15:01:52.113254,82.43256378173828,28.46556854248047,0.0018198777688667,9.159,-0.505,0.842,0.0,0,0,1,,0.899,2026-03-15T15:01:52.113254,neutral,0.421,2026-03-15T15:01:52.113254,0.3719624229753462,2026-03-15T15:01:52.996000,50,,,
participant_15,1,day,Town10HD_Opt,2026-03-15 15:01:53.029861,85.11717224121094,28.40192604064941,0.00174488092307,22.389,-0.928,1.0,0.0,0,0,1,,0.899,2026-03-15T15:01:53.029861,neutral,0.421,2026-03-15T15:01:52.113254,0.3806052594890352,2026-03-15T15:01:53.986000,48,,,
participant_15,1,day,Town10HD_Opt,2026-03-15 15:01:54.154438,92.541259765625,27.24119758605957,0.0015681079821661,43.146,-12.541,1.0,0.0,0,0,1,,0.916,2026-03-15T15:01:54.154438,neutral,0.822,2026-03-15T15:01:54.154438,0.3457812665062449,2026-03-15T15:01:55.021000,52,,,
participant_15,1,day,Town10HD_Opt,2026-03-15 15:01:55.032592,99.69712829589844,22.77187156677246,0.0019056702731177,50.44,-10.178,0.19,0.0,0,0,1,,0.897,2026-03-15T15:01:55.032592,neutral,0.822,2026-03-15T15:01:54.154438,0.4124951608136554,2026-03-15T15:01:55.021000,52,,,
participant_15,1,day,Town10HD_Opt,2026-03-15 15:01:56.232661,105.0582275390625,14.240181922912598,0.0023505017161369,36.847,-5.64,0.566,0.0,0,0,1,,1.0,2026-03-15T15:01:56.232661,happy,0.523,2026-03-15T15:01:56.232661,0.3858465210547741,2026-03-15T15:01:57.002000,51,,,
participant_15,1,day,Town10HD_Opt,2026-03-15 15:01:57.117872,106.99856567382812,7.412896156311035,0.0016349795041605,47.656,-5.262,0.97,0.0,0,0,1,,1.0,2026-03-15T15:01:57.117872,happy,0.523,2026-03-15T15:01:56.232661,0.3596653788879527,2026-03-15T15:01:57.991000,52,,,
participant_15,1,day,Town10HD_Opt,2026-03-15 15:01:58.015261,107.85201263427734,-1.308949589729309,0.0022032163105905,48.076,-2.48,0.721,0.0,0,0,1,,1.0,2026-03-15T15:01:58.015261,happy,0.523,2026-03-15T15:01:56.232661,0.4020801581338191,2026-03-15T15:01:58.981000,56,,,
participant_15,1,day,Town10HD_Opt,2026-03-15 15:01:59.133694,107.46031951904295,-12.872745513916016,0.0020348739344626,50.224,0.757,0.468,0.0,0,0,1,,0.927,2026-03-15T15:01:59.133694,neutral,0.747,2026-03-15T15:01:59.133694,0.4259777818430773,2026-03-15T15:02:00.016000,57,,,
participant_15,1,day,Town10HD_Opt,2026-03-15 15:02:00.230588,107.067138671875,-24.46717071533203,0.0020680236630141,49.144,-3.111,0.467,0.0,0,0,1,,0.894,2026-03-15T15:02:00.230588,neutral,0.747,2026-03-15T15:01:59.133694,0.409668078240371,2026-03-15T15:02:01.006000,55,,,
participant_15,1,day,Town10HD_Opt,2026-03-15 15:02:01.037959,105.84849548339844,-32.90290832519531,0.002072715666145,48.262,-6.035,0.466,0.0,0,0,1,,0.914,2026-03-15T15:02:01.037959,neutral,0.747,2026-03-15T15:01:59.133694,0.4357795288904676,2026-03-15T15:02:01.996000,56,,,
participant_15,1,day,Town10HD_Opt,2026-03-15 15:02:02.121412,101.77800750732422,-43.22898483276367,0.0020702742040157,47.194,-4.728,0.466,0.0,0,0,1,,0.957,2026-03-15T15:02:02.121412,sad,0.392,2026-03-15T15:02:02.121412,0.489254044344766,2026-03-15T15:02:02.986000,55,,,
participant_15,1,day,Town10HD_Opt,2026-03-15 15:02:03.211818,95.29496002197266,-51.99261474609375,0.0020623779855668,46.44,-4.27,0.466,0.0,0,0,1,,0.964,2026-03-15T15:02:03.211818,sad,0.392,2026-03-15T15:02:02.121412,0.4036574019051436,2026-03-15T15:02:04.066000,57,,,
participant_15,1,day,Town10HD_Opt,2026-03-15 15:02:04.055146,89.30179595947266,-57.407752990722656,0.0020612333901226,45.953,-5.052,0.466,0.0,0,0,1,,0.931,2026-03-15T15:02:04.055146,sad,0.392,2026-03-15T15:02:02.121412,0.463770643792968,2026-03-15T15:02:05.011000,57,,,
participant_15,1,day,Town10HD_Opt,2026-03-15 15:02:05.213820,80.0608139038086,-62.66010284423828,0.0020590971689671,45.396,-5.018,0.466,0.0,0,0,1,,0.943,2026-03-15T15:02:05.213820,neutral,0.72,2026-03-15T15:02:05.213820,0.3508941203831781,2026-03-15T15:02:06.046000,55,,,
participant_15,1,day,Town10HD_Opt,2026-03-15 15:02:06.047127,72.49696350097656,-64.95601654052734,0.002056312514469,45.071,-4.886,0.467,0.0,0,0,1,,0.926,2026-03-15T15:02:06.047127,neutral,0.72,2026-03-15T15:02:05.213820,0.2748190789844417,2026-03-15T15:02:06.991000,57,,,
participant_15,1,day,Town10HD_Opt,2026-03-15 15:02:07.200966,62.07438659667969,-65.96039581298828,0.0020497892983257,44.819,-1.638,0.457,0.0,0,0,1,,0.968,2026-03-15T15:02:07.200966,neutral,0.72,2026-03-15T15:02:05.213820,0.3627032157012786,2026-03-15T15:02:08.028000,56,Harsh braking,decel_mps2=6.4,
participant_15,1,day,Town10HD_Opt,2026-03-15 15:02:08.126715,54.310882568359375,-66.00556182861328,0.002103118924424,43.345,0.886,0.371,0.0,0,0,1,,0.936,2026-03-15T15:02:08.126715,neutral,0.742,2026-03-15T15:02:08.126715,0.3693148833610306,2026-03-15T15:02:09.016000,54,,,
participant_15,1,day,Town10HD_Opt,2026-03-15 15:02:09.100305,46.89750289916992,-66.15938568115234,0.002109489403665,41.244,0.338,0.371,0.0,0,0,1,,0.898,2026-03-15T15:02:09.100305,neutral,0.742,2026-03-15T15:02:08.126715,0.3265790980194492,2026-03-15T15:02:10.006000,54,,,
participant_15,1,day,Town10HD_Opt,2026-03-15 15:02:09.992224,39.83031463623047,-66.40580749511719,0.0021002960857003,39.445,0.317,0.37,0.0,0,0,1,,0.936,2026-03-15T15:02:09.992224,neutral,0.742,2026-03-15T15:02:08.126715,0.3993308758156877,2026-03-15T15:02:10.006000,55,,,
participant_15,1,day,Town10HD_Opt,2026-03-15 15:02:11.162638,30.859420776367188,-66.78948211669922,0.0020896147470921,37.44,-0.087,0.37,0.0,0,0,1,,0.914,2026-03-15T15:02:11.162638,neutral,0.669,2026-03-15T15:02:11.162638,0.3308215919403599,2026-03-15T15:02:11.987000,53,,,
participant_15,1,day,Town10HD_Opt,2026-03-15 15:02:12.049975,24.414979934692383,-67.05513763427734,0.0020829390268772,36.183,-0.052,0.37,0.0,0,0,1,,0.863,2026-03-15T15:02:12.049975,neutral,0.669,2026-03-15T15:02:11.162638,0.3396317243345474,2026-03-15T15:02:13.022000,54,,,
participant_15,1,day,Town10HD_Opt,2026-03-15 15:02:13.215124,16.136032104492188,-67.36903381347656,0.0020760726183652,34.769,-0.242,0.369,0.0,0,0,1,,0.958,2026-03-15T15:02:13.215124,neutral,0.503,2026-03-15T15:02:13.215124,0.336121085822006,2026-03-15T15:02:14.011000,55,,,
participant_15,1,day,Town10HD_Opt,2026-03-15 15:02:14.127084,10.148371696472168,-67.54430389404297,0.002100066980347,33.275,-0.2,0.3,0.0,0,0,1,,0.906,2026-03-15T15:02:14.127084,neutral,0.503,2026-03-15T15:02:13.215124,0.3782572217854387,2026-03-15T15:02:15.001000,57,,,
participant_15,1,day,Town10HD_Opt,2026-03-15 15:02:15.008277,4.497073173522949,-67.67755126953125,0.0021107483189553,31.158,-0.054,0.3,0.0,0,0,1,,0.936,2026-03-15T15:02:15.008277,neutral,0.503,2026-03-15T15:02:13.215124,0.3050292594384686,2026-03-15T15:02:15.001000,57,,,
participant_15,1,day,Town10HD_Opt,2026-03-15 15:02:16.127672,-2.5015618801116943,-67.82503509521484,0.0020997619722038,28.744,-0.073,0.3,0.0,0,0,1,,0.95,2026-03-15T15:02:16.127672,neutral,0.739,2026-03-15T15:02:16.127672,0.2948879979384769,2026-03-15T15:02:17.026000,55,,,
participant_15,1,day,Town10HD_Opt,2026-03-15 15:02:17.038923,-7.407044887542725,-67.91699981689453,0.0020922850817441,27.215,-0.101,0.3,0.0,0,0,1,,0.851,2026-03-15T15:02:17.038923,neutral,0.739,2026-03-15T15:02:16.127672,0.3637797251142277,2026-03-15T15:02:17.026000,56,,,
participant_15,1,day,Town10HD_Opt,2026-03-15 15:02:18.226114,-13.510931968688965,-68.01026153564453,0.0021746060810983,23.669,-0.146,0.0,0.0,0,0,1,,0.89,2026-03-15T15:02:18.226114,neutral,0.698,2026-03-15T15:02:18.226114,0.3854508758918326,2026-03-15T15:02:19.006000,57,,,
participant_15,1,day,Town10HD_Opt,2026-03-15 15:02:19.088110,-17.157678604125977,-68.05178833007812,0.0021420668344944,17.455,-0.146,0.0,0.167,0,0,1,,0.834,2026-03-15T15:02:19.088110,neutral,0.698,2026-03-15T15:02:18.226114,0.395274649918885,2026-03-15T15:02:19.996000,58,,,
participant_15,1,day,Town10HD_Opt,2026-03-15 15:02:20.215095,-20.493310928344727,-68.08075714111328,0.0020634457468986,11.034,-0.146,0.0,0.122,0,0,1,,0.832,2026-03-15T15:02:20.215095,neutral,0.698,2026-03-15T15:02:18.226114,0.403274854804227,2026-03-15T15:02:20.987000,56,,,
participant_15,1,day,Town10HD_Opt,2026-03-15 15:02:21.075394,-22.164220809936523,-68.0918197631836,0.002000541659072,8.181,-0.146,0.0,0.0,0,0,1,,0.895,2026-03-15T15:02:21.075394,sad,0.376,2026-03-15T15:02:21.075394,0.2532951578097677,2026-03-15T15:02:20.987000,55,,,
participant_15,1,day,Town10HD_Opt,2026-03-15 15:02:22.231538,-23.41279983520508,-68.09927368164062,0.0022475810255855,0.001,-0.146,0.0,0.176,0,0,1,,0.906,2026-03-15T15:02:22.231538,sad,0.376,2026-03-15T15:02:21.075394,0.3253489661233653,2026-03-15T15:02:23.012000,55,,,
participant_15,1,day,Town10HD_Opt,2026-03-15 15:02:23.069835,-23.41325187683105,-68.09927368164062,0.0019294738303869,0.004,-0.146,0.0,0.0,0,0,1,,0.937,2026-03-15T15:02:23.069835,sad,0.376,2026-03-15T15:02:21.075394,0.4556902891520575,2026-03-15T15:02:24.002000,53,,,
participant_15,1,day,Town10HD_Opt,2026-03-15 15:02:24.188066,-23.41324615478516,-68.09927368164062,0.0019189452286809,0.007,-0.146,0.0,0.0,0,0,1,,0.841,2026-03-15T15:02:24.188066,sad,0.451,2026-03-15T15:02:24.188066,0.4053252477498876,2026-03-15T15:02:24.991000,54,,,
participant_15,1,day,Town10HD_Opt,2026-03-15 15:02:25.042699,-23.41340446472168,-68.09927368164062,0.0019189452286809,0.002,-0.146,0.0,0.0,0,0,1,,0.837,2026-03-15T15:02:25.042699,sad,0.451,2026-03-15T15:02:24.188066,0.4531646041897716,2026-03-15T15:02:24.991000,53,,,
participant_15,1,day,Town10HD_Opt,2026-03-15 15:02:26.227568,-23.41347885131836,-68.09927368164062,0.0019189452286809,0.002,-0.146,0.0,0.0,0,0,1,,0.915,2026-03-15T15:02:26.227568,neutral,0.502,2026-03-15T15:02:26.227568,0.4306557047476683,2026-03-15T15:02:27.017000,50,,,
participant_15,1,day,Town10HD_Opt,2026-03-15 15:02:27.075054,-23.41368103027344,-68.09927368164062,0.001919021597132,0.001,-0.143,0.0,0.0,0,0,1,,0.916,2026-03-15T15:02:27.075054,neutral,0.502,2026-03-15T15:02:26.227568,0.4175409570071295,2026-03-15T15:02:28.006000,52,,,
participant_15,1,day,Town10HD_Opt,2026-03-15 15:02:28.226970,-23.85100746154785,-68.10077667236328,0.001491165603511,9.667,-0.134,1.0,0.0,0,0,1,,0.86,2026-03-15T15:02:28.226970,neutral,0.502,2026-03-15T15:02:26.227568,0.4219256019484609,2026-03-15T15:02:28.996000,51,,,
participant_15,1,day,Town10HD_Opt,2026-03-15 15:02:29.104549,-26.759429931640625,-68.1106185913086,0.0016984180547297,24.003,-0.12,1.0,0.0,0,0,1,,0.859,2026-03-15T15:02:29.104549,neutral,0.864,2026-03-15T15:02:29.104549,0.3945601977985714,2026-03-15T15:02:29.987000,53,,,
participant_15,1,day,Town10HD_Opt,2026-03-15 15:02:30.023255,-32.27983474731445,-68.1163330078125,0.0015259174397215,40.195,-0.12,0.963,0.0,0,0,1,,0.893,2026-03-15T15:02:30.023255,neutral,0.864,2026-03-15T15:02:29.104549,0.402250627523925,2026-03-15T15:02:29.987000,51,,,
participant_15,1,day,Town10HD_Opt,2026-03-15 15:02:31.207183,-43.34809112548828,-68.0975112915039,0.0020561979617923,49.172,0.016,0.889,0.0,0,0,1,,0.849,2026-03-15T15:02:31.207183,sad,0.377,2026-03-15T15:02:31.207183,0.3456289490157333,2026-03-15T15:02:32.011000,51,,,
participant_15,1,day,Town10HD_Opt,2026-03-15 15:02:32.138210,-52.08827590942383,-68.08419036865234,0.0019925308879464,49.529,0.002,0.673,0.0,0,0,1,,0.857,2026-03-15T15:02:32.138210,sad,0.377,2026-03-15T15:02:31.207183,0.3616344035434354,2026-03-15T15:02:33.002000,53,,,
participant_15,1,day,Town10HD_Opt,2026-03-15 15:02:33.014905,-60.6752815246582,-68.06700897216797,0.0019492722349241,50.823,-0.334,0.0,0.0,0,0,1,,0.853,2026-03-15T15:02:33.014905,sad,0.377,2026-03-15T15:02:31.207183,0.3662185578782528,2026-03-15T15:02:33.002000,54,,,
participant_15,1,day,Town10HD_Opt,2026-03-15 15:02:34.144617,-72.3376235961914,-67.69152069091797,0.0020075605716556,49.924,-3.627,0.65,0.0,0,0,1,,0.858,2026-03-15T15:02:34.144617,sad,0.444,2026-03-15T15:02:34.144617,0.3856122365606437,2026-03-15T15:02:35.026000,56,,,
participant_15,1,day,Town10HD_Opt,2026-03-15 15:02:35.232016,-83.63556671142578,-65.1595230102539,0.0020885085687041,49.208,-4.667,0.633,0.0,0,0,1,,0.929,2026-03-15T15:02:35.232016,sad,0.444,2026-03-15T15:02:34.144617,0.394734403228212,2026-03-15T15:02:36.017000,55,,,
participant_15,1,day,Town10HD_Opt,2026-03-15 15:02:36.119456,-91.50763702392578,-61.5017204284668,0.0019635772332549,50.845,-4.483,0.0,0.0,0,0,1,,0.849,2026-03-15T15:02:36.119456,sad,0.444,2026-03-15T15:02:34.144617,0.4034242511978829,2026-03-15T15:02:37.007000,55,,,
participant_15,1,day,Town10HD_Opt,2026-03-15 15:02:37.014404,-98.5366668701172,-56.47138977050781,0.0019881438929587,50.311,-5.964,0.633,0.0,0,0,1,,0.828,2026-03-15T15:02:37.014404,neutral,0.578,2026-03-15T15:02:37.014404,0.4419102077390759,2026-03-15T15:02:37.007000,55,,,
participant_15,1,day,Town10HD_Opt,2026-03-15 15:02:38.182182,-105.76427459716795,-47.44899368286133,0.0019809722434729,50.46,-5.635,0.613,0.0,0,0,1,,0.921,2026-03-15T15:02:38.182182,neutral,0.578,2026-03-15T15:02:37.014404,0.3995033540445569,2026-03-15T15:02:38.987000,54,,,
participant_15,1,day,Town10HD_Opt,2026-03-15 15:02:39.050339,-109.13941192626952,-39.62165069580078,0.0022146222181618,45.849,-5.924,0.298,0.0,0,0,1,,0.864,2026-03-15T15:02:39.050339,sad,0.442,2026-03-15T15:02:39.050339,0.3913080259972482,2026-03-15T15:02:40.021000,55,,,
participant_15,1,day,Town10HD_Opt,2026-03-15 15:02:40.229002,-110.57650756835938,-29.70101547241211,0.0021746442653238,40.264,-3.243,0.298,0.0,0,0,1,,0.851,2026-03-15T15:02:40.229002,sad,0.442,2026-03-15T15:02:39.050339,0.3015361375973076,2026-03-15T15:02:41.011000,57,,,
participant_15,1,day,Town10HD_Opt,2026-03-15 15:02:41.172976,-110.62353515625,-22.91710090637207,0.0021454237867146,37.067,0.04,0.311,0.0,0,0,1,,0.881,2026-03-15T15:02:41.172976,neutral,0.454,2026-03-15T15:02:41.172976,0.2892241542835568,2026-03-15T15:02:42.001000,53,,,
participant_15,1,day,Town10HD_Opt,2026-03-15 15:02:42.062122,-110.64351654052734,-16.276771545410156,0.0017488864250481,42.113,-0.392,1.0,0.0,0,0,1,,0.889,2026-03-15T15:02:42.062122,neutral,0.454,2026-03-15T15:02:41.172976,0.3671785701503827,2026-03-15T15:02:42.991000,53,,,
participant_15,1,day,Town10HD_Opt,2026-03-15 15:02:43.228880,-110.5174560546875,-4.845531940460205,0.0022071073763072,47.954,0.002,0.0,0.0,0,0,1,,0.915,2026-03-15T15:02:43.228880,neutral,0.707,2026-03-15T15:02:43.228880,0.3405427420424602,2026-03-15T15:02:44.026000,55,,,
participant_15,1,day,Town10HD_Opt,2026-03-15 15:02:44.139388,-110.27686309814452,2.717535257339477,0.0023789973929524,37.507,-5.801,0.0,0.0,0,0,1,,0.937,2026-03-15T15:02:44.139388,neutral,0.707,2026-03-15T15:02:43.228880,0.3555312882223784,2026-03-15T15:02:45.017000,56,,,
participant_15,1,day,Town10HD_Opt,2026-03-15 15:02:45.007365,-109.22252655029295,8.50044059753418,0.0022552106529474,30.294,-6.255,0.379,0.0,0,0,1,,0.898,2026-03-15T15:02:45.007365,neutral,0.707,2026-03-15T15:02:43.228880,0.3058797187984787,2026-03-15T15:02:45.017000,54,,,
participant_15,1,day,Town10HD_Opt,2026-03-15 15:02:46.244871,-106.9217529296875,14.424535751342772,0.0022658535744994,22.625,-6.772,0.0,0.0,0,0,1,,0.903,2026-03-15T15:02:46.244871,fear,0.43,2026-03-15T15:02:46.244871,0.3440372489844023,2026-03-15T15:02:46.996000,57,,,
participant_15,1,day,Town10HD_Opt,2026-03-15 15:02:47.232827,-105.122802734375,17.40927505493164,0.0019687651656568,17.434,-7.651,0.122,0.0,0,0,1,,0.899,2026-03-15T15:02:47.232827,fear,0.43,2026-03-15T15:02:46.244871,0.3208625116867103,2026-03-15T15:02:47.987000,54,,,
participant_15,1,day,Town10HD_Opt,2026-03-15 15:02:48.223581,-103.28236389160156,19.65342903137207,0.0019263076828792,16.709,-9.981,0.459,0.0,0,0,1,,0.93,2026-03-15T15:02:48.223581,fear,0.43,2026-03-15T15:02:46.244871,0.3571458465394051,2026-03-15T15:02:49.157000,56,,,
participant_15,1,day,Town10HD_Opt,2026-03-15 15:02:49.241489,-100.89879608154295,21.76900863647461,0.0019660568796098,20.465,-10.468,0.69,0.0,0,0,1,,1.0,2026-03-15T15:02:49.241489,neutral,0.491,2026-03-15T15:02:49.241489,0.3507329022557652,2026-03-15T15:02:50.012000,57,,,
participant_15,1,day,Town10HD_Opt,2026-03-15 15:02:50.177089,-97.32512664794922,23.92222785949707,0.0018242264632135,28.118,-10.346,0.61,0.0,0,0,1,,0.884,2026-03-15T15:02:50.177089,neutral,0.491,2026-03-15T15:02:49.241489,0.3314985046146526,2026-03-15T15:02:51.001000,58,,,
participant_15,1,day,Town10HD_Opt,2026-03-15 15:02:51.209927,-92.3709716796875,25.64271354675293,0.0019384766928851,31.865,-2.127,0.357,0.0,0,0,1,,0.931,2026-03-15T15:02:51.209927,neutral,0.491,2026-03-15T15:02:49.241489,0.2656600924016805,2026-03-15T15:02:51.992000,57,,,
participant_15,1,day,Town10HD_Opt,2026-03-15 15:02:52.199133,-86.99028778076172,26.95686721801757,0.0020755385048687,31.058,-3.862,0.336,0.0,0,0,1,,0.943,2026-03-15T15:02:52.199133,neutral,0.609,2026-03-15T15:02:52.199133,0.2971513261485557,2026-03-15T15:02:53.027000,54,,,
participant_15,1,day,Town10HD_Opt,2026-03-15 15:02:53.201399,-81.7051010131836,27.767555236816406,0.002079582074657,29.953,-2.501,0.336,0.0,0,0,1,,0.866,2026-03-15T15:02:53.201399,neutral,0.609,2026-03-15T15:02:52.199133,0.3623408048974599,2026-03-15T15:02:54.016000,57,,,
participant_15,1,day,Town10HD_Opt,2026-03-15 15:02:54.274613,-76.70357513427734,28.18619155883789,0.0022251508198678,25.638,-2.487,0.0,0.0,0,0,1,,0.931,2026-03-15T15:02:54.274613,fear,0.347,2026-03-15T15:02:54.274613,0.266374278342472,2026-03-15T15:02:55.006000,57,,,
participant_15,1,day,Town10HD_Opt,2026-03-15 15:02:55.265395,-72.82887268066406,28.28522491455078,0.0022940442431718,17.882,-2.36,0.0,0.272,0,0,1,,0.921,2026-03-15T15:02:55.265395,fear,0.347,2026-03-15T15:02:54.274613,0.2497233152812304,2026-03-15T15:02:55.996000,58,,,
participant_15,1,day,Town10HD_Opt,2026-03-15 15:02:56.284393,-70.16399383544922,28.24256134033203,0.0020971677731722,12.133,-1.76,0.0,0.258,0,0,1,,0.968,2026-03-15T15:02:56.284393,neutral,0.385,2026-03-15T15:02:56.284393,0.2986067547471888,2026-03-15T15:02:57.077000,59,,,
participant_15,1,day,Town10HD_Opt,2026-03-15 15:02:57.242120,-68.41033172607422,28.181781768798828,0.0020439145155251,7.921,-0.623,0.0,0.117,0,0,1,,0.91,2026-03-15T15:02:57.242120,neutral,0.385,2026-03-15T15:02:56.284393,0.2362859586083341,2026-03-15T15:02:58.112000,62,,,
participant_15,1,day,Town10HD_Opt,2026-03-15 15:02:58.203337,-67.52893829345703,28.15100479125977,0.0023081204853951,0.001,0.125,0.0,0.298,0,0,1,,0.917,2026-03-15T15:02:58.203337,neutral,0.385,2026-03-15T15:02:56.284393,0.2107126216604075,2026-03-15T15:02:59.012000,62,,,
participant_15,1,day,Town10HD_Opt,2026-03-15 15:02:59.146308,-67.52810668945312,28.15098571777344,0.0019315337995067,0.013,0.04,0.0,0.0,0,0,1,,0.938,2026-03-15T15:02:59.146308,neutral,0.616,2026-03-15T15:02:59.146308,0.2181334656140825,2026-03-15T15:03:00.002000,61,,,
participant_15,1,day,Town10HD_Opt,2026-03-15 15:03:00.118207,-67.52757263183594,28.15098571777344,0.0019194793421775,0.002,-0.035,0.0,0.0,0,0,1,,0.843,2026-03-15T15:03:00.118207,neutral,0.616,2026-03-15T15:02:59.146308,0.2854689514889487,2026-03-15T15:03:01.037000,60,,,
participant_15,1,day,Town10HD_Opt,2026-03-15 15:03:01.049505,-67.52733612060547,28.15098571777344,0.0019188307924196,0.0,-0.035,0.0,0.0,0,0,1,,0.91,2026-03-15T15:03:01.049505,neutral,0.616,2026-03-15T15:02:59.146308,0.2390150076460958,2026-03-15T15:03:01.037000,58,,,
participant_15,1,day,Town10HD_Opt,2026-03-15 15:03:02.084062,-67.52737426757812,28.15098571777344,0.0019187163561582,0.006,-0.035,0.0,0.0,0,0,1,,0.918,2026-03-15T15:03:02.084062,neutral,0.762,2026-03-15T15:03:02.084062,0.2890832243743632,2026-03-15T15:03:03.016000,59,,,
participant_15,1,day,Town10HD_Opt,2026-03-15 15:03:03.271663,-67.5272445678711,28.15098571777344,0.0019187163561582,0.006,-0.035,0.0,0.0,0,0,1,,0.843,2026-03-15T15:03:03.271663,neutral,0.762,2026-03-15T15:03:02.084062,0.3109654936015418,2026-03-15T15:03:04.007000,61,,,
participant_15,1,day,Town10HD_Opt,2026-03-15 15:03:04.257719,-67.52729034423828,28.15098571777344,0.001918678288348,0.006,-0.035,0.0,0.0,0,0,1,,0.892,2026-03-15T15:03:04.257719,fear,0.498,2026-03-15T15:03:04.257719,0.2543285663642036,2026-03-15T15:03:04.998000,64,,,
participant_15,1,day,Town10HD_Opt,2026-03-15 15:03:05.267379,-67.52713012695312,28.15098571777344,0.0019189071608707,0.002,-0.035,0.0,0.0,0,0,1,,0.884,2026-03-15T15:03:05.267379,fear,0.498,2026-03-15T15:03:04.257719,0.2712970445272378,2026-03-15T15:03:05.988000,66,,,
participant_15,1,day,Town10HD_Opt,2026-03-15 15:03:06.285629,-67.52689361572266,28.15098571777344,0.0019190596649423,0.001,-0.035,0.0,0.0,0,0,1,,0.915,2026-03-15T15:03:06.285629,neutral,0.765,2026-03-15T15:03:06.285629,0.2712803782253595,2026-03-15T15:03:07.021000,64,,,
participant_15,1,day,Town10HD_Opt,2026-03-15 15:03:07.252088,-67.52684783935547,28.15098571777344,0.0019187545403838,0.006,-0.04,0.0,0.0,0,0,1,,0.872,2026-03-15T15:03:07.252088,neutral,0.765,2026-03-15T15:03:06.285629,0.2517934847588466,2026-03-15T15:03:08.012000,66,,,
participant_15,1,day,Town10HD_Opt,2026-03-15 15:03:08.234396,-67.52689361572266,28.15098571777344,0.0019185638520866,0.006,-0.04,0.0,0.0,0,0,1,,0.873,2026-03-15T15:03:08.234396,neutral,0.765,2026-03-15T15:03:06.285629,0.333790645286876,2026-03-15T15:03:09.003000,66,,,
participant_15,1,day,Town10HD_Opt,2026-03-15 15:03:09.221416,-67.52680206298828,28.15098571777344,0.0019188689766451,0.002,-0.04,0.0,0.0,0,0,1,,1.0,2026-03-15T15:03:09.221416,neutral,0.493,2026-03-15T15:03:09.221416,0.2847612102148831,2026-03-15T15:03:09.993000,65,,,
participant_15,1,day,Town10HD_Opt,2026-03-15 15:03:10.197287,-66.99852752685547,28.132890701293945,0.0014615253312513,10.696,-0.045,1.0,0.0,0,0,1,,0.813,2026-03-15T15:03:10.197287,neutral,0.493,2026-03-15T15:03:09.221416,0.2681678228871859,2026-03-15T15:03:11.117000,63,,,
participant_15,1,day,Town10HD_Opt,2026-03-15 15:03:11.180725,-63.94805145263672,28.02739906311035,0.0016807179199531,24.841,0.282,1.0,0.0,0,0,1,,0.869,2026-03-15T15:03:11.180725,neutral,0.493,2026-03-15T15:03:09.221416,0.3800051808469649,2026-03-15T15:03:12.064000,61,,,
participant_15,1,day,Town10HD_Opt,2026-03-15 15:03:12.126705,-58.27442169189453,27.89311408996582,0.0015242008958011,41.121,0.606,1.0,0.0,0,0,1,,1.0,2026-03-15T15:03:12.126705,neutral,0.774,2026-03-15T15:03:12.126705,0.3045676260398521,2026-03-15T15:03:13.007000,60,,,
participant_15,1,day,Town10HD_Opt,2026-03-15 15:03:13.200051,-49.9527473449707,27.85238265991211,0.0017110445769503,52.143,0.345,0.0,0.251,0,0,1,,0.816,2026-03-15T15:03:13.200051,neutral,0.774,2026-03-15T15:03:12.126705,0.3121932917637512,2026-03-15T15:03:13.996000,57,,,
participant_15,1,day,Town10HD_Opt,2026-03-15 15:03:14.137088,-41.23084259033203,27.92306327819824,0.0018688202835619,51.804,-0.101,0.0,0.18,0,0,1,,1.0,2026-03-15T15:03:14.137088,neutral,0.777,2026-03-15T15:03:14.137088,0.2906488368348154,2026-03-15T15:03:14.988000,58,,,
participant_15,1,day,Town10HD_Opt,2026-03-15 15:03:15.162385,-32.492916107177734,28.004058837890625,0.0019155885092914,51.482,0.031,0.0,0.11,0,0,1,,1.0,2026-03-15T15:03:15.162385,neutral,0.777,2026-03-15T15:03:14.137088,0.2666886740514909,2026-03-15T15:03:16.022000,58,,,
participant_15,1,day,Town10HD_Opt,2026-03-15 15:03:16.139076,-23.71896743774414,28.105514526367188,0.0019169617444276,51.699,0.014,0.0,0.134,0,0,1,,1.0,2026-03-15T15:03:16.139076,neutral,0.77,2026-03-15T15:03:16.139076,0.2559541990793995,2026-03-15T15:03:17.014000,59,,,
participant_15,1,day,Town10HD_Opt,2026-03-15 15:03:17.114756,-14.94150447845459,28.21257972717285,0.0019686890300363,50.627,-0.162,0.0,0.0,0,0,1,,0.812,2026-03-15T15:03:17.114756,neutral,0.77,2026-03-15T15:03:16.139076,0.3532694347169875,2026-03-15T15:03:18.002000,59,,,
participant_15,1,day,Town10HD_Opt,2026-03-15 15:03:18.071328,-6.737327575683594,28.2854118347168,0.0023678967263549,41.191,-0.268,0.0,0.0,0,0,1,,0.858,2026-03-15T15:03:18.071328,neutral,0.77,2026-03-15T15:03:16.139076,0.2940507638931795,2026-03-15T15:03:18.992000,59,,,
participant_15,1,day,Town10HD_Opt,2026-03-15 15:03:19.029443,-0.2216738909482956,28.28656959533692,0.0021977613214403,34.689,-0.228,0.466,0.0,0,0,1,,0.818,2026-03-15T15:03:19.029443,neutral,0.791,2026-03-15T15:03:19.029443,0.2322261954094596,2026-03-15T15:03:18.992000,56,,,
participant_15,1,day,Town10HD_Opt,2026-03-15 15:03:20.222078,7.968356132507324,28.22560310363769,0.0020286941435188,35.47,-0.106,0.422,0.0,0,0,1,,0.884,2026-03-15T15:03:20.222078,neutral,0.791,2026-03-15T15:03:19.029443,0.2709702853670272,2026-03-15T15:03:21.018000,55,,,
participant_15,1,day,Town10HD_Opt,2026-03-15 15:03:21.127222,14.187143325805664,28.154890060424805,0.0020410537254065,35.562,-0.035,0.412,0.0,0,0,1,,0.894,2026-03-15T15:03:21.127222,sad,0.425,2026-03-15T15:03:21.127222,0.28825672409652,2026-03-15T15:03:22.007000,57,,,
participant_15,1,day,Town10HD_Opt,2026-03-15 15:03:22.059611,20.25444602966309,28.096769332885746,0.0021713254973292,32.382,0.895,0.0,0.0,0,0,1,,0.926,2026-03-15T15:03:22.059611,sad,0.425,2026-03-15T15:03:21.127222,0.2639712157328262,2026-03-15T15:03:22.998000,53,,,
participant_15,1,day,Town10HD_Opt,2026-03-15 15:03:22.986927,25.33252143859864,28.187965393066406,0.0022779463324695,25.022,3.012,0.0,0.0,0,0,1,,0.972,2026-03-15T15:03:22.986927,sad,0.425,2026-03-15T15:03:21.127222,0.3135478006884686,2026-03-15T15:03:22.998000,54,,,
participant_15,1,day,Town10HD_Opt,2026-03-15 15:03:24.251017,30.22089576721192,28.738393783569336,0.0019852826371788,17.44,7.135,0.04,0.0,0,0,1,,0.956,2026-03-15T15:03:24.251017,angry,0.414,2026-03-15T15:03:24.251017,0.2658035910785361,2026-03-15T15:03:25.022000,58,,,
participant_15,1,day,Town10HD_Opt,2026-03-15 15:03:25.199344,32.88318634033203,29.50684928894043,0.00203178380616,14.253,12.825,0.047,0.0,0,0,1,,0.951,2026-03-15T15:03:25.199344,angry,0.414,2026-03-15T15:03:24.251017,0.3139932857595814,2026-03-15T15:03:26.013000,56,,,
participant_15,1,day,Town10HD_Opt,2026-03-15 15:03:26.141713,34.97003555297852,30.559919357299805,0.0019359969301149,13.303,14.097,0.251,0.0,0,0,1,,0.884,2026-03-15T15:03:26.141713,angry,0.414,2026-03-15T15:03:24.251017,0.3092510343869663,2026-03-15T15:03:27.001000,55,,,
participant_15,1,day,Town10HD_Opt,2026-03-15 15:03:27.026084,36.89420700073242,32.00455856323242,0.0018767166184261,14.755,15.919,0.37,0.0,0,0,1,,0.941,2026-03-15T15:03:27.026084,neutral,0.304,2026-03-15T15:03:27.026084,0.2345235411443446,2026-03-15T15:03:27.001000,57,,,
participant_15,1,day,Town10HD_Opt,2026-03-15 15:03:28.277346,39.19115447998047,34.982723236083984,0.001872711116448,17.802,19.249,0.356,0.0,0,0,1,,0.968,2026-03-15T15:03:28.277346,neutral,0.304,2026-03-15T15:03:27.026084,0.2424809136157827,2026-03-15T15:03:29.030000,56,,,
participant_15,1,day,Town10HD_Opt,2026-03-15 15:03:29.222865,40.22805404663086,37.97153091430664,0.0020872114691883,18.212,17.586,0.292,0.0,0,0,1,,0.945,2026-03-15T15:03:29.222865,neutral,0.362,2026-03-15T15:03:29.222865,0.3159027428445105,2026-03-15T15:03:30.063000,57,,,
participant_15,1,day,Town10HD_Opt,2026-03-15 15:03:30.159026,40.51772689819336,41.09036636352539,0.00192012777552,16.897,8.039,0.0,0.0,0,0,1,,0.881,2026-03-15T15:03:30.159026,neutral,0.362,2026-03-15T15:03:29.222865,0.2900465846100263,2026-03-15T15:03:31.052000,58,,,
participant_15,1,day,Town10HD_Opt,2026-03-15 15:03:31.112927,40.49995422363281,43.73085021972656,0.0020403286907821,13.035,2.697,0.0,0.0,0,0,1,,0.948,2026-03-15T15:03:31.112927,neutral,0.362,2026-03-15T15:03:29.222865,0.3115164537476849,2026-03-15T15:03:32.042000,60,,,
participant_15,1,day,Town10HD_Opt,2026-03-15 15:03:32.019725,40.47740173339844,45.76190948486328,0.0020146940369158,10.012,0.766,0.0,0.0,0,0,1,,0.903,2026-03-15T15:03:32.019725,neutral,0.771,2026-03-15T15:03:32.019725,0.3176434908744638,2026-03-15T15:03:32.987000,60,,,
participant_15,1,day,Town10HD_Opt,2026-03-15 15:03:33.177137,40.4444694519043,47.77826690673828,0.0019818495493382,7.167,-0.891,0.0,0.0,0,0,1,,0.953,2026-03-15T15:03:33.177137,neutral,0.771,2026-03-15T15:03:32.019725,0.2664497988838346,2026-03-15T15:03:34.022000,61,,,
participant_15,1,day,Town10HD_Opt,2026-03-15 15:03:34.117327,40.44174575805664,48.88105392456055,0.0019764709286391,5.319,-0.985,0.037,0.0,0,0,1,,0.96,2026-03-15T15:03:34.117327,neutral,0.493,2026-03-15T15:03:34.117327,0.3985092791291426,2026-03-15T15:03:35.012000,60,,,
participant_15,1,day,Town10HD_Opt,2026-03-15 15:03:35.244143,40.4461669921875,49.92892074584961,0.0019576263148337,3.653,-1.38,0.035,0.0,0,0,1,,0.879,2026-03-15T15:03:35.244143,neutral,0.493,2026-03-15T15:03:34.117327,0.342076233526469,2026-03-15T15:03:36.002000,60,,,
participant_15,1,day,Town10HD_Opt,2026-03-15 15:03:36.168181,40.45292663574219,50.49722671508789,0.001948699937202,2.75,-1.248,0.035,0.0,0,0,1,,0.922,2026-03-15T15:03:36.168181,neutral,0.758,2026-03-15T15:03:36.168181,0.2857134028690867,2026-03-15T15:03:36.002000,59,,,
participant_15,1,day,Town10HD_Opt,2026-03-15 15:03:37.091921,40.45931625366211,50.94056701660156,0.0019102859077975,2.658,-1.206,0.051,0.0,0,0,1,,0.956,2026-03-15T15:03:37.091921,neutral,0.758,2026-03-15T15:03:36.168181,0.3790589074535527,2026-03-15T15:03:38.027000,61,,,
participant_15,1,day,Town10HD_Opt,2026-03-15 15:03:38.247910,40.46947479248047,51.50874710083008,0.001936569227837,1.989,-1.046,0.045,0.0,0,0,1,,0.944,2026-03-15T15:03:38.247910,neutral,0.811,2026-03-15T15:03:38.247910,0.3481047084508208,2026-03-15T15:03:39.017000,60,,,
participant_15,1,day,Town10HD_Opt,2026-03-15 15:03:39.133362,40.47594451904297,51.83452606201172,0.0019318008562549,1.709,-1.018,0.045,0.0,0,0,1,,0.936,2026-03-15T15:03:39.133362,neutral,0.811,2026-03-15T15:03:38.247910,0.3745153780552973,2026-03-15T15:03:40.007000,63,,,
participant_15,1,day,Town10HD_Opt,2026-03-15 15:03:40.266082,40.483192443847656,52.18241882324219,0.0020535658113658,0.0,-0.902,0.0,0.238,0,0,1,,0.946,2026-03-15T15:03:40.266082,neutral,0.529,2026-03-15T15:03:40.266082,0.357873728412748,2026-03-15T15:03:40.998000,59,,,
participant_15,1,day,Town10HD_Opt,2026-03-15 15:03:41.135221,40.48320007324219,52.18257522583008,0.0019246672745794,0.0,-0.844,0.083,0.102,0,0,1,,0.889,2026-03-15T15:03:41.135221,neutral,0.529,2026-03-15T15:03:40.266082,0.3591936822832132,2026-03-15T15:03:42.032000,59,,,
participant_15,1,day,Town10HD_Opt,2026-03-15 15:03:42.028873,40.49367904663086,52.68131637573242,0.0014731602277606,10.309,-0.825,0.994,0.0,0,0,1,,0.96,2026-03-15T15:03:42.028873,neutral,0.529,2026-03-15T15:03:40.266082,0.4256334199250106,2026-03-15T15:03:42.032000,60,,,errors=Stop sign violation
participant_15,1,day,Town10HD_Opt,2026-03-15 15:03:43.224816,40.82137298583984,56.81414031982422,0.0017955400981009,24.011,-7.515,0.669,0.0,0,0,1,,0.852,2026-03-15T15:03:43.224816,sad,0.338,2026-03-15T15:03:43.224816,0.3927744299971099,2026-03-15T15:03:44.016000,59,,,
participant_15,1,day,Town10HD_Opt,2026-03-15 15:03:44.075322,41.98047637939453,61.44430541992188,0.0018352509941905,30.867,-10.978,0.569,0.0,0,0,1,,1.0,2026-03-15T15:03:44.075322,sad,0.338,2026-03-15T15:03:43.224816,0.4026293220397584,2026-03-15T15:03:45.002000,57,,,
participant_15,1,day,Town10HD_Opt,2026-03-15 15:03:45.220864,46.22440719604492,67.46142578125,0.0020740127656608,32.355,-17.968,0.405,0.0,0,0,1,,0.836,2026-03-15T15:03:45.220864,sad,0.338,2026-03-15T15:03:43.224816,0.434904239452858,2026-03-15T15:03:45.992000,59,,,
participant_15,1,day,Town10HD_Opt,2026-03-15 15:03:46.152125,51.23698043823242,69.77565002441406,0.0021391676273196,30.672,-11.048,0.279,0.0,0,0,1,,0.841,2026-03-15T15:03:46.152125,sad,0.374,2026-03-15T15:03:46.152125,0.4045841271698027,2026-03-15T15:03:47.027000,59,,,
participant_15,1,day,Town10HD_Opt,2026-03-15 15:03:47.070720,56.3657112121582,70.43275451660156,0.0021303938701748,28.49,-9.122,0.28,0.0,0,0,1,,1.0,2026-03-15T15:03:47.070720,sad,0.374,2026-03-15T15:03:46.152125,0.4497124750970358,2026-03-15T15:03:48.017000,58,,,
participant_15,1,day,Town10HD_Opt,2026-03-15 15:03:48.207987,62.69280624389648,70.0138931274414,0.0021076202392578,25.784,1.215,0.268,0.0,0,0,1,,0.923,2026-03-15T15:03:48.207987,sad,0.349,2026-03-15T15:03:48.207987,0.4269698605125896,2026-03-15T15:03:49.007000,59,,,
participant_15,1,day,Town10HD_Opt,2026-03-15 15:03:49.113815,67.04279327392578,69.78319549560547,0.002116737421602,23.647,1.246,0.21,0.0,0,0,1,,0.875,2026-03-15T15:03:49.113815,sad,0.349,2026-03-15T15:03:48.207987,0.4866247296460276,2026-03-15T15:03:49.998000,60,,,
participant_15,1,day,Town10HD_Opt,2026-03-15 15:03:50.232219,71.94728088378906,69.65725708007812,0.0021355054341256,18.823,1.123,0.429,0.0,0,0,1,,0.899,2026-03-15T15:03:50.232219,sad,0.393,2026-03-15T15:03:50.232219,0.487796814398713,2026-03-15T15:03:51.032000,60,,,
participant_15,1,day,Town10HD_Opt,2026-03-15 15:03:51.134215,75.11145782470703,69.64287567138672,0.0019538877531886,16.291,1.241,0.0,0.0,0,0,1,,1.0,2026-03-15T15:03:51.134215,sad,0.393,2026-03-15T15:03:50.232219,0.4470605078702877,2026-03-15T15:03:52.022000,57,,,
participant_15,1,day,Town10HD_Opt,2026-03-15 15:03:52.247246,78.35560607910156,69.69841766357422,0.0020277020521461,11.454,1.142,0.0,0.0,0,0,1,,1.0,2026-03-15T15:03:52.247246,neutral,0.622,2026-03-15T15:03:52.247246,0.4142450832521959,2026-03-15T15:03:53.012000,59,,,
participant_15,1,day,Town10HD_Opt,2026-03-15 15:03:53.138091,80.13916778564453,69.75247192382812,0.0020031353924423,8.795,0.277,0.0,0.0,0,0,1,,0.816,2026-03-15T15:03:53.138091,neutral,0.622,2026-03-15T15:03:52.247246,0.4395102459775331,2026-03-15T15:03:54.003000,58,,,
participant_15,1,day,Town10HD_Opt,2026-03-15 15:03:54.027011,81.50865173339844,69.79306030273438,0.0019835662096738,6.853,-0.139,0.0,0.0,0,0,1,,0.813,2026-03-15T15:03:54.027011,neutral,0.622,2026-03-15T15:03:52.247246,0.4329013772304182,2026-03-15T15:03:54.003000,59,,,
participant_15,1,day,Town10HD_Opt,2026-03-15 15:03:55.108955,82.85325622558594,69.82875061035156,0.0019645690917968,4.678,-0.317,0.0,0.0,0,0,1,,0.843,2026-03-15T15:03:55.108955,neutral,0.595,2026-03-15T15:03:55.108955,0.510936289647049,2026-03-15T15:03:56.027000,58,,,
participant_15,1,day,Town10HD_Opt,2026-03-15 15:03:56.027008,83.5925064086914,69.8465347290039,0.0019538879860192,3.644,-0.32,0.0,0.0,0,0,1,,1.0,2026-03-15T15:03:56.027008,neutral,0.595,2026-03-15T15:03:55.108955,0.4343050331400434,2026-03-15T15:03:56.027000,58,,,
participant_15,1,day,Town10HD_Opt,2026-03-15 15:03:57.122538,84.3182144165039,69.86316680908203,0.0019435500726103,2.524,-0.282,0.0,0.0,0,0,1,,0.837,2026-03-15T15:03:57.122538,neutral,0.66,2026-03-15T15:03:57.122538,0.4477820862068876,2026-03-15T15:03:58.007000,56,,,
participant_15,1,day,Town10HD_Opt,2026-03-15 15:03:58.055438,84.71711730957031,69.87201690673828,0.0019379424629732,1.967,-0.261,0.0,0.0,0,0,1,,0.891,2026-03-15T15:03:58.055438,neutral,0.66,2026-03-15T15:03:57.122538,0.461503811430611,2026-03-15T15:03:58.997000,55,,,
participant_15,1,day,Town10HD_Opt,2026-03-15 15:03:59.158338,85.38124084472656,69.88744354248047,0.0015556338476017,10.168,1.424,1.0,0.0,0,0,1,,0.833,2026-03-15T15:03:59.158338,neutral,0.648,2026-03-15T15:03:59.158338,0.4947494058930097,2026-03-15T15:04:00.032000,54,,,
participant_15,1,day,Town10HD_Opt,2026-03-15 15:04:00.038403,88.20568084716797,70.13343048095703,0.0017092137131839,23.639,6.981,1.0,0.0,0,0,1,,0.914,2026-03-15T15:04:00.038403,neutral,0.648,2026-03-15T15:03:59.158338,0.4225583419328235,2026-03-15T15:04:00.032000,56,,,
participant_15,1,day,Town10HD_Opt,2026-03-15 15:04:01.163952,95.24267578125,72.94084167480469,0.0017506792210042,41.812,24.949,0.898,0.0,0,0,1,,0.927,2026-03-15T15:04:01.163952,neutral,0.625,2026-03-15T15:04:01.163952,0.3769536391402878,2026-03-15T15:04:02.012000,56,,,
participant_15,1,day,Town10HD_Opt,2026-03-15 15:04:02.037956,98.7393798828125,79.85103607177734,0.0017956544179469,49.15,4.414,0.671,0.0,0,0,1,,0.945,2026-03-15T15:04:02.037956,neutral,0.625,2026-03-15T15:04:01.163952,0.4395935504051044,2026-03-15T15:04:03.003000,56,,,
participant_15,1,day,Town10HD_Opt,2026-03-15 15:04:03.171999,99.06128692626952,91.3843765258789,0.0020214843098074,49.485,4.294,0.576,0.0,0,0,1,,0.942,2026-03-15T15:04:03.171999,sad,0.409,2026-03-15T15:04:03.171999,0.4800400406908558,2026-03-15T15:04:04.037000,56,,,
participant_15,1,day,Town10HD_Opt,2026-03-15 15:04:04.250749,96.92181396484376,102.78524780273438,0.0020829772111028,49.239,4.645,0.536,0.0,0,0,1,,0.907,2026-03-15T15:04:04.250749,sad,0.409,2026-03-15T15:04:03.171999,0.4490021625003106,2026-03-15T15:04:05.027000,55,,,
participant_15,1,day,Town10HD_Opt,2026-03-15 15:04:05.146742,93.87574005126952,110.92218780517578,0.0020123671274632,50.189,2.327,0.535,0.0,0,0,1,,0.856,2026-03-15T15:04:05.146742,sad,0.409,2026-03-15T15:04:03.171999,0.4116997680820358,2026-03-15T15:04:06.018000,59,,,
participant_15,1,day,Town10HD_Opt,2026-03-15 15:04:06.035876,89.72337341308594,118.62349700927734,0.0021253584418445,48.461,10.326,0.0,0.0,0,0,1,,0.928,2026-03-15T15:04:06.035876,neutral,0.416,2026-03-15T15:04:06.035876,0.4251748011435025,2026-03-15T15:04:07.007000,59,,,
participant_15,1,day,Town10HD_Opt,2026-03-15 15:04:07.206487,82.36154174804688,124.99127960205078,0.002263793721795,36.606,3.919,0.38,0.0,0,0,1,,0.883,2026-03-15T15:04:07.206487,neutral,0.416,2026-03-15T15:04:06.035876,0.4073538459865967,2026-03-15T15:04:07.999000,61,,,
participant_15,1,day,Town10HD_Opt,2026-03-15 15:04:08.040306,76.61688232421875,127.92735290527344,0.001915970002301,39.261,7.268,0.675,0.0,0,0,1,,1.0,2026-03-15T15:04:08.040306,angry,0.496,2026-03-15T15:04:08.040306,0.4325457002668453,2026-03-15T15:04:07.999000,58,,,
participant_15,1,day,Town10HD_Opt,2026-03-15 15:04:09.231287,66.99937438964844,130.20126342773438,0.0019124986138194,45.505,4.558,0.599,0.0,0,0,1,,0.932,2026-03-15T15:04:09.231287,angry,0.496,2026-03-15T15:04:08.040306,0.4078808187614283,2026-03-15T15:04:10.067000,60,,,
participant_15,1,day,Town10HD_Opt,2026-03-15 15:04:10.183847,58.85445022583008,130.6556854248047,0.0019985197577625,47.387,1.011,0.487,0.0,0,0,1,,0.964,2026-03-15T15:04:10.183847,neutral,0.684,2026-03-15T15:04:10.183847,0.4582803529027091,2026-03-15T15:04:11.147000,60,,,
participant_15,1,day,Town10HD_Opt,2026-03-15 15:04:11.164504,50.61122894287109,130.63462829589844,0.0020861434750258,46.343,-0.045,0.398,0.0,0,0,1,,0.914,2026-03-15T15:04:11.164504,neutral,0.684,2026-03-15T15:04:10.183847,0.462674034732205,2026-03-15T15:04:12.002000,61,,,
participant_15,1,day,Town10HD_Opt,2026-03-15 15:04:12.060634,42.68700408935547,130.60182189941406,0.0021224212832748,43.92,-0.211,0.369,0.0,0,0,1,,0.893,2026-03-15T15:04:12.060634,neutral,0.684,2026-03-15T15:04:10.183847,0.4460887940016528,2026-03-15T15:04:12.002000,60,,,
participant_15,1,day,Town10HD_Opt,2026-03-15 15:04:13.197288,32.7637939453125,130.61508178710938,0.0021099471487104,41.03,0.045,0.369,0.0,0,0,1,,0.896,2026-03-15T15:04:13.197288,neutral,0.603,2026-03-15T15:04:13.197288,0.4777416563428882,2026-03-15T15:04:14.027000,62,,,
participant_15,1,day,Town10HD_Opt,2026-03-15 15:04:14.102728,25.72961807250977,130.616455078125,0.0021001051645725,39.234,0.172,0.369,0.0,0,0,1,,1.0,2026-03-15T15:04:14.102728,neutral,0.603,2026-03-15T15:04:13.197288,0.4917660500102858,2026-03-15T15:04:15.018000,62,,,
participant_15,1,day,Town10HD_Opt,2026-03-15 15:04:15.009543,18.98780059814453,130.5938720703125,0.0020917130168527,37.707,0.021,0.369,0.0,0,0,1,,0.856,2026-03-15T15:04:15.009543,neutral,0.603,2026-03-15T15:04:13.197288,0.5003224422708507,2026-03-15T15:04:15.018000,62,,,
participant_15,1,day,Town10HD_Opt,2026-03-15 15:04:16.198329,10.379687309265137,130.5550994873047,0.0020825194660574,36.012,-0.101,0.369,0.0,0,0,1,,0.881,2026-03-15T15:04:16.198329,neutral,0.394,2026-03-15T15:04:16.198329,0.4477963804197126,2026-03-15T15:04:16.998000,65,,,
participant_15,1,day,Town10HD_Opt,2026-03-15 15:04:17.083374,4.164011478424072,130.54180908203125,0.0020772933494299,34.762,0.075,0.114,0.0,0,0,1,,0.934,2026-03-15T15:04:17.083374,neutral,0.394,2026-03-15T15:04:16.198329,0.4209399112952499,2026-03-15T15:04:18.032000,67,,,
participant_15,1,day,Town10HD_Opt,2026-03-15 15:04:18.224290,-3.04335355758667,130.5192413330078,0.0022883603814989,25.468,0.106,0.0,0.186,0,0,1,,0.924,2026-03-15T15:04:18.224290,neutral,0.5,2026-03-15T15:04:18.224290,0.3489280161209064,2026-03-15T15:04:19.022000,67,,,
participant_15,1,day,Town10HD_Opt,2026-03-15 15:04:19.130744,-6.914708137512207,130.49476623535156,0.0022651669569313,18.41,0.106,0.0,0.0,0,0,1,,0.927,2026-03-15T15:04:19.130744,neutral,0.5,2026-03-15T15:04:18.224290,0.4154594037974649,2026-03-15T15:04:20.013000,64,,,
participant_15,1,day,Town10HD_Opt,2026-03-15 15:04:20.250793,-10.611628532409668,130.4619598388672,0.0020419692154973,13.075,0.101,0.0,0.0,0,0,1,,0.923,2026-03-15T15:04:20.250793,fear,0.579,2026-03-15T15:04:20.250793,0.3826554247229676,2026-03-15T15:04:21.004000,63,,,
participant_15,1,day,Town10HD_Opt,2026-03-15 15:04:21.119258,-12.649171829223633,130.4404754638672,0.002014884725213,10.046,0.096,0.0,0.0,0,0,1,,0.921,2026-03-15T15:04:21.119258,fear,0.579,2026-03-15T15:04:20.250793,0.4347757678561751,2026-03-15T15:04:22.038000,61,,,
participant_15,1,day,Town10HD_Opt,2026-03-15 15:04:22.256802,-14.650198936462402,130.41726684570312,0.0019866179209202,7.063,0.089,0.0,0.0,0,0,1,,0.964,2026-03-15T15:04:22.256802,neutral,0.794,2026-03-15T15:04:22.256802,0.4661573253359744,2026-03-15T15:04:23.029000,61,,,
participant_15,1,day,Town10HD_Opt,2026-03-15 15:04:23.123944,-15.750271797180176,130.40362548828125,0.001971015939489,5.422,0.087,0.0,0.0,0,0,1,,0.946,2026-03-15T15:04:23.123944,neutral,0.794,2026-03-15T15:04:22.256802,0.4623655822336528,2026-03-15T15:04:24.017000,63,,,
participant_15,1,day,Town10HD_Opt,2026-03-15 15:04:24.011634,-16.594825744628906,130.39280700683594,0.0019588088616728,4.163,0.087,0.0,0.0,0,0,1,,0.94,2026-03-15T15:04:24.011634,neutral,0.794,2026-03-15T15:04:22.256802,0.4657045701370703,2026-03-15T15:04:24.017000,62,,,
participant_15,1,day,Town10HD_Opt,2026-03-15 15:04:25.137045,-17.40605926513672,130.38211059570312,0.0019683837890625,2.525,0.07,0.025,0.0,0,0,1,,0.955,2026-03-15T15:04:25.137045,neutral,0.713,2026-03-15T15:04:25.137045,0.3410873099749393,2026-03-15T15:04:25.997000,63,,,
participant_15,1,day,Town10HD_Opt,2026-03-15 15:04:26.052696,-17.77520179748535,130.3774871826172,0.0019441222539171,1.634,0.07,0.022,0.0,0,0,1,,0.942,2026-03-15T15:04:26.052696,neutral,0.713,2026-03-15T15:04:25.137045,0.341738771812125,2026-03-15T15:04:25.997000,62,,,
participant_15,1,day,Town10HD_Opt,2026-03-15 15:04:27.208335,-18.082988739013672,130.37374877929688,0.0019344328902661,0.998,0.07,0.022,0.0,0,0,1,,0.957,2026-03-15T15:04:27.208335,neutral,0.675,2026-03-15T15:04:27.208335,0.4260925002558775,2026-03-15T15:04:28.022000,58,,,
participant_15,1,day,Town10HD_Opt,2026-03-15 15:04:28.116805,-18.23344039916992,130.37164306640625,0.0018921660957857,1.303,0.07,0.167,0.0,0,0,1,,0.924,2026-03-15T15:04:28.116805,neutral,0.675,2026-03-15T15:04:27.208335,0.278726158585449,2026-03-15T15:04:29.012000,58,,,
participant_15,1,day,Town10HD_Opt,2026-03-15 15:04:29.015840,-18.540189743041992,130.36764526367188,0.0019003676716238,1.979,0.07,0.106,0.0,0,0,1,,0.935,2026-03-15T15:04:29.015840,neutral,0.675,2026-03-15T15:04:27.208335,0.3875810740193332,2026-03-15T15:04:29.012000,57,,,
participant_15,1,day,Town10HD_Opt,2026-03-15 15:04:30.188403,-19.27580070495605,130.35586547851562,0.0016007998492568,8.859,0.07,1.0,0.0,0,0,1,,0.893,2026-03-15T15:04:30.188403,neutral,0.807,2026-03-15T15:04:30.188403,0.3140651580646351,2026-03-15T15:04:30.994000,54,,,
participant_15,1,day,Town10HD_Opt,2026-03-15 15:04:31.091159,-22.05830764770508,130.30731201171875,0.0017182163428515,23.105,0.376,0.938,0.0,0,0,1,,0.888,2026-03-15T15:04:31.091159,neutral,0.807,2026-03-15T15:04:30.188403,0.2852680879779534,2026-03-15T15:04:32.028000,56,,,
participant_15,1,day,Town10HD_Opt,2026-03-15 15:04:32.044223,-26.9550724029541,129.98748779296875,0.0019465256482362,29.614,5.231,0.201,0.0,0,0,1,,0.926,2026-03-15T15:04:32.044223,neutral,0.807,2026-03-15T15:04:30.188403,0.3065286362762861,2026-03-15T15:04:32.028000,54,,,
participant_15,1,day,Town10HD_Opt,2026-03-15 15:04:33.219081,-33.25608444213867,128.64529418945312,0.0021723173558712,25.037,14.719,0.239,0.0,0,0,1,,0.954,2026-03-15T15:04:33.219081,neutral,0.373,2026-03-15T15:04:33.219081,0.3290543545531443,2026-03-15T15:04:34.007000,55,,,
participant_15,1,day,Town10HD_Opt,2026-03-15 15:04:34.138029,-36.880859375,126.47284698486328,0.0020377349574118,24.936,16.629,0.54,0.0,0,0,1,,0.961,2026-03-15T15:04:34.138029,neutral,0.373,2026-03-15T15:04:33.219081,0.2179024903510164,2026-03-15T15:04:34.999000,58,,,
participant_15,1,day,Town10HD_Opt,2026-03-15 15:04:35.040012,-39.74918746948242,122.8386459350586,0.0019451142288744,28.862,16.607,0.572,0.0,0,0,1,,0.921,2026-03-15T15:04:35.040012,neutral,0.373,2026-03-15T15:04:33.219081,0.2336127647579323,2026-03-15T15:04:34.999000,58,,,
participant_15,1,day,Town10HD_Opt,2026-03-15 15:04:36.254800,-41.29298400878906,115.76919555664062,0.0019360734149813,34.051,6.319,0.48,0.0,0,0,1,,0.92,2026-03-15T15:04:36.254800,happy,0.816,2026-03-15T15:04:36.254800,0.2836067847512734,2026-03-15T15:04:37.022000,58,,,
participant_15,1,day,Town10HD_Opt,2026-03-15 15:04:37.192992,-41.21813201904297,109.90599060058594,0.0022252271883189,30.45,-4.459,0.0,0.0,0,0,1,,0.936,2026-03-15T15:04:37.192992,happy,0.816,2026-03-15T15:04:36.254800,0.1965440022762479,2026-03-15T15:04:38.057000,61,,,
participant_15,1,day,Town10HD_Opt,2026-03-15 15:04:38.130962,-41.3915901184082,104.92833709716795,0.0020677566062659,27.952,1.822,0.45,0.0,0,0,1,,0.944,2026-03-15T15:04:38.130962,happy,0.816,2026-03-15T15:04:36.254800,0.2665874964592286,2026-03-15T15:04:39.002000,61,,,
participant_15,1,day,Town10HD_Opt,2026-03-15 15:04:39.036356,-41.41936874389648,99.91204833984376,0.0020285795908421,28.913,0.284,0.339,0.0,0,0,1,,0.928,2026-03-15T15:04:39.036356,neutral,0.705,2026-03-15T15:04:39.036356,0.2308746483335945,2026-03-15T15:04:39.002000,60,,,
participant_15,1,day,Town10HD_Opt,2026-03-15 15:04:40.235104,-41.40507125854492,93.260498046875,0.0020679091103374,27.943,-0.136,0.335,0.0,0,0,1,,0.936,2026-03-15T15:04:40.235104,neutral,0.705,2026-03-15T15:04:39.036356,0.1460182107124131,2026-03-15T15:04:41.028000,58,,,
participant_15,1,day,Town10HD_Opt,2026-03-15 15:04:41.145716,-41.40153121948242,88.4228515625,0.0020660399459302,27.239,-0.54,0.334,0.0,0,0,1,,0.968,2026-03-15T15:04:41.145716,neutral,0.511,2026-03-15T15:04:41.145716,0.2442764412915837,2026-03-15T15:04:42.017000,59,,,
participant_15,1,day,Town10HD_Opt,2026-03-15 15:04:42.044051,-41.43154144287109,83.70233917236328,0.0020639800932258,26.603,2.146,0.332,0.0,0,0,1,,0.936,2026-03-15T15:04:42.044051,neutral,0.511,2026-03-15T15:04:41.145716,0.2462445045082798,2026-03-15T15:04:43.008000,61,,,
participant_15,1,day,Town10HD_Opt,2026-03-15 15:04:43.262995,-40.69852066040039,77.6744384765625,0.0020794295705854,25.553,10.713,0.329,0.0,0,0,1,,0.917,2026-03-15T15:04:43.262995,neutral,0.765,2026-03-15T15:04:43.262995,0.2532806376452851,2026-03-15T15:04:43.998000,62,,,
participant_15,1,day,Town10HD_Opt,2026-03-15 15:04:44.213621,-38.85348510742188,73.72233581542969,0.0021255493629723,24.388,25.264,0.33,0.0,0,0,1,,0.849,2026-03-15T15:04:44.213621,neutral,0.765,2026-03-15T15:04:43.262995,0.2743647469351816,2026-03-15T15:04:45.032000,63,,,
participant_15,1,day,Town10HD_Opt,2026-03-15 15:04:45.174670,-35.5714111328125,71.2172622680664,0.0021254348102957,23.546,21.477,0.33,0.0,0,0,1,,1.0,2026-03-15T15:04:45.174670,neutral,0.765,2026-03-15T15:04:43.262995,0.2724257909472394,2026-03-15T15:04:46.068000,62,,,
participant_15,1,day,Town10HD_Opt,2026-03-15 15:04:46.140885,-31.641990661621094,70.06461334228516,0.0020690155215561,23.292,10.324,0.33,0.0,0,0,1,,0.929,2026-03-15T15:04:46.140885,neutral,0.611,2026-03-15T15:04:46.140885,0.2518556292345391,2026-03-15T15:04:47.012000,60,,,
participant_15,1,day,Town10HD_Opt,2026-03-15 15:04:47.137930,-27.60611343383789,69.79186248779297,0.0020627593621611,23.003,7.301,0.33,0.0,0,0,1,,0.912,2026-03-15T15:04:47.137930,neutral,0.611,2026-03-15T15:04:46.140885,0.2974266437481006,2026-03-15T15:04:48.003000,61,,,
participant_15,1,day,Town10HD_Opt,2026-03-15 15:04:48.087394,-23.5939884185791,69.97390747070312,0.0020509338937699,22.814,-1.107,0.33,0.0,0,0,1,,0.883,2026-03-15T15:04:48.087394,neutral,0.611,2026-03-15T15:04:46.140885,0.2367679358739037,2026-03-15T15:04:48.994000,61,,,
participant_15,1,day,Town10HD_Opt,2026-03-15 15:04:49.040883,-19.58437728881836,70.11895751953125,0.0020220184233039,23.259,-0.721,0.386,0.0,0,0,1,,0.871,2026-03-15T15:04:49.040883,sad,0.466,2026-03-15T15:04:49.040883,0.2632881520578218,2026-03-15T15:04:48.994000,63,,,
participant_15,1,day,Town10HD_Opt,2026-03-15 15:04:50.246960,-14.036417007446287,70.19523620605469,0.0020224379841238,24.239,-1.549,0.373,0.0,0,0,1,,0.913,2026-03-15T15:04:50.246960,sad,0.466,2026-03-15T15:04:49.040883,0.2167126586340862,2026-03-15T15:04:51.153000,65,,,
participant_15,1,day,Town10HD_Opt,2026-03-15 15:04:51.158096,-9.749564170837402,70.16883850097656,0.0020286941435188,24.715,-0.012,0.368,0.0,0,0,1,,1.0,2026-03-15T15:04:51.158096,neutral,0.747,2026-03-15T15:04:51.158096,0.1692716664773992,2026-03-15T15:04:51.153000,65,,,
participant_15,1,day,Town10HD_Opt,2026-03-15 15:04:52.075737,-5.388725280761719,70.15120697021484,0.0020312117412686,25.098,-0.031,0.368,0.0,0,0,1,,1.0,2026-03-15T15:04:52.075737,neutral,0.747,2026-03-15T15:04:51.158096,0.2203784600460836,2026-03-15T15:04:52.998000,67,,,
participant_15,1,day,Town10HD_Opt,2026-03-15 15:04:53.204877,0.5226180553436279,70.13807678222656,0.0020333479624241,25.524,0.106,0.268,0.0,0,0,1,,0.857,2026-03-15T15:04:53.204877,neutral,0.64,2026-03-15T15:04:53.204877,0.2556559872387044,2026-03-15T15:04:54.033000,69,,,
participant_15,1,day,Town10HD_Opt,2026-03-15 15:04:54.084041,4.862653255462647,70.147216796875,0.0021224594675004,23.412,0.014,0.203,0.0,0,0,1,,0.903,2026-03-15T15:04:54.084041,neutral,0.64,2026-03-15T15:04:53.204877,0.1874584320996629,2026-03-15T15:04:55.022000,67,,,
participant_15,1,day,Town10HD_Opt,2026-03-15 15:04:55.075966,8.74805736541748,70.15489959716797,0.0021305081900209,20.853,-0.195,0.201,0.0,0,0,1,,1.0,2026-03-15T15:04:55.075966,neutral,0.64,2026-03-15T15:04:53.204877,0.2160138148007041,2026-03-15T15:04:56.013000,67,,,
participant_15,1,day,Town10HD_Opt,2026-03-15 15:04:56.039058,12.183272361755373,70.14818572998047,0.0021218489855527,18.29,0.066,0.201,0.0,0,0,1,,0.806,2026-03-15T15:04:56.039058,neutral,0.715,2026-03-15T15:04:56.039058,0.3146379905502124,2026-03-15T15:04:57.003000,69,,,
participant_15,1,day,Town10HD_Opt,2026-03-15 15:04:57.272203,16.378135681152344,70.14707946777344,0.001900634728372,17.537,0.092,0.201,0.0,0,0,1,,0.895,2026-03-15T15:04:57.272203,neutral,0.715,2026-03-15T15:04:56.039058,0.2282468486051788,2026-03-15T15:04:58.038000,64,,,
participant_15,1,day,Town10HD_Opt,2026-03-15 15:04:58.219806,19.3189640045166,70.15180206298828,0.0020219800062477,15.088,0.082,0.0,0.0,0,0,1,,0.9,2026-03-15T15:04:58.219806,neutral,0.645,2026-03-15T15:04:58.219806,0.2438196848811866,2026-03-15T15:04:59.027000,62,,,
participant_15,2,day,Town10HD_Opt,2026-03-15 15:15:00.000000,-41.66535186767578,86.27053833007812,0.0019412230467423,19.387,0.233,0.642,0.0,0,0,1,,1.0,2026-03-15T15:15:00,,,2026-03-15T15:15:00,0.4685379565804546,2026-03-15T15:15:00,60,,,
participant_15,2,day,Town10HD_Opt,2026-03-15 15:15:00.384318,-41.65797805786133,85.08771514892578,0.0018870544154196,21.281,1.826,0.63,0.0,0,0,1,,1.0,2026-03-15T15:15:00,,,2026-03-15T15:15:00,0.3957487954871551,2026-03-15T15:15:00,60,,,
participant_15,2,day,Town10HD_Opt,2026-03-15 15:15:01.324275,-41.36641693115234,80.80606079101562,0.0018410872435197,27.993,5.184,0.611,0.0,0,0,1,,1.0,2026-03-15T15:15:01.324275,,,2026-03-15T15:15:00,0.4362585122756511,2026-03-15T15:15:01.035000,59,,,
participant_15,2,day,Town10HD_Opt,2026-03-15 15:15:02.301318,-40.24771499633789,75.60498046875,0.0018962096655741,33.099,17.598,0.561,0.0,0,0,1,,1.0,2026-03-15T15:15:02.301318,neutral,0.927,2026-03-15T15:15:02.301318,0.4164826639613166,2026-03-15T15:15:02.114000,59,,,
participant_15,2,day,Town10HD_Opt,2026-03-15 15:15:03.315474,-36.69182968139648,70.90681457519531,0.0020344161894172,35.209,23.724,0.153,0.0,0,0,1,,1.0,2026-03-15T15:15:03.315474,neutral,0.927,2026-03-15T15:15:02.301318,0.3998468091792218,2026-03-15T15:15:03.018000,55,,,
participant_15,2,day,Town10HD_Opt,2026-03-15 15:15:04.284686,-31.47342872619629,69.204833984375,0.0023441696539521,27.652,14.643,0.0,0.0,0,0,1,,1.0,2026-03-15T15:15:04.284686,neutral,0.927,2026-03-15T15:15:02.301318,0.4584046614627756,2026-03-15T15:15:04.045000,57,,,
participant_15,2,day,Town10HD_Opt,2026-03-15 15:15:05.275974,-27.20983123779297,69.48440551757812,0.002263565082103,20.91,-2.998,0.016,0.0,0,0,1,,1.0,2026-03-15T15:15:05.275974,neutral,1.0,2026-03-15T15:15:05.275974,0.4550579958325819,2026-03-15T15:15:04.994000,58,,,
participant_15,2,day,Town10HD_Opt,2026-03-15 15:15:06.311880,-23.904823303222656,69.66526794433594,0.0020949554163962,18.227,-1.201,0.535,0.0,0,0,1,,1.0,2026-03-15T15:15:06.311880,neutral,1.0,2026-03-15T15:15:05.275974,0.4253099858938673,2026-03-15T15:15:05.985000,58,,,
participant_15,2,day,Town10HD_Opt,2026-03-15 15:15:07.328789,-20.395248413085938,69.803466796875,0.0018781280377879,22.938,-0.672,0.563,0.0,0,0,1,,1.0,2026-03-15T15:15:07.328789,sad,1.0,2026-03-15T15:15:07.328789,0.4265218175731077,2026-03-15T15:15:07.110000,58,,,
participant_15,2,day,Town10HD_Opt,2026-03-15 15:15:08.317031,-15.99593734741211,69.91316223144531,0.001895370427519,27.626,-1.166,0.525,0.0,0,0,1,,1.0,2026-03-15T15:15:08.317031,sad,1.0,2026-03-15T15:15:07.328789,0.4360842072093699,2026-03-15T15:15:07.965000,56,,,
participant_15,2,day,Town10HD_Opt,2026-03-15 15:15:09.337526,-10.876935005187988,69.9230728149414,0.0019303893204778,31.125,-0.679,0.476,0.0,0,0,1,,1.0,2026-03-15T15:15:09.337526,neutral,0.999,2026-03-15T15:15:09.337526,0.4377583879631176,2026-03-15T15:15:09.134000,60,,,
participant_15,2,day,Town10HD_Opt,2026-03-15 15:15:10.069450,-7.2571234703063965,69.8839340209961,0.0020787429530173,30.254,-0.266,0.224,0.0,0,0,1,,1.0,2026-03-15T15:15:10.069450,neutral,0.999,2026-03-15T15:15:09.337526,0.3989986244131032,2026-03-15T15:15:10.124000,59,,,
participant_15,2,day,Town10HD_Opt,2026-03-15 15:15:11.071322,-2.2257204055786133,69.79931640625,0.0021475600078701,26.99,-0.266,0.211,0.0,0,0,1,,0.83,2026-03-15T15:15:11.071322,neutral,0.999,2026-03-15T15:15:09.337526,0.4240092340265466,2026-03-15T15:15:11.024000,58,,,
participant_15,2,day,Town10HD_Opt,2026-03-15 15:15:12.085005,2.245624542236328,69.69524383544922,0.002142600947991,23.871,-0.16,0.0,0.0,0,0,1,,1.0,2026-03-15T15:15:12.085005,neutral,1.0,2026-03-15T15:15:12.085005,0.4097780181816671,2026-03-15T15:15:11.972000,56,,,
participant_15,2,day,Town10HD_Opt,2026-03-15 15:15:13.318047,7.023569107055664,69.57662963867188,0.0019536209292709,16.974,0.237,0.114,0.0,0,0,1,,1.0,2026-03-15T15:15:13.318047,neutral,1.0,2026-03-15T15:15:12.085005,0.477390581186991,2026-03-15T15:15:13.230000,59,,,
participant_15,2,day,Town10HD_Opt,2026-03-15 15:15:14.242884,10.104168891906738,69.5138931274414,0.0020735550206154,18.866,0.294,0.289,0.0,0,0,1,,1.0,2026-03-15T15:15:14.242884,neutral,0.983,2026-03-15T15:15:14.242884,0.3767272093236711,2026-03-15T15:15:13.948000,55,,,
participant_15,2,day,Town10HD_Opt,2026-03-15 15:15:15.303983,13.393377304077148,69.475341796875,0.0020882415119558,18.055,1.142,0.195,0.0,0,0,1,,1.0,2026-03-15T15:15:15.303983,neutral,0.983,2026-03-15T15:15:14.242884,0.48969288155803,2026-03-15T15:15:15.007000,55,,,
participant_15,2,day,Town10HD_Opt,2026-03-15 15:15:16.292107,16.436073303222656,69.4974365234375,0.0020005034748464,15.276,0.693,0.0,0.0,0,0,1,,1.0,2026-03-15T15:15:16.292107,neutral,1.0,2026-03-15T15:15:16.292107,0.5470829606068182,2026-03-15T15:15:15.930000,57,,,
participant_15,2,day,Town10HD_Opt,2026-03-15 15:15:17.306689,18.85161399841309,69.5351333618164,0.0020231246016919,12.08,0.371,0.194,0.0,0,0,1,,1.0,2026-03-15T15:15:17.306689,neutral,1.0,2026-03-15T15:15:16.292107,0.5560538051688377,2026-03-15T15:15:17.504000,59,,,
participant_15,2,day,Town10HD_Opt,2026-03-15 15:15:18.274109,20.88062286376953,69.57501983642578,0.0019981383811682,10.333,0.371,0.0,0.0,0,0,1,,1.0,2026-03-15T15:15:18.274109,neutral,1.0,2026-03-15T15:15:16.292107,0.5477406917110993,2026-03-15T15:15:18.179000,58,,,
participant_15,2,day,Town10HD_Opt,2026-03-15 15:15:19.260863,22.475297927856445,69.61241149902344,0.002014274476096,7.534,0.371,0.0,0.059,0,0,1,,1.0,2026-03-15T15:15:19.260863,neutral,1.0,2026-03-15T15:15:19.260863,0.4969878167820623,2026-03-15T15:15:18.946000,57,,,
participant_15,2,day,Town10HD_Opt,2026-03-15 15:15:20.215405,23.56921768188477,69.64112091064453,0.002073211595416,0.0,0.371,0.0,0.053,0,0,1,,1.0,2026-03-15T15:15:20.215405,neutral,1.0,2026-03-15T15:15:19.260863,0.6361305045032712,2026-03-15T15:15:20.114000,57,,,
participant_15,2,day,Town10HD_Opt,2026-03-15 15:15:21.243761,23.58170890808105,69.64147186279297,0.0019443893106654,0.003,0.39,0.449,0.0,0,0,1,,1.0,2026-03-15T15:15:21.243761,neutral,1.0,2026-03-15T15:15:19.260863,0.6731860948136751,2026-03-15T15:15:21.330000,60,,,
participant_15,2,day,Town10HD_Opt,2026-03-15 15:15:22.253246,24.15588760375977,69.65795135498047,0.0015340042300522,9.884,0.435,0.939,0.0,0,0,1,,1.0,2026-03-15T15:15:22.253246,neutral,1.0,2026-03-15T15:15:22.253246,0.637163697641313,2026-03-15T15:15:22.409000,61,,,
participant_15,2,day,Town10HD_Opt,2026-03-15 15:15:23.264736,26.955411911010746,69.74398803710938,0.0018121337052434,21.674,-1.892,0.83,0.0,0,0,1,,1.0,2026-03-15T15:15:23.264736,neutral,1.0,2026-03-15T15:15:22.253246,0.680206786952161,2026-03-15T15:15:23.130000,64,,,
participant_15,2,day,Town10HD_Opt,2026-03-15 15:15:24.245459,31.4995231628418,69.52024841308594,0.0017820739885792,30.527,-11.921,0.628,0.0,0,0,1,,1.0,2026-03-15T15:15:24.245459,neutral,1.0,2026-03-15T15:15:22.253246,0.6461164308265651,2026-03-15T15:15:23.985000,62,,,
participant_15,2,day,Town10HD_Opt,2026-03-15 15:15:25.271707,36.88298797607422,67.65276336669922,0.0019435500726103,34.725,-13.083,0.427,0.0,0,0,1,,1.0,2026-03-15T15:15:25.271707,neutral,0.995,2026-03-15T15:15:25.271707,0.6177007240210031,2026-03-15T15:15:25.020000,60,,,
participant_15,2,day,Town10HD_Opt,2026-03-15 15:15:26.258413,41.60848236083984,63.90972137451172,0.0021011352073401,33.946,-11.989,0.323,0.0,0,0,1,,0.836,2026-03-15T15:15:26.258413,neutral,0.995,2026-03-15T15:15:25.271707,0.6170779870738669,2026-03-15T15:15:26.144000,63,,,
participant_15,2,day,Town10HD_Opt,2026-03-15 15:15:27.226846,44.38484191894531,59.246952056884766,0.0023240661248564,27.267,-18.651,0.0,0.0,0,0,1,,1.0,2026-03-15T15:15:27.226846,neutral,0.995,2026-03-15T15:15:25.271707,0.577028152487992,2026-03-15T15:15:26.954000,61,,,
participant_15,2,day,Town10HD_Opt,2026-03-15 15:15:28.206417,44.93974685668945,55.08843994140625,0.0022761535365134,20.563,-12.277,0.0,0.0,0,0,1,,1.0,2026-03-15T15:15:28.206417,neutral,0.903,2026-03-15T15:15:28.206417,0.6057204556479435,2026-03-15T15:15:27.945000,63,,,
participant_15,2,day,Town10HD_Opt,2026-03-15 15:15:29.196134,44.639408111572266,51.92240905761719,0.0020082474220544,15.839,-3.32,0.0,0.0,0,0,1,,1.0,2026-03-15T15:15:29.196134,neutral,0.903,2026-03-15T15:15:28.206417,0.5630641474731319,2026-03-15T15:15:28.979000,63,,,
participant_15,2,day,Town10HD_Opt,2026-03-15 15:15:30.188052,44.33828353881836,49.47758102416992,0.0019464110955595,12.122,1.318,0.0,0.0,0,0,1,,1.0,2026-03-15T15:15:30.188052,neutral,0.903,2026-03-15T15:15:28.206417,0.5236262429197133,2026-03-15T15:15:29.975000,61,,,
participant_15,2,day,Town10HD_Opt,2026-03-15 15:15:31.146027,44.15442657470703,47.59818649291992,0.0020068739540874,9.263,1.782,0.0,0.003,0,0,1,,1.0,2026-03-15T15:15:31.146027,neutral,1.0,2026-03-15T15:15:31.146027,0.5867780145594128,2026-03-15T15:15:30.962000,61,,,
participant_15,2,day,Town10HD_Opt,2026-03-15 15:15:32.091757,44.04210662841797,46.19367599487305,0.0019876861479133,6.605,1.845,0.0,0.041,0,0,1,,1.0,2026-03-15T15:15:32.091757,neutral,1.0,2026-03-15T15:15:31.146027,0.4842706775945001,2026-03-15T15:15:31.949000,59,,,
participant_15,2,day,Town10HD_Opt,2026-03-15 15:15:33.283528,43.95505142211914,44.85466384887695,0.0019642256665974,4.775,1.711,0.0,0.0,0,0,1,,1.0,2026-03-15T15:15:33.283528,neutral,0.999,2026-03-15T15:15:33.283528,0.5161453602830992,2026-03-15T15:15:32.985000,57,,,
participant_15,2,day,Town10HD_Opt,2026-03-15 15:15:34.235547,43.91059875488281,44.11468505859375,0.0019657134544104,3.424,0.907,0.2,0.0,0,0,1,,1.0,2026-03-15T15:15:34.235547,neutral,0.999,2026-03-15T15:15:33.283528,0.5189372927837027,2026-03-15T15:15:34.019000,57,,,
participant_15,2,day,Town10HD_Opt,2026-03-15 15:15:35.180458,43.84703063964844,43.00678253173828,0.0015094756381586,13.203,1.168,0.973,0.0,0,0,1,,1.0,2026-03-15T15:15:35.180458,neutral,0.999,2026-03-15T15:15:33.283528,0.5387216238597526,2026-03-15T15:15:34.965000,58,,,
participant_15,2,day,Town10HD_Opt,2026-03-15 15:15:36.274200,43.7495346069336,39.67432022094727,0.001706504728645,25.368,8.186,0.795,0.0,0,0,1,,1.0,2026-03-15T15:15:36.274200,neutral,1.0,2026-03-15T15:15:36.274200,0.511841484534735,2026-03-15T15:15:35.955000,57,,,
participant_15,2,day,Town10HD_Opt,2026-03-15 15:15:37.224926,44.67400741577149,34.53936004638672,0.0017687606159597,34.462,15.103,0.661,0.0,0,0,1,,1.0,2026-03-15T15:15:37.224926,neutral,1.0,2026-03-15T15:15:36.274200,0.4888217020656328,2026-03-15T15:15:37.125000,58,,,
participant_15,2,day,Town10HD_Opt,2026-03-15 15:15:38.201190,48.05628204345703,29.36823463439941,0.002171134809032,34.359,16.515,0.0,0.0,0,0,1,,1.0,2026-03-15T15:15:38.201190,neutral,1.0,2026-03-15T15:15:36.274200,0.4817851050454637,2026-03-15T15:15:37.934000,57,,,
participant_15,2,day,Town10HD_Opt,2026-03-15 15:15:39.145409,52.55647277832031,26.70188331604004,0.0023290251847356,25.927,13.804,0.0,0.0,0,0,1,,1.0,2026-03-15T15:15:39.145409,neutral,0.995,2026-03-15T15:15:39.145409,0.4877954696622047,2026-03-15T15:15:39.015000,56,,,
participant_15,2,day,Town10HD_Opt,2026-03-15 15:15:40.124940,56.49067687988281,25.900081634521484,0.0022083281073719,20.696,9.887,0.263,0.0,0,0,1,,1.0,2026-03-15T15:15:40.124940,neutral,0.995,2026-03-15T15:15:39.145409,0.5410044103560441,2026-03-15T15:15:40.004000,57,,,
participant_15,2,day,Town10HD_Opt,2026-03-15 15:15:41.078469,59.89984893798828,25.687084197998047,0.0021400833502411,18.059,0.508,0.112,0.0,0,0,1,,1.0,2026-03-15T15:15:41.078469,neutral,0.995,2026-03-15T15:15:39.145409,0.3797126298772378,2026-03-15T15:15:40.995000,57,,,
participant_15,2,day,Town10HD_Opt,2026-03-15 15:15:42.354191,64.0566177368164,25.53989601135254,0.0019447326194494,16.813,0.289,0.0,0.0,0,0,1,,0.81,2026-03-15T15:15:42.354191,neutral,0.999,2026-03-15T15:15:42.354191,0.464098604983278,2026-03-15T15:15:41.985000,56,,,
participant_15,2,day,Town10HD_Opt,2026-03-15 15:15:43.300409,66.62977600097656,25.465951919555664,0.0020747375674545,12.308,-1.003,0.0,0.223,0,0,1,,1.0,2026-03-15T15:15:43.300409,neutral,0.999,2026-03-15T15:15:42.354191,0.4529794024810452,2026-03-15T15:15:43.110000,56,,,
participant_15,2,day,Town10HD_Opt,2026-03-15 15:15:44.208710,68.38098907470703,25.39192771911621,0.0020481108222156,7.635,-0.989,0.0,0.143,0,0,1,,1.0,2026-03-15T15:15:44.208710,neutral,0.999,2026-03-15T15:15:42.354191,0.4288196715643747,2026-03-15T15:15:43.967000,56,,,
participant_15,2,day,Town10HD_Opt,2026-03-15 15:15:45.157838,69.39667510986328,25.342697143554688,0.0023704909253865,0.0,-0.642,0.0,0.102,0,0,1,,1.0,2026-03-15T15:15:45.157838,neutral,1.0,2026-03-15T15:15:45.157838,0.382998828132682,2026-03-15T15:15:45.002000,55,,,
participant_15,2,day,Town10HD_Opt,2026-03-15 15:15:46.063167,69.39720916748047,25.342660903930664,0.001938018715009,0.0,-0.392,0.0,0.009,0,0,1,,1.0,2026-03-15T15:15:46.063167,neutral,1.0,2026-03-15T15:15:45.157838,0.3494888979978585,2026-03-15T15:15:46.304000,58,,,
participant_15,2,day,Town10HD_Opt,2026-03-15 15:15:47.076632,69.39728546142578,25.342660903930664,0.0019204712007194,0.0,1.011,0.0,0.0,0,0,1,,1.0,2026-03-15T15:15:47.076632,neutral,1.0,2026-03-15T15:15:45.157838,0.3224549196804435,2026-03-15T15:15:47.026000,59,,,
participant_15,2,day,Town10HD_Opt,2026-03-15 15:15:48.257850,69.3970947265625,25.34382057189941,0.0028397368732839,0.023,0.663,0.0,0.0,0,0,1,,1.0,2026-03-15T15:15:48.257850,neutral,0.999,2026-03-15T15:15:48.257850,0.3697330293706967,2026-03-15T15:15:48.061000,61,,,errors=Vehicle collision
participant_15,2,day,Town10HD_Opt,2026-03-15 15:15:49.237798,69.39639282226562,25.34478759765625,0.0057052229531109,0.005,0.653,0.0,0.0,0,0,1,,1.0,2026-03-15T15:15:49.237798,neutral,0.999,2026-03-15T15:15:48.257850,0.3445747967682948,2026-03-15T15:15:49.232000,60,,,
participant_15,2,day,Town10HD_Opt,2026-03-15 15:15:50.168104,69.86164093017578,25.30793190002441,0.0032794189173728,6.848,0.653,0.806,0.0,0,0,1,,0.832,2026-03-15T15:15:50.168104,neutral,0.999,2026-03-15T15:15:48.257850,0.2247083594162451,2026-03-15T15:15:50.130000,60,,,
participant_15,2,day,Town10HD_Opt,2026-03-15 15:15:51.153675,71.74654388427734,25.164213180541992,0.0025133132003247,15.501,0.653,0.979,0.0,0,0,1,,0.838,2026-03-15T15:15:51.153675,neutral,0.999,2026-03-15T15:15:51.153675,0.2342441170241259,2026-03-15T15:15:51.349000,59,,,errors=Vehicle collision
participant_15,2,day,Town10HD_Opt,2026-03-15 15:15:52.137152,75.00212860107422,24.92348289489746,0.0019242477137595,21.831,0.653,0.968,0.0,0,0,1,,0.839,2026-03-15T15:15:52.137152,neutral,0.999,2026-03-15T15:15:51.153675,0.232457067751551,2026-03-15T15:15:52.471000,60,,,
participant_15,2,day,Town10HD_Opt,2026-03-15 15:15:53.084250,79.49284362792969,24.77812767028809,0.002403526334092,31.286,0.86,0.867,0.0,0,0,1,,1.0,2026-03-15T15:15:53.084250,neutral,0.999,2026-03-15T15:15:51.153675,0.1904424216769795,2026-03-15T15:15:53.505000,58,,,
participant_15,2,day,Town10HD_Opt,2026-03-15 15:15:54.301795,87.08245086669922,25.15501976013184,0.0022357939742505,28.847,-2.97,0.118,0.0,0,0,1,,1.0,2026-03-15T15:15:54.301795,neutral,1.0,2026-03-15T15:15:54.301795,0.2123572933683985,2026-03-15T15:15:54.134000,60,,,
participant_15,2,day,Town10HD_Opt,2026-03-15 15:15:55.272863,91.775634765625,24.97013664245605,0.0021313475444912,25.499,-11.0,0.296,0.0,0,0,1,,1.0,2026-03-15T15:15:55.272863,neutral,1.0,2026-03-15T15:15:54.301795,0.140121464325703,2026-03-15T15:15:54.945000,57,,,
participant_15,2,day,Town10HD_Opt,2026-03-15 15:15:56.209335,95.89057159423828,23.66517448425293,0.0021012115757912,24.328,-16.99,0.356,0.0,0,0,1,,1.0,2026-03-15T15:15:56.209335,neutral,1.0,2026-03-15T15:15:54.301795,0.2508661868027673,2026-03-15T15:15:56.025000,55,Harsh braking,decel_mps2=6.1,
participant_15,2,day,Town10HD_Opt,2026-03-15 15:15:57.157569,99.30176544189452,21.14289093017578,0.0020570755004882,24.395,-10.562,0.35,0.0,0,0,1,,1.0,2026-03-15T15:15:57.157569,neutral,1.0,2026-03-15T15:15:57.157569,0.108314440440021,2026-03-15T15:15:56.971000,57,,,
participant_15,2,day,Town10HD_Opt,2026-03-15 15:15:58.347450,102.86038208007812,16.732927322387695,0.0046013640239834,24.342,-8.582,0.339,0.0,0,0,1,,1.0,2026-03-15T15:15:58.347450,neutral,1.0,2026-03-15T15:15:57.157569,0.0777961734345009,2026-03-15T15:15:57.960000,56,,,
participant_15,2,day,Town10HD_Opt,2026-03-15 15:15:59.289115,104.6259765625,12.89680004119873,0.0019021987682208,25.033,-12.604,0.821,0.0,0,0,1,,1.0,2026-03-15T15:15:59.289115,neutral,1.0,2026-03-15T15:15:59.289115,0.153149182236825,2026-03-15T15:15:59.175000,55,,,
participant_15,2,day,Town10HD_Opt,2026-03-15 15:16:00.297836,105.67321014404295,7.714914321899414,0.0015982437180355,37.89,-3.714,1.0,0.0,0,0,1,,1.0,2026-03-15T15:16:00.297836,neutral,1.0,2026-03-15T15:15:59.289115,0.1006667866149475,2026-03-15T15:16:00.030000,56,,,
participant_15,2,day,Town10HD_Opt,2026-03-15 15:16:01.275347,106.33106231689452,-0.0457124710083007,0.0015618514735251,52.606,-1.92,0.0,0.229,0,0,1,,1.0,2026-03-15T15:16:01.275347,neutral,1.0,2026-03-15T15:15:59.289115,0.1434160954062328,2026-03-15T15:16:00.930000,55,,,
participant_15,2,day,Town10HD_Opt,2026-03-15 15:16:02.269703,106.4570770263672,-8.872549057006836,0.0019998550415039,50.751,0.282,0.0,0.0,0,0,1,,1.0,2026-03-15T15:16:02.269703,neutral,1.0,2026-03-15T15:16:02.269703,0.1663632273724516,2026-03-15T15:16:01.965000,56,,,
participant_15,2,day,Town10HD_Opt,2026-03-15 15:16:03.254132,106.50524139404295,-17.644548416137695,0.0020127487368881,50.491,-1.528,0.83,0.0,0,0,1,,0.829,2026-03-15T15:16:03.254132,neutral,1.0,2026-03-15T15:16:02.269703,0.1602928856117924,2026-03-15T15:16:03.180000,58,,,
participant_15,2,day,Town10HD_Opt,2026-03-15 15:16:04.134200,106.2239227294922,-26.39268684387207,0.002062072744593,49.727,-2.076,0.809,0.0,0,0,1,,1.0,2026-03-15T15:16:04.134200,neutral,1.0,2026-03-15T15:16:02.269703,0.1031803129145394,2026-03-15T15:16:03.946000,58,,,
participant_15,2,day,Town10HD_Opt,2026-03-15 15:16:05.338449,104.35431671142578,-37.8341064453125,0.0019577406346797,50.687,-7.663,0.788,0.0,0,0,1,,1.0,2026-03-15T15:16:05.338449,neutral,1.0,2026-03-15T15:16:05.338449,0.0590929765439002,2026-03-15T15:16:05.115000,57,,,
participant_15,2,day,Town10HD_Opt,2026-03-15 15:16:06.285104,100.61185455322266,-45.66951370239258,0.0020368576515465,49.433,-4.374,0.897,0.0,0,0,1,,1.0,2026-03-15T15:16:06.285104,neutral,1.0,2026-03-15T15:16:05.338449,0.1853849886629601,2026-03-15T15:16:05.970000,57,,,
participant_15,2,day,Town10HD_Opt,2026-03-15 15:16:07.191018,95.3285903930664,-52.62657165527344,0.0020172882359474,50.152,-6.417,1.0,0.0,0,0,1,,0.836,2026-03-15T15:16:07.191018,neutral,1.0,2026-03-15T15:16:05.338449,0.066596227362238,2026-03-15T15:16:06.960000,57,,,
participant_15,2,day,Town10HD_Opt,2026-03-15 15:16:08.122193,88.5662612915039,-58.18300247192383,0.0020494079217314,50.202,-6.028,0.924,0.0,0,0,1,,1.0,2026-03-15T15:16:08.122193,neutral,0.998,2026-03-15T15:16:08.122193,0.2009348645021126,2026-03-15T15:16:08.041000,57,,,
participant_15,2,day,Town10HD_Opt,2026-03-15 15:16:09.338025,77.790283203125,-62.66482162475586,0.0018459319835528,52.132,-4.32,0.0,0.213,0,0,1,,1.0,2026-03-15T15:16:09.338025,neutral,0.998,2026-03-15T15:16:08.122193,0.1142474519027169,2026-03-15T15:16:09.120000,57,,,
participant_15,2,day,Town10HD_Opt,2026-03-15 15:16:10.344786,69.11882781982422,-64.16545104980469,0.0018824386643245,52.138,-2.292,0.0,0.214,0,0,1,,1.0,2026-03-15T15:16:10.344786,neutral,1.0,2026-03-15T15:16:10.344786,0.108811476287836,2026-03-15T15:16:09.930000,56,,,
participant_15,2,day,Town10HD_Opt,2026-03-15 15:16:11.294267,60.37164306640625,-64.75334167480469,0.0019330214709043,51.371,-0.933,0.0,0.137,0,0,1,,1.0,2026-03-15T15:16:11.294267,neutral,1.0,2026-03-15T15:16:10.344786,0.0988793337579365,2026-03-15T15:16:10.966000,58,,,
participant_15,2,day,Town10HD_Opt,2026-03-15 15:16:12.261201,51.66474151611328,-64.90290069580078,0.001975402701646,50.178,-0.884,0.687,0.0,0,0,1,,1.0,2026-03-15T15:16:12.261201,neutral,1.0,2026-03-15T15:16:10.344786,0.1224944884223571,2026-03-15T15:16:12.135000,58,,,
participant_15,2,day,Town10HD_Opt,2026-03-15 15:16:13.201449,43.0008544921875,-64.8013916015625,0.0021135329734534,48.118,0.721,0.481,0.0,0,0,1,,1.0,2026-03-15T15:16:13.201449,neutral,1.0,2026-03-15T15:16:13.201449,0.0938335413948782,2026-03-15T15:16:13.035000,55,,,
participant_15,2,day,Town10HD_Opt,2026-03-15 15:16:14.185667,34.66073226928711,-64.77985382080078,0.0020869825966656,46.998,-0.458,0.428,0.0,0,0,1,,1.0,2026-03-15T15:16:14.185667,neutral,1.0,2026-03-15T15:16:13.201449,0.1373415739679178,2026-03-15T15:16:13.936000,58,,,
participant_15,2,day,Town10HD_Opt,2026-03-15 15:16:15.098901,26.562049865722656,-64.67530059814453,0.0020995712839066,45.28,0.045,0.314,0.0,0,0,1,,1.0,2026-03-15T15:16:15.098901,neutral,1.0,2026-03-15T15:16:13.201449,0.11639847455487,2026-03-15T15:16:15.015000,58,,,
participant_15,2,day,Town10HD_Opt,2026-03-15 15:16:16.096073,19.2591495513916,-64.56745147705078,0.0023461531382054,36.518,0.247,0.0,0.0,0,0,1,,1.0,2026-03-15T15:16:16.096073,neutral,1.0,2026-03-15T15:16:16.096073,0.0560309646212595,2026-03-15T15:16:16.095000,59,,,
participant_15,2,day,Town10HD_Opt,2026-03-15 15:16:17.069098,13.548672676086426,-64.51602172851562,0.0023064422421157,28.214,0.315,0.0,0.0,0,0,1,,1.0,2026-03-15T15:16:17.069098,neutral,1.0,2026-03-15T15:16:16.096073,0.0404278873605423,2026-03-15T15:16:16.951000,55,,,
participant_15,2,day,Town10HD_Opt,2026-03-15 15:16:18.290106,7.965943336486816,-64.51158905029297,0.0022481156047433,19.361,-0.146,0.0,0.0,0,0,1,,1.0,2026-03-15T15:16:18.290106,neutral,1.0,2026-03-15T15:16:18.290106,0.0466229283036751,2026-03-15T15:16:17.941000,54,,,
participant_15,2,day,Town10HD_Opt,2026-03-15 15:16:19.301438,4.781659126281738,-64.50822448730469,0.0020862577948719,18.731,0.092,0.838,0.0,0,0,1,,1.0,2026-03-15T15:16:19.301438,neutral,1.0,2026-03-15T15:16:18.290106,0.02,2026-03-15T15:16:19.066000,57,,,
participant_15,2,day,Town10HD_Opt,2026-03-15 15:16:20.258797,0.6344618797302246,-64.52033233642578,0.0016552733723074,30.319,0.289,0.813,0.0,0,0,1,,1.0,2026-03-15T15:16:20.258797,neutral,1.0,2026-03-15T15:16:18.290106,0.02,2026-03-15T15:16:20.055000,55,,,
participant_15,2,day,Town10HD_Opt,2026-03-15 15:16:21.220243,-5.016425609588623,-64.56925201416016,0.0021589659154415,30.294,0.176,0.0,0.0,0,0,1,,1.0,2026-03-15T15:16:21.220243,neutral,1.0,2026-03-15T15:16:21.220243,0.0656196335927478,2026-03-15T15:16:21.136000,53,,,
participant_15,2,day,Town10HD_Opt,2026-03-15 15:16:22.170905,-9.74074649810791,-64.6325912475586,0.002268829382956,23.128,0.176,0.0,0.0,0,0,1,,1.0,2026-03-15T15:16:22.170905,neutral,1.0,2026-03-15T15:16:21.220243,0.0559955667409687,2026-03-15T15:16:21.991000,57,,,
participant_15,2,day,Town10HD_Opt,2026-03-15 15:16:23.093742,-13.305557250976562,-64.69456481933594,0.0020475005730986,17.508,0.176,0.0,0.0,0,0,1,,1.0,2026-03-15T15:16:23.093742,neutral,1.0,2026-03-15T15:16:21.220243,0.0379424951340795,2026-03-15T15:16:23.070000,54,,,
participant_15,2,day,Town10HD_Opt,2026-03-15 15:16:24.306691,-16.810161590576172,-64.76803588867188,0.002036819467321,12.378,0.176,0.0,0.0,0,0,1,,1.0,2026-03-15T15:16:24.306691,neutral,1.0,2026-03-15T15:16:24.306691,0.0235186381076548,2026-03-15T15:16:24.016000,54,,,
participant_15,2,day,Town10HD_Opt,2026-03-15 15:16:25.232973,-18.73851776123047,-64.81364440917969,0.0020099638495594,9.508,0.176,0.0,0.0,0,0,1,,1.0,2026-03-15T15:16:25.232973,neutral,1.0,2026-03-15T15:16:24.306691,0.024395082028472,2026-03-15T15:16:25.051000,55,,,
participant_15,2,day,Town10HD_Opt,2026-03-15 15:16:26.171288,-20.219215393066406,-64.8511734008789,0.001989021198824,7.194,0.176,0.0,0.0,0,0,1,,1.0,2026-03-15T15:16:26.171288,neutral,1.0,2026-03-15T15:16:24.306691,0.053058967633876,2026-03-15T15:16:26.086000,57,,,
participant_15,2,day,Town10HD_Opt,2026-03-15 15:16:27.102806,-21.35599899291992,-64.88150787353516,0.0019728087354451,5.605,0.176,0.0,0.0,0,0,1,,1.0,2026-03-15T15:16:27.102806,neutral,0.998,2026-03-15T15:16:27.102806,0.0402639280110644,2026-03-15T15:16:27.031000,53,,,
participant_15,2,day,Town10HD_Opt,2026-03-15 15:16:28.245569,-22.471967697143555,-64.91258239746094,0.0019567869603633,3.826,0.176,0.0,0.0,0,0,1,,1.0,2026-03-15T15:16:28.245569,neutral,0.998,2026-03-15T15:16:27.102806,0.1401999973369229,2026-03-15T15:16:27.930000,54,,,
participant_15,2,day,Town10HD_Opt,2026-03-15 15:16:29.195010,-23.08542251586914,-64.9301986694336,0.0019480895716696,3.025,0.176,0.0,0.0,0,0,1,,1.0,2026-03-15T15:16:29.195010,neutral,1.0,2026-03-15T15:16:29.195010,0.0937714223695877,2026-03-15T15:16:29.055000,53,,,
participant_15,2,day,Town10HD_Opt,2026-03-15 15:16:30.120625,-23.556360244750977,-64.94398498535156,0.0019413756672292,2.322,0.176,0.0,0.0,0,0,1,,1.0,2026-03-15T15:16:30.120625,neutral,1.0,2026-03-15T15:16:29.195010,0.2647400508608749,2026-03-15T15:16:30.360000,54,,,
participant_15,2,day,Town10HD_Opt,2026-03-15 15:16:31.280784,-24.23341941833496,-64.96398162841797,0.0016004561912268,8.386,0.176,0.952,0.0,0,0,1,,1.0,2026-03-15T15:16:31.280784,neutral,1.0,2026-03-15T15:16:31.280784,0.1701734946750579,2026-03-15T15:16:30.947000,55,,,
participant_15,2,day,Town10HD_Opt,2026-03-15 15:16:32.192457,-26.89924049377441,-65.05355834960938,0.0017271422548219,22.45,0.493,1.0,0.0,0,0,1,,1.0,2026-03-15T15:16:32.192457,neutral,1.0,2026-03-15T15:16:31.280784,0.1807714550224205,2026-03-15T15:16:32.116000,55,,,
participant_15,2,day,Town10HD_Opt,2026-03-15 15:16:33.124834,-32.13074493408203,-65.26644134521484,0.0015123748453333,38.814,0.007,1.0,0.0,0,0,1,,1.0,2026-03-15T15:16:33.124834,neutral,1.0,2026-03-15T15:16:31.280784,0.3778202097248129,2026-03-15T15:16:33.016000,54,,,
participant_15,2,day,Town10HD_Opt,2026-03-15 15:16:34.341260,-43.13551330566406,-65.7388687133789,0.00195690151304,50.653,0.019,0.0,0.124,0,0,1,,1.0,2026-03-15T15:16:34.341260,neutral,0.978,2026-03-15T15:16:34.341260,0.2268309918774031,2026-03-15T15:16:33.961000,56,,,
participant_15,2,day,Town10HD_Opt,2026-03-15 15:16:35.273321,-51.75332260131836,-66.11803436279297,0.0018354033818468,51.77,0.038,0.0,0.177,0,0,1,,1.0,2026-03-15T15:16:35.273321,neutral,0.978,2026-03-15T15:16:34.341260,0.3124453421975505,2026-03-15T15:16:35.029000,54,,,
participant_15,2,day,Town10HD_Opt,2026-03-15 15:16:36.180368,-60.49123001098633,-66.50434875488281,0.0018816374940797,51.775,-0.665,0.0,0.163,0,0,1,,1.0,2026-03-15T15:16:36.180368,neutral,0.978,2026-03-15T15:16:34.341260,0.3083938281998956,2026-03-15T15:16:36.030000,54,,,
participant_15,2,day,Town10HD_Opt,2026-03-15 15:16:37.082441,-69.20122528076172,-66.67586517333984,0.0019321822328493,51.243,-2.791,0.0,0.124,0,0,1,,1.0,2026-03-15T15:16:37.082441,neutral,1.0,2026-03-15T15:16:37.082441,0.3326527033829278,2026-03-15T15:16:37.291000,53,,,
participant_15,2,day,Town10HD_Opt,2026-03-15 15:16:38.340750,-80.83402252197266,-65.24861907958984,0.001958503620699,50.756,-7.047,0.0,0.0,0,0,1,,1.0,2026-03-15T15:16:38.340750,neutral,1.0,2026-03-15T15:16:37.082441,0.3577935630816503,2026-03-15T15:16:38.011000,54,,,
participant_15,2,day,Town10HD_Opt,2026-03-15 15:16:39.314119,-88.8005142211914,-61.76890182495117,0.0019271849887445,50.932,-6.128,0.0,0.0,0,0,1,,1.0,2026-03-15T15:16:39.314119,neutral,0.999,2026-03-15T15:16:39.314119,0.3485549198404899,2026-03-15T15:16:38.958000,55,,,
participant_15,2,day,Town10HD_Opt,2026-03-15 15:16:40.220103,-95.6519546508789,-56.438133239746094,0.0018954466795548,51.276,-4.534,0.0,0.128,0,0,1,,1.0,2026-03-15T15:16:40.220103,neutral,0.999,2026-03-15T15:16:39.314119,0.2602775672593388,2026-03-15T15:16:40.126000,57,,,
participant_15,2,day,Town10HD_Opt,2026-03-15 15:16:41.202128,-101.38191223144533,-49.83357238769531,0.0018424605950713,52.31,-4.44,0.0,0.235,0,0,1,,1.0,2026-03-15T15:16:41.202128,neutral,0.999,2026-03-15T15:16:39.314119,0.339167426194967,2026-03-15T15:16:40.984000,56,,,
participant_15,2,day,Town10HD_Opt,2026-03-15 15:16:42.190305,-105.7894515991211,-42.29572677612305,0.0019019698956981,51.782,-4.627,0.0,0.131,0,0,1,,1.0,2026-03-15T15:16:42.190305,neutral,0.999,2026-03-15T15:16:42.190305,0.3409092907597484,2026-03-15T15:16:41.970000,54,,,
participant_15,2,day,Town10HD_Opt,2026-03-15 15:16:43.137334,-108.73416137695312,-34.06269836425781,0.002005310030654,50.32,-3.877,0.719,0.0,0,0,1,,1.0,2026-03-15T15:16:43.137334,neutral,0.999,2026-03-15T15:16:42.190305,0.3614321023863292,2026-03-15T15:16:42.961000,57,,,
participant_15,2,day,Town10HD_Opt,2026-03-15 15:16:44.090138,-110.23794555664062,-25.59561920166016,0.0022782515734434,45.634,-3.745,0.0,0.0,0,0,1,,1.0,2026-03-15T15:16:44.090138,neutral,0.999,2026-03-15T15:16:42.190305,0.3362158056031796,2026-03-15T15:16:44.175000,57,,,
participant_15,2,day,Town10HD_Opt,2026-03-15 15:16:45.349477,-110.51278686523438,-16.681575775146484,0.002395172137767,30.451,1.375,0.0,0.349,0,0,1,,1.0,2026-03-15T15:16:45.349477,neutral,0.997,2026-03-15T15:16:45.349477,0.3082847888366681,2026-03-15T15:16:45.121000,56,,,
participant_15,2,day,Town10HD_Opt,2026-03-15 15:16:46.313045,-110.61014556884766,-12.11060905456543,0.0023356245364993,21.227,-1.093,0.0,0.315,0,0,1,,1.0,2026-03-15T15:16:46.313045,neutral,0.997,2026-03-15T15:16:45.349477,0.3107577564785281,2026-03-15T15:16:46.065000,55,,,
participant_15,2,day,Town10HD_Opt,2026-03-15 15:16:47.272889,-110.64607238769533,-8.946698188781738,0.0020365142263472,15.411,-1.523,0.068,0.0,0,0,1,,1.0,2026-03-15T15:16:47.272889,neutral,0.997,2026-03-15T15:16:45.349477,0.3378496741378942,2026-03-15T15:16:46.962000,57,,,
participant_15,2,day,Town10HD_Opt,2026-03-15 15:16:48.205828,-110.6310806274414,-5.931390762329102,0.001851386972703,22.377,0.625,1.0,0.0,0,0,1,,1.0,2026-03-15T15:16:48.205828,neutral,1.0,2026-03-15T15:16:48.205828,0.2941554832470046,2026-03-15T15:16:48.135000,57,,,
participant_15,2,day,Town10HD_Opt,2026-03-15 15:16:49.218001,-110.67585754394533,-0.7109928131103516,0.0015340042300522,39.152,0.308,0.937,0.0,0,0,1,,1.0,2026-03-15T15:16:49.218001,neutral,1.0,2026-03-15T15:16:48.205828,0.3192401150890949,2026-03-15T15:16:48.947000,56,,,
participant_15,2,day,Town10HD_Opt,2026-03-15 15:16:50.186118,-110.74854278564452,7.001806259155273,0.0016696548555046,49.623,-3.938,0.69,0.0,0,0,1,,1.0,2026-03-15T15:16:50.186118,neutral,1.0,2026-03-15T15:16:48.205828,0.320332858921221,2026-03-15T15:16:49.981000,57,,,
participant_15,2,day,Town10HD_Opt,2026-03-15 15:16:51.167661,-109.22698211669922,15.373476028442385,0.002376785269007,43.319,-16.955,0.0,0.0,0,0,1,,1.0,2026-03-15T15:16:51.167661,neutral,0.999,2026-03-15T15:16:51.167661,0.3260888603678349,2026-03-15T15:16:51.015000,57,,,
participant_15,2,day,Town10HD_Opt,2026-03-15 15:16:52.254730,-104.9605712890625,20.39014434814453,0.0024018478579819,32.549,-11.646,0.0,0.0,0,0,1,,1.0,2026-03-15T15:16:52.254730,neutral,0.999,2026-03-15T15:16:51.167661,0.4325202411000426,2026-03-15T15:16:51.961000,57,,,
participant_15,2,day,Town10HD_Opt,2026-03-15 15:16:53.324054,-100.14307403564452,22.87206649780273,0.0018829726614058,34.373,-9.938,0.969,0.0,0,0,1,,1.0,2026-03-15T15:16:53.324054,neutral,0.997,2026-03-15T15:16:53.324054,0.2991917209196144,2026-03-15T15:16:53.040000,59,,,
participant_15,2,day,Town10HD_Opt,2026-03-15 15:16:54.087729,-95.83175659179688,23.96560287475586,0.0016860198229551,41.981,-4.735,0.391,0.0,0,0,1,,1.0,2026-03-15T15:16:54.087729,neutral,0.997,2026-03-15T15:16:53.324054,0.2269657945270002,2026-03-15T15:16:53.988000,59,,,
participant_15,2,day,Town10HD_Opt,2026-03-15 15:16:55.121593,-88.337890625,24.97592544555664,0.0017764281947165,47.519,-0.9,1.0,0.0,0,0,1,,1.0,2026-03-15T15:16:55.121593,neutral,0.997,2026-03-15T15:16:53.324054,0.348110925230729,2026-03-15T15:16:54.976000,58,,,
participant_15,2,day,Town10HD_Opt,2026-03-15 15:16:56.158167,-79.59014892578125,25.77286720275879,0.0021966171916574,48.358,-0.475,0.966,0.0,0,0,1,,1.0,2026-03-15T15:16:56.158167,neutral,0.997,2026-03-15T15:16:56.158167,0.2964434666828345,2026-03-15T15:16:56.371000,59,,,
participant_15,2,day,Town10HD_Opt,2026-03-15 15:16:57.117913,-70.83345794677734,26.37302589416504,0.0021925354376435,48.696,-0.505,1.0,0.0,0,0,1,,1.0,2026-03-15T15:16:57.117913,neutral,0.997,2026-03-15T15:16:56.158167,0.3751960329254686,2026-03-15T15:16:56.371000,59,,,
participant_15,2,day,Town10HD_Opt,2026-03-15 15:16:58.067860,-62.0010871887207,26.79226493835449,0.0021579742897301,49.104,-0.498,0.973,0.0,0,0,1,,1.0,2026-03-15T15:16:58.067860,neutral,0.997,2026-03-15T15:16:56.158167,0.3229280090273178,2026-03-15T15:16:56.371000,58,,,
participant_15,2,day,Town10HD_Opt,2026-03-15 15:16:59.336552,-50.368309020996094,27.058263778686523,0.0021708679851144,48.927,-0.498,0.911,0.0,0,0,1,,1.0,2026-03-15T15:16:59.336552,neutral,0.992,2026-03-15T15:16:59.336552,0.3332490459123195,2026-03-15T15:16:56.371000,59,,,
participant_15,2,day,Town10HD_Opt,2026-03-15 15:17:00.332491,-41.59101486206055,27.04767608642578,0.0021500778384506,49.237,-0.026,0.891,0.0,0,0,1,,1.0,2026-03-15T15:17:00.332491,neutral,0.992,2026-03-15T15:16:59.336552,0.2759147748512647,2026-03-15T15:16:56.371000,59,,,
participant_15,2,day,Town10HD_Opt,2026-03-15 15:17:01.283064,-32.7906379699707,26.960336685180664,0.0021534727420657,49.369,0.073,1.0,0.0,0,0,1,,1.0,2026-03-15T15:17:01.283064,neutral,0.992,2026-03-15T15:16:59.336552,0.3319059364812787,2026-03-15T15:16:56.371000,58,,,
participant_15,2,day,Town10HD_Opt,2026-03-15 15:17:02.244396,-23.973886489868164,26.892337799072266,0.0022198485676199,48.334,0.073,0.953,0.0,0,0,1,,1.0,2026-03-15T15:17:02.244396,neutral,1.0,2026-03-15T15:17:02.244396,0.3806427669279856,2026-03-15T15:16:56.371000,61,,,
participant_15,2,day,Town10HD_Opt,2026-03-15 15:17:03.203410,-15.216958999633787,26.84381484985352,0.0022018051240593,48.34,-0.089,0.911,0.0,0,0,1,,1.0,2026-03-15T15:17:03.203410,neutral,1.0,2026-03-15T15:17:02.244396,0.3647729430436427,2026-03-15T15:16:56.371000,59,,,
participant_15,2,day,Town10HD_Opt,2026-03-15 15:17:04.123327,-6.478229999542236,26.771041870117188,0.0021740722004324,48.716,-0.115,0.873,0.0,0,0,1,,1.0,2026-03-15T15:17:04.123327,neutral,1.0,2026-03-15T15:17:02.244396,0.3367235419929759,2026-03-15T15:16:56.371000,59,,,
participant_15,2,day,Town10HD_Opt,2026-03-15 15:17:05.339561,5.065928936004639,26.61075782775879,0.0021589279640465,47.146,-0.136,0.0,0.0,0,0,1,,1.0,2026-03-15T15:17:05.339561,neutral,0.998,2026-03-15T15:17:05.339561,0.2803422921933188,2026-03-15T15:16:56.371000,59,,,
participant_15,2,day,Town10HD_Opt,2026-03-15 15:17:06.259448,12.528103828430176,26.471662521362305,0.0023664855398237,37.075,0.416,0.0,0.016,0,0,1,,1.0,2026-03-15T15:17:06.259448,neutral,0.998,2026-03-15T15:17:05.339561,0.3491588684432773,2026-03-15T15:16:56.371000,59,Stop sign violation,stop_sign_id=1062,
participant_15,2,day,Town10HD_Opt,2026-03-15 15:17:07.181523,18.32229423522949,26.4326171875,0.0023109053727239,28.631,1.434,0.0,0.0,0,0,1,,1.0,2026-03-15T15:17:07.181523,neutral,0.998,2026-03-15T15:17:05.339561,0.3448154019717823,2026-03-15T15:16:56.371000,59,,,
participant_15,2,day,Town10HD_Opt,2026-03-15 15:17:08.123847,22.76409339904785,26.56814384460449,0.0022640989627689,21.708,2.73,0.0,0.0,0,0,1,,1.0,2026-03-15T15:17:08.123847,neutral,1.0,2026-03-15T15:17:08.123847,0.3809350265737556,2026-03-15T15:16:56.371000,58,,,
participant_15,2,day,Town10HD_Opt,2026-03-15 15:17:09.178155,26.09993553161621,26.867387771606445,0.0019668578170239,16.59,3.947,0.007,0.0,0,0,1,,1.0,2026-03-15T15:17:09.178155,neutral,1.0,2026-03-15T15:17:08.123847,0.3414864875010174,2026-03-15T15:16:56.371000,59,,,
participant_15,2,day,Town10HD_Opt,2026-03-15 15:17:10.147824,28.664072036743164,27.29550170898437,0.002033157274127,12.97,5.86,0.019,0.0,0,0,1,,1.0,2026-03-15T15:17:10.147824,neutral,0.98,2026-03-15T15:17:10.147824,0.3524689769493577,2026-03-15T15:16:56.371000,58,,,
participant_15,2,day,Town10HD_Opt,2026-03-15 15:17:11.125409,30.643707275390625,27.79496955871582,0.0019955444149672,10.297,6.201,0.04,0.0,0,0,1,,1.0,2026-03-15T15:17:11.125409,neutral,0.98,2026-03-15T15:17:10.147824,0.3144912249451042,2026-03-15T15:16:56.371000,58,,,
participant_15,2,day,Town10HD_Opt,2026-03-15 15:17:12.354044,33.026329040527344,28.61351585388184,0.0017991255735978,13.091,8.904,0.318,0.0,0,0,1,,1.0,2026-03-15T15:17:12.354044,neutral,0.999,2026-03-15T15:17:12.354044,0.3068514393377654,2026-03-15T15:16:56.371000,58,,,
participant_15,2,day,Town10HD_Opt,2026-03-15 15:17:13.136344,34.5289421081543,29.355932235717773,0.0017319869948551,17.186,15.62,0.829,0.0,0,0,1,,1.0,2026-03-15T15:17:13.136344,neutral,0.999,2026-03-15T15:17:12.354044,0.3485353581110276,2026-03-15T15:16:56.371000,58,,,
participant_15,2,day,Town10HD_Opt,2026-03-15 15:17:14.115299,37.361141204833984,31.78276824951172,0.0017670821398496,26.946,21.603,0.783,0.0,0,0,1,,1.0,2026-03-15T15:17:14.115299,neutral,0.999,2026-03-15T15:17:12.354044,0.3397660928702337,2026-03-15T15:16:56.371000,60,,,
participant_15,2,day,Town10HD_Opt,2026-03-15 15:17:15.132631,39.59666442871094,36.595340728759766,0.0018663787050172,34.332,15.009,0.514,0.0,0,0,1,,1.0,2026-03-15T15:17:15.132631,neutral,0.998,2026-03-15T15:17:15.132631,0.3404031228198869,2026-03-15T15:16:56.371000,58,,,
participant_15,2,day,Town10HD_Opt,2026-03-15 15:17:16.169671,40.11050796508789,42.49152374267578,0.0022175216581672,31.006,1.055,0.0,0.0,0,0,1,,1.0,2026-03-15T15:17:16.169671,neutral,0.998,2026-03-15T15:17:15.132631,0.334940874664247,2026-03-15T15:16:56.371000,59,,,
participant_15,2,day,Town10HD_Opt,2026-03-15 15:17:17.135217,40.25371170043945,47.24370956420898,0.0023274230770766,22.35,0.139,0.0,0.333,0,0,1,,1.0,2026-03-15T15:17:17.135217,neutral,0.998,2026-03-15T15:17:17.135217,0.2469671821909204,2026-03-15T15:16:56.371000,59,,,
participant_15,2,day,Town10HD_Opt,2026-03-15 15:17:18.336642,40.357513427734375,51.37265396118164,0.0020992278587073,13.112,1.137,0.0,0.301,0,0,1,,1.0,2026-03-15T15:17:18.336642,neutral,0.998,2026-03-15T15:17:17.135217,0.3533622798048504,2026-03-15T15:16:56.371000,58,,,
participant_15,2,day,Town10HD_Opt,2026-03-15 15:17:19.304921,40.36910629272461,53.25727844238281,0.0020442199893295,8.706,0.757,0.0,0.0,0,0,1,,1.0,2026-03-15T15:17:19.304921,neutral,0.999,2026-03-15T15:17:19.304921,0.3565680429961433,2026-03-15T15:16:56.371000,60,,,
participant_15,2,day,Town10HD_Opt,2026-03-15 15:17:20.257557,40.38556671142578,55.03256607055664,0.001574287423864,15.93,-2.6,0.985,0.0,0,0,1,,1.0,2026-03-15T15:17:20.257557,neutral,0.999,2026-03-15T15:17:19.304921,0.3056421540639684,2026-03-15T15:16:56.371000,59,,,
participant_15,2,day,Town10HD_Opt,2026-03-15 15:17:21.159849,40.66976547241211,58.83203125,0.0016096878098323,29.2,-8.105,0.902,0.0,0,0,1,,1.0,2026-03-15T15:17:21.159849,neutral,0.999,2026-03-15T15:17:19.304921,0.3568110577863821,2026-03-15T15:16:56.371000,57,,,
participant_15,2,day,Town10HD_Opt,2026-03-15 15:17:22.360494,44.0521240234375,66.48189544677734,0.0017734909197315,43.323,-19.467,0.84,0.0,0,0,1,,1.0,2026-03-15T15:17:22.360494,neutral,1.0,2026-03-15T15:17:22.360494,0.3229300705574516,2026-03-15T15:16:56.371000,60,,,
participant_15,2,day,Town10HD_Opt,2026-03-15 15:17:23.255058,51.13447189331055,70.1923599243164,0.0018754195189103,49.505,-15.233,0.713,0.0,0,0,1,,1.0,2026-03-15T15:17:23.255058,neutral,1.0,2026-03-15T15:17:22.360494,0.3342446647068557,2026-03-15T15:16:56.371000,61,,,
participant_15,2,day,Town10HD_Opt,2026-03-15 15:17:24.177880,59.7900505065918,69.76881408691406,0.0021090316586196,48.741,2.633,0.421,0.0,0,0,1,,1.0,2026-03-15T15:17:24.177880,neutral,1.0,2026-03-15T15:17:22.360494,0.3019678060890481,2026-03-15T15:16:56.371000,61,,,errors=Solid line crossing
participant_15,2,day,Town10HD_Opt,2026-03-15 15:17:25.084796,67.96259307861328,68.83442687988281,0.0022935485467314,42.788,4.806,0.0,0.0,0,0,1,,1.0,2026-03-15T15:17:25.084796,neutral,0.996,2026-03-15T15:17:25.084796,0.3284369967149315,2026-03-15T15:16:56.371000,59,,,
participant_15,2,day,Town10HD_Opt,2026-03-15 15:17:26.364691,76.33854675292969,69.24562072753906,0.0023743438068777,28.538,-0.233,0.0,0.3,0,0,1,,1.0,2026-03-15T15:17:26.364691,neutral,0.996,2026-03-15T15:17:25.084796,0.2656278562927335,2026-03-15T15:16:56.371000,58,,,
participant_15,2,day,Town10HD_Opt,2026-03-15 15:17:27.285498,80.602294921875,69.63390350341797,0.0023188018240034,19.413,-1.102,0.0,0.316,0,0,1,,1.0,2026-03-15T15:17:27.285498,neutral,1.0,2026-03-15T15:17:27.285498,0.3177026574464576,2026-03-15T15:16:56.371000,59,,,
participant_15,2,day,Town10HD_Opt,2026-03-15 15:17:28.153325,83.50094604492188,69.8376235961914,0.0021133422851562,12.549,-0.618,0.0,0.44,0,0,1,,1.0,2026-03-15T15:17:28.153325,neutral,1.0,2026-03-15T15:17:27.285498,0.4028748391376716,2026-03-15T15:16:56.371000,57,,,
participant_15,2,day,Town10HD_Opt,2026-03-15 15:17:29.074827,85.26222229003906,69.94859313964844,0.0021187209058552,6.713,-0.468,0.0,0.556,0,0,1,,1.0,2026-03-15T15:17:29.074827,neutral,1.0,2026-03-15T15:17:27.285498,0.3360233986854102,2026-03-15T15:16:56.371000,60,,,
participant_15,2,day,Town10HD_Opt,2026-03-15 15:17:30.249212,85.51071166992188,69.9636459350586,0.0019449614919722,0.0,-0.233,0.0,0.465,0,0,1,,1.0,2026-03-15T15:17:30.249212,neutral,1.0,2026-03-15T15:17:30.249212,0.3165755244837225,2026-03-15T15:16:56.371000,59,,,
participant_15,2,day,Town10HD_Opt,2026-03-15 15:17:31.123378,85.5107421875,69.9636459350586,0.0019202422117814,0.0,2.21,0.0,0.0,0,0,1,,1.0,2026-03-15T15:17:31.123378,neutral,1.0,2026-03-15T15:17:30.249212,0.3151967720389994,2026-03-15T15:16:56.371000,61,,,
participant_15,2,day,Town10HD_Opt,2026-03-15 15:17:32.286755,85.58978271484375,69.97441101074219,0.0019017410231754,0.905,9.507,0.874,0.0,0,0,1,,1.0,2026-03-15T15:17:32.286755,neutral,1.0,2026-03-15T15:17:32.286755,0.3022559740305451,2026-03-15T15:16:56.371000,60,,,
participant_15,2,day,Town10HD_Opt,2026-03-15 15:17:33.165636,86.89723205566406,70.20716857910156,0.0014053344493731,16.385,10.478,1.0,0.0,0,0,1,,1.0,2026-03-15T15:17:33.165636,neutral,1.0,2026-03-15T15:17:32.286755,0.3345545852726123,2026-03-15T15:16:56.371000,58,,,
participant_15,2,day,Town10HD_Opt,2026-03-15 15:17:34.361383,92.37348175048828,72.1802749633789,0.0015481949085369,35.763,13.355,0.941,0.0,0,0,1,,1.0,2026-03-15T15:17:34.361383,neutral,0.998,2026-03-15T15:17:34.361383,0.2896923628509528,2026-03-15T15:16:56.371000,60,,,
participant_15,2,day,Town10HD_Opt,2026-03-15 15:17:35.284743,97.56658172607422,77.01618957519531,0.0017073821509256,46.938,18.503,0.915,0.0,0,0,1,,1.0,2026-03-15T15:17:35.284743,neutral,0.998,2026-03-15T15:17:34.361383,0.3601153424089982,2026-03-15T15:16:56.371000,59,,,
participant_15,2,day,Town10HD_Opt,2026-03-15 15:17:36.182818,99.52678680419922,85.37451171875,0.0021231842692941,48.843,4.584,0.909,0.0,0,0,1,,1.0,2026-03-15T15:17:36.182818,neutral,0.998,2026-03-15T15:17:34.361383,0.3637170131603124,2026-03-15T15:16:56.371000,59,,,
participant_15,2,day,Town10HD_Opt,2026-03-15 15:17:37.107577,98.81839752197266,94.1551284790039,0.0021760177332907,48.651,-1.034,0.894,0.0,0,0,1,,1.0,2026-03-15T15:17:37.107577,neutral,1.0,2026-03-15T15:17:37.107577,0.3570915300082578,2026-03-15T15:16:56.371000,59,,,
participant_15,2,day,Town10HD_Opt,2026-03-15 15:17:38.353897,97.17131805419922,105.58499145507812,0.0021327589638531,48.828,6.663,0.984,0.0,0,0,1,,1.0,2026-03-15T15:17:38.353897,neutral,1.0,2026-03-15T15:17:37.107577,0.3685038816770956,2026-03-15T15:16:56.371000,58,,,
participant_15,2,day,Town10HD_Opt,2026-03-15 15:17:39.252173,93.4603042602539,113.53990173339844,0.0022620009258389,47.444,4.291,1.0,0.0,0,0,1,,1.0,2026-03-15T15:17:39.252173,neutral,0.997,2026-03-15T15:17:39.252173,0.3672446941164016,2026-03-15T15:16:56.371000,58,,,
participant_15,2,day,Town10HD_Opt,2026-03-15 15:17:40.203052,88.24812316894531,120.56871795654295,0.0021535491105169,48.795,6.462,0.981,0.0,0,0,1,,1.0,2026-03-15T15:17:40.203052,neutral,0.997,2026-03-15T15:17:39.252173,0.3424204170603286,2026-03-15T15:16:56.371000,61,,,
participant_15,2,day,Town10HD_Opt,2026-03-15 15:17:41.069015,81.49916076660156,126.1270751953125,0.002000655978918,51.233,7.368,0.0,0.123,0,0,1,,1.0,2026-03-15T15:17:41.069015,neutral,0.997,2026-03-15T15:17:39.252173,0.3831656520163507,2026-03-15T15:16:56.371000,60,,,
participant_15,2,day,Town10HD_Opt,2026-03-15 15:17:42.255555,70.70674133300781,130.50965881347656,0.0021881102584302,48.762,4.551,1.0,0.0,0,0,1,,1.0,2026-03-15T15:17:42.255555,neutral,0.897,2026-03-15T15:17:42.255555,0.3487555620392446,2026-03-15T15:16:56.371000,59,,,
participant_15,2,day,Town10HD_Opt,2026-03-15 15:17:43.160028,62.0340461730957,131.8818359375,0.0021937561687082,48.573,4.459,1.0,0.0,0,0,1,,1.0,2026-03-15T15:17:43.160028,neutral,0.897,2026-03-15T15:17:42.255555,0.3060865807065246,2026-03-15T15:16:56.371000,59,,,
participant_15,2,day,Town10HD_Opt,2026-03-15 15:17:44.346103,50.39864730834961,132.06898498535156,0.002024192828685,50.618,-0.545,1.0,0.0,0,0,1,,1.0,2026-03-15T15:17:44.346103,neutral,0.999,2026-03-15T15:17:44.346103,0.3269930428394567,2026-03-15T15:16:56.371000,57,,,
participant_15,2,day,Town10HD_Opt,2026-03-15 15:17:45.263238,41.60719680786133,132.3148956298828,0.0020244598854333,50.679,0.409,1.0,0.0,0,0,1,,1.0,2026-03-15T15:17:45.263238,neutral,0.999,2026-03-15T15:17:44.346103,0.3651172542966678,2026-03-15T15:16:56.371000,60,,,
participant_15,2,day,Town10HD_Opt,2026-03-15 15:17:46.167646,32.80645751953125,132.43397521972656,0.0020262526813894,50.105,0.414,1.0,0.0,0,0,1,,1.0,2026-03-15T15:17:46.167646,neutral,0.999,2026-03-15T15:17:44.346103,0.3482497507017376,2026-03-15T15:16:56.371000,58,,,
participant_15,2,day,Town10HD_Opt,2026-03-15 15:17:47.345789,21.065629959106445,132.3981170654297,0.0019664764404296,50.382,0.052,0.537,0.0,0,0,1,,1.0,2026-03-15T15:17:47.345789,neutral,0.991,2026-03-15T15:17:47.345789,0.3084035271424055,2026-03-15T15:16:56.371000,58,,,
participant_15,2,day,Town10HD_Opt,2026-03-15 15:17:48.233443,12.812353134155272,132.33465576171875,0.0022724531590938,43.17,0.035,0.202,0.0,0,0,1,,1.0,2026-03-15T15:17:48.233443,neutral,0.991,2026-03-15T15:17:47.345789,0.3314514142246512,2026-03-15T15:16:56.371000,60,,,
participant_15,2,day,Town10HD_Opt,2026-03-15 15:17:49.214609,5.908196926116943,132.2705535888672,0.0023387526161968,34.465,0.035,0.0,0.0,0,0,1,,1.0,2026-03-15T15:17:49.214609,neutral,0.991,2026-03-15T15:17:47.345789,0.29878538533315,2026-03-15T15:16:56.371000,57,,,
participant_15,2,day,Town10HD_Opt,2026-03-15 15:17:50.145111,0.521729052066803,132.21498107910156,0.0022959518246352,26.118,-0.127,0.0,0.0,0,0,1,,1.0,2026-03-15T15:17:50.145111,neutral,0.999,2026-03-15T15:17:50.145111,0.3621654922463391,2026-03-15T15:16:56.371000,59,,,
participant_15,2,day,Town10HD_Opt,2026-03-15 15:17:51.202031,-3.587240219116211,132.18002319335938,0.0022537994664162,19.932,-0.148,0.0,0.0,0,0,1,,1.0,2026-03-15T15:17:51.202031,neutral,0.999,2026-03-15T15:17:50.145111,0.3829874940395817,2026-03-15T15:16:56.371000,59,,,
participant_15,2,day,Town10HD_Opt,2026-03-15 15:17:52.104651,-6.693109512329102,132.16294860839844,0.0020191192161291,15.184,-0.148,0.0,0.0,0,0,1,,1.0,2026-03-15T15:17:52.104651,neutral,0.999,2026-03-15T15:17:50.145111,0.2665545667580954,2026-03-15T15:16:56.371000,59,,,
participant_15,2,day,Town10HD_Opt,2026-03-15 15:17:53.280809,-9.763509750366213,132.15402221679688,0.0020112609490752,11.131,-0.148,0.211,0.0,0,0,1,,1.0,2026-03-15T15:17:53.280809,neutral,0.999,2026-03-15T15:17:53.280809,0.3460137727520261,2026-03-15T15:16:56.371000,58,,,
participant_15,2,day,Town10HD_Opt,2026-03-15 15:17:54.209821,-11.837188720703123,132.15234375,0.0018350600730627,13.315,-0.148,0.336,0.0,0,0,1,,1.0,2026-03-15T15:17:54.209821,neutral,0.999,2026-03-15T15:17:53.280809,0.2867049883077682,2026-03-15T15:16:56.371000,57,,,
participant_15,2,day,Town10HD_Opt,2026-03-15 15:17:55.090489,-14.24028491973877,132.15463256835938,0.0019350051879882,13.87,-0.157,0.925,0.0,0,0,1,,1.0,2026-03-15T15:17:55.090489,neutral,0.999,2026-03-15T15:17:53.280809,0.2738690969665354,2026-03-15T15:16:56.371000,59,,,
participant_15,2,day,Town10HD_Opt,2026-03-15 15:17:56.341147,-19.24937629699707,132.17257690429688,0.0015208434779196,32.334,-0.045,0.999,0.0,0,0,1,,1.0,2026-03-15T15:17:56.341147,neutral,0.998,2026-03-15T15:17:56.341147,0.3816050034693006,2026-03-15T15:16:56.371000,58,,,
participant_15,2,day,Town10HD_Opt,2026-03-15 15:17:57.323081,-26.074317932128903,131.8970489501953,0.0015889739152044,46.551,9.114,0.946,0.0,0,0,1,,1.0,2026-03-15T15:17:57.323081,neutral,0.998,2026-03-15T15:17:56.341147,0.3745699182456113,2026-03-15T15:16:56.371000,59,,,
participant_15,2,day,Town10HD_Opt,2026-03-15 15:17:58.301082,-34.2855110168457,129.2187957763672,0.0021779250819236,47.918,12.263,0.934,0.0,0,0,1,,1.0,2026-03-15T15:17:58.301082,neutral,0.998,2026-03-15T15:17:56.341147,0.3380906395996398,2026-03-15T15:16:56.371000,60,,,
participant_15,2,day,Town10HD_Opt,2026-03-15 15:17:59.226400,-40.41938781738281,123.18502044677734,0.0021065901964902,48.832,15.226,0.927,0.0,0,0,1,,1.0,2026-03-15T15:17:59.226400,neutral,0.996,2026-03-15T15:17:59.226400,0.3093360425184667,2026-03-15T15:16:56.371000,59,,,
participant_15,2,day,Town10HD_Opt,2026-03-15 15:18:00.221920,-42.64129257202149,114.91600036621094,0.0019319152925163,50.946,4.893,0.0,0.0,0,0,1,,1.0,2026-03-15T15:18:00.221920,neutral,0.996,2026-03-15T15:17:59.226400,0.3181293473027448,2026-03-15T15:16:56.371000,57,,,
participant_15,2,day,Town10HD_Opt,2026-03-15 15:18:01.193613,-42.49617004394531,106.26333618164062,0.0019896316807717,49.983,-2.546,0.528,0.0,0,0,1,,1.0,2026-03-15T15:18:01.193613,neutral,0.996,2026-03-15T15:17:59.226400,0.3050027363782953,2026-03-15T15:16:56.371000,59,,,
participant_15,2,day,Town10HD_Opt,2026-03-15 15:18:02.112354,-42.93846130371094,97.71207427978516,0.0023022459354251,44.575,-0.938,0.0,0.0,0,0,1,,1.0,2026-03-15T15:18:02.112354,neutral,0.998,2026-03-15T15:18:02.112354,0.4138257150433544,2026-03-15T15:18:01.945000,62,,,
participant_15,2,day,Town10HD_Opt,2026-03-15 15:18:03.088489,-43.58164596557617,90.7632827758789,0.0023274230770766,35.154,0.106,0.227,0.0,0,0,1,,1.0,2026-03-15T15:18:03.088489,neutral,0.998,2026-03-15T15:18:02.112354,0.4174126416723916,2026-03-15T15:18:02.979000,60,,,
participant_15,2,day,Town10HD_Opt,2026-03-15 15:18:04.321650,-43.86634826660156,82.93024444580078,0.0020009230356663,34.337,8.625,0.687,0.0,0,0,1,,1.0,2026-03-15T15:18:04.321650,neutral,0.99,2026-03-15T15:18:04.321650,0.3773981978631644,2026-03-15T15:18:03.969000,62,Stop sign violation,stop_sign_id=1050,
participant_15,2,day,Town10HD_Opt,2026-03-15 15:18:05.284728,-42.31128692626953,76.57042694091797,0.0017763137584552,42.787,14.256,0.814,0.0,0,0,1,,1.0,2026-03-15T15:18:05.284728,neutral,0.99,2026-03-15T15:18:04.321650,0.3523983694628887,2026-03-15T15:18:05.009000,60,,,
participant_15,2,day,Town10HD_Opt,2026-03-15 15:18:06.306936,-37.34165573120117,70.54632568359375,0.0018877410329878,48.052,21.017,0.675,0.0,0,0,1,,1.0,2026-03-15T15:18:06.306936,neutral,0.99,2026-03-15T15:18:04.321650,0.3052176583747859,2026-03-15T15:18:05.994000,60,,,
participant_15,2,day,Town10HD_Opt,2026-03-15 15:18:07.342373,-29.38672065734864,68.94956970214844,0.0021106719505041,46.256,6.319,0.42,0.0,0,0,1,,1.0,2026-03-15T15:18:07.342373,neutral,0.989,2026-03-15T15:18:07.342373,0.3461386202798991,2026-03-15T15:18:06.984000,60,,,
participant_15,2,day,Town10HD_Opt,2026-03-15 15:18:08.314884,-21.54085350036621,70.1377944946289,0.0021474456880241,43.544,-4.841,0.261,0.0,0,0,1,,1.0,2026-03-15T15:18:08.314884,neutral,0.989,2026-03-15T15:18:07.342373,0.355283404988753,2026-03-15T15:18:08.289000,60,Solid line crossing,Solid line crossing,errors=Solid line crossing
participant_15,2,day,Town10HD_Opt,2026-03-15 15:18:09.299603,-14.296746253967283,70.46414947509766,0.0021852874197065,38.809,-1.775,0.263,0.0,0,0,1,,1.0,2026-03-15T15:18:09.299603,neutral,0.989,2026-03-15T15:18:07.342373,0.3273314759580777,2026-03-15T15:18:09.099000,60,,,
participant_15,2,day,Town10HD_Opt,2026-03-15 15:18:10.289268,-7.751583099365234,70.337158203125,0.0021038055419921,36.52,-0.604,0.541,0.0,0,0,1,,1.0,2026-03-15T15:18:10.289268,neutral,1.0,2026-03-15T15:18:10.289268,0.4092168148371817,2026-03-15T15:18:10,58,,,
participant_15,2,day,Town10HD_Opt,2026-03-15 15:18:11.213842,-1.188324213027954,70.01615142822266,0.0019756315741688,38.73,0.653,0.499,0.0,0,0,1,,1.0,2026-03-15T15:18:11.213842,neutral,1.0,2026-03-15T15:18:10.289268,0.4290840676315113,2026-03-15T15:18:11.079000,60,,,
participant_15,2,day,Town10HD_Opt,2026-03-15 15:18:12.179566,5.496570110321045,69.7731704711914,0.0022314072120934,35.089,0.04,0.0,0.0,0,0,1,,1.0,2026-03-15T15:18:12.179566,neutral,1.0,2026-03-15T15:18:10.289268,0.3484081473138476,2026-03-15T15:18:12.069000,58,,,
participant_15,2,day,Town10HD_Opt,2026-03-15 15:18:13.144370,10.978073120117188,69.5953598022461,0.0022961043287068,27.053,0.75,0.0,0.0,0,0,1,,1.0,2026-03-15T15:18:13.144370,neutral,0.998,2026-03-15T15:18:13.144370,0.3957658342979154,2026-03-15T15:18:13.149000,57,,,
participant_15,2,day,Town10HD_Opt,2026-03-15 15:18:14.110177,15.16344165802002,69.53824615478516,0.0022607040591537,19.932,0.646,0.0,0.052,0,0,1,,1.0,2026-03-15T15:18:14.110177,neutral,0.998,2026-03-15T15:18:13.144370,0.3665721173138692,2026-03-15T15:18:14.049000,56,,,
participant_15,2,day,Town10HD_Opt,2026-03-15 15:18:15.074220,18.28743934631348,69.53801727294922,0.0020268631633371,14.995,0.646,0.0,0.072,0,0,1,,1.0,2026-03-15T15:18:15.074220,neutral,0.998,2026-03-15T15:18:13.144370,0.3246360246836361,2026-03-15T15:18:14.995000,56,,,
participant_15,2,day,Town10HD_Opt,2026-03-15 15:18:16.343512,21.260501861572266,69.57035827636719,0.0020327377133071,10.192,0.62,0.0,0.037,0,0,1,,1.0,2026-03-15T15:18:16.343512,neutral,0.979,2026-03-15T15:18:16.343512,0.4012286366162408,2026-03-15T15:18:16.029000,55,,,
participant_15,2,day,Town10HD_Opt,2026-03-15 15:18:17.348862,22.80422592163086,69.59928894042969,0.0020133589860051,7.259,0.618,0.0,0.044,0,0,1,,1.0,2026-03-15T15:18:17.348862,neutral,0.979,2026-03-15T15:18:16.343512,0.4177358975265686,2026-03-15T15:18:17.023000,57,,,
participant_15,2,day,Town10HD_Opt,2026-03-15 15:18:18.333993,23.812973022460938,69.62203979492188,0.0022953413426876,0.0,0.618,0.0,0.04,0,0,1,,1.0,2026-03-15T15:18:18.333993,neutral,0.979,2026-03-15T15:18:16.343512,0.3770159358658178,2026-03-15T15:18:18.144000,57,,,
participant_15,2,day,Town10HD_Opt,2026-03-15 15:18:19.366951,23.818639755249023,69.62217712402344,0.0019294356461614,0.605,0.618,0.657,0.0,0,0,1,,1.0,2026-03-15T15:18:19.366951,neutral,0.998,2026-03-15T15:18:19.366951,0.3791803198699824,2026-03-15T15:18:19.181000,56,,,
participant_15,2,day,Town10HD_Opt,2026-03-15 15:18:20.272767,24.733428955078125,69.6476821899414,0.0015630340203642,11.236,0.618,0.632,0.0,0,0,1,,1.0,2026-03-15T15:18:20.272767,neutral,0.998,2026-03-15T15:18:19.366951,0.4724460468565026,2026-03-15T15:18:19.993000,58,,,
participant_15,2,day,Town10HD_Opt,2026-03-15 15:18:21.218574,27.186248779296875,69.71173095703125,0.0017878722865134,16.127,-2.41,0.373,0.0,0,0,1,,1.0,2026-03-15T15:18:21.218574,neutral,0.998,2026-03-15T15:18:19.366951,0.4719380425402793,2026-03-15T15:18:20.980000,57,,,
participant_15,2,day,Town10HD_Opt,2026-03-15 15:18:22.174437,30.191869735717773,69.56603240966797,0.002067451365292,18.286,-7.813,0.355,0.0,0,0,1,,1.0,2026-03-15T15:18:22.174437,neutral,0.99,2026-03-15T15:18:22.174437,0.545499337576632,2026-03-15T15:18:21.973000,56,,,
participant_15,2,day,Town10HD_Opt,2026-03-15 15:18:23.122075,33.3543815612793,68.9903564453125,0.0019603348337113,20.379,-8.942,0.986,0.0,0,0,1,,1.0,2026-03-15T15:18:23.122075,neutral,0.99,2026-03-15T15:18:22.174437,0.597950546614873,2026-03-15T15:18:23.005000,59,,,
participant_15,2,day,Town10HD_Opt,2026-03-15 15:18:24.321090,39.64154815673828,66.03275299072266,0.0015821075066924,40.813,-16.637,0.99,0.0,0,0,1,,1.0,2026-03-15T15:18:24.321090,neutral,0.988,2026-03-15T15:18:24.321090,0.5280292049046913,2026-03-15T15:18:23.950000,55,,,
participant_15,2,day,Town10HD_Opt,2026-03-15 15:18:25.266138,44.44182205200195,59.57305908203125,0.0014985656598582,51.213,-12.468,0.0,0.126,0,0,1,,1.0,2026-03-15T15:18:25.266138,neutral,0.988,2026-03-15T15:18:24.321090,0.5794630060780549,2026-03-15T15:18:25.014000,54,,,errors=Vehicle-pedestrian collision
participant_15,2,day,Town10HD_Opt,2026-03-15 15:18:26.163385,45.89402389526367,51.49143600463867,0.0023434448521584,41.377,-4.879,0.0,0.222,0,0,1,,1.0,2026-03-15T15:18:26.163385,neutral,0.988,2026-03-15T15:18:24.321090,0.5464693894708573,2026-03-15T15:18:26.019000,54,,,
participant_15,2,day,Town10HD_Opt,2026-03-15 15:18:27.328998,45.27631759643555,43.40645599365234,0.0023227690253406,28.358,3.16,0.0,0.0,0,0,1,,1.0,2026-03-15T15:18:27.328998,neutral,1.0,2026-03-15T15:18:27.328998,0.6056176719326142,2026-03-15T15:18:27.055000,56,,,
participant_15,2,day,Town10HD_Opt,2026-03-15 15:18:28.207274,45.17548370361328,38.85730743408203,0.0021012497600167,25.082,5.652,0.453,0.0,0,0,1,,1.0,2026-03-15T15:18:28.207274,neutral,1.0,2026-03-15T15:18:27.328998,0.5626433118770988,2026-03-15T15:18:27.954000,55,,,
participant_15,2,day,Town10HD_Opt,2026-03-15 15:18:29.130517,45.9063720703125,34.4398078918457,0.0020470046438276,26.11,19.712,0.415,0.0,0,0,1,,1.0,2026-03-15T15:18:29.130517,neutral,1.0,2026-03-15T15:18:27.328998,0.580642878601728,2026-03-15T15:18:29.034000,56,,,
participant_15,2,day,Town10HD_Opt,2026-03-15 15:18:30.073227,48.42112350463867,30.663291931152344,0.0020793532021343,26.651,22.686,0.519,0.0,0,0,1,,1.0,2026-03-15T15:18:30.073227,neutral,0.989,2026-03-15T15:18:30.073227,0.5792436273603185,2026-03-15T15:18:29.979000,55,,,
participant_15,2,day,Town10HD_Opt,2026-03-15 15:18:31.294516,54.30816268920898,27.58519554138184,0.0019444655627012,31.242,6.419,0.51,0.0,0,0,1,,1.0,2026-03-15T15:18:31.294516,neutral,0.989,2026-03-15T15:18:30.073227,0.4070719393634431,2026-03-15T15:18:31.014000,55,,,
participant_15,2,day,Town10HD_Opt,2026-03-15 15:18:32.173312,59.76647186279297,26.18627166748047,0.0019843291956931,33.484,6.884,0.681,0.0,0,0,1,,1.0,2026-03-15T15:18:32.173312,neutral,0.987,2026-03-15T15:18:32.173312,0.4390020523764549,2026-03-15T15:18:31.959000,56,,,
participant_15,2,day,Town10HD_Opt,2026-03-15 15:18:33.086459,66.45782470703125,25.662960052490234,0.0016012954292818,45.943,3.648,0.967,0.0,0,0,1,,1.0,2026-03-15T15:18:33.086459,neutral,0.987,2026-03-15T15:18:32.173312,0.4602202806717376,2026-03-15T15:18:32.949000,54,,,
participant_15,2,day,Town10HD_Opt,2026-03-15 15:18:34.240081,78.00995635986328,26.05387306213379,0.002093200571835,49.284,-0.357,0.796,0.0,0,0,1,,1.0,2026-03-15T15:18:34.240081,neutral,0.998,2026-03-15T15:18:34.240081,0.4182779417798157,2026-03-15T15:18:33.982000,55,,,
participant_15,2,day,Town10HD_Opt,2026-03-15 15:18:35.122647,86.76494598388672,26.33601951599121,0.0040339659899473,48.512,-4.393,0.509,0.0,0,0,1,,1.0,2026-03-15T15:18:35.122647,neutral,0.998,2026-03-15T15:18:34.240081,0.4917458930055421,2026-03-15T15:18:35.110000,58,,,
participant_15,2,day,Town10HD_Opt,2026-03-15 15:18:36.291215,97.42963409423828,23.89350700378418,0.0021292113233357,46.021,-16.381,0.465,0.0,0,0,1,,1.0,2026-03-15T15:18:36.291215,neutral,1.0,2026-03-15T15:18:36.291215,0.5047918092840401,2026-03-15T15:18:35.964000,59,,,
participant_15,2,day,Town10HD_Opt,2026-03-15 15:18:37.219549,102.69915008544922,18.09329605102539,0.0021546555217355,44.344,-6.18,0.321,0.0,0,0,1,,1.0,2026-03-15T15:18:37.219549,neutral,1.0,2026-03-15T15:18:36.291215,0.5257593411695938,2026-03-15T15:18:36.956000,59,,,
participant_15,2,day,Town10HD_Opt,2026-03-15 15:18:38.074398,105.87483215332033,11.3076171875,0.0020714187994599,41.037,-4.171,0.322,0.0,0,0,1,,1.0,2026-03-15T15:18:38.074398,neutral,1.0,2026-03-15T15:18:36.291215,0.6714731359190207,2026-03-15T15:18:38.125000,59,,,
participant_15,2,day,Town10HD_Opt,2026-03-15 15:18:39.280006,108.43348693847656,2.515019416809082,0.0021270369179546,37.465,-3.412,0.329,0.0,0,0,1,,1.0,2026-03-15T15:18:39.280006,neutral,0.964,2026-03-15T15:18:39.280006,0.7260390151461906,2026-03-15T15:18:38.979000,58,,,
participant_15,2,day,Town10HD_Opt,2026-03-15 15:18:40.153468,109.38117218017578,-3.866060495376587,0.0019956587348133,37.505,-3.664,0.761,0.0,0,0,1,,0.828,2026-03-15T15:18:40.153468,neutral,0.964,2026-03-15T15:18:39.280006,0.7042041153255562,2026-03-15T15:18:40.374000,59,,,
participant_15,2,day,Town10HD_Opt,2026-03-15 15:18:41.260075,109.48348999023438,-13.81802749633789,0.0017116927774623,51.068,-1.814,0.0,0.107,0,0,1,,1.0,2026-03-15T15:18:41.260075,neutral,0.964,2026-03-15T15:18:39.280006,0.7488262773781057,2026-03-15T15:18:41.319000,57,,,
participant_15,2,day,Town10HD_Opt,2026-03-15 15:18:42.134771,108.63858032226562,-22.645097732543945,0.0021734619513154,49.107,-1.659,0.99,0.0,0,0,1,,1.0,2026-03-15T15:18:42.134771,neutral,0.998,2026-03-15T15:18:42.134771,0.7700197768406896,2026-03-15T15:18:41.957000,57,,,
participant_15,2,day,Town10HD_Opt,2026-03-15 15:18:43.259781,106.1808090209961,-33.945220947265625,0.0019665146246552,50.427,-4.615,0.882,0.0,0,0,1,,1.0,2026-03-15T15:18:43.259781,neutral,0.998,2026-03-15T15:18:42.134771,0.8177976747311549,2026-03-15T15:18:42.985000,56,,,
participant_15,2,day,Town10HD_Opt,2026-03-15 15:18:44.103235,102.67327117919922,-42.06317901611328,0.0021558380685746,49.078,-3.328,0.791,0.0,0,0,1,,1.0,2026-03-15T15:18:44.103235,neutral,0.998,2026-03-15T15:18:42.134771,0.843643785617459,2026-03-15T15:18:43.975000,57,,,
participant_15,2,day,Town10HD_Opt,2026-03-15 15:18:45.247742,96.20502471923828,-51.6884651184082,0.0019869613461196,50.504,-6.26,0.758,0.0,0,0,1,,1.0,2026-03-15T15:18:45.247742,neutral,0.983,2026-03-15T15:18:45.247742,0.8246539152612126,2026-03-15T15:18:45.009000,57,,,
participant_15,2,day,Town10HD_Opt,2026-03-15 15:18:46.121192,89.70213317871094,-57.32406997680664,0.0020846556872129,48.445,-5.879,0.591,0.0,0,0,1,,1.0,2026-03-15T15:18:46.121192,neutral,0.983,2026-03-15T15:18:45.247742,0.7460384346333815,2026-03-15T15:18:45.955000,58,,,
participant_15,2,day,Town10HD_Opt,2026-03-15 15:18:47.316710,79.353759765625,-62.344970703125,0.002021636813879,50.052,-4.261,0.51,0.0,0,0,1,,1.0,2026-03-15T15:18:47.316710,neutral,0.68,2026-03-15T15:18:47.316710,0.7508740425489108,2026-03-15T15:18:46.946000,58,,,
participant_15,2,day,Town10HD_Opt,2026-03-15 15:18:48.205457,70.8547592163086,-64.43563842773438,0.0020460509695112,50.045,-4.317,0.497,0.0,0,0,1,,1.0,2026-03-15T15:18:48.205457,neutral,0.68,2026-03-15T15:18:47.316710,0.7421867283462175,2026-03-15T15:18:47.980000,58,,,
participant_15,2,day,Town10HD_Opt,2026-03-15 15:18:49.091166,62.14619445800781,-65.10042572021484,0.0020481871906667,49.863,-0.696,0.492,0.0,0,0,1,,1.0,2026-03-15T15:18:49.091166,neutral,0.68,2026-03-15T15:18:47.316710,0.7117890531139638,2026-03-15T15:18:49.060000,58,,,
participant_15,2,day,Town10HD_Opt,2026-03-15 15:18:50.328918,50.54356002807617,-65.33110046386719,0.0020500181708484,49.56,-0.108,0.486,0.0,0,0,1,,1.0,2026-03-15T15:18:50.328918,neutral,0.982,2026-03-15T15:18:50.328918,0.7477219401080605,2026-03-15T15:18:50.095000,57,,,
participant_15,2,day,Town10HD_Opt,2026-03-15 15:18:51.245225,41.89413070678711,-65.54497528076172,0.0020505141001194,49.296,-0.2,0.485,0.0,0,0,1,,1.0,2026-03-15T15:18:51.245225,neutral,0.982,2026-03-15T15:18:50.328918,0.7611423347550914,2026-03-15T15:18:50.995000,54,,,
participant_15,2,day,Town10HD_Opt,2026-03-15 15:18:52.178224,33.28886032104492,-65.69174194335938,0.0020502090919762,49.042,-0.209,0.484,0.0,0,0,1,,1.0,2026-03-15T15:18:52.178224,neutral,0.982,2026-03-15T15:18:50.328918,0.7476853154522803,2026-03-15T15:18:52.030000,58,,,
participant_15,2,day,Town10HD_Opt,2026-03-15 15:18:53.097171,24.76774787902832,-65.76266479492188,0.0020824430976063,48.012,-0.28,0.433,0.0,0,0,1,,1.0,2026-03-15T15:18:53.097171,neutral,0.984,2026-03-15T15:18:53.097171,0.7650787276208957,2026-03-15T15:18:52.975000,57,,,
participant_15,2,day,Town10HD_Opt,2026-03-15 15:18:54.271849,14.494877815246582,-65.7260971069336,0.002362098544836,37.262,-0.275,0.0,0.0,0,0,1,,1.0,2026-03-15T15:18:54.271849,neutral,0.984,2026-03-15T15:18:53.097171,0.6986354491608219,2026-03-15T15:18:54.189000,56,,,
participant_15,2,day,Town10HD_Opt,2026-03-15 15:18:55.122964,8.673579216003418,-65.64204406738281,0.002309989882633,28.786,-0.068,0.0,0.0,0,0,1,,1.0,2026-03-15T15:18:55.122964,neutral,0.957,2026-03-15T15:18:55.122964,0.6619658735039259,2026-03-15T15:18:55.135000,61,,,
participant_15,2,day,Town10HD_Opt,2026-03-15 15:18:56.348542,2.9709115028381348,-65.55498504638672,0.0022455595899373,19.936,0.233,0.099,0.0,0,0,1,,1.0,2026-03-15T15:18:56.348542,neutral,0.957,2026-03-15T15:18:55.122964,0.6226581036833218,2026-03-15T15:18:56.035000,57,,,
participant_15,2,day,Town10HD_Opt,2026-03-15 15:18:57.252875,-0.2686531841754913,-65.52167510986328,0.0018666075775399,17.627,0.242,0.161,0.0,0,0,1,,1.0,2026-03-15T15:18:57.252875,neutral,0.995,2026-03-15T15:18:57.252875,0.6427869634495889,2026-03-15T15:18:56.988000,56,,,
participant_15,2,day,Town10HD_Opt,2026-03-15 15:18:58.191965,-3.281399726867676,-65.50485229492188,0.0019070815760642,17.538,0.24,0.36,0.0,0,0,1,,1.0,2026-03-15T15:18:58.191965,neutral,0.995,2026-03-15T15:18:57.252875,0.5953258568048907,2026-03-15T15:18:57.969000,55,,,
participant_15,2,day,Town10HD_Opt,2026-03-15 15:18:59.074264,-6.429905891418457,-65.49793243408203,0.0020627593621611,18.076,0.155,0.33,0.0,0,0,1,,1.0,2026-03-15T15:18:59.074264,neutral,0.995,2026-03-15T15:18:57.252875,0.688396943103791,2026-03-15T15:18:58.960000,57,,,
participant_15,2,day,Town10HD_Opt,2026-03-15 15:19:00.282312,-10.672691345214844,-65.49989318847656,0.002023200970143,18.083,0.063,0.109,0.0,0,0,1,,1.0,2026-03-15T15:19:00.282312,neutral,0.991,2026-03-15T15:19:00.282312,0.6222452143923645,2026-03-15T15:18:59.995000,54,,,
participant_15,2,day,Town10HD_Opt,2026-03-15 15:19:01.130580,-13.668773651123049,-65.50391387939453,0.0020169448107481,15.092,-0.016,0.0,0.0,0,0,1,,1.0,2026-03-15T15:19:01.130580,neutral,0.991,2026-03-15T15:19:00.282312,0.5239888220380802,2026-03-15T15:19:01.120000,53,,,
participant_15,2,day,Town10HD_Opt,2026-03-15 15:19:02.313106,-16.672637939453125,-65.50801849365234,0.0020219420548528,10.549,0.002,0.0,0.018,0,0,1,,1.0,2026-03-15T15:19:02.313106,neutral,0.999,2026-03-15T15:19:02.313106,0.5266740281009116,2026-03-15T15:19:02.335000,56,,,
participant_15,2,day,Town10HD_Opt,2026-03-15 15:19:03.188492,-18.26116752624512,-65.51024627685547,0.0020143126603215,7.46,0.002,0.0,0.053,0,0,1,,1.0,2026-03-15T15:19:03.188492,neutral,0.999,2026-03-15T15:19:02.313106,0.5172776970531162,2026-03-15T15:19:02.967000,56,,,
participant_15,2,day,Town10HD_Opt,2026-03-15 15:19:04.308207,-19.503204345703125,-65.51204681396484,0.0023023223038762,0.229,0.002,0.0,0.0,0,0,1,,1.0,2026-03-15T15:19:04.308207,neutral,0.999,2026-03-15T15:19:02.313106,0.52445870472643,2026-03-15T15:19:03.955000,56,,,
participant_15,2,day,Town10HD_Opt,2026-03-15 15:19:05.151365,-19.54104995727539,-65.51204681396484,0.001928215031512,0.254,0.002,0.0,0.0,0,0,1,,1.0,2026-03-15T15:19:05.151365,neutral,0.993,2026-03-15T15:19:05.151365,0.5457730924163458,2026-03-15T15:19:05.125000,58,,,
participant_15,2,day,Town10HD_Opt,2026-03-15 15:19:06.327802,-19.59105491638184,-65.51204681396484,0.0019207381410524,0.177,0.002,0.0,0.0,0,0,1,,1.0,2026-03-15T15:19:06.327802,neutral,0.993,2026-03-15T15:19:05.151365,0.5616526475081197,2026-03-15T15:19:06.026000,57,,,
participant_15,2,day,Town10HD_Opt,2026-03-15 15:19:07.164389,-20.02985191345215,-65.51268768310547,0.0014955138321965,9.554,0.002,1.0,0.0,0,0,1,,1.0,2026-03-15T15:19:07.164389,neutral,0.988,2026-03-15T15:19:07.164389,0.5748198993632418,2026-03-15T15:19:07.015000,55,,,
participant_15,2,day,Town10HD_Opt,2026-03-15 15:19:08.286255,-24.41453742980957,-65.55168914794922,0.0015613173600286,29.503,0.693,1.0,0.0,0,0,1,,1.0,2026-03-15T15:19:08.286255,neutral,0.988,2026-03-15T15:19:07.164389,0.6237649021100371,2026-03-15T15:19:08.006000,54,,,
participant_15,2,day,Town10HD_Opt,2026-03-15 15:19:09.139852,-30.851730346679688,-65.7247314453125,0.0015395736554637,45.125,0.526,1.0,0.0,0,0,1,,1.0,2026-03-15T15:19:09.139852,neutral,0.988,2026-03-15T15:19:07.164389,0.6408892524656031,2026-03-15T15:19:09.265000,55,,,
participant_15,2,day,Town10HD_Opt,2026-03-15 15:19:10.329858,-42.40032196044922,-66.26886749267578,0.0021879577543586,48.879,0.08,0.994,0.0,0,0,1,,1.0,2026-03-15T15:19:10.329858,neutral,0.988,2026-03-15T15:19:10.329858,0.7378362764158409,2026-03-15T15:19:10.120000,56,,,
participant_15,2,day,Town10HD_Opt,2026-03-15 15:19:11.199775,-51.26269912719727,-66.76248168945312,0.0020346832461655,48.591,-0.221,0.986,0.0,0,0,1,,1.0,2026-03-15T15:19:11.199775,neutral,0.988,2026-03-15T15:19:10.329858,0.7288917862276529,2026-03-15T15:19:11.200000,55,,,
participant_15,2,day,Town10HD_Opt,2026-03-15 15:19:12.261809,-62.92571258544922,-67.29655456542969,0.002147254999727,48.737,-1.144,0.973,0.0,0,0,1,,1.0,2026-03-15T15:19:12.261809,neutral,0.988,2026-03-15T15:19:10.329858,0.7634682047979829,2026-03-15T15:19:12.010000,56,,,
participant_15,2,day,Town10HD_Opt,2026-03-15 15:19:13.101843,-71.69696044921875,-67.11225128173828,0.0022243116982281,48.011,-6.014,0.96,0.0,0,0,1,,1.0,2026-03-15T15:19:13.101843,neutral,0.981,2026-03-15T15:19:13.101843,0.7442343059661659,2026-03-15T15:19:13.001000,53,,,
participant_15,2,day,Town10HD_Opt,2026-03-15 15:19:14.230967,-82.97091674804688,-64.18118286132812,0.0021557998843491,49.135,-3.207,0.979,0.0,0,0,1,,1.0,2026-03-15T15:19:14.230967,neutral,0.981,2026-03-15T15:19:13.101843,0.7527726912996354,2026-03-15T15:19:14.124000,55,,,
participant_15,2,day,Town10HD_Opt,2026-03-15 15:19:15.086908,-90.92937469482422,-60.241458892822266,0.0022374724503606,48.436,-4.534,0.975,0.0,0,0,1,,1.0,2026-03-15T15:19:15.086908,neutral,0.981,2026-03-15T15:19:13.101843,0.700652919900793,2026-03-15T15:19:15.025000,54,,,
participant_15,2,day,Town10HD_Opt,2026-03-15 15:19:16.260325,-99.72068786621094,-52.73151397705078,0.0020535278599709,50.047,-6.417,0.954,0.0,0,0,1,,1.0,2026-03-15T15:19:16.260325,neutral,0.73,2026-03-15T15:19:16.260325,0.7322790164686199,2026-03-15T15:19:16.060000,55,,,
participant_15,2,day,Town10HD_Opt,2026-03-15 15:19:17.148611,-104.41162109375,-45.35624313354492,0.0020930098835378,49.116,-3.886,0.939,0.0,0,0,1,,1.0,2026-03-15T15:19:17.148611,neutral,0.73,2026-03-15T15:19:16.260325,0.7806517182822986,2026-03-15T15:19:16.959000,57,,,
participant_15,2,day,Town10HD_Opt,2026-03-15 15:19:18.313743,-108.58953094482422,-34.480037689208984,0.0018844222649931,51.649,-4.07,0.0,0.148,0,0,1,,1.0,2026-03-15T15:19:18.313743,neutral,0.736,2026-03-15T15:19:18.313743,0.6914367395127845,2026-03-15T15:19:18.042000,56,,,
participant_15,2,day,Town10HD_Opt,2026-03-15 15:19:19.267079,-110.11576080322266,-25.83438491821289,0.0019031906267628,51.468,-3.459,0.0,0.147,0,0,1,,1.0,2026-03-15T15:19:19.267079,neutral,0.736,2026-03-15T15:19:18.313743,0.7217976153986678,2026-03-15T15:19:19.120000,56,,,
participant_15,2,day,Town10HD_Opt,2026-03-15 15:19:20.206655,-110.4317626953125,-17.06549072265625,0.0018895721295848,51.801,-0.141,0.0,0.18,0,0,1,,1.0,2026-03-15T15:19:20.206655,neutral,0.736,2026-03-15T15:19:18.313743,0.7494223619037502,2026-03-15T15:19:19.975000,56,,,
participant_15,2,day,Town10HD_Opt,2026-03-15 15:19:21.127948,-110.49827575683594,-8.296730995178223,0.0019414901034906,50.77,0.761,0.0,0.103,0,0,1,,1.0,2026-03-15T15:19:21.127948,neutral,0.941,2026-03-15T15:19:21.127948,0.7087039867721651,2026-03-15T15:19:20.965000,55,,,
participant_15,2,day,Town10HD_Opt,2026-03-15 15:19:22.356335,-110.80023956298828,2.809173822402954,0.0022198485676199,43.781,-2.118,0.083,0.0,0,0,1,,1.0,2026-03-15T15:19:22.356335,neutral,0.941,2026-03-15T15:19:21.127948,0.6803837954269217,2026-03-15T15:19:22,57,,,
participant_15,2,day,Town10HD_Opt,2026-03-15 15:19:23.332995,-110.5102310180664,9.729766845703123,0.0023487852886319,34.426,-5.773,0.0,0.0,0,0,1,,1.0,2026-03-15T15:19:23.332995,neutral,0.996,2026-03-15T15:19:23.332995,0.7193637138261331,2026-03-15T15:19:23.170000,54,,,
participant_15,2,day,Town10HD_Opt,2026-03-15 15:19:24.233854,-109.3998794555664,14.968233108520508,0.002310981741175,26.718,-9.861,0.0,0.0,0,0,1,,1.0,2026-03-15T15:19:24.233854,neutral,0.996,2026-03-15T15:19:23.332995,0.6923599928955427,2026-03-15T15:19:23.983000,54,,,
participant_15,2,day,Town10HD_Opt,2026-03-15 15:19:25.116954,-107.67105102539062,18.6297607421875,0.0022671127226203,19.659,-11.318,0.0,0.0,0,0,1,,1.0,2026-03-15T15:19:25.116954,neutral,0.996,2026-03-15T15:19:23.332995,0.7286988217948598,2026-03-15T15:19:25.060000,57,,,
participant_15,2,day,Town10HD_Opt,2026-03-15 15:19:26.132761,-105.79155731201172,21.159103393554688,0.0019943618681281,18.911,-6.35,0.822,0.0,0,0,1,,1.0,2026-03-15T15:19:26.132761,neutral,0.78,2026-03-15T15:19:26.132761,0.7061944595884194,2026-03-15T15:19:26.050000,55,,,
participant_15,2,day,Town10HD_Opt,2026-03-15 15:19:27.104393,-103.20694732666016,23.95134162902832,0.0018148040398955,25.631,-6.509,0.355,0.0,0,0,1,,1.0,2026-03-15T15:19:27.104393,neutral,0.78,2026-03-15T15:19:26.132761,0.6296880629092432,2026-03-15T15:19:27.041000,56,,,
participant_15,2,day,Town10HD_Opt,2026-03-15 15:19:28.376998,-98.58800506591795,27.1010971069336,0.002261581365019,20.228,-18.274,0.0,0.048,0,0,1,,1.0,2026-03-15T15:19:28.376998,neutral,0.95,2026-03-15T15:19:28.376998,0.6718640582669237,2026-03-15T15:19:27.986000,54,,,
participant_15,2,day,Town10HD_Opt,2026-03-15 15:19:29.088101,-96.68315887451172,27.67273330688477,0.0023987197782844,8.671,-12.92,0.0,0.12,0,0,1,,1.0,2026-03-15T15:19:29.088101,neutral,0.95,2026-03-15T15:19:28.376998,0.7031682424781923,2026-03-15T15:19:28.975000,54,,,
participant_15,2,day,Town10HD_Opt,2026-03-15 15:19:30.099532,-96.39871978759766,27.73311996459961,0.0020159911364316,0.024,-6.609,0.0,0.0,0,0,1,,1.0,2026-03-15T15:19:30.099532,neutral,0.95,2026-03-15T15:19:28.376998,0.7358629799880574,2026-03-15T15:19:30.055000,55,,,
participant_15,2,day,Town10HD_Opt,2026-03-15 15:19:31.346032,-96.39815521240234,27.73320960998535,0.001918182359077,0.138,-9.842,0.136,0.0,0,0,1,,1.0,2026-03-15T15:19:31.346032,neutral,0.957,2026-03-15T15:19:31.346032,0.7253672181168138,2026-03-15T15:19:31.045000,56,,,
participant_15,2,day,Town10HD_Opt,2026-03-15 15:19:32.321370,-96.33077239990234,27.7409896850586,0.0018422699067741,1.752,-11.827,0.293,0.0,0,0,1,,1.0,2026-03-15T15:19:32.321370,neutral,0.957,2026-03-15T15:19:31.346032,0.7302561721850703,2026-03-15T15:19:31.993000,57,,,
participant_15,2,day,Town10HD_Opt,2026-03-15 15:19:33.293559,-95.8106918334961,27.78276824951172,0.0018621062627062,3.992,-14.692,0.178,0.0,0,0,1,,1.0,2026-03-15T15:19:33.293559,neutral,0.957,2026-03-15T15:19:31.346032,0.687026676487634,2026-03-15T15:19:33.026000,58,,,
participant_15,2,day,Town10HD_Opt,2026-03-15 15:19:34.225588,-95.0433578491211,27.804298400878903,0.0019198226509615,4.377,-10.571,0.0,0.0,0,0,1,,1.0,2026-03-15T15:19:34.225588,neutral,0.953,2026-03-15T15:19:34.225588,0.6679292368962669,2026-03-15T15:19:33.970000,58,,,
participant_15,2,day,Town10HD_Opt,2026-03-15 15:19:35.173801,-94.361083984375,27.83086585998535,0.00194980611559,3.375,-1.657,0.0,0.0,0,0,1,,1.0,2026-03-15T15:19:35.173801,neutral,0.953,2026-03-15T15:19:34.225588,0.670539065505882,2026-03-15T15:19:34.960000,58,,,
participant_15,2,day,Town10HD_Opt,2026-03-15 15:19:36.130243,-93.83670806884766,27.8572940826416,0.0019438933813944,2.59,-4.162,0.0,0.0,0,0,1,,1.0,2026-03-15T15:19:36.130243,neutral,0.953,2026-03-15T15:19:34.225588,0.6654384741648662,2026-03-15T15:19:35.995000,57,,,
participant_15,2,day,Town10HD_Opt,2026-03-15 15:19:37.352559,-93.32176208496094,27.873544692993164,0.0019364166073501,1.821,-4.001,0.0,0.0,0,0,1,,1.0,2026-03-15T15:19:37.352559,neutral,1.0,2026-03-15T15:19:37.352559,0.7812066293093385,2026-03-15T15:19:37.075000,58,,,
participant_15,2,day,Town10HD_Opt,2026-03-15 15:19:38.318115,-93.03865814208984,27.88001251220703,0.0019324492895975,1.398,-4.011,0.0,0.0,0,0,1,,1.0,2026-03-15T15:19:38.318115,neutral,1.0,2026-03-15T15:19:37.352559,0.7668128455446721,2026-03-15T15:19:38.156000,60,,,
participant_15,2,day,Town10HD_Opt,2026-03-15 15:19:39.352159,-92.8213882446289,27.883695602416992,0.0019293593941256,1.073,-3.943,0.0,0.0,0,0,1,,1.0,2026-03-15T15:19:39.352159,neutral,1.0,2026-03-15T15:19:37.352559,0.6457739204092483,2026-03-15T15:19:39.011000,59,,,
participant_15,2,day,Town10HD_Opt,2026-03-15 15:19:40.326178,-92.65528869628906,27.8867301940918,0.0019308852497488,0.717,-2.642,0.103,0.0,0,0,1,,1.0,2026-03-15T15:19:40.326178,neutral,0.994,2026-03-15T15:19:40.326178,0.7099068950187688,2026-03-15T15:19:40.092000,59,,,
participant_15,2,day,Town10HD_Opt,2026-03-15 15:19:41.338683,-92.1551742553711,27.89859962463379,0.0015985870268195,8.345,-0.98,0.856,0.0,0,0,1,,1.0,2026-03-15T15:19:41.338683,neutral,0.994,2026-03-15T15:19:40.326178,0.6866037612684426,2026-03-15T15:19:40.990000,58,,,
participant_15,2,day,Town10HD_Opt,2026-03-15 15:19:42.357100,-89.66814422607422,27.95488739013672,0.0018820952391251,18.368,-1.008,0.412,0.0,0,0,1,,1.0,2026-03-15T15:19:42.357100,neutral,0.962,2026-03-15T15:19:42.357100,0.6796545014121441,2026-03-15T15:19:42.120000,59,,,
participant_15,2,day,Town10HD_Opt,2026-03-15 15:19:43.304637,-86.47209930419922,27.97361183166504,0.0018561935285106,17.469,-1.295,0.0,0.0,0,0,1,,1.0,2026-03-15T15:19:43.304637,neutral,0.962,2026-03-15T15:19:42.357100,0.7143612247792738,2026-03-15T15:19:43.106000,57,,,
participant_15,2,day,Town10HD_Opt,2026-03-15 15:19:44.236510,-83.737548828125,27.9432315826416,0.0020410155411809,13.488,0.188,0.0,0.0,0,0,1,,1.0,2026-03-15T15:19:44.236510,neutral,0.962,2026-03-15T15:19:42.357100,0.6678108558251103,2026-03-15T15:19:44.275000,60,,,
participant_15,2,day,Town10HD_Opt,2026-03-15 15:19:45.229347,-81.63555908203125,27.93996238708496,0.0020180509891361,10.362,1.034,0.0,0.0,0,0,1,,1.0,2026-03-15T15:19:45.229347,neutral,0.998,2026-03-15T15:19:45.229347,0.6677017005273082,2026-03-15T15:19:45.039000,60,,,
participant_15,2,day,Town10HD_Opt,2026-03-15 15:19:46.188158,-80.02142333984375,27.95696258544922,0.0019953155424445,7.956,1.022,0.0,0.0,0,0,1,,1.0,2026-03-15T15:19:46.188158,neutral,0.998,2026-03-15T15:19:45.229347,0.7066981425904671,2026-03-15T15:19:46.120000,58,,,
participant_15,2,day,Town10HD_Opt,2026-03-15 15:19:47.158013,-78.7822494506836,27.97962188720703,0.0019776534754782,6.108,0.888,0.0,0.0,0,0,1,,1.0,2026-03-15T15:19:47.158013,neutral,0.998,2026-03-15T15:19:45.229347,0.7423525868341498,2026-03-15T15:19:47.200000,58,,,
participant_15,2,day,Town10HD_Opt,2026-03-15 15:19:48.078781,-78.16515350341797,27.99277305603028,0.0021456908434629,0.0,0.893,0.0,0.016,0,0,1,,1.0,2026-03-15T15:19:48.078781,neutral,0.996,2026-03-15T15:19:48.078781,0.774734387353503,2026-03-15T15:19:48.416000,60,,,
participant_15,2,day,Town10HD_Opt,2026-03-15 15:19:49.314144,-78.16398620605469,27.99280548095703,0.001922111492604,0.004,0.898,0.0,0.0,0,0,1,,1.0,2026-03-15T15:19:49.314144,neutral,0.996,2026-03-15T15:19:48.078781,0.7190520592644206,2026-03-15T15:19:49,59,,,
participant_15,2,day,Town10HD_Opt,2026-03-15 15:19:50.305500,-78.16368103027344,27.992807388305664,0.001919288537465,0.001,0.592,0.0,0.0,0,0,1,,1.0,2026-03-15T15:19:50.305500,neutral,0.998,2026-03-15T15:19:50.305500,0.6693085872165587,2026-03-15T15:19:50.007000,59,,,
participant_15,2,day,Town10HD_Opt,2026-03-15 15:19:51.216009,-78.16364288330078,27.992807388305664,0.0019188689766451,0.006,0.583,0.0,0.0,0,0,1,,1.0,2026-03-15T15:19:51.216009,neutral,0.998,2026-03-15T15:19:50.305500,0.7441364932968256,2026-03-15T15:19:50.981000,58,,,
participant_15,2,day,Town10HD_Opt,2026-03-15 15:19:52.101663,-78.16368103027344,27.992807388305664,0.001918678288348,0.006,0.583,0.0,0.0,0,0,1,,1.0,2026-03-15T15:19:52.101663,neutral,0.998,2026-03-15T15:19:50.305500,0.7106006695943053,2026-03-15T15:19:52.016000,57,,,
participant_15,2,day,Town10HD_Opt,2026-03-15 15:19:53.065890,-78.16358947753906,27.992807388305664,0.0019189834129065,0.002,0.583,0.0,0.0,0,0,1,,1.0,2026-03-15T15:19:53.065890,neutral,0.995,2026-03-15T15:19:53.065890,0.7334034373988589,2026-03-15T15:19:52.961000,56,,,
participant_15,3,day,Town10HD_Opt,2026-03-15 15:30:00.000000,-41.66858673095703,89.7454833984375,0.580491840839386,19.479,0.945,0.498,0.0,0,0,1,,1.0,2026-03-15T15:30:00,,,2026-03-15T15:30:00,0.5305670557131317,2026-03-15T15:30:00,53,,,
participant_15,3,day,Town10HD_Opt,2026-03-15 15:30:04.556365,-41.69210815429688,84.68925476074219,0.0019663241691887,19.859,1.434,0.498,0.0,0,0,1,,0.896,2026-03-15T15:30:04.556365,,,2026-03-15T15:30:04.556365,0.6281935266609886,,51,,,
participant_15,3,day,Town10HD_Opt,2026-03-15 15:30:05.213923,-41.62057876586914,82.25509643554688,0.0019235233776271,22.377,4.473,0.523,0.0,0,0,1,,0.931,2026-03-15T15:30:05.213923,,,2026-03-15T15:30:04.556365,0.6332553039335006,2026-03-15T15:30:04.996000,51,,,
participant_15,3,day,Town10HD_Opt,2026-03-15 15:30:06.272147,-41.00567626953125,78.08563232421875,0.0019285206217318,26.257,12.68,0.523,0.0,0,0,1,,0.839,2026-03-15T15:30:06.272147,,,2026-03-15T15:30:04.556365,0.5777052722680477,2026-03-15T15:30:06.031000,52,,,
participant_15,3,day,Town10HD_Opt,2026-03-15 15:30:06.988639,-39.84243774414063,75.14991760253906,0.0019607164431363,28.408,17.448,0.507,0.0,0,0,1,,0.875,2026-03-15T15:30:06.988639,happy,0.641,2026-03-15T15:30:06.988639,0.6388315604504169,2026-03-15T15:30:06.975000,53,,,
participant_15,3,day,Town10HD_Opt,2026-03-15 15:30:08.028204,-36.43779373168945,71.36238098144531,0.0020423887763172,30.178,21.066,0.229,0.0,0,0,1,,0.909,2026-03-15T15:30:08.028204,happy,0.641,2026-03-15T15:30:06.988639,0.6674344630739448,2026-03-15T15:30:07.965000,52,,,
participant_15,3,day,Town10HD_Opt,2026-03-15 15:30:09.023183,-31.97286796569824,69.71484375,0.0022974386811256,23.924,13.071,0.007,0.0,0,0,1,,0.886,2026-03-15T15:30:09.023183,neutral,0.754,2026-03-15T15:30:09.023183,0.6256744415083755,2026-03-15T15:30:09.001000,53,,,
participant_15,3,day,Town10HD_Opt,2026-03-15 15:30:10.029450,-28.131872177124023,69.48541259765625,0.0020796202588826,21.617,3.346,0.562,0.0,0,0,1,,1.0,2026-03-15T15:30:10.029450,neutral,0.754,2026-03-15T15:30:09.023183,0.707338941777917,2026-03-15T15:30:09.991000,53,,,
participant_15,3,day,Town10HD_Opt,2026-03-15 15:30:11.001731,-24.020187377929688,69.49532318115234,0.0019007114460691,25.989,1.083,0.543,0.0,0,0,1,,0.841,2026-03-15T15:30:11.001731,neutral,0.754,2026-03-15T15:30:09.023183,0.666145676597611,2026-03-15T15:30:10.980000,56,,,
participant_15,3,day,Town10HD_Opt,2026-03-15 15:30:12.236099,-17.374366760253906,69.6451187133789,0.0019244388677179,31.148,-0.026,0.521,0.0,0,0,1,,1.0,2026-03-15T15:30:12.236099,neutral,0.626,2026-03-15T15:30:12.236099,0.6208865238493578,2026-03-15T15:30:11.970000,60,,,
participant_15,3,day,Town10HD_Opt,2026-03-15 15:30:13.167121,-11.78439998626709,69.7906494140625,0.002047958318144,31.881,-0.2,0.318,0.0,0,0,1,,0.828,2026-03-15T15:30:13.167121,neutral,0.626,2026-03-15T15:30:12.236099,0.6574216671510275,2026-03-15T15:30:13.005000,60,,,
participant_15,3,day,Town10HD_Opt,2026-03-15 15:30:14.173638,-6.358992099761963,69.90387725830078,0.0021210857667028,29.668,-0.045,0.214,0.0,0,0,1,,0.912,2026-03-15T15:30:14.173638,neutral,0.626,2026-03-15T15:30:12.236099,0.6588148882136527,2026-03-15T15:30:13.998000,62,,,
participant_15,3,day,Town10HD_Opt,2026-03-15 15:30:15.098656,-1.4475032091140747,69.996337890625,0.0021596902515739,26.009,-0.341,0.254,0.0,0,0,1,,0.897,2026-03-15T15:30:15.098656,neutral,0.685,2026-03-15T15:30:15.098656,0.6750846985563469,2026-03-15T15:30:14.986000,63,,,
participant_15,3,day,Town10HD_Opt,2026-03-15 15:30:16.072680,2.9395172595977783,70.04229736328125,0.0021123883780092,23.957,-0.515,0.264,0.0,0,0,1,,0.895,2026-03-15T15:30:16.072680,neutral,0.685,2026-03-15T15:30:15.098656,0.6373735716315413,2026-03-15T15:30:15.976000,62,,,
participant_15,3,day,Town10HD_Opt,2026-03-15 15:30:17.070297,6.995176792144775,70.04603576660156,0.0020938871894031,22.357,0.197,0.255,0.0,0,0,1,,1.0,2026-03-15T15:30:17.070297,neutral,0.685,2026-03-15T15:30:15.098656,0.6629520346385734,2026-03-15T15:30:16.966000,63,,,
participant_15,3,day,Town10HD_Opt,2026-03-15 15:30:18.031271,10.721563339233398,70.0591049194336,0.0021439739502966,19.567,0.228,0.0,0.0,0,0,1,,0.865,2026-03-15T15:30:18.031271,neutral,0.937,2026-03-15T15:30:18.031271,0.6181902641499329,2026-03-15T15:30:18,62,,,
participant_15,3,day,Town10HD_Opt,2026-03-15 15:30:19.032156,13.808796882629396,70.07781219482422,0.0019962687510997,15.738,0.068,0.067,0.0,0,0,1,,0.881,2026-03-15T15:30:19.032156,neutral,0.937,2026-03-15T15:30:18.031271,0.6216545295699241,2026-03-15T15:30:18.991000,63,,,
participant_15,3,day,Town10HD_Opt,2026-03-15 15:30:20.025333,16.344589233398438,70.09612274169922,0.0020029065199196,13.087,0.099,0.067,0.0,0,0,1,,0.892,2026-03-15T15:30:20.025333,neutral,0.937,2026-03-15T15:30:18.031271,0.6726332703302753,2026-03-15T15:30:19.981000,65,,,
participant_15,3,day,Town10HD_Opt,2026-03-15 15:30:21.003423,18.46075820922852,70.11309051513672,0.0019866176880896,10.966,0.042,0.066,0.0,0,0,1,,0.962,2026-03-15T15:30:21.003423,neutral,0.821,2026-03-15T15:30:21.003423,0.6114133556635449,2026-03-15T15:30:20.971000,63,,,
participant_15,3,day,Town10HD_Opt,2026-03-15 15:30:21.992582,20.23729133605957,70.12801361083984,0.0019747540354728,9.223,0.042,0.066,0.0,0,0,1,,0.936,2026-03-15T15:30:21.992582,neutral,0.821,2026-03-15T15:30:21.003423,0.6561252391490137,,58,,,
participant_15,3,day,Town10HD_Opt,2026-03-15 15:30:23.255783,22.194204330444336,70.14530944824219,0.0019496915629133,7.65,0.04,0.056,0.0,0,0,1,,0.893,2026-03-15T15:30:23.255783,neutral,0.919,2026-03-15T15:30:23.255783,0.7637453840674764,2026-03-15T15:30:22.995000,58,,,
participant_15,3,day,Town10HD_Opt,2026-03-15 15:30:24.242579,23.432716369628903,70.15670776367188,0.0019607541617006,6.373,0.04,0.059,0.0,0,0,1,,0.912,2026-03-15T15:30:24.242579,neutral,0.919,2026-03-15T15:30:23.255783,0.6933568986151116,2026-03-15T15:30:23.985000,58,,,
participant_15,3,day,Town10HD_Opt,2026-03-15 15:30:25.157509,24.456445693969727,70.16641235351562,0.0019548796117305,5.251,0.04,0.059,0.0,0,0,1,,0.954,2026-03-15T15:30:25.157509,neutral,0.919,2026-03-15T15:30:23.255783,0.6876839296448234,2026-03-15T15:30:24.977000,58,,,
participant_15,3,day,Town10HD_Opt,2026-03-15 15:30:26.088267,25.30670166015625,70.17494201660156,0.0059204897843301,4.578,0.04,0.0,0.0,0,0,1,,0.925,2026-03-15T15:30:26.088267,neutral,0.833,2026-03-15T15:30:26.088267,0.7212582565330432,2026-03-15T15:30:26.010000,58,Solid line crossing,Solid line crossing,
participant_15,3,day,Town10HD_Opt,2026-03-15 15:30:27.022908,25.67823028564453,70.17906188964844,0.0018716807244345,0.004,0.04,0.0,0.076,0,0,1,,0.918,2026-03-15T15:30:27.022908,neutral,0.833,2026-03-15T15:30:26.088267,0.621268334696687,2026-03-15T15:30:27.001000,59,,,
participant_15,3,day,Town10HD_Opt,2026-03-15 15:30:28.211095,26.066650390625,70.1833267211914,0.0016047679819166,7.535,0.002,0.727,0.0,0,0,1,,0.962,2026-03-15T15:30:28.211095,neutral,0.895,2026-03-15T15:30:28.211095,0.659279274979239,2026-03-15T15:30:27.990000,58,,,
participant_15,3,day,Town10HD_Opt,2026-03-15 15:30:29.228408,28.084482192993164,70.17721557617188,0.001764221698977,14.112,-4.572,0.285,0.0,0,0,1,,0.952,2026-03-15T15:30:29.228408,neutral,0.895,2026-03-15T15:30:28.211095,0.6888428964485195,2026-03-15T15:30:28.981000,59,,,errors=Stop sign violation
participant_15,3,day,Town10HD_Opt,2026-03-15 15:30:30.143402,30.63481330871582,69.90837860107422,0.0018111802637577,15.355,-9.502,0.286,0.0,0,0,1,,0.947,2026-03-15T15:30:30.143402,neutral,0.895,2026-03-15T15:30:28.211095,0.5795527374201649,2026-03-15T15:30:29.971000,57,,,
participant_15,3,day,Town10HD_Opt,2026-03-15 15:30:31.074672,33.31390380859375,69.2465591430664,0.0019025038927793,16.145,-10.814,0.24,0.0,0,0,1,,0.902,2026-03-15T15:30:31.074672,happy,0.911,2026-03-15T15:30:31.074672,0.650771748768997,,56,,,
participant_15,3,day,Town10HD_Opt,2026-03-15 15:30:32.018075,35.8979377746582,68.11282348632812,0.0019260406261309,16.217,-12.83,0.239,0.0,0,0,1,,0.921,2026-03-15T15:30:32.018075,happy,0.911,2026-03-15T15:30:31.074672,0.625618499098094,2026-03-15T15:30:31.996000,55,,,
participant_15,3,day,Town10HD_Opt,2026-03-15 15:30:33.017303,38.24033737182617,66.5172119140625,0.0019257353851571,16.284,-12.226,0.24,0.0,0,0,1,,0.914,2026-03-15T15:30:33.017303,happy,0.911,2026-03-15T15:30:31.074672,0.672774156567346,2026-03-15T15:30:32.986000,54,,,
participant_15,3,day,Town10HD_Opt,2026-03-15 15:30:34.257254,41.02660369873047,63.78072738647461,0.0019738771952688,18.586,-11.421,0.51,0.0,0,0,1,,0.925,2026-03-15T15:30:34.257254,neutral,0.727,2026-03-15T15:30:34.257254,0.6507154899455387,2026-03-15T15:30:34.022000,53,,,
participant_15,3,day,Town10HD_Opt,2026-03-15 15:30:35.244301,42.90620422363281,60.97454452514648,0.0019210819154977,21.142,-12.284,0.496,0.0,0,0,1,,0.923,2026-03-15T15:30:35.244301,neutral,0.727,2026-03-15T15:30:34.257254,0.7317293328974994,2026-03-15T15:30:34.966000,58,,,
participant_15,3,day,Town10HD_Opt,2026-03-15 15:30:36.177870,44.33528900146485,57.28743362426758,0.0019484712975099,24.51,-12.207,0.475,0.0,0,0,1,,0.961,2026-03-15T15:30:36.177870,neutral,0.727,2026-03-15T15:30:34.257254,0.6523085171206647,2026-03-15T15:30:36.001000,58,,,
participant_15,3,day,Town10HD_Opt,2026-03-15 15:30:37.112733,44.8818359375,52.99919891357422,0.0020882794633507,24.282,-8.129,0.342,0.0,0,0,1,,0.981,2026-03-15T15:30:37.112733,neutral,0.699,2026-03-15T15:30:37.112733,0.7215735958086668,2026-03-15T15:30:36.991000,55,,,
participant_15,3,day,Town10HD_Opt,2026-03-15 15:30:38.062122,44.73675537109375,48.74346923828125,0.0020316315349191,24.66,-3.888,0.365,0.0,0,0,1,,0.937,2026-03-15T15:30:38.062122,neutral,0.699,2026-03-15T15:30:37.112733,0.7323955359412322,2026-03-15T15:30:37.981000,56,,,
participant_15,3,day,Town10HD_Opt,2026-03-15 15:30:39.057333,44.25237655639648,44.60296249389648,0.0021899407729506,21.749,-1.756,0.0,0.0,0,0,1,,0.871,2026-03-15T15:30:39.057333,neutral,0.699,2026-03-15T15:30:37.112733,0.6763225889853042,2026-03-15T15:30:38.971000,58,,,
participant_15,3,day,Town10HD_Opt,2026-03-15 15:30:40.007159,43.96416091918945,41.25164413452149,0.0020773694850504,18.331,10.132,0.513,0.0,0,0,1,,0.916,2026-03-15T15:30:40.007159,neutral,0.682,2026-03-15T15:30:40.007159,0.6430430076891875,,56,,,
participant_15,3,day,Town10HD_Opt,2026-03-15 15:30:41.248722,44.64871597290039,36.25835037231445,0.0017339716432616,28.232,10.829,0.691,0.0,0,0,1,,0.936,2026-03-15T15:30:41.248722,neutral,0.682,2026-03-15T15:30:40.007159,0.6090586040775272,2026-03-15T15:30:40.996000,53,,,
participant_15,3,day,Town10HD_Opt,2026-03-15 15:30:42.190453,46.93874740600586,31.37132453918457,0.001958237029612,33.014,20.203,0.503,0.0,0,0,1,,0.892,2026-03-15T15:30:42.190453,neutral,0.494,2026-03-15T15:30:42.190453,0.7473145699112472,2026-03-15T15:30:41.986000,54,,,
participant_15,3,day,Town10HD_Opt,2026-03-15 15:30:43.134565,51.59368896484375,27.88703727722168,0.0020422362722456,34.54,16.957,0.419,0.0,0,0,1,,0.908,2026-03-15T15:30:43.134565,neutral,0.494,2026-03-15T15:30:42.190453,0.7059361230419171,2026-03-15T15:30:42.976000,52,,,
participant_15,3,day,Town10HD_Opt,2026-03-15 15:30:44.097896,57.39482879638672,26.499229431152344,0.0021314998157322,32.923,2.972,0.2,0.0,0,0,1,,0.881,2026-03-15T15:30:44.097896,neutral,0.494,2026-03-15T15:30:42.190453,0.6773881498230885,2026-03-15T15:30:43.966000,52,,,
participant_15,3,day,Town10HD_Opt,2026-03-15 15:30:45.020794,62.75966644287109,25.826772689819336,0.0022083276417106,27.499,-0.063,0.0,0.0,0,0,1,,0.965,2026-03-15T15:30:45.020794,sad,0.32,2026-03-15T15:30:45.020794,0.6055904544753049,2026-03-15T15:30:45.001000,55,,,
participant_15,3,day,Town10HD_Opt,2026-03-15 15:30:46.204369,68.25377655029297,25.31534576416016,0.0022480764891952,19.152,3.82,0.0,0.0,0,0,1,,0.955,2026-03-15T15:30:46.204369,sad,0.32,2026-03-15T15:30:45.020794,0.706689429001506,2026-03-15T15:30:46.036000,55,,,
participant_15,3,day,Town10HD_Opt,2026-03-15 15:30:47.084169,71.24223327636719,25.23892593383789,0.0020334620494395,14.846,0.139,0.011,0.0,0,0,1,,1.0,2026-03-15T15:30:47.084169,neutral,0.9,2026-03-15T15:30:47.084169,0.6382882225052043,2026-03-15T15:30:46.981000,57,,,
participant_15,3,day,Town10HD_Opt,2026-03-15 15:30:48.259339,74.2171401977539,25.167490005493164,0.0020170209463685,10.565,0.888,0.011,0.0,0,0,1,,0.835,2026-03-15T15:30:48.259339,neutral,0.9,2026-03-15T15:30:47.084169,0.635652134590897,2026-03-15T15:30:47.971000,57,,,
participant_15,3,day,Town10HD_Opt,2026-03-15 15:30:49.164129,75.8602294921875,25.140743255615234,0.0019994731992483,8.047,0.035,0.011,0.0,0,0,1,,0.903,2026-03-15T15:30:49.164129,neutral,0.946,2026-03-15T15:30:49.164129,0.7172099166911038,,56,,,
participant_15,3,day,Town10HD_Opt,2026-03-15 15:30:50.019036,77.09668731689453,25.1210880279541,0.0019863124471157,5.94,0.529,0.012,0.0,0,0,1,,0.956,2026-03-15T15:30:50.019036,neutral,0.946,2026-03-15T15:30:49.164129,0.6356089292888962,2026-03-15T15:30:49.996000,57,,,
participant_15,3,day,Town10HD_Opt,2026-03-15 15:30:51.129372,78.23359680175781,25.11000633239746,0.0019415662391111,4.146,0.637,0.0,0.0,0,0,1,,0.915,2026-03-15T15:30:51.129372,neutral,0.946,2026-03-15T15:30:49.164129,0.6656570338271449,2026-03-15T15:30:50.986000,61,Solid line crossing,Solid line crossing,
participant_15,3,day,Town10HD_Opt,2026-03-15 15:30:52.018302,78.88561248779297,25.10610008239746,0.0019487760728225,3.222,0.764,0.0,0.0,0,0,1,,0.881,2026-03-15T15:30:52.018302,sad,0.539,2026-03-15T15:30:52.018302,0.5563052866634187,2026-03-15T15:30:51.976000,61,,,
participant_15,3,day,Town10HD_Opt,2026-03-15 15:30:53.150864,79.52737426757812,25.10445976257324,0.0019408796215429,2.265,0.764,0.0,0.0,0,0,1,,0.9,2026-03-15T15:30:53.150864,sad,0.539,2026-03-15T15:30:52.018302,0.5892917351976574,2026-03-15T15:30:53.011000,61,,,
participant_15,3,day,Town10HD_Opt,2026-03-15 15:30:53.997468,79.68414306640625,25.104232788085938,0.0019604489207267,0.0,0.75,0.0,0.04,0,0,1,,0.92,2026-03-15T15:30:53.997468,sad,0.539,2026-03-15T15:30:52.018302,0.5608615742979831,2026-03-15T15:30:54.001000,62,,,
participant_15,3,day,Town10HD_Opt,2026-03-15 15:30:55.217421,79.68492889404297,25.104232788085938,0.0019194030901417,0.0,0.757,0.0,0.0,0,0,1,,0.925,2026-03-15T15:30:55.217421,neutral,0.896,2026-03-15T15:30:55.217421,0.5478327883169503,2026-03-15T15:30:55.036000,62,,,
participant_15,3,day,Town10HD_Opt,2026-03-15 15:30:56.095863,79.6849136352539,25.104232788085938,0.0019188307924196,0.006,0.757,0.0,0.0,0,0,1,,0.923,2026-03-15T15:30:56.095863,neutral,0.896,2026-03-15T15:30:55.217421,0.5392746469121033,2026-03-15T15:30:56.028000,60,,,
participant_15,3,day,Town10HD_Opt,2026-03-15 15:30:57.251035,79.68504333496094,25.104232788085938,0.0019188307924196,0.006,0.757,0.0,0.0,0,0,1,,1.0,2026-03-15T15:30:57.251035,neutral,0.885,2026-03-15T15:30:57.251035,0.5269305830975505,2026-03-15T15:30:56.972000,59,,,
participant_15,3,day,Town10HD_Opt,2026-03-15 15:30:58.167314,79.68500518798828,25.104232788085938,0.0019187927246093,0.007,0.757,0.0,0.0,0,0,1,,0.902,2026-03-15T15:30:58.167314,neutral,0.885,2026-03-15T15:30:57.251035,0.4848800786893971,,57,,,
participant_15,3,day,Town10HD_Opt,2026-03-15 15:30:59.053095,79.6851577758789,25.104232788085938,0.001919021597132,0.002,0.757,0.0,0.0,0,0,1,,0.897,2026-03-15T15:30:59.053095,neutral,0.885,2026-03-15T15:30:57.251035,0.4491758262211562,2026-03-15T15:30:58.997000,57,,,
participant_15,3,day,Town10HD_Opt,2026-03-15 15:31:00.166873,79.68526458740234,25.104232788085938,0.001919021597132,0.002,0.757,0.0,0.0,0,0,1,,0.879,2026-03-15T15:31:00.166873,neutral,0.943,2026-03-15T15:31:00.166873,0.4173419773982149,2026-03-15T15:30:59.986000,57,,,
participant_15,3,day,Town10HD_Opt,2026-03-15 15:31:01.046891,79.68549346923828,25.104232788085938,0.0019192122854292,0.001,0.757,0.0,0.0,0,0,1,,0.871,2026-03-15T15:31:01.046891,neutral,0.943,2026-03-15T15:31:00.166873,0.4390169572413008,2026-03-15T15:31:01.021000,55,,,
participant_15,3,day,Town10HD_Opt,2026-03-15 15:31:02.216437,79.68476104736328,25.104232788085938,0.001915359403938,0.204,0.757,0.402,0.0,0,0,1,,0.907,2026-03-15T15:31:02.216437,sad,0.574,2026-03-15T15:31:02.216437,0.4303507497188545,2026-03-15T15:31:02.011000,57,,,
participant_15,3,day,Town10HD_Opt,2026-03-15 15:31:03.137644,80.32420349121094,25.10478782653809,0.0016022121999412,9.128,0.75,0.724,0.0,0,0,1,,0.827,2026-03-15T15:31:03.137644,sad,0.574,2026-03-15T15:31:02.216437,0.368067718170452,2026-03-15T15:31:03.001000,58,,,
participant_15,3,day,Town10HD_Opt,2026-03-15 15:31:04.030188,82.79351043701172,25.119409561157227,0.0017905820859596,19.439,0.242,0.896,0.0,0,0,1,,0.893,2026-03-15T15:31:04.030188,sad,0.574,2026-03-15T15:31:02.216437,0.469841938642678,2026-03-15T15:31:03.992000,56,,,
participant_15,3,day,Town10HD_Opt,2026-03-15 15:31:05.181408,88.98787689208984,25.131086349487305,0.0016129700234159,35.684,-5.534,0.75,0.0,0,0,1,,0.833,2026-03-15T15:31:05.181408,neutral,0.681,2026-03-15T15:31:05.181408,0.2603961942056208,2026-03-15T15:31:04.981000,55,,,
participant_15,3,day,Town10HD_Opt,2026-03-15 15:31:06.123567,95.51789093017578,23.962047576904297,0.001989250537008,39.125,-12.171,0.47,0.0,0,0,1,,0.917,2026-03-15T15:31:06.123567,neutral,0.681,2026-03-15T15:31:05.181408,0.3992269597109729,2026-03-15T15:31:05.972000,57,,,
participant_15,3,day,Town10HD_Opt,2026-03-15 15:31:07.224767,102.87320709228516,18.78555679321289,0.0020869825966656,38.574,-11.916,0.362,0.0,0,0,1,,0.896,2026-03-15T15:31:07.224767,neutral,0.715,2026-03-15T15:31:07.224767,0.3168447107117895,,54,,,
participant_15,3,day,Town10HD_Opt,2026-03-15 15:31:08.046859,106.09390258789062,13.079447746276855,0.0021276851184666,36.563,-10.434,0.379,0.0,0,0,1,,0.913,2026-03-15T15:31:08.046859,neutral,0.715,2026-03-15T15:31:07.224767,0.434572223361844,2026-03-15T15:31:07.997000,56,,,
participant_15,3,day,Town10HD_Opt,2026-03-15 15:31:09.197839,107.57406616210938,4.815544128417969,0.002055702265352,35.884,-2.624,0.408,0.0,0,0,1,,0.886,2026-03-15T15:31:09.197839,neutral,0.715,2026-03-15T15:31:07.224767,0.473294040581462,2026-03-15T15:31:08.987000,55,,,
participant_15,3,day,Town10HD_Opt,2026-03-15 15:31:10.061017,107.83363342285156,-1.4474178552627563,0.0020486449357122,35.712,-0.275,0.41,0.0,0,0,1,,0.925,2026-03-15T15:31:10.061017,neutral,0.816,2026-03-15T15:31:10.061017,0.4293402479533301,2026-03-15T15:31:09.976000,57,,,
participant_15,3,day,Town10HD_Opt,2026-03-15 15:31:11.191750,107.99604034423828,-9.781139373779297,0.0020371244754642,35.815,-0.952,0.425,0.0,0,0,1,,0.905,2026-03-15T15:31:11.191750,neutral,0.816,2026-03-15T15:31:10.061017,0.4872382990787046,2026-03-15T15:31:11.012000,59,,,
participant_15,3,day,Town10HD_Opt,2026-03-15 15:31:12.024399,107.92088317871094,-16.06812286376953,0.00203632353805,36.039,-1.518,0.425,0.0,0,0,1,,0.906,2026-03-15T15:31:12.024399,neutral,0.816,2026-03-15T15:31:10.061017,0.4271929000908406,2026-03-15T15:31:12.001000,60,,,
participant_15,3,day,Town10HD_Opt,2026-03-15 15:31:13.159858,107.27996063232422,-24.472675323486328,0.0020396041218191,36.234,-3.467,0.425,0.0,0,0,1,,0.878,2026-03-15T15:31:13.159858,neutral,0.697,2026-03-15T15:31:13.159858,0.4868590093532059,2026-03-15T15:31:12.991000,61,,,
participant_15,3,day,Town10HD_Opt,2026-03-15 15:31:14.077165,106.06153869628906,-30.704545974731445,0.0020406723488122,36.359,-3.149,0.425,0.0,0,0,1,,0.88,2026-03-15T15:31:14.077165,neutral,0.697,2026-03-15T15:31:13.159858,0.3986755183055407,2026-03-15T15:31:13.981000,59,,,
participant_15,3,day,Town10HD_Opt,2026-03-15 15:31:15.221632,103.42292785644533,-38.7774772644043,0.0020433806348592,36.475,-4.674,0.425,0.0,0,0,1,,0.829,2026-03-15T15:31:15.221632,neutral,0.51,2026-03-15T15:31:15.221632,0.4009823930592396,2026-03-15T15:31:15.017000,60,,,
participant_15,3,day,Town10HD_Opt,2026-03-15 15:31:16.094497,100.4979019165039,-44.44886016845703,0.0020456314086914,36.514,-5.212,0.425,0.0,0,0,1,,0.848,2026-03-15T15:31:16.094497,neutral,0.51,2026-03-15T15:31:15.221632,0.4289118191477012,,61,Vehicle-pedestrian collision,Vehicle-pedestrian collision,
participant_15,3,day,Town10HD_Opt,2026-03-15 15:31:17.202424,95.2579345703125,-51.15541076660156,0.0020455168560147,36.568,-4.518,0.425,0.0,0,0,1,,0.841,2026-03-15T15:31:17.202424,neutral,0.51,2026-03-15T15:31:15.221632,0.5194648651042623,2026-03-15T15:31:16.996000,62,,,
participant_15,3,day,Town10HD_Opt,2026-03-15 15:31:18.065143,90.53016662597656,-55.473411560058594,0.0020432663150131,36.644,-4.296,0.426,0.0,0,0,1,,0.802,2026-03-15T15:31:18.065143,neutral,0.627,2026-03-15T15:31:18.065143,0.4790058841225139,2026-03-15T15:31:17.986000,59,,,
participant_15,3,day,Town10HD_Opt,2026-03-15 15:31:18.994672,85.26150512695312,-59.13471221923828,0.002031059237197,37.069,-4.379,0.637,0.0,0,0,1,,0.809,2026-03-15T15:31:18.994672,neutral,0.627,2026-03-15T15:31:18.065143,0.3742053768860782,2026-03-15T15:31:18.979000,56,,,
participant_15,3,day,Town10HD_Opt,2026-03-15 15:31:20.112054,76.71580505371094,-63.14703369140625,0.001869736239314,44.455,-4.235,0.622,0.0,0,0,1,,0.832,2026-03-15T15:31:20.112054,neutral,0.687,2026-03-15T15:31:20.112054,0.5118942248428175,2026-03-15T15:31:20.011000,58,,,
participant_15,3,day,Town10HD_Opt,2026-03-15 15:31:21.248979,66.17825317382812,-65.71723175048828,0.001978340325877,48.154,-3.346,0.503,0.0,0,0,1,,0.866,2026-03-15T15:31:21.248979,neutral,0.687,2026-03-15T15:31:20.112054,0.5311589075658344,2026-03-15T15:31:21.001000,57,,,
participant_15,3,day,Town10HD_Opt,2026-03-15 15:31:22.148642,57.78423690795898,-66.42317199707031,0.0020535278599709,47.941,-0.651,0.437,0.0,0,0,1,,0.847,2026-03-15T15:31:22.148642,neutral,0.471,2026-03-15T15:31:22.148642,0.4556854986618643,2026-03-15T15:31:21.991000,56,,,
participant_15,3,day,Town10HD_Opt,2026-03-15 15:31:23.071398,49.497703552246094,-66.7614974975586,0.0020863339304924,46.636,0.061,0.428,0.0,0,0,1,,1.0,2026-03-15T15:31:23.071398,neutral,0.471,2026-03-15T15:31:22.148642,0.5325326238851608,2026-03-15T15:31:22.982000,58,,,
participant_15,3,day,Town10HD_Opt,2026-03-15 15:31:23.993417,41.44744110107422,-67.11254119873047,0.0020829390268772,45.365,-0.251,0.428,0.0,0,0,1,,0.845,2026-03-15T15:31:23.993417,neutral,0.471,2026-03-15T15:31:22.148642,0.5343750851639758,2026-03-15T15:31:24.018000,61,,,
participant_15,3,day,Town10HD_Opt,2026-03-15 15:31:25.215720,31.025447845458984,-67.45703887939453,0.0020750807598233,43.914,-0.244,0.428,0.0,0,0,1,,0.838,2026-03-15T15:31:25.215720,neutral,0.586,2026-03-15T15:31:25.215720,0.5273776221144203,,62,,,
participant_15,3,day,Town10HD_Opt,2026-03-15 15:31:26.161781,23.404342651367188,-67.62654113769531,0.0020705030765384,43.091,-0.249,0.428,0.0,0,0,1,,0.869,2026-03-15T15:31:26.161781,neutral,0.586,2026-03-15T15:31:25.215720,0.5547180062157083,2026-03-15T15:31:25.996000,58,,,
participant_15,3,day,Town10HD_Opt,2026-03-15 15:31:27.066629,15.941645622253418,-67.7242202758789,0.00211917841807,41.187,-0.188,0.001,0.0,0,0,1,,0.898,2026-03-15T15:31:27.066629,neutral,0.586,2026-03-15T15:31:25.215720,0.5094982685888765,2026-03-15T15:31:26.986000,61,,,
participant_15,3,day,Town10HD_Opt,2026-03-15 15:31:28.020002,9.42021369934082,-67.76714324951172,0.0023239888250827,32.425,-0.054,0.0,0.0,0,0,1,,1.0,2026-03-15T15:31:28.020002,neutral,0.748,2026-03-15T15:31:28.020002,0.5770476741487299,2026-03-15T15:31:28.022000,60,,,
participant_15,3,day,Town10HD_Opt,2026-03-15 15:31:29.182222,2.964785099029541,-67.80494689941406,0.0022692482452839,22.977,0.031,0.0,0.0,0,0,1,,1.0,2026-03-15T15:31:29.182222,neutral,0.748,2026-03-15T15:31:28.020002,0.5967814287640449,2026-03-15T15:31:29.057000,58,,,
participant_15,3,day,Town10HD_Opt,2026-03-15 15:31:30.052831,-0.5196934342384338,-67.82923889160156,0.0019729607738554,17.192,-0.035,0.0,0.0,0,0,1,,0.815,2026-03-15T15:31:30.052831,fear,0.342,2026-03-15T15:31:30.052831,0.5872014347295069,2026-03-15T15:31:30.002000,57,,,
participant_15,3,day,Town10HD_Opt,2026-03-15 15:31:31.187192,-4.104902267456055,-67.8548355102539,0.0019344710744917,14.696,0.016,0.267,0.0,0,0,1,,0.83,2026-03-15T15:31:31.187192,fear,0.342,2026-03-15T15:31:30.052831,0.5855895579984325,2026-03-15T15:31:30.991000,55,,,
participant_15,3,day,Town10HD_Opt,2026-03-15 15:31:32.016108,-6.754519462585449,-67.8747329711914,0.0018892289372161,15.611,0.021,0.264,0.0,0,0,1,,0.819,2026-03-15T15:31:32.016108,fear,0.342,2026-03-15T15:31:30.052831,0.6634975239119572,2026-03-15T15:31:31.982000,54,,,
participant_15,3,day,Town10HD_Opt,2026-03-15 15:31:33.125796,-10.490689277648926,-67.9041519165039,0.0019048309186473,16.337,0.005,0.254,0.0,0,0,1,,1.0,2026-03-15T15:31:33.125796,neutral,0.861,2026-03-15T15:31:33.125796,0.5931056247752832,2026-03-15T15:31:33.016000,55,,,
participant_15,3,day,Town10HD_Opt,2026-03-15 15:31:34.242357,-14.349130630493164,-67.93312072753906,0.0019100952195003,16.722,0.012,0.224,0.0,0,0,1,,0.865,2026-03-15T15:31:34.242357,neutral,0.861,2026-03-15T15:31:33.125796,0.6089927756879057,2026-03-15T15:31:34.007000,54,,,
participant_15,3,day,Town10HD_Opt,2026-03-15 15:31:35.099344,-17.075355529785156,-67.95460510253906,0.0020332331769168,13.62,0.045,0.0,0.0,0,0,1,,1.0,2026-03-15T15:31:35.099344,neutral,0.861,2026-03-15T15:31:33.125796,0.5851851990736386,2026-03-15T15:31:34.996000,51,,,
participant_15,3,day,Town10HD_Opt,2026-03-15 15:31:36.232728,-19.71009063720703,-67.97724151611328,0.0020579523406922,8.094,0.045,0.0,0.204,0,0,1,,0.843,2026-03-15T15:31:36.232728,fear,0.596,2026-03-15T15:31:36.232728,0.5460978018398011,2026-03-15T15:31:35.987000,52,,,
participant_15,3,day,Town10HD_Opt,2026-03-15 15:31:37.069045,-20.740398406982425,-67.98697662353516,0.0023971158079802,0.001,0.035,0.0,0.203,0,0,1,,1.0,2026-03-15T15:31:37.069045,fear,0.596,2026-03-15T15:31:36.232728,0.5963001730505636,2026-03-15T15:31:36.976000,54,,,
participant_15,3,day,Town10HD_Opt,2026-03-15 15:31:38.131968,-20.740936279296875,-67.98698425292969,0.0019260788103565,0.001,0.035,0.0,0.0,0,0,1,,0.815,2026-03-15T15:31:38.131968,fear,0.596,2026-03-15T15:31:36.232728,0.5838841297890139,2026-03-15T15:31:38.012000,52,,,
participant_15,3,day,Town10HD_Opt,2026-03-15 15:31:38.989859,-20.740812301635746,-67.98698425292969,0.0019190978491678,0.002,0.035,0.0,0.0,0,0,1,,0.848,2026-03-15T15:31:38.989859,neutral,0.806,2026-03-15T15:31:38.989859,0.5456050227037235,2026-03-15T15:31:39.047000,52,,,
participant_15,3,day,Town10HD_Opt,2026-03-15 15:31:40.107823,-20.739925384521484,-67.98698425292969,0.001917190500535,0.147,0.035,0.251,0.0,0,0,1,,0.827,2026-03-15T15:31:40.107823,neutral,0.806,2026-03-15T15:31:38.989859,0.5204856998578397,2026-03-15T15:31:39.991000,53,,,
participant_15,3,day,Town10HD_Opt,2026-03-15 15:31:41.184835,-20.896085739135746,-67.98828125,0.0019115447066724,0.86,0.035,0.069,0.0,0,0,1,,0.856,2026-03-15T15:31:41.184835,neutral,0.632,2026-03-15T15:31:41.184835,0.5159327558136073,2026-03-15T15:31:40.981000,54,,,
participant_15,3,day,Town10HD_Opt,2026-03-15 15:31:42.059667,-21.09718894958496,-67.9899673461914,0.0018818284152075,1.773,0.035,0.31,0.0,0,0,1,,1.0,2026-03-15T15:31:42.059667,neutral,0.632,2026-03-15T15:31:41.184835,0.5483093224520135,2026-03-15T15:31:42.017000,50,,,
participant_15,3,day,Town10HD_Opt,2026-03-15 15:31:43.214965,-22.14141845703125,-67.99874114990234,0.0017728047678247,7.92,-0.002,0.454,0.0,0,0,1,,0.826,2026-03-15T15:31:43.214965,neutral,0.616,2026-03-15T15:31:43.214965,0.4730557351348664,2026-03-15T15:31:43.007000,51,,,
participant_15,3,day,Town10HD_Opt,2026-03-15 15:31:44.079622,-23.97955322265625,-68.01232147216797,0.0016312036896124,15.323,-0.087,0.825,0.0,0,0,1,,0.83,2026-03-15T15:31:44.079622,neutral,0.616,2026-03-15T15:31:43.214965,0.5541324157376515,2026-03-15T15:31:43.997000,52,,,
participant_15,3,day,Town10HD_Opt,2026-03-15 15:31:45.216461,-28.94577980041504,-68.04150390625,0.0016964352689683,29.156,-0.136,0.773,0.0,0,0,1,,0.846,2026-03-15T15:31:45.216461,neutral,0.471,2026-03-15T15:31:45.216461,0.6039968910523681,2026-03-15T15:31:45.077000,52,,,
participant_15,3,day,Town10HD_Opt,2026-03-15 15:31:46.075761,-34.757568359375,-68.04891204833984,0.0017246258212253,38.467,-0.228,0.755,0.0,0,0,1,,0.915,2026-03-15T15:31:46.075761,neutral,0.471,2026-03-15T15:31:45.216461,0.515037818721999,2026-03-15T15:31:46.022000,50,,,
participant_15,3,day,Town10HD_Opt,2026-03-15 15:31:47.145906,-44.89302444458008,-67.98835754394531,0.0023667160421609,49.199,-0.012,0.741,0.0,0,0,1,,1.0,2026-03-15T15:31:47.145906,neutral,0.471,2026-03-15T15:31:45.216461,0.5224976681338458,2026-03-15T15:31:47.012000,53,,,
participant_15,3,day,Town10HD_Opt,2026-03-15 15:31:48.022499,-53.59748840332031,-67.89257049560547,0.0021225733216851,47.931,-1.678,0.716,0.0,0,0,1,,1.0,2026-03-15T15:31:48.022499,neutral,0.83,2026-03-15T15:31:48.022499,0.5686121995588096,2026-03-15T15:31:48.001000,50,,,
participant_15,3,day,Town10HD_Opt,2026-03-15 15:31:49.240407,-65.11067962646484,-67.02336883544922,0.0021387478336691,48.983,-0.801,0.672,0.0,0,0,1,,0.898,2026-03-15T15:31:49.240407,neutral,0.83,2026-03-15T15:31:48.022499,0.5726532056003458,2026-03-15T15:31:48.991000,51,,,
participant_15,3,day,Town10HD_Opt,2026-03-15 15:31:50.146401,-73.76146697998047,-65.83180236816406,0.0021534343250095,48.346,-2.033,0.657,0.0,0,0,1,,0.92,2026-03-15T15:31:50.146401,neutral,0.886,2026-03-15T15:31:50.146401,0.6391814618149105,2026-03-15T15:31:49.981000,50,,,
participant_15,3,day,Town10HD_Opt,2026-03-15 15:31:51.012090,-82.10183715820312,-63.96112060546875,0.001940231770277,50.697,-5.319,0.0,0.0,0,0,1,,0.938,2026-03-15T15:31:51.012090,neutral,0.886,2026-03-15T15:31:50.146401,0.6318787066375492,2026-03-15T15:31:51.019000,53,,,
participant_15,3,day,Town10HD_Opt,2026-03-15 15:31:52.171675,-92.59707641601562,-58.99717712402344,0.0019722750876098,50.499,-5.392,0.0,0.0,0,0,1,,0.945,2026-03-15T15:31:52.171675,neutral,0.617,2026-03-15T15:31:52.171675,0.6752301987060935,2026-03-15T15:31:52.007000,50,,,
participant_15,3,day,Town10HD_Opt,2026-03-15 15:31:53.056614,-99.28880310058594,-53.46242904663086,0.0019668580498546,50.799,-5.872,0.0,0.0,0,0,1,,0.921,2026-03-15T15:31:53.056614,neutral,0.617,2026-03-15T15:31:52.171675,0.5694873328945433,2026-03-15T15:31:52.997000,52,,,
participant_15,3,day,Town10HD_Opt,2026-03-15 15:31:54.240571,-105.82429504394533,-44.03208923339844,0.0019499210175126,50.707,-5.371,0.0,0.0,0,0,1,,0.903,2026-03-15T15:31:54.240571,neutral,0.929,2026-03-15T15:31:54.240571,0.6178312006392587,2026-03-15T15:31:53.987000,54,,,
participant_15,3,day,Town10HD_Opt,2026-03-15 15:31:55.163216,-108.67607879638672,-36.30740737915039,0.0023762881755828,41.383,-4.763,0.0,0.0,0,0,1,,0.885,2026-03-15T15:31:55.163216,neutral,0.929,2026-03-15T15:31:54.240571,0.671830054180652,2026-03-15T15:31:54.977000,55,,,
participant_15,3,day,Town10HD_Opt,2026-03-15 15:31:56.127710,-109.7591552734375,-29.951040267944336,0.002342642750591,31.921,-3.794,0.0,0.0,0,0,1,,0.95,2026-03-15T15:31:56.127710,neutral,0.929,2026-03-15T15:31:54.240571,0.6546467069190027,2026-03-15T15:31:56.012000,56,,,
participant_15,3,day,Town10HD_Opt,2026-03-15 15:31:57.071169,-110.04447174072266,-24.98578643798828,0.0022822560276836,24.434,-1.149,0.0,0.0,0,0,1,,0.933,2026-03-15T15:31:57.071169,neutral,0.708,2026-03-15T15:31:57.071169,0.5243443618271454,2026-03-15T15:31:57.002000,58,,,
participant_15,3,day,Town10HD_Opt,2026-03-15 15:31:58.043821,-110.13609313964844,-21.218305587768555,0.0022413246333599,18.222,0.141,0.0,0.0,0,0,1,,0.881,2026-03-15T15:31:58.043821,neutral,0.708,2026-03-15T15:31:57.071169,0.5079214949263576,2026-03-15T15:31:58.037000,56,,,
participant_15,3,day,Town10HD_Opt,2026-03-15 15:31:59.055355,-110.20077514648438,-18.34329032897949,0.002042960608378,14.223,0.031,0.0,0.0,0,0,1,,0.829,2026-03-15T15:31:59.055355,neutral,0.708,2026-03-15T15:31:57.071169,0.6011974353595942,2026-03-15T15:31:58.983000,56,,,
participant_15,3,day,Town10HD_Opt,2026-03-15 15:32:00.250408,-110.26207733154295,-15.490510940551758,0.0019836041610687,10.622,-0.36,0.089,0.0,0,0,1,,1.0,2026-03-15T15:32:00.250408,neutral,0.826,2026-03-15T15:32:00.250408,0.5307200073132988,2026-03-15T15:32:00.107000,55,,,
participant_15,3,day,Town10HD_Opt,2026-03-15 15:32:01.136035,-110.28915405273438,-13.741764068603516,0.0019638058729469,9.25,-0.416,0.083,0.0,0,0,1,,0.833,2026-03-15T15:32:01.136035,neutral,0.826,2026-03-15T15:32:00.250408,0.5485064292485172,,54,,,
participant_15,3,day,Town10HD_Opt,2026-03-15 15:32:02.059156,-110.30738830566406,-12.21972370147705,0.0019569776486605,8.004,-0.355,0.083,0.0,0,0,1,,0.863,2026-03-15T15:32:02.059156,neutral,0.826,2026-03-15T15:32:00.250408,0.595511225183355,2026-03-15T15:32:01.997000,54,,,
participant_15,3,day,Town10HD_Opt,2026-03-15 15:32:03.272810,-110.3253402709961,-10.484682083129885,0.0019496533786877,6.711,-0.063,0.082,0.0,0,0,1,,1.0,2026-03-15T15:32:03.272810,neutral,0.868,2026-03-15T15:32:03.272810,0.5682688262799314,2026-03-15T15:32:02.986000,53,,,
participant_15,3,day,Town10HD_Opt,2026-03-15 15:32:04.154801,-110.33660125732422,-9.367720603942873,0.0019449995597824,5.95,-0.155,0.082,0.0,0,0,1,,0.893,2026-03-15T15:32:04.154801,neutral,0.868,2026-03-15T15:32:03.272810,0.6110240499723868,2026-03-15T15:32:03.977000,56,,,
participant_15,3,day,Town10HD_Opt,2026-03-15 15:32:05.059299,-110.34532928466795,-8.382349967956543,0.0019409558735787,5.264,-0.155,0.082,0.0,0,0,1,,0.864,2026-03-15T15:32:05.059299,neutral,0.868,2026-03-15T15:32:03.272810,0.5185892585823849,2026-03-15T15:32:05.058000,54,,,
participant_15,3,day,Town10HD_Opt,2026-03-15 15:32:06.256487,-110.3543701171875,-7.239467620849609,0.0019375229021534,4.464,-0.155,0.083,0.0,0,0,1,,0.892,2026-03-15T15:32:06.256487,neutral,0.779,2026-03-15T15:32:06.256487,0.5776084584168032,2026-03-15T15:32:06.002000,57,,,
participant_15,3,day,Town10HD_Opt,2026-03-15 15:32:07.221932,-110.35972595214844,-6.491695404052734,0.0019338988931849,4.024,-0.155,0.083,0.0,0,0,1,,0.897,2026-03-15T15:32:07.221932,neutral,0.779,2026-03-15T15:32:06.256487,0.5519399118772849,2026-03-15T15:32:06.991000,56,,,
participant_15,3,day,Town10HD_Opt,2026-03-15 15:32:08.077858,-110.3640594482422,-5.8147711753845215,0.0019277571700513,3.908,-0.155,0.0,0.0,0,0,1,,0.838,2026-03-15T15:32:08.077858,neutral,0.779,2026-03-15T15:32:06.256487,0.5897002380865354,2026-03-15T15:32:07.982000,56,,,
participant_15,3,day,Town10HD_Opt,2026-03-15 15:32:09.022699,-110.36570739746094,-5.527390480041504,0.0019947811961174,0.0,-0.155,0.0,0.049,0,0,1,,0.85,2026-03-15T15:32:09.022699,neutral,0.594,2026-03-15T15:32:09.022699,0.5803666415614346,2026-03-15T15:32:09.017000,54,,,
participant_15,3,day,Town10HD_Opt,2026-03-15 15:32:10.175785,-110.36570739746094,-5.526575088500977,0.001919784466736,0.007,-0.155,0.0,0.0,0,0,1,,0.862,2026-03-15T15:32:10.175785,neutral,0.594,2026-03-15T15:32:09.022699,0.5839870128463643,2026-03-15T15:32:10.007000,55,,,
participant_15,3,day,Town10HD_Opt,2026-03-15 15:32:11.047953,-110.36570739746094,-5.526594638824463,0.0019187927246093,0.006,-0.134,0.0,0.0,0,0,1,,1.0,2026-03-15T15:32:11.047953,neutral,0.795,2026-03-15T15:32:11.047953,0.6219715129505811,2026-03-15T15:32:10.997000,55,,,
participant_15,3,day,Town10HD_Opt,2026-03-15 15:32:12.239754,-110.36570739746094,-5.526492595672607,0.0019187927246093,0.006,-0.132,0.0,0.0,0,0,1,,1.0,2026-03-15T15:32:12.239754,neutral,0.795,2026-03-15T15:32:11.047953,0.608491988408062,2026-03-15T15:32:11.987000,55,,,
participant_15,3,day,Town10HD_Opt,2026-03-15 15:32:13.138897,-110.36570739746094,-5.526559829711914,0.0019189452286809,0.006,-0.115,0.0,0.0,0,0,1,,0.864,2026-03-15T15:32:13.138897,neutral,0.586,2026-03-15T15:32:13.138897,0.6393664836384293,2026-03-15T15:32:12.977000,54,,,
participant_15,3,day,Town10HD_Opt,2026-03-15 15:32:14.044328,-110.36570739746094,-5.526400089263916,0.0019190978491678,0.002,-0.082,0.0,0.0,0,0,1,,0.88,2026-03-15T15:32:14.044328,neutral,0.586,2026-03-15T15:32:13.138897,0.5785769302593692,2026-03-15T15:32:14.012000,54,,,
participant_15,3,day,Town10HD_Opt,2026-03-15 15:32:15.261664,-110.36570739746094,-5.52631950378418,0.0019190596649423,0.002,-0.073,0.0,0.0,0,0,1,,0.913,2026-03-15T15:32:15.261664,neutral,0.83,2026-03-15T15:32:15.261664,0.6244115127009018,2026-03-15T15:32:15.005000,56,,,
participant_15,3,day,Town10HD_Opt,2026-03-15 15:32:16.217997,-110.36570739746094,-5.526111125946045,0.0019192122854292,0.001,-0.038,0.0,0.0,0,0,1,,1.0,2026-03-15T15:32:16.217997,neutral,0.83,2026-03-15T15:32:15.261664,0.5763506237586001,2026-03-15T15:32:15.992000,53,,,
participant_15,3,day,Town10HD_Opt,2026-03-15 15:32:17.144773,-110.36570739746094,-5.526084899902344,0.0019189071608707,0.006,0.002,0.0,0.0,0,0,1,,0.855,2026-03-15T15:32:17.144773,neutral,0.83,2026-03-15T15:32:15.261664,0.5800725931141143,2026-03-15T15:32:16.982000,55,,,
participant_15,3,day,Town10HD_Opt,2026-03-15 15:32:18.068889,-110.36570739746094,-5.526141166687012,0.0019187163561582,0.006,0.054,0.0,0.0,0,0,1,,0.909,2026-03-15T15:32:18.068889,neutral,0.896,2026-03-15T15:32:18.068889,0.5528144115668707,2026-03-15T15:32:18.017000,53,,,
participant_15,3,day,Town10HD_Opt,2026-03-15 15:32:19.021592,-110.36570739746094,-5.5260748863220215,0.0019189834129065,0.002,0.054,0.0,0.0,0,0,1,,1.0,2026-03-15T15:32:19.021592,neutral,0.896,2026-03-15T15:32:18.068889,0.685893595201102,2026-03-15T15:32:19.008000,52,,,
participant_15,3,day,Town10HD_Opt,2026-03-15 15:32:20.188183,-110.36691284179688,-5.377023696899414,0.0016407022485509,5.711,0.078,1.0,0.0,0,0,1,,0.845,2026-03-15T15:32:20.188183,neutral,0.674,2026-03-15T15:32:20.188183,0.5531017022310564,2026-03-15T15:32:19.997000,52,,,
participant_15,3,day,Town10HD_Opt,2026-03-15 15:32:21.173368,-110.38632202148438,-3.0926735401153564,0.0016743867890909,20.773,0.082,1.0,0.0,0,0,1,,0.902,2026-03-15T15:32:21.173368,neutral,0.674,2026-03-15T15:32:20.188183,0.6288538463872829,2026-03-15T15:32:20.987000,53,,,
participant_15,3,day,Town10HD_Opt,2026-03-15 15:32:22.081695,-110.43402099609376,1.74998140335083,0.0015103931073099,36.495,0.082,0.932,0.0,0,0,1,,0.887,2026-03-15T15:32:22.081695,neutral,0.674,2026-03-15T15:32:20.188183,0.6042201941856963,2026-03-15T15:32:21.977000,53,,,
participant_15,3,day,Town10HD_Opt,2026-03-15 15:32:23.038480,-110.39911651611328,8.908342361450195,0.0019865802023559,41.582,-4.957,0.0,0.0,0,0,1,,1.0,2026-03-15T15:32:23.038480,neutral,0.531,2026-03-15T15:32:23.038480,0.5874560857395098,2026-03-15T15:32:23.012000,54,,,
participant_15,3,day,Town10HD_Opt,2026-03-15 15:32:24.012730,-109.35578918457033,15.318743705749512,0.0023493184708058,32.099,-11.868,0.0,0.0,0,0,1,,0.928,2026-03-15T15:32:24.012730,neutral,0.531,2026-03-15T15:32:23.038480,0.5743888978227456,2026-03-15T15:32:24.004000,53,,,
participant_15,3,day,Town10HD_Opt,2026-03-15 15:32:25.286547,-106.19241333007812,20.75029754638672,0.0022940435446798,22.019,-14.043,0.0,0.0,0,0,1,,0.875,2026-03-15T15:32:25.286547,neutral,0.619,2026-03-15T15:32:25.286547,0.555303977272186,2026-03-15T15:32:24.993000,54,,,
participant_15,3,day,Town10HD_Opt,2026-03-15 15:32:26.234298,-103.58783721923828,22.90735626220703,0.0019749826751649,16.82,-13.251,0.0,0.0,0,0,1,,0.924,2026-03-15T15:32:26.234298,neutral,0.619,2026-03-15T15:32:25.286547,0.5267287519146282,2026-03-15T15:32:25.982000,54,,,
participant_15,3,day,Town10HD_Opt,2026-03-15 15:32:27.206390,-101.26416778564452,24.10556602478028,0.0020479196682572,12.921,-11.622,0.0,0.0,0,0,1,,0.931,2026-03-15T15:32:27.206390,neutral,0.619,2026-03-15T15:32:25.286547,0.6028744661635655,2026-03-15T15:32:27.152000,53,,,
participant_15,3,day,Town10HD_Opt,2026-03-15 15:32:28.205121,-99.35586547851562,24.773983001708984,0.0019794462714344,10.887,-10.694,0.527,0.0,0,0,1,,0.921,2026-03-15T15:32:28.205121,neutral,0.726,2026-03-15T15:32:28.205121,0.5009964128504507,2026-03-15T15:32:28.007000,53,,,
participant_15,3,day,Town10HD_Opt,2026-03-15 15:32:29.247656,-96.78392028808594,25.33036231994629,0.0018276607152074,20.879,-10.757,0.905,0.0,0,0,1,,0.896,2026-03-15T15:32:29.247656,neutral,0.726,2026-03-15T15:32:28.205121,0.5528526909350161,2026-03-15T15:32:28.998000,54,,,
participant_15,3,day,Town10HD_Opt,2026-03-15 15:32:30.291434,-92.34800720214844,25.53915977478028,0.001864090678282,28.367,-5.399,0.0,0.0,0,0,1,,0.945,2026-03-15T15:32:30.291434,neutral,0.406,2026-03-15T15:32:30.291434,0.5558818524677087,2026-03-15T15:32:29.990000,55,,,
participant_15,3,day,Town10HD_Opt,2026-03-15 15:32:31.017303,-89.22985076904297,25.36375999450684,0.0022072594147175,24.387,-0.021,0.0,0.0,0,0,1,,0.902,2026-03-15T15:32:31.017303,neutral,0.406,2026-03-15T15:32:30.291434,0.5820581580141116,2026-03-15T15:32:30.978000,54,,,
participant_15,3,day,Town10HD_Opt,2026-03-15 15:32:32.027660,-85.41360473632812,25.17880630493164,0.0021758647635579,19.79,0.498,0.195,0.0,0,0,1,,1.0,2026-03-15T15:32:32.027660,neutral,0.406,2026-03-15T15:32:30.291434,0.608562758887214,2026-03-15T15:32:32.012000,55,,,
participant_15,3,day,Town10HD_Opt,2026-03-15 15:32:33.066061,-82.18074035644531,25.01578712463379,0.0018607327947393,17.504,-0.949,0.13,0.0,0,0,1,,0.852,2026-03-15T15:32:33.066061,neutral,0.603,2026-03-15T15:32:33.066061,0.5659693840991374,2026-03-15T15:32:33.002000,56,,,
participant_15,3,day,Town10HD_Opt,2026-03-15 15:32:34.044303,-79.26007080078125,24.820045471191406,0.0019694135989993,15.839,-0.768,0.166,0.0,0,0,1,,0.877,2026-03-15T15:32:34.044303,neutral,0.603,2026-03-15T15:32:33.066061,0.5910659634769981,2026-03-15T15:32:33.992000,55,,,
participant_15,3,day,Town10HD_Opt,2026-03-15 15:32:35.103681,-76.59597778320312,24.620874404907227,0.0019654082134366,14.494,1.206,0.13,0.0,0,0,1,,0.926,2026-03-15T15:32:35.103681,neutral,0.849,2026-03-15T15:32:35.103681,0.5724547979182444,2026-03-15T15:32:35.027000,57,,,
participant_15,3,day,Town10HD_Opt,2026-03-15 15:32:36.089740,-74.17540740966797,24.513107299804688,0.0019633099436759,13.109,2.426,0.129,0.0,0,0,1,,0.918,2026-03-15T15:32:36.089740,neutral,0.849,2026-03-15T15:32:35.103681,0.6467015568707255,2026-03-15T15:32:36.017000,58,,,
participant_15,3,day,Town10HD_Opt,2026-03-15 15:32:37.077837,-71.9744873046875,24.471866607666016,0.0019551084842532,11.98,1.631,0.129,0.0,0,0,1,,0.941,2026-03-15T15:32:37.077837,neutral,0.849,2026-03-15T15:32:35.103681,0.6642926231072888,2026-03-15T15:32:37.007000,57,,,
participant_15,3,day,Town10HD_Opt,2026-03-15 15:32:38.052879,-70.04838562011719,24.46922874450684,0.0020126339513808,9.424,1.622,0.0,0.047,0,0,1,,0.926,2026-03-15T15:32:38.052879,neutral,0.702,2026-03-15T15:32:38.052879,0.6191893697284895,2026-03-15T15:32:37.997000,60,,,
participant_15,3,day,Town10HD_Opt,2026-03-15 15:32:38.994774,-68.63101959228516,24.48903465270996,0.0020114895887672,6.396,1.608,0.0,0.07,0,0,1,,0.875,2026-03-15T15:32:38.994774,neutral,0.702,2026-03-15T15:32:38.052879,0.6641841973081813,2026-03-15T15:32:38.988000,56,,,
participant_15,3,day,Town10HD_Opt,2026-03-15 15:32:40.264151,-68.015869140625,24.503341674804688,0.0019911571871489,0.0,1.605,0.0,0.063,0,0,1,,0.937,2026-03-15T15:32:40.264151,neutral,0.773,2026-03-15T15:32:40.264151,0.6492876951564963,2026-03-15T15:32:40.022000,56,,,
participant_15,3,day,Town10HD_Opt,2026-03-15 15:32:41.248245,-68.01570129394531,24.50335693359375,0.0019215393112972,0.001,1.565,0.0,0.0,0,0,1,,0.948,2026-03-15T15:32:41.248245,neutral,0.773,2026-03-15T15:32:40.264151,0.631469602813845,2026-03-15T15:32:41.012000,56,,,
participant_15,3,day,Town10HD_Opt,2026-03-15 15:32:42.178584,-67.79692077636719,24.50926780700684,0.0015783321578055,6.899,1.396,1.0,0.0,0,0,1,,0.922,2026-03-15T15:32:42.178584,neutral,0.773,2026-03-15T15:32:40.264151,0.6784637195940025,2026-03-15T15:32:42.002000,55,,,
participant_15,3,day,Town10HD_Opt,2026-03-15 15:32:43.163339,-65.31295013427734,24.587820053100582,0.0017108551692217,22.415,0.738,1.0,0.0,0,0,1,,0.913,2026-03-15T15:32:43.163339,neutral,0.921,2026-03-15T15:32:43.163339,0.7111853229483367,2026-03-15T15:32:43.038000,52,,,
participant_15,3,day,Town10HD_Opt,2026-03-15 15:32:44.074821,-60.262298583984375,24.756561279296875,0.001476633013226,37.808,-0.134,1.0,0.0,0,0,1,,0.916,2026-03-15T15:32:44.074821,neutral,0.921,2026-03-15T15:32:43.163339,0.5719089427423492,2026-03-15T15:32:44.027000,54,,,
participant_15,3,day,Town10HD_Opt,2026-03-15 15:32:45.003139,-52.48263168334961,25.03622436523437,0.0015376299852505,51.664,0.508,0.0,0.166,0,0,1,,0.872,2026-03-15T15:32:45.003139,neutral,0.921,2026-03-15T15:32:43.163339,0.6322877707364335,2026-03-15T15:32:45.018000,52,,,
participant_15,3,day,Town10HD_Opt,2026-03-15 15:32:46.166432,-40.65616607666016,25.72431373596192,0.0019659425597637,50.719,0.186,0.0,0.119,0,0,1,,0.936,2026-03-15T15:32:46.166432,neutral,0.913,2026-03-15T15:32:46.166432,0.5715563527017182,2026-03-15T15:32:46.008000,54,,,
participant_15,3,day,Town10HD_Opt,2026-03-15 15:32:47.059856,-31.98908424377441,26.323760986328125,0.0018204123480245,52.347,-0.282,0.0,0.24,0,0,1,,0.886,2026-03-15T15:32:47.059856,neutral,0.913,2026-03-15T15:32:46.166432,0.5742454243166816,2026-03-15T15:32:46.998000,56,Solid line crossing,Solid line crossing,
participant_15,3,day,Town10HD_Opt,2026-03-15 15:32:48.036940,-23.24960708618164,26.874589920043945,0.0018994909478351,51.823,0.087,0.0,0.137,0,0,1,,0.925,2026-03-15T15:32:48.036940,neutral,0.913,2026-03-15T15:32:46.166432,0.5982242345573977,2026-03-15T15:32:47.989000,56,,,
participant_15,3,day,Town10HD_Opt,2026-03-15 15:32:49.246535,-12.34069538116455,27.584205627441406,0.0022210297174751,38.655,-0.108,0.0,0.0,0,0,1,,0.865,2026-03-15T15:32:49.246535,neutral,0.834,2026-03-15T15:32:49.246535,0.5782798565717515,2026-03-15T15:32:49.068000,55,,,
participant_15,3,day,Town10HD_Opt,2026-03-15 15:32:50.174852,-6.182863712310791,27.96372413635254,0.0022290030028671,31.903,-0.322,0.441,0.0,0,0,1,,0.887,2026-03-15T15:32:50.174852,neutral,0.834,2026-03-15T15:32:49.246535,0.5425011833333704,2026-03-15T15:32:50.012000,55,,,
participant_15,3,day,Town10HD_Opt,2026-03-15 15:32:51.110958,-0.5887485146522522,28.243343353271484,0.0020199203863739,32.498,-0.618,0.434,0.0,0,0,1,,0.826,2026-03-15T15:32:51.110958,neutral,0.834,2026-03-15T15:32:49.246535,0.6726931721475922,2026-03-15T15:32:51,52,,,
participant_15,3,day,Town10HD_Opt,2026-03-15 15:32:52.058384,5.166007518768311,28.432159423828125,0.0020170211791992,33.377,-0.611,0.429,0.0,0,0,1,,1.0,2026-03-15T15:32:52.058384,neutral,0.704,2026-03-15T15:32:52.058384,0.6289287379510361,2026-03-15T15:32:51.993000,54,,,
participant_15,3,day,Town10HD_Opt,2026-03-15 15:32:53.210206,13.034537315368652,28.528600692749023,0.0020243453327566,34.135,-0.432,0.426,0.0,0,0,1,,0.837,2026-03-15T15:32:53.210206,neutral,0.704,2026-03-15T15:32:52.058384,0.6306373807569053,2026-03-15T15:32:53.028000,53,Stop sign violation,stop_sign_id=1050,
participant_15,3,day,Town10HD_Opt,2026-03-15 15:32:54.159581,19.041963577270508,28.519962310791016,0.0020371244754642,34.393,0.193,0.358,0.0,0,0,1,,0.88,2026-03-15T15:32:54.159581,neutral,0.795,2026-03-15T15:32:54.159581,0.6498195879795517,2026-03-15T15:32:54.018000,52,,,
participant_15,3,day,Town10HD_Opt,2026-03-15 15:32:55.163456,24.895282745361328,28.56233024597168,0.0021551509853452,31.549,3.325,0.202,0.0,0,0,1,,0.976,2026-03-15T15:32:55.163456,neutral,0.795,2026-03-15T15:32:54.159581,0.7017999406953439,2026-03-15T15:32:55.007000,54,,,
participant_15,3,day,Town10HD_Opt,2026-03-15 15:32:56.092727,30.0723819732666,29.074098587036133,0.0020337291061878,27.663,8.615,0.203,0.0,0,0,1,,0.941,2026-03-15T15:32:56.092727,neutral,0.795,2026-03-15T15:32:54.159581,0.6512006611298155,2026-03-15T15:32:55.999000,55,,,
participant_15,3,day,Town10HD_Opt,2026-03-15 15:32:57.012532,34.38377380371094,30.5232162475586,0.0021509164944291,24.575,15.753,0.284,0.0,0,0,1,,0.844,2026-03-15T15:32:57.012532,neutral,0.806,2026-03-15T15:32:57.012532,0.6804053950130652,2026-03-15T15:32:56.987000,54,,,
participant_15,3,day,Town10HD_Opt,2026-03-15 15:32:58.221039,38.30358123779297,34.206539154052734,0.0021336360368877,22.253,20.46,0.281,0.0,0,0,1,,0.882,2026-03-15T15:32:58.221039,neutral,0.806,2026-03-15T15:32:57.012532,0.6275673774153434,2026-03-15T15:32:58.023000,54,,,
participant_15,3,day,Town10HD_Opt,2026-03-15 15:32:59.142464,39.61089706420898,37.7316780090332,0.0021146007347851,20.976,17.201,0.273,0.0,0,0,1,,0.911,2026-03-15T15:32:59.142464,neutral,0.836,2026-03-15T15:32:59.142464,0.7246139252854595,2026-03-15T15:32:59.014000,56,,,
participant_15,3,day,Town10HD_Opt,2026-03-15 15:33:00.053559,40.05664443969727,41.241947174072266,0.0021595759317278,18.625,2.32,0.0,0.0,0,0,1,,0.878,2026-03-15T15:33:00.053559,neutral,0.836,2026-03-15T15:32:59.142464,0.6651722616812231,2026-03-15T15:33:00.002000,57,,,
participant_15,3,day,Town10HD_Opt,2026-03-15 15:33:01.212204,40.31018829345703,44.95891952514648,0.0020306773949414,13.329,3.919,0.066,0.0,0,0,1,,0.898,2026-03-15T15:33:01.212204,neutral,0.52,2026-03-15T15:33:01.212204,0.7674517081134518,2026-03-15T15:33:00.992000,58,,,
participant_15,3,day,Town10HD_Opt,2026-03-15 15:33:02.121081,40.35352325439453,47.08535385131836,0.0020164486486464,10.527,0.865,0.0,0.0,0,0,1,,0.895,2026-03-15T15:33:02.121081,neutral,0.52,2026-03-15T15:33:01.212204,0.7190287211266005,2026-03-15T15:33:02.028000,54,,,
participant_15,3,day,Town10HD_Opt,2026-03-15 15:33:03.027729,40.37986755371094,48.72378921508789,0.0020016857888549,7.991,0.999,0.075,0.0,0,0,1,,0.853,2026-03-15T15:33:03.027729,neutral,0.52,2026-03-15T15:33:01.212204,0.7416270954106305,2026-03-15T15:33:03.018000,57,,,
participant_15,3,day,Town10HD_Opt,2026-03-15 15:33:04.208617,40.39064025878906,50.36783599853516,0.0019741056021302,5.857,0.978,0.0,0.0,0,0,1,,0.91,2026-03-15T15:33:04.208617,neutral,0.912,2026-03-15T15:33:04.208617,0.7052024945324741,2026-03-15T15:33:04.007000,57,,,
participant_15,3,day,Town10HD_Opt,2026-03-15 15:33:05.082193,40.39011764526367,51.28009796142578,0.0019621273968368,4.496,0.978,0.0,0.0,0,0,1,,0.865,2026-03-15T15:33:05.082193,neutral,0.912,2026-03-15T15:33:04.208617,0.7427358376245471,2026-03-15T15:33:04.998000,60,,,
participant_15,3,day,Town10HD_Opt,2026-03-15 15:33:06.235101,40.38501739501953,52.17557144165039,0.0019493482541292,3.114,0.978,0.0,0.0,0,0,1,,0.899,2026-03-15T15:33:06.235101,neutral,0.925,2026-03-15T15:33:06.235101,0.8083577783405473,2026-03-15T15:33:05.988000,59,,,
participant_15,3,day,Town10HD_Opt,2026-03-15 15:33:07.089205,40.38257598876953,52.45167922973633,0.0020055386703461,0.0,0.959,0.0,0.103,0,0,1,,0.949,2026-03-15T15:33:07.089205,neutral,0.925,2026-03-15T15:33:06.235101,0.7352758191796073,2026-03-15T15:33:07.022000,60,,,
participant_15,3,day,Town10HD_Opt,2026-03-15 15:33:08.220001,40.38197708129883,52.5024299621582,0.001768379821442,3.233,0.853,1.0,0.0,0,0,1,,0.876,2026-03-15T15:33:08.220001,neutral,0.925,2026-03-15T15:33:06.235101,0.7197793207473194,2026-03-15T15:33:08.013000,59,,,
participant_15,3,day,Town10HD_Opt,2026-03-15 15:33:09.102325,40.36442947387695,54.33930969238281,0.0014461918035522,19.261,-2.344,0.973,0.0,0,0,1,,0.81,2026-03-15T15:33:09.102325,neutral,0.568,2026-03-15T15:33:09.102325,0.7044745187782345,2026-03-15T15:33:09.004000,57,,,
participant_15,3,day,Town10HD_Opt,2026-03-15 15:33:10.053455,40.73479461669922,58.30817794799805,0.001878929673694,25.496,-10.506,0.468,0.0,0,0,1,,0.954,2026-03-15T15:33:10.053455,neutral,0.568,2026-03-15T15:33:09.102325,0.7307407807327021,2026-03-15T15:33:09.992000,56,,,
participant_15,3,day,Town10HD_Opt,2026-03-15 15:33:11.171462,43.05368041992188,64.15763092041016,0.0019878770690411,28.822,-13.475,0.479,0.0,0,0,1,,0.936,2026-03-15T15:33:11.171462,sad,0.626,2026-03-15T15:33:11.171462,0.7745400018917823,2026-03-15T15:33:10.984000,56,,,
participant_15,3,day,Town10HD_Opt,2026-03-15 15:33:12.062324,46.61740493774414,67.86772155761719,0.0020383452065289,30.2,-16.401,0.366,0.0,0,0,1,,0.921,2026-03-15T15:33:12.062324,sad,0.626,2026-03-15T15:33:11.171462,0.6626785464160224,2026-03-15T15:33:12.018000,58,,,
participant_15,3,day,Town10HD_Opt,2026-03-15 15:33:12.999702,51.36407470703125,69.9485092163086,0.0021163173951208,28.951,-11.363,0.231,0.0,0,0,1,,0.896,2026-03-15T15:33:12.999702,sad,0.626,2026-03-15T15:33:11.171462,0.6658756468114175,2026-03-15T15:33:13.007000,59,,,
participant_15,3,day,Town10HD_Opt,2026-03-15 15:33:14.183727,57.51288604736328,70.49752044677734,0.00219028419815,23.577,-5.917,0.204,0.0,0,0,1,,0.889,2026-03-15T15:33:14.183727,sad,0.336,2026-03-15T15:33:14.183727,0.5563336520749755,2026-03-15T15:33:13.998000,58,,,
participant_15,3,day,Town10HD_Opt,2026-03-15 15:33:15.069137,61.46604919433594,70.26716613769531,0.0020687482319772,22.242,1.652,0.341,0.0,0,0,1,,0.846,2026-03-15T15:33:15.069137,sad,0.336,2026-03-15T15:33:14.183727,0.6072637797221495,2026-03-15T15:33:14.988000,59,,,
participant_15,3,day,Town10HD_Opt,2026-03-15 15:33:16.228557,66.71763610839844,70.121826171875,0.002018318278715,23.039,0.602,0.378,0.0,0,0,1,,0.835,2026-03-15T15:33:16.228557,neutral,0.901,2026-03-15T15:33:16.228557,0.6215600380944697,2026-03-15T15:33:16.068000,63,,,
participant_15,3,day,Town10HD_Opt,2026-03-15 15:33:17.057543,70.80083465576172,70.06865692138672,0.0020391463767737,23.383,0.338,0.288,0.0,0,0,1,,0.883,2026-03-15T15:33:17.057543,neutral,0.901,2026-03-15T15:33:16.228557,0.6269337845010388,2026-03-15T15:33:17.012000,62,,,
participant_15,3,day,Town10HD_Opt,2026-03-15 15:33:18.140728,76.11720275878906,70.04415130615234,0.0020643232855945,22.35,0.367,0.472,0.0,0,0,1,,0.919,2026-03-15T15:33:18.140728,neutral,0.901,2026-03-15T15:33:16.228557,0.5338829668280336,2026-03-15T15:33:18.003000,60,,,
participant_15,3,day,Town10HD_Opt,2026-03-15 15:33:18.991423,80.20828247070312,70.06204986572266,0.0019631197210401,24.768,0.367,0.456,0.0,0,0,1,,0.851,2026-03-15T15:33:18.991423,neutral,0.696,2026-03-15T15:33:18.991423,0.6519199775200741,2026-03-15T15:33:18.993000,59,,,
participant_15,3,day,Town10HD_Opt,2026-03-15 15:33:20.131200,86.29753875732422,70.293212890625,0.0019855499267578,27.485,7.069,0.442,0.0,0,0,1,,0.833,2026-03-15T15:33:20.131200,neutral,0.696,2026-03-15T15:33:18.991423,0.5634846448887313,2026-03-15T15:33:20.028000,58,,,
participant_15,3,day,Town10HD_Opt,2026-03-15 15:33:21.250955,92.63433074951172,72.06046295166016,0.0020188521593809,29.228,12.444,0.445,0.0,0,0,1,,0.891,2026-03-15T15:33:21.250955,neutral,0.648,2026-03-15T15:33:21.250955,0.6320551398578402,2026-03-15T15:33:21.018000,53,,,
participant_15,3,day,Town10HD_Opt,2026-03-15 15:33:22.174703,96.68887329101562,75.19938659667969,0.0020537183154374,30.071,18.969,0.449,0.0,0,0,1,,0.818,2026-03-15T15:33:22.174703,neutral,0.648,2026-03-15T15:33:21.250955,0.5015642658339861,2026-03-15T15:33:22.008000,54,,,
participant_15,3,day,Town10HD_Opt,2026-03-15 15:33:23.108734,98.96172332763672,79.95845031738281,0.002058524871245,30.966,18.181,0.45,0.0,0,0,1,,0.862,2026-03-15T15:33:23.108734,neutral,0.648,2026-03-15T15:33:21.250955,0.5356939503310291,2026-03-15T15:33:22.998000,53,,,
participant_15,3,day,Town10HD_Opt,2026-03-15 15:33:24.246179,98.99698638916016,87.33479309082031,0.0020082092378288,32.698,1.457,0.445,0.0,0,0,1,,1.0,2026-03-15T15:33:24.246179,neutral,0.601,2026-03-15T15:33:24.246179,0.6703552798886963,2026-03-15T15:33:23.988000,54,,,
participant_15,3,day,Town10HD_Opt,2026-03-15 15:33:25.126668,98.45132446289062,93.11368560791016,0.0020253753755241,33.4,1.311,0.327,0.0,0,0,1,,1.0,2026-03-15T15:33:25.126668,neutral,0.601,2026-03-15T15:33:24.246179,0.5500408091823331,2026-03-15T15:33:25.023000,56,,,
participant_15,3,day,Town10HD_Opt,2026-03-15 15:33:26.224101,97.3162612915039,100.60140228271484,0.0020947263110429,31.373,3.73,0.326,0.0,0,0,1,,0.888,2026-03-15T15:33:26.224101,neutral,0.601,2026-03-15T15:33:24.246179,0.5712969347546013,2026-03-15T15:33:26.013000,53,,,
participant_15,3,day,Town10HD_Opt,2026-03-15 15:33:27.080187,95.88055419921876,105.7825927734375,0.002089538378641,29.997,4.461,0.327,0.0,0,0,1,,0.885,2026-03-15T15:33:27.080187,neutral,0.678,2026-03-15T15:33:27.080187,0.6432148773044051,2026-03-15T15:33:27.002000,55,,,
participant_15,3,day,Town10HD_Opt,2026-03-15 15:33:28.209619,93.17195892333984,112.05545043945312,0.0020741650369018,28.676,4.822,0.343,0.0,0,0,1,,0.884,2026-03-15T15:33:28.209619,neutral,0.678,2026-03-15T15:33:27.080187,0.567163239610343,2026-03-15T15:33:27.993000,53,,,
participant_15,3,day,Town10HD_Opt,2026-03-15 15:33:29.096871,90.5759048461914,116.28558349609376,0.0020650099031627,28.039,5.08,0.35,0.0,0,0,1,,1.0,2026-03-15T15:33:29.096871,neutral,0.465,2026-03-15T15:33:29.096871,0.5980226706388838,2026-03-15T15:33:29.029000,52,,,
participant_15,3,day,Town10HD_Opt,2026-03-15 15:33:30.056405,87.52433776855469,120.0808334350586,0.0020619963761419,27.6,5.834,0.351,0.0,0,0,1,,0.894,2026-03-15T15:33:30.056405,neutral,0.465,2026-03-15T15:33:29.096871,0.5597284640491137,2026-03-15T15:33:30.018000,52,,,
participant_15,3,day,Town10HD_Opt,2026-03-15 15:33:31.246514,82.73661041259766,124.28816223144533,0.0020561979617923,27.196,6.941,0.379,0.0,0,0,1,,0.874,2026-03-15T15:33:31.246514,neutral,0.583,2026-03-15T15:33:31.246514,0.5556604653074528,2026-03-15T15:33:31.007000,53,,,
participant_15,3,day,Town10HD_Opt,2026-03-15 15:33:32.199987,78.64088439941406,126.7380828857422,0.0020343016367405,27.509,4.442,0.393,0.0,0,0,1,,1.0,2026-03-15T15:33:32.199987,neutral,0.583,2026-03-15T15:33:31.246514,0.4946195286277606,2026-03-15T15:33:31.998000,55,,,
participant_15,3,day,Town10HD_Opt,2026-03-15 15:33:33.126250,74.20256042480469,128.7098846435547,0.0020238875877112,28.179,6.684,0.417,0.0,0,0,1,,0.925,2026-03-15T15:33:33.126250,neutral,0.583,2026-03-15T15:33:31.246514,0.5396005195165002,2026-03-15T15:33:32.988000,53,,,
participant_15,3,day,Town10HD_Opt,2026-03-15 15:33:34.060705,69.32566833496094,130.00379943847656,0.0019439317984506,30.651,6.312,0.613,0.0,0,0,1,,0.913,2026-03-15T15:33:34.060705,neutral,0.755,2026-03-15T15:33:34.060705,0.5697895617180188,2026-03-15T15:33:34.023000,54,,,
participant_15,3,day,Town10HD_Opt,2026-03-15 15:33:35.031168,63.61692810058594,130.64024353027344,0.0019172672182321,34.934,2.468,0.446,0.0,0,0,1,,0.958,2026-03-15T15:33:35.031168,neutral,0.755,2026-03-15T15:33:34.060705,0.5380060695150267,2026-03-15T15:33:35.013000,58,,,
participant_15,3,day,Town10HD_Opt,2026-03-15 15:33:36.245850,55.32217025756836,130.80398559570312,0.0020186617039144,36.111,1.288,0.445,0.0,0,0,1,,1.0,2026-03-15T15:33:36.245850,neutral,0.897,2026-03-15T15:33:36.245850,0.5303520149802947,2026-03-15T15:33:36.003000,58,,,
participant_15,3,day,Town10HD_Opt,2026-03-15 15:33:37.184919,48.95540237426758,130.60968017578125,0.0020229339133948,36.733,0.183,0.445,0.0,0,0,1,,0.872,2026-03-15T15:33:37.184919,neutral,0.897,2026-03-15T15:33:36.245850,0.4656333487678226,2026-03-15T15:33:36.993000,60,,,
participant_15,3,day,Town10HD_Opt,2026-03-15 15:33:38.048646,42.48771286010742,130.3811798095703,0.0020254515111446,37.27,-0.825,0.445,0.0,0,0,1,,1.0,2026-03-15T15:33:38.048646,neutral,0.897,2026-03-15T15:33:36.245850,0.4966709411058393,2026-03-15T15:33:37.983000,60,,,
participant_15,3,day,Town10HD_Opt,2026-03-15 15:33:39.265051,33.724605560302734,130.29930114746094,0.0020285034552216,37.896,-0.153,0.445,0.0,0,0,1,,1.0,2026-03-15T15:33:39.265051,neutral,0.757,2026-03-15T15:33:39.265051,0.4429880309396148,2026-03-15T15:33:39.108000,62,,,
participant_15,3,day,Town10HD_Opt,2026-03-15 15:33:40.150580,27.065719604492188,130.31253051757812,0.0020304108038544,38.276,-0.009,0.445,0.0,0,0,1,,1.0,2026-03-15T15:33:40.150580,neutral,0.757,2026-03-15T15:33:39.265051,0.3278210075397488,2026-03-15T15:33:40.008000,63,,,
participant_15,3,day,Town10HD_Opt,2026-03-15 15:33:41.026019,20.34415435791016,130.3285369873047,0.0020319747272878,38.586,0.056,0.445,0.0,0,0,1,,1.0,2026-03-15T15:33:41.026019,neutral,0.757,2026-03-15T15:33:39.265051,0.3716691819467926,2026-03-15T15:33:40.998000,68,,,
participant_15,3,day,Town10HD_Opt,2026-03-15 15:33:42.190259,11.299034118652344,130.325927734375,0.0020338057074695,38.959,0.179,0.444,0.0,0,0,1,,1.0,2026-03-15T15:33:42.190259,neutral,0.777,2026-03-15T15:33:42.190259,0.2816247180479969,2026-03-15T15:33:41.989000,67,,,
participant_15,3,day,Town10HD_Opt,2026-03-15 15:33:43.043050,4.631786823272705,130.2779998779297,0.0022307196632027,34.955,0.282,0.0,0.0,0,0,1,,1.0,2026-03-15T15:33:43.043050,neutral,0.777,2026-03-15T15:33:42.190259,0.3900307965473762,2026-03-15T15:33:43.023000,65,,,
participant_15,3,day,Town10HD_Opt,2026-03-15 15:33:44.166628,-2.3556365966796875,130.16099548339844,0.0022813405375927,24.607,0.136,0.0,0.0,0,0,1,,0.822,2026-03-15T15:33:44.166628,neutral,0.777,2026-03-15T15:33:42.190259,0.3234542078687241,2026-03-15T15:33:44.013000,63,,,
participant_15,3,day,Town10HD_Opt,2026-03-15 15:33:45.106710,-6.1677985191345215,130.08477783203125,0.002211989602074,19.06,-0.275,0.462,0.0,0,0,1,,0.926,2026-03-15T15:33:45.106710,neutral,0.899,2026-03-15T15:33:45.106710,0.3283138931129533,2026-03-15T15:33:45.003000,63,,,
participant_15,3,day,Town10HD_Opt,2026-03-15 15:33:46.215438,-11.122110366821287,130.01239013671875,0.0018278510542586,25.706,-0.045,0.642,0.0,0,0,1,,0.896,2026-03-15T15:33:46.215438,neutral,0.899,2026-03-15T15:33:45.106710,0.4160059572844184,2026-03-15T15:33:45.994000,60,,,
participant_15,3,day,Town10HD_Opt,2026-03-15 15:33:47.031899,-16.155988693237305,129.94650268554688,0.0018270118162035,32.368,-0.019,0.642,0.0,0,0,1,,1.0,2026-03-15T15:33:47.031899,neutral,0.899,2026-03-15T15:33:45.106710,0.3042440371228017,2026-03-15T15:33:47.028000,59,,,
participant_15,3,day,Town10HD_Opt,2026-03-15 15:33:48.224195,-24.566823959350582,129.81942749023438,0.0018786245491355,39.626,1.88,0.173,0.0,0,0,1,,1.0,2026-03-15T15:33:48.224195,neutral,0.746,2026-03-15T15:33:48.224195,0.332831118618751,2026-03-15T15:33:48.019000,62,,,
participant_15,3,day,Town10HD_Opt,2026-03-15 15:33:49.154094,-31.053544998168945,129.32655334472656,0.0023001851513981,32.749,7.644,0.0,0.0,0,0,1,,1.0,2026-03-15T15:33:49.154094,neutral,0.746,2026-03-15T15:33:48.224195,0.3319015427512029,2026-03-15T15:33:49.008000,62,,,
participant_15,3,day,Town10HD_Opt,2026-03-15 15:33:50.036010,-35.854373931884766,127.75682067871094,0.0022900763433426,25.345,18.518,0.287,0.0,0,0,1,,0.838,2026-03-15T15:33:50.036010,neutral,0.746,2026-03-15T15:33:48.224195,0.3123796009199269,2026-03-15T15:33:49.999000,61,,,
participant_15,3,day,Town10HD_Opt,2026-03-15 15:33:51.206880,-39.85272979736328,123.64746856689452,0.0020213318057358,26.032,18.543,0.464,0.0,0,0,1,,0.913,2026-03-15T15:33:51.206880,neutral,0.608,2026-03-15T15:33:51.206880,0.2906987716355906,2026-03-15T15:33:50.988000,64,,,
participant_15,3,day,Town10HD_Opt,2026-03-15 15:33:52.174106,-41.26162338256836,119.18767547607422,0.0036412416957318,28.233,11.262,0.46,0.0,0,0,1,,0.901,2026-03-15T15:33:52.174106,neutral,0.608,2026-03-15T15:33:51.206880,0.4073027915872673,2026-03-15T15:33:52.023000,64,,,
participant_15,3,day,Town10HD_Opt,2026-03-15 15:33:53.199502,-41.57476806640625,114.11468505859376,0.0019656375516206,30.111,-0.364,0.456,0.0,0,0,1,,0.858,2026-03-15T15:33:53.199502,neutral,0.608,2026-03-15T15:33:51.206880,0.4038818943283168,2026-03-15T15:33:53.014000,62,,,
participant_15,3,day,Town10HD_Opt,2026-03-15 15:33:54.139579,-41.69512176513672,108.71482849121094,0.001990966964513,31.746,2.473,0.456,0.0,0,0,1,,0.867,2026-03-15T15:33:54.139579,neutral,0.595,2026-03-15T15:33:54.139579,0.3611437686286106,2026-03-15T15:33:54.003000,63,,,
participant_15,3,day,Town10HD_Opt,2026-03-15 15:33:55.070958,-41.557899475097656,103.10321044921876,0.0020634841639548,31.741,-0.938,0.319,0.0,0,0,1,,0.863,2026-03-15T15:33:55.070958,neutral,0.595,2026-03-15T15:33:54.139579,0.4097260588386224,2026-03-15T15:33:54.993000,62,,,
participant_15,3,day,Town10HD_Opt,2026-03-15 15:33:56.271148,-41.5013427734375,95.91549682617188,0.0020896908827126,29.697,-0.618,0.319,0.0,0,0,1,,1.0,2026-03-15T15:33:56.271148,neutral,0.908,2026-03-15T15:33:56.271148,0.2908879264284,2026-03-15T15:33:56.028000,62,,,
participant_15,3,day,Town10HD_Opt,2026-03-15 15:33:57.234227,-41.56448745727539,90.80841827392578,0.0020819853525608,28.556,-0.508,0.36,0.0,0,0,1,,0.825,2026-03-15T15:33:57.234227,neutral,0.908,2026-03-15T15:33:56.271148,0.4058617582430224,2026-03-15T15:33:57.018000,61,,,
participant_15,3,day,Town10HD_Opt,2026-03-15 15:33:58.110641,-41.645633697509766,85.84606170654297,0.002055816585198,28.183,1.293,0.346,0.0,0,0,1,,1.0,2026-03-15T15:33:58.110641,neutral,0.908,2026-03-15T15:33:56.271148,0.3862243382865075,2026-03-15T15:33:58.008000,63,,,
participant_15,3,day,Town10HD_Opt,2026-03-15 15:33:59.030191,-41.48769760131836,80.9735107421875,0.0020714185666292,27.37,7.107,0.327,0.0,0,0,1,,1.0,2026-03-15T15:33:59.030191,sad,0.484,2026-03-15T15:33:59.030191,0.4497412319049689,2026-03-15T15:33:58.999000,65,,,
participant_15,3,day,Town10HD_Opt,2026-03-15 15:34:00.262186,-39.73436737060547,75.07088470458984,0.0021210857667028,25.846,21.884,0.359,0.0,0,0,1,,0.892,2026-03-15T15:34:00.262186,sad,0.484,2026-03-15T15:33:59.030191,0.3460581238064306,2026-03-15T15:33:59.988000,68,,,
participant_15,3,day,Town10HD_Opt,2026-03-15 15:34:01.152413,-36.50766372680664,72.03250122070312,0.0020989223849028,25.573,21.729,0.378,0.0,0,0,1,,1.0,2026-03-15T15:34:01.152413,sad,0.381,2026-03-15T15:34:01.152413,0.3535582130987079,2026-03-15T15:34:01.023000,68,,,
participant_15,3,day,Town10HD_Opt,2026-03-15 15:34:02.091171,-32.274654388427734,70.57160186767578,0.0020442581735551,26.041,5.858,0.378,0.0,0,0,1,,0.849,2026-03-15T15:34:02.091171,sad,0.381,2026-03-15T15:34:01.152413,0.3571529643493404,2026-03-15T15:34:02.014000,65,,,
participant_15,3,day,Town10HD_Opt,2026-03-15 15:34:03.030848,-27.758007049560547,69.76403045654297,0.0020372772123664,26.416,8.961,0.39,0.0,0,0,1,,0.852,2026-03-15T15:34:03.030848,sad,0.381,2026-03-15T15:34:01.152413,0.3831218472196531,2026-03-15T15:34:03.003000,62,,,
participant_15,3,day,Town10HD_Opt,2026-03-15 15:34:04.237210,-21.51719856262207,69.75885772705078,0.0020245360210537,27.219,-2.047,0.39,0.0,0,0,1,,1.0,2026-03-15T15:34:04.237210,neutral,0.458,2026-03-15T15:34:04.237210,0.3741004537092031,2026-03-15T15:34:03.993000,61,,,
participant_15,3,day,Town10HD_Opt,2026-03-15 15:34:05.110835,-16.710216522216797,69.79547882080078,0.0020257185678929,27.764,1.358,0.39,0.0,0,0,1,,1.0,2026-03-15T15:34:05.110835,neutral,0.458,2026-03-15T15:34:04.237210,0.3931067646076441,2026-03-15T15:34:05.029000,60,,,
participant_15,3,day,Town10HD_Opt,2026-03-15 15:34:05.991559,-11.813665390014648,69.92599487304688,0.0020276259165257,28.253,0.418,0.391,0.0,0,0,1,,1.0,2026-03-15T15:34:05.991559,neutral,0.458,2026-03-15T15:34:04.237210,0.337098780068362,2026-03-15T15:34:06.018000,63,,,
participant_15,3,day,Town10HD_Opt,2026-03-15 15:34:07.107326,-5.181028842926025,70.13428497314453,0.0020585632883012,28.159,-0.74,0.31,0.0,0,0,1,,1.0,2026-03-15T15:34:07.107326,neutral,0.9,2026-03-15T15:34:07.107326,0.3492378452994844,2026-03-15T15:34:07.009000,62,,,
participant_15,3,day,Town10HD_Opt,2026-03-15 15:34:07.997625,-0.3393271565437317,70.18739318847656,0.0020824812818318,26.999,-0.402,0.31,0.0,0,0,1,,1.0,2026-03-15T15:34:07.997625,neutral,0.9,2026-03-15T15:34:07.107326,0.402825215954052,2026-03-15T15:34:07.998000,62,,,
participant_15,3,day,Town10HD_Opt,2026-03-15 15:34:09.126203,5.740139007568359,70.14456939697266,0.0021746058482676,23.592,0.223,0.0,0.0,0,0,1,,0.838,2026-03-15T15:34:09.126203,neutral,0.937,2026-03-15T15:34:09.126203,0.4291519785605768,2026-03-15T15:34:09.033000,66,,,
participant_15,3,day,Town10HD_Opt,2026-03-15 15:34:10.249475,10.40103816986084,70.0994644165039,0.001966132549569,16.492,0.023,0.0,0.0,0,0,1,,0.837,2026-03-15T15:34:10.249475,neutral,0.937,2026-03-15T15:34:09.126203,0.4138054074628168,2026-03-15T15:34:10.023000,68,,,
participant_15,3,day,Town10HD_Opt,2026-03-15 15:34:11.071480,13.055770874023438,70.07469940185547,0.0019481275230646,14.673,-0.026,0.24,0.0,0,0,1,,0.826,2026-03-15T15:34:11.071480,neutral,0.937,2026-03-15T15:34:09.126203,0.3029023387970436,2026-03-15T15:34:11.014000,70,,,
participant_15,3,day,Town10HD_Opt,2026-03-15 15:34:11.990375,15.63493537902832,70.05208587646484,0.0019290923373773,14.591,0.148,0.258,0.0,0,0,1,,0.836,2026-03-15T15:34:11.990375,neutral,0.607,2026-03-15T15:34:11.990375,0.3649865687871653,2026-03-15T15:34:12.004000,69,,,
participant_15,3,day,Town10HD_Opt,2026-03-15 15:34:13.115398,19.23953628540039,70.02992248535156,0.0018678666092455,16.591,0.139,0.305,0.0,0,0,1,,0.866,2026-03-15T15:34:13.115398,neutral,0.607,2026-03-15T15:34:11.990375,0.3789650208147473,2026-03-15T15:34:12.994000,66,,,
participant_15,3,day,Town10HD_Opt,2026-03-15 15:34:14.244075,22.84344482421875,70.01699829101562,0.0020598215050995,12.579,0.129,0.0,0.12,0,0,1,,0.847,2026-03-15T15:34:14.244075,neutral,0.495,2026-03-15T15:34:14.244075,0.2831398754134829,2026-03-15T15:34:14.029000,64,,,
participant_15,3,day,Town10HD_Opt,2026-03-15 15:34:15.112398,24.73556900024414,70.01393127441406,0.0020297998562455,9.042,0.129,0.0,0.003,0,0,1,,0.836,2026-03-15T15:34:15.112398,neutral,0.495,2026-03-15T15:34:14.244075,0.3307444383775695,2026-03-15T15:34:15.018000,61,,,
participant_15,3,day,Town10HD_Opt,2026-03-15 15:34:15.989148,26.09816551208496,70.01335906982422,0.0020193096715956,6.121,0.129,0.0,0.118,0,0,1,,0.821,2026-03-15T15:34:15.989148,neutral,0.495,2026-03-15T15:34:14.244075,0.2413265489358212,2026-03-15T15:34:16.008000,59,,,
participant_15,3,day,Town10HD_Opt,2026-03-15 15:34:17.095991,26.49357795715332,70.01343536376953,0.0019588468130677,0.003,0.129,0.0,0.0,0,0,1,,0.867,2026-03-15T15:34:17.095991,neutral,0.714,2026-03-15T15:34:17.095991,0.2827076062691253,2026-03-15T15:34:16.999000,60,,,
participant_15,3,day,Town10HD_Opt,2026-03-15 15:34:18.008832,26.915014266967773,70.01154327392578,0.0015562833286821,8.513,-1.255,0.855,0.0,0,0,1,,0.948,2026-03-15T15:34:18.008832,neutral,0.714,2026-03-15T15:34:17.095991,0.3438452237228176,2026-03-15T15:34:18.033000,60,,,errors=Stop sign violation
participant_15,3,day,Town10HD_Opt,2026-03-15 15:34:19.183813,30.52915954589844,69.77462005615234,0.001908226753585,20.834,-7.789,0.625,0.0,0,0,1,,1.0,2026-03-15T15:34:19.183813,sad,0.474,2026-03-15T15:34:19.183813,0.2325388966858809,2026-03-15T15:34:19.029000,60,,,
participant_15,3,day,Town10HD_Opt,2026-03-15 15:34:20.109604,34.49106979370117,68.78907775878906,0.001886787940748,26.032,-13.826,0.569,0.0,0,0,1,,0.869,2026-03-15T15:34:20.109604,sad,0.474,2026-03-15T15:34:19.183813,0.273002489044064,2026-03-15T15:34:20.013000,62,,,
participant_15,3,day,Town10HD_Opt,2026-03-15 15:34:21.262943,39.88451766967773,65.57482147216797,0.0022708121687173,23.39,-8.594,0.0,0.405,0,0,1,,0.843,2026-03-15T15:34:21.262943,neutral,0.515,2026-03-15T15:34:21.262943,0.2235551266975823,2026-03-15T15:34:21.003000,63,,,
participant_15,3,day,Town10HD_Opt,2026-03-15 15:34:22.127164,41.82811737060547,63.78758239746094,0.0029859119094908,0.003,-9.907,0.0,0.422,0,0,1,,0.933,2026-03-15T15:34:22.127164,neutral,0.515,2026-03-15T15:34:21.262943,0.2666580060981848,2026-03-15T15:34:21.993000,63,,,
participant_15,3,day,Town10HD_Opt,2026-03-15 15:34:23.221583,41.82907104492188,63.7865104675293,0.0019299697596579,0.003,-9.043,0.0,0.0,0,0,1,,1.0,2026-03-15T15:34:23.221583,neutral,0.515,2026-03-15T15:34:21.262943,0.3077661922953413,2026-03-15T15:34:23.029000,63,,,
participant_15,3,day,Town10HD_Opt,2026-03-15 15:34:24.107219,41.84548568725586,63.76743698120117,0.0018249133136123,2.233,-12.857,0.949,0.0,0,0,1,,0.859,2026-03-15T15:34:24.107219,sad,0.34,2026-03-15T15:34:24.107219,0.1547044805673384,2026-03-15T15:34:24.019000,60,,,
participant_15,3,day,Town10HD_Opt,2026-03-15 15:34:25.236312,43.25478363037109,61.61764907836914,0.0017668165965005,19.902,-16.955,0.698,0.0,0,0,1,,0.842,2026-03-15T15:34:25.236312,sad,0.34,2026-03-15T15:34:24.107219,0.200740521671477,2026-03-15T15:34:25.008000,59,,,
participant_15,3,day,Town10HD_Opt,2026-03-15 15:34:26.086953,44.51453399658203,58.02937698364258,0.0020425033289939,22.357,-16.332,0.18,0.0,0,0,1,,0.902,2026-03-15T15:34:26.086953,sad,0.34,2026-03-15T15:34:24.107219,0.2294813366603786,2026-03-15T15:34:25.998000,58,,,
participant_15,3,day,Town10HD_Opt,2026-03-15 15:34:27.246418,44.67182159423828,53.31887435913086,0.0021197122987359,18.169,-7.663,0.141,0.0,0,0,1,,0.841,2026-03-15T15:34:27.246418,angry,0.566,2026-03-15T15:34:27.246418,0.2733471589827365,2026-03-15T15:34:27.033000,55,,,
participant_15,3,day,Town10HD_Opt,2026-03-15 15:34:28.106715,44.36611175537109,50.14776611328125,0.0026158150285482,19.405,0.921,0.666,0.0,0,0,1,,0.928,2026-03-15T15:34:28.106715,angry,0.566,2026-03-15T15:34:27.246418,0.2276409107835267,2026-03-15T15:34:28.113000,55,,,
participant_15,3,day,Town10HD_Opt,2026-03-15 15:34:28.999415,44.11707305908203,46.16734313964844,0.0015285121044144,27.03,1.481,0.685,0.0,0,0,1,,0.954,2026-03-15T15:34:28.999415,angry,0.566,2026-03-15T15:34:27.246418,0.3456204942762886,2026-03-15T15:34:29.058000,54,,,
participant_15,3,day,Town10HD_Opt,2026-03-15 15:34:30.180327,44.00830841064453,39.08196640014648,0.0021059033460915,30.1,7.682,0.0,0.0,0,0,1,,0.944,2026-03-15T15:34:30.180327,sad,0.487,2026-03-15T15:34:30.180327,0.1847404511470939,2026-03-15T15:34:30.010000,57,,,
participant_15,3,day,Town10HD_Opt,2026-03-15 15:34:31.069409,44.88984298706055,34.44264602661133,0.002181930001825,25.102,14.577,0.402,0.0,0,0,1,,0.902,2026-03-15T15:34:31.069409,sad,0.487,2026-03-15T15:34:30.180327,0.2570737080382101,2026-03-15T15:34:30.993000,56,,,
participant_15,3,day,Town10HD_Opt,2026-03-15 15:34:32.180392,48.40774917602539,29.50858497619629,0.0019222263945266,29.562,18.558,0.613,0.0,0,0,1,,1.0,2026-03-15T15:34:32.180392,neutral,0.443,2026-03-15T15:34:32.180392,0.236482314376807,2026-03-15T15:34:32.028000,56,,,
participant_15,3,day,Town10HD_Opt,2026-03-15 15:34:33.050477,53.34185409545898,27.10944557189941,0.001977844396606,33.297,15.112,0.231,0.0,0,0,1,,1.0,2026-03-15T15:34:33.050477,neutral,0.443,2026-03-15T15:34:32.180392,0.2441932055947845,2026-03-15T15:34:33.018000,57,,,
participant_15,3,day,Town10HD_Opt,2026-03-15 15:34:34.169563,60.51421737670898,26.19013214111328,0.0021810145117342,28.29,-0.773,0.173,0.0,0,0,1,,0.926,2026-03-15T15:34:34.169563,neutral,0.443,2026-03-15T15:34:32.180392,0.2553014926794451,2026-03-15T15:34:34.008000,56,,,
participant_15,3,day,Town10HD_Opt,2026-03-15 15:34:35.056165,65.0821304321289,25.72229766845703,0.0021664805244654,23.999,0.949,0.173,0.0,0,0,1,,0.862,2026-03-15T15:34:35.056165,sad,0.355,2026-03-15T15:34:35.056165,0.2773102735147295,2026-03-15T15:34:34.998000,57,,,
participant_15,3,day,Town10HD_Opt,2026-03-15 15:34:36.253932,70.22699737548828,25.33351707458496,0.002124938648194,20.282,1.344,0.298,0.0,0,0,1,,0.911,2026-03-15T15:34:36.253932,sad,0.355,2026-03-15T15:34:35.056165,0.2012735833516279,2026-03-15T15:34:36.034000,59,,,
participant_15,3,day,Town10HD_Opt,2026-03-15 15:34:37.163114,73.60381317138672,25.183683395385746,0.0019627755973488,17.593,1.589,0.0,0.0,0,0,1,,0.917,2026-03-15T15:34:37.163114,neutral,0.466,2026-03-15T15:34:37.163114,0.1798812545575627,2026-03-15T15:34:37.024000,57,,,
participant_15,3,day,Town10HD_Opt,2026-03-15 15:34:38.030973,76.36381530761719,25.136404037475582,0.002042464679107,13.636,1.57,0.102,0.0,0,0,1,,0.889,2026-03-15T15:34:38.030973,neutral,0.466,2026-03-15T15:34:37.163114,0.1356213028127765,2026-03-15T15:34:38.016000,59,,,
participant_15,3,day,Town10HD_Opt,2026-03-15 15:34:39.140964,80.5843505859375,25.18350982666016,0.0016502394573763,26.922,1.514,1.0,0.0,0,0,1,,0.915,2026-03-15T15:34:39.140964,neutral,0.466,2026-03-15T15:34:37.163114,0.2072802969476918,2026-03-15T15:34:39.004000,62,,,errors=Red light violation
participant_15,3,day,Town10HD_Opt,2026-03-15 15:34:40.256159,89.14301300048828,25.462814331054688,0.0016448226524516,45.689,-4.881,0.55,0.0,0,0,1,,1.0,2026-03-15T15:34:40.256159,neutral,0.64,2026-03-15T15:34:40.256159,0.3141848151320185,2026-03-15T15:34:39.993000,60,,,
participant_15,3,day,Town10HD_Opt,2026-03-15 15:34:41.097379,97.09361267089844,24.34026336669922,0.0021319196093827,44.491,-11.776,0.291,0.0,0,0,1,,0.844,2026-03-15T15:34:41.097379,neutral,0.64,2026-03-15T15:34:40.256159,0.2038125389165876,2026-03-15T15:34:41.029000,62,,,
participant_15,3,day,Town10HD_Opt,2026-03-15 15:34:42.171584,104.68366241455078,18.894454956054688,0.0023419179487973,35.329,-15.243,0.0,0.0,0,0,1,,0.83,2026-03-15T15:34:42.171584,neutral,0.64,2026-03-15T15:34:40.256159,0.2474329131591143,2026-03-15T15:34:42.018000,62,,,
participant_15,3,day,Town10HD_Opt,2026-03-15 15:34:42.996250,106.80184936523438,13.87168312072754,0.0022977057378739,27.919,-13.609,0.856,0.0,0,0,1,,0.838,2026-03-15T15:34:42.996250,neutral,0.373,2026-03-15T15:34:42.996250,0.3154057490075668,2026-03-15T15:34:43.009000,60,,,
participant_15,3,day,Town10HD_Opt,2026-03-15 15:34:44.154076,107.21519470214844,5.789847373962402,0.0015833298675715,43.981,-1.318,0.962,0.0,0,0,1,,0.879,2026-03-15T15:34:44.154076,neutral,0.373,2026-03-15T15:34:42.996250,0.228094725538718,2026-03-15T15:34:43.999000,61,,,
participant_15,3,day,Town10HD_Opt,2026-03-15 15:34:45.006971,107.05715942382812,-2.9014534950256348,0.0020357512403279,49.318,1.175,1.0,0.0,0,0,1,,0.832,2026-03-15T15:34:45.006971,neutral,0.865,2026-03-15T15:34:45.006971,0.2866331721260658,2026-03-15T15:34:45.044000,59,,,
participant_15,3,day,Town10HD_Opt,2026-03-15 15:34:46.043825,107.19564056396484,-14.55046844482422,0.0021652597934007,49.064,-0.632,0.978,0.0,0,0,1,,0.919,2026-03-15T15:34:46.043825,neutral,0.865,2026-03-15T15:34:45.006971,0.3019710675912543,2026-03-15T15:34:46.024000,58,,,
participant_15,3,day,Town10HD_Opt,2026-03-15 15:34:47.080301,106.98300170898438,-26.21451187133789,0.0018944937037304,51.93,-3.57,0.0,0.146,0,0,1,,0.919,2026-03-15T15:34:47.080301,angry,0.846,2026-03-15T15:34:47.080301,0.2737560487890058,2026-03-15T15:34:47.024000,59,,,errors=Solid line crossing
participant_15,3,day,Town10HD_Opt,2026-03-15 15:34:48.180350,104.63308715820312,-37.77407455444336,0.0019670871552079,50.978,-5.451,0.0,0.148,0,0,1,,0.958,2026-03-15T15:34:48.180350,angry,0.846,2026-03-15T15:34:47.080301,0.3123032755943168,2026-03-15T15:34:48.004000,62,,,
participant_15,3,day,Town10HD_Opt,2026-03-15 15:34:48.989182,100.92192840576172,-45.6186752319336,0.0018381125992164,52.176,-5.602,0.0,0.201,0,0,1,,0.946,2026-03-15T15:34:48.989182,angry,0.846,2026-03-15T15:34:47.080301,0.4474347115435141,2026-03-15T15:34:48.998000,60,,,
participant_15,3,day,Town10HD_Opt,2026-03-15 15:34:50.112044,93.26519012451172,-54.54074478149414,0.0020795057062059,49.84,-5.538,0.967,0.0,0,0,1,,0.972,2026-03-15T15:34:50.112044,neutral,0.709,2026-03-15T15:34:50.112044,0.4553035000288895,2026-03-15T15:34:50.029000,62,,,
participant_15,3,day,Town10HD_Opt,2026-03-15 15:34:51.246128,83.40193939208984,-60.73596954345703,0.0022017282899469,48.778,-3.86,0.967,0.0,0,0,1,,0.906,2026-03-15T15:34:51.246128,neutral,0.709,2026-03-15T15:34:50.112044,0.4819812626029405,2026-03-15T15:34:51.064000,62,,,
participant_15,3,day,Town10HD_Opt,2026-03-15 15:34:52.169832,75.0936279296875,-63.71146774291992,0.0022072212304919,48.714,-3.855,0.967,0.0,0,0,1,,0.926,2026-03-15T15:34:52.169832,angry,0.651,2026-03-15T15:34:52.169832,0.4151481292520273,2026-03-15T15:34:52.009000,62,,,
participant_15,3,day,Town10HD_Opt,2026-03-15 15:34:53.019249,66.4913558959961,-65.29900360107422,0.0022308724001049,47.702,-3.811,0.967,0.0,0,0,1,,0.895,2026-03-15T15:34:53.019249,angry,0.651,2026-03-15T15:34:52.169832,0.52319034428094,2026-03-15T15:34:52.998000,58,,,
participant_15,3,day,Town10HD_Opt,2026-03-15 15:34:54.240246,54.89308166503906,-65.82286071777344,0.0021242902148514,50.066,0.766,0.967,0.0,0,0,1,,0.834,2026-03-15T15:34:54.240246,neutral,0.542,2026-03-15T15:34:54.240246,0.570233652669084,2026-03-15T15:34:54.043000,59,,,
participant_15,3,day,Town10HD_Opt,2026-03-15 15:34:55.156400,46.13517379760742,-66.1904067993164,0.0021299740765243,49.274,-0.204,0.967,0.0,0,0,1,,0.916,2026-03-15T15:34:55.156400,neutral,0.542,2026-03-15T15:34:54.240246,0.4956017067728723,2026-03-15T15:34:55.023000,56,,,
participant_15,3,day,Town10HD_Opt,2026-03-15 15:34:56.025041,37.3193588256836,-66.51016998291016,0.0021670907735824,49.19,-0.19,0.967,0.0,0,0,1,,0.927,2026-03-15T15:34:56.025041,neutral,0.542,2026-03-15T15:34:54.240246,0.5096462663899249,2026-03-15T15:34:56.013000,57,,,
participant_15,3,day,Town10HD_Opt,2026-03-15 15:34:57.143178,25.65217971801757,-66.82730865478516,0.001941948197782,50.92,-0.073,0.0,0.0,0,0,1,,0.904,2026-03-15T15:34:57.143178,neutral,0.586,2026-03-15T15:34:57.143178,0.4354627537883229,2026-03-15T15:34:57.004000,59,,,
participant_15,3,day,Town10HD_Opt,2026-03-15 15:34:58.216688,15.004409790039062,-67.05522918701172,0.0023789203260093,38.214,-0.073,0.0,0.0,0,0,1,,0.883,2026-03-15T15:34:58.216688,neutral,0.586,2026-03-15T15:34:57.143178,0.6046540559332069,2026-03-15T15:34:57.994000,58,,,
participant_15,4,day,Town10HD_Opt,2026-03-15 15:45:00.000000,-41.66858673095703,89.7454833984375,0.580491840839386,17.368,5.893,0.498,0.0,0,0,1,,1.0,2026-03-15T15:45:00,,,2026-03-15T15:45:00,0.8570228374958827,2026-03-15T15:45:00,56,,,
participant_15,4,day,Town10HD_Opt,2026-03-15 15:45:04.596357,-41.54966735839844,82.54132843017578,0.0018890762003138,17.463,6.955,0.542,0.0,0,0,1,,0.914,2026-03-15T15:45:04.596357,,,2026-03-15T15:45:04.596357,0.8949955608888399,2026-03-15T15:45:04.951000,59,,,
participant_15,4,day,Town10HD_Opt,2026-03-15 15:45:05.250319,-41.26298904418945,80.43081665039062,0.0020692443940788,18.697,9.255,0.435,0.0,0,0,1,,1.0,2026-03-15T15:45:05.250319,,,2026-03-15T15:45:04.596357,0.9247979954692706,2026-03-15T15:45:05.939000,57,,,
participant_15,4,day,Town10HD_Opt,2026-03-15 15:45:06.273604,-40.27951049804688,77.15275573730469,0.0019831084646284,20.804,14.229,0.443,0.0,0,0,1,,1.0,2026-03-15T15:45:06.273604,,,2026-03-15T15:45:04.596357,0.8856178677754639,2026-03-15T15:45:06.929000,59,,,
participant_15,4,day,Town10HD_Opt,2026-03-15 15:45:07.313584,-38.2166633605957,73.96195983886719,0.0020032881293445,23.022,18.124,0.438,0.0,0,0,1,,1.0,2026-03-15T15:45:07.313584,sad,0.376,2026-03-15T15:45:07.313584,0.8617228713794144,2026-03-15T15:45:07.966000,57,,,
participant_15,4,day,Town10HD_Opt,2026-03-15 15:45:08.308681,-34.92461395263672,71.44326782226562,0.0020063780248165,24.934,14.82,0.439,0.0,0,0,1,,1.0,2026-03-15T15:45:08.308681,sad,0.376,2026-03-15T15:45:07.313584,0.8792024682629808,2026-03-15T15:45:08.954000,59,,,
participant_15,4,day,Town10HD_Opt,2026-03-15 15:45:08.989303,-32.199485778808594,70.29139709472656,0.0020013807807117,26.054,11.549,0.44,0.0,0,0,1,,1.0,2026-03-15T15:45:08.989303,sad,0.376,2026-03-15T15:45:07.313584,0.9611298572895616,2026-03-15T15:45:08.954000,60,,,
participant_15,4,day,Town10HD_Opt,2026-03-15 15:45:09.991864,-27.59329605102539,69.37680053710938,0.0019981383811682,27.89,9.26,0.445,0.0,0,0,1,,1.0,2026-03-15T15:45:09.991864,neutral,0.564,2026-03-15T15:45:09.991864,0.841885248760734,2026-03-15T15:45:09.944000,58,,,
participant_15,4,day,Town10HD_Opt,2026-03-15 15:45:11.245534,-20.85529518127441,69.45277404785156,0.0019906996749341,30.021,-1.789,0.449,0.0,0,0,1,,0.805,2026-03-15T15:45:11.245534,neutral,0.564,2026-03-15T15:45:09.991864,0.771022819514879,2026-03-15T15:45:12.060000,60,,,
participant_15,4,day,Town10HD_Opt,2026-03-15 15:45:12.196807,-15.466806411743164,69.54310607910156,0.0019905089866369,31.692,-0.078,0.458,0.0,0,0,1,,1.0,2026-03-15T15:45:12.196807,neutral,0.698,2026-03-15T15:45:12.196807,0.7642344309091811,2026-03-15T15:45:12.960000,62,,,
participant_15,4,day,Town10HD_Opt,2026-03-15 15:45:13.223375,-9.80248737335205,69.63310241699219,0.0019932554569095,33.22,0.202,0.46,0.0,0,0,1,,1.0,2026-03-15T15:45:13.223375,neutral,0.698,2026-03-15T15:45:12.196807,0.7213803110843137,2026-03-15T15:45:13.950000,63,,,
participant_15,4,day,Town10HD_Opt,2026-03-15 15:45:14.211477,-3.886039018630981,69.76625061035156,0.0020008848514407,34.528,-0.277,0.453,0.0,0,0,1,,1.0,2026-03-15T15:45:14.211477,sad,0.45,2026-03-15T15:45:14.211477,0.653492290062678,2026-03-15T15:45:14.984000,61,,,
participant_15,4,day,Town10HD_Opt,2026-03-15 15:45:15.136587,2.2331252098083496,69.85478973388672,0.0020135117229074,35.469,-0.407,0.443,0.0,0,0,1,,1.0,2026-03-15T15:45:15.136587,sad,0.45,2026-03-15T15:45:14.211477,0.6997976596019667,2026-03-15T15:45:15.929000,60,,,
participant_15,4,day,Town10HD_Opt,2026-03-15 15:45:16.057710,8.472309112548828,69.879150390625,0.0020519637037068,35.557,-0.256,0.331,0.0,0,0,1,,1.0,2026-03-15T15:45:16.057710,sad,0.45,2026-03-15T15:45:14.211477,0.6978704066126626,2026-03-15T15:45:15.929000,62,,,
participant_15,4,day,Town10HD_Opt,2026-03-15 15:45:17.012557,14.31851577758789,69.86506652832031,0.0022694014478474,29.581,-0.031,0.0,0.0,0,0,1,,1.0,2026-03-15T15:45:17.012557,neutral,0.483,2026-03-15T15:45:17.012557,0.6516843219669601,2026-03-15T15:45:16.963000,61,,,
participant_15,4,day,Town10HD_Opt,2026-03-15 15:45:18.228161,20.04996490478516,69.84040069580078,0.0023435209877789,17.344,-0.066,0.0,0.733,0,0,1,,1.0,2026-03-15T15:45:18.228161,neutral,0.483,2026-03-15T15:45:17.012557,0.602998882618622,2026-03-15T15:45:18.944000,57,,,errors=Harsh braking
participant_15,4,day,Town10HD_Opt,2026-03-15 15:45:19.210244,20.638139724731445,69.83722686767578,0.0020738600287586,0.0,-0.066,0.0,0.402,0,0,1,,1.0,2026-03-15T15:45:19.210244,sad,0.693,2026-03-15T15:45:19.210244,0.610938794952756,2026-03-15T15:45:19.935000,57,,,
participant_15,4,day,Town10HD_Opt,2026-03-15 15:45:20.110226,20.63892364501953,69.83722686767578,0.0019251632038503,0.134,0.031,0.049,0.0,0,0,1,,1.0,2026-03-15T15:45:20.110226,sad,0.693,2026-03-15T15:45:19.210244,0.6863118832387194,2026-03-15T15:45:20.924000,56,,,
participant_15,4,day,Town10HD_Opt,2026-03-15 15:45:21.023864,20.83624267578125,69.83631896972656,0.0016885375371202,5.229,0.035,0.506,0.0,0,0,1,,1.0,2026-03-15T15:45:21.023864,sad,0.693,2026-03-15T15:45:19.210244,0.7203332782995527,2026-03-15T15:45:20.924000,56,,,
participant_15,4,day,Town10HD_Opt,2026-03-15 15:45:22.006924,22.28901481628418,69.82879638671875,0.0016561889788135,12.681,0.005,0.585,0.0,0,0,1,,1.0,2026-03-15T15:45:22.006924,neutral,0.651,2026-03-15T15:45:22.006924,0.6590205344612754,2026-03-15T15:45:21.985000,56,,,
participant_15,4,day,Town10HD_Opt,2026-03-15 15:45:23.050062,24.87323951721192,69.80355072021484,0.0018770217429846,15.486,-0.472,0.243,0.0,0,0,1,,0.909,2026-03-15T15:45:23.050062,neutral,0.651,2026-03-15T15:45:22.006924,0.6149296498532427,2026-03-15T15:45:22.950000,56,,,errors=Stop sign violation
participant_15,4,day,Town10HD_Opt,2026-03-15 15:45:24.279189,28.60444068908692,69.51759338378906,0.0018678283086046,17.167,-10.072,0.345,0.0,0,0,1,,0.866,2026-03-15T15:45:24.279189,neutral,0.898,2026-03-15T15:45:24.279189,0.5830392854785367,2026-03-15T15:45:24.929000,64,,,
participant_15,4,day,Town10HD_Opt,2026-03-15 15:45:25.218205,31.63533401489257,68.70865631103516,0.0020627593621611,18.541,-10.732,0.463,0.0,0,0,1,,0.908,2026-03-15T15:45:25.218205,neutral,0.898,2026-03-15T15:45:24.279189,0.6146777267565491,2026-03-15T15:45:25.964000,60,,,
participant_15,4,day,Town10HD_Opt,2026-03-15 15:45:26.133554,34.810977935791016,67.28688049316406,0.00195690151304,21.513,-9.2,0.465,0.0,0,0,1,,0.875,2026-03-15T15:45:26.133554,neutral,0.898,2026-03-15T15:45:24.279189,0.6988541641693053,2026-03-15T15:45:26.954000,58,,,
participant_15,4,day,Town10HD_Opt,2026-03-15 15:45:27.028021,38.11806488037109,65.07060241699219,0.0019610975868999,24.301,-9.143,0.468,0.0,0,0,1,,1.0,2026-03-15T15:45:27.028021,neutral,0.986,2026-03-15T15:45:27.028021,0.6509753404320577,2026-03-15T15:45:26.954000,58,,,
participant_15,4,day,Town10HD_Opt,2026-03-15 15:45:27.995503,41.21527862548828,61.89910888671875,0.0019814299885183,26.677,-12.033,0.46,0.0,0,0,1,,1.0,2026-03-15T15:45:27.995503,neutral,0.986,2026-03-15T15:45:27.028021,0.6559268300535147,2026-03-15T15:45:27.944000,57,,,
participant_15,4,day,Town10HD_Opt,2026-03-15 15:45:29.285469,43.95367431640625,56.09437942504883,0.0020197294652462,28.698,-12.565,0.421,0.0,0,0,1,,1.0,2026-03-15T15:45:29.285469,sad,0.687,2026-03-15T15:45:29.285469,0.6044393132083963,2026-03-15T15:45:29.923000,56,,,
participant_15,4,day,Town10HD_Opt,2026-03-15 15:45:30.246844,44.4636116027832,51.23710632324219,0.002201538067311,25.495,-6.144,0.0,0.0,0,0,1,,0.838,2026-03-15T15:45:30.246844,sad,0.687,2026-03-15T15:45:29.285469,0.6392572015022918,2026-03-15T15:45:31.049000,56,,,
participant_15,4,day,Town10HD_Opt,2026-03-15 15:45:31.194536,44.32789611816406,47.281131744384766,0.0022337341215461,19.717,-0.482,0.173,0.0,0,0,1,,0.872,2026-03-15T15:45:31.194536,sad,0.687,2026-03-15T15:45:29.285469,0.6555410810264855,2026-03-15T15:45:31.949000,55,,,
participant_15,4,day,Town10HD_Opt,2026-03-15 15:45:32.121290,44.21094512939453,44.06631851196289,0.002022094791755,18.158,2.313,0.274,0.0,0,0,1,,1.0,2026-03-15T15:45:32.121290,neutral,0.832,2026-03-15T15:45:32.121290,0.6148522232426136,2026-03-15T15:45:32.940000,54,,,
participant_15,4,day,Town10HD_Opt,2026-03-15 15:45:33.048654,44.25459289550781,40.90121841430664,0.0020462034735828,18.013,5.096,0.364,0.0,0,0,1,,0.833,2026-03-15T15:45:33.048654,neutral,0.832,2026-03-15T15:45:32.121290,0.5647076969697634,2026-03-15T15:45:32.940000,56,,,
participant_15,4,day,Town10HD_Opt,2026-03-15 15:45:34.266133,44.99347686767578,36.73442077636719,0.002047843998298,18.415,17.316,0.346,0.0,0,0,1,,0.907,2026-03-15T15:45:34.266133,neutral,0.636,2026-03-15T15:45:34.266133,0.6169045984037183,2026-03-15T15:45:34.964000,60,,,
participant_15,4,day,Town10HD_Opt,2026-03-15 15:45:35.191811,46.5230598449707,33.87454605102539,0.0020481490064412,18.889,16.893,0.347,0.0,0,0,1,,0.811,2026-03-15T15:45:35.191811,neutral,0.636,2026-03-15T15:45:34.266133,0.5554448220873625,2026-03-15T15:45:35.999000,58,,,
participant_15,4,day,Town10HD_Opt,2026-03-15 15:45:36.077497,48.833641052246094,31.486366271972656,0.0020538328681141,19.251,16.893,0.334,0.0,0,0,1,,1.0,2026-03-15T15:45:36.077497,neutral,0.636,2026-03-15T15:45:34.266133,0.6541431124758431,2026-03-15T15:45:35.999000,58,,,
participant_15,4,day,Town10HD_Opt,2026-03-15 15:45:36.991868,51.7559700012207,29.816085815429688,0.0020598219707608,19.404,16.488,0.329,0.0,0,0,1,,1.0,2026-03-15T15:45:36.991868,neutral,0.442,2026-03-15T15:45:36.991868,0.6066800058875684,2026-03-15T15:45:37.034000,59,,,
participant_15,4,day,Town10HD_Opt,2026-03-15 15:45:38.220105,55.995262145996094,28.44948005676269,0.0019714736845344,18.072,-1.732,0.209,0.0,0,0,1,,1.0,2026-03-15T15:45:38.220105,neutral,0.442,2026-03-15T15:45:36.991868,0.652243168496984,2026-03-15T15:45:38.924000,60,,,
participant_15,4,day,Town10HD_Opt,2026-03-15 15:45:39.135933,58.94988250732422,27.492570877075195,0.0019462204072624,16.264,2.487,0.0,0.0,0,0,1,,0.896,2026-03-15T15:45:39.135933,neutral,0.933,2026-03-15T15:45:39.135933,0.6255216919089971,2026-03-15T15:45:39.959000,60,,,
participant_15,4,day,Town10HD_Opt,2026-03-15 15:45:40.054029,61.39057540893555,26.81616401672364,0.0020372390281409,12.664,3.146,0.0,0.0,0,0,1,,0.941,2026-03-15T15:45:40.054029,neutral,0.933,2026-03-15T15:45:39.135933,0.6883737771134033,2026-03-15T15:45:39.959000,60,,,
participant_15,4,day,Town10HD_Opt,2026-03-15 15:45:41.260214,63.82151794433594,26.304874420166016,0.0020045852288603,8.77,7.247,0.0,0.0,0,0,1,,1.0,2026-03-15T15:45:41.260214,neutral,0.704,2026-03-15T15:45:41.260214,0.6506411840128763,2026-03-15T15:45:41.939000,59,,,
participant_15,4,day,Town10HD_Opt,2026-03-15 15:45:42.152054,65.1761703491211,26.1357364654541,0.0019842146430164,6.736,7.149,0.0,0.0,0,0,1,,0.937,2026-03-15T15:45:42.152054,neutral,0.704,2026-03-15T15:45:41.260214,0.6820289298832277,2026-03-15T15:45:42.930000,59,,,
participant_15,4,day,Town10HD_Opt,2026-03-15 15:45:43.099221,66.02046966552734,26.063663482666016,0.0023197173140943,0.001,4.789,0.0,0.273,0,0,1,,1.0,2026-03-15T15:45:43.099221,neutral,0.704,2026-03-15T15:45:41.260214,0.6530363882305253,2026-03-15T15:45:42.930000,58,,,
participant_15,4,day,Town10HD_Opt,2026-03-15 15:45:44.279436,66.02099609375,26.063663482666016,0.0019242477137595,0.001,3.431,0.0,0.0,0,0,1,,0.801,2026-03-15T15:45:44.279436,sad,0.463,2026-03-15T15:45:44.279436,0.58973049401752,2026-03-15T15:45:44.955000,53,,,
participant_15,4,day,Town10HD_Opt,2026-03-15 15:45:45.227900,66.02100372314453,26.06364250183105,0.0019198226509615,0.0,3.401,0.0,0.0,0,0,1,,0.881,2026-03-15T15:45:45.227900,sad,0.463,2026-03-15T15:45:44.279436,0.5763678197808492,2026-03-15T15:45:45.989000,55,,,
participant_15,4,day,Town10HD_Opt,2026-03-15 15:45:46.116677,66.02100372314453,26.06364250183105,0.0019190978491678,0.0,0.106,0.0,0.0,0,0,1,,0.897,2026-03-15T15:45:46.116677,sad,0.463,2026-03-15T15:45:44.279436,0.6660696273630429,2026-03-15T15:45:45.989000,55,,,
participant_15,4,day,Town10HD_Opt,2026-03-15 15:45:47.017803,66.02100372314453,26.063661575317383,0.0019189452286809,0.0,0.55,0.0,0.0,0,0,1,,0.873,2026-03-15T15:45:47.017803,neutral,0.612,2026-03-15T15:45:47.017803,0.6366265347535326,2026-03-15T15:45:46.985000,55,,,
participant_15,4,day,Town10HD_Opt,2026-03-15 15:45:48.227388,66.02100372314453,26.063661575317383,0.0019191741012036,0.0,0.517,0.0,0.0,0,0,1,,0.83,2026-03-15T15:45:48.227388,neutral,0.612,2026-03-15T15:45:47.017803,0.5411184142068122,2026-03-15T15:45:48.960000,54,,,
participant_15,4,day,Town10HD_Opt,2026-03-15 15:45:49.115303,66.02100372314453,26.063661575317383,0.0019189834129065,0.0,0.444,0.0,0.0,0,0,1,,1.0,2026-03-15T15:45:49.115303,sad,0.718,2026-03-15T15:45:49.115303,0.5785257528595054,2026-03-15T15:45:48.960000,52,,,
participant_15,4,day,Town10HD_Opt,2026-03-15 15:45:49.993943,66.02100372314453,26.06364250183105,0.0019190596649423,0.0,0.444,0.0,0.0,0,0,1,,1.0,2026-03-15T15:45:49.993943,sad,0.718,2026-03-15T15:45:49.115303,0.5556177010786019,2026-03-15T15:45:49.995000,58,,,
participant_15,4,day,Town10HD_Opt,2026-03-15 15:45:51.112766,66.02100372314453,26.063661575317383,0.0019189834129065,0.0,0.503,0.0,0.0,0,0,1,,0.921,2026-03-15T15:45:51.112766,sad,0.718,2026-03-15T15:45:49.115303,0.5574821597539901,2026-03-15T15:45:51.929000,59,,,
participant_15,4,day,Town10HD_Opt,2026-03-15 15:45:52.220184,66.02100372314453,26.063661575317383,0.0019189834129065,0.0,0.503,0.0,0.0,0,0,1,,0.881,2026-03-15T15:45:52.220184,neutral,0.467,2026-03-15T15:45:52.220184,0.4602702664229836,2026-03-15T15:45:53.012000,57,,,
participant_15,4,day,Town10HD_Opt,2026-03-15 15:45:53.077146,66.02100372314453,26.06364250183105,0.001919021597132,0.0,0.771,0.0,0.0,0,0,1,,1.0,2026-03-15T15:45:53.077146,neutral,0.467,2026-03-15T15:45:52.220184,0.4840836833817878,2026-03-15T15:45:53.012000,57,,,
participant_15,4,day,Town10HD_Opt,2026-03-15 15:45:54.183531,66.02100372314453,26.06364250183105,0.0019190596649423,0.0,0.869,0.0,0.0,0,0,1,,0.877,2026-03-15T15:45:54.183531,neutral,0.467,2026-03-15T15:45:52.220184,0.3866615596524561,2026-03-15T15:45:54.945000,55,,,
participant_15,4,day,Town10HD_Opt,2026-03-15 15:45:55.047009,66.02100372314453,26.06364250183105,0.001919021597132,0.0,0.877,0.0,0.0,0,0,1,,0.828,2026-03-15T15:45:55.047009,sad,0.442,2026-03-15T15:45:55.047009,0.3701037017781268,2026-03-15T15:45:54.945000,53,,,
participant_15,4,day,Town10HD_Opt,2026-03-15 15:45:56.209984,66.02100372314453,26.06364250183105,0.001919021597132,0.0,0.877,0.0,0.0,0,0,1,,0.851,2026-03-15T15:45:56.209984,sad,0.442,2026-03-15T15:45:55.047009,0.4289594489114806,2026-03-15T15:45:56.970000,55,,,
participant_15,4,day,Town10HD_Opt,2026-03-15 15:45:57.075275,66.02100372314453,26.063661575317383,0.0019189452286809,0.0,0.879,0.0,0.0,0,0,1,,1.0,2026-03-15T15:45:57.075275,sad,0.55,2026-03-15T15:45:57.075275,0.3607792015760298,2026-03-15T15:45:56.970000,54,,,
participant_15,4,day,Town10HD_Opt,2026-03-15 15:45:58.250933,66.02100372314453,26.063661575317383,0.0019191360333934,0.0,0.942,0.0,0.0,0,0,1,,0.886,2026-03-15T15:45:58.250933,sad,0.55,2026-03-15T15:45:57.075275,0.4147898487087305,2026-03-15T15:45:58.950000,58,,,
participant_15,4,day,Town10HD_Opt,2026-03-15 15:45:59.126604,66.1781997680664,26.04676055908203,0.0017108535394072,4.504,1.622,0.889,0.0,0,0,1,,1.0,2026-03-15T15:45:59.126604,neutral,0.636,2026-03-15T15:45:59.126604,0.4403668219849111,2026-03-15T15:45:59.940000,58,,,
participant_15,4,day,Town10HD_Opt,2026-03-15 15:46:00.026776,67.97218322753906,25.887863159179688,0.0015977477887645,15.74,1.389,0.581,0.0,0,0,1,,1.0,2026-03-15T15:46:00.026776,neutral,0.636,2026-03-15T15:45:59.126604,0.4035760216376827,2026-03-15T15:45:59.940000,57,,,
participant_15,4,day,Town10HD_Opt,2026-03-15 15:46:01.180207,72.05618286132812,25.52631378173828,0.0019005584763363,16.667,0.085,0.0,0.0,0,0,1,,1.0,2026-03-15T15:46:01.180207,happy,0.842,2026-03-15T15:46:01.180207,0.359492347043243,2026-03-15T15:46:01.965000,61,,,
participant_15,4,day,Town10HD_Opt,2026-03-15 15:46:02.053505,74.64405822753906,25.302528381347656,0.0020384597592055,12.802,1.058,0.0,0.0,0,0,1,,0.846,2026-03-15T15:46:02.053505,happy,0.842,2026-03-15T15:46:01.180207,0.329313682690329,2026-03-15T15:46:01.965000,62,Vehicle-pedestrian collision,Vehicle-pedestrian collision,
participant_15,4,day,Town10HD_Opt,2026-03-15 15:46:03.246710,77.25318908691406,25.147111892700195,0.0019261168781667,10.684,5.03,0.232,0.0,0,0,1,,1.0,2026-03-15T15:46:03.246710,neutral,0.422,2026-03-15T15:46:03.246710,0.5186906846620561,2026-03-15T15:46:03.945000,61,,,
participant_15,4,day,Town10HD_Opt,2026-03-15 15:46:04.155708,79.11957550048828,25.1379508972168,0.0019788742065429,9.709,-3.573,0.0,0.0,0,0,1,,1.0,2026-03-15T15:46:04.155708,neutral,0.422,2026-03-15T15:46:03.246710,0.4869409473638942,2026-03-15T15:46:04.936000,60,,,
participant_15,4,day,Town10HD_Opt,2026-03-15 15:46:05.120682,80.8196792602539,25.06694793701172,0.0018489836947992,10.969,-0.423,0.435,0.0,0,0,1,,0.837,2026-03-15T15:46:05.120682,neutral,0.422,2026-03-15T15:46:03.246710,0.5058993963572261,2026-03-15T15:46:05.925000,60,,,
participant_15,4,day,Town10HD_Opt,2026-03-15 15:46:05.999513,83.33077239990234,24.99301719665528,0.0017816924955695,20.257,0.583,1.0,0.0,0,0,1,,1.0,2026-03-15T15:46:05.999513,neutral,0.924,2026-03-15T15:46:05.999513,0.5653037604275288,2026-03-15T15:46:05.925000,61,Solid line crossing,Solid line crossing,
participant_15,4,day,Town10HD_Opt,2026-03-15 15:46:07.239009,90.0550765991211,24.68140411376953,0.0015415191883221,39.686,-6.146,0.559,0.0,0,0,1,,1.0,2026-03-15T15:46:07.239009,neutral,0.924,2026-03-15T15:46:05.999513,0.5924774453191011,2026-03-15T15:46:07.950000,61,,,
participant_15,4,day,Town10HD_Opt,2026-03-15 15:46:08.201488,96.99492645263672,22.68562126159668,0.0019783782772719,42.818,-19.502,0.597,0.0,0,0,1,,1.0,2026-03-15T15:46:08.201488,sad,0.595,2026-03-15T15:46:08.201488,0.5939835736673726,2026-03-15T15:46:08.985000,61,,,
participant_15,4,day,Town10HD_Opt,2026-03-15 15:46:09.149334,102.12033081054688,17.15723991394043,0.0019927597604691,44.966,-10.437,0.599,0.0,0,0,1,,1.0,2026-03-15T15:46:09.149334,sad,0.595,2026-03-15T15:46:08.201488,0.5834996507535579,2026-03-15T15:46:09.930000,62,,,
participant_15,4,day,Town10HD_Opt,2026-03-15 15:46:10.069905,105.0414810180664,9.594542503356934,0.0019459151662886,47.94,-0.919,0.597,0.0,0,0,1,,0.861,2026-03-15T15:46:10.069905,sad,0.595,2026-03-15T15:46:08.201488,0.5772010198282166,2026-03-15T15:46:09.930000,59,,,
participant_15,4,day,Town10HD_Opt,2026-03-15 15:46:11.275755,106.95403289794922,-1.764453411102295,0.0020562361460179,49.414,-0.712,0.603,0.0,0,0,1,,1.0,2026-03-15T15:46:11.275755,sad,0.581,2026-03-15T15:46:11.275755,0.6791472221075344,2026-03-15T15:46:11.955000,55,,,
participant_15,4,day,Town10HD_Opt,2026-03-15 15:46:12.129961,107.25846099853516,-10.385743141174316,0.0019761656876653,50.436,1.758,0.604,0.0,0,0,1,,1.0,2026-03-15T15:46:12.129961,sad,0.581,2026-03-15T15:46:11.275755,0.5709092172147031,2026-03-15T15:46:11.955000,58,,,
participant_15,4,day,Town10HD_Opt,2026-03-15 15:46:13.015832,107.94116973876952,-19.02510643005371,0.0020425033289939,49.318,-3.125,0.604,0.0,0,0,1,,1.0,2026-03-15T15:46:13.015832,sad,0.581,2026-03-15T15:46:11.275755,0.6791315251017237,2026-03-15T15:46:13.079000,58,,,
participant_15,4,day,Town10HD_Opt,2026-03-15 15:46:14.204402,107.28883361816406,-30.550365447998047,0.0020561600103974,49.452,-5.148,0.603,0.0,0,0,1,,1.0,2026-03-15T15:46:14.204402,sad,0.579,2026-03-15T15:46:14.204402,0.5665155183663635,2026-03-15T15:46:14.926000,58,,,
participant_15,4,day,Town10HD_Opt,2026-03-15 15:46:15.123147,104.5234832763672,-38.83523941040039,0.0021102523896843,49.267,-3.266,0.603,0.0,0,0,1,,1.0,2026-03-15T15:46:15.123147,sad,0.579,2026-03-15T15:46:14.204402,0.590502402679506,2026-03-15T15:46:15.960000,60,,,
participant_15,4,day,Town10HD_Opt,2026-03-15 15:46:16.064514,100.5611572265625,-46.62043380737305,0.0020796202588826,49.33,-4.119,0.603,0.0,0,0,1,,1.0,2026-03-15T15:46:16.064514,sad,0.579,2026-03-15T15:46:14.204402,0.6396570751245623,2026-03-15T15:46:15.960000,61,,,
participant_15,4,day,Town10HD_Opt,2026-03-15 15:46:17.254384,93.28526306152344,-55.61757659912109,0.0021532820537686,48.56,-5.995,0.603,0.0,0,0,1,,1.0,2026-03-15T15:46:17.254384,sad,0.724,2026-03-15T15:46:17.254384,0.7037513140917917,2026-03-15T15:46:18.030000,56,,,
participant_15,4,day,Town10HD_Opt,2026-03-15 15:46:18.116785,86.34127807617188,-60.6665267944336,0.0019761275034397,50.418,-5.512,0.603,0.0,0,0,1,,1.0,2026-03-15T15:46:18.116785,sad,0.724,2026-03-15T15:46:17.254384,0.6427735363722705,2026-03-15T15:46:18.030000,57,,,
participant_15,4,day,Town10HD_Opt,2026-03-15 15:46:19.249178,75.54139709472656,-64.89566040039062,0.0019828414078801,50.7,-4.077,0.0,0.0,0,0,1,,1.0,2026-03-15T15:46:19.249178,sad,0.724,2026-03-15T15:46:17.254384,0.6321650095444434,2026-03-15T15:46:19.965000,61,,,
participant_15,4,day,Town10HD_Opt,2026-03-15 15:46:20.104533,66.9502182006836,-66.30944061279297,0.002003707922995,50.311,-2.786,0.604,0.0,0,0,1,,0.839,2026-03-15T15:46:20.104533,sad,0.499,2026-03-15T15:46:20.104533,0.612857822495176,2026-03-15T15:46:19.965000,60,,,
participant_15,4,day,Town10HD_Opt,2026-03-15 15:46:21.026883,58.28276824951172,-66.64918518066406,0.0020591353531926,49.187,-0.754,0.603,0.0,0,0,1,,0.869,2026-03-15T15:46:21.026883,sad,0.499,2026-03-15T15:46:20.104533,0.687753382887395,2026-03-15T15:46:21,63,,,
participant_15,4,day,Town10HD_Opt,2026-03-15 15:46:22.208681,46.6660385131836,-66.44775390625,0.0020414351020008,49.826,0.437,0.603,0.0,0,0,1,,1.0,2026-03-15T15:46:22.208681,sad,0.669,2026-03-15T15:46:22.208681,0.6561384374645137,2026-03-15T15:46:22.935000,63,,,
participant_15,4,day,Town10HD_Opt,2026-03-15 15:46:23.139489,37.93516540527344,-66.3133544921875,0.0020733261480927,49.398,0.451,0.603,0.0,0,0,1,,1.0,2026-03-15T15:46:23.139489,sad,0.669,2026-03-15T15:46:22.208681,0.6680794893954487,2026-03-15T15:46:23.970000,59,,,
participant_15,4,day,Town10HD_Opt,2026-03-15 15:46:24.022903,29.20036125183105,-66.34449768066406,0.0021460724528878,48.7,-0.092,0.604,0.0,0,0,1,,1.0,2026-03-15T15:46:24.022903,sad,0.669,2026-03-15T15:46:22.208681,0.7356344250812956,2026-03-15T15:46:23.970000,59,,,
participant_15,4,day,Town10HD_Opt,2026-03-15 15:46:25.201007,17.611738204956055,-66.41344451904297,0.0021064376924186,49.317,0.385,0.604,0.0,0,0,1,,1.0,2026-03-15T15:46:25.201007,neutral,0.429,2026-03-15T15:46:25.201007,0.6699703345716226,2026-03-15T15:46:25.950000,55,,,
participant_15,4,day,Town10HD_Opt,2026-03-15 15:46:26.091182,8.870302200317383,-66.60201263427734,0.0020899581722915,49.369,0.862,0.595,0.0,0,0,1,,1.0,2026-03-15T15:46:26.091182,neutral,0.429,2026-03-15T15:46:25.201007,0.818578940998813,2026-03-15T15:46:26.939000,56,,,
participant_15,4,day,Town10HD_Opt,2026-03-15 15:46:27.258442,-2.3296687602996826,-67.04212188720703,0.0023228072095662,42.888,-1.68,0.0,0.0,0,0,1,,1.0,2026-03-15T15:46:27.258442,sad,0.476,2026-03-15T15:46:27.258442,0.7291504056987034,2026-03-15T15:46:27.975000,55,,,
participant_15,4,day,Town10HD_Opt,2026-03-15 15:46:28.162123,-9.03529930114746,-67.04217529296875,0.0023434066679328,33.227,1.358,0.0,0.004,0,0,1,phone_call,0.967,2026-03-15T15:46:28.162123,sad,0.476,2026-03-15T15:46:27.258442,0.7868906249042632,2026-03-15T15:46:28.965000,53,,,
participant_15,4,day,Town10HD_Opt,2026-03-15 15:46:29.049432,-14.097744941711426,-67.16854095458984,0.0023686217609792,23.469,-0.914,0.0,0.477,0,0,1,,1.0,2026-03-15T15:46:29.049432,sad,0.476,2026-03-15T15:46:27.258442,0.8460022508226406,2026-03-15T15:46:28.965000,54,,,
participant_15,4,day,Town10HD_Opt,2026-03-15 15:46:30.152978,-18.249073028564453,-67.2262954711914,0.0021851349156349,11.338,-0.677,0.0,0.782,0,0,1,,1.0,2026-03-15T15:46:30.152978,neutral,0.421,2026-03-15T15:46:30.152978,0.8988271304530333,2026-03-15T15:46:30.945000,58,,,errors=Harsh braking
participant_15,4,day,Town10HD_Opt,2026-03-15 15:46:30.990706,-19.302898406982425,-67.22992706298828,0.0023297881707549,0.001,-0.595,0.0,0.789,0,0,1,,1.0,2026-03-15T15:46:30.990706,neutral,0.421,2026-03-15T15:46:30.152978,0.8935283128600842,2026-03-15T15:46:30.945000,56,,,
participant_15,4,day,Town10HD_Opt,2026-03-15 15:46:32.102439,-19.30408477783203,-67.22991943359375,0.0019236373482272,0.008,-0.552,0.0,0.0,0,0,1,,1.0,2026-03-15T15:46:32.102439,neutral,0.421,2026-03-15T15:46:30.152978,0.8901229617156978,2026-03-15T15:46:31.937000,59,,,
participant_15,4,day,Town10HD_Opt,2026-03-15 15:46:33.242976,-19.30432510375977,-67.22991943359375,0.0019189071608707,0.006,-0.552,0.0,0.0,0,0,1,,1.0,2026-03-15T15:46:33.242976,neutral,0.979,2026-03-15T15:46:33.242976,0.9663411657841756,2026-03-15T15:46:33.960000,64,,,
participant_15,4,day,Town10HD_Opt,2026-03-15 15:46:34.084955,-19.30426406860352,-67.22991943359375,0.0019188307924196,0.007,-0.557,0.0,0.0,0,0,1,,1.0,2026-03-15T15:46:34.084955,neutral,0.979,2026-03-15T15:46:33.242976,0.9507241218305428,2026-03-15T15:46:33.960000,62,,,
participant_15,4,day,Town10HD_Opt,2026-03-15 15:46:35.194543,-19.313066482543945,-67.22992706298828,0.001918678288348,0.065,-0.576,0.0,0.0,0,0,1,,1.0,2026-03-15T15:46:35.194543,neutral,0.979,2026-03-15T15:46:33.242976,0.9750936900820838,2026-03-15T15:46:35.940000,58,,,
participant_15,4,day,Town10HD_Opt,2026-03-15 15:46:36.026521,-19.322629928588867,-67.22994232177734,0.0019194411579519,0.051,-0.587,0.0,0.0,0,0,1,,1.0,2026-03-15T15:46:36.026521,sad,0.958,2026-03-15T15:46:36.026521,0.9170933012119346,2026-03-15T15:46:35.940000,60,,,
participant_15,4,day,Town10HD_Opt,2026-03-15 15:46:37.137473,-19.331457138061523,-67.2299575805664,0.0019220733083784,0.029,-0.587,0.184,0.0,0,0,1,,1.0,2026-03-15T15:46:37.137473,sad,0.958,2026-03-15T15:46:36.026521,0.9482122677483164,2026-03-15T15:46:37.965000,60,,,
participant_15,4,day,Town10HD_Opt,2026-03-15 15:46:38.239778,-19.77461814880371,-67.23051452636719,0.001697196974419,6.327,-0.606,0.68,0.0,0,0,1,,1.0,2026-03-15T15:46:38.239778,sad,0.94,2026-03-15T15:46:38.239778,0.9858230038070848,2026-03-15T15:46:39.046000,59,,,
participant_15,4,day,Town10HD_Opt,2026-03-15 15:46:39.103346,-21.6032657623291,-67.22309112548828,0.0016491317655891,14.94,-0.646,0.603,0.0,0,0,1,,1.0,2026-03-15T15:46:39.103346,sad,0.94,2026-03-15T15:46:38.239778,0.99,2026-03-15T15:46:39.046000,59,,,
participant_15,4,day,Town10HD_Opt,2026-03-15 15:46:40.222325,-25.9642276763916,-67.161376953125,0.0018641280476003,22.71,0.139,0.609,0.0,0,0,1,,1.0,2026-03-15T15:46:40.222325,sad,0.94,2026-03-15T15:46:38.239778,0.9178917057168822,2026-03-15T15:46:40.935000,57,,,
participant_15,4,day,Town10HD_Opt,2026-03-15 15:46:41.093951,-30.433292388916016,-67.15229034423828,0.0018471527146175,28.795,0.975,0.605,0.0,0,0,1,,1.0,2026-03-15T15:46:41.093951,neutral,0.942,2026-03-15T15:46:41.093951,0.8942135970311267,2026-03-15T15:46:40.935000,59,,,
participant_15,4,day,Town10HD_Opt,2026-03-15 15:46:42.189405,-37.94397735595703,-67.32420349121094,0.0018738555954769,35.899,0.634,0.606,0.0,0,0,1,,0.821,2026-03-15T15:46:42.189405,neutral,0.942,2026-03-15T15:46:41.093951,0.9217539870279182,2026-03-15T15:46:42.960000,59,,,
participant_15,4,day,Town10HD_Opt,2026-03-15 15:46:43.051423,-44.59450912475586,-67.62326049804688,0.0018951415549963,40.488,0.167,0.605,0.0,0,0,1,,0.914,2026-03-15T15:46:43.051423,neutral,0.942,2026-03-15T15:46:41.093951,0.9117829318267104,2026-03-15T15:46:42.960000,57,,,
participant_15,4,day,Town10HD_Opt,2026-03-15 15:46:44.164748,-54.61109161376953,-68.0365982055664,0.0019209289457648,45.646,-0.909,0.604,0.0,0,0,1,,0.901,2026-03-15T15:46:44.164748,neutral,0.974,2026-03-15T15:46:44.164748,0.99,2026-03-15T15:46:44.985000,58,,,
participant_15,4,day,Town10HD_Opt,2026-03-15 15:46:45.248821,-65.7408218383789,-68.01109313964844,0.0019359206780791,50.014,-0.766,0.609,0.0,0,0,1,,1.0,2026-03-15T15:46:45.248821,neutral,0.974,2026-03-15T15:46:44.164748,0.99,2026-03-15T15:46:45.975000,57,,,
participant_15,4,day,Town10HD_Opt,2026-03-15 15:46:46.113616,-74.44548797607422,-67.4886474609375,0.0020437622442841,49.733,-6.109,0.612,0.0,0,0,1,,0.84,2026-03-15T15:46:46.113616,neutral,0.974,2026-03-15T15:46:44.164748,0.99,2026-03-15T15:46:46.965000,58,,,
participant_15,4,day,Town10HD_Opt,2026-03-15 15:46:47.018206,-82.8848876953125,-65.3199234008789,0.0020906447898596,49.382,-3.983,0.61,0.0,0,0,1,,1.0,2026-03-15T15:46:47.018206,sad,0.77,2026-03-15T15:46:47.018206,0.9497415751149784,2026-03-15T15:46:46.965000,58,,,
participant_15,4,day,Town10HD_Opt,2026-03-15 15:46:48.186446,-93.18541717529295,-60.055458068847656,0.0020787429530173,49.073,-5.04,0.615,0.0,0,0,1,,1.0,2026-03-15T15:46:48.186446,sad,0.77,2026-03-15T15:46:47.018206,0.9833334674726258,2026-03-15T15:46:48.945000,59,,,
participant_15,4,day,Town10HD_Opt,2026-03-15 15:46:49.044179,-99.9490737915039,-54.52837753295898,0.0020994949154555,49.098,-5.529,0.614,0.0,0,0,1,,0.897,2026-03-15T15:46:49.044179,sad,0.55,2026-03-15T15:46:49.044179,0.99,2026-03-15T15:46:48.945000,60,,,
participant_15,4,day,Town10HD_Opt,2026-03-15 15:46:50.025175,-105.30513763427734,-47.77900314331055,0.0019723891746252,50.615,-4.995,0.0,0.0,0,0,1,,1.0,2026-03-15T15:46:50.025175,sad,0.55,2026-03-15T15:46:49.044179,0.920155482526909,2026-03-15T15:46:49.943000,59,,,
participant_15,4,day,Town10HD_Opt,2026-03-15 15:46:51.249247,-110.04812622070312,-37.31841659545898,0.0020200728904455,49.466,-6.17,0.44,0.0,0,0,1,,0.884,2026-03-15T15:46:51.249247,neutral,0.759,2026-03-15T15:46:51.249247,0.9864383655256944,2026-03-15T15:46:51.960000,56,,,
participant_15,4,day,Town10HD_Opt,2026-03-15 15:46:52.162003,-111.29071044921876,-28.93506622314453,0.0021462249569594,46.877,-5.167,0.385,0.0,0,0,1,,1.0,2026-03-15T15:46:52.162003,neutral,0.759,2026-03-15T15:46:51.249247,0.99,2026-03-15T15:46:52.951000,56,,,
participant_15,4,day,Town10HD_Opt,2026-03-15 15:46:53.113456,-111.05418395996094,-20.84892845153809,0.0020335006993263,46.42,3.191,0.557,0.0,0,0,1,,1.0,2026-03-15T15:46:53.113456,neutral,0.759,2026-03-15T15:46:51.249247,0.9415753949565756,2026-03-15T15:46:53.940000,57,,,
participant_15,4,day,Town10HD_Opt,2026-03-15 15:46:54.086635,-111.28450012207033,-12.39358139038086,0.0017965697916224,51.964,-1.469,0.0,0.186,0,0,1,,1.0,2026-03-15T15:46:54.086635,sad,0.684,2026-03-15T15:46:54.086635,0.9640952474791692,2026-03-15T15:46:53.940000,57,,,
participant_15,4,day,Town10HD_Opt,2026-03-15 15:46:55.011965,-111.39771270751952,-3.652797222137451,0.001883239718154,52.05,-2.97,0.0,0.154,0,0,1,,0.879,2026-03-15T15:46:55.011965,sad,0.684,2026-03-15T15:46:54.086635,0.99,2026-03-15T15:46:54.986000,59,,,errors=Red light violation
participant_15,4,day,Town10HD_Opt,2026-03-15 15:46:56.238114,-109.95741271972656,7.781291484832764,0.0023444364778697,47.8,-4.299,0.251,0.0,0,0,1,,0.816,2026-03-15T15:46:56.238114,sad,0.708,2026-03-15T15:46:56.238114,0.9772551239359524,2026-03-15T15:46:56.955000,56,,,
participant_15,4,day,Town10HD_Opt,2026-03-15 15:46:57.120573,-107.6414031982422,15.108046531677246,0.0022370147053152,38.392,-6.161,0.0,0.0,0,0,1,,0.811,2026-03-15T15:46:57.120573,sad,0.708,2026-03-15T15:46:56.238114,0.944182710883074,2026-03-15T15:46:57.946000,59,,,
participant_15,4,day,Town10HD_Opt,2026-03-15 15:46:58.043754,-104.5044403076172,20.201112747192383,0.0022467421367764,31.46,-14.097,0.624,0.0,0,0,1,,1.0,2026-03-15T15:46:58.043754,sad,0.708,2026-03-15T15:46:56.238114,0.976112894924786,2026-03-15T15:46:57.946000,57,,,
participant_15,4,day,Town10HD_Opt,2026-03-15 15:46:59.006439,-99.8682861328125,24.174440383911133,0.0016636657528579,41.538,-1.523,0.945,0.0,0,0,1,,0.881,2026-03-15T15:46:59.006439,sad,0.73,2026-03-15T15:46:59.006439,0.99,2026-03-15T15:46:58.936000,60,,,
participant_15,4,day,Town10HD_Opt,2026-03-15 15:47:00.292952,-90.06414031982422,29.11961936950684,0.0021214294247329,48.137,-18.508,0.942,0.0,0,0,1,,1.0,2026-03-15T15:47:00.292952,sad,0.73,2026-03-15T15:46:59.006439,0.99,2026-03-15T15:47:00.960000,58,,,errors=Solid line crossing
participant_15,4,day,Town10HD_Opt,2026-03-15 15:47:01.248485,-81.37958526611328,28.125492095947266,0.002118453849107,49.06,10.562,0.995,0.0,0,0,1,,1.0,2026-03-15T15:47:01.248485,happy,0.939,2026-03-15T15:47:01.248485,0.9309467715389128,2026-03-15T15:47:01.950000,59,,,
participant_15,4,day,Town10HD_Opt,2026-03-15 15:47:02.211606,-73.48233032226562,27.824350357055664,0.0022842406760901,41.773,-3.045,0.963,0.0,0,0,1,,1.0,2026-03-15T15:47:02.211606,happy,0.939,2026-03-15T15:47:01.248485,0.99,2026-03-15T15:47:02.985000,60,,,
participant_15,4,day,Town10HD_Opt,2026-03-15 15:47:03.175859,-65.28054809570312,27.608333587646484,0.0016500090714544,52.901,-0.009,0.0,0.289,0,0,1,,1.0,2026-03-15T15:47:03.175859,happy,0.939,2026-03-15T15:47:01.248485,0.963930844194992,2026-03-15T15:47:03.975000,59,,,
participant_15,4,day,Town10HD_Opt,2026-03-15 15:47:04.114765,-56.50961685180664,27.32729148864746,0.0019428252708166,51.328,0.505,0.0,0.0,0,0,1,,1.0,2026-03-15T15:47:04.114765,happy,0.993,2026-03-15T15:47:04.114765,0.9883052092483664,2026-03-15T15:47:04.965000,58,,,
participant_15,4,day,Town10HD_Opt,2026-03-15 15:47:05.030585,-47.73076248168945,27.18824958801269,0.0019750595092773,50.534,0.879,0.0,0.0,0,0,1,,0.868,2026-03-15T15:47:05.030585,happy,0.993,2026-03-15T15:47:04.114765,0.99,2026-03-15T15:47:04.965000,58,,,
participant_15,4,day,Town10HD_Opt,2026-03-15 15:47:06.223748,-36.00348663330078,28.077322006225582,0.0018931579543277,51.613,-6.872,0.0,0.201,0,0,1,,1.0,2026-03-15T15:47:06.223748,happy,0.698,2026-03-15T15:47:06.223748,0.9115423266676748,2026-03-15T15:47:06.945000,57,,,
participant_15,4,day,Town10HD_Opt,2026-03-15 15:47:07.143328,-27.31354141235352,27.985822677612305,0.00186828605365,51.748,2.163,0.0,0.167,0,0,1,,1.0,2026-03-15T15:47:07.143328,happy,0.698,2026-03-15T15:47:06.223748,0.984107689068778,2026-03-15T15:47:07.936000,57,,,
participant_15,4,day,Town10HD_Opt,2026-03-15 15:47:08.065877,-18.58776092529297,27.667823791503903,0.0019668196327984,50.762,-2.428,0.695,0.0,0,0,1,,0.847,2026-03-15T15:47:08.065877,happy,0.698,2026-03-15T15:47:06.223748,0.99,2026-03-15T15:47:07.936000,57,,,
participant_15,4,day,Town10HD_Opt,2026-03-15 15:47:09.012680,-9.887456893920898,27.01784324645996,0.0013795470586046,50.347,0.127,0.698,0.0,0,0,1,,1.0,2026-03-15T15:47:09.012680,happy,0.975,2026-03-15T15:47:09.012680,0.9783637420141934,2026-03-15T15:47:08.975000,62,,,
participant_15,4,day,Town10HD_Opt,2026-03-15 15:47:10.238236,1.7175463438034058,26.076772689819336,0.0019760131835937,50.149,-0.395,0.112,0.0,0,0,1,,0.889,2026-03-15T15:47:10.238236,happy,0.975,2026-03-15T15:47:09.012680,0.9846016537199328,2026-03-15T15:47:10.950000,62,,,
participant_15,4,day,Town10HD_Opt,2026-03-15 15:47:11.163632,9.682493209838867,25.38481330871582,0.0023785780649632,39.823,2.704,0.0,0.0,0,0,1,,1.0,2026-03-15T15:47:11.163632,neutral,0.532,2026-03-15T15:47:11.163632,0.99,2026-03-15T15:47:11.985000,61,,,
participant_15,4,day,Town10HD_Opt,2026-03-15 15:47:12.118945,15.91450309753418,25.33873748779297,0.0023277283180505,31.318,3.335,0.0,0.0,0,0,1,,0.9,2026-03-15T15:47:12.118945,neutral,0.532,2026-03-15T15:47:11.163632,0.960412654627804,2026-03-15T15:47:11.985000,61,,,
participant_15,4,day,Town10HD_Opt,2026-03-15 15:47:13.059374,20.83465003967285,25.75731658935547,0.0021486282348632,26.475,3.109,0.317,0.0,0,0,1,,0.851,2026-03-15T15:47:13.059374,neutral,0.532,2026-03-15T15:47:11.163632,0.9735866919224035,2026-03-15T15:47:12.976000,59,,,
participant_15,4,day,Town10HD_Opt,2026-03-15 15:47:14.002310,25.326080322265625,26.51546859741211,0.0020669936202466,25.754,5.108,0.467,0.0,0,0,1,,0.842,2026-03-15T15:47:14.002310,neutral,0.839,2026-03-15T15:47:14.002310,0.9858072466029602,2026-03-15T15:47:13.977000,60,,,
participant_15,4,day,Town10HD_Opt,2026-03-15 15:47:15.286391,31.35922813415528,28.5505313873291,0.0019530105637386,29.357,11.895,0.49,0.0,0,0,1,,1.0,2026-03-15T15:47:15.286391,neutral,0.839,2026-03-15T15:47:14.002310,0.99,2026-03-15T15:47:15.990000,58,,,
participant_15,4,day,Town10HD_Opt,2026-03-15 15:47:16.203464,35.612815856933594,31.6788272857666,0.0019999693613499,31.467,13.723,0.487,0.0,0,0,1,,1.0,2026-03-15T15:47:16.203464,happy,0.991,2026-03-15T15:47:16.203464,0.9500833129775914,2026-03-15T15:47:16.935000,58,,,
participant_15,4,day,Town10HD_Opt,2026-03-15 15:47:17.139778,38.73679733276367,36.360633850097656,0.002005805959925,33.236,12.049,0.483,0.0,0,0,1,,1.0,2026-03-15T15:47:17.139778,happy,0.991,2026-03-15T15:47:16.203464,0.99,2026-03-15T15:47:17.971000,58,,,
participant_15,4,day,Town10HD_Opt,2026-03-15 15:47:18.070891,40.45633316040039,41.86125946044922,0.0022064589429646,30.376,3.196,0.0,0.0,0,0,1,,0.903,2026-03-15T15:47:18.070891,happy,0.991,2026-03-15T15:47:16.203464,0.9438200455259024,2026-03-15T15:47:17.971000,60,,,errors=Solid line crossing
participant_15,4,day,Town10HD_Opt,2026-03-15 15:47:19.256544,41.51273727416992,47.6796760559082,0.0023889541625976,15.11,12.592,0.0,0.638,0,0,1,,1.0,2026-03-15T15:47:19.256544,neutral,0.729,2026-03-15T15:47:19.256544,0.94397606282108,2026-03-15T15:47:19.951000,58,,,
participant_15,4,day,Town10HD_Opt,2026-03-15 15:47:20.130456,41.53933334350586,48.14993667602539,0.0020590210333466,0.0,6.661,0.0,0.832,0,0,1,,0.812,2026-03-15T15:47:20.130456,neutral,0.729,2026-03-15T15:47:19.256544,0.9717640413428122,2026-03-15T15:47:20.940000,60,,,
participant_15,4,day,Town10HD_Opt,2026-03-15 15:47:21.228907,41.53934097290039,48.15011596679688,0.0019207000732421,0.0,5.238,0.0,0.0,0,0,1,,1.0,2026-03-15T15:47:21.228907,neutral,0.729,2026-03-15T15:47:19.256544,0.99,2026-03-15T15:47:20.940000,56,,,
participant_15,4,day,Town10HD_Opt,2026-03-15 15:47:22.076172,41.53934097290039,48.15011596679688,0.0019195555942133,0.0,5.363,0.0,0.0,0,0,1,,1.0,2026-03-15T15:47:22.076172,sad,0.754,2026-03-15T15:47:22.076172,0.9276145850573052,2026-03-15T15:47:22.110000,58,,,
participant_15,4,day,Town10HD_Opt,2026-03-15 15:47:23.201954,41.53919982910156,48.14756393432617,0.0019125747494399,0.076,6.998,0.0,0.0,0,0,1,,0.846,2026-03-15T15:47:23.201954,sad,0.754,2026-03-15T15:47:22.076172,0.9601673137400504,2026-03-15T15:47:23.955000,59,,,
participant_15,4,day,Town10HD_Opt,2026-03-15 15:47:24.066784,41.53945541381836,48.15484237670898,0.0019176482455804,0.067,8.162,0.082,0.0,0,0,1,,0.869,2026-03-15T15:47:24.066784,sad,0.754,2026-03-15T15:47:22.076172,0.9332671160951884,2026-03-15T15:47:23.955000,57,,,
participant_15,4,day,Town10HD_Opt,2026-03-15 15:47:25.224394,41.54078674316406,48.213470458984375,0.001835327129811,1.887,9.605,0.666,0.0,0,0,1,,1.0,2026-03-15T15:47:25.224394,sad,0.81,2026-03-15T15:47:25.224394,0.955270709644812,2026-03-15T15:47:25.935000,60,,,
participant_15,4,day,Town10HD_Opt,2026-03-15 15:47:26.070351,41.49872970581055,49.32378768920898,0.0016006468795239,11.809,11.941,0.646,0.0,0,0,1,,1.0,2026-03-15T15:47:26.070351,sad,0.81,2026-03-15T15:47:25.224394,0.9405815217000792,2026-03-15T15:47:25.935000,60,,,
participant_15,4,day,Town10HD_Opt,2026-03-15 15:47:27.263082,41.03782653808594,52.85519027709961,0.001894531189464,16.417,-0.04,0.246,0.0,0,0,1,,0.802,2026-03-15T15:47:27.263082,happy,1.0,2026-03-15T15:47:27.263082,0.9146331509147386,2026-03-15T15:47:27.960000,58,,,errors=Stop sign violation | Solid line crossing
participant_15,4,day,Town10HD_Opt,2026-03-15 15:47:28.134657,40.77932357788086,55.745643615722656,0.0018795394571498,17.238,-1.438,0.334,0.0,0,0,1,,1.0,2026-03-15T15:47:28.134657,happy,1.0,2026-03-15T15:47:27.263082,0.8440394622380386,2026-03-15T15:47:27.960000,59,,,
participant_15,4,day,Town10HD_Opt,2026-03-15 15:47:28.993353,40.68817901611328,58.87392044067383,0.0020643614698201,18.83,-15.189,0.805,0.0,0,0,1,,1.0,2026-03-15T15:47:28.993353,happy,1.0,2026-03-15T15:47:27.263082,0.908448159714637,2026-03-15T15:47:29.040000,58,,,
participant_15,4,day,Town10HD_Opt,2026-03-15 15:47:30.146493,42.38799285888672,64.31706237792969,0.0018292998429387,30.406,-15.267,0.643,0.0,0,0,1,,1.0,2026-03-15T15:47:30.146493,happy,1.0,2026-03-15T15:47:30.146493,0.8603664486089734,2026-03-15T15:47:30.975000,59,,,
participant_15,4,day,Town10HD_Opt,2026-03-15 15:47:31.028835,46.16725540161133,68.61738586425781,0.0018982696346938,35.985,-16.362,0.638,0.0,0,0,1,,1.0,2026-03-15T15:47:31.028835,happy,1.0,2026-03-15T15:47:30.146493,0.7756456253740585,2026-03-15T15:47:30.975000,60,,,
participant_15,4,day,Town10HD_Opt,2026-03-15 15:47:32.193330,54.62923049926758,71.2751693725586,0.001940498361364,41.759,-12.342,0.632,0.0,0,0,1,,1.0,2026-03-15T15:47:32.193330,happy,0.86,2026-03-15T15:47:32.193330,0.7694595848307866,2026-03-15T15:47:32.955000,58,,,
participant_15,4,day,Town10HD_Opt,2026-03-15 15:47:33.148669,61.90876388549805,70.73717498779297,0.0022670363541692,38.115,6.388,0.0,0.0,0,0,1,,1.0,2026-03-15T15:47:33.148669,happy,0.86,2026-03-15T15:47:32.193330,0.782891661436597,2026-03-15T15:47:33.946000,60,,,
participant_15,4,day,Town10HD_Opt,2026-03-15 15:47:34.003881,67.87155151367188,70.78911590576172,0.0023188018240034,29.436,-4.766,0.0,0.0,0,0,1,,1.0,2026-03-15T15:47:34.003881,happy,0.86,2026-03-15T15:47:32.193330,0.682538168264819,2026-03-15T15:47:33.946000,57,,,
participant_15,4,day,Town10HD_Opt,2026-03-15 15:47:35.136041,73.69914245605469,70.49272918701172,0.0022709656041115,19.967,1.765,0.0,0.345,0,0,1,,0.882,2026-03-15T15:47:35.136041,sad,0.492,2026-03-15T15:47:35.136041,0.793971969550173,2026-03-15T15:47:35.970000,64,,,
participant_15,4,day,Town10HD_Opt,2026-03-15 15:47:35.990143,76.57833099365234,70.4234619140625,0.002127876272425,12.625,-1.271,0.0,0.066,0,0,1,,1.0,2026-03-15T15:47:35.990143,sad,0.492,2026-03-15T15:47:35.136041,0.7331687507858907,2026-03-15T15:47:35.970000,64,,,
participant_15,4,day,Town10HD_Opt,2026-03-15 15:47:37.169859,79.09423828125,70.32372283935547,0.0020050429739058,8.891,-0.914,0.0,0.0,0,0,1,,1.0,2026-03-15T15:47:37.169859,sad,0.599,2026-03-15T15:47:37.169859,0.7936201644403699,2026-03-15T15:47:37.950000,66,,,
participant_15,4,day,Town10HD_Opt,2026-03-15 15:47:38.011928,80.48201751708984,70.25485229492188,0.0019509505946189,7.437,-0.858,0.373,0.0,0,0,1,,0.906,2026-03-15T15:47:38.011928,sad,0.599,2026-03-15T15:47:37.169859,0.7979730241708842,2026-03-15T15:47:37.950000,66,,,
participant_15,4,day,Town10HD_Opt,2026-03-15 15:47:39.108491,83.39178466796875,70.10140991210938,0.0017915343632921,19.323,1.565,0.755,0.0,0,0,1,,0.89,2026-03-15T15:47:39.108491,sad,0.599,2026-03-15T15:47:37.169859,0.8765597072293858,2026-03-15T15:47:38.941000,67,,,
participant_15,4,day,Town10HD_Opt,2026-03-15 15:47:40.239051,88.64588928222656,70.34901428222656,0.0021202850621193,22.417,12.296,0.206,0.0,0,0,1,,1.0,2026-03-15T15:47:40.239051,happy,0.921,2026-03-15T15:47:40.239051,0.8969326133996475,2026-03-15T15:47:40.965000,57,,,
participant_15,4,day,Town10HD_Opt,2026-03-15 15:47:41.075096,92.10201263427734,71.493896484375,0.0021370314061641,19.75,15.6,0.297,0.0,0,0,1,,1.0,2026-03-15T15:47:41.075096,happy,0.921,2026-03-15T15:47:40.239051,0.927075082235156,2026-03-15T15:47:40.965000,61,,,
participant_15,4,day,Town10HD_Opt,2026-03-15 15:47:42.179664,95.64459991455078,74.20722198486328,0.0020501709077507,19.481,16.803,0.377,0.0,0,0,1,,1.0,2026-03-15T15:47:42.179664,happy,0.921,2026-03-15T15:47:40.239051,0.8739859563099528,2026-03-15T15:47:42.945000,56,,,
participant_15,4,day,Town10HD_Opt,2026-03-15 15:47:43.022911,97.55323791503906,77.10346984863281,0.0020184707827866,20.762,16.369,0.419,0.0,0,0,1,,1.0,2026-03-15T15:47:43.022911,neutral,0.974,2026-03-15T15:47:43.022911,0.8728015587677352,2026-03-15T15:47:42.945000,59,,,
participant_15,4,day,Town10HD_Opt,2026-03-15 15:47:44.140514,98.87862396240234,82.00296020507812,0.0019905471708625,23.304,7.411,0.479,0.0,0,0,1,,1.0,2026-03-15T15:47:44.140514,neutral,0.974,2026-03-15T15:47:43.022911,0.8791994822375884,2026-03-15T15:47:44.971000,59,,,
participant_15,4,day,Town10HD_Opt,2026-03-15 15:47:45.004009,99.25450897216795,86.5126724243164,0.0017077254597097,31.702,3.304,0.991,0.0,0,0,1,,0.931,2026-03-15T15:47:45.004009,neutral,0.974,2026-03-15T15:47:43.022911,0.8418209252144501,2026-03-15T15:47:44.971000,58,,,
participant_15,4,day,Town10HD_Opt,2026-03-15 15:47:46.156689,98.94485473632812,95.70079803466795,0.0017575835809111,46.114,5.174,0.744,0.0,0,0,1,,1.0,2026-03-15T15:47:46.156689,neutral,0.545,2026-03-15T15:47:46.156689,0.7692777318570093,2026-03-15T15:47:46.950000,60,,,
participant_15,4,day,Town10HD_Opt,2026-03-15 15:47:47.255256,95.9628677368164,106.73296356201172,0.0021157073788344,49.076,4.277,0.732,0.0,0,0,1,,1.0,2026-03-15T15:47:47.255256,neutral,0.545,2026-03-15T15:47:46.156689,0.7704867877683876,2026-03-15T15:47:48.030000,59,,,
participant_15,4,day,Town10HD_Opt,2026-03-15 15:47:48.093394,91.86746978759766,114.4430923461914,0.0021377182565629,49.079,4.348,0.727,0.0,0,0,1,,1.0,2026-03-15T15:47:48.093394,neutral,0.545,2026-03-15T15:47:46.156689,0.6664152641550758,2026-03-15T15:47:48.030000,60,,,
participant_15,4,day,Town10HD_Opt,2026-03-15 15:47:49.204936,84.25923919677734,123.08473205566406,0.0020137405954301,49.875,8.818,0.708,0.0,0,0,1,,1.0,2026-03-15T15:47:49.204936,neutral,0.461,2026-03-15T15:47:49.204936,0.6814277815126246,2026-03-15T15:47:49.967000,58,,,errors=Solid line crossing
participant_15,4,day,Town10HD_Opt,2026-03-15 15:47:50.060383,76.70720672607422,127.2400360107422,0.0021272278390824,48.362,4.948,0.705,0.0,0,0,1,,1.0,2026-03-15T15:47:50.060383,neutral,0.461,2026-03-15T15:47:49.204936,0.698725993289282,2026-03-15T15:47:49.967000,59,,,
participant_15,4,day,Town10HD_Opt,2026-03-15 15:47:51.227370,65.44823455810547,129.96041870117188,0.0020702742040157,49.647,3.69,0.705,0.0,0,0,1,,1.0,2026-03-15T15:47:51.227370,neutral,0.828,2026-03-15T15:47:51.227370,0.67375544953241,2026-03-15T15:47:51.945000,56,,,
participant_15,4,day,Town10HD_Opt,2026-03-15 15:47:52.117810,56.73876953125,130.58453369140625,0.0020927428267896,49.405,0.338,0.705,0.0,0,0,1,,0.839,2026-03-15T15:47:52.117810,neutral,0.828,2026-03-15T15:47:51.227370,0.6297676978575255,2026-03-15T15:47:51.945000,55,,,
participant_15,4,day,Town10HD_Opt,2026-03-15 15:47:53.084709,48.00450134277344,130.83499145507812,0.0021165085490792,49.179,0.771,0.706,0.0,0,0,1,,1.0,2026-03-15T15:47:53.084709,neutral,0.828,2026-03-15T15:47:51.227370,0.5946763023385311,2026-03-15T15:47:53.161000,53,,,
participant_15,4,day,Town10HD_Opt,2026-03-15 15:47:53.992573,39.26896667480469,131.06924438476562,0.002134742680937,49.04,-0.094,0.706,0.0,0,0,1,,1.0,2026-03-15T15:47:53.992573,neutral,0.867,2026-03-15T15:47:53.992573,0.5236411996735102,2026-03-15T15:47:53.973000,53,,,
participant_15,4,day,Town10HD_Opt,2026-03-15 15:47:55.225546,27.65540313720703,131.35411071777344,0.0020163727458566,50.154,0.016,0.706,0.0,0,0,1,,1.0,2026-03-15T15:47:55.225546,neutral,0.867,2026-03-15T15:47:53.992573,0.4799365336757232,2026-03-15T15:47:55.951000,53,,,
participant_15,4,day,Town10HD_Opt,2026-03-15 15:47:56.174466,18.92557716369629,131.5880584716797,0.0020412062294781,49.868,0.451,0.706,0.0,0,0,1,,0.9,2026-03-15T15:47:56.174466,sad,0.665,2026-03-15T15:47:56.174466,0.5377257416664457,2026-03-15T15:47:55.951000,52,,,
participant_15,4,day,Town10HD_Opt,2026-03-15 15:47:57.063034,10.19765281677246,131.72323608398438,0.0020693587139248,49.542,0.461,0.702,0.0,0,0,1,,0.906,2026-03-15T15:47:57.063034,sad,0.665,2026-03-15T15:47:56.174466,0.4160013266940665,2026-03-15T15:47:57.076000,54,,,
participant_15,4,day,Town10HD_Opt,2026-03-15 15:47:58.232942,-1.410893201828003,131.64756774902344,0.001981658861041,50.397,0.446,0.663,0.0,0,0,1,,0.848,2026-03-15T15:47:58.232942,sad,0.788,2026-03-15T15:47:58.232942,0.2994630661389941,2026-03-15T15:47:58.965000,56,,,
participant_15,4,day,Town10HD_Opt,2026-03-15 15:47:59.126701,-10.08794116973877,131.41140747070312,0.0020371626596897,49.507,-0.261,0.663,0.0,0,0,1,,0.851,2026-03-15T15:47:59.126701,sad,0.788,2026-03-15T15:47:58.232942,0.4314322379992573,2026-03-15T15:47:59.955000,57,,,
participant_15,4,day,Town10HD_Opt,2026-03-15 15:48:00.052280,-18.80254364013672,131.27755737304688,0.0021327589638531,48.499,-0.179,0.288,0.0,0,0,1,,1.0,2026-03-15T15:48:00.052280,sad,0.788,2026-03-15T15:47:58.232942,0.3712927392919348,2026-03-15T15:47:59.955000,54,,,
participant_15,4,day,Town10HD_Opt,2026-03-15 15:48:01.183581,-29.479555130004883,130.6616973876953,0.0023181533906608,40.839,13.102,0.165,0.0,0,0,1,,1.0,2026-03-15T15:48:01.183581,sad,0.828,2026-03-15T15:48:01.183581,0.4195372414452939,2026-03-15T15:48:01.981000,55,,,
participant_15,4,day,Town10HD_Opt,2026-03-15 15:48:02.071002,-35.42267608642578,127.60997772216795,0.0020855329930782,38.546,14.036,0.595,0.0,0,0,1,,1.0,2026-03-15T15:48:02.071002,sad,0.828,2026-03-15T15:48:01.183581,0.3405199533572366,2026-03-15T15:48:01.981000,54,,,
participant_15,4,day,Town10HD_Opt,2026-03-15 15:48:03.000158,-39.65766143798828,122.02708435058594,0.0019264221191406,42.608,10.908,0.637,0.0,0,0,1,,1.0,2026-03-15T15:48:03.000158,sad,0.828,2026-03-15T15:48:01.183581,0.3806269163014377,2026-03-15T15:48:02.971000,51,,,
participant_15,4,day,Town10HD_Opt,2026-03-15 15:48:04.190600,-41.71474838256836,111.9190902709961,0.0019448088714852,47.297,6.528,0.629,0.0,0,0,1,,1.0,2026-03-15T15:48:04.190600,sad,0.8,2026-03-15T15:48:04.190600,0.360525352248429,2026-03-15T15:48:05.041000,51,,,
participant_15,4,day,Town10HD_Opt,2026-03-15 15:48:05.101124,-41.2607650756836,103.83462524414062,0.0023185729514807,41.76,-10.029,0.062,0.0,0,0,1,,1.0,2026-03-15T15:48:05.101124,sad,0.8,2026-03-15T15:48:04.190600,0.3975347425124539,2026-03-15T15:48:05.940000,49,,,
participant_15,4,day,Town10HD_Opt,2026-03-15 15:48:06.039416,-42.34699249267578,97.37722778320312,0.0023389435373246,32.527,5.519,0.159,0.0,0,0,1,,1.0,2026-03-15T15:48:06.039416,sad,0.8,2026-03-15T15:48:04.190600,0.3874108585618284,2026-03-15T15:48:05.940000,49,,,
participant_15,4,day,Town10HD_Opt,2026-03-15 15:48:07.229425,-43.10836410522461,90.63435363769533,0.0021488571073859,26.497,6.232,0.357,0.0,0,0,1,,1.0,2026-03-15T15:48:07.229425,sad,0.721,2026-03-15T15:48:07.229425,0.4103218950723906,2026-03-15T15:48:07.966000,49,,,
participant_15,4,day,Town10HD_Opt,2026-03-15 15:48:08.170250,-42.82673645019531,86.03558349609375,0.002042083768174,26.686,11.05,0.404,0.0,0,0,1,,1.0,2026-03-15T15:48:08.170250,sad,0.721,2026-03-15T15:48:07.229425,0.3728479880307594,2026-03-15T15:48:09.001000,49,,,
participant_15,4,day,Town10HD_Opt,2026-03-15 15:48:09.087460,-41.48440933227539,81.40901947021484,0.0019291305216029,29.293,5.692,0.577,0.0,0,0,1,,1.0,2026-03-15T15:48:09.087460,sad,0.721,2026-03-15T15:48:07.229425,0.4239258812807804,2026-03-15T15:48:09.001000,51,,,
participant_15,4,day,Town10HD_Opt,2026-03-15 15:48:09.994727,-39.03681945800781,76.50094604492188,0.001925888005644,33.647,13.338,0.577,0.0,0,0,1,,1.0,2026-03-15T15:48:09.994727,sad,0.79,2026-03-15T15:48:09.994727,0.3533220336288132,2026-03-15T15:48:09.946000,50,Stop sign violation,stop_sign_id=1300,
participant_15,4,day,Town10HD_Opt,2026-03-15 15:48:11.231275,-32.56923294067383,71.44937896728516,0.0019680403638631,38.153,13.872,0.579,0.0,0,0,1,,1.0,2026-03-15T15:48:11.231275,sad,0.79,2026-03-15T15:48:09.994727,0.4180564061590108,2026-03-15T15:48:11.970000,51,,,
participant_15,4,day,Town10HD_Opt,2026-03-15 15:48:12.106075,-25.77979850769043,70.15047454833984,0.0019436263246461,41.559,-0.609,0.578,0.0,0,0,1,phone_call,0.817,2026-03-15T15:48:12.106075,neutral,0.524,2026-03-15T15:48:12.106075,0.4316040064880322,2026-03-15T15:48:11.970000,52,,,
participant_15,4,day,Town10HD_Opt,2026-03-15 15:48:13.036828,-18.30417251586914,69.35297393798828,0.0019464873475953,44.422,5.155,0.573,0.0,0,0,1,,1.0,2026-03-15T15:48:13.036828,neutral,0.524,2026-03-15T15:48:12.106075,0.3926263506578793,2026-03-15T15:48:13.005000,52,,,errors=Solid line crossing
participant_15,4,day,Town10HD_Opt,2026-03-15 15:48:14.011449,-10.429222106933594,69.14659881591797,0.0020274734124541,45.304,1.307,0.484,0.0,0,0,1,,1.0,2026-03-15T15:48:14.011449,neutral,0.524,2026-03-15T15:48:12.106075,0.3470482512047144,2026-03-15T15:48:13.950000,56,,,
participant_15,4,day,Town10HD_Opt,2026-03-15 15:48:15.227462,0.1625855267047882,69.68184661865234,0.0020363617222756,45.591,-2.395,0.475,0.0,0,0,1,,1.0,2026-03-15T15:48:15.227462,neutral,0.518,2026-03-15T15:48:15.227462,0.3049989301137145,2026-03-15T15:48:15.976000,56,,,
participant_15,4,day,Town10HD_Opt,2026-03-15 15:48:16.203425,8.117691993713379,69.66874694824219,0.0020652769599109,44.921,-0.837,0.085,0.0,0,0,1,,1.0,2026-03-15T15:48:16.203425,neutral,0.518,2026-03-15T15:48:15.227462,0.3720487951042497,2026-03-15T15:48:16.966000,56,,,
participant_15,4,day,Town10HD_Opt,2026-03-15 15:48:17.185501,15.295308113098145,69.30057525634766,0.0023515319917351,35.666,0.874,0.0,0.345,0,0,1,,1.0,2026-03-15T15:48:17.185501,neutral,0.518,2026-03-15T15:48:15.227462,0.3379929587306874,2026-03-15T15:48:17.955000,56,,,errors=Harsh braking | Solid line crossing
participant_15,4,day,Town10HD_Opt,2026-03-15 15:48:18.115159,20.574676513671875,69.14319610595703,0.0024301910307258,23.606,0.747,0.0,0.772,0,0,1,,1.0,2026-03-15T15:48:18.115159,sad,0.952,2026-03-15T15:48:18.115159,0.3604996792348695,2026-03-15T15:48:17.955000,55,,,
participant_15,4,day,Town10HD_Opt,2026-03-15 15:48:19.069961,22.78666877746582,69.11980438232422,0.0026818083133548,0.002,0.665,0.0,0.914,0,0,1,,1.0,2026-03-15T15:48:19.069961,sad,0.952,2026-03-15T15:48:18.115159,0.470177067263244,2026-03-15T15:48:19.040000,54,,,
participant_15,4,day,Town10HD_Opt,2026-03-15 15:48:20.039392,22.78755569458008,69.11979675292969,0.0019440078176558,0.0,0.665,0.0,0.427,0,0,1,,1.0,2026-03-15T15:48:20.039392,sad,0.952,2026-03-15T15:48:18.115159,0.3730680298424077,2026-03-15T15:48:19.981000,53,,,
participant_15,4,day,Town10HD_Opt,2026-03-15 15:48:21.215248,22.78758811950684,69.11979675292969,0.001919784466736,0.0,0.665,0.0,0.0,0,0,1,,1.0,2026-03-15T15:48:21.215248,sad,0.634,2026-03-15T15:48:21.215248,0.3596786170270943,2026-03-15T15:48:21.961000,57,,,
participant_15,4,day,Town10HD_Opt,2026-03-15 15:48:22.096620,22.78758811950684,69.11979675292969,0.001919784466736,0.0,0.665,0.0,0.0,0,0,1,,1.0,2026-03-15T15:48:22.096620,sad,0.634,2026-03-15T15:48:21.215248,0.4197194884332182,2026-03-15T15:48:22.951000,56,,,
participant_15,4,day,Town10HD_Opt,2026-03-15 15:48:22.995188,23.16139793395996,69.11665344238281,0.0015291976742446,8.713,0.134,1.0,0.0,0,0,1,,1.0,2026-03-15T15:48:22.995188,sad,0.634,2026-03-15T15:48:21.215248,0.4826094273754326,2026-03-15T15:48:22.951000,55,,,
participant_15,4,day,Town10HD_Opt,2026-03-15 15:48:24.184874,27.357139587402344,69.03814697265625,0.001586418133229,28.438,-4.749,1.0,0.0,0,0,1,,1.0,2026-03-15T15:48:24.184874,sad,0.649,2026-03-15T15:48:24.184874,0.4807366016327671,2026-03-15T15:48:24.975000,57,,,errors=Solid line crossing
participant_15,4,day,Town10HD_Opt,2026-03-15 15:48:25.110354,33.41130828857422,68.0007095336914,0.0016227340092882,41.552,-7.299,0.609,0.0,0,0,1,,1.0,2026-03-15T15:48:25.110354,sad,0.649,2026-03-15T15:48:24.184874,0.4985749886353799,2026-03-15T15:48:24.975000,55,,,
participant_15,4,day,Town10HD_Opt,2026-03-15 15:48:26.266612,41.4915771484375,64.26484680175781,0.0023342894855886,32.089,-12.275,0.0,0.0,0,0,1,,1.0,2026-03-15T15:48:26.266612,sad,0.56,2026-03-15T15:48:26.266612,0.5455428055332707,2026-03-15T15:48:26.956000,57,,,
participant_15,4,day,Town10HD_Opt,2026-03-15 15:48:27.189920,44.69871139526367,60.5572624206543,0.0022796248085796,25.746,-26.243,0.404,0.0,0,0,1,,1.0,2026-03-15T15:48:27.189920,sad,0.56,2026-03-15T15:48:26.266612,0.4740526366291946,2026-03-15T15:48:27.946000,55,,,
participant_15,4,day,Town10HD_Opt,2026-03-15 15:48:28.065543,45.65940475463867,56.17181396484375,0.0020844268146902,25.627,-7.67,0.315,0.0,0,0,1,,0.872,2026-03-15T15:48:28.065543,sad,0.56,2026-03-15T15:48:26.266612,0.5369128019172016,2026-03-15T15:48:27.946000,56,,,
participant_15,4,day,Town10HD_Opt,2026-03-15 15:48:29.212937,45.76730728149414,50.31272506713867,0.0020625304896384,24.804,-5.607,0.472,0.0,0,0,1,,0.885,2026-03-15T15:48:29.212937,sad,0.821,2026-03-15T15:48:29.212937,0.5449679718661979,2026-03-15T15:48:30.016000,57,,,
participant_15,4,day,Town10HD_Opt,2026-03-15 15:48:30.134486,45.18678283691406,45.75400161743164,0.0019125747494399,28.347,-3.931,0.552,0.0,0,0,1,,1.0,2026-03-15T15:48:30.134486,sad,0.821,2026-03-15T15:48:29.212937,0.5211796100113345,2026-03-15T15:48:30.961000,61,,,
participant_15,4,day,Town10HD_Opt,2026-03-15 15:48:31.028076,44.59319686889648,40.49116897583008,0.0019446563674136,32.037,14.295,0.538,0.0,0,0,1,,1.0,2026-03-15T15:48:31.028076,sad,0.821,2026-03-15T15:48:29.212937,0.6020508467619167,2026-03-15T15:48:30.961000,59,,,
participant_15,4,day,Town10HD_Opt,2026-03-15 15:48:32.163990,46.91835403442383,33.142364501953125,0.0020330047700554,34.637,17.876,0.495,0.0,0,0,1,,1.0,2026-03-15T15:48:32.163990,neutral,0.936,2026-03-15T15:48:32.163990,0.5466726292341022,2026-03-15T15:48:32.041000,56,,,
participant_15,4,day,Town10HD_Opt,2026-03-15 15:48:33.060232,51.26887512207031,29.27033805847168,0.0022580719087272,30.572,12.524,0.0,0.0,0,0,1,,0.819,2026-03-15T15:48:33.060232,neutral,0.936,2026-03-15T15:48:32.163990,0.5783657884106718,2026-03-15T15:48:33.121000,54,,,
participant_15,4,day,Town10HD_Opt,2026-03-15 15:48:34.180354,56.96379089355469,27.216217041015625,0.0022390745580196,21.814,5.259,0.264,0.0,0,0,1,,1.0,2026-03-15T15:48:34.180354,neutral,0.835,2026-03-15T15:48:34.180354,0.5035873070629183,2026-03-15T15:48:35.011000,55,,,
participant_15,4,day,Town10HD_Opt,2026-03-15 15:48:35.058767,60.53768539428711,26.415834426879883,0.0020978164393454,20.092,-0.837,0.269,0.0,0,0,1,phone_call,0.972,2026-03-15T15:48:35.058767,neutral,0.835,2026-03-15T15:48:34.180354,0.4373500404244049,2026-03-15T15:48:35.011000,56,,,
participant_15,4,day,Town10HD_Opt,2026-03-15 15:48:36.203124,65.01539611816406,25.50853538513184,0.0020526503212749,19.311,4.452,0.231,0.0,0,0,1,,0.809,2026-03-15T15:48:36.203124,neutral,0.899,2026-03-15T15:48:36.203124,0.4371684923922097,2026-03-15T15:48:36.946000,57,,,
participant_15,4,day,Town10HD_Opt,2026-03-15 15:48:37.088508,68.26142883300781,25.11799049377441,0.0020484160631895,18.231,0.305,0.24,0.0,0,0,1,,1.0,2026-03-15T15:48:37.088508,neutral,0.899,2026-03-15T15:48:36.203124,0.5460838302778845,2026-03-15T15:48:36.946000,58,,,
participant_15,4,day,Town10HD_Opt,2026-03-15 15:48:38.238070,72.45003509521484,24.69887924194336,0.0018515014089643,17.787,4.202,0.18,0.0,0,0,1,,1.0,2026-03-15T15:48:38.238070,neutral,0.694,2026-03-15T15:48:38.238070,0.5037237873236655,2026-03-15T15:48:38.971000,55,,,
participant_15,4,day,Town10HD_Opt,2026-03-15 15:48:39.085155,75.34764862060547,24.60605430603028,0.0020396423060446,14.513,2.341,0.0,0.0,0,0,1,,0.96,2026-03-15T15:48:39.085155,neutral,0.694,2026-03-15T15:48:38.238070,0.4518517229103646,2026-03-15T15:48:38.971000,58,,,
participant_15,4,day,Town10HD_Opt,2026-03-15 15:48:40.194066,78.07107543945312,24.575233459472656,0.0021215819288045,7.444,0.261,0.0,0.555,0,0,1,,1.0,2026-03-15T15:48:40.194066,neutral,0.694,2026-03-15T15:48:38.238070,0.531209096485859,2026-03-15T15:48:40.951000,58,,,
participant_15,4,day,Town10HD_Opt,2026-03-15 15:48:41.026925,78.60496520996094,24.569339752197266,0.0020765303634107,0.0,0.686,0.0,0.109,0,0,1,,1.0,2026-03-15T15:48:41.026925,fear,0.45,2026-03-15T15:48:41.026925,0.5431223655315743,2026-03-15T15:48:40.951000,57,,,
participant_15,4,day,Town10HD_Opt,2026-03-15 15:48:42.171508,78.6113510131836,24.56933212280273,0.0019205474527552,0.026,0.115,0.0,0.0,0,0,1,,1.0,2026-03-15T15:48:42.171508,fear,0.45,2026-03-15T15:48:41.026925,0.5545241944046132,2026-03-15T15:48:42.977000,59,,,
participant_15,4,day,Town10HD_Opt,2026-03-15 15:48:43.035094,78.62751770019531,24.56916236877441,0.0019011687254533,0.323,0.115,0.0,0.0,0,0,1,,1.0,2026-03-15T15:48:43.035094,neutral,0.49,2026-03-15T15:48:43.035094,0.5449715816868422,2026-03-15T15:48:42.977000,58,,,
participant_15,4,day,Town10HD_Opt,2026-03-15 15:48:44.137642,78.69691467285156,24.56827735900879,0.0019212722545489,0.248,0.564,0.0,0.0,0,0,1,,0.864,2026-03-15T15:48:44.137642,neutral,0.49,2026-03-15T15:48:43.035094,0.6357413332349532,2026-03-15T15:48:44.956000,61,,,
participant_15,4,day,Town10HD_Opt,2026-03-15 15:48:45.230212,78.74636840820312,24.5678825378418,0.0019207000732421,0.171,0.559,0.0,0.0,0,0,1,,0.829,2026-03-15T15:48:45.230212,neutral,0.786,2026-03-15T15:48:45.230212,0.6248588261412518,2026-03-15T15:48:45.991000,61,,,
participant_15,4,day,Town10HD_Opt,2026-03-15 15:48:46.048365,78.77357482910156,24.56767845153809,0.0019203948322683,0.131,0.559,0.0,0.0,0,0,1,,0.877,2026-03-15T15:48:46.048365,neutral,0.786,2026-03-15T15:48:45.230212,0.6178364035695045,2026-03-15T15:48:45.991000,60,,,
participant_15,4,day,Town10HD_Opt,2026-03-15 15:48:47.156194,78.80029296875,24.567413330078125,0.0019200515234842,0.091,0.559,0.0,0.0,0,0,1,,0.902,2026-03-15T15:48:47.156194,neutral,0.786,2026-03-15T15:48:45.230212,0.6265759194258725,2026-03-15T15:48:47.971000,59,,,
participant_15,4,day,Town10HD_Opt,2026-03-15 15:48:48.245752,78.819091796875,24.567277908325195,0.0019197082147002,0.062,0.585,0.0,0.0,0,0,1,,1.0,2026-03-15T15:48:48.245752,happy,0.972,2026-03-15T15:48:48.245752,0.6258757635669907,2026-03-15T15:48:48.961000,57,,,
participant_15,4,day,Town10HD_Opt,2026-03-15 15:48:49.065256,78.82942962646484,24.567195892333984,0.001919517526403,0.047,0.595,0.0,0.0,0,0,1,,1.0,2026-03-15T15:48:49.065256,happy,0.972,2026-03-15T15:48:48.245752,0.6809593588644984,2026-03-15T15:48:48.961000,59,,,
participant_15,4,day,Town10HD_Opt,2026-03-15 15:48:50.133114,78.83958435058594,24.567184448242188,0.0019193649059161,0.032,0.597,0.0,0.0,0,0,1,,1.0,2026-03-15T15:48:50.133114,happy,0.972,2026-03-15T15:48:48.245752,0.5729382821510279,2026-03-15T15:48:50.941000,48,,,
participant_15,4,day,Town10HD_Opt,2026-03-15 15:48:51.226265,78.84671783447266,24.567176818847656,0.0019193267216905,0.022,0.602,0.0,0.0,0,0,1,,1.0,2026-03-15T15:48:51.226265,happy,1.0,2026-03-15T15:48:51.226265,0.6055606084469785,2026-03-15T15:48:51.976000,48,,,
participant_15,4,day,Town10HD_Opt,2026-03-15 15:48:52.045558,78.84962463378906,24.56717300415039,0.0019190596649423,0.003,0.602,0.0,0.0,0,0,1,,1.0,2026-03-15T15:48:52.045558,happy,1.0,2026-03-15T15:48:51.226265,0.5409420614290936,2026-03-15T15:48:51.976000,48,,,
participant_15,4,day,Town10HD_Opt,2026-03-15 15:48:53.175964,78.84989929199219,24.56717300415039,0.0019191741012036,0.005,0.62,0.0,0.0,0,0,1,,1.0,2026-03-15T15:48:53.175964,happy,1.0,2026-03-15T15:48:51.226265,0.3665766094843989,2026-03-15T15:48:53.956000,49,,,
participant_15,4,day,Town10HD_Opt,2026-03-15 15:48:54.061170,78.85015106201172,24.56717300415039,0.0019190978491678,0.006,0.625,0.0,0.0,0,0,1,,0.905,2026-03-15T15:48:54.061170,happy,1.0,2026-03-15T15:48:54.061170,0.4201115408185986,2026-03-15T15:48:53.956000,48,,,
participant_15,4,day,Town10HD_Opt,2026-03-15 15:48:55.139332,78.85025787353516,24.56717300415039,0.0019192122854292,0.006,0.625,0.0,0.0,0,0,1,,0.948,2026-03-15T15:48:55.139332,happy,1.0,2026-03-15T15:48:54.061170,0.3768278355006657,2026-03-15T15:48:55.982000,56,,,
participant_15,4,day,Town10HD_Opt,2026-03-15 15:48:56.232947,79.2371826171875,24.564584732055664,0.0017988967010751,4.176,0.625,0.0,0.0,0,0,1,,1.0,2026-03-15T15:48:56.232947,sad,0.624,2026-03-15T15:48:56.232947,0.3989415885446987,2026-03-15T15:48:56.971000,54,,,
participant_15,4,day,Town10HD_Opt,2026-03-15 15:48:57.099422,79.9023666381836,24.56132698059082,0.0019449996761977,3.3,0.63,0.0,0.0,0,0,1,,1.0,2026-03-15T15:48:57.099422,sad,0.624,2026-03-15T15:48:56.232947,0.3993534738479923,2026-03-15T15:48:56.971000,53,,,
participant_15,4,day,Town10HD_Opt,2026-03-15 15:48:58.207528,80.55958557128906,24.559720993041992,0.001941337599419,2.319,0.632,0.0,0.0,0,0,1,,1.0,2026-03-15T15:48:58.207528,sad,0.624,2026-03-15T15:48:56.232947,0.3519966088534368,2026-03-15T15:48:58.996000,55,,,
participant_15,4,day,Town10HD_Opt,2026-03-15 15:48:59.061751,80.92089080810547,24.55943298339844,0.0019361113663762,1.781,0.658,0.0,0.0,0,0,1,,1.0,2026-03-15T15:48:59.061751,happy,0.866,2026-03-15T15:48:59.061751,0.3923619139978652,2026-03-15T15:48:58.996000,56,,,
participant_15,4,day,Town10HD_Opt,2026-03-15 15:49:00.170798,80.9634780883789,24.55937385559082,0.0019237899687141,0.0,0.679,0.0,0.512,0,0,1,,1.0,2026-03-15T15:49:00.170798,happy,0.866,2026-03-15T15:48:59.061751,0.4624691459901766,2026-03-15T15:49:00.977000,56,,,
participant_15,4,day,Town10HD_Opt,2026-03-15 15:49:01.025014,80.9634780883789,24.55937385559082,0.0019200897077098,0.0,0.679,0.0,0.0,0,0,1,,1.0,2026-03-15T15:49:01.025014,happy,0.866,2026-03-15T15:48:59.061751,0.3521782056952924,2026-03-15T15:49:00.977000,55,,,
participant_15,4,day,Town10HD_Opt,2026-03-15 15:49:02.154876,80.9634780883789,24.55937385559082,0.001919021597132,0.0,0.78,0.0,0.0,0,0,1,,1.0,2026-03-15T15:49:02.154876,happy,1.0,2026-03-15T15:49:02.154876,0.365152775097311,2026-03-15T15:49:02.956000,55,,,
participant_15,4,day,Town10HD_Opt,2026-03-15 15:49:03.038132,80.9634780883789,24.55937385559082,0.001919021597132,0.0,0.576,0.0,0.0,0,0,1,,1.0,2026-03-15T15:49:03.038132,happy,1.0,2026-03-15T15:49:02.154876,0.3304150762213491,2026-03-15T15:49:02.956000,53,,,
participant_15,4,day,Town10HD_Opt,2026-03-15 15:49:04.138057,80.9634780883789,24.55937385559082,0.001919021597132,0.0,1.354,0.0,0.0,0,0,1,,1.0,2026-03-15T15:49:04.138057,happy,1.0,2026-03-15T15:49:02.154876,0.4634176633589568,2026-03-15T15:49:04.982000,53,,,
participant_15,4,day,Town10HD_Opt,2026-03-15 15:49:05.019138,81.0767822265625,24.569355010986328,0.0017465590499341,3.794,13.511,0.9,0.0,0,0,1,,1.0,2026-03-15T15:49:05.019138,neutral,0.458,2026-03-15T15:49:05.019138,0.4100424208030984,2026-03-15T15:49:04.982000,53,,,
participant_15,4,day,Town10HD_Opt,2026-03-15 15:49:06.115063,83.41062927246094,24.78875160217285,0.0019415282877162,11.173,2.344,0.0,0.0,0,0,1,,1.0,2026-03-15T15:49:06.115063,neutral,0.458,2026-03-15T15:49:05.019138,0.3445175721761815,2026-03-15T15:49:06.961000,53,,,
participant_15,4,day,Town10HD_Opt,2026-03-15 15:49:07.238223,85.73690032958984,25.00320243835449,0.0011063002748414,12.737,-2.353,0.997,0.0,0,0,1,,1.0,2026-03-15T15:49:07.238223,sad,0.847,2026-03-15T15:49:07.238223,0.3502293116051011,2026-03-15T15:49:07.952000,57,,,errors=Vehicle-pedestrian collision
participant_15,4,day,Town10HD_Opt,2026-03-15 15:49:08.089239,89.03240203857422,25.17086601257324,0.0011698531452566,26.364,-2.4,1.0,0.0,0,0,1,,1.0,2026-03-15T15:49:08.089239,sad,0.847,2026-03-15T15:49:07.238223,0.3632855168966603,2026-03-15T15:49:07.952000,53,,,
participant_15,4,day,Town10HD_Opt,2026-03-15 15:49:09.175621,97.2768325805664,23.96985626220703,0.0016886901576071,45.392,-16.201,0.931,0.0,0,0,1,,1.0,2026-03-15T15:49:09.175621,sad,0.847,2026-03-15T15:49:07.238223,0.4361065203381782,2026-03-15T15:49:09.976000,55,,,
participant_15,4,day,Town10HD_Opt,2026-03-15 15:49:09.996359,103.64349365234376,18.436222076416016,0.001858253381215,50.909,-11.764,0.0,0.132,0,0,1,,1.0,2026-03-15T15:49:09.996359,happy,0.84,2026-03-15T15:49:09.996359,0.3914439148176671,2026-03-15T15:49:09.976000,56,,,
participant_15,4,day,Town10HD_Opt,2026-03-15 15:49:11.101581,106.85195922851562,7.434993267059326,0.0019654082134366,50.626,5.264,0.0,0.0,0,0,1,,1.0,2026-03-15T15:49:11.101581,happy,0.84,2026-03-15T15:49:09.996359,0.3749048610414663,2026-03-15T15:49:11.956000,57,,,
participant_15,4,day,Town10HD_Opt,2026-03-15 15:49:12.173976,108.98937225341795,-4.068489074707031,0.0022083662915974,48.632,-2.812,0.985,0.0,0,0,1,,1.0,2026-03-15T15:49:12.173976,happy,0.993,2026-03-15T15:49:12.173976,0.3731698102694357,2026-03-15T15:49:12.991000,57,,,
participant_15,4,day,Town10HD_Opt,2026-03-15 15:49:13.010732,109.64586639404295,-12.828653335571287,0.0021979522425681,48.585,2.028,1.0,0.0,0,0,1,,1.0,2026-03-15T15:49:13.010732,happy,0.993,2026-03-15T15:49:12.173976,0.4032717528867925,2026-03-15T15:49:12.991000,58,,,errors=Solid line crossing
participant_15,4,day,Town10HD_Opt,2026-03-15 15:49:14.127016,110.52638244628906,-24.36750602722168,0.0020532608032226,49.677,-6.938,1.0,0.0,0,0,1,,1.0,2026-03-15T15:49:14.127016,happy,0.993,2026-03-15T15:49:12.173976,0.4789195515494807,2026-03-15T15:49:14.971000,63,,,
participant_15,4,day,Town10HD_Opt,2026-03-15 15:49:15.233744,108.32656860351562,-35.88017654418945,0.0018879318377003,52.13,-2.066,0.0,0.213,0,0,1,,1.0,2026-03-15T15:49:15.233744,happy,0.978,2026-03-15T15:49:15.233744,0.6183342907598277,2026-03-15T15:49:15.961000,60,,,
participant_15,4,day,Town10HD_Opt,2026-03-15 15:49:16.052739,105.40753936767578,-44.13909530639648,0.0019987486302852,50.676,-7.316,0.0,0.0,0,0,1,,1.0,2026-03-15T15:49:16.052739,happy,0.978,2026-03-15T15:49:15.233744,0.5710418919745133,2026-03-15T15:49:15.961000,62,,,errors=Solid line crossing
participant_15,4,day,Town10HD_Opt,2026-03-15 15:49:17.131216,98.62570190429688,-53.72653198242188,0.0018921660957857,51.241,-3.976,0.0,0.186,0,0,1,,0.837,2026-03-15T15:49:17.131216,happy,0.978,2026-03-15T15:49:15.233744,0.5906270297831404,2026-03-15T15:49:16.953000,65,,,
participant_15,4,day,Town10HD_Opt,2026-03-15 15:49:18.190538,89.60496520996094,-61.34109878540039,0.0021173858549445,49.959,-4.983,0.0,0.124,0,0,1,,1.0,2026-03-15T15:49:18.190538,neutral,0.758,2026-03-15T15:49:18.190538,0.725376853649358,2026-03-15T15:49:18.976000,62,,,
participant_15,4,day,Town10HD_Opt,2026-03-15 15:49:19.056565,81.81403350830078,-65.26419067382812,0.0018833923386409,51.83,-5.531,0.0,0.222,0,0,1,,1.0,2026-03-15T15:49:19.056565,neutral,0.758,2026-03-15T15:49:18.190538,0.820881692907258,2026-03-15T15:49:18.976000,64,,,
participant_15,4,day,Town10HD_Opt,2026-03-15 15:49:20.225236,70.3627700805664,-67.73827362060547,0.0021146012004464,49.414,-2.953,1.0,0.0,0,0,1,,1.0,2026-03-15T15:49:20.225236,neutral,0.448,2026-03-15T15:49:20.225236,0.8265923200466244,2026-03-15T15:49:20.955000,59,,,
participant_15,4,day,Town10HD_Opt,2026-03-15 15:49:21.120992,61.60176086425781,-68.04853057861328,0.0020017242059111,51.064,0.049,0.0,0.106,0,0,1,,1.0,2026-03-15T15:49:21.120992,neutral,0.448,2026-03-15T15:49:20.225236,0.8966046275466609,2026-03-15T15:49:20.955000,60,,,
participant_15,4,day,Town10HD_Opt,2026-03-15 15:49:22.018176,52.90465545654297,-68.09296417236328,0.0019002150511369,51.175,-0.367,0.0,0.148,0,0,1,,1.0,2026-03-15T15:49:22.018176,neutral,0.448,2026-03-15T15:49:20.225236,0.8636159344470231,2026-03-15T15:49:22.082000,60,,,
participant_15,4,day,Town10HD_Opt,2026-03-15 15:49:22.998422,44.14690780639648,-68.016357421875,0.0019187163561582,51.087,-0.552,0.0,0.109,0,0,1,,1.0,2026-03-15T15:49:22.998422,sad,0.456,2026-03-15T15:49:22.998422,0.8792801860540268,2026-03-15T15:49:23.028000,58,,,
participant_15,4,day,Town10HD_Opt,2026-03-15 15:49:24.261927,32.52346420288086,-67.73651885986328,0.0020421219523996,49.74,-0.157,0.852,0.0,0,0,1,,1.0,2026-03-15T15:49:24.261927,sad,0.456,2026-03-15T15:49:22.998422,0.7992966894466479,2026-03-15T15:49:24.961000,56,,,
participant_15,4,day,Town10HD_Opt,2026-03-15 15:49:25.083958,23.740306854248047,-67.49017333984375,0.0019479751354083,51.182,-0.186,0.0,0.199,0,0,1,,1.0,2026-03-15T15:49:25.083958,sad,0.841,2026-03-15T15:49:25.083958,0.8532217636445315,2026-03-15T15:49:24.961000,58,,,
participant_15,4,day,Town10HD_Opt,2026-03-15 15:49:26.258197,12.43482494354248,-67.19306182861328,0.0021584320347756,46.125,0.348,0.0,0.0,0,0,1,,1.0,2026-03-15T15:49:26.258197,sad,0.841,2026-03-15T15:49:25.083958,0.7259183137626743,2026-03-15T15:49:26.986000,60,,,
participant_15,4,day,Town10HD_Opt,2026-03-15 15:49:27.088494,5.161953449249268,-67.1444320678711,0.0023620224092155,36.075,0.315,0.0,0.0,0,0,1,,1.0,2026-03-15T15:49:27.088494,sad,0.713,2026-03-15T15:49:27.088494,0.7439418741720087,2026-03-15T15:49:26.986000,63,,,
participant_15,4,day,Town10HD_Opt,2026-03-15 15:49:28.210624,-2.050962448120117,-67.23959350585938,0.0022880935575813,25.837,-0.493,0.0,0.0,0,0,1,,1.0,2026-03-15T15:49:28.210624,sad,0.713,2026-03-15T15:49:27.088494,0.7088299358619906,2026-03-15T15:49:28.966000,59,,,
participant_15,4,day,Town10HD_Opt,2026-03-15 15:49:29.041604,-6.008172035217285,-67.2933578491211,0.0022181700915098,19.945,1.076,0.094,0.0,0,0,1,,1.0,2026-03-15T15:49:29.041604,sad,0.713,2026-03-15T15:49:27.088494,0.6831612965085693,2026-03-15T15:49:28.966000,59,,,
participant_15,4,day,Town10HD_Opt,2026-03-15 15:49:30.153547,-10.175267219543455,-67.3899917602539,0.0019535445608198,16.741,-0.251,0.273,0.0,0,0,1,,1.0,2026-03-15T15:49:30.153547,sad,0.591,2026-03-15T15:49:30.153547,0.6102422730220715,2026-03-15T15:49:30.991000,56,,,
participant_15,4,day,Town10HD_Opt,2026-03-15 15:49:30.992048,-13.028095245361328,-67.44306945800781,0.0020206451881676,14.646,-0.007,0.0,0.0,0,0,1,,1.0,2026-03-15T15:49:30.992048,sad,0.591,2026-03-15T15:49:30.153547,0.6300659786580481,2026-03-15T15:49:30.991000,55,,,
participant_15,4,day,Town10HD_Opt,2026-03-15 15:49:32.112522,-15.945063591003418,-67.5141830444336,0.0020171736832708,10.301,0.411,0.0,0.0,0,0,1,,1.0,2026-03-15T15:49:32.112522,sad,0.591,2026-03-15T15:49:30.153547,0.570294826805408,2026-03-15T15:49:31.985000,53,,,
participant_15,4,day,Town10HD_Opt,2026-03-15 15:49:33.203503,-17.99614715576172,-67.5785903930664,0.0019883345812559,7.242,0.451,0.0,0.0,0,0,1,,1.0,2026-03-15T15:49:33.203503,sad,0.739,2026-03-15T15:49:33.203503,0.5183413190624531,2026-03-15T15:49:33.961000,51,,,
participant_15,4,day,Town10HD_Opt,2026-03-15 15:49:34.028583,-19.27650260925293,-67.62422943115234,0.0016622161492705,11.728,0.451,1.0,0.0,0,0,1,,1.0,2026-03-15T15:49:34.028583,sad,0.739,2026-03-15T15:49:33.203503,0.5886742129446572,2026-03-15T15:49:33.961000,54,,,
participant_15,4,day,Town10HD_Opt,2026-03-15 15:49:35.105528,-24.098854064941406,-67.82794189453125,0.0015217589680105,31.717,0.451,1.0,0.0,0,0,1,,0.852,2026-03-15T15:49:35.105528,sad,0.739,2026-03-15T15:49:33.203503,0.4049879948157858,2026-03-15T15:49:34.952000,53,,,
participant_15,4,day,Town10HD_Opt,2026-03-15 15:49:36.179444,-33.70701217651367,-68.36614990234375,0.001554412767291,51.747,-2.28,0.0,0.175,0,0,1,,1.0,2026-03-15T15:49:36.179444,sad,0.731,2026-03-15T15:49:36.179444,0.3793998204471308,2026-03-15T15:49:36.977000,58,,,
participant_15,4,day,Town10HD_Opt,2026-03-15 15:49:37.002395,-42.52217864990234,-68.6071548461914,0.0020751189440488,49.536,-0.31,0.779,0.0,0,0,1,,1.0,2026-03-15T15:49:37.002395,sad,0.731,2026-03-15T15:49:36.179444,0.3912509467076451,2026-03-15T15:49:36.977000,56,,,
participant_15,4,day,Town10HD_Opt,2026-03-15 15:49:38.078123,-54.14888000488281,-68.65007019042969,0.0019791030790656,50.372,-0.331,0.764,0.0,0,0,1,,1.0,2026-03-15T15:49:38.078123,sad,0.731,2026-03-15T15:49:36.179444,0.4195534507591705,2026-03-15T15:49:37.965000,56,,,
participant_15,4,day,Town10HD_Opt,2026-03-15 15:49:39.118317,-65.82936096191406,-68.48355865478516,0.0019264601869508,50.914,-1.8,0.0,0.115,0,0,1,,0.804,2026-03-15T15:49:39.118317,sad,0.877,2026-03-15T15:49:39.118317,0.4121879230688076,2026-03-15T15:49:38.956000,56,,,
participant_15,4,day,Town10HD_Opt,2026-03-15 15:49:40.165194,-77.30957794189453,-66.77519226074219,0.0020020676311105,50.693,-6.298,0.0,0.0,0,0,1,,1.0,2026-03-15T15:49:40.165194,sad,0.877,2026-03-15T15:49:39.118317,0.2816730680646564,2026-03-15T15:49:40.981000,54,,,
participant_15,4,day,Town10HD_Opt,2026-03-15 15:49:41.212835,-87.8858642578125,-62.06808471679688,0.0021367263980209,48.974,-3.186,0.731,0.0,0,0,1,,1.0,2026-03-15T15:49:41.212835,sad,0.668,2026-03-15T15:49:41.212835,0.4265646091424745,2026-03-15T15:49:41.971000,53,,,
participant_15,4,day,Town10HD_Opt,2026-03-15 15:49:42.059387,-95.19744873046876,-57.29901123046875,0.0021464538294821,48.918,-5.326,0.731,0.0,0,0,1,,0.924,2026-03-15T15:49:42.059387,sad,0.668,2026-03-15T15:49:41.212835,0.38603160777074,2026-03-15T15:49:41.971000,52,,,
participant_15,4,day,Town10HD_Opt,2026-03-15 15:49:43.243570,-103.13883209228516,-48.92123031616211,0.0020406341645866,49.873,-5.262,0.731,0.0,0,0,1,,1.0,2026-03-15T15:49:43.243570,sad,0.757,2026-03-15T15:49:43.243570,0.4109003557118773,2026-03-15T15:49:43.951000,52,,,
participant_15,4,day,Town10HD_Opt,2026-03-15 15:49:44.170520,-107.42491149902344,-41.312870025634766,0.0020662688184529,49.75,-4.518,0.731,0.0,0,0,1,,0.946,2026-03-15T15:49:44.170520,sad,0.757,2026-03-15T15:49:43.243570,0.3601913755773742,2026-03-15T15:49:44.987000,52,,,
participant_15,4,day,Town10HD_Opt,2026-03-15 15:49:45.100703,-110.16799926757812,-33.09214401245117,0.0021413420327007,48.05,-5.061,0.417,0.0,0,0,1,,0.962,2026-03-15T15:49:45.100703,sad,0.757,2026-03-15T15:49:43.243570,0.406326805562736,2026-03-15T15:49:44.987000,51,,,
participant_15,4,day,Town10HD_Opt,2026-03-15 15:49:45.990127,-111.18014526367188,-24.888994216918945,0.0021712875459343,44.986,-3.898,0.0,0.0,0,0,1,,0.905,2026-03-15T15:49:45.990127,neutral,0.766,2026-03-15T15:49:45.990127,0.3981779912425575,2026-03-15T15:49:45.976000,56,,,
participant_15,4,day,Town10HD_Opt,2026-03-15 15:49:47.208975,-110.84951782226562,-15.849017143249512,0.0023336792364716,32.212,0.305,0.0,0.0,0,0,1,,0.816,2026-03-15T15:49:47.208975,neutral,0.766,2026-03-15T15:49:45.990127,0.3772882070904276,2026-03-15T15:49:47.956000,61,,,
participant_15,4,day,Town10HD_Opt,2026-03-15 15:49:48.143171,-110.59651947021484,-10.781195640563965,0.0022247314918786,26.046,1.011,0.266,0.0,0,0,1,,0.814,2026-03-15T15:49:48.143171,sad,0.783,2026-03-15T15:49:48.143171,0.4469722239766568,2026-03-15T15:49:47.956000,62,,,
participant_15,4,day,Town10HD_Opt,2026-03-15 15:49:48.996567,-110.48056030273438,-6.56658411026001,0.0022148895077407,21.418,0.639,0.347,0.0,0,0,1,,0.816,2026-03-15T15:49:48.996567,sad,0.783,2026-03-15T15:49:48.143171,0.4741125860731641,2026-03-15T15:49:49.036000,63,,,
participant_15,4,day,Town10HD_Opt,2026-03-15 15:49:50.160483,-110.39424896240234,-1.2111793756484983,0.0016731261275708,29.859,-0.703,0.943,0.0,0,0,1,,1.0,2026-03-15T15:49:50.160483,sad,0.697,2026-03-15T15:49:50.160483,0.3800221304813857,2026-03-15T15:49:50.971000,64,,,
participant_15,4,day,Town10HD_Opt,2026-03-15 15:49:51.007005,-109.89568328857422,5.152976989746094,0.0015965652419254,44.006,-6.552,0.94,0.0,0,0,1,,1.0,2026-03-15T15:49:51.007005,sad,0.697,2026-03-15T15:49:50.160483,0.3169280469811673,2026-03-15T15:49:50.971000,62,,,
participant_15,4,day,Town10HD_Opt,2026-03-15 15:49:52.198182,-107.22281646728516,15.167752265930176,0.0023331069387495,39.006,-0.726,0.0,0.0,0,0,1,,1.0,2026-03-15T15:49:52.198182,sad,0.625,2026-03-15T15:49:52.198182,0.402819133358094,2026-03-15T15:49:52.951000,63,,,
participant_15,4,day,Town10HD_Opt,2026-03-15 15:49:53.113947,-104.8786392211914,20.746206283569336,0.00233940128237,29.869,-9.267,0.079,0.0,0,0,1,,1.0,2026-03-15T15:49:53.113947,sad,0.625,2026-03-15T15:49:52.198182,0.351841186360056,2026-03-15T15:49:52.951000,62,,,
participant_15,4,day,Town10HD_Opt,2026-03-15 15:49:54.033870,-101.96084594726562,24.65927124023437,0.0021448135375976,26.687,-17.828,0.45,0.0,0,0,1,,1.0,2026-03-15T15:49:54.033870,sad,0.625,2026-03-15T15:49:52.198182,0.3950215285764853,2026-03-15T15:49:53.986000,62,,,
participant_15,4,day,Town10HD_Opt,2026-03-15 15:49:55.273312,-96.20808410644533,27.783111572265625,0.0019026183290407,31.825,-11.484,0.659,0.0,0,0,1,,1.0,2026-03-15T15:49:55.273312,happy,0.992,2026-03-15T15:49:55.273312,0.3998051974216268,2026-03-15T15:49:55.966000,61,,,
participant_15,4,day,Town10HD_Opt,2026-03-15 15:49:56.237381,-90.19208526611328,28.78177833557129,0.0019428634550422,38.742,-4.907,0.686,0.0,0,0,1,,1.0,2026-03-15T15:49:56.237381,happy,0.992,2026-03-15T15:49:55.273312,0.3885646063080784,2026-03-15T15:49:56.958000,61,,,
participant_15,4,day,Town10HD_Opt,2026-03-15 15:49:57.204749,-83.1409683227539,28.774526596069336,0.0021639252081513,38.934,-3.61,0.0,0.0,0,0,1,,1.0,2026-03-15T15:49:57.204749,happy,0.992,2026-03-15T15:49:55.273312,0.3406590883855968,2026-03-15T15:49:57.991000,60,,,errors=Solid line crossing
participant_15,4,day,Town10HD_Opt,2026-03-15 15:49:58.130598,-77.15724182128906,28.10806655883789,0.0023160553537309,29.722,2.805,0.0,0.062,0,0,1,,1.0,2026-03-15T15:49:58.130598,sad,0.489,2026-03-15T15:49:58.130598,0.3242648422812674,2026-03-15T15:49:58.982000,60,,,
participant_15,4,day,Town10HD_Opt,2026-03-15 15:49:59.052071,-72.66686248779297,27.784467697143555,0.0023584747686982,19.91,1.514,0.0,0.662,0,0,1,,1.0,2026-03-15T15:49:59.052071,sad,0.489,2026-03-15T15:49:58.130598,0.3378571411599617,2026-03-15T15:49:58.982000,58,,,errors=Harsh braking
participant_16,1,day,Town10HD_Opt,2026-03-15 17:00:00.000000,-41.70108413696289,85.50296783447266,0.001855659415014,23.041,1.243,0.445,0.0,0,0,1,,1.0,2026-03-15T17:00:00,neutral,0.999,2026-03-15T17:00:00,0.1351125313071509,2026-03-15T17:00:00,80,,,
participant_16,1,day,Town10HD_Opt,2026-03-15 17:00:00.574258,-41.70036697387695,84.14013671875,0.0019131087465211,23.939,1.424,0.853,0.0,0,0,1,,1.0,2026-03-15T17:00:00.574258,neutral,0.999,2026-03-15T17:00:00,0.1040909958361939,2026-03-15T17:00:00,79,,,
participant_16,1,day,Town10HD_Opt,2026-03-15 17:00:01.700427,-41.60715103149414,80.9823989868164,0.0017012023599818,30.852,5.749,0.836,0.0,0,0,1,,1.0,2026-03-15T17:00:01.700427,neutral,0.999,2026-03-15T17:00:00,0.1793286349104562,2026-03-15T17:00:00.986000,81,,,
participant_16,1,day,Town10HD_Opt,2026-03-15 17:00:02.784631,-40.87826919555664,77.03101348876953,0.0017512129852548,37.509,18.197,0.723,0.0,0,0,1,,1.0,2026-03-15T17:00:02.784631,neutral,0.925,2026-03-15T17:00:02.784631,0.2088539920741511,2026-03-15T17:00:01.976000,79,,,
participant_16,1,day,Town10HD_Opt,2026-03-15 17:00:03.813551,-38.60906219482422,73.04936218261719,0.0018877792172133,41.335,20.32,0.697,0.0,0,0,1,,1.0,2026-03-15T17:00:03.813551,neutral,0.925,2026-03-15T17:00:02.784631,0.096969215835766,2026-03-15T17:00:03.146000,80,,,
participant_16,1,day,Town10HD_Opt,2026-03-15 17:00:04.859226,-34.63188552856445,70.14814758300781,0.0019613646436482,43.924,21.194,0.683,0.0,0,0,1,,0.837,2026-03-15T17:00:04.859226,neutral,0.963,2026-03-15T17:00:04.859226,0.1331375879385167,2026-03-15T17:00:03.146000,80,,,
participant_16,1,day,Town10HD_Opt,2026-03-15 17:00:05.914779,-29.511425018310547,69.24652862548828,0.0019379042787477,46.345,9.045,0.671,0.0,0,0,1,,1.0,2026-03-15T17:00:05.914779,neutral,0.963,2026-03-15T17:00:04.859226,0.2100323010776202,2026-03-15T17:00:05.937000,84,,,
participant_16,1,day,Town10HD_Opt,2026-03-15 17:00:06.453375,-26.75889015197754,69.41309356689453,0.0018970489036291,48.126,-1.027,0.658,0.0,0,0,1,,1.0,2026-03-15T17:00:06.453375,neutral,0.963,2026-03-15T17:00:04.859226,0.1598667694056262,2026-03-15T17:00:05.937000,83,,,
participant_16,1,day,Town10HD_Opt,2026-03-15 17:00:07.474371,-20.98288345336914,69.81639862060547,0.0019129562424495,50.761,-1.73,0.0,0.0,0,0,1,,1.0,2026-03-15T17:00:07.474371,neutral,0.999,2026-03-15T17:00:07.474371,0.241898001379559,2026-03-15T17:00:06.971000,83,,,
participant_16,1,day,Town10HD_Opt,2026-03-15 17:00:08.488246,-15.216815948486328,69.97518157958984,0.0020562743302434,49.275,-0.207,0.624,0.0,0,0,1,,1.0,2026-03-15T17:00:08.488246,neutral,0.999,2026-03-15T17:00:07.474371,0.2861402537898226,2026-03-15T17:00:07.961000,85,,,
participant_16,1,day,Town10HD_Opt,2026-03-15 17:00:09.524184,-9.36151123046875,70.0552749633789,0.0020129012409597,49.892,-0.421,0.571,0.0,0,0,1,,1.0,2026-03-15T17:00:09.524184,neutral,0.999,2026-03-15T17:00:09.524184,0.2160625174784547,2026-03-15T17:00:08.951000,83,,,
participant_16,1,day,Town10HD_Opt,2026-03-15 17:00:10.523757,-3.6591334342956543,70.07508087158203,0.0021002579014748,48.328,-0.691,0.443,0.0,0,0,1,,1.0,2026-03-15T17:00:10.523757,neutral,0.999,2026-03-15T17:00:09.524184,0.1487349854475993,2026-03-15T17:00:09.942000,83,,,
participant_16,1,day,Town10HD_Opt,2026-03-15 17:00:11.571022,1.7722762823104858,70.01555633544922,0.0022993087768554,43.584,-0.585,0.0,0.0,0,0,1,,1.0,2026-03-15T17:00:11.571022,neutral,0.998,2026-03-15T17:00:11.571022,0.1377573523446828,2026-03-15T17:00:10.932000,85,,,
participant_16,1,day,Town10HD_Opt,2026-03-15 17:00:12.624523,6.441318988800049,69.91429901123047,0.0023645400069653,36.759,0.397,0.0,0.0,0,0,1,,1.0,2026-03-15T17:00:12.624523,neutral,0.998,2026-03-15T17:00:11.571022,0.1581537225001819,2026-03-15T17:00:12.011000,87,,,
participant_16,1,day,Town10HD_Opt,2026-03-15 17:00:13.639422,10.37876796722412,69.85006713867188,0.00232311245054,31.009,0.508,0.0,0.0,0,0,1,,1.0,2026-03-15T17:00:13.639422,neutral,0.999,2026-03-15T17:00:13.639422,0.2268656082419881,2026-03-15T17:00:13.001000,87,,,
participant_16,1,day,Town10HD_Opt,2026-03-15 17:00:14.692055,13.689568519592283,69.82850646972656,0.0022892379201948,25.573,0.573,0.0,0.0,0,0,1,,1.0,2026-03-15T17:00:14.692055,neutral,0.999,2026-03-15T17:00:13.639422,0.1407524116609028,2026-03-15T17:00:14.037000,85,,,
participant_16,1,day,Town10HD_Opt,2026-03-15 17:00:15.743266,16.4766845703125,69.83666229248047,0.0021776198409497,22.865,0.573,0.787,0.0,0,0,1,,1.0,2026-03-15T17:00:15.743266,neutral,1.0,2026-03-15T17:00:15.743266,0.1601884128911465,2026-03-15T17:00:14.937000,85,,,
participant_16,1,day,Town10HD_Opt,2026-03-15 17:00:16.791139,19.40836334228516,69.87088012695312,0.0018239211058244,27.752,0.562,0.671,0.0,0,0,1,,1.0,2026-03-15T17:00:16.791139,neutral,1.0,2026-03-15T17:00:15.743266,0.1783950322577365,2026-03-15T17:00:15.972000,81,,,
participant_16,1,day,Town10HD_Opt,2026-03-15 17:00:17.826695,22.92721176147461,69.9403076171875,0.0018316268688067,32.203,-0.181,0.581,0.0,0,0,1,,1.0,2026-03-15T17:00:17.826695,neutral,1.0,2026-03-15T17:00:17.826695,0.1432732462999712,2026-03-15T17:00:17.006000,82,,,
participant_16,1,day,Town10HD_Opt,2026-03-15 17:00:18.886424,26.86431884765625,69.8733901977539,0.0019056319724768,35.049,-8.811,0.545,0.0,0,0,1,,1.0,2026-03-15T17:00:18.886424,neutral,1.0,2026-03-15T17:00:17.826695,0.2386986548198853,2026-03-15T17:00:17.952000,84,,,errors=Stop sign violation
participant_16,1,day,Town10HD_Opt,2026-03-15 17:00:19.961637,30.937833786010746,69.12876892089844,0.0020989226177334,34.423,-6.912,0.444,0.0,0,0,1,,1.0,2026-03-15T17:00:19.961637,neutral,1.0,2026-03-15T17:00:19.961637,0.2758572640600077,2026-03-15T17:00:19.976000,81,,,
participant_16,1,day,Town10HD_Opt,2026-03-15 17:00:20.492059,32.841529846191406,68.52000427246094,0.0020913695916533,34.529,-4.704,0.849,0.0,0,0,1,,1.0,2026-03-15T17:00:20.492059,neutral,1.0,2026-03-15T17:00:19.961637,0.2554604308316672,2026-03-15T17:00:19.976000,82,,,
participant_16,1,day,Town10HD_Opt,2026-03-15 17:00:21.550660,36.92993927001953,66.88093566894531,0.0017407607519999,41.22,-8.556,0.827,0.0,0,0,1,,1.0,2026-03-15T17:00:21.550660,neutral,1.0,2026-03-15T17:00:19.961637,0.2817974160611378,2026-03-15T17:00:20.966000,81,,,
participant_16,1,day,Town10HD_Opt,2026-03-15 17:00:22.648117,41.13564682006836,64.01815795898438,0.0018194197909906,46.374,-18.237,0.764,0.0,0,0,1,,1.0,2026-03-15T17:00:22.648117,neutral,1.0,2026-03-15T17:00:22.648117,0.2995699631241766,2026-03-15T17:00:22.048000,81,,,
participant_16,1,day,Town10HD_Opt,2026-03-15 17:00:23.741057,44.2231330871582,59.40866470336914,0.0019107054686173,49.04,-12.92,0.106,0.0,0,0,1,,1.0,2026-03-15T17:00:23.741057,neutral,1.0,2026-03-15T17:00:22.648117,0.4274531164779279,2026-03-15T17:00:23.036000,79,,,
participant_16,1,day,Town10HD_Opt,2026-03-15 17:00:24.833096,45.68098068237305,54.16432571411133,0.0023197936825454,42.859,-6.075,0.0,0.0,0,0,1,,1.0,2026-03-15T17:00:24.833096,neutral,1.0,2026-03-15T17:00:24.833096,0.3811438202520133,2026-03-15T17:00:23.937000,80,,,
participant_16,1,day,Town10HD_Opt,2026-03-15 17:00:25.892996,46.01784896850586,49.54199981689453,0.0023859404027462,35.93,-7.244,0.0,0.0,0,0,1,,1.0,2026-03-15T17:00:25.892996,neutral,1.0,2026-03-15T17:00:24.833096,0.4443802986695025,2026-03-15T17:00:25.962000,84,,,
participant_16,1,day,Town10HD_Opt,2026-03-15 17:00:26.459705,45.919769287109375,47.51018142700195,0.0023537063971161,33.501,-3.101,0.221,0.0,0,0,1,,1.0,2026-03-15T17:00:26.459705,neutral,1.0,2026-03-15T17:00:24.833096,0.4861633917844732,2026-03-15T17:00:25.962000,81,,,
participant_16,1,day,Town10HD_Opt,2026-03-15 17:00:27.546980,45.59562301635742,43.76133346557617,0.002114257775247,32.003,0.804,0.674,0.0,0,0,1,,1.0,2026-03-15T17:00:27.546980,neutral,0.996,2026-03-15T17:00:27.546980,0.4686364796263715,2026-03-15T17:00:26.951000,81,,,
participant_16,1,day,Town10HD_Opt,2026-03-15 17:00:28.655236,45.31605911254883,39.86233139038086,0.0018533325055614,35.802,4.077,0.733,0.0,0,0,1,,1.0,2026-03-15T17:00:28.655236,neutral,0.996,2026-03-15T17:00:27.546980,0.4551507449171469,2026-03-15T17:00:27.942000,79,,,
participant_16,1,day,Town10HD_Opt,2026-03-15 17:00:29.780674,45.42789459228516,35.38196563720703,0.0018360899994149,40.484,17.876,0.41,0.0,0,0,1,,1.0,2026-03-15T17:00:29.780674,neutral,0.93,2026-03-15T17:00:29.780674,0.4746211571473054,2026-03-15T17:00:29.021000,83,,,
participant_16,1,day,Town10HD_Opt,2026-03-15 17:00:30.860229,47.02762222290039,31.125600814819336,0.0022322081495076,37.325,26.584,0.143,0.0,0,0,1,,1.0,2026-03-15T17:00:30.860229,neutral,0.93,2026-03-15T17:00:29.780674,0.4117867473124288,2026-03-15T17:00:29.967000,81,,,
participant_16,1,day,Town10HD_Opt,2026-03-15 17:00:31.454310,48.46472930908203,29.56287002563477,0.0023020170629024,35.398,17.172,0.0,0.0,0,0,1,,1.0,2026-03-15T17:00:31.454310,neutral,0.93,2026-03-15T17:00:29.780674,0.4799610856124975,2026-03-15T17:00:30.963000,81,,,
participant_16,1,day,Town10HD_Opt,2026-03-15 17:00:32.511518,51.589168548583984,27.41317749023437,0.0023381423670798,29.438,10.235,0.0,0.0,0,0,1,,1.0,2026-03-15T17:00:32.511518,neutral,0.987,2026-03-15T17:00:32.511518,0.4291516883610715,2026-03-15T17:00:31.991000,81,,,
participant_16,1,day,Town10HD_Opt,2026-03-15 17:00:33.582736,54.49061965942383,26.18531608581543,0.002335128840059,24.313,10.749,0.0,0.238,0,0,1,,1.0,2026-03-15T17:00:33.582736,neutral,0.987,2026-03-15T17:00:32.511518,0.5026908865754273,2026-03-15T17:00:32.937000,82,,,
participant_16,1,day,Town10HD_Opt,2026-03-15 17:00:34.619745,56.94110107421875,25.6169548034668,0.0023125456646084,19.052,11.994,0.0,0.351,0,0,1,,1.0,2026-03-15T17:00:34.619745,neutral,0.972,2026-03-15T17:00:34.619745,0.4669502537222654,2026-03-15T17:00:33.972000,81,,,
participant_16,1,day,Town10HD_Opt,2026-03-15 17:00:35.716480,57.63311767578125,25.52141571044922,0.0025178145151585,0.002,3.773,0.0,0.492,0,0,1,,1.0,2026-03-15T17:00:35.716480,neutral,0.972,2026-03-15T17:00:34.619745,0.4672499456839906,2026-03-15T17:00:34.961000,82,,,
participant_16,1,day,Town10HD_Opt,2026-03-15 17:00:36.779285,57.6337776184082,25.521329879760746,0.0019771575462073,0.0,0.813,0.0,0.113,0,0,1,,1.0,2026-03-15T17:00:36.779285,sad,0.982,2026-03-15T17:00:36.779285,0.4699499529502801,2026-03-15T17:00:35.953000,81,,,
participant_16,1,day,Town10HD_Opt,2026-03-15 17:00:37.814801,57.63404846191406,25.52129364013672,0.0019251251360401,0.0,0.987,0.0,0.0,0,0,1,,1.0,2026-03-15T17:00:37.814801,sad,0.982,2026-03-15T17:00:36.779285,0.4292752918583938,2026-03-15T17:00:37.121000,83,,,
participant_16,1,day,Town10HD_Opt,2026-03-15 17:00:38.901042,57.634315490722656,25.521249771118164,0.0019200897077098,0.006,1.358,0.0,0.0,0,0,1,,1.0,2026-03-15T17:00:38.901042,neutral,0.99,2026-03-15T17:00:38.901042,0.4632984167274052,2026-03-15T17:00:38.966000,83,,,
participant_16,1,day,Town10HD_Opt,2026-03-15 17:00:39.434031,57.63419723510742,25.521249771118164,0.0019193267216905,0.005,1.556,0.0,0.0,0,0,1,,1.0,2026-03-15T17:00:39.434031,neutral,0.99,2026-03-15T17:00:38.901042,0.5096162017929989,2026-03-15T17:00:38.966000,82,,,
participant_16,1,day,Town10HD_Opt,2026-03-15 17:00:40.499256,57.63438415527344,25.521249771118164,0.001919021597132,0.001,1.622,0.0,0.0,0,0,1,,1.0,2026-03-15T17:00:40.499256,neutral,0.99,2026-03-15T17:00:38.901042,0.4224580671428034,2026-03-15T17:00:39.957000,80,,,
participant_16,1,day,Town10HD_Opt,2026-03-15 17:00:41.524060,57.63429641723633,25.521249771118164,0.0019191360333934,0.005,1.622,0.0,0.0,0,0,1,,1.0,2026-03-15T17:00:41.524060,sad,0.893,2026-03-15T17:00:41.524060,0.4879042428733008,2026-03-15T17:00:41.081000,80,,,
participant_16,1,day,Town10HD_Opt,2026-03-15 17:00:42.510426,57.63450241088867,25.521249771118164,0.0019190978491678,0.001,1.596,0.0,0.0,0,0,1,,1.0,2026-03-15T17:00:42.510426,sad,0.893,2026-03-15T17:00:41.524060,0.5136483893367273,2026-03-15T17:00:41.981000,81,,,
participant_16,1,day,Town10HD_Opt,2026-03-15 17:00:43.480563,57.63439178466797,25.521249771118164,0.001919021597132,0.005,1.596,0.0,0.0,0,0,1,,1.0,2026-03-15T17:00:43.480563,sad,0.893,2026-03-15T17:00:41.524060,0.5246341130639585,2026-03-15T17:00:43.017000,81,,,
participant_16,1,day,Town10HD_Opt,2026-03-15 17:00:44.481990,57.63461685180664,25.52124786376953,0.0019191741012036,0.001,1.593,0.0,0.0,0,0,1,,1.0,2026-03-15T17:00:44.481990,neutral,0.982,2026-03-15T17:00:44.481990,0.5352496046768336,2026-03-15T17:00:44.097000,80,,,
participant_16,1,day,Town10HD_Opt,2026-03-15 17:00:45.457822,57.63449096679688,25.521249771118164,0.0019191360333934,0.005,1.57,0.0,0.0,0,0,1,reach_back,0.841,2026-03-15T17:00:45.457822,neutral,0.982,2026-03-15T17:00:44.481990,0.5391531093959923,2026-03-15T17:00:45.086000,80,,,
participant_16,1,day,Town10HD_Opt,2026-03-15 17:00:46.467589,57.63473510742188,25.521203994750977,0.0019190596649423,0.001,0.926,0.0,0.0,0,0,1,,1.0,2026-03-15T17:00:46.467589,neutral,0.982,2026-03-15T17:00:44.481990,0.6153207444460878,2026-03-15T17:00:45.942000,81,,,
participant_16,1,day,Town10HD_Opt,2026-03-15 17:00:47.424369,57.63459777832031,25.52121925354004,0.0019190596649423,0.005,0.926,0.0,0.0,0,0,1,,1.0,2026-03-15T17:00:47.424369,angry,0.619,2026-03-15T17:00:47.424369,0.5222800598972492,2026-03-15T17:00:46.931000,82,,,
participant_16,1,day,Town10HD_Opt,2026-03-15 17:00:48.428329,57.63486099243164,25.52117156982422,0.001919021597132,0.001,0.879,0.0,0.0,0,0,1,,1.0,2026-03-15T17:00:48.428329,angry,0.619,2026-03-15T17:00:47.424369,0.5497100226745518,2026-03-15T17:00:47.967000,81,,,
participant_16,1,day,Town10HD_Opt,2026-03-15 17:00:49.425371,57.63470458984375,25.521196365356445,0.001919021597132,0.004,0.86,0.0,0.0,0,0,1,,1.0,2026-03-15T17:00:49.425371,angry,1.0,2026-03-15T17:00:49.425371,0.5530665171175455,2026-03-15T17:00:48.957000,82,,,
participant_16,1,day,Town10HD_Opt,2026-03-15 17:00:50.447644,57.63498306274414,25.52114486694336,0.0019190596649423,0.001,0.86,0.0,0.0,0,0,1,,1.0,2026-03-15T17:00:50.447644,angry,1.0,2026-03-15T17:00:49.425371,0.5533611670376982,2026-03-15T17:00:50.083000,84,,,
participant_16,1,day,Town10HD_Opt,2026-03-15 17:00:51.448177,57.63481140136719,25.52117156982422,0.0019190978491678,0.005,0.86,0.0,0.0,0,0,1,,1.0,2026-03-15T17:00:51.448177,angry,0.994,2026-03-15T17:00:51.448177,0.4995733990609405,2026-03-15T17:00:51.072000,85,,,
participant_16,1,day,Town10HD_Opt,2026-03-15 17:00:52.443911,57.63510513305664,25.5211181640625,0.0019190978491678,0.001,0.851,0.0,0.0,0,0,1,,1.0,2026-03-15T17:00:52.443911,angry,0.994,2026-03-15T17:00:51.448177,0.5543117928702749,2026-03-15T17:00:51.973000,83,,,
participant_16,1,day,Town10HD_Opt,2026-03-15 17:00:53.431577,57.63492202758789,25.52114486694336,0.0019191741012036,0.004,0.844,0.0,0.0,0,0,1,,1.0,2026-03-15T17:00:53.431577,angry,0.994,2026-03-15T17:00:51.448177,0.5354321175836263,2026-03-15T17:00:53.006000,83,,,
participant_16,1,day,Town10HD_Opt,2026-03-15 17:00:54.428614,57.63522720336914,25.52109146118164,0.0019190596649423,0.007,0.844,0.0,0.0,0,0,1,,1.0,2026-03-15T17:00:54.428614,angry,0.835,2026-03-15T17:00:54.428614,0.5293066089346751,2026-03-15T17:00:54.042000,81,,,
participant_16,1,day,Town10HD_Opt,2026-03-15 17:00:55.486072,57.63502883911133,25.52112197875977,0.0019190596649423,0.004,0.844,0.0,0.0,0,0,1,,1.0,2026-03-15T17:00:55.486072,angry,0.835,2026-03-15T17:00:54.428614,0.5417565038326462,2026-03-15T17:00:55.077000,80,,,
participant_16,1,day,Town10HD_Opt,2026-03-15 17:00:56.487721,57.63534927368164,25.52106666564941,0.0019191741012036,0.006,0.844,0.0,0.0,0,0,1,,1.0,2026-03-15T17:00:56.487721,angry,0.998,2026-03-15T17:00:56.487721,0.5403776818207875,2026-03-15T17:00:56.112000,81,,,
participant_16,1,day,Town10HD_Opt,2026-03-15 17:00:57.558285,57.63514709472656,25.521100997924805,0.0019190596649423,0.0,0.844,0.0,0.0,0,0,1,,1.0,2026-03-15T17:00:57.558285,angry,0.998,2026-03-15T17:00:56.487721,0.5450641939715366,2026-03-15T17:00:56.967000,79,,,
participant_16,1,day,Town10HD_Opt,2026-03-15 17:00:58.602828,57.63544845581055,25.52104759216309,0.001919288537465,0.007,0.834,0.0,0.0,0,0,1,,1.0,2026-03-15T17:00:58.602828,angry,0.996,2026-03-15T17:00:58.602828,0.6011122221425748,2026-03-15T17:00:58.046000,79,,,
participant_16,1,day,Town10HD_Opt,2026-03-15 17:00:59.578447,57.63527297973633,25.52107620239257,0.0019189452286809,0.0,0.832,0.0,0.0,0,0,1,,1.0,2026-03-15T17:00:59.578447,angry,0.996,2026-03-15T17:00:58.602828,0.5233872164284796,2026-03-15T17:00:59.037000,79,,,
participant_16,1,day,Town10HD_Opt,2026-03-15 17:01:00.563831,57.63554382324219,25.521026611328125,0.0019194030901417,0.006,0.818,0.0,0.0,0,0,1,,1.0,2026-03-15T17:01:00.563831,angry,0.996,2026-03-15T17:00:58.602828,0.5372090743138601,2026-03-15T17:01:00.027000,80,,,
participant_16,1,day,Town10HD_Opt,2026-03-15 17:01:01.589489,57.63677978515625,25.52084922790528,0.0019162750104442,0.123,0.808,0.0,0.0,0,0,1,,1.0,2026-03-15T17:01:01.589489,angry,0.981,2026-03-15T17:01:01.589489,0.5414792908672775,2026-03-15T17:01:00.973000,80,,,
participant_16,1,day,Town10HD_Opt,2026-03-15 17:01:02.618997,57.6567611694336,25.51781463623047,0.001921119634062,0.006,0.806,0.0,0.0,0,0,1,,1.0,2026-03-15T17:01:02.618997,angry,0.981,2026-03-15T17:01:01.589489,0.4920493987814049,2026-03-15T17:01:01.962000,80,,,
participant_16,1,day,Town10HD_Opt,2026-03-15 17:01:03.599910,57.69499206542969,25.51198959350586,0.0019158172653988,0.344,0.672,0.0,0.0,0,0,1,,1.0,2026-03-15T17:01:03.599910,angry,0.879,2026-03-15T17:01:03.599910,0.4956413947466673,2026-03-15T17:01:02.997000,78,,,
participant_16,1,day,Town10HD_Opt,2026-03-15 17:01:04.586917,57.72349166870117,25.507551193237305,0.0019291305216029,0.004,0.277,0.069,0.0,0,0,1,,1.0,2026-03-15T17:01:04.586917,angry,0.879,2026-03-15T17:01:03.599910,0.5206338805218839,2026-03-15T17:01:03.987000,78,,,
participant_16,1,day,Town10HD_Opt,2026-03-15 17:01:05.607244,57.74146270751953,25.504812240600582,0.0019070815760642,0.679,0.268,0.447,0.0,0,0,1,,1.0,2026-03-15T17:01:05.607244,angry,0.985,2026-03-15T17:01:05.607244,0.5445450534107982,2026-03-15T17:01:05.067000,78,,,
participant_16,1,day,Town10HD_Opt,2026-03-15 17:01:06.602874,57.96544647216797,25.469438552856445,0.0018080138834193,2.965,-0.36,0.008,0.0,0,0,1,,1.0,2026-03-15T17:01:06.602874,angry,0.985,2026-03-15T17:01:05.607244,0.5475432683313733,2026-03-15T17:01:06.102000,77,,,
participant_16,1,day,Town10HD_Opt,2026-03-15 17:01:07.640472,58.35375213623047,25.40606117248535,0.0019140243530273,3.252,-0.587,0.0,0.0,0,0,1,,1.0,2026-03-15T17:01:07.640472,angry,0.992,2026-03-15T17:01:07.640472,0.485666677885853,2026-03-15T17:01:07.452000,79,,,
participant_16,1,day,Town10HD_Opt,2026-03-15 17:01:08.599931,58.6970329284668,25.34938240051269,0.0019418715965002,2.731,-0.597,0.0,0.0,0,0,1,,1.0,2026-03-15T17:01:08.599931,angry,0.992,2026-03-15T17:01:07.640472,0.4928871428839176,2026-03-15T17:01:08.127000,76,,,
participant_16,1,day,Town10HD_Opt,2026-03-15 17:01:09.593622,58.98487091064453,25.301498413085938,0.0019406508654356,2.289,-0.606,0.0,0.0,0,0,1,,1.0,2026-03-15T17:01:09.593622,angry,0.992,2026-03-15T17:01:07.640472,0.5454154609464178,2026-03-15T17:01:08.938000,77,,,
participant_16,1,day,Town10HD_Opt,2026-03-15 17:01:10.609345,59.22614288330078,25.261117935180664,0.0019374083494767,1.919,-0.613,0.0,0.0,0,0,1,,0.832,2026-03-15T17:01:10.609345,angry,0.893,2026-03-15T17:01:10.609345,0.4928045962760911,2026-03-15T17:01:10.376000,79,,,
participant_16,1,day,Town10HD_Opt,2026-03-15 17:01:11.682677,59.4241828918457,25.22777938842773,0.0019470977131277,1.402,-0.663,0.106,0.0,0,0,1,,1.0,2026-03-15T17:01:11.682677,angry,0.893,2026-03-15T17:01:10.609345,0.483083482086897,2026-03-15T17:01:10.962000,75,,,
participant_16,1,day,Town10HD_Opt,2026-03-15 17:01:12.737615,59.565677642822266,25.2037353515625,0.0019251251360401,1.336,-0.691,0.064,0.0,0,0,1,,1.0,2026-03-15T17:01:12.737615,angry,0.744,2026-03-15T17:01:12.737615,0.6026080216976609,2026-03-15T17:01:12.042000,75,,,
participant_16,1,day,Town10HD_Opt,2026-03-15 17:01:13.787818,59.70506286621094,25.180036544799805,0.0019162368262186,1.368,-0.691,0.064,0.0,0,0,1,,0.892,2026-03-15T17:01:13.787818,angry,0.744,2026-03-15T17:01:12.737615,0.5730431252318678,2026-03-15T17:01:13.077000,76,,,
participant_16,1,day,Town10HD_Opt,2026-03-15 17:01:14.845916,59.84809112548828,25.15562629699707,0.001915855333209,1.399,-0.698,0.064,0.0,0,0,1,,1.0,2026-03-15T17:01:14.845916,angry,0.998,2026-03-15T17:01:14.845916,0.5212765402749063,2026-03-15T17:01:13.933000,77,,,
participant_16,1,day,Town10HD_Opt,2026-03-15 17:01:15.906914,59.99380111694336,25.130661010742188,0.0019176101777702,1.396,-0.571,0.054,0.0,0,0,1,,1.0,2026-03-15T17:01:15.906914,angry,0.998,2026-03-15T17:01:14.845916,0.6248925187207587,2026-03-15T17:01:15.956000,75,,,
participant_16,1,day,Town10HD_Opt,2026-03-15 17:01:16.478254,60.064247131347656,25.11865234375,0.0019209670135751,1.341,-0.489,0.046,0.0,0,0,1,,1.0,2026-03-15T17:01:16.478254,angry,0.998,2026-03-15T17:01:14.845916,0.5406456914875349,2026-03-15T17:01:15.956000,74,,,
participant_16,1,day,Town10HD_Opt,2026-03-15 17:01:17.546453,60.19181060791016,25.0977725982666,0.0019246292067691,1.175,-0.172,0.051,0.0,0,0,1,,1.0,2026-03-15T17:01:17.546453,angry,0.982,2026-03-15T17:01:17.546453,0.562702477403507,2026-03-15T17:01:17.082000,75,,,
participant_16,1,day,Town10HD_Opt,2026-03-15 17:01:18.570563,60.3200569152832,25.076244354248047,0.0018943785689771,1.396,-0.345,0.0,0.0,0,0,1,,0.849,2026-03-15T17:01:18.570563,angry,0.982,2026-03-15T17:01:17.546453,0.5526691286700957,2026-03-15T17:01:17.937000,76,,,
participant_16,1,day,Town10HD_Opt,2026-03-15 17:01:19.578415,60.47220993041992,25.05052757263184,0.0019251251360401,1.225,-0.336,0.0,0.0,0,0,1,,1.0,2026-03-15T17:01:19.578415,angry,0.998,2026-03-15T17:01:19.578415,0.5680606243018983,2026-03-15T17:01:18.972000,75,,,
participant_16,1,day,Town10HD_Opt,2026-03-15 17:01:20.604303,60.58370971679688,25.031641006469727,0.0019274902297183,0.798,-0.465,0.074,0.0,0,0,1,,0.837,2026-03-15T17:01:20.604303,angry,0.998,2026-03-15T17:01:19.578415,0.6220584547221943,2026-03-15T17:01:19.962000,75,,,
participant_16,1,day,Town10HD_Opt,2026-03-15 17:01:21.628507,60.70343017578125,25.01112174987793,0.0019129943102598,1.003,-0.477,0.073,0.0,0,0,1,,1.0,2026-03-15T17:01:21.628507,angry,0.998,2026-03-15T17:01:21.628507,0.5216473716833616,2026-03-15T17:01:20.952000,76,,,
participant_16,1,day,Town10HD_Opt,2026-03-15 17:01:22.686855,60.84215545654297,24.98740196228028,0.0019130324944853,1.146,-0.545,0.073,0.0,0,0,1,,1.0,2026-03-15T17:01:22.686855,angry,0.998,2026-03-15T17:01:21.628507,0.6087583629398134,2026-03-15T17:01:21.942000,77,,,
participant_16,1,day,Town10HD_Opt,2026-03-15 17:01:23.728813,60.998779296875,24.96150779724121,0.001912918058224,1.317,0.757,0.085,0.0,0,0,1,,1.0,2026-03-15T17:01:23.728813,angry,0.949,2026-03-15T17:01:23.728813,0.586720668653638,2026-03-15T17:01:22.935000,79,,,
participant_16,1,day,Town10HD_Opt,2026-03-15 17:01:24.749498,61.18717575073242,24.93052101135254,0.0018878936534747,2.111,-0.538,0.212,0.0,0,0,1,,1.0,2026-03-15T17:01:24.749498,angry,0.949,2026-03-15T17:01:23.728813,0.5473368332290264,2026-03-15T17:01:23.971000,77,,,
participant_16,1,day,Town10HD_Opt,2026-03-15 17:01:25.790328,61.50201416015625,24.875640869140625,0.0018407821189612,3.68,-0.83,0.213,0.0,0,0,1,,1.0,2026-03-15T17:01:25.790328,angry,0.99,2026-03-15T17:01:25.790328,0.571567060359099,2026-03-15T17:01:24.957000,77,,,
participant_16,1,day,Town10HD_Opt,2026-03-15 17:01:26.847251,61.985984802246094,24.79067611694336,0.0018674849998205,4.751,-0.275,0.167,0.0,0,0,1,,1.0,2026-03-15T17:01:26.847251,angry,0.99,2026-03-15T17:01:25.790328,0.5508609050420633,2026-03-15T17:01:25.947000,75,,,
participant_16,1,day,Town10HD_Opt,2026-03-15 17:01:27.934127,62.56344604492188,24.700746536254883,0.0018824386643245,5.5,2.727,0.166,0.0,0,0,1,,1.0,2026-03-15T17:01:27.934127,angry,0.809,2026-03-15T17:01:27.934127,0.58846330319288,2026-03-15T17:01:26.992000,75,,,
participant_16,1,day,Town10HD_Opt,2026-03-15 17:01:28.505381,62.88180541992188,24.65567970275879,0.0018854141235351,5.814,2.715,0.166,0.0,0,0,1,,1.0,2026-03-15T17:01:28.505381,angry,0.809,2026-03-15T17:01:27.934127,0.5587114650672222,2026-03-15T17:01:26.992000,76,,,
participant_16,1,day,Town10HD_Opt,2026-03-15 17:01:29.555331,63.57188034057617,24.56338882446289,0.0018891524523496,6.343,2.723,0.166,0.0,0,0,1,,1.0,2026-03-15T17:01:29.555331,angry,0.809,2026-03-15T17:01:27.934127,0.5934460505870156,2026-03-15T17:01:28.963000,76,Collision,Collision,errors=Solid line crossing
participant_16,1,day,Town10HD_Opt,2026-03-15 17:01:30.564602,64.32672882080078,24.469371795654297,0.0018923567840829,6.901,2.407,0.166,0.0,0,0,1,,1.0,2026-03-15T17:01:30.564602,angry,0.941,2026-03-15T17:01:30.564602,0.5186213875361969,2026-03-15T17:01:28.963000,75,,,
participant_16,1,day,Town10HD_Opt,2026-03-15 17:01:31.606163,65.138916015625,24.38036727905273,0.0018999481108039,7.162,3.54,0.0,0.0,0,0,1,,1.0,2026-03-15T17:01:31.606163,angry,0.941,2026-03-15T17:01:30.564602,0.5225684579929198,2026-03-15T17:01:31.167000,75,,,
participant_16,1,day,Town10HD_Opt,2026-03-15 17:01:32.663242,65.91448211669922,24.31167984008789,0.0019643402192741,6.147,3.73,0.0,0.016,0,0,1,,0.873,2026-03-15T17:01:32.663242,angry,0.833,2026-03-15T17:01:32.663242,0.5008405197442494,2026-03-15T17:01:32.293000,77,,,
participant_16,1,day,Town10HD_Opt,2026-03-15 17:01:33.680249,66.22884368896484,24.286495208740234,0.0021842955611646,0.001,3.813,0.0,0.03,0,0,1,,0.884,2026-03-15T17:01:33.680249,angry,0.833,2026-03-15T17:01:32.663242,0.5104387193097827,2026-03-15T17:01:33.148000,80,,,
participant_16,1,day,Town10HD_Opt,2026-03-15 17:01:34.682705,66.23859405517578,24.285858154296875,0.0019371032249182,0.123,3.921,0.0,0.0,0,0,1,,0.852,2026-03-15T17:01:34.682705,angry,0.985,2026-03-15T17:01:34.682705,0.6116584965375622,2026-03-15T17:01:33.957000,81,,,
participant_16,1,day,Town10HD_Opt,2026-03-15 17:01:35.681901,66.25159454345703,24.28497314453125,0.0019213104387745,0.106,3.867,0.0,0.0,0,0,1,,1.0,2026-03-15T17:01:35.681901,angry,0.985,2026-03-15T17:01:34.682705,0.5143612043129216,2026-03-15T17:01:34.946000,81,,,
participant_16,1,day,Town10HD_Opt,2026-03-15 17:01:36.686458,66.26251983642578,24.284223556518555,0.0019199752714484,0.09,3.844,0.0,0.0,0,0,1,,1.0,2026-03-15T17:01:36.686458,neutral,0.938,2026-03-15T17:01:36.686458,0.541842803639381,2026-03-15T17:01:35.983000,82,,,
participant_16,1,day,Town10HD_Opt,2026-03-15 17:01:37.676985,66.27168273925781,24.28359031677246,0.0019197463989257,0.076,3.844,0.0,0.0,0,0,1,,1.0,2026-03-15T17:01:37.676985,neutral,0.938,2026-03-15T17:01:36.686458,0.5515755627305677,2026-03-15T17:01:37.063000,77,,,
participant_16,1,day,Town10HD_Opt,2026-03-15 17:01:38.696058,66.27936553955078,24.283048629760746,0.0019195555942133,0.063,2.694,0.0,0.0,0,0,1,,1.0,2026-03-15T17:01:38.696058,neutral,0.998,2026-03-15T17:01:38.696058,0.6221501325528431,2026-03-15T17:01:37.063000,78,,,
participant_16,1,day,Town10HD_Opt,2026-03-15 17:01:39.748356,66.28581237792969,24.282508850097656,0.0019195555942133,0.054,1.68,0.0,0.0,0,0,1,,1.0,2026-03-15T17:01:39.748356,neutral,0.998,2026-03-15T17:01:38.696058,0.5780996916298486,2026-03-15T17:01:39.088000,78,,,
participant_16,1,day,Town10HD_Opt,2026-03-15 17:01:40.788084,66.29120635986328,24.282026290893555,0.0019193649059161,0.045,1.189,0.0,0.0,0,0,1,,1.0,2026-03-15T17:01:40.788084,neutral,0.981,2026-03-15T17:01:40.788084,0.5169407221890195,2026-03-15T17:01:39.989000,79,,,
participant_16,1,day,Town10HD_Opt,2026-03-15 17:01:41.870273,66.29573059082031,24.281627655029297,0.0019193649059161,0.039,0.275,0.0,0.0,0,0,1,,1.0,2026-03-15T17:01:41.870273,neutral,0.981,2026-03-15T17:01:40.788084,0.5492963515264112,2026-03-15T17:01:41.069000,78,,,
participant_16,1,day,Town10HD_Opt,2026-03-15 17:01:42.896593,66.29953002929688,24.281225204467773,0.001919288537465,0.033,-0.284,0.0,0.0,0,0,1,eat,0.806,2026-03-15T17:01:42.896593,sad,0.958,2026-03-15T17:01:42.896593,0.4905419799318761,2026-03-15T17:01:42.957000,79,,,
participant_16,1,day,Town10HD_Opt,2026-03-15 17:01:43.450964,66.30118560791016,24.28107070922852,0.0019193649059161,0.03,-0.284,0.0,0.0,0,0,1,,1.0,2026-03-15T17:01:43.450964,sad,0.958,2026-03-15T17:01:42.896593,0.5915846893595527,2026-03-15T17:01:42.957000,80,,,
participant_16,1,day,Town10HD_Opt,2026-03-15 17:01:44.483523,66.30410766601562,24.280780792236328,0.0019192504696547,0.026,-0.284,0.0,0.0,0,0,1,,1.0,2026-03-15T17:01:44.483523,sad,0.958,2026-03-15T17:01:42.896593,0.5335205214132366,2026-03-15T17:01:43.948000,78,,,
participant_16,1,day,Town10HD_Opt,2026-03-15 17:01:45.469564,66.30579376220703,24.28059196472168,0.0019191360333934,0.004,-0.284,0.0,0.0,0,0,1,,1.0,2026-03-15T17:01:45.469564,angry,0.578,2026-03-15T17:01:45.469564,0.4848507863161916,2026-03-15T17:01:44.982000,79,,,
participant_16,1,day,Town10HD_Opt,2026-03-15 17:01:46.491457,66.30599212646484,24.280542373657227,0.001918678288348,0.006,-0.301,0.0,0.0,0,0,1,,1.0,2026-03-15T17:01:46.491457,angry,0.578,2026-03-15T17:01:45.469564,0.5625177816776492,2026-03-15T17:01:45.972000,79,,,
participant_16,1,day,Town10HD_Opt,2026-03-15 17:01:47.496383,66.30610656738281,24.28050804138184,0.0019193649059161,0.001,0.289,0.0,0.0,0,0,1,,0.827,2026-03-15T17:01:47.496383,neutral,0.691,2026-03-15T17:01:47.496383,0.6174200505670793,2026-03-15T17:01:46.962000,80,,,
participant_16,1,day,Town10HD_Opt,2026-03-15 17:01:48.483768,66.30613708496094,24.28051376342773,0.0019189452286809,0.006,-0.439,0.0,0.0,0,0,1,,1.0,2026-03-15T17:01:48.483768,neutral,0.691,2026-03-15T17:01:47.496383,0.5190280899875471,2026-03-15T17:01:48.042000,79,,,
participant_16,1,day,Town10HD_Opt,2026-03-15 17:01:49.523454,66.30622100830078,24.280502319335938,0.001919288537465,0.001,-0.54,0.0,0.0,0,0,1,,0.926,2026-03-15T17:01:49.523454,neutral,0.675,2026-03-15T17:01:49.523454,0.5262729183676845,2026-03-15T17:01:49.347000,79,,,
participant_16,1,day,Town10HD_Opt,2026-03-15 17:01:50.514851,66.3553466796875,24.27548599243164,0.001793518080376,1.97,-0.524,0.689,0.0,0,0,1,,0.883,2026-03-15T17:01:50.514851,neutral,0.675,2026-03-15T17:01:49.523454,0.5357913191129449,2026-03-15T17:01:49.979000,82,,,
participant_16,1,day,Town10HD_Opt,2026-03-15 17:01:51.524613,67.0445556640625,24.20432472229004,0.0015835952945053,9.225,-0.153,0.0,0.0,0,0,1,,0.817,2026-03-15T17:01:51.524613,neutral,0.909,2026-03-15T17:01:51.524613,0.5430485102234148,2026-03-15T17:01:51.193000,80,,,
participant_16,1,day,Town10HD_Opt,2026-03-15 17:01:52.588765,67.77188110351562,24.136947631835938,0.0024921798612922,0.001,0.968,0.0,0.164,0,1,-1,,1.0,2026-03-15T17:01:52.588765,neutral,0.909,2026-03-15T17:01:51.524613,0.5321821174926177,2026-03-15T17:01:52.003000,82,,,
participant_16,1,day,Town10HD_Opt,2026-03-15 17:01:53.626324,67.7680892944336,24.13728904724121,0.001975402701646,0.026,0.684,0.641,0.0,0,1,-1,,0.894,2026-03-15T17:01:53.626324,neutral,0.987,2026-03-15T17:01:53.626324,0.5728420630421072,2026-03-15T17:01:52.948000,79,,,
participant_16,1,day,Town10HD_Opt,2026-03-15 17:01:54.657935,67.55183410644531,24.172088623046875,0.0021951294038444,5.236,-9.578,0.836,0.0,0,1,-1,,0.8,2026-03-15T17:01:54.657935,neutral,0.987,2026-03-15T17:01:53.626324,0.5600859297139859,2026-03-15T17:01:53.982000,79,,,
participant_16,1,day,Town10HD_Opt,2026-03-15 17:01:55.726998,66.54570770263672,24.30567169189453,0.002197875874117,11.31,-7.596,0.615,0.0,0,1,-1,,1.0,2026-03-15T17:01:55.726998,neutral,0.483,2026-03-15T17:01:55.726998,0.5703830411651369,2026-03-15T17:01:54.972000,79,,,errors=Solid line crossing
participant_16,1,day,Town10HD_Opt,2026-03-15 17:01:56.768139,65.06977844238281,24.38353729248047,0.002031555166468,13.541,-2.974,0.484,0.0,0,1,-1,,1.0,2026-03-15T17:01:56.768139,neutral,0.483,2026-03-15T17:01:55.726998,0.5510580563778956,2026-03-15T17:01:55.962000,78,,,
participant_16,1,day,Town10HD_Opt,2026-03-15 17:01:57.861666,63.58381652832031,24.40383529663086,0.0018190002301707,11.421,-2.635,0.297,0.0,0,1,-1,,1.0,2026-03-15T17:01:57.861666,neutral,0.97,2026-03-15T17:01:57.861666,0.572123579731566,2026-03-15T17:01:57.942000,79,,,
participant_16,1,day,Town10HD_Opt,2026-03-15 17:01:58.890124,62.42550277709961,24.395238876342773,0.0017723082564771,8.115,-2.645,0.194,0.0,0,1,-1,,1.0,2026-03-15T17:01:58.890124,neutral,0.97,2026-03-15T17:01:57.861666,0.5206679574372706,2026-03-15T17:01:58.977000,80,,,
participant_16,1,day,Town10HD_Opt,2026-03-15 17:01:59.927689,61.6361198425293,24.377655029296875,0.0017731474945321,5.35,-1.939,0.198,0.0,0,1,-1,,1.0,2026-03-15T17:01:59.927689,neutral,0.997,2026-03-15T17:01:59.927689,0.5674617276773438,2026-03-15T17:01:59.967000,77,,,
participant_16,1,day,Town10HD_Opt,2026-03-15 17:02:00.456808,61.35525894165039,24.36729431152344,0.0018238448537886,4.692,-1.333,0.004,0.0,0,1,-1,,1.0,2026-03-15T17:02:00.456808,neutral,0.997,2026-03-15T17:01:59.927689,0.5658224959225113,2026-03-15T17:01:59.967000,79,,,
participant_16,1,day,Town10HD_Opt,2026-03-15 17:02:01.483213,60.93918991088867,24.35009765625,0.0018749617738649,3.307,-1.539,0.349,0.0,0,1,-1,,0.83,2026-03-15T17:02:01.483213,neutral,0.997,2026-03-15T17:01:59.927689,0.6264498282075566,2026-03-15T17:02:01.092000,80,,,
participant_16,1,day,Town10HD_Opt,2026-03-15 17:02:02.530977,60.5361213684082,24.33232688903809,0.0019285964081063,4.051,-1.563,0.812,0.0,0,1,-1,,1.0,2026-03-15T17:02:02.530977,neutral,0.989,2026-03-15T17:02:02.530977,0.4845523555674934,2026-03-15T17:02:02.038000,79,,,errors=Solid line crossing
participant_16,1,day,Town10HD_Opt,2026-03-15 17:02:03.583136,59.59853744506836,24.28508186340332,0.0023643111344426,13.086,-1.535,0.984,0.0,0,1,-1,,1.0,2026-03-15T17:02:03.583136,neutral,0.989,2026-03-15T17:02:02.530977,0.5407013961116761,2026-03-15T17:02:02.938000,76,,,
participant_16,1,day,Town10HD_Opt,2026-03-15 17:02:04.608271,57.65805435180664,24.168325424194336,0.0023211669176816,18.0,-2.17,0.459,0.0,0,1,-1,,1.0,2026-03-15T17:02:04.608271,neutral,1.0,2026-03-15T17:02:04.608271,0.527924078419351,2026-03-15T17:02:04.017000,78,,,
participant_16,1,day,Town10HD_Opt,2026-03-15 17:02:05.571538,55.81975936889648,24.023006439208984,0.0015586471417918,11.846,-2.0,0.0,0.0,0,1,-1,,1.0,2026-03-15T17:02:05.571538,neutral,1.0,2026-03-15T17:02:04.608271,0.5501030722531253,2026-03-15T17:02:04.963000,79,,,
participant_16,1,day,Town10HD_Opt,2026-03-15 17:02:06.624769,55.34989547729492,23.97742080688477,0.001389694167301,1.118,18.523,0.915,0.0,0,0,1,,1.0,2026-03-15T17:02:06.624769,neutral,0.998,2026-03-15T17:02:06.624769,0.4512594901260764,2026-03-15T17:02:06.178000,76,,,
participant_16,1,day,Town10HD_Opt,2026-03-15 17:02:07.658465,55.97431564331055,24.23295021057129,0.0014316176529973,11.059,34.052,0.973,0.0,0,0,1,,1.0,2026-03-15T17:02:07.658465,neutral,0.998,2026-03-15T17:02:06.624769,0.3180375058809568,2026-03-15T17:02:07.122000,78,,,
participant_16,1,day,Town10HD_Opt,2026-03-15 17:02:08.680445,57.52022171020508,25.240358352661133,0.0017668151995167,20.072,32.464,0.874,0.0,0,0,1,,1.0,2026-03-15T17:02:08.680445,neutral,0.993,2026-03-15T17:02:08.680445,0.3546028914343677,2026-03-15T17:02:07.978000,79,,,
participant_16,1,day,Town10HD_Opt,2026-03-15 17:02:09.709462,59.29209899902344,27.310592651367188,0.0017656325362622,26.945,15.23,0.709,0.0,0,0,1,,1.0,2026-03-15T17:02:09.709462,neutral,0.993,2026-03-15T17:02:08.680445,0.2493976521399642,2026-03-15T17:02:08.969000,79,,,errors=Solid line crossing
participant_16,1,day,Town10HD_Opt,2026-03-15 17:02:10.719295,61.44997024536133,29.96420669555664,0.0018786620348691,31.052,-31.89,0.65,0.0,0,0,1,,1.0,2026-03-15T17:02:10.719295,neutral,1.0,2026-03-15T17:02:10.719295,0.2202739065062178,2026-03-15T17:02:09.957000,78,,,
participant_16,1,day,Town10HD_Opt,2026-03-15 17:02:11.823084,64.71412658691406,31.192182540893555,0.0022049332037568,31.13,-37.962,0.518,0.0,0,0,1,,1.0,2026-03-15T17:02:11.823084,neutral,1.0,2026-03-15T17:02:10.719295,0.1134694180736522,2026-03-15T17:02:11.038000,81,,,
participant_16,1,day,Town10HD_Opt,2026-03-15 17:02:12.868706,68.51118469238281,30.790401458740234,0.0019891357515007,33.914,1.504,0.419,0.0,0,0,1,,1.0,2026-03-15T17:02:12.868706,neutral,0.998,2026-03-15T17:02:12.868706,0.0483627801385441,2026-03-15T17:02:12.027000,79,,,
participant_16,1,day,Town10HD_Opt,2026-03-15 17:02:13.897576,72.58460998535156,30.30247688293457,0.0018011855427175,37.957,-1.568,1.0,0.0,0,0,1,,1.0,2026-03-15T17:02:13.897576,neutral,0.998,2026-03-15T17:02:12.868706,0.1158970254073278,2026-03-15T17:02:13.025000,81,,,
participant_16,1,day,Town10HD_Opt,2026-03-15 17:02:14.461127,74.90406036376953,29.97675514221192,0.0016719435807317,43.089,-3.422,1.0,0.0,0,0,1,,0.886,2026-03-15T17:02:14.461127,neutral,0.998,2026-03-15T17:02:12.868706,0.02,2026-03-15T17:02:14.009000,81,,,errors=Solid line crossing
participant_16,1,day,Town10HD_Opt,2026-03-15 17:02:15.521913,80.31330108642578,28.95524787902832,0.001574897672981,51.875,-1.342,0.0,0.187,0,0,1,,1.0,2026-03-15T17:02:15.521913,neutral,1.0,2026-03-15T17:02:15.521913,0.0484030606600175,2026-03-15T17:02:15.178000,78,,,errors=Red light violation
participant_16,1,day,Town10HD_Opt,2026-03-15 17:02:16.671716,86.13314056396484,27.606124877929688,0.0022327422630041,48.253,-3.127,0.987,0.0,0,0,1,,1.0,2026-03-15T17:02:16.671716,neutral,1.0,2026-03-15T17:02:15.521913,0.02,2026-03-15T17:02:15.941000,82,,,
participant_16,1,day,Town10HD_Opt,2026-03-15 17:02:17.715077,91.53292846679688,25.81092071533203,0.0018419264815747,52.059,-10.086,0.0,0.161,0,0,1,,0.83,2026-03-15T17:02:17.715077,neutral,1.0,2026-03-15T17:02:17.715077,0.0341830334512234,2026-03-15T17:02:17.157000,77,,,
participant_16,1,day,Town10HD_Opt,2026-03-15 17:02:18.780339,96.5895767211914,22.792667388916016,0.0022071455605328,48.588,-7.147,0.952,0.0,0,0,1,,1.0,2026-03-15T17:02:18.780339,neutral,1.0,2026-03-15T17:02:17.715077,0.0372246560280448,2026-03-15T17:02:17.966000,80,Vehicle collision,Vehicle collision,
participant_16,1,day,Town10HD_Opt,2026-03-15 17:02:19.806574,100.85216522216795,18.755130767822266,0.0019900512415915,50.41,-6.545,0.945,0.0,0,0,1,,1.0,2026-03-15T17:02:19.806574,neutral,1.0,2026-03-15T17:02:19.806574,0.02,2026-03-15T17:02:19.007000,82,,,
participant_16,1,day,Town10HD_Opt,2026-03-15 17:02:20.906327,104.20038604736328,14.084187507629396,0.0019929122645407,50.236,-8.725,0.735,0.0,0,0,1,,1.0,2026-03-15T17:02:20.906327,neutral,1.0,2026-03-15T17:02:19.806574,0.0768342939478882,2026-03-15T17:02:20.983000,82,Solid line crossing,Solid line crossing,
participant_16,1,day,Town10HD_Opt,2026-03-15 17:02:21.443566,105.4885025024414,11.421321868896484,0.0020117950625717,50.325,-9.444,0.672,0.0,0,0,1,,1.0,2026-03-15T17:02:21.443566,neutral,1.0,2026-03-15T17:02:19.806574,0.0278005671382511,2026-03-15T17:02:20.983000,83,,,
participant_16,1,day,Town10HD_Opt,2026-03-15 17:02:22.506949,107.00701141357422,5.948277473449707,0.0020888138096779,48.491,-4.518,0.529,0.0,0,0,1,,1.0,2026-03-15T17:02:22.506949,neutral,1.0,2026-03-15T17:02:22.506949,0.0792826187393719,2026-03-15T17:02:22.018000,83,,,
participant_16,1,day,Town10HD_Opt,2026-03-15 17:02:23.600942,107.73287963867188,0.3052265048027038,0.0020249558147042,49.017,-0.08,0.502,0.0,0,0,1,,1.0,2026-03-15T17:02:23.600942,neutral,1.0,2026-03-15T17:02:22.506949,0.02,2026-03-15T17:02:23.054000,83,,,
participant_16,1,day,Town10HD_Opt,2026-03-15 17:02:24.662451,108.2661590576172,-5.388781547546387,0.0020493315532803,48.922,-2.094,0.668,0.0,0,0,1,,1.0,2026-03-15T17:02:24.662451,neutral,0.998,2026-03-15T17:02:24.662451,0.02,2026-03-15T17:02:23.952000,83,,,
participant_16,1,day,Town10HD_Opt,2026-03-15 17:02:25.657500,108.5016860961914,-11.281652450561523,0.0019009017851203,51.916,-1.88,0.0,0.217,0,0,1,,1.0,2026-03-15T17:02:25.657500,neutral,0.998,2026-03-15T17:02:24.662451,0.02,2026-03-15T17:02:24.988000,82,,,
participant_16,1,day,Town10HD_Opt,2026-03-15 17:02:26.706671,108.43089294433594,-17.045015335083008,0.0020946883596479,49.046,-1.554,1.0,0.0,0,0,1,,1.0,2026-03-15T17:02:26.706671,neutral,0.999,2026-03-15T17:02:26.706671,0.0589068237360248,2026-03-15T17:02:26.113000,86,,,
participant_16,1,day,Town10HD_Opt,2026-03-15 17:02:27.705778,108.07586669921876,-22.99318504333496,0.0021080016158521,49.984,-2.038,0.974,0.0,0,0,1,,1.0,2026-03-15T17:02:27.705778,neutral,0.999,2026-03-15T17:02:26.706671,0.02,2026-03-15T17:02:26.978000,87,,,
participant_16,1,day,Town10HD_Opt,2026-03-15 17:02:28.747854,107.36192321777344,-28.68148803710937,0.0019039153121411,51.637,-4.568,0.0,0.164,0,0,1,,1.0,2026-03-15T17:02:28.747854,neutral,1.0,2026-03-15T17:02:28.747854,0.02,2026-03-15T17:02:28.363000,87,,,
participant_16,1,day,Town10HD_Opt,2026-03-15 17:02:29.822093,106.00334930419922,-34.38525390625,0.0022001266479492,48.316,-4.964,0.913,0.0,0,0,1,,1.0,2026-03-15T17:02:29.822093,neutral,1.0,2026-03-15T17:02:28.747854,0.0573706647504479,2026-03-15T17:02:29.083000,89,,,
participant_16,1,day,Town10HD_Opt,2026-03-15 17:02:30.793129,103.89614868164062,-39.8604850769043,0.0019358824938535,51.431,-4.511,0.0,0.143,0,0,1,,1.0,2026-03-15T17:02:30.793129,neutral,0.998,2026-03-15T17:02:30.793129,0.0207321361587153,2026-03-15T17:02:30.029000,89,,,
participant_16,1,day,Town10HD_Opt,2026-03-15 17:02:31.781466,101.18878936767578,-44.91378402709961,0.0020652008242905,49.164,-4.591,0.87,0.0,0,0,1,,1.0,2026-03-15T17:02:31.781466,neutral,0.998,2026-03-15T17:02:30.793129,0.02,2026-03-15T17:02:31.017000,88,,,
participant_16,1,day,Town10HD_Opt,2026-03-15 17:02:32.816939,97.78260803222656,-49.71063995361328,0.0021412658970803,48.679,-4.664,0.867,0.0,0,0,1,,1.0,2026-03-15T17:02:32.816939,neutral,0.972,2026-03-15T17:02:32.816939,0.0427365949979607,2026-03-15T17:02:32.009000,86,,,
participant_16,1,day,Town10HD_Opt,2026-03-15 17:02:33.854541,93.8697509765625,-53.945350646972656,0.001892929081805,51.444,-4.756,0.0,0.144,0,0,1,,1.0,2026-03-15T17:02:33.854541,neutral,0.972,2026-03-15T17:02:32.816939,0.0538873011991508,2026-03-15T17:02:33.004000,85,,,
participant_16,1,day,Town10HD_Opt,2026-03-15 17:02:34.885013,89.42478942871094,-57.66745376586914,0.0021359634120017,48.944,-5.052,0.837,0.0,0,0,1,,1.0,2026-03-15T17:02:34.885013,neutral,0.997,2026-03-15T17:02:34.885013,0.02,2026-03-15T17:02:33.988000,83,,,
participant_16,1,day,Town10HD_Opt,2026-03-15 17:02:35.894537,84.42878723144531,-60.7978744506836,0.0020072173792868,50.742,-5.035,0.0,0.0,0,0,1,,1.0,2026-03-15T17:02:35.894537,neutral,0.997,2026-03-15T17:02:34.885013,0.0540897290586068,2026-03-15T17:02:35.968000,83,,,
participant_16,1,day,Town10HD_Opt,2026-03-15 17:02:36.877180,79.1927490234375,-63.142845153808594,0.0019961928483098,50.065,-5.257,0.82,0.0,0,0,1,,1.0,2026-03-15T17:02:36.877180,neutral,0.997,2026-03-15T17:02:34.885013,0.0756472818840608,2026-03-15T17:02:36.957000,83,,,
participant_16,1,day,Town10HD_Opt,2026-03-15 17:02:37.876748,73.52668762207031,-64.75045776367188,0.0021898651029914,48.354,-5.746,0.818,0.0,0,0,1,,1.0,2026-03-15T17:02:37.876748,neutral,0.996,2026-03-15T17:02:37.876748,0.0482170689279672,2026-03-15T17:02:37.948000,86,,,
participant_16,1,day,Town10HD_Opt,2026-03-15 17:02:38.925734,67.809326171875,-65.44599151611328,0.0018975066486746,51.342,-3.931,0.0,0.134,0,0,1,,0.832,2026-03-15T17:02:38.925734,neutral,0.996,2026-03-15T17:02:37.876748,0.02,2026-03-15T17:02:37.948000,83,,,
participant_16,1,day,Town10HD_Opt,2026-03-15 17:02:39.445590,64.856201171875,-65.52843475341797,0.0021080016158521,49.49,-2.852,0.811,0.0,0,0,1,,1.0,2026-03-15T17:02:39.445590,neutral,0.996,2026-03-15T17:02:37.876748,0.0446122849917195,2026-03-15T17:02:39.028000,84,,,
participant_16,1,day,Town10HD_Opt,2026-03-15 17:02:40.485369,59.04598617553711,-65.36172485351562,0.0019012450939044,51.708,-0.512,0.0,0.171,0,0,1,,1.0,2026-03-15T17:02:40.485369,neutral,0.994,2026-03-15T17:02:40.485369,0.1043218481528041,2026-03-15T17:02:40.153000,83,,,
participant_16,1,day,Town10HD_Opt,2026-03-15 17:02:41.600197,53.18667984008789,-65.05872344970703,0.0021717452909797,48.736,0.625,0.794,0.0,0,0,1,,1.0,2026-03-15T17:02:41.600197,neutral,0.994,2026-03-15T17:02:40.485369,0.02,2026-03-15T17:02:40.963000,83,,,
participant_16,1,day,Town10HD_Opt,2026-03-15 17:02:42.608410,47.33502197265625,-64.8056640625,0.0020300291944295,50.2,0.249,0.793,0.0,0,0,1,,1.0,2026-03-15T17:02:42.608410,neutral,0.987,2026-03-15T17:02:42.608410,0.025477492188241,2026-03-15T17:02:41.997000,85,,,
participant_16,1,day,Town10HD_Opt,2026-03-15 17:02:43.590059,41.5822639465332,-64.60750579833984,0.0019574356265366,50.954,-0.66,0.0,0.0,0,0,1,,1.0,2026-03-15T17:02:43.590059,neutral,0.987,2026-03-15T17:02:42.608410,0.02,2026-03-15T17:02:42.987000,82,,,
participant_16,1,day,Town10HD_Opt,2026-03-15 17:02:44.617433,35.75230026245117,-64.36219787597656,0.0021428298205137,48.786,1.782,0.792,0.0,0,0,1,,1.0,2026-03-15T17:02:44.617433,neutral,0.885,2026-03-15T17:02:44.617433,0.0676679832398829,2026-03-15T17:02:44.428000,81,,,
participant_16,1,day,Town10HD_Opt,2026-03-15 17:02:45.679019,29.88981819152832,-64.27092742919922,0.0020279311574995,49.775,-0.219,0.788,0.0,0,0,1,,1.0,2026-03-15T17:02:45.679019,neutral,0.885,2026-03-15T17:02:44.617433,0.0558479297765087,2026-03-15T17:02:44.969000,84,,,
participant_16,1,day,Town10HD_Opt,2026-03-15 17:02:46.699027,24.13152503967285,-64.27953338623047,0.0019687269814312,50.429,-0.43,0.67,0.0,0,0,1,,1.0,2026-03-15T17:02:46.699027,neutral,1.0,2026-03-15T17:02:46.699027,0.0771010920373306,2026-03-15T17:02:46.139000,85,,,
participant_16,1,day,Town10HD_Opt,2026-03-15 17:02:47.747566,18.3132438659668,-64.2337417602539,0.0022158813662827,47.573,0.36,0.0,0.0,0,0,1,,0.804,2026-03-15T17:02:47.747566,neutral,1.0,2026-03-15T17:02:46.699027,0.0524917662234268,2026-03-15T17:02:46.948000,84,,,
participant_16,1,day,Town10HD_Opt,2026-03-15 17:02:48.743178,13.187091827392578,-64.22347259521484,0.0023748779203742,39.863,0.738,0.0,0.0,0,0,1,,1.0,2026-03-15T17:02:48.743178,neutral,0.999,2026-03-15T17:02:48.743178,0.0576234379777795,2026-03-15T17:02:47.984000,85,,,
participant_16,1,day,Town10HD_Opt,2026-03-15 17:02:49.768089,8.861878395080566,-64.28245544433594,0.0023509596940129,34.043,0.305,0.0,0.0,0,0,1,,1.0,2026-03-15T17:02:49.768089,neutral,0.999,2026-03-15T17:02:48.743178,0.0434319570063286,2026-03-15T17:02:48.975000,85,,,
participant_16,1,day,Town10HD_Opt,2026-03-15 17:02:50.801013,5.216000080108643,-64.35426330566406,0.0023022841196507,28.74,0.059,0.088,0.0,0,0,1,,1.0,2026-03-15T17:02:50.801013,neutral,0.985,2026-03-15T17:02:50.801013,0.0287595183161592,2026-03-15T17:02:50.143000,85,,,
participant_16,1,day,Town10HD_Opt,2026-03-15 17:02:51.822146,2.10306167602539,-64.41927337646484,0.0022341918665915,24.872,-0.021,0.192,0.0,0,0,1,,1.0,2026-03-15T17:02:51.822146,neutral,0.985,2026-03-15T17:02:50.801013,0.02,2026-03-15T17:02:50.998000,83,,,
participant_16,1,day,Town10HD_Opt,2026-03-15 17:02:52.870305,-0.6695789098739624,-64.47624969482422,0.0021165846846997,23.228,-0.049,0.349,0.0,0,0,1,,1.0,2026-03-15T17:02:52.870305,neutral,0.866,2026-03-15T17:02:52.870305,0.02,2026-03-15T17:02:52.168000,85,,,
participant_16,1,day,Town10HD_Opt,2026-03-15 17:02:53.857254,-3.376380443572998,-64.5297622680664,0.0020501709077507,23.21,-0.059,0.343,0.0,0,0,1,,1.0,2026-03-15T17:02:53.857254,neutral,0.866,2026-03-15T17:02:52.870305,0.02,2026-03-15T17:02:53.114000,83,,,
participant_16,1,day,Town10HD_Opt,2026-03-15 17:02:54.895559,-6.085513591766357,-64.5809097290039,0.0020428847055882,23.238,-0.078,0.352,0.0,0,0,1,,1.0,2026-03-15T17:02:54.895559,neutral,0.982,2026-03-15T17:02:54.895559,0.02,2026-03-15T17:02:54.058000,83,,,
participant_16,1,day,Town10HD_Opt,2026-03-15 17:02:55.440064,-7.442088603973389,-64.60493469238281,0.0020400618668645,23.287,-0.2,0.354,0.0,0,0,1,,1.0,2026-03-15T17:02:55.440064,neutral,0.982,2026-03-15T17:02:54.895559,0.02,2026-03-15T17:02:55.082000,81,,,
participant_16,1,day,Town10HD_Opt,2026-03-15 17:02:56.469231,-10.155324935913086,-64.64630889892578,0.0020772933494299,22.782,-0.24,0.0,0.0,0,0,1,,1.0,2026-03-15T17:02:56.469231,neutral,0.982,2026-03-15T17:02:54.895559,0.10855590109926,2026-03-15T17:02:56.218000,83,,,
participant_16,1,day,Town10HD_Opt,2026-03-15 17:02:57.458221,-12.607328414916992,-64.67310333251953,0.0022102736402302,19.19,-0.374,0.0,0.0,0,0,1,,1.0,2026-03-15T17:02:57.458221,neutral,0.995,2026-03-15T17:02:57.458221,0.0752549931511198,2026-03-15T17:02:57.433000,84,,,
participant_16,1,day,Town10HD_Opt,2026-03-15 17:02:58.485049,-14.65600299835205,-64.6860122680664,0.0019903944339603,16.182,-0.336,0.0,0.0,0,0,1,,1.0,2026-03-15T17:02:58.485049,neutral,0.995,2026-03-15T17:02:57.458221,0.02,2026-03-15T17:02:57.433000,84,,,
participant_16,1,day,Town10HD_Opt,2026-03-15 17:02:59.479776,-16.383575439453125,-64.69090270996094,0.0020427322015166,13.362,-0.336,0.0,0.0,0,0,1,,1.0,2026-03-15T17:02:59.479776,neutral,0.985,2026-03-15T17:02:59.479776,0.02,2026-03-15T17:02:59.233000,84,,,
participant_16,1,day,Town10HD_Opt,2026-03-15 17:03:00.503836,-17.8282527923584,-64.69070434570312,0.0020266722422093,11.174,-0.336,0.0,0.0,0,0,1,,1.0,2026-03-15T17:03:00.503836,neutral,0.985,2026-03-15T17:02:59.479776,0.02,2026-03-15T17:02:59.997000,85,,,
participant_16,1,day,Town10HD_Opt,2026-03-15 17:03:01.545474,-19.03598022460937,-64.68831634521484,0.0020003127865493,9.851,0.399,0.886,0.0,0,0,1,,1.0,2026-03-15T17:03:01.545474,neutral,0.996,2026-03-15T17:03:01.545474,0.02,2026-03-15T17:03:00.988000,81,,,
participant_16,1,day,Town10HD_Opt,2026-03-15 17:03:02.576813,-20.59034538269043,-64.6969985961914,0.001518859877251,18.008,0.623,0.932,0.0,0,0,1,,1.0,2026-03-15T17:03:02.576813,neutral,0.996,2026-03-15T17:03:01.545474,0.0775665013595915,2026-03-15T17:03:01.978000,82,,,
participant_16,1,day,Town10HD_Opt,2026-03-15 17:03:03.629959,-23.13698005676269,-64.72708129882812,0.0016341400332748,27.223,0.653,1.0,0.0,0,0,1,,1.0,2026-03-15T17:03:03.629959,neutral,0.981,2026-03-15T17:03:03.629959,0.0214435690812016,2026-03-15T17:03:03.014000,82,,,
participant_16,1,day,Town10HD_Opt,2026-03-15 17:03:04.639448,-26.880136489868164,-64.81148529052734,0.0015116500435397,37.387,0.738,1.0,0.0,0,0,1,,1.0,2026-03-15T17:03:04.639448,neutral,0.981,2026-03-15T17:03:03.629959,0.0559976386531218,2026-03-15T17:03:04.138000,82,,,
participant_16,1,day,Town10HD_Opt,2026-03-15 17:03:05.631255,-31.83261680603028,-64.99205780029297,0.0015473556704819,48.118,0.602,1.0,0.0,0,0,1,,1.0,2026-03-15T17:03:05.631255,neutral,0.994,2026-03-15T17:03:05.631255,0.02,2026-03-15T17:03:05.128000,83,,,
participant_16,1,day,Town10HD_Opt,2026-03-15 17:03:06.630535,-37.7573356628418,-65.2963638305664,0.0019483566284179,50.831,0.033,0.0,0.0,0,0,1,,1.0,2026-03-15T17:03:06.630535,neutral,0.994,2026-03-15T17:03:05.631255,0.020295307280883,2026-03-15T17:03:06.028000,80,,,
participant_16,1,day,Town10HD_Opt,2026-03-15 17:03:07.646552,-43.25992965698242,-65.67412567138672,0.0023560714907944,43.103,4.612,0.0,0.0,0,0,1,,1.0,2026-03-15T17:03:07.646552,neutral,0.998,2026-03-15T17:03:07.646552,0.1157505051255733,2026-03-15T17:03:06.975000,81,,,
participant_16,1,day,Town10HD_Opt,2026-03-15 17:03:08.636328,-47.88551330566406,-66.35681915283203,0.0023723221383988,36.833,-1.445,0.185,0.0,0,0,1,,1.0,2026-03-15T17:03:08.636328,neutral,0.998,2026-03-15T17:03:07.646552,0.1663709418773922,2026-03-15T17:03:07.963000,83,,,
participant_16,1,day,Town10HD_Opt,2026-03-15 17:03:09.645214,-52.00021362304688,-66.89598846435547,0.0020182800944894,36.612,-2.306,0.989,0.0,0,0,1,,1.0,2026-03-15T17:03:09.645214,neutral,0.998,2026-03-15T17:03:07.646552,0.1700335164014047,2026-03-15T17:03:09.088000,84,,,
participant_16,1,day,Town10HD_Opt,2026-03-15 17:03:10.624661,-56.76481628417969,-67.422607421875,0.0016211319016292,46.518,-0.604,1.0,0.0,0,0,1,,1.0,2026-03-15T17:03:10.624661,neutral,0.918,2026-03-15T17:03:10.624661,0.2718840872906561,2026-03-15T17:03:09.989000,82,,,
participant_16,1,day,Town10HD_Opt,2026-03-15 17:03:11.703525,-62.57622528076172,-67.96974182128906,0.0017984008882194,51.743,-4.244,0.0,0.174,0,0,1,,1.0,2026-03-15T17:03:11.703525,neutral,0.918,2026-03-15T17:03:10.624661,0.2798787987176442,2026-03-15T17:03:10.978000,82,,,
participant_16,1,day,Town10HD_Opt,2026-03-15 17:03:12.713388,-68.34628295898438,-68.0110855102539,0.0020307921804487,49.759,-4.11,0.972,0.0,0,0,1,,1.0,2026-03-15T17:03:12.713388,neutral,0.97,2026-03-15T17:03:12.713388,0.483197587419199,2026-03-15T17:03:11.969000,83,,,
participant_16,1,day,Town10HD_Opt,2026-03-15 17:03:13.732382,-74.25222778320312,-67.34809112548828,0.0021692274603992,49.191,-7.323,0.949,0.0,0,0,1,,1.0,2026-03-15T17:03:13.732382,neutral,0.97,2026-03-15T17:03:12.713388,0.4513518812351672,2026-03-15T17:03:13.003000,84,,,
participant_16,1,day,Town10HD_Opt,2026-03-15 17:03:14.702956,-79.80158233642578,-65.68506622314453,0.0018576049478724,52.184,-3.773,0.0,0.218,0,0,1,,0.81,2026-03-15T17:03:14.702956,neutral,0.97,2026-03-15T17:03:12.713388,0.426033147750026,2026-03-15T17:03:14.084000,83,,,
participant_16,1,day,Town10HD_Opt,2026-03-15 17:03:15.724433,-85.1785659790039,-63.29690933227539,0.0021809004247188,48.805,-4.256,0.889,0.0,0,0,1,,1.0,2026-03-15T17:03:15.724433,neutral,0.946,2026-03-15T17:03:15.724433,0.5669931920107695,2026-03-15T17:03:14.984000,82,,,
participant_16,1,day,Town10HD_Opt,2026-03-15 17:03:16.729687,-90.26730346679688,-60.33585739135742,0.0020597837865352,49.63,-4.2,0.866,0.0,0,0,1,,1.0,2026-03-15T17:03:16.729687,neutral,0.946,2026-03-15T17:03:15.724433,0.5129519982594017,2026-03-15T17:03:15.973000,83,,,
participant_16,1,day,Town10HD_Opt,2026-03-15 17:03:17.795654,-94.86151123046876,-56.90310287475586,0.0019765852484852,50.389,-4.24,0.534,0.0,0,0,1,,1.0,2026-03-15T17:03:17.795654,neutral,0.891,2026-03-15T17:03:17.795654,0.549021006583776,2026-03-15T17:03:16.963000,85,,,
participant_16,1,day,Town10HD_Opt,2026-03-15 17:03:18.793453,-99.07915496826172,-52.91825485229492,0.0021458053961396,48.059,-4.11,0.0,0.0,0,0,1,,1.0,2026-03-15T17:03:18.793453,neutral,0.891,2026-03-15T17:03:17.795654,0.5622300554135164,2026-03-15T17:03:17.953000,85,,,
participant_16,1,day,Town10HD_Opt,2026-03-15 17:03:19.843195,-102.5078125,-48.867713928222656,0.0022960281930863,42.906,-3.848,0.421,0.0,0,0,1,,1.0,2026-03-15T17:03:19.843195,neutral,0.818,2026-03-15T17:03:19.843195,0.5485121611371656,2026-03-15T17:03:19.080000,86,,,
participant_16,1,day,Town10HD_Opt,2026-03-15 17:03:20.814706,-105.25655364990234,-44.80488586425781,0.0021280669607222,41.471,-5.326,0.387,0.0,0,0,1,,1.0,2026-03-15T17:03:20.814706,neutral,0.818,2026-03-15T17:03:19.843195,0.5886974621261171,2026-03-15T17:03:20.024000,85,,,
participant_16,1,day,Town10HD_Opt,2026-03-15 17:03:21.862797,-107.30377960205078,-40.62248611450195,0.0022755051031708,37.431,-10.058,0.0,0.0,0,0,1,,1.0,2026-03-15T17:03:21.862797,neutral,0.86,2026-03-15T17:03:21.862797,0.5539437625780392,2026-03-15T17:03:20.969000,84,,,
participant_16,1,day,Town10HD_Opt,2026-03-15 17:03:22.879923,-108.30380249023438,-36.75458908081055,0.0023344801738858,31.474,-6.068,0.0,0.0,0,0,1,,1.0,2026-03-15T17:03:22.879923,neutral,0.86,2026-03-15T17:03:21.862797,0.5542994994116315,2026-03-15T17:03:22.003000,83,,,
participant_16,1,day,Town10HD_Opt,2026-03-15 17:03:23.888686,-108.7476806640625,-33.419189453125,0.0022911452688276,26.458,-3.785,0.041,0.0,0,0,1,,1.0,2026-03-15T17:03:23.888686,neutral,0.661,2026-03-15T17:03:23.888686,0.5189241213158633,2026-03-15T17:03:23.004000,80,,,
participant_16,1,day,Town10HD_Opt,2026-03-15 17:03:24.886455,-108.9623031616211,-30.5544376373291,0.0021992111578583,23.209,-1.26,0.306,0.0,0,0,1,,1.0,2026-03-15T17:03:24.886455,neutral,0.661,2026-03-15T17:03:23.888686,0.470010339447409,2026-03-15T17:03:23.983000,81,,,
participant_16,1,day,Town10HD_Opt,2026-03-15 17:03:25.901121,-109.10139465332033,-27.87288475036621,0.0020307539962232,23.517,-1.814,0.478,0.0,0,0,1,,1.0,2026-03-15T17:03:25.901121,neutral,0.727,2026-03-15T17:03:25.901121,0.5142484356098214,2026-03-15T17:03:25.965000,82,,,errors=Solid line crossing
participant_16,1,day,Town10HD_Opt,2026-03-15 17:03:26.946318,-109.18350982666016,-25.038026809692383,0.0019617462530732,25.173,-1.241,0.45,0.0,0,0,1,,1.0,2026-03-15T17:03:26.946318,neutral,0.727,2026-03-15T17:03:25.901121,0.491085434776678,2026-03-15T17:03:26.998000,83,,,
participant_16,1,day,Town10HD_Opt,2026-03-15 17:03:27.481361,-109.20802307128906,-23.546031951904297,0.0019740676507353,25.842,-0.562,0.333,0.0,0,0,1,,1.0,2026-03-15T17:03:27.481361,neutral,0.727,2026-03-15T17:03:25.901121,0.5108940803942337,2026-03-15T17:03:26.998000,83,,,
participant_16,1,day,Town10HD_Opt,2026-03-15 17:03:28.525123,-109.2606201171875,-20.609663009643555,0.0021628951653838,23.282,1.149,0.0,0.0,0,0,1,,1.0,2026-03-15T17:03:28.525123,fear,0.435,2026-03-15T17:03:28.525123,0.5477270517740602,2026-03-15T17:03:28.259000,82,,,
participant_16,1,day,Town10HD_Opt,2026-03-15 17:03:29.541396,-109.34305572509766,-18.1127872467041,0.0022614288609474,19.083,-0.035,0.0,0.248,0,0,1,,1.0,2026-03-15T17:03:29.541396,fear,0.435,2026-03-15T17:03:28.525123,0.4785937477171672,2026-03-15T17:03:29.023000,82,,,
participant_16,1,day,Town10HD_Opt,2026-03-15 17:03:30.554480,-109.40422821044922,-16.16376304626465,0.0020934676285833,14.343,-0.284,0.0,0.535,0,0,1,,1.0,2026-03-15T17:03:30.554480,neutral,0.989,2026-03-15T17:03:30.554480,0.5257078257310623,2026-03-15T17:03:30.014000,84,,,errors=Harsh braking
participant_16,1,day,Town10HD_Opt,2026-03-15 17:03:31.564693,-109.4425048828125,-14.811421394348145,0.0021775816567242,8.933,-0.28,0.0,0.772,0,0,1,,1.0,2026-03-15T17:03:31.564693,neutral,0.989,2026-03-15T17:03:30.554480,0.4876684110562508,2026-03-15T17:03:31.048000,82,,,errors=Vehicle collision
participant_16,1,day,Town10HD_Opt,2026-03-15 17:03:32.575892,-109.44893646240234,-14.51313591003418,-0.0004953765892423,0.04,-0.28,0.0,0.976,0,0,1,,1.0,2026-03-15T17:03:32.575892,neutral,0.836,2026-03-15T17:03:32.575892,0.4759382822279167,2026-03-15T17:03:32.038000,78,,,
participant_16,1,day,Town10HD_Opt,2026-03-15 17:03:33.572200,-109.44866180419922,-14.513399124145508,0.0017199707217514,0.002,-0.167,0.0,0.037,0,0,1,,1.0,2026-03-15T17:03:33.572200,neutral,0.836,2026-03-15T17:03:32.575892,0.4354499908890196,2026-03-15T17:03:33.209000,79,,,
participant_16,1,day,Town10HD_Opt,2026-03-15 17:03:34.542435,-109.4486312866211,-14.513436317443848,0.00186450954061,0.0,-0.181,0.0,0.022,0,0,1,,1.0,2026-03-15T17:03:34.542435,neutral,0.836,2026-03-15T17:03:32.575892,0.4528585270435426,2026-03-15T17:03:33.983000,79,,,
participant_16,1,day,Town10HD_Opt,2026-03-15 17:03:35.530590,-109.44862365722656,-14.513436317443848,0.0018695830367505,0.0,-0.181,0.0,0.02,0,0,1,,1.0,2026-03-15T17:03:35.530590,angry,0.489,2026-03-15T17:03:35.530590,0.4602394102734273,2026-03-15T17:03:35.055000,77,,,
participant_16,1,day,Town10HD_Opt,2026-03-15 17:03:36.526805,-109.4486083984375,-14.51344108581543,0.0018891524523496,0.0,-0.193,0.0,0.0,0,0,1,,1.0,2026-03-15T17:03:36.526805,angry,0.489,2026-03-15T17:03:35.530590,0.5425910155822163,2026-03-15T17:03:36.134000,79,,,errors=Vehicle collision
participant_16,1,day,Town10HD_Opt,2026-03-15 17:03:37.495464,-109.44862365722656,-14.51369857788086,0.0019111251458525,0.012,0.334,0.0,0.0,0,0,1,,1.0,2026-03-15T17:03:37.495464,angry,0.489,2026-03-15T17:03:35.530590,0.5522829192129816,2026-03-15T17:03:36.134000,77,,,
participant_16,1,day,Town10HD_Opt,2026-03-15 17:03:38.460746,-109.44859313964844,-14.513434410095217,0.0019058608449995,0.0,0.822,0.0,0.0,0,0,1,,1.0,2026-03-15T17:03:38.460746,sad,0.605,2026-03-15T17:03:38.460746,0.4556556296493194,2026-03-15T17:03:36.134000,78,,,
participant_16,1,day,Town10HD_Opt,2026-03-15 17:03:39.460188,-109.44859313964844,-14.513436317443848,0.0019121170043945,0.0,0.313,0.0,0.0,0,0,1,,1.0,2026-03-15T17:03:39.460188,sad,0.605,2026-03-15T17:03:38.460746,0.467836290402144,2026-03-15T17:03:36.134000,79,,,
participant_16,1,day,Town10HD_Opt,2026-03-15 17:03:40.514405,-109.44859313964844,-14.513442039489746,0.0019171523163095,0.0,0.933,0.0,0.0,0,0,1,,1.0,2026-03-15T17:03:40.514405,neutral,0.639,2026-03-15T17:03:40.514405,0.5672462665973739,2026-03-15T17:03:36.134000,78,,,
participant_16,1,day,Town10HD_Opt,2026-03-15 17:03:41.555996,-109.44860076904295,-14.513468742370604,0.0019190978491678,0.002,0.266,0.297,0.0,0,1,-1,,1.0,2026-03-15T17:03:41.555996,neutral,0.639,2026-03-15T17:03:40.514405,0.5622395060747333,2026-03-15T17:03:36.134000,77,,,
participant_16,1,day,Town10HD_Opt,2026-03-15 17:03:42.542293,-109.44676208496094,-14.57384967803955,0.002100562909618,3.15,0.313,0.892,0.0,0,1,-1,,1.0,2026-03-15T17:03:42.542293,sad,0.453,2026-03-15T17:03:42.542293,0.5882911842034644,2026-03-15T17:03:36.134000,78,,,
participant_16,1,day,Town10HD_Opt,2026-03-15 17:03:43.591621,-109.4235610961914,-15.303202629089355,0.0022037506569176,9.036,0.324,0.437,0.0,0,1,-1,,1.0,2026-03-15T17:03:43.591621,sad,0.453,2026-03-15T17:03:42.542293,0.5837344735586161,2026-03-15T17:03:36.134000,78,,,
participant_16,1,day,Town10HD_Opt,2026-03-15 17:03:44.620228,-109.39390563964844,-16.31529998779297,0.0017456435598433,3.721,-0.458,0.0,0.0,0,0,1,,1.0,2026-03-15T17:03:44.620228,neutral,0.652,2026-03-15T17:03:44.620228,0.5045111302536378,2026-03-15T17:03:36.134000,76,,,
participant_16,1,day,Town10HD_Opt,2026-03-15 17:03:45.646519,-109.38983154296876,-16.41895294189453,0.0016149901784956,1.961,-19.332,0.745,0.0,0,0,1,,1.0,2026-03-15T17:03:45.646519,neutral,0.652,2026-03-15T17:03:44.620228,0.5533236860104933,2026-03-15T17:03:36.134000,77,,,errors=Solid line crossing
participant_16,1,day,Town10HD_Opt,2026-03-15 17:03:46.660076,-109.2509765625,-15.788300514221191,0.0015703963581472,9.319,-29.317,0.76,0.0,0,0,1,,1.0,2026-03-15T17:03:46.660076,neutral,0.753,2026-03-15T17:03:46.660076,0.5329873831768016,2026-03-15T17:03:36.134000,78,Solid line crossing,Solid line crossing,
participant_16,1,day,Town10HD_Opt,2026-03-15 17:03:47.663479,-108.73445892333984,-14.357807159423828,0.001583824167028,16.681,-20.503,0.749,0.0,0,0,1,,1.0,2026-03-15T17:03:47.663479,neutral,0.753,2026-03-15T17:03:46.660076,0.559108593874154,2026-03-15T17:03:36.134000,78,,,
participant_16,1,day,Town10HD_Opt,2026-03-15 17:03:48.738181,-108.06049346923828,-12.22265338897705,0.0018756865756586,21.922,15.884,0.763,0.0,0,0,1,,1.0,2026-03-15T17:03:48.738181,angry,0.713,2026-03-15T17:03:48.738181,0.5103635083586977,2026-03-15T17:03:36.134000,78,,,
participant_16,1,day,Town10HD_Opt,2026-03-15 17:03:49.810754,-107.7755355834961,-9.36121940612793,0.0017568205948919,28.227,5.073,0.68,0.0,0,0,1,,1.0,2026-03-15T17:03:49.810754,angry,0.713,2026-03-15T17:03:48.738181,0.5802641873433119,2026-03-15T17:03:36.134000,78,,,
participant_16,1,day,Town10HD_Opt,2026-03-15 17:03:50.846375,-107.6754150390625,-5.814822673797607,0.0017903136322274,32.907,3.047,0.664,0.0,0,0,1,,1.0,2026-03-15T17:03:50.846375,angry,0.417,2026-03-15T17:03:50.846375,0.4507069074229737,2026-03-15T17:03:36.134000,80,,,
participant_16,1,day,Town10HD_Opt,2026-03-15 17:03:51.924109,-107.76810455322266,-1.7370461225509644,0.001861419645138,36.66,1.05,0.574,0.0,0,0,1,,1.0,2026-03-15T17:03:51.924109,angry,0.417,2026-03-15T17:03:50.846375,0.5559188292980073,2026-03-15T17:03:36.134000,78,,,errors=Red light violation
participant_16,1,day,Town10HD_Opt,2026-03-15 17:03:52.488967,-107.86103057861328,0.4383885860443115,0.0019043731736019,37.846,0.364,0.493,0.0,0,0,1,,1.0,2026-03-15T17:03:52.488967,angry,0.417,2026-03-15T17:03:50.846375,0.4660938297002796,2026-03-15T17:03:36.134000,77,,,
participant_16,1,day,Town10HD_Opt,2026-03-15 17:03:53.567696,-107.99348449707033,4.918452262878418,0.0019929122645407,38.839,-6.573,0.462,0.0,0,0,1,,1.0,2026-03-15T17:03:53.567696,angry,0.812,2026-03-15T17:03:53.567696,0.5252285350766999,2026-03-15T17:03:36.134000,78,,,
participant_16,1,day,Town10HD_Opt,2026-03-15 17:03:54.630828,-107.58185577392578,9.433926582336426,0.0020352171268314,39.046,-7.033,0.453,0.0,0,0,1,,0.808,2026-03-15T17:03:54.630828,angry,0.812,2026-03-15T17:03:53.567696,0.4641405953101956,2026-03-15T17:03:36.134000,78,,,
participant_16,1,day,Town10HD_Opt,2026-03-15 17:03:55.650341,-106.48052215576172,13.862829208374023,0.0020388029515743,39.259,-5.86,0.452,0.0,0,0,1,,1.0,2026-03-15T17:03:55.650341,angry,0.59,2026-03-15T17:03:55.650341,0.4785906403118852,2026-03-15T17:03:36.134000,78,,,
participant_16,1,day,Town10HD_Opt,2026-03-15 17:03:56.701959,-104.80220794677734,18.12914085388184,0.0020413971506059,39.406,-6.955,0.451,0.0,0,0,1,,0.814,2026-03-15T17:03:56.701959,angry,0.59,2026-03-15T17:03:55.650341,0.4743686121538437,2026-03-15T17:03:36.134000,78,,,
participant_16,1,day,Town10HD_Opt,2026-03-15 17:03:57.803262,-102.39044952392578,22.009014129638672,0.0020751571282744,39.092,-15.287,0.449,0.0,0,0,1,,1.0,2026-03-15T17:03:57.803262,neutral,0.578,2026-03-15T17:03:57.803262,0.5018142965911545,2026-03-15T17:03:36.134000,78,,,
participant_16,1,day,Town10HD_Opt,2026-03-15 17:03:58.859515,-99.04663848876952,25.07009506225586,0.0020745086949318,38.945,-11.641,0.448,0.0,0,0,1,,1.0,2026-03-15T17:03:58.859515,neutral,0.578,2026-03-15T17:03:57.803262,0.5468396577547504,2026-03-15T17:03:36.134000,78,,,
participant_16,1,day,Town10HD_Opt,2026-03-15 17:03:59.921960,-95.03995513916016,27.13766288757324,0.0020854568574577,38.639,-14.805,0.447,0.0,0,0,1,,1.0,2026-03-15T17:03:59.921960,angry,0.939,2026-03-15T17:03:59.921960,0.5527936589636219,2026-03-15T17:03:36.134000,77,,,
participant_16,1,day,Town10HD_Opt,2026-03-15 17:04:00.484902,-92.87059020996094,27.694250106811523,0.002105827210471,38.169,-13.472,0.0,0.0,0,0,1,,1.0,2026-03-15T17:04:00.484902,angry,0.939,2026-03-15T17:03:59.921960,0.516411340075084,2026-03-15T17:03:36.134000,77,Solid line crossing,Solid line crossing,
participant_16,1,day,Town10HD_Opt,2026-03-15 17:04:01.542267,-88.72946166992188,28.01972198486328,0.0022990799043327,33.001,-3.328,0.0,0.0,0,0,1,,1.0,2026-03-15T17:04:01.542267,angry,0.939,2026-03-15T17:03:59.921960,0.5721301254313826,2026-03-15T17:03:36.134000,77,,,
participant_16,1,day,Town10HD_Opt,2026-03-15 17:04:02.633179,-85.20264434814453,27.99671173095703,0.0022977828048169,27.735,-0.291,0.0,0.0,0,0,1,,1.0,2026-03-15T17:04:02.633179,angry,0.669,2026-03-15T17:04:02.633179,0.4890537731048802,2026-03-15T17:03:36.134000,78,,,
participant_16,1,day,Town10HD_Opt,2026-03-15 17:04:03.698433,-82.25318908691406,27.95724105834961,0.0022696685045957,23.09,0.367,0.0,0.0,0,0,1,,1.0,2026-03-15T17:04:03.698433,angry,0.669,2026-03-15T17:04:02.633179,0.5349896439255549,2026-03-15T17:03:36.134000,78,,,
participant_16,1,day,Town10HD_Opt,2026-03-15 17:04:04.730525,-79.81352996826172,27.935834884643555,0.0022440718021243,18.979,0.334,0.0,0.0,0,0,1,,0.886,2026-03-15T17:04:04.730525,neutral,0.978,2026-03-15T17:04:04.730525,0.5457008671788113,2026-03-15T17:03:36.134000,78,,,
participant_16,1,day,Town10HD_Opt,2026-03-15 17:04:05.769732,-77.7842788696289,27.918983459472656,0.001999053871259,16.058,-0.287,0.0,0.0,0,0,1,,1.0,2026-03-15T17:04:05.769732,neutral,0.978,2026-03-15T17:04:04.730525,0.5241853341583521,2026-03-15T17:03:36.134000,77,,,
participant_16,1,day,Town10HD_Opt,2026-03-15 17:04:06.789254,-76.07015991210938,27.897891998291016,0.002042579697445,13.259,-0.322,0.0,0.0,0,0,1,,1.0,2026-03-15T17:04:06.789254,neutral,0.588,2026-03-15T17:04:06.789254,0.5547225374498398,2026-03-15T17:03:36.134000,78,,,
participant_16,1,day,Town10HD_Opt,2026-03-15 17:04:07.779174,-74.633544921875,27.87608337402344,0.0020248412620276,11.123,-0.327,0.0,0.0,0,0,1,,1.0,2026-03-15T17:04:07.779174,neutral,0.588,2026-03-15T17:04:06.789254,0.4566159365179973,2026-03-15T17:03:36.134000,80,,,
participant_16,1,day,Town10HD_Opt,2026-03-15 17:04:08.817239,-73.42848205566406,27.85484504699707,0.0020083235576748,9.465,-0.327,0.0,0.0,0,0,1,,1.0,2026-03-15T17:04:08.817239,angry,0.828,2026-03-15T17:04:08.817239,0.4899797491602693,2026-03-15T17:03:36.134000,78,,,
participant_16,1,day,Town10HD_Opt,2026-03-15 17:04:09.809673,-72.4180679321289,27.83495140075684,0.0019940184429287,7.821,-0.327,0.0,0.0,0,0,1,,1.0,2026-03-15T17:04:09.809673,angry,0.828,2026-03-15T17:04:08.817239,0.4789194735612553,2026-03-15T17:03:36.134000,77,,,
participant_16,1,day,Town10HD_Opt,2026-03-15 17:04:10.854986,-71.57089233398438,27.81679344177246,0.0019820784218609,6.557,-0.327,0.0,0.0,0,0,1,,1.0,2026-03-15T17:04:10.854986,angry,0.452,2026-03-15T17:04:10.854986,0.5366741284735628,2026-03-15T17:03:36.134000,78,,,
participant_16,1,day,Town10HD_Opt,2026-03-15 17:04:11.833339,-70.86061096191406,27.80052757263184,0.0019717407412827,5.579,-0.327,0.0,0.0,0,0,1,,1.0,2026-03-15T17:04:11.833339,angry,0.452,2026-03-15T17:04:10.854986,0.525652261498546,2026-03-15T17:04:11.100000,81,,,
participant_16,1,day,Town10HD_Opt,2026-03-15 17:04:12.865282,-70.26506805419922,27.786170959472656,0.0019632338080555,4.678,-0.317,0.0,0.0,0,0,1,,1.0,2026-03-15T17:04:12.865282,angry,0.576,2026-03-15T17:04:12.865282,0.4982719527888236,2026-03-15T17:04:12.178000,81,,,
participant_16,1,day,Town10HD_Opt,2026-03-15 17:04:13.851954,-69.76577758789062,27.77369880676269,0.0019561767112463,3.922,-0.298,0.0,0.0,0,0,1,,1.0,2026-03-15T17:04:13.851954,angry,0.576,2026-03-15T17:04:12.865282,0.5034438616834326,2026-03-15T17:04:12.991000,80,,,
participant_16,1,day,Town10HD_Opt,2026-03-15 17:04:14.830645,-69.3471908569336,27.762943267822266,0.0019502257928252,3.24,-0.289,0.0,0.0,0,0,1,,1.0,2026-03-15T17:04:14.830645,angry,0.576,2026-03-15T17:04:12.865282,0.4752413534143859,2026-03-15T17:04:13.980000,81,,,
participant_16,1,day,Town10HD_Opt,2026-03-15 17:04:15.805970,-68.99623107910156,27.753719329833984,0.0019451522966846,2.757,-0.289,0.0,0.0,0,0,1,,1.0,2026-03-15T17:04:15.805970,neutral,0.642,2026-03-15T17:04:15.805970,0.587756016020847,2026-03-15T17:04:14.969000,81,,,
participant_16,1,day,Town10HD_Opt,2026-03-15 17:04:16.765971,-68.70198822021484,27.74582290649414,0.0019409561064094,2.311,-0.289,0.0,0.0,0,0,1,,1.0,2026-03-15T17:04:16.765971,neutral,0.642,2026-03-15T17:04:15.805970,0.5272841058467254,2026-03-15T17:04:15.964000,82,,,
participant_16,1,day,Town10HD_Opt,2026-03-15 17:04:17.714457,-68.45526885986328,27.73909568786621,0.0019374465337023,1.938,-0.289,0.0,0.0,0,0,1,,1.0,2026-03-15T17:04:17.714457,neutral,0.642,2026-03-15T17:04:15.805970,0.5604013416601085,2026-03-15T17:04:16.994000,83,,,
participant_16,1,day,Town10HD_Opt,2026-03-15 17:04:18.690909,-68.24844360351562,27.73336601257324,0.0019344710744917,1.601,-0.289,0.0,0.0,0,0,1,,1.0,2026-03-15T17:04:18.690909,angry,0.932,2026-03-15T17:04:18.690909,0.486467760235107,2026-03-15T17:04:17.984000,82,,,
participant_16,1,day,Town10HD_Opt,2026-03-15 17:04:19.672241,-68.07503509521484,27.72851181030273,0.0019319915445521,1.362,-0.289,0.0,0.0,0,0,1,,1.0,2026-03-15T17:04:19.672241,angry,0.932,2026-03-15T17:04:18.690909,0.6026757276919998,2026-03-15T17:04:19.064000,80,,,
participant_16,1,day,Town10HD_Opt,2026-03-15 17:04:20.613469,-67.92964172363281,27.72439956665039,0.0019299315754324,1.142,-0.289,0.0,0.0,0,0,1,,1.0,2026-03-15T17:04:20.613469,angry,0.932,2026-03-15T17:04:18.690909,0.547358002161831,2026-03-15T17:04:20.054000,80,,,
participant_16,1,day,Town10HD_Opt,2026-03-15 17:04:21.605594,-67.80769348144531,27.720924377441406,0.0019280624110251,0.958,-0.289,0.0,0.0,0,0,1,,1.0,2026-03-15T17:04:21.605594,neutral,0.621,2026-03-15T17:04:21.605594,0.5339036037899692,2026-03-15T17:04:21,81,,,
participant_16,1,day,Town10HD_Opt,2026-03-15 17:04:22.583106,-67.70541381835938,27.71799087524414,0.0019266890594735,0.804,-0.284,0.0,0.0,0,0,1,,1.0,2026-03-15T17:04:22.583106,neutral,0.621,2026-03-15T17:04:21.605594,0.5754841103396626,2026-03-15T17:04:22.259000,79,,,
participant_16,1,day,Town10HD_Opt,2026-03-15 17:04:23.604296,-67.61962127685547,27.715518951416016,0.0019254302605986,0.674,-0.207,0.0,0.0,0,0,1,,1.0,2026-03-15T17:04:23.604296,neutral,0.621,2026-03-15T17:04:21.605594,0.5528437353460552,2026-03-15T17:04:23.070000,81,,,
participant_16,1,day,Town10HD_Opt,2026-03-15 17:04:24.629872,-67.54769134521484,27.71352195739746,0.0019244384020566,0.557,0.237,0.0,0.0,0,0,1,,1.0,2026-03-15T17:04:24.629872,neutral,0.622,2026-03-15T17:04:24.629872,0.5554240174696523,2026-03-15T17:04:23.969000,81,,,
participant_16,1,day,Town10HD_Opt,2026-03-15 17:04:25.604795,-67.48737335205078,27.71212577819824,0.0019235991640016,0.467,0.672,0.0,0.0,0,0,1,,1.0,2026-03-15T17:04:25.604795,neutral,0.622,2026-03-15T17:04:24.629872,0.5653816222914825,2026-03-15T17:04:25.049000,79,,,
participant_16,1,day,Town10HD_Opt,2026-03-15 17:04:26.624584,-67.43804168701172,27.71111297607422,0.001929817139171,0.671,0.745,0.584,0.0,0,0,1,,0.837,2026-03-15T17:04:26.624584,neutral,0.622,2026-03-15T17:04:24.629872,0.5335743387208972,2026-03-15T17:04:25.994000,79,,,
participant_16,1,day,Town10HD_Opt,2026-03-15 17:04:27.684822,-66.9989242553711,27.70276260375977,0.0014974975492805,9.627,0.846,1.0,0.0,0,0,1,,1.0,2026-03-15T17:04:27.684822,angry,0.991,2026-03-15T17:04:27.684822,0.5431978623772485,2026-03-15T17:04:26.984000,78,,,
participant_16,1,day,Town10HD_Opt,2026-03-15 17:04:28.760154,-65.35797882080078,27.67895698547364,0.001583824167028,18.771,0.731,0.878,0.0,0,0,1,,1.0,2026-03-15T17:04:28.760154,angry,0.991,2026-03-15T17:04:27.684822,0.5173642385330619,2026-03-15T17:04:27.974000,80,,,
participant_16,1,day,Town10HD_Opt,2026-03-15 17:04:29.947083,-62.81221008300781,27.65732192993164,0.0016939544584602,26.163,0.625,0.847,0.0,0,0,1,,1.0,2026-03-15T17:04:29.947083,angry,0.996,2026-03-15T17:04:29.947083,0.6087718047438286,2026-03-15T17:04:29.999000,79,,,
participant_16,1,day,Town10HD_Opt,2026-03-15 17:04:30.528258,-61.20237731933594,27.653995513916016,0.0016487502725794,30.309,0.686,0.846,0.0,0,0,1,,1.0,2026-03-15T17:04:30.528258,angry,0.996,2026-03-15T17:04:29.947083,0.5038700908462571,2026-03-15T17:04:29.999000,80,,,
participant_16,1,day,Town10HD_Opt,2026-03-15 17:04:31.569456,-57.25286865234375,27.67789649963379,0.0016450118273496,38.431,0.515,1.0,0.0,0,0,1,,1.0,2026-03-15T17:04:31.569456,angry,0.996,2026-03-15T17:04:29.947083,0.4950788974885689,2026-03-15T17:04:31.034000,79,,,
participant_16,1,day,Town10HD_Opt,2026-03-15 17:04:32.565840,-52.31488037109375,27.757225036621094,0.0015829467447474,46.973,0.345,1.0,0.0,0,0,1,,1.0,2026-03-15T17:04:32.565840,neutral,0.499,2026-03-15T17:04:32.565840,0.5088419787835065,2026-03-15T17:04:32.069000,81,,,
participant_16,1,day,Town10HD_Opt,2026-03-15 17:04:33.566324,-46.37425994873047,27.906328201293945,0.0018811034969985,51.144,0.261,0.0,0.168,0,0,1,,0.865,2026-03-15T17:04:33.566324,neutral,0.499,2026-03-15T17:04:32.565840,0.5993445801399999,2026-03-15T17:04:32.970000,82,,,
participant_16,1,day,Town10HD_Opt,2026-03-15 17:04:34.616144,-40.6382064819336,28.047821044921875,0.0020559690892696,49.724,-0.999,0.862,0.0,0,0,1,,1.0,2026-03-15T17:04:34.616144,angry,1.0,2026-03-15T17:04:34.616144,0.5420863019024392,2026-03-15T17:04:34.049000,82,,,
participant_16,1,day,Town10HD_Opt,2026-03-15 17:04:35.662162,-34.73781204223633,28.07004165649414,0.0021406935993582,48.767,-0.585,0.81,0.0,0,0,1,,1.0,2026-03-15T17:04:35.662162,angry,1.0,2026-03-15T17:04:34.616144,0.5367566012762978,2026-03-15T17:04:34.995000,80,,,
participant_16,1,day,Town10HD_Opt,2026-03-15 17:04:36.729998,-28.972625732421875,27.989505767822266,0.0019072722643613,51.28,-0.439,0.0,0.128,0,0,1,,1.0,2026-03-15T17:04:36.729998,angry,0.996,2026-03-15T17:04:36.729998,0.5345888770852488,2026-03-15T17:04:36.164000,82,,,
participant_16,1,day,Town10HD_Opt,2026-03-15 17:04:37.758826,-23.14889335632324,27.8498477935791,0.0021685408428311,48.412,-0.021,0.782,0.0,0,0,1,,1.0,2026-03-15T17:04:37.758826,angry,0.996,2026-03-15T17:04:36.729998,0.5539343864710957,2026-03-15T17:04:36.976000,81,,,
participant_16,1,day,Town10HD_Opt,2026-03-15 17:04:38.821228,-17.315229415893555,27.69706153869629,0.0019810104276984,50.121,0.094,0.0,0.0,0,0,1,,1.0,2026-03-15T17:04:38.821228,angry,0.88,2026-03-15T17:04:38.821228,0.5365737608399564,2026-03-15T17:04:38.012000,82,,,
participant_16,1,day,Town10HD_Opt,2026-03-15 17:04:39.824396,-11.575992584228516,27.58224296569824,0.0026332091074436,49.944,0.733,0.776,0.0,0,0,1,,1.0,2026-03-15T17:04:39.824396,angry,0.88,2026-03-15T17:04:38.821228,0.5038341753769207,2026-03-15T17:04:39.077000,80,,,
participant_16,1,day,Town10HD_Opt,2026-03-15 17:04:40.866673,-5.707626819610596,27.57280540466309,0.0021456526592373,48.531,0.522,0.561,0.0,0,0,1,,1.0,2026-03-15T17:04:40.866673,angry,0.919,2026-03-15T17:04:40.866673,0.5425174101735856,2026-03-15T17:04:40.124000,80,,,
participant_16,1,day,Town10HD_Opt,2026-03-15 17:04:41.441339,-2.881365299224853,27.6015625,0.0020999144762754,48.492,-0.153,0.542,0.0,0,0,1,,1.0,2026-03-15T17:04:41.441339,angry,0.919,2026-03-15T17:04:40.866673,0.5466738995242676,2026-03-15T17:04:41.120000,80,,,
participant_16,1,day,Town10HD_Opt,2026-03-15 17:04:42.498023,2.811551332473755,27.654266357421875,0.0020156097598373,49.199,-3.186,0.531,0.0,0,0,1,,1.0,2026-03-15T17:04:42.498023,angry,0.919,2026-03-15T17:04:40.866673,0.5053275864681992,2026-03-15T17:04:41.969000,83,,,
participant_16,1,day,Town10HD_Opt,2026-03-15 17:04:43.520992,8.574812889099121,27.43061637878418,0.0020149610936641,49.715,-3.443,0.519,0.0,0,0,1,,1.0,2026-03-15T17:04:43.520992,angry,0.991,2026-03-15T17:04:43.520992,0.5081685894190673,2026-03-15T17:04:42.959000,82,,,
participant_16,1,day,Town10HD_Opt,2026-03-15 17:04:44.533572,14.358019828796388,26.8355712890625,0.0020580291748046,49.547,2.421,0.348,0.0,0,0,1,,1.0,2026-03-15T17:04:44.533572,angry,0.991,2026-03-15T17:04:43.520992,0.5379074920396343,2026-03-15T17:04:44.174000,79,,,
participant_16,1,day,Town10HD_Opt,2026-03-15 17:04:45.536986,19.98646354675293,26.52541732788086,0.0021516035776585,46.955,5.099,0.355,0.0,0,0,1,,1.0,2026-03-15T17:04:45.536986,angry,0.538,2026-03-15T17:04:45.536986,0.5471590481194213,2026-03-15T17:04:45.029000,80,,,
participant_16,1,day,Town10HD_Opt,2026-03-15 17:04:46.522919,25.345502853393555,26.90239906311035,0.0021221542265266,45.379,5.125,0.477,0.0,0,0,1,,1.0,2026-03-15T17:04:46.522919,angry,0.538,2026-03-15T17:04:45.536986,0.4684778032679711,2026-03-15T17:04:46.065000,79,,,
participant_16,1,day,Town10HD_Opt,2026-03-15 17:04:47.569287,30.494903564453125,28.024789810180664,0.0022157286293804,44.986,10.891,0.474,0.0,0,0,1,,1.0,2026-03-15T17:04:47.569287,angry,0.986,2026-03-15T17:04:47.569287,0.5232539562512866,2026-03-15T17:04:47.324000,80,,,
participant_16,1,day,Town10HD_Opt,2026-03-15 17:04:48.618737,35.12033462524414,30.33627319335937,0.0021032714284956,43.854,20.442,0.466,0.0,0,0,1,,1.0,2026-03-15T17:04:48.618737,angry,0.986,2026-03-15T17:04:47.569287,0.4640117112524684,2026-03-15T17:04:47.999000,80,,,
participant_16,1,day,Town10HD_Opt,2026-03-15 17:04:49.662653,38.264591217041016,34.12662887573242,0.0022062682546675,41.301,15.795,0.107,0.0,0,0,1,,1.0,2026-03-15T17:04:49.662653,angry,0.652,2026-03-15T17:04:49.662653,0.5838864653061822,2026-03-15T17:04:49.034000,80,,,
participant_16,1,day,Town10HD_Opt,2026-03-15 17:04:50.685045,39.659610748291016,38.3983039855957,0.0023352813441306,35.324,4.938,0.0,0.0,0,0,1,,1.0,2026-03-15T17:04:50.685045,angry,0.652,2026-03-15T17:04:49.662653,0.5676266515753327,2026-03-15T17:04:50.114000,80,,,
participant_16,1,day,Town10HD_Opt,2026-03-15 17:04:51.760790,40.26545715332031,42.15949249267578,0.0023511885665357,29.641,4.244,0.0,0.171,0,0,1,,1.0,2026-03-15T17:04:51.760790,angry,0.481,2026-03-15T17:04:51.760790,0.520628037582838,2026-03-15T17:04:51.015000,80,,,
participant_16,1,day,Town10HD_Opt,2026-03-15 17:04:52.861207,40.50265884399414,45.27641677856445,0.0022980880457907,24.408,4.674,0.0,0.0,0,0,1,,1.0,2026-03-15T17:04:52.861207,angry,0.481,2026-03-15T17:04:51.760790,0.5528667006710628,2026-03-15T17:04:51.958000,80,,,
participant_16,1,day,Town10HD_Opt,2026-03-15 17:04:53.898157,40.541282653808594,47.84917831420898,0.0022733688820153,19.82,-0.83,0.0,0.185,0,0,1,,1.0,2026-03-15T17:04:53.898157,neutral,0.932,2026-03-15T17:04:53.898157,0.5087488744437579,2026-03-15T17:04:53.984000,79,,,
participant_16,2,day,Town10HD_Opt,2026-03-15 17:15:00.000000,-41.66858673095703,89.7454833984375,0.580491840839386,5.416,0.28,0.544,0.0,0,0,1,,1.0,2026-03-15T17:15:00,,,2026-03-15T17:15:00,0.5313338907291462,2026-03-15T17:15:00,80,,,
participant_16,2,day,Town10HD_Opt,2026-03-15 17:15:04.506393,-41.66866302490234,89.58567810058594,0.0014860915252938,7.283,0.28,0.544,0.0,0,0,1,,0.84,2026-03-15T17:15:04.506393,,,2026-03-15T17:15:04.506393,0.5992990213088462,2026-03-15T17:15:04.006000,78,,,
participant_16,2,day,Town10HD_Opt,2026-03-15 17:15:05.122542,-41.668235778808594,88.42108154296875,0.0016098403139039,13.092,0.266,0.536,0.0,0,0,1,,0.81,2026-03-15T17:15:05.122542,,,2026-03-15T17:15:04.506393,0.5141375954657592,2026-03-15T17:15:05.086000,77,,,
participant_16,2,day,Town10HD_Opt,2026-03-15 17:15:06.025897,-41.66260528564453,85.66874694824219,0.0018717574421316,18.368,1.159,0.37,0.0,0,0,1,,1.0,2026-03-15T17:15:06.025897,,,2026-03-15T17:15:04.506393,0.5504235131879591,2026-03-15T17:15:06.031000,78,,,
participant_16,2,day,Town10HD_Opt,2026-03-15 17:15:07.191405,-41.44757843017578,81.41230010986328,0.0020309067331254,18.54,7.237,0.344,0.0,0,0,1,,1.0,2026-03-15T17:15:07.191405,neutral,0.668,2026-03-15T17:15:07.191405,0.5671699201243507,2026-03-15T17:15:07.020000,76,,,
participant_16,2,day,Town10HD_Opt,2026-03-15 17:15:08.065353,-40.73552322387695,78.2264404296875,0.0020409773569554,19.005,14.494,0.359,0.0,0,0,1,,1.0,2026-03-15T17:15:08.065353,neutral,0.668,2026-03-15T17:15:07.191405,0.4764585493891375,2026-03-15T17:15:08.010000,77,,,
participant_16,2,day,Town10HD_Opt,2026-03-15 17:15:09.227821,-38.53553771972656,74.30077362060547,0.0020380020141601,19.912,14.8,0.359,0.0,0,0,1,,1.0,2026-03-15T17:15:09.227821,neutral,0.808,2026-03-15T17:15:09.227821,0.4615822557738028,2026-03-15T17:15:09.045000,81,,,
participant_16,2,day,Town10HD_Opt,2026-03-15 17:15:10.179235,-35.9909782409668,71.8780517578125,0.0020416639745235,20.509,15.176,0.36,0.0,0,0,1,,1.0,2026-03-15T17:15:10.179235,neutral,0.808,2026-03-15T17:15:09.227821,0.5139016217590726,2026-03-15T17:15:10.035000,82,,,
participant_16,2,day,Town10HD_Opt,2026-03-15 17:15:11.099655,-32.80093002319336,70.17971801757812,0.0020392609294503,21.122,15.349,0.378,0.0,0,0,1,,0.823,2026-03-15T17:15:11.099655,neutral,0.808,2026-03-15T17:15:09.227821,0.5441030052937809,2026-03-15T17:15:11.070000,85,,,
participant_16,2,day,Town10HD_Opt,2026-03-15 17:15:12.038648,-29.13260269165039,69.38675689697266,0.0020311356056481,22.05,12.961,0.378,0.0,0,0,1,,1.0,2026-03-15T17:15:12.038648,neutral,0.98,2026-03-15T17:15:12.038648,0.493634411008524,2026-03-15T17:15:12.018000,87,,,errors=Solid line crossing
participant_16,2,day,Town10HD_Opt,2026-03-15 17:15:13.240471,-23.87496566772461,69.53799438476562,0.0020178603008389,23.157,-2.8,0.377,0.0,0,0,1,,1.0,2026-03-15T17:15:13.240471,neutral,0.98,2026-03-15T17:15:12.038648,0.4533394618706985,2026-03-15T17:15:13.005000,87,,,
participant_16,2,day,Town10HD_Opt,2026-03-15 17:15:14.132700,-19.76375198364257,69.52962493896484,0.0020214843098074,23.881,0.296,0.374,0.0,0,0,1,,1.0,2026-03-15T17:15:14.132700,neutral,0.71,2026-03-15T17:15:14.132700,0.5814239631964353,2026-03-15T17:15:14.176000,86,,,
participant_16,2,day,Town10HD_Opt,2026-03-15 17:15:15.025642,-15.53610897064209,69.49626922607422,0.002023696899414,24.454,0.512,0.375,0.0,0,0,1,,1.0,2026-03-15T17:15:15.025642,neutral,0.71,2026-03-15T17:15:14.132700,0.5526505732961776,2026-03-15T17:15:15.076000,85,,,
participant_16,2,day,Town10HD_Opt,2026-03-15 17:15:16.204549,-9.741596221923828,69.48806762695312,0.0020258713047951,25.221,0.611,0.376,0.0,0,0,1,,1.0,2026-03-15T17:15:16.204549,sad,0.692,2026-03-15T17:15:16.204549,0.5138883142889363,2026-03-15T17:15:16.066000,85,,,
participant_16,2,day,Town10HD_Opt,2026-03-15 17:15:17.105888,-5.289544582366943,69.5500259399414,0.0020278547890484,25.703,0.54,0.376,0.0,0,0,1,,1.0,2026-03-15T17:15:17.105888,sad,0.692,2026-03-15T17:15:16.204549,0.4840324780873313,2026-03-15T17:15:17.011000,82,,,
participant_16,2,day,Town10HD_Opt,2026-03-15 17:15:17.992981,-0.7588830590248108,69.6714859008789,0.002029571449384,26.128,0.437,0.376,0.0,0,0,1,,1.0,2026-03-15T17:15:17.992981,sad,0.692,2026-03-15T17:15:16.204549,0.4670927099724541,2026-03-15T17:15:18.046000,84,,,
participant_16,2,day,Town10HD_Opt,2026-03-15 17:15:19.215027,5.358680725097656,69.87349700927734,0.002095756586641,25.425,0.007,0.312,0.0,0,0,1,,1.0,2026-03-15T17:15:19.215027,sad,0.566,2026-03-15T17:15:19.215027,0.4877295848179639,2026-03-15T17:15:19.081000,84,,,
participant_16,2,day,Town10HD_Opt,2026-03-15 17:15:20.146962,9.711309432983398,70.01024627685547,0.0020648192148655,24.539,-0.548,0.333,0.0,0,0,1,,0.836,2026-03-15T17:15:20.146962,sad,0.566,2026-03-15T17:15:19.215027,0.5751175596205601,2026-03-15T17:15:20.026000,81,,,
participant_16,2,day,Town10HD_Opt,2026-03-15 17:15:21.077292,13.791876792907717,70.08642578125,0.0022057723253965,20.585,-0.797,0.0,0.0,0,0,1,,1.0,2026-03-15T17:15:21.077292,sad,0.566,2026-03-15T17:15:19.215027,0.4739199401418871,2026-03-15T17:15:21.151000,78,,,
participant_16,2,day,Town10HD_Opt,2026-03-15 17:15:22.268028,17.882728576660156,70.08063507080078,0.0020393752492964,14.512,-0.801,0.0,0.0,0,0,1,,1.0,2026-03-15T17:15:22.268028,sad,0.604,2026-03-15T17:15:22.268028,0.4785801403710951,2026-03-15T17:15:22.231000,77,,,
participant_16,2,day,Town10HD_Opt,2026-03-15 17:15:23.218870,20.138851165771484,70.04419708251953,0.0020314787980169,11.012,-0.712,0.0,0.037,0,0,1,,1.0,2026-03-15T17:15:23.218870,sad,0.604,2026-03-15T17:15:22.268028,0.5653913469114656,2026-03-15T17:15:23.041000,77,,,
participant_16,2,day,Town10HD_Opt,2026-03-15 17:15:24.086728,21.822900772094727,70.01146697998047,0.0020138549152761,8.039,-0.228,0.0,0.035,0,0,1,,1.0,2026-03-15T17:15:24.086728,sad,0.604,2026-03-15T17:15:22.268028,0.5030306027004151,2026-03-15T17:15:24.032000,77,,,
participant_16,2,day,Town10HD_Opt,2026-03-15 17:15:25.235252,23.18071746826172,69.98280334472656,0.0023498916998505,0.001,-0.296,0.0,0.057,0,0,1,,1.0,2026-03-15T17:15:25.235252,neutral,0.97,2026-03-15T17:15:25.235252,0.4154838573875697,2026-03-15T17:15:25.021000,77,,,
participant_16,2,day,Town10HD_Opt,2026-03-15 17:15:26.140629,23.18136405944824,69.9827880859375,0.0019358824938535,0.01,-0.327,0.0,0.0,0,0,1,,1.0,2026-03-15T17:15:26.140629,neutral,0.97,2026-03-15T17:15:25.235252,0.4609970406588535,2026-03-15T17:15:26.011000,78,,,
participant_16,2,day,Town10HD_Opt,2026-03-15 17:15:27.032032,23.18128776550293,69.9827880859375,0.0019188689766451,0.14,-0.352,0.271,0.0,0,0,1,,1.0,2026-03-15T17:15:27.032032,neutral,0.97,2026-03-15T17:15:25.235252,0.3909675805592779,2026-03-15T17:15:27.091000,75,,,
participant_16,2,day,Town10HD_Opt,2026-03-15 17:15:28.129986,23.684919357299805,69.97058868408203,0.0017329406691715,5.925,-0.463,0.464,0.0,0,0,1,,0.855,2026-03-15T17:15:28.129986,neutral,0.444,2026-03-15T17:15:28.129986,0.4344464858866941,2026-03-15T17:15:28.081000,75,,,
participant_16,2,day,Town10HD_Opt,2026-03-15 17:15:28.991593,25.217432022094727,69.9263916015625,0.0017270278185606,11.957,-0.768,0.479,0.0,0,0,1,,1.0,2026-03-15T17:15:28.991593,neutral,0.444,2026-03-15T17:15:28.129986,0.3413416317103704,2026-03-15T17:15:29.025000,76,,,
participant_16,2,day,Town10HD_Opt,2026-03-15 17:15:30.142693,28.73175048828125,69.70341491699219,0.0018199919722974,18.368,-6.047,0.469,0.0,0,0,1,,1.0,2026-03-15T17:15:30.142693,neutral,0.472,2026-03-15T17:15:30.142693,0.3741999410037873,2026-03-15T17:15:30.015000,76,,,
participant_16,2,day,Town10HD_Opt,2026-03-15 17:15:31.040265,31.95879173278809,69.10538482666016,0.0019747160840779,20.045,-10.0,0.466,0.0,0,0,1,,1.0,2026-03-15T17:15:31.040265,neutral,0.472,2026-03-15T17:15:30.142693,0.3755342289645313,2026-03-15T17:15:31.050000,74,,,
participant_16,2,day,Town10HD_Opt,2026-03-15 17:15:32.169251,36.61026763916016,67.10978698730469,0.0019691085908561,23.699,-11.501,0.459,0.0,0,0,1,,1.0,2026-03-15T17:15:32.169251,neutral,0.474,2026-03-15T17:15:32.169251,0.3273252170889598,2026-03-15T17:15:32.041000,74,,,
participant_16,2,day,Town10HD_Opt,2026-03-15 17:15:33.041586,39.9708251953125,64.40412902832031,0.0022927473764866,26.036,-12.609,0.459,0.0,0,0,1,,1.0,2026-03-15T17:15:33.041586,neutral,0.474,2026-03-15T17:15:32.169251,0.4005117690957711,2026-03-15T17:15:33.031000,74,,,
participant_16,2,day,Town10HD_Opt,2026-03-15 17:15:34.145402,43.34713745117188,59.07489776611328,0.0020084381103515,28.42,-12.517,0.367,0.0,0,0,1,phone_call,0.84,2026-03-15T17:15:34.145402,neutral,0.474,2026-03-15T17:15:32.169251,0.3363309138338714,2026-03-15T17:15:34.021000,77,,,
participant_16,2,day,Town10HD_Opt,2026-03-15 17:15:34.990817,44.42708206176758,54.35591125488281,0.0022007368970662,25.408,-9.837,0.0,0.0,0,0,1,,1.0,2026-03-15T17:15:34.990817,sad,0.498,2026-03-15T17:15:34.990817,0.3692594631904211,2026-03-15T17:15:35.011000,74,,,
participant_16,2,day,Town10HD_Opt,2026-03-15 17:15:36.095810,44.581878662109375,49.3406982421875,0.0020669174846261,17.594,0.602,0.0,0.0,0,0,1,,1.0,2026-03-15T17:15:36.095810,sad,0.498,2026-03-15T17:15:34.990817,0.4297907373157259,2026-03-15T17:15:36.226000,73,,,
participant_16,2,day,Town10HD_Opt,2026-03-15 17:15:37.200479,44.60707473754883,45.77680206298828,0.0020161818247288,13.041,-2.878,0.055,0.0,0,0,1,,1.0,2026-03-15T17:15:37.200479,fear,0.48,2026-03-15T17:15:37.200479,0.4188416927828233,2026-03-15T17:15:37.126000,72,,,errors=Solid line crossing
participant_16,2,day,Town10HD_Opt,2026-03-15 17:15:38.069046,44.53456878662109,43.67680740356445,0.0019709777552634,11.208,-0.355,0.214,0.0,0,0,1,,1.0,2026-03-15T17:15:38.069046,fear,0.48,2026-03-15T17:15:37.200479,0.4103838461101735,2026-03-15T17:15:38.026000,75,,,
participant_16,2,day,Town10HD_Opt,2026-03-15 17:15:39.169876,44.49665832519531,40.72887802124024,0.0018098830478265,14.985,6.623,0.365,0.0,0,0,1,,1.0,2026-03-15T17:15:39.169876,fear,0.48,2026-03-15T17:15:37.200479,0.4249299259443867,2026-03-15T17:15:39.016000,73,,,
participant_16,2,day,Town10HD_Opt,2026-03-15 17:15:40.003889,44.83572006225586,37.93071365356445,0.0018473434029147,17.442,10.531,0.363,0.0,0,0,1,,1.0,2026-03-15T17:15:40.003889,neutral,0.731,2026-03-15T17:15:40.003889,0.41247559825097,2026-03-15T17:15:40.006000,76,,,
participant_16,2,day,Town10HD_Opt,2026-03-15 17:15:41.202097,46.243431091308594,33.96868896484375,0.0020610045175999,18.34,17.656,0.349,0.0,0,0,1,,1.0,2026-03-15T17:15:41.202097,neutral,0.731,2026-03-15T17:15:40.003889,0.4562494752647043,2026-03-15T17:15:41.040000,75,,,
participant_16,2,day,Town10HD_Opt,2026-03-15 17:15:42.028678,48.25851058959961,31.383180618286133,0.0020483017433434,19.132,19.451,0.357,0.0,0,0,1,,1.0,2026-03-15T17:15:42.028678,neutral,0.92,2026-03-15T17:15:42.028678,0.5059629293541718,2026-03-15T17:15:42.031000,77,,,
participant_16,2,day,Town10HD_Opt,2026-03-15 17:15:43.118602,52.15290069580078,29.00978660583496,0.0020545576699078,20.064,19.039,0.343,0.0,0,0,1,,1.0,2026-03-15T17:15:43.118602,neutral,0.92,2026-03-15T17:15:42.028678,0.4700300404456917,2026-03-15T17:15:43.020000,79,,,
participant_16,2,day,Town10HD_Opt,2026-03-15 17:15:44.219005,56.84136581420898,28.02979278564453,0.0020304487552493,20.895,2.572,0.316,0.0,0,0,1,,1.0,2026-03-15T17:15:44.219005,happy,0.985,2026-03-15T17:15:44.219005,0.3992894387712263,2026-03-15T17:15:44.012000,80,,,
participant_16,2,day,Town10HD_Opt,2026-03-15 17:15:45.109085,60.425140380859375,27.324228286743164,0.0020598601549863,20.491,-0.085,0.29,0.0,0,0,1,,1.0,2026-03-15T17:15:45.109085,happy,0.985,2026-03-15T17:15:44.219005,0.4294335863159023,2026-03-15T17:15:45.046000,79,,,
participant_16,2,day,Town10HD_Opt,2026-03-15 17:15:46.193008,64.97832489013672,26.45467185974121,0.0021127318032085,18.382,5.004,0.201,0.0,0,0,1,,1.0,2026-03-15T17:15:46.193008,happy,0.985,2026-03-15T17:15:44.219005,0.3774446418510114,2026-03-15T17:15:46.036000,79,,,
participant_16,2,day,Town10HD_Opt,2026-03-15 17:15:47.004196,68.12938690185547,26.126039505004883,0.0018516540294513,17.84,4.31,0.216,0.0,0,0,1,,0.867,2026-03-15T17:15:47.004196,fear,0.712,2026-03-15T17:15:47.004196,0.4578465901651598,2026-03-15T17:15:47.026000,79,,,
participant_16,2,day,Town10HD_Opt,2026-03-15 17:15:48.132338,72.22831726074219,25.923004150390625,0.0018934630788862,18.026,0.757,0.419,0.0,0,0,1,,1.0,2026-03-15T17:15:48.132338,fear,0.712,2026-03-15T17:15:47.004196,0.4098034785074022,2026-03-15T17:15:48.151000,80,,,
participant_16,2,day,Town10HD_Opt,2026-03-15 17:15:49.196282,76.85228729248047,25.767730712890625,0.0016877364832907,26.47,0.757,1.0,0.0,0,0,1,,1.0,2026-03-15T17:15:49.196282,neutral,0.649,2026-03-15T17:15:49.196282,0.441333704743978,2026-03-15T17:15:49.006000,81,,,
participant_16,2,day,Town10HD_Opt,2026-03-15 17:15:50.002914,82.80767059326172,25.681352615356445,0.0015327071305364,41.759,0.75,1.0,0.0,0,0,1,,1.0,2026-03-15T17:15:50.002914,neutral,0.649,2026-03-15T17:15:49.196282,0.4226498659814888,2026-03-15T17:15:50.041000,79,,,
participant_16,2,day,Town10HD_Opt,2026-03-15 17:15:51.082956,93.98638153076172,24.35494613647461,0.0022385024931281,47.132,-15.714,0.61,0.0,0,0,1,,1.0,2026-03-15T17:15:51.082956,neutral,0.649,2026-03-15T17:15:49.196282,0.3082343409777666,2026-03-15T17:15:51.031000,76,,,
participant_16,2,day,Town10HD_Opt,2026-03-15 17:15:52.153734,101.591064453125,17.32453155517578,0.0023558044340461,39.944,-9.77,0.0,0.0,0,0,1,,1.0,2026-03-15T17:15:52.153734,neutral,0.488,2026-03-15T17:15:52.153734,0.4085012405622293,2026-03-15T17:15:52.021000,76,,,
participant_16,2,day,Town10HD_Opt,2026-03-15 17:15:53.199665,104.03472137451172,9.88836669921875,0.0023923492990434,26.487,-8.451,0.0,0.515,0,0,1,,1.0,2026-03-15T17:15:53.199665,neutral,0.488,2026-03-15T17:15:52.153734,0.4202361835818292,2026-03-15T17:15:53.011000,75,,,
participant_16,2,day,Town10HD_Opt,2026-03-15 17:15:54.000579,104.3229751586914,5.937180519104004,0.0022329711355268,19.704,7.361,0.506,0.0,0,0,1,,1.0,2026-03-15T17:15:54.000579,neutral,0.488,2026-03-15T17:15:52.153734,0.4262278805679464,2026-03-15T17:15:54.046000,75,,,
participant_16,2,day,Town10HD_Opt,2026-03-15 17:15:55.062907,105.27894592285156,0.6397122144699097,0.0015925597399473,31.887,-2.777,1.0,0.0,0,0,1,,1.0,2026-03-15T17:15:55.062907,neutral,0.572,2026-03-15T17:15:55.062907,0.3729595063987614,2026-03-15T17:15:55.036000,77,,,
participant_16,2,day,Town10HD_Opt,2026-03-15 17:15:56.101923,106.32318115234376,-8.949814796447754,0.0015594100113958,51.77,-0.806,0.0,0.177,0,0,1,,1.0,2026-03-15T17:15:56.101923,neutral,0.572,2026-03-15T17:15:55.062907,0.3570457820088465,2026-03-15T17:15:56.027000,77,,,
participant_16,2,day,Town10HD_Opt,2026-03-15 17:15:57.156254,107.15444946289062,-20.593753814697266,0.0019918822217732,49.91,2.482,0.613,0.0,0,0,1,,1.0,2026-03-15T17:15:57.156254,neutral,0.712,2026-03-15T17:15:57.156254,0.4176622038780662,2026-03-15T17:15:57.016000,80,,,
participant_16,2,day,Town10HD_Opt,2026-03-15 17:15:58.196362,107.802734375,-31.98075294494629,0.0020516205113381,48.311,-12.246,0.614,0.0,0,0,1,,1.0,2026-03-15T17:15:58.196362,neutral,0.712,2026-03-15T17:15:57.156254,0.4138086418500287,2026-03-15T17:15:58.051000,80,,,
participant_16,2,day,Town10HD_Opt,2026-03-15 17:15:58.994137,104.93032836914062,-40.12783432006836,0.0019150542793795,51.43,-3.869,0.0,0.143,0,0,1,,1.0,2026-03-15T17:15:58.994137,neutral,0.712,2026-03-15T17:15:57.156254,0.3922971823286236,2026-03-15T17:15:59.041000,80,,,
participant_16,2,day,Town10HD_Opt,2026-03-15 17:16:00.017719,98.4106216430664,-49.89418411254883,0.0021150589454919,49.526,-3.879,1.0,0.0,0,0,1,,1.0,2026-03-15T17:16:00.017719,happy,0.991,2026-03-15T17:16:00.017719,0.3876756892941889,2026-03-15T17:16:00.030000,79,,,
participant_16,2,day,Town10HD_Opt,2026-03-15 17:16:01.106417,90.04521179199219,-57.9643783569336,0.0022359467111527,48.049,-5.073,1.0,0.0,0,0,1,,1.0,2026-03-15T17:16:01.106417,happy,0.991,2026-03-15T17:16:00.017719,0.458845059327695,2026-03-15T17:16:01.020000,80,,,
participant_16,2,day,Town10HD_Opt,2026-03-15 17:16:02.146533,79.9744873046875,-63.65830612182617,0.0021069718059152,49.19,-5.04,0.901,0.0,0,0,1,,1.0,2026-03-15T17:16:02.146533,fear,0.39,2026-03-15T17:16:02.146533,0.3788720483951325,2026-03-15T17:16:02.012000,80,Solid line crossing,Solid line crossing,
participant_16,2,day,Town10HD_Opt,2026-03-15 17:16:03.212310,68.85969543457031,-66.61774444580078,0.002000541659072,49.523,-3.535,0.745,0.0,0,0,1,,1.0,2026-03-15T17:16:03.212310,fear,0.39,2026-03-15T17:16:02.146533,0.3865019069522186,2026-03-15T17:16:03.046000,82,,,
participant_16,2,day,Town10HD_Opt,2026-03-15 17:16:04.033076,60.13953399658203,-67.35989379882812,0.0020515441428869,50.359,-1.109,0.983,0.0,0,0,1,,1.0,2026-03-15T17:16:04.033076,fear,0.39,2026-03-15T17:16:02.146533,0.3185702858988868,2026-03-15T17:16:04.036000,85,,,
participant_16,2,day,Town10HD_Opt,2026-03-15 17:16:05.175794,48.43765640258789,-67.58495330810547,0.0019438171293586,51.074,0.273,0.0,0.107,0,0,1,,1.0,2026-03-15T17:16:05.175794,neutral,0.466,2026-03-15T17:16:05.175794,0.4415676215953003,2026-03-15T17:16:05.025000,84,,,
participant_16,2,day,Town10HD_Opt,2026-03-15 17:16:06.017589,39.7691535949707,-67.70663452148438,0.0020055389031767,49.861,-0.188,0.757,0.0,0,0,1,,1.0,2026-03-15T17:16:06.017589,neutral,0.466,2026-03-15T17:16:05.175794,0.415341726540431,2026-03-15T17:16:06.015000,86,,,
participant_16,2,day,Town10HD_Opt,2026-03-15 17:16:07.086754,28.118791580200195,-67.76066589355469,0.0018814849900081,52.02,-0.508,0.0,0.202,0,0,1,,1.0,2026-03-15T17:16:07.086754,neutral,0.466,2026-03-15T17:16:05.175794,0.4717344108351187,2026-03-15T17:16:07.006000,88,,,
participant_16,2,day,Town10HD_Opt,2026-03-15 17:16:08.152530,16.32568359375,-67.64421844482422,0.0019317626720294,50.865,0.693,0.0,0.0,0,0,1,,1.0,2026-03-15T17:16:08.152530,happy,0.949,2026-03-15T17:16:08.152530,0.3637293610059401,2026-03-15T17:16:08.086000,84,,,
participant_16,2,day,Town10HD_Opt,2026-03-15 17:16:09.261754,4.719172954559326,-67.7549819946289,0.0020153045188635,49.803,-0.392,0.687,0.0,0,0,1,,1.0,2026-03-15T17:16:09.261754,happy,0.949,2026-03-15T17:16:08.152530,0.3302535807452546,2026-03-15T17:16:09.031000,85,,,
participant_16,2,day,Town10HD_Opt,2026-03-15 17:16:10.089527,-3.6518943309783936,-67.76284790039062,0.0023028182331472,43.53,0.686,0.0,0.089,0,0,1,,1.0,2026-03-15T17:16:10.089527,happy,0.949,2026-03-15T17:16:08.152530,0.3421019848800309,2026-03-15T17:16:10.110000,83,,,
participant_16,2,day,Town10HD_Opt,2026-03-15 17:16:11.120668,-12.022292137145996,-67.8628921508789,0.0024062728043645,27.677,-0.367,0.0,0.478,0,0,1,,1.0,2026-03-15T17:16:11.120668,neutral,0.473,2026-03-15T17:16:11.120668,0.3950876226489032,2026-03-15T17:16:11.056000,82,,,
participant_16,2,day,Town10HD_Opt,2026-03-15 17:16:12.208073,-17.12787437438965,-67.90849304199219,0.0020782852079719,15.725,0.822,0.0,0.603,0,0,1,,1.0,2026-03-15T17:16:12.208073,neutral,0.473,2026-03-15T17:16:11.120668,0.3874185337108751,2026-03-15T17:16:12.046000,81,,,
participant_16,2,day,Town10HD_Opt,2026-03-15 17:16:13.218585,-19.67745590209961,-67.968505859375,0.002148475497961,3.384,0.674,0.0,0.761,0,0,1,,1.0,2026-03-15T17:16:13.218585,neutral,0.579,2026-03-15T17:16:13.218585,0.3317185796937809,2026-03-15T17:16:13.037000,82,,,
participant_16,2,day,Town10HD_Opt,2026-03-15 17:16:14.247490,-19.736557006835938,-67.97039031982422,0.0019335555844008,0.003,0.71,0.0,0.0,0,0,1,,1.0,2026-03-15T17:16:14.247490,neutral,0.579,2026-03-15T17:16:13.218585,0.3138351673988108,2026-03-15T17:16:14.026000,84,,,
participant_16,2,day,Town10HD_Opt,2026-03-15 17:16:15.018490,-19.736705780029297,-67.97039031982422,0.0019198989029973,0.0,0.63,0.0,0.0,0,0,1,,1.0,2026-03-15T17:16:15.018490,neutral,0.579,2026-03-15T17:16:13.218585,0.3511842671942956,2026-03-15T17:16:15.016000,85,Stop sign violation,stop_sign_id=1050,
participant_16,2,day,Town10HD_Opt,2026-03-15 17:16:16.020211,-19.736705780029297,-67.97039031982422,0.0019191741012036,0.0,0.515,0.0,0.0,0,0,1,,1.0,2026-03-15T17:16:16.020211,neutral,0.851,2026-03-15T17:16:16.020211,0.2880317011037115,2026-03-15T17:16:16.006000,83,,,
participant_16,2,day,Town10HD_Opt,2026-03-15 17:16:16.998493,-19.736705780029297,-67.97039031982422,0.0019192122854292,0.0,0.437,0.0,0.0,0,0,1,,1.0,2026-03-15T17:16:16.998493,neutral,0.851,2026-03-15T17:16:16.020211,0.2432381418856909,2026-03-15T17:16:17.041000,82,,,
participant_16,2,day,Town10HD_Opt,2026-03-15 17:16:18.217928,-19.736705780029297,-67.97036743164062,0.0019191741012036,0.0,0.392,0.0,0.0,0,0,1,,1.0,2026-03-15T17:16:18.217928,neutral,0.549,2026-03-15T17:16:18.217928,0.2058631572883419,2026-03-15T17:16:18.032000,81,,,
participant_16,2,day,Town10HD_Opt,2026-03-15 17:16:19.224550,-19.736705780029297,-67.97036743164062,0.0019191741012036,0.0,0.305,0.0,0.0,0,0,1,,1.0,2026-03-15T17:16:19.224550,neutral,0.549,2026-03-15T17:16:18.217928,0.2519340841376442,2026-03-15T17:16:19.022000,78,,,
participant_16,2,day,Town10HD_Opt,2026-03-15 17:16:19.990493,-19.736705780029297,-67.97039031982422,0.0019192122854292,0.0,0.301,0.0,0.0,0,0,1,,1.0,2026-03-15T17:16:19.990493,neutral,0.549,2026-03-15T17:16:18.217928,0.1800563251147439,2026-03-15T17:16:20.011000,81,,,
participant_16,2,day,Town10HD_Opt,2026-03-15 17:16:21.032678,-19.736705780029297,-67.97039031982422,0.0019192122854292,0.0,0.298,0.0,0.0,0,0,1,phone_call,0.808,2026-03-15T17:16:21.032678,happy,0.998,2026-03-15T17:16:21.032678,0.1907034266227877,2026-03-15T17:16:21.047000,79,,,
participant_16,2,day,Town10HD_Opt,2026-03-15 17:16:22.032698,-20.90908432006836,-67.9990463256836,0.0014028549194335,15.445,0.31,1.0,0.0,0,0,1,,1.0,2026-03-15T17:16:22.032698,happy,0.998,2026-03-15T17:16:21.032678,0.2467339131135577,2026-03-15T17:16:22.036000,81,,,
participant_16,2,day,Town10HD_Opt,2026-03-15 17:16:23.065966,-26.561674118041992,-68.16566467285156,0.0014972304925322,35.551,0.266,1.0,0.0,0,0,1,,1.0,2026-03-15T17:16:23.065966,sad,0.404,2026-03-15T17:16:23.065966,0.329405538377223,2026-03-15T17:16:23.027000,81,,,
participant_16,2,day,Town10HD_Opt,2026-03-15 17:16:24.103955,-36.98517990112305,-68.6085205078125,0.0016445540823042,52.768,-0.153,0.0,0.298,0,0,1,,1.0,2026-03-15T17:16:24.103955,sad,0.404,2026-03-15T17:16:23.065966,0.233612873897099,2026-03-15T17:16:24.016000,81,,,
participant_16,2,day,Town10HD_Opt,2026-03-15 17:16:25.144119,-48.81930541992188,-69.06851196289062,0.0019297408871352,51.205,-0.508,0.0,0.177,0,0,1,,1.0,2026-03-15T17:16:25.144119,neutral,0.861,2026-03-15T17:16:25.144119,0.3519669740103972,2026-03-15T17:16:25.006000,82,,,
participant_16,2,day,Town10HD_Opt,2026-03-15 17:16:26.235127,-60.60404968261719,-69.2284927368164,0.0020515059586614,50.473,-0.418,0.0,0.164,0,0,1,,1.0,2026-03-15T17:16:26.235127,neutral,0.861,2026-03-15T17:16:25.144119,0.3546577164310157,2026-03-15T17:16:26.041000,81,,,
participant_16,2,day,Town10HD_Opt,2026-03-15 17:16:27.057195,-69.39789581298828,-69.16748809814453,0.002018432598561,49.747,-2.2,1.0,0.0,0,0,1,,1.0,2026-03-15T17:16:27.057195,neutral,0.861,2026-03-15T17:16:25.144119,0.3019828944638558,2026-03-15T17:16:27.032000,86,,,
participant_16,2,day,Town10HD_Opt,2026-03-15 17:16:28.103608,-80.90795135498047,-67.65120697021484,0.0021955871488898,48.204,-7.097,1.0,0.0,0,0,1,,1.0,2026-03-15T17:16:28.103608,happy,0.992,2026-03-15T17:16:28.103608,0.3772066702146968,2026-03-15T17:16:28.022000,85,,,
participant_16,2,day,Town10HD_Opt,2026-03-15 17:16:29.144746,-91.40148162841795,-62.74535369873047,0.0022235107608139,48.387,-4.792,1.0,0.0,0,0,1,,1.0,2026-03-15T17:16:29.144746,happy,0.992,2026-03-15T17:16:28.103608,0.3514093704845766,2026-03-15T17:16:29.011000,85,,,
participant_16,2,day,Town10HD_Opt,2026-03-15 17:16:30.207758,-100.033447265625,-54.91097640991211,0.0019836807623505,51.237,-4.414,0.0,0.124,0,0,1,,1.0,2026-03-15T17:16:30.207758,neutral,0.53,2026-03-15T17:16:30.207758,0.3645184973711348,2026-03-15T17:16:30.045000,85,,,
participant_16,2,day,Town10HD_Opt,2026-03-15 17:16:31.039110,-105.10195922851562,-47.81790542602539,0.0020453261677175,49.903,-4.03,1.0,0.0,0,0,1,,1.0,2026-03-15T17:16:31.039110,neutral,0.53,2026-03-15T17:16:30.207758,0.4435560142987685,2026-03-15T17:16:31.036000,86,,,
participant_16,2,day,Town10HD_Opt,2026-03-15 17:16:32.096706,-109.93024444580078,-37.11251068115234,0.0018830108456313,51.668,-4.011,0.0,0.191,0,0,1,,1.0,2026-03-15T17:16:32.096706,neutral,0.53,2026-03-15T17:16:30.207758,0.3912465322451157,2026-03-15T17:16:32.027000,84,,,
participant_16,2,day,Town10HD_Opt,2026-03-15 17:16:33.208580,-112.0103759765625,-25.582836151123047,0.0021356963552534,49.14,-11.878,1.0,0.0,0,0,1,,1.0,2026-03-15T17:16:33.208580,neutral,0.628,2026-03-15T17:16:33.208580,0.3893005288935579,2026-03-15T17:16:33.016000,82,,,
participant_16,2,day,Town10HD_Opt,2026-03-15 17:16:34.060047,-110.35541534423828,-16.991228103637695,0.0020591353531926,49.878,8.577,1.0,0.0,0,0,1,,1.0,2026-03-15T17:16:34.060047,neutral,0.628,2026-03-15T17:16:33.208580,0.3957253317143968,2026-03-15T17:16:34.006000,86,,,
participant_16,2,day,Town10HD_Opt,2026-03-15 17:16:35.132899,-110.0819320678711,-5.386935234069824,0.0022543715313076,47.555,-4.365,0.968,0.0,0,0,1,,1.0,2026-03-15T17:16:35.132899,neutral,0.628,2026-03-15T17:16:33.208580,0.4481775358287634,2026-03-15T17:16:35.041000,85,,,
participant_16,2,day,Town10HD_Opt,2026-03-15 17:16:36.195740,-109.36406707763672,6.097555637359619,0.0021776580251753,48.764,-5.34,0.949,0.0,0,0,1,,1.0,2026-03-15T17:16:36.195740,neutral,0.788,2026-03-15T17:16:36.195740,0.3862257566432402,2026-03-15T17:16:36.031000,82,,,
participant_16,2,day,Town10HD_Opt,2026-03-15 17:16:37.042577,-106.22235107421876,14.252289772033691,0.0021898269187659,48.287,-7.722,0.99,0.0,0,0,1,,1.0,2026-03-15T17:16:37.042577,neutral,0.788,2026-03-15T17:16:36.195740,0.4275989952053967,2026-03-15T17:16:37.022000,82,,,
participant_16,2,day,Town10HD_Opt,2026-03-15 17:16:38.165321,-99.28074645996094,23.23142433166504,0.0023917388170957,42.995,-11.269,0.335,0.439,0,0,1,,1.0,2026-03-15T17:16:38.165321,neutral,0.788,2026-03-15T17:16:36.195740,0.4279031339649967,2026-03-15T17:16:38.146000,83,,,
participant_16,2,day,Town10HD_Opt,2026-03-15 17:16:39.055006,-93.87674713134766,27.6494083404541,0.0021219635382294,39.12,2.073,0.812,0.0,0,0,1,,1.0,2026-03-15T17:16:39.055006,neutral,0.39,2026-03-15T17:16:39.055006,0.3299925186218603,2026-03-15T17:16:39.047000,80,,,errors=Collision
participant_16,2,day,Town10HD_Opt,2026-03-15 17:16:40.223337,-88.4037094116211,31.696823120117188,0.0379652380943298,7.73,-10.446,0.961,0.0,0,0,1,,1.0,2026-03-15T17:16:40.223337,neutral,0.39,2026-03-15T17:16:39.055006,0.4407884485011871,2026-03-15T17:16:40.037000,84,,,
participant_16,2,day,Town10HD_Opt,2026-03-15 17:16:41.115774,-88.20500946044922,31.74431800842285,0.0408617779612541,0.02,-16.86,0.0,0.0,0,0,1,,1.0,2026-03-15T17:16:41.115774,happy,1.0,2026-03-15T17:16:41.115774,0.4456136454112337,2026-03-15T17:16:41.027000,80,,,
participant_16,2,day,Town10HD_Opt,2026-03-15 17:16:42.258592,-88.20637512207031,31.743343353271484,0.0372180938720703,0.006,-0.179,0.0,0.0,0,0,1,,1.0,2026-03-15T17:16:42.258592,happy,1.0,2026-03-15T17:16:41.115774,0.4227482911046183,2026-03-15T17:16:42.016000,79,,,
participant_16,2,day,Town10HD_Opt,2026-03-15 17:16:43.115744,-88.20674896240234,31.74321937561035,0.0370191186666488,0.0,-0.284,0.0,0.0,0,0,1,,1.0,2026-03-15T17:16:43.115744,happy,1.0,2026-03-15T17:16:41.115774,0.3774549201081938,2026-03-15T17:16:43.097000,76,,,
participant_16,2,day,Town10HD_Opt,2026-03-15 17:16:44.021016,-88.20680236816406,31.74322891235352,0.0370132066309452,0.005,0.132,0.0,0.0,0,0,1,,1.0,2026-03-15T17:16:44.021016,sad,0.668,2026-03-15T17:16:44.021016,0.3629545688760623,2026-03-15T17:16:44.041000,79,,,
participant_16,2,day,Town10HD_Opt,2026-03-15 17:16:45.130569,-88.20674896240234,31.74329948425293,0.0370129011571407,0.005,0.204,0.0,0.0,0,0,1,phone_call,0.862,2026-03-15T17:16:45.130569,sad,0.668,2026-03-15T17:16:44.021016,0.3929858255252988,2026-03-15T17:16:45.031000,76,,,
participant_16,2,day,Town10HD_Opt,2026-03-15 17:16:46.016871,-88.20679473876953,31.74326515197754,0.0370133593678474,0.001,0.388,0.0,0.0,0,1,-1,,1.0,2026-03-15T17:16:46.016871,sad,0.668,2026-03-15T17:16:44.021016,0.3258323392248701,2026-03-15T17:16:46.021000,76,,,
participant_16,2,day,Town10HD_Opt,2026-03-15 17:16:47.107034,-88.38532257080078,31.6572494506836,0.0372904203832149,5.05,8.78,0.66,0.0,0,1,-1,,1.0,2026-03-15T17:16:47.107034,fear,0.999,2026-03-15T17:16:47.107034,0.4132367946429195,2026-03-15T17:16:47.056000,77,,,
participant_16,2,day,Town10HD_Opt,2026-03-15 17:16:48.204916,-90.1156234741211,30.84343147277832,0.0025500487536191,8.633,10.781,0.0,0.0,0,1,-1,,1.0,2026-03-15T17:16:48.204916,fear,0.999,2026-03-15T17:16:47.107034,0.3461622607185752,2026-03-15T17:16:48.048000,81,,,
participant_16,2,day,Town10HD_Opt,2026-03-15 17:16:49.143080,-91.15792846679688,30.54280471801757,0.0018560790922492,5.56,-21.613,0.743,0.0,0,1,-1,,1.0,2026-03-15T17:16:49.143080,neutral,0.671,2026-03-15T17:16:49.143080,0.4105919158103381,2026-03-15T17:16:49.036000,83,,,
participant_16,2,day,Town10HD_Opt,2026-03-15 17:16:50.011238,-92.8980484008789,30.147924423217773,0.0022671509068459,16.143,-36.133,0.869,0.0,0,1,-1,,1.0,2026-03-15T17:16:50.011238,neutral,0.671,2026-03-15T17:16:49.143080,0.3802747941876108,2026-03-15T17:16:50.026000,83,,,
participant_16,2,day,Town10HD_Opt,2026-03-15 17:16:51.146917,-94.93992614746094,28.68854141235352,0.0012265014229342,0.004,-0.035,0.0,0.488,0,0,1,,1.0,2026-03-15T17:16:51.146917,happy,0.99,2026-03-15T17:16:51.146917,0.4121788351980263,2026-03-15T17:16:51.061000,84,Solid line crossing,Solid line crossing,
participant_16,2,day,Town10HD_Opt,2026-03-15 17:16:52.027562,-94.93209075927734,28.69634437561035,0.0018877410329878,0.334,-11.221,0.363,0.0,0,0,1,,1.0,2026-03-15T17:16:52.027562,happy,0.99,2026-03-15T17:16:51.146917,0.3771821651751885,2026-03-15T17:16:52.052000,84,,,
participant_16,2,day,Town10HD_Opt,2026-03-15 17:16:53.184414,-93.6293716430664,29.63869285583496,0.0014263534685596,17.268,-17.388,0.889,0.0,0,0,1,,1.0,2026-03-15T17:16:53.184414,happy,0.999,2026-03-15T17:16:53.184414,0.3929972423248295,2026-03-15T17:16:53.041000,84,,,
participant_16,2,day,Town10HD_Opt,2026-03-15 17:16:54.050491,-90.1271743774414,31.006818771362305,0.0019043349893763,26.864,-25.424,0.757,0.0,0,0,1,phone_call,0.849,2026-03-15T17:16:54.050491,happy,0.999,2026-03-15T17:16:53.184414,0.3677531416709476,2026-03-15T17:16:54.031000,85,,,errors=Solid line crossing
participant_16,2,day,Town10HD_Opt,2026-03-15 17:16:55.163257,-83.20106506347656,29.220531463623047,0.0019027709495276,35.26,1.951,0.0,0.0,0,0,1,,1.0,2026-03-15T17:16:55.163257,happy,0.999,2026-03-15T17:16:53.184414,0.4066467396549377,2026-03-15T17:16:55.021000,86,,,
participant_16,2,day,Town10HD_Opt,2026-03-15 17:16:56.270440,-76.76235961914062,26.734548568725582,0.0024095154367387,22.704,20.004,0.0,0.46,0,0,1,,1.0,2026-03-15T17:16:56.270440,neutral,0.892,2026-03-15T17:16:56.270440,0.43313662636957,2026-03-15T17:16:56.056000,86,,,
participant_16,2,day,Town10HD_Opt,2026-03-15 17:16:57.140193,-73.48131561279297,26.888322830200195,0.0020890426822006,14.707,-2.588,0.0,0.363,0,0,1,,1.0,2026-03-15T17:16:57.140193,neutral,0.892,2026-03-15T17:16:56.270440,0.4445658547440076,2026-03-15T17:16:57.047000,83,,,
participant_16,2,day,Town10HD_Opt,2026-03-15 17:16:58.271824,-70.84941864013672,26.97150421142578,0.0020898818038403,7.506,0.74,0.0,0.552,0,0,1,,1.0,2026-03-15T17:16:58.271824,neutral,0.765,2026-03-15T17:16:58.271824,0.381637341267092,2026-03-15T17:16:58.036000,85,,,
participant_16,2,day,Town10HD_Opt,2026-03-15 17:16:59.139164,-70.46477508544922,26.98812484741211,0.0020182419102638,0.0,-0.026,0.0,0.49,0,0,1,,1.0,2026-03-15T17:16:59.139164,neutral,0.765,2026-03-15T17:16:58.271824,0.2898907102144068,2026-03-15T17:16:59.117000,86,,,
participant_16,2,day,Town10HD_Opt,2026-03-15 17:17:00.238217,-70.46331024169922,26.98815155029297,0.0019203185802325,0.001,-0.211,0.0,0.0,0,0,1,,1.0,2026-03-15T17:17:00.238217,neutral,0.765,2026-03-15T17:16:58.271824,0.3761420352999098,2026-03-15T17:17:00.107000,88,,,
participant_16,2,day,Town10HD_Opt,2026-03-15 17:17:01.136199,-70.46327209472656,26.98815155029297,0.0019189452286809,0.006,-0.463,0.0,0.0,0,0,1,,1.0,2026-03-15T17:17:01.136199,neutral,0.985,2026-03-15T17:17:01.136199,0.4240603636527759,2026-03-15T17:17:01.052000,87,,,
participant_16,2,day,Town10HD_Opt,2026-03-15 17:17:01.990976,-70.46331787109375,26.98815155029297,0.0019187927246093,0.006,-0.482,0.0,0.0,0,0,1,,1.0,2026-03-15T17:17:01.990976,neutral,0.985,2026-03-15T17:17:01.136199,0.4370421472337822,2026-03-15T17:17:02.041000,86,,,
participant_16,2,day,Town10HD_Opt,2026-03-15 17:17:03.111266,-70.46318817138672,26.98815155029297,0.0019187545403838,0.006,-0.503,0.0,0.0,0,0,1,,1.0,2026-03-15T17:17:03.111266,neutral,0.985,2026-03-15T17:17:01.136199,0.4723939618077397,2026-03-15T17:17:03.031000,87,,,
participant_16,2,day,Town10HD_Opt,2026-03-15 17:17:04.248361,-70.46305847167969,26.98815155029297,0.0019187545403838,0.006,-0.519,0.0,0.0,0,0,1,,1.0,2026-03-15T17:17:04.248361,happy,0.896,2026-03-15T17:17:04.248361,0.3696817970235551,2026-03-15T17:17:04.022000,85,,,
participant_16,2,day,Town10HD_Opt,2026-03-15 17:17:05.169071,-70.46295928955078,26.98815155029297,0.0019190596649423,0.002,-0.517,0.0,0.0,0,0,1,,1.0,2026-03-15T17:17:05.169071,happy,0.896,2026-03-15T17:17:04.248361,0.4584453328569672,2026-03-15T17:17:05.057000,86,,,
participant_16,2,day,Town10HD_Opt,2026-03-15 17:17:06.046204,-70.4627456665039,26.98815155029297,0.0019192504696547,0.001,-0.491,0.0,0.0,0,0,1,,1.0,2026-03-15T17:17:06.046204,happy,0.896,2026-03-15T17:17:04.248361,0.3837790084496753,2026-03-15T17:17:06.092000,87,,,
participant_16,2,day,Town10HD_Opt,2026-03-15 17:17:07.151213,-70.46263885498047,26.98815155029297,0.0019192122854292,0.001,-0.519,0.0,0.0,0,0,1,,1.0,2026-03-15T17:17:07.151213,neutral,0.683,2026-03-15T17:17:07.151213,0.409296898471521,2026-03-15T17:17:07.081000,84,,,
participant_16,2,day,Town10HD_Opt,2026-03-15 17:17:08.085060,-70.46248626708984,26.98815155029297,0.0019189452286809,0.006,-0.54,0.0,0.0,0,0,1,,1.0,2026-03-15T17:17:08.085060,neutral,0.683,2026-03-15T17:17:07.151213,0.4042363456184171,2026-03-15T17:17:08.027000,83,,,
participant_16,2,day,Town10HD_Opt,2026-03-15 17:17:09.244177,-70.46234893798828,26.98815155029297,0.0019189452286809,0.006,-0.519,0.0,0.0,0,0,1,,1.0,2026-03-15T17:17:09.244177,sad,0.391,2026-03-15T17:17:09.244177,0.4536900312943536,2026-03-15T17:17:09.061000,81,,,
participant_16,2,day,Town10HD_Opt,2026-03-15 17:17:10.137943,-70.46239471435547,26.98815155029297,0.0019187927246093,0.006,-0.519,0.0,0.0,0,0,1,,0.836,2026-03-15T17:17:10.137943,sad,0.391,2026-03-15T17:17:09.244177,0.3608164229261875,2026-03-15T17:17:10.052000,80,,,
participant_16,2,day,Town10HD_Opt,2026-03-15 17:17:11.001641,-70.46240234375,26.98815155029297,0.0019189452286809,0.002,-0.143,0.0,0.0,0,0,1,,1.0,2026-03-15T17:17:11.001641,sad,0.391,2026-03-15T17:17:09.244177,0.3879978818405299,2026-03-15T17:17:11.043000,80,,,
participant_16,2,day,Town10HD_Opt,2026-03-15 17:17:12.098530,-70.46228790283203,26.98815155029297,0.0019189452286809,0.007,-0.501,0.0,0.0,0,0,1,,1.0,2026-03-15T17:17:12.098530,sad,0.397,2026-03-15T17:17:12.098530,0.4768498719054606,2026-03-15T17:17:12.032000,84,,,
participant_16,2,day,Town10HD_Opt,2026-03-15 17:17:13.217476,-70.46217346191406,26.98815155029297,0.0019189452286809,0.002,-0.907,0.0,0.0,0,0,1,,1.0,2026-03-15T17:17:13.217476,sad,0.397,2026-03-15T17:17:12.098530,0.4592759054946396,2026-03-15T17:17:13.021000,84,,,
participant_16,2,day,Town10HD_Opt,2026-03-15 17:17:14.069770,-70.46199798583984,26.98815155029297,0.001919021597132,0.002,-0.399,0.0,0.0,0,0,1,,1.0,2026-03-15T17:17:14.069770,sad,0.397,2026-03-15T17:17:12.098530,0.5358057567258495,2026-03-15T17:17:14.101000,81,,,
participant_16,2,day,Town10HD_Opt,2026-03-15 17:17:15.171595,-70.4618911743164,26.98815155029297,0.001919021597132,0.002,-0.106,0.0,0.0,0,0,1,,1.0,2026-03-15T17:17:15.171595,sad,0.488,2026-03-15T17:17:15.171595,0.5973632982004227,2026-03-15T17:17:15.091000,83,,,
participant_16,2,day,Town10HD_Opt,2026-03-15 17:17:16.005700,-70.4616470336914,26.98815155029297,0.0019191741012036,0.001,-0.092,0.0,0.0,0,0,1,,1.0,2026-03-15T17:17:16.005700,sad,0.488,2026-03-15T17:17:15.171595,0.6485612681083781,2026-03-15T17:17:16.036000,83,,,
participant_16,2,day,Town10HD_Opt,2026-03-15 17:17:17.092218,-70.4615478515625,26.98815155029297,0.0019191741012036,0.001,-0.157,0.0,0.0,0,0,1,,1.0,2026-03-15T17:17:17.092218,sad,0.488,2026-03-15T17:17:15.171595,0.5696467802776595,2026-03-15T17:17:17.072000,79,,,
participant_16,2,day,Town10HD_Opt,2026-03-15 17:17:18.174029,-69.9535903930664,27.007795333862305,0.0015646743122488,9.04,-0.275,1.0,0.0,0,0,1,,1.0,2026-03-15T17:17:18.174029,neutral,0.731,2026-03-15T17:17:18.174029,0.5619063388661044,2026-03-15T17:17:18.016000,78,,,
participant_16,2,day,Town10HD_Opt,2026-03-15 17:17:19.003754,-67.1563491821289,27.11639404296875,0.0017364883096888,22.873,-0.061,0.926,0.0,0,0,1,,1.0,2026-03-15T17:17:19.003754,neutral,0.731,2026-03-15T17:17:18.174029,0.5919792401198706,2026-03-15T17:17:19.051000,76,,,
participant_16,2,day,Town10HD_Opt,2026-03-15 17:17:20.150492,-60.30301284790039,27.359840393066406,0.0017802810762077,35.337,-0.195,0.682,0.0,0,0,1,,1.0,2026-03-15T17:17:20.150492,neutral,0.731,2026-03-15T17:17:18.174029,0.5582889873788526,2026-03-15T17:17:20.041000,73,,,
participant_16,2,day,Town10HD_Opt,2026-03-15 17:17:21.256980,-51.08756637573242,27.589962005615234,0.0018406294984743,43.954,-1.039,0.681,0.0,0,0,1,,1.0,2026-03-15T17:17:21.256980,sad,0.755,2026-03-15T17:17:21.256980,0.456730937939498,2026-03-15T17:17:21.032000,74,,,
participant_16,2,day,Town10HD_Opt,2026-03-15 17:17:22.124870,-42.95951461791992,27.51268196105957,0.0018689346034079,49.325,-0.237,0.67,0.0,0,0,1,,1.0,2026-03-15T17:17:22.124870,sad,0.755,2026-03-15T17:17:21.256980,0.3963885444683099,2026-03-15T17:17:22.021000,75,,,
participant_16,2,day,Town10HD_Opt,2026-03-15 17:17:23.249647,-31.369916915893555,27.18701362609864,0.0019953537266701,50.098,3.153,0.667,0.0,0,0,1,,1.0,2026-03-15T17:17:23.249647,sad,0.755,2026-03-15T17:17:21.256980,0.4066995964466223,2026-03-15T17:17:23.057000,76,,,
participant_16,2,day,Town10HD_Opt,2026-03-15 17:17:24.072983,-22.71222686767578,27.65755844116211,0.0020593642257153,49.236,1.678,0.667,0.0,0,0,1,,1.0,2026-03-15T17:17:24.072983,neutral,0.598,2026-03-15T17:17:24.072983,0.3824693866181352,2026-03-15T17:17:24.092000,78,,,
participant_16,2,day,Town10HD_Opt,2026-03-15 17:17:25.128570,-11.192824363708496,28.691267013549805,0.0020228957291692,49.627,-2.956,0.656,0.0,0,0,1,,1.0,2026-03-15T17:17:25.128570,neutral,0.598,2026-03-15T17:17:24.072983,0.320926015275299,2026-03-15T17:17:25.036000,80,,,
participant_16,2,day,Town10HD_Opt,2026-03-15 17:17:26.182249,0.3401188850402832,28.51344490051269,0.0020881271921098,48.237,-0.409,0.419,0.0,0,0,1,,1.0,2026-03-15T17:17:26.182249,happy,0.978,2026-03-15T17:17:26.182249,0.3218445101730017,2026-03-15T17:17:26.026000,80,,,
participant_16,2,day,Town10HD_Opt,2026-03-15 17:17:27.254669,11.229135513305664,27.53389549255371,0.002152023371309,44.642,-1.194,0.186,0.0,0,0,1,,1.0,2026-03-15T17:17:27.254669,happy,0.978,2026-03-15T17:17:26.182249,0.2669982113430614,2026-03-15T17:17:27.017000,80,,,
participant_16,2,day,Town10HD_Opt,2026-03-15 17:17:28.070688,18.34258079528809,26.506954193115234,0.0023144530132412,36.545,9.554,0.098,0.0,0,0,1,,1.0,2026-03-15T17:17:28.070688,happy,0.978,2026-03-15T17:17:26.182249,0.2974872949138376,2026-03-15T17:17:28.051000,81,,,
participant_16,2,day,Town10HD_Opt,2026-03-15 17:17:29.139141,25.888734817504883,27.73247337341309,0.0020387268159538,32.954,4.145,0.729,0.0,0,0,1,,1.0,2026-03-15T17:17:29.139141,neutral,0.769,2026-03-15T17:17:29.139141,0.3456201111509288,2026-03-15T17:17:29.042000,79,,,
participant_16,2,day,Town10HD_Opt,2026-03-15 17:17:30.260676,34.02626037597656,31.46512222290039,0.001643524155952,46.682,17.301,0.896,0.0,0,0,1,,1.0,2026-03-15T17:17:30.260676,neutral,0.769,2026-03-15T17:17:29.139141,0.3632552229843748,2026-03-15T17:17:30.031000,81,,,
participant_16,2,day,Town10HD_Opt,2026-03-15 17:17:31.152764,39.45380783081055,38.0037956237793,0.0021345901768654,48.006,13.745,0.595,0.0,0,0,1,,1.0,2026-03-15T17:17:31.152764,neutral,0.75,2026-03-15T17:17:31.152764,0.3487875068952468,2026-03-15T17:17:31.022000,79,,,
participant_16,2,day,Town10HD_Opt,2026-03-15 17:17:32.249443,40.67469024658203,47.980125427246094,0.0024412535130977,35.013,1.011,0.0,0.885,0,0,1,,1.0,2026-03-15T17:17:32.249443,neutral,0.75,2026-03-15T17:17:31.152764,0.4046223786468849,2026-03-15T17:17:32.057000,78,,,errors=Harsh braking
participant_16,2,day,Town10HD_Opt,2026-03-15 17:17:33.050031,40.6743278503418,52.97196578979492,0.0024761199019849,21.214,-2.278,0.0,1.0,0,0,1,,1.0,2026-03-15T17:17:33.050031,neutral,0.75,2026-03-15T17:17:31.152764,0.4561334493206348,2026-03-15T17:17:33.047000,76,,,errors=Stop sign violation
participant_16,2,day,Town10HD_Opt,2026-03-15 17:17:34.059231,40.711692810058594,54.20360565185547,0.0020135117229074,0.0,-2.875,0.0,1.0,0,0,1,,1.0,2026-03-15T17:17:34.059231,angry,0.833,2026-03-15T17:17:34.059231,0.4173968677347801,2026-03-15T17:17:34.037000,79,,,
participant_16,2,day,Town10HD_Opt,2026-03-15 17:17:35.114856,40.711692810058594,54.20374298095703,0.001921119634062,0.001,-1.347,0.0,0.0,0,0,1,,1.0,2026-03-15T17:17:35.114856,angry,0.833,2026-03-15T17:17:34.059231,0.4612994901976093,2026-03-15T17:17:35.027000,78,,,
participant_16,2,day,Town10HD_Opt,2026-03-15 17:17:36.124590,40.711692810058594,54.20375061035156,0.0019192504696547,0.001,-1.335,0.0,0.0,0,0,1,,1.0,2026-03-15T17:17:36.124590,happy,1.0,2026-03-15T17:17:36.124590,0.4052076222425674,2026-03-15T17:17:36.016000,80,,,
participant_16,2,day,Town10HD_Opt,2026-03-15 17:17:37.109218,40.711692810058594,54.20375061035156,0.0019190596649423,0.001,-1.316,0.0,0.0,0,0,1,,1.0,2026-03-15T17:17:37.109218,happy,1.0,2026-03-15T17:17:36.124590,0.3795871955088244,2026-03-15T17:17:37.052000,79,,,
participant_16,2,day,Town10HD_Opt,2026-03-15 17:17:38.088012,40.73980331420898,54.71484756469727,0.0014677428407594,10.467,-1.333,1.0,0.0,0,0,1,,1.0,2026-03-15T17:17:38.088012,happy,1.0,2026-03-15T17:17:36.124590,0.4187570550830137,2026-03-15T17:17:38.042000,81,,,
participant_16,2,day,Town10HD_Opt,2026-03-15 17:17:39.077314,41.06023406982422,59.28144073486328,0.0015468597412109,31.431,-2.744,1.0,0.0,0,0,1,,1.0,2026-03-15T17:17:39.077314,happy,0.959,2026-03-15T17:17:39.077314,0.4444143546727337,2026-03-15T17:17:39.031000,82,,,
participant_16,2,day,Town10HD_Opt,2026-03-15 17:17:40.089285,43.38501739501953,68.18789672851562,0.0016209792811423,49.207,-19.246,1.0,0.0,0,0,1,,1.0,2026-03-15T17:17:40.089285,happy,0.959,2026-03-15T17:17:39.077314,0.3845498566588418,2026-03-15T17:17:40.022000,81,,,errors=Stop sign violation | Collision
participant_16,2,day,Town10HD_Opt,2026-03-15 17:17:41.120623,50.94237518310547,73.05785369873047,-0.0008772277506068,35.564,-12.299,0.0,0.0,0,0,1,,1.0,2026-03-15T17:17:41.120623,happy,0.706,2026-03-15T17:17:41.120623,0.3511059083073515,2026-03-15T17:17:41.195000,80,,,
participant_16,2,day,Town10HD_Opt,2026-03-15 17:17:42.152893,58.437835693359375,72.03250122070312,0.0021191786509007,30.113,5.354,0.381,0.0,0,0,1,,1.0,2026-03-15T17:17:42.152893,happy,0.706,2026-03-15T17:17:41.120623,0.4673964434930505,2026-03-15T17:17:42.047000,80,,,
participant_16,2,day,Town10HD_Opt,2026-03-15 17:17:43.170246,65.38771057128906,71.38214874267578,0.0020847702398896,29.022,1.72,0.183,0.0,0,0,1,,1.0,2026-03-15T17:17:43.170246,happy,0.999,2026-03-15T17:17:43.170246,0.5186396707518349,2026-03-15T17:17:43.036000,82,,,
participant_16,2,day,Town10HD_Opt,2026-03-15 17:17:44.095858,70.14576721191406,71.23678588867188,0.0022307967301458,24.021,-0.881,0.0,0.0,0,0,1,,1.0,2026-03-15T17:17:44.095858,happy,0.999,2026-03-15T17:17:43.170246,0.4585346880392337,2026-03-15T17:17:44.026000,82,,,
participant_16,2,day,Town10HD_Opt,2026-03-15 17:17:45.128910,75.56156921386719,70.96427917480469,0.0016693496145308,29.576,-0.606,1.0,0.0,0,0,1,,1.0,2026-03-15T17:17:45.128910,happy,0.999,2026-03-15T17:17:43.170246,0.6025222857742025,2026-03-15T17:17:45.017000,84,,,errors=Solid line crossing
participant_16,2,day,Town10HD_Opt,2026-03-15 17:17:46.187910,84.7149429321289,70.34676361083984,0.0015532684046775,49.986,3.669,1.0,0.0,0,0,1,,1.0,2026-03-15T17:17:46.187910,sad,0.646,2026-03-15T17:17:46.187910,0.5746325284085441,2026-03-15T17:17:46.052000,85,,,
participant_16,2,day,Town10HD_Opt,2026-03-15 17:17:47.212757,95.9973602294922,71.41397857666016,0.0024928664788603,41.875,23.567,0.0,0.0,0,0,1,,1.0,2026-03-15T17:17:47.212757,sad,0.646,2026-03-15T17:17:46.187910,0.6127766152593668,2026-03-15T17:17:47.043000,85,,,
participant_16,2,day,Town10HD_Opt,2026-03-15 17:17:48.232107,100.37696838378906,77.21314239501953,0.0025376891717314,25.531,38.096,0.35,0.0,0,0,1,,1.0,2026-03-15T17:17:48.232107,neutral,0.785,2026-03-15T17:17:48.232107,0.6278946948125855,2026-03-15T17:17:48.032000,84,,,
participant_16,2,day,Town10HD_Opt,2026-03-15 17:17:49.075323,99.25244903564452,81.79206848144531,0.0017240905435755,32.937,-2.014,0.937,0.0,0,0,1,,1.0,2026-03-15T17:17:49.075323,neutral,0.785,2026-03-15T17:17:48.232107,0.6286732962574837,2026-03-15T17:17:49.021000,82,,,
participant_16,2,day,Town10HD_Opt,2026-03-15 17:17:50.157848,99.33348083496094,90.58528137207033,0.0016393279656767,45.689,0.188,1.0,0.0,0,0,1,,1.0,2026-03-15T17:17:50.157848,neutral,0.785,2026-03-15T17:17:48.232107,0.6258083638078108,2026-03-15T17:17:50.057000,78,,,
participant_16,2,day,Town10HD_Opt,2026-03-15 17:17:51.191934,99.98536682128906,101.88751983642578,0.0021102142054587,48.915,16.421,0.881,0.0,0,0,1,,1.0,2026-03-15T17:17:51.191934,neutral,0.635,2026-03-15T17:17:51.191934,0.6438205765992046,2026-03-15T17:17:51.047000,80,,,
participant_16,2,day,Town10HD_Opt,2026-03-15 17:17:52.246173,93.15099334716795,111.12654113769533,0.0020173643715679,50.431,-2.442,0.844,0.0,0,0,1,,1.0,2026-03-15T17:17:52.246173,neutral,0.635,2026-03-15T17:17:51.191934,0.6225517337303761,2026-03-15T17:17:52.037000,81,,,errors=Solid line crossing
participant_16,2,day,Town10HD_Opt,2026-03-15 17:17:53.122240,87.38113403320312,117.64429473876952,0.0020903013646602,48.918,-1.554,0.594,0.0,0,0,1,phone_call,0.874,2026-03-15T17:17:53.122240,neutral,0.635,2026-03-15T17:17:51.191934,0.6910674207267069,2026-03-15T17:17:53.027000,80,,,
participant_16,2,day,Town10HD_Opt,2026-03-15 17:17:54.183049,79.79533386230469,126.3711166381836,0.0021064758766442,49.149,13.273,0.581,0.0,0,0,1,,1.0,2026-03-15T17:17:54.183049,neutral,0.55,2026-03-15T17:17:54.183049,0.6275486965436134,2026-03-15T17:17:54.017000,82,,,
participant_16,2,day,Town10HD_Opt,2026-03-15 17:17:55.010142,71.87993621826172,129.64718627929688,0.0019971847068518,50.09,3.476,0.587,0.0,0,0,1,,1.0,2026-03-15T17:17:55.010142,neutral,0.55,2026-03-15T17:17:54.183049,0.62817156542579,2026-03-15T17:17:55.051000,82,,,
participant_16,2,day,Town10HD_Opt,2026-03-15 17:17:56.091303,60.44595718383789,131.83360290527344,0.0019991684239357,50.228,4.955,0.585,0.0,0,0,1,,1.0,2026-03-15T17:17:56.091303,neutral,0.55,2026-03-15T17:17:54.183049,0.6766747527637187,2026-03-15T17:17:56.086000,82,,,
participant_16,2,day,Town10HD_Opt,2026-03-15 17:17:57.177190,48.87063980102539,132.04986572265625,0.0019973372109234,50.228,0.705,0.58,0.0,0,0,1,,1.0,2026-03-15T17:17:57.177190,neutral,0.956,2026-03-15T17:17:57.177190,0.608885825412077,2026-03-15T17:17:57.032000,82,,,
participant_16,2,day,Town10HD_Opt,2026-03-15 17:17:58.224204,37.26627731323242,131.63116455078125,0.0019977949559688,50.225,-0.472,0.583,0.0,0,0,1,,1.0,2026-03-15T17:17:58.224204,neutral,0.956,2026-03-15T17:17:57.177190,0.6805347626749917,2026-03-15T17:17:58.067000,81,,,
participant_16,2,day,Town10HD_Opt,2026-03-15 17:17:59.235579,25.63158226013184,131.7355499267578,0.0020002364180982,50.291,1.8,0.611,0.0,0,0,1,,1.0,2026-03-15T17:17:59.235579,neutral,0.811,2026-03-15T17:17:59.235579,0.5725568525460577,2026-03-15T17:17:59.057000,80,,,
participant_16,2,day,Town10HD_Opt,2026-03-15 17:18:00.055994,16.93779182434082,131.524658203125,0.001966361887753,50.993,-1.49,0.964,0.0,0,0,1,,1.0,2026-03-15T17:18:00.055994,neutral,0.811,2026-03-15T17:17:59.235579,0.635535129105314,2026-03-15T17:18:00.091000,82,,,
participant_16,2,day,Town10HD_Opt,2026-03-15 17:18:01.064961,5.14788818359375,131.51864624023438,0.0019558714702725,51.065,-0.576,0.0,0.0,0,0,1,,1.0,2026-03-15T17:18:01.064961,neutral,0.811,2026-03-15T17:17:59.235579,0.6156120103619165,2026-03-15T17:18:01.037000,80,,,
participant_16,2,day,Town10HD_Opt,2026-03-15 17:18:02.133265,-6.521392822265625,131.9365692138672,0.0019974135793745,50.015,0.79,0.742,0.0,0,0,1,,1.0,2026-03-15T17:18:02.133265,neutral,0.725,2026-03-15T17:18:02.133265,0.5784291972194378,2026-03-15T17:18:02.028000,77,,,
participant_16,2,day,Town10HD_Opt,2026-03-15 17:18:03.200363,-17.725109100341797,131.7265167236328,0.0023449705913662,42.443,1.824,0.0,0.869,0,0,1,,1.0,2026-03-15T17:18:03.200363,neutral,0.725,2026-03-15T17:18:02.133265,0.5488027254603386,2026-03-15T17:18:03.017000,75,,,errors=Harsh braking
participant_16,2,day,Town10HD_Opt,2026-03-15 17:18:04.240238,-25.30417823791504,130.92388916015625,0.0024890517815947,21.837,-1.941,0.0,1.0,0,0,1,,0.875,2026-03-15T17:18:04.240238,angry,0.972,2026-03-15T17:18:04.240238,0.4917782009107179,2026-03-15T17:18:04.098000,77,,,errors=Red light violation
participant_16,2,day,Town10HD_Opt,2026-03-15 17:18:05.050767,-26.85974884033203,130.80873107910156,0.0023474120534956,0.001,-1.951,0.0,1.0,0,0,1,,0.89,2026-03-15T17:18:05.050767,angry,0.972,2026-03-15T17:18:04.240238,0.4805145217447529,2026-03-15T17:18:05.041000,74,,,
participant_16,2,day,Town10HD_Opt,2026-03-15 17:18:06.083541,-26.86067581176757,130.80874633789062,0.001924056909047,0.001,-0.696,0.0,0.0,0,0,1,,1.0,2026-03-15T17:18:06.083541,angry,0.972,2026-03-15T17:18:04.240238,0.3913652232431392,2026-03-15T17:18:06.077000,79,,,
participant_16,2,day,Town10HD_Opt,2026-03-15 17:18:07.090113,-26.86075592041016,130.80874633789062,0.0019191741012036,0.0,-0.898,0.0,0.0,0,0,1,,1.0,2026-03-15T17:18:07.090113,happy,0.901,2026-03-15T17:18:07.090113,0.3599597085592948,2026-03-15T17:18:07.022000,79,,,
participant_16,2,day,Town10HD_Opt,2026-03-15 17:18:08.081806,-26.86075592041016,130.80874633789062,0.0019191741012036,0.0,0.021,0.0,0.0,0,0,1,,1.0,2026-03-15T17:18:08.081806,happy,0.901,2026-03-15T17:18:07.090113,0.4018726805400688,2026-03-15T17:18:08.056000,80,,,
participant_16,2,day,Town10HD_Opt,2026-03-15 17:18:09.043997,-26.86075592041016,130.80874633789062,0.0019190978491678,0.0,-0.651,0.0,0.0,0,0,1,phone_call,0.936,2026-03-15T17:18:09.043997,happy,0.901,2026-03-15T17:18:07.090113,0.3971965464823279,2026-03-15T17:18:09.047000,79,,,
participant_16,2,day,Town10HD_Opt,2026-03-15 17:18:10.021641,-26.86075592041016,130.80874633789062,0.0019191360333934,0.0,0.186,0.0,0.0,0,0,1,phone_call,0.822,2026-03-15T17:18:10.021641,neutral,0.731,2026-03-15T17:18:10.021641,0.3562578841079505,2026-03-15T17:18:10.037000,80,,,
participant_16,2,day,Town10HD_Opt,2026-03-15 17:18:11.019914,-26.87065315246582,130.807861328125,0.0018703460227698,1.562,1.363,1.0,0.0,0,0,1,,1.0,2026-03-15T17:18:11.019914,neutral,0.731,2026-03-15T17:18:10.021641,0.2745468809368072,2026-03-15T17:18:11.027000,80,,,
participant_16,2,day,Town10HD_Opt,2026-03-15 17:18:12.014305,-29.45207023620605,130.556884765625,0.0017015074845403,21.373,4.537,1.0,0.0,0,0,1,,1.0,2026-03-15T17:18:12.014305,neutral,0.731,2026-03-15T17:18:10.021641,0.3977552081660557,2026-03-15T17:18:12.062000,80,,,
participant_16,2,day,Town10HD_Opt,2026-03-15 17:18:13.038585,-36.28132247924805,128.4046173095703,0.0015774153871461,41.673,15.164,1.0,0.0,0,0,1,,1.0,2026-03-15T17:18:13.038585,neutral,0.626,2026-03-15T17:18:13.038585,0.3938814175368644,2026-03-15T17:18:13.052000,80,,,
participant_16,2,day,Town10HD_Opt,2026-03-15 17:18:14.089386,-43.2142333984375,119.88687896728516,0.0021557235158979,48.049,17.731,1.0,0.0,0,0,1,,1.0,2026-03-15T17:18:14.089386,neutral,0.626,2026-03-15T17:18:13.038585,0.475720799064015,2026-03-15T17:18:14.042000,80,,,
participant_16,2,day,Town10HD_Opt,2026-03-15 17:18:15.178590,-41.99702072143555,108.5546875,0.0022151947487145,47.858,-5.56,0.0,0.0,0,0,1,,1.0,2026-03-15T17:18:15.178590,neutral,0.807,2026-03-15T17:18:15.178590,0.418119573132017,2026-03-15T17:18:15.032000,82,,,errors=Solid line crossing
participant_16,2,day,Town10HD_Opt,2026-03-15 17:18:16.238459,-41.17140197753906,99.1625747680664,0.0023348997347056,34.258,-5.782,0.193,0.0,0,0,1,phone_call,0.804,2026-03-15T17:18:16.238459,neutral,0.807,2026-03-15T17:18:15.178590,0.568922877877688,2026-03-15T17:18:16.022000,88,,,
participant_16,2,day,Town10HD_Opt,2026-03-15 17:18:17.029508,-42.18576049804688,93.68134307861328,0.0022128296550363,29.389,-0.799,0.195,0.0,0,0,1,,1.0,2026-03-15T17:18:17.029508,neutral,0.807,2026-03-15T17:18:15.178590,0.5599418635089749,2026-03-15T17:18:17.147000,84,,,
participant_16,2,day,Town10HD_Opt,2026-03-15 17:18:18.092576,-42.97308349609375,87.44308471679688,0.0027664185035973,25.278,8.01,0.666,0.0,0,0,1,,1.0,2026-03-15T17:18:18.092576,neutral,0.56,2026-03-15T17:18:18.092576,0.6828559055400716,2026-03-15T17:18:18.047000,83,,,
participant_16,2,day,Town10HD_Opt,2026-03-15 17:18:19.140689,-42.08241271972656,80.7731704711914,0.0019095229217782,32.495,10.108,0.545,0.0,0,0,1,,1.0,2026-03-15T17:18:19.140689,neutral,0.56,2026-03-15T17:18:18.092576,0.6444172615799809,2026-03-15T17:18:19.037000,83,,,
participant_16,2,day,Town10HD_Opt,2026-03-15 17:18:20.246311,-38.078983306884766,74.01969146728516,0.0019967651460319,36.062,17.351,0.55,0.0,0,0,1,,1.0,2026-03-15T17:18:20.246311,neutral,0.887,2026-03-15T17:18:20.246311,0.6903495665297537,2026-03-15T17:18:20.027000,83,,,
participant_16,2,day,Town10HD_Opt,2026-03-15 17:18:21.093136,-32.36857604980469,71.09944915771484,0.0020031356252729,38.444,12.631,0.551,0.0,0,0,1,,1.0,2026-03-15T17:18:21.093136,neutral,0.887,2026-03-15T17:18:20.246311,0.6686820595463381,2026-03-15T17:18:21.062000,83,,,errors=Solid line crossing
participant_16,2,day,Town10HD_Opt,2026-03-15 17:18:22.159577,-23.043058395385746,70.41070556640625,0.0019579315558075,42.118,-0.926,0.551,0.0,0,0,1,,1.0,2026-03-15T17:18:22.159577,neutral,0.887,2026-03-15T17:18:20.246311,0.7118538741213114,2026-03-15T17:18:22.052000,86,,,
participant_16,2,day,Town10HD_Opt,2026-03-15 17:18:23.212358,-12.866167068481444,70.20406341552734,0.001966361887753,45.304,2.497,0.558,0.0,0,0,1,,1.0,2026-03-15T17:18:23.212358,sad,0.736,2026-03-15T17:18:23.212358,0.7515670713364895,2026-03-15T17:18:23.042000,85,,,
participant_16,2,day,Town10HD_Opt,2026-03-15 17:18:24.230787,-2.0201215744018555,70.92000579833984,0.0019776916597038,48.04,-0.195,0.557,0.0,0,0,1,,1.0,2026-03-15T17:18:24.230787,sad,0.736,2026-03-15T17:18:23.212358,0.7759725642715573,2026-03-15T17:18:24.032000,82,,,
participant_16,2,day,Town10HD_Opt,2026-03-15 17:18:25.000802,6.172534465789795,71.6451644897461,0.0023070524912327,42.619,-4.049,0.0,0.0,0,0,1,,1.0,2026-03-15T17:18:25.000802,sad,0.736,2026-03-15T17:18:23.212358,0.7546066409048945,2026-03-15T17:18:25.022000,81,,,
participant_16,2,day,Town10HD_Opt,2026-03-15 17:18:26.033194,14.581220626831056,71.26639556884766,0.0024046706967055,28.27,-1.156,0.0,0.631,0,0,1,,1.0,2026-03-15T17:18:26.033194,sad,0.516,2026-03-15T17:18:26.033194,0.7628608803785598,2026-03-15T17:18:26.056000,80,,,
participant_16,2,day,Town10HD_Opt,2026-03-15 17:18:27.101761,19.70297813415528,70.72736358642578,0.002007293747738,17.122,-0.244,0.0,0.0,0,0,1,,1.0,2026-03-15T17:18:27.101761,sad,0.516,2026-03-15T17:18:26.033194,0.7486717034404683,2026-03-15T17:18:27.047000,79,,,errors=Solid line crossing
participant_16,2,day,Town10HD_Opt,2026-03-15 17:18:28.164133,23.32641220092773,70.318603515625,0.001909980783239,15.602,-0.43,0.366,0.0,0,0,1,,1.0,2026-03-15T17:18:28.164133,neutral,0.715,2026-03-15T17:18:28.164133,0.6939665383021884,2026-03-15T17:18:28.037000,80,,,
participant_16,2,day,Town10HD_Opt,2026-03-15 17:18:29.251787,26.93365859985352,69.81161499023438,0.0017954254290089,17.629,-3.436,0.89,0.0,0,0,1,,1.0,2026-03-15T17:18:29.251787,neutral,0.715,2026-03-15T17:18:28.164133,0.6597895140694772,2026-03-15T17:18:29.073000,81,,,errors=Stop sign violation
participant_16,2,day,Town10HD_Opt,2026-03-15 17:18:30.089257,30.80779266357422,68.9334487915039,0.0015527724754065,31.105,-7.601,0.997,0.0,0,0,1,,1.0,2026-03-15T17:18:30.089257,neutral,0.715,2026-03-15T17:18:28.164133,0.6172264104815082,2026-03-15T17:18:30.062000,81,,,
participant_16,2,day,Town10HD_Opt,2026-03-15 17:18:31.183845,38.68636703491211,64.49418640136719,0.001748542767018,46.195,-17.818,0.726,0.0,0,0,1,,1.0,2026-03-15T17:18:31.183845,neutral,0.625,2026-03-15T17:18:31.183845,0.4982869392216684,2026-03-15T17:18:31.052000,82,,,
participant_16,2,day,Town10HD_Opt,2026-03-15 17:18:32.001575,42.52454376220703,57.08357238769531,0.001881904550828,50.987,-5.271,0.0,0.0,0,0,1,,1.0,2026-03-15T17:18:32.001575,neutral,0.625,2026-03-15T17:18:31.183845,0.6181488693024754,2026-03-15T17:18:32.042000,81,,,errors=Solid line crossing
participant_16,2,day,Town10HD_Opt,2026-03-15 17:18:33.121897,43.55451583862305,46.49478912353516,0.002400474390015,37.653,0.964,0.0,0.493,0,0,1,,1.0,2026-03-15T17:18:33.121897,neutral,0.625,2026-03-15T17:18:31.183845,0.540444620458559,2026-03-15T17:18:33.032000,82,,,
participant_16,2,day,Town10HD_Opt,2026-03-15 17:18:34.217492,44.14329528808594,39.4363899230957,0.0023274994455277,23.595,3.109,0.035,0.0,0,0,1,,1.0,2026-03-15T17:18:34.217492,sad,0.6,2026-03-15T17:18:34.217492,0.5484208975608659,2026-03-15T17:18:34.023000,83,,,
participant_16,2,day,Town10HD_Opt,2026-03-15 17:18:35.021820,44.96604537963867,35.81821823120117,0.0021776580251753,19.508,17.421,0.366,0.0,0,0,1,,1.0,2026-03-15T17:18:35.021820,sad,0.6,2026-03-15T17:18:34.217492,0.5542913668422574,2026-03-15T17:18:35.103000,82,,,
participant_16,2,day,Town10HD_Opt,2026-03-15 17:18:36.050538,47.877288818359375,31.86714744567871,0.0019960785284638,23.52,23.045,0.46,0.0,0,0,1,,1.0,2026-03-15T17:18:36.050538,sad,0.6,2026-03-15T17:18:34.217492,0.5936380913363153,2026-03-15T17:18:36.092000,83,,,
participant_16,2,day,Town10HD_Opt,2026-03-15 17:18:37.087111,52.74634552001953,29.80277442932129,0.0020889663137495,22.167,5.609,0.352,0.0,0,0,1,,1.0,2026-03-15T17:18:37.087111,neutral,0.761,2026-03-15T17:18:37.087111,0.6461884729386095,2026-03-15T17:18:37.037000,84,,,
participant_16,2,day,Town10HD_Opt,2026-03-15 17:18:38.132440,57.76873779296875,28.40597343444824,0.0020307158119976,22.708,-3.113,0.601,0.0,0,0,1,,1.0,2026-03-15T17:18:38.132440,neutral,0.761,2026-03-15T17:18:37.087111,0.6084351686777116,2026-03-15T17:18:38.028000,83,,,
participant_16,2,day,Town10HD_Opt,2026-03-15 17:18:39.177094,63.5073127746582,26.57851219177246,0.0019997023046016,27.537,2.631,0.365,0.0,0,0,1,,1.0,2026-03-15T17:18:39.177094,neutral,0.783,2026-03-15T17:18:39.177094,0.6008426329106421,2026-03-15T17:18:39.062000,86,,,
participant_16,2,day,Town10HD_Opt,2026-03-15 17:18:40.247162,69.75279235839844,25.15976524353028,0.0020811462309211,26.587,5.033,0.0,0.0,0,0,1,,1.0,2026-03-15T17:18:40.247162,neutral,0.783,2026-03-15T17:18:39.177094,0.7107439603222275,2026-03-15T17:18:40.142000,86,,,
participant_16,2,day,Town10HD_Opt,2026-03-15 17:18:41.014820,73.89395141601562,24.693492889404297,0.0022473144344985,20.351,5.122,0.0,0.0,0,0,1,,1.0,2026-03-15T17:18:41.014820,neutral,0.783,2026-03-15T17:18:39.177094,0.6967077149909273,2026-03-15T17:18:41.042000,89,,,
participant_16,2,day,Town10HD_Opt,2026-03-15 17:18:42.007474,77.91030883789062,24.62520980834961,0.0020936203654855,13.179,2.264,0.0,0.695,0,0,1,,1.0,2026-03-15T17:18:42.007474,sad,0.628,2026-03-15T17:18:42.007474,0.7865982914054507,2026-03-15T17:18:42.032000,92,,,
participant_16,2,day,Town10HD_Opt,2026-03-15 17:18:43.009131,79.55329132080078,24.654523849487305,0.0022529601119458,0.001,2.174,0.0,0.949,0,0,1,,1.0,2026-03-15T17:18:43.009131,sad,0.628,2026-03-15T17:18:42.007474,0.8037296205471015,2026-03-15T17:18:43.022000,86,,,
participant_16,2,day,Town10HD_Opt,2026-03-15 17:18:43.998504,79.55369567871094,24.65454292297364,0.0019239806570112,0.0,0.964,0.0,0.0,0,0,1,,1.0,2026-03-15T17:18:43.998504,sad,0.628,2026-03-15T17:18:42.007474,0.8559239450282614,2026-03-15T17:18:44.057000,85,,,
participant_16,2,day,Town10HD_Opt,2026-03-15 17:18:45.235052,79.55369567871094,24.65454292297364,0.0019193649059161,0.0,-0.08,0.0,0.0,0,0,1,,1.0,2026-03-15T17:18:45.235052,sad,0.924,2026-03-15T17:18:45.235052,0.8715887368780681,2026-03-15T17:18:45.048000,85,,,
participant_16,2,day,Town10HD_Opt,2026-03-15 17:18:46.219396,79.55369567871094,24.65454292297364,0.0019193649059161,0.0,-0.491,0.0,0.0,0,0,1,,1.0,2026-03-15T17:18:46.219396,sad,0.924,2026-03-15T17:18:45.235052,0.8771803119622298,2026-03-15T17:18:46.038000,85,,,
participant_16,2,day,Town10HD_Opt,2026-03-15 17:18:47.224989,79.60000610351562,24.654935836791992,0.0018595122965052,1.203,-0.792,0.0,0.0,0,0,1,,1.0,2026-03-15T17:18:47.224989,sad,0.924,2026-03-15T17:18:45.235052,0.8446899698389871,2026-03-15T17:18:47.028000,84,,,
participant_16,2,day,Town10HD_Opt,2026-03-15 17:18:48.201848,79.87211608886719,24.656747817993164,0.0019272231729701,0.965,-0.898,0.0,0.0,0,0,1,,1.0,2026-03-15T17:18:48.201848,sad,0.982,2026-03-15T17:18:48.201848,0.9092740141357888,2026-03-15T17:18:48.062000,84,,,
participant_16,2,day,Town10HD_Opt,2026-03-15 17:18:49.198947,80.0680160522461,24.657699584960938,0.0019257353851571,0.688,-0.933,0.0,0.0,0,0,1,,1.0,2026-03-15T17:18:49.198947,sad,0.982,2026-03-15T17:18:48.201848,0.8208994360050462,2026-03-15T17:18:49.053000,86,,,
participant_16,2,day,Town10HD_Opt,2026-03-15 17:18:50.202720,80.20577239990234,24.65811920166016,0.0019237517844885,0.476,-1.112,0.0,0.0,0,0,1,,1.0,2026-03-15T17:18:50.202720,sad,0.994,2026-03-15T17:18:50.202720,0.8045185707204072,2026-03-15T17:18:50.042000,87,,,
participant_16,2,day,Town10HD_Opt,2026-03-15 17:18:51.181023,80.30264282226562,24.65822410583496,0.0019223785493522,0.334,-1.161,0.0,0.0,0,0,1,,1.0,2026-03-15T17:18:51.181023,sad,0.994,2026-03-15T17:18:50.202720,0.8109585327025545,2026-03-15T17:18:51.033000,88,,,
participant_16,2,day,Town10HD_Opt,2026-03-15 17:18:52.128375,80.37077331542969,24.65825843811035,0.0019213104387745,0.237,-1.161,0.0,0.0,0,0,1,,1.0,2026-03-15T17:18:52.128375,sad,0.994,2026-03-15T17:18:50.202720,0.9576614703034916,2026-03-15T17:18:52.023000,89,,,
participant_16,2,day,Town10HD_Opt,2026-03-15 17:18:53.114043,80.41868591308594,24.65825462341309,0.0019207381410524,0.163,-1.215,0.0,0.0,0,0,1,,1.0,2026-03-15T17:18:53.114043,sad,0.964,2026-03-15T17:18:53.114043,0.8045354071400639,2026-03-15T17:18:53.102000,87,,,
participant_16,2,day,Town10HD_Opt,2026-03-15 17:18:54.090828,80.452392578125,24.6582145690918,0.0019202422117814,0.116,-1.196,0.0,0.0,0,0,1,,1.0,2026-03-15T17:18:54.090828,sad,0.964,2026-03-15T17:18:53.114043,0.9018986979486726,2026-03-15T17:18:54.092000,84,,,
participant_16,2,day,Town10HD_Opt,2026-03-15 17:18:55.133108,80.4910888671875,24.658355712890625,0.0018785475986078,0.853,-0.439,0.492,0.0,0,0,1,,1.0,2026-03-15T17:18:55.133108,neutral,0.702,2026-03-15T17:18:55.133108,0.8429760298520025,2026-03-15T17:18:55.037000,84,,,
participant_16,2,day,Town10HD_Opt,2026-03-15 17:18:56.126505,82.33336639404297,24.66105079650879,0.0014183425810188,18.495,-0.877,0.95,0.0,0,0,1,,1.0,2026-03-15T17:18:56.126505,neutral,0.702,2026-03-15T17:18:55.133108,0.8846950322963167,2026-03-15T17:18:56.028000,82,,,
participant_16,2,day,Town10HD_Opt,2026-03-15 17:18:57.128033,88.07750701904297,24.56166648864746,0.0017157745314761,31.723,-0.942,0.737,0.0,0,0,1,,1.0,2026-03-15T17:18:57.128033,neutral,0.702,2026-03-15T17:18:55.133108,0.750196972935518,2026-03-15T17:18:57.063000,81,,,
participant_16,2,day,Town10HD_Opt,2026-03-15 17:18:58.128623,96.6285400390625,23.571489334106445,0.0018148040398955,42.569,-13.982,0.7,0.0,0,0,1,,1.0,2026-03-15T17:18:58.128623,happy,0.998,2026-03-15T17:18:58.128623,0.7960805525542194,2026-03-15T17:18:58.052000,81,,,
participant_16,2,day,Town10HD_Opt,2026-03-15 17:18:59.139326,104.4564437866211,17.27345085144043,0.0023199843708425,46.22,-23.656,0.699,0.0,0,0,1,,1.0,2026-03-15T17:18:59.139326,happy,0.998,2026-03-15T17:18:58.128623,0.8115527853813906,2026-03-15T17:18:59.042000,80,,,
participant_16,2,day,Town10HD_Opt,2026-03-15 17:19:00.231238,103.51517486572266,6.578527450561523,0.0019127273699268,50.341,-2.819,0.682,0.0,0,0,1,,1.0,2026-03-15T17:19:00.231238,sad,0.514,2026-03-15T17:19:00.231238,0.7661664888294155,2026-03-15T17:19:00.032000,80,,,
participant_16,2,day,Town10HD_Opt,2026-03-15 17:19:01.091618,99.84957885742188,-1.2324126958847046,0.0020770644769072,48.498,18.079,0.503,0.0,0,0,1,phone_call,0.8,2026-03-15T17:19:01.091618,sad,0.514,2026-03-15T17:19:00.231238,0.7571140325370923,2026-03-15T17:19:01.157000,81,,,
participant_16,2,day,Town10HD_Opt,2026-03-15 17:19:02.095743,101.47257232666016,-10.907586097717283,0.0024310683365911,36.141,18.656,0.092,0.0,0,0,1,,1.0,2026-03-15T17:19:02.095743,sad,0.514,2026-03-15T17:19:00.231238,0.5890038273039208,2026-03-15T17:19:02.238000,82,,,errors=Solid line crossing
participant_16,2,day,Town10HD_Opt,2026-03-15 17:19:03.045475,106.93284606933594,-16.050437927246094,0.0021852874197065,29.001,-9.1,0.286,0.0,0,0,1,,1.0,2026-03-15T17:19:03.045475,neutral,0.722,2026-03-15T17:19:03.045475,0.6269245716400069,2026-03-15T17:19:03.047000,79,,,
participant_16,2,day,Town10HD_Opt,2026-03-15 17:19:04.041030,109.86679077148438,-21.23373985290528,0.0022964095696806,21.5,-21.598,0.0,0.0,0,0,1,,1.0,2026-03-15T17:19:04.041030,neutral,0.722,2026-03-15T17:19:03.045475,0.5797698673813809,2026-03-15T17:19:04.037000,80,,,
participant_16,2,day,Town10HD_Opt,2026-03-15 17:19:05.043643,109.58197021484376,-25.582338333129883,0.0021450042258948,18.564,-16.769,0.538,0.0,0,0,1,,1.0,2026-03-15T17:19:05.043643,neutral,0.722,2026-03-15T17:19:03.045475,0.5296646898988003,2026-03-15T17:19:05.028000,78,,,
participant_16,2,day,Town10HD_Opt,2026-03-15 17:19:06.049661,107.70136260986328,-30.183061599731445,0.0018684004899114,25.172,0.073,0.621,0.0,0,0,1,,1.0,2026-03-15T17:19:06.049661,angry,0.698,2026-03-15T17:19:06.049661,0.5104620198632965,2026-03-15T17:19:06.062000,78,,,
participant_16,2,day,Town10HD_Opt,2026-03-15 17:19:07.025686,104.8880615234375,-37.1109504699707,0.0015617370372638,42.245,4.926,0.983,0.0,0,0,1,,1.0,2026-03-15T17:19:07.025686,angry,0.698,2026-03-15T17:19:06.049661,0.4587208575341202,2026-03-15T17:19:07.052000,77,,,errors=Solid line crossing
participant_16,2,day,Town10HD_Opt,2026-03-15 17:19:08.003677,102.97567749023438,-48.13256072998047,0.0021485518664121,48.079,2.972,0.786,0.0,0,0,1,,1.0,2026-03-15T17:19:08.003677,angry,0.698,2026-03-15T17:19:06.049661,0.4167963628216162,2026-03-15T17:19:08.222000,76,,,
participant_16,2,day,Town10HD_Opt,2026-03-15 17:19:09.206967,100.56199645996094,-62.04476547241211,0.1532273441553115,45.437,-25.363,0.0,0.0,0,0,1,,1.0,2026-03-15T17:19:09.206967,neutral,0.657,2026-03-15T17:19:09.206967,0.4636405445807539,2026-03-15T17:19:09.033000,78,,,
participant_16,2,day,Town10HD_Opt,2026-03-15 17:19:10.018344,94.73944091796876,-65.29106140136719,0.154711827635765,32.47,-25.325,0.0,0.0,0,0,1,,1.0,2026-03-15T17:19:10.018344,neutral,0.657,2026-03-15T17:19:09.206967,0.4779284865495717,2026-03-15T17:19:10.022000,80,,,errors=Solid line crossing
participant_16,2,day,Town10HD_Opt,2026-03-15 17:19:11.156116,88.73749542236328,-63.20426559448242,0.0132995219901204,22.893,-8.78,0.063,0.0,0,0,1,,1.0,2026-03-15T17:19:11.156116,neutral,0.657,2026-03-15T17:19:09.206967,0.450242737634866,2026-03-15T17:19:11.058000,82,,,
participant_16,2,day,Town10HD_Opt,2026-03-15 17:19:12.020856,85.84683227539062,-61.116477966308594,0.0022396468557417,17.955,19.553,0.0,0.0,0,0,1,,1.0,2026-03-15T17:19:12.020856,neutral,0.487,2026-03-15T17:19:12.020856,0.4694765239173343,2026-03-15T17:19:12.048000,83,,,
participant_16,2,day,Town10HD_Opt,2026-03-15 17:19:13.106627,82.38633728027344,-60.35215377807617,0.0020681379828602,12.686,24.299,0.0,0.0,0,0,1,,1.0,2026-03-15T17:19:13.106627,neutral,0.487,2026-03-15T17:19:12.020856,0.4809547245409973,2026-03-15T17:19:13.037000,83,,,
participant_16,2,day,Town10HD_Opt,2026-03-15 17:19:14.161727,79.59687042236328,-60.87800216674805,0.0019036101875826,12.95,21.317,0.292,0.0,0,0,1,,1.0,2026-03-15T17:19:14.161727,neutral,0.592,2026-03-15T17:19:14.161727,0.5468143658348863,2026-03-15T17:19:14.027000,81,,,errors=Solid line crossing
participant_16,2,day,Town10HD_Opt,2026-03-15 17:19:15.179567,76.20112609863281,-62.34989929199219,0.0019750595092773,19.532,-5.269,0.397,0.0,0,0,1,,1.0,2026-03-15T17:19:15.179567,neutral,0.592,2026-03-15T17:19:14.161727,0.4221800091569071,2026-03-15T17:19:15.063000,79,,,
participant_16,2,day,Town10HD_Opt,2026-03-15 17:19:16.161356,71.06756591796875,-64.12399291992188,0.0015537643339484,32.65,-8.051,1.0,0.0,0,0,1,,1.0,2026-03-15T17:19:16.161356,neutral,0.592,2026-03-15T17:19:14.161727,0.4931561189451872,2026-03-15T17:19:16.097000,79,,,
participant_16,2,day,Town10HD_Opt,2026-03-15 17:19:17.194721,61.58052062988281,-66.20974731445312,0.00158149714116,52.236,-4.15,0.0,0.224,0,0,1,,1.0,2026-03-15T17:19:17.194721,happy,0.99,2026-03-15T17:19:17.194721,0.4780048825692062,2026-03-15T17:19:17.088000,78,,,
participant_16,2,day,Town10HD_Opt,2026-03-15 17:19:17.992860,52.78258514404297,-66.57535552978516,0.0020902252290397,49.349,-4.851,0.745,0.0,0,0,1,,1.0,2026-03-15T17:19:17.992860,happy,0.99,2026-03-15T17:19:17.194721,0.4682535312379788,2026-03-15T17:19:18.032000,76,,,
participant_16,2,day,Town10HD_Opt,2026-03-15 17:19:19.048727,41.256160736083984,-65.08092498779297,0.0020057677756994,50.041,5.692,0.707,0.0,0,0,1,,1.0,2026-03-15T17:19:19.048727,happy,0.99,2026-03-15T17:19:17.194721,0.5186186023255875,2026-03-15T17:19:19.022000,77,,,
participant_16,2,day,Town10HD_Opt,2026-03-15 17:19:20.093479,29.68231201171875,-65.27955627441406,0.0019704054575413,50.784,4.846,0.0,0.0,0,0,1,,1.0,2026-03-15T17:19:20.093479,neutral,0.798,2026-03-15T17:19:20.093479,0.464783866878869,2026-03-15T17:19:20.057000,75,,,
participant_16,2,day,Town10HD_Opt,2026-03-15 17:19:21.160902,18.75758934020996,-67.88423919677734,0.0022702789865434,43.424,-7.157,0.0,0.0,0,0,1,,1.0,2026-03-15T17:19:21.160902,neutral,0.798,2026-03-15T17:19:20.093479,0.4080623027676721,2026-03-15T17:19:21.050000,77,,,
participant_16,2,day,Town10HD_Opt,2026-03-15 17:19:22.199944,10.190507888793944,-67.93061065673828,0.0023548889439553,30.387,-10.374,0.0,0.0,0,0,1,,1.0,2026-03-15T17:19:22.199944,neutral,0.698,2026-03-15T17:19:22.199944,0.4072774814319512,2026-03-15T17:19:22.037000,77,,,
participant_16,2,day,Town10HD_Opt,2026-03-15 17:19:23.065175,5.628104209899902,-66.67658233642578,0.0022791288793087,23.13,6.059,0.0,0.0,0,0,1,,1.0,2026-03-15T17:19:23.065175,neutral,0.698,2026-03-15T17:19:22.199944,0.3236220931477916,2026-03-15T17:19:23.028000,79,,,
participant_16,2,day,Town10HD_Opt,2026-03-15 17:19:24.102247,1.133245825767517,-65.93792724609375,0.001977882348001,16.465,5.82,0.174,0.0,0,0,1,,1.0,2026-03-15T17:19:24.102247,neutral,0.698,2026-03-15T17:19:22.199944,0.4200583177458028,2026-03-15T17:19:24.062000,82,,,
participant_16,2,day,Town10HD_Opt,2026-03-15 17:19:25.111196,-2.8613719940185547,-65.75801849365234,0.0020637512207031,18.405,3.231,0.59,0.0,0,0,1,,1.0,2026-03-15T17:19:25.111196,happy,0.981,2026-03-15T17:19:25.111196,0.3853427296613702,2026-03-15T17:19:25.052000,80,,,
participant_16,2,day,Town10HD_Opt,2026-03-15 17:19:26.098165,-7.743349552154541,-65.86968231201172,0.0018506239866837,25.059,2.198,0.606,0.0,0,0,1,,1.0,2026-03-15T17:19:26.098165,happy,0.981,2026-03-15T17:19:25.111196,0.4176180328619103,2026-03-15T17:19:26.043000,83,,,
participant_16,2,day,Town10HD_Opt,2026-03-15 17:19:27.107143,-14.39846420288086,-66.4583511352539,0.0018923567840829,31.815,0.637,0.0,0.0,0,0,1,,1.0,2026-03-15T17:19:27.107143,happy,0.981,2026-03-15T17:19:25.111196,0.3724274320892116,2026-03-15T17:19:27.033000,83,,,
participant_16,2,day,Town10HD_Opt,2026-03-15 17:19:28.104716,-20.87956047058105,-67.16455078125,0.0022637557704001,23.07,-2.852,0.0,0.0,0,0,1,,1.0,2026-03-15T17:19:28.104716,happy,0.475,2026-03-15T17:19:28.104716,0.3985247966580112,2026-03-15T17:19:28.023000,81,,,
participant_16,2,day,Town10HD_Opt,2026-03-15 17:19:29.074697,-24.221418380737305,-67.33832550048828,0.002624626038596,0.002,-3.205,0.0,1.0,0,0,1,,1.0,2026-03-15T17:19:29.074697,happy,0.475,2026-03-15T17:19:28.104716,0.4394818304406481,2026-03-15T17:19:29.057000,80,Solid line crossing,Solid line crossing,
participant_16,2,day,Town10HD_Opt,2026-03-15 17:19:30.090215,-24.22226905822754,-67.33834075927734,0.0019256209488958,0.0,-0.674,0.0,1.0,0,0,1,,1.0,2026-03-15T17:19:30.090215,happy,0.475,2026-03-15T17:19:28.104716,0.3698455631822517,2026-03-15T17:19:30.048000,77,,,
participant_16,2,day,Town10HD_Opt,2026-03-15 17:19:31.106490,-24.22227668762207,-67.33834075927734,0.0019190596649423,0.0,-0.237,0.0,0.0,0,0,1,phone_call,0.926,2026-03-15T17:19:31.106490,fear,0.476,2026-03-15T17:19:31.106490,0.4951086007647336,2026-03-15T17:19:31.038000,77,,,
participant_16,2,day,Town10HD_Opt,2026-03-15 17:19:32.092886,-24.22227668762207,-67.33834075927734,0.0019190596649423,0.0,0.491,0.0,0.0,0,0,1,phone_call,0.966,2026-03-15T17:19:32.092886,fear,0.476,2026-03-15T17:19:31.106490,0.4396743043457006,2026-03-15T17:19:32.027000,78,,,
participant_16,2,day,Town10HD_Opt,2026-03-15 17:19:33.113385,-24.22227668762207,-67.33834075927734,0.0019190596649423,0.0,-0.009,0.0,0.0,0,0,1,,1.0,2026-03-15T17:19:33.113385,neutral,0.808,2026-03-15T17:19:33.113385,0.5010767817055523,2026-03-15T17:19:33.063000,79,,,
participant_16,2,day,Town10HD_Opt,2026-03-15 17:19:34.122711,-24.22227668762207,-67.33834075927734,0.0019190596649423,0.0,0.388,0.0,0.0,0,0,1,,1.0,2026-03-15T17:19:34.122711,neutral,0.808,2026-03-15T17:19:33.113385,0.4968264459132802,2026-03-15T17:19:34.052000,82,,,
participant_16,2,day,Town10HD_Opt,2026-03-15 17:19:35.155218,-24.22140884399414,-67.33830261230469,0.0019187163561582,0.511,0.355,0.716,0.0,0,0,1,,1.0,2026-03-15T17:19:35.155218,happy,0.673,2026-03-15T17:19:35.155218,0.5255900232472014,2026-03-15T17:19:35.087000,81,,,
participant_16,2,day,Town10HD_Opt,2026-03-15 17:19:36.155207,-26.09204864501953,-67.41934204101562,0.0014488601591438,19.095,2.61,1.0,0.0,0,0,1,,1.0,2026-03-15T17:19:36.155207,happy,0.673,2026-03-15T17:19:35.155218,0.4076275949639243,2026-03-15T17:19:36.032000,80,,,errors=Red light violation
participant_16,2,day,Town10HD_Opt,2026-03-15 17:19:37.190027,-32.21480941772461,-68.94136810302734,0.0016149139264598,39.188,23.311,1.0,0.0,0,0,1,,1.0,2026-03-15T17:19:37.190027,fear,0.487,2026-03-15T17:19:37.190027,0.4541970201909823,2026-03-15T17:19:37.068000,79,,,errors=Collision
participant_16,2,day,Town10HD_Opt,2026-03-15 17:19:38.153122,-34.87691879272461,-71.58114624023438,0.0479723364114761,0.988,-15.632,1.0,0.0,0,0,1,,1.0,2026-03-15T17:19:38.153122,fear,0.487,2026-03-15T17:19:37.190027,0.4692450291819977,2026-03-15T17:19:38.193000,80,,,
participant_16,2,day,Town10HD_Opt,2026-03-15 17:19:39.133591,-34.90098190307617,-71.6090087890625,0.0402597784996032,0.027,-25.864,0.0,0.0,0,0,1,phone_call,0.946,2026-03-15T17:19:39.133591,fear,0.487,2026-03-15T17:19:37.190027,0.4183704493960731,2026-03-15T17:19:39.047000,80,,,
participant_16,2,day,Town10HD_Opt,2026-03-15 17:19:40.144583,-34.899070739746094,-71.60680389404297,0.0374307632446289,0.02,3.045,0.0,0.0,0,0,1,,1.0,2026-03-15T17:19:40.144583,fear,0.94,2026-03-15T17:19:40.144583,0.4929118290011102,2026-03-15T17:19:40.037000,81,,,
participant_16,2,day,Town10HD_Opt,2026-03-15 17:19:41.128410,-34.89852523803711,-71.6061782836914,0.0373784638941288,0.0,3.269,0.0,0.0,0,1,-1,,1.0,2026-03-15T17:19:41.128410,fear,0.94,2026-03-15T17:19:40.144583,0.5501918043611945,2026-03-15T17:19:41.072000,82,,,
participant_16,2,day,Town10HD_Opt,2026-03-15 17:19:42.135913,-34.89397430419922,-71.60082244873047,0.0373653396964073,0.142,3.455,0.311,0.0,0,1,-1,,1.0,2026-03-15T17:19:42.135913,fear,0.94,2026-03-15T17:19:40.144583,0.5447325004471035,2026-03-15T17:19:42.063000,81,,,
participant_16,2,day,Town10HD_Opt,2026-03-15 17:19:43.115358,-34.43965148925781,-71.05919647216797,0.0373386368155479,10.786,9.916,0.825,0.0,0,1,-1,,1.0,2026-03-15T17:19:43.115358,neutral,0.423,2026-03-15T17:19:43.115358,0.4747150675594744,2026-03-15T17:19:43.143000,78,,,
participant_16,2,day,Town10HD_Opt,2026-03-15 17:19:44.093792,-31.90597343444824,-68.57959747314453,0.0022142028901726,18.2,13.141,1.0,0.0,0,1,-1,,1.0,2026-03-15T17:19:44.093792,neutral,0.423,2026-03-15T17:19:43.115358,0.4934634970106903,2026-03-15T17:19:44.088000,81,,,errors=Vehicle collision
participant_16,2,day,Town10HD_Opt,2026-03-15 17:19:45.087076,-29.073400497436523,-66.40618896484375,0.0099897002801299,2.155,11.45,0.0,0.0,0,0,1,,1.0,2026-03-15T17:19:45.087076,neutral,0.423,2026-03-15T17:19:43.115358,0.6558016868785899,2026-03-15T17:19:45.033000,81,,,errors=Red light violation
participant_16,2,day,Town10HD_Opt,2026-03-15 17:19:46.104123,-32.1976203918457,-67.72561645507812,0.0018346023280173,22.804,-10.394,1.0,0.0,0,0,1,,1.0,2026-03-15T17:19:46.104123,fear,0.621,2026-03-15T17:19:46.104123,0.6304337166589058,2026-03-15T17:19:46.112000,81,,,
participant_16,2,day,Town10HD_Opt,2026-03-15 17:19:47.105229,-37.49542236328125,-69.25618743896484,0.0028260801918804,8.603,-3.492,0.0,0.0,0,1,-1,,1.0,2026-03-15T17:19:47.105229,fear,0.621,2026-03-15T17:19:46.104123,0.622004357198304,2026-03-15T17:19:47.057000,81,,,
participant_16,2,day,Town10HD_Opt,2026-03-15 17:19:48.061899,-37.7312126159668,-69.30620574951172,0.0019530868157744,0.103,-13.392,0.736,0.0,0,1,-1,,1.0,2026-03-15T17:19:48.061899,fear,0.621,2026-03-15T17:19:46.104123,0.5914707784942898,2026-03-15T17:19:48.048000,78,,,
participant_16,2,day,Town10HD_Opt,2026-03-15 17:19:48.991740,-35.93964767456055,-68.93717956542969,0.0023124313447624,16.544,-20.422,1.0,0.0,0,1,-1,,1.0,2026-03-15T17:19:48.991740,neutral,0.908,2026-03-15T17:19:48.991740,0.5498310470703542,2026-03-15T17:19:49.037000,80,,,
participant_16,2,day,Town10HD_Opt,2026-03-15 17:19:50.172872,-32.28711700439453,-66.9261245727539,0.0016123199602589,6.511,-12.086,0.0,0.0,0,1,-1,,1.0,2026-03-15T17:19:50.172872,neutral,0.908,2026-03-15T17:19:48.991740,0.5584203005738573,2026-03-15T17:19:50.072000,79,,,
participant_16,2,day,Town10HD_Opt,2026-03-15 17:19:51.135989,-31.747812271118164,-66.43515014648438,0.0017869567964226,0.077,-9.365,0.306,0.0,0,0,1,,1.0,2026-03-15T17:19:51.135989,neutral,0.959,2026-03-15T17:19:51.135989,0.4706131745275053,2026-03-15T17:19:51.064000,77,,,
participant_16,2,day,Town10HD_Opt,2026-03-15 17:19:52.079763,-32.67503356933594,-67.23832702636719,0.0014185332693159,15.288,-12.11,1.0,0.0,0,0,1,,1.0,2026-03-15T17:19:52.079763,neutral,0.959,2026-03-15T17:19:51.135989,0.5016999467706399,2026-03-15T17:19:52.053000,74,,,
participant_16,2,day,Town10HD_Opt,2026-03-15 17:19:53.054942,-37.52904891967773,-69.99515533447266,0.0015262603992596,35.136,-12.658,1.0,0.0,0,0,1,,1.0,2026-03-15T17:19:53.054942,neutral,0.959,2026-03-15T17:19:51.135989,0.4423382249765418,2026-03-15T17:19:53.043000,74,,,
participant_16,2,day,Town10HD_Opt,2026-03-15 17:19:54.047225,-47.44109725952149,-70.33645629882812,0.0016627120785415,52.142,-20.733,0.0,0.128,0,0,1,,1.0,2026-03-15T17:19:54.047225,happy,0.998,2026-03-15T17:19:54.047225,0.3699292614410278,2026-03-15T17:19:54.033000,73,,,
participant_16,2,day,Town10HD_Opt,2026-03-15 17:19:55.140989,-54.49483108520508,-62.00674057006836,0.001878967275843,50.973,-22.219,0.0,0.0,0,0,1,,1.0,2026-03-15T17:19:55.140989,happy,0.998,2026-03-15T17:19:54.047225,0.281596295320676,2026-03-15T17:19:55.158000,69,,,
participant_16,2,day,Town10HD_Opt,2026-03-15 17:19:56.007652,-52.52632141113281,-53.65346908569336,0.0018664931412786,52.125,6.699,0.0,0.162,0,0,1,,1.0,2026-03-15T17:19:56.007652,happy,0.998,2026-03-15T17:19:54.047225,0.1939927818143346,2026-03-15T17:19:56.058000,70,,,
participant_16,2,day,Town10HD_Opt,2026-03-15 17:19:57.154512,-51.08668518066406,-43.64095687866211,0.002615165663883,34.107,33.498,0.0,0.0,0,0,1,,1.0,2026-03-15T17:19:57.154512,sad,0.508,2026-03-15T17:19:57.154512,0.1433095819990627,2026-03-15T17:19:57.048000,71,,,errors=Solid line crossing
participant_16,2,day,Town10HD_Opt,2026-03-15 17:19:58.207493,-56.25555038452149,-40.02812957763672,0.0680936425924301,21.762,11.214,0.0,0.0,0,0,1,,1.0,2026-03-15T17:19:58.207493,sad,0.508,2026-03-15T17:19:57.154512,0.02,2026-03-15T17:19:58.037000,70,,,
participant_16,3,day,Town10HD_Opt,2026-03-15 17:30:00.000000,-41.66858673095703,89.7454833984375,0.5804919004440308,4.779,-0.172,0.704,0.0,0,0,1,,1.0,2026-03-15T17:30:00,,,2026-03-15T17:30:00,0.2613797392507889,2026-03-15T17:30:00,74,,,
participant_16,3,day,Town10HD_Opt,2026-03-15 17:30:04.515184,-41.66976165771485,89.4715347290039,0.0016576766502112,5.422,-0.172,0.692,0.0,0,0,1,,1.0,2026-03-15T17:30:04.515184,,,2026-03-15T17:30:04.515184,0.1560322949683682,2026-03-15T17:30:04.006000,76,,,
participant_16,3,day,Town10HD_Opt,2026-03-15 17:30:05.177038,-41.67391204833984,88.46046447753906,0.0016296386020258,11.912,-0.172,0.572,0.0,0,0,1,,1.0,2026-03-15T17:30:05.177038,,,2026-03-15T17:30:04.515184,0.2698798051987971,2026-03-15T17:30:05.041000,77,,,
participant_16,3,day,Town10HD_Opt,2026-03-15 17:30:06.157513,-41.68680191040039,85.87332916259766,0.0017773056169971,17.079,-0.172,0.338,0.0,0,0,1,,0.901,2026-03-15T17:30:06.157513,,,2026-03-15T17:30:04.515184,0.2321720086871573,2026-03-15T17:30:06.030000,78,,,
participant_16,3,day,Town10HD_Opt,2026-03-15 17:30:07.138627,-41.70051193237305,82.77305603027344,0.0019827270880341,18.125,1.608,0.252,0.0,0,0,1,,1.0,2026-03-15T17:30:07.138627,neutral,0.591,2026-03-15T17:30:07.138627,0.2241441053924235,2026-03-15T17:30:07.021000,79,,,
participant_16,3,day,Town10HD_Opt,2026-03-15 17:30:08.172434,-41.51970291137695,79.6581039428711,0.0019232940394431,17.627,10.113,0.397,0.0,0,0,1,,1.0,2026-03-15T17:30:08.172434,neutral,0.591,2026-03-15T17:30:07.138627,0.2888547149060231,2026-03-15T17:30:08.011000,82,,,
participant_16,3,day,Town10HD_Opt,2026-03-15 17:30:09.165982,-40.65286636352539,76.58457946777344,0.0020267867948859,19.39,17.651,0.453,0.0,0,0,1,,1.0,2026-03-15T17:30:09.165982,neutral,0.519,2026-03-15T17:30:09.165982,0.214398448912813,2026-03-15T17:30:09.045000,85,,,
participant_16,3,day,Town10HD_Opt,2026-03-15 17:30:10.171893,-38.74212646484375,73.64677429199219,0.0020468139555305,20.624,19.959,0.346,0.0,0,0,1,,1.0,2026-03-15T17:30:10.171893,neutral,0.519,2026-03-15T17:30:09.165982,0.322107931663712,2026-03-15T17:30:10.126000,86,,,
participant_16,3,day,Town10HD_Opt,2026-03-15 17:30:11.134076,-35.87272262573242,71.48171997070312,0.0020686720963567,20.813,19.806,0.346,0.0,0,0,1,,1.0,2026-03-15T17:30:11.134076,neutral,0.519,2026-03-15T17:30:09.165982,0.2495182526410465,2026-03-15T17:30:11.070000,88,,,
participant_16,3,day,Town10HD_Opt,2026-03-15 17:30:12.213368,-32.39971923828125,70.39720916748047,0.0020387268159538,21.499,13.897,0.472,0.0,0,0,1,,0.823,2026-03-15T17:30:12.213368,neutral,0.557,2026-03-15T17:30:12.213368,0.271358595121043,2026-03-15T17:30:12.015000,88,,,
participant_16,3,day,Town10HD_Opt,2026-03-15 17:30:13.216907,-28.446266174316406,69.9473648071289,0.0019606398418545,24.231,1.65,0.531,0.0,0,0,1,,0.878,2026-03-15T17:30:13.216907,neutral,0.557,2026-03-15T17:30:12.213368,0.3249688447218031,2026-03-15T17:30:13.050000,90,,,
participant_16,3,day,Town10HD_Opt,2026-03-15 17:30:14.270311,-23.91659927368164,69.70879364013672,0.0019098663469776,28.092,1.622,0.369,0.0,0,0,1,,1.0,2026-03-15T17:30:14.270311,happy,0.995,2026-03-15T17:30:14.270311,0.2496031525800719,2026-03-15T17:30:14.041000,92,,,
participant_16,3,day,Town10HD_Opt,2026-03-15 17:30:15.300728,-18.93932342529297,69.66161346435547,0.0020351791754364,28.517,0.592,0.361,0.0,0,0,1,,1.0,2026-03-15T17:30:15.300728,happy,0.995,2026-03-15T17:30:14.270311,0.2675816197792467,2026-03-15T17:30:15.031000,97,,,
participant_16,3,day,Town10HD_Opt,2026-03-15 17:30:16.033345,-15.619296073913574,69.67498016357422,0.0020492554176598,28.381,0.458,0.359,0.0,0,0,1,,1.0,2026-03-15T17:30:16.033345,happy,0.995,2026-03-15T17:30:14.270311,0.2503362907341321,2026-03-15T17:30:16.021000,101,,,
participant_16,3,day,Town10HD_Opt,2026-03-15 17:30:17.296792,-9.03740406036377,69.77099609375,0.0020509718451648,28.039,0.275,0.359,0.0,0,0,1,,1.0,2026-03-15T17:30:17.296792,neutral,0.86,2026-03-15T17:30:17.296792,0.2955495271979539,2026-03-15T17:30:17.010000,102,,,
participant_16,3,day,Town10HD_Opt,2026-03-15 17:30:18.022206,-5.774270534515381,69.83838653564453,0.0020503997802734,27.893,0.106,0.359,0.0,0,0,1,,1.0,2026-03-15T17:30:18.022206,neutral,0.86,2026-03-15T17:30:17.296792,0.2774875011533779,2026-03-15T17:30:18.046000,104,,,
participant_16,3,day,Town10HD_Opt,2026-03-15 17:30:19.072613,-0.909753680229187,69.9332504272461,0.002049560425803,27.697,-0.233,0.359,0.0,0,0,1,,1.0,2026-03-15T17:30:19.072613,neutral,0.86,2026-03-15T17:30:17.296792,0.2033682125744938,2026-03-15T17:30:19.036000,106,,,
participant_16,3,day,Town10HD_Opt,2026-03-15 17:30:20.130965,3.922960758209229,69.99915313720703,0.0020486831199377,27.526,-0.214,0.359,0.0,0,0,1,,1.0,2026-03-15T17:30:20.130965,neutral,0.382,2026-03-15T17:30:20.130965,0.1777945617305459,2026-03-15T17:30:20.026000,106,,,
participant_16,3,day,Town10HD_Opt,2026-03-15 17:30:21.090373,8.727744102478027,70.03846740722656,0.0020481871906667,27.384,-0.228,0.359,0.0,0,0,1,,1.0,2026-03-15T17:30:21.090373,neutral,0.382,2026-03-15T17:30:20.130965,0.2719883862810154,2026-03-15T17:30:21.016000,103,,,
participant_16,3,day,Town10HD_Opt,2026-03-15 17:30:22.040162,13.507774353027344,70.05184173583984,0.0020474623888731,27.243,-0.092,0.358,0.0,0,0,1,,1.0,2026-03-15T17:30:22.040162,neutral,0.382,2026-03-15T17:30:20.130965,0.3326843416394956,2026-03-15T17:30:22.051000,103,,,
participant_16,3,day,Town10HD_Opt,2026-03-15 17:30:23.011946,18.247617721557617,70.05165100097656,0.0020724486093968,26.591,-0.087,0.287,0.0,0,0,1,,1.0,2026-03-15T17:30:23.011946,neutral,0.788,2026-03-15T17:30:23.011946,0.2671205573158461,2026-03-15T17:30:23.041000,105,,,
participant_16,3,day,Town10HD_Opt,2026-03-15 17:30:24.026852,22.77638053894043,70.04191589355469,0.0021130752284079,24.827,-0.085,0.0,0.0,0,0,1,,1.0,2026-03-15T17:30:24.026852,neutral,0.788,2026-03-15T17:30:23.011946,0.3202906656004505,2026-03-15T17:30:24.030000,104,,,errors=Stop sign violation
participant_16,3,day,Town10HD_Opt,2026-03-15 17:30:25.034874,26.62007522583008,70.01736450195312,0.0022335052490234,18.713,-2.44,0.0,0.0,0,0,1,,0.922,2026-03-15T17:30:25.034874,sad,0.302,2026-03-15T17:30:25.034874,0.2865152675947438,2026-03-15T17:30:25.021000,98,,,
participant_16,3,day,Town10HD_Opt,2026-03-15 17:30:26.035396,29.57560920715332,69.84892272949219,0.0019860840402543,15.661,-6.772,0.246,0.0,0,0,1,,1.0,2026-03-15T17:30:26.035396,sad,0.302,2026-03-15T17:30:25.034874,0.3034058103786551,2026-03-15T17:30:26.010000,98,,,
participant_16,3,day,Town10HD_Opt,2026-03-15 17:30:27.051634,32.3095703125,69.28450775146484,0.0018561935285106,17.085,-12.886,0.496,0.0,0,0,1,,1.0,2026-03-15T17:30:27.051634,neutral,0.354,2026-03-15T17:30:27.051634,0.3334714162579604,2026-03-15T17:30:27.046000,99,,,
participant_16,3,day,Town10HD_Opt,2026-03-15 17:30:28.108091,35.33393096923828,68.05587005615234,0.0019625853747129,20.191,-8.32,0.527,0.0,0,0,1,,1.0,2026-03-15T17:30:28.108091,neutral,0.354,2026-03-15T17:30:27.051634,0.4428324497515602,2026-03-15T17:30:28.035000,96,,,
participant_16,3,day,Town10HD_Opt,2026-03-15 17:30:29.155104,38.6695442199707,66.0963134765625,0.0019643784034997,23.649,-13.516,0.431,0.0,0,0,1,,1.0,2026-03-15T17:30:29.155104,neutral,0.66,2026-03-15T17:30:29.155104,0.3242806207730853,2026-03-15T17:30:29.027000,94,,,
participant_16,3,day,Town10HD_Opt,2026-03-15 17:30:30.259757,41.6602668762207,63.07087707519531,0.0020085906144231,25.335,-14.144,0.431,0.0,0,0,1,,1.0,2026-03-15T17:30:30.259757,neutral,0.66,2026-03-15T17:30:29.155104,0.3951500037020951,2026-03-15T17:30:30.016000,93,,,
participant_16,3,day,Town10HD_Opt,2026-03-15 17:30:31.307620,43.72857284545898,59.04256820678711,0.0020097349770367,26.743,-14.1,0.423,0.0,0,0,1,,1.0,2026-03-15T17:30:31.307620,neutral,0.34,2026-03-15T17:30:31.307620,0.3694677582721036,2026-03-15T17:30:31.005000,92,,,
participant_16,3,day,Town10HD_Opt,2026-03-15 17:30:32.307988,44.47478485107422,54.397605895996094,0.002082634018734,26.663,-8.398,0.244,0.0,0,0,1,,1.0,2026-03-15T17:30:32.307988,neutral,0.34,2026-03-15T17:30:31.307620,0.3835144949217483,2026-03-15T17:30:32.040000,89,,,
participant_16,3,day,Town10HD_Opt,2026-03-15 17:30:33.081462,44.49818420410156,51.35805892944336,0.0021149443928152,25.189,0.583,0.245,0.0,0,0,1,,1.0,2026-03-15T17:30:33.081462,neutral,0.34,2026-03-15T17:30:31.307620,0.4909867242299333,2026-03-15T17:30:33.075000,88,,,
participant_16,3,day,Town10HD_Opt,2026-03-15 17:30:34.120253,44.47933578491211,47.10833740234375,0.002094192430377,23.469,-2.828,0.326,0.0,0,0,1,,1.0,2026-03-15T17:30:34.120253,neutral,0.838,2026-03-15T17:30:34.120253,0.4588022565212897,2026-03-15T17:30:34.065000,86,,,
participant_16,3,day,Town10HD_Opt,2026-03-15 17:30:35.181663,44.28214263916016,43.04507064819336,0.0020572661887854,23.054,1.89,0.326,0.0,0,0,1,,1.0,2026-03-15T17:30:35.181663,neutral,0.838,2026-03-15T17:30:34.120253,0.461176834866724,2026-03-15T17:30:35.011000,84,,,
participant_16,3,day,Town10HD_Opt,2026-03-15 17:30:36.212379,44.41292953491211,39.05567932128906,0.0020629118662327,22.647,9.859,0.353,0.0,0,0,1,,1.0,2026-03-15T17:30:36.212379,neutral,0.473,2026-03-15T17:30:36.212379,0.4498743089577547,2026-03-15T17:30:36.045000,81,,,
participant_16,3,day,Town10HD_Opt,2026-03-15 17:30:37.300097,45.36528778076172,35.221473693847656,0.0020535660441964,22.731,12.5,0.347,0.0,0,0,1,,0.829,2026-03-15T17:30:37.300097,neutral,0.473,2026-03-15T17:30:36.212379,0.4459818592322719,2026-03-15T17:30:37.038000,82,,,
participant_16,3,day,Town10HD_Opt,2026-03-15 17:30:38.002222,46.54237747192383,32.85791015625,0.0020656585693359,22.664,17.746,0.348,0.0,0,0,1,,1.0,2026-03-15T17:30:38.002222,neutral,0.473,2026-03-15T17:30:36.212379,0.4461295054445384,2026-03-15T17:30:38.071000,82,,,
participant_16,3,day,Town10HD_Opt,2026-03-15 17:30:39.316354,50.37522888183594,29.36826515197754,0.0020804977975785,22.505,19.639,0.346,0.0,0,0,1,,1.0,2026-03-15T17:30:39.316354,neutral,0.765,2026-03-15T17:30:39.316354,0.4464367659508433,2026-03-15T17:30:39.016000,84,,,
participant_16,3,day,Town10HD_Opt,2026-03-15 17:30:40.046001,52.81125259399414,28.424354553222656,0.0020728684030473,22.496,16.992,0.332,0.0,0,0,1,,1.0,2026-03-15T17:30:40.046001,neutral,0.765,2026-03-15T17:30:39.316354,0.4496587691066456,2026-03-15T17:30:40.005000,84,,,
participant_16,3,day,Town10HD_Opt,2026-03-15 17:30:41.049769,56.66613006591797,28.02574157714844,0.0020769499242305,22.03,7.549,0.296,0.0,0,0,1,,1.0,2026-03-15T17:30:41.049769,neutral,0.765,2026-03-15T17:30:39.316354,0.4641902387095715,2026-03-15T17:30:41.041000,85,,,
participant_16,3,day,Town10HD_Opt,2026-03-15 17:30:42.081847,60.45914459228516,28.16245079040528,0.002069549402222,21.266,1.462,0.304,0.0,0,0,1,,1.0,2026-03-15T17:30:42.081847,neutral,0.755,2026-03-15T17:30:42.081847,0.4328428031527085,2026-03-15T17:30:42.032000,84,,,
participant_16,3,day,Town10HD_Opt,2026-03-15 17:30:43.091066,64.1253433227539,28.36567115783692,0.0020631407387554,20.625,-0.146,0.178,0.0,0,0,1,,1.0,2026-03-15T17:30:43.091066,neutral,0.755,2026-03-15T17:30:42.081847,0.4699487831924364,2026-03-15T17:30:43.021000,84,,,
participant_16,3,day,Town10HD_Opt,2026-03-15 17:30:44.096445,67.43842315673828,28.545223236083984,0.0019332122756168,16.764,-0.919,0.0,0.0,0,0,1,,1.0,2026-03-15T17:30:44.096445,sad,0.373,2026-03-15T17:30:44.096445,0.4965072620625829,2026-03-15T17:30:44.012000,81,,,
participant_16,3,day,Town10HD_Opt,2026-03-15 17:30:45.043866,70.04975891113281,28.64433860778809,0.0020401000510901,12.874,-1.539,0.0,0.0,0,0,1,,1.0,2026-03-15T17:30:45.043866,sad,0.373,2026-03-15T17:30:44.096445,0.4533172509308077,2026-03-15T17:30:45.046000,80,,,
participant_16,3,day,Town10HD_Opt,2026-03-15 17:30:46.045871,72.05577087402344,28.67764663696289,0.0020135878585278,10.038,-0.557,0.0,0.0,0,0,1,,0.851,2026-03-15T17:30:46.045871,sad,0.373,2026-03-15T17:30:44.096445,0.5052387238577172,2026-03-15T17:30:46.036000,81,,,
participant_16,3,day,Town10HD_Opt,2026-03-15 17:30:47.296121,74.02596282958984,28.714542388916016,0.0019857024308294,6.954,-0.035,0.0,0.0,0,0,1,,0.884,2026-03-15T17:30:47.296121,neutral,0.726,2026-03-15T17:30:47.296121,0.3828592890432515,2026-03-15T17:30:47.026000,79,,,
participant_16,3,day,Town10HD_Opt,2026-03-15 17:30:48.268337,75.10914611816406,28.73194122314453,0.0019702147692441,5.339,-0.357,0.0,0.0,0,0,1,,1.0,2026-03-15T17:30:48.268337,neutral,0.726,2026-03-15T17:30:47.296121,0.4850419254533533,2026-03-15T17:30:48.016000,80,,,
participant_16,3,day,Town10HD_Opt,2026-03-15 17:30:49.210804,75.94076538085938,28.7434196472168,0.0019583129324018,4.099,-0.348,0.0,0.0,0,0,1,,1.0,2026-03-15T17:30:49.210804,neutral,0.726,2026-03-15T17:30:47.296121,0.4656412178420825,2026-03-15T17:30:49.050000,81,,,
participant_16,3,day,Town10HD_Opt,2026-03-15 17:30:50.183431,76.57921600341797,28.75136375427246,0.0019492721185088,3.147,-0.336,0.0,0.0,0,0,1,,1.0,2026-03-15T17:30:50.183431,neutral,0.842,2026-03-15T17:30:50.183431,0.4198840789797708,2026-03-15T17:30:50.041000,78,,,
participant_16,3,day,Town10HD_Opt,2026-03-15 17:30:51.152213,77.15167999267578,28.757789611816406,0.0018370436737313,4.339,-0.329,0.0,0.0,0,0,1,,0.875,2026-03-15T17:30:51.152213,neutral,0.842,2026-03-15T17:30:50.183431,0.431425594934451,2026-03-15T17:30:51.030000,80,,,
participant_16,3,day,Town10HD_Opt,2026-03-15 17:30:52.059260,77.8431167602539,28.76495742797852,0.001946868840605,3.432,-0.32,0.0,0.0,0,0,1,,1.0,2026-03-15T17:30:52.059260,neutral,0.842,2026-03-15T17:30:50.183431,0.4714626446621781,2026-03-15T17:30:52.021000,81,,,
participant_16,3,day,Town10HD_Opt,2026-03-15 17:30:53.261911,78.52619171142578,28.77118682861328,0.0019421767210587,2.413,-0.317,0.0,0.0,0,0,1,,0.849,2026-03-15T17:30:53.261911,neutral,0.83,2026-03-15T17:30:53.261911,0.4234164116365709,2026-03-15T17:30:53.010000,78,,,
participant_16,3,day,Town10HD_Opt,2026-03-15 17:30:54.159007,78.9016342163086,28.774253845214844,0.0019367599161341,1.852,-0.317,0.0,0.0,0,0,1,,0.871,2026-03-15T17:30:54.159007,neutral,0.83,2026-03-15T17:30:53.261911,0.5166050369609589,2026-03-15T17:30:54.046000,78,,,
participant_16,3,day,Town10HD_Opt,2026-03-15 17:30:55.064985,79.18978118896484,28.77644157409668,0.0019327925983816,1.422,-0.31,0.0,0.0,0,0,1,,1.0,2026-03-15T17:30:55.064985,neutral,0.83,2026-03-15T17:30:53.261911,0.4279340608786421,2026-03-15T17:30:55.036000,76,,,
participant_16,3,day,Town10HD_Opt,2026-03-15 17:30:56.279972,79.47258758544922,28.7784423828125,0.0019287872128188,1.0,-0.308,0.0,0.0,0,0,1,,0.869,2026-03-15T17:30:56.279972,neutral,0.827,2026-03-15T17:30:56.279972,0.4385540255521706,2026-03-15T17:30:56.028000,78,,,
participant_16,3,day,Town10HD_Opt,2026-03-15 17:30:57.202226,79.62799072265625,28.779491424560547,0.0019263076828792,0.77,-0.301,0.0,0.0,0,0,1,,0.83,2026-03-15T17:30:57.202226,neutral,0.827,2026-03-15T17:30:56.279972,0.5701215970343376,2026-03-15T17:30:57.016000,76,,,
participant_16,3,day,Town10HD_Opt,2026-03-15 17:30:58.121331,79.97071075439453,28.78201103210449,0.0015849685296416,7.56,-0.101,1.0,0.0,0,0,1,,1.0,2026-03-15T17:30:58.121331,neutral,0.827,2026-03-15T17:30:56.279972,0.5801615091731452,2026-03-15T17:30:58.006000,75,,,
participant_16,3,day,Town10HD_Opt,2026-03-15 17:30:59.119500,82.56139373779297,28.83832550048828,0.0017279434250667,22.134,8.215,1.0,0.0,0,0,1,,1.0,2026-03-15T17:30:59.119500,neutral,0.907,2026-03-15T17:30:59.119500,0.7078373451922081,2026-03-15T17:30:59.041000,75,,,
participant_16,3,day,Town10HD_Opt,2026-03-15 17:31:00.149836,87.69185638427734,29.42236518859864,0.0015133285196498,38.4,-5.215,1.0,0.0,0,0,1,,1.0,2026-03-15T17:31:00.149836,neutral,0.907,2026-03-15T17:30:59.119500,0.5485947637440531,2026-03-15T17:31:00.122000,75,,,
participant_16,3,day,Town10HD_Opt,2026-03-15 17:31:01.211302,95.45993041992188,28.97116470336914,0.0016038893954828,51.878,-14.55,0.0,0.188,0,0,1,,1.0,2026-03-15T17:31:01.211302,neutral,0.519,2026-03-15T17:31:01.211302,0.6266274470172915,2026-03-15T17:31:01.066000,75,,,
participant_16,3,day,Town10HD_Opt,2026-03-15 17:31:02.253465,102.9120864868164,24.66886711120605,0.0021072386298328,48.223,-11.617,0.558,0.0,0,0,1,,1.0,2026-03-15T17:31:02.253465,neutral,0.519,2026-03-15T17:31:01.211302,0.6403950901348956,2026-03-15T17:31:02.011000,72,,,
participant_16,3,day,Town10HD_Opt,2026-03-15 17:31:03.005370,106.17214965820312,19.95147132873535,0.0020102690905332,49.757,-11.13,0.464,0.0,0,0,1,,0.921,2026-03-15T17:31:03.005370,neutral,0.519,2026-03-15T17:31:01.211302,0.6970689404885714,2026-03-15T17:31:03.046000,75,,,
participant_16,3,day,Town10HD_Opt,2026-03-15 17:31:04.296439,108.34759521484376,8.73996639251709,0.0019024276407435,51.681,1.159,0.0,0.168,0,0,1,,1.0,2026-03-15T17:31:04.296439,neutral,0.461,2026-03-15T17:31:04.296439,0.7262728520221939,2026-03-15T17:31:04.036000,76,,,
participant_16,3,day,Town10HD_Opt,2026-03-15 17:31:05.293357,108.57662200927734,0.075200080871582,0.002024688757956,49.306,-0.251,0.624,0.0,0,0,1,,1.0,2026-03-15T17:31:05.293357,neutral,0.461,2026-03-15T17:31:04.296439,0.814347552214182,2026-03-15T17:31:05.025000,76,,,
participant_16,3,day,Town10HD_Opt,2026-03-15 17:31:06.210165,108.76920318603516,-8.641064643859863,0.0021161651238799,48.942,-0.486,0.604,0.0,0,0,1,,1.0,2026-03-15T17:31:06.210165,neutral,0.461,2026-03-15T17:31:04.296439,0.7254255778326353,2026-03-15T17:31:06.019000,74,,,
participant_16,3,day,Town10HD_Opt,2026-03-15 17:31:07.210990,108.7771453857422,-17.371681213378906,0.0020573425572365,49.566,-1.387,0.582,0.0,0,0,1,,0.817,2026-03-15T17:31:07.210990,neutral,0.687,2026-03-15T17:31:07.210990,0.7780623295580015,2026-03-15T17:31:07.006000,74,,,
participant_16,3,day,Town10HD_Opt,2026-03-15 17:31:08.196046,108.19541931152344,-26.02345848083496,0.0020041274838149,50.175,-4.192,0.564,0.0,0,0,1,,0.828,2026-03-15T17:31:08.196046,neutral,0.687,2026-03-15T17:31:07.210990,0.7810254827470026,2026-03-15T17:31:08.042000,74,,,
participant_16,3,day,Town10HD_Opt,2026-03-15 17:31:09.129532,106.27806091308594,-34.53573226928711,0.0020488738082349,49.762,-4.636,0.564,0.0,0,0,1,,0.859,2026-03-15T17:31:09.129532,neutral,0.687,2026-03-15T17:31:07.210990,0.7437697700065319,2026-03-15T17:31:09.031000,76,,,
participant_16,3,day,Town10HD_Opt,2026-03-15 17:31:10.102916,102.77999877929688,-42.55366516113281,0.00211784359999,48.859,-4.87,0.564,0.0,0,0,1,,0.92,2026-03-15T17:31:10.102916,happy,0.854,2026-03-15T17:31:10.102916,0.7857765527390449,2026-03-15T17:31:10.021000,78,,,
participant_16,3,day,Town10HD_Opt,2026-03-15 17:31:11.048706,97.8637466430664,-49.60496139526367,0.0019954680465161,49.952,-4.676,0.564,0.0,0,0,1,,0.832,2026-03-15T17:31:11.048706,happy,0.854,2026-03-15T17:31:10.102916,0.7529649536275059,2026-03-15T17:31:11.010000,78,,,
participant_16,3,day,Town10HD_Opt,2026-03-15 17:31:11.999919,91.59890747070312,-55.66450119018555,0.0021249006967991,48.819,-4.997,0.564,0.0,0,0,1,,1.0,2026-03-15T17:31:11.999919,happy,0.854,2026-03-15T17:31:10.102916,0.7785278773199941,2026-03-15T17:31:12.046000,78,,,
participant_16,3,day,Town10HD_Opt,2026-03-15 17:31:13.219788,81.67268371582031,-61.5716667175293,0.0019953155424445,50.542,-4.386,0.0,0.0,0,0,1,,0.84,2026-03-15T17:31:13.219788,fear,0.936,2026-03-15T17:31:13.219788,0.7743610268832635,2026-03-15T17:31:13.036000,78,,,
participant_16,3,day,Town10HD_Opt,2026-03-15 17:31:14.206684,73.58405303955078,-64.3025894165039,0.0020399475470185,48.763,-4.395,0.564,0.0,0,0,1,,1.0,2026-03-15T17:31:14.206684,fear,0.936,2026-03-15T17:31:13.219788,0.7575206191758095,2026-03-15T17:31:14.027000,77,,,
participant_16,3,day,Town10HD_Opt,2026-03-15 17:31:15.166992,65.22098541259766,-65.64945220947266,0.0021761320531368,46.261,-0.914,0.256,0.0,0,0,1,,1.0,2026-03-15T17:31:15.166992,fear,0.936,2026-03-15T17:31:13.219788,0.8197157989212409,2026-03-15T17:31:15.017000,75,,,
participant_16,3,day,Town10HD_Opt,2026-03-15 17:31:16.098974,57.57945251464844,-66.35150909423828,0.0022059248294681,40.831,-1.201,0.255,0.0,0,0,1,,1.0,2026-03-15T17:31:16.098974,neutral,0.784,2026-03-15T17:31:16.098974,0.904317823696885,2026-03-15T17:31:16.007000,78,,,
participant_16,3,day,Town10HD_Opt,2026-03-15 17:31:17.055786,50.71516799926758,-66.78313446044922,0.0021188354585319,38.057,-0.707,0.432,0.0,0,0,1,,0.804,2026-03-15T17:31:17.055786,neutral,0.784,2026-03-15T17:31:16.098974,0.8259209453853488,2026-03-15T17:31:17.041000,73,,,
participant_16,3,day,Town10HD_Opt,2026-03-15 17:31:18.094455,44.07003402709961,-67.02397918701172,0.0020479201339185,37.948,-0.649,0.424,0.0,0,0,1,,0.854,2026-03-15T17:31:18.094455,neutral,0.784,2026-03-15T17:31:16.098974,0.826276789040549,2026-03-15T17:31:18.031000,74,,,
participant_16,3,day,Town10HD_Opt,2026-03-15 17:31:19.023057,37.4394760131836,-67.12834930419922,0.0020472717005759,37.819,-0.291,0.421,0.0,0,0,1,,1.0,2026-03-15T17:31:19.023057,happy,0.964,2026-03-15T17:31:19.023057,0.8963596188451527,2026-03-15T17:31:19.021000,74,,,
participant_16,3,day,Town10HD_Opt,2026-03-15 17:31:20.030601,30.834306716918945,-67.16746520996094,0.0020486831199377,37.645,0.009,0.419,0.0,0,0,1,,1.0,2026-03-15T17:31:20.030601,happy,0.964,2026-03-15T17:31:19.023057,0.7569300334733019,2026-03-15T17:31:20.010000,73,,,
participant_16,3,day,Town10HD_Opt,2026-03-15 17:31:21.255341,22.081689834594727,-67.24066162109375,0.0020502852275967,37.336,0.371,0.415,0.0,0,0,1,,1.0,2026-03-15T17:31:21.255341,happy,0.662,2026-03-15T17:31:21.255341,0.8220372657650518,2026-03-15T17:31:21.046000,76,,,
participant_16,3,day,Town10HD_Opt,2026-03-15 17:31:22.199657,15.566974639892578,-67.36457824707031,0.002052154392004,37.051,0.139,0.164,0.0,0,0,1,,1.0,2026-03-15T17:31:22.199657,happy,0.662,2026-03-15T17:31:21.255341,0.7622501512819272,2026-03-15T17:31:22.036000,76,,,
participant_16,3,day,Town10HD_Opt,2026-03-15 17:31:23.148084,9.558760643005373,-67.50697326660156,0.0022887038066983,30.541,0.268,0.0,0.0,0,0,1,,1.0,2026-03-15T17:31:23.148084,happy,0.662,2026-03-15T17:31:21.255341,0.789637360580251,2026-03-15T17:31:23.026000,73,,,
participant_16,3,day,Town10HD_Opt,2026-03-15 17:31:24.143812,4.878981113433838,-67.64718627929688,0.0022704696748405,22.573,0.052,0.0,0.0,0,0,1,,1.0,2026-03-15T17:31:24.143812,happy,0.997,2026-03-15T17:31:24.143812,0.8228289220148507,2026-03-15T17:31:24.016000,74,,,
participant_16,3,day,Town10HD_Opt,2026-03-15 17:31:25.203035,1.3478810787200928,-67.75773620605469,0.0019998168572783,17.398,0.052,0.0,0.0,0,0,1,,0.839,2026-03-15T17:31:25.203035,happy,0.997,2026-03-15T17:31:24.143812,0.8744524249362295,2026-03-15T17:31:25.053000,73,,,
participant_16,3,day,Town10HD_Opt,2026-03-15 17:31:26.132406,-1.3693139553070068,-67.84608459472656,0.0020433806348592,13.599,-0.002,0.0,0.0,0,0,1,,1.0,2026-03-15T17:31:26.132406,happy,0.997,2026-03-15T17:31:24.143812,0.8022807171080247,2026-03-15T17:31:26.041000,74,,,
participant_16,3,day,Town10HD_Opt,2026-03-15 17:31:27.065832,-3.4603590965271,-67.91277313232422,0.0020116043742746,10.411,-0.087,0.0,0.0,0,0,1,,0.913,2026-03-15T17:31:27.065832,fear,0.504,2026-03-15T17:31:27.065832,0.8367282174665741,2026-03-15T17:31:27.032000,75,,,
participant_16,3,day,Town10HD_Opt,2026-03-15 17:31:28.235322,-5.519924640655518,-67.97600555419922,0.0019909667316824,7.189,-0.089,0.019,0.0,0,0,1,,1.0,2026-03-15T17:31:28.235322,fear,0.504,2026-03-15T17:31:27.065832,0.8097767084027568,2026-03-15T17:31:28.021000,72,,,
participant_16,3,day,Town10HD_Opt,2026-03-15 17:31:29.142748,-6.638125419616699,-68.00936126708984,0.0019710920751094,5.525,-0.139,0.036,0.0,0,0,1,,0.811,2026-03-15T17:31:29.142748,happy,0.961,2026-03-15T17:31:29.142748,0.8506404131253157,2026-03-15T17:31:29.011000,73,,,
participant_16,3,day,Town10HD_Opt,2026-03-15 17:31:30.070921,-7.494688510894775,-68.03385925292969,0.001962661743164,4.167,-0.258,0.036,0.0,0,0,1,,1.0,2026-03-15T17:31:30.070921,happy,0.961,2026-03-15T17:31:29.142748,0.8552159436389314,2026-03-15T17:31:30.046000,76,,,
participant_16,3,day,Town10HD_Opt,2026-03-15 17:31:31.048698,-8.140527725219727,-68.05061340332031,0.001948699937202,3.191,-0.533,0.036,0.0,0,0,1,,0.862,2026-03-15T17:31:31.048698,happy,0.961,2026-03-15T17:31:29.142748,0.8828671053098593,2026-03-15T17:31:31.037000,72,,,
participant_16,3,day,Town10HD_Opt,2026-03-15 17:31:32.270267,-8.766295433044434,-68.06407928466797,0.0019414138514548,2.151,-0.712,0.089,0.0,0,0,1,,0.871,2026-03-15T17:31:32.270267,happy,0.596,2026-03-15T17:31:32.270267,0.845039212077426,2026-03-15T17:31:32.026000,73,,,
participant_16,3,day,Town10HD_Opt,2026-03-15 17:31:33.237434,-9.171914100646973,-68.07168579101562,0.0019037628080695,2.511,-0.712,0.12,0.0,0,0,1,,0.837,2026-03-15T17:31:33.237434,happy,0.596,2026-03-15T17:31:32.270267,0.8444971374197866,2026-03-15T17:31:33.017000,71,,,
participant_16,3,day,Town10HD_Opt,2026-03-15 17:31:34.157430,-9.676761627197266,-68.08058166503906,0.0019064712105318,3.011,-0.712,0.119,0.0,0,0,1,,1.0,2026-03-15T17:31:34.157430,happy,0.596,2026-03-15T17:31:32.270267,0.8243848101590664,2026-03-15T17:31:34.052000,75,,,
participant_16,3,day,Town10HD_Opt,2026-03-15 17:31:35.096012,-10.258275985717772,-68.08938598632812,0.001907997066155,3.415,-0.712,0.113,0.0,0,0,1,,0.899,2026-03-15T17:31:35.096012,happy,0.9,2026-03-15T17:31:35.096012,0.9101013458047972,2026-03-15T17:31:35.042000,74,,,
participant_16,3,day,Town10HD_Opt,2026-03-15 17:31:36.031410,-10.900726318359377,-68.09757995605469,0.0019109344575554,3.701,-0.705,0.113,0.0,0,0,1,,1.0,2026-03-15T17:31:36.031410,happy,0.9,2026-03-15T17:31:35.096012,0.8354354469504726,2026-03-15T17:31:36.031000,75,,,
participant_16,3,day,Town10HD_Opt,2026-03-15 17:31:37.204225,-11.834457397460938,-68.10665130615234,0.0019126128172501,4.059,-0.698,0.04,0.0,0,0,1,,0.865,2026-03-15T17:31:37.204225,happy,0.835,2026-03-15T17:31:37.204225,0.8171349664291732,2026-03-15T17:31:37.021000,74,,,
participant_16,3,day,Town10HD_Opt,2026-03-15 17:31:38.101069,-12.542856216430664,-68.1111831665039,0.0019454192370176,3.608,-0.667,0.0,0.0,0,0,1,,0.865,2026-03-15T17:31:38.101069,happy,0.835,2026-03-15T17:31:37.204225,0.8738507438247314,2026-03-15T17:31:38.056000,75,,,
participant_16,3,day,Town10HD_Opt,2026-03-15 17:31:39.279521,-13.262110710144045,-68.11373138427734,0.0019435118883848,2.536,-0.66,0.0,0.0,0,0,1,,0.813,2026-03-15T17:31:39.279521,happy,0.947,2026-03-15T17:31:39.279521,0.8588864112234064,2026-03-15T17:31:39.046000,76,,,
participant_16,3,day,Town10HD_Opt,2026-03-15 17:31:40.216958,-13.675655364990234,-68.11425018310547,0.0018442535074427,3.41,-0.656,0.758,0.0,0,0,1,,0.853,2026-03-15T17:31:40.216958,happy,0.947,2026-03-15T17:31:39.279521,0.7843491577984196,2026-03-15T17:31:40.036000,73,,,
participant_16,3,day,Town10HD_Opt,2026-03-15 17:31:41.078268,-15.409768104553224,-68.11275482177734,0.0014266967773437,18.206,-0.573,0.989,0.0,0,0,1,,0.81,2026-03-15T17:31:41.078268,happy,0.947,2026-03-15T17:31:39.279521,0.8602945707656687,2026-03-15T17:31:41.026000,73,,,
participant_16,3,day,Town10HD_Opt,2026-03-15 17:31:42.029914,-19.122377395629883,-68.08562469482422,0.0020243453327566,21.45,-0.063,0.0,0.0,0,0,1,,0.921,2026-03-15T17:31:42.029914,happy,0.795,2026-03-15T17:31:42.029914,0.7838777773980499,2026-03-15T17:31:42.017000,72,,,
participant_16,3,day,Town10HD_Opt,2026-03-15 17:31:43.270481,-23.592227935791016,-68.04346466064453,0.0020182800944894,19.303,-0.054,0.648,0.0,0,0,1,,1.0,2026-03-15T17:31:43.270481,happy,0.795,2026-03-15T17:31:42.029914,0.8514555559083055,2026-03-15T17:31:43.051000,73,,,
participant_16,3,day,Town10HD_Opt,2026-03-15 17:31:44.211279,-27.69758033752441,-68.01014709472656,0.0016342544695362,30.371,0.263,0.823,0.0,0,0,1,,1.0,2026-03-15T17:31:44.211279,happy,0.998,2026-03-15T17:31:44.211279,0.7760211297281923,2026-03-15T17:31:44.041000,73,,,
participant_16,3,day,Town10HD_Opt,2026-03-15 17:31:45.222206,-33.8756103515625,-67.99497985839844,0.0017481230897828,40.138,0.115,0.699,0.0,0,0,1,,1.0,2026-03-15T17:31:45.222206,happy,0.998,2026-03-15T17:31:44.211279,0.8236124179457638,2026-03-15T17:31:45.031000,72,,,
participant_16,3,day,Town10HD_Opt,2026-03-15 17:31:46.056375,-38.757774353027344,-67.99835205078125,0.0018659209599718,43.35,-0.204,0.33,0.0,0,0,1,,1.0,2026-03-15T17:31:46.056375,happy,0.998,2026-03-15T17:31:44.211279,0.8590931814468242,2026-03-15T17:31:46.021000,69,,,
participant_16,3,day,Town10HD_Opt,2026-03-15 17:31:47.054685,-46.14186477661133,-67.9469223022461,0.0024137496948242,40.351,-0.465,0.3,0.0,0,0,1,,1.0,2026-03-15T17:31:47.054685,happy,0.892,2026-03-15T17:31:47.054685,0.8235663507463878,2026-03-15T17:31:47.057000,71,,,
participant_16,3,day,Town10HD_Opt,2026-03-15 17:31:48.078316,-52.9462890625,-67.78623962402344,0.0020822905935347,37.759,-1.295,0.643,0.0,0,0,1,,1.0,2026-03-15T17:31:48.078316,happy,0.892,2026-03-15T17:31:47.054685,0.7873538981152798,2026-03-15T17:31:48.047000,75,,,
participant_16,3,day,Town10HD_Opt,2026-03-15 17:31:49.030567,-60.06450653076172,-67.3161849975586,0.001769027672708,44.954,-1.723,0.807,0.0,0,0,1,,1.0,2026-03-15T17:31:49.030567,happy,0.892,2026-03-15T17:31:47.054685,0.7371594216519893,2026-03-15T17:31:49.036000,73,,,
participant_16,3,day,Town10HD_Opt,2026-03-15 17:31:50.316057,-71.42486572265625,-65.839111328125,0.0021721648517996,48.41,-2.546,0.716,0.0,0,0,1,,1.0,2026-03-15T17:31:50.316057,neutral,0.48,2026-03-15T17:31:50.316057,0.8125695031298833,2026-03-15T17:31:50.116000,73,,,
participant_16,3,day,Town10HD_Opt,2026-03-15 17:31:51.249211,-79.88988494873047,-63.8813591003418,0.0021277999039739,48.759,-3.891,0.693,0.0,0,0,1,,1.0,2026-03-15T17:31:51.249211,neutral,0.48,2026-03-15T17:31:50.316057,0.8269045380143935,2026-03-15T17:31:51.061000,76,,,
participant_16,3,day,Town10HD_Opt,2026-03-15 17:31:52.196210,-87.94281005859375,-60.6234245300293,0.0020615386310964,49.433,-5.233,0.691,0.0,0,0,1,,1.0,2026-03-15T17:31:52.196210,neutral,0.48,2026-03-15T17:31:50.316057,0.8122852884044006,2026-03-15T17:31:52.051000,77,,,
participant_16,3,day,Town10HD_Opt,2026-03-15 17:31:53.138445,-95.17510223388672,-55.741336822509766,0.0020763778593391,49.291,-6.518,0.691,0.0,0,0,1,,1.0,2026-03-15T17:31:53.138445,neutral,0.593,2026-03-15T17:31:53.138445,0.8053360682575711,2026-03-15T17:31:53.041000,75,,,
participant_16,3,day,Town10HD_Opt,2026-03-15 17:31:54.092462,-100.9117202758789,-49.2685775756836,0.0019522857619449,50.874,-4.681,0.0,0.0,0,0,1,,1.0,2026-03-15T17:31:54.092462,neutral,0.593,2026-03-15T17:31:53.138445,0.7283414572874701,2026-03-15T17:31:54.031000,79,,,
participant_16,3,day,Town10HD_Opt,2026-03-15 17:31:55.055135,-105.33063507080078,-41.80608749389648,0.0019440460018813,50.962,-4.011,0.0,0.0,0,0,1,,0.852,2026-03-15T17:31:55.055135,neutral,0.593,2026-03-15T17:31:53.138445,0.7258341531039307,2026-03-15T17:31:55.022000,75,,,
participant_16,3,day,Town10HD_Opt,2026-03-15 17:31:56.068439,-108.52407836914062,-33.7828483581543,0.0020586394239217,48.25,-4.282,0.0,0.0,0,0,1,,1.0,2026-03-15T17:31:56.068439,happy,0.844,2026-03-15T17:31:56.068439,0.6509784919288056,2026-03-15T17:31:56.056000,77,,,
participant_16,3,day,Town10HD_Opt,2026-03-15 17:31:57.306495,-110.36384582519533,-24.01170539855957,0.0022419355809688,38.216,-3.587,0.707,0.0,0,0,1,,1.0,2026-03-15T17:31:57.306495,happy,0.844,2026-03-15T17:31:56.068439,0.610352615570509,2026-03-15T17:31:57.048000,76,,,
participant_16,3,day,Town10HD_Opt,2026-03-15 17:31:58.272887,-110.5751953125,-17.4124813079834,0.0022779083810746,33.948,-1.431,0.0,0.321,0,0,1,,0.808,2026-03-15T17:31:58.272887,happy,0.893,2026-03-15T17:31:58.272887,0.5641454794357696,2026-03-15T17:31:58.037000,75,,,
participant_16,3,day,Town10HD_Opt,2026-03-15 17:31:59.233186,-110.47809600830078,-12.282804489135742,0.0023568724282085,24.037,-1.102,0.0,0.365,0,0,1,,1.0,2026-03-15T17:31:59.233186,happy,0.893,2026-03-15T17:31:58.272887,0.6120219905083178,2026-03-15T17:31:59.071000,73,,,
participant_16,3,day,Town10HD_Opt,2026-03-15 17:32:00.228427,-110.3434066772461,-8.761348724365234,0.002061576815322,15.828,0.456,0.0,0.398,0,0,1,,1.0,2026-03-15T17:32:00.228427,happy,0.893,2026-03-15T17:31:58.272887,0.5866513321889563,2026-03-15T17:32:00.016000,74,,,
participant_16,3,day,Town10HD_Opt,2026-03-15 17:32:01.170972,-110.27474975585938,-6.52786922454834,0.002130584558472,9.153,0.822,0.0,0.518,0,0,1,,1.0,2026-03-15T17:32:01.170972,happy,0.987,2026-03-15T17:32:01.170972,0.5380853059457223,2026-03-15T17:32:01.051000,76,,,
participant_16,3,day,Town10HD_Opt,2026-03-15 17:32:02.203679,-110.25505828857422,-5.660825252532959,0.0022549056448042,0.001,0.813,0.0,0.438,0,0,1,,1.0,2026-03-15T17:32:02.203679,happy,0.987,2026-03-15T17:32:01.170972,0.5777028808388983,2026-03-15T17:32:02.042000,76,,,
participant_16,3,day,Town10HD_Opt,2026-03-15 17:32:03.234280,-110.25505828857422,-5.659788608551025,0.0019292831420898,0.002,0.55,0.0,0.0,0,0,1,,0.802,2026-03-15T17:32:03.234280,happy,0.997,2026-03-15T17:32:03.234280,0.4856066692694503,2026-03-15T17:32:03.032000,74,,,
participant_16,3,day,Town10HD_Opt,2026-03-15 17:32:04.143584,-110.25505828857422,-5.659661769866943,0.0019193267216905,0.006,0.498,0.0,0.0,0,0,1,,1.0,2026-03-15T17:32:04.143584,happy,0.997,2026-03-15T17:32:03.234280,0.5834994886867559,2026-03-15T17:32:04.111000,75,,,
participant_16,3,day,Town10HD_Opt,2026-03-15 17:32:05.077126,-110.25505828857422,-5.65972375869751,0.0019189071608707,0.007,0.496,0.0,0.0,0,0,1,,1.0,2026-03-15T17:32:05.077126,happy,0.997,2026-03-15T17:32:03.234280,0.4515854641943833,2026-03-15T17:32:05.056000,76,,,
participant_16,3,day,Town10HD_Opt,2026-03-15 17:32:06.021723,-110.25505828857422,-5.659590244293213,0.0019191360333934,0.002,0.47,0.0,0.0,0,0,1,,1.0,2026-03-15T17:32:06.021723,happy,0.988,2026-03-15T17:32:06.021723,0.4800787560031043,2026-03-15T17:32:06.047000,74,,,
participant_16,3,day,Town10HD_Opt,2026-03-15 17:32:07.206401,-110.25505828857422,-5.659509658813477,0.0019190596649423,0.002,0.451,0.0,0.0,0,0,1,,1.0,2026-03-15T17:32:07.206401,happy,0.988,2026-03-15T17:32:06.021723,0.473761652910683,2026-03-15T17:32:07.036000,74,,,
participant_16,3,day,Town10HD_Opt,2026-03-15 17:32:08.090676,-110.25505828857422,-5.65930700302124,0.0019192504696547,0.001,0.439,0.0,0.0,0,0,1,,0.857,2026-03-15T17:32:08.090676,happy,1.0,2026-03-15T17:32:08.090676,0.5122423778676858,2026-03-15T17:32:08.026000,75,,,
participant_16,3,day,Town10HD_Opt,2026-03-15 17:32:08.999058,-110.25505828857422,-5.659255027770996,0.0019189452286809,0.006,0.418,0.0,0.0,0,0,1,,1.0,2026-03-15T17:32:08.999058,happy,1.0,2026-03-15T17:32:08.090676,0.4951908028260261,2026-03-15T17:32:09.017000,77,,,
participant_16,3,day,Town10HD_Opt,2026-03-15 17:32:10.252141,-110.25505828857422,-5.659154415130615,0.0019189834129065,0.006,0.414,0.0,0.0,0,0,1,,1.0,2026-03-15T17:32:10.252141,happy,1.0,2026-03-15T17:32:10.252141,0.4470929168131598,2026-03-15T17:32:10.097000,78,,,
participant_16,3,day,Town10HD_Opt,2026-03-15 17:32:11.147303,-110.25505828857422,-5.659208297729492,0.0019187545403838,0.006,0.414,0.0,0.0,0,0,1,,1.0,2026-03-15T17:32:11.147303,happy,1.0,2026-03-15T17:32:10.252141,0.4221598775960734,2026-03-15T17:32:11.042000,78,,,
participant_16,3,day,Town10HD_Opt,2026-03-15 17:32:12.077118,-110.25505828857422,-5.659183025360107,0.0019190596649423,0.002,0.414,0.0,0.0,0,0,1,,1.0,2026-03-15T17:32:12.077118,happy,1.0,2026-03-15T17:32:10.252141,0.5287335653085772,2026-03-15T17:32:12.031000,76,,,
participant_16,3,day,Town10HD_Opt,2026-03-15 17:32:13.226230,-110.25505828857422,-5.6591010093688965,0.0019190596649423,0.002,0.416,0.0,0.0,0,0,1,,1.0,2026-03-15T17:32:13.226230,happy,0.959,2026-03-15T17:32:13.226230,0.4418583067375712,2026-03-15T17:32:13.021000,76,,,
participant_16,3,day,Town10HD_Opt,2026-03-15 17:32:14.183013,-110.25505828857422,-5.658924579620361,0.0019192122854292,0.001,0.432,0.0,0.0,0,0,1,,0.847,2026-03-15T17:32:14.183013,happy,0.959,2026-03-15T17:32:13.226230,0.4627115117564321,2026-03-15T17:32:14.056000,74,,,
participant_16,3,day,Town10HD_Opt,2026-03-15 17:32:15.137973,-110.25505828857422,-5.658753395080566,0.0019189834129065,0.006,0.442,0.0,0.0,0,0,1,,1.0,2026-03-15T17:32:15.137973,happy,0.959,2026-03-15T17:32:13.226230,0.506842289039254,2026-03-15T17:32:15.046000,75,,,
participant_16,3,day,Town10HD_Opt,2026-03-15 17:32:16.076671,-110.25505828857422,-5.6588006019592285,0.0019188689766451,0.006,0.451,0.0,0.0,0,0,1,,1.0,2026-03-15T17:32:16.076671,happy,0.999,2026-03-15T17:32:16.076671,0.4904179888310976,2026-03-15T17:32:16.036000,75,,,
participant_16,3,day,Town10HD_Opt,2026-03-15 17:32:17.062452,-110.25505828857422,-5.658851146697998,0.001919021597132,0.007,0.461,0.0,0.0,0,0,1,,1.0,2026-03-15T17:32:17.062452,happy,0.999,2026-03-15T17:32:16.076671,0.4090010003089487,2026-03-15T17:32:17.026000,75,,,
participant_16,3,day,Town10HD_Opt,2026-03-15 17:32:18.249215,-110.25505828857422,-5.658766746520996,0.001919021597132,0.006,0.465,0.0,0.0,0,0,1,,1.0,2026-03-15T17:32:18.249215,happy,0.999,2026-03-15T17:32:18.249215,0.4261629035499502,2026-03-15T17:32:18.062000,75,,,
participant_16,3,day,Town10HD_Opt,2026-03-15 17:32:19.139776,-110.25505828857422,-5.658608436584473,0.0019191360333934,0.002,0.493,0.0,0.0,0,0,1,,1.0,2026-03-15T17:32:19.139776,happy,0.999,2026-03-15T17:32:18.249215,0.4912713533058305,2026-03-15T17:32:19.051000,75,,,
participant_16,3,day,Town10HD_Opt,2026-03-15 17:32:20.070283,-110.25505828857422,-5.658393859863281,0.0019192504696547,0.001,0.512,0.0,0.0,0,0,1,,1.0,2026-03-15T17:32:20.070283,happy,0.999,2026-03-15T17:32:18.249215,0.4284583062107593,2026-03-15T17:32:20.042000,77,,,
participant_16,3,day,Town10HD_Opt,2026-03-15 17:32:21.217825,-110.25505828857422,-5.65831995010376,0.0019192122854292,0.001,0.545,0.0,0.0,0,0,1,,1.0,2026-03-15T17:32:21.217825,happy,1.0,2026-03-15T17:32:21.217825,0.4703833275165565,2026-03-15T17:32:21.031000,75,,,
participant_16,3,day,Town10HD_Opt,2026-03-15 17:32:22.118274,-110.2476806640625,-5.312868595123291,0.0015231703873723,8.652,0.634,1.0,0.0,0,0,1,,0.823,2026-03-15T17:32:22.118274,happy,1.0,2026-03-15T17:32:21.217825,0.3253892747007063,2026-03-15T17:32:22.021000,76,,,
participant_16,3,day,Town10HD_Opt,2026-03-15 17:32:23.040072,-110.20185089111328,-2.5754361152648926,0.0017347335815429,22.65,0.63,0.928,0.0,0,0,1,,0.826,2026-03-15T17:32:23.040072,happy,1.0,2026-03-15T17:32:21.217825,0.3953858886190954,2026-03-15T17:32:23.012000,73,,,
participant_16,3,day,Town10HD_Opt,2026-03-15 17:32:24.039206,-110.17318725585938,2.386988401412964,0.0017052459297701,34.823,-0.268,0.621,0.0,0,0,1,,1.0,2026-03-15T17:32:24.039206,happy,0.934,2026-03-15T17:32:24.039206,0.3668895564320922,2026-03-15T17:32:24.047000,74,,,
participant_16,3,day,Town10HD_Opt,2026-03-15 17:32:25.046642,-109.99954986572266,8.7738618850708,0.0020034408662468,38.222,-8.039,0.365,0.0,0,0,1,,1.0,2026-03-15T17:32:25.046642,happy,0.934,2026-03-15T17:32:24.039206,0.3571949011707666,2026-03-15T17:32:25.036000,75,,,
participant_16,3,day,Town10HD_Opt,2026-03-15 17:32:26.021240,-108.4818344116211,15.091191291809082,0.0020991514902561,35.868,-10.072,0.019,0.0,0,0,1,,1.0,2026-03-15T17:32:26.021240,happy,0.934,2026-03-15T17:32:24.039206,0.3559488987667037,2026-03-15T17:32:26.026000,75,,,
participant_16,3,day,Town10HD_Opt,2026-03-15 17:32:27.012850,-105.63996887207033,19.89335823059082,0.0023130034096539,27.671,-10.855,0.0,0.0,0,0,1,,1.0,2026-03-15T17:32:27.012850,happy,0.999,2026-03-15T17:32:27.012850,0.4433552061087892,2026-03-15T17:32:27.017000,78,,,
participant_16,3,day,Town10HD_Opt,2026-03-15 17:32:28.045542,-102.50980377197266,22.74814414978028,0.0022880553733557,20.673,-16.443,0.0,0.0,0,0,1,,1.0,2026-03-15T17:32:28.045542,happy,0.999,2026-03-15T17:32:27.012850,0.3692922410036555,2026-03-15T17:32:28.051000,78,,,
participant_16,3,day,Town10HD_Opt,2026-03-15 17:32:29.102325,-99.22981262207033,24.265024185180664,0.0017814254388213,25.349,-9.631,0.825,0.0,0,0,1,,1.0,2026-03-15T17:32:29.102325,neutral,0.77,2026-03-15T17:32:29.102325,0.2855300582557643,2026-03-15T17:32:29.042000,78,,,
participant_16,3,day,Town10HD_Opt,2026-03-15 17:32:30.169632,-94.43848419189452,25.707902908325195,0.0020019530784338,29.266,2.193,0.091,0.0,0,0,1,,1.0,2026-03-15T17:32:30.169632,neutral,0.77,2026-03-15T17:32:29.102325,0.3494988816356964,2026-03-15T17:32:30.032000,80,,,
participant_16,3,day,Town10HD_Opt,2026-03-15 17:32:31.163300,-90.01374816894531,27.19394302368164,0.0022476576268672,23.168,-2.546,0.0,0.0,0,0,1,,1.0,2026-03-15T17:32:31.163300,sad,0.561,2026-03-15T17:32:31.163300,0.3208306845180738,2026-03-15T17:32:31.022000,80,,,
participant_16,3,day,Town10HD_Opt,2026-03-15 17:32:32.250383,-86.59187316894531,28.17535781860352,0.0020419692154973,17.705,-6.388,0.109,0.0,0,0,1,,1.0,2026-03-15T17:32:32.250383,sad,0.561,2026-03-15T17:32:31.163300,0.3637846975360571,2026-03-15T17:32:32.011000,79,,,errors=Solid line crossing
participant_16,3,day,Town10HD_Opt,2026-03-15 17:32:33.269475,-83.72942352294922,28.57976531982422,0.0020018385257571,15.112,-10.348,0.101,0.0,0,0,1,,0.801,2026-03-15T17:32:33.269475,happy,0.784,2026-03-15T17:32:33.269475,0.3365445558386689,2026-03-15T17:32:33.046000,83,,,
participant_16,3,day,Town10HD_Opt,2026-03-15 17:32:34.022062,-82.04656982421875,28.612079620361328,0.0020237730350345,13.38,-7.33,0.0,0.0,0,0,1,,1.0,2026-03-15T17:32:34.022062,happy,0.784,2026-03-15T17:32:33.269475,0.3135688334599613,2026-03-15T17:32:34.036000,86,,,
participant_16,3,day,Town10HD_Opt,2026-03-15 17:32:35.014538,-79.99024963378906,28.583620071411133,0.0020151138305664,10.145,-1.234,0.0,0.0,0,0,1,,1.0,2026-03-15T17:32:35.014538,happy,0.784,2026-03-15T17:32:33.269475,0.4066808585941514,2026-03-15T17:32:35.071000,86,,,
participant_16,3,day,Town10HD_Opt,2026-03-15 17:32:36.041403,-78.42372131347656,28.564098358154297,0.0020212554372847,7.248,-0.67,0.0,0.151,0,0,1,,0.86,2026-03-15T17:32:36.041403,happy,0.998,2026-03-15T17:32:36.041403,0.3449325261472289,2026-03-15T17:32:36.016000,84,,,
participant_16,3,day,Town10HD_Opt,2026-03-15 17:32:37.069625,-77.6882553100586,28.552595138549805,0.0022083662915974,0.001,-0.585,0.0,0.148,0,0,1,,1.0,2026-03-15T17:32:37.069625,happy,0.998,2026-03-15T17:32:36.041403,0.3325327310200607,2026-03-15T17:32:37.052000,83,,,
participant_16,3,day,Town10HD_Opt,2026-03-15 17:32:38.275054,-77.6839599609375,28.55251884460449,0.0019215773791074,0.028,-0.498,0.0,0.0,0,0,1,,1.0,2026-03-15T17:32:38.275054,happy,0.999,2026-03-15T17:32:38.275054,0.348831103535947,2026-03-15T17:32:38.041000,84,,,
participant_16,3,day,Town10HD_Opt,2026-03-15 17:32:39.225180,-77.68132781982422,28.55246353149414,0.0019190978491678,0.005,-0.423,0.0,0.0,0,0,1,,1.0,2026-03-15T17:32:39.225180,happy,0.999,2026-03-15T17:32:38.275054,0.292875866241288,2026-03-15T17:32:39.076000,87,,,
participant_16,3,day,Town10HD_Opt,2026-03-15 17:32:40.151321,-77.68095397949219,28.55246353149414,0.0019191741012036,0.001,-0.421,0.0,0.0,0,0,1,,1.0,2026-03-15T17:32:40.151321,happy,0.999,2026-03-15T17:32:38.275054,0.3035873055325495,2026-03-15T17:32:40.067000,84,,,
participant_16,3,day,Town10HD_Opt,2026-03-15 17:32:41.062453,-77.68093872070312,28.552465438842773,0.0019189071608707,0.006,-0.421,0.0,0.0,0,0,1,,1.0,2026-03-15T17:32:41.062453,happy,1.0,2026-03-15T17:32:41.062453,0.3899370205618706,2026-03-15T17:32:41.057000,86,,,
participant_16,3,day,Town10HD_Opt,2026-03-15 17:32:42.048553,-77.68098449707031,28.552465438842773,0.0019187163561582,0.006,-0.416,0.0,0.0,0,0,1,,1.0,2026-03-15T17:32:42.048553,happy,1.0,2026-03-15T17:32:41.062453,0.2801532515119502,2026-03-15T17:32:42.047000,88,,,
participant_16,3,day,Town10HD_Opt,2026-03-15 17:32:43.268468,-77.68085479736328,28.552465438842773,0.0019187163561582,0.006,-0.407,0.0,0.0,0,0,1,,1.0,2026-03-15T17:32:43.268468,happy,1.0,2026-03-15T17:32:43.268468,0.2610726048593556,2026-03-15T17:32:43.037000,85,,,
participant_16,3,day,Town10HD_Opt,2026-03-15 17:32:44.214346,-77.64982604980469,28.55195999145508,0.0018030548235401,2.531,-0.36,1.0,0.0,0,0,1,,1.0,2026-03-15T17:32:44.214346,happy,1.0,2026-03-15T17:32:43.268468,0.2423409865398675,2026-03-15T17:32:44.026000,86,,,
participant_16,3,day,Town10HD_Opt,2026-03-15 17:32:45.152813,-75.92638397216797,28.525047302246094,0.0013972473097965,18.688,-0.338,1.0,0.0,0,0,1,,1.0,2026-03-15T17:32:45.152813,happy,1.0,2026-03-15T17:32:43.268468,0.2591971934529638,2026-03-15T17:32:45.017000,86,,,
participant_16,3,day,Town10HD_Opt,2026-03-15 17:32:46.111373,-71.83649444580078,28.452470779418945,0.0019094466697424,25.522,-0.031,0.0,0.0,0,0,1,,1.0,2026-03-15T17:32:46.111373,happy,0.998,2026-03-15T17:32:46.111373,0.3308723664027304,2026-03-15T17:32:46.052000,88,,,
participant_16,3,day,Town10HD_Opt,2026-03-15 17:32:47.068719,-67.8333740234375,28.391830444335938,0.0022339629940688,19.5,0.578,0.0,0.0,0,0,1,,1.0,2026-03-15T17:32:47.068719,happy,0.998,2026-03-15T17:32:46.111373,0.2431136520954541,2026-03-15T17:32:47.042000,85,,,
participant_16,3,day,Town10HD_Opt,2026-03-15 17:32:48.057057,-64.36671447753906,28.378087997436523,0.001716194092296,25.316,0.536,1.0,0.0,0,0,1,,1.0,2026-03-15T17:32:48.057057,happy,0.998,2026-03-15T17:32:46.111373,0.3189961886193039,2026-03-15T17:32:48.031000,85,,,
participant_16,3,day,Town10HD_Opt,2026-03-15 17:32:49.294128,-56.07975006103516,28.43613052368164,0.0015779495006427,45.852,0.031,0.87,0.0,0,0,1,,1.0,2026-03-15T17:32:49.294128,neutral,0.962,2026-03-15T17:32:49.294128,0.2800408445374891,2026-03-15T17:32:49.022000,86,,,
participant_16,3,day,Town10HD_Opt,2026-03-15 17:32:50.303300,-47.4346923828125,28.52157974243164,0.0021005249582231,48.651,0.063,0.729,0.0,0,0,1,,1.0,2026-03-15T17:32:50.303300,neutral,0.962,2026-03-15T17:32:49.294128,0.2049230819144869,2026-03-15T17:32:50.057000,84,,,
participant_16,3,day,Town10HD_Opt,2026-03-15 17:32:51.249530,-38.756195068359375,28.615123748779297,0.0020004652906209,50.368,-0.454,0.688,0.0,0,0,1,,1.0,2026-03-15T17:32:51.249530,neutral,0.962,2026-03-15T17:32:49.294128,0.2058007261972239,2026-03-15T17:32:51.047000,83,,,
participant_16,3,day,Town10HD_Opt,2026-03-15 17:32:52.164936,-30.042394638061523,28.61174201965332,0.0019581986125558,50.62,-0.16,0.0,0.0,0,0,1,,1.0,2026-03-15T17:32:52.164936,neutral,0.684,2026-03-15T17:32:52.164936,0.2309462199562504,2026-03-15T17:32:52.037000,81,,,
participant_16,3,day,Town10HD_Opt,2026-03-15 17:32:53.096364,-21.38358688354492,28.52103614807129,0.0019607162103056,50.915,0.056,0.0,0.0,0,0,1,,1.0,2026-03-15T17:32:53.096364,neutral,0.684,2026-03-15T17:32:52.164936,0.3529164353152618,2026-03-15T17:32:53.117000,81,,,
participant_16,3,day,Town10HD_Opt,2026-03-15 17:32:54.130620,-12.70753002166748,28.416410446166992,0.0020231627859175,49.65,0.139,0.651,0.0,0,0,1,,1.0,2026-03-15T17:32:54.130620,neutral,0.684,2026-03-15T17:32:52.164936,0.3323707050295318,2026-03-15T17:32:54.017000,80,,,
participant_16,3,day,Town10HD_Opt,2026-03-15 17:32:55.070489,-4.049013614654541,28.351470947265625,0.0022227859590202,45.735,0.115,0.0,0.0,0,0,1,,1.0,2026-03-15T17:32:55.070489,happy,1.0,2026-03-15T17:32:55.070489,0.2605518521539959,2026-03-15T17:32:55.053000,79,,,
participant_16,3,day,Town10HD_Opt,2026-03-15 17:32:56.278268,5.259697914123535,28.32590675354004,0.0023472975008189,33.049,0.115,0.007,0.0,0,0,1,,1.0,2026-03-15T17:32:56.278268,happy,1.0,2026-03-15T17:32:55.070489,0.320218416216116,2026-03-15T17:32:56.042000,81,,,
participant_16,3,day,Town10HD_Opt,2026-03-15 17:32:57.212630,10.499591827392578,28.329530715942383,0.0022063446231186,27.243,0.002,0.242,0.0,0,0,1,,1.0,2026-03-15T17:32:57.212630,neutral,0.833,2026-03-15T17:32:57.212630,0.3644531822891397,2026-03-15T17:32:57.031000,82,,,
participant_16,3,day,Town10HD_Opt,2026-03-15 17:32:58.125744,15.071839332580566,28.3333740234375,0.0021064376924186,25.184,0.002,0.312,0.0,0,0,1,,1.0,2026-03-15T17:32:58.125744,neutral,0.833,2026-03-15T17:32:57.212630,0.3240848221144034,2026-03-15T17:32:58.067000,79,,,
participant_16,3,day,Town10HD_Opt,2026-03-15 17:32:59.038916,19.405426025390625,28.33742332458496,0.0020591735374182,24.515,0.012,0.337,0.0,0,0,1,,1.0,2026-03-15T17:32:59.038916,neutral,0.833,2026-03-15T17:32:57.212630,0.4260458119143119,2026-03-15T17:32:59.062000,79,,,
participant_16,3,day,Town10HD_Opt,2026-03-15 17:33:00.307180,25.07710838317871,28.363746643066406,0.0020569609478116,24.022,2.4,0.324,0.0,0,0,1,,1.0,2026-03-15T17:33:00.307180,happy,0.999,2026-03-15T17:33:00.307180,0.3685039524827486,2026-03-15T17:33:00.047000,78,,,
participant_16,3,day,Town10HD_Opt,2026-03-15 17:33:01.257318,29.21855926513672,28.71169662475586,0.002068939153105,23.452,9.648,0.326,0.0,0,0,1,,0.803,2026-03-15T17:33:01.257318,happy,0.999,2026-03-15T17:33:00.307180,0.3985283465349137,2026-03-15T17:33:01.036000,80,,,
participant_16,3,day,Town10HD_Opt,2026-03-15 17:33:02.209598,33.1055793762207,29.866559982299805,0.0020693968981504,23.048,12.541,0.332,0.0,0,0,1,,0.804,2026-03-15T17:33:02.209598,happy,0.999,2026-03-15T17:33:00.307180,0.410945097061515,2026-03-15T17:33:02.026000,77,,,
participant_16,3,day,Town10HD_Opt,2026-03-15 17:33:03.135969,36.40828704833984,32.04777908325195,0.0020838165655732,22.554,17.631,0.333,0.0,0,0,1,,0.845,2026-03-15T17:33:03.135969,neutral,0.88,2026-03-15T17:33:03.135969,0.3368351911836859,2026-03-15T17:33:03.062000,78,,,
participant_16,3,day,Town10HD_Opt,2026-03-15 17:33:04.036055,38.741172790527344,35.166873931884766,0.00207897182554,22.251,16.548,0.329,0.0,0,0,1,,0.813,2026-03-15T17:33:04.036055,neutral,0.88,2026-03-15T17:33:03.135969,0.4314113198307147,2026-03-15T17:33:04.052000,79,,,
participant_16,3,day,Town10HD_Opt,2026-03-15 17:33:05.280855,40.10863876342773,40.07833099365234,0.0020737838931381,21.636,7.263,0.118,0.0,0,0,1,,1.0,2026-03-15T17:33:05.280855,sad,0.888,2026-03-15T17:33:05.280855,0.3469282266172452,2026-03-15T17:33:05.044000,78,,,
participant_16,3,day,Town10HD_Opt,2026-03-15 17:33:06.277904,40.40301513671875,43.57513427734375,0.0020360182970762,17.832,-0.148,0.0,0.0,0,0,1,,1.0,2026-03-15T17:33:06.277904,sad,0.888,2026-03-15T17:33:05.280855,0.3432874442869229,2026-03-15T17:33:06.032000,78,,,
participant_16,3,day,Town10HD_Opt,2026-03-15 17:33:07.226886,40.55585861206055,46.334720611572266,0.0020440672524273,13.838,3.184,0.0,0.0,0,0,1,,1.0,2026-03-15T17:33:07.226886,sad,0.888,2026-03-15T17:33:05.280855,0.3259202896722409,2026-03-15T17:33:07.067000,76,,,
participant_16,3,day,Town10HD_Opt,2026-03-15 17:33:08.178555,40.58976745605469,48.45891571044922,0.0020208740606904,10.383,1.622,0.0,0.091,0,0,1,,1.0,2026-03-15T17:33:08.178555,neutral,0.717,2026-03-15T17:33:08.178555,0.3089069672869131,2026-03-15T17:33:08.057000,76,,,
participant_16,3,day,Town10HD_Opt,2026-03-15 17:33:09.157607,40.6015510559082,50.01099395751953,0.0020169448107481,7.22,-0.042,0.0,0.083,0,0,1,,1.0,2026-03-15T17:33:09.157607,neutral,0.717,2026-03-15T17:33:08.178555,0.2705177281329992,2026-03-15T17:33:09.046000,75,,,
participant_16,3,day,Town10HD_Opt,2026-03-15 17:33:10.135455,40.61541748046875,51.08003616333008,0.001965370029211,5.274,-0.092,0.0,0.0,0,0,1,,0.869,2026-03-15T17:33:10.135455,neutral,0.717,2026-03-15T17:33:08.178555,0.3312323708184145,2026-03-15T17:33:10.037000,74,,,
participant_16,3,day,Town10HD_Opt,2026-03-15 17:33:11.069395,40.62607955932617,51.90315628051758,0.0019576644990593,4.0,-0.019,0.0,0.0,0,0,1,,0.862,2026-03-15T17:33:11.069395,happy,0.999,2026-03-15T17:33:11.069395,0.3002747202079224,2026-03-15T17:33:11.027000,73,,,
participant_16,3,day,Town10HD_Opt,2026-03-15 17:33:12.257136,40.628543853759766,52.09313201904297,0.0019337082048878,0.04,-0.016,0.4,0.0,0,0,1,,1.0,2026-03-15T17:33:12.257136,happy,0.999,2026-03-15T17:33:11.069395,0.2812844372799259,2026-03-15T17:33:12.062000,75,,,
participant_16,3,day,Town10HD_Opt,2026-03-15 17:33:13.174672,40.638301849365234,52.87788009643555,0.0014242553152143,13.685,0.035,0.933,0.0,0,0,1,,0.811,2026-03-15T17:33:13.174672,happy,1.0,2026-03-15T17:33:13.174672,0.2770270741865984,2026-03-15T17:33:13.052000,74,,,errors=Stop sign violation
participant_16,3,day,Town10HD_Opt,2026-03-15 17:33:14.167168,40.68270111083984,56.03926467895508,0.0018817901145666,21.394,-3.77,0.366,0.0,0,0,1,,1.0,2026-03-15T17:33:14.167168,happy,1.0,2026-03-15T17:33:13.174672,0.2927430178151667,2026-03-15T17:33:14.074000,77,,,
participant_16,3,day,Town10HD_Opt,2026-03-15 17:33:15.115049,41.10700225830078,59.888553619384766,0.0019431685796007,24.005,-10.0,0.682,0.0,0,0,1,,0.853,2026-03-15T17:33:15.115049,happy,1.0,2026-03-15T17:33:13.174672,0.3254416006142129,2026-03-15T17:33:15.032000,75,,,
participant_16,3,day,Town10HD_Opt,2026-03-15 17:33:16.119006,42.71418380737305,64.3010025024414,0.0018706511473283,30.241,-16.171,0.543,0.0,0,0,1,,0.874,2026-03-15T17:33:16.119006,neutral,0.575,2026-03-15T17:33:16.119006,0.3293302186960968,2026-03-15T17:33:16.067000,74,,,
participant_16,3,day,Town10HD_Opt,2026-03-15 17:33:17.131355,46.39882278442383,68.36617279052734,0.0019867706578224,33.206,-17.119,0.51,0.0,0,0,1,,0.823,2026-03-15T17:33:17.131355,neutral,0.575,2026-03-15T17:33:16.119006,0.3885794976416523,2026-03-15T17:33:17.057000,76,,,
participant_16,3,day,Town10HD_Opt,2026-03-15 17:33:18.099011,51.77581405639648,70.50759887695312,0.0020980453118681,33.141,-15.933,0.38,0.0,0,0,1,,0.903,2026-03-15T17:33:18.099011,neutral,0.575,2026-03-15T17:33:16.119006,0.3135539401790115,2026-03-15T17:33:18.047000,75,,,
participant_16,3,day,Town10HD_Opt,2026-03-15 17:33:19.051390,57.485496520996094,70.42841339111328,0.0020841215737164,32.266,-0.825,0.34,0.0,0,0,1,,0.807,2026-03-15T17:33:19.051390,sad,0.735,2026-03-15T17:33:19.051390,0.2972602753036827,2026-03-15T17:33:19.081000,79,,,
participant_16,3,day,Town10HD_Opt,2026-03-15 17:33:20.301906,64.8251953125,69.98876190185547,0.002078361576423,30.705,0.162,0.344,0.0,0,0,1,,0.863,2026-03-15T17:33:20.301906,sad,0.735,2026-03-15T17:33:19.051390,0.337598186613891,2026-03-15T17:33:20.027000,78,Solid line crossing,Solid line crossing,
participant_16,3,day,Town10HD_Opt,2026-03-15 17:33:21.272817,70.25753021240234,69.8571548461914,0.0018571852706372,34.945,1.495,0.863,0.0,0,0,1,,1.0,2026-03-15T17:33:21.272817,neutral,0.473,2026-03-15T17:33:21.272817,0.3690512010632181,2026-03-15T17:33:21.062000,78,,,
participant_16,3,day,Town10HD_Opt,2026-03-15 17:33:22.189120,77.1520767211914,69.94631958007812,0.0017130660125985,44.823,0.677,0.586,0.0,0,0,1,,1.0,2026-03-15T17:33:22.189120,neutral,0.473,2026-03-15T17:33:21.272817,0.3669375160986398,2026-03-15T17:33:22.052000,78,,,
participant_16,3,day,Town10HD_Opt,2026-03-15 17:33:23.183887,84.94811248779297,70.23074340820312,0.0022476576268672,40.976,0.83,0.0,0.0,0,0,1,,0.817,2026-03-15T17:33:23.183887,neutral,0.473,2026-03-15T17:33:21.272817,0.3563486039955271,2026-03-15T17:33:23.042000,78,,,
participant_16,3,day,Town10HD_Opt,2026-03-15 17:33:24.221743,91.24929809570312,71.12034606933594,0.0023369980044662,32.032,16.93,0.566,0.0,0,0,1,,0.866,2026-03-15T17:33:24.221743,sad,0.929,2026-03-15T17:33:24.221743,0.3591482746964453,2026-03-15T17:33:24.031000,77,,,
participant_16,3,day,Town10HD_Opt,2026-03-15 17:33:25.251020,95.99159240722656,74.24794006347656,0.0020005034748464,34.422,19.057,0.489,0.0,0,0,1,,1.0,2026-03-15T17:33:25.251020,sad,0.929,2026-03-15T17:33:24.221743,0.3046748189723345,2026-03-15T17:33:25.069000,77,,,
participant_16,3,day,Town10HD_Opt,2026-03-15 17:33:26.286305,98.7684555053711,79.58116912841797,0.0020801925566047,34.843,10.329,0.415,0.0,0,0,1,,1.0,2026-03-15T17:33:26.286305,neutral,0.584,2026-03-15T17:33:26.286305,0.3657633752578439,2026-03-15T17:33:26.057000,76,,,
participant_16,3,day,Town10HD_Opt,2026-03-15 17:33:27.295270,99.53858947753906,85.62173461914062,0.0020534133072942,34.887,6.609,0.437,0.0,0,0,1,,1.0,2026-03-15T17:33:27.295270,neutral,0.584,2026-03-15T17:33:26.286305,0.3216779566280177,2026-03-15T17:33:27.047000,78,,,
participant_16,3,day,Town10HD_Opt,2026-03-15 17:33:28.275382,99.13885498046876,91.78114318847656,0.0020014953333884,36.07,2.506,0.475,0.0,0,0,1,,0.852,2026-03-15T17:33:28.275382,neutral,0.584,2026-03-15T17:33:26.286305,0.3415684447378256,2026-03-15T17:33:28.037000,77,,,
participant_16,3,day,Town10HD_Opt,2026-03-15 17:33:29.237265,98.09547424316406,98.11515045166016,0.0020034790504723,37.352,2.315,0.471,0.0,0,0,1,,1.0,2026-03-15T17:33:29.237265,happy,0.851,2026-03-15T17:33:29.237265,0.3471074164892251,2026-03-15T17:33:29.027000,77,,,
participant_16,3,day,Town10HD_Opt,2026-03-15 17:33:30.235362,96.5157470703125,104.54557037353516,0.0020110320765525,38.4,3.839,0.471,0.0,0,0,1,,1.0,2026-03-15T17:33:30.235362,happy,0.851,2026-03-15T17:33:29.237265,0.3394063705862093,2026-03-15T17:33:30.062000,76,,,
participant_16,3,day,Town10HD_Opt,2026-03-15 17:33:31.163710,94.11661529541016,110.8935317993164,0.002018546918407,39.263,5.066,0.472,0.0,0,0,1,,0.832,2026-03-15T17:33:31.163710,happy,0.851,2026-03-15T17:33:29.237265,0.3686779046768671,2026-03-15T17:33:31.052000,77,,,
participant_16,3,day,Town10HD_Opt,2026-03-15 17:33:32.092126,90.64521026611328,116.87770080566406,0.0020261763129383,39.949,6.054,0.471,0.0,0,0,1,,1.0,2026-03-15T17:33:32.092126,neutral,0.505,2026-03-15T17:33:32.092126,0.3320660762958984,2026-03-15T17:33:32.042000,78,,,
participant_16,3,day,Town10HD_Opt,2026-03-15 17:33:33.005966,86.00150299072266,122.14701080322266,0.0020315933506935,40.499,6.291,0.47,0.0,0,0,1,,1.0,2026-03-15T17:33:33.005966,neutral,0.505,2026-03-15T17:33:32.092126,0.326356107596509,2026-03-15T17:33:33.032000,76,,,
participant_16,3,day,Town10HD_Opt,2026-03-15 17:33:34.208621,78.16594696044922,127.47789001464844,0.0020373535808175,41.098,6.646,0.47,0.0,0,0,1,,1.0,2026-03-15T17:33:34.208621,neutral,0.678,2026-03-15T17:33:34.208621,0.3439681844313754,2026-03-15T17:33:34.023000,75,,,
participant_16,3,day,Town10HD_Opt,2026-03-15 17:33:35.145255,71.36434936523438,129.82862854003906,0.0020395659375935,41.396,6.566,0.468,0.0,0,0,1,,1.0,2026-03-15T17:33:35.145255,neutral,0.678,2026-03-15T17:33:34.208621,0.3814086792093973,2026-03-15T17:33:35.057000,76,,,
participant_16,3,day,Town10HD_Opt,2026-03-15 17:33:36.081066,64.2047348022461,130.63189697265625,0.0020891570020467,40.548,2.967,0.362,0.0,0,0,1,,1.0,2026-03-15T17:33:36.081066,neutral,0.678,2026-03-15T17:33:34.208621,0.3229598533306411,2026-03-15T17:33:36.092000,76,,,
participant_16,3,day,Town10HD_Opt,2026-03-15 17:33:37.012094,57.26508712768555,130.64096069335938,0.0021075056865811,38.56,-0.562,0.365,0.0,0,0,1,,1.0,2026-03-15T17:33:37.012094,happy,0.976,2026-03-15T17:33:37.012094,0.4393145186706393,2026-03-15T17:33:37.037000,78,,,
participant_16,3,day,Town10HD_Opt,2026-03-15 17:33:38.263723,48.38793182373047,130.6024627685547,0.0020385740790516,38.023,-0.002,0.439,0.0,0,0,1,,1.0,2026-03-15T17:33:38.263723,happy,0.976,2026-03-15T17:33:37.012094,0.3900286820939403,2026-03-15T17:33:38.027000,76,,,
participant_16,3,day,Town10HD_Opt,2026-03-15 17:33:39.262565,41.71437072753906,130.474853515625,0.0020363999065011,38.236,-0.002,0.436,0.0,0,0,1,,1.0,2026-03-15T17:33:39.262565,happy,0.924,2026-03-15T17:33:39.262565,0.3652921294651829,2026-03-15T17:33:39.062000,77,,,
participant_16,3,day,Town10HD_Opt,2026-03-15 17:33:40.197024,35.011619567871094,130.3548126220703,0.0020391081925481,38.359,-0.296,0.435,0.0,0,0,1,,1.0,2026-03-15T17:33:40.197024,happy,0.924,2026-03-15T17:33:39.262565,0.4120763886625772,2026-03-15T17:33:40.051000,75,,,
participant_16,3,day,Town10HD_Opt,2026-03-15 17:33:41.165730,28.289894104003903,130.29127502441406,0.0020400618668645,38.442,-0.456,0.435,0.0,0,0,1,,1.0,2026-03-15T17:33:41.165730,happy,0.924,2026-03-15T17:33:39.262565,0.4334120020823399,2026-03-15T17:33:41.042000,76,,,
participant_16,3,day,Town10HD_Opt,2026-03-15 17:33:42.135957,21.553688049316406,130.31369018554688,0.0020404814276844,38.522,-0.207,0.435,0.0,0,0,1,,1.0,2026-03-15T17:33:42.135957,happy,0.998,2026-03-15T17:33:42.135957,0.421897955832841,2026-03-15T17:33:42.031000,78,,,
participant_16,3,day,Town10HD_Opt,2026-03-15 17:33:43.061664,14.805374145507812,130.37973022460938,0.0020406723488122,38.59,0.012,0.435,0.0,0,0,1,,1.0,2026-03-15T17:33:43.061664,happy,0.998,2026-03-15T17:33:42.135957,0.4352872099054833,2026-03-15T17:33:43.022000,78,,,
participant_16,3,day,Town10HD_Opt,2026-03-15 17:33:44.134499,8.301908493041992,130.4424591064453,0.0022701644338667,33.341,0.162,0.0,0.0,0,0,1,,1.0,2026-03-15T17:33:44.134499,happy,0.998,2026-03-15T17:33:42.135957,0.5460876049693693,2026-03-15T17:33:44.147000,78,,,
participant_16,3,day,Town10HD_Opt,2026-03-15 17:33:45.035948,3.0961697101593018,130.46322631835938,0.0022879790049046,25.612,0.381,0.081,0.0,0,0,1,,1.0,2026-03-15T17:33:45.035948,happy,0.971,2026-03-15T17:33:45.035948,0.527907447374243,2026-03-15T17:33:45.047000,74,,,
participant_16,3,day,Town10HD_Opt,2026-03-15 17:33:46.004770,-0.961094319820404,130.44285583496094,0.0022037124726921,20.501,0.381,0.098,0.0,0,0,1,,1.0,2026-03-15T17:33:46.004770,happy,0.971,2026-03-15T17:33:45.035948,0.5155010214938283,2026-03-15T17:33:46.037000,77,,,
participant_16,3,day,Town10HD_Opt,2026-03-15 17:33:47.235685,-5.23595142364502,130.38412475585938,0.0019763563759624,16.298,0.362,0.083,0.0,0,0,1,,1.0,2026-03-15T17:33:47.235685,happy,0.989,2026-03-15T17:33:47.235685,0.4330031379288024,2026-03-15T17:33:47.027000,76,,,
participant_16,3,day,Town10HD_Opt,2026-03-15 17:33:48.178859,-7.880488872528076,130.331787109375,0.0019992827437818,13.771,0.099,0.082,0.0,0,0,1,,1.0,2026-03-15T17:33:48.178859,happy,0.989,2026-03-15T17:33:47.235685,0.5469528631645496,2026-03-15T17:33:48.062000,77,,,
participant_16,3,day,Town10HD_Opt,2026-03-15 17:33:49.106892,-10.582748413085938,130.28196716308594,0.0018932342063635,19.28,-0.125,0.745,0.0,0,0,1,,1.0,2026-03-15T17:33:49.106892,happy,0.989,2026-03-15T17:33:47.235685,0.4999100411552389,2026-03-15T17:33:49.052000,76,,,
participant_16,3,day,Town10HD_Opt,2026-03-15 17:33:50.082844,-14.5504150390625,130.2108917236328,0.0017471694154664,28.205,0.056,0.726,0.0,0,0,1,,1.0,2026-03-15T17:33:50.082844,happy,1.0,2026-03-15T17:33:50.082844,0.5009628198531443,2026-03-15T17:33:50.042000,77,,,
participant_16,3,day,Town10HD_Opt,2026-03-15 17:33:51.022823,-20.08559799194336,130.1038055419922,0.0017710876418277,35.726,0.056,0.654,0.0,0,0,1,,1.0,2026-03-15T17:33:51.022823,happy,1.0,2026-03-15T17:33:50.082844,0.5506807818217532,2026-03-15T17:33:51.032000,78,,,
participant_16,3,day,Town10HD_Opt,2026-03-15 17:33:52.228248,-29.04739189147949,129.87582397460938,0.0020609663333743,38.421,6.239,0.315,0.0,0,0,1,,1.0,2026-03-15T17:33:52.228248,happy,0.994,2026-03-15T17:33:52.228248,0.4918713615755716,2026-03-15T17:33:52.067000,76,,,
participant_16,3,day,Town10HD_Opt,2026-03-15 17:33:53.172184,-35.378440856933594,128.58445739746094,0.0021645736414939,35.408,14.538,0.327,0.0,0,0,1,,0.911,2026-03-15T17:33:53.172184,happy,0.994,2026-03-15T17:33:52.228248,0.4997519110161798,2026-03-15T17:33:53.057000,79,,,
participant_16,3,day,Town10HD_Opt,2026-03-15 17:33:54.139205,-40.1140022277832,125.073974609375,0.0021702956873923,32.771,18.603,0.341,0.0,0,0,1,,1.0,2026-03-15T17:33:54.139205,happy,0.994,2026-03-15T17:33:52.228248,0.5452846111767454,2026-03-15T17:33:54.047000,78,,,
participant_16,3,day,Town10HD_Opt,2026-03-15 17:33:55.097294,-42.38690185546875,120.05696868896484,0.0021482086740434,30.927,17.661,0.343,0.0,0,0,1,,1.0,2026-03-15T17:33:55.097294,neutral,0.802,2026-03-15T17:33:55.097294,0.5759970414664589,2026-03-15T17:33:55.036000,78,,,
participant_16,3,day,Town10HD_Opt,2026-03-15 17:33:56.101706,-42.80267333984375,114.74108123779295,0.0020802307408303,30.022,1.227,0.342,0.0,0,0,1,,1.0,2026-03-15T17:33:56.101706,neutral,0.802,2026-03-15T17:33:55.097294,0.5119160848718041,2026-03-15T17:33:56.027000,78,,,
participant_16,3,day,Town10HD_Opt,2026-03-15 17:33:57.092896,-42.79050064086914,109.48444366455078,0.0020045088604092,30.763,3.778,0.451,0.0,0,0,1,,1.0,2026-03-15T17:33:57.092896,neutral,0.802,2026-03-15T17:33:55.097294,0.6085311007655237,2026-03-15T17:33:57.062000,78,Solid line crossing,Solid line crossing,
participant_16,3,day,Town10HD_Opt,2026-03-15 17:33:58.086459,-42.35383605957031,104.07091522216795,0.0020635223481804,30.719,-0.804,0.319,0.0,0,0,1,,1.0,2026-03-15T17:33:58.086459,angry,0.563,2026-03-15T17:33:58.086459,0.4836430128654512,2026-03-15T17:33:58.052000,81,,,
participant_16,3,day,Town10HD_Opt,2026-03-15 17:33:59.042935,-41.9819221496582,98.82106018066406,0.0020828247070312,29.43,-1.144,0.343,0.0,0,0,1,,1.0,2026-03-15T17:33:59.042935,angry,0.563,2026-03-15T17:33:58.086459,0.5145118973967383,2026-03-15T17:33:59.042000,81,,,
participant_16,3,day,Town10HD_Opt,2026-03-15 17:34:00.010465,-41.77849197387695,93.7405776977539,0.0020665740594267,28.692,-1.403,0.343,0.0,0,0,1,,1.0,2026-03-15T17:34:00.010465,angry,0.563,2026-03-15T17:33:58.086459,0.4791634771990506,2026-03-15T17:34:00.032000,80,,,
participant_16,3,day,Town10HD_Opt,2026-03-15 17:34:01.310199,-41.77481842041016,87.14423370361328,0.0020636366680264,27.843,0.51,0.337,0.0,0,0,1,,1.0,2026-03-15T17:34:01.310199,neutral,0.686,2026-03-15T17:34:01.310199,0.5299318896610122,2026-03-15T17:34:01.022000,80,,,
participant_16,3,day,Town10HD_Opt,2026-03-15 17:34:02.248778,-41.66038513183594,82.33145141601562,0.0020631407387554,27.256,6.469,0.376,0.0,0,0,1,,1.0,2026-03-15T17:34:02.248778,neutral,0.686,2026-03-15T17:34:01.310199,0.5090479839529894,2026-03-15T17:34:02.057000,83,,,
participant_16,3,day,Town10HD_Opt,2026-03-15 17:34:03.237713,-40.82722091674805,77.647705078125,0.0020515441428869,27.298,11.004,0.377,0.0,0,0,1,,0.873,2026-03-15T17:34:03.237713,neutral,0.686,2026-03-15T17:34:01.310199,0.5075427080524655,2026-03-15T17:34:03.047000,82,,,
participant_16,3,day,Town10HD_Opt,2026-03-15 17:34:04.212636,-38.61397552490234,73.49687194824219,0.0020848081912845,27.199,21.335,0.406,0.0,0,0,1,,1.0,2026-03-15T17:34:04.212636,neutral,0.783,2026-03-15T17:34:04.212636,0.5430908805312699,2026-03-15T17:34:04.037000,79,,,
participant_16,3,day,Town10HD_Opt,2026-03-15 17:34:05.192618,-34.726890563964844,70.84196472167969,0.0020890426822006,27.401,20.912,0.394,0.0,0,0,1,,1.0,2026-03-15T17:34:05.192618,neutral,0.783,2026-03-15T17:34:04.212636,0.5413322973781072,2026-03-15T17:34:05.027000,79,,,
participant_16,3,day,Town10HD_Opt,2026-03-15 17:34:06.173406,-30.01716041564941,69.7898178100586,0.0020391081925481,27.949,5.451,0.386,0.0,0,0,1,,0.83,2026-03-15T17:34:06.173406,neutral,0.783,2026-03-15T17:34:04.212636,0.5321177921514785,2026-03-15T17:34:06.062000,78,,,
participant_16,3,day,Town10HD_Opt,2026-03-15 17:34:07.119556,-25.12041664123535,69.5311279296875,0.0020374679006636,28.295,6.035,0.388,0.0,0,0,1,,1.0,2026-03-15T17:34:07.119556,neutral,0.794,2026-03-15T17:34:07.119556,0.5846530078081624,2026-03-15T17:34:07.052000,81,,,
participant_16,3,day,Town10HD_Opt,2026-03-15 17:34:08.101887,-20.1519718170166,69.85294342041016,0.0020302198827266,28.709,-1.528,0.397,0.0,0,0,1,,0.853,2026-03-15T17:34:08.101887,neutral,0.794,2026-03-15T17:34:07.119556,0.5380219079841337,2026-03-15T17:34:08.042000,81,,,
participant_16,3,day,Town10HD_Opt,2026-03-15 17:34:09.109989,-15.092673301696776,70.06608581542969,0.0020239257719367,29.285,-1.088,0.402,0.0,0,0,1,,1.0,2026-03-15T17:34:09.109989,neutral,0.794,2026-03-15T17:34:07.119556,0.6087034671981436,2026-03-15T17:34:09.032000,81,,,
participant_16,3,day,Town10HD_Opt,2026-03-15 17:34:10.077470,-9.927358627319336,70.13003540039062,0.0020251465030014,29.901,-1.504,0.402,0.0,0,0,1,,1.0,2026-03-15T17:34:10.077470,happy,0.967,2026-03-15T17:34:10.077470,0.5784497061775417,2026-03-15T17:34:10.023000,78,,,
participant_16,3,day,Town10HD_Opt,2026-03-15 17:34:11.109998,-4.670065879821777,70.02503204345703,0.0020270538516342,30.361,0.251,0.402,0.0,0,0,1,,1.0,2026-03-15T17:34:11.109998,happy,0.967,2026-03-15T17:34:10.077470,0.5413271560820327,2026-03-15T17:34:11.058000,79,,,
participant_16,3,day,Town10HD_Opt,2026-03-15 17:34:12.096798,0.6640340089797974,69.91592407226562,0.0020331190899014,30.68,0.261,0.367,0.0,0,0,1,,1.0,2026-03-15T17:34:12.096798,happy,0.981,2026-03-15T17:34:12.096798,0.5115011184783192,2026-03-15T17:34:12.047000,79,,,
participant_16,3,day,Town10HD_Opt,2026-03-15 17:34:13.049817,5.847841262817383,69.84739685058594,0.0022183225955814,26.715,0.315,0.0,0.0,0,0,1,,1.0,2026-03-15T17:34:13.049817,happy,0.981,2026-03-15T17:34:12.096798,0.5561240302760132,2026-03-15T17:34:13.037000,81,,,
participant_16,3,day,Town10HD_Opt,2026-03-15 17:34:14.033965,9.984405517578123,69.82466888427734,0.0022508620750159,20.5,0.315,0.0,0.0,0,0,1,,1.0,2026-03-15T17:34:14.033965,happy,0.981,2026-03-15T17:34:12.096798,0.6229426892179855,2026-03-15T17:34:14.028000,84,,,
participant_16,3,day,Town10HD_Opt,2026-03-15 17:34:15.205233,13.986888885498049,69.83297729492188,0.0020426558330655,14.194,0.362,0.0,0.0,0,0,1,,1.0,2026-03-15T17:34:15.205233,happy,0.975,2026-03-15T17:34:15.205233,0.6266999926215922,2026-03-15T17:34:15.062000,83,,,
participant_16,3,day,Town10HD_Opt,2026-03-15 17:34:16.174652,16.197813034057617,69.85147094726562,0.0020229339133948,10.743,0.334,0.0,0.0,0,0,1,,1.0,2026-03-15T17:34:16.174652,happy,0.975,2026-03-15T17:34:15.205233,0.5257974485580796,2026-03-15T17:34:16.052000,80,,,
participant_16,3,day,Town10HD_Opt,2026-03-15 17:34:17.083590,17.895944595336914,69.87181854248047,0.0019993591122329,8.37,0.324,0.0,0.0,0,0,1,,0.828,2026-03-15T17:34:17.083590,happy,0.975,2026-03-15T17:34:15.205233,0.6391997505188488,2026-03-15T17:34:17.042000,78,,,
participant_16,3,day,Town10HD_Opt,2026-03-15 17:34:18.011823,19.20681381225586,69.8906478881836,0.001950302044861,6.953,0.193,0.094,0.0,0,0,1,,1.0,2026-03-15T17:34:18.011823,neutral,0.758,2026-03-15T17:34:18.011823,0.5902229872450798,2026-03-15T17:34:18.032000,76,,,
participant_16,3,day,Town10HD_Opt,2026-03-15 17:34:19.212896,20.6816520690918,69.90602111816406,0.001967430114746,5.291,-0.421,0.0,0.0,0,0,1,,1.0,2026-03-15T17:34:19.212896,neutral,0.758,2026-03-15T17:34:18.011823,0.632174109216509,2026-03-15T17:34:19.112000,78,,,
participant_16,3,day,Town10HD_Opt,2026-03-15 17:34:20.182060,21.492599487304688,69.91170501708984,0.0019451903644949,4.351,-0.244,0.245,0.0,0,0,1,,1.0,2026-03-15T17:34:20.182060,neutral,0.702,2026-03-15T17:34:20.182060,0.744236628358685,2026-03-15T17:34:20.058000,75,,,
participant_16,3,day,Town10HD_Opt,2026-03-15 17:34:21.005900,22.05394744873047,69.91607666015625,0.0018873214721679,5.127,-0.153,0.092,0.0,0,0,1,,1.0,2026-03-15T17:34:21.005900,neutral,0.702,2026-03-15T17:34:20.182060,0.7002594630712069,2026-03-15T17:34:21.048000,78,,,
participant_16,3,day,Town10HD_Opt,2026-03-15 17:34:22.022201,22.92695999145508,69.92243957519531,0.0019290160853415,4.778,-0.113,0.095,0.0,0,0,1,,1.0,2026-03-15T17:34:22.022201,neutral,0.702,2026-03-15T17:34:20.182060,0.7422674809590843,2026-03-15T17:34:22.037000,79,,,
participant_16,3,day,Town10HD_Opt,2026-03-15 17:34:23.018966,23.75385856628418,69.9281997680664,0.0019005584763363,5.041,-0.113,0.209,0.0,0,0,1,,1.0,2026-03-15T17:34:23.018966,happy,0.971,2026-03-15T17:34:23.018966,0.8080141072697273,2026-03-15T17:34:23.073000,78,,,
participant_16,3,day,Town10HD_Opt,2026-03-15 17:34:24.002733,24.731151580810547,69.93448638916016,0.0018919754074886,6.049,-0.113,0.16,0.0,0,0,1,,1.0,2026-03-15T17:34:24.002733,happy,0.971,2026-03-15T17:34:23.018966,0.8082093883583527,2026-03-15T17:34:24.063000,78,,,
participant_16,3,day,Town10HD_Opt,2026-03-15 17:34:25.240348,26.12321281433105,69.94236755371094,0.001961059635505,5.114,-0.106,0.0,0.0,0,0,1,,0.855,2026-03-15T17:34:25.240348,happy,0.996,2026-03-15T17:34:25.240348,0.8312525231166454,2026-03-15T17:34:25.097000,79,,,
participant_16,3,day,Town10HD_Opt,2026-03-15 17:34:26.147494,26.415470123291016,69.94463348388672,0.0019906614907085,0.0,-0.103,0.0,0.231,0,0,1,,1.0,2026-03-15T17:34:26.147494,happy,0.996,2026-03-15T17:34:25.240348,0.7960374194683173,2026-03-15T17:34:26.042000,78,,,
participant_16,3,day,Town10HD_Opt,2026-03-15 17:34:27.049804,26.415666580200195,69.94463348388672,0.0019204712007194,0.165,0.266,0.361,0.0,0,0,1,,0.813,2026-03-15T17:34:27.049804,happy,0.996,2026-03-15T17:34:25.240348,0.8626277945254104,2026-03-15T17:34:27.032000,78,,,
participant_16,3,day,Town10HD_Opt,2026-03-15 17:34:28.253266,26.91557502746582,69.94754028320312,0.0017968749161809,4.842,-0.016,0.368,0.0,0,0,1,,1.0,2026-03-15T17:34:28.253266,sad,0.427,2026-03-15T17:34:28.253266,0.7947299688394158,2026-03-15T17:34:28.068000,78,,,
participant_16,3,day,Town10HD_Opt,2026-03-15 17:34:29.254273,28.251447677612305,69.94476318359375,0.0017145538004115,11.13,-3.007,0.483,0.0,0,0,1,,0.812,2026-03-15T17:34:29.254273,sad,0.427,2026-03-15T17:34:28.253266,0.8964966347204387,2026-03-15T17:34:29.057000,74,,,
participant_16,3,day,Town10HD_Opt,2026-03-15 17:34:30.167681,30.61406135559082,69.77440643310547,0.0017765808152034,15.716,-7.033,0.195,0.0,0,0,1,,1.0,2026-03-15T17:34:30.167681,sad,0.427,2026-03-15T17:34:28.253266,0.8253980580002701,2026-03-15T17:34:30.047000,75,,,
participant_16,3,day,Town10HD_Opt,2026-03-15 17:34:31.069465,33.1428108215332,69.33706665039062,0.0020272063557058,12.622,-8.747,0.0,0.0,0,0,1,,0.925,2026-03-15T17:34:31.069465,neutral,0.944,2026-03-15T17:34:31.069465,0.8232787680527182,2026-03-15T17:34:31.038000,77,,,
participant_16,3,day,Town10HD_Opt,2026-03-15 17:34:32.274186,35.565635681152344,68.56195831298828,0.0020082092378288,8.869,-11.168,0.0,0.0,0,0,1,,0.845,2026-03-15T17:34:32.274186,neutral,0.944,2026-03-15T17:34:31.069465,0.8192924953573876,2026-03-15T17:34:32.073000,79,,,
participant_16,3,day,Town10HD_Opt,2026-03-15 17:34:33.186109,36.81192398071289,67.98744201660156,0.001992683392018,6.541,-11.18,0.016,0.0,0,0,1,,1.0,2026-03-15T17:34:33.186109,angry,0.597,2026-03-15T17:34:33.186109,0.8619422729967594,2026-03-15T17:34:33.108000,78,,,
participant_16,3,day,Town10HD_Opt,2026-03-15 17:34:34.076621,37.70013046264648,67.49502563476562,0.0019781494047492,4.842,-11.18,0.016,0.0,0,0,1,,0.845,2026-03-15T17:34:34.076621,angry,0.597,2026-03-15T17:34:33.186109,0.7872915237434648,2026-03-15T17:34:34.097000,81,,,
participant_16,3,day,Town10HD_Opt,2026-03-15 17:34:35.247308,38.47560119628906,67.00154876708984,0.0019561385270208,3.101,-11.18,0.034,0.0,0,0,1,,0.837,2026-03-15T17:34:35.247308,sad,0.527,2026-03-15T17:34:35.247308,0.7904790789567475,2026-03-15T17:34:35.044000,83,,,
participant_16,3,day,Town10HD_Opt,2026-03-15 17:34:36.100073,38.90949249267578,66.69725799560547,0.0018964385380968,3.425,-11.18,0.172,0.0,0,0,1,,1.0,2026-03-15T17:34:36.100073,sad,0.527,2026-03-15T17:34:35.247308,0.8420436430972363,2026-03-15T17:34:36.033000,86,,,
participant_16,3,day,Town10HD_Opt,2026-03-15 17:34:37.270613,39.74848175048828,66.048828125,0.0018555831629782,6.086,-11.18,0.243,0.0,0,0,1,,0.828,2026-03-15T17:34:37.270613,sad,0.535,2026-03-15T17:34:37.270613,0.776421357895258,2026-03-15T17:34:37.068000,89,,,
participant_16,3,day,Town10HD_Opt,2026-03-15 17:34:38.210367,40.65972137451172,65.23916625976562,0.0018273162422701,8.626,-12.04,0.435,0.0,0,0,1,,0.801,2026-03-15T17:34:38.210367,sad,0.535,2026-03-15T17:34:37.270613,0.8127916568193392,2026-03-15T17:34:38.057000,97,,,
participant_16,3,day,Town10HD_Opt,2026-03-15 17:34:39.123492,41.98269271850586,63.79069519042969,0.0017177199479192,14.379,-13.438,0.493,0.0,0,0,1,,1.0,2026-03-15T17:34:39.123492,sad,0.535,2026-03-15T17:34:37.270613,0.8194709834372972,2026-03-15T17:34:39.048000,98,,,
participant_16,3,day,Town10HD_Opt,2026-03-15 17:34:40.050815,43.54486846923828,61.3418083190918,0.0020164106972515,18.248,-14.266,0.412,0.0,0,0,1,,0.899,2026-03-15T17:34:40.050815,sad,0.527,2026-03-15T17:34:40.050815,0.8028710292114013,2026-03-15T17:34:40.038000,103,,,
participant_16,3,day,Town10HD_Opt,2026-03-15 17:34:41.223898,44.91252899169922,57.216590881347656,0.0020188521593809,19.434,-14.012,0.326,0.0,0,0,1,,0.856,2026-03-15T17:34:41.223898,sad,0.527,2026-03-15T17:34:40.050815,0.8042770570881358,2026-03-15T17:34:41.072000,102,,,
participant_16,3,day,Town10HD_Opt,2026-03-15 17:34:42.140708,45.0800666809082,53.96107482910156,0.0019189071608707,16.758,-12.023,0.0,0.0,0,0,1,,0.824,2026-03-15T17:34:42.140708,sad,0.56,2026-03-15T17:34:42.140708,0.8871834481629026,2026-03-15T17:34:42.062000,99,,,
participant_16,3,day,Town10HD_Opt,2026-03-15 17:34:43.063123,44.85585784912109,51.31713104248047,0.0020405959803611,13.294,-0.952,0.0,0.0,0,0,1,,1.0,2026-03-15T17:34:43.063123,sad,0.56,2026-03-15T17:34:42.140708,0.850889964842554,2026-03-15T17:34:43.052000,99,,,
participant_16,3,day,Town10HD_Opt,2026-03-15 17:34:44.269624,44.67333221435547,48.71642303466797,0.0020026015117764,9.12,-0.249,0.115,0.0,0,0,1,,1.0,2026-03-15T17:34:44.269624,sad,0.965,2026-03-15T17:34:44.269624,0.8726712237923252,2026-03-15T17:34:44.043000,98,,,
participant_16,3,day,Town10HD_Opt,2026-03-15 17:34:45.171691,44.55390548706055,47.10036849975586,0.0018693541642278,9.993,-0.407,0.359,0.0,0,0,1,,1.0,2026-03-15T17:34:45.171691,sad,0.965,2026-03-15T17:34:44.269624,0.7624986083558724,2026-03-15T17:34:45.032000,96,,,
participant_16,3,day,Town10HD_Opt,2026-03-15 17:34:46.030226,44.386112213134766,44.95695114135742,0.0017419052310287,14.972,-0.374,0.518,0.0,0,0,1,,1.0,2026-03-15T17:34:46.030226,sad,0.965,2026-03-15T17:34:44.269624,0.8515498167154578,2026-03-15T17:34:46.068000,98,,,
participant_16,3,day,Town10HD_Opt,2026-03-15 17:34:47.278102,44.18828582763672,40.82756423950195,0.0019993591122329,19.34,7.354,0.42,0.0,0,0,1,,0.812,2026-03-15T17:34:47.278102,happy,0.996,2026-03-15T17:34:47.278102,0.8594590742805008,2026-03-15T17:34:47.059000,96,,,
participant_16,3,day,Town10HD_Opt,2026-03-15 17:34:48.239461,44.5207405090332,37.31636047363281,0.0019970322027802,21.098,10.386,0.394,0.0,0,0,1,,0.952,2026-03-15T17:34:48.239461,happy,0.996,2026-03-15T17:34:47.278102,0.8363728965846846,2026-03-15T17:34:48.048000,95,,,
participant_16,3,day,Town10HD_Opt,2026-03-15 17:34:49.139973,45.70215606689453,33.75442123413086,0.0020306014921516,22.227,18.601,0.432,0.0,0,0,1,,0.92,2026-03-15T17:34:49.139973,happy,0.996,2026-03-15T17:34:47.278102,0.7656819399872412,2026-03-15T17:34:49.037000,93,,,
participant_16,3,day,Town10HD_Opt,2026-03-15 17:34:50.122925,48.21360778808594,30.6064395904541,0.0019766234327107,24.931,18.908,0.511,0.0,0,0,1,,0.84,2026-03-15T17:34:50.122925,neutral,0.835,2026-03-15T17:34:50.122925,0.9087013331965852,2026-03-15T17:34:50.072000,89,,,
participant_16,3,day,Town10HD_Opt,2026-03-15 17:34:51.062359,52.13885116577149,28.348678588867188,0.0020201874431222,26.976,14.33,0.391,0.0,0,0,1,,0.875,2026-03-15T17:34:51.062359,neutral,0.835,2026-03-15T17:34:50.122925,0.8599802514791436,2026-03-15T17:34:51.063000,91,,,
participant_16,3,day,Town10HD_Opt,2026-03-15 17:34:52.280986,58.30890655517578,26.79850578308105,0.0020348739344626,27.601,2.487,0.377,0.0,0,0,1,,0.821,2026-03-15T17:34:52.280986,happy,0.803,2026-03-15T17:34:52.280986,0.9052699757185256,2026-03-15T17:34:52.053000,92,,,
participant_16,3,day,Town10HD_Opt,2026-03-15 17:34:53.206675,63.08646011352539,26.03347396850586,0.0020367812830954,27.758,2.388,0.297,0.0,0,0,1,,1.0,2026-03-15T17:34:53.206675,happy,0.803,2026-03-15T17:34:52.280986,0.759122175054159,2026-03-15T17:34:53.042000,90,,,
participant_16,3,day,Town10HD_Opt,2026-03-15 17:34:54.096069,67.72198486328125,25.56557846069336,0.0021867370232939,24.226,2.36,0.063,0.0,0,0,1,,0.865,2026-03-15T17:34:54.096069,happy,0.803,2026-03-15T17:34:52.280986,0.8650099417994318,2026-03-15T17:34:54.035000,90,,,
participant_16,3,day,Town10HD_Opt,2026-03-15 17:34:55.015250,71.53661346435547,25.357648849487305,0.0022044372744858,19.151,1.325,0.076,0.0,0,0,1,,0.906,2026-03-15T17:34:55.015250,happy,1.0,2026-03-15T17:34:55.015250,0.8088660155570938,2026-03-15T17:34:55.070000,91,,,
participant_16,3,day,Town10HD_Opt,2026-03-15 17:34:56.218314,75.5302734375,25.2388858795166,0.002032661344856,14.658,0.945,0.0,0.0,0,0,1,,0.842,2026-03-15T17:34:56.218314,happy,1.0,2026-03-15T17:34:55.015250,0.8045412189029951,2026-03-15T17:34:56.057000,91,,,
participant_16,3,day,Town10HD_Opt,2026-03-15 17:34:57.132675,77.81321716308594,25.208534240722656,0.0020261001773178,11.257,1.001,0.0,0.0,0,0,1,,0.85,2026-03-15T17:34:57.132675,happy,0.999,2026-03-15T17:34:57.132675,0.811195016855706,2026-03-15T17:34:57.048000,89,,,
participant_16,3,day,Town10HD_Opt,2026-03-15 17:34:58.025447,79.5488052368164,25.20517921447754,0.0020329284016042,7.988,1.011,0.0,0.259,0,0,1,,0.827,2026-03-15T17:34:58.025447,happy,0.999,2026-03-15T17:34:57.132675,0.8445956919248657,2026-03-15T17:34:58.038000,88,,,
participant_16,3,day,Town10HD_Opt,2026-03-15 17:34:59.193500,80.32261657714844,25.208890914916992,0.0020050047896802,0.0,1.011,0.0,0.22,0,0,1,,1.0,2026-03-15T17:34:59.193500,happy,0.996,2026-03-15T17:34:59.193500,0.7823989576100093,2026-03-15T17:34:59.073000,86,,,
participant_16,4,day,Town10HD_Opt,2026-03-15 17:45:00.000000,-41.66858673095703,89.7454833984375,0.580491840839386,13.267,0.162,0.454,0.0,0,0,1,,1.0,2026-03-15T17:45:00,,,2026-03-15T17:45:00,0.7598161053482642,2026-03-15T17:45:00,75,,,
participant_16,4,day,Town10HD_Opt,2026-03-15 17:45:04.648026,-41.66844177246094,87.30255889892578,0.0017222594469785,13.545,0.162,0.453,0.0,0,0,1,,1.0,2026-03-15T17:45:04.648026,,,2026-03-15T17:45:04.648026,0.7955674653247924,2026-03-15T17:45:05.045000,75,,,
participant_16,4,day,Town10HD_Opt,2026-03-15 17:45:05.308867,-41.66496658325195,85.55445861816406,0.0017944335704669,16.261,0.162,0.38,0.0,0,0,1,,0.95,2026-03-15T17:45:05.308867,,,2026-03-15T17:45:04.648026,0.7283560279001475,2026-03-15T17:45:06.030000,78,,,
participant_16,4,day,Town10HD_Opt,2026-03-15 17:45:06.078501,-41.65789031982422,83.56787872314453,0.0018307113787159,17.859,0.162,0.368,0.0,0,0,1,,0.929,2026-03-15T17:45:06.078501,,,2026-03-15T17:45:04.648026,0.6265394832354811,2026-03-15T17:45:06.030000,78,,,
participant_16,4,day,Town10HD_Opt,2026-03-15 17:45:07.057399,-41.53264617919922,80.40452575683594,0.0020590210333466,18.081,8.027,0.363,0.0,0,0,1,,0.906,2026-03-15T17:45:07.057399,neutral,0.504,2026-03-15T17:45:07.057399,0.6844856508092265,2026-03-15T17:45:07.066000,80,,,
participant_16,4,day,Town10HD_Opt,2026-03-15 17:45:08.070556,-40.86597442626953,77.26827239990234,0.0020308685488998,18.837,14.714,0.364,0.0,0,0,1,,1.0,2026-03-15T17:45:08.070556,neutral,0.504,2026-03-15T17:45:07.057399,0.6995801801346153,2026-03-15T17:45:08.011000,79,,,
participant_16,4,day,Town10HD_Opt,2026-03-15 17:45:09.063920,-39.34777069091797,74.29772186279297,0.0020394516177475,19.689,19.007,0.373,0.0,0,0,1,,0.82,2026-03-15T17:45:09.063920,happy,0.904,2026-03-15T17:45:09.063920,0.701003559192937,2026-03-15T17:45:09.003000,82,,,
participant_16,4,day,Town10HD_Opt,2026-03-15 17:45:10.111556,-36.879539489746094,71.84642791748047,0.0020428085699677,20.501,18.755,0.373,0.0,0,0,1,,0.857,2026-03-15T17:45:10.111556,happy,0.904,2026-03-15T17:45:09.063920,0.8239540688472053,2026-03-15T17:45:10.038000,78,,,
participant_16,4,day,Town10HD_Opt,2026-03-15 17:45:11.151665,-33.62839889526367,70.25397491455078,0.0020463943947106,21.31,17.923,0.373,0.0,0,0,1,,0.832,2026-03-15T17:45:11.151665,happy,0.64,2026-03-15T17:45:11.151665,0.7209048790951865,2026-03-15T17:45:12.015000,81,,,
participant_16,4,day,Town10HD_Opt,2026-03-15 17:45:12.243964,-29.9050407409668,69.71134185791016,0.0020326995290815,22.101,9.744,0.373,0.0,0,0,1,,1.0,2026-03-15T17:45:12.243964,happy,0.64,2026-03-15T17:45:11.151665,0.7131316226661654,2026-03-15T17:45:13.007000,80,,,
participant_16,4,day,Town10HD_Opt,2026-03-15 17:45:13.238832,-25.970359802246094,69.6744384765625,0.0020187757909297,22.918,-2.066,0.373,0.0,0,0,1,,1.0,2026-03-15T17:45:13.238832,happy,0.59,2026-03-15T17:45:13.238832,0.6735613268335077,2026-03-15T17:45:14.041000,84,,,
participant_16,4,day,Town10HD_Opt,2026-03-15 17:45:14.198211,-21.904874801635746,69.57644653320312,0.0020211790688335,23.576,1.695,0.373,0.0,0,0,1,,1.0,2026-03-15T17:45:14.198211,happy,0.59,2026-03-15T17:45:13.238832,0.777172639560363,2026-03-15T17:45:15.030000,85,,,
participant_16,4,day,Town10HD_Opt,2026-03-15 17:45:15.159957,-17.722917556762695,69.59081268310547,0.0020233152899891,24.231,0.719,0.373,0.0,0,0,1,,1.0,2026-03-15T17:45:15.159957,happy,0.59,2026-03-15T17:45:13.238832,0.7031558917876642,2026-03-15T17:45:16.021000,86,,,
participant_16,4,day,Town10HD_Opt,2026-03-15 17:45:16.130431,-13.43912124633789,69.67431640625,0.0020256424322724,24.779,0.484,0.373,0.0,0,0,1,,1.0,2026-03-15T17:45:16.130431,happy,0.622,2026-03-15T17:45:16.130431,0.6968567080127099,2026-03-15T17:45:16.021000,87,,,
participant_16,4,day,Town10HD_Opt,2026-03-15 17:45:17.154867,-9.065034866333008,69.78616333007812,0.0020275115966796,25.265,-0.179,0.373,0.0,0,0,1,,1.0,2026-03-15T17:45:17.154867,happy,0.622,2026-03-15T17:45:16.130431,0.7358676169676461,2026-03-15T17:45:18,90,,,
participant_16,4,day,Town10HD_Opt,2026-03-15 17:45:18.120126,-4.610107421875,69.88687896728516,0.002029457129538,25.695,-0.369,0.373,0.0,0,0,1,,1.0,2026-03-15T17:45:18.120126,happy,0.622,2026-03-15T17:45:16.130431,0.7401704852151293,2026-03-15T17:45:18,88,,,
participant_16,4,day,Town10HD_Opt,2026-03-15 17:45:19.134939,-0.0834678038954734,69.95936584472656,0.002031059237197,26.074,-0.369,0.373,0.0,0,0,1,,1.0,2026-03-15T17:45:19.134939,neutral,0.566,2026-03-15T17:45:19.134939,0.7314227783631553,2026-03-15T17:45:19.036000,87,,,
participant_16,4,day,Town10HD_Opt,2026-03-15 17:45:20.064004,4.506204128265381,70.00367736816406,0.0020325088407844,26.408,-0.059,0.373,0.0,0,0,1,,1.0,2026-03-15T17:45:20.064004,neutral,0.566,2026-03-15T17:45:19.134939,0.713576457178295,2026-03-15T17:45:20.027000,87,,,
participant_16,4,day,Town10HD_Opt,2026-03-15 17:45:21.053781,9.121014595031738,70.0340576171875,0.0021020506974309,25.565,-0.298,0.0,0.0,0,0,1,,1.0,2026-03-15T17:45:21.053781,neutral,0.566,2026-03-15T17:45:19.134939,0.6781883682072009,2026-03-15T17:45:21.106000,86,,,
participant_16,4,day,Town10HD_Opt,2026-03-15 17:45:22.040237,13.068391799926758,70.03387451171875,0.002237434266135,19.553,-0.27,0.0,0.0,0,0,1,,1.0,2026-03-15T17:45:22.040237,neutral,0.507,2026-03-15T17:45:22.040237,0.7445060675773263,2026-03-15T17:45:22.006000,83,,,
participant_16,4,day,Town10HD_Opt,2026-03-15 17:45:23.067708,16.074459075927734,70.02462005615234,0.0020332718268036,15.126,0.002,0.0,0.0,0,0,1,,1.0,2026-03-15T17:45:23.067708,neutral,0.507,2026-03-15T17:45:22.040237,0.6649490213542193,2026-03-15T17:45:23.041000,82,,,
participant_16,4,day,Town10HD_Opt,2026-03-15 17:45:24.032083,18.40252494812012,70.01727294921875,0.0020085524301975,11.849,-0.04,0.113,0.0,0,0,1,,1.0,2026-03-15T17:45:24.032083,neutral,0.507,2026-03-15T17:45:22.040237,0.7368370448495458,2026-03-15T17:45:24.031000,83,,,
participant_16,4,day,Town10HD_Opt,2026-03-15 17:45:25.009046,20.364177703857425,70.01016998291016,0.0019654463976621,10.449,-0.028,0.095,0.0,0,0,1,,1.0,2026-03-15T17:45:25.009046,neutral,0.623,2026-03-15T17:45:25.009046,0.6500227361809005,2026-03-15T17:45:25.020000,83,,,
participant_16,4,day,Town10HD_Opt,2026-03-15 17:45:26.247542,22.62664794921875,70.00133514404297,0.0019552230369299,8.891,-0.026,0.094,0.0,0,0,1,,1.0,2026-03-15T17:45:26.247542,neutral,0.623,2026-03-15T17:45:25.009046,0.6363052056068769,2026-03-15T17:45:27.001000,84,,,
participant_16,4,day,Town10HD_Opt,2026-03-15 17:45:27.181625,24.072378158569336,69.99533081054688,0.0019792555831372,7.26,-0.026,0.0,0.0,0,0,1,,0.851,2026-03-15T17:45:27.181625,neutral,0.819,2026-03-15T17:45:27.181625,0.683334939193095,2026-03-15T17:45:28.036000,80,,,
participant_16,4,day,Town10HD_Opt,2026-03-15 17:45:28.157092,25.087289810180664,69.99101257324219,0.0023573683574795,0.0,-0.026,0.0,0.154,0,0,1,,1.0,2026-03-15T17:45:28.157092,neutral,0.819,2026-03-15T17:45:27.181625,0.7096241129349948,2026-03-15T17:45:28.036000,81,,,
participant_16,4,day,Town10HD_Opt,2026-03-15 17:45:29.146700,25.08979225158692,69.99101257324219,0.0019379042787477,0.075,-0.026,0.354,0.0,0,0,1,,0.854,2026-03-15T17:45:29.146700,neutral,0.819,2026-03-15T17:45:27.181625,0.7499096845977012,2026-03-15T17:45:29.026000,80,,,
participant_16,4,day,Town10HD_Opt,2026-03-15 17:45:30.069347,25.48345184326172,69.98925018310547,0.0017773436848074,4.637,-0.026,0.113,0.0,0,0,1,,1.0,2026-03-15T17:45:30.069347,neutral,0.847,2026-03-15T17:45:30.069347,0.6058152885261336,2026-03-15T17:45:30.016000,81,,,
participant_16,4,day,Town10HD_Opt,2026-03-15 17:45:31.263206,26.11177635192871,69.98603057861328,0.002017326420173,0.0,-0.026,0.0,0.018,0,0,1,,1.0,2026-03-15T17:45:31.263206,neutral,0.847,2026-03-15T17:45:30.069347,0.6752373346671983,2026-03-15T17:45:32.042000,79,Stop sign violation,stop_sign_id=678,
participant_16,4,day,Town10HD_Opt,2026-03-15 17:45:32.231462,26.15177345275879,69.98588562011719,0.0018389510223641,1.633,-0.026,0.307,0.0,0,0,1,,1.0,2026-03-15T17:45:32.231462,neutral,0.804,2026-03-15T17:45:32.231462,0.7087494413165493,2026-03-15T17:45:33.031000,80,,,
participant_16,4,day,Town10HD_Opt,2026-03-15 17:45:33.217454,26.59025764465332,69.98342895507812,0.0019144057296216,2.627,-0.026,0.0,0.0,0,0,1,,1.0,2026-03-15T17:45:33.217454,neutral,0.804,2026-03-15T17:45:32.231462,0.778293256483515,2026-03-15T17:45:34.022000,81,,,
participant_16,4,day,Town10HD_Opt,2026-03-15 17:45:34.213375,26.67458724975586,69.98298645019531,0.0018628310644999,1.735,-0.026,0.761,0.0,0,0,1,,0.837,2026-03-15T17:45:34.213375,neutral,0.804,2026-03-15T17:45:32.231462,0.864043110530078,2026-03-15T17:45:35.011000,77,,,
participant_16,4,day,Town10HD_Opt,2026-03-15 17:45:35.180097,27.91519546508789,69.97590637207031,0.0015478134155273,13.292,-0.738,0.593,0.0,0,0,1,,0.831,2026-03-15T17:45:35.180097,neutral,0.827,2026-03-15T17:45:35.180097,0.746268408788067,2026-03-15T17:45:35.011000,79,,,
participant_16,4,day,Town10HD_Opt,2026-03-15 17:45:36.137107,30.61351585388184,69.85220336914062,0.0018341445829719,16.739,-6.843,0.267,0.0,0,0,1,,0.881,2026-03-15T17:45:36.137107,neutral,0.827,2026-03-15T17:45:35.180097,0.7311194108225318,2026-03-15T17:45:36.047000,77,,,
participant_16,4,day,Town10HD_Opt,2026-03-15 17:45:37.089941,33.37197494506836,69.38400268554688,0.0020030213054269,14.637,-9.928,0.075,0.0,0,0,1,,0.817,2026-03-15T17:45:37.089941,neutral,0.827,2026-03-15T17:45:35.180097,0.7315395787650257,2026-03-15T17:45:37.036000,77,,,
participant_16,4,day,Town10HD_Opt,2026-03-15 17:45:38.031862,35.630149841308594,68.66358947753906,0.0019940948113799,12.288,-10.728,0.093,0.0,0,0,1,,0.867,2026-03-15T17:45:38.031862,neutral,0.84,2026-03-15T17:45:38.031862,0.700406161826195,2026-03-15T17:45:38.028000,80,,,
participant_16,4,day,Town10HD_Opt,2026-03-15 17:45:39.011959,37.51331329345703,67.78105926513672,0.0019303893204778,11.79,-10.956,0.239,0.0,0,0,1,,0.804,2026-03-15T17:45:39.011959,neutral,0.84,2026-03-15T17:45:38.031862,0.7592458024437179,2026-03-15T17:45:39.044000,78,,,
participant_16,4,day,Town10HD_Opt,2026-03-15 17:45:40.221520,40.03223037719727,66.11346435546875,0.0018381117843091,14.795,-11.902,0.362,0.0,0,0,1,,0.852,2026-03-15T17:45:40.221520,neutral,0.55,2026-03-15T17:45:40.221520,0.7574275819533256,2026-03-15T17:45:41.040000,80,,,
participant_16,4,day,Town10HD_Opt,2026-03-15 17:45:41.143847,42.02064895629883,64.17657470703125,0.0018532943213358,17.189,-13.382,0.356,0.0,0,0,1,,0.903,2026-03-15T17:45:41.143847,neutral,0.55,2026-03-15T17:45:40.221520,0.8034042003880851,2026-03-15T17:45:41.040000,81,,,
participant_16,4,day,Town10HD_Opt,2026-03-15 17:45:42.055105,43.78964614868164,61.60346221923828,0.0020996092353016,18.117,-13.231,0.349,0.0,0,0,1,,0.866,2026-03-15T17:45:42.055105,neutral,0.55,2026-03-15T17:45:40.221520,0.6901852138442462,2026-03-15T17:45:42.034000,81,,,
participant_16,4,day,Town10HD_Opt,2026-03-15 17:45:43.276715,45.28544998168945,57.64598846435547,0.0020388411357998,18.147,-13.363,0.238,0.0,0,0,1,,0.858,2026-03-15T17:45:43.276715,neutral,0.718,2026-03-15T17:45:43.276715,0.6508134467411784,2026-03-15T17:45:44.011000,83,,,
participant_16,4,day,Town10HD_Opt,2026-03-15 17:45:44.233433,45.62290573120117,54.50947952270508,0.0018573760753497,18.051,-13.37,0.238,0.0,0,0,1,,0.851,2026-03-15T17:45:44.233433,neutral,0.718,2026-03-15T17:45:43.276715,0.6481647786409712,2026-03-15T17:45:45.001000,82,,,
participant_16,4,day,Town10HD_Opt,2026-03-15 17:45:45.225931,45.31609344482422,51.40194320678711,0.0019338988931849,17.768,-9.057,0.24,0.0,0,0,1,,0.855,2026-03-15T17:45:45.225931,neutral,0.718,2026-03-15T17:45:43.276715,0.7894518350317247,2026-03-15T17:45:46.080000,82,,,
participant_16,4,day,Town10HD_Opt,2026-03-15 17:45:46.218871,44.78596115112305,48.36332321166992,0.0019539259374141,16.926,2.271,0.0,0.0,0,0,1,,0.894,2026-03-15T17:45:46.218871,neutral,0.752,2026-03-15T17:45:46.218871,0.5679148642335624,2026-03-15T17:45:47.027000,81,,,
participant_16,4,day,Town10HD_Opt,2026-03-15 17:45:47.146968,44.46484375,45.73377227783203,0.0020408248528838,12.879,3.547,0.0,0.0,0,0,1,,0.901,2026-03-15T17:45:47.146968,neutral,0.752,2026-03-15T17:45:46.218871,0.5697732100216213,2026-03-15T17:45:47.027000,80,,,
participant_16,4,day,Town10HD_Opt,2026-03-15 17:45:48.131254,44.31382751464844,43.70305633544922,0.0020153808873146,10.041,3.547,0.0,0.0,0,0,1,,0.89,2026-03-15T17:45:48.131254,neutral,0.752,2026-03-15T17:45:46.218871,0.5516130296140552,2026-03-15T17:45:48.016000,80,,,
participant_16,4,day,Town10HD_Opt,2026-03-15 17:45:49.070014,44.25316619873047,42.14031219482422,0.0019931411370635,7.71,3.497,0.0,0.0,0,0,1,,0.887,2026-03-15T17:45:49.070014,neutral,0.843,2026-03-15T17:45:49.070014,0.504632502789578,2026-03-15T17:45:49.141000,81,,,
participant_16,4,day,Town10HD_Opt,2026-03-15 17:45:49.991824,44.23916244506836,40.95841598510742,0.0020017242059111,5.415,3.488,0.0,0.028,0,0,1,,0.892,2026-03-15T17:45:49.991824,neutral,0.843,2026-03-15T17:45:49.070014,0.4969707148837002,2026-03-15T17:45:50.041000,81,,,
participant_16,4,day,Town10HD_Opt,2026-03-15 17:45:51.257066,44.23935317993164,40.763427734375,0.0018490981310606,1.873,3.464,0.708,0.0,0,0,1,,0.896,2026-03-15T17:45:51.257066,neutral,0.458,2026-03-15T17:45:51.257066,0.4957056427907486,2026-03-15T17:45:52.021000,82,,,
participant_16,4,day,Town10HD_Opt,2026-03-15 17:45:52.230736,44.27647399902344,39.54034423828125,0.0015184402000159,13.732,6.116,0.764,0.0,0,0,1,,1.0,2026-03-15T17:45:52.230736,neutral,0.458,2026-03-15T17:45:51.257066,0.5183132278422216,2026-03-15T17:45:53.012000,83,,,
participant_16,4,day,Town10HD_Opt,2026-03-15 17:45:53.231936,44.74138259887695,36.61169052124024,0.0020431517623364,18.567,16.285,0.179,0.0,0,0,1,,1.0,2026-03-15T17:45:53.231936,neutral,0.458,2026-03-15T17:45:51.257066,0.4911530198059424,2026-03-15T17:45:54.001000,80,,,
participant_16,4,day,Town10HD_Opt,2026-03-15 17:45:54.162833,46.01116943359375,33.76896667480469,0.0019599914085119,17.018,17.416,0.129,0.0,0,0,1,,1.0,2026-03-15T17:45:54.162833,neutral,0.749,2026-03-15T17:45:54.162833,0.5437968667617591,2026-03-15T17:45:54.001000,80,,,
participant_16,4,day,Town10HD_Opt,2026-03-15 17:45:55.060982,47.70785903930664,31.66877555847168,0.0020542906131595,13.476,16.791,0.032,0.0,0,0,1,,1.0,2026-03-15T17:45:55.060982,neutral,0.749,2026-03-15T17:45:54.162833,0.4597660715102474,2026-03-15T17:45:55.036000,80,,,
participant_16,4,day,Town10HD_Opt,2026-03-15 17:45:56.029002,49.534423828125,30.19536590576172,0.0019420622847974,13.419,15.62,0.105,0.0,0,0,1,,1.0,2026-03-15T17:45:56.029002,neutral,0.749,2026-03-15T17:45:54.162833,0.3759148944950579,2026-03-15T17:45:56.035000,76,,,
participant_16,4,day,Town10HD_Opt,2026-03-15 17:45:57.179033,52.03192901611328,28.916793823242188,0.0020154190715402,10.244,16.357,0.0,0.0,0,0,1,,1.0,2026-03-15T17:45:57.179033,neutral,0.474,2026-03-15T17:45:57.179033,0.386966610768821,2026-03-15T17:45:58.006000,79,,,
participant_16,4,day,Town10HD_Opt,2026-03-15 17:45:58.128118,53.54706573486328,28.53329086303711,0.002032661344856,7.194,20.634,0.0,0.241,0,0,1,,1.0,2026-03-15T17:45:58.128118,neutral,0.474,2026-03-15T17:45:57.179033,0.4760139071956816,2026-03-15T17:45:58.006000,78,,,
participant_16,4,day,Town10HD_Opt,2026-03-15 17:45:59.043243,53.94894409179688,28.47827339172364,0.0020221327431499,0.0,18.666,0.0,0.362,0,0,1,,1.0,2026-03-15T17:45:59.043243,neutral,0.474,2026-03-15T17:45:57.179033,0.3763916286673128,2026-03-15T17:45:59.045000,79,,,
participant_16,4,day,Town10HD_Opt,2026-03-15 17:46:00.239217,53.94522476196289,28.479127883911133,0.0019233322236686,0.085,1.156,0.711,0.0,0,1,-1,,1.0,2026-03-15T17:46:00.239217,fear,0.401,2026-03-15T17:46:00.239217,0.3400505531394665,2026-03-15T17:46:01.021000,79,,,
participant_16,4,day,Town10HD_Opt,2026-03-15 17:46:01.117089,53.08587646484375,28.69868850708008,0.0023127363529056,11.882,1.3,0.767,0.0,0,1,-1,,1.0,2026-03-15T17:46:01.117089,fear,0.401,2026-03-15T17:46:00.239217,0.3594119413118796,2026-03-15T17:46:01.021000,80,,,
participant_16,4,day,Town10HD_Opt,2026-03-15 17:46:02.047955,50.91567611694336,29.255958557128903,0.0017535781953483,10.003,7.539,0.128,0.0,0,1,-1,,1.0,2026-03-15T17:46:02.047955,fear,0.401,2026-03-15T17:46:00.239217,0.3669014572317574,2026-03-15T17:46:02.011000,78,,,
participant_16,4,day,Town10HD_Opt,2026-03-15 17:46:02.991521,49.68671798706055,29.590192794799805,0.0017913817428052,5.248,9.583,0.433,0.0,0,1,-1,,1.0,2026-03-15T17:46:02.991521,neutral,0.773,2026-03-15T17:46:02.991521,0.3424916164289791,2026-03-15T17:46:03.001000,80,,,
participant_16,4,day,Town10HD_Opt,2026-03-15 17:46:04.272443,48.07093048095703,30.13591957092285,0.0020949936006218,10.995,11.474,0.603,0.0,0,1,-1,,1.0,2026-03-15T17:46:04.272443,neutral,0.773,2026-03-15T17:46:02.991521,0.3829969672993973,2026-03-15T17:46:04.084000,78,,,
participant_16,4,day,Town10HD_Opt,2026-03-15 17:46:05.227949,46.08843231201172,31.06600952148437,0.002011566190049,13.937,11.564,0.571,0.0,0,1,-1,,0.883,2026-03-15T17:46:05.227949,neutral,0.668,2026-03-15T17:46:05.227949,0.3460896756310061,2026-03-15T17:46:06.016000,79,,,
participant_16,4,day,Town10HD_Opt,2026-03-15 17:46:06.178871,44.06234359741211,32.38180160522461,0.0018888473277911,13.178,11.501,0.428,0.0,0,1,-1,,0.887,2026-03-15T17:46:06.178871,neutral,0.668,2026-03-15T17:46:05.227949,0.3738179531961038,2026-03-15T17:46:07.007000,80,,,
participant_16,4,day,Town10HD_Opt,2026-03-15 17:46:07.144488,42.60739135742188,33.63543701171875,0.0016707992181181,6.767,9.693,0.0,0.533,0,1,-1,,0.847,2026-03-15T17:46:07.144488,neutral,0.668,2026-03-15T17:46:05.227949,0.3672718283163582,2026-03-15T17:46:07.996000,80,,,
participant_16,4,day,Town10HD_Opt,2026-03-15 17:46:08.054390,42.475399017333984,33.76496124267578,0.0018446350004523,0.0,9.523,0.0,0.702,0,0,1,,1.0,2026-03-15T17:46:08.054390,neutral,0.554,2026-03-15T17:46:08.054390,0.273242160066877,2026-03-15T17:46:07.996000,81,,,
participant_16,4,day,Town10HD_Opt,2026-03-15 17:46:08.994057,42.5323486328125,33.672691345214844,0.0017800140194594,3.045,-31.821,0.672,0.0,0,0,1,,0.832,2026-03-15T17:46:08.994057,neutral,0.554,2026-03-15T17:46:08.054390,0.3458541056923564,2026-03-15T17:46:09.032000,82,,,
participant_16,4,day,Town10HD_Opt,2026-03-15 17:46:10.245781,42.75786972045898,31.81084442138672,0.0018436813261359,13.259,-60.744,0.415,0.0,0,0,1,,1.0,2026-03-15T17:46:10.245781,neutral,0.578,2026-03-15T17:46:10.245781,0.3875299977382326,2026-03-15T17:46:11.057000,81,,,
participant_16,4,day,Town10HD_Opt,2026-03-15 17:46:11.167147,41.55792236328125,29.77193832397461,0.0019069671398028,14.097,-50.2,0.0,0.0,0,0,1,,1.0,2026-03-15T17:46:11.167147,neutral,0.578,2026-03-15T17:46:10.245781,0.3348362320697421,2026-03-15T17:46:12.001000,80,,,
participant_16,4,day,Town10HD_Opt,2026-03-15 17:46:12.104125,39.72515106201172,28.81632804870605,0.0021424484439194,10.594,-60.428,0.0,0.0,0,0,1,,1.0,2026-03-15T17:46:12.104125,neutral,0.578,2026-03-15T17:46:10.245781,0.2613007990602444,2026-03-15T17:46:12.001000,80,,,
participant_16,4,day,Town10HD_Opt,2026-03-15 17:46:13.259715,38.61143112182617,28.88657569885254,0.0024074935354292,0.002,-3.198,0.0,0.327,0,0,1,,1.0,2026-03-15T17:46:13.259715,neutral,0.46,2026-03-15T17:46:13.259715,0.3108990541840454,2026-03-15T17:46:14.072000,80,,,
participant_16,4,day,Town10HD_Opt,2026-03-15 17:46:14.200515,38.61326217651367,28.88739967346192,0.0019408034859225,0.165,6.3,0.643,0.0,0,1,-1,,0.889,2026-03-15T17:46:14.200515,neutral,0.46,2026-03-15T17:46:13.259715,0.3047735880393332,2026-03-15T17:46:15.016000,83,,,
participant_16,4,day,Town10HD_Opt,2026-03-15 17:46:15.145245,39.19271469116211,29.07512855529785,0.0021920776925981,7.865,24.555,0.731,0.0,0,1,-1,,1.0,2026-03-15T17:46:15.145245,neutral,0.46,2026-03-15T17:46:13.259715,0.2830889641525583,2026-03-15T17:46:15.016000,81,,,
participant_16,4,day,Town10HD_Opt,2026-03-15 17:46:16.171669,40.88820266723633,29.424713134765625,0.0018465041648596,8.476,25.893,0.198,0.0,0,1,-1,,1.0,2026-03-15T17:46:16.171669,neutral,0.345,2026-03-15T17:46:16.171669,0.3108324760066694,2026-03-15T17:46:16.051000,83,,,
participant_16,4,day,Town10HD_Opt,2026-03-15 17:46:17.136756,42.00349044799805,29.439165115356445,0.0018011474749073,4.323,25.778,0.19,0.0,0,1,-1,,1.0,2026-03-15T17:46:17.136756,neutral,0.345,2026-03-15T17:46:16.171669,0.3922541182200251,2026-03-15T17:46:17.041000,83,,,
participant_16,4,day,Town10HD_Opt,2026-03-15 17:46:18.098252,42.70827865600586,29.357128143310547,0.0020027922000736,5.39,25.068,0.234,0.0,0,1,-1,,1.0,2026-03-15T17:46:18.098252,neutral,0.345,2026-03-15T17:46:16.171669,0.3807194115150254,2026-03-15T17:46:18.031000,84,,,
participant_16,4,day,Town10HD_Opt,2026-03-15 17:46:19.151971,43.51495361328125,29.10714340209961,0.0018132781842723,0.627,1.777,0.0,0.122,0,1,-1,,0.831,2026-03-15T17:46:19.151971,sad,0.433,2026-03-15T17:46:19.151971,0.2835898169345923,2026-03-15T17:46:20.012000,88,,,
participant_16,4,day,Town10HD_Opt,2026-03-15 17:46:20.138898,43.53131866455078,29.100475311279297,0.001894035260193,0.121,-1.445,0.0,0.0,0,0,1,,0.812,2026-03-15T17:46:20.138898,sad,0.433,2026-03-15T17:46:19.151971,0.2883980006833073,2026-03-15T17:46:20.012000,84,,,
participant_16,4,day,Town10HD_Opt,2026-03-15 17:46:21.119780,43.488040924072266,29.126508712768555,0.0018695830367505,1.154,-25.741,0.263,0.0,0,0,1,,1.0,2026-03-15T17:46:21.119780,sad,0.433,2026-03-15T17:46:19.151971,0.2691717408878091,2026-03-15T17:46:21.046000,87,,,
participant_16,4,day,Town10HD_Opt,2026-03-15 17:46:22.135769,43.09703826904297,29.43838119506836,0.0017864989349618,5.334,-32.262,0.504,0.0,0,0,1,,1.0,2026-03-15T17:46:22.135769,neutral,0.614,2026-03-15T17:46:22.135769,0.3196196506361726,2026-03-15T17:46:22.039000,86,,,
participant_16,4,day,Town10HD_Opt,2026-03-15 17:46:23.064210,42.12147521972656,30.530696868896484,0.0017151641659438,12.421,-32.442,0.553,0.0,0,0,1,,1.0,2026-03-15T17:46:23.064210,neutral,0.614,2026-03-15T17:46:22.135769,0.3180526183437064,2026-03-15T17:46:23.076000,86,,,
participant_16,4,day,Town10HD_Opt,2026-03-15 17:46:24.057805,41.01483917236328,32.86758804321289,0.0018250655848532,17.163,-26.563,0.352,0.0,0,0,1,,1.0,2026-03-15T17:46:24.057805,neutral,0.614,2026-03-15T17:46:22.135769,0.2993263215215733,2026-03-15T17:46:24.016000,85,,,
participant_16,4,day,Town10HD_Opt,2026-03-15 17:46:25.278758,40.21607208251953,36.96818923950195,0.0020336532033979,18.059,-4.619,0.289,0.0,0,0,1,,0.879,2026-03-15T17:46:25.278758,neutral,0.727,2026-03-15T17:46:25.278758,0.330076225771809,2026-03-15T17:46:26.041000,88,,,
participant_16,4,day,Town10HD_Opt,2026-03-15 17:46:26.184930,39.92595672607422,40.15159225463867,0.0020326231606304,18.739,-8.88,0.342,0.0,0,0,1,,1.0,2026-03-15T17:46:26.184930,neutral,0.727,2026-03-15T17:46:25.278758,0.2976799981652781,2026-03-15T17:46:27.031000,87,,,
participant_16,4,day,Town10HD_Opt,2026-03-15 17:46:27.113320,39.94063949584961,43.42142868041992,0.0020563888829201,18.585,-1.356,0.271,0.0,0,0,1,,1.0,2026-03-15T17:46:27.113320,neutral,0.727,2026-03-15T17:46:25.278758,0.3365783456596402,2026-03-15T17:46:27.031000,87,,,
participant_16,4,day,Town10HD_Opt,2026-03-15 17:46:28.281727,39.98479843139648,47.54253005981445,0.0020014189649373,15.529,-2.864,0.0,0.0,0,0,1,,0.82,2026-03-15T17:46:28.281727,sad,0.344,2026-03-15T17:46:28.281727,0.3516289686614312,2026-03-15T17:46:29.011000,86,,,
participant_16,4,day,Town10HD_Opt,2026-03-15 17:46:29.180573,40.09257888793945,49.92140579223633,0.0020671081729233,11.113,0.576,0.0,0.219,0,0,1,,1.0,2026-03-15T17:46:29.180573,sad,0.344,2026-03-15T17:46:28.281727,0.2738102127615588,2026-03-15T17:46:29.011000,84,,,
participant_16,4,day,Town10HD_Opt,2026-03-15 17:46:30.089849,40.14101409912109,51.48887252807617,0.0020616149995476,6.568,0.853,0.0,0.206,0,0,1,,1.0,2026-03-15T17:46:30.089849,sad,0.344,2026-03-15T17:46:28.281727,0.2687496885826519,2026-03-15T17:46:30.047000,83,,,
participant_16,4,day,Town10HD_Opt,2026-03-15 17:46:31.251427,40.15234375,51.913230895996094,0.0019620133098214,0.007,0.79,0.0,0.0,0,0,1,,0.814,2026-03-15T17:46:31.251427,neutral,0.698,2026-03-15T17:46:31.251427,0.3884148735337833,2026-03-15T17:46:32.027000,83,,,
participant_16,4,day,Town10HD_Opt,2026-03-15 17:46:32.119464,40.15530776977539,52.0434799194336,0.0019883727654814,0.0,0.78,0.0,0.076,0,0,1,,0.841,2026-03-15T17:46:32.119464,neutral,0.698,2026-03-15T17:46:31.251427,0.1607781487048831,2026-03-15T17:46:32.027000,81,,,
participant_16,4,day,Town10HD_Opt,2026-03-15 17:46:33.014787,40.15695190429688,52.10033416748047,0.0017791747814044,2.343,0.508,0.827,0.0,0,0,1,,1.0,2026-03-15T17:46:33.014787,neutral,0.698,2026-03-15T17:46:31.251427,0.2594541432323555,2026-03-15T17:46:33.016000,83,,,
participant_16,4,day,Town10HD_Opt,2026-03-15 17:46:34.200756,40.24495697021485,54.64435958862305,0.0017243194160982,18.953,-3.921,0.639,0.0,0,0,1,,0.869,2026-03-15T17:46:34.200756,neutral,0.619,2026-03-15T17:46:34.200756,0.2982810138036147,2026-03-15T17:46:35.041000,84,,,
participant_16,4,day,Town10HD_Opt,2026-03-15 17:46:35.078870,40.78671646118164,58.252079010009766,0.001857147202827,24.043,-10.269,0.587,0.0,0,0,1,,0.805,2026-03-15T17:46:35.078870,neutral,0.619,2026-03-15T17:46:34.200756,0.2170262649261382,2026-03-15T17:46:35.041000,85,,,
participant_16,4,day,Town10HD_Opt,2026-03-15 17:46:36.268994,43.30929183959961,64.06133270263672,0.0019121170043945,30.555,-13.051,0.493,0.0,0,0,1,,0.883,2026-03-15T17:46:36.268994,happy,0.812,2026-03-15T17:46:36.268994,0.2684181169301189,2026-03-15T17:46:37.021000,84,,,
participant_16,4,day,Town10HD_Opt,2026-03-15 17:46:37.144191,47.08258819580078,67.89161682128906,0.0020721436012536,30.88,-14.879,0.384,0.0,0,0,1,,0.817,2026-03-15T17:46:37.144191,happy,0.812,2026-03-15T17:46:36.268994,0.2821246760686938,2026-03-15T17:46:37.021000,83,,,
participant_16,4,day,Town10HD_Opt,2026-03-15 17:46:38.090334,51.97236251831055,70.02892303466797,0.0020830153953284,30.473,-13.875,0.383,0.0,0,0,1,,1.0,2026-03-15T17:46:38.090334,happy,0.812,2026-03-15T17:46:36.268994,0.3460200024566722,2026-03-15T17:46:38.012000,85,,,
participant_16,4,day,Town10HD_Opt,2026-03-15 17:46:38.988247,57.24468994140625,70.40078735351562,0.0020701216999441,30.148,-6.128,0.294,0.0,0,0,1,,1.0,2026-03-15T17:46:38.988247,happy,0.899,2026-03-15T17:46:38.988247,0.3253780841092003,2026-03-15T17:46:39.047000,82,,,
participant_16,4,day,Town10HD_Opt,2026-03-15 17:46:40.188778,63.96160507202149,69.97560119628906,0.0021437453106045,26.727,0.9,0.214,0.0,0,0,1,,1.0,2026-03-15T17:46:40.188778,happy,0.899,2026-03-15T17:46:38.988247,0.2808677757701996,2026-03-15T17:46:41.026000,82,,,
participant_16,4,day,Town10HD_Opt,2026-03-15 17:46:41.096391,68.32083129882812,69.83010864257812,0.0022233962081372,21.884,0.83,0.0,0.0,0,0,1,,1.0,2026-03-15T17:46:41.096391,neutral,0.568,2026-03-15T17:46:41.096391,0.2944353038030978,2026-03-15T17:46:41.026000,82,,,
participant_16,4,day,Town10HD_Opt,2026-03-15 17:46:42.285187,72.659912109375,69.76644134521484,0.0019990156870335,15.951,1.177,0.159,0.0,0,0,1,,1.0,2026-03-15T17:46:42.285187,neutral,0.568,2026-03-15T17:46:41.096391,0.2756025385825781,2026-03-15T17:46:43.052000,87,,,
participant_16,4,day,Town10HD_Opt,2026-03-15 17:46:43.184471,75.3119888305664,69.78643035888672,0.0019749067723751,14.25,0.985,0.117,0.0,0,0,1,,1.0,2026-03-15T17:46:43.184471,neutral,0.699,2026-03-15T17:46:43.184471,0.2800121666375515,2026-03-15T17:46:44.042000,90,,,
participant_16,4,day,Town10HD_Opt,2026-03-15 17:46:44.112947,77.6783447265625,69.82376861572266,0.0019686508458107,12.694,0.016,0.115,0.0,0,0,1,,1.0,2026-03-15T17:46:44.112947,neutral,0.699,2026-03-15T17:46:43.184471,0.2867943056973867,2026-03-15T17:46:44.042000,91,,,
participant_16,4,day,Town10HD_Opt,2026-03-15 17:46:45.019580,79.7950439453125,69.85142517089844,0.0019598007202148,11.417,-0.122,0.115,0.0,0,0,1,,0.886,2026-03-15T17:46:45.019580,neutral,0.699,2026-03-15T17:46:43.184471,0.294296627825782,2026-03-15T17:46:45.034000,89,,,
participant_16,4,day,Town10HD_Opt,2026-03-15 17:46:46.210568,82.30003356933594,69.8807144165039,0.0019650650210678,9.602,-0.073,0.0,0.0,0,0,1,,0.89,2026-03-15T17:46:46.210568,neutral,0.6,2026-03-15T17:46:46.210568,0.4270602370536633,2026-03-15T17:46:47.012000,86,,,
participant_16,4,day,Town10HD_Opt,2026-03-15 17:46:47.128428,83.85633850097656,69.89836120605469,0.0018767928704619,10.158,0.157,0.988,0.0,0,0,1,,0.836,2026-03-15T17:46:47.128428,neutral,0.6,2026-03-15T17:46:46.210568,0.4057380044904575,2026-03-15T17:46:47.012000,87,Solid line crossing,Solid line crossing,
participant_16,4,day,Town10HD_Opt,2026-03-15 17:46:48.091336,86.74267578125,70.07002258300781,0.0017574691446498,23.088,8.847,0.754,0.0,0,0,1,,0.805,2026-03-15T17:46:48.091336,neutral,0.6,2026-03-15T17:46:46.210568,0.4920624078723795,2026-03-15T17:46:48.046000,87,,,
participant_16,4,day,Town10HD_Opt,2026-03-15 17:46:49.025726,91.09225463867188,71.05757141113281,0.0020445631816983,25.698,13.146,0.229,0.0,0,0,1,,0.913,2026-03-15T17:46:49.025726,happy,0.862,2026-03-15T17:46:49.025726,0.6173640946572208,2026-03-15T17:46:49.036000,88,,,
participant_16,4,day,Town10HD_Opt,2026-03-15 17:46:50.190303,95.55384826660156,74.22108459472656,0.0021671294234693,22.09,20.654,0.317,0.0,0,0,1,,0.827,2026-03-15T17:46:50.190303,happy,0.862,2026-03-15T17:46:49.025726,0.7018511060232586,2026-03-15T17:46:51.017000,86,,,
participant_16,4,day,Town10HD_Opt,2026-03-15 17:46:51.101397,97.41104125976562,77.6833267211914,0.0019287872128188,24.943,11.368,0.667,0.0,0,0,1,,1.0,2026-03-15T17:46:51.101397,happy,0.707,2026-03-15T17:46:51.101397,0.6590602922096152,2026-03-15T17:46:51.017000,88,,,
participant_16,4,day,Town10HD_Opt,2026-03-15 17:46:52.067930,98.63514709472656,82.63821411132812,0.0016565322875976,35.231,9.552,0.861,0.0,0,0,1,,1.0,2026-03-15T17:46:52.067930,happy,0.707,2026-03-15T17:46:51.101397,0.7365089242156607,2026-03-15T17:46:52.051000,86,,,
participant_16,4,day,Town10HD_Opt,2026-03-15 17:46:53.275292,98.52272033691406,92.55460357666016,0.0017317199381068,49.451,0.061,0.628,0.0,0,0,1,,1.0,2026-03-15T17:46:53.275292,happy,0.809,2026-03-15T17:46:53.275292,0.922043255868858,2026-03-15T17:46:54.032000,85,,,
participant_16,4,day,Town10HD_Opt,2026-03-15 17:46:54.194854,97.73866271972656,100.9966812133789,0.0021901703439652,46.074,7.644,0.633,0.0,0,0,1,,0.851,2026-03-15T17:46:54.194854,happy,0.809,2026-03-15T17:46:53.275292,0.99,2026-03-15T17:46:55.022000,85,,,
participant_16,4,day,Town10HD_Opt,2026-03-15 17:46:55.034818,95.26416778564452,108.95549774169922,0.0018598174210637,51.048,5.638,0.0,0.0,0,0,1,,1.0,2026-03-15T17:46:55.034818,happy,0.809,2026-03-15T17:46:53.275292,0.9503949926999702,2026-03-15T17:46:55.022000,84,,,
participant_16,4,day,Town10HD_Opt,2026-03-15 17:46:56.213380,89.15670776367188,118.79886627197266,0.0019932175055146,50.189,6.782,0.591,0.0,0,0,1,,0.834,2026-03-15T17:46:56.213380,neutral,0.78,2026-03-15T17:46:56.213380,0.99,2026-03-15T17:46:57.046000,82,,,
participant_16,4,day,Town10HD_Opt,2026-03-15 17:46:57.135095,83.01295471191406,124.92540740966795,0.0020864487159997,49.093,8.005,0.591,0.0,0,0,1,,0.86,2026-03-15T17:46:57.135095,neutral,0.78,2026-03-15T17:46:56.213380,0.99,2026-03-15T17:46:57.046000,83,,,
participant_16,4,day,Town10HD_Opt,2026-03-15 17:46:58.054693,75.26885986328125,128.87942504882812,0.0020164106972515,49.981,6.957,0.591,0.0,0,0,1,,0.81,2026-03-15T17:46:58.054693,neutral,0.78,2026-03-15T17:46:56.213380,0.99,2026-03-15T17:46:58.036000,81,,,
participant_16,4,day,Town10HD_Opt,2026-03-15 17:46:59.276430,63.87200546264648,130.6505126953125,0.001984252827242,50.588,0.298,0.0,0.0,0,0,1,,1.0,2026-03-15T17:46:59.276430,neutral,0.452,2026-03-15T17:46:59.276430,0.8793583148288138,2026-03-15T17:47:00.106000,79,,,
participant_16,4,day,Town10HD_Opt,2026-03-15 17:47:00.271309,55.216346740722656,130.90725708007812,0.0020166777539998,49.79,1.243,0.568,0.0,0,0,1,,1.0,2026-03-15T17:47:00.271309,neutral,0.452,2026-03-15T17:46:59.276430,0.8601233853638818,2026-03-15T17:47:01.052000,80,,,
participant_16,4,day,Town10HD_Opt,2026-03-15 17:47:01.206286,46.48946762084961,130.87890625,0.0021136093419045,48.967,0.12,0.568,0.0,0,0,1,,1.0,2026-03-15T17:47:01.206286,neutral,0.452,2026-03-15T17:46:59.276430,0.9201006632436765,2026-03-15T17:47:02.042000,80,,,
participant_16,4,day,Town10HD_Opt,2026-03-15 17:47:02.198698,37.800575256347656,130.6992645263672,0.0019868467934429,50.618,-0.052,0.0,0.0,0,0,1,,1.0,2026-03-15T17:47:02.198698,neutral,0.608,2026-03-15T17:47:02.198698,0.8130949246350733,2026-03-15T17:47:03.033000,83,,,
participant_16,4,day,Town10HD_Opt,2026-03-15 17:47:03.157585,29.23666763305664,130.52593994140625,0.0022010039538145,46.526,-0.197,0.0,0.0,0,0,1,,1.0,2026-03-15T17:47:03.157585,neutral,0.608,2026-03-15T17:47:02.198698,0.8819178044889102,2026-03-15T17:47:04.022000,79,,,
participant_16,4,day,Town10HD_Opt,2026-03-15 17:47:04.077975,22.01615524291992,130.42709350585938,0.0023638915736228,35.768,-0.059,0.0,0.0,0,0,1,,1.0,2026-03-15T17:47:04.077975,neutral,0.608,2026-03-15T17:47:02.198698,0.8588051617749409,2026-03-15T17:47:04.022000,80,,,
participant_16,4,day,Town10HD_Opt,2026-03-15 17:47:05.033160,16.38554573059082,130.3667755126953,0.0022350309882313,29.02,-0.127,0.308,0.0,0,0,1,,1.0,2026-03-15T17:47:05.033160,neutral,0.863,2026-03-15T17:47:05.033160,0.821378979700785,2026-03-15T17:47:05.012000,82,,,
participant_16,4,day,Town10HD_Opt,2026-03-15 17:47:06.015019,11.460943222045898,130.32725524902344,0.0020991514902561,27.265,0.04,0.299,0.0,0,0,1,,1.0,2026-03-15T17:47:06.015019,neutral,0.863,2026-03-15T17:47:05.033160,0.7911291357604471,2026-03-15T17:47:06.050000,82,,,
participant_16,4,day,Town10HD_Opt,2026-03-15 17:47:07.221966,5.298290729522705,130.272705078125,0.0020856857299804,25.474,0.106,0.297,0.0,0,0,1,,1.0,2026-03-15T17:47:07.221966,neutral,0.58,2026-03-15T17:47:07.221966,0.7057965373599939,2026-03-15T17:47:08.027000,77,,,
participant_16,4,day,Town10HD_Opt,2026-03-15 17:47:08.122841,0.9352734088897704,130.2242889404297,0.0020813751034438,24.36,-0.089,0.295,0.0,0,0,1,,1.0,2026-03-15T17:47:08.122841,neutral,0.58,2026-03-15T17:47:07.221966,0.7768430023749385,2026-03-15T17:47:08.027000,76,,,
participant_16,4,day,Town10HD_Opt,2026-03-15 17:47:09.273790,-4.577950477600098,130.1711883544922,0.0020767210517078,22.947,-0.094,0.294,0.0,0,0,1,,1.0,2026-03-15T17:47:09.273790,neutral,0.669,2026-03-15T17:47:09.273790,0.8229778952394405,2026-03-15T17:47:10.053000,78,,,
participant_16,4,day,Town10HD_Opt,2026-03-15 17:47:10.206711,-8.50024127960205,130.1429901123047,0.0020892333704978,21.594,-0.092,0.069,0.0,0,0,1,,1.0,2026-03-15T17:47:10.206711,neutral,0.669,2026-03-15T17:47:09.273790,0.7264179950940662,2026-03-15T17:47:11.043000,77,,,
participant_16,4,day,Town10HD_Opt,2026-03-15 17:47:11.094828,-11.930745124816896,130.1245880126953,0.0019460296025499,17.186,-0.059,0.0,0.0,0,0,1,,1.0,2026-03-15T17:47:11.094828,neutral,0.669,2026-03-15T17:47:09.273790,0.7093184733387176,2026-03-15T17:47:11.043000,79,,,
participant_16,4,day,Town10HD_Opt,2026-03-15 17:47:12.058026,-14.613804817199709,130.1102294921875,0.0020421599037945,13.223,0.296,0.0,0.0,0,0,1,,1.0,2026-03-15T17:47:12.058026,neutral,0.877,2026-03-15T17:47:12.058026,0.7582536312755789,2026-03-15T17:47:12.032000,79,,,
participant_16,4,day,Town10HD_Opt,2026-03-15 17:47:13.019235,-16.67436408996582,130.09124755859375,0.0020171354990452,10.287,0.223,0.061,0.0,0,0,1,,0.811,2026-03-15T17:47:13.019235,neutral,0.877,2026-03-15T17:47:12.058026,0.7119548400562055,2026-03-15T17:47:13.022000,77,,,
participant_16,4,day,Town10HD_Opt,2026-03-15 17:47:14.174947,-18.79623794555664,130.06753540039062,0.0019841766916215,7.761,-0.063,0.0,0.0,0,0,1,,1.0,2026-03-15T17:47:14.174947,neutral,0.818,2026-03-15T17:47:14.174947,0.6826030136727941,2026-03-15T17:47:14.012000,79,,,
participant_16,4,day,Town10HD_Opt,2026-03-15 17:47:15.100708,-19.99957656860352,130.056884765625,0.0019803238101303,6.0,-0.214,0.0,0.0,0,0,1,,0.803,2026-03-15T17:47:15.100708,neutral,0.818,2026-03-15T17:47:14.174947,0.7595595112335611,2026-03-15T17:47:15.137000,79,,,
participant_16,4,day,Town10HD_Opt,2026-03-15 17:47:16.229402,-21.217565536499023,130.0481414794922,0.0019600295927375,4.314,-0.214,0.0,0.0,0,0,1,,1.0,2026-03-15T17:47:16.229402,happy,0.674,2026-03-15T17:47:16.229402,0.6269704462084572,2026-03-15T17:47:17.027000,76,,,
participant_16,4,day,Town10HD_Opt,2026-03-15 17:47:17.146090,-21.88962173461914,130.04412841796875,0.0019508743425831,3.312,-0.214,0.0,0.0,0,0,1,,0.823,2026-03-15T17:47:17.146090,happy,0.674,2026-03-15T17:47:16.229402,0.6715907346911685,2026-03-15T17:47:17.027000,77,,,
participant_16,4,day,Town10HD_Opt,2026-03-15 17:47:18.045918,-22.72895622253418,130.03990173339844,0.0015313720796257,11.214,-0.214,1.0,0.0,0,0,1,,0.822,2026-03-15T17:47:18.045918,happy,0.674,2026-03-15T17:47:16.229402,0.6537239675532667,2026-03-15T17:47:18.017000,77,,,
participant_16,4,day,Town10HD_Opt,2026-03-15 17:47:19.209237,-27.44650650024414,129.99734497070312,0.0015645598759874,30.432,5.276,0.574,0.0,0,0,1,,0.861,2026-03-15T17:47:19.209237,happy,0.532,2026-03-15T17:47:19.209237,0.6388907942575551,2026-03-15T17:47:20.042000,77,,,
participant_16,4,day,Town10HD_Opt,2026-03-15 17:47:20.145868,-32.8610954284668,129.07493591308594,0.0021057890262454,30.472,11.359,0.297,0.0,0,0,1,,0.826,2026-03-15T17:47:20.145868,happy,0.532,2026-03-15T17:47:19.209237,0.6019638134228529,2026-03-15T17:47:20.042000,76,,,
participant_16,4,day,Town10HD_Opt,2026-03-15 17:47:21.023632,-37.33450698852539,126.65420532226562,0.0021566390059888,28.022,19.954,0.31,0.0,0,0,1,,0.905,2026-03-15T17:47:21.023632,happy,0.532,2026-03-15T17:47:19.209237,0.6556341022223735,2026-03-15T17:47:21.035000,77,,,
participant_16,4,day,Town10HD_Opt,2026-03-15 17:47:22.227065,-40.602840423583984,121.39710998535156,0.0019382475875318,25.938,9.744,0.304,0.0,0,0,1,,0.853,2026-03-15T17:47:22.227065,neutral,0.74,2026-03-15T17:47:22.227065,0.5421224362637717,2026-03-15T17:47:23.012000,81,,,
participant_16,4,day,Town10HD_Opt,2026-03-15 17:47:23.193292,-41.59265899658203,117.05711364746094,0.001986808842048,25.162,8.258,0.475,0.0,0,0,1,,1.0,2026-03-15T17:47:23.193292,neutral,0.74,2026-03-15T17:47:22.227065,0.4942234957050155,2026-03-15T17:47:24.047000,81,,,
participant_16,4,day,Town10HD_Opt,2026-03-15 17:47:24.163598,-41.8228759765625,112.45500946044922,0.0019368743523955,28.197,2.186,0.528,0.0,0,0,1,,1.0,2026-03-15T17:47:24.163598,neutral,0.74,2026-03-15T17:47:22.227065,0.5743334924070034,2026-03-15T17:47:24.047000,80,,,
participant_16,4,day,Town10HD_Opt,2026-03-15 17:47:25.126911,-41.76944732666016,107.15792083740234,0.001872711116448,33.091,0.247,0.59,0.0,0,0,1,,1.0,2026-03-15T17:47:25.126911,neutral,0.845,2026-03-15T17:47:25.126911,0.5247589122692056,2026-03-15T17:47:25.035000,81,,,
participant_16,4,day,Town10HD_Opt,2026-03-15 17:47:26.134161,-41.64741134643555,101.17747497558594,0.002034721430391,34.261,-0.021,0.358,0.0,0,0,1,,1.0,2026-03-15T17:47:26.134161,neutral,0.845,2026-03-15T17:47:25.126911,0.486216659284587,2026-03-15T17:47:26.027000,82,,,
participant_16,4,day,Town10HD_Opt,2026-03-15 17:47:27.092017,-41.55948638916016,95.2607879638672,0.0020754623692482,33.237,-0.707,0.358,0.0,0,0,1,,1.0,2026-03-15T17:47:27.092017,neutral,0.845,2026-03-15T17:47:25.126911,0.4558506234321042,2026-03-15T17:47:27.018000,82,,,
participant_16,4,day,Town10HD_Opt,2026-03-15 17:47:28.027116,-41.58808517456055,89.51519012451172,0.0020725631620734,32.277,-0.632,0.358,0.0,0,0,1,,1.0,2026-03-15T17:47:28.027116,neutral,0.949,2026-03-15T17:47:28.027116,0.4125280095636907,2026-03-15T17:47:28.137000,80,,,
participant_16,4,day,Town10HD_Opt,2026-03-15 17:47:29.003137,-41.66010284423828,83.92094421386719,0.0020716858562082,31.489,5.666,0.357,0.0,0,0,1,,0.807,2026-03-15T17:47:29.003137,neutral,0.949,2026-03-15T17:47:28.027116,0.5325770440135615,2026-03-15T17:47:29.046000,82,,,
participant_16,4,day,Town10HD_Opt,2026-03-15 17:47:30.248172,-40.278297424316406,76.91618347167969,0.0020973586943,29.919,10.915,0.339,0.0,0,0,1,,1.0,2026-03-15T17:47:30.248172,neutral,0.575,2026-03-15T17:47:30.248172,0.5431713153285309,2026-03-15T17:47:31.023000,82,,,
participant_16,4,day,Town10HD_Opt,2026-03-15 17:47:31.196282,-37.50641632080078,72.693359375,0.0021426391322165,28.267,21.361,0.342,0.0,0,0,1,,1.0,2026-03-15T17:47:31.196282,neutral,0.575,2026-03-15T17:47:30.248172,0.522758428720788,2026-03-15T17:47:32.012000,82,,,
participant_16,4,day,Town10HD_Opt,2026-03-15 17:47:32.216679,-33.29697036743164,70.3932113647461,0.0021242522634565,27.183,18.775,0.349,0.0,0,0,1,,0.821,2026-03-15T17:47:32.216679,neutral,0.575,2026-03-15T17:47:30.248172,0.5230591861593962,2026-03-15T17:47:33.048000,81,,,
participant_16,4,day,Town10HD_Opt,2026-03-15 17:47:33.171900,-28.60770606994629,69.86012268066406,0.0020549392793327,27.083,3.255,0.381,0.0,0,0,1,,1.0,2026-03-15T17:47:33.171900,sad,0.451,2026-03-15T17:47:33.171900,0.4617786730979412,2026-03-15T17:47:34.037000,82,,,
participant_16,4,day,Town10HD_Opt,2026-03-15 17:47:34.088849,-23.82044792175293,69.73523712158203,0.0020121000707149,27.887,1.617,0.435,0.0,0,0,1,,1.0,2026-03-15T17:47:34.088849,sad,0.451,2026-03-15T17:47:33.171900,0.5237828084703908,2026-03-15T17:47:34.037000,83,,,
participant_16,4,day,Town10HD_Opt,2026-03-15 17:47:35.244480,-17.10541343688965,69.76654815673828,0.0020003127865493,29.712,0.033,0.432,0.0,0,0,1,,1.0,2026-03-15T17:47:35.244480,neutral,0.645,2026-03-15T17:47:35.244480,0.5290895139690625,2026-03-15T17:47:36.017000,82,,,
participant_16,4,day,Town10HD_Opt,2026-03-15 17:47:36.166758,-11.8070650100708,69.8334732055664,0.0020053482148796,30.89,0.045,0.432,0.0,0,0,1,,1.0,2026-03-15T17:47:36.166758,neutral,0.645,2026-03-15T17:47:35.244480,0.515366194445589,2026-03-15T17:47:36.017000,82,,,
participant_16,4,day,Town10HD_Opt,2026-03-15 17:47:37.103327,-6.317731857299805,69.89511108398438,0.0020125198643654,31.859,-0.522,0.427,0.0,0,0,1,,1.0,2026-03-15T17:47:37.103327,neutral,0.645,2026-03-15T17:47:35.244480,0.5048065517372684,2026-03-15T17:47:37.051000,83,,,
participant_16,4,day,Town10HD_Opt,2026-03-15 17:47:38.002178,-0.6758981347084045,69.89146423339844,0.0020186232868582,32.627,0.141,0.419,0.0,0,0,1,,1.0,2026-03-15T17:47:38.002178,neutral,0.575,2026-03-15T17:47:38.002178,0.4691984807202015,2026-03-15T17:47:38.042000,84,,,
participant_16,4,day,Town10HD_Opt,2026-03-15 17:47:39.182633,6.51904296875,69.86986541748047,0.0022651290055364,25.946,0.094,0.0,0.0,0,0,1,,1.0,2026-03-15T17:47:39.182633,neutral,0.575,2026-03-15T17:47:38.002178,0.5657977974200201,2026-03-15T17:47:40.022000,83,,,
participant_16,4,day,Town10HD_Opt,2026-03-15 17:47:40.125862,10.600797653198242,69.86549377441406,0.0022520828060805,19.792,0.219,0.0,0.0,0,0,1,,1.0,2026-03-15T17:47:40.125862,neutral,0.793,2026-03-15T17:47:40.125862,0.4985254049119272,2026-03-15T17:47:40.022000,86,,,
participant_16,4,day,Town10HD_Opt,2026-03-15 17:47:41.005668,13.68560791015625,69.87186431884766,0.0020206831395626,15.307,0.04,0.074,0.0,0,0,1,,1.0,2026-03-15T17:47:41.005668,neutral,0.793,2026-03-15T17:47:40.125862,0.475515937049397,2026-03-15T17:47:41.014000,83,,,
participant_16,4,day,Town10HD_Opt,2026-03-15 17:47:42.235214,16.959827423095703,69.877197265625,0.0019619751255959,13.052,-0.303,0.13,0.0,0,0,1,,1.0,2026-03-15T17:47:42.235214,neutral,0.738,2026-03-15T17:47:42.235214,0.4433068957818695,2026-03-15T17:47:43.037000,80,,,
participant_16,4,day,Town10HD_Opt,2026-03-15 17:47:43.153158,19.16546630859375,69.87489318847656,0.0019324874738231,12.396,0.266,0.214,0.0,0,0,1,,1.0,2026-03-15T17:47:43.153158,neutral,0.738,2026-03-15T17:47:42.235214,0.4721342787513551,2026-03-15T17:47:43.037000,80,,,
participant_16,4,day,Town10HD_Opt,2026-03-15 17:47:44.037645,21.359220504760746,69.88008880615234,0.0019187545403838,12.503,-0.125,0.127,0.0,0,0,1,,1.0,2026-03-15T17:47:44.037645,neutral,0.738,2026-03-15T17:47:42.235214,0.5402023415351529,2026-03-15T17:47:44.031000,78,,,
participant_16,4,day,Town10HD_Opt,2026-03-15 17:47:45.266935,23.956031799316406,69.87984466552734,0.0020044327247887,9.261,-0.136,0.0,0.0,0,0,1,,1.0,2026-03-15T17:47:45.266935,neutral,0.793,2026-03-15T17:47:45.266935,0.4833317195405818,2026-03-15T17:47:46.052000,78,,,
participant_16,4,day,Town10HD_Opt,2026-03-15 17:47:46.191477,25.31428909301757,69.87752532958984,0.0020370101556181,5.762,-0.136,0.0,0.177,0,0,1,,1.0,2026-03-15T17:47:46.191477,neutral,0.793,2026-03-15T17:47:45.266935,0.4958228135113676,2026-03-15T17:47:47.041000,78,,,
participant_16,4,day,Town10HD_Opt,2026-03-15 17:47:47.098389,25.52070426940918,69.87715911865234,0.0019853971898555,0.006,-0.134,0.0,0.0,0,0,1,,1.0,2026-03-15T17:47:47.098389,neutral,0.793,2026-03-15T17:47:45.266935,0.4746005981253072,2026-03-15T17:47:47.041000,79,,,
participant_16,4,day,Town10HD_Opt,2026-03-15 17:47:48.003718,25.69673728942871,69.87660217285156,0.0017679977463558,3.48,-0.134,0.216,0.0,0,0,1,,1.0,2026-03-15T17:47:48.003718,neutral,0.843,2026-03-15T17:47:48.003718,0.5333615391557606,2026-03-15T17:47:48.032000,81,,,
participant_16,4,day,Town10HD_Opt,2026-03-15 17:47:49.181411,26.07996940612793,69.87557220458984,0.0019612885080277,0.0,-0.125,0.0,0.086,0,0,1,,0.804,2026-03-15T17:47:49.181411,neutral,0.843,2026-03-15T17:47:48.003718,0.5872484039629048,2026-03-15T17:47:49.022000,78,,,
participant_16,4,day,Town10HD_Opt,2026-03-15 17:47:50.124429,26.611751556396484,69.87429809570312,0.0015159606700763,9.88,-0.115,0.861,0.0,0,0,1,,1.0,2026-03-15T17:47:50.124429,neutral,0.589,2026-03-15T17:47:50.124429,0.5373383029859082,2026-03-15T17:47:50.068000,79,,,errors=Stop sign violation
participant_16,4,day,Town10HD_Opt,2026-03-15 17:47:51.002045,29.318553924560547,69.86412048339844,0.0018745040288195,20.202,-0.463,0.688,0.0,0,0,1,,1.0,2026-03-15T17:47:51.002045,neutral,0.589,2026-03-15T17:47:50.124429,0.5507815839279001,2026-03-15T17:47:51.047000,77,,,
participant_16,4,day,Town10HD_Opt,2026-03-15 17:47:52.228659,34.548213958740234,69.33544158935547,0.0020944213028997,22.379,-11.723,0.19,0.0,0,0,1,,0.834,2026-03-15T17:47:52.228659,neutral,0.762,2026-03-15T17:47:52.228659,0.5569937366484287,2026-03-15T17:47:53.028000,74,,,
participant_16,4,day,Town10HD_Opt,2026-03-15 17:47:53.167375,37.98224639892578,68.04781341552734,0.002151031512767,19.631,-14.041,0.186,0.0,0,0,1,,0.806,2026-03-15T17:47:53.167375,neutral,0.762,2026-03-15T17:47:52.228659,0.5288563109319717,2026-03-15T17:47:54.017000,75,,,
participant_16,4,day,Town10HD_Opt,2026-03-15 17:47:54.068374,40.59749221801758,66.16618347167969,0.0019514083396643,18.08,-16.166,0.202,0.0,0,0,1,,0.812,2026-03-15T17:47:54.068374,neutral,0.762,2026-03-15T17:47:52.228659,0.5365139852242689,2026-03-15T17:47:54.017000,74,,,
participant_16,4,day,Town10HD_Opt,2026-03-15 17:47:55.247800,43.119754791259766,62.77714538574219,0.0020418928470462,19.064,-15.837,0.469,0.0,0,0,1,,1.0,2026-03-15T17:47:55.247800,neutral,0.362,2026-03-15T17:47:55.247800,0.550569441813051,2026-03-15T17:47:56.042000,74,,,
participant_16,4,day,Town10HD_Opt,2026-03-15 17:47:56.243955,44.30091094970703,59.43758010864258,0.0019708632025867,21.937,-15.835,0.465,0.0,0,0,1,,1.0,2026-03-15T17:47:56.243955,neutral,0.362,2026-03-15T17:47:55.247800,0.6352218352974154,2026-03-15T17:47:57.032000,75,,,
participant_16,4,day,Town10HD_Opt,2026-03-15 17:47:57.165032,44.57667922973633,55.40925598144531,0.0019654845818877,24.665,-4.983,0.458,0.0,0,0,1,,1.0,2026-03-15T17:47:57.165032,neutral,0.362,2026-03-15T17:47:55.247800,0.5683925037137441,2026-03-15T17:47:58.024000,76,,,
participant_16,4,day,Town10HD_Opt,2026-03-15 17:47:58.164537,44.4279670715332,50.913822174072266,0.0019794844556599,26.758,-3.229,0.374,0.0,0,0,1,,0.827,2026-03-15T17:47:58.164537,neutral,0.435,2026-03-15T17:47:58.164537,0.5381328553942404,2026-03-15T17:47:58.024000,76,,,
participant_16,4,day,Town10HD_Opt,2026-03-15 17:47:59.190855,44.11834335327149,46.20792388916016,0.0021249770652502,27.166,0.277,0.356,0.0,0,0,1,,0.878,2026-03-15T17:47:59.190855,neutral,0.435,2026-03-15T17:47:58.164537,0.5787557189865838,2026-03-15T17:48:00.047000,77,,,
participant_16,4,day,Town10HD_Opt,2026-03-15 17:48:00.133596,43.877685546875,41.46392059326172,0.0020401000510901,27.276,4.964,0.369,0.0,0,0,1,,0.824,2026-03-15T17:48:00.133596,neutral,0.435,2026-03-15T17:47:58.164537,0.6674856088530865,2026-03-15T17:48:00.047000,77,,,
participant_16,4,day,Town10HD_Opt,2026-03-15 17:48:01.031019,44.30693817138672,36.73738861083984,0.0020530319306999,27.395,13.926,0.484,0.0,0,0,1,,1.0,2026-03-15T17:48:01.031019,fear,0.341,2026-03-15T17:48:01.031019,0.5441937879933736,2026-03-15T17:48:01.040000,76,,,
participant_16,4,day,Town10HD_Opt,2026-03-15 17:48:02.209357,47.3061752319336,30.90532875061035,0.0020238875877112,29.625,16.607,0.463,0.0,0,0,1,,1.0,2026-03-15T17:48:02.209357,fear,0.341,2026-03-15T17:48:01.031019,0.518869407669621,2026-03-15T17:48:03.017000,76,,,
participant_16,4,day,Town10HD_Opt,2026-03-15 17:48:03.126985,51.54318618774414,27.80430030822754,0.0020336150191724,31.002,15.852,0.455,0.0,0,0,1,,1.0,2026-03-15T17:48:03.126985,sad,0.356,2026-03-15T17:48:03.126985,0.6081500207845812,2026-03-15T17:48:03.017000,75,,,
participant_16,4,day,Town10HD_Opt,2026-03-15 17:48:04.241937,58.67971420288086,26.42556381225586,0.0020903395488858,30.86,1.25,0.208,0.0,0,0,1,,1.0,2026-03-15T17:48:04.241937,sad,0.356,2026-03-15T17:48:03.126985,0.624907548982144,2026-03-15T17:48:05.043000,77,,,
participant_16,4,day,Town10HD_Opt,2026-03-15 17:48:05.131784,63.78798294067383,26.075807571411133,0.0021276473999023,28.062,-1.784,0.803,0.0,0,0,1,,0.867,2026-03-15T17:48:05.131784,neutral,0.611,2026-03-15T17:48:05.131784,0.5764466938956286,2026-03-15T17:48:05.043000,76,,,
participant_16,4,day,Town10HD_Opt,2026-03-15 17:48:06.022279,69.08910369873047,25.630794525146484,0.0021007156465202,29.756,1.958,0.0,0.0,0,0,1,,0.824,2026-03-15T17:48:06.022279,neutral,0.611,2026-03-15T17:48:05.131784,0.6655292653341036,2026-03-15T17:48:06.042000,75,,,
participant_16,4,day,Town10HD_Opt,2026-03-15 17:48:07.210023,74.9937515258789,25.423980712890625,0.0022838211152702,20.059,0.818,0.0,0.313,0,0,1,,0.845,2026-03-15T17:48:07.210023,neutral,0.516,2026-03-15T17:48:07.210023,0.5628429705152256,2026-03-15T17:48:08.057000,76,,,
participant_16,4,day,Town10HD_Opt,2026-03-15 17:48:08.148084,77.95887756347656,25.393070220947266,0.0020925521384924,13.537,0.818,0.0,0.274,0,0,1,,1.0,2026-03-15T17:48:08.148084,neutral,0.516,2026-03-15T17:48:07.210023,0.6255656748085772,2026-03-15T17:48:08.057000,76,,,
participant_16,4,day,Town10HD_Opt,2026-03-15 17:48:09.030740,79.9166259765625,25.39560317993164,0.0020797348115593,8.502,0.818,0.0,0.309,0,0,1,,1.0,2026-03-15T17:48:09.030740,neutral,0.516,2026-03-15T17:48:07.210023,0.5790611055546183,2026-03-15T17:48:09.047000,76,,,
participant_16,4,day,Town10HD_Opt,2026-03-15 17:48:10.202458,80.75606536865234,25.40220832824707,0.0020167923066765,0.0,0.818,0.0,0.386,0,0,1,,1.0,2026-03-15T17:48:10.202458,neutral,0.692,2026-03-15T17:48:10.202458,0.603115165881919,2026-03-15T17:48:11.027000,77,,,
participant_16,4,day,Town10HD_Opt,2026-03-15 17:48:11.078342,80.75636291503906,25.402212142944336,0.001922950730659,0.003,0.016,0.0,0.0,0,0,1,,1.0,2026-03-15T17:48:11.078342,neutral,0.692,2026-03-15T17:48:10.202458,0.6079753062309112,2026-03-15T17:48:11.027000,78,,,
participant_16,4,day,Town10HD_Opt,2026-03-15 17:48:12.181746,80.75650024414062,25.40221405029297,0.0019190596649423,0.002,0.096,0.0,0.0,0,0,1,,1.0,2026-03-15T17:48:12.181746,neutral,0.692,2026-03-15T17:48:10.202458,0.6116190456463476,2026-03-15T17:48:12.017000,79,,,
participant_16,4,day,Town10HD_Opt,2026-03-15 17:48:13.060363,80.7562255859375,25.40221405029297,0.0019173049367964,0.168,0.096,0.399,0.0,0,0,1,,1.0,2026-03-15T17:48:13.060363,neutral,0.768,2026-03-15T17:48:13.060363,0.5811611363446102,2026-03-15T17:48:13.053000,78,,,
participant_16,4,day,Town10HD_Opt,2026-03-15 17:48:14.222494,81.35966491699219,25.4050235748291,0.0017464827978983,5.764,0.096,0.0,0.0,0,0,1,,1.0,2026-03-15T17:48:14.222494,neutral,0.768,2026-03-15T17:48:13.060363,0.652807155913837,2026-03-15T17:48:15.033000,76,,,
participant_16,4,day,Town10HD_Opt,2026-03-15 17:48:15.136028,82.2855453491211,25.4104118347168,0.0019546889234334,4.594,0.087,0.0,0.0,0,0,1,,1.0,2026-03-15T17:48:15.136028,neutral,0.488,2026-03-15T17:48:15.136028,0.6101817043066387,2026-03-15T17:48:15.033000,78,,,errors=Red light violation
participant_16,4,day,Town10HD_Opt,2026-03-15 17:48:16.021485,83.00157165527344,25.414852142333984,0.0019527816912159,3.475,0.087,0.0,0.0,0,0,1,,1.0,2026-03-15T17:48:16.021485,neutral,0.488,2026-03-15T17:48:15.136028,0.5653847613399836,2026-03-15T17:48:16.026000,77,,,
participant_16,4,day,Town10HD_Opt,2026-03-15 17:48:17.258130,83.7015380859375,25.41941261291504,0.001940841670148,2.979,0.061,0.996,0.0,0,0,1,,1.0,2026-03-15T17:48:17.258130,neutral,0.921,2026-03-15T17:48:17.258130,0.5360826647923972,2026-03-15T17:48:18.047000,78,,,
participant_16,4,day,Town10HD_Opt,2026-03-15 17:48:18.156237,85.34324645996094,25.427858352661133,0.0014119719853624,18.044,-1.535,0.992,0.0,0,0,1,,0.848,2026-03-15T17:48:18.156237,neutral,0.921,2026-03-15T17:48:17.258130,0.5437805089782873,2026-03-15T17:48:18.047000,79,,,
participant_16,4,day,Town10HD_Opt,2026-03-15 17:48:19.094524,89.43215942382812,25.154491424560547,0.0016304778400808,30.328,-7.579,0.809,0.0,0,0,1,,0.85,2026-03-15T17:48:19.094524,neutral,0.921,2026-03-15T17:48:17.258130,0.5649260857863654,2026-03-15T17:48:19.039000,80,,,
participant_16,4,day,Town10HD_Opt,2026-03-15 17:48:20.271824,97.25865173339844,22.70003890991211,0.0020391845609992,36.819,-13.407,0.215,0.0,0,0,1,,0.905,2026-03-15T17:48:20.271824,neutral,0.715,2026-03-15T17:48:20.271824,0.5894352190510918,2026-03-15T17:48:21.019000,77,,,
participant_16,4,day,Town10HD_Opt,2026-03-15 17:48:21.132034,101.72203063964844,18.82129096984864,0.0023175429087132,29.934,-14.173,0.0,0.0,0,0,1,,0.83,2026-03-15T17:48:21.132034,neutral,0.715,2026-03-15T17:48:20.271824,0.4752456386075154,2026-03-15T17:48:21.019000,78,,,
participant_16,4,day,Town10HD_Opt,2026-03-15 17:48:22.034816,103.83621215820312,14.728001594543455,0.0021581267938017,22.575,-12.595,0.0,0.0,0,0,1,,0.849,2026-03-15T17:48:22.034816,neutral,0.715,2026-03-15T17:48:20.271824,0.4508851760853913,2026-03-15T17:48:22.056000,77,Harsh braking,decel_mps2=7.3,
participant_16,4,day,Town10HD_Opt,2026-03-15 17:48:23.186106,105.16145324707033,9.425518989562988,0.0015855026431381,31.76,-2.527,0.994,0.0,0,0,1,,0.843,2026-03-15T17:48:23.186106,sad,0.451,2026-03-15T17:48:23.186106,0.525413700902199,2026-03-15T17:48:24.033000,78,,,
participant_16,4,day,Town10HD_Opt,2026-03-15 17:48:24.034196,106.2910614013672,2.7492482662200928,0.001556243863888,46.765,-2.522,0.952,0.0,0,0,1,,0.814,2026-03-15T17:48:24.034196,sad,0.451,2026-03-15T17:48:23.186106,0.4674117642473878,2026-03-15T17:48:24.033000,76,,,
participant_16,4,day,Town10HD_Opt,2026-03-15 17:48:25.197969,107.11670684814452,-8.816153526306152,0.001995277358219,50.593,-1.097,0.0,0.0,0,0,1,,1.0,2026-03-15T17:48:25.197969,neutral,0.723,2026-03-15T17:48:25.197969,0.4594820441924826,2026-03-15T17:48:26.013000,78,,,
participant_16,4,day,Town10HD_Opt,2026-03-15 17:48:26.066741,107.17604064941406,-17.54876708984375,0.0020217895507812,50.419,-1.977,0.623,0.0,0,0,1,,1.0,2026-03-15T17:48:26.066741,neutral,0.723,2026-03-15T17:48:25.197969,0.4257366315642112,2026-03-15T17:48:26.013000,78,,,
participant_16,4,day,Town10HD_Opt,2026-03-15 17:48:27.233612,106.21134185791016,-28.855358123779297,0.0021364975254982,46.381,-3.389,0.393,0.0,0,0,1,,1.0,2026-03-15T17:48:27.233612,neutral,0.712,2026-03-15T17:48:27.233612,0.4052144620576139,2026-03-15T17:48:28.038000,79,,,
participant_16,4,day,Town10HD_Opt,2026-03-15 17:48:28.094582,104.38195037841795,-36.57513427734375,0.0021147918887436,44.1,-4.778,0.393,0.0,0,0,1,,0.913,2026-03-15T17:48:28.094582,neutral,0.712,2026-03-15T17:48:27.233612,0.4158395038209778,2026-03-15T17:48:28.038000,77,,,
participant_16,4,day,Town10HD_Opt,2026-03-15 17:48:29.235749,100.23504638671876,-45.69675064086914,0.0021025848109275,41.716,-4.886,0.393,0.0,0,0,1,,0.916,2026-03-15T17:48:29.235749,sad,0.374,2026-03-15T17:48:29.235749,0.3946545406359391,2026-03-15T17:48:30.018000,82,,,
participant_16,4,day,Town10HD_Opt,2026-03-15 17:48:30.140178,95.9911880493164,-51.49479675292969,0.0020268631633371,40.374,-4.867,0.393,0.0,0,0,1,,0.87,2026-03-15T17:48:30.140178,sad,0.374,2026-03-15T17:48:29.235749,0.4196929734365893,2026-03-15T17:48:30.018000,82,,,
participant_16,4,day,Town10HD_Opt,2026-03-15 17:48:31.240417,89.22293853759766,-57.73237991333008,0.0020841215737164,38.684,-4.846,0.393,0.0,0,0,1,,1.0,2026-03-15T17:48:31.240417,angry,0.4,2026-03-15T17:48:31.240417,0.4494122535757565,2026-03-15T17:48:32.042000,79,,,
participant_16,4,day,Town10HD_Opt,2026-03-15 17:48:32.152678,83.54705047607422,-61.25954055786133,0.0020787047687917,37.686,-4.846,0.393,0.0,0,0,1,,0.893,2026-03-15T17:48:32.152678,angry,0.4,2026-03-15T17:48:31.240417,0.3468071967334612,2026-03-15T17:48:32.042000,79,,,
participant_16,4,day,Town10HD_Opt,2026-03-15 17:48:33.004787,77.53829193115234,-63.79240417480469,0.0020739745814353,36.837,-4.846,0.393,0.0,0,0,1,,0.899,2026-03-15T17:48:33.004787,angry,0.4,2026-03-15T17:48:31.240417,0.4465107454689663,2026-03-15T17:48:33.034000,78,,,
participant_16,4,day,Town10HD_Opt,2026-03-15 17:48:34.171154,69.26699829101562,-65.65974426269531,0.0020669936202466,35.922,-2.708,0.393,0.0,0,0,1,,0.803,2026-03-15T17:48:34.171154,neutral,0.746,2026-03-15T17:48:34.171154,0.3960278718702662,2026-03-15T17:48:35.013000,77,Stop sign violation,stop_sign_id=1050,
participant_16,4,day,Town10HD_Opt,2026-03-15 17:48:35.047224,63.054466247558594,-66.30744171142578,0.0020603560842573,35.403,-1.22,0.393,0.0,0,0,1,,1.0,2026-03-15T17:48:35.047224,neutral,0.746,2026-03-15T17:48:34.171154,0.4446434112385539,2026-03-15T17:48:35.013000,76,,,
participant_16,4,day,Town10HD_Opt,2026-03-15 17:48:36.265338,54.86909103393555,-66.76073455810547,0.00205680844374,34.818,-1.144,0.393,0.0,0,0,1,,1.0,2026-03-15T17:48:36.265338,neutral,0.7,2026-03-15T17:48:36.265338,0.3993374853809722,2026-03-15T17:48:37.037000,77,,,
participant_16,4,day,Town10HD_Opt,2026-03-15 17:48:37.169148,48.66860580444336,-66.8571548461914,0.0019216537475585,37.166,-0.58,0.609,0.0,0,0,1,,1.0,2026-03-15T17:48:37.169148,neutral,0.7,2026-03-15T17:48:36.265338,0.451289908876378,2026-03-15T17:48:38.028000,75,,,
participant_16,4,day,Town10HD_Opt,2026-03-15 17:48:38.012293,41.80457305908203,-66.84248352050781,0.0019782257732003,40.251,0.132,0.276,0.0,0,0,1,,1.0,2026-03-15T17:48:38.012293,neutral,0.7,2026-03-15T17:48:36.265338,0.4264333555865738,2026-03-15T17:48:38.028000,74,,,
participant_16,4,day,Town10HD_Opt,2026-03-15 17:48:39.205727,32.29000473022461,-66.82219696044922,0.0016763686435297,47.246,0.059,1.0,0.0,0,0,1,,0.809,2026-03-15T17:48:39.205727,neutral,0.852,2026-03-15T17:48:39.205727,0.3761549662634637,2026-03-15T17:48:40.053000,76,,,
participant_16,4,day,Town10HD_Opt,2026-03-15 17:48:40.063091,23.41839599609375,-66.83363342285156,0.0021997832227498,48.517,0.181,1.0,0.0,0,0,1,,0.803,2026-03-15T17:48:40.063091,neutral,0.852,2026-03-15T17:48:39.205727,0.4713743114223288,2026-03-15T17:48:40.053000,77,,,
participant_16,4,day,Town10HD_Opt,2026-03-15 17:48:41.183184,11.780404090881348,-66.93187713623047,0.0021857833489775,48.732,0.11,1.0,0.0,0,0,1,,1.0,2026-03-15T17:48:41.183184,neutral,0.852,2026-03-15T17:48:39.205727,0.4160707638422979,2026-03-15T17:48:42.033000,77,,,
participant_16,4,day,Town10HD_Opt,2026-03-15 17:48:42.041648,2.952711343765259,-67.05900573730469,0.0022261429112404,48.303,0.11,1.0,0.0,0,0,1,,1.0,2026-03-15T17:48:42.041648,neutral,0.594,2026-03-15T17:48:42.041648,0.4563734469580384,2026-03-15T17:48:42.033000,78,,,
participant_16,4,day,Town10HD_Opt,2026-03-15 17:48:43.212051,-8.712590217590332,-67.28997039794922,0.0020925139542669,49.762,0.078,1.0,0.0,0,0,1,,1.0,2026-03-15T17:48:43.212051,neutral,0.594,2026-03-15T17:48:42.041648,0.4643309653779683,2026-03-15T17:48:44.013000,75,,,
participant_16,4,day,Town10HD_Opt,2026-03-15 17:48:44.031659,-17.542585372924805,-67.50273132324219,0.0021869277115911,48.844,0.059,1.0,0.0,0,0,1,,0.816,2026-03-15T17:48:44.031659,neutral,0.594,2026-03-15T17:48:42.041648,0.4849214198881413,2026-03-15T17:48:44.013000,75,,,
participant_16,4,day,Town10HD_Opt,2026-03-15 17:48:45.134560,-29.24308586120605,-67.81835174560547,0.0019846344366669,50.997,0.026,0.0,0.0,0,0,1,,1.0,2026-03-15T17:48:45.134560,neutral,0.595,2026-03-15T17:48:45.134560,0.3748347361138077,2026-03-15T17:48:45.048000,76,,,
participant_16,4,day,Town10HD_Opt,2026-03-15 17:48:46.214328,-41.04366302490234,-68.15982055664062,0.0018420028500258,52.399,0.005,0.0,0.243,0,0,1,,1.0,2026-03-15T17:48:46.214328,neutral,0.595,2026-03-15T17:48:45.134560,0.3861106200606612,2026-03-15T17:48:47.029000,76,,,
participant_16,4,day,Town10HD_Opt,2026-03-15 17:48:47.047526,-49.73102951049805,-68.41216278076172,0.0019401931203901,51.052,-0.317,1.0,0.0,0,0,1,,0.869,2026-03-15T17:48:47.047526,neutral,0.595,2026-03-15T17:48:45.134560,0.3321308917324244,2026-03-15T17:48:47.029000,75,,,
participant_16,4,day,Town10HD_Opt,2026-03-15 17:48:48.150119,-61.55439376831055,-68.3660888671875,0.0019009780371561,51.958,-4.091,0.0,0.196,0,0,1,,0.812,2026-03-15T17:48:48.150119,neutral,0.714,2026-03-15T17:48:48.150119,0.423774873913216,2026-03-15T17:48:48.018000,76,,,
participant_16,4,day,Town10HD_Opt,2026-03-15 17:48:49.258743,-72.85021209716797,-66.62034606933594,0.0021640013437718,45.964,-0.345,0.257,0.0,0,0,1,,0.803,2026-03-15T17:48:49.258743,neutral,0.714,2026-03-15T17:48:48.150119,0.4511699734868538,2026-03-15T17:48:50.042000,76,,,
participant_16,4,day,Town10HD_Opt,2026-03-15 17:48:50.166695,-80.39954376220703,-64.78099822998047,0.0020334625151008,44.576,-4.938,0.627,0.0,0,0,1,,1.0,2026-03-15T17:48:50.166695,neutral,0.681,2026-03-15T17:48:50.166695,0.4234884902607699,2026-03-15T17:48:50.042000,76,,,
participant_16,4,day,Town10HD_Opt,2026-03-15 17:48:50.989725,-87.95427703857422,-61.65023422241211,0.0018571090186014,49.969,-4.575,0.704,0.0,0,0,1,,0.851,2026-03-15T17:48:50.989725,neutral,0.681,2026-03-15T17:48:50.166695,0.4569237613132536,2026-03-15T17:48:51.033000,74,,,
participant_16,4,day,Town10HD_Opt,2026-03-15 17:48:52.196687,-97.39875030517578,-54.93896865844727,0.001951637212187,50.819,-5.746,0.0,0.0,0,0,1,,1.0,2026-03-15T17:48:52.196687,neutral,0.803,2026-03-15T17:48:52.196687,0.5640020774204195,2026-03-15T17:48:53.012000,77,,,
participant_16,4,day,Town10HD_Opt,2026-03-15 17:48:53.162360,-102.95204162597656,-48.22589874267578,0.0019628142472356,50.885,-5.049,0.0,0.0,0,0,1,,0.876,2026-03-15T17:48:53.162360,neutral,0.803,2026-03-15T17:48:52.196687,0.4777857329725592,2026-03-15T17:48:53.012000,76,,,
participant_16,4,day,Town10HD_Opt,2026-03-15 17:48:54.041240,-106.94585418701172,-40.576419830322266,0.0019855499267578,50.151,-5.269,0.677,0.0,0,0,1,,1.0,2026-03-15T17:48:54.041240,neutral,0.803,2026-03-15T17:48:52.196687,0.5490414481897382,2026-03-15T17:48:54.138000,79,,,
participant_16,4,day,Town10HD_Opt,2026-03-15 17:48:55.210945,-109.65460968017578,-29.484952926635746,0.0022174834739416,45.504,-1.925,0.0,0.0,0,0,1,,1.0,2026-03-15T17:48:55.210945,neutral,0.74,2026-03-15T17:48:55.210945,0.5152221675708181,2026-03-15T17:48:56.028000,78,,,
participant_16,4,day,Town10HD_Opt,2026-03-15 17:48:56.105959,-110.32160186767578,-22.43521881103516,0.0024144363123923,34.165,-0.759,0.0,0.328,0,0,1,,0.863,2026-03-15T17:48:56.105959,neutral,0.74,2026-03-15T17:48:55.210945,0.444786069856821,2026-03-15T17:48:56.028000,79,,,
participant_16,4,day,Town10HD_Opt,2026-03-15 17:48:57.238017,-110.71320343017578,-15.878926277160645,0.0023272703401744,21.792,-2.139,0.0,0.255,0,0,1,,1.0,2026-03-15T17:48:57.238017,neutral,0.524,2026-03-15T17:48:57.238017,0.5734841028215625,2026-03-15T17:48:58.053000,83,,,
participant_16,4,day,Town10HD_Opt,2026-03-15 17:48:58.172859,-110.74884796142578,-12.594182014465332,0.0020048904698342,15.989,-1.739,0.0,0.0,0,0,1,,1.0,2026-03-15T17:48:58.172859,neutral,0.524,2026-03-15T17:48:57.238017,0.5323008777068063,2026-03-15T17:48:58.053000,81,,,
participant_16,4,day,Town10HD_Opt,2026-03-15 17:48:59.102384,-110.71534729003906,-10.115471839904783,0.0020374679006636,12.171,-0.731,0.0,0.0,0,0,1,,1.0,2026-03-15T17:48:59.102384,neutral,0.524,2026-03-15T17:48:57.238017,0.4520225068092852,2026-03-15T17:48:59.042000,79,,,
participant_16,4,day,Town10HD_Opt,2026-03-15 17:49:00.035884,-110.68765258789062,-8.219482421875,0.0020084762945771,9.346,0.275,0.0,0.0,0,0,1,,1.0,2026-03-15T17:49:00.035884,neutral,0.391,2026-03-15T17:49:00.035884,0.517932069923556,2026-03-15T17:49:00.033000,80,,,
participant_16,4,day,Town10HD_Opt,2026-03-15 17:49:01.259068,-110.66950988769533,-6.428001403808594,0.0020186996553093,5.532,0.228,0.0,0.122,0,0,1,,1.0,2026-03-15T17:49:01.259068,neutral,0.391,2026-03-15T17:49:00.035884,0.5039142196016674,2026-03-15T17:49:02.013000,84,,,
participant_16,4,day,Town10HD_Opt,2026-03-15 17:49:02.229780,-110.66362762451172,-5.742159366607666,0.0021864699665457,0.0,0.204,0.0,0.115,0,0,1,,1.0,2026-03-15T17:49:02.229780,neutral,0.618,2026-03-15T17:49:02.229780,0.5847044979635954,2026-03-15T17:49:03.048000,81,,,
participant_16,4,day,Town10HD_Opt,2026-03-15 17:49:03.095147,-110.6636199951172,-5.7412543296813965,0.001934242201969,0.019,0.204,0.0,0.0,0,0,1,,1.0,2026-03-15T17:49:03.095147,neutral,0.618,2026-03-15T17:49:02.229780,0.5350336639848514,2026-03-15T17:49:03.048000,83,,,
participant_16,4,day,Town10HD_Opt,2026-03-15 17:49:04.258578,-110.6636199951172,-5.7401323318481445,0.0019191360333934,0.002,0.195,0.0,0.0,0,0,1,,0.808,2026-03-15T17:49:04.258578,neutral,0.575,2026-03-15T17:49:04.258578,0.5319037992170598,2026-03-15T17:49:05.026000,89,,,
participant_16,4,day,Town10HD_Opt,2026-03-15 17:49:05.164805,-110.6636199951172,-5.739928245544434,0.0019192122854292,0.001,0.193,0.0,0.0,0,0,1,,1.0,2026-03-15T17:49:05.164805,neutral,0.575,2026-03-15T17:49:04.258578,0.4640442778422586,2026-03-15T17:49:06.017000,90,,,
participant_16,4,day,Town10HD_Opt,2026-03-15 17:49:06.258238,-110.6636199951172,-5.739851474761963,0.0019191741012036,0.001,0.226,0.0,0.0,0,0,1,,1.0,2026-03-15T17:49:06.258238,neutral,0.575,2026-03-15T17:49:04.258578,0.4553707222772926,2026-03-15T17:49:07.053000,92,,,
participant_16,4,day,Town10HD_Opt,2026-03-15 17:49:07.136909,-110.6636199951172,-5.739749431610107,0.0019188689766451,0.006,0.244,0.0,0.0,0,0,1,,1.0,2026-03-15T17:49:07.136909,neutral,0.443,2026-03-15T17:49:07.136909,0.4780181745558761,2026-03-15T17:49:07.053000,91,,,
participant_16,4,day,Town10HD_Opt,2026-03-15 17:49:08.092042,-110.6636199951172,-5.739800453186035,0.0019187163561582,0.006,0.244,0.0,0.0,0,0,1,,1.0,2026-03-15T17:49:08.092042,neutral,0.443,2026-03-15T17:49:07.136909,0.4856022669902734,2026-03-15T17:49:08.149000,90,,,
participant_16,4,day,Town10HD_Opt,2026-03-15 17:49:09.205843,-110.6636199951172,-5.7396979331970215,0.0019187163561582,0.006,0.244,0.0,0.0,0,0,1,,1.0,2026-03-15T17:49:09.205843,neutral,0.389,2026-03-15T17:49:09.205843,0.5198239978337948,2026-03-15T17:49:10.023000,93,,,
participant_16,4,day,Town10HD_Opt,2026-03-15 17:49:10.076095,-110.6636199951172,-5.739711284637451,0.0019189834129065,0.007,0.263,0.0,0.0,0,0,1,,1.0,2026-03-15T17:49:10.076095,neutral,0.389,2026-03-15T17:49:09.205843,0.4876534982335399,2026-03-15T17:49:10.023000,92,,,
participant_16,4,day,Town10HD_Opt,2026-03-15 17:49:11.175655,-110.6636199951172,-5.739627361297607,0.0019189452286809,0.002,0.266,0.0,0.0,0,0,1,,1.0,2026-03-15T17:49:11.175655,neutral,0.389,2026-03-15T17:49:09.205843,0.4677886566134309,2026-03-15T17:49:11.059000,91,,,
participant_16,4,day,Town10HD_Opt,2026-03-15 17:49:12.070787,-110.6636199951172,-5.73945951461792,0.0019190596649423,0.002,0.282,0.0,0.0,0,0,1,,1.0,2026-03-15T17:49:12.070787,neutral,0.388,2026-03-15T17:49:12.070787,0.4435205526863948,2026-03-15T17:49:12.048000,92,Vehicle-pedestrian collision,Vehicle-pedestrian collision,
participant_16,4,day,Town10HD_Opt,2026-03-15 17:49:13.203077,-110.6636199951172,-5.7393798828125,0.0019192122854292,0.002,0.322,0.0,0.0,0,0,1,,1.0,2026-03-15T17:49:13.203077,neutral,0.388,2026-03-15T17:49:12.070787,0.4427815513321728,2026-03-15T17:49:14.028000,91,,,
participant_16,4,day,Town10HD_Opt,2026-03-15 17:49:14.069726,-110.6636199951172,-5.739168167114258,0.001919021597132,0.001,0.322,0.0,0.0,0,0,1,,1.0,2026-03-15T17:49:14.069726,neutral,0.388,2026-03-15T17:49:12.070787,0.4960413321285764,2026-03-15T17:49:14.028000,89,,,
participant_16,4,day,Town10HD_Opt,2026-03-15 17:49:15.234631,-110.6636199951172,-5.739084720611572,0.0019192122854292,0.001,0.322,0.0,0.0,0,0,1,,1.0,2026-03-15T17:49:15.234631,sad,0.361,2026-03-15T17:49:15.234631,0.5260101963856338,2026-03-15T17:49:16.052000,88,,,
participant_16,4,day,Town10HD_Opt,2026-03-15 17:49:16.067864,-110.6636199951172,-5.739085674285889,0.0019189071608707,0.006,0.322,0.0,0.0,0,0,1,,0.836,2026-03-15T17:49:16.067864,sad,0.361,2026-03-15T17:49:15.234631,0.4635856926314948,2026-03-15T17:49:16.052000,86,,,
participant_16,4,day,Town10HD_Opt,2026-03-15 17:49:17.167186,-110.6636199951172,-5.738984107971191,0.0019189071608707,0.006,0.322,0.0,0.0,0,0,1,,1.0,2026-03-15T17:49:17.167186,sad,0.361,2026-03-15T17:49:15.234631,0.5405319922237497,2026-03-15T17:49:17.043000,84,,,
participant_16,4,day,Town10HD_Opt,2026-03-15 17:49:18.019026,-110.66355895996094,-5.69356107711792,0.0017871856689453,2.603,1.055,0.8,0.0,0,0,1,,1.0,2026-03-15T17:49:18.019026,neutral,0.696,2026-03-15T17:49:18.019026,0.4278672104733443,2026-03-15T17:49:18.033000,82,,,
participant_16,4,day,Town10HD_Opt,2026-03-15 17:49:19.168778,-110.66278839111328,-4.672367095947266,0.0019453429849818,4.053,0.578,0.0,0.0,0,0,1,,1.0,2026-03-15T17:49:19.168778,neutral,0.696,2026-03-15T17:49:18.019026,0.4390324351240679,2026-03-15T17:49:19.023000,82,,,
participant_16,4,day,Town10HD_Opt,2026-03-15 17:49:20.264144,-110.65859985351562,-3.8681156635284415,0.0019570540171116,2.708,-0.329,0.603,0.0,0,0,1,,1.0,2026-03-15T17:49:20.264144,neutral,0.665,2026-03-15T17:49:20.264144,0.4977955961263491,2026-03-15T17:49:21.048000,82,,,
participant_16,4,day,Town10HD_Opt,2026-03-15 17:49:21.107402,-110.65096282958984,-2.453119993209839,0.001421699533239,15.682,0.04,1.0,0.0,0,0,1,,1.0,2026-03-15T17:49:21.107402,neutral,0.665,2026-03-15T17:49:20.264144,0.4144375445580913,2026-03-15T17:49:21.048000,83,,,
participant_16,4,day,Town10HD_Opt,2026-03-15 17:49:22.269994,-110.6003875732422,3.392207145690918,0.001559677068144,35.189,-3.186,0.421,0.0,0,0,1,,0.868,2026-03-15T17:49:22.269994,neutral,0.375,2026-03-15T17:49:22.269994,0.5043117227770675,2026-03-15T17:49:23.028000,82,,,
participant_16,4,day,Town10HD_Opt,2026-03-15 17:49:23.176526,-109.99949645996094,9.53956127166748,0.0021050262730568,33.61,-5.931,0.226,0.0,0,0,1,,0.825,2026-03-15T17:49:23.176526,neutral,0.375,2026-03-15T17:49:22.269994,0.5005215252643601,2026-03-15T17:49:23.028000,82,,,
participant_16,4,day,Town10HD_Opt,2026-03-15 17:49:24.046623,-108.46959686279295,14.884909629821776,0.0021646118257194,29.739,-10.67,0.226,0.0,0,0,1,,1.0,2026-03-15T17:49:24.046623,neutral,0.375,2026-03-15T17:49:22.269994,0.5867440397011343,2026-03-15T17:49:24.063000,82,,,
participant_16,4,day,Town10HD_Opt,2026-03-15 17:49:25.282209,-104.9159164428711,20.1683406829834,0.0022270202171057,24.075,-11.496,0.0,0.0,0,0,1,,1.0,2026-03-15T17:49:25.282209,neutral,0.314,2026-03-15T17:49:25.282209,0.4905218488657914,2026-03-15T17:49:26.043000,81,,,
participant_16,4,day,Town10HD_Opt,2026-03-15 17:49:26.224899,-102.02840423583984,22.49837112426757,0.0022471619304269,17.955,-10.555,0.0,0.0,0,0,1,,1.0,2026-03-15T17:49:26.224899,neutral,0.314,2026-03-15T17:49:25.282209,0.4794856660640327,2026-03-15T17:49:27.033000,79,,,
participant_16,4,day,Town10HD_Opt,2026-03-15 17:49:27.152481,-99.531982421875,23.80139923095703,0.0020672988612204,13.637,-10.732,0.0,0.126,0,0,1,,1.0,2026-03-15T17:49:27.152481,neutral,0.314,2026-03-15T17:49:25.282209,0.47685890499927,2026-03-15T17:49:27.033000,80,,,
participant_16,4,day,Town10HD_Opt,2026-03-15 17:49:28.100650,-97.60588836669922,24.48182487487793,0.0020537949167191,9.254,-10.547,0.0,0.174,0,0,1,,1.0,2026-03-15T17:49:28.100650,neutral,0.591,2026-03-15T17:49:28.100650,0.5350642988397729,2026-03-15T17:49:28.023000,80,,,
participant_16,4,day,Town10HD_Opt,2026-03-15 17:49:29.053190,-96.28306579589844,24.80765151977539,0.0020349882543087,5.879,-10.519,0.0,0.147,0,0,1,,1.0,2026-03-15T17:49:29.053190,neutral,0.591,2026-03-15T17:49:28.100650,0.4087893206050038,2026-03-15T17:49:29.058000,79,,,
participant_16,4,day,Town10HD_Opt,2026-03-15 17:49:30.026994,-95.6961898803711,24.91756248474121,0.0016339110443368,8.008,-10.504,1.0,0.0,0,0,1,,1.0,2026-03-15T17:49:30.026994,neutral,0.591,2026-03-15T17:49:28.100650,0.5155156640766818,2026-03-15T17:49:30.048000,80,,,
participant_16,4,day,Town10HD_Opt,2026-03-15 17:49:30.990115,-93.07193756103516,25.213069915771484,0.0017454909393563,22.044,-5.122,0.798,0.0,0,0,1,,1.0,2026-03-15T17:49:30.990115,neutral,0.609,2026-03-15T17:49:30.990115,0.5492119062181826,2026-03-15T17:49:31.039000,78,,,
participant_16,4,day,Town10HD_Opt,2026-03-15 17:49:32.230657,-87.2689437866211,25.692007064819336,0.0020012282766401,26.166,1.076,0.385,0.0,0,0,1,,1.0,2026-03-15T17:49:32.230657,neutral,0.609,2026-03-15T17:49:30.990115,0.4802787485838645,2026-03-15T17:49:33.063000,78,,,
participant_16,4,day,Town10HD_Opt,2026-03-15 17:49:33.185417,-82.67431640625,26.19532966613769,0.0020241546444594,26.724,0.221,0.174,0.0,0,0,1,,1.0,2026-03-15T17:49:33.185417,neutral,0.403,2026-03-15T17:49:33.185417,0.4437097322535863,2026-03-15T17:49:33.063000,77,,,
participant_16,4,day,Town10HD_Opt,2026-03-15 17:49:34.097901,-78.34486389160156,26.67922592163086,0.0022275543306022,22.095,-0.632,0.0,0.0,0,0,1,,1.0,2026-03-15T17:49:34.097901,neutral,0.403,2026-03-15T17:49:33.185417,0.4817372019364648,2026-03-15T17:49:34.054000,76,,,
participant_16,4,day,Town10HD_Opt,2026-03-15 17:49:35.281531,-74.07310485839844,27.08466339111328,0.0020274734124541,15.177,-1.474,0.0,0.071,0,0,1,,1.0,2026-03-15T17:49:35.281531,fear,0.376,2026-03-15T17:49:35.281531,0.6482809721306426,2026-03-15T17:49:36.034000,76,,,
participant_16,4,day,Town10HD_Opt,2026-03-15 17:49:36.258166,-71.76909637451172,27.24433135986328,0.0020502470433712,10.989,-1.42,0.0,0.09,0,0,1,,1.0,2026-03-15T17:49:36.258166,fear,0.376,2026-03-15T17:49:35.281531,0.5255682160963607,2026-03-15T17:49:37.024000,78,,,
participant_16,4,day,Town10HD_Opt,2026-03-15 17:49:37.230441,-70.12218475341797,27.332387924194336,0.002025184687227,7.656,-1.412,0.0,0.075,0,0,1,,1.0,2026-03-15T17:49:37.230441,fear,0.376,2026-03-15T17:49:35.281531,0.5318184162763865,2026-03-15T17:49:38.058000,79,,,
participant_16,4,day,Town10HD_Opt,2026-03-15 17:49:38.164966,-68.98890686035156,27.380380630493164,0.0019760893192142,5.396,-1.297,0.333,0.0,0,0,1,,0.81,2026-03-15T17:49:38.164966,neutral,0.522,2026-03-15T17:49:38.164966,0.5686333659935606,2026-03-15T17:49:38.058000,78,,,
participant_16,4,day,Town10HD_Opt,2026-03-15 17:49:39.071803,-67.25263214111328,27.439350128173828,0.0014409637078642,18.073,-1.168,1.0,0.0,0,0,1,,1.0,2026-03-15T17:49:39.071803,neutral,0.522,2026-03-15T17:49:38.164966,0.6135810639964633,2026-03-15T17:49:39.093000,79,,,
participant_16,4,day,Town10HD_Opt,2026-03-15 17:49:40.235979,-61.00042724609375,27.53271675109864,0.001509323134087,38.145,-0.571,1.0,0.0,0,0,1,,0.815,2026-03-15T17:49:40.235979,neutral,0.953,2026-03-15T17:49:40.235979,0.5967263190718464,2026-03-15T17:49:41.028000,78,,,
participant_16,4,day,Town10HD_Opt,2026-03-15 17:49:41.189766,-53.15229415893555,27.482839584350582,0.0015561294276267,52.641,-0.533,0.0,0.204,0,0,1,,1.0,2026-03-15T17:49:41.189766,neutral,0.953,2026-03-15T17:49:40.235979,0.6488577974127714,2026-03-15T17:49:41.028000,76,,,
participant_16,4,day,Town10HD_Opt,2026-03-15 17:49:42.105305,-44.318973541259766,27.31416702270508,0.0020418167114257,50.282,0.352,1.0,0.0,0,0,1,,1.0,2026-03-15T17:49:42.105305,neutral,0.953,2026-03-15T17:49:40.235979,0.5929411451293461,2026-03-15T17:49:42.065000,76,,,
participant_16,4,day,Town10HD_Opt,2026-03-15 17:49:43.033302,-35.41435623168945,27.22316551208496,0.0022428131196647,48.295,0.343,0.997,0.0,0,0,1,,1.0,2026-03-15T17:49:43.033302,sad,0.406,2026-03-15T17:49:43.033302,0.6211422754526842,2026-03-15T17:49:43.144000,74,Solid line crossing,Solid line crossing,
participant_16,4,day,Town10HD_Opt,2026-03-15 17:49:44.243669,-23.823455810546875,27.295534133911133,0.0021189879626035,48.252,0.115,0.502,0.0,0,0,1,,1.0,2026-03-15T17:49:44.243669,sad,0.406,2026-03-15T17:49:43.033302,0.6411707417434661,2026-03-15T17:49:45.033000,74,,,
participant_16,4,day,Town10HD_Opt,2026-03-15 17:49:45.177305,-15.802239418029783,27.418519973754883,0.0023422623053193,40.77,0.035,0.0,0.0,0,0,1,,0.845,2026-03-15T17:49:45.177305,neutral,0.467,2026-03-15T17:49:45.177305,0.5790655497919152,2026-03-15T17:49:46.023000,76,,,
participant_16,4,day,Town10HD_Opt,2026-03-15 17:49:46.238089,-9.326682090759276,27.5324649810791,0.0020549010951071,34.599,0.005,0.372,0.0,0,0,1,,1.0,2026-03-15T17:49:46.238089,neutral,0.467,2026-03-15T17:49:45.177305,0.5426668622299432,2026-03-15T17:49:47.059000,78,,,
participant_16,4,day,Town10HD_Opt,2026-03-15 17:49:47.183819,-3.330070734024048,27.64719581604004,0.0020221327431499,34.796,-0.007,0.524,0.0,0,0,1,,1.0,2026-03-15T17:49:47.183819,neutral,0.42,2026-03-15T17:49:47.183819,0.5162568169861814,2026-03-15T17:49:48.049000,74,,,
participant_16,4,day,Town10HD_Opt,2026-03-15 17:49:48.165444,2.980020999908448,27.76313591003418,0.0019140243530273,38.229,-0.101,0.594,0.0,0,0,1,,0.812,2026-03-15T17:49:48.165444,neutral,0.42,2026-03-15T17:49:47.183819,0.5337121964208892,2026-03-15T17:49:48.049000,76,,,
participant_16,4,day,Town10HD_Opt,2026-03-15 17:49:49.159081,9.982213973999023,27.86808586120605,0.0019306945614516,41.839,-0.275,0.499,0.0,0,0,1,,1.0,2026-03-15T17:49:49.159081,neutral,0.42,2026-03-15T17:49:47.183819,0.5618252546306347,2026-03-15T17:49:49.041000,75,,,
participant_16,4,day,Town10HD_Opt,2026-03-15 17:49:50.125065,17.257160186767578,27.92020034790039,0.0021244811359792,39.922,-0.068,0.16,0.0,0,0,1,,0.878,2026-03-15T17:49:50.125065,neutral,0.757,2026-03-15T17:49:50.125065,0.4848914815807881,2026-03-15T17:49:50.028000,74,,,
participant_16,4,day,Town10HD_Opt,2026-03-15 17:49:51.104994,23.74542236328125,27.9624252319336,0.0023096085060387,32.525,2.007,0.0,0.0,0,0,1,,0.853,2026-03-15T17:49:51.104994,neutral,0.757,2026-03-15T17:49:50.125065,0.4328723337400559,2026-03-15T17:49:51.063000,74,,,
participant_16,4,day,Town10HD_Opt,2026-03-15 17:49:52.094268,28.776290893554688,28.41855430603028,0.0022930144332349,24.807,8.291,0.0,0.047,0,0,1,,0.84,2026-03-15T17:49:52.094268,neutral,0.757,2026-03-15T17:49:50.125065,0.4805788464234546,2026-03-15T17:49:52.060000,76,,,
participant_16,4,day,Town10HD_Opt,2026-03-15 17:49:53.065480,32.40117645263672,29.417953491210938,0.0022703933063894,17.879,8.348,0.0,0.107,0,0,1,,1.0,2026-03-15T17:49:53.065480,neutral,0.724,2026-03-15T17:49:53.065480,0.3929343582139192,2026-03-15T17:49:53.111000,76,,,
participant_16,4,day,Town10HD_Opt,2026-03-15 17:49:54.245720,35.5258674621582,30.94125747680664,0.0020666122436523,11.736,10.497,0.0,0.122,0,0,1,,0.822,2026-03-15T17:49:54.245720,neutral,0.724,2026-03-15T17:49:53.065480,0.4027482865369986,2026-03-15T17:49:55.023000,78,,,
participant_16,4,day,Town10HD_Opt,2026-03-15 17:49:55.230504,36.95190048217773,31.941320419311523,0.002043685875833,7.754,13.156,0.0,0.13,0,0,1,,1.0,2026-03-15T17:49:55.230504,neutral,0.827,2026-03-15T17:49:55.230504,0.3628897606425315,2026-03-15T17:49:56.068000,78,,,
participant_16,4,day,Town10HD_Opt,2026-03-15 17:49:56.208756,37.82658004760742,32.750789642333984,0.0019720839336514,5.389,16.124,0.0,0.617,0,0,1,,1.0,2026-03-15T17:49:56.208756,neutral,0.827,2026-03-15T17:49:55.230504,0.3648055209900708,2026-03-15T17:49:57.049000,79,,,
participant_16,4,day,Town10HD_Opt,2026-03-15 17:49:57.151881,37.89373016357422,32.8194580078125,0.0019657134544104,0.0,15.142,0.0,0.67,0,0,1,,1.0,2026-03-15T17:49:57.151881,neutral,0.827,2026-03-15T17:49:55.230504,0.4350605953401812,2026-03-15T17:49:57.049000,79,,,
participant_16,4,day,Town10HD_Opt,2026-03-15 17:49:58.041467,37.89376068115234,32.81950759887695,0.0019213866908103,0.0,14.714,0.0,0.0,0,0,1,,1.0,2026-03-15T17:49:58.041467,neutral,0.827,2026-03-15T17:49:58.041467,0.3671557829664552,2026-03-15T17:49:58.041000,80,,,
participant_17,1,day,Town10HD_Opt,2026-03-16 10:00:00.000000,-41.66858673095703,89.7454833984375,0.5804919600486755,0.0,0.837,0.863,0.621,0,0,1,,1.0,2026-03-16T10:00:00,,,2026-03-16T10:00:00,0.809156870519819,2026-03-16T10:00:00,49,,,
participant_17,1,day,Town10HD_Opt,2026-03-16 10:00:04.454489,-41.66858673095703,89.7454833984375,0.0019178008660674,0.0,0.837,0.885,0.621,0,0,1,,0.954,2026-03-16T10:00:04.454489,,,2026-03-16T10:00:04.454489,0.8654808781470626,2026-03-16T10:00:04.997000,48,,,
participant_17,1,day,Town10HD_Opt,2026-03-16 10:00:05.099193,-41.66858673095703,89.7454833984375,0.0019188307924196,0.0,0.837,0.0,0.621,0,0,1,,1.0,2026-03-16T10:00:05.099193,,,2026-03-16T10:00:04.454489,0.9074634500462228,2026-03-16T10:00:06.029000,47,,,
participant_17,1,day,Town10HD_Opt,2026-03-16 10:00:06.060575,-41.66858673095703,89.7454833984375,0.0019188307924196,0.0,0.837,0.931,0.621,0,0,1,,0.959,2026-03-16T10:00:06.060575,,,2026-03-16T10:00:04.454489,0.7990584416128691,2026-03-16T10:00:06.975000,48,,,
participant_17,1,day,Town10HD_Opt,2026-03-16 10:00:07.044553,-41.66858673095703,89.7454833984375,0.0019188307924196,0.0,0.837,0.0,0.621,0,0,1,,1.0,2026-03-16T10:00:07.044553,neutral,0.882,2026-03-16T10:00:07.044553,0.8585219290017406,2026-03-16T10:00:06.975000,48,,,
participant_17,1,day,Town10HD_Opt,2026-03-16 10:00:08.145240,-41.66858673095703,89.7454833984375,0.0019188307924196,0.0,0.837,1.0,0.621,0,0,1,,0.957,2026-03-16T10:00:08.145240,neutral,0.882,2026-03-16T10:00:07.044553,0.7303912695485627,2026-03-16T10:00:09.045000,50,,,
participant_17,1,day,Town10HD_Opt,2026-03-16 10:00:09.163329,-41.66858673095703,89.7454833984375,0.0019188307924196,0.0,0.837,0.619,0.621,0,0,1,,0.823,2026-03-16T10:00:09.163329,neutral,0.852,2026-03-16T10:00:09.163329,0.7700566783913328,2026-03-16T10:00:09.991000,49,,,
participant_17,1,day,Town10HD_Opt,2026-03-16 10:00:10.109349,-41.66858673095703,89.7454833984375,0.0019188307924196,0.0,0.837,0.625,0.621,0,0,1,,1.0,2026-03-16T10:00:10.109349,neutral,0.852,2026-03-16T10:00:09.163329,0.7816296714696391,2026-03-16T10:00:09.991000,49,,,
participant_17,1,day,Town10HD_Opt,2026-03-16 10:00:11.112426,-41.66858673095703,89.7454833984375,0.0019188307924196,0.0,0.837,0.561,0.621,0,0,1,,0.912,2026-03-16T10:00:11.112426,neutral,0.852,2026-03-16T10:00:09.163329,0.7323505990604393,2026-03-16T10:00:11.970000,47,,,
participant_17,1,day,Town10HD_Opt,2026-03-16 10:00:12.063037,-41.66858673095703,89.7454833984375,0.0019188307924196,0.0,0.837,0.573,0.621,0,0,1,,1.0,2026-03-16T10:00:12.063037,neutral,0.911,2026-03-16T10:00:12.063037,0.6723627367461096,2026-03-16T10:00:12.961000,46,,,
participant_17,1,day,Town10HD_Opt,2026-03-16 10:00:13.272813,-41.66858673095703,89.7454833984375,0.0019188307924196,0.0,0.837,0.57,0.621,0,0,1,,0.951,2026-03-16T10:00:13.272813,neutral,0.911,2026-03-16T10:00:12.063037,0.6294722101827522,2026-03-16T10:00:13.995000,45,,,
participant_17,1,day,Town10HD_Opt,2026-03-16 10:00:14.203739,-41.66858673095703,89.7454833984375,0.0019188307924196,0.0,0.837,0.518,0.621,0,0,1,,0.928,2026-03-16T10:00:14.203739,neutral,0.995,2026-03-16T10:00:14.203739,0.6818433748440291,,48,,,
participant_17,1,day,Town10HD_Opt,2026-03-16 10:00:15.102510,-41.66858673095703,89.7454833984375,0.0019188307924196,0.0,0.837,0.385,0.621,0,0,1,,0.92,2026-03-16T10:00:15.102510,neutral,0.995,2026-03-16T10:00:14.203739,0.6596668068937745,,47,,,
participant_17,1,day,Town10HD_Opt,2026-03-16 10:00:16.012057,-41.66858673095703,89.7454833984375,0.0019188307924196,0.0,0.837,0.399,0.621,0,0,1,,0.944,2026-03-16T10:00:16.012057,neutral,0.995,2026-03-16T10:00:14.203739,0.6668912071374331,2026-03-16T10:00:16.966000,50,,,
participant_17,1,day,Town10HD_Opt,2026-03-16 10:00:17.257810,-41.66858673095703,89.7454833984375,0.0019188307924196,0.0,0.837,0.399,0.621,0,0,1,,0.807,2026-03-16T10:00:17.257810,neutral,0.861,2026-03-16T10:00:17.257810,0.7181718992106577,2026-03-16T10:00:18.180000,52,,,
participant_17,1,day,Town10HD_Opt,2026-03-16 10:00:18.185083,-41.66858673095703,89.7454833984375,0.0019188307924196,0.0,0.837,0.399,0.621,0,0,1,,0.957,2026-03-16T10:00:18.185083,neutral,0.861,2026-03-16T10:00:17.257810,0.7082956410324646,2026-03-16T10:00:19.125000,53,,,
participant_17,1,day,Town10HD_Opt,2026-03-16 10:00:19.098786,-41.66858673095703,89.7454833984375,0.0019188307924196,0.0,0.837,0.399,0.621,0,0,1,,0.922,2026-03-16T10:00:19.098786,neutral,0.861,2026-03-16T10:00:17.257810,0.6097688483797794,2026-03-16T10:00:19.125000,52,,,
participant_17,1,day,Town10HD_Opt,2026-03-16 10:00:20.035236,-41.66858673095703,89.7454833984375,0.0019188307924196,0.0,0.837,0.399,0.621,0,0,1,,0.955,2026-03-16T10:00:20.035236,neutral,0.92,2026-03-16T10:00:20.035236,0.682528304993101,2026-03-16T10:00:20.205000,56,,,
participant_17,1,day,Town10HD_Opt,2026-03-16 10:00:21.277539,-41.66858673095703,89.7454833984375,0.0019188307924196,0.0,0.837,0.973,0.621,0,0,1,,0.891,2026-03-16T10:00:21.277539,neutral,0.92,2026-03-16T10:00:20.035236,0.6630039199633383,2026-03-16T10:00:21.195000,56,,,
participant_17,1,day,Town10HD_Opt,2026-03-16 10:00:22.221021,-41.66858673095703,89.7454833984375,0.0019188307924196,0.0,0.837,0.0,0.621,0,0,1,,1.0,2026-03-16T10:00:22.221021,neutral,0.866,2026-03-16T10:00:22.221021,0.6419428848315384,2026-03-16T10:00:22.323000,56,,,
participant_17,1,day,Town10HD_Opt,2026-03-16 10:00:23.191858,-41.66858673095703,89.7454833984375,0.0019188307924196,0.0,0.837,0.015,0.621,0,0,1,,0.868,2026-03-16T10:00:23.191858,neutral,0.866,2026-03-16T10:00:22.221021,0.6658411330636759,2026-03-16T10:00:23.310000,56,,,
participant_17,1,day,Town10HD_Opt,2026-03-16 10:00:24.130568,-41.66858673095703,89.7454833984375,0.0019188307924196,0.0,0.837,0.0,0.621,0,0,1,,0.952,2026-03-16T10:00:24.130568,neutral,0.866,2026-03-16T10:00:22.221021,0.5927306476075895,2026-03-16T10:00:24.347000,55,,,
participant_17,1,day,Town10HD_Opt,2026-03-16 10:00:25.011726,-41.66858673095703,89.7454833984375,0.0019188307924196,0.0,0.837,0.0,0.583,0,0,1,,0.944,2026-03-16T10:00:25.011726,neutral,0.989,2026-03-16T10:00:25.011726,0.6736732861170658,2026-03-16T10:00:25.516000,54,,,
participant_17,1,day,Town10HD_Opt,2026-03-16 10:00:26.231237,-41.66858673095703,89.7454833984375,0.0019188307924196,0.0,0.837,0.0,0.0,0,0,1,,0.945,2026-03-16T10:00:26.231237,neutral,0.989,2026-03-16T10:00:25.011726,0.6798327741892316,2026-03-16T10:00:27.091000,52,,,
participant_17,1,day,Town10HD_Opt,2026-03-16 10:00:27.111084,-41.66814422607422,89.62789916992188,0.0017109679756686,4.331,0.837,0.955,0.0,0,0,1,,0.968,2026-03-16T10:00:27.111084,neutral,0.997,2026-03-16T10:00:27.111084,0.6817763280566926,2026-03-16T10:00:28.035000,54,,,
participant_17,1,day,Town10HD_Opt,2026-03-16 10:00:28.037676,-41.65273284912109,87.68678283691406,0.0014749908586964,17.975,0.837,0.0,0.0,0,0,1,,0.966,2026-03-16T10:00:28.037676,neutral,0.997,2026-03-16T10:00:27.111084,0.6625040167320566,2026-03-16T10:00:28.035000,54,,,
participant_17,1,day,Town10HD_Opt,2026-03-16 10:00:29.257385,-41.57707595825195,83.95567321777344,0.0020381163340061,13.269,0.837,0.0,0.0,0,0,1,,1.0,2026-03-16T10:00:29.257385,surprise,0.88,2026-03-16T10:00:29.257385,0.6498188348174242,2026-03-16T10:00:30.106000,57,,,
participant_17,1,day,Town10HD_Opt,2026-03-16 10:00:30.251359,-41.49488830566406,81.87189483642578,0.0020045088604092,10.504,3.627,0.058,0.0,0,0,1,,1.0,2026-03-16T10:00:30.251359,surprise,0.88,2026-03-16T10:00:29.257385,0.727649603962545,2026-03-16T10:00:30.106000,57,,,
participant_17,1,day,Town10HD_Opt,2026-03-16 10:00:31.299319,-41.325439453125,80.10818481445312,0.0019155120244249,10.242,6.412,0.22,0.0,0,0,1,,1.0,2026-03-16T10:00:31.299319,happy,0.709,2026-03-16T10:00:31.299319,0.7044054474932279,2026-03-16T10:00:31.995000,60,,,
participant_17,1,day,Town10HD_Opt,2026-03-16 10:00:32.303956,-40.969852447509766,78.20111846923828,0.0018055724212899,13.104,10.228,0.473,0.0,0,0,1,,0.918,2026-03-16T10:00:32.303956,happy,0.709,2026-03-16T10:00:31.299319,0.7245319705446575,2026-03-16T10:00:32.985000,61,,,
participant_17,1,day,Town10HD_Opt,2026-03-16 10:00:33.302443,-40.135501861572266,75.66799926757812,0.0017794799059629,17.749,12.231,0.469,0.0,0,0,1,,1.0,2026-03-16T10:00:33.302443,happy,0.691,2026-03-16T10:00:33.302443,0.7631258351508023,2026-03-16T10:00:34.020000,61,,,
participant_17,1,day,Town10HD_Opt,2026-03-16 10:00:34.016762,-39.16653060913086,73.77781677246094,0.0020642089657485,18.568,15.561,0.465,0.0,0,0,1,,1.0,2026-03-16T10:00:34.016762,happy,0.691,2026-03-16T10:00:33.302443,0.7329847994467384,2026-03-16T10:00:34.965000,60,,,
participant_17,1,day,Town10HD_Opt,2026-03-16 10:00:35.044712,-36.87222290039063,71.2361831665039,0.0019929886329919,21.247,22.225,0.464,0.0,0,0,1,,0.832,2026-03-16T10:00:35.044712,happy,0.691,2026-03-16T10:00:33.302443,0.8234568603118569,2026-03-16T10:00:36,58,,,
participant_17,1,day,Town10HD_Opt,2026-03-16 10:00:36.084403,-33.37166976928711,69.58214569091797,0.0020054625347256,23.767,21.832,0.464,0.0,0,0,1,,1.0,2026-03-16T10:00:36.084403,neutral,0.888,2026-03-16T10:00:36.084403,0.7249052835326414,2026-03-16T10:00:36.990000,56,,,
participant_17,1,day,Town10HD_Opt,2026-03-16 10:00:37.128333,-29.0526180267334,69.35317993164062,0.0019750213250517,26.349,6.168,0.464,0.0,0,0,1,,0.896,2026-03-16T10:00:37.128333,neutral,0.888,2026-03-16T10:00:36.084403,0.8360686298481278,2026-03-16T10:00:36.990000,56,,,
participant_17,1,day,Town10HD_Opt,2026-03-16 10:00:38.123945,-24.2698917388916,69.68487548828125,0.0019699095282703,28.653,-2.845,0.464,0.0,0,0,1,,1.0,2026-03-16T10:00:38.123945,neutral,0.918,2026-03-16T10:00:38.123945,0.7775857490350739,2026-03-16T10:00:38.970000,57,,,
participant_17,1,day,Town10HD_Opt,2026-03-16 10:00:39.096217,-19.09935760498047,69.81266784667969,0.0019788360223174,30.642,-0.233,0.452,0.0,0,0,1,,0.816,2026-03-16T10:00:39.096217,neutral,0.918,2026-03-16T10:00:38.123945,0.6975508329099277,2026-03-16T10:00:38.970000,59,,,
participant_17,1,day,Town10HD_Opt,2026-03-16 10:00:40.056629,-13.615545272827148,69.85318756103516,0.0019942091312259,32.081,0.099,0.212,0.0,0,0,1,,0.889,2026-03-16T10:00:40.056629,neutral,0.918,2026-03-16T10:00:38.123945,0.7042431128595252,2026-03-16T10:00:40.995000,58,,,
participant_17,1,day,Town10HD_Opt,2026-03-16 10:00:41.032068,-8.38925552368164,69.88390350341797,0.0022525787353515,26.309,-0.172,0.16,0.0,0,0,1,,0.851,2026-03-16T10:00:41.032068,neutral,0.988,2026-03-16T10:00:41.032068,0.7712805573090169,2026-03-16T10:00:40.995000,60,,,
participant_17,1,day,Town10HD_Opt,2026-03-16 10:00:42.019221,-4.078883171081543,69.89636993408203,0.0021303938701748,23.361,-0.146,0.244,0.0,0,0,1,,0.841,2026-03-16T10:00:42.019221,neutral,0.988,2026-03-16T10:00:41.032068,0.7788103608417727,2026-03-16T10:00:42.033000,60,,,
participant_17,1,day,Town10HD_Opt,2026-03-16 10:00:43.294934,1.0600377321243286,69.893798828125,0.0020995330996811,20.795,-0.146,0.252,0.0,0,0,1,,1.0,2026-03-16T10:00:43.294934,fear,0.777,2026-03-16T10:00:43.294934,0.7291771033703994,2026-03-16T10:00:44.011000,61,,,
participant_17,1,day,Town10HD_Opt,2026-03-16 10:00:44.268177,4.577080726623535,69.88400268554688,0.0020850752480328,19.427,-0.099,0.273,0.0,0,0,1,,1.0,2026-03-16T10:00:44.268177,fear,0.777,2026-03-16T10:00:43.294934,0.7400866261841565,2026-03-16T10:00:45.001000,61,,,
participant_17,1,day,Town10HD_Opt,2026-03-16 10:00:45.237651,7.893880367279053,69.86925506591797,0.0020728684030473,18.491,-0.099,0.275,0.0,0,0,1,,1.0,2026-03-16T10:00:45.237651,fear,0.777,2026-03-16T10:00:43.294934,0.783793858263181,2026-03-16T10:00:46.125000,59,,,
participant_17,1,day,Town10HD_Opt,2026-03-16 10:00:46.216032,11.087175369262695,69.84953308105469,0.0020396423060446,18.058,-0.099,0.0,0.0,0,0,1,,1.0,2026-03-16T10:00:46.216032,neutral,0.963,2026-03-16T10:00:46.216032,0.7323772374328992,2026-03-16T10:00:46.981000,55,,,
participant_17,1,day,Town10HD_Opt,2026-03-16 10:00:47.184837,13.990047454833984,69.82675170898438,0.002067337045446,14.164,-0.099,0.0,0.365,0,0,1,,0.812,2026-03-16T10:00:47.184837,neutral,0.963,2026-03-16T10:00:46.216032,0.7194725177474631,2026-03-16T10:00:46.981000,56,,,
participant_17,1,day,Town10HD_Opt,2026-03-16 10:00:48.112646,15.997081756591797,69.80828094482422,0.0020337295718491,9.508,-0.094,0.0,0.0,0,0,1,,0.872,2026-03-16T10:00:48.112646,neutral,0.963,2026-03-16T10:00:46.216032,0.7644175561424302,2026-03-16T10:00:48.960000,56,,,
participant_17,1,day,Town10HD_Opt,2026-03-16 10:00:49.055330,17.464427947998047,69.79341888427734,0.0019879532046616,7.235,-0.094,0.0,0.0,0,0,1,,1.0,2026-03-16T10:00:49.055330,neutral,0.792,2026-03-16T10:00:49.055330,0.7607653901622158,2026-03-16T10:00:48.960000,56,,,
participant_17,1,day,Town10HD_Opt,2026-03-16 10:00:50.267260,18.904756546020508,69.7777099609375,0.001973228296265,4.9,-0.094,0.202,0.0,0,0,1,,0.841,2026-03-16T10:00:50.267260,neutral,0.792,2026-03-16T10:00:49.055330,0.7054413992404734,2026-03-16T10:00:51.030000,58,,,
participant_17,1,day,Town10HD_Opt,2026-03-16 10:00:51.227217,19.975875854492188,69.76532745361328,0.0017671203240752,8.727,-0.094,0.42,0.0,0,0,1,,0.805,2026-03-16T10:00:51.227217,neutral,0.973,2026-03-16T10:00:51.227217,0.7031051208181337,2026-03-16T10:00:52.020000,57,,,
participant_17,1,day,Town10HD_Opt,2026-03-16 10:00:52.202345,21.85033226013184,69.74235534667969,0.0018558882875368,11.603,-0.082,0.0,0.0,0,0,1,,1.0,2026-03-16T10:00:52.202345,neutral,0.973,2026-03-16T10:00:51.227217,0.6945201305425613,2026-03-16T10:00:53.146000,59,,,
participant_17,1,day,Town10HD_Opt,2026-03-16 10:00:53.163123,23.628801345825195,69.71928405761719,0.0020304487552493,8.177,-0.075,0.0,0.229,0,0,1,,0.85,2026-03-16T10:00:53.163123,neutral,0.973,2026-03-16T10:00:51.227217,0.6488588679830478,2026-03-16T10:00:53.146000,58,,,
participant_17,1,day,Town10HD_Opt,2026-03-16 10:00:54.166301,24.786922454833984,69.70352172851562,0.0019798278808593,5.522,-0.066,0.0,0.0,0,0,1,,1.0,2026-03-16T10:00:54.166301,neutral,0.978,2026-03-16T10:00:54.166301,0.7196804823912085,2026-03-16T10:00:55.080000,57,,,
participant_17,1,day,Town10HD_Opt,2026-03-16 10:00:55.110279,25.64853286743164,69.69147491455078,0.0019596479833126,4.312,-0.066,0.0,0.0,0,0,1,,1.0,2026-03-16T10:00:55.110279,neutral,0.978,2026-03-16T10:00:54.166301,0.7190562333953275,2026-03-16T10:00:55.080000,58,,,
participant_17,1,day,Town10HD_Opt,2026-03-16 10:00:56.100217,26.024593353271484,69.68634033203125,0.0020383452065289,0.0,-0.056,0.0,0.273,0,0,1,,1.0,2026-03-16T10:00:56.100217,neutral,0.978,2026-03-16T10:00:54.166301,0.6062402187913528,2026-03-16T10:00:56.385000,57,,,
participant_17,1,day,Town10HD_Opt,2026-03-16 10:00:57.272344,26.02514839172364,69.68634033203125,0.0019202422117814,0.136,-0.056,0.124,0.0,0,0,1,,1.0,2026-03-16T10:00:57.272344,neutral,0.987,2026-03-16T10:00:57.272344,0.6512718384233042,2026-03-16T10:00:57.112000,59,Solid line crossing,Solid line crossing,
participant_17,1,day,Town10HD_Opt,2026-03-16 10:00:58.237999,26.26170921325684,69.68299865722656,0.00172195432242,4.672,-0.056,0.502,0.0,0,0,1,,1.0,2026-03-16T10:00:58.237999,neutral,0.987,2026-03-16T10:00:57.272344,0.5994342211325122,2026-03-16T10:00:57.112000,58,,,
participant_17,1,day,Town10HD_Opt,2026-03-16 10:00:59.150949,27.582164764404297,69.6628646850586,0.0017223738832399,10.518,-0.056,0.453,0.0,0,0,1,,0.811,2026-03-16T10:00:59.150949,neutral,0.987,2026-03-16T10:00:57.272344,0.654719344342962,2026-03-16T10:00:59.940000,59,,,
participant_17,1,day,Town10HD_Opt,2026-03-16 10:01:00.119122,29.850265502929688,69.63054656982422,0.0017760467017069,15.317,-0.059,0.427,0.0,0,0,1,,0.906,2026-03-16T10:01:00.119122,neutral,0.982,2026-03-16T10:01:00.119122,0.688908352782887,2026-03-16T10:01:00.570000,58,,,
participant_17,1,day,Town10HD_Opt,2026-03-16 10:01:01.094818,32.77531051635742,69.50800323486328,0.0019045256776735,17.074,-8.227,0.0,0.0,0,0,1,,0.839,2026-03-16T10:01:01.094818,neutral,0.982,2026-03-16T10:01:00.119122,0.6629045379479992,2026-03-16T10:01:01.966000,60,,,
participant_17,1,day,Town10HD_Opt,2026-03-16 10:01:02.061366,35.32683563232422,68.94495391845703,0.0020540999248623,13.086,-17.241,0.0,0.0,0,0,1,,1.0,2026-03-16T10:01:02.061366,neutral,0.982,2026-03-16T10:01:00.119122,0.8057897144920313,2026-03-16T10:01:03.001000,60,,,
participant_17,1,day,Town10HD_Opt,2026-03-16 10:01:03.294354,37.60824966430664,67.80138397216797,0.0020112609490752,9.079,-16.057,0.0,0.0,0,0,1,,1.0,2026-03-16T10:01:03.294354,neutral,0.883,2026-03-16T10:01:03.294354,0.8024294906374124,2026-03-16T10:01:03.990000,60,,,
participant_17,1,day,Town10HD_Opt,2026-03-16 10:01:04.223174,38.74950408935547,66.97227478027344,0.0019878004677593,6.989,-14.286,0.0,0.0,0,0,1,,1.0,2026-03-16T10:01:04.223174,neutral,0.883,2026-03-16T10:01:03.294354,0.7449103971099394,2026-03-16T10:01:04.980000,59,,,
participant_17,1,day,Town10HD_Opt,2026-03-16 10:01:05.144273,39.56484603881836,66.255126953125,0.0019713209476321,5.378,-13.667,0.0,0.0,0,0,1,,0.823,2026-03-16T10:01:05.144273,neutral,0.883,2026-03-16T10:01:03.294354,0.804844228697341,2026-03-16T10:01:05.971000,60,,,
participant_17,1,day,Town10HD_Opt,2026-03-16 10:01:06.119703,40.1680793762207,65.6836929321289,0.001974296523258,4.03,-5.574,0.381,0.0,0,0,1,,1.0,2026-03-16T10:01:06.119703,neutral,0.905,2026-03-16T10:01:06.119703,0.8414138269868339,2026-03-16T10:01:05.971000,60,,,
participant_17,1,day,Town10HD_Opt,2026-03-16 10:01:07.054892,40.96435928344727,64.91503143310547,0.0017124938312917,9.931,-6.642,0.555,0.0,0,0,1,,0.832,2026-03-16T10:01:07.054892,neutral,0.905,2026-03-16T10:01:06.119703,0.8063138197563606,2026-03-16T10:01:07.995000,61,,,
participant_17,1,day,Town10HD_Opt,2026-03-16 10:01:08.260889,43.08533477783203,62.54472351074219,0.0017621993320062,17.238,-8.296,0.47,0.0,0,0,1,,1.0,2026-03-16T10:01:08.260889,neutral,0.896,2026-03-16T10:01:08.260889,0.7689720826193754,2026-03-16T10:01:08.986000,59,,,
participant_17,1,day,Town10HD_Opt,2026-03-16 10:01:09.245267,44.71289825439453,59.83995056152344,0.0020653915125876,18.446,-18.541,0.359,0.0,0,0,1,,1.0,2026-03-16T10:01:09.245267,neutral,0.896,2026-03-16T10:01:08.260889,0.8231122087204971,2026-03-16T10:01:09.976000,61,,,
participant_17,1,day,Town10HD_Opt,2026-03-16 10:01:10.170943,45.48564910888672,56.74066162109375,0.0019249725155532,17.921,-18.016,0.0,0.0,0,0,1,,1.0,2026-03-16T10:01:10.170943,neutral,0.896,2026-03-16T10:01:08.260889,0.7626441758704047,2026-03-16T10:01:10.965000,59,,,
participant_17,1,day,Town10HD_Opt,2026-03-16 10:01:11.159932,45.39802551269531,53.93452835083008,0.002050552284345,13.977,-11.593,0.0,0.0,0,0,1,,1.0,2026-03-16T10:01:11.159932,neutral,0.961,2026-03-16T10:01:11.159932,0.8374528614321649,2026-03-16T10:01:12,58,,,
participant_17,1,day,Town10HD_Opt,2026-03-16 10:01:12.163438,45.10001373291016,51.7698860168457,0.0019988249987363,11.327,-2.908,0.39,0.0,0,0,1,,1.0,2026-03-16T10:01:12.163438,neutral,0.961,2026-03-16T10:01:11.159932,0.7799381300565618,2026-03-16T10:01:12.990000,58,,,
participant_17,1,day,Town10HD_Opt,2026-03-16 10:01:13.137290,44.77407455444336,49.51832580566406,0.0017842864617705,15.34,-0.47,0.425,0.0,0,0,1,,0.913,2026-03-16T10:01:13.137290,neutral,0.961,2026-03-16T10:01:11.159932,0.8042953260575091,2026-03-16T10:01:13.980000,58,,,
participant_17,1,day,Town10HD_Opt,2026-03-16 10:01:14.091986,44.40695190429688,46.574745178222656,0.0020784377120435,18.128,2.494,0.425,0.0,0,0,1,,0.882,2026-03-16T10:01:14.091986,neutral,0.848,2026-03-16T10:01:14.091986,0.7987671012959505,2026-03-16T10:01:13.980000,58,,,
participant_17,1,day,Town10HD_Opt,2026-03-16 10:01:15.017105,44.15512466430664,43.34891891479492,0.0019977570045739,19.246,3.266,0.379,0.0,0,0,1,,0.901,2026-03-16T10:01:15.017105,neutral,0.848,2026-03-16T10:01:14.091986,0.8446005081027219,2026-03-16T10:01:15.066000,59,,,
participant_17,1,day,Town10HD_Opt,2026-03-16 10:01:16.234965,44.22831344604492,38.68071746826172,0.0020127869211137,20.832,8.465,0.363,0.0,0,0,1,,1.0,2026-03-16T10:01:16.234965,neutral,0.878,2026-03-16T10:01:16.234965,0.7735155848853854,2026-03-16T10:01:16.995000,61,,,
participant_17,1,day,Town10HD_Opt,2026-03-16 10:01:17.205346,45.03584289550781,35.103416442871094,0.0020485685672611,21.267,16.233,0.347,0.0,0,0,1,,0.89,2026-03-16T10:01:17.205346,neutral,0.878,2026-03-16T10:01:16.234965,0.7982966335040227,2026-03-16T10:01:16.995000,61,,,
participant_17,1,day,Town10HD_Opt,2026-03-16 10:01:18.107785,46.89892959594727,31.91362762451172,0.002074813703075,21.212,18.453,0.289,0.0,0,0,1,,1.0,2026-03-16T10:01:18.107785,neutral,0.878,2026-03-16T10:01:16.234965,0.8325487408651372,2026-03-16T10:01:18.976000,58,,,
participant_17,1,day,Town10HD_Opt,2026-03-16 10:01:19.007622,49.5493049621582,29.68707847595215,0.002048950176686,17.832,20.376,0.0,0.0,0,0,1,,1.0,2026-03-16T10:01:19.007622,neutral,0.995,2026-03-16T10:01:19.007622,0.776268240981784,2026-03-16T10:01:18.976000,59,,,
participant_17,1,day,Town10HD_Opt,2026-03-16 10:01:20.209611,52.90924072265625,28.560009002685547,0.0020481490064412,12.844,13.828,0.0,0.0,0,0,1,,0.903,2026-03-16T10:01:20.209611,neutral,0.995,2026-03-16T10:01:19.007622,0.7780926768193295,2026-03-16T10:01:20.056000,59,,,
participant_17,1,day,Town10HD_Opt,2026-03-16 10:01:21.164024,54.85637664794922,28.23426628112793,0.0020126341842114,9.754,6.379,0.0,0.0,0,0,1,,0.948,2026-03-16T10:01:21.164024,neutral,0.97,2026-03-16T10:01:21.164024,0.8069747968075893,2026-03-16T10:01:21.496000,56,,,
participant_17,1,day,Town10HD_Opt,2026-03-16 10:01:22.094752,56.32932662963867,28.037059783935547,0.0020097349770367,6.962,2.247,0.0,0.053,0,0,1,,0.873,2026-03-16T10:01:22.094752,neutral,0.97,2026-03-16T10:01:21.164024,0.8462464312735342,2026-03-16T10:01:22.127000,56,,,
participant_17,1,day,Town10HD_Opt,2026-03-16 10:01:22.997149,57.08510208129883,27.93380546569824,0.0022413635160773,0.001,0.935,0.0,0.045,0,0,1,,0.867,2026-03-16T10:01:22.997149,neutral,0.97,2026-03-16T10:01:21.164024,0.8083903007972708,2026-03-16T10:01:23.116000,56,,,
participant_17,1,day,Town10HD_Opt,2026-03-16 10:01:24.173920,57.090457916259766,27.93309211730957,0.0019218062516301,0.035,0.978,0.0,0.0,0,0,1,,1.0,2026-03-16T10:01:24.173920,neutral,0.763,2026-03-16T10:01:24.173920,0.7624293019935449,2026-03-16T10:01:25.051000,60,Harsh braking,decel_mps2=7.9,
participant_17,1,day,Town10HD_Opt,2026-03-16 10:01:25.063945,57.09299087524414,27.93276596069336,0.0019161605741828,0.174,1.283,0.131,0.0,0,0,1,,1.0,2026-03-16T10:01:25.063945,neutral,0.763,2026-03-16T10:01:24.173920,0.7977796566257078,2026-03-16T10:01:25.996000,61,,,
participant_17,1,day,Town10HD_Opt,2026-03-16 10:01:25.992382,57.22675323486328,27.914663314819336,0.0018490218790248,2.009,1.316,0.236,0.0,0,0,1,,1.0,2026-03-16T10:01:25.992382,neutral,0.763,2026-03-16T10:01:24.173920,0.8357033242537806,2026-03-16T10:01:25.996000,60,,,
participant_17,1,day,Town10HD_Opt,2026-03-16 10:01:27.194476,57.96682357788086,27.81797981262207,0.0018845367012545,4.051,1.239,0.094,0.0,0,0,1,,0.82,2026-03-16T10:01:27.194476,neutral,0.977,2026-03-16T10:01:27.194476,0.7666681099967927,2026-03-16T10:01:27.975000,61,,,
participant_17,1,day,Town10HD_Opt,2026-03-16 10:01:28.120939,58.68056488037109,27.728031158447266,0.0019428252708166,3.769,1.222,0.0,0.0,0,0,1,,0.854,2026-03-16T10:01:28.120939,neutral,0.977,2026-03-16T10:01:27.194476,0.8638128701882511,2026-03-16T10:01:27.975000,61,,,
participant_17,1,day,Town10HD_Opt,2026-03-16 10:01:28.991781,59.15549087524414,27.669767379760746,0.0021492384839802,0.0,1.114,0.0,0.099,0,0,1,,0.963,2026-03-16T10:01:28.991781,neutral,0.977,2026-03-16T10:01:27.194476,0.7160653264569488,2026-03-16T10:01:29.281000,60,,,
participant_17,1,day,Town10HD_Opt,2026-03-16 10:01:30.143990,59.15576934814453,27.66973876953125,0.001922111492604,0.0,1.123,0.0,0.074,0,0,1,,0.917,2026-03-16T10:01:30.143990,neutral,0.958,2026-03-16T10:01:30.143990,0.8483603163086604,2026-03-16T10:01:30.991000,58,,,
participant_17,1,day,Town10HD_Opt,2026-03-16 10:01:31.048738,59.15576934814453,27.66973876953125,0.0019198608351871,0.0,1.128,0.0,0.067,0,0,1,,0.916,2026-03-16T10:01:31.048738,neutral,0.958,2026-03-16T10:01:30.143990,0.8778142890710392,2026-03-16T10:01:30.991000,58,,,
participant_17,1,day,Town10HD_Opt,2026-03-16 10:01:32.221971,59.15576934814453,27.66973876953125,0.0019198608351871,0.0,2.553,0.0,0.0,0,0,1,,0.897,2026-03-16T10:01:32.221971,neutral,0.982,2026-03-16T10:01:32.221971,0.9424056118325768,2026-03-16T10:01:33.151000,59,,,
participant_17,1,day,Town10HD_Opt,2026-03-16 10:01:33.118908,59.15621566772461,27.66970634460449,0.0019156646449118,0.173,4.983,0.118,0.0,0,0,1,,0.9,2026-03-16T10:01:33.118908,neutral,0.982,2026-03-16T10:01:32.221971,0.9216262353699032,2026-03-16T10:01:34.050000,59,,,
participant_17,1,day,Town10HD_Opt,2026-03-16 10:01:34.015609,59.19919967651367,27.667097091674805,0.0018873977242037,0.695,9.365,0.0,0.0,0,0,1,,1.0,2026-03-16T10:01:34.015609,neutral,0.982,2026-03-16T10:01:32.221971,0.9263360260771428,2026-03-16T10:01:34.050000,60,,,
participant_17,1,day,Town10HD_Opt,2026-03-16 10:01:35.238821,59.34041213989258,27.659183502197266,0.0019234084757044,0.506,8.556,0.0,0.0,0,0,1,,1.0,2026-03-16T10:01:35.238821,neutral,0.969,2026-03-16T10:01:35.238821,0.99,2026-03-16T10:01:36.166000,59,,,
participant_17,1,day,Town10HD_Opt,2026-03-16 10:01:36.170217,59.41855239868164,27.65519523620605,0.0019225310534238,0.39,8.522,0.0,0.0,0,0,1,,0.827,2026-03-16T10:01:36.170217,neutral,0.969,2026-03-16T10:01:35.238821,0.988744027524473,2026-03-16T10:01:36.166000,59,,,
participant_17,1,day,Town10HD_Opt,2026-03-16 10:01:37.141082,59.47857284545898,27.65086555480957,0.0019216918153688,0.3,2.132,0.0,0.0,0,0,1,,1.0,2026-03-16T10:01:37.141082,neutral,0.969,2026-03-16T10:01:35.238821,0.9217071889657878,2026-03-16T10:01:37.561000,58,,,
participant_17,1,day,Town10HD_Opt,2026-03-16 10:01:38.056368,59.60859680175781,27.634239196777344,0.0017912292387336,2.907,-1.897,0.488,0.0,0,0,1,,1.0,2026-03-16T10:01:38.056368,neutral,0.96,2026-03-16T10:01:38.056368,0.99,2026-03-16T10:01:39.001000,55,,,
participant_17,1,day,Town10HD_Opt,2026-03-16 10:01:39.270923,61.27117538452149,27.402006149291992,0.0017230986850336,11.666,-2.021,0.46,0.0,0,0,1,,0.833,2026-03-16T10:01:39.270923,neutral,0.96,2026-03-16T10:01:38.056368,0.99,2026-03-16T10:01:39.990000,55,,,
participant_17,1,day,Town10HD_Opt,2026-03-16 10:01:40.163991,63.65148162841797,27.022247314453125,0.0018160628387704,15.422,-1.765,0.261,0.0,0,0,1,,0.802,2026-03-16T10:01:40.163991,neutral,0.955,2026-03-16T10:01:40.163991,0.99,2026-03-16T10:01:40.981000,55,,,
participant_17,1,day,Town10HD_Opt,2026-03-16 10:01:41.081379,66.341064453125,26.536272048950195,0.0019475554581731,15.196,-0.893,0.0,0.0,0,0,1,,0.896,2026-03-16T10:01:41.081379,neutral,0.955,2026-03-16T10:01:40.163991,0.99,2026-03-16T10:01:41.970000,53,,,errors=Harsh braking
participant_17,1,day,Town10HD_Opt,2026-03-16 10:01:42.013906,68.40204620361328,26.14455795288086,0.0021945952903479,7.259,-0.658,0.0,1.0,0,0,1,,0.931,2026-03-16T10:01:42.013906,neutral,0.955,2026-03-16T10:01:40.163991,0.99,2026-03-16T10:01:41.970000,53,,,
participant_17,1,day,Town10HD_Opt,2026-03-16 10:01:43.178951,68.64002227783203,26.09834098815918,0.0019351196242496,0.203,-0.421,0.0,0.0,0,0,1,,0.88,2026-03-16T10:01:43.178951,neutral,0.899,2026-03-16T10:01:43.178951,0.9085943541832084,2026-03-16T10:01:43.996000,55,,,
participant_17,1,day,Town10HD_Opt,2026-03-16 10:01:44.030155,68.670654296875,26.09246826171875,0.0019207763252779,0.157,-0.031,0.0,0.0,0,0,1,,0.87,2026-03-16T10:01:44.030155,neutral,0.899,2026-03-16T10:01:43.178951,0.9294449619332036,2026-03-16T10:01:43.996000,54,,,
participant_17,1,day,Town10HD_Opt,2026-03-16 10:01:45.183647,68.69121551513672,26.0886344909668,0.0019185256678611,0.102,0.696,0.016,0.0,0,0,1,,0.838,2026-03-16T10:01:45.183647,neutral,0.889,2026-03-16T10:01:45.183647,0.9077857571960104,2026-03-16T10:01:45.976000,53,,,
participant_17,1,day,Town10HD_Opt,2026-03-16 10:01:46.044756,68.70587158203125,26.08597755432129,0.001918678288348,0.101,0.714,0.016,0.0,0,0,1,,0.852,2026-03-16T10:01:46.044756,neutral,0.889,2026-03-16T10:01:45.183647,0.9392726777613298,2026-03-16T10:01:45.976000,52,,,
participant_17,1,day,Town10HD_Opt,2026-03-16 10:01:47.222192,68.72412109375,26.08261108398437,0.001919021597132,0.092,0.726,0.014,0.0,0,0,1,,0.841,2026-03-16T10:01:47.222192,neutral,0.842,2026-03-16T10:01:47.222192,0.8605795286558964,2026-03-16T10:01:48.046000,50,,,
participant_17,1,day,Town10HD_Opt,2026-03-16 10:01:48.091925,68.73656463623047,26.080322265625,0.0019188689766451,0.087,0.766,0.013,0.0,0,0,1,,0.884,2026-03-16T10:01:48.091925,neutral,0.842,2026-03-16T10:01:47.222192,0.7525959790741255,2026-03-16T10:01:48.991000,48,,,
participant_17,1,day,Town10HD_Opt,2026-03-16 10:01:49.230610,68.75212097167969,26.07749938964844,0.0019188689766451,0.083,0.902,0.013,0.0,0,0,1,,1.0,2026-03-16T10:01:49.230610,neutral,0.81,2026-03-16T10:01:49.230610,0.7010666216855679,2026-03-16T10:01:49.981000,51,,,
participant_17,1,day,Town10HD_Opt,2026-03-16 10:01:50.095281,68.763427734375,26.07545661926269,0.0019187163561582,0.082,0.902,0.013,0.0,0,0,1,,1.0,2026-03-16T10:01:50.095281,neutral,0.81,2026-03-16T10:01:49.230610,0.6972640096058373,2026-03-16T10:01:50.971000,52,,,
participant_17,1,day,Town10HD_Opt,2026-03-16 10:01:51.017014,68.77449798583984,26.073415756225582,0.0019188307924196,0.081,0.902,0.012,0.0,0,0,1,,0.839,2026-03-16T10:01:51.017014,neutral,0.81,2026-03-16T10:01:49.230610,0.7015502183746286,2026-03-16T10:01:50.971000,51,,,
participant_17,1,day,Town10HD_Opt,2026-03-16 10:01:52.198925,68.78893280029297,26.070804595947266,0.0019188307924196,0.079,0.905,0.012,0.0,0,0,1,,0.85,2026-03-16T10:01:52.198925,happy,0.696,2026-03-16T10:01:52.198925,0.6723494575083747,2026-03-16T10:01:52.997000,53,,,
participant_17,1,day,Town10HD_Opt,2026-03-16 10:01:53.106981,68.79946899414062,26.068893432617188,0.0019187545403838,0.078,0.907,0.012,0.0,0,0,1,,0.829,2026-03-16T10:01:53.106981,happy,0.696,2026-03-16T10:01:52.198925,0.5838644367511481,2026-03-16T10:01:53.985000,54,,,
participant_17,1,day,Town10HD_Opt,2026-03-16 10:01:54.256296,68.81328582763672,26.06640625,0.0019187545403838,0.077,0.907,0.013,0.0,0,0,1,,1.0,2026-03-16T10:01:54.256296,neutral,0.98,2026-03-16T10:01:54.256296,0.6152008032217101,2026-03-16T10:01:54.977000,56,,,
participant_17,1,day,Town10HD_Opt,2026-03-16 10:01:55.130423,68.8345718383789,26.062519073486328,0.0019161986419931,0.177,0.726,0.0,0.0,0,0,1,,1.0,2026-03-16T10:01:55.130423,neutral,0.98,2026-03-16T10:01:54.256296,0.586929107743649,2026-03-16T10:01:54.977000,55,,,
participant_17,1,day,Town10HD_Opt,2026-03-16 10:01:56.002848,68.861328125,26.057621002197266,0.0019200133392587,0.138,0.728,0.0,0.0,0,0,1,,0.801,2026-03-16T10:01:56.002848,neutral,0.98,2026-03-16T10:01:54.256296,0.5829350563443187,2026-03-16T10:01:56.149000,56,,,
participant_17,1,day,Town10HD_Opt,2026-03-16 10:01:57.141909,68.88762664794922,26.05280494689941,0.0019197463989257,0.098,0.738,0.0,0.0,0,0,1,,1.0,2026-03-16T10:01:57.141909,sad,0.775,2026-03-16T10:01:57.141909,0.5176669401941618,2026-03-16T10:01:58.081000,56,,,
participant_17,1,day,Town10HD_Opt,2026-03-16 10:01:58.003518,68.902099609375,26.050161361694336,0.0019195937784388,0.076,0.738,0.0,0.0,0,0,1,,0.895,2026-03-16T10:01:58.003518,sad,0.775,2026-03-16T10:01:57.141909,0.5304779554633317,2026-03-16T10:01:58.081000,55,,,
participant_17,1,day,Town10HD_Opt,2026-03-16 10:01:59.111722,68.91629028320312,26.047563552856445,0.001919517526403,0.055,0.738,0.0,0.0,0,0,1,,0.867,2026-03-16T10:01:59.111722,sad,0.775,2026-03-16T10:01:57.141909,0.5254363551111746,2026-03-16T10:02:00.060000,56,,,
participant_17,1,day,Town10HD_Opt,2026-03-16 10:02:00.255305,68.9262924194336,26.045743942260746,0.001919288537465,0.039,0.773,0.0,0.0,0,0,1,,0.803,2026-03-16T10:02:00.255305,sad,0.772,2026-03-16T10:02:00.255305,0.5064332283836187,2026-03-16T10:02:01.006000,57,,,
participant_17,1,day,Town10HD_Opt,2026-03-16 10:02:01.176199,68.93179321289062,26.04473304748535,0.0019191741012036,0.155,0.771,0.04,0.0,0,0,1,,0.831,2026-03-16T10:02:01.176199,sad,0.772,2026-03-16T10:02:00.255305,0.5444708459193728,2026-03-16T10:02:02.041000,57,,,
participant_17,1,day,Town10HD_Opt,2026-03-16 10:02:02.098770,69.25929260253906,25.98583984375,0.0016284942394122,6.893,1.119,0.811,0.0,0,0,1,,1.0,2026-03-16T10:02:02.098770,sad,0.772,2026-03-16T10:02:00.255305,0.5628895364796676,2026-03-16T10:02:02.041000,56,,,
participant_17,1,day,Town10HD_Opt,2026-03-16 10:02:03.023142,71.3826675415039,25.65289306640625,0.0015550231328234,18.372,3.775,0.711,0.0,0,0,1,,0.811,2026-03-16T10:02:03.023142,neutral,0.948,2026-03-16T10:02:03.023142,0.5304747547874364,2026-03-16T10:02:03.078000,55,Solid line crossing,Solid line crossing,
participant_17,1,day,Town10HD_Opt,2026-03-16 10:02:04.243632,75.7640609741211,25.234819412231445,0.0019297789549455,16.558,3.151,0.0,0.188,0,0,1,,0.816,2026-03-16T10:02:04.243632,neutral,0.948,2026-03-16T10:02:03.023142,0.5468062239623296,2026-03-16T10:02:05.191000,54,,,
participant_17,1,day,Town10HD_Opt,2026-03-16 10:02:05.124374,78.29712677001953,25.14693260192871,0.0020389938727021,12.461,2.471,0.206,0.0,0,0,1,,1.0,2026-03-16T10:02:05.124374,happy,0.683,2026-03-16T10:02:05.124374,0.5927132948018687,2026-03-16T10:02:05.191000,56,,,
participant_17,1,day,Town10HD_Opt,2026-03-16 10:02:06.058831,80.61408996582031,25.128246307373047,0.0017562865978106,16.074,1.558,0.62,0.0,0,0,1,,0.887,2026-03-16T10:02:06.058831,happy,0.683,2026-03-16T10:02:05.124374,0.5282961192335397,2026-03-16T10:02:06.766000,53,,,
participant_17,1,day,Town10HD_Opt,2026-03-16 10:02:07.250208,85.04476165771484,25.19795608520508,0.0019009780371561,22.024,0.606,0.526,0.0,0,0,1,,1.0,2026-03-16T10:02:07.250208,neutral,0.896,2026-03-16T10:02:07.250208,0.5105264453535131,2026-03-16T10:02:08.027000,56,,,
participant_17,1,day,Town10HD_Opt,2026-03-16 10:02:08.141349,89.23587036132812,25.28800201416016,0.0019164275145158,26.036,-2.12,0.46,0.0,0,0,1,,1.0,2026-03-16T10:02:08.141349,neutral,0.896,2026-03-16T10:02:07.250208,0.4971216574358671,2026-03-16T10:02:08.971000,55,,,
participant_17,1,day,Town10HD_Opt,2026-03-16 10:02:09.034468,93.70223236083984,25.12399101257324,0.0022021865006536,22.867,-7.142,0.0,0.0,0,0,1,,0.829,2026-03-16T10:02:09.034468,neutral,0.896,2026-03-16T10:02:07.250208,0.5797033129005774,2026-03-16T10:02:08.971000,56,,,
participant_17,1,day,Town10HD_Opt,2026-03-16 10:02:10.208378,98.01748657226562,23.98297119140625,0.0020276641007512,15.848,-18.174,0.0,0.0,0,0,1,,0.814,2026-03-16T10:02:10.208378,neutral,0.768,2026-03-16T10:02:10.208378,0.5040021531363494,2026-03-16T10:02:10.996000,57,,,
participant_17,1,day,Town10HD_Opt,2026-03-16 10:02:11.170518,100.10198974609376,22.59543228149414,0.0019639206584542,13.933,-17.483,0.339,0.0,0,0,1,,1.0,2026-03-16T10:02:11.170518,neutral,0.768,2026-03-16T10:02:10.208378,0.537510939406901,2026-03-16T10:02:11.986000,55,,,
participant_17,1,day,Town10HD_Opt,2026-03-16 10:02:12.122015,101.88368225097656,20.7341423034668,0.0018778227968141,15.764,-15.12,0.311,0.0,0,0,1,,1.0,2026-03-16T10:02:12.122015,neutral,0.768,2026-03-16T10:02:10.208378,0.4316557328202503,2026-03-16T10:02:12.977000,55,,,
participant_17,1,day,Town10HD_Opt,2026-03-16 10:02:13.009584,103.44651794433594,18.35076141357422,0.0019043349893763,16.701,-12.12,0.207,0.0,0,0,1,,1.0,2026-03-16T10:02:13.009584,neutral,0.931,2026-03-16T10:02:13.009584,0.4634301987906,2026-03-16T10:02:12.977000,55,,,
participant_17,1,day,Town10HD_Opt,2026-03-16 10:02:14.205846,104.82806396484376,14.897689819335938,0.0019799803849309,14.74,-7.14,0.0,0.0,0,0,1,,0.83,2026-03-16T10:02:14.205846,neutral,0.931,2026-03-16T10:02:13.009584,0.479559779818717,2026-03-16T10:02:15.001000,56,,,
participant_17,1,day,Town10HD_Opt,2026-03-16 10:02:15.086303,105.34148406982422,12.661832809448242,0.0020329284016042,11.337,-13.648,0.0,0.0,0,0,1,,0.801,2026-03-16T10:02:15.086303,neutral,0.896,2026-03-16T10:02:15.086303,0.4699087679789206,2026-03-16T10:02:15.990000,57,,,
participant_17,1,day,Town10HD_Opt,2026-03-16 10:02:15.990727,105.49624633789062,10.905527114868164,0.0019981001969426,8.919,-6.099,0.227,0.0,0,0,1,,0.937,2026-03-16T10:02:15.990727,neutral,0.896,2026-03-16T10:02:15.086303,0.4215610107878848,2026-03-16T10:02:15.990000,56,,,
participant_17,1,day,Town10HD_Opt,2026-03-16 10:02:17.215514,105.65785217285156,8.561742782592773,0.0018437957623973,11.729,-1.695,0.302,0.0,0,0,1,,0.894,2026-03-16T10:02:17.215514,neutral,0.871,2026-03-16T10:02:17.215514,0.4764848728088331,2026-03-16T10:02:17.971000,57,,,
participant_17,1,day,Town10HD_Opt,2026-03-16 10:02:18.085094,105.7883071899414,6.344776630401611,0.0018525695195421,13.796,-1.201,0.304,0.0,0,0,1,,0.837,2026-03-16T10:02:18.085094,neutral,0.871,2026-03-16T10:02:17.215514,0.431730254321538,2026-03-16T10:02:17.971000,57,,,
participant_17,1,day,Town10HD_Opt,2026-03-16 10:02:19.264495,105.95721435546876,2.888664484024048,0.0018696594052016,15.918,-0.717,0.303,0.0,0,0,1,,1.0,2026-03-16T10:02:19.264495,neutral,0.453,2026-03-16T10:02:19.264495,0.4903085847744207,2026-03-16T10:02:19.051000,58,,,
participant_17,1,day,Town10HD_Opt,2026-03-16 10:02:20.120038,106.06414031982422,0.0011507034068927,0.001877975417301,17.191,-0.717,0.305,0.0,0,0,1,,0.911,2026-03-16T10:02:20.120038,neutral,0.453,2026-03-16T10:02:19.264495,0.5253198912994118,2026-03-16T10:02:20.401000,58,,,
participant_17,1,day,Town10HD_Opt,2026-03-16 10:02:20.994656,106.143798828125,-3.065103769302368,0.001900787348859,17.819,-0.696,0.261,0.0,0,0,1,,0.956,2026-03-16T10:02:20.994656,neutral,0.453,2026-03-16T10:02:19.264495,0.4551448374462995,2026-03-16T10:02:21.257000,57,,,
participant_17,1,day,Town10HD_Opt,2026-03-16 10:02:22.179544,106.19742584228516,-7.026920795440674,0.0020521925762295,14.405,-0.038,0.0,0.095,0,0,1,,0.918,2026-03-16T10:02:22.179544,neutral,0.951,2026-03-16T10:02:22.179544,0.5278333643736745,2026-03-16T10:02:22.426000,56,,,
participant_17,1,day,Town10HD_Opt,2026-03-16 10:02:23.052313,106.22054290771484,-9.214157104492188,0.0020282745826989,10.643,0.172,0.0,0.0,0,0,1,,1.0,2026-03-16T10:02:23.052313,neutral,0.951,2026-03-16T10:02:22.179544,0.5147102118282642,2026-03-16T10:02:23.462000,56,,,
participant_17,1,day,Town10HD_Opt,2026-03-16 10:02:24.210149,106.26368713378906,-11.729228019714355,0.0017259978922083,14.276,0.691,0.677,0.0,0,0,1,,0.835,2026-03-16T10:02:24.210149,neutral,0.676,2026-03-16T10:02:24.210149,0.3944114857227517,2026-03-16T10:02:23.462000,55,,,
participant_17,1,day,Town10HD_Opt,2026-03-16 10:02:25.086702,106.34674835205078,-14.742770195007324,0.002012176439166,19.044,0.726,0.512,0.0,0,0,1,,0.929,2026-03-16T10:02:25.086702,neutral,0.676,2026-03-16T10:02:24.210149,0.5314577814983078,2026-03-16T10:02:23.462000,54,,,
participant_17,1,day,Town10HD_Opt,2026-03-16 10:02:26.256897,106.5864028930664,-19.29927635192871,0.0019864654168486,17.656,2.351,0.0,0.0,0,0,1,,1.0,2026-03-16T10:02:26.256897,neutral,0.904,2026-03-16T10:02:26.256897,0.4785163217151499,2026-03-16T10:02:27.062000,61,,,
participant_17,1,day,Town10HD_Opt,2026-03-16 10:02:27.131269,106.89007568359376,-22.05071258544922,0.002043189946562,13.865,3.259,0.008,0.0,0,0,1,,1.0,2026-03-16T10:02:27.131269,neutral,0.904,2026-03-16T10:02:26.256897,0.4600091381337729,2026-03-16T10:02:28.051000,65,,,
participant_17,1,day,Town10HD_Opt,2026-03-16 10:02:27.994243,107.24754333496094,-24.338302612304688,0.0018652725266292,14.2,2.217,0.415,0.0,0,0,1,,1.0,2026-03-16T10:02:27.994243,neutral,0.904,2026-03-16T10:02:26.256897,0.4638496294144568,2026-03-16T10:02:28.051000,66,,,
participant_17,1,day,Town10HD_Opt,2026-03-16 10:02:29.135655,107.8693618774414,-28.10135841369629,0.0020853041205555,18.271,-3.426,0.399,0.0,0,0,1,,1.0,2026-03-16T10:02:29.135655,neutral,0.752,2026-03-16T10:02:29.135655,0.4560146350023251,2026-03-16T10:02:28.996000,65,,,
participant_17,1,day,Town10HD_Opt,2026-03-16 10:02:30.026656,108.08180236816406,-31.274513244628903,0.0020268631633371,18.56,-11.74,0.38,0.0,0,0,1,,0.856,2026-03-16T10:02:30.026656,neutral,0.752,2026-03-16T10:02:29.135655,0.4355033326191526,2026-03-16T10:02:30.977000,64,,,
participant_17,1,day,Town10HD_Opt,2026-03-16 10:02:31.165912,107.4068832397461,-35.7308235168457,0.0020103836432099,20.319,-6.398,0.376,0.0,0,0,1,,0.845,2026-03-16T10:02:31.165912,neutral,0.777,2026-03-16T10:02:31.165912,0.3647557451629319,2026-03-16T10:02:32.012000,61,,,
participant_17,1,day,Town10HD_Opt,2026-03-16 10:02:32.064077,106.3124771118164,-39.18490219116211,0.002013664226979,21.278,-6.168,0.376,0.0,0,0,1,,1.0,2026-03-16T10:02:32.064077,neutral,0.777,2026-03-16T10:02:31.165912,0.406940215448524,2026-03-16T10:02:33.001000,60,,,
participant_17,1,day,Town10HD_Opt,2026-03-16 10:02:33.217909,104.09441375732422,-43.75699234008789,0.0020206070039421,22.422,-6.59,0.375,0.0,0,0,1,,1.0,2026-03-16T10:02:33.217909,neutral,0.764,2026-03-16T10:02:33.217909,0.3496305734779598,2026-03-16T10:02:33.991000,59,,,
participant_17,1,day,Town10HD_Opt,2026-03-16 10:02:34.100235,101.89163208007812,-47.07722854614258,0.0020193480886518,23.183,-2.826,0.375,0.0,0,0,1,,0.864,2026-03-16T10:02:34.100235,neutral,0.764,2026-03-16T10:02:33.217909,0.3215698974130029,2026-03-16T10:02:33.991000,60,,,
participant_17,1,day,Town10HD_Opt,2026-03-16 10:02:35.240903,98.47210693359376,-51.46640396118164,0.0019615553319454,24.6,-3.014,0.375,0.0,0,0,1,,1.0,2026-03-16T10:02:35.240903,neutral,0.804,2026-03-16T10:02:35.240903,0.3584515388712363,2026-03-16T10:02:33.991000,59,,,
participant_17,1,day,Town10HD_Opt,2026-03-16 10:02:36.180604,95.51683044433594,-54.638309478759766,0.0020196533296257,25.233,-3.712,0.375,0.0,0,0,1,,0.933,2026-03-16T10:02:36.180604,neutral,0.804,2026-03-16T10:02:35.240903,0.3425432373968285,2026-03-16T10:02:36.422000,59,,,
participant_17,1,day,Town10HD_Opt,2026-03-16 10:02:37.069061,92.200439453125,-57.59938049316406,0.0020236587151885,25.823,-3.964,0.375,0.0,0,0,1,,0.924,2026-03-16T10:02:37.069061,neutral,0.804,2026-03-16T10:02:35.240903,0.3434282576795365,2026-03-16T10:02:37.143000,60,,,
participant_17,1,day,Town10HD_Opt,2026-03-16 10:02:38.235243,87.24571228027344,-61.1163215637207,0.0020270156674087,26.521,-3.624,0.375,0.0,0,0,1,,0.945,2026-03-16T10:02:38.235243,neutral,0.992,2026-03-16T10:02:38.235243,0.3509217618667228,2026-03-16T10:02:38.042000,60,,,
participant_17,1,day,Town10HD_Opt,2026-03-16 10:02:39.084374,83.18299865722656,-63.38717651367188,0.0020290755201131,26.945,-3.636,0.375,0.0,0,0,1,,0.882,2026-03-16T10:02:39.084374,neutral,0.992,2026-03-16T10:02:38.235243,0.3093154143042581,2026-03-16T10:02:39.301000,59,,,
participant_17,1,day,Town10HD_Opt,2026-03-16 10:02:40.242060,77.36860656738281,-65.841064453125,0.0020317840389907,27.422,-4.03,0.375,0.0,0,0,1,,0.909,2026-03-16T10:02:40.242060,neutral,0.805,2026-03-16T10:02:40.242060,0.3478619760980859,2026-03-16T10:02:41.012000,61,,,
participant_17,1,day,Town10HD_Opt,2026-03-16 10:02:41.121490,72.74828338623047,-67.14674377441406,0.0020344543736428,27.717,-4.636,0.375,0.0,0,0,1,,0.868,2026-03-16T10:02:41.121490,neutral,0.805,2026-03-16T10:02:40.242060,0.2249557665595712,2026-03-16T10:02:42.001000,61,,,
participant_17,1,day,Town10HD_Opt,2026-03-16 10:02:42.031474,67.95751190185547,-67.90567779541016,0.0020352553110569,27.978,-4.195,0.375,0.0,0,0,1,,1.0,2026-03-16T10:02:42.031474,neutral,0.805,2026-03-16T10:02:40.242060,0.3055899947219141,2026-03-16T10:02:42.001000,61,,,
participant_17,1,day,Town10HD_Opt,2026-03-16 10:02:43.214659,61.42818069458008,-68.16204071044922,0.0020361708011478,28.26,-1.222,0.373,0.0,0,0,1,,0.937,2026-03-16T10:02:43.214659,neutral,0.938,2026-03-16T10:02:43.214659,0.3233110047818623,2026-03-16T10:02:43.171000,62,,,
participant_17,1,day,Town10HD_Opt,2026-03-16 10:02:44.121651,56.48683166503906,-68.08142852783203,0.0020365524105727,28.42,0.172,0.373,0.0,0,0,1,,0.908,2026-03-16T10:02:44.121651,neutral,0.938,2026-03-16T10:02:43.214659,0.2062747523638228,2026-03-16T10:02:44.566000,61,,,
participant_17,1,day,Town10HD_Opt,2026-03-16 10:02:45.010669,51.51935577392578,-67.97433471679688,0.0020370483398437,28.56,0.461,0.373,0.0,0,0,1,,1.0,2026-03-16T10:02:45.010669,neutral,0.938,2026-03-16T10:02:43.214659,0.2415264818989221,2026-03-16T10:02:45.691000,59,,,
participant_17,1,day,Town10HD_Opt,2026-03-16 10:02:46.201176,44.85984802246094,-67.86165618896484,0.0020378874614834,28.72,0.12,0.373,0.0,0,0,1,,0.867,2026-03-16T10:02:46.201176,neutral,0.876,2026-03-16T10:02:46.201176,0.1429940863185999,2026-03-16T10:02:47.042000,60,,,
participant_17,1,day,Town10HD_Opt,2026-03-16 10:02:47.100005,39.84200286865234,-67.77650451660156,0.00203842157498,28.831,0.12,0.422,0.0,0,0,1,,0.902,2026-03-16T10:02:47.100005,neutral,0.876,2026-03-16T10:02:46.201176,0.1805670724577441,2026-03-16T10:02:47.042000,59,,,
participant_17,1,day,Town10HD_Opt,2026-03-16 10:02:48.256093,32.56696319580078,-67.64231872558594,0.0018281936645507,35.684,0.122,0.665,0.0,0,0,1,,0.907,2026-03-16T10:02:48.256093,neutral,0.855,2026-03-16T10:02:48.256093,0.1779956167086368,2026-03-16T10:02:48.166000,58,,,
participant_17,1,day,Town10HD_Opt,2026-03-16 10:02:49.123840,25.87786102294922,-67.5394287109375,0.0018999861786141,40.601,0.122,0.57,0.0,0,0,1,,0.839,2026-03-16T10:02:49.123840,neutral,0.855,2026-03-16T10:02:48.256093,0.1807687792986945,2026-03-16T10:02:49.337000,58,,,
participant_17,1,day,Town10HD_Opt,2026-03-16 10:02:49.991631,18.747634887695312,-67.45881652832031,0.0021897505503147,38.217,0.143,0.0,0.0,0,0,1,,0.837,2026-03-16T10:02:49.991631,neutral,0.855,2026-03-16T10:02:48.256093,0.1839274344549151,2026-03-16T10:02:50.146000,59,,,
participant_17,1,day,Town10HD_Opt,2026-03-16 10:02:51.143115,11.08031940460205,-67.41353607177734,0.0022979734931141,27.156,0.167,0.0,0.0,0,0,1,,0.967,2026-03-16T10:02:51.143115,neutral,0.96,2026-03-16T10:02:51.143115,0.2561316947179345,2026-03-16T10:02:51.001000,58,,,
participant_17,1,day,Town10HD_Opt,2026-03-16 10:02:52.064808,6.878149032592773,-67.41742706298828,0.0022555158939212,20.491,0.545,0.0,0.0,0,0,1,,0.857,2026-03-16T10:02:52.064808,neutral,0.96,2026-03-16T10:02:51.143115,0.1185017055529366,2026-03-16T10:02:52.532000,59,,,
participant_17,1,day,Town10HD_Opt,2026-03-16 10:02:53.231683,2.617817640304565,-67.46488952636719,0.0019379042787477,17.304,0.364,0.216,0.0,0,0,1,,0.854,2026-03-16T10:02:53.231683,neutral,0.927,2026-03-16T10:02:53.231683,0.2727861967049703,2026-03-16T10:02:53.972000,60,,,
participant_17,1,day,Town10HD_Opt,2026-03-16 10:02:54.084376,-0.3684142231941223,-67.51763916015625,0.0019343948224559,16.808,0.268,0.22,0.0,0,0,1,,0.978,2026-03-16T10:02:54.084376,neutral,0.927,2026-03-16T10:02:53.231683,0.1859869071586511,2026-03-16T10:02:54.511000,60,,,
participant_17,1,day,Town10HD_Opt,2026-03-16 10:02:55.233232,-4.338264465332031,-67.6070327758789,0.001907653757371,17.087,0.268,0.0,0.0,0,0,1,,0.967,2026-03-16T10:02:55.233232,neutral,0.937,2026-03-16T10:02:55.233232,0.1644392733374587,2026-03-16T10:02:56.132000,57,,,
participant_17,1,day,Town10HD_Opt,2026-03-16 10:02:56.078833,-6.973321914672852,-67.678466796875,0.0020859909709542,11.864,0.251,0.0,0.312,0,0,1,,0.962,2026-03-16T10:02:56.078833,neutral,0.937,2026-03-16T10:02:55.233232,0.1616288196472516,2026-03-16T10:02:56.132000,57,,,
participant_17,1,day,Town10HD_Opt,2026-03-16 10:02:57.224743,-9.20414924621582,-67.74665832519531,0.0019970701541751,7.652,0.251,0.0,0.0,0,0,1,,0.963,2026-03-16T10:02:57.224743,neutral,0.937,2026-03-16T10:02:55.233232,0.2145647763243691,2026-03-16T10:02:57.661000,55,,,
participant_17,1,day,Town10HD_Opt,2026-03-16 10:02:58.055284,-10.39603328704834,-67.78604125976562,0.0019754790700972,5.874,0.251,0.0,0.0,0,0,1,,0.976,2026-03-16T10:02:58.055284,neutral,0.98,2026-03-16T10:02:58.055284,0.1952950081692749,2026-03-16T10:02:58.201000,55,,,
participant_17,1,day,Town10HD_Opt,2026-03-16 10:02:59.188336,-11.525933265686035,-67.82524871826172,0.0019244384020566,4.489,0.242,0.175,0.0,0,0,1,,0.967,2026-03-16T10:02:59.188336,neutral,0.98,2026-03-16T10:02:58.055284,0.2304075002387854,2026-03-16T10:02:59.192000,56,,,
participant_17,1,day,Town10HD_Opt,2026-03-16 10:03:00.076453,-12.398239135742188,-67.856689453125,0.0018790053436532,5.664,0.24,0.189,0.0,0,0,1,,0.938,2026-03-16T10:03:00.076453,neutral,0.981,2026-03-16T10:03:00.076453,0.2406754865205883,2026-03-16T10:03:00.362000,56,,,
participant_17,1,day,Town10HD_Opt,2026-03-16 10:03:01.194109,-13.791709899902344,-67.90850067138672,0.0019278335385024,5.639,0.042,0.0,0.108,0,0,1,,0.925,2026-03-16T10:03:01.194109,neutral,0.981,2026-03-16T10:03:00.076453,0.1993667134631588,2026-03-16T10:03:01.172000,57,,,
participant_17,1,day,Town10HD_Opt,2026-03-16 10:03:02.064973,-13.949661254882812,-67.91427612304688,0.001973228296265,0.0,0.035,0.0,0.326,0,0,1,,1.0,2026-03-16T10:03:02.064973,neutral,0.981,2026-03-16T10:03:00.076453,0.2207642637417536,2026-03-16T10:03:02.522000,59,,,
participant_17,1,day,Town10HD_Opt,2026-03-16 10:03:03.149808,-13.94974136352539,-67.9142837524414,0.0019203567644581,0.0,0.054,0.0,0.0,0,0,1,,0.889,2026-03-16T10:03:03.149808,neutral,0.951,2026-03-16T10:03:03.149808,0.2155681884173065,2026-03-16T10:03:03.243000,60,,,
participant_17,1,day,Town10HD_Opt,2026-03-16 10:03:04.264929,-13.949742317199709,-67.9142837524414,0.0019194411579519,0.0,0.054,0.0,0.0,0,0,1,,0.958,2026-03-16T10:03:04.264929,neutral,0.951,2026-03-16T10:03:03.149808,0.2461340115437257,2026-03-16T10:03:04.186000,59,,,
participant_17,1,day,Town10HD_Opt,2026-03-16 10:03:05.142025,-13.949742317199709,-67.9142837524414,0.0019194411579519,0.0,0.056,0.0,0.0,0,0,1,,0.963,2026-03-16T10:03:05.142025,neutral,0.951,2026-03-16T10:03:03.149808,0.3453743189862598,2026-03-16T10:03:06.031000,58,,,
participant_17,1,day,Town10HD_Opt,2026-03-16 10:03:06.010533,-13.955854415893556,-67.91445922851562,0.0019175338093191,0.072,0.068,0.05,0.0,0,0,1,,0.83,2026-03-16T10:03:06.010533,neutral,0.935,2026-03-16T10:03:06.010533,0.2369182501049824,2026-03-16T10:03:06.031000,59,,,
participant_17,1,day,Town10HD_Opt,2026-03-16 10:03:07.134476,-13.9805908203125,-67.91539001464844,0.0019139099167659,0.217,0.073,0.073,0.0,0,0,1,,0.956,2026-03-16T10:03:07.134476,neutral,0.935,2026-03-16T10:03:06.010533,0.2355756938678345,2026-03-16T10:03:07.247000,58,,,
participant_17,1,day,Town10HD_Opt,2026-03-16 10:03:08.227226,-14.090672492980955,-67.91946411132812,0.0019121170043945,0.721,0.073,0.0,0.0,0,0,1,,0.957,2026-03-16T10:03:08.227226,neutral,0.984,2026-03-16T10:03:08.227226,0.3088684233239078,2026-03-16T10:03:09.092000,57,,,
participant_17,1,day,Town10HD_Opt,2026-03-16 10:03:09.052253,-14.202570915222168,-67.9236068725586,0.0019238662207499,0.556,0.073,0.0,0.0,0,0,1,,0.973,2026-03-16T10:03:09.052253,neutral,0.984,2026-03-16T10:03:08.227226,0.3356964326731781,2026-03-16T10:03:09.991000,57,,,
participant_17,1,day,Town10HD_Opt,2026-03-16 10:03:10.197662,-14.32011890411377,-67.92801666259766,0.0018736267229542,1.506,0.073,0.458,0.0,0,0,1,,0.838,2026-03-16T10:03:10.197662,neutral,0.984,2026-03-16T10:03:08.227226,0.3376993097825617,2026-03-16T10:03:11.071000,59,,,
participant_17,1,day,Town10HD_Opt,2026-03-16 10:03:11.094915,-15.033575057983398,-67.95467376708984,0.0017102813581004,7.46,0.073,0.37,0.0,0,0,1,,0.972,2026-03-16T10:03:11.094915,neutral,0.978,2026-03-16T10:03:11.094915,0.349886149800641,2026-03-16T10:03:12.017000,60,,,
participant_17,1,day,Town10HD_Opt,2026-03-16 10:03:11.991883,-16.67597007751465,-68.017822265625,0.0017932510236278,11.429,0.073,0.365,0.0,0,0,1,,0.919,2026-03-16T10:03:11.991883,neutral,0.978,2026-03-16T10:03:11.094915,0.3464070909633006,2026-03-16T10:03:12.017000,60,,,
participant_17,1,day,Town10HD_Opt,2026-03-16 10:03:13.097759,-19.605287551879883,-68.13399505615234,0.0019893264397978,11.604,0.045,0.0,0.0,0,0,1,,0.919,2026-03-16T10:03:13.097759,neutral,0.919,2026-03-16T10:03:13.097759,0.2862372705355912,2026-03-16T10:03:13.052000,61,,,
participant_17,1,day,Town10HD_Opt,2026-03-16 10:03:14.207785,-21.91611862182617,-68.22711181640625,0.0019969176501035,8.159,0.045,0.0,0.0,0,0,1,,0.949,2026-03-16T10:03:14.207785,neutral,0.919,2026-03-16T10:03:13.097759,0.3700105490230703,2026-03-16T10:03:15.077000,58,,,
participant_17,1,day,Town10HD_Opt,2026-03-16 10:03:15.088240,-23.18074607849121,-68.27861785888672,0.0019935225136578,6.05,0.04,0.091,0.0,0,0,1,,0.964,2026-03-16T10:03:15.088240,neutral,0.919,2026-03-16T10:03:13.097759,0.327268706363298,2026-03-16T10:03:15.077000,59,,,
participant_17,1,day,Town10HD_Opt,2026-03-16 10:03:16.221961,-24.825910568237305,-68.3460693359375,0.0016921615460887,11.367,0.035,0.783,0.0,0,0,1,,0.953,2026-03-16T10:03:16.221961,neutral,0.963,2026-03-16T10:03:16.221961,0.4176204592922219,2026-03-16T10:03:17.057000,56,,,
participant_17,1,day,Town10HD_Opt,2026-03-16 10:03:17.073351,-27.682315826416016,-68.4642333984375,0.0018482588930055,22.038,0.014,0.84,0.0,0,0,1,,0.956,2026-03-16T10:03:17.073351,neutral,0.963,2026-03-16T10:03:16.221961,0.453132748461274,2026-03-16T10:03:18.002000,53,,,errors=Red light violation
participant_17,1,day,Town10HD_Opt,2026-03-16 10:03:18.212305,-34.364234924316406,-68.69242858886719,0.0016718673286959,36.783,-0.557,0.789,0.0,0,0,1,,0.937,2026-03-16T10:03:18.212305,neutral,0.963,2026-03-16T10:03:16.221961,0.3830596948152824,2026-03-16T10:03:18.002000,53,,,
participant_17,1,day,Town10HD_Opt,2026-03-16 10:03:19.118479,-41.0664291381836,-68.80657196044922,0.0021972274407744,35.737,-0.407,0.0,0.0,0,0,1,,0.934,2026-03-16T10:03:19.118479,neutral,0.988,2026-03-16T10:03:19.118479,0.4642804455292458,2026-03-16T10:03:19.982000,56,,,
participant_17,1,day,Town10HD_Opt,2026-03-16 10:03:19.991470,-46.64524459838867,-68.83378601074219,0.0023117065429687,27.778,-0.27,0.0,0.27,0,0,1,,0.953,2026-03-16T10:03:19.991470,neutral,0.988,2026-03-16T10:03:19.118479,0.4409888998096975,2026-03-16T10:03:19.982000,54,,,errors=Harsh braking
participant_17,1,day,Town10HD_Opt,2026-03-16 10:03:21.116937,-50.38047790527344,-68.826904296875,0.0026611709035933,0.002,-0.308,0.0,1.0,0,0,1,,1.0,2026-03-16T10:03:21.116937,neutral,0.988,2026-03-16T10:03:19.118479,0.4140093377278195,2026-03-16T10:03:22.007000,55,,,
participant_17,1,day,Town10HD_Opt,2026-03-16 10:03:22.217038,-50.381961822509766,-68.82689666748047,0.0019270705524832,0.002,-0.305,0.0,0.0,0,0,1,,0.93,2026-03-16T10:03:22.217038,neutral,0.904,2026-03-16T10:03:22.217038,0.4437119915818825,2026-03-16T10:03:23.132000,56,,,
participant_17,1,day,Town10HD_Opt,2026-03-16 10:03:23.049604,-50.38149642944336,-68.82691192626953,0.0019184494158253,0.138,-0.143,0.015,0.0,0,0,1,,0.977,2026-03-16T10:03:23.049604,neutral,0.904,2026-03-16T10:03:22.217038,0.4116016216225054,2026-03-16T10:03:23.132000,56,,,
participant_17,1,day,Town10HD_Opt,2026-03-16 10:03:24.189322,-50.39620590209961,-68.82691192626953,0.0019224929856136,0.154,0.063,0.043,0.0,0,0,1,,0.969,2026-03-16T10:03:24.189322,neutral,0.904,2026-03-16T10:03:22.217038,0.4750000986079273,2026-03-16T10:03:24.977000,53,,,
participant_17,1,day,Town10HD_Opt,2026-03-16 10:03:25.035039,-50.41397476196289,-68.82691192626953,0.00191635126248,0.166,0.063,0.0,0.0,0,0,1,,0.952,2026-03-16T10:03:25.035039,neutral,0.964,2026-03-16T10:03:25.035039,0.4763298806021666,2026-03-16T10:03:24.977000,54,,,
participant_17,1,day,Town10HD_Opt,2026-03-16 10:03:26.120854,-50.44636535644531,-68.826904296875,0.0019200133392587,0.118,0.005,0.0,0.0,0,0,1,,0.941,2026-03-16T10:03:26.120854,neutral,0.964,2026-03-16T10:03:25.035039,0.4908902557381358,2026-03-16T10:03:26.016000,54,,,
participant_17,1,day,Town10HD_Opt,2026-03-16 10:03:27.199845,-50.46916961669922,-68.826904296875,0.0019197082147002,0.084,0.047,0.0,0.0,0,0,1,,0.949,2026-03-16T10:03:27.199845,neutral,0.954,2026-03-16T10:03:27.199845,0.4463707450974153,2026-03-16T10:03:28.036000,56,,,
participant_17,1,day,Town10HD_Opt,2026-03-16 10:03:28.023805,-50.481712341308594,-68.826904296875,0.0019195555942133,0.065,0.047,0.023,0.0,0,0,1,,0.942,2026-03-16T10:03:28.023805,neutral,0.954,2026-03-16T10:03:27.199845,0.4910869469173095,2026-03-16T10:03:28.036000,56,,,
participant_17,1,day,Town10HD_Opt,2026-03-16 10:03:29.121105,-50.54180145263672,-68.82689666748047,0.0019186401041224,0.341,0.078,0.0,0.0,0,0,1,,0.978,2026-03-16T10:03:29.121105,neutral,0.954,2026-03-16T10:03:27.199845,0.595222444227568,2026-03-16T10:03:30.018000,59,,,
participant_17,1,day,Town10HD_Opt,2026-03-16 10:03:30.189254,-50.60905075073242,-68.82688903808594,0.0019212722545489,0.237,0.078,0.0,0.0,0,0,1,,0.952,2026-03-16T10:03:30.189254,neutral,0.951,2026-03-16T10:03:30.189254,0.6736447959805479,2026-03-16T10:03:31.097000,60,,,
participant_17,1,day,Town10HD_Opt,2026-03-16 10:03:31.010761,-50.64601135253906,-68.8268814086914,0.0019207381410524,0.186,0.078,0.0,0.0,0,0,1,,0.966,2026-03-16T10:03:31.010761,neutral,0.951,2026-03-16T10:03:30.189254,0.6205445815659237,2026-03-16T10:03:31.097000,59,,,
participant_17,1,day,Town10HD_Opt,2026-03-16 10:03:32.123722,-50.68230438232422,-68.8268814086914,0.0019202422117814,0.132,0.078,0.0,0.0,0,0,1,,0.946,2026-03-16T10:03:32.123722,neutral,0.951,2026-03-16T10:03:30.189254,0.7138715171322254,2026-03-16T10:03:32.042000,59,,,
participant_17,1,day,Town10HD_Opt,2026-03-16 10:03:33.195099,-50.70783615112305,-68.82687377929688,0.0019198226509615,0.094,0.078,0.0,0.0,0,0,1,,0.95,2026-03-16T10:03:33.195099,neutral,0.987,2026-03-16T10:03:33.195099,0.6782269077440886,2026-03-16T10:03:33.977000,58,,,
participant_17,1,day,Town10HD_Opt,2026-03-16 10:03:34.081200,-50.73765182495117,-68.82666015625,0.0018494033720344,1.666,0.078,0.653,0.0,0,0,1,,0.944,2026-03-16T10:03:34.081200,neutral,0.987,2026-03-16T10:03:33.195099,0.7867281181240849,2026-03-16T10:03:33.977000,58,,,
participant_17,1,day,Town10HD_Opt,2026-03-16 10:03:35.177086,-52.49782943725586,-68.8222885131836,0.0016092681325972,13.849,0.078,0.59,0.0,0,0,1,,0.937,2026-03-16T10:03:35.177086,neutral,0.987,2026-03-16T10:03:33.195099,0.9050548740443582,2026-03-16T10:03:36.047000,55,,,
participant_17,1,day,Town10HD_Opt,2026-03-16 10:03:36.001367,-55.48854446411133,-68.81629180908203,0.0020112609490752,19.201,0.078,0.56,0.0,0,0,1,,0.919,2026-03-16T10:03:36.001367,neutral,0.987,2026-03-16T10:03:36.001367,0.8877561914059539,2026-03-16T10:03:36.047000,55,,,
participant_17,1,day,Town10HD_Opt,2026-03-16 10:03:37.124239,-60.55523681640625,-68.81403350830078,0.001930808997713,24.281,0.078,0.441,0.0,0,0,1,,0.957,2026-03-16T10:03:37.124239,neutral,0.987,2026-03-16T10:03:36.001367,0.99,2026-03-16T10:03:37.982000,54,,,
participant_17,1,day,Town10HD_Opt,2026-03-16 10:03:38.222579,-66.36921691894531,-68.82391357421875,0.002075805561617,24.458,0.068,0.209,0.0,0,0,1,,0.955,2026-03-16T10:03:38.222579,neutral,0.982,2026-03-16T10:03:38.222579,0.937018910809444,2026-03-16T10:03:39.107000,55,,,
participant_17,1,day,Town10HD_Opt,2026-03-16 10:03:39.035316,-70.42709350585938,-68.8374252319336,0.0021397017408162,21.74,-0.026,0.178,0.0,0,0,1,,0.97,2026-03-16T10:03:39.035316,neutral,0.982,2026-03-16T10:03:38.222579,0.9713247895665504,2026-03-16T10:03:39.107000,55,,,
participant_17,1,day,Town10HD_Opt,2026-03-16 10:03:40.196333,-75.02690887451172,-68.80599212646484,0.0020917130168527,18.181,-2.81,0.183,0.0,0,0,1,,0.942,2026-03-16T10:03:40.196333,neutral,0.982,2026-03-16T10:03:38.222579,0.9236705469230806,2026-03-16T10:03:41.043000,57,,,errors=Solid line crossing
participant_17,1,day,Town10HD_Opt,2026-03-16 10:03:41.025375,-78.1494369506836,-68.52897644042969,0.0019108580891042,17.767,-8.751,0.278,0.0,0,0,1,,0.92,2026-03-16T10:03:41.025375,neutral,0.956,2026-03-16T10:03:41.025375,0.99,2026-03-16T10:03:41.043000,55,,,
participant_17,1,day,Town10HD_Opt,2026-03-16 10:03:42.175997,-82.20488739013672,-67.46460723876953,0.0020314024295657,18.162,-8.761,0.299,0.0,0,0,1,,0.962,2026-03-16T10:03:42.175997,neutral,0.956,2026-03-16T10:03:41.025375,0.944721552175091,2026-03-16T10:03:42.977000,55,,,
participant_17,1,day,Town10HD_Opt,2026-03-16 10:03:42.997833,-85.11618041992188,-66.1972885131836,0.0020491408649832,18.015,-5.125,0.299,0.0,0,0,1,,0.958,2026-03-16T10:03:42.997833,neutral,0.956,2026-03-16T10:03:41.025375,0.8919246991514599,2026-03-16T10:03:42.977000,54,,,
participant_17,1,day,Town10HD_Opt,2026-03-16 10:03:44.150764,-88.83932495117188,-64.17412567138672,0.0020220566075295,18.281,-4.631,0.301,0.0,0,0,1,,0.911,2026-03-16T10:03:44.150764,neutral,0.919,2026-03-16T10:03:44.150764,0.8931330913322656,2026-03-16T10:03:45.093000,56,,,
participant_17,1,day,Town10HD_Opt,2026-03-16 10:03:45.013653,-91.49864959716795,-62.41371536254883,0.0020349503029137,18.466,-4.445,0.505,0.0,0,0,1,,0.959,2026-03-16T10:03:45.013653,neutral,0.919,2026-03-16T10:03:44.150764,0.9086874408941296,2026-03-16T10:03:45.093000,56,,,
participant_17,1,day,Town10HD_Opt,2026-03-16 10:03:46.146061,-95.21925354003906,-59.43647003173828,0.0019544218666851,22.458,-4.442,0.455,0.0,0,0,1,,0.979,2026-03-16T10:03:46.146061,neutral,0.919,2026-03-16T10:03:44.150764,0.935386520888706,2026-03-16T10:03:45.093000,55,,,
participant_17,1,day,Town10HD_Opt,2026-03-16 10:03:47.010106,-98.18659210205078,-56.56222915649414,0.0019629287999123,24.976,-3.262,0.455,0.0,0,0,1,,0.977,2026-03-16T10:03:47.010106,neutral,0.987,2026-03-16T10:03:47.010106,0.8654166626015858,2026-03-16T10:03:47.523000,57,,,
participant_17,1,day,Town10HD_Opt,2026-03-16 10:03:48.173998,-102.20963287353516,-51.923377990722656,0.0019891357515007,27.614,-3.349,0.41,0.0,0,0,1,,0.963,2026-03-16T10:03:48.173998,neutral,0.987,2026-03-16T10:03:47.010106,0.8603305328213328,2026-03-16T10:03:49.097000,60,,,
participant_17,1,day,Town10HD_Opt,2026-03-16 10:03:49.036925,-105.06620025634766,-47.95277404785156,0.0020352171268314,28.092,-3.078,0.346,0.0,0,0,1,,0.966,2026-03-16T10:03:49.036925,angry,0.819,2026-03-16T10:03:49.036925,0.8539298503755988,2026-03-16T10:03:49.097000,59,,,
participant_17,1,day,Town10HD_Opt,2026-03-16 10:03:50.188559,-108.35044860839844,-42.39642333984375,0.0020829008426517,26.903,-3.74,0.281,0.0,0,0,1,,0.949,2026-03-16T10:03:50.188559,angry,0.819,2026-03-16T10:03:49.036925,0.9174155119721648,2026-03-16T10:03:50.089000,60,,,
participant_17,1,day,Town10HD_Opt,2026-03-16 10:03:51.059457,-110.21656036376952,-38.39085006713867,0.0022240446414798,22.237,-4.192,0.0,0.0,0,0,1,,0.941,2026-03-16T10:03:51.059457,neutral,0.963,2026-03-16T10:03:51.059457,0.8830999240758622,2026-03-16T10:03:51.212000,57,,,
participant_17,1,day,Town10HD_Opt,2026-03-16 10:03:52.212304,-111.59029388427734,-34.22536849975586,0.0020055389031767,15.931,-9.385,0.2,0.0,0,0,1,,0.958,2026-03-16T10:03:52.212304,neutral,0.963,2026-03-16T10:03:51.059457,0.8635896992453058,2026-03-16T10:03:53.012000,57,,,
participant_17,1,day,Town10HD_Opt,2026-03-16 10:03:53.083845,-111.9585418701172,-31.438968658447266,0.0018565750215202,17.384,-10.567,0.492,0.0,0,0,1,,0.91,2026-03-16T10:03:53.083845,neutral,0.975,2026-03-16T10:03:53.083845,0.9430985485479852,2026-03-16T10:03:54.002000,57,,,
participant_17,1,day,Town10HD_Opt,2026-03-16 10:03:54.259015,-111.78557586669922,-27.07372093200684,0.0019733428489416,20.272,-4.129,0.444,0.0,0,0,1,,0.908,2026-03-16T10:03:54.259015,neutral,0.975,2026-03-16T10:03:53.083845,0.844603772815289,2026-03-16T10:03:54.991000,59,,,
participant_17,1,day,Town10HD_Opt,2026-03-16 10:03:55.218807,-111.40399169921876,-23.425710678100582,0.0021062849555164,19.878,-0.176,0.0,0.067,0,0,1,,0.908,2026-03-16T10:03:55.218807,neutral,0.956,2026-03-16T10:03:55.218807,0.8787652450217949,2026-03-16T10:03:55.982000,58,,,
participant_17,1,day,Town10HD_Opt,2026-03-16 10:03:56.131464,-111.10112762451172,-20.431928634643555,0.0020852661691606,13.722,0.357,0.0,0.335,0,0,1,,0.942,2026-03-16T10:03:56.131464,neutral,0.956,2026-03-16T10:03:55.218807,0.9299122100771586,2026-03-16T10:03:57.018000,60,,,
participant_17,1,day,Town10HD_Opt,2026-03-16 10:03:57.010707,-110.91455078125,-18.477399826049805,0.0020890808664262,8.383,0.355,0.0,0.314,0,0,1,,0.942,2026-03-16T10:03:57.010707,neutral,0.956,2026-03-16T10:03:55.218807,0.9058557377032866,2026-03-16T10:03:57.018000,60,,,
participant_17,1,day,Town10HD_Opt,2026-03-16 10:03:58.177764,-110.83546447753906,-17.624584197998047,0.0020245742052793,0.0,0.322,0.0,0.68,0,0,1,,0.941,2026-03-16T10:03:58.177764,neutral,0.973,2026-03-16T10:03:58.177764,0.9085542499208996,2026-03-16T10:03:59.087000,59,,,
participant_17,1,day,Town10HD_Opt,2026-03-16 10:03:59.080204,-110.83544921875,-17.624412536621094,0.0019232940394431,0.001,0.261,0.0,0.0,0,0,1,,0.871,2026-03-16T10:03:59.080204,neutral,0.973,2026-03-16T10:03:58.177764,0.9289741443511056,2026-03-16T10:03:59.987000,57,,,
participant_17,1,day,Town10HD_Opt,2026-03-16 10:04:00.197938,-110.83544921875,-17.624401092529297,0.0019191741012036,0.001,2.083,0.0,0.0,0,0,1,,0.92,2026-03-16T10:04:00.197938,neutral,0.915,2026-03-16T10:04:00.197938,0.8479947017092152,2026-03-16T10:04:01.022000,56,,,
participant_17,1,day,Town10HD_Opt,2026-03-16 10:04:01.068293,-110.83544921875,-17.624401092529297,0.001919021597132,0.001,1.805,0.0,0.0,0,0,1,,0.953,2026-03-16T10:04:01.068293,neutral,0.915,2026-03-16T10:04:00.197938,0.8484083669806034,2026-03-16T10:04:02.012000,55,,,errors=Vehicle collision
participant_17,1,day,Town10HD_Opt,2026-03-16 10:04:02.183063,-110.83547973632812,-17.623641967773438,0.0018996428698301,0.001,1.81,0.0,0.0,0,0,1,,0.962,2026-03-16T10:04:02.183063,neutral,0.915,2026-03-16T10:04:00.197938,0.8298793635972129,2026-03-16T10:04:03.092000,55,,,
participant_17,1,day,Town10HD_Opt,2026-03-16 10:04:03.028126,-110.83548736572266,-17.623626708984375,0.0019188307924196,0.001,1.81,0.0,0.0,0,0,1,,0.901,2026-03-16T10:04:03.028126,neutral,0.819,2026-03-16T10:04:03.028126,0.8323224248955089,2026-03-16T10:04:03.092000,56,,,
participant_17,1,day,Town10HD_Opt,2026-03-16 10:04:04.146783,-110.83548736572266,-17.623624801635742,0.001919021597132,0.001,1.81,0.0,0.0,0,0,1,,0.956,2026-03-16T10:04:04.146783,neutral,0.819,2026-03-16T10:04:03.028126,0.8088167372074633,2026-03-16T10:04:05.027000,59,,,
participant_17,1,day,Town10HD_Opt,2026-03-16 10:04:05.016203,-110.83548736572266,-17.623624801635742,0.0019189834129065,0.001,1.81,0.0,0.0,0,0,1,,0.909,2026-03-16T10:04:05.016203,neutral,0.819,2026-03-16T10:04:03.028126,0.7541197452621992,2026-03-16T10:04:05.027000,57,,,
participant_17,1,day,Town10HD_Opt,2026-03-16 10:04:06.156603,-110.83548736572266,-17.623624801635742,0.0019189834129065,0.001,1.81,0.0,0.0,0,0,1,,0.944,2026-03-16T10:04:06.156603,neutral,0.946,2026-03-16T10:04:06.156603,0.7671041706206454,2026-03-16T10:04:06.020000,57,,,
participant_17,1,day,Town10HD_Opt,2026-03-16 10:04:07.033138,-110.83548736572266,-17.623626708984375,0.0019188689766451,0.001,1.81,0.0,0.0,0,0,1,,0.963,2026-03-16T10:04:07.033138,neutral,0.946,2026-03-16T10:04:06.156603,0.7732157327284269,2026-03-16T10:04:07.145000,56,,,
participant_17,1,day,Town10HD_Opt,2026-03-16 10:04:08.277943,-110.83548736572266,-17.623626708984375,0.0019189071608707,0.001,1.81,0.0,0.0,0,0,1,,0.955,2026-03-16T10:04:08.277943,neutral,0.986,2026-03-16T10:04:08.277943,0.6575134731264427,2026-03-16T10:04:08.988000,54,,,
participant_17,1,day,Town10HD_Opt,2026-03-16 10:04:09.199545,-110.83548736572266,-17.623626708984375,0.0019188307924196,0.001,1.81,0.0,0.0,0,0,1,,0.94,2026-03-16T10:04:09.199545,neutral,0.986,2026-03-16T10:04:08.277943,0.6558794525865409,2026-03-16T10:04:10.157000,53,,,
participant_17,1,day,Town10HD_Opt,2026-03-16 10:04:10.035999,-110.83548736572266,-17.623624801635742,0.0019189834129065,0.001,1.786,0.0,0.0,0,0,1,,0.869,2026-03-16T10:04:10.035999,neutral,0.986,2026-03-16T10:04:08.277943,0.6592421549767121,2026-03-16T10:04:10.157000,52,,,
participant_17,1,day,Town10HD_Opt,2026-03-16 10:04:11.182775,-110.83548736572266,-17.623624801635742,0.0019189452286809,0.001,1.777,0.0,0.0,0,0,1,,0.974,2026-03-16T10:04:11.182775,neutral,0.929,2026-03-16T10:04:11.182775,0.6675630117540094,2026-03-16T10:04:11.102000,54,,,
participant_17,1,day,Town10HD_Opt,2026-03-16 10:04:12.054219,-110.83548736572266,-17.623624801635742,0.0019189452286809,0.001,1.424,0.0,0.0,0,0,1,reach_back,0.839,2026-03-16T10:04:12.054219,neutral,0.929,2026-03-16T10:04:11.182775,0.6812867604640321,2026-03-16T10:04:12.993000,59,,,
participant_17,1,day,Town10HD_Opt,2026-03-16 10:04:13.195189,-110.83548736572266,-17.623624801635742,0.001919021597132,0.001,1.518,0.0,0.0,0,0,1,,0.902,2026-03-16T10:04:13.195189,neutral,0.969,2026-03-16T10:04:13.195189,0.7081616966827178,2026-03-16T10:04:14.072000,62,,,
participant_17,1,day,Town10HD_Opt,2026-03-16 10:04:14.061067,-110.83548736572266,-17.623626708984375,0.0019188307924196,0.001,1.518,0.0,0.0,0,0,1,,0.921,2026-03-16T10:04:14.061067,neutral,0.969,2026-03-16T10:04:13.195189,0.6824851985488605,2026-03-16T10:04:15.018000,65,,,
participant_17,1,day,Town10HD_Opt,2026-03-16 10:04:15.181638,-110.83548736572266,-17.623624801635742,0.0019189452286809,0.001,1.485,0.0,0.0,0,0,1,,0.885,2026-03-16T10:04:15.181638,neutral,0.969,2026-03-16T10:04:13.195189,0.6354652830421581,2026-03-16T10:04:16.098000,68,,,
participant_17,1,day,Town10HD_Opt,2026-03-16 10:04:16.047790,-110.83548736572266,-17.623626708984375,0.0019189834129065,0.001,1.485,0.0,0.0,0,0,1,,0.917,2026-03-16T10:04:16.047790,neutral,0.995,2026-03-16T10:04:16.047790,0.6665449870610838,2026-03-16T10:04:16.997000,68,,,
participant_17,1,day,Town10HD_Opt,2026-03-16 10:04:17.179384,-110.81989288330078,-17.43812370300293,0.0017063902923837,4.741,1.314,0.722,0.0,0,0,1,,0.935,2026-03-16T10:04:17.179384,neutral,0.995,2026-03-16T10:04:16.047790,0.5996604598096651,2026-03-16T10:04:18.033000,69,,,
participant_17,1,day,Town10HD_Opt,2026-03-16 10:04:18.103126,-110.69271087646484,-15.75461769104004,0.0015750502934679,15.389,1.448,0.688,0.0,0,0,1,,0.917,2026-03-16T10:04:18.103126,neutral,0.923,2026-03-16T10:04:18.103126,0.637325036211394,2026-03-16T10:04:18.033000,70,,,
participant_17,1,day,Town10HD_Opt,2026-03-16 10:04:19.253392,-110.53395080566406,-11.72917938232422,0.0019824600312858,15.803,3.881,0.0,0.0,0,0,1,,1.0,2026-03-16T10:04:19.253392,neutral,0.923,2026-03-16T10:04:18.103126,0.4918006547559002,2026-03-16T10:04:20.013000,70,,,
participant_17,1,day,Town10HD_Opt,2026-03-16 10:04:20.169538,-110.62095642089844,-9.270903587341309,0.0020299910102039,12.306,4.735,0.146,0.0,0,0,1,,1.0,2026-03-16T10:04:20.169538,neutral,0.996,2026-03-16T10:04:20.169538,0.4801951069532271,2026-03-16T10:04:21.048000,57,,,
participant_17,1,day,Town10HD_Opt,2026-03-16 10:04:21.075362,-110.81443786621094,-7.103076457977295,0.0018523024627938,13.66,0.618,0.431,0.0,0,0,1,,0.937,2026-03-16T10:04:21.075362,neutral,0.996,2026-03-16T10:04:20.169538,0.4717191777287845,2026-03-16T10:04:21.993000,54,,,
participant_17,1,day,Town10HD_Opt,2026-03-16 10:04:22.248660,-111.03341674804688,-3.346644878387451,0.0020657347049564,18.167,-2.687,0.428,0.0,0,0,1,,0.876,2026-03-16T10:04:22.248660,happy,0.853,2026-03-16T10:04:22.248660,0.3273404609494983,2026-03-16T10:04:23.027000,51,,,
participant_17,1,day,Town10HD_Opt,2026-03-16 10:04:23.115636,-111.0649871826172,-0.0672240406274795,0.0019803238101303,19.803,-1.852,0.42,0.0,0,0,1,,0.962,2026-03-16T10:04:23.115636,happy,0.853,2026-03-16T10:04:22.248660,0.4294628781661825,2026-03-16T10:04:23.027000,52,,,
participant_17,1,day,Town10HD_Opt,2026-03-16 10:04:23.997257,-110.9822235107422,3.5650956630706787,0.0019825361669063,21.666,-2.177,0.411,0.0,0,0,1,,0.84,2026-03-16T10:04:23.997257,happy,0.853,2026-03-16T10:04:22.248660,0.2671374831108721,2026-03-16T10:04:24.197000,49,,,
participant_17,1,day,Town10HD_Opt,2026-03-16 10:04:25.139704,-110.56986236572266,8.869346618652344,0.0019940184429287,23.89,-3.752,0.411,0.0,0,0,1,,0.815,2026-03-16T10:04:25.139704,neutral,0.974,2026-03-16T10:04:25.139704,0.3203417442030098,2026-03-16T10:04:25.052000,51,,,
participant_17,1,day,Town10HD_Opt,2026-03-16 10:04:26.013727,-109.80355072021484,13.089163780212402,0.0020061873365193,25.195,-7.898,0.391,0.0,0,0,1,,0.915,2026-03-16T10:04:26.013727,neutral,0.974,2026-03-16T10:04:25.139704,0.2916120626578934,2026-03-16T10:04:26.538000,53,,,
participant_17,1,day,Town10HD_Opt,2026-03-16 10:04:27.190111,-107.53948211669922,18.19770050048828,0.0021824263967573,21.537,-13.068,0.097,0.0,0,0,1,,0.918,2026-03-16T10:04:27.190111,neutral,0.981,2026-03-16T10:04:27.190111,0.2781417376242708,2026-03-16T10:04:28.022000,49,,,
participant_17,1,day,Town10HD_Opt,2026-03-16 10:04:28.096997,-105.34256744384766,20.76347923278809,0.0019570540171116,17.158,-12.815,0.0,0.0,0,0,1,,0.871,2026-03-16T10:04:28.096997,neutral,0.981,2026-03-16T10:04:27.190111,0.266108197218756,2026-03-16T10:04:29.012000,50,,,
participant_17,1,day,Town10HD_Opt,2026-03-16 10:04:28.997584,-103.16645050048828,22.39298439025879,0.0019501113565638,15.231,-13.243,0.296,0.0,0,0,1,,0.861,2026-03-16T10:04:28.997584,neutral,0.981,2026-03-16T10:04:27.190111,0.2473311381863105,2026-03-16T10:04:29.012000,49,,,
participant_17,1,day,Town10HD_Opt,2026-03-16 10:04:30.207489,-99.80545806884766,23.92901611328125,0.001898803631775,16.583,-12.047,0.283,0.0,0,0,1,,1.0,2026-03-16T10:04:30.207489,neutral,0.973,2026-03-16T10:04:30.207489,0.2690070808168406,2026-03-16T10:04:30.992000,48,,,
participant_17,1,day,Town10HD_Opt,2026-03-16 10:04:31.157281,-96.978515625,24.658483505249023,0.0019586181733757,16.081,-6.507,0.101,0.0,0,0,1,,0.946,2026-03-16T10:04:31.157281,neutral,0.973,2026-03-16T10:04:30.207489,0.2988114765749999,2026-03-16T10:04:31.982000,48,,,
participant_17,1,day,Town10HD_Opt,2026-03-16 10:04:32.120157,-94.33914184570312,25.103893280029297,0.0019491576822474,14.866,-3.766,0.257,0.0,0,0,1,,1.0,2026-03-16T10:04:32.120157,neutral,0.973,2026-03-16T10:04:30.207489,0.2142839017039902,2026-03-16T10:04:33.018000,48,,,
participant_17,1,day,Town10HD_Opt,2026-03-16 10:04:33.066394,-91.71247863769533,25.525110244750977,0.001895027118735,15.643,5.163,0.27,0.0,0,0,1,,0.933,2026-03-16T10:04:33.066394,angry,0.453,2026-03-16T10:04:33.066394,0.2022846370521941,2026-03-16T10:04:33.018000,48,,,
participant_17,1,day,Town10HD_Opt,2026-03-16 10:04:34.275807,-88.12738800048828,26.602996826171875,0.0019024658249691,16.55,8.778,0.269,0.0,0,0,1,,0.902,2026-03-16T10:04:34.275807,angry,0.453,2026-03-16T10:04:33.066394,0.2282966226796894,2026-03-16T10:04:34.997000,48,,,
participant_17,1,day,Town10HD_Opt,2026-03-16 10:04:35.226833,-85.44769287109375,27.807085037231445,0.0019032668787986,17.069,0.437,0.265,0.0,0,0,1,,1.0,2026-03-16T10:04:35.226833,neutral,0.981,2026-03-16T10:04:35.226833,0.2153047751586759,2026-03-16T10:04:36.077000,48,,,errors=Solid line crossing
participant_17,1,day,Town10HD_Opt,2026-03-16 10:04:36.209196,-82.58938598632812,28.65790557861328,0.0019311904907226,17.258,-18.694,0.264,0.0,0,0,1,,1.0,2026-03-16T10:04:36.209196,neutral,0.981,2026-03-16T10:04:35.226833,0.2435425209648442,2026-03-16T10:04:37.022000,48,,,
participant_17,1,day,Town10HD_Opt,2026-03-16 10:04:37.218211,-79.55581665039062,28.82145500183105,0.0019160461379215,17.529,-4.997,0.255,0.0,0,0,1,,0.836,2026-03-16T10:04:37.218211,neutral,0.981,2026-03-16T10:04:35.226833,0.2161794530426214,2026-03-16T10:04:38.012000,49,,,
participant_17,1,day,Town10HD_Opt,2026-03-16 10:04:38.132190,-76.47640991210938,28.76484107971192,0.0019128418061882,17.734,-3.158,0.272,0.0,0,0,1,,0.949,2026-03-16T10:04:38.132190,happy,0.967,2026-03-16T10:04:38.132190,0.2853464131767008,2026-03-16T10:04:39.002000,50,,,errors=Solid line crossing
participant_17,1,day,Town10HD_Opt,2026-03-16 10:04:39.046717,-73.34596252441406,28.586366653442383,0.0018997192382812,17.983,-1.166,0.193,0.0,0,0,1,,0.948,2026-03-16T10:04:39.046717,happy,0.967,2026-03-16T10:04:38.132190,0.1894989910893938,2026-03-16T10:04:39.992000,50,,,
participant_17,1,day,Town10HD_Opt,2026-03-16 10:04:40.260533,-69.66500854492188,28.37959671020508,0.0020417021587491,13.052,1.967,0.0,0.0,0,0,1,,0.925,2026-03-16T10:04:40.260533,neutral,0.89,2026-03-16T10:04:40.260533,0.2432953085081877,2026-03-16T10:04:40.982000,50,,,
participant_17,1,day,Town10HD_Opt,2026-03-16 10:04:41.196364,-67.42443084716797,28.33313369750977,0.0017996215028688,14.826,2.148,0.519,0.0,0,0,1,,1.0,2026-03-16T10:04:41.196364,neutral,0.89,2026-03-16T10:04:40.260533,0.270793044960711,2026-03-16T10:04:42.152000,50,,,
participant_17,1,day,Town10HD_Opt,2026-03-16 10:04:42.168987,-64.4496078491211,28.354949951171875,0.0020684050396084,18.448,2.078,0.519,0.0,0,0,1,,0.897,2026-03-16T10:04:42.168987,neutral,0.89,2026-03-16T10:04:40.260533,0.2125371130603191,2026-03-16T10:04:43.008000,49,,,
participant_17,1,day,Town10HD_Opt,2026-03-16 10:04:43.088372,-60.960697174072266,28.476783752441406,0.0019172286847606,22.135,-0.336,0.5,0.0,0,0,1,,0.888,2026-03-16T10:04:43.088372,neutral,0.986,2026-03-16T10:04:43.088372,0.2172975359830351,2026-03-16T10:04:43.998000,51,,,
participant_17,1,day,Town10HD_Opt,2026-03-16 10:04:44.006516,-56.80263900756836,28.604108810424805,0.0019261550623923,25.744,-0.759,0.5,0.0,0,0,1,,0.869,2026-03-16T10:04:44.006516,neutral,0.986,2026-03-16T10:04:43.088372,0.2178696626817942,2026-03-16T10:04:43.998000,50,,,
participant_17,1,day,Town10HD_Opt,2026-03-16 10:04:45.198233,-50.33610916137695,28.69482612609864,0.0019430541433393,29.933,-0.423,0.5,0.0,0,0,1,,0.817,2026-03-16T10:04:45.198233,neutral,0.973,2026-03-16T10:04:45.198233,0.2297855028082744,2026-03-16T10:04:46.113000,53,,,
participant_17,1,day,Town10HD_Opt,2026-03-16 10:04:46.105577,-44.88222122192383,28.69111061096192,0.0019548416603356,32.647,-0.543,0.5,0.0,0,0,1,,1.0,2026-03-16T10:04:46.105577,neutral,0.973,2026-03-16T10:04:45.198233,0.2952056646565953,2026-03-16T10:04:47.012000,53,,,
participant_17,1,day,Town10HD_Opt,2026-03-16 10:04:47.049216,-38.97990036010742,28.61581993103028,0.0019655989017337,34.905,-0.545,0.5,0.0,0,0,1,,0.9,2026-03-16T10:04:47.049216,neutral,0.973,2026-03-16T10:04:45.198233,0.2676457863757733,2026-03-16T10:04:47.012000,52,,,
participant_17,1,day,Town10HD_Opt,2026-03-16 10:04:48.257818,-30.50929069519043,28.39793586730957,0.0019781494047492,37.746,-0.087,0.5,0.0,0,0,1,,0.85,2026-03-16T10:04:48.257818,neutral,0.942,2026-03-16T10:04:48.257818,0.2574027039287943,2026-03-16T10:04:48.186000,51,,,
participant_17,1,day,Town10HD_Opt,2026-03-16 10:04:49.154899,-23.782655715942383,28.204259872436523,0.0019976424518972,39.207,0.686,0.483,0.0,0,0,1,,0.844,2026-03-16T10:04:49.154899,neutral,0.942,2026-03-16T10:04:48.257818,0.2978079297121365,2026-03-16T10:04:50.027000,52,,,
participant_17,1,day,Town10HD_Opt,2026-03-16 10:04:50.060699,-16.94698143005371,28.12130355834961,0.0021524429321289,36.691,0.089,0.0,0.0,0,0,1,,0.805,2026-03-16T10:04:50.060699,neutral,0.942,2026-03-16T10:04:48.257818,0.1562859553867631,2026-03-16T10:04:50.027000,53,,,
participant_17,1,day,Town10HD_Opt,2026-03-16 10:04:51.229887,-9.476394653320312,28.08313369750977,0.0022918700706213,26.456,0.134,0.0,0.0,0,0,1,,0.958,2026-03-16T10:04:51.229887,neutral,0.985,2026-03-16T10:04:51.229887,0.1342785144273843,2026-03-16T10:04:52.098000,57,,,
participant_17,1,day,Town10HD_Opt,2026-03-16 10:04:52.152153,-5.346398830413818,28.07466697692871,0.0021949387155473,21.094,0.512,0.196,0.0,0,0,1,,1.0,2026-03-16T10:04:52.152153,neutral,0.985,2026-03-16T10:04:51.229887,0.1995835203666182,2026-03-16T10:04:52.998000,59,,,
participant_17,1,day,Town10HD_Opt,2026-03-16 10:04:53.046305,-1.8776105642318728,28.1011905670166,0.0021271514706313,18.606,-0.035,0.199,0.0,0,0,1,,0.933,2026-03-16T10:04:53.046305,neutral,0.985,2026-03-16T10:04:51.229887,0.1535411450771921,2026-03-16T10:04:53.988000,59,,,
participant_17,1,day,Town10HD_Opt,2026-03-16 10:04:54.262117,2.335268497467041,28.12898635864257,0.0019298553233966,18.093,-0.585,0.334,0.0,0,0,1,,0.921,2026-03-16T10:04:54.262117,neutral,0.996,2026-03-16T10:04:54.262117,0.1453297221963076,2026-03-16T10:04:55.113000,61,,,
participant_17,1,day,Town10HD_Opt,2026-03-16 10:04:55.174254,5.507840633392334,28.12300682067871,0.0020332718268036,18.187,-0.425,0.326,0.0,0,0,1,,0.941,2026-03-16T10:04:55.174254,neutral,0.996,2026-03-16T10:04:54.262117,0.2587515836708939,2026-03-16T10:04:56.012000,60,,,
participant_17,1,day,Town10HD_Opt,2026-03-16 10:04:56.076219,8.687471389770508,28.101524353027344,0.0020505904685705,18.097,-0.12,0.324,0.0,0,0,1,,0.958,2026-03-16T10:04:56.076219,neutral,0.996,2026-03-16T10:04:54.262117,0.1148391589832524,2026-03-16T10:04:56.012000,62,,,
participant_17,1,day,Town10HD_Opt,2026-03-16 10:04:57.034908,11.864992141723633,28.07614517211914,0.0020384979434311,18.246,-0.056,0.324,0.0,0,0,1,,0.931,2026-03-16T10:04:57.034908,neutral,0.987,2026-03-16T10:04:57.034908,0.1678327578102115,2026-03-16T10:04:57.993000,64,,,
participant_17,1,day,Town10HD_Opt,2026-03-16 10:04:58.220873,16.14552879333496,28.037466049194336,0.0020383833907544,18.457,-0.04,0.324,0.0,0,0,1,,0.87,2026-03-16T10:04:58.220873,neutral,0.987,2026-03-16T10:04:57.034908,0.1666946426745702,2026-03-16T10:04:57.993000,64,,,
participant_17,1,day,Town10HD_Opt,2026-03-16 10:04:59.160372,19.386756896972656,28.02009010314941,0.0020386886317282,18.617,0.959,0.391,0.0,0,0,1,,0.94,2026-03-16T10:04:59.160372,neutral,0.979,2026-03-16T10:04:59.160372,0.1592328326333232,2026-03-16T10:05:00.066000,65,,,
participant_17,2,day,Town10HD_Opt,2026-03-16 10:15:00.000000,-41.66858673095703,89.7454833984375,0.5804919004440308,7.254,-0.355,1.0,0.0,0,0,1,,1.0,2026-03-16T10:15:00,,,2026-03-16T10:15:00,0.8202027167373298,2026-03-16T10:15:00,54,,,
participant_17,2,day,Town10HD_Opt,2026-03-16 10:15:04.248450,-41.67099380493164,89.321533203125,0.0015148925594985,8.128,-0.355,1.0,0.0,0,0,1,,1.0,2026-03-16T10:15:04.248450,,,2026-03-16T10:15:04.248450,0.7526225522149975,2026-03-16T10:15:04.913000,54,,,
participant_17,2,day,Town10HD_Opt,2026-03-16 10:15:05.350173,-41.6822395324707,87.75133514404297,0.0014716339064761,17.748,-0.355,0.727,0.0,0,0,1,,1.0,2026-03-16T10:15:05.350173,,,2026-03-16T10:15:04.248450,0.7357870132794855,2026-03-16T10:15:05.941000,53,,,
participant_17,2,day,Town10HD_Opt,2026-03-16 10:15:06.062979,-41.68540954589844,86.64447021484375,0.0018781280377879,19.691,1.264,0.688,0.0,0,0,1,,1.0,2026-03-16T10:15:06.062979,,,2026-03-16T10:15:04.248450,0.7367595818362928,2026-03-16T10:15:06.930000,55,,,
participant_17,2,day,Town10HD_Opt,2026-03-16 10:15:07.151208,-41.62776184082031,84.07276916503906,0.0017984389560297,24.626,2.732,0.667,0.0,0,0,1,,1.0,2026-03-16T10:15:07.151208,neutral,0.801,2026-03-16T10:15:07.151208,0.7606726215123403,2026-03-16T10:15:07.965000,56,,,
participant_17,2,day,Town10HD_Opt,2026-03-16 10:15:08.228599,-41.42586517333984,80.90869140625,0.0018012619111686,29.588,3.163,0.654,0.0,0,0,1,,1.0,2026-03-16T10:15:08.228599,neutral,0.801,2026-03-16T10:15:07.151208,0.7887148773097175,2026-03-16T10:15:08.910000,57,,,
participant_17,2,day,Town10HD_Opt,2026-03-16 10:15:09.314133,-40.84961318969727,77.2502212524414,0.0018459319835528,33.802,14.808,0.647,0.0,0,0,1,,1.0,2026-03-16T10:15:09.314133,neutral,0.979,2026-03-16T10:15:09.314133,0.6977981746716339,2026-03-16T10:15:09.946000,60,,,
participant_17,2,day,Town10HD_Opt,2026-03-16 10:15:10.399943,-39.088417053222656,73.55134582519531,0.0019352340605109,36.839,20.994,0.635,0.0,0,0,1,,1.0,2026-03-16T10:15:10.399943,neutral,0.979,2026-03-16T10:15:09.314133,0.6124170079708268,2026-03-16T10:15:10.935000,61,,,
participant_17,2,day,Town10HD_Opt,2026-03-16 10:15:11.476578,-35.82021713256836,70.56552124023438,0.0019625853747129,39.5,18.991,0.634,0.0,0,0,1,,1.0,2026-03-16T10:15:11.476578,neutral,0.99,2026-03-16T10:15:11.476578,0.6900522542655231,2026-03-16T10:15:11.925000,60,,,
participant_17,2,day,Town10HD_Opt,2026-03-16 10:15:12.052479,-33.72086715698242,69.55364990234375,0.0019746017642319,40.613,19.022,0.633,0.0,0,0,1,,1.0,2026-03-16T10:15:12.052479,neutral,0.99,2026-03-16T10:15:11.476578,0.6826813589289397,2026-03-16T10:15:12.916000,57,,,
participant_17,2,day,Town10HD_Opt,2026-03-16 10:15:13.274495,-28.94917869567871,68.84298706054688,0.0019642256665974,42.891,8.315,0.61,0.0,0,0,1,,1.0,2026-03-16T10:15:13.274495,neutral,0.99,2026-03-16T10:15:11.476578,0.7083707135881243,2026-03-16T10:15:13.906000,56,,,errors=Solid line crossing
participant_17,2,day,Town10HD_Opt,2026-03-16 10:15:14.369757,-23.78750991821289,69.12405395507812,0.0019251251360401,45.509,-2.565,0.597,0.0,0,0,1,,1.0,2026-03-16T10:15:14.369757,neutral,0.995,2026-03-16T10:15:14.369757,0.6152393999623715,2026-03-16T10:15:14.940000,54,,,
participant_17,2,day,Town10HD_Opt,2026-03-16 10:15:15.398697,-18.356374740600582,69.4056396484375,0.0019378280267119,47.627,0.414,0.578,0.0,0,0,1,,1.0,2026-03-16T10:15:15.398697,neutral,0.995,2026-03-16T10:15:14.369757,0.5592996464194346,2026-03-16T10:15:15.930000,55,,,
participant_17,2,day,Town10HD_Opt,2026-03-16 10:15:16.480778,-12.73483943939209,69.69143676757812,0.0020144653972238,48.368,-1.396,0.438,0.0,0,0,1,,1.0,2026-03-16T10:15:16.480778,neutral,0.976,2026-03-16T10:15:16.480778,0.5388862482478239,2026-03-16T10:15:16.920000,55,,,
participant_17,2,day,Town10HD_Opt,2026-03-16 10:15:17.012307,-9.925484657287598,69.7778091430664,0.0020593260414898,47.981,-1.015,0.418,0.0,0,0,1,,1.0,2026-03-16T10:15:17.012307,neutral,0.976,2026-03-16T10:15:16.480778,0.5564279413663082,2026-03-16T10:15:17.910000,54,,,
participant_17,2,day,Town10HD_Opt,2026-03-16 10:15:18.110672,-4.395037651062012,69.84904479980469,0.0020958709064871,46.829,-0.496,0.392,0.0,0,0,1,,1.0,2026-03-16T10:15:18.110672,neutral,0.976,2026-03-16T10:15:16.480778,0.5081102192781937,2026-03-16T10:15:18.945000,58,,,
participant_17,2,day,Town10HD_Opt,2026-03-16 10:15:19.201083,0.984169900417328,69.82888793945312,0.0021128463558852,45.362,0.007,0.086,0.0,0,0,1,,1.0,2026-03-16T10:15:19.201083,neutral,0.977,2026-03-16T10:15:19.201083,0.5560070328366619,2026-03-16T10:15:19.935000,58,,,
participant_17,2,day,Town10HD_Opt,2026-03-16 10:15:20.251855,5.968416690826416,69.77863311767578,0.0023239897564053,39.574,-0.089,0.0,0.0,0,0,1,,1.0,2026-03-16T10:15:20.251855,neutral,0.977,2026-03-16T10:15:19.201083,0.5923272002982185,2026-03-16T10:15:20.926000,59,,,
participant_17,2,day,Town10HD_Opt,2026-03-16 10:15:21.392816,10.202300071716309,69.73403930664062,0.0023394774179905,33.332,0.228,0.0,0.0,0,0,1,,1.0,2026-03-16T10:15:21.392816,neutral,0.884,2026-03-16T10:15:21.392816,0.6279181677337641,2026-03-16T10:15:21.914000,58,,,
participant_17,2,day,Town10HD_Opt,2026-03-16 10:15:22.474773,13.76714038848877,69.70986938476562,0.0023026657290756,27.592,0.214,0.0,0.0,0,0,1,,1.0,2026-03-16T10:15:22.474773,neutral,0.884,2026-03-16T10:15:21.392816,0.5569193948050626,2026-03-16T10:15:22.950000,57,,,
participant_17,2,day,Town10HD_Opt,2026-03-16 10:15:23.038890,15.326683044433594,69.70360565185547,0.0022864914499223,25.591,0.012,0.0,0.0,0,0,1,,1.0,2026-03-16T10:15:23.038890,neutral,0.884,2026-03-16T10:15:21.392816,0.4893005336394106,2026-03-16T10:15:23.941000,56,,,
participant_17,2,day,Town10HD_Opt,2026-03-16 10:15:24.109049,18.04537582397461,69.69332122802734,0.0022577284835278,20.856,0.11,0.0,0.0,0,0,1,,1.0,2026-03-16T10:15:24.109049,neutral,0.999,2026-03-16T10:15:24.109049,0.5593896627843453,2026-03-16T10:15:24.930000,55,,,
participant_17,2,day,Town10HD_Opt,2026-03-16 10:15:25.224019,20.28670310974121,69.68799591064453,0.0020123289432376,17.615,0.096,0.0,0.0,0,0,1,,0.802,2026-03-16T10:15:25.224019,neutral,0.999,2026-03-16T10:15:24.109049,0.4981936896314399,2026-03-16T10:15:25.920000,56,,,
participant_17,2,day,Town10HD_Opt,2026-03-16 10:15:26.281992,22.178861618041992,69.68561553955078,0.002037315396592,14.873,0.219,0.0,0.0,0,0,1,,1.0,2026-03-16T10:15:26.281992,neutral,0.999,2026-03-16T10:15:26.281992,0.5840550576446815,2026-03-16T10:15:26.910000,57,,,
participant_17,2,day,Town10HD_Opt,2026-03-16 10:15:27.355742,23.76622200012207,69.68189239501953,0.0020359039772301,12.465,-0.296,0.112,0.0,0,0,1,,1.0,2026-03-16T10:15:27.355742,neutral,0.999,2026-03-16T10:15:26.281992,0.6125329204170102,2026-03-16T10:15:27.946000,58,,,
participant_17,2,day,Town10HD_Opt,2026-03-16 10:15:28.443433,25.26616096496582,69.65888214111328,0.0017651367234066,15.041,-3.598,0.923,0.0,0,0,1,,1.0,2026-03-16T10:15:28.443433,neutral,0.999,2026-03-16T10:15:28.443433,0.6001481029101281,2026-03-16T10:15:28.935000,59,,,
participant_17,2,day,Town10HD_Opt,2026-03-16 10:15:28.995140,26.267257690429688,69.60503387451172,0.0017791747814044,19.123,-5.742,0.759,0.0,0,0,1,,1.0,2026-03-16T10:15:28.995140,neutral,0.999,2026-03-16T10:15:28.443433,0.5155768246854828,2026-03-16T10:15:28.935000,58,,,errors=Stop sign violation
participant_17,2,day,Town10HD_Opt,2026-03-16 10:15:30.013893,28.71495819091797,69.33796691894531,0.0018368148012086,23.27,-6.196,0.418,0.0,0,0,1,,1.0,2026-03-16T10:15:30.013893,neutral,0.999,2026-03-16T10:15:28.443433,0.5042613019906933,2026-03-16T10:15:30.915000,60,,,
participant_17,2,day,Town10HD_Opt,2026-03-16 10:15:31.087283,31.397464752197266,68.73751068115234,0.0021116638090461,22.718,-21.93,0.077,0.0,0,0,1,,1.0,2026-03-16T10:15:31.087283,neutral,0.992,2026-03-16T10:15:31.087283,0.5245052600404793,2026-03-16T10:15:31.905000,61,,,
participant_17,2,day,Town10HD_Opt,2026-03-16 10:15:32.131974,33.59257888793945,67.65635681152344,0.0022263717837631,19.345,-15.376,0.0,0.0,0,0,1,,1.0,2026-03-16T10:15:32.131974,neutral,0.992,2026-03-16T10:15:31.087283,0.5464186893348927,2026-03-16T10:15:32.940000,61,,,
participant_17,2,day,Town10HD_Opt,2026-03-16 10:15:33.169341,35.297786712646484,66.3777847290039,0.0021192932035773,18.464,-18.513,0.897,0.0,0,0,1,,1.0,2026-03-16T10:15:33.169341,neutral,1.0,2026-03-16T10:15:33.169341,0.4523566532696863,2026-03-16T10:15:33.931000,59,,,
participant_17,2,day,Town10HD_Opt,2026-03-16 10:15:34.208622,36.98344802856445,64.43492126464844,0.0016768263885751,26.687,-15.642,0.907,0.0,0,0,1,,1.0,2026-03-16T10:15:34.208622,neutral,1.0,2026-03-16T10:15:33.169341,0.5348018632836206,2026-03-16T10:15:34.920000,62,,,
participant_17,2,day,Town10HD_Opt,2026-03-16 10:15:35.280270,38.81570053100586,61.26066589355469,0.0016406249487772,36.202,-12.777,0.807,0.0,0,0,1,,1.0,2026-03-16T10:15:35.280270,neutral,0.995,2026-03-16T10:15:35.280270,0.49277153620351,2026-03-16T10:15:35.910000,58,,,
participant_17,2,day,Town10HD_Opt,2026-03-16 10:15:36.400972,40.20001983642578,56.9514045715332,0.0017476653447374,41.779,-2.447,0.711,0.0,0,0,1,,1.0,2026-03-16T10:15:36.400972,neutral,0.995,2026-03-16T10:15:35.280270,0.489212827755637,2026-03-16T10:15:36.945000,58,,,
participant_17,2,day,Town10HD_Opt,2026-03-16 10:15:37.001872,40.80107498168945,54.52080535888672,0.0018211364513263,43.549,3.926,0.144,0.0,0,0,1,,0.854,2026-03-16T10:15:37.001872,neutral,0.995,2026-03-16T10:15:35.280270,0.4692327074953135,2026-03-16T10:15:36.945000,57,,,
participant_17,2,day,Town10HD_Opt,2026-03-16 10:15:38.059554,42.16289520263672,49.82212829589844,0.0022169875446707,39.659,-2.574,0.113,0.0,0,0,1,,0.873,2026-03-16T10:15:38.059554,neutral,0.995,2026-03-16T10:15:38.059554,0.4113484531335256,2026-03-16T10:15:38.925000,57,,,errors=Solid line crossing
participant_17,2,day,Town10HD_Opt,2026-03-16 10:15:39.163323,43.1912841796875,45.627197265625,0.0022992705926299,34.387,-2.956,0.237,0.0,0,0,1,,0.815,2026-03-16T10:15:39.163323,neutral,0.995,2026-03-16T10:15:38.059554,0.5007368342672898,2026-03-16T10:15:39.961000,57,,,
participant_17,2,day,Town10HD_Opt,2026-03-16 10:15:40.232824,43.88813018798828,41.82843780517578,0.0021229172125458,32.605,0.921,0.394,0.0,0,0,1,,1.0,2026-03-16T10:15:40.232824,neutral,0.985,2026-03-16T10:15:40.232824,0.5380970852423479,2026-03-16T10:15:40.905000,58,,,
participant_17,2,day,Town10HD_Opt,2026-03-16 10:15:41.293350,44.67282485961914,38.10722732543945,0.0020453261677175,32.67,6.26,0.401,0.0,0,0,1,,1.0,2026-03-16T10:15:41.293350,neutral,0.985,2026-03-16T10:15:40.232824,0.441843120157799,2026-03-16T10:15:41.985000,57,,,
participant_17,2,day,Town10HD_Opt,2026-03-16 10:15:42.371897,45.90821075439453,34.50998306274414,0.0020588682964444,32.524,9.401,0.381,0.0,0,0,1,,1.0,2026-03-16T10:15:42.371897,neutral,0.977,2026-03-16T10:15:42.371897,0.4717162530584583,2026-03-16T10:15:42.930000,58,,,
participant_17,2,day,Town10HD_Opt,2026-03-16 10:15:43.495428,47.82228469848633,31.31838607788086,0.0021425627637654,31.032,17.491,0.244,0.0,0,0,1,,0.861,2026-03-16T10:15:43.495428,neutral,0.977,2026-03-16T10:15:42.371897,0.483176700365875,2026-03-16T10:15:43.921000,56,,,
participant_17,2,day,Town10HD_Opt,2026-03-16 10:15:44.061555,49.05685806274414,30.03205680847168,0.0021749115549027,30.109,15.664,0.238,0.0,0,0,1,,1.0,2026-03-16T10:15:44.061555,neutral,0.977,2026-03-16T10:15:42.371897,0.4679576700582949,2026-03-16T10:15:44.910000,54,,,
participant_17,2,day,Town10HD_Opt,2026-03-16 10:15:45.087519,51.783573150634766,28.03029060363769,0.0021671294234693,28.051,11.385,0.238,0.0,0,0,1,,0.843,2026-03-16T10:15:45.087519,neutral,0.999,2026-03-16T10:15:45.087519,0.5131731472033487,2026-03-16T10:15:45.947000,55,,,
participant_17,2,day,Town10HD_Opt,2026-03-16 10:15:46.157979,54.63161087036133,26.6950912475586,0.0021638870239257,26.012,13.102,0.209,0.0,0,0,1,,1.0,2026-03-16T10:15:46.157979,neutral,0.999,2026-03-16T10:15:45.087519,0.4842480235005136,2026-03-16T10:15:46.936000,55,,,
participant_17,2,day,Town10HD_Opt,2026-03-16 10:15:47.230374,57.44674682617188,25.942630767822266,0.0021492766682058,24.051,5.151,0.207,0.0,0,0,1,,1.0,2026-03-16T10:15:47.230374,neutral,0.983,2026-03-16T10:15:47.230374,0.5436834139051805,2026-03-16T10:15:47.926000,55,,,
participant_17,2,day,Town10HD_Opt,2026-03-16 10:15:48.277144,60.079856872558594,25.42281723022461,0.0021742628887295,21.598,2.861,0.0,0.0,0,0,1,,0.869,2026-03-16T10:15:48.277144,neutral,0.983,2026-03-16T10:15:47.230374,0.4604115016200862,2026-03-16T10:15:48.915000,56,Solid line crossing,Solid line crossing,
participant_17,2,day,Town10HD_Opt,2026-03-16 10:15:49.343423,62.352664947509766,25.09833526611328,0.0021482086740434,17.74,8.611,0.0,0.0,0,0,1,,0.936,2026-03-16T10:15:49.343423,neutral,0.997,2026-03-16T10:15:49.343423,0.4648079851305878,2026-03-16T10:15:49.995000,57,,,
participant_17,2,day,Town10HD_Opt,2026-03-16 10:15:50.450712,64.28548431396484,25.00559425354004,0.0020312117412686,15.261,3.382,0.0,0.0,0,0,1,,0.803,2026-03-16T10:15:50.450712,neutral,0.997,2026-03-16T10:15:49.343423,0.4337909352591589,2026-03-16T10:15:50.940000,56,,,
participant_17,2,day,Town10HD_Opt,2026-03-16 10:15:51.011000,65.13453674316406,24.960657119750977,0.0020439147483557,13.963,-0.085,0.0,0.03,0,0,1,,1.0,2026-03-16T10:15:51.011000,neutral,0.997,2026-03-16T10:15:49.343423,0.4766836637494205,2026-03-16T10:15:50.940000,56,,,
participant_17,2,day,Town10HD_Opt,2026-03-16 10:15:52.061756,66.60345458984375,24.889169692993164,0.0020507050212472,11.056,1.92,0.0,0.127,0,0,1,,0.814,2026-03-16T10:15:52.061756,neutral,0.998,2026-03-16T10:15:52.061756,0.4442660805057859,2026-03-16T10:15:52.920000,56,,,
participant_17,2,day,Town10HD_Opt,2026-03-16 10:15:53.141623,67.76226806640625,24.854108810424805,0.002046852139756,8.669,1.92,0.0,0.169,0,0,1,,1.0,2026-03-16T10:15:53.141623,neutral,0.998,2026-03-16T10:15:52.061756,0.4201722439344749,2026-03-16T10:15:53.910000,54,,,
participant_17,2,day,Town10HD_Opt,2026-03-16 10:15:54.158621,68.6113510131836,24.837759017944336,0.0020560836419463,5.885,1.897,0.0,0.315,0,0,1,,1.0,2026-03-16T10:15:54.158621,neutral,0.997,2026-03-16T10:15:54.158621,0.4228748659492294,2026-03-16T10:15:54.945000,54,,,
participant_17,2,day,Town10HD_Opt,2026-03-16 10:15:55.182696,68.72112274169922,24.83580207824707,0.0020572280045598,0.0,1.897,0.0,0.354,0,0,1,,0.873,2026-03-16T10:15:55.182696,neutral,0.997,2026-03-16T10:15:54.158621,0.4632068884050317,2026-03-16T10:15:55.936000,56,,,
participant_17,2,day,Town10HD_Opt,2026-03-16 10:15:56.184782,68.72127532958984,24.835805892944336,0.0019341277657076,0.0,1.819,0.0,0.063,0,0,1,,1.0,2026-03-16T10:15:56.184782,neutral,0.991,2026-03-16T10:15:56.184782,0.3471113462204833,2026-03-16T10:15:56.926000,55,,,
participant_17,2,day,Town10HD_Opt,2026-03-16 10:15:57.278170,68.7212905883789,24.835805892944336,0.001920623704791,0.0,1.617,0.0,0.0,0,0,1,,1.0,2026-03-16T10:15:57.278170,neutral,0.991,2026-03-16T10:15:56.184782,0.3679507147288315,2026-03-16T10:15:57.916000,55,,,
participant_17,2,day,Town10HD_Opt,2026-03-16 10:15:58.287759,68.7212905883789,24.835805892944336,0.0019195937784388,0.0,1.636,0.0,0.0,0,0,1,,1.0,2026-03-16T10:15:58.287759,neutral,1.0,2026-03-16T10:15:58.287759,0.4039399967768677,2026-03-16T10:15:58.905000,56,,,
participant_17,2,day,Town10HD_Opt,2026-03-16 10:15:59.304274,68.7212905883789,24.835805892944336,0.0019195937784388,0.0,1.636,0.0,0.0,0,0,1,,1.0,2026-03-16T10:15:59.304274,neutral,1.0,2026-03-16T10:15:58.287759,0.4473104025467739,2026-03-16T10:15:59.941000,55,,,
participant_17,2,day,Town10HD_Opt,2026-03-16 10:16:00.322699,68.7212905883789,24.835805892944336,0.0019195937784388,0.0,1.636,0.0,0.0,0,0,1,,1.0,2026-03-16T10:16:00.322699,neutral,0.999,2026-03-16T10:16:00.322699,0.3668476628377178,2026-03-16T10:16:00.930000,55,,,
participant_17,2,day,Town10HD_Opt,2026-03-16 10:16:01.351648,68.7212905883789,24.835805892944336,0.0019195937784388,0.0,1.636,0.0,0.0,0,0,1,,1.0,2026-03-16T10:16:01.351648,neutral,0.999,2026-03-16T10:16:00.322699,0.404947676881859,2026-03-16T10:16:01.966000,54,,,
participant_17,2,day,Town10HD_Opt,2026-03-16 10:16:02.340808,68.7212905883789,24.835805892944336,0.0019195937784388,0.0,1.633,0.0,0.0,0,0,1,,0.867,2026-03-16T10:16:02.340808,angry,0.515,2026-03-16T10:16:02.340808,0.3835783539796915,2026-03-16T10:16:02.910000,52,,,
participant_17,2,day,Town10HD_Opt,2026-03-16 10:16:03.378185,68.7212905883789,24.835805892944336,0.0019195937784388,0.0,1.631,0.0,0.0,0,0,1,,0.874,2026-03-16T10:16:03.378185,angry,0.515,2026-03-16T10:16:02.340808,0.5060725073676109,2026-03-16T10:16:04.036000,52,,,
participant_17,2,day,Town10HD_Opt,2026-03-16 10:16:04.343798,68.7212905883789,24.835805892944336,0.0019195937784388,0.0,1.631,0.0,0.0,0,0,1,,0.854,2026-03-16T10:16:04.343798,neutral,1.0,2026-03-16T10:16:04.343798,0.4347354854713399,2026-03-16T10:16:04.936000,53,,,
participant_17,2,day,Town10HD_Opt,2026-03-16 10:16:05.324658,68.7212905883789,24.835805892944336,0.0019195937784388,0.0,1.64,0.0,0.0,0,0,1,,0.806,2026-03-16T10:16:05.324658,neutral,1.0,2026-03-16T10:16:04.343798,0.4174390808522835,2026-03-16T10:16:05.925000,53,,,
participant_17,2,day,Town10HD_Opt,2026-03-16 10:16:06.344003,68.7212905883789,24.835805892944336,0.0019195937784388,0.0,0.414,0.0,0.0,0,0,1,,1.0,2026-03-16T10:16:06.344003,neutral,0.996,2026-03-16T10:16:06.344003,0.4682145217818357,2026-03-16T10:16:06.916000,52,,,
participant_17,2,day,Town10HD_Opt,2026-03-16 10:16:07.365834,68.72075653076172,24.83563232421875,0.00192012777552,0.005,0.164,0.669,0.0,0,1,-1,,1.0,2026-03-16T10:16:07.365834,neutral,0.996,2026-03-16T10:16:06.344003,0.4599788389921876,2026-03-16T10:16:07.906000,52,,,
participant_17,2,day,Town10HD_Opt,2026-03-16 10:16:08.414848,68.47927856445312,24.84233665466309,0.0022307203616946,6.646,0.101,0.861,0.0,0,1,-1,,0.802,2026-03-16T10:16:08.414848,neutral,0.998,2026-03-16T10:16:08.414848,0.5612161539026995,2026-03-16T10:16:08.941000,52,,,
participant_17,2,day,Town10HD_Opt,2026-03-16 10:16:09.482354,67.48222351074219,24.868995666503903,0.0020513152703642,9.267,-0.016,0.0,0.0,0,1,-1,,1.0,2026-03-16T10:16:09.482354,neutral,0.998,2026-03-16T10:16:08.414848,0.4876167496592055,2026-03-16T10:16:09.931000,53,,,
participant_17,2,day,Town10HD_Opt,2026-03-16 10:16:10.018379,67.04710388183594,24.881139755249023,0.001626129145734,3.843,-0.167,0.0,0.0,0,0,1,,1.0,2026-03-16T10:16:10.018379,neutral,0.998,2026-03-16T10:16:08.414848,0.5145566413227257,2026-03-16T10:16:10.921000,52,,,
participant_17,2,day,Town10HD_Opt,2026-03-16 10:16:11.067759,66.9194564819336,24.87835693359375,0.0017766952514648,0.193,22.696,0.312,0.0,0,0,1,,1.0,2026-03-16T10:16:11.067759,neutral,0.875,2026-03-16T10:16:11.067759,0.4284986789277977,2026-03-16T10:16:11.911000,53,,,
participant_17,2,day,Town10HD_Opt,2026-03-16 10:16:12.098136,67.0040054321289,24.89682579040528,0.0017827986739575,2.241,32.313,0.42,0.0,0,0,1,,0.901,2026-03-16T10:16:12.098136,neutral,0.875,2026-03-16T10:16:11.067759,0.5030471240439496,2026-03-16T10:16:12.991000,52,,,
participant_17,2,day,Town10HD_Opt,2026-03-16 10:16:13.194956,67.47171020507812,25.00052261352539,0.0017475509084761,6.288,25.834,0.398,0.0,0,0,1,,1.0,2026-03-16T10:16:13.194956,neutral,0.904,2026-03-16T10:16:13.194956,0.5378612741548723,2026-03-16T10:16:13.936000,53,,,
participant_17,2,day,Town10HD_Opt,2026-03-16 10:16:14.220550,68.28400421142578,25.281763076782227,0.0017965316073969,8.872,32.607,0.387,0.0,0,0,1,,1.0,2026-03-16T10:16:14.220550,neutral,0.904,2026-03-16T10:16:13.194956,0.5488985731518776,2026-03-16T10:16:14.926000,52,,,
participant_17,2,day,Town10HD_Opt,2026-03-16 10:16:15.215383,69.31509399414062,25.83266830444336,0.001815948402509,11.267,22.32,0.291,0.0,0,0,1,,1.0,2026-03-16T10:16:15.215383,neutral,0.514,2026-03-16T10:16:15.215383,0.543744625653152,2026-03-16T10:16:15.916000,53,,,
participant_17,2,day,Town10HD_Opt,2026-03-16 10:16:16.267569,70.53335571289062,26.508230209350582,0.0018633651779964,12.498,9.633,0.243,0.0,0,0,1,,1.0,2026-03-16T10:16:16.267569,neutral,0.514,2026-03-16T10:16:15.215383,0.6000969863680631,2026-03-16T10:16:17.041000,54,,,
participant_17,2,day,Town10HD_Opt,2026-03-16 10:16:17.315340,71.82527923583984,27.24282455444336,0.0018929671496152,13.0,-12.876,0.241,0.0,0,0,1,,1.0,2026-03-16T10:16:17.315340,neutral,0.976,2026-03-16T10:16:17.315340,0.5603035058781287,2026-03-16T10:16:17.941000,54,,,
participant_17,2,day,Town10HD_Opt,2026-03-16 10:16:18.414371,73.2822494506836,27.69487762451172,0.0018983840709552,13.573,-16.607,0.31,0.0,0,0,1,,1.0,2026-03-16T10:16:18.414371,neutral,0.976,2026-03-16T10:16:17.315340,0.5704982759780306,2026-03-16T10:16:18.931000,54,,,
participant_17,2,day,Town10HD_Opt,2026-03-16 10:16:19.471223,74.8793716430664,28.06855583190918,0.001910591032356,13.891,-9.004,0.0,0.0,0,0,1,,0.802,2026-03-16T10:16:19.471223,neutral,0.929,2026-03-16T10:16:19.471223,0.601519946281885,2026-03-16T10:16:19.920000,53,,,
participant_17,2,day,Town10HD_Opt,2026-03-16 10:16:20.100740,75.65402221679688,28.20743179321289,0.0019911956042051,12.971,-12.279,0.0,0.0,0,0,1,,1.0,2026-03-16T10:16:20.100740,neutral,0.929,2026-03-16T10:16:19.471223,0.6342732543010295,2026-03-16T10:16:20.911000,54,,,
participant_17,2,day,Town10HD_Opt,2026-03-16 10:16:21.281477,77.0289077758789,28.322895050048828,0.0020266340579837,10.59,-10.086,0.0,0.08,0,0,1,,1.0,2026-03-16T10:16:21.281477,neutral,0.929,2026-03-16T10:16:19.471223,0.56901479869409,2026-03-16T10:16:21.947000,56,,,
participant_17,2,day,Town10HD_Opt,2026-03-16 10:16:22.396138,78.141845703125,28.358720779418945,0.0020389556884765,8.131,-6.865,0.0,0.183,0,0,1,,1.0,2026-03-16T10:16:22.396138,neutral,0.989,2026-03-16T10:16:22.396138,0.6396599928713932,2026-03-16T10:16:22.935000,54,,,
participant_17,2,day,Town10HD_Opt,2026-03-16 10:16:23.453265,78.96074676513672,28.36716651916504,0.002043189946562,5.592,-5.87,0.0,0.149,0,0,1,,1.0,2026-03-16T10:16:23.453265,neutral,0.989,2026-03-16T10:16:22.396138,0.6413229819983304,2026-03-16T10:16:23.926000,54,,,
participant_17,2,day,Town10HD_Opt,2026-03-16 10:16:24.030555,79.09420013427734,28.367143630981445,0.0023611448705196,0.001,-5.87,0.0,0.144,0,0,1,,0.801,2026-03-16T10:16:24.030555,neutral,0.989,2026-03-16T10:16:22.396138,0.646668159752341,2026-03-16T10:16:24.916000,53,,,
participant_17,2,day,Town10HD_Opt,2026-03-16 10:16:25.052565,79.09468078613281,28.367094039916992,0.0019733810331672,0.0,-2.697,0.0,0.104,0,0,1,,1.0,2026-03-16T10:16:25.052565,neutral,0.993,2026-03-16T10:16:25.052565,0.5941161642697722,2026-03-16T10:16:25.950000,53,,,
participant_17,2,day,Town10HD_Opt,2026-03-16 10:16:26.042751,79.09474182128906,28.36708641052246,0.0019249343313276,0.0,0.068,0.0,0.04,0,0,1,,1.0,2026-03-16T10:16:26.042751,neutral,0.993,2026-03-16T10:16:25.052565,0.6100150052736372,2026-03-16T10:16:26.941000,55,,,
participant_17,2,day,Town10HD_Opt,2026-03-16 10:16:27.102292,79.0947494506836,28.36708641052246,0.0019195937784388,0.0,-0.841,0.0,0.03,0,0,1,,1.0,2026-03-16T10:16:27.102292,neutral,0.963,2026-03-16T10:16:27.102292,0.6245471798050409,2026-03-16T10:16:27.930000,55,,,
participant_17,2,day,Town10HD_Opt,2026-03-16 10:16:28.122999,79.0947494506836,28.36708641052246,0.0019195937784388,0.0,-0.862,0.0,0.026,0,0,1,,0.813,2026-03-16T10:16:28.122999,neutral,0.963,2026-03-16T10:16:27.102292,0.6348868825504022,2026-03-16T10:16:28.921000,55,,,
participant_17,2,day,Town10HD_Opt,2026-03-16 10:16:29.121853,79.0947494506836,28.36708641052246,0.0019195937784388,0.0,-0.881,0.0,0.0,0,0,1,,0.854,2026-03-16T10:16:29.121853,neutral,0.946,2026-03-16T10:16:29.121853,0.6300945018878664,2026-03-16T10:16:29.911000,55,,,
participant_17,2,day,Town10HD_Opt,2026-03-16 10:16:30.076220,79.0947494506836,28.36708641052246,0.0019195937784388,0.0,-0.914,0.0,0.0,0,0,1,,0.804,2026-03-16T10:16:30.076220,neutral,0.946,2026-03-16T10:16:29.121853,0.6475459144634601,2026-03-16T10:16:29.911000,55,,,
participant_17,2,day,Town10HD_Opt,2026-03-16 10:16:31.088778,79.0947494506836,28.36708641052246,0.0019195937784388,0.0,-0.914,0.0,0.0,0,0,1,,1.0,2026-03-16T10:16:31.088778,neutral,0.946,2026-03-16T10:16:29.121853,0.6545058259160494,2026-03-16T10:16:31.936000,53,,,
participant_17,2,day,Town10HD_Opt,2026-03-16 10:16:32.071721,79.0947494506836,28.36708641052246,0.0019195937784388,0.0,-0.942,0.0,0.0,0,0,1,,0.806,2026-03-16T10:16:32.071721,neutral,0.998,2026-03-16T10:16:32.071721,0.6085123524260404,2026-03-16T10:16:32.926000,54,,,
participant_17,2,day,Town10HD_Opt,2026-03-16 10:16:33.123298,79.0947494506836,28.36708641052246,0.0019195937784388,0.0,-0.954,0.0,0.0,0,0,1,,1.0,2026-03-16T10:16:33.123298,neutral,0.998,2026-03-16T10:16:32.071721,0.6717771761840463,2026-03-16T10:16:33.916000,55,,,
participant_17,2,day,Town10HD_Opt,2026-03-16 10:16:34.121774,79.0947494506836,28.36708641052246,0.0019195937784388,0.0,-0.954,0.0,0.0,0,0,1,,1.0,2026-03-16T10:16:34.121774,neutral,0.985,2026-03-16T10:16:34.121774,0.6482114765757068,2026-03-16T10:16:34.951000,56,,,
participant_17,2,day,Town10HD_Opt,2026-03-16 10:16:35.147410,79.0947494506836,28.36708641052246,0.0019195937784388,0.0,-0.978,0.0,0.0,0,0,1,,1.0,2026-03-16T10:16:35.147410,neutral,0.985,2026-03-16T10:16:34.121774,0.7202802666157126,2026-03-16T10:16:35.940000,55,Solid line crossing,Solid line crossing,
participant_17,2,day,Town10HD_Opt,2026-03-16 10:16:36.156890,79.0947494506836,28.36708641052246,0.0019195937784388,0.0,-0.971,0.0,0.0,0,0,1,,1.0,2026-03-16T10:16:36.156890,neutral,0.981,2026-03-16T10:16:36.156890,0.663360554433917,2026-03-16T10:16:36.931000,54,,,
participant_17,2,day,Town10HD_Opt,2026-03-16 10:16:37.230350,79.0947494506836,28.36708641052246,0.0019195937784388,0.0,-1.283,0.0,0.0,0,0,1,,1.0,2026-03-16T10:16:37.230350,neutral,0.981,2026-03-16T10:16:36.156890,0.6367970587409797,2026-03-16T10:16:37.921000,52,,,
participant_17,2,day,Town10HD_Opt,2026-03-16 10:16:38.333998,79.0947494506836,28.36708641052246,0.0019195937784388,0.0,-3.026,0.0,0.0,0,0,1,,1.0,2026-03-16T10:16:38.333998,neutral,0.995,2026-03-16T10:16:38.333998,0.6650725308953667,2026-03-16T10:16:38.956000,54,,,
participant_17,2,day,Town10HD_Opt,2026-03-16 10:16:39.368331,79.0947494506836,28.36708641052246,0.0019195937784388,0.0,-3.222,0.0,0.0,0,0,1,,0.83,2026-03-16T10:16:39.368331,neutral,0.995,2026-03-16T10:16:38.333998,0.7273826663620281,2026-03-16T10:16:39.946000,54,,,
participant_17,2,day,Town10HD_Opt,2026-03-16 10:16:40.383812,79.0947494506836,28.36708641052246,0.0019195937784388,0.0,-3.523,0.0,0.0,0,0,1,,1.0,2026-03-16T10:16:40.383812,neutral,0.993,2026-03-16T10:16:40.383812,0.7755725106636251,2026-03-16T10:16:40.936000,54,,,
participant_17,2,day,Town10HD_Opt,2026-03-16 10:16:41.424884,79.0947494506836,28.36708641052246,0.0019195937784388,0.0,-3.523,0.0,0.0,0,0,1,,1.0,2026-03-16T10:16:41.424884,neutral,0.993,2026-03-16T10:16:40.383812,0.7095483618677406,,54,,,
participant_17,2,day,Town10HD_Opt,2026-03-16 10:16:42.441707,79.0947494506836,28.36708641052246,0.0019195937784388,0.0,-3.523,0.0,0.0,0,0,1,,1.0,2026-03-16T10:16:42.441707,neutral,0.997,2026-03-16T10:16:42.441707,0.7330689381515791,2026-03-16T10:16:42.961000,54,,,
participant_17,2,day,Town10HD_Opt,2026-03-16 10:16:43.473631,79.0947494506836,28.36708641052246,0.0019195937784388,0.0,-3.674,0.0,0.0,0,0,1,,0.868,2026-03-16T10:16:43.473631,neutral,0.997,2026-03-16T10:16:42.441707,0.637134288943561,2026-03-16T10:16:43.951000,54,,,
participant_17,2,day,Town10HD_Opt,2026-03-16 10:16:43.991796,79.0947494506836,28.36708641052246,0.0019195937784388,0.0,-4.325,0.0,0.0,0,0,1,,1.0,2026-03-16T10:16:43.991796,neutral,0.997,2026-03-16T10:16:42.441707,0.6945485903004034,2026-03-16T10:16:43.951000,54,,,
participant_17,2,day,Town10HD_Opt,2026-03-16 10:16:45.467830,79.0947494506836,28.36708641052246,0.0019195937784388,0.0,-4.383,0.0,0.0,0,0,1,,0.811,2026-03-16T10:16:45.467830,neutral,0.999,2026-03-16T10:16:45.467830,0.7118303905716292,2026-03-16T10:16:45.932000,52,,,
participant_17,2,day,Town10HD_Opt,2026-03-16 10:16:46.448236,79.0947494506836,28.36708641052246,0.0019195937784388,0.0,-4.383,0.0,0.0,0,0,1,,1.0,2026-03-16T10:16:46.448236,neutral,0.999,2026-03-16T10:16:45.467830,0.7067703135146998,2026-03-16T10:16:46.921000,51,,,
participant_17,2,day,Town10HD_Opt,2026-03-16 10:16:47.467632,79.0947494506836,28.36708641052246,0.0019195937784388,0.0,-4.383,0.0,0.0,0,0,1,,0.853,2026-03-16T10:16:47.467632,neutral,0.999,2026-03-16T10:16:45.467830,0.6474075371177953,2026-03-16T10:16:47.956000,51,,,
participant_17,2,day,Town10HD_Opt,2026-03-16 10:16:48.015823,79.0947494506836,28.36708641052246,0.0019195937784388,0.0,-4.383,0.0,0.0,0,0,1,,0.802,2026-03-16T10:16:48.015823,neutral,0.995,2026-03-16T10:16:48.015823,0.667309555836065,2026-03-16T10:16:47.956000,51,,,
participant_17,2,day,Town10HD_Opt,2026-03-16 10:16:49.008112,79.0947494506836,28.36708641052246,0.0019195937784388,0.0,-4.407,0.0,0.0,0,0,1,,1.0,2026-03-16T10:16:49.008112,neutral,0.995,2026-03-16T10:16:48.015823,0.6440658451956329,2026-03-16T10:16:48.948000,51,,,
participant_17,2,day,Town10HD_Opt,2026-03-16 10:16:50.035781,79.0947494506836,28.36708641052246,0.0019195937784388,0.0,-4.419,0.0,0.0,0,0,1,,1.0,2026-03-16T10:16:50.035781,neutral,0.997,2026-03-16T10:16:50.035781,0.6977321765239566,2026-03-16T10:16:50.927000,52,,,
participant_17,2,day,Town10HD_Opt,2026-03-16 10:16:51.010180,79.0947494506836,28.36708641052246,0.0019195937784388,0.0,-4.419,0.0,0.0,0,0,1,,1.0,2026-03-16T10:16:51.010180,neutral,0.997,2026-03-16T10:16:50.035781,0.662844798721974,2026-03-16T10:16:51.916000,53,,,
participant_17,2,day,Town10HD_Opt,2026-03-16 10:16:52.047388,79.0947494506836,28.36708641052246,0.0019195937784388,0.0,-5.744,0.0,0.0,0,0,1,,1.0,2026-03-16T10:16:52.047388,neutral,0.998,2026-03-16T10:16:52.047388,0.7239962124204055,2026-03-16T10:16:51.916000,54,,,
participant_17,2,day,Town10HD_Opt,2026-03-16 10:16:53.064558,79.0947494506836,28.36708641052246,0.0019195937784388,0.0,-6.348,0.0,0.0,0,0,1,,0.867,2026-03-16T10:16:53.064558,neutral,0.998,2026-03-16T10:16:52.047388,0.6264872073793072,2026-03-16T10:16:53.045000,56,,,
participant_17,2,day,Town10HD_Opt,2026-03-16 10:16:54.066612,79.0947494506836,28.36708641052246,0.0019195937784388,0.0,-6.35,0.0,0.0,0,0,1,,0.938,2026-03-16T10:16:54.066612,neutral,0.996,2026-03-16T10:16:54.066612,0.7247034731661303,2026-03-16T10:16:54.977000,53,,,
participant_17,2,day,Town10HD_Opt,2026-03-16 10:16:55.054488,79.0947494506836,28.36708641052246,0.0019195937784388,0.0,-6.469,0.0,0.0,0,0,1,,0.825,2026-03-16T10:16:55.054488,neutral,0.996,2026-03-16T10:16:54.066612,0.631543888161374,2026-03-16T10:16:55.922000,53,,,
participant_17,2,day,Town10HD_Opt,2026-03-16 10:16:56.061963,79.0947494506836,28.36708641052246,0.0019195937784388,0.0,-6.488,0.0,0.0,0,0,1,,1.0,2026-03-16T10:16:56.061963,neutral,0.996,2026-03-16T10:16:54.066612,0.7796895650354461,2026-03-16T10:16:56.912000,53,,,
participant_17,2,day,Town10HD_Opt,2026-03-16 10:16:57.095640,79.0947494506836,28.36708641052246,0.0019195937784388,0.0,-6.49,0.0,0.0,0,0,1,,1.0,2026-03-16T10:16:57.095640,neutral,0.993,2026-03-16T10:16:57.095640,0.7180687559255176,2026-03-16T10:16:57.949000,53,,,
participant_17,2,day,Town10HD_Opt,2026-03-16 10:16:58.082581,79.0947494506836,28.36708641052246,0.0019195937784388,0.0,-6.511,0.0,0.0,0,0,1,,0.851,2026-03-16T10:16:58.082581,neutral,0.993,2026-03-16T10:16:57.095640,0.7390086410161787,2026-03-16T10:16:58.937000,54,,,
participant_17,2,day,Town10HD_Opt,2026-03-16 10:16:59.066219,79.0947494506836,28.36708641052246,0.0019195937784388,0.0,-6.547,0.0,0.0,0,0,1,,1.0,2026-03-16T10:16:59.066219,neutral,0.993,2026-03-16T10:16:57.095640,0.7421030695987327,2026-03-16T10:16:59.927000,56,,,
participant_17,2,day,Town10HD_Opt,2026-03-16 10:17:00.097111,79.0947494506836,28.36708641052246,0.0019195937784388,0.0,-6.682,0.0,0.0,0,0,1,,1.0,2026-03-16T10:17:00.097111,neutral,0.982,2026-03-16T10:17:00.097111,0.8706607429768662,2026-03-16T10:17:00.916000,52,,,
participant_17,2,day,Town10HD_Opt,2026-03-16 10:17:01.113125,79.0947494506836,28.36708641052246,0.0019195937784388,0.0,-6.682,0.0,0.0,0,0,1,,0.822,2026-03-16T10:17:01.113125,neutral,0.982,2026-03-16T10:17:00.097111,0.7557374717997466,2026-03-16T10:17:01.951000,53,,,
participant_17,2,day,Town10HD_Opt,2026-03-16 10:17:02.109181,79.0947494506836,28.36708641052246,0.0019195937784388,0.0,-7.487,0.0,0.0,0,0,1,,1.0,2026-03-16T10:17:02.109181,neutral,0.997,2026-03-16T10:17:02.109181,0.7937643888940157,2026-03-16T10:17:02.941000,55,,,
participant_17,2,day,Town10HD_Opt,2026-03-16 10:17:03.156642,79.09563446044922,28.36704444885254,0.0019126510014757,0.226,-11.776,0.156,0.0,0,0,1,,1.0,2026-03-16T10:17:03.156642,neutral,0.997,2026-03-16T10:17:02.109181,0.8033129239524621,2026-03-16T10:17:03.932000,54,,,
participant_17,2,day,Town10HD_Opt,2026-03-16 10:17:04.191903,79.222900390625,28.35843849182129,0.0017943572020158,2.464,-13.168,0.0,0.0,0,0,1,,1.0,2026-03-16T10:17:04.191903,neutral,0.977,2026-03-16T10:17:04.191903,0.745279904668941,2026-03-16T10:17:04.921000,55,Vehicle-pedestrian collision,Vehicle-pedestrian collision,
participant_17,2,day,Town10HD_Opt,2026-03-16 10:17:05.281282,79.52326965332031,28.341466903686523,0.0018542861798778,3.361,-9.196,0.42,0.0,0,0,1,,1.0,2026-03-16T10:17:05.281282,neutral,0.977,2026-03-16T10:17:04.191903,0.8357550748433247,2026-03-16T10:17:05.912000,55,,,
participant_17,2,day,Town10HD_Opt,2026-03-16 10:17:06.369388,80.27751922607422,28.256553649902344,0.0015074538532644,11.275,-13.387,1.0,0.0,0,0,1,,1.0,2026-03-16T10:17:06.369388,neutral,0.998,2026-03-16T10:17:06.369388,0.6922318008759095,2026-03-16T10:17:06.947000,54,,,
participant_17,2,day,Town10HD_Opt,2026-03-16 10:17:07.406515,82.17769622802734,27.952754974365234,0.0017345427768304,20.479,-6.796,0.857,0.0,0,0,1,,1.0,2026-03-16T10:17:07.406515,neutral,0.998,2026-03-16T10:17:06.369388,0.762005906117731,2026-03-16T10:17:07.936000,55,,,
participant_17,2,day,Town10HD_Opt,2026-03-16 10:17:08.117612,83.4516372680664,27.705211639404297,0.0017201614100486,23.995,-4.964,0.799,0.0,0,0,1,,1.0,2026-03-16T10:17:08.117612,neutral,0.998,2026-03-16T10:17:06.369388,0.7729689334090091,2026-03-16T10:17:08.926000,55,,,
participant_17,2,day,Town10HD_Opt,2026-03-16 10:17:09.158731,86.59052276611328,26.9233512878418,0.0016950988210737,31.179,-5.302,0.769,0.0,0,0,1,,0.801,2026-03-16T10:17:09.158731,neutral,0.997,2026-03-16T10:17:09.158731,0.7662482327118039,2026-03-16T10:17:09.916000,54,,,
participant_17,2,day,Town10HD_Opt,2026-03-16 10:17:10.200488,90.4105224609375,25.597246170043945,0.0017206573393195,37.845,-7.927,0.774,0.0,0,0,1,,1.0,2026-03-16T10:17:10.200488,neutral,0.997,2026-03-16T10:17:09.158731,0.7513749302674884,2026-03-16T10:17:10.952000,53,,,
participant_17,2,day,Town10HD_Opt,2026-03-16 10:17:11.273760,94.51419067382812,23.28836441040039,0.0018061065347865,43.152,-12.013,0.636,0.0,0,0,1,,1.0,2026-03-16T10:17:11.273760,neutral,0.979,2026-03-16T10:17:11.273760,0.7295138819240119,2026-03-16T10:17:11.942000,54,,,
participant_17,2,day,Town10HD_Opt,2026-03-16 10:17:12.378631,98.19883728027344,19.94652557373047,0.002196388086304,40.515,-2.631,0.0,0.0,0,0,1,,1.0,2026-03-16T10:17:12.378631,neutral,0.979,2026-03-16T10:17:11.273760,0.7771249238788861,2026-03-16T10:17:12.931000,54,,,
participant_17,2,day,Town10HD_Opt,2026-03-16 10:17:13.464250,101.11277770996094,16.72182273864746,0.0023260116577148,34.379,-5.941,0.217,0.0,0,0,1,,0.839,2026-03-16T10:17:13.464250,neutral,0.999,2026-03-16T10:17:13.464250,0.7464026815171071,2026-03-16T10:17:13.966000,53,,,
participant_17,2,day,Town10HD_Opt,2026-03-16 10:17:14.003694,102.29367065429688,15.166020393371582,0.0022280502598732,33.159,-9.966,0.926,0.0,0,0,1,,1.0,2026-03-16T10:17:14.003694,neutral,0.999,2026-03-16T10:17:13.464250,0.7645113758435422,2026-03-16T10:17:13.966000,54,,,
participant_17,2,day,Town10HD_Opt,2026-03-16 10:17:15.047037,104.4099578857422,11.469654083251951,0.0016815566923469,41.795,-3.867,1.0,0.0,0,0,1,,0.921,2026-03-16T10:17:15.047037,neutral,0.999,2026-03-16T10:17:13.464250,0.7929284119283305,2026-03-16T10:17:14.958000,53,Stop sign violation,stop_sign_id=1300,
participant_17,2,day,Town10HD_Opt,2026-03-16 10:17:16.040482,106.59395599365234,6.578831195831299,0.0015789413591846,50.577,-7.23,0.0,0.0,0,0,1,,1.0,2026-03-16T10:17:16.040482,neutral,0.998,2026-03-16T10:17:16.040482,0.6853754581680768,2026-03-16T10:17:16.937000,53,,,
participant_17,2,day,Town10HD_Opt,2026-03-16 10:17:17.108895,108.11331176757812,0.8699967861175537,0.0021678160410374,48.598,-7.767,0.879,0.0,0,0,1,,1.0,2026-03-16T10:17:17.108895,neutral,0.998,2026-03-16T10:17:16.040482,0.7592537694849689,2026-03-16T10:17:17.927000,57,,,
participant_17,2,day,Town10HD_Opt,2026-03-16 10:17:18.121354,108.50082397460938,-4.939001560211182,0.0019519042689353,50.934,-0.484,0.0,0.0,0,0,1,,1.0,2026-03-16T10:17:18.121354,neutral,0.99,2026-03-16T10:17:18.121354,0.7401486765928743,2026-03-16T10:17:18.917000,57,,,
participant_17,2,day,Town10HD_Opt,2026-03-16 10:17:19.138452,108.58292388916016,-10.680913925170898,0.0020457075443118,49.332,-1.394,0.698,0.0,0,0,1,,1.0,2026-03-16T10:17:19.138452,neutral,0.99,2026-03-16T10:17:18.121354,0.724484055227469,2026-03-16T10:17:19.997000,56,,,
participant_17,2,day,Town10HD_Opt,2026-03-16 10:17:20.184038,108.46358489990234,-16.548358917236328,0.0021023559384047,49.027,-2.44,0.653,0.0,0,0,1,,1.0,2026-03-16T10:17:20.184038,neutral,0.998,2026-03-16T10:17:20.184038,0.7454408659163976,2026-03-16T10:17:20.942000,56,,,
participant_17,2,day,Town10HD_Opt,2026-03-16 10:17:21.200855,108.00820922851562,-22.2571964263916,0.001994171179831,49.893,-2.965,0.645,0.0,0,0,1,,1.0,2026-03-16T10:17:21.200855,neutral,0.998,2026-03-16T10:17:20.184038,0.7360506419265165,2026-03-16T10:17:21.932000,55,,,
participant_17,2,day,Town10HD_Opt,2026-03-16 10:17:22.239463,107.16712951660156,-28.05910301208496,0.0021489334758371,48.837,-3.224,0.635,0.0,0,0,1,,1.0,2026-03-16T10:17:22.239463,neutral,0.999,2026-03-16T10:17:22.239463,0.7711254754263337,2026-03-16T10:17:22.922000,54,,,
participant_17,2,day,Town10HD_Opt,2026-03-16 10:17:23.320865,105.88250732421876,-33.60690689086914,0.001996879465878,49.618,-5.328,0.63,0.0,0,0,1,,1.0,2026-03-16T10:17:23.320865,neutral,0.999,2026-03-16T10:17:22.239463,0.7817630191615615,2026-03-16T10:17:23.912000,55,,,
participant_17,2,day,Town10HD_Opt,2026-03-16 10:17:24.387099,103.8885726928711,-39.13246154785156,0.0020825958345085,49.311,-5.976,0.63,0.0,0,0,1,,1.0,2026-03-16T10:17:24.387099,neutral,0.905,2026-03-16T10:17:24.387099,0.7626232656618871,2026-03-16T10:17:24.992000,54,,,
participant_17,2,day,Town10HD_Opt,2026-03-16 10:17:25.399659,101.1502456665039,-44.15260696411133,0.0020225525368005,49.595,-7.665,0.63,0.0,0,0,1,,1.0,2026-03-16T10:17:25.399659,neutral,0.905,2026-03-16T10:17:24.387099,0.7284871485591434,2026-03-16T10:17:25.938000,56,,,
participant_17,2,day,Town10HD_Opt,2026-03-16 10:17:26.400691,97.53268432617188,-48.78076171875,0.0020822142250835,49.369,-0.677,0.628,0.0,0,0,1,,1.0,2026-03-16T10:17:26.400691,neutral,0.998,2026-03-16T10:17:26.400691,0.7556184363528867,2026-03-16T10:17:26.927000,56,,,
participant_17,2,day,Town10HD_Opt,2026-03-16 10:17:27.403806,93.69612121582033,-53.06841278076172,0.0020135878585278,49.87,-5.817,0.611,0.0,0,0,1,,1.0,2026-03-16T10:17:27.403806,neutral,0.998,2026-03-16T10:17:26.400691,0.6863956866494977,2026-03-16T10:17:27.917000,54,,,
participant_17,2,day,Town10HD_Opt,2026-03-16 10:17:28.423325,89.29255676269531,-56.91993713378906,0.0021301268134266,49.028,-4.945,0.609,0.0,0,0,1,,1.0,2026-03-16T10:17:28.423325,neutral,0.999,2026-03-16T10:17:28.423325,0.7921231741908749,2026-03-16T10:17:28.997000,56,,,
participant_17,2,day,Town10HD_Opt,2026-03-16 10:17:29.414344,84.51953125,-60.03876495361328,0.0020136260427534,49.489,-5.612,0.603,0.0,0,0,1,,1.0,2026-03-16T10:17:29.414344,neutral,0.999,2026-03-16T10:17:28.423325,0.7755285175475183,2026-03-16T10:17:29.942000,56,,,
participant_17,2,day,Town10HD_Opt,2026-03-16 10:17:30.422121,79.17391204833984,-62.41316604614258,0.0020068360026925,50.412,-8.048,0.597,0.0,0,0,1,,1.0,2026-03-16T10:17:30.422121,neutral,0.999,2026-03-16T10:17:28.423325,0.7668070170738832,2026-03-16T10:17:30.932000,55,,,
participant_17,2,day,Town10HD_Opt,2026-03-16 10:17:31.454127,73.57475280761719,-63.69050216674805,0.002055206336081,49.327,-5.46,0.586,0.0,0,0,1,,0.846,2026-03-16T10:17:31.454127,neutral,1.0,2026-03-16T10:17:31.454127,0.7343406029767983,2026-03-16T10:17:31.922000,54,,,
participant_17,2,day,Town10HD_Opt,2026-03-16 10:17:32.023527,70.69091033935547,-63.97627639770508,0.002000655978918,50.037,-3.153,0.586,0.0,0,0,1,,1.0,2026-03-16T10:17:32.023527,neutral,1.0,2026-03-16T10:17:31.454127,0.8174854267051301,2026-03-16T10:17:32.912000,54,,,
participant_17,2,day,Town10HD_Opt,2026-03-16 10:17:33.073013,64.85208129882812,-64.17053985595703,0.0021174622233957,49.168,-0.369,0.585,0.0,0,0,1,,1.0,2026-03-16T10:17:33.073013,neutral,1.0,2026-03-16T10:17:31.454127,0.8161720250917383,2026-03-16T10:17:32.912000,55,,,
participant_17,2,day,Town10HD_Opt,2026-03-16 10:17:34.101182,59.07602310180664,-64.22038269042969,0.0019971083384007,50.144,0.11,0.586,0.0,0,0,1,,1.0,2026-03-16T10:17:34.101182,neutral,0.997,2026-03-16T10:17:34.101182,0.7733426346363913,2026-03-16T10:17:34.937000,55,,,
participant_17,2,day,Town10HD_Opt,2026-03-16 10:17:35.143148,53.24440383911133,-64.25114440917969,0.0021139525342732,49.115,-0.719,0.586,0.0,0,0,1,,1.0,2026-03-16T10:17:35.143148,neutral,0.997,2026-03-16T10:17:34.101182,0.6925242711265575,2026-03-16T10:17:35.927000,55,,,
participant_17,2,day,Town10HD_Opt,2026-03-16 10:17:36.196842,47.45991134643555,-64.22490692138672,0.0019920729100704,50.249,1.036,0.585,0.0,0,0,1,,1.0,2026-03-16T10:17:36.196842,neutral,1.0,2026-03-16T10:17:36.196842,0.7107070555425282,2026-03-16T10:17:36.917000,54,,,
participant_17,2,day,Town10HD_Opt,2026-03-16 10:17:37.193102,41.64223098754883,-64.26464080810547,0.0021060181315988,49.087,-0.733,0.571,0.0,0,0,1,,1.0,2026-03-16T10:17:37.193102,neutral,1.0,2026-03-16T10:17:36.196842,0.7583578104541254,2026-03-16T10:17:37.953000,55,,,
participant_17,2,day,Town10HD_Opt,2026-03-16 10:17:38.213497,35.91079330444336,-64.26063537597656,0.0020682143513113,48.859,0.858,0.416,0.0,0,0,1,,1.0,2026-03-16T10:17:38.213497,neutral,0.999,2026-03-16T10:17:38.213497,0.7154503883626133,2026-03-16T10:17:38.942000,54,,,
participant_17,2,day,Town10HD_Opt,2026-03-16 10:17:39.239731,30.28704261779785,-64.29861450195312,0.0021075056865811,47.498,-0.341,0.39,0.0,0,0,1,,1.0,2026-03-16T10:17:39.239731,neutral,0.999,2026-03-16T10:17:38.213497,0.7706161709377143,2026-03-16T10:17:39.933000,53,,,
participant_17,2,day,Town10HD_Opt,2026-03-16 10:17:40.285072,24.84038734436035,-64.35065460205078,0.0021187209058552,45.783,-0.181,0.385,0.0,0,0,1,,1.0,2026-03-16T10:17:40.285072,neutral,1.0,2026-03-16T10:17:40.285072,0.664448871169772,2026-03-16T10:17:40.922000,52,,,
participant_17,2,day,Town10HD_Opt,2026-03-16 10:17:41.306290,19.5744571685791,-64.37261962890625,0.0021151732653379,44.416,-0.085,0.383,0.0,0,0,1,,1.0,2026-03-16T10:17:41.306290,neutral,1.0,2026-03-16T10:17:40.285072,0.6541724662718974,2026-03-16T10:17:41.959000,52,,,
participant_17,2,day,Town10HD_Opt,2026-03-16 10:17:42.310869,14.47490406036377,-64.39280700683594,0.0021091080270707,43.055,0.2,0.381,0.0,0,0,1,,1.0,2026-03-16T10:17:42.310869,neutral,0.981,2026-03-16T10:17:42.310869,0.7916679902846466,2026-03-16T10:17:43.038000,53,,,
participant_17,2,day,Town10HD_Opt,2026-03-16 10:17:43.348935,9.531293869018556,-64.43547058105469,0.0021133041009306,41.647,-0.136,0.316,0.0,0,0,1,,1.0,2026-03-16T10:17:43.348935,neutral,0.981,2026-03-16T10:17:42.310869,0.7901091494565369,2026-03-16T10:17:43.937000,54,,,
participant_17,2,day,Town10HD_Opt,2026-03-16 10:17:44.321813,4.806088924407959,-64.46198272705078,0.0021640777122229,38.917,-0.383,0.202,0.0,0,0,1,,1.0,2026-03-16T10:17:44.321813,neutral,0.995,2026-03-16T10:17:44.321813,0.7155049135093856,2026-03-16T10:17:44.928000,54,,,
participant_17,2,day,Town10HD_Opt,2026-03-16 10:17:45.304962,0.4658091366291046,-64.46160888671875,0.0022591399028897,34.866,0.103,0.0,0.0,0,0,1,,1.0,2026-03-16T10:17:45.304962,neutral,0.995,2026-03-16T10:17:44.321813,0.7844271701014346,2026-03-16T10:17:45.962000,54,,,
participant_17,2,day,Town10HD_Opt,2026-03-16 10:17:46.294131,-3.2734181880950928,-64.46707153320312,0.0023019791115075,29.422,0.103,0.0,0.0,0,0,1,,1.0,2026-03-16T10:17:46.294131,neutral,0.995,2026-03-16T10:17:44.321813,0.7759535312853414,2026-03-16T10:17:46.952000,54,,,
participant_17,2,day,Town10HD_Opt,2026-03-16 10:17:47.271452,-6.411173343658447,-64.47785949707031,0.0022787856869399,24.573,0.176,0.0,0.0,0,0,1,,1.0,2026-03-16T10:17:47.271452,neutral,1.0,2026-03-16T10:17:47.271452,0.7625541912719975,2026-03-16T10:17:47.942000,55,,,
participant_17,2,day,Town10HD_Opt,2026-03-16 10:17:48.280360,-9.018375396728516,-64.49337005615234,0.0022516632452607,20.305,0.172,0.003,0.0,0,0,1,,1.0,2026-03-16T10:17:48.280360,neutral,1.0,2026-03-16T10:17:47.271452,0.7849756984171168,2026-03-16T10:17:48.932000,56,,,
participant_17,2,day,Town10HD_Opt,2026-03-16 10:17:49.281227,-11.187313079833984,-64.51789093017578,0.0019281386630609,17.415,0.618,0.125,0.0,0,0,1,,1.0,2026-03-16T10:17:49.281227,neutral,0.992,2026-03-16T10:17:49.281227,0.7095134307226878,2026-03-16T10:17:49.922000,55,,,
participant_17,2,day,Town10HD_Opt,2026-03-16 10:17:50.347796,-13.099899291992188,-64.5475082397461,0.0020332718268036,14.88,0.075,0.0,0.0,0,0,1,,1.0,2026-03-16T10:17:50.347796,neutral,0.992,2026-03-16T10:17:49.281227,0.7169505123017625,2026-03-16T10:17:50.958000,54,,,
participant_17,2,day,Town10HD_Opt,2026-03-16 10:17:51.403734,-14.711453437805176,-64.57213592529297,0.002036933787167,12.654,0.075,0.0,0.0,0,0,1,,1.0,2026-03-16T10:17:51.403734,neutral,0.993,2026-03-16T10:17:51.403734,0.7458566885916184,2026-03-16T10:17:51.947000,56,,,
participant_17,2,day,Town10HD_Opt,2026-03-16 10:17:52.444765,-16.063003540039062,-64.5936279296875,0.0020187757909297,10.617,0.075,0.0,0.0,0,0,1,,1.0,2026-03-16T10:17:52.444765,neutral,0.993,2026-03-16T10:17:51.403734,0.7864082092185412,2026-03-16T10:17:52.937000,55,,,
participant_17,2,day,Town10HD_Opt,2026-03-16 10:17:53.440067,-17.196475982666016,-64.6123046875,0.0020029449369758,8.902,0.087,0.0,0.0,0,0,1,,0.863,2026-03-16T10:17:53.440067,neutral,0.995,2026-03-16T10:17:53.440067,0.774680005491565,2026-03-16T10:17:53.927000,57,,,
participant_17,2,day,Town10HD_Opt,2026-03-16 10:17:54.412172,-18.14687156677246,-64.62849426269531,0.0019894789438694,7.464,0.087,0.0,0.0,0,0,1,,1.0,2026-03-16T10:17:54.412172,neutral,0.995,2026-03-16T10:17:53.440067,0.7455938539172258,2026-03-16T10:17:54.962000,56,,,
participant_17,2,day,Town10HD_Opt,2026-03-16 10:17:55.425102,-18.94373893737793,-64.64241790771484,0.0019782257732003,6.167,0.087,0.0,0.0,0,0,1,,1.0,2026-03-16T10:17:55.425102,neutral,0.995,2026-03-16T10:17:53.440067,0.7351745106309766,2026-03-16T10:17:56.046000,56,,,
participant_17,2,day,Town10HD_Opt,2026-03-16 10:17:56.403523,-19.611860275268555,-64.6544189453125,0.0019686890300363,5.171,0.134,0.0,0.0,0,0,1,,1.0,2026-03-16T10:17:56.403523,neutral,1.0,2026-03-16T10:17:56.403523,0.7555335933725582,2026-03-16T10:17:56.942000,55,,,
participant_17,2,day,Town10HD_Opt,2026-03-16 10:17:57.419909,-20.17202377319336,-64.66487121582031,0.0019606780260801,4.4,0.134,0.0,0.0,0,0,1,,1.0,2026-03-16T10:17:57.419909,neutral,1.0,2026-03-16T10:17:56.403523,0.7680152443699008,2026-03-16T10:17:58.022000,56,,,
participant_17,2,day,Town10HD_Opt,2026-03-16 10:17:58.395846,-20.64166641235352,-64.67403411865234,0.0019539259374141,3.689,0.352,0.0,0.0,0,0,1,,1.0,2026-03-16T10:17:58.395846,neutral,1.0,2026-03-16T10:17:56.403523,0.7819179063407243,2026-03-16T10:17:58.922000,54,,,
participant_17,2,day,Town10HD_Opt,2026-03-16 10:17:59.355756,-21.035404205322266,-64.68277740478516,0.0019482421921566,3.093,0.508,0.0,0.0,0,0,1,,1.0,2026-03-16T10:17:59.355756,neutral,1.0,2026-03-16T10:17:59.355756,0.6679141964778381,2026-03-16T10:17:59.958000,54,,,
participant_17,2,day,Town10HD_Opt,2026-03-16 10:18:00.323399,-21.36550521850586,-64.69102478027344,0.0019435882568359,2.593,0.644,0.0,0.0,0,0,1,,0.907,2026-03-16T10:18:00.323399,neutral,1.0,2026-03-16T10:17:59.355756,0.6884094963100281,2026-03-16T10:18:00.947000,56,,,
participant_17,2,day,Town10HD_Opt,2026-03-16 10:18:01.312883,-21.64224624633789,-64.69824981689453,0.001939506502822,2.174,0.644,0.0,0.0,0,0,1,,1.0,2026-03-16T10:18:01.312883,neutral,1.0,2026-03-16T10:17:59.355756,0.7019189612066549,2026-03-16T10:18:01.937000,55,,,
participant_17,2,day,Town10HD_Opt,2026-03-16 10:18:02.401820,-21.87428092956543,-64.70440673828125,0.0019363402388989,1.823,0.47,0.0,0.0,0,0,1,,1.0,2026-03-16T10:18:02.401820,neutral,0.998,2026-03-16T10:18:02.401820,0.763756941120785,,55,,,
participant_17,2,day,Town10HD_Opt,2026-03-16 10:18:03.374122,-22.06882095336914,-64.70952606201172,0.0019332885276526,1.528,0.47,0.0,0.0,0,0,1,,0.854,2026-03-16T10:18:03.374122,neutral,0.998,2026-03-16T10:18:02.401820,0.7086161147509211,2026-03-16T10:18:03.963000,55,,,
participant_17,2,day,Town10HD_Opt,2026-03-16 10:18:04.360786,-22.23192405700684,-64.71389770507812,0.0019311904907226,1.263,0.472,0.0,0.0,0,0,1,,0.827,2026-03-16T10:18:04.360786,neutral,0.998,2026-03-16T10:18:02.401820,0.630115267222909,2026-03-16T10:18:04.952000,55,,,
participant_17,2,day,Town10HD_Opt,2026-03-16 10:18:05.325473,-22.368677139282227,-64.71769714355469,0.0019292067736387,1.059,0.529,0.0,0.0,0,0,1,,0.834,2026-03-16T10:18:05.325473,neutral,1.0,2026-03-16T10:18:05.325473,0.7278807922486626,2026-03-16T10:18:05.942000,56,,,
participant_17,2,day,Town10HD_Opt,2026-03-16 10:18:06.349634,-22.483402252197266,-64.72090911865234,0.0019274520454928,0.901,0.529,0.0,0.0,0,0,1,,1.0,2026-03-16T10:18:06.349634,neutral,1.0,2026-03-16T10:18:05.325473,0.6841733615585441,2026-03-16T10:18:06.933000,56,,,
participant_17,2,day,Town10HD_Opt,2026-03-16 10:18:07.375990,-22.57962417602539,-64.72364807128906,0.0019260406261309,0.745,0.529,0.0,0.0,0,0,1,,1.0,2026-03-16T10:18:07.375990,neutral,0.999,2026-03-16T10:18:07.375990,0.6876023739708378,2026-03-16T10:18:07.923000,56,,,
participant_17,2,day,Town10HD_Opt,2026-03-16 10:18:08.392602,-22.659467697143555,-64.72589874267578,0.0019311141222715,0.399,0.564,0.905,0.0,0,0,1,,1.0,2026-03-16T10:18:08.392602,neutral,0.999,2026-03-16T10:18:07.375990,0.6513617110877472,2026-03-16T10:18:08.957000,56,,,
participant_17,2,day,Town10HD_Opt,2026-03-16 10:18:09.404757,-23.04912757873535,-64.74102020263672,0.0015958022559061,7.757,1.758,0.796,0.0,0,0,1,,0.913,2026-03-16T10:18:09.404757,neutral,0.999,2026-03-16T10:18:09.404757,0.6975113056270315,2026-03-16T10:18:09.993000,55,,,
participant_17,2,day,Town10HD_Opt,2026-03-16 10:18:10.391699,-24.438600540161133,-64.80547332763672,0.0014337539905682,16.937,1.495,1.0,0.0,0,0,1,,0.948,2026-03-16T10:18:10.391699,neutral,0.999,2026-03-16T10:18:09.404757,0.6749946438046139,2026-03-16T10:18:10.982000,56,,,
participant_17,2,day,Town10HD_Opt,2026-03-16 10:18:11.406742,-26.90789794921875,-64.94483947753906,0.001642188988626,25.469,1.253,0.971,0.0,0,0,1,,1.0,2026-03-16T10:18:11.406742,neutral,0.987,2026-03-16T10:18:11.406742,0.6354062155666538,2026-03-16T10:18:11.928000,59,,,
participant_17,2,day,Town10HD_Opt,2026-03-16 10:18:12.363298,-30.50470352172852,-65.203369140625,0.0015641783829778,35.601,-0.033,0.779,0.0,0,0,1,,1.0,2026-03-16T10:18:12.363298,neutral,0.987,2026-03-16T10:18:11.406742,0.7410088667593188,2026-03-16T10:18:13.008000,60,,,
participant_17,2,day,Town10HD_Opt,2026-03-16 10:18:13.391622,-35.03041458129883,-65.53217315673828,0.0017552947392687,41.423,-0.533,0.647,0.0,0,0,1,,1.0,2026-03-16T10:18:13.391622,neutral,0.987,2026-03-16T10:18:11.406742,0.690300657077101,2026-03-16T10:18:13.953000,61,,,
participant_17,2,day,Town10HD_Opt,2026-03-16 10:18:14.418573,-40.063026428222656,-65.83963012695312,0.0018716048216447,44.766,-0.733,0.634,0.0,0,0,1,,0.903,2026-03-16T10:18:14.418573,neutral,1.0,2026-03-16T10:18:14.418573,0.6928164785553508,2026-03-16T10:18:14.943000,61,,,
participant_17,2,day,Town10HD_Opt,2026-03-16 10:18:15.416810,-45.44459533691406,-66.08895874023438,0.0019106674008071,47.428,-0.197,0.61,0.0,0,0,1,,1.0,2026-03-16T10:18:15.416810,neutral,1.0,2026-03-16T10:18:14.418573,0.6182507919406708,2026-03-16T10:18:15.932000,61,,,
participant_17,2,day,Town10HD_Opt,2026-03-16 10:18:16.371620,-51.10567855834961,-66.33000946044922,0.0019346236949786,49.6,0.444,0.597,0.0,0,0,1,,1.0,2026-03-16T10:18:16.371620,neutral,1.0,2026-03-16T10:18:14.418573,0.654655640884385,2026-03-16T10:18:16.923000,60,,,
participant_17,2,day,Town10HD_Opt,2026-03-16 10:18:17.333520,-56.94940185546875,-66.63143157958984,0.0020801161881536,49.463,0.451,0.591,0.0,0,0,1,,1.0,2026-03-16T10:18:17.333520,neutral,0.958,2026-03-16T10:18:17.333520,0.6913621065556381,2026-03-16T10:18:17.957000,61,,,
participant_17,2,day,Town10HD_Opt,2026-03-16 10:18:18.372638,-62.7072868347168,-66.9556655883789,0.002008514245972,49.952,-1.751,0.574,0.0,0,0,1,,1.0,2026-03-16T10:18:18.372638,neutral,0.958,2026-03-16T10:18:17.333520,0.5825826241701759,2026-03-16T10:18:18.948000,61,,,
participant_17,2,day,Town10HD_Opt,2026-03-16 10:18:19.353483,-68.5616683959961,-67.07015991210938,0.0021121597383171,49.007,-2.748,0.482,0.0,0,0,1,,0.94,2026-03-16T10:18:19.353483,neutral,0.99,2026-03-16T10:18:19.353483,0.6799368344618468,2026-03-16T10:18:19.938000,62,,,
participant_17,2,day,Town10HD_Opt,2026-03-16 10:18:20.407564,-74.20990753173828,-66.77516174316406,0.0020887374412268,48.137,-3.316,0.47,0.0,0,0,1,,0.945,2026-03-16T10:18:20.407564,neutral,0.99,2026-03-16T10:18:19.353483,0.687007552849168,2026-03-16T10:18:20.927000,60,,,
participant_17,2,day,Town10HD_Opt,2026-03-16 10:18:21.033206,-76.9891128540039,-66.4389419555664,0.0020753860007971,47.826,-6.004,0.47,0.0,0,0,1,,0.856,2026-03-16T10:18:21.033206,neutral,0.99,2026-03-16T10:18:19.353483,0.6823901855222131,2026-03-16T10:18:20.927000,60,,,
participant_17,2,day,Town10HD_Opt,2026-03-16 10:18:22.035496,-82.38157653808594,-65.155029296875,0.002073593204841,47.305,-6.981,0.47,0.0,0,0,1,,0.843,2026-03-16T10:18:22.035496,neutral,0.999,2026-03-16T10:18:22.035496,0.6812448445219418,2026-03-16T10:18:21.964000,62,,,
participant_17,2,day,Town10HD_Opt,2026-03-16 10:18:23.059185,-87.44108581542969,-63.02372741699219,0.0020655058324337,46.926,-4.898,0.47,0.0,0,0,1,,1.0,2026-03-16T10:18:23.059185,neutral,0.999,2026-03-16T10:18:22.035496,0.6544629646555837,2026-03-16T10:18:23.943000,60,,,
participant_17,2,day,Town10HD_Opt,2026-03-16 10:18:24.089273,-92.12970733642578,-60.24829864501953,0.0020660017617046,46.548,-6.495,0.47,0.0,0,0,1,,0.819,2026-03-16T10:18:24.089273,neutral,0.999,2026-03-16T10:18:24.089273,0.6345141300729696,2026-03-16T10:18:24.932000,59,,,
participant_17,2,day,Town10HD_Opt,2026-03-16 10:18:25.176745,-96.33507537841795,-56.84877395629883,0.00206058495678,46.261,-4.473,0.47,0.0,0,0,1,,0.9,2026-03-16T10:18:25.176745,neutral,0.999,2026-03-16T10:18:24.089273,0.5907939515408784,2026-03-16T10:18:25.923000,60,,,
participant_17,2,day,Town10HD_Opt,2026-03-16 10:18:26.240706,-100.09046936035156,-52.99378967285156,0.0020556640811264,46.054,-3.754,0.47,0.0,0,0,1,,0.805,2026-03-16T10:18:26.240706,neutral,0.999,2026-03-16T10:18:26.240706,0.7281366494161494,2026-03-16T10:18:26.957000,60,,,
participant_17,2,day,Town10HD_Opt,2026-03-16 10:18:27.244589,-103.43576049804688,-48.80653762817383,0.0020536803640425,45.87,-3.702,0.469,0.0,0,0,1,,0.851,2026-03-16T10:18:27.244589,neutral,0.999,2026-03-16T10:18:26.240706,0.6825178810758239,2026-03-16T10:18:27.947000,58,,,
participant_17,2,day,Town10HD_Opt,2026-03-16 10:18:28.248990,-106.35614013671876,-44.3370246887207,0.0020527648739516,45.701,-3.95,0.47,0.0,0,0,1,,0.838,2026-03-16T10:18:28.248990,neutral,0.999,2026-03-16T10:18:28.248990,0.6224287642677119,2026-03-16T10:18:28.938000,59,,,
participant_17,2,day,Town10HD_Opt,2026-03-16 10:18:29.280619,-108.81591796875,-39.61952209472656,0.0020513916388154,45.556,-3.462,0.47,0.0,0,0,1,,1.0,2026-03-16T10:18:29.280619,neutral,0.999,2026-03-16T10:18:28.248990,0.6763018623153861,2026-03-16T10:18:29.928000,59,,,
participant_17,2,day,Town10HD_Opt,2026-03-16 10:18:30.321032,-110.82118225097656,-34.70852279663086,0.0020518111996352,45.412,-4.704,0.47,0.0,0,0,1,,1.0,2026-03-16T10:18:30.321032,neutral,0.999,2026-03-16T10:18:30.321032,0.6688534533907603,2026-03-16T10:18:30.963000,60,,,
participant_17,2,day,Town10HD_Opt,2026-03-16 10:18:31.368117,-112.26754760742188,-29.62618064880371,0.0020525360014289,45.254,-4.039,0.467,0.0,0,0,1,,0.826,2026-03-16T10:18:31.368117,neutral,0.999,2026-03-16T10:18:30.321032,0.717842825666486,2026-03-16T10:18:32.043000,59,,,
participant_17,2,day,Town10HD_Opt,2026-03-16 10:18:32.383708,-113.20648193359376,-24.45506477355957,0.0020959854591637,44.351,-2.271,0.0,0.0,0,0,1,,0.9,2026-03-16T10:18:32.383708,neutral,0.996,2026-03-16T10:18:32.383708,0.6956510497752549,2026-03-16T10:18:33.033000,59,,,
participant_17,2,day,Town10HD_Opt,2026-03-16 10:18:33.456478,-113.74142456054688,-19.67448616027832,0.0023418045602738,37.947,-4.926,0.0,0.125,0,0,1,,0.836,2026-03-16T10:18:33.456478,neutral,0.996,2026-03-16T10:18:32.383708,0.6757569090684753,2026-03-16T10:18:33.933000,58,,,
participant_17,2,day,Town10HD_Opt,2026-03-16 10:18:34.026730,-113.8289031982422,-17.56534194946289,0.0023583220317959,34.202,-2.699,0.0,0.0,0,0,1,,1.0,2026-03-16T10:18:34.026730,neutral,0.996,2026-03-16T10:18:32.383708,0.7770294654029737,2026-03-16T10:18:34.923000,57,,,
participant_17,2,day,Town10HD_Opt,2026-03-16 10:18:35.043441,-113.84146118164062,-13.615889549255373,0.0019203948322683,35.993,-1.401,1.0,0.0,0,0,1,,1.0,2026-03-16T10:18:35.043441,neutral,0.998,2026-03-16T10:18:35.043441,0.7391984740777527,2026-03-16T10:18:34.923000,59,,,
participant_17,2,day,Town10HD_Opt,2026-03-16 10:18:36.072951,-113.7242660522461,-8.854402542114258,0.001598548842594,46.27,-0.768,0.876,0.0,0,0,1,,1.0,2026-03-16T10:18:36.072951,neutral,0.998,2026-03-16T10:18:35.043441,0.8184733449495832,2026-03-16T10:18:36.948000,58,,,
participant_17,2,day,Town10HD_Opt,2026-03-16 10:18:37.138674,-113.47197723388672,-3.11383318901062,0.0017995070666074,51.003,-0.169,0.0,0.1,0,0,1,,1.0,2026-03-16T10:18:37.138674,neutral,0.998,2026-03-16T10:18:37.138674,0.747633073394941,2026-03-16T10:18:37.938000,56,,,
participant_17,2,day,Town10HD_Opt,2026-03-16 10:18:38.208075,-113.13699340820312,2.597896337509156,0.0020996856037527,48.31,-4.105,0.49,0.0,0,0,1,,1.0,2026-03-16T10:18:38.208075,neutral,0.998,2026-03-16T10:18:37.138674,0.8279580251278562,2026-03-16T10:18:38.927000,57,,,
participant_17,2,day,Town10HD_Opt,2026-03-16 10:18:39.257027,-112.20411682128906,8.08002758026123,0.0021383285056799,46.373,-9.351,0.157,0.0,0,0,1,,0.844,2026-03-16T10:18:39.257027,neutral,0.985,2026-03-16T10:18:39.257027,0.7750238656707339,2026-03-16T10:18:39.963000,59,,,
participant_17,2,day,Town10HD_Opt,2026-03-16 10:18:40.296743,-110.31640625,12.88004207611084,0.0022858045995235,41.718,-6.841,0.138,0.0,0,0,1,,0.861,2026-03-16T10:18:40.296743,neutral,0.985,2026-03-16T10:18:39.257027,0.7804294529774551,2026-03-16T10:18:40.953000,60,,,
participant_17,2,day,Town10HD_Opt,2026-03-16 10:18:41.306675,-107.87932586669922,16.702878952026367,0.0023330687545239,36.128,-10.836,0.0,0.0,0,0,1,,0.808,2026-03-16T10:18:41.306675,neutral,0.999,2026-03-16T10:18:41.306675,0.7932367712395803,2026-03-16T10:18:41.943000,59,,,
participant_17,2,day,Town10HD_Opt,2026-03-16 10:18:42.326329,-105.19808959960938,19.485897064208984,0.0023289108648896,30.419,-6.18,0.0,0.015,0,0,1,,1.0,2026-03-16T10:18:42.326329,neutral,0.999,2026-03-16T10:18:41.306675,0.8263148402982453,2026-03-16T10:18:42.934000,60,,,
participant_17,2,day,Town10HD_Opt,2026-03-16 10:18:43.342034,-102.66860961914062,21.507333755493164,0.0023051451425999,25.283,-11.805,0.0,0.0,0,0,1,,1.0,2026-03-16T10:18:43.342034,neutral,0.991,2026-03-16T10:18:43.342034,0.8105582611271436,2026-03-16T10:18:43.924000,58,,,
participant_17,2,day,Town10HD_Opt,2026-03-16 10:18:44.409325,-100.2573013305664,22.83861923217773,0.002089500427246,23.847,-7.653,0.885,0.0,0,0,1,,1.0,2026-03-16T10:18:44.409325,neutral,0.991,2026-03-16T10:18:43.342034,0.8168275274923074,2026-03-16T10:18:44.958000,58,,,
participant_17,2,day,Town10HD_Opt,2026-03-16 10:18:45.433959,-97.27640533447266,24.094316482543945,0.0016747665358707,31.932,-7.449,0.858,0.0,0,0,1,,1.0,2026-03-16T10:18:45.433959,neutral,1.0,2026-03-16T10:18:45.433959,0.7334850983435149,2026-03-16T10:18:45.948000,57,,,
participant_17,2,day,Town10HD_Opt,2026-03-16 10:18:46.482762,-93.2076187133789,25.08089256286621,0.0016783904284238,40.297,-4.593,0.854,0.0,0,0,1,,1.0,2026-03-16T10:18:46.482762,neutral,1.0,2026-03-16T10:18:45.433959,0.7641488867001724,2026-03-16T10:18:46.939000,57,,,
participant_17,2,day,Town10HD_Opt,2026-03-16 10:18:47.125209,-90.80420684814452,25.40455436706543,0.0016862868797034,43.264,0.367,0.779,0.0,0,0,1,,0.897,2026-03-16T10:18:47.125209,neutral,1.0,2026-03-16T10:18:45.433959,0.8437014447489236,2026-03-16T10:18:47.927000,57,,,
participant_17,2,day,Town10HD_Opt,2026-03-16 10:18:48.109512,-85.63968658447266,26.05544090270996,0.0020987319294363,43.228,-2.993,0.0,0.0,0,0,1,,1.0,2026-03-16T10:18:48.109512,neutral,0.998,2026-03-16T10:18:48.109512,0.8398511036095508,2026-03-16T10:18:48.963000,56,,,
participant_17,2,day,Town10HD_Opt,2026-03-16 10:18:49.269263,-81.01311492919922,26.406925201416016,0.0023512649349868,36.446,-2.52,0.0,0.111,0,0,1,,1.0,2026-03-16T10:18:49.269263,neutral,0.998,2026-03-16T10:18:48.109512,0.7416356648365467,2026-03-16T10:18:49.953000,57,,,
participant_17,2,day,Town10HD_Opt,2026-03-16 10:18:50.304107,-77.14190673828125,26.51811790466309,0.0023487091530114,29.636,-0.157,0.0,0.154,0,0,1,,1.0,2026-03-16T10:18:50.304107,neutral,0.999,2026-03-16T10:18:50.304107,0.8223715467883788,2026-03-16T10:18:50.989000,58,,,
participant_17,2,day,Town10HD_Opt,2026-03-16 10:18:51.323201,-73.9605712890625,26.592967987060547,0.002309989882633,24.639,0.242,0.0,0.108,0,0,1,,1.0,2026-03-16T10:18:51.323201,neutral,0.999,2026-03-16T10:18:50.304107,0.7853156258390469,2026-03-16T10:18:51.933000,59,,,
participant_17,2,day,Town10HD_Opt,2026-03-16 10:18:52.337889,-71.37596130371094,26.66526222229004,0.0022845459170639,19.741,0.498,0.0,0.232,0,0,1,,0.833,2026-03-16T10:18:52.337889,neutral,0.998,2026-03-16T10:18:52.337889,0.7766662229139435,2026-03-16T10:18:52.923000,59,,,
participant_17,2,day,Town10HD_Opt,2026-03-16 10:18:53.345051,-69.32832336425781,26.73642921447754,0.002041091909632,15.623,0.557,0.0,0.22,0,0,1,,0.812,2026-03-16T10:18:53.345051,neutral,0.998,2026-03-16T10:18:52.337889,0.7521937919137288,2026-03-16T10:18:53.958000,57,,,
participant_17,2,day,Town10HD_Opt,2026-03-16 10:18:54.376254,-67.73047637939453,26.802330017089844,0.0020965575240552,11.605,0.663,0.0,0.303,0,0,1,,0.862,2026-03-16T10:18:54.376254,neutral,0.998,2026-03-16T10:18:54.376254,0.7193281901985273,2026-03-16T10:18:54.948000,57,,,
participant_17,2,day,Town10HD_Opt,2026-03-16 10:18:55.413812,-66.54470825195312,26.85819435119629,0.002086334163323,8.496,0.757,0.0,0.409,0,0,1,,0.902,2026-03-16T10:18:55.413812,neutral,0.998,2026-03-16T10:18:54.376254,0.7574137762169572,2026-03-16T10:18:55.938000,56,,,
participant_17,2,day,Town10HD_Opt,2026-03-16 10:18:56.406583,-65.87159729003906,26.892953872680664,0.0024559784214943,0.0,0.837,0.0,0.492,0,0,1,,0.949,2026-03-16T10:18:56.406583,neutral,0.999,2026-03-16T10:18:56.406583,0.7990610715711556,2026-03-16T10:18:56.928000,56,,,
participant_17,2,day,Town10HD_Opt,2026-03-16 10:18:57.382715,-65.87104034423828,26.892990112304688,0.0019960021600127,0.0,1.072,0.0,0.481,0,0,1,,0.915,2026-03-16T10:18:57.382715,neutral,0.999,2026-03-16T10:18:56.406583,0.809923597226109,2026-03-16T10:18:57.963000,56,,,
participant_17,2,day,Town10HD_Opt,2026-03-16 10:18:58.420661,-65.87095642089844,26.892995834350582,0.0019275282975286,0.0,1.152,0.0,0.038,0,0,1,,0.897,2026-03-16T10:18:58.420661,neutral,0.998,2026-03-16T10:18:58.420661,0.8514569440429548,2026-03-16T10:18:58.953000,57,,,
participant_17,2,day,Town10HD_Opt,2026-03-16 10:18:58.999985,-65.8709487915039,26.892995834350582,0.0019216537475585,0.0,1.152,0.0,0.0,0,0,1,,1.0,2026-03-16T10:18:58.999985,neutral,0.998,2026-03-16T10:18:58.420661,0.8222854667426918,2026-03-16T10:18:58.953000,56,,,
participant_17,2,day,Town10HD_Opt,2026-03-16 10:18:59.996917,-65.8709487915039,26.892995834350582,0.0019193649059161,0.0,1.152,0.0,0.0,0,0,1,,1.0,2026-03-16T10:18:59.996917,neutral,0.998,2026-03-16T10:18:58.420661,0.7784152573972474,2026-03-16T10:18:59.950000,56,,,
participant_17,2,day,Town10HD_Opt,2026-03-16 10:19:01.034785,-65.8709487915039,26.892995834350582,0.0019193649059161,0.0,1.159,0.0,0.0,0,0,1,,0.802,2026-03-16T10:19:01.034785,neutral,0.999,2026-03-16T10:19:01.034785,0.7790559815736833,2026-03-16T10:19:00.933000,55,,,
participant_17,2,day,Town10HD_Opt,2026-03-16 10:19:02.042963,-65.8709487915039,26.892995834350582,0.0019193649059161,0.0,1.159,0.0,0.0,0,0,1,,1.0,2026-03-16T10:19:02.042963,neutral,0.999,2026-03-16T10:19:01.034785,0.8693444877045228,2026-03-16T10:19:02.018000,54,,,
participant_17,2,day,Town10HD_Opt,2026-03-16 10:19:03.058886,-65.8709487915039,26.892995834350582,0.0019193649059161,0.0,1.159,0.0,0.0,0,0,1,,0.861,2026-03-16T10:19:03.058886,neutral,0.987,2026-03-16T10:19:03.058886,0.8633829513770623,2026-03-16T10:19:03.949000,54,,,
participant_17,2,day,Town10HD_Opt,2026-03-16 10:19:04.151783,-65.8709487915039,26.892995834350582,0.0019193649059161,0.0,1.159,0.0,0.0,0,0,1,,1.0,2026-03-16T10:19:04.151783,neutral,0.987,2026-03-16T10:19:03.058886,0.8300926443582254,2026-03-16T10:19:04.939000,53,,,
participant_17,2,day,Town10HD_Opt,2026-03-16 10:19:05.139702,-65.8709487915039,26.892995834350582,0.0019193649059161,0.0,1.159,0.0,0.0,0,0,1,,1.0,2026-03-16T10:19:05.139702,neutral,0.995,2026-03-16T10:19:05.139702,0.8622736632033708,2026-03-16T10:19:05.973000,54,,,
participant_17,2,day,Town10HD_Opt,2026-03-16 10:19:06.116400,-65.8709487915039,26.892995834350582,0.0019193649059161,0.0,1.147,0.0,0.0,0,0,1,,0.898,2026-03-16T10:19:06.116400,neutral,0.995,2026-03-16T10:19:05.139702,0.881897455237086,2026-03-16T10:19:06.963000,54,,,
participant_17,2,day,Town10HD_Opt,2026-03-16 10:19:07.129757,-65.8709487915039,26.892995834350582,0.0019193649059161,0.0,0.813,0.0,0.0,0,0,1,,1.0,2026-03-16T10:19:07.129757,neutral,0.995,2026-03-16T10:19:05.139702,0.7810731759879209,2026-03-16T10:19:07.953000,54,,,
participant_17,2,day,Town10HD_Opt,2026-03-16 10:19:08.147553,-65.8709487915039,26.892995834350582,0.0019193649059161,0.0,0.552,0.0,0.0,0,0,1,,1.0,2026-03-16T10:19:08.147553,sad,0.496,2026-03-16T10:19:08.147553,0.8255862019892425,2026-03-16T10:19:08.943000,52,,,
participant_17,2,day,Town10HD_Opt,2026-03-16 10:19:09.126168,-65.8709487915039,26.892995834350582,0.0019193649059161,0.0,0.794,0.0,0.0,0,0,1,,1.0,2026-03-16T10:19:09.126168,sad,0.496,2026-03-16T10:19:08.147553,0.832437038602402,2026-03-16T10:19:09.933000,54,,,
participant_17,2,day,Town10HD_Opt,2026-03-16 10:19:10.154251,-65.8709487915039,26.892995834350582,0.0019193649059161,0.0,0.797,0.0,0.0,0,0,1,,0.959,2026-03-16T10:19:10.154251,neutral,0.56,2026-03-16T10:19:10.154251,0.8184953027783572,2026-03-16T10:19:10.969000,54,,,
participant_17,2,day,Town10HD_Opt,2026-03-16 10:19:11.153177,-65.8709487915039,26.892995834350582,0.0019193649059161,0.0,0.002,0.0,0.0,0,0,1,,0.916,2026-03-16T10:19:11.153177,neutral,0.56,2026-03-16T10:19:10.154251,0.8495197610674083,2026-03-16T10:19:11.958000,56,,,
participant_17,2,day,Town10HD_Opt,2026-03-16 10:19:12.187014,-65.8709487915039,26.892995834350582,0.0019193649059161,0.0,0.258,0.0,0.0,0,0,1,,1.0,2026-03-16T10:19:12.187014,neutral,0.85,2026-03-16T10:19:12.187014,0.8918088156957362,2026-03-16T10:19:12.948000,57,,,
participant_17,2,day,Town10HD_Opt,2026-03-16 10:19:13.271242,-65.8709487915039,26.892995834350582,0.0019193649059161,0.0,-0.642,0.0,0.0,0,0,1,,1.0,2026-03-16T10:19:13.271242,neutral,0.85,2026-03-16T10:19:12.187014,0.8483343018150798,2026-03-16T10:19:13.938000,57,,,
participant_17,2,day,Town10HD_Opt,2026-03-16 10:19:14.314556,-65.8709487915039,26.892995834350582,0.0019193649059161,0.0,-1.549,0.0,0.0,0,0,1,,1.0,2026-03-16T10:19:14.314556,neutral,0.731,2026-03-16T10:19:14.314556,0.9070843619973644,2026-03-16T10:19:14.973000,60,,,
participant_17,2,day,Town10HD_Opt,2026-03-16 10:19:15.328850,-65.8709487915039,26.892995834350582,0.0019193649059161,0.0,-0.364,0.0,0.0,0,0,1,,1.0,2026-03-16T10:19:15.328850,neutral,0.731,2026-03-16T10:19:14.314556,0.850132831605382,2026-03-16T10:19:15.963000,58,,,
participant_17,2,day,Town10HD_Opt,2026-03-16 10:19:16.376440,-65.8709487915039,26.892995834350582,0.0019193649059161,0.0,0.548,0.0,0.0,0,0,1,,1.0,2026-03-16T10:19:16.376440,neutral,0.91,2026-03-16T10:19:16.376440,0.8491734934582791,2026-03-16T10:19:16.954000,57,,,
participant_17,2,day,Town10HD_Opt,2026-03-16 10:19:17.420703,-65.8709487915039,26.892995834350582,0.0019193649059161,0.0,-0.334,0.0,0.0,0,0,1,,1.0,2026-03-16T10:19:17.420703,neutral,0.91,2026-03-16T10:19:16.376440,0.7990409070123656,2026-03-16T10:19:17.943000,55,,,
participant_17,2,day,Town10HD_Opt,2026-03-16 10:19:18.443030,-65.8709487915039,26.892995834350582,0.0019193649059161,0.0,-0.935,0.0,0.0,0,0,1,,1.0,2026-03-16T10:19:18.443030,neutral,0.95,2026-03-16T10:19:18.443030,0.7990729941087381,2026-03-16T10:19:18.933000,57,,,
participant_17,2,day,Town10HD_Opt,2026-03-16 10:19:19.007190,-65.8709487915039,26.892995834350582,0.0019193649059161,0.0,0.122,0.0,0.0,0,0,1,,1.0,2026-03-16T10:19:19.007190,neutral,0.95,2026-03-16T10:19:18.443030,0.7919005527205538,2026-03-16T10:19:18.933000,57,,,
participant_17,2,day,Town10HD_Opt,2026-03-16 10:19:20.053999,-65.8709487915039,26.892995834350582,0.0019193649059161,0.0,0.305,0.0,0.0,0,0,1,,1.0,2026-03-16T10:19:20.053999,neutral,0.95,2026-03-16T10:19:18.443030,0.7588812910954824,2026-03-16T10:19:20.958000,58,,,
participant_17,2,day,Town10HD_Opt,2026-03-16 10:19:21.083763,-65.8709487915039,26.892995834350582,0.0019193649059161,0.0,-0.352,0.0,0.0,0,0,1,,1.0,2026-03-16T10:19:21.083763,neutral,0.869,2026-03-16T10:19:21.083763,0.7155280215178096,2026-03-16T10:19:20.958000,58,,,
participant_17,2,day,Town10HD_Opt,2026-03-16 10:19:22.040330,-65.8709487915039,26.892995834350582,0.0019193649059161,0.0,-0.566,0.0,0.0,0,0,1,,1.0,2026-03-16T10:19:22.040330,neutral,0.869,2026-03-16T10:19:21.083763,0.6708570048273295,2026-03-16T10:19:22.038000,59,,,
participant_17,2,day,Town10HD_Opt,2026-03-16 10:19:23.046361,-65.8709487915039,26.892995834350582,0.0019193649059161,0.0,-0.367,0.0,0.0,0,0,1,,1.0,2026-03-16T10:19:23.046361,neutral,0.869,2026-03-16T10:19:21.083763,0.6456703241768142,2026-03-16T10:19:23.029000,61,,,
participant_17,2,day,Town10HD_Opt,2026-03-16 10:19:24.040449,-65.8709487915039,26.892995834350582,0.0019193649059161,0.0,0.085,0.0,0.0,0,0,1,,1.0,2026-03-16T10:19:24.040449,neutral,0.996,2026-03-16T10:19:24.040449,0.7230429248719764,2026-03-16T10:19:23.978000,62,,,
participant_17,2,day,Town10HD_Opt,2026-03-16 10:19:25.057449,-65.8709487915039,26.892995834350582,0.0019193649059161,0.0,-0.106,0.0,0.0,0,0,1,,0.907,2026-03-16T10:19:25.057449,neutral,0.996,2026-03-16T10:19:24.040449,0.6416049737531735,2026-03-16T10:19:25.953000,64,,,
participant_17,2,day,Town10HD_Opt,2026-03-16 10:19:26.034621,-65.8709487915039,26.892995834350582,0.0019193649059161,0.0,1.525,0.0,0.0,0,0,1,,1.0,2026-03-16T10:19:26.034621,neutral,0.996,2026-03-16T10:19:24.040449,0.666319424379033,2026-03-16T10:19:26.944000,67,,,
participant_17,2,day,Town10HD_Opt,2026-03-16 10:19:27.117996,-65.8709487915039,26.892995834350582,0.0019193649059161,0.0,-0.195,0.0,0.0,0,0,1,,1.0,2026-03-16T10:19:27.117996,neutral,0.982,2026-03-16T10:19:27.117996,0.6077356679803905,2026-03-16T10:19:27.932000,68,,,
participant_17,2,day,Town10HD_Opt,2026-03-16 10:19:28.175419,-65.8709487915039,26.892995834350582,0.0019193649059161,0.0,-0.921,0.0,0.0,0,0,1,,0.839,2026-03-16T10:19:28.175419,neutral,0.982,2026-03-16T10:19:27.117996,0.6042017009797896,2026-03-16T10:19:28.969000,68,,,
participant_17,2,day,Town10HD_Opt,2026-03-16 10:19:29.195212,-65.8709487915039,26.892995834350582,0.0019193649059161,0.0,0.078,0.0,0.0,0,0,1,,1.0,2026-03-16T10:19:29.195212,neutral,0.968,2026-03-16T10:19:29.195212,0.6261299172340327,2026-03-16T10:19:29.959000,69,,,
participant_17,2,day,Town10HD_Opt,2026-03-16 10:19:30.180980,-65.8709487915039,26.892995834350582,0.0019193649059161,0.0,0.446,0.0,0.0,0,0,1,,0.817,2026-03-16T10:19:30.180980,neutral,0.968,2026-03-16T10:19:29.195212,0.6236623558079517,2026-03-16T10:19:30.948000,67,,,
participant_17,2,day,Town10HD_Opt,2026-03-16 10:19:31.194924,-65.8709487915039,26.892995834350582,0.0019193649059161,0.0,0.797,0.0,0.0,0,0,1,,1.0,2026-03-16T10:19:31.194924,neutral,0.968,2026-03-16T10:19:29.195212,0.5924236920640866,2026-03-16T10:19:31.939000,65,,,
participant_17,2,day,Town10HD_Opt,2026-03-16 10:19:32.179146,-65.8709487915039,26.892995834350582,0.0019193649059161,0.0,0.797,0.0,0.0,0,0,1,,1.0,2026-03-16T10:19:32.179146,neutral,0.487,2026-03-16T10:19:32.179146,0.5224371507915334,2026-03-16T10:19:32.974000,65,,,
participant_17,2,day,Town10HD_Opt,2026-03-16 10:19:33.208829,-65.8709487915039,26.892995834350582,0.0019193649059161,0.0,0.79,0.0,0.0,0,0,1,,0.9,2026-03-16T10:19:33.208829,neutral,0.487,2026-03-16T10:19:32.179146,0.4211050188239181,2026-03-16T10:19:33.964000,66,,,
participant_17,2,day,Town10HD_Opt,2026-03-16 10:19:34.210752,-65.8709487915039,26.892995834350582,0.0019193649059161,0.0,0.799,0.0,0.0,0,0,1,,1.0,2026-03-16T10:19:34.210752,neutral,0.993,2026-03-16T10:19:34.210752,0.4066363360581525,2026-03-16T10:19:34.953000,68,,,
participant_17,2,day,Town10HD_Opt,2026-03-16 10:19:35.249723,-65.77587890625,26.89798927307129,0.0017018509097397,4.262,0.186,1.0,0.0,0,0,1,,1.0,2026-03-16T10:19:35.249723,neutral,0.993,2026-03-16T10:19:34.210752,0.4373420298615033,2026-03-16T10:19:35.944000,66,,,
participant_17,2,day,Town10HD_Opt,2026-03-16 10:19:36.263385,-64.73762512207031,26.95224952697754,0.0014284515054896,14.604,0.519,0.695,0.0,0,0,1,,1.0,2026-03-16T10:19:36.263385,neutral,0.997,2026-03-16T10:19:36.263385,0.3714882369792734,2026-03-16T10:19:36.934000,62,,,
participant_17,2,day,Town10HD_Opt,2026-03-16 10:19:37.320658,-62.7490463256836,27.06416702270508,0.0019101714715361,19.157,0.531,0.958,0.0,0,0,1,,1.0,2026-03-16T10:19:37.320658,neutral,0.997,2026-03-16T10:19:36.263385,0.3206323383292644,2026-03-16T10:19:37.969000,63,,,
participant_17,2,day,Town10HD_Opt,2026-03-16 10:19:38.362232,-60.1083869934082,27.22058868408203,0.0017155837267637,26.163,0.085,0.956,0.0,0,0,1,,1.0,2026-03-16T10:19:38.362232,neutral,0.995,2026-03-16T10:19:38.362232,0.3652398588128673,2026-03-16T10:19:38.959000,60,,,
participant_17,2,day,Town10HD_Opt,2026-03-16 10:19:39.389102,-56.478363037109375,27.424455642700195,0.001540184020996,37.213,-0.543,0.996,0.0,0,0,1,,1.0,2026-03-16T10:19:39.389102,neutral,0.995,2026-03-16T10:19:38.362232,0.4116457800271423,2026-03-16T10:19:39.949000,60,,,
participant_17,2,day,Town10HD_Opt,2026-03-16 10:19:40.446028,-51.66978454589844,27.653682708740234,0.0015952682588249,45.524,-0.254,0.83,0.0,0,0,1,,1.0,2026-03-16T10:19:40.446028,neutral,0.802,2026-03-16T10:19:40.446028,0.3230548476822826,2026-03-16T10:19:40.939000,60,,,
participant_17,2,day,Town10HD_Opt,2026-03-16 10:19:40.995406,-48.90987014770508,27.771217346191406,0.0016683959402143,48.93,-0.475,0.797,0.0,0,0,1,,1.0,2026-03-16T10:19:40.995406,neutral,0.802,2026-03-16T10:19:40.446028,0.283591321760562,2026-03-16T10:19:40.939000,59,,,
participant_17,2,day,Town10HD_Opt,2026-03-16 10:19:42.023562,-42.99746322631836,27.95745086669922,0.0020637894049286,49.685,-0.331,0.784,0.0,0,0,1,,1.0,2026-03-16T10:19:42.023562,neutral,0.802,2026-03-16T10:19:40.446028,0.3173548084780697,2026-03-16T10:19:41.974000,60,,,
participant_17,2,day,Town10HD_Opt,2026-03-16 10:19:43.027871,-37.2540283203125,28.065160751342773,0.0019410705426707,50.693,-0.181,0.0,0.0,0,0,1,,1.0,2026-03-16T10:19:43.027871,neutral,0.921,2026-03-16T10:19:43.027871,0.2810858311924584,2026-03-16T10:19:42.963000,61,Stop sign violation,stop_sign_id=946,
participant_17,2,day,Town10HD_Opt,2026-03-16 10:19:44.066841,-31.41692543029785,28.113922119140625,0.0021481323055922,48.718,-1.398,0.748,0.0,0,0,1,,1.0,2026-03-16T10:19:44.066841,neutral,0.921,2026-03-16T10:19:43.027871,0.3269980981886393,2026-03-16T10:19:44.943000,64,,,
participant_17,2,day,Town10HD_Opt,2026-03-16 10:19:45.115937,-25.574893951416016,27.996410369873047,0.001999435480684,50.418,-0.002,0.707,0.0,0,0,1,,0.882,2026-03-16T10:19:45.115937,neutral,0.905,2026-03-16T10:19:45.115937,0.364597335669739,2026-03-16T10:19:45.934000,64,,,
participant_17,2,day,Town10HD_Opt,2026-03-16 10:19:46.206104,-19.807580947875977,27.85285377502441,0.0020013428293168,50.335,2.003,0.68,0.0,0,0,1,,1.0,2026-03-16T10:19:46.206104,neutral,0.905,2026-03-16T10:19:45.115937,0.3340926196441027,2026-03-16T10:19:46.968000,63,,,
participant_17,2,day,Town10HD_Opt,2026-03-16 10:19:47.255724,-13.976250648498535,27.89653778076172,0.002154121408239,48.645,-0.566,0.677,0.0,0,0,1,,1.0,2026-03-16T10:19:47.255724,neutral,0.988,2026-03-16T10:19:47.255724,0.3190544390454571,2026-03-16T10:19:47.959000,63,,,
participant_17,2,day,Town10HD_Opt,2026-03-16 10:19:48.290007,-8.194869995117188,27.980499267578125,0.001938171335496,51.134,-0.148,0.0,0.0,0,0,1,,1.0,2026-03-16T10:19:48.290007,neutral,0.988,2026-03-16T10:19:47.255724,0.3362098411642782,2026-03-16T10:19:48.948000,59,,,
participant_17,2,day,Town10HD_Opt,2026-03-16 10:19:49.300670,-2.371765375137329,28.01433563232422,0.0021277999039739,48.859,0.277,0.653,0.0,0,0,1,,0.827,2026-03-16T10:19:49.300670,neutral,0.9,2026-03-16T10:19:49.300670,0.2733268338657554,2026-03-16T10:19:49.938000,58,,,
participant_17,2,day,Town10HD_Opt,2026-03-16 10:19:50.378557,3.4199843406677246,28.03196907043457,0.0019921492785215,50.258,-2.913,0.53,0.0,0,0,1,,1.0,2026-03-16T10:19:50.378557,neutral,0.9,2026-03-16T10:19:49.300670,0.3510045315077396,2026-03-16T10:19:50.973000,57,,,
participant_17,2,day,Town10HD_Opt,2026-03-16 10:19:51.413364,9.267964363098145,27.816356658935547,0.0021057510748505,49.385,0.009,0.703,0.0,0,0,1,,1.0,2026-03-16T10:19:51.413364,neutral,0.993,2026-03-16T10:19:51.413364,0.3216044008154426,2026-03-16T10:19:52.009000,57,,,
participant_17,2,day,Town10HD_Opt,2026-03-16 10:19:52.443751,15.135319709777832,27.59591293334961,0.0020107650198042,50.541,0.968,0.0,0.0,0,0,1,,1.0,2026-03-16T10:19:52.443751,neutral,0.993,2026-03-16T10:19:51.413364,0.3353694007788395,2026-03-16T10:19:52.954000,56,,,
participant_17,2,day,Town10HD_Opt,2026-03-16 10:19:52.996824,18.001684188842773,27.54009056091309,0.00220314017497,47.973,0.045,0.222,0.0,0,0,1,,1.0,2026-03-16T10:19:52.996824,neutral,0.993,2026-03-16T10:19:51.413364,0.3512898221110624,2026-03-16T10:19:52.954000,58,,,
participant_17,2,day,Town10HD_Opt,2026-03-16 10:19:54.065462,23.33668708801269,27.491106033325195,0.0022470473777502,43.657,4.197,0.223,0.0,0,0,1,,1.0,2026-03-16T10:19:54.065462,neutral,0.919,2026-03-16T10:19:54.065462,0.3116735962244374,2026-03-16T10:19:54.936000,58,,,
participant_17,2,day,Town10HD_Opt,2026-03-16 10:19:55.112062,28.16891098022461,27.884483337402344,0.0022406005300581,39.704,9.298,0.275,0.0,0,0,1,,1.0,2026-03-16T10:19:55.112062,neutral,0.919,2026-03-16T10:19:54.065462,0.3455045000082497,2026-03-16T10:19:55.968000,59,,,
participant_17,2,day,Town10HD_Opt,2026-03-16 10:19:56.143478,32.35755157470703,29.1417179107666,0.0023132322821766,34.929,14.361,0.0,0.26,0,0,1,,1.0,2026-03-16T10:19:56.143478,neutral,1.0,2026-03-16T10:19:56.143478,0.3478756314158512,2026-03-16T10:19:56.959000,56,,,
participant_17,2,day,Town10HD_Opt,2026-03-16 10:19:57.152233,35.411651611328125,31.07857131958008,0.0024308776482939,27.411,14.646,0.0,0.631,0,0,1,,0.81,2026-03-16T10:19:57.152233,neutral,1.0,2026-03-16T10:19:56.143478,0.3248965394389861,2026-03-16T10:19:57.949000,55,,,errors=Harsh braking
participant_17,2,day,Town10HD_Opt,2026-03-16 10:19:58.142825,37.25394821166992,32.99721908569336,0.0025600814260542,15.084,14.98,0.0,1.0,0,0,1,,1.0,2026-03-16T10:19:58.142825,neutral,1.0,2026-03-16T10:19:56.143478,0.3860846825921377,2026-03-16T10:19:58.939000,54,,,
participant_17,3,day,Town10HD_Opt,2026-03-16 10:30:00.000000,-41.66858673095703,89.7454833984375,0.5804919004440308,16.777,0.949,0.234,0.0,0,0,1,,1.0,2026-03-16T10:30:00,,,2026-03-16T10:30:00,0.5010867456560432,2026-03-16T10:30:00,52,,,
participant_17,3,day,Town10HD_Opt,2026-03-16 10:30:05.540421,-41.68869400024414,86.67068481445312,0.0017222976312041,16.827,0.973,0.25,0.0,0,0,1,,0.893,2026-03-16T10:30:05.540421,,,2026-03-16T10:30:05.540421,0.5839883055127033,2026-03-16T10:30:06.031000,53,,,
participant_17,3,day,Town10HD_Opt,2026-03-16 10:30:06.167241,-41.66997909545898,84.63215637207031,0.00204429612495,18.43,1.29,0.632,0.0,0,0,1,,0.923,2026-03-16T10:30:06.167241,,,2026-03-16T10:30:05.540421,0.4817185118106153,2026-03-16T10:30:06.031000,52,,,
participant_17,3,day,Town10HD_Opt,2026-03-16 10:30:07.188016,-41.51387786865234,81.09839630126953,0.0019025802612304,22.409,4.775,0.513,0.0,0,0,1,,0.818,2026-03-16T10:30:07.188016,,,2026-03-16T10:30:05.540421,0.4273727644241787,2026-03-16T10:30:06.975000,54,,,
participant_17,3,day,Town10HD_Opt,2026-03-16 10:30:08.153583,-40.810302734375,76.9923095703125,0.0020050429739058,24.619,11.672,0.39,0.0,0,0,1,,1.0,2026-03-16T10:30:08.153583,neutral,0.509,2026-03-16T10:30:08.153583,0.4788377482710405,2026-03-16T10:30:07.966000,54,,,
participant_17,3,day,Town10HD_Opt,2026-03-16 10:30:09.243295,-38.87877655029297,73.18700408935547,0.0020964050199836,24.403,23.588,0.349,0.0,0,0,1,,1.0,2026-03-16T10:30:09.243295,neutral,0.509,2026-03-16T10:30:08.153583,0.4812634537012565,2026-03-16T10:30:09,54,,,
participant_17,3,day,Town10HD_Opt,2026-03-16 10:30:10.237598,-35.506893157958984,70.718017578125,0.0021069336216896,23.995,22.002,0.348,0.0,0,0,1,,1.0,2026-03-16T10:30:10.237598,neutral,0.926,2026-03-16T10:30:10.237598,0.4138106163944803,2026-03-16T10:30:09.991000,57,,,
participant_17,3,day,Town10HD_Opt,2026-03-16 10:30:11.065057,-32.8332405090332,69.91825866699219,0.0020756148733198,23.939,12.132,0.328,0.0,0,0,1,,0.919,2026-03-16T10:30:11.065057,neutral,0.926,2026-03-16T10:30:10.237598,0.4963552975529884,2026-03-16T10:30:11.006000,58,,,
participant_17,3,day,Town10HD_Opt,2026-03-16 10:30:12.006814,-28.70312690734864,69.57222747802734,0.0020706176292151,23.528,10.142,0.327,0.0,0,0,1,,0.902,2026-03-16T10:30:12.006814,neutral,0.926,2026-03-16T10:30:10.237598,0.4523545316556509,2026-03-16T10:30:11.970000,59,,,
participant_17,3,day,Town10HD_Opt,2026-03-16 10:30:13.273216,-23.26253128051757,69.8614501953125,0.0020547865424305,23.1,-2.621,0.327,0.0,0,0,1,,0.959,2026-03-16T10:30:13.273216,neutral,0.603,2026-03-16T10:30:13.273216,0.5118802062625311,2026-03-16T10:30:12.959000,60,,,
participant_17,3,day,Town10HD_Opt,2026-03-16 10:30:14.233830,-19.23838424682617,69.9567642211914,0.0020528030581772,22.839,0.815,0.328,0.0,0,0,1,,0.817,2026-03-16T10:30:14.233830,neutral,0.603,2026-03-16T10:30:13.273216,0.4697168921958996,2026-03-16T10:30:14.040000,59,,,
participant_17,3,day,Town10HD_Opt,2026-03-16 10:30:15.168045,-15.26027774810791,70.0866928100586,0.0020512770861387,22.587,-0.703,0.328,0.0,0,0,1,,1.0,2026-03-16T10:30:15.168045,neutral,0.603,2026-03-16T10:30:13.273216,0.469173458261306,2026-03-16T10:30:14.985000,62,,,
participant_17,3,day,Town10HD_Opt,2026-03-16 10:30:16.092281,-11.319897651672363,70.1524887084961,0.0020505141001194,22.377,-1.248,0.328,0.0,0,0,1,,0.808,2026-03-16T10:30:16.092281,sad,0.775,2026-03-16T10:30:16.092281,0.5121703845859465,2026-03-16T10:30:15.975000,65,,,
participant_17,3,day,Town10HD_Opt,2026-03-16 10:30:17.032101,-7.413825511932373,70.13492584228516,0.0020497892983257,22.191,-0.472,0.328,0.0,0,0,1,,1.0,2026-03-16T10:30:17.032101,sad,0.775,2026-03-16T10:30:16.092281,0.4486433707449231,2026-03-16T10:30:16.965000,66,,,
participant_17,3,day,Town10HD_Opt,2026-03-16 10:30:18.252635,-2.252580165863037,70.07672882080078,0.0020486831199377,21.98,-0.139,0.328,0.0,0,0,1,,1.0,2026-03-16T10:30:18.252635,neutral,0.731,2026-03-16T10:30:18.252635,0.4228499054475799,2026-03-16T10:30:18,68,,,
participant_17,3,day,Town10HD_Opt,2026-03-16 10:30:19.229380,1.565045952796936,70.02544403076172,0.0020748518873006,21.337,0.026,0.258,0.0,0,0,1,,0.902,2026-03-16T10:30:19.229380,neutral,0.731,2026-03-16T10:30:18.252635,0.4703785821606561,2026-03-16T10:30:18.990000,68,,,
participant_17,3,day,Town10HD_Opt,2026-03-16 10:30:20.117499,5.176708698272705,69.98302459716797,0.002090988215059,19.887,0.331,0.253,0.0,0,0,1,,0.853,2026-03-16T10:30:20.117499,neutral,0.731,2026-03-16T10:30:18.252635,0.4076685758678016,2026-03-16T10:30:19.981000,71,,,
participant_17,3,day,Town10HD_Opt,2026-03-16 10:30:21.023813,8.521238327026367,69.96258544921875,0.0021186827216297,18.115,0.233,0.139,0.0,0,0,1,,0.837,2026-03-16T10:30:21.023813,neutral,0.562,2026-03-16T10:30:21.023813,0.4343217954823052,2026-03-16T10:30:20.970000,70,,,
participant_17,3,day,Town10HD_Opt,2026-03-16 10:30:22.227468,12.530631065368652,69.95336151123047,0.0019835662096738,15.754,-0.016,0.12,0.0,0,0,1,,1.0,2026-03-16T10:30:22.227468,neutral,0.562,2026-03-16T10:30:21.023813,0.5129209755612154,2026-03-16T10:30:21.960000,69,,,
participant_17,3,day,Town10HD_Opt,2026-03-16 10:30:23.170359,15.140382766723633,69.94752502441406,0.0019756315741688,13.968,-0.023,0.121,0.0,0,0,1,,1.0,2026-03-16T10:30:23.170359,neutral,0.585,2026-03-16T10:30:23.170359,0.4514130779517695,2026-03-16T10:30:22.996000,69,,,
participant_17,3,day,Town10HD_Opt,2026-03-16 10:30:24.118124,17.46761131286621,69.94142150878906,0.0019644927233457,12.539,-0.023,0.12,0.0,0,0,1,,0.809,2026-03-16T10:30:24.118124,neutral,0.585,2026-03-16T10:30:23.170359,0.4895521852399839,2026-03-16T10:30:23.985000,65,,,
participant_17,3,day,Town10HD_Opt,2026-03-16 10:30:25.036742,19.56692695617676,69.93533325195312,0.0019558714702725,11.38,-0.023,0.12,0.0,0,0,1,,1.0,2026-03-16T10:30:25.036742,neutral,0.585,2026-03-16T10:30:23.170359,0.3883398844741846,2026-03-16T10:30:24.975000,63,,,
participant_17,3,day,Town10HD_Opt,2026-03-16 10:30:26.281480,22.0832462310791,69.92747497558594,0.0019477843306958,10.116,-0.023,0.0,0.0,0,0,1,,1.0,2026-03-16T10:30:26.281480,neutral,0.609,2026-03-16T10:30:26.281480,0.5157906823332914,2026-03-16T10:30:25.965000,61,,,
participant_17,3,day,Town10HD_Opt,2026-03-16 10:30:27.197065,23.69271469116211,69.921875,0.0019904708024114,7.859,-0.023,0.0,0.0,0,0,1,,1.0,2026-03-16T10:30:27.197065,neutral,0.609,2026-03-16T10:30:26.281480,0.4621786221305897,2026-03-16T10:30:27,62,,,
participant_17,3,day,Town10HD_Opt,2026-03-16 10:30:28.173407,24.93245315551757,69.91735076904297,0.0019903564825654,5.788,-0.023,0.0,0.166,0,0,1,,1.0,2026-03-16T10:30:28.173407,neutral,0.609,2026-03-16T10:30:26.281480,0.4828391453084457,2026-03-16T10:30:27.995000,61,,,
participant_17,3,day,Town10HD_Opt,2026-03-16 10:30:29.081732,25.13512420654297,69.91613006591797,0.0019839857704937,0.0,-0.023,0.0,0.004,0,0,1,,1.0,2026-03-16T10:30:29.081732,neutral,0.629,2026-03-16T10:30:29.081732,0.5560976878830323,2026-03-16T10:30:28.980000,59,,,
participant_17,3,day,Town10HD_Opt,2026-03-16 10:30:30.296745,25.37164306640625,69.9156265258789,0.0017912673065438,3.608,-0.026,0.312,0.0,0,0,1,,1.0,2026-03-16T10:30:30.296745,neutral,0.629,2026-03-16T10:30:29.081732,0.5376246463903106,2026-03-16T10:30:29.970000,59,,,
participant_17,3,day,Town10HD_Opt,2026-03-16 10:30:31.227004,26.095766067504883,69.9130859375,0.0019202422117814,4.078,-0.026,0.0,0.0,0,0,1,,1.0,2026-03-16T10:30:31.227004,fear,0.376,2026-03-16T10:30:31.227004,0.5386212161552851,2026-03-16T10:30:30.961000,58,,,
participant_17,3,day,Town10HD_Opt,2026-03-16 10:30:32.137989,26.20126724243164,69.91287231445312,0.0019567108247429,0.003,-0.026,0.0,0.0,0,0,1,,0.85,2026-03-16T10:30:32.137989,fear,0.376,2026-03-16T10:30:31.227004,0.560954458380688,2026-03-16T10:30:31.996000,57,,,
participant_17,3,day,Town10HD_Opt,2026-03-16 10:30:33.011618,26.27154922485352,69.91258239746094,0.0017990875057876,2.084,-0.035,0.555,0.0,0,0,1,,1.0,2026-03-16T10:30:33.011618,fear,0.376,2026-03-16T10:30:31.227004,0.5864583476034987,2026-03-16T10:30:32.985000,57,,,
participant_17,3,day,Town10HD_Opt,2026-03-16 10:30:34.191703,27.742265701293945,69.9081039428711,0.001798210083507,9.229,-0.035,0.254,0.0,0,0,1,,1.0,2026-03-16T10:30:34.191703,neutral,0.766,2026-03-16T10:30:34.191703,0.5667060078199333,2026-03-16T10:30:34.065000,56,,,
participant_17,3,day,Town10HD_Opt,2026-03-16 10:30:35.154861,29.45385360717773,69.9023208618164,0.0018961334135383,10.131,-0.035,0.187,0.0,0,0,1,,1.0,2026-03-16T10:30:35.154861,neutral,0.766,2026-03-16T10:30:34.191703,0.5819107473093359,2026-03-16T10:30:35.011000,54,,,
participant_17,3,day,Town10HD_Opt,2026-03-16 10:30:36.153733,31.234413146972656,69.88616943359375,0.0019265746232122,10.048,-2.188,0.137,0.0,0,0,1,,1.0,2026-03-16T10:30:36.153733,neutral,0.766,2026-03-16T10:30:34.191703,0.5248088408107389,2026-03-16T10:30:36,56,,,
participant_17,3,day,Town10HD_Opt,2026-03-16 10:30:37.128311,32.94993209838867,69.8086166381836,0.001935081440024,9.523,-3.693,0.111,0.0,0,0,1,,1.0,2026-03-16T10:30:37.128311,neutral,0.362,2026-03-16T10:30:37.128311,0.5421532095773116,2026-03-16T10:30:36.990000,56,,,
participant_17,3,day,Town10HD_Opt,2026-03-16 10:30:38.062007,34.502342224121094,69.68218994140625,0.0019841385073959,7.809,-3.693,0.0,0.0,0,0,1,,1.0,2026-03-16T10:30:38.062007,neutral,0.362,2026-03-16T10:30:37.128311,0.541003037489562,2026-03-16T10:30:37.981000,55,,,
participant_17,3,day,Town10HD_Opt,2026-03-16 10:30:39.083481,35.7062873840332,69.5253677368164,0.0019775009714066,5.987,-8.324,0.0,0.0,0,0,1,,1.0,2026-03-16T10:30:39.083481,neutral,0.362,2026-03-16T10:30:37.128311,0.5102662025162988,2026-03-16T10:30:38.971000,56,,,
participant_17,3,day,Town10HD_Opt,2026-03-16 10:30:40.061416,36.62057876586914,69.34825897216797,0.0019633101765066,4.531,-7.822,0.0,0.0,0,0,1,,1.0,2026-03-16T10:30:40.061416,neutral,0.363,2026-03-16T10:30:40.061416,0.5638691724499006,2026-03-16T10:30:39.961000,55,,,
participant_17,3,day,Town10HD_Opt,2026-03-16 10:30:41.108853,37.32796478271485,69.2230224609375,0.0018843078287318,4.518,6.649,0.636,0.0,0,0,1,,1.0,2026-03-16T10:30:41.108853,neutral,0.363,2026-03-16T10:30:40.061416,0.5781130376222162,2026-03-16T10:30:40.996000,53,,,
participant_17,3,day,Town10HD_Opt,2026-03-16 10:30:42.012994,39.01956558227539,69.13323211669922,0.0015799712855368,14.931,8.747,0.664,0.0,0,0,1,,1.0,2026-03-16T10:30:42.012994,neutral,0.363,2026-03-16T10:30:40.061416,0.5411656040976628,2026-03-16T10:30:41.986000,54,,,
participant_17,3,day,Town10HD_Opt,2026-03-16 10:30:43.224348,43.27405548095703,69.36148834228516,0.0019791794475167,19.96,0.606,0.496,0.0,0,0,1,,0.932,2026-03-16T10:30:43.224348,fear,0.371,2026-03-16T10:30:43.224348,0.5395468263186798,2026-03-16T10:30:42.975000,53,,,
participant_17,3,day,Town10HD_Opt,2026-03-16 10:30:44.278750,46.995155334472656,69.64302062988281,0.0019441604381427,23.001,0.964,0.47,0.0,0,0,1,,1.0,2026-03-16T10:30:44.278750,fear,0.371,2026-03-16T10:30:43.224348,0.5372121011176949,2026-03-16T10:30:43.970000,52,,,
participant_17,3,day,Town10HD_Opt,2026-03-16 10:30:45.202429,51.22737121582031,69.9630355834961,0.0019593429751694,25.653,-0.754,0.455,0.0,0,0,1,,1.0,2026-03-16T10:30:45.202429,fear,0.371,2026-03-16T10:30:43.224348,0.4838311588593875,2026-03-16T10:30:45.015000,53,,,
participant_17,3,day,Town10HD_Opt,2026-03-16 10:30:46.136590,55.88273620605469,70.22955322265625,0.0019749449566006,27.783,-1.029,0.45,0.0,0,0,1,,1.0,2026-03-16T10:30:46.136590,fear,0.426,2026-03-16T10:30:46.136590,0.4691391307278522,2026-03-16T10:30:45.990000,52,,,
participant_17,3,day,Town10HD_Opt,2026-03-16 10:30:47.015309,60.88006210327149,70.4006118774414,0.0019966887775808,29.302,-0.848,0.348,0.0,0,0,1,,1.0,2026-03-16T10:30:47.015309,fear,0.426,2026-03-16T10:30:46.136590,0.5256380345191621,2026-03-16T10:30:46.980000,55,,,
participant_17,3,day,Town10HD_Opt,2026-03-16 10:30:48.176546,67.43565368652344,70.43783569335938,0.0021710968576371,25.409,-0.79,0.0,0.0,0,0,1,,0.806,2026-03-16T10:30:48.176546,fear,0.344,2026-03-16T10:30:48.176546,0.4214879623858859,2026-03-16T10:30:47.970000,54,,,
participant_17,3,day,Town10HD_Opt,2026-03-16 10:30:49.042381,71.3908920288086,70.36404418945312,0.0022403716575354,19.258,-0.423,0.0,0.0,0,0,1,,1.0,2026-03-16T10:30:49.042381,fear,0.344,2026-03-16T10:30:48.176546,0.4798372320029877,2026-03-16T10:30:48.961000,55,,,
participant_17,3,day,Town10HD_Opt,2026-03-16 10:30:50.237285,75.23851013183594,70.26950073242188,0.0020445249974727,13.615,0.414,0.0,0.0,0,0,1,,1.0,2026-03-16T10:30:50.237285,fear,0.349,2026-03-16T10:30:50.237285,0.4759201519711567,2026-03-16T10:30:49.996000,57,,,
participant_17,3,day,Town10HD_Opt,2026-03-16 10:30:51.105824,77.35973358154297,70.22758483886719,0.0020190810319036,10.46,0.423,0.0,0.0,0,0,1,,1.0,2026-03-16T10:30:51.105824,fear,0.349,2026-03-16T10:30:50.237285,0.4248471864953268,2026-03-16T10:30:50.985000,56,,,
participant_17,3,day,Town10HD_Opt,2026-03-16 10:30:52.266763,79.40947723388672,70.19561004638672,0.001986312912777,7.266,0.005,0.125,0.0,0,0,1,,0.814,2026-03-16T10:30:52.266763,neutral,0.881,2026-03-16T10:30:52.266763,0.5289910562100015,2026-03-16T10:30:51.976000,55,Vehicle-pedestrian collision,Vehicle-pedestrian collision,
participant_17,3,day,Town10HD_Opt,2026-03-16 10:30:53.144647,80.77149200439453,70.17310333251953,0.0017797851469367,10.393,0.005,0.853,0.0,0,0,1,,0.915,2026-03-16T10:30:53.144647,neutral,0.881,2026-03-16T10:30:52.266763,0.546537382655403,2026-03-16T10:30:52.965000,55,,,
participant_17,3,day,Town10HD_Opt,2026-03-16 10:30:54.044025,83.63115692138672,70.12953186035156,0.0017805862007662,21.906,0.698,0.631,0.0,0,0,1,,0.921,2026-03-16T10:30:54.044025,neutral,0.881,2026-03-16T10:30:52.266763,0.5420013008736766,2026-03-16T10:30:54,54,,,
participant_17,3,day,Town10HD_Opt,2026-03-16 10:30:55.249186,88.96416473388672,70.38259887695312,0.0021339415106922,21.35,11.844,0.291,0.0,0,0,1,,0.929,2026-03-16T10:30:55.249186,neutral,0.638,2026-03-16T10:30:55.249186,0.5340753829783694,2026-03-16T10:30:54.991000,54,,,
participant_17,3,day,Town10HD_Opt,2026-03-16 10:30:56.183472,92.46707153320312,71.5282211303711,0.0019728469196707,22.915,17.953,0.682,0.0,0,0,1,,0.941,2026-03-16T10:30:56.183472,neutral,0.638,2026-03-16T10:30:55.249186,0.529204082909374,2026-03-16T10:30:55.980000,56,,,
participant_17,3,day,Town10HD_Opt,2026-03-16 10:30:57.044237,96.09842681884766,74.4032211303711,0.0017745970981195,31.8,17.291,0.752,0.0,0,0,1,,0.897,2026-03-16T10:30:57.044237,neutral,0.638,2026-03-16T10:30:55.249186,0.5622955390119366,2026-03-16T10:30:56.970000,56,,,
participant_17,3,day,Town10HD_Opt,2026-03-16 10:30:58.169645,99.24842834472656,81.96245574951172,0.0020166777539998,37.677,9.284,0.318,0.0,0,0,1,,0.911,2026-03-16T10:30:58.169645,neutral,0.956,2026-03-16T10:30:58.169645,0.6400681081099919,2026-03-16T10:30:58.005000,54,,,
participant_17,3,day,Town10HD_Opt,2026-03-16 10:30:59.056049,99.29932403564452,88.38711547851562,0.0021150968968868,35.548,0.585,0.322,0.0,0,0,1,,0.944,2026-03-16T10:30:59.056049,neutral,0.956,2026-03-16T10:30:58.169645,0.5961570355485254,2026-03-16T10:30:58.995000,56,,,
participant_17,3,day,Town10HD_Opt,2026-03-16 10:31:00.011799,98.92546844482422,94.42940521240234,0.0021022795699536,33.745,3.525,0.456,0.0,0,0,1,,1.0,2026-03-16T10:31:00.011799,neutral,0.956,2026-03-16T10:30:58.169645,0.5971560742309515,2026-03-16T10:30:59.986000,57,,,
participant_17,3,day,Town10HD_Opt,2026-03-16 10:31:01.232022,97.45843505859376,102.44730377197266,0.0019266509916633,37.401,4.122,0.575,0.0,0,0,1,,1.0,2026-03-16T10:31:01.232022,neutral,0.657,2026-03-16T10:31:01.232022,0.5792450214242374,2026-03-16T10:31:00.976000,56,,,
participant_17,3,day,Town10HD_Opt,2026-03-16 10:31:02.108646,95.3023681640625,108.91999816894533,0.0019348907517269,40.683,4.202,0.556,0.0,0,0,1,,0.873,2026-03-16T10:31:02.108646,neutral,0.657,2026-03-16T10:31:01.232022,0.6062322324223388,2026-03-16T10:31:01.965000,58,,,
participant_17,3,day,Town10HD_Opt,2026-03-16 10:31:03.027661,91.99607849121094,115.47312927246094,0.0019704054575413,43.248,5.411,0.546,0.0,0,0,1,,1.0,2026-03-16T10:31:03.027661,neutral,0.657,2026-03-16T10:31:01.232022,0.6127802581373262,2026-03-16T10:31:03.092000,57,,,
participant_17,3,day,Town10HD_Opt,2026-03-16 10:31:04.203039,85.3858871459961,123.3996810913086,0.0019934081938117,45.61,6.492,0.544,0.0,0,0,1,,0.812,2026-03-16T10:31:04.203039,neutral,0.827,2026-03-16T10:31:04.203039,0.6453202365495944,2026-03-16T10:31:04.035000,56,,,
participant_17,3,day,Town10HD_Opt,2026-03-16 10:31:05.146884,78.72195434570312,127.95670318603516,0.002004203852266,46.994,7.418,0.543,0.0,0,0,1,,1.0,2026-03-16T10:31:05.146884,neutral,0.827,2026-03-16T10:31:04.203039,0.6884740744927724,2026-03-16T10:31:04.980000,54,,,
participant_17,3,day,Town10HD_Opt,2026-03-16 10:31:06.089473,70.87872314453125,130.61192321777344,0.0020135496743023,48.082,6.974,0.541,0.0,0,0,1,,0.845,2026-03-16T10:31:06.089473,neutral,0.827,2026-03-16T10:31:04.203039,0.6601451955211569,2026-03-16T10:31:05.971000,55,,,
participant_17,3,day,Town10HD_Opt,2026-03-16 10:31:07.073380,62.44633483886719,131.06744384765625,0.0020960615947842,47.245,1.671,0.0,0.0,0,0,1,,0.827,2026-03-16T10:31:07.073380,neutral,0.396,2026-03-16T10:31:07.073380,0.6022035964418606,2026-03-16T10:31:07.006000,54,,,
participant_17,3,day,Town10HD_Opt,2026-03-16 10:31:08.048255,55.00039291381836,130.64407348632812,0.0023670578375458,37.009,-1.347,0.0,0.0,0,0,1,,0.884,2026-03-16T10:31:08.048255,neutral,0.396,2026-03-16T10:31:07.073380,0.6126380901714537,2026-03-16T10:31:07.995000,51,,,
participant_17,3,day,Town10HD_Opt,2026-03-16 10:31:09.052329,49.04356384277344,130.37860107421875,0.0021449278574436,32.453,-0.637,0.406,0.0,0,0,1,,0.845,2026-03-16T10:31:09.052329,neutral,0.396,2026-03-16T10:31:07.073380,0.5986870222927252,2026-03-16T10:31:08.985000,51,,,
participant_17,3,day,Town10HD_Opt,2026-03-16 10:31:10.037683,43.36652374267578,130.2270050048828,0.0020300291944295,32.719,-2.113,0.431,0.0,0,0,1,,0.822,2026-03-16T10:31:10.037683,happy,0.98,2026-03-16T10:31:10.037683,0.6676673364961407,2026-03-16T10:31:09.975000,52,,,
participant_17,3,day,Town10HD_Opt,2026-03-16 10:31:11.258220,35.57791519165039,130.38746643066406,0.0020062637049704,34.211,1.321,0.443,0.0,0,0,1,,0.945,2026-03-16T10:31:11.258220,happy,0.98,2026-03-16T10:31:10.037683,0.6868456856303978,2026-03-16T10:31:11.011000,53,,,
participant_17,3,day,Town10HD_Opt,2026-03-16 10:31:12.243324,29.52212142944336,130.4325714111328,0.0020156479440629,35.057,-0.435,0.443,0.0,0,0,1,,0.85,2026-03-16T10:31:12.243324,neutral,0.803,2026-03-16T10:31:12.243324,0.6489427063413796,2026-03-16T10:31:12,54,,,
participant_17,3,day,Town10HD_Opt,2026-03-16 10:31:13.203180,23.328765869140625,130.48851013183594,0.0020194626413285,35.781,0.211,0.443,0.0,0,0,1,,0.844,2026-03-16T10:31:13.203180,neutral,0.803,2026-03-16T10:31:12.243324,0.6344310795295197,2026-03-16T10:31:12.990000,52,,,
participant_17,3,day,Town10HD_Opt,2026-03-16 10:31:14.102528,17.01616859436035,130.51077270507812,0.0020225525368005,36.409,0.143,0.443,0.0,0,0,1,,0.898,2026-03-16T10:31:14.102528,neutral,0.803,2026-03-16T10:31:12.243324,0.5894743299107476,2026-03-16T10:31:13.981000,54,,,
participant_17,3,day,Town10HD_Opt,2026-03-16 10:31:15.041426,10.60629653930664,130.4990997314453,0.0020366667304188,36.593,0.287,0.134,0.0,0,0,1,,0.838,2026-03-16T10:31:15.041426,neutral,0.492,2026-03-16T10:31:15.041426,0.608339481479803,2026-03-16T10:31:14.970000,54,,,
participant_17,3,day,Town10HD_Opt,2026-03-16 10:31:16.256832,3.0352542400360107,130.42385864257812,0.0022897720336914,27.001,0.179,0.0,0.0,0,0,1,,1.0,2026-03-16T10:31:16.256832,neutral,0.492,2026-03-16T10:31:15.041426,0.6502829670117073,2026-03-16T10:31:16.140000,54,,,
participant_17,3,day,Town10HD_Opt,2026-03-16 10:31:17.204501,-1.1476870775222778,130.3614044189453,0.0022541808430105,20.368,0.179,0.0,0.0,0,0,1,,0.876,2026-03-16T10:31:17.204501,fear,0.52,2026-03-16T10:31:17.204501,0.6271667638239676,2026-03-16T10:31:16.995000,53,,,
participant_17,3,day,Town10HD_Opt,2026-03-16 10:31:18.136075,-4.307214260101318,130.3053741455078,0.0020077896770089,15.675,-0.454,0.0,0.0,0,0,1,,0.908,2026-03-16T10:31:18.136075,fear,0.52,2026-03-16T10:31:17.204501,0.6174670283326673,2026-03-16T10:31:17.986000,53,,,
participant_17,3,day,Town10HD_Opt,2026-03-16 10:31:19.041566,-6.778275489807129,130.27842712402344,0.0020097731612622,12.617,-0.103,0.078,0.0,0,0,1,,1.0,2026-03-16T10:31:19.041566,fear,0.52,2026-03-16T10:31:17.204501,0.6196022604769186,2026-03-16T10:31:18.975000,54,,,
participant_17,3,day,Town10HD_Opt,2026-03-16 10:31:20.203591,-9.492055892944336,130.2517547607422,0.0019578551873564,10.751,-0.103,0.122,0.0,0,0,1,,0.903,2026-03-16T10:31:20.203591,neutral,0.372,2026-03-16T10:31:20.203591,0.6665880230119785,2026-03-16T10:31:19.965000,53,,,
participant_17,3,day,Town10HD_Opt,2026-03-16 10:31:21.095888,-11.30286979675293,130.23631286621094,0.0019478225149214,9.868,-0.103,0.114,0.0,0,0,1,,0.85,2026-03-16T10:31:21.095888,neutral,0.372,2026-03-16T10:31:20.203591,0.6611448611461362,2026-03-16T10:31:21.046000,51,,,
participant_17,3,day,Town10HD_Opt,2026-03-16 10:31:22.013488,-12.965194702148438,130.22378540039062,0.001944274874404,9.114,-0.103,0.113,0.0,0,0,1,,0.843,2026-03-16T10:31:22.013488,neutral,0.372,2026-03-16T10:31:20.203591,0.5906165084506972,2026-03-16T10:31:21.991000,52,,,
participant_17,3,day,Town10HD_Opt,2026-03-16 10:31:23.186352,-15.04015064239502,130.21044921875,0.0019056319724768,9.125,-0.103,0.182,0.0,0,0,1,,0.865,2026-03-16T10:31:23.186352,fear,0.36,2026-03-16T10:31:23.186352,0.6460720094152592,2026-03-16T10:31:22.981000,52,,,
participant_17,3,day,Town10HD_Opt,2026-03-16 10:31:24.123613,-16.666723251342773,130.20175170898438,0.0019065856467932,9.501,-0.115,0.176,0.0,0,0,1,,0.864,2026-03-16T10:31:24.123613,fear,0.36,2026-03-16T10:31:23.186352,0.6917526318473108,2026-03-16T10:31:24.061000,53,,,
participant_17,3,day,Town10HD_Opt,2026-03-16 10:31:25.262532,-18.90626335144043,130.1935577392578,0.0019315337995067,9.407,-0.155,0.144,0.0,0,0,1,,0.853,2026-03-16T10:31:25.262532,neutral,0.69,2026-03-16T10:31:25.262532,0.6408236566664591,2026-03-16T10:31:25.006000,53,,,
participant_17,3,day,Town10HD_Opt,2026-03-16 10:31:26.137297,-20.90376663208008,130.18994140625,0.0016535186441615,16.421,-0.155,0.74,0.0,0,0,1,,0.874,2026-03-16T10:31:26.137297,neutral,0.69,2026-03-16T10:31:25.262532,0.6458406680155386,2026-03-16T10:31:25.995000,54,,,
participant_17,3,day,Town10HD_Opt,2026-03-16 10:31:27.022204,-24.27123260498047,130.18734741210938,0.0018517684657126,22.398,0.256,0.503,0.0,0,0,1,,0.932,2026-03-16T10:31:27.022204,neutral,0.69,2026-03-16T10:31:25.262532,0.7377418164576894,2026-03-16T10:31:26.986000,55,,,
participant_17,3,day,Town10HD_Opt,2026-03-16 10:31:28.203153,-29.71126174926757,129.79798889160156,0.0020819092169404,22.916,9.621,0.282,0.0,0,0,1,,0.837,2026-03-16T10:31:28.203153,neutral,0.427,2026-03-16T10:31:28.203153,0.7722787732202011,2026-03-16T10:31:27.975000,57,,,
participant_17,3,day,Town10HD_Opt,2026-03-16 10:31:29.135260,-33.43222427368164,128.65716552734375,0.0020954513456672,21.656,13.224,0.288,0.0,0,0,1,,0.91,2026-03-16T10:31:29.135260,neutral,0.427,2026-03-16T10:31:28.203153,0.7106632692224898,2026-03-16T10:31:29.011000,55,,,
participant_17,3,day,Town10HD_Opt,2026-03-16 10:31:30.006799,-36.56100082397461,126.7223129272461,0.0020940017420798,20.611,14.778,0.289,0.0,0,0,1,,0.838,2026-03-16T10:31:30.006799,neutral,0.427,2026-03-16T10:31:28.203153,0.661013564168691,2026-03-16T10:31:30,54,,,
participant_17,3,day,Town10HD_Opt,2026-03-16 10:31:31.236656,-39.56948852539063,123.18685150146484,0.0020866394042968,19.483,14.751,0.289,0.0,0,0,1,,0.875,2026-03-16T10:31:31.236656,neutral,0.5,2026-03-16T10:31:31.236656,0.6685339725277808,2026-03-16T10:31:30.991000,56,,,
participant_17,3,day,Town10HD_Opt,2026-03-16 10:31:32.173402,-40.89774703979492,120.06243133544922,0.0019696045201271,19.274,14.317,0.291,0.0,0,0,1,,0.808,2026-03-16T10:31:32.173402,neutral,0.5,2026-03-16T10:31:31.236656,0.7183373909969,2026-03-16T10:31:31.980000,55,,,
participant_17,3,day,Town10HD_Opt,2026-03-16 10:31:33.152868,-41.473106384277344,116.67861938476562,0.0019693374633789,20.926,7.651,0.497,0.0,0,0,1,,0.926,2026-03-16T10:31:33.152868,neutral,0.5,2026-03-16T10:31:31.236656,0.5822349125259738,2026-03-16T10:31:32.971000,56,,,
participant_17,3,day,Town10HD_Opt,2026-03-16 10:31:34.095822,-41.70082473754883,112.73853302001952,0.0019564819522202,23.947,1.643,0.408,0.0,0,0,1,,0.902,2026-03-16T10:31:34.095822,neutral,0.392,2026-03-16T10:31:34.095822,0.6686578995695344,2026-03-16T10:31:34.007000,56,,,
participant_17,3,day,Town10HD_Opt,2026-03-16 10:31:35.088293,-41.77879333496094,108.41535949707033,0.0020036697387695,25.282,1.14,0.375,0.0,0,0,1,,0.827,2026-03-16T10:31:35.088293,neutral,0.392,2026-03-16T10:31:34.095822,0.670936526352749,2026-03-16T10:31:34.996000,58,,,
participant_17,3,day,Town10HD_Opt,2026-03-16 10:31:36.004333,-41.71940994262695,103.94092559814452,0.0020353698637336,25.627,0.242,0.354,0.0,0,0,1,,0.86,2026-03-16T10:31:36.004333,neutral,0.392,2026-03-16T10:31:34.095822,0.6385957327002365,2026-03-16T10:31:35.986000,56,,,
participant_17,3,day,Town10HD_Opt,2026-03-16 10:31:37.270044,-41.58977890014648,97.92446899414062,0.0020402146037667,25.799,-0.618,0.353,0.0,0,0,1,,0.901,2026-03-16T10:31:37.270044,neutral,0.354,2026-03-16T10:31:37.270044,0.5774614371150372,2026-03-16T10:31:36.975000,57,,,
participant_17,3,day,Town10HD_Opt,2026-03-16 10:31:38.192003,-41.54178237915039,93.38742065429688,0.0020412444137036,25.904,-1.046,0.354,0.0,0,0,1,,0.839,2026-03-16T10:31:38.192003,neutral,0.354,2026-03-16T10:31:37.270044,0.6368876842384964,2026-03-16T10:31:37.966000,60,,,
participant_17,3,day,Town10HD_Opt,2026-03-16 10:31:39.178849,-41.56075286865234,88.83280181884766,0.0020414732862263,25.992,-0.486,0.344,0.0,0,0,1,,0.822,2026-03-16T10:31:39.178849,neutral,0.354,2026-03-16T10:31:37.270044,0.6888979126583168,2026-03-16T10:31:39.002000,59,,,
participant_17,3,day,Town10HD_Opt,2026-03-16 10:31:40.162251,-41.554935455322266,84.31333923339844,0.0020822524093091,25.109,2.506,0.275,0.0,0,0,1,,0.868,2026-03-16T10:31:40.162251,fear,0.335,2026-03-16T10:31:40.162251,0.6451777050013775,2026-03-16T10:31:40.036000,60,,,
participant_17,3,day,Town10HD_Opt,2026-03-16 10:31:41.150584,-41.21917724609375,80.04666137695312,0.0021068190690129,23.5,9.002,0.269,0.0,0,0,1,,0.905,2026-03-16T10:31:41.150584,fear,0.335,2026-03-16T10:31:40.162251,0.625671370229363,2026-03-16T10:31:40.981000,59,,,
participant_17,3,day,Town10HD_Opt,2026-03-16 10:31:42.096879,-40.11119079589844,76.26024627685547,0.00212371814996,21.561,14.776,0.251,0.0,0,0,1,,0.952,2026-03-16T10:31:42.096879,fear,0.335,2026-03-16T10:31:40.162251,0.709479493668522,2026-03-16T10:31:41.971000,57,,,
participant_17,3,day,Town10HD_Opt,2026-03-16 10:31:43.089519,-38.08550262451172,73.29620361328125,0.0021348190493881,19.686,21.943,0.255,0.0,0,0,1,,0.87,2026-03-16T10:31:43.089519,neutral,0.67,2026-03-16T10:31:43.089519,0.6424096406037245,2026-03-16T10:31:43.006000,56,,,
participant_17,3,day,Town10HD_Opt,2026-03-16 10:31:44.109253,-35.356441497802734,71.43392944335938,0.0021080016158521,18.447,18.425,0.287,0.0,0,0,1,,0.865,2026-03-16T10:31:44.109253,neutral,0.67,2026-03-16T10:31:43.089519,0.6262783881134871,2026-03-16T10:31:43.996000,58,,,
participant_17,3,day,Town10HD_Opt,2026-03-16 10:31:45.066082,-32.32198715209961,70.46987915039062,0.0020781706552952,18.465,12.204,0.316,0.0,0,0,1,,0.903,2026-03-16T10:31:45.066082,neutral,0.67,2026-03-16T10:31:43.089519,0.6899991813899059,2026-03-16T10:31:44.986000,57,,,
participant_17,3,day,Town10HD_Opt,2026-03-16 10:31:46.011429,-29.110509872436523,70.07792663574219,0.0020028303842991,19.39,6.898,0.417,0.0,0,0,1,,0.891,2026-03-16T10:31:46.011429,neutral,0.901,2026-03-16T10:31:46.011429,0.6520259700799251,2026-03-16T10:31:45.975000,57,,,
participant_17,3,day,Town10HD_Opt,2026-03-16 10:31:47.259862,-24.322492599487305,69.96745300292969,0.0019675062503665,22.148,-0.519,0.478,0.0,0,0,1,,0.89,2026-03-16T10:31:47.259862,neutral,0.901,2026-03-16T10:31:46.011429,0.5994872166942364,2026-03-16T10:31:46.965000,59,,,
participant_17,3,day,Town10HD_Opt,2026-03-16 10:31:48.220771,-20.169008255004883,69.87068939208984,0.0019261932466179,25.891,0.75,0.471,0.0,0,0,1,,1.0,2026-03-16T10:31:48.220771,neutral,0.832,2026-03-16T10:31:48.220771,0.6708457373991633,2026-03-16T10:31:48.001000,59,,,
participant_17,3,day,Town10HD_Opt,2026-03-16 10:31:49.213211,-15.47256565093994,69.82672882080078,0.0019752120133489,27.953,0.343,0.442,0.0,0,0,1,,0.887,2026-03-16T10:31:49.213211,neutral,0.832,2026-03-16T10:31:48.220771,0.6867302006050471,2026-03-16T10:31:48.990000,59,,,
participant_17,3,day,Town10HD_Opt,2026-03-16 10:31:50.188319,-10.455368041992188,69.83415985107422,0.0019969558343291,29.433,0.465,0.428,0.0,0,0,1,,0.91,2026-03-16T10:31:50.188319,neutral,0.832,2026-03-16T10:31:48.220771,0.743490405262309,2026-03-16T10:31:49.981000,58,,,
participant_17,3,day,Town10HD_Opt,2026-03-16 10:31:51.116190,-5.214139461517334,69.90160369873047,0.0020070266909897,30.55,-0.12,0.428,0.0,0,0,1,,1.0,2026-03-16T10:31:51.116190,sad,0.346,2026-03-16T10:31:51.116190,0.6570073253303238,2026-03-16T10:31:50.971000,59,Solid line crossing,Solid line crossing,
participant_17,3,day,Town10HD_Opt,2026-03-16 10:31:52.055863,0.2098976075649261,69.96651458740234,0.0020118711981922,31.515,-0.287,0.427,0.0,0,0,1,,0.84,2026-03-16T10:31:52.055863,sad,0.346,2026-03-16T10:31:51.116190,0.7331351025767651,2026-03-16T10:31:52.006000,59,,,
participant_17,3,day,Town10HD_Opt,2026-03-16 10:31:53.000026,5.744375705718994,69.98995971679688,0.002098464872688,30.608,-0.087,0.007,0.0,0,0,1,,0.821,2026-03-16T10:31:53.000026,sad,0.346,2026-03-16T10:31:51.116190,0.694846025884289,2026-03-16T10:31:52.995000,62,,,
participant_17,3,day,Town10HD_Opt,2026-03-16 10:31:54.174296,11.91814136505127,69.9921875,0.0022585678379982,21.661,-0.054,0.0,0.0,0,0,1,,0.852,2026-03-16T10:31:54.174296,neutral,0.34,2026-03-16T10:31:54.174296,0.6285837183900727,2026-03-16T10:31:53.987000,63,,,
participant_17,3,day,Town10HD_Opt,2026-03-16 10:31:55.060381,15.261959075927734,69.98701477050781,0.0019650650210678,16.562,-0.305,0.0,0.0,0,0,1,,0.839,2026-03-16T10:31:55.060381,neutral,0.34,2026-03-16T10:31:54.174296,0.6486350403991008,2026-03-16T10:31:54.975000,63,,,
participant_17,3,day,Town10HD_Opt,2026-03-16 10:31:56.012931,17.854598999023438,69.97584533691406,0.0020122909918427,13.283,0.092,0.16,0.0,0,0,1,,0.881,2026-03-16T10:31:56.012931,neutral,0.34,2026-03-16T10:31:54.174296,0.7336766625362717,2026-03-16T10:31:55.966000,62,,,
participant_17,3,day,Town10HD_Opt,2026-03-16 10:31:57.193574,20.873437881469727,69.96881103515625,0.0019514465238898,12.316,-0.035,0.104,0.0,0,0,1,,0.849,2026-03-16T10:31:57.193574,sad,0.341,2026-03-16T10:31:57.193574,0.6850156962496367,2026-03-16T10:31:57.001000,61,,,
participant_17,3,day,Town10HD_Opt,2026-03-16 10:31:58.110243,22.91128158569336,69.96240997314453,0.0019673155620694,10.83,-0.101,0.093,0.0,0,0,1,,1.0,2026-03-16T10:31:58.110243,sad,0.341,2026-03-16T10:31:57.193574,0.6916469099129062,2026-03-16T10:31:58.037000,60,,,
participant_17,3,day,Town10HD_Opt,2026-03-16 10:31:59.005520,24.661067962646484,69.95476531982422,0.0019937513861805,8.752,-0.101,0.0,0.0,0,0,1,,0.813,2026-03-16T10:31:59.005520,sad,0.341,2026-03-16T10:31:57.193574,0.706558991591346,2026-03-16T10:31:58.980000,57,,,
participant_17,3,day,Town10HD_Opt,2026-03-16 10:32:00.198793,26.03719711303711,69.94710540771484,0.0023140334524214,0.001,-0.101,0.0,0.183,0,0,1,,0.836,2026-03-16T10:32:00.198793,neutral,0.726,2026-03-16T10:32:00.198793,0.7751921937414032,2026-03-16T10:31:59.971000,60,,,
participant_17,3,day,Town10HD_Opt,2026-03-16 10:32:01.060210,26.038068771362305,69.94710540771484,0.0019316100515425,0.045,-0.101,0.56,0.0,0,0,1,,1.0,2026-03-16T10:32:01.060210,neutral,0.726,2026-03-16T10:32:00.198793,0.7384460838320797,2026-03-16T10:32:01.005000,59,,,
participant_17,3,day,Town10HD_Opt,2026-03-16 10:32:02.247915,27.38161277770996,69.93930053710938,0.001550636254251,14.093,-0.223,0.638,0.0,0,0,1,,0.814,2026-03-16T10:32:02.247915,neutral,0.55,2026-03-16T10:32:02.247915,0.7721432666277916,2026-03-16T10:32:01.996000,59,Solid line crossing,Solid line crossing,errors=Stop sign violation
participant_17,3,day,Town10HD_Opt,2026-03-16 10:32:03.233401,30.29228973388672,69.83928680419922,0.0020481871906667,18.353,-8.077,0.415,0.0,0,0,1,,1.0,2026-03-16T10:32:03.233401,neutral,0.55,2026-03-16T10:32:02.247915,0.7963600597249025,2026-03-16T10:32:03.007000,60,,,
participant_17,3,day,Town10HD_Opt,2026-03-16 10:32:04.161215,33.54430389404297,69.23368835449219,0.001988410949707,20.109,-12.728,0.48,0.0,0,0,1,,0.867,2026-03-16T10:32:04.161215,neutral,0.55,2026-03-16T10:32:02.247915,0.7415243900294166,2026-03-16T10:32:03.977000,58,,,
participant_17,3,day,Town10HD_Opt,2026-03-16 10:32:05.107068,36.94380187988281,67.69937133789062,0.0019613264594227,23.167,-15.036,0.48,0.0,0,0,1,,0.837,2026-03-16T10:32:05.107068,neutral,0.488,2026-03-16T10:32:05.107068,0.8553312445857624,2026-03-16T10:32:04.967000,58,,,
participant_17,3,day,Town10HD_Opt,2026-03-16 10:32:06.025183,40.18315887451172,64.95037078857422,0.0017721175681799,25.824,-12.585,0.46,0.0,0,0,1,,1.0,2026-03-16T10:32:06.025183,neutral,0.488,2026-03-16T10:32:05.107068,0.8227623568101002,2026-03-16T10:32:06.003000,57,,,
participant_17,3,day,Town10HD_Opt,2026-03-16 10:32:07.213331,43.37635803222656,59.55651092529297,0.0019748306367546,28.555,-13.443,0.444,0.0,0,0,1,,1.0,2026-03-16T10:32:07.213331,neutral,0.41,2026-03-16T10:32:07.213331,0.9151600089690008,2026-03-16T10:32:06.994000,56,,,
participant_17,3,day,Town10HD_Opt,2026-03-16 10:32:08.172502,44.22669982910156,54.72989273071289,0.0021517944987863,26.637,-11.12,0.155,0.0,0,0,1,,1.0,2026-03-16T10:32:08.172502,neutral,0.41,2026-03-16T10:32:07.213331,0.8689657236737578,2026-03-16T10:32:07.981000,57,,,
participant_17,3,day,Town10HD_Opt,2026-03-16 10:32:09.144149,44.18345260620117,50.51425552368164,0.0022434997372329,21.049,1.514,0.0,0.0,0,0,1,,0.908,2026-03-16T10:32:09.144149,neutral,0.41,2026-03-16T10:32:07.213331,0.8777234248827798,2026-03-16T10:32:08.970000,56,,,
participant_17,3,day,Town10HD_Opt,2026-03-16 10:32:10.044707,44.14070129394531,47.30716323852539,0.0019963455852121,15.683,-0.994,0.0,0.0,0,0,1,,1.0,2026-03-16T10:32:10.044707,neutral,0.484,2026-03-16T10:32:10.044707,0.8762315214598502,2026-03-16T10:32:10.006000,55,,,
participant_17,3,day,Town10HD_Opt,2026-03-16 10:32:11.199656,44.05243682861328,44.13917541503906,0.0020257185678929,11.188,-0.143,0.0,0.0,0,0,1,,1.0,2026-03-16T10:32:11.199656,neutral,0.484,2026-03-16T10:32:10.044707,0.8131515985074343,2026-03-16T10:32:10.998000,56,,,
participant_17,3,day,Town10HD_Opt,2026-03-16 10:32:12.081002,44.0045166015625,42.46736145019531,0.0020323942881077,7.651,-0.143,0.0,0.059,0,0,1,,1.0,2026-03-16T10:32:12.081002,neutral,0.473,2026-03-16T10:32:12.081002,0.8773800556047777,2026-03-16T10:32:11.986000,54,,,
participant_17,3,day,Town10HD_Opt,2026-03-16 10:32:13.263717,43.97130584716797,41.35254287719727,0.0021774291526526,0.001,-0.141,0.0,0.269,0,0,1,,0.809,2026-03-16T10:32:13.263717,neutral,0.473,2026-03-16T10:32:12.081002,0.8821234151456688,2026-03-16T10:32:12.977000,53,,,
participant_17,3,day,Town10HD_Opt,2026-03-16 10:32:14.144054,43.97089385986328,41.33316802978516,0.0018594360444694,1.835,1.941,0.893,0.0,0,0,1,,1.0,2026-03-16T10:32:14.144054,neutral,0.54,2026-03-16T10:32:14.144054,0.8678240070531006,2026-03-16T10:32:14.056000,53,,,
participant_17,3,day,Town10HD_Opt,2026-03-16 10:32:15.065888,44.02191925048828,39.943119049072266,0.0014810180291533,15.329,8.296,0.729,0.0,0,0,1,,0.905,2026-03-16T10:32:15.065888,neutral,0.54,2026-03-16T10:32:14.144054,0.8928571826004927,2026-03-16T10:32:15.002000,56,,,
participant_17,3,day,Town10HD_Opt,2026-03-16 10:32:16.023100,44.50044631958008,36.79645156860352,0.0019506072858348,20.097,12.369,0.548,0.0,0,0,1,,0.863,2026-03-16T10:32:16.023100,neutral,0.54,2026-03-16T10:32:14.144054,0.8670029986651789,2026-03-16T10:32:15.991000,56,,,
participant_17,3,day,Town10HD_Opt,2026-03-16 10:32:17.233274,46.823974609375,31.869150161743164,0.0018422699067741,28.254,18.189,0.657,0.0,0,0,1,,1.0,2026-03-16T10:32:17.233274,neutral,0.342,2026-03-16T10:32:17.233274,0.8886450673846265,2026-03-16T10:32:16.983000,57,,,
participant_17,3,day,Town10HD_Opt,2026-03-16 10:32:18.136732,50.92353057861328,28.510358810424805,0.002018546918407,31.516,17.931,0.225,0.0,0,0,1,,1.0,2026-03-16T10:32:18.136732,neutral,0.342,2026-03-16T10:32:17.233274,0.90379802399675,2026-03-16T10:32:18.017000,55,,,
participant_17,3,day,Town10HD_Opt,2026-03-16 10:32:19.040590,55.92205810546875,27.214738845825195,0.002214279025793,27.627,15.773,0.175,0.0,0,0,1,,1.0,2026-03-16T10:32:19.040590,neutral,0.342,2026-03-16T10:32:17.233274,0.924076941352221,2026-03-16T10:32:19.007000,55,,,
participant_17,3,day,Town10HD_Opt,2026-03-16 10:32:20.215653,61.72053146362305,27.677135467529297,0.0021694563329219,22.236,-3.229,0.161,0.0,0,0,1,,1.0,2026-03-16T10:32:20.215653,neutral,0.892,2026-03-16T10:32:20.215653,0.9081049658633696,2026-03-16T10:32:19.996000,56,,,
participant_17,3,day,Town10HD_Opt,2026-03-16 10:32:21.107433,65.57786560058594,27.938995361328125,0.0019079208141192,24.352,0.808,0.668,0.0,0,0,1,,0.831,2026-03-16T10:32:21.107433,neutral,0.892,2026-03-16T10:32:20.215653,0.9073487712086976,2026-03-16T10:32:20.986000,56,,,
participant_17,3,day,Town10HD_Opt,2026-03-16 10:32:22.283175,72.39361572265625,28.44859504699707,0.0017555236117914,36.183,-0.39,0.909,0.0,0,0,1,,1.0,2026-03-16T10:32:22.283175,neutral,0.455,2026-03-16T10:32:22.283175,0.9498791109497916,2026-03-16T10:32:21.976000,59,,,
participant_17,3,day,Town10HD_Opt,2026-03-16 10:32:23.263941,79.52322387695312,28.89144897460937,0.0016748427879065,46.953,-1.309,0.841,0.0,0,0,1,,1.0,2026-03-16T10:32:23.263941,neutral,0.455,2026-03-16T10:32:22.283175,0.9246024392193162,2026-03-16T10:32:23.012000,57,,,
participant_17,3,day,Town10HD_Opt,2026-03-16 10:32:24.162340,88.24676513671875,29.094560623168945,0.0021374893840402,49.001,-2.899,0.835,0.0,0,0,1,,1.0,2026-03-16T10:32:24.162340,neutral,0.455,2026-03-16T10:32:22.283175,0.8750875675572823,2026-03-16T10:32:24.001000,56,,,
participant_17,3,day,Town10HD_Opt,2026-03-16 10:32:25.050491,96.82649993896484,27.895891189575195,0.0021173858549445,48.732,-7.007,0.0,0.0,0,0,1,,0.858,2026-03-16T10:32:25.050491,fear,0.343,2026-03-16T10:32:25.050491,0.8856649824943256,2026-03-16T10:32:24.991000,58,,,
participant_17,3,day,Town10HD_Opt,2026-03-16 10:32:26.229627,105.21370697021484,22.927091598510746,0.0023365020751953,35.77,-11.231,0.179,0.0,0,0,1,,0.808,2026-03-16T10:32:26.229627,fear,0.343,2026-03-16T10:32:25.050491,0.8174601408344899,2026-03-16T10:32:25.981000,59,,,
participant_17,3,day,Town10HD_Opt,2026-03-16 10:32:27.111502,108.49565887451172,18.04351043701172,0.0020545576699078,34.094,-12.733,0.133,0.0,0,0,1,,0.842,2026-03-16T10:32:27.111502,neutral,0.318,2026-03-16T10:32:27.111502,0.9361812036338286,2026-03-16T10:32:27.106000,58,,,
participant_17,3,day,Town10HD_Opt,2026-03-16 10:32:28.027323,109.86380004882812,12.635994911193848,0.0023079300299286,28.22,-9.727,0.0,0.23,0,0,1,,1.0,2026-03-16T10:32:28.027323,neutral,0.318,2026-03-16T10:32:27.111502,0.8630975429504447,2026-03-16T10:32:28.051000,57,,,
participant_17,3,day,Town10HD_Opt,2026-03-16 10:32:29.227716,109.9425277709961,7.4638671875,0.0019905089866369,16.248,3.057,0.0,0.413,0,0,1,,1.0,2026-03-16T10:32:29.227716,fear,0.363,2026-03-16T10:32:29.227716,0.8341091278656622,2026-03-16T10:32:28.996000,56,,,errors=Harsh braking
participant_17,3,day,Town10HD_Opt,2026-03-16 10:32:30.107846,110.0032196044922,5.269168376922607,0.0022165297996252,7.543,2.113,0.0,1.0,0,0,1,,0.899,2026-03-16T10:32:30.107846,fear,0.363,2026-03-16T10:32:29.227716,0.8414760192442865,2026-03-16T10:32:29.986000,57,,,
participant_17,3,day,Town10HD_Opt,2026-03-16 10:32:31.041100,110.01433563232422,5.000065326690674,0.0020114898215979,0.0,1.887,0.0,1.0,0,0,1,,0.861,2026-03-16T10:32:31.041100,fear,0.363,2026-03-16T10:32:29.227716,0.8818687913918841,2026-03-16T10:32:31.021000,56,,,
participant_17,3,day,Town10HD_Opt,2026-03-16 10:32:32.148799,110.01434326171876,4.999961853027344,0.00192012777552,0.0,0.489,0.0,0.0,0,0,1,,0.904,2026-03-16T10:32:32.148799,angry,0.545,2026-03-16T10:32:32.148799,0.852268043389533,2026-03-16T10:32:32.056000,57,,,
participant_17,3,day,Town10HD_Opt,2026-03-16 10:32:33.267625,110.01569366455078,4.943522930145264,0.0017509460449218,3.469,-0.251,1.0,0.0,0,0,1,,1.0,2026-03-16T10:32:33.267625,angry,0.545,2026-03-16T10:32:32.148799,0.7847112866053937,2026-03-16T10:32:33.001000,57,,,
participant_17,3,day,Town10HD_Opt,2026-03-16 10:32:34.138391,110.0594711303711,3.122097969055176,0.0024003982543945,19.116,-0.362,1.0,0.0,0,0,1,,0.818,2026-03-16T10:32:34.138391,angry,0.545,2026-03-16T10:32:32.148799,0.7717877667365621,2026-03-16T10:32:33.992000,59,,,
participant_17,3,day,Town10HD_Opt,2026-03-16 10:32:35.011331,110.1278305053711,-1.2662211656570437,0.0015151214320212,33.77,-0.482,0.875,0.0,0,0,1,,1.0,2026-03-16T10:32:35.011331,neutral,0.307,2026-03-16T10:32:35.011331,0.8772666538185574,2026-03-16T10:32:34.981000,56,,,
participant_17,3,day,Town10HD_Opt,2026-03-16 10:32:36.216226,110.13331604003906,-10.102709770202637,0.0020519255194813,38.241,0.268,0.193,0.0,0,0,1,,1.0,2026-03-16T10:32:36.216226,neutral,0.307,2026-03-16T10:32:35.011331,0.7969478863635763,2026-03-16T10:32:36.016000,58,,,
participant_17,3,day,Town10HD_Opt,2026-03-16 10:32:37.096347,110.13468170166016,-16.382896423339844,0.0022279738914221,32.386,-1.577,0.126,0.0,0,0,1,,1.0,2026-03-16T10:32:37.096347,sad,0.325,2026-03-16T10:32:37.096347,0.8223684019580157,2026-03-16T10:32:37.006000,61,,,
participant_17,3,day,Town10HD_Opt,2026-03-16 10:32:38.234487,109.79691314697266,-23.35845947265625,0.0020851134322583,28.575,-1.796,0.434,0.0,0,0,1,,0.862,2026-03-16T10:32:38.234487,sad,0.325,2026-03-16T10:32:37.096347,0.8680919791442131,2026-03-16T10:32:37.996000,61,,,
participant_17,3,day,Town10HD_Opt,2026-03-16 10:32:39.106530,109.25462341308594,-28.449893951416016,0.0019866561051458,30.258,-3.118,0.458,0.0,0,0,1,,1.0,2026-03-16T10:32:39.106530,sad,0.513,2026-03-16T10:32:39.106530,0.8073672552616573,2026-03-16T10:32:38.986000,63,,,
participant_17,3,day,Town10HD_Opt,2026-03-16 10:32:40.224261,107.76499938964844,-35.59089660644531,0.001994667109102,32.406,-4.558,0.458,0.0,0,0,1,,0.911,2026-03-16T10:32:40.224261,sad,0.513,2026-03-16T10:32:39.106530,0.8357295887322268,2026-03-16T10:32:39.976000,63,,,
participant_17,3,day,Town10HD_Opt,2026-03-16 10:32:41.110467,105.76168823242188,-41.08160400390625,0.0019196700304746,35.507,-5.456,0.571,0.0,0,0,1,,0.902,2026-03-16T10:32:41.110467,sad,0.535,2026-03-16T10:32:41.110467,0.8505948763712818,2026-03-16T10:32:41.011000,61,,,
participant_17,3,day,Town10HD_Opt,2026-03-16 10:32:42.231841,101.3019790649414,-48.63121032714844,0.0019536591134965,39.732,-4.518,0.512,0.0,0,0,1,,0.816,2026-03-16T10:32:42.231841,sad,0.535,2026-03-16T10:32:41.110467,0.9433541473545344,2026-03-16T10:32:42.002000,65,,,
participant_17,3,day,Town10HD_Opt,2026-03-16 10:32:43.144306,96.63736724853516,-53.95428085327149,0.0020040129311382,41.172,-4.405,0.487,0.0,0,0,1,,1.0,2026-03-16T10:32:43.144306,sad,0.4,2026-03-16T10:32:43.144306,0.9049664207530964,2026-03-16T10:32:42.994000,65,,,
participant_17,3,day,Town10HD_Opt,2026-03-16 10:32:44.012477,91.06876373291016,-58.62269973754883,0.0020185851026326,42.013,-4.417,0.487,0.0,0,0,1,,1.0,2026-03-16T10:32:44.012477,sad,0.4,2026-03-16T10:32:43.144306,0.8986425152069356,2026-03-16T10:32:43.981000,66,,,
participant_17,3,day,Town10HD_Opt,2026-03-16 10:32:45.121378,82.45856475830078,-63.47882080078125,0.0020243453327566,42.925,-4.667,0.486,0.0,0,0,1,,0.86,2026-03-16T10:32:45.121378,sad,0.4,2026-03-16T10:32:43.144306,0.8678603887359678,2026-03-16T10:32:45.016000,68,,,
participant_17,3,day,Town10HD_Opt,2026-03-16 10:32:46.276755,72.80644226074219,-66.37066650390625,0.0020286941435188,43.659,-4.641,0.487,0.0,0,0,1,,1.0,2026-03-16T10:32:46.276755,sad,0.433,2026-03-16T10:32:46.276755,0.99,2026-03-16T10:32:46.006000,68,,,
participant_17,3,day,Town10HD_Opt,2026-03-16 10:32:47.194420,65.18492889404297,-67.19127655029297,0.0020428465213626,43.867,-0.909,0.414,0.0,0,0,1,,1.0,2026-03-16T10:32:47.194420,sad,0.433,2026-03-16T10:32:46.276755,0.8704340254261227,2026-03-16T10:32:46.996000,66,,,
participant_17,3,day,Town10HD_Opt,2026-03-16 10:32:48.139312,57.66903305053711,-67.56000518798828,0.0021140670869499,41.748,-0.837,0.331,0.0,0,0,1,,0.866,2026-03-16T10:32:48.139312,sad,0.433,2026-03-16T10:32:46.276755,0.8466219877471959,2026-03-16T10:32:47.986000,64,,,
participant_17,3,day,Town10HD_Opt,2026-03-16 10:32:49.100427,50.57665252685547,-67.73455047607422,0.0021218489855527,39.089,-0.04,0.352,0.0,0,0,1,,1.0,2026-03-16T10:32:49.100427,sad,0.377,2026-03-16T10:32:49.100427,0.8788428266881348,2026-03-16T10:32:49.021000,62,,,
participant_17,3,day,Town10HD_Opt,2026-03-16 10:32:50.085182,43.87882232666016,-67.85535430908203,0.0021085357293486,37.179,-0.139,0.342,0.0,0,0,1,,0.965,2026-03-16T10:32:50.085182,sad,0.377,2026-03-16T10:32:49.100427,0.8778643705315424,2026-03-16T10:32:50.011000,61,,,
participant_17,3,day,Town10HD_Opt,2026-03-16 10:32:51.255640,35.48488998413086,-67.93661499023438,0.0021044157911092,34.618,-0.345,0.332,0.0,0,0,1,,0.804,2026-03-16T10:32:51.255640,fear,0.291,2026-03-16T10:32:51.255640,0.8918901055341478,2026-03-16T10:32:51.002000,60,,,
participant_17,3,day,Town10HD_Opt,2026-03-16 10:32:52.132522,29.56247329711914,-67.92338562011719,0.0020965193398296,32.944,-0.197,0.331,0.0,0,0,1,,0.864,2026-03-16T10:32:52.132522,fear,0.291,2026-03-16T10:32:51.255640,0.934747794717992,2026-03-16T10:32:51.991000,61,,,
participant_17,3,day,Town10HD_Opt,2026-03-16 10:32:53.040082,23.914995193481445,-67.88124084472656,0.0020896529313176,31.493,0.078,0.331,0.0,0,0,1,,0.888,2026-03-16T10:32:53.040082,fear,0.291,2026-03-16T10:32:51.255640,0.9713383606948875,2026-03-16T10:32:52.981000,59,,,
participant_17,3,day,Town10HD_Opt,2026-03-16 10:32:54.224442,16.750341415405273,-67.83755493164062,0.0020816803444176,29.851,0.078,0.33,0.0,0,0,1,,0.858,2026-03-16T10:32:54.224442,neutral,0.303,2026-03-16T10:32:54.224442,0.9595868153179674,2026-03-16T10:32:54.017000,59,,,
participant_17,3,day,Town10HD_Opt,2026-03-16 10:32:55.162295,11.611106872558594,-67.81903839111328,0.0020767210517078,28.806,0.092,0.331,0.0,0,0,1,,1.0,2026-03-16T10:32:55.162295,neutral,0.303,2026-03-16T10:32:54.224442,0.8184274717171929,2026-03-16T10:32:55.007000,59,,,
participant_17,3,day,Town10HD_Opt,2026-03-16 10:32:56.106188,6.64072322845459,-67.81269836425781,0.001970520010218,27.929,0.143,0.33,0.0,0,0,1,,0.887,2026-03-16T10:32:56.106188,neutral,0.303,2026-03-16T10:32:54.224442,0.9025215223839372,2026-03-16T10:32:55.996000,56,,,
participant_17,3,day,Town10HD_Opt,2026-03-16 10:32:57.001276,1.8145334720611568,-67.82235717773438,0.0020672606769949,27.137,0.263,0.331,0.0,0,0,1,,0.906,2026-03-16T10:32:57.001276,neutral,0.334,2026-03-16T10:32:57.001276,0.909360821883044,2026-03-16T10:32:56.987000,55,,,
participant_17,3,day,Town10HD_Opt,2026-03-16 10:32:58.157344,-4.415162563323975,-67.87483978271484,0.0020648192148655,26.226,0.181,0.339,0.0,0,0,1,,0.919,2026-03-16T10:32:58.157344,neutral,0.334,2026-03-16T10:32:57.001276,0.897009585670864,2026-03-16T10:32:57.977000,56,,,
participant_17,3,day,Town10HD_Opt,2026-03-16 10:32:59.000499,-9.03122329711914,-67.93702697753906,0.0020112609490752,26.86,0.07,0.42,0.0,0,0,1,,1.0,2026-03-16T10:32:59.000499,neutral,0.334,2026-03-16T10:32:57.001276,0.9123450798798584,2026-03-16T10:32:59.011000,56,,,
participant_17,3,day,Town10HD_Opt,2026-03-16 10:33:00.085312,-15.493657112121582,-68.03438568115234,0.0020050047896802,28.544,-0.035,0.419,0.0,0,0,1,,0.806,2026-03-16T10:33:00.085312,sad,0.424,2026-03-16T10:33:00.085312,0.9490273187990996,2026-03-16T10:33:00.001000,56,,,
participant_17,3,day,Town10HD_Opt,2026-03-16 10:33:01.195188,-22.30101776123047,-68.12968444824219,0.0020123289432376,29.808,-0.035,0.417,0.0,0,0,1,,1.0,2026-03-16T10:33:01.195188,sad,0.424,2026-03-16T10:33:00.085312,0.8952909227461979,2026-03-16T10:33:00.991000,54,,,
participant_17,3,day,Town10HD_Opt,2026-03-16 10:33:02.037497,-27.602821350097656,-68.19078063964844,0.0019974135793745,31.174,-0.122,0.471,0.0,0,0,1,,0.826,2026-03-16T10:33:02.037497,sad,0.424,2026-03-16T10:33:00.085312,0.8654756279133012,2026-03-16T10:33:02.026000,53,,,
participant_17,3,day,Town10HD_Opt,2026-03-16 10:33:03.161041,-35.11027145385742,-68.24697875976562,0.0019907378591597,33.419,-0.12,0.46,0.0,0,0,1,,1.0,2026-03-16T10:33:03.161041,sad,0.365,2026-03-16T10:33:03.161041,0.901783447270508,2026-03-16T10:33:03.018000,54,,,
participant_17,3,day,Town10HD_Opt,2026-03-16 10:33:04.080603,-41.0532455444336,-68.26771545410156,0.0019997023046016,34.678,-0.094,0.46,0.0,0,0,1,,0.82,2026-03-16T10:33:04.080603,sad,0.365,2026-03-16T10:33:03.161041,0.7894000312893695,2026-03-16T10:33:04.007000,52,,,
participant_17,3,day,Town10HD_Opt,2026-03-16 10:33:05.184646,-49.31280517578125,-68.27526092529297,0.0020077896770089,36.175,-0.031,0.458,0.0,0,0,1,,0.98,2026-03-16T10:33:05.184646,sad,0.342,2026-03-16T10:33:05.184646,0.942837326775346,2026-03-16T10:33:04.997000,53,,,
participant_17,3,day,Town10HD_Opt,2026-03-16 10:33:06.097128,-55.71939849853516,-68.27642059326172,0.0020124434959143,37.112,0.026,0.459,0.0,0,0,1,,0.898,2026-03-16T10:33:06.097128,sad,0.342,2026-03-16T10:33:05.184646,0.8806582554733803,2026-03-16T10:33:05.989000,52,,,
participant_17,3,day,Town10HD_Opt,2026-03-16 10:33:07.014158,-62.27984619140625,-68.28229522705078,0.0020164870657026,37.882,0.005,0.459,0.0,0,0,1,,1.0,2026-03-16T10:33:07.014158,sad,0.342,2026-03-16T10:33:05.184646,0.9150097277000204,2026-03-16T10:33:06.976000,52,,,
participant_17,3,day,Town10HD_Opt,2026-03-16 10:33:08.179310,-71.20893859863281,-67.95734405517578,0.0020270920358598,38.694,-2.84,0.453,0.0,0,0,1,,0.874,2026-03-16T10:33:08.179310,sad,0.432,2026-03-16T10:33:08.179310,0.8510493323975373,2026-03-16T10:33:08.011000,53,,,
participant_17,3,day,Town10HD_Opt,2026-03-16 10:33:09.009400,-77.93870544433594,-66.95112609863281,0.0020301437471061,39.106,-3.62,0.453,0.0,0,0,1,,1.0,2026-03-16T10:33:09.009400,sad,0.432,2026-03-16T10:33:08.179310,0.817181598949801,2026-03-16T10:33:09.001000,52,,,
participant_17,3,day,Town10HD_Opt,2026-03-16 10:33:10.119455,-86.68587493896484,-64.24234771728516,0.0020370101556181,39.529,-4.943,0.453,0.0,0,0,1,,1.0,2026-03-16T10:33:10.119455,sad,0.432,2026-03-16T10:33:08.179310,0.8232137922657858,2026-03-16T10:33:09.991000,54,,,
participant_17,3,day,Town10HD_Opt,2026-03-16 10:33:11.027170,-92.78683471679688,-60.95768737792969,0.0020392988808453,39.771,-5.465,0.453,0.0,0,0,1,,0.854,2026-03-16T10:33:11.027170,angry,0.467,2026-03-16T10:33:11.027170,0.8013320747232323,2026-03-16T10:33:10.981000,52,,,
participant_17,3,day,Town10HD_Opt,2026-03-16 10:33:12.127081,-99.86382293701172,-54.94900894165039,0.0020414732862263,40.025,-5.451,0.453,0.0,0,0,1,,1.0,2026-03-16T10:33:12.127081,angry,0.467,2026-03-16T10:33:11.027170,0.722507324025344,2026-03-16T10:33:12.062000,52,,,
participant_17,3,day,Town10HD_Opt,2026-03-16 10:33:13.259979,-105.32611846923828,-47.36927032470703,0.002041091909632,40.258,-4.919,0.453,0.0,0,0,1,,1.0,2026-03-16T10:33:13.259979,angry,0.42,2026-03-16T10:33:13.259979,0.7194761982042858,2026-03-16T10:33:13.007000,52,,,
participant_17,3,day,Town10HD_Opt,2026-03-16 10:33:14.143738,-108.23453521728516,-40.95006561279297,0.002041587838903,40.404,-4.785,0.453,0.0,0,0,1,,1.0,2026-03-16T10:33:14.143738,angry,0.42,2026-03-16T10:33:13.259979,0.7170946692484268,2026-03-16T10:33:13.997000,51,,,
participant_17,3,day,Town10HD_Opt,2026-03-16 10:33:15.017572,-110.04188537597656,-34.14780807495117,0.002117957919836,39.024,-4.827,0.207,0.0,0,0,1,,1.0,2026-03-16T10:33:15.017572,angry,0.42,2026-03-16T10:33:13.259979,0.7380701192908984,2026-03-16T10:33:14.987000,49,,,
participant_17,3,day,Town10HD_Opt,2026-03-16 10:33:16.235838,-110.7402801513672,-25.79398536682129,0.002195663517341,32.626,-2.734,0.201,0.0,0,0,1,,0.871,2026-03-16T10:33:16.235838,neutral,0.328,2026-03-16T10:33:16.235838,0.6943543844774489,2026-03-16T10:33:15.977000,50,,,
participant_17,3,day,Town10HD_Opt,2026-03-16 10:33:17.130345,-110.59432220458984,-20.478376388549805,0.0022512055002152,26.924,-0.162,0.0,0.017,0,0,1,,1.0,2026-03-16T10:33:17.130345,neutral,0.328,2026-03-16T10:33:16.235838,0.6822503691845182,2026-03-16T10:33:17.102000,49,,,
participant_17,3,day,Town10HD_Opt,2026-03-16 10:33:18.003338,-110.44873046875,-16.41853141784668,0.0023122024722397,18.668,1.49,0.0,0.374,0,0,1,,0.843,2026-03-16T10:33:18.003338,neutral,0.328,2026-03-16T10:33:16.235838,0.8160085369943709,2026-03-16T10:33:18.047000,49,,,
participant_17,3,day,Town10HD_Opt,2026-03-16 10:33:19.174040,-110.42841339111328,-13.042012214660645,0.0021057510748505,10.224,1.067,0.0,0.243,0,0,1,,1.0,2026-03-16T10:33:19.174040,fear,0.33,2026-03-16T10:33:19.174040,0.7034178813778398,2026-03-16T10:33:18.991000,50,,,
participant_17,3,day,Town10HD_Opt,2026-03-16 10:33:20.096074,-110.4404754638672,-11.544838905334473,0.0020073316991329,7.231,0.78,0.038,0.0,0,0,1,,0.806,2026-03-16T10:33:20.096074,fear,0.33,2026-03-16T10:33:19.174040,0.7308348463571535,2026-03-16T10:33:19.981000,52,,,
participant_17,3,day,Town10HD_Opt,2026-03-16 10:33:21.224601,-110.4510726928711,-10.082111358642578,0.001967926044017,5.14,-0.226,0.0,0.0,0,0,1,,1.0,2026-03-16T10:33:21.224601,sad,0.301,2026-03-16T10:33:21.224601,0.7782645602861515,2026-03-16T10:33:20.971000,54,,,
participant_17,3,day,Town10HD_Opt,2026-03-16 10:33:22.139931,-110.45404052734376,-9.27015781402588,0.0019573592580854,4.004,-0.209,0.0,0.0,0,0,1,,0.822,2026-03-16T10:33:22.139931,sad,0.301,2026-03-16T10:33:21.224601,0.754569420522316,2026-03-16T10:33:22.007000,56,,,
participant_17,3,day,Town10HD_Opt,2026-03-16 10:33:23.015564,-110.45589447021484,-8.646888732910156,0.0019484710646793,3.074,-0.195,0.0,0.0,0,0,1,,0.873,2026-03-16T10:33:23.015564,sad,0.301,2026-03-16T10:33:21.224601,0.7077074751307871,2026-03-16T10:33:22.997000,57,,,
participant_17,3,day,Town10HD_Opt,2026-03-16 10:33:24.178119,-110.4572525024414,-8.035131454467773,0.0019397735595703,2.161,-0.186,0.0,0.0,0,0,1,,0.81,2026-03-16T10:33:24.178119,neutral,0.391,2026-03-16T10:33:24.178119,0.8235595475628376,2026-03-16T10:33:23.986000,55,,,
participant_17,3,day,Town10HD_Opt,2026-03-16 10:33:25.066910,-110.45807647705078,-7.698914527893066,0.0019348907517269,1.659,-0.186,0.0,0.0,0,0,1,,1.0,2026-03-16T10:33:25.066910,neutral,0.391,2026-03-16T10:33:24.178119,0.8011415201869589,2026-03-16T10:33:24.977000,55,,,
participant_17,3,day,Town10HD_Opt,2026-03-16 10:33:26.226412,-110.45829010009766,-7.368945121765137,0.0019301986321806,1.166,-0.186,0.0,0.0,0,0,1,,0.826,2026-03-16T10:33:26.226412,neutral,0.441,2026-03-16T10:33:26.226412,0.833434196323702,2026-03-16T10:33:26.012000,53,,,
participant_17,3,day,Town10HD_Opt,2026-03-16 10:33:27.089452,-110.45835876464844,-7.187620639801025,0.0019275664817541,0.896,-0.186,0.0,0.0,0,0,1,,0.899,2026-03-16T10:33:27.089452,neutral,0.441,2026-03-16T10:33:26.226412,0.7144690430521023,2026-03-16T10:33:27.002000,51,,,
participant_17,3,day,Town10HD_Opt,2026-03-16 10:33:28.273647,-110.45841217041016,-7.0095696449279785,0.0019249725155532,0.632,-0.186,0.0,0.0,0,0,1,,1.0,2026-03-16T10:33:28.273647,neutral,0.735,2026-03-16T10:33:28.273647,0.7383154868359848,2026-03-16T10:33:27.991000,50,,,
participant_17,3,day,Town10HD_Opt,2026-03-16 10:33:29.142922,-110.45845794677734,-6.9116387367248535,0.0019236755324527,0.486,-0.186,0.0,0.0,0,0,1,,0.89,2026-03-16T10:33:29.142922,neutral,0.735,2026-03-16T10:33:28.273647,0.801751362076814,2026-03-16T10:33:28.980000,50,,,
participant_17,3,day,Town10HD_Opt,2026-03-16 10:33:30.032324,-110.45848083496094,-6.836430549621582,0.0019225692376494,0.374,-0.186,0.0,0.0,0,0,1,,1.0,2026-03-16T10:33:30.032324,neutral,0.735,2026-03-16T10:33:28.273647,0.6719556627296109,2026-03-16T10:33:30.016000,52,,,
participant_17,3,day,Town10HD_Opt,2026-03-16 10:33:31.179043,-110.45850372314452,-6.762569427490234,0.0019215011270716,0.264,-0.186,0.0,0.0,0,0,1,,0.849,2026-03-16T10:33:31.179043,sad,0.339,2026-03-16T10:33:31.179043,0.6881757813828556,2026-03-16T10:33:31.006000,53,,,
participant_17,3,day,Town10HD_Opt,2026-03-16 10:33:32.081997,-110.45852661132812,-6.721949100494385,0.0019208525773137,0.204,-0.186,0.0,0.0,0,0,1,,0.816,2026-03-16T10:33:32.081997,sad,0.339,2026-03-16T10:33:31.179043,0.7946479968234379,2026-03-16T10:33:31.996000,53,,,
participant_17,3,day,Town10HD_Opt,2026-03-16 10:33:33.025151,-110.45853424072266,-6.690756797790527,0.0019204712007194,0.157,-0.186,0.0,0.0,0,0,1,,0.839,2026-03-16T10:33:33.025151,sad,0.339,2026-03-16T10:33:31.179043,0.7043938512543196,2026-03-16T10:33:32.986000,53,,,
participant_17,3,day,Town10HD_Opt,2026-03-16 10:33:34.030119,-110.4585418701172,-6.666802406311035,0.0019200897077098,0.12,-0.186,0.0,0.0,0,0,1,,0.861,2026-03-16T10:33:34.030119,neutral,0.53,2026-03-16T10:33:34.030119,0.6839863869324457,2026-03-16T10:33:33.976000,53,,,
participant_17,3,day,Town10HD_Opt,2026-03-16 10:33:35.215005,-110.45854949951172,-6.643274784088135,0.0019197463989257,0.086,-0.186,0.0,0.0,0,0,1,,0.916,2026-03-16T10:33:35.215005,neutral,0.53,2026-03-16T10:33:34.030119,0.6406404712573028,2026-03-16T10:33:35.011000,54,,,
participant_17,3,day,Town10HD_Opt,2026-03-16 10:33:36.084018,-110.45854949951172,-6.631314754486084,0.0019188307924196,0.223,-0.157,0.942,0.0,0,0,1,,0.844,2026-03-16T10:33:36.084018,sad,0.42,2026-03-16T10:33:36.084018,0.7168899563952766,2026-03-16T10:33:36.002000,52,,,
participant_17,3,day,Town10HD_Opt,2026-03-16 10:33:37.280702,-110.45880889892578,-4.623069286346436,0.0014752197312191,18.425,-0.157,0.808,0.0,0,0,1,,0.905,2026-03-16T10:33:37.280702,sad,0.42,2026-03-16T10:33:36.084018,0.6888122671642651,2026-03-16T10:33:36.992000,53,,,
participant_17,3,day,Town10HD_Opt,2026-03-16 10:33:38.153968,-110.45148468017578,-0.8054273724555969,0.0017889022128656,25.995,-0.322,0.591,0.0,0,0,1,,1.0,2026-03-16T10:33:38.153968,neutral,0.446,2026-03-16T10:33:38.153968,0.6511617240478119,2026-03-16T10:33:37.982000,52,,,
participant_17,3,day,Town10HD_Opt,2026-03-16 10:33:39.066673,-110.2597427368164,4.131572723388672,0.0019093704177066,30.478,-5.271,0.518,0.0,0,0,1,,0.856,2026-03-16T10:33:39.066673,neutral,0.446,2026-03-16T10:33:38.153968,0.7010515539034075,2026-03-16T10:33:38.972000,52,,,
participant_17,3,day,Town10HD_Opt,2026-03-16 10:33:40.212241,-108.811279296875,11.484952926635742,0.001940498361364,33.938,-5.791,0.489,0.0,0,0,1,,0.806,2026-03-16T10:33:40.212241,neutral,0.409,2026-03-16T10:33:40.212241,0.5731156237052654,2026-03-16T10:33:40.007000,53,,,
participant_17,3,day,Town10HD_Opt,2026-03-16 10:33:41.125555,-106.4619598388672,17.05898666381836,0.0020177077967673,35.199,-9.487,0.438,0.0,0,0,1,,1.0,2026-03-16T10:33:41.125555,neutral,0.409,2026-03-16T10:33:40.212241,0.6408186522813675,2026-03-16T10:33:40.996000,53,,,
participant_17,3,day,Town10HD_Opt,2026-03-16 10:33:42.099748,-102.63436889648438,21.835596084594727,0.0021011352073401,34.947,-12.92,0.404,0.0,0,0,1,,1.0,2026-03-16T10:33:42.099748,neutral,0.409,2026-03-16T10:33:40.212241,0.5960495456514955,2026-03-16T10:33:41.987000,53,,,
participant_17,3,day,Town10HD_Opt,2026-03-16 10:33:43.022430,-97.45309448242188,24.86319923400879,0.002126274164766,33.49,-12.716,0.21,0.0,0,0,1,,0.807,2026-03-16T10:33:43.022430,neutral,0.333,2026-03-16T10:33:43.022430,0.7147498309950496,2026-03-16T10:33:42.977000,53,,,
participant_17,3,day,Town10HD_Opt,2026-03-16 10:33:44.301689,-90.70352935791016,25.996097564697266,0.002276801969856,24.422,1.431,0.0,0.0,0,0,1,,1.0,2026-03-16T10:33:44.301689,neutral,0.333,2026-03-16T10:33:43.022430,0.6256400309113003,2026-03-16T10:33:44.056000,54,,,
participant_17,3,day,Town10HD_Opt,2026-03-16 10:33:45.264659,-86.96878051757812,26.43813705444336,0.0022358703427016,18.38,0.846,0.248,0.0,0,0,1,,1.0,2026-03-16T10:33:45.264659,neutral,0.672,2026-03-16T10:33:45.264659,0.5513017314431827,2026-03-16T10:33:45.001000,55,,,
participant_17,3,day,Town10HD_Opt,2026-03-16 10:33:46.215521,-83.8263931274414,26.84475326538086,0.0020080946851521,18.597,-0.825,0.952,0.0,0,0,1,,0.855,2026-03-16T10:33:46.215521,neutral,0.672,2026-03-16T10:33:45.264659,0.596716900984057,2026-03-16T10:33:45.992000,55,,,
participant_17,3,day,Town10HD_Opt,2026-03-16 10:33:47.132647,-79.71675109863281,27.28092193603516,0.0015986632788553,31.252,-1.081,0.89,0.0,0,0,1,,0.88,2026-03-16T10:33:47.132647,neutral,0.672,2026-03-16T10:33:45.264659,0.5593628392216831,2026-03-16T10:33:46.981000,55,,,
participant_17,3,day,Town10HD_Opt,2026-03-16 10:33:48.046423,-73.24005889892578,27.78533935546875,0.0016613387269899,43.413,-1.514,0.816,0.0,0,0,1,,0.867,2026-03-16T10:33:48.046423,neutral,0.808,2026-03-16T10:33:48.046423,0.6268648063848294,2026-03-16T10:33:48.016000,54,,,
participant_17,3,day,Town10HD_Opt,2026-03-16 10:33:49.022404,-64.91938018798828,28.05478858947754,0.0017754745204001,51.471,-1.022,0.0,0.149,0,0,1,,1.0,2026-03-16T10:33:49.022404,neutral,0.808,2026-03-16T10:33:48.046423,0.6223141195931157,2026-03-16T10:33:49.006000,53,,,
participant_17,3,day,Town10HD_Opt,2026-03-16 10:33:50.295275,-53.22900390625,27.94638633728028,0.0020892333704978,49.295,-0.078,0.735,0.0,0,0,1,,0.869,2026-03-16T10:33:50.295275,neutral,0.568,2026-03-16T10:33:50.295275,0.5666671955751229,2026-03-16T10:33:49.996000,55,,,
participant_17,3,day,Town10HD_Opt,2026-03-16 10:33:51.217908,-44.50088882446289,27.788951873779297,0.0021259307395666,48.94,0.136,0.726,0.0,0,0,1,,0.862,2026-03-16T10:33:51.217908,neutral,0.568,2026-03-16T10:33:50.295275,0.5896403409219905,2026-03-16T10:33:50.987000,55,,,
participant_17,3,day,Town10HD_Opt,2026-03-16 10:33:52.145664,-35.77260971069336,27.68763542175293,0.0021248245611786,48.983,0.181,0.72,0.0,0,0,1,,0.845,2026-03-16T10:33:52.145664,neutral,0.568,2026-03-16T10:33:50.295275,0.5658226528075507,2026-03-16T10:33:52.023000,57,,,
participant_17,3,day,Town10HD_Opt,2026-03-16 10:33:53.089338,-27.043663024902344,27.651655197143555,0.0021266173571348,48.871,0.197,0.382,0.0,0,0,1,,0.889,2026-03-16T10:33:53.089338,sad,0.378,2026-03-16T10:33:53.089338,0.6105399385728435,2026-03-16T10:33:53.012000,61,,,
participant_17,3,day,Town10HD_Opt,2026-03-16 10:33:54.112301,-19.185800552368164,27.6820068359375,0.0023712920956313,39.268,0.223,0.0,0.0,0,0,1,,0.805,2026-03-16T10:33:54.112301,sad,0.378,2026-03-16T10:33:53.089338,0.5651634533139788,2026-03-16T10:33:54.002000,59,,,
participant_17,3,day,Town10HD_Opt,2026-03-16 10:33:55.017341,-12.968572616577148,27.75638771057129,0.0022209929302334,32.606,0.157,0.364,0.0,0,0,1,,0.903,2026-03-16T10:33:55.017341,sad,0.378,2026-03-16T10:33:53.089338,0.5836939652840621,2026-03-16T10:33:54.994000,59,,,
participant_17,3,day,Town10HD_Opt,2026-03-16 10:33:56.188886,-5.204359531402588,27.843135833740234,0.0018978881416842,36.065,-0.134,0.581,0.0,0,0,1,,0.889,2026-03-16T10:33:56.188886,neutral,0.485,2026-03-16T10:33:56.188886,0.6007110759180044,2026-03-16T10:33:55.982000,60,,,
participant_17,3,day,Town10HD_Opt,2026-03-16 10:33:57.110141,1.3856618404388428,27.893537521362305,0.0019721984863281,38.738,0.026,0.316,0.0,0,0,1,,0.923,2026-03-16T10:33:57.110141,neutral,0.485,2026-03-16T10:33:56.188886,0.5863822988158349,2026-03-16T10:33:57.017000,60,,,
participant_17,3,day,Town10HD_Opt,2026-03-16 10:33:58.039710,7.992532253265381,27.947696685791016,0.0021270369179546,36.268,-0.035,0.299,0.0,0,0,1,,0.886,2026-03-16T10:33:58.039710,neutral,0.485,2026-03-16T10:33:56.188886,0.5621212274892343,2026-03-16T10:33:58.007000,57,,,
participant_17,3,day,Town10HD_Opt,2026-03-16 10:33:59.218035,16.07713508605957,28.004350662231445,0.0021218108013272,32.891,0.007,0.287,0.0,0,0,1,,0.819,2026-03-16T10:33:59.218035,neutral,0.339,2026-03-16T10:33:59.218035,0.5815239159286142,2026-03-16T10:33:58.997000,56,,,
participant_17,3,day,Town10HD_Opt,2026-03-16 10:34:00.084823,21.634456634521484,28.082408905029297,0.0021292876917868,30.321,2.45,0.261,0.0,0,0,1,,0.836,2026-03-16T10:34:00.084823,neutral,0.339,2026-03-16T10:33:59.218035,0.4770336887386193,2026-03-16T10:33:59.987000,58,,,
participant_17,3,day,Town10HD_Opt,2026-03-16 10:34:01.256545,28.30574417114257,28.70128631591797,0.002124710008502,27.008,5.787,0.261,0.0,0,0,1,,1.0,2026-03-16T10:34:01.256545,neutral,0.353,2026-03-16T10:34:01.256545,0.5395456302700007,2026-03-16T10:34:01.021000,57,,,
participant_17,3,day,Town10HD_Opt,2026-03-16 10:34:02.138215,32.69352340698242,29.87556838989257,0.0021169662941247,24.91,9.447,0.28,0.0,0,0,1,,1.0,2026-03-16T10:34:02.138215,neutral,0.353,2026-03-16T10:34:01.256545,0.5074685364686071,2026-03-16T10:34:02.011000,58,,,
participant_17,3,day,Town10HD_Opt,2026-03-16 10:34:03.041682,36.33297729492188,31.93704032897949,0.0021237945184111,23.159,18.319,0.291,0.0,0,0,1,,0.935,2026-03-16T10:34:03.041682,neutral,0.353,2026-03-16T10:34:01.256545,0.506893712658675,2026-03-16T10:34:03.003000,55,,,
participant_17,3,day,Town10HD_Opt,2026-03-16 10:34:04.187354,39.38216400146485,36.09109115600586,0.0021098707802593,21.552,18.254,0.291,0.0,0,0,1,,0.896,2026-03-16T10:34:04.187354,neutral,0.539,2026-03-16T10:34:04.187354,0.5489230937801142,2026-03-16T10:34:03.992000,54,,,
participant_17,3,day,Town10HD_Opt,2026-03-16 10:34:05.042400,40.20774459838867,39.65742492675781,0.00209945673123,20.577,16.213,0.287,0.0,0,0,1,,1.0,2026-03-16T10:34:05.042400,neutral,0.539,2026-03-16T10:34:04.187354,0.5620626404828488,2026-03-16T10:34:04.982000,55,,,
participant_17,3,day,Town10HD_Opt,2026-03-16 10:34:06.180211,40.357540130615234,44.33731842041016,0.0020787811372429,19.305,-1.391,0.099,0.0,0,0,1,,1.0,2026-03-16T10:34:06.180211,neutral,0.539,2026-03-16T10:34:04.187354,0.5358370371266128,2026-03-16T10:34:06.016000,55,,,
participant_17,3,day,Town10HD_Opt,2026-03-16 10:34:07.029263,40.47538375854492,47.44753646850586,0.001997947692871,15.702,0.837,0.0,0.079,0,0,1,,1.0,2026-03-16T10:34:07.029263,sad,0.384,2026-03-16T10:34:07.029263,0.5381079251646107,2026-03-16T10:34:07.097000,55,,,
participant_17,3,day,Town10HD_Opt,2026-03-16 10:34:08.143763,40.540184020996094,50.31686019897461,0.0020817182958126,8.664,0.757,0.0,0.27,0,0,1,,0.801,2026-03-16T10:34:08.143763,sad,0.384,2026-03-16T10:34:07.029263,0.4641555940261547,2026-03-16T10:34:08.087000,54,,,
participant_17,3,day,Town10HD_Opt,2026-03-16 10:34:09.006669,40.55631637573242,51.41119003295898,0.0023762511555105,0.0,0.757,0.0,0.264,0,0,1,,0.867,2026-03-16T10:34:09.006669,sad,0.384,2026-03-16T10:34:07.029263,0.4147872256179856,2026-03-16T10:34:08.987000,53,,,
participant_17,3,day,Town10HD_Opt,2026-03-16 10:34:10.065601,40.55632019042969,51.41182327270508,0.0019266509916633,0.003,0.71,0.035,0.0,0,0,1,,0.815,2026-03-16T10:34:10.065601,neutral,0.887,2026-03-16T10:34:10.065601,0.5081209878464089,2026-03-16T10:34:10.022000,52,,,
participant_17,3,day,Town10HD_Opt,2026-03-16 10:34:11.152123,40.5576171875,51.501712799072266,0.0018956374842673,0.929,0.672,0.0,0.0,0,0,1,,1.0,2026-03-16T10:34:11.152123,neutral,0.887,2026-03-16T10:34:10.065601,0.4687073702734455,2026-03-16T10:34:11.012000,55,,,
participant_17,3,day,Town10HD_Opt,2026-03-16 10:34:12.207626,40.56021881103516,51.687347412109375,0.0019250105833634,0.66,0.672,0.0,0.0,0,0,1,,1.0,2026-03-16T10:34:12.207626,neutral,0.44,2026-03-16T10:34:12.207626,0.4672334754649017,2026-03-16T10:34:12.001000,55,,,
participant_17,3,day,Town10HD_Opt,2026-03-16 10:34:13.030811,40.56159210205078,51.78960418701172,0.0019237136002629,0.515,0.656,0.0,0.0,0,0,1,,0.816,2026-03-16T10:34:13.030811,neutral,0.44,2026-03-16T10:34:12.207626,0.4692017389819559,2026-03-16T10:34:12.992000,55,,,
participant_17,3,day,Town10HD_Opt,2026-03-16 10:34:14.134261,40.56293869018555,51.89002227783203,0.0019223403651267,0.358,0.618,0.0,0.0,0,0,1,,1.0,2026-03-16T10:34:14.134261,neutral,0.44,2026-03-16T10:34:12.207626,0.4497066240799238,2026-03-16T10:34:13.982000,53,,,
participant_17,3,day,Town10HD_Opt,2026-03-16 10:34:15.000886,40.56367111206055,51.94523239135742,0.0019215393112972,0.276,0.616,0.0,0.0,0,0,1,,1.0,2026-03-16T10:34:15.000886,sad,0.355,2026-03-16T10:34:15.000886,0.5278362692331343,2026-03-16T10:34:15.017000,54,,,
participant_17,3,day,Town10HD_Opt,2026-03-16 10:34:16.115088,40.56567001342773,52.10756301879883,0.0017023849068209,4.416,0.59,0.889,0.0,0,0,1,,0.815,2026-03-16T10:34:16.115088,sad,0.355,2026-03-16T10:34:15.000886,0.5355612585555019,2026-03-16T10:34:16.007000,56,,,
participant_17,3,day,Town10HD_Opt,2026-03-16 10:34:17.258047,40.60926818847656,55.17617416381836,0.0018120956374332,21.184,-2.527,0.819,0.0,0,0,1,,1.0,2026-03-16T10:34:17.258047,neutral,0.413,2026-03-16T10:34:17.258047,0.4322874991452655,2026-03-16T10:34:16.997000,56,,,errors=Stop sign violation
participant_17,3,day,Town10HD_Opt,2026-03-16 10:34:18.187316,41.14634323120117,59.6484489440918,0.001750640803948,30.809,-9.669,0.682,0.0,0,0,1,,0.874,2026-03-16T10:34:18.187316,neutral,0.413,2026-03-16T10:34:17.258047,0.5261628589537264,2026-03-16T10:34:17.986000,56,,,
participant_17,3,day,Town10HD_Opt,2026-03-16 10:34:19.171443,43.34169387817383,65.1100082397461,0.0018822478596121,36.71,-15.021,0.497,0.0,0,0,1,,1.0,2026-03-16T10:34:19.171443,neutral,0.413,2026-03-16T10:34:17.258047,0.4582847960430608,2026-03-16T10:34:19.022000,56,,,
participant_17,3,day,Town10HD_Opt,2026-03-16 10:34:20.001698,47.80244064331055,69.48783111572266,0.002253150800243,33.075,-16.193,0.0,0.0,0,0,1,,1.0,2026-03-16T10:34:20.001698,neutral,0.393,2026-03-16T10:34:20.001698,0.488498205784235,2026-03-16T10:34:20.012000,56,,,
participant_17,3,day,Town10HD_Opt,2026-03-16 10:34:21.143050,54.07823181152344,71.2000732421875,0.0022700501140207,23.676,-15.071,0.134,0.0,0,0,1,,0.832,2026-03-16T10:34:21.143050,neutral,0.393,2026-03-16T10:34:20.001698,0.4017174029549035,2026-03-16T10:34:21.002000,55,,,
participant_17,3,day,Town10HD_Opt,2026-03-16 10:34:22.034553,58.02825164794922,70.77786254882812,0.0019875715952366,23.87,-3.792,0.648,0.0,0,0,1,,0.852,2026-03-16T10:34:22.034553,neutral,0.526,2026-03-16T10:34:22.034553,0.5020580010480252,2026-03-16T10:34:21.992000,54,,,
participant_17,3,day,Town10HD_Opt,2026-03-16 10:34:23.197103,64.25530242919922,69.98303985595703,0.0020246123895049,27.941,2.678,0.32,0.0,0,0,1,,0.922,2026-03-16T10:34:23.197103,neutral,0.526,2026-03-16T10:34:22.034553,0.3853261308548306,2026-03-16T10:34:22.983000,57,,,
participant_17,3,day,Town10HD_Opt,2026-03-16 10:34:24.248753,68.99275970458984,69.76792907714844,0.0021877288818359,24.664,1.862,0.0,0.0,0,0,1,,0.842,2026-03-16T10:34:24.248753,sad,0.333,2026-03-16T10:34:24.248753,0.3934237389103745,2026-03-16T10:34:24.020000,57,,,
participant_17,3,day,Town10HD_Opt,2026-03-16 10:34:25.084587,72.81292724609375,69.77220916748047,0.0022412489634007,18.459,2.398,0.0,0.0,0,0,1,,1.0,2026-03-16T10:34:25.084587,sad,0.333,2026-03-16T10:34:24.248753,0.3875783165872495,2026-03-16T10:34:25.016000,60,,,
participant_17,3,day,Town10HD_Opt,2026-03-16 10:34:26.257188,76.535888671875,69.95132446289062,0.0020405577961355,13.285,0.385,0.115,0.0,0,0,1,,0.896,2026-03-16T10:34:26.257188,neutral,0.467,2026-03-16T10:34:26.257188,0.3796583414202042,2026-03-16T10:34:25.997000,61,,,
participant_17,3,day,Town10HD_Opt,2026-03-16 10:34:27.107940,78.96827697753906,70.06875610351562,0.0016927337273955,17.88,-0.86,0.967,0.0,0,0,1,,0.92,2026-03-16T10:34:27.107940,neutral,0.467,2026-03-16T10:34:26.257188,0.4084210836492304,2026-03-16T10:34:26.991000,62,,,
participant_17,3,day,Town10HD_Opt,2026-03-16 10:34:28.232230,85.04759216308594,70.24722290039062,0.00155723572243,35.809,-0.717,0.597,0.0,0,0,1,,0.947,2026-03-16T10:34:28.232230,neutral,0.467,2026-03-16T10:34:26.257188,0.306274816113065,2026-03-16T10:34:28.022000,62,,,
participant_17,3,day,Town10HD_Opt,2026-03-16 10:34:29.090079,91.2314453125,70.427490234375,0.0022616195492446,31.419,9.562,0.0,0.0,0,0,1,,0.874,2026-03-16T10:34:29.090079,sad,0.339,2026-03-16T10:34:29.090079,0.3616850226157076,2026-03-16T10:34:29.011000,63,,,
participant_17,3,day,Town10HD_Opt,2026-03-16 10:34:30.276755,97.15750122070312,72.630126953125,0.0020698928274214,27.351,24.824,0.767,0.0,0,0,1,,1.0,2026-03-16T10:34:30.276755,sad,0.339,2026-03-16T10:34:29.090079,0.4161811228762357,2026-03-16T10:34:30.001000,61,,,
participant_17,3,day,Town10HD_Opt,2026-03-16 10:34:31.079286,100.02491760253906,77.13182067871094,0.0018870925996452,34.691,24.378,0.508,0.0,0,0,1,,0.804,2026-03-16T10:34:31.079286,sad,0.339,2026-03-16T10:34:29.090079,0.3642797506657788,2026-03-16T10:34:30.993000,58,,,
participant_17,3,day,Town10HD_Opt,2026-03-16 10:34:32.215474,99.78199768066406,85.08818817138672,0.0021264266688376,32.964,-0.515,0.285,0.0,0,0,1,,0.898,2026-03-16T10:34:32.215474,happy,0.781,2026-03-16T10:34:32.215474,0.3183859165905396,2026-03-16T10:34:31.982000,57,,,
participant_17,3,day,Town10HD_Opt,2026-03-16 10:34:33.090014,99.04279327392578,90.61158752441406,0.0021199798211455,30.557,-0.552,0.285,0.0,0,0,1,,0.91,2026-03-16T10:34:33.090014,happy,0.781,2026-03-16T10:34:32.215474,0.3495488129673799,2026-03-16T10:34:33.017000,56,,,
participant_17,3,day,Town10HD_Opt,2026-03-16 10:34:34.191582,98.12542724609376,97.375732421875,0.0021070861257612,27.85,2.073,0.285,0.0,0,0,1,,1.0,2026-03-16T10:34:34.191582,happy,0.781,2026-03-16T10:34:32.215474,0.4341127115196174,2026-03-16T10:34:34.007000,57,,,
participant_17,3,day,Town10HD_Opt,2026-03-16 10:34:35.061307,97.18779754638672,102.01354217529295,0.002100562909618,26.028,3.95,0.285,0.0,0,0,1,,1.0,2026-03-16T10:34:35.061307,sad,0.332,2026-03-16T10:34:35.061307,0.3871283734551994,2026-03-16T10:34:34.997000,56,,,
participant_17,3,day,Town10HD_Opt,2026-03-16 10:34:36.164959,95.42668914794922,107.61209869384766,0.0020903777331113,24.244,4.367,0.361,0.0,0,0,1,,1.0,2026-03-16T10:34:36.164959,sad,0.332,2026-03-16T10:34:35.061307,0.3831849853440167,2026-03-16T10:34:35.987000,57,,,
participant_17,3,day,Town10HD_Opt,2026-03-16 10:34:36.999193,93.67918395996094,111.53043365478516,0.0020029449369758,25.292,4.978,0.418,0.0,0,0,1,,1.0,2026-03-16T10:34:36.999193,sad,0.332,2026-03-16T10:34:35.061307,0.3369061126488133,2026-03-16T10:34:37.022000,57,,,
participant_17,3,day,Town10HD_Opt,2026-03-16 10:34:38.104657,90.50357818603516,116.72663116455078,0.0020056532230228,27.096,4.839,0.415,0.0,0,0,1,,1.0,2026-03-16T10:34:38.104657,neutral,0.355,2026-03-16T10:34:38.104657,0.4213869737288835,2026-03-16T10:34:38.013000,57,,,
participant_17,3,day,Town10HD_Opt,2026-03-16 10:34:39.075437,87.4533462524414,120.44813537597656,0.0020125959999859,28.044,5.919,0.415,0.0,0,0,1,,1.0,2026-03-16T10:34:39.075437,neutral,0.355,2026-03-16T10:34:38.104657,0.4030238680951629,2026-03-16T10:34:39.003000,58,,,
participant_17,3,day,Town10HD_Opt,2026-03-16 10:34:39.995492,83.73888397216797,123.83859252929688,0.0019786071497946,29.936,5.78,0.487,0.0,0,0,1,,1.0,2026-03-16T10:34:39.995492,neutral,0.355,2026-03-16T10:34:38.104657,0.3711752896177797,2026-03-16T10:34:39.992000,57,,,
participant_17,3,day,Town10HD_Opt,2026-03-16 10:34:41.142205,77.54771423339844,127.69696044921876,0.0019828795921057,32.828,6.701,0.477,0.0,0,0,1,,1.0,2026-03-16T10:34:41.142205,fear,0.459,2026-03-16T10:34:41.142205,0.4194668724579531,2026-03-16T10:34:41.072000,56,Solid line crossing,Solid line crossing,
participant_17,3,day,Town10HD_Opt,2026-03-16 10:34:42.007110,72.02699279785156,129.68679809570312,0.0019972228910773,34.387,6.464,0.47,0.0,0,0,1,,0.863,2026-03-16T10:34:42.007110,fear,0.459,2026-03-16T10:34:41.142205,0.3404524609101931,2026-03-16T10:34:42.017000,57,,,
participant_17,3,day,Town10HD_Opt,2026-03-16 10:34:43.258087,63.88567352294922,130.84286499023438,0.0020035170018672,36.238,1.643,0.466,0.0,0,0,1,,1.0,2026-03-16T10:34:43.258087,neutral,0.578,2026-03-16T10:34:43.258087,0.415718862444463,2026-03-16T10:34:43.007000,55,,,
participant_17,3,day,Town10HD_Opt,2026-03-16 10:34:44.176398,57.46359252929688,131.1447296142578,0.0020087051670998,37.31,1.196,0.464,0.0,0,0,1,,0.81,2026-03-16T10:34:44.176398,neutral,0.578,2026-03-16T10:34:43.258087,0.365053206818583,2026-03-16T10:34:43.997000,55,,,
participant_17,3,day,Town10HD_Opt,2026-03-16 10:34:45.071049,50.86189270019531,131.2379913330078,0.0020134735386818,38.22,0.775,0.464,0.0,0,0,1,,1.0,2026-03-16T10:34:45.071049,neutral,0.578,2026-03-16T10:34:43.258087,0.3812739591848589,2026-03-16T10:34:44.987000,54,,,
participant_17,3,day,Town10HD_Opt,2026-03-16 10:34:46.242139,41.83033752441406,131.09349060058594,0.0020183944143354,39.248,0.176,0.464,0.0,0,0,1,,0.899,2026-03-16T10:34:46.242139,neutral,0.698,2026-03-16T10:34:46.242139,0.3399147868645123,2026-03-16T10:34:46.022000,53,,,
participant_17,3,day,Town10HD_Opt,2026-03-16 10:34:47.133577,34.91176223754883,130.90286254882812,0.0020215606782585,39.898,-0.139,0.464,0.0,0,0,1,,0.844,2026-03-16T10:34:47.133577,neutral,0.698,2026-03-16T10:34:46.242139,0.3787586612122262,2026-03-16T10:34:47.012000,54,,,
participant_17,3,day,Town10HD_Opt,2026-03-16 10:34:47.996941,27.88624382019043,130.72952270507812,0.002024307148531,40.459,-0.164,0.464,0.0,0,0,1,,0.915,2026-03-16T10:34:47.996941,neutral,0.698,2026-03-16T10:34:46.242139,0.3436877752517557,2026-03-16T10:34:48.002000,53,,,
participant_17,3,day,Town10HD_Opt,2026-03-16 10:34:49.161801,18.377046585083008,130.55633544921875,0.0020276641007512,41.087,-0.143,0.464,0.0,0,0,1,,0.944,2026-03-16T10:34:49.161801,neutral,0.876,2026-03-16T10:34:49.161801,0.3705062755513575,2026-03-16T10:34:48.993000,53,,,
participant_17,3,day,Town10HD_Opt,2026-03-16 10:34:50.054367,11.155232429504396,130.46360778808594,0.0020297621376812,41.483,-0.028,0.464,0.0,0,0,1,,0.808,2026-03-16T10:34:50.054367,neutral,0.876,2026-03-16T10:34:49.161801,0.3620980308998898,2026-03-16T10:34:49.982000,52,,,
participant_17,3,day,Town10HD_Opt,2026-03-16 10:34:51.165560,1.4267611503601074,130.35450744628906,0.0020318604074418,41.927,-0.028,0.464,0.0,0,0,1,,0.839,2026-03-16T10:34:51.165560,neutral,0.646,2026-03-16T10:34:51.165560,0.458205036086958,2026-03-16T10:34:51.017000,53,,,
participant_17,3,day,Town10HD_Opt,2026-03-16 10:34:52.062598,-5.843771934509277,130.2804718017578,0.0022390745580196,38.188,0.068,0.0,0.565,0,0,1,,0.903,2026-03-16T10:34:52.062598,neutral,0.646,2026-03-16T10:34:51.165560,0.4208626755504914,2026-03-16T10:34:52.007000,54,,,
participant_17,3,day,Town10HD_Opt,2026-03-16 10:34:53.233630,-12.98870849609375,130.1972198486328,0.0024017714895308,22.555,0.068,0.0,0.6,0,0,1,,0.853,2026-03-16T10:34:53.233630,neutral,0.667,2026-03-16T10:34:53.233630,0.4351728167313669,2026-03-16T10:34:52.997000,54,,,
participant_17,3,day,Town10HD_Opt,2026-03-16 10:34:54.093449,-16.22048568725586,130.1530303955078,0.0020661163143813,14.87,0.068,0.0,0.033,0,0,1,,1.0,2026-03-16T10:34:54.093449,neutral,0.667,2026-03-16T10:34:53.233630,0.4282606463382243,2026-03-16T10:34:53.991000,56,,,
participant_17,3,day,Town10HD_Opt,2026-03-16 10:34:55.213364,-18.99644660949707,130.11114501953125,0.0020754241850227,8.479,0.068,0.0,0.122,0,0,1,,0.824,2026-03-16T10:34:55.213364,neutral,0.667,2026-03-16T10:34:53.233630,0.4299472708846226,2026-03-16T10:34:55.022000,57,,,
participant_17,3,day,Town10HD_Opt,2026-03-16 10:34:56.058930,-20.32481002807617,130.0900421142578,0.001983146648854,6.571,0.068,0.0,0.0,0,0,1,,1.0,2026-03-16T10:34:56.058930,neutral,0.549,2026-03-16T10:34:56.058930,0.4068512102705987,2026-03-16T10:34:56.012000,57,,,
participant_17,3,day,Town10HD_Opt,2026-03-16 10:34:57.191761,-21.26764678955078,130.0746612548828,0.0021142959594726,0.0,0.059,0.0,0.044,0,0,1,,0.813,2026-03-16T10:34:57.191761,neutral,0.549,2026-03-16T10:34:56.058930,0.4848567083896838,2026-03-16T10:34:57.139000,55,,,
participant_17,3,day,Town10HD_Opt,2026-03-16 10:34:58.046856,-21.26900863647461,130.07461547851562,0.0019145583501085,0.339,0.059,0.276,0.0,0,0,1,,0.83,2026-03-16T10:34:58.046856,neutral,0.549,2026-03-16T10:34:56.058930,0.3787917268232362,2026-03-16T10:34:58.082000,56,,,
participant_17,4,day,Town10HD_Opt,2026-03-16 10:45:00.000000,-41.66535186767578,86.27053833007812,0.0019412230467423,19.387,0.233,0.642,0.0,0,0,1,,1.0,2026-03-16T10:45:00,,,2026-03-16T10:45:00,0.6484450502727855,2026-03-16T10:45:00,59,,,
participant_17,4,day,Town10HD_Opt,2026-03-16 10:45:00.384318,-41.65797805786133,85.08771514892578,0.0018870544154196,21.281,1.826,0.63,0.0,0,0,1,,1.0,2026-03-16T10:45:00,,,2026-03-16T10:45:00,0.6447367208274127,2026-03-16T10:45:00,57,,,
participant_17,4,day,Town10HD_Opt,2026-03-16 10:45:01.324275,-41.36641693115234,80.80606079101562,0.0018410872435197,27.993,5.184,0.611,0.0,0,0,1,,1.0,2026-03-16T10:45:01.324275,,,2026-03-16T10:45:00,0.6188977976039147,2026-03-16T10:45:01.035000,57,,,
participant_17,4,day,Town10HD_Opt,2026-03-16 10:45:02.301318,-40.24771499633789,75.60498046875,0.0018962096655741,33.099,17.598,0.561,0.0,0,0,1,,1.0,2026-03-16T10:45:02.301318,neutral,0.927,2026-03-16T10:45:02.301318,0.6855987364226822,2026-03-16T10:45:02.114000,58,,,
participant_17,4,day,Town10HD_Opt,2026-03-16 10:45:03.315474,-36.69182968139648,70.90681457519531,0.0020344161894172,35.209,23.724,0.153,0.0,0,0,1,,1.0,2026-03-16T10:45:03.315474,neutral,0.927,2026-03-16T10:45:02.301318,0.7492703855266739,2026-03-16T10:45:03.018000,57,,,
participant_17,4,day,Town10HD_Opt,2026-03-16 10:45:04.284686,-31.47342872619629,69.204833984375,0.0023441696539521,27.652,14.643,0.0,0.0,0,0,1,,1.0,2026-03-16T10:45:04.284686,neutral,0.927,2026-03-16T10:45:02.301318,0.6428726375634273,2026-03-16T10:45:04.045000,56,,,
participant_17,4,day,Town10HD_Opt,2026-03-16 10:45:05.275974,-27.20983123779297,69.48440551757812,0.002263565082103,20.91,-2.998,0.016,0.0,0,0,1,,1.0,2026-03-16T10:45:05.275974,neutral,1.0,2026-03-16T10:45:05.275974,0.656388524183049,2026-03-16T10:45:04.994000,58,,,
participant_17,4,day,Town10HD_Opt,2026-03-16 10:45:06.311880,-23.904823303222656,69.66526794433594,0.0020949554163962,18.227,-1.201,0.535,0.0,0,0,1,,1.0,2026-03-16T10:45:06.311880,neutral,1.0,2026-03-16T10:45:05.275974,0.7036639450599177,2026-03-16T10:45:05.985000,56,,,
participant_17,4,day,Town10HD_Opt,2026-03-16 10:45:07.328789,-20.395248413085938,69.803466796875,0.0018781280377879,22.938,-0.672,0.563,0.0,0,0,1,,1.0,2026-03-16T10:45:07.328789,sad,1.0,2026-03-16T10:45:07.328789,0.6812173711012621,2026-03-16T10:45:07.110000,57,,,
participant_17,4,day,Town10HD_Opt,2026-03-16 10:45:08.317031,-15.99593734741211,69.91316223144531,0.001895370427519,27.626,-1.166,0.525,0.0,0,0,1,,1.0,2026-03-16T10:45:08.317031,sad,1.0,2026-03-16T10:45:07.328789,0.7075657404941459,2026-03-16T10:45:07.965000,57,,,
participant_17,4,day,Town10HD_Opt,2026-03-16 10:45:09.337526,-10.876935005187988,69.9230728149414,0.0019303893204778,31.125,-0.679,0.476,0.0,0,0,1,,1.0,2026-03-16T10:45:09.337526,neutral,0.999,2026-03-16T10:45:09.337526,0.6938077991056552,2026-03-16T10:45:09.134000,57,,,
participant_17,4,day,Town10HD_Opt,2026-03-16 10:45:10.069450,-7.2571234703063965,69.8839340209961,0.0020787429530173,30.254,-0.266,0.224,0.0,0,0,1,,1.0,2026-03-16T10:45:10.069450,neutral,0.999,2026-03-16T10:45:09.337526,0.7673695302579712,2026-03-16T10:45:10.124000,58,,,
participant_17,4,day,Town10HD_Opt,2026-03-16 10:45:11.071322,-2.2257204055786133,69.79931640625,0.0021475600078701,26.99,-0.266,0.211,0.0,0,0,1,,0.83,2026-03-16T10:45:11.071322,neutral,0.999,2026-03-16T10:45:09.337526,0.7024576900563624,2026-03-16T10:45:11.024000,56,,,
participant_17,4,day,Town10HD_Opt,2026-03-16 10:45:12.085005,2.245624542236328,69.69524383544922,0.002142600947991,23.871,-0.16,0.0,0.0,0,0,1,,1.0,2026-03-16T10:45:12.085005,neutral,1.0,2026-03-16T10:45:12.085005,0.6643444355679138,2026-03-16T10:45:11.972000,57,,,
participant_17,4,day,Town10HD_Opt,2026-03-16 10:45:13.318047,7.023569107055664,69.57662963867188,0.0019536209292709,16.974,0.237,0.114,0.0,0,0,1,,1.0,2026-03-16T10:45:13.318047,neutral,1.0,2026-03-16T10:45:12.085005,0.6840293034525359,2026-03-16T10:45:13.230000,56,,,
participant_17,4,day,Town10HD_Opt,2026-03-16 10:45:14.242884,10.104168891906738,69.5138931274414,0.0020735550206154,18.866,0.294,0.289,0.0,0,0,1,,1.0,2026-03-16T10:45:14.242884,neutral,0.983,2026-03-16T10:45:14.242884,0.7072828946204819,2026-03-16T10:45:13.948000,56,,,
participant_17,4,day,Town10HD_Opt,2026-03-16 10:45:15.303983,13.393377304077148,69.475341796875,0.0020882415119558,18.055,1.142,0.195,0.0,0,0,1,,1.0,2026-03-16T10:45:15.303983,neutral,0.983,2026-03-16T10:45:14.242884,0.7114699233959014,2026-03-16T10:45:15.007000,57,,,
participant_17,4,day,Town10HD_Opt,2026-03-16 10:45:16.292107,16.436073303222656,69.4974365234375,0.0020005034748464,15.276,0.693,0.0,0.0,0,0,1,,1.0,2026-03-16T10:45:16.292107,neutral,1.0,2026-03-16T10:45:16.292107,0.7447907572924273,2026-03-16T10:45:15.930000,57,,,
participant_17,4,day,Town10HD_Opt,2026-03-16 10:45:17.306689,18.85161399841309,69.5351333618164,0.0020231246016919,12.08,0.371,0.194,0.0,0,0,1,,1.0,2026-03-16T10:45:17.306689,neutral,1.0,2026-03-16T10:45:16.292107,0.7799437412674706,2026-03-16T10:45:17.504000,56,Stop sign violation,stop_sign_id=678,
participant_17,4,day,Town10HD_Opt,2026-03-16 10:45:18.274109,20.88062286376953,69.57501983642578,0.0019981383811682,10.333,0.371,0.0,0.0,0,0,1,,1.0,2026-03-16T10:45:18.274109,neutral,1.0,2026-03-16T10:45:16.292107,0.8529089473982109,2026-03-16T10:45:18.179000,56,,,
participant_17,4,day,Town10HD_Opt,2026-03-16 10:45:19.260863,22.475297927856445,69.61241149902344,0.002014274476096,7.534,0.371,0.0,0.059,0,0,1,,1.0,2026-03-16T10:45:19.260863,neutral,1.0,2026-03-16T10:45:19.260863,0.799937032626356,2026-03-16T10:45:18.946000,57,,,
participant_17,4,day,Town10HD_Opt,2026-03-16 10:45:20.215405,23.56921768188477,69.64112091064453,0.002073211595416,0.0,0.371,0.0,0.053,0,0,1,,1.0,2026-03-16T10:45:20.215405,neutral,1.0,2026-03-16T10:45:19.260863,0.8589748109667212,2026-03-16T10:45:20.114000,56,,,
participant_17,4,day,Town10HD_Opt,2026-03-16 10:45:21.243761,23.58170890808105,69.64147186279297,0.0019443893106654,0.003,0.39,0.449,0.0,0,0,1,,1.0,2026-03-16T10:45:21.243761,neutral,1.0,2026-03-16T10:45:19.260863,0.8689332857020743,2026-03-16T10:45:21.330000,57,,,
participant_17,4,day,Town10HD_Opt,2026-03-16 10:45:22.253246,24.15588760375977,69.65795135498047,0.0015340042300522,9.884,0.435,0.939,0.0,0,0,1,,1.0,2026-03-16T10:45:22.253246,neutral,1.0,2026-03-16T10:45:22.253246,0.8854621681083693,2026-03-16T10:45:22.409000,62,,,
participant_17,4,day,Town10HD_Opt,2026-03-16 10:45:23.264736,26.955411911010746,69.74398803710938,0.0018121337052434,21.674,-1.892,0.83,0.0,0,0,1,,1.0,2026-03-16T10:45:23.264736,neutral,1.0,2026-03-16T10:45:22.253246,0.8719132924394237,2026-03-16T10:45:23.130000,62,,,
participant_17,4,day,Town10HD_Opt,2026-03-16 10:45:24.245459,31.4995231628418,69.52024841308594,0.0017820739885792,30.527,-11.921,0.628,0.0,0,0,1,,1.0,2026-03-16T10:45:24.245459,neutral,1.0,2026-03-16T10:45:22.253246,0.8985063790460274,2026-03-16T10:45:23.985000,63,,,
participant_17,4,day,Town10HD_Opt,2026-03-16 10:45:25.271707,36.88298797607422,67.65276336669922,0.0019435500726103,34.725,-13.083,0.427,0.0,0,0,1,,1.0,2026-03-16T10:45:25.271707,neutral,0.995,2026-03-16T10:45:25.271707,0.8236115094467524,2026-03-16T10:45:25.020000,60,,,
participant_17,4,day,Town10HD_Opt,2026-03-16 10:45:26.258413,41.60848236083984,63.90972137451172,0.0021011352073401,33.946,-11.989,0.323,0.0,0,0,1,,0.836,2026-03-16T10:45:26.258413,neutral,0.995,2026-03-16T10:45:25.271707,0.7885707550604938,2026-03-16T10:45:26.144000,60,,,
participant_17,4,day,Town10HD_Opt,2026-03-16 10:45:27.226846,44.38484191894531,59.246952056884766,0.0023240661248564,27.267,-18.651,0.0,0.0,0,0,1,,1.0,2026-03-16T10:45:27.226846,neutral,0.995,2026-03-16T10:45:25.271707,0.8459968057163004,2026-03-16T10:45:26.954000,60,,,
participant_17,4,day,Town10HD_Opt,2026-03-16 10:45:28.206417,44.93974685668945,55.08843994140625,0.0022761535365134,20.563,-12.277,0.0,0.0,0,0,1,,1.0,2026-03-16T10:45:28.206417,neutral,0.903,2026-03-16T10:45:28.206417,0.8954545915204084,2026-03-16T10:45:27.945000,61,,,
participant_17,4,day,Town10HD_Opt,2026-03-16 10:45:29.196134,44.639408111572266,51.92240905761719,0.0020082474220544,15.839,-3.32,0.0,0.0,0,0,1,,1.0,2026-03-16T10:45:29.196134,neutral,0.903,2026-03-16T10:45:28.206417,0.7789138980680244,2026-03-16T10:45:28.979000,62,,,
participant_17,4,day,Town10HD_Opt,2026-03-16 10:45:30.188052,44.33828353881836,49.47758102416992,0.0019464110955595,12.122,1.318,0.0,0.0,0,0,1,,1.0,2026-03-16T10:45:30.188052,neutral,0.903,2026-03-16T10:45:28.206417,0.7071545227693062,2026-03-16T10:45:29.975000,61,,,
participant_17,4,day,Town10HD_Opt,2026-03-16 10:45:31.146027,44.15442657470703,47.59818649291992,0.0020068739540874,9.263,1.782,0.0,0.003,0,0,1,,1.0,2026-03-16T10:45:31.146027,neutral,1.0,2026-03-16T10:45:31.146027,0.7684855172351128,2026-03-16T10:45:30.962000,59,,,
participant_17,4,day,Town10HD_Opt,2026-03-16 10:45:32.091757,44.04210662841797,46.19367599487305,0.0019876861479133,6.605,1.845,0.0,0.041,0,0,1,,1.0,2026-03-16T10:45:32.091757,neutral,1.0,2026-03-16T10:45:31.146027,0.7401241035802724,2026-03-16T10:45:31.949000,58,Stop sign violation,stop_sign_id=1120,
participant_17,4,day,Town10HD_Opt,2026-03-16 10:45:33.283528,43.95505142211914,44.85466384887695,0.0019642256665974,4.775,1.711,0.0,0.0,0,0,1,,1.0,2026-03-16T10:45:33.283528,neutral,0.999,2026-03-16T10:45:33.283528,0.7639760376296789,2026-03-16T10:45:32.985000,56,,,
participant_17,4,day,Town10HD_Opt,2026-03-16 10:45:34.235547,43.91059875488281,44.11468505859375,0.0019657134544104,3.424,0.907,0.2,0.0,0,0,1,,1.0,2026-03-16T10:45:34.235547,neutral,0.999,2026-03-16T10:45:33.283528,0.8059661921754191,2026-03-16T10:45:34.019000,55,,,
participant_17,4,day,Town10HD_Opt,2026-03-16 10:45:35.180458,43.84703063964844,43.00678253173828,0.0015094756381586,13.203,1.168,0.973,0.0,0,0,1,,1.0,2026-03-16T10:45:35.180458,neutral,0.999,2026-03-16T10:45:33.283528,0.7320316601591662,2026-03-16T10:45:34.965000,55,,,
participant_17,4,day,Town10HD_Opt,2026-03-16 10:45:36.274200,43.7495346069336,39.67432022094727,0.001706504728645,25.368,8.186,0.795,0.0,0,0,1,,1.0,2026-03-16T10:45:36.274200,neutral,1.0,2026-03-16T10:45:36.274200,0.67947116410771,2026-03-16T10:45:35.955000,56,,,
participant_17,4,day,Town10HD_Opt,2026-03-16 10:45:37.224926,44.67400741577149,34.53936004638672,0.0017687606159597,34.462,15.103,0.661,0.0,0,0,1,,1.0,2026-03-16T10:45:37.224926,neutral,1.0,2026-03-16T10:45:36.274200,0.7260641649170614,2026-03-16T10:45:37.125000,56,,,
participant_17,4,day,Town10HD_Opt,2026-03-16 10:45:38.201190,48.05628204345703,29.36823463439941,0.002171134809032,34.359,16.515,0.0,0.0,0,0,1,,1.0,2026-03-16T10:45:38.201190,neutral,1.0,2026-03-16T10:45:36.274200,0.6202478564841822,2026-03-16T10:45:37.934000,57,,,
participant_17,4,day,Town10HD_Opt,2026-03-16 10:45:39.145409,52.55647277832031,26.70188331604004,0.0023290251847356,25.927,13.804,0.0,0.0,0,0,1,,1.0,2026-03-16T10:45:39.145409,neutral,0.995,2026-03-16T10:45:39.145409,0.6718645420894936,2026-03-16T10:45:39.015000,54,,,
participant_17,4,day,Town10HD_Opt,2026-03-16 10:45:40.124940,56.49067687988281,25.900081634521484,0.0022083281073719,20.696,9.887,0.263,0.0,0,0,1,,1.0,2026-03-16T10:45:40.124940,neutral,0.995,2026-03-16T10:45:39.145409,0.7386334600858254,2026-03-16T10:45:40.004000,58,,,
participant_17,4,day,Town10HD_Opt,2026-03-16 10:45:41.078469,59.89984893798828,25.687084197998047,0.0021400833502411,18.059,0.508,0.112,0.0,0,0,1,,1.0,2026-03-16T10:45:41.078469,neutral,0.995,2026-03-16T10:45:39.145409,0.6889879044596601,2026-03-16T10:45:40.995000,56,,,
participant_17,4,day,Town10HD_Opt,2026-03-16 10:45:42.354191,64.0566177368164,25.53989601135254,0.0019447326194494,16.813,0.289,0.0,0.0,0,0,1,,0.81,2026-03-16T10:45:42.354191,neutral,0.999,2026-03-16T10:45:42.354191,0.6738233850014763,2026-03-16T10:45:41.985000,56,,,
participant_17,4,day,Town10HD_Opt,2026-03-16 10:45:43.300409,66.62977600097656,25.465951919555664,0.0020747375674545,12.308,-1.003,0.0,0.223,0,0,1,,1.0,2026-03-16T10:45:43.300409,neutral,0.999,2026-03-16T10:45:42.354191,0.6188264687796268,2026-03-16T10:45:43.110000,56,,,
participant_17,4,day,Town10HD_Opt,2026-03-16 10:45:44.208710,68.38098907470703,25.39192771911621,0.0020481108222156,7.635,-0.989,0.0,0.143,0,0,1,,1.0,2026-03-16T10:45:44.208710,neutral,0.999,2026-03-16T10:45:42.354191,0.6489559380466883,2026-03-16T10:45:43.967000,55,,,
participant_17,4,day,Town10HD_Opt,2026-03-16 10:45:45.157838,69.39667510986328,25.342697143554688,0.0023704909253865,0.0,-0.642,0.0,0.102,0,0,1,,1.0,2026-03-16T10:45:45.157838,neutral,1.0,2026-03-16T10:45:45.157838,0.6031223689918184,2026-03-16T10:45:45.002000,55,,,
participant_17,4,day,Town10HD_Opt,2026-03-16 10:45:46.063167,69.39720916748047,25.342660903930664,0.001938018715009,0.0,-0.392,0.0,0.009,0,0,1,,1.0,2026-03-16T10:45:46.063167,neutral,1.0,2026-03-16T10:45:45.157838,0.6418279930008224,2026-03-16T10:45:46.304000,55,,,
participant_17,4,day,Town10HD_Opt,2026-03-16 10:45:47.076632,69.39728546142578,25.342660903930664,0.0019204712007194,0.0,1.011,0.0,0.0,0,0,1,,1.0,2026-03-16T10:45:47.076632,neutral,1.0,2026-03-16T10:45:45.157838,0.5948604726170581,2026-03-16T10:45:47.026000,58,,,
participant_17,4,day,Town10HD_Opt,2026-03-16 10:45:48.257850,69.3970947265625,25.34382057189941,0.0028397368732839,0.023,0.663,0.0,0.0,0,0,1,,1.0,2026-03-16T10:45:48.257850,neutral,0.999,2026-03-16T10:45:48.257850,0.5619425176090432,2026-03-16T10:45:48.061000,59,,,errors=Vehicle collision
participant_17,4,day,Town10HD_Opt,2026-03-16 10:45:49.237798,69.39639282226562,25.34478759765625,0.0057052229531109,0.005,0.653,0.0,0.0,0,0,1,,1.0,2026-03-16T10:45:49.237798,neutral,0.999,2026-03-16T10:45:48.257850,0.5773540596607843,2026-03-16T10:45:49.232000,60,,,
participant_17,4,day,Town10HD_Opt,2026-03-16 10:45:50.168104,69.86164093017578,25.30793190002441,0.0032794189173728,6.848,0.653,0.806,0.0,0,0,1,,0.832,2026-03-16T10:45:50.168104,neutral,0.999,2026-03-16T10:45:48.257850,0.4900095842572894,2026-03-16T10:45:50.130000,60,,,
participant_17,4,day,Town10HD_Opt,2026-03-16 10:45:51.153675,71.74654388427734,25.164213180541992,0.0025133132003247,15.501,0.653,0.979,0.0,0,0,1,,0.838,2026-03-16T10:45:51.153675,neutral,0.999,2026-03-16T10:45:51.153675,0.5026523162978076,2026-03-16T10:45:51.349000,59,,,errors=Vehicle collision
participant_17,4,day,Town10HD_Opt,2026-03-16 10:45:52.137152,75.00212860107422,24.92348289489746,0.0019242477137595,21.831,0.653,0.968,0.0,0,0,1,,0.839,2026-03-16T10:45:52.137152,neutral,0.999,2026-03-16T10:45:51.153675,0.5147791417753612,2026-03-16T10:45:52.471000,59,,,
participant_17,4,day,Town10HD_Opt,2026-03-16 10:45:53.084250,79.49284362792969,24.77812767028809,0.002403526334092,31.286,0.86,0.867,0.0,0,0,1,,1.0,2026-03-16T10:45:53.084250,neutral,0.999,2026-03-16T10:45:51.153675,0.525480528450317,2026-03-16T10:45:53.505000,56,,,
participant_17,4,day,Town10HD_Opt,2026-03-16 10:45:54.301795,87.08245086669922,25.15501976013184,0.0022357939742505,28.847,-2.97,0.118,0.0,0,0,1,,1.0,2026-03-16T10:45:54.301795,neutral,1.0,2026-03-16T10:45:54.301795,0.4487527844955156,2026-03-16T10:45:54.134000,58,,,
participant_17,4,day,Town10HD_Opt,2026-03-16 10:45:55.272863,91.775634765625,24.97013664245605,0.0021313475444912,25.499,-11.0,0.296,0.0,0,0,1,,1.0,2026-03-16T10:45:55.272863,neutral,1.0,2026-03-16T10:45:54.301795,0.4398333707429072,2026-03-16T10:45:54.945000,58,,,
participant_17,4,day,Town10HD_Opt,2026-03-16 10:45:56.209335,95.89057159423828,23.66517448425293,0.0021012115757912,24.328,-16.99,0.356,0.0,0,0,1,,1.0,2026-03-16T10:45:56.209335,neutral,1.0,2026-03-16T10:45:54.301795,0.4181324158651207,2026-03-16T10:45:56.025000,57,,,
participant_17,4,day,Town10HD_Opt,2026-03-16 10:45:57.157569,99.30176544189452,21.14289093017578,0.0020570755004882,24.395,-10.562,0.35,0.0,0,0,1,,1.0,2026-03-16T10:45:57.157569,neutral,1.0,2026-03-16T10:45:57.157569,0.2927522779972489,2026-03-16T10:45:56.971000,55,,,
participant_17,4,day,Town10HD_Opt,2026-03-16 10:45:58.347450,102.86038208007812,16.732927322387695,0.0046013640239834,24.342,-8.582,0.339,0.0,0,0,1,,1.0,2026-03-16T10:45:58.347450,neutral,1.0,2026-03-16T10:45:57.157569,0.3220063633863107,2026-03-16T10:45:57.960000,55,,,
participant_17,4,day,Town10HD_Opt,2026-03-16 10:45:59.289115,104.6259765625,12.89680004119873,0.0019021987682208,25.033,-12.604,0.821,0.0,0,0,1,,1.0,2026-03-16T10:45:59.289115,neutral,1.0,2026-03-16T10:45:59.289115,0.3422267357506115,2026-03-16T10:45:59.175000,54,,,
participant_17,4,day,Town10HD_Opt,2026-03-16 10:46:00.297836,105.67321014404295,7.714914321899414,0.0015982437180355,37.89,-3.714,1.0,0.0,0,0,1,,1.0,2026-03-16T10:46:00.297836,neutral,1.0,2026-03-16T10:45:59.289115,0.3934652400689791,2026-03-16T10:46:00.030000,53,,,
participant_17,4,day,Town10HD_Opt,2026-03-16 10:46:01.275347,106.33106231689452,-0.0457124710083007,0.0015618514735251,52.606,-1.92,0.0,0.229,0,0,1,,1.0,2026-03-16T10:46:01.275347,neutral,1.0,2026-03-16T10:45:59.289115,0.377086109765069,2026-03-16T10:46:00.930000,55,,,
participant_17,4,day,Town10HD_Opt,2026-03-16 10:46:02.269703,106.4570770263672,-8.872549057006836,0.0019998550415039,50.751,0.282,0.0,0.0,0,0,1,,1.0,2026-03-16T10:46:02.269703,neutral,1.0,2026-03-16T10:46:02.269703,0.3976018676296132,2026-03-16T10:46:01.965000,57,,,
participant_17,4,day,Town10HD_Opt,2026-03-16 10:46:03.254132,106.50524139404295,-17.644548416137695,0.0020127487368881,50.491,-1.528,0.83,0.0,0,0,1,,0.829,2026-03-16T10:46:03.254132,neutral,1.0,2026-03-16T10:46:02.269703,0.4266666819353677,2026-03-16T10:46:03.180000,55,,,
participant_17,4,day,Town10HD_Opt,2026-03-16 10:46:04.134200,106.2239227294922,-26.39268684387207,0.002062072744593,49.727,-2.076,0.809,0.0,0,0,1,,1.0,2026-03-16T10:46:04.134200,neutral,1.0,2026-03-16T10:46:02.269703,0.3900272809558249,2026-03-16T10:46:03.946000,56,,,
participant_17,4,day,Town10HD_Opt,2026-03-16 10:46:05.338449,104.35431671142578,-37.8341064453125,0.0019577406346797,50.687,-7.663,0.788,0.0,0,0,1,,1.0,2026-03-16T10:46:05.338449,neutral,1.0,2026-03-16T10:46:05.338449,0.3283442381314141,2026-03-16T10:46:05.115000,56,,,
participant_17,4,day,Town10HD_Opt,2026-03-16 10:46:06.285104,100.61185455322266,-45.66951370239258,0.0020368576515465,49.433,-4.374,0.897,0.0,0,0,1,,1.0,2026-03-16T10:46:06.285104,neutral,1.0,2026-03-16T10:46:05.338449,0.4086798597850163,2026-03-16T10:46:05.970000,57,,,
participant_17,4,day,Town10HD_Opt,2026-03-16 10:46:07.191018,95.3285903930664,-52.62657165527344,0.0020172882359474,50.152,-6.417,1.0,0.0,0,0,1,,0.836,2026-03-16T10:46:07.191018,neutral,1.0,2026-03-16T10:46:05.338449,0.3303412824065294,2026-03-16T10:46:06.960000,55,,,
participant_17,4,day,Town10HD_Opt,2026-03-16 10:46:08.122193,88.5662612915039,-58.18300247192383,0.0020494079217314,50.202,-6.028,0.924,0.0,0,0,1,,1.0,2026-03-16T10:46:08.122193,neutral,0.998,2026-03-16T10:46:08.122193,0.3687748513495549,2026-03-16T10:46:08.041000,56,,,
participant_17,4,day,Town10HD_Opt,2026-03-16 10:46:09.338025,77.790283203125,-62.66482162475586,0.0018459319835528,52.132,-4.32,0.0,0.213,0,0,1,,1.0,2026-03-16T10:46:09.338025,neutral,0.998,2026-03-16T10:46:08.122193,0.4263741142247751,2026-03-16T10:46:09.120000,55,,,
participant_17,4,day,Town10HD_Opt,2026-03-16 10:46:10.344786,69.11882781982422,-64.16545104980469,0.0018824386643245,52.138,-2.292,0.0,0.214,0,0,1,,1.0,2026-03-16T10:46:10.344786,neutral,1.0,2026-03-16T10:46:10.344786,0.3417610125794142,2026-03-16T10:46:09.930000,56,,,
participant_17,4,day,Town10HD_Opt,2026-03-16 10:46:11.294267,60.37164306640625,-64.75334167480469,0.0019330214709043,51.371,-0.933,0.0,0.137,0,0,1,,1.0,2026-03-16T10:46:11.294267,neutral,1.0,2026-03-16T10:46:10.344786,0.2811082175904205,2026-03-16T10:46:10.966000,56,,,
participant_17,4,day,Town10HD_Opt,2026-03-16 10:46:12.261201,51.66474151611328,-64.90290069580078,0.001975402701646,50.178,-0.884,0.687,0.0,0,0,1,,1.0,2026-03-16T10:46:12.261201,neutral,1.0,2026-03-16T10:46:10.344786,0.3688402555183893,2026-03-16T10:46:12.135000,55,,,
participant_17,4,day,Town10HD_Opt,2026-03-16 10:46:13.201449,43.0008544921875,-64.8013916015625,0.0021135329734534,48.118,0.721,0.481,0.0,0,0,1,,1.0,2026-03-16T10:46:13.201449,neutral,1.0,2026-03-16T10:46:13.201449,0.3726048811258263,2026-03-16T10:46:13.035000,54,,,
participant_17,4,day,Town10HD_Opt,2026-03-16 10:46:14.185667,34.66073226928711,-64.77985382080078,0.0020869825966656,46.998,-0.458,0.428,0.0,0,0,1,,1.0,2026-03-16T10:46:14.185667,neutral,1.0,2026-03-16T10:46:13.201449,0.3982630772407258,2026-03-16T10:46:13.936000,56,,,
participant_17,4,day,Town10HD_Opt,2026-03-16 10:46:15.098901,26.562049865722656,-64.67530059814453,0.0020995712839066,45.28,0.045,0.314,0.0,0,0,1,,1.0,2026-03-16T10:46:15.098901,neutral,1.0,2026-03-16T10:46:13.201449,0.3606230447133559,2026-03-16T10:46:15.015000,56,,,
participant_17,4,day,Town10HD_Opt,2026-03-16 10:46:16.096073,19.2591495513916,-64.56745147705078,0.0023461531382054,36.518,0.247,0.0,0.0,0,0,1,,1.0,2026-03-16T10:46:16.096073,neutral,1.0,2026-03-16T10:46:16.096073,0.2764605691785238,2026-03-16T10:46:16.095000,55,,,
participant_17,4,day,Town10HD_Opt,2026-03-16 10:46:17.069098,13.548672676086426,-64.51602172851562,0.0023064422421157,28.214,0.315,0.0,0.0,0,0,1,,1.0,2026-03-16T10:46:17.069098,neutral,1.0,2026-03-16T10:46:16.096073,0.2995634684675479,2026-03-16T10:46:16.951000,56,,,
participant_17,4,day,Town10HD_Opt,2026-03-16 10:46:18.290106,7.965943336486816,-64.51158905029297,0.0022481156047433,19.361,-0.146,0.0,0.0,0,0,1,,1.0,2026-03-16T10:46:18.290106,neutral,1.0,2026-03-16T10:46:18.290106,0.291151687790073,2026-03-16T10:46:17.941000,54,,,
participant_17,4,day,Town10HD_Opt,2026-03-16 10:46:19.301438,4.781659126281738,-64.50822448730469,0.0020862577948719,18.731,0.092,0.838,0.0,0,0,1,,1.0,2026-03-16T10:46:19.301438,neutral,1.0,2026-03-16T10:46:18.290106,0.3412235068033192,2026-03-16T10:46:19.066000,53,,,
participant_17,4,day,Town10HD_Opt,2026-03-16 10:46:20.258797,0.6344618797302246,-64.52033233642578,0.0016552733723074,30.319,0.289,0.813,0.0,0,0,1,,1.0,2026-03-16T10:46:20.258797,neutral,1.0,2026-03-16T10:46:18.290106,0.2140805925152978,2026-03-16T10:46:20.055000,52,,,
participant_17,4,day,Town10HD_Opt,2026-03-16 10:46:21.220243,-5.016425609588623,-64.56925201416016,0.0021589659154415,30.294,0.176,0.0,0.0,0,0,1,,1.0,2026-03-16T10:46:21.220243,neutral,1.0,2026-03-16T10:46:21.220243,0.2765943298962069,2026-03-16T10:46:21.136000,53,,,
participant_17,4,day,Town10HD_Opt,2026-03-16 10:46:22.170905,-9.74074649810791,-64.6325912475586,0.002268829382956,23.128,0.176,0.0,0.0,0,0,1,,1.0,2026-03-16T10:46:22.170905,neutral,1.0,2026-03-16T10:46:21.220243,0.2955286849320713,2026-03-16T10:46:21.991000,54,,,
participant_17,4,day,Town10HD_Opt,2026-03-16 10:46:23.093742,-13.305557250976562,-64.69456481933594,0.0020475005730986,17.508,0.176,0.0,0.0,0,0,1,,1.0,2026-03-16T10:46:23.093742,neutral,1.0,2026-03-16T10:46:21.220243,0.1927163590343587,2026-03-16T10:46:23.070000,55,,,
participant_17,4,day,Town10HD_Opt,2026-03-16 10:46:24.306691,-16.810161590576172,-64.76803588867188,0.002036819467321,12.378,0.176,0.0,0.0,0,0,1,,1.0,2026-03-16T10:46:24.306691,neutral,1.0,2026-03-16T10:46:24.306691,0.101796082732077,2026-03-16T10:46:24.016000,54,,,
participant_17,4,day,Town10HD_Opt,2026-03-16 10:46:25.232973,-18.73851776123047,-64.81364440917969,0.0020099638495594,9.508,0.176,0.0,0.0,0,0,1,,1.0,2026-03-16T10:46:25.232973,neutral,1.0,2026-03-16T10:46:24.306691,0.2335621971366766,2026-03-16T10:46:25.051000,53,,,
participant_17,4,day,Town10HD_Opt,2026-03-16 10:46:26.171288,-20.219215393066406,-64.8511734008789,0.001989021198824,7.194,0.176,0.0,0.0,0,0,1,,1.0,2026-03-16T10:46:26.171288,neutral,1.0,2026-03-16T10:46:24.306691,0.2451303832041648,2026-03-16T10:46:26.086000,54,,,
participant_17,4,day,Town10HD_Opt,2026-03-16 10:46:27.102806,-21.35599899291992,-64.88150787353516,0.0019728087354451,5.605,0.176,0.0,0.0,0,0,1,,1.0,2026-03-16T10:46:27.102806,neutral,0.998,2026-03-16T10:46:27.102806,0.3142945707697958,2026-03-16T10:46:27.031000,53,,,
participant_17,4,day,Town10HD_Opt,2026-03-16 10:46:28.245569,-22.471967697143555,-64.91258239746094,0.0019567869603633,3.826,0.176,0.0,0.0,0,0,1,,1.0,2026-03-16T10:46:28.245569,neutral,0.998,2026-03-16T10:46:27.102806,0.3500114481629362,2026-03-16T10:46:27.930000,53,,,
participant_17,4,day,Town10HD_Opt,2026-03-16 10:46:29.195010,-23.08542251586914,-64.9301986694336,0.0019480895716696,3.025,0.176,0.0,0.0,0,0,1,,1.0,2026-03-16T10:46:29.195010,neutral,1.0,2026-03-16T10:46:29.195010,0.4361847878591172,2026-03-16T10:46:29.055000,54,,,
participant_17,4,day,Town10HD_Opt,2026-03-16 10:46:30.120625,-23.556360244750977,-64.94398498535156,0.0019413756672292,2.322,0.176,0.0,0.0,0,0,1,,1.0,2026-03-16T10:46:30.120625,neutral,1.0,2026-03-16T10:46:29.195010,0.3417050695006861,2026-03-16T10:46:30.360000,51,,,
participant_17,4,day,Town10HD_Opt,2026-03-16 10:46:31.280784,-24.23341941833496,-64.96398162841797,0.0016004561912268,8.386,0.176,0.952,0.0,0,0,1,,1.0,2026-03-16T10:46:31.280784,neutral,1.0,2026-03-16T10:46:31.280784,0.4656221394468591,2026-03-16T10:46:30.947000,53,,,
participant_17,4,day,Town10HD_Opt,2026-03-16 10:46:32.192457,-26.89924049377441,-65.05355834960938,0.0017271422548219,22.45,0.493,1.0,0.0,0,0,1,,1.0,2026-03-16T10:46:32.192457,neutral,1.0,2026-03-16T10:46:31.280784,0.456811248878171,2026-03-16T10:46:32.116000,51,,,
participant_17,4,day,Town10HD_Opt,2026-03-16 10:46:33.124834,-32.13074493408203,-65.26644134521484,0.0015123748453333,38.814,0.007,1.0,0.0,0,0,1,,1.0,2026-03-16T10:46:33.124834,neutral,1.0,2026-03-16T10:46:31.280784,0.5024013040939007,2026-03-16T10:46:33.016000,54,,,
participant_17,4,day,Town10HD_Opt,2026-03-16 10:46:34.341260,-43.13551330566406,-65.7388687133789,0.00195690151304,50.653,0.019,0.0,0.124,0,0,1,,1.0,2026-03-16T10:46:34.341260,neutral,0.978,2026-03-16T10:46:34.341260,0.421470600060683,2026-03-16T10:46:33.961000,54,,,
participant_17,4,day,Town10HD_Opt,2026-03-16 10:46:35.273321,-51.75332260131836,-66.11803436279297,0.0018354033818468,51.77,0.038,0.0,0.177,0,0,1,,1.0,2026-03-16T10:46:35.273321,neutral,0.978,2026-03-16T10:46:34.341260,0.477440040216286,2026-03-16T10:46:35.029000,52,Solid line crossing,Solid line crossing,
participant_17,4,day,Town10HD_Opt,2026-03-16 10:46:36.180368,-60.49123001098633,-66.50434875488281,0.0018816374940797,51.775,-0.665,0.0,0.163,0,0,1,,1.0,2026-03-16T10:46:36.180368,neutral,0.978,2026-03-16T10:46:34.341260,0.4598813568001352,2026-03-16T10:46:36.030000,54,,,
participant_17,4,day,Town10HD_Opt,2026-03-16 10:46:37.082441,-69.20122528076172,-66.67586517333984,0.0019321822328493,51.243,-2.791,0.0,0.124,0,0,1,,1.0,2026-03-16T10:46:37.082441,neutral,1.0,2026-03-16T10:46:37.082441,0.4738307579175654,2026-03-16T10:46:37.291000,54,,,
participant_17,4,day,Town10HD_Opt,2026-03-16 10:46:38.340750,-80.83402252197266,-65.24861907958984,0.001958503620699,50.756,-7.047,0.0,0.0,0,0,1,,1.0,2026-03-16T10:46:38.340750,neutral,1.0,2026-03-16T10:46:37.082441,0.5364510133358943,2026-03-16T10:46:38.011000,53,,,
participant_17,4,day,Town10HD_Opt,2026-03-16 10:46:39.314119,-88.8005142211914,-61.76890182495117,0.0019271849887445,50.932,-6.128,0.0,0.0,0,0,1,,1.0,2026-03-16T10:46:39.314119,neutral,0.999,2026-03-16T10:46:39.314119,0.5894894777740275,2026-03-16T10:46:38.958000,55,,,
participant_17,4,day,Town10HD_Opt,2026-03-16 10:46:40.220103,-95.6519546508789,-56.438133239746094,0.0018954466795548,51.276,-4.534,0.0,0.128,0,0,1,,1.0,2026-03-16T10:46:40.220103,neutral,0.999,2026-03-16T10:46:39.314119,0.5694524124307627,2026-03-16T10:46:40.126000,56,,,
participant_17,4,day,Town10HD_Opt,2026-03-16 10:46:41.202128,-101.38191223144533,-49.83357238769531,0.0018424605950713,52.31,-4.44,0.0,0.235,0,0,1,,1.0,2026-03-16T10:46:41.202128,neutral,0.999,2026-03-16T10:46:39.314119,0.5917630532915701,2026-03-16T10:46:40.984000,55,,,
participant_17,4,day,Town10HD_Opt,2026-03-16 10:46:42.190305,-105.7894515991211,-42.29572677612305,0.0019019698956981,51.782,-4.627,0.0,0.131,0,0,1,,1.0,2026-03-16T10:46:42.190305,neutral,0.999,2026-03-16T10:46:42.190305,0.61189062425851,2026-03-16T10:46:41.970000,54,,,
participant_17,4,day,Town10HD_Opt,2026-03-16 10:46:43.137334,-108.73416137695312,-34.06269836425781,0.002005310030654,50.32,-3.877,0.719,0.0,0,0,1,,1.0,2026-03-16T10:46:43.137334,neutral,0.999,2026-03-16T10:46:42.190305,0.6335190119072429,2026-03-16T10:46:42.961000,56,,,
participant_17,4,day,Town10HD_Opt,2026-03-16 10:46:44.090138,-110.23794555664062,-25.59561920166016,0.0022782515734434,45.634,-3.745,0.0,0.0,0,0,1,,1.0,2026-03-16T10:46:44.090138,neutral,0.999,2026-03-16T10:46:42.190305,0.6038715087587245,2026-03-16T10:46:44.175000,57,,,
participant_17,4,day,Town10HD_Opt,2026-03-16 10:46:45.349477,-110.51278686523438,-16.681575775146484,0.002395172137767,30.451,1.375,0.0,0.349,0,0,1,,1.0,2026-03-16T10:46:45.349477,neutral,0.997,2026-03-16T10:46:45.349477,0.5887038172048376,2026-03-16T10:46:45.121000,56,,,
participant_17,4,day,Town10HD_Opt,2026-03-16 10:46:46.313045,-110.61014556884766,-12.11060905456543,0.0023356245364993,21.227,-1.093,0.0,0.315,0,0,1,,1.0,2026-03-16T10:46:46.313045,neutral,0.997,2026-03-16T10:46:45.349477,0.5369946391377102,2026-03-16T10:46:46.065000,56,,,
participant_17,4,day,Town10HD_Opt,2026-03-16 10:46:47.272889,-110.64607238769533,-8.946698188781738,0.0020365142263472,15.411,-1.523,0.068,0.0,0,0,1,,1.0,2026-03-16T10:46:47.272889,neutral,0.997,2026-03-16T10:46:45.349477,0.5843416088097767,2026-03-16T10:46:46.962000,57,,,
participant_17,4,day,Town10HD_Opt,2026-03-16 10:46:48.205828,-110.6310806274414,-5.931390762329102,0.001851386972703,22.377,0.625,1.0,0.0,0,0,1,,1.0,2026-03-16T10:46:48.205828,neutral,1.0,2026-03-16T10:46:48.205828,0.5867440155320329,2026-03-16T10:46:48.135000,57,,,
participant_17,4,day,Town10HD_Opt,2026-03-16 10:46:49.218001,-110.67585754394533,-0.7109928131103516,0.0015340042300522,39.152,0.308,0.937,0.0,0,0,1,,1.0,2026-03-16T10:46:49.218001,neutral,1.0,2026-03-16T10:46:48.205828,0.6332036187427298,2026-03-16T10:46:48.947000,55,,,
participant_17,4,day,Town10HD_Opt,2026-03-16 10:46:50.186118,-110.74854278564452,7.001806259155273,0.0016696548555046,49.623,-3.938,0.69,0.0,0,0,1,,1.0,2026-03-16T10:46:50.186118,neutral,1.0,2026-03-16T10:46:48.205828,0.6274940732412603,2026-03-16T10:46:49.981000,56,,,
participant_17,4,day,Town10HD_Opt,2026-03-16 10:46:51.167661,-109.22698211669922,15.373476028442385,0.002376785269007,43.319,-16.955,0.0,0.0,0,0,1,,1.0,2026-03-16T10:46:51.167661,neutral,0.999,2026-03-16T10:46:51.167661,0.5698793886969409,2026-03-16T10:46:51.015000,57,,,
participant_17,4,day,Town10HD_Opt,2026-03-16 10:46:52.254730,-104.9605712890625,20.39014434814453,0.0024018478579819,32.549,-11.646,0.0,0.0,0,0,1,,1.0,2026-03-16T10:46:52.254730,neutral,0.999,2026-03-16T10:46:51.167661,0.5479818926806121,2026-03-16T10:46:51.961000,58,,,
participant_17,4,day,Town10HD_Opt,2026-03-16 10:46:53.324054,-100.14307403564452,22.87206649780273,0.0018829726614058,34.373,-9.938,0.969,0.0,0,0,1,,1.0,2026-03-16T10:46:53.324054,neutral,0.997,2026-03-16T10:46:53.324054,0.6392932705936449,2026-03-16T10:46:53.040000,59,,,
participant_17,4,day,Town10HD_Opt,2026-03-16 10:46:54.087729,-95.83175659179688,23.96560287475586,0.0016860198229551,41.981,-4.735,0.391,0.0,0,0,1,,1.0,2026-03-16T10:46:54.087729,neutral,0.997,2026-03-16T10:46:53.324054,0.6173281645624141,2026-03-16T10:46:53.988000,58,,,
participant_17,4,day,Town10HD_Opt,2026-03-16 10:46:55.121593,-88.337890625,24.97592544555664,0.0017764281947165,47.519,-0.9,1.0,0.0,0,0,1,,1.0,2026-03-16T10:46:55.121593,neutral,0.997,2026-03-16T10:46:53.324054,0.6070163560963987,2026-03-16T10:46:54.976000,57,,,
participant_17,4,day,Town10HD_Opt,2026-03-16 10:46:56.158167,-79.59014892578125,25.77286720275879,0.0021966171916574,48.358,-0.475,0.966,0.0,0,0,1,,1.0,2026-03-16T10:46:56.158167,neutral,0.997,2026-03-16T10:46:56.158167,0.5100094022798682,2026-03-16T10:46:56.371000,57,,,
participant_17,4,day,Town10HD_Opt,2026-03-16 10:46:57.117913,-70.83345794677734,26.37302589416504,0.0021925354376435,48.696,-0.505,1.0,0.0,0,0,1,,1.0,2026-03-16T10:46:57.117913,neutral,0.997,2026-03-16T10:46:56.158167,0.5168565314860167,2026-03-16T10:46:56.371000,59,,,
participant_17,4,day,Town10HD_Opt,2026-03-16 10:46:58.067860,-62.0010871887207,26.79226493835449,0.0021579742897301,49.104,-0.498,0.973,0.0,0,0,1,,1.0,2026-03-16T10:46:58.067860,neutral,0.997,2026-03-16T10:46:56.158167,0.6079795918903872,2026-03-16T10:46:56.371000,57,,,
participant_17,4,day,Town10HD_Opt,2026-03-16 10:46:59.336552,-50.368309020996094,27.058263778686523,0.0021708679851144,48.927,-0.498,0.911,0.0,0,0,1,,1.0,2026-03-16T10:46:59.336552,neutral,0.992,2026-03-16T10:46:59.336552,0.6299535510247564,2026-03-16T10:46:56.371000,56,,,
participant_17,4,day,Town10HD_Opt,2026-03-16 10:47:00.332491,-41.59101486206055,27.04767608642578,0.0021500778384506,49.237,-0.026,0.891,0.0,0,0,1,,1.0,2026-03-16T10:47:00.332491,neutral,0.992,2026-03-16T10:46:59.336552,0.5942505325113289,2026-03-16T10:46:56.371000,57,,,
participant_17,4,day,Town10HD_Opt,2026-03-16 10:47:01.283064,-32.7906379699707,26.960336685180664,0.0021534727420657,49.369,0.073,1.0,0.0,0,0,1,,1.0,2026-03-16T10:47:01.283064,neutral,0.992,2026-03-16T10:46:59.336552,0.5242139062463372,2026-03-16T10:46:56.371000,57,,,
participant_17,4,day,Town10HD_Opt,2026-03-16 10:47:02.244396,-23.973886489868164,26.892337799072266,0.0022198485676199,48.334,0.073,0.953,0.0,0,0,1,,1.0,2026-03-16T10:47:02.244396,neutral,1.0,2026-03-16T10:47:02.244396,0.5308767358835293,2026-03-16T10:46:56.371000,58,,,
participant_17,4,day,Town10HD_Opt,2026-03-16 10:47:03.203410,-15.216958999633787,26.84381484985352,0.0022018051240593,48.34,-0.089,0.911,0.0,0,0,1,,1.0,2026-03-16T10:47:03.203410,neutral,1.0,2026-03-16T10:47:02.244396,0.5155065480282057,2026-03-16T10:46:56.371000,58,,,
participant_17,4,day,Town10HD_Opt,2026-03-16 10:47:04.123327,-6.478229999542236,26.771041870117188,0.0021740722004324,48.716,-0.115,0.873,0.0,0,0,1,,1.0,2026-03-16T10:47:04.123327,neutral,1.0,2026-03-16T10:47:02.244396,0.5541798639472968,2026-03-16T10:46:56.371000,58,,,
participant_17,4,day,Town10HD_Opt,2026-03-16 10:47:05.339561,5.065928936004639,26.61075782775879,0.0021589279640465,47.146,-0.136,0.0,0.0,0,0,1,,1.0,2026-03-16T10:47:05.339561,neutral,0.998,2026-03-16T10:47:05.339561,0.6156749725605517,2026-03-16T10:46:56.371000,58,,,
participant_17,4,day,Town10HD_Opt,2026-03-16 10:47:06.259448,12.528103828430176,26.471662521362305,0.0023664855398237,37.075,0.416,0.0,0.016,0,0,1,,1.0,2026-03-16T10:47:06.259448,neutral,0.998,2026-03-16T10:47:05.339561,0.5930004198959186,2026-03-16T10:46:56.371000,58,,,
participant_17,4,day,Town10HD_Opt,2026-03-16 10:47:07.181523,18.32229423522949,26.4326171875,0.0023109053727239,28.631,1.434,0.0,0.0,0,0,1,,1.0,2026-03-16T10:47:07.181523,neutral,0.998,2026-03-16T10:47:05.339561,0.5460599188080778,2026-03-16T10:46:56.371000,58,,,
participant_17,4,day,Town10HD_Opt,2026-03-16 10:47:08.123847,22.76409339904785,26.56814384460449,0.0022640989627689,21.708,2.73,0.0,0.0,0,0,1,,1.0,2026-03-16T10:47:08.123847,neutral,1.0,2026-03-16T10:47:08.123847,0.5512494807315854,2026-03-16T10:46:56.371000,57,,,
participant_17,4,day,Town10HD_Opt,2026-03-16 10:47:09.178155,26.09993553161621,26.867387771606445,0.0019668578170239,16.59,3.947,0.007,0.0,0,0,1,,1.0,2026-03-16T10:47:09.178155,neutral,1.0,2026-03-16T10:47:08.123847,0.6329814668435169,2026-03-16T10:46:56.371000,58,,,
participant_17,4,day,Town10HD_Opt,2026-03-16 10:47:10.147824,28.664072036743164,27.29550170898437,0.002033157274127,12.97,5.86,0.019,0.0,0,0,1,,1.0,2026-03-16T10:47:10.147824,neutral,0.98,2026-03-16T10:47:10.147824,0.6382991071479078,2026-03-16T10:46:56.371000,58,,,
participant_17,4,day,Town10HD_Opt,2026-03-16 10:47:11.125409,30.643707275390625,27.79496955871582,0.0019955444149672,10.297,6.201,0.04,0.0,0,0,1,,1.0,2026-03-16T10:47:11.125409,neutral,0.98,2026-03-16T10:47:10.147824,0.5471716340134547,2026-03-16T10:46:56.371000,59,,,
participant_17,4,day,Town10HD_Opt,2026-03-16 10:47:12.354044,33.026329040527344,28.61351585388184,0.0017991255735978,13.091,8.904,0.318,0.0,0,0,1,,1.0,2026-03-16T10:47:12.354044,neutral,0.999,2026-03-16T10:47:12.354044,0.545042768446588,2026-03-16T10:46:56.371000,59,,,
participant_17,4,day,Town10HD_Opt,2026-03-16 10:47:13.136344,34.5289421081543,29.355932235717773,0.0017319869948551,17.186,15.62,0.829,0.0,0,0,1,,1.0,2026-03-16T10:47:13.136344,neutral,0.999,2026-03-16T10:47:12.354044,0.5861099540692366,2026-03-16T10:46:56.371000,58,,,
participant_17,4,day,Town10HD_Opt,2026-03-16 10:47:14.115299,37.361141204833984,31.78276824951172,0.0017670821398496,26.946,21.603,0.783,0.0,0,0,1,,1.0,2026-03-16T10:47:14.115299,neutral,0.999,2026-03-16T10:47:12.354044,0.5593088298951336,2026-03-16T10:46:56.371000,58,,,
participant_17,4,day,Town10HD_Opt,2026-03-16 10:47:15.132631,39.59666442871094,36.595340728759766,0.0018663787050172,34.332,15.009,0.514,0.0,0,0,1,,1.0,2026-03-16T10:47:15.132631,neutral,0.998,2026-03-16T10:47:15.132631,0.5702601273996709,2026-03-16T10:46:56.371000,57,,,
participant_17,4,day,Town10HD_Opt,2026-03-16 10:47:16.169671,40.11050796508789,42.49152374267578,0.0022175216581672,31.006,1.055,0.0,0.0,0,0,1,,1.0,2026-03-16T10:47:16.169671,neutral,0.998,2026-03-16T10:47:15.132631,0.528183290924607,2026-03-16T10:46:56.371000,57,,,
participant_17,4,day,Town10HD_Opt,2026-03-16 10:47:17.135217,40.25371170043945,47.24370956420898,0.0023274230770766,22.35,0.139,0.0,0.333,0,0,1,,1.0,2026-03-16T10:47:17.135217,neutral,0.998,2026-03-16T10:47:17.135217,0.5382218957384779,2026-03-16T10:46:56.371000,57,,,
participant_17,4,day,Town10HD_Opt,2026-03-16 10:47:18.336642,40.357513427734375,51.37265396118164,0.0020992278587073,13.112,1.137,0.0,0.301,0,0,1,,1.0,2026-03-16T10:47:18.336642,neutral,0.998,2026-03-16T10:47:17.135217,0.5917501564233912,2026-03-16T10:46:56.371000,57,,,
participant_17,4,day,Town10HD_Opt,2026-03-16 10:47:19.304921,40.36910629272461,53.25727844238281,0.0020442199893295,8.706,0.757,0.0,0.0,0,0,1,,1.0,2026-03-16T10:47:19.304921,neutral,0.999,2026-03-16T10:47:19.304921,0.5362051056220055,2026-03-16T10:46:56.371000,59,,,
participant_17,4,day,Town10HD_Opt,2026-03-16 10:47:20.257557,40.38556671142578,55.03256607055664,0.001574287423864,15.93,-2.6,0.985,0.0,0,0,1,,1.0,2026-03-16T10:47:20.257557,neutral,0.999,2026-03-16T10:47:19.304921,0.5508867285587191,2026-03-16T10:46:56.371000,58,,,
participant_17,4,day,Town10HD_Opt,2026-03-16 10:47:21.159849,40.66976547241211,58.83203125,0.0016096878098323,29.2,-8.105,0.902,0.0,0,0,1,,1.0,2026-03-16T10:47:21.159849,neutral,0.999,2026-03-16T10:47:19.304921,0.5646764867671222,2026-03-16T10:46:56.371000,58,,,
participant_17,4,day,Town10HD_Opt,2026-03-16 10:47:22.360494,44.0521240234375,66.48189544677734,0.0017734909197315,43.323,-19.467,0.84,0.0,0,0,1,,1.0,2026-03-16T10:47:22.360494,neutral,1.0,2026-03-16T10:47:22.360494,0.5839824544416677,2026-03-16T10:46:56.371000,57,,,
participant_17,4,day,Town10HD_Opt,2026-03-16 10:47:23.255058,51.13447189331055,70.1923599243164,0.0018754195189103,49.505,-15.233,0.713,0.0,0,0,1,,1.0,2026-03-16T10:47:23.255058,neutral,1.0,2026-03-16T10:47:22.360494,0.5770620334405198,2026-03-16T10:46:56.371000,57,,,
participant_17,4,day,Town10HD_Opt,2026-03-16 10:47:24.177880,59.7900505065918,69.76881408691406,0.0021090316586196,48.741,2.633,0.421,0.0,0,0,1,,1.0,2026-03-16T10:47:24.177880,neutral,1.0,2026-03-16T10:47:22.360494,0.5764352966735861,2026-03-16T10:46:56.371000,57,,,errors=Solid line crossing
participant_17,4,day,Town10HD_Opt,2026-03-16 10:47:25.084796,67.96259307861328,68.83442687988281,0.0022935485467314,42.788,4.806,0.0,0.0,0,0,1,,1.0,2026-03-16T10:47:25.084796,neutral,0.996,2026-03-16T10:47:25.084796,0.5848215741638555,2026-03-16T10:46:56.371000,58,,,
participant_17,4,day,Town10HD_Opt,2026-03-16 10:47:26.364691,76.33854675292969,69.24562072753906,0.0023743438068777,28.538,-0.233,0.0,0.3,0,0,1,,1.0,2026-03-16T10:47:26.364691,neutral,0.996,2026-03-16T10:47:25.084796,0.6205170097751588,2026-03-16T10:46:56.371000,58,,,
participant_17,4,day,Town10HD_Opt,2026-03-16 10:47:27.285498,80.602294921875,69.63390350341797,0.0023188018240034,19.413,-1.102,0.0,0.316,0,0,1,,1.0,2026-03-16T10:47:27.285498,neutral,1.0,2026-03-16T10:47:27.285498,0.5654879891494824,2026-03-16T10:46:56.371000,57,,,
participant_17,4,day,Town10HD_Opt,2026-03-16 10:47:28.153325,83.50094604492188,69.8376235961914,0.0021133422851562,12.549,-0.618,0.0,0.44,0,0,1,,1.0,2026-03-16T10:47:28.153325,neutral,1.0,2026-03-16T10:47:27.285498,0.6418761940180862,2026-03-16T10:46:56.371000,58,,,
participant_17,4,day,Town10HD_Opt,2026-03-16 10:47:29.074827,85.26222229003906,69.94859313964844,0.0021187209058552,6.713,-0.468,0.0,0.556,0,0,1,,1.0,2026-03-16T10:47:29.074827,neutral,1.0,2026-03-16T10:47:27.285498,0.5956018586472112,2026-03-16T10:46:56.371000,59,,,
participant_17,4,day,Town10HD_Opt,2026-03-16 10:47:30.249212,85.51071166992188,69.9636459350586,0.0019449614919722,0.0,-0.233,0.0,0.465,0,0,1,,1.0,2026-03-16T10:47:30.249212,neutral,1.0,2026-03-16T10:47:30.249212,0.6509689210132136,2026-03-16T10:46:56.371000,57,,,
participant_17,4,day,Town10HD_Opt,2026-03-16 10:47:31.123378,85.5107421875,69.9636459350586,0.0019202422117814,0.0,2.21,0.0,0.0,0,0,1,,1.0,2026-03-16T10:47:31.123378,neutral,1.0,2026-03-16T10:47:30.249212,0.4964165624808943,2026-03-16T10:46:56.371000,58,,,
participant_17,4,day,Town10HD_Opt,2026-03-16 10:47:32.286755,85.58978271484375,69.97441101074219,0.0019017410231754,0.905,9.507,0.874,0.0,0,0,1,,1.0,2026-03-16T10:47:32.286755,neutral,1.0,2026-03-16T10:47:32.286755,0.5436740887865156,2026-03-16T10:46:56.371000,57,,,
participant_17,4,day,Town10HD_Opt,2026-03-16 10:47:33.165636,86.89723205566406,70.20716857910156,0.0014053344493731,16.385,10.478,1.0,0.0,0,0,1,,1.0,2026-03-16T10:47:33.165636,neutral,1.0,2026-03-16T10:47:32.286755,0.5720356053759479,2026-03-16T10:46:56.371000,57,,,
participant_17,4,day,Town10HD_Opt,2026-03-16 10:47:34.361383,92.37348175048828,72.1802749633789,0.0015481949085369,35.763,13.355,0.941,0.0,0,0,1,,1.0,2026-03-16T10:47:34.361383,neutral,0.998,2026-03-16T10:47:34.361383,0.4669018262416627,2026-03-16T10:46:56.371000,57,,,
participant_17,4,day,Town10HD_Opt,2026-03-16 10:47:35.284743,97.56658172607422,77.01618957519531,0.0017073821509256,46.938,18.503,0.915,0.0,0,0,1,,1.0,2026-03-16T10:47:35.284743,neutral,0.998,2026-03-16T10:47:34.361383,0.5645506263416293,2026-03-16T10:46:56.371000,58,,,
participant_17,4,day,Town10HD_Opt,2026-03-16 10:47:36.182818,99.52678680419922,85.37451171875,0.0021231842692941,48.843,4.584,0.909,0.0,0,0,1,,1.0,2026-03-16T10:47:36.182818,neutral,0.998,2026-03-16T10:47:34.361383,0.5135962514713659,2026-03-16T10:46:56.371000,57,,,
participant_17,4,day,Town10HD_Opt,2026-03-16 10:47:37.107577,98.81839752197266,94.1551284790039,0.0021760177332907,48.651,-1.034,0.894,0.0,0,0,1,,1.0,2026-03-16T10:47:37.107577,neutral,1.0,2026-03-16T10:47:37.107577,0.5842054926372677,2026-03-16T10:46:56.371000,57,,,
participant_17,4,day,Town10HD_Opt,2026-03-16 10:47:38.353897,97.17131805419922,105.58499145507812,0.0021327589638531,48.828,6.663,0.984,0.0,0,0,1,,1.0,2026-03-16T10:47:38.353897,neutral,1.0,2026-03-16T10:47:37.107577,0.5940669078025719,2026-03-16T10:46:56.371000,57,,,
participant_17,4,day,Town10HD_Opt,2026-03-16 10:47:39.252173,93.4603042602539,113.53990173339844,0.0022620009258389,47.444,4.291,1.0,0.0,0,0,1,,1.0,2026-03-16T10:47:39.252173,neutral,0.997,2026-03-16T10:47:39.252173,0.6195228311109748,2026-03-16T10:46:56.371000,56,,,
participant_17,4,day,Town10HD_Opt,2026-03-16 10:47:40.203052,88.24812316894531,120.56871795654295,0.0021535491105169,48.795,6.462,0.981,0.0,0,0,1,,1.0,2026-03-16T10:47:40.203052,neutral,0.997,2026-03-16T10:47:39.252173,0.5598237417640661,2026-03-16T10:46:56.371000,59,,,
participant_17,4,day,Town10HD_Opt,2026-03-16 10:47:41.069015,81.49916076660156,126.1270751953125,0.002000655978918,51.233,7.368,0.0,0.123,0,0,1,,1.0,2026-03-16T10:47:41.069015,neutral,0.997,2026-03-16T10:47:39.252173,0.635989452009978,2026-03-16T10:46:56.371000,59,,,
participant_17,4,day,Town10HD_Opt,2026-03-16 10:47:42.255555,70.70674133300781,130.50965881347656,0.0021881102584302,48.762,4.551,1.0,0.0,0,0,1,,1.0,2026-03-16T10:47:42.255555,neutral,0.897,2026-03-16T10:47:42.255555,0.6239608259735312,2026-03-16T10:46:56.371000,58,,,
participant_17,4,day,Town10HD_Opt,2026-03-16 10:47:43.160028,62.0340461730957,131.8818359375,0.0021937561687082,48.573,4.459,1.0,0.0,0,0,1,,1.0,2026-03-16T10:47:43.160028,neutral,0.897,2026-03-16T10:47:42.255555,0.6081868494763107,2026-03-16T10:46:56.371000,57,,,
participant_17,4,day,Town10HD_Opt,2026-03-16 10:47:44.346103,50.39864730834961,132.06898498535156,0.002024192828685,50.618,-0.545,1.0,0.0,0,0,1,,1.0,2026-03-16T10:47:44.346103,neutral,0.999,2026-03-16T10:47:44.346103,0.610450430960154,2026-03-16T10:46:56.371000,58,,,
participant_17,4,day,Town10HD_Opt,2026-03-16 10:47:45.263238,41.60719680786133,132.3148956298828,0.0020244598854333,50.679,0.409,1.0,0.0,0,0,1,,1.0,2026-03-16T10:47:45.263238,neutral,0.999,2026-03-16T10:47:44.346103,0.5796637215097123,2026-03-16T10:46:56.371000,58,,,
participant_17,4,day,Town10HD_Opt,2026-03-16 10:47:46.167646,32.80645751953125,132.43397521972656,0.0020262526813894,50.105,0.414,1.0,0.0,0,0,1,,1.0,2026-03-16T10:47:46.167646,neutral,0.999,2026-03-16T10:47:44.346103,0.5532502279499286,2026-03-16T10:46:56.371000,57,,,
participant_17,4,day,Town10HD_Opt,2026-03-16 10:47:47.345789,21.065629959106445,132.3981170654297,0.0019664764404296,50.382,0.052,0.537,0.0,0,0,1,,1.0,2026-03-16T10:47:47.345789,neutral,0.991,2026-03-16T10:47:47.345789,0.582352847825491,2026-03-16T10:46:56.371000,57,,,
participant_17,4,day,Town10HD_Opt,2026-03-16 10:47:48.233443,12.812353134155272,132.33465576171875,0.0022724531590938,43.17,0.035,0.202,0.0,0,0,1,,1.0,2026-03-16T10:47:48.233443,neutral,0.991,2026-03-16T10:47:47.345789,0.5931200020471085,2026-03-16T10:46:56.371000,57,,,
participant_17,4,day,Town10HD_Opt,2026-03-16 10:47:49.214609,5.908196926116943,132.2705535888672,0.0023387526161968,34.465,0.035,0.0,0.0,0,0,1,,1.0,2026-03-16T10:47:49.214609,neutral,0.991,2026-03-16T10:47:47.345789,0.550958676821588,2026-03-16T10:46:56.371000,58,,,
participant_17,4,day,Town10HD_Opt,2026-03-16 10:47:50.145111,0.521729052066803,132.21498107910156,0.0022959518246352,26.118,-0.127,0.0,0.0,0,0,1,,1.0,2026-03-16T10:47:50.145111,neutral,0.999,2026-03-16T10:47:50.145111,0.5341772644276722,2026-03-16T10:46:56.371000,57,,,
participant_17,4,day,Town10HD_Opt,2026-03-16 10:47:51.202031,-3.587240219116211,132.18002319335938,0.0022537994664162,19.932,-0.148,0.0,0.0,0,0,1,,1.0,2026-03-16T10:47:51.202031,neutral,0.999,2026-03-16T10:47:50.145111,0.6299589621961447,2026-03-16T10:46:56.371000,58,,,
participant_17,4,day,Town10HD_Opt,2026-03-16 10:47:52.104651,-6.693109512329102,132.16294860839844,0.0020191192161291,15.184,-0.148,0.0,0.0,0,0,1,,1.0,2026-03-16T10:47:52.104651,neutral,0.999,2026-03-16T10:47:50.145111,0.5792498285560524,2026-03-16T10:46:56.371000,58,,,
participant_17,4,day,Town10HD_Opt,2026-03-16 10:47:53.280809,-9.763509750366213,132.15402221679688,0.0020112609490752,11.131,-0.148,0.211,0.0,0,0,1,,1.0,2026-03-16T10:47:53.280809,neutral,0.999,2026-03-16T10:47:53.280809,0.4651240656806895,2026-03-16T10:46:56.371000,59,,,
participant_17,4,day,Town10HD_Opt,2026-03-16 10:47:54.209821,-11.837188720703123,132.15234375,0.0018350600730627,13.315,-0.148,0.336,0.0,0,0,1,,1.0,2026-03-16T10:47:54.209821,neutral,0.999,2026-03-16T10:47:53.280809,0.6092272156334096,2026-03-16T10:46:56.371000,58,,,
participant_17,4,day,Town10HD_Opt,2026-03-16 10:47:55.090489,-14.24028491973877,132.15463256835938,0.0019350051879882,13.87,-0.157,0.925,0.0,0,0,1,,1.0,2026-03-16T10:47:55.090489,neutral,0.999,2026-03-16T10:47:53.280809,0.56984118864407,2026-03-16T10:46:56.371000,58,,,
participant_17,4,day,Town10HD_Opt,2026-03-16 10:47:56.341147,-19.24937629699707,132.17257690429688,0.0015208434779196,32.334,-0.045,0.999,0.0,0,0,1,,1.0,2026-03-16T10:47:56.341147,neutral,0.998,2026-03-16T10:47:56.341147,0.5679422005857607,2026-03-16T10:46:56.371000,57,,,
participant_17,4,day,Town10HD_Opt,2026-03-16 10:47:57.323081,-26.074317932128903,131.8970489501953,0.0015889739152044,46.551,9.114,0.946,0.0,0,0,1,,1.0,2026-03-16T10:47:57.323081,neutral,0.998,2026-03-16T10:47:56.341147,0.552766368133415,2026-03-16T10:46:56.371000,57,,,
participant_17,4,day,Town10HD_Opt,2026-03-16 10:47:58.301082,-34.2855110168457,129.2187957763672,0.0021779250819236,47.918,12.263,0.934,0.0,0,0,1,,1.0,2026-03-16T10:47:58.301082,neutral,0.998,2026-03-16T10:47:56.341147,0.5444627095564769,2026-03-16T10:46:56.371000,58,,,
participant_17,4,day,Town10HD_Opt,2026-03-16 10:47:59.226400,-40.41938781738281,123.18502044677734,0.0021065901964902,48.832,15.226,0.927,0.0,0,0,1,,1.0,2026-03-16T10:47:59.226400,neutral,0.996,2026-03-16T10:47:59.226400,0.5460264605108598,2026-03-16T10:46:56.371000,57,,,
participant_17,4,day,Town10HD_Opt,2026-03-16 10:48:00.221920,-42.64129257202149,114.91600036621094,0.0019319152925163,50.946,4.893,0.0,0.0,0,0,1,,1.0,2026-03-16T10:48:00.221920,neutral,0.996,2026-03-16T10:47:59.226400,0.6046751404517222,2026-03-16T10:46:56.371000,57,,,
participant_17,4,day,Town10HD_Opt,2026-03-16 10:48:01.193613,-42.49617004394531,106.26333618164062,0.0019896316807717,49.983,-2.546,0.528,0.0,0,0,1,,1.0,2026-03-16T10:48:01.193613,neutral,0.996,2026-03-16T10:47:59.226400,0.5407277134278775,2026-03-16T10:46:56.371000,57,,,
participant_17,4,day,Town10HD_Opt,2026-03-16 10:48:02.112354,-42.93846130371094,97.71207427978516,0.0023022459354251,44.575,-0.938,0.0,0.0,0,0,1,,1.0,2026-03-16T10:48:02.112354,neutral,0.998,2026-03-16T10:48:02.112354,0.624959953269909,2026-03-16T10:48:01.945000,60,,,
participant_17,4,day,Town10HD_Opt,2026-03-16 10:48:03.088489,-43.58164596557617,90.7632827758789,0.0023274230770766,35.154,0.106,0.227,0.0,0,0,1,,1.0,2026-03-16T10:48:03.088489,neutral,0.998,2026-03-16T10:48:02.112354,0.5577322222484119,2026-03-16T10:48:02.979000,59,,,
participant_17,4,day,Town10HD_Opt,2026-03-16 10:48:04.321650,-43.86634826660156,82.93024444580078,0.0020009230356663,34.337,8.625,0.687,0.0,0,0,1,,1.0,2026-03-16T10:48:04.321650,neutral,0.99,2026-03-16T10:48:04.321650,0.5134211329201985,2026-03-16T10:48:03.969000,60,,,
participant_17,4,day,Town10HD_Opt,2026-03-16 10:48:05.284728,-42.31128692626953,76.57042694091797,0.0017763137584552,42.787,14.256,0.814,0.0,0,0,1,,1.0,2026-03-16T10:48:05.284728,neutral,0.99,2026-03-16T10:48:04.321650,0.640877558752023,2026-03-16T10:48:05.009000,58,,,
participant_17,4,day,Town10HD_Opt,2026-03-16 10:48:06.306936,-37.34165573120117,70.54632568359375,0.0018877410329878,48.052,21.017,0.675,0.0,0,0,1,,1.0,2026-03-16T10:48:06.306936,neutral,0.99,2026-03-16T10:48:04.321650,0.5277029737550081,2026-03-16T10:48:05.994000,59,,,
participant_17,4,day,Town10HD_Opt,2026-03-16 10:48:07.342373,-29.38672065734864,68.94956970214844,0.0021106719505041,46.256,6.319,0.42,0.0,0,0,1,,1.0,2026-03-16T10:48:07.342373,neutral,0.989,2026-03-16T10:48:07.342373,0.5788017256281378,2026-03-16T10:48:06.984000,58,,,
participant_17,4,day,Town10HD_Opt,2026-03-16 10:48:08.314884,-21.54085350036621,70.1377944946289,0.0021474456880241,43.544,-4.841,0.261,0.0,0,0,1,,1.0,2026-03-16T10:48:08.314884,neutral,0.989,2026-03-16T10:48:07.342373,0.6092339659924777,2026-03-16T10:48:08.289000,58,,,errors=Solid line crossing
participant_17,4,day,Town10HD_Opt,2026-03-16 10:48:09.299603,-14.296746253967283,70.46414947509766,0.0021852874197065,38.809,-1.775,0.263,0.0,0,0,1,,1.0,2026-03-16T10:48:09.299603,neutral,0.989,2026-03-16T10:48:07.342373,0.5377078403117821,2026-03-16T10:48:09.099000,57,,,
participant_17,4,day,Town10HD_Opt,2026-03-16 10:48:10.289268,-7.751583099365234,70.337158203125,0.0021038055419921,36.52,-0.604,0.541,0.0,0,0,1,,1.0,2026-03-16T10:48:10.289268,neutral,1.0,2026-03-16T10:48:10.289268,0.5375045077009756,2026-03-16T10:48:10,59,,,
participant_17,4,day,Town10HD_Opt,2026-03-16 10:48:11.213842,-1.188324213027954,70.01615142822266,0.0019756315741688,38.73,0.653,0.499,0.0,0,0,1,,1.0,2026-03-16T10:48:11.213842,neutral,1.0,2026-03-16T10:48:10.289268,0.5939608458248582,2026-03-16T10:48:11.079000,58,,,
participant_17,4,day,Town10HD_Opt,2026-03-16 10:48:12.179566,5.496570110321045,69.7731704711914,0.0022314072120934,35.089,0.04,0.0,0.0,0,0,1,,1.0,2026-03-16T10:48:12.179566,neutral,1.0,2026-03-16T10:48:10.289268,0.5919394585135097,2026-03-16T10:48:12.069000,57,,,
participant_17,4,day,Town10HD_Opt,2026-03-16 10:48:13.144370,10.978073120117188,69.5953598022461,0.0022961043287068,27.053,0.75,0.0,0.0,0,0,1,,1.0,2026-03-16T10:48:13.144370,neutral,0.998,2026-03-16T10:48:13.144370,0.5631926261137424,2026-03-16T10:48:13.149000,56,,,
participant_17,4,day,Town10HD_Opt,2026-03-16 10:48:14.110177,15.16344165802002,69.53824615478516,0.0022607040591537,19.932,0.646,0.0,0.052,0,0,1,,1.0,2026-03-16T10:48:14.110177,neutral,0.998,2026-03-16T10:48:13.144370,0.5829011810789477,2026-03-16T10:48:14.049000,56,,,
participant_17,4,day,Town10HD_Opt,2026-03-16 10:48:15.074220,18.28743934631348,69.53801727294922,0.0020268631633371,14.995,0.646,0.0,0.072,0,0,1,,1.0,2026-03-16T10:48:15.074220,neutral,0.998,2026-03-16T10:48:13.144370,0.6273221808468301,2026-03-16T10:48:14.995000,55,,,
participant_17,4,day,Town10HD_Opt,2026-03-16 10:48:16.343512,21.260501861572266,69.57035827636719,0.0020327377133071,10.192,0.62,0.0,0.037,0,0,1,,1.0,2026-03-16T10:48:16.343512,neutral,0.979,2026-03-16T10:48:16.343512,0.5912819319760045,2026-03-16T10:48:16.029000,55,,,
participant_17,4,day,Town10HD_Opt,2026-03-16 10:48:17.348862,22.80422592163086,69.59928894042969,0.0020133589860051,7.259,0.618,0.0,0.044,0,0,1,,1.0,2026-03-16T10:48:17.348862,neutral,0.979,2026-03-16T10:48:16.343512,0.5532539004182315,2026-03-16T10:48:17.023000,56,,,
participant_17,4,day,Town10HD_Opt,2026-03-16 10:48:18.333993,23.812973022460938,69.62203979492188,0.0022953413426876,0.0,0.618,0.0,0.04,0,0,1,,1.0,2026-03-16T10:48:18.333993,neutral,0.979,2026-03-16T10:48:16.343512,0.477448498923875,2026-03-16T10:48:18.144000,57,,,
participant_17,4,day,Town10HD_Opt,2026-03-16 10:48:19.366951,23.818639755249023,69.62217712402344,0.0019294356461614,0.605,0.618,0.657,0.0,0,0,1,,1.0,2026-03-16T10:48:19.366951,neutral,0.998,2026-03-16T10:48:19.366951,0.67635689404811,2026-03-16T10:48:19.181000,56,,,
participant_17,4,day,Town10HD_Opt,2026-03-16 10:48:20.272767,24.733428955078125,69.6476821899414,0.0015630340203642,11.236,0.618,0.632,0.0,0,0,1,,1.0,2026-03-16T10:48:20.272767,neutral,0.998,2026-03-16T10:48:19.366951,0.7176480719339586,2026-03-16T10:48:19.993000,59,,,
participant_17,4,day,Town10HD_Opt,2026-03-16 10:48:21.218574,27.186248779296875,69.71173095703125,0.0017878722865134,16.127,-2.41,0.373,0.0,0,0,1,,1.0,2026-03-16T10:48:21.218574,neutral,0.998,2026-03-16T10:48:19.366951,0.7486676869558139,2026-03-16T10:48:20.980000,58,,,
participant_17,4,day,Town10HD_Opt,2026-03-16 10:48:22.174437,30.191869735717773,69.56603240966797,0.002067451365292,18.286,-7.813,0.355,0.0,0,0,1,,1.0,2026-03-16T10:48:22.174437,neutral,0.99,2026-03-16T10:48:22.174437,0.7670366753974129,2026-03-16T10:48:21.973000,56,Solid line crossing,Solid line crossing,
participant_17,4,day,Town10HD_Opt,2026-03-16 10:48:23.122075,33.3543815612793,68.9903564453125,0.0019603348337113,20.379,-8.942,0.986,0.0,0,0,1,,1.0,2026-03-16T10:48:23.122075,neutral,0.99,2026-03-16T10:48:22.174437,0.7355789657421011,2026-03-16T10:48:23.005000,56,,,
participant_17,4,day,Town10HD_Opt,2026-03-16 10:48:24.321090,39.64154815673828,66.03275299072266,0.0015821075066924,40.813,-16.637,0.99,0.0,0,0,1,,1.0,2026-03-16T10:48:24.321090,neutral,0.988,2026-03-16T10:48:24.321090,0.7422697598653774,2026-03-16T10:48:23.950000,56,,,
participant_17,4,day,Town10HD_Opt,2026-03-16 10:48:25.266138,44.44182205200195,59.57305908203125,0.0014985656598582,51.213,-12.468,0.0,0.126,0,0,1,,1.0,2026-03-16T10:48:25.266138,neutral,0.988,2026-03-16T10:48:24.321090,0.8340400130005264,2026-03-16T10:48:25.014000,54,,,errors=Vehicle-pedestrian collision
participant_17,4,day,Town10HD_Opt,2026-03-16 10:48:26.163385,45.89402389526367,51.49143600463867,0.0023434448521584,41.377,-4.879,0.0,0.222,0,0,1,,1.0,2026-03-16T10:48:26.163385,neutral,0.988,2026-03-16T10:48:24.321090,0.8446495323083961,2026-03-16T10:48:26.019000,54,,,
participant_17,4,day,Town10HD_Opt,2026-03-16 10:48:27.328998,45.27631759643555,43.40645599365234,0.0023227690253406,28.358,3.16,0.0,0.0,0,0,1,,1.0,2026-03-16T10:48:27.328998,neutral,1.0,2026-03-16T10:48:27.328998,0.7553253396995826,2026-03-16T10:48:27.055000,53,,,
participant_17,4,day,Town10HD_Opt,2026-03-16 10:48:28.207274,45.17548370361328,38.85730743408203,0.0021012497600167,25.082,5.652,0.453,0.0,0,0,1,,1.0,2026-03-16T10:48:28.207274,neutral,1.0,2026-03-16T10:48:27.328998,0.7906957654359865,2026-03-16T10:48:27.954000,54,,,
participant_17,4,day,Town10HD_Opt,2026-03-16 10:48:29.130517,45.9063720703125,34.4398078918457,0.0020470046438276,26.11,19.712,0.415,0.0,0,0,1,,1.0,2026-03-16T10:48:29.130517,neutral,1.0,2026-03-16T10:48:27.328998,0.7283175395671089,2026-03-16T10:48:29.034000,53,,,
participant_17,4,day,Town10HD_Opt,2026-03-16 10:48:30.073227,48.42112350463867,30.663291931152344,0.0020793532021343,26.651,22.686,0.519,0.0,0,0,1,,1.0,2026-03-16T10:48:30.073227,neutral,0.989,2026-03-16T10:48:30.073227,0.7436191436895357,2026-03-16T10:48:29.979000,54,,,
participant_17,4,day,Town10HD_Opt,2026-03-16 10:48:31.294516,54.30816268920898,27.58519554138184,0.0019444655627012,31.242,6.419,0.51,0.0,0,0,1,,1.0,2026-03-16T10:48:31.294516,neutral,0.989,2026-03-16T10:48:30.073227,0.6282538624386971,2026-03-16T10:48:31.014000,53,,,
participant_17,4,day,Town10HD_Opt,2026-03-16 10:48:32.173312,59.76647186279297,26.18627166748047,0.0019843291956931,33.484,6.884,0.681,0.0,0,0,1,,1.0,2026-03-16T10:48:32.173312,neutral,0.987,2026-03-16T10:48:32.173312,0.6563599215783222,2026-03-16T10:48:31.959000,56,,,
participant_17,4,day,Town10HD_Opt,2026-03-16 10:48:33.086459,66.45782470703125,25.662960052490234,0.0016012954292818,45.943,3.648,0.967,0.0,0,0,1,,1.0,2026-03-16T10:48:33.086459,neutral,0.987,2026-03-16T10:48:32.173312,0.6881550530911495,2026-03-16T10:48:32.949000,54,,,
participant_17,4,day,Town10HD_Opt,2026-03-16 10:48:34.240081,78.00995635986328,26.05387306213379,0.002093200571835,49.284,-0.357,0.796,0.0,0,0,1,,1.0,2026-03-16T10:48:34.240081,neutral,0.998,2026-03-16T10:48:34.240081,0.6340254044925264,2026-03-16T10:48:33.982000,56,,,
participant_17,4,day,Town10HD_Opt,2026-03-16 10:48:35.122647,86.76494598388672,26.33601951599121,0.0040339659899473,48.512,-4.393,0.509,0.0,0,0,1,,1.0,2026-03-16T10:48:35.122647,neutral,0.998,2026-03-16T10:48:34.240081,0.6675002589076106,2026-03-16T10:48:35.110000,56,,,
participant_17,4,day,Town10HD_Opt,2026-03-16 10:48:36.291215,97.42963409423828,23.89350700378418,0.0021292113233357,46.021,-16.381,0.465,0.0,0,0,1,,1.0,2026-03-16T10:48:36.291215,neutral,1.0,2026-03-16T10:48:36.291215,0.7574456961524568,2026-03-16T10:48:35.964000,57,,,
participant_17,4,day,Town10HD_Opt,2026-03-16 10:48:37.219549,102.69915008544922,18.09329605102539,0.0021546555217355,44.344,-6.18,0.321,0.0,0,0,1,,1.0,2026-03-16T10:48:37.219549,neutral,1.0,2026-03-16T10:48:36.291215,0.846519031158992,2026-03-16T10:48:36.956000,59,,,
participant_17,4,day,Town10HD_Opt,2026-03-16 10:48:38.074398,105.87483215332033,11.3076171875,0.0020714187994599,41.037,-4.171,0.322,0.0,0,0,1,,1.0,2026-03-16T10:48:38.074398,neutral,1.0,2026-03-16T10:48:36.291215,0.8521528043185413,2026-03-16T10:48:38.125000,58,,,
participant_17,4,day,Town10HD_Opt,2026-03-16 10:48:39.280006,108.43348693847656,2.515019416809082,0.0021270369179546,37.465,-3.412,0.329,0.0,0,0,1,,1.0,2026-03-16T10:48:39.280006,neutral,0.964,2026-03-16T10:48:39.280006,0.9847553627140856,2026-03-16T10:48:38.979000,59,,,
participant_17,4,day,Town10HD_Opt,2026-03-16 10:48:40.153468,109.38117218017578,-3.866060495376587,0.0019956587348133,37.505,-3.664,0.761,0.0,0,0,1,,0.828,2026-03-16T10:48:40.153468,neutral,0.964,2026-03-16T10:48:39.280006,0.99,2026-03-16T10:48:40.374000,57,,,
participant_17,4,day,Town10HD_Opt,2026-03-16 10:48:41.260075,109.48348999023438,-13.81802749633789,0.0017116927774623,51.068,-1.814,0.0,0.107,0,0,1,,1.0,2026-03-16T10:48:41.260075,neutral,0.964,2026-03-16T10:48:39.280006,0.99,2026-03-16T10:48:41.319000,54,,,
participant_17,4,day,Town10HD_Opt,2026-03-16 10:48:42.134771,108.63858032226562,-22.645097732543945,0.0021734619513154,49.107,-1.659,0.99,0.0,0,0,1,,1.0,2026-03-16T10:48:42.134771,neutral,0.998,2026-03-16T10:48:42.134771,0.99,2026-03-16T10:48:41.957000,55,,,
participant_17,4,day,Town10HD_Opt,2026-03-16 10:48:43.259781,106.1808090209961,-33.945220947265625,0.0019665146246552,50.427,-4.615,0.882,0.0,0,0,1,,1.0,2026-03-16T10:48:43.259781,neutral,0.998,2026-03-16T10:48:42.134771,0.99,2026-03-16T10:48:42.985000,55,,,
participant_17,4,day,Town10HD_Opt,2026-03-16 10:48:44.103235,102.67327117919922,-42.06317901611328,0.0021558380685746,49.078,-3.328,0.791,0.0,0,0,1,,1.0,2026-03-16T10:48:44.103235,neutral,0.998,2026-03-16T10:48:42.134771,0.99,2026-03-16T10:48:43.975000,56,,,
participant_17,4,day,Town10HD_Opt,2026-03-16 10:48:45.247742,96.20502471923828,-51.6884651184082,0.0019869613461196,50.504,-6.26,0.758,0.0,0,0,1,,1.0,2026-03-16T10:48:45.247742,neutral,0.983,2026-03-16T10:48:45.247742,0.99,2026-03-16T10:48:45.009000,57,,,
participant_17,4,day,Town10HD_Opt,2026-03-16 10:48:46.121192,89.70213317871094,-57.32406997680664,0.0020846556872129,48.445,-5.879,0.591,0.0,0,0,1,,1.0,2026-03-16T10:48:46.121192,neutral,0.983,2026-03-16T10:48:45.247742,0.9859632970805332,2026-03-16T10:48:45.955000,57,,,
participant_17,4,day,Town10HD_Opt,2026-03-16 10:48:47.316710,79.353759765625,-62.344970703125,0.002021636813879,50.052,-4.261,0.51,0.0,0,0,1,,1.0,2026-03-16T10:48:47.316710,neutral,0.68,2026-03-16T10:48:47.316710,0.99,2026-03-16T10:48:46.946000,58,,,
participant_17,4,day,Town10HD_Opt,2026-03-16 10:48:48.205457,70.8547592163086,-64.43563842773438,0.0020460509695112,50.045,-4.317,0.497,0.0,0,0,1,,1.0,2026-03-16T10:48:48.205457,neutral,0.68,2026-03-16T10:48:47.316710,0.963714319497404,2026-03-16T10:48:47.980000,57,,,
participant_17,4,day,Town10HD_Opt,2026-03-16 10:48:49.091166,62.14619445800781,-65.10042572021484,0.0020481871906667,49.863,-0.696,0.492,0.0,0,0,1,,1.0,2026-03-16T10:48:49.091166,neutral,0.68,2026-03-16T10:48:47.316710,0.9105603401992032,2026-03-16T10:48:49.060000,56,,,
participant_17,4,day,Town10HD_Opt,2026-03-16 10:48:50.328918,50.54356002807617,-65.33110046386719,0.0020500181708484,49.56,-0.108,0.486,0.0,0,0,1,,1.0,2026-03-16T10:48:50.328918,neutral,0.982,2026-03-16T10:48:50.328918,0.9504195481018992,2026-03-16T10:48:50.095000,56,,,
participant_17,4,day,Town10HD_Opt,2026-03-16 10:48:51.245225,41.89413070678711,-65.54497528076172,0.0020505141001194,49.296,-0.2,0.485,0.0,0,0,1,,1.0,2026-03-16T10:48:51.245225,neutral,0.982,2026-03-16T10:48:50.328918,0.9448999719032471,2026-03-16T10:48:50.995000,56,,,
participant_17,4,day,Town10HD_Opt,2026-03-16 10:48:52.178224,33.28886032104492,-65.69174194335938,0.0020502090919762,49.042,-0.209,0.484,0.0,0,0,1,,1.0,2026-03-16T10:48:52.178224,neutral,0.982,2026-03-16T10:48:50.328918,0.9883571555496042,2026-03-16T10:48:52.030000,57,,,
participant_17,4,day,Town10HD_Opt,2026-03-16 10:48:53.097171,24.76774787902832,-65.76266479492188,0.0020824430976063,48.012,-0.28,0.433,0.0,0,0,1,,1.0,2026-03-16T10:48:53.097171,neutral,0.984,2026-03-16T10:48:53.097171,0.9435030210861536,2026-03-16T10:48:52.975000,56,,,
participant_17,4,day,Town10HD_Opt,2026-03-16 10:48:54.271849,14.494877815246582,-65.7260971069336,0.002362098544836,37.262,-0.275,0.0,0.0,0,0,1,,1.0,2026-03-16T10:48:54.271849,neutral,0.984,2026-03-16T10:48:53.097171,0.9766568160647656,2026-03-16T10:48:54.189000,56,,,
participant_17,4,day,Town10HD_Opt,2026-03-16 10:48:55.122964,8.673579216003418,-65.64204406738281,0.002309989882633,28.786,-0.068,0.0,0.0,0,0,1,,1.0,2026-03-16T10:48:55.122964,neutral,0.957,2026-03-16T10:48:55.122964,0.9469469857265116,2026-03-16T10:48:55.135000,56,,,
participant_17,4,day,Town10HD_Opt,2026-03-16 10:48:56.348542,2.9709115028381348,-65.55498504638672,0.0022455595899373,19.936,0.233,0.099,0.0,0,0,1,,1.0,2026-03-16T10:48:56.348542,neutral,0.957,2026-03-16T10:48:55.122964,0.9247998472726068,2026-03-16T10:48:56.035000,56,,,
participant_17,4,day,Town10HD_Opt,2026-03-16 10:48:57.252875,-0.2686531841754913,-65.52167510986328,0.0018666075775399,17.627,0.242,0.161,0.0,0,0,1,,1.0,2026-03-16T10:48:57.252875,neutral,0.995,2026-03-16T10:48:57.252875,0.8987616792313173,2026-03-16T10:48:56.988000,56,,,
participant_17,4,day,Town10HD_Opt,2026-03-16 10:48:58.191965,-3.281399726867676,-65.50485229492188,0.0019070815760642,17.538,0.24,0.36,0.0,0,0,1,,1.0,2026-03-16T10:48:58.191965,neutral,0.995,2026-03-16T10:48:57.252875,0.8222895630661643,2026-03-16T10:48:57.969000,55,,,
participant_17,4,day,Town10HD_Opt,2026-03-16 10:48:59.074264,-6.429905891418457,-65.49793243408203,0.0020627593621611,18.076,0.155,0.33,0.0,0,0,1,,1.0,2026-03-16T10:48:59.074264,neutral,0.995,2026-03-16T10:48:57.252875,0.8633709755408634,2026-03-16T10:48:58.960000,55,,,
participant_17,4,day,Town10HD_Opt,2026-03-16 10:49:00.282312,-10.672691345214844,-65.49989318847656,0.002023200970143,18.083,0.063,0.109,0.0,0,0,1,,1.0,2026-03-16T10:49:00.282312,neutral,0.991,2026-03-16T10:49:00.282312,0.9061063904838048,2026-03-16T10:48:59.995000,53,,,
participant_17,4,day,Town10HD_Opt,2026-03-16 10:49:01.130580,-13.668773651123049,-65.50391387939453,0.0020169448107481,15.092,-0.016,0.0,0.0,0,0,1,,1.0,2026-03-16T10:49:01.130580,neutral,0.991,2026-03-16T10:49:00.282312,0.8122223511213029,2026-03-16T10:49:01.120000,54,,,
participant_17,4,day,Town10HD_Opt,2026-03-16 10:49:02.313106,-16.672637939453125,-65.50801849365234,0.0020219420548528,10.549,0.002,0.0,0.018,0,0,1,,1.0,2026-03-16T10:49:02.313106,neutral,0.999,2026-03-16T10:49:02.313106,0.8084998477533216,2026-03-16T10:49:02.335000,53,,,
participant_17,4,day,Town10HD_Opt,2026-03-16 10:49:03.188492,-18.26116752624512,-65.51024627685547,0.0020143126603215,7.46,0.002,0.0,0.053,0,0,1,,1.0,2026-03-16T10:49:03.188492,neutral,0.999,2026-03-16T10:49:02.313106,0.6940118480472688,2026-03-16T10:49:02.967000,55,,,
participant_17,4,day,Town10HD_Opt,2026-03-16 10:49:04.308207,-19.503204345703125,-65.51204681396484,0.0023023223038762,0.229,0.002,0.0,0.0,0,0,1,,1.0,2026-03-16T10:49:04.308207,neutral,0.999,2026-03-16T10:49:02.313106,0.7503625039816268,2026-03-16T10:49:03.955000,56,,,
participant_17,4,day,Town10HD_Opt,2026-03-16 10:49:05.151365,-19.54104995727539,-65.51204681396484,0.001928215031512,0.254,0.002,0.0,0.0,0,0,1,,1.0,2026-03-16T10:49:05.151365,neutral,0.993,2026-03-16T10:49:05.151365,0.8636259889556791,2026-03-16T10:49:05.125000,56,,,
participant_17,4,day,Town10HD_Opt,2026-03-16 10:49:06.327802,-19.59105491638184,-65.51204681396484,0.0019207381410524,0.177,0.002,0.0,0.0,0,0,1,,1.0,2026-03-16T10:49:06.327802,neutral,0.993,2026-03-16T10:49:05.151365,0.8232384702239584,2026-03-16T10:49:06.026000,55,,,
participant_17,4,day,Town10HD_Opt,2026-03-16 10:49:07.164389,-20.02985191345215,-65.51268768310547,0.0014955138321965,9.554,0.002,1.0,0.0,0,0,1,,1.0,2026-03-16T10:49:07.164389,neutral,0.988,2026-03-16T10:49:07.164389,0.8461627512769951,2026-03-16T10:49:07.015000,54,,,
participant_17,4,day,Town10HD_Opt,2026-03-16 10:49:08.286255,-24.41453742980957,-65.55168914794922,0.0015613173600286,29.503,0.693,1.0,0.0,0,0,1,,1.0,2026-03-16T10:49:08.286255,neutral,0.988,2026-03-16T10:49:07.164389,0.9420961710648964,2026-03-16T10:49:08.006000,56,,,
participant_17,4,day,Town10HD_Opt,2026-03-16 10:49:09.139852,-30.851730346679688,-65.7247314453125,0.0015395736554637,45.125,0.526,1.0,0.0,0,0,1,,1.0,2026-03-16T10:49:09.139852,neutral,0.988,2026-03-16T10:49:07.164389,0.8877439816804916,2026-03-16T10:49:09.265000,54,,,
participant_17,4,day,Town10HD_Opt,2026-03-16 10:49:10.329858,-42.40032196044922,-66.26886749267578,0.0021879577543586,48.879,0.08,0.994,0.0,0,0,1,,1.0,2026-03-16T10:49:10.329858,neutral,0.988,2026-03-16T10:49:10.329858,0.8963186938392504,2026-03-16T10:49:10.120000,53,,,
participant_17,4,day,Town10HD_Opt,2026-03-16 10:49:11.199775,-51.26269912719727,-66.76248168945312,0.0020346832461655,48.591,-0.221,0.986,0.0,0,0,1,,1.0,2026-03-16T10:49:11.199775,neutral,0.988,2026-03-16T10:49:10.329858,0.9882915755465156,2026-03-16T10:49:11.200000,54,,,
participant_17,4,day,Town10HD_Opt,2026-03-16 10:49:12.261809,-62.92571258544922,-67.29655456542969,0.002147254999727,48.737,-1.144,0.973,0.0,0,0,1,,1.0,2026-03-16T10:49:12.261809,neutral,0.988,2026-03-16T10:49:10.329858,0.99,2026-03-16T10:49:12.010000,53,,,
participant_17,4,day,Town10HD_Opt,2026-03-16 10:49:13.101843,-71.69696044921875,-67.11225128173828,0.0022243116982281,48.011,-6.014,0.96,0.0,0,0,1,,1.0,2026-03-16T10:49:13.101843,neutral,0.981,2026-03-16T10:49:13.101843,0.99,2026-03-16T10:49:13.001000,55,,,
participant_17,4,day,Town10HD_Opt,2026-03-16 10:49:14.230967,-82.97091674804688,-64.18118286132812,0.0021557998843491,49.135,-3.207,0.979,0.0,0,0,1,,1.0,2026-03-16T10:49:14.230967,neutral,0.981,2026-03-16T10:49:13.101843,0.99,2026-03-16T10:49:14.124000,54,,,
participant_17,4,day,Town10HD_Opt,2026-03-16 10:49:15.086908,-90.92937469482422,-60.241458892822266,0.0022374724503606,48.436,-4.534,0.975,0.0,0,0,1,,1.0,2026-03-16T10:49:15.086908,neutral,0.981,2026-03-16T10:49:13.101843,0.960514804103939,2026-03-16T10:49:15.025000,54,,,
participant_17,4,day,Town10HD_Opt,2026-03-16 10:49:16.260325,-99.72068786621094,-52.73151397705078,0.0020535278599709,50.047,-6.417,0.954,0.0,0,0,1,,1.0,2026-03-16T10:49:16.260325,neutral,0.73,2026-03-16T10:49:16.260325,0.99,2026-03-16T10:49:16.060000,54,,,
participant_17,4,day,Town10HD_Opt,2026-03-16 10:49:17.148611,-104.41162109375,-45.35624313354492,0.0020930098835378,49.116,-3.886,0.939,0.0,0,0,1,,1.0,2026-03-16T10:49:17.148611,neutral,0.73,2026-03-16T10:49:16.260325,0.9831217728875886,2026-03-16T10:49:16.959000,54,,,
participant_17,4,day,Town10HD_Opt,2026-03-16 10:49:18.313743,-108.58953094482422,-34.480037689208984,0.0018844222649931,51.649,-4.07,0.0,0.148,0,0,1,,1.0,2026-03-16T10:49:18.313743,neutral,0.736,2026-03-16T10:49:18.313743,0.99,2026-03-16T10:49:18.042000,54,,,
participant_17,4,day,Town10HD_Opt,2026-03-16 10:49:19.267079,-110.11576080322266,-25.83438491821289,0.0019031906267628,51.468,-3.459,0.0,0.147,0,0,1,,1.0,2026-03-16T10:49:19.267079,neutral,0.736,2026-03-16T10:49:18.313743,0.9759429851524084,2026-03-16T10:49:19.120000,55,,,
participant_17,4,day,Town10HD_Opt,2026-03-16 10:49:20.206655,-110.4317626953125,-17.06549072265625,0.0018895721295848,51.801,-0.141,0.0,0.18,0,0,1,,1.0,2026-03-16T10:49:20.206655,neutral,0.736,2026-03-16T10:49:18.313743,0.9528568270660752,2026-03-16T10:49:19.975000,54,,,
participant_17,4,day,Town10HD_Opt,2026-03-16 10:49:21.127948,-110.49827575683594,-8.296730995178223,0.0019414901034906,50.77,0.761,0.0,0.103,0,0,1,,1.0,2026-03-16T10:49:21.127948,neutral,0.941,2026-03-16T10:49:21.127948,0.8962028978892181,2026-03-16T10:49:20.965000,55,,,
participant_17,4,day,Town10HD_Opt,2026-03-16 10:49:22.356335,-110.80023956298828,2.809173822402954,0.0022198485676199,43.781,-2.118,0.083,0.0,0,0,1,,1.0,2026-03-16T10:49:22.356335,neutral,0.941,2026-03-16T10:49:21.127948,0.8558408895897083,2026-03-16T10:49:22,55,,,
participant_17,4,day,Town10HD_Opt,2026-03-16 10:49:23.332995,-110.5102310180664,9.729766845703123,0.0023487852886319,34.426,-5.773,0.0,0.0,0,0,1,,1.0,2026-03-16T10:49:23.332995,neutral,0.996,2026-03-16T10:49:23.332995,0.9510338535461766,2026-03-16T10:49:23.170000,53,,,
participant_17,4,day,Town10HD_Opt,2026-03-16 10:49:24.233854,-109.3998794555664,14.968233108520508,0.002310981741175,26.718,-9.861,0.0,0.0,0,0,1,,1.0,2026-03-16T10:49:24.233854,neutral,0.996,2026-03-16T10:49:23.332995,0.9806757538133912,2026-03-16T10:49:23.983000,55,,,
participant_17,4,day,Town10HD_Opt,2026-03-16 10:49:25.116954,-107.67105102539062,18.6297607421875,0.0022671127226203,19.659,-11.318,0.0,0.0,0,0,1,,1.0,2026-03-16T10:49:25.116954,neutral,0.996,2026-03-16T10:49:23.332995,0.9033649733530712,2026-03-16T10:49:25.060000,55,,,
participant_17,4,day,Town10HD_Opt,2026-03-16 10:49:26.132761,-105.79155731201172,21.159103393554688,0.0019943618681281,18.911,-6.35,0.822,0.0,0,0,1,,1.0,2026-03-16T10:49:26.132761,neutral,0.78,2026-03-16T10:49:26.132761,0.9326477764442,2026-03-16T10:49:26.050000,55,,,
participant_17,4,day,Town10HD_Opt,2026-03-16 10:49:27.104393,-103.20694732666016,23.95134162902832,0.0018148040398955,25.631,-6.509,0.355,0.0,0,0,1,,1.0,2026-03-16T10:49:27.104393,neutral,0.78,2026-03-16T10:49:26.132761,0.9893055892929944,2026-03-16T10:49:27.041000,52,,,
participant_17,4,day,Town10HD_Opt,2026-03-16 10:49:28.376998,-98.58800506591795,27.1010971069336,0.002261581365019,20.228,-18.274,0.0,0.048,0,0,1,,1.0,2026-03-16T10:49:28.376998,neutral,0.95,2026-03-16T10:49:28.376998,0.9658882971960172,2026-03-16T10:49:27.986000,54,,,
participant_17,4,day,Town10HD_Opt,2026-03-16 10:49:29.088101,-96.68315887451172,27.67273330688477,0.0023987197782844,8.671,-12.92,0.0,0.12,0,0,1,,1.0,2026-03-16T10:49:29.088101,neutral,0.95,2026-03-16T10:49:28.376998,0.9479881414149448,2026-03-16T10:49:28.975000,55,,,
participant_17,4,day,Town10HD_Opt,2026-03-16 10:49:30.099532,-96.39871978759766,27.73311996459961,0.0020159911364316,0.024,-6.609,0.0,0.0,0,0,1,,1.0,2026-03-16T10:49:30.099532,neutral,0.95,2026-03-16T10:49:28.376998,0.9363388923218507,2026-03-16T10:49:30.055000,55,,,
participant_17,4,day,Town10HD_Opt,2026-03-16 10:49:31.346032,-96.39815521240234,27.73320960998535,0.001918182359077,0.138,-9.842,0.136,0.0,0,0,1,,1.0,2026-03-16T10:49:31.346032,neutral,0.957,2026-03-16T10:49:31.346032,0.965486299463625,2026-03-16T10:49:31.045000,56,,,
participant_17,4,day,Town10HD_Opt,2026-03-16 10:49:32.321370,-96.33077239990234,27.7409896850586,0.0018422699067741,1.752,-11.827,0.293,0.0,0,0,1,,1.0,2026-03-16T10:49:32.321370,neutral,0.957,2026-03-16T10:49:31.346032,0.9478844672927328,2026-03-16T10:49:31.993000,56,,,
participant_17,4,day,Town10HD_Opt,2026-03-16 10:49:33.293559,-95.8106918334961,27.78276824951172,0.0018621062627062,3.992,-14.692,0.178,0.0,0,0,1,,1.0,2026-03-16T10:49:33.293559,neutral,0.957,2026-03-16T10:49:31.346032,0.99,2026-03-16T10:49:33.026000,56,,,
participant_17,4,day,Town10HD_Opt,2026-03-16 10:49:34.225588,-95.0433578491211,27.804298400878903,0.0019198226509615,4.377,-10.571,0.0,0.0,0,0,1,,1.0,2026-03-16T10:49:34.225588,neutral,0.953,2026-03-16T10:49:34.225588,0.9672836312279198,2026-03-16T10:49:33.970000,57,,,
participant_17,4,day,Town10HD_Opt,2026-03-16 10:49:35.173801,-94.361083984375,27.83086585998535,0.00194980611559,3.375,-1.657,0.0,0.0,0,0,1,,1.0,2026-03-16T10:49:35.173801,neutral,0.953,2026-03-16T10:49:34.225588,0.96209258316925,2026-03-16T10:49:34.960000,57,,,
participant_17,4,day,Town10HD_Opt,2026-03-16 10:49:36.130243,-93.83670806884766,27.8572940826416,0.0019438933813944,2.59,-4.162,0.0,0.0,0,0,1,,1.0,2026-03-16T10:49:36.130243,neutral,0.953,2026-03-16T10:49:34.225588,0.926733679412288,2026-03-16T10:49:35.995000,55,,,
participant_17,4,day,Town10HD_Opt,2026-03-16 10:49:37.352559,-93.32176208496094,27.873544692993164,0.0019364166073501,1.821,-4.001,0.0,0.0,0,0,1,,1.0,2026-03-16T10:49:37.352559,neutral,1.0,2026-03-16T10:49:37.352559,0.944791918564843,2026-03-16T10:49:37.075000,56,,,
participant_17,4,day,Town10HD_Opt,2026-03-16 10:49:38.318115,-93.03865814208984,27.88001251220703,0.0019324492895975,1.398,-4.011,0.0,0.0,0,0,1,,1.0,2026-03-16T10:49:38.318115,neutral,1.0,2026-03-16T10:49:37.352559,0.9573012929428868,2026-03-16T10:49:38.156000,58,,,
participant_17,4,day,Town10HD_Opt,2026-03-16 10:49:39.352159,-92.8213882446289,27.883695602416992,0.0019293593941256,1.073,-3.943,0.0,0.0,0,0,1,,1.0,2026-03-16T10:49:39.352159,neutral,1.0,2026-03-16T10:49:37.352559,0.99,2026-03-16T10:49:39.011000,59,,,
participant_17,4,day,Town10HD_Opt,2026-03-16 10:49:40.326178,-92.65528869628906,27.8867301940918,0.0019308852497488,0.717,-2.642,0.103,0.0,0,0,1,,1.0,2026-03-16T10:49:40.326178,neutral,0.994,2026-03-16T10:49:40.326178,0.9334232881374568,2026-03-16T10:49:40.092000,58,,,
participant_17,4,day,Town10HD_Opt,2026-03-16 10:49:41.338683,-92.1551742553711,27.89859962463379,0.0015985870268195,8.345,-0.98,0.856,0.0,0,0,1,,1.0,2026-03-16T10:49:41.338683,neutral,0.994,2026-03-16T10:49:40.326178,0.9468297856026338,2026-03-16T10:49:40.990000,57,,,
participant_17,4,day,Town10HD_Opt,2026-03-16 10:49:42.357100,-89.66814422607422,27.95488739013672,0.0018820952391251,18.368,-1.008,0.412,0.0,0,0,1,,1.0,2026-03-16T10:49:42.357100,neutral,0.962,2026-03-16T10:49:42.357100,0.8423631287398332,2026-03-16T10:49:42.120000,58,,,
participant_17,4,day,Town10HD_Opt,2026-03-16 10:49:43.304637,-86.47209930419922,27.97361183166504,0.0018561935285106,17.469,-1.295,0.0,0.0,0,0,1,,1.0,2026-03-16T10:49:43.304637,neutral,0.962,2026-03-16T10:49:42.357100,0.8613021447372005,2026-03-16T10:49:43.106000,56,,,
participant_17,4,day,Town10HD_Opt,2026-03-16 10:49:44.236510,-83.737548828125,27.9432315826416,0.0020410155411809,13.488,0.188,0.0,0.0,0,0,1,,1.0,2026-03-16T10:49:44.236510,neutral,0.962,2026-03-16T10:49:42.357100,0.8983827256929937,2026-03-16T10:49:44.275000,59,,,
participant_17,4,day,Town10HD_Opt,2026-03-16 10:49:45.229347,-81.63555908203125,27.93996238708496,0.0020180509891361,10.362,1.034,0.0,0.0,0,0,1,,1.0,2026-03-16T10:49:45.229347,neutral,0.998,2026-03-16T10:49:45.229347,0.9791502430799516,2026-03-16T10:49:45.039000,58,,,
participant_17,4,day,Town10HD_Opt,2026-03-16 10:49:46.188158,-80.02142333984375,27.95696258544922,0.0019953155424445,7.956,1.022,0.0,0.0,0,0,1,,1.0,2026-03-16T10:49:46.188158,neutral,0.998,2026-03-16T10:49:45.229347,0.9434878776168169,2026-03-16T10:49:46.120000,57,,,
participant_17,4,day,Town10HD_Opt,2026-03-16 10:49:47.158013,-78.7822494506836,27.97962188720703,0.0019776534754782,6.108,0.888,0.0,0.0,0,0,1,,1.0,2026-03-16T10:49:47.158013,neutral,0.998,2026-03-16T10:49:45.229347,0.9450725640678456,2026-03-16T10:49:47.200000,57,,,
participant_17,4,day,Town10HD_Opt,2026-03-16 10:49:48.078781,-78.16515350341797,27.99277305603028,0.0021456908434629,0.0,0.893,0.0,0.016,0,0,1,,1.0,2026-03-16T10:49:48.078781,neutral,0.996,2026-03-16T10:49:48.078781,0.9556517827779806,2026-03-16T10:49:48.416000,59,,,
participant_17,4,day,Town10HD_Opt,2026-03-16 10:49:49.314144,-78.16398620605469,27.99280548095703,0.001922111492604,0.004,0.898,0.0,0.0,0,0,1,,1.0,2026-03-16T10:49:49.314144,neutral,0.996,2026-03-16T10:49:48.078781,0.99,2026-03-16T10:49:49,57,,,
participant_17,4,day,Town10HD_Opt,2026-03-16 10:49:50.305500,-78.16368103027344,27.992807388305664,0.001919288537465,0.001,0.592,0.0,0.0,0,0,1,,1.0,2026-03-16T10:49:50.305500,neutral,0.998,2026-03-16T10:49:50.305500,0.93630172532761,2026-03-16T10:49:50.007000,56,,,
participant_17,4,day,Town10HD_Opt,2026-03-16 10:49:51.216009,-78.16364288330078,27.992807388305664,0.0019188689766451,0.006,0.583,0.0,0.0,0,0,1,,1.0,2026-03-16T10:49:51.216009,neutral,0.998,2026-03-16T10:49:50.305500,0.9772854977677192,2026-03-16T10:49:50.981000,57,,,
participant_17,4,day,Town10HD_Opt,2026-03-16 10:49:52.101663,-78.16368103027344,27.992807388305664,0.001918678288348,0.006,0.583,0.0,0.0,0,0,1,,1.0,2026-03-16T10:49:52.101663,neutral,0.998,2026-03-16T10:49:50.305500,0.99,2026-03-16T10:49:52.016000,57,,,
participant_17,4,day,Town10HD_Opt,2026-03-16 10:49:53.065890,-78.16358947753906,27.992807388305664,0.0019189834129065,0.002,0.583,0.0,0.0,0,0,1,,1.0,2026-03-16T10:49:53.065890,neutral,0.995,2026-03-16T10:49:53.065890,0.964380806086832,2026-03-16T10:49:52.961000,57,,,
participant_18,1,day,Town10HD_Opt,2026-03-16 12:00:00.000000,-41.66858673095703,89.7454833984375,0.5804919004440308,16.777,0.949,0.234,0.0,0,0,1,,1.0,2026-03-16T12:00:00,,,2026-03-16T12:00:00,0.384246941792066,2026-03-16T12:00:00,65,,,
participant_18,1,day,Town10HD_Opt,2026-03-16 12:00:05.540421,-41.68869400024414,86.67068481445312,0.0017222976312041,16.827,0.973,0.25,0.0,0,0,1,,0.893,2026-03-16T12:00:05.540421,,,2026-03-16T12:00:05.540421,0.4468236053068161,2026-03-16T12:00:06.031000,66,,,
participant_18,1,day,Town10HD_Opt,2026-03-16 12:00:06.167241,-41.66997909545898,84.63215637207031,0.00204429612495,18.43,1.29,0.632,0.0,0,0,1,,0.923,2026-03-16T12:00:06.167241,,,2026-03-16T12:00:05.540421,0.3478147017010492,2026-03-16T12:00:06.031000,66,,,
participant_18,1,day,Town10HD_Opt,2026-03-16 12:00:07.188016,-41.51387786865234,81.09839630126953,0.0019025802612304,22.409,4.775,0.513,0.0,0,0,1,,0.818,2026-03-16T12:00:07.188016,,,2026-03-16T12:00:05.540421,0.4013861231947209,2026-03-16T12:00:06.975000,68,,,
participant_18,1,day,Town10HD_Opt,2026-03-16 12:00:08.153583,-40.810302734375,76.9923095703125,0.0020050429739058,24.619,11.672,0.39,0.0,0,0,1,,1.0,2026-03-16T12:00:08.153583,neutral,0.509,2026-03-16T12:00:08.153583,0.3754109807394036,2026-03-16T12:00:07.966000,69,,,
participant_18,1,day,Town10HD_Opt,2026-03-16 12:00:09.243295,-38.87877655029297,73.18700408935547,0.0020964050199836,24.403,23.588,0.349,0.0,0,0,1,,1.0,2026-03-16T12:00:09.243295,neutral,0.509,2026-03-16T12:00:08.153583,0.3920277610030501,2026-03-16T12:00:09,69,,,
participant_18,1,day,Town10HD_Opt,2026-03-16 12:00:10.237598,-35.506893157958984,70.718017578125,0.0021069336216896,23.995,22.002,0.348,0.0,0,0,1,,1.0,2026-03-16T12:00:10.237598,neutral,0.926,2026-03-16T12:00:10.237598,0.3733971371563049,2026-03-16T12:00:09.991000,71,,,
participant_18,1,day,Town10HD_Opt,2026-03-16 12:00:11.065057,-32.8332405090332,69.91825866699219,0.0020756148733198,23.939,12.132,0.328,0.0,0,0,1,,0.919,2026-03-16T12:00:11.065057,neutral,0.926,2026-03-16T12:00:10.237598,0.434390872857079,2026-03-16T12:00:11.006000,72,,,
participant_18,1,day,Town10HD_Opt,2026-03-16 12:00:12.006814,-28.70312690734864,69.57222747802734,0.0020706176292151,23.528,10.142,0.327,0.0,0,0,1,,0.902,2026-03-16T12:00:12.006814,neutral,0.926,2026-03-16T12:00:10.237598,0.5076046477592445,2026-03-16T12:00:11.970000,73,,,
participant_18,1,day,Town10HD_Opt,2026-03-16 12:00:13.273216,-23.26253128051757,69.8614501953125,0.0020547865424305,23.1,-2.621,0.327,0.0,0,0,1,,0.959,2026-03-16T12:00:13.273216,neutral,0.603,2026-03-16T12:00:13.273216,0.3325023632074447,2026-03-16T12:00:12.959000,73,,,
participant_18,1,day,Town10HD_Opt,2026-03-16 12:00:14.233830,-19.23838424682617,69.9567642211914,0.0020528030581772,22.839,0.815,0.328,0.0,0,0,1,,0.817,2026-03-16T12:00:14.233830,neutral,0.603,2026-03-16T12:00:13.273216,0.4056842161758724,2026-03-16T12:00:14.040000,73,,,
participant_18,1,day,Town10HD_Opt,2026-03-16 12:00:15.168045,-15.26027774810791,70.0866928100586,0.0020512770861387,22.587,-0.703,0.328,0.0,0,0,1,,1.0,2026-03-16T12:00:15.168045,neutral,0.603,2026-03-16T12:00:13.273216,0.4901167134232312,2026-03-16T12:00:14.985000,76,,,
participant_18,1,day,Town10HD_Opt,2026-03-16 12:00:16.092281,-11.319897651672363,70.1524887084961,0.0020505141001194,22.377,-1.248,0.328,0.0,0,0,1,,0.808,2026-03-16T12:00:16.092281,sad,0.775,2026-03-16T12:00:16.092281,0.4385389996495892,2026-03-16T12:00:15.975000,78,,,
participant_18,1,day,Town10HD_Opt,2026-03-16 12:00:17.032101,-7.413825511932373,70.13492584228516,0.0020497892983257,22.191,-0.472,0.328,0.0,0,0,1,,1.0,2026-03-16T12:00:17.032101,sad,0.775,2026-03-16T12:00:16.092281,0.396195303003335,2026-03-16T12:00:16.965000,78,,,
participant_18,1,day,Town10HD_Opt,2026-03-16 12:00:18.252635,-2.252580165863037,70.07672882080078,0.0020486831199377,21.98,-0.139,0.328,0.0,0,0,1,,1.0,2026-03-16T12:00:18.252635,neutral,0.731,2026-03-16T12:00:18.252635,0.3245516364110152,2026-03-16T12:00:18,81,,,
participant_18,1,day,Town10HD_Opt,2026-03-16 12:00:19.229380,1.565045952796936,70.02544403076172,0.0020748518873006,21.337,0.026,0.258,0.0,0,0,1,,0.902,2026-03-16T12:00:19.229380,neutral,0.731,2026-03-16T12:00:18.252635,0.4913416665075032,2026-03-16T12:00:18.990000,82,,,
participant_18,1,day,Town10HD_Opt,2026-03-16 12:00:20.117499,5.176708698272705,69.98302459716797,0.002090988215059,19.887,0.331,0.253,0.0,0,0,1,,0.853,2026-03-16T12:00:20.117499,neutral,0.731,2026-03-16T12:00:18.252635,0.4445845544139687,2026-03-16T12:00:19.981000,84,,,
participant_18,1,day,Town10HD_Opt,2026-03-16 12:00:21.023813,8.521238327026367,69.96258544921875,0.0021186827216297,18.115,0.233,0.139,0.0,0,0,1,,0.837,2026-03-16T12:00:21.023813,neutral,0.562,2026-03-16T12:00:21.023813,0.4191231855521305,2026-03-16T12:00:20.970000,85,,,
participant_18,1,day,Town10HD_Opt,2026-03-16 12:00:22.227468,12.530631065368652,69.95336151123047,0.0019835662096738,15.754,-0.016,0.12,0.0,0,0,1,,1.0,2026-03-16T12:00:22.227468,neutral,0.562,2026-03-16T12:00:21.023813,0.3873629520499578,2026-03-16T12:00:21.960000,82,,,
participant_18,1,day,Town10HD_Opt,2026-03-16 12:00:23.170359,15.140382766723633,69.94752502441406,0.0019756315741688,13.968,-0.023,0.121,0.0,0,0,1,,1.0,2026-03-16T12:00:23.170359,neutral,0.585,2026-03-16T12:00:23.170359,0.3615314495677157,2026-03-16T12:00:22.996000,81,,,
participant_18,1,day,Town10HD_Opt,2026-03-16 12:00:24.118124,17.46761131286621,69.94142150878906,0.0019644927233457,12.539,-0.023,0.12,0.0,0,0,1,,0.809,2026-03-16T12:00:24.118124,neutral,0.585,2026-03-16T12:00:23.170359,0.4788867217293769,2026-03-16T12:00:23.985000,80,,,
participant_18,1,day,Town10HD_Opt,2026-03-16 12:00:25.036742,19.56692695617676,69.93533325195312,0.0019558714702725,11.38,-0.023,0.12,0.0,0,0,1,,1.0,2026-03-16T12:00:25.036742,neutral,0.585,2026-03-16T12:00:23.170359,0.3798323659993796,2026-03-16T12:00:24.975000,77,,,
participant_18,1,day,Town10HD_Opt,2026-03-16 12:00:26.281480,22.0832462310791,69.92747497558594,0.0019477843306958,10.116,-0.023,0.0,0.0,0,0,1,,1.0,2026-03-16T12:00:26.281480,neutral,0.609,2026-03-16T12:00:26.281480,0.4739886800199855,2026-03-16T12:00:25.965000,75,,,
participant_18,1,day,Town10HD_Opt,2026-03-16 12:00:27.197065,23.69271469116211,69.921875,0.0019904708024114,7.859,-0.023,0.0,0.0,0,0,1,,1.0,2026-03-16T12:00:27.197065,neutral,0.609,2026-03-16T12:00:26.281480,0.4047112638995046,2026-03-16T12:00:27,76,,,
participant_18,1,day,Town10HD_Opt,2026-03-16 12:00:28.173407,24.93245315551757,69.91735076904297,0.0019903564825654,5.788,-0.023,0.0,0.166,0,0,1,,1.0,2026-03-16T12:00:28.173407,neutral,0.609,2026-03-16T12:00:26.281480,0.470438313260075,2026-03-16T12:00:27.995000,74,,,
participant_18,1,day,Town10HD_Opt,2026-03-16 12:00:29.081732,25.13512420654297,69.91613006591797,0.0019839857704937,0.0,-0.023,0.0,0.004,0,0,1,,1.0,2026-03-16T12:00:29.081732,neutral,0.629,2026-03-16T12:00:29.081732,0.4998165066757942,2026-03-16T12:00:28.980000,74,,,
participant_18,1,day,Town10HD_Opt,2026-03-16 12:00:30.296745,25.37164306640625,69.9156265258789,0.0017912673065438,3.608,-0.026,0.312,0.0,0,0,1,,1.0,2026-03-16T12:00:30.296745,neutral,0.629,2026-03-16T12:00:29.081732,0.5355635054957821,2026-03-16T12:00:29.970000,73,,,
participant_18,1,day,Town10HD_Opt,2026-03-16 12:00:31.227004,26.095766067504883,69.9130859375,0.0019202422117814,4.078,-0.026,0.0,0.0,0,0,1,,1.0,2026-03-16T12:00:31.227004,fear,0.376,2026-03-16T12:00:31.227004,0.4814423306448939,2026-03-16T12:00:30.961000,72,,,
participant_18,1,day,Town10HD_Opt,2026-03-16 12:00:32.137989,26.20126724243164,69.91287231445312,0.0019567108247429,0.003,-0.026,0.0,0.0,0,0,1,,0.85,2026-03-16T12:00:32.137989,fear,0.376,2026-03-16T12:00:31.227004,0.488273447498274,2026-03-16T12:00:31.996000,71,,,
participant_18,1,day,Town10HD_Opt,2026-03-16 12:00:33.011618,26.27154922485352,69.91258239746094,0.0017990875057876,2.084,-0.035,0.555,0.0,0,0,1,,1.0,2026-03-16T12:00:33.011618,fear,0.376,2026-03-16T12:00:31.227004,0.4655996190173506,2026-03-16T12:00:32.985000,70,,,
participant_18,1,day,Town10HD_Opt,2026-03-16 12:00:34.191703,27.742265701293945,69.9081039428711,0.001798210083507,9.229,-0.035,0.254,0.0,0,0,1,,1.0,2026-03-16T12:00:34.191703,neutral,0.766,2026-03-16T12:00:34.191703,0.5885769726028705,2026-03-16T12:00:34.065000,70,,,
participant_18,1,day,Town10HD_Opt,2026-03-16 12:00:35.154861,29.45385360717773,69.9023208618164,0.0018961334135383,10.131,-0.035,0.187,0.0,0,0,1,,1.0,2026-03-16T12:00:35.154861,neutral,0.766,2026-03-16T12:00:34.191703,0.53953425343523,2026-03-16T12:00:35.011000,69,,,
participant_18,1,day,Town10HD_Opt,2026-03-16 12:00:36.153733,31.234413146972656,69.88616943359375,0.0019265746232122,10.048,-2.188,0.137,0.0,0,0,1,,1.0,2026-03-16T12:00:36.153733,neutral,0.766,2026-03-16T12:00:34.191703,0.5052974048294472,2026-03-16T12:00:36,69,,,
participant_18,1,day,Town10HD_Opt,2026-03-16 12:00:37.128311,32.94993209838867,69.8086166381836,0.001935081440024,9.523,-3.693,0.111,0.0,0,0,1,,1.0,2026-03-16T12:00:37.128311,neutral,0.362,2026-03-16T12:00:37.128311,0.529244017670568,2026-03-16T12:00:36.990000,70,,,
participant_18,1,day,Town10HD_Opt,2026-03-16 12:00:38.062007,34.502342224121094,69.68218994140625,0.0019841385073959,7.809,-3.693,0.0,0.0,0,0,1,,1.0,2026-03-16T12:00:38.062007,neutral,0.362,2026-03-16T12:00:37.128311,0.4936223608282475,2026-03-16T12:00:37.981000,70,,,
participant_18,1,day,Town10HD_Opt,2026-03-16 12:00:39.083481,35.7062873840332,69.5253677368164,0.0019775009714066,5.987,-8.324,0.0,0.0,0,0,1,,1.0,2026-03-16T12:00:39.083481,neutral,0.362,2026-03-16T12:00:37.128311,0.4795586461265136,2026-03-16T12:00:38.971000,69,,,
participant_18,1,day,Town10HD_Opt,2026-03-16 12:00:40.061416,36.62057876586914,69.34825897216797,0.0019633101765066,4.531,-7.822,0.0,0.0,0,0,1,,1.0,2026-03-16T12:00:40.061416,neutral,0.363,2026-03-16T12:00:40.061416,0.4870316173016989,2026-03-16T12:00:39.961000,69,,,
participant_18,1,day,Town10HD_Opt,2026-03-16 12:00:41.108853,37.32796478271485,69.2230224609375,0.0018843078287318,4.518,6.649,0.636,0.0,0,0,1,,1.0,2026-03-16T12:00:41.108853,neutral,0.363,2026-03-16T12:00:40.061416,0.5005540086913837,2026-03-16T12:00:40.996000,68,,,
participant_18,1,day,Town10HD_Opt,2026-03-16 12:00:42.012994,39.01956558227539,69.13323211669922,0.0015799712855368,14.931,8.747,0.664,0.0,0,0,1,,1.0,2026-03-16T12:00:42.012994,neutral,0.363,2026-03-16T12:00:40.061416,0.4715434210162965,2026-03-16T12:00:41.986000,68,,,
participant_18,1,day,Town10HD_Opt,2026-03-16 12:00:43.224348,43.27405548095703,69.36148834228516,0.0019791794475167,19.96,0.606,0.496,0.0,0,0,1,,0.932,2026-03-16T12:00:43.224348,fear,0.371,2026-03-16T12:00:43.224348,0.4651280571527101,2026-03-16T12:00:42.975000,68,Harsh braking,decel_mps2=5.2,
participant_18,1,day,Town10HD_Opt,2026-03-16 12:00:44.278750,46.995155334472656,69.64302062988281,0.0019441604381427,23.001,0.964,0.47,0.0,0,0,1,,1.0,2026-03-16T12:00:44.278750,fear,0.371,2026-03-16T12:00:43.224348,0.5081519682270207,2026-03-16T12:00:43.970000,66,,,
participant_18,1,day,Town10HD_Opt,2026-03-16 12:00:45.202429,51.22737121582031,69.9630355834961,0.0019593429751694,25.653,-0.754,0.455,0.0,0,0,1,,1.0,2026-03-16T12:00:45.202429,fear,0.371,2026-03-16T12:00:43.224348,0.486594455302652,2026-03-16T12:00:45.015000,66,,,
participant_18,1,day,Town10HD_Opt,2026-03-16 12:00:46.136590,55.88273620605469,70.22955322265625,0.0019749449566006,27.783,-1.029,0.45,0.0,0,0,1,,1.0,2026-03-16T12:00:46.136590,fear,0.426,2026-03-16T12:00:46.136590,0.4279236764952224,2026-03-16T12:00:45.990000,67,,,
participant_18,1,day,Town10HD_Opt,2026-03-16 12:00:47.015309,60.88006210327149,70.4006118774414,0.0019966887775808,29.302,-0.848,0.348,0.0,0,0,1,,1.0,2026-03-16T12:00:47.015309,fear,0.426,2026-03-16T12:00:46.136590,0.3771876298983959,2026-03-16T12:00:46.980000,68,,,
participant_18,1,day,Town10HD_Opt,2026-03-16 12:00:48.176546,67.43565368652344,70.43783569335938,0.0021710968576371,25.409,-0.79,0.0,0.0,0,0,1,,0.806,2026-03-16T12:00:48.176546,fear,0.344,2026-03-16T12:00:48.176546,0.4434913579840269,2026-03-16T12:00:47.970000,69,,,
participant_18,1,day,Town10HD_Opt,2026-03-16 12:00:49.042381,71.3908920288086,70.36404418945312,0.0022403716575354,19.258,-0.423,0.0,0.0,0,0,1,,1.0,2026-03-16T12:00:49.042381,fear,0.344,2026-03-16T12:00:48.176546,0.4169996416568939,2026-03-16T12:00:48.961000,70,,,
participant_18,1,day,Town10HD_Opt,2026-03-16 12:00:50.237285,75.23851013183594,70.26950073242188,0.0020445249974727,13.615,0.414,0.0,0.0,0,0,1,,1.0,2026-03-16T12:00:50.237285,fear,0.349,2026-03-16T12:00:50.237285,0.5111494155979335,2026-03-16T12:00:49.996000,70,,,
participant_18,1,day,Town10HD_Opt,2026-03-16 12:00:51.105824,77.35973358154297,70.22758483886719,0.0020190810319036,10.46,0.423,0.0,0.0,0,0,1,,1.0,2026-03-16T12:00:51.105824,fear,0.349,2026-03-16T12:00:50.237285,0.4484963629960158,2026-03-16T12:00:50.985000,69,,,
participant_18,1,day,Town10HD_Opt,2026-03-16 12:00:52.266763,79.40947723388672,70.19561004638672,0.001986312912777,7.266,0.005,0.125,0.0,0,0,1,,0.814,2026-03-16T12:00:52.266763,neutral,0.881,2026-03-16T12:00:52.266763,0.3840962405537945,2026-03-16T12:00:51.976000,69,,,
participant_18,1,day,Town10HD_Opt,2026-03-16 12:00:53.144647,80.77149200439453,70.17310333251953,0.0017797851469367,10.393,0.005,0.853,0.0,0,0,1,,0.915,2026-03-16T12:00:53.144647,neutral,0.881,2026-03-16T12:00:52.266763,0.495261042750486,2026-03-16T12:00:52.965000,68,,,
participant_18,1,day,Town10HD_Opt,2026-03-16 12:00:54.044025,83.63115692138672,70.12953186035156,0.0017805862007662,21.906,0.698,0.631,0.0,0,0,1,,0.921,2026-03-16T12:00:54.044025,neutral,0.881,2026-03-16T12:00:52.266763,0.4659583057719796,2026-03-16T12:00:54,67,,,
participant_18,1,day,Town10HD_Opt,2026-03-16 12:00:55.249186,88.96416473388672,70.38259887695312,0.0021339415106922,21.35,11.844,0.291,0.0,0,0,1,,0.929,2026-03-16T12:00:55.249186,neutral,0.638,2026-03-16T12:00:55.249186,0.5031923106308899,2026-03-16T12:00:54.991000,68,,,
participant_18,1,day,Town10HD_Opt,2026-03-16 12:00:56.183472,92.46707153320312,71.5282211303711,0.0019728469196707,22.915,17.953,0.682,0.0,0,0,1,,0.941,2026-03-16T12:00:56.183472,neutral,0.638,2026-03-16T12:00:55.249186,0.5736389560662095,2026-03-16T12:00:55.980000,70,,,
participant_18,1,day,Town10HD_Opt,2026-03-16 12:00:57.044237,96.09842681884766,74.4032211303711,0.0017745970981195,31.8,17.291,0.752,0.0,0,0,1,,0.897,2026-03-16T12:00:57.044237,neutral,0.638,2026-03-16T12:00:55.249186,0.5010490116370944,2026-03-16T12:00:56.970000,69,,,
participant_18,1,day,Town10HD_Opt,2026-03-16 12:00:58.169645,99.24842834472656,81.96245574951172,0.0020166777539998,37.677,9.284,0.318,0.0,0,0,1,,0.911,2026-03-16T12:00:58.169645,neutral,0.956,2026-03-16T12:00:58.169645,0.4816479071461687,2026-03-16T12:00:58.005000,70,,,
participant_18,1,day,Town10HD_Opt,2026-03-16 12:00:59.056049,99.29932403564452,88.38711547851562,0.0021150968968868,35.548,0.585,0.322,0.0,0,0,1,,0.944,2026-03-16T12:00:59.056049,neutral,0.956,2026-03-16T12:00:58.169645,0.5479002405468156,2026-03-16T12:00:58.995000,69,,,
participant_18,1,day,Town10HD_Opt,2026-03-16 12:01:00.011799,98.92546844482422,94.42940521240234,0.0021022795699536,33.745,3.525,0.456,0.0,0,0,1,,1.0,2026-03-16T12:01:00.011799,neutral,0.956,2026-03-16T12:00:58.169645,0.6136901997660827,2026-03-16T12:00:59.986000,70,,,
participant_18,1,day,Town10HD_Opt,2026-03-16 12:01:01.232022,97.45843505859376,102.44730377197266,0.0019266509916633,37.401,4.122,0.575,0.0,0,0,1,,1.0,2026-03-16T12:01:01.232022,neutral,0.657,2026-03-16T12:01:01.232022,0.5257750365872398,2026-03-16T12:01:00.976000,71,,,
participant_18,1,day,Town10HD_Opt,2026-03-16 12:01:02.108646,95.3023681640625,108.91999816894533,0.0019348907517269,40.683,4.202,0.556,0.0,0,0,1,,0.873,2026-03-16T12:01:02.108646,neutral,0.657,2026-03-16T12:01:01.232022,0.5780936371533701,2026-03-16T12:01:01.965000,71,,,
participant_18,1,day,Town10HD_Opt,2026-03-16 12:01:03.027661,91.99607849121094,115.47312927246094,0.0019704054575413,43.248,5.411,0.546,0.0,0,0,1,,1.0,2026-03-16T12:01:03.027661,neutral,0.657,2026-03-16T12:01:01.232022,0.5667494921606686,2026-03-16T12:01:03.092000,71,,,
participant_18,1,day,Town10HD_Opt,2026-03-16 12:01:04.203039,85.3858871459961,123.3996810913086,0.0019934081938117,45.61,6.492,0.544,0.0,0,0,1,,0.812,2026-03-16T12:01:04.203039,neutral,0.827,2026-03-16T12:01:04.203039,0.5352454722607585,2026-03-16T12:01:04.035000,71,,,
participant_18,1,day,Town10HD_Opt,2026-03-16 12:01:05.146884,78.72195434570312,127.95670318603516,0.002004203852266,46.994,7.418,0.543,0.0,0,0,1,,1.0,2026-03-16T12:01:05.146884,neutral,0.827,2026-03-16T12:01:04.203039,0.5390197229913696,2026-03-16T12:01:04.980000,69,,,
participant_18,1,day,Town10HD_Opt,2026-03-16 12:01:06.089473,70.87872314453125,130.61192321777344,0.0020135496743023,48.082,6.974,0.541,0.0,0,0,1,,0.845,2026-03-16T12:01:06.089473,neutral,0.827,2026-03-16T12:01:04.203039,0.6167280432050103,2026-03-16T12:01:05.971000,69,,,
participant_18,1,day,Town10HD_Opt,2026-03-16 12:01:07.073380,62.44633483886719,131.06744384765625,0.0020960615947842,47.245,1.671,0.0,0.0,0,0,1,,0.827,2026-03-16T12:01:07.073380,neutral,0.396,2026-03-16T12:01:07.073380,0.5553744490062548,2026-03-16T12:01:07.006000,67,,,
participant_18,1,day,Town10HD_Opt,2026-03-16 12:01:08.048255,55.00039291381836,130.64407348632812,0.0023670578375458,37.009,-1.347,0.0,0.0,0,0,1,,0.884,2026-03-16T12:01:08.048255,neutral,0.396,2026-03-16T12:01:07.073380,0.5743972773388647,2026-03-16T12:01:07.995000,66,,,
participant_18,1,day,Town10HD_Opt,2026-03-16 12:01:09.052329,49.04356384277344,130.37860107421875,0.0021449278574436,32.453,-0.637,0.406,0.0,0,0,1,,0.845,2026-03-16T12:01:09.052329,neutral,0.396,2026-03-16T12:01:07.073380,0.5874869780727416,2026-03-16T12:01:08.985000,65,,,
participant_18,1,day,Town10HD_Opt,2026-03-16 12:01:10.037683,43.36652374267578,130.2270050048828,0.0020300291944295,32.719,-2.113,0.431,0.0,0,0,1,,0.822,2026-03-16T12:01:10.037683,happy,0.98,2026-03-16T12:01:10.037683,0.4995624667278441,2026-03-16T12:01:09.975000,66,,,
participant_18,1,day,Town10HD_Opt,2026-03-16 12:01:11.258220,35.57791519165039,130.38746643066406,0.0020062637049704,34.211,1.321,0.443,0.0,0,0,1,,0.945,2026-03-16T12:01:11.258220,happy,0.98,2026-03-16T12:01:10.037683,0.5966688595887428,2026-03-16T12:01:11.011000,66,,,
participant_18,1,day,Town10HD_Opt,2026-03-16 12:01:12.243324,29.52212142944336,130.4325714111328,0.0020156479440629,35.057,-0.435,0.443,0.0,0,0,1,,0.85,2026-03-16T12:01:12.243324,neutral,0.803,2026-03-16T12:01:12.243324,0.5249202509861047,2026-03-16T12:01:12,66,,,
participant_18,1,day,Town10HD_Opt,2026-03-16 12:01:13.203180,23.328765869140625,130.48851013183594,0.0020194626413285,35.781,0.211,0.443,0.0,0,0,1,,0.844,2026-03-16T12:01:13.203180,neutral,0.803,2026-03-16T12:01:12.243324,0.542739168054627,2026-03-16T12:01:12.990000,66,,,
participant_18,1,day,Town10HD_Opt,2026-03-16 12:01:14.102528,17.01616859436035,130.51077270507812,0.0020225525368005,36.409,0.143,0.443,0.0,0,0,1,,0.898,2026-03-16T12:01:14.102528,neutral,0.803,2026-03-16T12:01:12.243324,0.6213494737332635,2026-03-16T12:01:13.981000,67,,,
participant_18,1,day,Town10HD_Opt,2026-03-16 12:01:15.041426,10.60629653930664,130.4990997314453,0.0020366667304188,36.593,0.287,0.134,0.0,0,0,1,,0.838,2026-03-16T12:01:15.041426,neutral,0.492,2026-03-16T12:01:15.041426,0.6111750097414637,2026-03-16T12:01:14.970000,68,,,
participant_18,1,day,Town10HD_Opt,2026-03-16 12:01:16.256832,3.0352542400360107,130.42385864257812,0.0022897720336914,27.001,0.179,0.0,0.0,0,0,1,,1.0,2026-03-16T12:01:16.256832,neutral,0.492,2026-03-16T12:01:15.041426,0.5250049758495124,2026-03-16T12:01:16.140000,68,,,
participant_18,1,day,Town10HD_Opt,2026-03-16 12:01:17.204501,-1.1476870775222778,130.3614044189453,0.0022541808430105,20.368,0.179,0.0,0.0,0,0,1,,0.876,2026-03-16T12:01:17.204501,fear,0.52,2026-03-16T12:01:17.204501,0.5315268413950991,2026-03-16T12:01:16.995000,67,,,
participant_18,1,day,Town10HD_Opt,2026-03-16 12:01:18.136075,-4.307214260101318,130.3053741455078,0.0020077896770089,15.675,-0.454,0.0,0.0,0,0,1,,0.908,2026-03-16T12:01:18.136075,fear,0.52,2026-03-16T12:01:17.204501,0.6035612269227807,2026-03-16T12:01:17.986000,66,,,
participant_18,1,day,Town10HD_Opt,2026-03-16 12:01:19.041566,-6.778275489807129,130.27842712402344,0.0020097731612622,12.617,-0.103,0.078,0.0,0,0,1,,1.0,2026-03-16T12:01:19.041566,fear,0.52,2026-03-16T12:01:17.204501,0.5417622320964115,2026-03-16T12:01:18.975000,66,Solid line crossing,Solid line crossing,
participant_18,1,day,Town10HD_Opt,2026-03-16 12:01:20.203591,-9.492055892944336,130.2517547607422,0.0019578551873564,10.751,-0.103,0.122,0.0,0,0,1,,0.903,2026-03-16T12:01:20.203591,neutral,0.372,2026-03-16T12:01:20.203591,0.6170906477204311,2026-03-16T12:01:19.965000,66,,,
participant_18,1,day,Town10HD_Opt,2026-03-16 12:01:21.095888,-11.30286979675293,130.23631286621094,0.0019478225149214,9.868,-0.103,0.114,0.0,0,0,1,,0.85,2026-03-16T12:01:21.095888,neutral,0.372,2026-03-16T12:01:20.203591,0.5449804769675607,2026-03-16T12:01:21.046000,65,,,
participant_18,1,day,Town10HD_Opt,2026-03-16 12:01:22.013488,-12.965194702148438,130.22378540039062,0.001944274874404,9.114,-0.103,0.113,0.0,0,0,1,,0.843,2026-03-16T12:01:22.013488,neutral,0.372,2026-03-16T12:01:20.203591,0.6247486803553552,2026-03-16T12:01:21.991000,67,,,
participant_18,1,day,Town10HD_Opt,2026-03-16 12:01:23.186352,-15.04015064239502,130.21044921875,0.0019056319724768,9.125,-0.103,0.182,0.0,0,0,1,,0.865,2026-03-16T12:01:23.186352,fear,0.36,2026-03-16T12:01:23.186352,0.6228901834990371,2026-03-16T12:01:22.981000,66,,,
participant_18,1,day,Town10HD_Opt,2026-03-16 12:01:24.123613,-16.666723251342773,130.20175170898438,0.0019065856467932,9.501,-0.115,0.176,0.0,0,0,1,,0.864,2026-03-16T12:01:24.123613,fear,0.36,2026-03-16T12:01:23.186352,0.6604032896425445,2026-03-16T12:01:24.061000,67,,,
participant_18,1,day,Town10HD_Opt,2026-03-16 12:01:25.262532,-18.90626335144043,130.1935577392578,0.0019315337995067,9.407,-0.155,0.144,0.0,0,0,1,,0.853,2026-03-16T12:01:25.262532,neutral,0.69,2026-03-16T12:01:25.262532,0.5890148970055294,2026-03-16T12:01:25.006000,67,,,
participant_18,1,day,Town10HD_Opt,2026-03-16 12:01:26.137297,-20.90376663208008,130.18994140625,0.0016535186441615,16.421,-0.155,0.74,0.0,0,0,1,,0.874,2026-03-16T12:01:26.137297,neutral,0.69,2026-03-16T12:01:25.262532,0.5560360332727259,2026-03-16T12:01:25.995000,69,,,
participant_18,1,day,Town10HD_Opt,2026-03-16 12:01:27.022204,-24.27123260498047,130.18734741210938,0.0018517684657126,22.398,0.256,0.503,0.0,0,0,1,,0.932,2026-03-16T12:01:27.022204,neutral,0.69,2026-03-16T12:01:25.262532,0.6285725470937733,2026-03-16T12:01:26.986000,69,,,
participant_18,1,day,Town10HD_Opt,2026-03-16 12:01:28.203153,-29.71126174926757,129.79798889160156,0.0020819092169404,22.916,9.621,0.282,0.0,0,0,1,,0.837,2026-03-16T12:01:28.203153,neutral,0.427,2026-03-16T12:01:28.203153,0.6463860854373069,2026-03-16T12:01:27.975000,70,Stop sign violation,stop_sign_id=678,
participant_18,1,day,Town10HD_Opt,2026-03-16 12:01:29.135260,-33.43222427368164,128.65716552734375,0.0020954513456672,21.656,13.224,0.288,0.0,0,0,1,,0.91,2026-03-16T12:01:29.135260,neutral,0.427,2026-03-16T12:01:28.203153,0.5542977431180351,2026-03-16T12:01:29.011000,69,,,
participant_18,1,day,Town10HD_Opt,2026-03-16 12:01:30.006799,-36.56100082397461,126.7223129272461,0.0020940017420798,20.611,14.778,0.289,0.0,0,0,1,,0.838,2026-03-16T12:01:30.006799,neutral,0.427,2026-03-16T12:01:28.203153,0.6282769582259828,2026-03-16T12:01:30,69,,,
participant_18,1,day,Town10HD_Opt,2026-03-16 12:01:31.236656,-39.56948852539063,123.18685150146484,0.0020866394042968,19.483,14.751,0.289,0.0,0,0,1,,0.875,2026-03-16T12:01:31.236656,neutral,0.5,2026-03-16T12:01:31.236656,0.6422983485932292,2026-03-16T12:01:30.991000,69,,,
participant_18,1,day,Town10HD_Opt,2026-03-16 12:01:32.173402,-40.89774703979492,120.06243133544922,0.0019696045201271,19.274,14.317,0.291,0.0,0,0,1,,0.808,2026-03-16T12:01:32.173402,neutral,0.5,2026-03-16T12:01:31.236656,0.581840521717454,2026-03-16T12:01:31.980000,70,,,
participant_18,1,day,Town10HD_Opt,2026-03-16 12:01:33.152868,-41.473106384277344,116.67861938476562,0.0019693374633789,20.926,7.651,0.497,0.0,0,0,1,,0.926,2026-03-16T12:01:33.152868,neutral,0.5,2026-03-16T12:01:31.236656,0.6593366251084052,2026-03-16T12:01:32.971000,69,,,
participant_18,1,day,Town10HD_Opt,2026-03-16 12:01:34.095822,-41.70082473754883,112.73853302001952,0.0019564819522202,23.947,1.643,0.408,0.0,0,0,1,,0.902,2026-03-16T12:01:34.095822,neutral,0.392,2026-03-16T12:01:34.095822,0.5966098146702493,2026-03-16T12:01:34.007000,71,,,
participant_18,1,day,Town10HD_Opt,2026-03-16 12:01:35.088293,-41.77879333496094,108.41535949707033,0.0020036697387695,25.282,1.14,0.375,0.0,0,0,1,,0.827,2026-03-16T12:01:35.088293,neutral,0.392,2026-03-16T12:01:34.095822,0.6026404117502163,2026-03-16T12:01:34.996000,71,,,
participant_18,1,day,Town10HD_Opt,2026-03-16 12:01:36.004333,-41.71940994262695,103.94092559814452,0.0020353698637336,25.627,0.242,0.354,0.0,0,0,1,,0.86,2026-03-16T12:01:36.004333,neutral,0.392,2026-03-16T12:01:34.095822,0.5519504301847964,2026-03-16T12:01:35.986000,72,,,
participant_18,1,day,Town10HD_Opt,2026-03-16 12:01:37.270044,-41.58977890014648,97.92446899414062,0.0020402146037667,25.799,-0.618,0.353,0.0,0,0,1,,0.901,2026-03-16T12:01:37.270044,neutral,0.354,2026-03-16T12:01:37.270044,0.5064645119266762,2026-03-16T12:01:36.975000,72,,,
participant_18,1,day,Town10HD_Opt,2026-03-16 12:01:38.192003,-41.54178237915039,93.38742065429688,0.0020412444137036,25.904,-1.046,0.354,0.0,0,0,1,,0.839,2026-03-16T12:01:38.192003,neutral,0.354,2026-03-16T12:01:37.270044,0.5305639734639633,2026-03-16T12:01:37.966000,74,,,
participant_18,1,day,Town10HD_Opt,2026-03-16 12:01:39.178849,-41.56075286865234,88.83280181884766,0.0020414732862263,25.992,-0.486,0.344,0.0,0,0,1,,0.822,2026-03-16T12:01:39.178849,neutral,0.354,2026-03-16T12:01:37.270044,0.6011874037883267,2026-03-16T12:01:39.002000,73,,,
participant_18,1,day,Town10HD_Opt,2026-03-16 12:01:40.162251,-41.554935455322266,84.31333923339844,0.0020822524093091,25.109,2.506,0.275,0.0,0,0,1,,0.868,2026-03-16T12:01:40.162251,fear,0.335,2026-03-16T12:01:40.162251,0.5941875518429762,2026-03-16T12:01:40.036000,73,,,
participant_18,1,day,Town10HD_Opt,2026-03-16 12:01:41.150584,-41.21917724609375,80.04666137695312,0.0021068190690129,23.5,9.002,0.269,0.0,0,0,1,,0.905,2026-03-16T12:01:41.150584,fear,0.335,2026-03-16T12:01:40.162251,0.5664993453893878,2026-03-16T12:01:40.981000,74,,,
participant_18,1,day,Town10HD_Opt,2026-03-16 12:01:42.096879,-40.11119079589844,76.26024627685547,0.00212371814996,21.561,14.776,0.251,0.0,0,0,1,,0.952,2026-03-16T12:01:42.096879,fear,0.335,2026-03-16T12:01:40.162251,0.5187150386061099,2026-03-16T12:01:41.971000,71,,,
participant_18,1,day,Town10HD_Opt,2026-03-16 12:01:43.089519,-38.08550262451172,73.29620361328125,0.0021348190493881,19.686,21.943,0.255,0.0,0,0,1,,0.87,2026-03-16T12:01:43.089519,neutral,0.67,2026-03-16T12:01:43.089519,0.5692790811963746,2026-03-16T12:01:43.006000,70,,,
participant_18,1,day,Town10HD_Opt,2026-03-16 12:01:44.109253,-35.356441497802734,71.43392944335938,0.0021080016158521,18.447,18.425,0.287,0.0,0,0,1,,0.865,2026-03-16T12:01:44.109253,neutral,0.67,2026-03-16T12:01:43.089519,0.5461693200972095,2026-03-16T12:01:43.996000,70,,,
participant_18,1,day,Town10HD_Opt,2026-03-16 12:01:45.066082,-32.32198715209961,70.46987915039062,0.0020781706552952,18.465,12.204,0.316,0.0,0,0,1,,0.903,2026-03-16T12:01:45.066082,neutral,0.67,2026-03-16T12:01:43.089519,0.6501734951180056,2026-03-16T12:01:44.986000,70,,,
participant_18,1,day,Town10HD_Opt,2026-03-16 12:01:46.011429,-29.110509872436523,70.07792663574219,0.0020028303842991,19.39,6.898,0.417,0.0,0,0,1,,0.891,2026-03-16T12:01:46.011429,neutral,0.901,2026-03-16T12:01:46.011429,0.6209480474387029,2026-03-16T12:01:45.975000,71,,,
participant_18,1,day,Town10HD_Opt,2026-03-16 12:01:47.259862,-24.322492599487305,69.96745300292969,0.0019675062503665,22.148,-0.519,0.478,0.0,0,0,1,,0.89,2026-03-16T12:01:47.259862,neutral,0.901,2026-03-16T12:01:46.011429,0.5886549301354692,2026-03-16T12:01:46.965000,72,,,
participant_18,1,day,Town10HD_Opt,2026-03-16 12:01:48.220771,-20.169008255004883,69.87068939208984,0.0019261932466179,25.891,0.75,0.471,0.0,0,0,1,,1.0,2026-03-16T12:01:48.220771,neutral,0.832,2026-03-16T12:01:48.220771,0.5364325606517242,2026-03-16T12:01:48.001000,73,,,
participant_18,1,day,Town10HD_Opt,2026-03-16 12:01:49.213211,-15.47256565093994,69.82672882080078,0.0019752120133489,27.953,0.343,0.442,0.0,0,0,1,,0.887,2026-03-16T12:01:49.213211,neutral,0.832,2026-03-16T12:01:48.220771,0.6276053481219802,2026-03-16T12:01:48.990000,71,,,
participant_18,1,day,Town10HD_Opt,2026-03-16 12:01:50.188319,-10.455368041992188,69.83415985107422,0.0019969558343291,29.433,0.465,0.428,0.0,0,0,1,,0.91,2026-03-16T12:01:50.188319,neutral,0.832,2026-03-16T12:01:48.220771,0.5955616835468678,2026-03-16T12:01:49.981000,71,,,
participant_18,1,day,Town10HD_Opt,2026-03-16 12:01:51.116190,-5.214139461517334,69.90160369873047,0.0020070266909897,30.55,-0.12,0.428,0.0,0,0,1,,1.0,2026-03-16T12:01:51.116190,sad,0.346,2026-03-16T12:01:51.116190,0.6486033379356355,2026-03-16T12:01:50.971000,73,,,
participant_18,1,day,Town10HD_Opt,2026-03-16 12:01:52.055863,0.2098976075649261,69.96651458740234,0.0020118711981922,31.515,-0.287,0.427,0.0,0,0,1,,0.84,2026-03-16T12:01:52.055863,sad,0.346,2026-03-16T12:01:51.116190,0.6962199145895439,2026-03-16T12:01:52.006000,73,,,
participant_18,1,day,Town10HD_Opt,2026-03-16 12:01:53.000026,5.744375705718994,69.98995971679688,0.002098464872688,30.608,-0.087,0.007,0.0,0,0,1,,0.821,2026-03-16T12:01:53.000026,sad,0.346,2026-03-16T12:01:51.116190,0.6357951543491088,2026-03-16T12:01:52.995000,76,,,
participant_18,1,day,Town10HD_Opt,2026-03-16 12:01:54.174296,11.91814136505127,69.9921875,0.0022585678379982,21.661,-0.054,0.0,0.0,0,0,1,,0.852,2026-03-16T12:01:54.174296,neutral,0.34,2026-03-16T12:01:54.174296,0.6669103873432782,2026-03-16T12:01:53.987000,76,,,
participant_18,1,day,Town10HD_Opt,2026-03-16 12:01:55.060381,15.261959075927734,69.98701477050781,0.0019650650210678,16.562,-0.305,0.0,0.0,0,0,1,,0.839,2026-03-16T12:01:55.060381,neutral,0.34,2026-03-16T12:01:54.174296,0.7151730845328306,2026-03-16T12:01:54.975000,76,,,
participant_18,1,day,Town10HD_Opt,2026-03-16 12:01:56.012931,17.854598999023438,69.97584533691406,0.0020122909918427,13.283,0.092,0.16,0.0,0,0,1,,0.881,2026-03-16T12:01:56.012931,neutral,0.34,2026-03-16T12:01:54.174296,0.6644984519155839,2026-03-16T12:01:55.966000,77,,,
participant_18,1,day,Town10HD_Opt,2026-03-16 12:01:57.193574,20.873437881469727,69.96881103515625,0.0019514465238898,12.316,-0.035,0.104,0.0,0,0,1,,0.849,2026-03-16T12:01:57.193574,sad,0.341,2026-03-16T12:01:57.193574,0.6131562716012311,2026-03-16T12:01:57.001000,75,,,
participant_18,1,day,Town10HD_Opt,2026-03-16 12:01:58.110243,22.91128158569336,69.96240997314453,0.0019673155620694,10.83,-0.101,0.093,0.0,0,0,1,,1.0,2026-03-16T12:01:58.110243,sad,0.341,2026-03-16T12:01:57.193574,0.6779120226353594,2026-03-16T12:01:58.037000,74,,,
participant_18,1,day,Town10HD_Opt,2026-03-16 12:01:59.005520,24.661067962646484,69.95476531982422,0.0019937513861805,8.752,-0.101,0.0,0.0,0,0,1,,0.813,2026-03-16T12:01:59.005520,sad,0.341,2026-03-16T12:01:57.193574,0.6743497434455938,2026-03-16T12:01:58.980000,73,,,
participant_18,1,day,Town10HD_Opt,2026-03-16 12:02:00.198793,26.03719711303711,69.94710540771484,0.0023140334524214,0.001,-0.101,0.0,0.183,0,0,1,,0.836,2026-03-16T12:02:00.198793,neutral,0.726,2026-03-16T12:02:00.198793,0.6580342067171856,2026-03-16T12:01:59.971000,72,,,
participant_18,1,day,Town10HD_Opt,2026-03-16 12:02:01.060210,26.038068771362305,69.94710540771484,0.0019316100515425,0.045,-0.101,0.56,0.0,0,0,1,,1.0,2026-03-16T12:02:01.060210,neutral,0.726,2026-03-16T12:02:00.198793,0.713974847933628,2026-03-16T12:02:01.005000,74,,,
participant_18,1,day,Town10HD_Opt,2026-03-16 12:02:02.247915,27.38161277770996,69.93930053710938,0.001550636254251,14.093,-0.223,0.638,0.0,0,0,1,,0.814,2026-03-16T12:02:02.247915,neutral,0.55,2026-03-16T12:02:02.247915,0.7743780636731509,2026-03-16T12:02:01.996000,73,,,errors=Stop sign violation
participant_18,1,day,Town10HD_Opt,2026-03-16 12:02:03.233401,30.29228973388672,69.83928680419922,0.0020481871906667,18.353,-8.077,0.415,0.0,0,0,1,,1.0,2026-03-16T12:02:03.233401,neutral,0.55,2026-03-16T12:02:02.247915,0.6560327779797063,2026-03-16T12:02:03.007000,73,,,
participant_18,1,day,Town10HD_Opt,2026-03-16 12:02:04.161215,33.54430389404297,69.23368835449219,0.001988410949707,20.109,-12.728,0.48,0.0,0,0,1,,0.867,2026-03-16T12:02:04.161215,neutral,0.55,2026-03-16T12:02:02.247915,0.7501489467609084,2026-03-16T12:02:03.977000,72,,,
participant_18,1,day,Town10HD_Opt,2026-03-16 12:02:05.107068,36.94380187988281,67.69937133789062,0.0019613264594227,23.167,-15.036,0.48,0.0,0,0,1,,0.837,2026-03-16T12:02:05.107068,neutral,0.488,2026-03-16T12:02:05.107068,0.7691419726251003,2026-03-16T12:02:04.967000,71,,,
participant_18,1,day,Town10HD_Opt,2026-03-16 12:02:06.025183,40.18315887451172,64.95037078857422,0.0017721175681799,25.824,-12.585,0.46,0.0,0,0,1,,1.0,2026-03-16T12:02:06.025183,neutral,0.488,2026-03-16T12:02:05.107068,0.7273995034016303,2026-03-16T12:02:06.003000,71,,,
participant_18,1,day,Town10HD_Opt,2026-03-16 12:02:07.213331,43.37635803222656,59.55651092529297,0.0019748306367546,28.555,-13.443,0.444,0.0,0,0,1,,1.0,2026-03-16T12:02:07.213331,neutral,0.41,2026-03-16T12:02:07.213331,0.7605146980577524,2026-03-16T12:02:06.994000,70,,,
participant_18,1,day,Town10HD_Opt,2026-03-16 12:02:08.172502,44.22669982910156,54.72989273071289,0.0021517944987863,26.637,-11.12,0.155,0.0,0,0,1,,1.0,2026-03-16T12:02:08.172502,neutral,0.41,2026-03-16T12:02:07.213331,0.848743001019722,2026-03-16T12:02:07.981000,70,,,
participant_18,1,day,Town10HD_Opt,2026-03-16 12:02:09.144149,44.18345260620117,50.51425552368164,0.0022434997372329,21.049,1.514,0.0,0.0,0,0,1,,0.908,2026-03-16T12:02:09.144149,neutral,0.41,2026-03-16T12:02:07.213331,0.8119929303907226,2026-03-16T12:02:08.970000,70,,,
participant_18,1,day,Town10HD_Opt,2026-03-16 12:02:10.044707,44.14070129394531,47.30716323852539,0.0019963455852121,15.683,-0.994,0.0,0.0,0,0,1,,1.0,2026-03-16T12:02:10.044707,neutral,0.484,2026-03-16T12:02:10.044707,0.7481740298767394,2026-03-16T12:02:10.006000,69,,,
participant_18,1,day,Town10HD_Opt,2026-03-16 12:02:11.199656,44.05243682861328,44.13917541503906,0.0020257185678929,11.188,-0.143,0.0,0.0,0,0,1,,1.0,2026-03-16T12:02:11.199656,neutral,0.484,2026-03-16T12:02:10.044707,0.8070827458638439,2026-03-16T12:02:10.998000,69,,,
participant_18,1,day,Town10HD_Opt,2026-03-16 12:02:12.081002,44.0045166015625,42.46736145019531,0.0020323942881077,7.651,-0.143,0.0,0.059,0,0,1,,1.0,2026-03-16T12:02:12.081002,neutral,0.473,2026-03-16T12:02:12.081002,0.9157187981993044,2026-03-16T12:02:11.986000,67,,,
participant_18,1,day,Town10HD_Opt,2026-03-16 12:02:13.263717,43.97130584716797,41.35254287719727,0.0021774291526526,0.001,-0.141,0.0,0.269,0,0,1,,0.809,2026-03-16T12:02:13.263717,neutral,0.473,2026-03-16T12:02:12.081002,0.9408596820970332,2026-03-16T12:02:12.977000,66,,,
participant_18,1,day,Town10HD_Opt,2026-03-16 12:02:14.144054,43.97089385986328,41.33316802978516,0.0018594360444694,1.835,1.941,0.893,0.0,0,0,1,,1.0,2026-03-16T12:02:14.144054,neutral,0.54,2026-03-16T12:02:14.144054,0.8463301537104151,2026-03-16T12:02:14.056000,68,,,
participant_18,1,day,Town10HD_Opt,2026-03-16 12:02:15.065888,44.02191925048828,39.943119049072266,0.0014810180291533,15.329,8.296,0.729,0.0,0,0,1,,0.905,2026-03-16T12:02:15.065888,neutral,0.54,2026-03-16T12:02:14.144054,0.8397884537568738,2026-03-16T12:02:15.002000,70,,,
participant_18,1,day,Town10HD_Opt,2026-03-16 12:02:16.023100,44.50044631958008,36.79645156860352,0.0019506072858348,20.097,12.369,0.548,0.0,0,0,1,,0.863,2026-03-16T12:02:16.023100,neutral,0.54,2026-03-16T12:02:14.144054,0.8573199471469112,2026-03-16T12:02:15.991000,71,,,
participant_18,1,day,Town10HD_Opt,2026-03-16 12:02:17.233274,46.823974609375,31.869150161743164,0.0018422699067741,28.254,18.189,0.657,0.0,0,0,1,,1.0,2026-03-16T12:02:17.233274,neutral,0.342,2026-03-16T12:02:17.233274,0.7940497845282041,2026-03-16T12:02:16.983000,71,,,
participant_18,1,day,Town10HD_Opt,2026-03-16 12:02:18.136732,50.92353057861328,28.510358810424805,0.002018546918407,31.516,17.931,0.225,0.0,0,0,1,,1.0,2026-03-16T12:02:18.136732,neutral,0.342,2026-03-16T12:02:17.233274,0.8607942075701424,2026-03-16T12:02:18.017000,69,,,
participant_18,1,day,Town10HD_Opt,2026-03-16 12:02:19.040590,55.92205810546875,27.214738845825195,0.002214279025793,27.627,15.773,0.175,0.0,0,0,1,,1.0,2026-03-16T12:02:19.040590,neutral,0.342,2026-03-16T12:02:17.233274,0.8376451723596068,2026-03-16T12:02:19.007000,69,,,
participant_18,1,day,Town10HD_Opt,2026-03-16 12:02:20.215653,61.72053146362305,27.677135467529297,0.0021694563329219,22.236,-3.229,0.161,0.0,0,0,1,,1.0,2026-03-16T12:02:20.215653,neutral,0.892,2026-03-16T12:02:20.215653,0.8933505027118005,2026-03-16T12:02:19.996000,70,,,
participant_18,1,day,Town10HD_Opt,2026-03-16 12:02:21.107433,65.57786560058594,27.938995361328125,0.0019079208141192,24.352,0.808,0.668,0.0,0,0,1,,0.831,2026-03-16T12:02:21.107433,neutral,0.892,2026-03-16T12:02:20.215653,0.8980379876010667,2026-03-16T12:02:20.986000,70,,,
participant_18,1,day,Town10HD_Opt,2026-03-16 12:02:22.283175,72.39361572265625,28.44859504699707,0.0017555236117914,36.183,-0.39,0.909,0.0,0,0,1,,1.0,2026-03-16T12:02:22.283175,neutral,0.455,2026-03-16T12:02:22.283175,0.8793324141426185,2026-03-16T12:02:21.976000,72,,,
participant_18,1,day,Town10HD_Opt,2026-03-16 12:02:23.263941,79.52322387695312,28.89144897460937,0.0016748427879065,46.953,-1.309,0.841,0.0,0,0,1,,1.0,2026-03-16T12:02:23.263941,neutral,0.455,2026-03-16T12:02:22.283175,0.9257635980702962,2026-03-16T12:02:23.012000,72,,,
participant_18,1,day,Town10HD_Opt,2026-03-16 12:02:24.162340,88.24676513671875,29.094560623168945,0.0021374893840402,49.001,-2.899,0.835,0.0,0,0,1,,1.0,2026-03-16T12:02:24.162340,neutral,0.455,2026-03-16T12:02:22.283175,0.8552348886530677,2026-03-16T12:02:24.001000,71,,,
participant_18,1,day,Town10HD_Opt,2026-03-16 12:02:25.050491,96.82649993896484,27.895891189575195,0.0021173858549445,48.732,-7.007,0.0,0.0,0,0,1,,0.858,2026-03-16T12:02:25.050491,fear,0.343,2026-03-16T12:02:25.050491,0.7727292600403692,2026-03-16T12:02:24.991000,72,,,
participant_18,1,day,Town10HD_Opt,2026-03-16 12:02:26.229627,105.21370697021484,22.927091598510746,0.0023365020751953,35.77,-11.231,0.179,0.0,0,0,1,,0.808,2026-03-16T12:02:26.229627,fear,0.343,2026-03-16T12:02:25.050491,0.9001105835883799,2026-03-16T12:02:25.981000,72,,,
participant_18,1,day,Town10HD_Opt,2026-03-16 12:02:27.111502,108.49565887451172,18.04351043701172,0.0020545576699078,34.094,-12.733,0.133,0.0,0,0,1,,0.842,2026-03-16T12:02:27.111502,neutral,0.318,2026-03-16T12:02:27.111502,0.7927547782835188,2026-03-16T12:02:27.106000,71,,,
participant_18,1,day,Town10HD_Opt,2026-03-16 12:02:28.027323,109.86380004882812,12.635994911193848,0.0023079300299286,28.22,-9.727,0.0,0.23,0,0,1,,1.0,2026-03-16T12:02:28.027323,neutral,0.318,2026-03-16T12:02:27.111502,0.8459340057633478,2026-03-16T12:02:28.051000,71,,,
participant_18,1,day,Town10HD_Opt,2026-03-16 12:02:29.227716,109.9425277709961,7.4638671875,0.0019905089866369,16.248,3.057,0.0,0.413,0,0,1,,1.0,2026-03-16T12:02:29.227716,fear,0.363,2026-03-16T12:02:29.227716,0.8518721906368839,2026-03-16T12:02:28.996000,71,,,errors=Harsh braking
participant_18,1,day,Town10HD_Opt,2026-03-16 12:02:30.107846,110.0032196044922,5.269168376922607,0.0022165297996252,7.543,2.113,0.0,1.0,0,0,1,,0.899,2026-03-16T12:02:30.107846,fear,0.363,2026-03-16T12:02:29.227716,0.8568270211164403,2026-03-16T12:02:29.986000,71,,,
participant_18,1,day,Town10HD_Opt,2026-03-16 12:02:31.041100,110.01433563232422,5.000065326690674,0.0020114898215979,0.0,1.887,0.0,1.0,0,0,1,,0.861,2026-03-16T12:02:31.041100,fear,0.363,2026-03-16T12:02:29.227716,0.8324559068584048,2026-03-16T12:02:31.021000,70,,,
participant_18,1,day,Town10HD_Opt,2026-03-16 12:02:32.148799,110.01434326171876,4.999961853027344,0.00192012777552,0.0,0.489,0.0,0.0,0,0,1,,0.904,2026-03-16T12:02:32.148799,angry,0.545,2026-03-16T12:02:32.148799,0.795452754121743,2026-03-16T12:02:32.056000,71,,,
participant_18,1,day,Town10HD_Opt,2026-03-16 12:02:33.267625,110.01569366455078,4.943522930145264,0.0017509460449218,3.469,-0.251,1.0,0.0,0,0,1,,1.0,2026-03-16T12:02:33.267625,angry,0.545,2026-03-16T12:02:32.148799,0.7483585023715293,2026-03-16T12:02:33.001000,71,,,
participant_18,1,day,Town10HD_Opt,2026-03-16 12:02:34.138391,110.0594711303711,3.122097969055176,0.0024003982543945,19.116,-0.362,1.0,0.0,0,0,1,,0.818,2026-03-16T12:02:34.138391,angry,0.545,2026-03-16T12:02:32.148799,0.7931244003828071,2026-03-16T12:02:33.992000,71,,,
participant_18,1,day,Town10HD_Opt,2026-03-16 12:02:35.011331,110.1278305053711,-1.2662211656570437,0.0015151214320212,33.77,-0.482,0.875,0.0,0,0,1,,1.0,2026-03-16T12:02:35.011331,neutral,0.307,2026-03-16T12:02:35.011331,0.7633874242736423,2026-03-16T12:02:34.981000,71,,,
participant_18,1,day,Town10HD_Opt,2026-03-16 12:02:36.216226,110.13331604003906,-10.102709770202637,0.0020519255194813,38.241,0.268,0.193,0.0,0,0,1,,1.0,2026-03-16T12:02:36.216226,neutral,0.307,2026-03-16T12:02:35.011331,0.8136103814978111,2026-03-16T12:02:36.016000,73,,,
participant_18,1,day,Town10HD_Opt,2026-03-16 12:02:37.096347,110.13468170166016,-16.382896423339844,0.0022279738914221,32.386,-1.577,0.126,0.0,0,0,1,,1.0,2026-03-16T12:02:37.096347,sad,0.325,2026-03-16T12:02:37.096347,0.7558630373383981,2026-03-16T12:02:37.006000,75,,,
participant_18,1,day,Town10HD_Opt,2026-03-16 12:02:38.234487,109.79691314697266,-23.35845947265625,0.0020851134322583,28.575,-1.796,0.434,0.0,0,0,1,,0.862,2026-03-16T12:02:38.234487,sad,0.325,2026-03-16T12:02:37.096347,0.7477391924711266,2026-03-16T12:02:37.996000,76,,,
participant_18,1,day,Town10HD_Opt,2026-03-16 12:02:39.106530,109.25462341308594,-28.449893951416016,0.0019866561051458,30.258,-3.118,0.458,0.0,0,0,1,,1.0,2026-03-16T12:02:39.106530,sad,0.513,2026-03-16T12:02:39.106530,0.8143506189412828,2026-03-16T12:02:38.986000,76,,,
participant_18,1,day,Town10HD_Opt,2026-03-16 12:02:40.224261,107.76499938964844,-35.59089660644531,0.001994667109102,32.406,-4.558,0.458,0.0,0,0,1,,0.911,2026-03-16T12:02:40.224261,sad,0.513,2026-03-16T12:02:39.106530,0.7630156159089665,2026-03-16T12:02:39.976000,77,,,
participant_18,1,day,Town10HD_Opt,2026-03-16 12:02:41.110467,105.76168823242188,-41.08160400390625,0.0019196700304746,35.507,-5.456,0.571,0.0,0,0,1,,0.902,2026-03-16T12:02:41.110467,sad,0.535,2026-03-16T12:02:41.110467,0.8743549742618077,2026-03-16T12:02:41.011000,77,,,
participant_18,1,day,Town10HD_Opt,2026-03-16 12:02:42.231841,101.3019790649414,-48.63121032714844,0.0019536591134965,39.732,-4.518,0.512,0.0,0,0,1,,0.816,2026-03-16T12:02:42.231841,sad,0.535,2026-03-16T12:02:41.110467,0.8695499792290429,2026-03-16T12:02:42.002000,79,Solid line crossing,Solid line crossing,
participant_18,1,day,Town10HD_Opt,2026-03-16 12:02:43.144306,96.63736724853516,-53.95428085327149,0.0020040129311382,41.172,-4.405,0.487,0.0,0,0,1,,1.0,2026-03-16T12:02:43.144306,sad,0.4,2026-03-16T12:02:43.144306,0.8167214900341295,2026-03-16T12:02:42.994000,79,,,
participant_18,1,day,Town10HD_Opt,2026-03-16 12:02:44.012477,91.06876373291016,-58.62269973754883,0.0020185851026326,42.013,-4.417,0.487,0.0,0,0,1,,1.0,2026-03-16T12:02:44.012477,sad,0.4,2026-03-16T12:02:43.144306,0.8270290752204137,2026-03-16T12:02:43.981000,80,,,
participant_18,1,day,Town10HD_Opt,2026-03-16 12:02:45.121378,82.45856475830078,-63.47882080078125,0.0020243453327566,42.925,-4.667,0.486,0.0,0,0,1,,0.86,2026-03-16T12:02:45.121378,sad,0.4,2026-03-16T12:02:43.144306,0.7948819803590499,2026-03-16T12:02:45.016000,81,,,
participant_18,1,day,Town10HD_Opt,2026-03-16 12:02:46.276755,72.80644226074219,-66.37066650390625,0.0020286941435188,43.659,-4.641,0.487,0.0,0,0,1,,1.0,2026-03-16T12:02:46.276755,sad,0.433,2026-03-16T12:02:46.276755,0.8023349768646489,2026-03-16T12:02:46.006000,82,,,
participant_18,1,day,Town10HD_Opt,2026-03-16 12:02:47.194420,65.18492889404297,-67.19127655029297,0.0020428465213626,43.867,-0.909,0.414,0.0,0,0,1,,1.0,2026-03-16T12:02:47.194420,sad,0.433,2026-03-16T12:02:46.276755,0.8654339513595685,2026-03-16T12:02:46.996000,81,,,
participant_18,1,day,Town10HD_Opt,2026-03-16 12:02:48.139312,57.66903305053711,-67.56000518798828,0.0021140670869499,41.748,-0.837,0.331,0.0,0,0,1,,0.866,2026-03-16T12:02:48.139312,sad,0.433,2026-03-16T12:02:46.276755,0.8402791906761864,2026-03-16T12:02:47.986000,78,,,
participant_18,1,day,Town10HD_Opt,2026-03-16 12:02:49.100427,50.57665252685547,-67.73455047607422,0.0021218489855527,39.089,-0.04,0.352,0.0,0,0,1,,1.0,2026-03-16T12:02:49.100427,sad,0.377,2026-03-16T12:02:49.100427,0.8448964019652183,2026-03-16T12:02:49.021000,77,,,
participant_18,1,day,Town10HD_Opt,2026-03-16 12:02:50.085182,43.87882232666016,-67.85535430908203,0.0021085357293486,37.179,-0.139,0.342,0.0,0,0,1,,0.965,2026-03-16T12:02:50.085182,sad,0.377,2026-03-16T12:02:49.100427,0.8482921540584237,2026-03-16T12:02:50.011000,75,,,
participant_18,1,day,Town10HD_Opt,2026-03-16 12:02:51.255640,35.48488998413086,-67.93661499023438,0.0021044157911092,34.618,-0.345,0.332,0.0,0,0,1,,0.804,2026-03-16T12:02:51.255640,fear,0.291,2026-03-16T12:02:51.255640,0.7908163297742377,2026-03-16T12:02:51.002000,74,,,
participant_18,1,day,Town10HD_Opt,2026-03-16 12:02:52.132522,29.56247329711914,-67.92338562011719,0.0020965193398296,32.944,-0.197,0.331,0.0,0,0,1,,0.864,2026-03-16T12:02:52.132522,fear,0.291,2026-03-16T12:02:51.255640,0.8136414217630239,2026-03-16T12:02:51.991000,75,,,
participant_18,1,day,Town10HD_Opt,2026-03-16 12:02:53.040082,23.914995193481445,-67.88124084472656,0.0020896529313176,31.493,0.078,0.331,0.0,0,0,1,,0.888,2026-03-16T12:02:53.040082,fear,0.291,2026-03-16T12:02:51.255640,0.8473435319300757,2026-03-16T12:02:52.981000,74,,,
participant_18,1,day,Town10HD_Opt,2026-03-16 12:02:54.224442,16.750341415405273,-67.83755493164062,0.0020816803444176,29.851,0.078,0.33,0.0,0,0,1,,0.858,2026-03-16T12:02:54.224442,neutral,0.303,2026-03-16T12:02:54.224442,0.8240229449636074,2026-03-16T12:02:54.017000,74,,,
participant_18,1,day,Town10HD_Opt,2026-03-16 12:02:55.162295,11.611106872558594,-67.81903839111328,0.0020767210517078,28.806,0.092,0.331,0.0,0,0,1,,1.0,2026-03-16T12:02:55.162295,neutral,0.303,2026-03-16T12:02:54.224442,0.8967324506753257,2026-03-16T12:02:55.007000,74,,,
participant_18,1,day,Town10HD_Opt,2026-03-16 12:02:56.106188,6.64072322845459,-67.81269836425781,0.001970520010218,27.929,0.143,0.33,0.0,0,0,1,,0.887,2026-03-16T12:02:56.106188,neutral,0.303,2026-03-16T12:02:54.224442,0.8265085660979644,2026-03-16T12:02:55.996000,70,,,
participant_18,1,day,Town10HD_Opt,2026-03-16 12:02:57.001276,1.8145334720611568,-67.82235717773438,0.0020672606769949,27.137,0.263,0.331,0.0,0,0,1,,0.906,2026-03-16T12:02:57.001276,neutral,0.334,2026-03-16T12:02:57.001276,0.7587320282635104,2026-03-16T12:02:56.987000,69,,,
participant_18,1,day,Town10HD_Opt,2026-03-16 12:02:58.157344,-4.415162563323975,-67.87483978271484,0.0020648192148655,26.226,0.181,0.339,0.0,0,0,1,,0.919,2026-03-16T12:02:58.157344,neutral,0.334,2026-03-16T12:02:57.001276,0.790122248385998,2026-03-16T12:02:57.977000,70,,,
participant_18,1,day,Town10HD_Opt,2026-03-16 12:02:59.000499,-9.03122329711914,-67.93702697753906,0.0020112609490752,26.86,0.07,0.42,0.0,0,0,1,,1.0,2026-03-16T12:02:59.000499,neutral,0.334,2026-03-16T12:02:57.001276,0.851916898526884,2026-03-16T12:02:59.011000,70,,,
participant_18,1,day,Town10HD_Opt,2026-03-16 12:03:00.085312,-15.493657112121582,-68.03438568115234,0.0020050047896802,28.544,-0.035,0.419,0.0,0,0,1,,0.806,2026-03-16T12:03:00.085312,sad,0.424,2026-03-16T12:03:00.085312,0.8858016633803685,2026-03-16T12:03:00.001000,69,,,
participant_18,1,day,Town10HD_Opt,2026-03-16 12:03:01.195188,-22.30101776123047,-68.12968444824219,0.0020123289432376,29.808,-0.035,0.417,0.0,0,0,1,,1.0,2026-03-16T12:03:01.195188,sad,0.424,2026-03-16T12:03:00.085312,0.835383541905257,2026-03-16T12:03:00.991000,68,,,
participant_18,1,day,Town10HD_Opt,2026-03-16 12:03:02.037497,-27.602821350097656,-68.19078063964844,0.0019974135793745,31.174,-0.122,0.471,0.0,0,0,1,,0.826,2026-03-16T12:03:02.037497,sad,0.424,2026-03-16T12:03:00.085312,0.8544214105356438,2026-03-16T12:03:02.026000,68,,,
participant_18,1,day,Town10HD_Opt,2026-03-16 12:03:03.161041,-35.11027145385742,-68.24697875976562,0.0019907378591597,33.419,-0.12,0.46,0.0,0,0,1,,1.0,2026-03-16T12:03:03.161041,sad,0.365,2026-03-16T12:03:03.161041,0.8737928133805749,2026-03-16T12:03:03.018000,67,,,
participant_18,1,day,Town10HD_Opt,2026-03-16 12:03:04.080603,-41.0532455444336,-68.26771545410156,0.0019997023046016,34.678,-0.094,0.46,0.0,0,0,1,,0.82,2026-03-16T12:03:04.080603,sad,0.365,2026-03-16T12:03:03.161041,0.8528751441555976,2026-03-16T12:03:04.007000,67,,,
participant_18,1,day,Town10HD_Opt,2026-03-16 12:03:05.184646,-49.31280517578125,-68.27526092529297,0.0020077896770089,36.175,-0.031,0.458,0.0,0,0,1,,0.98,2026-03-16T12:03:05.184646,sad,0.342,2026-03-16T12:03:05.184646,0.7775313924487073,2026-03-16T12:03:04.997000,66,,,
participant_18,1,day,Town10HD_Opt,2026-03-16 12:03:06.097128,-55.71939849853516,-68.27642059326172,0.0020124434959143,37.112,0.026,0.459,0.0,0,0,1,,0.898,2026-03-16T12:03:06.097128,sad,0.342,2026-03-16T12:03:05.184646,0.860774402830984,2026-03-16T12:03:05.989000,67,,,
participant_18,1,day,Town10HD_Opt,2026-03-16 12:03:07.014158,-62.27984619140625,-68.28229522705078,0.0020164870657026,37.882,0.005,0.459,0.0,0,0,1,,1.0,2026-03-16T12:03:07.014158,sad,0.342,2026-03-16T12:03:05.184646,0.881215903111162,2026-03-16T12:03:06.976000,67,,,
participant_18,1,day,Town10HD_Opt,2026-03-16 12:03:08.179310,-71.20893859863281,-67.95734405517578,0.0020270920358598,38.694,-2.84,0.453,0.0,0,0,1,,0.874,2026-03-16T12:03:08.179310,sad,0.432,2026-03-16T12:03:08.179310,0.7323378188498557,2026-03-16T12:03:08.011000,66,,,
participant_18,1,day,Town10HD_Opt,2026-03-16 12:03:09.009400,-77.93870544433594,-66.95112609863281,0.0020301437471061,39.106,-3.62,0.453,0.0,0,0,1,,1.0,2026-03-16T12:03:09.009400,sad,0.432,2026-03-16T12:03:08.179310,0.7603931966086406,2026-03-16T12:03:09.001000,65,,,
participant_18,1,day,Town10HD_Opt,2026-03-16 12:03:10.119455,-86.68587493896484,-64.24234771728516,0.0020370101556181,39.529,-4.943,0.453,0.0,0,0,1,,1.0,2026-03-16T12:03:10.119455,sad,0.432,2026-03-16T12:03:08.179310,0.6729169138606166,2026-03-16T12:03:09.991000,66,,,
participant_18,1,day,Town10HD_Opt,2026-03-16 12:03:11.027170,-92.78683471679688,-60.95768737792969,0.0020392988808453,39.771,-5.465,0.453,0.0,0,0,1,,0.854,2026-03-16T12:03:11.027170,angry,0.467,2026-03-16T12:03:11.027170,0.6871665878883356,2026-03-16T12:03:10.981000,67,,,
participant_18,1,day,Town10HD_Opt,2026-03-16 12:03:12.127081,-99.86382293701172,-54.94900894165039,0.0020414732862263,40.025,-5.451,0.453,0.0,0,0,1,,1.0,2026-03-16T12:03:12.127081,angry,0.467,2026-03-16T12:03:11.027170,0.7577811262137197,2026-03-16T12:03:12.062000,66,,,
participant_18,1,day,Town10HD_Opt,2026-03-16 12:03:13.259979,-105.32611846923828,-47.36927032470703,0.002041091909632,40.258,-4.919,0.453,0.0,0,0,1,,1.0,2026-03-16T12:03:13.259979,angry,0.42,2026-03-16T12:03:13.259979,0.8017784453685446,2026-03-16T12:03:13.007000,65,,,
participant_18,1,day,Town10HD_Opt,2026-03-16 12:03:14.143738,-108.23453521728516,-40.95006561279297,0.002041587838903,40.404,-4.785,0.453,0.0,0,0,1,,1.0,2026-03-16T12:03:14.143738,angry,0.42,2026-03-16T12:03:13.259979,0.650082890101417,2026-03-16T12:03:13.997000,65,,,
participant_18,1,day,Town10HD_Opt,2026-03-16 12:03:15.017572,-110.04188537597656,-34.14780807495117,0.002117957919836,39.024,-4.827,0.207,0.0,0,0,1,,1.0,2026-03-16T12:03:15.017572,angry,0.42,2026-03-16T12:03:13.259979,0.6341208983523394,2026-03-16T12:03:14.987000,64,,,
participant_18,1,day,Town10HD_Opt,2026-03-16 12:03:16.235838,-110.7402801513672,-25.79398536682129,0.002195663517341,32.626,-2.734,0.201,0.0,0,0,1,,0.871,2026-03-16T12:03:16.235838,neutral,0.328,2026-03-16T12:03:16.235838,0.7241109381933697,2026-03-16T12:03:15.977000,64,,,
participant_18,1,day,Town10HD_Opt,2026-03-16 12:03:17.130345,-110.59432220458984,-20.478376388549805,0.0022512055002152,26.924,-0.162,0.0,0.017,0,0,1,,1.0,2026-03-16T12:03:17.130345,neutral,0.328,2026-03-16T12:03:16.235838,0.6570050595944429,2026-03-16T12:03:17.102000,62,,,
participant_18,1,day,Town10HD_Opt,2026-03-16 12:03:18.003338,-110.44873046875,-16.41853141784668,0.0023122024722397,18.668,1.49,0.0,0.374,0,0,1,,0.843,2026-03-16T12:03:18.003338,neutral,0.328,2026-03-16T12:03:16.235838,0.6204852039177257,2026-03-16T12:03:18.047000,64,,,
participant_18,1,day,Town10HD_Opt,2026-03-16 12:03:19.174040,-110.42841339111328,-13.042012214660645,0.0021057510748505,10.224,1.067,0.0,0.243,0,0,1,,1.0,2026-03-16T12:03:19.174040,fear,0.33,2026-03-16T12:03:19.174040,0.655869949962891,2026-03-16T12:03:18.991000,64,,,
participant_18,1,day,Town10HD_Opt,2026-03-16 12:03:20.096074,-110.4404754638672,-11.544838905334473,0.0020073316991329,7.231,0.78,0.038,0.0,0,0,1,,0.806,2026-03-16T12:03:20.096074,fear,0.33,2026-03-16T12:03:19.174040,0.6791700281343384,2026-03-16T12:03:19.981000,65,,,
participant_18,1,day,Town10HD_Opt,2026-03-16 12:03:21.224601,-110.4510726928711,-10.082111358642578,0.001967926044017,5.14,-0.226,0.0,0.0,0,0,1,,1.0,2026-03-16T12:03:21.224601,sad,0.301,2026-03-16T12:03:21.224601,0.6300654409425671,2026-03-16T12:03:20.971000,67,,,
participant_18,1,day,Town10HD_Opt,2026-03-16 12:03:22.139931,-110.45404052734376,-9.27015781402588,0.0019573592580854,4.004,-0.209,0.0,0.0,0,0,1,,0.822,2026-03-16T12:03:22.139931,sad,0.301,2026-03-16T12:03:21.224601,0.6426486244640508,2026-03-16T12:03:22.007000,70,,,
participant_18,1,day,Town10HD_Opt,2026-03-16 12:03:23.015564,-110.45589447021484,-8.646888732910156,0.0019484710646793,3.074,-0.195,0.0,0.0,0,0,1,,0.873,2026-03-16T12:03:23.015564,sad,0.301,2026-03-16T12:03:21.224601,0.7141434354984824,2026-03-16T12:03:22.997000,70,,,
participant_18,1,day,Town10HD_Opt,2026-03-16 12:03:24.178119,-110.4572525024414,-8.035131454467773,0.0019397735595703,2.161,-0.186,0.0,0.0,0,0,1,,0.81,2026-03-16T12:03:24.178119,neutral,0.391,2026-03-16T12:03:24.178119,0.7262183345926086,2026-03-16T12:03:23.986000,70,,,
participant_18,1,day,Town10HD_Opt,2026-03-16 12:03:25.066910,-110.45807647705078,-7.698914527893066,0.0019348907517269,1.659,-0.186,0.0,0.0,0,0,1,,1.0,2026-03-16T12:03:25.066910,neutral,0.391,2026-03-16T12:03:24.178119,0.7226000936266814,2026-03-16T12:03:24.977000,69,,,
participant_18,1,day,Town10HD_Opt,2026-03-16 12:03:26.226412,-110.45829010009766,-7.368945121765137,0.0019301986321806,1.166,-0.186,0.0,0.0,0,0,1,,0.826,2026-03-16T12:03:26.226412,neutral,0.441,2026-03-16T12:03:26.226412,0.6920812174460645,2026-03-16T12:03:26.012000,68,,,
participant_18,1,day,Town10HD_Opt,2026-03-16 12:03:27.089452,-110.45835876464844,-7.187620639801025,0.0019275664817541,0.896,-0.186,0.0,0.0,0,0,1,,0.899,2026-03-16T12:03:27.089452,neutral,0.441,2026-03-16T12:03:26.226412,0.7909595993228983,2026-03-16T12:03:27.002000,66,,,
participant_18,1,day,Town10HD_Opt,2026-03-16 12:03:28.273647,-110.45841217041016,-7.0095696449279785,0.0019249725155532,0.632,-0.186,0.0,0.0,0,0,1,,1.0,2026-03-16T12:03:28.273647,neutral,0.735,2026-03-16T12:03:28.273647,0.7456683872431749,2026-03-16T12:03:27.991000,64,,,
participant_18,1,day,Town10HD_Opt,2026-03-16 12:03:29.142922,-110.45845794677734,-6.9116387367248535,0.0019236755324527,0.486,-0.186,0.0,0.0,0,0,1,,0.89,2026-03-16T12:03:29.142922,neutral,0.735,2026-03-16T12:03:28.273647,0.6888589583391812,2026-03-16T12:03:28.980000,64,,,
participant_18,1,day,Town10HD_Opt,2026-03-16 12:03:30.032324,-110.45848083496094,-6.836430549621582,0.0019225692376494,0.374,-0.186,0.0,0.0,0,0,1,,1.0,2026-03-16T12:03:30.032324,neutral,0.735,2026-03-16T12:03:28.273647,0.6673108212920266,2026-03-16T12:03:30.016000,67,,,
participant_18,1,day,Town10HD_Opt,2026-03-16 12:03:31.179043,-110.45850372314452,-6.762569427490234,0.0019215011270716,0.264,-0.186,0.0,0.0,0,0,1,,0.849,2026-03-16T12:03:31.179043,sad,0.339,2026-03-16T12:03:31.179043,0.6849954240360988,2026-03-16T12:03:31.006000,67,,,
participant_18,1,day,Town10HD_Opt,2026-03-16 12:03:32.081997,-110.45852661132812,-6.721949100494385,0.0019208525773137,0.204,-0.186,0.0,0.0,0,0,1,,0.816,2026-03-16T12:03:32.081997,sad,0.339,2026-03-16T12:03:31.179043,0.6780233564359941,2026-03-16T12:03:31.996000,67,,,
participant_18,1,day,Town10HD_Opt,2026-03-16 12:03:33.025151,-110.45853424072266,-6.690756797790527,0.0019204712007194,0.157,-0.186,0.0,0.0,0,0,1,,0.839,2026-03-16T12:03:33.025151,sad,0.339,2026-03-16T12:03:31.179043,0.6990341982644319,2026-03-16T12:03:32.986000,68,,,
participant_18,1,day,Town10HD_Opt,2026-03-16 12:03:34.030119,-110.4585418701172,-6.666802406311035,0.0019200897077098,0.12,-0.186,0.0,0.0,0,0,1,,0.861,2026-03-16T12:03:34.030119,neutral,0.53,2026-03-16T12:03:34.030119,0.6588300428152586,2026-03-16T12:03:33.976000,67,,,
participant_18,1,day,Town10HD_Opt,2026-03-16 12:03:35.215005,-110.45854949951172,-6.643274784088135,0.0019197463989257,0.086,-0.186,0.0,0.0,0,0,1,,0.916,2026-03-16T12:03:35.215005,neutral,0.53,2026-03-16T12:03:34.030119,0.6308999858815798,2026-03-16T12:03:35.011000,67,,,
participant_18,1,day,Town10HD_Opt,2026-03-16 12:03:36.084018,-110.45854949951172,-6.631314754486084,0.0019188307924196,0.223,-0.157,0.942,0.0,0,0,1,,0.844,2026-03-16T12:03:36.084018,sad,0.42,2026-03-16T12:03:36.084018,0.6209326407476936,2026-03-16T12:03:36.002000,66,,,
participant_18,1,day,Town10HD_Opt,2026-03-16 12:03:37.280702,-110.45880889892578,-4.623069286346436,0.0014752197312191,18.425,-0.157,0.808,0.0,0,0,1,,0.905,2026-03-16T12:03:37.280702,sad,0.42,2026-03-16T12:03:36.084018,0.6070994698784535,2026-03-16T12:03:36.992000,65,,,
participant_18,1,day,Town10HD_Opt,2026-03-16 12:03:38.153968,-110.45148468017578,-0.8054273724555969,0.0017889022128656,25.995,-0.322,0.591,0.0,0,0,1,,1.0,2026-03-16T12:03:38.153968,neutral,0.446,2026-03-16T12:03:38.153968,0.5134172894362807,2026-03-16T12:03:37.982000,66,,,
participant_18,1,day,Town10HD_Opt,2026-03-16 12:03:39.066673,-110.2597427368164,4.131572723388672,0.0019093704177066,30.478,-5.271,0.518,0.0,0,0,1,,0.856,2026-03-16T12:03:39.066673,neutral,0.446,2026-03-16T12:03:38.153968,0.592574401156607,2026-03-16T12:03:38.972000,67,,,
participant_18,1,day,Town10HD_Opt,2026-03-16 12:03:40.212241,-108.811279296875,11.484952926635742,0.001940498361364,33.938,-5.791,0.489,0.0,0,0,1,,0.806,2026-03-16T12:03:40.212241,neutral,0.409,2026-03-16T12:03:40.212241,0.5973574746464794,2026-03-16T12:03:40.007000,68,,,
participant_18,1,day,Town10HD_Opt,2026-03-16 12:03:41.125555,-106.4619598388672,17.05898666381836,0.0020177077967673,35.199,-9.487,0.438,0.0,0,0,1,,1.0,2026-03-16T12:03:41.125555,neutral,0.409,2026-03-16T12:03:40.212241,0.5297357975647896,2026-03-16T12:03:40.996000,69,,,
participant_18,1,day,Town10HD_Opt,2026-03-16 12:03:42.099748,-102.63436889648438,21.835596084594727,0.0021011352073401,34.947,-12.92,0.404,0.0,0,0,1,,1.0,2026-03-16T12:03:42.099748,neutral,0.409,2026-03-16T12:03:40.212241,0.5940919072487716,2026-03-16T12:03:41.987000,67,,,
participant_18,1,day,Town10HD_Opt,2026-03-16 12:03:43.022430,-97.45309448242188,24.86319923400879,0.002126274164766,33.49,-12.716,0.21,0.0,0,0,1,,0.807,2026-03-16T12:03:43.022430,neutral,0.333,2026-03-16T12:03:43.022430,0.5733059823486457,2026-03-16T12:03:42.977000,68,,,
participant_18,1,day,Town10HD_Opt,2026-03-16 12:03:44.301689,-90.70352935791016,25.996097564697266,0.002276801969856,24.422,1.431,0.0,0.0,0,0,1,,1.0,2026-03-16T12:03:44.301689,neutral,0.333,2026-03-16T12:03:43.022430,0.5764240361917001,2026-03-16T12:03:44.056000,69,,,
participant_18,1,day,Town10HD_Opt,2026-03-16 12:03:45.264659,-86.96878051757812,26.43813705444336,0.0022358703427016,18.38,0.846,0.248,0.0,0,0,1,,1.0,2026-03-16T12:03:45.264659,neutral,0.672,2026-03-16T12:03:45.264659,0.4800271801933947,2026-03-16T12:03:45.001000,70,,,
participant_18,1,day,Town10HD_Opt,2026-03-16 12:03:46.215521,-83.8263931274414,26.84475326538086,0.0020080946851521,18.597,-0.825,0.952,0.0,0,0,1,,0.855,2026-03-16T12:03:46.215521,neutral,0.672,2026-03-16T12:03:45.264659,0.5393054488230309,2026-03-16T12:03:45.992000,68,,,
participant_18,1,day,Town10HD_Opt,2026-03-16 12:03:47.132647,-79.71675109863281,27.28092193603516,0.0015986632788553,31.252,-1.081,0.89,0.0,0,0,1,,0.88,2026-03-16T12:03:47.132647,neutral,0.672,2026-03-16T12:03:45.264659,0.51691384827726,2026-03-16T12:03:46.981000,69,,,
participant_18,1,day,Town10HD_Opt,2026-03-16 12:03:48.046423,-73.24005889892578,27.78533935546875,0.0016613387269899,43.413,-1.514,0.816,0.0,0,0,1,,0.867,2026-03-16T12:03:48.046423,neutral,0.808,2026-03-16T12:03:48.046423,0.5049860224745106,2026-03-16T12:03:48.016000,69,,,
participant_18,1,day,Town10HD_Opt,2026-03-16 12:03:49.022404,-64.91938018798828,28.05478858947754,0.0017754745204001,51.471,-1.022,0.0,0.149,0,0,1,,1.0,2026-03-16T12:03:49.022404,neutral,0.808,2026-03-16T12:03:48.046423,0.5823105118131053,2026-03-16T12:03:49.006000,67,,,
participant_18,1,day,Town10HD_Opt,2026-03-16 12:03:50.295275,-53.22900390625,27.94638633728028,0.0020892333704978,49.295,-0.078,0.735,0.0,0,0,1,,0.869,2026-03-16T12:03:50.295275,neutral,0.568,2026-03-16T12:03:50.295275,0.5244677299405075,2026-03-16T12:03:49.996000,68,,,
participant_18,1,day,Town10HD_Opt,2026-03-16 12:03:51.217908,-44.50088882446289,27.788951873779297,0.0021259307395666,48.94,0.136,0.726,0.0,0,0,1,,0.862,2026-03-16T12:03:51.217908,neutral,0.568,2026-03-16T12:03:50.295275,0.5110208638093636,2026-03-16T12:03:50.987000,70,,,
participant_18,1,day,Town10HD_Opt,2026-03-16 12:03:52.145664,-35.77260971069336,27.68763542175293,0.0021248245611786,48.983,0.181,0.72,0.0,0,0,1,,0.845,2026-03-16T12:03:52.145664,neutral,0.568,2026-03-16T12:03:50.295275,0.5600237665940957,2026-03-16T12:03:52.023000,70,,,
participant_18,1,day,Town10HD_Opt,2026-03-16 12:03:53.089338,-27.043663024902344,27.651655197143555,0.0021266173571348,48.871,0.197,0.382,0.0,0,0,1,,0.889,2026-03-16T12:03:53.089338,sad,0.378,2026-03-16T12:03:53.089338,0.5531100519080191,2026-03-16T12:03:53.012000,73,,,
participant_18,1,day,Town10HD_Opt,2026-03-16 12:03:54.112301,-19.185800552368164,27.6820068359375,0.0023712920956313,39.268,0.223,0.0,0.0,0,0,1,,0.805,2026-03-16T12:03:54.112301,sad,0.378,2026-03-16T12:03:53.089338,0.5688993699354775,2026-03-16T12:03:54.002000,74,,,
participant_18,1,day,Town10HD_Opt,2026-03-16 12:03:55.017341,-12.968572616577148,27.75638771057129,0.0022209929302334,32.606,0.157,0.364,0.0,0,0,1,,0.903,2026-03-16T12:03:55.017341,sad,0.378,2026-03-16T12:03:53.089338,0.5304949741188038,2026-03-16T12:03:54.994000,74,,,
participant_18,1,day,Town10HD_Opt,2026-03-16 12:03:56.188886,-5.204359531402588,27.843135833740234,0.0018978881416842,36.065,-0.134,0.581,0.0,0,0,1,,0.889,2026-03-16T12:03:56.188886,neutral,0.485,2026-03-16T12:03:56.188886,0.545129453682064,2026-03-16T12:03:55.982000,74,,,
participant_18,1,day,Town10HD_Opt,2026-03-16 12:03:57.110141,1.3856618404388428,27.893537521362305,0.0019721984863281,38.738,0.026,0.316,0.0,0,0,1,,0.923,2026-03-16T12:03:57.110141,neutral,0.485,2026-03-16T12:03:56.188886,0.52029442987627,2026-03-16T12:03:57.017000,74,,,
participant_18,1,day,Town10HD_Opt,2026-03-16 12:03:58.039710,7.992532253265381,27.947696685791016,0.0021270369179546,36.268,-0.035,0.299,0.0,0,0,1,,0.886,2026-03-16T12:03:58.039710,neutral,0.485,2026-03-16T12:03:56.188886,0.5422650944130727,2026-03-16T12:03:58.007000,71,,,
participant_18,1,day,Town10HD_Opt,2026-03-16 12:03:59.218035,16.07713508605957,28.004350662231445,0.0021218108013272,32.891,0.007,0.287,0.0,0,0,1,,0.819,2026-03-16T12:03:59.218035,neutral,0.339,2026-03-16T12:03:59.218035,0.544061434274176,2026-03-16T12:03:58.997000,71,,,
participant_18,1,day,Town10HD_Opt,2026-03-16 12:04:00.084823,21.634456634521484,28.082408905029297,0.0021292876917868,30.321,2.45,0.261,0.0,0,0,1,,0.836,2026-03-16T12:04:00.084823,neutral,0.339,2026-03-16T12:03:59.218035,0.4942188982208939,2026-03-16T12:03:59.987000,72,,,
participant_18,1,day,Town10HD_Opt,2026-03-16 12:04:01.256545,28.30574417114257,28.70128631591797,0.002124710008502,27.008,5.787,0.261,0.0,0,0,1,,1.0,2026-03-16T12:04:01.256545,neutral,0.353,2026-03-16T12:04:01.256545,0.4494106936656801,2026-03-16T12:04:01.021000,73,,,
participant_18,1,day,Town10HD_Opt,2026-03-16 12:04:02.138215,32.69352340698242,29.87556838989257,0.0021169662941247,24.91,9.447,0.28,0.0,0,0,1,,1.0,2026-03-16T12:04:02.138215,neutral,0.353,2026-03-16T12:04:01.256545,0.5157575833073247,2026-03-16T12:04:02.011000,72,,,
participant_18,1,day,Town10HD_Opt,2026-03-16 12:04:03.041682,36.33297729492188,31.93704032897949,0.0021237945184111,23.159,18.319,0.291,0.0,0,0,1,,0.935,2026-03-16T12:04:03.041682,neutral,0.353,2026-03-16T12:04:01.256545,0.4268568844531761,2026-03-16T12:04:03.003000,68,,,
participant_18,1,day,Town10HD_Opt,2026-03-16 12:04:04.187354,39.38216400146485,36.09109115600586,0.0021098707802593,21.552,18.254,0.291,0.0,0,0,1,,0.896,2026-03-16T12:04:04.187354,neutral,0.539,2026-03-16T12:04:04.187354,0.4270446741929545,2026-03-16T12:04:03.992000,69,,,
participant_18,1,day,Town10HD_Opt,2026-03-16 12:04:05.042400,40.20774459838867,39.65742492675781,0.00209945673123,20.577,16.213,0.287,0.0,0,0,1,,1.0,2026-03-16T12:04:05.042400,neutral,0.539,2026-03-16T12:04:04.187354,0.475407462628179,2026-03-16T12:04:04.982000,69,,,
participant_18,1,day,Town10HD_Opt,2026-03-16 12:04:06.180211,40.357540130615234,44.33731842041016,0.0020787811372429,19.305,-1.391,0.099,0.0,0,0,1,,1.0,2026-03-16T12:04:06.180211,neutral,0.539,2026-03-16T12:04:04.187354,0.4488220204484041,2026-03-16T12:04:06.016000,69,,,
participant_18,1,day,Town10HD_Opt,2026-03-16 12:04:07.029263,40.47538375854492,47.44753646850586,0.001997947692871,15.702,0.837,0.0,0.079,0,0,1,,1.0,2026-03-16T12:04:07.029263,sad,0.384,2026-03-16T12:04:07.029263,0.4352918056494363,2026-03-16T12:04:07.097000,69,,,
participant_18,1,day,Town10HD_Opt,2026-03-16 12:04:08.143763,40.540184020996094,50.31686019897461,0.0020817182958126,8.664,0.757,0.0,0.27,0,0,1,,0.801,2026-03-16T12:04:08.143763,sad,0.384,2026-03-16T12:04:07.029263,0.4247826688942849,2026-03-16T12:04:08.087000,68,,,
participant_18,1,day,Town10HD_Opt,2026-03-16 12:04:09.006669,40.55631637573242,51.41119003295898,0.0023762511555105,0.0,0.757,0.0,0.264,0,0,1,,0.867,2026-03-16T12:04:09.006669,sad,0.384,2026-03-16T12:04:07.029263,0.50221896156661,2026-03-16T12:04:08.987000,67,,,
participant_18,1,day,Town10HD_Opt,2026-03-16 12:04:10.065601,40.55632019042969,51.41182327270508,0.0019266509916633,0.003,0.71,0.035,0.0,0,0,1,,0.815,2026-03-16T12:04:10.065601,neutral,0.887,2026-03-16T12:04:10.065601,0.4483342178894602,2026-03-16T12:04:10.022000,67,,,
participant_18,1,day,Town10HD_Opt,2026-03-16 12:04:11.152123,40.5576171875,51.501712799072266,0.0018956374842673,0.929,0.672,0.0,0.0,0,0,1,,1.0,2026-03-16T12:04:11.152123,neutral,0.887,2026-03-16T12:04:10.065601,0.4698417235606472,2026-03-16T12:04:11.012000,68,,,
participant_18,1,day,Town10HD_Opt,2026-03-16 12:04:12.207626,40.56021881103516,51.687347412109375,0.0019250105833634,0.66,0.672,0.0,0.0,0,0,1,,1.0,2026-03-16T12:04:12.207626,neutral,0.44,2026-03-16T12:04:12.207626,0.4559452955423058,2026-03-16T12:04:12.001000,68,,,
participant_18,1,day,Town10HD_Opt,2026-03-16 12:04:13.030811,40.56159210205078,51.78960418701172,0.0019237136002629,0.515,0.656,0.0,0.0,0,0,1,,0.816,2026-03-16T12:04:13.030811,neutral,0.44,2026-03-16T12:04:12.207626,0.4740037384678869,2026-03-16T12:04:12.992000,68,,,
participant_18,1,day,Town10HD_Opt,2026-03-16 12:04:14.134261,40.56293869018555,51.89002227783203,0.0019223403651267,0.358,0.618,0.0,0.0,0,0,1,,1.0,2026-03-16T12:04:14.134261,neutral,0.44,2026-03-16T12:04:12.207626,0.422853849932935,2026-03-16T12:04:13.982000,69,,,
participant_18,1,day,Town10HD_Opt,2026-03-16 12:04:15.000886,40.56367111206055,51.94523239135742,0.0019215393112972,0.276,0.616,0.0,0.0,0,0,1,,1.0,2026-03-16T12:04:15.000886,sad,0.355,2026-03-16T12:04:15.000886,0.4174061033041381,2026-03-16T12:04:15.017000,68,,,
participant_18,1,day,Town10HD_Opt,2026-03-16 12:04:16.115088,40.56567001342773,52.10756301879883,0.0017023849068209,4.416,0.59,0.889,0.0,0,0,1,,0.815,2026-03-16T12:04:16.115088,sad,0.355,2026-03-16T12:04:15.000886,0.4003820793553298,2026-03-16T12:04:16.007000,69,,,
participant_18,1,day,Town10HD_Opt,2026-03-16 12:04:17.258047,40.60926818847656,55.17617416381836,0.0018120956374332,21.184,-2.527,0.819,0.0,0,0,1,,1.0,2026-03-16T12:04:17.258047,neutral,0.413,2026-03-16T12:04:17.258047,0.467659338887105,2026-03-16T12:04:16.997000,71,,,errors=Stop sign violation
participant_18,1,day,Town10HD_Opt,2026-03-16 12:04:18.187316,41.14634323120117,59.6484489440918,0.001750640803948,30.809,-9.669,0.682,0.0,0,0,1,,0.874,2026-03-16T12:04:18.187316,neutral,0.413,2026-03-16T12:04:17.258047,0.3815865092068648,2026-03-16T12:04:17.986000,69,,,
participant_18,1,day,Town10HD_Opt,2026-03-16 12:04:19.171443,43.34169387817383,65.1100082397461,0.0018822478596121,36.71,-15.021,0.497,0.0,0,0,1,,1.0,2026-03-16T12:04:19.171443,neutral,0.413,2026-03-16T12:04:17.258047,0.3953085918799224,2026-03-16T12:04:19.022000,69,,,
participant_18,1,day,Town10HD_Opt,2026-03-16 12:04:20.001698,47.80244064331055,69.48783111572266,0.002253150800243,33.075,-16.193,0.0,0.0,0,0,1,,1.0,2026-03-16T12:04:20.001698,neutral,0.393,2026-03-16T12:04:20.001698,0.3597836877838439,2026-03-16T12:04:20.012000,69,,,
participant_18,1,day,Town10HD_Opt,2026-03-16 12:04:21.143050,54.07823181152344,71.2000732421875,0.0022700501140207,23.676,-15.071,0.134,0.0,0,0,1,,0.832,2026-03-16T12:04:21.143050,neutral,0.393,2026-03-16T12:04:20.001698,0.3343014896790438,2026-03-16T12:04:21.002000,70,,,
participant_18,1,day,Town10HD_Opt,2026-03-16 12:04:22.034553,58.02825164794922,70.77786254882812,0.0019875715952366,23.87,-3.792,0.648,0.0,0,0,1,,0.852,2026-03-16T12:04:22.034553,neutral,0.526,2026-03-16T12:04:22.034553,0.3884473368464882,2026-03-16T12:04:21.992000,70,,,
participant_18,1,day,Town10HD_Opt,2026-03-16 12:04:23.197103,64.25530242919922,69.98303985595703,0.0020246123895049,27.941,2.678,0.32,0.0,0,0,1,,0.922,2026-03-16T12:04:23.197103,neutral,0.526,2026-03-16T12:04:22.034553,0.3250697105699086,2026-03-16T12:04:22.983000,70,,,
participant_18,1,day,Town10HD_Opt,2026-03-16 12:04:24.248753,68.99275970458984,69.76792907714844,0.0021877288818359,24.664,1.862,0.0,0.0,0,0,1,,0.842,2026-03-16T12:04:24.248753,sad,0.333,2026-03-16T12:04:24.248753,0.3653833937518272,2026-03-16T12:04:24.020000,72,,,
participant_18,1,day,Town10HD_Opt,2026-03-16 12:04:25.084587,72.81292724609375,69.77220916748047,0.0022412489634007,18.459,2.398,0.0,0.0,0,0,1,,1.0,2026-03-16T12:04:25.084587,sad,0.333,2026-03-16T12:04:24.248753,0.3563939267223361,2026-03-16T12:04:25.016000,74,,,
participant_18,1,day,Town10HD_Opt,2026-03-16 12:04:26.257188,76.535888671875,69.95132446289062,0.0020405577961355,13.285,0.385,0.115,0.0,0,0,1,,0.896,2026-03-16T12:04:26.257188,neutral,0.467,2026-03-16T12:04:26.257188,0.3252719555586962,2026-03-16T12:04:25.997000,76,,,
participant_18,1,day,Town10HD_Opt,2026-03-16 12:04:27.107940,78.96827697753906,70.06875610351562,0.0016927337273955,17.88,-0.86,0.967,0.0,0,0,1,,0.92,2026-03-16T12:04:27.107940,neutral,0.467,2026-03-16T12:04:26.257188,0.3707101668043376,2026-03-16T12:04:26.991000,76,,,
participant_18,1,day,Town10HD_Opt,2026-03-16 12:04:28.232230,85.04759216308594,70.24722290039062,0.00155723572243,35.809,-0.717,0.597,0.0,0,0,1,,0.947,2026-03-16T12:04:28.232230,neutral,0.467,2026-03-16T12:04:26.257188,0.3025511378072777,2026-03-16T12:04:28.022000,77,,,
participant_18,1,day,Town10HD_Opt,2026-03-16 12:04:29.090079,91.2314453125,70.427490234375,0.0022616195492446,31.419,9.562,0.0,0.0,0,0,1,,0.874,2026-03-16T12:04:29.090079,sad,0.339,2026-03-16T12:04:29.090079,0.2999544581140191,2026-03-16T12:04:29.011000,77,,,
participant_18,1,day,Town10HD_Opt,2026-03-16 12:04:30.276755,97.15750122070312,72.630126953125,0.0020698928274214,27.351,24.824,0.767,0.0,0,0,1,,1.0,2026-03-16T12:04:30.276755,sad,0.339,2026-03-16T12:04:29.090079,0.3079564078591262,2026-03-16T12:04:30.001000,75,,,
participant_18,1,day,Town10HD_Opt,2026-03-16 12:04:31.079286,100.02491760253906,77.13182067871094,0.0018870925996452,34.691,24.378,0.508,0.0,0,0,1,,0.804,2026-03-16T12:04:31.079286,sad,0.339,2026-03-16T12:04:29.090079,0.3151108501371217,2026-03-16T12:04:30.993000,73,,,
participant_18,1,day,Town10HD_Opt,2026-03-16 12:04:32.215474,99.78199768066406,85.08818817138672,0.0021264266688376,32.964,-0.515,0.285,0.0,0,0,1,,0.898,2026-03-16T12:04:32.215474,happy,0.781,2026-03-16T12:04:32.215474,0.3013116728614732,2026-03-16T12:04:31.982000,70,,,
participant_18,1,day,Town10HD_Opt,2026-03-16 12:04:33.090014,99.04279327392578,90.61158752441406,0.0021199798211455,30.557,-0.552,0.285,0.0,0,0,1,,0.91,2026-03-16T12:04:33.090014,happy,0.781,2026-03-16T12:04:32.215474,0.3134900351719667,2026-03-16T12:04:33.017000,69,,,
participant_18,1,day,Town10HD_Opt,2026-03-16 12:04:34.191582,98.12542724609376,97.375732421875,0.0021070861257612,27.85,2.073,0.285,0.0,0,0,1,,1.0,2026-03-16T12:04:34.191582,happy,0.781,2026-03-16T12:04:32.215474,0.318587716367341,2026-03-16T12:04:34.007000,70,,,
participant_18,1,day,Town10HD_Opt,2026-03-16 12:04:35.061307,97.18779754638672,102.01354217529295,0.002100562909618,26.028,3.95,0.285,0.0,0,0,1,,1.0,2026-03-16T12:04:35.061307,sad,0.332,2026-03-16T12:04:35.061307,0.3156881982430322,2026-03-16T12:04:34.997000,72,,,
participant_18,1,day,Town10HD_Opt,2026-03-16 12:04:36.164959,95.42668914794922,107.61209869384766,0.0020903777331113,24.244,4.367,0.361,0.0,0,0,1,,1.0,2026-03-16T12:04:36.164959,sad,0.332,2026-03-16T12:04:35.061307,0.2950396266151632,2026-03-16T12:04:35.987000,72,,,
participant_18,1,day,Town10HD_Opt,2026-03-16 12:04:36.999193,93.67918395996094,111.53043365478516,0.0020029449369758,25.292,4.978,0.418,0.0,0,0,1,,1.0,2026-03-16T12:04:36.999193,sad,0.332,2026-03-16T12:04:35.061307,0.3932192864759195,2026-03-16T12:04:37.022000,72,,,
participant_18,1,day,Town10HD_Opt,2026-03-16 12:04:38.104657,90.50357818603516,116.72663116455078,0.0020056532230228,27.096,4.839,0.415,0.0,0,0,1,,1.0,2026-03-16T12:04:38.104657,neutral,0.355,2026-03-16T12:04:38.104657,0.2487562290618896,2026-03-16T12:04:38.013000,72,,,
participant_18,1,day,Town10HD_Opt,2026-03-16 12:04:39.075437,87.4533462524414,120.44813537597656,0.0020125959999859,28.044,5.919,0.415,0.0,0,0,1,,1.0,2026-03-16T12:04:39.075437,neutral,0.355,2026-03-16T12:04:38.104657,0.2667007270846878,2026-03-16T12:04:39.003000,71,,,
participant_18,1,day,Town10HD_Opt,2026-03-16 12:04:39.995492,83.73888397216797,123.83859252929688,0.0019786071497946,29.936,5.78,0.487,0.0,0,0,1,,1.0,2026-03-16T12:04:39.995492,neutral,0.355,2026-03-16T12:04:38.104657,0.28966883100058,2026-03-16T12:04:39.992000,69,,,
participant_18,1,day,Town10HD_Opt,2026-03-16 12:04:41.142205,77.54771423339844,127.69696044921876,0.0019828795921057,32.828,6.701,0.477,0.0,0,0,1,,1.0,2026-03-16T12:04:41.142205,fear,0.459,2026-03-16T12:04:41.142205,0.342836815731736,2026-03-16T12:04:41.072000,70,,,
participant_18,1,day,Town10HD_Opt,2026-03-16 12:04:42.007110,72.02699279785156,129.68679809570312,0.0019972228910773,34.387,6.464,0.47,0.0,0,0,1,,0.863,2026-03-16T12:04:42.007110,fear,0.459,2026-03-16T12:04:41.142205,0.3446578305006509,2026-03-16T12:04:42.017000,70,,,
participant_18,1,day,Town10HD_Opt,2026-03-16 12:04:43.258087,63.88567352294922,130.84286499023438,0.0020035170018672,36.238,1.643,0.466,0.0,0,0,1,,1.0,2026-03-16T12:04:43.258087,neutral,0.578,2026-03-16T12:04:43.258087,0.3221890365478163,2026-03-16T12:04:43.007000,70,,,
participant_18,1,day,Town10HD_Opt,2026-03-16 12:04:44.176398,57.46359252929688,131.1447296142578,0.0020087051670998,37.31,1.196,0.464,0.0,0,0,1,,0.81,2026-03-16T12:04:44.176398,neutral,0.578,2026-03-16T12:04:43.258087,0.3384718314865963,2026-03-16T12:04:43.997000,69,,,
participant_18,1,day,Town10HD_Opt,2026-03-16 12:04:45.071049,50.86189270019531,131.2379913330078,0.0020134735386818,38.22,0.775,0.464,0.0,0,0,1,,1.0,2026-03-16T12:04:45.071049,neutral,0.578,2026-03-16T12:04:43.258087,0.2288906980195137,2026-03-16T12:04:44.987000,68,,,
participant_18,1,day,Town10HD_Opt,2026-03-16 12:04:46.242139,41.83033752441406,131.09349060058594,0.0020183944143354,39.248,0.176,0.464,0.0,0,0,1,,0.899,2026-03-16T12:04:46.242139,neutral,0.698,2026-03-16T12:04:46.242139,0.3269054526797618,2026-03-16T12:04:46.022000,67,,,
participant_18,1,day,Town10HD_Opt,2026-03-16 12:04:47.133577,34.91176223754883,130.90286254882812,0.0020215606782585,39.898,-0.139,0.464,0.0,0,0,1,,0.844,2026-03-16T12:04:47.133577,neutral,0.698,2026-03-16T12:04:46.242139,0.4090679478248594,2026-03-16T12:04:47.012000,69,,,
participant_18,1,day,Town10HD_Opt,2026-03-16 12:04:47.996941,27.88624382019043,130.72952270507812,0.002024307148531,40.459,-0.164,0.464,0.0,0,0,1,,0.915,2026-03-16T12:04:47.996941,neutral,0.698,2026-03-16T12:04:46.242139,0.3527632711994274,2026-03-16T12:04:48.002000,67,,,
participant_18,1,day,Town10HD_Opt,2026-03-16 12:04:49.161801,18.377046585083008,130.55633544921875,0.0020276641007512,41.087,-0.143,0.464,0.0,0,0,1,,0.944,2026-03-16T12:04:49.161801,neutral,0.876,2026-03-16T12:04:49.161801,0.3065654894318416,2026-03-16T12:04:48.993000,68,,,
participant_18,1,day,Town10HD_Opt,2026-03-16 12:04:50.054367,11.155232429504396,130.46360778808594,0.0020297621376812,41.483,-0.028,0.464,0.0,0,0,1,,0.808,2026-03-16T12:04:50.054367,neutral,0.876,2026-03-16T12:04:49.161801,0.3427724352029399,2026-03-16T12:04:49.982000,67,,,
participant_18,1,day,Town10HD_Opt,2026-03-16 12:04:51.165560,1.4267611503601074,130.35450744628906,0.0020318604074418,41.927,-0.028,0.464,0.0,0,0,1,,0.839,2026-03-16T12:04:51.165560,neutral,0.646,2026-03-16T12:04:51.165560,0.393813949197918,2026-03-16T12:04:51.017000,68,,,
participant_18,1,day,Town10HD_Opt,2026-03-16 12:04:52.062598,-5.843771934509277,130.2804718017578,0.0022390745580196,38.188,0.068,0.0,0.565,0,0,1,,0.903,2026-03-16T12:04:52.062598,neutral,0.646,2026-03-16T12:04:51.165560,0.4047249389253731,2026-03-16T12:04:52.007000,68,,,
participant_18,1,day,Town10HD_Opt,2026-03-16 12:04:53.233630,-12.98870849609375,130.1972198486328,0.0024017714895308,22.555,0.068,0.0,0.6,0,0,1,,0.853,2026-03-16T12:04:53.233630,neutral,0.667,2026-03-16T12:04:53.233630,0.3454076344060041,2026-03-16T12:04:52.997000,69,,,
participant_18,1,day,Town10HD_Opt,2026-03-16 12:04:54.093449,-16.22048568725586,130.1530303955078,0.0020661163143813,14.87,0.068,0.0,0.033,0,0,1,,1.0,2026-03-16T12:04:54.093449,neutral,0.667,2026-03-16T12:04:53.233630,0.4220032270635679,2026-03-16T12:04:53.991000,71,,,
participant_18,1,day,Town10HD_Opt,2026-03-16 12:04:55.213364,-18.99644660949707,130.11114501953125,0.0020754241850227,8.479,0.068,0.0,0.122,0,0,1,,0.824,2026-03-16T12:04:55.213364,neutral,0.667,2026-03-16T12:04:53.233630,0.3269381628873719,2026-03-16T12:04:55.022000,72,,,
participant_18,1,day,Town10HD_Opt,2026-03-16 12:04:56.058930,-20.32481002807617,130.0900421142578,0.001983146648854,6.571,0.068,0.0,0.0,0,0,1,,1.0,2026-03-16T12:04:56.058930,neutral,0.549,2026-03-16T12:04:56.058930,0.4003330304383239,2026-03-16T12:04:56.012000,72,,,
participant_18,1,day,Town10HD_Opt,2026-03-16 12:04:57.191761,-21.26764678955078,130.0746612548828,0.0021142959594726,0.0,0.059,0.0,0.044,0,0,1,,0.813,2026-03-16T12:04:57.191761,neutral,0.549,2026-03-16T12:04:56.058930,0.3210707111442155,2026-03-16T12:04:57.139000,69,,,
participant_18,1,day,Town10HD_Opt,2026-03-16 12:04:58.046856,-21.26900863647461,130.07461547851562,0.0019145583501085,0.339,0.059,0.276,0.0,0,0,1,,0.83,2026-03-16T12:04:58.046856,neutral,0.549,2026-03-16T12:04:56.058930,0.415101261615437,2026-03-16T12:04:58.082000,68,,,
participant_18,2,day,Town10HD_Opt,2026-03-16 12:15:00.000000,-41.66858673095703,89.7454833984375,0.580491840839386,19.479,0.945,0.498,0.0,0,0,1,,1.0,2026-03-16T12:15:00,,,2026-03-16T12:15:00,0.6943165842616019,2026-03-16T12:15:00,65,,,
participant_18,2,day,Town10HD_Opt,2026-03-16 12:15:04.556365,-41.69210815429688,84.68925476074219,0.0019663241691887,19.859,1.434,0.498,0.0,0,0,1,,0.896,2026-03-16T12:15:04.556365,,,2026-03-16T12:15:04.556365,0.7420151116648209,,64,,,
participant_18,2,day,Town10HD_Opt,2026-03-16 12:15:05.213923,-41.62057876586914,82.25509643554688,0.0019235233776271,22.377,4.473,0.523,0.0,0,0,1,,0.931,2026-03-16T12:15:05.213923,,,2026-03-16T12:15:04.556365,0.7113763938363289,2026-03-16T12:15:04.996000,64,,,
participant_18,2,day,Town10HD_Opt,2026-03-16 12:15:06.272147,-41.00567626953125,78.08563232421875,0.0019285206217318,26.257,12.68,0.523,0.0,0,0,1,,0.839,2026-03-16T12:15:06.272147,,,2026-03-16T12:15:04.556365,0.8531894834413402,2026-03-16T12:15:06.031000,64,,,
participant_18,2,day,Town10HD_Opt,2026-03-16 12:15:06.988639,-39.84243774414063,75.14991760253906,0.0019607164431363,28.408,17.448,0.507,0.0,0,0,1,,0.875,2026-03-16T12:15:06.988639,happy,0.641,2026-03-16T12:15:06.988639,0.7629781545485063,2026-03-16T12:15:06.975000,64,,,
participant_18,2,day,Town10HD_Opt,2026-03-16 12:15:08.028204,-36.43779373168945,71.36238098144531,0.0020423887763172,30.178,21.066,0.229,0.0,0,0,1,,0.909,2026-03-16T12:15:08.028204,happy,0.641,2026-03-16T12:15:06.988639,0.8134804689124944,2026-03-16T12:15:07.965000,65,,,
participant_18,2,day,Town10HD_Opt,2026-03-16 12:15:09.023183,-31.97286796569824,69.71484375,0.0022974386811256,23.924,13.071,0.007,0.0,0,0,1,,0.886,2026-03-16T12:15:09.023183,neutral,0.754,2026-03-16T12:15:09.023183,0.8233387431181315,2026-03-16T12:15:09.001000,66,,,
participant_18,2,day,Town10HD_Opt,2026-03-16 12:15:10.029450,-28.131872177124023,69.48541259765625,0.0020796202588826,21.617,3.346,0.562,0.0,0,0,1,,1.0,2026-03-16T12:15:10.029450,neutral,0.754,2026-03-16T12:15:09.023183,0.8740746708514527,2026-03-16T12:15:09.991000,67,,,
participant_18,2,day,Town10HD_Opt,2026-03-16 12:15:11.001731,-24.020187377929688,69.49532318115234,0.0019007114460691,25.989,1.083,0.543,0.0,0,0,1,,0.841,2026-03-16T12:15:11.001731,neutral,0.754,2026-03-16T12:15:09.023183,0.8171894924427677,2026-03-16T12:15:10.980000,69,,,
participant_18,2,day,Town10HD_Opt,2026-03-16 12:15:12.236099,-17.374366760253906,69.6451187133789,0.0019244388677179,31.148,-0.026,0.521,0.0,0,0,1,,1.0,2026-03-16T12:15:12.236099,neutral,0.626,2026-03-16T12:15:12.236099,0.8210729397834144,2026-03-16T12:15:11.970000,72,,,
participant_18,2,day,Town10HD_Opt,2026-03-16 12:15:13.167121,-11.78439998626709,69.7906494140625,0.002047958318144,31.881,-0.2,0.318,0.0,0,0,1,,0.828,2026-03-16T12:15:13.167121,neutral,0.626,2026-03-16T12:15:12.236099,0.890474270088648,2026-03-16T12:15:13.005000,74,,,
participant_18,2,day,Town10HD_Opt,2026-03-16 12:15:14.173638,-6.358992099761963,69.90387725830078,0.0021210857667028,29.668,-0.045,0.214,0.0,0,0,1,,0.912,2026-03-16T12:15:14.173638,neutral,0.626,2026-03-16T12:15:12.236099,0.7284805112211368,2026-03-16T12:15:13.998000,75,,,
participant_18,2,day,Town10HD_Opt,2026-03-16 12:15:15.098656,-1.4475032091140747,69.996337890625,0.0021596902515739,26.009,-0.341,0.254,0.0,0,0,1,,0.897,2026-03-16T12:15:15.098656,neutral,0.685,2026-03-16T12:15:15.098656,0.8527698072629825,2026-03-16T12:15:14.986000,76,,,
participant_18,2,day,Town10HD_Opt,2026-03-16 12:15:16.072680,2.9395172595977783,70.04229736328125,0.0021123883780092,23.957,-0.515,0.264,0.0,0,0,1,,0.895,2026-03-16T12:15:16.072680,neutral,0.685,2026-03-16T12:15:15.098656,0.7997013300725208,2026-03-16T12:15:15.976000,77,,,
participant_18,2,day,Town10HD_Opt,2026-03-16 12:15:17.070297,6.995176792144775,70.04603576660156,0.0020938871894031,22.357,0.197,0.255,0.0,0,0,1,,1.0,2026-03-16T12:15:17.070297,neutral,0.685,2026-03-16T12:15:15.098656,0.7428548742550172,2026-03-16T12:15:16.966000,76,,,
participant_18,2,day,Town10HD_Opt,2026-03-16 12:15:18.031271,10.721563339233398,70.0591049194336,0.0021439739502966,19.567,0.228,0.0,0.0,0,0,1,,0.865,2026-03-16T12:15:18.031271,neutral,0.937,2026-03-16T12:15:18.031271,0.8332936870187901,2026-03-16T12:15:18,75,,,
participant_18,2,day,Town10HD_Opt,2026-03-16 12:15:19.032156,13.808796882629396,70.07781219482422,0.0019962687510997,15.738,0.068,0.067,0.0,0,0,1,,0.881,2026-03-16T12:15:19.032156,neutral,0.937,2026-03-16T12:15:18.031271,0.8444841110233592,2026-03-16T12:15:18.991000,75,,,
participant_18,2,day,Town10HD_Opt,2026-03-16 12:15:20.025333,16.344589233398438,70.09612274169922,0.0020029065199196,13.087,0.099,0.067,0.0,0,0,1,,0.892,2026-03-16T12:15:20.025333,neutral,0.937,2026-03-16T12:15:18.031271,0.8528031328779383,2026-03-16T12:15:19.981000,76,,,
participant_18,2,day,Town10HD_Opt,2026-03-16 12:15:21.003423,18.46075820922852,70.11309051513672,0.0019866176880896,10.966,0.042,0.066,0.0,0,0,1,,0.962,2026-03-16T12:15:21.003423,neutral,0.821,2026-03-16T12:15:21.003423,0.8579258758903935,2026-03-16T12:15:20.971000,76,,,
participant_18,2,day,Town10HD_Opt,2026-03-16 12:15:21.992582,20.23729133605957,70.12801361083984,0.0019747540354728,9.223,0.042,0.066,0.0,0,0,1,,0.936,2026-03-16T12:15:21.992582,neutral,0.821,2026-03-16T12:15:21.003423,0.8731013082577442,,72,,,
participant_18,2,day,Town10HD_Opt,2026-03-16 12:15:23.255783,22.194204330444336,70.14530944824219,0.0019496915629133,7.65,0.04,0.056,0.0,0,0,1,,0.893,2026-03-16T12:15:23.255783,neutral,0.919,2026-03-16T12:15:23.255783,0.8788732872512148,2026-03-16T12:15:22.995000,72,,,
participant_18,2,day,Town10HD_Opt,2026-03-16 12:15:24.242579,23.432716369628903,70.15670776367188,0.0019607541617006,6.373,0.04,0.059,0.0,0,0,1,,0.912,2026-03-16T12:15:24.242579,neutral,0.919,2026-03-16T12:15:23.255783,0.7769249787668662,2026-03-16T12:15:23.985000,72,,,
participant_18,2,day,Town10HD_Opt,2026-03-16 12:15:25.157509,24.456445693969727,70.16641235351562,0.0019548796117305,5.251,0.04,0.059,0.0,0,0,1,,0.954,2026-03-16T12:15:25.157509,neutral,0.919,2026-03-16T12:15:23.255783,0.7886981020382493,2026-03-16T12:15:24.977000,72,,,
participant_18,2,day,Town10HD_Opt,2026-03-16 12:15:26.088267,25.30670166015625,70.17494201660156,0.0059204897843301,4.578,0.04,0.0,0.0,0,0,1,,0.925,2026-03-16T12:15:26.088267,neutral,0.833,2026-03-16T12:15:26.088267,0.8390536604916938,2026-03-16T12:15:26.010000,72,,,
participant_18,2,day,Town10HD_Opt,2026-03-16 12:15:27.022908,25.67823028564453,70.17906188964844,0.0018716807244345,0.004,0.04,0.0,0.076,0,0,1,,0.918,2026-03-16T12:15:27.022908,neutral,0.833,2026-03-16T12:15:26.088267,0.8074833554739691,2026-03-16T12:15:27.001000,71,,,
participant_18,2,day,Town10HD_Opt,2026-03-16 12:15:28.211095,26.066650390625,70.1833267211914,0.0016047679819166,7.535,0.002,0.727,0.0,0,0,1,,0.962,2026-03-16T12:15:28.211095,neutral,0.895,2026-03-16T12:15:28.211095,0.8532468471325418,2026-03-16T12:15:27.990000,69,,,
participant_18,2,day,Town10HD_Opt,2026-03-16 12:15:29.228408,28.084482192993164,70.17721557617188,0.001764221698977,14.112,-4.572,0.285,0.0,0,0,1,,0.952,2026-03-16T12:15:29.228408,neutral,0.895,2026-03-16T12:15:28.211095,0.7875461735354877,2026-03-16T12:15:28.981000,69,,,errors=Stop sign violation
participant_18,2,day,Town10HD_Opt,2026-03-16 12:15:30.143402,30.63481330871582,69.90837860107422,0.0018111802637577,15.355,-9.502,0.286,0.0,0,0,1,,0.947,2026-03-16T12:15:30.143402,neutral,0.895,2026-03-16T12:15:28.211095,0.860665906313793,2026-03-16T12:15:29.971000,70,,,
participant_18,2,day,Town10HD_Opt,2026-03-16 12:15:31.074672,33.31390380859375,69.2465591430664,0.0019025038927793,16.145,-10.814,0.24,0.0,0,0,1,,0.902,2026-03-16T12:15:31.074672,happy,0.911,2026-03-16T12:15:31.074672,0.8200801653958822,,67,,,
participant_18,2,day,Town10HD_Opt,2026-03-16 12:15:32.018075,35.8979377746582,68.11282348632812,0.0019260406261309,16.217,-12.83,0.239,0.0,0,0,1,,0.921,2026-03-16T12:15:32.018075,happy,0.911,2026-03-16T12:15:31.074672,0.8903417344542663,2026-03-16T12:15:31.996000,67,,,
participant_18,2,day,Town10HD_Opt,2026-03-16 12:15:33.017303,38.24033737182617,66.5172119140625,0.0019257353851571,16.284,-12.226,0.24,0.0,0,0,1,,0.914,2026-03-16T12:15:33.017303,happy,0.911,2026-03-16T12:15:31.074672,0.8025339109736962,2026-03-16T12:15:32.986000,66,,,
participant_18,2,day,Town10HD_Opt,2026-03-16 12:15:34.257254,41.02660369873047,63.78072738647461,0.0019738771952688,18.586,-11.421,0.51,0.0,0,0,1,,0.925,2026-03-16T12:15:34.257254,neutral,0.727,2026-03-16T12:15:34.257254,0.8124252439311329,2026-03-16T12:15:34.022000,66,,,
participant_18,2,day,Town10HD_Opt,2026-03-16 12:15:35.244301,42.90620422363281,60.97454452514648,0.0019210819154977,21.142,-12.284,0.496,0.0,0,0,1,,0.923,2026-03-16T12:15:35.244301,neutral,0.727,2026-03-16T12:15:34.257254,0.801032203780276,2026-03-16T12:15:34.966000,69,,,
participant_18,2,day,Town10HD_Opt,2026-03-16 12:15:36.177870,44.33528900146485,57.28743362426758,0.0019484712975099,24.51,-12.207,0.475,0.0,0,0,1,,0.961,2026-03-16T12:15:36.177870,neutral,0.727,2026-03-16T12:15:34.257254,0.8207579987857364,2026-03-16T12:15:36.001000,70,,,
participant_18,2,day,Town10HD_Opt,2026-03-16 12:15:37.112733,44.8818359375,52.99919891357422,0.0020882794633507,24.282,-8.129,0.342,0.0,0,0,1,,0.981,2026-03-16T12:15:37.112733,neutral,0.699,2026-03-16T12:15:37.112733,0.8015782071862637,2026-03-16T12:15:36.991000,69,,,
participant_18,2,day,Town10HD_Opt,2026-03-16 12:15:38.062122,44.73675537109375,48.74346923828125,0.0020316315349191,24.66,-3.888,0.365,0.0,0,0,1,,0.937,2026-03-16T12:15:38.062122,neutral,0.699,2026-03-16T12:15:37.112733,0.8238886656701795,2026-03-16T12:15:37.981000,69,,,
participant_18,2,day,Town10HD_Opt,2026-03-16 12:15:39.057333,44.25237655639648,44.60296249389648,0.0021899407729506,21.749,-1.756,0.0,0.0,0,0,1,,0.871,2026-03-16T12:15:39.057333,neutral,0.699,2026-03-16T12:15:37.112733,0.8227439971677102,2026-03-16T12:15:38.971000,70,,,
participant_18,2,day,Town10HD_Opt,2026-03-16 12:15:40.007159,43.96416091918945,41.25164413452149,0.0020773694850504,18.331,10.132,0.513,0.0,0,0,1,,0.916,2026-03-16T12:15:40.007159,neutral,0.682,2026-03-16T12:15:40.007159,0.8507045668927437,,68,,,
participant_18,2,day,Town10HD_Opt,2026-03-16 12:15:41.248722,44.64871597290039,36.25835037231445,0.0017339716432616,28.232,10.829,0.691,0.0,0,0,1,,0.936,2026-03-16T12:15:41.248722,neutral,0.682,2026-03-16T12:15:40.007159,0.8552955153448901,2026-03-16T12:15:40.996000,67,,,
participant_18,2,day,Town10HD_Opt,2026-03-16 12:15:42.190453,46.93874740600586,31.37132453918457,0.001958237029612,33.014,20.203,0.503,0.0,0,0,1,,0.892,2026-03-16T12:15:42.190453,neutral,0.494,2026-03-16T12:15:42.190453,0.8471998364492536,2026-03-16T12:15:41.986000,67,,,
participant_18,2,day,Town10HD_Opt,2026-03-16 12:15:43.134565,51.59368896484375,27.88703727722168,0.0020422362722456,34.54,16.957,0.419,0.0,0,0,1,,0.908,2026-03-16T12:15:43.134565,neutral,0.494,2026-03-16T12:15:42.190453,0.7880606882038736,2026-03-16T12:15:42.976000,66,,,
participant_18,2,day,Town10HD_Opt,2026-03-16 12:15:44.097896,57.39482879638672,26.499229431152344,0.0021314998157322,32.923,2.972,0.2,0.0,0,0,1,,0.881,2026-03-16T12:15:44.097896,neutral,0.494,2026-03-16T12:15:42.190453,0.8425706230638768,2026-03-16T12:15:43.966000,66,,,
participant_18,2,day,Town10HD_Opt,2026-03-16 12:15:45.020794,62.75966644287109,25.826772689819336,0.0022083276417106,27.499,-0.063,0.0,0.0,0,0,1,,0.965,2026-03-16T12:15:45.020794,sad,0.32,2026-03-16T12:15:45.020794,0.8405376955709466,2026-03-16T12:15:45.001000,67,,,
participant_18,2,day,Town10HD_Opt,2026-03-16 12:15:46.204369,68.25377655029297,25.31534576416016,0.0022480764891952,19.152,3.82,0.0,0.0,0,0,1,,0.955,2026-03-16T12:15:46.204369,sad,0.32,2026-03-16T12:15:45.020794,0.7406081751058562,2026-03-16T12:15:46.036000,67,Collision,Collision,
participant_18,2,day,Town10HD_Opt,2026-03-16 12:15:47.084169,71.24223327636719,25.23892593383789,0.0020334620494395,14.846,0.139,0.011,0.0,0,0,1,,1.0,2026-03-16T12:15:47.084169,neutral,0.9,2026-03-16T12:15:47.084169,0.8633870292141096,2026-03-16T12:15:46.981000,69,,,
participant_18,2,day,Town10HD_Opt,2026-03-16 12:15:48.259339,74.2171401977539,25.167490005493164,0.0020170209463685,10.565,0.888,0.011,0.0,0,0,1,,0.835,2026-03-16T12:15:48.259339,neutral,0.9,2026-03-16T12:15:47.084169,0.8170209412748926,2026-03-16T12:15:47.971000,69,,,
participant_18,2,day,Town10HD_Opt,2026-03-16 12:15:49.164129,75.8602294921875,25.140743255615234,0.0019994731992483,8.047,0.035,0.011,0.0,0,0,1,,0.903,2026-03-16T12:15:49.164129,neutral,0.946,2026-03-16T12:15:49.164129,0.8180476962941212,,69,,,
participant_18,2,day,Town10HD_Opt,2026-03-16 12:15:50.019036,77.09668731689453,25.1210880279541,0.0019863124471157,5.94,0.529,0.012,0.0,0,0,1,,0.956,2026-03-16T12:15:50.019036,neutral,0.946,2026-03-16T12:15:49.164129,0.7751224115108093,2026-03-16T12:15:49.996000,70,,,
participant_18,2,day,Town10HD_Opt,2026-03-16 12:15:51.129372,78.23359680175781,25.11000633239746,0.0019415662391111,4.146,0.637,0.0,0.0,0,0,1,,0.915,2026-03-16T12:15:51.129372,neutral,0.946,2026-03-16T12:15:49.164129,0.7233658716632382,2026-03-16T12:15:50.986000,70,,,
participant_18,2,day,Town10HD_Opt,2026-03-16 12:15:52.018302,78.88561248779297,25.10610008239746,0.0019487760728225,3.222,0.764,0.0,0.0,0,0,1,,0.881,2026-03-16T12:15:52.018302,sad,0.539,2026-03-16T12:15:52.018302,0.7930649992512303,2026-03-16T12:15:51.976000,73,,,
participant_18,2,day,Town10HD_Opt,2026-03-16 12:15:53.150864,79.52737426757812,25.10445976257324,0.0019408796215429,2.265,0.764,0.0,0.0,0,0,1,,0.9,2026-03-16T12:15:53.150864,sad,0.539,2026-03-16T12:15:52.018302,0.7975167806096986,2026-03-16T12:15:53.011000,76,,,
participant_18,2,day,Town10HD_Opt,2026-03-16 12:15:53.997468,79.68414306640625,25.104232788085938,0.0019604489207267,0.0,0.75,0.0,0.04,0,0,1,,0.92,2026-03-16T12:15:53.997468,sad,0.539,2026-03-16T12:15:52.018302,0.7900325019416691,2026-03-16T12:15:54.001000,75,,,
participant_18,2,day,Town10HD_Opt,2026-03-16 12:15:55.217421,79.68492889404297,25.104232788085938,0.0019194030901417,0.0,0.757,0.0,0.0,0,0,1,,0.925,2026-03-16T12:15:55.217421,neutral,0.896,2026-03-16T12:15:55.217421,0.7006138209639953,2026-03-16T12:15:55.036000,75,,,
participant_18,2,day,Town10HD_Opt,2026-03-16 12:15:56.095863,79.6849136352539,25.104232788085938,0.0019188307924196,0.006,0.757,0.0,0.0,0,0,1,,0.923,2026-03-16T12:15:56.095863,neutral,0.896,2026-03-16T12:15:55.217421,0.6764700996131777,2026-03-16T12:15:56.028000,73,,,
participant_18,2,day,Town10HD_Opt,2026-03-16 12:15:57.251035,79.68504333496094,25.104232788085938,0.0019188307924196,0.006,0.757,0.0,0.0,0,0,1,,1.0,2026-03-16T12:15:57.251035,neutral,0.885,2026-03-16T12:15:57.251035,0.614978198081279,2026-03-16T12:15:56.972000,71,,,
participant_18,2,day,Town10HD_Opt,2026-03-16 12:15:58.167314,79.68500518798828,25.104232788085938,0.0019187927246093,0.007,0.757,0.0,0.0,0,0,1,,0.902,2026-03-16T12:15:58.167314,neutral,0.885,2026-03-16T12:15:57.251035,0.6389866871318145,,70,,,
participant_18,2,day,Town10HD_Opt,2026-03-16 12:15:59.053095,79.6851577758789,25.104232788085938,0.001919021597132,0.002,0.757,0.0,0.0,0,0,1,,0.897,2026-03-16T12:15:59.053095,neutral,0.885,2026-03-16T12:15:57.251035,0.6389796047495597,2026-03-16T12:15:58.997000,71,,,
participant_18,2,day,Town10HD_Opt,2026-03-16 12:16:00.166873,79.68526458740234,25.104232788085938,0.001919021597132,0.002,0.757,0.0,0.0,0,0,1,,0.879,2026-03-16T12:16:00.166873,neutral,0.943,2026-03-16T12:16:00.166873,0.6136607547119999,2026-03-16T12:15:59.986000,69,,,
participant_18,2,day,Town10HD_Opt,2026-03-16 12:16:01.046891,79.68549346923828,25.104232788085938,0.0019192122854292,0.001,0.757,0.0,0.0,0,0,1,,0.871,2026-03-16T12:16:01.046891,neutral,0.943,2026-03-16T12:16:00.166873,0.5301093479304091,2026-03-16T12:16:01.021000,69,,,
participant_18,2,day,Town10HD_Opt,2026-03-16 12:16:02.216437,79.68476104736328,25.104232788085938,0.001915359403938,0.204,0.757,0.402,0.0,0,0,1,,0.907,2026-03-16T12:16:02.216437,sad,0.574,2026-03-16T12:16:02.216437,0.6328221464505,2026-03-16T12:16:02.011000,71,,,
participant_18,2,day,Town10HD_Opt,2026-03-16 12:16:03.137644,80.32420349121094,25.10478782653809,0.0016022121999412,9.128,0.75,0.724,0.0,0,0,1,,0.827,2026-03-16T12:16:03.137644,sad,0.574,2026-03-16T12:16:02.216437,0.6079841269335993,2026-03-16T12:16:03.001000,70,,,
participant_18,2,day,Town10HD_Opt,2026-03-16 12:16:04.030188,82.79351043701172,25.119409561157227,0.0017905820859596,19.439,0.242,0.896,0.0,0,0,1,,0.893,2026-03-16T12:16:04.030188,sad,0.574,2026-03-16T12:16:02.216437,0.5383244318033674,2026-03-16T12:16:03.992000,69,Harsh braking,decel_mps2=5.5,
participant_18,2,day,Town10HD_Opt,2026-03-16 12:16:05.181408,88.98787689208984,25.131086349487305,0.0016129700234159,35.684,-5.534,0.75,0.0,0,0,1,,0.833,2026-03-16T12:16:05.181408,neutral,0.681,2026-03-16T12:16:05.181408,0.5609618388337851,2026-03-16T12:16:04.981000,69,,,
participant_18,2,day,Town10HD_Opt,2026-03-16 12:16:06.123567,95.51789093017578,23.962047576904297,0.001989250537008,39.125,-12.171,0.47,0.0,0,0,1,,0.917,2026-03-16T12:16:06.123567,neutral,0.681,2026-03-16T12:16:05.181408,0.5113697767152204,2026-03-16T12:16:05.972000,69,,,
participant_18,2,day,Town10HD_Opt,2026-03-16 12:16:07.224767,102.87320709228516,18.78555679321289,0.0020869825966656,38.574,-11.916,0.362,0.0,0,0,1,,0.896,2026-03-16T12:16:07.224767,neutral,0.715,2026-03-16T12:16:07.224767,0.5240915238808417,,69,,,
participant_18,2,day,Town10HD_Opt,2026-03-16 12:16:08.046859,106.09390258789062,13.079447746276855,0.0021276851184666,36.563,-10.434,0.379,0.0,0,0,1,,0.913,2026-03-16T12:16:08.046859,neutral,0.715,2026-03-16T12:16:07.224767,0.5503483233981405,2026-03-16T12:16:07.997000,70,,,
participant_18,2,day,Town10HD_Opt,2026-03-16 12:16:09.197839,107.57406616210938,4.815544128417969,0.002055702265352,35.884,-2.624,0.408,0.0,0,0,1,,0.886,2026-03-16T12:16:09.197839,neutral,0.715,2026-03-16T12:16:07.224767,0.5064694158797344,2026-03-16T12:16:08.987000,69,,,
participant_18,2,day,Town10HD_Opt,2026-03-16 12:16:10.061017,107.83363342285156,-1.4474178552627563,0.0020486449357122,35.712,-0.275,0.41,0.0,0,0,1,,0.925,2026-03-16T12:16:10.061017,neutral,0.816,2026-03-16T12:16:10.061017,0.6047929354579173,2026-03-16T12:16:09.976000,69,,,
participant_18,2,day,Town10HD_Opt,2026-03-16 12:16:11.191750,107.99604034423828,-9.781139373779297,0.0020371244754642,35.815,-0.952,0.425,0.0,0,0,1,,0.905,2026-03-16T12:16:11.191750,neutral,0.816,2026-03-16T12:16:10.061017,0.5612268534511659,2026-03-16T12:16:11.012000,72,,,
participant_18,2,day,Town10HD_Opt,2026-03-16 12:16:12.024399,107.92088317871094,-16.06812286376953,0.00203632353805,36.039,-1.518,0.425,0.0,0,0,1,,0.906,2026-03-16T12:16:12.024399,neutral,0.816,2026-03-16T12:16:10.061017,0.5847345337269618,2026-03-16T12:16:12.001000,73,,,
participant_18,2,day,Town10HD_Opt,2026-03-16 12:16:13.159858,107.27996063232422,-24.472675323486328,0.0020396041218191,36.234,-3.467,0.425,0.0,0,0,1,,0.878,2026-03-16T12:16:13.159858,neutral,0.697,2026-03-16T12:16:13.159858,0.6132503975026795,2026-03-16T12:16:12.991000,72,,,
participant_18,2,day,Town10HD_Opt,2026-03-16 12:16:14.077165,106.06153869628906,-30.704545974731445,0.0020406723488122,36.359,-3.149,0.425,0.0,0,0,1,,0.88,2026-03-16T12:16:14.077165,neutral,0.697,2026-03-16T12:16:13.159858,0.6161360873274045,2026-03-16T12:16:13.981000,73,,,
participant_18,2,day,Town10HD_Opt,2026-03-16 12:16:15.221632,103.42292785644533,-38.7774772644043,0.0020433806348592,36.475,-4.674,0.425,0.0,0,0,1,,0.829,2026-03-16T12:16:15.221632,neutral,0.51,2026-03-16T12:16:15.221632,0.6355192141606042,2026-03-16T12:16:15.017000,74,,,
participant_18,2,day,Town10HD_Opt,2026-03-16 12:16:16.094497,100.4979019165039,-44.44886016845703,0.0020456314086914,36.514,-5.212,0.425,0.0,0,0,1,,0.848,2026-03-16T12:16:16.094497,neutral,0.51,2026-03-16T12:16:15.221632,0.6462393764005028,,75,,,
participant_18,2,day,Town10HD_Opt,2026-03-16 12:16:17.202424,95.2579345703125,-51.15541076660156,0.0020455168560147,36.568,-4.518,0.425,0.0,0,0,1,,0.841,2026-03-16T12:16:17.202424,neutral,0.51,2026-03-16T12:16:15.221632,0.5795694458132666,2026-03-16T12:16:16.996000,73,,,
participant_18,2,day,Town10HD_Opt,2026-03-16 12:16:18.065143,90.53016662597656,-55.473411560058594,0.0020432663150131,36.644,-4.296,0.426,0.0,0,0,1,,0.802,2026-03-16T12:16:18.065143,neutral,0.627,2026-03-16T12:16:18.065143,0.6098845833055382,2026-03-16T12:16:17.986000,73,,,
participant_18,2,day,Town10HD_Opt,2026-03-16 12:16:18.994672,85.26150512695312,-59.13471221923828,0.002031059237197,37.069,-4.379,0.637,0.0,0,0,1,,0.809,2026-03-16T12:16:18.994672,neutral,0.627,2026-03-16T12:16:18.065143,0.6560495038229509,2026-03-16T12:16:18.979000,72,,,
participant_18,2,day,Town10HD_Opt,2026-03-16 12:16:20.112054,76.71580505371094,-63.14703369140625,0.001869736239314,44.455,-4.235,0.622,0.0,0,0,1,,0.832,2026-03-16T12:16:20.112054,neutral,0.687,2026-03-16T12:16:20.112054,0.6244732317255238,2026-03-16T12:16:20.011000,72,,,
participant_18,2,day,Town10HD_Opt,2026-03-16 12:16:21.248979,66.17825317382812,-65.71723175048828,0.001978340325877,48.154,-3.346,0.503,0.0,0,0,1,,0.866,2026-03-16T12:16:21.248979,neutral,0.687,2026-03-16T12:16:20.112054,0.5847808229308686,2026-03-16T12:16:21.001000,70,,,
participant_18,2,day,Town10HD_Opt,2026-03-16 12:16:22.148642,57.78423690795898,-66.42317199707031,0.0020535278599709,47.941,-0.651,0.437,0.0,0,0,1,,0.847,2026-03-16T12:16:22.148642,neutral,0.471,2026-03-16T12:16:22.148642,0.5897390415985642,2026-03-16T12:16:21.991000,70,,,
participant_18,2,day,Town10HD_Opt,2026-03-16 12:16:23.071398,49.497703552246094,-66.7614974975586,0.0020863339304924,46.636,0.061,0.428,0.0,0,0,1,,1.0,2026-03-16T12:16:23.071398,neutral,0.471,2026-03-16T12:16:22.148642,0.6386884003892761,2026-03-16T12:16:22.982000,72,,,
participant_18,2,day,Town10HD_Opt,2026-03-16 12:16:23.993417,41.44744110107422,-67.11254119873047,0.0020829390268772,45.365,-0.251,0.428,0.0,0,0,1,,0.845,2026-03-16T12:16:23.993417,neutral,0.471,2026-03-16T12:16:22.148642,0.6652137388136409,2026-03-16T12:16:24.018000,74,,,
participant_18,2,day,Town10HD_Opt,2026-03-16 12:16:25.215720,31.025447845458984,-67.45703887939453,0.0020750807598233,43.914,-0.244,0.428,0.0,0,0,1,,0.838,2026-03-16T12:16:25.215720,neutral,0.586,2026-03-16T12:16:25.215720,0.7108520763184208,,74,,,
participant_18,2,day,Town10HD_Opt,2026-03-16 12:16:26.161781,23.404342651367188,-67.62654113769531,0.0020705030765384,43.091,-0.249,0.428,0.0,0,0,1,,0.869,2026-03-16T12:16:26.161781,neutral,0.586,2026-03-16T12:16:25.215720,0.8018826717898918,2026-03-16T12:16:25.996000,73,,,
participant_18,2,day,Town10HD_Opt,2026-03-16 12:16:27.066629,15.941645622253418,-67.7242202758789,0.00211917841807,41.187,-0.188,0.001,0.0,0,0,1,,0.898,2026-03-16T12:16:27.066629,neutral,0.586,2026-03-16T12:16:25.215720,0.6764893072594999,2026-03-16T12:16:26.986000,73,,,
participant_18,2,day,Town10HD_Opt,2026-03-16 12:16:28.020002,9.42021369934082,-67.76714324951172,0.0023239888250827,32.425,-0.054,0.0,0.0,0,0,1,,1.0,2026-03-16T12:16:28.020002,neutral,0.748,2026-03-16T12:16:28.020002,0.7414368092487487,2026-03-16T12:16:28.022000,72,,,
participant_18,2,day,Town10HD_Opt,2026-03-16 12:16:29.182222,2.964785099029541,-67.80494689941406,0.0022692482452839,22.977,0.031,0.0,0.0,0,0,1,,1.0,2026-03-16T12:16:29.182222,neutral,0.748,2026-03-16T12:16:28.020002,0.7976748388158302,2026-03-16T12:16:29.057000,71,,,
participant_18,2,day,Town10HD_Opt,2026-03-16 12:16:30.052831,-0.5196934342384338,-67.82923889160156,0.0019729607738554,17.192,-0.035,0.0,0.0,0,0,1,,0.815,2026-03-16T12:16:30.052831,fear,0.342,2026-03-16T12:16:30.052831,0.762656812267079,2026-03-16T12:16:30.002000,70,,,
participant_18,2,day,Town10HD_Opt,2026-03-16 12:16:31.187192,-4.104902267456055,-67.8548355102539,0.0019344710744917,14.696,0.016,0.267,0.0,0,0,1,,0.83,2026-03-16T12:16:31.187192,fear,0.342,2026-03-16T12:16:30.052831,0.7402456474415829,2026-03-16T12:16:30.991000,68,,,
participant_18,2,day,Town10HD_Opt,2026-03-16 12:16:32.016108,-6.754519462585449,-67.8747329711914,0.0018892289372161,15.611,0.021,0.264,0.0,0,0,1,,0.819,2026-03-16T12:16:32.016108,fear,0.342,2026-03-16T12:16:30.052831,0.7688847341595363,2026-03-16T12:16:31.982000,70,,,
participant_18,2,day,Town10HD_Opt,2026-03-16 12:16:33.125796,-10.490689277648926,-67.9041519165039,0.0019048309186473,16.337,0.005,0.254,0.0,0,0,1,,1.0,2026-03-16T12:16:33.125796,neutral,0.861,2026-03-16T12:16:33.125796,0.7028167335301276,2026-03-16T12:16:33.016000,68,,,
participant_18,2,day,Town10HD_Opt,2026-03-16 12:16:34.242357,-14.349130630493164,-67.93312072753906,0.0019100952195003,16.722,0.012,0.224,0.0,0,0,1,,0.865,2026-03-16T12:16:34.242357,neutral,0.861,2026-03-16T12:16:33.125796,0.6951722349467193,2026-03-16T12:16:34.007000,67,,,
participant_18,2,day,Town10HD_Opt,2026-03-16 12:16:35.099344,-17.075355529785156,-67.95460510253906,0.0020332331769168,13.62,0.045,0.0,0.0,0,0,1,,1.0,2026-03-16T12:16:35.099344,neutral,0.861,2026-03-16T12:16:33.125796,0.7195936623922099,2026-03-16T12:16:34.996000,66,,,
participant_18,2,day,Town10HD_Opt,2026-03-16 12:16:36.232728,-19.71009063720703,-67.97724151611328,0.0020579523406922,8.094,0.045,0.0,0.204,0,0,1,,0.843,2026-03-16T12:16:36.232728,fear,0.596,2026-03-16T12:16:36.232728,0.8060931728096263,2026-03-16T12:16:35.987000,64,,,
participant_18,2,day,Town10HD_Opt,2026-03-16 12:16:37.069045,-20.740398406982425,-67.98697662353516,0.0023971158079802,0.001,0.035,0.0,0.203,0,0,1,,1.0,2026-03-16T12:16:37.069045,fear,0.596,2026-03-16T12:16:36.232728,0.7646477407793357,2026-03-16T12:16:36.976000,65,,,
participant_18,2,day,Town10HD_Opt,2026-03-16 12:16:38.131968,-20.740936279296875,-67.98698425292969,0.0019260788103565,0.001,0.035,0.0,0.0,0,0,1,,0.815,2026-03-16T12:16:38.131968,fear,0.596,2026-03-16T12:16:36.232728,0.7508021365426705,2026-03-16T12:16:38.012000,65,,,
participant_18,2,day,Town10HD_Opt,2026-03-16 12:16:38.989859,-20.740812301635746,-67.98698425292969,0.0019190978491678,0.002,0.035,0.0,0.0,0,0,1,,0.848,2026-03-16T12:16:38.989859,neutral,0.806,2026-03-16T12:16:38.989859,0.6780816604352956,2026-03-16T12:16:39.047000,65,,,
participant_18,2,day,Town10HD_Opt,2026-03-16 12:16:40.107823,-20.739925384521484,-67.98698425292969,0.001917190500535,0.147,0.035,0.251,0.0,0,0,1,,0.827,2026-03-16T12:16:40.107823,neutral,0.806,2026-03-16T12:16:38.989859,0.648362830279544,2026-03-16T12:16:39.991000,65,,,
participant_18,2,day,Town10HD_Opt,2026-03-16 12:16:41.184835,-20.896085739135746,-67.98828125,0.0019115447066724,0.86,0.035,0.069,0.0,0,0,1,,0.856,2026-03-16T12:16:41.184835,neutral,0.632,2026-03-16T12:16:41.184835,0.6780071401960831,2026-03-16T12:16:40.981000,65,,,
participant_18,2,day,Town10HD_Opt,2026-03-16 12:16:42.059667,-21.09718894958496,-67.9899673461914,0.0018818284152075,1.773,0.035,0.31,0.0,0,0,1,,1.0,2026-03-16T12:16:42.059667,neutral,0.632,2026-03-16T12:16:41.184835,0.6917889477959515,2026-03-16T12:16:42.017000,65,,,
participant_18,2,day,Town10HD_Opt,2026-03-16 12:16:43.214965,-22.14141845703125,-67.99874114990234,0.0017728047678247,7.92,-0.002,0.454,0.0,0,0,1,,0.826,2026-03-16T12:16:43.214965,neutral,0.616,2026-03-16T12:16:43.214965,0.6595201712726158,2026-03-16T12:16:43.007000,65,,,
participant_18,2,day,Town10HD_Opt,2026-03-16 12:16:44.079622,-23.97955322265625,-68.01232147216797,0.0016312036896124,15.323,-0.087,0.825,0.0,0,0,1,,0.83,2026-03-16T12:16:44.079622,neutral,0.616,2026-03-16T12:16:43.214965,0.7214435728722748,2026-03-16T12:16:43.997000,65,,,
participant_18,2,day,Town10HD_Opt,2026-03-16 12:16:45.216461,-28.94577980041504,-68.04150390625,0.0016964352689683,29.156,-0.136,0.773,0.0,0,0,1,,0.846,2026-03-16T12:16:45.216461,neutral,0.471,2026-03-16T12:16:45.216461,0.6789804802256405,2026-03-16T12:16:45.077000,65,,,
participant_18,2,day,Town10HD_Opt,2026-03-16 12:16:46.075761,-34.757568359375,-68.04891204833984,0.0017246258212253,38.467,-0.228,0.755,0.0,0,0,1,,0.915,2026-03-16T12:16:46.075761,neutral,0.471,2026-03-16T12:16:45.216461,0.6626568015346356,2026-03-16T12:16:46.022000,66,,,
participant_18,2,day,Town10HD_Opt,2026-03-16 12:16:47.145906,-44.89302444458008,-67.98835754394531,0.0023667160421609,49.199,-0.012,0.741,0.0,0,0,1,,1.0,2026-03-16T12:16:47.145906,neutral,0.471,2026-03-16T12:16:45.216461,0.7985365546979821,2026-03-16T12:16:47.012000,65,,,
participant_18,2,day,Town10HD_Opt,2026-03-16 12:16:48.022499,-53.59748840332031,-67.89257049560547,0.0021225733216851,47.931,-1.678,0.716,0.0,0,0,1,,1.0,2026-03-16T12:16:48.022499,neutral,0.83,2026-03-16T12:16:48.022499,0.766832534747634,2026-03-16T12:16:48.001000,64,,,
participant_18,2,day,Town10HD_Opt,2026-03-16 12:16:49.240407,-65.11067962646484,-67.02336883544922,0.0021387478336691,48.983,-0.801,0.672,0.0,0,0,1,,0.898,2026-03-16T12:16:49.240407,neutral,0.83,2026-03-16T12:16:48.022499,0.7422785718764374,2026-03-16T12:16:48.991000,64,,,
participant_18,2,day,Town10HD_Opt,2026-03-16 12:16:50.146401,-73.76146697998047,-65.83180236816406,0.0021534343250095,48.346,-2.033,0.657,0.0,0,0,1,,0.92,2026-03-16T12:16:50.146401,neutral,0.886,2026-03-16T12:16:50.146401,0.7810921372948088,2026-03-16T12:16:49.981000,64,,,
participant_18,2,day,Town10HD_Opt,2026-03-16 12:16:51.012090,-82.10183715820312,-63.96112060546875,0.001940231770277,50.697,-5.319,0.0,0.0,0,0,1,,0.938,2026-03-16T12:16:51.012090,neutral,0.886,2026-03-16T12:16:50.146401,0.7557761329238253,2026-03-16T12:16:51.019000,64,,,
participant_18,2,day,Town10HD_Opt,2026-03-16 12:16:52.171675,-92.59707641601562,-58.99717712402344,0.0019722750876098,50.499,-5.392,0.0,0.0,0,0,1,,0.945,2026-03-16T12:16:52.171675,neutral,0.617,2026-03-16T12:16:52.171675,0.7915614525190803,2026-03-16T12:16:52.007000,64,,,
participant_18,2,day,Town10HD_Opt,2026-03-16 12:16:53.056614,-99.28880310058594,-53.46242904663086,0.0019668580498546,50.799,-5.872,0.0,0.0,0,0,1,,0.921,2026-03-16T12:16:53.056614,neutral,0.617,2026-03-16T12:16:52.171675,0.8302459581941986,2026-03-16T12:16:52.997000,65,,,
participant_18,2,day,Town10HD_Opt,2026-03-16 12:16:54.240571,-105.82429504394533,-44.03208923339844,0.0019499210175126,50.707,-5.371,0.0,0.0,0,0,1,,0.903,2026-03-16T12:16:54.240571,neutral,0.929,2026-03-16T12:16:54.240571,0.7542907669703353,2026-03-16T12:16:53.987000,67,,,
participant_18,2,day,Town10HD_Opt,2026-03-16 12:16:55.163216,-108.67607879638672,-36.30740737915039,0.0023762881755828,41.383,-4.763,0.0,0.0,0,0,1,,0.885,2026-03-16T12:16:55.163216,neutral,0.929,2026-03-16T12:16:54.240571,0.7286393944408188,2026-03-16T12:16:54.977000,68,,,
participant_18,2,day,Town10HD_Opt,2026-03-16 12:16:56.127710,-109.7591552734375,-29.951040267944336,0.002342642750591,31.921,-3.794,0.0,0.0,0,0,1,,0.95,2026-03-16T12:16:56.127710,neutral,0.929,2026-03-16T12:16:54.240571,0.7781771320353389,2026-03-16T12:16:56.012000,71,,,
participant_18,2,day,Town10HD_Opt,2026-03-16 12:16:57.071169,-110.04447174072266,-24.98578643798828,0.0022822560276836,24.434,-1.149,0.0,0.0,0,0,1,,0.933,2026-03-16T12:16:57.071169,neutral,0.708,2026-03-16T12:16:57.071169,0.7802497903131413,2026-03-16T12:16:57.002000,69,,,
participant_18,2,day,Town10HD_Opt,2026-03-16 12:16:58.043821,-110.13609313964844,-21.218305587768555,0.0022413246333599,18.222,0.141,0.0,0.0,0,0,1,,0.881,2026-03-16T12:16:58.043821,neutral,0.708,2026-03-16T12:16:57.071169,0.7533737116446343,2026-03-16T12:16:58.037000,69,,,
participant_18,2,day,Town10HD_Opt,2026-03-16 12:16:59.055355,-110.20077514648438,-18.34329032897949,0.002042960608378,14.223,0.031,0.0,0.0,0,0,1,,0.829,2026-03-16T12:16:59.055355,neutral,0.708,2026-03-16T12:16:57.071169,0.7716353853203395,2026-03-16T12:16:58.983000,69,,,
participant_18,2,day,Town10HD_Opt,2026-03-16 12:17:00.250408,-110.26207733154295,-15.490510940551758,0.0019836041610687,10.622,-0.36,0.089,0.0,0,0,1,,1.0,2026-03-16T12:17:00.250408,neutral,0.826,2026-03-16T12:17:00.250408,0.7154072756261592,2026-03-16T12:17:00.107000,68,,,
participant_18,2,day,Town10HD_Opt,2026-03-16 12:17:01.136035,-110.28915405273438,-13.741764068603516,0.0019638058729469,9.25,-0.416,0.083,0.0,0,0,1,,0.833,2026-03-16T12:17:01.136035,neutral,0.826,2026-03-16T12:17:00.250408,0.6597387444900576,,68,,,
participant_18,2,day,Town10HD_Opt,2026-03-16 12:17:02.059156,-110.30738830566406,-12.21972370147705,0.0019569776486605,8.004,-0.355,0.083,0.0,0,0,1,,0.863,2026-03-16T12:17:02.059156,neutral,0.826,2026-03-16T12:17:00.250408,0.7701988077880184,2026-03-16T12:17:01.997000,67,,,
participant_18,2,day,Town10HD_Opt,2026-03-16 12:17:03.272810,-110.3253402709961,-10.484682083129885,0.0019496533786877,6.711,-0.063,0.082,0.0,0,0,1,,1.0,2026-03-16T12:17:03.272810,neutral,0.868,2026-03-16T12:17:03.272810,0.7528189558146994,2026-03-16T12:17:02.986000,68,,,
participant_18,2,day,Town10HD_Opt,2026-03-16 12:17:04.154801,-110.33660125732422,-9.367720603942873,0.0019449995597824,5.95,-0.155,0.082,0.0,0,0,1,,0.893,2026-03-16T12:17:04.154801,neutral,0.868,2026-03-16T12:17:03.272810,0.7878598259264928,2026-03-16T12:17:03.977000,67,,,
participant_18,2,day,Town10HD_Opt,2026-03-16 12:17:05.059299,-110.34532928466795,-8.382349967956543,0.0019409558735787,5.264,-0.155,0.082,0.0,0,0,1,,0.864,2026-03-16T12:17:05.059299,neutral,0.868,2026-03-16T12:17:03.272810,0.7124964888171682,2026-03-16T12:17:05.058000,68,,,
participant_18,2,day,Town10HD_Opt,2026-03-16 12:17:06.256487,-110.3543701171875,-7.239467620849609,0.0019375229021534,4.464,-0.155,0.083,0.0,0,0,1,,0.892,2026-03-16T12:17:06.256487,neutral,0.779,2026-03-16T12:17:06.256487,0.7814257930730529,2026-03-16T12:17:06.002000,70,,,
participant_18,2,day,Town10HD_Opt,2026-03-16 12:17:07.221932,-110.35972595214844,-6.491695404052734,0.0019338988931849,4.024,-0.155,0.083,0.0,0,0,1,,0.897,2026-03-16T12:17:07.221932,neutral,0.779,2026-03-16T12:17:06.256487,0.7820819043227971,2026-03-16T12:17:06.991000,69,,,
participant_18,2,day,Town10HD_Opt,2026-03-16 12:17:08.077858,-110.3640594482422,-5.8147711753845215,0.0019277571700513,3.908,-0.155,0.0,0.0,0,0,1,,0.838,2026-03-16T12:17:08.077858,neutral,0.779,2026-03-16T12:17:06.256487,0.7413965680065602,2026-03-16T12:17:07.982000,69,,,
participant_18,2,day,Town10HD_Opt,2026-03-16 12:17:09.022699,-110.36570739746094,-5.527390480041504,0.0019947811961174,0.0,-0.155,0.0,0.049,0,0,1,,0.85,2026-03-16T12:17:09.022699,neutral,0.594,2026-03-16T12:17:09.022699,0.6456602476344734,2026-03-16T12:17:09.017000,69,,,
participant_18,2,day,Town10HD_Opt,2026-03-16 12:17:10.175785,-110.36570739746094,-5.526575088500977,0.001919784466736,0.007,-0.155,0.0,0.0,0,0,1,,0.862,2026-03-16T12:17:10.175785,neutral,0.594,2026-03-16T12:17:09.022699,0.7919388226212332,2026-03-16T12:17:10.007000,69,,,
participant_18,2,day,Town10HD_Opt,2026-03-16 12:17:11.047953,-110.36570739746094,-5.526594638824463,0.0019187927246093,0.006,-0.134,0.0,0.0,0,0,1,,1.0,2026-03-16T12:17:11.047953,neutral,0.795,2026-03-16T12:17:11.047953,0.7235880440812397,2026-03-16T12:17:10.997000,69,,,
participant_18,2,day,Town10HD_Opt,2026-03-16 12:17:12.239754,-110.36570739746094,-5.526492595672607,0.0019187927246093,0.006,-0.132,0.0,0.0,0,0,1,,1.0,2026-03-16T12:17:12.239754,neutral,0.795,2026-03-16T12:17:11.047953,0.735845499202705,2026-03-16T12:17:11.987000,68,,,
participant_18,2,day,Town10HD_Opt,2026-03-16 12:17:13.138897,-110.36570739746094,-5.526559829711914,0.0019189452286809,0.006,-0.115,0.0,0.0,0,0,1,,0.864,2026-03-16T12:17:13.138897,neutral,0.586,2026-03-16T12:17:13.138897,0.7820658369434981,2026-03-16T12:17:12.977000,69,,,
participant_18,2,day,Town10HD_Opt,2026-03-16 12:17:14.044328,-110.36570739746094,-5.526400089263916,0.0019190978491678,0.002,-0.082,0.0,0.0,0,0,1,,0.88,2026-03-16T12:17:14.044328,neutral,0.586,2026-03-16T12:17:13.138897,0.7842031764651518,2026-03-16T12:17:14.012000,67,,,
participant_18,2,day,Town10HD_Opt,2026-03-16 12:17:15.261664,-110.36570739746094,-5.52631950378418,0.0019190596649423,0.002,-0.073,0.0,0.0,0,0,1,,0.913,2026-03-16T12:17:15.261664,neutral,0.83,2026-03-16T12:17:15.261664,0.8749993274357849,2026-03-16T12:17:15.005000,66,,,
participant_18,2,day,Town10HD_Opt,2026-03-16 12:17:16.217997,-110.36570739746094,-5.526111125946045,0.0019192122854292,0.001,-0.038,0.0,0.0,0,0,1,,1.0,2026-03-16T12:17:16.217997,neutral,0.83,2026-03-16T12:17:15.261664,0.7322519773401441,2026-03-16T12:17:15.992000,68,,,
participant_18,2,day,Town10HD_Opt,2026-03-16 12:17:17.144773,-110.36570739746094,-5.526084899902344,0.0019189071608707,0.006,0.002,0.0,0.0,0,0,1,,0.855,2026-03-16T12:17:17.144773,neutral,0.83,2026-03-16T12:17:15.261664,0.8036992131756244,2026-03-16T12:17:16.982000,66,,,
participant_18,2,day,Town10HD_Opt,2026-03-16 12:17:18.068889,-110.36570739746094,-5.526141166687012,0.0019187163561582,0.006,0.054,0.0,0.0,0,0,1,,0.909,2026-03-16T12:17:18.068889,neutral,0.896,2026-03-16T12:17:18.068889,0.8414311668608535,2026-03-16T12:17:18.017000,66,,,
participant_18,2,day,Town10HD_Opt,2026-03-16 12:17:19.021592,-110.36570739746094,-5.5260748863220215,0.0019189834129065,0.002,0.054,0.0,0.0,0,0,1,,1.0,2026-03-16T12:17:19.021592,neutral,0.896,2026-03-16T12:17:18.068889,0.6923121297228355,2026-03-16T12:17:19.008000,67,,,
participant_18,2,day,Town10HD_Opt,2026-03-16 12:17:20.188183,-110.36691284179688,-5.377023696899414,0.0016407022485509,5.711,0.078,1.0,0.0,0,0,1,,0.845,2026-03-16T12:17:20.188183,neutral,0.674,2026-03-16T12:17:20.188183,0.7291134219465326,2026-03-16T12:17:19.997000,67,,,
participant_18,2,day,Town10HD_Opt,2026-03-16 12:17:21.173368,-110.38632202148438,-3.0926735401153564,0.0016743867890909,20.773,0.082,1.0,0.0,0,0,1,,0.902,2026-03-16T12:17:21.173368,neutral,0.674,2026-03-16T12:17:20.188183,0.7886399253718678,2026-03-16T12:17:20.987000,67,,,
participant_18,2,day,Town10HD_Opt,2026-03-16 12:17:22.081695,-110.43402099609376,1.74998140335083,0.0015103931073099,36.495,0.082,0.932,0.0,0,0,1,,0.887,2026-03-16T12:17:22.081695,neutral,0.674,2026-03-16T12:17:20.188183,0.676790003605113,2026-03-16T12:17:21.977000,66,,,
participant_18,2,day,Town10HD_Opt,2026-03-16 12:17:23.038480,-110.39911651611328,8.908342361450195,0.0019865802023559,41.582,-4.957,0.0,0.0,0,0,1,,1.0,2026-03-16T12:17:23.038480,neutral,0.531,2026-03-16T12:17:23.038480,0.7814877603525033,2026-03-16T12:17:23.012000,67,,,
participant_18,2,day,Town10HD_Opt,2026-03-16 12:17:24.012730,-109.35578918457033,15.318743705749512,0.0023493184708058,32.099,-11.868,0.0,0.0,0,0,1,,0.928,2026-03-16T12:17:24.012730,neutral,0.531,2026-03-16T12:17:23.038480,0.6841347816785046,2026-03-16T12:17:24.004000,67,,,
participant_18,2,day,Town10HD_Opt,2026-03-16 12:17:25.286547,-106.19241333007812,20.75029754638672,0.0022940435446798,22.019,-14.043,0.0,0.0,0,0,1,,0.875,2026-03-16T12:17:25.286547,neutral,0.619,2026-03-16T12:17:25.286547,0.6784605705407907,2026-03-16T12:17:24.993000,66,,,
participant_18,2,day,Town10HD_Opt,2026-03-16 12:17:26.234298,-103.58783721923828,22.90735626220703,0.0019749826751649,16.82,-13.251,0.0,0.0,0,0,1,,0.924,2026-03-16T12:17:26.234298,neutral,0.619,2026-03-16T12:17:25.286547,0.6680360952836908,2026-03-16T12:17:25.982000,67,,,
participant_18,2,day,Town10HD_Opt,2026-03-16 12:17:27.206390,-101.26416778564452,24.10556602478028,0.0020479196682572,12.921,-11.622,0.0,0.0,0,0,1,,0.931,2026-03-16T12:17:27.206390,neutral,0.619,2026-03-16T12:17:25.286547,0.7510256545810955,2026-03-16T12:17:27.152000,66,,,
participant_18,2,day,Town10HD_Opt,2026-03-16 12:17:28.205121,-99.35586547851562,24.773983001708984,0.0019794462714344,10.887,-10.694,0.527,0.0,0,0,1,,0.921,2026-03-16T12:17:28.205121,neutral,0.726,2026-03-16T12:17:28.205121,0.6601031097240724,2026-03-16T12:17:28.007000,65,,,
participant_18,2,day,Town10HD_Opt,2026-03-16 12:17:29.247656,-96.78392028808594,25.33036231994629,0.0018276607152074,20.879,-10.757,0.905,0.0,0,0,1,,0.896,2026-03-16T12:17:29.247656,neutral,0.726,2026-03-16T12:17:28.205121,0.7212338739731535,2026-03-16T12:17:28.998000,68,,,
participant_18,2,day,Town10HD_Opt,2026-03-16 12:17:30.291434,-92.34800720214844,25.53915977478028,0.001864090678282,28.367,-5.399,0.0,0.0,0,0,1,,0.945,2026-03-16T12:17:30.291434,neutral,0.406,2026-03-16T12:17:30.291434,0.7088557680437992,2026-03-16T12:17:29.990000,68,,,
participant_18,2,day,Town10HD_Opt,2026-03-16 12:17:31.017303,-89.22985076904297,25.36375999450684,0.0022072594147175,24.387,-0.021,0.0,0.0,0,0,1,,0.902,2026-03-16T12:17:31.017303,neutral,0.406,2026-03-16T12:17:30.291434,0.7044982836443435,2026-03-16T12:17:30.978000,67,,,
participant_18,2,day,Town10HD_Opt,2026-03-16 12:17:32.027660,-85.41360473632812,25.17880630493164,0.0021758647635579,19.79,0.498,0.195,0.0,0,0,1,,1.0,2026-03-16T12:17:32.027660,neutral,0.406,2026-03-16T12:17:30.291434,0.809154853029779,2026-03-16T12:17:32.012000,68,,,
participant_18,2,day,Town10HD_Opt,2026-03-16 12:17:33.066061,-82.18074035644531,25.01578712463379,0.0018607327947393,17.504,-0.949,0.13,0.0,0,0,1,,0.852,2026-03-16T12:17:33.066061,neutral,0.603,2026-03-16T12:17:33.066061,0.754108699051108,2026-03-16T12:17:33.002000,68,,,
participant_18,2,day,Town10HD_Opt,2026-03-16 12:17:34.044303,-79.26007080078125,24.820045471191406,0.0019694135989993,15.839,-0.768,0.166,0.0,0,0,1,,0.877,2026-03-16T12:17:34.044303,neutral,0.603,2026-03-16T12:17:33.066061,0.7107036725730067,2026-03-16T12:17:33.992000,68,,,
participant_18,2,day,Town10HD_Opt,2026-03-16 12:17:35.103681,-76.59597778320312,24.620874404907227,0.0019654082134366,14.494,1.206,0.13,0.0,0,0,1,,0.926,2026-03-16T12:17:35.103681,neutral,0.849,2026-03-16T12:17:35.103681,0.7662455809330742,2026-03-16T12:17:35.027000,68,,,
participant_18,2,day,Town10HD_Opt,2026-03-16 12:17:36.089740,-74.17540740966797,24.513107299804688,0.0019633099436759,13.109,2.426,0.129,0.0,0,0,1,,0.918,2026-03-16T12:17:36.089740,neutral,0.849,2026-03-16T12:17:35.103681,0.7928669147276877,2026-03-16T12:17:36.017000,70,,,
participant_18,2,day,Town10HD_Opt,2026-03-16 12:17:37.077837,-71.9744873046875,24.471866607666016,0.0019551084842532,11.98,1.631,0.129,0.0,0,0,1,,0.941,2026-03-16T12:17:37.077837,neutral,0.849,2026-03-16T12:17:35.103681,0.7911872451884104,2026-03-16T12:17:37.007000,69,,,
participant_18,2,day,Town10HD_Opt,2026-03-16 12:17:38.052879,-70.04838562011719,24.46922874450684,0.0020126339513808,9.424,1.622,0.0,0.047,0,0,1,,0.926,2026-03-16T12:17:38.052879,neutral,0.702,2026-03-16T12:17:38.052879,0.832524774133196,2026-03-16T12:17:37.997000,71,,,
participant_18,2,day,Town10HD_Opt,2026-03-16 12:17:38.994774,-68.63101959228516,24.48903465270996,0.0020114895887672,6.396,1.608,0.0,0.07,0,0,1,,0.875,2026-03-16T12:17:38.994774,neutral,0.702,2026-03-16T12:17:38.052879,0.8582419147941678,2026-03-16T12:17:38.988000,69,,,
participant_18,2,day,Town10HD_Opt,2026-03-16 12:17:40.264151,-68.015869140625,24.503341674804688,0.0019911571871489,0.0,1.605,0.0,0.063,0,0,1,,0.937,2026-03-16T12:17:40.264151,neutral,0.773,2026-03-16T12:17:40.264151,0.7859147156399834,2026-03-16T12:17:40.022000,70,,,
participant_18,2,day,Town10HD_Opt,2026-03-16 12:17:41.248245,-68.01570129394531,24.50335693359375,0.0019215393112972,0.001,1.565,0.0,0.0,0,0,1,,0.948,2026-03-16T12:17:41.248245,neutral,0.773,2026-03-16T12:17:40.264151,0.794903496185414,2026-03-16T12:17:41.012000,70,,,
participant_18,2,day,Town10HD_Opt,2026-03-16 12:17:42.178584,-67.79692077636719,24.50926780700684,0.0015783321578055,6.899,1.396,1.0,0.0,0,0,1,,0.922,2026-03-16T12:17:42.178584,neutral,0.773,2026-03-16T12:17:40.264151,0.8268959321997422,2026-03-16T12:17:42.002000,68,,,
participant_18,2,day,Town10HD_Opt,2026-03-16 12:17:43.163339,-65.31295013427734,24.587820053100582,0.0017108551692217,22.415,0.738,1.0,0.0,0,0,1,,0.913,2026-03-16T12:17:43.163339,neutral,0.921,2026-03-16T12:17:43.163339,0.8163469508333407,2026-03-16T12:17:43.038000,66,,,
participant_18,2,day,Town10HD_Opt,2026-03-16 12:17:44.074821,-60.262298583984375,24.756561279296875,0.001476633013226,37.808,-0.134,1.0,0.0,0,0,1,,0.916,2026-03-16T12:17:44.074821,neutral,0.921,2026-03-16T12:17:43.163339,0.8316044890480437,2026-03-16T12:17:44.027000,67,,,
participant_18,2,day,Town10HD_Opt,2026-03-16 12:17:45.003139,-52.48263168334961,25.03622436523437,0.0015376299852505,51.664,0.508,0.0,0.166,0,0,1,,0.872,2026-03-16T12:17:45.003139,neutral,0.921,2026-03-16T12:17:43.163339,0.7614348300249844,2026-03-16T12:17:45.018000,66,,,
participant_18,2,day,Town10HD_Opt,2026-03-16 12:17:46.166432,-40.65616607666016,25.72431373596192,0.0019659425597637,50.719,0.186,0.0,0.119,0,0,1,,0.936,2026-03-16T12:17:46.166432,neutral,0.913,2026-03-16T12:17:46.166432,0.7519174198203753,2026-03-16T12:17:46.008000,68,,,
participant_18,2,day,Town10HD_Opt,2026-03-16 12:17:47.059856,-31.98908424377441,26.323760986328125,0.0018204123480245,52.347,-0.282,0.0,0.24,0,0,1,,0.886,2026-03-16T12:17:47.059856,neutral,0.913,2026-03-16T12:17:46.166432,0.7361434483469418,2026-03-16T12:17:46.998000,68,,,
participant_18,2,day,Town10HD_Opt,2026-03-16 12:17:48.036940,-23.24960708618164,26.874589920043945,0.0018994909478351,51.823,0.087,0.0,0.137,0,0,1,,0.925,2026-03-16T12:17:48.036940,neutral,0.913,2026-03-16T12:17:46.166432,0.8277655994438264,2026-03-16T12:17:47.989000,68,,,
participant_18,2,day,Town10HD_Opt,2026-03-16 12:17:49.246535,-12.34069538116455,27.584205627441406,0.0022210297174751,38.655,-0.108,0.0,0.0,0,0,1,,0.865,2026-03-16T12:17:49.246535,neutral,0.834,2026-03-16T12:17:49.246535,0.7271344226102673,2026-03-16T12:17:49.068000,68,,,
participant_18,2,day,Town10HD_Opt,2026-03-16 12:17:50.174852,-6.182863712310791,27.96372413635254,0.0022290030028671,31.903,-0.322,0.441,0.0,0,0,1,,0.887,2026-03-16T12:17:50.174852,neutral,0.834,2026-03-16T12:17:49.246535,0.7450928326183166,2026-03-16T12:17:50.012000,68,,,
participant_18,2,day,Town10HD_Opt,2026-03-16 12:17:51.110958,-0.5887485146522522,28.243343353271484,0.0020199203863739,32.498,-0.618,0.434,0.0,0,0,1,,0.826,2026-03-16T12:17:51.110958,neutral,0.834,2026-03-16T12:17:49.246535,0.815271377596137,2026-03-16T12:17:51,67,,,
participant_18,2,day,Town10HD_Opt,2026-03-16 12:17:52.058384,5.166007518768311,28.432159423828125,0.0020170211791992,33.377,-0.611,0.429,0.0,0,0,1,,1.0,2026-03-16T12:17:52.058384,neutral,0.704,2026-03-16T12:17:52.058384,0.7812070343239114,2026-03-16T12:17:51.993000,67,,,
participant_18,2,day,Town10HD_Opt,2026-03-16 12:17:53.210206,13.034537315368652,28.528600692749023,0.0020243453327566,34.135,-0.432,0.426,0.0,0,0,1,,0.837,2026-03-16T12:17:53.210206,neutral,0.704,2026-03-16T12:17:52.058384,0.8466665130148444,2026-03-16T12:17:53.028000,67,,,
participant_18,2,day,Town10HD_Opt,2026-03-16 12:17:54.159581,19.041963577270508,28.519962310791016,0.0020371244754642,34.393,0.193,0.358,0.0,0,0,1,,0.88,2026-03-16T12:17:54.159581,neutral,0.795,2026-03-16T12:17:54.159581,0.8034333473477288,2026-03-16T12:17:54.018000,67,,,
participant_18,2,day,Town10HD_Opt,2026-03-16 12:17:55.163456,24.895282745361328,28.56233024597168,0.0021551509853452,31.549,3.325,0.202,0.0,0,0,1,,0.976,2026-03-16T12:17:55.163456,neutral,0.795,2026-03-16T12:17:54.159581,0.8161020724559049,2026-03-16T12:17:55.007000,67,,,
participant_18,2,day,Town10HD_Opt,2026-03-16 12:17:56.092727,30.0723819732666,29.074098587036133,0.0020337291061878,27.663,8.615,0.203,0.0,0,0,1,,0.941,2026-03-16T12:17:56.092727,neutral,0.795,2026-03-16T12:17:54.159581,0.8574730934109688,2026-03-16T12:17:55.999000,67,,,
participant_18,2,day,Town10HD_Opt,2026-03-16 12:17:57.012532,34.38377380371094,30.5232162475586,0.0021509164944291,24.575,15.753,0.284,0.0,0,0,1,,0.844,2026-03-16T12:17:57.012532,neutral,0.806,2026-03-16T12:17:57.012532,0.8488701001429144,2026-03-16T12:17:56.987000,66,,,
participant_18,2,day,Town10HD_Opt,2026-03-16 12:17:58.221039,38.30358123779297,34.206539154052734,0.0021336360368877,22.253,20.46,0.281,0.0,0,0,1,,0.882,2026-03-16T12:17:58.221039,neutral,0.806,2026-03-16T12:17:57.012532,0.893460933431287,2026-03-16T12:17:58.023000,68,,,
participant_18,2,day,Town10HD_Opt,2026-03-16 12:17:59.142464,39.61089706420898,37.7316780090332,0.0021146007347851,20.976,17.201,0.273,0.0,0,0,1,,0.911,2026-03-16T12:17:59.142464,neutral,0.836,2026-03-16T12:17:59.142464,0.9737981513712126,2026-03-16T12:17:59.014000,69,,,
participant_18,2,day,Town10HD_Opt,2026-03-16 12:18:00.053559,40.05664443969727,41.241947174072266,0.0021595759317278,18.625,2.32,0.0,0.0,0,0,1,,0.878,2026-03-16T12:18:00.053559,neutral,0.836,2026-03-16T12:17:59.142464,0.8500586045622955,2026-03-16T12:18:00.002000,68,,,
participant_18,2,day,Town10HD_Opt,2026-03-16 12:18:01.212204,40.31018829345703,44.95891952514648,0.0020306773949414,13.329,3.919,0.066,0.0,0,0,1,,0.898,2026-03-16T12:18:01.212204,neutral,0.52,2026-03-16T12:18:01.212204,0.8679561410948438,2026-03-16T12:18:00.992000,69,,,
participant_18,2,day,Town10HD_Opt,2026-03-16 12:18:02.121081,40.35352325439453,47.08535385131836,0.0020164486486464,10.527,0.865,0.0,0.0,0,0,1,,0.895,2026-03-16T12:18:02.121081,neutral,0.52,2026-03-16T12:18:01.212204,0.9896520030326956,2026-03-16T12:18:02.028000,70,,,
participant_18,2,day,Town10HD_Opt,2026-03-16 12:18:03.027729,40.37986755371094,48.72378921508789,0.0020016857888549,7.991,0.999,0.075,0.0,0,0,1,,0.853,2026-03-16T12:18:03.027729,neutral,0.52,2026-03-16T12:18:01.212204,0.8740194385777987,2026-03-16T12:18:03.018000,71,,,
participant_18,2,day,Town10HD_Opt,2026-03-16 12:18:04.208617,40.39064025878906,50.36783599853516,0.0019741056021302,5.857,0.978,0.0,0.0,0,0,1,,0.91,2026-03-16T12:18:04.208617,neutral,0.912,2026-03-16T12:18:04.208617,0.8693444758008855,2026-03-16T12:18:04.007000,72,,,
participant_18,2,day,Town10HD_Opt,2026-03-16 12:18:05.082193,40.39011764526367,51.28009796142578,0.0019621273968368,4.496,0.978,0.0,0.0,0,0,1,,0.865,2026-03-16T12:18:05.082193,neutral,0.912,2026-03-16T12:18:04.208617,0.8896153805804468,2026-03-16T12:18:04.998000,72,,,
participant_18,2,day,Town10HD_Opt,2026-03-16 12:18:06.235101,40.38501739501953,52.17557144165039,0.0019493482541292,3.114,0.978,0.0,0.0,0,0,1,,0.899,2026-03-16T12:18:06.235101,neutral,0.925,2026-03-16T12:18:06.235101,0.9519936496408328,2026-03-16T12:18:05.988000,73,,,
participant_18,2,day,Town10HD_Opt,2026-03-16 12:18:07.089205,40.38257598876953,52.45167922973633,0.0020055386703461,0.0,0.959,0.0,0.103,0,0,1,,0.949,2026-03-16T12:18:07.089205,neutral,0.925,2026-03-16T12:18:06.235101,0.9020776639300918,2026-03-16T12:18:07.022000,73,,,
participant_18,2,day,Town10HD_Opt,2026-03-16 12:18:08.220001,40.38197708129883,52.5024299621582,0.001768379821442,3.233,0.853,1.0,0.0,0,0,1,,0.876,2026-03-16T12:18:08.220001,neutral,0.925,2026-03-16T12:18:06.235101,0.9592970274511275,2026-03-16T12:18:08.013000,72,,,
participant_18,2,day,Town10HD_Opt,2026-03-16 12:18:09.102325,40.36442947387695,54.33930969238281,0.0014461918035522,19.261,-2.344,0.973,0.0,0,0,1,,0.81,2026-03-16T12:18:09.102325,neutral,0.568,2026-03-16T12:18:09.102325,0.8231888800737625,2026-03-16T12:18:09.004000,71,,,
participant_18,2,day,Town10HD_Opt,2026-03-16 12:18:10.053455,40.73479461669922,58.30817794799805,0.001878929673694,25.496,-10.506,0.468,0.0,0,0,1,,0.954,2026-03-16T12:18:10.053455,neutral,0.568,2026-03-16T12:18:09.102325,0.8279683097454501,2026-03-16T12:18:09.992000,69,Solid line crossing,Solid line crossing,
participant_18,2,day,Town10HD_Opt,2026-03-16 12:18:11.171462,43.05368041992188,64.15763092041016,0.0019878770690411,28.822,-13.475,0.479,0.0,0,0,1,,0.936,2026-03-16T12:18:11.171462,sad,0.626,2026-03-16T12:18:11.171462,0.8055640208163727,2026-03-16T12:18:10.984000,71,,,
participant_18,2,day,Town10HD_Opt,2026-03-16 12:18:12.062324,46.61740493774414,67.86772155761719,0.0020383452065289,30.2,-16.401,0.366,0.0,0,0,1,,0.921,2026-03-16T12:18:12.062324,sad,0.626,2026-03-16T12:18:11.171462,0.835960310119137,2026-03-16T12:18:12.018000,71,,,
participant_18,2,day,Town10HD_Opt,2026-03-16 12:18:12.999702,51.36407470703125,69.9485092163086,0.0021163173951208,28.951,-11.363,0.231,0.0,0,0,1,,0.896,2026-03-16T12:18:12.999702,sad,0.626,2026-03-16T12:18:11.171462,0.7550703941742613,2026-03-16T12:18:13.007000,71,,,
participant_18,2,day,Town10HD_Opt,2026-03-16 12:18:14.183727,57.51288604736328,70.49752044677734,0.00219028419815,23.577,-5.917,0.204,0.0,0,0,1,,0.889,2026-03-16T12:18:14.183727,sad,0.336,2026-03-16T12:18:14.183727,0.8461372203687149,2026-03-16T12:18:13.998000,73,,,
participant_18,2,day,Town10HD_Opt,2026-03-16 12:18:15.069137,61.46604919433594,70.26716613769531,0.0020687482319772,22.242,1.652,0.341,0.0,0,0,1,,0.846,2026-03-16T12:18:15.069137,sad,0.336,2026-03-16T12:18:14.183727,0.8177848451671138,2026-03-16T12:18:14.988000,74,,,
participant_18,2,day,Town10HD_Opt,2026-03-16 12:18:16.228557,66.71763610839844,70.121826171875,0.002018318278715,23.039,0.602,0.378,0.0,0,0,1,,0.835,2026-03-16T12:18:16.228557,neutral,0.901,2026-03-16T12:18:16.228557,0.6404742997456626,2026-03-16T12:18:16.068000,75,,,
participant_18,2,day,Town10HD_Opt,2026-03-16 12:18:17.057543,70.80083465576172,70.06865692138672,0.0020391463767737,23.383,0.338,0.288,0.0,0,0,1,,0.883,2026-03-16T12:18:17.057543,neutral,0.901,2026-03-16T12:18:16.228557,0.8088583035131157,2026-03-16T12:18:17.012000,74,,,
participant_18,2,day,Town10HD_Opt,2026-03-16 12:18:18.140728,76.11720275878906,70.04415130615234,0.0020643232855945,22.35,0.367,0.472,0.0,0,0,1,,0.919,2026-03-16T12:18:18.140728,neutral,0.901,2026-03-16T12:18:16.228557,0.7211102198702051,2026-03-16T12:18:18.003000,73,,,
participant_18,2,day,Town10HD_Opt,2026-03-16 12:18:18.991423,80.20828247070312,70.06204986572266,0.0019631197210401,24.768,0.367,0.456,0.0,0,0,1,,0.851,2026-03-16T12:18:18.991423,neutral,0.696,2026-03-16T12:18:18.991423,0.7768118837172161,2026-03-16T12:18:18.993000,72,,,
participant_18,2,day,Town10HD_Opt,2026-03-16 12:18:20.131200,86.29753875732422,70.293212890625,0.0019855499267578,27.485,7.069,0.442,0.0,0,0,1,,0.833,2026-03-16T12:18:20.131200,neutral,0.696,2026-03-16T12:18:18.991423,0.8142598403735068,2026-03-16T12:18:20.028000,69,,,
participant_18,2,day,Town10HD_Opt,2026-03-16 12:18:21.250955,92.63433074951172,72.06046295166016,0.0020188521593809,29.228,12.444,0.445,0.0,0,0,1,,0.891,2026-03-16T12:18:21.250955,neutral,0.648,2026-03-16T12:18:21.250955,0.7637774248441986,2026-03-16T12:18:21.018000,69,,,
participant_18,2,day,Town10HD_Opt,2026-03-16 12:18:22.174703,96.68887329101562,75.19938659667969,0.0020537183154374,30.071,18.969,0.449,0.0,0,0,1,,0.818,2026-03-16T12:18:22.174703,neutral,0.648,2026-03-16T12:18:21.250955,0.7095176627642047,2026-03-16T12:18:22.008000,68,,,
participant_18,2,day,Town10HD_Opt,2026-03-16 12:18:23.108734,98.96172332763672,79.95845031738281,0.002058524871245,30.966,18.181,0.45,0.0,0,0,1,,0.862,2026-03-16T12:18:23.108734,neutral,0.648,2026-03-16T12:18:21.250955,0.7412185748896,2026-03-16T12:18:22.998000,67,,,
participant_18,2,day,Town10HD_Opt,2026-03-16 12:18:24.246179,98.99698638916016,87.33479309082031,0.0020082092378288,32.698,1.457,0.445,0.0,0,0,1,,1.0,2026-03-16T12:18:24.246179,neutral,0.601,2026-03-16T12:18:24.246179,0.7669106719305093,2026-03-16T12:18:23.988000,68,,,
participant_18,2,day,Town10HD_Opt,2026-03-16 12:18:25.126668,98.45132446289062,93.11368560791016,0.0020253753755241,33.4,1.311,0.327,0.0,0,0,1,,1.0,2026-03-16T12:18:25.126668,neutral,0.601,2026-03-16T12:18:24.246179,0.8481985518376718,2026-03-16T12:18:25.023000,67,,,
participant_18,2,day,Town10HD_Opt,2026-03-16 12:18:26.224101,97.3162612915039,100.60140228271484,0.0020947263110429,31.373,3.73,0.326,0.0,0,0,1,,0.888,2026-03-16T12:18:26.224101,neutral,0.601,2026-03-16T12:18:24.246179,0.8356151108547224,2026-03-16T12:18:26.013000,68,,,
participant_18,2,day,Town10HD_Opt,2026-03-16 12:18:27.080187,95.88055419921876,105.7825927734375,0.002089538378641,29.997,4.461,0.327,0.0,0,0,1,,0.885,2026-03-16T12:18:27.080187,neutral,0.678,2026-03-16T12:18:27.080187,0.83469785502792,2026-03-16T12:18:27.002000,68,,,
participant_18,2,day,Town10HD_Opt,2026-03-16 12:18:28.209619,93.17195892333984,112.05545043945312,0.0020741650369018,28.676,4.822,0.343,0.0,0,0,1,,0.884,2026-03-16T12:18:28.209619,neutral,0.678,2026-03-16T12:18:27.080187,0.7912011821357371,2026-03-16T12:18:27.993000,67,,,
participant_18,2,day,Town10HD_Opt,2026-03-16 12:18:29.096871,90.5759048461914,116.28558349609376,0.0020650099031627,28.039,5.08,0.35,0.0,0,0,1,,1.0,2026-03-16T12:18:29.096871,neutral,0.465,2026-03-16T12:18:29.096871,0.775795406998642,2026-03-16T12:18:29.029000,65,,,
participant_18,2,day,Town10HD_Opt,2026-03-16 12:18:30.056405,87.52433776855469,120.0808334350586,0.0020619963761419,27.6,5.834,0.351,0.0,0,0,1,,0.894,2026-03-16T12:18:30.056405,neutral,0.465,2026-03-16T12:18:29.096871,0.793618841087956,2026-03-16T12:18:30.018000,66,,,
participant_18,2,day,Town10HD_Opt,2026-03-16 12:18:31.246514,82.73661041259766,124.28816223144533,0.0020561979617923,27.196,6.941,0.379,0.0,0,0,1,,0.874,2026-03-16T12:18:31.246514,neutral,0.583,2026-03-16T12:18:31.246514,0.6439179903292531,2026-03-16T12:18:31.007000,66,,,
participant_18,2,day,Town10HD_Opt,2026-03-16 12:18:32.199987,78.64088439941406,126.7380828857422,0.0020343016367405,27.509,4.442,0.393,0.0,0,0,1,,1.0,2026-03-16T12:18:32.199987,neutral,0.583,2026-03-16T12:18:31.246514,0.6457068928841362,2026-03-16T12:18:31.998000,67,,,
participant_18,2,day,Town10HD_Opt,2026-03-16 12:18:33.126250,74.20256042480469,128.7098846435547,0.0020238875877112,28.179,6.684,0.417,0.0,0,0,1,,0.925,2026-03-16T12:18:33.126250,neutral,0.583,2026-03-16T12:18:31.246514,0.7596350853188512,2026-03-16T12:18:32.988000,67,,,
participant_18,2,day,Town10HD_Opt,2026-03-16 12:18:34.060705,69.32566833496094,130.00379943847656,0.0019439317984506,30.651,6.312,0.613,0.0,0,0,1,,0.913,2026-03-16T12:18:34.060705,neutral,0.755,2026-03-16T12:18:34.060705,0.7213291139965312,2026-03-16T12:18:34.023000,68,,,
participant_18,2,day,Town10HD_Opt,2026-03-16 12:18:35.031168,63.61692810058594,130.64024353027344,0.0019172672182321,34.934,2.468,0.446,0.0,0,0,1,,0.958,2026-03-16T12:18:35.031168,neutral,0.755,2026-03-16T12:18:34.060705,0.656491387900559,2026-03-16T12:18:35.013000,71,Solid line crossing,Solid line crossing,
participant_18,2,day,Town10HD_Opt,2026-03-16 12:18:36.245850,55.32217025756836,130.80398559570312,0.0020186617039144,36.111,1.288,0.445,0.0,0,0,1,,1.0,2026-03-16T12:18:36.245850,neutral,0.897,2026-03-16T12:18:36.245850,0.585337219127962,2026-03-16T12:18:36.003000,71,,,
participant_18,2,day,Town10HD_Opt,2026-03-16 12:18:37.184919,48.95540237426758,130.60968017578125,0.0020229339133948,36.733,0.183,0.445,0.0,0,0,1,,0.872,2026-03-16T12:18:37.184919,neutral,0.897,2026-03-16T12:18:36.245850,0.662741806098451,2026-03-16T12:18:36.993000,73,,,
participant_18,2,day,Town10HD_Opt,2026-03-16 12:18:38.048646,42.48771286010742,130.3811798095703,0.0020254515111446,37.27,-0.825,0.445,0.0,0,0,1,,1.0,2026-03-16T12:18:38.048646,neutral,0.897,2026-03-16T12:18:36.245850,0.5481251509649044,2026-03-16T12:18:37.983000,73,,,
participant_18,2,day,Town10HD_Opt,2026-03-16 12:18:39.265051,33.724605560302734,130.29930114746094,0.0020285034552216,37.896,-0.153,0.445,0.0,0,0,1,,1.0,2026-03-16T12:18:39.265051,neutral,0.757,2026-03-16T12:18:39.265051,0.5626422729863055,2026-03-16T12:18:39.108000,75,,,
participant_18,2,day,Town10HD_Opt,2026-03-16 12:18:40.150580,27.065719604492188,130.31253051757812,0.0020304108038544,38.276,-0.009,0.445,0.0,0,0,1,,1.0,2026-03-16T12:18:40.150580,neutral,0.757,2026-03-16T12:18:39.265051,0.5572451219044389,2026-03-16T12:18:40.008000,76,,,
participant_18,2,day,Town10HD_Opt,2026-03-16 12:18:41.026019,20.34415435791016,130.3285369873047,0.0020319747272878,38.586,0.056,0.445,0.0,0,0,1,,1.0,2026-03-16T12:18:41.026019,neutral,0.757,2026-03-16T12:18:39.265051,0.5191202097045279,2026-03-16T12:18:40.998000,80,,,
participant_18,2,day,Town10HD_Opt,2026-03-16 12:18:42.190259,11.299034118652344,130.325927734375,0.0020338057074695,38.959,0.179,0.444,0.0,0,0,1,,1.0,2026-03-16T12:18:42.190259,neutral,0.777,2026-03-16T12:18:42.190259,0.5184618005820633,2026-03-16T12:18:41.989000,80,,,
participant_18,2,day,Town10HD_Opt,2026-03-16 12:18:43.043050,4.631786823272705,130.2779998779297,0.0022307196632027,34.955,0.282,0.0,0.0,0,0,1,,1.0,2026-03-16T12:18:43.043050,neutral,0.777,2026-03-16T12:18:42.190259,0.5871702833507964,2026-03-16T12:18:43.023000,79,,,
participant_18,2,day,Town10HD_Opt,2026-03-16 12:18:44.166628,-2.3556365966796875,130.16099548339844,0.0022813405375927,24.607,0.136,0.0,0.0,0,0,1,,0.822,2026-03-16T12:18:44.166628,neutral,0.777,2026-03-16T12:18:42.190259,0.5234746360570943,2026-03-16T12:18:44.013000,77,,,
participant_18,2,day,Town10HD_Opt,2026-03-16 12:18:45.106710,-6.1677985191345215,130.08477783203125,0.002211989602074,19.06,-0.275,0.462,0.0,0,0,1,,0.926,2026-03-16T12:18:45.106710,neutral,0.899,2026-03-16T12:18:45.106710,0.4863135876278391,2026-03-16T12:18:45.003000,75,,,
participant_18,2,day,Town10HD_Opt,2026-03-16 12:18:46.215438,-11.122110366821287,130.01239013671875,0.0018278510542586,25.706,-0.045,0.642,0.0,0,0,1,,0.896,2026-03-16T12:18:46.215438,neutral,0.899,2026-03-16T12:18:45.106710,0.5060155763419135,2026-03-16T12:18:45.994000,74,,,
participant_18,2,day,Town10HD_Opt,2026-03-16 12:18:47.031899,-16.155988693237305,129.94650268554688,0.0018270118162035,32.368,-0.019,0.642,0.0,0,0,1,,1.0,2026-03-16T12:18:47.031899,neutral,0.899,2026-03-16T12:18:45.106710,0.4349637128547911,2026-03-16T12:18:47.028000,74,,,
participant_18,2,day,Town10HD_Opt,2026-03-16 12:18:48.224195,-24.566823959350582,129.81942749023438,0.0018786245491355,39.626,1.88,0.173,0.0,0,0,1,,1.0,2026-03-16T12:18:48.224195,neutral,0.746,2026-03-16T12:18:48.224195,0.4813549415195575,2026-03-16T12:18:48.019000,75,,,
participant_18,2,day,Town10HD_Opt,2026-03-16 12:18:49.154094,-31.053544998168945,129.32655334472656,0.0023001851513981,32.749,7.644,0.0,0.0,0,0,1,,1.0,2026-03-16T12:18:49.154094,neutral,0.746,2026-03-16T12:18:48.224195,0.4644252470868596,2026-03-16T12:18:49.008000,75,,,
participant_18,2,day,Town10HD_Opt,2026-03-16 12:18:50.036010,-35.854373931884766,127.75682067871094,0.0022900763433426,25.345,18.518,0.287,0.0,0,0,1,,0.838,2026-03-16T12:18:50.036010,neutral,0.746,2026-03-16T12:18:48.224195,0.4908916103689983,2026-03-16T12:18:49.999000,75,,,
participant_18,2,day,Town10HD_Opt,2026-03-16 12:18:51.206880,-39.85272979736328,123.64746856689452,0.0020213318057358,26.032,18.543,0.464,0.0,0,0,1,,0.913,2026-03-16T12:18:51.206880,neutral,0.608,2026-03-16T12:18:51.206880,0.4786357664704344,2026-03-16T12:18:50.988000,75,,,
participant_18,2,day,Town10HD_Opt,2026-03-16 12:18:52.174106,-41.26162338256836,119.18767547607422,0.0036412416957318,28.233,11.262,0.46,0.0,0,0,1,,0.901,2026-03-16T12:18:52.174106,neutral,0.608,2026-03-16T12:18:51.206880,0.4926040795249285,2026-03-16T12:18:52.023000,76,,,
participant_18,2,day,Town10HD_Opt,2026-03-16 12:18:53.199502,-41.57476806640625,114.11468505859376,0.0019656375516206,30.111,-0.364,0.456,0.0,0,0,1,,0.858,2026-03-16T12:18:53.199502,neutral,0.608,2026-03-16T12:18:51.206880,0.5434646124145435,2026-03-16T12:18:53.014000,77,,,
participant_18,2,day,Town10HD_Opt,2026-03-16 12:18:54.139579,-41.69512176513672,108.71482849121094,0.001990966964513,31.746,2.473,0.456,0.0,0,0,1,,0.867,2026-03-16T12:18:54.139579,neutral,0.595,2026-03-16T12:18:54.139579,0.5916189058027729,2026-03-16T12:18:54.003000,77,,,
participant_18,2,day,Town10HD_Opt,2026-03-16 12:18:55.070958,-41.557899475097656,103.10321044921876,0.0020634841639548,31.741,-0.938,0.319,0.0,0,0,1,,0.863,2026-03-16T12:18:55.070958,neutral,0.595,2026-03-16T12:18:54.139579,0.5320231359299005,2026-03-16T12:18:54.993000,76,,,
participant_18,2,day,Town10HD_Opt,2026-03-16 12:18:56.271148,-41.5013427734375,95.91549682617188,0.0020896908827126,29.697,-0.618,0.319,0.0,0,0,1,,1.0,2026-03-16T12:18:56.271148,neutral,0.908,2026-03-16T12:18:56.271148,0.5265863857849679,2026-03-16T12:18:56.028000,75,,,
participant_18,2,day,Town10HD_Opt,2026-03-16 12:18:57.234227,-41.56448745727539,90.80841827392578,0.0020819853525608,28.556,-0.508,0.36,0.0,0,0,1,,0.825,2026-03-16T12:18:57.234227,neutral,0.908,2026-03-16T12:18:56.271148,0.5972444193997337,2026-03-16T12:18:57.018000,75,,,
participant_18,2,day,Town10HD_Opt,2026-03-16 12:18:58.110641,-41.645633697509766,85.84606170654297,0.002055816585198,28.183,1.293,0.346,0.0,0,0,1,,1.0,2026-03-16T12:18:58.110641,neutral,0.908,2026-03-16T12:18:56.271148,0.5831918291491602,2026-03-16T12:18:58.008000,76,,,
participant_18,2,day,Town10HD_Opt,2026-03-16 12:18:59.030191,-41.48769760131836,80.9735107421875,0.0020714185666292,27.37,7.107,0.327,0.0,0,0,1,,1.0,2026-03-16T12:18:59.030191,sad,0.484,2026-03-16T12:18:59.030191,0.4662934492711957,2026-03-16T12:18:58.999000,77,,,
participant_18,2,day,Town10HD_Opt,2026-03-16 12:19:00.262186,-39.73436737060547,75.07088470458984,0.0021210857667028,25.846,21.884,0.359,0.0,0,0,1,,0.892,2026-03-16T12:19:00.262186,sad,0.484,2026-03-16T12:18:59.030191,0.5745890895537121,2026-03-16T12:18:59.988000,80,,,
participant_18,2,day,Town10HD_Opt,2026-03-16 12:19:01.152413,-36.50766372680664,72.03250122070312,0.0020989223849028,25.573,21.729,0.378,0.0,0,0,1,,1.0,2026-03-16T12:19:01.152413,sad,0.381,2026-03-16T12:19:01.152413,0.5160788483375134,2026-03-16T12:19:01.023000,80,,,
participant_18,2,day,Town10HD_Opt,2026-03-16 12:19:02.091171,-32.274654388427734,70.57160186767578,0.0020442581735551,26.041,5.858,0.378,0.0,0,0,1,,0.849,2026-03-16T12:19:02.091171,sad,0.381,2026-03-16T12:19:01.152413,0.5735791595726956,2026-03-16T12:19:02.014000,77,,,
participant_18,2,day,Town10HD_Opt,2026-03-16 12:19:03.030848,-27.758007049560547,69.76403045654297,0.0020372772123664,26.416,8.961,0.39,0.0,0,0,1,,0.852,2026-03-16T12:19:03.030848,sad,0.381,2026-03-16T12:19:01.152413,0.5536652474816991,2026-03-16T12:19:03.003000,78,,,
participant_18,2,day,Town10HD_Opt,2026-03-16 12:19:04.237210,-21.51719856262207,69.75885772705078,0.0020245360210537,27.219,-2.047,0.39,0.0,0,0,1,,1.0,2026-03-16T12:19:04.237210,neutral,0.458,2026-03-16T12:19:04.237210,0.4917069045385003,2026-03-16T12:19:03.993000,75,,,
participant_18,2,day,Town10HD_Opt,2026-03-16 12:19:05.110835,-16.710216522216797,69.79547882080078,0.0020257185678929,27.764,1.358,0.39,0.0,0,0,1,,1.0,2026-03-16T12:19:05.110835,neutral,0.458,2026-03-16T12:19:04.237210,0.5560187236599607,2026-03-16T12:19:05.029000,73,,,
participant_18,2,day,Town10HD_Opt,2026-03-16 12:19:05.991559,-11.813665390014648,69.92599487304688,0.0020276259165257,28.253,0.418,0.391,0.0,0,0,1,,1.0,2026-03-16T12:19:05.991559,neutral,0.458,2026-03-16T12:19:04.237210,0.5104071226562823,2026-03-16T12:19:06.018000,74,,,
participant_18,2,day,Town10HD_Opt,2026-03-16 12:19:07.107326,-5.181028842926025,70.13428497314453,0.0020585632883012,28.159,-0.74,0.31,0.0,0,0,1,,1.0,2026-03-16T12:19:07.107326,neutral,0.9,2026-03-16T12:19:07.107326,0.5127044801777305,2026-03-16T12:19:07.009000,75,,,
participant_18,2,day,Town10HD_Opt,2026-03-16 12:19:07.997625,-0.3393271565437317,70.18739318847656,0.0020824812818318,26.999,-0.402,0.31,0.0,0,0,1,,1.0,2026-03-16T12:19:07.997625,neutral,0.9,2026-03-16T12:19:07.107326,0.5761122928789827,2026-03-16T12:19:07.998000,75,,,
participant_18,2,day,Town10HD_Opt,2026-03-16 12:19:09.126203,5.740139007568359,70.14456939697266,0.0021746058482676,23.592,0.223,0.0,0.0,0,0,1,,0.838,2026-03-16T12:19:09.126203,neutral,0.937,2026-03-16T12:19:09.126203,0.5074910938652814,2026-03-16T12:19:09.033000,77,,,
participant_18,2,day,Town10HD_Opt,2026-03-16 12:19:10.249475,10.40103816986084,70.0994644165039,0.001966132549569,16.492,0.023,0.0,0.0,0,0,1,,0.837,2026-03-16T12:19:10.249475,neutral,0.937,2026-03-16T12:19:09.126203,0.5569139891071594,2026-03-16T12:19:10.023000,79,,,
participant_18,2,day,Town10HD_Opt,2026-03-16 12:19:11.071480,13.055770874023438,70.07469940185547,0.0019481275230646,14.673,-0.026,0.24,0.0,0,0,1,,0.826,2026-03-16T12:19:11.071480,neutral,0.937,2026-03-16T12:19:09.126203,0.6106860690713546,2026-03-16T12:19:11.014000,81,,,
participant_18,2,day,Town10HD_Opt,2026-03-16 12:19:11.990375,15.63493537902832,70.05208587646484,0.0019290923373773,14.591,0.148,0.258,0.0,0,0,1,,0.836,2026-03-16T12:19:11.990375,neutral,0.607,2026-03-16T12:19:11.990375,0.5292785169670199,2026-03-16T12:19:12.004000,81,,,
participant_18,2,day,Town10HD_Opt,2026-03-16 12:19:13.115398,19.23953628540039,70.02992248535156,0.0018678666092455,16.591,0.139,0.305,0.0,0,0,1,,0.866,2026-03-16T12:19:13.115398,neutral,0.607,2026-03-16T12:19:11.990375,0.4652820780181406,2026-03-16T12:19:12.994000,80,,,
participant_18,2,day,Town10HD_Opt,2026-03-16 12:19:14.244075,22.84344482421875,70.01699829101562,0.0020598215050995,12.579,0.129,0.0,0.12,0,0,1,,0.847,2026-03-16T12:19:14.244075,neutral,0.495,2026-03-16T12:19:14.244075,0.5337976508070474,2026-03-16T12:19:14.029000,76,,,
participant_18,2,day,Town10HD_Opt,2026-03-16 12:19:15.112398,24.73556900024414,70.01393127441406,0.0020297998562455,9.042,0.129,0.0,0.003,0,0,1,,0.836,2026-03-16T12:19:15.112398,neutral,0.495,2026-03-16T12:19:14.244075,0.4824720219217253,2026-03-16T12:19:15.018000,73,,,
participant_18,2,day,Town10HD_Opt,2026-03-16 12:19:15.989148,26.09816551208496,70.01335906982422,0.0020193096715956,6.121,0.129,0.0,0.118,0,0,1,,0.821,2026-03-16T12:19:15.989148,neutral,0.495,2026-03-16T12:19:14.244075,0.5075736641043084,2026-03-16T12:19:16.008000,73,,,
participant_18,2,day,Town10HD_Opt,2026-03-16 12:19:17.095991,26.49357795715332,70.01343536376953,0.0019588468130677,0.003,0.129,0.0,0.0,0,0,1,,0.867,2026-03-16T12:19:17.095991,neutral,0.714,2026-03-16T12:19:17.095991,0.4719269379900511,2026-03-16T12:19:16.999000,73,,,
participant_18,2,day,Town10HD_Opt,2026-03-16 12:19:18.008832,26.915014266967773,70.01154327392578,0.0015562833286821,8.513,-1.255,0.855,0.0,0,0,1,,0.948,2026-03-16T12:19:18.008832,neutral,0.714,2026-03-16T12:19:17.095991,0.3581428898405557,2026-03-16T12:19:18.033000,73,,,errors=Stop sign violation
participant_18,2,day,Town10HD_Opt,2026-03-16 12:19:19.183813,30.52915954589844,69.77462005615234,0.001908226753585,20.834,-7.789,0.625,0.0,0,0,1,,1.0,2026-03-16T12:19:19.183813,sad,0.474,2026-03-16T12:19:19.183813,0.4576544951720055,2026-03-16T12:19:19.029000,74,,,
participant_18,2,day,Town10HD_Opt,2026-03-16 12:19:20.109604,34.49106979370117,68.78907775878906,0.001886787940748,26.032,-13.826,0.569,0.0,0,0,1,,0.869,2026-03-16T12:19:20.109604,sad,0.474,2026-03-16T12:19:19.183813,0.4239704365823248,2026-03-16T12:19:20.013000,75,,,
participant_18,2,day,Town10HD_Opt,2026-03-16 12:19:21.262943,39.88451766967773,65.57482147216797,0.0022708121687173,23.39,-8.594,0.0,0.405,0,0,1,,0.843,2026-03-16T12:19:21.262943,neutral,0.515,2026-03-16T12:19:21.262943,0.3845013092368087,2026-03-16T12:19:21.003000,76,,,
participant_18,2,day,Town10HD_Opt,2026-03-16 12:19:22.127164,41.82811737060547,63.78758239746094,0.0029859119094908,0.003,-9.907,0.0,0.422,0,0,1,,0.933,2026-03-16T12:19:22.127164,neutral,0.515,2026-03-16T12:19:21.262943,0.3957040410545006,2026-03-16T12:19:21.993000,77,,,
participant_18,2,day,Town10HD_Opt,2026-03-16 12:19:23.221583,41.82907104492188,63.7865104675293,0.0019299697596579,0.003,-9.043,0.0,0.0,0,0,1,,1.0,2026-03-16T12:19:23.221583,neutral,0.515,2026-03-16T12:19:21.262943,0.4032860147640365,2026-03-16T12:19:23.029000,75,,,
participant_18,2,day,Town10HD_Opt,2026-03-16 12:19:24.107219,41.84548568725586,63.76743698120117,0.0018249133136123,2.233,-12.857,0.949,0.0,0,0,1,,0.859,2026-03-16T12:19:24.107219,sad,0.34,2026-03-16T12:19:24.107219,0.4198803470306077,2026-03-16T12:19:24.019000,73,,,
participant_18,2,day,Town10HD_Opt,2026-03-16 12:19:25.236312,43.25478363037109,61.61764907836914,0.0017668165965005,19.902,-16.955,0.698,0.0,0,0,1,,0.842,2026-03-16T12:19:25.236312,sad,0.34,2026-03-16T12:19:24.107219,0.4267328353287484,2026-03-16T12:19:25.008000,73,,,
participant_18,2,day,Town10HD_Opt,2026-03-16 12:19:26.086953,44.51453399658203,58.02937698364258,0.0020425033289939,22.357,-16.332,0.18,0.0,0,0,1,,0.902,2026-03-16T12:19:26.086953,sad,0.34,2026-03-16T12:19:24.107219,0.4271842596494257,2026-03-16T12:19:25.998000,72,,,
participant_18,2,day,Town10HD_Opt,2026-03-16 12:19:27.246418,44.67182159423828,53.31887435913086,0.0021197122987359,18.169,-7.663,0.141,0.0,0,0,1,,0.841,2026-03-16T12:19:27.246418,angry,0.566,2026-03-16T12:19:27.246418,0.4359075473235713,2026-03-16T12:19:27.033000,69,,,
participant_18,2,day,Town10HD_Opt,2026-03-16 12:19:28.106715,44.36611175537109,50.14776611328125,0.0026158150285482,19.405,0.921,0.666,0.0,0,0,1,,0.928,2026-03-16T12:19:28.106715,angry,0.566,2026-03-16T12:19:27.246418,0.4073023974144632,2026-03-16T12:19:28.113000,69,,,
participant_18,2,day,Town10HD_Opt,2026-03-16 12:19:28.999415,44.11707305908203,46.16734313964844,0.0015285121044144,27.03,1.481,0.685,0.0,0,0,1,,0.954,2026-03-16T12:19:28.999415,angry,0.566,2026-03-16T12:19:27.246418,0.3732155008965917,2026-03-16T12:19:29.058000,69,,,
participant_18,2,day,Town10HD_Opt,2026-03-16 12:19:30.180327,44.00830841064453,39.08196640014648,0.0021059033460915,30.1,7.682,0.0,0.0,0,0,1,,0.944,2026-03-16T12:19:30.180327,sad,0.487,2026-03-16T12:19:30.180327,0.3273490880528832,2026-03-16T12:19:30.010000,68,,,
participant_18,2,day,Town10HD_Opt,2026-03-16 12:19:31.069409,44.88984298706055,34.44264602661133,0.002181930001825,25.102,14.577,0.402,0.0,0,0,1,,0.902,2026-03-16T12:19:31.069409,sad,0.487,2026-03-16T12:19:30.180327,0.4444826060994283,2026-03-16T12:19:30.993000,69,,,
participant_18,2,day,Town10HD_Opt,2026-03-16 12:19:32.180392,48.40774917602539,29.50858497619629,0.0019222263945266,29.562,18.558,0.613,0.0,0,0,1,,1.0,2026-03-16T12:19:32.180392,neutral,0.443,2026-03-16T12:19:32.180392,0.431988532014101,2026-03-16T12:19:32.028000,70,,,
participant_18,2,day,Town10HD_Opt,2026-03-16 12:19:33.050477,53.34185409545898,27.10944557189941,0.001977844396606,33.297,15.112,0.231,0.0,0,0,1,,1.0,2026-03-16T12:19:33.050477,neutral,0.443,2026-03-16T12:19:32.180392,0.3538008788749776,2026-03-16T12:19:33.018000,69,,,
participant_18,2,day,Town10HD_Opt,2026-03-16 12:19:34.169563,60.51421737670898,26.19013214111328,0.0021810145117342,28.29,-0.773,0.173,0.0,0,0,1,,0.926,2026-03-16T12:19:34.169563,neutral,0.443,2026-03-16T12:19:32.180392,0.399351517464422,2026-03-16T12:19:34.008000,70,,,
participant_18,2,day,Town10HD_Opt,2026-03-16 12:19:35.056165,65.0821304321289,25.72229766845703,0.0021664805244654,23.999,0.949,0.173,0.0,0,0,1,,0.862,2026-03-16T12:19:35.056165,sad,0.355,2026-03-16T12:19:35.056165,0.3951525728546449,2026-03-16T12:19:34.998000,70,,,
participant_18,2,day,Town10HD_Opt,2026-03-16 12:19:36.253932,70.22699737548828,25.33351707458496,0.002124938648194,20.282,1.344,0.298,0.0,0,0,1,,0.911,2026-03-16T12:19:36.253932,sad,0.355,2026-03-16T12:19:35.056165,0.4738369984728763,2026-03-16T12:19:36.034000,72,,,
participant_18,2,day,Town10HD_Opt,2026-03-16 12:19:37.163114,73.60381317138672,25.183683395385746,0.0019627755973488,17.593,1.589,0.0,0.0,0,0,1,,0.917,2026-03-16T12:19:37.163114,neutral,0.466,2026-03-16T12:19:37.163114,0.3996850590197143,2026-03-16T12:19:37.024000,72,,,
participant_18,2,day,Town10HD_Opt,2026-03-16 12:19:38.030973,76.36381530761719,25.136404037475582,0.002042464679107,13.636,1.57,0.102,0.0,0,0,1,,0.889,2026-03-16T12:19:38.030973,neutral,0.466,2026-03-16T12:19:37.163114,0.4807849567576438,2026-03-16T12:19:38.016000,73,,,
participant_18,2,day,Town10HD_Opt,2026-03-16 12:19:39.140964,80.5843505859375,25.18350982666016,0.0016502394573763,26.922,1.514,1.0,0.0,0,0,1,,0.915,2026-03-16T12:19:39.140964,neutral,0.466,2026-03-16T12:19:37.163114,0.4995353122690019,2026-03-16T12:19:39.004000,74,,,errors=Red light violation
participant_18,2,day,Town10HD_Opt,2026-03-16 12:19:40.256159,89.14301300048828,25.462814331054688,0.0016448226524516,45.689,-4.881,0.55,0.0,0,0,1,,1.0,2026-03-16T12:19:40.256159,neutral,0.64,2026-03-16T12:19:40.256159,0.4079131308501924,2026-03-16T12:19:39.993000,74,,,
participant_18,2,day,Town10HD_Opt,2026-03-16 12:19:41.097379,97.09361267089844,24.34026336669922,0.0021319196093827,44.491,-11.776,0.291,0.0,0,0,1,,0.844,2026-03-16T12:19:41.097379,neutral,0.64,2026-03-16T12:19:40.256159,0.3946816022861962,2026-03-16T12:19:41.029000,74,,,
participant_18,2,day,Town10HD_Opt,2026-03-16 12:19:42.171584,104.68366241455078,18.894454956054688,0.0023419179487973,35.329,-15.243,0.0,0.0,0,0,1,,0.83,2026-03-16T12:19:42.171584,neutral,0.64,2026-03-16T12:19:40.256159,0.4117595663640497,2026-03-16T12:19:42.018000,74,,,
participant_18,2,day,Town10HD_Opt,2026-03-16 12:19:42.996250,106.80184936523438,13.87168312072754,0.0022977057378739,27.919,-13.609,0.856,0.0,0,0,1,,0.838,2026-03-16T12:19:42.996250,neutral,0.373,2026-03-16T12:19:42.996250,0.3827955071551042,2026-03-16T12:19:43.009000,74,,,
participant_18,2,day,Town10HD_Opt,2026-03-16 12:19:44.154076,107.21519470214844,5.789847373962402,0.0015833298675715,43.981,-1.318,0.962,0.0,0,0,1,,0.879,2026-03-16T12:19:44.154076,neutral,0.373,2026-03-16T12:19:42.996250,0.4733723848552054,2026-03-16T12:19:43.999000,74,,,
participant_18,2,day,Town10HD_Opt,2026-03-16 12:19:45.006971,107.05715942382812,-2.9014534950256348,0.0020357512403279,49.318,1.175,1.0,0.0,0,0,1,,0.832,2026-03-16T12:19:45.006971,neutral,0.865,2026-03-16T12:19:45.006971,0.5453651914344299,2026-03-16T12:19:45.044000,73,,,
participant_18,2,day,Town10HD_Opt,2026-03-16 12:19:46.043825,107.19564056396484,-14.55046844482422,0.0021652597934007,49.064,-0.632,0.978,0.0,0,0,1,,0.919,2026-03-16T12:19:46.043825,neutral,0.865,2026-03-16T12:19:45.006971,0.5142188227623858,2026-03-16T12:19:46.024000,74,,,
participant_18,2,day,Town10HD_Opt,2026-03-16 12:19:47.080301,106.98300170898438,-26.21451187133789,0.0018944937037304,51.93,-3.57,0.0,0.146,0,0,1,,0.919,2026-03-16T12:19:47.080301,angry,0.846,2026-03-16T12:19:47.080301,0.5512166394933412,2026-03-16T12:19:47.024000,73,,,errors=Solid line crossing
participant_18,2,day,Town10HD_Opt,2026-03-16 12:19:48.180350,104.63308715820312,-37.77407455444336,0.0019670871552079,50.978,-5.451,0.0,0.148,0,0,1,,0.958,2026-03-16T12:19:48.180350,angry,0.846,2026-03-16T12:19:47.080301,0.4636403665634433,2026-03-16T12:19:48.004000,73,,,
participant_18,2,day,Town10HD_Opt,2026-03-16 12:19:48.989182,100.92192840576172,-45.6186752319336,0.0018381125992164,52.176,-5.602,0.0,0.201,0,0,1,,0.946,2026-03-16T12:19:48.989182,angry,0.846,2026-03-16T12:19:47.080301,0.502563160451174,2026-03-16T12:19:48.998000,72,,,
participant_18,2,day,Town10HD_Opt,2026-03-16 12:19:50.112044,93.26519012451172,-54.54074478149414,0.0020795057062059,49.84,-5.538,0.967,0.0,0,0,1,,0.972,2026-03-16T12:19:50.112044,neutral,0.709,2026-03-16T12:19:50.112044,0.5780369432229077,2026-03-16T12:19:50.029000,74,,,
participant_18,2,day,Town10HD_Opt,2026-03-16 12:19:51.246128,83.40193939208984,-60.73596954345703,0.0022017282899469,48.778,-3.86,0.967,0.0,0,0,1,,0.906,2026-03-16T12:19:51.246128,neutral,0.709,2026-03-16T12:19:50.112044,0.6418955628448786,2026-03-16T12:19:51.064000,74,,,
participant_18,2,day,Town10HD_Opt,2026-03-16 12:19:52.169832,75.0936279296875,-63.71146774291992,0.0022072212304919,48.714,-3.855,0.967,0.0,0,0,1,,0.926,2026-03-16T12:19:52.169832,angry,0.651,2026-03-16T12:19:52.169832,0.6296421544562155,2026-03-16T12:19:52.009000,73,,,
participant_18,2,day,Town10HD_Opt,2026-03-16 12:19:53.019249,66.4913558959961,-65.29900360107422,0.0022308724001049,47.702,-3.811,0.967,0.0,0,0,1,,0.895,2026-03-16T12:19:53.019249,angry,0.651,2026-03-16T12:19:52.169832,0.7280069776695541,2026-03-16T12:19:52.998000,72,,,
participant_18,2,day,Town10HD_Opt,2026-03-16 12:19:54.240246,54.89308166503906,-65.82286071777344,0.0021242902148514,50.066,0.766,0.967,0.0,0,0,1,,0.834,2026-03-16T12:19:54.240246,neutral,0.542,2026-03-16T12:19:54.240246,0.6593089300944104,2026-03-16T12:19:54.043000,70,,,
participant_18,2,day,Town10HD_Opt,2026-03-16 12:19:55.156400,46.13517379760742,-66.1904067993164,0.0021299740765243,49.274,-0.204,0.967,0.0,0,0,1,,0.916,2026-03-16T12:19:55.156400,neutral,0.542,2026-03-16T12:19:54.240246,0.6847321777436891,2026-03-16T12:19:55.023000,71,,,
participant_18,2,day,Town10HD_Opt,2026-03-16 12:19:56.025041,37.3193588256836,-66.51016998291016,0.0021670907735824,49.19,-0.19,0.967,0.0,0,0,1,,0.927,2026-03-16T12:19:56.025041,neutral,0.542,2026-03-16T12:19:54.240246,0.6813300061571924,2026-03-16T12:19:56.013000,70,,,
participant_18,2,day,Town10HD_Opt,2026-03-16 12:19:57.143178,25.65217971801757,-66.82730865478516,0.001941948197782,50.92,-0.073,0.0,0.0,0,0,1,,0.904,2026-03-16T12:19:57.143178,neutral,0.586,2026-03-16T12:19:57.143178,0.6811990613956364,2026-03-16T12:19:57.004000,70,,,
participant_18,2,day,Town10HD_Opt,2026-03-16 12:19:58.216688,15.004409790039062,-67.05522918701172,0.0023789203260093,38.214,-0.073,0.0,0.0,0,0,1,,0.883,2026-03-16T12:19:58.216688,neutral,0.586,2026-03-16T12:19:57.143178,0.6436887802821919,2026-03-16T12:19:57.994000,71,,,
participant_18,3,day,Town10HD_Opt,2026-03-16 12:30:00.000000,-41.66858673095703,89.7454833984375,0.5804919004440308,16.777,0.949,0.234,0.0,0,0,1,,1.0,2026-03-16T12:30:00,,,2026-03-16T12:30:00,0.5453905333656799,2026-03-16T12:30:00,65,,,
participant_18,3,day,Town10HD_Opt,2026-03-16 12:30:05.540421,-41.68869400024414,86.67068481445312,0.0017222976312041,16.827,0.973,0.25,0.0,0,0,1,,0.893,2026-03-16T12:30:05.540421,,,2026-03-16T12:30:05.540421,0.5730510800837281,2026-03-16T12:30:06.031000,67,,,
participant_18,3,day,Town10HD_Opt,2026-03-16 12:30:06.167241,-41.66997909545898,84.63215637207031,0.00204429612495,18.43,1.29,0.632,0.0,0,0,1,,0.923,2026-03-16T12:30:06.167241,,,2026-03-16T12:30:05.540421,0.5883083718915451,2026-03-16T12:30:06.031000,66,,,
participant_18,3,day,Town10HD_Opt,2026-03-16 12:30:07.188016,-41.51387786865234,81.09839630126953,0.0019025802612304,22.409,4.775,0.513,0.0,0,0,1,,0.818,2026-03-16T12:30:07.188016,,,2026-03-16T12:30:05.540421,0.5449783359711124,2026-03-16T12:30:06.975000,68,,,
participant_18,3,day,Town10HD_Opt,2026-03-16 12:30:08.153583,-40.810302734375,76.9923095703125,0.0020050429739058,24.619,11.672,0.39,0.0,0,0,1,,1.0,2026-03-16T12:30:08.153583,neutral,0.509,2026-03-16T12:30:08.153583,0.5504499208762309,2026-03-16T12:30:07.966000,69,,,
participant_18,3,day,Town10HD_Opt,2026-03-16 12:30:09.243295,-38.87877655029297,73.18700408935547,0.0020964050199836,24.403,23.588,0.349,0.0,0,0,1,,1.0,2026-03-16T12:30:09.243295,neutral,0.509,2026-03-16T12:30:08.153583,0.6170638122956875,2026-03-16T12:30:09,69,,,
participant_18,3,day,Town10HD_Opt,2026-03-16 12:30:10.237598,-35.506893157958984,70.718017578125,0.0021069336216896,23.995,22.002,0.348,0.0,0,0,1,,1.0,2026-03-16T12:30:10.237598,neutral,0.926,2026-03-16T12:30:10.237598,0.5293660434656318,2026-03-16T12:30:09.991000,70,,,
participant_18,3,day,Town10HD_Opt,2026-03-16 12:30:11.065057,-32.8332405090332,69.91825866699219,0.0020756148733198,23.939,12.132,0.328,0.0,0,0,1,,0.919,2026-03-16T12:30:11.065057,neutral,0.926,2026-03-16T12:30:10.237598,0.5522284216909429,2026-03-16T12:30:11.006000,72,,,
participant_18,3,day,Town10HD_Opt,2026-03-16 12:30:12.006814,-28.70312690734864,69.57222747802734,0.0020706176292151,23.528,10.142,0.327,0.0,0,0,1,,0.902,2026-03-16T12:30:12.006814,neutral,0.926,2026-03-16T12:30:10.237598,0.5801814036243191,2026-03-16T12:30:11.970000,73,,,
participant_18,3,day,Town10HD_Opt,2026-03-16 12:30:13.273216,-23.26253128051757,69.8614501953125,0.0020547865424305,23.1,-2.621,0.327,0.0,0,0,1,,0.959,2026-03-16T12:30:13.273216,neutral,0.603,2026-03-16T12:30:13.273216,0.5587551174751101,2026-03-16T12:30:12.959000,72,,,
participant_18,3,day,Town10HD_Opt,2026-03-16 12:30:14.233830,-19.23838424682617,69.9567642211914,0.0020528030581772,22.839,0.815,0.328,0.0,0,0,1,,0.817,2026-03-16T12:30:14.233830,neutral,0.603,2026-03-16T12:30:13.273216,0.6228340460651562,2026-03-16T12:30:14.040000,74,,,
participant_18,3,day,Town10HD_Opt,2026-03-16 12:30:15.168045,-15.26027774810791,70.0866928100586,0.0020512770861387,22.587,-0.703,0.328,0.0,0,0,1,,1.0,2026-03-16T12:30:15.168045,neutral,0.603,2026-03-16T12:30:13.273216,0.6536731419300019,2026-03-16T12:30:14.985000,76,,,
participant_18,3,day,Town10HD_Opt,2026-03-16 12:30:16.092281,-11.319897651672363,70.1524887084961,0.0020505141001194,22.377,-1.248,0.328,0.0,0,0,1,,0.808,2026-03-16T12:30:16.092281,sad,0.775,2026-03-16T12:30:16.092281,0.5951743543134587,2026-03-16T12:30:15.975000,78,,,
participant_18,3,day,Town10HD_Opt,2026-03-16 12:30:17.032101,-7.413825511932373,70.13492584228516,0.0020497892983257,22.191,-0.472,0.328,0.0,0,0,1,,1.0,2026-03-16T12:30:17.032101,sad,0.775,2026-03-16T12:30:16.092281,0.5197516855926351,2026-03-16T12:30:16.965000,78,,,
participant_18,3,day,Town10HD_Opt,2026-03-16 12:30:18.252635,-2.252580165863037,70.07672882080078,0.0020486831199377,21.98,-0.139,0.328,0.0,0,0,1,,1.0,2026-03-16T12:30:18.252635,neutral,0.731,2026-03-16T12:30:18.252635,0.5187914858389063,2026-03-16T12:30:18,81,,,
participant_18,3,day,Town10HD_Opt,2026-03-16 12:30:19.229380,1.565045952796936,70.02544403076172,0.0020748518873006,21.337,0.026,0.258,0.0,0,0,1,,0.902,2026-03-16T12:30:19.229380,neutral,0.731,2026-03-16T12:30:18.252635,0.4835190402987884,2026-03-16T12:30:18.990000,82,,,
participant_18,3,day,Town10HD_Opt,2026-03-16 12:30:20.117499,5.176708698272705,69.98302459716797,0.002090988215059,19.887,0.331,0.253,0.0,0,0,1,,0.853,2026-03-16T12:30:20.117499,neutral,0.731,2026-03-16T12:30:18.252635,0.6136372441663512,2026-03-16T12:30:19.981000,84,,,
participant_18,3,day,Town10HD_Opt,2026-03-16 12:30:21.023813,8.521238327026367,69.96258544921875,0.0021186827216297,18.115,0.233,0.139,0.0,0,0,1,,0.837,2026-03-16T12:30:21.023813,neutral,0.562,2026-03-16T12:30:21.023813,0.5978624495882426,2026-03-16T12:30:20.970000,85,,,
participant_18,3,day,Town10HD_Opt,2026-03-16 12:30:22.227468,12.530631065368652,69.95336151123047,0.0019835662096738,15.754,-0.016,0.12,0.0,0,0,1,,1.0,2026-03-16T12:30:22.227468,neutral,0.562,2026-03-16T12:30:21.023813,0.5080454821452511,2026-03-16T12:30:21.960000,82,,,
participant_18,3,day,Town10HD_Opt,2026-03-16 12:30:23.170359,15.140382766723633,69.94752502441406,0.0019756315741688,13.968,-0.023,0.121,0.0,0,0,1,,1.0,2026-03-16T12:30:23.170359,neutral,0.585,2026-03-16T12:30:23.170359,0.5443825354482175,2026-03-16T12:30:22.996000,81,,,
participant_18,3,day,Town10HD_Opt,2026-03-16 12:30:24.118124,17.46761131286621,69.94142150878906,0.0019644927233457,12.539,-0.023,0.12,0.0,0,0,1,,0.809,2026-03-16T12:30:24.118124,neutral,0.585,2026-03-16T12:30:23.170359,0.5221583311059319,2026-03-16T12:30:23.985000,80,,,
participant_18,3,day,Town10HD_Opt,2026-03-16 12:30:25.036742,19.56692695617676,69.93533325195312,0.0019558714702725,11.38,-0.023,0.12,0.0,0,0,1,,1.0,2026-03-16T12:30:25.036742,neutral,0.585,2026-03-16T12:30:23.170359,0.5531596614118155,2026-03-16T12:30:24.975000,76,,,
participant_18,3,day,Town10HD_Opt,2026-03-16 12:30:26.281480,22.0832462310791,69.92747497558594,0.0019477843306958,10.116,-0.023,0.0,0.0,0,0,1,,1.0,2026-03-16T12:30:26.281480,neutral,0.609,2026-03-16T12:30:26.281480,0.5723028355971458,2026-03-16T12:30:25.965000,75,,,
participant_18,3,day,Town10HD_Opt,2026-03-16 12:30:27.197065,23.69271469116211,69.921875,0.0019904708024114,7.859,-0.023,0.0,0.0,0,0,1,,1.0,2026-03-16T12:30:27.197065,neutral,0.609,2026-03-16T12:30:26.281480,0.629021641310521,2026-03-16T12:30:27,75,,,
participant_18,3,day,Town10HD_Opt,2026-03-16 12:30:28.173407,24.93245315551757,69.91735076904297,0.0019903564825654,5.788,-0.023,0.0,0.166,0,0,1,,1.0,2026-03-16T12:30:28.173407,neutral,0.609,2026-03-16T12:30:26.281480,0.5734670089292666,2026-03-16T12:30:27.995000,75,,,
participant_18,3,day,Town10HD_Opt,2026-03-16 12:30:29.081732,25.13512420654297,69.91613006591797,0.0019839857704937,0.0,-0.023,0.0,0.004,0,0,1,,1.0,2026-03-16T12:30:29.081732,neutral,0.629,2026-03-16T12:30:29.081732,0.6245442033498001,2026-03-16T12:30:28.980000,74,Solid line crossing,Solid line crossing,
participant_18,3,day,Town10HD_Opt,2026-03-16 12:30:30.296745,25.37164306640625,69.9156265258789,0.0017912673065438,3.608,-0.026,0.312,0.0,0,0,1,,1.0,2026-03-16T12:30:30.296745,neutral,0.629,2026-03-16T12:30:29.081732,0.592609730543127,2026-03-16T12:30:29.970000,72,,,
participant_18,3,day,Town10HD_Opt,2026-03-16 12:30:31.227004,26.095766067504883,69.9130859375,0.0019202422117814,4.078,-0.026,0.0,0.0,0,0,1,,1.0,2026-03-16T12:30:31.227004,fear,0.376,2026-03-16T12:30:31.227004,0.6003846367892673,2026-03-16T12:30:30.961000,72,,,
participant_18,3,day,Town10HD_Opt,2026-03-16 12:30:32.137989,26.20126724243164,69.91287231445312,0.0019567108247429,0.003,-0.026,0.0,0.0,0,0,1,,0.85,2026-03-16T12:30:32.137989,fear,0.376,2026-03-16T12:30:31.227004,0.6709716340158773,2026-03-16T12:30:31.996000,71,,,
participant_18,3,day,Town10HD_Opt,2026-03-16 12:30:33.011618,26.27154922485352,69.91258239746094,0.0017990875057876,2.084,-0.035,0.555,0.0,0,0,1,,1.0,2026-03-16T12:30:33.011618,fear,0.376,2026-03-16T12:30:31.227004,0.5801045976589619,2026-03-16T12:30:32.985000,70,,,
participant_18,3,day,Town10HD_Opt,2026-03-16 12:30:34.191703,27.742265701293945,69.9081039428711,0.001798210083507,9.229,-0.035,0.254,0.0,0,0,1,,1.0,2026-03-16T12:30:34.191703,neutral,0.766,2026-03-16T12:30:34.191703,0.6763706242059004,2026-03-16T12:30:34.065000,70,,,
participant_18,3,day,Town10HD_Opt,2026-03-16 12:30:35.154861,29.45385360717773,69.9023208618164,0.0018961334135383,10.131,-0.035,0.187,0.0,0,0,1,,1.0,2026-03-16T12:30:35.154861,neutral,0.766,2026-03-16T12:30:34.191703,0.6254870990072569,2026-03-16T12:30:35.011000,68,,,
participant_18,3,day,Town10HD_Opt,2026-03-16 12:30:36.153733,31.234413146972656,69.88616943359375,0.0019265746232122,10.048,-2.188,0.137,0.0,0,0,1,,1.0,2026-03-16T12:30:36.153733,neutral,0.766,2026-03-16T12:30:34.191703,0.6486448063202478,2026-03-16T12:30:36,70,,,
participant_18,3,day,Town10HD_Opt,2026-03-16 12:30:37.128311,32.94993209838867,69.8086166381836,0.001935081440024,9.523,-3.693,0.111,0.0,0,0,1,,1.0,2026-03-16T12:30:37.128311,neutral,0.362,2026-03-16T12:30:37.128311,0.6545263610685004,2026-03-16T12:30:36.990000,69,,,
participant_18,3,day,Town10HD_Opt,2026-03-16 12:30:38.062007,34.502342224121094,69.68218994140625,0.0019841385073959,7.809,-3.693,0.0,0.0,0,0,1,,1.0,2026-03-16T12:30:38.062007,neutral,0.362,2026-03-16T12:30:37.128311,0.6751690019627822,2026-03-16T12:30:37.981000,68,,,
participant_18,3,day,Town10HD_Opt,2026-03-16 12:30:39.083481,35.7062873840332,69.5253677368164,0.0019775009714066,5.987,-8.324,0.0,0.0,0,0,1,,1.0,2026-03-16T12:30:39.083481,neutral,0.362,2026-03-16T12:30:37.128311,0.6499252479831146,2026-03-16T12:30:38.971000,69,,,
participant_18,3,day,Town10HD_Opt,2026-03-16 12:30:40.061416,36.62057876586914,69.34825897216797,0.0019633101765066,4.531,-7.822,0.0,0.0,0,0,1,,1.0,2026-03-16T12:30:40.061416,neutral,0.363,2026-03-16T12:30:40.061416,0.6024255549065038,2026-03-16T12:30:39.961000,70,,,
participant_18,3,day,Town10HD_Opt,2026-03-16 12:30:41.108853,37.32796478271485,69.2230224609375,0.0018843078287318,4.518,6.649,0.636,0.0,0,0,1,,1.0,2026-03-16T12:30:41.108853,neutral,0.363,2026-03-16T12:30:40.061416,0.6124549767650239,2026-03-16T12:30:40.996000,69,,,
participant_18,3,day,Town10HD_Opt,2026-03-16 12:30:42.012994,39.01956558227539,69.13323211669922,0.0015799712855368,14.931,8.747,0.664,0.0,0,0,1,,1.0,2026-03-16T12:30:42.012994,neutral,0.363,2026-03-16T12:30:40.061416,0.6254895889082499,2026-03-16T12:30:41.986000,68,,,
participant_18,3,day,Town10HD_Opt,2026-03-16 12:30:43.224348,43.27405548095703,69.36148834228516,0.0019791794475167,19.96,0.606,0.496,0.0,0,0,1,,0.932,2026-03-16T12:30:43.224348,fear,0.371,2026-03-16T12:30:43.224348,0.6429248539876948,2026-03-16T12:30:42.975000,68,,,
participant_18,3,day,Town10HD_Opt,2026-03-16 12:30:44.278750,46.995155334472656,69.64302062988281,0.0019441604381427,23.001,0.964,0.47,0.0,0,0,1,,1.0,2026-03-16T12:30:44.278750,fear,0.371,2026-03-16T12:30:43.224348,0.6338984876953905,2026-03-16T12:30:43.970000,67,,,
participant_18,3,day,Town10HD_Opt,2026-03-16 12:30:45.202429,51.22737121582031,69.9630355834961,0.0019593429751694,25.653,-0.754,0.455,0.0,0,0,1,,1.0,2026-03-16T12:30:45.202429,fear,0.371,2026-03-16T12:30:43.224348,0.5162248228429993,2026-03-16T12:30:45.015000,66,,,
participant_18,3,day,Town10HD_Opt,2026-03-16 12:30:46.136590,55.88273620605469,70.22955322265625,0.0019749449566006,27.783,-1.029,0.45,0.0,0,0,1,,1.0,2026-03-16T12:30:46.136590,fear,0.426,2026-03-16T12:30:46.136590,0.5873163962831881,2026-03-16T12:30:45.990000,68,,,
participant_18,3,day,Town10HD_Opt,2026-03-16 12:30:47.015309,60.88006210327149,70.4006118774414,0.0019966887775808,29.302,-0.848,0.348,0.0,0,0,1,,1.0,2026-03-16T12:30:47.015309,fear,0.426,2026-03-16T12:30:46.136590,0.5984980203541407,2026-03-16T12:30:46.980000,68,,,
participant_18,3,day,Town10HD_Opt,2026-03-16 12:30:48.176546,67.43565368652344,70.43783569335938,0.0021710968576371,25.409,-0.79,0.0,0.0,0,0,1,,0.806,2026-03-16T12:30:48.176546,fear,0.344,2026-03-16T12:30:48.176546,0.5419434287797835,2026-03-16T12:30:47.970000,68,,,
participant_18,3,day,Town10HD_Opt,2026-03-16 12:30:49.042381,71.3908920288086,70.36404418945312,0.0022403716575354,19.258,-0.423,0.0,0.0,0,0,1,,1.0,2026-03-16T12:30:49.042381,fear,0.344,2026-03-16T12:30:48.176546,0.4932292861403208,2026-03-16T12:30:48.961000,68,,,
participant_18,3,day,Town10HD_Opt,2026-03-16 12:30:50.237285,75.23851013183594,70.26950073242188,0.0020445249974727,13.615,0.414,0.0,0.0,0,0,1,,1.0,2026-03-16T12:30:50.237285,fear,0.349,2026-03-16T12:30:50.237285,0.5041007499773625,2026-03-16T12:30:49.996000,70,,,
participant_18,3,day,Town10HD_Opt,2026-03-16 12:30:51.105824,77.35973358154297,70.22758483886719,0.0020190810319036,10.46,0.423,0.0,0.0,0,0,1,,1.0,2026-03-16T12:30:51.105824,fear,0.349,2026-03-16T12:30:50.237285,0.5741105473781317,2026-03-16T12:30:50.985000,71,,,
participant_18,3,day,Town10HD_Opt,2026-03-16 12:30:52.266763,79.40947723388672,70.19561004638672,0.001986312912777,7.266,0.005,0.125,0.0,0,0,1,,0.814,2026-03-16T12:30:52.266763,neutral,0.881,2026-03-16T12:30:52.266763,0.5698053036276329,2026-03-16T12:30:51.976000,70,,,
participant_18,3,day,Town10HD_Opt,2026-03-16 12:30:53.144647,80.77149200439453,70.17310333251953,0.0017797851469367,10.393,0.005,0.853,0.0,0,0,1,,0.915,2026-03-16T12:30:53.144647,neutral,0.881,2026-03-16T12:30:52.266763,0.5755314645969832,2026-03-16T12:30:52.965000,68,,,
participant_18,3,day,Town10HD_Opt,2026-03-16 12:30:54.044025,83.63115692138672,70.12953186035156,0.0017805862007662,21.906,0.698,0.631,0.0,0,0,1,,0.921,2026-03-16T12:30:54.044025,neutral,0.881,2026-03-16T12:30:52.266763,0.5728259157793387,2026-03-16T12:30:54,68,,,
participant_18,3,day,Town10HD_Opt,2026-03-16 12:30:55.249186,88.96416473388672,70.38259887695312,0.0021339415106922,21.35,11.844,0.291,0.0,0,0,1,,0.929,2026-03-16T12:30:55.249186,neutral,0.638,2026-03-16T12:30:55.249186,0.5454901507159804,2026-03-16T12:30:54.991000,67,,,
participant_18,3,day,Town10HD_Opt,2026-03-16 12:30:56.183472,92.46707153320312,71.5282211303711,0.0019728469196707,22.915,17.953,0.682,0.0,0,0,1,,0.941,2026-03-16T12:30:56.183472,neutral,0.638,2026-03-16T12:30:55.249186,0.5601843631648659,2026-03-16T12:30:55.980000,70,,,
participant_18,3,day,Town10HD_Opt,2026-03-16 12:30:57.044237,96.09842681884766,74.4032211303711,0.0017745970981195,31.8,17.291,0.752,0.0,0,0,1,,0.897,2026-03-16T12:30:57.044237,neutral,0.638,2026-03-16T12:30:55.249186,0.7161328773834702,2026-03-16T12:30:56.970000,70,,,
participant_18,3,day,Town10HD_Opt,2026-03-16 12:30:58.169645,99.24842834472656,81.96245574951172,0.0020166777539998,37.677,9.284,0.318,0.0,0,0,1,,0.911,2026-03-16T12:30:58.169645,neutral,0.956,2026-03-16T12:30:58.169645,0.6213571128334452,2026-03-16T12:30:58.005000,69,,,
participant_18,3,day,Town10HD_Opt,2026-03-16 12:30:59.056049,99.29932403564452,88.38711547851562,0.0021150968968868,35.548,0.585,0.322,0.0,0,0,1,,0.944,2026-03-16T12:30:59.056049,neutral,0.956,2026-03-16T12:30:58.169645,0.7393777662246556,2026-03-16T12:30:58.995000,70,,,
participant_18,3,day,Town10HD_Opt,2026-03-16 12:31:00.011799,98.92546844482422,94.42940521240234,0.0021022795699536,33.745,3.525,0.456,0.0,0,0,1,,1.0,2026-03-16T12:31:00.011799,neutral,0.956,2026-03-16T12:30:58.169645,0.7102730960689403,2026-03-16T12:30:59.986000,70,,,
participant_18,3,day,Town10HD_Opt,2026-03-16 12:31:01.232022,97.45843505859376,102.44730377197266,0.0019266509916633,37.401,4.122,0.575,0.0,0,0,1,,1.0,2026-03-16T12:31:01.232022,neutral,0.657,2026-03-16T12:31:01.232022,0.7310230468909074,2026-03-16T12:31:00.976000,71,,,
participant_18,3,day,Town10HD_Opt,2026-03-16 12:31:02.108646,95.3023681640625,108.91999816894533,0.0019348907517269,40.683,4.202,0.556,0.0,0,0,1,,0.873,2026-03-16T12:31:02.108646,neutral,0.657,2026-03-16T12:31:01.232022,0.7355418314981309,2026-03-16T12:31:01.965000,71,,,
participant_18,3,day,Town10HD_Opt,2026-03-16 12:31:03.027661,91.99607849121094,115.47312927246094,0.0019704054575413,43.248,5.411,0.546,0.0,0,0,1,,1.0,2026-03-16T12:31:03.027661,neutral,0.657,2026-03-16T12:31:01.232022,0.6772369691910242,2026-03-16T12:31:03.092000,71,,,
participant_18,3,day,Town10HD_Opt,2026-03-16 12:31:04.203039,85.3858871459961,123.3996810913086,0.0019934081938117,45.61,6.492,0.544,0.0,0,0,1,,0.812,2026-03-16T12:31:04.203039,neutral,0.827,2026-03-16T12:31:04.203039,0.7696466124753809,2026-03-16T12:31:04.035000,71,,,
participant_18,3,day,Town10HD_Opt,2026-03-16 12:31:05.146884,78.72195434570312,127.95670318603516,0.002004203852266,46.994,7.418,0.543,0.0,0,0,1,,1.0,2026-03-16T12:31:05.146884,neutral,0.827,2026-03-16T12:31:04.203039,0.706963581200439,2026-03-16T12:31:04.980000,69,,,
participant_18,3,day,Town10HD_Opt,2026-03-16 12:31:06.089473,70.87872314453125,130.61192321777344,0.0020135496743023,48.082,6.974,0.541,0.0,0,0,1,,0.845,2026-03-16T12:31:06.089473,neutral,0.827,2026-03-16T12:31:04.203039,0.6599686646249219,2026-03-16T12:31:05.971000,69,,,
participant_18,3,day,Town10HD_Opt,2026-03-16 12:31:07.073380,62.44633483886719,131.06744384765625,0.0020960615947842,47.245,1.671,0.0,0.0,0,0,1,,0.827,2026-03-16T12:31:07.073380,neutral,0.396,2026-03-16T12:31:07.073380,0.7072014343617149,2026-03-16T12:31:07.006000,67,,,
participant_18,3,day,Town10HD_Opt,2026-03-16 12:31:08.048255,55.00039291381836,130.64407348632812,0.0023670578375458,37.009,-1.347,0.0,0.0,0,0,1,,0.884,2026-03-16T12:31:08.048255,neutral,0.396,2026-03-16T12:31:07.073380,0.675409463346086,2026-03-16T12:31:07.995000,66,,,
participant_18,3,day,Town10HD_Opt,2026-03-16 12:31:09.052329,49.04356384277344,130.37860107421875,0.0021449278574436,32.453,-0.637,0.406,0.0,0,0,1,,0.845,2026-03-16T12:31:09.052329,neutral,0.396,2026-03-16T12:31:07.073380,0.7011740061921716,2026-03-16T12:31:08.985000,65,,,
participant_18,3,day,Town10HD_Opt,2026-03-16 12:31:10.037683,43.36652374267578,130.2270050048828,0.0020300291944295,32.719,-2.113,0.431,0.0,0,0,1,,0.822,2026-03-16T12:31:10.037683,happy,0.98,2026-03-16T12:31:10.037683,0.752374016024977,2026-03-16T12:31:09.975000,66,,,
participant_18,3,day,Town10HD_Opt,2026-03-16 12:31:11.258220,35.57791519165039,130.38746643066406,0.0020062637049704,34.211,1.321,0.443,0.0,0,0,1,,0.945,2026-03-16T12:31:11.258220,happy,0.98,2026-03-16T12:31:10.037683,0.7452266486905568,2026-03-16T12:31:11.011000,66,,,
participant_18,3,day,Town10HD_Opt,2026-03-16 12:31:12.243324,29.52212142944336,130.4325714111328,0.0020156479440629,35.057,-0.435,0.443,0.0,0,0,1,,0.85,2026-03-16T12:31:12.243324,neutral,0.803,2026-03-16T12:31:12.243324,0.7498242877727324,2026-03-16T12:31:12,67,,,
participant_18,3,day,Town10HD_Opt,2026-03-16 12:31:13.203180,23.328765869140625,130.48851013183594,0.0020194626413285,35.781,0.211,0.443,0.0,0,0,1,,0.844,2026-03-16T12:31:13.203180,neutral,0.803,2026-03-16T12:31:12.243324,0.695447805949166,2026-03-16T12:31:12.990000,67,,,
participant_18,3,day,Town10HD_Opt,2026-03-16 12:31:14.102528,17.01616859436035,130.51077270507812,0.0020225525368005,36.409,0.143,0.443,0.0,0,0,1,,0.898,2026-03-16T12:31:14.102528,neutral,0.803,2026-03-16T12:31:12.243324,0.7261151926953264,2026-03-16T12:31:13.981000,68,,,
participant_18,3,day,Town10HD_Opt,2026-03-16 12:31:15.041426,10.60629653930664,130.4990997314453,0.0020366667304188,36.593,0.287,0.134,0.0,0,0,1,,0.838,2026-03-16T12:31:15.041426,neutral,0.492,2026-03-16T12:31:15.041426,0.7059903417826646,2026-03-16T12:31:14.970000,67,,,
participant_18,3,day,Town10HD_Opt,2026-03-16 12:31:16.256832,3.0352542400360107,130.42385864257812,0.0022897720336914,27.001,0.179,0.0,0.0,0,0,1,,1.0,2026-03-16T12:31:16.256832,neutral,0.492,2026-03-16T12:31:15.041426,0.6779737770665437,2026-03-16T12:31:16.140000,67,,,
participant_18,3,day,Town10HD_Opt,2026-03-16 12:31:17.204501,-1.1476870775222778,130.3614044189453,0.0022541808430105,20.368,0.179,0.0,0.0,0,0,1,,0.876,2026-03-16T12:31:17.204501,fear,0.52,2026-03-16T12:31:17.204501,0.7002704675995195,2026-03-16T12:31:16.995000,66,,,
participant_18,3,day,Town10HD_Opt,2026-03-16 12:31:18.136075,-4.307214260101318,130.3053741455078,0.0020077896770089,15.675,-0.454,0.0,0.0,0,0,1,,0.908,2026-03-16T12:31:18.136075,fear,0.52,2026-03-16T12:31:17.204501,0.735995969945767,2026-03-16T12:31:17.986000,67,,,
participant_18,3,day,Town10HD_Opt,2026-03-16 12:31:19.041566,-6.778275489807129,130.27842712402344,0.0020097731612622,12.617,-0.103,0.078,0.0,0,0,1,,1.0,2026-03-16T12:31:19.041566,fear,0.52,2026-03-16T12:31:17.204501,0.7886845933199175,2026-03-16T12:31:18.975000,67,,,
participant_18,3,day,Town10HD_Opt,2026-03-16 12:31:20.203591,-9.492055892944336,130.2517547607422,0.0019578551873564,10.751,-0.103,0.122,0.0,0,0,1,,0.903,2026-03-16T12:31:20.203591,neutral,0.372,2026-03-16T12:31:20.203591,0.7619840376004341,2026-03-16T12:31:19.965000,65,,,
participant_18,3,day,Town10HD_Opt,2026-03-16 12:31:21.095888,-11.30286979675293,130.23631286621094,0.0019478225149214,9.868,-0.103,0.114,0.0,0,0,1,,0.85,2026-03-16T12:31:21.095888,neutral,0.372,2026-03-16T12:31:20.203591,0.7897150207549944,2026-03-16T12:31:21.046000,65,,,
participant_18,3,day,Town10HD_Opt,2026-03-16 12:31:22.013488,-12.965194702148438,130.22378540039062,0.001944274874404,9.114,-0.103,0.113,0.0,0,0,1,,0.843,2026-03-16T12:31:22.013488,neutral,0.372,2026-03-16T12:31:20.203591,0.7641781687131356,2026-03-16T12:31:21.991000,66,,,
participant_18,3,day,Town10HD_Opt,2026-03-16 12:31:23.186352,-15.04015064239502,130.21044921875,0.0019056319724768,9.125,-0.103,0.182,0.0,0,0,1,,0.865,2026-03-16T12:31:23.186352,fear,0.36,2026-03-16T12:31:23.186352,0.7765062426863765,2026-03-16T12:31:22.981000,67,,,
participant_18,3,day,Town10HD_Opt,2026-03-16 12:31:24.123613,-16.666723251342773,130.20175170898438,0.0019065856467932,9.501,-0.115,0.176,0.0,0,0,1,,0.864,2026-03-16T12:31:24.123613,fear,0.36,2026-03-16T12:31:23.186352,0.743618972403848,2026-03-16T12:31:24.061000,66,,,
participant_18,3,day,Town10HD_Opt,2026-03-16 12:31:25.262532,-18.90626335144043,130.1935577392578,0.0019315337995067,9.407,-0.155,0.144,0.0,0,0,1,,0.853,2026-03-16T12:31:25.262532,neutral,0.69,2026-03-16T12:31:25.262532,0.6913976958925204,2026-03-16T12:31:25.006000,68,,,
participant_18,3,day,Town10HD_Opt,2026-03-16 12:31:26.137297,-20.90376663208008,130.18994140625,0.0016535186441615,16.421,-0.155,0.74,0.0,0,0,1,,0.874,2026-03-16T12:31:26.137297,neutral,0.69,2026-03-16T12:31:25.262532,0.666981961359546,2026-03-16T12:31:25.995000,69,,,
participant_18,3,day,Town10HD_Opt,2026-03-16 12:31:27.022204,-24.27123260498047,130.18734741210938,0.0018517684657126,22.398,0.256,0.503,0.0,0,0,1,,0.932,2026-03-16T12:31:27.022204,neutral,0.69,2026-03-16T12:31:25.262532,0.7877732506179369,2026-03-16T12:31:26.986000,70,,,
participant_18,3,day,Town10HD_Opt,2026-03-16 12:31:28.203153,-29.71126174926757,129.79798889160156,0.0020819092169404,22.916,9.621,0.282,0.0,0,0,1,,0.837,2026-03-16T12:31:28.203153,neutral,0.427,2026-03-16T12:31:28.203153,0.7802119196197224,2026-03-16T12:31:27.975000,70,,,
participant_18,3,day,Town10HD_Opt,2026-03-16 12:31:29.135260,-33.43222427368164,128.65716552734375,0.0020954513456672,21.656,13.224,0.288,0.0,0,0,1,,0.91,2026-03-16T12:31:29.135260,neutral,0.427,2026-03-16T12:31:28.203153,0.719511281935351,2026-03-16T12:31:29.011000,69,,,
participant_18,3,day,Town10HD_Opt,2026-03-16 12:31:30.006799,-36.56100082397461,126.7223129272461,0.0020940017420798,20.611,14.778,0.289,0.0,0,0,1,,0.838,2026-03-16T12:31:30.006799,neutral,0.427,2026-03-16T12:31:28.203153,0.7452300939208744,2026-03-16T12:31:30,70,,,
participant_18,3,day,Town10HD_Opt,2026-03-16 12:31:31.236656,-39.56948852539063,123.18685150146484,0.0020866394042968,19.483,14.751,0.289,0.0,0,0,1,,0.875,2026-03-16T12:31:31.236656,neutral,0.5,2026-03-16T12:31:31.236656,0.7175166627526015,2026-03-16T12:31:30.991000,70,,,
participant_18,3,day,Town10HD_Opt,2026-03-16 12:31:32.173402,-40.89774703979492,120.06243133544922,0.0019696045201271,19.274,14.317,0.291,0.0,0,0,1,,0.808,2026-03-16T12:31:32.173402,neutral,0.5,2026-03-16T12:31:31.236656,0.7896570201234854,2026-03-16T12:31:31.980000,70,,,
participant_18,3,day,Town10HD_Opt,2026-03-16 12:31:33.152868,-41.473106384277344,116.67861938476562,0.0019693374633789,20.926,7.651,0.497,0.0,0,0,1,,0.926,2026-03-16T12:31:33.152868,neutral,0.5,2026-03-16T12:31:31.236656,0.6727067318682225,2026-03-16T12:31:32.971000,70,,,
participant_18,3,day,Town10HD_Opt,2026-03-16 12:31:34.095822,-41.70082473754883,112.73853302001952,0.0019564819522202,23.947,1.643,0.408,0.0,0,0,1,,0.902,2026-03-16T12:31:34.095822,neutral,0.392,2026-03-16T12:31:34.095822,0.7308978016819035,2026-03-16T12:31:34.007000,71,,,
participant_18,3,day,Town10HD_Opt,2026-03-16 12:31:35.088293,-41.77879333496094,108.41535949707033,0.0020036697387695,25.282,1.14,0.375,0.0,0,0,1,,0.827,2026-03-16T12:31:35.088293,neutral,0.392,2026-03-16T12:31:34.095822,0.7341256518893494,2026-03-16T12:31:34.996000,71,,,
participant_18,3,day,Town10HD_Opt,2026-03-16 12:31:36.004333,-41.71940994262695,103.94092559814452,0.0020353698637336,25.627,0.242,0.354,0.0,0,0,1,,0.86,2026-03-16T12:31:36.004333,neutral,0.392,2026-03-16T12:31:34.095822,0.6986596292891013,2026-03-16T12:31:35.986000,71,,,
participant_18,3,day,Town10HD_Opt,2026-03-16 12:31:37.270044,-41.58977890014648,97.92446899414062,0.0020402146037667,25.799,-0.618,0.353,0.0,0,0,1,,0.901,2026-03-16T12:31:37.270044,neutral,0.354,2026-03-16T12:31:37.270044,0.7124604420278103,2026-03-16T12:31:36.975000,72,,,
participant_18,3,day,Town10HD_Opt,2026-03-16 12:31:38.192003,-41.54178237915039,93.38742065429688,0.0020412444137036,25.904,-1.046,0.354,0.0,0,0,1,,0.839,2026-03-16T12:31:38.192003,neutral,0.354,2026-03-16T12:31:37.270044,0.7987038917680864,2026-03-16T12:31:37.966000,74,,,
participant_18,3,day,Town10HD_Opt,2026-03-16 12:31:39.178849,-41.56075286865234,88.83280181884766,0.0020414732862263,25.992,-0.486,0.344,0.0,0,0,1,,0.822,2026-03-16T12:31:39.178849,neutral,0.354,2026-03-16T12:31:37.270044,0.7674158300055327,2026-03-16T12:31:39.002000,73,,,
participant_18,3,day,Town10HD_Opt,2026-03-16 12:31:40.162251,-41.554935455322266,84.31333923339844,0.0020822524093091,25.109,2.506,0.275,0.0,0,0,1,,0.868,2026-03-16T12:31:40.162251,fear,0.335,2026-03-16T12:31:40.162251,0.7624887590287599,2026-03-16T12:31:40.036000,74,,,
participant_18,3,day,Town10HD_Opt,2026-03-16 12:31:41.150584,-41.21917724609375,80.04666137695312,0.0021068190690129,23.5,9.002,0.269,0.0,0,0,1,,0.905,2026-03-16T12:31:41.150584,fear,0.335,2026-03-16T12:31:40.162251,0.7100766160121613,2026-03-16T12:31:40.981000,72,,,
participant_18,3,day,Town10HD_Opt,2026-03-16 12:31:42.096879,-40.11119079589844,76.26024627685547,0.00212371814996,21.561,14.776,0.251,0.0,0,0,1,,0.952,2026-03-16T12:31:42.096879,fear,0.335,2026-03-16T12:31:40.162251,0.7528276062471669,2026-03-16T12:31:41.971000,71,,,
participant_18,3,day,Town10HD_Opt,2026-03-16 12:31:43.089519,-38.08550262451172,73.29620361328125,0.0021348190493881,19.686,21.943,0.255,0.0,0,0,1,,0.87,2026-03-16T12:31:43.089519,neutral,0.67,2026-03-16T12:31:43.089519,0.7935110095748322,2026-03-16T12:31:43.006000,70,,,
participant_18,3,day,Town10HD_Opt,2026-03-16 12:31:44.109253,-35.356441497802734,71.43392944335938,0.0021080016158521,18.447,18.425,0.287,0.0,0,0,1,,0.865,2026-03-16T12:31:44.109253,neutral,0.67,2026-03-16T12:31:43.089519,0.7310718449353246,2026-03-16T12:31:43.996000,71,,,
participant_18,3,day,Town10HD_Opt,2026-03-16 12:31:45.066082,-32.32198715209961,70.46987915039062,0.0020781706552952,18.465,12.204,0.316,0.0,0,0,1,,0.903,2026-03-16T12:31:45.066082,neutral,0.67,2026-03-16T12:31:43.089519,0.7091620789846752,2026-03-16T12:31:44.986000,70,,,
participant_18,3,day,Town10HD_Opt,2026-03-16 12:31:46.011429,-29.110509872436523,70.07792663574219,0.0020028303842991,19.39,6.898,0.417,0.0,0,0,1,,0.891,2026-03-16T12:31:46.011429,neutral,0.901,2026-03-16T12:31:46.011429,0.7802583955871237,2026-03-16T12:31:45.975000,72,,,
participant_18,3,day,Town10HD_Opt,2026-03-16 12:31:47.259862,-24.322492599487305,69.96745300292969,0.0019675062503665,22.148,-0.519,0.478,0.0,0,0,1,,0.89,2026-03-16T12:31:47.259862,neutral,0.901,2026-03-16T12:31:46.011429,0.8013149382462104,2026-03-16T12:31:46.965000,72,,,
participant_18,3,day,Town10HD_Opt,2026-03-16 12:31:48.220771,-20.169008255004883,69.87068939208984,0.0019261932466179,25.891,0.75,0.471,0.0,0,0,1,,1.0,2026-03-16T12:31:48.220771,neutral,0.832,2026-03-16T12:31:48.220771,0.7776131148725143,2026-03-16T12:31:48.001000,72,,,
participant_18,3,day,Town10HD_Opt,2026-03-16 12:31:49.213211,-15.47256565093994,69.82672882080078,0.0019752120133489,27.953,0.343,0.442,0.0,0,0,1,,0.887,2026-03-16T12:31:49.213211,neutral,0.832,2026-03-16T12:31:48.220771,0.7733221877178721,2026-03-16T12:31:48.990000,72,,,
participant_18,3,day,Town10HD_Opt,2026-03-16 12:31:50.188319,-10.455368041992188,69.83415985107422,0.0019969558343291,29.433,0.465,0.428,0.0,0,0,1,,0.91,2026-03-16T12:31:50.188319,neutral,0.832,2026-03-16T12:31:48.220771,0.7092149441224072,2026-03-16T12:31:49.981000,72,,,
participant_18,3,day,Town10HD_Opt,2026-03-16 12:31:51.116190,-5.214139461517334,69.90160369873047,0.0020070266909897,30.55,-0.12,0.428,0.0,0,0,1,,1.0,2026-03-16T12:31:51.116190,sad,0.346,2026-03-16T12:31:51.116190,0.7854921557444381,2026-03-16T12:31:50.971000,73,,,
participant_18,3,day,Town10HD_Opt,2026-03-16 12:31:52.055863,0.2098976075649261,69.96651458740234,0.0020118711981922,31.515,-0.287,0.427,0.0,0,0,1,,0.84,2026-03-16T12:31:52.055863,sad,0.346,2026-03-16T12:31:51.116190,0.776422330612485,2026-03-16T12:31:52.006000,74,,,
participant_18,3,day,Town10HD_Opt,2026-03-16 12:31:53.000026,5.744375705718994,69.98995971679688,0.002098464872688,30.608,-0.087,0.007,0.0,0,0,1,,0.821,2026-03-16T12:31:53.000026,sad,0.346,2026-03-16T12:31:51.116190,0.8112709994653045,2026-03-16T12:31:52.995000,77,,,
participant_18,3,day,Town10HD_Opt,2026-03-16 12:31:54.174296,11.91814136505127,69.9921875,0.0022585678379982,21.661,-0.054,0.0,0.0,0,0,1,,0.852,2026-03-16T12:31:54.174296,neutral,0.34,2026-03-16T12:31:54.174296,0.7449064098831089,2026-03-16T12:31:53.987000,77,,,
participant_18,3,day,Town10HD_Opt,2026-03-16 12:31:55.060381,15.261959075927734,69.98701477050781,0.0019650650210678,16.562,-0.305,0.0,0.0,0,0,1,,0.839,2026-03-16T12:31:55.060381,neutral,0.34,2026-03-16T12:31:54.174296,0.8361052527886935,2026-03-16T12:31:54.975000,76,,,
participant_18,3,day,Town10HD_Opt,2026-03-16 12:31:56.012931,17.854598999023438,69.97584533691406,0.0020122909918427,13.283,0.092,0.16,0.0,0,0,1,,0.881,2026-03-16T12:31:56.012931,neutral,0.34,2026-03-16T12:31:54.174296,0.820651417055689,2026-03-16T12:31:55.966000,76,,,
participant_18,3,day,Town10HD_Opt,2026-03-16 12:31:57.193574,20.873437881469727,69.96881103515625,0.0019514465238898,12.316,-0.035,0.104,0.0,0,0,1,,0.849,2026-03-16T12:31:57.193574,sad,0.341,2026-03-16T12:31:57.193574,0.8001173367082243,2026-03-16T12:31:57.001000,76,,,
participant_18,3,day,Town10HD_Opt,2026-03-16 12:31:58.110243,22.91128158569336,69.96240997314453,0.0019673155620694,10.83,-0.101,0.093,0.0,0,0,1,,1.0,2026-03-16T12:31:58.110243,sad,0.341,2026-03-16T12:31:57.193574,0.8111811535778023,2026-03-16T12:31:58.037000,73,,,
participant_18,3,day,Town10HD_Opt,2026-03-16 12:31:59.005520,24.661067962646484,69.95476531982422,0.0019937513861805,8.752,-0.101,0.0,0.0,0,0,1,,0.813,2026-03-16T12:31:59.005520,sad,0.341,2026-03-16T12:31:57.193574,0.7296354402331371,2026-03-16T12:31:58.980000,72,,,
participant_18,3,day,Town10HD_Opt,2026-03-16 12:32:00.198793,26.03719711303711,69.94710540771484,0.0023140334524214,0.001,-0.101,0.0,0.183,0,0,1,,0.836,2026-03-16T12:32:00.198793,neutral,0.726,2026-03-16T12:32:00.198793,0.8710750026906069,2026-03-16T12:31:59.971000,73,,,
participant_18,3,day,Town10HD_Opt,2026-03-16 12:32:01.060210,26.038068771362305,69.94710540771484,0.0019316100515425,0.045,-0.101,0.56,0.0,0,0,1,,1.0,2026-03-16T12:32:01.060210,neutral,0.726,2026-03-16T12:32:00.198793,0.8565124056262579,2026-03-16T12:32:01.005000,74,,,
participant_18,3,day,Town10HD_Opt,2026-03-16 12:32:02.247915,27.38161277770996,69.93930053710938,0.001550636254251,14.093,-0.223,0.638,0.0,0,0,1,,0.814,2026-03-16T12:32:02.247915,neutral,0.55,2026-03-16T12:32:02.247915,0.8437651786120313,2026-03-16T12:32:01.996000,72,,,errors=Stop sign violation
participant_18,3,day,Town10HD_Opt,2026-03-16 12:32:03.233401,30.29228973388672,69.83928680419922,0.0020481871906667,18.353,-8.077,0.415,0.0,0,0,1,,1.0,2026-03-16T12:32:03.233401,neutral,0.55,2026-03-16T12:32:02.247915,0.8544806383430844,2026-03-16T12:32:03.007000,73,,,
participant_18,3,day,Town10HD_Opt,2026-03-16 12:32:04.161215,33.54430389404297,69.23368835449219,0.001988410949707,20.109,-12.728,0.48,0.0,0,0,1,,0.867,2026-03-16T12:32:04.161215,neutral,0.55,2026-03-16T12:32:02.247915,0.9233586406771984,2026-03-16T12:32:03.977000,73,,,
participant_18,3,day,Town10HD_Opt,2026-03-16 12:32:05.107068,36.94380187988281,67.69937133789062,0.0019613264594227,23.167,-15.036,0.48,0.0,0,0,1,,0.837,2026-03-16T12:32:05.107068,neutral,0.488,2026-03-16T12:32:05.107068,0.9058721542008232,2026-03-16T12:32:04.967000,72,,,
participant_18,3,day,Town10HD_Opt,2026-03-16 12:32:06.025183,40.18315887451172,64.95037078857422,0.0017721175681799,25.824,-12.585,0.46,0.0,0,0,1,,1.0,2026-03-16T12:32:06.025183,neutral,0.488,2026-03-16T12:32:05.107068,0.962257908936373,2026-03-16T12:32:06.003000,70,,,
participant_18,3,day,Town10HD_Opt,2026-03-16 12:32:07.213331,43.37635803222656,59.55651092529297,0.0019748306367546,28.555,-13.443,0.444,0.0,0,0,1,,1.0,2026-03-16T12:32:07.213331,neutral,0.41,2026-03-16T12:32:07.213331,0.9553956579195254,2026-03-16T12:32:06.994000,69,,,
participant_18,3,day,Town10HD_Opt,2026-03-16 12:32:08.172502,44.22669982910156,54.72989273071289,0.0021517944987863,26.637,-11.12,0.155,0.0,0,0,1,,1.0,2026-03-16T12:32:08.172502,neutral,0.41,2026-03-16T12:32:07.213331,0.962199612998478,2026-03-16T12:32:07.981000,69,,,
participant_18,3,day,Town10HD_Opt,2026-03-16 12:32:09.144149,44.18345260620117,50.51425552368164,0.0022434997372329,21.049,1.514,0.0,0.0,0,0,1,,0.908,2026-03-16T12:32:09.144149,neutral,0.41,2026-03-16T12:32:07.213331,0.99,2026-03-16T12:32:08.970000,70,,,
participant_18,3,day,Town10HD_Opt,2026-03-16 12:32:10.044707,44.14070129394531,47.30716323852539,0.0019963455852121,15.683,-0.994,0.0,0.0,0,0,1,,1.0,2026-03-16T12:32:10.044707,neutral,0.484,2026-03-16T12:32:10.044707,0.9437709571658924,2026-03-16T12:32:10.006000,68,,,
participant_18,3,day,Town10HD_Opt,2026-03-16 12:32:11.199656,44.05243682861328,44.13917541503906,0.0020257185678929,11.188,-0.143,0.0,0.0,0,0,1,,1.0,2026-03-16T12:32:11.199656,neutral,0.484,2026-03-16T12:32:10.044707,0.9365434303061344,2026-03-16T12:32:10.998000,69,,,
participant_18,3,day,Town10HD_Opt,2026-03-16 12:32:12.081002,44.0045166015625,42.46736145019531,0.0020323942881077,7.651,-0.143,0.0,0.059,0,0,1,,1.0,2026-03-16T12:32:12.081002,neutral,0.473,2026-03-16T12:32:12.081002,0.9899826283022184,2026-03-16T12:32:11.986000,68,,,
participant_18,3,day,Town10HD_Opt,2026-03-16 12:32:13.263717,43.97130584716797,41.35254287719727,0.0021774291526526,0.001,-0.141,0.0,0.269,0,0,1,,0.809,2026-03-16T12:32:13.263717,neutral,0.473,2026-03-16T12:32:12.081002,0.99,2026-03-16T12:32:12.977000,66,,,
participant_18,3,day,Town10HD_Opt,2026-03-16 12:32:14.144054,43.97089385986328,41.33316802978516,0.0018594360444694,1.835,1.941,0.893,0.0,0,0,1,,1.0,2026-03-16T12:32:14.144054,neutral,0.54,2026-03-16T12:32:14.144054,0.99,2026-03-16T12:32:14.056000,68,,,
participant_18,3,day,Town10HD_Opt,2026-03-16 12:32:15.065888,44.02191925048828,39.943119049072266,0.0014810180291533,15.329,8.296,0.729,0.0,0,0,1,,0.905,2026-03-16T12:32:15.065888,neutral,0.54,2026-03-16T12:32:14.144054,0.99,2026-03-16T12:32:15.002000,69,,,
participant_18,3,day,Town10HD_Opt,2026-03-16 12:32:16.023100,44.50044631958008,36.79645156860352,0.0019506072858348,20.097,12.369,0.548,0.0,0,0,1,,0.863,2026-03-16T12:32:16.023100,neutral,0.54,2026-03-16T12:32:14.144054,0.99,2026-03-16T12:32:15.991000,71,,,
participant_18,3,day,Town10HD_Opt,2026-03-16 12:32:17.233274,46.823974609375,31.869150161743164,0.0018422699067741,28.254,18.189,0.657,0.0,0,0,1,,1.0,2026-03-16T12:32:17.233274,neutral,0.342,2026-03-16T12:32:17.233274,0.9388116285721214,2026-03-16T12:32:16.983000,70,,,
participant_18,3,day,Town10HD_Opt,2026-03-16 12:32:18.136732,50.92353057861328,28.510358810424805,0.002018546918407,31.516,17.931,0.225,0.0,0,0,1,,1.0,2026-03-16T12:32:18.136732,neutral,0.342,2026-03-16T12:32:17.233274,0.99,2026-03-16T12:32:18.017000,69,,,
participant_18,3,day,Town10HD_Opt,2026-03-16 12:32:19.040590,55.92205810546875,27.214738845825195,0.002214279025793,27.627,15.773,0.175,0.0,0,0,1,,1.0,2026-03-16T12:32:19.040590,neutral,0.342,2026-03-16T12:32:17.233274,0.938835022783971,2026-03-16T12:32:19.007000,69,,,
participant_18,3,day,Town10HD_Opt,2026-03-16 12:32:20.215653,61.72053146362305,27.677135467529297,0.0021694563329219,22.236,-3.229,0.161,0.0,0,0,1,,1.0,2026-03-16T12:32:20.215653,neutral,0.892,2026-03-16T12:32:20.215653,0.9621592577978688,2026-03-16T12:32:19.996000,69,,,
participant_18,3,day,Town10HD_Opt,2026-03-16 12:32:21.107433,65.57786560058594,27.938995361328125,0.0019079208141192,24.352,0.808,0.668,0.0,0,0,1,,0.831,2026-03-16T12:32:21.107433,neutral,0.892,2026-03-16T12:32:20.215653,0.9576505313380892,2026-03-16T12:32:20.986000,71,,,
participant_18,3,day,Town10HD_Opt,2026-03-16 12:32:22.283175,72.39361572265625,28.44859504699707,0.0017555236117914,36.183,-0.39,0.909,0.0,0,0,1,,1.0,2026-03-16T12:32:22.283175,neutral,0.455,2026-03-16T12:32:22.283175,0.99,2026-03-16T12:32:21.976000,72,,,
participant_18,3,day,Town10HD_Opt,2026-03-16 12:32:23.263941,79.52322387695312,28.89144897460937,0.0016748427879065,46.953,-1.309,0.841,0.0,0,0,1,,1.0,2026-03-16T12:32:23.263941,neutral,0.455,2026-03-16T12:32:22.283175,0.8866286448015276,2026-03-16T12:32:23.012000,72,,,
participant_18,3,day,Town10HD_Opt,2026-03-16 12:32:24.162340,88.24676513671875,29.094560623168945,0.0021374893840402,49.001,-2.899,0.835,0.0,0,0,1,,1.0,2026-03-16T12:32:24.162340,neutral,0.455,2026-03-16T12:32:22.283175,0.99,2026-03-16T12:32:24.001000,71,,,
participant_18,3,day,Town10HD_Opt,2026-03-16 12:32:25.050491,96.82649993896484,27.895891189575195,0.0021173858549445,48.732,-7.007,0.0,0.0,0,0,1,,0.858,2026-03-16T12:32:25.050491,fear,0.343,2026-03-16T12:32:25.050491,0.99,2026-03-16T12:32:24.991000,72,,,
participant_18,3,day,Town10HD_Opt,2026-03-16 12:32:26.229627,105.21370697021484,22.927091598510746,0.0023365020751953,35.77,-11.231,0.179,0.0,0,0,1,,0.808,2026-03-16T12:32:26.229627,fear,0.343,2026-03-16T12:32:25.050491,0.9869675516870896,2026-03-16T12:32:25.981000,72,,,
participant_18,3,day,Town10HD_Opt,2026-03-16 12:32:27.111502,108.49565887451172,18.04351043701172,0.0020545576699078,34.094,-12.733,0.133,0.0,0,0,1,,0.842,2026-03-16T12:32:27.111502,neutral,0.318,2026-03-16T12:32:27.111502,0.9517727272181804,2026-03-16T12:32:27.106000,71,,,
participant_18,3,day,Town10HD_Opt,2026-03-16 12:32:28.027323,109.86380004882812,12.635994911193848,0.0023079300299286,28.22,-9.727,0.0,0.23,0,0,1,,1.0,2026-03-16T12:32:28.027323,neutral,0.318,2026-03-16T12:32:27.111502,0.99,2026-03-16T12:32:28.051000,72,,,
participant_18,3,day,Town10HD_Opt,2026-03-16 12:32:29.227716,109.9425277709961,7.4638671875,0.0019905089866369,16.248,3.057,0.0,0.413,0,0,1,,1.0,2026-03-16T12:32:29.227716,fear,0.363,2026-03-16T12:32:29.227716,0.965123229404508,2026-03-16T12:32:28.996000,71,,,errors=Harsh braking
participant_18,3,day,Town10HD_Opt,2026-03-16 12:32:30.107846,110.0032196044922,5.269168376922607,0.0022165297996252,7.543,2.113,0.0,1.0,0,0,1,,0.899,2026-03-16T12:32:30.107846,fear,0.363,2026-03-16T12:32:29.227716,0.93039593718325,2026-03-16T12:32:29.986000,71,,,
participant_18,3,day,Town10HD_Opt,2026-03-16 12:32:31.041100,110.01433563232422,5.000065326690674,0.0020114898215979,0.0,1.887,0.0,1.0,0,0,1,,0.861,2026-03-16T12:32:31.041100,fear,0.363,2026-03-16T12:32:29.227716,0.99,2026-03-16T12:32:31.021000,71,,,
participant_18,3,day,Town10HD_Opt,2026-03-16 12:32:32.148799,110.01434326171876,4.999961853027344,0.00192012777552,0.0,0.489,0.0,0.0,0,0,1,,0.904,2026-03-16T12:32:32.148799,angry,0.545,2026-03-16T12:32:32.148799,0.9472890758013311,2026-03-16T12:32:32.056000,70,,,
participant_18,3,day,Town10HD_Opt,2026-03-16 12:32:33.267625,110.01569366455078,4.943522930145264,0.0017509460449218,3.469,-0.251,1.0,0.0,0,0,1,,1.0,2026-03-16T12:32:33.267625,angry,0.545,2026-03-16T12:32:32.148799,0.9568780409563972,2026-03-16T12:32:33.001000,72,,,
participant_18,3,day,Town10HD_Opt,2026-03-16 12:32:34.138391,110.0594711303711,3.122097969055176,0.0024003982543945,19.116,-0.362,1.0,0.0,0,0,1,,0.818,2026-03-16T12:32:34.138391,angry,0.545,2026-03-16T12:32:32.148799,0.9422839433398442,2026-03-16T12:32:33.992000,72,,,
participant_18,3,day,Town10HD_Opt,2026-03-16 12:32:35.011331,110.1278305053711,-1.2662211656570437,0.0015151214320212,33.77,-0.482,0.875,0.0,0,0,1,,1.0,2026-03-16T12:32:35.011331,neutral,0.307,2026-03-16T12:32:35.011331,0.8691737511097335,2026-03-16T12:32:34.981000,72,,,
participant_18,3,day,Town10HD_Opt,2026-03-16 12:32:36.216226,110.13331604003906,-10.102709770202637,0.0020519255194813,38.241,0.268,0.193,0.0,0,0,1,,1.0,2026-03-16T12:32:36.216226,neutral,0.307,2026-03-16T12:32:35.011331,0.9531199065429165,2026-03-16T12:32:36.016000,73,,,
participant_18,3,day,Town10HD_Opt,2026-03-16 12:32:37.096347,110.13468170166016,-16.382896423339844,0.0022279738914221,32.386,-1.577,0.126,0.0,0,0,1,,1.0,2026-03-16T12:32:37.096347,sad,0.325,2026-03-16T12:32:37.096347,0.9554622472150248,2026-03-16T12:32:37.006000,74,,,
participant_18,3,day,Town10HD_Opt,2026-03-16 12:32:38.234487,109.79691314697266,-23.35845947265625,0.0020851134322583,28.575,-1.796,0.434,0.0,0,0,1,,0.862,2026-03-16T12:32:38.234487,sad,0.325,2026-03-16T12:32:37.096347,0.8858835866956869,2026-03-16T12:32:37.996000,77,,,
participant_18,3,day,Town10HD_Opt,2026-03-16 12:32:39.106530,109.25462341308594,-28.449893951416016,0.0019866561051458,30.258,-3.118,0.458,0.0,0,0,1,,1.0,2026-03-16T12:32:39.106530,sad,0.513,2026-03-16T12:32:39.106530,0.99,2026-03-16T12:32:38.986000,76,,,
participant_18,3,day,Town10HD_Opt,2026-03-16 12:32:40.224261,107.76499938964844,-35.59089660644531,0.001994667109102,32.406,-4.558,0.458,0.0,0,0,1,,0.911,2026-03-16T12:32:40.224261,sad,0.513,2026-03-16T12:32:39.106530,0.913696552790425,2026-03-16T12:32:39.976000,77,,,
participant_18,3,day,Town10HD_Opt,2026-03-16 12:32:41.110467,105.76168823242188,-41.08160400390625,0.0019196700304746,35.507,-5.456,0.571,0.0,0,0,1,,0.902,2026-03-16T12:32:41.110467,sad,0.535,2026-03-16T12:32:41.110467,0.99,2026-03-16T12:32:41.011000,76,,,
participant_18,3,day,Town10HD_Opt,2026-03-16 12:32:42.231841,101.3019790649414,-48.63121032714844,0.0019536591134965,39.732,-4.518,0.512,0.0,0,0,1,,0.816,2026-03-16T12:32:42.231841,sad,0.535,2026-03-16T12:32:41.110467,0.969730263034689,2026-03-16T12:32:42.002000,79,,,
participant_18,3,day,Town10HD_Opt,2026-03-16 12:32:43.144306,96.63736724853516,-53.95428085327149,0.0020040129311382,41.172,-4.405,0.487,0.0,0,0,1,,1.0,2026-03-16T12:32:43.144306,sad,0.4,2026-03-16T12:32:43.144306,0.9838684798508818,2026-03-16T12:32:42.994000,79,,,
participant_18,3,day,Town10HD_Opt,2026-03-16 12:32:44.012477,91.06876373291016,-58.62269973754883,0.0020185851026326,42.013,-4.417,0.487,0.0,0,0,1,,1.0,2026-03-16T12:32:44.012477,sad,0.4,2026-03-16T12:32:43.144306,0.99,2026-03-16T12:32:43.981000,81,,,
participant_18,3,day,Town10HD_Opt,2026-03-16 12:32:45.121378,82.45856475830078,-63.47882080078125,0.0020243453327566,42.925,-4.667,0.486,0.0,0,0,1,,0.86,2026-03-16T12:32:45.121378,sad,0.4,2026-03-16T12:32:43.144306,0.99,2026-03-16T12:32:45.016000,82,,,
participant_18,3,day,Town10HD_Opt,2026-03-16 12:32:46.276755,72.80644226074219,-66.37066650390625,0.0020286941435188,43.659,-4.641,0.487,0.0,0,0,1,,1.0,2026-03-16T12:32:46.276755,sad,0.433,2026-03-16T12:32:46.276755,0.99,2026-03-16T12:32:46.006000,82,,,
participant_18,3,day,Town10HD_Opt,2026-03-16 12:32:47.194420,65.18492889404297,-67.19127655029297,0.0020428465213626,43.867,-0.909,0.414,0.0,0,0,1,,1.0,2026-03-16T12:32:47.194420,sad,0.433,2026-03-16T12:32:46.276755,0.99,2026-03-16T12:32:46.996000,81,,,
participant_18,3,day,Town10HD_Opt,2026-03-16 12:32:48.139312,57.66903305053711,-67.56000518798828,0.0021140670869499,41.748,-0.837,0.331,0.0,0,0,1,,0.866,2026-03-16T12:32:48.139312,sad,0.433,2026-03-16T12:32:46.276755,0.99,2026-03-16T12:32:47.986000,78,,,
participant_18,3,day,Town10HD_Opt,2026-03-16 12:32:49.100427,50.57665252685547,-67.73455047607422,0.0021218489855527,39.089,-0.04,0.352,0.0,0,0,1,,1.0,2026-03-16T12:32:49.100427,sad,0.377,2026-03-16T12:32:49.100427,0.99,2026-03-16T12:32:49.021000,76,,,
participant_18,3,day,Town10HD_Opt,2026-03-16 12:32:50.085182,43.87882232666016,-67.85535430908203,0.0021085357293486,37.179,-0.139,0.342,0.0,0,0,1,,0.965,2026-03-16T12:32:50.085182,sad,0.377,2026-03-16T12:32:49.100427,0.9794628920597702,2026-03-16T12:32:50.011000,75,,,
participant_18,3,day,Town10HD_Opt,2026-03-16 12:32:51.255640,35.48488998413086,-67.93661499023438,0.0021044157911092,34.618,-0.345,0.332,0.0,0,0,1,,0.804,2026-03-16T12:32:51.255640,fear,0.291,2026-03-16T12:32:51.255640,0.967206471193334,2026-03-16T12:32:51.002000,74,,,
participant_18,3,day,Town10HD_Opt,2026-03-16 12:32:52.132522,29.56247329711914,-67.92338562011719,0.0020965193398296,32.944,-0.197,0.331,0.0,0,0,1,,0.864,2026-03-16T12:32:52.132522,fear,0.291,2026-03-16T12:32:51.255640,0.99,2026-03-16T12:32:51.991000,75,,,
participant_18,3,day,Town10HD_Opt,2026-03-16 12:32:53.040082,23.914995193481445,-67.88124084472656,0.0020896529313176,31.493,0.078,0.331,0.0,0,0,1,,0.888,2026-03-16T12:32:53.040082,fear,0.291,2026-03-16T12:32:51.255640,0.9789943815825086,2026-03-16T12:32:52.981000,74,,,
participant_18,3,day,Town10HD_Opt,2026-03-16 12:32:54.224442,16.750341415405273,-67.83755493164062,0.0020816803444176,29.851,0.078,0.33,0.0,0,0,1,,0.858,2026-03-16T12:32:54.224442,neutral,0.303,2026-03-16T12:32:54.224442,0.99,2026-03-16T12:32:54.017000,74,,,
participant_18,3,day,Town10HD_Opt,2026-03-16 12:32:55.162295,11.611106872558594,-67.81903839111328,0.0020767210517078,28.806,0.092,0.331,0.0,0,0,1,,1.0,2026-03-16T12:32:55.162295,neutral,0.303,2026-03-16T12:32:54.224442,0.9839610311341236,2026-03-16T12:32:55.007000,73,,,
participant_18,3,day,Town10HD_Opt,2026-03-16 12:32:56.106188,6.64072322845459,-67.81269836425781,0.001970520010218,27.929,0.143,0.33,0.0,0,0,1,,0.887,2026-03-16T12:32:56.106188,neutral,0.303,2026-03-16T12:32:54.224442,0.99,2026-03-16T12:32:55.996000,70,,,
participant_18,3,day,Town10HD_Opt,2026-03-16 12:32:57.001276,1.8145334720611568,-67.82235717773438,0.0020672606769949,27.137,0.263,0.331,0.0,0,0,1,,0.906,2026-03-16T12:32:57.001276,neutral,0.334,2026-03-16T12:32:57.001276,0.9720573095911244,2026-03-16T12:32:56.987000,69,,,
participant_18,3,day,Town10HD_Opt,2026-03-16 12:32:58.157344,-4.415162563323975,-67.87483978271484,0.0020648192148655,26.226,0.181,0.339,0.0,0,0,1,,0.919,2026-03-16T12:32:58.157344,neutral,0.334,2026-03-16T12:32:57.001276,0.974396486623428,2026-03-16T12:32:57.977000,70,,,
participant_18,3,day,Town10HD_Opt,2026-03-16 12:32:59.000499,-9.03122329711914,-67.93702697753906,0.0020112609490752,26.86,0.07,0.42,0.0,0,0,1,,1.0,2026-03-16T12:32:59.000499,neutral,0.334,2026-03-16T12:32:57.001276,0.99,2026-03-16T12:32:59.011000,69,,,
participant_18,3,day,Town10HD_Opt,2026-03-16 12:33:00.085312,-15.493657112121582,-68.03438568115234,0.0020050047896802,28.544,-0.035,0.419,0.0,0,0,1,,0.806,2026-03-16T12:33:00.085312,sad,0.424,2026-03-16T12:33:00.085312,0.99,2026-03-16T12:33:00.001000,69,,,
participant_18,3,day,Town10HD_Opt,2026-03-16 12:33:01.195188,-22.30101776123047,-68.12968444824219,0.0020123289432376,29.808,-0.035,0.417,0.0,0,0,1,,1.0,2026-03-16T12:33:01.195188,sad,0.424,2026-03-16T12:33:00.085312,0.9305365332302844,2026-03-16T12:33:00.991000,67,,,
participant_18,3,day,Town10HD_Opt,2026-03-16 12:33:02.037497,-27.602821350097656,-68.19078063964844,0.0019974135793745,31.174,-0.122,0.471,0.0,0,0,1,,0.826,2026-03-16T12:33:02.037497,sad,0.424,2026-03-16T12:33:00.085312,0.9688213772100726,2026-03-16T12:33:02.026000,67,,,
participant_18,3,day,Town10HD_Opt,2026-03-16 12:33:03.161041,-35.11027145385742,-68.24697875976562,0.0019907378591597,33.419,-0.12,0.46,0.0,0,0,1,,1.0,2026-03-16T12:33:03.161041,sad,0.365,2026-03-16T12:33:03.161041,0.99,2026-03-16T12:33:03.018000,67,,,
participant_18,3,day,Town10HD_Opt,2026-03-16 12:33:04.080603,-41.0532455444336,-68.26771545410156,0.0019997023046016,34.678,-0.094,0.46,0.0,0,0,1,,0.82,2026-03-16T12:33:04.080603,sad,0.365,2026-03-16T12:33:03.161041,0.984046033884375,2026-03-16T12:33:04.007000,67,,,
participant_18,3,day,Town10HD_Opt,2026-03-16 12:33:05.184646,-49.31280517578125,-68.27526092529297,0.0020077896770089,36.175,-0.031,0.458,0.0,0,0,1,,0.98,2026-03-16T12:33:05.184646,sad,0.342,2026-03-16T12:33:05.184646,0.9653169991025954,2026-03-16T12:33:04.997000,67,,,
participant_18,3,day,Town10HD_Opt,2026-03-16 12:33:06.097128,-55.71939849853516,-68.27642059326172,0.0020124434959143,37.112,0.026,0.459,0.0,0,0,1,,0.898,2026-03-16T12:33:06.097128,sad,0.342,2026-03-16T12:33:05.184646,0.9471404667466484,2026-03-16T12:33:05.989000,66,,,
participant_18,3,day,Town10HD_Opt,2026-03-16 12:33:07.014158,-62.27984619140625,-68.28229522705078,0.0020164870657026,37.882,0.005,0.459,0.0,0,0,1,,1.0,2026-03-16T12:33:07.014158,sad,0.342,2026-03-16T12:33:05.184646,0.9323711809024964,2026-03-16T12:33:06.976000,66,,,
participant_18,3,day,Town10HD_Opt,2026-03-16 12:33:08.179310,-71.20893859863281,-67.95734405517578,0.0020270920358598,38.694,-2.84,0.453,0.0,0,0,1,,0.874,2026-03-16T12:33:08.179310,sad,0.432,2026-03-16T12:33:08.179310,0.8971995074793607,2026-03-16T12:33:08.011000,66,,,
participant_18,3,day,Town10HD_Opt,2026-03-16 12:33:09.009400,-77.93870544433594,-66.95112609863281,0.0020301437471061,39.106,-3.62,0.453,0.0,0,0,1,,1.0,2026-03-16T12:33:09.009400,sad,0.432,2026-03-16T12:33:08.179310,0.8824919700208268,2026-03-16T12:33:09.001000,67,,,
participant_18,3,day,Town10HD_Opt,2026-03-16 12:33:10.119455,-86.68587493896484,-64.24234771728516,0.0020370101556181,39.529,-4.943,0.453,0.0,0,0,1,,1.0,2026-03-16T12:33:10.119455,sad,0.432,2026-03-16T12:33:08.179310,0.7647379883293874,2026-03-16T12:33:09.991000,66,,,
participant_18,3,day,Town10HD_Opt,2026-03-16 12:33:11.027170,-92.78683471679688,-60.95768737792969,0.0020392988808453,39.771,-5.465,0.453,0.0,0,0,1,,0.854,2026-03-16T12:33:11.027170,angry,0.467,2026-03-16T12:33:11.027170,0.9066165047530584,2026-03-16T12:33:10.981000,67,,,
participant_18,3,day,Town10HD_Opt,2026-03-16 12:33:12.127081,-99.86382293701172,-54.94900894165039,0.0020414732862263,40.025,-5.451,0.453,0.0,0,0,1,,1.0,2026-03-16T12:33:12.127081,angry,0.467,2026-03-16T12:33:11.027170,0.7798297506507093,2026-03-16T12:33:12.062000,65,,,
participant_18,3,day,Town10HD_Opt,2026-03-16 12:33:13.259979,-105.32611846923828,-47.36927032470703,0.002041091909632,40.258,-4.919,0.453,0.0,0,0,1,,1.0,2026-03-16T12:33:13.259979,angry,0.42,2026-03-16T12:33:13.259979,0.880299146003711,2026-03-16T12:33:13.007000,65,,,
participant_18,3,day,Town10HD_Opt,2026-03-16 12:33:14.143738,-108.23453521728516,-40.95006561279297,0.002041587838903,40.404,-4.785,0.453,0.0,0,0,1,,1.0,2026-03-16T12:33:14.143738,angry,0.42,2026-03-16T12:33:13.259979,0.8008149201413891,2026-03-16T12:33:13.997000,64,,,
participant_18,3,day,Town10HD_Opt,2026-03-16 12:33:15.017572,-110.04188537597656,-34.14780807495117,0.002117957919836,39.024,-4.827,0.207,0.0,0,0,1,,1.0,2026-03-16T12:33:15.017572,angry,0.42,2026-03-16T12:33:13.259979,0.8190882566925738,2026-03-16T12:33:14.987000,63,,,
participant_18,3,day,Town10HD_Opt,2026-03-16 12:33:16.235838,-110.7402801513672,-25.79398536682129,0.002195663517341,32.626,-2.734,0.201,0.0,0,0,1,,0.871,2026-03-16T12:33:16.235838,neutral,0.328,2026-03-16T12:33:16.235838,0.8087260878151817,2026-03-16T12:33:15.977000,63,,,
participant_18,3,day,Town10HD_Opt,2026-03-16 12:33:17.130345,-110.59432220458984,-20.478376388549805,0.0022512055002152,26.924,-0.162,0.0,0.017,0,0,1,,1.0,2026-03-16T12:33:17.130345,neutral,0.328,2026-03-16T12:33:16.235838,0.7751309098073924,2026-03-16T12:33:17.102000,63,,,
participant_18,3,day,Town10HD_Opt,2026-03-16 12:33:18.003338,-110.44873046875,-16.41853141784668,0.0023122024722397,18.668,1.49,0.0,0.374,0,0,1,,0.843,2026-03-16T12:33:18.003338,neutral,0.328,2026-03-16T12:33:16.235838,0.8308674560923781,2026-03-16T12:33:18.047000,64,,,
participant_18,3,day,Town10HD_Opt,2026-03-16 12:33:19.174040,-110.42841339111328,-13.042012214660645,0.0021057510748505,10.224,1.067,0.0,0.243,0,0,1,,1.0,2026-03-16T12:33:19.174040,fear,0.33,2026-03-16T12:33:19.174040,0.7497216826321654,2026-03-16T12:33:18.991000,65,,,
participant_18,3,day,Town10HD_Opt,2026-03-16 12:33:20.096074,-110.4404754638672,-11.544838905334473,0.0020073316991329,7.231,0.78,0.038,0.0,0,0,1,,0.806,2026-03-16T12:33:20.096074,fear,0.33,2026-03-16T12:33:19.174040,0.7692980730518318,2026-03-16T12:33:19.981000,66,,,
participant_18,3,day,Town10HD_Opt,2026-03-16 12:33:21.224601,-110.4510726928711,-10.082111358642578,0.001967926044017,5.14,-0.226,0.0,0.0,0,0,1,,1.0,2026-03-16T12:33:21.224601,sad,0.301,2026-03-16T12:33:21.224601,0.8667466776636811,2026-03-16T12:33:20.971000,68,,,
participant_18,3,day,Town10HD_Opt,2026-03-16 12:33:22.139931,-110.45404052734376,-9.27015781402588,0.0019573592580854,4.004,-0.209,0.0,0.0,0,0,1,,0.822,2026-03-16T12:33:22.139931,sad,0.301,2026-03-16T12:33:21.224601,0.9248294671182252,2026-03-16T12:33:22.007000,71,,,
participant_18,3,day,Town10HD_Opt,2026-03-16 12:33:23.015564,-110.45589447021484,-8.646888732910156,0.0019484710646793,3.074,-0.195,0.0,0.0,0,0,1,,0.873,2026-03-16T12:33:23.015564,sad,0.301,2026-03-16T12:33:21.224601,0.7546579921708606,2026-03-16T12:33:22.997000,70,,,
participant_18,3,day,Town10HD_Opt,2026-03-16 12:33:24.178119,-110.4572525024414,-8.035131454467773,0.0019397735595703,2.161,-0.186,0.0,0.0,0,0,1,,0.81,2026-03-16T12:33:24.178119,neutral,0.391,2026-03-16T12:33:24.178119,0.8410220723735586,2026-03-16T12:33:23.986000,69,,,
participant_18,3,day,Town10HD_Opt,2026-03-16 12:33:25.066910,-110.45807647705078,-7.698914527893066,0.0019348907517269,1.659,-0.186,0.0,0.0,0,0,1,,1.0,2026-03-16T12:33:25.066910,neutral,0.391,2026-03-16T12:33:24.178119,0.833490847542393,2026-03-16T12:33:24.977000,69,,,
participant_18,3,day,Town10HD_Opt,2026-03-16 12:33:26.226412,-110.45829010009766,-7.368945121765137,0.0019301986321806,1.166,-0.186,0.0,0.0,0,0,1,,0.826,2026-03-16T12:33:26.226412,neutral,0.441,2026-03-16T12:33:26.226412,0.8766960888056743,2026-03-16T12:33:26.012000,68,,,
participant_18,3,day,Town10HD_Opt,2026-03-16 12:33:27.089452,-110.45835876464844,-7.187620639801025,0.0019275664817541,0.896,-0.186,0.0,0.0,0,0,1,,0.899,2026-03-16T12:33:27.089452,neutral,0.441,2026-03-16T12:33:26.226412,0.7853326793219033,2026-03-16T12:33:27.002000,66,,,
participant_18,3,day,Town10HD_Opt,2026-03-16 12:33:28.273647,-110.45841217041016,-7.0095696449279785,0.0019249725155532,0.632,-0.186,0.0,0.0,0,0,1,,1.0,2026-03-16T12:33:28.273647,neutral,0.735,2026-03-16T12:33:28.273647,0.7869931126592836,2026-03-16T12:33:27.991000,64,,,
participant_18,3,day,Town10HD_Opt,2026-03-16 12:33:29.142922,-110.45845794677734,-6.9116387367248535,0.0019236755324527,0.486,-0.186,0.0,0.0,0,0,1,,0.89,2026-03-16T12:33:29.142922,neutral,0.735,2026-03-16T12:33:28.273647,0.8364692871837184,2026-03-16T12:33:28.980000,64,,,
participant_18,3,day,Town10HD_Opt,2026-03-16 12:33:30.032324,-110.45848083496094,-6.836430549621582,0.0019225692376494,0.374,-0.186,0.0,0.0,0,0,1,,1.0,2026-03-16T12:33:30.032324,neutral,0.735,2026-03-16T12:33:28.273647,0.7922078930027979,2026-03-16T12:33:30.016000,67,,,
participant_18,3,day,Town10HD_Opt,2026-03-16 12:33:31.179043,-110.45850372314452,-6.762569427490234,0.0019215011270716,0.264,-0.186,0.0,0.0,0,0,1,,0.849,2026-03-16T12:33:31.179043,sad,0.339,2026-03-16T12:33:31.179043,0.807796557885664,2026-03-16T12:33:31.006000,67,,,
participant_18,3,day,Town10HD_Opt,2026-03-16 12:33:32.081997,-110.45852661132812,-6.721949100494385,0.0019208525773137,0.204,-0.186,0.0,0.0,0,0,1,,0.816,2026-03-16T12:33:32.081997,sad,0.339,2026-03-16T12:33:31.179043,0.7516067611233238,2026-03-16T12:33:31.996000,67,,,
participant_18,3,day,Town10HD_Opt,2026-03-16 12:33:33.025151,-110.45853424072266,-6.690756797790527,0.0019204712007194,0.157,-0.186,0.0,0.0,0,0,1,,0.839,2026-03-16T12:33:33.025151,sad,0.339,2026-03-16T12:33:31.179043,0.8112737240617287,2026-03-16T12:33:32.986000,67,,,
participant_18,3,day,Town10HD_Opt,2026-03-16 12:33:34.030119,-110.4585418701172,-6.666802406311035,0.0019200897077098,0.12,-0.186,0.0,0.0,0,0,1,,0.861,2026-03-16T12:33:34.030119,neutral,0.53,2026-03-16T12:33:34.030119,0.6768243039620352,2026-03-16T12:33:33.976000,68,,,
participant_18,3,day,Town10HD_Opt,2026-03-16 12:33:35.215005,-110.45854949951172,-6.643274784088135,0.0019197463989257,0.086,-0.186,0.0,0.0,0,0,1,,0.916,2026-03-16T12:33:35.215005,neutral,0.53,2026-03-16T12:33:34.030119,0.7417454178841738,2026-03-16T12:33:35.011000,66,,,
participant_18,3,day,Town10HD_Opt,2026-03-16 12:33:36.084018,-110.45854949951172,-6.631314754486084,0.0019188307924196,0.223,-0.157,0.942,0.0,0,0,1,,0.844,2026-03-16T12:33:36.084018,sad,0.42,2026-03-16T12:33:36.084018,0.7176506983039003,2026-03-16T12:33:36.002000,66,,,
participant_18,3,day,Town10HD_Opt,2026-03-16 12:33:37.280702,-110.45880889892578,-4.623069286346436,0.0014752197312191,18.425,-0.157,0.808,0.0,0,0,1,,0.905,2026-03-16T12:33:37.280702,sad,0.42,2026-03-16T12:33:36.084018,0.7702345324923512,2026-03-16T12:33:36.992000,66,,,
participant_18,3,day,Town10HD_Opt,2026-03-16 12:33:38.153968,-110.45148468017578,-0.8054273724555969,0.0017889022128656,25.995,-0.322,0.591,0.0,0,0,1,,1.0,2026-03-16T12:33:38.153968,neutral,0.446,2026-03-16T12:33:38.153968,0.7680341326751288,2026-03-16T12:33:37.982000,66,,,
participant_18,3,day,Town10HD_Opt,2026-03-16 12:33:39.066673,-110.2597427368164,4.131572723388672,0.0019093704177066,30.478,-5.271,0.518,0.0,0,0,1,,0.856,2026-03-16T12:33:39.066673,neutral,0.446,2026-03-16T12:33:38.153968,0.6898294330359102,2026-03-16T12:33:38.972000,67,,,
participant_18,3,day,Town10HD_Opt,2026-03-16 12:33:40.212241,-108.811279296875,11.484952926635742,0.001940498361364,33.938,-5.791,0.489,0.0,0,0,1,,0.806,2026-03-16T12:33:40.212241,neutral,0.409,2026-03-16T12:33:40.212241,0.6796150641093666,2026-03-16T12:33:40.007000,68,,,
participant_18,3,day,Town10HD_Opt,2026-03-16 12:33:41.125555,-106.4619598388672,17.05898666381836,0.0020177077967673,35.199,-9.487,0.438,0.0,0,0,1,,1.0,2026-03-16T12:33:41.125555,neutral,0.409,2026-03-16T12:33:40.212241,0.7152613781469822,2026-03-16T12:33:40.996000,67,,,
participant_18,3,day,Town10HD_Opt,2026-03-16 12:33:42.099748,-102.63436889648438,21.835596084594727,0.0021011352073401,34.947,-12.92,0.404,0.0,0,0,1,,1.0,2026-03-16T12:33:42.099748,neutral,0.409,2026-03-16T12:33:40.212241,0.7511860935640788,2026-03-16T12:33:41.987000,65,,,
participant_18,3,day,Town10HD_Opt,2026-03-16 12:33:43.022430,-97.45309448242188,24.86319923400879,0.002126274164766,33.49,-12.716,0.21,0.0,0,0,1,,0.807,2026-03-16T12:33:43.022430,neutral,0.333,2026-03-16T12:33:43.022430,0.7102267899256273,2026-03-16T12:33:42.977000,68,,,
participant_18,3,day,Town10HD_Opt,2026-03-16 12:33:44.301689,-90.70352935791016,25.996097564697266,0.002276801969856,24.422,1.431,0.0,0.0,0,0,1,,1.0,2026-03-16T12:33:44.301689,neutral,0.333,2026-03-16T12:33:43.022430,0.6637589399566439,2026-03-16T12:33:44.056000,69,,,
participant_18,3,day,Town10HD_Opt,2026-03-16 12:33:45.264659,-86.96878051757812,26.43813705444336,0.0022358703427016,18.38,0.846,0.248,0.0,0,0,1,,1.0,2026-03-16T12:33:45.264659,neutral,0.672,2026-03-16T12:33:45.264659,0.6973165438837676,2026-03-16T12:33:45.001000,69,,,
participant_18,3,day,Town10HD_Opt,2026-03-16 12:33:46.215521,-83.8263931274414,26.84475326538086,0.0020080946851521,18.597,-0.825,0.952,0.0,0,0,1,,0.855,2026-03-16T12:33:46.215521,neutral,0.672,2026-03-16T12:33:45.264659,0.6775659344641467,2026-03-16T12:33:45.992000,70,,,
participant_18,3,day,Town10HD_Opt,2026-03-16 12:33:47.132647,-79.71675109863281,27.28092193603516,0.0015986632788553,31.252,-1.081,0.89,0.0,0,0,1,,0.88,2026-03-16T12:33:47.132647,neutral,0.672,2026-03-16T12:33:45.264659,0.6005957814975884,2026-03-16T12:33:46.981000,70,,,
participant_18,3,day,Town10HD_Opt,2026-03-16 12:33:48.046423,-73.24005889892578,27.78533935546875,0.0016613387269899,43.413,-1.514,0.816,0.0,0,0,1,,0.867,2026-03-16T12:33:48.046423,neutral,0.808,2026-03-16T12:33:48.046423,0.6398525161338297,2026-03-16T12:33:48.016000,69,,,
participant_18,3,day,Town10HD_Opt,2026-03-16 12:33:49.022404,-64.91938018798828,28.05478858947754,0.0017754745204001,51.471,-1.022,0.0,0.149,0,0,1,,1.0,2026-03-16T12:33:49.022404,neutral,0.808,2026-03-16T12:33:48.046423,0.7348487297218557,2026-03-16T12:33:49.006000,68,,,
participant_18,3,day,Town10HD_Opt,2026-03-16 12:33:50.295275,-53.22900390625,27.94638633728028,0.0020892333704978,49.295,-0.078,0.735,0.0,0,0,1,,0.869,2026-03-16T12:33:50.295275,neutral,0.568,2026-03-16T12:33:50.295275,0.6897184340470408,2026-03-16T12:33:49.996000,68,,,
participant_18,3,day,Town10HD_Opt,2026-03-16 12:33:51.217908,-44.50088882446289,27.788951873779297,0.0021259307395666,48.94,0.136,0.726,0.0,0,0,1,,0.862,2026-03-16T12:33:51.217908,neutral,0.568,2026-03-16T12:33:50.295275,0.7396613262230004,2026-03-16T12:33:50.987000,70,,,
participant_18,3,day,Town10HD_Opt,2026-03-16 12:33:52.145664,-35.77260971069336,27.68763542175293,0.0021248245611786,48.983,0.181,0.72,0.0,0,0,1,,0.845,2026-03-16T12:33:52.145664,neutral,0.568,2026-03-16T12:33:50.295275,0.7352498177744692,2026-03-16T12:33:52.023000,72,,,
participant_18,3,day,Town10HD_Opt,2026-03-16 12:33:53.089338,-27.043663024902344,27.651655197143555,0.0021266173571348,48.871,0.197,0.382,0.0,0,0,1,,0.889,2026-03-16T12:33:53.089338,sad,0.378,2026-03-16T12:33:53.089338,0.6481452761369256,2026-03-16T12:33:53.012000,73,,,
participant_18,3,day,Town10HD_Opt,2026-03-16 12:33:54.112301,-19.185800552368164,27.6820068359375,0.0023712920956313,39.268,0.223,0.0,0.0,0,0,1,,0.805,2026-03-16T12:33:54.112301,sad,0.378,2026-03-16T12:33:53.089338,0.7399389339510637,2026-03-16T12:33:54.002000,74,,,
participant_18,3,day,Town10HD_Opt,2026-03-16 12:33:55.017341,-12.968572616577148,27.75638771057129,0.0022209929302334,32.606,0.157,0.364,0.0,0,0,1,,0.903,2026-03-16T12:33:55.017341,sad,0.378,2026-03-16T12:33:53.089338,0.6888813192749046,2026-03-16T12:33:54.994000,74,,,
participant_18,3,day,Town10HD_Opt,2026-03-16 12:33:56.188886,-5.204359531402588,27.843135833740234,0.0018978881416842,36.065,-0.134,0.581,0.0,0,0,1,,0.889,2026-03-16T12:33:56.188886,neutral,0.485,2026-03-16T12:33:56.188886,0.7265666084486472,2026-03-16T12:33:55.982000,73,,,
participant_18,3,day,Town10HD_Opt,2026-03-16 12:33:57.110141,1.3856618404388428,27.893537521362305,0.0019721984863281,38.738,0.026,0.316,0.0,0,0,1,,0.923,2026-03-16T12:33:57.110141,neutral,0.485,2026-03-16T12:33:56.188886,0.640012619758695,2026-03-16T12:33:57.017000,74,,,
participant_18,3,day,Town10HD_Opt,2026-03-16 12:33:58.039710,7.992532253265381,27.947696685791016,0.0021270369179546,36.268,-0.035,0.299,0.0,0,0,1,,0.886,2026-03-16T12:33:58.039710,neutral,0.485,2026-03-16T12:33:56.188886,0.6444380265184149,2026-03-16T12:33:58.007000,71,,,
participant_18,3,day,Town10HD_Opt,2026-03-16 12:33:59.218035,16.07713508605957,28.004350662231445,0.0021218108013272,32.891,0.007,0.287,0.0,0,0,1,,0.819,2026-03-16T12:33:59.218035,neutral,0.339,2026-03-16T12:33:59.218035,0.6788065663090421,2026-03-16T12:33:58.997000,71,,,
participant_18,3,day,Town10HD_Opt,2026-03-16 12:34:00.084823,21.634456634521484,28.082408905029297,0.0021292876917868,30.321,2.45,0.261,0.0,0,0,1,,0.836,2026-03-16T12:34:00.084823,neutral,0.339,2026-03-16T12:33:59.218035,0.6903079377669651,2026-03-16T12:33:59.987000,73,,,
participant_18,3,day,Town10HD_Opt,2026-03-16 12:34:01.256545,28.30574417114257,28.70128631591797,0.002124710008502,27.008,5.787,0.261,0.0,0,0,1,,1.0,2026-03-16T12:34:01.256545,neutral,0.353,2026-03-16T12:34:01.256545,0.4902388588571903,2026-03-16T12:34:01.021000,72,,,
participant_18,3,day,Town10HD_Opt,2026-03-16 12:34:02.138215,32.69352340698242,29.87556838989257,0.0021169662941247,24.91,9.447,0.28,0.0,0,0,1,,1.0,2026-03-16T12:34:02.138215,neutral,0.353,2026-03-16T12:34:01.256545,0.6725196782788082,2026-03-16T12:34:02.011000,72,,,
participant_18,3,day,Town10HD_Opt,2026-03-16 12:34:03.041682,36.33297729492188,31.93704032897949,0.0021237945184111,23.159,18.319,0.291,0.0,0,0,1,,0.935,2026-03-16T12:34:03.041682,neutral,0.353,2026-03-16T12:34:01.256545,0.6115480762174973,2026-03-16T12:34:03.003000,70,,,
participant_18,3,day,Town10HD_Opt,2026-03-16 12:34:04.187354,39.38216400146485,36.09109115600586,0.0021098707802593,21.552,18.254,0.291,0.0,0,0,1,,0.896,2026-03-16T12:34:04.187354,neutral,0.539,2026-03-16T12:34:04.187354,0.5958494550644804,2026-03-16T12:34:03.992000,69,,,
participant_18,3,day,Town10HD_Opt,2026-03-16 12:34:05.042400,40.20774459838867,39.65742492675781,0.00209945673123,20.577,16.213,0.287,0.0,0,0,1,,1.0,2026-03-16T12:34:05.042400,neutral,0.539,2026-03-16T12:34:04.187354,0.6520732376099495,2026-03-16T12:34:04.982000,70,,,
participant_18,3,day,Town10HD_Opt,2026-03-16 12:34:06.180211,40.357540130615234,44.33731842041016,0.0020787811372429,19.305,-1.391,0.099,0.0,0,0,1,,1.0,2026-03-16T12:34:06.180211,neutral,0.539,2026-03-16T12:34:04.187354,0.5324519112520671,2026-03-16T12:34:06.016000,69,,,
participant_18,3,day,Town10HD_Opt,2026-03-16 12:34:07.029263,40.47538375854492,47.44753646850586,0.001997947692871,15.702,0.837,0.0,0.079,0,0,1,,1.0,2026-03-16T12:34:07.029263,sad,0.384,2026-03-16T12:34:07.029263,0.5240588327700142,2026-03-16T12:34:07.097000,68,,,
participant_18,3,day,Town10HD_Opt,2026-03-16 12:34:08.143763,40.540184020996094,50.31686019897461,0.0020817182958126,8.664,0.757,0.0,0.27,0,0,1,,0.801,2026-03-16T12:34:08.143763,sad,0.384,2026-03-16T12:34:07.029263,0.5290166438042225,2026-03-16T12:34:08.087000,69,,,
participant_18,3,day,Town10HD_Opt,2026-03-16 12:34:09.006669,40.55631637573242,51.41119003295898,0.0023762511555105,0.0,0.757,0.0,0.264,0,0,1,,0.867,2026-03-16T12:34:09.006669,sad,0.384,2026-03-16T12:34:07.029263,0.6011887125185464,2026-03-16T12:34:08.987000,67,,,
participant_18,3,day,Town10HD_Opt,2026-03-16 12:34:10.065601,40.55632019042969,51.41182327270508,0.0019266509916633,0.003,0.71,0.035,0.0,0,0,1,,0.815,2026-03-16T12:34:10.065601,neutral,0.887,2026-03-16T12:34:10.065601,0.6073829777744746,2026-03-16T12:34:10.022000,66,,,
participant_18,3,day,Town10HD_Opt,2026-03-16 12:34:11.152123,40.5576171875,51.501712799072266,0.0018956374842673,0.929,0.672,0.0,0.0,0,0,1,,1.0,2026-03-16T12:34:11.152123,neutral,0.887,2026-03-16T12:34:10.065601,0.5696525029149859,2026-03-16T12:34:11.012000,69,Harsh braking,decel_mps2=6.4,
participant_18,3,day,Town10HD_Opt,2026-03-16 12:34:12.207626,40.56021881103516,51.687347412109375,0.0019250105833634,0.66,0.672,0.0,0.0,0,0,1,,1.0,2026-03-16T12:34:12.207626,neutral,0.44,2026-03-16T12:34:12.207626,0.5467745232096762,2026-03-16T12:34:12.001000,69,,,
participant_18,3,day,Town10HD_Opt,2026-03-16 12:34:13.030811,40.56159210205078,51.78960418701172,0.0019237136002629,0.515,0.656,0.0,0.0,0,0,1,,0.816,2026-03-16T12:34:13.030811,neutral,0.44,2026-03-16T12:34:12.207626,0.5908503208904498,2026-03-16T12:34:12.992000,69,,,
participant_18,3,day,Town10HD_Opt,2026-03-16 12:34:14.134261,40.56293869018555,51.89002227783203,0.0019223403651267,0.358,0.618,0.0,0.0,0,0,1,,1.0,2026-03-16T12:34:14.134261,neutral,0.44,2026-03-16T12:34:12.207626,0.6464793693504761,2026-03-16T12:34:13.982000,67,,,
participant_18,3,day,Town10HD_Opt,2026-03-16 12:34:15.000886,40.56367111206055,51.94523239135742,0.0019215393112972,0.276,0.616,0.0,0.0,0,0,1,,1.0,2026-03-16T12:34:15.000886,sad,0.355,2026-03-16T12:34:15.000886,0.6027775564839393,2026-03-16T12:34:15.017000,68,,,
participant_18,3,day,Town10HD_Opt,2026-03-16 12:34:16.115088,40.56567001342773,52.10756301879883,0.0017023849068209,4.416,0.59,0.889,0.0,0,0,1,,0.815,2026-03-16T12:34:16.115088,sad,0.355,2026-03-16T12:34:15.000886,0.6057293479406549,2026-03-16T12:34:16.007000,69,,,
participant_18,3,day,Town10HD_Opt,2026-03-16 12:34:17.258047,40.60926818847656,55.17617416381836,0.0018120956374332,21.184,-2.527,0.819,0.0,0,0,1,,1.0,2026-03-16T12:34:17.258047,neutral,0.413,2026-03-16T12:34:17.258047,0.5472401038417374,2026-03-16T12:34:16.997000,71,,,errors=Stop sign violation
participant_18,3,day,Town10HD_Opt,2026-03-16 12:34:18.187316,41.14634323120117,59.6484489440918,0.001750640803948,30.809,-9.669,0.682,0.0,0,0,1,,0.874,2026-03-16T12:34:18.187316,neutral,0.413,2026-03-16T12:34:17.258047,0.527544058483521,2026-03-16T12:34:17.986000,70,,,
participant_18,3,day,Town10HD_Opt,2026-03-16 12:34:19.171443,43.34169387817383,65.1100082397461,0.0018822478596121,36.71,-15.021,0.497,0.0,0,0,1,,1.0,2026-03-16T12:34:19.171443,neutral,0.413,2026-03-16T12:34:17.258047,0.5651012504422811,2026-03-16T12:34:19.022000,70,,,
participant_18,3,day,Town10HD_Opt,2026-03-16 12:34:20.001698,47.80244064331055,69.48783111572266,0.002253150800243,33.075,-16.193,0.0,0.0,0,0,1,,1.0,2026-03-16T12:34:20.001698,neutral,0.393,2026-03-16T12:34:20.001698,0.5988442737561964,2026-03-16T12:34:20.012000,69,,,
participant_18,3,day,Town10HD_Opt,2026-03-16 12:34:21.143050,54.07823181152344,71.2000732421875,0.0022700501140207,23.676,-15.071,0.134,0.0,0,0,1,,0.832,2026-03-16T12:34:21.143050,neutral,0.393,2026-03-16T12:34:20.001698,0.4946949905208159,2026-03-16T12:34:21.002000,70,,,
participant_18,3,day,Town10HD_Opt,2026-03-16 12:34:22.034553,58.02825164794922,70.77786254882812,0.0019875715952366,23.87,-3.792,0.648,0.0,0,0,1,,0.852,2026-03-16T12:34:22.034553,neutral,0.526,2026-03-16T12:34:22.034553,0.5277619652761159,2026-03-16T12:34:21.992000,70,,,
participant_18,3,day,Town10HD_Opt,2026-03-16 12:34:23.197103,64.25530242919922,69.98303985595703,0.0020246123895049,27.941,2.678,0.32,0.0,0,0,1,,0.922,2026-03-16T12:34:23.197103,neutral,0.526,2026-03-16T12:34:22.034553,0.484023308397075,2026-03-16T12:34:22.983000,69,,,
participant_18,3,day,Town10HD_Opt,2026-03-16 12:34:24.248753,68.99275970458984,69.76792907714844,0.0021877288818359,24.664,1.862,0.0,0.0,0,0,1,,0.842,2026-03-16T12:34:24.248753,sad,0.333,2026-03-16T12:34:24.248753,0.482122267929103,2026-03-16T12:34:24.020000,69,,,
participant_18,3,day,Town10HD_Opt,2026-03-16 12:34:25.084587,72.81292724609375,69.77220916748047,0.0022412489634007,18.459,2.398,0.0,0.0,0,0,1,,1.0,2026-03-16T12:34:25.084587,sad,0.333,2026-03-16T12:34:24.248753,0.3929046887695128,2026-03-16T12:34:25.016000,74,Stop sign violation,stop_sign_id=900,
participant_18,3,day,Town10HD_Opt,2026-03-16 12:34:26.257188,76.535888671875,69.95132446289062,0.0020405577961355,13.285,0.385,0.115,0.0,0,0,1,,0.896,2026-03-16T12:34:26.257188,neutral,0.467,2026-03-16T12:34:26.257188,0.439147326036127,2026-03-16T12:34:25.997000,75,,,
participant_18,3,day,Town10HD_Opt,2026-03-16 12:34:27.107940,78.96827697753906,70.06875610351562,0.0016927337273955,17.88,-0.86,0.967,0.0,0,0,1,,0.92,2026-03-16T12:34:27.107940,neutral,0.467,2026-03-16T12:34:26.257188,0.4442101679209486,2026-03-16T12:34:26.991000,77,,,
participant_18,3,day,Town10HD_Opt,2026-03-16 12:34:28.232230,85.04759216308594,70.24722290039062,0.00155723572243,35.809,-0.717,0.597,0.0,0,0,1,,0.947,2026-03-16T12:34:28.232230,neutral,0.467,2026-03-16T12:34:26.257188,0.4466358080048924,2026-03-16T12:34:28.022000,76,,,
participant_18,3,day,Town10HD_Opt,2026-03-16 12:34:29.090079,91.2314453125,70.427490234375,0.0022616195492446,31.419,9.562,0.0,0.0,0,0,1,,0.874,2026-03-16T12:34:29.090079,sad,0.339,2026-03-16T12:34:29.090079,0.446155048142891,2026-03-16T12:34:29.011000,77,,,
participant_18,3,day,Town10HD_Opt,2026-03-16 12:34:30.276755,97.15750122070312,72.630126953125,0.0020698928274214,27.351,24.824,0.767,0.0,0,0,1,,1.0,2026-03-16T12:34:30.276755,sad,0.339,2026-03-16T12:34:29.090079,0.4269064686535954,2026-03-16T12:34:30.001000,76,,,
participant_18,3,day,Town10HD_Opt,2026-03-16 12:34:31.079286,100.02491760253906,77.13182067871094,0.0018870925996452,34.691,24.378,0.508,0.0,0,0,1,,0.804,2026-03-16T12:34:31.079286,sad,0.339,2026-03-16T12:34:29.090079,0.397561744062102,2026-03-16T12:34:30.993000,73,,,
participant_18,3,day,Town10HD_Opt,2026-03-16 12:34:32.215474,99.78199768066406,85.08818817138672,0.0021264266688376,32.964,-0.515,0.285,0.0,0,0,1,,0.898,2026-03-16T12:34:32.215474,happy,0.781,2026-03-16T12:34:32.215474,0.4617851002668611,2026-03-16T12:34:31.982000,70,,,
participant_18,3,day,Town10HD_Opt,2026-03-16 12:34:33.090014,99.04279327392578,90.61158752441406,0.0021199798211455,30.557,-0.552,0.285,0.0,0,0,1,,0.91,2026-03-16T12:34:33.090014,happy,0.781,2026-03-16T12:34:32.215474,0.4886032857998753,2026-03-16T12:34:33.017000,70,,,
participant_18,3,day,Town10HD_Opt,2026-03-16 12:34:34.191582,98.12542724609376,97.375732421875,0.0021070861257612,27.85,2.073,0.285,0.0,0,0,1,,1.0,2026-03-16T12:34:34.191582,happy,0.781,2026-03-16T12:34:32.215474,0.4241607154297381,2026-03-16T12:34:34.007000,71,,,
participant_18,3,day,Town10HD_Opt,2026-03-16 12:34:35.061307,97.18779754638672,102.01354217529295,0.002100562909618,26.028,3.95,0.285,0.0,0,0,1,,1.0,2026-03-16T12:34:35.061307,sad,0.332,2026-03-16T12:34:35.061307,0.392699820064727,2026-03-16T12:34:34.997000,72,,,
participant_18,3,day,Town10HD_Opt,2026-03-16 12:34:36.164959,95.42668914794922,107.61209869384766,0.0020903777331113,24.244,4.367,0.361,0.0,0,0,1,,1.0,2026-03-16T12:34:36.164959,sad,0.332,2026-03-16T12:34:35.061307,0.4817011576803137,2026-03-16T12:34:35.987000,72,,,
participant_18,3,day,Town10HD_Opt,2026-03-16 12:34:36.999193,93.67918395996094,111.53043365478516,0.0020029449369758,25.292,4.978,0.418,0.0,0,0,1,,1.0,2026-03-16T12:34:36.999193,sad,0.332,2026-03-16T12:34:35.061307,0.4649878124495337,2026-03-16T12:34:37.022000,71,,,
participant_18,3,day,Town10HD_Opt,2026-03-16 12:34:38.104657,90.50357818603516,116.72663116455078,0.0020056532230228,27.096,4.839,0.415,0.0,0,0,1,,1.0,2026-03-16T12:34:38.104657,neutral,0.355,2026-03-16T12:34:38.104657,0.4496726793119045,2026-03-16T12:34:38.013000,72,,,
participant_18,3,day,Town10HD_Opt,2026-03-16 12:34:39.075437,87.4533462524414,120.44813537597656,0.0020125959999859,28.044,5.919,0.415,0.0,0,0,1,,1.0,2026-03-16T12:34:39.075437,neutral,0.355,2026-03-16T12:34:38.104657,0.3921088744974326,2026-03-16T12:34:39.003000,71,,,
participant_18,3,day,Town10HD_Opt,2026-03-16 12:34:39.995492,83.73888397216797,123.83859252929688,0.0019786071497946,29.936,5.78,0.487,0.0,0,0,1,,1.0,2026-03-16T12:34:39.995492,neutral,0.355,2026-03-16T12:34:38.104657,0.4231808045577179,2026-03-16T12:34:39.992000,69,,,
participant_18,3,day,Town10HD_Opt,2026-03-16 12:34:41.142205,77.54771423339844,127.69696044921876,0.0019828795921057,32.828,6.701,0.477,0.0,0,0,1,,1.0,2026-03-16T12:34:41.142205,fear,0.459,2026-03-16T12:34:41.142205,0.489813937640157,2026-03-16T12:34:41.072000,70,,,
participant_18,3,day,Town10HD_Opt,2026-03-16 12:34:42.007110,72.02699279785156,129.68679809570312,0.0019972228910773,34.387,6.464,0.47,0.0,0,0,1,,0.863,2026-03-16T12:34:42.007110,fear,0.459,2026-03-16T12:34:41.142205,0.4894186850776531,2026-03-16T12:34:42.017000,69,,,
participant_18,3,day,Town10HD_Opt,2026-03-16 12:34:43.258087,63.88567352294922,130.84286499023438,0.0020035170018672,36.238,1.643,0.466,0.0,0,0,1,,1.0,2026-03-16T12:34:43.258087,neutral,0.578,2026-03-16T12:34:43.258087,0.4671404932951115,2026-03-16T12:34:43.007000,69,,,
participant_18,3,day,Town10HD_Opt,2026-03-16 12:34:44.176398,57.46359252929688,131.1447296142578,0.0020087051670998,37.31,1.196,0.464,0.0,0,0,1,,0.81,2026-03-16T12:34:44.176398,neutral,0.578,2026-03-16T12:34:43.258087,0.4333912408898849,2026-03-16T12:34:43.997000,69,Vehicle-pedestrian collision,Vehicle-pedestrian collision,
participant_18,3,day,Town10HD_Opt,2026-03-16 12:34:45.071049,50.86189270019531,131.2379913330078,0.0020134735386818,38.22,0.775,0.464,0.0,0,0,1,,1.0,2026-03-16T12:34:45.071049,neutral,0.578,2026-03-16T12:34:43.258087,0.5227903794507768,2026-03-16T12:34:44.987000,66,,,
participant_18,3,day,Town10HD_Opt,2026-03-16 12:34:46.242139,41.83033752441406,131.09349060058594,0.0020183944143354,39.248,0.176,0.464,0.0,0,0,1,,0.899,2026-03-16T12:34:46.242139,neutral,0.698,2026-03-16T12:34:46.242139,0.4922851714769813,2026-03-16T12:34:46.022000,67,,,
participant_18,3,day,Town10HD_Opt,2026-03-16 12:34:47.133577,34.91176223754883,130.90286254882812,0.0020215606782585,39.898,-0.139,0.464,0.0,0,0,1,,0.844,2026-03-16T12:34:47.133577,neutral,0.698,2026-03-16T12:34:46.242139,0.5084904048500947,2026-03-16T12:34:47.012000,68,,,
participant_18,3,day,Town10HD_Opt,2026-03-16 12:34:47.996941,27.88624382019043,130.72952270507812,0.002024307148531,40.459,-0.164,0.464,0.0,0,0,1,,0.915,2026-03-16T12:34:47.996941,neutral,0.698,2026-03-16T12:34:46.242139,0.5461010270805975,2026-03-16T12:34:48.002000,68,,,
participant_18,3,day,Town10HD_Opt,2026-03-16 12:34:49.161801,18.377046585083008,130.55633544921875,0.0020276641007512,41.087,-0.143,0.464,0.0,0,0,1,,0.944,2026-03-16T12:34:49.161801,neutral,0.876,2026-03-16T12:34:49.161801,0.542261708056033,2026-03-16T12:34:48.993000,67,,,
participant_18,3,day,Town10HD_Opt,2026-03-16 12:34:50.054367,11.155232429504396,130.46360778808594,0.0020297621376812,41.483,-0.028,0.464,0.0,0,0,1,,0.808,2026-03-16T12:34:50.054367,neutral,0.876,2026-03-16T12:34:49.161801,0.5290938573354353,2026-03-16T12:34:49.982000,67,,,
participant_18,3,day,Town10HD_Opt,2026-03-16 12:34:51.165560,1.4267611503601074,130.35450744628906,0.0020318604074418,41.927,-0.028,0.464,0.0,0,0,1,,0.839,2026-03-16T12:34:51.165560,neutral,0.646,2026-03-16T12:34:51.165560,0.4982924676449765,2026-03-16T12:34:51.017000,66,,,
participant_18,3,day,Town10HD_Opt,2026-03-16 12:34:52.062598,-5.843771934509277,130.2804718017578,0.0022390745580196,38.188,0.068,0.0,0.565,0,0,1,,0.903,2026-03-16T12:34:52.062598,neutral,0.646,2026-03-16T12:34:51.165560,0.4381661395825514,2026-03-16T12:34:52.007000,67,,,
participant_18,3,day,Town10HD_Opt,2026-03-16 12:34:53.233630,-12.98870849609375,130.1972198486328,0.0024017714895308,22.555,0.068,0.0,0.6,0,0,1,,0.853,2026-03-16T12:34:53.233630,neutral,0.667,2026-03-16T12:34:53.233630,0.4501655374763247,2026-03-16T12:34:52.997000,69,,,
participant_18,3,day,Town10HD_Opt,2026-03-16 12:34:54.093449,-16.22048568725586,130.1530303955078,0.0020661163143813,14.87,0.068,0.0,0.033,0,0,1,,1.0,2026-03-16T12:34:54.093449,neutral,0.667,2026-03-16T12:34:53.233630,0.4793096229790872,2026-03-16T12:34:53.991000,70,,,
participant_18,3,day,Town10HD_Opt,2026-03-16 12:34:55.213364,-18.99644660949707,130.11114501953125,0.0020754241850227,8.479,0.068,0.0,0.122,0,0,1,,0.824,2026-03-16T12:34:55.213364,neutral,0.667,2026-03-16T12:34:53.233630,0.4917223609135979,2026-03-16T12:34:55.022000,71,,,
participant_18,3,day,Town10HD_Opt,2026-03-16 12:34:56.058930,-20.32481002807617,130.0900421142578,0.001983146648854,6.571,0.068,0.0,0.0,0,0,1,,1.0,2026-03-16T12:34:56.058930,neutral,0.549,2026-03-16T12:34:56.058930,0.5081057106400045,2026-03-16T12:34:56.012000,72,,,
participant_18,3,day,Town10HD_Opt,2026-03-16 12:34:57.191761,-21.26764678955078,130.0746612548828,0.0021142959594726,0.0,0.059,0.0,0.044,0,0,1,,0.813,2026-03-16T12:34:57.191761,neutral,0.549,2026-03-16T12:34:56.058930,0.5270810283982235,2026-03-16T12:34:57.139000,69,,,
participant_18,3,day,Town10HD_Opt,2026-03-16 12:34:58.046856,-21.26900863647461,130.07461547851562,0.0019145583501085,0.339,0.059,0.276,0.0,0,0,1,,0.83,2026-03-16T12:34:58.046856,neutral,0.549,2026-03-16T12:34:56.058930,0.5787656915922331,2026-03-16T12:34:58.082000,69,,,
participant_18,4,day,Town10HD_Opt,2026-03-16 12:45:00.000000,-41.66859436035156,89.7454833984375,0.5804919004440308,21.147,1.951,0.427,0.0,0,0,1,,1.0,2026-03-16T12:45:00,,,2026-03-16T12:45:00,0.99,2026-03-16T12:45:00,68,,,
participant_18,4,day,Town10HD_Opt,2026-03-16 12:45:04.544544,-41.65642547607422,84.50389099121094,0.0019295500824227,21.437,2.657,0.43,0.0,0,0,1,,1.0,2026-03-16T12:45:04.544544,,,2026-03-16T12:45:04.544544,0.99,2026-03-16T12:45:05.044000,65,,,
participant_18,4,day,Town10HD_Opt,2026-03-16 12:45:05.195202,-41.55411529541016,81.93209838867188,0.0019670105539262,22.928,4.433,0.432,0.0,0,0,1,,0.837,2026-03-16T12:45:05.195202,,,2026-03-16T12:45:04.544544,0.9345362117200552,2026-03-16T12:45:06.029000,65,,,
participant_18,4,day,Town10HD_Opt,2026-03-16 12:45:06.192887,-40.988162994384766,77.81613159179688,0.0019896698649972,24.804,10.084,0.434,0.0,0,0,1,,1.0,2026-03-16T12:45:06.192887,,,2026-03-16T12:45:04.544544,0.912409795355226,2026-03-16T12:45:07.020000,64,,,
participant_18,4,day,Town10HD_Opt,2026-03-16 12:45:07.198326,-39.28924560546875,73.7456283569336,0.0020323561038821,26.123,19.755,0.435,0.0,0,0,1,,1.0,2026-03-16T12:45:07.198326,happy,0.754,2026-03-16T12:45:07.198326,0.942677312625524,2026-03-16T12:45:07.020000,64,,,
participant_18,4,day,Town10HD_Opt,2026-03-16 12:45:08.185315,-35.89570236206055,70.65522003173828,0.0020606613252311,27.169,22.269,0.436,0.0,0,0,1,,0.91,2026-03-16T12:45:08.185315,happy,0.754,2026-03-16T12:45:07.198326,0.9217593122073944,2026-03-16T12:45:09.044000,63,,,
participant_18,4,day,Town10HD_Opt,2026-03-16 12:45:09.153713,-31.27286148071289,69.48809051513672,0.0020558929536491,28.247,18.001,0.436,0.0,0,0,1,,0.937,2026-03-16T12:45:09.153713,happy,0.754,2026-03-16T12:45:07.198326,0.99,2026-03-16T12:45:10.034000,63,,,
participant_18,4,day,Town10HD_Opt,2026-03-16 12:45:10.124780,-26.23384475708008,69.91951751708984,0.0020018767099827,29.752,-3.747,0.436,0.0,0,0,1,,0.812,2026-03-16T12:45:10.124780,neutral,0.995,2026-03-16T12:45:10.124780,0.9177537749573248,2026-03-16T12:45:11.024000,64,,,
participant_18,4,day,Town10HD_Opt,2026-03-16 12:45:11.125986,-20.943248748779297,70.19319915771484,0.0020047377329319,30.979,-3.076,0.436,0.0,0,0,1,,0.912,2026-03-16T12:45:11.125986,neutral,0.995,2026-03-16T12:45:10.124780,0.9338926904368822,2026-03-16T12:45:12.015000,66,,,
participant_18,4,day,Town10HD_Opt,2026-03-16 12:45:12.077163,-15.437288284301758,70.06303405761719,0.0020070648752152,32.093,0.604,0.436,0.0,0,0,1,,0.85,2026-03-16T12:45:12.077163,neutral,0.995,2026-03-16T12:45:10.124780,0.99,2026-03-16T12:45:12.015000,66,,,
participant_18,4,day,Town10HD_Opt,2026-03-16 12:45:13.007105,-9.747114181518556,69.96466827392578,0.0020115280058234,33.061,0.759,0.436,0.0,0,0,1,,0.846,2026-03-16T12:45:13.007105,neutral,0.858,2026-03-16T12:45:13.007105,0.9801663975462692,2026-03-16T12:45:13.859000,66,,,
participant_18,4,day,Town10HD_Opt,2026-03-16 12:45:14.236821,-2.4751739501953125,70.00944519042969,0.0022682952694594,26.614,0.211,0.0,0.0,0,0,1,,0.842,2026-03-16T12:45:14.236821,neutral,0.858,2026-03-16T12:45:13.007105,0.99,2026-03-16T12:45:15.029000,67,,,
participant_18,4,day,Town10HD_Opt,2026-03-16 12:45:15.152157,1.6398546695709229,70.07691955566406,0.0022518921177834,20.046,0.251,0.0,0.0,0,0,1,,0.82,2026-03-16T12:45:15.152157,fear,0.544,2026-03-16T12:45:15.152157,0.9343374181882824,2026-03-16T12:45:16.020000,70,,,
participant_18,4,day,Town10HD_Opt,2026-03-16 12:45:16.078312,4.749279499053955,70.14154815673828,0.0020193862728774,15.432,-0.035,0.0,0.0,0,0,1,,1.0,2026-03-16T12:45:16.078312,fear,0.544,2026-03-16T12:45:15.152157,0.9108759565560808,2026-03-16T12:45:17.011000,69,,,
participant_18,4,day,Town10HD_Opt,2026-03-16 12:45:17.073333,7.155397891998291,70.18988037109375,0.0020175552926957,12.194,-0.108,0.167,0.0,0,0,1,,0.866,2026-03-16T12:45:17.073333,fear,0.544,2026-03-16T12:45:15.152157,0.9572617101862058,2026-03-16T12:45:17.999000,68,,,
participant_18,4,day,Town10HD_Opt,2026-03-16 12:45:18.278552,9.962385177612305,70.24159240722656,0.0019019698956981,12.312,-0.188,0.248,0.0,0,0,1,,0.89,2026-03-16T12:45:18.278552,neutral,0.928,2026-03-16T12:45:18.278552,0.9194399347095698,2026-03-16T12:45:19.079000,67,,,
participant_18,4,day,Town10HD_Opt,2026-03-16 12:45:19.198012,12.200273513793944,70.27617645263672,0.0018848800100386,13.368,-0.287,0.261,0.0,0,0,1,,0.897,2026-03-16T12:45:19.198012,neutral,0.928,2026-03-16T12:45:18.278552,0.9129727046417102,2026-03-16T12:45:20.024000,66,,,
participant_18,4,day,Town10HD_Opt,2026-03-16 12:45:20.149038,14.626827239990234,70.30445861816406,0.0018831252818927,14.407,-0.289,0.27,0.0,0,0,1,,0.893,2026-03-16T12:45:20.149038,neutral,0.928,2026-03-16T12:45:18.278552,0.8312871773181826,2026-03-16T12:45:21.104000,65,,,
participant_18,4,day,Town10HD_Opt,2026-03-16 12:45:21.095266,17.236021041870117,70.32471466064453,0.0018885802710428,15.407,-0.289,0.26,0.0,0,0,1,,0.88,2026-03-16T12:45:21.095266,neutral,0.901,2026-03-16T12:45:21.095266,0.8604101394492939,2026-03-16T12:45:22.005000,65,,,
participant_18,4,day,Town10HD_Opt,2026-03-16 12:45:22.008492,19.820146560668945,70.33377075195312,0.002019424457103,13.063,-0.303,0.0,0.0,0,0,1,,0.84,2026-03-16T12:45:22.008492,neutral,0.901,2026-03-16T12:45:21.095266,0.834382567199694,2026-03-16T12:45:22.005000,65,,,
participant_18,4,day,Town10HD_Opt,2026-03-16 12:45:23.194704,22.223114013671875,70.333984375,0.0020437622442841,7.436,-0.214,0.0,0.124,0,0,1,,0.81,2026-03-16T12:45:23.194704,neutral,0.841,2026-03-16T12:45:23.194704,0.8453847539941599,2026-03-16T12:45:24.075000,63,,,
participant_18,4,day,Town10HD_Opt,2026-03-16 12:45:24.072972,23.360918045043945,70.33177947998047,0.0019723891746252,5.647,-0.204,0.0,0.0,0,0,1,,0.914,2026-03-16T12:45:24.072972,neutral,0.841,2026-03-16T12:45:23.194704,0.8083121521100625,2026-03-16T12:45:25.020000,64,,,
participant_18,4,day,Town10HD_Opt,2026-03-16 12:45:25.262863,24.48589134216309,70.32818603515625,0.0019570922013372,3.97,-0.16,0.0,0.0,0,0,1,,0.865,2026-03-16T12:45:25.262863,neutral,0.824,2026-03-16T12:45:25.262863,0.7476087456360969,2026-03-16T12:45:26.010000,63,,,
participant_18,4,day,Town10HD_Opt,2026-03-16 12:45:26.276733,25.10440826416016,70.32572174072266,0.0023996734526008,2.999,-0.141,0.0,0.0,0,0,1,,0.893,2026-03-16T12:45:26.276733,neutral,0.824,2026-03-16T12:45:25.262863,0.7326082703872465,2026-03-16T12:45:27,63,,,
participant_18,4,day,Town10HD_Opt,2026-03-16 12:45:27.234992,25.5676383972168,70.3240737915039,0.0034996413160115,2.282,-0.12,0.0,0.0,0,0,1,,0.841,2026-03-16T12:45:27.234992,neutral,0.824,2026-03-16T12:45:25.262863,0.7345821480338157,2026-03-16T12:45:28.080000,64,,,
participant_18,4,day,Town10HD_Opt,2026-03-16 12:45:28.140621,25.92171096801757,70.32215118408203,0.0019016646547243,1.746,-0.12,0.0,0.0,0,0,1,,1.0,2026-03-16T12:45:28.140621,neutral,0.876,2026-03-16T12:45:28.140621,0.712977631723384,2026-03-16T12:45:29.025000,67,Solid line crossing,Solid line crossing,
participant_18,4,day,Town10HD_Opt,2026-03-16 12:45:29.122022,26.19365119934082,70.32084655761719,0.0019318008562549,1.34,-0.12,0.0,0.0,0,0,1,,0.814,2026-03-16T12:45:29.122022,neutral,0.876,2026-03-16T12:45:28.140621,0.7628826214757999,2026-03-16T12:45:30.015000,66,,,
participant_18,4,day,Town10HD_Opt,2026-03-16 12:45:30.091452,26.23693084716797,70.32066345214844,0.0019321822328493,0.0,-0.141,0.0,0.303,0,0,1,,1.0,2026-03-16T12:45:30.091452,neutral,0.876,2026-03-16T12:45:28.140621,0.7889229019841671,2026-03-16T12:45:30.015000,67,,,
participant_18,4,day,Town10HD_Opt,2026-03-16 12:45:31.032162,26.23676490783692,70.32066345214844,0.0019155120244249,0.43,-1.819,0.463,0.0,0,0,1,,1.0,2026-03-16T12:45:31.032162,neutral,0.851,2026-03-16T12:45:31.032162,0.838456993651848,2026-03-16T12:45:31.996000,66,,,
participant_18,4,day,Town10HD_Opt,2026-03-16 12:45:32.301195,27.18358993530273,70.29133605957031,0.0017148971091955,8.25,-2.746,0.441,0.0,0,0,1,,0.837,2026-03-16T12:45:32.301195,neutral,0.851,2026-03-16T12:45:31.032162,0.8826321586062184,2026-03-16T12:45:33.030000,66,,,
participant_18,4,day,Town10HD_Opt,2026-03-16 12:45:33.235232,29.05727767944336,70.18875122070312,0.0018085478805005,13.366,-4.143,0.44,0.0,0,0,1,,0.819,2026-03-16T12:45:33.235232,neutral,0.78,2026-03-16T12:45:33.235232,0.887720281229297,2026-03-16T12:45:34.020000,65,,,
participant_18,4,day,Town10HD_Opt,2026-03-16 12:45:34.167146,31.71364402770996,69.88209533691406,0.0017770766280591,17.479,-6.019,0.44,0.0,0,0,1,,1.0,2026-03-16T12:45:34.167146,neutral,0.78,2026-03-16T12:45:33.235232,0.8847616303682586,2026-03-16T12:45:35.010000,68,,,
participant_18,4,day,Town10HD_Opt,2026-03-16 12:45:35.112123,34.812950134277344,69.1929931640625,0.0020201874431222,18.865,-11.18,0.44,0.0,0,0,1,,0.805,2026-03-16T12:45:35.112123,neutral,0.78,2026-03-16T12:45:33.235232,0.8154369147080294,2026-03-16T12:45:35.999000,67,,,
participant_18,4,day,Town10HD_Opt,2026-03-16 12:45:36.072364,37.92391204833984,67.75324249267578,0.0020494842901825,19.894,-16.746,0.203,0.0,0,0,1,,1.0,2026-03-16T12:45:36.072364,neutral,0.909,2026-03-16T12:45:36.072364,0.8599524615929207,2026-03-16T12:45:37.035000,68,,,
participant_18,4,day,Town10HD_Opt,2026-03-16 12:45:37.018034,40.4273567199707,65.57742309570312,0.002108383225277,18.265,-16.017,0.279,0.0,0,0,1,,0.829,2026-03-16T12:45:37.018034,neutral,0.909,2026-03-16T12:45:36.072364,0.8494588185890422,2026-03-16T12:45:37.035000,70,,,
participant_18,4,day,Town10HD_Opt,2026-03-16 12:45:38.230817,42.61731719970703,61.96150207519531,0.00204429612495,18.199,-15.159,0.282,0.0,0,0,1,,1.0,2026-03-16T12:45:38.230817,neutral,0.818,2026-03-16T12:45:38.230817,0.8604865508513413,2026-03-16T12:45:39.015000,69,,,
participant_18,4,day,Town10HD_Opt,2026-03-16 12:45:39.162720,43.51307678222656,58.91518783569336,0.0020619581919163,18.267,-10.034,0.283,0.0,0,0,1,,1.0,2026-03-16T12:45:39.162720,neutral,0.818,2026-03-16T12:45:38.230817,0.852674288756356,2026-03-16T12:45:40.004000,68,,,
participant_18,4,day,Town10HD_Opt,2026-03-16 12:45:40.059957,43.98301315307617,55.771087646484375,0.0020458984654396,18.18,-5.791,0.282,0.0,0,0,1,,0.831,2026-03-16T12:45:40.059957,neutral,0.818,2026-03-16T12:45:38.230817,0.7882802788976018,2026-03-16T12:45:40.995000,70,,,
participant_18,4,day,Town10HD_Opt,2026-03-16 12:45:41.284472,44.23702239990234,51.53740692138672,0.002028465270996,18.103,-3.403,0.284,0.0,0,0,1,,0.891,2026-03-16T12:45:41.284472,neutral,0.895,2026-03-16T12:45:41.284472,0.8295495223888385,2026-03-16T12:45:42.030000,69,,,
participant_18,4,day,Town10HD_Opt,2026-03-16 12:45:42.191904,44.21992111206055,48.431640625,0.0019934463780373,16.42,-2.52,0.0,0.0,0,0,1,,1.0,2026-03-16T12:45:42.191904,neutral,0.895,2026-03-16T12:45:41.284472,0.8030587179636931,2026-03-16T12:45:43.020000,71,,,
participant_18,4,day,Town10HD_Opt,2026-03-16 12:45:43.093177,44.13506317138672,45.978641510009766,0.0020261763129383,11.234,-0.938,0.0,0.294,0,0,1,,0.873,2026-03-16T12:45:43.093177,neutral,0.895,2026-03-16T12:45:41.284472,0.8625034489114916,2026-03-16T12:45:44.010000,71,,,
participant_18,4,day,Town10HD_Opt,2026-03-16 12:45:44.278177,44.04859161376953,43.99342727661133,0.002016830490902,6.297,-0.759,0.0,0.0,0,0,1,,0.906,2026-03-16T12:45:44.278177,neutral,0.944,2026-03-16T12:45:44.278177,0.7704060972029184,2026-03-16T12:45:45,71,,,
participant_18,4,day,Town10HD_Opt,2026-03-16 12:45:45.160193,44.00228500366211,43.01316452026367,0.0019641113467514,4.885,-0.548,0.0,0.0,0,0,1,,0.864,2026-03-16T12:45:45.160193,neutral,0.944,2026-03-16T12:45:44.278177,0.8085833598824534,2026-03-16T12:45:46.125000,71,,,
participant_18,4,day,Town10HD_Opt,2026-03-16 12:45:46.108699,43.96725082397461,42.25303649902344,0.0019548796117305,3.629,0.501,0.035,0.0,0,0,1,,0.853,2026-03-16T12:45:46.108699,neutral,0.944,2026-03-16T12:45:44.278177,0.8388958488068441,2026-03-16T12:45:47.026000,70,,,
participant_18,4,day,Town10HD_Opt,2026-03-16 12:45:47.045731,43.94648361206055,41.715965270996094,0.0019435882568359,2.652,0.757,0.03,0.0,0,0,1,,0.819,2026-03-16T12:45:47.045731,neutral,0.908,2026-03-16T12:45:47.045731,0.8306842213993415,2026-03-16T12:45:47.026000,70,,,
participant_18,4,day,Town10HD_Opt,2026-03-16 12:45:48.280169,43.93793869018555,41.217098236083984,0.0019462204072624,1.487,4.282,0.016,0.0,0,0,1,,1.0,2026-03-16T12:45:48.280169,neutral,0.908,2026-03-16T12:45:47.045731,0.7541211017140744,2026-03-16T12:45:48.105000,70,,,
participant_18,4,day,Town10HD_Opt,2026-03-16 12:45:49.192325,43.93898391723633,40.99751281738281,0.0019365310436114,1.018,4.497,0.036,0.0,0,0,1,,1.0,2026-03-16T12:45:49.192325,neutral,0.969,2026-03-16T12:45:49.192325,0.8162515057711268,2026-03-16T12:45:49.320000,68,,,
participant_18,4,day,Town10HD_Opt,2026-03-16 12:45:50.124198,43.94033050537109,40.85365676879883,0.0019295120146125,0.592,4.497,0.035,0.0,0,0,1,,1.0,2026-03-16T12:45:50.124198,neutral,0.969,2026-03-16T12:45:49.192325,0.8041341444422963,2026-03-16T12:45:50.265000,67,,,
participant_18,4,day,Town10HD_Opt,2026-03-16 12:45:51.057650,43.94156265258789,40.759464263916016,0.001926879864186,0.41,4.669,0.075,0.0,0,0,1,,1.0,2026-03-16T12:45:51.057650,neutral,0.969,2026-03-16T12:45:49.192325,0.7120563743527003,2026-03-16T12:45:51.615000,66,,,
participant_18,4,day,Town10HD_Opt,2026-03-16 12:45:52.252326,43.94272994995117,40.68303680419922,0.0019216918153688,0.26,4.669,0.061,0.0,0,0,1,,1.0,2026-03-16T12:45:52.252326,neutral,0.974,2026-03-16T12:45:52.252326,0.7319216820261027,2026-03-16T12:45:53.101000,67,,,
participant_18,4,day,Town10HD_Opt,2026-03-16 12:45:53.162599,43.94337844848633,40.63728332519531,0.0019002532353624,0.527,4.858,0.246,0.0,0,0,1,,1.0,2026-03-16T12:45:53.162599,neutral,0.974,2026-03-16T12:45:52.252326,0.7225685508688231,2026-03-16T12:45:54.046000,69,,,
participant_18,4,day,Town10HD_Opt,2026-03-16 12:45:54.063024,43.95117568969727,40.28965759277344,0.0018345260759815,3.221,4.86,0.252,0.0,0,0,1,,1.0,2026-03-16T12:45:54.063024,neutral,0.974,2026-03-16T12:45:52.252326,0.6971724809869594,2026-03-16T12:45:54.046000,69,,,
participant_18,4,day,Town10HD_Opt,2026-03-16 12:45:55.214374,44.00680541992188,39.094337463378906,0.0018078612629324,7.44,5.633,0.451,0.0,0,0,1,,1.0,2026-03-16T12:45:55.214374,neutral,0.783,2026-03-16T12:45:55.214374,0.6937053207521618,2026-03-16T12:45:55.396000,72,,,
participant_18,4,day,Town10HD_Opt,2026-03-16 12:45:56.165524,44.18118667602539,37.39366912841797,0.0017692183610051,12.318,8.916,0.41,0.0,0,0,1,,1.0,2026-03-16T12:45:56.165524,neutral,0.783,2026-03-16T12:45:55.214374,0.5828317981899627,2026-03-16T12:45:56.197000,74,,,
participant_18,4,day,Town10HD_Opt,2026-03-16 12:45:57.033298,44.7568359375,35.01388931274414,0.0018201827770099,15.941,19.903,0.409,0.0,0,0,1,,0.874,2026-03-16T12:45:57.033298,neutral,0.783,2026-03-16T12:45:55.214374,0.7077106656620398,2026-03-16T12:45:57.149000,73,,,
participant_18,4,day,Town10HD_Opt,2026-03-16 12:45:58.181047,47.01268768310547,31.65785789489746,0.002116355812177,18.402,23.74,0.406,0.0,0,0,1,,0.846,2026-03-16T12:45:58.181047,neutral,0.811,2026-03-16T12:45:58.181047,0.6447388040021297,2026-03-16T12:45:58.050000,73,,,
participant_18,4,day,Town10HD_Opt,2026-03-16 12:45:59.115218,49.77162170410156,29.903249740600582,0.0020272063557058,19.747,19.563,0.405,0.0,0,0,1,,0.868,2026-03-16T12:45:59.115218,neutral,0.811,2026-03-16T12:45:58.181047,0.6597069719286547,2026-03-16T12:45:59.625000,73,,,
participant_18,4,day,Town10HD_Opt,2026-03-16 12:46:00.035224,53.20187759399414,28.849342346191406,0.0019948959816247,21.526,4.603,0.4,0.0,0,0,1,,1.0,2026-03-16T12:46:00.035224,neutral,0.811,2026-03-16T12:45:58.181047,0.6171837816002617,2026-03-16T12:46:00.164000,70,,,
participant_18,4,day,Town10HD_Opt,2026-03-16 12:46:01.216590,58.2869758605957,27.63122940063477,0.0019997404888272,23.375,1.02,0.399,0.0,0,0,1,,1.0,2026-03-16T12:46:01.216590,neutral,0.992,2026-03-16T12:46:01.216590,0.5921663106514956,2026-03-16T12:46:02.145000,69,,,
participant_18,4,day,Town10HD_Opt,2026-03-16 12:46:02.090405,62.37915802001953,26.7471866607666,0.0020057295914739,24.546,2.118,0.368,0.0,0,0,1,,0.805,2026-03-16T12:46:02.090405,neutral,0.992,2026-03-16T12:46:01.216590,0.6396748931102829,2026-03-16T12:46:03.042000,69,,,
participant_18,4,day,Town10HD_Opt,2026-03-16 12:46:03.226265,67.84370422363281,25.84797096252441,0.0021765900310128,21.174,2.019,0.074,0.0,0,0,1,,0.865,2026-03-16T12:46:03.226265,neutral,0.831,2026-03-16T12:46:03.226265,0.6312758715091144,2026-03-16T12:46:04.125000,69,,,
participant_18,4,day,Town10HD_Opt,2026-03-16 12:46:04.091943,71.17967224121094,25.46476173400879,0.0019056319724768,17.564,1.984,0.068,0.0,0,0,1,,1.0,2026-03-16T12:46:04.091943,neutral,0.831,2026-03-16T12:46:03.226265,0.5723047623073253,2026-03-16T12:46:04.125000,69,,,
participant_18,4,day,Town10HD_Opt,2026-03-16 12:46:05.219663,74.68693542480469,25.19791030883789,0.0020376204047352,12.4,1.958,0.0,0.065,0,0,1,,0.89,2026-03-16T12:46:05.219663,neutral,0.831,2026-03-16T12:46:03.226265,0.5813052789452394,2026-03-16T12:46:06.015000,71,,,
participant_18,4,day,Town10HD_Opt,2026-03-16 12:46:06.066448,76.55339050292969,25.11084747314453,0.0020167923066765,9.034,1.812,0.0,0.0,0,0,1,,0.921,2026-03-16T12:46:06.066448,neutral,0.798,2026-03-16T12:46:06.066448,0.6153762428114026,2026-03-16T12:46:06.015000,71,,,
participant_18,4,day,Town10HD_Opt,2026-03-16 12:46:07.209096,78.35443878173828,25.05602264404297,0.0019800949376076,6.361,1.528,0.0,0.0,0,0,1,,0.887,2026-03-16T12:46:07.209096,neutral,0.798,2026-03-16T12:46:06.066448,0.643794132038696,2026-03-16T12:46:07.097000,73,,,
participant_18,4,day,Town10HD_Opt,2026-03-16 12:46:08.061991,79.34513854980469,25.03758430480957,0.0019658280070871,4.884,1.521,0.0,0.0,0,0,1,,0.907,2026-03-16T12:46:08.061991,neutral,0.798,2026-03-16T12:46:06.066448,0.5398100874571323,2026-03-16T12:46:08.354000,73,,,
participant_18,4,day,Town10HD_Opt,2026-03-16 12:46:09.240401,80.31788635253906,25.027814865112305,0.0019520187051966,3.433,1.511,0.0,0.0,0,0,1,,0.941,2026-03-16T12:46:09.240401,neutral,0.98,2026-03-16T12:46:09.240401,0.5867224780213658,2026-03-16T12:46:10.064000,71,,,
participant_18,4,day,Town10HD_Opt,2026-03-16 12:46:10.079594,80.85263061523438,25.025924682617188,0.0019443130586296,2.636,1.499,0.0,0.0,0,0,1,,0.939,2026-03-16T12:46:10.079594,neutral,0.98,2026-03-16T12:46:09.240401,0.6598764241362408,2026-03-16T12:46:10.064000,71,,,
participant_18,4,day,Town10HD_Opt,2026-03-16 12:46:11.224198,81.3740005493164,25.02642250061035,0.0019490432459861,1.647,1.485,0.048,0.0,0,0,1,,0.922,2026-03-16T12:46:11.224198,neutral,0.98,2026-03-16T12:46:09.240401,0.5693869259421868,2026-03-16T12:46:11.145000,67,,,
participant_18,4,day,Town10HD_Opt,2026-03-16 12:46:12.142743,81.62269592285156,25.027421951293945,0.0019149398431181,1.412,1.481,0.0,0.0,0,0,1,,0.918,2026-03-16T12:46:12.142743,neutral,0.994,2026-03-16T12:46:12.142743,0.6240715116331292,2026-03-16T12:46:13.035000,68,,,
participant_18,4,day,Town10HD_Opt,2026-03-16 12:46:13.069140,81.84718322753906,25.02865028381348,0.001928825280629,1.11,1.358,0.0,0.0,0,0,1,,0.83,2026-03-16T12:46:13.069140,neutral,0.994,2026-03-16T12:46:12.142743,0.5725715420772608,2026-03-16T12:46:14.023000,67,,,
participant_18,4,day,Town10HD_Opt,2026-03-16 12:46:14.215809,82.06830596923828,25.030311584472656,0.0019265746232122,0.781,1.405,0.0,0.0,0,0,1,,1.0,2026-03-16T12:46:14.215809,neutral,0.898,2026-03-16T12:46:14.215809,0.5821823694309077,2026-03-16T12:46:15.061000,68,,,
participant_18,4,day,Town10HD_Opt,2026-03-16 12:46:15.079615,82.18994140625,25.03138542175293,0.0019248580792918,0.599,1.405,0.0,0.0,0,0,1,,1.0,2026-03-16T12:46:15.079615,neutral,0.898,2026-03-16T12:46:14.215809,0.6174023745295778,2026-03-16T12:46:15.061000,67,,,
participant_18,4,day,Town10HD_Opt,2026-03-16 12:46:16.250635,82.30940246582031,25.03249168395996,0.0019229887984693,0.422,1.405,0.0,0.0,0,0,1,,0.882,2026-03-16T12:46:16.250635,neutral,0.987,2026-03-16T12:46:16.250635,0.658903450546181,2026-03-16T12:46:16.053000,68,,,
participant_18,4,day,Town10HD_Opt,2026-03-16 12:46:17.126831,82.3750991821289,25.033178329467773,0.001922111492604,0.329,1.405,0.0,0.0,0,0,1,,0.869,2026-03-16T12:46:17.126831,neutral,0.987,2026-03-16T12:46:16.250635,0.5961121782416162,2026-03-16T12:46:17.220000,67,,,
participant_18,4,day,Town10HD_Opt,2026-03-16 12:46:18.230057,82.43962097167969,25.033878326416016,0.0019211958860978,0.228,1.405,0.0,0.0,0,0,1,,0.858,2026-03-16T12:46:18.230057,neutral,0.987,2026-03-16T12:46:16.250635,0.6557341733964916,2026-03-16T12:46:19.113000,65,,,
participant_18,4,day,Town10HD_Opt,2026-03-16 12:46:19.072634,82.47509765625,25.03430938720703,0.001920623704791,0.175,1.405,0.0,0.0,0,0,1,,0.859,2026-03-16T12:46:19.072634,neutral,0.997,2026-03-16T12:46:19.072634,0.711929972144795,2026-03-16T12:46:19.113000,66,,,
participant_18,4,day,Town10HD_Opt,2026-03-16 12:46:20.198252,82.50994873046875,25.03468894958496,0.0019201659597456,0.123,1.405,0.0,0.0,0,0,1,,0.926,2026-03-16T12:46:20.198252,neutral,0.997,2026-03-16T12:46:19.072634,0.6317247094394595,2026-03-16T12:46:21.045000,68,,,
participant_18,4,day,Town10HD_Opt,2026-03-16 12:46:21.042114,82.52912902832031,25.03494644165039,0.0019198989029973,0.095,1.405,0.0,0.0,0,0,1,,0.852,2026-03-16T12:46:21.042114,neutral,0.997,2026-03-16T12:46:19.072634,0.6720626024807858,2026-03-16T12:46:21.045000,68,,,
participant_18,4,day,Town10HD_Opt,2026-03-16 12:46:22.162202,82.54796600341797,25.03512954711914,0.0019195555942133,0.067,1.405,0.0,0.0,0,0,1,,0.946,2026-03-16T12:46:22.162202,neutral,0.991,2026-03-16T12:46:22.162202,0.6374201551302391,2026-03-16T12:46:23.070000,70,,,
participant_18,4,day,Town10HD_Opt,2026-03-16 12:46:23.151994,82.55831909179688,25.035274505615234,0.0019194793421775,0.051,1.424,0.0,0.0,0,0,1,,0.869,2026-03-16T12:46:23.151994,neutral,0.991,2026-03-16T12:46:22.162202,0.6517346796698937,2026-03-16T12:46:24.060000,70,,,
participant_18,4,day,Town10HD_Opt,2026-03-16 12:46:24.122107,82.56626892089844,25.03542900085449,0.0019193267216905,0.039,1.499,0.0,0.0,0,0,1,,0.875,2026-03-16T12:46:24.122107,neutral,0.991,2026-03-16T12:46:22.162202,0.6686657703443765,2026-03-16T12:46:25.006000,69,,,
participant_18,4,day,Town10HD_Opt,2026-03-16 12:46:25.011292,82.57238006591797,25.03558349609375,0.001919288537465,0.03,2.111,0.0,0.0,0,0,1,,1.0,2026-03-16T12:46:25.011292,neutral,0.995,2026-03-16T12:46:25.011292,0.5718990502434722,2026-03-16T12:46:25.006000,68,,,
participant_18,4,day,Town10HD_Opt,2026-03-16 12:46:26.172264,82.61416625976562,25.036516189575195,0.001860580407083,1.17,3.339,0.305,0.0,0,0,1,,0.906,2026-03-16T12:46:26.172264,neutral,0.995,2026-03-16T12:46:25.011292,0.6340862176406247,2026-03-16T12:46:26.043000,66,,,
participant_18,4,day,Town10HD_Opt,2026-03-16 12:46:27.054220,83.2729263305664,25.05613136291504,0.0016604994889348,8.022,2.916,0.579,0.0,0,0,1,,0.921,2026-03-16T12:46:27.054220,neutral,0.997,2026-03-16T12:46:27.054220,0.5306400591343668,2026-03-16T12:46:28.021000,66,,,
participant_18,4,day,Town10HD_Opt,2026-03-16 12:46:28.249697,86.22283172607422,25.22156143188477,0.0016992187593132,17.54,2.901,0.552,0.0,0,0,1,,0.904,2026-03-16T12:46:28.249697,neutral,0.997,2026-03-16T12:46:27.054220,0.6634633411821458,2026-03-16T12:46:29.010000,65,,,
participant_18,4,day,Town10HD_Opt,2026-03-16 12:46:29.127039,89.50675201416016,25.498031616210938,0.0019507217220962,20.48,-3.233,0.499,0.0,0,0,1,,0.939,2026-03-16T12:46:29.127039,neutral,0.996,2026-03-16T12:46:29.127039,0.6330620868330328,2026-03-16T12:46:29.010000,64,,,
participant_18,4,day,Town10HD_Opt,2026-03-16 12:46:30.010474,93.36847686767578,25.46356201171875,0.001934242201969,24.062,-11.595,0.499,0.0,0,0,1,,0.966,2026-03-16T12:46:30.010474,neutral,0.996,2026-03-16T12:46:29.127039,0.6155913628942723,2026-03-16T12:46:30.186000,64,,,
participant_18,4,day,Town10HD_Opt,2026-03-16 12:46:31.169751,98.98686981201172,23.465728759765625,0.0019837187137454,27.923,-17.588,0.499,0.0,0,0,1,,0.83,2026-03-16T12:46:31.169751,neutral,0.992,2026-03-16T12:46:31.169751,0.5808583711685514,2026-03-16T12:46:32.025000,66,,,
participant_18,4,day,Town10HD_Opt,2026-03-16 12:46:32.053842,102.54901123046876,19.88290977478028,0.0019877625163644,30.37,-13.392,0.331,0.0,0,0,1,,0.91,2026-03-16T12:46:32.053842,neutral,0.992,2026-03-16T12:46:31.169751,0.6035555792415309,2026-03-16T12:46:33.015000,66,,,
participant_18,4,day,Town10HD_Opt,2026-03-16 12:46:33.238176,105.146484375,13.917386054992676,0.0022299194242805,24.473,-9.571,0.328,0.0,0,0,1,,0.971,2026-03-16T12:46:33.238176,neutral,0.998,2026-03-16T12:46:33.238176,0.5816421393430716,2026-03-16T12:46:34.005000,67,,,
participant_18,4,day,Town10HD_Opt,2026-03-16 12:46:34.184418,105.86516571044922,9.8390474319458,0.0020856857299804,23.12,-4.915,0.305,0.0,0,0,1,,1.0,2026-03-16T12:46:34.184418,neutral,0.998,2026-03-16T12:46:33.238176,0.6380051280900597,2026-03-16T12:46:34.005000,67,,,
participant_18,4,day,Town10HD_Opt,2026-03-16 12:46:35.029859,106.18614196777344,5.870345115661621,0.0020666504278779,22.423,-2.819,0.309,0.0,0,0,1,,0.84,2026-03-16T12:46:35.029859,neutral,0.998,2026-03-16T12:46:33.238176,0.6092837558190772,2026-03-16T12:46:35.220000,67,,,
participant_18,4,day,Town10HD_Opt,2026-03-16 12:46:36.136042,106.30787658691406,0.73024582862854,0.0020603942684829,21.683,-0.411,0.31,0.0,0,0,1,,0.817,2026-03-16T12:46:36.136042,neutral,0.962,2026-03-16T12:46:36.136042,0.6030692686246796,2026-03-16T12:46:36.166000,69,,,
participant_18,4,day,Town10HD_Opt,2026-03-16 12:46:37.060144,106.36124420166016,-3.02115535736084,0.0020575332455337,21.227,0.611,0.311,0.0,0,0,1,,0.844,2026-03-16T12:46:37.060144,neutral,0.962,2026-03-16T12:46:36.136042,0.6039585994685677,2026-03-16T12:46:38.010000,69,,,
participant_18,4,day,Town10HD_Opt,2026-03-16 12:46:38.155467,106.49718475341795,-7.908874988555908,0.0020546722225844,20.728,0.877,0.312,0.0,0,0,1,,0.878,2026-03-16T12:46:38.155467,neutral,0.982,2026-03-16T12:46:38.155467,0.6493183518250595,2026-03-16T12:46:38.010000,70,,,
participant_18,4,day,Town10HD_Opt,2026-03-16 12:46:39.234808,106.73697662353516,-12.685590744018556,0.0020528030581772,20.297,0.954,0.312,0.0,0,0,1,,0.944,2026-03-16T12:46:39.234808,neutral,0.982,2026-03-16T12:46:38.155467,0.5933957714188606,2026-03-16T12:46:40.035000,69,,,
participant_18,4,day,Town10HD_Opt,2026-03-16 12:46:40.088901,106.987548828125,-16.203828811645508,0.0020518111996352,20.041,0.945,0.312,0.0,0,0,1,,0.901,2026-03-16T12:46:40.088901,neutral,0.982,2026-03-16T12:46:38.155467,0.6134111938078204,2026-03-16T12:46:40.035000,69,,,
participant_18,4,day,Town10HD_Opt,2026-03-16 12:46:41.165898,107.40987396240234,-20.81748962402344,0.0020505141001194,19.721,0.931,0.312,0.0,0,0,1,,0.862,2026-03-16T12:46:41.165898,neutral,0.954,2026-03-16T12:46:41.165898,0.6217388928215614,2026-03-16T12:46:41.121000,69,,,
participant_18,4,day,Town10HD_Opt,2026-03-16 12:46:42.233035,107.89735412597656,-25.354591369628903,0.0020497131627053,19.444,-1.415,0.312,0.0,0,0,1,,0.865,2026-03-16T12:46:42.233035,neutral,0.954,2026-03-16T12:46:41.165898,0.6637029166530914,2026-03-16T12:46:43.006000,70,,,
participant_18,4,day,Town10HD_Opt,2026-03-16 12:46:43.069449,108.10860443115234,-28.7272891998291,0.0020503615960478,19.245,-4.091,0.313,0.0,0,0,1,,0.91,2026-03-16T12:46:43.069449,neutral,0.954,2026-03-16T12:46:41.165898,0.5902718888417401,2026-03-16T12:46:43.006000,69,,,
participant_18,4,day,Town10HD_Opt,2026-03-16 12:46:44.157191,108.00432586669922,-33.184600830078125,0.0020488356240093,19.045,-4.851,0.313,0.0,0,0,1,,0.945,2026-03-16T12:46:44.157191,neutral,0.985,2026-03-16T12:46:44.157191,0.6260103310572664,2026-03-16T12:46:44.265000,72,,,
participant_18,4,day,Town10HD_Opt,2026-03-16 12:46:45.031541,107.5957489013672,-36.47444152832031,0.0020496367942541,18.92,-5.971,0.313,0.0,0,0,1,,0.949,2026-03-16T12:46:45.031541,neutral,0.985,2026-03-16T12:46:44.157191,0.6273688091675064,2026-03-16T12:46:45.221000,72,,,
participant_18,4,day,Town10HD_Opt,2026-03-16 12:46:46.121911,106.51716613769533,-40.72343826293945,0.002049942035228,18.767,-6.535,0.314,0.0,0,0,1,,0.953,2026-03-16T12:46:46.121911,neutral,0.985,2026-03-16T12:46:44.157191,0.6690116427557631,2026-03-16T12:46:47.021000,70,,,
participant_18,4,day,Town10HD_Opt,2026-03-16 12:46:47.003158,105.30205535888672,-43.775760650634766,0.0020174789242446,19.311,-6.478,0.432,0.0,0,0,1,,0.944,2026-03-16T12:46:47.003158,neutral,0.97,2026-03-16T12:46:47.003158,0.6112000941389613,2026-03-16T12:46:47.021000,70,,,
participant_18,4,day,Town10HD_Opt,2026-03-16 12:46:48.097108,102.86799621582033,-48.08879470825195,0.0018215179443359,25.771,-5.971,0.875,0.0,0,0,1,,0.931,2026-03-16T12:46:48.097108,neutral,0.97,2026-03-16T12:46:47.003158,0.5944469382117593,2026-03-16T12:46:49.036000,66,,,
participant_18,4,day,Town10HD_Opt,2026-03-16 12:46:49.189535,97.76221466064452,-54.36912536621094,0.0015545653877779,45.426,-4.266,1.0,0.0,0,0,1,,0.907,2026-03-16T12:46:49.189535,neutral,0.993,2026-03-16T12:46:49.189535,0.6033617606592143,2026-03-16T12:46:50.025000,65,,,
participant_18,4,day,Town10HD_Opt,2026-03-16 12:46:50.035944,91.19364166259766,-60.15657043457031,0.0021006392780691,49.276,-5.229,1.0,0.0,0,0,1,,0.901,2026-03-16T12:46:50.035944,neutral,0.993,2026-03-16T12:46:49.189535,0.5239250711560707,2026-03-16T12:46:50.025000,65,,,
participant_18,4,day,Town10HD_Opt,2026-03-16 12:46:51.179086,80.84230041503906,-65.18111419677734,0.0021731567103415,48.754,-5.276,0.948,0.0,0,0,1,,0.94,2026-03-16T12:46:51.179086,neutral,0.993,2026-03-16T12:46:49.189535,0.5906639480090616,2026-03-16T12:46:52.006000,66,,,
participant_18,4,day,Town10HD_Opt,2026-03-16 12:46:52.063755,72.21703338623047,-66.74297332763672,0.002147369319573,49.338,-1.608,0.944,0.0,0,0,1,,0.939,2026-03-16T12:46:52.063755,neutral,0.984,2026-03-16T12:46:52.063755,0.6431256733081478,2026-03-16T12:46:52.006000,66,,,
participant_18,4,day,Town10HD_Opt,2026-03-16 12:46:53.003544,63.49160003662109,-67.58177947998047,0.00217468268238,48.739,-2.148,0.945,0.0,0,0,1,,0.942,2026-03-16T12:46:53.003544,neutral,0.984,2026-03-16T12:46:52.063755,0.6397347790659993,2026-03-16T12:46:53.130000,66,,,
participant_18,4,day,Town10HD_Opt,2026-03-16 12:46:54.227999,51.84069061279297,-67.71527099609375,0.0019427490187808,51.365,-0.059,0.0,0.0,0,0,1,,0.896,2026-03-16T12:46:54.227999,neutral,0.964,2026-03-16T12:46:54.227999,0.6105138375984891,2026-03-16T12:46:55.021000,66,,,
participant_18,4,day,Town10HD_Opt,2026-03-16 12:46:55.160627,43.06296920776367,-67.55892944335938,0.0019892118871212,50.333,1.121,0.948,0.0,0,0,1,,0.875,2026-03-16T12:46:55.160627,neutral,0.964,2026-03-16T12:46:54.227999,0.5635943539224993,2026-03-16T12:46:56.011000,66,,,
participant_18,4,day,Town10HD_Opt,2026-03-16 12:46:56.069570,34.265830993652344,-67.68601989746094,0.0020378492772579,50.407,0.157,0.943,0.0,0,0,1,,0.832,2026-03-16T12:46:56.069570,neutral,0.964,2026-03-16T12:46:54.227999,0.5525143564929236,2026-03-16T12:46:56.011000,67,,,
participant_18,4,day,Town10HD_Opt,2026-03-16 12:46:57.209918,23.042123794555664,-67.8914566040039,0.0023842619266361,41.011,-0.207,0.0,0.0,0,0,1,,0.927,2026-03-16T12:46:57.209918,neutral,0.992,2026-03-16T12:46:57.209918,0.596593473389141,2026-03-16T12:46:58.036000,66,,,
participant_18,4,day,Town10HD_Opt,2026-03-16 12:46:58.107082,16.635047912597656,-67.91863250732422,0.0023324585054069,31.734,0.096,0.0,0.0,0,0,1,,0.94,2026-03-16T12:46:58.107082,neutral,0.992,2026-03-16T12:46:57.209918,0.6603657488118679,2026-03-16T12:46:58.036000,67,,,
participant_18,4,day,Town10HD_Opt,2026-03-16 12:46:59.230871,10.321465492248535,-67.96007537841797,0.0022658538073301,22.089,0.045,0.0,0.0,0,0,1,,0.857,2026-03-16T12:46:59.230871,neutral,0.986,2026-03-16T12:46:59.230871,0.6490200407571972,,68,,,
participant_18,4,day,Town10HD_Opt,2026-03-16 12:47:00.095856,6.9065117835998535,-67.98713684082031,0.0019255065126344,17.724,0.068,0.485,0.0,0,0,1,,0.832,2026-03-16T12:47:00.095856,neutral,0.986,2026-03-16T12:46:59.230871,0.7004223184417233,,67,,,
participant_18,4,day,Town10HD_Opt,2026-03-16 12:47:01.207839,2.4185376167297363,-68.02913665771484,0.0018556975992396,22.911,0.162,0.75,0.0,0,0,1,,0.888,2026-03-16T12:47:01.207839,neutral,0.986,2026-03-16T12:46:59.230871,0.7193390593671325,2026-03-16T12:47:02.041000,70,,,
participant_18,4,day,Town10HD_Opt,2026-03-16 12:47:02.033101,-2.4753096103668213,-68.09300994873047,0.001560668926686,35.917,0.181,1.0,0.0,0,0,1,,0.89,2026-03-16T12:47:02.033101,neutral,0.963,2026-03-16T12:47:02.033101,0.7996755533182408,2026-03-16T12:47:02.041000,69,,,
participant_18,4,day,Town10HD_Opt,2026-03-16 12:47:03.139042,-12.967782974243164,-68.28583526611328,0.0017094803042709,52.016,-0.644,0.0,0.237,0,0,1,,0.884,2026-03-16T12:47:03.139042,neutral,0.963,2026-03-16T12:47:02.033101,0.7889247379941643,2026-03-16T12:47:04.065000,72,Solid line crossing,Solid line crossing,
participant_18,4,day,Town10HD_Opt,2026-03-16 12:47:04.252853,-23.71253776550293,-68.07282257080078,0.0023405456449836,39.493,0.134,0.192,0.0,0,0,1,,0.931,2026-03-16T12:47:04.252853,neutral,0.995,2026-03-16T12:47:04.252853,0.7623592121771857,2026-03-16T12:47:05.055000,73,,,
participant_18,4,day,Town10HD_Opt,2026-03-16 12:47:05.118139,-30.191802978515625,-67.7920913696289,0.0021538925357162,35.403,3.377,0.492,0.0,0,0,1,,0.836,2026-03-16T12:47:05.118139,neutral,0.995,2026-03-16T12:47:04.252853,0.7744480161037054,2026-03-16T12:47:05.055000,73,,,
participant_18,4,day,Town10HD_Opt,2026-03-16 12:47:06.279349,-38.7661247253418,-68.21566009521484,0.0019276046659797,39.223,-0.002,0.589,0.0,0,0,1,,0.846,2026-03-16T12:47:06.279349,neutral,0.987,2026-03-16T12:47:06.279349,0.7518986688875972,2026-03-16T12:47:05.055000,72,,,
participant_18,4,day,Town10HD_Opt,2026-03-16 12:47:07.145446,-45.90364456176758,-68.66493225097656,0.0019417953444644,42.542,-0.562,0.556,0.0,0,0,1,,0.847,2026-03-16T12:47:07.145446,neutral,0.987,2026-03-16T12:47:06.279349,0.734188066732167,2026-03-16T12:47:07.263000,70,,,
participant_18,4,day,Town10HD_Opt,2026-03-16 12:47:08.006441,-53.54489517211914,-68.99908447265625,0.0019547652918845,45.008,-0.818,0.578,0.0,0,0,1,,0.83,2026-03-16T12:47:08.006441,neutral,0.987,2026-03-16T12:47:06.279349,0.7509552313559974,2026-03-16T12:47:08.610000,68,,,
participant_18,4,day,Town10HD_Opt,2026-03-16 12:47:09.132800,-64.4658432006836,-69.09954071044922,0.0019602584652602,48.612,-0.557,0.578,0.0,0,0,1,,1.0,2026-03-16T12:47:09.132800,neutral,0.991,2026-03-16T12:47:09.132800,0.770507404333812,2026-03-16T12:47:09.285000,68,,,
participant_18,4,day,Town10HD_Opt,2026-03-16 12:47:10.242465,-76.05730438232422,-68.63628387451172,0.0021067427005618,49.273,-5.65,0.561,0.0,0,0,1,,0.849,2026-03-16T12:47:10.242465,neutral,0.991,2026-03-16T12:47:09.132800,0.8452300444159806,2026-03-16T12:47:11.041000,71,,,
participant_18,4,day,Town10HD_Opt,2026-03-16 12:47:11.083842,-84.34764099121094,-66.56623077392578,0.0020187378395348,49.491,-7.342,0.56,0.0,0,0,1,,0.954,2026-03-16T12:47:11.083842,neutral,0.991,2026-03-16T12:47:09.132800,0.8310670314226707,2026-03-16T12:47:12.031000,71,,,
participant_18,4,day,Town10HD_Opt,2026-03-16 12:47:12.228456,-94.34932708740234,-60.69673156738281,0.00205680844374,49.447,-0.898,0.58,0.0,0,0,1,,0.897,2026-03-16T12:47:12.228456,neutral,0.979,2026-03-16T12:47:12.228456,0.8413018775669838,2026-03-16T12:47:12.031000,71,,,
participant_18,4,day,Town10HD_Opt,2026-03-16 12:47:13.073080,-101.19422912597656,-55.2623291015625,0.0021094130352139,49.011,-6.083,0.58,0.0,0,0,1,,0.914,2026-03-16T12:47:13.073080,neutral,0.979,2026-03-16T12:47:12.228456,0.7810135056235349,2026-03-16T12:47:13.561000,72,,,errors=Solid line crossing
participant_18,4,day,Town10HD_Opt,2026-03-16 12:47:14.252043,-108.15816497802734,-46.09793472290039,0.0019956969190388,50.509,-7.375,0.0,0.0,0,0,1,,0.844,2026-03-16T12:47:14.252043,neutral,0.957,2026-03-16T12:47:14.252043,0.8146345327486009,2026-03-16T12:47:15.046000,73,,,
participant_18,4,day,Town10HD_Opt,2026-03-16 12:47:15.156533,-110.87433624267578,-37.94725036621094,0.0020289230160415,49.342,-4.926,0.571,0.0,0,0,1,,0.888,2026-03-16T12:47:15.156533,neutral,0.957,2026-03-16T12:47:14.252043,0.8501288164073625,2026-03-16T12:47:16.036000,70,,,
participant_18,4,day,Town10HD_Opt,2026-03-16 12:47:16.087971,-111.81173706054688,-29.26047706604004,0.0020705794449895,49.472,-1.958,0.283,0.0,0,0,1,,0.903,2026-03-16T12:47:16.087971,neutral,0.957,2026-03-16T12:47:14.252043,0.7812514383656183,2026-03-16T12:47:16.036000,71,,,
participant_18,4,day,Town10HD_Opt,2026-03-16 12:47:17.010645,-111.82855224609376,-21.23359107971192,0.0023854444734752,39.971,-2.066,0.0,0.292,0,0,1,,0.801,2026-03-16T12:47:17.010645,neutral,0.971,2026-03-16T12:47:17.010645,0.731948133752095,2026-03-16T12:47:17.835000,72,,,
participant_18,4,day,Town10HD_Opt,2026-03-16 12:47:18.265788,-111.35724639892578,-13.600229263305664,0.0024037170223891,25.414,1.584,0.0,0.656,0,0,1,,0.904,2026-03-16T12:47:18.265788,neutral,0.971,2026-03-16T12:47:17.010645,0.7436600377129011,2026-03-16T12:47:19.141000,71,,,
participant_18,4,day,Town10HD_Opt,2026-03-16 12:47:19.153194,-111.21424865722656,-10.063547134399414,0.002108383225277,15.191,1.37,0.0,0.551,0,0,1,,0.937,2026-03-16T12:47:19.153194,neutral,0.963,2026-03-16T12:47:19.153194,0.8237306383575282,2026-03-16T12:47:20.086000,73,,,
participant_18,4,day,Town10HD_Opt,2026-03-16 12:47:20.085762,-111.14739227294922,-7.99657678604126,0.0021396256051957,8.119,-2.377,0.0,0.492,0,0,1,,0.93,2026-03-16T12:47:20.085762,neutral,0.963,2026-03-16T12:47:19.153194,0.7405531962487933,2026-03-16T12:47:21.030000,73,,,
participant_18,4,day,Town10HD_Opt,2026-03-16 12:47:21.264501,-111.11153411865234,-7.370133399963379,0.0019888686947524,0.014,-1.711,0.0,0.0,0,0,1,,0.952,2026-03-16T12:47:21.264501,neutral,0.919,2026-03-16T12:47:21.264501,0.767151412161817,2026-03-16T12:47:22.021000,72,,,
participant_18,4,day,Town10HD_Opt,2026-03-16 12:47:22.210996,-111.11153411865234,-7.36697244644165,0.0019200515234842,0.155,-0.228,0.124,0.0,0,0,1,,0.896,2026-03-16T12:47:22.210996,neutral,0.919,2026-03-16T12:47:21.264501,0.7717084141083091,2026-03-16T12:47:23.146000,73,,,
participant_18,4,day,Town10HD_Opt,2026-03-16 12:47:23.119144,-111.10665130615234,-7.256490230560303,0.0018455123063176,1.938,-0.197,0.232,0.0,0,0,1,,0.839,2026-03-16T12:47:23.119144,neutral,0.919,2026-03-16T12:47:21.264501,0.7686686308750107,2026-03-16T12:47:23.146000,72,,,
participant_18,4,day,Town10HD_Opt,2026-03-16 12:47:24.013627,-111.08212280273438,-6.733248710632324,0.0018446350004523,4.135,-0.007,0.0,0.0,0,0,1,,1.0,2026-03-16T12:47:24.013627,fear,0.666,2026-03-16T12:47:24.013627,0.7841915322559204,2026-03-16T12:47:24.091000,73,,,
participant_18,4,day,Town10HD_Opt,2026-03-16 12:47:25.199860,-111.06300354003906,-6.31973934173584,0.0019671630579978,0.0,0.031,0.0,0.113,0,0,1,,1.0,2026-03-16T12:47:25.199860,fear,0.666,2026-03-16T12:47:24.013627,0.8253094655512784,2026-03-16T12:47:25.397000,73,,,
participant_18,4,day,Town10HD_Opt,2026-03-16 12:47:26.073576,-111.06300354003906,-6.319239139556885,0.0019204712007194,0.007,0.031,0.0,0.0,0,0,1,,0.949,2026-03-16T12:47:26.073576,fear,0.709,2026-03-16T12:47:26.073576,0.7872346549454569,2026-03-16T12:47:25.397000,73,,,
participant_18,4,day,Town10HD_Opt,2026-03-16 12:47:27.194267,-111.06300354003906,-6.319097995758057,0.0019189452286809,0.006,0.103,0.0,0.0,0,0,1,,0.838,2026-03-16T12:47:27.194267,fear,0.709,2026-03-16T12:47:26.073576,0.7853616331351035,2026-03-16T12:47:27.065000,71,,,
participant_18,4,day,Town10HD_Opt,2026-03-16 12:47:28.056407,-111.06300354003906,-6.319151401519775,0.0019187545403838,0.006,0.103,0.0,0.0,0,0,1,,1.0,2026-03-16T12:47:28.056407,fear,0.709,2026-03-16T12:47:26.073576,0.7617598268997199,2026-03-16T12:47:28.635000,73,,,
participant_18,4,day,Town10HD_Opt,2026-03-16 12:47:29.199351,-111.0619125366211,-6.294613361358643,0.0018753432668745,0.825,0.162,0.135,0.0,0,0,1,,1.0,2026-03-16T12:47:29.199351,neutral,0.601,2026-03-16T12:47:29.199351,0.9228074229438208,2026-03-16T12:47:28.635000,73,,,
participant_18,4,day,Town10HD_Opt,2026-03-16 12:47:30.082211,-111.05194091796876,-6.075819969177246,0.0018848037580028,1.777,0.162,0.133,0.0,0,0,1,,1.0,2026-03-16T12:47:30.082211,neutral,0.601,2026-03-16T12:47:29.199351,0.7809826285781893,2026-03-16T12:47:28.635000,73,,,
participant_18,4,day,Town10HD_Opt,2026-03-16 12:47:31.224336,-111.02738189697266,-5.524852275848389,0.0018953322432935,2.797,0.162,0.099,0.0,0,0,1,,1.0,2026-03-16T12:47:31.224336,neutral,0.609,2026-03-16T12:47:31.224336,0.8194879920738032,2026-03-16T12:47:28.635000,72,,,
participant_18,4,day,Town10HD_Opt,2026-03-16 12:47:32.093540,-111.00376892089844,-4.978676795959473,0.0019285201560705,2.942,0.167,0.0,0.0,0,0,1,,0.844,2026-03-16T12:47:32.093540,neutral,0.609,2026-03-16T12:47:31.224336,0.7766978605886893,2026-03-16T12:47:28.635000,73,,,
participant_18,4,day,Town10HD_Opt,2026-03-16 12:47:33.254041,-110.97834014892578,-4.383879661560059,0.001939010573551,2.099,0.172,0.0,0.0,0,0,1,,0.805,2026-03-16T12:47:33.254041,neutral,0.646,2026-03-16T12:47:33.254041,0.7408608319650493,2026-03-16T12:47:28.635000,73,,,
participant_18,4,day,Town10HD_Opt,2026-03-16 12:47:34.111619,-110.96453857421876,-4.056931495666504,0.001934585510753,1.61,0.176,0.0,0.0,0,0,1,,0.854,2026-03-16T12:47:34.111619,neutral,0.646,2026-03-16T12:47:33.254041,0.7947693605273273,2026-03-16T12:47:28.635000,73,,,
participant_18,4,day,Town10HD_Opt,2026-03-16 12:47:35.016174,-110.95401763916016,-3.8059914112091056,0.0019309616181999,1.217,0.2,0.0,0.0,0,0,1,,1.0,2026-03-16T12:47:35.016174,neutral,0.646,2026-03-16T12:47:33.254041,0.7465573247564763,2026-03-16T12:47:28.635000,72,,,
participant_18,4,day,Town10HD_Opt,2026-03-16 12:47:36.240164,-110.95004272460938,-3.71052360534668,0.0019287490285933,0.003,0.226,0.0,0.0,0,0,1,,0.806,2026-03-16T12:47:36.240164,neutral,0.987,2026-03-16T12:47:36.240164,0.7945358915641042,2026-03-16T12:47:28.635000,74,,,
participant_18,4,day,Town10HD_Opt,2026-03-16 12:47:37.184456,-110.95004272460938,-3.709667682647705,0.001919288537465,0.0,0.226,0.0,0.0,0,0,1,,0.847,2026-03-16T12:47:37.184456,neutral,0.987,2026-03-16T12:47:36.240164,0.7185782618564911,2026-03-16T12:47:28.635000,73,,,
participant_18,4,day,Town10HD_Opt,2026-03-16 12:47:38.112175,-110.95004272460938,-3.709688901901245,0.0019188689766451,0.001,0.172,0.0,0.0,0,0,1,,1.0,2026-03-16T12:47:38.112175,neutral,0.987,2026-03-16T12:47:36.240164,0.7246308271896784,2026-03-16T12:47:28.635000,73,,,
participant_18,4,day,Town10HD_Opt,2026-03-16 12:47:39.264317,-110.95002746582033,-3.7093584537506095,0.0019186401041224,0.13,0.172,0.479,0.0,0,0,1,,1.0,2026-03-16T12:47:39.264317,neutral,0.92,2026-03-16T12:47:39.264317,0.792469625325871,2026-03-16T12:47:28.635000,73,,,
participant_18,4,day,Town10HD_Opt,2026-03-16 12:47:40.138294,-110.92935180664062,-3.206982374191284,0.0016378401778638,7.127,0.172,0.598,0.0,0,0,1,,0.857,2026-03-16T12:47:40.138294,neutral,0.92,2026-03-16T12:47:39.264317,0.780342019158973,2026-03-16T12:47:28.635000,73,,,
participant_18,4,day,Town10HD_Opt,2026-03-16 12:47:41.000017,-110.85098266601562,-1.224124550819397,0.0016608429141342,15.605,0.381,0.596,0.0,0,0,1,,0.81,2026-03-16T12:47:41.000017,neutral,0.92,2026-03-16T12:47:39.264317,0.8003161137797073,2026-03-16T12:47:28.635000,72,,,
participant_18,4,day,Town10HD_Opt,2026-03-16 12:47:42.122879,-110.70278930664062,3.170862436294556,0.0018807982560247,22.689,-0.679,0.596,0.0,0,0,1,,0.814,2026-03-16T12:47:42.122879,neutral,0.907,2026-03-16T12:47:42.122879,0.7558875901619572,2026-03-16T12:47:28.635000,73,,,
participant_18,4,day,Town10HD_Opt,2026-03-16 12:47:43.293511,-110.3208465576172,9.17096710205078,0.0018910217331722,29.206,-5.763,0.558,0.0,0,0,1,,0.953,2026-03-16T12:47:43.293511,neutral,0.907,2026-03-16T12:47:42.122879,0.7565023317118981,2026-03-16T12:47:28.635000,73,,,
participant_18,4,day,Town10HD_Opt,2026-03-16 12:47:44.227166,-109.07820129394533,14.44683074951172,0.0019258117536082,33.18,-9.94,0.558,0.0,0,0,1,,1.0,2026-03-16T12:47:44.227166,neutral,0.767,2026-03-16T12:47:44.227166,0.7482596410602221,2026-03-16T12:47:28.635000,72,,,
participant_18,4,day,Town10HD_Opt,2026-03-16 12:47:45.127625,-106.2144775390625,19.747690200805664,0.0020373915322124,34.741,-7.544,0.185,0.0,0,0,1,,1.0,2026-03-16T12:47:45.127625,neutral,0.767,2026-03-16T12:47:44.227166,0.7875579433923502,2026-03-16T12:47:28.635000,73,,,
participant_18,4,day,Town10HD_Opt,2026-03-16 12:47:46.062081,-102.47161102294922,23.8720703125,0.0023009872529655,27.727,-13.665,0.0,0.0,0,0,1,,1.0,2026-03-16T12:47:46.062081,neutral,0.767,2026-03-16T12:47:44.227166,0.7671964797150455,2026-03-16T12:47:28.635000,73,,,
participant_18,4,day,Town10HD_Opt,2026-03-16 12:47:47.009012,-98.7620620727539,25.91974830627441,0.0022934721782803,20.652,-17.763,0.0,0.0,0,0,1,,1.0,2026-03-16T12:47:47.009012,neutral,0.822,2026-03-16T12:47:47.009012,0.8004355384911946,2026-03-16T12:47:28.635000,73,,,
participant_18,4,day,Town10HD_Opt,2026-03-16 12:47:48.218712,-94.59282684326172,26.65953254699707,0.0019118117634207,17.605,-4.686,0.369,0.0,0,0,1,,1.0,2026-03-16T12:47:48.218712,neutral,0.822,2026-03-16T12:47:47.009012,0.7849966782468808,2026-03-16T12:47:28.635000,72,,,
participant_18,4,day,Town10HD_Opt,2026-03-16 12:47:49.174210,-91.44585418701172,26.983137130737305,0.0020445249974727,18.464,-2.292,0.426,0.0,0,0,1,,1.0,2026-03-16T12:47:49.174210,neutral,0.894,2026-03-16T12:47:49.174210,0.7894925731158271,2026-03-16T12:47:28.635000,73,,,
participant_18,4,day,Town10HD_Opt,2026-03-16 12:47:50.122456,-88.0487289428711,27.224523544311523,0.0019741440191864,20.617,-0.928,0.405,0.0,0,0,1,,0.864,2026-03-16T12:47:50.122456,neutral,0.894,2026-03-16T12:47:49.174210,0.8685513429065873,2026-03-16T12:47:28.635000,73,,,
participant_18,4,day,Town10HD_Opt,2026-03-16 12:47:51.041511,-84.3171157836914,27.42881774902344,0.0019997404888272,22.052,0.04,0.388,0.0,0,0,1,,1.0,2026-03-16T12:47:51.041511,neutral,0.894,2026-03-16T12:47:49.174210,0.8090356520382664,2026-03-16T12:47:28.635000,73,,,
participant_18,4,day,Town10HD_Opt,2026-03-16 12:47:52.249831,-79.01067352294922,27.707950592041016,0.0020092772319912,23.502,-0.275,0.388,0.0,0,0,1,,1.0,2026-03-16T12:47:52.249831,fear,0.729,2026-03-16T12:47:52.249831,0.7430981203665987,2026-03-16T12:47:28.635000,73,,,
participant_18,4,day,Town10HD_Opt,2026-03-16 12:47:53.174055,-74.85472869873047,27.90217971801757,0.0020981216803193,22.755,-0.425,0.0,0.0,0,0,1,,0.867,2026-03-16T12:47:53.174055,fear,0.729,2026-03-16T12:47:52.249831,0.7466789506517466,2026-03-16T12:47:28.635000,72,,,
participant_18,4,day,Town10HD_Opt,2026-03-16 12:47:54.166561,-71.4035415649414,28.03575325012207,0.0020169448107481,16.078,-0.388,0.0,0.254,0,0,1,,0.894,2026-03-16T12:47:54.166561,fear,0.729,2026-03-16T12:47:52.249831,0.8115241141717766,2026-03-16T12:47:28.635000,73,,,
participant_18,4,day,Town10HD_Opt,2026-03-16 12:47:55.118682,-69.04141235351562,28.112098693847656,0.0020859909709542,10.682,-0.273,0.0,0.208,0,0,1,,0.849,2026-03-16T12:47:55.118682,neutral,0.939,2026-03-16T12:47:55.118682,0.7241514324635535,2026-03-16T12:47:28.635000,73,,,
participant_18,4,day,Town10HD_Opt,2026-03-16 12:47:56.064132,-67.51480865478516,28.1577091217041,0.0020536039955914,6.472,-0.219,0.0,0.216,0,0,1,,0.907,2026-03-16T12:47:56.064132,neutral,0.939,2026-03-16T12:47:55.118682,0.8338011387350469,2026-03-16T12:47:28.635000,73,,,
participant_18,4,day,Town10HD_Opt,2026-03-16 12:47:57.060725,-67.11392974853516,28.169227600097656,0.0020250319503247,0.0,-0.219,0.0,0.145,0,0,1,,0.885,2026-03-16T12:47:57.060725,neutral,0.939,2026-03-16T12:47:55.118682,0.8076468201742627,2026-03-16T12:47:28.635000,72,,,
participant_18,4,day,Town10HD_Opt,2026-03-16 12:47:58.043120,-67.11198425292969,28.16928100585937,0.0019227218581363,0.01,0.007,0.0,0.0,0,0,1,,1.0,2026-03-16T12:47:58.043120,neutral,0.8,2026-03-16T12:47:58.043120,0.7826958094552257,2026-03-16T12:47:28.635000,72,,,
participant_18,4,day,Town10HD_Opt,2026-03-16 12:47:59.011379,-67.11175537109375,28.16928482055664,0.0019190978491678,0.007,0.644,0.0,0.0,0,0,1,,0.878,2026-03-16T12:47:59.011379,neutral,0.8,2026-03-16T12:47:58.043120,0.8151606052447586,2026-03-16T12:47:28.635000,73,,,
participant_18,4,day,Town10HD_Opt,2026-03-16 12:48:00.220705,-67.11164093017578,28.16928482055664,0.0019189071608707,0.007,0.602,0.0,0.0,0,0,1,,1.0,2026-03-16T12:48:00.220705,fear,0.757,2026-03-16T12:48:00.220705,0.8108513902320968,2026-03-16T12:47:28.635000,73,,,
participant_18,4,day,Town10HD_Opt,2026-03-16 12:48:01.122089,-67.11145782470703,28.16928100585937,0.001919021597132,0.002,0.55,0.0,0.0,0,0,1,,0.867,2026-03-16T12:48:01.122089,fear,0.757,2026-03-16T12:48:00.220705,0.743358504110631,2026-03-16T12:47:28.635000,73,,,
participant_18,4,day,Town10HD_Opt,2026-03-16 12:48:02.016891,-67.11121368408203,28.16928100585937,0.0019190978491678,0.001,0.54,0.0,0.0,0,0,1,,0.814,2026-03-16T12:48:02.016891,fear,0.757,2026-03-16T12:48:00.220705,0.8162306797245548,2026-03-16T12:47:28.635000,73,,,
participant_18,4,day,Town10HD_Opt,2026-03-16 12:48:03.211491,-67.11225891113281,28.16925430297852,0.0019177626818418,0.138,0.533,0.013,0.0,0,0,1,,1.0,2026-03-16T12:48:03.211491,neutral,0.889,2026-03-16T12:48:03.211491,0.7847850805241601,2026-03-16T12:47:28.635000,73,,,
participant_18,4,day,Town10HD_Opt,2026-03-16 12:48:04.126095,-67.11226654052734,28.16925048828125,0.0019149016588926,0.186,0.522,0.08,0.0,0,0,1,,0.865,2026-03-16T12:48:04.126095,neutral,0.889,2026-03-16T12:48:03.211491,0.7817727728908608,2026-03-16T12:47:28.635000,74,,,
participant_18,4,day,Town10HD_Opt,2026-03-16 12:48:05.028667,-67.09720611572266,28.16976928710937,0.0019139479845762,0.291,0.522,0.078,0.0,0,0,1,,1.0,2026-03-16T12:48:05.028667,neutral,0.889,2026-03-16T12:48:03.211491,0.7604604887300221,2026-03-16T12:47:28.635000,73,,,
participant_18,4,day,Town10HD_Opt,2026-03-16 12:48:06.238876,-67.00511932373047,28.17285346984864,0.0019072341965511,0.791,0.522,0.076,0.0,0,0,1,,0.854,2026-03-16T12:48:06.238876,neutral,0.794,2026-03-16T12:48:06.238876,0.7576832236768689,2026-03-16T12:47:28.635000,72,,,
participant_18,4,day,Town10HD_Opt,2026-03-16 12:48:07.166048,-66.84539031982422,28.17835235595703,0.0019076155731454,1.111,0.515,0.0,0.0,0,0,1,,0.894,2026-03-16T12:48:07.166048,neutral,0.794,2026-03-16T12:48:06.238876,0.8194228572806375,2026-03-16T12:47:28.635000,72,,,
participant_18,4,day,Town10HD_Opt,2026-03-16 12:48:08.088828,-66.67176055908203,28.18452262878418,0.0019267272436991,0.857,0.515,0.0,0.0,0,0,1,,0.882,2026-03-16T12:48:08.088828,neutral,0.794,2026-03-16T12:48:06.238876,0.8123141289541231,2026-03-16T12:47:28.635000,74,,,
participant_18,4,day,Town10HD_Opt,2026-03-16 12:48:08.996665,-66.53828430175781,28.189327239990234,0.0019254302605986,0.658,0.515,0.0,0.0,0,0,1,,0.883,2026-03-16T12:48:08.996665,neutral,0.955,2026-03-16T12:48:08.996665,0.7309123874714278,2026-03-16T12:47:28.635000,72,,,
participant_18,4,day,Town10HD_Opt,2026-03-16 12:48:10.190928,-66.40716552734375,28.19409942626953,0.0019234847277402,0.47,0.496,0.028,0.0,0,0,1,,1.0,2026-03-16T12:48:10.190928,neutral,0.955,2026-03-16T12:48:08.996665,0.7771880298318952,2026-03-16T12:47:28.635000,73,,,
participant_18,4,day,Town10HD_Opt,2026-03-16 12:48:11.085157,-65.82401275634766,28.215620040893555,0.0015239715576171,10.213,0.493,1.0,0.0,0,0,1,,1.0,2026-03-16T12:48:11.085157,neutral,0.976,2026-03-16T12:48:11.085157,0.852070155300774,2026-03-16T12:47:28.635000,73,,,
participant_18,4,day,Town10HD_Opt,2026-03-16 12:48:12.012319,-62.84504318237305,28.337120056152344,0.0016903686337172,24.45,0.155,1.0,0.0,0,0,1,,0.827,2026-03-16T12:48:12.012319,neutral,0.976,2026-03-16T12:48:11.085157,0.7225519242099898,2026-03-16T12:47:28.635000,73,,,
participant_18,4,day,Town10HD_Opt,2026-03-16 12:48:13.241637,-54.7689208984375,28.69083976745605,0.0015412521315738,45.685,0.179,1.0,0.0,0,0,1,,0.944,2026-03-16T12:48:13.241637,neutral,0.972,2026-03-16T12:48:13.241637,0.7687151107446604,2026-03-16T12:47:28.635000,74,,,
participant_18,4,day,Town10HD_Opt,2026-03-16 12:48:14.187487,-46.039920806884766,29.08027076721192,0.0021344756241887,48.788,-0.55,0.869,0.0,0,0,1,,0.961,2026-03-16T12:48:14.187487,neutral,0.972,2026-03-16T12:48:13.241637,0.7426204855314554,2026-03-16T12:47:28.635000,73,,,
participant_18,4,day,Town10HD_Opt,2026-03-16 12:48:15.127533,-37.33695602416992,29.296283721923828,0.0021113203838467,49.124,-0.656,0.73,0.0,0,0,1,,0.953,2026-03-16T12:48:15.127533,neutral,0.972,2026-03-16T12:48:13.241637,0.8126971478263908,2026-03-16T12:47:28.635000,72,,,
participant_18,4,day,Town10HD_Opt,2026-03-16 12:48:16.043243,-28.61102294921875,29.27889633178711,0.0021424484439194,48.879,-0.627,0.727,0.0,0,0,1,,0.914,2026-03-16T12:48:16.043243,neutral,0.797,2026-03-16T12:48:16.043243,0.776956872352283,2026-03-16T12:47:28.635000,72,,,
participant_18,4,day,Town10HD_Opt,2026-03-16 12:48:17.036916,-19.883195877075195,29.035099029541016,0.0021400833502411,48.965,-0.498,0.727,0.0,0,0,1,,0.942,2026-03-16T12:48:17.036916,neutral,0.797,2026-03-16T12:48:16.043243,0.678548154395194,2026-03-16T12:47:28.635000,73,,,errors=Solid line crossing
participant_18,4,day,Town10HD_Opt,2026-03-16 12:48:18.247147,-8.313658714294434,28.49696159362793,0.0021125411149114,48.534,0.329,0.512,0.0,0,0,1,,1.0,2026-03-16T12:48:18.247147,happy,0.866,2026-03-16T12:48:18.247147,0.8018913765952281,2026-03-16T12:47:28.635000,74,,,
participant_18,4,day,Town10HD_Opt,2026-03-16 12:48:19.136497,0.1987361162900924,28.21953582763672,0.0020387268159538,48.758,0.642,0.461,0.0,0,0,1,,1.0,2026-03-16T12:48:19.136497,happy,0.866,2026-03-16T12:48:18.247147,0.7468050737182697,2026-03-16T12:47:28.635000,72,,,
participant_18,4,day,Town10HD_Opt,2026-03-16 12:48:20.034466,8.332860946655273,28.15943145751953,0.0023387908004224,41.472,0.555,0.0,0.0,0,0,1,,0.816,2026-03-16T12:48:20.034466,happy,0.866,2026-03-16T12:48:18.247147,0.7212739511628173,2026-03-16T12:47:28.635000,74,,,
participant_18,4,day,Town10HD_Opt,2026-03-16 12:48:21.200266,16.62810516357422,28.29488754272461,0.0023151016794145,29.427,0.477,0.0,0.0,0,0,1,,0.805,2026-03-16T12:48:21.200266,neutral,0.891,2026-03-16T12:48:21.200266,0.8616500810529613,2026-03-16T12:47:28.635000,73,,,
participant_18,4,day,Town10HD_Opt,2026-03-16 12:48:22.078307,21.198835372924805,28.4459228515625,0.0022673797793686,22.4,0.468,0.099,0.0,0,0,1,,1.0,2026-03-16T12:48:22.078307,neutral,0.891,2026-03-16T12:48:21.200266,0.7569385364607568,2026-03-16T12:47:28.635000,73,,,
participant_18,4,day,Town10HD_Opt,2026-03-16 12:48:23.275977,25.85063362121582,28.69631576538086,0.0032616043463349,18.138,3.749,0.316,0.0,0,0,1,,0.928,2026-03-16T12:48:23.275977,happy,0.987,2026-03-16T12:48:23.275977,0.8173052128600596,2026-03-16T12:47:28.635000,72,,,
participant_18,4,day,Town10HD_Opt,2026-03-16 12:48:24.204891,29.172163009643555,29.14360618591309,0.0022798536811023,20.39,6.497,0.48,0.0,0,0,1,,0.812,2026-03-16T12:48:24.204891,happy,0.987,2026-03-16T12:48:23.275977,0.7948436977837136,2026-03-16T12:47:28.635000,72,,,
participant_18,4,day,Town10HD_Opt,2026-03-16 12:48:25.115590,32.77222442626953,30.237689971923828,0.001960601657629,22.973,13.99,0.465,0.0,0,0,1,,1.0,2026-03-16T12:48:25.115590,happy,0.987,2026-03-16T12:48:23.275977,0.7435391789808452,2026-03-16T12:47:28.635000,73,,,
participant_18,4,day,Town10HD_Opt,2026-03-16 12:48:26.034367,36.27240753173828,32.53876876831055,0.0019959257915616,25.342,18.37,0.465,0.0,0,0,1,,1.0,2026-03-16T12:48:26.034367,neutral,0.76,2026-03-16T12:48:26.034367,0.7800732910267661,2026-03-16T12:47:28.635000,73,,,
participant_18,4,day,Town10HD_Opt,2026-03-16 12:48:27.194680,39.41305160522461,37.79215621948242,0.002019424457103,27.984,18.312,0.465,0.0,0,0,1,,1.0,2026-03-16T12:48:27.194680,neutral,0.76,2026-03-16T12:48:26.034367,0.9128911574856816,2026-03-16T12:47:28.635000,73,,,
participant_18,4,day,Town10HD_Opt,2026-03-16 12:48:28.115231,39.83138656616211,42.79832458496094,0.0019956969190388,29.761,3.987,0.0,0.0,0,0,1,,1.0,2026-03-16T12:48:28.115231,fear,0.75,2026-03-16T12:48:28.115231,0.7138217570367034,2026-03-16T12:47:28.635000,73,,,errors=Solid line crossing
participant_18,4,day,Town10HD_Opt,2026-03-16 12:48:29.006836,39.81401443481445,47.51536178588867,0.0023062895052134,22.487,-8.198,0.0,0.369,0,0,1,,1.0,2026-03-16T12:48:29.006836,fear,0.75,2026-03-16T12:48:28.115231,0.8644631598234039,2026-03-16T12:47:28.635000,73,,,
participant_18,4,day,Town10HD_Opt,2026-03-16 12:48:30.131017,40.09218215942383,49.74741744995117,0.0021637342870235,0.001,2.784,0.0,0.687,0,0,1,,0.874,2026-03-16T12:48:30.131017,sad,0.396,2026-03-16T12:48:30.131017,0.7896238204458008,2026-03-16T12:47:28.635000,73,,,
participant_18,4,day,Town10HD_Opt,2026-03-16 12:48:31.267330,40.09226608276367,49.74803924560547,0.0019217299995943,0.135,1.688,0.156,0.0,0,0,1,,1.0,2026-03-16T12:48:31.267330,sad,0.396,2026-03-16T12:48:30.131017,0.7433336980898805,2026-03-16T12:47:28.635000,73,,,
participant_18,4,day,Town10HD_Opt,2026-03-16 12:48:32.101633,40.10606384277344,49.86502456665039,0.0018286514095962,2.186,2.737,0.259,0.0,0,0,1,,0.868,2026-03-16T12:48:32.101633,sad,0.396,2026-03-16T12:48:30.131017,0.7661888815147545,2026-03-16T12:47:28.635000,73,,,
participant_18,4,day,Town10HD_Opt,2026-03-16 12:48:33.044764,40.17366790771485,50.46768569946289,0.0018351363250985,5.105,2.73,0.247,0.0,0,0,1,,1.0,2026-03-16T12:48:33.044764,fear,0.398,2026-03-16T12:48:33.044764,0.8091495844550616,2026-03-16T12:47:28.635000,73,,,
participant_18,4,day,Town10HD_Opt,2026-03-16 12:48:34.249812,40.29684829711914,51.72480773925781,0.0019403075566515,5.133,2.706,0.0,0.0,0,0,1,,0.849,2026-03-16T12:48:34.249812,fear,0.398,2026-03-16T12:48:33.044764,0.8364481123645072,2026-03-16T12:47:28.635000,73,,,
participant_18,4,day,Town10HD_Opt,2026-03-16 12:48:35.138102,40.34309387207031,52.2722053527832,0.0021342849358916,0.0,2.706,0.0,0.0,0,0,1,,1.0,2026-03-16T12:48:35.138102,neutral,0.812,2026-03-16T12:48:35.138102,0.7352902173193328,2026-03-16T12:47:28.635000,73,,,
participant_18,4,day,Town10HD_Opt,2026-03-16 12:48:36.044459,40.34407043457031,52.28474426269531,0.0019234084757044,0.087,2.659,0.0,0.0,0,0,1,,1.0,2026-03-16T12:48:36.044459,neutral,0.812,2026-03-16T12:48:35.138102,0.820614591038445,2026-03-16T12:47:28.635000,72,,,
participant_18,4,day,Town10HD_Opt,2026-03-16 12:48:37.125119,40.34539031982422,52.30136489868164,0.0019194411579519,0.062,2.351,0.0,0.0,0,0,1,,1.0,2026-03-16T12:48:37.125119,neutral,0.812,2026-03-16T12:48:35.138102,0.8228735988387036,2026-03-16T12:47:28.635000,73,,,
participant_18,4,day,Town10HD_Opt,2026-03-16 12:48:38.211585,40.34634017944336,52.31306838989258,0.0019192504696547,0.045,2.346,0.0,0.0,0,0,1,,1.0,2026-03-16T12:48:38.211585,fear,0.452,2026-03-16T12:48:38.211585,0.785865419662776,2026-03-16T12:47:28.635000,72,,,
participant_18,4,day,Town10HD_Opt,2026-03-16 12:48:39.040874,40.34684371948242,52.31949615478516,0.0019192504696547,0.036,2.332,0.0,0.0,0,0,1,,1.0,2026-03-16T12:48:39.040874,fear,0.452,2026-03-16T12:48:38.211585,0.7585954907019106,2026-03-16T12:47:28.635000,73,,,
participant_18,4,day,Town10HD_Opt,2026-03-16 12:48:40.144197,40.34735107421875,52.32581329345703,0.0019190978491678,0.026,2.313,0.0,0.0,0,0,1,,1.0,2026-03-16T12:48:40.144197,fear,0.452,2026-03-16T12:48:38.211585,0.7779222432971418,2026-03-16T12:47:28.635000,73,,,
participant_18,4,day,Town10HD_Opt,2026-03-16 12:48:41.198844,40.34749603271485,52.32766342163086,0.0019187163561582,0.006,2.292,0.0,0.0,0,0,1,,1.0,2026-03-16T12:48:41.198844,neutral,0.943,2026-03-16T12:48:41.198844,0.755690683802662,2026-03-16T12:47:28.635000,73,,,
participant_18,4,day,Town10HD_Opt,2026-03-16 12:48:42.023520,40.3481674194336,52.33594131469727,0.001912422128953,0.148,2.266,0.0,0.0,0,0,1,,0.833,2026-03-16T12:48:42.023520,neutral,0.943,2026-03-16T12:48:41.198844,0.7976107175925596,2026-03-16T12:47:28.635000,72,,,
participant_18,4,day,Town10HD_Opt,2026-03-16 12:48:43.165221,40.35054397583008,52.3656005859375,0.0019189452286809,0.134,2.254,0.0,0.0,0,0,1,,0.816,2026-03-16T12:48:43.165221,neutral,0.943,2026-03-16T12:48:41.198844,0.8043908172954741,2026-03-16T12:47:28.635000,72,,,
participant_18,4,day,Town10HD_Opt,2026-03-16 12:48:44.242523,40.3524055480957,52.38885498046875,0.0019195555942133,0.092,2.245,0.0,0.0,0,0,1,,1.0,2026-03-16T12:48:44.242523,neutral,0.877,2026-03-16T12:48:44.242523,0.7861364198759307,2026-03-16T12:47:28.635000,73,,,
participant_18,4,day,Town10HD_Opt,2026-03-16 12:48:45.070499,40.35314178466797,52.39800643920898,0.0019166183192282,0.099,2.238,0.0,0.0,0,0,1,,1.0,2026-03-16T12:48:45.070499,neutral,0.877,2026-03-16T12:48:44.242523,0.8274297506367048,2026-03-16T12:47:28.635000,72,,,
participant_18,4,day,Town10HD_Opt,2026-03-16 12:48:46.189012,40.35511779785156,52.422733306884766,0.0019195937784388,0.095,2.235,0.0,0.0,0,0,1,,1.0,2026-03-16T12:48:46.189012,neutral,0.877,2026-03-16T12:48:44.242523,0.7700386199524802,2026-03-16T12:47:28.635000,73,,,
participant_18,4,day,Town10HD_Opt,2026-03-16 12:48:47.017751,40.35624694824219,52.43695831298828,0.0019196700304746,0.073,2.205,0.0,0.0,0,0,1,,1.0,2026-03-16T12:48:47.017751,sad,0.532,2026-03-16T12:48:47.017751,0.8414737940365956,2026-03-16T12:47:28.635000,73,,,
participant_18,4,day,Town10HD_Opt,2026-03-16 12:48:48.143788,40.35736846923828,52.450931549072266,0.0019194030901417,0.197,2.172,0.016,0.0,0,0,1,,1.0,2026-03-16T12:48:48.143788,sad,0.532,2026-03-16T12:48:47.017751,0.7087451427806131,2026-03-16T12:47:28.635000,73,,,
participant_18,4,day,Town10HD_Opt,2026-03-16 12:48:49.006957,40.358097076416016,52.46012115478516,0.0019129562424495,0.276,2.172,0.104,0.0,0,0,1,,1.0,2026-03-16T12:48:49.006957,sad,0.532,2026-03-16T12:48:47.017751,0.8170023503321335,2026-03-16T12:47:28.635000,72,,,
participant_18,4,day,Town10HD_Opt,2026-03-16 12:48:50.110217,40.37165832519531,52.62860107421875,0.0019004440400749,1.203,2.172,0.091,0.0,0,0,1,,1.0,2026-03-16T12:48:50.110217,neutral,0.365,2026-03-16T12:48:50.110217,0.7939563621805436,2026-03-16T12:47:28.635000,72,Solid line crossing,Solid line crossing,
participant_18,4,day,Town10HD_Opt,2026-03-16 12:48:51.214367,40.398555755615234,52.9853515625,0.0019285201560705,1.429,2.139,0.0,0.0,0,0,1,,1.0,2026-03-16T12:48:51.214367,neutral,0.365,2026-03-16T12:48:50.110217,0.7644773128150208,2026-03-16T12:47:28.635000,72,,,
participant_18,4,day,Town10HD_Opt,2026-03-16 12:48:52.056065,40.41443634033203,53.20741271972656,0.0019294356461614,1.098,2.139,0.0,0.0,0,0,1,,1.0,2026-03-16T12:48:52.056065,neutral,0.365,2026-03-16T12:48:50.110217,0.7638115518318674,2026-03-16T12:47:28.635000,74,,,
participant_18,4,day,Town10HD_Opt,2026-03-16 12:48:53.121247,40.4294319152832,53.425594329833984,0.001926383934915,0.772,2.139,0.0,0.0,0,0,1,,1.0,2026-03-16T12:48:53.121247,neutral,0.765,2026-03-16T12:48:53.121247,0.7475089161757995,2026-03-16T12:47:28.635000,72,,,
participant_18,4,day,Town10HD_Opt,2026-03-16 12:48:54.258728,40.43946075439453,53.57846450805664,0.0019004821078851,1.275,2.139,0.483,0.0,0,0,1,,1.0,2026-03-16T12:48:54.258728,neutral,0.765,2026-03-16T12:48:53.121247,0.820644863957215,2026-03-16T12:47:28.635000,73,,,
participant_18,4,day,Town10HD_Opt,2026-03-16 12:48:55.104270,40.49748992919922,54.52146911621094,0.0015222167130559,12.115,2.134,0.863,0.0,0,0,1,,0.814,2026-03-16T12:48:55.104270,neutral,0.765,2026-03-16T12:48:53.121247,0.8375032603891391,2026-03-16T12:47:28.635000,73,,,
participant_18,4,day,Town10HD_Opt,2026-03-16 12:48:56.062391,40.67007446289063,57.51812362670898,0.0018730544252321,21.256,-2.508,0.636,0.0,0,0,1,,1.0,2026-03-16T12:48:56.062391,neutral,0.735,2026-03-16T12:48:56.062391,0.8226387174284723,2026-03-16T12:47:28.635000,73,,,
participant_18,4,day,Town10HD_Opt,2026-03-16 12:48:56.996491,41.32776641845703,61.69907760620117,0.0018355941865593,27.857,-11.907,0.634,0.0,0,0,1,,1.0,2026-03-16T12:48:56.996491,neutral,0.735,2026-03-16T12:48:56.062391,0.8155636413068609,2026-03-16T12:47:28.635000,73,,,
participant_18,4,day,Town10HD_Opt,2026-03-16 12:48:58.189282,45.089115142822266,67.79254913330078,0.0019223403651267,34.943,-19.832,0.628,0.0,0,0,1,,1.0,2026-03-16T12:48:58.189282,sad,0.691,2026-03-16T12:48:58.189282,0.7843518858448862,2026-03-16T12:47:28.635000,73,,,
participant_18,4,day,Town10HD_Opt,2026-03-16 12:48:59.116739,50.91287612915039,70.39007568359375,0.0019345473265275,39.384,-12.876,0.627,0.0,0,0,1,,0.86,2026-03-16T12:48:59.116739,sad,0.691,2026-03-16T12:48:58.189282,0.7907734605271747,2026-03-16T12:47:28.635000,72,,,
participant_18,4,day,Town10HD_Opt,2026-03-16 12:49:00.059467,58.14082717895508,70.58519744873047,0.0019042968051508,43.912,-2.087,0.626,0.0,0,0,1,,1.0,2026-03-16T12:49:00.059467,sad,0.691,2026-03-16T12:48:58.189282,0.7930069055755241,2026-03-16T12:47:28.635000,73,,,
participant_18,4,day,Town10HD_Opt,2026-03-16 12:49:01.258614,67.9913101196289,70.09430694580078,0.0023296736180782,36.69,3.396,0.189,0.0,0,0,1,,0.906,2026-03-16T12:49:01.258614,neutral,0.924,2026-03-16T12:49:01.258614,0.7134058470181419,2026-03-16T12:47:28.635000,73,,,
participant_18,4,day,Town10HD_Opt,2026-03-16 12:49:02.136486,73.98082733154297,70.39314270019531,0.0022449111565947,30.938,0.237,0.0,0.0,0,0,1,,0.821,2026-03-16T12:49:02.136486,neutral,0.924,2026-03-16T12:49:01.258614,0.7575020811313784,2026-03-16T12:47:28.635000,72,,,
participant_18,4,day,Town10HD_Opt,2026-03-16 12:49:03.215858,79.98661804199219,70.78524017333984,0.0023051069583743,20.383,-1.286,0.0,0.235,0,0,1,,0.881,2026-03-16T12:49:03.215858,neutral,0.924,2026-03-16T12:49:01.258614,0.771643381929038,2026-03-16T12:47:28.635000,73,,,
participant_18,4,day,Town10HD_Opt,2026-03-16 12:49:04.039344,83.05414581298828,70.89115905761719,0.0020374679006636,14.965,-2.428,0.0,0.206,0,0,1,,0.83,2026-03-16T12:49:04.039344,fear,0.831,2026-03-16T12:49:04.039344,0.7957228857380882,2026-03-16T12:47:28.635000,72,,,
participant_18,4,day,Town10HD_Opt,2026-03-16 12:49:05.166209,85.78658294677734,70.87346649169922,0.0020877073984593,8.021,-1.949,0.0,0.338,0,0,1,,0.977,2026-03-16T12:49:05.166209,fear,0.831,2026-03-16T12:49:04.039344,0.8370694624734435,2026-03-16T12:47:28.635000,73,,,
participant_18,4,day,Town10HD_Opt,2026-03-16 12:49:06.244755,86.48748779296875,70.8556900024414,0.0019989013671875,0.0,-1.831,0.0,0.318,0,0,1,,0.989,2026-03-16T12:49:06.244755,neutral,0.907,2026-03-16T12:49:06.244755,0.7063291606047862,2026-03-16T12:47:28.635000,73,,,
participant_18,4,day,Town10HD_Opt,2026-03-16 12:49:07.023249,86.48757934570312,70.85569763183594,0.0019224929856136,0.001,-1.76,0.0,0.0,0,0,1,,0.991,2026-03-16T12:49:07.023249,neutral,0.907,2026-03-16T12:49:06.244755,0.7370706314332566,2026-03-16T12:47:28.635000,73,,,
participant_18,4,day,Town10HD_Opt,2026-03-16 12:49:08.059529,86.48758697509766,70.85569763183594,0.0019191360333934,0.0,-1.231,0.0,0.0,0,0,1,,0.96,2026-03-16T12:49:08.059529,neutral,0.907,2026-03-16T12:49:06.244755,0.8351211553507305,2026-03-16T12:47:28.635000,73,Solid line crossing,Solid line crossing,
participant_18,4,day,Town10HD_Opt,2026-03-16 12:49:09.089982,86.79572296142578,70.84798431396484,0.0017392348963767,4.822,-0.562,0.467,0.0,0,0,1,,0.955,2026-03-16T12:49:09.089982,neutral,0.839,2026-03-16T12:49:09.089982,0.861230825211484,2026-03-16T12:47:28.635000,72,,,
participant_18,4,day,Town10HD_Opt,2026-03-16 12:49:10.153397,88.77347564697266,70.87991333007812,0.0017562865978106,12.117,8.446,0.434,0.0,0,0,1,,0.928,2026-03-16T12:49:10.153397,neutral,0.839,2026-03-16T12:49:09.089982,0.7702815204806738,2026-03-16T12:47:28.635000,73,,,
participant_18,4,day,Town10HD_Opt,2026-03-16 12:49:11.245182,92.1030044555664,71.60340881347656,0.0018209075788035,17.378,21.266,0.433,0.0,0,0,1,,0.922,2026-03-16T12:49:11.245182,neutral,0.986,2026-03-16T12:49:11.245182,0.8217254650561713,2026-03-16T12:47:28.635000,74,,,
participant_18,4,day,Town10HD_Opt,2026-03-16 12:49:12.041558,94.75144958496094,73.33031463623047,0.0020919798407703,18.751,25.786,0.433,0.0,0,0,1,,0.915,2026-03-16T12:49:12.041558,neutral,0.986,2026-03-16T12:49:11.245182,0.7916933050371104,2026-03-16T12:47:28.635000,73,,,
participant_18,4,day,Town10HD_Opt,2026-03-16 12:49:13.113466,97.00906372070312,77.30099487304688,0.0020161818247288,21.473,20.943,0.434,0.0,0,0,1,,0.923,2026-03-16T12:49:13.113466,neutral,0.986,2026-03-16T12:49:11.245182,0.8128007674466248,2026-03-16T12:47:28.635000,73,,,
participant_18,4,day,Town10HD_Opt,2026-03-16 12:49:14.175349,97.66932678222656,82.57744598388672,0.0019811247475445,24.352,3.957,0.432,0.0,0,0,1,,1.0,2026-03-16T12:49:14.175349,neutral,0.965,2026-03-16T12:49:14.175349,0.792028010029089,2026-03-16T12:47:28.635000,74,,,
participant_18,4,day,Town10HD_Opt,2026-03-16 12:49:15.244867,97.66038513183594,88.51715850830078,0.0019886780064553,26.703,3.156,0.432,0.0,0,0,1,,1.0,2026-03-16T12:49:15.244867,neutral,0.965,2026-03-16T12:49:14.175349,0.8957967902258777,2026-03-16T12:47:28.635000,72,,,
participant_18,4,day,Town10HD_Opt,2026-03-16 12:49:16.080296,97.26647186279295,93.2965316772461,0.0019945143721997,28.235,2.158,0.432,0.0,0,0,1,,1.0,2026-03-16T12:49:16.080296,neutral,0.965,2026-03-16T12:49:14.175349,0.8233176756056427,2026-03-16T12:47:28.635000,73,,,
participant_18,4,day,Town10HD_Opt,2026-03-16 12:49:17.223208,96.27976989746094,100.00631713867188,0.0020019530784338,29.993,2.026,0.433,0.0,0,0,1,,0.824,2026-03-16T12:49:17.223208,neutral,0.979,2026-03-16T12:49:17.223208,0.8365329592119073,2026-03-16T12:47:28.635000,73,,,
participant_18,4,day,Town10HD_Opt,2026-03-16 12:49:18.053794,95.1683349609375,105.22840881347656,0.0020072173792868,31.122,2.379,0.433,0.0,0,0,1,,1.0,2026-03-16T12:49:18.053794,neutral,0.979,2026-03-16T12:49:17.223208,0.7605490653056896,2026-03-16T12:47:28.635000,73,,,errors=Solid line crossing
participant_18,4,day,Town10HD_Opt,2026-03-16 12:49:19.128198,93.0244140625,112.30859375,0.0020152663346379,32.426,4.707,0.432,0.0,0,0,1,,1.0,2026-03-16T12:49:19.128198,neutral,0.979,2026-03-16T12:49:17.223208,0.7954363307789656,2026-03-16T12:47:28.635000,73,,,
participant_18,4,day,Town10HD_Opt,2026-03-16 12:49:20.240058,89.49172973632812,119.07202911376952,0.0020322799682617,33.29,9.086,0.432,0.0,0,0,1,,0.906,2026-03-16T12:49:20.240058,neutral,0.947,2026-03-16T12:49:20.240058,0.7619438140499291,2026-03-16T12:47:28.635000,73,,,
participant_18,4,day,Town10HD_Opt,2026-03-16 12:49:21.085910,85.42122650146484,123.24097442626952,0.0020447159186005,33.688,10.531,0.433,0.0,0,0,1,,1.0,2026-03-16T12:49:21.085910,neutral,0.947,2026-03-16T12:49:20.240058,0.8372335812613838,2026-03-16T12:47:28.635000,73,,,
participant_18,4,day,Town10HD_Opt,2026-03-16 12:49:22.263419,78.44949340820312,126.98574829101562,0.0020275115966796,34.461,2.33,0.433,0.0,0,0,1,,0.833,2026-03-16T12:49:22.263419,neutral,0.972,2026-03-16T12:49:22.263419,0.8156653598926463,2026-03-16T12:47:28.635000,72,,,
participant_18,4,day,Town10HD_Opt,2026-03-16 12:49:23.170956,72.73809051513672,129.03367614746094,0.0020297621376812,34.962,5.297,0.433,0.0,0,0,1,,1.0,2026-03-16T12:49:23.170956,neutral,0.972,2026-03-16T12:49:22.263419,0.8057442202811312,2026-03-16T12:47:28.635000,73,,,
participant_18,4,day,Town10HD_Opt,2026-03-16 12:49:24.025900,66.71436309814453,130.2340850830078,0.0020341873168945,35.371,5.222,0.433,0.0,0,0,1,,1.0,2026-03-16T12:49:24.025900,neutral,0.972,2026-03-16T12:49:22.263419,0.7388487076932391,2026-03-16T12:47:28.635000,73,,,
participant_18,4,day,Town10HD_Opt,2026-03-16 12:49:25.177770,58.42203903198242,130.35855102539062,0.0020321272313594,35.887,0.731,0.433,0.0,0,0,1,,1.0,2026-03-16T12:49:25.177770,neutral,0.933,2026-03-16T12:49:25.177770,0.7644007003905963,2026-03-16T12:47:28.635000,73,,,errors=Solid line crossing
participant_18,4,day,Town10HD_Opt,2026-03-16 12:49:26.040536,52.123626708984375,129.98399353027344,0.0020317076705396,36.244,-2.287,0.433,0.0,0,0,1,,1.0,2026-03-16T12:49:26.040536,neutral,0.933,2026-03-16T12:49:25.177770,0.7319012178799109,2026-03-16T12:47:28.635000,74,,,
participant_18,4,day,Town10HD_Opt,2026-03-16 12:49:27.173288,43.6220703125,130.01861572265625,0.001982040470466,36.657,-0.195,0.433,0.0,0,0,1,,1.0,2026-03-16T12:49:27.173288,neutral,0.933,2026-03-16T12:49:25.177770,0.7665964268079497,2026-03-16T12:47:28.635000,73,,,
participant_18,4,day,Town10HD_Opt,2026-03-16 12:49:28.006503,37.18782806396485,130.2036895751953,0.0020333097781986,36.941,0.031,0.432,0.0,0,0,1,,1.0,2026-03-16T12:49:28.006503,neutral,0.9,2026-03-16T12:49:28.006503,0.7793405619520921,2026-03-16T12:47:28.635000,72,,,
participant_18,4,day,Town10HD_Opt,2026-03-16 12:49:29.191388,28.54094696044922,130.44683837890625,0.0020354841835796,37.23,0.038,0.433,0.0,0,0,1,,1.0,2026-03-16T12:49:29.191388,neutral,0.9,2026-03-16T12:49:28.006503,0.7618878369510932,2026-03-16T12:47:28.635000,73,,,
participant_18,4,day,Town10HD_Opt,2026-03-16 12:49:30.061733,22.012508392333984,130.6188507080078,0.0020365142263472,37.421,0.096,0.433,0.0,0,0,1,,0.822,2026-03-16T12:49:30.061733,neutral,0.973,2026-03-16T12:49:30.061733,0.7344929152810664,2026-03-16T12:47:28.635000,73,,,
participant_18,4,day,Town10HD_Opt,2026-03-16 12:49:31.176949,13.258198738098145,130.81451416015625,0.0020367430988699,37.656,0.153,0.434,0.0,0,0,1,,1.0,2026-03-16T12:49:31.176949,neutral,0.973,2026-03-16T12:49:30.061733,0.8045368953877404,2026-03-16T12:47:28.635000,73,,,
participant_18,4,day,Town10HD_Opt,2026-03-16 12:49:32.253885,4.448777198791504,130.9550323486328,0.002037429716438,37.872,0.153,0.434,0.0,0,0,1,,0.855,2026-03-16T12:49:32.253885,neutral,0.856,2026-03-16T12:49:32.253885,0.8123862251425242,2026-03-16T12:47:28.635000,73,,,
participant_18,4,day,Town10HD_Opt,2026-03-16 12:49:33.097027,-2.189624309539795,131.02195739746094,0.0020383833907544,38.002,0.153,0.434,0.0,0,0,1,,1.0,2026-03-16T12:49:33.097027,neutral,0.856,2026-03-16T12:49:32.253885,0.8074791963801737,2026-03-16T12:47:28.635000,73,,,
participant_18,4,day,Town10HD_Opt,2026-03-16 12:49:34.215268,-10.820920944213867,131.05715942382812,0.0021849060431122,34.203,0.71,0.171,0.151,0,0,1,,0.884,2026-03-16T12:49:34.215268,neutral,0.856,2026-03-16T12:49:32.253885,0.7782322018072739,2026-03-16T12:47:28.635000,73,,,
participant_18,4,day,Town10HD_Opt,2026-03-16 12:49:35.121130,-16.26204490661621,130.9882049560547,0.0023369980044662,26.168,0.78,0.0,0.333,0,0,1,,0.855,2026-03-16T12:49:35.121130,happy,0.598,2026-03-16T12:49:35.121130,0.7293726458111011,2026-03-16T12:47:28.635000,72,,,
participant_18,4,day,Town10HD_Opt,2026-03-16 12:49:36.232695,-21.115175247192383,130.82647705078125,0.00208106986247,14.621,0.658,0.0,0.392,0,0,1,,0.834,2026-03-16T12:49:36.232695,happy,0.598,2026-03-16T12:49:35.121130,0.7732849458311686,2026-03-16T12:47:28.635000,73,,,
participant_18,4,day,Town10HD_Opt,2026-03-16 12:49:37.109242,-23.263500213623047,130.7252960205078,0.0020922468975186,9.619,0.663,0.0,0.251,0,0,1,,0.832,2026-03-16T12:49:37.109242,happy,0.598,2026-03-16T12:49:35.121130,0.8241500141673015,2026-03-16T12:47:28.635000,73,,,
participant_18,4,day,Town10HD_Opt,2026-03-16 12:49:38.223904,-24.920988082885746,130.6376495361328,0.0020201874431222,2.975,0.67,0.0,0.129,0,0,1,,0.806,2026-03-16T12:49:38.223904,happy,0.87,2026-03-16T12:49:38.223904,0.7980111304238624,2026-03-16T12:47:28.635000,73,,,
participant_18,4,day,Town10HD_Opt,2026-03-16 12:49:39.086692,-24.96979713439941,130.6347198486328,0.0019559096544981,0.002,0.592,0.0,0.0,0,0,1,,0.811,2026-03-16T12:49:39.086692,happy,0.87,2026-03-16T12:49:38.223904,0.8206239338653804,2026-03-16T12:47:28.635000,73,,,
participant_18,4,day,Town10HD_Opt,2026-03-16 12:49:40.237333,-24.9705753326416,130.6347198486328,0.0019194793421775,0.002,0.592,0.0,0.0,0,0,1,,0.875,2026-03-16T12:49:40.237333,happy,0.874,2026-03-16T12:49:40.237333,0.8152546111842129,2026-03-16T12:47:28.635000,73,,,
participant_18,4,day,Town10HD_Opt,2026-03-16 12:49:41.106645,-24.97079086303711,130.6347198486328,0.0019189452286809,0.0,0.592,0.0,0.0,0,0,1,,0.809,2026-03-16T12:49:41.106645,happy,0.874,2026-03-16T12:49:40.237333,0.7790444826764105,2026-03-16T12:47:28.635000,73,,,
participant_18,4,day,Town10HD_Opt,2026-03-16 12:49:42.182366,-24.970855712890625,130.6347198486328,0.0019189452286809,0.001,0.592,0.0,0.0,0,0,1,,1.0,2026-03-16T12:49:42.182366,happy,0.874,2026-03-16T12:49:40.237333,0.7910148820558031,2026-03-16T12:47:28.635000,73,,,
participant_18,4,day,Town10HD_Opt,2026-03-16 12:49:43.236014,-24.97092628479004,130.6347198486328,0.0019191360333934,0.001,0.58,0.0,0.0,0,0,1,,0.817,2026-03-16T12:49:43.236014,neutral,0.695,2026-03-16T12:49:43.236014,0.7766660378260468,2026-03-16T12:47:28.635000,73,,,
participant_18,4,day,Town10HD_Opt,2026-03-16 12:49:44.055593,-24.97091484069824,130.6347198486328,0.0019189071608707,0.006,0.58,0.0,0.0,0,0,1,,0.85,2026-03-16T12:49:44.055593,neutral,0.695,2026-03-16T12:49:43.236014,0.8200278653447304,2026-03-16T12:47:28.635000,73,,,
participant_18,4,day,Town10HD_Opt,2026-03-16 12:49:45.128424,-24.971004486083984,130.6347198486328,0.0019189071608707,0.006,0.58,0.0,0.0,0,0,1,,0.836,2026-03-16T12:49:45.128424,neutral,0.695,2026-03-16T12:49:43.236014,0.768402519812416,2026-03-16T12:47:28.635000,74,,,
participant_18,4,day,Town10HD_Opt,2026-03-16 12:49:46.189666,-25.040307998657227,130.63092041015625,0.0017927932785823,2.916,0.58,0.501,0.0,0,0,1,,0.853,2026-03-16T12:49:46.189666,neutral,0.976,2026-03-16T12:49:46.189666,0.7032355596302349,2026-03-16T12:47:28.635000,72,,,
participant_18,4,day,Town10HD_Opt,2026-03-16 12:49:47.055874,-26.06217384338379,130.57461547851562,0.0016622924013063,9.728,0.58,0.548,0.0,0,0,1,,1.0,2026-03-16T12:49:47.055874,neutral,0.976,2026-03-16T12:49:46.189666,0.773056129727346,2026-03-16T12:47:28.635000,73,,,
participant_18,4,day,Town10HD_Opt,2026-03-16 12:49:48.140216,-29.4065170288086,130.349609375,0.001891097985208,18.564,2.539,0.542,0.0,0,0,1,,0.812,2026-03-16T12:49:48.140216,neutral,0.976,2026-03-16T12:49:46.189666,0.7782253282404692,2026-03-16T12:47:28.635000,73,,,
participant_18,4,day,Town10HD_Opt,2026-03-16 12:49:49.250052,-34.02224349975586,129.51463317871094,0.0019879913888871,21.624,12.296,0.0,0.0,0,0,1,,0.87,2026-03-16T12:49:49.250052,happy,0.978,2026-03-16T12:49:49.250052,0.8770639501755276,2026-03-16T12:49:50.058000,68,,,
participant_18,4,day,Town10HD_Opt,2026-03-16 12:49:50.096738,-37.10035705566406,128.0681610107422,0.0019536209292709,16.852,14.813,0.0,0.0,0,0,1,,1.0,2026-03-16T12:49:50.096738,happy,0.978,2026-03-16T12:49:49.250052,0.9421528504667674,2026-03-16T12:49:51.048000,68,,,
participant_18,4,day,Town10HD_Opt,2026-03-16 12:49:51.223505,-39.63406753540039,125.82503509521484,0.002044181805104,12.008,15.563,0.0,0.0,0,0,1,,0.811,2026-03-16T12:49:51.223505,happy,0.978,2026-03-16T12:49:49.250052,0.8592847917667219,2026-03-16T12:49:52.037000,68,,,
participant_18,4,day,Town10HD_Opt,2026-03-16 12:49:52.062855,-40.73004150390625,124.318603515625,0.0020135878585278,9.087,16.079,0.0,0.0,0,0,1,,1.0,2026-03-16T12:49:52.062855,happy,0.614,2026-03-16T12:49:52.062855,0.926260261645641,2026-03-16T12:49:52.037000,68,,,
participant_18,4,day,Town10HD_Opt,2026-03-16 12:49:53.016360,-41.39935302734375,123.04878997802734,0.0019615553319454,8.044,16.302,0.461,0.0,0,0,1,,1.0,2026-03-16T12:49:53.016360,happy,0.614,2026-03-16T12:49:52.062855,0.8154875648633997,2026-03-16T12:49:53.076000,67,,,
participant_18,4,day,Town10HD_Opt,2026-03-16 12:49:54.237426,-42.261844635009766,120.29000091552734,0.001648788456805,18.656,16.836,0.675,0.0,0,0,1,,1.0,2026-03-16T12:49:54.237426,happy,0.824,2026-03-16T12:49:54.237426,0.8770951210489902,2026-03-16T12:49:55.052000,67,,,
participant_18,4,day,Town10HD_Opt,2026-03-16 12:49:55.137639,-42.45444869995117,116.65705108642578,0.001840095501393,24.573,11.742,0.586,0.0,0,0,1,,1.0,2026-03-16T12:49:55.137639,happy,0.824,2026-03-16T12:49:54.237426,0.7959336494077711,2026-03-16T12:49:55.052000,67,,,
participant_18,4,day,Town10HD_Opt,2026-03-16 12:49:56.111162,-41.84603118896485,111.95230102539062,0.0018761062528938,29.955,-0.759,0.565,0.0,0,0,1,,1.0,2026-03-16T12:49:56.111162,happy,0.824,2026-03-16T12:49:54.237426,0.9678113949993824,2026-03-16T12:49:56.182000,68,,,
participant_18,4,day,Town10HD_Opt,2026-03-16 12:49:57.278540,-41.2165412902832,104.38829040527344,0.0019123458769172,35.482,-1.695,0.563,0.0,0,0,1,,1.0,2026-03-16T12:49:57.278540,happy,0.515,2026-03-16T12:49:57.278540,0.99,2026-03-16T12:49:58.023000,68,,,
participant_18,4,day,Town10HD_Opt,2026-03-16 12:49:58.140467,-41.19625473022461,97.89735412597656,0.0019443893106654,38.575,0.623,0.251,0.0,0,0,1,,1.0,2026-03-16T12:49:58.140467,happy,0.515,2026-03-16T12:49:57.278540,0.9464534458812284,2026-03-16T12:49:58.023000,67,,,
participant_18,4,day,Town10HD_Opt,2026-03-16 12:49:59.012752,-41.11490631103516,91.63091278076172,0.0022932814899832,31.474,0.385,0.186,0.0,0,0,1,,0.863,2026-03-16T12:49:59.012752,happy,0.515,2026-03-16T12:49:57.278540,0.99,2026-03-16T12:49:59.238000,68,,,
participant_19,1,day,Town10HD_Opt,2026-03-16 15:00:00.000000,-41.66858673095703,89.7454833984375,0.580491840839386,19.479,0.945,0.498,0.0,0,0,1,,1.0,2026-03-16T15:00:00,,,2026-03-16T15:00:00,0.4941106204839753,2026-03-16T15:00:00,61,,,
participant_19,1,day,Town10HD_Opt,2026-03-16 15:00:04.556365,-41.69210815429688,84.68925476074219,0.0019663241691887,19.859,1.434,0.498,0.0,0,0,1,,0.896,2026-03-16T15:00:04.556365,,,2026-03-16T15:00:04.556365,0.4769314920784367,,60,,,
participant_19,1,day,Town10HD_Opt,2026-03-16 15:00:05.213923,-41.62057876586914,82.25509643554688,0.0019235233776271,22.377,4.473,0.523,0.0,0,0,1,,0.931,2026-03-16T15:00:05.213923,,,2026-03-16T15:00:04.556365,0.447640285570428,2026-03-16T15:00:04.996000,60,,,
participant_19,1,day,Town10HD_Opt,2026-03-16 15:00:06.272147,-41.00567626953125,78.08563232421875,0.0019285206217318,26.257,12.68,0.523,0.0,0,0,1,,0.839,2026-03-16T15:00:06.272147,,,2026-03-16T15:00:04.556365,0.4191055821084239,2026-03-16T15:00:06.031000,61,,,
participant_19,1,day,Town10HD_Opt,2026-03-16 15:00:06.988639,-39.84243774414063,75.14991760253906,0.0019607164431363,28.408,17.448,0.507,0.0,0,0,1,,0.875,2026-03-16T15:00:06.988639,happy,0.641,2026-03-16T15:00:06.988639,0.5661843410432502,2026-03-16T15:00:06.975000,62,,,
participant_19,1,day,Town10HD_Opt,2026-03-16 15:00:08.028204,-36.43779373168945,71.36238098144531,0.0020423887763172,30.178,21.066,0.229,0.0,0,0,1,,0.909,2026-03-16T15:00:08.028204,happy,0.641,2026-03-16T15:00:06.988639,0.5127970855994314,2026-03-16T15:00:07.965000,62,,,
participant_19,1,day,Town10HD_Opt,2026-03-16 15:00:09.023183,-31.97286796569824,69.71484375,0.0022974386811256,23.924,13.071,0.007,0.0,0,0,1,,0.886,2026-03-16T15:00:09.023183,neutral,0.754,2026-03-16T15:00:09.023183,0.4889594322877359,2026-03-16T15:00:09.001000,64,,,
participant_19,1,day,Town10HD_Opt,2026-03-16 15:00:10.029450,-28.131872177124023,69.48541259765625,0.0020796202588826,21.617,3.346,0.562,0.0,0,0,1,,1.0,2026-03-16T15:00:10.029450,neutral,0.754,2026-03-16T15:00:09.023183,0.5159167548307436,2026-03-16T15:00:09.991000,64,,,
participant_19,1,day,Town10HD_Opt,2026-03-16 15:00:11.001731,-24.020187377929688,69.49532318115234,0.0019007114460691,25.989,1.083,0.543,0.0,0,0,1,,0.841,2026-03-16T15:00:11.001731,neutral,0.754,2026-03-16T15:00:09.023183,0.4740420336741818,2026-03-16T15:00:10.980000,66,,,
participant_19,1,day,Town10HD_Opt,2026-03-16 15:00:12.236099,-17.374366760253906,69.6451187133789,0.0019244388677179,31.148,-0.026,0.521,0.0,0,0,1,,1.0,2026-03-16T15:00:12.236099,neutral,0.626,2026-03-16T15:00:12.236099,0.5758388603492576,2026-03-16T15:00:11.970000,67,,,
participant_19,1,day,Town10HD_Opt,2026-03-16 15:00:13.167121,-11.78439998626709,69.7906494140625,0.002047958318144,31.881,-0.2,0.318,0.0,0,0,1,,0.828,2026-03-16T15:00:13.167121,neutral,0.626,2026-03-16T15:00:12.236099,0.5351299712821389,2026-03-16T15:00:13.005000,69,,,
participant_19,1,day,Town10HD_Opt,2026-03-16 15:00:14.173638,-6.358992099761963,69.90387725830078,0.0021210857667028,29.668,-0.045,0.214,0.0,0,0,1,,0.912,2026-03-16T15:00:14.173638,neutral,0.626,2026-03-16T15:00:12.236099,0.5554406062668211,2026-03-16T15:00:13.998000,71,,,
participant_19,1,day,Town10HD_Opt,2026-03-16 15:00:15.098656,-1.4475032091140747,69.996337890625,0.0021596902515739,26.009,-0.341,0.254,0.0,0,0,1,,0.897,2026-03-16T15:00:15.098656,neutral,0.685,2026-03-16T15:00:15.098656,0.4841834073167759,2026-03-16T15:00:14.986000,73,,,
participant_19,1,day,Town10HD_Opt,2026-03-16 15:00:16.072680,2.9395172595977783,70.04229736328125,0.0021123883780092,23.957,-0.515,0.264,0.0,0,0,1,,0.895,2026-03-16T15:00:16.072680,neutral,0.685,2026-03-16T15:00:15.098656,0.4796064451493657,2026-03-16T15:00:15.976000,72,,,
participant_19,1,day,Town10HD_Opt,2026-03-16 15:00:17.070297,6.995176792144775,70.04603576660156,0.0020938871894031,22.357,0.197,0.255,0.0,0,0,1,,1.0,2026-03-16T15:00:17.070297,neutral,0.685,2026-03-16T15:00:15.098656,0.5322053681671894,2026-03-16T15:00:16.966000,71,,,
participant_19,1,day,Town10HD_Opt,2026-03-16 15:00:18.031271,10.721563339233398,70.0591049194336,0.0021439739502966,19.567,0.228,0.0,0.0,0,0,1,,0.865,2026-03-16T15:00:18.031271,neutral,0.937,2026-03-16T15:00:18.031271,0.5233762622949919,2026-03-16T15:00:18,73,,,
participant_19,1,day,Town10HD_Opt,2026-03-16 15:00:19.032156,13.808796882629396,70.07781219482422,0.0019962687510997,15.738,0.068,0.067,0.0,0,0,1,,0.881,2026-03-16T15:00:19.032156,neutral,0.937,2026-03-16T15:00:18.031271,0.533845699470129,2026-03-16T15:00:18.991000,75,,,
participant_19,1,day,Town10HD_Opt,2026-03-16 15:00:20.025333,16.344589233398438,70.09612274169922,0.0020029065199196,13.087,0.099,0.067,0.0,0,0,1,,0.892,2026-03-16T15:00:20.025333,neutral,0.937,2026-03-16T15:00:18.031271,0.5268087880689937,2026-03-16T15:00:19.981000,70,,,
participant_19,1,day,Town10HD_Opt,2026-03-16 15:00:21.003423,18.46075820922852,70.11309051513672,0.0019866176880896,10.966,0.042,0.066,0.0,0,0,1,,0.962,2026-03-16T15:00:21.003423,neutral,0.821,2026-03-16T15:00:21.003423,0.4897980422867375,2026-03-16T15:00:20.971000,72,,,
participant_19,1,day,Town10HD_Opt,2026-03-16 15:00:21.992582,20.23729133605957,70.12801361083984,0.0019747540354728,9.223,0.042,0.066,0.0,0,0,1,,0.936,2026-03-16T15:00:21.992582,neutral,0.821,2026-03-16T15:00:21.003423,0.4733571116632275,,67,,,
participant_19,1,day,Town10HD_Opt,2026-03-16 15:00:23.255783,22.194204330444336,70.14530944824219,0.0019496915629133,7.65,0.04,0.056,0.0,0,0,1,,0.893,2026-03-16T15:00:23.255783,neutral,0.919,2026-03-16T15:00:23.255783,0.47379603788549,2026-03-16T15:00:22.995000,66,,,
participant_19,1,day,Town10HD_Opt,2026-03-16 15:00:24.242579,23.432716369628903,70.15670776367188,0.0019607541617006,6.373,0.04,0.059,0.0,0,0,1,,0.912,2026-03-16T15:00:24.242579,neutral,0.919,2026-03-16T15:00:23.255783,0.5000589175251924,2026-03-16T15:00:23.985000,68,,,
participant_19,1,day,Town10HD_Opt,2026-03-16 15:00:25.157509,24.456445693969727,70.16641235351562,0.0019548796117305,5.251,0.04,0.059,0.0,0,0,1,,0.954,2026-03-16T15:00:25.157509,neutral,0.919,2026-03-16T15:00:23.255783,0.5005247627126256,2026-03-16T15:00:24.977000,71,Stop sign violation,stop_sign_id=754,
participant_19,1,day,Town10HD_Opt,2026-03-16 15:00:26.088267,25.30670166015625,70.17494201660156,0.0059204897843301,4.578,0.04,0.0,0.0,0,0,1,,0.925,2026-03-16T15:00:26.088267,neutral,0.833,2026-03-16T15:00:26.088267,0.5503391728597835,2026-03-16T15:00:26.010000,67,,,
participant_19,1,day,Town10HD_Opt,2026-03-16 15:00:27.022908,25.67823028564453,70.17906188964844,0.0018716807244345,0.004,0.04,0.0,0.076,0,0,1,,0.918,2026-03-16T15:00:27.022908,neutral,0.833,2026-03-16T15:00:26.088267,0.512967508914158,2026-03-16T15:00:27.001000,63,,,
participant_19,1,day,Town10HD_Opt,2026-03-16 15:00:28.211095,26.066650390625,70.1833267211914,0.0016047679819166,7.535,0.002,0.727,0.0,0,0,1,,0.962,2026-03-16T15:00:28.211095,neutral,0.895,2026-03-16T15:00:28.211095,0.5263411564357702,2026-03-16T15:00:27.990000,69,,,
participant_19,1,day,Town10HD_Opt,2026-03-16 15:00:29.228408,28.084482192993164,70.17721557617188,0.001764221698977,14.112,-4.572,0.285,0.0,0,0,1,,0.952,2026-03-16T15:00:29.228408,neutral,0.895,2026-03-16T15:00:28.211095,0.4812525430372682,2026-03-16T15:00:28.981000,66,,,errors=Stop sign violation
participant_19,1,day,Town10HD_Opt,2026-03-16 15:00:30.143402,30.63481330871582,69.90837860107422,0.0018111802637577,15.355,-9.502,0.286,0.0,0,0,1,,0.947,2026-03-16T15:00:30.143402,neutral,0.895,2026-03-16T15:00:28.211095,0.5350257486221784,2026-03-16T15:00:29.971000,65,,,
participant_19,1,day,Town10HD_Opt,2026-03-16 15:00:31.074672,33.31390380859375,69.2465591430664,0.0019025038927793,16.145,-10.814,0.24,0.0,0,0,1,,0.902,2026-03-16T15:00:31.074672,happy,0.911,2026-03-16T15:00:31.074672,0.4533890435634611,,65,,,
participant_19,1,day,Town10HD_Opt,2026-03-16 15:00:32.018075,35.8979377746582,68.11282348632812,0.0019260406261309,16.217,-12.83,0.239,0.0,0,0,1,,0.921,2026-03-16T15:00:32.018075,happy,0.911,2026-03-16T15:00:31.074672,0.5204068668669645,2026-03-16T15:00:31.996000,61,,,
participant_19,1,day,Town10HD_Opt,2026-03-16 15:00:33.017303,38.24033737182617,66.5172119140625,0.0019257353851571,16.284,-12.226,0.24,0.0,0,0,1,,0.914,2026-03-16T15:00:33.017303,happy,0.911,2026-03-16T15:00:31.074672,0.5459207616837738,2026-03-16T15:00:32.986000,65,,,
participant_19,1,day,Town10HD_Opt,2026-03-16 15:00:34.257254,41.02660369873047,63.78072738647461,0.0019738771952688,18.586,-11.421,0.51,0.0,0,0,1,,0.925,2026-03-16T15:00:34.257254,neutral,0.727,2026-03-16T15:00:34.257254,0.4781626357615126,2026-03-16T15:00:34.022000,62,,,
participant_19,1,day,Town10HD_Opt,2026-03-16 15:00:35.244301,42.90620422363281,60.97454452514648,0.0019210819154977,21.142,-12.284,0.496,0.0,0,0,1,,0.923,2026-03-16T15:00:35.244301,neutral,0.727,2026-03-16T15:00:34.257254,0.5101286582831868,2026-03-16T15:00:34.966000,65,,,
participant_19,1,day,Town10HD_Opt,2026-03-16 15:00:36.177870,44.33528900146485,57.28743362426758,0.0019484712975099,24.51,-12.207,0.475,0.0,0,0,1,,0.961,2026-03-16T15:00:36.177870,neutral,0.727,2026-03-16T15:00:34.257254,0.5134676585105662,2026-03-16T15:00:36.001000,67,,,
participant_19,1,day,Town10HD_Opt,2026-03-16 15:00:37.112733,44.8818359375,52.99919891357422,0.0020882794633507,24.282,-8.129,0.342,0.0,0,0,1,,0.981,2026-03-16T15:00:37.112733,neutral,0.699,2026-03-16T15:00:37.112733,0.5167349878980234,2026-03-16T15:00:36.991000,64,,,
participant_19,1,day,Town10HD_Opt,2026-03-16 15:00:38.062122,44.73675537109375,48.74346923828125,0.0020316315349191,24.66,-3.888,0.365,0.0,0,0,1,,0.937,2026-03-16T15:00:38.062122,neutral,0.699,2026-03-16T15:00:37.112733,0.5521879530165256,2026-03-16T15:00:37.981000,64,,,
participant_19,1,day,Town10HD_Opt,2026-03-16 15:00:39.057333,44.25237655639648,44.60296249389648,0.0021899407729506,21.749,-1.756,0.0,0.0,0,0,1,,0.871,2026-03-16T15:00:39.057333,neutral,0.699,2026-03-16T15:00:37.112733,0.519562190348506,2026-03-16T15:00:38.971000,63,,,
participant_19,1,day,Town10HD_Opt,2026-03-16 15:00:40.007159,43.96416091918945,41.25164413452149,0.0020773694850504,18.331,10.132,0.513,0.0,0,0,1,,0.916,2026-03-16T15:00:40.007159,neutral,0.682,2026-03-16T15:00:40.007159,0.5565996173196389,,62,,,
participant_19,1,day,Town10HD_Opt,2026-03-16 15:00:41.248722,44.64871597290039,36.25835037231445,0.0017339716432616,28.232,10.829,0.691,0.0,0,0,1,,0.936,2026-03-16T15:00:41.248722,neutral,0.682,2026-03-16T15:00:40.007159,0.568591212301457,2026-03-16T15:00:40.996000,63,,,
participant_19,1,day,Town10HD_Opt,2026-03-16 15:00:42.190453,46.93874740600586,31.37132453918457,0.001958237029612,33.014,20.203,0.503,0.0,0,0,1,,0.892,2026-03-16T15:00:42.190453,neutral,0.494,2026-03-16T15:00:42.190453,0.4469566224921137,2026-03-16T15:00:41.986000,64,,,
participant_19,1,day,Town10HD_Opt,2026-03-16 15:00:43.134565,51.59368896484375,27.88703727722168,0.0020422362722456,34.54,16.957,0.419,0.0,0,0,1,,0.908,2026-03-16T15:00:43.134565,neutral,0.494,2026-03-16T15:00:42.190453,0.5131703403616982,2026-03-16T15:00:42.976000,63,,,
participant_19,1,day,Town10HD_Opt,2026-03-16 15:00:44.097896,57.39482879638672,26.499229431152344,0.0021314998157322,32.923,2.972,0.2,0.0,0,0,1,,0.881,2026-03-16T15:00:44.097896,neutral,0.494,2026-03-16T15:00:42.190453,0.5064706346347627,2026-03-16T15:00:43.966000,62,,,
participant_19,1,day,Town10HD_Opt,2026-03-16 15:00:45.020794,62.75966644287109,25.826772689819336,0.0022083276417106,27.499,-0.063,0.0,0.0,0,0,1,,0.965,2026-03-16T15:00:45.020794,sad,0.32,2026-03-16T15:00:45.020794,0.457108497127715,2026-03-16T15:00:45.001000,60,,,
participant_19,1,day,Town10HD_Opt,2026-03-16 15:00:46.204369,68.25377655029297,25.31534576416016,0.0022480764891952,19.152,3.82,0.0,0.0,0,0,1,,0.955,2026-03-16T15:00:46.204369,sad,0.32,2026-03-16T15:00:45.020794,0.5124456867766498,2026-03-16T15:00:46.036000,63,,,
participant_19,1,day,Town10HD_Opt,2026-03-16 15:00:47.084169,71.24223327636719,25.23892593383789,0.0020334620494395,14.846,0.139,0.011,0.0,0,0,1,,1.0,2026-03-16T15:00:47.084169,neutral,0.9,2026-03-16T15:00:47.084169,0.4431352655713735,2026-03-16T15:00:46.981000,68,,,
participant_19,1,day,Town10HD_Opt,2026-03-16 15:00:48.259339,74.2171401977539,25.167490005493164,0.0020170209463685,10.565,0.888,0.011,0.0,0,0,1,,0.835,2026-03-16T15:00:48.259339,neutral,0.9,2026-03-16T15:00:47.084169,0.4937694480078058,2026-03-16T15:00:47.971000,64,,,
participant_19,1,day,Town10HD_Opt,2026-03-16 15:00:49.164129,75.8602294921875,25.140743255615234,0.0019994731992483,8.047,0.035,0.011,0.0,0,0,1,,0.903,2026-03-16T15:00:49.164129,neutral,0.946,2026-03-16T15:00:49.164129,0.4712239654361026,,64,,,
participant_19,1,day,Town10HD_Opt,2026-03-16 15:00:50.019036,77.09668731689453,25.1210880279541,0.0019863124471157,5.94,0.529,0.012,0.0,0,0,1,,0.956,2026-03-16T15:00:50.019036,neutral,0.946,2026-03-16T15:00:49.164129,0.4719964889667719,2026-03-16T15:00:49.996000,65,,,
participant_19,1,day,Town10HD_Opt,2026-03-16 15:00:51.129372,78.23359680175781,25.11000633239746,0.0019415662391111,4.146,0.637,0.0,0.0,0,0,1,,0.915,2026-03-16T15:00:51.129372,neutral,0.946,2026-03-16T15:00:49.164129,0.4963130311222429,2026-03-16T15:00:50.986000,65,,,
participant_19,1,day,Town10HD_Opt,2026-03-16 15:00:52.018302,78.88561248779297,25.10610008239746,0.0019487760728225,3.222,0.764,0.0,0.0,0,0,1,,0.881,2026-03-16T15:00:52.018302,sad,0.539,2026-03-16T15:00:52.018302,0.4055552994376286,2026-03-16T15:00:51.976000,69,,,
participant_19,1,day,Town10HD_Opt,2026-03-16 15:00:53.150864,79.52737426757812,25.10445976257324,0.0019408796215429,2.265,0.764,0.0,0.0,0,0,1,,0.9,2026-03-16T15:00:53.150864,sad,0.539,2026-03-16T15:00:52.018302,0.4117665667163326,2026-03-16T15:00:53.011000,71,,,
participant_19,1,day,Town10HD_Opt,2026-03-16 15:00:53.997468,79.68414306640625,25.104232788085938,0.0019604489207267,0.0,0.75,0.0,0.04,0,0,1,,0.92,2026-03-16T15:00:53.997468,sad,0.539,2026-03-16T15:00:52.018302,0.4329863620533332,2026-03-16T15:00:54.001000,73,,,
participant_19,1,day,Town10HD_Opt,2026-03-16 15:00:55.217421,79.68492889404297,25.104232788085938,0.0019194030901417,0.0,0.757,0.0,0.0,0,0,1,,0.925,2026-03-16T15:00:55.217421,neutral,0.896,2026-03-16T15:00:55.217421,0.4843775778044176,2026-03-16T15:00:55.036000,71,,,
participant_19,1,day,Town10HD_Opt,2026-03-16 15:00:56.095863,79.6849136352539,25.104232788085938,0.0019188307924196,0.006,0.757,0.0,0.0,0,0,1,,0.923,2026-03-16T15:00:56.095863,neutral,0.896,2026-03-16T15:00:55.217421,0.3421135456619315,2026-03-16T15:00:56.028000,67,,,
participant_19,1,day,Town10HD_Opt,2026-03-16 15:00:57.251035,79.68504333496094,25.104232788085938,0.0019188307924196,0.006,0.757,0.0,0.0,0,0,1,,1.0,2026-03-16T15:00:57.251035,neutral,0.885,2026-03-16T15:00:57.251035,0.3785634865566571,2026-03-16T15:00:56.972000,65,,,
participant_19,1,day,Town10HD_Opt,2026-03-16 15:00:58.167314,79.68500518798828,25.104232788085938,0.0019187927246093,0.007,0.757,0.0,0.0,0,0,1,,0.902,2026-03-16T15:00:58.167314,neutral,0.885,2026-03-16T15:00:57.251035,0.3394599402414291,,67,,,
participant_19,1,day,Town10HD_Opt,2026-03-16 15:00:59.053095,79.6851577758789,25.104232788085938,0.001919021597132,0.002,0.757,0.0,0.0,0,0,1,,0.897,2026-03-16T15:00:59.053095,neutral,0.885,2026-03-16T15:00:57.251035,0.2683077647459935,2026-03-16T15:00:58.997000,68,,,
participant_19,1,day,Town10HD_Opt,2026-03-16 15:01:00.166873,79.68526458740234,25.104232788085938,0.001919021597132,0.002,0.757,0.0,0.0,0,0,1,,0.879,2026-03-16T15:01:00.166873,neutral,0.943,2026-03-16T15:01:00.166873,0.3769341814856272,2026-03-16T15:00:59.986000,67,,,
participant_19,1,day,Town10HD_Opt,2026-03-16 15:01:01.046891,79.68549346923828,25.104232788085938,0.0019192122854292,0.001,0.757,0.0,0.0,0,0,1,,0.871,2026-03-16T15:01:01.046891,neutral,0.943,2026-03-16T15:01:00.166873,0.2365823319251786,2026-03-16T15:01:01.021000,67,,,
participant_19,1,day,Town10HD_Opt,2026-03-16 15:01:02.216437,79.68476104736328,25.104232788085938,0.001915359403938,0.204,0.757,0.402,0.0,0,0,1,,0.907,2026-03-16T15:01:02.216437,sad,0.574,2026-03-16T15:01:02.216437,0.3572529318891451,2026-03-16T15:01:02.011000,66,,,
participant_19,1,day,Town10HD_Opt,2026-03-16 15:01:03.137644,80.32420349121094,25.10478782653809,0.0016022121999412,9.128,0.75,0.724,0.0,0,0,1,,0.827,2026-03-16T15:01:03.137644,sad,0.574,2026-03-16T15:01:02.216437,0.2756465722814109,2026-03-16T15:01:03.001000,69,,,
participant_19,1,day,Town10HD_Opt,2026-03-16 15:01:04.030188,82.79351043701172,25.119409561157227,0.0017905820859596,19.439,0.242,0.896,0.0,0,0,1,,0.893,2026-03-16T15:01:04.030188,sad,0.574,2026-03-16T15:01:02.216437,0.2732404273628582,2026-03-16T15:01:03.992000,66,,,
participant_19,1,day,Town10HD_Opt,2026-03-16 15:01:05.181408,88.98787689208984,25.131086349487305,0.0016129700234159,35.684,-5.534,0.75,0.0,0,0,1,,0.833,2026-03-16T15:01:05.181408,neutral,0.681,2026-03-16T15:01:05.181408,0.2128130249802803,2026-03-16T15:01:04.981000,67,,,
participant_19,1,day,Town10HD_Opt,2026-03-16 15:01:06.123567,95.51789093017578,23.962047576904297,0.001989250537008,39.125,-12.171,0.47,0.0,0,0,1,,0.917,2026-03-16T15:01:06.123567,neutral,0.681,2026-03-16T15:01:05.181408,0.310465208065792,2026-03-16T15:01:05.972000,64,,,
participant_19,1,day,Town10HD_Opt,2026-03-16 15:01:07.224767,102.87320709228516,18.78555679321289,0.0020869825966656,38.574,-11.916,0.362,0.0,0,0,1,,0.896,2026-03-16T15:01:07.224767,neutral,0.715,2026-03-16T15:01:07.224767,0.2568742885755141,,61,,,
participant_19,1,day,Town10HD_Opt,2026-03-16 15:01:08.046859,106.09390258789062,13.079447746276855,0.0021276851184666,36.563,-10.434,0.379,0.0,0,0,1,,0.913,2026-03-16T15:01:08.046859,neutral,0.715,2026-03-16T15:01:07.224767,0.2668701175328108,2026-03-16T15:01:07.997000,65,,,
participant_19,1,day,Town10HD_Opt,2026-03-16 15:01:09.197839,107.57406616210938,4.815544128417969,0.002055702265352,35.884,-2.624,0.408,0.0,0,0,1,,0.886,2026-03-16T15:01:09.197839,neutral,0.715,2026-03-16T15:01:07.224767,0.2070071203029253,2026-03-16T15:01:08.987000,65,,,
participant_19,1,day,Town10HD_Opt,2026-03-16 15:01:10.061017,107.83363342285156,-1.4474178552627563,0.0020486449357122,35.712,-0.275,0.41,0.0,0,0,1,,0.925,2026-03-16T15:01:10.061017,neutral,0.816,2026-03-16T15:01:10.061017,0.2271232401141736,2026-03-16T15:01:09.976000,67,,,
participant_19,1,day,Town10HD_Opt,2026-03-16 15:01:11.191750,107.99604034423828,-9.781139373779297,0.0020371244754642,35.815,-0.952,0.425,0.0,0,0,1,,0.905,2026-03-16T15:01:11.191750,neutral,0.816,2026-03-16T15:01:10.061017,0.2312287256720679,2026-03-16T15:01:11.012000,68,,,
participant_19,1,day,Town10HD_Opt,2026-03-16 15:01:12.024399,107.92088317871094,-16.06812286376953,0.00203632353805,36.039,-1.518,0.425,0.0,0,0,1,,0.906,2026-03-16T15:01:12.024399,neutral,0.816,2026-03-16T15:01:10.061017,0.2480581364573126,2026-03-16T15:01:12.001000,70,,,
participant_19,1,day,Town10HD_Opt,2026-03-16 15:01:13.159858,107.27996063232422,-24.472675323486328,0.0020396041218191,36.234,-3.467,0.425,0.0,0,0,1,,0.878,2026-03-16T15:01:13.159858,neutral,0.697,2026-03-16T15:01:13.159858,0.254785899137557,2026-03-16T15:01:12.991000,68,,,
participant_19,1,day,Town10HD_Opt,2026-03-16 15:01:14.077165,106.06153869628906,-30.704545974731445,0.0020406723488122,36.359,-3.149,0.425,0.0,0,0,1,,0.88,2026-03-16T15:01:14.077165,neutral,0.697,2026-03-16T15:01:13.159858,0.2063032553917119,2026-03-16T15:01:13.981000,70,,,
participant_19,1,day,Town10HD_Opt,2026-03-16 15:01:15.221632,103.42292785644533,-38.7774772644043,0.0020433806348592,36.475,-4.674,0.425,0.0,0,0,1,,0.829,2026-03-16T15:01:15.221632,neutral,0.51,2026-03-16T15:01:15.221632,0.2657200886115596,2026-03-16T15:01:15.017000,68,,,
participant_19,1,day,Town10HD_Opt,2026-03-16 15:01:16.094497,100.4979019165039,-44.44886016845703,0.0020456314086914,36.514,-5.212,0.425,0.0,0,0,1,,0.848,2026-03-16T15:01:16.094497,neutral,0.51,2026-03-16T15:01:15.221632,0.3041509473114601,,71,,,
participant_19,1,day,Town10HD_Opt,2026-03-16 15:01:17.202424,95.2579345703125,-51.15541076660156,0.0020455168560147,36.568,-4.518,0.425,0.0,0,0,1,,0.841,2026-03-16T15:01:17.202424,neutral,0.51,2026-03-16T15:01:15.221632,0.2841901787064445,2026-03-16T15:01:16.996000,74,,,
participant_19,1,day,Town10HD_Opt,2026-03-16 15:01:18.065143,90.53016662597656,-55.473411560058594,0.0020432663150131,36.644,-4.296,0.426,0.0,0,0,1,,0.802,2026-03-16T15:01:18.065143,neutral,0.627,2026-03-16T15:01:18.065143,0.2269337599171428,2026-03-16T15:01:17.986000,69,,,
participant_19,1,day,Town10HD_Opt,2026-03-16 15:01:18.994672,85.26150512695312,-59.13471221923828,0.002031059237197,37.069,-4.379,0.637,0.0,0,0,1,,0.809,2026-03-16T15:01:18.994672,neutral,0.627,2026-03-16T15:01:18.065143,0.2684465026534644,2026-03-16T15:01:18.979000,68,,,
participant_19,1,day,Town10HD_Opt,2026-03-16 15:01:20.112054,76.71580505371094,-63.14703369140625,0.001869736239314,44.455,-4.235,0.622,0.0,0,0,1,,0.832,2026-03-16T15:01:20.112054,neutral,0.687,2026-03-16T15:01:20.112054,0.346981588080646,2026-03-16T15:01:20.011000,69,,,
participant_19,1,day,Town10HD_Opt,2026-03-16 15:01:21.248979,66.17825317382812,-65.71723175048828,0.001978340325877,48.154,-3.346,0.503,0.0,0,0,1,,0.866,2026-03-16T15:01:21.248979,neutral,0.687,2026-03-16T15:01:20.112054,0.3088372459578126,2026-03-16T15:01:21.001000,69,,,
participant_19,1,day,Town10HD_Opt,2026-03-16 15:01:22.148642,57.78423690795898,-66.42317199707031,0.0020535278599709,47.941,-0.651,0.437,0.0,0,0,1,,0.847,2026-03-16T15:01:22.148642,neutral,0.471,2026-03-16T15:01:22.148642,0.3471229389986275,2026-03-16T15:01:21.991000,67,,,
participant_19,1,day,Town10HD_Opt,2026-03-16 15:01:23.071398,49.497703552246094,-66.7614974975586,0.0020863339304924,46.636,0.061,0.428,0.0,0,0,1,,1.0,2026-03-16T15:01:23.071398,neutral,0.471,2026-03-16T15:01:22.148642,0.2553382690026343,2026-03-16T15:01:22.982000,67,,,
participant_19,1,day,Town10HD_Opt,2026-03-16 15:01:23.993417,41.44744110107422,-67.11254119873047,0.0020829390268772,45.365,-0.251,0.428,0.0,0,0,1,,0.845,2026-03-16T15:01:23.993417,neutral,0.471,2026-03-16T15:01:22.148642,0.3359178225215111,2026-03-16T15:01:24.018000,71,,,
participant_19,1,day,Town10HD_Opt,2026-03-16 15:01:25.215720,31.025447845458984,-67.45703887939453,0.0020750807598233,43.914,-0.244,0.428,0.0,0,0,1,,0.838,2026-03-16T15:01:25.215720,neutral,0.586,2026-03-16T15:01:25.215720,0.4401697052555139,,69,,,
participant_19,1,day,Town10HD_Opt,2026-03-16 15:01:26.161781,23.404342651367188,-67.62654113769531,0.0020705030765384,43.091,-0.249,0.428,0.0,0,0,1,,0.869,2026-03-16T15:01:26.161781,neutral,0.586,2026-03-16T15:01:25.215720,0.4717355079694612,2026-03-16T15:01:25.996000,72,,,
participant_19,1,day,Town10HD_Opt,2026-03-16 15:01:27.066629,15.941645622253418,-67.7242202758789,0.00211917841807,41.187,-0.188,0.001,0.0,0,0,1,,0.898,2026-03-16T15:01:27.066629,neutral,0.586,2026-03-16T15:01:25.215720,0.4276438128558703,2026-03-16T15:01:26.986000,69,,,
participant_19,1,day,Town10HD_Opt,2026-03-16 15:01:28.020002,9.42021369934082,-67.76714324951172,0.0023239888250827,32.425,-0.054,0.0,0.0,0,0,1,,1.0,2026-03-16T15:01:28.020002,neutral,0.748,2026-03-16T15:01:28.020002,0.4231158067871077,2026-03-16T15:01:28.022000,68,,,
participant_19,1,day,Town10HD_Opt,2026-03-16 15:01:29.182222,2.964785099029541,-67.80494689941406,0.0022692482452839,22.977,0.031,0.0,0.0,0,0,1,,1.0,2026-03-16T15:01:29.182222,neutral,0.748,2026-03-16T15:01:28.020002,0.4540090896488132,2026-03-16T15:01:29.057000,70,,,
participant_19,1,day,Town10HD_Opt,2026-03-16 15:01:30.052831,-0.5196934342384338,-67.82923889160156,0.0019729607738554,17.192,-0.035,0.0,0.0,0,0,1,,0.815,2026-03-16T15:01:30.052831,fear,0.342,2026-03-16T15:01:30.052831,0.4384644090191462,2026-03-16T15:01:30.002000,66,,,
participant_19,1,day,Town10HD_Opt,2026-03-16 15:01:31.187192,-4.104902267456055,-67.8548355102539,0.0019344710744917,14.696,0.016,0.267,0.0,0,0,1,,0.83,2026-03-16T15:01:31.187192,fear,0.342,2026-03-16T15:01:30.052831,0.4395507545655414,2026-03-16T15:01:30.991000,64,,,
participant_19,1,day,Town10HD_Opt,2026-03-16 15:01:32.016108,-6.754519462585449,-67.8747329711914,0.0018892289372161,15.611,0.021,0.264,0.0,0,0,1,,0.819,2026-03-16T15:01:32.016108,fear,0.342,2026-03-16T15:01:30.052831,0.4756539724387881,2026-03-16T15:01:31.982000,66,,,
participant_19,1,day,Town10HD_Opt,2026-03-16 15:01:33.125796,-10.490689277648926,-67.9041519165039,0.0019048309186473,16.337,0.005,0.254,0.0,0,0,1,,1.0,2026-03-16T15:01:33.125796,neutral,0.861,2026-03-16T15:01:33.125796,0.4702691175260072,2026-03-16T15:01:33.016000,62,,,
participant_19,1,day,Town10HD_Opt,2026-03-16 15:01:34.242357,-14.349130630493164,-67.93312072753906,0.0019100952195003,16.722,0.012,0.224,0.0,0,0,1,,0.865,2026-03-16T15:01:34.242357,neutral,0.861,2026-03-16T15:01:33.125796,0.4791892714513504,2026-03-16T15:01:34.007000,63,,,
participant_19,1,day,Town10HD_Opt,2026-03-16 15:01:35.099344,-17.075355529785156,-67.95460510253906,0.0020332331769168,13.62,0.045,0.0,0.0,0,0,1,,1.0,2026-03-16T15:01:35.099344,neutral,0.861,2026-03-16T15:01:33.125796,0.544747960313097,2026-03-16T15:01:34.996000,62,,,
participant_19,1,day,Town10HD_Opt,2026-03-16 15:01:36.232728,-19.71009063720703,-67.97724151611328,0.0020579523406922,8.094,0.045,0.0,0.204,0,0,1,,0.843,2026-03-16T15:01:36.232728,fear,0.596,2026-03-16T15:01:36.232728,0.5220074760519977,2026-03-16T15:01:35.987000,61,,,
participant_19,1,day,Town10HD_Opt,2026-03-16 15:01:37.069045,-20.740398406982425,-67.98697662353516,0.0023971158079802,0.001,0.035,0.0,0.203,0,0,1,,1.0,2026-03-16T15:01:37.069045,fear,0.596,2026-03-16T15:01:36.232728,0.3257985579576057,2026-03-16T15:01:36.976000,61,,,
participant_19,1,day,Town10HD_Opt,2026-03-16 15:01:38.131968,-20.740936279296875,-67.98698425292969,0.0019260788103565,0.001,0.035,0.0,0.0,0,0,1,,0.815,2026-03-16T15:01:38.131968,fear,0.596,2026-03-16T15:01:36.232728,0.306145094646699,2026-03-16T15:01:38.012000,61,,,
participant_19,1,day,Town10HD_Opt,2026-03-16 15:01:38.989859,-20.740812301635746,-67.98698425292969,0.0019190978491678,0.002,0.035,0.0,0.0,0,0,1,,0.848,2026-03-16T15:01:38.989859,neutral,0.806,2026-03-16T15:01:38.989859,0.3117737856224367,2026-03-16T15:01:39.047000,58,,,
participant_19,1,day,Town10HD_Opt,2026-03-16 15:01:40.107823,-20.739925384521484,-67.98698425292969,0.001917190500535,0.147,0.035,0.251,0.0,0,0,1,,0.827,2026-03-16T15:01:40.107823,neutral,0.806,2026-03-16T15:01:38.989859,0.3382527617195799,2026-03-16T15:01:39.991000,58,,,
participant_19,1,day,Town10HD_Opt,2026-03-16 15:01:41.184835,-20.896085739135746,-67.98828125,0.0019115447066724,0.86,0.035,0.069,0.0,0,0,1,,0.856,2026-03-16T15:01:41.184835,neutral,0.632,2026-03-16T15:01:41.184835,0.3399467087221409,2026-03-16T15:01:40.981000,62,,,
participant_19,1,day,Town10HD_Opt,2026-03-16 15:01:42.059667,-21.09718894958496,-67.9899673461914,0.0018818284152075,1.773,0.035,0.31,0.0,0,0,1,,1.0,2026-03-16T15:01:42.059667,neutral,0.632,2026-03-16T15:01:41.184835,0.3174644264463624,2026-03-16T15:01:42.017000,61,,,
participant_19,1,day,Town10HD_Opt,2026-03-16 15:01:43.214965,-22.14141845703125,-67.99874114990234,0.0017728047678247,7.92,-0.002,0.454,0.0,0,0,1,,0.826,2026-03-16T15:01:43.214965,neutral,0.616,2026-03-16T15:01:43.214965,0.404731492732406,2026-03-16T15:01:43.007000,60,,,
participant_19,1,day,Town10HD_Opt,2026-03-16 15:01:44.079622,-23.97955322265625,-68.01232147216797,0.0016312036896124,15.323,-0.087,0.825,0.0,0,0,1,,0.83,2026-03-16T15:01:44.079622,neutral,0.616,2026-03-16T15:01:43.214965,0.3914898049466055,2026-03-16T15:01:43.997000,62,,,
participant_19,1,day,Town10HD_Opt,2026-03-16 15:01:45.216461,-28.94577980041504,-68.04150390625,0.0016964352689683,29.156,-0.136,0.773,0.0,0,0,1,,0.846,2026-03-16T15:01:45.216461,neutral,0.471,2026-03-16T15:01:45.216461,0.40885787321924,2026-03-16T15:01:45.077000,59,,,
participant_19,1,day,Town10HD_Opt,2026-03-16 15:01:46.075761,-34.757568359375,-68.04891204833984,0.0017246258212253,38.467,-0.228,0.755,0.0,0,0,1,,0.915,2026-03-16T15:01:46.075761,neutral,0.471,2026-03-16T15:01:45.216461,0.3867023726773055,2026-03-16T15:01:46.022000,62,,,
participant_19,1,day,Town10HD_Opt,2026-03-16 15:01:47.145906,-44.89302444458008,-67.98835754394531,0.0023667160421609,49.199,-0.012,0.741,0.0,0,0,1,,1.0,2026-03-16T15:01:47.145906,neutral,0.471,2026-03-16T15:01:45.216461,0.399279795188113,2026-03-16T15:01:47.012000,60,,,
participant_19,1,day,Town10HD_Opt,2026-03-16 15:01:48.022499,-53.59748840332031,-67.89257049560547,0.0021225733216851,47.931,-1.678,0.716,0.0,0,0,1,,1.0,2026-03-16T15:01:48.022499,neutral,0.83,2026-03-16T15:01:48.022499,0.4459020304191805,2026-03-16T15:01:48.001000,60,,,
participant_19,1,day,Town10HD_Opt,2026-03-16 15:01:49.240407,-65.11067962646484,-67.02336883544922,0.0021387478336691,48.983,-0.801,0.672,0.0,0,0,1,,0.898,2026-03-16T15:01:49.240407,neutral,0.83,2026-03-16T15:01:48.022499,0.4050491486802639,2026-03-16T15:01:48.991000,61,,,
participant_19,1,day,Town10HD_Opt,2026-03-16 15:01:50.146401,-73.76146697998047,-65.83180236816406,0.0021534343250095,48.346,-2.033,0.657,0.0,0,0,1,,0.92,2026-03-16T15:01:50.146401,neutral,0.886,2026-03-16T15:01:50.146401,0.4817571876866646,2026-03-16T15:01:49.981000,58,,,
participant_19,1,day,Town10HD_Opt,2026-03-16 15:01:51.012090,-82.10183715820312,-63.96112060546875,0.001940231770277,50.697,-5.319,0.0,0.0,0,0,1,,0.938,2026-03-16T15:01:51.012090,neutral,0.886,2026-03-16T15:01:50.146401,0.4161466666043165,2026-03-16T15:01:51.019000,61,,,
participant_19,1,day,Town10HD_Opt,2026-03-16 15:01:52.171675,-92.59707641601562,-58.99717712402344,0.0019722750876098,50.499,-5.392,0.0,0.0,0,0,1,,0.945,2026-03-16T15:01:52.171675,neutral,0.617,2026-03-16T15:01:52.171675,0.5375590549962762,2026-03-16T15:01:52.007000,60,,,
participant_19,1,day,Town10HD_Opt,2026-03-16 15:01:53.056614,-99.28880310058594,-53.46242904663086,0.0019668580498546,50.799,-5.872,0.0,0.0,0,0,1,,0.921,2026-03-16T15:01:53.056614,neutral,0.617,2026-03-16T15:01:52.171675,0.5271582762582186,2026-03-16T15:01:52.997000,64,,,
participant_19,1,day,Town10HD_Opt,2026-03-16 15:01:54.240571,-105.82429504394533,-44.03208923339844,0.0019499210175126,50.707,-5.371,0.0,0.0,0,0,1,,0.903,2026-03-16T15:01:54.240571,neutral,0.929,2026-03-16T15:01:54.240571,0.4773158926591456,2026-03-16T15:01:53.987000,64,,,
participant_19,1,day,Town10HD_Opt,2026-03-16 15:01:55.163216,-108.67607879638672,-36.30740737915039,0.0023762881755828,41.383,-4.763,0.0,0.0,0,0,1,,0.885,2026-03-16T15:01:55.163216,neutral,0.929,2026-03-16T15:01:54.240571,0.4278917448652732,2026-03-16T15:01:54.977000,65,,,
participant_19,1,day,Town10HD_Opt,2026-03-16 15:01:56.127710,-109.7591552734375,-29.951040267944336,0.002342642750591,31.921,-3.794,0.0,0.0,0,0,1,,0.95,2026-03-16T15:01:56.127710,neutral,0.929,2026-03-16T15:01:54.240571,0.4533808827050946,2026-03-16T15:01:56.012000,67,,,
participant_19,1,day,Town10HD_Opt,2026-03-16 15:01:57.071169,-110.04447174072266,-24.98578643798828,0.0022822560276836,24.434,-1.149,0.0,0.0,0,0,1,,0.933,2026-03-16T15:01:57.071169,neutral,0.708,2026-03-16T15:01:57.071169,0.4855874340159217,2026-03-16T15:01:57.002000,66,,,
participant_19,1,day,Town10HD_Opt,2026-03-16 15:01:58.043821,-110.13609313964844,-21.218305587768555,0.0022413246333599,18.222,0.141,0.0,0.0,0,0,1,,0.881,2026-03-16T15:01:58.043821,neutral,0.708,2026-03-16T15:01:57.071169,0.4192115520770033,2026-03-16T15:01:58.037000,64,,,
participant_19,1,day,Town10HD_Opt,2026-03-16 15:01:59.055355,-110.20077514648438,-18.34329032897949,0.002042960608378,14.223,0.031,0.0,0.0,0,0,1,,0.829,2026-03-16T15:01:59.055355,neutral,0.708,2026-03-16T15:01:57.071169,0.3860553076946639,2026-03-16T15:01:58.983000,67,,,
participant_19,1,day,Town10HD_Opt,2026-03-16 15:02:00.250408,-110.26207733154295,-15.490510940551758,0.0019836041610687,10.622,-0.36,0.089,0.0,0,0,1,,1.0,2026-03-16T15:02:00.250408,neutral,0.826,2026-03-16T15:02:00.250408,0.3794741345819167,2026-03-16T15:02:00.107000,65,,,
participant_19,1,day,Town10HD_Opt,2026-03-16 15:02:01.136035,-110.28915405273438,-13.741764068603516,0.0019638058729469,9.25,-0.416,0.083,0.0,0,0,1,,0.833,2026-03-16T15:02:01.136035,neutral,0.826,2026-03-16T15:02:00.250408,0.4309335718967136,,64,,,
participant_19,1,day,Town10HD_Opt,2026-03-16 15:02:02.059156,-110.30738830566406,-12.21972370147705,0.0019569776486605,8.004,-0.355,0.083,0.0,0,0,1,,0.863,2026-03-16T15:02:02.059156,neutral,0.826,2026-03-16T15:02:00.250408,0.4705798993345086,2026-03-16T15:02:01.997000,63,,,
participant_19,1,day,Town10HD_Opt,2026-03-16 15:02:03.272810,-110.3253402709961,-10.484682083129885,0.0019496533786877,6.711,-0.063,0.082,0.0,0,0,1,,1.0,2026-03-16T15:02:03.272810,neutral,0.868,2026-03-16T15:02:03.272810,0.4208849269497043,2026-03-16T15:02:02.986000,64,,,
participant_19,1,day,Town10HD_Opt,2026-03-16 15:02:04.154801,-110.33660125732422,-9.367720603942873,0.0019449995597824,5.95,-0.155,0.082,0.0,0,0,1,,0.893,2026-03-16T15:02:04.154801,neutral,0.868,2026-03-16T15:02:03.272810,0.4095039402787452,2026-03-16T15:02:03.977000,64,,,
participant_19,1,day,Town10HD_Opt,2026-03-16 15:02:05.059299,-110.34532928466795,-8.382349967956543,0.0019409558735787,5.264,-0.155,0.082,0.0,0,0,1,,0.864,2026-03-16T15:02:05.059299,neutral,0.868,2026-03-16T15:02:03.272810,0.3950113200497435,2026-03-16T15:02:05.058000,61,,,
participant_19,1,day,Town10HD_Opt,2026-03-16 15:02:06.256487,-110.3543701171875,-7.239467620849609,0.0019375229021534,4.464,-0.155,0.083,0.0,0,0,1,,0.892,2026-03-16T15:02:06.256487,neutral,0.779,2026-03-16T15:02:06.256487,0.4720295325660333,2026-03-16T15:02:06.002000,64,,,
participant_19,1,day,Town10HD_Opt,2026-03-16 15:02:07.221932,-110.35972595214844,-6.491695404052734,0.0019338988931849,4.024,-0.155,0.083,0.0,0,0,1,,0.897,2026-03-16T15:02:07.221932,neutral,0.779,2026-03-16T15:02:06.256487,0.4887715132098464,2026-03-16T15:02:06.991000,66,,,
participant_19,1,day,Town10HD_Opt,2026-03-16 15:02:08.077858,-110.3640594482422,-5.8147711753845215,0.0019277571700513,3.908,-0.155,0.0,0.0,0,0,1,,0.838,2026-03-16T15:02:08.077858,neutral,0.779,2026-03-16T15:02:06.256487,0.3685516386998871,2026-03-16T15:02:07.982000,65,,,
participant_19,1,day,Town10HD_Opt,2026-03-16 15:02:09.022699,-110.36570739746094,-5.527390480041504,0.0019947811961174,0.0,-0.155,0.0,0.049,0,0,1,,0.85,2026-03-16T15:02:09.022699,neutral,0.594,2026-03-16T15:02:09.022699,0.4018997919581392,2026-03-16T15:02:09.017000,65,,,
participant_19,1,day,Town10HD_Opt,2026-03-16 15:02:10.175785,-110.36570739746094,-5.526575088500977,0.001919784466736,0.007,-0.155,0.0,0.0,0,0,1,,0.862,2026-03-16T15:02:10.175785,neutral,0.594,2026-03-16T15:02:09.022699,0.5193484617218309,2026-03-16T15:02:10.007000,62,,,
participant_19,1,day,Town10HD_Opt,2026-03-16 15:02:11.047953,-110.36570739746094,-5.526594638824463,0.0019187927246093,0.006,-0.134,0.0,0.0,0,0,1,,1.0,2026-03-16T15:02:11.047953,neutral,0.795,2026-03-16T15:02:11.047953,0.3454439800300851,2026-03-16T15:02:10.997000,66,,,
participant_19,1,day,Town10HD_Opt,2026-03-16 15:02:12.239754,-110.36570739746094,-5.526492595672607,0.0019187927246093,0.006,-0.132,0.0,0.0,0,0,1,,1.0,2026-03-16T15:02:12.239754,neutral,0.795,2026-03-16T15:02:11.047953,0.3658720235357148,2026-03-16T15:02:11.987000,63,,,
participant_19,1,day,Town10HD_Opt,2026-03-16 15:02:13.138897,-110.36570739746094,-5.526559829711914,0.0019189452286809,0.006,-0.115,0.0,0.0,0,0,1,,0.864,2026-03-16T15:02:13.138897,neutral,0.586,2026-03-16T15:02:13.138897,0.4897344319634119,2026-03-16T15:02:12.977000,64,,,
participant_19,1,day,Town10HD_Opt,2026-03-16 15:02:14.044328,-110.36570739746094,-5.526400089263916,0.0019190978491678,0.002,-0.082,0.0,0.0,0,0,1,,0.88,2026-03-16T15:02:14.044328,neutral,0.586,2026-03-16T15:02:13.138897,0.4623966352279846,2026-03-16T15:02:14.012000,60,,,
participant_19,1,day,Town10HD_Opt,2026-03-16 15:02:15.261664,-110.36570739746094,-5.52631950378418,0.0019190596649423,0.002,-0.073,0.0,0.0,0,0,1,,0.913,2026-03-16T15:02:15.261664,neutral,0.83,2026-03-16T15:02:15.261664,0.4317538823912147,2026-03-16T15:02:15.005000,64,,,
participant_19,1,day,Town10HD_Opt,2026-03-16 15:02:16.217997,-110.36570739746094,-5.526111125946045,0.0019192122854292,0.001,-0.038,0.0,0.0,0,0,1,,1.0,2026-03-16T15:02:16.217997,neutral,0.83,2026-03-16T15:02:15.261664,0.4186268722130511,2026-03-16T15:02:15.992000,62,,,
participant_19,1,day,Town10HD_Opt,2026-03-16 15:02:17.144773,-110.36570739746094,-5.526084899902344,0.0019189071608707,0.006,0.002,0.0,0.0,0,0,1,,0.855,2026-03-16T15:02:17.144773,neutral,0.83,2026-03-16T15:02:15.261664,0.412993629703929,2026-03-16T15:02:16.982000,64,,,
participant_19,1,day,Town10HD_Opt,2026-03-16 15:02:18.068889,-110.36570739746094,-5.526141166687012,0.0019187163561582,0.006,0.054,0.0,0.0,0,0,1,,0.909,2026-03-16T15:02:18.068889,neutral,0.896,2026-03-16T15:02:18.068889,0.3952881984325342,2026-03-16T15:02:18.017000,62,,,
participant_19,1,day,Town10HD_Opt,2026-03-16 15:02:19.021592,-110.36570739746094,-5.5260748863220215,0.0019189834129065,0.002,0.054,0.0,0.0,0,0,1,,1.0,2026-03-16T15:02:19.021592,neutral,0.896,2026-03-16T15:02:18.068889,0.4889362632961739,2026-03-16T15:02:19.008000,64,,,
participant_19,1,day,Town10HD_Opt,2026-03-16 15:02:20.188183,-110.36691284179688,-5.377023696899414,0.0016407022485509,5.711,0.078,1.0,0.0,0,0,1,,0.845,2026-03-16T15:02:20.188183,neutral,0.674,2026-03-16T15:02:20.188183,0.5011071665306633,2026-03-16T15:02:19.997000,61,,,
participant_19,1,day,Town10HD_Opt,2026-03-16 15:02:21.173368,-110.38632202148438,-3.0926735401153564,0.0016743867890909,20.773,0.082,1.0,0.0,0,0,1,,0.902,2026-03-16T15:02:21.173368,neutral,0.674,2026-03-16T15:02:20.188183,0.4579520869180108,2026-03-16T15:02:20.987000,65,,,
participant_19,1,day,Town10HD_Opt,2026-03-16 15:02:22.081695,-110.43402099609376,1.74998140335083,0.0015103931073099,36.495,0.082,0.932,0.0,0,0,1,,0.887,2026-03-16T15:02:22.081695,neutral,0.674,2026-03-16T15:02:20.188183,0.4501293012371742,2026-03-16T15:02:21.977000,61,,,
participant_19,1,day,Town10HD_Opt,2026-03-16 15:02:23.038480,-110.39911651611328,8.908342361450195,0.0019865802023559,41.582,-4.957,0.0,0.0,0,0,1,,1.0,2026-03-16T15:02:23.038480,neutral,0.531,2026-03-16T15:02:23.038480,0.4508634874901712,2026-03-16T15:02:23.012000,62,,,
participant_19,1,day,Town10HD_Opt,2026-03-16 15:02:24.012730,-109.35578918457033,15.318743705749512,0.0023493184708058,32.099,-11.868,0.0,0.0,0,0,1,,0.928,2026-03-16T15:02:24.012730,neutral,0.531,2026-03-16T15:02:23.038480,0.4313268059139687,2026-03-16T15:02:24.004000,64,,,
participant_19,1,day,Town10HD_Opt,2026-03-16 15:02:25.286547,-106.19241333007812,20.75029754638672,0.0022940435446798,22.019,-14.043,0.0,0.0,0,0,1,,0.875,2026-03-16T15:02:25.286547,neutral,0.619,2026-03-16T15:02:25.286547,0.3949046468657729,2026-03-16T15:02:24.993000,63,,,
participant_19,1,day,Town10HD_Opt,2026-03-16 15:02:26.234298,-103.58783721923828,22.90735626220703,0.0019749826751649,16.82,-13.251,0.0,0.0,0,0,1,,0.924,2026-03-16T15:02:26.234298,neutral,0.619,2026-03-16T15:02:25.286547,0.3570900159491302,2026-03-16T15:02:25.982000,60,,,
participant_19,1,day,Town10HD_Opt,2026-03-16 15:02:27.206390,-101.26416778564452,24.10556602478028,0.0020479196682572,12.921,-11.622,0.0,0.0,0,0,1,,0.931,2026-03-16T15:02:27.206390,neutral,0.619,2026-03-16T15:02:25.286547,0.4066868060628349,2026-03-16T15:02:27.152000,61,,,
participant_19,1,day,Town10HD_Opt,2026-03-16 15:02:28.205121,-99.35586547851562,24.773983001708984,0.0019794462714344,10.887,-10.694,0.527,0.0,0,0,1,,0.921,2026-03-16T15:02:28.205121,neutral,0.726,2026-03-16T15:02:28.205121,0.3259391810873043,2026-03-16T15:02:28.007000,63,,,
participant_19,1,day,Town10HD_Opt,2026-03-16 15:02:29.247656,-96.78392028808594,25.33036231994629,0.0018276607152074,20.879,-10.757,0.905,0.0,0,0,1,,0.896,2026-03-16T15:02:29.247656,neutral,0.726,2026-03-16T15:02:28.205121,0.3746610123741299,2026-03-16T15:02:28.998000,65,,,
participant_19,1,day,Town10HD_Opt,2026-03-16 15:02:30.291434,-92.34800720214844,25.53915977478028,0.001864090678282,28.367,-5.399,0.0,0.0,0,0,1,,0.945,2026-03-16T15:02:30.291434,neutral,0.406,2026-03-16T15:02:30.291434,0.3461449120714278,2026-03-16T15:02:29.990000,65,,,
participant_19,1,day,Town10HD_Opt,2026-03-16 15:02:31.017303,-89.22985076904297,25.36375999450684,0.0022072594147175,24.387,-0.021,0.0,0.0,0,0,1,,0.902,2026-03-16T15:02:31.017303,neutral,0.406,2026-03-16T15:02:30.291434,0.4091156518531487,2026-03-16T15:02:30.978000,63,,,
participant_19,1,day,Town10HD_Opt,2026-03-16 15:02:32.027660,-85.41360473632812,25.17880630493164,0.0021758647635579,19.79,0.498,0.195,0.0,0,0,1,,1.0,2026-03-16T15:02:32.027660,neutral,0.406,2026-03-16T15:02:30.291434,0.4378657347299637,2026-03-16T15:02:32.012000,64,,,
participant_19,1,day,Town10HD_Opt,2026-03-16 15:02:33.066061,-82.18074035644531,25.01578712463379,0.0018607327947393,17.504,-0.949,0.13,0.0,0,0,1,,0.852,2026-03-16T15:02:33.066061,neutral,0.603,2026-03-16T15:02:33.066061,0.4572653477764619,2026-03-16T15:02:33.002000,63,,,
participant_19,1,day,Town10HD_Opt,2026-03-16 15:02:34.044303,-79.26007080078125,24.820045471191406,0.0019694135989993,15.839,-0.768,0.166,0.0,0,0,1,,0.877,2026-03-16T15:02:34.044303,neutral,0.603,2026-03-16T15:02:33.066061,0.502830341391953,2026-03-16T15:02:33.992000,64,,,
participant_19,1,day,Town10HD_Opt,2026-03-16 15:02:35.103681,-76.59597778320312,24.620874404907227,0.0019654082134366,14.494,1.206,0.13,0.0,0,0,1,,0.926,2026-03-16T15:02:35.103681,neutral,0.849,2026-03-16T15:02:35.103681,0.3468117971465857,2026-03-16T15:02:35.027000,65,,,
participant_19,1,day,Town10HD_Opt,2026-03-16 15:02:36.089740,-74.17540740966797,24.513107299804688,0.0019633099436759,13.109,2.426,0.129,0.0,0,0,1,,0.918,2026-03-16T15:02:36.089740,neutral,0.849,2026-03-16T15:02:35.103681,0.4537177002990468,2026-03-16T15:02:36.017000,63,,,
participant_19,1,day,Town10HD_Opt,2026-03-16 15:02:37.077837,-71.9744873046875,24.471866607666016,0.0019551084842532,11.98,1.631,0.129,0.0,0,0,1,,0.941,2026-03-16T15:02:37.077837,neutral,0.849,2026-03-16T15:02:35.103681,0.4981592965590405,2026-03-16T15:02:37.007000,65,,,
participant_19,1,day,Town10HD_Opt,2026-03-16 15:02:38.052879,-70.04838562011719,24.46922874450684,0.0020126339513808,9.424,1.622,0.0,0.047,0,0,1,,0.926,2026-03-16T15:02:38.052879,neutral,0.702,2026-03-16T15:02:38.052879,0.4922388644276139,2026-03-16T15:02:37.997000,65,,,
participant_19,1,day,Town10HD_Opt,2026-03-16 15:02:38.994774,-68.63101959228516,24.48903465270996,0.0020114895887672,6.396,1.608,0.0,0.07,0,0,1,,0.875,2026-03-16T15:02:38.994774,neutral,0.702,2026-03-16T15:02:38.052879,0.5059433433620435,2026-03-16T15:02:38.988000,67,,,
participant_19,1,day,Town10HD_Opt,2026-03-16 15:02:40.264151,-68.015869140625,24.503341674804688,0.0019911571871489,0.0,1.605,0.0,0.063,0,0,1,,0.937,2026-03-16T15:02:40.264151,neutral,0.773,2026-03-16T15:02:40.264151,0.4023985643436791,2026-03-16T15:02:40.022000,67,,,
participant_19,1,day,Town10HD_Opt,2026-03-16 15:02:41.248245,-68.01570129394531,24.50335693359375,0.0019215393112972,0.001,1.565,0.0,0.0,0,0,1,,0.948,2026-03-16T15:02:41.248245,neutral,0.773,2026-03-16T15:02:40.264151,0.4908955129021226,2026-03-16T15:02:41.012000,66,,,
participant_19,1,day,Town10HD_Opt,2026-03-16 15:02:42.178584,-67.79692077636719,24.50926780700684,0.0015783321578055,6.899,1.396,1.0,0.0,0,0,1,,0.922,2026-03-16T15:02:42.178584,neutral,0.773,2026-03-16T15:02:40.264151,0.4988764357445239,2026-03-16T15:02:42.002000,61,,,
participant_19,1,day,Town10HD_Opt,2026-03-16 15:02:43.163339,-65.31295013427734,24.587820053100582,0.0017108551692217,22.415,0.738,1.0,0.0,0,0,1,,0.913,2026-03-16T15:02:43.163339,neutral,0.921,2026-03-16T15:02:43.163339,0.5190100409779841,2026-03-16T15:02:43.038000,62,,,
participant_19,1,day,Town10HD_Opt,2026-03-16 15:02:44.074821,-60.262298583984375,24.756561279296875,0.001476633013226,37.808,-0.134,1.0,0.0,0,0,1,,0.916,2026-03-16T15:02:44.074821,neutral,0.921,2026-03-16T15:02:43.163339,0.4670587936533592,2026-03-16T15:02:44.027000,62,,,
participant_19,1,day,Town10HD_Opt,2026-03-16 15:02:45.003139,-52.48263168334961,25.03622436523437,0.0015376299852505,51.664,0.508,0.0,0.166,0,0,1,,0.872,2026-03-16T15:02:45.003139,neutral,0.921,2026-03-16T15:02:43.163339,0.479099429806867,2026-03-16T15:02:45.018000,61,,,
participant_19,1,day,Town10HD_Opt,2026-03-16 15:02:46.166432,-40.65616607666016,25.72431373596192,0.0019659425597637,50.719,0.186,0.0,0.119,0,0,1,,0.936,2026-03-16T15:02:46.166432,neutral,0.913,2026-03-16T15:02:46.166432,0.4691973449985088,2026-03-16T15:02:46.008000,65,,,
participant_19,1,day,Town10HD_Opt,2026-03-16 15:02:47.059856,-31.98908424377441,26.323760986328125,0.0018204123480245,52.347,-0.282,0.0,0.24,0,0,1,,0.886,2026-03-16T15:02:47.059856,neutral,0.913,2026-03-16T15:02:46.166432,0.4497840099427243,2026-03-16T15:02:46.998000,62,,,
participant_19,1,day,Town10HD_Opt,2026-03-16 15:02:48.036940,-23.24960708618164,26.874589920043945,0.0018994909478351,51.823,0.087,0.0,0.137,0,0,1,,0.925,2026-03-16T15:02:48.036940,neutral,0.913,2026-03-16T15:02:46.166432,0.4412130419607554,2026-03-16T15:02:47.989000,64,,,
participant_19,1,day,Town10HD_Opt,2026-03-16 15:02:49.246535,-12.34069538116455,27.584205627441406,0.0022210297174751,38.655,-0.108,0.0,0.0,0,0,1,,0.865,2026-03-16T15:02:49.246535,neutral,0.834,2026-03-16T15:02:49.246535,0.38990453596231,2026-03-16T15:02:49.068000,65,,,
participant_19,1,day,Town10HD_Opt,2026-03-16 15:02:50.174852,-6.182863712310791,27.96372413635254,0.0022290030028671,31.903,-0.322,0.441,0.0,0,0,1,,0.887,2026-03-16T15:02:50.174852,neutral,0.834,2026-03-16T15:02:49.246535,0.4226704369328768,2026-03-16T15:02:50.012000,63,,,
participant_19,1,day,Town10HD_Opt,2026-03-16 15:02:51.110958,-0.5887485146522522,28.243343353271484,0.0020199203863739,32.498,-0.618,0.434,0.0,0,0,1,,0.826,2026-03-16T15:02:51.110958,neutral,0.834,2026-03-16T15:02:49.246535,0.4628260817178312,2026-03-16T15:02:51,62,,,
participant_19,1,day,Town10HD_Opt,2026-03-16 15:02:52.058384,5.166007518768311,28.432159423828125,0.0020170211791992,33.377,-0.611,0.429,0.0,0,0,1,,1.0,2026-03-16T15:02:52.058384,neutral,0.704,2026-03-16T15:02:52.058384,0.4894209483164566,2026-03-16T15:02:51.993000,61,,,
participant_19,1,day,Town10HD_Opt,2026-03-16 15:02:53.210206,13.034537315368652,28.528600692749023,0.0020243453327566,34.135,-0.432,0.426,0.0,0,0,1,,0.837,2026-03-16T15:02:53.210206,neutral,0.704,2026-03-16T15:02:52.058384,0.5371907834743005,2026-03-16T15:02:53.028000,64,,,
participant_19,1,day,Town10HD_Opt,2026-03-16 15:02:54.159581,19.041963577270508,28.519962310791016,0.0020371244754642,34.393,0.193,0.358,0.0,0,0,1,,0.88,2026-03-16T15:02:54.159581,neutral,0.795,2026-03-16T15:02:54.159581,0.4866835293148569,2026-03-16T15:02:54.018000,63,,,
participant_19,1,day,Town10HD_Opt,2026-03-16 15:02:55.163456,24.895282745361328,28.56233024597168,0.0021551509853452,31.549,3.325,0.202,0.0,0,0,1,,0.976,2026-03-16T15:02:55.163456,neutral,0.795,2026-03-16T15:02:54.159581,0.4939789583909627,2026-03-16T15:02:55.007000,64,,,
participant_19,1,day,Town10HD_Opt,2026-03-16 15:02:56.092727,30.0723819732666,29.074098587036133,0.0020337291061878,27.663,8.615,0.203,0.0,0,0,1,,0.941,2026-03-16T15:02:56.092727,neutral,0.795,2026-03-16T15:02:54.159581,0.5155940648924164,2026-03-16T15:02:55.999000,63,,,
participant_19,1,day,Town10HD_Opt,2026-03-16 15:02:57.012532,34.38377380371094,30.5232162475586,0.0021509164944291,24.575,15.753,0.284,0.0,0,0,1,,0.844,2026-03-16T15:02:57.012532,neutral,0.806,2026-03-16T15:02:57.012532,0.5545176556278149,2026-03-16T15:02:56.987000,63,,,
participant_19,1,day,Town10HD_Opt,2026-03-16 15:02:58.221039,38.30358123779297,34.206539154052734,0.0021336360368877,22.253,20.46,0.281,0.0,0,0,1,,0.882,2026-03-16T15:02:58.221039,neutral,0.806,2026-03-16T15:02:57.012532,0.5219631053295822,2026-03-16T15:02:58.023000,64,,,
participant_19,1,day,Town10HD_Opt,2026-03-16 15:02:59.142464,39.61089706420898,37.7316780090332,0.0021146007347851,20.976,17.201,0.273,0.0,0,0,1,,0.911,2026-03-16T15:02:59.142464,neutral,0.836,2026-03-16T15:02:59.142464,0.5960987573232961,2026-03-16T15:02:59.014000,64,,,
participant_19,1,day,Town10HD_Opt,2026-03-16 15:03:00.053559,40.05664443969727,41.241947174072266,0.0021595759317278,18.625,2.32,0.0,0.0,0,0,1,,0.878,2026-03-16T15:03:00.053559,neutral,0.836,2026-03-16T15:02:59.142464,0.5658882062906064,2026-03-16T15:03:00.002000,65,,,
participant_19,1,day,Town10HD_Opt,2026-03-16 15:03:01.212204,40.31018829345703,44.95891952514648,0.0020306773949414,13.329,3.919,0.066,0.0,0,0,1,,0.898,2026-03-16T15:03:01.212204,neutral,0.52,2026-03-16T15:03:01.212204,0.6091454125776575,2026-03-16T15:03:00.992000,64,,,
participant_19,1,day,Town10HD_Opt,2026-03-16 15:03:02.121081,40.35352325439453,47.08535385131836,0.0020164486486464,10.527,0.865,0.0,0.0,0,0,1,,0.895,2026-03-16T15:03:02.121081,neutral,0.52,2026-03-16T15:03:01.212204,0.6168096124762468,2026-03-16T15:03:02.028000,66,,,
participant_19,1,day,Town10HD_Opt,2026-03-16 15:03:03.027729,40.37986755371094,48.72378921508789,0.0020016857888549,7.991,0.999,0.075,0.0,0,0,1,,0.853,2026-03-16T15:03:03.027729,neutral,0.52,2026-03-16T15:03:01.212204,0.5533812763944418,2026-03-16T15:03:03.018000,67,,,
participant_19,1,day,Town10HD_Opt,2026-03-16 15:03:04.208617,40.39064025878906,50.36783599853516,0.0019741056021302,5.857,0.978,0.0,0.0,0,0,1,,0.91,2026-03-16T15:03:04.208617,neutral,0.912,2026-03-16T15:03:04.208617,0.6383759283713203,2026-03-16T15:03:04.007000,65,,,
participant_19,1,day,Town10HD_Opt,2026-03-16 15:03:05.082193,40.39011764526367,51.28009796142578,0.0019621273968368,4.496,0.978,0.0,0.0,0,0,1,,0.865,2026-03-16T15:03:05.082193,neutral,0.912,2026-03-16T15:03:04.208617,0.5868464757938576,2026-03-16T15:03:04.998000,68,,,
participant_19,1,day,Town10HD_Opt,2026-03-16 15:03:06.235101,40.38501739501953,52.17557144165039,0.0019493482541292,3.114,0.978,0.0,0.0,0,0,1,,0.899,2026-03-16T15:03:06.235101,neutral,0.925,2026-03-16T15:03:06.235101,0.573442508896503,2026-03-16T15:03:05.988000,66,,,
participant_19,1,day,Town10HD_Opt,2026-03-16 15:03:07.089205,40.38257598876953,52.45167922973633,0.0020055386703461,0.0,0.959,0.0,0.103,0,0,1,,0.949,2026-03-16T15:03:07.089205,neutral,0.925,2026-03-16T15:03:06.235101,0.5965776153070907,2026-03-16T15:03:07.022000,69,,,
participant_19,1,day,Town10HD_Opt,2026-03-16 15:03:08.220001,40.38197708129883,52.5024299621582,0.001768379821442,3.233,0.853,1.0,0.0,0,0,1,,0.876,2026-03-16T15:03:08.220001,neutral,0.925,2026-03-16T15:03:06.235101,0.602705937435741,2026-03-16T15:03:08.013000,69,,,
participant_19,1,day,Town10HD_Opt,2026-03-16 15:03:09.102325,40.36442947387695,54.33930969238281,0.0014461918035522,19.261,-2.344,0.973,0.0,0,0,1,,0.81,2026-03-16T15:03:09.102325,neutral,0.568,2026-03-16T15:03:09.102325,0.5656452056571124,2026-03-16T15:03:09.004000,66,,,
participant_19,1,day,Town10HD_Opt,2026-03-16 15:03:10.053455,40.73479461669922,58.30817794799805,0.001878929673694,25.496,-10.506,0.468,0.0,0,0,1,,0.954,2026-03-16T15:03:10.053455,neutral,0.568,2026-03-16T15:03:09.102325,0.5797833162576717,2026-03-16T15:03:09.992000,67,,,
participant_19,1,day,Town10HD_Opt,2026-03-16 15:03:11.171462,43.05368041992188,64.15763092041016,0.0019878770690411,28.822,-13.475,0.479,0.0,0,0,1,,0.936,2026-03-16T15:03:11.171462,sad,0.626,2026-03-16T15:03:11.171462,0.5534546806650869,2026-03-16T15:03:10.984000,67,,,
participant_19,1,day,Town10HD_Opt,2026-03-16 15:03:12.062324,46.61740493774414,67.86772155761719,0.0020383452065289,30.2,-16.401,0.366,0.0,0,0,1,,0.921,2026-03-16T15:03:12.062324,sad,0.626,2026-03-16T15:03:11.171462,0.557203543115135,2026-03-16T15:03:12.018000,68,,,
participant_19,1,day,Town10HD_Opt,2026-03-16 15:03:12.999702,51.36407470703125,69.9485092163086,0.0021163173951208,28.951,-11.363,0.231,0.0,0,0,1,,0.896,2026-03-16T15:03:12.999702,sad,0.626,2026-03-16T15:03:11.171462,0.5049221380492094,2026-03-16T15:03:13.007000,68,,,
participant_19,1,day,Town10HD_Opt,2026-03-16 15:03:14.183727,57.51288604736328,70.49752044677734,0.00219028419815,23.577,-5.917,0.204,0.0,0,0,1,,0.889,2026-03-16T15:03:14.183727,sad,0.336,2026-03-16T15:03:14.183727,0.4608326929770931,2026-03-16T15:03:13.998000,69,Solid line crossing,Solid line crossing,
participant_19,1,day,Town10HD_Opt,2026-03-16 15:03:15.069137,61.46604919433594,70.26716613769531,0.0020687482319772,22.242,1.652,0.341,0.0,0,0,1,,0.846,2026-03-16T15:03:15.069137,sad,0.336,2026-03-16T15:03:14.183727,0.5009025847634501,2026-03-16T15:03:14.988000,69,,,
participant_19,1,day,Town10HD_Opt,2026-03-16 15:03:16.228557,66.71763610839844,70.121826171875,0.002018318278715,23.039,0.602,0.378,0.0,0,0,1,,0.835,2026-03-16T15:03:16.228557,neutral,0.901,2026-03-16T15:03:16.228557,0.4712577721982172,2026-03-16T15:03:16.068000,72,,,
participant_19,1,day,Town10HD_Opt,2026-03-16 15:03:17.057543,70.80083465576172,70.06865692138672,0.0020391463767737,23.383,0.338,0.288,0.0,0,0,1,,0.883,2026-03-16T15:03:17.057543,neutral,0.901,2026-03-16T15:03:16.228557,0.380852561829939,2026-03-16T15:03:17.012000,73,,,
participant_19,1,day,Town10HD_Opt,2026-03-16 15:03:18.140728,76.11720275878906,70.04415130615234,0.0020643232855945,22.35,0.367,0.472,0.0,0,0,1,,0.919,2026-03-16T15:03:18.140728,neutral,0.901,2026-03-16T15:03:16.228557,0.4391003294981246,2026-03-16T15:03:18.003000,67,,,
participant_19,1,day,Town10HD_Opt,2026-03-16 15:03:18.991423,80.20828247070312,70.06204986572266,0.0019631197210401,24.768,0.367,0.456,0.0,0,0,1,,0.851,2026-03-16T15:03:18.991423,neutral,0.696,2026-03-16T15:03:18.991423,0.4361342838200865,2026-03-16T15:03:18.993000,69,,,
participant_19,1,day,Town10HD_Opt,2026-03-16 15:03:20.131200,86.29753875732422,70.293212890625,0.0019855499267578,27.485,7.069,0.442,0.0,0,0,1,,0.833,2026-03-16T15:03:20.131200,neutral,0.696,2026-03-16T15:03:18.991423,0.4369679949674286,2026-03-16T15:03:20.028000,66,,,
participant_19,1,day,Town10HD_Opt,2026-03-16 15:03:21.250955,92.63433074951172,72.06046295166016,0.0020188521593809,29.228,12.444,0.445,0.0,0,0,1,,0.891,2026-03-16T15:03:21.250955,neutral,0.648,2026-03-16T15:03:21.250955,0.3968959897546824,2026-03-16T15:03:21.018000,66,,,
participant_19,1,day,Town10HD_Opt,2026-03-16 15:03:22.174703,96.68887329101562,75.19938659667969,0.0020537183154374,30.071,18.969,0.449,0.0,0,0,1,,0.818,2026-03-16T15:03:22.174703,neutral,0.648,2026-03-16T15:03:21.250955,0.4538324704075747,2026-03-16T15:03:22.008000,64,,,
participant_19,1,day,Town10HD_Opt,2026-03-16 15:03:23.108734,98.96172332763672,79.95845031738281,0.002058524871245,30.966,18.181,0.45,0.0,0,0,1,,0.862,2026-03-16T15:03:23.108734,neutral,0.648,2026-03-16T15:03:21.250955,0.4793614749995214,2026-03-16T15:03:22.998000,63,,,
participant_19,1,day,Town10HD_Opt,2026-03-16 15:03:24.246179,98.99698638916016,87.33479309082031,0.0020082092378288,32.698,1.457,0.445,0.0,0,0,1,,1.0,2026-03-16T15:03:24.246179,neutral,0.601,2026-03-16T15:03:24.246179,0.5029523879035201,2026-03-16T15:03:23.988000,64,,,
participant_19,1,day,Town10HD_Opt,2026-03-16 15:03:25.126668,98.45132446289062,93.11368560791016,0.0020253753755241,33.4,1.311,0.327,0.0,0,0,1,,1.0,2026-03-16T15:03:25.126668,neutral,0.601,2026-03-16T15:03:24.246179,0.4442098286605245,2026-03-16T15:03:25.023000,65,,,
participant_19,1,day,Town10HD_Opt,2026-03-16 15:03:26.224101,97.3162612915039,100.60140228271484,0.0020947263110429,31.373,3.73,0.326,0.0,0,0,1,,0.888,2026-03-16T15:03:26.224101,neutral,0.601,2026-03-16T15:03:24.246179,0.5002535831275061,2026-03-16T15:03:26.013000,65,,,
participant_19,1,day,Town10HD_Opt,2026-03-16 15:03:27.080187,95.88055419921876,105.7825927734375,0.002089538378641,29.997,4.461,0.327,0.0,0,0,1,,0.885,2026-03-16T15:03:27.080187,neutral,0.678,2026-03-16T15:03:27.080187,0.4971446113072979,2026-03-16T15:03:27.002000,63,,,
participant_19,1,day,Town10HD_Opt,2026-03-16 15:03:28.209619,93.17195892333984,112.05545043945312,0.0020741650369018,28.676,4.822,0.343,0.0,0,0,1,,0.884,2026-03-16T15:03:28.209619,neutral,0.678,2026-03-16T15:03:27.080187,0.4621504412457157,2026-03-16T15:03:27.993000,63,,,
participant_19,1,day,Town10HD_Opt,2026-03-16 15:03:29.096871,90.5759048461914,116.28558349609376,0.0020650099031627,28.039,5.08,0.35,0.0,0,0,1,,1.0,2026-03-16T15:03:29.096871,neutral,0.465,2026-03-16T15:03:29.096871,0.3947837420149435,2026-03-16T15:03:29.029000,61,,,
participant_19,1,day,Town10HD_Opt,2026-03-16 15:03:30.056405,87.52433776855469,120.0808334350586,0.0020619963761419,27.6,5.834,0.351,0.0,0,0,1,,0.894,2026-03-16T15:03:30.056405,neutral,0.465,2026-03-16T15:03:29.096871,0.4165354210869517,2026-03-16T15:03:30.018000,64,,,
participant_19,1,day,Town10HD_Opt,2026-03-16 15:03:31.246514,82.73661041259766,124.28816223144533,0.0020561979617923,27.196,6.941,0.379,0.0,0,0,1,,0.874,2026-03-16T15:03:31.246514,neutral,0.583,2026-03-16T15:03:31.246514,0.4111301050430345,2026-03-16T15:03:31.007000,65,,,
participant_19,1,day,Town10HD_Opt,2026-03-16 15:03:32.199987,78.64088439941406,126.7380828857422,0.0020343016367405,27.509,4.442,0.393,0.0,0,0,1,,1.0,2026-03-16T15:03:32.199987,neutral,0.583,2026-03-16T15:03:31.246514,0.4451679463597426,2026-03-16T15:03:31.998000,62,,,
participant_19,1,day,Town10HD_Opt,2026-03-16 15:03:33.126250,74.20256042480469,128.7098846435547,0.0020238875877112,28.179,6.684,0.417,0.0,0,0,1,,0.925,2026-03-16T15:03:33.126250,neutral,0.583,2026-03-16T15:03:31.246514,0.423477917311259,2026-03-16T15:03:32.988000,63,,,
participant_19,1,day,Town10HD_Opt,2026-03-16 15:03:34.060705,69.32566833496094,130.00379943847656,0.0019439317984506,30.651,6.312,0.613,0.0,0,0,1,,0.913,2026-03-16T15:03:34.060705,neutral,0.755,2026-03-16T15:03:34.060705,0.2801267277507046,2026-03-16T15:03:34.023000,66,,,
participant_19,1,day,Town10HD_Opt,2026-03-16 15:03:35.031168,63.61692810058594,130.64024353027344,0.0019172672182321,34.934,2.468,0.446,0.0,0,0,1,,0.958,2026-03-16T15:03:35.031168,neutral,0.755,2026-03-16T15:03:34.060705,0.3810841986887035,2026-03-16T15:03:35.013000,67,,,
participant_19,1,day,Town10HD_Opt,2026-03-16 15:03:36.245850,55.32217025756836,130.80398559570312,0.0020186617039144,36.111,1.288,0.445,0.0,0,0,1,,1.0,2026-03-16T15:03:36.245850,neutral,0.897,2026-03-16T15:03:36.245850,0.3532581692883835,2026-03-16T15:03:36.003000,67,,,
participant_19,1,day,Town10HD_Opt,2026-03-16 15:03:37.184919,48.95540237426758,130.60968017578125,0.0020229339133948,36.733,0.183,0.445,0.0,0,0,1,,0.872,2026-03-16T15:03:37.184919,neutral,0.897,2026-03-16T15:03:36.245850,0.3517173464159949,2026-03-16T15:03:36.993000,67,,,
participant_19,1,day,Town10HD_Opt,2026-03-16 15:03:38.048646,42.48771286010742,130.3811798095703,0.0020254515111446,37.27,-0.825,0.445,0.0,0,0,1,,1.0,2026-03-16T15:03:38.048646,neutral,0.897,2026-03-16T15:03:36.245850,0.3413646912651709,2026-03-16T15:03:37.983000,70,,,
participant_19,1,day,Town10HD_Opt,2026-03-16 15:03:39.265051,33.724605560302734,130.29930114746094,0.0020285034552216,37.896,-0.153,0.445,0.0,0,0,1,,1.0,2026-03-16T15:03:39.265051,neutral,0.757,2026-03-16T15:03:39.265051,0.3062042394025627,2026-03-16T15:03:39.108000,70,,,
participant_19,1,day,Town10HD_Opt,2026-03-16 15:03:40.150580,27.065719604492188,130.31253051757812,0.0020304108038544,38.276,-0.009,0.445,0.0,0,0,1,,1.0,2026-03-16T15:03:40.150580,neutral,0.757,2026-03-16T15:03:39.265051,0.2243671763985564,2026-03-16T15:03:40.008000,73,,,
participant_19,1,day,Town10HD_Opt,2026-03-16 15:03:41.026019,20.34415435791016,130.3285369873047,0.0020319747272878,38.586,0.056,0.445,0.0,0,0,1,,1.0,2026-03-16T15:03:41.026019,neutral,0.757,2026-03-16T15:03:39.265051,0.2624762771609478,2026-03-16T15:03:40.998000,74,,,
participant_19,1,day,Town10HD_Opt,2026-03-16 15:03:42.190259,11.299034118652344,130.325927734375,0.0020338057074695,38.959,0.179,0.444,0.0,0,0,1,,1.0,2026-03-16T15:03:42.190259,neutral,0.777,2026-03-16T15:03:42.190259,0.1917669727917885,2026-03-16T15:03:41.989000,78,,,
participant_19,1,day,Town10HD_Opt,2026-03-16 15:03:43.043050,4.631786823272705,130.2779998779297,0.0022307196632027,34.955,0.282,0.0,0.0,0,0,1,,1.0,2026-03-16T15:03:43.043050,neutral,0.777,2026-03-16T15:03:42.190259,0.2077214983311463,2026-03-16T15:03:43.023000,73,,,
participant_19,1,day,Town10HD_Opt,2026-03-16 15:03:44.166628,-2.3556365966796875,130.16099548339844,0.0022813405375927,24.607,0.136,0.0,0.0,0,0,1,,0.822,2026-03-16T15:03:44.166628,neutral,0.777,2026-03-16T15:03:42.190259,0.094898182998326,2026-03-16T15:03:44.013000,73,,,
participant_19,1,day,Town10HD_Opt,2026-03-16 15:03:45.106710,-6.1677985191345215,130.08477783203125,0.002211989602074,19.06,-0.275,0.462,0.0,0,0,1,,0.926,2026-03-16T15:03:45.106710,neutral,0.899,2026-03-16T15:03:45.106710,0.1844651211397006,2026-03-16T15:03:45.003000,70,,,
participant_19,1,day,Town10HD_Opt,2026-03-16 15:03:46.215438,-11.122110366821287,130.01239013671875,0.0018278510542586,25.706,-0.045,0.642,0.0,0,0,1,,0.896,2026-03-16T15:03:46.215438,neutral,0.899,2026-03-16T15:03:45.106710,0.1697473880612906,2026-03-16T15:03:45.994000,71,,,
participant_19,1,day,Town10HD_Opt,2026-03-16 15:03:47.031899,-16.155988693237305,129.94650268554688,0.0018270118162035,32.368,-0.019,0.642,0.0,0,0,1,,1.0,2026-03-16T15:03:47.031899,neutral,0.899,2026-03-16T15:03:45.106710,0.1457856805977098,2026-03-16T15:03:47.028000,69,,,
participant_19,1,day,Town10HD_Opt,2026-03-16 15:03:48.224195,-24.566823959350582,129.81942749023438,0.0018786245491355,39.626,1.88,0.173,0.0,0,0,1,,1.0,2026-03-16T15:03:48.224195,neutral,0.746,2026-03-16T15:03:48.224195,0.2039204984878006,2026-03-16T15:03:48.019000,69,,,
participant_19,1,day,Town10HD_Opt,2026-03-16 15:03:49.154094,-31.053544998168945,129.32655334472656,0.0023001851513981,32.749,7.644,0.0,0.0,0,0,1,,1.0,2026-03-16T15:03:49.154094,neutral,0.746,2026-03-16T15:03:48.224195,0.221607984556079,2026-03-16T15:03:49.008000,70,,,
participant_19,1,day,Town10HD_Opt,2026-03-16 15:03:50.036010,-35.854373931884766,127.75682067871094,0.0022900763433426,25.345,18.518,0.287,0.0,0,0,1,,0.838,2026-03-16T15:03:50.036010,neutral,0.746,2026-03-16T15:03:48.224195,0.1916581502166212,2026-03-16T15:03:49.999000,70,,,
participant_19,1,day,Town10HD_Opt,2026-03-16 15:03:51.206880,-39.85272979736328,123.64746856689452,0.0020213318057358,26.032,18.543,0.464,0.0,0,0,1,,0.913,2026-03-16T15:03:51.206880,neutral,0.608,2026-03-16T15:03:51.206880,0.1901740348194491,2026-03-16T15:03:50.988000,71,,,
participant_19,1,day,Town10HD_Opt,2026-03-16 15:03:52.174106,-41.26162338256836,119.18767547607422,0.0036412416957318,28.233,11.262,0.46,0.0,0,0,1,,0.901,2026-03-16T15:03:52.174106,neutral,0.608,2026-03-16T15:03:51.206880,0.2491505683229277,2026-03-16T15:03:52.023000,71,,,
participant_19,1,day,Town10HD_Opt,2026-03-16 15:03:53.199502,-41.57476806640625,114.11468505859376,0.0019656375516206,30.111,-0.364,0.456,0.0,0,0,1,,0.858,2026-03-16T15:03:53.199502,neutral,0.608,2026-03-16T15:03:51.206880,0.2462085782298108,2026-03-16T15:03:53.014000,72,,,
participant_19,1,day,Town10HD_Opt,2026-03-16 15:03:54.139579,-41.69512176513672,108.71482849121094,0.001990966964513,31.746,2.473,0.456,0.0,0,0,1,,0.867,2026-03-16T15:03:54.139579,neutral,0.595,2026-03-16T15:03:54.139579,0.160027748605164,2026-03-16T15:03:54.003000,75,,,
participant_19,1,day,Town10HD_Opt,2026-03-16 15:03:55.070958,-41.557899475097656,103.10321044921876,0.0020634841639548,31.741,-0.938,0.319,0.0,0,0,1,,0.863,2026-03-16T15:03:55.070958,neutral,0.595,2026-03-16T15:03:54.139579,0.2416726458961507,2026-03-16T15:03:54.993000,73,,,
participant_19,1,day,Town10HD_Opt,2026-03-16 15:03:56.271148,-41.5013427734375,95.91549682617188,0.0020896908827126,29.697,-0.618,0.319,0.0,0,0,1,,1.0,2026-03-16T15:03:56.271148,neutral,0.908,2026-03-16T15:03:56.271148,0.204086611103872,2026-03-16T15:03:56.028000,72,,,
participant_19,1,day,Town10HD_Opt,2026-03-16 15:03:57.234227,-41.56448745727539,90.80841827392578,0.0020819853525608,28.556,-0.508,0.36,0.0,0,0,1,,0.825,2026-03-16T15:03:57.234227,neutral,0.908,2026-03-16T15:03:56.271148,0.2497828770836797,2026-03-16T15:03:57.018000,70,,,
participant_19,1,day,Town10HD_Opt,2026-03-16 15:03:58.110641,-41.645633697509766,85.84606170654297,0.002055816585198,28.183,1.293,0.346,0.0,0,0,1,,1.0,2026-03-16T15:03:58.110641,neutral,0.908,2026-03-16T15:03:56.271148,0.2281933502999232,2026-03-16T15:03:58.008000,71,,,
participant_19,1,day,Town10HD_Opt,2026-03-16 15:03:59.030191,-41.48769760131836,80.9735107421875,0.0020714185666292,27.37,7.107,0.327,0.0,0,0,1,,1.0,2026-03-16T15:03:59.030191,sad,0.484,2026-03-16T15:03:59.030191,0.246397597835316,2026-03-16T15:03:58.999000,75,,,
participant_19,1,day,Town10HD_Opt,2026-03-16 15:04:00.262186,-39.73436737060547,75.07088470458984,0.0021210857667028,25.846,21.884,0.359,0.0,0,0,1,,0.892,2026-03-16T15:04:00.262186,sad,0.484,2026-03-16T15:03:59.030191,0.2002076176036066,2026-03-16T15:03:59.988000,75,,,
participant_19,1,day,Town10HD_Opt,2026-03-16 15:04:01.152413,-36.50766372680664,72.03250122070312,0.0020989223849028,25.573,21.729,0.378,0.0,0,0,1,,1.0,2026-03-16T15:04:01.152413,sad,0.381,2026-03-16T15:04:01.152413,0.2004455412448229,2026-03-16T15:04:01.023000,76,,,
participant_19,1,day,Town10HD_Opt,2026-03-16 15:04:02.091171,-32.274654388427734,70.57160186767578,0.0020442581735551,26.041,5.858,0.378,0.0,0,0,1,,0.849,2026-03-16T15:04:02.091171,sad,0.381,2026-03-16T15:04:01.152413,0.1981415426802262,2026-03-16T15:04:02.014000,72,,,
participant_19,1,day,Town10HD_Opt,2026-03-16 15:04:03.030848,-27.758007049560547,69.76403045654297,0.0020372772123664,26.416,8.961,0.39,0.0,0,0,1,,0.852,2026-03-16T15:04:03.030848,sad,0.381,2026-03-16T15:04:01.152413,0.1602383190085818,2026-03-16T15:04:03.003000,73,,,
participant_19,1,day,Town10HD_Opt,2026-03-16 15:04:04.237210,-21.51719856262207,69.75885772705078,0.0020245360210537,27.219,-2.047,0.39,0.0,0,0,1,,1.0,2026-03-16T15:04:04.237210,neutral,0.458,2026-03-16T15:04:04.237210,0.2299172140854485,2026-03-16T15:04:03.993000,71,,,
participant_19,1,day,Town10HD_Opt,2026-03-16 15:04:05.110835,-16.710216522216797,69.79547882080078,0.0020257185678929,27.764,1.358,0.39,0.0,0,0,1,,1.0,2026-03-16T15:04:05.110835,neutral,0.458,2026-03-16T15:04:04.237210,0.1829763550326357,2026-03-16T15:04:05.029000,69,,,
participant_19,1,day,Town10HD_Opt,2026-03-16 15:04:05.991559,-11.813665390014648,69.92599487304688,0.0020276259165257,28.253,0.418,0.391,0.0,0,0,1,,1.0,2026-03-16T15:04:05.991559,neutral,0.458,2026-03-16T15:04:04.237210,0.2035342395735681,2026-03-16T15:04:06.018000,69,,,
participant_19,1,day,Town10HD_Opt,2026-03-16 15:04:07.107326,-5.181028842926025,70.13428497314453,0.0020585632883012,28.159,-0.74,0.31,0.0,0,0,1,,1.0,2026-03-16T15:04:07.107326,neutral,0.9,2026-03-16T15:04:07.107326,0.0995293003431591,2026-03-16T15:04:07.009000,71,,,
participant_19,1,day,Town10HD_Opt,2026-03-16 15:04:07.997625,-0.3393271565437317,70.18739318847656,0.0020824812818318,26.999,-0.402,0.31,0.0,0,0,1,,1.0,2026-03-16T15:04:07.997625,neutral,0.9,2026-03-16T15:04:07.107326,0.2815769293104061,2026-03-16T15:04:07.998000,71,,,
participant_19,1,day,Town10HD_Opt,2026-03-16 15:04:09.126203,5.740139007568359,70.14456939697266,0.0021746058482676,23.592,0.223,0.0,0.0,0,0,1,,0.838,2026-03-16T15:04:09.126203,neutral,0.937,2026-03-16T15:04:09.126203,0.2072856573615203,2026-03-16T15:04:09.033000,73,,,
participant_19,1,day,Town10HD_Opt,2026-03-16 15:04:10.249475,10.40103816986084,70.0994644165039,0.001966132549569,16.492,0.023,0.0,0.0,0,0,1,,0.837,2026-03-16T15:04:10.249475,neutral,0.937,2026-03-16T15:04:09.126203,0.2842204043568949,2026-03-16T15:04:10.023000,72,,,
participant_19,1,day,Town10HD_Opt,2026-03-16 15:04:11.071480,13.055770874023438,70.07469940185547,0.0019481275230646,14.673,-0.026,0.24,0.0,0,0,1,,0.826,2026-03-16T15:04:11.071480,neutral,0.937,2026-03-16T15:04:09.126203,0.2655161213236735,2026-03-16T15:04:11.014000,77,,,
participant_19,1,day,Town10HD_Opt,2026-03-16 15:04:11.990375,15.63493537902832,70.05208587646484,0.0019290923373773,14.591,0.148,0.258,0.0,0,0,1,,0.836,2026-03-16T15:04:11.990375,neutral,0.607,2026-03-16T15:04:11.990375,0.2697187151733198,2026-03-16T15:04:12.004000,77,,,
participant_19,1,day,Town10HD_Opt,2026-03-16 15:04:13.115398,19.23953628540039,70.02992248535156,0.0018678666092455,16.591,0.139,0.305,0.0,0,0,1,,0.866,2026-03-16T15:04:13.115398,neutral,0.607,2026-03-16T15:04:11.990375,0.1832821955634577,2026-03-16T15:04:12.994000,74,,,
participant_19,1,day,Town10HD_Opt,2026-03-16 15:04:14.244075,22.84344482421875,70.01699829101562,0.0020598215050995,12.579,0.129,0.0,0.12,0,0,1,,0.847,2026-03-16T15:04:14.244075,neutral,0.495,2026-03-16T15:04:14.244075,0.179667102599218,2026-03-16T15:04:14.029000,71,,,
participant_19,1,day,Town10HD_Opt,2026-03-16 15:04:15.112398,24.73556900024414,70.01393127441406,0.0020297998562455,9.042,0.129,0.0,0.003,0,0,1,,0.836,2026-03-16T15:04:15.112398,neutral,0.495,2026-03-16T15:04:14.244075,0.1899972154778947,2026-03-16T15:04:15.018000,71,,,
participant_19,1,day,Town10HD_Opt,2026-03-16 15:04:15.989148,26.09816551208496,70.01335906982422,0.0020193096715956,6.121,0.129,0.0,0.118,0,0,1,,0.821,2026-03-16T15:04:15.989148,neutral,0.495,2026-03-16T15:04:14.244075,0.1926976917990175,2026-03-16T15:04:16.008000,68,,,
participant_19,1,day,Town10HD_Opt,2026-03-16 15:04:17.095991,26.49357795715332,70.01343536376953,0.0019588468130677,0.003,0.129,0.0,0.0,0,0,1,,0.867,2026-03-16T15:04:17.095991,neutral,0.714,2026-03-16T15:04:17.095991,0.1296031729246642,2026-03-16T15:04:16.999000,67,,,
participant_19,1,day,Town10HD_Opt,2026-03-16 15:04:18.008832,26.915014266967773,70.01154327392578,0.0015562833286821,8.513,-1.255,0.855,0.0,0,0,1,,0.948,2026-03-16T15:04:18.008832,neutral,0.714,2026-03-16T15:04:17.095991,0.1522301390970352,2026-03-16T15:04:18.033000,69,,,errors=Stop sign violation
participant_19,1,day,Town10HD_Opt,2026-03-16 15:04:19.183813,30.52915954589844,69.77462005615234,0.001908226753585,20.834,-7.789,0.625,0.0,0,0,1,,1.0,2026-03-16T15:04:19.183813,sad,0.474,2026-03-16T15:04:19.183813,0.1267587080671148,2026-03-16T15:04:19.029000,70,,,
participant_19,1,day,Town10HD_Opt,2026-03-16 15:04:20.109604,34.49106979370117,68.78907775878906,0.001886787940748,26.032,-13.826,0.569,0.0,0,0,1,,0.869,2026-03-16T15:04:20.109604,sad,0.474,2026-03-16T15:04:19.183813,0.0741462660553916,2026-03-16T15:04:20.013000,72,,,
participant_19,1,day,Town10HD_Opt,2026-03-16 15:04:21.262943,39.88451766967773,65.57482147216797,0.0022708121687173,23.39,-8.594,0.0,0.405,0,0,1,,0.843,2026-03-16T15:04:21.262943,neutral,0.515,2026-03-16T15:04:21.262943,0.108121508675692,2026-03-16T15:04:21.003000,72,,,
participant_19,1,day,Town10HD_Opt,2026-03-16 15:04:22.127164,41.82811737060547,63.78758239746094,0.0029859119094908,0.003,-9.907,0.0,0.422,0,0,1,,0.933,2026-03-16T15:04:22.127164,neutral,0.515,2026-03-16T15:04:21.262943,0.0479114716460612,2026-03-16T15:04:21.993000,71,,,
participant_19,1,day,Town10HD_Opt,2026-03-16 15:04:23.221583,41.82907104492188,63.7865104675293,0.0019299697596579,0.003,-9.043,0.0,0.0,0,0,1,,1.0,2026-03-16T15:04:23.221583,neutral,0.515,2026-03-16T15:04:21.262943,0.0561843727398062,2026-03-16T15:04:23.029000,69,,,
participant_19,1,day,Town10HD_Opt,2026-03-16 15:04:24.107219,41.84548568725586,63.76743698120117,0.0018249133136123,2.233,-12.857,0.949,0.0,0,0,1,,0.859,2026-03-16T15:04:24.107219,sad,0.34,2026-03-16T15:04:24.107219,0.1170827042883038,2026-03-16T15:04:24.019000,71,,,
participant_19,1,day,Town10HD_Opt,2026-03-16 15:04:25.236312,43.25478363037109,61.61764907836914,0.0017668165965005,19.902,-16.955,0.698,0.0,0,0,1,,0.842,2026-03-16T15:04:25.236312,sad,0.34,2026-03-16T15:04:24.107219,0.1007676237234269,2026-03-16T15:04:25.008000,71,,,
participant_19,1,day,Town10HD_Opt,2026-03-16 15:04:26.086953,44.51453399658203,58.02937698364258,0.0020425033289939,22.357,-16.332,0.18,0.0,0,0,1,,0.902,2026-03-16T15:04:26.086953,sad,0.34,2026-03-16T15:04:24.107219,0.02,2026-03-16T15:04:25.998000,66,,,
participant_19,1,day,Town10HD_Opt,2026-03-16 15:04:27.246418,44.67182159423828,53.31887435913086,0.0021197122987359,18.169,-7.663,0.141,0.0,0,0,1,,0.841,2026-03-16T15:04:27.246418,angry,0.566,2026-03-16T15:04:27.246418,0.1235249694720619,2026-03-16T15:04:27.033000,66,,,
participant_19,1,day,Town10HD_Opt,2026-03-16 15:04:28.106715,44.36611175537109,50.14776611328125,0.0026158150285482,19.405,0.921,0.666,0.0,0,0,1,,0.928,2026-03-16T15:04:28.106715,angry,0.566,2026-03-16T15:04:27.246418,0.0978194499906022,2026-03-16T15:04:28.113000,66,,,
participant_19,1,day,Town10HD_Opt,2026-03-16 15:04:28.999415,44.11707305908203,46.16734313964844,0.0015285121044144,27.03,1.481,0.685,0.0,0,0,1,,0.954,2026-03-16T15:04:28.999415,angry,0.566,2026-03-16T15:04:27.246418,0.02,2026-03-16T15:04:29.058000,63,,,
participant_19,1,day,Town10HD_Opt,2026-03-16 15:04:30.180327,44.00830841064453,39.08196640014648,0.0021059033460915,30.1,7.682,0.0,0.0,0,0,1,,0.944,2026-03-16T15:04:30.180327,sad,0.487,2026-03-16T15:04:30.180327,0.0864396365251843,2026-03-16T15:04:30.010000,66,,,
participant_19,1,day,Town10HD_Opt,2026-03-16 15:04:31.069409,44.88984298706055,34.44264602661133,0.002181930001825,25.102,14.577,0.402,0.0,0,0,1,,0.902,2026-03-16T15:04:31.069409,sad,0.487,2026-03-16T15:04:30.180327,0.0981800633743793,2026-03-16T15:04:30.993000,66,,,
participant_19,1,day,Town10HD_Opt,2026-03-16 15:04:32.180392,48.40774917602539,29.50858497619629,0.0019222263945266,29.562,18.558,0.613,0.0,0,0,1,,1.0,2026-03-16T15:04:32.180392,neutral,0.443,2026-03-16T15:04:32.180392,0.0415508323047935,2026-03-16T15:04:32.028000,66,,,
participant_19,1,day,Town10HD_Opt,2026-03-16 15:04:33.050477,53.34185409545898,27.10944557189941,0.001977844396606,33.297,15.112,0.231,0.0,0,0,1,,1.0,2026-03-16T15:04:33.050477,neutral,0.443,2026-03-16T15:04:32.180392,0.0430431768605712,2026-03-16T15:04:33.018000,67,,,
participant_19,1,day,Town10HD_Opt,2026-03-16 15:04:34.169563,60.51421737670898,26.19013214111328,0.0021810145117342,28.29,-0.773,0.173,0.0,0,0,1,,0.926,2026-03-16T15:04:34.169563,neutral,0.443,2026-03-16T15:04:32.180392,0.098644906465504,2026-03-16T15:04:34.008000,68,,,
participant_19,1,day,Town10HD_Opt,2026-03-16 15:04:35.056165,65.0821304321289,25.72229766845703,0.0021664805244654,23.999,0.949,0.173,0.0,0,0,1,,0.862,2026-03-16T15:04:35.056165,sad,0.355,2026-03-16T15:04:35.056165,0.1088773623742282,2026-03-16T15:04:34.998000,67,,,
participant_19,1,day,Town10HD_Opt,2026-03-16 15:04:36.253932,70.22699737548828,25.33351707458496,0.002124938648194,20.282,1.344,0.298,0.0,0,0,1,,0.911,2026-03-16T15:04:36.253932,sad,0.355,2026-03-16T15:04:35.056165,0.0871002764638839,2026-03-16T15:04:36.034000,67,,,
participant_19,1,day,Town10HD_Opt,2026-03-16 15:04:37.163114,73.60381317138672,25.183683395385746,0.0019627755973488,17.593,1.589,0.0,0.0,0,0,1,,0.917,2026-03-16T15:04:37.163114,neutral,0.466,2026-03-16T15:04:37.163114,0.0593571825727216,2026-03-16T15:04:37.024000,69,,,
participant_19,1,day,Town10HD_Opt,2026-03-16 15:04:38.030973,76.36381530761719,25.136404037475582,0.002042464679107,13.636,1.57,0.102,0.0,0,0,1,,0.889,2026-03-16T15:04:38.030973,neutral,0.466,2026-03-16T15:04:37.163114,0.1209650791361847,2026-03-16T15:04:38.016000,69,,,
participant_19,1,day,Town10HD_Opt,2026-03-16 15:04:39.140964,80.5843505859375,25.18350982666016,0.0016502394573763,26.922,1.514,1.0,0.0,0,0,1,,0.915,2026-03-16T15:04:39.140964,neutral,0.466,2026-03-16T15:04:37.163114,0.02,2026-03-16T15:04:39.004000,70,,,errors=Red light violation
participant_19,1,day,Town10HD_Opt,2026-03-16 15:04:40.256159,89.14301300048828,25.462814331054688,0.0016448226524516,45.689,-4.881,0.55,0.0,0,0,1,,1.0,2026-03-16T15:04:40.256159,neutral,0.64,2026-03-16T15:04:40.256159,0.0382035366085028,2026-03-16T15:04:39.993000,70,,,
participant_19,1,day,Town10HD_Opt,2026-03-16 15:04:41.097379,97.09361267089844,24.34026336669922,0.0021319196093827,44.491,-11.776,0.291,0.0,0,0,1,,0.844,2026-03-16T15:04:41.097379,neutral,0.64,2026-03-16T15:04:40.256159,0.0614456288574594,2026-03-16T15:04:41.029000,71,,,
participant_19,1,day,Town10HD_Opt,2026-03-16 15:04:42.171584,104.68366241455078,18.894454956054688,0.0023419179487973,35.329,-15.243,0.0,0.0,0,0,1,,0.83,2026-03-16T15:04:42.171584,neutral,0.64,2026-03-16T15:04:40.256159,0.1935498027742735,2026-03-16T15:04:42.018000,71,,,
participant_19,1,day,Town10HD_Opt,2026-03-16 15:04:42.996250,106.80184936523438,13.87168312072754,0.0022977057378739,27.919,-13.609,0.856,0.0,0,0,1,,0.838,2026-03-16T15:04:42.996250,neutral,0.373,2026-03-16T15:04:42.996250,0.1225100292823661,2026-03-16T15:04:43.009000,70,,,
participant_19,1,day,Town10HD_Opt,2026-03-16 15:04:44.154076,107.21519470214844,5.789847373962402,0.0015833298675715,43.981,-1.318,0.962,0.0,0,0,1,,0.879,2026-03-16T15:04:44.154076,neutral,0.373,2026-03-16T15:04:42.996250,0.1690256282476988,2026-03-16T15:04:43.999000,68,,,
participant_19,1,day,Town10HD_Opt,2026-03-16 15:04:45.006971,107.05715942382812,-2.9014534950256348,0.0020357512403279,49.318,1.175,1.0,0.0,0,0,1,,0.832,2026-03-16T15:04:45.006971,neutral,0.865,2026-03-16T15:04:45.006971,0.1047430492319655,2026-03-16T15:04:45.044000,69,,,
participant_19,1,day,Town10HD_Opt,2026-03-16 15:04:46.043825,107.19564056396484,-14.55046844482422,0.0021652597934007,49.064,-0.632,0.978,0.0,0,0,1,,0.919,2026-03-16T15:04:46.043825,neutral,0.865,2026-03-16T15:04:45.006971,0.1970006363538115,2026-03-16T15:04:46.024000,68,Stop sign violation,stop_sign_id=946,
participant_19,1,day,Town10HD_Opt,2026-03-16 15:04:47.080301,106.98300170898438,-26.21451187133789,0.0018944937037304,51.93,-3.57,0.0,0.146,0,0,1,,0.919,2026-03-16T15:04:47.080301,angry,0.846,2026-03-16T15:04:47.080301,0.1233723012675982,2026-03-16T15:04:47.024000,67,,,errors=Solid line crossing
participant_19,1,day,Town10HD_Opt,2026-03-16 15:04:48.180350,104.63308715820312,-37.77407455444336,0.0019670871552079,50.978,-5.451,0.0,0.148,0,0,1,,0.958,2026-03-16T15:04:48.180350,angry,0.846,2026-03-16T15:04:47.080301,0.2356124282022711,2026-03-16T15:04:48.004000,68,,,
participant_19,1,day,Town10HD_Opt,2026-03-16 15:04:48.989182,100.92192840576172,-45.6186752319336,0.0018381125992164,52.176,-5.602,0.0,0.201,0,0,1,,0.946,2026-03-16T15:04:48.989182,angry,0.846,2026-03-16T15:04:47.080301,0.1541734173142508,2026-03-16T15:04:48.998000,67,,,
participant_19,1,day,Town10HD_Opt,2026-03-16 15:04:50.112044,93.26519012451172,-54.54074478149414,0.0020795057062059,49.84,-5.538,0.967,0.0,0,0,1,,0.972,2026-03-16T15:04:50.112044,neutral,0.709,2026-03-16T15:04:50.112044,0.2289675635306989,2026-03-16T15:04:50.029000,69,,,
participant_19,1,day,Town10HD_Opt,2026-03-16 15:04:51.246128,83.40193939208984,-60.73596954345703,0.0022017282899469,48.778,-3.86,0.967,0.0,0,0,1,,0.906,2026-03-16T15:04:51.246128,neutral,0.709,2026-03-16T15:04:50.112044,0.2777692867684421,2026-03-16T15:04:51.064000,69,,,
participant_19,1,day,Town10HD_Opt,2026-03-16 15:04:52.169832,75.0936279296875,-63.71146774291992,0.0022072212304919,48.714,-3.855,0.967,0.0,0,0,1,,0.926,2026-03-16T15:04:52.169832,angry,0.651,2026-03-16T15:04:52.169832,0.3922383078917656,2026-03-16T15:04:52.009000,69,,,
participant_19,1,day,Town10HD_Opt,2026-03-16 15:04:53.019249,66.4913558959961,-65.29900360107422,0.0022308724001049,47.702,-3.811,0.967,0.0,0,0,1,,0.895,2026-03-16T15:04:53.019249,angry,0.651,2026-03-16T15:04:52.169832,0.3290334371692105,2026-03-16T15:04:52.998000,70,,,
participant_19,1,day,Town10HD_Opt,2026-03-16 15:04:54.240246,54.89308166503906,-65.82286071777344,0.0021242902148514,50.066,0.766,0.967,0.0,0,0,1,,0.834,2026-03-16T15:04:54.240246,neutral,0.542,2026-03-16T15:04:54.240246,0.3885415892707468,2026-03-16T15:04:54.043000,66,,,
participant_19,1,day,Town10HD_Opt,2026-03-16 15:04:55.156400,46.13517379760742,-66.1904067993164,0.0021299740765243,49.274,-0.204,0.967,0.0,0,0,1,,0.916,2026-03-16T15:04:55.156400,neutral,0.542,2026-03-16T15:04:54.240246,0.413081219970269,2026-03-16T15:04:55.023000,70,,,
participant_19,1,day,Town10HD_Opt,2026-03-16 15:04:56.025041,37.3193588256836,-66.51016998291016,0.0021670907735824,49.19,-0.19,0.967,0.0,0,0,1,,0.927,2026-03-16T15:04:56.025041,neutral,0.542,2026-03-16T15:04:54.240246,0.4132817955294316,2026-03-16T15:04:56.013000,62,,,
participant_19,1,day,Town10HD_Opt,2026-03-16 15:04:57.143178,25.65217971801757,-66.82730865478516,0.001941948197782,50.92,-0.073,0.0,0.0,0,0,1,,0.904,2026-03-16T15:04:57.143178,neutral,0.586,2026-03-16T15:04:57.143178,0.3834096274393085,2026-03-16T15:04:57.004000,67,,,
participant_19,1,day,Town10HD_Opt,2026-03-16 15:04:58.216688,15.004409790039062,-67.05522918701172,0.0023789203260093,38.214,-0.073,0.0,0.0,0,0,1,,0.883,2026-03-16T15:04:58.216688,neutral,0.586,2026-03-16T15:04:57.143178,0.3574400558845625,2026-03-16T15:04:57.994000,67,,,
participant_19,2,day,Town10HD_Opt,2026-03-16 15:15:00.000000,-41.66858673095703,89.7454833984375,0.5804919004440308,2.099,-0.087,0.497,0.0,0,0,1,,1.0,2026-03-16T15:15:00,,,2026-03-16T15:15:00,0.8836844587568204,2026-03-16T15:15:00,66,,,
participant_19,2,day,Town10HD_Opt,2026-03-16 15:15:04.430768,-41.66909408569336,89.62482452392578,0.0017955779330804,2.756,-0.087,0.575,0.0,0,0,1,,0.88,2026-03-16T15:15:04.430768,happy,0.86,2026-03-16T15:15:04.430768,0.8974116669965574,2026-03-16T15:15:05.040000,64,,,
participant_19,2,day,Town10HD_Opt,2026-03-16 15:15:05.094924,-41.67007827758789,89.40936279296875,0.0017125320155173,4.981,-0.087,0.826,0.0,0,0,1,,1.0,2026-03-16T15:15:05.094924,happy,0.86,2026-03-16T15:15:04.430768,0.8462814503537197,2026-03-16T15:15:05.985000,63,,,
participant_19,2,day,Town10HD_Opt,2026-03-16 15:15:06.127803,-41.67339324951172,88.36984252929688,0.0016100311186164,11.915,-0.087,0.474,0.0,0,0,1,,1.0,2026-03-16T15:15:06.127803,happy,0.86,2026-03-16T15:15:04.430768,0.8022783851479771,2026-03-16T15:15:06.976000,63,,,
participant_19,2,day,Town10HD_Opt,2026-03-16 15:15:07.225842,-41.67958450317383,86.78044128417969,0.0017799758352339,14.827,-0.087,0.28,0.0,0,0,1,,1.0,2026-03-16T15:15:07.225842,happy,0.86,2026-03-16T15:15:04.430768,0.7805428037457511,2026-03-16T15:15:08.011000,69,,,
participant_19,2,day,Town10HD_Opt,2026-03-16 15:15:08.485085,-41.68307495117188,85.00736999511719,0.0018707657000049,15.639,2.56,0.281,0.0,0,0,1,,0.833,2026-03-16T15:15:08.485085,neutral,0.923,2026-03-16T15:15:08.485085,0.8632485700869328,2026-03-16T15:15:09,66,,,
participant_19,2,day,Town10HD_Opt,2026-03-16 15:15:09.041252,-41.65825271606445,84.08880615234375,0.001882400480099,15.911,4.183,0.28,0.0,0,0,1,,1.0,2026-03-16T15:15:09.041252,neutral,0.923,2026-03-16T15:15:08.485085,0.8363783865293766,2026-03-16T15:15:09.990000,67,,,
participant_19,2,day,Town10HD_Opt,2026-03-16 15:15:10.058528,-41.54784393310547,82.16598510742188,0.0018418884137645,17.373,3.125,0.394,0.0,0,0,1,,1.0,2026-03-16T15:15:10.058528,neutral,0.923,2026-03-16T15:15:08.485085,0.8352696454376902,2026-03-16T15:15:09.990000,70,,,
participant_19,2,day,Town10HD_Opt,2026-03-16 15:15:11.141562,-41.34696578979492,80.07365417480469,0.0020922850817441,18.112,6.509,0.386,0.0,0,0,1,,1.0,2026-03-16T15:15:11.141562,neutral,0.392,2026-03-16T15:15:11.141562,0.8073769359296645,2026-03-16T15:15:11.971000,70,,,
participant_19,2,day,Town10HD_Opt,2026-03-16 15:15:12.169930,-40.90372085571289,77.95887756347656,0.0020243453327566,18.892,12.803,0.371,0.0,0,0,1,,1.0,2026-03-16T15:15:12.169930,neutral,0.392,2026-03-16T15:15:11.141562,0.8260899081750499,2026-03-16T15:15:12.960000,73,,,
participant_19,2,day,Town10HD_Opt,2026-03-16 15:15:13.208213,-40.10970306396485,75.84571838378906,0.0020272827241569,19.744,17.246,0.373,0.0,0,0,1,,1.0,2026-03-16T15:15:13.208213,neutral,0.537,2026-03-16T15:15:13.208213,0.7663619909019287,2026-03-16T15:15:14.131000,75,,,
participant_19,2,day,Town10HD_Opt,2026-03-16 15:15:14.268962,-38.87702941894531,73.86026000976562,0.002037429716438,20.365,18.438,0.266,0.0,0,0,1,,1.0,2026-03-16T15:15:14.268962,neutral,0.537,2026-03-16T15:15:13.208213,0.802886566803902,2026-03-16T15:15:15.120000,77,,,
participant_19,2,day,Town10HD_Opt,2026-03-16 15:15:15.307201,-37.240352630615234,72.17659759521484,0.0021102523896843,19.681,20.228,0.236,0.0,0,0,1,,1.0,2026-03-16T15:15:15.307201,neutral,0.307,2026-03-16T15:15:15.307201,0.8194813586321829,2026-03-16T15:15:15.976000,77,,,
participant_19,2,day,Town10HD_Opt,2026-03-16 15:15:16.365302,-35.36396026611328,70.9644546508789,0.0021244811359792,18.631,19.717,0.236,0.0,0,0,1,,1.0,2026-03-16T15:15:16.365302,neutral,0.307,2026-03-16T15:15:15.307201,0.8748367753073888,2026-03-16T15:15:17.010000,77,,,
participant_19,2,day,Town10HD_Opt,2026-03-16 15:15:17.407804,-33.37399673461914,70.19377136230469,0.0020654296968132,18.186,17.553,0.224,0.0,0,0,1,,1.0,2026-03-16T15:15:17.407804,neutral,0.793,2026-03-16T15:15:17.407804,0.8101651855662665,2026-03-16T15:15:18.045000,80,,,
participant_19,2,day,Town10HD_Opt,2026-03-16 15:15:18.482816,-31.30391502380371,69.7970962524414,0.0018615340813994,18.101,15.26,0.236,0.0,0,0,1,,1.0,2026-03-16T15:15:18.482816,neutral,0.793,2026-03-16T15:15:17.407804,0.8827698420165527,2026-03-16T15:15:18.990000,79,Solid line crossing,Solid line crossing,
participant_19,2,day,Town10HD_Opt,2026-03-16 15:15:19.023260,-30.25665283203125,69.7192153930664,0.0018969726515933,18.016,12.456,0.237,0.0,0,0,1,,0.803,2026-03-16T15:15:19.023260,neutral,0.793,2026-03-16T15:15:17.407804,0.8290432665186634,2026-03-16T15:15:19.980000,77,,,
participant_19,2,day,Town10HD_Opt,2026-03-16 15:15:20.109392,-28.16423988342285,69.6561050415039,0.0019223403651267,17.956,3.278,0.407,0.0,0,0,1,,1.0,2026-03-16T15:15:20.109392,neutral,0.844,2026-03-16T15:15:20.109392,0.7845478589790322,2026-03-16T15:15:20.971000,79,,,
participant_19,2,day,Town10HD_Opt,2026-03-16 15:15:21.171888,-26.040197372436523,69.62120819091797,0.0020493697375059,18.623,2.391,0.514,0.0,0,0,1,,1.0,2026-03-16T15:15:21.171888,neutral,0.844,2026-03-16T15:15:20.109392,0.8144711175164521,2026-03-16T15:15:22.051000,77,,,
participant_19,2,day,Town10HD_Opt,2026-03-16 15:15:22.232061,-23.71609115600586,69.64305877685547,0.0019112777663394,21.412,0.498,0.603,0.0,0,0,1,,1.0,2026-03-16T15:15:22.232061,neutral,0.642,2026-03-16T15:15:22.232061,0.8542272493082191,2026-03-16T15:15:22.996000,75,,,
participant_19,2,day,Town10HD_Opt,2026-03-16 15:15:23.306025,-20.99957275390625,69.66559600830078,0.0018830870976671,25.057,0.738,0.472,0.0,0,0,1,,0.822,2026-03-16T15:15:23.306025,neutral,0.642,2026-03-16T15:15:22.232061,0.8465357838739447,2026-03-16T15:15:23.985000,73,,,
participant_19,2,day,Town10HD_Opt,2026-03-16 15:15:24.362658,-17.976341247558594,69.72196197509766,0.0019434738205745,26.831,0.367,0.471,0.0,0,0,1,,1.0,2026-03-16T15:15:24.362658,neutral,0.815,2026-03-16T15:15:24.362658,0.7869927911249042,2026-03-16T15:15:24.976000,72,,,
participant_19,2,day,Town10HD_Opt,2026-03-16 15:15:25.383135,-14.747292518615724,69.7967300415039,0.0019614028278738,28.477,-0.035,0.471,0.0,0,0,1,,1.0,2026-03-16T15:15:25.383135,neutral,0.815,2026-03-16T15:15:24.362658,0.8835701801289162,2026-03-16T15:15:26.011000,74,,,
participant_19,2,day,Town10HD_Opt,2026-03-16 15:15:26.400527,-11.335721969604492,69.87646484375,0.0019707488827407,30.058,-0.021,0.438,0.0,0,0,1,,1.0,2026-03-16T15:15:26.400527,sad,0.428,2026-03-16T15:15:26.400527,0.8412568493990091,2026-03-16T15:15:27,75,,,
participant_19,2,day,Town10HD_Opt,2026-03-16 15:15:27.417843,-7.835458278656006,69.94505310058594,0.0020918655209243,29.261,-0.656,0.027,0.0,0,0,1,,1.0,2026-03-16T15:15:27.417843,sad,0.428,2026-03-16T15:15:26.400527,0.8707448940414926,2026-03-16T15:15:27.991000,73,,,
participant_19,2,day,Town10HD_Opt,2026-03-16 15:15:28.458666,-4.665686130523682,69.9842529296875,0.00224369042553,24.978,-0.005,0.0,0.0,0,0,1,,1.0,2026-03-16T15:15:28.458666,neutral,0.887,2026-03-16T15:15:28.458666,0.8226433438887267,2026-03-16T15:15:29.115000,67,,,
participant_19,2,day,Town10HD_Opt,2026-03-16 15:15:28.997449,-3.276573181152344,70.00006866455078,0.0022554397583007,22.763,-0.599,0.0,0.0,0,0,1,,1.0,2026-03-16T15:15:28.997449,neutral,0.887,2026-03-16T15:15:28.458666,0.8632092182856527,2026-03-16T15:15:29.970000,69,,,
participant_19,2,day,Town10HD_Opt,2026-03-16 15:15:30.026303,-0.8638150095939636,70.01390838623047,0.0022283552680164,18.898,0.04,0.117,0.0,0,0,1,,0.821,2026-03-16T15:15:30.026303,neutral,0.887,2026-03-16T15:15:28.458666,0.79576214781902,2026-03-16T15:15:29.970000,66,,,
participant_19,2,day,Town10HD_Opt,2026-03-16 15:15:31.091687,1.2523479461669922,70.0247573852539,0.0020856475457549,18.08,-0.435,0.473,0.0,0,0,1,,1.0,2026-03-16T15:15:31.091687,neutral,0.511,2026-03-16T15:15:31.091687,0.8500834838842517,2026-03-16T15:15:31.006000,67,,,
participant_19,2,day,Town10HD_Opt,2026-03-16 15:15:32.168178,3.37491774559021,70.0271987915039,0.002032165415585,18.504,-0.092,0.372,0.0,0,0,1,,0.824,2026-03-16T15:15:32.168178,neutral,0.511,2026-03-16T15:15:31.091687,0.8022443688727836,2026-03-16T15:15:32.986000,63,,,
participant_19,2,day,Town10HD_Opt,2026-03-16 15:15:33.207156,5.579844951629639,70.02885437011719,0.002013778546825,19.2,0.113,0.303,0.0,0,0,1,,1.0,2026-03-16T15:15:33.207156,neutral,0.668,2026-03-16T15:15:33.207156,0.899404124877784,2026-03-16T15:15:33.975000,64,,,
participant_19,2,day,Town10HD_Opt,2026-03-16 15:15:34.252299,7.81735897064209,70.03305053710938,0.0020457457285374,19.112,0.059,0.277,0.0,0,0,1,,1.0,2026-03-16T15:15:34.252299,neutral,0.668,2026-03-16T15:15:33.207156,0.7616887366791358,2026-03-16T15:15:35.011000,63,,,
participant_19,2,day,Town10HD_Opt,2026-03-16 15:15:35.273544,10.008819580078123,70.03898620605469,0.0021028518676757,18.053,0.087,0.0,0.0,0,0,1,,1.0,2026-03-16T15:15:35.273544,neutral,0.607,2026-03-16T15:15:35.273544,0.9307383457671196,2026-03-16T15:15:36.045000,62,,,
participant_19,2,day,Town10HD_Opt,2026-03-16 15:15:36.278490,12.00515079498291,70.04617309570312,0.0019978713244199,15.601,0.087,0.0,0.0,0,0,1,,1.0,2026-03-16T15:15:36.278490,neutral,0.607,2026-03-16T15:15:35.273544,0.807745471758128,2026-03-16T15:15:37.035000,63,,,
participant_19,2,day,Town10HD_Opt,2026-03-16 15:15:37.312480,13.694883346557615,70.05364227294922,0.0020403671078383,13.073,0.087,0.027,0.0,0,0,1,,1.0,2026-03-16T15:15:37.312480,neutral,0.651,2026-03-16T15:15:37.312480,0.8046820025226376,2026-03-16T15:15:37.981000,63,,,
participant_19,2,day,Town10HD_Opt,2026-03-16 15:15:38.396230,15.130419731140137,70.059814453125,0.0019987868145108,11.604,-0.223,0.176,0.0,0,0,1,,0.852,2026-03-16T15:15:38.396230,neutral,0.651,2026-03-16T15:15:37.312480,0.8552735809487817,2026-03-16T15:15:38.971000,61,,,
participant_19,2,day,Town10HD_Opt,2026-03-16 15:15:39.423541,16.4664306640625,70.06206512451172,0.0019353865645825,11.346,-0.204,0.159,0.0,0,0,1,,0.806,2026-03-16T15:15:39.423541,neutral,0.601,2026-03-16T15:15:39.423541,0.9213813249331124,2026-03-16T15:15:40.006000,65,,,
participant_19,2,day,Town10HD_Opt,2026-03-16 15:15:40.457450,17.77175521850586,70.06270599365234,0.0019439696334302,10.903,-0.12,0.044,0.0,0,0,1,,1.0,2026-03-16T15:15:40.457450,neutral,0.601,2026-03-16T15:15:39.423541,0.9291483099827716,2026-03-16T15:15:41.085000,62,,,
participant_19,2,day,Town10HD_Opt,2026-03-16 15:15:41.059897,18.39020156860352,70.06275939941406,0.0019695663359016,10.11,-0.096,0.0,0.0,0,0,1,,0.803,2026-03-16T15:15:41.059897,neutral,0.601,2026-03-16T15:15:39.423541,0.94046819533129,2026-03-16T15:15:42.031000,60,,,
participant_19,2,day,Town10HD_Opt,2026-03-16 15:15:42.146324,19.48531723022461,70.0623779296875,0.0020040511153638,8.465,-0.11,0.0,0.059,0,0,1,,1.0,2026-03-16T15:15:42.146324,neutral,0.761,2026-03-16T15:15:42.146324,0.8861764247781634,2026-03-16T15:15:42.976000,62,,,
participant_19,2,day,Town10HD_Opt,2026-03-16 15:15:43.165922,20.36100959777832,70.06148529052734,0.0019935606978833,6.841,-0.11,0.136,0.0,0,0,1,,1.0,2026-03-16T15:15:43.165922,neutral,0.761,2026-03-16T15:15:42.146324,0.9016420972703746,2026-03-16T15:15:44.056000,65,,,
participant_19,2,day,Town10HD_Opt,2026-03-16 15:15:44.301223,21.17433357238769,70.05998992919922,0.0018582915654405,8.004,-0.233,0.286,0.0,0,0,1,,1.0,2026-03-16T15:15:44.301223,neutral,0.862,2026-03-16T15:15:44.301223,0.8736223737292972,2026-03-16T15:15:45.091000,64,,,
participant_19,2,day,Town10HD_Opt,2026-03-16 15:15:45.388861,22.15913772583008,70.05687713623047,0.0018821716075763,8.718,-0.172,0.115,0.0,0,0,1,,1.0,2026-03-16T15:15:45.388861,neutral,0.862,2026-03-16T15:15:44.301223,0.8685111072938636,2026-03-16T15:15:45.991000,65,,,
participant_19,2,day,Town10HD_Opt,2026-03-16 15:15:46.452176,23.148664474487305,70.05345916748047,0.0019520949572324,7.923,-0.078,0.0,0.0,0,0,1,,1.0,2026-03-16T15:15:46.452176,neutral,0.844,2026-03-16T15:15:46.452176,0.8717453921674074,2026-03-16T15:15:46.981000,66,,,
participant_19,2,day,Town10HD_Opt,2026-03-16 15:15:46.995962,23.59713363647461,70.0518798828125,0.0019742583390325,7.267,-0.078,0.0,0.0,0,0,1,,1.0,2026-03-16T15:15:46.995962,neutral,0.844,2026-03-16T15:15:46.452176,0.8522671795272052,2026-03-16T15:15:46.981000,64,,,
participant_19,2,day,Town10HD_Opt,2026-03-16 15:15:47.995113,24.381765365600582,70.04888153076172,0.0019902037456631,5.929,-0.078,0.0,0.291,0,0,1,,1.0,2026-03-16T15:15:47.995113,neutral,0.844,2026-03-16T15:15:46.452176,0.8513219232455339,2026-03-16T15:15:47.971000,62,,,
participant_19,2,day,Town10HD_Opt,2026-03-16 15:15:49.018097,24.49342918395996,70.04800415039062,0.0020527648739516,0.0,-0.068,0.0,0.014,0,0,1,,1.0,2026-03-16T15:15:49.018097,neutral,0.566,2026-03-16T15:15:49.018097,0.7604460225583558,2026-03-16T15:15:49.005000,65,,,
participant_19,2,day,Town10HD_Opt,2026-03-16 15:15:50.087619,24.549530029296875,70.04778289794922,0.0018293762113898,1.928,-0.068,0.384,0.0,0,0,1,,0.846,2026-03-16T15:15:50.087619,neutral,0.566,2026-03-16T15:15:49.018097,0.829143124777125,2026-03-16T15:15:49.996000,66,,,
participant_19,2,day,Town10HD_Opt,2026-03-16 15:15:51.196709,24.91681289672852,70.0467529296875,0.0018096923595294,4.347,-0.068,0.134,0.0,0,0,1,,0.868,2026-03-16T15:15:51.196709,neutral,0.655,2026-03-16T15:15:51.196709,0.7718235006163113,2026-03-16T15:15:51.977000,64,,,
participant_19,2,day,Town10HD_Opt,2026-03-16 15:15:52.307714,25.435375213623047,70.04485321044922,0.0018952559912577,4.648,-0.068,0.064,0.0,0,0,1,,1.0,2026-03-16T15:15:52.307714,neutral,0.655,2026-03-16T15:15:51.196709,0.7411411573220358,2026-03-16T15:15:53.010000,63,,,
participant_19,2,day,Town10HD_Opt,2026-03-16 15:15:53.344954,25.872961044311523,70.04317474365234,0.0022516250610351,0.0,-0.068,0.0,0.148,0,0,1,,0.835,2026-03-16T15:15:53.344954,neutral,0.336,2026-03-16T15:15:53.344954,0.684979913495494,2026-03-16T15:15:54.001000,63,,,
participant_19,2,day,Town10HD_Opt,2026-03-16 15:15:54.359541,25.87470817565918,70.04317474365234,0.0019540023058652,0.196,-0.068,0.462,0.0,0,0,1,,0.823,2026-03-16T15:15:54.359541,neutral,0.336,2026-03-16T15:15:53.344954,0.6779956483555778,2026-03-16T15:15:54.990000,64,,,
participant_19,2,day,Town10HD_Opt,2026-03-16 15:15:55.427959,26.149808883666992,70.04206085205078,0.0016225051367655,6.674,-0.078,0.895,0.0,0,0,1,,0.821,2026-03-16T15:15:55.427959,neutral,0.312,2026-03-16T15:15:55.427959,0.6830188479694353,2026-03-16T15:15:55.980000,63,,,
participant_19,2,day,Town10HD_Opt,2026-03-16 15:15:56.002404,26.630651473999023,70.0374526977539,0.001529159490019,10.793,-2.207,0.56,0.0,0,0,1,,1.0,2026-03-16T15:15:56.002404,neutral,0.312,2026-03-16T15:15:55.427959,0.7184787864859841,2026-03-16T15:15:56.971000,66,,,
participant_19,2,day,Town10HD_Opt,2026-03-16 15:15:57.088908,28.1064395904541,69.96867370605469,0.0017203902825713,14.311,-5.373,0.294,0.0,0,0,1,,1.0,2026-03-16T15:15:57.088908,neutral,0.312,2026-03-16T15:15:55.427959,0.6091074805822908,2026-03-16T15:15:58.050000,67,,,errors=Stop sign violation
participant_19,2,day,Town10HD_Opt,2026-03-16 15:15:58.163894,29.81591033935547,69.79723358154297,0.0018985366914421,14.698,-5.874,0.187,0.0,0,0,1,,1.0,2026-03-16T15:15:58.163894,angry,0.868,2026-03-16T15:15:58.163894,0.5821290777315923,2026-03-16T15:15:59.085000,66,,,
participant_19,2,day,Town10HD_Opt,2026-03-16 15:15:59.224564,31.49023628234864,69.51004791259766,0.0019227599259465,14.582,-9.521,0.227,0.0,0,0,1,,1.0,2026-03-16T15:15:59.224564,angry,0.868,2026-03-16T15:15:58.163894,0.5864618999562176,2026-03-16T15:15:59.986000,62,,,
participant_19,2,day,Town10HD_Opt,2026-03-16 15:16:00.317089,33.1467399597168,69.05994415283203,0.0018991088727489,15.084,-9.397,0.27,0.0,0,0,1,,1.0,2026-03-16T15:16:00.317089,angry,0.842,2026-03-16T15:16:00.317089,0.6356629641187045,2026-03-16T15:16:00.975000,65,,,
participant_19,2,day,Town10HD_Opt,2026-03-16 15:16:01.352862,34.81754684448242,68.45549011230469,0.001907997066155,15.4,-9.028,0.249,0.0,0,0,1,,1.0,2026-03-16T15:16:01.352862,angry,0.842,2026-03-16T15:16:00.317089,0.6006146398779427,2026-03-16T15:16:02.100000,63,,,
participant_19,2,day,Town10HD_Opt,2026-03-16 15:16:01.990530,35.64859771728516,68.09774017333984,0.0018938827561214,15.768,-8.193,0.352,0.0,0,0,1,,1.0,2026-03-16T15:16:01.990530,angry,0.842,2026-03-16T15:16:00.317089,0.615910588620413,2026-03-16T15:16:02.100000,64,,,
participant_19,2,day,Town10HD_Opt,2026-03-16 15:16:03.048899,37.38044738769531,67.25823211669922,0.001853485009633,17.342,-7.019,0.348,0.0,0,0,1,,1.0,2026-03-16T15:16:03.048899,sad,0.473,2026-03-16T15:16:03.048899,0.5296787503193551,2026-03-16T15:16:03.991000,68,,,
participant_19,2,day,Town10HD_Opt,2026-03-16 15:16:04.098270,39.15510559082031,66.18341064453125,0.0020981596317142,18.211,-12.033,0.33,0.0,0,0,1,,1.0,2026-03-16T15:16:04.098270,sad,0.473,2026-03-16T15:16:03.048899,0.5464012789906845,2026-03-16T15:16:04.981000,65,,,
participant_19,2,day,Town10HD_Opt,2026-03-16 15:16:05.128248,40.7874755859375,64.83441925048828,0.0020539474207907,18.282,-13.846,0.329,0.0,0,0,1,,1.0,2026-03-16T15:16:05.128248,angry,0.543,2026-03-16T15:16:05.128248,0.5717954949815565,2026-03-16T15:16:05.971000,66,,,
participant_19,2,day,Town10HD_Opt,2026-03-16 15:16:06.177035,42.20428466796875,63.25136947631836,0.0020617675036191,18.259,-15.199,0.304,0.0,0,0,1,,1.0,2026-03-16T15:16:06.177035,angry,0.543,2026-03-16T15:16:05.128248,0.5014277858846756,2026-03-16T15:16:07.006000,65,,,
participant_19,2,day,Town10HD_Opt,2026-03-16 15:16:07.200233,43.33170700073242,61.4498291015625,0.0020519637037068,18.25,-15.765,0.298,0.0,0,0,1,,1.0,2026-03-16T15:16:07.200233,fear,0.518,2026-03-16T15:16:07.200233,0.5968346679152658,2026-03-16T15:16:07.996000,65,,,
participant_19,2,day,Town10HD_Opt,2026-03-16 15:16:08.235883,44.14341354370117,59.48727035522461,0.0020590589847415,18.249,-14.683,0.297,0.0,0,0,1,,0.834,2026-03-16T15:16:08.235883,fear,0.518,2026-03-16T15:16:07.200233,0.5620216743130216,2026-03-16T15:16:09.031000,63,,,
participant_19,2,day,Town10HD_Opt,2026-03-16 15:16:09.256870,44.63713836669922,57.425418853759766,0.0020301055628806,18.408,-14.638,0.227,0.0,0,0,1,,1.0,2026-03-16T15:16:09.256870,sad,0.725,2026-03-16T15:16:09.256870,0.5162643668738736,2026-03-16T15:16:10.020000,65,,,
participant_19,2,day,Town10HD_Opt,2026-03-16 15:16:10.330150,44.79506301879883,55.3201789855957,0.0018510818481445,17.868,-13.28,0.165,0.0,0,0,1,,1.0,2026-03-16T15:16:10.330150,sad,0.725,2026-03-16T15:16:09.256870,0.5890843829592932,2026-03-16T15:16:11.011000,63,,,
participant_19,2,day,Town10HD_Opt,2026-03-16 15:16:11.482778,44.74850082397461,53.19794464111328,0.0020597837865352,19.592,-4.575,0.804,0.0,0,0,1,,1.0,2026-03-16T15:16:11.482778,sad,0.647,2026-03-16T15:16:11.482778,0.5104905966564509,2026-03-16T15:16:12.090000,64,,,
participant_19,2,day,Town10HD_Opt,2026-03-16 15:16:12.042004,44.69409942626953,51.99608612060547,0.0018576049478724,22.692,-4.31,0.314,0.0,0,0,1,,1.0,2026-03-16T15:16:12.042004,sad,0.647,2026-03-16T15:16:11.482778,0.4749374152195335,2026-03-16T15:16:12.990000,63,,,
participant_19,2,day,Town10HD_Opt,2026-03-16 15:16:13.120307,44.51127243041992,49.28372573852539,0.0020785140804946,22.359,1.006,0.0,0.37,0,0,1,,0.85,2026-03-16T15:16:13.120307,sad,0.647,2026-03-16T15:16:11.482778,0.5250856327431065,2026-03-16T15:16:13.981000,67,,,
participant_19,2,day,Town10HD_Opt,2026-03-16 15:16:14.175325,44.3836555480957,46.98998260498047,0.0020779799669981,17.096,0.855,0.0,0.447,0,0,1,,1.0,2026-03-16T15:16:14.175325,neutral,0.46,2026-03-16T15:16:14.175325,0.5040120469601951,2026-03-16T15:16:14.971000,63,,,
participant_19,2,day,Town10HD_Opt,2026-03-16 15:16:15.239844,44.30617904663086,45.28828430175781,0.0021277617197483,12.032,0.78,0.0,0.407,0,0,1,,1.0,2026-03-16T15:16:15.239844,neutral,0.46,2026-03-16T15:16:14.175325,0.5262509980530256,2026-03-16T15:16:16.050000,65,Solid line crossing,Solid line crossing,
participant_19,2,day,Town10HD_Opt,2026-03-16 15:16:16.321819,44.25876235961914,44.08383560180664,0.0021087646018713,8.208,0.728,0.0,0.35,0,0,1,,1.0,2026-03-16T15:16:16.321819,fear,0.347,2026-03-16T15:16:16.321819,0.5649410264070314,2026-03-16T15:16:17.086000,67,,,
participant_19,2,day,Town10HD_Opt,2026-03-16 15:16:17.365264,44.2259521484375,43.21051025390625,0.0020063780248165,6.791,-0.134,0.039,0.0,0,0,1,,1.0,2026-03-16T15:16:17.365264,fear,0.347,2026-03-16T15:16:16.321819,0.5164980306981186,2026-03-16T15:16:18.031000,63,,,
participant_19,2,day,Town10HD_Opt,2026-03-16 15:16:18.451605,44.195350646972656,42.4697494506836,0.0019398116273805,6.3,-0.11,0.302,0.0,0,0,1,,1.0,2026-03-16T15:16:18.451605,neutral,0.343,2026-03-16T15:16:18.451605,0.4974461653916037,2026-03-16T15:16:18.976000,64,,,
participant_19,2,day,Town10HD_Opt,2026-03-16 15:16:19.459337,44.158939361572266,41.584808349609375,0.0017407225677743,9.742,0.381,0.65,0.0,0,0,1,,0.828,2026-03-16T15:16:19.459337,neutral,0.343,2026-03-16T15:16:18.451605,0.516639842632956,2026-03-16T15:16:20.011000,63,,,
participant_19,2,day,Town10HD_Opt,2026-03-16 15:16:19.995938,44.14252853393555,40.9258918762207,0.0016582488315179,12.739,3.768,0.614,0.0,0,0,1,,1.0,2026-03-16T15:16:19.995938,neutral,0.343,2026-03-16T15:16:18.451605,0.5519987305477251,2026-03-16T15:16:20.011000,63,,,
participant_19,2,day,Town10HD_Opt,2026-03-16 15:16:21.066943,44.206809997558594,39.13554382324219,0.0016811751993373,17.707,9.921,0.584,0.0,0,0,1,,0.82,2026-03-16T15:16:21.066943,neutral,0.501,2026-03-16T15:16:21.066943,0.4638941920052088,2026-03-16T15:16:21.991000,62,,,
participant_19,2,day,Town10HD_Opt,2026-03-16 15:16:22.111927,44.53221130371094,36.94604110717773,0.0019710541237145,20.142,13.219,0.456,0.0,0,0,1,,1.0,2026-03-16T15:16:22.111927,neutral,0.501,2026-03-16T15:16:21.066943,0.4261101056140716,2026-03-16T15:16:22.981000,63,,,
participant_19,2,day,Town10HD_Opt,2026-03-16 15:16:23.149726,45.27049255371094,34.63784408569336,0.0019834898412227,21.782,17.628,0.448,0.0,0,0,1,,1.0,2026-03-16T15:16:23.149726,neutral,0.532,2026-03-16T15:16:23.149726,0.4675674110835434,2026-03-16T15:16:23.971000,67,,,
participant_19,2,day,Town10HD_Opt,2026-03-16 15:16:24.187508,46.55646514892578,32.379573822021484,0.0019974899478256,23.219,16.895,0.394,0.0,0,0,1,,1.0,2026-03-16T15:16:24.187508,neutral,0.532,2026-03-16T15:16:23.149726,0.4689006902947483,2026-03-16T15:16:25.006000,64,,,
participant_19,2,day,Town10HD_Opt,2026-03-16 15:16:25.219198,48.33614730834961,30.37868881225586,0.0021029280032962,22.673,16.913,0.222,0.0,0,0,1,,1.0,2026-03-16T15:16:25.219198,neutral,0.535,2026-03-16T15:16:25.219198,0.4793560886074172,2026-03-16T15:16:26.041000,66,,,
participant_19,2,day,Town10HD_Opt,2026-03-16 15:16:26.294721,50.36985778808594,28.88643455505371,0.0021426773164421,21.087,16.714,0.222,0.0,0,0,1,,1.0,2026-03-16T15:16:26.294721,neutral,0.535,2026-03-16T15:16:25.219198,0.4622297166849115,2026-03-16T15:16:26.986000,68,,,
participant_19,2,day,Town10HD_Opt,2026-03-16 15:16:27.360551,52.48986053466797,27.881227493286133,0.0021303556859493,19.687,13.936,0.227,0.0,0,0,1,,1.0,2026-03-16T15:16:27.360551,neutral,0.737,2026-03-16T15:16:27.360551,0.4541404537829211,2026-03-16T15:16:28.021000,67,,,
participant_19,2,day,Town10HD_Opt,2026-03-16 15:16:28.415465,54.58722686767578,27.208879470825195,0.0025333403609693,18.528,7.946,0.191,0.0,0,0,1,,1.0,2026-03-16T15:16:28.415465,neutral,0.737,2026-03-16T15:16:27.360551,0.4272452988111673,2026-03-16T15:16:29.011000,71,,,
participant_19,2,day,Town10HD_Opt,2026-03-16 15:16:29.484581,56.60450744628906,26.685585021972656,0.001904067932628,17.03,3.036,0.0,0.0,0,0,1,,1.0,2026-03-16T15:16:29.484581,neutral,0.423,2026-03-16T15:16:29.484581,0.4319497705495551,2026-03-16T15:16:30.001000,68,,,
participant_19,2,day,Town10HD_Opt,2026-03-16 15:16:30.030434,57.528076171875,26.461706161499023,0.0028974914457648,15.613,2.172,0.0,0.0,0,0,1,,1.0,2026-03-16T15:16:30.030434,neutral,0.423,2026-03-16T15:16:29.484581,0.5160666306022454,2026-03-16T15:16:30.001000,69,,,
participant_19,2,day,Town10HD_Opt,2026-03-16 15:16:31.133459,59.15627670288086,26.11149787902832,0.0020152663346379,13.077,4.473,0.0,0.0,0,0,1,,1.0,2026-03-16T15:16:31.133459,neutral,0.423,2026-03-16T15:16:29.484581,0.4500612112514917,2026-03-16T15:16:31.981000,67,,,
participant_19,2,day,Town10HD_Opt,2026-03-16 15:16:32.229994,60.56787872314453,25.8733139038086,0.0019595718476921,12.041,4.7,0.195,0.0,0,0,1,,1.0,2026-03-16T15:16:32.229994,neutral,0.826,2026-03-16T15:16:32.229994,0.4035713491331532,2026-03-16T15:16:32.971000,65,,,
participant_19,2,day,Town10HD_Opt,2026-03-16 15:16:33.334083,61.95853805541992,25.69296264648437,0.0019297408871352,11.938,4.761,0.163,0.0,0,0,1,,1.0,2026-03-16T15:16:33.334083,neutral,0.826,2026-03-16T15:16:32.229994,0.4437763148977385,2026-03-16T15:16:34.006000,70,,,
participant_19,2,day,Town10HD_Opt,2026-03-16 15:16:34.370747,63.31386947631836,25.555639266967773,0.0019648743327707,11.126,2.732,0.0,0.0,0,0,1,,1.0,2026-03-16T15:16:34.370747,neutral,0.451,2026-03-16T15:16:34.370747,0.5040774517194087,2026-03-16T15:16:34.995000,70,,,
participant_19,2,day,Town10HD_Opt,2026-03-16 15:16:35.459976,64.50013732910156,25.454729080200195,0.0020019148942083,9.219,4.178,0.0,0.0,0,0,1,,1.0,2026-03-16T15:16:35.459976,neutral,0.451,2026-03-16T15:16:34.370747,0.4353797272541312,2026-03-16T15:16:36.031000,67,,,
participant_19,2,day,Town10HD_Opt,2026-03-16 15:16:36.020113,65.01640319824219,25.42366600036621,0.0020105361472815,8.383,3.938,0.0,0.042,0,0,1,,1.0,2026-03-16T15:16:36.020113,neutral,0.451,2026-03-16T15:16:34.370747,0.443359430447132,2026-03-16T15:16:36.976000,67,,,
participant_19,2,day,Town10HD_Opt,2026-03-16 15:16:37.061094,65.86968231201172,25.38382911682129,0.0020204542670398,6.136,3.815,0.0,0.115,0,0,1,,1.0,2026-03-16T15:16:37.061094,neutral,0.529,2026-03-16T15:16:37.061094,0.4454801257754459,2026-03-16T15:16:38.011000,69,,,
participant_19,2,day,Town10HD_Opt,2026-03-16 15:16:38.073974,66.24371337890625,25.37088966369629,0.002242088317871,0.001,3.62,0.0,0.135,0,0,1,,1.0,2026-03-16T15:16:38.073974,neutral,0.529,2026-03-16T15:16:37.061094,0.4223790234747502,2026-03-16T15:16:39.001000,66,,,
participant_19,2,day,Town10HD_Opt,2026-03-16 15:16:39.145190,66.24513244628906,25.37085151672364,0.0019539259374141,0.037,1.615,0.0,0.0,0,0,1,,1.0,2026-03-16T15:16:39.145190,neutral,0.603,2026-03-16T15:16:39.145190,0.3870656169754108,2026-03-16T15:16:40.080000,68,,,
participant_19,2,day,Town10HD_Opt,2026-03-16 15:16:40.365503,66.24907684326172,25.370662689208984,0.0019219588721171,0.035,1.605,0.0,0.0,0,0,1,,1.0,2026-03-16T15:16:40.365503,neutral,0.603,2026-03-16T15:16:39.145190,0.4030128647155806,2026-03-16T15:16:41.026000,67,,,
participant_19,2,day,Town10HD_Opt,2026-03-16 15:16:41.426612,66.2524642944336,25.370500564575195,0.0019194030901417,0.03,1.586,0.0,0.0,0,0,1,,1.0,2026-03-16T15:16:41.426612,neutral,0.362,2026-03-16T15:16:41.426612,0.3917978900564874,2026-03-16T15:16:41.971000,63,,,
participant_19,2,day,Town10HD_Opt,2026-03-16 15:16:42.460873,66.25529479980469,25.37037467956543,0.0019192504696547,0.026,1.586,0.0,0.0,0,0,1,,1.0,2026-03-16T15:16:42.460873,neutral,0.362,2026-03-16T15:16:41.426612,0.4063686205484362,2026-03-16T15:16:43.006000,64,,,
participant_19,2,day,Town10HD_Opt,2026-03-16 15:16:42.993597,66.25653839111328,25.370311737060547,0.0019192122854292,0.024,1.586,0.0,0.0,0,0,1,,1.0,2026-03-16T15:16:42.993597,neutral,0.362,2026-03-16T15:16:41.426612,0.4959042696650897,2026-03-16T15:16:43.006000,62,,,
participant_19,2,day,Town10HD_Opt,2026-03-16 15:16:44.069679,66.25557708740234,25.370346069335938,0.0019173811888322,0.138,1.586,0.018,0.0,0,0,1,,1.0,2026-03-16T15:16:44.069679,neutral,0.524,2026-03-16T15:16:44.069679,0.3816196772753255,2026-03-16T15:16:44.987000,62,,,
participant_19,2,day,Town10HD_Opt,2026-03-16 15:16:45.154243,66.22210693359375,25.37175750732422,0.002019424457103,2.583,1.401,0.73,0.0,0,1,-1,,1.0,2026-03-16T15:16:45.154243,neutral,0.524,2026-03-16T15:16:44.069679,0.4729203647745024,2026-03-16T15:16:46.021000,60,,,
participant_19,2,day,Town10HD_Opt,2026-03-16 15:16:46.205153,65.63668060302734,25.39989471435547,0.0021428680047392,7.258,1.264,0.609,0.0,0,1,-1,,1.0,2026-03-16T15:16:46.205153,angry,0.339,2026-03-16T15:16:46.205153,0.3648208440211567,2026-03-16T15:16:47.101000,61,,,
participant_19,2,day,Town10HD_Opt,2026-03-16 15:16:47.270904,64.61530303955078,25.455942153930664,0.0020122528076171,9.427,1.029,0.449,0.0,0,1,-1,,1.0,2026-03-16T15:16:47.270904,angry,0.339,2026-03-16T15:16:46.205153,0.3806642833589738,2026-03-16T15:16:48,64,,,
participant_19,2,day,Town10HD_Opt,2026-03-16 15:16:48.368871,63.50049591064453,25.52478408813477,0.0019365310436114,9.68,1.029,0.449,0.0,0,1,-1,,1.0,2026-03-16T15:16:48.368871,neutral,0.61,2026-03-16T15:16:48.368871,0.3800125394955199,2026-03-16T15:16:48.991000,64,,,
participant_19,2,day,Town10HD_Opt,2026-03-16 15:16:49.484397,62.36818313598633,25.601938247680664,0.0019251632038503,9.776,1.029,0.449,0.0,0,1,-1,,1.0,2026-03-16T15:16:49.484397,neutral,0.61,2026-03-16T15:16:48.368871,0.4046468669937358,2026-03-16T15:16:49.981000,63,Solid line crossing,Solid line crossing,
participant_19,2,day,Town10HD_Opt,2026-03-16 15:16:50.020074,61.79829406738281,25.643598556518555,0.00192344665993,9.812,0.907,0.454,0.0,0,1,-1,,1.0,2026-03-16T15:16:50.020074,neutral,0.61,2026-03-16T15:16:48.368871,0.4863335378441438,2026-03-16T15:16:49.981000,61,,,
participant_19,2,day,Town10HD_Opt,2026-03-16 15:16:51.061298,60.64297866821289,25.741554260253903,0.0019368361681699,10.187,-0.423,0.481,0.0,0,1,-1,,1.0,2026-03-16T15:16:51.061298,neutral,0.417,2026-03-16T15:16:51.061298,0.4648059413070562,2026-03-16T15:16:52.005000,64,,,
participant_19,2,day,Town10HD_Opt,2026-03-16 15:16:52.146566,59.43436050415039,25.840431213378903,0.001941108610481,10.613,-0.16,0.48,0.0,0,1,-1,,1.0,2026-03-16T15:16:52.146566,neutral,0.417,2026-03-16T15:16:51.061298,0.4133463984287654,2026-03-16T15:16:52.997000,61,,,
participant_19,2,day,Town10HD_Opt,2026-03-16 15:16:53.206963,58.1806526184082,25.940874099731445,0.001933746272698,10.914,-0.16,0.478,0.0,0,1,-1,,1.0,2026-03-16T15:16:53.206963,neutral,0.38,2026-03-16T15:16:53.206963,0.4630719966684081,2026-03-16T15:16:53.986000,60,,,
participant_19,2,day,Town10HD_Opt,2026-03-16 15:16:54.280176,56.89983367919922,26.042055130004883,0.0019281005952507,11.094,-0.16,0.478,0.0,0,1,-1,,1.0,2026-03-16T15:16:54.280176,neutral,0.38,2026-03-16T15:16:53.206963,0.4278476656552737,2026-03-16T15:16:55.066000,61,,,
participant_19,2,day,Town10HD_Opt,2026-03-16 15:16:55.320451,55.601810455322266,26.14311981201172,0.0019251251360401,11.223,-0.16,0.478,0.0,0,1,-1,,1.0,2026-03-16T15:16:55.320451,angry,0.316,2026-03-16T15:16:55.320451,0.5416757909915537,2026-03-16T15:16:56.011000,62,,,
participant_19,2,day,Town10HD_Opt,2026-03-16 15:16:56.342604,54.292137145996094,26.243576049804688,0.0019231032347306,11.294,-0.16,0.477,0.0,0,1,-1,,1.0,2026-03-16T15:16:56.342604,angry,0.316,2026-03-16T15:16:55.320451,0.5855964888340074,2026-03-16T15:16:57,64,,,
participant_19,2,day,Town10HD_Opt,2026-03-16 15:16:57.425101,52.97555160522461,26.336132049560547,0.0019197463989257,11.304,1.676,0.467,0.0,0,1,-1,,1.0,2026-03-16T15:16:57.425101,fear,0.277,2026-03-16T15:16:57.425101,0.6055363226852255,2026-03-16T15:16:57.991000,62,,,
participant_19,2,day,Town10HD_Opt,2026-03-16 15:16:58.469826,51.66591644287109,26.43332290649414,0.0019145965343341,11.203,0.985,0.466,0.0,0,1,-1,,1.0,2026-03-16T15:16:58.469826,fear,0.277,2026-03-16T15:16:57.425101,0.6941653366796844,2026-03-16T15:16:58.981000,61,,,
participant_19,2,day,Town10HD_Opt,2026-03-16 15:16:59.041654,51.01649475097656,26.489803314208984,0.0019140624208375,11.15,0.336,0.465,0.0,0,1,-1,,1.0,2026-03-16T15:16:59.041654,fear,0.277,2026-03-16T15:16:57.425101,0.6052097439426297,2026-03-16T15:16:58.981000,61,,,
participant_19,2,day,Town10HD_Opt,2026-03-16 15:17:00.086335,49.7270393371582,26.609771728515625,0.001914749154821,11.058,0.042,0.465,0.0,0,1,-1,,1.0,2026-03-16T15:17:00.086335,neutral,0.356,2026-03-16T15:17:00.086335,0.7088040591331001,2026-03-16T15:17:01.006000,62,,,
participant_19,2,day,Town10HD_Opt,2026-03-16 15:17:01.187842,48.44672775268555,26.73022079467773,0.0019160079536959,10.993,0.026,0.465,0.0,0,1,-1,,1.0,2026-03-16T15:17:01.187842,neutral,0.356,2026-03-16T15:17:00.086335,0.6939154814246211,2026-03-16T15:17:01.996000,61,,,
participant_19,2,day,Town10HD_Opt,2026-03-16 15:17:02.292561,47.17206954956055,26.85056495666504,0.001919021597132,10.999,0.023,0.482,0.0,0,1,-1,,1.0,2026-03-16T15:17:02.292561,happy,0.994,2026-03-16T15:17:02.292561,0.7984876173371944,2026-03-16T15:17:02.987000,61,,,
participant_19,2,day,Town10HD_Opt,2026-03-16 15:17:03.373601,45.89781188964844,26.985212326049805,0.0018844985170289,10.445,-8.027,0.016,0.0,0,1,-1,,0.82,2026-03-16T15:17:03.373601,happy,0.994,2026-03-16T15:17:02.292561,0.715886387251976,2026-03-16T15:17:04.111000,59,,,
participant_19,2,day,Town10HD_Opt,2026-03-16 15:17:04.454408,45.004730224609375,27.136796951293945,0.0016854094574227,4.966,-23.706,0.111,0.0,0,1,-1,,1.0,2026-03-16T15:17:04.454408,neutral,0.766,2026-03-16T15:17:04.454408,0.7740054858230601,2026-03-16T15:17:05.011000,61,,,
participant_19,2,day,Town10HD_Opt,2026-03-16 15:17:05.003861,44.75433349609375,27.183237075805664,0.001739349332638,3.76,-28.279,0.267,0.0,0,1,-1,,1.0,2026-03-16T15:17:05.003861,neutral,0.766,2026-03-16T15:17:04.454408,0.8767455837223229,2026-03-16T15:17:05.011000,62,,,
participant_19,2,day,Town10HD_Opt,2026-03-16 15:17:06.069787,44.37129974365234,27.25336456298828,0.001958503620699,4.147,-32.556,0.525,0.0,0,1,-1,phone_call,0.881,2026-03-16T15:17:06.069787,neutral,0.766,2026-03-16T15:17:04.454408,0.7919409797097922,2026-03-16T15:17:06.991000,63,,,
participant_19,2,day,Town10HD_Opt,2026-03-16 15:17:07.138976,43.74562454223633,27.31348991394043,0.0020370483398437,6.885,-32.29,0.519,0.0,0,1,-1,,1.0,2026-03-16T15:17:07.138976,neutral,0.749,2026-03-16T15:17:07.138976,0.756754871073502,2026-03-16T15:17:07.981000,62,,,
participant_19,2,day,Town10HD_Opt,2026-03-16 15:17:08.241529,42.84849166870117,27.28306007385254,0.0020172118674963,8.485,-31.779,0.185,0.0,0,1,-1,phone_call,0.855,2026-03-16T15:17:08.241529,neutral,0.749,2026-03-16T15:17:07.138976,0.82517026106028,2026-03-16T15:17:09.016000,62,,,
participant_19,2,day,Town10HD_Opt,2026-03-16 15:17:09.297361,42.00721740722656,27.13039779663086,0.0018198012840002,5.666,-31.592,0.133,0.0,0,1,-1,,1.0,2026-03-16T15:17:09.297361,neutral,0.659,2026-03-16T15:17:09.297361,0.8721290043568766,2026-03-16T15:17:10.008000,64,Vehicle collision,Vehicle collision,
participant_19,2,day,Town10HD_Opt,2026-03-16 15:17:10.398563,41.51049041748047,26.97954368591309,0.0018196105957031,3.518,-31.592,0.332,0.0,0,1,-1,,1.0,2026-03-16T15:17:10.398563,neutral,0.659,2026-03-16T15:17:09.297361,0.8296880805679673,2026-03-16T15:17:10.996000,64,,,
participant_19,2,day,Town10HD_Opt,2026-03-16 15:17:11.466233,41.147308349609375,26.83751678466797,0.0019535827450454,4.06,-31.485,0.59,0.0,0,1,-1,,1.0,2026-03-16T15:17:11.466233,neutral,0.535,2026-03-16T15:17:11.466233,0.8229470276476633,2026-03-16T15:17:11.986000,61,,,
participant_19,2,day,Town10HD_Opt,2026-03-16 15:17:12.011327,40.89703369140625,26.72118186950684,0.0020314024295657,5.522,-31.434,0.58,0.0,0,1,-1,,1.0,2026-03-16T15:17:12.011327,neutral,0.535,2026-03-16T15:17:11.466233,0.7699195034026607,2026-03-16T15:17:11.986000,61,,,
participant_19,2,day,Town10HD_Opt,2026-03-16 15:17:13.115985,40.2239875793457,26.32227325439453,0.0019853210542351,7.086,-26.04,0.283,0.0,0,1,-1,,0.86,2026-03-16T15:17:13.115985,neutral,0.535,2026-03-16T15:17:11.466233,0.8301330294314079,2026-03-16T15:17:14.011000,61,,,
participant_19,2,day,Town10HD_Opt,2026-03-16 15:17:14.188030,39.82806396484375,26.00297737121582,0.001502571045421,0.006,-3.704,0.0,0.387,0,1,-1,,1.0,2026-03-16T15:17:14.188030,neutral,0.549,2026-03-16T15:17:14.188030,0.7743119164340346,2026-03-16T15:17:15.001000,63,,,
participant_19,2,day,Town10HD_Opt,2026-03-16 15:17:15.259390,39.83356857299805,26.00978660583496,0.0018367385491728,0.298,4.775,0.213,0.0,0,0,1,,1.0,2026-03-16T15:17:15.259390,neutral,0.549,2026-03-16T15:17:14.188030,0.7576293908233952,2026-03-16T15:17:15.991000,66,,,
participant_19,2,day,Town10HD_Opt,2026-03-16 15:17:16.291378,39.91723251342773,26.17560768127441,0.001729812589474,3.974,40.812,0.702,0.0,0,0,1,,0.87,2026-03-16T15:17:16.291378,neutral,0.412,2026-03-16T15:17:16.291378,0.7133050244300063,2026-03-16T15:17:16.981000,66,,,
participant_19,2,day,Town10HD_Opt,2026-03-16 15:17:17.317256,40.11816787719727,26.97248268127441,0.001656150794588,10.408,44.297,0.447,0.0,0,0,1,,1.0,2026-03-16T15:17:17.317256,neutral,0.412,2026-03-16T15:17:16.291378,0.7502222697635471,2026-03-16T15:17:18.016000,70,,,
participant_19,2,day,Town10HD_Opt,2026-03-16 15:17:18.360914,40.28203582763672,28.38233757019043,0.0017567061586305,14.046,17.763,0.392,0.0,0,0,1,,1.0,2026-03-16T15:17:18.360914,neutral,0.788,2026-03-16T15:17:18.360914,0.7030909584101411,2026-03-16T15:17:19.006000,70,,,
participant_19,2,day,Town10HD_Opt,2026-03-16 15:17:19.411376,40.408199310302734,30.14261817932129,0.0017794418381527,16.712,16.515,0.558,0.0,0,0,1,,1.0,2026-03-16T15:17:19.411376,neutral,0.788,2026-03-16T15:17:18.360914,0.7198174399036329,2026-03-16T15:17:19.996000,70,,,
participant_19,2,day,Town10HD_Opt,2026-03-16 15:17:20.096648,40.3960189819336,31.178258895874023,0.0019536970648914,18.752,7.834,0.582,0.0,0,0,1,,1.0,2026-03-16T15:17:20.096648,neutral,0.788,2026-03-16T15:17:18.360914,0.7280478782654833,2026-03-16T15:17:20.986000,74,,,
participant_19,2,day,Town10HD_Opt,2026-03-16 15:17:21.201432,40.35342025756836,33.4593620300293,0.0019261168781667,20.931,0.247,0.429,0.0,0,0,1,,1.0,2026-03-16T15:17:21.201432,neutral,0.423,2026-03-16T15:17:21.201432,0.7751952450137292,2026-03-16T15:17:22.022000,71,,,
participant_19,2,day,Town10HD_Opt,2026-03-16 15:17:22.290032,40.30849075317383,35.94416046142578,0.0020766067318618,20.663,0.602,0.0,0.0,0,0,1,,1.0,2026-03-16T15:17:22.290032,neutral,0.423,2026-03-16T15:17:21.201432,0.649086417265115,2026-03-16T15:17:23.104000,74,,,
participant_19,2,day,Town10HD_Opt,2026-03-16 15:17:23.353715,40.26291275024414,38.152565002441406,0.0019479751354083,17.555,-0.336,0.015,0.0,0,0,1,,0.842,2026-03-16T15:17:23.353715,neutral,0.33,2026-03-16T15:17:23.353715,0.7080802892093853,2026-03-16T15:17:24.002000,77,,,
participant_19,2,day,Town10HD_Opt,2026-03-16 15:17:24.461087,40.2188606262207,40.046165466308594,0.0020332336425781,14.943,8.592,0.018,0.0,0,0,1,,1.0,2026-03-16T15:17:24.461087,neutral,0.33,2026-03-16T15:17:23.353715,0.7253076390513742,2026-03-16T15:17:24.991000,79,,,
participant_19,2,day,Town10HD_Opt,2026-03-16 15:17:25.011299,40.11996078491211,40.8724250793457,0.0020419692154973,13.743,7.549,0.016,0.0,0,0,1,,1.0,2026-03-16T15:17:25.011299,neutral,0.33,2026-03-16T15:17:23.353715,0.6770927728986623,2026-03-16T15:17:24.991000,83,,,
participant_19,2,day,Town10HD_Opt,2026-03-16 15:17:26.053223,39.99974060058594,42.38216400146485,0.0019158172653988,13.885,-1.525,0.73,0.0,0,0,1,,1.0,2026-03-16T15:17:26.053223,happy,0.867,2026-03-16T15:17:26.053223,0.6798791551864327,2026-03-16T15:17:26.026000,80,,,
participant_19,2,day,Town10HD_Opt,2026-03-16 15:17:27.103725,39.88858413696289,44.297943115234375,0.0019053268479183,18.939,-1.274,0.485,0.0,0,0,1,,1.0,2026-03-16T15:17:27.103725,happy,0.867,2026-03-16T15:17:26.053223,0.7652570360439973,2026-03-16T15:17:28.007000,80,,,
participant_19,2,day,Town10HD_Opt,2026-03-16 15:17:28.161654,39.79093170166016,46.493255615234375,0.0020716476719826,17.928,-2.988,0.047,0.081,0,0,1,,1.0,2026-03-16T15:17:28.161654,happy,0.672,2026-03-16T15:17:28.161654,0.6644489835749078,2026-03-16T15:17:28.996000,80,,,
participant_19,2,day,Town10HD_Opt,2026-03-16 15:17:29.172802,39.75835037231445,48.47426223754883,0.0020013807807117,15.788,0.388,0.052,0.055,0,0,1,,1.0,2026-03-16T15:17:29.172802,happy,0.672,2026-03-16T15:17:28.161654,0.7757341465479926,2026-03-16T15:17:30.121000,78,,,
participant_19,2,day,Town10HD_Opt,2026-03-16 15:17:30.204933,39.72564315795898,50.17683029174805,0.0020285034552216,13.317,-2.118,0.053,0.1,0,0,1,,1.0,2026-03-16T15:17:30.204933,happy,0.913,2026-03-16T15:17:30.204933,0.7273329500089374,2026-03-16T15:17:31.111000,78,,,
participant_19,2,day,Town10HD_Opt,2026-03-16 15:17:31.269497,39.72790145874024,51.62239074707031,0.0020228575449436,11.358,-1.248,0.052,0.158,0,0,1,,1.0,2026-03-16T15:17:31.269497,happy,0.913,2026-03-16T15:17:30.204933,0.777378977176746,2026-03-16T15:17:32.012000,77,,,
participant_19,2,day,Town10HD_Opt,2026-03-16 15:17:32.302948,39.73617172241211,52.81234359741211,0.0020247267093509,8.975,-1.053,0.052,0.183,0,0,1,,1.0,2026-03-16T15:17:32.302948,angry,0.394,2026-03-16T15:17:32.302948,0.7354221032074032,2026-03-16T15:17:33.002000,77,,,
participant_19,2,day,Town10HD_Opt,2026-03-16 15:17:33.330364,39.74769973754883,53.74079895019531,0.0020343398209661,6.79,-0.947,0.051,0.292,0,0,1,,1.0,2026-03-16T15:17:33.330364,angry,0.394,2026-03-16T15:17:32.302948,0.6277528925245299,2026-03-16T15:17:33.992000,75,,,
participant_19,2,day,Town10HD_Opt,2026-03-16 15:17:34.347901,39.754024505615234,54.16579055786133,0.0022899245377629,0.001,-0.79,0.052,0.339,0,0,1,,1.0,2026-03-16T15:17:34.347901,happy,0.98,2026-03-16T15:17:34.347901,0.7324428877840767,2026-03-16T15:17:34.981000,74,,,
participant_19,2,day,Town10HD_Opt,2026-03-16 15:17:35.430249,39.75399398803711,54.16856384277344,0.0019546507392078,0.225,3.778,0.0,0.0,0,0,1,,1.0,2026-03-16T15:17:35.430249,happy,0.98,2026-03-16T15:17:34.347901,0.6577687082079463,2026-03-16T15:17:36.016000,71,,,
participant_19,2,day,Town10HD_Opt,2026-03-16 15:17:36.449632,39.75346374511719,54.19438934326172,0.0019194411579519,0.231,6.571,0.0,0.0,0,0,1,,0.885,2026-03-16T15:17:36.449632,neutral,0.563,2026-03-16T15:17:36.449632,0.6961156726124543,2026-03-16T15:17:37.007000,67,,,
participant_19,2,day,Town10HD_Opt,2026-03-16 15:17:36.993456,39.752197265625,54.207069396972656,0.0019209289457648,0.209,27.701,0.0,0.0,0,0,1,,1.0,2026-03-16T15:17:36.993456,neutral,0.563,2026-03-16T15:17:36.449632,0.7289700332037988,2026-03-16T15:17:37.007000,72,,,
participant_19,2,day,Town10HD_Opt,2026-03-16 15:17:38.042281,39.74665069580078,54.227298736572266,0.0019235229119658,0.139,47.654,0.135,0.0,0,0,1,,1.0,2026-03-16T15:17:38.042281,neutral,0.563,2026-03-16T15:17:36.449632,0.6861520056798059,2026-03-16T15:17:38.986000,68,,,
participant_19,2,day,Town10HD_Opt,2026-03-16 15:17:39.074553,39.72721862792969,54.28500747680664,0.0018345260759815,1.757,44.064,0.477,0.0,0,0,1,,1.0,2026-03-16T15:17:39.074553,sad,0.279,2026-03-16T15:17:39.074553,0.6699178755518735,2026-03-16T15:17:40.021000,68,,,
participant_19,2,day,Town10HD_Opt,2026-03-16 15:17:40.092314,39.55143356323242,54.80560302734375,0.0015502929454669,9.174,31.225,0.94,0.0,0,0,1,,0.873,2026-03-16T15:17:40.092314,sad,0.279,2026-03-16T15:17:39.074553,0.6788694817806524,2026-03-16T15:17:41.011000,67,,,errors=Solid line crossing
participant_19,2,day,Town10HD_Opt,2026-03-16 15:17:41.121816,39.22000503540039,56.36616897583008,0.0016109466087073,16.197,-3.297,0.113,0.0,0,0,1,,1.0,2026-03-16T15:17:41.121816,sad,0.302,2026-03-16T15:17:41.121816,0.7480470515717268,2026-03-16T15:17:42.001000,67,,,
participant_19,2,day,Town10HD_Opt,2026-03-16 15:17:42.177062,38.92766189575195,58.21002960205078,0.0018972395919263,16.015,10.571,0.354,0.0,0,0,1,,1.0,2026-03-16T15:17:42.177062,sad,0.302,2026-03-16T15:17:41.121816,0.6955587012780546,2026-03-16T15:17:42.993000,69,,,
participant_19,2,day,Town10HD_Opt,2026-03-16 15:17:43.210449,38.18527221679688,60.07150650024414,0.0020027160644531,19.616,27.519,0.78,0.0,0,0,1,,1.0,2026-03-16T15:17:43.210449,angry,0.295,2026-03-16T15:17:43.210449,0.5545339460313177,2026-03-16T15:17:43.982000,66,,,
participant_19,2,day,Town10HD_Opt,2026-03-16 15:17:44.257551,36.6531982421875,62.08286666870117,0.0019099425990134,23.718,19.722,0.528,0.0,0,0,1,,1.0,2026-03-16T15:17:44.257551,angry,0.295,2026-03-16T15:17:43.210449,0.6917322975509059,2026-03-16T15:17:45.062000,66,,,
participant_19,2,day,Town10HD_Opt,2026-03-16 15:17:45.299989,34.41287612915039,63.90645980834961,0.0019639586098492,26.154,21.889,0.513,0.0,0,0,1,,1.0,2026-03-16T15:17:45.299989,happy,0.848,2026-03-16T15:17:45.299989,0.6367806602971725,2026-03-16T15:17:46.007000,66,,,
participant_19,2,day,Town10HD_Opt,2026-03-16 15:17:46.363635,31.52360343933105,65.13765716552734,0.0019904326181858,27.996,11.204,0.428,0.0,0,0,1,,1.0,2026-03-16T15:17:46.363635,happy,0.848,2026-03-16T15:17:45.299989,0.6444776282798582,2026-03-16T15:17:47.042000,64,,,
participant_19,2,day,Town10HD_Opt,2026-03-16 15:17:47.435339,28.28807830810547,65.90009307861328,0.0020166395697742,28.771,10.276,0.393,0.0,0,0,1,,1.0,2026-03-16T15:17:47.435339,sad,0.317,2026-03-16T15:17:47.435339,0.647206056778272,2026-03-16T15:17:47.987000,67,,,
participant_19,2,day,Town10HD_Opt,2026-03-16 15:17:48.014997,26.61394691467285,66.08431243896484,0.0020313644781708,29.159,9.275,0.557,0.0,0,0,1,,1.0,2026-03-16T15:17:48.014997,sad,0.317,2026-03-16T15:17:47.435339,0.6780109094605978,2026-03-16T15:17:47.987000,68,,,
participant_19,2,day,Town10HD_Opt,2026-03-16 15:17:49.047391,23.086959838867188,66.1368179321289,0.0019372558454051,31.422,-0.2,0.528,0.0,0,0,1,,1.0,2026-03-16T15:17:49.047391,sad,0.317,2026-03-16T15:17:47.435339,0.57375994378624,2026-03-16T15:17:50.013000,68,,,
participant_19,2,day,Town10HD_Opt,2026-03-16 15:17:50.067836,19.27867317199707,66.15602111816406,0.0019331359071657,33.887,0.54,0.539,0.0,0,0,1,,1.0,2026-03-16T15:17:50.067836,neutral,0.559,2026-03-16T15:17:50.067836,0.6266765667611709,2026-03-16T15:17:51.001000,66,,,
participant_19,2,day,Town10HD_Opt,2026-03-16 15:17:51.171922,15.221895217895508,66.14698028564453,0.0019581222441047,35.519,-0.07,0.384,0.0,0,0,1,,1.0,2026-03-16T15:17:51.171922,neutral,0.559,2026-03-16T15:17:50.067836,0.6607332064674509,2026-03-16T15:17:51.992000,67,,,
participant_19,2,day,Town10HD_Opt,2026-03-16 15:17:52.367720,11.07443904876709,66.13334655761719,0.0020325852092355,35.623,0.002,0.479,0.0,0,0,1,,1.0,2026-03-16T15:17:52.367720,neutral,0.503,2026-03-16T15:17:52.367720,0.6675088300733757,2026-03-16T15:17:52.982000,70,,,
participant_19,2,day,Town10HD_Opt,2026-03-16 15:17:52.996639,8.987013816833496,66.12625122070312,0.0020124816801398,35.986,0.179,0.489,0.0,0,0,1,,1.0,2026-03-16T15:17:52.996639,neutral,0.503,2026-03-16T15:17:52.367720,0.717983008847654,2026-03-16T15:17:52.982000,68,,,
participant_19,2,day,Town10HD_Opt,2026-03-16 15:17:54.053747,4.721848011016846,66.09381103515625,0.0019911956042051,37.165,-0.031,0.481,0.0,0,0,1,,1.0,2026-03-16T15:17:54.053747,neutral,0.503,2026-03-16T15:17:52.367720,0.6471991492860037,2026-03-16T15:17:55.007000,70,,,
participant_19,2,day,Town10HD_Opt,2026-03-16 15:17:55.108555,0.3375993967056274,66.05799865722656,0.0019974517636001,38.081,0.007,0.48,0.0,0,0,1,,1.0,2026-03-16T15:17:55.108555,neutral,0.669,2026-03-16T15:17:55.108555,0.6368904723183276,2026-03-16T15:17:55.999000,68,,,
participant_19,2,day,Town10HD_Opt,2026-03-16 15:17:56.196208,-4.147717952728272,66.02082061767578,0.0020024871919304,38.831,0.007,0.479,0.0,0,0,1,,1.0,2026-03-16T15:17:56.196208,neutral,0.669,2026-03-16T15:17:55.108555,0.5894392353605316,2026-03-16T15:17:57.122000,68,,,
participant_19,2,day,Town10HD_Opt,2026-03-16 15:17:57.214056,-8.723662376403809,65.98271179199219,0.0020067214500159,39.622,-0.021,0.478,0.0,0,0,1,,1.0,2026-03-16T15:17:57.214056,happy,0.753,2026-03-16T15:17:57.214056,0.6102343564547219,2026-03-16T15:17:58.112000,67,,,
participant_19,2,day,Town10HD_Opt,2026-03-16 15:17:58.277375,-13.376218795776367,65.9488754272461,0.0020273209083825,39.922,-0.146,0.122,0.0,0,0,1,,0.853,2026-03-16T15:17:58.277375,happy,0.753,2026-03-16T15:17:57.214056,0.7122814925573154,2026-03-16T15:17:59.012000,70,,,
participant_19,2,day,Town10HD_Opt,2026-03-16 15:17:59.293468,-17.790822982788086,65.935546875,0.0022561263758689,35.373,-0.367,0.059,0.0,0,0,1,,1.0,2026-03-16T15:17:59.293468,neutral,0.433,2026-03-16T15:17:59.293468,0.8442203654279202,2026-03-16T15:18:00.002000,68,,,
participant_19,2,day,Town10HD_Opt,2026-03-16 15:18:00.346499,-21.6334228515625,65.94989776611328,0.0022679136600345,30.673,-0.092,0.113,0.0,0,0,1,,1.0,2026-03-16T15:18:00.346499,neutral,0.433,2026-03-16T15:17:59.293468,0.8900727403893709,2026-03-16T15:18:00.991000,68,,,
participant_19,2,day,Town10HD_Opt,2026-03-16 15:18:01.462005,-25.0268669128418,65.96855163574219,0.0021606825757771,28.039,0.162,0.407,0.0,0,0,1,,1.0,2026-03-16T15:18:01.462005,neutral,0.665,2026-03-16T15:18:01.462005,0.9549545516823852,2026-03-16T15:18:01.981000,64,,,
participant_19,2,day,Town10HD_Opt,2026-03-16 15:18:01.998937,-26.66510772705078,65.96998596191406,0.0020745848305523,28.222,1.072,0.585,0.0,0,0,1,,1.0,2026-03-16T15:18:01.998937,neutral,0.665,2026-03-16T15:18:01.462005,0.9779237161320298,2026-03-16T15:18:01.981000,64,,,
participant_19,2,day,Town10HD_Opt,2026-03-16 15:18:03.007404,-30.096349716186523,65.81694030761719,0.0019357680575922,30.722,8.825,0.566,0.0,0,0,1,,0.801,2026-03-16T15:18:03.007404,neutral,0.665,2026-03-16T15:18:01.462005,0.99,2026-03-16T15:18:03.017000,66,,,
participant_19,2,day,Town10HD_Opt,2026-03-16 15:18:04.081983,-33.739707946777344,65.05032348632812,0.0019656752701848,32.814,15.425,0.38,0.0,0,0,1,,1.0,2026-03-16T15:18:04.081983,neutral,0.506,2026-03-16T15:18:04.081983,0.99,2026-03-16T15:18:04.996000,65,,,
participant_19,2,day,Town10HD_Opt,2026-03-16 15:18:05.118611,-37.08177947998047,63.29563522338867,0.002098464872688,32.234,18.664,0.392,0.0,0,0,1,,1.0,2026-03-16T15:18:05.118611,neutral,0.506,2026-03-16T15:18:04.081983,0.99,2026-03-16T15:18:05.986000,65,,,
participant_19,2,day,Town10HD_Opt,2026-03-16 15:18:06.148586,-39.63331604003906,60.59832382202149,0.0021114349365234,31.729,17.686,0.369,0.0,0,0,1,,1.0,2026-03-16T15:18:06.148586,neutral,0.435,2026-03-16T15:18:06.148586,0.99,2026-03-16T15:18:07.066000,63,,,
participant_19,2,day,Town10HD_Opt,2026-03-16 15:18:07.187160,-41.20794677734375,57.34292221069336,0.002199935959652,29.744,14.842,0.0,0.0,0,0,1,,1.0,2026-03-16T15:18:07.187160,neutral,0.435,2026-03-16T15:18:06.148586,0.99,2026-03-16T15:18:08.012000,64,,,
participant_19,2,day,Town10HD_Opt,2026-03-16 15:18:08.187203,-41.848968505859375,54.23118209838867,0.0022890854161232,24.963,11.284,0.0,0.0,0,0,1,,1.0,2026-03-16T15:18:08.187203,neutral,0.458,2026-03-16T15:18:08.187203,0.99,2026-03-16T15:18:09.002000,63,,,
participant_19,2,day,Town10HD_Opt,2026-03-16 15:18:09.251520,-41.95542907714844,51.60982894897461,0.0022998047061264,19.989,7.458,0.0,0.251,0,0,1,,1.0,2026-03-16T15:18:09.251520,neutral,0.458,2026-03-16T15:18:08.187203,0.99,2026-03-16T15:18:09.991000,65,Solid line crossing,Solid line crossing,
participant_19,2,day,Town10HD_Opt,2026-03-16 15:18:10.354920,-41.92525863647461,49.89183807373047,0.0026113509666174,4.16,-1.556,0.0,0.239,0,0,1,,1.0,2026-03-16T15:18:10.354920,neutral,0.714,2026-03-16T15:18:10.354920,0.99,2026-03-16T15:18:11.071000,64,,,
participant_19,2,day,Town10HD_Opt,2026-03-16 15:18:11.446750,-41.92657470703125,49.80362319946289,0.0020977400708943,0.145,-6.424,0.365,0.0,0,0,1,,1.0,2026-03-16T15:18:11.446750,neutral,0.714,2026-03-16T15:18:10.354920,0.99,2026-03-16T15:18:12.017000,65,,,
participant_19,2,day,Town10HD_Opt,2026-03-16 15:18:12.472351,-41.92089080810547,49.59724044799805,0.0017858505016192,3.687,-6.979,0.209,0.0,0,0,1,,1.0,2026-03-16T15:18:12.472351,neutral,0.52,2026-03-16T15:18:12.472351,0.99,2026-03-16T15:18:13.007000,66,,,
participant_19,2,day,Town10HD_Opt,2026-03-16 15:18:12.997006,-41.91554641723633,49.37051010131836,0.0018125915667042,4.406,-3.452,0.312,0.0,0,0,1,,0.9,2026-03-16T15:18:12.997006,neutral,0.52,2026-03-16T15:18:12.472351,0.99,2026-03-16T15:18:13.007000,65,,,
participant_19,2,day,Town10HD_Opt,2026-03-16 15:18:14.019467,-41.886844635009766,48.7587776184082,0.0018372344784438,6.097,-1.591,0.216,0.0,0,0,1,,1.0,2026-03-16T15:18:14.019467,neutral,0.52,2026-03-16T15:18:12.472351,0.99,2026-03-16T15:18:14.986000,68,,,
participant_19,2,day,Town10HD_Opt,2026-03-16 15:18:15.049424,-41.84678649902344,47.79524230957031,0.0015633010771125,13.281,-1.525,1.0,0.0,0,0,1,,1.0,2026-03-16T15:18:15.049424,neutral,0.367,2026-03-16T15:18:15.049424,0.99,2026-03-16T15:18:14.986000,65,,,
participant_19,2,day,Town10HD_Opt,2026-03-16 15:18:16.113661,-41.77859878540039,45.75783920288086,0.0017361068166792,21.511,-1.13,1.0,0.0,0,0,1,,0.85,2026-03-16T15:18:16.113661,neutral,0.367,2026-03-16T15:18:15.049424,0.99,2026-03-16T15:18:17.012000,69,,,
participant_19,2,day,Town10HD_Opt,2026-03-16 15:18:17.121461,-41.71395492553711,42.63553237915039,0.0015101241879165,33.184,-0.646,0.957,0.0,0,0,1,,1.0,2026-03-16T15:18:17.121461,neutral,0.667,2026-03-16T15:18:17.121461,0.99,2026-03-16T15:18:18.001000,70,,,
participant_19,2,day,Town10HD_Opt,2026-03-16 15:18:18.144651,-41.67515563964844,38.298622131347656,0.0016089630080386,41.409,-0.35,0.324,0.0,0,0,1,,1.0,2026-03-16T15:18:18.144651,neutral,0.667,2026-03-16T15:18:17.121461,0.99,2026-03-16T15:18:18.991000,65,,,
participant_19,2,day,Town10HD_Opt,2026-03-16 15:18:19.189778,-41.65817642211914,33.522926330566406,0.0021350097376853,39.228,0.04,0.559,0.0,0,0,1,,1.0,2026-03-16T15:18:19.189778,neutral,0.585,2026-03-16T15:18:19.189778,0.99,2026-03-16T15:18:20.026000,68,,,
participant_19,2,day,Town10HD_Opt,2026-03-16 15:18:20.206362,-41.63831329345703,28.86640357971192,0.0018980788299813,41.458,0.04,0.0,0.0,0,0,1,,1.0,2026-03-16T15:18:20.206362,neutral,0.585,2026-03-16T15:18:19.189778,0.99,2026-03-16T15:18:21.017000,69,,,
participant_19,2,day,Town10HD_Opt,2026-03-16 15:18:21.260009,-41.61465072631836,24.22103309631348,0.0021348951850086,38.339,-0.023,0.0,0.0,0,0,1,,1.0,2026-03-16T15:18:21.260009,neutral,0.488,2026-03-16T15:18:21.260009,0.99,2026-03-16T15:18:22.007000,70,,,
participant_19,2,day,Town10HD_Opt,2026-03-16 15:18:22.266280,-41.5942268371582,20.033519744873047,0.0023291015531867,32.722,-0.059,0.0,0.263,0,0,1,,1.0,2026-03-16T15:18:22.266280,neutral,0.488,2026-03-16T15:18:21.260009,0.99,2026-03-16T15:18:22.997000,70,,,
participant_19,2,day,Town10HD_Opt,2026-03-16 15:18:23.268457,-41.58105850219727,16.6003360748291,0.002345199463889,26.407,-0.063,0.0,0.255,0,0,1,,1.0,2026-03-16T15:18:23.268457,neutral,0.535,2026-03-16T15:18:23.268457,0.99,2026-03-16T15:18:23.986000,69,,,
participant_19,2,day,Town10HD_Opt,2026-03-16 15:18:24.224771,-41.57376480102539,13.855063438415527,0.0023117065429687,20.894,-0.089,0.0,0.249,0,0,1,,1.0,2026-03-16T15:18:24.224771,neutral,0.535,2026-03-16T15:18:23.268457,0.99,2026-03-16T15:18:25.022000,69,,,
participant_19,2,day,Town10HD_Opt,2026-03-16 15:18:25.289128,-41.57077407836914,11.701159477233888,0.0020239257719367,16.036,-0.092,0.0,0.247,0,0,1,,1.0,2026-03-16T15:18:25.289128,neutral,0.358,2026-03-16T15:18:25.289128,0.99,2026-03-16T15:18:26.012000,68,,,
participant_19,2,day,Town10HD_Opt,2026-03-16 15:18:26.285945,-41.56996154785156,10.022098541259766,0.0020949554163962,12.31,-0.11,0.0,0.25,0,0,1,,1.0,2026-03-16T15:18:26.285945,neutral,0.358,2026-03-16T15:18:25.289128,0.99,2026-03-16T15:18:27.003000,72,,,
participant_19,2,day,Town10HD_Opt,2026-03-16 15:18:27.318954,-41.57054901123047,8.76010799407959,0.0020933912601321,8.799,-0.11,0.0,0.34,0,0,1,,1.0,2026-03-16T15:18:27.318954,neutral,0.307,2026-03-16T15:18:27.318954,0.99,2026-03-16T15:18:27.992000,68,,,
participant_19,2,day,Town10HD_Opt,2026-03-16 15:18:28.346455,-41.57154083251953,7.895661354064941,0.0020742798224091,5.9,-0.11,0.0,0.329,0,0,1,,1.0,2026-03-16T15:18:28.346455,neutral,0.307,2026-03-16T15:18:27.318954,0.99,2026-03-16T15:18:29.027000,73,,,
participant_19,2,day,Town10HD_Opt,2026-03-16 15:18:29.355147,-41.57171630859375,7.776208400726318,0.0020636366680264,0.0,-0.11,0.19,0.056,0,0,1,,1.0,2026-03-16T15:18:29.355147,neutral,0.613,2026-03-16T15:18:29.355147,0.99,2026-03-16T15:18:30.018000,68,,,
participant_19,2,day,Town10HD_Opt,2026-03-16 15:18:30.339586,-41.57225799560547,7.550714492797852,0.0015974425477907,6.031,-0.183,1.0,0.0,0,0,1,,1.0,2026-03-16T15:18:30.339586,neutral,0.613,2026-03-16T15:18:29.355147,0.8494009401190293,2026-03-16T15:18:31.007000,69,,,
participant_19,2,day,Town10HD_Opt,2026-03-16 15:18:31.422430,-41.57789993286133,6.1898112297058105,0.001400375389494,16.894,-0.524,0.864,0.0,0,0,1,,1.0,2026-03-16T15:18:31.422430,fear,0.329,2026-03-16T15:18:31.422430,0.6757902664048364,2026-03-16T15:18:31.998000,71,,,
participant_19,2,day,Town10HD_Opt,2026-03-16 15:18:32.433470,-41.59732818603516,3.847487449645996,0.0018259048229083,22.196,-0.233,0.518,0.0,0,0,1,,1.0,2026-03-16T15:18:32.433470,fear,0.329,2026-03-16T15:18:31.422430,0.6091237335017111,2026-03-16T15:18:32.986000,69,,,
participant_19,2,day,Town10HD_Opt,2026-03-16 15:18:33.445021,-41.6258544921875,1.1100637912750244,0.0019575499463826,24.08,-0.249,0.267,0.0,0,0,1,,0.827,2026-03-16T15:18:33.445021,neutral,0.74,2026-03-16T15:18:33.445021,0.6450904641601696,2026-03-16T15:18:34.112000,68,,,
participant_19,2,day,Town10HD_Opt,2026-03-16 15:18:34.438276,-41.66321563720703,-1.6546887159347534,0.0020722197368741,23.327,-0.12,0.495,0.0,0,0,1,,1.0,2026-03-16T15:18:34.438276,neutral,0.74,2026-03-16T15:18:33.445021,0.5336087446319382,2026-03-16T15:18:35.012000,65,,,
participant_19,2,day,Town10HD_Opt,2026-03-16 15:18:35.415322,-41.70252990722656,-4.436699867248535,0.0019753265660256,24.703,-0.012,0.472,0.0,0,0,1,,1.0,2026-03-16T15:18:35.415322,neutral,0.74,2026-03-16T15:18:33.445021,0.5539231933491667,2026-03-16T15:18:36.001000,66,,,
participant_19,2,day,Town10HD_Opt,2026-03-16 15:18:36.419975,-41.74436950683594,-7.423483848571777,0.0019579315558075,26.485,0.016,0.467,0.0,0,0,1,,1.0,2026-03-16T15:18:36.419975,neutral,0.687,2026-03-16T15:18:36.419975,0.5472153729804857,2026-03-16T15:18:36.991000,65,,,
participant_19,2,day,Town10HD_Opt,2026-03-16 15:18:37.451733,-41.78814697265625,-10.606677055358888,0.0019647215958684,28.077,0.028,0.464,0.0,0,0,1,,1.0,2026-03-16T15:18:37.451733,neutral,0.687,2026-03-16T15:18:36.419975,0.5231906456312865,2026-03-16T15:18:38.027000,64,,,
participant_19,2,day,Town10HD_Opt,2026-03-16 15:18:38.422981,-41.83216094970703,-13.96567153930664,0.0019729614723473,29.61,0.063,0.458,0.0,0,0,1,,1.0,2026-03-16T15:18:38.422981,neutral,0.77,2026-03-16T15:18:38.422981,0.5211241747987019,2026-03-16T15:18:39.017000,67,,,
participant_19,2,day,Town10HD_Opt,2026-03-16 15:18:39.394257,-41.87496948242188,-17.478151321411133,0.0019846344366669,30.691,0.042,0.443,0.0,0,0,1,,1.0,2026-03-16T15:18:39.394257,neutral,0.77,2026-03-16T15:18:38.422981,0.4513068158335386,2026-03-16T15:18:40.007000,68,,,
participant_19,2,day,Town10HD_Opt,2026-03-16 15:18:40.434564,-41.90888977050781,-21.056779861450195,0.0021209716796875,29.61,0.404,0.0,0.086,0,0,1,,0.814,2026-03-16T15:18:40.434564,neutral,0.814,2026-03-16T15:18:40.434564,0.5120711833085398,2026-03-16T15:18:40.997000,66,,,
participant_19,2,day,Town10HD_Opt,2026-03-16 15:18:41.460510,-41.919883728027344,-24.19332695007324,0.0022927473764866,24.225,0.211,0.0,0.213,0,0,1,,1.0,2026-03-16T15:18:41.460510,neutral,0.814,2026-03-16T15:18:40.434564,0.5130294354640756,2026-03-16T15:18:41.987000,66,,,
participant_19,2,day,Town10HD_Opt,2026-03-16 15:18:42.411865,-41.92007064819336,-26.70666885375977,0.002287826500833,19.161,0.211,0.0,0.204,0,0,1,,1.0,2026-03-16T15:18:42.411865,neutral,0.814,2026-03-16T15:18:40.434564,0.4218452319832001,2026-03-16T15:18:43.022000,65,,,
participant_19,2,day,Town10HD_Opt,2026-03-16 15:18:43.377112,-41.9121322631836,-28.69911003112793,0.002034721430391,15.44,0.39,0.0,0.0,0,0,1,,1.0,2026-03-16T15:18:43.377112,neutral,0.911,2026-03-16T15:18:43.377112,0.4095925885227706,2026-03-16T15:18:44.012000,63,,,
participant_19,2,day,Town10HD_Opt,2026-03-16 15:18:44.327925,-41.89638137817383,-30.34692001342773,0.0020410155411809,12.752,0.536,0.0,0.0,0,0,1,,1.0,2026-03-16T15:18:44.327925,neutral,0.911,2026-03-16T15:18:43.377112,0.4432733636202398,2026-03-16T15:18:45.002000,65,,,
participant_19,2,day,Town10HD_Opt,2026-03-16 15:18:45.294196,-41.87699508666992,-31.72885131835937,0.0020213699899613,10.854,0.465,0.0,0.0,0,0,1,,1.0,2026-03-16T15:18:45.294196,neutral,0.911,2026-03-16T15:18:43.377112,0.4621604381156835,2026-03-16T15:18:45.992000,64,,,
participant_19,2,day,Town10HD_Opt,2026-03-16 15:18:46.279109,-41.85714340209961,-32.887664794921875,0.0020049666054546,9.102,0.465,0.0,0.0,0,0,1,,1.0,2026-03-16T15:18:46.279109,neutral,0.795,2026-03-16T15:18:46.279109,0.4476415333262321,2026-03-16T15:18:47.026000,67,,,
participant_19,2,day,Town10HD_Opt,2026-03-16 15:18:47.270368,-41.83775329589844,-33.85928726196289,0.001991081284359,7.632,0.43,0.0,0.0,0,0,1,,1.0,2026-03-16T15:18:47.270368,neutral,0.795,2026-03-16T15:18:46.279109,0.4485772224137503,2026-03-16T15:18:48.017000,65,,,
participant_19,2,day,Town10HD_Opt,2026-03-16 15:18:48.268701,-41.8201789855957,-34.6766471862793,0.0019510650308802,6.959,0.355,1.0,0.0,0,0,1,,1.0,2026-03-16T15:18:48.268701,neutral,0.795,2026-03-16T15:18:46.279109,0.4279311899694202,2026-03-16T15:18:49.007000,66,,,
participant_19,2,day,Town10HD_Opt,2026-03-16 15:18:49.260775,-41.78937530517578,-36.03289413452149,0.0014694213168695,17.548,0.294,1.0,0.0,0,0,1,,1.0,2026-03-16T15:18:49.260775,neutral,0.505,2026-03-16T15:18:49.260775,0.4476779302815852,2026-03-16T15:18:49.998000,69,,,
participant_19,2,day,Town10HD_Opt,2026-03-16 15:18:50.201187,-41.72686767578125,-38.50118637084961,0.0016425704816356,25.516,0.294,1.0,0.0,0,0,1,,0.833,2026-03-16T15:18:50.201187,neutral,0.505,2026-03-16T15:18:49.260775,0.35259235709997,2026-03-16T15:18:51.032000,69,,,
participant_19,2,day,Town10HD_Opt,2026-03-16 15:18:51.166523,-41.620452880859375,-42.027469635009766,0.0018323516706004,31.612,0.611,0.0,0.0,0,0,1,,1.0,2026-03-16T15:18:51.166523,neutral,0.505,2026-03-16T15:18:49.260775,0.3885765172464162,2026-03-16T15:18:52.022000,71,,,
participant_19,2,day,Town10HD_Opt,2026-03-16 15:18:52.202898,-41.42512130737305,-45.44620132446289,0.0022397993598133,26.542,7.349,0.0,0.0,0,0,1,,1.0,2026-03-16T15:18:52.202898,neutral,0.483,2026-03-16T15:18:52.202898,0.4114120648470484,2026-03-16T15:18:53.102000,68,,,
participant_19,2,day,Town10HD_Opt,2026-03-16 15:18:53.258237,-40.92083740234375,-48.27159118652344,0.0022464371286332,22.78,12.903,0.212,0.0,0,0,1,,1.0,2026-03-16T15:18:53.258237,neutral,0.483,2026-03-16T15:18:52.202898,0.4406956169381354,2026-03-16T15:18:54.002000,65,,,
participant_19,2,day,Town10HD_Opt,2026-03-16 15:18:54.366367,-40.045066833496094,-50.63917922973633,0.0021622849162667,20.758,13.097,0.114,0.0,0,0,1,,1.0,2026-03-16T15:18:54.366367,neutral,0.653,2026-03-16T15:18:54.366367,0.4584421140098366,2026-03-16T15:18:54.992000,67,,,
participant_19,2,day,Town10HD_Opt,2026-03-16 15:18:55.416704,-38.91901397705078,-52.59865951538086,0.0021240615751594,18.018,13.723,0.412,0.0,0,0,1,,1.0,2026-03-16T15:18:55.416704,neutral,0.653,2026-03-16T15:18:54.366367,0.462304273309697,2026-03-16T15:18:56.027000,68,,,
participant_19,2,day,Town10HD_Opt,2026-03-16 15:18:56.469553,-37.57052993774414,-54.24259185791016,0.002053222618997,18.908,13.448,0.849,0.0,0,0,1,,1.0,2026-03-16T15:18:56.469553,neutral,0.958,2026-03-16T15:18:56.469553,0.3684150607461645,2026-03-16T15:18:57.017000,65,,,
participant_19,2,day,Town10HD_Opt,2026-03-16 15:18:56.998935,-36.7226791381836,-55.07654571533203,0.0018441008869558,22.116,13.175,0.847,0.0,0,0,1,,1.0,2026-03-16T15:18:56.998935,neutral,0.958,2026-03-16T15:18:56.469553,0.3453217790193108,2026-03-16T15:18:57.017000,66,,,
participant_19,2,day,Town10HD_Opt,2026-03-16 15:18:57.993900,-34.2862548828125,-56.93073272705078,0.001657752902247,30.522,12.961,0.868,0.0,0,0,1,,1.0,2026-03-16T15:18:57.993900,neutral,0.958,2026-03-16T15:18:56.469553,0.3533768599433408,2026-03-16T15:18:58.007000,69,,,
participant_19,2,day,Town10HD_Opt,2026-03-16 15:18:59.017992,-30.64287757873535,-58.67536163330078,0.0016736984252929,39.117,12.631,0.856,0.0,0,0,1,,1.0,2026-03-16T15:18:59.017992,neutral,0.656,2026-03-16T15:18:59.017992,0.3580606768172913,2026-03-16T15:18:59.987000,69,,,
participant_19,2,day,Town10HD_Opt,2026-03-16 15:19:00.114893,-25.889244079589844,-59.69354248046875,0.0017620468279346,44.533,5.441,0.689,0.0,0,0,1,,0.834,2026-03-16T15:19:00.114893,neutral,0.656,2026-03-16T15:18:59.017992,0.3513731152271787,2026-03-16T15:19:01.067000,69,,,
participant_19,2,day,Town10HD_Opt,2026-03-16 15:19:01.185477,-20.48544311523437,-60.01659393310547,0.0018818282987922,48.069,1.561,0.623,0.0,0,0,1,,1.0,2026-03-16T15:19:01.185477,angry,0.941,2026-03-16T15:19:01.185477,0.3695810205633168,2026-03-16T15:19:02.012000,71,,,
participant_19,2,day,Town10HD_Opt,2026-03-16 15:19:02.259761,-14.705145835876465,-60.05223083496094,0.0018381499685347,51.67,0.931,0.0,0.167,0,0,1,,1.0,2026-03-16T15:19:02.259761,angry,0.941,2026-03-16T15:19:01.185477,0.3956971882391341,2026-03-16T15:19:03.002000,68,,,
participant_19,2,day,Town10HD_Opt,2026-03-16 15:19:03.285173,-8.886707305908203,-59.9392204284668,0.0021321105305105,49.012,0.625,0.77,0.0,0,0,1,,1.0,2026-03-16T15:19:03.285173,neutral,0.86,2026-03-16T15:19:03.285173,0.4804032369447523,2026-03-16T15:19:03.991000,67,,,
participant_19,2,day,Town10HD_Opt,2026-03-16 15:19:04.383912,-3.0055084228515625,-59.71376800537109,0.0019924927037209,50.308,0.002,0.0,0.118,0,0,1,,1.0,2026-03-16T15:19:04.383912,neutral,0.86,2026-03-16T15:19:03.285173,0.3451925370800397,2026-03-16T15:19:05.027000,70,,,
participant_19,2,day,Town10HD_Opt,2026-03-16 15:19:05.423416,2.682605028152466,-59.47653198242188,0.0020534133072942,48.917,-0.411,0.739,0.0,0,0,1,,1.0,2026-03-16T15:19:05.423416,happy,0.486,2026-03-16T15:19:05.423416,0.4092827395064176,2026-03-16T15:19:06.016000,71,,,
participant_19,2,day,Town10HD_Opt,2026-03-16 15:19:06.460761,8.53909969329834,-59.28290557861328,0.002080078003928,49.533,-0.139,0.739,0.0,0,0,1,,1.0,2026-03-16T15:19:06.460761,happy,0.486,2026-03-16T15:19:05.423416,0.3750557743466134,2026-03-16T15:19:07.008000,68,,,
participant_19,2,day,Town10HD_Opt,2026-03-16 15:19:07.015169,11.403675079345703,-59.20025634765625,0.0020771408453583,49.366,-0.139,0.739,0.0,0,0,1,,1.0,2026-03-16T15:19:07.015169,happy,0.486,2026-03-16T15:19:05.423416,0.3576278985712251,2026-03-16T15:19:07.008000,67,,,
participant_19,2,day,Town10HD_Opt,2026-03-16 15:19:08.025910,17.29082489013672,-59.04913330078125,0.002097968943417,49.599,-0.176,0.739,0.0,0,0,1,,1.0,2026-03-16T15:19:08.025910,neutral,0.87,2026-03-16T15:19:08.025910,0.4732587636757478,2026-03-16T15:19:08.987000,68,,,
participant_19,2,day,Town10HD_Opt,2026-03-16 15:19:09.072220,23.0168571472168,-58.92960357666016,0.0019631958566606,50.306,-0.176,0.739,0.0,0,0,1,,1.0,2026-03-16T15:19:09.072220,neutral,0.87,2026-03-16T15:19:08.025910,0.385635590088864,2026-03-16T15:19:10.022000,67,,,
participant_19,2,day,Town10HD_Opt,2026-03-16 15:19:10.064407,28.85409164428711,-58.83605194091797,0.0021679305937141,48.48,-0.176,0.739,0.0,0,0,1,,1.0,2026-03-16T15:19:10.064407,neutral,0.783,2026-03-16T15:19:10.064407,0.4019778421507772,2026-03-16T15:19:11.012000,65,,,
participant_19,2,day,Town10HD_Opt,2026-03-16 15:19:11.086812,34.6611328125,-58.771121978759766,0.0019262694986537,51.083,0.049,0.0,0.108,0,0,1,,1.0,2026-03-16T15:19:11.086812,neutral,0.783,2026-03-16T15:19:10.064407,0.4380157391681742,2026-03-16T15:19:12.002000,65,,,
participant_19,2,day,Town10HD_Opt,2026-03-16 15:19:12.092505,40.45842742919922,-58.69417953491211,0.0020242310129106,50.269,0.489,0.739,0.0,0,0,1,,1.0,2026-03-16T15:19:12.092505,angry,0.854,2026-03-16T15:19:12.092505,0.3894993948956426,2026-03-16T15:19:13.037000,66,,,
participant_19,2,day,Town10HD_Opt,2026-03-16 15:19:13.097835,46.34560012817383,-58.55462646484375,0.0021660232450813,48.858,0.035,0.739,0.0,0,0,1,,1.0,2026-03-16T15:19:13.097835,angry,0.854,2026-03-16T15:19:12.092505,0.3453738919832302,2026-03-16T15:19:14.027000,64,,,
participant_19,2,day,Town10HD_Opt,2026-03-16 15:19:14.126025,52.11140441894531,-58.39284133911133,0.0019254302605986,51.042,0.329,0.0,0.104,0,0,1,,1.0,2026-03-16T15:19:14.126025,neutral,0.753,2026-03-16T15:19:14.126025,0.4606328237961834,2026-03-16T15:19:15.017000,64,,,
participant_19,2,day,Town10HD_Opt,2026-03-16 15:19:15.137733,57.93377304077149,-58.18057632446289,0.0020806884858757,49.453,0.846,0.738,0.0,0,0,1,,1.0,2026-03-16T15:19:15.137733,neutral,0.753,2026-03-16T15:19:14.126025,0.3774059586399472,2026-03-16T15:19:16.008000,66,,,
participant_19,2,day,Town10HD_Opt,2026-03-16 15:19:16.151442,63.8182258605957,-57.79841995239258,0.0020975493825972,49.677,2.466,0.738,0.0,0,0,1,,1.0,2026-03-16T15:19:16.151442,neutral,0.643,2026-03-16T15:19:16.151442,0.4246771841735902,2026-03-16T15:19:16.997000,63,,,
participant_19,2,day,Town10HD_Opt,2026-03-16 15:19:17.149140,69.50078582763672,-57.06187438964844,0.0019683837890625,50.291,3.947,0.738,0.0,0,0,1,,1.0,2026-03-16T15:19:17.149140,neutral,0.643,2026-03-16T15:19:16.151442,0.3974012985812795,2026-03-16T15:19:17.986000,61,,,
participant_19,2,day,Town10HD_Opt,2026-03-16 15:19:18.177535,75.18379211425781,-55.72890090942383,0.0021337126381695,49.062,5.794,0.736,0.0,0,0,1,,1.0,2026-03-16T15:19:18.177535,happy,0.994,2026-03-16T15:19:18.177535,0.4233026951963638,2026-03-16T15:19:19.022000,65,,,
participant_19,2,day,Town10HD_Opt,2026-03-16 15:19:19.223745,80.4018325805664,-53.71461486816406,0.0022785949986428,44.628,3.966,0.0,0.0,0,0,1,,1.0,2026-03-16T15:19:19.223745,happy,0.994,2026-03-16T15:19:18.177535,0.4476257718505963,2026-03-16T15:19:20.012000,67,,,
participant_19,2,day,Town10HD_Opt,2026-03-16 15:19:20.303955,84.68830108642578,-51.45637893676758,0.0023787308018654,37.589,4.183,0.0,0.0,0,0,1,,1.0,2026-03-16T15:19:20.303955,happy,0.858,2026-03-16T15:19:20.303955,0.4549315216043123,2026-03-16T15:19:21.002000,66,,,
participant_19,2,day,Town10HD_Opt,2026-03-16 15:19:21.321378,88.09144592285156,-49.21056365966797,0.0023380659986287,32.093,4.367,0.0,0.0,0,0,1,,1.0,2026-03-16T15:19:21.321378,happy,0.858,2026-03-16T15:19:20.303955,0.4563122725340389,2026-03-16T15:19:21.992000,64,,,
participant_19,2,day,Town10HD_Opt,2026-03-16 15:19:22.364545,90.7861099243164,-47.08937454223633,0.0022999190259724,26.529,3.488,0.266,0.0,0,0,1,,1.0,2026-03-16T15:19:22.364545,fear,0.448,2026-03-16T15:19:22.364545,0.4247993975677303,2026-03-16T15:19:23.164000,66,,,
participant_19,2,day,Town10HD_Opt,2026-03-16 15:19:23.399672,93.02483367919922,-45.08283233642578,0.0020927428267896,25.651,4.381,0.451,0.0,0,0,1,,1.0,2026-03-16T15:19:23.399672,fear,0.448,2026-03-16T15:19:22.364545,0.4018663112555827,2026-03-16T15:19:24.107000,63,,,
participant_19,2,day,Town10HD_Opt,2026-03-16 15:19:24.446156,95.13630676269533,-42.87957000732422,0.0020151138305664,26.58,5.848,0.4,0.0,0,0,1,,1.0,2026-03-16T15:19:24.446156,neutral,0.697,2026-03-16T15:19:24.446156,0.3915669720906777,2026-03-16T15:19:25.009000,63,,,
participant_19,2,day,Town10HD_Opt,2026-03-16 15:19:25.001747,96.13834381103516,-41.68677520751953,0.0020162963774055,26.834,4.601,0.4,0.0,0,0,1,,1.0,2026-03-16T15:19:25.001747,neutral,0.697,2026-03-16T15:19:24.446156,0.4527275261070976,2026-03-16T15:19:25.009000,64,,,
participant_19,2,day,Town10HD_Opt,2026-03-16 15:19:26.065109,98.05023956298828,-39.17488861083984,0.0020476912613958,26.931,5.146,0.234,0.0,0,0,1,,1.0,2026-03-16T15:19:26.065109,neutral,0.697,2026-03-16T15:19:24.446156,0.4525531182826522,2026-03-16T15:19:26.987000,63,,,
participant_19,2,day,Town10HD_Opt,2026-03-16 15:19:27.127275,99.6634750366211,-36.58114242553711,0.0021125411149114,25.406,8.363,0.289,0.0,0,0,1,,0.816,2026-03-16T15:19:27.127275,neutral,0.61,2026-03-16T15:19:27.127275,0.4307679007211428,2026-03-16T15:19:28.022000,62,,,
participant_19,2,day,Town10HD_Opt,2026-03-16 15:19:28.186128,100.87755584716795,-33.9341926574707,0.0021010206546634,24.493,8.41,0.289,0.0,0,0,1,,1.0,2026-03-16T15:19:28.186128,neutral,0.61,2026-03-16T15:19:27.127275,0.4373862198362275,2026-03-16T15:19:29.103000,63,,,
participant_19,2,day,Town10HD_Opt,2026-03-16 15:19:29.318789,101.75294494628906,-31.26642799377441,0.0020892333704978,23.603,4.796,0.292,0.0,0,0,1,,1.0,2026-03-16T15:19:29.318789,neutral,0.842,2026-03-16T15:19:29.318789,0.4217270267150579,2026-03-16T15:19:30.004000,64,,,
participant_19,2,day,Town10HD_Opt,2026-03-16 15:19:30.393880,102.42180633544922,-28.629762649536133,0.0020817182958126,22.892,5.746,0.291,0.0,0,0,1,,1.0,2026-03-16T15:19:30.393880,neutral,0.842,2026-03-16T15:19:29.318789,0.5093262755383671,2026-03-16T15:19:30.992000,63,,,
participant_19,2,day,Town10HD_Opt,2026-03-16 15:19:31.010913,102.67381286621094,-27.32479858398437,0.0020832060836255,22.575,6.601,0.197,0.0,0,0,1,,1.0,2026-03-16T15:19:31.010913,neutral,0.842,2026-03-16T15:19:29.318789,0.3925310483467681,2026-03-16T15:19:30.992000,63,,,
participant_19,2,day,Town10HD_Opt,2026-03-16 15:19:32.087516,102.9669189453125,-24.842426300048828,0.0021900939755141,19.499,6.388,0.0,0.0,0,0,1,,1.0,2026-03-16T15:19:32.087516,neutral,0.484,2026-03-16T15:19:32.087516,0.3828313261366787,2026-03-16T15:19:33.017000,65,,,
participant_19,2,day,Town10HD_Opt,2026-03-16 15:19:33.157377,103.09510803222656,-22.727638244628903,0.0019586563576012,16.575,1.528,0.0,0.0,0,0,1,,1.0,2026-03-16T15:19:33.157377,neutral,0.484,2026-03-16T15:19:32.087516,0.4357230412450684,2026-03-16T15:19:34.007000,66,,,
participant_19,2,day,Town10HD_Opt,2026-03-16 15:19:34.216566,103.16258239746094,-20.93294143676757,0.0020439911168068,14.107,2.979,0.047,0.0,0,0,1,,0.87,2026-03-16T15:19:34.216566,neutral,0.665,2026-03-16T15:19:34.216566,0.4217972147255906,2026-03-16T15:19:34.997000,65,,,
participant_19,2,day,Town10HD_Opt,2026-03-16 15:19:35.251866,103.18643188476562,-19.380558013916016,0.0019824218470603,12.787,2.275,0.126,0.0,0,0,1,,1.0,2026-03-16T15:19:35.251866,neutral,0.665,2026-03-16T15:19:34.216566,0.3928314838906926,2026-03-16T15:19:36.032000,66,,,
participant_19,2,day,Town10HD_Opt,2026-03-16 15:19:36.284818,103.18157958984376,-17.93657875061035,0.0019590759184211,12.004,2.076,0.124,0.0,0,0,1,,0.915,2026-03-16T15:19:36.284818,neutral,0.413,2026-03-16T15:19:36.284818,0.392839418400433,2026-03-16T15:19:37.022000,67,,,
participant_19,2,day,Town10HD_Opt,2026-03-16 15:19:37.324303,103.17032623291016,-16.578128814697266,0.0019532775040715,11.309,0.658,0.122,0.0,0,0,1,,1.0,2026-03-16T15:19:37.324303,neutral,0.413,2026-03-16T15:19:36.284818,0.4231884494280056,2026-03-16T15:19:38.012000,65,,,
participant_19,2,day,Town10HD_Opt,2026-03-16 15:19:38.355105,103.15579986572266,-15.29676342010498,0.0019496536115184,10.683,1.055,0.122,0.0,0,0,1,,1.0,2026-03-16T15:19:38.355105,neutral,0.694,2026-03-16T15:19:38.355105,0.415500653640593,2026-03-16T15:19:39.002000,63,,,
participant_19,2,day,Town10HD_Opt,2026-03-16 15:19:39.373243,103.1292724609375,-14.084413528442385,0.0019462584750726,10.085,1.137,0.122,0.0,0,0,1,,1.0,2026-03-16T15:19:39.373243,neutral,0.694,2026-03-16T15:19:38.355105,0.3692502374294623,2026-03-16T15:19:40.037000,62,,,
participant_19,2,day,Town10HD_Opt,2026-03-16 15:19:40.450244,103.09796905517578,-12.93297290802002,0.0019432067638263,9.599,0.912,0.121,0.0,0,0,1,,1.0,2026-03-16T15:19:40.450244,fear,0.495,2026-03-16T15:19:40.450244,0.436661300396531,2026-03-16T15:19:41.028000,62,,,
participant_19,2,day,Town10HD_Opt,2026-03-16 15:19:41.049657,103.08001708984376,-12.377985954284668,0.0019418715965002,9.411,1.337,0.121,0.0,0,0,1,,0.925,2026-03-16T15:19:41.049657,fear,0.495,2026-03-16T15:19:40.450244,0.452918057439958,2026-03-16T15:19:42.017000,64,,,
participant_19,2,day,Town10HD_Opt,2026-03-16 15:19:42.079800,103.0368423461914,-11.305947303771973,0.0019393920665606,8.997,1.349,0.121,0.0,0,0,1,,1.0,2026-03-16T15:19:42.079800,fear,0.495,2026-03-16T15:19:40.450244,0.5300595533074456,2026-03-16T15:19:43.007000,61,,,
participant_19,2,day,Town10HD_Opt,2026-03-16 15:19:43.104152,102.98737335205078,-10.279803276062012,0.0019371414091438,8.6,1.349,0.121,0.0,0,0,1,,0.805,2026-03-16T15:19:43.104152,neutral,0.765,2026-03-16T15:19:43.104152,0.4948622407209836,2026-03-16T15:19:43.997000,62,,,
participant_19,2,day,Town10HD_Opt,2026-03-16 15:19:44.131656,102.9324188232422,-9.296432495117188,0.0019395446870476,8.122,1.349,0.0,0.0,0,0,1,,0.808,2026-03-16T15:19:44.131656,neutral,0.765,2026-03-16T15:19:43.104152,0.5252004811343359,2026-03-16T15:19:45.032000,61,,,
participant_19,2,day,Town10HD_Opt,2026-03-16 15:19:45.179583,102.87689971923828,-8.413673400878906,0.001976890489459,6.962,1.283,0.0,0.0,0,0,1,,1.0,2026-03-16T15:19:45.179583,neutral,0.703,2026-03-16T15:19:45.179583,0.5409892045854,2026-03-16T15:19:46.022000,62,,,
participant_19,2,day,Town10HD_Opt,2026-03-16 15:19:46.200310,102.8308563232422,-7.746892929077148,0.0022936628665775,0.0,2.092,0.0,0.159,0,0,1,,1.0,2026-03-16T15:19:46.200310,neutral,0.703,2026-03-16T15:19:45.179583,0.5785969134211435,2026-03-16T15:19:47.012000,60,,,
participant_19,2,day,Town10HD_Opt,2026-03-16 15:19:47.407917,102.82827758789062,-7.716732501983643,0.0019440078176558,1.207,4.037,0.443,0.0,0,0,1,,1.0,2026-03-16T15:19:47.407917,neutral,0.817,2026-03-16T15:19:47.407917,0.5124745768373346,2026-03-16T15:19:48.002000,62,,,
participant_19,2,day,Town10HD_Opt,2026-03-16 15:19:48.439732,102.7925262451172,-7.357513427734375,0.0017163848970085,5.318,3.827,0.0,0.0,0,0,1,,1.0,2026-03-16T15:19:48.439732,neutral,0.817,2026-03-16T15:19:47.407917,0.5808281968255539,2026-03-16T15:19:49.037000,62,,,
participant_19,2,day,Town10HD_Opt,2026-03-16 15:19:49.452042,102.72996520996094,-6.746096611022949,0.0022086333483457,0.027,2.916,0.0,0.076,0,0,1,,1.0,2026-03-16T15:19:49.452042,neutral,0.442,2026-03-16T15:19:49.452042,0.5990043025660123,2026-03-16T15:19:50.027000,59,,,
participant_19,2,day,Town10HD_Opt,2026-03-16 15:19:49.990307,102.72994995117188,-6.746010780334473,0.0021319198422133,0.001,2.788,0.0,0.14,0,0,1,,1.0,2026-03-16T15:19:49.990307,neutral,0.442,2026-03-16T15:19:49.452042,0.6289809630999762,2026-03-16T15:19:50.027000,57,,,
participant_19,2,day,Town10HD_Opt,2026-03-16 15:19:50.997466,102.72982788085938,-6.744704246520996,0.001941108610481,0.03,2.68,0.0,0.0,0,0,1,,0.806,2026-03-16T15:19:50.997466,neutral,0.442,2026-03-16T15:19:49.452042,0.6125755058416957,2026-03-16T15:19:51.023000,59,,,
participant_19,2,day,Town10HD_Opt,2026-03-16 15:19:52.035079,102.72960662841795,-6.741604328155518,0.0019208145095035,0.028,2.619,0.0,0.0,0,0,1,,1.0,2026-03-16T15:19:52.035079,neutral,0.635,2026-03-16T15:19:52.035079,0.7259898281894065,2026-03-16T15:19:52.998000,62,,,
participant_19,2,day,Town10HD_Opt,2026-03-16 15:19:53.051664,102.72942352294922,-6.739249706268311,0.0019195937784388,0.002,2.628,0.0,0.0,0,0,1,,0.842,2026-03-16T15:19:53.051664,neutral,0.635,2026-03-16T15:19:52.035079,0.673396820988582,2026-03-16T15:19:52.998000,62,,,
participant_19,2,day,Town10HD_Opt,2026-03-16 15:19:54.014884,102.72942352294922,-6.739131450653076,0.0019188307924196,0.007,2.661,0.0,0.0,0,0,1,,1.0,2026-03-16T15:19:54.014884,neutral,0.635,2026-03-16T15:19:52.035079,0.6966396735043933,2026-03-16T15:19:54.032000,64,,,
participant_19,2,day,Town10HD_Opt,2026-03-16 15:19:55.167055,102.72943115234376,-6.739104270935059,0.001919288537465,0.131,3.537,0.04,0.0,0,0,1,,1.0,2026-03-16T15:19:55.167055,neutral,0.714,2026-03-16T15:19:55.167055,0.6410382953411073,2026-03-16T15:19:56.013000,63,,,
participant_19,2,day,Town10HD_Opt,2026-03-16 15:19:56.183615,102.72959899902344,-6.740431308746338,0.0019160461379215,0.159,3.396,0.039,0.0,0,0,1,,1.0,2026-03-16T15:19:56.183615,neutral,0.714,2026-03-16T15:19:55.167055,0.6663761019788241,2026-03-16T15:19:57.002000,61,,,
participant_19,2,day,Town10HD_Opt,2026-03-16 15:19:57.225305,102.72935485839844,-6.738307952880859,0.001915855333209,0.186,3.396,0.039,0.0,0,0,1,,1.0,2026-03-16T15:19:57.225305,neutral,0.757,2026-03-16T15:19:57.225305,0.6551460925130449,2026-03-16T15:19:57.992000,60,,,
participant_19,2,day,Town10HD_Opt,2026-03-16 15:19:58.342327,102.72653198242188,-6.714144706726074,0.001840095501393,1.965,5.361,1.0,0.0,0,0,1,,1.0,2026-03-16T15:19:58.342327,neutral,0.757,2026-03-16T15:19:57.225305,0.6510027896073409,2026-03-16T15:19:59.027000,64,,,
participant_19,3,day,Town10HD_Opt,2026-03-16 15:30:00.000000,-41.66858673095703,89.7454833984375,0.5804919004440308,2.099,-0.087,0.497,0.0,0,0,1,,1.0,2026-03-16T15:30:00,,,2026-03-16T15:30:00,0.7141667116794775,2026-03-16T15:30:00,64,,,
participant_19,3,day,Town10HD_Opt,2026-03-16 15:30:04.430768,-41.66909408569336,89.62482452392578,0.0017955779330804,2.756,-0.087,0.575,0.0,0,0,1,,0.88,2026-03-16T15:30:04.430768,happy,0.86,2026-03-16T15:30:04.430768,0.7107265685961112,2026-03-16T15:30:05.040000,64,,,
participant_19,3,day,Town10HD_Opt,2026-03-16 15:30:05.094924,-41.67007827758789,89.40936279296875,0.0017125320155173,4.981,-0.087,0.826,0.0,0,0,1,,1.0,2026-03-16T15:30:05.094924,happy,0.86,2026-03-16T15:30:04.430768,0.7515727130438571,2026-03-16T15:30:05.985000,65,,,
participant_19,3,day,Town10HD_Opt,2026-03-16 15:30:06.127803,-41.67339324951172,88.36984252929688,0.0016100311186164,11.915,-0.087,0.474,0.0,0,0,1,,1.0,2026-03-16T15:30:06.127803,happy,0.86,2026-03-16T15:30:04.430768,0.7290037144117314,2026-03-16T15:30:06.976000,66,,,
participant_19,3,day,Town10HD_Opt,2026-03-16 15:30:07.225842,-41.67958450317383,86.78044128417969,0.0017799758352339,14.827,-0.087,0.28,0.0,0,0,1,,1.0,2026-03-16T15:30:07.225842,happy,0.86,2026-03-16T15:30:04.430768,0.7708275510719717,2026-03-16T15:30:08.011000,64,,,
participant_19,3,day,Town10HD_Opt,2026-03-16 15:30:08.485085,-41.68307495117188,85.00736999511719,0.0018707657000049,15.639,2.56,0.281,0.0,0,0,1,,0.833,2026-03-16T15:30:08.485085,neutral,0.923,2026-03-16T15:30:08.485085,0.7500991567283409,2026-03-16T15:30:09,69,,,
participant_19,3,day,Town10HD_Opt,2026-03-16 15:30:09.041252,-41.65825271606445,84.08880615234375,0.001882400480099,15.911,4.183,0.28,0.0,0,0,1,,1.0,2026-03-16T15:30:09.041252,neutral,0.923,2026-03-16T15:30:08.485085,0.6853146643617891,2026-03-16T15:30:09.990000,67,,,
participant_19,3,day,Town10HD_Opt,2026-03-16 15:30:10.058528,-41.54784393310547,82.16598510742188,0.0018418884137645,17.373,3.125,0.394,0.0,0,0,1,,1.0,2026-03-16T15:30:10.058528,neutral,0.923,2026-03-16T15:30:08.485085,0.7799714226385256,2026-03-16T15:30:09.990000,69,,,
participant_19,3,day,Town10HD_Opt,2026-03-16 15:30:11.141562,-41.34696578979492,80.07365417480469,0.0020922850817441,18.112,6.509,0.386,0.0,0,0,1,,1.0,2026-03-16T15:30:11.141562,neutral,0.392,2026-03-16T15:30:11.141562,0.752962950310552,2026-03-16T15:30:11.971000,72,,,
participant_19,3,day,Town10HD_Opt,2026-03-16 15:30:12.169930,-40.90372085571289,77.95887756347656,0.0020243453327566,18.892,12.803,0.371,0.0,0,0,1,,1.0,2026-03-16T15:30:12.169930,neutral,0.392,2026-03-16T15:30:11.141562,0.7526406624382228,2026-03-16T15:30:12.960000,74,,,
participant_19,3,day,Town10HD_Opt,2026-03-16 15:30:13.208213,-40.10970306396485,75.84571838378906,0.0020272827241569,19.744,17.246,0.373,0.0,0,0,1,,1.0,2026-03-16T15:30:13.208213,neutral,0.537,2026-03-16T15:30:13.208213,0.7356629826992883,2026-03-16T15:30:14.131000,77,,,
participant_19,3,day,Town10HD_Opt,2026-03-16 15:30:14.268962,-38.87702941894531,73.86026000976562,0.002037429716438,20.365,18.438,0.266,0.0,0,0,1,,1.0,2026-03-16T15:30:14.268962,neutral,0.537,2026-03-16T15:30:13.208213,0.7157948386436035,2026-03-16T15:30:15.120000,76,,,
participant_19,3,day,Town10HD_Opt,2026-03-16 15:30:15.307201,-37.240352630615234,72.17659759521484,0.0021102523896843,19.681,20.228,0.236,0.0,0,0,1,,1.0,2026-03-16T15:30:15.307201,neutral,0.307,2026-03-16T15:30:15.307201,0.8186383335790888,2026-03-16T15:30:15.976000,78,,,
participant_19,3,day,Town10HD_Opt,2026-03-16 15:30:16.365302,-35.36396026611328,70.9644546508789,0.0021244811359792,18.631,19.717,0.236,0.0,0,0,1,,1.0,2026-03-16T15:30:16.365302,neutral,0.307,2026-03-16T15:30:15.307201,0.7630442785921693,2026-03-16T15:30:17.010000,80,,,
participant_19,3,day,Town10HD_Opt,2026-03-16 15:30:17.407804,-33.37399673461914,70.19377136230469,0.0020654296968132,18.186,17.553,0.224,0.0,0,0,1,,1.0,2026-03-16T15:30:17.407804,neutral,0.793,2026-03-16T15:30:17.407804,0.6807203228760959,2026-03-16T15:30:18.045000,79,,,
participant_19,3,day,Town10HD_Opt,2026-03-16 15:30:18.482816,-31.30391502380371,69.7970962524414,0.0018615340813994,18.101,15.26,0.236,0.0,0,0,1,,1.0,2026-03-16T15:30:18.482816,neutral,0.793,2026-03-16T15:30:17.407804,0.6893517153267618,2026-03-16T15:30:18.990000,77,,,
participant_19,3,day,Town10HD_Opt,2026-03-16 15:30:19.023260,-30.25665283203125,69.7192153930664,0.0018969726515933,18.016,12.456,0.237,0.0,0,0,1,,0.803,2026-03-16T15:30:19.023260,neutral,0.793,2026-03-16T15:30:17.407804,0.7307823285935323,2026-03-16T15:30:19.980000,76,,,
participant_19,3,day,Town10HD_Opt,2026-03-16 15:30:20.109392,-28.16423988342285,69.6561050415039,0.0019223403651267,17.956,3.278,0.407,0.0,0,0,1,,1.0,2026-03-16T15:30:20.109392,neutral,0.844,2026-03-16T15:30:20.109392,0.7175827768367022,2026-03-16T15:30:20.971000,74,,,
participant_19,3,day,Town10HD_Opt,2026-03-16 15:30:21.171888,-26.040197372436523,69.62120819091797,0.0020493697375059,18.623,2.391,0.514,0.0,0,0,1,,1.0,2026-03-16T15:30:21.171888,neutral,0.844,2026-03-16T15:30:20.109392,0.6625333032310418,2026-03-16T15:30:22.051000,73,,,
participant_19,3,day,Town10HD_Opt,2026-03-16 15:30:22.232061,-23.71609115600586,69.64305877685547,0.0019112777663394,21.412,0.498,0.603,0.0,0,0,1,,1.0,2026-03-16T15:30:22.232061,neutral,0.642,2026-03-16T15:30:22.232061,0.7134552685779894,2026-03-16T15:30:22.996000,73,,,
participant_19,3,day,Town10HD_Opt,2026-03-16 15:30:23.306025,-20.99957275390625,69.66559600830078,0.0018830870976671,25.057,0.738,0.472,0.0,0,0,1,,0.822,2026-03-16T15:30:23.306025,neutral,0.642,2026-03-16T15:30:22.232061,0.7512962940589551,2026-03-16T15:30:23.985000,73,,,
participant_19,3,day,Town10HD_Opt,2026-03-16 15:30:24.362658,-17.976341247558594,69.72196197509766,0.0019434738205745,26.831,0.367,0.471,0.0,0,0,1,,1.0,2026-03-16T15:30:24.362658,neutral,0.815,2026-03-16T15:30:24.362658,0.7878592038624991,2026-03-16T15:30:24.976000,74,,,
participant_19,3,day,Town10HD_Opt,2026-03-16 15:30:25.383135,-14.747292518615724,69.7967300415039,0.0019614028278738,28.477,-0.035,0.471,0.0,0,0,1,,1.0,2026-03-16T15:30:25.383135,neutral,0.815,2026-03-16T15:30:24.362658,0.7251286836569587,2026-03-16T15:30:26.011000,71,,,
participant_19,3,day,Town10HD_Opt,2026-03-16 15:30:26.400527,-11.335721969604492,69.87646484375,0.0019707488827407,30.058,-0.021,0.438,0.0,0,0,1,,1.0,2026-03-16T15:30:26.400527,sad,0.428,2026-03-16T15:30:26.400527,0.7055453500841092,2026-03-16T15:30:27,72,,,
participant_19,3,day,Town10HD_Opt,2026-03-16 15:30:27.417843,-7.835458278656006,69.94505310058594,0.0020918655209243,29.261,-0.656,0.027,0.0,0,0,1,,1.0,2026-03-16T15:30:27.417843,sad,0.428,2026-03-16T15:30:26.400527,0.7041418487266594,2026-03-16T15:30:27.991000,70,,,
participant_19,3,day,Town10HD_Opt,2026-03-16 15:30:28.458666,-4.665686130523682,69.9842529296875,0.00224369042553,24.978,-0.005,0.0,0.0,0,0,1,,1.0,2026-03-16T15:30:28.458666,neutral,0.887,2026-03-16T15:30:28.458666,0.7287383030688462,2026-03-16T15:30:29.115000,68,,,
participant_19,3,day,Town10HD_Opt,2026-03-16 15:30:28.997449,-3.276573181152344,70.00006866455078,0.0022554397583007,22.763,-0.599,0.0,0.0,0,0,1,,1.0,2026-03-16T15:30:28.997449,neutral,0.887,2026-03-16T15:30:28.458666,0.7725618615741293,2026-03-16T15:30:29.970000,69,,,
participant_19,3,day,Town10HD_Opt,2026-03-16 15:30:30.026303,-0.8638150095939636,70.01390838623047,0.0022283552680164,18.898,0.04,0.117,0.0,0,0,1,,0.821,2026-03-16T15:30:30.026303,neutral,0.887,2026-03-16T15:30:28.458666,0.6850045205907722,2026-03-16T15:30:29.970000,67,,,
participant_19,3,day,Town10HD_Opt,2026-03-16 15:30:31.091687,1.2523479461669922,70.0247573852539,0.0020856475457549,18.08,-0.435,0.473,0.0,0,0,1,,1.0,2026-03-16T15:30:31.091687,neutral,0.511,2026-03-16T15:30:31.091687,0.7087281056029,2026-03-16T15:30:31.006000,64,,,
participant_19,3,day,Town10HD_Opt,2026-03-16 15:30:32.168178,3.37491774559021,70.0271987915039,0.002032165415585,18.504,-0.092,0.372,0.0,0,0,1,,0.824,2026-03-16T15:30:32.168178,neutral,0.511,2026-03-16T15:30:31.091687,0.6881431911653694,2026-03-16T15:30:32.986000,63,,,
participant_19,3,day,Town10HD_Opt,2026-03-16 15:30:33.207156,5.579844951629639,70.02885437011719,0.002013778546825,19.2,0.113,0.303,0.0,0,0,1,,1.0,2026-03-16T15:30:33.207156,neutral,0.668,2026-03-16T15:30:33.207156,0.7653987656999306,2026-03-16T15:30:33.975000,64,,,
participant_19,3,day,Town10HD_Opt,2026-03-16 15:30:34.252299,7.81735897064209,70.03305053710938,0.0020457457285374,19.112,0.059,0.277,0.0,0,0,1,,1.0,2026-03-16T15:30:34.252299,neutral,0.668,2026-03-16T15:30:33.207156,0.7395767798991957,2026-03-16T15:30:35.011000,65,,,
participant_19,3,day,Town10HD_Opt,2026-03-16 15:30:35.273544,10.008819580078123,70.03898620605469,0.0021028518676757,18.053,0.087,0.0,0.0,0,0,1,,1.0,2026-03-16T15:30:35.273544,neutral,0.607,2026-03-16T15:30:35.273544,0.7749503391284868,2026-03-16T15:30:36.045000,64,,,
participant_19,3,day,Town10HD_Opt,2026-03-16 15:30:36.278490,12.00515079498291,70.04617309570312,0.0019978713244199,15.601,0.087,0.0,0.0,0,0,1,,1.0,2026-03-16T15:30:36.278490,neutral,0.607,2026-03-16T15:30:35.273544,0.7675072771594637,2026-03-16T15:30:37.035000,61,,,
participant_19,3,day,Town10HD_Opt,2026-03-16 15:30:37.312480,13.694883346557615,70.05364227294922,0.0020403671078383,13.073,0.087,0.027,0.0,0,0,1,,1.0,2026-03-16T15:30:37.312480,neutral,0.651,2026-03-16T15:30:37.312480,0.8166064273265877,2026-03-16T15:30:37.981000,63,,,
participant_19,3,day,Town10HD_Opt,2026-03-16 15:30:38.396230,15.130419731140137,70.059814453125,0.0019987868145108,11.604,-0.223,0.176,0.0,0,0,1,,0.852,2026-03-16T15:30:38.396230,neutral,0.651,2026-03-16T15:30:37.312480,0.8916020142226829,2026-03-16T15:30:38.971000,63,,,
participant_19,3,day,Town10HD_Opt,2026-03-16 15:30:39.423541,16.4664306640625,70.06206512451172,0.0019353865645825,11.346,-0.204,0.159,0.0,0,0,1,,0.806,2026-03-16T15:30:39.423541,neutral,0.601,2026-03-16T15:30:39.423541,0.8326420906884041,2026-03-16T15:30:40.006000,65,,,
participant_19,3,day,Town10HD_Opt,2026-03-16 15:30:40.457450,17.77175521850586,70.06270599365234,0.0019439696334302,10.903,-0.12,0.044,0.0,0,0,1,,1.0,2026-03-16T15:30:40.457450,neutral,0.601,2026-03-16T15:30:39.423541,0.8293100628133503,2026-03-16T15:30:41.085000,64,,,
participant_19,3,day,Town10HD_Opt,2026-03-16 15:30:41.059897,18.39020156860352,70.06275939941406,0.0019695663359016,10.11,-0.096,0.0,0.0,0,0,1,,0.803,2026-03-16T15:30:41.059897,neutral,0.601,2026-03-16T15:30:39.423541,0.8639543947647023,2026-03-16T15:30:42.031000,59,,,
participant_19,3,day,Town10HD_Opt,2026-03-16 15:30:42.146324,19.48531723022461,70.0623779296875,0.0020040511153638,8.465,-0.11,0.0,0.059,0,0,1,,1.0,2026-03-16T15:30:42.146324,neutral,0.761,2026-03-16T15:30:42.146324,0.8379039596899648,2026-03-16T15:30:42.976000,63,,,
participant_19,3,day,Town10HD_Opt,2026-03-16 15:30:43.165922,20.36100959777832,70.06148529052734,0.0019935606978833,6.841,-0.11,0.136,0.0,0,0,1,,1.0,2026-03-16T15:30:43.165922,neutral,0.761,2026-03-16T15:30:42.146324,0.8508372761388302,2026-03-16T15:30:44.056000,65,,,
participant_19,3,day,Town10HD_Opt,2026-03-16 15:30:44.301223,21.17433357238769,70.05998992919922,0.0018582915654405,8.004,-0.233,0.286,0.0,0,0,1,,1.0,2026-03-16T15:30:44.301223,neutral,0.862,2026-03-16T15:30:44.301223,0.8346715520828693,2026-03-16T15:30:45.091000,64,,,
participant_19,3,day,Town10HD_Opt,2026-03-16 15:30:45.388861,22.15913772583008,70.05687713623047,0.0018821716075763,8.718,-0.172,0.115,0.0,0,0,1,,1.0,2026-03-16T15:30:45.388861,neutral,0.862,2026-03-16T15:30:44.301223,0.7134734355189942,2026-03-16T15:30:45.991000,62,Vehicle-pedestrian collision,Vehicle-pedestrian collision,
participant_19,3,day,Town10HD_Opt,2026-03-16 15:30:46.452176,23.148664474487305,70.05345916748047,0.0019520949572324,7.923,-0.078,0.0,0.0,0,0,1,,1.0,2026-03-16T15:30:46.452176,neutral,0.844,2026-03-16T15:30:46.452176,0.813523981332289,2026-03-16T15:30:46.981000,65,,,
participant_19,3,day,Town10HD_Opt,2026-03-16 15:30:46.995962,23.59713363647461,70.0518798828125,0.0019742583390325,7.267,-0.078,0.0,0.0,0,0,1,,1.0,2026-03-16T15:30:46.995962,neutral,0.844,2026-03-16T15:30:46.452176,0.7524505772117956,2026-03-16T15:30:46.981000,66,,,
participant_19,3,day,Town10HD_Opt,2026-03-16 15:30:47.995113,24.381765365600582,70.04888153076172,0.0019902037456631,5.929,-0.078,0.0,0.291,0,0,1,,1.0,2026-03-16T15:30:47.995113,neutral,0.844,2026-03-16T15:30:46.452176,0.711724377186,2026-03-16T15:30:47.971000,66,,,
participant_19,3,day,Town10HD_Opt,2026-03-16 15:30:49.018097,24.49342918395996,70.04800415039062,0.0020527648739516,0.0,-0.068,0.0,0.014,0,0,1,,1.0,2026-03-16T15:30:49.018097,neutral,0.566,2026-03-16T15:30:49.018097,0.7262338826268891,2026-03-16T15:30:49.005000,69,,,
participant_19,3,day,Town10HD_Opt,2026-03-16 15:30:50.087619,24.549530029296875,70.04778289794922,0.0018293762113898,1.928,-0.068,0.384,0.0,0,0,1,,0.846,2026-03-16T15:30:50.087619,neutral,0.566,2026-03-16T15:30:49.018097,0.6952768277024748,2026-03-16T15:30:49.996000,66,,,
participant_19,3,day,Town10HD_Opt,2026-03-16 15:30:51.196709,24.91681289672852,70.0467529296875,0.0018096923595294,4.347,-0.068,0.134,0.0,0,0,1,,0.868,2026-03-16T15:30:51.196709,neutral,0.655,2026-03-16T15:30:51.196709,0.6577211421793534,2026-03-16T15:30:51.977000,62,,,
participant_19,3,day,Town10HD_Opt,2026-03-16 15:30:52.307714,25.435375213623047,70.04485321044922,0.0018952559912577,4.648,-0.068,0.064,0.0,0,0,1,,1.0,2026-03-16T15:30:52.307714,neutral,0.655,2026-03-16T15:30:51.196709,0.6513072270652747,2026-03-16T15:30:53.010000,63,,,
participant_19,3,day,Town10HD_Opt,2026-03-16 15:30:53.344954,25.872961044311523,70.04317474365234,0.0022516250610351,0.0,-0.068,0.0,0.148,0,0,1,,0.835,2026-03-16T15:30:53.344954,neutral,0.336,2026-03-16T15:30:53.344954,0.5994131806057278,2026-03-16T15:30:54.001000,64,,,
participant_19,3,day,Town10HD_Opt,2026-03-16 15:30:54.359541,25.87470817565918,70.04317474365234,0.0019540023058652,0.196,-0.068,0.462,0.0,0,0,1,,0.823,2026-03-16T15:30:54.359541,neutral,0.336,2026-03-16T15:30:53.344954,0.6196732667178395,2026-03-16T15:30:54.990000,62,,,
participant_19,3,day,Town10HD_Opt,2026-03-16 15:30:55.427959,26.149808883666992,70.04206085205078,0.0016225051367655,6.674,-0.078,0.895,0.0,0,0,1,,0.821,2026-03-16T15:30:55.427959,neutral,0.312,2026-03-16T15:30:55.427959,0.6427884126644783,2026-03-16T15:30:55.980000,64,,,
participant_19,3,day,Town10HD_Opt,2026-03-16 15:30:56.002404,26.630651473999023,70.0374526977539,0.001529159490019,10.793,-2.207,0.56,0.0,0,0,1,,1.0,2026-03-16T15:30:56.002404,neutral,0.312,2026-03-16T15:30:55.427959,0.5449363435435177,2026-03-16T15:30:56.971000,63,,,
participant_19,3,day,Town10HD_Opt,2026-03-16 15:30:57.088908,28.1064395904541,69.96867370605469,0.0017203902825713,14.311,-5.373,0.294,0.0,0,0,1,,1.0,2026-03-16T15:30:57.088908,neutral,0.312,2026-03-16T15:30:55.427959,0.4985450473759157,2026-03-16T15:30:58.050000,66,,,errors=Stop sign violation
participant_19,3,day,Town10HD_Opt,2026-03-16 15:30:58.163894,29.81591033935547,69.79723358154297,0.0018985366914421,14.698,-5.874,0.187,0.0,0,0,1,,1.0,2026-03-16T15:30:58.163894,angry,0.868,2026-03-16T15:30:58.163894,0.5332924144052438,2026-03-16T15:30:59.085000,63,,,
participant_19,3,day,Town10HD_Opt,2026-03-16 15:30:59.224564,31.49023628234864,69.51004791259766,0.0019227599259465,14.582,-9.521,0.227,0.0,0,0,1,,1.0,2026-03-16T15:30:59.224564,angry,0.868,2026-03-16T15:30:58.163894,0.5086269081691674,2026-03-16T15:30:59.986000,65,,,
participant_19,3,day,Town10HD_Opt,2026-03-16 15:31:00.317089,33.1467399597168,69.05994415283203,0.0018991088727489,15.084,-9.397,0.27,0.0,0,0,1,,1.0,2026-03-16T15:31:00.317089,angry,0.842,2026-03-16T15:31:00.317089,0.5388886211075382,2026-03-16T15:31:00.975000,64,,,
participant_19,3,day,Town10HD_Opt,2026-03-16 15:31:01.352862,34.81754684448242,68.45549011230469,0.001907997066155,15.4,-9.028,0.249,0.0,0,0,1,,1.0,2026-03-16T15:31:01.352862,angry,0.842,2026-03-16T15:31:00.317089,0.5126787150234291,2026-03-16T15:31:02.100000,65,,,
participant_19,3,day,Town10HD_Opt,2026-03-16 15:31:01.990530,35.64859771728516,68.09774017333984,0.0018938827561214,15.768,-8.193,0.352,0.0,0,0,1,,1.0,2026-03-16T15:31:01.990530,angry,0.842,2026-03-16T15:31:00.317089,0.5821810300826695,2026-03-16T15:31:02.100000,66,,,
participant_19,3,day,Town10HD_Opt,2026-03-16 15:31:03.048899,37.38044738769531,67.25823211669922,0.001853485009633,17.342,-7.019,0.348,0.0,0,0,1,,1.0,2026-03-16T15:31:03.048899,sad,0.473,2026-03-16T15:31:03.048899,0.3882804597853605,2026-03-16T15:31:03.991000,65,,,
participant_19,3,day,Town10HD_Opt,2026-03-16 15:31:04.098270,39.15510559082031,66.18341064453125,0.0020981596317142,18.211,-12.033,0.33,0.0,0,0,1,,1.0,2026-03-16T15:31:04.098270,sad,0.473,2026-03-16T15:31:03.048899,0.4831869727998751,2026-03-16T15:31:04.981000,68,,,
participant_19,3,day,Town10HD_Opt,2026-03-16 15:31:05.128248,40.7874755859375,64.83441925048828,0.0020539474207907,18.282,-13.846,0.329,0.0,0,0,1,,1.0,2026-03-16T15:31:05.128248,angry,0.543,2026-03-16T15:31:05.128248,0.3972437775320968,2026-03-16T15:31:05.971000,68,,,
participant_19,3,day,Town10HD_Opt,2026-03-16 15:31:06.177035,42.20428466796875,63.25136947631836,0.0020617675036191,18.259,-15.199,0.304,0.0,0,0,1,,1.0,2026-03-16T15:31:06.177035,angry,0.543,2026-03-16T15:31:05.128248,0.4084415179209397,2026-03-16T15:31:07.006000,64,,,
participant_19,3,day,Town10HD_Opt,2026-03-16 15:31:07.200233,43.33170700073242,61.4498291015625,0.0020519637037068,18.25,-15.765,0.298,0.0,0,0,1,,1.0,2026-03-16T15:31:07.200233,fear,0.518,2026-03-16T15:31:07.200233,0.5308313124964077,2026-03-16T15:31:07.996000,64,,,
participant_19,3,day,Town10HD_Opt,2026-03-16 15:31:08.235883,44.14341354370117,59.48727035522461,0.0020590589847415,18.249,-14.683,0.297,0.0,0,0,1,,0.834,2026-03-16T15:31:08.235883,fear,0.518,2026-03-16T15:31:07.200233,0.4312965310931073,2026-03-16T15:31:09.031000,65,,,
participant_19,3,day,Town10HD_Opt,2026-03-16 15:31:09.256870,44.63713836669922,57.425418853759766,0.0020301055628806,18.408,-14.638,0.227,0.0,0,0,1,,1.0,2026-03-16T15:31:09.256870,sad,0.725,2026-03-16T15:31:09.256870,0.4077737232572652,2026-03-16T15:31:10.020000,65,,,
participant_19,3,day,Town10HD_Opt,2026-03-16 15:31:10.330150,44.79506301879883,55.3201789855957,0.0018510818481445,17.868,-13.28,0.165,0.0,0,0,1,,1.0,2026-03-16T15:31:10.330150,sad,0.725,2026-03-16T15:31:09.256870,0.4929270084944158,2026-03-16T15:31:11.011000,62,,,
participant_19,3,day,Town10HD_Opt,2026-03-16 15:31:11.482778,44.74850082397461,53.19794464111328,0.0020597837865352,19.592,-4.575,0.804,0.0,0,0,1,,1.0,2026-03-16T15:31:11.482778,sad,0.647,2026-03-16T15:31:11.482778,0.4767536490561019,2026-03-16T15:31:12.090000,60,,,
participant_19,3,day,Town10HD_Opt,2026-03-16 15:31:12.042004,44.69409942626953,51.99608612060547,0.0018576049478724,22.692,-4.31,0.314,0.0,0,0,1,,1.0,2026-03-16T15:31:12.042004,sad,0.647,2026-03-16T15:31:11.482778,0.3930771723562706,2026-03-16T15:31:12.990000,64,,,
participant_19,3,day,Town10HD_Opt,2026-03-16 15:31:13.120307,44.51127243041992,49.28372573852539,0.0020785140804946,22.359,1.006,0.0,0.37,0,0,1,,0.85,2026-03-16T15:31:13.120307,sad,0.647,2026-03-16T15:31:11.482778,0.4287106463153529,2026-03-16T15:31:13.981000,62,,,
participant_19,3,day,Town10HD_Opt,2026-03-16 15:31:14.175325,44.3836555480957,46.98998260498047,0.0020779799669981,17.096,0.855,0.0,0.447,0,0,1,,1.0,2026-03-16T15:31:14.175325,neutral,0.46,2026-03-16T15:31:14.175325,0.4617986075582989,2026-03-16T15:31:14.971000,65,,,
participant_19,3,day,Town10HD_Opt,2026-03-16 15:31:15.239844,44.30617904663086,45.28828430175781,0.0021277617197483,12.032,0.78,0.0,0.407,0,0,1,,1.0,2026-03-16T15:31:15.239844,neutral,0.46,2026-03-16T15:31:14.175325,0.4219477332444859,2026-03-16T15:31:16.050000,67,,,
participant_19,3,day,Town10HD_Opt,2026-03-16 15:31:16.321819,44.25876235961914,44.08383560180664,0.0021087646018713,8.208,0.728,0.0,0.35,0,0,1,,1.0,2026-03-16T15:31:16.321819,fear,0.347,2026-03-16T15:31:16.321819,0.3271920778779649,2026-03-16T15:31:17.086000,65,,,
participant_19,3,day,Town10HD_Opt,2026-03-16 15:31:17.365264,44.2259521484375,43.21051025390625,0.0020063780248165,6.791,-0.134,0.039,0.0,0,0,1,,1.0,2026-03-16T15:31:17.365264,fear,0.347,2026-03-16T15:31:16.321819,0.4178171237528241,2026-03-16T15:31:18.031000,63,,,
participant_19,3,day,Town10HD_Opt,2026-03-16 15:31:18.451605,44.195350646972656,42.4697494506836,0.0019398116273805,6.3,-0.11,0.302,0.0,0,0,1,,1.0,2026-03-16T15:31:18.451605,neutral,0.343,2026-03-16T15:31:18.451605,0.4492741942555721,2026-03-16T15:31:18.976000,65,,,
participant_19,3,day,Town10HD_Opt,2026-03-16 15:31:19.459337,44.158939361572266,41.584808349609375,0.0017407225677743,9.742,0.381,0.65,0.0,0,0,1,,0.828,2026-03-16T15:31:19.459337,neutral,0.343,2026-03-16T15:31:18.451605,0.3753138231067927,2026-03-16T15:31:20.011000,64,,,
participant_19,3,day,Town10HD_Opt,2026-03-16 15:31:19.995938,44.14252853393555,40.9258918762207,0.0016582488315179,12.739,3.768,0.614,0.0,0,0,1,,1.0,2026-03-16T15:31:19.995938,neutral,0.343,2026-03-16T15:31:18.451605,0.3803965109053606,2026-03-16T15:31:20.011000,66,,,
participant_19,3,day,Town10HD_Opt,2026-03-16 15:31:21.066943,44.206809997558594,39.13554382324219,0.0016811751993373,17.707,9.921,0.584,0.0,0,0,1,,0.82,2026-03-16T15:31:21.066943,neutral,0.501,2026-03-16T15:31:21.066943,0.4783678002969007,2026-03-16T15:31:21.991000,65,Stop sign violation,stop_sign_id=1120,
participant_19,3,day,Town10HD_Opt,2026-03-16 15:31:22.111927,44.53221130371094,36.94604110717773,0.0019710541237145,20.142,13.219,0.456,0.0,0,0,1,,1.0,2026-03-16T15:31:22.111927,neutral,0.501,2026-03-16T15:31:21.066943,0.460441553934801,2026-03-16T15:31:22.981000,65,,,
participant_19,3,day,Town10HD_Opt,2026-03-16 15:31:23.149726,45.27049255371094,34.63784408569336,0.0019834898412227,21.782,17.628,0.448,0.0,0,0,1,,1.0,2026-03-16T15:31:23.149726,neutral,0.532,2026-03-16T15:31:23.149726,0.5063979884056711,2026-03-16T15:31:23.971000,67,,,
participant_19,3,day,Town10HD_Opt,2026-03-16 15:31:24.187508,46.55646514892578,32.379573822021484,0.0019974899478256,23.219,16.895,0.394,0.0,0,0,1,,1.0,2026-03-16T15:31:24.187508,neutral,0.532,2026-03-16T15:31:23.149726,0.4133646839594148,2026-03-16T15:31:25.006000,67,,,
participant_19,3,day,Town10HD_Opt,2026-03-16 15:31:25.219198,48.33614730834961,30.37868881225586,0.0021029280032962,22.673,16.913,0.222,0.0,0,0,1,,1.0,2026-03-16T15:31:25.219198,neutral,0.535,2026-03-16T15:31:25.219198,0.3286577305100245,2026-03-16T15:31:26.041000,67,,,
participant_19,3,day,Town10HD_Opt,2026-03-16 15:31:26.294721,50.36985778808594,28.88643455505371,0.0021426773164421,21.087,16.714,0.222,0.0,0,0,1,,1.0,2026-03-16T15:31:26.294721,neutral,0.535,2026-03-16T15:31:25.219198,0.3108936695643176,2026-03-16T15:31:26.986000,66,,,
participant_19,3,day,Town10HD_Opt,2026-03-16 15:31:27.360551,52.48986053466797,27.881227493286133,0.0021303556859493,19.687,13.936,0.227,0.0,0,0,1,,1.0,2026-03-16T15:31:27.360551,neutral,0.737,2026-03-16T15:31:27.360551,0.4184187659421959,2026-03-16T15:31:28.021000,71,,,
participant_19,3,day,Town10HD_Opt,2026-03-16 15:31:28.415465,54.58722686767578,27.208879470825195,0.0025333403609693,18.528,7.946,0.191,0.0,0,0,1,,1.0,2026-03-16T15:31:28.415465,neutral,0.737,2026-03-16T15:31:27.360551,0.4144249572690634,2026-03-16T15:31:29.011000,69,,,
participant_19,3,day,Town10HD_Opt,2026-03-16 15:31:29.484581,56.60450744628906,26.685585021972656,0.001904067932628,17.03,3.036,0.0,0.0,0,0,1,,1.0,2026-03-16T15:31:29.484581,neutral,0.423,2026-03-16T15:31:29.484581,0.3687157032719668,2026-03-16T15:31:30.001000,68,,,
participant_19,3,day,Town10HD_Opt,2026-03-16 15:31:30.030434,57.528076171875,26.461706161499023,0.0028974914457648,15.613,2.172,0.0,0.0,0,0,1,,1.0,2026-03-16T15:31:30.030434,neutral,0.423,2026-03-16T15:31:29.484581,0.43450495209902,2026-03-16T15:31:30.001000,67,,,
participant_19,3,day,Town10HD_Opt,2026-03-16 15:31:31.133459,59.15627670288086,26.11149787902832,0.0020152663346379,13.077,4.473,0.0,0.0,0,0,1,,1.0,2026-03-16T15:31:31.133459,neutral,0.423,2026-03-16T15:31:29.484581,0.3938534748619813,2026-03-16T15:31:31.981000,67,,,
participant_19,3,day,Town10HD_Opt,2026-03-16 15:31:32.229994,60.56787872314453,25.8733139038086,0.0019595718476921,12.041,4.7,0.195,0.0,0,0,1,,1.0,2026-03-16T15:31:32.229994,neutral,0.826,2026-03-16T15:31:32.229994,0.3850573307036928,2026-03-16T15:31:32.971000,68,,,
participant_19,3,day,Town10HD_Opt,2026-03-16 15:31:33.334083,61.95853805541992,25.69296264648437,0.0019297408871352,11.938,4.761,0.163,0.0,0,0,1,,1.0,2026-03-16T15:31:33.334083,neutral,0.826,2026-03-16T15:31:32.229994,0.3970787548712488,2026-03-16T15:31:34.006000,69,,,
participant_19,3,day,Town10HD_Opt,2026-03-16 15:31:34.370747,63.31386947631836,25.555639266967773,0.0019648743327707,11.126,2.732,0.0,0.0,0,0,1,,1.0,2026-03-16T15:31:34.370747,neutral,0.451,2026-03-16T15:31:34.370747,0.4025435679749664,2026-03-16T15:31:34.995000,66,,,
participant_19,3,day,Town10HD_Opt,2026-03-16 15:31:35.459976,64.50013732910156,25.454729080200195,0.0020019148942083,9.219,4.178,0.0,0.0,0,0,1,,1.0,2026-03-16T15:31:35.459976,neutral,0.451,2026-03-16T15:31:34.370747,0.373797891168733,2026-03-16T15:31:36.031000,69,,,
participant_19,3,day,Town10HD_Opt,2026-03-16 15:31:36.020113,65.01640319824219,25.42366600036621,0.0020105361472815,8.383,3.938,0.0,0.042,0,0,1,,1.0,2026-03-16T15:31:36.020113,neutral,0.451,2026-03-16T15:31:34.370747,0.2562293565975999,2026-03-16T15:31:36.976000,68,,,
participant_19,3,day,Town10HD_Opt,2026-03-16 15:31:37.061094,65.86968231201172,25.38382911682129,0.0020204542670398,6.136,3.815,0.0,0.115,0,0,1,,1.0,2026-03-16T15:31:37.061094,neutral,0.529,2026-03-16T15:31:37.061094,0.3689013874752485,2026-03-16T15:31:38.011000,66,,,
participant_19,3,day,Town10HD_Opt,2026-03-16 15:31:38.073974,66.24371337890625,25.37088966369629,0.002242088317871,0.001,3.62,0.0,0.135,0,0,1,,1.0,2026-03-16T15:31:38.073974,neutral,0.529,2026-03-16T15:31:37.061094,0.2553886870304086,2026-03-16T15:31:39.001000,69,,,
participant_19,3,day,Town10HD_Opt,2026-03-16 15:31:39.145190,66.24513244628906,25.37085151672364,0.0019539259374141,0.037,1.615,0.0,0.0,0,0,1,,1.0,2026-03-16T15:31:39.145190,neutral,0.603,2026-03-16T15:31:39.145190,0.3322019483732512,2026-03-16T15:31:40.080000,64,,,
participant_19,3,day,Town10HD_Opt,2026-03-16 15:31:40.365503,66.24907684326172,25.370662689208984,0.0019219588721171,0.035,1.605,0.0,0.0,0,0,1,,1.0,2026-03-16T15:31:40.365503,neutral,0.603,2026-03-16T15:31:39.145190,0.3309522519664023,2026-03-16T15:31:41.026000,65,,,
participant_19,3,day,Town10HD_Opt,2026-03-16 15:31:41.426612,66.2524642944336,25.370500564575195,0.0019194030901417,0.03,1.586,0.0,0.0,0,0,1,,1.0,2026-03-16T15:31:41.426612,neutral,0.362,2026-03-16T15:31:41.426612,0.308418635828295,2026-03-16T15:31:41.971000,64,,,
participant_19,3,day,Town10HD_Opt,2026-03-16 15:31:42.460873,66.25529479980469,25.37037467956543,0.0019192504696547,0.026,1.586,0.0,0.0,0,0,1,,1.0,2026-03-16T15:31:42.460873,neutral,0.362,2026-03-16T15:31:41.426612,0.3152742813529458,2026-03-16T15:31:43.006000,65,,,
participant_19,3,day,Town10HD_Opt,2026-03-16 15:31:42.993597,66.25653839111328,25.370311737060547,0.0019192122854292,0.024,1.586,0.0,0.0,0,0,1,,1.0,2026-03-16T15:31:42.993597,neutral,0.362,2026-03-16T15:31:41.426612,0.3026770690701338,2026-03-16T15:31:43.006000,64,,,
participant_19,3,day,Town10HD_Opt,2026-03-16 15:31:44.069679,66.25557708740234,25.370346069335938,0.0019173811888322,0.138,1.586,0.018,0.0,0,0,1,,1.0,2026-03-16T15:31:44.069679,neutral,0.524,2026-03-16T15:31:44.069679,0.3060543766924656,2026-03-16T15:31:44.987000,60,,,
participant_19,3,day,Town10HD_Opt,2026-03-16 15:31:45.154243,66.22210693359375,25.37175750732422,0.002019424457103,2.583,1.401,0.73,0.0,0,1,-1,,1.0,2026-03-16T15:31:45.154243,neutral,0.524,2026-03-16T15:31:44.069679,0.3143023624169211,2026-03-16T15:31:46.021000,65,,,
participant_19,3,day,Town10HD_Opt,2026-03-16 15:31:46.205153,65.63668060302734,25.39989471435547,0.0021428680047392,7.258,1.264,0.609,0.0,0,1,-1,,1.0,2026-03-16T15:31:46.205153,angry,0.339,2026-03-16T15:31:46.205153,0.3264016078034243,2026-03-16T15:31:47.101000,61,,,
participant_19,3,day,Town10HD_Opt,2026-03-16 15:31:47.270904,64.61530303955078,25.455942153930664,0.0020122528076171,9.427,1.029,0.449,0.0,0,1,-1,,1.0,2026-03-16T15:31:47.270904,angry,0.339,2026-03-16T15:31:46.205153,0.2847393130442288,2026-03-16T15:31:48,64,,,
participant_19,3,day,Town10HD_Opt,2026-03-16 15:31:48.368871,63.50049591064453,25.52478408813477,0.0019365310436114,9.68,1.029,0.449,0.0,0,1,-1,,1.0,2026-03-16T15:31:48.368871,neutral,0.61,2026-03-16T15:31:48.368871,0.3548388566737391,2026-03-16T15:31:48.991000,62,,,
participant_19,3,day,Town10HD_Opt,2026-03-16 15:31:49.484397,62.36818313598633,25.601938247680664,0.0019251632038503,9.776,1.029,0.449,0.0,0,1,-1,,1.0,2026-03-16T15:31:49.484397,neutral,0.61,2026-03-16T15:31:48.368871,0.2956448648008201,2026-03-16T15:31:49.981000,62,,,
participant_19,3,day,Town10HD_Opt,2026-03-16 15:31:50.020074,61.79829406738281,25.643598556518555,0.00192344665993,9.812,0.907,0.454,0.0,0,1,-1,,1.0,2026-03-16T15:31:50.020074,neutral,0.61,2026-03-16T15:31:48.368871,0.2820884752629103,2026-03-16T15:31:49.981000,65,,,
participant_19,3,day,Town10HD_Opt,2026-03-16 15:31:51.061298,60.64297866821289,25.741554260253903,0.0019368361681699,10.187,-0.423,0.481,0.0,0,1,-1,,1.0,2026-03-16T15:31:51.061298,neutral,0.417,2026-03-16T15:31:51.061298,0.3934105891563503,2026-03-16T15:31:52.005000,62,,,
participant_19,3,day,Town10HD_Opt,2026-03-16 15:31:52.146566,59.43436050415039,25.840431213378903,0.001941108610481,10.613,-0.16,0.48,0.0,0,1,-1,,1.0,2026-03-16T15:31:52.146566,neutral,0.417,2026-03-16T15:31:51.061298,0.3257649317799291,2026-03-16T15:31:52.997000,63,,,
participant_19,3,day,Town10HD_Opt,2026-03-16 15:31:53.206963,58.1806526184082,25.940874099731445,0.001933746272698,10.914,-0.16,0.478,0.0,0,1,-1,,1.0,2026-03-16T15:31:53.206963,neutral,0.38,2026-03-16T15:31:53.206963,0.4572650515286011,2026-03-16T15:31:53.986000,62,,,
participant_19,3,day,Town10HD_Opt,2026-03-16 15:31:54.280176,56.89983367919922,26.042055130004883,0.0019281005952507,11.094,-0.16,0.478,0.0,0,1,-1,,1.0,2026-03-16T15:31:54.280176,neutral,0.38,2026-03-16T15:31:53.206963,0.4872601199549725,2026-03-16T15:31:55.066000,64,,,
participant_19,3,day,Town10HD_Opt,2026-03-16 15:31:55.320451,55.601810455322266,26.14311981201172,0.0019251251360401,11.223,-0.16,0.478,0.0,0,1,-1,,1.0,2026-03-16T15:31:55.320451,angry,0.316,2026-03-16T15:31:55.320451,0.443738344136011,2026-03-16T15:31:56.011000,62,,,
participant_19,3,day,Town10HD_Opt,2026-03-16 15:31:56.342604,54.292137145996094,26.243576049804688,0.0019231032347306,11.294,-0.16,0.477,0.0,0,1,-1,,1.0,2026-03-16T15:31:56.342604,angry,0.316,2026-03-16T15:31:55.320451,0.4947767108946727,2026-03-16T15:31:57,61,,,
participant_19,3,day,Town10HD_Opt,2026-03-16 15:31:57.425101,52.97555160522461,26.336132049560547,0.0019197463989257,11.304,1.676,0.467,0.0,0,1,-1,,1.0,2026-03-16T15:31:57.425101,fear,0.277,2026-03-16T15:31:57.425101,0.4594798588507375,2026-03-16T15:31:57.991000,61,,,
participant_19,3,day,Town10HD_Opt,2026-03-16 15:31:58.469826,51.66591644287109,26.43332290649414,0.0019145965343341,11.203,0.985,0.466,0.0,0,1,-1,,1.0,2026-03-16T15:31:58.469826,fear,0.277,2026-03-16T15:31:57.425101,0.5563036017416704,2026-03-16T15:31:58.981000,61,,,
participant_19,3,day,Town10HD_Opt,2026-03-16 15:31:59.041654,51.01649475097656,26.489803314208984,0.0019140624208375,11.15,0.336,0.465,0.0,0,1,-1,,1.0,2026-03-16T15:31:59.041654,fear,0.277,2026-03-16T15:31:57.425101,0.5834714970592374,2026-03-16T15:31:58.981000,60,,,
participant_19,3,day,Town10HD_Opt,2026-03-16 15:32:00.086335,49.7270393371582,26.609771728515625,0.001914749154821,11.058,0.042,0.465,0.0,0,1,-1,,1.0,2026-03-16T15:32:00.086335,neutral,0.356,2026-03-16T15:32:00.086335,0.5940306914653699,2026-03-16T15:32:01.006000,60,,,
participant_19,3,day,Town10HD_Opt,2026-03-16 15:32:01.187842,48.44672775268555,26.73022079467773,0.0019160079536959,10.993,0.026,0.465,0.0,0,1,-1,,1.0,2026-03-16T15:32:01.187842,neutral,0.356,2026-03-16T15:32:00.086335,0.6270843179810526,2026-03-16T15:32:01.996000,58,,,
participant_19,3,day,Town10HD_Opt,2026-03-16 15:32:02.292561,47.17206954956055,26.85056495666504,0.001919021597132,10.999,0.023,0.482,0.0,0,1,-1,,1.0,2026-03-16T15:32:02.292561,happy,0.994,2026-03-16T15:32:02.292561,0.6239868778301076,2026-03-16T15:32:02.987000,60,,,
participant_19,3,day,Town10HD_Opt,2026-03-16 15:32:03.373601,45.89781188964844,26.985212326049805,0.0018844985170289,10.445,-8.027,0.016,0.0,0,1,-1,,0.82,2026-03-16T15:32:03.373601,happy,0.994,2026-03-16T15:32:02.292561,0.6562917437437037,2026-03-16T15:32:04.111000,62,,,
participant_19,3,day,Town10HD_Opt,2026-03-16 15:32:04.454408,45.004730224609375,27.136796951293945,0.0016854094574227,4.966,-23.706,0.111,0.0,0,1,-1,,1.0,2026-03-16T15:32:04.454408,neutral,0.766,2026-03-16T15:32:04.454408,0.6456300314611151,2026-03-16T15:32:05.011000,61,,,
participant_19,3,day,Town10HD_Opt,2026-03-16 15:32:05.003861,44.75433349609375,27.183237075805664,0.001739349332638,3.76,-28.279,0.267,0.0,0,1,-1,,1.0,2026-03-16T15:32:05.003861,neutral,0.766,2026-03-16T15:32:04.454408,0.7674830159506747,2026-03-16T15:32:05.011000,60,,,
participant_19,3,day,Town10HD_Opt,2026-03-16 15:32:06.069787,44.37129974365234,27.25336456298828,0.001958503620699,4.147,-32.556,0.525,0.0,0,1,-1,phone_call,0.881,2026-03-16T15:32:06.069787,neutral,0.766,2026-03-16T15:32:04.454408,0.7114748327481245,2026-03-16T15:32:06.991000,64,,,
participant_19,3,day,Town10HD_Opt,2026-03-16 15:32:07.138976,43.74562454223633,27.31348991394043,0.0020370483398437,6.885,-32.29,0.519,0.0,0,1,-1,,1.0,2026-03-16T15:32:07.138976,neutral,0.749,2026-03-16T15:32:07.138976,0.7461085434667387,2026-03-16T15:32:07.981000,63,,,
participant_19,3,day,Town10HD_Opt,2026-03-16 15:32:08.241529,42.84849166870117,27.28306007385254,0.0020172118674963,8.485,-31.779,0.185,0.0,0,1,-1,phone_call,0.855,2026-03-16T15:32:08.241529,neutral,0.749,2026-03-16T15:32:07.138976,0.7445638117592035,2026-03-16T15:32:09.016000,62,,,
participant_19,3,day,Town10HD_Opt,2026-03-16 15:32:09.297361,42.00721740722656,27.13039779663086,0.0018198012840002,5.666,-31.592,0.133,0.0,0,1,-1,,1.0,2026-03-16T15:32:09.297361,neutral,0.659,2026-03-16T15:32:09.297361,0.6958988107491239,2026-03-16T15:32:10.008000,64,,,
participant_19,3,day,Town10HD_Opt,2026-03-16 15:32:10.398563,41.51049041748047,26.97954368591309,0.0018196105957031,3.518,-31.592,0.332,0.0,0,1,-1,,1.0,2026-03-16T15:32:10.398563,neutral,0.659,2026-03-16T15:32:09.297361,0.7098395142096198,2026-03-16T15:32:10.996000,64,,,
participant_19,3,day,Town10HD_Opt,2026-03-16 15:32:11.466233,41.147308349609375,26.83751678466797,0.0019535827450454,4.06,-31.485,0.59,0.0,0,1,-1,,1.0,2026-03-16T15:32:11.466233,neutral,0.535,2026-03-16T15:32:11.466233,0.6813571043598025,2026-03-16T15:32:11.986000,63,,,
participant_19,3,day,Town10HD_Opt,2026-03-16 15:32:12.011327,40.89703369140625,26.72118186950684,0.0020314024295657,5.522,-31.434,0.58,0.0,0,1,-1,,1.0,2026-03-16T15:32:12.011327,neutral,0.535,2026-03-16T15:32:11.466233,0.7354780905152185,2026-03-16T15:32:11.986000,62,,,
participant_19,3,day,Town10HD_Opt,2026-03-16 15:32:13.115985,40.2239875793457,26.32227325439453,0.0019853210542351,7.086,-26.04,0.283,0.0,0,1,-1,,0.86,2026-03-16T15:32:13.115985,neutral,0.535,2026-03-16T15:32:11.466233,0.6866528040260963,2026-03-16T15:32:14.011000,61,,,
participant_19,3,day,Town10HD_Opt,2026-03-16 15:32:14.188030,39.82806396484375,26.00297737121582,0.001502571045421,0.006,-3.704,0.0,0.387,0,1,-1,,1.0,2026-03-16T15:32:14.188030,neutral,0.549,2026-03-16T15:32:14.188030,0.7060878580268797,2026-03-16T15:32:15.001000,64,,,
participant_19,3,day,Town10HD_Opt,2026-03-16 15:32:15.259390,39.83356857299805,26.00978660583496,0.0018367385491728,0.298,4.775,0.213,0.0,0,0,1,,1.0,2026-03-16T15:32:15.259390,neutral,0.549,2026-03-16T15:32:14.188030,0.653791095771236,2026-03-16T15:32:15.991000,64,,,
participant_19,3,day,Town10HD_Opt,2026-03-16 15:32:16.291378,39.91723251342773,26.17560768127441,0.001729812589474,3.974,40.812,0.702,0.0,0,0,1,,0.87,2026-03-16T15:32:16.291378,neutral,0.412,2026-03-16T15:32:16.291378,0.6985617113578717,2026-03-16T15:32:16.981000,67,,,
participant_19,3,day,Town10HD_Opt,2026-03-16 15:32:17.317256,40.11816787719727,26.97248268127441,0.001656150794588,10.408,44.297,0.447,0.0,0,0,1,,1.0,2026-03-16T15:32:17.317256,neutral,0.412,2026-03-16T15:32:16.291378,0.7105083510080784,2026-03-16T15:32:18.016000,69,,,
participant_19,3,day,Town10HD_Opt,2026-03-16 15:32:18.360914,40.28203582763672,28.38233757019043,0.0017567061586305,14.046,17.763,0.392,0.0,0,0,1,,1.0,2026-03-16T15:32:18.360914,neutral,0.788,2026-03-16T15:32:18.360914,0.7113452336874861,2026-03-16T15:32:19.006000,71,,,
participant_19,3,day,Town10HD_Opt,2026-03-16 15:32:19.411376,40.408199310302734,30.14261817932129,0.0017794418381527,16.712,16.515,0.558,0.0,0,0,1,,1.0,2026-03-16T15:32:19.411376,neutral,0.788,2026-03-16T15:32:18.360914,0.6396786535923082,2026-03-16T15:32:19.996000,69,,,
participant_19,3,day,Town10HD_Opt,2026-03-16 15:32:20.096648,40.3960189819336,31.178258895874023,0.0019536970648914,18.752,7.834,0.582,0.0,0,0,1,,1.0,2026-03-16T15:32:20.096648,neutral,0.788,2026-03-16T15:32:18.360914,0.6008498038828657,2026-03-16T15:32:20.986000,73,,,
participant_19,3,day,Town10HD_Opt,2026-03-16 15:32:21.201432,40.35342025756836,33.4593620300293,0.0019261168781667,20.931,0.247,0.429,0.0,0,0,1,,1.0,2026-03-16T15:32:21.201432,neutral,0.423,2026-03-16T15:32:21.201432,0.676632880728547,2026-03-16T15:32:22.022000,76,,,
participant_19,3,day,Town10HD_Opt,2026-03-16 15:32:22.290032,40.30849075317383,35.94416046142578,0.0020766067318618,20.663,0.602,0.0,0.0,0,0,1,,1.0,2026-03-16T15:32:22.290032,neutral,0.423,2026-03-16T15:32:21.201432,0.5880314863492054,2026-03-16T15:32:23.104000,76,,,
participant_19,3,day,Town10HD_Opt,2026-03-16 15:32:23.353715,40.26291275024414,38.152565002441406,0.0019479751354083,17.555,-0.336,0.015,0.0,0,0,1,,0.842,2026-03-16T15:32:23.353715,neutral,0.33,2026-03-16T15:32:23.353715,0.6217995013087252,2026-03-16T15:32:24.002000,81,,,
participant_19,3,day,Town10HD_Opt,2026-03-16 15:32:24.461087,40.2188606262207,40.046165466308594,0.0020332336425781,14.943,8.592,0.018,0.0,0,0,1,,1.0,2026-03-16T15:32:24.461087,neutral,0.33,2026-03-16T15:32:23.353715,0.6795801698023086,2026-03-16T15:32:24.991000,80,,,
participant_19,3,day,Town10HD_Opt,2026-03-16 15:32:25.011299,40.11996078491211,40.8724250793457,0.0020419692154973,13.743,7.549,0.016,0.0,0,0,1,,1.0,2026-03-16T15:32:25.011299,neutral,0.33,2026-03-16T15:32:23.353715,0.6022448487715539,2026-03-16T15:32:24.991000,81,,,
participant_19,3,day,Town10HD_Opt,2026-03-16 15:32:26.053223,39.99974060058594,42.38216400146485,0.0019158172653988,13.885,-1.525,0.73,0.0,0,0,1,,1.0,2026-03-16T15:32:26.053223,happy,0.867,2026-03-16T15:32:26.053223,0.6051747304749991,2026-03-16T15:32:26.026000,81,,,
participant_19,3,day,Town10HD_Opt,2026-03-16 15:32:27.103725,39.88858413696289,44.297943115234375,0.0019053268479183,18.939,-1.274,0.485,0.0,0,0,1,,1.0,2026-03-16T15:32:27.103725,happy,0.867,2026-03-16T15:32:26.053223,0.5767540596293358,2026-03-16T15:32:28.007000,81,,,
participant_19,3,day,Town10HD_Opt,2026-03-16 15:32:28.161654,39.79093170166016,46.493255615234375,0.0020716476719826,17.928,-2.988,0.047,0.081,0,0,1,,1.0,2026-03-16T15:32:28.161654,happy,0.672,2026-03-16T15:32:28.161654,0.6853459444906169,2026-03-16T15:32:28.996000,78,,,
participant_19,3,day,Town10HD_Opt,2026-03-16 15:32:29.172802,39.75835037231445,48.47426223754883,0.0020013807807117,15.788,0.388,0.052,0.055,0,0,1,,1.0,2026-03-16T15:32:29.172802,happy,0.672,2026-03-16T15:32:28.161654,0.6497483181759685,2026-03-16T15:32:30.121000,81,,,
participant_19,3,day,Town10HD_Opt,2026-03-16 15:32:30.204933,39.72564315795898,50.17683029174805,0.0020285034552216,13.317,-2.118,0.053,0.1,0,0,1,,1.0,2026-03-16T15:32:30.204933,happy,0.913,2026-03-16T15:32:30.204933,0.627684562799018,2026-03-16T15:32:31.111000,82,,,
participant_19,3,day,Town10HD_Opt,2026-03-16 15:32:31.269497,39.72790145874024,51.62239074707031,0.0020228575449436,11.358,-1.248,0.052,0.158,0,0,1,,1.0,2026-03-16T15:32:31.269497,happy,0.913,2026-03-16T15:32:30.204933,0.6525728441747471,2026-03-16T15:32:32.012000,78,,,
participant_19,3,day,Town10HD_Opt,2026-03-16 15:32:32.302948,39.73617172241211,52.81234359741211,0.0020247267093509,8.975,-1.053,0.052,0.183,0,0,1,,1.0,2026-03-16T15:32:32.302948,angry,0.394,2026-03-16T15:32:32.302948,0.5716145338636961,2026-03-16T15:32:33.002000,79,,,
participant_19,3,day,Town10HD_Opt,2026-03-16 15:32:33.330364,39.74769973754883,53.74079895019531,0.0020343398209661,6.79,-0.947,0.051,0.292,0,0,1,,1.0,2026-03-16T15:32:33.330364,angry,0.394,2026-03-16T15:32:32.302948,0.5888397561203637,2026-03-16T15:32:33.992000,75,,,
participant_19,3,day,Town10HD_Opt,2026-03-16 15:32:34.347901,39.754024505615234,54.16579055786133,0.0022899245377629,0.001,-0.79,0.052,0.339,0,0,1,,1.0,2026-03-16T15:32:34.347901,happy,0.98,2026-03-16T15:32:34.347901,0.619282898161906,2026-03-16T15:32:34.981000,72,,,
participant_19,3,day,Town10HD_Opt,2026-03-16 15:32:35.430249,39.75399398803711,54.16856384277344,0.0019546507392078,0.225,3.778,0.0,0.0,0,0,1,,1.0,2026-03-16T15:32:35.430249,happy,0.98,2026-03-16T15:32:34.347901,0.5900868745840123,2026-03-16T15:32:36.016000,73,,,
participant_19,3,day,Town10HD_Opt,2026-03-16 15:32:36.449632,39.75346374511719,54.19438934326172,0.0019194411579519,0.231,6.571,0.0,0.0,0,0,1,,0.885,2026-03-16T15:32:36.449632,neutral,0.563,2026-03-16T15:32:36.449632,0.5691277761121526,2026-03-16T15:32:37.007000,71,,,
participant_19,3,day,Town10HD_Opt,2026-03-16 15:32:36.993456,39.752197265625,54.207069396972656,0.0019209289457648,0.209,27.701,0.0,0.0,0,0,1,,1.0,2026-03-16T15:32:36.993456,neutral,0.563,2026-03-16T15:32:36.449632,0.6055265089349116,2026-03-16T15:32:37.007000,73,,,
participant_19,3,day,Town10HD_Opt,2026-03-16 15:32:38.042281,39.74665069580078,54.227298736572266,0.0019235229119658,0.139,47.654,0.135,0.0,0,0,1,,1.0,2026-03-16T15:32:38.042281,neutral,0.563,2026-03-16T15:32:36.449632,0.6015068180594187,2026-03-16T15:32:38.986000,68,,,
participant_19,3,day,Town10HD_Opt,2026-03-16 15:32:39.074553,39.72721862792969,54.28500747680664,0.0018345260759815,1.757,44.064,0.477,0.0,0,0,1,,1.0,2026-03-16T15:32:39.074553,sad,0.279,2026-03-16T15:32:39.074553,0.5958196821558451,2026-03-16T15:32:40.021000,68,,,
participant_19,3,day,Town10HD_Opt,2026-03-16 15:32:40.092314,39.55143356323242,54.80560302734375,0.0015502929454669,9.174,31.225,0.94,0.0,0,0,1,,0.873,2026-03-16T15:32:40.092314,sad,0.279,2026-03-16T15:32:39.074553,0.5475453189481185,2026-03-16T15:32:41.011000,68,,,errors=Solid line crossing
participant_19,3,day,Town10HD_Opt,2026-03-16 15:32:41.121816,39.22000503540039,56.36616897583008,0.0016109466087073,16.197,-3.297,0.113,0.0,0,0,1,,1.0,2026-03-16T15:32:41.121816,sad,0.302,2026-03-16T15:32:41.121816,0.6528126495169427,2026-03-16T15:32:42.001000,69,,,
participant_19,3,day,Town10HD_Opt,2026-03-16 15:32:42.177062,38.92766189575195,58.21002960205078,0.0018972395919263,16.015,10.571,0.354,0.0,0,0,1,,1.0,2026-03-16T15:32:42.177062,sad,0.302,2026-03-16T15:32:41.121816,0.5187818107920638,2026-03-16T15:32:42.993000,65,,,
participant_19,3,day,Town10HD_Opt,2026-03-16 15:32:43.210449,38.18527221679688,60.07150650024414,0.0020027160644531,19.616,27.519,0.78,0.0,0,0,1,,1.0,2026-03-16T15:32:43.210449,angry,0.295,2026-03-16T15:32:43.210449,0.5844174066302886,2026-03-16T15:32:43.982000,69,,,
participant_19,3,day,Town10HD_Opt,2026-03-16 15:32:44.257551,36.6531982421875,62.08286666870117,0.0019099425990134,23.718,19.722,0.528,0.0,0,0,1,,1.0,2026-03-16T15:32:44.257551,angry,0.295,2026-03-16T15:32:43.210449,0.49920380174989,2026-03-16T15:32:45.062000,68,,,
participant_19,3,day,Town10HD_Opt,2026-03-16 15:32:45.299989,34.41287612915039,63.90645980834961,0.0019639586098492,26.154,21.889,0.513,0.0,0,0,1,,1.0,2026-03-16T15:32:45.299989,happy,0.848,2026-03-16T15:32:45.299989,0.5655552427392618,2026-03-16T15:32:46.007000,67,,,
participant_19,3,day,Town10HD_Opt,2026-03-16 15:32:46.363635,31.52360343933105,65.13765716552734,0.0019904326181858,27.996,11.204,0.428,0.0,0,0,1,,1.0,2026-03-16T15:32:46.363635,happy,0.848,2026-03-16T15:32:45.299989,0.5395217246864435,2026-03-16T15:32:47.042000,62,,,
participant_19,3,day,Town10HD_Opt,2026-03-16 15:32:47.435339,28.28807830810547,65.90009307861328,0.0020166395697742,28.771,10.276,0.393,0.0,0,0,1,,1.0,2026-03-16T15:32:47.435339,sad,0.317,2026-03-16T15:32:47.435339,0.4587449212665713,2026-03-16T15:32:47.987000,68,,,
participant_19,3,day,Town10HD_Opt,2026-03-16 15:32:48.014997,26.61394691467285,66.08431243896484,0.0020313644781708,29.159,9.275,0.557,0.0,0,0,1,,1.0,2026-03-16T15:32:48.014997,sad,0.317,2026-03-16T15:32:47.435339,0.481193833718304,2026-03-16T15:32:47.987000,66,,,
participant_19,3,day,Town10HD_Opt,2026-03-16 15:32:49.047391,23.086959838867188,66.1368179321289,0.0019372558454051,31.422,-0.2,0.528,0.0,0,0,1,,1.0,2026-03-16T15:32:49.047391,sad,0.317,2026-03-16T15:32:47.435339,0.5589264987974817,2026-03-16T15:32:50.013000,69,,,
participant_19,3,day,Town10HD_Opt,2026-03-16 15:32:50.067836,19.27867317199707,66.15602111816406,0.0019331359071657,33.887,0.54,0.539,0.0,0,0,1,,1.0,2026-03-16T15:32:50.067836,neutral,0.559,2026-03-16T15:32:50.067836,0.5772749580208987,2026-03-16T15:32:51.001000,67,,,
participant_19,3,day,Town10HD_Opt,2026-03-16 15:32:51.171922,15.221895217895508,66.14698028564453,0.0019581222441047,35.519,-0.07,0.384,0.0,0,0,1,,1.0,2026-03-16T15:32:51.171922,neutral,0.559,2026-03-16T15:32:50.067836,0.5878263214483965,2026-03-16T15:32:51.992000,68,,,
participant_19,3,day,Town10HD_Opt,2026-03-16 15:32:52.367720,11.07443904876709,66.13334655761719,0.0020325852092355,35.623,0.002,0.479,0.0,0,0,1,,1.0,2026-03-16T15:32:52.367720,neutral,0.503,2026-03-16T15:32:52.367720,0.4665659609502171,2026-03-16T15:32:52.982000,71,,,
participant_19,3,day,Town10HD_Opt,2026-03-16 15:32:52.996639,8.987013816833496,66.12625122070312,0.0020124816801398,35.986,0.179,0.489,0.0,0,0,1,,1.0,2026-03-16T15:32:52.996639,neutral,0.503,2026-03-16T15:32:52.367720,0.5305226301924761,2026-03-16T15:32:52.982000,68,,,
participant_19,3,day,Town10HD_Opt,2026-03-16 15:32:54.053747,4.721848011016846,66.09381103515625,0.0019911956042051,37.165,-0.031,0.481,0.0,0,0,1,,1.0,2026-03-16T15:32:54.053747,neutral,0.503,2026-03-16T15:32:52.367720,0.4898287173969561,2026-03-16T15:32:55.007000,68,,,
participant_19,3,day,Town10HD_Opt,2026-03-16 15:32:55.108555,0.3375993967056274,66.05799865722656,0.0019974517636001,38.081,0.007,0.48,0.0,0,0,1,,1.0,2026-03-16T15:32:55.108555,neutral,0.669,2026-03-16T15:32:55.108555,0.5613497140410811,2026-03-16T15:32:55.999000,69,,,
participant_19,3,day,Town10HD_Opt,2026-03-16 15:32:56.196208,-4.147717952728272,66.02082061767578,0.0020024871919304,38.831,0.007,0.479,0.0,0,0,1,,1.0,2026-03-16T15:32:56.196208,neutral,0.669,2026-03-16T15:32:55.108555,0.5452805322428934,2026-03-16T15:32:57.122000,68,,,
participant_19,3,day,Town10HD_Opt,2026-03-16 15:32:57.214056,-8.723662376403809,65.98271179199219,0.0020067214500159,39.622,-0.021,0.478,0.0,0,0,1,,1.0,2026-03-16T15:32:57.214056,happy,0.753,2026-03-16T15:32:57.214056,0.5995115694247392,2026-03-16T15:32:58.112000,70,,,
participant_19,3,day,Town10HD_Opt,2026-03-16 15:32:58.277375,-13.376218795776367,65.9488754272461,0.0020273209083825,39.922,-0.146,0.122,0.0,0,0,1,,0.853,2026-03-16T15:32:58.277375,happy,0.753,2026-03-16T15:32:57.214056,0.6562865607188034,2026-03-16T15:32:59.012000,67,,,
participant_19,3,day,Town10HD_Opt,2026-03-16 15:32:59.293468,-17.790822982788086,65.935546875,0.0022561263758689,35.373,-0.367,0.059,0.0,0,0,1,,1.0,2026-03-16T15:32:59.293468,neutral,0.433,2026-03-16T15:32:59.293468,0.6746604847600501,2026-03-16T15:33:00.002000,68,,,
participant_19,3,day,Town10HD_Opt,2026-03-16 15:33:00.346499,-21.6334228515625,65.94989776611328,0.0022679136600345,30.673,-0.092,0.113,0.0,0,0,1,,1.0,2026-03-16T15:33:00.346499,neutral,0.433,2026-03-16T15:32:59.293468,0.7620050669531808,2026-03-16T15:33:00.991000,65,,,
participant_19,3,day,Town10HD_Opt,2026-03-16 15:33:01.462005,-25.0268669128418,65.96855163574219,0.0021606825757771,28.039,0.162,0.407,0.0,0,0,1,,1.0,2026-03-16T15:33:01.462005,neutral,0.665,2026-03-16T15:33:01.462005,0.935356710076524,2026-03-16T15:33:01.981000,67,,,
participant_19,3,day,Town10HD_Opt,2026-03-16 15:33:01.998937,-26.66510772705078,65.96998596191406,0.0020745848305523,28.222,1.072,0.585,0.0,0,0,1,,1.0,2026-03-16T15:33:01.998937,neutral,0.665,2026-03-16T15:33:01.462005,0.8414128701421046,2026-03-16T15:33:01.981000,64,,,
participant_19,3,day,Town10HD_Opt,2026-03-16 15:33:03.007404,-30.096349716186523,65.81694030761719,0.0019357680575922,30.722,8.825,0.566,0.0,0,0,1,,0.801,2026-03-16T15:33:03.007404,neutral,0.665,2026-03-16T15:33:01.462005,0.9401753604162524,2026-03-16T15:33:03.017000,64,,,
participant_19,3,day,Town10HD_Opt,2026-03-16 15:33:04.081983,-33.739707946777344,65.05032348632812,0.0019656752701848,32.814,15.425,0.38,0.0,0,0,1,,1.0,2026-03-16T15:33:04.081983,neutral,0.506,2026-03-16T15:33:04.081983,0.99,2026-03-16T15:33:04.996000,66,,,
participant_19,3,day,Town10HD_Opt,2026-03-16 15:33:05.118611,-37.08177947998047,63.29563522338867,0.002098464872688,32.234,18.664,0.392,0.0,0,0,1,,1.0,2026-03-16T15:33:05.118611,neutral,0.506,2026-03-16T15:33:04.081983,0.99,2026-03-16T15:33:05.986000,65,,,
participant_19,3,day,Town10HD_Opt,2026-03-16 15:33:06.148586,-39.63331604003906,60.59832382202149,0.0021114349365234,31.729,17.686,0.369,0.0,0,0,1,,1.0,2026-03-16T15:33:06.148586,neutral,0.435,2026-03-16T15:33:06.148586,0.99,2026-03-16T15:33:07.066000,64,,,
participant_19,3,day,Town10HD_Opt,2026-03-16 15:33:07.187160,-41.20794677734375,57.34292221069336,0.002199935959652,29.744,14.842,0.0,0.0,0,0,1,,1.0,2026-03-16T15:33:07.187160,neutral,0.435,2026-03-16T15:33:06.148586,0.99,2026-03-16T15:33:08.012000,63,,,
participant_19,3,day,Town10HD_Opt,2026-03-16 15:33:08.187203,-41.848968505859375,54.23118209838867,0.0022890854161232,24.963,11.284,0.0,0.0,0,0,1,,1.0,2026-03-16T15:33:08.187203,neutral,0.458,2026-03-16T15:33:08.187203,0.99,2026-03-16T15:33:09.002000,62,,,
participant_19,3,day,Town10HD_Opt,2026-03-16 15:33:09.251520,-41.95542907714844,51.60982894897461,0.0022998047061264,19.989,7.458,0.0,0.251,0,0,1,,1.0,2026-03-16T15:33:09.251520,neutral,0.458,2026-03-16T15:33:08.187203,0.99,2026-03-16T15:33:09.991000,65,,,
participant_19,3,day,Town10HD_Opt,2026-03-16 15:33:10.354920,-41.92525863647461,49.89183807373047,0.0026113509666174,4.16,-1.556,0.0,0.239,0,0,1,,1.0,2026-03-16T15:33:10.354920,neutral,0.714,2026-03-16T15:33:10.354920,0.99,2026-03-16T15:33:11.071000,65,,,
participant_19,3,day,Town10HD_Opt,2026-03-16 15:33:11.446750,-41.92657470703125,49.80362319946289,0.0020977400708943,0.145,-6.424,0.365,0.0,0,0,1,,1.0,2026-03-16T15:33:11.446750,neutral,0.714,2026-03-16T15:33:10.354920,0.99,2026-03-16T15:33:12.017000,63,,,
participant_19,3,day,Town10HD_Opt,2026-03-16 15:33:12.472351,-41.92089080810547,49.59724044799805,0.0017858505016192,3.687,-6.979,0.209,0.0,0,0,1,,1.0,2026-03-16T15:33:12.472351,neutral,0.52,2026-03-16T15:33:12.472351,0.99,2026-03-16T15:33:13.007000,64,,,
participant_19,3,day,Town10HD_Opt,2026-03-16 15:33:12.997006,-41.91554641723633,49.37051010131836,0.0018125915667042,4.406,-3.452,0.312,0.0,0,0,1,,0.9,2026-03-16T15:33:12.997006,neutral,0.52,2026-03-16T15:33:12.472351,0.99,2026-03-16T15:33:13.007000,66,,,
participant_19,3,day,Town10HD_Opt,2026-03-16 15:33:14.019467,-41.886844635009766,48.7587776184082,0.0018372344784438,6.097,-1.591,0.216,0.0,0,0,1,,1.0,2026-03-16T15:33:14.019467,neutral,0.52,2026-03-16T15:33:12.472351,0.99,2026-03-16T15:33:14.986000,67,,,
participant_19,3,day,Town10HD_Opt,2026-03-16 15:33:15.049424,-41.84678649902344,47.79524230957031,0.0015633010771125,13.281,-1.525,1.0,0.0,0,0,1,,1.0,2026-03-16T15:33:15.049424,neutral,0.367,2026-03-16T15:33:15.049424,0.99,2026-03-16T15:33:14.986000,67,,,
participant_19,3,day,Town10HD_Opt,2026-03-16 15:33:16.113661,-41.77859878540039,45.75783920288086,0.0017361068166792,21.511,-1.13,1.0,0.0,0,0,1,,0.85,2026-03-16T15:33:16.113661,neutral,0.367,2026-03-16T15:33:15.049424,0.99,2026-03-16T15:33:17.012000,67,,,
participant_19,3,day,Town10HD_Opt,2026-03-16 15:33:17.121461,-41.71395492553711,42.63553237915039,0.0015101241879165,33.184,-0.646,0.957,0.0,0,0,1,,1.0,2026-03-16T15:33:17.121461,neutral,0.667,2026-03-16T15:33:17.121461,0.99,2026-03-16T15:33:18.001000,66,,,
participant_19,3,day,Town10HD_Opt,2026-03-16 15:33:18.144651,-41.67515563964844,38.298622131347656,0.0016089630080386,41.409,-0.35,0.324,0.0,0,0,1,,1.0,2026-03-16T15:33:18.144651,neutral,0.667,2026-03-16T15:33:17.121461,0.99,2026-03-16T15:33:18.991000,67,,,
participant_19,3,day,Town10HD_Opt,2026-03-16 15:33:19.189778,-41.65817642211914,33.522926330566406,0.0021350097376853,39.228,0.04,0.559,0.0,0,0,1,,1.0,2026-03-16T15:33:19.189778,neutral,0.585,2026-03-16T15:33:19.189778,0.99,2026-03-16T15:33:20.026000,68,,,
participant_19,3,day,Town10HD_Opt,2026-03-16 15:33:20.206362,-41.63831329345703,28.86640357971192,0.0018980788299813,41.458,0.04,0.0,0.0,0,0,1,,1.0,2026-03-16T15:33:20.206362,neutral,0.585,2026-03-16T15:33:19.189778,0.99,2026-03-16T15:33:21.017000,69,,,
participant_19,3,day,Town10HD_Opt,2026-03-16 15:33:21.260009,-41.61465072631836,24.22103309631348,0.0021348951850086,38.339,-0.023,0.0,0.0,0,0,1,,1.0,2026-03-16T15:33:21.260009,neutral,0.488,2026-03-16T15:33:21.260009,0.99,2026-03-16T15:33:22.007000,69,,,
participant_19,3,day,Town10HD_Opt,2026-03-16 15:33:22.266280,-41.5942268371582,20.033519744873047,0.0023291015531867,32.722,-0.059,0.0,0.263,0,0,1,,1.0,2026-03-16T15:33:22.266280,neutral,0.488,2026-03-16T15:33:21.260009,0.99,2026-03-16T15:33:22.997000,70,,,
participant_19,3,day,Town10HD_Opt,2026-03-16 15:33:23.268457,-41.58105850219727,16.6003360748291,0.002345199463889,26.407,-0.063,0.0,0.255,0,0,1,,1.0,2026-03-16T15:33:23.268457,neutral,0.535,2026-03-16T15:33:23.268457,0.99,2026-03-16T15:33:23.986000,71,,,
participant_19,3,day,Town10HD_Opt,2026-03-16 15:33:24.224771,-41.57376480102539,13.855063438415527,0.0023117065429687,20.894,-0.089,0.0,0.249,0,0,1,,1.0,2026-03-16T15:33:24.224771,neutral,0.535,2026-03-16T15:33:23.268457,0.99,2026-03-16T15:33:25.022000,71,,,
participant_19,3,day,Town10HD_Opt,2026-03-16 15:33:25.289128,-41.57077407836914,11.701159477233888,0.0020239257719367,16.036,-0.092,0.0,0.247,0,0,1,,1.0,2026-03-16T15:33:25.289128,neutral,0.358,2026-03-16T15:33:25.289128,0.99,2026-03-16T15:33:26.012000,68,,,
participant_19,3,day,Town10HD_Opt,2026-03-16 15:33:26.285945,-41.56996154785156,10.022098541259766,0.0020949554163962,12.31,-0.11,0.0,0.25,0,0,1,,1.0,2026-03-16T15:33:26.285945,neutral,0.358,2026-03-16T15:33:25.289128,0.99,2026-03-16T15:33:27.003000,70,,,
participant_19,3,day,Town10HD_Opt,2026-03-16 15:33:27.318954,-41.57054901123047,8.76010799407959,0.0020933912601321,8.799,-0.11,0.0,0.34,0,0,1,,1.0,2026-03-16T15:33:27.318954,neutral,0.307,2026-03-16T15:33:27.318954,0.99,2026-03-16T15:33:27.992000,68,,,
participant_19,3,day,Town10HD_Opt,2026-03-16 15:33:28.346455,-41.57154083251953,7.895661354064941,0.0020742798224091,5.9,-0.11,0.0,0.329,0,0,1,,1.0,2026-03-16T15:33:28.346455,neutral,0.307,2026-03-16T15:33:27.318954,0.99,2026-03-16T15:33:29.027000,71,,,
participant_19,3,day,Town10HD_Opt,2026-03-16 15:33:29.355147,-41.57171630859375,7.776208400726318,0.0020636366680264,0.0,-0.11,0.19,0.056,0,0,1,,1.0,2026-03-16T15:33:29.355147,neutral,0.613,2026-03-16T15:33:29.355147,0.9392007278716076,2026-03-16T15:33:30.018000,68,Red light violation,Red light violation,
participant_19,3,day,Town10HD_Opt,2026-03-16 15:33:30.339586,-41.57225799560547,7.550714492797852,0.0015974425477907,6.031,-0.183,1.0,0.0,0,0,1,,1.0,2026-03-16T15:33:30.339586,neutral,0.613,2026-03-16T15:33:29.355147,0.744468518529088,2026-03-16T15:33:31.007000,71,,,
participant_19,3,day,Town10HD_Opt,2026-03-16 15:33:31.422430,-41.57789993286133,6.1898112297058105,0.001400375389494,16.894,-0.524,0.864,0.0,0,0,1,,1.0,2026-03-16T15:33:31.422430,fear,0.329,2026-03-16T15:33:31.422430,0.6158378075667729,2026-03-16T15:33:31.998000,69,,,
participant_19,3,day,Town10HD_Opt,2026-03-16 15:33:32.433470,-41.59732818603516,3.847487449645996,0.0018259048229083,22.196,-0.233,0.518,0.0,0,0,1,,1.0,2026-03-16T15:33:32.433470,fear,0.329,2026-03-16T15:33:31.422430,0.5152473691855687,2026-03-16T15:33:32.986000,69,,,
participant_19,3,day,Town10HD_Opt,2026-03-16 15:33:33.445021,-41.6258544921875,1.1100637912750244,0.0019575499463826,24.08,-0.249,0.267,0.0,0,0,1,,0.827,2026-03-16T15:33:33.445021,neutral,0.74,2026-03-16T15:33:33.445021,0.4665328123927901,2026-03-16T15:33:34.112000,66,,,
participant_19,3,day,Town10HD_Opt,2026-03-16 15:33:34.438276,-41.66321563720703,-1.6546887159347534,0.0020722197368741,23.327,-0.12,0.495,0.0,0,0,1,,1.0,2026-03-16T15:33:34.438276,neutral,0.74,2026-03-16T15:33:33.445021,0.4952544711427632,2026-03-16T15:33:35.012000,69,,,
participant_19,3,day,Town10HD_Opt,2026-03-16 15:33:35.415322,-41.70252990722656,-4.436699867248535,0.0019753265660256,24.703,-0.012,0.472,0.0,0,0,1,,1.0,2026-03-16T15:33:35.415322,neutral,0.74,2026-03-16T15:33:33.445021,0.4560693180100112,2026-03-16T15:33:36.001000,66,,,
participant_19,3,day,Town10HD_Opt,2026-03-16 15:33:36.419975,-41.74436950683594,-7.423483848571777,0.0019579315558075,26.485,0.016,0.467,0.0,0,0,1,,1.0,2026-03-16T15:33:36.419975,neutral,0.687,2026-03-16T15:33:36.419975,0.5076794725019325,2026-03-16T15:33:36.991000,66,,,
participant_19,3,day,Town10HD_Opt,2026-03-16 15:33:37.451733,-41.78814697265625,-10.606677055358888,0.0019647215958684,28.077,0.028,0.464,0.0,0,0,1,,1.0,2026-03-16T15:33:37.451733,neutral,0.687,2026-03-16T15:33:36.419975,0.4953897255323972,2026-03-16T15:33:38.027000,63,,,
participant_19,3,day,Town10HD_Opt,2026-03-16 15:33:38.422981,-41.83216094970703,-13.96567153930664,0.0019729614723473,29.61,0.063,0.458,0.0,0,0,1,,1.0,2026-03-16T15:33:38.422981,neutral,0.77,2026-03-16T15:33:38.422981,0.4455250693373915,2026-03-16T15:33:39.017000,69,,,
participant_19,3,day,Town10HD_Opt,2026-03-16 15:33:39.394257,-41.87496948242188,-17.478151321411133,0.0019846344366669,30.691,0.042,0.443,0.0,0,0,1,,1.0,2026-03-16T15:33:39.394257,neutral,0.77,2026-03-16T15:33:38.422981,0.435408524130088,2026-03-16T15:33:40.007000,66,,,
participant_19,3,day,Town10HD_Opt,2026-03-16 15:33:40.434564,-41.90888977050781,-21.056779861450195,0.0021209716796875,29.61,0.404,0.0,0.086,0,0,1,,0.814,2026-03-16T15:33:40.434564,neutral,0.814,2026-03-16T15:33:40.434564,0.3349275568047966,2026-03-16T15:33:40.997000,67,,,
participant_19,3,day,Town10HD_Opt,2026-03-16 15:33:41.460510,-41.919883728027344,-24.19332695007324,0.0022927473764866,24.225,0.211,0.0,0.213,0,0,1,,1.0,2026-03-16T15:33:41.460510,neutral,0.814,2026-03-16T15:33:40.434564,0.306008580875436,2026-03-16T15:33:41.987000,68,,,
participant_19,3,day,Town10HD_Opt,2026-03-16 15:33:42.411865,-41.92007064819336,-26.70666885375977,0.002287826500833,19.161,0.211,0.0,0.204,0,0,1,,1.0,2026-03-16T15:33:42.411865,neutral,0.814,2026-03-16T15:33:40.434564,0.3058889498277007,2026-03-16T15:33:43.022000,64,,,
participant_19,3,day,Town10HD_Opt,2026-03-16 15:33:43.377112,-41.9121322631836,-28.69911003112793,0.002034721430391,15.44,0.39,0.0,0.0,0,0,1,,1.0,2026-03-16T15:33:43.377112,neutral,0.911,2026-03-16T15:33:43.377112,0.3835522076693827,2026-03-16T15:33:44.012000,65,,,
participant_19,3,day,Town10HD_Opt,2026-03-16 15:33:44.327925,-41.89638137817383,-30.34692001342773,0.0020410155411809,12.752,0.536,0.0,0.0,0,0,1,,1.0,2026-03-16T15:33:44.327925,neutral,0.911,2026-03-16T15:33:43.377112,0.3804503048739241,2026-03-16T15:33:45.002000,63,,,
participant_19,3,day,Town10HD_Opt,2026-03-16 15:33:45.294196,-41.87699508666992,-31.72885131835937,0.0020213699899613,10.854,0.465,0.0,0.0,0,0,1,,1.0,2026-03-16T15:33:45.294196,neutral,0.911,2026-03-16T15:33:43.377112,0.3478789951902009,2026-03-16T15:33:45.992000,65,,,
participant_19,3,day,Town10HD_Opt,2026-03-16 15:33:46.279109,-41.85714340209961,-32.887664794921875,0.0020049666054546,9.102,0.465,0.0,0.0,0,0,1,,1.0,2026-03-16T15:33:46.279109,neutral,0.795,2026-03-16T15:33:46.279109,0.3934367078180191,2026-03-16T15:33:47.026000,65,,,
participant_19,3,day,Town10HD_Opt,2026-03-16 15:33:47.270368,-41.83775329589844,-33.85928726196289,0.001991081284359,7.632,0.43,0.0,0.0,0,0,1,,1.0,2026-03-16T15:33:47.270368,neutral,0.795,2026-03-16T15:33:46.279109,0.3892256177366719,2026-03-16T15:33:48.017000,66,,,
participant_19,3,day,Town10HD_Opt,2026-03-16 15:33:48.268701,-41.8201789855957,-34.6766471862793,0.0019510650308802,6.959,0.355,1.0,0.0,0,0,1,,1.0,2026-03-16T15:33:48.268701,neutral,0.795,2026-03-16T15:33:46.279109,0.2812742970415959,2026-03-16T15:33:49.007000,68,,,
participant_19,3,day,Town10HD_Opt,2026-03-16 15:33:49.260775,-41.78937530517578,-36.03289413452149,0.0014694213168695,17.548,0.294,1.0,0.0,0,0,1,,1.0,2026-03-16T15:33:49.260775,neutral,0.505,2026-03-16T15:33:49.260775,0.3612241022160045,2026-03-16T15:33:49.998000,70,,,
participant_19,3,day,Town10HD_Opt,2026-03-16 15:33:50.201187,-41.72686767578125,-38.50118637084961,0.0016425704816356,25.516,0.294,1.0,0.0,0,0,1,,0.833,2026-03-16T15:33:50.201187,neutral,0.505,2026-03-16T15:33:49.260775,0.3767507117891519,2026-03-16T15:33:51.032000,68,,,
participant_19,3,day,Town10HD_Opt,2026-03-16 15:33:51.166523,-41.620452880859375,-42.027469635009766,0.0018323516706004,31.612,0.611,0.0,0.0,0,0,1,,1.0,2026-03-16T15:33:51.166523,neutral,0.505,2026-03-16T15:33:49.260775,0.3253079370154367,2026-03-16T15:33:52.022000,69,,,
participant_19,3,day,Town10HD_Opt,2026-03-16 15:33:52.202898,-41.42512130737305,-45.44620132446289,0.0022397993598133,26.542,7.349,0.0,0.0,0,0,1,,1.0,2026-03-16T15:33:52.202898,neutral,0.483,2026-03-16T15:33:52.202898,0.3281735633810185,2026-03-16T15:33:53.102000,69,,,
participant_19,3,day,Town10HD_Opt,2026-03-16 15:33:53.258237,-40.92083740234375,-48.27159118652344,0.0022464371286332,22.78,12.903,0.212,0.0,0,0,1,,1.0,2026-03-16T15:33:53.258237,neutral,0.483,2026-03-16T15:33:52.202898,0.3272809194106899,2026-03-16T15:33:54.002000,66,,,
participant_19,3,day,Town10HD_Opt,2026-03-16 15:33:54.366367,-40.045066833496094,-50.63917922973633,0.0021622849162667,20.758,13.097,0.114,0.0,0,0,1,,1.0,2026-03-16T15:33:54.366367,neutral,0.653,2026-03-16T15:33:54.366367,0.3088199222263224,2026-03-16T15:33:54.992000,66,,,
participant_19,3,day,Town10HD_Opt,2026-03-16 15:33:55.416704,-38.91901397705078,-52.59865951538086,0.0021240615751594,18.018,13.723,0.412,0.0,0,0,1,,1.0,2026-03-16T15:33:55.416704,neutral,0.653,2026-03-16T15:33:54.366367,0.2698428587584431,2026-03-16T15:33:56.027000,68,,,
participant_19,3,day,Town10HD_Opt,2026-03-16 15:33:56.469553,-37.57052993774414,-54.24259185791016,0.002053222618997,18.908,13.448,0.849,0.0,0,0,1,,1.0,2026-03-16T15:33:56.469553,neutral,0.958,2026-03-16T15:33:56.469553,0.339349668020212,2026-03-16T15:33:57.017000,67,,,
participant_19,3,day,Town10HD_Opt,2026-03-16 15:33:56.998935,-36.7226791381836,-55.07654571533203,0.0018441008869558,22.116,13.175,0.847,0.0,0,0,1,,1.0,2026-03-16T15:33:56.998935,neutral,0.958,2026-03-16T15:33:56.469553,0.2077790191102942,2026-03-16T15:33:57.017000,63,,,
participant_19,3,day,Town10HD_Opt,2026-03-16 15:33:57.993900,-34.2862548828125,-56.93073272705078,0.001657752902247,30.522,12.961,0.868,0.0,0,0,1,,1.0,2026-03-16T15:33:57.993900,neutral,0.958,2026-03-16T15:33:56.469553,0.318402178080363,2026-03-16T15:33:58.007000,68,,,
participant_19,3,day,Town10HD_Opt,2026-03-16 15:33:59.017992,-30.64287757873535,-58.67536163330078,0.0016736984252929,39.117,12.631,0.856,0.0,0,0,1,,1.0,2026-03-16T15:33:59.017992,neutral,0.656,2026-03-16T15:33:59.017992,0.3921944648374914,2026-03-16T15:33:59.987000,71,,,
participant_19,3,day,Town10HD_Opt,2026-03-16 15:34:00.114893,-25.889244079589844,-59.69354248046875,0.0017620468279346,44.533,5.441,0.689,0.0,0,0,1,,0.834,2026-03-16T15:34:00.114893,neutral,0.656,2026-03-16T15:33:59.017992,0.323771323758265,2026-03-16T15:34:01.067000,70,,,
participant_19,3,day,Town10HD_Opt,2026-03-16 15:34:01.185477,-20.48544311523437,-60.01659393310547,0.0018818282987922,48.069,1.561,0.623,0.0,0,0,1,,1.0,2026-03-16T15:34:01.185477,angry,0.941,2026-03-16T15:34:01.185477,0.3331198640287818,2026-03-16T15:34:02.012000,72,,,
participant_19,3,day,Town10HD_Opt,2026-03-16 15:34:02.259761,-14.705145835876465,-60.05223083496094,0.0018381499685347,51.67,0.931,0.0,0.167,0,0,1,,1.0,2026-03-16T15:34:02.259761,angry,0.941,2026-03-16T15:34:01.185477,0.2753653924731667,2026-03-16T15:34:03.002000,72,,,
participant_19,3,day,Town10HD_Opt,2026-03-16 15:34:03.285173,-8.886707305908203,-59.9392204284668,0.0021321105305105,49.012,0.625,0.77,0.0,0,0,1,,1.0,2026-03-16T15:34:03.285173,neutral,0.86,2026-03-16T15:34:03.285173,0.3882360019118139,2026-03-16T15:34:03.991000,68,,,
participant_19,3,day,Town10HD_Opt,2026-03-16 15:34:04.383912,-3.0055084228515625,-59.71376800537109,0.0019924927037209,50.308,0.002,0.0,0.118,0,0,1,,1.0,2026-03-16T15:34:04.383912,neutral,0.86,2026-03-16T15:34:03.285173,0.3370688256108195,2026-03-16T15:34:05.027000,68,,,
participant_19,3,day,Town10HD_Opt,2026-03-16 15:34:05.423416,2.682605028152466,-59.47653198242188,0.0020534133072942,48.917,-0.411,0.739,0.0,0,0,1,,1.0,2026-03-16T15:34:05.423416,happy,0.486,2026-03-16T15:34:05.423416,0.3068789020042512,2026-03-16T15:34:06.016000,69,,,
participant_19,3,day,Town10HD_Opt,2026-03-16 15:34:06.460761,8.53909969329834,-59.28290557861328,0.002080078003928,49.533,-0.139,0.739,0.0,0,0,1,,1.0,2026-03-16T15:34:06.460761,happy,0.486,2026-03-16T15:34:05.423416,0.2883846637187484,2026-03-16T15:34:07.008000,67,,,
participant_19,3,day,Town10HD_Opt,2026-03-16 15:34:07.015169,11.403675079345703,-59.20025634765625,0.0020771408453583,49.366,-0.139,0.739,0.0,0,0,1,,1.0,2026-03-16T15:34:07.015169,happy,0.486,2026-03-16T15:34:05.423416,0.3098079952612291,2026-03-16T15:34:07.008000,69,,,
participant_19,3,day,Town10HD_Opt,2026-03-16 15:34:08.025910,17.29082489013672,-59.04913330078125,0.002097968943417,49.599,-0.176,0.739,0.0,0,0,1,,1.0,2026-03-16T15:34:08.025910,neutral,0.87,2026-03-16T15:34:08.025910,0.2970214334540171,2026-03-16T15:34:08.987000,66,,,
participant_19,3,day,Town10HD_Opt,2026-03-16 15:34:09.072220,23.0168571472168,-58.92960357666016,0.0019631958566606,50.306,-0.176,0.739,0.0,0,0,1,,1.0,2026-03-16T15:34:09.072220,neutral,0.87,2026-03-16T15:34:08.025910,0.3201393272742711,2026-03-16T15:34:10.022000,68,,,
participant_19,3,day,Town10HD_Opt,2026-03-16 15:34:10.064407,28.85409164428711,-58.83605194091797,0.0021679305937141,48.48,-0.176,0.739,0.0,0,0,1,,1.0,2026-03-16T15:34:10.064407,neutral,0.783,2026-03-16T15:34:10.064407,0.248464999037052,2026-03-16T15:34:11.012000,68,,,
participant_19,3,day,Town10HD_Opt,2026-03-16 15:34:11.086812,34.6611328125,-58.771121978759766,0.0019262694986537,51.083,0.049,0.0,0.108,0,0,1,,1.0,2026-03-16T15:34:11.086812,neutral,0.783,2026-03-16T15:34:10.064407,0.3564244562093535,2026-03-16T15:34:12.002000,63,,,
participant_19,3,day,Town10HD_Opt,2026-03-16 15:34:12.092505,40.45842742919922,-58.69417953491211,0.0020242310129106,50.269,0.489,0.739,0.0,0,0,1,,1.0,2026-03-16T15:34:12.092505,angry,0.854,2026-03-16T15:34:12.092505,0.322734424524929,2026-03-16T15:34:13.037000,63,,,
participant_19,3,day,Town10HD_Opt,2026-03-16 15:34:13.097835,46.34560012817383,-58.55462646484375,0.0021660232450813,48.858,0.035,0.739,0.0,0,0,1,,1.0,2026-03-16T15:34:13.097835,angry,0.854,2026-03-16T15:34:12.092505,0.3289807539128642,2026-03-16T15:34:14.027000,64,,,
participant_19,3,day,Town10HD_Opt,2026-03-16 15:34:14.126025,52.11140441894531,-58.39284133911133,0.0019254302605986,51.042,0.329,0.0,0.104,0,0,1,,1.0,2026-03-16T15:34:14.126025,neutral,0.753,2026-03-16T15:34:14.126025,0.3050083065936639,2026-03-16T15:34:15.017000,63,,,
participant_19,3,day,Town10HD_Opt,2026-03-16 15:34:15.137733,57.93377304077149,-58.18057632446289,0.0020806884858757,49.453,0.846,0.738,0.0,0,0,1,,1.0,2026-03-16T15:34:15.137733,neutral,0.753,2026-03-16T15:34:14.126025,0.326110242456225,2026-03-16T15:34:16.008000,65,,,
participant_19,3,day,Town10HD_Opt,2026-03-16 15:34:16.151442,63.8182258605957,-57.79841995239258,0.0020975493825972,49.677,2.466,0.738,0.0,0,0,1,,1.0,2026-03-16T15:34:16.151442,neutral,0.643,2026-03-16T15:34:16.151442,0.3115624697111865,2026-03-16T15:34:16.997000,63,,,
participant_19,3,day,Town10HD_Opt,2026-03-16 15:34:17.149140,69.50078582763672,-57.06187438964844,0.0019683837890625,50.291,3.947,0.738,0.0,0,0,1,,1.0,2026-03-16T15:34:17.149140,neutral,0.643,2026-03-16T15:34:16.151442,0.3389382186549103,2026-03-16T15:34:17.986000,60,Collision,Collision,
participant_19,3,day,Town10HD_Opt,2026-03-16 15:34:18.177535,75.18379211425781,-55.72890090942383,0.0021337126381695,49.062,5.794,0.736,0.0,0,0,1,,1.0,2026-03-16T15:34:18.177535,happy,0.994,2026-03-16T15:34:18.177535,0.2776351501258729,2026-03-16T15:34:19.022000,64,,,
participant_19,3,day,Town10HD_Opt,2026-03-16 15:34:19.223745,80.4018325805664,-53.71461486816406,0.0022785949986428,44.628,3.966,0.0,0.0,0,0,1,,1.0,2026-03-16T15:34:19.223745,happy,0.994,2026-03-16T15:34:18.177535,0.3430452440449325,2026-03-16T15:34:20.012000,65,,,
participant_19,3,day,Town10HD_Opt,2026-03-16 15:34:20.303955,84.68830108642578,-51.45637893676758,0.0023787308018654,37.589,4.183,0.0,0.0,0,0,1,,1.0,2026-03-16T15:34:20.303955,happy,0.858,2026-03-16T15:34:20.303955,0.3319999352121491,2026-03-16T15:34:21.002000,64,,,
participant_19,3,day,Town10HD_Opt,2026-03-16 15:34:21.321378,88.09144592285156,-49.21056365966797,0.0023380659986287,32.093,4.367,0.0,0.0,0,0,1,,1.0,2026-03-16T15:34:21.321378,happy,0.858,2026-03-16T15:34:20.303955,0.3146718962795936,2026-03-16T15:34:21.992000,63,,,
participant_19,3,day,Town10HD_Opt,2026-03-16 15:34:22.364545,90.7861099243164,-47.08937454223633,0.0022999190259724,26.529,3.488,0.266,0.0,0,0,1,,1.0,2026-03-16T15:34:22.364545,fear,0.448,2026-03-16T15:34:22.364545,0.4120972808073511,2026-03-16T15:34:23.164000,65,,,
participant_19,3,day,Town10HD_Opt,2026-03-16 15:34:23.399672,93.02483367919922,-45.08283233642578,0.0020927428267896,25.651,4.381,0.451,0.0,0,0,1,,1.0,2026-03-16T15:34:23.399672,fear,0.448,2026-03-16T15:34:22.364545,0.3838812134873696,2026-03-16T15:34:24.107000,62,,,
participant_19,3,day,Town10HD_Opt,2026-03-16 15:34:24.446156,95.13630676269533,-42.87957000732422,0.0020151138305664,26.58,5.848,0.4,0.0,0,0,1,,1.0,2026-03-16T15:34:24.446156,neutral,0.697,2026-03-16T15:34:24.446156,0.3174540941433187,2026-03-16T15:34:25.009000,61,,,
participant_19,3,day,Town10HD_Opt,2026-03-16 15:34:25.001747,96.13834381103516,-41.68677520751953,0.0020162963774055,26.834,4.601,0.4,0.0,0,0,1,,1.0,2026-03-16T15:34:25.001747,neutral,0.697,2026-03-16T15:34:24.446156,0.3690991761372366,2026-03-16T15:34:25.009000,64,,,
participant_19,3,day,Town10HD_Opt,2026-03-16 15:34:26.065109,98.05023956298828,-39.17488861083984,0.0020476912613958,26.931,5.146,0.234,0.0,0,0,1,,1.0,2026-03-16T15:34:26.065109,neutral,0.697,2026-03-16T15:34:24.446156,0.3261824295091795,2026-03-16T15:34:26.987000,62,,,
participant_19,3,day,Town10HD_Opt,2026-03-16 15:34:27.127275,99.6634750366211,-36.58114242553711,0.0021125411149114,25.406,8.363,0.289,0.0,0,0,1,,0.816,2026-03-16T15:34:27.127275,neutral,0.61,2026-03-16T15:34:27.127275,0.3295235201958756,2026-03-16T15:34:28.022000,63,,,
participant_19,3,day,Town10HD_Opt,2026-03-16 15:34:28.186128,100.87755584716795,-33.9341926574707,0.0021010206546634,24.493,8.41,0.289,0.0,0,0,1,,1.0,2026-03-16T15:34:28.186128,neutral,0.61,2026-03-16T15:34:27.127275,0.3387796170826079,2026-03-16T15:34:29.103000,63,,,
participant_19,3,day,Town10HD_Opt,2026-03-16 15:34:29.318789,101.75294494628906,-31.26642799377441,0.0020892333704978,23.603,4.796,0.292,0.0,0,0,1,,1.0,2026-03-16T15:34:29.318789,neutral,0.842,2026-03-16T15:34:29.318789,0.3320462753897826,2026-03-16T15:34:30.004000,65,,,
participant_19,3,day,Town10HD_Opt,2026-03-16 15:34:30.393880,102.42180633544922,-28.629762649536133,0.0020817182958126,22.892,5.746,0.291,0.0,0,0,1,,1.0,2026-03-16T15:34:30.393880,neutral,0.842,2026-03-16T15:34:29.318789,0.3271781030045422,2026-03-16T15:34:30.992000,64,,,
participant_19,3,day,Town10HD_Opt,2026-03-16 15:34:31.010913,102.67381286621094,-27.32479858398437,0.0020832060836255,22.575,6.601,0.197,0.0,0,0,1,,1.0,2026-03-16T15:34:31.010913,neutral,0.842,2026-03-16T15:34:29.318789,0.352145705371082,2026-03-16T15:34:30.992000,64,,,
participant_19,3,day,Town10HD_Opt,2026-03-16 15:34:32.087516,102.9669189453125,-24.842426300048828,0.0021900939755141,19.499,6.388,0.0,0.0,0,0,1,,1.0,2026-03-16T15:34:32.087516,neutral,0.484,2026-03-16T15:34:32.087516,0.3314553035704168,2026-03-16T15:34:33.017000,66,,,
participant_19,3,day,Town10HD_Opt,2026-03-16 15:34:33.157377,103.09510803222656,-22.727638244628903,0.0019586563576012,16.575,1.528,0.0,0.0,0,0,1,,1.0,2026-03-16T15:34:33.157377,neutral,0.484,2026-03-16T15:34:32.087516,0.2986456510217892,2026-03-16T15:34:34.007000,67,,,
participant_19,3,day,Town10HD_Opt,2026-03-16 15:34:34.216566,103.16258239746094,-20.93294143676757,0.0020439911168068,14.107,2.979,0.047,0.0,0,0,1,,0.87,2026-03-16T15:34:34.216566,neutral,0.665,2026-03-16T15:34:34.216566,0.3783851113510782,2026-03-16T15:34:34.997000,66,,,
participant_19,3,day,Town10HD_Opt,2026-03-16 15:34:35.251866,103.18643188476562,-19.380558013916016,0.0019824218470603,12.787,2.275,0.126,0.0,0,0,1,,1.0,2026-03-16T15:34:35.251866,neutral,0.665,2026-03-16T15:34:34.216566,0.3279661043793829,2026-03-16T15:34:36.032000,64,,,
participant_19,3,day,Town10HD_Opt,2026-03-16 15:34:36.284818,103.18157958984376,-17.93657875061035,0.0019590759184211,12.004,2.076,0.124,0.0,0,0,1,,0.915,2026-03-16T15:34:36.284818,neutral,0.413,2026-03-16T15:34:36.284818,0.3452202684845418,2026-03-16T15:34:37.022000,66,,,
participant_19,3,day,Town10HD_Opt,2026-03-16 15:34:37.324303,103.17032623291016,-16.578128814697266,0.0019532775040715,11.309,0.658,0.122,0.0,0,0,1,,1.0,2026-03-16T15:34:37.324303,neutral,0.413,2026-03-16T15:34:36.284818,0.2688259819261799,2026-03-16T15:34:38.012000,66,,,
participant_19,3,day,Town10HD_Opt,2026-03-16 15:34:38.355105,103.15579986572266,-15.29676342010498,0.0019496536115184,10.683,1.055,0.122,0.0,0,0,1,,1.0,2026-03-16T15:34:38.355105,neutral,0.694,2026-03-16T15:34:38.355105,0.3596249207755654,2026-03-16T15:34:39.002000,61,,,
participant_19,3,day,Town10HD_Opt,2026-03-16 15:34:39.373243,103.1292724609375,-14.084413528442385,0.0019462584750726,10.085,1.137,0.122,0.0,0,0,1,,1.0,2026-03-16T15:34:39.373243,neutral,0.694,2026-03-16T15:34:38.355105,0.3882394789910617,2026-03-16T15:34:40.037000,61,,,
participant_19,3,day,Town10HD_Opt,2026-03-16 15:34:40.450244,103.09796905517578,-12.93297290802002,0.0019432067638263,9.599,0.912,0.121,0.0,0,0,1,,1.0,2026-03-16T15:34:40.450244,fear,0.495,2026-03-16T15:34:40.450244,0.355005769616972,2026-03-16T15:34:41.028000,63,,,
participant_19,3,day,Town10HD_Opt,2026-03-16 15:34:41.049657,103.08001708984376,-12.377985954284668,0.0019418715965002,9.411,1.337,0.121,0.0,0,0,1,,0.925,2026-03-16T15:34:41.049657,fear,0.495,2026-03-16T15:34:40.450244,0.2399395477538154,2026-03-16T15:34:42.017000,64,,,
participant_19,3,day,Town10HD_Opt,2026-03-16 15:34:42.079800,103.0368423461914,-11.305947303771973,0.0019393920665606,8.997,1.349,0.121,0.0,0,0,1,,1.0,2026-03-16T15:34:42.079800,fear,0.495,2026-03-16T15:34:40.450244,0.4370810037656315,2026-03-16T15:34:43.007000,62,,,
participant_19,3,day,Town10HD_Opt,2026-03-16 15:34:43.104152,102.98737335205078,-10.279803276062012,0.0019371414091438,8.6,1.349,0.121,0.0,0,0,1,,0.805,2026-03-16T15:34:43.104152,neutral,0.765,2026-03-16T15:34:43.104152,0.3820149484225781,2026-03-16T15:34:43.997000,61,,,
participant_19,3,day,Town10HD_Opt,2026-03-16 15:34:44.131656,102.9324188232422,-9.296432495117188,0.0019395446870476,8.122,1.349,0.0,0.0,0,0,1,,0.808,2026-03-16T15:34:44.131656,neutral,0.765,2026-03-16T15:34:43.104152,0.4414927260412799,2026-03-16T15:34:45.032000,61,,,
participant_19,3,day,Town10HD_Opt,2026-03-16 15:34:45.179583,102.87689971923828,-8.413673400878906,0.001976890489459,6.962,1.283,0.0,0.0,0,0,1,,1.0,2026-03-16T15:34:45.179583,neutral,0.703,2026-03-16T15:34:45.179583,0.3833389223979274,2026-03-16T15:34:46.022000,62,,,
participant_19,3,day,Town10HD_Opt,2026-03-16 15:34:46.200310,102.8308563232422,-7.746892929077148,0.0022936628665775,0.0,2.092,0.0,0.159,0,0,1,,1.0,2026-03-16T15:34:46.200310,neutral,0.703,2026-03-16T15:34:45.179583,0.3993727692979842,2026-03-16T15:34:47.012000,62,,,
participant_19,3,day,Town10HD_Opt,2026-03-16 15:34:47.407917,102.82827758789062,-7.716732501983643,0.0019440078176558,1.207,4.037,0.443,0.0,0,0,1,,1.0,2026-03-16T15:34:47.407917,neutral,0.817,2026-03-16T15:34:47.407917,0.5163975859249401,2026-03-16T15:34:48.002000,62,,,
participant_19,3,day,Town10HD_Opt,2026-03-16 15:34:48.439732,102.7925262451172,-7.357513427734375,0.0017163848970085,5.318,3.827,0.0,0.0,0,0,1,,1.0,2026-03-16T15:34:48.439732,neutral,0.817,2026-03-16T15:34:47.407917,0.50205456625462,2026-03-16T15:34:49.037000,63,,,
participant_19,3,day,Town10HD_Opt,2026-03-16 15:34:49.452042,102.72996520996094,-6.746096611022949,0.0022086333483457,0.027,2.916,0.0,0.076,0,0,1,,1.0,2026-03-16T15:34:49.452042,neutral,0.442,2026-03-16T15:34:49.452042,0.5301335263551425,2026-03-16T15:34:50.027000,61,,,
participant_19,3,day,Town10HD_Opt,2026-03-16 15:34:49.990307,102.72994995117188,-6.746010780334473,0.0021319198422133,0.001,2.788,0.0,0.14,0,0,1,,1.0,2026-03-16T15:34:49.990307,neutral,0.442,2026-03-16T15:34:49.452042,0.4971912910381845,2026-03-16T15:34:50.027000,59,,,
participant_19,3,day,Town10HD_Opt,2026-03-16 15:34:50.997466,102.72982788085938,-6.744704246520996,0.001941108610481,0.03,2.68,0.0,0.0,0,0,1,,0.806,2026-03-16T15:34:50.997466,neutral,0.442,2026-03-16T15:34:49.452042,0.4760941137759723,2026-03-16T15:34:51.023000,62,,,
participant_19,3,day,Town10HD_Opt,2026-03-16 15:34:52.035079,102.72960662841795,-6.741604328155518,0.0019208145095035,0.028,2.619,0.0,0.0,0,0,1,,1.0,2026-03-16T15:34:52.035079,neutral,0.635,2026-03-16T15:34:52.035079,0.6623780920408604,2026-03-16T15:34:52.998000,61,,,
participant_19,3,day,Town10HD_Opt,2026-03-16 15:34:53.051664,102.72942352294922,-6.739249706268311,0.0019195937784388,0.002,2.628,0.0,0.0,0,0,1,,0.842,2026-03-16T15:34:53.051664,neutral,0.635,2026-03-16T15:34:52.035079,0.6000370929101625,2026-03-16T15:34:52.998000,60,,,
participant_19,3,day,Town10HD_Opt,2026-03-16 15:34:54.014884,102.72942352294922,-6.739131450653076,0.0019188307924196,0.007,2.661,0.0,0.0,0,0,1,,1.0,2026-03-16T15:34:54.014884,neutral,0.635,2026-03-16T15:34:52.035079,0.6209860435741711,2026-03-16T15:34:54.032000,62,,,
participant_19,3,day,Town10HD_Opt,2026-03-16 15:34:55.167055,102.72943115234376,-6.739104270935059,0.001919288537465,0.131,3.537,0.04,0.0,0,0,1,,1.0,2026-03-16T15:34:55.167055,neutral,0.714,2026-03-16T15:34:55.167055,0.6208456643374533,2026-03-16T15:34:56.013000,61,,,
participant_19,3,day,Town10HD_Opt,2026-03-16 15:34:56.183615,102.72959899902344,-6.740431308746338,0.0019160461379215,0.159,3.396,0.039,0.0,0,0,1,,1.0,2026-03-16T15:34:56.183615,neutral,0.714,2026-03-16T15:34:55.167055,0.5495085848285957,2026-03-16T15:34:57.002000,60,,,
participant_19,3,day,Town10HD_Opt,2026-03-16 15:34:57.225305,102.72935485839844,-6.738307952880859,0.001915855333209,0.186,3.396,0.039,0.0,0,0,1,,1.0,2026-03-16T15:34:57.225305,neutral,0.757,2026-03-16T15:34:57.225305,0.5948105929919114,2026-03-16T15:34:57.992000,64,,,
participant_19,3,day,Town10HD_Opt,2026-03-16 15:34:58.342327,102.72653198242188,-6.714144706726074,0.001840095501393,1.965,5.361,1.0,0.0,0,0,1,,1.0,2026-03-16T15:34:58.342327,neutral,0.757,2026-03-16T15:34:57.225305,0.5802927679269302,2026-03-16T15:34:59.027000,61,,,
participant_19,4,day,Town10HD_Opt,2026-03-16 15:45:00.000000,-41.66858673095703,89.7454833984375,0.5804919600486755,0.0,0.837,0.863,0.621,0,0,1,,1.0,2026-03-16T15:45:00,,,2026-03-16T15:45:00,0.9300682269222372,2026-03-16T15:45:00,60,,,
participant_19,4,day,Town10HD_Opt,2026-03-16 15:45:04.454489,-41.66858673095703,89.7454833984375,0.0019178008660674,0.0,0.837,0.885,0.621,0,0,1,,0.954,2026-03-16T15:45:04.454489,,,2026-03-16T15:45:04.454489,0.99,2026-03-16T15:45:04.997000,58,,,
participant_19,4,day,Town10HD_Opt,2026-03-16 15:45:05.099193,-41.66858673095703,89.7454833984375,0.0019188307924196,0.0,0.837,0.0,0.621,0,0,1,,1.0,2026-03-16T15:45:05.099193,,,2026-03-16T15:45:04.454489,0.9469829152412592,2026-03-16T15:45:06.029000,57,,,
participant_19,4,day,Town10HD_Opt,2026-03-16 15:45:06.060575,-41.66858673095703,89.7454833984375,0.0019188307924196,0.0,0.837,0.931,0.621,0,0,1,,0.959,2026-03-16T15:45:06.060575,,,2026-03-16T15:45:04.454489,0.9882031400472716,2026-03-16T15:45:06.975000,58,,,
participant_19,4,day,Town10HD_Opt,2026-03-16 15:45:07.044553,-41.66858673095703,89.7454833984375,0.0019188307924196,0.0,0.837,0.0,0.621,0,0,1,,1.0,2026-03-16T15:45:07.044553,neutral,0.882,2026-03-16T15:45:07.044553,0.9204308714222432,2026-03-16T15:45:06.975000,56,,,
participant_19,4,day,Town10HD_Opt,2026-03-16 15:45:08.145240,-41.66858673095703,89.7454833984375,0.0019188307924196,0.0,0.837,1.0,0.621,0,0,1,,0.957,2026-03-16T15:45:08.145240,neutral,0.882,2026-03-16T15:45:07.044553,0.843463170277284,2026-03-16T15:45:09.045000,61,,,
participant_19,4,day,Town10HD_Opt,2026-03-16 15:45:09.163329,-41.66858673095703,89.7454833984375,0.0019188307924196,0.0,0.837,0.619,0.621,0,0,1,,0.823,2026-03-16T15:45:09.163329,neutral,0.852,2026-03-16T15:45:09.163329,0.8613972262446034,2026-03-16T15:45:09.991000,59,,,
participant_19,4,day,Town10HD_Opt,2026-03-16 15:45:10.109349,-41.66858673095703,89.7454833984375,0.0019188307924196,0.0,0.837,0.625,0.621,0,0,1,,1.0,2026-03-16T15:45:10.109349,neutral,0.852,2026-03-16T15:45:09.163329,0.8708361179818294,2026-03-16T15:45:09.991000,60,,,
participant_19,4,day,Town10HD_Opt,2026-03-16 15:45:11.112426,-41.66858673095703,89.7454833984375,0.0019188307924196,0.0,0.837,0.561,0.621,0,0,1,,0.912,2026-03-16T15:45:11.112426,neutral,0.852,2026-03-16T15:45:09.163329,0.8080980905922979,2026-03-16T15:45:11.970000,55,,,
participant_19,4,day,Town10HD_Opt,2026-03-16 15:45:12.063037,-41.66858673095703,89.7454833984375,0.0019188307924196,0.0,0.837,0.573,0.621,0,0,1,,1.0,2026-03-16T15:45:12.063037,neutral,0.911,2026-03-16T15:45:12.063037,0.7940107774091618,2026-03-16T15:45:12.961000,58,,,
participant_19,4,day,Town10HD_Opt,2026-03-16 15:45:13.272813,-41.66858673095703,89.7454833984375,0.0019188307924196,0.0,0.837,0.57,0.621,0,0,1,,0.951,2026-03-16T15:45:13.272813,neutral,0.911,2026-03-16T15:45:12.063037,0.8096450464085401,2026-03-16T15:45:13.995000,57,,,
participant_19,4,day,Town10HD_Opt,2026-03-16 15:45:14.203739,-41.66858673095703,89.7454833984375,0.0019188307924196,0.0,0.837,0.518,0.621,0,0,1,,0.928,2026-03-16T15:45:14.203739,neutral,0.995,2026-03-16T15:45:14.203739,0.8099548687291641,,59,,,
participant_19,4,day,Town10HD_Opt,2026-03-16 15:45:15.102510,-41.66858673095703,89.7454833984375,0.0019188307924196,0.0,0.837,0.385,0.621,0,0,1,,0.92,2026-03-16T15:45:15.102510,neutral,0.995,2026-03-16T15:45:14.203739,0.7994517701853697,,57,,,
participant_19,4,day,Town10HD_Opt,2026-03-16 15:45:16.012057,-41.66858673095703,89.7454833984375,0.0019188307924196,0.0,0.837,0.399,0.621,0,0,1,,0.944,2026-03-16T15:45:16.012057,neutral,0.995,2026-03-16T15:45:14.203739,0.7825145350276461,2026-03-16T15:45:16.966000,60,,,
participant_19,4,day,Town10HD_Opt,2026-03-16 15:45:17.257810,-41.66858673095703,89.7454833984375,0.0019188307924196,0.0,0.837,0.399,0.621,0,0,1,,0.807,2026-03-16T15:45:17.257810,neutral,0.861,2026-03-16T15:45:17.257810,0.7205585190107656,2026-03-16T15:45:18.180000,61,,,
participant_19,4,day,Town10HD_Opt,2026-03-16 15:45:18.185083,-41.66858673095703,89.7454833984375,0.0019188307924196,0.0,0.837,0.399,0.621,0,0,1,,0.957,2026-03-16T15:45:18.185083,neutral,0.861,2026-03-16T15:45:17.257810,0.7521724235570969,2026-03-16T15:45:19.125000,64,,,
participant_19,4,day,Town10HD_Opt,2026-03-16 15:45:19.098786,-41.66858673095703,89.7454833984375,0.0019188307924196,0.0,0.837,0.399,0.621,0,0,1,,0.922,2026-03-16T15:45:19.098786,neutral,0.861,2026-03-16T15:45:17.257810,0.785745296878571,2026-03-16T15:45:19.125000,64,,,
participant_19,4,day,Town10HD_Opt,2026-03-16 15:45:20.035236,-41.66858673095703,89.7454833984375,0.0019188307924196,0.0,0.837,0.399,0.621,0,0,1,,0.955,2026-03-16T15:45:20.035236,neutral,0.92,2026-03-16T15:45:20.035236,0.7368013136753349,2026-03-16T15:45:20.205000,64,,,
participant_19,4,day,Town10HD_Opt,2026-03-16 15:45:21.277539,-41.66858673095703,89.7454833984375,0.0019188307924196,0.0,0.837,0.973,0.621,0,0,1,,0.891,2026-03-16T15:45:21.277539,neutral,0.92,2026-03-16T15:45:20.035236,0.7711513780404179,2026-03-16T15:45:21.195000,66,,,
participant_19,4,day,Town10HD_Opt,2026-03-16 15:45:22.221021,-41.66858673095703,89.7454833984375,0.0019188307924196,0.0,0.837,0.0,0.621,0,0,1,,1.0,2026-03-16T15:45:22.221021,neutral,0.866,2026-03-16T15:45:22.221021,0.7511888681594702,2026-03-16T15:45:22.323000,66,,,
participant_19,4,day,Town10HD_Opt,2026-03-16 15:45:23.191858,-41.66858673095703,89.7454833984375,0.0019188307924196,0.0,0.837,0.015,0.621,0,0,1,,0.868,2026-03-16T15:45:23.191858,neutral,0.866,2026-03-16T15:45:22.221021,0.7350164206595661,2026-03-16T15:45:23.310000,68,,,
participant_19,4,day,Town10HD_Opt,2026-03-16 15:45:24.130568,-41.66858673095703,89.7454833984375,0.0019188307924196,0.0,0.837,0.0,0.621,0,0,1,,0.952,2026-03-16T15:45:24.130568,neutral,0.866,2026-03-16T15:45:22.221021,0.7756617685827243,2026-03-16T15:45:24.347000,65,,,
participant_19,4,day,Town10HD_Opt,2026-03-16 15:45:25.011726,-41.66858673095703,89.7454833984375,0.0019188307924196,0.0,0.837,0.0,0.583,0,0,1,,0.944,2026-03-16T15:45:25.011726,neutral,0.989,2026-03-16T15:45:25.011726,0.7904562714500771,2026-03-16T15:45:25.516000,65,,,
participant_19,4,day,Town10HD_Opt,2026-03-16 15:45:26.231237,-41.66858673095703,89.7454833984375,0.0019188307924196,0.0,0.837,0.0,0.0,0,0,1,,0.945,2026-03-16T15:45:26.231237,neutral,0.989,2026-03-16T15:45:25.011726,0.7789387665661095,2026-03-16T15:45:27.091000,62,,,
participant_19,4,day,Town10HD_Opt,2026-03-16 15:45:27.111084,-41.66814422607422,89.62789916992188,0.0017109679756686,4.331,0.837,0.955,0.0,0,0,1,,0.968,2026-03-16T15:45:27.111084,neutral,0.997,2026-03-16T15:45:27.111084,0.7705840066630354,2026-03-16T15:45:28.035000,63,,,
participant_19,4,day,Town10HD_Opt,2026-03-16 15:45:28.037676,-41.65273284912109,87.68678283691406,0.0014749908586964,17.975,0.837,0.0,0.0,0,0,1,,0.966,2026-03-16T15:45:28.037676,neutral,0.997,2026-03-16T15:45:27.111084,0.7962593563281047,2026-03-16T15:45:28.035000,64,,,
participant_19,4,day,Town10HD_Opt,2026-03-16 15:45:29.257385,-41.57707595825195,83.95567321777344,0.0020381163340061,13.269,0.837,0.0,0.0,0,0,1,,1.0,2026-03-16T15:45:29.257385,surprise,0.88,2026-03-16T15:45:29.257385,0.758885136429952,2026-03-16T15:45:30.106000,65,,,
participant_19,4,day,Town10HD_Opt,2026-03-16 15:45:30.251359,-41.49488830566406,81.87189483642578,0.0020045088604092,10.504,3.627,0.058,0.0,0,0,1,,1.0,2026-03-16T15:45:30.251359,surprise,0.88,2026-03-16T15:45:29.257385,0.8469449288717639,2026-03-16T15:45:30.106000,67,,,
participant_19,4,day,Town10HD_Opt,2026-03-16 15:45:31.299319,-41.325439453125,80.10818481445312,0.0019155120244249,10.242,6.412,0.22,0.0,0,0,1,,1.0,2026-03-16T15:45:31.299319,happy,0.709,2026-03-16T15:45:31.299319,0.7670489012357302,2026-03-16T15:45:31.995000,68,,,
participant_19,4,day,Town10HD_Opt,2026-03-16 15:45:32.303956,-40.969852447509766,78.20111846923828,0.0018055724212899,13.104,10.228,0.473,0.0,0,0,1,,0.918,2026-03-16T15:45:32.303956,happy,0.709,2026-03-16T15:45:31.299319,0.7811532257361841,2026-03-16T15:45:32.985000,71,,,
participant_19,4,day,Town10HD_Opt,2026-03-16 15:45:33.302443,-40.135501861572266,75.66799926757812,0.0017794799059629,17.749,12.231,0.469,0.0,0,0,1,,1.0,2026-03-16T15:45:33.302443,happy,0.691,2026-03-16T15:45:33.302443,0.8323107222862093,2026-03-16T15:45:34.020000,68,,,
participant_19,4,day,Town10HD_Opt,2026-03-16 15:45:34.016762,-39.16653060913086,73.77781677246094,0.0020642089657485,18.568,15.561,0.465,0.0,0,0,1,,1.0,2026-03-16T15:45:34.016762,happy,0.691,2026-03-16T15:45:33.302443,0.8407445997350889,2026-03-16T15:45:34.965000,70,,,
participant_19,4,day,Town10HD_Opt,2026-03-16 15:45:35.044712,-36.87222290039063,71.2361831665039,0.0019929886329919,21.247,22.225,0.464,0.0,0,0,1,,0.832,2026-03-16T15:45:35.044712,happy,0.691,2026-03-16T15:45:33.302443,0.8335675122953384,2026-03-16T15:45:36,66,,,
participant_19,4,day,Town10HD_Opt,2026-03-16 15:45:36.084403,-33.37166976928711,69.58214569091797,0.0020054625347256,23.767,21.832,0.464,0.0,0,0,1,,1.0,2026-03-16T15:45:36.084403,neutral,0.888,2026-03-16T15:45:36.084403,0.9506467134819444,2026-03-16T15:45:36.990000,68,,,
participant_19,4,day,Town10HD_Opt,2026-03-16 15:45:37.128333,-29.0526180267334,69.35317993164062,0.0019750213250517,26.349,6.168,0.464,0.0,0,0,1,,0.896,2026-03-16T15:45:37.128333,neutral,0.888,2026-03-16T15:45:36.084403,0.8024759923097327,2026-03-16T15:45:36.990000,68,,,
participant_19,4,day,Town10HD_Opt,2026-03-16 15:45:38.123945,-24.2698917388916,69.68487548828125,0.0019699095282703,28.653,-2.845,0.464,0.0,0,0,1,,1.0,2026-03-16T15:45:38.123945,neutral,0.918,2026-03-16T15:45:38.123945,0.9047806537403684,2026-03-16T15:45:38.970000,68,,,
participant_19,4,day,Town10HD_Opt,2026-03-16 15:45:39.096217,-19.09935760498047,69.81266784667969,0.0019788360223174,30.642,-0.233,0.452,0.0,0,0,1,,0.816,2026-03-16T15:45:39.096217,neutral,0.918,2026-03-16T15:45:38.123945,0.7947184355314663,2026-03-16T15:45:38.970000,68,,,
participant_19,4,day,Town10HD_Opt,2026-03-16 15:45:40.056629,-13.615545272827148,69.85318756103516,0.0019942091312259,32.081,0.099,0.212,0.0,0,0,1,,0.889,2026-03-16T15:45:40.056629,neutral,0.918,2026-03-16T15:45:38.123945,0.8896683364960087,2026-03-16T15:45:40.995000,67,,,
participant_19,4,day,Town10HD_Opt,2026-03-16 15:45:41.032068,-8.38925552368164,69.88390350341797,0.0022525787353515,26.309,-0.172,0.16,0.0,0,0,1,,0.851,2026-03-16T15:45:41.032068,neutral,0.988,2026-03-16T15:45:41.032068,0.8529794584277394,2026-03-16T15:45:40.995000,68,,,
participant_19,4,day,Town10HD_Opt,2026-03-16 15:45:42.019221,-4.078883171081543,69.89636993408203,0.0021303938701748,23.361,-0.146,0.244,0.0,0,0,1,,0.841,2026-03-16T15:45:42.019221,neutral,0.988,2026-03-16T15:45:41.032068,0.8247400823995453,2026-03-16T15:45:42.033000,71,,,
participant_19,4,day,Town10HD_Opt,2026-03-16 15:45:43.294934,1.0600377321243286,69.893798828125,0.0020995330996811,20.795,-0.146,0.252,0.0,0,0,1,,1.0,2026-03-16T15:45:43.294934,fear,0.777,2026-03-16T15:45:43.294934,0.8778691519026561,2026-03-16T15:45:44.011000,70,,,
participant_19,4,day,Town10HD_Opt,2026-03-16 15:45:44.268177,4.577080726623535,69.88400268554688,0.0020850752480328,19.427,-0.099,0.273,0.0,0,0,1,,1.0,2026-03-16T15:45:44.268177,fear,0.777,2026-03-16T15:45:43.294934,0.8644598729054918,2026-03-16T15:45:45.001000,70,,,
participant_19,4,day,Town10HD_Opt,2026-03-16 15:45:45.237651,7.893880367279053,69.86925506591797,0.0020728684030473,18.491,-0.099,0.275,0.0,0,0,1,,1.0,2026-03-16T15:45:45.237651,fear,0.777,2026-03-16T15:45:43.294934,0.8019324477603064,2026-03-16T15:45:46.125000,68,,,
participant_19,4,day,Town10HD_Opt,2026-03-16 15:45:46.216032,11.087175369262695,69.84953308105469,0.0020396423060446,18.058,-0.099,0.0,0.0,0,0,1,,1.0,2026-03-16T15:45:46.216032,neutral,0.963,2026-03-16T15:45:46.216032,0.8907939009883544,2026-03-16T15:45:46.981000,65,,,
participant_19,4,day,Town10HD_Opt,2026-03-16 15:45:47.184837,13.990047454833984,69.82675170898438,0.002067337045446,14.164,-0.099,0.0,0.365,0,0,1,,0.812,2026-03-16T15:45:47.184837,neutral,0.963,2026-03-16T15:45:46.216032,0.91752620487673,2026-03-16T15:45:46.981000,66,,,
participant_19,4,day,Town10HD_Opt,2026-03-16 15:45:48.112646,15.997081756591797,69.80828094482422,0.0020337295718491,9.508,-0.094,0.0,0.0,0,0,1,,0.872,2026-03-16T15:45:48.112646,neutral,0.963,2026-03-16T15:45:46.216032,0.9181235293869652,2026-03-16T15:45:48.960000,65,,,
participant_19,4,day,Town10HD_Opt,2026-03-16 15:45:49.055330,17.464427947998047,69.79341888427734,0.0019879532046616,7.235,-0.094,0.0,0.0,0,0,1,,1.0,2026-03-16T15:45:49.055330,neutral,0.792,2026-03-16T15:45:49.055330,0.8390592279217266,2026-03-16T15:45:48.960000,67,,,
participant_19,4,day,Town10HD_Opt,2026-03-16 15:45:50.267260,18.904756546020508,69.7777099609375,0.001973228296265,4.9,-0.094,0.202,0.0,0,0,1,,0.841,2026-03-16T15:45:50.267260,neutral,0.792,2026-03-16T15:45:49.055330,0.8686506616449403,2026-03-16T15:45:51.030000,67,,,
participant_19,4,day,Town10HD_Opt,2026-03-16 15:45:51.227217,19.975875854492188,69.76532745361328,0.0017671203240752,8.727,-0.094,0.42,0.0,0,0,1,,0.805,2026-03-16T15:45:51.227217,neutral,0.973,2026-03-16T15:45:51.227217,0.7669290732836488,2026-03-16T15:45:52.020000,69,,,
participant_19,4,day,Town10HD_Opt,2026-03-16 15:45:52.202345,21.85033226013184,69.74235534667969,0.0018558882875368,11.603,-0.082,0.0,0.0,0,0,1,,1.0,2026-03-16T15:45:52.202345,neutral,0.973,2026-03-16T15:45:51.227217,0.7643510619439904,2026-03-16T15:45:53.146000,67,,,
participant_19,4,day,Town10HD_Opt,2026-03-16 15:45:53.163123,23.628801345825195,69.71928405761719,0.0020304487552493,8.177,-0.075,0.0,0.229,0,0,1,,0.85,2026-03-16T15:45:53.163123,neutral,0.973,2026-03-16T15:45:51.227217,0.8375460603090698,2026-03-16T15:45:53.146000,71,,,
participant_19,4,day,Town10HD_Opt,2026-03-16 15:45:54.166301,24.786922454833984,69.70352172851562,0.0019798278808593,5.522,-0.066,0.0,0.0,0,0,1,,1.0,2026-03-16T15:45:54.166301,neutral,0.978,2026-03-16T15:45:54.166301,0.8033191346258044,2026-03-16T15:45:55.080000,71,,,
participant_19,4,day,Town10HD_Opt,2026-03-16 15:45:55.110279,25.64853286743164,69.69147491455078,0.0019596479833126,4.312,-0.066,0.0,0.0,0,0,1,,1.0,2026-03-16T15:45:55.110279,neutral,0.978,2026-03-16T15:45:54.166301,0.7975956728544031,2026-03-16T15:45:55.080000,71,,,
participant_19,4,day,Town10HD_Opt,2026-03-16 15:45:56.100217,26.024593353271484,69.68634033203125,0.0020383452065289,0.0,-0.056,0.0,0.273,0,0,1,,1.0,2026-03-16T15:45:56.100217,neutral,0.978,2026-03-16T15:45:54.166301,0.7895909989930597,2026-03-16T15:45:56.385000,69,,,
participant_19,4,day,Town10HD_Opt,2026-03-16 15:45:57.272344,26.02514839172364,69.68634033203125,0.0019202422117814,0.136,-0.056,0.124,0.0,0,0,1,,1.0,2026-03-16T15:45:57.272344,neutral,0.987,2026-03-16T15:45:57.272344,0.7885005549632045,2026-03-16T15:45:57.112000,69,,,
participant_19,4,day,Town10HD_Opt,2026-03-16 15:45:58.237999,26.26170921325684,69.68299865722656,0.00172195432242,4.672,-0.056,0.502,0.0,0,0,1,,1.0,2026-03-16T15:45:58.237999,neutral,0.987,2026-03-16T15:45:57.272344,0.7898416443567013,2026-03-16T15:45:57.112000,67,,,
participant_19,4,day,Town10HD_Opt,2026-03-16 15:45:59.150949,27.582164764404297,69.6628646850586,0.0017223738832399,10.518,-0.056,0.453,0.0,0,0,1,,0.811,2026-03-16T15:45:59.150949,neutral,0.987,2026-03-16T15:45:57.272344,0.8040815957975539,2026-03-16T15:45:59.940000,70,,,
participant_19,4,day,Town10HD_Opt,2026-03-16 15:46:00.119122,29.850265502929688,69.63054656982422,0.0017760467017069,15.317,-0.059,0.427,0.0,0,0,1,,0.906,2026-03-16T15:46:00.119122,neutral,0.982,2026-03-16T15:46:00.119122,0.8330112143913176,2026-03-16T15:46:00.570000,68,,,
participant_19,4,day,Town10HD_Opt,2026-03-16 15:46:01.094818,32.77531051635742,69.50800323486328,0.0019045256776735,17.074,-8.227,0.0,0.0,0,0,1,,0.839,2026-03-16T15:46:01.094818,neutral,0.982,2026-03-16T15:46:00.119122,0.7883880654911275,2026-03-16T15:46:01.966000,70,,,
participant_19,4,day,Town10HD_Opt,2026-03-16 15:46:02.061366,35.32683563232422,68.94495391845703,0.0020540999248623,13.086,-17.241,0.0,0.0,0,0,1,,1.0,2026-03-16T15:46:02.061366,neutral,0.982,2026-03-16T15:46:00.119122,0.8539118566951239,2026-03-16T15:46:03.001000,71,,,
participant_19,4,day,Town10HD_Opt,2026-03-16 15:46:03.294354,37.60824966430664,67.80138397216797,0.0020112609490752,9.079,-16.057,0.0,0.0,0,0,1,,1.0,2026-03-16T15:46:03.294354,neutral,0.883,2026-03-16T15:46:03.294354,0.8852294408670397,2026-03-16T15:46:03.990000,70,,,
participant_19,4,day,Town10HD_Opt,2026-03-16 15:46:04.223174,38.74950408935547,66.97227478027344,0.0019878004677593,6.989,-14.286,0.0,0.0,0,0,1,,1.0,2026-03-16T15:46:04.223174,neutral,0.883,2026-03-16T15:46:03.294354,0.7952774945513976,2026-03-16T15:46:04.980000,69,,,
participant_19,4,day,Town10HD_Opt,2026-03-16 15:46:05.144273,39.56484603881836,66.255126953125,0.0019713209476321,5.378,-13.667,0.0,0.0,0,0,1,,0.823,2026-03-16T15:46:05.144273,neutral,0.883,2026-03-16T15:46:03.294354,0.8864627093275959,2026-03-16T15:46:05.971000,69,,,
participant_19,4,day,Town10HD_Opt,2026-03-16 15:46:06.119703,40.1680793762207,65.6836929321289,0.001974296523258,4.03,-5.574,0.381,0.0,0,0,1,,1.0,2026-03-16T15:46:06.119703,neutral,0.905,2026-03-16T15:46:06.119703,0.8420607475673952,2026-03-16T15:46:05.971000,67,,,
participant_19,4,day,Town10HD_Opt,2026-03-16 15:46:07.054892,40.96435928344727,64.91503143310547,0.0017124938312917,9.931,-6.642,0.555,0.0,0,0,1,,0.832,2026-03-16T15:46:07.054892,neutral,0.905,2026-03-16T15:46:06.119703,0.837262214836184,2026-03-16T15:46:07.995000,73,,,
participant_19,4,day,Town10HD_Opt,2026-03-16 15:46:08.260889,43.08533477783203,62.54472351074219,0.0017621993320062,17.238,-8.296,0.47,0.0,0,0,1,,1.0,2026-03-16T15:46:08.260889,neutral,0.896,2026-03-16T15:46:08.260889,0.8785917052604614,2026-03-16T15:46:08.986000,71,,,
participant_19,4,day,Town10HD_Opt,2026-03-16 15:46:09.245267,44.71289825439453,59.83995056152344,0.0020653915125876,18.446,-18.541,0.359,0.0,0,0,1,,1.0,2026-03-16T15:46:09.245267,neutral,0.896,2026-03-16T15:46:08.260889,0.9501677265891731,2026-03-16T15:46:09.976000,71,,,
participant_19,4,day,Town10HD_Opt,2026-03-16 15:46:10.170943,45.48564910888672,56.74066162109375,0.0019249725155532,17.921,-18.016,0.0,0.0,0,0,1,,1.0,2026-03-16T15:46:10.170943,neutral,0.896,2026-03-16T15:46:08.260889,0.9054222174493212,2026-03-16T15:46:10.965000,69,,,
participant_19,4,day,Town10HD_Opt,2026-03-16 15:46:11.159932,45.39802551269531,53.93452835083008,0.002050552284345,13.977,-11.593,0.0,0.0,0,0,1,,1.0,2026-03-16T15:46:11.159932,neutral,0.961,2026-03-16T15:46:11.159932,0.9226512814061356,2026-03-16T15:46:12,68,,,
participant_19,4,day,Town10HD_Opt,2026-03-16 15:46:12.163438,45.10001373291016,51.7698860168457,0.0019988249987363,11.327,-2.908,0.39,0.0,0,0,1,,1.0,2026-03-16T15:46:12.163438,neutral,0.961,2026-03-16T15:46:11.159932,0.93473060691006,2026-03-16T15:46:12.990000,69,,,
participant_19,4,day,Town10HD_Opt,2026-03-16 15:46:13.137290,44.77407455444336,49.51832580566406,0.0017842864617705,15.34,-0.47,0.425,0.0,0,0,1,,0.913,2026-03-16T15:46:13.137290,neutral,0.961,2026-03-16T15:46:11.159932,0.8662360494561646,2026-03-16T15:46:13.980000,67,,,
participant_19,4,day,Town10HD_Opt,2026-03-16 15:46:14.091986,44.40695190429688,46.574745178222656,0.0020784377120435,18.128,2.494,0.425,0.0,0,0,1,,0.882,2026-03-16T15:46:14.091986,neutral,0.848,2026-03-16T15:46:14.091986,0.905974619708814,2026-03-16T15:46:13.980000,71,,,
participant_19,4,day,Town10HD_Opt,2026-03-16 15:46:15.017105,44.15512466430664,43.34891891479492,0.0019977570045739,19.246,3.266,0.379,0.0,0,0,1,,0.901,2026-03-16T15:46:15.017105,neutral,0.848,2026-03-16T15:46:14.091986,0.8807348783769634,2026-03-16T15:46:15.066000,70,,,
participant_19,4,day,Town10HD_Opt,2026-03-16 15:46:16.234965,44.22831344604492,38.68071746826172,0.0020127869211137,20.832,8.465,0.363,0.0,0,0,1,,1.0,2026-03-16T15:46:16.234965,neutral,0.878,2026-03-16T15:46:16.234965,0.8945408847386859,2026-03-16T15:46:16.995000,72,,,
participant_19,4,day,Town10HD_Opt,2026-03-16 15:46:17.205346,45.03584289550781,35.103416442871094,0.0020485685672611,21.267,16.233,0.347,0.0,0,0,1,,0.89,2026-03-16T15:46:17.205346,neutral,0.878,2026-03-16T15:46:16.234965,0.842135424108579,2026-03-16T15:46:16.995000,71,,,
participant_19,4,day,Town10HD_Opt,2026-03-16 15:46:18.107785,46.89892959594727,31.91362762451172,0.002074813703075,21.212,18.453,0.289,0.0,0,0,1,,1.0,2026-03-16T15:46:18.107785,neutral,0.878,2026-03-16T15:46:16.234965,0.956795622955417,2026-03-16T15:46:18.976000,71,,,
participant_19,4,day,Town10HD_Opt,2026-03-16 15:46:19.007622,49.5493049621582,29.68707847595215,0.002048950176686,17.832,20.376,0.0,0.0,0,0,1,,1.0,2026-03-16T15:46:19.007622,neutral,0.995,2026-03-16T15:46:19.007622,0.9057043075637607,2026-03-16T15:46:18.976000,70,,,
participant_19,4,day,Town10HD_Opt,2026-03-16 15:46:20.209611,52.90924072265625,28.560009002685547,0.0020481490064412,12.844,13.828,0.0,0.0,0,0,1,,0.903,2026-03-16T15:46:20.209611,neutral,0.995,2026-03-16T15:46:19.007622,0.8412988630404052,2026-03-16T15:46:20.056000,68,Harsh braking,decel_mps2=7.3,
participant_19,4,day,Town10HD_Opt,2026-03-16 15:46:21.164024,54.85637664794922,28.23426628112793,0.0020126341842114,9.754,6.379,0.0,0.0,0,0,1,,0.948,2026-03-16T15:46:21.164024,neutral,0.97,2026-03-16T15:46:21.164024,0.9184907242519936,2026-03-16T15:46:21.496000,65,,,
participant_19,4,day,Town10HD_Opt,2026-03-16 15:46:22.094752,56.32932662963867,28.037059783935547,0.0020097349770367,6.962,2.247,0.0,0.053,0,0,1,,0.873,2026-03-16T15:46:22.094752,neutral,0.97,2026-03-16T15:46:21.164024,0.966390727958948,2026-03-16T15:46:22.127000,68,,,
participant_19,4,day,Town10HD_Opt,2026-03-16 15:46:22.997149,57.08510208129883,27.93380546569824,0.0022413635160773,0.001,0.935,0.0,0.045,0,0,1,,0.867,2026-03-16T15:46:22.997149,neutral,0.97,2026-03-16T15:46:21.164024,0.9269511010783514,2026-03-16T15:46:23.116000,67,,,
participant_19,4,day,Town10HD_Opt,2026-03-16 15:46:24.173920,57.090457916259766,27.93309211730957,0.0019218062516301,0.035,0.978,0.0,0.0,0,0,1,,1.0,2026-03-16T15:46:24.173920,neutral,0.763,2026-03-16T15:46:24.173920,0.9693323400746092,2026-03-16T15:46:25.051000,71,,,
participant_19,4,day,Town10HD_Opt,2026-03-16 15:46:25.063945,57.09299087524414,27.93276596069336,0.0019161605741828,0.174,1.283,0.131,0.0,0,0,1,,1.0,2026-03-16T15:46:25.063945,neutral,0.763,2026-03-16T15:46:24.173920,0.9306915499335304,2026-03-16T15:46:25.996000,69,,,
participant_19,4,day,Town10HD_Opt,2026-03-16 15:46:25.992382,57.22675323486328,27.914663314819336,0.0018490218790248,2.009,1.316,0.236,0.0,0,0,1,,1.0,2026-03-16T15:46:25.992382,neutral,0.763,2026-03-16T15:46:24.173920,0.9386918832272698,2026-03-16T15:46:25.996000,69,,,
participant_19,4,day,Town10HD_Opt,2026-03-16 15:46:27.194476,57.96682357788086,27.81797981262207,0.0018845367012545,4.051,1.239,0.094,0.0,0,0,1,,0.82,2026-03-16T15:46:27.194476,neutral,0.977,2026-03-16T15:46:27.194476,0.8254022109033193,2026-03-16T15:46:27.975000,73,,,
participant_19,4,day,Town10HD_Opt,2026-03-16 15:46:28.120939,58.68056488037109,27.728031158447266,0.0019428252708166,3.769,1.222,0.0,0.0,0,0,1,,0.854,2026-03-16T15:46:28.120939,neutral,0.977,2026-03-16T15:46:27.194476,0.8628604965430117,2026-03-16T15:46:27.975000,71,,,
participant_19,4,day,Town10HD_Opt,2026-03-16 15:46:28.991781,59.15549087524414,27.669767379760746,0.0021492384839802,0.0,1.114,0.0,0.099,0,0,1,,0.963,2026-03-16T15:46:28.991781,neutral,0.977,2026-03-16T15:46:27.194476,0.9463694677143508,2026-03-16T15:46:29.281000,67,,,
participant_19,4,day,Town10HD_Opt,2026-03-16 15:46:30.143990,59.15576934814453,27.66973876953125,0.001922111492604,0.0,1.123,0.0,0.074,0,0,1,,0.917,2026-03-16T15:46:30.143990,neutral,0.958,2026-03-16T15:46:30.143990,0.9238704509639108,2026-03-16T15:46:30.991000,71,,,
participant_19,4,day,Town10HD_Opt,2026-03-16 15:46:31.048738,59.15576934814453,27.66973876953125,0.0019198608351871,0.0,1.128,0.0,0.067,0,0,1,,0.916,2026-03-16T15:46:31.048738,neutral,0.958,2026-03-16T15:46:30.143990,0.9087263296891672,2026-03-16T15:46:30.991000,70,,,
participant_19,4,day,Town10HD_Opt,2026-03-16 15:46:32.221971,59.15576934814453,27.66973876953125,0.0019198608351871,0.0,2.553,0.0,0.0,0,0,1,,0.897,2026-03-16T15:46:32.221971,neutral,0.982,2026-03-16T15:46:32.221971,0.9439894087505192,2026-03-16T15:46:33.151000,67,,,
participant_19,4,day,Town10HD_Opt,2026-03-16 15:46:33.118908,59.15621566772461,27.66970634460449,0.0019156646449118,0.173,4.983,0.118,0.0,0,0,1,,0.9,2026-03-16T15:46:33.118908,neutral,0.982,2026-03-16T15:46:32.221971,0.99,2026-03-16T15:46:34.050000,69,,,
participant_19,4,day,Town10HD_Opt,2026-03-16 15:46:34.015609,59.19919967651367,27.667097091674805,0.0018873977242037,0.695,9.365,0.0,0.0,0,0,1,,1.0,2026-03-16T15:46:34.015609,neutral,0.982,2026-03-16T15:46:32.221971,0.9858816610527286,2026-03-16T15:46:34.050000,67,,,
participant_19,4,day,Town10HD_Opt,2026-03-16 15:46:35.238821,59.34041213989258,27.659183502197266,0.0019234084757044,0.506,8.556,0.0,0.0,0,0,1,,1.0,2026-03-16T15:46:35.238821,neutral,0.969,2026-03-16T15:46:35.238821,0.99,2026-03-16T15:46:36.166000,69,,,
participant_19,4,day,Town10HD_Opt,2026-03-16 15:46:36.170217,59.41855239868164,27.65519523620605,0.0019225310534238,0.39,8.522,0.0,0.0,0,0,1,,0.827,2026-03-16T15:46:36.170217,neutral,0.969,2026-03-16T15:46:35.238821,0.99,2026-03-16T15:46:36.166000,67,,,
participant_19,4,day,Town10HD_Opt,2026-03-16 15:46:37.141082,59.47857284545898,27.65086555480957,0.0019216918153688,0.3,2.132,0.0,0.0,0,0,1,,1.0,2026-03-16T15:46:37.141082,neutral,0.969,2026-03-16T15:46:35.238821,0.99,2026-03-16T15:46:37.561000,70,,,
participant_19,4,day,Town10HD_Opt,2026-03-16 15:46:38.056368,59.60859680175781,27.634239196777344,0.0017912292387336,2.907,-1.897,0.488,0.0,0,0,1,,1.0,2026-03-16T15:46:38.056368,neutral,0.96,2026-03-16T15:46:38.056368,0.99,2026-03-16T15:46:39.001000,66,,,
participant_19,4,day,Town10HD_Opt,2026-03-16 15:46:39.270923,61.27117538452149,27.402006149291992,0.0017230986850336,11.666,-2.021,0.46,0.0,0,0,1,,0.833,2026-03-16T15:46:39.270923,neutral,0.96,2026-03-16T15:46:38.056368,0.99,2026-03-16T15:46:39.990000,64,,,
participant_19,4,day,Town10HD_Opt,2026-03-16 15:46:40.163991,63.65148162841797,27.022247314453125,0.0018160628387704,15.422,-1.765,0.261,0.0,0,0,1,,0.802,2026-03-16T15:46:40.163991,neutral,0.955,2026-03-16T15:46:40.163991,0.99,2026-03-16T15:46:40.981000,65,,,
participant_19,4,day,Town10HD_Opt,2026-03-16 15:46:41.081379,66.341064453125,26.536272048950195,0.0019475554581731,15.196,-0.893,0.0,0.0,0,0,1,,0.896,2026-03-16T15:46:41.081379,neutral,0.955,2026-03-16T15:46:40.163991,0.99,2026-03-16T15:46:41.970000,64,,,errors=Harsh braking
participant_19,4,day,Town10HD_Opt,2026-03-16 15:46:42.013906,68.40204620361328,26.14455795288086,0.0021945952903479,7.259,-0.658,0.0,1.0,0,0,1,,0.931,2026-03-16T15:46:42.013906,neutral,0.955,2026-03-16T15:46:40.163991,0.99,2026-03-16T15:46:41.970000,62,,,
participant_19,4,day,Town10HD_Opt,2026-03-16 15:46:43.178951,68.64002227783203,26.09834098815918,0.0019351196242496,0.203,-0.421,0.0,0.0,0,0,1,,0.88,2026-03-16T15:46:43.178951,neutral,0.899,2026-03-16T15:46:43.178951,0.99,2026-03-16T15:46:43.996000,64,,,
participant_19,4,day,Town10HD_Opt,2026-03-16 15:46:44.030155,68.670654296875,26.09246826171875,0.0019207763252779,0.157,-0.031,0.0,0.0,0,0,1,,0.87,2026-03-16T15:46:44.030155,neutral,0.899,2026-03-16T15:46:43.178951,0.99,2026-03-16T15:46:43.996000,66,,,
participant_19,4,day,Town10HD_Opt,2026-03-16 15:46:45.183647,68.69121551513672,26.0886344909668,0.0019185256678611,0.102,0.696,0.016,0.0,0,0,1,,0.838,2026-03-16T15:46:45.183647,neutral,0.889,2026-03-16T15:46:45.183647,0.99,2026-03-16T15:46:45.976000,62,,,
participant_19,4,day,Town10HD_Opt,2026-03-16 15:46:46.044756,68.70587158203125,26.08597755432129,0.001918678288348,0.101,0.714,0.016,0.0,0,0,1,,0.852,2026-03-16T15:46:46.044756,neutral,0.889,2026-03-16T15:46:45.183647,0.99,2026-03-16T15:46:45.976000,61,,,
participant_19,4,day,Town10HD_Opt,2026-03-16 15:46:47.222192,68.72412109375,26.08261108398437,0.001919021597132,0.092,0.726,0.014,0.0,0,0,1,,0.841,2026-03-16T15:46:47.222192,neutral,0.842,2026-03-16T15:46:47.222192,0.9497577427750884,2026-03-16T15:46:48.046000,62,,,
participant_19,4,day,Town10HD_Opt,2026-03-16 15:46:48.091925,68.73656463623047,26.080322265625,0.0019188689766451,0.087,0.766,0.013,0.0,0,0,1,,0.884,2026-03-16T15:46:48.091925,neutral,0.842,2026-03-16T15:46:47.222192,0.8490685658971066,2026-03-16T15:46:48.991000,60,,,
participant_19,4,day,Town10HD_Opt,2026-03-16 15:46:49.230610,68.75212097167969,26.07749938964844,0.0019188689766451,0.083,0.902,0.013,0.0,0,0,1,,1.0,2026-03-16T15:46:49.230610,neutral,0.81,2026-03-16T15:46:49.230610,0.8066839964823284,2026-03-16T15:46:49.981000,63,,,
participant_19,4,day,Town10HD_Opt,2026-03-16 15:46:50.095281,68.763427734375,26.07545661926269,0.0019187163561582,0.082,0.902,0.013,0.0,0,0,1,,1.0,2026-03-16T15:46:50.095281,neutral,0.81,2026-03-16T15:46:49.230610,0.7009761610808881,2026-03-16T15:46:50.971000,62,,,
participant_19,4,day,Town10HD_Opt,2026-03-16 15:46:51.017014,68.77449798583984,26.073415756225582,0.0019188307924196,0.081,0.902,0.012,0.0,0,0,1,,0.839,2026-03-16T15:46:51.017014,neutral,0.81,2026-03-16T15:46:49.230610,0.8107537441306131,2026-03-16T15:46:50.971000,62,,,
participant_19,4,day,Town10HD_Opt,2026-03-16 15:46:52.198925,68.78893280029297,26.070804595947266,0.0019188307924196,0.079,0.905,0.012,0.0,0,0,1,,0.85,2026-03-16T15:46:52.198925,happy,0.696,2026-03-16T15:46:52.198925,0.6762045644064187,2026-03-16T15:46:52.997000,63,,,
participant_19,4,day,Town10HD_Opt,2026-03-16 15:46:53.106981,68.79946899414062,26.068893432617188,0.0019187545403838,0.078,0.907,0.012,0.0,0,0,1,,0.829,2026-03-16T15:46:53.106981,happy,0.696,2026-03-16T15:46:52.198925,0.7238155017557425,2026-03-16T15:46:53.985000,66,,,
participant_19,4,day,Town10HD_Opt,2026-03-16 15:46:54.256296,68.81328582763672,26.06640625,0.0019187545403838,0.077,0.907,0.013,0.0,0,0,1,,1.0,2026-03-16T15:46:54.256296,neutral,0.98,2026-03-16T15:46:54.256296,0.6561701939399563,2026-03-16T15:46:54.977000,60,,,
participant_19,4,day,Town10HD_Opt,2026-03-16 15:46:55.130423,68.8345718383789,26.062519073486328,0.0019161986419931,0.177,0.726,0.0,0.0,0,0,1,,1.0,2026-03-16T15:46:55.130423,neutral,0.98,2026-03-16T15:46:54.256296,0.7185367762262669,2026-03-16T15:46:54.977000,65,,,
participant_19,4,day,Town10HD_Opt,2026-03-16 15:46:56.002848,68.861328125,26.057621002197266,0.0019200133392587,0.138,0.728,0.0,0.0,0,0,1,,0.801,2026-03-16T15:46:56.002848,neutral,0.98,2026-03-16T15:46:54.256296,0.7340664621199865,2026-03-16T15:46:56.149000,69,,,
participant_19,4,day,Town10HD_Opt,2026-03-16 15:46:57.141909,68.88762664794922,26.05280494689941,0.0019197463989257,0.098,0.738,0.0,0.0,0,0,1,,1.0,2026-03-16T15:46:57.141909,sad,0.775,2026-03-16T15:46:57.141909,0.7076389936655471,2026-03-16T15:46:58.081000,66,,,
participant_19,4,day,Town10HD_Opt,2026-03-16 15:46:58.003518,68.902099609375,26.050161361694336,0.0019195937784388,0.076,0.738,0.0,0.0,0,0,1,,0.895,2026-03-16T15:46:58.003518,sad,0.775,2026-03-16T15:46:57.141909,0.6831510796591768,2026-03-16T15:46:58.081000,68,,,
participant_19,4,day,Town10HD_Opt,2026-03-16 15:46:59.111722,68.91629028320312,26.047563552856445,0.001919517526403,0.055,0.738,0.0,0.0,0,0,1,,0.867,2026-03-16T15:46:59.111722,sad,0.775,2026-03-16T15:46:57.141909,0.6295679971968791,2026-03-16T15:47:00.060000,67,,,
participant_19,4,day,Town10HD_Opt,2026-03-16 15:47:00.255305,68.9262924194336,26.045743942260746,0.001919288537465,0.039,0.773,0.0,0.0,0,0,1,,0.803,2026-03-16T15:47:00.255305,sad,0.772,2026-03-16T15:47:00.255305,0.598376211419778,2026-03-16T15:47:01.006000,66,,,
participant_19,4,day,Town10HD_Opt,2026-03-16 15:47:01.176199,68.93179321289062,26.04473304748535,0.0019191741012036,0.155,0.771,0.04,0.0,0,0,1,,0.831,2026-03-16T15:47:01.176199,sad,0.772,2026-03-16T15:47:00.255305,0.6572584437506204,2026-03-16T15:47:02.041000,65,,,
participant_19,4,day,Town10HD_Opt,2026-03-16 15:47:02.098770,69.25929260253906,25.98583984375,0.0016284942394122,6.893,1.119,0.811,0.0,0,0,1,,1.0,2026-03-16T15:47:02.098770,sad,0.772,2026-03-16T15:47:00.255305,0.6278489122803278,2026-03-16T15:47:02.041000,65,,,
participant_19,4,day,Town10HD_Opt,2026-03-16 15:47:03.023142,71.3826675415039,25.65289306640625,0.0015550231328234,18.372,3.775,0.711,0.0,0,0,1,,0.811,2026-03-16T15:47:03.023142,neutral,0.948,2026-03-16T15:47:03.023142,0.5483562337264966,2026-03-16T15:47:03.078000,66,,,
participant_19,4,day,Town10HD_Opt,2026-03-16 15:47:04.243632,75.7640609741211,25.234819412231445,0.0019297789549455,16.558,3.151,0.0,0.188,0,0,1,,0.816,2026-03-16T15:47:04.243632,neutral,0.948,2026-03-16T15:47:03.023142,0.697333629175692,2026-03-16T15:47:05.191000,64,,,
participant_19,4,day,Town10HD_Opt,2026-03-16 15:47:05.124374,78.29712677001953,25.14693260192871,0.0020389938727021,12.461,2.471,0.206,0.0,0,0,1,,1.0,2026-03-16T15:47:05.124374,happy,0.683,2026-03-16T15:47:05.124374,0.6257306165748961,2026-03-16T15:47:05.191000,64,,,
participant_19,4,day,Town10HD_Opt,2026-03-16 15:47:06.058831,80.61408996582031,25.128246307373047,0.0017562865978106,16.074,1.558,0.62,0.0,0,0,1,,0.887,2026-03-16T15:47:06.058831,happy,0.683,2026-03-16T15:47:05.124374,0.6827809693540429,2026-03-16T15:47:06.766000,65,,,
participant_19,4,day,Town10HD_Opt,2026-03-16 15:47:07.250208,85.04476165771484,25.19795608520508,0.0019009780371561,22.024,0.606,0.526,0.0,0,0,1,,1.0,2026-03-16T15:47:07.250208,neutral,0.896,2026-03-16T15:47:07.250208,0.6555422046009224,2026-03-16T15:47:08.027000,66,,,
participant_19,4,day,Town10HD_Opt,2026-03-16 15:47:08.141349,89.23587036132812,25.28800201416016,0.0019164275145158,26.036,-2.12,0.46,0.0,0,0,1,,1.0,2026-03-16T15:47:08.141349,neutral,0.896,2026-03-16T15:47:07.250208,0.5656414257311281,2026-03-16T15:47:08.971000,63,,,
participant_19,4,day,Town10HD_Opt,2026-03-16 15:47:09.034468,93.70223236083984,25.12399101257324,0.0022021865006536,22.867,-7.142,0.0,0.0,0,0,1,,0.829,2026-03-16T15:47:09.034468,neutral,0.896,2026-03-16T15:47:07.250208,0.6151360732163288,2026-03-16T15:47:08.971000,67,,,
participant_19,4,day,Town10HD_Opt,2026-03-16 15:47:10.208378,98.01748657226562,23.98297119140625,0.0020276641007512,15.848,-18.174,0.0,0.0,0,0,1,,0.814,2026-03-16T15:47:10.208378,neutral,0.768,2026-03-16T15:47:10.208378,0.5932740043972046,2026-03-16T15:47:10.996000,69,,,
participant_19,4,day,Town10HD_Opt,2026-03-16 15:47:11.170518,100.10198974609376,22.59543228149414,0.0019639206584542,13.933,-17.483,0.339,0.0,0,0,1,,1.0,2026-03-16T15:47:11.170518,neutral,0.768,2026-03-16T15:47:10.208378,0.6908807776107437,2026-03-16T15:47:11.986000,65,,,
participant_19,4,day,Town10HD_Opt,2026-03-16 15:47:12.122015,101.88368225097656,20.7341423034668,0.0018778227968141,15.764,-15.12,0.311,0.0,0,0,1,,1.0,2026-03-16T15:47:12.122015,neutral,0.768,2026-03-16T15:47:10.208378,0.6673829955896294,2026-03-16T15:47:12.977000,67,,,
participant_19,4,day,Town10HD_Opt,2026-03-16 15:47:13.009584,103.44651794433594,18.35076141357422,0.0019043349893763,16.701,-12.12,0.207,0.0,0,0,1,,1.0,2026-03-16T15:47:13.009584,neutral,0.931,2026-03-16T15:47:13.009584,0.5749416822442163,2026-03-16T15:47:12.977000,63,,,
participant_19,4,day,Town10HD_Opt,2026-03-16 15:47:14.205846,104.82806396484376,14.897689819335938,0.0019799803849309,14.74,-7.14,0.0,0.0,0,0,1,,0.83,2026-03-16T15:47:14.205846,neutral,0.931,2026-03-16T15:47:13.009584,0.6492800203373267,2026-03-16T15:47:15.001000,64,,,
participant_19,4,day,Town10HD_Opt,2026-03-16 15:47:15.086303,105.34148406982422,12.661832809448242,0.0020329284016042,11.337,-13.648,0.0,0.0,0,0,1,,0.801,2026-03-16T15:47:15.086303,neutral,0.896,2026-03-16T15:47:15.086303,0.5743511050834472,2026-03-16T15:47:15.990000,69,,,
participant_19,4,day,Town10HD_Opt,2026-03-16 15:47:15.990727,105.49624633789062,10.905527114868164,0.0019981001969426,8.919,-6.099,0.227,0.0,0,0,1,,0.937,2026-03-16T15:47:15.990727,neutral,0.896,2026-03-16T15:47:15.086303,0.5723477847470742,2026-03-16T15:47:15.990000,66,,,
participant_19,4,day,Town10HD_Opt,2026-03-16 15:47:17.215514,105.65785217285156,8.561742782592773,0.0018437957623973,11.729,-1.695,0.302,0.0,0,0,1,,0.894,2026-03-16T15:47:17.215514,neutral,0.871,2026-03-16T15:47:17.215514,0.5993397841230242,2026-03-16T15:47:17.971000,68,,,
participant_19,4,day,Town10HD_Opt,2026-03-16 15:47:18.085094,105.7883071899414,6.344776630401611,0.0018525695195421,13.796,-1.201,0.304,0.0,0,0,1,,0.837,2026-03-16T15:47:18.085094,neutral,0.871,2026-03-16T15:47:17.215514,0.6206276617563923,2026-03-16T15:47:17.971000,64,,,
participant_19,4,day,Town10HD_Opt,2026-03-16 15:47:19.264495,105.95721435546876,2.888664484024048,0.0018696594052016,15.918,-0.717,0.303,0.0,0,0,1,,1.0,2026-03-16T15:47:19.264495,neutral,0.453,2026-03-16T15:47:19.264495,0.6285186800704637,2026-03-16T15:47:19.051000,70,,,
participant_19,4,day,Town10HD_Opt,2026-03-16 15:47:20.120038,106.06414031982422,0.0011507034068927,0.001877975417301,17.191,-0.717,0.305,0.0,0,0,1,,0.911,2026-03-16T15:47:20.120038,neutral,0.453,2026-03-16T15:47:19.264495,0.5912692745194664,2026-03-16T15:47:20.401000,66,,,
participant_19,4,day,Town10HD_Opt,2026-03-16 15:47:20.994656,106.143798828125,-3.065103769302368,0.001900787348859,17.819,-0.696,0.261,0.0,0,0,1,,0.956,2026-03-16T15:47:20.994656,neutral,0.453,2026-03-16T15:47:19.264495,0.5887454991337605,2026-03-16T15:47:21.257000,67,,,
participant_19,4,day,Town10HD_Opt,2026-03-16 15:47:22.179544,106.19742584228516,-7.026920795440674,0.0020521925762295,14.405,-0.038,0.0,0.095,0,0,1,,0.918,2026-03-16T15:47:22.179544,neutral,0.951,2026-03-16T15:47:22.179544,0.6057622919336387,2026-03-16T15:47:22.426000,65,,,
participant_19,4,day,Town10HD_Opt,2026-03-16 15:47:23.052313,106.22054290771484,-9.214157104492188,0.0020282745826989,10.643,0.172,0.0,0.0,0,0,1,,1.0,2026-03-16T15:47:23.052313,neutral,0.951,2026-03-16T15:47:22.179544,0.516573945695594,2026-03-16T15:47:23.462000,65,,,
participant_19,4,day,Town10HD_Opt,2026-03-16 15:47:24.210149,106.26368713378906,-11.729228019714355,0.0017259978922083,14.276,0.691,0.677,0.0,0,0,1,,0.835,2026-03-16T15:47:24.210149,neutral,0.676,2026-03-16T15:47:24.210149,0.5514319157621393,2026-03-16T15:47:23.462000,65,,,
participant_19,4,day,Town10HD_Opt,2026-03-16 15:47:25.086702,106.34674835205078,-14.742770195007324,0.002012176439166,19.044,0.726,0.512,0.0,0,0,1,,0.929,2026-03-16T15:47:25.086702,neutral,0.676,2026-03-16T15:47:24.210149,0.6157197797062348,2026-03-16T15:47:23.462000,64,,,
participant_19,4,day,Town10HD_Opt,2026-03-16 15:47:26.256897,106.5864028930664,-19.29927635192871,0.0019864654168486,17.656,2.351,0.0,0.0,0,0,1,,1.0,2026-03-16T15:47:26.256897,neutral,0.904,2026-03-16T15:47:26.256897,0.5895685412072796,2026-03-16T15:47:27.062000,73,,,
participant_19,4,day,Town10HD_Opt,2026-03-16 15:47:27.131269,106.89007568359376,-22.05071258544922,0.002043189946562,13.865,3.259,0.008,0.0,0,0,1,,1.0,2026-03-16T15:47:27.131269,neutral,0.904,2026-03-16T15:47:26.256897,0.5343877940627658,2026-03-16T15:47:28.051000,76,,,
participant_19,4,day,Town10HD_Opt,2026-03-16 15:47:27.994243,107.24754333496094,-24.338302612304688,0.0018652725266292,14.2,2.217,0.415,0.0,0,0,1,,1.0,2026-03-16T15:47:27.994243,neutral,0.904,2026-03-16T15:47:26.256897,0.5346631132332726,2026-03-16T15:47:28.051000,72,,,
participant_19,4,day,Town10HD_Opt,2026-03-16 15:47:29.135655,107.8693618774414,-28.10135841369629,0.0020853041205555,18.271,-3.426,0.399,0.0,0,0,1,,1.0,2026-03-16T15:47:29.135655,neutral,0.752,2026-03-16T15:47:29.135655,0.5645358204224176,2026-03-16T15:47:28.996000,78,,,
participant_19,4,day,Town10HD_Opt,2026-03-16 15:47:30.026656,108.08180236816406,-31.274513244628903,0.0020268631633371,18.56,-11.74,0.38,0.0,0,0,1,,0.856,2026-03-16T15:47:30.026656,neutral,0.752,2026-03-16T15:47:29.135655,0.5073411344221693,2026-03-16T15:47:30.977000,73,,,
participant_19,4,day,Town10HD_Opt,2026-03-16 15:47:31.165912,107.4068832397461,-35.7308235168457,0.0020103836432099,20.319,-6.398,0.376,0.0,0,0,1,,0.845,2026-03-16T15:47:31.165912,neutral,0.777,2026-03-16T15:47:31.165912,0.5935751805482712,2026-03-16T15:47:32.012000,72,,,
participant_19,4,day,Town10HD_Opt,2026-03-16 15:47:32.064077,106.3124771118164,-39.18490219116211,0.002013664226979,21.278,-6.168,0.376,0.0,0,0,1,,1.0,2026-03-16T15:47:32.064077,neutral,0.777,2026-03-16T15:47:31.165912,0.5962506316833305,2026-03-16T15:47:33.001000,70,,,
participant_19,4,day,Town10HD_Opt,2026-03-16 15:47:33.217909,104.09441375732422,-43.75699234008789,0.0020206070039421,22.422,-6.59,0.375,0.0,0,0,1,,1.0,2026-03-16T15:47:33.217909,neutral,0.764,2026-03-16T15:47:33.217909,0.446546886140493,2026-03-16T15:47:33.991000,67,,,
participant_19,4,day,Town10HD_Opt,2026-03-16 15:47:34.100235,101.89163208007812,-47.07722854614258,0.0020193480886518,23.183,-2.826,0.375,0.0,0,0,1,,0.864,2026-03-16T15:47:34.100235,neutral,0.764,2026-03-16T15:47:33.217909,0.4753882376078878,2026-03-16T15:47:33.991000,70,,,
participant_19,4,day,Town10HD_Opt,2026-03-16 15:47:35.240903,98.47210693359376,-51.46640396118164,0.0019615553319454,24.6,-3.014,0.375,0.0,0,0,1,,1.0,2026-03-16T15:47:35.240903,neutral,0.804,2026-03-16T15:47:35.240903,0.4393704644960234,2026-03-16T15:47:33.991000,70,,,
participant_19,4,day,Town10HD_Opt,2026-03-16 15:47:36.180604,95.51683044433594,-54.638309478759766,0.0020196533296257,25.233,-3.712,0.375,0.0,0,0,1,,0.933,2026-03-16T15:47:36.180604,neutral,0.804,2026-03-16T15:47:35.240903,0.360658659080968,2026-03-16T15:47:36.422000,68,,,
participant_19,4,day,Town10HD_Opt,2026-03-16 15:47:37.069061,92.200439453125,-57.59938049316406,0.0020236587151885,25.823,-3.964,0.375,0.0,0,0,1,,0.924,2026-03-16T15:47:37.069061,neutral,0.804,2026-03-16T15:47:35.240903,0.4138942999002923,2026-03-16T15:47:37.143000,67,,,
participant_19,4,day,Town10HD_Opt,2026-03-16 15:47:38.235243,87.24571228027344,-61.1163215637207,0.0020270156674087,26.521,-3.624,0.375,0.0,0,0,1,,0.945,2026-03-16T15:47:38.235243,neutral,0.992,2026-03-16T15:47:38.235243,0.4006633759542388,2026-03-16T15:47:38.042000,69,,,
participant_19,4,day,Town10HD_Opt,2026-03-16 15:47:39.084374,83.18299865722656,-63.38717651367188,0.0020290755201131,26.945,-3.636,0.375,0.0,0,0,1,,0.882,2026-03-16T15:47:39.084374,neutral,0.992,2026-03-16T15:47:38.235243,0.3999779852700052,2026-03-16T15:47:39.301000,70,,,
participant_19,4,day,Town10HD_Opt,2026-03-16 15:47:40.242060,77.36860656738281,-65.841064453125,0.0020317840389907,27.422,-4.03,0.375,0.0,0,0,1,,0.909,2026-03-16T15:47:40.242060,neutral,0.805,2026-03-16T15:47:40.242060,0.398838403061076,2026-03-16T15:47:41.012000,69,,,
participant_19,4,day,Town10HD_Opt,2026-03-16 15:47:41.121490,72.74828338623047,-67.14674377441406,0.0020344543736428,27.717,-4.636,0.375,0.0,0,0,1,,0.868,2026-03-16T15:47:41.121490,neutral,0.805,2026-03-16T15:47:40.242060,0.3039733701724489,2026-03-16T15:47:42.001000,73,,,
participant_19,4,day,Town10HD_Opt,2026-03-16 15:47:42.031474,67.95751190185547,-67.90567779541016,0.0020352553110569,27.978,-4.195,0.375,0.0,0,0,1,,1.0,2026-03-16T15:47:42.031474,neutral,0.805,2026-03-16T15:47:40.242060,0.4448071425028806,2026-03-16T15:47:42.001000,69,,,
participant_19,4,day,Town10HD_Opt,2026-03-16 15:47:43.214659,61.42818069458008,-68.16204071044922,0.0020361708011478,28.26,-1.222,0.373,0.0,0,0,1,,0.937,2026-03-16T15:47:43.214659,neutral,0.938,2026-03-16T15:47:43.214659,0.4244857082780585,2026-03-16T15:47:43.171000,70,,,
participant_19,4,day,Town10HD_Opt,2026-03-16 15:47:44.121651,56.48683166503906,-68.08142852783203,0.0020365524105727,28.42,0.172,0.373,0.0,0,0,1,,0.908,2026-03-16T15:47:44.121651,neutral,0.938,2026-03-16T15:47:43.214659,0.3094064068231451,2026-03-16T15:47:44.566000,73,,,
participant_19,4,day,Town10HD_Opt,2026-03-16 15:47:45.010669,51.51935577392578,-67.97433471679688,0.0020370483398437,28.56,0.461,0.373,0.0,0,0,1,,1.0,2026-03-16T15:47:45.010669,neutral,0.938,2026-03-16T15:47:43.214659,0.30177927620788,2026-03-16T15:47:45.691000,70,,,
participant_19,4,day,Town10HD_Opt,2026-03-16 15:47:46.201176,44.85984802246094,-67.86165618896484,0.0020378874614834,28.72,0.12,0.373,0.0,0,0,1,,0.867,2026-03-16T15:47:46.201176,neutral,0.876,2026-03-16T15:47:46.201176,0.2962761667518285,2026-03-16T15:47:47.042000,69,,,
participant_19,4,day,Town10HD_Opt,2026-03-16 15:47:47.100005,39.84200286865234,-67.77650451660156,0.00203842157498,28.831,0.12,0.422,0.0,0,0,1,,0.902,2026-03-16T15:47:47.100005,neutral,0.876,2026-03-16T15:47:46.201176,0.2780772478090008,2026-03-16T15:47:47.042000,68,,,
participant_19,4,day,Town10HD_Opt,2026-03-16 15:47:48.256093,32.56696319580078,-67.64231872558594,0.0018281936645507,35.684,0.122,0.665,0.0,0,0,1,,0.907,2026-03-16T15:47:48.256093,neutral,0.855,2026-03-16T15:47:48.256093,0.2094435952723823,2026-03-16T15:47:48.166000,70,,,
participant_19,4,day,Town10HD_Opt,2026-03-16 15:47:49.123840,25.87786102294922,-67.5394287109375,0.0018999861786141,40.601,0.122,0.57,0.0,0,0,1,,0.839,2026-03-16T15:47:49.123840,neutral,0.855,2026-03-16T15:47:48.256093,0.3266991943823064,2026-03-16T15:47:49.337000,68,,,
participant_19,4,day,Town10HD_Opt,2026-03-16 15:47:49.991631,18.747634887695312,-67.45881652832031,0.0021897505503147,38.217,0.143,0.0,0.0,0,0,1,,0.837,2026-03-16T15:47:49.991631,neutral,0.855,2026-03-16T15:47:48.256093,0.3218097615691332,2026-03-16T15:47:50.146000,69,,,
participant_19,4,day,Town10HD_Opt,2026-03-16 15:47:51.143115,11.08031940460205,-67.41353607177734,0.0022979734931141,27.156,0.167,0.0,0.0,0,0,1,,0.967,2026-03-16T15:47:51.143115,neutral,0.96,2026-03-16T15:47:51.143115,0.2951059853358028,2026-03-16T15:47:51.001000,68,,,
participant_19,4,day,Town10HD_Opt,2026-03-16 15:47:52.064808,6.878149032592773,-67.41742706298828,0.0022555158939212,20.491,0.545,0.0,0.0,0,0,1,,0.857,2026-03-16T15:47:52.064808,neutral,0.96,2026-03-16T15:47:51.143115,0.3642869491501832,2026-03-16T15:47:52.532000,70,,,
participant_19,4,day,Town10HD_Opt,2026-03-16 15:47:53.231683,2.617817640304565,-67.46488952636719,0.0019379042787477,17.304,0.364,0.216,0.0,0,0,1,,0.854,2026-03-16T15:47:53.231683,neutral,0.927,2026-03-16T15:47:53.231683,0.3643183161628688,2026-03-16T15:47:53.972000,71,,,
participant_19,4,day,Town10HD_Opt,2026-03-16 15:47:54.084376,-0.3684142231941223,-67.51763916015625,0.0019343948224559,16.808,0.268,0.22,0.0,0,0,1,,0.978,2026-03-16T15:47:54.084376,neutral,0.927,2026-03-16T15:47:53.231683,0.2852154075257931,2026-03-16T15:47:54.511000,70,,,
participant_19,4,day,Town10HD_Opt,2026-03-16 15:47:55.233232,-4.338264465332031,-67.6070327758789,0.001907653757371,17.087,0.268,0.0,0.0,0,0,1,,0.967,2026-03-16T15:47:55.233232,neutral,0.937,2026-03-16T15:47:55.233232,0.3195309030226655,2026-03-16T15:47:56.132000,68,,,
participant_19,4,day,Town10HD_Opt,2026-03-16 15:47:56.078833,-6.973321914672852,-67.678466796875,0.0020859909709542,11.864,0.251,0.0,0.312,0,0,1,,0.962,2026-03-16T15:47:56.078833,neutral,0.937,2026-03-16T15:47:55.233232,0.2786320289208969,2026-03-16T15:47:56.132000,67,,,
participant_19,4,day,Town10HD_Opt,2026-03-16 15:47:57.224743,-9.20414924621582,-67.74665832519531,0.0019970701541751,7.652,0.251,0.0,0.0,0,0,1,,0.963,2026-03-16T15:47:57.224743,neutral,0.937,2026-03-16T15:47:55.233232,0.3362326627789957,2026-03-16T15:47:57.661000,66,,,
participant_19,4,day,Town10HD_Opt,2026-03-16 15:47:58.055284,-10.39603328704834,-67.78604125976562,0.0019754790700972,5.874,0.251,0.0,0.0,0,0,1,,0.976,2026-03-16T15:47:58.055284,neutral,0.98,2026-03-16T15:47:58.055284,0.2582953921968947,2026-03-16T15:47:58.201000,68,,,
participant_19,4,day,Town10HD_Opt,2026-03-16 15:47:59.188336,-11.525933265686035,-67.82524871826172,0.0019244384020566,4.489,0.242,0.175,0.0,0,0,1,,0.967,2026-03-16T15:47:59.188336,neutral,0.98,2026-03-16T15:47:58.055284,0.3525372606663913,2026-03-16T15:47:59.192000,66,,,
participant_19,4,day,Town10HD_Opt,2026-03-16 15:48:00.076453,-12.398239135742188,-67.856689453125,0.0018790053436532,5.664,0.24,0.189,0.0,0,0,1,,0.938,2026-03-16T15:48:00.076453,neutral,0.981,2026-03-16T15:48:00.076453,0.3467842596702961,2026-03-16T15:48:00.362000,66,,,
participant_19,4,day,Town10HD_Opt,2026-03-16 15:48:01.194109,-13.791709899902344,-67.90850067138672,0.0019278335385024,5.639,0.042,0.0,0.108,0,0,1,,0.925,2026-03-16T15:48:01.194109,neutral,0.981,2026-03-16T15:48:00.076453,0.4190591938833255,2026-03-16T15:48:01.172000,69,,,
participant_19,4,day,Town10HD_Opt,2026-03-16 15:48:02.064973,-13.949661254882812,-67.91427612304688,0.001973228296265,0.0,0.035,0.0,0.326,0,0,1,,1.0,2026-03-16T15:48:02.064973,neutral,0.981,2026-03-16T15:48:00.076453,0.3378569606778744,2026-03-16T15:48:02.522000,68,,,
participant_19,4,day,Town10HD_Opt,2026-03-16 15:48:03.149808,-13.94974136352539,-67.9142837524414,0.0019203567644581,0.0,0.054,0.0,0.0,0,0,1,,0.889,2026-03-16T15:48:03.149808,neutral,0.951,2026-03-16T15:48:03.149808,0.3844322012104806,2026-03-16T15:48:03.243000,69,,,
participant_19,4,day,Town10HD_Opt,2026-03-16 15:48:04.264929,-13.949742317199709,-67.9142837524414,0.0019194411579519,0.0,0.054,0.0,0.0,0,0,1,,0.958,2026-03-16T15:48:04.264929,neutral,0.951,2026-03-16T15:48:03.149808,0.3742316566299851,2026-03-16T15:48:04.186000,71,,,
participant_19,4,day,Town10HD_Opt,2026-03-16 15:48:05.142025,-13.949742317199709,-67.9142837524414,0.0019194411579519,0.0,0.056,0.0,0.0,0,0,1,,0.963,2026-03-16T15:48:05.142025,neutral,0.951,2026-03-16T15:48:03.149808,0.3851201936541591,2026-03-16T15:48:06.031000,72,,,
participant_19,4,day,Town10HD_Opt,2026-03-16 15:48:06.010533,-13.955854415893556,-67.91445922851562,0.0019175338093191,0.072,0.068,0.05,0.0,0,0,1,,0.83,2026-03-16T15:48:06.010533,neutral,0.935,2026-03-16T15:48:06.010533,0.3313455965343387,2026-03-16T15:48:06.031000,68,,,
participant_19,4,day,Town10HD_Opt,2026-03-16 15:48:07.134476,-13.9805908203125,-67.91539001464844,0.0019139099167659,0.217,0.073,0.073,0.0,0,0,1,,0.956,2026-03-16T15:48:07.134476,neutral,0.935,2026-03-16T15:48:06.010533,0.4571643367984542,2026-03-16T15:48:07.247000,70,,,
participant_19,4,day,Town10HD_Opt,2026-03-16 15:48:08.227226,-14.090672492980955,-67.91946411132812,0.0019121170043945,0.721,0.073,0.0,0.0,0,0,1,,0.957,2026-03-16T15:48:08.227226,neutral,0.984,2026-03-16T15:48:08.227226,0.4160487899100007,2026-03-16T15:48:09.092000,65,,,
participant_19,4,day,Town10HD_Opt,2026-03-16 15:48:09.052253,-14.202570915222168,-67.9236068725586,0.0019238662207499,0.556,0.073,0.0,0.0,0,0,1,,0.973,2026-03-16T15:48:09.052253,neutral,0.984,2026-03-16T15:48:08.227226,0.4454538837369615,2026-03-16T15:48:09.991000,70,,,
participant_19,4,day,Town10HD_Opt,2026-03-16 15:48:10.197662,-14.32011890411377,-67.92801666259766,0.0018736267229542,1.506,0.073,0.458,0.0,0,0,1,,0.838,2026-03-16T15:48:10.197662,neutral,0.984,2026-03-16T15:48:08.227226,0.4915647050775873,2026-03-16T15:48:11.071000,68,,,
participant_19,4,day,Town10HD_Opt,2026-03-16 15:48:11.094915,-15.033575057983398,-67.95467376708984,0.0017102813581004,7.46,0.073,0.37,0.0,0,0,1,,0.972,2026-03-16T15:48:11.094915,neutral,0.978,2026-03-16T15:48:11.094915,0.4742397384574287,2026-03-16T15:48:12.017000,71,,,
participant_19,4,day,Town10HD_Opt,2026-03-16 15:48:11.991883,-16.67597007751465,-68.017822265625,0.0017932510236278,11.429,0.073,0.365,0.0,0,0,1,,0.919,2026-03-16T15:48:11.991883,neutral,0.978,2026-03-16T15:48:11.094915,0.4732948606465634,2026-03-16T15:48:12.017000,70,,,
participant_19,4,day,Town10HD_Opt,2026-03-16 15:48:13.097759,-19.605287551879883,-68.13399505615234,0.0019893264397978,11.604,0.045,0.0,0.0,0,0,1,,0.919,2026-03-16T15:48:13.097759,neutral,0.919,2026-03-16T15:48:13.097759,0.4997697389376307,2026-03-16T15:48:13.052000,71,,,
participant_19,4,day,Town10HD_Opt,2026-03-16 15:48:14.207785,-21.91611862182617,-68.22711181640625,0.0019969176501035,8.159,0.045,0.0,0.0,0,0,1,,0.949,2026-03-16T15:48:14.207785,neutral,0.919,2026-03-16T15:48:13.097759,0.5204193765181772,2026-03-16T15:48:15.077000,70,,,
participant_19,4,day,Town10HD_Opt,2026-03-16 15:48:15.088240,-23.18074607849121,-68.27861785888672,0.0019935225136578,6.05,0.04,0.091,0.0,0,0,1,,0.964,2026-03-16T15:48:15.088240,neutral,0.919,2026-03-16T15:48:13.097759,0.5146004650943544,2026-03-16T15:48:15.077000,68,,,
participant_19,4,day,Town10HD_Opt,2026-03-16 15:48:16.221961,-24.825910568237305,-68.3460693359375,0.0016921615460887,11.367,0.035,0.783,0.0,0,0,1,,0.953,2026-03-16T15:48:16.221961,neutral,0.963,2026-03-16T15:48:16.221961,0.5450792707124051,2026-03-16T15:48:17.057000,65,Solid line crossing,Solid line crossing,
participant_19,4,day,Town10HD_Opt,2026-03-16 15:48:17.073351,-27.682315826416016,-68.4642333984375,0.0018482588930055,22.038,0.014,0.84,0.0,0,0,1,,0.956,2026-03-16T15:48:17.073351,neutral,0.963,2026-03-16T15:48:16.221961,0.5055519948818757,2026-03-16T15:48:18.002000,62,,,errors=Red light violation
participant_19,4,day,Town10HD_Opt,2026-03-16 15:48:18.212305,-34.364234924316406,-68.69242858886719,0.0016718673286959,36.783,-0.557,0.789,0.0,0,0,1,,0.937,2026-03-16T15:48:18.212305,neutral,0.963,2026-03-16T15:48:16.221961,0.4757768032770465,2026-03-16T15:48:18.002000,63,,,
participant_19,4,day,Town10HD_Opt,2026-03-16 15:48:19.118479,-41.0664291381836,-68.80657196044922,0.0021972274407744,35.737,-0.407,0.0,0.0,0,0,1,,0.934,2026-03-16T15:48:19.118479,neutral,0.988,2026-03-16T15:48:19.118479,0.5286037713597074,2026-03-16T15:48:19.982000,65,,,
participant_19,4,day,Town10HD_Opt,2026-03-16 15:48:19.991470,-46.64524459838867,-68.83378601074219,0.0023117065429687,27.778,-0.27,0.0,0.27,0,0,1,,0.953,2026-03-16T15:48:19.991470,neutral,0.988,2026-03-16T15:48:19.118479,0.5029691603820802,2026-03-16T15:48:19.982000,65,,,errors=Harsh braking
participant_19,4,day,Town10HD_Opt,2026-03-16 15:48:21.116937,-50.38047790527344,-68.826904296875,0.0026611709035933,0.002,-0.308,0.0,1.0,0,0,1,,1.0,2026-03-16T15:48:21.116937,neutral,0.988,2026-03-16T15:48:19.118479,0.5545305917969606,2026-03-16T15:48:22.007000,66,,,
participant_19,4,day,Town10HD_Opt,2026-03-16 15:48:22.217038,-50.381961822509766,-68.82689666748047,0.0019270705524832,0.002,-0.305,0.0,0.0,0,0,1,,0.93,2026-03-16T15:48:22.217038,neutral,0.904,2026-03-16T15:48:22.217038,0.6032562750899769,2026-03-16T15:48:23.132000,64,,,
participant_19,4,day,Town10HD_Opt,2026-03-16 15:48:23.049604,-50.38149642944336,-68.82691192626953,0.0019184494158253,0.138,-0.143,0.015,0.0,0,0,1,,0.977,2026-03-16T15:48:23.049604,neutral,0.904,2026-03-16T15:48:22.217038,0.6168071619270573,2026-03-16T15:48:23.132000,68,,,
participant_19,4,day,Town10HD_Opt,2026-03-16 15:48:24.189322,-50.39620590209961,-68.82691192626953,0.0019224929856136,0.154,0.063,0.043,0.0,0,0,1,,0.969,2026-03-16T15:48:24.189322,neutral,0.904,2026-03-16T15:48:22.217038,0.5047522956202618,2026-03-16T15:48:24.977000,64,,,
participant_19,4,day,Town10HD_Opt,2026-03-16 15:48:25.035039,-50.41397476196289,-68.82691192626953,0.00191635126248,0.166,0.063,0.0,0.0,0,0,1,,0.952,2026-03-16T15:48:25.035039,neutral,0.964,2026-03-16T15:48:25.035039,0.5833776538696751,2026-03-16T15:48:24.977000,63,,,
participant_19,4,day,Town10HD_Opt,2026-03-16 15:48:26.120854,-50.44636535644531,-68.826904296875,0.0019200133392587,0.118,0.005,0.0,0.0,0,0,1,,0.941,2026-03-16T15:48:26.120854,neutral,0.964,2026-03-16T15:48:25.035039,0.6305398743037605,2026-03-16T15:48:26.016000,63,,,
participant_19,4,day,Town10HD_Opt,2026-03-16 15:48:27.199845,-50.46916961669922,-68.826904296875,0.0019197082147002,0.084,0.047,0.0,0.0,0,0,1,,0.949,2026-03-16T15:48:27.199845,neutral,0.954,2026-03-16T15:48:27.199845,0.5813211490020398,2026-03-16T15:48:28.036000,66,,,
participant_19,4,day,Town10HD_Opt,2026-03-16 15:48:28.023805,-50.481712341308594,-68.826904296875,0.0019195555942133,0.065,0.047,0.023,0.0,0,0,1,,0.942,2026-03-16T15:48:28.023805,neutral,0.954,2026-03-16T15:48:27.199845,0.6211549065325493,2026-03-16T15:48:28.036000,65,,,
participant_19,4,day,Town10HD_Opt,2026-03-16 15:48:29.121105,-50.54180145263672,-68.82689666748047,0.0019186401041224,0.341,0.078,0.0,0.0,0,0,1,,0.978,2026-03-16T15:48:29.121105,neutral,0.954,2026-03-16T15:48:27.199845,0.6613523519095342,2026-03-16T15:48:30.018000,66,,,
participant_19,4,day,Town10HD_Opt,2026-03-16 15:48:30.189254,-50.60905075073242,-68.82688903808594,0.0019212722545489,0.237,0.078,0.0,0.0,0,0,1,,0.952,2026-03-16T15:48:30.189254,neutral,0.951,2026-03-16T15:48:30.189254,0.7415571016394881,2026-03-16T15:48:31.097000,68,,,
participant_19,4,day,Town10HD_Opt,2026-03-16 15:48:31.010761,-50.64601135253906,-68.8268814086914,0.0019207381410524,0.186,0.078,0.0,0.0,0,0,1,,0.966,2026-03-16T15:48:31.010761,neutral,0.951,2026-03-16T15:48:30.189254,0.7398384113953815,2026-03-16T15:48:31.097000,66,,,
participant_19,4,day,Town10HD_Opt,2026-03-16 15:48:32.123722,-50.68230438232422,-68.8268814086914,0.0019202422117814,0.132,0.078,0.0,0.0,0,0,1,,0.946,2026-03-16T15:48:32.123722,neutral,0.951,2026-03-16T15:48:30.189254,0.7898200792307851,2026-03-16T15:48:32.042000,71,,,
participant_19,4,day,Town10HD_Opt,2026-03-16 15:48:33.195099,-50.70783615112305,-68.82687377929688,0.0019198226509615,0.094,0.078,0.0,0.0,0,0,1,,0.95,2026-03-16T15:48:33.195099,neutral,0.987,2026-03-16T15:48:33.195099,0.9564485235190816,2026-03-16T15:48:33.977000,67,,,
participant_19,4,day,Town10HD_Opt,2026-03-16 15:48:34.081200,-50.73765182495117,-68.82666015625,0.0018494033720344,1.666,0.078,0.653,0.0,0,0,1,,0.944,2026-03-16T15:48:34.081200,neutral,0.987,2026-03-16T15:48:33.195099,0.9307217810754363,2026-03-16T15:48:33.977000,69,,,
participant_19,4,day,Town10HD_Opt,2026-03-16 15:48:35.177086,-52.49782943725586,-68.8222885131836,0.0016092681325972,13.849,0.078,0.59,0.0,0,0,1,,0.937,2026-03-16T15:48:35.177086,neutral,0.987,2026-03-16T15:48:33.195099,0.9838451260899758,2026-03-16T15:48:36.047000,65,,,
participant_19,4,day,Town10HD_Opt,2026-03-16 15:48:36.001367,-55.48854446411133,-68.81629180908203,0.0020112609490752,19.201,0.078,0.56,0.0,0,0,1,,0.919,2026-03-16T15:48:36.001367,neutral,0.987,2026-03-16T15:48:36.001367,0.99,2026-03-16T15:48:36.047000,65,,,
participant_19,4,day,Town10HD_Opt,2026-03-16 15:48:37.124239,-60.55523681640625,-68.81403350830078,0.001930808997713,24.281,0.078,0.441,0.0,0,0,1,,0.957,2026-03-16T15:48:37.124239,neutral,0.987,2026-03-16T15:48:36.001367,0.99,2026-03-16T15:48:37.982000,63,,,
participant_19,4,day,Town10HD_Opt,2026-03-16 15:48:38.222579,-66.36921691894531,-68.82391357421875,0.002075805561617,24.458,0.068,0.209,0.0,0,0,1,,0.955,2026-03-16T15:48:38.222579,neutral,0.982,2026-03-16T15:48:38.222579,0.99,2026-03-16T15:48:39.107000,66,,,
participant_19,4,day,Town10HD_Opt,2026-03-16 15:48:39.035316,-70.42709350585938,-68.8374252319336,0.0021397017408162,21.74,-0.026,0.178,0.0,0,0,1,,0.97,2026-03-16T15:48:39.035316,neutral,0.982,2026-03-16T15:48:38.222579,0.99,2026-03-16T15:48:39.107000,65,,,
participant_19,4,day,Town10HD_Opt,2026-03-16 15:48:40.196333,-75.02690887451172,-68.80599212646484,0.0020917130168527,18.181,-2.81,0.183,0.0,0,0,1,,0.942,2026-03-16T15:48:40.196333,neutral,0.982,2026-03-16T15:48:38.222579,0.99,2026-03-16T15:48:41.043000,67,,,errors=Solid line crossing
participant_19,4,day,Town10HD_Opt,2026-03-16 15:48:41.025375,-78.1494369506836,-68.52897644042969,0.0019108580891042,17.767,-8.751,0.278,0.0,0,0,1,,0.92,2026-03-16T15:48:41.025375,neutral,0.956,2026-03-16T15:48:41.025375,0.99,2026-03-16T15:48:41.043000,68,,,
participant_19,4,day,Town10HD_Opt,2026-03-16 15:48:42.175997,-82.20488739013672,-67.46460723876953,0.0020314024295657,18.162,-8.761,0.299,0.0,0,0,1,,0.962,2026-03-16T15:48:42.175997,neutral,0.956,2026-03-16T15:48:41.025375,0.9857766281867364,2026-03-16T15:48:42.977000,66,,,
participant_19,4,day,Town10HD_Opt,2026-03-16 15:48:42.997833,-85.11618041992188,-66.1972885131836,0.0020491408649832,18.015,-5.125,0.299,0.0,0,0,1,,0.958,2026-03-16T15:48:42.997833,neutral,0.956,2026-03-16T15:48:41.025375,0.99,2026-03-16T15:48:42.977000,64,,,
participant_19,4,day,Town10HD_Opt,2026-03-16 15:48:44.150764,-88.83932495117188,-64.17412567138672,0.0020220566075295,18.281,-4.631,0.301,0.0,0,0,1,,0.911,2026-03-16T15:48:44.150764,neutral,0.919,2026-03-16T15:48:44.150764,0.99,2026-03-16T15:48:45.093000,64,,,
participant_19,4,day,Town10HD_Opt,2026-03-16 15:48:45.013653,-91.49864959716795,-62.41371536254883,0.0020349503029137,18.466,-4.445,0.505,0.0,0,0,1,,0.959,2026-03-16T15:48:45.013653,neutral,0.919,2026-03-16T15:48:44.150764,0.9619558323649554,2026-03-16T15:48:45.093000,63,,,
participant_19,4,day,Town10HD_Opt,2026-03-16 15:48:46.146061,-95.21925354003906,-59.43647003173828,0.0019544218666851,22.458,-4.442,0.455,0.0,0,0,1,,0.979,2026-03-16T15:48:46.146061,neutral,0.919,2026-03-16T15:48:44.150764,0.99,2026-03-16T15:48:45.093000,63,,,
participant_19,4,day,Town10HD_Opt,2026-03-16 15:48:47.010106,-98.18659210205078,-56.56222915649414,0.0019629287999123,24.976,-3.262,0.455,0.0,0,0,1,,0.977,2026-03-16T15:48:47.010106,neutral,0.987,2026-03-16T15:48:47.010106,0.9764459970614572,2026-03-16T15:48:47.523000,69,,,
participant_19,4,day,Town10HD_Opt,2026-03-16 15:48:48.173998,-102.20963287353516,-51.923377990722656,0.0019891357515007,27.614,-3.349,0.41,0.0,0,0,1,,0.963,2026-03-16T15:48:48.173998,neutral,0.987,2026-03-16T15:48:47.010106,0.9594097575839372,2026-03-16T15:48:49.097000,68,,,
participant_19,4,day,Town10HD_Opt,2026-03-16 15:48:49.036925,-105.06620025634766,-47.95277404785156,0.0020352171268314,28.092,-3.078,0.346,0.0,0,0,1,,0.966,2026-03-16T15:48:49.036925,angry,0.819,2026-03-16T15:48:49.036925,0.99,2026-03-16T15:48:49.097000,70,,,
participant_19,4,day,Town10HD_Opt,2026-03-16 15:48:50.188559,-108.35044860839844,-42.39642333984375,0.0020829008426517,26.903,-3.74,0.281,0.0,0,0,1,,0.949,2026-03-16T15:48:50.188559,angry,0.819,2026-03-16T15:48:49.036925,0.99,2026-03-16T15:48:50.089000,72,,,
participant_19,4,day,Town10HD_Opt,2026-03-16 15:48:51.059457,-110.21656036376952,-38.39085006713867,0.0022240446414798,22.237,-4.192,0.0,0.0,0,0,1,,0.941,2026-03-16T15:48:51.059457,neutral,0.963,2026-03-16T15:48:51.059457,0.99,2026-03-16T15:48:51.212000,69,,,
participant_19,4,day,Town10HD_Opt,2026-03-16 15:48:52.212304,-111.59029388427734,-34.22536849975586,0.0020055389031767,15.931,-9.385,0.2,0.0,0,0,1,,0.958,2026-03-16T15:48:52.212304,neutral,0.963,2026-03-16T15:48:51.059457,0.959118506716774,2026-03-16T15:48:53.012000,70,,,
participant_19,4,day,Town10HD_Opt,2026-03-16 15:48:53.083845,-111.9585418701172,-31.438968658447266,0.0018565750215202,17.384,-10.567,0.492,0.0,0,0,1,,0.91,2026-03-16T15:48:53.083845,neutral,0.975,2026-03-16T15:48:53.083845,0.99,2026-03-16T15:48:54.002000,68,,,
participant_19,4,day,Town10HD_Opt,2026-03-16 15:48:54.259015,-111.78557586669922,-27.07372093200684,0.0019733428489416,20.272,-4.129,0.444,0.0,0,0,1,,0.908,2026-03-16T15:48:54.259015,neutral,0.975,2026-03-16T15:48:53.083845,0.9781598659435724,2026-03-16T15:48:54.991000,68,,,
participant_19,4,day,Town10HD_Opt,2026-03-16 15:48:55.218807,-111.40399169921876,-23.425710678100582,0.0021062849555164,19.878,-0.176,0.0,0.067,0,0,1,,0.908,2026-03-16T15:48:55.218807,neutral,0.956,2026-03-16T15:48:55.218807,0.99,2026-03-16T15:48:55.982000,69,,,
participant_19,4,day,Town10HD_Opt,2026-03-16 15:48:56.131464,-111.10112762451172,-20.431928634643555,0.0020852661691606,13.722,0.357,0.0,0.335,0,0,1,,0.942,2026-03-16T15:48:56.131464,neutral,0.956,2026-03-16T15:48:55.218807,0.9401516899636888,2026-03-16T15:48:57.018000,69,,,
participant_19,4,day,Town10HD_Opt,2026-03-16 15:48:57.010707,-110.91455078125,-18.477399826049805,0.0020890808664262,8.383,0.355,0.0,0.314,0,0,1,,0.942,2026-03-16T15:48:57.010707,neutral,0.956,2026-03-16T15:48:55.218807,0.99,2026-03-16T15:48:57.018000,70,,,
participant_19,4,day,Town10HD_Opt,2026-03-16 15:48:58.177764,-110.83546447753906,-17.624584197998047,0.0020245742052793,0.0,0.322,0.0,0.68,0,0,1,,0.941,2026-03-16T15:48:58.177764,neutral,0.973,2026-03-16T15:48:58.177764,0.9751506821289326,2026-03-16T15:48:59.087000,68,,,
participant_19,4,day,Town10HD_Opt,2026-03-16 15:48:59.080204,-110.83544921875,-17.624412536621094,0.0019232940394431,0.001,0.261,0.0,0.0,0,0,1,,0.871,2026-03-16T15:48:59.080204,neutral,0.973,2026-03-16T15:48:58.177764,0.99,2026-03-16T15:48:59.987000,69,,,
participant_19,4,day,Town10HD_Opt,2026-03-16 15:49:00.197938,-110.83544921875,-17.624401092529297,0.0019191741012036,0.001,2.083,0.0,0.0,0,0,1,,0.92,2026-03-16T15:49:00.197938,neutral,0.915,2026-03-16T15:49:00.197938,0.99,2026-03-16T15:49:01.022000,65,,,
participant_19,4,day,Town10HD_Opt,2026-03-16 15:49:01.068293,-110.83544921875,-17.624401092529297,0.001919021597132,0.001,1.805,0.0,0.0,0,0,1,,0.953,2026-03-16T15:49:01.068293,neutral,0.915,2026-03-16T15:49:00.197938,0.9506054331438174,2026-03-16T15:49:02.012000,67,,,errors=Vehicle collision
participant_19,4,day,Town10HD_Opt,2026-03-16 15:49:02.183063,-110.83547973632812,-17.623641967773438,0.0018996428698301,0.001,1.81,0.0,0.0,0,0,1,,0.962,2026-03-16T15:49:02.183063,neutral,0.915,2026-03-16T15:49:00.197938,0.8905763811892224,2026-03-16T15:49:03.092000,65,,,
participant_19,4,day,Town10HD_Opt,2026-03-16 15:49:03.028126,-110.83548736572266,-17.623626708984375,0.0019188307924196,0.001,1.81,0.0,0.0,0,0,1,,0.901,2026-03-16T15:49:03.028126,neutral,0.819,2026-03-16T15:49:03.028126,0.9331833762320618,2026-03-16T15:49:03.092000,66,,,
participant_19,4,day,Town10HD_Opt,2026-03-16 15:49:04.146783,-110.83548736572266,-17.623624801635742,0.001919021597132,0.001,1.81,0.0,0.0,0,0,1,,0.956,2026-03-16T15:49:04.146783,neutral,0.819,2026-03-16T15:49:03.028126,0.9222098734420834,2026-03-16T15:49:05.027000,68,,,
participant_19,4,day,Town10HD_Opt,2026-03-16 15:49:05.016203,-110.83548736572266,-17.623624801635742,0.0019189834129065,0.001,1.81,0.0,0.0,0,0,1,,0.909,2026-03-16T15:49:05.016203,neutral,0.819,2026-03-16T15:49:03.028126,0.912312655689558,2026-03-16T15:49:05.027000,68,,,
participant_19,4,day,Town10HD_Opt,2026-03-16 15:49:06.156603,-110.83548736572266,-17.623624801635742,0.0019189834129065,0.001,1.81,0.0,0.0,0,0,1,,0.944,2026-03-16T15:49:06.156603,neutral,0.946,2026-03-16T15:49:06.156603,0.8400997040057346,2026-03-16T15:49:06.020000,69,,,
participant_19,4,day,Town10HD_Opt,2026-03-16 15:49:07.033138,-110.83548736572266,-17.623626708984375,0.0019188689766451,0.001,1.81,0.0,0.0,0,0,1,,0.963,2026-03-16T15:49:07.033138,neutral,0.946,2026-03-16T15:49:06.156603,0.8190776866202178,2026-03-16T15:49:07.145000,69,,,
participant_19,4,day,Town10HD_Opt,2026-03-16 15:49:08.277943,-110.83548736572266,-17.623626708984375,0.0019189071608707,0.001,1.81,0.0,0.0,0,0,1,,0.955,2026-03-16T15:49:08.277943,neutral,0.986,2026-03-16T15:49:08.277943,0.8127972253927049,2026-03-16T15:49:08.988000,64,,,
participant_19,4,day,Town10HD_Opt,2026-03-16 15:49:09.199545,-110.83548736572266,-17.623626708984375,0.0019188307924196,0.001,1.81,0.0,0.0,0,0,1,,0.94,2026-03-16T15:49:09.199545,neutral,0.986,2026-03-16T15:49:08.277943,0.7809101300897109,2026-03-16T15:49:10.157000,61,,,
participant_19,4,day,Town10HD_Opt,2026-03-16 15:49:10.035999,-110.83548736572266,-17.623624801635742,0.0019189834129065,0.001,1.786,0.0,0.0,0,0,1,,0.869,2026-03-16T15:49:10.035999,neutral,0.986,2026-03-16T15:49:08.277943,0.8299888251348617,2026-03-16T15:49:10.157000,63,,,
participant_19,4,day,Town10HD_Opt,2026-03-16 15:49:11.182775,-110.83548736572266,-17.623624801635742,0.0019189452286809,0.001,1.777,0.0,0.0,0,0,1,,0.974,2026-03-16T15:49:11.182775,neutral,0.929,2026-03-16T15:49:11.182775,0.8883670633922445,2026-03-16T15:49:11.102000,64,,,
participant_19,4,day,Town10HD_Opt,2026-03-16 15:49:12.054219,-110.83548736572266,-17.623624801635742,0.0019189452286809,0.001,1.424,0.0,0.0,0,0,1,reach_back,0.839,2026-03-16T15:49:12.054219,neutral,0.929,2026-03-16T15:49:11.182775,0.8033465050457984,2026-03-16T15:49:12.993000,67,,,
participant_19,4,day,Town10HD_Opt,2026-03-16 15:49:13.195189,-110.83548736572266,-17.623624801635742,0.001919021597132,0.001,1.518,0.0,0.0,0,0,1,,0.902,2026-03-16T15:49:13.195189,neutral,0.969,2026-03-16T15:49:13.195189,0.8294219195548559,2026-03-16T15:49:14.072000,73,,,
participant_19,4,day,Town10HD_Opt,2026-03-16 15:49:14.061067,-110.83548736572266,-17.623626708984375,0.0019188307924196,0.001,1.518,0.0,0.0,0,0,1,,0.921,2026-03-16T15:49:14.061067,neutral,0.969,2026-03-16T15:49:13.195189,0.8827452306310967,2026-03-16T15:49:15.018000,74,,,
participant_19,4,day,Town10HD_Opt,2026-03-16 15:49:15.181638,-110.83548736572266,-17.623624801635742,0.0019189452286809,0.001,1.485,0.0,0.0,0,0,1,,0.885,2026-03-16T15:49:15.181638,neutral,0.969,2026-03-16T15:49:13.195189,0.7600273227988059,2026-03-16T15:49:16.098000,77,,,
participant_19,4,day,Town10HD_Opt,2026-03-16 15:49:16.047790,-110.83548736572266,-17.623626708984375,0.0019189834129065,0.001,1.485,0.0,0.0,0,0,1,,0.917,2026-03-16T15:49:16.047790,neutral,0.995,2026-03-16T15:49:16.047790,0.7137474790705988,2026-03-16T15:49:16.997000,78,,,
participant_19,4,day,Town10HD_Opt,2026-03-16 15:49:17.179384,-110.81989288330078,-17.43812370300293,0.0017063902923837,4.741,1.314,0.722,0.0,0,0,1,,0.935,2026-03-16T15:49:17.179384,neutral,0.995,2026-03-16T15:49:16.047790,0.702030524631045,2026-03-16T15:49:18.033000,79,,,
participant_19,4,day,Town10HD_Opt,2026-03-16 15:49:18.103126,-110.69271087646484,-15.75461769104004,0.0015750502934679,15.389,1.448,0.688,0.0,0,0,1,,0.917,2026-03-16T15:49:18.103126,neutral,0.923,2026-03-16T15:49:18.103126,0.7651047440437555,2026-03-16T15:49:18.033000,81,,,
participant_19,4,day,Town10HD_Opt,2026-03-16 15:49:19.253392,-110.53395080566406,-11.72917938232422,0.0019824600312858,15.803,3.881,0.0,0.0,0,0,1,,1.0,2026-03-16T15:49:19.253392,neutral,0.923,2026-03-16T15:49:18.103126,0.572758388391039,2026-03-16T15:49:20.013000,78,,,
participant_19,4,day,Town10HD_Opt,2026-03-16 15:49:20.169538,-110.62095642089844,-9.270903587341309,0.0020299910102039,12.306,4.735,0.146,0.0,0,0,1,,1.0,2026-03-16T15:49:20.169538,neutral,0.996,2026-03-16T15:49:20.169538,0.6016392932337957,2026-03-16T15:49:21.048000,69,,,
participant_19,4,day,Town10HD_Opt,2026-03-16 15:49:21.075362,-110.81443786621094,-7.103076457977295,0.0018523024627938,13.66,0.618,0.431,0.0,0,0,1,,0.937,2026-03-16T15:49:21.075362,neutral,0.996,2026-03-16T15:49:20.169538,0.473106193096815,2026-03-16T15:49:21.993000,65,,,
participant_19,4,day,Town10HD_Opt,2026-03-16 15:49:22.248660,-111.03341674804688,-3.346644878387451,0.0020657347049564,18.167,-2.687,0.428,0.0,0,0,1,,0.876,2026-03-16T15:49:22.248660,happy,0.853,2026-03-16T15:49:22.248660,0.5798135982955809,2026-03-16T15:49:23.027000,64,,,
participant_19,4,day,Town10HD_Opt,2026-03-16 15:49:23.115636,-111.0649871826172,-0.0672240406274795,0.0019803238101303,19.803,-1.852,0.42,0.0,0,0,1,,0.962,2026-03-16T15:49:23.115636,happy,0.853,2026-03-16T15:49:22.248660,0.3854037867939962,2026-03-16T15:49:23.027000,63,,,
participant_19,4,day,Town10HD_Opt,2026-03-16 15:49:23.997257,-110.9822235107422,3.5650956630706787,0.0019825361669063,21.666,-2.177,0.411,0.0,0,0,1,,0.84,2026-03-16T15:49:23.997257,happy,0.853,2026-03-16T15:49:22.248660,0.4399728509875328,2026-03-16T15:49:24.197000,59,,,
participant_19,4,day,Town10HD_Opt,2026-03-16 15:49:25.139704,-110.56986236572266,8.869346618652344,0.0019940184429287,23.89,-3.752,0.411,0.0,0,0,1,,0.815,2026-03-16T15:49:25.139704,neutral,0.974,2026-03-16T15:49:25.139704,0.3263981053941006,2026-03-16T15:49:25.052000,61,,,
participant_19,4,day,Town10HD_Opt,2026-03-16 15:49:26.013727,-109.80355072021484,13.089163780212402,0.0020061873365193,25.195,-7.898,0.391,0.0,0,0,1,,0.915,2026-03-16T15:49:26.013727,neutral,0.974,2026-03-16T15:49:25.139704,0.4247611689845393,2026-03-16T15:49:26.538000,62,,,
participant_19,4,day,Town10HD_Opt,2026-03-16 15:49:27.190111,-107.53948211669922,18.19770050048828,0.0021824263967573,21.537,-13.068,0.097,0.0,0,0,1,,0.918,2026-03-16T15:49:27.190111,neutral,0.981,2026-03-16T15:49:27.190111,0.3536851049569686,2026-03-16T15:49:28.022000,59,,,
participant_19,4,day,Town10HD_Opt,2026-03-16 15:49:28.096997,-105.34256744384766,20.76347923278809,0.0019570540171116,17.158,-12.815,0.0,0.0,0,0,1,,0.871,2026-03-16T15:49:28.096997,neutral,0.981,2026-03-16T15:49:27.190111,0.341127440837215,2026-03-16T15:49:29.012000,57,,,
participant_19,4,day,Town10HD_Opt,2026-03-16 15:49:28.997584,-103.16645050048828,22.39298439025879,0.0019501113565638,15.231,-13.243,0.296,0.0,0,0,1,,0.861,2026-03-16T15:49:28.997584,neutral,0.981,2026-03-16T15:49:27.190111,0.3565307084504032,2026-03-16T15:49:29.012000,60,,,
participant_19,4,day,Town10HD_Opt,2026-03-16 15:49:30.207489,-99.80545806884766,23.92901611328125,0.001898803631775,16.583,-12.047,0.283,0.0,0,0,1,,1.0,2026-03-16T15:49:30.207489,neutral,0.973,2026-03-16T15:49:30.207489,0.3648330121235622,2026-03-16T15:49:30.992000,58,Vehicle-pedestrian collision,Vehicle-pedestrian collision,
participant_19,4,day,Town10HD_Opt,2026-03-16 15:49:31.157281,-96.978515625,24.658483505249023,0.0019586181733757,16.081,-6.507,0.101,0.0,0,0,1,,0.946,2026-03-16T15:49:31.157281,neutral,0.973,2026-03-16T15:49:30.207489,0.3038815238707757,2026-03-16T15:49:31.982000,58,,,
participant_19,4,day,Town10HD_Opt,2026-03-16 15:49:32.120157,-94.33914184570312,25.103893280029297,0.0019491576822474,14.866,-3.766,0.257,0.0,0,0,1,,1.0,2026-03-16T15:49:32.120157,neutral,0.973,2026-03-16T15:49:30.207489,0.2975920825300394,2026-03-16T15:49:33.018000,59,,,
participant_19,4,day,Town10HD_Opt,2026-03-16 15:49:33.066394,-91.71247863769533,25.525110244750977,0.001895027118735,15.643,5.163,0.27,0.0,0,0,1,,0.933,2026-03-16T15:49:33.066394,angry,0.453,2026-03-16T15:49:33.066394,0.2833090274608358,2026-03-16T15:49:33.018000,59,,,
participant_19,4,day,Town10HD_Opt,2026-03-16 15:49:34.275807,-88.12738800048828,26.602996826171875,0.0019024658249691,16.55,8.778,0.269,0.0,0,0,1,,0.902,2026-03-16T15:49:34.275807,angry,0.453,2026-03-16T15:49:33.066394,0.3466981314876426,2026-03-16T15:49:34.997000,57,,,
participant_19,4,day,Town10HD_Opt,2026-03-16 15:49:35.226833,-85.44769287109375,27.807085037231445,0.0019032668787986,17.069,0.437,0.265,0.0,0,0,1,,1.0,2026-03-16T15:49:35.226833,neutral,0.981,2026-03-16T15:49:35.226833,0.3555006755066211,2026-03-16T15:49:36.077000,57,,,errors=Solid line crossing
participant_19,4,day,Town10HD_Opt,2026-03-16 15:49:36.209196,-82.58938598632812,28.65790557861328,0.0019311904907226,17.258,-18.694,0.264,0.0,0,0,1,,1.0,2026-03-16T15:49:36.209196,neutral,0.981,2026-03-16T15:49:35.226833,0.3353433966816902,2026-03-16T15:49:37.022000,58,,,
participant_19,4,day,Town10HD_Opt,2026-03-16 15:49:37.218211,-79.55581665039062,28.82145500183105,0.0019160461379215,17.529,-4.997,0.255,0.0,0,0,1,,0.836,2026-03-16T15:49:37.218211,neutral,0.981,2026-03-16T15:49:35.226833,0.4164466767956301,2026-03-16T15:49:38.012000,58,,,
participant_19,4,day,Town10HD_Opt,2026-03-16 15:49:38.132190,-76.47640991210938,28.76484107971192,0.0019128418061882,17.734,-3.158,0.272,0.0,0,0,1,,0.949,2026-03-16T15:49:38.132190,happy,0.967,2026-03-16T15:49:38.132190,0.3327178571519257,2026-03-16T15:49:39.002000,58,,,errors=Solid line crossing
participant_19,4,day,Town10HD_Opt,2026-03-16 15:49:39.046717,-73.34596252441406,28.586366653442383,0.0018997192382812,17.983,-1.166,0.193,0.0,0,0,1,,0.948,2026-03-16T15:49:39.046717,happy,0.967,2026-03-16T15:49:38.132190,0.3223777031386976,2026-03-16T15:49:39.992000,60,,,
participant_19,4,day,Town10HD_Opt,2026-03-16 15:49:40.260533,-69.66500854492188,28.37959671020508,0.0020417021587491,13.052,1.967,0.0,0.0,0,0,1,,0.925,2026-03-16T15:49:40.260533,neutral,0.89,2026-03-16T15:49:40.260533,0.3156970678281884,2026-03-16T15:49:40.982000,59,,,
participant_19,4,day,Town10HD_Opt,2026-03-16 15:49:41.196364,-67.42443084716797,28.33313369750977,0.0017996215028688,14.826,2.148,0.519,0.0,0,0,1,,1.0,2026-03-16T15:49:41.196364,neutral,0.89,2026-03-16T15:49:40.260533,0.3044743696341773,2026-03-16T15:49:42.152000,58,,,
participant_19,4,day,Town10HD_Opt,2026-03-16 15:49:42.168987,-64.4496078491211,28.354949951171875,0.0020684050396084,18.448,2.078,0.519,0.0,0,0,1,,0.897,2026-03-16T15:49:42.168987,neutral,0.89,2026-03-16T15:49:40.260533,0.3089541918731642,2026-03-16T15:49:43.008000,58,Harsh braking,decel_mps2=5.7,
participant_19,4,day,Town10HD_Opt,2026-03-16 15:49:43.088372,-60.960697174072266,28.476783752441406,0.0019172286847606,22.135,-0.336,0.5,0.0,0,0,1,,0.888,2026-03-16T15:49:43.088372,neutral,0.986,2026-03-16T15:49:43.088372,0.2896376242613804,2026-03-16T15:49:43.998000,62,,,
participant_19,4,day,Town10HD_Opt,2026-03-16 15:49:44.006516,-56.80263900756836,28.604108810424805,0.0019261550623923,25.744,-0.759,0.5,0.0,0,0,1,,0.869,2026-03-16T15:49:44.006516,neutral,0.986,2026-03-16T15:49:43.088372,0.4475721566786118,2026-03-16T15:49:43.998000,57,,,
participant_19,4,day,Town10HD_Opt,2026-03-16 15:49:45.198233,-50.33610916137695,28.69482612609864,0.0019430541433393,29.933,-0.423,0.5,0.0,0,0,1,,0.817,2026-03-16T15:49:45.198233,neutral,0.973,2026-03-16T15:49:45.198233,0.4081525420804904,2026-03-16T15:49:46.113000,61,,,
participant_19,4,day,Town10HD_Opt,2026-03-16 15:49:46.105577,-44.88222122192383,28.69111061096192,0.0019548416603356,32.647,-0.543,0.5,0.0,0,0,1,,1.0,2026-03-16T15:49:46.105577,neutral,0.973,2026-03-16T15:49:45.198233,0.279560054710446,2026-03-16T15:49:47.012000,64,,,
participant_19,4,day,Town10HD_Opt,2026-03-16 15:49:47.049216,-38.97990036010742,28.61581993103028,0.0019655989017337,34.905,-0.545,0.5,0.0,0,0,1,,0.9,2026-03-16T15:49:47.049216,neutral,0.973,2026-03-16T15:49:45.198233,0.4052073405740498,2026-03-16T15:49:47.012000,63,,,
participant_19,4,day,Town10HD_Opt,2026-03-16 15:49:48.257818,-30.50929069519043,28.39793586730957,0.0019781494047492,37.746,-0.087,0.5,0.0,0,0,1,,0.85,2026-03-16T15:49:48.257818,neutral,0.942,2026-03-16T15:49:48.257818,0.3692936379422932,2026-03-16T15:49:48.186000,62,,,
participant_19,4,day,Town10HD_Opt,2026-03-16 15:49:49.154899,-23.782655715942383,28.204259872436523,0.0019976424518972,39.207,0.686,0.483,0.0,0,0,1,,0.844,2026-03-16T15:49:49.154899,neutral,0.942,2026-03-16T15:49:48.257818,0.3224766117893391,2026-03-16T15:49:50.027000,66,,,
participant_19,4,day,Town10HD_Opt,2026-03-16 15:49:50.060699,-16.94698143005371,28.12130355834961,0.0021524429321289,36.691,0.089,0.0,0.0,0,0,1,,0.805,2026-03-16T15:49:50.060699,neutral,0.942,2026-03-16T15:49:48.257818,0.3128129354409899,2026-03-16T15:49:50.027000,64,,,
participant_19,4,day,Town10HD_Opt,2026-03-16 15:49:51.229887,-9.476394653320312,28.08313369750977,0.0022918700706213,26.456,0.134,0.0,0.0,0,0,1,,0.958,2026-03-16T15:49:51.229887,neutral,0.985,2026-03-16T15:49:51.229887,0.2286953517145663,2026-03-16T15:49:52.098000,66,,,
participant_19,4,day,Town10HD_Opt,2026-03-16 15:49:52.152153,-5.346398830413818,28.07466697692871,0.0021949387155473,21.094,0.512,0.196,0.0,0,0,1,,1.0,2026-03-16T15:49:52.152153,neutral,0.985,2026-03-16T15:49:51.229887,0.3231810412744056,2026-03-16T15:49:52.998000,70,,,
participant_19,4,day,Town10HD_Opt,2026-03-16 15:49:53.046305,-1.8776105642318728,28.1011905670166,0.0021271514706313,18.606,-0.035,0.199,0.0,0,0,1,,0.933,2026-03-16T15:49:53.046305,neutral,0.985,2026-03-16T15:49:51.229887,0.3447027482825209,2026-03-16T15:49:53.988000,68,,,
participant_19,4,day,Town10HD_Opt,2026-03-16 15:49:54.262117,2.335268497467041,28.12898635864257,0.0019298553233966,18.093,-0.585,0.334,0.0,0,0,1,,0.921,2026-03-16T15:49:54.262117,neutral,0.996,2026-03-16T15:49:54.262117,0.3418628236043355,2026-03-16T15:49:55.113000,71,,,
participant_19,4,day,Town10HD_Opt,2026-03-16 15:49:55.174254,5.507840633392334,28.12300682067871,0.0020332718268036,18.187,-0.425,0.326,0.0,0,0,1,,0.941,2026-03-16T15:49:55.174254,neutral,0.996,2026-03-16T15:49:54.262117,0.3887655290030142,2026-03-16T15:49:56.012000,71,,,
participant_19,4,day,Town10HD_Opt,2026-03-16 15:49:56.076219,8.687471389770508,28.101524353027344,0.0020505904685705,18.097,-0.12,0.324,0.0,0,0,1,,0.958,2026-03-16T15:49:56.076219,neutral,0.996,2026-03-16T15:49:54.262117,0.2549600024929056,2026-03-16T15:49:56.012000,69,,,
participant_19,4,day,Town10HD_Opt,2026-03-16 15:49:57.034908,11.864992141723633,28.07614517211914,0.0020384979434311,18.246,-0.056,0.324,0.0,0,0,1,,0.931,2026-03-16T15:49:57.034908,neutral,0.987,2026-03-16T15:49:57.034908,0.2933042879324803,2026-03-16T15:49:57.993000,72,,,
participant_19,4,day,Town10HD_Opt,2026-03-16 15:49:58.220873,16.14552879333496,28.037466049194336,0.0020383833907544,18.457,-0.04,0.324,0.0,0,0,1,,0.87,2026-03-16T15:49:58.220873,neutral,0.987,2026-03-16T15:49:57.034908,0.3534748073884997,2026-03-16T15:49:57.993000,73,,,
participant_19,4,day,Town10HD_Opt,2026-03-16 15:49:59.160372,19.386756896972656,28.02009010314941,0.0020386886317282,18.617,0.959,0.391,0.0,0,0,1,,0.94,2026-03-16T15:49:59.160372,neutral,0.979,2026-03-16T15:49:59.160372,0.2526195132709695,2026-03-16T15:50:00.066000,73,,,
participant_20,1,day,Town10HD_Opt,2026-03-16 17:00:00.000000,-41.66858673095703,89.7454833984375,0.580491840839386,13.267,0.162,0.454,0.0,0,0,1,,1.0,2026-03-16T17:00:00,,,2026-03-16T17:00:00,0.4421482522253342,2026-03-16T17:00:00,75,,,
participant_20,1,day,Town10HD_Opt,2026-03-16 17:00:04.648026,-41.66844177246094,87.30255889892578,0.0017222594469785,13.545,0.162,0.453,0.0,0,0,1,,1.0,2026-03-16T17:00:04.648026,,,2026-03-16T17:00:04.648026,0.4342125541285567,2026-03-16T17:00:05.045000,77,,,
participant_20,1,day,Town10HD_Opt,2026-03-16 17:00:05.308867,-41.66496658325195,85.55445861816406,0.0017944335704669,16.261,0.162,0.38,0.0,0,0,1,,0.95,2026-03-16T17:00:05.308867,,,2026-03-16T17:00:04.648026,0.4210637096665393,2026-03-16T17:00:06.030000,78,,,
participant_20,1,day,Town10HD_Opt,2026-03-16 17:00:06.078501,-41.65789031982422,83.56787872314453,0.0018307113787159,17.859,0.162,0.368,0.0,0,0,1,,0.929,2026-03-16T17:00:06.078501,,,2026-03-16T17:00:04.648026,0.3933459616910645,2026-03-16T17:00:06.030000,79,,,
participant_20,1,day,Town10HD_Opt,2026-03-16 17:00:07.057399,-41.53264617919922,80.40452575683594,0.0020590210333466,18.081,8.027,0.363,0.0,0,0,1,,0.906,2026-03-16T17:00:07.057399,neutral,0.504,2026-03-16T17:00:07.057399,0.3620297487462144,2026-03-16T17:00:07.066000,78,,,
participant_20,1,day,Town10HD_Opt,2026-03-16 17:00:08.070556,-40.86597442626953,77.26827239990234,0.0020308685488998,18.837,14.714,0.364,0.0,0,0,1,,1.0,2026-03-16T17:00:08.070556,neutral,0.504,2026-03-16T17:00:07.057399,0.4545361393170493,2026-03-16T17:00:08.011000,81,,,
participant_20,1,day,Town10HD_Opt,2026-03-16 17:00:09.063920,-39.34777069091797,74.29772186279297,0.0020394516177475,19.689,19.007,0.373,0.0,0,0,1,,0.82,2026-03-16T17:00:09.063920,happy,0.904,2026-03-16T17:00:09.063920,0.4494521458922594,2026-03-16T17:00:09.003000,79,,,
participant_20,1,day,Town10HD_Opt,2026-03-16 17:00:10.111556,-36.879539489746094,71.84642791748047,0.0020428085699677,20.501,18.755,0.373,0.0,0,0,1,,0.857,2026-03-16T17:00:10.111556,happy,0.904,2026-03-16T17:00:09.063920,0.4536512491054273,2026-03-16T17:00:10.038000,79,,,
participant_20,1,day,Town10HD_Opt,2026-03-16 17:00:11.151665,-33.62839889526367,70.25397491455078,0.0020463943947106,21.31,17.923,0.373,0.0,0,0,1,,0.832,2026-03-16T17:00:11.151665,happy,0.64,2026-03-16T17:00:11.151665,0.4874967930749069,2026-03-16T17:00:12.015000,83,,,
participant_20,1,day,Town10HD_Opt,2026-03-16 17:00:12.243964,-29.9050407409668,69.71134185791016,0.0020326995290815,22.101,9.744,0.373,0.0,0,0,1,,1.0,2026-03-16T17:00:12.243964,happy,0.64,2026-03-16T17:00:11.151665,0.5242961705873102,2026-03-16T17:00:13.007000,84,,,
participant_20,1,day,Town10HD_Opt,2026-03-16 17:00:13.238832,-25.970359802246094,69.6744384765625,0.0020187757909297,22.918,-2.066,0.373,0.0,0,0,1,,1.0,2026-03-16T17:00:13.238832,happy,0.59,2026-03-16T17:00:13.238832,0.4940686490050796,2026-03-16T17:00:14.041000,87,,,
participant_20,1,day,Town10HD_Opt,2026-03-16 17:00:14.198211,-21.904874801635746,69.57644653320312,0.0020211790688335,23.576,1.695,0.373,0.0,0,0,1,,1.0,2026-03-16T17:00:14.198211,happy,0.59,2026-03-16T17:00:13.238832,0.4808186274092701,2026-03-16T17:00:15.030000,87,,,
participant_20,1,day,Town10HD_Opt,2026-03-16 17:00:15.159957,-17.722917556762695,69.59081268310547,0.0020233152899891,24.231,0.719,0.373,0.0,0,0,1,,1.0,2026-03-16T17:00:15.159957,happy,0.59,2026-03-16T17:00:13.238832,0.4289675397914575,2026-03-16T17:00:16.021000,89,,,
participant_20,1,day,Town10HD_Opt,2026-03-16 17:00:16.130431,-13.43912124633789,69.67431640625,0.0020256424322724,24.779,0.484,0.373,0.0,0,0,1,,1.0,2026-03-16T17:00:16.130431,happy,0.622,2026-03-16T17:00:16.130431,0.4315797521479789,2026-03-16T17:00:16.021000,87,,,
participant_20,1,day,Town10HD_Opt,2026-03-16 17:00:17.154867,-9.065034866333008,69.78616333007812,0.0020275115966796,25.265,-0.179,0.373,0.0,0,0,1,,1.0,2026-03-16T17:00:17.154867,happy,0.622,2026-03-16T17:00:16.130431,0.3774947285741925,2026-03-16T17:00:18,87,,,
participant_20,1,day,Town10HD_Opt,2026-03-16 17:00:18.120126,-4.610107421875,69.88687896728516,0.002029457129538,25.695,-0.369,0.373,0.0,0,0,1,,1.0,2026-03-16T17:00:18.120126,happy,0.622,2026-03-16T17:00:16.130431,0.3983598645326296,2026-03-16T17:00:18,89,,,
participant_20,1,day,Town10HD_Opt,2026-03-16 17:00:19.134939,-0.0834678038954734,69.95936584472656,0.002031059237197,26.074,-0.369,0.373,0.0,0,0,1,,1.0,2026-03-16T17:00:19.134939,neutral,0.566,2026-03-16T17:00:19.134939,0.3988290153424267,2026-03-16T17:00:19.036000,89,,,
participant_20,1,day,Town10HD_Opt,2026-03-16 17:00:20.064004,4.506204128265381,70.00367736816406,0.0020325088407844,26.408,-0.059,0.373,0.0,0,0,1,,1.0,2026-03-16T17:00:20.064004,neutral,0.566,2026-03-16T17:00:19.134939,0.4441611342897835,2026-03-16T17:00:20.027000,89,,,
participant_20,1,day,Town10HD_Opt,2026-03-16 17:00:21.053781,9.121014595031738,70.0340576171875,0.0021020506974309,25.565,-0.298,0.0,0.0,0,0,1,,1.0,2026-03-16T17:00:21.053781,neutral,0.566,2026-03-16T17:00:19.134939,0.48219089162487,2026-03-16T17:00:21.106000,87,,,
participant_20,1,day,Town10HD_Opt,2026-03-16 17:00:22.040237,13.068391799926758,70.03387451171875,0.002237434266135,19.553,-0.27,0.0,0.0,0,0,1,,1.0,2026-03-16T17:00:22.040237,neutral,0.507,2026-03-16T17:00:22.040237,0.4408642776552992,2026-03-16T17:00:22.006000,87,,,
participant_20,1,day,Town10HD_Opt,2026-03-16 17:00:23.067708,16.074459075927734,70.02462005615234,0.0020332718268036,15.126,0.002,0.0,0.0,0,0,1,,1.0,2026-03-16T17:00:23.067708,neutral,0.507,2026-03-16T17:00:22.040237,0.3774409992889229,2026-03-16T17:00:23.041000,83,,,
participant_20,1,day,Town10HD_Opt,2026-03-16 17:00:24.032083,18.40252494812012,70.01727294921875,0.0020085524301975,11.849,-0.04,0.113,0.0,0,0,1,,1.0,2026-03-16T17:00:24.032083,neutral,0.507,2026-03-16T17:00:22.040237,0.4019861201929474,2026-03-16T17:00:24.031000,82,,,
participant_20,1,day,Town10HD_Opt,2026-03-16 17:00:25.009046,20.364177703857425,70.01016998291016,0.0019654463976621,10.449,-0.028,0.095,0.0,0,0,1,,1.0,2026-03-16T17:00:25.009046,neutral,0.623,2026-03-16T17:00:25.009046,0.3890472639413755,2026-03-16T17:00:25.020000,84,,,
participant_20,1,day,Town10HD_Opt,2026-03-16 17:00:26.247542,22.62664794921875,70.00133514404297,0.0019552230369299,8.891,-0.026,0.094,0.0,0,0,1,,1.0,2026-03-16T17:00:26.247542,neutral,0.623,2026-03-16T17:00:25.009046,0.5350162307899802,2026-03-16T17:00:27.001000,82,,,
participant_20,1,day,Town10HD_Opt,2026-03-16 17:00:27.181625,24.072378158569336,69.99533081054688,0.0019792555831372,7.26,-0.026,0.0,0.0,0,0,1,,0.851,2026-03-16T17:00:27.181625,neutral,0.819,2026-03-16T17:00:27.181625,0.3703466697129556,2026-03-16T17:00:28.036000,82,,,
participant_20,1,day,Town10HD_Opt,2026-03-16 17:00:28.157092,25.087289810180664,69.99101257324219,0.0023573683574795,0.0,-0.026,0.0,0.154,0,0,1,,1.0,2026-03-16T17:00:28.157092,neutral,0.819,2026-03-16T17:00:27.181625,0.4488366759893018,2026-03-16T17:00:28.036000,83,,,
participant_20,1,day,Town10HD_Opt,2026-03-16 17:00:29.146700,25.08979225158692,69.99101257324219,0.0019379042787477,0.075,-0.026,0.354,0.0,0,0,1,,0.854,2026-03-16T17:00:29.146700,neutral,0.819,2026-03-16T17:00:27.181625,0.4218195868533712,2026-03-16T17:00:29.026000,83,,,
participant_20,1,day,Town10HD_Opt,2026-03-16 17:00:30.069347,25.48345184326172,69.98925018310547,0.0017773436848074,4.637,-0.026,0.113,0.0,0,0,1,,1.0,2026-03-16T17:00:30.069347,neutral,0.847,2026-03-16T17:00:30.069347,0.4771135437955559,2026-03-16T17:00:30.016000,81,,,
participant_20,1,day,Town10HD_Opt,2026-03-16 17:00:31.263206,26.11177635192871,69.98603057861328,0.002017326420173,0.0,-0.026,0.0,0.018,0,0,1,,1.0,2026-03-16T17:00:31.263206,neutral,0.847,2026-03-16T17:00:30.069347,0.4181430484152566,2026-03-16T17:00:32.042000,79,,,
participant_20,1,day,Town10HD_Opt,2026-03-16 17:00:32.231462,26.15177345275879,69.98588562011719,0.0018389510223641,1.633,-0.026,0.307,0.0,0,0,1,,1.0,2026-03-16T17:00:32.231462,neutral,0.804,2026-03-16T17:00:32.231462,0.4791149587978676,2026-03-16T17:00:33.031000,81,,,
participant_20,1,day,Town10HD_Opt,2026-03-16 17:00:33.217454,26.59025764465332,69.98342895507812,0.0019144057296216,2.627,-0.026,0.0,0.0,0,0,1,,1.0,2026-03-16T17:00:33.217454,neutral,0.804,2026-03-16T17:00:32.231462,0.3965389420202271,2026-03-16T17:00:34.022000,80,,,
participant_20,1,day,Town10HD_Opt,2026-03-16 17:00:34.213375,26.67458724975586,69.98298645019531,0.0018628310644999,1.735,-0.026,0.761,0.0,0,0,1,,0.837,2026-03-16T17:00:34.213375,neutral,0.804,2026-03-16T17:00:32.231462,0.5266702569774604,2026-03-16T17:00:35.011000,79,,,
participant_20,1,day,Town10HD_Opt,2026-03-16 17:00:35.180097,27.91519546508789,69.97590637207031,0.0015478134155273,13.292,-0.738,0.593,0.0,0,0,1,,0.831,2026-03-16T17:00:35.180097,neutral,0.827,2026-03-16T17:00:35.180097,0.4647174246825402,2026-03-16T17:00:35.011000,76,,,
participant_20,1,day,Town10HD_Opt,2026-03-16 17:00:36.137107,30.61351585388184,69.85220336914062,0.0018341445829719,16.739,-6.843,0.267,0.0,0,0,1,,0.881,2026-03-16T17:00:36.137107,neutral,0.827,2026-03-16T17:00:35.180097,0.5424011434907777,2026-03-16T17:00:36.047000,79,,,
participant_20,1,day,Town10HD_Opt,2026-03-16 17:00:37.089941,33.37197494506836,69.38400268554688,0.0020030213054269,14.637,-9.928,0.075,0.0,0,0,1,,0.817,2026-03-16T17:00:37.089941,neutral,0.827,2026-03-16T17:00:35.180097,0.4881742287103069,2026-03-16T17:00:37.036000,78,,,
participant_20,1,day,Town10HD_Opt,2026-03-16 17:00:38.031862,35.630149841308594,68.66358947753906,0.0019940948113799,12.288,-10.728,0.093,0.0,0,0,1,,0.867,2026-03-16T17:00:38.031862,neutral,0.84,2026-03-16T17:00:38.031862,0.5300391445282232,2026-03-16T17:00:38.028000,79,,,
participant_20,1,day,Town10HD_Opt,2026-03-16 17:00:39.011959,37.51331329345703,67.78105926513672,0.0019303893204778,11.79,-10.956,0.239,0.0,0,0,1,,0.804,2026-03-16T17:00:39.011959,neutral,0.84,2026-03-16T17:00:38.031862,0.5303335920861789,2026-03-16T17:00:39.044000,76,,,
participant_20,1,day,Town10HD_Opt,2026-03-16 17:00:40.221520,40.03223037719727,66.11346435546875,0.0018381117843091,14.795,-11.902,0.362,0.0,0,0,1,,0.852,2026-03-16T17:00:40.221520,neutral,0.55,2026-03-16T17:00:40.221520,0.4715606823302075,2026-03-16T17:00:41.040000,80,,,
participant_20,1,day,Town10HD_Opt,2026-03-16 17:00:41.143847,42.02064895629883,64.17657470703125,0.0018532943213358,17.189,-13.382,0.356,0.0,0,0,1,,0.903,2026-03-16T17:00:41.143847,neutral,0.55,2026-03-16T17:00:40.221520,0.4958714051073187,2026-03-16T17:00:41.040000,83,,,
participant_20,1,day,Town10HD_Opt,2026-03-16 17:00:42.055105,43.78964614868164,61.60346221923828,0.0020996092353016,18.117,-13.231,0.349,0.0,0,0,1,,0.866,2026-03-16T17:00:42.055105,neutral,0.55,2026-03-16T17:00:40.221520,0.3865744004727487,2026-03-16T17:00:42.034000,81,,,
participant_20,1,day,Town10HD_Opt,2026-03-16 17:00:43.276715,45.28544998168945,57.64598846435547,0.0020388411357998,18.147,-13.363,0.238,0.0,0,0,1,,0.858,2026-03-16T17:00:43.276715,neutral,0.718,2026-03-16T17:00:43.276715,0.4358314277691701,2026-03-16T17:00:44.011000,84,,,
participant_20,1,day,Town10HD_Opt,2026-03-16 17:00:44.233433,45.62290573120117,54.50947952270508,0.0018573760753497,18.051,-13.37,0.238,0.0,0,0,1,,0.851,2026-03-16T17:00:44.233433,neutral,0.718,2026-03-16T17:00:43.276715,0.417416688559684,2026-03-16T17:00:45.001000,84,,,
participant_20,1,day,Town10HD_Opt,2026-03-16 17:00:45.225931,45.31609344482422,51.40194320678711,0.0019338988931849,17.768,-9.057,0.24,0.0,0,0,1,,0.855,2026-03-16T17:00:45.225931,neutral,0.718,2026-03-16T17:00:43.276715,0.3569491067537403,2026-03-16T17:00:46.080000,82,,,
participant_20,1,day,Town10HD_Opt,2026-03-16 17:00:46.218871,44.78596115112305,48.36332321166992,0.0019539259374141,16.926,2.271,0.0,0.0,0,0,1,,0.894,2026-03-16T17:00:46.218871,neutral,0.752,2026-03-16T17:00:46.218871,0.373820212954376,2026-03-16T17:00:47.027000,83,,,
participant_20,1,day,Town10HD_Opt,2026-03-16 17:00:47.146968,44.46484375,45.73377227783203,0.0020408248528838,12.879,3.547,0.0,0.0,0,0,1,,0.901,2026-03-16T17:00:47.146968,neutral,0.752,2026-03-16T17:00:46.218871,0.2825189072264923,2026-03-16T17:00:47.027000,82,,,
participant_20,1,day,Town10HD_Opt,2026-03-16 17:00:48.131254,44.31382751464844,43.70305633544922,0.0020153808873146,10.041,3.547,0.0,0.0,0,0,1,,0.89,2026-03-16T17:00:48.131254,neutral,0.752,2026-03-16T17:00:46.218871,0.3688883019501808,2026-03-16T17:00:48.016000,81,,,
participant_20,1,day,Town10HD_Opt,2026-03-16 17:00:49.070014,44.25316619873047,42.14031219482422,0.0019931411370635,7.71,3.497,0.0,0.0,0,0,1,,0.887,2026-03-16T17:00:49.070014,neutral,0.843,2026-03-16T17:00:49.070014,0.2806161879801725,2026-03-16T17:00:49.141000,82,,,
participant_20,1,day,Town10HD_Opt,2026-03-16 17:00:49.991824,44.23916244506836,40.95841598510742,0.0020017242059111,5.415,3.488,0.0,0.028,0,0,1,,0.892,2026-03-16T17:00:49.991824,neutral,0.843,2026-03-16T17:00:49.070014,0.3064203740594302,2026-03-16T17:00:50.041000,79,,,
participant_20,1,day,Town10HD_Opt,2026-03-16 17:00:51.257066,44.23935317993164,40.763427734375,0.0018490981310606,1.873,3.464,0.708,0.0,0,0,1,,0.896,2026-03-16T17:00:51.257066,neutral,0.458,2026-03-16T17:00:51.257066,0.2680960003111066,2026-03-16T17:00:52.021000,82,,,
participant_20,1,day,Town10HD_Opt,2026-03-16 17:00:52.230736,44.27647399902344,39.54034423828125,0.0015184402000159,13.732,6.116,0.764,0.0,0,0,1,,1.0,2026-03-16T17:00:52.230736,neutral,0.458,2026-03-16T17:00:51.257066,0.2269084312863271,2026-03-16T17:00:53.012000,83,,,
participant_20,1,day,Town10HD_Opt,2026-03-16 17:00:53.231936,44.74138259887695,36.61169052124024,0.0020431517623364,18.567,16.285,0.179,0.0,0,0,1,,1.0,2026-03-16T17:00:53.231936,neutral,0.458,2026-03-16T17:00:51.257066,0.1788241403811584,2026-03-16T17:00:54.001000,82,,,
participant_20,1,day,Town10HD_Opt,2026-03-16 17:00:54.162833,46.01116943359375,33.76896667480469,0.0019599914085119,17.018,17.416,0.129,0.0,0,0,1,,1.0,2026-03-16T17:00:54.162833,neutral,0.749,2026-03-16T17:00:54.162833,0.2385145208691739,2026-03-16T17:00:54.001000,81,,,
participant_20,1,day,Town10HD_Opt,2026-03-16 17:00:55.060982,47.70785903930664,31.66877555847168,0.0020542906131595,13.476,16.791,0.032,0.0,0,0,1,,1.0,2026-03-16T17:00:55.060982,neutral,0.749,2026-03-16T17:00:54.162833,0.1731032615549879,2026-03-16T17:00:55.036000,80,,,
participant_20,1,day,Town10HD_Opt,2026-03-16 17:00:56.029002,49.534423828125,30.19536590576172,0.0019420622847974,13.419,15.62,0.105,0.0,0,0,1,,1.0,2026-03-16T17:00:56.029002,neutral,0.749,2026-03-16T17:00:54.162833,0.1253609215300864,2026-03-16T17:00:56.035000,79,,,
participant_20,1,day,Town10HD_Opt,2026-03-16 17:00:57.179033,52.03192901611328,28.916793823242188,0.0020154190715402,10.244,16.357,0.0,0.0,0,0,1,,1.0,2026-03-16T17:00:57.179033,neutral,0.474,2026-03-16T17:00:57.179033,0.1597279830212409,2026-03-16T17:00:58.006000,80,,,
participant_20,1,day,Town10HD_Opt,2026-03-16 17:00:58.128118,53.54706573486328,28.53329086303711,0.002032661344856,7.194,20.634,0.0,0.241,0,0,1,,1.0,2026-03-16T17:00:58.128118,neutral,0.474,2026-03-16T17:00:57.179033,0.1809057842854614,2026-03-16T17:00:58.006000,78,,,
participant_20,1,day,Town10HD_Opt,2026-03-16 17:00:59.043243,53.94894409179688,28.47827339172364,0.0020221327431499,0.0,18.666,0.0,0.362,0,0,1,,1.0,2026-03-16T17:00:59.043243,neutral,0.474,2026-03-16T17:00:57.179033,0.1193605447722702,2026-03-16T17:00:59.045000,78,,,
participant_20,1,day,Town10HD_Opt,2026-03-16 17:01:00.239217,53.94522476196289,28.479127883911133,0.0019233322236686,0.085,1.156,0.711,0.0,0,1,-1,,1.0,2026-03-16T17:01:00.239217,fear,0.401,2026-03-16T17:01:00.239217,0.0958361849485551,2026-03-16T17:01:01.021000,79,,,
participant_20,1,day,Town10HD_Opt,2026-03-16 17:01:01.117089,53.08587646484375,28.69868850708008,0.0023127363529056,11.882,1.3,0.767,0.0,0,1,-1,,1.0,2026-03-16T17:01:01.117089,fear,0.401,2026-03-16T17:01:00.239217,0.153961025807732,2026-03-16T17:01:01.021000,81,,,
participant_20,1,day,Town10HD_Opt,2026-03-16 17:01:02.047955,50.91567611694336,29.255958557128903,0.0017535781953483,10.003,7.539,0.128,0.0,0,1,-1,,1.0,2026-03-16T17:01:02.047955,fear,0.401,2026-03-16T17:01:00.239217,0.0697345781832153,2026-03-16T17:01:02.011000,79,,,
participant_20,1,day,Town10HD_Opt,2026-03-16 17:01:02.991521,49.68671798706055,29.590192794799805,0.0017913817428052,5.248,9.583,0.433,0.0,0,1,-1,,1.0,2026-03-16T17:01:02.991521,neutral,0.773,2026-03-16T17:01:02.991521,0.0394479582091539,2026-03-16T17:01:03.001000,80,,,
participant_20,1,day,Town10HD_Opt,2026-03-16 17:01:04.272443,48.07093048095703,30.13591957092285,0.0020949936006218,10.995,11.474,0.603,0.0,0,1,-1,,1.0,2026-03-16T17:01:04.272443,neutral,0.773,2026-03-16T17:01:02.991521,0.041502643354205,2026-03-16T17:01:04.084000,77,,,
participant_20,1,day,Town10HD_Opt,2026-03-16 17:01:05.227949,46.08843231201172,31.06600952148437,0.002011566190049,13.937,11.564,0.571,0.0,0,1,-1,,0.883,2026-03-16T17:01:05.227949,neutral,0.668,2026-03-16T17:01:05.227949,0.0352302833345951,2026-03-16T17:01:06.016000,80,,,
participant_20,1,day,Town10HD_Opt,2026-03-16 17:01:06.178871,44.06234359741211,32.38180160522461,0.0018888473277911,13.178,11.501,0.428,0.0,0,1,-1,,0.887,2026-03-16T17:01:06.178871,neutral,0.668,2026-03-16T17:01:05.227949,0.02,2026-03-16T17:01:07.007000,80,,,
participant_20,1,day,Town10HD_Opt,2026-03-16 17:01:07.144488,42.60739135742188,33.63543701171875,0.0016707992181181,6.767,9.693,0.0,0.533,0,1,-1,,0.847,2026-03-16T17:01:07.144488,neutral,0.668,2026-03-16T17:01:05.227949,0.0796589635771947,2026-03-16T17:01:07.996000,79,,,
participant_20,1,day,Town10HD_Opt,2026-03-16 17:01:08.054390,42.475399017333984,33.76496124267578,0.0018446350004523,0.0,9.523,0.0,0.702,0,0,1,,1.0,2026-03-16T17:01:08.054390,neutral,0.554,2026-03-16T17:01:08.054390,0.0596106583192661,2026-03-16T17:01:07.996000,82,,,
participant_20,1,day,Town10HD_Opt,2026-03-16 17:01:08.994057,42.5323486328125,33.672691345214844,0.0017800140194594,3.045,-31.821,0.672,0.0,0,0,1,,0.832,2026-03-16T17:01:08.994057,neutral,0.554,2026-03-16T17:01:08.054390,0.02,2026-03-16T17:01:09.032000,82,,,
participant_20,1,day,Town10HD_Opt,2026-03-16 17:01:10.245781,42.75786972045898,31.81084442138672,0.0018436813261359,13.259,-60.744,0.415,0.0,0,0,1,,1.0,2026-03-16T17:01:10.245781,neutral,0.578,2026-03-16T17:01:10.245781,0.02,2026-03-16T17:01:11.057000,83,,,
participant_20,1,day,Town10HD_Opt,2026-03-16 17:01:11.167147,41.55792236328125,29.77193832397461,0.0019069671398028,14.097,-50.2,0.0,0.0,0,0,1,,1.0,2026-03-16T17:01:11.167147,neutral,0.578,2026-03-16T17:01:10.245781,0.0295021148815009,2026-03-16T17:01:12.001000,82,,,
participant_20,1,day,Town10HD_Opt,2026-03-16 17:01:12.104125,39.72515106201172,28.81632804870605,0.0021424484439194,10.594,-60.428,0.0,0.0,0,0,1,,1.0,2026-03-16T17:01:12.104125,neutral,0.578,2026-03-16T17:01:10.245781,0.02,2026-03-16T17:01:12.001000,81,,,
participant_20,1,day,Town10HD_Opt,2026-03-16 17:01:13.259715,38.61143112182617,28.88657569885254,0.0024074935354292,0.002,-3.198,0.0,0.327,0,0,1,,1.0,2026-03-16T17:01:13.259715,neutral,0.46,2026-03-16T17:01:13.259715,0.02,2026-03-16T17:01:14.072000,81,,,
participant_20,1,day,Town10HD_Opt,2026-03-16 17:01:14.200515,38.61326217651367,28.88739967346192,0.0019408034859225,0.165,6.3,0.643,0.0,0,1,-1,,0.889,2026-03-16T17:01:14.200515,neutral,0.46,2026-03-16T17:01:13.259715,0.0617261080188832,2026-03-16T17:01:15.016000,83,,,
participant_20,1,day,Town10HD_Opt,2026-03-16 17:01:15.145245,39.19271469116211,29.07512855529785,0.0021920776925981,7.865,24.555,0.731,0.0,0,1,-1,,1.0,2026-03-16T17:01:15.145245,neutral,0.46,2026-03-16T17:01:13.259715,0.0621247577324824,2026-03-16T17:01:15.016000,83,,,
participant_20,1,day,Town10HD_Opt,2026-03-16 17:01:16.171669,40.88820266723633,29.424713134765625,0.0018465041648596,8.476,25.893,0.198,0.0,0,1,-1,,1.0,2026-03-16T17:01:16.171669,neutral,0.345,2026-03-16T17:01:16.171669,0.0761005657120293,2026-03-16T17:01:16.051000,82,,,
participant_20,1,day,Town10HD_Opt,2026-03-16 17:01:17.136756,42.00349044799805,29.439165115356445,0.0018011474749073,4.323,25.778,0.19,0.0,0,1,-1,,1.0,2026-03-16T17:01:17.136756,neutral,0.345,2026-03-16T17:01:16.171669,0.02,2026-03-16T17:01:17.041000,84,,,
participant_20,1,day,Town10HD_Opt,2026-03-16 17:01:18.098252,42.70827865600586,29.357128143310547,0.0020027922000736,5.39,25.068,0.234,0.0,0,1,-1,,1.0,2026-03-16T17:01:18.098252,neutral,0.345,2026-03-16T17:01:16.171669,0.02,2026-03-16T17:01:18.031000,86,,,
participant_20,1,day,Town10HD_Opt,2026-03-16 17:01:19.151971,43.51495361328125,29.10714340209961,0.0018132781842723,0.627,1.777,0.0,0.122,0,1,-1,,0.831,2026-03-16T17:01:19.151971,sad,0.433,2026-03-16T17:01:19.151971,0.0443105989368696,2026-03-16T17:01:20.012000,84,,,
participant_20,1,day,Town10HD_Opt,2026-03-16 17:01:20.138898,43.53131866455078,29.100475311279297,0.001894035260193,0.121,-1.445,0.0,0.0,0,0,1,,0.812,2026-03-16T17:01:20.138898,sad,0.433,2026-03-16T17:01:19.151971,0.02,2026-03-16T17:01:20.012000,88,,,
participant_20,1,day,Town10HD_Opt,2026-03-16 17:01:21.119780,43.488040924072266,29.126508712768555,0.0018695830367505,1.154,-25.741,0.263,0.0,0,0,1,,1.0,2026-03-16T17:01:21.119780,sad,0.433,2026-03-16T17:01:19.151971,0.02,2026-03-16T17:01:21.046000,86,,,
participant_20,1,day,Town10HD_Opt,2026-03-16 17:01:22.135769,43.09703826904297,29.43838119506836,0.0017864989349618,5.334,-32.262,0.504,0.0,0,0,1,,1.0,2026-03-16T17:01:22.135769,neutral,0.614,2026-03-16T17:01:22.135769,0.0557525212795713,2026-03-16T17:01:22.039000,88,,,
participant_20,1,day,Town10HD_Opt,2026-03-16 17:01:23.064210,42.12147521972656,30.530696868896484,0.0017151641659438,12.421,-32.442,0.553,0.0,0,0,1,,1.0,2026-03-16T17:01:23.064210,neutral,0.614,2026-03-16T17:01:22.135769,0.02,2026-03-16T17:01:23.076000,87,,,
participant_20,1,day,Town10HD_Opt,2026-03-16 17:01:24.057805,41.01483917236328,32.86758804321289,0.0018250655848532,17.163,-26.563,0.352,0.0,0,0,1,,1.0,2026-03-16T17:01:24.057805,neutral,0.614,2026-03-16T17:01:22.135769,0.02,2026-03-16T17:01:24.016000,88,,,
participant_20,1,day,Town10HD_Opt,2026-03-16 17:01:25.278758,40.21607208251953,36.96818923950195,0.0020336532033979,18.059,-4.619,0.289,0.0,0,0,1,,0.879,2026-03-16T17:01:25.278758,neutral,0.727,2026-03-16T17:01:25.278758,0.02,2026-03-16T17:01:26.041000,90,,,
participant_20,1,day,Town10HD_Opt,2026-03-16 17:01:26.184930,39.92595672607422,40.15159225463867,0.0020326231606304,18.739,-8.88,0.342,0.0,0,0,1,,1.0,2026-03-16T17:01:26.184930,neutral,0.727,2026-03-16T17:01:25.278758,0.02,2026-03-16T17:01:27.031000,88,,,
participant_20,1,day,Town10HD_Opt,2026-03-16 17:01:27.113320,39.94063949584961,43.42142868041992,0.0020563888829201,18.585,-1.356,0.271,0.0,0,0,1,,1.0,2026-03-16T17:01:27.113320,neutral,0.727,2026-03-16T17:01:25.278758,0.059037628150146,2026-03-16T17:01:27.031000,89,,,
participant_20,1,day,Town10HD_Opt,2026-03-16 17:01:28.281727,39.98479843139648,47.54253005981445,0.0020014189649373,15.529,-2.864,0.0,0.0,0,0,1,,0.82,2026-03-16T17:01:28.281727,sad,0.344,2026-03-16T17:01:28.281727,0.02,2026-03-16T17:01:29.011000,85,,,
participant_20,1,day,Town10HD_Opt,2026-03-16 17:01:29.180573,40.09257888793945,49.92140579223633,0.0020671081729233,11.113,0.576,0.0,0.219,0,0,1,,1.0,2026-03-16T17:01:29.180573,sad,0.344,2026-03-16T17:01:28.281727,0.02,2026-03-16T17:01:29.011000,87,,,
participant_20,1,day,Town10HD_Opt,2026-03-16 17:01:30.089849,40.14101409912109,51.48887252807617,0.0020616149995476,6.568,0.853,0.0,0.206,0,0,1,,1.0,2026-03-16T17:01:30.089849,sad,0.344,2026-03-16T17:01:28.281727,0.0643420267139436,2026-03-16T17:01:30.047000,86,,,
participant_20,1,day,Town10HD_Opt,2026-03-16 17:01:31.251427,40.15234375,51.913230895996094,0.0019620133098214,0.007,0.79,0.0,0.0,0,0,1,,0.814,2026-03-16T17:01:31.251427,neutral,0.698,2026-03-16T17:01:31.251427,0.098473594259646,2026-03-16T17:01:32.027000,82,,,
participant_20,1,day,Town10HD_Opt,2026-03-16 17:01:32.119464,40.15530776977539,52.0434799194336,0.0019883727654814,0.0,0.78,0.0,0.076,0,0,1,,0.841,2026-03-16T17:01:32.119464,neutral,0.698,2026-03-16T17:01:31.251427,0.0307131791716393,2026-03-16T17:01:32.027000,84,,,
participant_20,1,day,Town10HD_Opt,2026-03-16 17:01:33.014787,40.15695190429688,52.10033416748047,0.0017791747814044,2.343,0.508,0.827,0.0,0,0,1,,1.0,2026-03-16T17:01:33.014787,neutral,0.698,2026-03-16T17:01:31.251427,0.069571345739581,2026-03-16T17:01:33.016000,82,,,
participant_20,1,day,Town10HD_Opt,2026-03-16 17:01:34.200756,40.24495697021485,54.64435958862305,0.0017243194160982,18.953,-3.921,0.639,0.0,0,0,1,,0.869,2026-03-16T17:01:34.200756,neutral,0.619,2026-03-16T17:01:34.200756,0.02,2026-03-16T17:01:35.041000,86,,,
participant_20,1,day,Town10HD_Opt,2026-03-16 17:01:35.078870,40.78671646118164,58.252079010009766,0.001857147202827,24.043,-10.269,0.587,0.0,0,0,1,,0.805,2026-03-16T17:01:35.078870,neutral,0.619,2026-03-16T17:01:34.200756,0.0242334257973961,2026-03-16T17:01:35.041000,88,,,
participant_20,1,day,Town10HD_Opt,2026-03-16 17:01:36.268994,43.30929183959961,64.06133270263672,0.0019121170043945,30.555,-13.051,0.493,0.0,0,0,1,,0.883,2026-03-16T17:01:36.268994,happy,0.812,2026-03-16T17:01:36.268994,0.0479673327342181,2026-03-16T17:01:37.021000,85,,,
participant_20,1,day,Town10HD_Opt,2026-03-16 17:01:37.144191,47.08258819580078,67.89161682128906,0.0020721436012536,30.88,-14.879,0.384,0.0,0,0,1,,0.817,2026-03-16T17:01:37.144191,happy,0.812,2026-03-16T17:01:36.268994,0.02,2026-03-16T17:01:37.021000,84,,,
participant_20,1,day,Town10HD_Opt,2026-03-16 17:01:38.090334,51.97236251831055,70.02892303466797,0.0020830153953284,30.473,-13.875,0.383,0.0,0,0,1,,1.0,2026-03-16T17:01:38.090334,happy,0.812,2026-03-16T17:01:36.268994,0.0736950352515027,2026-03-16T17:01:38.012000,83,,,
participant_20,1,day,Town10HD_Opt,2026-03-16 17:01:38.988247,57.24468994140625,70.40078735351562,0.0020701216999441,30.148,-6.128,0.294,0.0,0,0,1,,1.0,2026-03-16T17:01:38.988247,happy,0.899,2026-03-16T17:01:38.988247,0.0375362101348339,2026-03-16T17:01:39.047000,84,,,
participant_20,1,day,Town10HD_Opt,2026-03-16 17:01:40.188778,63.96160507202149,69.97560119628906,0.0021437453106045,26.727,0.9,0.214,0.0,0,0,1,,1.0,2026-03-16T17:01:40.188778,happy,0.899,2026-03-16T17:01:38.988247,0.02,2026-03-16T17:01:41.026000,82,,,
participant_20,1,day,Town10HD_Opt,2026-03-16 17:01:41.096391,68.32083129882812,69.83010864257812,0.0022233962081372,21.884,0.83,0.0,0.0,0,0,1,,1.0,2026-03-16T17:01:41.096391,neutral,0.568,2026-03-16T17:01:41.096391,0.02,2026-03-16T17:01:41.026000,82,,,
participant_20,1,day,Town10HD_Opt,2026-03-16 17:01:42.285187,72.659912109375,69.76644134521484,0.0019990156870335,15.951,1.177,0.159,0.0,0,0,1,,1.0,2026-03-16T17:01:42.285187,neutral,0.568,2026-03-16T17:01:41.096391,0.113086723751903,2026-03-16T17:01:43.052000,86,,,
participant_20,1,day,Town10HD_Opt,2026-03-16 17:01:43.184471,75.3119888305664,69.78643035888672,0.0019749067723751,14.25,0.985,0.117,0.0,0,0,1,,1.0,2026-03-16T17:01:43.184471,neutral,0.699,2026-03-16T17:01:43.184471,0.02,2026-03-16T17:01:44.042000,90,,,
participant_20,1,day,Town10HD_Opt,2026-03-16 17:01:44.112947,77.6783447265625,69.82376861572266,0.0019686508458107,12.694,0.016,0.115,0.0,0,0,1,,1.0,2026-03-16T17:01:44.112947,neutral,0.699,2026-03-16T17:01:43.184471,0.0479964324151624,2026-03-16T17:01:44.042000,89,,,
participant_20,1,day,Town10HD_Opt,2026-03-16 17:01:45.019580,79.7950439453125,69.85142517089844,0.0019598007202148,11.417,-0.122,0.115,0.0,0,0,1,,0.886,2026-03-16T17:01:45.019580,neutral,0.699,2026-03-16T17:01:43.184471,0.0508948606034132,2026-03-16T17:01:45.034000,93,,,
participant_20,1,day,Town10HD_Opt,2026-03-16 17:01:46.210568,82.30003356933594,69.8807144165039,0.0019650650210678,9.602,-0.073,0.0,0.0,0,0,1,,0.89,2026-03-16T17:01:46.210568,neutral,0.6,2026-03-16T17:01:46.210568,0.1009029819685522,2026-03-16T17:01:47.012000,87,,,
participant_20,1,day,Town10HD_Opt,2026-03-16 17:01:47.128428,83.85633850097656,69.89836120605469,0.0018767928704619,10.158,0.157,0.988,0.0,0,0,1,,0.836,2026-03-16T17:01:47.128428,neutral,0.6,2026-03-16T17:01:46.210568,0.1151810321057918,2026-03-16T17:01:47.012000,88,,,
participant_20,1,day,Town10HD_Opt,2026-03-16 17:01:48.091336,86.74267578125,70.07002258300781,0.0017574691446498,23.088,8.847,0.754,0.0,0,0,1,,0.805,2026-03-16T17:01:48.091336,neutral,0.6,2026-03-16T17:01:46.210568,0.1460163240523415,2026-03-16T17:01:48.046000,87,,,
participant_20,1,day,Town10HD_Opt,2026-03-16 17:01:49.025726,91.09225463867188,71.05757141113281,0.0020445631816983,25.698,13.146,0.229,0.0,0,0,1,,0.913,2026-03-16T17:01:49.025726,happy,0.862,2026-03-16T17:01:49.025726,0.3017677229707118,2026-03-16T17:01:49.036000,87,,,
participant_20,1,day,Town10HD_Opt,2026-03-16 17:01:50.190303,95.55384826660156,74.22108459472656,0.0021671294234693,22.09,20.654,0.317,0.0,0,0,1,,0.827,2026-03-16T17:01:50.190303,happy,0.862,2026-03-16T17:01:49.025726,0.4819331878020354,2026-03-16T17:01:51.017000,88,,,
participant_20,1,day,Town10HD_Opt,2026-03-16 17:01:51.101397,97.41104125976562,77.6833267211914,0.0019287872128188,24.943,11.368,0.667,0.0,0,0,1,,1.0,2026-03-16T17:01:51.101397,happy,0.707,2026-03-16T17:01:51.101397,0.4047830408725256,2026-03-16T17:01:51.017000,87,,,
participant_20,1,day,Town10HD_Opt,2026-03-16 17:01:52.067930,98.63514709472656,82.63821411132812,0.0016565322875976,35.231,9.552,0.861,0.0,0,0,1,,1.0,2026-03-16T17:01:52.067930,happy,0.707,2026-03-16T17:01:51.101397,0.4922557242561157,2026-03-16T17:01:52.051000,86,,,
participant_20,1,day,Town10HD_Opt,2026-03-16 17:01:53.275292,98.52272033691406,92.55460357666016,0.0017317199381068,49.451,0.061,0.628,0.0,0,0,1,,1.0,2026-03-16T17:01:53.275292,happy,0.809,2026-03-16T17:01:53.275292,0.6282220821853377,2026-03-16T17:01:54.032000,87,,,
participant_20,1,day,Town10HD_Opt,2026-03-16 17:01:54.194854,97.73866271972656,100.9966812133789,0.0021901703439652,46.074,7.644,0.633,0.0,0,0,1,,0.851,2026-03-16T17:01:54.194854,happy,0.809,2026-03-16T17:01:53.275292,0.7622220461180093,2026-03-16T17:01:55.022000,84,,,
participant_20,1,day,Town10HD_Opt,2026-03-16 17:01:55.034818,95.26416778564452,108.95549774169922,0.0018598174210637,51.048,5.638,0.0,0.0,0,0,1,,1.0,2026-03-16T17:01:55.034818,happy,0.809,2026-03-16T17:01:53.275292,0.6790451640795756,2026-03-16T17:01:55.022000,87,,,
participant_20,1,day,Town10HD_Opt,2026-03-16 17:01:56.213380,89.15670776367188,118.79886627197266,0.0019932175055146,50.189,6.782,0.591,0.0,0,0,1,,0.834,2026-03-16T17:01:56.213380,neutral,0.78,2026-03-16T17:01:56.213380,0.7759639715450531,2026-03-16T17:01:57.046000,84,,,
participant_20,1,day,Town10HD_Opt,2026-03-16 17:01:57.135095,83.01295471191406,124.92540740966795,0.0020864487159997,49.093,8.005,0.591,0.0,0,0,1,,0.86,2026-03-16T17:01:57.135095,neutral,0.78,2026-03-16T17:01:56.213380,0.7922925873264688,2026-03-16T17:01:57.046000,84,,,
participant_20,1,day,Town10HD_Opt,2026-03-16 17:01:58.054693,75.26885986328125,128.87942504882812,0.0020164106972515,49.981,6.957,0.591,0.0,0,0,1,,0.81,2026-03-16T17:01:58.054693,neutral,0.78,2026-03-16T17:01:56.213380,0.7568837152425889,2026-03-16T17:01:58.036000,83,,,
participant_20,1,day,Town10HD_Opt,2026-03-16 17:01:59.276430,63.87200546264648,130.6505126953125,0.001984252827242,50.588,0.298,0.0,0.0,0,0,1,,1.0,2026-03-16T17:01:59.276430,neutral,0.452,2026-03-16T17:01:59.276430,0.7461037063618835,2026-03-16T17:02:00.106000,81,,,
participant_20,1,day,Town10HD_Opt,2026-03-16 17:02:00.271309,55.216346740722656,130.90725708007812,0.0020166777539998,49.79,1.243,0.568,0.0,0,0,1,,1.0,2026-03-16T17:02:00.271309,neutral,0.452,2026-03-16T17:01:59.276430,0.6971462672872067,2026-03-16T17:02:01.052000,78,,,
participant_20,1,day,Town10HD_Opt,2026-03-16 17:02:01.206286,46.48946762084961,130.87890625,0.0021136093419045,48.967,0.12,0.568,0.0,0,0,1,,1.0,2026-03-16T17:02:01.206286,neutral,0.452,2026-03-16T17:01:59.276430,0.7151874022361749,2026-03-16T17:02:02.042000,81,,,
participant_20,1,day,Town10HD_Opt,2026-03-16 17:02:02.198698,37.800575256347656,130.6992645263672,0.0019868467934429,50.618,-0.052,0.0,0.0,0,0,1,,1.0,2026-03-16T17:02:02.198698,neutral,0.608,2026-03-16T17:02:02.198698,0.574197105696393,2026-03-16T17:02:03.033000,84,,,
participant_20,1,day,Town10HD_Opt,2026-03-16 17:02:03.157585,29.23666763305664,130.52593994140625,0.0022010039538145,46.526,-0.197,0.0,0.0,0,0,1,,1.0,2026-03-16T17:02:03.157585,neutral,0.608,2026-03-16T17:02:02.198698,0.5775893271440615,2026-03-16T17:02:04.022000,80,,,
participant_20,1,day,Town10HD_Opt,2026-03-16 17:02:04.077975,22.01615524291992,130.42709350585938,0.0023638915736228,35.768,-0.059,0.0,0.0,0,0,1,,1.0,2026-03-16T17:02:04.077975,neutral,0.608,2026-03-16T17:02:02.198698,0.5883023646605701,2026-03-16T17:02:04.022000,81,,,
participant_20,1,day,Town10HD_Opt,2026-03-16 17:02:05.033160,16.38554573059082,130.3667755126953,0.0022350309882313,29.02,-0.127,0.308,0.0,0,0,1,,1.0,2026-03-16T17:02:05.033160,neutral,0.863,2026-03-16T17:02:05.033160,0.535252632522301,2026-03-16T17:02:05.012000,81,,,
participant_20,1,day,Town10HD_Opt,2026-03-16 17:02:06.015019,11.460943222045898,130.32725524902344,0.0020991514902561,27.265,0.04,0.299,0.0,0,0,1,,1.0,2026-03-16T17:02:06.015019,neutral,0.863,2026-03-16T17:02:05.033160,0.5416065490044587,2026-03-16T17:02:06.050000,81,,,
participant_20,1,day,Town10HD_Opt,2026-03-16 17:02:07.221966,5.298290729522705,130.272705078125,0.0020856857299804,25.474,0.106,0.297,0.0,0,0,1,,1.0,2026-03-16T17:02:07.221966,neutral,0.58,2026-03-16T17:02:07.221966,0.4541769930110795,2026-03-16T17:02:08.027000,77,,,
participant_20,1,day,Town10HD_Opt,2026-03-16 17:02:08.122841,0.9352734088897704,130.2242889404297,0.0020813751034438,24.36,-0.089,0.295,0.0,0,0,1,,1.0,2026-03-16T17:02:08.122841,neutral,0.58,2026-03-16T17:02:07.221966,0.5150418199222031,2026-03-16T17:02:08.027000,78,,,
participant_20,1,day,Town10HD_Opt,2026-03-16 17:02:09.273790,-4.577950477600098,130.1711883544922,0.0020767210517078,22.947,-0.094,0.294,0.0,0,0,1,,1.0,2026-03-16T17:02:09.273790,neutral,0.669,2026-03-16T17:02:09.273790,0.508403390151932,2026-03-16T17:02:10.053000,80,,,
participant_20,1,day,Town10HD_Opt,2026-03-16 17:02:10.206711,-8.50024127960205,130.1429901123047,0.0020892333704978,21.594,-0.092,0.069,0.0,0,0,1,,1.0,2026-03-16T17:02:10.206711,neutral,0.669,2026-03-16T17:02:09.273790,0.4321016166385087,2026-03-16T17:02:11.043000,78,,,
participant_20,1,day,Town10HD_Opt,2026-03-16 17:02:11.094828,-11.930745124816896,130.1245880126953,0.0019460296025499,17.186,-0.059,0.0,0.0,0,0,1,,1.0,2026-03-16T17:02:11.094828,neutral,0.669,2026-03-16T17:02:09.273790,0.4350329431179444,2026-03-16T17:02:11.043000,80,,,
participant_20,1,day,Town10HD_Opt,2026-03-16 17:02:12.058026,-14.613804817199709,130.1102294921875,0.0020421599037945,13.223,0.296,0.0,0.0,0,0,1,,1.0,2026-03-16T17:02:12.058026,neutral,0.877,2026-03-16T17:02:12.058026,0.4298826575891196,2026-03-16T17:02:12.032000,79,,,
participant_20,1,day,Town10HD_Opt,2026-03-16 17:02:13.019235,-16.67436408996582,130.09124755859375,0.0020171354990452,10.287,0.223,0.061,0.0,0,0,1,,0.811,2026-03-16T17:02:13.019235,neutral,0.877,2026-03-16T17:02:12.058026,0.4716906531895458,2026-03-16T17:02:13.022000,81,,,
participant_20,1,day,Town10HD_Opt,2026-03-16 17:02:14.174947,-18.79623794555664,130.06753540039062,0.0019841766916215,7.761,-0.063,0.0,0.0,0,0,1,,1.0,2026-03-16T17:02:14.174947,neutral,0.818,2026-03-16T17:02:14.174947,0.4180800707579726,2026-03-16T17:02:14.012000,82,,,
participant_20,1,day,Town10HD_Opt,2026-03-16 17:02:15.100708,-19.99957656860352,130.056884765625,0.0019803238101303,6.0,-0.214,0.0,0.0,0,0,1,,0.803,2026-03-16T17:02:15.100708,neutral,0.818,2026-03-16T17:02:14.174947,0.405336142380688,2026-03-16T17:02:15.137000,78,,,
participant_20,1,day,Town10HD_Opt,2026-03-16 17:02:16.229402,-21.217565536499023,130.0481414794922,0.0019600295927375,4.314,-0.214,0.0,0.0,0,0,1,,1.0,2026-03-16T17:02:16.229402,happy,0.674,2026-03-16T17:02:16.229402,0.3540931442465036,2026-03-16T17:02:17.027000,79,,,
participant_20,1,day,Town10HD_Opt,2026-03-16 17:02:17.146090,-21.88962173461914,130.04412841796875,0.0019508743425831,3.312,-0.214,0.0,0.0,0,0,1,,0.823,2026-03-16T17:02:17.146090,happy,0.674,2026-03-16T17:02:16.229402,0.3113878968777855,2026-03-16T17:02:17.027000,77,,,
participant_20,1,day,Town10HD_Opt,2026-03-16 17:02:18.045918,-22.72895622253418,130.03990173339844,0.0015313720796257,11.214,-0.214,1.0,0.0,0,0,1,,0.822,2026-03-16T17:02:18.045918,happy,0.674,2026-03-16T17:02:16.229402,0.4174702019521348,2026-03-16T17:02:18.017000,77,,,
participant_20,1,day,Town10HD_Opt,2026-03-16 17:02:19.209237,-27.44650650024414,129.99734497070312,0.0015645598759874,30.432,5.276,0.574,0.0,0,0,1,,0.861,2026-03-16T17:02:19.209237,happy,0.532,2026-03-16T17:02:19.209237,0.3263462488181355,2026-03-16T17:02:20.042000,74,,,
participant_20,1,day,Town10HD_Opt,2026-03-16 17:02:20.145868,-32.8610954284668,129.07493591308594,0.0021057890262454,30.472,11.359,0.297,0.0,0,0,1,,0.826,2026-03-16T17:02:20.145868,happy,0.532,2026-03-16T17:02:19.209237,0.3208547949152872,2026-03-16T17:02:20.042000,76,,,
participant_20,1,day,Town10HD_Opt,2026-03-16 17:02:21.023632,-37.33450698852539,126.65420532226562,0.0021566390059888,28.022,19.954,0.31,0.0,0,0,1,,0.905,2026-03-16T17:02:21.023632,happy,0.532,2026-03-16T17:02:19.209237,0.3164821023025452,2026-03-16T17:02:21.035000,77,,,
participant_20,1,day,Town10HD_Opt,2026-03-16 17:02:22.227065,-40.602840423583984,121.39710998535156,0.0019382475875318,25.938,9.744,0.304,0.0,0,0,1,,0.853,2026-03-16T17:02:22.227065,neutral,0.74,2026-03-16T17:02:22.227065,0.3229770169812136,2026-03-16T17:02:23.012000,77,,,
participant_20,1,day,Town10HD_Opt,2026-03-16 17:02:23.193292,-41.59265899658203,117.05711364746094,0.001986808842048,25.162,8.258,0.475,0.0,0,0,1,,1.0,2026-03-16T17:02:23.193292,neutral,0.74,2026-03-16T17:02:22.227065,0.2684459996964748,2026-03-16T17:02:24.047000,81,,,
participant_20,1,day,Town10HD_Opt,2026-03-16 17:02:24.163598,-41.8228759765625,112.45500946044922,0.0019368743523955,28.197,2.186,0.528,0.0,0,0,1,,1.0,2026-03-16T17:02:24.163598,neutral,0.74,2026-03-16T17:02:22.227065,0.2403566230090635,2026-03-16T17:02:24.047000,80,,,
participant_20,1,day,Town10HD_Opt,2026-03-16 17:02:25.126911,-41.76944732666016,107.15792083740234,0.001872711116448,33.091,0.247,0.59,0.0,0,0,1,,1.0,2026-03-16T17:02:25.126911,neutral,0.845,2026-03-16T17:02:25.126911,0.2249995508518875,2026-03-16T17:02:25.035000,82,,,
participant_20,1,day,Town10HD_Opt,2026-03-16 17:02:26.134161,-41.64741134643555,101.17747497558594,0.002034721430391,34.261,-0.021,0.358,0.0,0,0,1,,1.0,2026-03-16T17:02:26.134161,neutral,0.845,2026-03-16T17:02:25.126911,0.1313630844146628,2026-03-16T17:02:26.027000,82,,,
participant_20,1,day,Town10HD_Opt,2026-03-16 17:02:27.092017,-41.55948638916016,95.2607879638672,0.0020754623692482,33.237,-0.707,0.358,0.0,0,0,1,,1.0,2026-03-16T17:02:27.092017,neutral,0.845,2026-03-16T17:02:25.126911,0.2777711589911263,2026-03-16T17:02:27.018000,81,,,
participant_20,1,day,Town10HD_Opt,2026-03-16 17:02:28.027116,-41.58808517456055,89.51519012451172,0.0020725631620734,32.277,-0.632,0.358,0.0,0,0,1,,1.0,2026-03-16T17:02:28.027116,neutral,0.949,2026-03-16T17:02:28.027116,0.2103606753906315,2026-03-16T17:02:28.137000,82,,,
participant_20,1,day,Town10HD_Opt,2026-03-16 17:02:29.003137,-41.66010284423828,83.92094421386719,0.0020716858562082,31.489,5.666,0.357,0.0,0,0,1,,0.807,2026-03-16T17:02:29.003137,neutral,0.949,2026-03-16T17:02:28.027116,0.2008340456225494,2026-03-16T17:02:29.046000,84,,,
participant_20,1,day,Town10HD_Opt,2026-03-16 17:02:30.248172,-40.278297424316406,76.91618347167969,0.0020973586943,29.919,10.915,0.339,0.0,0,0,1,,1.0,2026-03-16T17:02:30.248172,neutral,0.575,2026-03-16T17:02:30.248172,0.2389029211995779,2026-03-16T17:02:31.023000,78,,,
participant_20,1,day,Town10HD_Opt,2026-03-16 17:02:31.196282,-37.50641632080078,72.693359375,0.0021426391322165,28.267,21.361,0.342,0.0,0,0,1,,1.0,2026-03-16T17:02:31.196282,neutral,0.575,2026-03-16T17:02:30.248172,0.2427722109968449,2026-03-16T17:02:32.012000,81,,,
participant_20,1,day,Town10HD_Opt,2026-03-16 17:02:32.216679,-33.29697036743164,70.3932113647461,0.0021242522634565,27.183,18.775,0.349,0.0,0,0,1,,0.821,2026-03-16T17:02:32.216679,neutral,0.575,2026-03-16T17:02:30.248172,0.2224851070027228,2026-03-16T17:02:33.048000,83,,,
participant_20,1,day,Town10HD_Opt,2026-03-16 17:02:33.171900,-28.60770606994629,69.86012268066406,0.0020549392793327,27.083,3.255,0.381,0.0,0,0,1,,1.0,2026-03-16T17:02:33.171900,sad,0.451,2026-03-16T17:02:33.171900,0.1919310258898597,2026-03-16T17:02:34.037000,81,,,
participant_20,1,day,Town10HD_Opt,2026-03-16 17:02:34.088849,-23.82044792175293,69.73523712158203,0.0020121000707149,27.887,1.617,0.435,0.0,0,0,1,,1.0,2026-03-16T17:02:34.088849,sad,0.451,2026-03-16T17:02:33.171900,0.2766880216921248,2026-03-16T17:02:34.037000,82,,,
participant_20,1,day,Town10HD_Opt,2026-03-16 17:02:35.244480,-17.10541343688965,69.76654815673828,0.0020003127865493,29.712,0.033,0.432,0.0,0,0,1,,1.0,2026-03-16T17:02:35.244480,neutral,0.645,2026-03-16T17:02:35.244480,0.206752913664009,2026-03-16T17:02:36.017000,83,,,
participant_20,1,day,Town10HD_Opt,2026-03-16 17:02:36.166758,-11.8070650100708,69.8334732055664,0.0020053482148796,30.89,0.045,0.432,0.0,0,0,1,,1.0,2026-03-16T17:02:36.166758,neutral,0.645,2026-03-16T17:02:35.244480,0.189179834790658,2026-03-16T17:02:36.017000,82,,,
participant_20,1,day,Town10HD_Opt,2026-03-16 17:02:37.103327,-6.317731857299805,69.89511108398438,0.0020125198643654,31.859,-0.522,0.427,0.0,0,0,1,,1.0,2026-03-16T17:02:37.103327,neutral,0.645,2026-03-16T17:02:35.244480,0.2163283986835552,2026-03-16T17:02:37.051000,82,,,
participant_20,1,day,Town10HD_Opt,2026-03-16 17:02:38.002178,-0.6758981347084045,69.89146423339844,0.0020186232868582,32.627,0.141,0.419,0.0,0,0,1,,1.0,2026-03-16T17:02:38.002178,neutral,0.575,2026-03-16T17:02:38.002178,0.245010447630781,2026-03-16T17:02:38.042000,85,,,
participant_20,1,day,Town10HD_Opt,2026-03-16 17:02:39.182633,6.51904296875,69.86986541748047,0.0022651290055364,25.946,0.094,0.0,0.0,0,0,1,,1.0,2026-03-16T17:02:39.182633,neutral,0.575,2026-03-16T17:02:38.002178,0.2135305704068047,2026-03-16T17:02:40.022000,87,,,
participant_20,1,day,Town10HD_Opt,2026-03-16 17:02:40.125862,10.600797653198242,69.86549377441406,0.0022520828060805,19.792,0.219,0.0,0.0,0,0,1,,1.0,2026-03-16T17:02:40.125862,neutral,0.793,2026-03-16T17:02:40.125862,0.1927592897277588,2026-03-16T17:02:40.022000,85,,,
participant_20,1,day,Town10HD_Opt,2026-03-16 17:02:41.005668,13.68560791015625,69.87186431884766,0.0020206831395626,15.307,0.04,0.074,0.0,0,0,1,,1.0,2026-03-16T17:02:41.005668,neutral,0.793,2026-03-16T17:02:40.125862,0.2106799390860267,2026-03-16T17:02:41.014000,87,,,
participant_20,1,day,Town10HD_Opt,2026-03-16 17:02:42.235214,16.959827423095703,69.877197265625,0.0019619751255959,13.052,-0.303,0.13,0.0,0,0,1,,1.0,2026-03-16T17:02:42.235214,neutral,0.738,2026-03-16T17:02:42.235214,0.2756867575463798,2026-03-16T17:02:43.037000,82,,,
participant_20,1,day,Town10HD_Opt,2026-03-16 17:02:43.153158,19.16546630859375,69.87489318847656,0.0019324874738231,12.396,0.266,0.214,0.0,0,0,1,,1.0,2026-03-16T17:02:43.153158,neutral,0.738,2026-03-16T17:02:42.235214,0.269307706223978,2026-03-16T17:02:43.037000,81,,,
participant_20,1,day,Town10HD_Opt,2026-03-16 17:02:44.037645,21.359220504760746,69.88008880615234,0.0019187545403838,12.503,-0.125,0.127,0.0,0,0,1,,1.0,2026-03-16T17:02:44.037645,neutral,0.738,2026-03-16T17:02:42.235214,0.2334096714638266,2026-03-16T17:02:44.031000,79,,,
participant_20,1,day,Town10HD_Opt,2026-03-16 17:02:45.266935,23.956031799316406,69.87984466552734,0.0020044327247887,9.261,-0.136,0.0,0.0,0,0,1,,1.0,2026-03-16T17:02:45.266935,neutral,0.793,2026-03-16T17:02:45.266935,0.2400274567836253,2026-03-16T17:02:46.052000,79,,,
participant_20,1,day,Town10HD_Opt,2026-03-16 17:02:46.191477,25.31428909301757,69.87752532958984,0.0020370101556181,5.762,-0.136,0.0,0.177,0,0,1,,1.0,2026-03-16T17:02:46.191477,neutral,0.793,2026-03-16T17:02:45.266935,0.2952851240842201,2026-03-16T17:02:47.041000,81,,,
participant_20,1,day,Town10HD_Opt,2026-03-16 17:02:47.098389,25.52070426940918,69.87715911865234,0.0019853971898555,0.006,-0.134,0.0,0.0,0,0,1,,1.0,2026-03-16T17:02:47.098389,neutral,0.793,2026-03-16T17:02:45.266935,0.2504970000506893,2026-03-16T17:02:47.041000,80,,,
participant_20,1,day,Town10HD_Opt,2026-03-16 17:02:48.003718,25.69673728942871,69.87660217285156,0.0017679977463558,3.48,-0.134,0.216,0.0,0,0,1,,1.0,2026-03-16T17:02:48.003718,neutral,0.843,2026-03-16T17:02:48.003718,0.2251260370121598,2026-03-16T17:02:48.032000,80,,,
participant_20,1,day,Town10HD_Opt,2026-03-16 17:02:49.181411,26.07996940612793,69.87557220458984,0.0019612885080277,0.0,-0.125,0.0,0.086,0,0,1,,0.804,2026-03-16T17:02:49.181411,neutral,0.843,2026-03-16T17:02:48.003718,0.2168087496584449,2026-03-16T17:02:49.022000,78,,,
participant_20,1,day,Town10HD_Opt,2026-03-16 17:02:50.124429,26.611751556396484,69.87429809570312,0.0015159606700763,9.88,-0.115,0.861,0.0,0,0,1,,1.0,2026-03-16T17:02:50.124429,neutral,0.589,2026-03-16T17:02:50.124429,0.3200069933078948,2026-03-16T17:02:50.068000,79,,,errors=Stop sign violation
participant_20,1,day,Town10HD_Opt,2026-03-16 17:02:51.002045,29.318553924560547,69.86412048339844,0.0018745040288195,20.202,-0.463,0.688,0.0,0,0,1,,1.0,2026-03-16T17:02:51.002045,neutral,0.589,2026-03-16T17:02:50.124429,0.2284292243521976,2026-03-16T17:02:51.047000,77,,,
participant_20,1,day,Town10HD_Opt,2026-03-16 17:02:52.228659,34.548213958740234,69.33544158935547,0.0020944213028997,22.379,-11.723,0.19,0.0,0,0,1,,0.834,2026-03-16T17:02:52.228659,neutral,0.762,2026-03-16T17:02:52.228659,0.2253199904554947,2026-03-16T17:02:53.028000,76,,,
participant_20,1,day,Town10HD_Opt,2026-03-16 17:02:53.167375,37.98224639892578,68.04781341552734,0.002151031512767,19.631,-14.041,0.186,0.0,0,0,1,,0.806,2026-03-16T17:02:53.167375,neutral,0.762,2026-03-16T17:02:52.228659,0.3316130226900701,2026-03-16T17:02:54.017000,73,,,
participant_20,1,day,Town10HD_Opt,2026-03-16 17:02:54.068374,40.59749221801758,66.16618347167969,0.0019514083396643,18.08,-16.166,0.202,0.0,0,0,1,,0.812,2026-03-16T17:02:54.068374,neutral,0.762,2026-03-16T17:02:52.228659,0.2898196519412789,2026-03-16T17:02:54.017000,76,,,
participant_20,1,day,Town10HD_Opt,2026-03-16 17:02:55.247800,43.119754791259766,62.77714538574219,0.0020418928470462,19.064,-15.837,0.469,0.0,0,0,1,,1.0,2026-03-16T17:02:55.247800,neutral,0.362,2026-03-16T17:02:55.247800,0.3128885191215755,2026-03-16T17:02:56.042000,74,,,
participant_20,1,day,Town10HD_Opt,2026-03-16 17:02:56.243955,44.30091094970703,59.43758010864258,0.0019708632025867,21.937,-15.835,0.465,0.0,0,0,1,,1.0,2026-03-16T17:02:56.243955,neutral,0.362,2026-03-16T17:02:55.247800,0.2428844371056163,2026-03-16T17:02:57.032000,73,,,
participant_20,1,day,Town10HD_Opt,2026-03-16 17:02:57.165032,44.57667922973633,55.40925598144531,0.0019654845818877,24.665,-4.983,0.458,0.0,0,0,1,,1.0,2026-03-16T17:02:57.165032,neutral,0.362,2026-03-16T17:02:55.247800,0.2711937254809368,2026-03-16T17:02:58.024000,75,,,
participant_20,1,day,Town10HD_Opt,2026-03-16 17:02:58.164537,44.4279670715332,50.913822174072266,0.0019794844556599,26.758,-3.229,0.374,0.0,0,0,1,,0.827,2026-03-16T17:02:58.164537,neutral,0.435,2026-03-16T17:02:58.164537,0.2940304020749568,2026-03-16T17:02:58.024000,78,,,
participant_20,1,day,Town10HD_Opt,2026-03-16 17:02:59.190855,44.11834335327149,46.20792388916016,0.0021249770652502,27.166,0.277,0.356,0.0,0,0,1,,0.878,2026-03-16T17:02:59.190855,neutral,0.435,2026-03-16T17:02:58.164537,0.3243993012289431,2026-03-16T17:03:00.047000,80,,,
participant_20,1,day,Town10HD_Opt,2026-03-16 17:03:00.133596,43.877685546875,41.46392059326172,0.0020401000510901,27.276,4.964,0.369,0.0,0,0,1,,0.824,2026-03-16T17:03:00.133596,neutral,0.435,2026-03-16T17:02:58.164537,0.2745274128641093,2026-03-16T17:03:00.047000,77,,,
participant_20,1,day,Town10HD_Opt,2026-03-16 17:03:01.031019,44.30693817138672,36.73738861083984,0.0020530319306999,27.395,13.926,0.484,0.0,0,0,1,,1.0,2026-03-16T17:03:01.031019,fear,0.341,2026-03-16T17:03:01.031019,0.3462668372747864,2026-03-16T17:03:01.040000,76,,,
participant_20,1,day,Town10HD_Opt,2026-03-16 17:03:02.209357,47.3061752319336,30.90532875061035,0.0020238875877112,29.625,16.607,0.463,0.0,0,0,1,,1.0,2026-03-16T17:03:02.209357,fear,0.341,2026-03-16T17:03:01.031019,0.3461723064238645,2026-03-16T17:03:03.017000,76,,,
participant_20,1,day,Town10HD_Opt,2026-03-16 17:03:03.126985,51.54318618774414,27.80430030822754,0.0020336150191724,31.002,15.852,0.455,0.0,0,0,1,,1.0,2026-03-16T17:03:03.126985,sad,0.356,2026-03-16T17:03:03.126985,0.3676236136600986,2026-03-16T17:03:03.017000,76,,,
participant_20,1,day,Town10HD_Opt,2026-03-16 17:03:04.241937,58.67971420288086,26.42556381225586,0.0020903395488858,30.86,1.25,0.208,0.0,0,0,1,,1.0,2026-03-16T17:03:04.241937,sad,0.356,2026-03-16T17:03:03.126985,0.2756335693908096,2026-03-16T17:03:05.043000,77,,,
participant_20,1,day,Town10HD_Opt,2026-03-16 17:03:05.131784,63.78798294067383,26.075807571411133,0.0021276473999023,28.062,-1.784,0.803,0.0,0,0,1,,0.867,2026-03-16T17:03:05.131784,neutral,0.611,2026-03-16T17:03:05.131784,0.3247246313639413,2026-03-16T17:03:05.043000,76,,,
participant_20,1,day,Town10HD_Opt,2026-03-16 17:03:06.022279,69.08910369873047,25.630794525146484,0.0021007156465202,29.756,1.958,0.0,0.0,0,0,1,,0.824,2026-03-16T17:03:06.022279,neutral,0.611,2026-03-16T17:03:05.131784,0.3324916597229387,2026-03-16T17:03:06.042000,76,,,
participant_20,1,day,Town10HD_Opt,2026-03-16 17:03:07.210023,74.9937515258789,25.423980712890625,0.0022838211152702,20.059,0.818,0.0,0.313,0,0,1,,0.845,2026-03-16T17:03:07.210023,neutral,0.516,2026-03-16T17:03:07.210023,0.1975472890629858,2026-03-16T17:03:08.057000,75,,,
participant_20,1,day,Town10HD_Opt,2026-03-16 17:03:08.148084,77.95887756347656,25.393070220947266,0.0020925521384924,13.537,0.818,0.0,0.274,0,0,1,,1.0,2026-03-16T17:03:08.148084,neutral,0.516,2026-03-16T17:03:07.210023,0.353377970500972,2026-03-16T17:03:08.057000,78,,,
participant_20,1,day,Town10HD_Opt,2026-03-16 17:03:09.030740,79.9166259765625,25.39560317993164,0.0020797348115593,8.502,0.818,0.0,0.309,0,0,1,,1.0,2026-03-16T17:03:09.030740,neutral,0.516,2026-03-16T17:03:07.210023,0.2848872315935305,2026-03-16T17:03:09.047000,75,,,
participant_20,1,day,Town10HD_Opt,2026-03-16 17:03:10.202458,80.75606536865234,25.40220832824707,0.0020167923066765,0.0,0.818,0.0,0.386,0,0,1,,1.0,2026-03-16T17:03:10.202458,neutral,0.692,2026-03-16T17:03:10.202458,0.3079733754687692,2026-03-16T17:03:11.027000,77,,,
participant_20,1,day,Town10HD_Opt,2026-03-16 17:03:11.078342,80.75636291503906,25.402212142944336,0.001922950730659,0.003,0.016,0.0,0.0,0,0,1,,1.0,2026-03-16T17:03:11.078342,neutral,0.692,2026-03-16T17:03:10.202458,0.3002169136345096,2026-03-16T17:03:11.027000,78,,,
participant_20,1,day,Town10HD_Opt,2026-03-16 17:03:12.181746,80.75650024414062,25.40221405029297,0.0019190596649423,0.002,0.096,0.0,0.0,0,0,1,,1.0,2026-03-16T17:03:12.181746,neutral,0.692,2026-03-16T17:03:10.202458,0.2635929513449999,2026-03-16T17:03:12.017000,76,,,
participant_20,1,day,Town10HD_Opt,2026-03-16 17:03:13.060363,80.7562255859375,25.40221405029297,0.0019173049367964,0.168,0.096,0.399,0.0,0,0,1,,1.0,2026-03-16T17:03:13.060363,neutral,0.768,2026-03-16T17:03:13.060363,0.2698508266036833,2026-03-16T17:03:13.053000,78,,,
participant_20,1,day,Town10HD_Opt,2026-03-16 17:03:14.222494,81.35966491699219,25.4050235748291,0.0017464827978983,5.764,0.096,0.0,0.0,0,0,1,,1.0,2026-03-16T17:03:14.222494,neutral,0.768,2026-03-16T17:03:13.060363,0.351778376400571,2026-03-16T17:03:15.033000,75,,,
participant_20,1,day,Town10HD_Opt,2026-03-16 17:03:15.136028,82.2855453491211,25.4104118347168,0.0019546889234334,4.594,0.087,0.0,0.0,0,0,1,,1.0,2026-03-16T17:03:15.136028,neutral,0.488,2026-03-16T17:03:15.136028,0.3154970693300671,2026-03-16T17:03:15.033000,77,,,errors=Red light violation
participant_20,1,day,Town10HD_Opt,2026-03-16 17:03:16.021485,83.00157165527344,25.414852142333984,0.0019527816912159,3.475,0.087,0.0,0.0,0,0,1,,1.0,2026-03-16T17:03:16.021485,neutral,0.488,2026-03-16T17:03:15.136028,0.3762837056010333,2026-03-16T17:03:16.026000,75,,,
participant_20,1,day,Town10HD_Opt,2026-03-16 17:03:17.258130,83.7015380859375,25.41941261291504,0.001940841670148,2.979,0.061,0.996,0.0,0,0,1,,1.0,2026-03-16T17:03:17.258130,neutral,0.921,2026-03-16T17:03:17.258130,0.3018444552063707,2026-03-16T17:03:18.047000,79,,,
participant_20,1,day,Town10HD_Opt,2026-03-16 17:03:18.156237,85.34324645996094,25.427858352661133,0.0014119719853624,18.044,-1.535,0.992,0.0,0,0,1,,0.848,2026-03-16T17:03:18.156237,neutral,0.921,2026-03-16T17:03:17.258130,0.2587201902432141,2026-03-16T17:03:18.047000,83,,,
participant_20,1,day,Town10HD_Opt,2026-03-16 17:03:19.094524,89.43215942382812,25.154491424560547,0.0016304778400808,30.328,-7.579,0.809,0.0,0,0,1,,0.85,2026-03-16T17:03:19.094524,neutral,0.921,2026-03-16T17:03:17.258130,0.2313593145831677,2026-03-16T17:03:19.039000,80,,,
participant_20,1,day,Town10HD_Opt,2026-03-16 17:03:20.271824,97.25865173339844,22.70003890991211,0.0020391845609992,36.819,-13.407,0.215,0.0,0,0,1,,0.905,2026-03-16T17:03:20.271824,neutral,0.715,2026-03-16T17:03:20.271824,0.2229315264988499,2026-03-16T17:03:21.019000,77,,,
participant_20,1,day,Town10HD_Opt,2026-03-16 17:03:21.132034,101.72203063964844,18.82129096984864,0.0023175429087132,29.934,-14.173,0.0,0.0,0,0,1,,0.83,2026-03-16T17:03:21.132034,neutral,0.715,2026-03-16T17:03:20.271824,0.1996276053202549,2026-03-16T17:03:21.019000,79,,,
participant_20,1,day,Town10HD_Opt,2026-03-16 17:03:22.034816,103.83621215820312,14.728001594543455,0.0021581267938017,22.575,-12.595,0.0,0.0,0,0,1,,0.849,2026-03-16T17:03:22.034816,neutral,0.715,2026-03-16T17:03:20.271824,0.1781061661416186,2026-03-16T17:03:22.056000,80,,,
participant_20,1,day,Town10HD_Opt,2026-03-16 17:03:23.186106,105.16145324707033,9.425518989562988,0.0015855026431381,31.76,-2.527,0.994,0.0,0,0,1,,0.843,2026-03-16T17:03:23.186106,sad,0.451,2026-03-16T17:03:23.186106,0.1616894963668124,2026-03-16T17:03:24.033000,79,,,
participant_20,1,day,Town10HD_Opt,2026-03-16 17:03:24.034196,106.2910614013672,2.7492482662200928,0.001556243863888,46.765,-2.522,0.952,0.0,0,0,1,,0.814,2026-03-16T17:03:24.034196,sad,0.451,2026-03-16T17:03:23.186106,0.1765701344917399,2026-03-16T17:03:24.033000,78,,,
participant_20,1,day,Town10HD_Opt,2026-03-16 17:03:25.197969,107.11670684814452,-8.816153526306152,0.001995277358219,50.593,-1.097,0.0,0.0,0,0,1,,1.0,2026-03-16T17:03:25.197969,neutral,0.723,2026-03-16T17:03:25.197969,0.1748969716935045,2026-03-16T17:03:26.013000,77,,,
participant_20,1,day,Town10HD_Opt,2026-03-16 17:03:26.066741,107.17604064941406,-17.54876708984375,0.0020217895507812,50.419,-1.977,0.623,0.0,0,0,1,,1.0,2026-03-16T17:03:26.066741,neutral,0.723,2026-03-16T17:03:25.197969,0.1048133817309066,2026-03-16T17:03:26.013000,77,,,
participant_20,1,day,Town10HD_Opt,2026-03-16 17:03:27.233612,106.21134185791016,-28.855358123779297,0.0021364975254982,46.381,-3.389,0.393,0.0,0,0,1,,1.0,2026-03-16T17:03:27.233612,neutral,0.712,2026-03-16T17:03:27.233612,0.113801914221042,2026-03-16T17:03:28.038000,80,Solid line crossing,Solid line crossing,
participant_20,1,day,Town10HD_Opt,2026-03-16 17:03:28.094582,104.38195037841795,-36.57513427734375,0.0021147918887436,44.1,-4.778,0.393,0.0,0,0,1,,0.913,2026-03-16T17:03:28.094582,neutral,0.712,2026-03-16T17:03:27.233612,0.1093180700742172,2026-03-16T17:03:28.038000,80,,,
participant_20,1,day,Town10HD_Opt,2026-03-16 17:03:29.235749,100.23504638671876,-45.69675064086914,0.0021025848109275,41.716,-4.886,0.393,0.0,0,0,1,,0.916,2026-03-16T17:03:29.235749,sad,0.374,2026-03-16T17:03:29.235749,0.1858970517974714,2026-03-16T17:03:30.018000,83,,,
participant_20,1,day,Town10HD_Opt,2026-03-16 17:03:30.140178,95.9911880493164,-51.49479675292969,0.0020268631633371,40.374,-4.867,0.393,0.0,0,0,1,,0.87,2026-03-16T17:03:30.140178,sad,0.374,2026-03-16T17:03:29.235749,0.1929096373879847,2026-03-16T17:03:30.018000,84,,,
participant_20,1,day,Town10HD_Opt,2026-03-16 17:03:31.240417,89.22293853759766,-57.73237991333008,0.0020841215737164,38.684,-4.846,0.393,0.0,0,0,1,,1.0,2026-03-16T17:03:31.240417,angry,0.4,2026-03-16T17:03:31.240417,0.0926471467874988,2026-03-16T17:03:32.042000,83,,,
participant_20,1,day,Town10HD_Opt,2026-03-16 17:03:32.152678,83.54705047607422,-61.25954055786133,0.0020787047687917,37.686,-4.846,0.393,0.0,0,0,1,,0.893,2026-03-16T17:03:32.152678,angry,0.4,2026-03-16T17:03:31.240417,0.1734430591044532,2026-03-16T17:03:32.042000,79,Solid line crossing,Solid line crossing,
participant_20,1,day,Town10HD_Opt,2026-03-16 17:03:33.004787,77.53829193115234,-63.79240417480469,0.0020739745814353,36.837,-4.846,0.393,0.0,0,0,1,,0.899,2026-03-16T17:03:33.004787,angry,0.4,2026-03-16T17:03:31.240417,0.1912844845707014,2026-03-16T17:03:33.034000,77,,,
participant_20,1,day,Town10HD_Opt,2026-03-16 17:03:34.171154,69.26699829101562,-65.65974426269531,0.0020669936202466,35.922,-2.708,0.393,0.0,0,0,1,,0.803,2026-03-16T17:03:34.171154,neutral,0.746,2026-03-16T17:03:34.171154,0.0889837361788877,2026-03-16T17:03:35.013000,77,,,
participant_20,1,day,Town10HD_Opt,2026-03-16 17:03:35.047224,63.054466247558594,-66.30744171142578,0.0020603560842573,35.403,-1.22,0.393,0.0,0,0,1,,1.0,2026-03-16T17:03:35.047224,neutral,0.746,2026-03-16T17:03:34.171154,0.1465010502333972,2026-03-16T17:03:35.013000,78,,,
participant_20,1,day,Town10HD_Opt,2026-03-16 17:03:36.265338,54.86909103393555,-66.76073455810547,0.00205680844374,34.818,-1.144,0.393,0.0,0,0,1,,1.0,2026-03-16T17:03:36.265338,neutral,0.7,2026-03-16T17:03:36.265338,0.1064610032020593,2026-03-16T17:03:37.037000,79,,,
participant_20,1,day,Town10HD_Opt,2026-03-16 17:03:37.169148,48.66860580444336,-66.8571548461914,0.0019216537475585,37.166,-0.58,0.609,0.0,0,0,1,,1.0,2026-03-16T17:03:37.169148,neutral,0.7,2026-03-16T17:03:36.265338,0.1827690156292039,2026-03-16T17:03:38.028000,76,,,
participant_20,1,day,Town10HD_Opt,2026-03-16 17:03:38.012293,41.80457305908203,-66.84248352050781,0.0019782257732003,40.251,0.132,0.276,0.0,0,0,1,,1.0,2026-03-16T17:03:38.012293,neutral,0.7,2026-03-16T17:03:36.265338,0.1523933189187009,2026-03-16T17:03:38.028000,74,,,
participant_20,1,day,Town10HD_Opt,2026-03-16 17:03:39.205727,32.29000473022461,-66.82219696044922,0.0016763686435297,47.246,0.059,1.0,0.0,0,0,1,,0.809,2026-03-16T17:03:39.205727,neutral,0.852,2026-03-16T17:03:39.205727,0.0716523486049403,2026-03-16T17:03:40.053000,80,,,
participant_20,1,day,Town10HD_Opt,2026-03-16 17:03:40.063091,23.41839599609375,-66.83363342285156,0.0021997832227498,48.517,0.181,1.0,0.0,0,0,1,,0.803,2026-03-16T17:03:40.063091,neutral,0.852,2026-03-16T17:03:39.205727,0.1493613438813943,2026-03-16T17:03:40.053000,76,,,
participant_20,1,day,Town10HD_Opt,2026-03-16 17:03:41.183184,11.780404090881348,-66.93187713623047,0.0021857833489775,48.732,0.11,1.0,0.0,0,0,1,,1.0,2026-03-16T17:03:41.183184,neutral,0.852,2026-03-16T17:03:39.205727,0.089913798776767,2026-03-16T17:03:42.033000,78,,,
participant_20,1,day,Town10HD_Opt,2026-03-16 17:03:42.041648,2.952711343765259,-67.05900573730469,0.0022261429112404,48.303,0.11,1.0,0.0,0,0,1,,1.0,2026-03-16T17:03:42.041648,neutral,0.594,2026-03-16T17:03:42.041648,0.1629868038153021,2026-03-16T17:03:42.033000,79,,,
participant_20,1,day,Town10HD_Opt,2026-03-16 17:03:43.212051,-8.712590217590332,-67.28997039794922,0.0020925139542669,49.762,0.078,1.0,0.0,0,0,1,,1.0,2026-03-16T17:03:43.212051,neutral,0.594,2026-03-16T17:03:42.041648,0.1891787680483739,2026-03-16T17:03:44.013000,76,,,
participant_20,1,day,Town10HD_Opt,2026-03-16 17:03:44.031659,-17.542585372924805,-67.50273132324219,0.0021869277115911,48.844,0.059,1.0,0.0,0,0,1,,0.816,2026-03-16T17:03:44.031659,neutral,0.594,2026-03-16T17:03:42.041648,0.0846437041401556,2026-03-16T17:03:44.013000,76,,,
participant_20,1,day,Town10HD_Opt,2026-03-16 17:03:45.134560,-29.24308586120605,-67.81835174560547,0.0019846344366669,50.997,0.026,0.0,0.0,0,0,1,,1.0,2026-03-16T17:03:45.134560,neutral,0.595,2026-03-16T17:03:45.134560,0.1233495977324174,2026-03-16T17:03:45.048000,77,,,
participant_20,1,day,Town10HD_Opt,2026-03-16 17:03:46.214328,-41.04366302490234,-68.15982055664062,0.0018420028500258,52.399,0.005,0.0,0.243,0,0,1,,1.0,2026-03-16T17:03:46.214328,neutral,0.595,2026-03-16T17:03:45.134560,0.0958486026695429,2026-03-16T17:03:47.029000,76,,,
participant_20,1,day,Town10HD_Opt,2026-03-16 17:03:47.047526,-49.73102951049805,-68.41216278076172,0.0019401931203901,51.052,-0.317,1.0,0.0,0,0,1,,0.869,2026-03-16T17:03:47.047526,neutral,0.595,2026-03-16T17:03:45.134560,0.1587937759627971,2026-03-16T17:03:47.029000,77,,,
participant_20,1,day,Town10HD_Opt,2026-03-16 17:03:48.150119,-61.55439376831055,-68.3660888671875,0.0019009780371561,51.958,-4.091,0.0,0.196,0,0,1,,0.812,2026-03-16T17:03:48.150119,neutral,0.714,2026-03-16T17:03:48.150119,0.0843364844208641,2026-03-16T17:03:48.018000,76,,,
participant_20,1,day,Town10HD_Opt,2026-03-16 17:03:49.258743,-72.85021209716797,-66.62034606933594,0.0021640013437718,45.964,-0.345,0.257,0.0,0,0,1,,0.803,2026-03-16T17:03:49.258743,neutral,0.714,2026-03-16T17:03:48.150119,0.2191102634728831,2026-03-16T17:03:50.042000,75,,,
participant_20,1,day,Town10HD_Opt,2026-03-16 17:03:50.166695,-80.39954376220703,-64.78099822998047,0.0020334625151008,44.576,-4.938,0.627,0.0,0,0,1,,1.0,2026-03-16T17:03:50.166695,neutral,0.681,2026-03-16T17:03:50.166695,0.2144468119599919,2026-03-16T17:03:50.042000,77,,,
participant_20,1,day,Town10HD_Opt,2026-03-16 17:03:50.989725,-87.95427703857422,-61.65023422241211,0.0018571090186014,49.969,-4.575,0.704,0.0,0,0,1,,0.851,2026-03-16T17:03:50.989725,neutral,0.681,2026-03-16T17:03:50.166695,0.2071978901833833,2026-03-16T17:03:51.033000,75,,,
participant_20,1,day,Town10HD_Opt,2026-03-16 17:03:52.196687,-97.39875030517578,-54.93896865844727,0.001951637212187,50.819,-5.746,0.0,0.0,0,0,1,,1.0,2026-03-16T17:03:52.196687,neutral,0.803,2026-03-16T17:03:52.196687,0.18756628365229,2026-03-16T17:03:53.012000,77,,,
participant_20,1,day,Town10HD_Opt,2026-03-16 17:03:53.162360,-102.95204162597656,-48.22589874267578,0.0019628142472356,50.885,-5.049,0.0,0.0,0,0,1,,0.876,2026-03-16T17:03:53.162360,neutral,0.803,2026-03-16T17:03:52.196687,0.1052513233017912,2026-03-16T17:03:53.012000,75,,,
participant_20,1,day,Town10HD_Opt,2026-03-16 17:03:54.041240,-106.94585418701172,-40.576419830322266,0.0019855499267578,50.151,-5.269,0.677,0.0,0,0,1,,1.0,2026-03-16T17:03:54.041240,neutral,0.803,2026-03-16T17:03:52.196687,0.2848243069972004,2026-03-16T17:03:54.138000,77,,,
participant_20,1,day,Town10HD_Opt,2026-03-16 17:03:55.210945,-109.65460968017578,-29.484952926635746,0.0022174834739416,45.504,-1.925,0.0,0.0,0,0,1,,1.0,2026-03-16T17:03:55.210945,neutral,0.74,2026-03-16T17:03:55.210945,0.173589838293876,2026-03-16T17:03:56.028000,78,,,
participant_20,1,day,Town10HD_Opt,2026-03-16 17:03:56.105959,-110.32160186767578,-22.43521881103516,0.0024144363123923,34.165,-0.759,0.0,0.328,0,0,1,,0.863,2026-03-16T17:03:56.105959,neutral,0.74,2026-03-16T17:03:55.210945,0.2058483672518042,2026-03-16T17:03:56.028000,80,,,
participant_20,1,day,Town10HD_Opt,2026-03-16 17:03:57.238017,-110.71320343017578,-15.878926277160645,0.0023272703401744,21.792,-2.139,0.0,0.255,0,0,1,,1.0,2026-03-16T17:03:57.238017,neutral,0.524,2026-03-16T17:03:57.238017,0.243204189161741,2026-03-16T17:03:58.053000,81,,,
participant_20,1,day,Town10HD_Opt,2026-03-16 17:03:58.172859,-110.74884796142578,-12.594182014465332,0.0020048904698342,15.989,-1.739,0.0,0.0,0,0,1,,1.0,2026-03-16T17:03:58.172859,neutral,0.524,2026-03-16T17:03:57.238017,0.197281962838726,2026-03-16T17:03:58.053000,82,,,
participant_20,1,day,Town10HD_Opt,2026-03-16 17:03:59.102384,-110.71534729003906,-10.115471839904783,0.0020374679006636,12.171,-0.731,0.0,0.0,0,0,1,,1.0,2026-03-16T17:03:59.102384,neutral,0.524,2026-03-16T17:03:57.238017,0.2683997991281038,2026-03-16T17:03:59.042000,83,,,
participant_20,1,day,Town10HD_Opt,2026-03-16 17:04:00.035884,-110.68765258789062,-8.219482421875,0.0020084762945771,9.346,0.275,0.0,0.0,0,0,1,,1.0,2026-03-16T17:04:00.035884,neutral,0.391,2026-03-16T17:04:00.035884,0.2597448552500204,2026-03-16T17:04:00.033000,81,,,
participant_20,1,day,Town10HD_Opt,2026-03-16 17:04:01.259068,-110.66950988769533,-6.428001403808594,0.0020186996553093,5.532,0.228,0.0,0.122,0,0,1,,1.0,2026-03-16T17:04:01.259068,neutral,0.391,2026-03-16T17:04:00.035884,0.2201620605751771,2026-03-16T17:04:02.013000,82,,,
participant_20,1,day,Town10HD_Opt,2026-03-16 17:04:02.229780,-110.66362762451172,-5.742159366607666,0.0021864699665457,0.0,0.204,0.0,0.115,0,0,1,,1.0,2026-03-16T17:04:02.229780,neutral,0.618,2026-03-16T17:04:02.229780,0.2668229157494684,2026-03-16T17:04:03.048000,83,,,
participant_20,1,day,Town10HD_Opt,2026-03-16 17:04:03.095147,-110.6636199951172,-5.7412543296813965,0.001934242201969,0.019,0.204,0.0,0.0,0,0,1,,1.0,2026-03-16T17:04:03.095147,neutral,0.618,2026-03-16T17:04:02.229780,0.1742940687167681,2026-03-16T17:04:03.048000,83,,,
participant_20,1,day,Town10HD_Opt,2026-03-16 17:04:04.258578,-110.6636199951172,-5.7401323318481445,0.0019191360333934,0.002,0.195,0.0,0.0,0,0,1,,0.808,2026-03-16T17:04:04.258578,neutral,0.575,2026-03-16T17:04:04.258578,0.2272509063430794,2026-03-16T17:04:05.026000,89,,,
participant_20,1,day,Town10HD_Opt,2026-03-16 17:04:05.164805,-110.6636199951172,-5.739928245544434,0.0019192122854292,0.001,0.193,0.0,0.0,0,0,1,,1.0,2026-03-16T17:04:05.164805,neutral,0.575,2026-03-16T17:04:04.258578,0.2315880098060592,2026-03-16T17:04:06.017000,92,,,
participant_20,1,day,Town10HD_Opt,2026-03-16 17:04:06.258238,-110.6636199951172,-5.739851474761963,0.0019191741012036,0.001,0.226,0.0,0.0,0,0,1,,1.0,2026-03-16T17:04:06.258238,neutral,0.575,2026-03-16T17:04:04.258578,0.2983816700709516,2026-03-16T17:04:07.053000,90,,,
participant_20,1,day,Town10HD_Opt,2026-03-16 17:04:07.136909,-110.6636199951172,-5.739749431610107,0.0019188689766451,0.006,0.244,0.0,0.0,0,0,1,,1.0,2026-03-16T17:04:07.136909,neutral,0.443,2026-03-16T17:04:07.136909,0.2130650375949056,2026-03-16T17:04:07.053000,91,,,
participant_20,1,day,Town10HD_Opt,2026-03-16 17:04:08.092042,-110.6636199951172,-5.739800453186035,0.0019187163561582,0.006,0.244,0.0,0.0,0,0,1,,1.0,2026-03-16T17:04:08.092042,neutral,0.443,2026-03-16T17:04:07.136909,0.2030736912791028,2026-03-16T17:04:08.149000,90,,,
participant_20,1,day,Town10HD_Opt,2026-03-16 17:04:09.205843,-110.6636199951172,-5.7396979331970215,0.0019187163561582,0.006,0.244,0.0,0.0,0,0,1,,1.0,2026-03-16T17:04:09.205843,neutral,0.389,2026-03-16T17:04:09.205843,0.2533105407863076,2026-03-16T17:04:10.023000,94,,,
participant_20,1,day,Town10HD_Opt,2026-03-16 17:04:10.076095,-110.6636199951172,-5.739711284637451,0.0019189834129065,0.007,0.263,0.0,0.0,0,0,1,,1.0,2026-03-16T17:04:10.076095,neutral,0.389,2026-03-16T17:04:09.205843,0.2111078550397037,2026-03-16T17:04:10.023000,91,,,
participant_20,1,day,Town10HD_Opt,2026-03-16 17:04:11.175655,-110.6636199951172,-5.739627361297607,0.0019189452286809,0.002,0.266,0.0,0.0,0,0,1,,1.0,2026-03-16T17:04:11.175655,neutral,0.389,2026-03-16T17:04:09.205843,0.1595359420434594,2026-03-16T17:04:11.059000,91,,,
participant_20,1,day,Town10HD_Opt,2026-03-16 17:04:12.070787,-110.6636199951172,-5.73945951461792,0.0019190596649423,0.002,0.282,0.0,0.0,0,0,1,,1.0,2026-03-16T17:04:12.070787,neutral,0.388,2026-03-16T17:04:12.070787,0.2426745280711531,2026-03-16T17:04:12.048000,92,,,
participant_20,1,day,Town10HD_Opt,2026-03-16 17:04:13.203077,-110.6636199951172,-5.7393798828125,0.0019192122854292,0.002,0.322,0.0,0.0,0,0,1,,1.0,2026-03-16T17:04:13.203077,neutral,0.388,2026-03-16T17:04:12.070787,0.2518422220680191,2026-03-16T17:04:14.028000,89,,,
participant_20,1,day,Town10HD_Opt,2026-03-16 17:04:14.069726,-110.6636199951172,-5.739168167114258,0.001919021597132,0.001,0.322,0.0,0.0,0,0,1,,1.0,2026-03-16T17:04:14.069726,neutral,0.388,2026-03-16T17:04:12.070787,0.1792206895713868,2026-03-16T17:04:14.028000,91,,,
participant_20,1,day,Town10HD_Opt,2026-03-16 17:04:15.234631,-110.6636199951172,-5.739084720611572,0.0019192122854292,0.001,0.322,0.0,0.0,0,0,1,,1.0,2026-03-16T17:04:15.234631,sad,0.361,2026-03-16T17:04:15.234631,0.2643967431133848,2026-03-16T17:04:16.052000,87,,,
participant_20,1,day,Town10HD_Opt,2026-03-16 17:04:16.067864,-110.6636199951172,-5.739085674285889,0.0019189071608707,0.006,0.322,0.0,0.0,0,0,1,,0.836,2026-03-16T17:04:16.067864,sad,0.361,2026-03-16T17:04:15.234631,0.2188290102388052,2026-03-16T17:04:16.052000,86,,,
participant_20,1,day,Town10HD_Opt,2026-03-16 17:04:17.167186,-110.6636199951172,-5.738984107971191,0.0019189071608707,0.006,0.322,0.0,0.0,0,0,1,,1.0,2026-03-16T17:04:17.167186,sad,0.361,2026-03-16T17:04:15.234631,0.2196887697897433,2026-03-16T17:04:17.043000,82,,,
participant_20,1,day,Town10HD_Opt,2026-03-16 17:04:18.019026,-110.66355895996094,-5.69356107711792,0.0017871856689453,2.603,1.055,0.8,0.0,0,0,1,,1.0,2026-03-16T17:04:18.019026,neutral,0.696,2026-03-16T17:04:18.019026,0.195419204031065,2026-03-16T17:04:18.033000,83,,,
participant_20,1,day,Town10HD_Opt,2026-03-16 17:04:19.168778,-110.66278839111328,-4.672367095947266,0.0019453429849818,4.053,0.578,0.0,0.0,0,0,1,,1.0,2026-03-16T17:04:19.168778,neutral,0.696,2026-03-16T17:04:18.019026,0.1742410118008921,2026-03-16T17:04:19.023000,81,,,
participant_20,1,day,Town10HD_Opt,2026-03-16 17:04:20.264144,-110.65859985351562,-3.8681156635284415,0.0019570540171116,2.708,-0.329,0.603,0.0,0,0,1,,1.0,2026-03-16T17:04:20.264144,neutral,0.665,2026-03-16T17:04:20.264144,0.2516286734680227,2026-03-16T17:04:21.048000,84,,,
participant_20,1,day,Town10HD_Opt,2026-03-16 17:04:21.107402,-110.65096282958984,-2.453119993209839,0.001421699533239,15.682,0.04,1.0,0.0,0,0,1,,1.0,2026-03-16T17:04:21.107402,neutral,0.665,2026-03-16T17:04:20.264144,0.2814557500174653,2026-03-16T17:04:21.048000,84,,,
participant_20,1,day,Town10HD_Opt,2026-03-16 17:04:22.269994,-110.6003875732422,3.392207145690918,0.001559677068144,35.189,-3.186,0.421,0.0,0,0,1,,0.868,2026-03-16T17:04:22.269994,neutral,0.375,2026-03-16T17:04:22.269994,0.2599875400582169,2026-03-16T17:04:23.028000,83,,,
participant_20,1,day,Town10HD_Opt,2026-03-16 17:04:23.176526,-109.99949645996094,9.53956127166748,0.0021050262730568,33.61,-5.931,0.226,0.0,0,0,1,,0.825,2026-03-16T17:04:23.176526,neutral,0.375,2026-03-16T17:04:22.269994,0.2834297515520728,2026-03-16T17:04:23.028000,84,,,
participant_20,1,day,Town10HD_Opt,2026-03-16 17:04:24.046623,-108.46959686279295,14.884909629821776,0.0021646118257194,29.739,-10.67,0.226,0.0,0,0,1,,1.0,2026-03-16T17:04:24.046623,neutral,0.375,2026-03-16T17:04:22.269994,0.1864340736859052,2026-03-16T17:04:24.063000,83,,,
participant_20,1,day,Town10HD_Opt,2026-03-16 17:04:25.282209,-104.9159164428711,20.1683406829834,0.0022270202171057,24.075,-11.496,0.0,0.0,0,0,1,,1.0,2026-03-16T17:04:25.282209,neutral,0.314,2026-03-16T17:04:25.282209,0.2108675818035976,2026-03-16T17:04:26.043000,80,,,
participant_20,1,day,Town10HD_Opt,2026-03-16 17:04:26.224899,-102.02840423583984,22.49837112426757,0.0022471619304269,17.955,-10.555,0.0,0.0,0,0,1,,1.0,2026-03-16T17:04:26.224899,neutral,0.314,2026-03-16T17:04:25.282209,0.1330599399782941,2026-03-16T17:04:27.033000,79,,,
participant_20,1,day,Town10HD_Opt,2026-03-16 17:04:27.152481,-99.531982421875,23.80139923095703,0.0020672988612204,13.637,-10.732,0.0,0.126,0,0,1,,1.0,2026-03-16T17:04:27.152481,neutral,0.314,2026-03-16T17:04:25.282209,0.2304673363739074,2026-03-16T17:04:27.033000,83,,,
participant_20,1,day,Town10HD_Opt,2026-03-16 17:04:28.100650,-97.60588836669922,24.48182487487793,0.0020537949167191,9.254,-10.547,0.0,0.174,0,0,1,,1.0,2026-03-16T17:04:28.100650,neutral,0.591,2026-03-16T17:04:28.100650,0.2055044209404148,2026-03-16T17:04:28.023000,82,,,
participant_20,1,day,Town10HD_Opt,2026-03-16 17:04:29.053190,-96.28306579589844,24.80765151977539,0.0020349882543087,5.879,-10.519,0.0,0.147,0,0,1,,1.0,2026-03-16T17:04:29.053190,neutral,0.591,2026-03-16T17:04:28.100650,0.1706813033154969,2026-03-16T17:04:29.058000,82,,,
participant_20,1,day,Town10HD_Opt,2026-03-16 17:04:30.026994,-95.6961898803711,24.91756248474121,0.0016339110443368,8.008,-10.504,1.0,0.0,0,0,1,,1.0,2026-03-16T17:04:30.026994,neutral,0.591,2026-03-16T17:04:28.100650,0.2775872021904518,2026-03-16T17:04:30.048000,82,,,
participant_20,1,day,Town10HD_Opt,2026-03-16 17:04:30.990115,-93.07193756103516,25.213069915771484,0.0017454909393563,22.044,-5.122,0.798,0.0,0,0,1,,1.0,2026-03-16T17:04:30.990115,neutral,0.609,2026-03-16T17:04:30.990115,0.2415738547729935,2026-03-16T17:04:31.039000,80,,,
participant_20,1,day,Town10HD_Opt,2026-03-16 17:04:32.230657,-87.2689437866211,25.692007064819336,0.0020012282766401,26.166,1.076,0.385,0.0,0,0,1,,1.0,2026-03-16T17:04:32.230657,neutral,0.609,2026-03-16T17:04:30.990115,0.2511838248380142,2026-03-16T17:04:33.063000,79,,,
participant_20,1,day,Town10HD_Opt,2026-03-16 17:04:33.185417,-82.67431640625,26.19532966613769,0.0020241546444594,26.724,0.221,0.174,0.0,0,0,1,,1.0,2026-03-16T17:04:33.185417,neutral,0.403,2026-03-16T17:04:33.185417,0.2032535792694225,2026-03-16T17:04:33.063000,80,,,
participant_20,1,day,Town10HD_Opt,2026-03-16 17:04:34.097901,-78.34486389160156,26.67922592163086,0.0022275543306022,22.095,-0.632,0.0,0.0,0,0,1,,1.0,2026-03-16T17:04:34.097901,neutral,0.403,2026-03-16T17:04:33.185417,0.1882205437496059,2026-03-16T17:04:34.054000,75,,,
participant_20,1,day,Town10HD_Opt,2026-03-16 17:04:35.281531,-74.07310485839844,27.08466339111328,0.0020274734124541,15.177,-1.474,0.0,0.071,0,0,1,,1.0,2026-03-16T17:04:35.281531,fear,0.376,2026-03-16T17:04:35.281531,0.216770867545323,2026-03-16T17:04:36.034000,76,,,
participant_20,1,day,Town10HD_Opt,2026-03-16 17:04:36.258166,-71.76909637451172,27.24433135986328,0.0020502470433712,10.989,-1.42,0.0,0.09,0,0,1,,1.0,2026-03-16T17:04:36.258166,fear,0.376,2026-03-16T17:04:35.281531,0.3089535020203444,2026-03-16T17:04:37.024000,78,,,
participant_20,1,day,Town10HD_Opt,2026-03-16 17:04:37.230441,-70.12218475341797,27.332387924194336,0.002025184687227,7.656,-1.412,0.0,0.075,0,0,1,,1.0,2026-03-16T17:04:37.230441,fear,0.376,2026-03-16T17:04:35.281531,0.2455578830147705,2026-03-16T17:04:38.058000,77,,,
participant_20,1,day,Town10HD_Opt,2026-03-16 17:04:38.164966,-68.98890686035156,27.380380630493164,0.0019760893192142,5.396,-1.297,0.333,0.0,0,0,1,,0.81,2026-03-16T17:04:38.164966,neutral,0.522,2026-03-16T17:04:38.164966,0.286291525129047,2026-03-16T17:04:38.058000,80,,,
participant_20,1,day,Town10HD_Opt,2026-03-16 17:04:39.071803,-67.25263214111328,27.439350128173828,0.0014409637078642,18.073,-1.168,1.0,0.0,0,0,1,,1.0,2026-03-16T17:04:39.071803,neutral,0.522,2026-03-16T17:04:38.164966,0.3836301999470269,2026-03-16T17:04:39.093000,78,,,
participant_20,1,day,Town10HD_Opt,2026-03-16 17:04:40.235979,-61.00042724609375,27.53271675109864,0.001509323134087,38.145,-0.571,1.0,0.0,0,0,1,,0.815,2026-03-16T17:04:40.235979,neutral,0.953,2026-03-16T17:04:40.235979,0.376794201027055,2026-03-16T17:04:41.028000,76,,,
participant_20,1,day,Town10HD_Opt,2026-03-16 17:04:41.189766,-53.15229415893555,27.482839584350582,0.0015561294276267,52.641,-0.533,0.0,0.204,0,0,1,,1.0,2026-03-16T17:04:41.189766,neutral,0.953,2026-03-16T17:04:40.235979,0.3076517801291247,2026-03-16T17:04:41.028000,78,,,
participant_20,1,day,Town10HD_Opt,2026-03-16 17:04:42.105305,-44.318973541259766,27.31416702270508,0.0020418167114257,50.282,0.352,1.0,0.0,0,0,1,,1.0,2026-03-16T17:04:42.105305,neutral,0.953,2026-03-16T17:04:40.235979,0.3260970131629425,2026-03-16T17:04:42.065000,75,,,
participant_20,1,day,Town10HD_Opt,2026-03-16 17:04:43.033302,-35.41435623168945,27.22316551208496,0.0022428131196647,48.295,0.343,0.997,0.0,0,0,1,,1.0,2026-03-16T17:04:43.033302,sad,0.406,2026-03-16T17:04:43.033302,0.3156064819592223,2026-03-16T17:04:43.144000,75,,,
participant_20,1,day,Town10HD_Opt,2026-03-16 17:04:44.243669,-23.823455810546875,27.295534133911133,0.0021189879626035,48.252,0.115,0.502,0.0,0,0,1,,1.0,2026-03-16T17:04:44.243669,sad,0.406,2026-03-16T17:04:43.033302,0.3067883950750004,2026-03-16T17:04:45.033000,74,,,
participant_20,1,day,Town10HD_Opt,2026-03-16 17:04:45.177305,-15.802239418029783,27.418519973754883,0.0023422623053193,40.77,0.035,0.0,0.0,0,0,1,,0.845,2026-03-16T17:04:45.177305,neutral,0.467,2026-03-16T17:04:45.177305,0.3298114299668969,2026-03-16T17:04:46.023000,75,,,
participant_20,1,day,Town10HD_Opt,2026-03-16 17:04:46.238089,-9.326682090759276,27.5324649810791,0.0020549010951071,34.599,0.005,0.372,0.0,0,0,1,,1.0,2026-03-16T17:04:46.238089,neutral,0.467,2026-03-16T17:04:45.177305,0.2367394235983633,2026-03-16T17:04:47.059000,79,,,
participant_20,1,day,Town10HD_Opt,2026-03-16 17:04:47.183819,-3.330070734024048,27.64719581604004,0.0020221327431499,34.796,-0.007,0.524,0.0,0,0,1,,1.0,2026-03-16T17:04:47.183819,neutral,0.42,2026-03-16T17:04:47.183819,0.3037087740393289,2026-03-16T17:04:48.049000,76,,,
participant_20,1,day,Town10HD_Opt,2026-03-16 17:04:48.165444,2.980020999908448,27.76313591003418,0.0019140243530273,38.229,-0.101,0.594,0.0,0,0,1,,0.812,2026-03-16T17:04:48.165444,neutral,0.42,2026-03-16T17:04:47.183819,0.2126628856469665,2026-03-16T17:04:48.049000,77,,,
participant_20,1,day,Town10HD_Opt,2026-03-16 17:04:49.159081,9.982213973999023,27.86808586120605,0.0019306945614516,41.839,-0.275,0.499,0.0,0,0,1,,1.0,2026-03-16T17:04:49.159081,neutral,0.42,2026-03-16T17:04:47.183819,0.2002028256187595,2026-03-16T17:04:49.041000,76,,,
participant_20,1,day,Town10HD_Opt,2026-03-16 17:04:50.125065,17.257160186767578,27.92020034790039,0.0021244811359792,39.922,-0.068,0.16,0.0,0,0,1,,0.878,2026-03-16T17:04:50.125065,neutral,0.757,2026-03-16T17:04:50.125065,0.1968287769759587,2026-03-16T17:04:50.028000,75,,,
participant_20,1,day,Town10HD_Opt,2026-03-16 17:04:51.104994,23.74542236328125,27.9624252319336,0.0023096085060387,32.525,2.007,0.0,0.0,0,0,1,,0.853,2026-03-16T17:04:51.104994,neutral,0.757,2026-03-16T17:04:50.125065,0.1643179625197789,2026-03-16T17:04:51.063000,73,,,
participant_20,1,day,Town10HD_Opt,2026-03-16 17:04:52.094268,28.776290893554688,28.41855430603028,0.0022930144332349,24.807,8.291,0.0,0.047,0,0,1,,0.84,2026-03-16T17:04:52.094268,neutral,0.757,2026-03-16T17:04:50.125065,0.0703995347658016,2026-03-16T17:04:52.060000,77,,,
participant_20,1,day,Town10HD_Opt,2026-03-16 17:04:53.065480,32.40117645263672,29.417953491210938,0.0022703933063894,17.879,8.348,0.0,0.107,0,0,1,,1.0,2026-03-16T17:04:53.065480,neutral,0.724,2026-03-16T17:04:53.065480,0.1449958037007117,2026-03-16T17:04:53.111000,77,,,
participant_20,1,day,Town10HD_Opt,2026-03-16 17:04:54.245720,35.5258674621582,30.94125747680664,0.0020666122436523,11.736,10.497,0.0,0.122,0,0,1,,0.822,2026-03-16T17:04:54.245720,neutral,0.724,2026-03-16T17:04:53.065480,0.123290509681351,2026-03-16T17:04:55.023000,77,,,
participant_20,1,day,Town10HD_Opt,2026-03-16 17:04:55.230504,36.95190048217773,31.941320419311523,0.002043685875833,7.754,13.156,0.0,0.13,0,0,1,,1.0,2026-03-16T17:04:55.230504,neutral,0.827,2026-03-16T17:04:55.230504,0.1661438333082952,2026-03-16T17:04:56.068000,79,,,
participant_20,1,day,Town10HD_Opt,2026-03-16 17:04:56.208756,37.82658004760742,32.750789642333984,0.0019720839336514,5.389,16.124,0.0,0.617,0,0,1,,1.0,2026-03-16T17:04:56.208756,neutral,0.827,2026-03-16T17:04:55.230504,0.113802526026095,2026-03-16T17:04:57.049000,81,,,
participant_20,1,day,Town10HD_Opt,2026-03-16 17:04:57.151881,37.89373016357422,32.8194580078125,0.0019657134544104,0.0,15.142,0.0,0.67,0,0,1,,1.0,2026-03-16T17:04:57.151881,neutral,0.827,2026-03-16T17:04:55.230504,0.0918488772947355,2026-03-16T17:04:57.049000,81,,,
participant_20,1,day,Town10HD_Opt,2026-03-16 17:04:58.041467,37.89376068115234,32.81950759887695,0.0019213866908103,0.0,14.714,0.0,0.0,0,0,1,,1.0,2026-03-16T17:04:58.041467,neutral,0.827,2026-03-16T17:04:58.041467,0.141609381726551,2026-03-16T17:04:58.041000,81,,,
participant_20,2,day,Town10HD_Opt,2026-03-16 17:15:00.000000,-41.66858673095703,89.7454833984375,0.580491840839386,17.368,5.893,0.498,0.0,0,0,1,,1.0,2026-03-16T17:15:00,,,2026-03-16T17:15:00,0.510929291609968,2026-03-16T17:15:00,80,,,
participant_20,2,day,Town10HD_Opt,2026-03-16 17:15:04.596357,-41.54966735839844,82.54132843017578,0.0018890762003138,17.463,6.955,0.542,0.0,0,0,1,,0.914,2026-03-16T17:15:04.596357,,,2026-03-16T17:15:04.596357,0.5220985535425181,2026-03-16T17:15:04.951000,82,,,
participant_20,2,day,Town10HD_Opt,2026-03-16 17:15:05.250319,-41.26298904418945,80.43081665039062,0.0020692443940788,18.697,9.255,0.435,0.0,0,0,1,,1.0,2026-03-16T17:15:05.250319,,,2026-03-16T17:15:04.596357,0.4684139323987828,2026-03-16T17:15:05.939000,84,,,
participant_20,2,day,Town10HD_Opt,2026-03-16 17:15:06.273604,-40.27951049804688,77.15275573730469,0.0019831084646284,20.804,14.229,0.443,0.0,0,0,1,,1.0,2026-03-16T17:15:06.273604,,,2026-03-16T17:15:04.596357,0.5743567079279658,2026-03-16T17:15:06.929000,79,,,
participant_20,2,day,Town10HD_Opt,2026-03-16 17:15:07.313584,-38.2166633605957,73.96195983886719,0.0020032881293445,23.022,18.124,0.438,0.0,0,0,1,,1.0,2026-03-16T17:15:07.313584,sad,0.376,2026-03-16T17:15:07.313584,0.4187073155588823,2026-03-16T17:15:07.966000,83,,,
participant_20,2,day,Town10HD_Opt,2026-03-16 17:15:08.308681,-34.92461395263672,71.44326782226562,0.0020063780248165,24.934,14.82,0.439,0.0,0,0,1,,1.0,2026-03-16T17:15:08.308681,sad,0.376,2026-03-16T17:15:07.313584,0.4415227130435956,2026-03-16T17:15:08.954000,83,,,
participant_20,2,day,Town10HD_Opt,2026-03-16 17:15:08.989303,-32.199485778808594,70.29139709472656,0.0020013807807117,26.054,11.549,0.44,0.0,0,0,1,,1.0,2026-03-16T17:15:08.989303,sad,0.376,2026-03-16T17:15:07.313584,0.4521719185943978,2026-03-16T17:15:08.954000,81,,,
participant_20,2,day,Town10HD_Opt,2026-03-16 17:15:09.991864,-27.59329605102539,69.37680053710938,0.0019981383811682,27.89,9.26,0.445,0.0,0,0,1,,1.0,2026-03-16T17:15:09.991864,neutral,0.564,2026-03-16T17:15:09.991864,0.3450903233116698,2026-03-16T17:15:09.944000,82,,,
participant_20,2,day,Town10HD_Opt,2026-03-16 17:15:11.245534,-20.85529518127441,69.45277404785156,0.0019906996749341,30.021,-1.789,0.449,0.0,0,0,1,,0.805,2026-03-16T17:15:11.245534,neutral,0.564,2026-03-16T17:15:09.991864,0.4222106385229066,2026-03-16T17:15:12.060000,85,,,
participant_20,2,day,Town10HD_Opt,2026-03-16 17:15:12.196807,-15.466806411743164,69.54310607910156,0.0019905089866369,31.692,-0.078,0.458,0.0,0,0,1,,1.0,2026-03-16T17:15:12.196807,neutral,0.698,2026-03-16T17:15:12.196807,0.3770036528173697,2026-03-16T17:15:12.960000,84,,,
participant_20,2,day,Town10HD_Opt,2026-03-16 17:15:13.223375,-9.80248737335205,69.63310241699219,0.0019932554569095,33.22,0.202,0.46,0.0,0,0,1,,1.0,2026-03-16T17:15:13.223375,neutral,0.698,2026-03-16T17:15:12.196807,0.3989757886994459,2026-03-16T17:15:13.950000,88,,,
participant_20,2,day,Town10HD_Opt,2026-03-16 17:15:14.211477,-3.886039018630981,69.76625061035156,0.0020008848514407,34.528,-0.277,0.453,0.0,0,0,1,,1.0,2026-03-16T17:15:14.211477,sad,0.45,2026-03-16T17:15:14.211477,0.2341652393940613,2026-03-16T17:15:14.984000,87,,,
participant_20,2,day,Town10HD_Opt,2026-03-16 17:15:15.136587,2.2331252098083496,69.85478973388672,0.0020135117229074,35.469,-0.407,0.443,0.0,0,0,1,,1.0,2026-03-16T17:15:15.136587,sad,0.45,2026-03-16T17:15:14.211477,0.2691644655840344,2026-03-16T17:15:15.929000,86,,,
participant_20,2,day,Town10HD_Opt,2026-03-16 17:15:16.057710,8.472309112548828,69.879150390625,0.0020519637037068,35.557,-0.256,0.331,0.0,0,0,1,,1.0,2026-03-16T17:15:16.057710,sad,0.45,2026-03-16T17:15:14.211477,0.2481596685757585,2026-03-16T17:15:15.929000,83,,,
participant_20,2,day,Town10HD_Opt,2026-03-16 17:15:17.012557,14.31851577758789,69.86506652832031,0.0022694014478474,29.581,-0.031,0.0,0.0,0,0,1,,1.0,2026-03-16T17:15:17.012557,neutral,0.483,2026-03-16T17:15:17.012557,0.3222054117030876,2026-03-16T17:15:16.963000,85,,,
participant_20,2,day,Town10HD_Opt,2026-03-16 17:15:18.228161,20.04996490478516,69.84040069580078,0.0023435209877789,17.344,-0.066,0.0,0.733,0,0,1,,1.0,2026-03-16T17:15:18.228161,neutral,0.483,2026-03-16T17:15:17.012557,0.2458293741072757,2026-03-16T17:15:18.944000,80,,,errors=Harsh braking
participant_20,2,day,Town10HD_Opt,2026-03-16 17:15:19.210244,20.638139724731445,69.83722686767578,0.0020738600287586,0.0,-0.066,0.0,0.402,0,0,1,,1.0,2026-03-16T17:15:19.210244,sad,0.693,2026-03-16T17:15:19.210244,0.2013540707633802,2026-03-16T17:15:19.935000,79,,,
participant_20,2,day,Town10HD_Opt,2026-03-16 17:15:20.110226,20.63892364501953,69.83722686767578,0.0019251632038503,0.134,0.031,0.049,0.0,0,0,1,,1.0,2026-03-16T17:15:20.110226,sad,0.693,2026-03-16T17:15:19.210244,0.2143439862235457,2026-03-16T17:15:20.924000,80,,,
participant_20,2,day,Town10HD_Opt,2026-03-16 17:15:21.023864,20.83624267578125,69.83631896972656,0.0016885375371202,5.229,0.035,0.506,0.0,0,0,1,,1.0,2026-03-16T17:15:21.023864,sad,0.693,2026-03-16T17:15:19.210244,0.2588626840561031,2026-03-16T17:15:20.924000,81,,,
participant_20,2,day,Town10HD_Opt,2026-03-16 17:15:22.006924,22.28901481628418,69.82879638671875,0.0016561889788135,12.681,0.005,0.585,0.0,0,0,1,,1.0,2026-03-16T17:15:22.006924,neutral,0.651,2026-03-16T17:15:22.006924,0.1936864857382789,2026-03-16T17:15:21.985000,82,,,
participant_20,2,day,Town10HD_Opt,2026-03-16 17:15:23.050062,24.87323951721192,69.80355072021484,0.0018770217429846,15.486,-0.472,0.243,0.0,0,0,1,,0.909,2026-03-16T17:15:23.050062,neutral,0.651,2026-03-16T17:15:22.006924,0.1477729202305631,2026-03-16T17:15:22.950000,81,,,errors=Stop sign violation
participant_20,2,day,Town10HD_Opt,2026-03-16 17:15:24.279189,28.60444068908692,69.51759338378906,0.0018678283086046,17.167,-10.072,0.345,0.0,0,0,1,,0.866,2026-03-16T17:15:24.279189,neutral,0.898,2026-03-16T17:15:24.279189,0.1853746402421292,2026-03-16T17:15:24.929000,86,,,
participant_20,2,day,Town10HD_Opt,2026-03-16 17:15:25.218205,31.63533401489257,68.70865631103516,0.0020627593621611,18.541,-10.732,0.463,0.0,0,0,1,,0.908,2026-03-16T17:15:25.218205,neutral,0.898,2026-03-16T17:15:24.279189,0.1991538015958165,2026-03-16T17:15:25.964000,82,,,
participant_20,2,day,Town10HD_Opt,2026-03-16 17:15:26.133554,34.810977935791016,67.28688049316406,0.00195690151304,21.513,-9.2,0.465,0.0,0,0,1,,0.875,2026-03-16T17:15:26.133554,neutral,0.898,2026-03-16T17:15:24.279189,0.1684099838416909,2026-03-16T17:15:26.954000,83,,,
participant_20,2,day,Town10HD_Opt,2026-03-16 17:15:27.028021,38.11806488037109,65.07060241699219,0.0019610975868999,24.301,-9.143,0.468,0.0,0,0,1,,1.0,2026-03-16T17:15:27.028021,neutral,0.986,2026-03-16T17:15:27.028021,0.2394240861235698,2026-03-16T17:15:26.954000,83,,,
participant_20,2,day,Town10HD_Opt,2026-03-16 17:15:27.995503,41.21527862548828,61.89910888671875,0.0019814299885183,26.677,-12.033,0.46,0.0,0,0,1,,1.0,2026-03-16T17:15:27.995503,neutral,0.986,2026-03-16T17:15:27.028021,0.3308147498384941,2026-03-16T17:15:27.944000,80,,,
participant_20,2,day,Town10HD_Opt,2026-03-16 17:15:29.285469,43.95367431640625,56.09437942504883,0.0020197294652462,28.698,-12.565,0.421,0.0,0,0,1,,1.0,2026-03-16T17:15:29.285469,sad,0.687,2026-03-16T17:15:29.285469,0.2375848258496997,2026-03-16T17:15:29.923000,78,,,
participant_20,2,day,Town10HD_Opt,2026-03-16 17:15:30.246844,44.4636116027832,51.23710632324219,0.002201538067311,25.495,-6.144,0.0,0.0,0,0,1,,0.838,2026-03-16T17:15:30.246844,sad,0.687,2026-03-16T17:15:29.285469,0.2538168060786822,2026-03-16T17:15:31.049000,80,,,
participant_20,2,day,Town10HD_Opt,2026-03-16 17:15:31.194536,44.32789611816406,47.281131744384766,0.0022337341215461,19.717,-0.482,0.173,0.0,0,0,1,,0.872,2026-03-16T17:15:31.194536,sad,0.687,2026-03-16T17:15:29.285469,0.218080554375559,2026-03-16T17:15:31.949000,80,,,
participant_20,2,day,Town10HD_Opt,2026-03-16 17:15:32.121290,44.21094512939453,44.06631851196289,0.002022094791755,18.158,2.313,0.274,0.0,0,0,1,,1.0,2026-03-16T17:15:32.121290,neutral,0.832,2026-03-16T17:15:32.121290,0.2044875508574541,2026-03-16T17:15:32.940000,80,,,
participant_20,2,day,Town10HD_Opt,2026-03-16 17:15:33.048654,44.25459289550781,40.90121841430664,0.0020462034735828,18.013,5.096,0.364,0.0,0,0,1,,0.833,2026-03-16T17:15:33.048654,neutral,0.832,2026-03-16T17:15:32.121290,0.2608864973943525,2026-03-16T17:15:32.940000,79,,,
participant_20,2,day,Town10HD_Opt,2026-03-16 17:15:34.266133,44.99347686767578,36.73442077636719,0.002047843998298,18.415,17.316,0.346,0.0,0,0,1,,0.907,2026-03-16T17:15:34.266133,neutral,0.636,2026-03-16T17:15:34.266133,0.2355257749327739,2026-03-16T17:15:34.964000,80,,,
participant_20,2,day,Town10HD_Opt,2026-03-16 17:15:35.191811,46.5230598449707,33.87454605102539,0.0020481490064412,18.889,16.893,0.347,0.0,0,0,1,,0.811,2026-03-16T17:15:35.191811,neutral,0.636,2026-03-16T17:15:34.266133,0.1764769920561434,2026-03-16T17:15:35.999000,81,,,
participant_20,2,day,Town10HD_Opt,2026-03-16 17:15:36.077497,48.833641052246094,31.486366271972656,0.0020538328681141,19.251,16.893,0.334,0.0,0,0,1,,1.0,2026-03-16T17:15:36.077497,neutral,0.636,2026-03-16T17:15:34.266133,0.2513626890101211,2026-03-16T17:15:35.999000,83,,,
participant_20,2,day,Town10HD_Opt,2026-03-16 17:15:36.991868,51.7559700012207,29.816085815429688,0.0020598219707608,19.404,16.488,0.329,0.0,0,0,1,,1.0,2026-03-16T17:15:36.991868,neutral,0.442,2026-03-16T17:15:36.991868,0.2330646654578345,2026-03-16T17:15:37.034000,82,,,
participant_20,2,day,Town10HD_Opt,2026-03-16 17:15:38.220105,55.995262145996094,28.44948005676269,0.0019714736845344,18.072,-1.732,0.209,0.0,0,0,1,,1.0,2026-03-16T17:15:38.220105,neutral,0.442,2026-03-16T17:15:36.991868,0.276443307409347,2026-03-16T17:15:38.924000,83,,,
participant_20,2,day,Town10HD_Opt,2026-03-16 17:15:39.135933,58.94988250732422,27.492570877075195,0.0019462204072624,16.264,2.487,0.0,0.0,0,0,1,,0.896,2026-03-16T17:15:39.135933,neutral,0.933,2026-03-16T17:15:39.135933,0.2300034966134538,2026-03-16T17:15:39.959000,85,,,
participant_20,2,day,Town10HD_Opt,2026-03-16 17:15:40.054029,61.39057540893555,26.81616401672364,0.0020372390281409,12.664,3.146,0.0,0.0,0,0,1,,0.941,2026-03-16T17:15:40.054029,neutral,0.933,2026-03-16T17:15:39.135933,0.2019188749208587,2026-03-16T17:15:39.959000,82,,,
participant_20,2,day,Town10HD_Opt,2026-03-16 17:15:41.260214,63.82151794433594,26.304874420166016,0.0020045852288603,8.77,7.247,0.0,0.0,0,0,1,,1.0,2026-03-16T17:15:41.260214,neutral,0.704,2026-03-16T17:15:41.260214,0.2137899460017193,2026-03-16T17:15:41.939000,83,,,
participant_20,2,day,Town10HD_Opt,2026-03-16 17:15:42.152054,65.1761703491211,26.1357364654541,0.0019842146430164,6.736,7.149,0.0,0.0,0,0,1,,0.937,2026-03-16T17:15:42.152054,neutral,0.704,2026-03-16T17:15:41.260214,0.22542967325316,2026-03-16T17:15:42.930000,83,,,
participant_20,2,day,Town10HD_Opt,2026-03-16 17:15:43.099221,66.02046966552734,26.063663482666016,0.0023197173140943,0.001,4.789,0.0,0.273,0,0,1,,1.0,2026-03-16T17:15:43.099221,neutral,0.704,2026-03-16T17:15:41.260214,0.1964856443446726,2026-03-16T17:15:42.930000,82,,,
participant_20,2,day,Town10HD_Opt,2026-03-16 17:15:44.279436,66.02099609375,26.063663482666016,0.0019242477137595,0.001,3.431,0.0,0.0,0,0,1,,0.801,2026-03-16T17:15:44.279436,sad,0.463,2026-03-16T17:15:44.279436,0.1752088459544435,2026-03-16T17:15:44.955000,79,,,
participant_20,2,day,Town10HD_Opt,2026-03-16 17:15:45.227900,66.02100372314453,26.06364250183105,0.0019198226509615,0.0,3.401,0.0,0.0,0,0,1,,0.881,2026-03-16T17:15:45.227900,sad,0.463,2026-03-16T17:15:44.279436,0.1712162476071759,2026-03-16T17:15:45.989000,77,,,
participant_20,2,day,Town10HD_Opt,2026-03-16 17:15:46.116677,66.02100372314453,26.06364250183105,0.0019190978491678,0.0,0.106,0.0,0.0,0,0,1,,0.897,2026-03-16T17:15:46.116677,sad,0.463,2026-03-16T17:15:44.279436,0.1743585445450757,2026-03-16T17:15:45.989000,76,,,
participant_20,2,day,Town10HD_Opt,2026-03-16 17:15:47.017803,66.02100372314453,26.063661575317383,0.0019189452286809,0.0,0.55,0.0,0.0,0,0,1,,0.873,2026-03-16T17:15:47.017803,neutral,0.612,2026-03-16T17:15:47.017803,0.2295392350449105,2026-03-16T17:15:46.985000,79,,,
participant_20,2,day,Town10HD_Opt,2026-03-16 17:15:48.227388,66.02100372314453,26.063661575317383,0.0019191741012036,0.0,0.517,0.0,0.0,0,0,1,,0.83,2026-03-16T17:15:48.227388,neutral,0.612,2026-03-16T17:15:47.017803,0.1930183148104827,2026-03-16T17:15:48.960000,81,,,
participant_20,2,day,Town10HD_Opt,2026-03-16 17:15:49.115303,66.02100372314453,26.063661575317383,0.0019189834129065,0.0,0.444,0.0,0.0,0,0,1,,1.0,2026-03-16T17:15:49.115303,sad,0.718,2026-03-16T17:15:49.115303,0.2000038519752107,2026-03-16T17:15:48.960000,78,,,
participant_20,2,day,Town10HD_Opt,2026-03-16 17:15:49.993943,66.02100372314453,26.06364250183105,0.0019190596649423,0.0,0.444,0.0,0.0,0,0,1,,1.0,2026-03-16T17:15:49.993943,sad,0.718,2026-03-16T17:15:49.115303,0.1618662025135253,2026-03-16T17:15:49.995000,79,Solid line crossing,Solid line crossing,
participant_20,2,day,Town10HD_Opt,2026-03-16 17:15:51.112766,66.02100372314453,26.063661575317383,0.0019189834129065,0.0,0.503,0.0,0.0,0,0,1,,0.921,2026-03-16T17:15:51.112766,sad,0.718,2026-03-16T17:15:49.115303,0.1177462627405613,2026-03-16T17:15:51.929000,79,Stop sign violation,stop_sign_id=900,
participant_20,2,day,Town10HD_Opt,2026-03-16 17:15:52.220184,66.02100372314453,26.063661575317383,0.0019189834129065,0.0,0.503,0.0,0.0,0,0,1,,0.881,2026-03-16T17:15:52.220184,neutral,0.467,2026-03-16T17:15:52.220184,0.0722666588569535,2026-03-16T17:15:53.012000,79,,,
participant_20,2,day,Town10HD_Opt,2026-03-16 17:15:53.077146,66.02100372314453,26.06364250183105,0.001919021597132,0.0,0.771,0.0,0.0,0,0,1,,1.0,2026-03-16T17:15:53.077146,neutral,0.467,2026-03-16T17:15:52.220184,0.1012955486460267,2026-03-16T17:15:53.012000,79,,,
participant_20,2,day,Town10HD_Opt,2026-03-16 17:15:54.183531,66.02100372314453,26.06364250183105,0.0019190596649423,0.0,0.869,0.0,0.0,0,0,1,,0.877,2026-03-16T17:15:54.183531,neutral,0.467,2026-03-16T17:15:52.220184,0.02,2026-03-16T17:15:54.945000,79,,,
participant_20,2,day,Town10HD_Opt,2026-03-16 17:15:55.047009,66.02100372314453,26.06364250183105,0.001919021597132,0.0,0.877,0.0,0.0,0,0,1,,0.828,2026-03-16T17:15:55.047009,sad,0.442,2026-03-16T17:15:55.047009,0.02,2026-03-16T17:15:54.945000,77,,,
participant_20,2,day,Town10HD_Opt,2026-03-16 17:15:56.209984,66.02100372314453,26.06364250183105,0.001919021597132,0.0,0.877,0.0,0.0,0,0,1,,0.851,2026-03-16T17:15:56.209984,sad,0.442,2026-03-16T17:15:55.047009,0.0543039234549187,2026-03-16T17:15:56.970000,80,,,
participant_20,2,day,Town10HD_Opt,2026-03-16 17:15:57.075275,66.02100372314453,26.063661575317383,0.0019189452286809,0.0,0.879,0.0,0.0,0,0,1,,1.0,2026-03-16T17:15:57.075275,sad,0.55,2026-03-16T17:15:57.075275,0.02,2026-03-16T17:15:56.970000,81,,,
participant_20,2,day,Town10HD_Opt,2026-03-16 17:15:58.250933,66.02100372314453,26.063661575317383,0.0019191360333934,0.0,0.942,0.0,0.0,0,0,1,,0.886,2026-03-16T17:15:58.250933,sad,0.55,2026-03-16T17:15:57.075275,0.0457524028344892,2026-03-16T17:15:58.950000,83,,,
participant_20,2,day,Town10HD_Opt,2026-03-16 17:15:59.126604,66.1781997680664,26.04676055908203,0.0017108535394072,4.504,1.622,0.889,0.0,0,0,1,,1.0,2026-03-16T17:15:59.126604,neutral,0.636,2026-03-16T17:15:59.126604,0.02,2026-03-16T17:15:59.940000,81,,,
participant_20,2,day,Town10HD_Opt,2026-03-16 17:16:00.026776,67.97218322753906,25.887863159179688,0.0015977477887645,15.74,1.389,0.581,0.0,0,0,1,,1.0,2026-03-16T17:16:00.026776,neutral,0.636,2026-03-16T17:15:59.126604,0.0314460458804296,2026-03-16T17:15:59.940000,82,,,
participant_20,2,day,Town10HD_Opt,2026-03-16 17:16:01.180207,72.05618286132812,25.52631378173828,0.0019005584763363,16.667,0.085,0.0,0.0,0,0,1,,1.0,2026-03-16T17:16:01.180207,happy,0.842,2026-03-16T17:16:01.180207,0.02,2026-03-16T17:16:01.965000,84,,,
participant_20,2,day,Town10HD_Opt,2026-03-16 17:16:02.053505,74.64405822753906,25.302528381347656,0.0020384597592055,12.802,1.058,0.0,0.0,0,0,1,,0.846,2026-03-16T17:16:02.053505,happy,0.842,2026-03-16T17:16:01.180207,0.02,2026-03-16T17:16:01.965000,81,,,
participant_20,2,day,Town10HD_Opt,2026-03-16 17:16:03.246710,77.25318908691406,25.147111892700195,0.0019261168781667,10.684,5.03,0.232,0.0,0,0,1,,1.0,2026-03-16T17:16:03.246710,neutral,0.422,2026-03-16T17:16:03.246710,0.02,2026-03-16T17:16:03.945000,85,,,
participant_20,2,day,Town10HD_Opt,2026-03-16 17:16:04.155708,79.11957550048828,25.1379508972168,0.0019788742065429,9.709,-3.573,0.0,0.0,0,0,1,,1.0,2026-03-16T17:16:04.155708,neutral,0.422,2026-03-16T17:16:03.246710,0.02,2026-03-16T17:16:04.936000,83,,,
participant_20,2,day,Town10HD_Opt,2026-03-16 17:16:05.120682,80.8196792602539,25.06694793701172,0.0018489836947992,10.969,-0.423,0.435,0.0,0,0,1,,0.837,2026-03-16T17:16:05.120682,neutral,0.422,2026-03-16T17:16:03.246710,0.0748766094802248,2026-03-16T17:16:05.925000,86,,,
participant_20,2,day,Town10HD_Opt,2026-03-16 17:16:05.999513,83.33077239990234,24.99301719665528,0.0017816924955695,20.257,0.583,1.0,0.0,0,0,1,,1.0,2026-03-16T17:16:05.999513,neutral,0.924,2026-03-16T17:16:05.999513,0.0205118715113358,2026-03-16T17:16:05.925000,82,,,
participant_20,2,day,Town10HD_Opt,2026-03-16 17:16:07.239009,90.0550765991211,24.68140411376953,0.0015415191883221,39.686,-6.146,0.559,0.0,0,0,1,,1.0,2026-03-16T17:16:07.239009,neutral,0.924,2026-03-16T17:16:05.999513,0.2137371470366466,2026-03-16T17:16:07.950000,85,,,
participant_20,2,day,Town10HD_Opt,2026-03-16 17:16:08.201488,96.99492645263672,22.68562126159668,0.0019783782772719,42.818,-19.502,0.597,0.0,0,0,1,,1.0,2026-03-16T17:16:08.201488,sad,0.595,2026-03-16T17:16:08.201488,0.2035773617792548,2026-03-16T17:16:08.985000,85,,,
participant_20,2,day,Town10HD_Opt,2026-03-16 17:16:09.149334,102.12033081054688,17.15723991394043,0.0019927597604691,44.966,-10.437,0.599,0.0,0,0,1,,1.0,2026-03-16T17:16:09.149334,sad,0.595,2026-03-16T17:16:08.201488,0.0861162560947276,2026-03-16T17:16:09.930000,84,,,
participant_20,2,day,Town10HD_Opt,2026-03-16 17:16:10.069905,105.0414810180664,9.594542503356934,0.0019459151662886,47.94,-0.919,0.597,0.0,0,0,1,,0.861,2026-03-16T17:16:10.069905,sad,0.595,2026-03-16T17:16:08.201488,0.1773432494624788,2026-03-16T17:16:09.930000,83,,,
participant_20,2,day,Town10HD_Opt,2026-03-16 17:16:11.275755,106.95403289794922,-1.764453411102295,0.0020562361460179,49.414,-0.712,0.603,0.0,0,0,1,,1.0,2026-03-16T17:16:11.275755,sad,0.581,2026-03-16T17:16:11.275755,0.2664356487896738,2026-03-16T17:16:11.955000,82,,,
participant_20,2,day,Town10HD_Opt,2026-03-16 17:16:12.129961,107.25846099853516,-10.385743141174316,0.0019761656876653,50.436,1.758,0.604,0.0,0,0,1,,1.0,2026-03-16T17:16:12.129961,sad,0.581,2026-03-16T17:16:11.275755,0.2953768576688269,2026-03-16T17:16:11.955000,82,,,
participant_20,2,day,Town10HD_Opt,2026-03-16 17:16:13.015832,107.94116973876952,-19.02510643005371,0.0020425033289939,49.318,-3.125,0.604,0.0,0,0,1,,1.0,2026-03-16T17:16:13.015832,sad,0.581,2026-03-16T17:16:11.275755,0.1980016911476541,2026-03-16T17:16:13.079000,81,,,
participant_20,2,day,Town10HD_Opt,2026-03-16 17:16:14.204402,107.28883361816406,-30.550365447998047,0.0020561600103974,49.452,-5.148,0.603,0.0,0,0,1,,1.0,2026-03-16T17:16:14.204402,sad,0.579,2026-03-16T17:16:14.204402,0.224339698582977,2026-03-16T17:16:14.926000,80,,,
participant_20,2,day,Town10HD_Opt,2026-03-16 17:16:15.123147,104.5234832763672,-38.83523941040039,0.0021102523896843,49.267,-3.266,0.603,0.0,0,0,1,,1.0,2026-03-16T17:16:15.123147,sad,0.579,2026-03-16T17:16:14.204402,0.2708937481640859,2026-03-16T17:16:15.960000,84,,,
participant_20,2,day,Town10HD_Opt,2026-03-16 17:16:16.064514,100.5611572265625,-46.62043380737305,0.0020796202588826,49.33,-4.119,0.603,0.0,0,0,1,,1.0,2026-03-16T17:16:16.064514,sad,0.579,2026-03-16T17:16:14.204402,0.2393987997323879,2026-03-16T17:16:15.960000,85,,,
participant_20,2,day,Town10HD_Opt,2026-03-16 17:16:17.254384,93.28526306152344,-55.61757659912109,0.0021532820537686,48.56,-5.995,0.603,0.0,0,0,1,,1.0,2026-03-16T17:16:17.254384,sad,0.724,2026-03-16T17:16:17.254384,0.2239844721279783,2026-03-16T17:16:18.030000,82,,,
participant_20,2,day,Town10HD_Opt,2026-03-16 17:16:18.116785,86.34127807617188,-60.6665267944336,0.0019761275034397,50.418,-5.512,0.603,0.0,0,0,1,,1.0,2026-03-16T17:16:18.116785,sad,0.724,2026-03-16T17:16:17.254384,0.2433732668460149,2026-03-16T17:16:18.030000,83,,,
participant_20,2,day,Town10HD_Opt,2026-03-16 17:16:19.249178,75.54139709472656,-64.89566040039062,0.0019828414078801,50.7,-4.077,0.0,0.0,0,0,1,,1.0,2026-03-16T17:16:19.249178,sad,0.724,2026-03-16T17:16:17.254384,0.2147783623324957,2026-03-16T17:16:19.965000,83,,,
participant_20,2,day,Town10HD_Opt,2026-03-16 17:16:20.104533,66.9502182006836,-66.30944061279297,0.002003707922995,50.311,-2.786,0.604,0.0,0,0,1,,0.839,2026-03-16T17:16:20.104533,sad,0.499,2026-03-16T17:16:20.104533,0.1694283684936495,2026-03-16T17:16:19.965000,86,,,
participant_20,2,day,Town10HD_Opt,2026-03-16 17:16:21.026883,58.28276824951172,-66.64918518066406,0.0020591353531926,49.187,-0.754,0.603,0.0,0,0,1,,0.869,2026-03-16T17:16:21.026883,sad,0.499,2026-03-16T17:16:20.104533,0.2674959292899962,2026-03-16T17:16:21,84,,,
participant_20,2,day,Town10HD_Opt,2026-03-16 17:16:22.208681,46.6660385131836,-66.44775390625,0.0020414351020008,49.826,0.437,0.603,0.0,0,0,1,,1.0,2026-03-16T17:16:22.208681,sad,0.669,2026-03-16T17:16:22.208681,0.2308338324932295,2026-03-16T17:16:22.935000,86,,,
participant_20,2,day,Town10HD_Opt,2026-03-16 17:16:23.139489,37.93516540527344,-66.3133544921875,0.0020733261480927,49.398,0.451,0.603,0.0,0,0,1,,1.0,2026-03-16T17:16:23.139489,sad,0.669,2026-03-16T17:16:22.208681,0.2443197129295453,2026-03-16T17:16:23.970000,85,,,
participant_20,2,day,Town10HD_Opt,2026-03-16 17:16:24.022903,29.20036125183105,-66.34449768066406,0.0021460724528878,48.7,-0.092,0.604,0.0,0,0,1,,1.0,2026-03-16T17:16:24.022903,sad,0.669,2026-03-16T17:16:22.208681,0.2605574134872828,2026-03-16T17:16:23.970000,84,,,
participant_20,2,day,Town10HD_Opt,2026-03-16 17:16:25.201007,17.611738204956055,-66.41344451904297,0.0021064376924186,49.317,0.385,0.604,0.0,0,0,1,,1.0,2026-03-16T17:16:25.201007,neutral,0.429,2026-03-16T17:16:25.201007,0.2945158699137239,2026-03-16T17:16:25.950000,77,,,
participant_20,2,day,Town10HD_Opt,2026-03-16 17:16:26.091182,8.870302200317383,-66.60201263427734,0.0020899581722915,49.369,0.862,0.595,0.0,0,0,1,,1.0,2026-03-16T17:16:26.091182,neutral,0.429,2026-03-16T17:16:25.201007,0.3180680160996195,2026-03-16T17:16:26.939000,79,,,
participant_20,2,day,Town10HD_Opt,2026-03-16 17:16:27.258442,-2.3296687602996826,-67.04212188720703,0.0023228072095662,42.888,-1.68,0.0,0.0,0,0,1,,1.0,2026-03-16T17:16:27.258442,sad,0.476,2026-03-16T17:16:27.258442,0.2935633753448063,2026-03-16T17:16:27.975000,79,,,
participant_20,2,day,Town10HD_Opt,2026-03-16 17:16:28.162123,-9.03529930114746,-67.04217529296875,0.0023434066679328,33.227,1.358,0.0,0.004,0,0,1,phone_call,0.967,2026-03-16T17:16:28.162123,sad,0.476,2026-03-16T17:16:27.258442,0.4042293439094923,2026-03-16T17:16:28.965000,79,,,
participant_20,2,day,Town10HD_Opt,2026-03-16 17:16:29.049432,-14.097744941711426,-67.16854095458984,0.0023686217609792,23.469,-0.914,0.0,0.477,0,0,1,,1.0,2026-03-16T17:16:29.049432,sad,0.476,2026-03-16T17:16:27.258442,0.3808157762093793,2026-03-16T17:16:28.965000,80,,,
participant_20,2,day,Town10HD_Opt,2026-03-16 17:16:30.152978,-18.249073028564453,-67.2262954711914,0.0021851349156349,11.338,-0.677,0.0,0.782,0,0,1,,1.0,2026-03-16T17:16:30.152978,neutral,0.421,2026-03-16T17:16:30.152978,0.4346039659750558,2026-03-16T17:16:30.945000,81,,,errors=Harsh braking
participant_20,2,day,Town10HD_Opt,2026-03-16 17:16:30.990706,-19.302898406982425,-67.22992706298828,0.0023297881707549,0.001,-0.595,0.0,0.789,0,0,1,,1.0,2026-03-16T17:16:30.990706,neutral,0.421,2026-03-16T17:16:30.152978,0.5131276880868734,2026-03-16T17:16:30.945000,83,,,
participant_20,2,day,Town10HD_Opt,2026-03-16 17:16:32.102439,-19.30408477783203,-67.22991943359375,0.0019236373482272,0.008,-0.552,0.0,0.0,0,0,1,,1.0,2026-03-16T17:16:32.102439,neutral,0.421,2026-03-16T17:16:30.152978,0.4323691645706597,2026-03-16T17:16:31.937000,85,,,
participant_20,2,day,Town10HD_Opt,2026-03-16 17:16:33.242976,-19.30432510375977,-67.22991943359375,0.0019189071608707,0.006,-0.552,0.0,0.0,0,0,1,,1.0,2026-03-16T17:16:33.242976,neutral,0.979,2026-03-16T17:16:33.242976,0.5204034086263277,2026-03-16T17:16:33.960000,85,,,
participant_20,2,day,Town10HD_Opt,2026-03-16 17:16:34.084955,-19.30426406860352,-67.22991943359375,0.0019188307924196,0.007,-0.557,0.0,0.0,0,0,1,,1.0,2026-03-16T17:16:34.084955,neutral,0.979,2026-03-16T17:16:33.242976,0.518654315572164,2026-03-16T17:16:33.960000,87,,,
participant_20,2,day,Town10HD_Opt,2026-03-16 17:16:35.194543,-19.313066482543945,-67.22992706298828,0.001918678288348,0.065,-0.576,0.0,0.0,0,0,1,,1.0,2026-03-16T17:16:35.194543,neutral,0.979,2026-03-16T17:16:33.242976,0.5240862156358068,2026-03-16T17:16:35.940000,83,,,
participant_20,2,day,Town10HD_Opt,2026-03-16 17:16:36.026521,-19.322629928588867,-67.22994232177734,0.0019194411579519,0.051,-0.587,0.0,0.0,0,0,1,,1.0,2026-03-16T17:16:36.026521,sad,0.958,2026-03-16T17:16:36.026521,0.6259436142114111,2026-03-16T17:16:35.940000,83,,,
participant_20,2,day,Town10HD_Opt,2026-03-16 17:16:37.137473,-19.331457138061523,-67.2299575805664,0.0019220733083784,0.029,-0.587,0.184,0.0,0,0,1,,1.0,2026-03-16T17:16:37.137473,sad,0.958,2026-03-16T17:16:36.026521,0.4399049616445928,2026-03-16T17:16:37.965000,83,,,
participant_20,2,day,Town10HD_Opt,2026-03-16 17:16:38.239778,-19.77461814880371,-67.23051452636719,0.001697196974419,6.327,-0.606,0.68,0.0,0,0,1,,1.0,2026-03-16T17:16:38.239778,sad,0.94,2026-03-16T17:16:38.239778,0.537660126929017,2026-03-16T17:16:39.046000,83,,,
participant_20,2,day,Town10HD_Opt,2026-03-16 17:16:39.103346,-21.6032657623291,-67.22309112548828,0.0016491317655891,14.94,-0.646,0.603,0.0,0,0,1,,1.0,2026-03-16T17:16:39.103346,sad,0.94,2026-03-16T17:16:38.239778,0.5294877692596676,2026-03-16T17:16:39.046000,84,,,
participant_20,2,day,Town10HD_Opt,2026-03-16 17:16:40.222325,-25.9642276763916,-67.161376953125,0.0018641280476003,22.71,0.139,0.609,0.0,0,0,1,,1.0,2026-03-16T17:16:40.222325,sad,0.94,2026-03-16T17:16:38.239778,0.560969736448704,2026-03-16T17:16:40.935000,81,,,
participant_20,2,day,Town10HD_Opt,2026-03-16 17:16:41.093951,-30.433292388916016,-67.15229034423828,0.0018471527146175,28.795,0.975,0.605,0.0,0,0,1,,1.0,2026-03-16T17:16:41.093951,neutral,0.942,2026-03-16T17:16:41.093951,0.5080507437076727,2026-03-16T17:16:40.935000,80,,,
participant_20,2,day,Town10HD_Opt,2026-03-16 17:16:42.189405,-37.94397735595703,-67.32420349121094,0.0018738555954769,35.899,0.634,0.606,0.0,0,0,1,,0.821,2026-03-16T17:16:42.189405,neutral,0.942,2026-03-16T17:16:41.093951,0.5975961410827046,2026-03-16T17:16:42.960000,83,,,
participant_20,2,day,Town10HD_Opt,2026-03-16 17:16:43.051423,-44.59450912475586,-67.62326049804688,0.0018951415549963,40.488,0.167,0.605,0.0,0,0,1,,0.914,2026-03-16T17:16:43.051423,neutral,0.942,2026-03-16T17:16:41.093951,0.5485332819173416,2026-03-16T17:16:42.960000,81,,,
participant_20,2,day,Town10HD_Opt,2026-03-16 17:16:44.164748,-54.61109161376953,-68.0365982055664,0.0019209289457648,45.646,-0.909,0.604,0.0,0,0,1,,0.901,2026-03-16T17:16:44.164748,neutral,0.974,2026-03-16T17:16:44.164748,0.5918550354168722,2026-03-16T17:16:44.985000,81,,,
participant_20,2,day,Town10HD_Opt,2026-03-16 17:16:45.248821,-65.7408218383789,-68.01109313964844,0.0019359206780791,50.014,-0.766,0.609,0.0,0,0,1,,1.0,2026-03-16T17:16:45.248821,neutral,0.974,2026-03-16T17:16:44.164748,0.6243103057943423,2026-03-16T17:16:45.975000,82,,,
participant_20,2,day,Town10HD_Opt,2026-03-16 17:16:46.113616,-74.44548797607422,-67.4886474609375,0.0020437622442841,49.733,-6.109,0.612,0.0,0,0,1,,0.84,2026-03-16T17:16:46.113616,neutral,0.974,2026-03-16T17:16:44.164748,0.5531473520420346,2026-03-16T17:16:46.965000,82,,,
participant_20,2,day,Town10HD_Opt,2026-03-16 17:16:47.018206,-82.8848876953125,-65.3199234008789,0.0020906447898596,49.382,-3.983,0.61,0.0,0,0,1,,1.0,2026-03-16T17:16:47.018206,sad,0.77,2026-03-16T17:16:47.018206,0.6012398623523172,2026-03-16T17:16:46.965000,81,,,
participant_20,2,day,Town10HD_Opt,2026-03-16 17:16:48.186446,-93.18541717529295,-60.055458068847656,0.0020787429530173,49.073,-5.04,0.615,0.0,0,0,1,,1.0,2026-03-16T17:16:48.186446,sad,0.77,2026-03-16T17:16:47.018206,0.5798336624141556,2026-03-16T17:16:48.945000,81,,,
participant_20,2,day,Town10HD_Opt,2026-03-16 17:16:49.044179,-99.9490737915039,-54.52837753295898,0.0020994949154555,49.098,-5.529,0.614,0.0,0,0,1,,0.897,2026-03-16T17:16:49.044179,sad,0.55,2026-03-16T17:16:49.044179,0.6076659796073195,2026-03-16T17:16:48.945000,82,,,
participant_20,2,day,Town10HD_Opt,2026-03-16 17:16:50.025175,-105.30513763427734,-47.77900314331055,0.0019723891746252,50.615,-4.995,0.0,0.0,0,0,1,,1.0,2026-03-16T17:16:50.025175,sad,0.55,2026-03-16T17:16:49.044179,0.567646956378612,2026-03-16T17:16:49.943000,83,,,
participant_20,2,day,Town10HD_Opt,2026-03-16 17:16:51.249247,-110.04812622070312,-37.31841659545898,0.0020200728904455,49.466,-6.17,0.44,0.0,0,0,1,,0.884,2026-03-16T17:16:51.249247,neutral,0.759,2026-03-16T17:16:51.249247,0.5787865839416726,2026-03-16T17:16:51.960000,80,,,
participant_20,2,day,Town10HD_Opt,2026-03-16 17:16:52.162003,-111.29071044921876,-28.93506622314453,0.0021462249569594,46.877,-5.167,0.385,0.0,0,0,1,,1.0,2026-03-16T17:16:52.162003,neutral,0.759,2026-03-16T17:16:51.249247,0.6060505376317228,2026-03-16T17:16:52.951000,80,,,
participant_20,2,day,Town10HD_Opt,2026-03-16 17:16:53.113456,-111.05418395996094,-20.84892845153809,0.0020335006993263,46.42,3.191,0.557,0.0,0,0,1,,1.0,2026-03-16T17:16:53.113456,neutral,0.759,2026-03-16T17:16:51.249247,0.4906667517212872,2026-03-16T17:16:53.940000,79,,,
participant_20,2,day,Town10HD_Opt,2026-03-16 17:16:54.086635,-111.28450012207033,-12.39358139038086,0.0017965697916224,51.964,-1.469,0.0,0.186,0,0,1,,1.0,2026-03-16T17:16:54.086635,sad,0.684,2026-03-16T17:16:54.086635,0.6476197676689122,2026-03-16T17:16:53.940000,81,,,
participant_20,2,day,Town10HD_Opt,2026-03-16 17:16:55.011965,-111.39771270751952,-3.652797222137451,0.001883239718154,52.05,-2.97,0.0,0.154,0,0,1,,0.879,2026-03-16T17:16:55.011965,sad,0.684,2026-03-16T17:16:54.086635,0.5543823399248733,2026-03-16T17:16:54.986000,80,,,errors=Red light violation
participant_20,2,day,Town10HD_Opt,2026-03-16 17:16:56.238114,-109.95741271972656,7.781291484832764,0.0023444364778697,47.8,-4.299,0.251,0.0,0,0,1,,0.816,2026-03-16T17:16:56.238114,sad,0.708,2026-03-16T17:16:56.238114,0.6135149096536019,2026-03-16T17:16:56.955000,82,,,
participant_20,2,day,Town10HD_Opt,2026-03-16 17:16:57.120573,-107.6414031982422,15.108046531677246,0.0022370147053152,38.392,-6.161,0.0,0.0,0,0,1,,0.811,2026-03-16T17:16:57.120573,sad,0.708,2026-03-16T17:16:56.238114,0.6063015279608591,2026-03-16T17:16:57.946000,81,,,
participant_20,2,day,Town10HD_Opt,2026-03-16 17:16:58.043754,-104.5044403076172,20.201112747192383,0.0022467421367764,31.46,-14.097,0.624,0.0,0,0,1,,1.0,2026-03-16T17:16:58.043754,sad,0.708,2026-03-16T17:16:56.238114,0.5695087431420854,2026-03-16T17:16:57.946000,80,,,
participant_20,2,day,Town10HD_Opt,2026-03-16 17:16:59.006439,-99.8682861328125,24.174440383911133,0.0016636657528579,41.538,-1.523,0.945,0.0,0,0,1,,0.881,2026-03-16T17:16:59.006439,sad,0.73,2026-03-16T17:16:59.006439,0.5366620474505636,2026-03-16T17:16:58.936000,85,,,
participant_20,2,day,Town10HD_Opt,2026-03-16 17:17:00.292952,-90.06414031982422,29.11961936950684,0.0021214294247329,48.137,-18.508,0.942,0.0,0,0,1,,1.0,2026-03-16T17:17:00.292952,sad,0.73,2026-03-16T17:16:59.006439,0.5762665458638362,2026-03-16T17:17:00.960000,82,,,errors=Solid line crossing
participant_20,2,day,Town10HD_Opt,2026-03-16 17:17:01.248485,-81.37958526611328,28.125492095947266,0.002118453849107,49.06,10.562,0.995,0.0,0,0,1,,1.0,2026-03-16T17:17:01.248485,happy,0.939,2026-03-16T17:17:01.248485,0.6528762637191436,2026-03-16T17:17:01.950000,80,,,
participant_20,2,day,Town10HD_Opt,2026-03-16 17:17:02.211606,-73.48233032226562,27.824350357055664,0.0022842406760901,41.773,-3.045,0.963,0.0,0,0,1,,1.0,2026-03-16T17:17:02.211606,happy,0.939,2026-03-16T17:17:01.248485,0.4762791294424773,2026-03-16T17:17:02.985000,84,,,
participant_20,2,day,Town10HD_Opt,2026-03-16 17:17:03.175859,-65.28054809570312,27.608333587646484,0.0016500090714544,52.901,-0.009,0.0,0.289,0,0,1,,1.0,2026-03-16T17:17:03.175859,happy,0.939,2026-03-16T17:17:01.248485,0.611852160198617,2026-03-16T17:17:03.975000,84,,,
participant_20,2,day,Town10HD_Opt,2026-03-16 17:17:04.114765,-56.50961685180664,27.32729148864746,0.0019428252708166,51.328,0.505,0.0,0.0,0,0,1,,1.0,2026-03-16T17:17:04.114765,happy,0.993,2026-03-16T17:17:04.114765,0.5474100296070692,2026-03-16T17:17:04.965000,82,Solid line crossing,Solid line crossing,
participant_20,2,day,Town10HD_Opt,2026-03-16 17:17:05.030585,-47.73076248168945,27.18824958801269,0.0019750595092773,50.534,0.879,0.0,0.0,0,0,1,,0.868,2026-03-16T17:17:05.030585,happy,0.993,2026-03-16T17:17:04.114765,0.455976021597597,2026-03-16T17:17:04.965000,82,,,
participant_20,2,day,Town10HD_Opt,2026-03-16 17:17:06.223748,-36.00348663330078,28.077322006225582,0.0018931579543277,51.613,-6.872,0.0,0.201,0,0,1,,1.0,2026-03-16T17:17:06.223748,happy,0.698,2026-03-16T17:17:06.223748,0.494372438902625,2026-03-16T17:17:06.945000,82,,,
participant_20,2,day,Town10HD_Opt,2026-03-16 17:17:07.143328,-27.31354141235352,27.985822677612305,0.00186828605365,51.748,2.163,0.0,0.167,0,0,1,,1.0,2026-03-16T17:17:07.143328,happy,0.698,2026-03-16T17:17:06.223748,0.5278605801939054,2026-03-16T17:17:07.936000,82,,,
participant_20,2,day,Town10HD_Opt,2026-03-16 17:17:08.065877,-18.58776092529297,27.667823791503903,0.0019668196327984,50.762,-2.428,0.695,0.0,0,0,1,,0.847,2026-03-16T17:17:08.065877,happy,0.698,2026-03-16T17:17:06.223748,0.5209576528246357,2026-03-16T17:17:07.936000,82,,,
participant_20,2,day,Town10HD_Opt,2026-03-16 17:17:09.012680,-9.887456893920898,27.01784324645996,0.0013795470586046,50.347,0.127,0.698,0.0,0,0,1,,1.0,2026-03-16T17:17:09.012680,happy,0.975,2026-03-16T17:17:09.012680,0.5600746023393298,2026-03-16T17:17:08.975000,83,,,
participant_20,2,day,Town10HD_Opt,2026-03-16 17:17:10.238236,1.7175463438034058,26.076772689819336,0.0019760131835937,50.149,-0.395,0.112,0.0,0,0,1,,0.889,2026-03-16T17:17:10.238236,happy,0.975,2026-03-16T17:17:09.012680,0.5740838105630854,2026-03-16T17:17:10.950000,86,,,
participant_20,2,day,Town10HD_Opt,2026-03-16 17:17:11.163632,9.682493209838867,25.38481330871582,0.0023785780649632,39.823,2.704,0.0,0.0,0,0,1,,1.0,2026-03-16T17:17:11.163632,neutral,0.532,2026-03-16T17:17:11.163632,0.5976954698421731,2026-03-16T17:17:11.985000,84,,,
participant_20,2,day,Town10HD_Opt,2026-03-16 17:17:12.118945,15.91450309753418,25.33873748779297,0.0023277283180505,31.318,3.335,0.0,0.0,0,0,1,,0.9,2026-03-16T17:17:12.118945,neutral,0.532,2026-03-16T17:17:11.163632,0.6042765293028471,2026-03-16T17:17:11.985000,83,,,
participant_20,2,day,Town10HD_Opt,2026-03-16 17:17:13.059374,20.83465003967285,25.75731658935547,0.0021486282348632,26.475,3.109,0.317,0.0,0,0,1,,0.851,2026-03-16T17:17:13.059374,neutral,0.532,2026-03-16T17:17:11.163632,0.5459565601826728,2026-03-16T17:17:12.976000,82,,,
participant_20,2,day,Town10HD_Opt,2026-03-16 17:17:14.002310,25.326080322265625,26.51546859741211,0.0020669936202466,25.754,5.108,0.467,0.0,0,0,1,,0.842,2026-03-16T17:17:14.002310,neutral,0.839,2026-03-16T17:17:14.002310,0.630599995330442,2026-03-16T17:17:13.977000,82,,,
participant_20,2,day,Town10HD_Opt,2026-03-16 17:17:15.286391,31.35922813415528,28.5505313873291,0.0019530105637386,29.357,11.895,0.49,0.0,0,0,1,,1.0,2026-03-16T17:17:15.286391,neutral,0.839,2026-03-16T17:17:14.002310,0.5988037983228002,2026-03-16T17:17:15.990000,84,,,
participant_20,2,day,Town10HD_Opt,2026-03-16 17:17:16.203464,35.612815856933594,31.6788272857666,0.0019999693613499,31.467,13.723,0.487,0.0,0,0,1,,1.0,2026-03-16T17:17:16.203464,happy,0.991,2026-03-16T17:17:16.203464,0.638423908228866,2026-03-16T17:17:16.935000,85,,,
participant_20,2,day,Town10HD_Opt,2026-03-16 17:17:17.139778,38.73679733276367,36.360633850097656,0.002005805959925,33.236,12.049,0.483,0.0,0,0,1,,1.0,2026-03-16T17:17:17.139778,happy,0.991,2026-03-16T17:17:16.203464,0.5931380481177103,2026-03-16T17:17:17.971000,81,,,
participant_20,2,day,Town10HD_Opt,2026-03-16 17:17:18.070891,40.45633316040039,41.86125946044922,0.0022064589429646,30.376,3.196,0.0,0.0,0,0,1,,0.903,2026-03-16T17:17:18.070891,happy,0.991,2026-03-16T17:17:16.203464,0.5411861136441646,2026-03-16T17:17:17.971000,84,,,errors=Solid line crossing
participant_20,2,day,Town10HD_Opt,2026-03-16 17:17:19.256544,41.51273727416992,47.6796760559082,0.0023889541625976,15.11,12.592,0.0,0.638,0,0,1,,1.0,2026-03-16T17:17:19.256544,neutral,0.729,2026-03-16T17:17:19.256544,0.5400672164816701,2026-03-16T17:17:19.951000,82,,,
participant_20,2,day,Town10HD_Opt,2026-03-16 17:17:20.130456,41.53933334350586,48.14993667602539,0.0020590210333466,0.0,6.661,0.0,0.832,0,0,1,,0.812,2026-03-16T17:17:20.130456,neutral,0.729,2026-03-16T17:17:19.256544,0.5161219371613673,2026-03-16T17:17:20.940000,78,,,
participant_20,2,day,Town10HD_Opt,2026-03-16 17:17:21.228907,41.53934097290039,48.15011596679688,0.0019207000732421,0.0,5.238,0.0,0.0,0,0,1,,1.0,2026-03-16T17:17:21.228907,neutral,0.729,2026-03-16T17:17:19.256544,0.5333670612623913,2026-03-16T17:17:20.940000,83,,,
participant_20,2,day,Town10HD_Opt,2026-03-16 17:17:22.076172,41.53934097290039,48.15011596679688,0.0019195555942133,0.0,5.363,0.0,0.0,0,0,1,,1.0,2026-03-16T17:17:22.076172,sad,0.754,2026-03-16T17:17:22.076172,0.5660498428719973,2026-03-16T17:17:22.110000,81,,,
participant_20,2,day,Town10HD_Opt,2026-03-16 17:17:23.201954,41.53919982910156,48.14756393432617,0.0019125747494399,0.076,6.998,0.0,0.0,0,0,1,,0.846,2026-03-16T17:17:23.201954,sad,0.754,2026-03-16T17:17:22.076172,0.5399185397996418,2026-03-16T17:17:23.955000,84,,,
participant_20,2,day,Town10HD_Opt,2026-03-16 17:17:24.066784,41.53945541381836,48.15484237670898,0.0019176482455804,0.067,8.162,0.082,0.0,0,0,1,,0.869,2026-03-16T17:17:24.066784,sad,0.754,2026-03-16T17:17:22.076172,0.5560945785946841,2026-03-16T17:17:23.955000,81,,,
participant_20,2,day,Town10HD_Opt,2026-03-16 17:17:25.224394,41.54078674316406,48.213470458984375,0.001835327129811,1.887,9.605,0.666,0.0,0,0,1,,1.0,2026-03-16T17:17:25.224394,sad,0.81,2026-03-16T17:17:25.224394,0.5886683884539966,2026-03-16T17:17:25.935000,83,,,
participant_20,2,day,Town10HD_Opt,2026-03-16 17:17:26.070351,41.49872970581055,49.32378768920898,0.0016006468795239,11.809,11.941,0.646,0.0,0,0,1,,1.0,2026-03-16T17:17:26.070351,sad,0.81,2026-03-16T17:17:25.224394,0.553307375837334,2026-03-16T17:17:25.935000,84,,,
participant_20,2,day,Town10HD_Opt,2026-03-16 17:17:27.263082,41.03782653808594,52.85519027709961,0.001894531189464,16.417,-0.04,0.246,0.0,0,0,1,,0.802,2026-03-16T17:17:27.263082,happy,1.0,2026-03-16T17:17:27.263082,0.637376878525189,2026-03-16T17:17:27.960000,80,,,errors=Stop sign violation | Solid line crossing
participant_20,2,day,Town10HD_Opt,2026-03-16 17:17:28.134657,40.77932357788086,55.745643615722656,0.0018795394571498,17.238,-1.438,0.334,0.0,0,0,1,,1.0,2026-03-16T17:17:28.134657,happy,1.0,2026-03-16T17:17:27.263082,0.4971307149086789,2026-03-16T17:17:27.960000,81,,,
participant_20,2,day,Town10HD_Opt,2026-03-16 17:17:28.993353,40.68817901611328,58.87392044067383,0.0020643614698201,18.83,-15.189,0.805,0.0,0,0,1,,1.0,2026-03-16T17:17:28.993353,happy,1.0,2026-03-16T17:17:27.263082,0.5768480084190821,2026-03-16T17:17:29.040000,80,,,
participant_20,2,day,Town10HD_Opt,2026-03-16 17:17:30.146493,42.38799285888672,64.31706237792969,0.0018292998429387,30.406,-15.267,0.643,0.0,0,0,1,,1.0,2026-03-16T17:17:30.146493,happy,1.0,2026-03-16T17:17:30.146493,0.3935429090425383,2026-03-16T17:17:30.975000,81,,,
participant_20,2,day,Town10HD_Opt,2026-03-16 17:17:31.028835,46.16725540161133,68.61738586425781,0.0018982696346938,35.985,-16.362,0.638,0.0,0,0,1,,1.0,2026-03-16T17:17:31.028835,happy,1.0,2026-03-16T17:17:30.146493,0.3930575078373401,2026-03-16T17:17:30.975000,84,,,
participant_20,2,day,Town10HD_Opt,2026-03-16 17:17:32.193330,54.62923049926758,71.2751693725586,0.001940498361364,41.759,-12.342,0.632,0.0,0,0,1,,1.0,2026-03-16T17:17:32.193330,happy,0.86,2026-03-16T17:17:32.193330,0.4413930388909309,2026-03-16T17:17:32.955000,81,,,
participant_20,2,day,Town10HD_Opt,2026-03-16 17:17:33.148669,61.90876388549805,70.73717498779297,0.0022670363541692,38.115,6.388,0.0,0.0,0,0,1,,1.0,2026-03-16T17:17:33.148669,happy,0.86,2026-03-16T17:17:32.193330,0.3762205360507867,2026-03-16T17:17:33.946000,81,,,
participant_20,2,day,Town10HD_Opt,2026-03-16 17:17:34.003881,67.87155151367188,70.78911590576172,0.0023188018240034,29.436,-4.766,0.0,0.0,0,0,1,,1.0,2026-03-16T17:17:34.003881,happy,0.86,2026-03-16T17:17:32.193330,0.3304475756056236,2026-03-16T17:17:33.946000,79,,,
participant_20,2,day,Town10HD_Opt,2026-03-16 17:17:35.136041,73.69914245605469,70.49272918701172,0.0022709656041115,19.967,1.765,0.0,0.345,0,0,1,,0.882,2026-03-16T17:17:35.136041,sad,0.492,2026-03-16T17:17:35.136041,0.2821856235539032,2026-03-16T17:17:35.970000,86,,,
participant_20,2,day,Town10HD_Opt,2026-03-16 17:17:35.990143,76.57833099365234,70.4234619140625,0.002127876272425,12.625,-1.271,0.0,0.066,0,0,1,,1.0,2026-03-16T17:17:35.990143,sad,0.492,2026-03-16T17:17:35.136041,0.3592106554296274,2026-03-16T17:17:35.970000,83,,,
participant_20,2,day,Town10HD_Opt,2026-03-16 17:17:37.169859,79.09423828125,70.32372283935547,0.0020050429739058,8.891,-0.914,0.0,0.0,0,0,1,,1.0,2026-03-16T17:17:37.169859,sad,0.599,2026-03-16T17:17:37.169859,0.4245451808634768,2026-03-16T17:17:37.950000,91,,,
participant_20,2,day,Town10HD_Opt,2026-03-16 17:17:38.011928,80.48201751708984,70.25485229492188,0.0019509505946189,7.437,-0.858,0.373,0.0,0,0,1,,0.906,2026-03-16T17:17:38.011928,sad,0.599,2026-03-16T17:17:37.169859,0.4775958235928244,2026-03-16T17:17:37.950000,91,,,
participant_20,2,day,Town10HD_Opt,2026-03-16 17:17:39.108491,83.39178466796875,70.10140991210938,0.0017915343632921,19.323,1.565,0.755,0.0,0,0,1,,0.89,2026-03-16T17:17:39.108491,sad,0.599,2026-03-16T17:17:37.169859,0.4259672829420049,2026-03-16T17:17:38.941000,90,,,
participant_20,2,day,Town10HD_Opt,2026-03-16 17:17:40.239051,88.64588928222656,70.34901428222656,0.0021202850621193,22.417,12.296,0.206,0.0,0,0,1,,1.0,2026-03-16T17:17:40.239051,happy,0.921,2026-03-16T17:17:40.239051,0.4903601394094048,2026-03-16T17:17:40.965000,81,,,
participant_20,2,day,Town10HD_Opt,2026-03-16 17:17:41.075096,92.10201263427734,71.493896484375,0.0021370314061641,19.75,15.6,0.297,0.0,0,0,1,,1.0,2026-03-16T17:17:41.075096,happy,0.921,2026-03-16T17:17:40.239051,0.525966411284182,2026-03-16T17:17:40.965000,83,,,
participant_20,2,day,Town10HD_Opt,2026-03-16 17:17:42.179664,95.64459991455078,74.20722198486328,0.0020501709077507,19.481,16.803,0.377,0.0,0,0,1,,1.0,2026-03-16T17:17:42.179664,happy,0.921,2026-03-16T17:17:40.239051,0.5117731523793267,2026-03-16T17:17:42.945000,82,,,
participant_20,2,day,Town10HD_Opt,2026-03-16 17:17:43.022911,97.55323791503906,77.10346984863281,0.0020184707827866,20.762,16.369,0.419,0.0,0,0,1,,1.0,2026-03-16T17:17:43.022911,neutral,0.974,2026-03-16T17:17:43.022911,0.4611532333495424,2026-03-16T17:17:42.945000,81,,,
participant_20,2,day,Town10HD_Opt,2026-03-16 17:17:44.140514,98.87862396240234,82.00296020507812,0.0019905471708625,23.304,7.411,0.479,0.0,0,0,1,,1.0,2026-03-16T17:17:44.140514,neutral,0.974,2026-03-16T17:17:43.022911,0.4804097992157236,2026-03-16T17:17:44.971000,80,,,
participant_20,2,day,Town10HD_Opt,2026-03-16 17:17:45.004009,99.25450897216795,86.5126724243164,0.0017077254597097,31.702,3.304,0.991,0.0,0,0,1,,0.931,2026-03-16T17:17:45.004009,neutral,0.974,2026-03-16T17:17:43.022911,0.4695793577824464,2026-03-16T17:17:44.971000,82,,,
participant_20,2,day,Town10HD_Opt,2026-03-16 17:17:46.156689,98.94485473632812,95.70079803466795,0.0017575835809111,46.114,5.174,0.744,0.0,0,0,1,,1.0,2026-03-16T17:17:46.156689,neutral,0.545,2026-03-16T17:17:46.156689,0.3334422750439763,2026-03-16T17:17:46.950000,81,,,
participant_20,2,day,Town10HD_Opt,2026-03-16 17:17:47.255256,95.9628677368164,106.73296356201172,0.0021157073788344,49.076,4.277,0.732,0.0,0,0,1,,1.0,2026-03-16T17:17:47.255256,neutral,0.545,2026-03-16T17:17:46.156689,0.3870598154813458,2026-03-16T17:17:48.030000,84,,,
participant_20,2,day,Town10HD_Opt,2026-03-16 17:17:48.093394,91.86746978759766,114.4430923461914,0.0021377182565629,49.079,4.348,0.727,0.0,0,0,1,,1.0,2026-03-16T17:17:48.093394,neutral,0.545,2026-03-16T17:17:46.156689,0.2468949059966764,2026-03-16T17:17:48.030000,83,,,
participant_20,2,day,Town10HD_Opt,2026-03-16 17:17:49.204936,84.25923919677734,123.08473205566406,0.0020137405954301,49.875,8.818,0.708,0.0,0,0,1,,1.0,2026-03-16T17:17:49.204936,neutral,0.461,2026-03-16T17:17:49.204936,0.2482791112374738,2026-03-16T17:17:49.967000,84,,,errors=Solid line crossing
participant_20,2,day,Town10HD_Opt,2026-03-16 17:17:50.060383,76.70720672607422,127.2400360107422,0.0021272278390824,48.362,4.948,0.705,0.0,0,0,1,,1.0,2026-03-16T17:17:50.060383,neutral,0.461,2026-03-16T17:17:49.204936,0.306493757572601,2026-03-16T17:17:49.967000,85,,,
participant_20,2,day,Town10HD_Opt,2026-03-16 17:17:51.227370,65.44823455810547,129.96041870117188,0.0020702742040157,49.647,3.69,0.705,0.0,0,0,1,,1.0,2026-03-16T17:17:51.227370,neutral,0.828,2026-03-16T17:17:51.227370,0.252811758817841,2026-03-16T17:17:51.945000,77,,,
participant_20,2,day,Town10HD_Opt,2026-03-16 17:17:52.117810,56.73876953125,130.58453369140625,0.0020927428267896,49.405,0.338,0.705,0.0,0,0,1,,0.839,2026-03-16T17:17:52.117810,neutral,0.828,2026-03-16T17:17:51.227370,0.2155187672318189,2026-03-16T17:17:51.945000,77,,,
participant_20,2,day,Town10HD_Opt,2026-03-16 17:17:53.084709,48.00450134277344,130.83499145507812,0.0021165085490792,49.179,0.771,0.706,0.0,0,0,1,,1.0,2026-03-16T17:17:53.084709,neutral,0.828,2026-03-16T17:17:51.227370,0.1372614959050335,2026-03-16T17:17:53.161000,77,,,
participant_20,2,day,Town10HD_Opt,2026-03-16 17:17:53.992573,39.26896667480469,131.06924438476562,0.002134742680937,49.04,-0.094,0.706,0.0,0,0,1,,1.0,2026-03-16T17:17:53.992573,neutral,0.867,2026-03-16T17:17:53.992573,0.1308684086549427,2026-03-16T17:17:53.973000,76,,,
participant_20,2,day,Town10HD_Opt,2026-03-16 17:17:55.225546,27.65540313720703,131.35411071777344,0.0020163727458566,50.154,0.016,0.706,0.0,0,0,1,,1.0,2026-03-16T17:17:55.225546,neutral,0.867,2026-03-16T17:17:53.992573,0.0523981964068814,2026-03-16T17:17:55.951000,77,,,
participant_20,2,day,Town10HD_Opt,2026-03-16 17:17:56.174466,18.92557716369629,131.5880584716797,0.0020412062294781,49.868,0.451,0.706,0.0,0,0,1,,0.9,2026-03-16T17:17:56.174466,sad,0.665,2026-03-16T17:17:56.174466,0.0222323011360313,2026-03-16T17:17:55.951000,75,,,
participant_20,2,day,Town10HD_Opt,2026-03-16 17:17:57.063034,10.19765281677246,131.72323608398438,0.0020693587139248,49.542,0.461,0.702,0.0,0,0,1,,0.906,2026-03-16T17:17:57.063034,sad,0.665,2026-03-16T17:17:56.174466,0.1188929936637055,2026-03-16T17:17:57.076000,75,,,
participant_20,2,day,Town10HD_Opt,2026-03-16 17:17:58.232942,-1.410893201828003,131.64756774902344,0.001981658861041,50.397,0.446,0.663,0.0,0,0,1,,0.848,2026-03-16T17:17:58.232942,sad,0.788,2026-03-16T17:17:58.232942,0.0615370798997366,2026-03-16T17:17:58.965000,78,,,
participant_20,2,day,Town10HD_Opt,2026-03-16 17:17:59.126701,-10.08794116973877,131.41140747070312,0.0020371626596897,49.507,-0.261,0.663,0.0,0,0,1,,0.851,2026-03-16T17:17:59.126701,sad,0.788,2026-03-16T17:17:58.232942,0.02,2026-03-16T17:17:59.955000,79,,,
participant_20,2,day,Town10HD_Opt,2026-03-16 17:18:00.052280,-18.80254364013672,131.27755737304688,0.0021327589638531,48.499,-0.179,0.288,0.0,0,0,1,,1.0,2026-03-16T17:18:00.052280,sad,0.788,2026-03-16T17:17:58.232942,0.02,2026-03-16T17:17:59.955000,77,,,
participant_20,2,day,Town10HD_Opt,2026-03-16 17:18:01.183581,-29.479555130004883,130.6616973876953,0.0023181533906608,40.839,13.102,0.165,0.0,0,0,1,,1.0,2026-03-16T17:18:01.183581,sad,0.828,2026-03-16T17:18:01.183581,0.02,2026-03-16T17:18:01.981000,77,,,
participant_20,2,day,Town10HD_Opt,2026-03-16 17:18:02.071002,-35.42267608642578,127.60997772216795,0.0020855329930782,38.546,14.036,0.595,0.0,0,0,1,,1.0,2026-03-16T17:18:02.071002,sad,0.828,2026-03-16T17:18:01.183581,0.02,2026-03-16T17:18:01.981000,77,,,
participant_20,2,day,Town10HD_Opt,2026-03-16 17:18:03.000158,-39.65766143798828,122.02708435058594,0.0019264221191406,42.608,10.908,0.637,0.0,0,0,1,,1.0,2026-03-16T17:18:03.000158,sad,0.828,2026-03-16T17:18:01.183581,0.02,2026-03-16T17:18:02.971000,76,,,
participant_20,2,day,Town10HD_Opt,2026-03-16 17:18:04.190600,-41.71474838256836,111.9190902709961,0.0019448088714852,47.297,6.528,0.629,0.0,0,0,1,,1.0,2026-03-16T17:18:04.190600,sad,0.8,2026-03-16T17:18:04.190600,0.02,2026-03-16T17:18:05.041000,73,,,
participant_20,2,day,Town10HD_Opt,2026-03-16 17:18:05.101124,-41.2607650756836,103.83462524414062,0.0023185729514807,41.76,-10.029,0.062,0.0,0,0,1,,1.0,2026-03-16T17:18:05.101124,sad,0.8,2026-03-16T17:18:04.190600,0.02,2026-03-16T17:18:05.940000,74,,,
participant_20,2,day,Town10HD_Opt,2026-03-16 17:18:06.039416,-42.34699249267578,97.37722778320312,0.0023389435373246,32.527,5.519,0.159,0.0,0,0,1,,1.0,2026-03-16T17:18:06.039416,sad,0.8,2026-03-16T17:18:04.190600,0.02,2026-03-16T17:18:05.940000,73,,,
participant_20,2,day,Town10HD_Opt,2026-03-16 17:18:07.229425,-43.10836410522461,90.63435363769533,0.0021488571073859,26.497,6.232,0.357,0.0,0,0,1,,1.0,2026-03-16T17:18:07.229425,sad,0.721,2026-03-16T17:18:07.229425,0.02,2026-03-16T17:18:07.966000,70,,,
participant_20,2,day,Town10HD_Opt,2026-03-16 17:18:08.170250,-42.82673645019531,86.03558349609375,0.002042083768174,26.686,11.05,0.404,0.0,0,0,1,,1.0,2026-03-16T17:18:08.170250,sad,0.721,2026-03-16T17:18:07.229425,0.0219781587687363,2026-03-16T17:18:09.001000,73,,,
participant_20,2,day,Town10HD_Opt,2026-03-16 17:18:09.087460,-41.48440933227539,81.40901947021484,0.0019291305216029,29.293,5.692,0.577,0.0,0,0,1,,1.0,2026-03-16T17:18:09.087460,sad,0.721,2026-03-16T17:18:07.229425,0.0479804680303111,2026-03-16T17:18:09.001000,75,,,
participant_20,2,day,Town10HD_Opt,2026-03-16 17:18:09.994727,-39.03681945800781,76.50094604492188,0.001925888005644,33.647,13.338,0.577,0.0,0,0,1,,1.0,2026-03-16T17:18:09.994727,sad,0.79,2026-03-16T17:18:09.994727,0.02,2026-03-16T17:18:09.946000,72,,,
participant_20,2,day,Town10HD_Opt,2026-03-16 17:18:11.231275,-32.56923294067383,71.44937896728516,0.0019680403638631,38.153,13.872,0.579,0.0,0,0,1,,1.0,2026-03-16T17:18:11.231275,sad,0.79,2026-03-16T17:18:09.994727,0.02,2026-03-16T17:18:11.970000,75,,,
participant_20,2,day,Town10HD_Opt,2026-03-16 17:18:12.106075,-25.77979850769043,70.15047454833984,0.0019436263246461,41.559,-0.609,0.578,0.0,0,0,1,phone_call,0.817,2026-03-16T17:18:12.106075,neutral,0.524,2026-03-16T17:18:12.106075,0.02,2026-03-16T17:18:11.970000,75,,,
participant_20,2,day,Town10HD_Opt,2026-03-16 17:18:13.036828,-18.30417251586914,69.35297393798828,0.0019464873475953,44.422,5.155,0.573,0.0,0,0,1,,1.0,2026-03-16T17:18:13.036828,neutral,0.524,2026-03-16T17:18:12.106075,0.02,2026-03-16T17:18:13.005000,76,,,errors=Solid line crossing
participant_20,2,day,Town10HD_Opt,2026-03-16 17:18:14.011449,-10.429222106933594,69.14659881591797,0.0020274734124541,45.304,1.307,0.484,0.0,0,0,1,,1.0,2026-03-16T17:18:14.011449,neutral,0.524,2026-03-16T17:18:12.106075,0.02,2026-03-16T17:18:13.950000,77,,,
participant_20,2,day,Town10HD_Opt,2026-03-16 17:18:15.227462,0.1625855267047882,69.68184661865234,0.0020363617222756,45.591,-2.395,0.475,0.0,0,0,1,,1.0,2026-03-16T17:18:15.227462,neutral,0.518,2026-03-16T17:18:15.227462,0.02,2026-03-16T17:18:15.976000,79,,,
participant_20,2,day,Town10HD_Opt,2026-03-16 17:18:16.203425,8.117691993713379,69.66874694824219,0.0020652769599109,44.921,-0.837,0.085,0.0,0,0,1,,1.0,2026-03-16T17:18:16.203425,neutral,0.518,2026-03-16T17:18:15.227462,0.0544139624241651,2026-03-16T17:18:16.966000,78,,,
participant_20,2,day,Town10HD_Opt,2026-03-16 17:18:17.185501,15.295308113098145,69.30057525634766,0.0023515319917351,35.666,0.874,0.0,0.345,0,0,1,,1.0,2026-03-16T17:18:17.185501,neutral,0.518,2026-03-16T17:18:15.227462,0.02,2026-03-16T17:18:17.955000,78,,,errors=Harsh braking | Solid line crossing
participant_20,2,day,Town10HD_Opt,2026-03-16 17:18:18.115159,20.574676513671875,69.14319610595703,0.0024301910307258,23.606,0.747,0.0,0.772,0,0,1,,1.0,2026-03-16T17:18:18.115159,sad,0.952,2026-03-16T17:18:18.115159,0.02,2026-03-16T17:18:17.955000,80,,,
participant_20,2,day,Town10HD_Opt,2026-03-16 17:18:19.069961,22.78666877746582,69.11980438232422,0.0026818083133548,0.002,0.665,0.0,0.914,0,0,1,,1.0,2026-03-16T17:18:19.069961,sad,0.952,2026-03-16T17:18:18.115159,0.02,2026-03-16T17:18:19.040000,78,,,
participant_20,2,day,Town10HD_Opt,2026-03-16 17:18:20.039392,22.78755569458008,69.11979675292969,0.0019440078176558,0.0,0.665,0.0,0.427,0,0,1,,1.0,2026-03-16T17:18:20.039392,sad,0.952,2026-03-16T17:18:18.115159,0.0329752471292491,2026-03-16T17:18:19.981000,80,,,
participant_20,2,day,Town10HD_Opt,2026-03-16 17:18:21.215248,22.78758811950684,69.11979675292969,0.001919784466736,0.0,0.665,0.0,0.0,0,0,1,,1.0,2026-03-16T17:18:21.215248,sad,0.634,2026-03-16T17:18:21.215248,0.02,2026-03-16T17:18:21.961000,78,,,
participant_20,2,day,Town10HD_Opt,2026-03-16 17:18:22.096620,22.78758811950684,69.11979675292969,0.001919784466736,0.0,0.665,0.0,0.0,0,0,1,,1.0,2026-03-16T17:18:22.096620,sad,0.634,2026-03-16T17:18:21.215248,0.02,2026-03-16T17:18:22.951000,80,,,
participant_20,2,day,Town10HD_Opt,2026-03-16 17:18:22.995188,23.16139793395996,69.11665344238281,0.0015291976742446,8.713,0.134,1.0,0.0,0,0,1,,1.0,2026-03-16T17:18:22.995188,sad,0.634,2026-03-16T17:18:21.215248,0.0505183538292631,2026-03-16T17:18:22.951000,79,,,
participant_20,2,day,Town10HD_Opt,2026-03-16 17:18:24.184874,27.357139587402344,69.03814697265625,0.001586418133229,28.438,-4.749,1.0,0.0,0,0,1,,1.0,2026-03-16T17:18:24.184874,sad,0.649,2026-03-16T17:18:24.184874,0.0487632944344801,2026-03-16T17:18:24.975000,80,,,errors=Solid line crossing
participant_20,2,day,Town10HD_Opt,2026-03-16 17:18:25.110354,33.41130828857422,68.0007095336914,0.0016227340092882,41.552,-7.299,0.609,0.0,0,0,1,,1.0,2026-03-16T17:18:25.110354,sad,0.649,2026-03-16T17:18:24.184874,0.0408098759602134,2026-03-16T17:18:24.975000,78,,,
participant_20,2,day,Town10HD_Opt,2026-03-16 17:18:26.266612,41.4915771484375,64.26484680175781,0.0023342894855886,32.089,-12.275,0.0,0.0,0,0,1,,1.0,2026-03-16T17:18:26.266612,sad,0.56,2026-03-16T17:18:26.266612,0.0346906969360946,2026-03-16T17:18:26.956000,81,,,
participant_20,2,day,Town10HD_Opt,2026-03-16 17:18:27.189920,44.69871139526367,60.5572624206543,0.0022796248085796,25.746,-26.243,0.404,0.0,0,0,1,,1.0,2026-03-16T17:18:27.189920,sad,0.56,2026-03-16T17:18:26.266612,0.02,2026-03-16T17:18:27.946000,81,,,
participant_20,2,day,Town10HD_Opt,2026-03-16 17:18:28.065543,45.65940475463867,56.17181396484375,0.0020844268146902,25.627,-7.67,0.315,0.0,0,0,1,,0.872,2026-03-16T17:18:28.065543,sad,0.56,2026-03-16T17:18:26.266612,0.0287287886513659,2026-03-16T17:18:27.946000,79,,,
participant_20,2,day,Town10HD_Opt,2026-03-16 17:18:29.212937,45.76730728149414,50.31272506713867,0.0020625304896384,24.804,-5.607,0.472,0.0,0,0,1,,0.885,2026-03-16T17:18:29.212937,sad,0.821,2026-03-16T17:18:29.212937,0.1716129691310129,2026-03-16T17:18:30.016000,81,,,
participant_20,2,day,Town10HD_Opt,2026-03-16 17:18:30.134486,45.18678283691406,45.75400161743164,0.0019125747494399,28.347,-3.931,0.552,0.0,0,0,1,,1.0,2026-03-16T17:18:30.134486,sad,0.821,2026-03-16T17:18:29.212937,0.1799956213818124,2026-03-16T17:18:30.961000,83,,,
participant_20,2,day,Town10HD_Opt,2026-03-16 17:18:31.028076,44.59319686889648,40.49116897583008,0.0019446563674136,32.037,14.295,0.538,0.0,0,0,1,,1.0,2026-03-16T17:18:31.028076,sad,0.821,2026-03-16T17:18:29.212937,0.1391232664766718,2026-03-16T17:18:30.961000,83,,,
participant_20,2,day,Town10HD_Opt,2026-03-16 17:18:32.163990,46.91835403442383,33.142364501953125,0.0020330047700554,34.637,17.876,0.495,0.0,0,0,1,,1.0,2026-03-16T17:18:32.163990,neutral,0.936,2026-03-16T17:18:32.163990,0.1331627444127855,2026-03-16T17:18:32.041000,80,,,
participant_20,2,day,Town10HD_Opt,2026-03-16 17:18:33.060232,51.26887512207031,29.27033805847168,0.0022580719087272,30.572,12.524,0.0,0.0,0,0,1,,0.819,2026-03-16T17:18:33.060232,neutral,0.936,2026-03-16T17:18:32.163990,0.0673556434529464,2026-03-16T17:18:33.121000,78,,,
participant_20,2,day,Town10HD_Opt,2026-03-16 17:18:34.180354,56.96379089355469,27.216217041015625,0.0022390745580196,21.814,5.259,0.264,0.0,0,0,1,,1.0,2026-03-16T17:18:34.180354,neutral,0.835,2026-03-16T17:18:34.180354,0.1501889860801031,2026-03-16T17:18:35.011000,82,,,
participant_20,2,day,Town10HD_Opt,2026-03-16 17:18:35.058767,60.53768539428711,26.415834426879883,0.0020978164393454,20.092,-0.837,0.269,0.0,0,0,1,phone_call,0.972,2026-03-16T17:18:35.058767,neutral,0.835,2026-03-16T17:18:34.180354,0.0856637342805671,2026-03-16T17:18:35.011000,81,,,
participant_20,2,day,Town10HD_Opt,2026-03-16 17:18:36.203124,65.01539611816406,25.50853538513184,0.0020526503212749,19.311,4.452,0.231,0.0,0,0,1,,0.809,2026-03-16T17:18:36.203124,neutral,0.899,2026-03-16T17:18:36.203124,0.1511675737222472,2026-03-16T17:18:36.946000,79,,,
participant_20,2,day,Town10HD_Opt,2026-03-16 17:18:37.088508,68.26142883300781,25.11799049377441,0.0020484160631895,18.231,0.305,0.24,0.0,0,0,1,,1.0,2026-03-16T17:18:37.088508,neutral,0.899,2026-03-16T17:18:36.203124,0.1071356682421966,2026-03-16T17:18:36.946000,80,,,
participant_20,2,day,Town10HD_Opt,2026-03-16 17:18:38.238070,72.45003509521484,24.69887924194336,0.0018515014089643,17.787,4.202,0.18,0.0,0,0,1,,1.0,2026-03-16T17:18:38.238070,neutral,0.694,2026-03-16T17:18:38.238070,0.0933273084531974,2026-03-16T17:18:38.971000,83,,,
participant_20,2,day,Town10HD_Opt,2026-03-16 17:18:39.085155,75.34764862060547,24.60605430603028,0.0020396423060446,14.513,2.341,0.0,0.0,0,0,1,,0.96,2026-03-16T17:18:39.085155,neutral,0.694,2026-03-16T17:18:38.238070,0.1901994381481593,2026-03-16T17:18:38.971000,81,,,
participant_20,2,day,Town10HD_Opt,2026-03-16 17:18:40.194066,78.07107543945312,24.575233459472656,0.0021215819288045,7.444,0.261,0.0,0.555,0,0,1,,1.0,2026-03-16T17:18:40.194066,neutral,0.694,2026-03-16T17:18:38.238070,0.1059694111876575,2026-03-16T17:18:40.951000,81,,,
participant_20,2,day,Town10HD_Opt,2026-03-16 17:18:41.026925,78.60496520996094,24.569339752197266,0.0020765303634107,0.0,0.686,0.0,0.109,0,0,1,,1.0,2026-03-16T17:18:41.026925,fear,0.45,2026-03-16T17:18:41.026925,0.1427575374792161,2026-03-16T17:18:40.951000,81,,,
participant_20,2,day,Town10HD_Opt,2026-03-16 17:18:42.171508,78.6113510131836,24.56933212280273,0.0019205474527552,0.026,0.115,0.0,0.0,0,0,1,,1.0,2026-03-16T17:18:42.171508,fear,0.45,2026-03-16T17:18:41.026925,0.1657810800460349,2026-03-16T17:18:42.977000,81,,,
participant_20,2,day,Town10HD_Opt,2026-03-16 17:18:43.035094,78.62751770019531,24.56916236877441,0.0019011687254533,0.323,0.115,0.0,0.0,0,0,1,,1.0,2026-03-16T17:18:43.035094,neutral,0.49,2026-03-16T17:18:43.035094,0.1186929766623486,2026-03-16T17:18:42.977000,82,,,
participant_20,2,day,Town10HD_Opt,2026-03-16 17:18:44.137642,78.69691467285156,24.56827735900879,0.0019212722545489,0.248,0.564,0.0,0.0,0,0,1,,0.864,2026-03-16T17:18:44.137642,neutral,0.49,2026-03-16T17:18:43.035094,0.2482761776161255,2026-03-16T17:18:44.956000,83,,,
participant_20,2,day,Town10HD_Opt,2026-03-16 17:18:45.230212,78.74636840820312,24.5678825378418,0.0019207000732421,0.171,0.559,0.0,0.0,0,0,1,,0.829,2026-03-16T17:18:45.230212,neutral,0.786,2026-03-16T17:18:45.230212,0.1884015921053889,2026-03-16T17:18:45.991000,82,,,
participant_20,2,day,Town10HD_Opt,2026-03-16 17:18:46.048365,78.77357482910156,24.56767845153809,0.0019203948322683,0.131,0.559,0.0,0.0,0,0,1,,0.877,2026-03-16T17:18:46.048365,neutral,0.786,2026-03-16T17:18:45.230212,0.2061933307387715,2026-03-16T17:18:45.991000,83,,,
participant_20,2,day,Town10HD_Opt,2026-03-16 17:18:47.156194,78.80029296875,24.567413330078125,0.0019200515234842,0.091,0.559,0.0,0.0,0,0,1,,0.902,2026-03-16T17:18:47.156194,neutral,0.786,2026-03-16T17:18:45.230212,0.2283714483584658,2026-03-16T17:18:47.971000,84,,,
participant_20,2,day,Town10HD_Opt,2026-03-16 17:18:48.245752,78.819091796875,24.567277908325195,0.0019197082147002,0.062,0.585,0.0,0.0,0,0,1,,1.0,2026-03-16T17:18:48.245752,happy,0.972,2026-03-16T17:18:48.245752,0.2713882376555738,2026-03-16T17:18:48.961000,80,,,
participant_20,2,day,Town10HD_Opt,2026-03-16 17:18:49.065256,78.82942962646484,24.567195892333984,0.001919517526403,0.047,0.595,0.0,0.0,0,0,1,,1.0,2026-03-16T17:18:49.065256,happy,0.972,2026-03-16T17:18:48.245752,0.2801817093849487,2026-03-16T17:18:48.961000,81,,,
participant_20,2,day,Town10HD_Opt,2026-03-16 17:18:50.133114,78.83958435058594,24.567184448242188,0.0019193649059161,0.032,0.597,0.0,0.0,0,0,1,,1.0,2026-03-16T17:18:50.133114,happy,0.972,2026-03-16T17:18:48.245752,0.156086804647922,2026-03-16T17:18:50.941000,74,,,
participant_20,2,day,Town10HD_Opt,2026-03-16 17:18:51.226265,78.84671783447266,24.567176818847656,0.0019193267216905,0.022,0.602,0.0,0.0,0,0,1,,1.0,2026-03-16T17:18:51.226265,happy,1.0,2026-03-16T17:18:51.226265,0.1039301232054208,2026-03-16T17:18:51.976000,72,,,
participant_20,2,day,Town10HD_Opt,2026-03-16 17:18:52.045558,78.84962463378906,24.56717300415039,0.0019190596649423,0.003,0.602,0.0,0.0,0,0,1,,1.0,2026-03-16T17:18:52.045558,happy,1.0,2026-03-16T17:18:51.226265,0.1295639385653459,2026-03-16T17:18:51.976000,73,,,
participant_20,2,day,Town10HD_Opt,2026-03-16 17:18:53.175964,78.84989929199219,24.56717300415039,0.0019191741012036,0.005,0.62,0.0,0.0,0,0,1,,1.0,2026-03-16T17:18:53.175964,happy,1.0,2026-03-16T17:18:51.226265,0.0508546282874673,2026-03-16T17:18:53.956000,73,,,
participant_20,2,day,Town10HD_Opt,2026-03-16 17:18:54.061170,78.85015106201172,24.56717300415039,0.0019190978491678,0.006,0.625,0.0,0.0,0,0,1,,0.905,2026-03-16T17:18:54.061170,happy,1.0,2026-03-16T17:18:54.061170,0.02,2026-03-16T17:18:53.956000,73,,,
participant_20,2,day,Town10HD_Opt,2026-03-16 17:18:55.139332,78.85025787353516,24.56717300415039,0.0019192122854292,0.006,0.625,0.0,0.0,0,0,1,,0.948,2026-03-16T17:18:55.139332,happy,1.0,2026-03-16T17:18:54.061170,0.02,2026-03-16T17:18:55.982000,79,,,
participant_20,2,day,Town10HD_Opt,2026-03-16 17:18:56.232947,79.2371826171875,24.564584732055664,0.0017988967010751,4.176,0.625,0.0,0.0,0,0,1,,1.0,2026-03-16T17:18:56.232947,sad,0.624,2026-03-16T17:18:56.232947,0.02,2026-03-16T17:18:56.971000,77,,,
participant_20,2,day,Town10HD_Opt,2026-03-16 17:18:57.099422,79.9023666381836,24.56132698059082,0.0019449996761977,3.3,0.63,0.0,0.0,0,0,1,,1.0,2026-03-16T17:18:57.099422,sad,0.624,2026-03-16T17:18:56.232947,0.02,2026-03-16T17:18:56.971000,78,,,
participant_20,2,day,Town10HD_Opt,2026-03-16 17:18:58.207528,80.55958557128906,24.559720993041992,0.001941337599419,2.319,0.632,0.0,0.0,0,0,1,,1.0,2026-03-16T17:18:58.207528,sad,0.624,2026-03-16T17:18:56.232947,0.0284600103567356,2026-03-16T17:18:58.996000,79,,,
participant_20,2,day,Town10HD_Opt,2026-03-16 17:18:59.061751,80.92089080810547,24.55943298339844,0.0019361113663762,1.781,0.658,0.0,0.0,0,0,1,,1.0,2026-03-16T17:18:59.061751,happy,0.866,2026-03-16T17:18:59.061751,0.0256795091797519,2026-03-16T17:18:58.996000,79,,,
participant_20,2,day,Town10HD_Opt,2026-03-16 17:19:00.170798,80.9634780883789,24.55937385559082,0.0019237899687141,0.0,0.679,0.0,0.512,0,0,1,,1.0,2026-03-16T17:19:00.170798,happy,0.866,2026-03-16T17:18:59.061751,0.02,2026-03-16T17:19:00.977000,81,,,
participant_20,2,day,Town10HD_Opt,2026-03-16 17:19:01.025014,80.9634780883789,24.55937385559082,0.0019200897077098,0.0,0.679,0.0,0.0,0,0,1,,1.0,2026-03-16T17:19:01.025014,happy,0.866,2026-03-16T17:18:59.061751,0.02,2026-03-16T17:19:00.977000,77,,,
participant_20,2,day,Town10HD_Opt,2026-03-16 17:19:02.154876,80.9634780883789,24.55937385559082,0.001919021597132,0.0,0.78,0.0,0.0,0,0,1,,1.0,2026-03-16T17:19:02.154876,happy,1.0,2026-03-16T17:19:02.154876,0.02,2026-03-16T17:19:02.956000,78,,,
participant_20,2,day,Town10HD_Opt,2026-03-16 17:19:03.038132,80.9634780883789,24.55937385559082,0.001919021597132,0.0,0.576,0.0,0.0,0,0,1,,1.0,2026-03-16T17:19:03.038132,happy,1.0,2026-03-16T17:19:02.154876,0.0278381480098656,2026-03-16T17:19:02.956000,79,,,
participant_20,2,day,Town10HD_Opt,2026-03-16 17:19:04.138057,80.9634780883789,24.55937385559082,0.001919021597132,0.0,1.354,0.0,0.0,0,0,1,,1.0,2026-03-16T17:19:04.138057,happy,1.0,2026-03-16T17:19:02.154876,0.02,2026-03-16T17:19:04.982000,75,,,
participant_20,2,day,Town10HD_Opt,2026-03-16 17:19:05.019138,81.0767822265625,24.569355010986328,0.0017465590499341,3.794,13.511,0.9,0.0,0,0,1,,1.0,2026-03-16T17:19:05.019138,neutral,0.458,2026-03-16T17:19:05.019138,0.02,2026-03-16T17:19:04.982000,75,,,
participant_20,2,day,Town10HD_Opt,2026-03-16 17:19:06.115063,83.41062927246094,24.78875160217285,0.0019415282877162,11.173,2.344,0.0,0.0,0,0,1,,1.0,2026-03-16T17:19:06.115063,neutral,0.458,2026-03-16T17:19:05.019138,0.0255663851752195,2026-03-16T17:19:06.961000,77,,,
participant_20,2,day,Town10HD_Opt,2026-03-16 17:19:07.238223,85.73690032958984,25.00320243835449,0.0011063002748414,12.737,-2.353,0.997,0.0,0,0,1,,1.0,2026-03-16T17:19:07.238223,sad,0.847,2026-03-16T17:19:07.238223,0.02,2026-03-16T17:19:07.952000,79,,,errors=Vehicle-pedestrian collision
participant_20,2,day,Town10HD_Opt,2026-03-16 17:19:08.089239,89.03240203857422,25.17086601257324,0.0011698531452566,26.364,-2.4,1.0,0.0,0,0,1,,1.0,2026-03-16T17:19:08.089239,sad,0.847,2026-03-16T17:19:07.238223,0.02,2026-03-16T17:19:07.952000,77,,,
participant_20,2,day,Town10HD_Opt,2026-03-16 17:19:09.175621,97.2768325805664,23.96985626220703,0.0016886901576071,45.392,-16.201,0.931,0.0,0,0,1,,1.0,2026-03-16T17:19:09.175621,sad,0.847,2026-03-16T17:19:07.238223,0.0525095503480353,2026-03-16T17:19:09.976000,78,,,
participant_20,2,day,Town10HD_Opt,2026-03-16 17:19:09.996359,103.64349365234376,18.436222076416016,0.001858253381215,50.909,-11.764,0.0,0.132,0,0,1,,1.0,2026-03-16T17:19:09.996359,happy,0.84,2026-03-16T17:19:09.996359,0.0292171371703593,2026-03-16T17:19:09.976000,77,,,
participant_20,2,day,Town10HD_Opt,2026-03-16 17:19:11.101581,106.85195922851562,7.434993267059326,0.0019654082134366,50.626,5.264,0.0,0.0,0,0,1,,1.0,2026-03-16T17:19:11.101581,happy,0.84,2026-03-16T17:19:09.996359,0.02,2026-03-16T17:19:11.956000,80,,,
participant_20,2,day,Town10HD_Opt,2026-03-16 17:19:12.173976,108.98937225341795,-4.068489074707031,0.0022083662915974,48.632,-2.812,0.985,0.0,0,0,1,,1.0,2026-03-16T17:19:12.173976,happy,0.993,2026-03-16T17:19:12.173976,0.0531461924336249,2026-03-16T17:19:12.991000,79,,,
participant_20,2,day,Town10HD_Opt,2026-03-16 17:19:13.010732,109.64586639404295,-12.828653335571287,0.0021979522425681,48.585,2.028,1.0,0.0,0,0,1,,1.0,2026-03-16T17:19:13.010732,happy,0.993,2026-03-16T17:19:12.173976,0.02,2026-03-16T17:19:12.991000,79,,,errors=Solid line crossing
participant_20,2,day,Town10HD_Opt,2026-03-16 17:19:14.127016,110.52638244628906,-24.36750602722168,0.0020532608032226,49.677,-6.938,1.0,0.0,0,0,1,,1.0,2026-03-16T17:19:14.127016,happy,0.993,2026-03-16T17:19:12.173976,0.1615500522741594,2026-03-16T17:19:14.971000,85,,,
participant_20,2,day,Town10HD_Opt,2026-03-16 17:19:15.233744,108.32656860351562,-35.88017654418945,0.0018879318377003,52.13,-2.066,0.0,0.213,0,0,1,,1.0,2026-03-16T17:19:15.233744,happy,0.978,2026-03-16T17:19:15.233744,0.109062648997055,2026-03-16T17:19:15.961000,83,,,
participant_20,2,day,Town10HD_Opt,2026-03-16 17:19:16.052739,105.40753936767578,-44.13909530639648,0.0019987486302852,50.676,-7.316,0.0,0.0,0,0,1,,1.0,2026-03-16T17:19:16.052739,happy,0.978,2026-03-16T17:19:15.233744,0.2105875678859661,2026-03-16T17:19:15.961000,86,,,errors=Solid line crossing
participant_20,2,day,Town10HD_Opt,2026-03-16 17:19:17.131216,98.62570190429688,-53.72653198242188,0.0018921660957857,51.241,-3.976,0.0,0.186,0,0,1,,0.837,2026-03-16T17:19:17.131216,happy,0.978,2026-03-16T17:19:15.233744,0.2657943602427888,2026-03-16T17:19:16.953000,89,,,
participant_20,2,day,Town10HD_Opt,2026-03-16 17:19:18.190538,89.60496520996094,-61.34109878540039,0.0021173858549445,49.959,-4.983,0.0,0.124,0,0,1,,1.0,2026-03-16T17:19:18.190538,neutral,0.758,2026-03-16T17:19:18.190538,0.3572118133363726,2026-03-16T17:19:18.976000,88,,,
participant_20,2,day,Town10HD_Opt,2026-03-16 17:19:19.056565,81.81403350830078,-65.26419067382812,0.0018833923386409,51.83,-5.531,0.0,0.222,0,0,1,,1.0,2026-03-16T17:19:19.056565,neutral,0.758,2026-03-16T17:19:18.190538,0.3396804415114007,2026-03-16T17:19:18.976000,87,,,
participant_20,2,day,Town10HD_Opt,2026-03-16 17:19:20.225236,70.3627700805664,-67.73827362060547,0.0021146012004464,49.414,-2.953,1.0,0.0,0,0,1,,1.0,2026-03-16T17:19:20.225236,neutral,0.448,2026-03-16T17:19:20.225236,0.3650566331053412,2026-03-16T17:19:20.955000,84,,,
participant_20,2,day,Town10HD_Opt,2026-03-16 17:19:21.120992,61.60176086425781,-68.04853057861328,0.0020017242059111,51.064,0.049,0.0,0.106,0,0,1,,1.0,2026-03-16T17:19:21.120992,neutral,0.448,2026-03-16T17:19:20.225236,0.4550466594590149,2026-03-16T17:19:20.955000,83,,,
participant_20,2,day,Town10HD_Opt,2026-03-16 17:19:22.018176,52.90465545654297,-68.09296417236328,0.0019002150511369,51.175,-0.367,0.0,0.148,0,0,1,,1.0,2026-03-16T17:19:22.018176,neutral,0.448,2026-03-16T17:19:20.225236,0.4989782433705314,2026-03-16T17:19:22.082000,82,,,
participant_20,2,day,Town10HD_Opt,2026-03-16 17:19:22.998422,44.14690780639648,-68.016357421875,0.0019187163561582,51.087,-0.552,0.0,0.109,0,0,1,,1.0,2026-03-16T17:19:22.998422,sad,0.456,2026-03-16T17:19:22.998422,0.4019334753178338,2026-03-16T17:19:23.028000,83,,,
participant_20,2,day,Town10HD_Opt,2026-03-16 17:19:24.261927,32.52346420288086,-67.73651885986328,0.0020421219523996,49.74,-0.157,0.852,0.0,0,0,1,,1.0,2026-03-16T17:19:24.261927,sad,0.456,2026-03-16T17:19:22.998422,0.4532369788096926,2026-03-16T17:19:24.961000,82,,,
participant_20,2,day,Town10HD_Opt,2026-03-16 17:19:25.083958,23.740306854248047,-67.49017333984375,0.0019479751354083,51.182,-0.186,0.0,0.199,0,0,1,,1.0,2026-03-16T17:19:25.083958,sad,0.841,2026-03-16T17:19:25.083958,0.4196239406010212,2026-03-16T17:19:24.961000,82,,,
participant_20,2,day,Town10HD_Opt,2026-03-16 17:19:26.258197,12.43482494354248,-67.19306182861328,0.0021584320347756,46.125,0.348,0.0,0.0,0,0,1,,1.0,2026-03-16T17:19:26.258197,sad,0.841,2026-03-16T17:19:25.083958,0.3750690559458515,2026-03-16T17:19:26.986000,84,,,
participant_20,2,day,Town10HD_Opt,2026-03-16 17:19:27.088494,5.161953449249268,-67.1444320678711,0.0023620224092155,36.075,0.315,0.0,0.0,0,0,1,,1.0,2026-03-16T17:19:27.088494,sad,0.713,2026-03-16T17:19:27.088494,0.3872440275167068,2026-03-16T17:19:26.986000,83,,,
participant_20,2,day,Town10HD_Opt,2026-03-16 17:19:28.210624,-2.050962448120117,-67.23959350585938,0.0022880935575813,25.837,-0.493,0.0,0.0,0,0,1,,1.0,2026-03-16T17:19:28.210624,sad,0.713,2026-03-16T17:19:27.088494,0.3694521330034485,2026-03-16T17:19:28.966000,81,,,
participant_20,2,day,Town10HD_Opt,2026-03-16 17:19:29.041604,-6.008172035217285,-67.2933578491211,0.0022181700915098,19.945,1.076,0.094,0.0,0,0,1,,1.0,2026-03-16T17:19:29.041604,sad,0.713,2026-03-16T17:19:27.088494,0.293112041539256,2026-03-16T17:19:28.966000,83,,,
participant_20,2,day,Town10HD_Opt,2026-03-16 17:19:30.153547,-10.175267219543455,-67.3899917602539,0.0019535445608198,16.741,-0.251,0.273,0.0,0,0,1,,1.0,2026-03-16T17:19:30.153547,sad,0.591,2026-03-16T17:19:30.153547,0.2149858831577808,2026-03-16T17:19:30.991000,81,,,
participant_20,2,day,Town10HD_Opt,2026-03-16 17:19:30.992048,-13.028095245361328,-67.44306945800781,0.0020206451881676,14.646,-0.007,0.0,0.0,0,0,1,,1.0,2026-03-16T17:19:30.992048,sad,0.591,2026-03-16T17:19:30.153547,0.2014671691924993,2026-03-16T17:19:30.991000,78,,,
participant_20,2,day,Town10HD_Opt,2026-03-16 17:19:32.112522,-15.945063591003418,-67.5141830444336,0.0020171736832708,10.301,0.411,0.0,0.0,0,0,1,,1.0,2026-03-16T17:19:32.112522,sad,0.591,2026-03-16T17:19:30.153547,0.1286141985440966,2026-03-16T17:19:31.985000,77,,,
participant_20,2,day,Town10HD_Opt,2026-03-16 17:19:33.203503,-17.99614715576172,-67.5785903930664,0.0019883345812559,7.242,0.451,0.0,0.0,0,0,1,,1.0,2026-03-16T17:19:33.203503,sad,0.739,2026-03-16T17:19:33.203503,0.0854251341539759,2026-03-16T17:19:33.961000,77,,,
participant_20,2,day,Town10HD_Opt,2026-03-16 17:19:34.028583,-19.27650260925293,-67.62422943115234,0.0016622161492705,11.728,0.451,1.0,0.0,0,0,1,,1.0,2026-03-16T17:19:34.028583,sad,0.739,2026-03-16T17:19:33.203503,0.1062445566909639,2026-03-16T17:19:33.961000,77,,,
participant_20,2,day,Town10HD_Opt,2026-03-16 17:19:35.105528,-24.098854064941406,-67.82794189453125,0.0015217589680105,31.717,0.451,1.0,0.0,0,0,1,,0.852,2026-03-16T17:19:35.105528,sad,0.739,2026-03-16T17:19:33.203503,0.0956721107821013,2026-03-16T17:19:34.952000,77,,,
participant_20,2,day,Town10HD_Opt,2026-03-16 17:19:36.179444,-33.70701217651367,-68.36614990234375,0.001554412767291,51.747,-2.28,0.0,0.175,0,0,1,,1.0,2026-03-16T17:19:36.179444,sad,0.731,2026-03-16T17:19:36.179444,0.0902649486572729,2026-03-16T17:19:36.977000,78,,,
participant_20,2,day,Town10HD_Opt,2026-03-16 17:19:37.002395,-42.52217864990234,-68.6071548461914,0.0020751189440488,49.536,-0.31,0.779,0.0,0,0,1,,1.0,2026-03-16T17:19:37.002395,sad,0.731,2026-03-16T17:19:36.179444,0.02,2026-03-16T17:19:36.977000,79,,,
participant_20,2,day,Town10HD_Opt,2026-03-16 17:19:38.078123,-54.14888000488281,-68.65007019042969,0.0019791030790656,50.372,-0.331,0.764,0.0,0,0,1,,1.0,2026-03-16T17:19:38.078123,sad,0.731,2026-03-16T17:19:36.179444,0.02,2026-03-16T17:19:37.965000,80,,,
participant_20,2,day,Town10HD_Opt,2026-03-16 17:19:39.118317,-65.82936096191406,-68.48355865478516,0.0019264601869508,50.914,-1.8,0.0,0.115,0,0,1,,0.804,2026-03-16T17:19:39.118317,sad,0.877,2026-03-16T17:19:39.118317,0.0253758477619197,2026-03-16T17:19:38.956000,79,,,
participant_20,2,day,Town10HD_Opt,2026-03-16 17:19:40.165194,-77.30957794189453,-66.77519226074219,0.0020020676311105,50.693,-6.298,0.0,0.0,0,0,1,,1.0,2026-03-16T17:19:40.165194,sad,0.877,2026-03-16T17:19:39.118317,0.02,2026-03-16T17:19:40.981000,77,,,
participant_20,2,day,Town10HD_Opt,2026-03-16 17:19:41.212835,-87.8858642578125,-62.06808471679688,0.0021367263980209,48.974,-3.186,0.731,0.0,0,0,1,,1.0,2026-03-16T17:19:41.212835,sad,0.668,2026-03-16T17:19:41.212835,0.0321595277457617,2026-03-16T17:19:41.971000,76,,,
participant_20,2,day,Town10HD_Opt,2026-03-16 17:19:42.059387,-95.19744873046876,-57.29901123046875,0.0021464538294821,48.918,-5.326,0.731,0.0,0,0,1,,0.924,2026-03-16T17:19:42.059387,sad,0.668,2026-03-16T17:19:41.212835,0.02,2026-03-16T17:19:41.971000,76,,,
participant_20,2,day,Town10HD_Opt,2026-03-16 17:19:43.243570,-103.13883209228516,-48.92123031616211,0.0020406341645866,49.873,-5.262,0.731,0.0,0,0,1,,1.0,2026-03-16T17:19:43.243570,sad,0.757,2026-03-16T17:19:43.243570,0.02,2026-03-16T17:19:43.951000,76,,,
participant_20,2,day,Town10HD_Opt,2026-03-16 17:19:44.170520,-107.42491149902344,-41.312870025634766,0.0020662688184529,49.75,-4.518,0.731,0.0,0,0,1,,0.946,2026-03-16T17:19:44.170520,sad,0.757,2026-03-16T17:19:43.243570,0.0369107845132517,2026-03-16T17:19:44.987000,76,,,
participant_20,2,day,Town10HD_Opt,2026-03-16 17:19:45.100703,-110.16799926757812,-33.09214401245117,0.0021413420327007,48.05,-5.061,0.417,0.0,0,0,1,,0.962,2026-03-16T17:19:45.100703,sad,0.757,2026-03-16T17:19:43.243570,0.02,2026-03-16T17:19:44.987000,78,,,
participant_20,2,day,Town10HD_Opt,2026-03-16 17:19:45.990127,-111.18014526367188,-24.888994216918945,0.0021712875459343,44.986,-3.898,0.0,0.0,0,0,1,,0.905,2026-03-16T17:19:45.990127,neutral,0.766,2026-03-16T17:19:45.990127,0.0249209668887758,2026-03-16T17:19:45.976000,77,,,
participant_20,2,day,Town10HD_Opt,2026-03-16 17:19:47.208975,-110.84951782226562,-15.849017143249512,0.0023336792364716,32.212,0.305,0.0,0.0,0,0,1,,0.816,2026-03-16T17:19:47.208975,neutral,0.766,2026-03-16T17:19:45.990127,0.02,2026-03-16T17:19:47.956000,84,,,
participant_20,2,day,Town10HD_Opt,2026-03-16 17:19:48.143171,-110.59651947021484,-10.781195640563965,0.0022247314918786,26.046,1.011,0.266,0.0,0,0,1,,0.814,2026-03-16T17:19:48.143171,sad,0.783,2026-03-16T17:19:48.143171,0.0472420424025034,2026-03-16T17:19:47.956000,83,,,
participant_20,2,day,Town10HD_Opt,2026-03-16 17:19:48.996567,-110.48056030273438,-6.56658411026001,0.0022148895077407,21.418,0.639,0.347,0.0,0,0,1,,0.816,2026-03-16T17:19:48.996567,sad,0.783,2026-03-16T17:19:48.143171,0.02,2026-03-16T17:19:49.036000,84,,,
participant_20,2,day,Town10HD_Opt,2026-03-16 17:19:50.160483,-110.39424896240234,-1.2111793756484983,0.0016731261275708,29.859,-0.703,0.943,0.0,0,0,1,,1.0,2026-03-16T17:19:50.160483,sad,0.697,2026-03-16T17:19:50.160483,0.02,2026-03-16T17:19:50.971000,86,,,
participant_20,2,day,Town10HD_Opt,2026-03-16 17:19:51.007005,-109.89568328857422,5.152976989746094,0.0015965652419254,44.006,-6.552,0.94,0.0,0,0,1,,1.0,2026-03-16T17:19:51.007005,sad,0.697,2026-03-16T17:19:50.160483,0.02,2026-03-16T17:19:50.971000,86,,,
participant_20,2,day,Town10HD_Opt,2026-03-16 17:19:52.198182,-107.22281646728516,15.167752265930176,0.0023331069387495,39.006,-0.726,0.0,0.0,0,0,1,,1.0,2026-03-16T17:19:52.198182,sad,0.625,2026-03-16T17:19:52.198182,0.02,2026-03-16T17:19:52.951000,86,,,
participant_20,2,day,Town10HD_Opt,2026-03-16 17:19:53.113947,-104.8786392211914,20.746206283569336,0.00233940128237,29.869,-9.267,0.079,0.0,0,0,1,,1.0,2026-03-16T17:19:53.113947,sad,0.625,2026-03-16T17:19:52.198182,0.02,2026-03-16T17:19:52.951000,87,,,
participant_20,2,day,Town10HD_Opt,2026-03-16 17:19:54.033870,-101.96084594726562,24.65927124023437,0.0021448135375976,26.687,-17.828,0.45,0.0,0,0,1,,1.0,2026-03-16T17:19:54.033870,sad,0.625,2026-03-16T17:19:52.198182,0.0453697184520643,2026-03-16T17:19:53.986000,83,,,
participant_20,2,day,Town10HD_Opt,2026-03-16 17:19:55.273312,-96.20808410644533,27.783111572265625,0.0019026183290407,31.825,-11.484,0.659,0.0,0,0,1,,1.0,2026-03-16T17:19:55.273312,happy,0.992,2026-03-16T17:19:55.273312,0.02,2026-03-16T17:19:55.966000,85,,,
participant_20,2,day,Town10HD_Opt,2026-03-16 17:19:56.237381,-90.19208526611328,28.78177833557129,0.0019428634550422,38.742,-4.907,0.686,0.0,0,0,1,,1.0,2026-03-16T17:19:56.237381,happy,0.992,2026-03-16T17:19:55.273312,0.02,2026-03-16T17:19:56.958000,85,,,
participant_20,2,day,Town10HD_Opt,2026-03-16 17:19:57.204749,-83.1409683227539,28.774526596069336,0.0021639252081513,38.934,-3.61,0.0,0.0,0,0,1,,1.0,2026-03-16T17:19:57.204749,happy,0.992,2026-03-16T17:19:55.273312,0.02,2026-03-16T17:19:57.991000,83,,,errors=Solid line crossing
participant_20,2,day,Town10HD_Opt,2026-03-16 17:19:58.130598,-77.15724182128906,28.10806655883789,0.0023160553537309,29.722,2.805,0.0,0.062,0,0,1,,1.0,2026-03-16T17:19:58.130598,sad,0.489,2026-03-16T17:19:58.130598,0.02,2026-03-16T17:19:58.982000,83,,,
participant_20,2,day,Town10HD_Opt,2026-03-16 17:19:59.052071,-72.66686248779297,27.784467697143555,0.0023584747686982,19.91,1.514,0.0,0.662,0,0,1,,1.0,2026-03-16T17:19:59.052071,sad,0.489,2026-03-16T17:19:58.130598,0.0270390005840954,2026-03-16T17:19:58.982000,83,,,errors=Harsh braking
participant_20,3,day,Town10HD_Opt,2026-03-16 17:30:00.000000,-41.66858673095703,89.7454833984375,0.580491840839386,18.061,1.347,0.33,0.0,0,0,1,,1.0,2026-03-16T17:30:00,,,2026-03-16T17:30:00,0.2172465373048341,2026-03-16T17:30:00,75,,,
participant_20,3,day,Town10HD_Opt,2026-03-16 17:30:04.558905,-41.67424392700195,84.54381561279297,0.0020318983588367,18.164,1.485,0.328,0.0,0,0,1,,1.0,2026-03-16T17:30:04.558905,,,2026-03-16T17:30:04.558905,0.1907155083148264,2026-03-16T17:30:04.906000,76,,,
participant_20,3,day,Town10HD_Opt,2026-03-16 17:30:05.243097,-41.59819412231445,82.42355346679688,0.0020382308866828,18.129,6.092,0.322,0.0,0,0,1,,0.905,2026-03-16T17:30:05.243097,,,2026-03-16T17:30:04.558905,0.3412661823526827,2026-03-16T17:30:05.940000,75,,,
participant_20,3,day,Town10HD_Opt,2026-03-16 17:30:06.261529,-41.12717056274414,79.27774047851562,0.0020481871906667,18.253,10.262,0.378,0.0,0,0,1,,0.806,2026-03-16T17:30:06.261529,,,2026-03-16T17:30:04.558905,0.1639850230117107,2026-03-16T17:30:06.885000,76,,,
participant_20,3,day,Town10HD_Opt,2026-03-16 17:30:07.274020,-40.06240081787109,76.0338363647461,0.001919784466736,21.826,13.758,0.589,0.0,0,0,1,,0.862,2026-03-16T17:30:07.274020,neutral,0.568,2026-03-16T17:30:07.274020,0.2778675955858741,2026-03-16T17:30:07.875000,76,,,
participant_20,3,day,Town10HD_Opt,2026-03-16 17:30:08.264240,-37.72772979736328,72.48946380615234,0.0018827819731086,27.56,17.761,0.601,0.0,0,0,1,,0.813,2026-03-16T17:30:08.264240,neutral,0.568,2026-03-16T17:30:07.274020,0.2371539221561291,2026-03-16T17:30:08.910000,77,,,
participant_20,3,day,Town10HD_Opt,2026-03-16 17:30:09.006030,-35.10403060913086,70.4043960571289,0.0019501495407894,30.134,18.913,0.407,0.0,0,0,1,,0.867,2026-03-16T17:30:09.006030,neutral,0.568,2026-03-16T17:30:07.274020,0.1676285614862135,2026-03-16T17:30:09.900000,78,,,
participant_20,3,day,Town10HD_Opt,2026-03-16 17:30:10.045041,-30.11714553833008,68.93359375,0.002110977191478,29.617,18.232,0.289,0.0,0,0,1,,0.843,2026-03-16T17:30:10.045041,neutral,0.851,2026-03-16T17:30:10.045041,0.1888065751533824,2026-03-16T17:30:10.890000,82,,,errors=Solid line crossing
participant_20,3,day,Town10HD_Opt,2026-03-16 17:30:11.022912,-25.30379676818848,69.34512329101562,0.002250442514196,23.898,-1.478,0.009,0.0,0,0,1,,1.0,2026-03-16T17:30:11.022912,neutral,0.851,2026-03-16T17:30:10.045041,0.0852058874342965,2026-03-16T17:30:11.879000,82,,,
participant_20,3,day,Town10HD_Opt,2026-03-16 17:30:12.001726,-21.439945220947266,69.70887756347656,0.0020806503016501,21.698,-2.153,0.629,0.0,0,0,1,,0.846,2026-03-16T17:30:12.001726,neutral,0.851,2026-03-16T17:30:10.045041,0.1613777588368216,2026-03-16T17:30:12.915000,85,,,
participant_20,3,day,Town10HD_Opt,2026-03-16 17:30:12.991999,-17.216880798339844,69.97764587402344,0.0018712615128606,27.109,-0.938,0.45,0.0,0,0,1,,1.0,2026-03-16T17:30:12.991999,neutral,0.81,2026-03-16T17:30:12.991999,0.159913827049478,2026-03-16T17:30:13.905000,85,,,
participant_20,3,day,Town10HD_Opt,2026-03-16 17:30:14.277511,-10.65742015838623,70.26445770263672,0.0020272063557058,28.549,-0.989,0.379,0.0,0,0,1,,1.0,2026-03-16T17:30:14.277511,neutral,0.81,2026-03-16T17:30:12.991999,0.1559904176339218,2026-03-16T17:30:14.896000,89,,,
participant_20,3,day,Town10HD_Opt,2026-03-16 17:30:15.014218,-7.334630966186523,70.32238006591797,0.0020669174846261,28.058,-2.028,0.274,0.0,0,0,1,,1.0,2026-03-16T17:30:15.014218,neutral,0.816,2026-03-16T17:30:15.014218,0.2398291604543677,2026-03-16T17:30:15.885000,89,,,
participant_20,3,day,Town10HD_Opt,2026-03-16 17:30:16.266601,-1.0705363750457764,70.16181945800781,0.0021086882334202,25.4,-0.254,0.264,0.0,0,0,1,,1.0,2026-03-16T17:30:16.266601,neutral,0.816,2026-03-16T17:30:15.014218,0.2515507495121162,2026-03-16T17:30:16.874000,91,,,
participant_20,3,day,Town10HD_Opt,2026-03-16 17:30:17.213173,3.2295684814453125,70.0062255859375,0.0021022413857281,23.582,0.879,0.264,0.0,0,0,1,,1.0,2026-03-16T17:30:17.213173,neutral,0.828,2026-03-16T17:30:17.213173,0.211980433004892,2026-03-16T17:30:17.909000,93,,,
participant_20,3,day,Town10HD_Opt,2026-03-16 17:30:18.203598,7.197510242462158,69.92394256591797,0.002118949778378,21.367,0.759,0.181,0.0,0,0,1,,1.0,2026-03-16T17:30:18.203598,neutral,0.828,2026-03-16T17:30:17.213173,0.1665398938271165,2026-03-16T17:30:18.900000,94,,,
participant_20,3,day,Town10HD_Opt,2026-03-16 17:30:19.127294,10.719893455505373,69.89947509765625,0.0021436309907585,18.409,0.261,0.132,0.0,0,0,1,,1.0,2026-03-16T17:30:19.127294,neutral,0.828,2026-03-16T17:30:17.213173,0.2025697588415711,2026-03-16T17:30:19.890000,90,,,
participant_20,3,day,Town10HD_Opt,2026-03-16 17:30:20.048201,13.823992729187012,69.89639282226562,0.0019501113565638,16.781,0.256,0.164,0.0,0,0,1,,1.0,2026-03-16T17:30:20.048201,neutral,0.866,2026-03-16T17:30:20.048201,0.1635762298623618,2026-03-16T17:30:20.880000,90,,,
participant_20,3,day,Town10HD_Opt,2026-03-16 17:30:21.011798,16.685253143310547,69.90513610839844,0.0019451903644949,15.973,0.242,0.18,0.0,0,0,1,,0.839,2026-03-16T17:30:21.011798,neutral,0.866,2026-03-16T17:30:20.048201,0.2088511065643652,2026-03-16T17:30:21.915000,88,,,
participant_20,3,day,Town10HD_Opt,2026-03-16 17:30:22.225749,20.27454376220703,69.93077850341797,0.0019449996761977,14.806,0.202,0.178,0.0,0,0,1,,1.0,2026-03-16T17:30:22.225749,neutral,0.835,2026-03-16T17:30:22.225749,0.2662592697647664,2026-03-16T17:30:22.905000,85,,,
participant_20,3,day,Town10HD_Opt,2026-03-16 17:30:23.156886,22.762834548950195,69.95452117919922,0.0020042418036609,12.788,-0.033,0.0,0.04,0,0,1,,0.831,2026-03-16T17:30:23.156886,neutral,0.835,2026-03-16T17:30:22.225749,0.1948063036451604,2026-03-16T17:30:23.895000,86,,,
participant_20,3,day,Town10HD_Opt,2026-03-16 17:30:24.050314,24.5700798034668,69.97032928466797,0.0020921707618981,7.368,-0.033,0.0,0.36,0,0,1,,0.83,2026-03-16T17:30:24.050314,neutral,0.835,2026-03-16T17:30:22.225749,0.251646507348918,2026-03-16T17:30:24.885000,86,,,
participant_20,3,day,Town10HD_Opt,2026-03-16 17:30:25.228593,25.092342376708984,69.97525787353516,0.0019745253957808,0.139,-0.033,0.323,0.0,0,0,1,,0.839,2026-03-16T17:30:25.228593,neutral,0.807,2026-03-16T17:30:25.228593,0.2051038151732887,2026-03-16T17:30:25.875000,84,,,
participant_20,3,day,Town10HD_Opt,2026-03-16 17:30:26.190139,25.41148376464844,69.97767639160156,0.0017596435500308,4.466,-0.033,0.219,0.0,0,0,1,,0.911,2026-03-16T17:30:26.190139,neutral,0.807,2026-03-16T17:30:25.228593,0.2624019470607052,2026-03-16T17:30:26.910000,84,,,
participant_20,3,day,Town10HD_Opt,2026-03-16 17:30:27.127782,26.16775131225586,69.98311614990234,0.002263679401949,0.0,-0.033,0.0,0.248,0,0,1,,0.884,2026-03-16T17:30:27.127782,neutral,0.807,2026-03-16T17:30:25.228593,0.1807235470512679,2026-03-16T17:30:27.900000,85,,,
participant_20,3,day,Town10HD_Opt,2026-03-16 17:30:28.040446,26.16758155822754,69.98308563232422,0.0019345473265275,0.149,-0.033,0.321,0.0,0,0,1,,0.918,2026-03-16T17:30:28.040446,neutral,0.776,2026-03-16T17:30:28.040446,0.1663109657586519,2026-03-16T17:30:28.889000,82,,,
participant_20,3,day,Town10HD_Opt,2026-03-16 17:30:29.010184,26.79050064086914,69.97843933105469,0.001579895033501,8.767,-2.795,0.675,0.0,0,0,1,,0.858,2026-03-16T17:30:29.010184,neutral,0.776,2026-03-16T17:30:28.040446,0.2885181604842655,2026-03-16T17:30:29.881000,83,,,errors=Stop sign violation
participant_20,3,day,Town10HD_Opt,2026-03-16 17:30:30.265878,29.99059295654297,69.66336822509766,0.0018096159910783,16.695,-10.062,0.222,0.0,0,0,1,,1.0,2026-03-16T17:30:30.265878,neutral,0.754,2026-03-16T17:30:30.265878,0.237861138289057,2026-03-16T17:30:30.916000,80,,,
participant_20,3,day,Town10HD_Opt,2026-03-16 17:30:31.253761,32.820411682128906,68.90290832519531,0.0018873214721679,17.458,-10.221,0.429,0.0,0,0,1,,1.0,2026-03-16T17:30:31.253761,neutral,0.754,2026-03-16T17:30:30.265878,0.2225563771653295,2026-03-16T17:30:31.905000,81,,,
participant_20,3,day,Town10HD_Opt,2026-03-16 17:30:32.203887,35.80215072631836,67.56820678710938,0.001956405583769,20.28,-10.538,0.547,0.0,0,0,1,,1.0,2026-03-16T17:30:32.203887,neutral,0.754,2026-03-16T17:30:30.265878,0.3322864097323919,2026-03-16T17:30:32.895000,82,,,
participant_20,3,day,Town10HD_Opt,2026-03-16 17:30:33.171062,39.1126594543457,65.35073852539062,0.001913413987495,25.339,-10.468,0.51,0.0,0,0,1,,0.829,2026-03-16T17:30:33.171062,neutral,0.801,2026-03-16T17:30:33.171062,0.2758129294171501,2026-03-16T17:30:33.885000,82,,,
participant_20,3,day,Town10HD_Opt,2026-03-16 17:30:34.128235,42.21331024169922,62.01530456542969,0.0023126984015107,26.383,-14.418,0.22,0.0,0,0,1,,0.883,2026-03-16T17:30:34.128235,neutral,0.801,2026-03-16T17:30:33.171062,0.3802498251050287,2026-03-16T17:30:34.875000,85,,,
participant_20,3,day,Town10HD_Opt,2026-03-16 17:30:35.081512,44.05754470825195,58.09398651123047,0.0021573256235569,23.253,-13.953,0.183,0.0,0,0,1,,1.0,2026-03-16T17:30:35.081512,neutral,0.801,2026-03-16T17:30:33.171062,0.246705217519783,2026-03-16T17:30:35.910000,83,,,
participant_20,3,day,Town10HD_Opt,2026-03-16 17:30:36.068350,44.62420272827149,54.33541488647461,0.0021560287568718,20.201,-10.437,0.183,0.0,0,0,1,,1.0,2026-03-16T17:30:36.068350,fear,0.434,2026-03-16T17:30:36.068350,0.3122620940890286,2026-03-16T17:30:36.900000,84,,,
participant_20,3,day,Town10HD_Opt,2026-03-16 17:30:37.022437,44.657020568847656,51.00979995727539,0.0020997237879782,18.177,-1.782,0.278,0.0,0,0,1,,0.92,2026-03-16T17:30:37.022437,fear,0.434,2026-03-16T17:30:36.068350,0.3003683129067949,2026-03-16T17:30:37.889000,86,,,
participant_20,3,day,Town10HD_Opt,2026-03-16 17:30:38.276173,44.5261116027832,46.77924346923828,0.0020597837865352,18.027,-0.9,0.325,0.0,0,0,1,,0.922,2026-03-16T17:30:38.276173,neutral,0.788,2026-03-16T17:30:38.276173,0.3974928785697494,2026-03-16T17:30:38.880000,86,,,
participant_20,3,day,Town10HD_Opt,2026-03-16 17:30:39.274837,44.36949920654297,43.62722396850586,0.0020422744564712,18.063,0.559,0.313,0.0,0,0,1,,0.93,2026-03-16T17:30:39.274837,neutral,0.788,2026-03-16T17:30:38.276173,0.3568519651214665,2026-03-16T17:30:39.915000,80,,,
participant_20,3,day,Town10HD_Opt,2026-03-16 17:30:40.224875,44.4390869140625,40.45109939575195,0.0020614243112504,18.238,7.758,0.288,0.0,0,0,1,,0.91,2026-03-16T17:30:40.224875,neutral,0.788,2026-03-16T17:30:38.276173,0.3704766404700852,2026-03-16T17:30:40.905000,79,,,
participant_20,3,day,Town10HD_Opt,2026-03-16 17:30:41.238595,44.8867073059082,37.28530883789063,0.0020155333913862,18.836,6.594,0.424,0.0,0,0,1,,0.893,2026-03-16T17:30:41.238595,neutral,0.734,2026-03-16T17:30:41.238595,0.3136333478297267,2026-03-16T17:30:41.898000,83,,,
participant_20,3,day,Town10HD_Opt,2026-03-16 17:30:42.206142,45.81046295166016,33.95097732543945,0.0019716643728315,21.27,14.501,0.562,0.0,0,0,1,,0.917,2026-03-16T17:30:42.206142,neutral,0.734,2026-03-16T17:30:41.238595,0.3750718963104875,2026-03-16T17:30:42.887000,79,,,
participant_20,3,day,Town10HD_Opt,2026-03-16 17:30:43.174568,47.89704895019531,30.457433700561523,0.0019146727863699,25.72,15.842,0.544,0.0,0,0,1,,1.0,2026-03-16T17:30:43.174568,neutral,0.734,2026-03-16T17:30:41.238595,0.346225660554362,2026-03-16T17:30:43.876000,79,,,
participant_20,3,day,Town10HD_Opt,2026-03-16 17:30:44.125586,51.58138656616211,27.357046127319336,0.0019584654364734,29.573,15.558,0.494,0.0,0,0,1,,0.863,2026-03-16T17:30:44.125586,neutral,0.829,2026-03-16T17:30:44.125586,0.3392082123479936,2026-03-16T17:30:44.911000,83,,,
participant_20,3,day,Town10HD_Opt,2026-03-16 17:30:45.191563,56.54424285888672,25.64546585083008,0.0020869064610451,29.917,13.636,0.295,0.0,0,0,1,,0.89,2026-03-16T17:30:45.191563,neutral,0.829,2026-03-16T17:30:44.125586,0.3538678099869164,2026-03-16T17:30:45.900000,82,,,
participant_20,3,day,Town10HD_Opt,2026-03-16 17:30:46.183469,61.63201522827149,25.45411491394043,0.0021049880888313,28.185,1.182,0.186,0.0,0,0,1,,0.914,2026-03-16T17:30:46.183469,neutral,0.77,2026-03-16T17:30:46.183469,0.2390167084515332,2026-03-16T17:30:46.891000,82,,,
participant_20,3,day,Town10HD_Opt,2026-03-16 17:30:47.086892,66.18589782714844,25.48737335205078,0.0022415923886001,22.659,-2.405,0.0,0.0,0,0,1,,0.895,2026-03-16T17:30:47.086892,neutral,0.77,2026-03-16T17:30:46.183469,0.260349752719378,2026-03-16T17:30:47.880000,82,,,
participant_20,3,day,Town10HD_Opt,2026-03-16 17:30:48.018115,69.67582702636719,25.36924934387207,0.0019789503421634,17.445,0.451,0.0,0.0,0,0,1,,0.888,2026-03-16T17:30:48.018115,neutral,0.77,2026-03-16T17:30:46.183469,0.2947671410443486,2026-03-16T17:30:48.916000,82,,,
participant_20,3,day,Town10HD_Opt,2026-03-16 17:30:49.201403,73.11425018310547,25.282133102416992,0.0020344161894172,12.144,0.987,0.0,0.0,0,0,1,,1.0,2026-03-16T17:30:49.201403,neutral,0.778,2026-03-16T17:30:49.201403,0.2991953643103681,2026-03-16T17:30:49.995000,82,,,
participant_20,3,day,Town10HD_Opt,2026-03-16 17:30:50.119563,75.00611877441406,25.263940811157227,0.0020085906144231,9.326,1.274,0.0,0.0,0,0,1,,0.852,2026-03-16T17:30:50.119563,neutral,0.778,2026-03-16T17:30:49.201403,0.1546560431556476,2026-03-16T17:30:50.940000,81,,,
participant_20,3,day,Town10HD_Opt,2026-03-16 17:30:51.093207,76.478271484375,25.25816535949707,0.0019411849789321,8.017,0.169,0.13,0.0,0,0,1,,0.887,2026-03-16T17:30:51.093207,neutral,0.778,2026-03-16T17:30:49.201403,0.2914797353013376,2026-03-16T17:30:51.885000,80,,,
participant_20,3,day,Town10HD_Opt,2026-03-16 17:30:52.023330,77.83265686035156,25.251855850219727,0.001947364769876,7.332,0.012,0.0,0.0,0,0,1,,0.887,2026-03-16T17:30:52.023330,neutral,0.793,2026-03-16T17:30:52.023330,0.2107309836589107,2026-03-16T17:30:52.920000,76,,,
participant_20,3,day,Town10HD_Opt,2026-03-16 17:30:53.220003,79.32192993164062,25.24530029296875,0.0020307921804487,0.53,0.172,0.0,0.088,0,0,1,,0.897,2026-03-16T17:30:53.220003,neutral,0.793,2026-03-16T17:30:52.023330,0.1170914050906779,2026-03-16T17:30:53.910000,76,,,
participant_20,3,day,Town10HD_Opt,2026-03-16 17:30:54.162040,79.33710479736328,25.244911193847656,0.0019508743425831,0.002,0.179,0.0,0.0,0,0,1,,0.824,2026-03-16T17:30:54.162040,neutral,0.696,2026-03-16T17:30:54.162040,0.220017031454455,2026-03-16T17:30:54.900000,81,,,
participant_20,3,day,Town10HD_Opt,2026-03-16 17:30:55.155462,79.33723449707031,25.244911193847656,0.0019200133392587,0.007,0.179,0.0,0.0,0,0,1,,0.884,2026-03-16T17:30:55.155462,neutral,0.696,2026-03-16T17:30:54.162040,0.1845057072017678,2026-03-16T17:30:55.890000,78,,,
participant_20,3,day,Town10HD_Opt,2026-03-16 17:30:56.104970,79.33741760253906,25.244911193847656,0.0019192122854292,0.002,0.19,0.0,0.0,0,0,1,,1.0,2026-03-16T17:30:56.104970,neutral,0.696,2026-03-16T17:30:54.162040,0.17104624532877,2026-03-16T17:30:56.881000,78,,,
participant_20,3,day,Town10HD_Opt,2026-03-16 17:30:57.030175,79.33766174316406,25.244909286499023,0.001919288537465,0.001,0.197,0.0,0.0,0,0,1,,0.837,2026-03-16T17:30:57.030175,neutral,0.83,2026-03-16T17:30:57.030175,0.1451701498562937,2026-03-16T17:30:57.917000,77,,,
participant_20,3,day,Town10HD_Opt,2026-03-16 17:30:58.198013,79.34109497070312,25.24482154846192,0.0018946838099509,0.741,-2.598,0.525,0.0,0,0,1,,0.922,2026-03-16T17:30:58.198013,neutral,0.83,2026-03-16T17:30:57.030175,0.2866154227967317,2026-03-16T17:30:58.905000,77,,,
participant_20,3,day,Town10HD_Opt,2026-03-16 17:30:59.110088,80.2103271484375,25.189802169799805,0.0015629577683284,11.044,-6.971,0.738,0.0,0,0,1,,0.93,2026-03-16T17:30:59.110088,neutral,0.77,2026-03-16T17:30:59.110088,0.1959356896884865,2026-03-16T17:30:59.895000,78,,,
participant_20,3,day,Town10HD_Opt,2026-03-16 17:31:00.036706,82.86067962646484,24.90848159790039,0.0018764495616778,18.511,0.078,0.68,0.0,0,0,1,,0.918,2026-03-16T17:31:00.036706,neutral,0.77,2026-03-16T17:30:59.110088,0.2297748061197409,2026-03-16T17:31:00.887000,79,,,
participant_20,3,day,Town10HD_Opt,2026-03-16 17:31:01.281151,88.29884338378906,24.47665023803711,0.0016621779650449,32.049,-2.967,0.776,0.0,0,0,1,,0.808,2026-03-16T17:31:01.281151,fear,0.454,2026-03-16T17:31:01.281151,0.2120155967132375,2026-03-16T17:31:01.921000,80,,,
participant_20,3,day,Town10HD_Opt,2026-03-16 17:31:02.199594,94.33032989501952,23.32048988342285,0.0020476912613958,38.1,-12.476,0.574,0.0,0,0,1,,0.907,2026-03-16T17:31:02.199594,fear,0.454,2026-03-16T17:31:01.281151,0.2251216359354112,2026-03-16T17:31:02.910000,79,,,
participant_20,3,day,Town10HD_Opt,2026-03-16 17:31:03.137554,100.24140167236328,19.837995529174805,0.0018050002399832,40.961,-11.147,0.562,0.0,0,0,1,,0.879,2026-03-16T17:31:03.137554,fear,0.454,2026-03-16T17:31:01.281151,0.2964134481116178,2026-03-16T17:31:03.901000,79,,,
participant_20,3,day,Town10HD_Opt,2026-03-16 17:31:04.003467,104.76850128173828,14.102824211120604,0.0032710647210478,43.154,-10.425,0.559,0.0,0,0,1,,0.845,2026-03-16T17:31:04.003467,neutral,0.73,2026-03-16T17:31:04.003467,0.2131531753859435,2026-03-16T17:31:04.890000,79,,,
participant_20,3,day,Town10HD_Opt,2026-03-16 17:31:05.254902,107.23779296875,4.179116249084473,0.0019944761879742,45.413,-5.586,0.529,0.0,0,0,1,,0.874,2026-03-16T17:31:05.254902,neutral,0.73,2026-03-16T17:31:04.003467,0.3168379852773607,2026-03-16T17:31:05.928000,78,,,
participant_20,3,day,Town10HD_Opt,2026-03-16 17:31:06.161830,107.05648803710938,-3.893966197967529,0.002004203852266,46.792,0.681,0.51,0.0,0,0,1,,0.907,2026-03-16T17:31:06.161830,neutral,0.5,2026-03-16T17:31:06.161830,0.2270562135674696,2026-03-16T17:31:06.916000,77,,,
participant_20,3,day,Town10HD_Opt,2026-03-16 17:31:07.059335,107.02392578125,-12.055896759033203,0.0021075056865811,45.546,1.081,0.332,0.0,0,0,1,,0.894,2026-03-16T17:31:07.059335,neutral,0.5,2026-03-16T17:31:06.161830,0.2742853477495752,2026-03-16T17:31:07.906000,75,,,
participant_20,3,day,Town10HD_Opt,2026-03-16 17:31:08.209503,107.26588439941406,-22.168212890625,0.0021509933285415,40.772,-1.906,0.323,0.0,0,0,1,,0.882,2026-03-16T17:31:08.209503,neutral,0.818,2026-03-16T17:31:08.209503,0.3012086921469755,2026-03-16T17:31:08.895000,74,,,
participant_20,3,day,Town10HD_Opt,2026-03-16 17:31:09.159095,106.9410629272461,-29.09353256225586,0.0021342085674405,38.116,-3.426,0.324,0.0,0,0,1,,0.883,2026-03-16T17:31:09.159095,neutral,0.818,2026-03-16T17:31:08.209503,0.2821426166334318,2026-03-16T17:31:09.886000,74,,,
participant_20,3,day,Town10HD_Opt,2026-03-16 17:31:10.024869,105.91120910644533,-35.47372817993164,0.0021245193202048,35.797,-5.17,0.325,0.0,0,0,1,,0.929,2026-03-16T17:31:10.024869,neutral,0.818,2026-03-16T17:31:08.209503,0.3052572518269538,2026-03-16T17:31:10.921000,74,,,
participant_20,3,day,Town10HD_Opt,2026-03-16 17:31:11.162669,103.23189544677734,-43.02293395996094,0.0021097182761877,33.022,-5.482,0.326,0.0,0,0,1,,0.934,2026-03-16T17:31:11.162669,neutral,0.757,2026-03-16T17:31:11.162669,0.2780843032276722,2026-03-16T17:31:11.910000,77,,,
participant_20,3,day,Town10HD_Opt,2026-03-16 17:31:12.058038,100.46843719482422,-47.94252014160156,0.0020978164393454,31.419,-4.501,0.328,0.0,0,0,1,,0.86,2026-03-16T17:31:12.058038,neutral,0.757,2026-03-16T17:31:11.162669,0.2253518965790898,2026-03-16T17:31:12.900000,77,,,
participant_20,3,day,Town10HD_Opt,2026-03-16 17:31:13.181912,96.05134582519533,-53.57670211791992,0.002019042847678,31.048,-4.818,0.531,0.0,0,0,1,,0.934,2026-03-16T17:31:13.181912,neutral,0.836,2026-03-16T17:31:13.181912,0.3244049960227677,2026-03-16T17:31:13.891000,79,,,
participant_20,3,day,Town10HD_Opt,2026-03-16 17:31:14.093756,91.89002990722656,-57.44722366333008,0.0019290542695671,34.493,-4.886,0.494,0.0,0,0,1,,0.814,2026-03-16T17:31:14.093756,neutral,0.836,2026-03-16T17:31:13.181912,0.3308257440829358,2026-03-16T17:31:14.925000,80,,,
participant_20,3,day,Town10HD_Opt,2026-03-16 17:31:15.015866,86.78764343261719,-61.00434494018555,0.001980056753382,36.663,-4.839,0.489,0.0,0,0,1,,0.854,2026-03-16T17:31:15.015866,neutral,0.836,2026-03-16T17:31:13.181912,0.2055283873116484,2026-03-16T17:31:15.915000,80,,,
participant_20,3,day,Town10HD_Opt,2026-03-16 17:31:16.196045,78.84988403320312,-64.6767578125,0.0020062637049704,38.462,-4.841,0.48,0.0,0,0,1,,0.877,2026-03-16T17:31:16.196045,neutral,0.745,2026-03-16T17:31:16.196045,0.2399443042637219,2026-03-16T17:31:16.906000,81,,,
participant_20,3,day,Town10HD_Opt,2026-03-16 17:31:17.037306,72.25634765625,-66.36837005615234,0.0020128630567342,39.51,-4.66,0.48,0.0,0,0,1,,1.0,2026-03-16T17:31:17.037306,neutral,0.745,2026-03-16T17:31:16.196045,0.2085263773831795,2026-03-16T17:31:16.906000,80,,,
participant_20,3,day,Town10HD_Opt,2026-03-16 17:31:18.183186,62.94578552246094,-67.21733856201172,0.002013282617554,40.767,-0.978,0.48,0.0,0,0,1,,0.819,2026-03-16T17:31:18.183186,neutral,0.745,2026-03-16T17:31:16.196045,0.3429717745357281,2026-03-16T17:31:18.885000,79,,,
participant_20,3,day,Town10HD_Opt,2026-03-16 17:31:19.051509,55.74872589111328,-67.44524383544922,0.002016334561631,41.588,-0.698,0.48,0.0,0,0,1,,1.0,2026-03-16T17:31:19.051509,neutral,0.488,2026-03-16T17:31:19.051509,0.3114049126397722,2026-03-16T17:31:19.920000,77,,,
participant_20,3,day,Town10HD_Opt,2026-03-16 17:31:20.159185,45.94231414794922,-67.49436950683594,0.0020211411174386,42.508,-0.684,0.48,0.0,0,0,1,,1.0,2026-03-16T17:31:20.159185,neutral,0.488,2026-03-16T17:31:19.051509,0.242020718486006,2026-03-16T17:31:20.910000,78,,,
participant_20,3,day,Town10HD_Opt,2026-03-16 17:31:21.023121,38.458683013916016,-67.32050323486328,0.0020239639561623,43.086,-0.289,0.48,0.0,0,0,1,,1.0,2026-03-16T17:31:21.023121,neutral,0.488,2026-03-16T17:31:19.051509,0.2906763445997828,2026-03-16T17:31:20.910000,80,,,
participant_20,3,day,Town10HD_Opt,2026-03-16 17:31:22.170292,28.367172241210938,-66.99794006347656,0.0020823669619858,42.43,0.148,0.0,0.0,0,0,1,,1.0,2026-03-16T17:31:22.170292,disgust,0.816,2026-03-16T17:31:22.170292,0.36872905862776,2026-03-16T17:31:22.890000,79,,,
participant_20,3,day,Town10HD_Opt,2026-03-16 17:31:23.082184,21.63541412353516,-66.8456802368164,0.0023292540572583,33.525,0.484,0.0,0.0,0,0,1,,1.0,2026-03-16T17:31:23.082184,disgust,0.816,2026-03-16T17:31:22.170292,0.3846043863533857,2026-03-16T17:31:23.880000,79,,,
participant_20,3,day,Town10HD_Opt,2026-03-16 17:31:24.247993,14.798044204711914,-66.83330535888672,0.002171134809032,26.12,0.562,0.22,0.0,0,0,1,,1.0,2026-03-16T17:31:24.247993,neutral,0.696,2026-03-16T17:31:24.247993,0.3789286295510589,2026-03-16T17:31:24.916000,79,,,
participant_20,3,day,Town10HD_Opt,2026-03-16 17:31:25.132024,10.450592041015623,-66.90597534179688,0.0021330642048269,23.361,0.27,0.218,0.0,0,0,1,,0.806,2026-03-16T17:31:25.132024,neutral,0.696,2026-03-16T17:31:24.247993,0.3485478096964471,2026-03-16T17:31:25.905000,76,,,
participant_20,3,day,Town10HD_Opt,2026-03-16 17:31:26.240686,5.35352897644043,-67.02861022949219,0.0021182631608098,20.2,0.31,0.218,0.0,0,0,1,,0.821,2026-03-16T17:31:26.240686,neutral,0.696,2026-03-16T17:31:24.247993,0.3503991068566726,2026-03-16T17:31:26.895000,76,,,
participant_20,3,day,Town10HD_Opt,2026-03-16 17:31:27.107710,1.985431432723999,-67.13326263427734,0.002109489403665,18.152,0.31,0.219,0.0,0,0,1,,1.0,2026-03-16T17:31:27.107710,neutral,0.826,2026-03-16T17:31:27.107710,0.3660806151696291,2026-03-16T17:31:27.885000,75,,,
participant_20,3,day,Town10HD_Opt,2026-03-16 17:31:28.191735,-2.220100164413452,-67.29378509521484,0.001856651273556,17.833,0.31,0.219,0.0,0,0,1,,0.889,2026-03-16T17:31:28.191735,neutral,0.826,2026-03-16T17:31:27.107710,0.3671852661059472,2026-03-16T17:31:28.920000,75,,,
participant_20,3,day,Town10HD_Opt,2026-03-16 17:31:29.079434,-5.291754245758057,-67.43140411376953,0.0019356155535206,17.27,0.287,0.219,0.0,0,0,1,,1.0,2026-03-16T17:31:29.079434,neutral,0.826,2026-03-16T17:31:27.107710,0.2836939085069812,2026-03-16T17:31:29.910000,74,,,
participant_20,3,day,Town10HD_Opt,2026-03-16 17:31:30.198610,-9.249777793884276,-67.6281509399414,0.0019324492895975,16.683,-0.36,0.217,0.0,0,0,1,,1.0,2026-03-16T17:31:30.198610,disgust,0.778,2026-03-16T17:31:30.198610,0.42853350691445,2026-03-16T17:31:30.901000,78,,,
participant_20,3,day,Town10HD_Opt,2026-03-16 17:31:31.115356,-12.065512657165527,-67.73383331298828,0.0020073698833584,14.606,-0.632,0.0,0.0,0,0,1,,1.0,2026-03-16T17:31:31.115356,disgust,0.778,2026-03-16T17:31:30.198610,0.2779272787705648,2026-03-16T17:31:31.892000,79,,,
participant_20,3,day,Town10HD_Opt,2026-03-16 17:31:32.194141,-14.975505828857422,-67.82669067382812,0.0020170211791992,10.28,-0.169,0.0,0.0,0,0,1,,0.913,2026-03-16T17:31:32.194141,disgust,0.778,2026-03-16T17:31:30.198610,0.3109471346247854,2026-03-16T17:31:32.881000,78,,,
participant_20,3,day,Town10HD_Opt,2026-03-16 17:31:33.063228,-16.57384490966797,-67.87489318847656,0.0019887923263013,7.945,-0.186,0.0,0.0,0,0,1,,1.0,2026-03-16T17:31:33.063228,neutral,0.887,2026-03-16T17:31:33.063228,0.3056257845051102,2026-03-16T17:31:33.916000,78,,,
participant_20,3,day,Town10HD_Opt,2026-03-16 17:31:34.124993,-18.15187263488769,-67.91958618164062,0.0019697952084243,5.505,-0.209,0.0,0.0,0,0,1,,1.0,2026-03-16T17:31:34.124993,neutral,0.887,2026-03-16T17:31:33.063228,0.2683981481785504,2026-03-16T17:31:34.908000,77,,,
participant_20,3,day,Town10HD_Opt,2026-03-16 17:31:35.224998,-19.241661071777344,-67.94865417480469,0.001974792452529,3.54,-0.209,0.044,0.0,0,0,1,,0.83,2026-03-16T17:31:35.224998,neutral,0.841,2026-03-16T17:31:35.224998,0.1801324414995569,2026-03-16T17:31:35.897000,76,,,
participant_20,3,day,Town10HD_Opt,2026-03-16 17:31:36.087455,-19.7937126159668,-67.96278381347656,0.0019468306563794,2.691,-0.211,0.039,0.0,0,0,1,,0.826,2026-03-16T17:31:36.087455,neutral,0.841,2026-03-16T17:31:35.224998,0.2732994623057257,2026-03-16T17:31:36.886000,76,,,
participant_20,3,day,Town10HD_Opt,2026-03-16 17:31:37.189465,-20.3541202545166,-67.97667694091797,0.0019191360333934,2.372,-0.211,0.08,0.0,0,0,1,,1.0,2026-03-16T17:31:37.189465,neutral,0.841,2026-03-16T17:31:35.224998,0.2691734987699998,2026-03-16T17:31:37.920000,75,,,
participant_20,3,day,Town10HD_Opt,2026-03-16 17:31:38.025653,-20.755523681640625,-67.9863052368164,0.0019197082147002,2.388,-0.211,0.079,0.0,0,0,1,,1.0,2026-03-16T17:31:38.025653,neutral,0.772,2026-03-16T17:31:38.025653,0.251868663641499,2026-03-16T17:31:37.920000,74,,,
participant_20,3,day,Town10HD_Opt,2026-03-16 17:31:39.144369,-21.278705596923828,-67.99905395507812,0.0019181059906259,2.359,-0.303,0.079,0.0,0,0,1,,1.0,2026-03-16T17:31:39.144369,neutral,0.772,2026-03-16T17:31:38.025653,0.268262799380139,2026-03-16T17:31:39.946000,81,,,
participant_20,3,day,Town10HD_Opt,2026-03-16 17:31:40.215721,-22.338281631469727,-68.02104949951172,0.0014955520164221,13.303,-1.126,1.0,0.0,0,0,1,,1.0,2026-03-16T17:31:40.215721,neutral,0.3,2026-03-16T17:31:40.215721,0.1982558567471607,2026-03-16T17:31:40.891000,78,,,
participant_20,3,day,Town10HD_Opt,2026-03-16 17:31:41.095394,-25.638383865356445,-68.06746673583984,0.0016347122145816,26.5,-0.407,0.98,0.0,0,0,1,,1.0,2026-03-16T17:31:41.095394,neutral,0.3,2026-03-16T17:31:40.215721,0.2406955527527539,2026-03-16T17:31:41.926000,79,,,
participant_20,3,day,Town10HD_Opt,2026-03-16 17:31:42.162367,-33.98416519165039,-68.10005950927734,0.0016149901784956,45.254,-0.244,0.911,0.0,0,0,1,,1.0,2026-03-16T17:31:42.162367,neutral,0.3,2026-03-16T17:31:40.215721,0.2707665350321252,2026-03-16T17:31:42.917000,75,,,
participant_20,3,day,Town10HD_Opt,2026-03-16 17:31:43.252544,-45.44465637207031,-67.98456573486328,0.0027944182511419,48.173,-0.266,0.867,0.0,0,0,1,,1.0,2026-03-16T17:31:43.252544,neutral,0.712,2026-03-16T17:31:43.252544,0.2311162715877185,2026-03-16T17:31:43.906000,77,,,
participant_20,3,day,Town10HD_Opt,2026-03-16 17:31:44.124134,-54.19749069213867,-67.7772445678711,0.0021073913667351,48.688,-0.266,0.85,0.0,0,0,1,,1.0,2026-03-16T17:31:44.124134,neutral,0.712,2026-03-16T17:31:43.252544,0.2219387472723059,2026-03-16T17:31:44.896000,77,,,
participant_20,3,day,Town10HD_Opt,2026-03-16 17:31:44.987754,-62.92961120605469,-67.46438598632812,0.002148971427232,49.292,-1.619,0.835,0.0,0,0,1,,1.0,2026-03-16T17:31:44.987754,neutral,0.712,2026-03-16T17:31:43.252544,0.1084878839826496,2026-03-16T17:31:45.885000,80,,,
participant_20,3,day,Town10HD_Opt,2026-03-16 17:31:46.145278,-74.53531646728516,-66.25674438476562,0.001944770803675,51.313,-3.516,0.0,0.105,0,0,1,,1.0,2026-03-16T17:31:46.145278,neutral,0.83,2026-03-16T17:31:46.145278,0.1932918632259836,2026-03-16T17:31:46.920000,80,,,
participant_20,3,day,Town10HD_Opt,2026-03-16 17:31:47.044475,-82.96094512939453,-63.94218444824219,0.001926879864186,51.613,-5.78,0.0,0.122,0,0,1,,1.0,2026-03-16T17:31:47.044475,neutral,0.83,2026-03-16T17:31:46.145278,0.2780573210931707,2026-03-16T17:31:47.911000,79,,,
participant_20,3,day,Town10HD_Opt,2026-03-16 17:31:48.152923,-93.09765625,-58.106292724609375,0.0019272613571956,51.098,-4.365,0.0,0.11,0,0,1,,1.0,2026-03-16T17:31:48.152923,disgust,0.389,2026-03-16T17:31:48.152923,0.1839945151020654,2026-03-16T17:31:48.901000,83,,,
participant_20,3,day,Town10HD_Opt,2026-03-16 17:31:49.220421,-101.35604095458984,-49.91871643066406,0.0021142195910215,49.494,-4.785,0.82,0.0,0,0,1,,1.0,2026-03-16T17:31:49.220421,disgust,0.389,2026-03-16T17:31:48.152923,0.1901498361983079,2026-03-16T17:31:49.891000,82,,,
participant_20,3,day,Town10HD_Opt,2026-03-16 17:31:50.073556,-106.00668334960938,-42.580326080322266,0.00202003470622,49.858,-4.804,0.184,0.0,0,0,1,,1.0,2026-03-16T17:31:50.073556,disgust,0.389,2026-03-16T17:31:48.152923,0.1398310764090983,2026-03-16T17:31:50.881000,82,,,
participant_20,3,day,Town10HD_Opt,2026-03-16 17:31:51.187016,-109.42648315429688,-33.06348419189453,0.0023785019293427,35.518,-4.825,0.0,0.0,0,0,1,,0.846,2026-03-16T17:31:51.187016,sad,0.417,2026-03-16T17:31:51.187016,0.1177839225070085,2026-03-16T17:31:51.915000,81,,,
participant_20,3,day,Town10HD_Opt,2026-03-16 17:31:52.075024,-110.25020599365234,-27.5059757232666,0.0023054503835737,27.829,-3.747,0.067,0.0,0,0,1,,1.0,2026-03-16T17:31:52.075024,sad,0.417,2026-03-16T17:31:51.187016,0.2090091249995404,2026-03-16T17:31:52.905000,84,,,
participant_20,3,day,Town10HD_Opt,2026-03-16 17:31:53.249609,-110.44356536865234,-21.716476440429688,0.0019973753951489,25.117,-0.884,0.904,0.0,0,0,1,,1.0,2026-03-16T17:31:53.249609,neutral,0.851,2026-03-16T17:31:53.249609,0.2117012148867278,2026-03-16T17:31:53.896000,81,Solid line crossing,Solid line crossing,
participant_20,3,day,Town10HD_Opt,2026-03-16 17:31:54.209472,-110.44886779785156,-16.275657653808594,0.001602325355634,39.292,-0.153,0.909,0.0,0,0,1,,1.0,2026-03-16T17:31:54.209472,neutral,0.851,2026-03-16T17:31:53.249609,0.1672619078333288,2026-03-16T17:31:54.886000,78,,,
participant_20,3,day,Town10HD_Opt,2026-03-16 17:31:55.141051,-110.42290496826172,-8.558015823364258,0.0016574477776885,50.436,0.0,0.846,0.0,0,0,1,,1.0,2026-03-16T17:31:55.141051,neutral,0.851,2026-03-16T17:31:53.249609,0.1864787649214011,2026-03-16T17:31:55.965000,80,,,
participant_20,3,day,Town10HD_Opt,2026-03-16 17:31:56.076225,-110.38150787353516,0.129364475607872,0.0022981644142419,45.017,0.068,0.0,0.0,0,0,1,,1.0,2026-03-16T17:31:56.076225,disgust,0.803,2026-03-16T17:31:56.076225,0.2110651934283446,2026-03-16T17:31:56.911000,79,,,
participant_20,3,day,Town10HD_Opt,2026-03-16 17:31:57.028754,-110.18648529052734,7.164276599884033,0.0023678205907344,34.726,-7.979,0.0,0.0,0,0,1,,1.0,2026-03-16T17:31:57.028754,disgust,0.803,2026-03-16T17:31:56.076225,0.1552300756091677,2026-03-16T17:31:57.900000,83,,,
participant_20,3,day,Town10HD_Opt,2026-03-16 17:31:58.214613,-108.52227020263672,13.84768772125244,0.0023350142873823,24.215,-6.469,0.0,0.0,0,0,1,,0.82,2026-03-16T17:31:58.214613,neutral,0.834,2026-03-16T17:31:58.214613,0.2169654748761097,2026-03-16T17:31:58.891000,82,,,
participant_20,3,day,Town10HD_Opt,2026-03-16 17:31:59.228427,-106.89096069335938,17.23970603942871,0.002207298297435,18.926,-10.35,0.174,0.0,0,0,1,,0.855,2026-03-16T17:31:59.228427,neutral,0.834,2026-03-16T17:31:58.214613,0.1316579062558978,2026-03-16T17:31:59.926000,81,,,
participant_20,3,day,Town10HD_Opt,2026-03-16 17:32:00.189124,-105.00686645507812,19.79562187194824,0.0018829344771802,17.639,-10.49,0.158,0.0,0,0,1,,0.806,2026-03-16T17:32:00.189124,neutral,0.834,2026-03-16T17:31:58.214613,0.2427507374964609,2026-03-16T17:32:00.916000,79,,,
participant_20,3,day,Town10HD_Opt,2026-03-16 17:32:01.144698,-102.90584564208984,21.818681716918945,0.002007408067584,15.239,-10.451,0.0,0.0,0,0,1,,0.836,2026-03-16T17:32:01.144698,neutral,0.769,2026-03-16T17:32:01.144698,0.1576689239651212,2026-03-16T17:32:01.907000,83,,,
participant_20,3,day,Town10HD_Opt,2026-03-16 17:32:02.104470,-100.97574615478516,23.197900772094727,0.0020336913876235,11.725,-10.442,0.0,0.0,0,0,1,,1.0,2026-03-16T17:32:02.104470,neutral,0.769,2026-03-16T17:32:01.144698,0.1612952785824676,2026-03-16T17:32:02.896000,81,,,
participant_20,3,day,Town10HD_Opt,2026-03-16 17:32:03.072019,-99.4513931274414,24.03972625732422,0.002060470636934,7.634,-10.442,0.0,0.232,0,0,1,,1.0,2026-03-16T17:32:03.072019,neutral,0.769,2026-03-16T17:32:01.144698,0.1478274108723536,2026-03-16T17:32:03.886000,82,,,
participant_20,3,day,Town10HD_Opt,2026-03-16 17:32:04.032843,-98.81804656982422,24.33336639404297,0.0021656798198819,0.001,-10.442,0.0,0.21,0,0,1,,0.836,2026-03-16T17:32:04.032843,neutral,0.812,2026-03-16T17:32:04.032843,0.1020876414085544,2026-03-16T17:32:04.920000,83,,,
participant_20,3,day,Town10HD_Opt,2026-03-16 17:32:05.050151,-98.81776428222656,24.33345603942871,0.0019286727765575,0.001,-10.442,0.0,0.0,0,0,1,,1.0,2026-03-16T17:32:05.050151,neutral,0.812,2026-03-16T17:32:04.032843,0.1283315542537123,2026-03-16T17:32:05.911000,84,,,
participant_20,3,day,Town10HD_Opt,2026-03-16 17:32:06.028368,-98.81704711914062,24.333784103393555,0.0019144057296216,0.476,-10.461,0.823,0.0,0,0,1,,1.0,2026-03-16T17:32:06.028368,neutral,0.812,2026-03-16T17:32:04.032843,0.1374312367440613,2026-03-16T17:32:06.901000,85,,,
participant_20,3,day,Town10HD_Opt,2026-03-16 17:32:07.001089,-97.72682189941406,24.76144218444824,0.0014048767043277,15.464,-11.243,1.0,0.0,0,0,1,,1.0,2026-03-16T17:32:07.001089,neutral,0.853,2026-03-16T17:32:07.001089,0.1216346267721296,2026-03-16T17:32:07.891000,81,,,
participant_20,3,day,Town10HD_Opt,2026-03-16 17:32:08.276555,-92.6659164428711,26.166566848754883,0.0018288802821189,27.838,-2.607,0.502,0.0,0,0,1,,0.892,2026-03-16T17:32:08.276555,neutral,0.853,2026-03-16T17:32:07.001089,0.1106877780869234,2026-03-16T17:32:08.925000,82,,,
participant_20,3,day,Town10HD_Opt,2026-03-16 17:32:09.218405,-87.6161880493164,27.13795280456543,0.0019355010008439,31.151,-2.906,0.515,0.0,0,0,1,,0.897,2026-03-16T17:32:09.218405,neutral,0.325,2026-03-16T17:32:09.218405,0.1621177995839131,2026-03-16T17:32:09.916000,82,,,
participant_20,3,day,Town10HD_Opt,2026-03-16 17:32:10.174499,-81.97632598876953,27.794395446777344,0.0019850158132612,33.139,-2.372,0.0,0.0,0,0,1,,1.0,2026-03-16T17:32:10.174499,neutral,0.325,2026-03-16T17:32:09.218405,0.1108960957726498,2026-03-16T17:32:10.906000,86,,,
participant_20,3,day,Town10HD_Opt,2026-03-16 17:32:11.097694,-76.71068572998047,28.06521224975586,0.0022735595703125,26.073,-2.283,0.0,0.22,0,0,1,,1.0,2026-03-16T17:32:11.097694,neutral,0.325,2026-03-16T17:32:09.218405,0.1580620831821914,2026-03-16T17:32:11.896000,86,,,
participant_20,3,day,Town10HD_Opt,2026-03-16 17:32:12.058291,-72.79254913330078,28.06182098388672,0.0022995376493781,18.046,-1.093,0.0,0.229,0,0,1,,1.0,2026-03-16T17:32:12.058291,neutral,0.875,2026-03-16T17:32:12.058291,0.1455441076618218,2026-03-16T17:32:12.886000,88,Solid line crossing,Solid line crossing,
participant_20,3,day,Town10HD_Opt,2026-03-16 17:32:12.991558,-70.08612823486328,28.01803207397461,0.0020908354781568,12.466,0.602,0.0,0.23,0,0,1,,1.0,2026-03-16T17:32:12.991558,neutral,0.875,2026-03-16T17:32:12.058291,0.2156885858499172,2026-03-16T17:32:12.886000,87,,,
participant_20,3,day,Town10HD_Opt,2026-03-16 17:32:14.197931,-67.84396362304688,27.999467849731445,0.0020580291748046,6.531,0.049,0.0,0.241,0,0,1,,0.81,2026-03-16T17:32:14.197931,neutral,0.748,2026-03-16T17:32:14.197931,0.2095744724513811,2026-03-16T17:32:14.911000,88,,,
participant_20,3,day,Town10HD_Opt,2026-03-16 17:32:15.135797,-67.45134735107422,27.995492935180664,0.0020220566075295,0.0,0.035,0.0,0.239,0,0,1,,0.809,2026-03-16T17:32:15.135797,neutral,0.748,2026-03-16T17:32:14.197931,0.2209942457931529,2026-03-16T17:32:15.901000,87,,,
participant_20,3,day,Town10HD_Opt,2026-03-16 17:32:16.097090,-67.45096588134766,27.99549102783203,0.0019232940394431,0.003,-0.002,0.0,0.0,0,0,1,,0.863,2026-03-16T17:32:16.097090,neutral,0.748,2026-03-16T17:32:14.197931,0.1839567495323009,2026-03-16T17:32:16.892000,85,,,
participant_20,3,day,Town10HD_Opt,2026-03-16 17:32:16.994119,-67.45068359375,27.99549102783203,0.0019192504696547,0.0,0.157,0.0,0.0,0,0,1,,1.0,2026-03-16T17:32:16.994119,neutral,0.839,2026-03-16T17:32:16.994119,0.2317759828181804,2026-03-16T17:32:16.892000,85,,,
participant_20,3,day,Town10HD_Opt,2026-03-16 17:32:18.219476,-67.45057678222656,27.99549102783203,0.0019190978491678,0.0,0.07,0.0,0.0,0,0,1,,1.0,2026-03-16T17:32:18.219476,neutral,0.839,2026-03-16T17:32:16.994119,0.2085066658841011,2026-03-16T17:32:18.916000,80,,,
participant_20,3,day,Town10HD_Opt,2026-03-16 17:32:19.079550,-67.45059204101562,27.99549102783203,0.001919021597132,0.006,0.042,0.0,0.0,0,0,1,,1.0,2026-03-16T17:32:19.079550,disgust,0.627,2026-03-16T17:32:19.079550,0.2248183571307271,2026-03-16T17:32:19.906000,82,,,
participant_20,3,day,Town10HD_Opt,2026-03-16 17:32:20.011868,-67.45063018798828,27.99549102783203,0.0019188689766451,0.006,-0.073,0.0,0.0,0,0,1,,1.0,2026-03-16T17:32:20.011868,disgust,0.627,2026-03-16T17:32:19.079550,0.2170061952846131,2026-03-16T17:32:20.896000,82,,,
participant_20,3,day,Town10HD_Opt,2026-03-16 17:32:21.179491,-67.45050048828125,27.99549102783203,0.0019188689766451,0.006,-0.106,0.0,0.0,0,0,1,,1.0,2026-03-16T17:32:21.179491,neutral,0.915,2026-03-16T17:32:21.179491,0.1674880293011343,2026-03-16T17:32:21.886000,83,,,
participant_20,3,day,Town10HD_Opt,2026-03-16 17:32:22.159894,-67.45038604736328,27.99549102783203,0.0019191360333934,0.002,-0.268,0.0,0.0,0,0,1,,1.0,2026-03-16T17:32:22.159894,neutral,0.915,2026-03-16T17:32:21.179491,0.2182465157605184,2026-03-16T17:32:22.921000,85,,,
participant_20,3,day,Town10HD_Opt,2026-03-16 17:32:23.068809,-67.45016479492188,27.99549102783203,0.0019193649059161,0.001,-0.449,0.0,0.0,0,0,1,,1.0,2026-03-16T17:32:23.068809,neutral,0.915,2026-03-16T17:32:21.179491,0.1729728184528794,2026-03-16T17:32:23.911000,85,,,
participant_20,3,day,Town10HD_Opt,2026-03-16 17:32:24.247049,-67.45006561279297,27.99549102783203,0.0019193267216905,0.001,-0.463,0.0,0.0,0,0,1,,1.0,2026-03-16T17:32:24.247049,neutral,0.66,2026-03-16T17:32:24.247049,0.2564523734395862,2026-03-16T17:32:24.902000,82,,,
participant_20,3,day,Town10HD_Opt,2026-03-16 17:32:25.155420,-67.4499282836914,27.99549102783203,0.0019190596649423,0.006,-0.463,0.0,0.0,0,0,1,,1.0,2026-03-16T17:32:25.155420,neutral,0.66,2026-03-16T17:32:24.247049,0.1270074816031651,2026-03-16T17:32:25.891000,83,,,
participant_20,3,day,Town10HD_Opt,2026-03-16 17:32:26.058022,-67.4499740600586,27.99549102783203,0.0019188689766451,0.006,-0.463,0.0,0.0,0,0,1,,1.0,2026-03-16T17:32:26.058022,neutral,0.66,2026-03-16T17:32:24.247049,0.2214541022353338,2026-03-16T17:32:26.926000,82,,,
participant_20,3,day,Town10HD_Opt,2026-03-16 17:32:27.186649,-67.44984436035156,27.99549102783203,0.0019189071608707,0.006,-0.463,0.0,0.0,0,0,1,,1.0,2026-03-16T17:32:27.186649,neutral,0.832,2026-03-16T17:32:27.186649,0.2567198641284861,2026-03-16T17:32:27.917000,81,,,
participant_20,3,day,Town10HD_Opt,2026-03-16 17:32:28.046831,-67.4498291015625,27.99549102783203,0.0019190978491678,0.002,-0.461,0.0,0.0,0,0,1,,1.0,2026-03-16T17:32:28.046831,neutral,0.832,2026-03-16T17:32:27.186649,0.2143301720443782,2026-03-16T17:32:27.917000,80,,,
participant_20,3,day,Town10HD_Opt,2026-03-16 17:32:29.148973,-67.44971466064453,27.99549102783203,0.0019190978491678,0.002,-0.461,0.0,0.0,0,0,1,,1.0,2026-03-16T17:32:29.148973,neutral,0.832,2026-03-16T17:32:27.186649,0.2735245650155757,2026-03-16T17:32:29.941000,78,,,
participant_20,3,day,Town10HD_Opt,2026-03-16 17:32:30.014343,-67.44952392578125,27.99549102783203,0.0019192504696547,0.002,-0.451,0.0,0.0,0,0,1,,1.0,2026-03-16T17:32:30.014343,neutral,0.771,2026-03-16T17:32:30.014343,0.1152945757067133,2026-03-16T17:32:30.931000,77,,,
participant_20,3,day,Town10HD_Opt,2026-03-16 17:32:31.237918,-67.44941711425781,27.99549102783203,0.0019192122854292,0.002,-0.451,0.0,0.0,0,0,1,,1.0,2026-03-16T17:32:31.237918,neutral,0.771,2026-03-16T17:32:30.014343,0.1759750078675074,2026-03-16T17:32:31.921000,78,,,
participant_20,3,day,Town10HD_Opt,2026-03-16 17:32:32.130010,-67.44917297363281,27.995492935180664,0.0019190978491678,0.001,-0.451,0.0,0.0,0,0,1,,1.0,2026-03-16T17:32:32.130010,neutral,0.846,2026-03-16T17:32:32.130010,0.1898227424101713,2026-03-16T17:32:32.911000,80,,,
participant_20,3,day,Town10HD_Opt,2026-03-16 17:32:33.035799,-67.44918060302734,27.995492935180664,0.0019189834129065,0.006,-0.414,0.0,0.0,0,0,1,,1.0,2026-03-16T17:32:33.035799,neutral,0.846,2026-03-16T17:32:32.130010,0.2013409187530591,2026-03-16T17:32:33.902000,78,,,
participant_20,3,day,Town10HD_Opt,2026-03-16 17:32:34.200151,-67.44905090332031,27.995492935180664,0.001919021597132,0.006,-0.395,0.0,0.0,0,0,1,,1.0,2026-03-16T17:32:34.200151,disgust,0.742,2026-03-16T17:32:34.200151,0.2373576660636096,2026-03-16T17:32:34.891000,77,,,
participant_20,3,day,Town10HD_Opt,2026-03-16 17:32:35.147052,-67.4490966796875,27.995492935180664,0.0019188307924196,0.006,-0.395,0.0,0.0,0,0,1,,1.0,2026-03-16T17:32:35.147052,disgust,0.742,2026-03-16T17:32:34.200151,0.2954773897874805,2026-03-16T17:32:35.926000,78,,,
participant_20,3,day,Town10HD_Opt,2026-03-16 17:32:36.089063,-67.44898223876953,27.995492935180664,0.0019191741012036,0.002,-0.395,0.0,0.0,0,0,1,,1.0,2026-03-16T17:32:36.089063,disgust,0.742,2026-03-16T17:32:34.200151,0.3610600225818083,2026-03-16T17:32:36.916000,81,,,
participant_20,3,day,Town10HD_Opt,2026-03-16 17:32:36.987853,-67.44876098632812,27.995492935180664,0.0019193649059161,0.001,-0.395,0.0,0.0,0,0,1,,1.0,2026-03-16T17:32:36.987853,neutral,0.747,2026-03-16T17:32:36.987853,0.2146986244443733,2026-03-16T17:32:37.907000,75,,,
participant_20,3,day,Town10HD_Opt,2026-03-16 17:32:38.203737,-67.44866180419922,27.995492935180664,0.0019193267216905,0.001,-0.395,0.0,0.0,0,0,1,,1.0,2026-03-16T17:32:38.203737,neutral,0.747,2026-03-16T17:32:36.987853,0.3298636205962794,2026-03-16T17:32:38.896000,80,,,
participant_20,3,day,Town10HD_Opt,2026-03-16 17:32:39.111340,-67.44852447509766,27.995492935180664,0.0019190596649423,0.006,-0.388,0.0,0.0,0,0,1,,1.0,2026-03-16T17:32:39.111340,disgust,0.391,2026-03-16T17:32:39.111340,0.2557266969408116,2026-03-16T17:32:39.976000,78,,,
participant_20,3,day,Town10HD_Opt,2026-03-16 17:32:40.052635,-67.44857025146484,27.995492935180664,0.0019188689766451,0.138,-0.388,0.138,0.0,0,0,1,,1.0,2026-03-16T17:32:40.052635,disgust,0.391,2026-03-16T17:32:39.111340,0.2571849824152275,2026-03-16T17:32:40.921000,79,,,
participant_20,3,day,Town10HD_Opt,2026-03-16 17:32:41.044145,-66.77081298828125,27.98737335205078,0.0014355087187141,12.01,-0.374,1.0,0.0,0,0,1,,1.0,2026-03-16T17:32:41.044145,disgust,0.391,2026-03-16T17:32:39.111340,0.2468443147864517,2026-03-16T17:32:41.911000,77,,,
participant_20,3,day,Town10HD_Opt,2026-03-16 17:32:42.035136,-63.51765060424805,27.951549530029297,0.0016410826938226,26.242,0.663,0.989,0.0,0,0,1,,1.0,2026-03-16T17:32:42.035136,neutral,0.757,2026-03-16T17:32:42.035136,0.3163253574765148,2026-03-16T17:32:42.902000,75,,,
participant_20,3,day,Town10HD_Opt,2026-03-16 17:32:43.243027,-55.09164047241211,27.92442512512207,0.001574134803377,46.442,0.157,0.942,0.0,0,0,1,,1.0,2026-03-16T17:32:43.243027,neutral,0.757,2026-03-16T17:32:42.035136,0.3192698546711695,2026-03-16T17:32:43.893000,76,,,
participant_20,3,day,Town10HD_Opt,2026-03-16 17:32:44.125835,-46.3398666381836,27.94772148132324,0.002159004099667,48.434,0.367,0.91,0.0,0,0,1,,1.0,2026-03-16T17:32:44.125835,neutral,0.788,2026-03-16T17:32:44.125835,0.2810324641374453,2026-03-16T17:32:44.926000,78,,,
participant_20,3,day,Town10HD_Opt,2026-03-16 17:32:45.033362,-37.58712387084961,28.090538024902344,0.0020802689250558,49.535,-0.164,0.899,0.0,0,0,1,,1.0,2026-03-16T17:32:45.033362,neutral,0.788,2026-03-16T17:32:44.125835,0.311853123593068,2026-03-16T17:32:45.916000,79,,,
participant_20,3,day,Town10HD_Opt,2026-03-16 17:32:46.172150,-25.8581657409668,28.263900756835938,0.0022165297996252,48.213,-0.148,0.881,0.0,0,0,1,,0.81,2026-03-16T17:32:46.172150,neutral,0.533,2026-03-16T17:32:46.172150,0.3731864504569152,2026-03-16T17:32:46.906000,80,,,
participant_20,3,day,Town10HD_Opt,2026-03-16 17:32:47.041139,-17.13397216796875,28.327192306518555,0.0020914839114993,49.275,-0.141,0.873,0.0,0,0,1,,1.0,2026-03-16T17:32:47.041139,neutral,0.533,2026-03-16T17:32:46.172150,0.3903482136176861,2026-03-16T17:32:47.942000,82,,,
participant_20,3,day,Town10HD_Opt,2026-03-16 17:32:48.145334,-5.538365364074707,28.3308048248291,0.0021257400512695,49.15,-0.141,0.84,0.0,0,0,1,,1.0,2026-03-16T17:32:48.145334,neutral,0.533,2026-03-16T17:32:46.172150,0.3196663346817192,2026-03-16T17:32:48.931000,81,,,
participant_20,3,day,Town10HD_Opt,2026-03-16 17:32:49.016928,3.044560432434082,28.27477264404297,0.0022521971259266,45.126,-0.101,0.08,0.0,0,0,1,,1.0,2026-03-16T17:32:49.016928,neutral,0.801,2026-03-16T17:32:49.016928,0.2922460835403678,2026-03-16T17:32:49.922000,80,,,
participant_20,3,day,Town10HD_Opt,2026-03-16 17:32:50.185808,12.276952743530272,28.173173904418945,0.0023366163950413,32.959,0.068,0.027,0.0,0,0,1,,1.0,2026-03-16T17:32:50.185808,neutral,0.801,2026-03-16T17:32:49.016928,0.3413208372044978,2026-03-16T17:32:50.911000,77,,,
participant_20,3,day,Town10HD_Opt,2026-03-16 17:32:51.073562,17.460540771484375,28.123708724975582,0.0022537230979651,26.183,0.127,0.227,0.0,0,0,1,,1.0,2026-03-16T17:32:51.073562,neutral,0.832,2026-03-16T17:32:51.073562,0.3454374712062105,2026-03-16T17:32:51.901000,79,,,
participant_20,3,day,Town10HD_Opt,2026-03-16 17:32:52.211705,23.17502212524414,28.09251594543457,0.0021075438708066,23.042,0.442,0.295,0.0,0,0,1,,1.0,2026-03-16T17:32:52.211705,neutral,0.832,2026-03-16T17:32:51.073562,0.3561021587253102,2026-03-16T17:32:52.891000,78,,,
participant_20,3,day,Town10HD_Opt,2026-03-16 17:32:53.091668,27.16845893859864,28.19103240966797,0.0020302962511777,23.108,4.282,0.411,0.0,0,0,1,,0.852,2026-03-16T17:32:53.091668,neutral,0.677,2026-03-16T17:32:53.091668,0.3307656133885421,2026-03-16T17:32:53.927000,77,,,
participant_20,3,day,Town10HD_Opt,2026-03-16 17:32:54.247561,32.64247131347656,29.12192344665528,0.0020623779855668,23.855,10.812,0.18,0.0,0,0,1,,1.0,2026-03-16T17:32:54.247561,neutral,0.677,2026-03-16T17:32:53.091668,0.3474209453416765,2026-03-16T17:32:54.916000,76,,,
participant_20,3,day,Town10HD_Opt,2026-03-16 17:32:55.150889,36.13578414916992,30.83400154113769,0.0021691131405532,20.764,21.811,0.353,0.0,0,0,1,,0.863,2026-03-16T17:32:55.150889,neutral,0.678,2026-03-16T17:32:55.150889,0.3432070748145009,2026-03-16T17:32:55.907000,78,,,
participant_20,3,day,Town10HD_Opt,2026-03-16 17:32:56.011932,38.42826843261719,33.739349365234375,0.0019387054489925,24.286,26.619,0.649,0.0,0,0,1,,1.0,2026-03-16T17:32:56.011932,neutral,0.678,2026-03-16T17:32:55.150889,0.3264348469759441,2026-03-16T17:32:56.896000,75,,,
participant_20,3,day,Town10HD_Opt,2026-03-16 17:32:57.126754,39.71278381347656,39.91453170776367,0.0021220778580754,26.686,-2.732,0.0,0.0,0,0,1,,0.92,2026-03-16T17:32:57.126754,neutral,0.678,2026-03-16T17:32:55.150889,0.3126250208543103,2026-03-16T17:32:57.932000,76,,,
participant_20,3,day,Town10HD_Opt,2026-03-16 17:32:58.050093,40.38682174682617,44.00396728515625,0.0022628020960837,19.964,5.609,0.0,0.161,0,0,1,,0.887,2026-03-16T17:32:58.050093,neutral,0.686,2026-03-16T17:32:58.050093,0.2864463392568443,2026-03-16T17:32:57.932000,77,,,
participant_20,3,day,Town10HD_Opt,2026-03-16 17:32:59.189133,40.61831283569336,47.85037612915039,0.0020634841639548,13.158,4.527,0.0,0.089,0,0,1,,0.901,2026-03-16T17:32:59.189133,neutral,0.686,2026-03-16T17:32:58.050093,0.34756089463596,2026-03-16T17:32:59.911000,74,,,
participant_20,3,day,Town10HD_Opt,2026-03-16 17:33:00.000538,40.6002197265625,49.84638977050781,0.0020386122632771,9.415,2.017,0.0,0.094,0,0,1,,0.851,2026-03-16T17:33:00.000538,neutral,0.686,2026-03-16T17:32:58.050093,0.3506967798344634,2026-03-16T17:33:00.901000,76,,,
participant_20,3,day,Town10HD_Opt,2026-03-16 17:33:01.150682,40.59864044189453,51.59299850463867,0.0020112991333007,5.428,-0.771,0.0,0.095,0,0,1,,1.0,2026-03-16T17:33:01.150682,angry,0.515,2026-03-16T17:33:01.150682,0.2963215626715501,2026-03-16T17:33:01.892000,76,,,
participant_20,3,day,Town10HD_Opt,2026-03-16 17:33:02.228761,40.59919738769531,51.74951934814453,0.0019359969301149,0.001,-0.637,0.0,0.0,0,0,1,,0.842,2026-03-16T17:33:02.228761,angry,0.515,2026-03-16T17:33:01.150682,0.2990416503039538,2026-03-16T17:33:02.972000,76,,,
participant_20,3,day,Town10HD_Opt,2026-03-16 17:33:03.075830,40.59919738769531,51.74956893920898,0.0019199752714484,0.001,-0.623,0.0,0.0,0,0,1,,0.858,2026-03-16T17:33:03.075830,angry,0.515,2026-03-16T17:33:01.150682,0.2534952889240215,2026-03-16T17:33:03.916000,77,,,
participant_20,3,day,Town10HD_Opt,2026-03-16 17:33:04.147323,40.59919738769531,51.74967193603516,0.001919288537465,0.002,-0.609,0.0,0.0,0,0,1,,0.84,2026-03-16T17:33:04.147323,neutral,0.406,2026-03-16T17:33:04.147323,0.3073987073354497,2026-03-16T17:33:04.906000,81,,,
participant_20,3,day,Town10HD_Opt,2026-03-16 17:33:05.020951,40.599266052246094,51.75908660888672,0.0019170378800481,0.257,-0.583,0.437,0.0,0,0,1,,0.813,2026-03-16T17:33:05.020951,neutral,0.406,2026-03-16T17:33:04.147323,0.3758806171771137,2026-03-16T17:33:05.896000,79,,,
participant_20,3,day,Town10HD_Opt,2026-03-16 17:33:06.146830,40.61738204956055,53.624305725097656,0.0014182281447574,18.755,-0.726,0.929,0.0,0,0,1,,1.0,2026-03-16T17:33:06.146830,neutral,0.406,2026-03-16T17:33:04.147323,0.3156923552509729,2026-03-16T17:33:06.932000,79,,,errors=Stop sign violation
participant_20,3,day,Town10HD_Opt,2026-03-16 17:33:06.987558,40.79428482055664,57.6837158203125,0.0017106246668845,28.693,-7.271,0.68,0.0,0,0,1,,0.845,2026-03-16T17:33:06.987558,neutral,0.731,2026-03-16T17:33:06.987558,0.3379431748345676,2026-03-16T17:33:06.932000,78,,,
participant_20,3,day,Town10HD_Opt,2026-03-16 17:33:08.053838,42.87718200683594,64.6442642211914,0.002003707922995,32.921,-14.237,0.476,0.0,0,0,1,,0.843,2026-03-16T17:33:08.053838,neutral,0.731,2026-03-16T17:33:06.987558,0.3299934291884496,2026-03-16T17:33:08.911000,81,,,
participant_20,3,day,Town10HD_Opt,2026-03-16 17:33:09.108615,48.47679901123047,69.91735076904297,0.0020814132876694,33.628,-16.731,0.254,0.0,0,0,1,,1.0,2026-03-16T17:33:09.108615,neutral,0.585,2026-03-16T17:33:09.108615,0.3273414172698939,2026-03-16T17:33:09.902000,82,,,
participant_20,3,day,Town10HD_Opt,2026-03-16 17:33:10.192551,55.30108642578125,71.08908081054688,0.0023018645588308,25.014,-6.706,0.0,0.0,0,0,1,,1.0,2026-03-16T17:33:10.192551,neutral,0.585,2026-03-16T17:33:09.108615,0.2822349272646782,2026-03-16T17:33:10.892000,82,,,
participant_20,3,day,Town10HD_Opt,2026-03-16 17:33:11.026026,59.235931396484375,70.7127456665039,0.0021530149970203,20.787,1.102,0.313,0.0,0,0,1,,1.0,2026-03-16T17:33:11.026026,neutral,0.585,2026-03-16T17:33:09.108615,0.3369857348895094,2026-03-16T17:33:11.926000,82,,,
participant_20,3,day,Town10HD_Opt,2026-03-16 17:33:12.087468,64.08033752441406,70.34443664550781,0.0019847105722874,21.767,0.947,0.307,0.0,0,0,1,,1.0,2026-03-16T17:33:12.087468,neutral,0.503,2026-03-16T17:33:12.087468,0.3909534554067375,2026-03-16T17:33:12.917000,82,,,
participant_20,3,day,Town10HD_Opt,2026-03-16 17:33:13.216369,69.33792877197266,70.12712097167969,0.0019056319724768,25.055,1.577,0.585,0.0,0,0,1,,1.0,2026-03-16T17:33:13.216369,neutral,0.503,2026-03-16T17:33:12.087468,0.3355925757100436,2026-03-16T17:33:13.907000,82,,,
participant_20,3,day,Town10HD_Opt,2026-03-16 17:33:14.086271,74.4378662109375,70.09188842773438,0.0016482543433085,35.683,0.465,0.868,0.0,0,0,1,,1.0,2026-03-16T17:33:14.086271,neutral,0.503,2026-03-16T17:33:12.087468,0.3668775568646858,2026-03-16T17:33:14.897000,82,,,
participant_20,3,day,Town10HD_Opt,2026-03-16 17:33:15.209829,84.39671325683594,70.16127014160156,0.0017089080065488,49.76,0.284,0.174,0.0,0,0,1,,0.879,2026-03-16T17:33:15.209829,neutral,0.702,2026-03-16T17:33:15.209829,0.3940170403863163,2026-03-16T17:33:15.932000,83,,,
participant_20,3,day,Town10HD_Opt,2026-03-16 17:33:16.046930,92.52284240722656,70.67157745361328,0.0023846053518354,40.662,12.869,0.0,0.0,0,0,1,,1.0,2026-03-16T17:33:16.046930,neutral,0.702,2026-03-16T17:33:15.209829,0.3820334173307624,2026-03-16T17:33:16.921000,81,,,
participant_20,3,day,Town10HD_Opt,2026-03-16 17:33:17.121921,98.979248046875,74.74761962890625,0.0024179839529097,27.152,26.324,0.111,0.0,0,0,1,,0.85,2026-03-16T17:33:17.121921,neutral,0.702,2026-03-16T17:33:15.209829,0.3187072706002133,2026-03-16T17:33:17.912000,82,,,
participant_20,3,day,Town10HD_Opt,2026-03-16 17:33:18.006400,100.16167449951172,79.05223846435547,0.0020555495284497,26.404,11.735,0.519,0.0,0,0,1,,0.876,2026-03-16T17:33:18.006400,neutral,0.66,2026-03-16T17:33:18.006400,0.3415047964473048,2026-03-16T17:33:17.912000,82,,,
participant_20,3,day,Town10HD_Opt,2026-03-16 17:33:19.112392,100.37252807617188,86.3206558227539,0.0016176223289221,39.778,1.989,0.941,0.0,0,0,1,,0.84,2026-03-16T17:33:19.112392,neutral,0.66,2026-03-16T17:33:18.006400,0.343281350780112,2026-03-16T17:33:19.982000,79,,,
participant_20,3,day,Town10HD_Opt,2026-03-16 17:33:20.191337,99.58689880371094,97.00057220458984,0.0019532011356204,48.91,4.551,0.422,0.0,0,0,1,,1.0,2026-03-16T17:33:20.191337,neutral,0.637,2026-03-16T17:33:20.191337,0.4202100894129404,2026-03-16T17:33:20.926000,79,,,
participant_20,3,day,Town10HD_Opt,2026-03-16 17:33:21.022555,97.41127014160156,105.1198501586914,0.0021046064794063,46.942,4.924,0.416,0.0,0,0,1,,1.0,2026-03-16T17:33:21.022555,neutral,0.637,2026-03-16T17:33:20.191337,0.2738129144408791,2026-03-16T17:33:21.916000,80,,,
participant_20,3,day,Town10HD_Opt,2026-03-16 17:33:22.115194,92.45632934570312,114.5903778076172,0.0021010206546634,44.709,3.49,0.411,0.0,0,0,1,,0.883,2026-03-16T17:33:22.115194,neutral,0.637,2026-03-16T17:33:20.191337,0.3509308229827467,2026-03-16T17:33:22.906000,78,,,
participant_20,3,day,Town10HD_Opt,2026-03-16 17:33:23.231993,85.91512298583984,122.407470703125,0.0020941160619258,42.737,6.08,0.411,0.0,0,0,1,,1.0,2026-03-16T17:33:23.231993,neutral,0.824,2026-03-16T17:33:23.231993,0.3924038324829968,2026-03-16T17:33:23.897000,82,,,
participant_20,3,day,Town10HD_Opt,2026-03-16 17:33:24.065859,80.03003692626953,126.82511138916016,0.002091102534905,41.452,6.687,0.411,0.0,0,0,1,,0.897,2026-03-16T17:33:24.065859,neutral,0.824,2026-03-16T17:33:23.231993,0.3520038714625321,2026-03-16T17:33:24.977000,82,,,
participant_20,3,day,Town10HD_Opt,2026-03-16 17:33:25.153317,71.22933197021484,130.3314666748047,0.0020714949350804,40.045,6.343,0.411,0.0,0,0,1,,0.803,2026-03-16T17:33:25.153317,neutral,0.824,2026-03-16T17:33:23.231993,0.2941355475330396,2026-03-16T17:33:25.922000,82,,,
participant_20,3,day,Town10HD_Opt,2026-03-16 17:33:26.022713,64.3576431274414,131.23150634765625,0.0020726395305246,39.254,3.702,0.411,0.0,0,0,1,,0.911,2026-03-16T17:33:26.022713,neutral,0.703,2026-03-16T17:33:26.022713,0.3393032734320721,2026-03-16T17:33:26.912000,81,,,
participant_20,3,day,Town10HD_Opt,2026-03-16 17:33:27.182121,55.28429412841797,131.3521728515625,0.0020606995094567,38.501,0.153,0.411,0.0,0,0,1,,0.835,2026-03-16T17:33:27.182121,neutral,0.703,2026-03-16T17:33:26.022713,0.3038803149094816,2026-03-16T17:33:27.902000,84,,,
participant_20,3,day,Town10HD_Opt,2026-03-16 17:33:28.034584,48.58534622192383,131.31790161132812,0.0020580673590302,38.027,0.2,0.411,0.0,0,0,1,,1.0,2026-03-16T17:33:28.034584,happy,0.842,2026-03-16T17:33:28.034584,0.3222917827396353,2026-03-16T17:33:28.892000,82,,,
participant_20,3,day,Town10HD_Opt,2026-03-16 17:33:29.193465,39.7724494934082,131.20086669921875,0.0020553588401526,37.498,0.19,0.411,0.0,0,0,1,,0.804,2026-03-16T17:33:29.193465,happy,0.842,2026-03-16T17:33:28.034584,0.3472505067062553,2026-03-16T17:33:29.927000,84,,,
participant_20,3,day,Town10HD_Opt,2026-03-16 17:33:30.109688,33.2384147644043,131.08045959472656,0.0020536039955914,37.166,0.176,0.411,0.0,0,0,1,,1.0,2026-03-16T17:33:30.109688,neutral,0.482,2026-03-16T17:33:30.109688,0.3476079882882313,2026-03-16T17:33:30.917000,85,,,
participant_20,3,day,Town10HD_Opt,2026-03-16 17:33:31.030416,26.75946044921875,130.927001953125,0.0020520400721579,36.88,-0.092,0.411,0.0,0,0,1,,1.0,2026-03-16T17:33:31.030416,neutral,0.482,2026-03-16T17:33:30.109688,0.2941179480855968,2026-03-16T17:33:31.907000,86,,,
participant_20,3,day,Town10HD_Opt,2026-03-16 17:33:32.162683,18.19202041625977,130.75439453125,0.0020505141001194,36.546,0.007,0.411,0.0,0,0,1,,1.0,2026-03-16T17:33:32.162683,neutral,0.316,2026-03-16T17:33:32.162683,0.3309490860769974,2026-03-16T17:33:32.897000,84,,,
participant_20,3,day,Town10HD_Opt,2026-03-16 17:33:33.023603,11.811529159545898,130.6503143310547,0.0020494842901825,36.357,-0.052,0.411,0.0,0,0,1,,1.0,2026-03-16T17:33:33.023603,neutral,0.316,2026-03-16T17:33:32.162683,0.2720717222158167,2026-03-16T17:33:33.931000,82,,,
participant_20,3,day,Town10HD_Opt,2026-03-16 17:33:34.188210,3.699318170547485,130.53402709960938,0.0022764967288821,29.83,-0.056,0.0,0.0,0,0,1,,0.825,2026-03-16T17:33:34.188210,disgust,0.647,2026-03-16T17:33:34.188210,0.2716995995868936,2026-03-16T17:33:34.922000,83,,,
participant_20,3,day,Town10HD_Opt,2026-03-16 17:33:35.104299,-1.008681058883667,130.47671508789062,0.0022714994847774,23.064,-0.047,0.0,0.0,0,0,1,,0.808,2026-03-16T17:33:35.104299,disgust,0.647,2026-03-16T17:33:34.188210,0.2121076409728257,2026-03-16T17:33:35.912000,83,,,
participant_20,3,day,Town10HD_Opt,2026-03-16 17:33:36.207024,-5.549515247344971,130.42713928222656,0.001987915020436,16.071,-0.047,0.0,0.0,0,0,1,,0.869,2026-03-16T17:33:36.207024,neutral,0.827,2026-03-16T17:33:36.207024,0.2779633887067591,2026-03-16T17:33:36.903000,83,,,
participant_20,3,day,Town10HD_Opt,2026-03-16 17:33:37.074249,-8.052019119262695,130.40219116210938,0.0020366667304188,12.331,-0.047,0.0,0.0,0,0,1,,0.909,2026-03-16T17:33:37.074249,neutral,0.827,2026-03-16T17:33:36.207024,0.2281424290203081,2026-03-16T17:33:37.892000,79,,,
participant_20,3,day,Town10HD_Opt,2026-03-16 17:33:38.135454,-10.52568817138672,130.37908935546875,0.0019331359071657,10.591,-0.047,1.0,0.0,0,0,1,,0.815,2026-03-16T17:33:38.135454,neutral,0.827,2026-03-16T17:33:36.207024,0.1681596531774452,2026-03-16T17:33:38.927000,80,,,
participant_20,3,day,Town10HD_Opt,2026-03-16 17:33:39.011769,-13.48372745513916,130.35336303710938,0.001718025188893,24.069,-0.047,1.0,0.0,0,0,1,,1.0,2026-03-16T17:33:39.011769,neutral,0.686,2026-03-16T17:33:39.011769,0.2537661600301446,2026-03-16T17:33:39.916000,78,,,
participant_20,3,day,Town10HD_Opt,2026-03-16 17:33:40.069558,-21.493581771850582,130.29331970214844,0.0015409850748255,45.366,-0.047,0.947,0.0,0,0,1,,0.843,2026-03-16T17:33:40.069558,neutral,0.686,2026-03-16T17:33:39.011769,0.2637380725927516,2026-03-16T17:33:40.907000,79,,,
participant_20,3,day,Town10HD_Opt,2026-03-16 17:33:41.130626,-32.63459777832031,130.09324645996094,0.0023369216360151,42.131,12.704,0.0,0.0,0,0,1,,0.939,2026-03-16T17:33:41.130626,neutral,0.612,2026-03-16T17:33:41.130626,0.1720973598307066,2026-03-16T17:33:41.897000,77,,,
participant_20,3,day,Town10HD_Opt,2026-03-16 17:33:42.229123,-39.85125732421875,126.64789581298828,0.002438316354528,28.166,24.724,0.0,0.0,0,0,1,,1.0,2026-03-16T17:33:42.229123,neutral,0.612,2026-03-16T17:33:41.130626,0.2178143233728216,2026-03-16T17:33:42.932000,76,,,
participant_20,3,day,Town10HD_Opt,2026-03-16 17:33:43.077036,-41.55001831054688,122.69723510742188,0.0022796629928052,21.669,12.083,0.372,0.0,0,0,1,,0.887,2026-03-16T17:33:43.077036,neutral,0.612,2026-03-16T17:33:41.130626,0.2763555001632483,2026-03-16T17:33:43.922000,75,,,
participant_20,3,day,Town10HD_Opt,2026-03-16 17:33:44.224723,-42.297733306884766,116.77661895751952,0.001761665334925,31.763,3.945,0.535,0.0,0,0,1,,0.96,2026-03-16T17:33:44.224723,neutral,0.624,2026-03-16T17:33:44.224723,0.2287891248987814,2026-03-16T17:33:44.912000,76,,,
participant_20,3,day,Town10HD_Opt,2026-03-16 17:33:45.148057,-42.39371490478516,110.90908813476562,0.0019349288195371,35.261,0.327,0.503,0.0,0,0,1,,1.0,2026-03-16T17:33:45.148057,neutral,0.624,2026-03-16T17:33:44.224723,0.2317578181331754,2026-03-16T17:33:45.902000,75,,,
participant_20,3,day,Town10HD_Opt,2026-03-16 17:33:46.095178,-42.39030838012695,104.572021484375,0.0020065689459443,36.673,-0.341,0.292,0.0,0,0,1,,0.84,2026-03-16T17:33:46.095178,neutral,0.624,2026-03-16T17:33:44.224723,0.2669695963286052,2026-03-16T17:33:46.892000,76,,,
participant_20,3,day,Town10HD_Opt,2026-03-16 17:33:47.225814,-42.36312103271485,96.40238189697266,0.002136840717867,32.932,0.456,0.274,0.0,0,0,1,,1.0,2026-03-16T17:33:47.225814,neutral,0.671,2026-03-16T17:33:47.225814,0.2858656667618695,2026-03-16T17:33:47.927000,77,,,
participant_20,3,day,Town10HD_Opt,2026-03-16 17:33:48.075085,-42.2380256652832,90.84929656982422,0.0021273039747029,30.315,0.284,0.274,0.0,0,0,1,,1.0,2026-03-16T17:33:48.075085,neutral,0.671,2026-03-16T17:33:47.225814,0.2768709911186177,2026-03-16T17:33:48.962000,78,,,
participant_20,3,day,Town10HD_Opt,2026-03-16 17:33:49.161066,-42.02512741088867,84.10303497314453,0.0021158980671316,27.297,-0.11,0.234,0.0,0,0,1,,0.856,2026-03-16T17:33:49.161066,neutral,0.671,2026-03-16T17:33:47.225814,0.2814462567820579,2026-03-16T17:33:49.907000,80,,,
participant_20,3,day,Town10HD_Opt,2026-03-16 17:33:50.004371,-41.76006317138672,79.53406524658203,0.002128868130967,24.774,10.61,0.366,0.0,0,0,1,,0.919,2026-03-16T17:33:50.004371,neutral,0.733,2026-03-16T17:33:50.004371,0.2971830910728179,2026-03-16T17:33:50.897000,76,,,
participant_20,3,day,Town10HD_Opt,2026-03-16 17:33:51.169319,-39.638954162597656,74.21251678466797,0.0020449447911232,25.643,19.786,0.398,0.0,0,0,1,,0.813,2026-03-16T17:33:51.169319,neutral,0.733,2026-03-16T17:33:50.004371,0.2698251826461475,2026-03-16T17:33:51.932000,78,,,
participant_20,3,day,Town10HD_Opt,2026-03-16 17:33:52.019522,-36.22782516479492,71.31336975097656,0.0020793913863599,25.92,19.543,0.37,0.0,0,0,1,,1.0,2026-03-16T17:33:52.019522,neutral,0.792,2026-03-16T17:33:52.019522,0.3078038210977047,2026-03-16T17:33:52.922000,76,,,
participant_20,3,day,Town10HD_Opt,2026-03-16 17:33:53.162014,-30.414979934692383,70.008056640625,0.0020672224927693,25.852,8.415,0.347,0.0,0,0,1,,0.892,2026-03-16T17:33:53.162014,neutral,0.792,2026-03-16T17:33:52.019522,0.2893653864723849,2026-03-16T17:33:53.912000,76,,,
participant_20,3,day,Town10HD_Opt,2026-03-16 17:33:54.046011,-25.90091896057129,70.05767822265625,0.0020545958541333,25.606,-0.834,0.337,0.0,0,0,1,,0.84,2026-03-16T17:33:54.046011,neutral,0.58,2026-03-16T17:33:54.046011,0.2719679216993339,2026-03-16T17:33:54.902000,80,,,
participant_20,3,day,Town10HD_Opt,2026-03-16 17:33:55.204891,-19.96896171569824,70.10012817382812,0.0020531080663204,25.187,-1.65,0.341,0.0,0,0,1,,1.0,2026-03-16T17:33:55.204891,neutral,0.58,2026-03-16T17:33:54.046011,0.2321960370619695,2026-03-16T17:33:55.937000,78,,,
participant_20,3,day,Town10HD_Opt,2026-03-16 17:33:56.042035,-15.577058792114258,70.00431823730469,0.0020515441428869,24.95,-0.472,0.341,0.0,0,0,1,,1.0,2026-03-16T17:33:56.042035,neutral,0.58,2026-03-16T17:33:54.046011,0.235832524740254,2026-03-16T17:33:56.927000,80,,,
participant_20,3,day,Town10HD_Opt,2026-03-16 17:33:57.196696,-9.78283405303955,69.7909927368164,0.0020502470433712,24.671,0.153,0.341,0.0,0,0,1,,1.0,2026-03-16T17:33:57.196696,disgust,0.664,2026-03-16T17:33:57.196696,0.305568702516028,2026-03-16T17:33:57.916000,78,,,
participant_20,3,day,Town10HD_Opt,2026-03-16 17:33:58.089882,-5.4749755859375,69.658447265625,0.0020494079217314,24.507,0.714,0.341,0.0,0,0,1,,1.0,2026-03-16T17:33:58.089882,disgust,0.664,2026-03-16T17:33:57.196696,0.286035102833417,2026-03-16T17:33:58.906000,78,,,
participant_20,3,day,Town10HD_Opt,2026-03-16 17:33:59.142760,0.2272694706916809,69.58619689941406,0.0020485685672611,24.317,0.649,0.341,0.0,0,0,1,,1.0,2026-03-16T17:33:59.142760,disgust,0.664,2026-03-16T17:33:57.196696,0.3119831904052366,2026-03-16T17:33:59.897000,84,,,
participant_20,3,day,Town10HD_Opt,2026-03-16 17:34:00.191344,5.887117385864258,69.62307739257812,0.0020478058140724,24.142,0.649,0.341,0.0,0,0,1,,1.0,2026-03-16T17:34:00.191344,neutral,0.856,2026-03-16T17:34:00.191344,0.2794964612643453,2026-03-16T17:34:00.932000,86,,,
participant_20,3,day,Town10HD_Opt,2026-03-16 17:34:00.993497,10.10447597503662,69.71953582763672,0.0020542526617646,23.829,0.045,0.139,0.0,0,0,1,,1.0,2026-03-16T17:34:00.993497,neutral,0.856,2026-03-16T17:34:00.191344,0.2566767805043209,2026-03-16T17:34:00.932000,85,,,
participant_20,3,day,Town10HD_Opt,2026-03-16 17:34:02.060955,14.972326278686523,69.81775665283203,0.0019818113651126,17.264,-0.223,0.0,0.085,0,0,1,,0.834,2026-03-16T17:34:02.060955,neutral,0.856,2026-03-16T17:34:00.191344,0.3995554642541743,2026-03-16T17:34:02.912000,85,,,
participant_20,3,day,Town10HD_Opt,2026-03-16 17:34:03.218960,18.33135032653809,69.867919921875,0.0020519637037068,11.19,0.092,0.0,0.086,0,0,1,,1.0,2026-03-16T17:34:03.218960,neutral,0.633,2026-03-16T17:34:03.218960,0.4241906599861393,2026-03-16T17:34:03.903000,84,,,
participant_20,3,day,Town10HD_Opt,2026-03-16 17:34:04.060704,20.056047439575195,69.89649963378906,0.0020162963774055,8.316,0.07,0.0,0.0,0,0,1,,1.0,2026-03-16T17:34:04.060704,neutral,0.633,2026-03-16T17:34:03.218960,0.5414074876439847,2026-03-16T17:34:04.937000,82,,,
participant_20,3,day,Town10HD_Opt,2026-03-16 17:34:05.234882,21.697185516357425,69.92407989501953,0.0019641113467514,5.786,0.026,0.0,0.0,0,0,1,,0.8,2026-03-16T17:34:05.234882,disgust,0.707,2026-03-16T17:34:05.234882,0.5494923892986586,2026-03-16T17:34:05.927000,82,,,
participant_20,3,day,Town10HD_Opt,2026-03-16 17:34:06.107292,22.612682342529297,69.93960571289062,0.0019620894454419,4.515,0.026,0.0,0.0,0,0,1,,1.0,2026-03-16T17:34:06.107292,disgust,0.707,2026-03-16T17:34:05.234882,0.5552250197156451,2026-03-16T17:34:06.917000,84,,,
participant_20,3,day,Town10HD_Opt,2026-03-16 17:34:07.230646,23.48932838439941,69.95458984375,0.001939010573551,3.339,0.021,0.0,0.0,0,0,1,,0.835,2026-03-16T17:34:07.230646,disgust,0.707,2026-03-16T17:34:05.234882,0.7523200928020347,2026-03-16T17:34:07.907000,82,,,
participant_20,3,day,Town10HD_Opt,2026-03-16 17:34:08.062869,24.06035041809082,69.9643325805664,0.0019300079438835,3.255,-0.002,0.104,0.0,0,0,1,,1.0,2026-03-16T17:34:08.062869,neutral,0.784,2026-03-16T17:34:08.062869,0.7431534957380533,2026-03-16T17:34:07.907000,82,,,
participant_20,3,day,Town10HD_Opt,2026-03-16 17:34:09.190806,24.795312881469727,69.97679901123047,0.0019329452188685,3.023,-0.007,0.0,0.0,0,0,1,,1.0,2026-03-16T17:34:09.190806,neutral,0.784,2026-03-16T17:34:08.062869,0.7296097152758685,2026-03-16T17:34:09.932000,82,,,
participant_20,3,day,Town10HD_Opt,2026-03-16 17:34:10.063992,25.27286148071289,69.98480987548828,0.0019470977131277,2.443,-0.023,0.0,0.0,0,0,1,,1.0,2026-03-16T17:34:10.063992,disgust,0.657,2026-03-16T17:34:10.063992,0.7233238848236622,2026-03-16T17:34:10.922000,82,,,
participant_20,3,day,Town10HD_Opt,2026-03-16 17:34:11.214266,25.786989212036133,69.99333953857422,0.0019361877348273,1.838,-0.049,0.0,0.0,0,0,1,,1.0,2026-03-16T17:34:11.214266,disgust,0.657,2026-03-16T17:34:10.063992,0.6479110230241193,2026-03-16T17:34:11.913000,80,,,
participant_20,3,day,Town10HD_Opt,2026-03-16 17:34:12.001668,26.005651473999023,69.99691009521484,0.0020171354990452,0.0,-0.082,0.0,0.023,0,0,1,,1.0,2026-03-16T17:34:12.001668,disgust,0.657,2026-03-16T17:34:10.063992,0.6217439307169976,2026-03-16T17:34:12.902000,82,,,
participant_20,3,day,Town10HD_Opt,2026-03-16 17:34:13.102283,26.014583587646484,69.99700927734375,0.0018748092697933,1.984,-0.11,0.891,0.0,0,0,1,,1.0,2026-03-16T17:34:13.102283,neutral,0.803,2026-03-16T17:34:13.102283,0.7444994744338261,2026-03-16T17:34:13.941000,81,,,
participant_20,3,day,Town10HD_Opt,2026-03-16 17:34:14.234006,28.25550651550293,70.01384735107422,0.0015568542294204,18.717,-4.098,0.718,0.0,0,0,1,,0.836,2026-03-16T17:34:14.234006,neutral,0.803,2026-03-16T17:34:13.102283,0.6134994110793334,2026-03-16T17:34:14.927000,81,,,errors=Stop sign violation
participant_20,3,day,Town10HD_Opt,2026-03-16 17:34:15.119624,31.852508544921875,69.66873168945312,0.0018894576933234,23.26,-9.952,0.512,0.0,0,0,1,,0.891,2026-03-16T17:34:15.119624,neutral,0.528,2026-03-16T17:34:15.119624,0.684641202179846,2026-03-16T17:34:15.917000,83,,,
participant_20,3,day,Town10HD_Opt,2026-03-16 17:34:15.998416,35.94948196411133,68.43694305419922,0.0020547485910356,24.352,-9.586,0.0,0.0,0,0,1,,0.895,2026-03-16T17:34:15.998416,neutral,0.528,2026-03-16T17:34:15.119624,0.6295437999972396,2026-03-16T17:34:16.907000,82,,,
participant_20,3,day,Town10HD_Opt,2026-03-16 17:34:17.088626,40.13043594360352,65.98561096191406,0.0019803238101303,17.062,-10.802,0.0,0.084,0,0,1,,0.929,2026-03-16T17:34:17.088626,neutral,0.528,2026-03-16T17:34:15.119624,0.656216166037313,2026-03-16T17:34:17.942000,82,,,
participant_20,3,day,Town10HD_Opt,2026-03-16 17:34:18.213065,42.47154998779297,63.68233871459961,0.0020598983392119,11.045,-10.891,0.0,0.104,0,0,1,,0.921,2026-03-16T17:34:18.213065,neutral,0.619,2026-03-16T17:34:18.213065,0.6880427664561924,2026-03-16T17:34:18.932000,80,,,
participant_20,3,day,Town10HD_Opt,2026-03-16 17:34:19.050388,43.54558181762695,62.22348403930664,0.0017671203240752,13.166,-13.477,0.86,0.0,0,0,1,,0.935,2026-03-16T17:34:19.050388,neutral,0.619,2026-03-16T17:34:18.213065,0.7251007641876822,2026-03-16T17:34:19.922000,79,,,
participant_20,3,day,Town10HD_Opt,2026-03-16 17:34:20.177585,45.31515884399414,57.98899459838867,0.0017655562842264,26.631,-16.206,0.665,0.0,0,0,1,,0.904,2026-03-16T17:34:20.177585,neutral,0.619,2026-03-16T17:34:18.213065,0.6836561385620838,2026-03-16T17:34:20.912000,83,,,
participant_20,3,day,Town10HD_Opt,2026-03-16 17:34:21.040160,45.56425857543945,53.06208038330078,0.0021139143500477,27.518,-12.597,0.0,0.0,0,0,1,,0.833,2026-03-16T17:34:21.040160,sad,0.364,2026-03-16T17:34:21.040160,0.6655957384662603,2026-03-16T17:34:21.903000,84,,,
participant_20,3,day,Town10HD_Opt,2026-03-16 17:34:22.143678,44.514408111572266,47.69245147705078,0.0022445677313953,19.029,2.017,0.0,0.0,0,0,1,,0.952,2026-03-16T17:34:22.143678,sad,0.364,2026-03-16T17:34:21.040160,0.6114533853390596,2026-03-16T17:34:23.027000,82,,,
participant_20,3,day,Town10HD_Opt,2026-03-16 17:34:23.012169,44.109169006347656,44.78113555908203,0.0020786665845662,13.969,9.449,0.0,0.234,0,0,1,,0.881,2026-03-16T17:34:23.012169,sad,0.364,2026-03-16T17:34:21.040160,0.6631646349330149,2026-03-16T17:34:23.928000,82,,,
participant_20,3,day,Town10HD_Opt,2026-03-16 17:34:24.094689,44.06057357788086,42.22362518310547,0.0020605085883289,7.811,0.376,0.0,0.222,0,0,1,,0.937,2026-03-16T17:34:24.094689,neutral,0.494,2026-03-16T17:34:24.094689,0.6671222852080254,2026-03-16T17:34:24.965000,81,,,
participant_20,3,day,Town10HD_Opt,2026-03-16 17:34:25.214628,44.03386688232422,41.19465255737305,0.0017789077246561,5.534,3.142,0.969,0.0,0,0,1,,0.922,2026-03-16T17:34:25.214628,neutral,0.494,2026-03-16T17:34:24.094689,0.7620196720198135,2026-03-16T17:34:25.907000,79,,,
participant_20,3,day,Town10HD_Opt,2026-03-16 17:34:26.026389,44.09175109863281,39.0023193359375,0.0016792296664789,19.71,6.554,0.76,0.0,0,0,1,,0.942,2026-03-16T17:34:26.026389,neutral,0.494,2026-03-16T17:34:24.094689,0.6599759765499793,2026-03-16T17:34:26.942000,81,,,
participant_20,3,day,Town10HD_Opt,2026-03-16 17:34:27.107568,45.30293655395508,33.60765075683594,0.0019425963982939,26.958,15.946,0.426,0.0,0,0,1,,1.0,2026-03-16T17:34:27.107568,neutral,0.757,2026-03-16T17:34:27.107568,0.6335028391824767,2026-03-16T17:34:27.933000,81,,,
participant_20,3,day,Town10HD_Opt,2026-03-16 17:34:28.203467,49.425907135009766,28.928815841674805,0.0020802307408303,27.715,21.969,0.418,0.0,0,0,1,,1.0,2026-03-16T17:34:28.203467,neutral,0.757,2026-03-16T17:34:27.107568,0.6889002961845674,2026-03-16T17:34:28.922000,81,,,
participant_20,3,day,Town10HD_Opt,2026-03-16 17:34:29.064545,54.045555114746094,27.373952865600582,0.0020544815342873,28.148,6.265,0.32,0.0,0,0,1,,0.813,2026-03-16T17:34:29.064545,neutral,0.757,2026-03-16T17:34:27.107568,0.6147812452746862,2026-03-16T17:34:29.912000,80,,,
participant_20,3,day,Town10HD_Opt,2026-03-16 17:34:30.149671,60.3571891784668,26.45615005493164,0.002147254999727,25.308,1.354,0.665,0.0,0,0,1,,1.0,2026-03-16T17:34:30.149671,sad,0.354,2026-03-16T17:34:30.149671,0.6342107541395472,2026-03-16T17:34:30.904000,83,,,
participant_20,3,day,Town10HD_Opt,2026-03-16 17:34:31.217060,67.55353546142578,25.867149353027344,0.0015673064626753,40.915,1.551,0.712,0.0,0,0,1,,0.812,2026-03-16T17:34:31.217060,sad,0.354,2026-03-16T17:34:30.149671,0.6667066220868666,2026-03-16T17:34:31.937000,84,,,
participant_20,3,day,Town10HD_Opt,2026-03-16 17:34:32.024918,74.39642333984375,25.63248634338379,0.0023254775442183,34.252,1.208,0.27,0.0,0,0,1,,0.837,2026-03-16T17:34:32.024918,sad,0.354,2026-03-16T17:34:30.149671,0.7122330542114998,2026-03-16T17:34:32.927000,85,,,
participant_20,3,day,Town10HD_Opt,2026-03-16 17:34:33.114275,83.26750946044922,25.76095199584961,0.0015934753464534,47.131,0.59,0.78,0.0,0,0,1,,0.86,2026-03-16T17:34:33.114275,neutral,0.613,2026-03-16T17:34:33.114275,0.6237666039850244,2026-03-16T17:34:33.917000,87,,,
participant_20,3,day,Town10HD_Opt,2026-03-16 17:34:34.163615,93.7061004638672,25.333051681518555,0.0023770141415297,38.043,-9.047,0.024,0.0,0,0,1,,1.0,2026-03-16T17:34:34.163615,neutral,0.613,2026-03-16T17:34:33.114275,0.7336661198117314,2026-03-16T17:34:34.908000,89,,,
participant_20,3,day,Town10HD_Opt,2026-03-16 17:34:35.045202,99.4744873046875,23.057025909423828,0.0020834731403738,35.504,-15.112,0.672,0.0,0,0,1,,0.858,2026-03-16T17:34:35.045202,neutral,0.613,2026-03-16T17:34:33.114275,0.6434737437262523,2026-03-16T17:34:35.897000,85,,,
participant_20,3,day,Town10HD_Opt,2026-03-16 17:34:36.114409,105.08228302001952,16.136089324951172,0.0020579528063535,41.109,-14.805,0.0,0.0,0,0,1,,0.835,2026-03-16T17:34:36.114409,neutral,0.874,2026-03-16T17:34:36.114409,0.7163185556876323,2026-03-16T17:34:36.932000,82,,,
participant_20,3,day,Town10HD_Opt,2026-03-16 17:34:37.162157,105.69329071044922,8.024374961853027,0.0023332594428211,29.229,-3.304,0.0,0.0,0,0,1,,1.0,2026-03-16T17:34:37.162157,neutral,0.874,2026-03-16T17:34:36.114409,0.6541867009866097,2026-03-16T17:34:37.923000,83,,,
participant_20,3,day,Town10HD_Opt,2026-03-16 17:34:38.006322,105.07264709472656,3.4549598693847656,0.0021926879417151,24.016,17.941,0.275,0.0,0,0,1,,0.906,2026-03-16T17:34:38.006322,neutral,0.874,2026-03-16T17:34:36.114409,0.6837784000901221,2026-03-16T17:34:38.912000,86,Solid line crossing,Solid line crossing,
participant_20,3,day,Town10HD_Opt,2026-03-16 17:34:39.109821,106.48091888427734,-1.6110774278640747,0.0021101760212332,21.954,5.756,0.389,0.0,0,0,1,,0.876,2026-03-16T17:34:39.109821,neutral,0.344,2026-03-16T17:34:39.109821,0.6627766684607372,2026-03-16T17:34:39.902000,87,,,
participant_20,3,day,Town10HD_Opt,2026-03-16 17:34:40.116301,108.75334930419922,-6.9930267333984375,0.0016254043439403,33.399,-11.462,0.922,0.0,0,0,1,,1.0,2026-03-16T17:34:40.116301,neutral,0.344,2026-03-16T17:34:39.109821,0.5982749005799655,2026-03-16T17:34:40.938000,84,,,
participant_20,3,day,Town10HD_Opt,2026-03-16 17:34:41.165478,108.90309143066406,-16.388811111450195,0.0017547225579619,47.858,-7.209,0.699,0.0,0,0,1,,0.896,2026-03-16T17:34:41.165478,neutral,0.436,2026-03-16T17:34:41.165478,0.625363797349295,2026-03-16T17:34:41.928000,87,,,
participant_20,3,day,Town10HD_Opt,2026-03-16 17:34:42.203167,105.22664642333984,-27.272262573242188,0.0021546173375099,47.478,12.289,0.0,0.0,0,0,1,,0.836,2026-03-16T17:34:42.203167,neutral,0.436,2026-03-16T17:34:41.165478,0.6704077707301052,2026-03-16T17:34:42.918000,89,,,
participant_20,3,day,Town10HD_Opt,2026-03-16 17:34:43.002571,104.50778198242188,-34.56398010253906,0.002410392742604,36.384,10.271,0.0,0.0,0,0,1,,0.95,2026-03-16T17:34:43.002571,neutral,0.436,2026-03-16T17:34:41.165478,0.6933079001743196,2026-03-16T17:34:43.908000,86,,,
participant_20,3,day,Town10HD_Opt,2026-03-16 17:34:44.002694,106.3005142211914,-41.59922790527344,0.0022942733485251,25.621,-6.421,0.0,0.0,0,0,1,,0.829,2026-03-16T17:34:44.002694,neutral,0.695,2026-03-16T17:34:44.002694,0.6645216906892367,2026-03-16T17:34:43.908000,84,,,
participant_20,3,day,Town10HD_Opt,2026-03-16 17:34:45.022604,106.77525329589844,-46.37906646728516,0.0248505398631095,9.72,-11.441,0.0,0.0,0,0,1,,1.0,2026-03-16T17:34:45.022604,neutral,0.695,2026-03-16T17:34:44.002694,0.6847478560163848,2026-03-16T17:34:45.933000,88,,,
participant_20,3,day,Town10HD_Opt,2026-03-16 17:34:45.988885,106.73240661621094,-46.51335525512695,0.0367256551980972,0.013,-11.61,0.0,0.0,0,0,1,,1.0,2026-03-16T17:34:45.988885,neutral,0.695,2026-03-16T17:34:44.002694,0.6416129120177142,2026-03-16T17:34:45.933000,87,,,
participant_20,3,day,Town10HD_Opt,2026-03-16 17:34:47.118671,-41.66875076293945,89.74507904052734,-0.0706437975168228,0.863,-10.499,0.0,0.0,0,0,0,,1.0,2026-03-16T17:34:47.118671,neutral,0.632,2026-03-16T17:34:47.118671,0.6325434375535215,2026-03-16T17:34:47.912000,86,,,
participant_20,3,day,Town10HD_Opt,2026-03-16 17:34:48.233079,-41.66885757446289,89.74560546875,0.0016922760987654,0.002,1.363,0.746,0.0,0,0,0,,1.0,2026-03-16T17:34:48.233079,neutral,0.632,2026-03-16T17:34:47.118671,0.704993120020247,2026-03-16T17:34:48.902000,87,,,
participant_20,3,day,Town10HD_Opt,2026-03-16 17:34:49.037516,-41.668212890625,88.78458404541016,0.0014388725394383,13.657,0.367,0.726,0.0,0,0,1,,1.0,2026-03-16T17:34:49.037516,neutral,0.632,2026-03-16T17:34:47.118671,0.5961007146339737,2026-03-16T17:34:48.902000,86,Solid line crossing,Solid line crossing,
participant_20,3,day,Town10HD_Opt,2026-03-16 17:34:50.109968,-41.647499084472656,84.77090454101562,0.0018525690538808,17.165,0.36,0.0,0.0,0,0,1,,1.0,2026-03-16T17:34:50.109968,disgust,0.784,2026-03-16T17:34:50.109968,0.7153227925394149,2026-03-16T17:34:50.928000,87,,,
participant_20,3,day,Town10HD_Opt,2026-03-16 17:34:51.148065,-41.59908676147461,81.3432388305664,0.002033308148384,12.104,1.648,0.0,0.0,0,0,1,,1.0,2026-03-16T17:34:51.148065,disgust,0.784,2026-03-16T17:34:50.109968,0.7091516140215292,2026-03-16T17:34:51.918000,85,,,
participant_20,3,day,Town10HD_Opt,2026-03-16 17:34:52.235277,-41.40237045288086,78.86808776855469,0.001847039326094,11.69,10.13,0.62,0.0,0,0,1,,1.0,2026-03-16T17:34:52.235277,neutral,0.646,2026-03-16T17:34:52.235277,0.6860942102785439,2026-03-16T17:34:52.908000,82,,,
participant_20,3,day,Town10HD_Opt,2026-03-16 17:34:53.110043,-40.7593002319336,76.3138427734375,0.0018752701580524,18.649,14.268,0.495,0.0,0,0,1,,1.0,2026-03-16T17:34:53.110043,neutral,0.646,2026-03-16T17:34:52.235277,0.6632975151621512,2026-03-16T17:34:53.898000,83,,,
participant_20,3,day,Town10HD_Opt,2026-03-16 17:34:54.165304,-38.607452392578125,72.546875,0.001912840292789,17.567,22.753,0.0,0.0,0,0,1,,1.0,2026-03-16T17:34:54.165304,neutral,0.646,2026-03-16T17:34:52.235277,0.7258395727246199,2026-03-16T17:34:54.933000,81,,,
participant_20,3,day,Town10HD_Opt,2026-03-16 17:34:55.027969,-36.41231155395508,70.97358703613281,0.0020777105819433,13.46,25.674,0.0,0.0,0,0,1,,1.0,2026-03-16T17:34:55.027969,neutral,0.987,2026-03-16T17:34:55.027969,0.6027488367213042,2026-03-16T17:34:54.933000,82,,,
participant_20,3,day,Town10HD_Opt,2026-03-16 17:34:56.180632,-33.746219635009766,70.2314682006836,0.0018725210102275,12.788,22.028,0.545,0.0,0,0,1,phone_call,0.927,2026-03-16T17:34:56.180632,neutral,0.987,2026-03-16T17:34:55.027969,0.716716890229901,2026-03-16T17:34:56.913000,83,,,
participant_20,3,day,Town10HD_Opt,2026-03-16 17:34:57.022553,-31.143085479736328,70.19014739990234,0.0018917088164016,15.615,7.477,0.127,0.0,0,0,1,phone_call,0.827,2026-03-16T17:34:57.022553,neutral,0.987,2026-03-16T17:34:55.027969,0.6997400567663491,2026-03-16T17:34:57.902000,84,,,
participant_20,3,day,Town10HD_Opt,2026-03-16 17:34:58.145799,-27.72719383239746,70.13765716552734,0.0019377514254301,14.214,-2.304,0.392,0.0,0,0,1,,1.0,2026-03-16T17:34:58.145799,neutral,0.87,2026-03-16T17:34:58.145799,0.7203467533225881,2026-03-16T17:34:58.937000,82,,,
participant_20,3,day,Town10HD_Opt,2026-03-16 17:34:59.000118,-24.87954330444336,70.01594543457031,0.0020081351976841,18.547,0.522,0.527,0.0,0,0,1,,1.0,2026-03-16T17:34:59.000118,neutral,0.87,2026-03-16T17:34:58.145799,0.7142414938860119,2026-03-16T17:34:58.937000,84,,,
participant_20,4,day,Town10HD_Opt,2026-03-16 17:45:00.000000,-41.66858673095703,89.7454833984375,0.5804919004440308,7.254,-0.355,1.0,0.0,0,0,1,,1.0,2026-03-16T17:45:00,,,2026-03-16T17:45:00,0.5704748355157,2026-03-16T17:45:00,81,,,
participant_20,4,day,Town10HD_Opt,2026-03-16 17:45:04.248450,-41.67099380493164,89.321533203125,0.0015148925594985,8.128,-0.355,1.0,0.0,0,0,1,,1.0,2026-03-16T17:45:04.248450,,,2026-03-16T17:45:04.248450,0.5294911247826082,2026-03-16T17:45:04.913000,78,,,
participant_20,4,day,Town10HD_Opt,2026-03-16 17:45:05.350173,-41.6822395324707,87.75133514404297,0.0014716339064761,17.748,-0.355,0.727,0.0,0,0,1,,1.0,2026-03-16T17:45:05.350173,,,2026-03-16T17:45:04.248450,0.4308255246289145,2026-03-16T17:45:05.941000,78,,,
participant_20,4,day,Town10HD_Opt,2026-03-16 17:45:06.062979,-41.68540954589844,86.64447021484375,0.0018781280377879,19.691,1.264,0.688,0.0,0,0,1,,1.0,2026-03-16T17:45:06.062979,,,2026-03-16T17:45:04.248450,0.4478678285758494,2026-03-16T17:45:06.930000,78,,,
participant_20,4,day,Town10HD_Opt,2026-03-16 17:45:07.151208,-41.62776184082031,84.07276916503906,0.0017984389560297,24.626,2.732,0.667,0.0,0,0,1,,1.0,2026-03-16T17:45:07.151208,neutral,0.801,2026-03-16T17:45:07.151208,0.4947399860030264,2026-03-16T17:45:07.965000,81,,,
participant_20,4,day,Town10HD_Opt,2026-03-16 17:45:08.228599,-41.42586517333984,80.90869140625,0.0018012619111686,29.588,3.163,0.654,0.0,0,0,1,,1.0,2026-03-16T17:45:08.228599,neutral,0.801,2026-03-16T17:45:07.151208,0.4773432081686681,2026-03-16T17:45:08.910000,81,,,
participant_20,4,day,Town10HD_Opt,2026-03-16 17:45:09.314133,-40.84961318969727,77.2502212524414,0.0018459319835528,33.802,14.808,0.647,0.0,0,0,1,,1.0,2026-03-16T17:45:09.314133,neutral,0.979,2026-03-16T17:45:09.314133,0.4205004542881497,2026-03-16T17:45:09.946000,83,,,
participant_20,4,day,Town10HD_Opt,2026-03-16 17:45:10.399943,-39.088417053222656,73.55134582519531,0.0019352340605109,36.839,20.994,0.635,0.0,0,0,1,,1.0,2026-03-16T17:45:10.399943,neutral,0.979,2026-03-16T17:45:09.314133,0.4369312334324939,2026-03-16T17:45:10.935000,85,,,
participant_20,4,day,Town10HD_Opt,2026-03-16 17:45:11.476578,-35.82021713256836,70.56552124023438,0.0019625853747129,39.5,18.991,0.634,0.0,0,0,1,,1.0,2026-03-16T17:45:11.476578,neutral,0.99,2026-03-16T17:45:11.476578,0.390697430617908,2026-03-16T17:45:11.925000,84,,,
participant_20,4,day,Town10HD_Opt,2026-03-16 17:45:12.052479,-33.72086715698242,69.55364990234375,0.0019746017642319,40.613,19.022,0.633,0.0,0,0,1,,1.0,2026-03-16T17:45:12.052479,neutral,0.99,2026-03-16T17:45:11.476578,0.3537159014014169,2026-03-16T17:45:12.916000,81,,,
participant_20,4,day,Town10HD_Opt,2026-03-16 17:45:13.274495,-28.94917869567871,68.84298706054688,0.0019642256665974,42.891,8.315,0.61,0.0,0,0,1,,1.0,2026-03-16T17:45:13.274495,neutral,0.99,2026-03-16T17:45:11.476578,0.4173596895866389,2026-03-16T17:45:13.906000,79,,,errors=Solid line crossing
participant_20,4,day,Town10HD_Opt,2026-03-16 17:45:14.369757,-23.78750991821289,69.12405395507812,0.0019251251360401,45.509,-2.565,0.597,0.0,0,0,1,,1.0,2026-03-16T17:45:14.369757,neutral,0.995,2026-03-16T17:45:14.369757,0.3401219724480794,2026-03-16T17:45:14.940000,79,,,
participant_20,4,day,Town10HD_Opt,2026-03-16 17:45:15.398697,-18.356374740600582,69.4056396484375,0.0019378280267119,47.627,0.414,0.578,0.0,0,0,1,,1.0,2026-03-16T17:45:15.398697,neutral,0.995,2026-03-16T17:45:14.369757,0.3302973418961956,2026-03-16T17:45:15.930000,79,,,
participant_20,4,day,Town10HD_Opt,2026-03-16 17:45:16.480778,-12.73483943939209,69.69143676757812,0.0020144653972238,48.368,-1.396,0.438,0.0,0,0,1,,1.0,2026-03-16T17:45:16.480778,neutral,0.976,2026-03-16T17:45:16.480778,0.2947960230800431,2026-03-16T17:45:16.920000,78,,,
participant_20,4,day,Town10HD_Opt,2026-03-16 17:45:17.012307,-9.925484657287598,69.7778091430664,0.0020593260414898,47.981,-1.015,0.418,0.0,0,0,1,,1.0,2026-03-16T17:45:17.012307,neutral,0.976,2026-03-16T17:45:16.480778,0.2923918710817209,2026-03-16T17:45:17.910000,78,,,
participant_20,4,day,Town10HD_Opt,2026-03-16 17:45:18.110672,-4.395037651062012,69.84904479980469,0.0020958709064871,46.829,-0.496,0.392,0.0,0,0,1,,1.0,2026-03-16T17:45:18.110672,neutral,0.976,2026-03-16T17:45:16.480778,0.279410237075042,2026-03-16T17:45:18.945000,82,,,
participant_20,4,day,Town10HD_Opt,2026-03-16 17:45:19.201083,0.984169900417328,69.82888793945312,0.0021128463558852,45.362,0.007,0.086,0.0,0,0,1,,1.0,2026-03-16T17:45:19.201083,neutral,0.977,2026-03-16T17:45:19.201083,0.2733539553286401,2026-03-16T17:45:19.935000,83,,,
participant_20,4,day,Town10HD_Opt,2026-03-16 17:45:20.251855,5.968416690826416,69.77863311767578,0.0023239897564053,39.574,-0.089,0.0,0.0,0,0,1,,1.0,2026-03-16T17:45:20.251855,neutral,0.977,2026-03-16T17:45:19.201083,0.2373245992237046,2026-03-16T17:45:20.926000,82,,,
participant_20,4,day,Town10HD_Opt,2026-03-16 17:45:21.392816,10.202300071716309,69.73403930664062,0.0023394774179905,33.332,0.228,0.0,0.0,0,0,1,,1.0,2026-03-16T17:45:21.392816,neutral,0.884,2026-03-16T17:45:21.392816,0.3173112853310728,2026-03-16T17:45:21.914000,82,,,
participant_20,4,day,Town10HD_Opt,2026-03-16 17:45:22.474773,13.76714038848877,69.70986938476562,0.0023026657290756,27.592,0.214,0.0,0.0,0,0,1,,1.0,2026-03-16T17:45:22.474773,neutral,0.884,2026-03-16T17:45:21.392816,0.264951639699786,2026-03-16T17:45:22.950000,80,,,
participant_20,4,day,Town10HD_Opt,2026-03-16 17:45:23.038890,15.326683044433594,69.70360565185547,0.0022864914499223,25.591,0.012,0.0,0.0,0,0,1,,1.0,2026-03-16T17:45:23.038890,neutral,0.884,2026-03-16T17:45:21.392816,0.2500308637566241,2026-03-16T17:45:23.941000,78,,,
participant_20,4,day,Town10HD_Opt,2026-03-16 17:45:24.109049,18.04537582397461,69.69332122802734,0.0022577284835278,20.856,0.11,0.0,0.0,0,0,1,,1.0,2026-03-16T17:45:24.109049,neutral,0.999,2026-03-16T17:45:24.109049,0.2988067001817213,2026-03-16T17:45:24.930000,81,,,
participant_20,4,day,Town10HD_Opt,2026-03-16 17:45:25.224019,20.28670310974121,69.68799591064453,0.0020123289432376,17.615,0.096,0.0,0.0,0,0,1,,0.802,2026-03-16T17:45:25.224019,neutral,0.999,2026-03-16T17:45:24.109049,0.3259961654842386,2026-03-16T17:45:25.920000,80,,,
participant_20,4,day,Town10HD_Opt,2026-03-16 17:45:26.281992,22.178861618041992,69.68561553955078,0.002037315396592,14.873,0.219,0.0,0.0,0,0,1,,1.0,2026-03-16T17:45:26.281992,neutral,0.999,2026-03-16T17:45:26.281992,0.3065527482267952,2026-03-16T17:45:26.910000,84,,,
participant_20,4,day,Town10HD_Opt,2026-03-16 17:45:27.355742,23.76622200012207,69.68189239501953,0.0020359039772301,12.465,-0.296,0.112,0.0,0,0,1,,1.0,2026-03-16T17:45:27.355742,neutral,0.999,2026-03-16T17:45:26.281992,0.2625495887588486,2026-03-16T17:45:27.946000,83,,,
participant_20,4,day,Town10HD_Opt,2026-03-16 17:45:28.443433,25.26616096496582,69.65888214111328,0.0017651367234066,15.041,-3.598,0.923,0.0,0,0,1,,1.0,2026-03-16T17:45:28.443433,neutral,0.999,2026-03-16T17:45:28.443433,0.2675794882127856,2026-03-16T17:45:28.935000,83,,,
participant_20,4,day,Town10HD_Opt,2026-03-16 17:45:28.995140,26.267257690429688,69.60503387451172,0.0017791747814044,19.123,-5.742,0.759,0.0,0,0,1,,1.0,2026-03-16T17:45:28.995140,neutral,0.999,2026-03-16T17:45:28.443433,0.2983538692685291,2026-03-16T17:45:28.935000,80,,,errors=Stop sign violation
participant_20,4,day,Town10HD_Opt,2026-03-16 17:45:30.013893,28.71495819091797,69.33796691894531,0.0018368148012086,23.27,-6.196,0.418,0.0,0,0,1,,1.0,2026-03-16T17:45:30.013893,neutral,0.999,2026-03-16T17:45:28.443433,0.3453623347778958,2026-03-16T17:45:30.915000,84,,,
participant_20,4,day,Town10HD_Opt,2026-03-16 17:45:31.087283,31.397464752197266,68.73751068115234,0.0021116638090461,22.718,-21.93,0.077,0.0,0,0,1,,1.0,2026-03-16T17:45:31.087283,neutral,0.992,2026-03-16T17:45:31.087283,0.2913709661490478,2026-03-16T17:45:31.905000,83,Solid line crossing,Solid line crossing,
participant_20,4,day,Town10HD_Opt,2026-03-16 17:45:32.131974,33.59257888793945,67.65635681152344,0.0022263717837631,19.345,-15.376,0.0,0.0,0,0,1,,1.0,2026-03-16T17:45:32.131974,neutral,0.992,2026-03-16T17:45:31.087283,0.2897002950618981,2026-03-16T17:45:32.940000,85,,,
participant_20,4,day,Town10HD_Opt,2026-03-16 17:45:33.169341,35.297786712646484,66.3777847290039,0.0021192932035773,18.464,-18.513,0.897,0.0,0,0,1,,1.0,2026-03-16T17:45:33.169341,neutral,1.0,2026-03-16T17:45:33.169341,0.2673577909240533,2026-03-16T17:45:33.931000,86,,,
participant_20,4,day,Town10HD_Opt,2026-03-16 17:45:34.208622,36.98344802856445,64.43492126464844,0.0016768263885751,26.687,-15.642,0.907,0.0,0,0,1,,1.0,2026-03-16T17:45:34.208622,neutral,1.0,2026-03-16T17:45:33.169341,0.2336005845093618,2026-03-16T17:45:34.920000,83,,,
participant_20,4,day,Town10HD_Opt,2026-03-16 17:45:35.280270,38.81570053100586,61.26066589355469,0.0016406249487772,36.202,-12.777,0.807,0.0,0,0,1,,1.0,2026-03-16T17:45:35.280270,neutral,0.995,2026-03-16T17:45:35.280270,0.2337095025407062,2026-03-16T17:45:35.910000,83,,,
participant_20,4,day,Town10HD_Opt,2026-03-16 17:45:36.400972,40.20001983642578,56.9514045715332,0.0017476653447374,41.779,-2.447,0.711,0.0,0,0,1,,1.0,2026-03-16T17:45:36.400972,neutral,0.995,2026-03-16T17:45:35.280270,0.1785922028717006,2026-03-16T17:45:36.945000,80,,,
participant_20,4,day,Town10HD_Opt,2026-03-16 17:45:37.001872,40.80107498168945,54.52080535888672,0.0018211364513263,43.549,3.926,0.144,0.0,0,0,1,,0.854,2026-03-16T17:45:37.001872,neutral,0.995,2026-03-16T17:45:35.280270,0.2494821729537248,2026-03-16T17:45:36.945000,82,,,
participant_20,4,day,Town10HD_Opt,2026-03-16 17:45:38.059554,42.16289520263672,49.82212829589844,0.0022169875446707,39.659,-2.574,0.113,0.0,0,0,1,,0.873,2026-03-16T17:45:38.059554,neutral,0.995,2026-03-16T17:45:38.059554,0.1612862678638957,2026-03-16T17:45:38.925000,81,,,errors=Solid line crossing
participant_20,4,day,Town10HD_Opt,2026-03-16 17:45:39.163323,43.1912841796875,45.627197265625,0.0022992705926299,34.387,-2.956,0.237,0.0,0,0,1,,0.815,2026-03-16T17:45:39.163323,neutral,0.995,2026-03-16T17:45:38.059554,0.2257741982017418,2026-03-16T17:45:39.961000,82,,,
participant_20,4,day,Town10HD_Opt,2026-03-16 17:45:40.232824,43.88813018798828,41.82843780517578,0.0021229172125458,32.605,0.921,0.394,0.0,0,0,1,,1.0,2026-03-16T17:45:40.232824,neutral,0.985,2026-03-16T17:45:40.232824,0.2374586817955653,2026-03-16T17:45:40.905000,82,,,
participant_20,4,day,Town10HD_Opt,2026-03-16 17:45:41.293350,44.67282485961914,38.10722732543945,0.0020453261677175,32.67,6.26,0.401,0.0,0,0,1,,1.0,2026-03-16T17:45:41.293350,neutral,0.985,2026-03-16T17:45:40.232824,0.1603011707193475,2026-03-16T17:45:41.985000,81,,,
participant_20,4,day,Town10HD_Opt,2026-03-16 17:45:42.371897,45.90821075439453,34.50998306274414,0.0020588682964444,32.524,9.401,0.381,0.0,0,0,1,,1.0,2026-03-16T17:45:42.371897,neutral,0.977,2026-03-16T17:45:42.371897,0.3289230091877839,2026-03-16T17:45:42.930000,82,,,
participant_20,4,day,Town10HD_Opt,2026-03-16 17:45:43.495428,47.82228469848633,31.31838607788086,0.0021425627637654,31.032,17.491,0.244,0.0,0,0,1,,0.861,2026-03-16T17:45:43.495428,neutral,0.977,2026-03-16T17:45:42.371897,0.2217353797283898,2026-03-16T17:45:43.921000,84,,,
participant_20,4,day,Town10HD_Opt,2026-03-16 17:45:44.061555,49.05685806274414,30.03205680847168,0.0021749115549027,30.109,15.664,0.238,0.0,0,0,1,,1.0,2026-03-16T17:45:44.061555,neutral,0.977,2026-03-16T17:45:42.371897,0.2363607723314232,2026-03-16T17:45:44.910000,81,,,
participant_20,4,day,Town10HD_Opt,2026-03-16 17:45:45.087519,51.783573150634766,28.03029060363769,0.0021671294234693,28.051,11.385,0.238,0.0,0,0,1,,0.843,2026-03-16T17:45:45.087519,neutral,0.999,2026-03-16T17:45:45.087519,0.2320727193010441,2026-03-16T17:45:45.947000,81,,,
participant_20,4,day,Town10HD_Opt,2026-03-16 17:45:46.157979,54.63161087036133,26.6950912475586,0.0021638870239257,26.012,13.102,0.209,0.0,0,0,1,,1.0,2026-03-16T17:45:46.157979,neutral,0.999,2026-03-16T17:45:45.087519,0.1576460254658803,2026-03-16T17:45:46.936000,80,,,
participant_20,4,day,Town10HD_Opt,2026-03-16 17:45:47.230374,57.44674682617188,25.942630767822266,0.0021492766682058,24.051,5.151,0.207,0.0,0,0,1,,1.0,2026-03-16T17:45:47.230374,neutral,0.983,2026-03-16T17:45:47.230374,0.2084510296213878,2026-03-16T17:45:47.926000,80,,,
participant_20,4,day,Town10HD_Opt,2026-03-16 17:45:48.277144,60.079856872558594,25.42281723022461,0.0021742628887295,21.598,2.861,0.0,0.0,0,0,1,,0.869,2026-03-16T17:45:48.277144,neutral,0.983,2026-03-16T17:45:47.230374,0.2532065066807159,2026-03-16T17:45:48.915000,79,,,
participant_20,4,day,Town10HD_Opt,2026-03-16 17:45:49.343423,62.352664947509766,25.09833526611328,0.0021482086740434,17.74,8.611,0.0,0.0,0,0,1,,0.936,2026-03-16T17:45:49.343423,neutral,0.997,2026-03-16T17:45:49.343423,0.2505283934758148,2026-03-16T17:45:49.995000,78,,,
participant_20,4,day,Town10HD_Opt,2026-03-16 17:45:50.450712,64.28548431396484,25.00559425354004,0.0020312117412686,15.261,3.382,0.0,0.0,0,0,1,,0.803,2026-03-16T17:45:50.450712,neutral,0.997,2026-03-16T17:45:49.343423,0.2407887367173485,2026-03-16T17:45:50.940000,79,,,
participant_20,4,day,Town10HD_Opt,2026-03-16 17:45:51.011000,65.13453674316406,24.960657119750977,0.0020439147483557,13.963,-0.085,0.0,0.03,0,0,1,,1.0,2026-03-16T17:45:51.011000,neutral,0.997,2026-03-16T17:45:49.343423,0.1137991190457521,2026-03-16T17:45:50.940000,82,,,
participant_20,4,day,Town10HD_Opt,2026-03-16 17:45:52.061756,66.60345458984375,24.889169692993164,0.0020507050212472,11.056,1.92,0.0,0.127,0,0,1,,0.814,2026-03-16T17:45:52.061756,neutral,0.998,2026-03-16T17:45:52.061756,0.1731587687051007,2026-03-16T17:45:52.920000,83,,,
participant_20,4,day,Town10HD_Opt,2026-03-16 17:45:53.141623,67.76226806640625,24.854108810424805,0.002046852139756,8.669,1.92,0.0,0.169,0,0,1,,1.0,2026-03-16T17:45:53.141623,neutral,0.998,2026-03-16T17:45:52.061756,0.181992211537807,2026-03-16T17:45:53.910000,80,,,
participant_20,4,day,Town10HD_Opt,2026-03-16 17:45:54.158621,68.6113510131836,24.837759017944336,0.0020560836419463,5.885,1.897,0.0,0.315,0,0,1,,1.0,2026-03-16T17:45:54.158621,neutral,0.997,2026-03-16T17:45:54.158621,0.1981260538459793,2026-03-16T17:45:54.945000,78,,,
participant_20,4,day,Town10HD_Opt,2026-03-16 17:45:55.182696,68.72112274169922,24.83580207824707,0.0020572280045598,0.0,1.897,0.0,0.354,0,0,1,,0.873,2026-03-16T17:45:55.182696,neutral,0.997,2026-03-16T17:45:54.158621,0.1248730405763206,2026-03-16T17:45:55.936000,78,,,
participant_20,4,day,Town10HD_Opt,2026-03-16 17:45:56.184782,68.72127532958984,24.835805892944336,0.0019341277657076,0.0,1.819,0.0,0.063,0,0,1,,1.0,2026-03-16T17:45:56.184782,neutral,0.991,2026-03-16T17:45:56.184782,0.2278167518401698,2026-03-16T17:45:56.926000,78,,,
participant_20,4,day,Town10HD_Opt,2026-03-16 17:45:57.278170,68.7212905883789,24.835805892944336,0.001920623704791,0.0,1.617,0.0,0.0,0,0,1,,1.0,2026-03-16T17:45:57.278170,neutral,0.991,2026-03-16T17:45:56.184782,0.1525892097346233,2026-03-16T17:45:57.916000,81,,,
participant_20,4,day,Town10HD_Opt,2026-03-16 17:45:58.287759,68.7212905883789,24.835805892944336,0.0019195937784388,0.0,1.636,0.0,0.0,0,0,1,,1.0,2026-03-16T17:45:58.287759,neutral,1.0,2026-03-16T17:45:58.287759,0.1109616469346908,2026-03-16T17:45:58.905000,80,,,
participant_20,4,day,Town10HD_Opt,2026-03-16 17:45:59.304274,68.7212905883789,24.835805892944336,0.0019195937784388,0.0,1.636,0.0,0.0,0,0,1,,1.0,2026-03-16T17:45:59.304274,neutral,1.0,2026-03-16T17:45:58.287759,0.1312926149603374,2026-03-16T17:45:59.941000,79,Vehicle collision,Vehicle collision,
participant_20,4,day,Town10HD_Opt,2026-03-16 17:46:00.322699,68.7212905883789,24.835805892944336,0.0019195937784388,0.0,1.636,0.0,0.0,0,0,1,,1.0,2026-03-16T17:46:00.322699,neutral,0.999,2026-03-16T17:46:00.322699,0.1904733095527497,2026-03-16T17:46:00.930000,79,,,
participant_20,4,day,Town10HD_Opt,2026-03-16 17:46:01.351648,68.7212905883789,24.835805892944336,0.0019195937784388,0.0,1.636,0.0,0.0,0,0,1,,1.0,2026-03-16T17:46:01.351648,neutral,0.999,2026-03-16T17:46:00.322699,0.1939751770258906,2026-03-16T17:46:01.966000,78,,,
participant_20,4,day,Town10HD_Opt,2026-03-16 17:46:02.340808,68.7212905883789,24.835805892944336,0.0019195937784388,0.0,1.633,0.0,0.0,0,0,1,,0.867,2026-03-16T17:46:02.340808,angry,0.515,2026-03-16T17:46:02.340808,0.1765996204485409,2026-03-16T17:46:02.910000,77,,,
participant_20,4,day,Town10HD_Opt,2026-03-16 17:46:03.378185,68.7212905883789,24.835805892944336,0.0019195937784388,0.0,1.631,0.0,0.0,0,0,1,,0.874,2026-03-16T17:46:03.378185,angry,0.515,2026-03-16T17:46:02.340808,0.151230366402283,2026-03-16T17:46:04.036000,76,,,
participant_20,4,day,Town10HD_Opt,2026-03-16 17:46:04.343798,68.7212905883789,24.835805892944336,0.0019195937784388,0.0,1.631,0.0,0.0,0,0,1,,0.854,2026-03-16T17:46:04.343798,neutral,1.0,2026-03-16T17:46:04.343798,0.1281273278618636,2026-03-16T17:46:04.936000,76,,,
participant_20,4,day,Town10HD_Opt,2026-03-16 17:46:05.324658,68.7212905883789,24.835805892944336,0.0019195937784388,0.0,1.64,0.0,0.0,0,0,1,,0.806,2026-03-16T17:46:05.324658,neutral,1.0,2026-03-16T17:46:04.343798,0.1808433973522584,2026-03-16T17:46:05.925000,75,,,
participant_20,4,day,Town10HD_Opt,2026-03-16 17:46:06.344003,68.7212905883789,24.835805892944336,0.0019195937784388,0.0,0.414,0.0,0.0,0,0,1,,1.0,2026-03-16T17:46:06.344003,neutral,0.996,2026-03-16T17:46:06.344003,0.2027351551013324,2026-03-16T17:46:06.916000,78,,,
participant_20,4,day,Town10HD_Opt,2026-03-16 17:46:07.365834,68.72075653076172,24.83563232421875,0.00192012777552,0.005,0.164,0.669,0.0,0,1,-1,,1.0,2026-03-16T17:46:07.365834,neutral,0.996,2026-03-16T17:46:06.344003,0.1995829682769654,2026-03-16T17:46:07.906000,75,,,
participant_20,4,day,Town10HD_Opt,2026-03-16 17:46:08.414848,68.47927856445312,24.84233665466309,0.0022307203616946,6.646,0.101,0.861,0.0,0,1,-1,,0.802,2026-03-16T17:46:08.414848,neutral,0.998,2026-03-16T17:46:08.414848,0.2614348748573554,2026-03-16T17:46:08.941000,77,,,
participant_20,4,day,Town10HD_Opt,2026-03-16 17:46:09.482354,67.48222351074219,24.868995666503903,0.0020513152703642,9.267,-0.016,0.0,0.0,0,1,-1,,1.0,2026-03-16T17:46:09.482354,neutral,0.998,2026-03-16T17:46:08.414848,0.18874035763627,2026-03-16T17:46:09.931000,78,,,
participant_20,4,day,Town10HD_Opt,2026-03-16 17:46:10.018379,67.04710388183594,24.881139755249023,0.001626129145734,3.843,-0.167,0.0,0.0,0,0,1,,1.0,2026-03-16T17:46:10.018379,neutral,0.998,2026-03-16T17:46:08.414848,0.2076054566047823,2026-03-16T17:46:10.921000,77,,,
participant_20,4,day,Town10HD_Opt,2026-03-16 17:46:11.067759,66.9194564819336,24.87835693359375,0.0017766952514648,0.193,22.696,0.312,0.0,0,0,1,,1.0,2026-03-16T17:46:11.067759,neutral,0.875,2026-03-16T17:46:11.067759,0.2204282660584962,2026-03-16T17:46:11.911000,78,,,
participant_20,4,day,Town10HD_Opt,2026-03-16 17:46:12.098136,67.0040054321289,24.89682579040528,0.0017827986739575,2.241,32.313,0.42,0.0,0,0,1,,0.901,2026-03-16T17:46:12.098136,neutral,0.875,2026-03-16T17:46:11.067759,0.2232789643920975,2026-03-16T17:46:12.991000,77,,,
participant_20,4,day,Town10HD_Opt,2026-03-16 17:46:13.194956,67.47171020507812,25.00052261352539,0.0017475509084761,6.288,25.834,0.398,0.0,0,0,1,,1.0,2026-03-16T17:46:13.194956,neutral,0.904,2026-03-16T17:46:13.194956,0.2718413973671227,2026-03-16T17:46:13.936000,76,,,
participant_20,4,day,Town10HD_Opt,2026-03-16 17:46:14.220550,68.28400421142578,25.281763076782227,0.0017965316073969,8.872,32.607,0.387,0.0,0,0,1,,1.0,2026-03-16T17:46:14.220550,neutral,0.904,2026-03-16T17:46:13.194956,0.3188633461162494,2026-03-16T17:46:14.926000,77,,,
participant_20,4,day,Town10HD_Opt,2026-03-16 17:46:15.215383,69.31509399414062,25.83266830444336,0.001815948402509,11.267,22.32,0.291,0.0,0,0,1,,1.0,2026-03-16T17:46:15.215383,neutral,0.514,2026-03-16T17:46:15.215383,0.3826770207595567,2026-03-16T17:46:15.916000,78,,,
participant_20,4,day,Town10HD_Opt,2026-03-16 17:46:16.267569,70.53335571289062,26.508230209350582,0.0018633651779964,12.498,9.633,0.243,0.0,0,0,1,,1.0,2026-03-16T17:46:16.267569,neutral,0.514,2026-03-16T17:46:15.215383,0.2813206681517808,2026-03-16T17:46:17.041000,77,,,
participant_20,4,day,Town10HD_Opt,2026-03-16 17:46:17.315340,71.82527923583984,27.24282455444336,0.0018929671496152,13.0,-12.876,0.241,0.0,0,0,1,,1.0,2026-03-16T17:46:17.315340,neutral,0.976,2026-03-16T17:46:17.315340,0.3127548234594562,2026-03-16T17:46:17.941000,78,,,
participant_20,4,day,Town10HD_Opt,2026-03-16 17:46:18.414371,73.2822494506836,27.69487762451172,0.0018983840709552,13.573,-16.607,0.31,0.0,0,0,1,,1.0,2026-03-16T17:46:18.414371,neutral,0.976,2026-03-16T17:46:17.315340,0.3492032999912216,2026-03-16T17:46:18.931000,78,,,
participant_20,4,day,Town10HD_Opt,2026-03-16 17:46:19.471223,74.8793716430664,28.06855583190918,0.001910591032356,13.891,-9.004,0.0,0.0,0,0,1,,0.802,2026-03-16T17:46:19.471223,neutral,0.929,2026-03-16T17:46:19.471223,0.4150257111303856,2026-03-16T17:46:19.920000,80,,,
participant_20,4,day,Town10HD_Opt,2026-03-16 17:46:20.100740,75.65402221679688,28.20743179321289,0.0019911956042051,12.971,-12.279,0.0,0.0,0,0,1,,1.0,2026-03-16T17:46:20.100740,neutral,0.929,2026-03-16T17:46:19.471223,0.4193315157508316,2026-03-16T17:46:20.911000,80,,,
participant_20,4,day,Town10HD_Opt,2026-03-16 17:46:21.281477,77.0289077758789,28.322895050048828,0.0020266340579837,10.59,-10.086,0.0,0.08,0,0,1,,1.0,2026-03-16T17:46:21.281477,neutral,0.929,2026-03-16T17:46:19.471223,0.3532442045516872,2026-03-16T17:46:21.947000,79,,,
participant_20,4,day,Town10HD_Opt,2026-03-16 17:46:22.396138,78.141845703125,28.358720779418945,0.0020389556884765,8.131,-6.865,0.0,0.183,0,0,1,,1.0,2026-03-16T17:46:22.396138,neutral,0.989,2026-03-16T17:46:22.396138,0.3722831305804711,2026-03-16T17:46:22.935000,79,,,
participant_20,4,day,Town10HD_Opt,2026-03-16 17:46:23.453265,78.96074676513672,28.36716651916504,0.002043189946562,5.592,-5.87,0.0,0.149,0,0,1,,1.0,2026-03-16T17:46:23.453265,neutral,0.989,2026-03-16T17:46:22.396138,0.4197143202172075,2026-03-16T17:46:23.926000,80,,,
participant_20,4,day,Town10HD_Opt,2026-03-16 17:46:24.030555,79.09420013427734,28.367143630981445,0.0023611448705196,0.001,-5.87,0.0,0.144,0,0,1,,0.801,2026-03-16T17:46:24.030555,neutral,0.989,2026-03-16T17:46:22.396138,0.3318271207229438,2026-03-16T17:46:24.916000,77,,,
participant_20,4,day,Town10HD_Opt,2026-03-16 17:46:25.052565,79.09468078613281,28.367094039916992,0.0019733810331672,0.0,-2.697,0.0,0.104,0,0,1,,1.0,2026-03-16T17:46:25.052565,neutral,0.993,2026-03-16T17:46:25.052565,0.4671665434462131,2026-03-16T17:46:25.950000,80,,,
participant_20,4,day,Town10HD_Opt,2026-03-16 17:46:26.042751,79.09474182128906,28.36708641052246,0.0019249343313276,0.0,0.068,0.0,0.04,0,0,1,,1.0,2026-03-16T17:46:26.042751,neutral,0.993,2026-03-16T17:46:25.052565,0.3069942513145468,2026-03-16T17:46:26.941000,78,,,
participant_20,4,day,Town10HD_Opt,2026-03-16 17:46:27.102292,79.0947494506836,28.36708641052246,0.0019195937784388,0.0,-0.841,0.0,0.03,0,0,1,,1.0,2026-03-16T17:46:27.102292,neutral,0.963,2026-03-16T17:46:27.102292,0.2787097966471227,2026-03-16T17:46:27.930000,78,,,
participant_20,4,day,Town10HD_Opt,2026-03-16 17:46:28.122999,79.0947494506836,28.36708641052246,0.0019195937784388,0.0,-0.862,0.0,0.026,0,0,1,,0.813,2026-03-16T17:46:28.122999,neutral,0.963,2026-03-16T17:46:27.102292,0.3916467466438735,2026-03-16T17:46:28.921000,81,,,
participant_20,4,day,Town10HD_Opt,2026-03-16 17:46:29.121853,79.0947494506836,28.36708641052246,0.0019195937784388,0.0,-0.881,0.0,0.0,0,0,1,,0.854,2026-03-16T17:46:29.121853,neutral,0.946,2026-03-16T17:46:29.121853,0.3597053413021131,2026-03-16T17:46:29.911000,79,Solid line crossing,Solid line crossing,
participant_20,4,day,Town10HD_Opt,2026-03-16 17:46:30.076220,79.0947494506836,28.36708641052246,0.0019195937784388,0.0,-0.914,0.0,0.0,0,0,1,,0.804,2026-03-16T17:46:30.076220,neutral,0.946,2026-03-16T17:46:29.121853,0.3770384147080147,2026-03-16T17:46:29.911000,78,,,
participant_20,4,day,Town10HD_Opt,2026-03-16 17:46:31.088778,79.0947494506836,28.36708641052246,0.0019195937784388,0.0,-0.914,0.0,0.0,0,0,1,,1.0,2026-03-16T17:46:31.088778,neutral,0.946,2026-03-16T17:46:29.121853,0.3705826841703071,2026-03-16T17:46:31.936000,82,,,
participant_20,4,day,Town10HD_Opt,2026-03-16 17:46:32.071721,79.0947494506836,28.36708641052246,0.0019195937784388,0.0,-0.942,0.0,0.0,0,0,1,,0.806,2026-03-16T17:46:32.071721,neutral,0.998,2026-03-16T17:46:32.071721,0.365928426123683,2026-03-16T17:46:32.926000,78,,,
participant_20,4,day,Town10HD_Opt,2026-03-16 17:46:33.123298,79.0947494506836,28.36708641052246,0.0019195937784388,0.0,-0.954,0.0,0.0,0,0,1,,1.0,2026-03-16T17:46:33.123298,neutral,0.998,2026-03-16T17:46:32.071721,0.4277798718798255,2026-03-16T17:46:33.916000,77,,,
participant_20,4,day,Town10HD_Opt,2026-03-16 17:46:34.121774,79.0947494506836,28.36708641052246,0.0019195937784388,0.0,-0.954,0.0,0.0,0,0,1,,1.0,2026-03-16T17:46:34.121774,neutral,0.985,2026-03-16T17:46:34.121774,0.3543698658974535,2026-03-16T17:46:34.951000,81,,,
participant_20,4,day,Town10HD_Opt,2026-03-16 17:46:35.147410,79.0947494506836,28.36708641052246,0.0019195937784388,0.0,-0.978,0.0,0.0,0,0,1,,1.0,2026-03-16T17:46:35.147410,neutral,0.985,2026-03-16T17:46:34.121774,0.4736823970297664,2026-03-16T17:46:35.940000,81,,,
participant_20,4,day,Town10HD_Opt,2026-03-16 17:46:36.156890,79.0947494506836,28.36708641052246,0.0019195937784388,0.0,-0.971,0.0,0.0,0,0,1,,1.0,2026-03-16T17:46:36.156890,neutral,0.981,2026-03-16T17:46:36.156890,0.3948276511308877,2026-03-16T17:46:36.931000,78,,,
participant_20,4,day,Town10HD_Opt,2026-03-16 17:46:37.230350,79.0947494506836,28.36708641052246,0.0019195937784388,0.0,-1.283,0.0,0.0,0,0,1,,1.0,2026-03-16T17:46:37.230350,neutral,0.981,2026-03-16T17:46:36.156890,0.3896157857792626,2026-03-16T17:46:37.921000,78,,,
participant_20,4,day,Town10HD_Opt,2026-03-16 17:46:38.333998,79.0947494506836,28.36708641052246,0.0019195937784388,0.0,-3.026,0.0,0.0,0,0,1,,1.0,2026-03-16T17:46:38.333998,neutral,0.995,2026-03-16T17:46:38.333998,0.4386693998436051,2026-03-16T17:46:38.956000,78,,,
participant_20,4,day,Town10HD_Opt,2026-03-16 17:46:39.368331,79.0947494506836,28.36708641052246,0.0019195937784388,0.0,-3.222,0.0,0.0,0,0,1,,0.83,2026-03-16T17:46:39.368331,neutral,0.995,2026-03-16T17:46:38.333998,0.4800722854524689,2026-03-16T17:46:39.946000,79,,,
participant_20,4,day,Town10HD_Opt,2026-03-16 17:46:40.383812,79.0947494506836,28.36708641052246,0.0019195937784388,0.0,-3.523,0.0,0.0,0,0,1,,1.0,2026-03-16T17:46:40.383812,neutral,0.993,2026-03-16T17:46:40.383812,0.434564337169824,2026-03-16T17:46:40.936000,78,Solid line crossing,Solid line crossing,
participant_20,4,day,Town10HD_Opt,2026-03-16 17:46:41.424884,79.0947494506836,28.36708641052246,0.0019195937784388,0.0,-3.523,0.0,0.0,0,0,1,,1.0,2026-03-16T17:46:41.424884,neutral,0.993,2026-03-16T17:46:40.383812,0.4740888354937941,,78,,,
participant_20,4,day,Town10HD_Opt,2026-03-16 17:46:42.441707,79.0947494506836,28.36708641052246,0.0019195937784388,0.0,-3.523,0.0,0.0,0,0,1,,1.0,2026-03-16T17:46:42.441707,neutral,0.997,2026-03-16T17:46:42.441707,0.4525473935349302,2026-03-16T17:46:42.961000,78,,,
participant_20,4,day,Town10HD_Opt,2026-03-16 17:46:43.473631,79.0947494506836,28.36708641052246,0.0019195937784388,0.0,-3.674,0.0,0.0,0,0,1,,0.868,2026-03-16T17:46:43.473631,neutral,0.997,2026-03-16T17:46:42.441707,0.382967114952604,2026-03-16T17:46:43.951000,78,,,
participant_20,4,day,Town10HD_Opt,2026-03-16 17:46:43.991796,79.0947494506836,28.36708641052246,0.0019195937784388,0.0,-4.325,0.0,0.0,0,0,1,,1.0,2026-03-16T17:46:43.991796,neutral,0.997,2026-03-16T17:46:42.441707,0.4702351732164468,2026-03-16T17:46:43.951000,78,,,
participant_20,4,day,Town10HD_Opt,2026-03-16 17:46:45.467830,79.0947494506836,28.36708641052246,0.0019195937784388,0.0,-4.383,0.0,0.0,0,0,1,,0.811,2026-03-16T17:46:45.467830,neutral,0.999,2026-03-16T17:46:45.467830,0.3860781142037726,2026-03-16T17:46:45.932000,75,,,
participant_20,4,day,Town10HD_Opt,2026-03-16 17:46:46.448236,79.0947494506836,28.36708641052246,0.0019195937784388,0.0,-4.383,0.0,0.0,0,0,1,,1.0,2026-03-16T17:46:46.448236,neutral,0.999,2026-03-16T17:46:45.467830,0.4592918455341138,2026-03-16T17:46:46.921000,74,,,
participant_20,4,day,Town10HD_Opt,2026-03-16 17:46:47.467632,79.0947494506836,28.36708641052246,0.0019195937784388,0.0,-4.383,0.0,0.0,0,0,1,,0.853,2026-03-16T17:46:47.467632,neutral,0.999,2026-03-16T17:46:45.467830,0.4433029030020251,2026-03-16T17:46:47.956000,76,,,
participant_20,4,day,Town10HD_Opt,2026-03-16 17:46:48.015823,79.0947494506836,28.36708641052246,0.0019195937784388,0.0,-4.383,0.0,0.0,0,0,1,,0.802,2026-03-16T17:46:48.015823,neutral,0.995,2026-03-16T17:46:48.015823,0.4137289153415849,2026-03-16T17:46:47.956000,76,,,
participant_20,4,day,Town10HD_Opt,2026-03-16 17:46:49.008112,79.0947494506836,28.36708641052246,0.0019195937784388,0.0,-4.407,0.0,0.0,0,0,1,,1.0,2026-03-16T17:46:49.008112,neutral,0.995,2026-03-16T17:46:48.015823,0.3734456776654655,2026-03-16T17:46:48.948000,74,,,
participant_20,4,day,Town10HD_Opt,2026-03-16 17:46:50.035781,79.0947494506836,28.36708641052246,0.0019195937784388,0.0,-4.419,0.0,0.0,0,0,1,,1.0,2026-03-16T17:46:50.035781,neutral,0.997,2026-03-16T17:46:50.035781,0.5392241590399893,2026-03-16T17:46:50.927000,78,,,
participant_20,4,day,Town10HD_Opt,2026-03-16 17:46:51.010180,79.0947494506836,28.36708641052246,0.0019195937784388,0.0,-4.419,0.0,0.0,0,0,1,,1.0,2026-03-16T17:46:51.010180,neutral,0.997,2026-03-16T17:46:50.035781,0.4451859447147185,2026-03-16T17:46:51.916000,78,,,
participant_20,4,day,Town10HD_Opt,2026-03-16 17:46:52.047388,79.0947494506836,28.36708641052246,0.0019195937784388,0.0,-5.744,0.0,0.0,0,0,1,,1.0,2026-03-16T17:46:52.047388,neutral,0.998,2026-03-16T17:46:52.047388,0.4865633939843493,2026-03-16T17:46:51.916000,74,,,
participant_20,4,day,Town10HD_Opt,2026-03-16 17:46:53.064558,79.0947494506836,28.36708641052246,0.0019195937784388,0.0,-6.348,0.0,0.0,0,0,1,,0.867,2026-03-16T17:46:53.064558,neutral,0.998,2026-03-16T17:46:52.047388,0.4516365967539828,2026-03-16T17:46:53.045000,78,,,
participant_20,4,day,Town10HD_Opt,2026-03-16 17:46:54.066612,79.0947494506836,28.36708641052246,0.0019195937784388,0.0,-6.35,0.0,0.0,0,0,1,,0.938,2026-03-16T17:46:54.066612,neutral,0.996,2026-03-16T17:46:54.066612,0.4900751404881746,2026-03-16T17:46:54.977000,76,,,
participant_20,4,day,Town10HD_Opt,2026-03-16 17:46:55.054488,79.0947494506836,28.36708641052246,0.0019195937784388,0.0,-6.469,0.0,0.0,0,0,1,,0.825,2026-03-16T17:46:55.054488,neutral,0.996,2026-03-16T17:46:54.066612,0.4727845666941963,2026-03-16T17:46:55.922000,77,,,
participant_20,4,day,Town10HD_Opt,2026-03-16 17:46:56.061963,79.0947494506836,28.36708641052246,0.0019195937784388,0.0,-6.488,0.0,0.0,0,0,1,,1.0,2026-03-16T17:46:56.061963,neutral,0.996,2026-03-16T17:46:54.066612,0.4702868670758577,2026-03-16T17:46:56.912000,77,,,
participant_20,4,day,Town10HD_Opt,2026-03-16 17:46:57.095640,79.0947494506836,28.36708641052246,0.0019195937784388,0.0,-6.49,0.0,0.0,0,0,1,,1.0,2026-03-16T17:46:57.095640,neutral,0.993,2026-03-16T17:46:57.095640,0.3843510110083391,2026-03-16T17:46:57.949000,76,,,
participant_20,4,day,Town10HD_Opt,2026-03-16 17:46:58.082581,79.0947494506836,28.36708641052246,0.0019195937784388,0.0,-6.511,0.0,0.0,0,0,1,,0.851,2026-03-16T17:46:58.082581,neutral,0.993,2026-03-16T17:46:57.095640,0.4686839890225167,2026-03-16T17:46:58.937000,80,,,
participant_20,4,day,Town10HD_Opt,2026-03-16 17:46:59.066219,79.0947494506836,28.36708641052246,0.0019195937784388,0.0,-6.547,0.0,0.0,0,0,1,,1.0,2026-03-16T17:46:59.066219,neutral,0.993,2026-03-16T17:46:57.095640,0.486722098074142,2026-03-16T17:46:59.927000,79,,,
participant_20,4,day,Town10HD_Opt,2026-03-16 17:47:00.097111,79.0947494506836,28.36708641052246,0.0019195937784388,0.0,-6.682,0.0,0.0,0,0,1,,1.0,2026-03-16T17:47:00.097111,neutral,0.982,2026-03-16T17:47:00.097111,0.4543227828975781,2026-03-16T17:47:00.916000,79,,,
participant_20,4,day,Town10HD_Opt,2026-03-16 17:47:01.113125,79.0947494506836,28.36708641052246,0.0019195937784388,0.0,-6.682,0.0,0.0,0,0,1,,0.822,2026-03-16T17:47:01.113125,neutral,0.982,2026-03-16T17:47:00.097111,0.4823941481074491,2026-03-16T17:47:01.951000,79,,,
participant_20,4,day,Town10HD_Opt,2026-03-16 17:47:02.109181,79.0947494506836,28.36708641052246,0.0019195937784388,0.0,-7.487,0.0,0.0,0,0,1,,1.0,2026-03-16T17:47:02.109181,neutral,0.997,2026-03-16T17:47:02.109181,0.4793655131600592,2026-03-16T17:47:02.941000,81,,,
participant_20,4,day,Town10HD_Opt,2026-03-16 17:47:03.156642,79.09563446044922,28.36704444885254,0.0019126510014757,0.226,-11.776,0.156,0.0,0,0,1,,1.0,2026-03-16T17:47:03.156642,neutral,0.997,2026-03-16T17:47:02.109181,0.4812005874628713,2026-03-16T17:47:03.932000,80,,,
participant_20,4,day,Town10HD_Opt,2026-03-16 17:47:04.191903,79.222900390625,28.35843849182129,0.0017943572020158,2.464,-13.168,0.0,0.0,0,0,1,,1.0,2026-03-16T17:47:04.191903,neutral,0.977,2026-03-16T17:47:04.191903,0.5520833098389798,2026-03-16T17:47:04.921000,80,,,
participant_20,4,day,Town10HD_Opt,2026-03-16 17:47:05.281282,79.52326965332031,28.341466903686523,0.0018542861798778,3.361,-9.196,0.42,0.0,0,0,1,,1.0,2026-03-16T17:47:05.281282,neutral,0.977,2026-03-16T17:47:04.191903,0.4527130527319611,2026-03-16T17:47:05.912000,77,,,
participant_20,4,day,Town10HD_Opt,2026-03-16 17:47:06.369388,80.27751922607422,28.256553649902344,0.0015074538532644,11.275,-13.387,1.0,0.0,0,0,1,,1.0,2026-03-16T17:47:06.369388,neutral,0.998,2026-03-16T17:47:06.369388,0.4453772507006913,2026-03-16T17:47:06.947000,77,,,
participant_20,4,day,Town10HD_Opt,2026-03-16 17:47:07.406515,82.17769622802734,27.952754974365234,0.0017345427768304,20.479,-6.796,0.857,0.0,0,0,1,,1.0,2026-03-16T17:47:07.406515,neutral,0.998,2026-03-16T17:47:06.369388,0.5633126418225323,2026-03-16T17:47:07.936000,76,,,
participant_20,4,day,Town10HD_Opt,2026-03-16 17:47:08.117612,83.4516372680664,27.705211639404297,0.0017201614100486,23.995,-4.964,0.799,0.0,0,0,1,,1.0,2026-03-16T17:47:08.117612,neutral,0.998,2026-03-16T17:47:06.369388,0.520979152190614,2026-03-16T17:47:08.926000,80,,,
participant_20,4,day,Town10HD_Opt,2026-03-16 17:47:09.158731,86.59052276611328,26.9233512878418,0.0016950988210737,31.179,-5.302,0.769,0.0,0,0,1,,0.801,2026-03-16T17:47:09.158731,neutral,0.997,2026-03-16T17:47:09.158731,0.6004422680040287,2026-03-16T17:47:09.916000,78,,,
participant_20,4,day,Town10HD_Opt,2026-03-16 17:47:10.200488,90.4105224609375,25.597246170043945,0.0017206573393195,37.845,-7.927,0.774,0.0,0,0,1,,1.0,2026-03-16T17:47:10.200488,neutral,0.997,2026-03-16T17:47:09.158731,0.4967386469774015,2026-03-16T17:47:10.952000,79,,,
participant_20,4,day,Town10HD_Opt,2026-03-16 17:47:11.273760,94.51419067382812,23.28836441040039,0.0018061065347865,43.152,-12.013,0.636,0.0,0,0,1,,1.0,2026-03-16T17:47:11.273760,neutral,0.979,2026-03-16T17:47:11.273760,0.5580739100932943,2026-03-16T17:47:11.942000,77,,,
participant_20,4,day,Town10HD_Opt,2026-03-16 17:47:12.378631,98.19883728027344,19.94652557373047,0.002196388086304,40.515,-2.631,0.0,0.0,0,0,1,,1.0,2026-03-16T17:47:12.378631,neutral,0.979,2026-03-16T17:47:11.273760,0.5181996843247612,2026-03-16T17:47:12.931000,78,,,
participant_20,4,day,Town10HD_Opt,2026-03-16 17:47:13.464250,101.11277770996094,16.72182273864746,0.0023260116577148,34.379,-5.941,0.217,0.0,0,0,1,,0.839,2026-03-16T17:47:13.464250,neutral,0.999,2026-03-16T17:47:13.464250,0.4236658382463562,2026-03-16T17:47:13.966000,77,,,
participant_20,4,day,Town10HD_Opt,2026-03-16 17:47:14.003694,102.29367065429688,15.166020393371582,0.0022280502598732,33.159,-9.966,0.926,0.0,0,0,1,,1.0,2026-03-16T17:47:14.003694,neutral,0.999,2026-03-16T17:47:13.464250,0.5277991207110254,2026-03-16T17:47:13.966000,75,,,
participant_20,4,day,Town10HD_Opt,2026-03-16 17:47:15.047037,104.4099578857422,11.469654083251951,0.0016815566923469,41.795,-3.867,1.0,0.0,0,0,1,,0.921,2026-03-16T17:47:15.047037,neutral,0.999,2026-03-16T17:47:13.464250,0.5329767832718132,2026-03-16T17:47:14.958000,78,,,
participant_20,4,day,Town10HD_Opt,2026-03-16 17:47:16.040482,106.59395599365234,6.578831195831299,0.0015789413591846,50.577,-7.23,0.0,0.0,0,0,1,,1.0,2026-03-16T17:47:16.040482,neutral,0.998,2026-03-16T17:47:16.040482,0.5093870328938522,2026-03-16T17:47:16.937000,81,,,
participant_20,4,day,Town10HD_Opt,2026-03-16 17:47:17.108895,108.11331176757812,0.8699967861175537,0.0021678160410374,48.598,-7.767,0.879,0.0,0,0,1,,1.0,2026-03-16T17:47:17.108895,neutral,0.998,2026-03-16T17:47:16.040482,0.4699686430995931,2026-03-16T17:47:17.927000,80,,,
participant_20,4,day,Town10HD_Opt,2026-03-16 17:47:18.121354,108.50082397460938,-4.939001560211182,0.0019519042689353,50.934,-0.484,0.0,0.0,0,0,1,,1.0,2026-03-16T17:47:18.121354,neutral,0.99,2026-03-16T17:47:18.121354,0.4401767798994856,2026-03-16T17:47:18.917000,79,,,
participant_20,4,day,Town10HD_Opt,2026-03-16 17:47:19.138452,108.58292388916016,-10.680913925170898,0.0020457075443118,49.332,-1.394,0.698,0.0,0,0,1,,1.0,2026-03-16T17:47:19.138452,neutral,0.99,2026-03-16T17:47:18.121354,0.4925340624872789,2026-03-16T17:47:19.997000,80,,,
participant_20,4,day,Town10HD_Opt,2026-03-16 17:47:20.184038,108.46358489990234,-16.548358917236328,0.0021023559384047,49.027,-2.44,0.653,0.0,0,0,1,,1.0,2026-03-16T17:47:20.184038,neutral,0.998,2026-03-16T17:47:20.184038,0.4736678973344315,2026-03-16T17:47:20.942000,79,,,
participant_20,4,day,Town10HD_Opt,2026-03-16 17:47:21.200855,108.00820922851562,-22.2571964263916,0.001994171179831,49.893,-2.965,0.645,0.0,0,0,1,,1.0,2026-03-16T17:47:21.200855,neutral,0.998,2026-03-16T17:47:20.184038,0.4966351377826873,2026-03-16T17:47:21.932000,81,,,
participant_20,4,day,Town10HD_Opt,2026-03-16 17:47:22.239463,107.16712951660156,-28.05910301208496,0.0021489334758371,48.837,-3.224,0.635,0.0,0,0,1,,1.0,2026-03-16T17:47:22.239463,neutral,0.999,2026-03-16T17:47:22.239463,0.486528495067235,2026-03-16T17:47:22.922000,80,,,
participant_20,4,day,Town10HD_Opt,2026-03-16 17:47:23.320865,105.88250732421876,-33.60690689086914,0.001996879465878,49.618,-5.328,0.63,0.0,0,0,1,,1.0,2026-03-16T17:47:23.320865,neutral,0.999,2026-03-16T17:47:22.239463,0.5280189129828873,2026-03-16T17:47:23.912000,79,,,
participant_20,4,day,Town10HD_Opt,2026-03-16 17:47:24.387099,103.8885726928711,-39.13246154785156,0.0020825958345085,49.311,-5.976,0.63,0.0,0,0,1,,1.0,2026-03-16T17:47:24.387099,neutral,0.905,2026-03-16T17:47:24.387099,0.4390639656862994,2026-03-16T17:47:24.992000,80,,,
participant_20,4,day,Town10HD_Opt,2026-03-16 17:47:25.399659,101.1502456665039,-44.15260696411133,0.0020225525368005,49.595,-7.665,0.63,0.0,0,0,1,,1.0,2026-03-16T17:47:25.399659,neutral,0.905,2026-03-16T17:47:24.387099,0.4668237286090192,2026-03-16T17:47:25.938000,78,,,
participant_20,4,day,Town10HD_Opt,2026-03-16 17:47:26.400691,97.53268432617188,-48.78076171875,0.0020822142250835,49.369,-0.677,0.628,0.0,0,0,1,,1.0,2026-03-16T17:47:26.400691,neutral,0.998,2026-03-16T17:47:26.400691,0.594477623727612,2026-03-16T17:47:26.927000,78,,,
participant_20,4,day,Town10HD_Opt,2026-03-16 17:47:27.403806,93.69612121582033,-53.06841278076172,0.0020135878585278,49.87,-5.817,0.611,0.0,0,0,1,,1.0,2026-03-16T17:47:27.403806,neutral,0.998,2026-03-16T17:47:26.400691,0.5025250998147104,2026-03-16T17:47:27.917000,80,,,
participant_20,4,day,Town10HD_Opt,2026-03-16 17:47:28.423325,89.29255676269531,-56.91993713378906,0.0021301268134266,49.028,-4.945,0.609,0.0,0,0,1,,1.0,2026-03-16T17:47:28.423325,neutral,0.999,2026-03-16T17:47:28.423325,0.5028166527177578,2026-03-16T17:47:28.997000,80,,,
participant_20,4,day,Town10HD_Opt,2026-03-16 17:47:29.414344,84.51953125,-60.03876495361328,0.0020136260427534,49.489,-5.612,0.603,0.0,0,0,1,,1.0,2026-03-16T17:47:29.414344,neutral,0.999,2026-03-16T17:47:28.423325,0.4904982927505059,2026-03-16T17:47:29.942000,80,,,
participant_20,4,day,Town10HD_Opt,2026-03-16 17:47:30.422121,79.17391204833984,-62.41316604614258,0.0020068360026925,50.412,-8.048,0.597,0.0,0,0,1,,1.0,2026-03-16T17:47:30.422121,neutral,0.999,2026-03-16T17:47:28.423325,0.4578532896981729,2026-03-16T17:47:30.932000,80,,,
participant_20,4,day,Town10HD_Opt,2026-03-16 17:47:31.454127,73.57475280761719,-63.69050216674805,0.002055206336081,49.327,-5.46,0.586,0.0,0,0,1,,0.846,2026-03-16T17:47:31.454127,neutral,1.0,2026-03-16T17:47:31.454127,0.4731703289326212,2026-03-16T17:47:31.922000,77,,,
participant_20,4,day,Town10HD_Opt,2026-03-16 17:47:32.023527,70.69091033935547,-63.97627639770508,0.002000655978918,50.037,-3.153,0.586,0.0,0,0,1,,1.0,2026-03-16T17:47:32.023527,neutral,1.0,2026-03-16T17:47:31.454127,0.4395908321464485,2026-03-16T17:47:32.912000,78,,,
participant_20,4,day,Town10HD_Opt,2026-03-16 17:47:33.073013,64.85208129882812,-64.17053985595703,0.0021174622233957,49.168,-0.369,0.585,0.0,0,0,1,,1.0,2026-03-16T17:47:33.073013,neutral,1.0,2026-03-16T17:47:31.454127,0.4846950061800764,2026-03-16T17:47:32.912000,79,,,
participant_20,4,day,Town10HD_Opt,2026-03-16 17:47:34.101182,59.07602310180664,-64.22038269042969,0.0019971083384007,50.144,0.11,0.586,0.0,0,0,1,,1.0,2026-03-16T17:47:34.101182,neutral,0.997,2026-03-16T17:47:34.101182,0.5238863947210544,2026-03-16T17:47:34.937000,80,Stop sign violation,stop_sign_id=900,
participant_20,4,day,Town10HD_Opt,2026-03-16 17:47:35.143148,53.24440383911133,-64.25114440917969,0.0021139525342732,49.115,-0.719,0.586,0.0,0,0,1,,1.0,2026-03-16T17:47:35.143148,neutral,0.997,2026-03-16T17:47:34.101182,0.4896756750282364,2026-03-16T17:47:35.927000,81,,,
participant_20,4,day,Town10HD_Opt,2026-03-16 17:47:36.196842,47.45991134643555,-64.22490692138672,0.0019920729100704,50.249,1.036,0.585,0.0,0,0,1,,1.0,2026-03-16T17:47:36.196842,neutral,1.0,2026-03-16T17:47:36.196842,0.5415068651451752,2026-03-16T17:47:36.917000,82,,,
participant_20,4,day,Town10HD_Opt,2026-03-16 17:47:37.193102,41.64223098754883,-64.26464080810547,0.0021060181315988,49.087,-0.733,0.571,0.0,0,0,1,,1.0,2026-03-16T17:47:37.193102,neutral,1.0,2026-03-16T17:47:36.196842,0.5075563702909544,2026-03-16T17:47:37.953000,80,,,
participant_20,4,day,Town10HD_Opt,2026-03-16 17:47:38.213497,35.91079330444336,-64.26063537597656,0.0020682143513113,48.859,0.858,0.416,0.0,0,0,1,,1.0,2026-03-16T17:47:38.213497,neutral,0.999,2026-03-16T17:47:38.213497,0.451267722924272,2026-03-16T17:47:38.942000,79,,,
participant_20,4,day,Town10HD_Opt,2026-03-16 17:47:39.239731,30.28704261779785,-64.29861450195312,0.0021075056865811,47.498,-0.341,0.39,0.0,0,0,1,,1.0,2026-03-16T17:47:39.239731,neutral,0.999,2026-03-16T17:47:38.213497,0.520620678682739,2026-03-16T17:47:39.933000,76,,,
participant_20,4,day,Town10HD_Opt,2026-03-16 17:47:40.285072,24.84038734436035,-64.35065460205078,0.0021187209058552,45.783,-0.181,0.385,0.0,0,0,1,,1.0,2026-03-16T17:47:40.285072,neutral,1.0,2026-03-16T17:47:40.285072,0.4244526853151124,2026-03-16T17:47:40.922000,74,,,
participant_20,4,day,Town10HD_Opt,2026-03-16 17:47:41.306290,19.5744571685791,-64.37261962890625,0.0021151732653379,44.416,-0.085,0.383,0.0,0,0,1,,1.0,2026-03-16T17:47:41.306290,neutral,1.0,2026-03-16T17:47:40.285072,0.5271404437338808,2026-03-16T17:47:41.959000,75,,,
participant_20,4,day,Town10HD_Opt,2026-03-16 17:47:42.310869,14.47490406036377,-64.39280700683594,0.0021091080270707,43.055,0.2,0.381,0.0,0,0,1,,1.0,2026-03-16T17:47:42.310869,neutral,0.981,2026-03-16T17:47:42.310869,0.4417183348640431,2026-03-16T17:47:43.038000,77,,,
participant_20,4,day,Town10HD_Opt,2026-03-16 17:47:43.348935,9.531293869018556,-64.43547058105469,0.0021133041009306,41.647,-0.136,0.316,0.0,0,0,1,,1.0,2026-03-16T17:47:43.348935,neutral,0.981,2026-03-16T17:47:42.310869,0.4061176416068757,2026-03-16T17:47:43.937000,79,,,
participant_20,4,day,Town10HD_Opt,2026-03-16 17:47:44.321813,4.806088924407959,-64.46198272705078,0.0021640777122229,38.917,-0.383,0.202,0.0,0,0,1,,1.0,2026-03-16T17:47:44.321813,neutral,0.995,2026-03-16T17:47:44.321813,0.4389909386669235,2026-03-16T17:47:44.928000,79,,,
participant_20,4,day,Town10HD_Opt,2026-03-16 17:47:45.304962,0.4658091366291046,-64.46160888671875,0.0022591399028897,34.866,0.103,0.0,0.0,0,0,1,,1.0,2026-03-16T17:47:45.304962,neutral,0.995,2026-03-16T17:47:44.321813,0.5081825652627596,2026-03-16T17:47:45.962000,80,,,
participant_20,4,day,Town10HD_Opt,2026-03-16 17:47:46.294131,-3.2734181880950928,-64.46707153320312,0.0023019791115075,29.422,0.103,0.0,0.0,0,0,1,,1.0,2026-03-16T17:47:46.294131,neutral,0.995,2026-03-16T17:47:44.321813,0.4423661356837076,2026-03-16T17:47:46.952000,78,,,
participant_20,4,day,Town10HD_Opt,2026-03-16 17:47:47.271452,-6.411173343658447,-64.47785949707031,0.0022787856869399,24.573,0.176,0.0,0.0,0,0,1,,1.0,2026-03-16T17:47:47.271452,neutral,1.0,2026-03-16T17:47:47.271452,0.5316220674952367,2026-03-16T17:47:47.942000,79,,,
participant_20,4,day,Town10HD_Opt,2026-03-16 17:47:48.280360,-9.018375396728516,-64.49337005615234,0.0022516632452607,20.305,0.172,0.003,0.0,0,0,1,,1.0,2026-03-16T17:47:48.280360,neutral,1.0,2026-03-16T17:47:47.271452,0.5180738008115819,2026-03-16T17:47:48.932000,79,,,
participant_20,4,day,Town10HD_Opt,2026-03-16 17:47:49.281227,-11.187313079833984,-64.51789093017578,0.0019281386630609,17.415,0.618,0.125,0.0,0,0,1,,1.0,2026-03-16T17:47:49.281227,neutral,0.992,2026-03-16T17:47:49.281227,0.446605021772429,2026-03-16T17:47:49.922000,79,,,
participant_20,4,day,Town10HD_Opt,2026-03-16 17:47:50.347796,-13.099899291992188,-64.5475082397461,0.0020332718268036,14.88,0.075,0.0,0.0,0,0,1,,1.0,2026-03-16T17:47:50.347796,neutral,0.992,2026-03-16T17:47:49.281227,0.4419612110312138,2026-03-16T17:47:50.958000,79,,,
participant_20,4,day,Town10HD_Opt,2026-03-16 17:47:51.403734,-14.711453437805176,-64.57213592529297,0.002036933787167,12.654,0.075,0.0,0.0,0,0,1,,1.0,2026-03-16T17:47:51.403734,neutral,0.993,2026-03-16T17:47:51.403734,0.4694832248790794,2026-03-16T17:47:51.947000,80,,,
participant_20,4,day,Town10HD_Opt,2026-03-16 17:47:52.444765,-16.063003540039062,-64.5936279296875,0.0020187757909297,10.617,0.075,0.0,0.0,0,0,1,,1.0,2026-03-16T17:47:52.444765,neutral,0.993,2026-03-16T17:47:51.403734,0.4943429228111398,2026-03-16T17:47:52.937000,81,,,
participant_20,4,day,Town10HD_Opt,2026-03-16 17:47:53.440067,-17.196475982666016,-64.6123046875,0.0020029449369758,8.902,0.087,0.0,0.0,0,0,1,,0.863,2026-03-16T17:47:53.440067,neutral,0.995,2026-03-16T17:47:53.440067,0.481070270450354,2026-03-16T17:47:53.927000,82,,,
participant_20,4,day,Town10HD_Opt,2026-03-16 17:47:54.412172,-18.14687156677246,-64.62849426269531,0.0019894789438694,7.464,0.087,0.0,0.0,0,0,1,,1.0,2026-03-16T17:47:54.412172,neutral,0.995,2026-03-16T17:47:53.440067,0.5252084876426857,2026-03-16T17:47:54.962000,82,,,
participant_20,4,day,Town10HD_Opt,2026-03-16 17:47:55.425102,-18.94373893737793,-64.64241790771484,0.0019782257732003,6.167,0.087,0.0,0.0,0,0,1,,1.0,2026-03-16T17:47:55.425102,neutral,0.995,2026-03-16T17:47:53.440067,0.4285519021441586,2026-03-16T17:47:56.046000,80,,,
participant_20,4,day,Town10HD_Opt,2026-03-16 17:47:56.403523,-19.611860275268555,-64.6544189453125,0.0019686890300363,5.171,0.134,0.0,0.0,0,0,1,,1.0,2026-03-16T17:47:56.403523,neutral,1.0,2026-03-16T17:47:56.403523,0.5077090618163123,2026-03-16T17:47:56.942000,79,,,
participant_20,4,day,Town10HD_Opt,2026-03-16 17:47:57.419909,-20.17202377319336,-64.66487121582031,0.0019606780260801,4.4,0.134,0.0,0.0,0,0,1,,1.0,2026-03-16T17:47:57.419909,neutral,1.0,2026-03-16T17:47:56.403523,0.4518834889353864,2026-03-16T17:47:58.022000,80,,,
participant_20,4,day,Town10HD_Opt,2026-03-16 17:47:58.395846,-20.64166641235352,-64.67403411865234,0.0019539259374141,3.689,0.352,0.0,0.0,0,0,1,,1.0,2026-03-16T17:47:58.395846,neutral,1.0,2026-03-16T17:47:56.403523,0.3949029252819545,2026-03-16T17:47:58.922000,79,,,
participant_20,4,day,Town10HD_Opt,2026-03-16 17:47:59.355756,-21.035404205322266,-64.68277740478516,0.0019482421921566,3.093,0.508,0.0,0.0,0,0,1,,1.0,2026-03-16T17:47:59.355756,neutral,1.0,2026-03-16T17:47:59.355756,0.4749472805797076,2026-03-16T17:47:59.958000,78,,,
participant_20,4,day,Town10HD_Opt,2026-03-16 17:48:00.323399,-21.36550521850586,-64.69102478027344,0.0019435882568359,2.593,0.644,0.0,0.0,0,0,1,,0.907,2026-03-16T17:48:00.323399,neutral,1.0,2026-03-16T17:47:59.355756,0.4022081497253968,2026-03-16T17:48:00.947000,79,,,
participant_20,4,day,Town10HD_Opt,2026-03-16 17:48:01.312883,-21.64224624633789,-64.69824981689453,0.001939506502822,2.174,0.644,0.0,0.0,0,0,1,,1.0,2026-03-16T17:48:01.312883,neutral,1.0,2026-03-16T17:47:59.355756,0.4489472118279524,2026-03-16T17:48:01.937000,81,,,
participant_20,4,day,Town10HD_Opt,2026-03-16 17:48:02.401820,-21.87428092956543,-64.70440673828125,0.0019363402388989,1.823,0.47,0.0,0.0,0,0,1,,1.0,2026-03-16T17:48:02.401820,neutral,0.998,2026-03-16T17:48:02.401820,0.4919570462243643,,79,,,
participant_20,4,day,Town10HD_Opt,2026-03-16 17:48:03.374122,-22.06882095336914,-64.70952606201172,0.0019332885276526,1.528,0.47,0.0,0.0,0,0,1,,0.854,2026-03-16T17:48:03.374122,neutral,0.998,2026-03-16T17:48:02.401820,0.4934937471000719,2026-03-16T17:48:03.963000,79,,,
participant_20,4,day,Town10HD_Opt,2026-03-16 17:48:04.360786,-22.23192405700684,-64.71389770507812,0.0019311904907226,1.263,0.472,0.0,0.0,0,0,1,,0.827,2026-03-16T17:48:04.360786,neutral,0.998,2026-03-16T17:48:02.401820,0.4353264632935076,2026-03-16T17:48:04.952000,81,,,
participant_20,4,day,Town10HD_Opt,2026-03-16 17:48:05.325473,-22.368677139282227,-64.71769714355469,0.0019292067736387,1.059,0.529,0.0,0.0,0,0,1,,0.834,2026-03-16T17:48:05.325473,neutral,1.0,2026-03-16T17:48:05.325473,0.4401681162251561,2026-03-16T17:48:05.942000,83,,,
participant_20,4,day,Town10HD_Opt,2026-03-16 17:48:06.349634,-22.483402252197266,-64.72090911865234,0.0019274520454928,0.901,0.529,0.0,0.0,0,0,1,,1.0,2026-03-16T17:48:06.349634,neutral,1.0,2026-03-16T17:48:05.325473,0.4502390303272748,2026-03-16T17:48:06.933000,81,,,
participant_20,4,day,Town10HD_Opt,2026-03-16 17:48:07.375990,-22.57962417602539,-64.72364807128906,0.0019260406261309,0.745,0.529,0.0,0.0,0,0,1,,1.0,2026-03-16T17:48:07.375990,neutral,0.999,2026-03-16T17:48:07.375990,0.4390269643263675,2026-03-16T17:48:07.923000,80,,,
participant_20,4,day,Town10HD_Opt,2026-03-16 17:48:08.392602,-22.659467697143555,-64.72589874267578,0.0019311141222715,0.399,0.564,0.905,0.0,0,0,1,,1.0,2026-03-16T17:48:08.392602,neutral,0.999,2026-03-16T17:48:07.375990,0.3633399975352516,2026-03-16T17:48:08.957000,82,,,
participant_20,4,day,Town10HD_Opt,2026-03-16 17:48:09.404757,-23.04912757873535,-64.74102020263672,0.0015958022559061,7.757,1.758,0.796,0.0,0,0,1,,0.913,2026-03-16T17:48:09.404757,neutral,0.999,2026-03-16T17:48:09.404757,0.4391099579765284,2026-03-16T17:48:09.993000,81,,,
participant_20,4,day,Town10HD_Opt,2026-03-16 17:48:10.391699,-24.438600540161133,-64.80547332763672,0.0014337539905682,16.937,1.495,1.0,0.0,0,0,1,,0.948,2026-03-16T17:48:10.391699,neutral,0.999,2026-03-16T17:48:09.404757,0.4379862485443803,2026-03-16T17:48:10.982000,80,,,
participant_20,4,day,Town10HD_Opt,2026-03-16 17:48:11.406742,-26.90789794921875,-64.94483947753906,0.001642188988626,25.469,1.253,0.971,0.0,0,0,1,,1.0,2026-03-16T17:48:11.406742,neutral,0.987,2026-03-16T17:48:11.406742,0.4295187805547957,2026-03-16T17:48:11.928000,82,,,
participant_20,4,day,Town10HD_Opt,2026-03-16 17:48:12.363298,-30.50470352172852,-65.203369140625,0.0015641783829778,35.601,-0.033,0.779,0.0,0,0,1,,1.0,2026-03-16T17:48:12.363298,neutral,0.987,2026-03-16T17:48:11.406742,0.4068229284494639,2026-03-16T17:48:13.008000,84,,,
participant_20,4,day,Town10HD_Opt,2026-03-16 17:48:13.391622,-35.03041458129883,-65.53217315673828,0.0017552947392687,41.423,-0.533,0.647,0.0,0,0,1,,1.0,2026-03-16T17:48:13.391622,neutral,0.987,2026-03-16T17:48:11.406742,0.3325616553376899,2026-03-16T17:48:13.953000,85,,,
participant_20,4,day,Town10HD_Opt,2026-03-16 17:48:14.418573,-40.063026428222656,-65.83963012695312,0.0018716048216447,44.766,-0.733,0.634,0.0,0,0,1,,0.903,2026-03-16T17:48:14.418573,neutral,1.0,2026-03-16T17:48:14.418573,0.4529916090304343,2026-03-16T17:48:14.943000,89,,,
participant_20,4,day,Town10HD_Opt,2026-03-16 17:48:15.416810,-45.44459533691406,-66.08895874023438,0.0019106674008071,47.428,-0.197,0.61,0.0,0,0,1,,1.0,2026-03-16T17:48:15.416810,neutral,1.0,2026-03-16T17:48:14.418573,0.4333962561864889,2026-03-16T17:48:15.932000,85,,,
participant_20,4,day,Town10HD_Opt,2026-03-16 17:48:16.371620,-51.10567855834961,-66.33000946044922,0.0019346236949786,49.6,0.444,0.597,0.0,0,0,1,,1.0,2026-03-16T17:48:16.371620,neutral,1.0,2026-03-16T17:48:14.418573,0.4554263397225112,2026-03-16T17:48:16.923000,87,,,
participant_20,4,day,Town10HD_Opt,2026-03-16 17:48:17.333520,-56.94940185546875,-66.63143157958984,0.0020801161881536,49.463,0.451,0.591,0.0,0,0,1,,1.0,2026-03-16T17:48:17.333520,neutral,0.958,2026-03-16T17:48:17.333520,0.3793850311016251,2026-03-16T17:48:17.957000,85,,,
participant_20,4,day,Town10HD_Opt,2026-03-16 17:48:18.372638,-62.7072868347168,-66.9556655883789,0.002008514245972,49.952,-1.751,0.574,0.0,0,0,1,,1.0,2026-03-16T17:48:18.372638,neutral,0.958,2026-03-16T17:48:17.333520,0.4921928852002077,2026-03-16T17:48:18.948000,87,,,
participant_20,4,day,Town10HD_Opt,2026-03-16 17:48:19.353483,-68.5616683959961,-67.07015991210938,0.0021121597383171,49.007,-2.748,0.482,0.0,0,0,1,,0.94,2026-03-16T17:48:19.353483,neutral,0.99,2026-03-16T17:48:19.353483,0.4298710179755085,2026-03-16T17:48:19.938000,85,,,
participant_20,4,day,Town10HD_Opt,2026-03-16 17:48:20.407564,-74.20990753173828,-66.77516174316406,0.0020887374412268,48.137,-3.316,0.47,0.0,0,0,1,,0.945,2026-03-16T17:48:20.407564,neutral,0.99,2026-03-16T17:48:19.353483,0.4053585523024121,2026-03-16T17:48:20.927000,88,,,
participant_20,4,day,Town10HD_Opt,2026-03-16 17:48:21.033206,-76.9891128540039,-66.4389419555664,0.0020753860007971,47.826,-6.004,0.47,0.0,0,0,1,,0.856,2026-03-16T17:48:21.033206,neutral,0.99,2026-03-16T17:48:19.353483,0.3955161181874996,2026-03-16T17:48:20.927000,84,,,
participant_20,4,day,Town10HD_Opt,2026-03-16 17:48:22.035496,-82.38157653808594,-65.155029296875,0.002073593204841,47.305,-6.981,0.47,0.0,0,0,1,,0.843,2026-03-16T17:48:22.035496,neutral,0.999,2026-03-16T17:48:22.035496,0.3756008733863249,2026-03-16T17:48:21.964000,83,,,
participant_20,4,day,Town10HD_Opt,2026-03-16 17:48:23.059185,-87.44108581542969,-63.02372741699219,0.0020655058324337,46.926,-4.898,0.47,0.0,0,0,1,,1.0,2026-03-16T17:48:23.059185,neutral,0.999,2026-03-16T17:48:22.035496,0.3460702924553515,2026-03-16T17:48:23.943000,90,,,
participant_20,4,day,Town10HD_Opt,2026-03-16 17:48:24.089273,-92.12970733642578,-60.24829864501953,0.0020660017617046,46.548,-6.495,0.47,0.0,0,0,1,,0.819,2026-03-16T17:48:24.089273,neutral,0.999,2026-03-16T17:48:24.089273,0.4530047450356957,2026-03-16T17:48:24.932000,84,,,
participant_20,4,day,Town10HD_Opt,2026-03-16 17:48:25.176745,-96.33507537841795,-56.84877395629883,0.00206058495678,46.261,-4.473,0.47,0.0,0,0,1,,0.9,2026-03-16T17:48:25.176745,neutral,0.999,2026-03-16T17:48:24.089273,0.3980845721735452,2026-03-16T17:48:25.923000,84,,,
participant_20,4,day,Town10HD_Opt,2026-03-16 17:48:26.240706,-100.09046936035156,-52.99378967285156,0.0020556640811264,46.054,-3.754,0.47,0.0,0,0,1,,0.805,2026-03-16T17:48:26.240706,neutral,0.999,2026-03-16T17:48:26.240706,0.3639945882816996,2026-03-16T17:48:26.957000,82,,,
participant_20,4,day,Town10HD_Opt,2026-03-16 17:48:27.244589,-103.43576049804688,-48.80653762817383,0.0020536803640425,45.87,-3.702,0.469,0.0,0,0,1,,0.851,2026-03-16T17:48:27.244589,neutral,0.999,2026-03-16T17:48:26.240706,0.4639747759352562,2026-03-16T17:48:27.947000,83,,,
participant_20,4,day,Town10HD_Opt,2026-03-16 17:48:28.248990,-106.35614013671876,-44.3370246887207,0.0020527648739516,45.701,-3.95,0.47,0.0,0,0,1,,0.838,2026-03-16T17:48:28.248990,neutral,0.999,2026-03-16T17:48:28.248990,0.4260512590257154,2026-03-16T17:48:28.938000,83,,,
participant_20,4,day,Town10HD_Opt,2026-03-16 17:48:29.280619,-108.81591796875,-39.61952209472656,0.0020513916388154,45.556,-3.462,0.47,0.0,0,0,1,,1.0,2026-03-16T17:48:29.280619,neutral,0.999,2026-03-16T17:48:28.248990,0.4740273050891436,2026-03-16T17:48:29.928000,83,,,
participant_20,4,day,Town10HD_Opt,2026-03-16 17:48:30.321032,-110.82118225097656,-34.70852279663086,0.0020518111996352,45.412,-4.704,0.47,0.0,0,0,1,,1.0,2026-03-16T17:48:30.321032,neutral,0.999,2026-03-16T17:48:30.321032,0.4252465756513998,2026-03-16T17:48:30.963000,84,,,
participant_20,4,day,Town10HD_Opt,2026-03-16 17:48:31.368117,-112.26754760742188,-29.62618064880371,0.0020525360014289,45.254,-4.039,0.467,0.0,0,0,1,,0.826,2026-03-16T17:48:31.368117,neutral,0.999,2026-03-16T17:48:30.321032,0.4856059445477514,2026-03-16T17:48:32.043000,85,,,
participant_20,4,day,Town10HD_Opt,2026-03-16 17:48:32.383708,-113.20648193359376,-24.45506477355957,0.0020959854591637,44.351,-2.271,0.0,0.0,0,0,1,,0.9,2026-03-16T17:48:32.383708,neutral,0.996,2026-03-16T17:48:32.383708,0.5824055877836007,2026-03-16T17:48:33.033000,83,,,
participant_20,4,day,Town10HD_Opt,2026-03-16 17:48:33.456478,-113.74142456054688,-19.67448616027832,0.0023418045602738,37.947,-4.926,0.0,0.125,0,0,1,,0.836,2026-03-16T17:48:33.456478,neutral,0.996,2026-03-16T17:48:32.383708,0.4396947173061485,2026-03-16T17:48:33.933000,80,,,
participant_20,4,day,Town10HD_Opt,2026-03-16 17:48:34.026730,-113.8289031982422,-17.56534194946289,0.0023583220317959,34.202,-2.699,0.0,0.0,0,0,1,,1.0,2026-03-16T17:48:34.026730,neutral,0.996,2026-03-16T17:48:32.383708,0.5036861234122736,2026-03-16T17:48:34.923000,83,,,
participant_20,4,day,Town10HD_Opt,2026-03-16 17:48:35.043441,-113.84146118164062,-13.615889549255373,0.0019203948322683,35.993,-1.401,1.0,0.0,0,0,1,,1.0,2026-03-16T17:48:35.043441,neutral,0.998,2026-03-16T17:48:35.043441,0.4336015771459302,2026-03-16T17:48:34.923000,80,,,
participant_20,4,day,Town10HD_Opt,2026-03-16 17:48:36.072951,-113.7242660522461,-8.854402542114258,0.001598548842594,46.27,-0.768,0.876,0.0,0,0,1,,1.0,2026-03-16T17:48:36.072951,neutral,0.998,2026-03-16T17:48:35.043441,0.5677965418589177,2026-03-16T17:48:36.948000,81,,,
participant_20,4,day,Town10HD_Opt,2026-03-16 17:48:37.138674,-113.47197723388672,-3.11383318901062,0.0017995070666074,51.003,-0.169,0.0,0.1,0,0,1,,1.0,2026-03-16T17:48:37.138674,neutral,0.998,2026-03-16T17:48:37.138674,0.5145942448051588,2026-03-16T17:48:37.938000,80,,,
participant_20,4,day,Town10HD_Opt,2026-03-16 17:48:38.208075,-113.13699340820312,2.597896337509156,0.0020996856037527,48.31,-4.105,0.49,0.0,0,0,1,,1.0,2026-03-16T17:48:38.208075,neutral,0.998,2026-03-16T17:48:37.138674,0.5766924861309417,2026-03-16T17:48:38.927000,82,,,
participant_20,4,day,Town10HD_Opt,2026-03-16 17:48:39.257027,-112.20411682128906,8.08002758026123,0.0021383285056799,46.373,-9.351,0.157,0.0,0,0,1,,0.844,2026-03-16T17:48:39.257027,neutral,0.985,2026-03-16T17:48:39.257027,0.5452617117616289,2026-03-16T17:48:39.963000,84,,,
participant_20,4,day,Town10HD_Opt,2026-03-16 17:48:40.296743,-110.31640625,12.88004207611084,0.0022858045995235,41.718,-6.841,0.138,0.0,0,0,1,,0.861,2026-03-16T17:48:40.296743,neutral,0.985,2026-03-16T17:48:39.257027,0.5131392869147108,2026-03-16T17:48:40.953000,85,,,
participant_20,4,day,Town10HD_Opt,2026-03-16 17:48:41.306675,-107.87932586669922,16.702878952026367,0.0023330687545239,36.128,-10.836,0.0,0.0,0,0,1,,0.808,2026-03-16T17:48:41.306675,neutral,0.999,2026-03-16T17:48:41.306675,0.6257118529109074,2026-03-16T17:48:41.943000,85,,,
participant_20,4,day,Town10HD_Opt,2026-03-16 17:48:42.326329,-105.19808959960938,19.485897064208984,0.0023289108648896,30.419,-6.18,0.0,0.015,0,0,1,,1.0,2026-03-16T17:48:42.326329,neutral,0.999,2026-03-16T17:48:41.306675,0.5983038007340248,2026-03-16T17:48:42.934000,84,,,
participant_20,4,day,Town10HD_Opt,2026-03-16 17:48:43.342034,-102.66860961914062,21.507333755493164,0.0023051451425999,25.283,-11.805,0.0,0.0,0,0,1,,1.0,2026-03-16T17:48:43.342034,neutral,0.991,2026-03-16T17:48:43.342034,0.5295622414183953,2026-03-16T17:48:43.924000,82,,,
participant_20,4,day,Town10HD_Opt,2026-03-16 17:48:44.409325,-100.2573013305664,22.83861923217773,0.002089500427246,23.847,-7.653,0.885,0.0,0,0,1,,1.0,2026-03-16T17:48:44.409325,neutral,0.991,2026-03-16T17:48:43.342034,0.5452918497666897,2026-03-16T17:48:44.958000,81,,,
participant_20,4,day,Town10HD_Opt,2026-03-16 17:48:45.433959,-97.27640533447266,24.094316482543945,0.0016747665358707,31.932,-7.449,0.858,0.0,0,0,1,,1.0,2026-03-16T17:48:45.433959,neutral,1.0,2026-03-16T17:48:45.433959,0.5853859955880937,2026-03-16T17:48:45.948000,80,,,
participant_20,4,day,Town10HD_Opt,2026-03-16 17:48:46.482762,-93.2076187133789,25.08089256286621,0.0016783904284238,40.297,-4.593,0.854,0.0,0,0,1,,1.0,2026-03-16T17:48:46.482762,neutral,1.0,2026-03-16T17:48:45.433959,0.5807564595902452,2026-03-16T17:48:46.939000,86,,,
participant_20,4,day,Town10HD_Opt,2026-03-16 17:48:47.125209,-90.80420684814452,25.40455436706543,0.0016862868797034,43.264,0.367,0.779,0.0,0,0,1,,0.897,2026-03-16T17:48:47.125209,neutral,1.0,2026-03-16T17:48:45.433959,0.5525396340501902,2026-03-16T17:48:47.927000,80,,,
participant_20,4,day,Town10HD_Opt,2026-03-16 17:48:48.109512,-85.63968658447266,26.05544090270996,0.0020987319294363,43.228,-2.993,0.0,0.0,0,0,1,,1.0,2026-03-16T17:48:48.109512,neutral,0.998,2026-03-16T17:48:48.109512,0.5495300306004108,2026-03-16T17:48:48.963000,82,,,
participant_20,4,day,Town10HD_Opt,2026-03-16 17:48:49.269263,-81.01311492919922,26.406925201416016,0.0023512649349868,36.446,-2.52,0.0,0.111,0,0,1,,1.0,2026-03-16T17:48:49.269263,neutral,0.998,2026-03-16T17:48:48.109512,0.5627960117219618,2026-03-16T17:48:49.953000,82,,,
participant_20,4,day,Town10HD_Opt,2026-03-16 17:48:50.304107,-77.14190673828125,26.51811790466309,0.0023487091530114,29.636,-0.157,0.0,0.154,0,0,1,,1.0,2026-03-16T17:48:50.304107,neutral,0.999,2026-03-16T17:48:50.304107,0.5701029641540069,2026-03-16T17:48:50.989000,83,,,
participant_20,4,day,Town10HD_Opt,2026-03-16 17:48:51.323201,-73.9605712890625,26.592967987060547,0.002309989882633,24.639,0.242,0.0,0.108,0,0,1,,1.0,2026-03-16T17:48:51.323201,neutral,0.999,2026-03-16T17:48:50.304107,0.4605254598325977,2026-03-16T17:48:51.933000,84,,,
participant_20,4,day,Town10HD_Opt,2026-03-16 17:48:52.337889,-71.37596130371094,26.66526222229004,0.0022845459170639,19.741,0.498,0.0,0.232,0,0,1,,0.833,2026-03-16T17:48:52.337889,neutral,0.998,2026-03-16T17:48:52.337889,0.5296074959066789,2026-03-16T17:48:52.923000,84,,,
participant_20,4,day,Town10HD_Opt,2026-03-16 17:48:53.345051,-69.32832336425781,26.73642921447754,0.002041091909632,15.623,0.557,0.0,0.22,0,0,1,,0.812,2026-03-16T17:48:53.345051,neutral,0.998,2026-03-16T17:48:52.337889,0.5110625355630083,2026-03-16T17:48:53.958000,81,,,
participant_20,4,day,Town10HD_Opt,2026-03-16 17:48:54.376254,-67.73047637939453,26.802330017089844,0.0020965575240552,11.605,0.663,0.0,0.303,0,0,1,,0.862,2026-03-16T17:48:54.376254,neutral,0.998,2026-03-16T17:48:54.376254,0.6259436960152921,2026-03-16T17:48:54.948000,80,,,
participant_20,4,day,Town10HD_Opt,2026-03-16 17:48:55.413812,-66.54470825195312,26.85819435119629,0.002086334163323,8.496,0.757,0.0,0.409,0,0,1,,0.902,2026-03-16T17:48:55.413812,neutral,0.998,2026-03-16T17:48:54.376254,0.5175459258433303,2026-03-16T17:48:55.938000,80,,,
participant_20,4,day,Town10HD_Opt,2026-03-16 17:48:56.406583,-65.87159729003906,26.892953872680664,0.0024559784214943,0.0,0.837,0.0,0.492,0,0,1,,0.949,2026-03-16T17:48:56.406583,neutral,0.999,2026-03-16T17:48:56.406583,0.5178705616801175,2026-03-16T17:48:56.928000,83,,,
participant_20,4,day,Town10HD_Opt,2026-03-16 17:48:57.382715,-65.87104034423828,26.892990112304688,0.0019960021600127,0.0,1.072,0.0,0.481,0,0,1,,0.915,2026-03-16T17:48:57.382715,neutral,0.999,2026-03-16T17:48:56.406583,0.5594501634375413,2026-03-16T17:48:57.963000,83,,,
participant_20,4,day,Town10HD_Opt,2026-03-16 17:48:58.420661,-65.87095642089844,26.892995834350582,0.0019275282975286,0.0,1.152,0.0,0.038,0,0,1,,0.897,2026-03-16T17:48:58.420661,neutral,0.998,2026-03-16T17:48:58.420661,0.5598037147478553,2026-03-16T17:48:58.953000,81,,,
participant_20,4,day,Town10HD_Opt,2026-03-16 17:48:58.999985,-65.8709487915039,26.892995834350582,0.0019216537475585,0.0,1.152,0.0,0.0,0,0,1,,1.0,2026-03-16T17:48:58.999985,neutral,0.998,2026-03-16T17:48:58.420661,0.6052518064400648,2026-03-16T17:48:58.953000,80,,,
participant_20,4,day,Town10HD_Opt,2026-03-16 17:48:59.996917,-65.8709487915039,26.892995834350582,0.0019193649059161,0.0,1.152,0.0,0.0,0,0,1,,1.0,2026-03-16T17:48:59.996917,neutral,0.998,2026-03-16T17:48:58.420661,0.6038017324277978,2026-03-16T17:48:59.950000,79,,,
participant_20,4,day,Town10HD_Opt,2026-03-16 17:49:01.034785,-65.8709487915039,26.892995834350582,0.0019193649059161,0.0,1.159,0.0,0.0,0,0,1,,0.802,2026-03-16T17:49:01.034785,neutral,0.999,2026-03-16T17:49:01.034785,0.5764421059970694,2026-03-16T17:49:00.933000,82,,,
participant_20,4,day,Town10HD_Opt,2026-03-16 17:49:02.042963,-65.8709487915039,26.892995834350582,0.0019193649059161,0.0,1.159,0.0,0.0,0,0,1,,1.0,2026-03-16T17:49:02.042963,neutral,0.999,2026-03-16T17:49:01.034785,0.5666265878584353,2026-03-16T17:49:02.018000,80,,,
participant_20,4,day,Town10HD_Opt,2026-03-16 17:49:03.058886,-65.8709487915039,26.892995834350582,0.0019193649059161,0.0,1.159,0.0,0.0,0,0,1,,0.861,2026-03-16T17:49:03.058886,neutral,0.987,2026-03-16T17:49:03.058886,0.587533221757273,2026-03-16T17:49:03.949000,78,,,
participant_20,4,day,Town10HD_Opt,2026-03-16 17:49:04.151783,-65.8709487915039,26.892995834350582,0.0019193649059161,0.0,1.159,0.0,0.0,0,0,1,,1.0,2026-03-16T17:49:04.151783,neutral,0.987,2026-03-16T17:49:03.058886,0.5508571711046905,2026-03-16T17:49:04.939000,77,,,
participant_20,4,day,Town10HD_Opt,2026-03-16 17:49:05.139702,-65.8709487915039,26.892995834350582,0.0019193649059161,0.0,1.159,0.0,0.0,0,0,1,,1.0,2026-03-16T17:49:05.139702,neutral,0.995,2026-03-16T17:49:05.139702,0.6314674308989995,2026-03-16T17:49:05.973000,79,,,
participant_20,4,day,Town10HD_Opt,2026-03-16 17:49:06.116400,-65.8709487915039,26.892995834350582,0.0019193649059161,0.0,1.147,0.0,0.0,0,0,1,,0.898,2026-03-16T17:49:06.116400,neutral,0.995,2026-03-16T17:49:05.139702,0.5936674061202011,2026-03-16T17:49:06.963000,80,,,
participant_20,4,day,Town10HD_Opt,2026-03-16 17:49:07.129757,-65.8709487915039,26.892995834350582,0.0019193649059161,0.0,0.813,0.0,0.0,0,0,1,,1.0,2026-03-16T17:49:07.129757,neutral,0.995,2026-03-16T17:49:05.139702,0.5721896812894496,2026-03-16T17:49:07.953000,79,,,
participant_20,4,day,Town10HD_Opt,2026-03-16 17:49:08.147553,-65.8709487915039,26.892995834350582,0.0019193649059161,0.0,0.552,0.0,0.0,0,0,1,,1.0,2026-03-16T17:49:08.147553,sad,0.496,2026-03-16T17:49:08.147553,0.6426478775281382,2026-03-16T17:49:08.943000,80,,,
participant_20,4,day,Town10HD_Opt,2026-03-16 17:49:09.126168,-65.8709487915039,26.892995834350582,0.0019193649059161,0.0,0.794,0.0,0.0,0,0,1,,1.0,2026-03-16T17:49:09.126168,sad,0.496,2026-03-16T17:49:08.147553,0.6546129589850902,2026-03-16T17:49:09.933000,79,,,
participant_20,4,day,Town10HD_Opt,2026-03-16 17:49:10.154251,-65.8709487915039,26.892995834350582,0.0019193649059161,0.0,0.797,0.0,0.0,0,0,1,,0.959,2026-03-16T17:49:10.154251,neutral,0.56,2026-03-16T17:49:10.154251,0.6094643587800492,2026-03-16T17:49:10.969000,79,,,
participant_20,4,day,Town10HD_Opt,2026-03-16 17:49:11.153177,-65.8709487915039,26.892995834350582,0.0019193649059161,0.0,0.002,0.0,0.0,0,0,1,,0.916,2026-03-16T17:49:11.153177,neutral,0.56,2026-03-16T17:49:10.154251,0.5814241796478736,2026-03-16T17:49:11.958000,80,,,
participant_20,4,day,Town10HD_Opt,2026-03-16 17:49:12.187014,-65.8709487915039,26.892995834350582,0.0019193649059161,0.0,0.258,0.0,0.0,0,0,1,,1.0,2026-03-16T17:49:12.187014,neutral,0.85,2026-03-16T17:49:12.187014,0.6053753561562052,2026-03-16T17:49:12.948000,80,,,
participant_20,4,day,Town10HD_Opt,2026-03-16 17:49:13.271242,-65.8709487915039,26.892995834350582,0.0019193649059161,0.0,-0.642,0.0,0.0,0,0,1,,1.0,2026-03-16T17:49:13.271242,neutral,0.85,2026-03-16T17:49:12.187014,0.6356242761003517,2026-03-16T17:49:13.938000,82,,,
participant_20,4,day,Town10HD_Opt,2026-03-16 17:49:14.314556,-65.8709487915039,26.892995834350582,0.0019193649059161,0.0,-1.549,0.0,0.0,0,0,1,,1.0,2026-03-16T17:49:14.314556,neutral,0.731,2026-03-16T17:49:14.314556,0.6066613828532768,2026-03-16T17:49:14.973000,88,,,
participant_20,4,day,Town10HD_Opt,2026-03-16 17:49:15.328850,-65.8709487915039,26.892995834350582,0.0019193649059161,0.0,-0.364,0.0,0.0,0,0,1,,1.0,2026-03-16T17:49:15.328850,neutral,0.731,2026-03-16T17:49:14.314556,0.5606358131961445,2026-03-16T17:49:15.963000,82,,,
participant_20,4,day,Town10HD_Opt,2026-03-16 17:49:16.376440,-65.8709487915039,26.892995834350582,0.0019193649059161,0.0,0.548,0.0,0.0,0,0,1,,1.0,2026-03-16T17:49:16.376440,neutral,0.91,2026-03-16T17:49:16.376440,0.5762051946405969,2026-03-16T17:49:16.954000,79,,,
participant_20,4,day,Town10HD_Opt,2026-03-16 17:49:17.420703,-65.8709487915039,26.892995834350582,0.0019193649059161,0.0,-0.334,0.0,0.0,0,0,1,,1.0,2026-03-16T17:49:17.420703,neutral,0.91,2026-03-16T17:49:16.376440,0.533558178368883,2026-03-16T17:49:17.943000,81,,,
participant_20,4,day,Town10HD_Opt,2026-03-16 17:49:18.443030,-65.8709487915039,26.892995834350582,0.0019193649059161,0.0,-0.935,0.0,0.0,0,0,1,,1.0,2026-03-16T17:49:18.443030,neutral,0.95,2026-03-16T17:49:18.443030,0.5604555260660097,2026-03-16T17:49:18.933000,81,,,
participant_20,4,day,Town10HD_Opt,2026-03-16 17:49:19.007190,-65.8709487915039,26.892995834350582,0.0019193649059161,0.0,0.122,0.0,0.0,0,0,1,,1.0,2026-03-16T17:49:19.007190,neutral,0.95,2026-03-16T17:49:18.443030,0.5254961277599469,2026-03-16T17:49:18.933000,82,,,
participant_20,4,day,Town10HD_Opt,2026-03-16 17:49:20.053999,-65.8709487915039,26.892995834350582,0.0019193649059161,0.0,0.305,0.0,0.0,0,0,1,,1.0,2026-03-16T17:49:20.053999,neutral,0.95,2026-03-16T17:49:18.443030,0.4911318255566858,2026-03-16T17:49:20.958000,82,,,
participant_20,4,day,Town10HD_Opt,2026-03-16 17:49:21.083763,-65.8709487915039,26.892995834350582,0.0019193649059161,0.0,-0.352,0.0,0.0,0,0,1,,1.0,2026-03-16T17:49:21.083763,neutral,0.869,2026-03-16T17:49:21.083763,0.5201714330425771,2026-03-16T17:49:20.958000,85,,,
participant_20,4,day,Town10HD_Opt,2026-03-16 17:49:22.040330,-65.8709487915039,26.892995834350582,0.0019193649059161,0.0,-0.566,0.0,0.0,0,0,1,,1.0,2026-03-16T17:49:22.040330,neutral,0.869,2026-03-16T17:49:21.083763,0.5017811378366572,2026-03-16T17:49:22.038000,81,,,
participant_20,4,day,Town10HD_Opt,2026-03-16 17:49:23.046361,-65.8709487915039,26.892995834350582,0.0019193649059161,0.0,-0.367,0.0,0.0,0,0,1,,1.0,2026-03-16T17:49:23.046361,neutral,0.869,2026-03-16T17:49:21.083763,0.5028862688047058,2026-03-16T17:49:23.029000,85,,,
participant_20,4,day,Town10HD_Opt,2026-03-16 17:49:24.040449,-65.8709487915039,26.892995834350582,0.0019193649059161,0.0,0.085,0.0,0.0,0,0,1,,1.0,2026-03-16T17:49:24.040449,neutral,0.996,2026-03-16T17:49:24.040449,0.462445496787531,2026-03-16T17:49:23.978000,86,,,
participant_20,4,day,Town10HD_Opt,2026-03-16 17:49:25.057449,-65.8709487915039,26.892995834350582,0.0019193649059161,0.0,-0.106,0.0,0.0,0,0,1,,0.907,2026-03-16T17:49:25.057449,neutral,0.996,2026-03-16T17:49:24.040449,0.4305725829646864,2026-03-16T17:49:25.953000,88,,,
participant_20,4,day,Town10HD_Opt,2026-03-16 17:49:26.034621,-65.8709487915039,26.892995834350582,0.0019193649059161,0.0,1.525,0.0,0.0,0,0,1,,1.0,2026-03-16T17:49:26.034621,neutral,0.996,2026-03-16T17:49:24.040449,0.3084351536104065,2026-03-16T17:49:26.944000,91,,,
participant_20,4,day,Town10HD_Opt,2026-03-16 17:49:27.117996,-65.8709487915039,26.892995834350582,0.0019193649059161,0.0,-0.195,0.0,0.0,0,0,1,,1.0,2026-03-16T17:49:27.117996,neutral,0.982,2026-03-16T17:49:27.117996,0.4100338076725414,2026-03-16T17:49:27.932000,92,,,
participant_20,4,day,Town10HD_Opt,2026-03-16 17:49:28.175419,-65.8709487915039,26.892995834350582,0.0019193649059161,0.0,-0.921,0.0,0.0,0,0,1,,0.839,2026-03-16T17:49:28.175419,neutral,0.982,2026-03-16T17:49:27.117996,0.3607935628201323,2026-03-16T17:49:28.969000,93,,,
participant_20,4,day,Town10HD_Opt,2026-03-16 17:49:29.195212,-65.8709487915039,26.892995834350582,0.0019193649059161,0.0,0.078,0.0,0.0,0,0,1,,1.0,2026-03-16T17:49:29.195212,neutral,0.968,2026-03-16T17:49:29.195212,0.2841718762746347,2026-03-16T17:49:29.959000,93,,,
participant_20,4,day,Town10HD_Opt,2026-03-16 17:49:30.180980,-65.8709487915039,26.892995834350582,0.0019193649059161,0.0,0.446,0.0,0.0,0,0,1,,0.817,2026-03-16T17:49:30.180980,neutral,0.968,2026-03-16T17:49:29.195212,0.3191864775576981,2026-03-16T17:49:30.948000,92,,,
participant_20,4,day,Town10HD_Opt,2026-03-16 17:49:31.194924,-65.8709487915039,26.892995834350582,0.0019193649059161,0.0,0.797,0.0,0.0,0,0,1,,1.0,2026-03-16T17:49:31.194924,neutral,0.968,2026-03-16T17:49:29.195212,0.2052704790030341,2026-03-16T17:49:31.939000,87,,,
participant_20,4,day,Town10HD_Opt,2026-03-16 17:49:32.179146,-65.8709487915039,26.892995834350582,0.0019193649059161,0.0,0.797,0.0,0.0,0,0,1,,1.0,2026-03-16T17:49:32.179146,neutral,0.487,2026-03-16T17:49:32.179146,0.2762769607009217,2026-03-16T17:49:32.974000,90,,,
participant_20,4,day,Town10HD_Opt,2026-03-16 17:49:33.208829,-65.8709487915039,26.892995834350582,0.0019193649059161,0.0,0.79,0.0,0.0,0,0,1,,0.9,2026-03-16T17:49:33.208829,neutral,0.487,2026-03-16T17:49:32.179146,0.257296338857277,2026-03-16T17:49:33.964000,90,,,
participant_20,4,day,Town10HD_Opt,2026-03-16 17:49:34.210752,-65.8709487915039,26.892995834350582,0.0019193649059161,0.0,0.799,0.0,0.0,0,0,1,,1.0,2026-03-16T17:49:34.210752,neutral,0.993,2026-03-16T17:49:34.210752,0.2581050129017446,2026-03-16T17:49:34.953000,90,,,
participant_20,4,day,Town10HD_Opt,2026-03-16 17:49:35.249723,-65.77587890625,26.89798927307129,0.0017018509097397,4.262,0.186,1.0,0.0,0,0,1,,1.0,2026-03-16T17:49:35.249723,neutral,0.993,2026-03-16T17:49:34.210752,0.1591364879858329,2026-03-16T17:49:35.944000,90,,,
participant_20,4,day,Town10HD_Opt,2026-03-16 17:49:36.263385,-64.73762512207031,26.95224952697754,0.0014284515054896,14.604,0.519,0.695,0.0,0,0,1,,1.0,2026-03-16T17:49:36.263385,neutral,0.997,2026-03-16T17:49:36.263385,0.0983816205341057,2026-03-16T17:49:36.934000,90,,,
participant_20,4,day,Town10HD_Opt,2026-03-16 17:49:37.320658,-62.7490463256836,27.06416702270508,0.0019101714715361,19.157,0.531,0.958,0.0,0,0,1,,1.0,2026-03-16T17:49:37.320658,neutral,0.997,2026-03-16T17:49:36.263385,0.1500867781910115,2026-03-16T17:49:37.969000,88,,,
participant_20,4,day,Town10HD_Opt,2026-03-16 17:49:38.362232,-60.1083869934082,27.22058868408203,0.0017155837267637,26.163,0.085,0.956,0.0,0,0,1,,1.0,2026-03-16T17:49:38.362232,neutral,0.995,2026-03-16T17:49:38.362232,0.1233746589567625,2026-03-16T17:49:38.959000,85,,,
participant_20,4,day,Town10HD_Opt,2026-03-16 17:49:39.389102,-56.478363037109375,27.424455642700195,0.001540184020996,37.213,-0.543,0.996,0.0,0,0,1,,1.0,2026-03-16T17:49:39.389102,neutral,0.995,2026-03-16T17:49:38.362232,0.0456276396446848,2026-03-16T17:49:39.949000,84,,,
participant_20,4,day,Town10HD_Opt,2026-03-16 17:49:40.446028,-51.66978454589844,27.653682708740234,0.0015952682588249,45.524,-0.254,0.83,0.0,0,0,1,,1.0,2026-03-16T17:49:40.446028,neutral,0.802,2026-03-16T17:49:40.446028,0.0770726483334325,2026-03-16T17:49:40.939000,84,,,
participant_20,4,day,Town10HD_Opt,2026-03-16 17:49:40.995406,-48.90987014770508,27.771217346191406,0.0016683959402143,48.93,-0.475,0.797,0.0,0,0,1,,1.0,2026-03-16T17:49:40.995406,neutral,0.802,2026-03-16T17:49:40.446028,0.1290026240956532,2026-03-16T17:49:40.939000,84,,,
participant_20,4,day,Town10HD_Opt,2026-03-16 17:49:42.023562,-42.99746322631836,27.95745086669922,0.0020637894049286,49.685,-0.331,0.784,0.0,0,0,1,,1.0,2026-03-16T17:49:42.023562,neutral,0.802,2026-03-16T17:49:40.446028,0.02,2026-03-16T17:49:41.974000,83,,,
participant_20,4,day,Town10HD_Opt,2026-03-16 17:49:43.027871,-37.2540283203125,28.065160751342773,0.0019410705426707,50.693,-0.181,0.0,0.0,0,0,1,,1.0,2026-03-16T17:49:43.027871,neutral,0.921,2026-03-16T17:49:43.027871,0.0725694330678873,2026-03-16T17:49:42.963000,86,,,
participant_20,4,day,Town10HD_Opt,2026-03-16 17:49:44.066841,-31.41692543029785,28.113922119140625,0.0021481323055922,48.718,-1.398,0.748,0.0,0,0,1,,1.0,2026-03-16T17:49:44.066841,neutral,0.921,2026-03-16T17:49:43.027871,0.152640795420732,2026-03-16T17:49:44.943000,90,,,
participant_20,4,day,Town10HD_Opt,2026-03-16 17:49:45.115937,-25.574893951416016,27.996410369873047,0.001999435480684,50.418,-0.002,0.707,0.0,0,0,1,,0.882,2026-03-16T17:49:45.115937,neutral,0.905,2026-03-16T17:49:45.115937,0.0435940675510975,2026-03-16T17:49:45.934000,87,,,
participant_20,4,day,Town10HD_Opt,2026-03-16 17:49:46.206104,-19.807580947875977,27.85285377502441,0.0020013428293168,50.335,2.003,0.68,0.0,0,0,1,,1.0,2026-03-16T17:49:46.206104,neutral,0.905,2026-03-16T17:49:45.115937,0.114286301144039,2026-03-16T17:49:46.968000,88,,,
participant_20,4,day,Town10HD_Opt,2026-03-16 17:49:47.255724,-13.976250648498535,27.89653778076172,0.002154121408239,48.645,-0.566,0.677,0.0,0,0,1,,1.0,2026-03-16T17:49:47.255724,neutral,0.988,2026-03-16T17:49:47.255724,0.0506178619182433,2026-03-16T17:49:47.959000,87,,,
participant_20,4,day,Town10HD_Opt,2026-03-16 17:49:48.290007,-8.194869995117188,27.980499267578125,0.001938171335496,51.134,-0.148,0.0,0.0,0,0,1,,1.0,2026-03-16T17:49:48.290007,neutral,0.988,2026-03-16T17:49:47.255724,0.02,2026-03-16T17:49:48.948000,87,,,
participant_20,4,day,Town10HD_Opt,2026-03-16 17:49:49.300670,-2.371765375137329,28.01433563232422,0.0021277999039739,48.859,0.277,0.653,0.0,0,0,1,,0.827,2026-03-16T17:49:49.300670,neutral,0.9,2026-03-16T17:49:49.300670,0.033222179273016,2026-03-16T17:49:49.938000,84,,,
participant_20,4,day,Town10HD_Opt,2026-03-16 17:49:50.378557,3.4199843406677246,28.03196907043457,0.0019921492785215,50.258,-2.913,0.53,0.0,0,0,1,,1.0,2026-03-16T17:49:50.378557,neutral,0.9,2026-03-16T17:49:49.300670,0.0830302372651634,2026-03-16T17:49:50.973000,81,,,
participant_20,4,day,Town10HD_Opt,2026-03-16 17:49:51.413364,9.267964363098145,27.816356658935547,0.0021057510748505,49.385,0.009,0.703,0.0,0,0,1,,1.0,2026-03-16T17:49:51.413364,neutral,0.993,2026-03-16T17:49:51.413364,0.0669607037663108,2026-03-16T17:49:52.009000,80,,,
participant_20,4,day,Town10HD_Opt,2026-03-16 17:49:52.443751,15.135319709777832,27.59591293334961,0.0020107650198042,50.541,0.968,0.0,0.0,0,0,1,,1.0,2026-03-16T17:49:52.443751,neutral,0.993,2026-03-16T17:49:51.413364,0.0543902331884245,2026-03-16T17:49:52.954000,83,,,
participant_20,4,day,Town10HD_Opt,2026-03-16 17:49:52.996824,18.001684188842773,27.54009056091309,0.00220314017497,47.973,0.045,0.222,0.0,0,0,1,,1.0,2026-03-16T17:49:52.996824,neutral,0.993,2026-03-16T17:49:51.413364,0.0850189131170345,2026-03-16T17:49:52.954000,82,,,
participant_20,4,day,Town10HD_Opt,2026-03-16 17:49:54.065462,23.33668708801269,27.491106033325195,0.0022470473777502,43.657,4.197,0.223,0.0,0,0,1,,1.0,2026-03-16T17:49:54.065462,neutral,0.919,2026-03-16T17:49:54.065462,0.1485585781776325,2026-03-16T17:49:54.936000,84,,,
participant_20,4,day,Town10HD_Opt,2026-03-16 17:49:55.112062,28.16891098022461,27.884483337402344,0.0022406005300581,39.704,9.298,0.275,0.0,0,0,1,,1.0,2026-03-16T17:49:55.112062,neutral,0.919,2026-03-16T17:49:54.065462,0.026186826070568,2026-03-16T17:49:55.968000,83,,,
participant_20,4,day,Town10HD_Opt,2026-03-16 17:49:56.143478,32.35755157470703,29.1417179107666,0.0023132322821766,34.929,14.361,0.0,0.26,0,0,1,,1.0,2026-03-16T17:49:56.143478,neutral,1.0,2026-03-16T17:49:56.143478,0.0421899739883338,2026-03-16T17:49:56.959000,81,,,
participant_20,4,day,Town10HD_Opt,2026-03-16 17:49:57.152233,35.411651611328125,31.07857131958008,0.0024308776482939,27.411,14.646,0.0,0.631,0,0,1,,0.81,2026-03-16T17:49:57.152233,neutral,1.0,2026-03-16T17:49:56.143478,0.0933709329079232,2026-03-16T17:49:57.949000,79,,,errors=Harsh braking
participant_20,4,day,Town10HD_Opt,2026-03-16 17:49:58.142825,37.25394821166992,32.99721908569336,0.0025600814260542,15.084,14.98,0.0,1.0,0,0,1,,1.0,2026-03-16T17:49:58.142825,neutral,1.0,2026-03-16T17:49:56.143478,0.0278587532293215,2026-03-16T17:49:58.939000,80,,,
participant_21,1,day,Town10HD_Opt,2026-03-17 10:00:00.000000,-41.66859436035156,89.7454833984375,0.5804919004440308,21.147,1.951,0.427,0.0,0,0,1,,1.0,2026-03-17T10:00:00,,,2026-03-17T10:00:00,0.5566913421801374,2026-03-17T10:00:00,72,,,
participant_21,1,day,Town10HD_Opt,2026-03-17 10:00:04.544544,-41.65642547607422,84.50389099121094,0.0019295500824227,21.437,2.657,0.43,0.0,0,0,1,,1.0,2026-03-17T10:00:04.544544,,,2026-03-17T10:00:04.544544,0.5788745276207234,2026-03-17T10:00:05.044000,71,,,
participant_21,1,day,Town10HD_Opt,2026-03-17 10:00:05.195202,-41.55411529541016,81.93209838867188,0.0019670105539262,22.928,4.433,0.432,0.0,0,0,1,,0.837,2026-03-17T10:00:05.195202,,,2026-03-17T10:00:04.544544,0.591240674565347,2026-03-17T10:00:06.029000,70,,,
participant_21,1,day,Town10HD_Opt,2026-03-17 10:00:06.192887,-40.988162994384766,77.81613159179688,0.0019896698649972,24.804,10.084,0.434,0.0,0,0,1,,1.0,2026-03-17T10:00:06.192887,,,2026-03-17T10:00:04.544544,0.5931633280514732,2026-03-17T10:00:07.020000,70,,,
participant_21,1,day,Town10HD_Opt,2026-03-17 10:00:07.198326,-39.28924560546875,73.7456283569336,0.0020323561038821,26.123,19.755,0.435,0.0,0,0,1,,1.0,2026-03-17T10:00:07.198326,happy,0.754,2026-03-17T10:00:07.198326,0.5959420646530654,2026-03-17T10:00:07.020000,71,,,
participant_21,1,day,Town10HD_Opt,2026-03-17 10:00:08.185315,-35.89570236206055,70.65522003173828,0.0020606613252311,27.169,22.269,0.436,0.0,0,0,1,,0.91,2026-03-17T10:00:08.185315,happy,0.754,2026-03-17T10:00:07.198326,0.5733054460717105,2026-03-17T10:00:09.044000,67,,,
participant_21,1,day,Town10HD_Opt,2026-03-17 10:00:09.153713,-31.27286148071289,69.48809051513672,0.0020558929536491,28.247,18.001,0.436,0.0,0,0,1,,0.937,2026-03-17T10:00:09.153713,happy,0.754,2026-03-17T10:00:07.198326,0.557646221490562,2026-03-17T10:00:10.034000,68,,,
participant_21,1,day,Town10HD_Opt,2026-03-17 10:00:10.124780,-26.23384475708008,69.91951751708984,0.0020018767099827,29.752,-3.747,0.436,0.0,0,0,1,,0.812,2026-03-17T10:00:10.124780,neutral,0.995,2026-03-17T10:00:10.124780,0.5646200887239528,2026-03-17T10:00:11.024000,70,,,
participant_21,1,day,Town10HD_Opt,2026-03-17 10:00:11.125986,-20.943248748779297,70.19319915771484,0.0020047377329319,30.979,-3.076,0.436,0.0,0,0,1,,0.912,2026-03-17T10:00:11.125986,neutral,0.995,2026-03-17T10:00:10.124780,0.5991236829440716,2026-03-17T10:00:12.015000,73,,,
participant_21,1,day,Town10HD_Opt,2026-03-17 10:00:12.077163,-15.437288284301758,70.06303405761719,0.0020070648752152,32.093,0.604,0.436,0.0,0,0,1,,0.85,2026-03-17T10:00:12.077163,neutral,0.995,2026-03-17T10:00:10.124780,0.5652310531336221,2026-03-17T10:00:12.015000,69,,,
participant_21,1,day,Town10HD_Opt,2026-03-17 10:00:13.007105,-9.747114181518556,69.96466827392578,0.0020115280058234,33.061,0.759,0.436,0.0,0,0,1,,0.846,2026-03-17T10:00:13.007105,neutral,0.858,2026-03-17T10:00:13.007105,0.5084451950033301,2026-03-17T10:00:13.859000,70,,,
participant_21,1,day,Town10HD_Opt,2026-03-17 10:00:14.236821,-2.4751739501953125,70.00944519042969,0.0022682952694594,26.614,0.211,0.0,0.0,0,0,1,,0.842,2026-03-17T10:00:14.236821,neutral,0.858,2026-03-17T10:00:13.007105,0.5700855866839031,2026-03-17T10:00:15.029000,73,,,
participant_21,1,day,Town10HD_Opt,2026-03-17 10:00:15.152157,1.6398546695709229,70.07691955566406,0.0022518921177834,20.046,0.251,0.0,0.0,0,0,1,,0.82,2026-03-17T10:00:15.152157,fear,0.544,2026-03-17T10:00:15.152157,0.4924985047507465,2026-03-17T10:00:16.020000,76,,,
participant_21,1,day,Town10HD_Opt,2026-03-17 10:00:16.078312,4.749279499053955,70.14154815673828,0.0020193862728774,15.432,-0.035,0.0,0.0,0,0,1,,1.0,2026-03-17T10:00:16.078312,fear,0.544,2026-03-17T10:00:15.152157,0.5388337996277553,2026-03-17T10:00:17.011000,74,,,
participant_21,1,day,Town10HD_Opt,2026-03-17 10:00:17.073333,7.155397891998291,70.18988037109375,0.0020175552926957,12.194,-0.108,0.167,0.0,0,0,1,,0.866,2026-03-17T10:00:17.073333,fear,0.544,2026-03-17T10:00:15.152157,0.4928252858812143,2026-03-17T10:00:17.999000,72,,,
participant_21,1,day,Town10HD_Opt,2026-03-17 10:00:18.278552,9.962385177612305,70.24159240722656,0.0019019698956981,12.312,-0.188,0.248,0.0,0,0,1,,0.89,2026-03-17T10:00:18.278552,neutral,0.928,2026-03-17T10:00:18.278552,0.5510206458782414,2026-03-17T10:00:19.079000,71,,,
participant_21,1,day,Town10HD_Opt,2026-03-17 10:00:19.198012,12.200273513793944,70.27617645263672,0.0018848800100386,13.368,-0.287,0.261,0.0,0,0,1,,0.897,2026-03-17T10:00:19.198012,neutral,0.928,2026-03-17T10:00:18.278552,0.4927548618296615,2026-03-17T10:00:20.024000,71,,,
participant_21,1,day,Town10HD_Opt,2026-03-17 10:00:20.149038,14.626827239990234,70.30445861816406,0.0018831252818927,14.407,-0.289,0.27,0.0,0,0,1,,0.893,2026-03-17T10:00:20.149038,neutral,0.928,2026-03-17T10:00:18.278552,0.4796642272261637,2026-03-17T10:00:21.104000,68,,,
participant_21,1,day,Town10HD_Opt,2026-03-17 10:00:21.095266,17.236021041870117,70.32471466064453,0.0018885802710428,15.407,-0.289,0.26,0.0,0,0,1,,0.88,2026-03-17T10:00:21.095266,neutral,0.901,2026-03-17T10:00:21.095266,0.4370984234515879,2026-03-17T10:00:22.005000,70,,,
participant_21,1,day,Town10HD_Opt,2026-03-17 10:00:22.008492,19.820146560668945,70.33377075195312,0.002019424457103,13.063,-0.303,0.0,0.0,0,0,1,,0.84,2026-03-17T10:00:22.008492,neutral,0.901,2026-03-17T10:00:21.095266,0.3986881723779691,2026-03-17T10:00:22.005000,69,,,
participant_21,1,day,Town10HD_Opt,2026-03-17 10:00:23.194704,22.223114013671875,70.333984375,0.0020437622442841,7.436,-0.214,0.0,0.124,0,0,1,,0.81,2026-03-17T10:00:23.194704,neutral,0.841,2026-03-17T10:00:23.194704,0.3890220097916829,2026-03-17T10:00:24.075000,69,,,
participant_21,1,day,Town10HD_Opt,2026-03-17 10:00:24.072972,23.360918045043945,70.33177947998047,0.0019723891746252,5.647,-0.204,0.0,0.0,0,0,1,,0.914,2026-03-17T10:00:24.072972,neutral,0.841,2026-03-17T10:00:23.194704,0.3498236370743962,2026-03-17T10:00:25.020000,72,,,
participant_21,1,day,Town10HD_Opt,2026-03-17 10:00:25.262863,24.48589134216309,70.32818603515625,0.0019570922013372,3.97,-0.16,0.0,0.0,0,0,1,,0.865,2026-03-17T10:00:25.262863,neutral,0.824,2026-03-17T10:00:25.262863,0.3317029391459996,2026-03-17T10:00:26.010000,71,,,
participant_21,1,day,Town10HD_Opt,2026-03-17 10:00:26.276733,25.10440826416016,70.32572174072266,0.0023996734526008,2.999,-0.141,0.0,0.0,0,0,1,,0.893,2026-03-17T10:00:26.276733,neutral,0.824,2026-03-17T10:00:25.262863,0.3317211850951234,2026-03-17T10:00:27,70,,,
participant_21,1,day,Town10HD_Opt,2026-03-17 10:00:27.234992,25.5676383972168,70.3240737915039,0.0034996413160115,2.282,-0.12,0.0,0.0,0,0,1,,0.841,2026-03-17T10:00:27.234992,neutral,0.824,2026-03-17T10:00:25.262863,0.2995223633622629,2026-03-17T10:00:28.080000,70,,,
participant_21,1,day,Town10HD_Opt,2026-03-17 10:00:28.140621,25.92171096801757,70.32215118408203,0.0019016646547243,1.746,-0.12,0.0,0.0,0,0,1,,1.0,2026-03-17T10:00:28.140621,neutral,0.876,2026-03-17T10:00:28.140621,0.3155658313006959,2026-03-17T10:00:29.025000,72,,,
participant_21,1,day,Town10HD_Opt,2026-03-17 10:00:29.122022,26.19365119934082,70.32084655761719,0.0019318008562549,1.34,-0.12,0.0,0.0,0,0,1,,0.814,2026-03-17T10:00:29.122022,neutral,0.876,2026-03-17T10:00:28.140621,0.3251660867428606,2026-03-17T10:00:30.015000,69,,,
participant_21,1,day,Town10HD_Opt,2026-03-17 10:00:30.091452,26.23693084716797,70.32066345214844,0.0019321822328493,0.0,-0.141,0.0,0.303,0,0,1,,1.0,2026-03-17T10:00:30.091452,neutral,0.876,2026-03-17T10:00:28.140621,0.3644270038475553,2026-03-17T10:00:30.015000,70,,,
participant_21,1,day,Town10HD_Opt,2026-03-17 10:00:31.032162,26.23676490783692,70.32066345214844,0.0019155120244249,0.43,-1.819,0.463,0.0,0,0,1,,1.0,2026-03-17T10:00:31.032162,neutral,0.851,2026-03-17T10:00:31.032162,0.361272238016798,2026-03-17T10:00:31.996000,71,,,
participant_21,1,day,Town10HD_Opt,2026-03-17 10:00:32.301195,27.18358993530273,70.29133605957031,0.0017148971091955,8.25,-2.746,0.441,0.0,0,0,1,,0.837,2026-03-17T10:00:32.301195,neutral,0.851,2026-03-17T10:00:31.032162,0.4104523825828362,2026-03-17T10:00:33.030000,73,,,
participant_21,1,day,Town10HD_Opt,2026-03-17 10:00:33.235232,29.05727767944336,70.18875122070312,0.0018085478805005,13.366,-4.143,0.44,0.0,0,0,1,,0.819,2026-03-17T10:00:33.235232,neutral,0.78,2026-03-17T10:00:33.235232,0.4238331002570438,2026-03-17T10:00:34.020000,70,,,
participant_21,1,day,Town10HD_Opt,2026-03-17 10:00:34.167146,31.71364402770996,69.88209533691406,0.0017770766280591,17.479,-6.019,0.44,0.0,0,0,1,,1.0,2026-03-17T10:00:34.167146,neutral,0.78,2026-03-17T10:00:33.235232,0.4884068309279059,2026-03-17T10:00:35.010000,72,,,
participant_21,1,day,Town10HD_Opt,2026-03-17 10:00:35.112123,34.812950134277344,69.1929931640625,0.0020201874431222,18.865,-11.18,0.44,0.0,0,0,1,,0.805,2026-03-17T10:00:35.112123,neutral,0.78,2026-03-17T10:00:33.235232,0.4380734931133042,2026-03-17T10:00:35.999000,71,,,
participant_21,1,day,Town10HD_Opt,2026-03-17 10:00:36.072364,37.92391204833984,67.75324249267578,0.0020494842901825,19.894,-16.746,0.203,0.0,0,0,1,,1.0,2026-03-17T10:00:36.072364,neutral,0.909,2026-03-17T10:00:36.072364,0.3382940766714233,2026-03-17T10:00:37.035000,75,,,
participant_21,1,day,Town10HD_Opt,2026-03-17 10:00:37.018034,40.4273567199707,65.57742309570312,0.002108383225277,18.265,-16.017,0.279,0.0,0,0,1,,0.829,2026-03-17T10:00:37.018034,neutral,0.909,2026-03-17T10:00:36.072364,0.4197901616839498,2026-03-17T10:00:37.035000,75,,,
participant_21,1,day,Town10HD_Opt,2026-03-17 10:00:38.230817,42.61731719970703,61.96150207519531,0.00204429612495,18.199,-15.159,0.282,0.0,0,0,1,,1.0,2026-03-17T10:00:38.230817,neutral,0.818,2026-03-17T10:00:38.230817,0.4355539737021408,2026-03-17T10:00:39.015000,76,,,
participant_21,1,day,Town10HD_Opt,2026-03-17 10:00:39.162720,43.51307678222656,58.91518783569336,0.0020619581919163,18.267,-10.034,0.283,0.0,0,0,1,,1.0,2026-03-17T10:00:39.162720,neutral,0.818,2026-03-17T10:00:38.230817,0.3665907063789225,2026-03-17T10:00:40.004000,74,,,
participant_21,1,day,Town10HD_Opt,2026-03-17 10:00:40.059957,43.98301315307617,55.771087646484375,0.0020458984654396,18.18,-5.791,0.282,0.0,0,0,1,,0.831,2026-03-17T10:00:40.059957,neutral,0.818,2026-03-17T10:00:38.230817,0.4139674389803418,2026-03-17T10:00:40.995000,75,,,
participant_21,1,day,Town10HD_Opt,2026-03-17 10:00:41.284472,44.23702239990234,51.53740692138672,0.002028465270996,18.103,-3.403,0.284,0.0,0,0,1,,0.891,2026-03-17T10:00:41.284472,neutral,0.895,2026-03-17T10:00:41.284472,0.3972551348590171,2026-03-17T10:00:42.030000,73,,,
participant_21,1,day,Town10HD_Opt,2026-03-17 10:00:42.191904,44.21992111206055,48.431640625,0.0019934463780373,16.42,-2.52,0.0,0.0,0,0,1,,1.0,2026-03-17T10:00:42.191904,neutral,0.895,2026-03-17T10:00:41.284472,0.4319561490273149,2026-03-17T10:00:43.020000,75,,,
participant_21,1,day,Town10HD_Opt,2026-03-17 10:00:43.093177,44.13506317138672,45.978641510009766,0.0020261763129383,11.234,-0.938,0.0,0.294,0,0,1,,0.873,2026-03-17T10:00:43.093177,neutral,0.895,2026-03-17T10:00:41.284472,0.4019030624549395,2026-03-17T10:00:44.010000,75,,,
participant_21,1,day,Town10HD_Opt,2026-03-17 10:00:44.278177,44.04859161376953,43.99342727661133,0.002016830490902,6.297,-0.759,0.0,0.0,0,0,1,,0.906,2026-03-17T10:00:44.278177,neutral,0.944,2026-03-17T10:00:44.278177,0.3797352036635637,2026-03-17T10:00:45,75,,,
participant_21,1,day,Town10HD_Opt,2026-03-17 10:00:45.160193,44.00228500366211,43.01316452026367,0.0019641113467514,4.885,-0.548,0.0,0.0,0,0,1,,0.864,2026-03-17T10:00:45.160193,neutral,0.944,2026-03-17T10:00:44.278177,0.3853756659290042,2026-03-17T10:00:46.125000,76,,,
participant_21,1,day,Town10HD_Opt,2026-03-17 10:00:46.108699,43.96725082397461,42.25303649902344,0.0019548796117305,3.629,0.501,0.035,0.0,0,0,1,,0.853,2026-03-17T10:00:46.108699,neutral,0.944,2026-03-17T10:00:44.278177,0.3844258524598113,2026-03-17T10:00:47.026000,78,,,
participant_21,1,day,Town10HD_Opt,2026-03-17 10:00:47.045731,43.94648361206055,41.715965270996094,0.0019435882568359,2.652,0.757,0.03,0.0,0,0,1,,0.819,2026-03-17T10:00:47.045731,neutral,0.908,2026-03-17T10:00:47.045731,0.376829796903173,2026-03-17T10:00:47.026000,76,,,
participant_21,1,day,Town10HD_Opt,2026-03-17 10:00:48.280169,43.93793869018555,41.217098236083984,0.0019462204072624,1.487,4.282,0.016,0.0,0,0,1,,1.0,2026-03-17T10:00:48.280169,neutral,0.908,2026-03-17T10:00:47.045731,0.3327273704468799,2026-03-17T10:00:48.105000,75,,,
participant_21,1,day,Town10HD_Opt,2026-03-17 10:00:49.192325,43.93898391723633,40.99751281738281,0.0019365310436114,1.018,4.497,0.036,0.0,0,0,1,,1.0,2026-03-17T10:00:49.192325,neutral,0.969,2026-03-17T10:00:49.192325,0.377496551130036,2026-03-17T10:00:49.320000,76,,,
participant_21,1,day,Town10HD_Opt,2026-03-17 10:00:50.124198,43.94033050537109,40.85365676879883,0.0019295120146125,0.592,4.497,0.035,0.0,0,0,1,,1.0,2026-03-17T10:00:50.124198,neutral,0.969,2026-03-17T10:00:49.192325,0.3862629306089892,2026-03-17T10:00:50.265000,71,,,
participant_21,1,day,Town10HD_Opt,2026-03-17 10:00:51.057650,43.94156265258789,40.759464263916016,0.001926879864186,0.41,4.669,0.075,0.0,0,0,1,,1.0,2026-03-17T10:00:51.057650,neutral,0.969,2026-03-17T10:00:49.192325,0.3576105409180283,2026-03-17T10:00:51.615000,71,,,
participant_21,1,day,Town10HD_Opt,2026-03-17 10:00:52.252326,43.94272994995117,40.68303680419922,0.0019216918153688,0.26,4.669,0.061,0.0,0,0,1,,1.0,2026-03-17T10:00:52.252326,neutral,0.974,2026-03-17T10:00:52.252326,0.293340613975229,2026-03-17T10:00:53.101000,70,,,
participant_21,1,day,Town10HD_Opt,2026-03-17 10:00:53.162599,43.94337844848633,40.63728332519531,0.0019002532353624,0.527,4.858,0.246,0.0,0,0,1,,1.0,2026-03-17T10:00:53.162599,neutral,0.974,2026-03-17T10:00:52.252326,0.2743959211928714,2026-03-17T10:00:54.046000,74,,,
participant_21,1,day,Town10HD_Opt,2026-03-17 10:00:54.063024,43.95117568969727,40.28965759277344,0.0018345260759815,3.221,4.86,0.252,0.0,0,0,1,,1.0,2026-03-17T10:00:54.063024,neutral,0.974,2026-03-17T10:00:52.252326,0.2576674054738859,2026-03-17T10:00:54.046000,74,,,
participant_21,1,day,Town10HD_Opt,2026-03-17 10:00:55.214374,44.00680541992188,39.094337463378906,0.0018078612629324,7.44,5.633,0.451,0.0,0,0,1,,1.0,2026-03-17T10:00:55.214374,neutral,0.783,2026-03-17T10:00:55.214374,0.2304030591298589,2026-03-17T10:00:55.396000,74,,,
participant_21,1,day,Town10HD_Opt,2026-03-17 10:00:56.165524,44.18118667602539,37.39366912841797,0.0017692183610051,12.318,8.916,0.41,0.0,0,0,1,,1.0,2026-03-17T10:00:56.165524,neutral,0.783,2026-03-17T10:00:55.214374,0.2816324969510459,2026-03-17T10:00:56.197000,79,,,
participant_21,1,day,Town10HD_Opt,2026-03-17 10:00:57.033298,44.7568359375,35.01388931274414,0.0018201827770099,15.941,19.903,0.409,0.0,0,0,1,,0.874,2026-03-17T10:00:57.033298,neutral,0.783,2026-03-17T10:00:55.214374,0.2447067275600615,2026-03-17T10:00:57.149000,79,,,
participant_21,1,day,Town10HD_Opt,2026-03-17 10:00:58.181047,47.01268768310547,31.65785789489746,0.002116355812177,18.402,23.74,0.406,0.0,0,0,1,,0.846,2026-03-17T10:00:58.181047,neutral,0.811,2026-03-17T10:00:58.181047,0.200166123375201,2026-03-17T10:00:58.050000,78,,,
participant_21,1,day,Town10HD_Opt,2026-03-17 10:00:59.115218,49.77162170410156,29.903249740600582,0.0020272063557058,19.747,19.563,0.405,0.0,0,0,1,,0.868,2026-03-17T10:00:59.115218,neutral,0.811,2026-03-17T10:00:58.181047,0.2303577585387147,2026-03-17T10:00:59.625000,75,,,
participant_21,1,day,Town10HD_Opt,2026-03-17 10:01:00.035224,53.20187759399414,28.849342346191406,0.0019948959816247,21.526,4.603,0.4,0.0,0,0,1,,1.0,2026-03-17T10:01:00.035224,neutral,0.811,2026-03-17T10:00:58.181047,0.2336579499193813,2026-03-17T10:01:00.164000,76,,,
participant_21,1,day,Town10HD_Opt,2026-03-17 10:01:01.216590,58.2869758605957,27.63122940063477,0.0019997404888272,23.375,1.02,0.399,0.0,0,0,1,,1.0,2026-03-17T10:01:01.216590,neutral,0.992,2026-03-17T10:01:01.216590,0.2752917316633025,2026-03-17T10:01:02.145000,75,,,
participant_21,1,day,Town10HD_Opt,2026-03-17 10:01:02.090405,62.37915802001953,26.7471866607666,0.0020057295914739,24.546,2.118,0.368,0.0,0,0,1,,0.805,2026-03-17T10:01:02.090405,neutral,0.992,2026-03-17T10:01:01.216590,0.1325630912316776,2026-03-17T10:01:03.042000,74,,,
participant_21,1,day,Town10HD_Opt,2026-03-17 10:01:03.226265,67.84370422363281,25.84797096252441,0.0021765900310128,21.174,2.019,0.074,0.0,0,0,1,,0.865,2026-03-17T10:01:03.226265,neutral,0.831,2026-03-17T10:01:03.226265,0.1447420478473347,2026-03-17T10:01:04.125000,74,,,
participant_21,1,day,Town10HD_Opt,2026-03-17 10:01:04.091943,71.17967224121094,25.46476173400879,0.0019056319724768,17.564,1.984,0.068,0.0,0,0,1,,1.0,2026-03-17T10:01:04.091943,neutral,0.831,2026-03-17T10:01:03.226265,0.2943612942605933,2026-03-17T10:01:04.125000,73,,,
participant_21,1,day,Town10HD_Opt,2026-03-17 10:01:05.219663,74.68693542480469,25.19791030883789,0.0020376204047352,12.4,1.958,0.0,0.065,0,0,1,,0.89,2026-03-17T10:01:05.219663,neutral,0.831,2026-03-17T10:01:03.226265,0.1658310829859825,2026-03-17T10:01:06.015000,75,,,
participant_21,1,day,Town10HD_Opt,2026-03-17 10:01:06.066448,76.55339050292969,25.11084747314453,0.0020167923066765,9.034,1.812,0.0,0.0,0,0,1,,0.921,2026-03-17T10:01:06.066448,neutral,0.798,2026-03-17T10:01:06.066448,0.1789863964222475,2026-03-17T10:01:06.015000,78,,,
participant_21,1,day,Town10HD_Opt,2026-03-17 10:01:07.209096,78.35443878173828,25.05602264404297,0.0019800949376076,6.361,1.528,0.0,0.0,0,0,1,,0.887,2026-03-17T10:01:07.209096,neutral,0.798,2026-03-17T10:01:06.066448,0.1852519165756298,2026-03-17T10:01:07.097000,77,,,
participant_21,1,day,Town10HD_Opt,2026-03-17 10:01:08.061991,79.34513854980469,25.03758430480957,0.0019658280070871,4.884,1.521,0.0,0.0,0,0,1,,0.907,2026-03-17T10:01:08.061991,neutral,0.798,2026-03-17T10:01:06.066448,0.1394589853244616,2026-03-17T10:01:08.354000,78,,,
participant_21,1,day,Town10HD_Opt,2026-03-17 10:01:09.240401,80.31788635253906,25.027814865112305,0.0019520187051966,3.433,1.511,0.0,0.0,0,0,1,,0.941,2026-03-17T10:01:09.240401,neutral,0.98,2026-03-17T10:01:09.240401,0.1446017448376015,2026-03-17T10:01:10.064000,76,,,
participant_21,1,day,Town10HD_Opt,2026-03-17 10:01:10.079594,80.85263061523438,25.025924682617188,0.0019443130586296,2.636,1.499,0.0,0.0,0,0,1,,0.939,2026-03-17T10:01:10.079594,neutral,0.98,2026-03-17T10:01:09.240401,0.1407303707260103,2026-03-17T10:01:10.064000,75,,,
participant_21,1,day,Town10HD_Opt,2026-03-17 10:01:11.224198,81.3740005493164,25.02642250061035,0.0019490432459861,1.647,1.485,0.048,0.0,0,0,1,,0.922,2026-03-17T10:01:11.224198,neutral,0.98,2026-03-17T10:01:09.240401,0.1095164956195662,2026-03-17T10:01:11.145000,73,,,
participant_21,1,day,Town10HD_Opt,2026-03-17 10:01:12.142743,81.62269592285156,25.027421951293945,0.0019149398431181,1.412,1.481,0.0,0.0,0,0,1,,0.918,2026-03-17T10:01:12.142743,neutral,0.994,2026-03-17T10:01:12.142743,0.2219740046309749,2026-03-17T10:01:13.035000,74,,,
participant_21,1,day,Town10HD_Opt,2026-03-17 10:01:13.069140,81.84718322753906,25.02865028381348,0.001928825280629,1.11,1.358,0.0,0.0,0,0,1,,0.83,2026-03-17T10:01:13.069140,neutral,0.994,2026-03-17T10:01:12.142743,0.251282677087155,2026-03-17T10:01:14.023000,72,,,
participant_21,1,day,Town10HD_Opt,2026-03-17 10:01:14.215809,82.06830596923828,25.030311584472656,0.0019265746232122,0.781,1.405,0.0,0.0,0,0,1,,1.0,2026-03-17T10:01:14.215809,neutral,0.898,2026-03-17T10:01:14.215809,0.1603964574716778,2026-03-17T10:01:15.061000,72,,,
participant_21,1,day,Town10HD_Opt,2026-03-17 10:01:15.079615,82.18994140625,25.03138542175293,0.0019248580792918,0.599,1.405,0.0,0.0,0,0,1,,1.0,2026-03-17T10:01:15.079615,neutral,0.898,2026-03-17T10:01:14.215809,0.2474483116461571,2026-03-17T10:01:15.061000,71,,,
participant_21,1,day,Town10HD_Opt,2026-03-17 10:01:16.250635,82.30940246582031,25.03249168395996,0.0019229887984693,0.422,1.405,0.0,0.0,0,0,1,,0.882,2026-03-17T10:01:16.250635,neutral,0.987,2026-03-17T10:01:16.250635,0.2126812497947833,2026-03-17T10:01:16.053000,74,,,
participant_21,1,day,Town10HD_Opt,2026-03-17 10:01:17.126831,82.3750991821289,25.033178329467773,0.001922111492604,0.329,1.405,0.0,0.0,0,0,1,,0.869,2026-03-17T10:01:17.126831,neutral,0.987,2026-03-17T10:01:16.250635,0.2588393471901333,2026-03-17T10:01:17.220000,71,,,
participant_21,1,day,Town10HD_Opt,2026-03-17 10:01:18.230057,82.43962097167969,25.033878326416016,0.0019211958860978,0.228,1.405,0.0,0.0,0,0,1,,0.858,2026-03-17T10:01:18.230057,neutral,0.987,2026-03-17T10:01:16.250635,0.2261923868817245,2026-03-17T10:01:19.113000,70,,,
participant_21,1,day,Town10HD_Opt,2026-03-17 10:01:19.072634,82.47509765625,25.03430938720703,0.001920623704791,0.175,1.405,0.0,0.0,0,0,1,,0.859,2026-03-17T10:01:19.072634,neutral,0.997,2026-03-17T10:01:19.072634,0.24839627693581,2026-03-17T10:01:19.113000,71,,,
participant_21,1,day,Town10HD_Opt,2026-03-17 10:01:20.198252,82.50994873046875,25.03468894958496,0.0019201659597456,0.123,1.405,0.0,0.0,0,0,1,,0.926,2026-03-17T10:01:20.198252,neutral,0.997,2026-03-17T10:01:19.072634,0.2329873013635719,2026-03-17T10:01:21.045000,74,,,
participant_21,1,day,Town10HD_Opt,2026-03-17 10:01:21.042114,82.52912902832031,25.03494644165039,0.0019198989029973,0.095,1.405,0.0,0.0,0,0,1,,0.852,2026-03-17T10:01:21.042114,neutral,0.997,2026-03-17T10:01:19.072634,0.1877322119102485,2026-03-17T10:01:21.045000,72,,,
participant_21,1,day,Town10HD_Opt,2026-03-17 10:01:22.162202,82.54796600341797,25.03512954711914,0.0019195555942133,0.067,1.405,0.0,0.0,0,0,1,,0.946,2026-03-17T10:01:22.162202,neutral,0.991,2026-03-17T10:01:22.162202,0.2222651281561439,2026-03-17T10:01:23.070000,77,,,
participant_21,1,day,Town10HD_Opt,2026-03-17 10:01:23.151994,82.55831909179688,25.035274505615234,0.0019194793421775,0.051,1.424,0.0,0.0,0,0,1,,0.869,2026-03-17T10:01:23.151994,neutral,0.991,2026-03-17T10:01:22.162202,0.2272303755909228,2026-03-17T10:01:24.060000,77,,,
participant_21,1,day,Town10HD_Opt,2026-03-17 10:01:24.122107,82.56626892089844,25.03542900085449,0.0019193267216905,0.039,1.499,0.0,0.0,0,0,1,,0.875,2026-03-17T10:01:24.122107,neutral,0.991,2026-03-17T10:01:22.162202,0.260846573349807,2026-03-17T10:01:25.006000,74,,,
participant_21,1,day,Town10HD_Opt,2026-03-17 10:01:25.011292,82.57238006591797,25.03558349609375,0.001919288537465,0.03,2.111,0.0,0.0,0,0,1,,1.0,2026-03-17T10:01:25.011292,neutral,0.995,2026-03-17T10:01:25.011292,0.2210624722543002,2026-03-17T10:01:25.006000,75,,,
participant_21,1,day,Town10HD_Opt,2026-03-17 10:01:26.172264,82.61416625976562,25.036516189575195,0.001860580407083,1.17,3.339,0.305,0.0,0,0,1,,0.906,2026-03-17T10:01:26.172264,neutral,0.995,2026-03-17T10:01:25.011292,0.1520571848127998,2026-03-17T10:01:26.043000,70,,,
participant_21,1,day,Town10HD_Opt,2026-03-17 10:01:27.054220,83.2729263305664,25.05613136291504,0.0016604994889348,8.022,2.916,0.579,0.0,0,0,1,,0.921,2026-03-17T10:01:27.054220,neutral,0.997,2026-03-17T10:01:27.054220,0.1542632028379311,2026-03-17T10:01:28.021000,71,,,
participant_21,1,day,Town10HD_Opt,2026-03-17 10:01:28.249697,86.22283172607422,25.22156143188477,0.0016992187593132,17.54,2.901,0.552,0.0,0,0,1,,0.904,2026-03-17T10:01:28.249697,neutral,0.997,2026-03-17T10:01:27.054220,0.2020076320973002,2026-03-17T10:01:29.010000,70,,,
participant_21,1,day,Town10HD_Opt,2026-03-17 10:01:29.127039,89.50675201416016,25.498031616210938,0.0019507217220962,20.48,-3.233,0.499,0.0,0,0,1,,0.939,2026-03-17T10:01:29.127039,neutral,0.996,2026-03-17T10:01:29.127039,0.1506917764161141,2026-03-17T10:01:29.010000,67,,,
participant_21,1,day,Town10HD_Opt,2026-03-17 10:01:30.010474,93.36847686767578,25.46356201171875,0.001934242201969,24.062,-11.595,0.499,0.0,0,0,1,,0.966,2026-03-17T10:01:30.010474,neutral,0.996,2026-03-17T10:01:29.127039,0.162522965715068,2026-03-17T10:01:30.186000,70,,,
participant_21,1,day,Town10HD_Opt,2026-03-17 10:01:31.169751,98.98686981201172,23.465728759765625,0.0019837187137454,27.923,-17.588,0.499,0.0,0,0,1,,0.83,2026-03-17T10:01:31.169751,neutral,0.992,2026-03-17T10:01:31.169751,0.1719987489165139,2026-03-17T10:01:32.025000,69,,,
participant_21,1,day,Town10HD_Opt,2026-03-17 10:01:32.053842,102.54901123046876,19.88290977478028,0.0019877625163644,30.37,-13.392,0.331,0.0,0,0,1,,0.91,2026-03-17T10:01:32.053842,neutral,0.992,2026-03-17T10:01:31.169751,0.0988521035308635,2026-03-17T10:01:33.015000,72,,,
participant_21,1,day,Town10HD_Opt,2026-03-17 10:01:33.238176,105.146484375,13.917386054992676,0.0022299194242805,24.473,-9.571,0.328,0.0,0,0,1,,0.971,2026-03-17T10:01:33.238176,neutral,0.998,2026-03-17T10:01:33.238176,0.1798985158752448,2026-03-17T10:01:34.005000,70,,,
participant_21,1,day,Town10HD_Opt,2026-03-17 10:01:34.184418,105.86516571044922,9.8390474319458,0.0020856857299804,23.12,-4.915,0.305,0.0,0,0,1,,1.0,2026-03-17T10:01:34.184418,neutral,0.998,2026-03-17T10:01:33.238176,0.2232453191835912,2026-03-17T10:01:34.005000,70,,,
participant_21,1,day,Town10HD_Opt,2026-03-17 10:01:35.029859,106.18614196777344,5.870345115661621,0.0020666504278779,22.423,-2.819,0.309,0.0,0,0,1,,0.84,2026-03-17T10:01:35.029859,neutral,0.998,2026-03-17T10:01:33.238176,0.0765972795776205,2026-03-17T10:01:35.220000,72,,,
participant_21,1,day,Town10HD_Opt,2026-03-17 10:01:36.136042,106.30787658691406,0.73024582862854,0.0020603942684829,21.683,-0.411,0.31,0.0,0,0,1,,0.817,2026-03-17T10:01:36.136042,neutral,0.962,2026-03-17T10:01:36.136042,0.1587104135030099,2026-03-17T10:01:36.166000,74,,,
participant_21,1,day,Town10HD_Opt,2026-03-17 10:01:37.060144,106.36124420166016,-3.02115535736084,0.0020575332455337,21.227,0.611,0.311,0.0,0,0,1,,0.844,2026-03-17T10:01:37.060144,neutral,0.962,2026-03-17T10:01:36.136042,0.1145516970112389,2026-03-17T10:01:38.010000,74,,,
participant_21,1,day,Town10HD_Opt,2026-03-17 10:01:38.155467,106.49718475341795,-7.908874988555908,0.0020546722225844,20.728,0.877,0.312,0.0,0,0,1,,0.878,2026-03-17T10:01:38.155467,neutral,0.982,2026-03-17T10:01:38.155467,0.1734240524104756,2026-03-17T10:01:38.010000,73,,,
participant_21,1,day,Town10HD_Opt,2026-03-17 10:01:39.234808,106.73697662353516,-12.685590744018556,0.0020528030581772,20.297,0.954,0.312,0.0,0,0,1,,0.944,2026-03-17T10:01:39.234808,neutral,0.982,2026-03-17T10:01:38.155467,0.1744628112092286,2026-03-17T10:01:40.035000,73,,,
participant_21,1,day,Town10HD_Opt,2026-03-17 10:01:40.088901,106.987548828125,-16.203828811645508,0.0020518111996352,20.041,0.945,0.312,0.0,0,0,1,,0.901,2026-03-17T10:01:40.088901,neutral,0.982,2026-03-17T10:01:38.155467,0.1799781138698107,2026-03-17T10:01:40.035000,72,,,
participant_21,1,day,Town10HD_Opt,2026-03-17 10:01:41.165898,107.40987396240234,-20.81748962402344,0.0020505141001194,19.721,0.931,0.312,0.0,0,0,1,,0.862,2026-03-17T10:01:41.165898,neutral,0.954,2026-03-17T10:01:41.165898,0.191161810740451,2026-03-17T10:01:41.121000,73,,,
participant_21,1,day,Town10HD_Opt,2026-03-17 10:01:42.233035,107.89735412597656,-25.354591369628903,0.0020497131627053,19.444,-1.415,0.312,0.0,0,0,1,,0.865,2026-03-17T10:01:42.233035,neutral,0.954,2026-03-17T10:01:41.165898,0.1447614512840179,2026-03-17T10:01:43.006000,76,,,
participant_21,1,day,Town10HD_Opt,2026-03-17 10:01:43.069449,108.10860443115234,-28.7272891998291,0.0020503615960478,19.245,-4.091,0.313,0.0,0,0,1,,0.91,2026-03-17T10:01:43.069449,neutral,0.954,2026-03-17T10:01:41.165898,0.1105695126569785,2026-03-17T10:01:43.006000,75,,,
participant_21,1,day,Town10HD_Opt,2026-03-17 10:01:44.157191,108.00432586669922,-33.184600830078125,0.0020488356240093,19.045,-4.851,0.313,0.0,0,0,1,,0.945,2026-03-17T10:01:44.157191,neutral,0.985,2026-03-17T10:01:44.157191,0.1563702851858388,2026-03-17T10:01:44.265000,76,,,
participant_21,1,day,Town10HD_Opt,2026-03-17 10:01:45.031541,107.5957489013672,-36.47444152832031,0.0020496367942541,18.92,-5.971,0.313,0.0,0,0,1,,0.949,2026-03-17T10:01:45.031541,neutral,0.985,2026-03-17T10:01:44.157191,0.1345154049523071,2026-03-17T10:01:45.221000,76,,,
participant_21,1,day,Town10HD_Opt,2026-03-17 10:01:46.121911,106.51716613769533,-40.72343826293945,0.002049942035228,18.767,-6.535,0.314,0.0,0,0,1,,0.953,2026-03-17T10:01:46.121911,neutral,0.985,2026-03-17T10:01:44.157191,0.1671433136865931,2026-03-17T10:01:47.021000,74,,,
participant_21,1,day,Town10HD_Opt,2026-03-17 10:01:47.003158,105.30205535888672,-43.775760650634766,0.0020174789242446,19.311,-6.478,0.432,0.0,0,0,1,,0.944,2026-03-17T10:01:47.003158,neutral,0.97,2026-03-17T10:01:47.003158,0.1603100164831548,2026-03-17T10:01:47.021000,76,,,
participant_21,1,day,Town10HD_Opt,2026-03-17 10:01:48.097108,102.86799621582033,-48.08879470825195,0.0018215179443359,25.771,-5.971,0.875,0.0,0,0,1,,0.931,2026-03-17T10:01:48.097108,neutral,0.97,2026-03-17T10:01:47.003158,0.1389785189002807,2026-03-17T10:01:49.036000,71,,,
participant_21,1,day,Town10HD_Opt,2026-03-17 10:01:49.189535,97.76221466064452,-54.36912536621094,0.0015545653877779,45.426,-4.266,1.0,0.0,0,0,1,,0.907,2026-03-17T10:01:49.189535,neutral,0.993,2026-03-17T10:01:49.189535,0.1718485443009383,2026-03-17T10:01:50.025000,72,,,
participant_21,1,day,Town10HD_Opt,2026-03-17 10:01:50.035944,91.19364166259766,-60.15657043457031,0.0021006392780691,49.276,-5.229,1.0,0.0,0,0,1,,0.901,2026-03-17T10:01:50.035944,neutral,0.993,2026-03-17T10:01:49.189535,0.2105080616835007,2026-03-17T10:01:50.025000,73,,,
participant_21,1,day,Town10HD_Opt,2026-03-17 10:01:51.179086,80.84230041503906,-65.18111419677734,0.0021731567103415,48.754,-5.276,0.948,0.0,0,0,1,,0.94,2026-03-17T10:01:51.179086,neutral,0.993,2026-03-17T10:01:49.189535,0.2146264153095516,2026-03-17T10:01:52.006000,69,,,
participant_21,1,day,Town10HD_Opt,2026-03-17 10:01:52.063755,72.21703338623047,-66.74297332763672,0.002147369319573,49.338,-1.608,0.944,0.0,0,0,1,,0.939,2026-03-17T10:01:52.063755,neutral,0.984,2026-03-17T10:01:52.063755,0.1640193092451989,2026-03-17T10:01:52.006000,72,,,
participant_21,1,day,Town10HD_Opt,2026-03-17 10:01:53.003544,63.49160003662109,-67.58177947998047,0.00217468268238,48.739,-2.148,0.945,0.0,0,0,1,,0.942,2026-03-17T10:01:53.003544,neutral,0.984,2026-03-17T10:01:52.063755,0.2007471824271966,2026-03-17T10:01:53.130000,71,,,
participant_21,1,day,Town10HD_Opt,2026-03-17 10:01:54.227999,51.84069061279297,-67.71527099609375,0.0019427490187808,51.365,-0.059,0.0,0.0,0,0,1,,0.896,2026-03-17T10:01:54.227999,neutral,0.964,2026-03-17T10:01:54.227999,0.0941192839648406,2026-03-17T10:01:55.021000,72,,,
participant_21,1,day,Town10HD_Opt,2026-03-17 10:01:55.160627,43.06296920776367,-67.55892944335938,0.0019892118871212,50.333,1.121,0.948,0.0,0,0,1,,0.875,2026-03-17T10:01:55.160627,neutral,0.964,2026-03-17T10:01:54.227999,0.1428124039804003,2026-03-17T10:01:56.011000,72,,,
participant_21,1,day,Town10HD_Opt,2026-03-17 10:01:56.069570,34.265830993652344,-67.68601989746094,0.0020378492772579,50.407,0.157,0.943,0.0,0,0,1,,0.832,2026-03-17T10:01:56.069570,neutral,0.964,2026-03-17T10:01:54.227999,0.0453883271407944,2026-03-17T10:01:56.011000,70,,,
participant_21,1,day,Town10HD_Opt,2026-03-17 10:01:57.209918,23.042123794555664,-67.8914566040039,0.0023842619266361,41.011,-0.207,0.0,0.0,0,0,1,,0.927,2026-03-17T10:01:57.209918,neutral,0.992,2026-03-17T10:01:57.209918,0.1622296557606507,2026-03-17T10:01:58.036000,73,,,
participant_21,1,day,Town10HD_Opt,2026-03-17 10:01:58.107082,16.635047912597656,-67.91863250732422,0.0023324585054069,31.734,0.096,0.0,0.0,0,0,1,,0.94,2026-03-17T10:01:58.107082,neutral,0.992,2026-03-17T10:01:57.209918,0.2280507732205564,2026-03-17T10:01:58.036000,71,,,
participant_21,1,day,Town10HD_Opt,2026-03-17 10:01:59.230871,10.321465492248535,-67.96007537841797,0.0022658538073301,22.089,0.045,0.0,0.0,0,0,1,,0.857,2026-03-17T10:01:59.230871,neutral,0.986,2026-03-17T10:01:59.230871,0.2341096051635085,,75,,,
participant_21,1,day,Town10HD_Opt,2026-03-17 10:02:00.095856,6.9065117835998535,-67.98713684082031,0.0019255065126344,17.724,0.068,0.485,0.0,0,0,1,,0.832,2026-03-17T10:02:00.095856,neutral,0.986,2026-03-17T10:01:59.230871,0.1943712973238117,,73,,,
participant_21,1,day,Town10HD_Opt,2026-03-17 10:02:01.207839,2.4185376167297363,-68.02913665771484,0.0018556975992396,22.911,0.162,0.75,0.0,0,0,1,,0.888,2026-03-17T10:02:01.207839,neutral,0.986,2026-03-17T10:01:59.230871,0.3014890601212746,2026-03-17T10:02:02.041000,75,,,
participant_21,1,day,Town10HD_Opt,2026-03-17 10:02:02.033101,-2.4753096103668213,-68.09300994873047,0.001560668926686,35.917,0.181,1.0,0.0,0,0,1,,0.89,2026-03-17T10:02:02.033101,neutral,0.963,2026-03-17T10:02:02.033101,0.2633388655332552,2026-03-17T10:02:02.041000,76,,,
participant_21,1,day,Town10HD_Opt,2026-03-17 10:02:03.139042,-12.967782974243164,-68.28583526611328,0.0017094803042709,52.016,-0.644,0.0,0.237,0,0,1,,0.884,2026-03-17T10:02:03.139042,neutral,0.963,2026-03-17T10:02:02.033101,0.3681113396432718,2026-03-17T10:02:04.065000,78,,,
participant_21,1,day,Town10HD_Opt,2026-03-17 10:02:04.252853,-23.71253776550293,-68.07282257080078,0.0023405456449836,39.493,0.134,0.192,0.0,0,0,1,,0.931,2026-03-17T10:02:04.252853,neutral,0.995,2026-03-17T10:02:04.252853,0.2374361478489519,2026-03-17T10:02:05.055000,78,,,
participant_21,1,day,Town10HD_Opt,2026-03-17 10:02:05.118139,-30.191802978515625,-67.7920913696289,0.0021538925357162,35.403,3.377,0.492,0.0,0,0,1,,0.836,2026-03-17T10:02:05.118139,neutral,0.995,2026-03-17T10:02:04.252853,0.3591204841914248,2026-03-17T10:02:05.055000,78,,,
participant_21,1,day,Town10HD_Opt,2026-03-17 10:02:06.279349,-38.7661247253418,-68.21566009521484,0.0019276046659797,39.223,-0.002,0.589,0.0,0,0,1,,0.846,2026-03-17T10:02:06.279349,neutral,0.987,2026-03-17T10:02:06.279349,0.4338129979632056,2026-03-17T10:02:05.055000,77,,,
participant_21,1,day,Town10HD_Opt,2026-03-17 10:02:07.145446,-45.90364456176758,-68.66493225097656,0.0019417953444644,42.542,-0.562,0.556,0.0,0,0,1,,0.847,2026-03-17T10:02:07.145446,neutral,0.987,2026-03-17T10:02:06.279349,0.4429240148119168,2026-03-17T10:02:07.263000,75,,,
participant_21,1,day,Town10HD_Opt,2026-03-17 10:02:08.006441,-53.54489517211914,-68.99908447265625,0.0019547652918845,45.008,-0.818,0.578,0.0,0,0,1,,0.83,2026-03-17T10:02:08.006441,neutral,0.987,2026-03-17T10:02:06.279349,0.3904572083062841,2026-03-17T10:02:08.610000,75,,,
participant_21,1,day,Town10HD_Opt,2026-03-17 10:02:09.132800,-64.4658432006836,-69.09954071044922,0.0019602584652602,48.612,-0.557,0.578,0.0,0,0,1,,1.0,2026-03-17T10:02:09.132800,neutral,0.991,2026-03-17T10:02:09.132800,0.4100105824474445,2026-03-17T10:02:09.285000,74,,,
participant_21,1,day,Town10HD_Opt,2026-03-17 10:02:10.242465,-76.05730438232422,-68.63628387451172,0.0021067427005618,49.273,-5.65,0.561,0.0,0,0,1,,0.849,2026-03-17T10:02:10.242465,neutral,0.991,2026-03-17T10:02:09.132800,0.3537565221400933,2026-03-17T10:02:11.041000,74,,,
participant_21,1,day,Town10HD_Opt,2026-03-17 10:02:11.083842,-84.34764099121094,-66.56623077392578,0.0020187378395348,49.491,-7.342,0.56,0.0,0,0,1,,0.954,2026-03-17T10:02:11.083842,neutral,0.991,2026-03-17T10:02:09.132800,0.3410882355162829,2026-03-17T10:02:12.031000,76,,,
participant_21,1,day,Town10HD_Opt,2026-03-17 10:02:12.228456,-94.34932708740234,-60.69673156738281,0.00205680844374,49.447,-0.898,0.58,0.0,0,0,1,,0.897,2026-03-17T10:02:12.228456,neutral,0.979,2026-03-17T10:02:12.228456,0.3539465957881086,2026-03-17T10:02:12.031000,74,,,
participant_21,1,day,Town10HD_Opt,2026-03-17 10:02:13.073080,-101.19422912597656,-55.2623291015625,0.0021094130352139,49.011,-6.083,0.58,0.0,0,0,1,,0.914,2026-03-17T10:02:13.073080,neutral,0.979,2026-03-17T10:02:12.228456,0.3252607336430464,2026-03-17T10:02:13.561000,76,,,errors=Solid line crossing
participant_21,1,day,Town10HD_Opt,2026-03-17 10:02:14.252043,-108.15816497802734,-46.09793472290039,0.0019956969190388,50.509,-7.375,0.0,0.0,0,0,1,,0.844,2026-03-17T10:02:14.252043,neutral,0.957,2026-03-17T10:02:14.252043,0.2651733204755835,2026-03-17T10:02:15.046000,77,,,
participant_21,1,day,Town10HD_Opt,2026-03-17 10:02:15.156533,-110.87433624267578,-37.94725036621094,0.0020289230160415,49.342,-4.926,0.571,0.0,0,0,1,,0.888,2026-03-17T10:02:15.156533,neutral,0.957,2026-03-17T10:02:14.252043,0.3433064682141812,2026-03-17T10:02:16.036000,76,,,
participant_21,1,day,Town10HD_Opt,2026-03-17 10:02:16.087971,-111.81173706054688,-29.26047706604004,0.0020705794449895,49.472,-1.958,0.283,0.0,0,0,1,,0.903,2026-03-17T10:02:16.087971,neutral,0.957,2026-03-17T10:02:14.252043,0.3352899017658269,2026-03-17T10:02:16.036000,76,,,
participant_21,1,day,Town10HD_Opt,2026-03-17 10:02:17.010645,-111.82855224609376,-21.23359107971192,0.0023854444734752,39.971,-2.066,0.0,0.292,0,0,1,,0.801,2026-03-17T10:02:17.010645,neutral,0.971,2026-03-17T10:02:17.010645,0.3088528484555805,2026-03-17T10:02:17.835000,78,,,
participant_21,1,day,Town10HD_Opt,2026-03-17 10:02:18.265788,-111.35724639892578,-13.600229263305664,0.0024037170223891,25.414,1.584,0.0,0.656,0,0,1,,0.904,2026-03-17T10:02:18.265788,neutral,0.971,2026-03-17T10:02:17.010645,0.324341731254422,2026-03-17T10:02:19.141000,79,,,
participant_21,1,day,Town10HD_Opt,2026-03-17 10:02:19.153194,-111.21424865722656,-10.063547134399414,0.002108383225277,15.191,1.37,0.0,0.551,0,0,1,,0.937,2026-03-17T10:02:19.153194,neutral,0.963,2026-03-17T10:02:19.153194,0.3683416167634324,2026-03-17T10:02:20.086000,77,,,
participant_21,1,day,Town10HD_Opt,2026-03-17 10:02:20.085762,-111.14739227294922,-7.99657678604126,0.0021396256051957,8.119,-2.377,0.0,0.492,0,0,1,,0.93,2026-03-17T10:02:20.085762,neutral,0.963,2026-03-17T10:02:19.153194,0.429671824762446,2026-03-17T10:02:21.030000,77,,,
participant_21,1,day,Town10HD_Opt,2026-03-17 10:02:21.264501,-111.11153411865234,-7.370133399963379,0.0019888686947524,0.014,-1.711,0.0,0.0,0,0,1,,0.952,2026-03-17T10:02:21.264501,neutral,0.919,2026-03-17T10:02:21.264501,0.3631236834655598,2026-03-17T10:02:22.021000,78,,,
participant_21,1,day,Town10HD_Opt,2026-03-17 10:02:22.210996,-111.11153411865234,-7.36697244644165,0.0019200515234842,0.155,-0.228,0.124,0.0,0,0,1,,0.896,2026-03-17T10:02:22.210996,neutral,0.919,2026-03-17T10:02:21.264501,0.3523725285977433,2026-03-17T10:02:23.146000,77,,,
participant_21,1,day,Town10HD_Opt,2026-03-17 10:02:23.119144,-111.10665130615234,-7.256490230560303,0.0018455123063176,1.938,-0.197,0.232,0.0,0,0,1,,0.839,2026-03-17T10:02:23.119144,neutral,0.919,2026-03-17T10:02:21.264501,0.3522922480248159,2026-03-17T10:02:23.146000,81,,,
participant_21,1,day,Town10HD_Opt,2026-03-17 10:02:24.013627,-111.08212280273438,-6.733248710632324,0.0018446350004523,4.135,-0.007,0.0,0.0,0,0,1,,1.0,2026-03-17T10:02:24.013627,fear,0.666,2026-03-17T10:02:24.013627,0.3636788408240925,2026-03-17T10:02:24.091000,78,,,
participant_21,1,day,Town10HD_Opt,2026-03-17 10:02:25.199860,-111.06300354003906,-6.31973934173584,0.0019671630579978,0.0,0.031,0.0,0.113,0,0,1,,1.0,2026-03-17T10:02:25.199860,fear,0.666,2026-03-17T10:02:24.013627,0.3409708761983732,2026-03-17T10:02:25.397000,77,,,
participant_21,1,day,Town10HD_Opt,2026-03-17 10:02:26.073576,-111.06300354003906,-6.319239139556885,0.0019204712007194,0.007,0.031,0.0,0.0,0,0,1,,0.949,2026-03-17T10:02:26.073576,fear,0.709,2026-03-17T10:02:26.073576,0.354126303930627,2026-03-17T10:02:25.397000,77,,,
participant_21,1,day,Town10HD_Opt,2026-03-17 10:02:27.194267,-111.06300354003906,-6.319097995758057,0.0019189452286809,0.006,0.103,0.0,0.0,0,0,1,,0.838,2026-03-17T10:02:27.194267,fear,0.709,2026-03-17T10:02:26.073576,0.3166519629648917,2026-03-17T10:02:27.065000,76,,,
participant_21,1,day,Town10HD_Opt,2026-03-17 10:02:28.056407,-111.06300354003906,-6.319151401519775,0.0019187545403838,0.006,0.103,0.0,0.0,0,0,1,,1.0,2026-03-17T10:02:28.056407,fear,0.709,2026-03-17T10:02:26.073576,0.3604465318319398,2026-03-17T10:02:28.635000,79,,,
participant_21,1,day,Town10HD_Opt,2026-03-17 10:02:29.199351,-111.0619125366211,-6.294613361358643,0.0018753432668745,0.825,0.162,0.135,0.0,0,0,1,,1.0,2026-03-17T10:02:29.199351,neutral,0.601,2026-03-17T10:02:29.199351,0.3921013931074315,2026-03-17T10:02:28.635000,78,,,
participant_21,1,day,Town10HD_Opt,2026-03-17 10:02:30.082211,-111.05194091796876,-6.075819969177246,0.0018848037580028,1.777,0.162,0.133,0.0,0,0,1,,1.0,2026-03-17T10:02:30.082211,neutral,0.601,2026-03-17T10:02:29.199351,0.3250258002618284,2026-03-17T10:02:28.635000,81,,,
participant_21,1,day,Town10HD_Opt,2026-03-17 10:02:31.224336,-111.02738189697266,-5.524852275848389,0.0018953322432935,2.797,0.162,0.099,0.0,0,0,1,,1.0,2026-03-17T10:02:31.224336,neutral,0.609,2026-03-17T10:02:31.224336,0.269253761540708,2026-03-17T10:02:28.635000,73,,,
participant_21,1,day,Town10HD_Opt,2026-03-17 10:02:32.093540,-111.00376892089844,-4.978676795959473,0.0019285201560705,2.942,0.167,0.0,0.0,0,0,1,,0.844,2026-03-17T10:02:32.093540,neutral,0.609,2026-03-17T10:02:31.224336,0.3536483241777924,2026-03-17T10:02:28.635000,80,,,
participant_21,1,day,Town10HD_Opt,2026-03-17 10:02:33.254041,-110.97834014892578,-4.383879661560059,0.001939010573551,2.099,0.172,0.0,0.0,0,0,1,,0.805,2026-03-17T10:02:33.254041,neutral,0.646,2026-03-17T10:02:33.254041,0.3350974190390968,2026-03-17T10:02:28.635000,75,,,
participant_21,1,day,Town10HD_Opt,2026-03-17 10:02:34.111619,-110.96453857421876,-4.056931495666504,0.001934585510753,1.61,0.176,0.0,0.0,0,0,1,,0.854,2026-03-17T10:02:34.111619,neutral,0.646,2026-03-17T10:02:33.254041,0.3529250072640023,2026-03-17T10:02:28.635000,77,,,
participant_21,1,day,Town10HD_Opt,2026-03-17 10:02:35.016174,-110.95401763916016,-3.8059914112091056,0.0019309616181999,1.217,0.2,0.0,0.0,0,0,1,,1.0,2026-03-17T10:02:35.016174,neutral,0.646,2026-03-17T10:02:33.254041,0.3226408562844787,2026-03-17T10:02:28.635000,78,,,
participant_21,1,day,Town10HD_Opt,2026-03-17 10:02:36.240164,-110.95004272460938,-3.71052360534668,0.0019287490285933,0.003,0.226,0.0,0.0,0,0,1,,0.806,2026-03-17T10:02:36.240164,neutral,0.987,2026-03-17T10:02:36.240164,0.3612000721905138,2026-03-17T10:02:28.635000,77,,,
participant_21,1,day,Town10HD_Opt,2026-03-17 10:02:37.184456,-110.95004272460938,-3.709667682647705,0.001919288537465,0.0,0.226,0.0,0.0,0,0,1,,0.847,2026-03-17T10:02:37.184456,neutral,0.987,2026-03-17T10:02:36.240164,0.3187753573063552,2026-03-17T10:02:28.635000,77,,,
participant_21,1,day,Town10HD_Opt,2026-03-17 10:02:38.112175,-110.95004272460938,-3.709688901901245,0.0019188689766451,0.001,0.172,0.0,0.0,0,0,1,,1.0,2026-03-17T10:02:38.112175,neutral,0.987,2026-03-17T10:02:36.240164,0.4320251337220278,2026-03-17T10:02:28.635000,79,,,
participant_21,1,day,Town10HD_Opt,2026-03-17 10:02:39.264317,-110.95002746582033,-3.7093584537506095,0.0019186401041224,0.13,0.172,0.479,0.0,0,0,1,,1.0,2026-03-17T10:02:39.264317,neutral,0.92,2026-03-17T10:02:39.264317,0.3339522151193625,2026-03-17T10:02:28.635000,80,,,
participant_21,1,day,Town10HD_Opt,2026-03-17 10:02:40.138294,-110.92935180664062,-3.206982374191284,0.0016378401778638,7.127,0.172,0.598,0.0,0,0,1,,0.857,2026-03-17T10:02:40.138294,neutral,0.92,2026-03-17T10:02:39.264317,0.2383758152628089,2026-03-17T10:02:28.635000,79,,,
participant_21,1,day,Town10HD_Opt,2026-03-17 10:02:41.000017,-110.85098266601562,-1.224124550819397,0.0016608429141342,15.605,0.381,0.596,0.0,0,0,1,,0.81,2026-03-17T10:02:41.000017,neutral,0.92,2026-03-17T10:02:39.264317,0.365028542640989,2026-03-17T10:02:28.635000,79,Solid line crossing,Solid line crossing,
participant_21,1,day,Town10HD_Opt,2026-03-17 10:02:42.122879,-110.70278930664062,3.170862436294556,0.0018807982560247,22.689,-0.679,0.596,0.0,0,0,1,,0.814,2026-03-17T10:02:42.122879,neutral,0.907,2026-03-17T10:02:42.122879,0.331058601190644,2026-03-17T10:02:28.635000,78,,,
participant_21,1,day,Town10HD_Opt,2026-03-17 10:02:43.293511,-110.3208465576172,9.17096710205078,0.0018910217331722,29.206,-5.763,0.558,0.0,0,0,1,,0.953,2026-03-17T10:02:43.293511,neutral,0.907,2026-03-17T10:02:42.122879,0.346090855607029,2026-03-17T10:02:28.635000,76,,,
participant_21,1,day,Town10HD_Opt,2026-03-17 10:02:44.227166,-109.07820129394533,14.44683074951172,0.0019258117536082,33.18,-9.94,0.558,0.0,0,0,1,,1.0,2026-03-17T10:02:44.227166,neutral,0.767,2026-03-17T10:02:44.227166,0.3167106855566436,2026-03-17T10:02:28.635000,77,,,
participant_21,1,day,Town10HD_Opt,2026-03-17 10:02:45.127625,-106.2144775390625,19.747690200805664,0.0020373915322124,34.741,-7.544,0.185,0.0,0,0,1,,1.0,2026-03-17T10:02:45.127625,neutral,0.767,2026-03-17T10:02:44.227166,0.3750705785078759,2026-03-17T10:02:28.635000,77,,,
participant_21,1,day,Town10HD_Opt,2026-03-17 10:02:46.062081,-102.47161102294922,23.8720703125,0.0023009872529655,27.727,-13.665,0.0,0.0,0,0,1,,1.0,2026-03-17T10:02:46.062081,neutral,0.767,2026-03-17T10:02:44.227166,0.3316248906539481,2026-03-17T10:02:28.635000,80,,,
participant_21,1,day,Town10HD_Opt,2026-03-17 10:02:47.009012,-98.7620620727539,25.91974830627441,0.0022934721782803,20.652,-17.763,0.0,0.0,0,0,1,,1.0,2026-03-17T10:02:47.009012,neutral,0.822,2026-03-17T10:02:47.009012,0.3930677635338127,2026-03-17T10:02:28.635000,80,,,
participant_21,1,day,Town10HD_Opt,2026-03-17 10:02:48.218712,-94.59282684326172,26.65953254699707,0.0019118117634207,17.605,-4.686,0.369,0.0,0,0,1,,1.0,2026-03-17T10:02:48.218712,neutral,0.822,2026-03-17T10:02:47.009012,0.4142968809816109,2026-03-17T10:02:28.635000,77,,,
participant_21,1,day,Town10HD_Opt,2026-03-17 10:02:49.174210,-91.44585418701172,26.983137130737305,0.0020445249974727,18.464,-2.292,0.426,0.0,0,0,1,,1.0,2026-03-17T10:02:49.174210,neutral,0.894,2026-03-17T10:02:49.174210,0.3425344430712309,2026-03-17T10:02:28.635000,76,,,
participant_21,1,day,Town10HD_Opt,2026-03-17 10:02:50.122456,-88.0487289428711,27.224523544311523,0.0019741440191864,20.617,-0.928,0.405,0.0,0,0,1,,0.864,2026-03-17T10:02:50.122456,neutral,0.894,2026-03-17T10:02:49.174210,0.2745300299350366,2026-03-17T10:02:28.635000,81,,,
participant_21,1,day,Town10HD_Opt,2026-03-17 10:02:51.041511,-84.3171157836914,27.42881774902344,0.0019997404888272,22.052,0.04,0.388,0.0,0,0,1,,1.0,2026-03-17T10:02:51.041511,neutral,0.894,2026-03-17T10:02:49.174210,0.3707283509483569,2026-03-17T10:02:28.635000,81,,,
participant_21,1,day,Town10HD_Opt,2026-03-17 10:02:52.249831,-79.01067352294922,27.707950592041016,0.0020092772319912,23.502,-0.275,0.388,0.0,0,0,1,,1.0,2026-03-17T10:02:52.249831,fear,0.729,2026-03-17T10:02:52.249831,0.2809181877017547,2026-03-17T10:02:28.635000,77,,,
participant_21,1,day,Town10HD_Opt,2026-03-17 10:02:53.174055,-74.85472869873047,27.90217971801757,0.0020981216803193,22.755,-0.425,0.0,0.0,0,0,1,,0.867,2026-03-17T10:02:53.174055,fear,0.729,2026-03-17T10:02:52.249831,0.3343099662384196,2026-03-17T10:02:28.635000,76,,,
participant_21,1,day,Town10HD_Opt,2026-03-17 10:02:54.166561,-71.4035415649414,28.03575325012207,0.0020169448107481,16.078,-0.388,0.0,0.254,0,0,1,,0.894,2026-03-17T10:02:54.166561,fear,0.729,2026-03-17T10:02:52.249831,0.3902371205391488,2026-03-17T10:02:28.635000,77,,,
participant_21,1,day,Town10HD_Opt,2026-03-17 10:02:55.118682,-69.04141235351562,28.112098693847656,0.0020859909709542,10.682,-0.273,0.0,0.208,0,0,1,,0.849,2026-03-17T10:02:55.118682,neutral,0.939,2026-03-17T10:02:55.118682,0.3573609253633457,2026-03-17T10:02:28.635000,79,,,
participant_21,1,day,Town10HD_Opt,2026-03-17 10:02:56.064132,-67.51480865478516,28.1577091217041,0.0020536039955914,6.472,-0.219,0.0,0.216,0,0,1,,0.907,2026-03-17T10:02:56.064132,neutral,0.939,2026-03-17T10:02:55.118682,0.2999352942153981,2026-03-17T10:02:28.635000,79,,,
participant_21,1,day,Town10HD_Opt,2026-03-17 10:02:57.060725,-67.11392974853516,28.169227600097656,0.0020250319503247,0.0,-0.219,0.0,0.145,0,0,1,,0.885,2026-03-17T10:02:57.060725,neutral,0.939,2026-03-17T10:02:55.118682,0.3252231941461682,2026-03-17T10:02:28.635000,77,,,
participant_21,1,day,Town10HD_Opt,2026-03-17 10:02:58.043120,-67.11198425292969,28.16928100585937,0.0019227218581363,0.01,0.007,0.0,0.0,0,0,1,,1.0,2026-03-17T10:02:58.043120,neutral,0.8,2026-03-17T10:02:58.043120,0.3315678165096002,2026-03-17T10:02:28.635000,80,,,
participant_21,1,day,Town10HD_Opt,2026-03-17 10:02:59.011379,-67.11175537109375,28.16928482055664,0.0019190978491678,0.007,0.644,0.0,0.0,0,0,1,,0.878,2026-03-17T10:02:59.011379,neutral,0.8,2026-03-17T10:02:58.043120,0.322100316540394,2026-03-17T10:02:28.635000,77,,,
participant_21,1,day,Town10HD_Opt,2026-03-17 10:03:00.220705,-67.11164093017578,28.16928482055664,0.0019189071608707,0.007,0.602,0.0,0.0,0,0,1,,1.0,2026-03-17T10:03:00.220705,fear,0.757,2026-03-17T10:03:00.220705,0.3714161164819273,2026-03-17T10:02:28.635000,78,,,
participant_21,1,day,Town10HD_Opt,2026-03-17 10:03:01.122089,-67.11145782470703,28.16928100585937,0.001919021597132,0.002,0.55,0.0,0.0,0,0,1,,0.867,2026-03-17T10:03:01.122089,fear,0.757,2026-03-17T10:03:00.220705,0.3567045359661364,2026-03-17T10:02:28.635000,78,,,
participant_21,1,day,Town10HD_Opt,2026-03-17 10:03:02.016891,-67.11121368408203,28.16928100585937,0.0019190978491678,0.001,0.54,0.0,0.0,0,0,1,,0.814,2026-03-17T10:03:02.016891,fear,0.757,2026-03-17T10:03:00.220705,0.2999734546894614,2026-03-17T10:02:28.635000,77,,,
participant_21,1,day,Town10HD_Opt,2026-03-17 10:03:03.211491,-67.11225891113281,28.16925430297852,0.0019177626818418,0.138,0.533,0.013,0.0,0,0,1,,1.0,2026-03-17T10:03:03.211491,neutral,0.889,2026-03-17T10:03:03.211491,0.2678465749450427,2026-03-17T10:02:28.635000,81,,,
participant_21,1,day,Town10HD_Opt,2026-03-17 10:03:04.126095,-67.11226654052734,28.16925048828125,0.0019149016588926,0.186,0.522,0.08,0.0,0,0,1,,0.865,2026-03-17T10:03:04.126095,neutral,0.889,2026-03-17T10:03:03.211491,0.3741993232749276,2026-03-17T10:02:28.635000,75,,,
participant_21,1,day,Town10HD_Opt,2026-03-17 10:03:05.028667,-67.09720611572266,28.16976928710937,0.0019139479845762,0.291,0.522,0.078,0.0,0,0,1,,1.0,2026-03-17T10:03:05.028667,neutral,0.889,2026-03-17T10:03:03.211491,0.3490471679008845,2026-03-17T10:02:28.635000,78,,,
participant_21,1,day,Town10HD_Opt,2026-03-17 10:03:06.238876,-67.00511932373047,28.17285346984864,0.0019072341965511,0.791,0.522,0.076,0.0,0,0,1,,0.854,2026-03-17T10:03:06.238876,neutral,0.794,2026-03-17T10:03:06.238876,0.3377117021060322,2026-03-17T10:02:28.635000,80,,,
participant_21,1,day,Town10HD_Opt,2026-03-17 10:03:07.166048,-66.84539031982422,28.17835235595703,0.0019076155731454,1.111,0.515,0.0,0.0,0,0,1,,0.894,2026-03-17T10:03:07.166048,neutral,0.794,2026-03-17T10:03:06.238876,0.3234757630326419,2026-03-17T10:02:28.635000,75,,,
participant_21,1,day,Town10HD_Opt,2026-03-17 10:03:08.088828,-66.67176055908203,28.18452262878418,0.0019267272436991,0.857,0.515,0.0,0.0,0,0,1,,0.882,2026-03-17T10:03:08.088828,neutral,0.794,2026-03-17T10:03:06.238876,0.3511004298190864,2026-03-17T10:02:28.635000,78,,,
participant_21,1,day,Town10HD_Opt,2026-03-17 10:03:08.996665,-66.53828430175781,28.189327239990234,0.0019254302605986,0.658,0.515,0.0,0.0,0,0,1,,0.883,2026-03-17T10:03:08.996665,neutral,0.955,2026-03-17T10:03:08.996665,0.3460580697155184,2026-03-17T10:02:28.635000,79,,,
participant_21,1,day,Town10HD_Opt,2026-03-17 10:03:10.190928,-66.40716552734375,28.19409942626953,0.0019234847277402,0.47,0.496,0.028,0.0,0,0,1,,1.0,2026-03-17T10:03:10.190928,neutral,0.955,2026-03-17T10:03:08.996665,0.3160178101101084,2026-03-17T10:02:28.635000,80,,,
participant_21,1,day,Town10HD_Opt,2026-03-17 10:03:11.085157,-65.82401275634766,28.215620040893555,0.0015239715576171,10.213,0.493,1.0,0.0,0,0,1,,1.0,2026-03-17T10:03:11.085157,neutral,0.976,2026-03-17T10:03:11.085157,0.3210895992280986,2026-03-17T10:02:28.635000,78,,,
participant_21,1,day,Town10HD_Opt,2026-03-17 10:03:12.012319,-62.84504318237305,28.337120056152344,0.0016903686337172,24.45,0.155,1.0,0.0,0,0,1,,0.827,2026-03-17T10:03:12.012319,neutral,0.976,2026-03-17T10:03:11.085157,0.3264079605952922,2026-03-17T10:02:28.635000,76,,,
participant_21,1,day,Town10HD_Opt,2026-03-17 10:03:13.241637,-54.7689208984375,28.69083976745605,0.0015412521315738,45.685,0.179,1.0,0.0,0,0,1,,0.944,2026-03-17T10:03:13.241637,neutral,0.972,2026-03-17T10:03:13.241637,0.3083407273162149,2026-03-17T10:02:28.635000,79,,,
participant_21,1,day,Town10HD_Opt,2026-03-17 10:03:14.187487,-46.039920806884766,29.08027076721192,0.0021344756241887,48.788,-0.55,0.869,0.0,0,0,1,,0.961,2026-03-17T10:03:14.187487,neutral,0.972,2026-03-17T10:03:13.241637,0.3575132520529351,2026-03-17T10:02:28.635000,77,,,
participant_21,1,day,Town10HD_Opt,2026-03-17 10:03:15.127533,-37.33695602416992,29.296283721923828,0.0021113203838467,49.124,-0.656,0.73,0.0,0,0,1,,0.953,2026-03-17T10:03:15.127533,neutral,0.972,2026-03-17T10:03:13.241637,0.361707339050035,2026-03-17T10:02:28.635000,79,,,
participant_21,1,day,Town10HD_Opt,2026-03-17 10:03:16.043243,-28.61102294921875,29.27889633178711,0.0021424484439194,48.879,-0.627,0.727,0.0,0,0,1,,0.914,2026-03-17T10:03:16.043243,neutral,0.797,2026-03-17T10:03:16.043243,0.3663929345420351,2026-03-17T10:02:28.635000,76,,,
participant_21,1,day,Town10HD_Opt,2026-03-17 10:03:17.036916,-19.883195877075195,29.035099029541016,0.0021400833502411,48.965,-0.498,0.727,0.0,0,0,1,,0.942,2026-03-17T10:03:17.036916,neutral,0.797,2026-03-17T10:03:16.043243,0.3011938410366312,2026-03-17T10:02:28.635000,78,,,errors=Solid line crossing
participant_21,1,day,Town10HD_Opt,2026-03-17 10:03:18.247147,-8.313658714294434,28.49696159362793,0.0021125411149114,48.534,0.329,0.512,0.0,0,0,1,,1.0,2026-03-17T10:03:18.247147,happy,0.866,2026-03-17T10:03:18.247147,0.277033306470878,2026-03-17T10:02:28.635000,78,,,
participant_21,1,day,Town10HD_Opt,2026-03-17 10:03:19.136497,0.1987361162900924,28.21953582763672,0.0020387268159538,48.758,0.642,0.461,0.0,0,0,1,,1.0,2026-03-17T10:03:19.136497,happy,0.866,2026-03-17T10:03:18.247147,0.3657630350310239,2026-03-17T10:02:28.635000,78,,,
participant_21,1,day,Town10HD_Opt,2026-03-17 10:03:20.034466,8.332860946655273,28.15943145751953,0.0023387908004224,41.472,0.555,0.0,0.0,0,0,1,,0.816,2026-03-17T10:03:20.034466,happy,0.866,2026-03-17T10:03:18.247147,0.392378395429577,2026-03-17T10:02:28.635000,79,,,
participant_21,1,day,Town10HD_Opt,2026-03-17 10:03:21.200266,16.62810516357422,28.29488754272461,0.0023151016794145,29.427,0.477,0.0,0.0,0,0,1,,0.805,2026-03-17T10:03:21.200266,neutral,0.891,2026-03-17T10:03:21.200266,0.2624256441287125,2026-03-17T10:02:28.635000,79,,,
participant_21,1,day,Town10HD_Opt,2026-03-17 10:03:22.078307,21.198835372924805,28.4459228515625,0.0022673797793686,22.4,0.468,0.099,0.0,0,0,1,,1.0,2026-03-17T10:03:22.078307,neutral,0.891,2026-03-17T10:03:21.200266,0.3870746428554215,2026-03-17T10:02:28.635000,81,,,
participant_21,1,day,Town10HD_Opt,2026-03-17 10:03:23.275977,25.85063362121582,28.69631576538086,0.0032616043463349,18.138,3.749,0.316,0.0,0,0,1,,0.928,2026-03-17T10:03:23.275977,happy,0.987,2026-03-17T10:03:23.275977,0.3519518501919536,2026-03-17T10:02:28.635000,77,,,
participant_21,1,day,Town10HD_Opt,2026-03-17 10:03:24.204891,29.172163009643555,29.14360618591309,0.0022798536811023,20.39,6.497,0.48,0.0,0,0,1,,0.812,2026-03-17T10:03:24.204891,happy,0.987,2026-03-17T10:03:23.275977,0.4323216304937677,2026-03-17T10:02:28.635000,79,,,
participant_21,1,day,Town10HD_Opt,2026-03-17 10:03:25.115590,32.77222442626953,30.237689971923828,0.001960601657629,22.973,13.99,0.465,0.0,0,0,1,,1.0,2026-03-17T10:03:25.115590,happy,0.987,2026-03-17T10:03:23.275977,0.36805210364735,2026-03-17T10:02:28.635000,78,,,
participant_21,1,day,Town10HD_Opt,2026-03-17 10:03:26.034367,36.27240753173828,32.53876876831055,0.0019959257915616,25.342,18.37,0.465,0.0,0,0,1,,1.0,2026-03-17T10:03:26.034367,neutral,0.76,2026-03-17T10:03:26.034367,0.269318767986501,2026-03-17T10:02:28.635000,79,,,
participant_21,1,day,Town10HD_Opt,2026-03-17 10:03:27.194680,39.41305160522461,37.79215621948242,0.002019424457103,27.984,18.312,0.465,0.0,0,0,1,,1.0,2026-03-17T10:03:27.194680,neutral,0.76,2026-03-17T10:03:26.034367,0.4036776311308621,2026-03-17T10:02:28.635000,79,,,
participant_21,1,day,Town10HD_Opt,2026-03-17 10:03:28.115231,39.83138656616211,42.79832458496094,0.0019956969190388,29.761,3.987,0.0,0.0,0,0,1,,1.0,2026-03-17T10:03:28.115231,fear,0.75,2026-03-17T10:03:28.115231,0.3266101710784688,2026-03-17T10:02:28.635000,78,,,errors=Solid line crossing
participant_21,1,day,Town10HD_Opt,2026-03-17 10:03:29.006836,39.81401443481445,47.51536178588867,0.0023062895052134,22.487,-8.198,0.0,0.369,0,0,1,,1.0,2026-03-17T10:03:29.006836,fear,0.75,2026-03-17T10:03:28.115231,0.3656185060302218,2026-03-17T10:02:28.635000,79,,,
participant_21,1,day,Town10HD_Opt,2026-03-17 10:03:30.131017,40.09218215942383,49.74741744995117,0.0021637342870235,0.001,2.784,0.0,0.687,0,0,1,,0.874,2026-03-17T10:03:30.131017,sad,0.396,2026-03-17T10:03:30.131017,0.3569126154347534,2026-03-17T10:02:28.635000,77,,,
participant_21,1,day,Town10HD_Opt,2026-03-17 10:03:31.267330,40.09226608276367,49.74803924560547,0.0019217299995943,0.135,1.688,0.156,0.0,0,0,1,,1.0,2026-03-17T10:03:31.267330,sad,0.396,2026-03-17T10:03:30.131017,0.3689625537131051,2026-03-17T10:02:28.635000,79,,,
participant_21,1,day,Town10HD_Opt,2026-03-17 10:03:32.101633,40.10606384277344,49.86502456665039,0.0018286514095962,2.186,2.737,0.259,0.0,0,0,1,,0.868,2026-03-17T10:03:32.101633,sad,0.396,2026-03-17T10:03:30.131017,0.4152618321108123,2026-03-17T10:02:28.635000,76,,,
participant_21,1,day,Town10HD_Opt,2026-03-17 10:03:33.044764,40.17366790771485,50.46768569946289,0.0018351363250985,5.105,2.73,0.247,0.0,0,0,1,,1.0,2026-03-17T10:03:33.044764,fear,0.398,2026-03-17T10:03:33.044764,0.3568213459650731,2026-03-17T10:02:28.635000,79,,,
participant_21,1,day,Town10HD_Opt,2026-03-17 10:03:34.249812,40.29684829711914,51.72480773925781,0.0019403075566515,5.133,2.706,0.0,0.0,0,0,1,,0.849,2026-03-17T10:03:34.249812,fear,0.398,2026-03-17T10:03:33.044764,0.4146893305471967,2026-03-17T10:02:28.635000,79,,,
participant_21,1,day,Town10HD_Opt,2026-03-17 10:03:35.138102,40.34309387207031,52.2722053527832,0.0021342849358916,0.0,2.706,0.0,0.0,0,0,1,,1.0,2026-03-17T10:03:35.138102,neutral,0.812,2026-03-17T10:03:35.138102,0.3320857067497678,2026-03-17T10:02:28.635000,76,,,
participant_21,1,day,Town10HD_Opt,2026-03-17 10:03:36.044459,40.34407043457031,52.28474426269531,0.0019234084757044,0.087,2.659,0.0,0.0,0,0,1,,1.0,2026-03-17T10:03:36.044459,neutral,0.812,2026-03-17T10:03:35.138102,0.3625213160915518,2026-03-17T10:02:28.635000,76,,,
participant_21,1,day,Town10HD_Opt,2026-03-17 10:03:37.125119,40.34539031982422,52.30136489868164,0.0019194411579519,0.062,2.351,0.0,0.0,0,0,1,,1.0,2026-03-17T10:03:37.125119,neutral,0.812,2026-03-17T10:03:35.138102,0.4102793645695423,2026-03-17T10:02:28.635000,77,,,
participant_21,1,day,Town10HD_Opt,2026-03-17 10:03:38.211585,40.34634017944336,52.31306838989258,0.0019192504696547,0.045,2.346,0.0,0.0,0,0,1,,1.0,2026-03-17T10:03:38.211585,fear,0.452,2026-03-17T10:03:38.211585,0.3642680685401087,2026-03-17T10:02:28.635000,80,,,
participant_21,1,day,Town10HD_Opt,2026-03-17 10:03:39.040874,40.34684371948242,52.31949615478516,0.0019192504696547,0.036,2.332,0.0,0.0,0,0,1,,1.0,2026-03-17T10:03:39.040874,fear,0.452,2026-03-17T10:03:38.211585,0.4076444292122155,2026-03-17T10:02:28.635000,80,,,
participant_21,1,day,Town10HD_Opt,2026-03-17 10:03:40.144197,40.34735107421875,52.32581329345703,0.0019190978491678,0.026,2.313,0.0,0.0,0,0,1,,1.0,2026-03-17T10:03:40.144197,fear,0.452,2026-03-17T10:03:38.211585,0.3297240931548473,2026-03-17T10:02:28.635000,78,,,
participant_21,1,day,Town10HD_Opt,2026-03-17 10:03:41.198844,40.34749603271485,52.32766342163086,0.0019187163561582,0.006,2.292,0.0,0.0,0,0,1,,1.0,2026-03-17T10:03:41.198844,neutral,0.943,2026-03-17T10:03:41.198844,0.3447847314046804,2026-03-17T10:02:28.635000,79,,,
participant_21,1,day,Town10HD_Opt,2026-03-17 10:03:42.023520,40.3481674194336,52.33594131469727,0.001912422128953,0.148,2.266,0.0,0.0,0,0,1,,0.833,2026-03-17T10:03:42.023520,neutral,0.943,2026-03-17T10:03:41.198844,0.3977078280471654,2026-03-17T10:02:28.635000,77,,,
participant_21,1,day,Town10HD_Opt,2026-03-17 10:03:43.165221,40.35054397583008,52.3656005859375,0.0019189452286809,0.134,2.254,0.0,0.0,0,0,1,,0.816,2026-03-17T10:03:43.165221,neutral,0.943,2026-03-17T10:03:41.198844,0.4012926620020504,2026-03-17T10:02:28.635000,78,,,
participant_21,1,day,Town10HD_Opt,2026-03-17 10:03:44.242523,40.3524055480957,52.38885498046875,0.0019195555942133,0.092,2.245,0.0,0.0,0,0,1,,1.0,2026-03-17T10:03:44.242523,neutral,0.877,2026-03-17T10:03:44.242523,0.3911459937807577,2026-03-17T10:02:28.635000,79,,,
participant_21,1,day,Town10HD_Opt,2026-03-17 10:03:45.070499,40.35314178466797,52.39800643920898,0.0019166183192282,0.099,2.238,0.0,0.0,0,0,1,,1.0,2026-03-17T10:03:45.070499,neutral,0.877,2026-03-17T10:03:44.242523,0.3885508458419723,2026-03-17T10:02:28.635000,80,,,
participant_21,1,day,Town10HD_Opt,2026-03-17 10:03:46.189012,40.35511779785156,52.422733306884766,0.0019195937784388,0.095,2.235,0.0,0.0,0,0,1,,1.0,2026-03-17T10:03:46.189012,neutral,0.877,2026-03-17T10:03:44.242523,0.3620521468498004,2026-03-17T10:02:28.635000,80,,,
participant_21,1,day,Town10HD_Opt,2026-03-17 10:03:47.017751,40.35624694824219,52.43695831298828,0.0019196700304746,0.073,2.205,0.0,0.0,0,0,1,,1.0,2026-03-17T10:03:47.017751,sad,0.532,2026-03-17T10:03:47.017751,0.3083665632121087,2026-03-17T10:02:28.635000,77,,,
participant_21,1,day,Town10HD_Opt,2026-03-17 10:03:48.143788,40.35736846923828,52.450931549072266,0.0019194030901417,0.197,2.172,0.016,0.0,0,0,1,,1.0,2026-03-17T10:03:48.143788,sad,0.532,2026-03-17T10:03:47.017751,0.3289970891451877,2026-03-17T10:02:28.635000,78,,,
participant_21,1,day,Town10HD_Opt,2026-03-17 10:03:49.006957,40.358097076416016,52.46012115478516,0.0019129562424495,0.276,2.172,0.104,0.0,0,0,1,,1.0,2026-03-17T10:03:49.006957,sad,0.532,2026-03-17T10:03:47.017751,0.3176887678861121,2026-03-17T10:02:28.635000,77,,,
participant_21,1,day,Town10HD_Opt,2026-03-17 10:03:50.110217,40.37165832519531,52.62860107421875,0.0019004440400749,1.203,2.172,0.091,0.0,0,0,1,,1.0,2026-03-17T10:03:50.110217,neutral,0.365,2026-03-17T10:03:50.110217,0.395586039272164,2026-03-17T10:02:28.635000,78,,,
participant_21,1,day,Town10HD_Opt,2026-03-17 10:03:51.214367,40.398555755615234,52.9853515625,0.0019285201560705,1.429,2.139,0.0,0.0,0,0,1,,1.0,2026-03-17T10:03:51.214367,neutral,0.365,2026-03-17T10:03:50.110217,0.3130303073235976,2026-03-17T10:02:28.635000,78,,,
participant_21,1,day,Town10HD_Opt,2026-03-17 10:03:52.056065,40.41443634033203,53.20741271972656,0.0019294356461614,1.098,2.139,0.0,0.0,0,0,1,,1.0,2026-03-17T10:03:52.056065,neutral,0.365,2026-03-17T10:03:50.110217,0.2540117842408191,2026-03-17T10:02:28.635000,78,,,
participant_21,1,day,Town10HD_Opt,2026-03-17 10:03:53.121247,40.4294319152832,53.425594329833984,0.001926383934915,0.772,2.139,0.0,0.0,0,0,1,,1.0,2026-03-17T10:03:53.121247,neutral,0.765,2026-03-17T10:03:53.121247,0.3629078617345657,2026-03-17T10:02:28.635000,78,,,
participant_21,1,day,Town10HD_Opt,2026-03-17 10:03:54.258728,40.43946075439453,53.57846450805664,0.0019004821078851,1.275,2.139,0.483,0.0,0,0,1,,1.0,2026-03-17T10:03:54.258728,neutral,0.765,2026-03-17T10:03:53.121247,0.3577691364529637,2026-03-17T10:02:28.635000,82,,,
participant_21,1,day,Town10HD_Opt,2026-03-17 10:03:55.104270,40.49748992919922,54.52146911621094,0.0015222167130559,12.115,2.134,0.863,0.0,0,0,1,,0.814,2026-03-17T10:03:55.104270,neutral,0.765,2026-03-17T10:03:53.121247,0.3784472393431314,2026-03-17T10:02:28.635000,79,,,
participant_21,1,day,Town10HD_Opt,2026-03-17 10:03:56.062391,40.67007446289063,57.51812362670898,0.0018730544252321,21.256,-2.508,0.636,0.0,0,0,1,,1.0,2026-03-17T10:03:56.062391,neutral,0.735,2026-03-17T10:03:56.062391,0.3908655816755617,2026-03-17T10:02:28.635000,77,,,
participant_21,1,day,Town10HD_Opt,2026-03-17 10:03:56.996491,41.32776641845703,61.69907760620117,0.0018355941865593,27.857,-11.907,0.634,0.0,0,0,1,,1.0,2026-03-17T10:03:56.996491,neutral,0.735,2026-03-17T10:03:56.062391,0.3540178622476772,2026-03-17T10:02:28.635000,78,,,
participant_21,1,day,Town10HD_Opt,2026-03-17 10:03:58.189282,45.089115142822266,67.79254913330078,0.0019223403651267,34.943,-19.832,0.628,0.0,0,0,1,,1.0,2026-03-17T10:03:58.189282,sad,0.691,2026-03-17T10:03:58.189282,0.3379454715802203,2026-03-17T10:02:28.635000,78,,,
participant_21,1,day,Town10HD_Opt,2026-03-17 10:03:59.116739,50.91287612915039,70.39007568359375,0.0019345473265275,39.384,-12.876,0.627,0.0,0,0,1,,0.86,2026-03-17T10:03:59.116739,sad,0.691,2026-03-17T10:03:58.189282,0.3519781063407301,2026-03-17T10:02:28.635000,77,,,
participant_21,1,day,Town10HD_Opt,2026-03-17 10:04:00.059467,58.14082717895508,70.58519744873047,0.0019042968051508,43.912,-2.087,0.626,0.0,0,0,1,,1.0,2026-03-17T10:04:00.059467,sad,0.691,2026-03-17T10:03:58.189282,0.3653673176558792,2026-03-17T10:02:28.635000,78,,,
participant_21,1,day,Town10HD_Opt,2026-03-17 10:04:01.258614,67.9913101196289,70.09430694580078,0.0023296736180782,36.69,3.396,0.189,0.0,0,0,1,,0.906,2026-03-17T10:04:01.258614,neutral,0.924,2026-03-17T10:04:01.258614,0.3352627282163119,2026-03-17T10:02:28.635000,76,,,
participant_21,1,day,Town10HD_Opt,2026-03-17 10:04:02.136486,73.98082733154297,70.39314270019531,0.0022449111565947,30.938,0.237,0.0,0.0,0,0,1,,0.821,2026-03-17T10:04:02.136486,neutral,0.924,2026-03-17T10:04:01.258614,0.3335931718550822,2026-03-17T10:02:28.635000,77,,,
participant_21,1,day,Town10HD_Opt,2026-03-17 10:04:03.215858,79.98661804199219,70.78524017333984,0.0023051069583743,20.383,-1.286,0.0,0.235,0,0,1,,0.881,2026-03-17T10:04:03.215858,neutral,0.924,2026-03-17T10:04:01.258614,0.3984399517139023,2026-03-17T10:02:28.635000,77,,,
participant_21,1,day,Town10HD_Opt,2026-03-17 10:04:04.039344,83.05414581298828,70.89115905761719,0.0020374679006636,14.965,-2.428,0.0,0.206,0,0,1,,0.83,2026-03-17T10:04:04.039344,fear,0.831,2026-03-17T10:04:04.039344,0.3675358777204974,2026-03-17T10:02:28.635000,75,,,
participant_21,1,day,Town10HD_Opt,2026-03-17 10:04:05.166209,85.78658294677734,70.87346649169922,0.0020877073984593,8.021,-1.949,0.0,0.338,0,0,1,,0.977,2026-03-17T10:04:05.166209,fear,0.831,2026-03-17T10:04:04.039344,0.3279731479946575,2026-03-17T10:02:28.635000,78,,,
participant_21,1,day,Town10HD_Opt,2026-03-17 10:04:06.244755,86.48748779296875,70.8556900024414,0.0019989013671875,0.0,-1.831,0.0,0.318,0,0,1,,0.989,2026-03-17T10:04:06.244755,neutral,0.907,2026-03-17T10:04:06.244755,0.3329608576554497,2026-03-17T10:02:28.635000,77,,,
participant_21,1,day,Town10HD_Opt,2026-03-17 10:04:07.023249,86.48757934570312,70.85569763183594,0.0019224929856136,0.001,-1.76,0.0,0.0,0,0,1,,0.991,2026-03-17T10:04:07.023249,neutral,0.907,2026-03-17T10:04:06.244755,0.3598611399383074,2026-03-17T10:02:28.635000,75,,,
participant_21,1,day,Town10HD_Opt,2026-03-17 10:04:08.059529,86.48758697509766,70.85569763183594,0.0019191360333934,0.0,-1.231,0.0,0.0,0,0,1,,0.96,2026-03-17T10:04:08.059529,neutral,0.907,2026-03-17T10:04:06.244755,0.2894262348524693,2026-03-17T10:02:28.635000,79,Solid line crossing,Solid line crossing,
participant_21,1,day,Town10HD_Opt,2026-03-17 10:04:09.089982,86.79572296142578,70.84798431396484,0.0017392348963767,4.822,-0.562,0.467,0.0,0,0,1,,0.955,2026-03-17T10:04:09.089982,neutral,0.839,2026-03-17T10:04:09.089982,0.3656369905343438,2026-03-17T10:02:28.635000,79,,,
participant_21,1,day,Town10HD_Opt,2026-03-17 10:04:10.153397,88.77347564697266,70.87991333007812,0.0017562865978106,12.117,8.446,0.434,0.0,0,0,1,,0.928,2026-03-17T10:04:10.153397,neutral,0.839,2026-03-17T10:04:09.089982,0.3512580799093156,2026-03-17T10:02:28.635000,77,,,
participant_21,1,day,Town10HD_Opt,2026-03-17 10:04:11.245182,92.1030044555664,71.60340881347656,0.0018209075788035,17.378,21.266,0.433,0.0,0,0,1,,0.922,2026-03-17T10:04:11.245182,neutral,0.986,2026-03-17T10:04:11.245182,0.3507756189602715,2026-03-17T10:02:28.635000,79,,,
participant_21,1,day,Town10HD_Opt,2026-03-17 10:04:12.041558,94.75144958496094,73.33031463623047,0.0020919798407703,18.751,25.786,0.433,0.0,0,0,1,,0.915,2026-03-17T10:04:12.041558,neutral,0.986,2026-03-17T10:04:11.245182,0.3332200427553779,2026-03-17T10:02:28.635000,77,,,
participant_21,1,day,Town10HD_Opt,2026-03-17 10:04:13.113466,97.00906372070312,77.30099487304688,0.0020161818247288,21.473,20.943,0.434,0.0,0,0,1,,0.923,2026-03-17T10:04:13.113466,neutral,0.986,2026-03-17T10:04:11.245182,0.3361960074706908,2026-03-17T10:02:28.635000,77,,,
participant_21,1,day,Town10HD_Opt,2026-03-17 10:04:14.175349,97.66932678222656,82.57744598388672,0.0019811247475445,24.352,3.957,0.432,0.0,0,0,1,,1.0,2026-03-17T10:04:14.175349,neutral,0.965,2026-03-17T10:04:14.175349,0.3599959300170233,2026-03-17T10:02:28.635000,78,,,
participant_21,1,day,Town10HD_Opt,2026-03-17 10:04:15.244867,97.66038513183594,88.51715850830078,0.0019886780064553,26.703,3.156,0.432,0.0,0,0,1,,1.0,2026-03-17T10:04:15.244867,neutral,0.965,2026-03-17T10:04:14.175349,0.3005852650954894,2026-03-17T10:02:28.635000,80,,,
participant_21,1,day,Town10HD_Opt,2026-03-17 10:04:16.080296,97.26647186279295,93.2965316772461,0.0019945143721997,28.235,2.158,0.432,0.0,0,0,1,,1.0,2026-03-17T10:04:16.080296,neutral,0.965,2026-03-17T10:04:14.175349,0.3514623080682832,2026-03-17T10:02:28.635000,78,,,
participant_21,1,day,Town10HD_Opt,2026-03-17 10:04:17.223208,96.27976989746094,100.00631713867188,0.0020019530784338,29.993,2.026,0.433,0.0,0,0,1,,0.824,2026-03-17T10:04:17.223208,neutral,0.979,2026-03-17T10:04:17.223208,0.3487807657312511,2026-03-17T10:02:28.635000,79,,,
participant_21,1,day,Town10HD_Opt,2026-03-17 10:04:18.053794,95.1683349609375,105.22840881347656,0.0020072173792868,31.122,2.379,0.433,0.0,0,0,1,,1.0,2026-03-17T10:04:18.053794,neutral,0.979,2026-03-17T10:04:17.223208,0.3642106649516095,2026-03-17T10:02:28.635000,76,,,errors=Solid line crossing
participant_21,1,day,Town10HD_Opt,2026-03-17 10:04:19.128198,93.0244140625,112.30859375,0.0020152663346379,32.426,4.707,0.432,0.0,0,0,1,,1.0,2026-03-17T10:04:19.128198,neutral,0.979,2026-03-17T10:04:17.223208,0.319511782284007,2026-03-17T10:02:28.635000,77,,,
participant_21,1,day,Town10HD_Opt,2026-03-17 10:04:20.240058,89.49172973632812,119.07202911376952,0.0020322799682617,33.29,9.086,0.432,0.0,0,0,1,,0.906,2026-03-17T10:04:20.240058,neutral,0.947,2026-03-17T10:04:20.240058,0.3634155772191348,2026-03-17T10:02:28.635000,79,,,
participant_21,1,day,Town10HD_Opt,2026-03-17 10:04:21.085910,85.42122650146484,123.24097442626952,0.0020447159186005,33.688,10.531,0.433,0.0,0,0,1,,1.0,2026-03-17T10:04:21.085910,neutral,0.947,2026-03-17T10:04:20.240058,0.3682474057688834,2026-03-17T10:02:28.635000,78,,,
participant_21,1,day,Town10HD_Opt,2026-03-17 10:04:22.263419,78.44949340820312,126.98574829101562,0.0020275115966796,34.461,2.33,0.433,0.0,0,0,1,,0.833,2026-03-17T10:04:22.263419,neutral,0.972,2026-03-17T10:04:22.263419,0.3790314329975548,2026-03-17T10:02:28.635000,78,,,
participant_21,1,day,Town10HD_Opt,2026-03-17 10:04:23.170956,72.73809051513672,129.03367614746094,0.0020297621376812,34.962,5.297,0.433,0.0,0,0,1,,1.0,2026-03-17T10:04:23.170956,neutral,0.972,2026-03-17T10:04:22.263419,0.356122594912519,2026-03-17T10:02:28.635000,78,,,
participant_21,1,day,Town10HD_Opt,2026-03-17 10:04:24.025900,66.71436309814453,130.2340850830078,0.0020341873168945,35.371,5.222,0.433,0.0,0,0,1,,1.0,2026-03-17T10:04:24.025900,neutral,0.972,2026-03-17T10:04:22.263419,0.3381933968498354,2026-03-17T10:02:28.635000,79,,,
participant_21,1,day,Town10HD_Opt,2026-03-17 10:04:25.177770,58.42203903198242,130.35855102539062,0.0020321272313594,35.887,0.731,0.433,0.0,0,0,1,,1.0,2026-03-17T10:04:25.177770,neutral,0.933,2026-03-17T10:04:25.177770,0.365202510391915,2026-03-17T10:02:28.635000,78,,,errors=Solid line crossing
participant_21,1,day,Town10HD_Opt,2026-03-17 10:04:26.040536,52.123626708984375,129.98399353027344,0.0020317076705396,36.244,-2.287,0.433,0.0,0,0,1,,1.0,2026-03-17T10:04:26.040536,neutral,0.933,2026-03-17T10:04:25.177770,0.3767555333020831,2026-03-17T10:02:28.635000,76,,,
participant_21,1,day,Town10HD_Opt,2026-03-17 10:04:27.173288,43.6220703125,130.01861572265625,0.001982040470466,36.657,-0.195,0.433,0.0,0,0,1,,1.0,2026-03-17T10:04:27.173288,neutral,0.933,2026-03-17T10:04:25.177770,0.337574534612017,2026-03-17T10:02:28.635000,77,,,
participant_21,1,day,Town10HD_Opt,2026-03-17 10:04:28.006503,37.18782806396485,130.2036895751953,0.0020333097781986,36.941,0.031,0.432,0.0,0,0,1,,1.0,2026-03-17T10:04:28.006503,neutral,0.9,2026-03-17T10:04:28.006503,0.2693161375295177,2026-03-17T10:02:28.635000,81,,,
participant_21,1,day,Town10HD_Opt,2026-03-17 10:04:29.191388,28.54094696044922,130.44683837890625,0.0020354841835796,37.23,0.038,0.433,0.0,0,0,1,,1.0,2026-03-17T10:04:29.191388,neutral,0.9,2026-03-17T10:04:28.006503,0.3721047883476311,2026-03-17T10:02:28.635000,78,,,
participant_21,1,day,Town10HD_Opt,2026-03-17 10:04:30.061733,22.012508392333984,130.6188507080078,0.0020365142263472,37.421,0.096,0.433,0.0,0,0,1,,0.822,2026-03-17T10:04:30.061733,neutral,0.973,2026-03-17T10:04:30.061733,0.3898362366069187,2026-03-17T10:02:28.635000,75,,,
participant_21,1,day,Town10HD_Opt,2026-03-17 10:04:31.176949,13.258198738098145,130.81451416015625,0.0020367430988699,37.656,0.153,0.434,0.0,0,0,1,,1.0,2026-03-17T10:04:31.176949,neutral,0.973,2026-03-17T10:04:30.061733,0.3256026653583279,2026-03-17T10:02:28.635000,79,,,
participant_21,1,day,Town10HD_Opt,2026-03-17 10:04:32.253885,4.448777198791504,130.9550323486328,0.002037429716438,37.872,0.153,0.434,0.0,0,0,1,,0.855,2026-03-17T10:04:32.253885,neutral,0.856,2026-03-17T10:04:32.253885,0.3914906264969358,2026-03-17T10:02:28.635000,79,,,
participant_21,1,day,Town10HD_Opt,2026-03-17 10:04:33.097027,-2.189624309539795,131.02195739746094,0.0020383833907544,38.002,0.153,0.434,0.0,0,0,1,,1.0,2026-03-17T10:04:33.097027,neutral,0.856,2026-03-17T10:04:32.253885,0.371537053224061,2026-03-17T10:02:28.635000,80,,,
participant_21,1,day,Town10HD_Opt,2026-03-17 10:04:34.215268,-10.820920944213867,131.05715942382812,0.0021849060431122,34.203,0.71,0.171,0.151,0,0,1,,0.884,2026-03-17T10:04:34.215268,neutral,0.856,2026-03-17T10:04:32.253885,0.2906832901672183,2026-03-17T10:02:28.635000,78,,,
participant_21,1,day,Town10HD_Opt,2026-03-17 10:04:35.121130,-16.26204490661621,130.9882049560547,0.0023369980044662,26.168,0.78,0.0,0.333,0,0,1,,0.855,2026-03-17T10:04:35.121130,happy,0.598,2026-03-17T10:04:35.121130,0.4034832837979013,2026-03-17T10:02:28.635000,81,,,
participant_21,1,day,Town10HD_Opt,2026-03-17 10:04:36.232695,-21.115175247192383,130.82647705078125,0.00208106986247,14.621,0.658,0.0,0.392,0,0,1,,0.834,2026-03-17T10:04:36.232695,happy,0.598,2026-03-17T10:04:35.121130,0.3818749459940773,2026-03-17T10:02:28.635000,79,,,
participant_21,1,day,Town10HD_Opt,2026-03-17 10:04:37.109242,-23.263500213623047,130.7252960205078,0.0020922468975186,9.619,0.663,0.0,0.251,0,0,1,,0.832,2026-03-17T10:04:37.109242,happy,0.598,2026-03-17T10:04:35.121130,0.3440646206718469,2026-03-17T10:02:28.635000,81,Stop sign violation,stop_sign_id=754,
participant_21,1,day,Town10HD_Opt,2026-03-17 10:04:38.223904,-24.920988082885746,130.6376495361328,0.0020201874431222,2.975,0.67,0.0,0.129,0,0,1,,0.806,2026-03-17T10:04:38.223904,happy,0.87,2026-03-17T10:04:38.223904,0.3910307367307148,2026-03-17T10:02:28.635000,78,,,
participant_21,1,day,Town10HD_Opt,2026-03-17 10:04:39.086692,-24.96979713439941,130.6347198486328,0.0019559096544981,0.002,0.592,0.0,0.0,0,0,1,,0.811,2026-03-17T10:04:39.086692,happy,0.87,2026-03-17T10:04:38.223904,0.371899970331071,2026-03-17T10:02:28.635000,80,,,
participant_21,1,day,Town10HD_Opt,2026-03-17 10:04:40.237333,-24.9705753326416,130.6347198486328,0.0019194793421775,0.002,0.592,0.0,0.0,0,0,1,,0.875,2026-03-17T10:04:40.237333,happy,0.874,2026-03-17T10:04:40.237333,0.3245675715449291,2026-03-17T10:02:28.635000,81,,,
participant_21,1,day,Town10HD_Opt,2026-03-17 10:04:41.106645,-24.97079086303711,130.6347198486328,0.0019189452286809,0.0,0.592,0.0,0.0,0,0,1,,0.809,2026-03-17T10:04:41.106645,happy,0.874,2026-03-17T10:04:40.237333,0.3792379834811134,2026-03-17T10:02:28.635000,78,,,
participant_21,1,day,Town10HD_Opt,2026-03-17 10:04:42.182366,-24.970855712890625,130.6347198486328,0.0019189452286809,0.001,0.592,0.0,0.0,0,0,1,,1.0,2026-03-17T10:04:42.182366,happy,0.874,2026-03-17T10:04:40.237333,0.3200862996490408,2026-03-17T10:02:28.635000,77,,,
participant_21,1,day,Town10HD_Opt,2026-03-17 10:04:43.236014,-24.97092628479004,130.6347198486328,0.0019191360333934,0.001,0.58,0.0,0.0,0,0,1,,0.817,2026-03-17T10:04:43.236014,neutral,0.695,2026-03-17T10:04:43.236014,0.3499368012782025,2026-03-17T10:02:28.635000,76,,,
participant_21,1,day,Town10HD_Opt,2026-03-17 10:04:44.055593,-24.97091484069824,130.6347198486328,0.0019189071608707,0.006,0.58,0.0,0.0,0,0,1,,0.85,2026-03-17T10:04:44.055593,neutral,0.695,2026-03-17T10:04:43.236014,0.3621783164240206,2026-03-17T10:02:28.635000,78,,,
participant_21,1,day,Town10HD_Opt,2026-03-17 10:04:45.128424,-24.971004486083984,130.6347198486328,0.0019189071608707,0.006,0.58,0.0,0.0,0,0,1,,0.836,2026-03-17T10:04:45.128424,neutral,0.695,2026-03-17T10:04:43.236014,0.4022044636242801,2026-03-17T10:02:28.635000,77,,,
participant_21,1,day,Town10HD_Opt,2026-03-17 10:04:46.189666,-25.040307998657227,130.63092041015625,0.0017927932785823,2.916,0.58,0.501,0.0,0,0,1,,0.853,2026-03-17T10:04:46.189666,neutral,0.976,2026-03-17T10:04:46.189666,0.3727972611024651,2026-03-17T10:02:28.635000,77,,,
participant_21,1,day,Town10HD_Opt,2026-03-17 10:04:47.055874,-26.06217384338379,130.57461547851562,0.0016622924013063,9.728,0.58,0.548,0.0,0,0,1,,1.0,2026-03-17T10:04:47.055874,neutral,0.976,2026-03-17T10:04:46.189666,0.3288363357447807,2026-03-17T10:02:28.635000,78,,,
participant_21,1,day,Town10HD_Opt,2026-03-17 10:04:48.140216,-29.4065170288086,130.349609375,0.001891097985208,18.564,2.539,0.542,0.0,0,0,1,,0.812,2026-03-17T10:04:48.140216,neutral,0.976,2026-03-17T10:04:46.189666,0.2851603551139543,2026-03-17T10:02:28.635000,78,,,
participant_21,1,day,Town10HD_Opt,2026-03-17 10:04:49.250052,-34.02224349975586,129.51463317871094,0.0019879913888871,21.624,12.296,0.0,0.0,0,0,1,,0.87,2026-03-17T10:04:49.250052,happy,0.978,2026-03-17T10:04:49.250052,0.3700795178364402,2026-03-17T10:04:50.058000,73,,,
participant_21,1,day,Town10HD_Opt,2026-03-17 10:04:50.096738,-37.10035705566406,128.0681610107422,0.0019536209292709,16.852,14.813,0.0,0.0,0,0,1,,1.0,2026-03-17T10:04:50.096738,happy,0.978,2026-03-17T10:04:49.250052,0.5050210959484867,2026-03-17T10:04:51.048000,71,,,
participant_21,1,day,Town10HD_Opt,2026-03-17 10:04:51.223505,-39.63406753540039,125.82503509521484,0.002044181805104,12.008,15.563,0.0,0.0,0,0,1,,0.811,2026-03-17T10:04:51.223505,happy,0.978,2026-03-17T10:04:49.250052,0.4873159626844588,2026-03-17T10:04:52.037000,71,,,
participant_21,1,day,Town10HD_Opt,2026-03-17 10:04:52.062855,-40.73004150390625,124.318603515625,0.0020135878585278,9.087,16.079,0.0,0.0,0,0,1,,1.0,2026-03-17T10:04:52.062855,happy,0.614,2026-03-17T10:04:52.062855,0.3939650200323226,2026-03-17T10:04:52.037000,76,,,
participant_21,1,day,Town10HD_Opt,2026-03-17 10:04:53.016360,-41.39935302734375,123.04878997802734,0.0019615553319454,8.044,16.302,0.461,0.0,0,0,1,,1.0,2026-03-17T10:04:53.016360,happy,0.614,2026-03-17T10:04:52.062855,0.5173658532770302,2026-03-17T10:04:53.076000,74,,,
participant_21,1,day,Town10HD_Opt,2026-03-17 10:04:54.237426,-42.261844635009766,120.29000091552734,0.001648788456805,18.656,16.836,0.675,0.0,0,0,1,,1.0,2026-03-17T10:04:54.237426,happy,0.824,2026-03-17T10:04:54.237426,0.5332902997891525,2026-03-17T10:04:55.052000,72,,,
participant_21,1,day,Town10HD_Opt,2026-03-17 10:04:55.137639,-42.45444869995117,116.65705108642578,0.001840095501393,24.573,11.742,0.586,0.0,0,0,1,,1.0,2026-03-17T10:04:55.137639,happy,0.824,2026-03-17T10:04:54.237426,0.4541239058392281,2026-03-17T10:04:55.052000,75,,,
participant_21,1,day,Town10HD_Opt,2026-03-17 10:04:56.111162,-41.84603118896485,111.95230102539062,0.0018761062528938,29.955,-0.759,0.565,0.0,0,0,1,,1.0,2026-03-17T10:04:56.111162,happy,0.824,2026-03-17T10:04:54.237426,0.6136186344993582,2026-03-17T10:04:56.182000,73,,,
participant_21,1,day,Town10HD_Opt,2026-03-17 10:04:57.278540,-41.2165412902832,104.38829040527344,0.0019123458769172,35.482,-1.695,0.563,0.0,0,0,1,,1.0,2026-03-17T10:04:57.278540,happy,0.515,2026-03-17T10:04:57.278540,0.5487843590761032,2026-03-17T10:04:58.023000,72,,,
participant_21,1,day,Town10HD_Opt,2026-03-17 10:04:58.140467,-41.19625473022461,97.89735412597656,0.0019443893106654,38.575,0.623,0.251,0.0,0,0,1,,1.0,2026-03-17T10:04:58.140467,happy,0.515,2026-03-17T10:04:57.278540,0.6065971154753507,2026-03-17T10:04:58.023000,75,,,
participant_21,1,day,Town10HD_Opt,2026-03-17 10:04:59.012752,-41.11490631103516,91.63091278076172,0.0022932814899832,31.474,0.385,0.186,0.0,0,0,1,,0.863,2026-03-17T10:04:59.012752,happy,0.515,2026-03-17T10:04:57.278540,0.5158622469158421,2026-03-17T10:04:59.238000,75,,,
participant_21,2,day,Town10HD_Opt,2026-03-17 10:15:00.000000,-41.66858673095703,89.7454833984375,0.5804919004440308,0.0,-0.247,0.0,0.0,0,0,0,,1.0,2026-03-17T10:15:00,,,2026-03-17T10:15:00,0.2298329756240645,2026-03-17T10:15:00,76,,,
participant_21,2,day,Town10HD_Opt,2026-03-17 10:15:04.667897,-41.66858673095703,89.7454833984375,0.0019181441748514,0.0,-0.247,0.0,0.0,0,0,0,,1.0,2026-03-17T10:15:04.667897,,,2026-03-17T10:15:04.667897,0.3214286906715639,2026-03-17T10:15:04.998000,82,,,
participant_21,2,day,Town10HD_Opt,2026-03-17 10:15:04.998879,-41.66858673095703,89.7454833984375,0.0019181441748514,0.0,-0.247,0.0,0.0,0,0,0,,1.0,2026-03-17T10:15:04.667897,,,2026-03-17T10:15:04.667897,0.3233857643869473,2026-03-17T10:15:04.998000,82,,,
participant_21,2,day,Town10HD_Opt,2026-03-17 10:15:06.246216,-41.66858673095703,89.7454833984375,0.0019181441748514,0.0,-0.247,0.0,0.0,0,0,0,,0.823,2026-03-17T10:15:06.246216,,,2026-03-17T10:15:04.667897,0.2838919129948067,2026-03-17T10:15:05.984000,81,,,
participant_21,2,day,Town10HD_Opt,2026-03-17 10:15:07.226773,-41.66858673095703,89.7454833984375,0.0019181441748514,0.0,-0.247,0.0,0.0,0,0,0,,1.0,2026-03-17T10:15:07.226773,neutral,0.949,2026-03-17T10:15:07.226773,0.2798765366751506,2026-03-17T10:15:07.020000,84,,,
participant_21,2,day,Town10HD_Opt,2026-03-17 10:15:08.287705,-41.66858673095703,89.7454833984375,0.0019181441748514,0.0,-0.247,0.0,0.0,0,0,0,,1.0,2026-03-17T10:15:08.287705,neutral,0.949,2026-03-17T10:15:07.226773,0.3794632511341412,2026-03-17T10:15:08.010000,78,,,
participant_21,2,day,Town10HD_Opt,2026-03-17 10:15:09.275112,-41.66858673095703,89.7454833984375,0.0019181441748514,0.0,-0.247,0.0,0.0,0,0,0,,1.0,2026-03-17T10:15:09.275112,neutral,0.944,2026-03-17T10:15:09.275112,0.3305681217573425,2026-03-17T10:15:09.001000,81,,,
participant_21,2,day,Town10HD_Opt,2026-03-17 10:15:10.288909,-41.66858673095703,89.7454833984375,0.0019181441748514,0.0,-0.247,0.0,0.0,0,0,0,,1.0,2026-03-17T10:15:10.288909,neutral,0.944,2026-03-17T10:15:09.275112,0.3807508870460145,2026-03-17T10:15:09.990000,79,,,
participant_21,2,day,Town10HD_Opt,2026-03-17 10:15:11.309272,-41.66858673095703,89.7454833984375,0.0019181441748514,0.0,-0.247,0.0,0.0,0,0,0,,1.0,2026-03-17T10:15:11.309272,happy,0.988,2026-03-17T10:15:11.309272,0.3846073802432503,2026-03-17T10:15:10.980000,79,,,
participant_21,2,day,Town10HD_Opt,2026-03-17 10:15:12.064549,-41.66858673095703,89.7454833984375,0.0019181441748514,0.0,-0.247,0.0,0.0,0,0,0,,1.0,2026-03-17T10:15:12.064549,happy,0.988,2026-03-17T10:15:11.309272,0.3549928652821946,2026-03-17T10:15:12.014000,79,,,
participant_21,2,day,Town10HD_Opt,2026-03-17 10:15:13.047995,-41.66858673095703,89.7454833984375,0.0019181441748514,0.0,-0.247,0.0,0.0,0,0,0,,1.0,2026-03-17T10:15:13.047995,happy,0.988,2026-03-17T10:15:11.309272,0.3399853102063613,2026-03-17T10:15:13.005000,77,,,
participant_21,2,day,Town10HD_Opt,2026-03-17 10:15:14.062123,-41.66858673095703,89.7454833984375,0.0019181441748514,0.0,-0.247,0.0,0.0,0,0,0,,1.0,2026-03-17T10:15:14.062123,happy,0.866,2026-03-17T10:15:14.062123,0.3499887650084873,2026-03-17T10:15:13.996000,79,,,
participant_21,2,day,Town10HD_Opt,2026-03-17 10:15:15.115988,-41.66858673095703,89.7454833984375,0.0019181441748514,0.0,0.644,0.778,0.0,0,0,0,,1.0,2026-03-17T10:15:15.115988,happy,0.866,2026-03-17T10:15:14.062123,0.3882954450004499,2026-03-17T10:15:14.984000,74,,,
participant_21,2,day,Town10HD_Opt,2026-03-17 10:15:16.114850,-41.66599655151367,88.9237289428711,0.0013215255457907,14.487,0.611,0.962,0.0,0,0,1,,0.823,2026-03-17T10:15:16.114850,neutral,0.687,2026-03-17T10:15:16.114850,0.3235079013100391,2026-03-17T10:15:16.020000,76,,,
participant_21,2,day,Town10HD_Opt,2026-03-17 10:15:17.213873,-41.63834762573242,85.81222534179688,0.0019764709286391,17.947,0.827,0.128,0.0,0,0,1,,1.0,2026-03-17T10:15:17.213873,neutral,0.687,2026-03-17T10:15:16.114850,0.3745042115764132,2026-03-17T10:15:17.055000,75,,,
participant_21,2,day,Town10HD_Opt,2026-03-17 10:15:18.260523,-41.563758850097656,82.82283020019531,0.0019695663359016,16.146,3.471,0.186,0.0,0,0,1,,1.0,2026-03-17T10:15:18.260523,neutral,0.958,2026-03-17T10:15:18.260523,0.4003958967785414,2026-03-17T10:15:18,81,,,
participant_21,2,day,Town10HD_Opt,2026-03-17 10:15:19.013812,-41.39632415771485,80.9480972290039,0.0018938827561214,16.766,8.029,0.395,0.0,0,0,1,,0.895,2026-03-17T10:15:19.013812,neutral,0.958,2026-03-17T10:15:18.260523,0.3752682859666605,2026-03-17T10:15:19.080000,81,,,
participant_21,2,day,Town10HD_Opt,2026-03-17 10:15:20.064271,-40.76408004760742,77.9130859375,0.0020623398013412,18.345,10.656,0.375,0.0,0,0,1,,1.0,2026-03-17T10:15:20.064271,neutral,0.958,2026-03-17T10:15:18.260523,0.4179042494644172,2026-03-17T10:15:19.981000,83,,,
participant_21,2,day,Town10HD_Opt,2026-03-17 10:15:21.209080,-39.53650665283203,74.95092010498047,0.0020353698637336,18.772,15.721,0.367,0.0,0,0,1,,1.0,2026-03-17T10:15:21.209080,neutral,0.978,2026-03-17T10:15:21.209080,0.3646079150218478,2026-03-17T10:15:21.060000,81,,,
participant_21,2,day,Town10HD_Opt,2026-03-17 10:15:22.333452,-37.4530029296875,72.3740005493164,0.0020499038510024,19.442,19.644,0.344,0.0,0,0,1,,0.803,2026-03-17T10:15:22.333452,neutral,0.978,2026-03-17T10:15:21.209080,0.4656955061319885,2026-03-17T10:15:22.004000,80,,,
participant_21,2,day,Town10HD_Opt,2026-03-17 10:15:23.080779,-35.59904861450195,71.07665252685547,0.0020625304896384,19.638,20.498,0.344,0.0,0,0,1,,1.0,2026-03-17T10:15:23.080779,neutral,0.978,2026-03-17T10:15:21.209080,0.3254171391311761,2026-03-17T10:15:23.040000,81,,,
participant_21,2,day,Town10HD_Opt,2026-03-17 10:15:24.128667,-32.34900665283203,69.99526977539062,0.0020571136847138,19.986,13.161,0.342,0.0,0,0,1,,0.879,2026-03-17T10:15:24.128667,neutral,0.986,2026-03-17T10:15:24.128667,0.3897128599648481,2026-03-17T10:15:23.988000,78,,,
participant_21,2,day,Town10HD_Opt,2026-03-17 10:15:25.191664,-28.85415267944336,69.59513092041016,0.0020455932244658,20.191,7.347,0.342,0.0,0,0,1,,0.815,2026-03-17T10:15:25.191664,neutral,0.986,2026-03-17T10:15:24.128667,0.4363593350920965,2026-03-17T10:15:25.020000,78,,,
participant_21,2,day,Town10HD_Opt,2026-03-17 10:15:26.264542,-25.29965591430664,69.60286712646484,0.0020264815539121,20.645,1.568,0.366,0.0,0,0,1,,1.0,2026-03-17T10:15:26.264542,neutral,0.914,2026-03-17T10:15:26.264542,0.3333981739560681,2026-03-17T10:15:26.012000,80,,,
participant_21,2,day,Town10HD_Opt,2026-03-17 10:15:27.010078,-22.86748695373535,69.63871765136719,0.002021598862484,21.11,-3.059,0.359,0.0,0,0,1,,0.929,2026-03-17T10:15:27.010078,neutral,0.914,2026-03-17T10:15:26.264542,0.4289132889984082,2026-03-17T10:15:27,76,,,
participant_21,2,day,Town10HD_Opt,2026-03-17 10:15:28.049481,-19.125747680664062,69.59523010253906,0.0020249558147042,21.7,2.153,0.359,0.0,0,0,1,,0.935,2026-03-17T10:15:28.049481,neutral,0.914,2026-03-17T10:15:26.264542,0.3313512847740468,2026-03-17T10:15:27.990000,80,,,
participant_21,2,day,Town10HD_Opt,2026-03-17 10:15:29.108429,-15.286521911621094,69.6318359375,0.0020265197381377,22.221,-0.674,0.359,0.0,0,0,1,,0.896,2026-03-17T10:15:29.108429,neutral,0.992,2026-03-17T10:15:29.108429,0.4134464285441842,2026-03-17T10:15:28.981000,80,,,
participant_21,2,day,Town10HD_Opt,2026-03-17 10:15:30.132904,-11.36011791229248,69.6234359741211,0.0020282363984733,22.687,0.078,0.359,0.0,0,0,1,,0.93,2026-03-17T10:15:30.132904,neutral,0.992,2026-03-17T10:15:29.108429,0.4351454793978718,2026-03-17T10:15:30.015000,80,,,
participant_21,2,day,Town10HD_Opt,2026-03-17 10:15:31.187278,-7.35674238204956,69.62390899658203,0.0020303344354033,23.094,0.277,0.358,0.0,0,0,1,,0.9,2026-03-17T10:15:31.187278,neutral,0.999,2026-03-17T10:15:31.187278,0.3708474393446034,2026-03-17T10:15:31.005000,84,,,
participant_21,2,day,Town10HD_Opt,2026-03-17 10:15:32.156403,-3.2877566814422607,69.6466064453125,0.0020324324723333,23.415,0.106,0.357,0.0,0,0,1,,1.0,2026-03-17T10:15:32.156403,neutral,0.999,2026-03-17T10:15:31.187278,0.3539612952346633,2026-03-17T10:15:31.995000,83,,,
participant_21,2,day,Town10HD_Opt,2026-03-17 10:15:33.137088,0.835516095161438,69.68023681640625,0.0020343780051916,23.712,0.096,0.356,0.0,0,0,1,,1.0,2026-03-17T10:15:33.137088,neutral,0.999,2026-03-17T10:15:31.187278,0.3353516698646009,2026-03-17T10:15:32.986000,82,,,
participant_21,2,day,Town10HD_Opt,2026-03-17 10:15:34.106813,5.004571437835693,69.72296905517578,0.0020355223678052,23.955,0.096,0.356,0.0,0,0,1,,0.919,2026-03-17T10:15:34.106813,neutral,0.985,2026-03-17T10:15:34.106813,0.3823283046006846,2026-03-17T10:15:34.021000,84,,,
participant_21,2,day,Town10HD_Opt,2026-03-17 10:15:35.133265,9.213705062866213,69.7750015258789,0.002036437857896,24.168,0.096,0.353,0.0,0,0,1,,0.909,2026-03-17T10:15:35.133265,neutral,0.985,2026-03-17T10:15:34.106813,0.3583126959497039,2026-03-17T10:15:35.010000,77,,,
participant_21,2,day,Town10HD_Opt,2026-03-17 10:15:36.138459,13.353962898254396,69.8349380493164,0.0021691513247787,21.57,0.096,0.0,0.0,0,0,1,,0.893,2026-03-17T10:15:36.138459,neutral,0.988,2026-03-17T10:15:36.138459,0.3987147030988354,2026-03-17T10:15:36,77,,,
participant_21,2,day,Town10HD_Opt,2026-03-17 10:15:37.184280,16.694257736206055,69.8899917602539,0.0019616317003965,16.22,0.096,0.0,0.146,0,0,1,,0.947,2026-03-17T10:15:37.184280,neutral,0.988,2026-03-17T10:15:36.138459,0.4371163062664859,2026-03-17T10:15:36.990000,76,,,
participant_21,2,day,Town10HD_Opt,2026-03-17 10:15:38.257798,19.18490600585937,69.93578338623047,0.0020685195922851,11.693,0.096,0.0,0.095,0,0,1,,0.97,2026-03-17T10:15:38.257798,neutral,0.999,2026-03-17T10:15:38.257798,0.3628618725229411,2026-03-17T10:15:37.983000,76,,,
participant_21,2,day,Town10HD_Opt,2026-03-17 10:15:39.250020,20.993385314941406,69.97116088867188,0.0020217131823301,8.641,0.096,0.0,0.12,0,0,1,,0.94,2026-03-17T10:15:39.250020,neutral,0.999,2026-03-17T10:15:38.257798,0.4079628988222841,2026-03-17T10:15:39.015000,76,,,
participant_21,2,day,Town10HD_Opt,2026-03-17 10:15:40.299654,21.949499130249023,69.99057006835938,0.0023422623053193,0.001,0.096,0.0,0.399,0,0,1,,0.874,2026-03-17T10:15:40.299654,neutral,0.941,2026-03-17T10:15:40.299654,0.4520153197567321,2026-03-17T10:15:40.005000,73,,,
participant_21,2,day,Town10HD_Opt,2026-03-17 10:15:41.274709,21.950946807861328,69.9905776977539,0.0019327925983816,0.014,0.096,0.005,0.0,0,0,1,,0.971,2026-03-17T10:15:41.274709,neutral,0.941,2026-03-17T10:15:40.299654,0.4170473303482863,2026-03-17T10:15:40.995000,74,,,
participant_21,2,day,Town10HD_Opt,2026-03-17 10:15:42.288732,21.98520469665528,69.99134063720703,0.0018587874947115,1.322,0.101,0.24,0.0,0,0,1,,0.952,2026-03-17T10:15:42.288732,neutral,0.941,2026-03-17T10:15:40.299654,0.3292646230631794,2026-03-17T10:15:41.986000,73,,,
participant_21,2,day,Town10HD_Opt,2026-03-17 10:15:43.294982,22.387176513671875,69.9997329711914,0.0018351363250985,3.816,0.101,0.242,0.0,0,0,1,,0.837,2026-03-17T10:15:43.294982,neutral,0.991,2026-03-17T10:15:43.294982,0.3465736547022635,2026-03-17T10:15:43.021000,74,,,
participant_21,2,day,Town10HD_Opt,2026-03-17 10:15:44.043275,22.90518569946289,70.01010131835938,0.0018357086228206,5.478,-0.888,0.241,0.0,0,0,1,,1.0,2026-03-17T10:15:44.043275,neutral,0.991,2026-03-17T10:15:43.294982,0.3088873888202247,2026-03-17T10:15:44.100000,71,,,
participant_21,2,day,Town10HD_Opt,2026-03-17 10:15:45.074572,24.01721572875977,70.01710510253906,0.0018546676728874,7.481,0.971,0.219,0.0,0,0,1,,0.844,2026-03-17T10:15:45.074572,neutral,0.991,2026-03-17T10:15:43.294982,0.3840022702745902,2026-03-17T10:15:45.046000,70,,,
participant_21,2,day,Town10HD_Opt,2026-03-17 10:15:46.100096,25.29739761352539,70.04634094238281,0.0019644545391201,6.423,0.505,0.0,0.12,0,0,1,,0.864,2026-03-17T10:15:46.100096,neutral,0.972,2026-03-17T10:15:46.100096,0.3780331111579073,2026-03-17T10:15:45.991000,67,,,
participant_21,2,day,Town10HD_Opt,2026-03-17 10:15:47.082043,25.57332420349121,70.05333709716797,0.0019839478190988,0.0,0.484,0.0,0.3,0,0,1,,0.86,2026-03-17T10:15:47.082043,neutral,0.972,2026-03-17T10:15:46.100096,0.3040668043680455,2026-03-17T10:15:46.981000,70,,,
participant_21,2,day,Town10HD_Opt,2026-03-17 10:15:48.046606,25.57330703735352,70.05333709716797,0.0019182204268872,0.206,0.376,0.354,0.0,0,0,1,,1.0,2026-03-17T10:15:48.046606,neutral,0.972,2026-03-17T10:15:46.100096,0.3238954387652996,2026-03-17T10:15:48.015000,69,,,
participant_21,2,day,Town10HD_Opt,2026-03-17 10:15:49.060612,26.024349212646484,70.0582275390625,0.0017300796462222,5.774,-1.97,0.43,0.0,0,0,1,,0.842,2026-03-17T10:15:49.060612,happy,0.562,2026-03-17T10:15:49.060612,0.3433129797630115,2026-03-17T10:15:49.006000,68,,,
participant_21,2,day,Town10HD_Opt,2026-03-17 10:15:50.145561,27.37670516967773,70.03599548339844,0.0018628310644999,8.623,-5.177,0.157,0.0,0,0,1,,0.971,2026-03-17T10:15:50.145561,happy,0.562,2026-03-17T10:15:49.060612,0.3303033742864091,2026-03-17T10:15:49.996000,69,,,
participant_21,2,day,Town10HD_Opt,2026-03-17 10:15:51.192426,28.869291305541992,69.92755889892578,0.0019419860327616,8.137,-6.499,0.104,0.0,0,0,1,,0.983,2026-03-17T10:15:51.192426,happy,0.525,2026-03-17T10:15:51.192426,0.3742598654520613,2026-03-17T10:15:50.986000,71,,,
participant_21,2,day,Town10HD_Opt,2026-03-17 10:15:52.307622,30.25347900390625,69.73552703857422,0.0019188307924196,7.968,-8.842,0.196,0.0,0,0,1,,0.994,2026-03-17T10:15:52.307622,happy,0.525,2026-03-17T10:15:51.192426,0.3604236821115116,2026-03-17T10:15:52.021000,75,,,
participant_21,2,day,Town10HD_Opt,2026-03-17 10:15:53.020309,31.20306396484375,69.53974151611328,0.0018896865658462,8.691,-9.04,0.211,0.0,0,0,1,,0.988,2026-03-17T10:15:53.020309,happy,0.525,2026-03-17T10:15:51.192426,0.4113211201400817,2026-03-17T10:15:53.011000,74,,,
participant_21,2,day,Town10HD_Opt,2026-03-17 10:15:54.050380,32.76118469238281,69.10660552978516,0.0018835830269381,9.858,-9.55,0.222,0.0,0,0,1,,0.979,2026-03-17T10:15:54.050380,neutral,0.939,2026-03-17T10:15:54.050380,0.4007196655090779,2026-03-17T10:15:54.001000,74,,,
participant_21,2,day,Town10HD_Opt,2026-03-17 10:15:55.093155,34.44804000854492,68.45897674560547,0.0018895721295848,10.882,-11.057,0.236,0.0,0,0,1,,0.982,2026-03-17T10:15:55.093155,neutral,0.939,2026-03-17T10:15:54.050380,0.3821263333650374,2026-03-17T10:15:54.991000,71,,,
participant_21,2,day,Town10HD_Opt,2026-03-17 10:15:56.114390,36.21923065185547,67.53617095947266,0.0018808364402502,12.138,-11.057,0.246,0.0,0,0,1,,0.931,2026-03-17T10:15:56.114390,happy,0.62,2026-03-17T10:15:56.114390,0.4238001770720865,2026-03-17T10:15:55.981000,71,,,
participant_21,2,day,Town10HD_Opt,2026-03-17 10:15:57.112590,38.0247802734375,66.29981994628906,0.0018997192382812,12.885,-11.057,0.234,0.0,0,0,1,,0.985,2026-03-17T10:15:57.112590,happy,0.62,2026-03-17T10:15:56.114390,0.5326316588887681,2026-03-17T10:15:57.015000,76,,,
participant_21,2,day,Town10HD_Opt,2026-03-17 10:15:58.100208,39.75389099121094,64.75301361083984,0.0026510239113122,13.732,-11.057,0.259,0.0,0,0,1,,0.989,2026-03-17T10:15:58.100208,happy,0.62,2026-03-17T10:15:56.114390,0.5269929317801361,2026-03-17T10:15:58.005000,72,,,
participant_21,2,day,Town10HD_Opt,2026-03-17 10:15:59.114305,41.35435485839844,62.87019348144531,0.0018812179332599,14.662,-11.041,0.265,0.0,0,0,1,,0.969,2026-03-17T10:15:59.114305,happy,0.769,2026-03-17T10:15:59.114305,0.445309006387113,2026-03-17T10:15:58.995000,72,,,
participant_21,2,day,Town10HD_Opt,2026-03-17 10:16:00.148535,42.75022506713867,60.64348602294922,0.0018941116286441,15.472,-11.028,0.269,0.0,0,0,1,,0.8,2026-03-17T10:16:00.148535,happy,0.769,2026-03-17T10:15:59.114305,0.4738406133081959,2026-03-17T10:16:00.032000,74,,,
participant_21,2,day,Town10HD_Opt,2026-03-17 10:16:01.191316,43.84769821166992,58.10395812988281,0.0019036864396184,16.217,-11.228,0.266,0.0,0,0,1,,0.905,2026-03-17T10:16:01.191316,happy,0.794,2026-03-17T10:16:01.191316,0.5199288871863759,2026-03-17T10:16:01.021000,76,,,
participant_21,2,day,Town10HD_Opt,2026-03-17 10:16:02.186936,44.54549026489258,55.31881713867188,0.0019116591429337,16.703,-11.344,0.262,0.0,0,0,1,,0.984,2026-03-17T10:16:02.186936,happy,0.794,2026-03-17T10:16:01.191316,0.5035459402068407,2026-03-17T10:16:02.011000,79,,,
participant_21,2,day,Town10HD_Opt,2026-03-17 10:16:03.198626,44.83444595336914,52.39274215698242,0.0019248580792918,16.732,-4.568,0.175,0.0,0,0,1,,0.971,2026-03-17T10:16:03.198626,neutral,0.934,2026-03-17T10:16:03.198626,0.5651197455269422,2026-03-17T10:16:03.002000,80,,,
participant_21,2,day,Town10HD_Opt,2026-03-17 10:16:04.219583,44.91816329956055,49.55557632446289,0.0019564819522202,15.616,-6.225,0.17,0.0,0,0,1,,0.98,2026-03-17T10:16:04.219583,neutral,0.934,2026-03-17T10:16:03.198626,0.4232486685466401,2026-03-17T10:16:03.991000,80,,,
participant_21,2,day,Town10HD_Opt,2026-03-17 10:16:05.272088,44.77811050415039,46.92892456054688,0.0019980238284915,13.727,-4.365,0.0,0.0,0,0,1,,0.953,2026-03-17T10:16:05.272088,neutral,0.795,2026-03-17T10:16:05.272088,0.4490139738126467,2026-03-17T10:16:05.026000,81,,,errors=Solid line crossing
participant_21,2,day,Town10HD_Opt,2026-03-17 10:16:06.315705,44.61164093017578,44.81966781616211,0.0020359419286251,10.132,2.059,0.0,0.069,0,0,1,,0.946,2026-03-17T10:16:06.315705,neutral,0.795,2026-03-17T10:16:05.272088,0.4045793745404556,2026-03-17T10:16:06.016000,80,,,
participant_21,2,day,Town10HD_Opt,2026-03-17 10:16:07.022985,44.56789779663086,43.74188232421875,0.002005310030654,8.325,3.49,0.0,0.0,0,0,1,,0.894,2026-03-17T10:16:07.022985,neutral,0.795,2026-03-17T10:16:05.272088,0.4610304777098409,2026-03-17T10:16:07.005000,82,,,
participant_21,2,day,Town10HD_Opt,2026-03-17 10:16:08.036808,44.54523468017578,42.41764068603516,0.001928825280629,7.573,2.73,0.288,0.0,0,0,1,,0.883,2026-03-17T10:16:08.036808,neutral,0.954,2026-03-17T10:16:08.036808,0.3652753342897988,2026-03-17T10:16:07.996000,82,,,
participant_21,2,day,Town10HD_Opt,2026-03-17 10:16:09.087278,44.55061340332031,40.89611053466797,0.0018125915667042,10.518,3.033,0.356,0.0,0,0,1,,0.857,2026-03-17T10:16:09.087278,neutral,0.954,2026-03-17T10:16:08.036808,0.3866056965565538,2026-03-17T10:16:09.031000,85,,,
participant_21,2,day,Town10HD_Opt,2026-03-17 10:16:10.100583,44.6353645324707,38.83209991455078,0.0018589019309729,12.805,5.742,0.214,0.0,0,0,1,,1.0,2026-03-17T10:16:10.100583,neutral,0.926,2026-03-17T10:16:10.100583,0.4311991398973104,2026-03-17T10:16:10.021000,84,,,
participant_21,2,day,Town10HD_Opt,2026-03-17 10:16:11.170199,44.97501373291016,36.636905670166016,0.0019544982351362,12.17,12.573,0.067,0.0,0,0,1,,0.862,2026-03-17T10:16:11.170199,neutral,0.926,2026-03-17T10:16:10.100583,0.4836511547652455,2026-03-17T10:16:11.011000,85,,,
participant_21,2,day,Town10HD_Opt,2026-03-17 10:16:12.196227,45.59366226196289,34.8061637878418,0.0019984054379165,9.906,17.936,0.103,0.0,0,0,1,,1.0,2026-03-17T10:16:12.196227,neutral,0.979,2026-03-17T10:16:12.196227,0.3955120910272324,2026-03-17T10:16:12.001000,86,,,
participant_21,2,day,Town10HD_Opt,2026-03-17 10:16:13.217427,46.41703414916992,33.3558464050293,0.0019253920763731,9.623,19.327,0.223,0.0,0,0,1,,1.0,2026-03-17T10:16:13.217427,neutral,0.979,2026-03-17T10:16:12.196227,0.5018364203605585,2026-03-17T10:16:12.991000,82,,,
participant_21,2,day,Town10HD_Opt,2026-03-17 10:16:14.195997,47.55982971191406,31.97603988647461,0.0018708801362663,11.309,19.315,0.29,0.0,0,0,1,,1.0,2026-03-17T10:16:14.195997,neutral,0.979,2026-03-17T10:16:12.196227,0.507871249886645,2026-03-17T10:16:14.071000,85,,,
participant_21,2,day,Town10HD_Opt,2026-03-17 10:16:15.233183,49.18773651123047,30.63487434387207,0.0018776321085169,13.054,19.188,0.282,0.0,0,0,1,,0.824,2026-03-17T10:16:15.233183,neutral,0.908,2026-03-17T10:16:15.233183,0.3806974971902553,2026-03-17T10:16:15.017000,84,,,
participant_21,2,day,Town10HD_Opt,2026-03-17 10:16:16.283160,51.30575942993164,29.55212783813477,0.0018908309284597,14.41,17.831,0.263,0.0,0,0,1,,0.871,2026-03-17T10:16:16.283160,neutral,0.908,2026-03-17T10:16:15.233183,0.4170350283244782,2026-03-17T10:16:16.006000,83,,,
participant_21,2,day,Town10HD_Opt,2026-03-17 10:16:17.309482,53.78019332885742,28.81164932250977,0.0019022750202566,15.193,11.368,0.249,0.0,0,0,1,,0.845,2026-03-17T10:16:17.309482,neutral,0.975,2026-03-17T10:16:17.309482,0.4092351086668317,2026-03-17T10:16:16.998000,82,,,
participant_21,2,day,Town10HD_Opt,2026-03-17 10:16:18.296512,56.428001403808594,28.28954124450684,0.0019039153121411,15.682,0.261,0.246,0.0,0,0,1,,0.892,2026-03-17T10:16:18.296512,neutral,0.975,2026-03-17T10:16:17.309482,0.4934847787731148,2026-03-17T10:16:18.031000,84,,,
participant_21,2,day,Town10HD_Opt,2026-03-17 10:16:19.303226,59.11500930786133,27.609174728393555,0.001905555720441,16.118,-5.583,0.271,0.0,0,0,1,,0.858,2026-03-17T10:16:19.303226,neutral,0.975,2026-03-17T10:16:17.309482,0.3686956640547594,2026-03-17T10:16:19.021000,87,,,
participant_21,2,day,Town10HD_Opt,2026-03-17 10:16:20.288100,61.85806655883789,26.75010681152344,0.0018971251556649,16.801,1.093,0.284,0.0,0,0,1,,0.926,2026-03-17T10:16:20.288100,neutral,0.974,2026-03-17T10:16:20.288100,0.3839878233022076,2026-03-17T10:16:20.012000,91,,,
participant_21,2,day,Town10HD_Opt,2026-03-17 10:16:21.299310,64.74542999267578,25.94090461730957,0.0018983840709552,17.484,1.984,0.275,0.0,0,0,1,,0.919,2026-03-17T10:16:21.299310,neutral,0.974,2026-03-17T10:16:20.288100,0.4714565093481509,2026-03-17T10:16:21.001000,90,,,
participant_21,2,day,Town10HD_Opt,2026-03-17 10:16:22.009055,66.74044036865234,25.445602416992188,0.0019040297484025,17.785,2.534,0.27,0.0,0,0,1,,0.931,2026-03-17T10:16:22.009055,neutral,0.974,2026-03-17T10:16:20.288100,0.4808638079697243,2026-03-17T10:16:21.991000,91,,,
participant_21,2,day,Town10HD_Opt,2026-03-17 10:16:23.289411,70.81745147705078,24.650774002075195,0.0019387817010283,17.49,5.917,0.207,0.0,0,0,1,,0.93,2026-03-17T10:16:23.289411,neutral,0.948,2026-03-17T10:16:23.289411,0.4625212233329217,2026-03-17T10:16:23.025000,90,,,errors=Solid line crossing
participant_21,2,day,Town10HD_Opt,2026-03-17 10:16:24.331132,73.79903411865234,24.428407669067383,0.0019601820968091,16.361,7.763,0.0,0.0,0,0,1,,0.923,2026-03-17T10:16:24.331132,neutral,0.948,2026-03-17T10:16:23.289411,0.4340677081641403,2026-03-17T10:16:24.016000,85,,,
participant_21,2,day,Town10HD_Opt,2026-03-17 10:16:25.337452,76.35877227783203,24.52530860900879,0.0020391081925481,12.363,3.759,0.0,0.13,0,0,1,,0.877,2026-03-17T10:16:25.337452,neutral,0.928,2026-03-17T10:16:25.337452,0.4152742607166387,2026-03-17T10:16:25.006000,87,,,
participant_21,2,day,Town10HD_Opt,2026-03-17 10:16:26.045012,77.68634796142578,24.589990615844727,0.0020513152703642,9.786,-3.58,0.0,0.214,0,0,1,,0.936,2026-03-17T10:16:26.045012,neutral,0.928,2026-03-17T10:16:25.337452,0.3936568380718208,2026-03-17T10:16:25.996000,85,,,
participant_21,2,day,Town10HD_Opt,2026-03-17 10:16:27.027460,79.06207275390625,24.58529281616211,0.0020551299676299,5.537,-2.642,0.0,0.277,0,0,1,,0.972,2026-03-17T10:16:27.027460,neutral,0.928,2026-03-17T10:16:25.337452,0.2859752877053103,2026-03-17T10:16:27.031000,86,,,
participant_21,2,day,Town10HD_Opt,2026-03-17 10:16:28.072928,79.20401000976562,24.583934783935547,0.001958007691428,0.062,-0.129,0.0,0.0,0,0,1,,0.818,2026-03-17T10:16:28.072928,neutral,0.936,2026-03-17T10:16:28.072928,0.3504801476229492,2026-03-17T10:16:28.022000,89,,,
participant_21,2,day,Town10HD_Opt,2026-03-17 10:16:29.103265,79.2139892578125,24.58405876159668,0.00192012777552,0.053,0.374,0.0,0.0,0,0,1,,0.925,2026-03-17T10:16:29.103265,neutral,0.936,2026-03-17T10:16:28.072928,0.3269066749913305,2026-03-17T10:16:29.012000,87,,,
participant_21,2,day,Town10HD_Opt,2026-03-17 10:16:30.256516,79.22178649902344,24.584142684936523,0.0019192504696547,0.041,0.315,0.0,0.0,0,0,1,,1.0,2026-03-17T10:16:30.256516,neutral,0.877,2026-03-17T10:16:30.256516,0.2848197552955654,2026-03-17T10:16:30.001000,83,,,
participant_21,2,day,Town10HD_Opt,2026-03-17 10:16:31.253710,79.22779083251953,24.58414649963379,0.001919288537465,0.033,0.214,0.0,0.0,0,0,1,,0.919,2026-03-17T10:16:31.253710,neutral,0.877,2026-03-17T10:16:30.256516,0.327908919112984,2026-03-17T10:16:30.991000,84,,,
participant_21,2,day,Town10HD_Opt,2026-03-17 10:16:32.270506,79.2323989868164,24.58414459228516,0.0019191741012036,0.026,0.193,0.0,0.0,0,0,1,,0.949,2026-03-17T10:16:32.270506,neutral,0.738,2026-03-17T10:16:32.270506,0.279797172761128,2026-03-17T10:16:32.026000,84,,,
participant_21,2,day,Town10HD_Opt,2026-03-17 10:16:33.206038,79.234619140625,24.58414459228516,0.0019187927246093,0.004,0.183,0.0,0.0,0,0,1,,1.0,2026-03-17T10:16:33.206038,neutral,0.738,2026-03-17T10:16:32.270506,0.266327984276465,2026-03-17T10:16:33.016000,83,,,
participant_21,2,day,Town10HD_Opt,2026-03-17 10:16:34.154149,79.23494720458984,24.58414459228516,0.0019189452286809,0.001,0.183,0.0,0.0,0,0,1,,0.937,2026-03-17T10:16:34.154149,neutral,0.738,2026-03-17T10:16:32.270506,0.2566911378671845,2026-03-17T10:16:34.096000,80,,,
participant_21,2,day,Town10HD_Opt,2026-03-17 10:16:35.068794,79.234619140625,24.58414459228516,0.0019186401041224,0.14,0.186,0.105,0.0,0,0,1,,0.907,2026-03-17T10:16:35.068794,neutral,0.574,2026-03-17T10:16:35.068794,0.2929996215651534,2026-03-17T10:16:35.041000,80,,,
participant_21,2,day,Town10HD_Opt,2026-03-17 10:16:36.066816,79.36373138427734,24.58540916442871,0.0017546081217005,3.138,0.801,0.827,0.0,0,0,1,,0.902,2026-03-17T10:16:36.066816,neutral,0.574,2026-03-17T10:16:35.068794,0.2637700125784331,2026-03-17T10:16:36.031000,77,,,
participant_21,2,day,Town10HD_Opt,2026-03-17 10:16:37.274278,82.33722686767578,24.64606475830078,0.0017243194160982,22.521,0.834,1.0,0.0,0,0,1,,0.896,2026-03-17T10:16:37.274278,neutral,0.702,2026-03-17T10:16:37.274278,0.2237856048663116,2026-03-17T10:16:37.021000,72,,,
participant_21,2,day,Town10HD_Opt,2026-03-17 10:16:38.025115,85.34886169433594,24.72317314147949,0.0018460464198142,27.009,-1.92,0.011,0.0,0,0,1,,0.883,2026-03-17T10:16:38.025115,neutral,0.702,2026-03-17T10:16:37.274278,0.2022941104522651,2026-03-17T10:16:38.012000,70,,,
participant_21,2,day,Town10HD_Opt,2026-03-17 10:16:39.080193,89.64238739013672,24.55034828186035,0.0021780775859951,22.208,-7.42,0.281,0.0,0,0,1,,0.97,2026-03-17T10:16:39.080193,neutral,0.702,2026-03-17T10:16:37.274278,0.1829251568238622,2026-03-17T10:16:39.002000,68,,,
participant_21,2,day,Town10HD_Opt,2026-03-17 10:16:40.133300,93.44001770019533,23.885316848754883,0.0019981765653938,22.905,-5.749,0.522,0.0,0,0,1,,0.956,2026-03-17T10:16:40.133300,neutral,0.801,2026-03-17T10:16:40.133300,0.257178351580307,2026-03-17T10:16:39.991000,67,,,
participant_21,2,day,Town10HD_Opt,2026-03-17 10:16:41.141031,97.54393005371094,22.55867958068848,0.0019244003342464,26.952,-10.641,0.46,0.0,0,0,1,,0.993,2026-03-17T10:16:41.141031,neutral,0.801,2026-03-17T10:16:40.133300,0.1928572676380781,2026-03-17T10:16:41.027000,66,,,
participant_21,2,day,Town10HD_Opt,2026-03-17 10:16:42.212577,101.52983856201172,20.06794548034668,0.0021456908434629,25.579,-14.393,0.141,0.0,0,0,1,,0.866,2026-03-17T10:16:42.212577,neutral,0.795,2026-03-17T10:16:42.212577,0.1567744610640548,2026-03-17T10:16:42.016000,66,,,
participant_21,2,day,Town10HD_Opt,2026-03-17 10:16:43.190277,104.18146514892578,16.917261123657227,0.0021971128880977,21.161,-14.364,0.141,0.0,0,0,1,,0.867,2026-03-17T10:16:43.190277,neutral,0.795,2026-03-17T10:16:42.212577,0.2084395167287319,2026-03-17T10:16:43.006000,65,,,
participant_21,2,day,Town10HD_Opt,2026-03-17 10:16:44.289543,105.5792465209961,13.776742935180664,0.0021323775872588,17.948,-14.215,0.179,0.0,0,0,1,,0.94,2026-03-17T10:16:44.289543,neutral,0.788,2026-03-17T10:16:44.289543,0.1725949717012618,2026-03-17T10:16:43.996000,66,,,
participant_21,2,day,Town10HD_Opt,2026-03-17 10:16:45.310923,106.16453552246094,10.69142723083496,0.0021228790283203,17.866,-8.413,0.269,0.0,0,0,1,,0.988,2026-03-17T10:16:45.310923,neutral,0.788,2026-03-17T10:16:44.289543,0.1383034687361776,2026-03-17T10:16:45.031000,65,,,
participant_21,2,day,Town10HD_Opt,2026-03-17 10:16:46.237737,106.4578094482422,7.495859622955322,0.0019571303855627,20.08,-2.492,0.807,0.0,0,0,1,,0.956,2026-03-17T10:16:46.237737,neutral,0.788,2026-03-17T10:16:44.289543,0.166901550770874,2026-03-17T10:16:46.021000,67,,,
participant_21,2,day,Town10HD_Opt,2026-03-17 10:16:47.167838,106.70113372802734,3.0920207500457764,0.0018481826409697,28.349,-2.17,0.142,0.0,0,0,1,,0.935,2026-03-17T10:16:47.167838,neutral,0.806,2026-03-17T10:16:47.167838,0.0855968441669274,2026-03-17T10:16:47.013000,68,,,
participant_21,2,day,Town10HD_Opt,2026-03-17 10:16:48.089079,106.74415588378906,-1.5888062715530396,0.0021594618447124,24.87,-1.718,0.169,0.0,0,0,1,,0.945,2026-03-17T10:16:48.089079,neutral,0.806,2026-03-17T10:16:47.167838,0.1314685508095896,2026-03-17T10:16:48.001000,71,,,
participant_21,2,day,Town10HD_Opt,2026-03-17 10:16:49.028078,106.69361114501952,-5.6324639320373535,0.0021405410952866,21.49,1.177,0.228,0.0,0,0,1,,0.808,2026-03-17T10:16:49.028078,neutral,0.806,2026-03-17T10:16:47.167838,0.1340441917899391,2026-03-17T10:16:48.991000,71,,,
participant_21,2,day,Town10HD_Opt,2026-03-17 10:16:50.253397,106.7392349243164,-10.359200477600098,0.0020912550389766,19.153,-0.24,0.311,0.0,0,0,1,,0.917,2026-03-17T10:16:50.253397,neutral,0.973,2026-03-17T10:16:50.253397,0.1557717035752769,2026-03-17T10:16:50.026000,72,,,
participant_21,2,day,Town10HD_Opt,2026-03-17 10:16:51.188164,106.76712036132812,-13.75467300415039,0.0019653320778161,20.755,-0.129,0.532,0.0,0,0,1,,0.817,2026-03-17T10:16:51.188164,neutral,0.973,2026-03-17T10:16:50.253397,0.1626728939699246,2026-03-17T10:16:51.016000,72,,,
participant_21,2,day,Town10HD_Opt,2026-03-17 10:16:52.134159,106.80011749267578,-17.714916229248047,0.0019187927246093,24.725,0.839,0.472,0.0,0,0,1,,0.831,2026-03-17T10:16:52.134159,neutral,0.973,2026-03-17T10:16:50.253397,0.1364756079342404,2026-03-17T10:16:52.006000,76,,,
participant_21,2,day,Town10HD_Opt,2026-03-17 10:16:53.063122,106.9473876953125,-22.229093551635746,0.0019894028082489,26.693,2.043,0.398,0.0,0,0,1,,0.867,2026-03-17T10:16:53.063122,neutral,0.964,2026-03-17T10:16:53.063122,0.1347233820283373,2026-03-17T10:16:53.041000,76,,,
participant_21,2,day,Town10HD_Opt,2026-03-17 10:16:54.308891,107.42361450195312,-28.55361557006836,0.0020240021403878,27.598,-2.442,0.388,0.0,0,0,1,,0.947,2026-03-17T10:16:54.308891,neutral,0.964,2026-03-17T10:16:53.063122,0.1706074514064919,2026-03-17T10:16:54.031000,78,,,
participant_21,2,day,Town10HD_Opt,2026-03-17 10:16:55.307657,107.42916870117188,-33.413204193115234,0.0020362853538244,27.991,-7.465,0.387,0.0,0,0,1,,0.878,2026-03-17T10:16:55.307657,neutral,0.862,2026-03-17T10:16:55.307657,0.1646559239676586,2026-03-17T10:16:55.021000,78,,,
participant_21,2,day,Town10HD_Opt,2026-03-17 10:16:56.185264,106.58430480957033,-38.254581451416016,0.0020399093627929,28.306,-7.489,0.388,0.0,0,0,1,,0.835,2026-03-17T10:16:56.185264,neutral,0.862,2026-03-17T10:16:55.307657,0.1028689381724229,2026-03-17T10:16:56.012000,76,,,
participant_21,2,day,Town10HD_Opt,2026-03-17 10:16:57.090221,104.87106323242188,-42.91970443725586,0.002039527753368,28.605,-6.502,0.387,0.0,0,0,1,,0.87,2026-03-17T10:16:57.090221,neutral,0.862,2026-03-17T10:16:55.307657,0.2317607839849589,2026-03-17T10:16:57.001000,74,,,
participant_21,2,day,Town10HD_Opt,2026-03-17 10:16:58.039439,102.43639373779295,-47.31448745727539,0.0020380020141601,28.893,-5.255,0.388,0.0,0,0,1,,0.833,2026-03-17T10:16:58.039439,neutral,0.797,2026-03-17T10:16:58.039439,0.2357105096370296,2026-03-17T10:16:57.991000,73,,,
participant_21,2,day,Town10HD_Opt,2026-03-17 10:16:59.272892,98.40145111083984,-52.7602424621582,0.0020370865240693,29.247,-4.407,0.387,0.0,0,0,1,,0.967,2026-03-17T10:16:59.272892,neutral,0.797,2026-03-17T10:16:58.039439,0.1614212684817998,2026-03-17T10:16:59.027000,73,,,
participant_21,2,day,Town10HD_Opt,2026-03-17 10:17:00.243442,94.83109283447266,-56.44012451171875,0.0020412825979292,29.44,-5.777,0.387,0.0,0,0,1,,0.841,2026-03-17T10:17:00.243442,neutral,0.908,2026-03-17T10:17:00.243442,0.2276968476240147,2026-03-17T10:17:00.017000,73,,,
participant_21,2,day,Town10HD_Opt,2026-03-17 10:17:01.169241,90.73692321777344,-59.57781600952149,0.002041587838903,29.603,-5.356,0.387,0.0,0,0,1,,0.865,2026-03-17T10:17:01.169241,neutral,0.908,2026-03-17T10:17:00.243442,0.2488123957288472,2026-03-17T10:17:01.006000,73,,,
participant_21,2,day,Town10HD_Opt,2026-03-17 10:17:02.101798,86.23125457763672,-62.18393325805664,0.0020155715756118,30.288,-3.059,0.477,0.0,0,0,1,,0.966,2026-03-17T10:17:02.101798,neutral,0.908,2026-03-17T10:17:00.243442,0.312134477018407,2026-03-17T10:17:01.996000,73,,,
participant_21,2,day,Town10HD_Opt,2026-03-17 10:17:03.022366,81.300048828125,-64.46769714355469,0.0019972228910773,31.871,-3.947,0.443,0.0,0,0,1,,0.971,2026-03-17T10:17:03.022366,neutral,0.754,2026-03-17T10:17:03.022366,0.2467490565330216,2026-03-17T10:17:03.032000,75,,,
participant_21,2,day,Town10HD_Opt,2026-03-17 10:17:04.294446,74.05253601074219,-66.71488952636719,0.0020126341842114,33.306,-4.832,0.443,0.0,0,0,1,,0.92,2026-03-17T10:17:04.294446,neutral,0.754,2026-03-17T10:17:03.022366,0.1600263193488117,2026-03-17T10:17:04.022000,77,,,
participant_21,2,day,Town10HD_Opt,2026-03-17 10:17:05.275372,68.2175064086914,-67.56689453125,0.0020161436405032,34.22,-3.488,0.443,0.0,0,0,1,,0.979,2026-03-17T10:17:05.275372,neutral,0.886,2026-03-17T10:17:05.275372,0.3643136198323166,2026-03-17T10:17:05.012000,77,,,
participant_21,2,day,Town10HD_Opt,2026-03-17 10:17:06.249531,62.16929626464844,-67.8608169555664,0.0020165634341537,35.058,-0.479,0.443,0.0,0,0,1,,0.885,2026-03-17T10:17:06.249531,neutral,0.886,2026-03-17T10:17:05.275372,0.3406196550546501,2026-03-17T10:17:06.001000,84,,,
participant_21,2,day,Town10HD_Opt,2026-03-17 10:17:07.233722,55.97723007202149,-67.99958038330078,0.0020201110746711,35.808,-1.347,0.442,0.0,0,0,1,,0.938,2026-03-17T10:17:07.233722,neutral,0.886,2026-03-17T10:17:05.275372,0.3264688866485165,2026-03-17T10:17:06.992000,80,,,
participant_21,2,day,Town10HD_Opt,2026-03-17 10:17:08.197769,49.66905975341797,-67.93789672851562,0.0020233916584402,36.407,0.075,0.442,0.0,0,0,1,,0.828,2026-03-17T10:17:08.197769,neutral,0.968,2026-03-17T10:17:08.197769,0.3627727489436151,2026-03-17T10:17:08.026000,81,,,
participant_21,2,day,Town10HD_Opt,2026-03-17 10:17:09.181428,43.26189804077149,-67.8177490234375,0.002025794936344,36.9,0.23,0.436,0.0,0,0,1,,1.0,2026-03-17T10:17:09.181428,neutral,0.968,2026-03-17T10:17:08.197769,0.3588682488087465,2026-03-17T10:17:09.019000,84,,,
participant_21,2,day,Town10HD_Opt,2026-03-17 10:17:10.153849,36.86414337158203,-67.72880554199219,0.0021170042455196,35.31,-0.089,0.262,0.0,0,0,1,,1.0,2026-03-17T10:17:10.153849,neutral,0.968,2026-03-17T10:17:08.197769,0.3273175839112739,2026-03-17T10:17:10.007000,82,,,
participant_21,2,day,Town10HD_Opt,2026-03-17 10:17:11.093007,30.943092346191406,-67.63716888427734,0.0021454237867146,32.103,0.115,0.259,0.0,0,0,1,,0.84,2026-03-17T10:17:11.093007,neutral,0.967,2026-03-17T10:17:11.093007,0.3523971988438975,2026-03-17T10:17:10.997000,81,,,
participant_21,2,day,Town10HD_Opt,2026-03-17 10:17:12.078569,25.552885055541992,-67.56907653808594,0.0021327210124582,29.447,0.176,0.259,0.0,0,0,1,,1.0,2026-03-17T10:17:12.078569,neutral,0.967,2026-03-17T10:17:11.093007,0.4484406332716104,2026-03-17T10:17:12.032000,83,,,
participant_21,2,day,Town10HD_Opt,2026-03-17 10:17:13.265835,19.0006160736084,-67.52201843261719,0.002086830092594,27.061,0.176,0.307,0.0,0,0,1,,0.858,2026-03-17T10:17:13.265835,neutral,0.971,2026-03-17T10:17:13.265835,0.3743611160707851,2026-03-17T10:17:13.022000,80,,,
participant_21,2,day,Town10HD_Opt,2026-03-17 10:17:14.203517,14.363823890686035,-67.51256561279297,0.002084732055664,25.798,0.176,0.293,0.0,0,0,1,,0.852,2026-03-17T10:17:14.203517,neutral,0.971,2026-03-17T10:17:13.265835,0.4480196939565655,2026-03-17T10:17:14.012000,77,,,
participant_21,2,day,Town10HD_Opt,2026-03-17 10:17:15.161240,9.957674026489258,-67.52196502685547,0.0020886610727757,24.414,0.176,0.284,0.0,0,0,1,,0.87,2026-03-17T10:17:15.161240,neutral,0.971,2026-03-17T10:17:13.265835,0.4433787283881752,2026-03-17T10:17:15.002000,78,,,
participant_21,2,day,Town10HD_Opt,2026-03-17 10:17:16.069544,5.789795875549316,-67.5470962524414,0.0020771026611328,23.455,0.19,0.901,0.0,0,0,1,,0.915,2026-03-17T10:17:16.069544,neutral,0.92,2026-03-17T10:17:16.069544,0.4116773116005555,2026-03-17T10:17:15.991000,80,,,
participant_21,2,day,Town10HD_Opt,2026-03-17 10:17:17.278881,-1.56434428691864,-67.63288116455078,0.0015410613268613,42.434,0.209,1.0,0.0,0,0,1,,1.0,2026-03-17T10:17:17.278881,neutral,0.92,2026-03-17T10:17:16.069544,0.4576564190941924,2026-03-17T10:17:17.027000,74,,,
participant_21,2,day,Town10HD_Opt,2026-03-17 10:17:18.225116,-10.041711807250977,-67.79354858398438,0.0018667601980268,50.374,-0.061,0.0,0.0,0,0,1,,1.0,2026-03-17T10:17:18.225116,neutral,0.902,2026-03-17T10:17:18.225116,0.4664838042117397,2026-03-17T10:17:18.017000,72,,,
participant_21,2,day,Town10HD_Opt,2026-03-17 10:17:19.244223,-18.831586837768555,-67.9397964477539,0.0019598007202148,51.294,-0.55,0.0,0.129,0,0,1,,0.921,2026-03-17T10:17:19.244223,neutral,0.902,2026-03-17T10:17:18.225116,0.5271141382944616,2026-03-17T10:17:19.006000,76,,,
participant_21,2,day,Town10HD_Opt,2026-03-17 10:17:20.142292,-26.911489486694336,-67.98274993896484,0.0023814390879124,40.273,0.362,0.0,0.0,0,0,1,,0.937,2026-03-17T10:17:20.142292,neutral,0.902,2026-03-17T10:17:18.225116,0.5082581588594278,2026-03-17T10:17:19.996000,73,,,
participant_21,2,day,Town10HD_Opt,2026-03-17 10:17:21.102798,-33.203857421875,-68.04232788085938,0.002327880822122,31.17,-0.757,0.173,0.0,0,0,1,,0.942,2026-03-17T10:17:21.102798,neutral,0.888,2026-03-17T10:17:21.102798,0.5449949732976452,2026-03-17T10:17:21.031000,74,,,
participant_21,2,day,Town10HD_Opt,2026-03-17 10:17:22.074549,-38.489402770996094,-68.02946472167969,0.0019646072760224,31.319,0.613,0.633,0.0,0,0,1,,0.88,2026-03-17T10:17:22.074549,neutral,0.888,2026-03-17T10:17:21.102798,0.4823931674372982,2026-03-17T10:17:22.022000,78,,,
participant_21,2,day,Town10HD_Opt,2026-03-17 10:17:23.290044,-46.80165863037109,-68.11573791503906,0.0018574142595753,40.43,-0.061,0.679,0.0,0,0,1,,0.933,2026-03-17T10:17:23.290044,neutral,0.924,2026-03-17T10:17:23.290044,0.4481726334878271,2026-03-17T10:17:23.012000,76,,,
participant_21,2,day,Town10HD_Opt,2026-03-17 10:17:24.240494,-54.345027923583984,-68.2169189453125,0.0018310927553102,46.089,-0.108,0.658,0.0,0,0,1,,0.954,2026-03-17T10:17:24.240494,neutral,0.924,2026-03-17T10:17:23.290044,0.4501305644853043,2026-03-17T10:17:24.092000,72,,,
participant_21,2,day,Town10HD_Opt,2026-03-17 10:17:25.288194,-62.7835693359375,-68.31739044189453,0.0018937683198601,50.643,-0.221,0.603,0.0,0,0,1,,0.862,2026-03-17T10:17:25.288194,neutral,0.924,2026-03-17T10:17:23.290044,0.501185697477828,2026-03-17T10:17:25.036000,73,,,
participant_21,2,day,Town10HD_Opt,2026-03-17 10:17:26.210448,-71.17576599121094,-68.25559997558594,0.0023558426182717,41.914,-3.544,0.0,0.0,0,0,1,,0.954,2026-03-17T10:17:26.210448,neutral,0.92,2026-03-17T10:17:26.210448,0.484072482251841,2026-03-17T10:17:26.027000,71,,,
participant_21,2,day,Town10HD_Opt,2026-03-17 10:17:27.219619,-77.76374053955078,-67.48812866210938,0.002347259549424,32.821,-4.115,0.0,0.0,0,0,1,,0.923,2026-03-17T10:17:27.219619,neutral,0.92,2026-03-17T10:17:26.210448,0.4660336648976934,2026-03-17T10:17:27.017000,72,,,
participant_21,2,day,Town10HD_Opt,2026-03-17 10:17:28.177031,-82.73391723632812,-66.28099822998047,0.0022870253305882,25.226,-4.426,0.098,0.0,0,0,1,,0.983,2026-03-17T10:17:28.177031,neutral,0.92,2026-03-17T10:17:26.210448,0.4844545552030543,2026-03-17T10:17:28.007000,72,,,
participant_21,2,day,Town10HD_Opt,2026-03-17 10:17:29.132794,-86.57067108154297,-64.89867401123047,0.0021467970218509,21.684,-4.549,0.355,0.0,0,0,1,,0.949,2026-03-17T10:17:29.132794,neutral,0.897,2026-03-17T10:17:29.132794,0.4528297378725323,2026-03-17T10:17:28.998000,73,,,
participant_21,2,day,Town10HD_Opt,2026-03-17 10:17:30.076154,-90.07411193847656,-63.24773406982422,0.001953125,23.715,-4.511,0.526,0.0,0,0,1,,0.964,2026-03-17T10:17:30.076154,neutral,0.897,2026-03-17T10:17:29.132794,0.4170592906889334,2026-03-17T10:17:30.032000,71,,,
participant_21,2,day,Town10HD_Opt,2026-03-17 10:17:31.271386,-95.30873107910156,-60.0175895690918,0.0024257279001176,29.579,-4.266,0.545,0.0,0,0,1,,0.962,2026-03-17T10:17:31.271386,neutral,0.908,2026-03-17T10:17:31.271386,0.5073464366915386,2026-03-17T10:17:31.022000,73,,,
participant_21,2,day,Town10HD_Opt,2026-03-17 10:17:32.272814,-99.5352554321289,-56.63337707519531,0.0020183180458843,31.233,-4.542,0.287,0.0,0,0,1,,0.952,2026-03-17T10:17:32.272814,neutral,0.908,2026-03-17T10:17:31.271386,0.4418506363514441,2026-03-17T10:17:32.012000,73,,,
participant_21,2,day,Town10HD_Opt,2026-03-17 10:17:33.204462,-103.22877502441406,-52.85554885864258,0.0021303938701748,28.898,-4.778,0.239,0.0,0,0,1,,1.0,2026-03-17T10:17:33.204462,neutral,0.908,2026-03-17T10:17:31.271386,0.4577957475502023,2026-03-17T10:17:33.001000,71,,,errors=Solid line crossing
participant_21,2,day,Town10HD_Opt,2026-03-17 10:17:34.141077,-106.13729095458984,-49.02898406982422,0.0021350097376853,25.986,-5.078,0.259,0.0,0,0,1,,0.928,2026-03-17T10:17:34.141077,neutral,0.885,2026-03-17T10:17:34.141077,0.5239504312937019,2026-03-17T10:17:34.037000,70,,,
participant_21,2,day,Town10HD_Opt,2026-03-17 10:17:35.014975,-108.36495971679688,-45.22716522216797,0.0020823287777602,24.591,-5.035,0.346,0.0,0,0,1,,0.855,2026-03-17T10:17:35.014975,neutral,0.885,2026-03-17T10:17:34.141077,0.4973711125382545,2026-03-17T10:17:35.026000,73,,,
participant_21,2,day,Town10HD_Opt,2026-03-17 10:17:36.002606,-110.10565185546876,-41.30447769165039,0.0020498274825513,24.466,-4.988,0.346,0.0,0,0,1,,0.921,2026-03-17T10:17:36.002606,neutral,0.885,2026-03-17T10:17:34.141077,0.4358293537275108,2026-03-17T10:17:36.016000,74,,,
participant_21,2,day,Town10HD_Opt,2026-03-17 10:17:37.216251,-111.73517608642578,-35.85348129272461,0.0020503997802734,24.295,-4.983,0.361,0.0,0,0,1,,0.938,2026-03-17T10:17:37.216251,neutral,0.913,2026-03-17T10:17:37.216251,0.459098171057218,2026-03-17T10:17:37.007000,71,,,
participant_21,2,day,Town10HD_Opt,2026-03-17 10:17:38.146146,-112.4244613647461,-31.64330101013184,0.002043075626716,24.437,-6.319,0.351,0.0,0,0,1,,0.83,2026-03-17T10:17:38.146146,neutral,0.913,2026-03-17T10:17:37.216251,0.52775951628189,2026-03-17T10:17:37.997000,74,,,
participant_21,2,day,Town10HD_Opt,2026-03-17 10:17:39.082700,-112.55616760253906,-27.36788749694824,0.0020486449357122,24.428,-6.303,0.347,0.0,0,0,1,,0.866,2026-03-17T10:17:39.082700,neutral,0.913,2026-03-17T10:17:37.216251,0.5225866055480379,2026-03-17T10:17:39.032000,74,,,
participant_21,2,day,Town10HD_Opt,2026-03-17 10:17:40.003445,-112.10516357421876,-23.12275123596192,0.0020503997802734,24.349,-5.888,0.342,0.0,0,0,1,,0.925,2026-03-17T10:17:40.003445,neutral,0.841,2026-03-17T10:17:40.003445,0.5246891412361687,2026-03-17T10:17:40.022000,72,,,
participant_21,2,day,Town10HD_Opt,2026-03-17 10:17:41.014447,-111.23902893066406,-18.95570945739746,0.002049560425803,24.207,2.24,0.338,0.0,0,0,1,,0.84,2026-03-17T10:17:41.014447,neutral,0.841,2026-03-17T10:17:40.003445,0.5661874347979152,2026-03-17T10:17:41.013000,73,,,
participant_21,2,day,Town10HD_Opt,2026-03-17 10:17:42.268650,-110.47388458251952,-13.41805648803711,0.002087936270982,22.998,3.113,0.0,0.0,0,0,1,,0.933,2026-03-17T10:17:42.268650,neutral,0.983,2026-03-17T10:17:42.268650,0.5537415146711097,2026-03-17T10:17:42.002000,73,,,
participant_21,2,day,Town10HD_Opt,2026-03-17 10:17:43.228586,-110.28616333007812,-9.847369194030762,0.0020362471695989,17.132,3.405,0.0,0.224,0,0,1,,1.0,2026-03-17T10:17:43.228586,neutral,0.983,2026-03-17T10:17:42.268650,0.4836423793101179,2026-03-17T10:17:43.037000,73,Solid line crossing,Solid line crossing,
participant_21,2,day,Town10HD_Opt,2026-03-17 10:17:44.186435,-110.29683685302734,-7.328999996185303,0.0021123504266142,11.086,3.349,0.0,0.416,0,0,1,,0.853,2026-03-17T10:17:44.186435,neutral,0.983,2026-03-17T10:17:42.268650,0.5471365613025062,2026-03-17T10:17:44.027000,69,,,
participant_21,2,day,Town10HD_Opt,2026-03-17 10:17:45.158906,-110.3331298828125,-5.808021545410156,0.0020482635591179,6.531,-2.367,0.0,0.192,0,0,1,,1.0,2026-03-17T10:17:45.158906,neutral,0.549,2026-03-17T10:17:45.158906,0.5531732063502729,2026-03-17T10:17:45.017000,69,,,
participant_21,2,day,Town10HD_Opt,2026-03-17 10:17:46.064844,-110.33029174804688,-5.409979820251465,0.0020233916584402,0.0,-2.407,0.0,0.362,0,0,1,,0.864,2026-03-17T10:17:46.064844,neutral,0.549,2026-03-17T10:17:45.158906,0.6170798034981843,2026-03-17T10:17:46.007000,68,,,
participant_21,2,day,Town10HD_Opt,2026-03-17 10:17:47.015606,-110.33026885986328,-5.409812450408936,0.0019231796031817,0.001,-0.47,0.0,0.0,0,0,1,,0.875,2026-03-17T10:17:47.015606,neutral,0.549,2026-03-17T10:17:45.158906,0.550352552507166,2026-03-17T10:17:46.998000,69,,,
participant_21,2,day,Town10HD_Opt,2026-03-17 10:17:48.175791,-110.33026885986328,-5.409725189208984,0.0019190596649423,0.0,0.587,0.0,0.0,0,0,1,,0.961,2026-03-17T10:17:48.175791,neutral,0.941,2026-03-17T10:17:48.175791,0.5821550735108733,2026-03-17T10:17:48.032000,72,,,
participant_21,2,day,Town10HD_Opt,2026-03-17 10:17:49.064855,-110.33025360107422,-5.409716606140137,0.0019190596649423,0.0,0.587,0.0,0.0,0,0,1,reach_back,0.868,2026-03-17T10:17:49.064855,neutral,0.941,2026-03-17T10:17:48.175791,0.6036261407175917,2026-03-17T10:17:49.022000,71,,,
participant_21,2,day,Town10HD_Opt,2026-03-17 10:17:50.220864,-110.33026885986328,-5.409712791442871,0.0019189834129065,0.0,0.583,0.0,0.0,0,0,1,,1.0,2026-03-17T10:17:50.220864,neutral,0.978,2026-03-17T10:17:50.220864,0.5385739579021203,2026-03-17T10:17:50.012000,70,,,
participant_21,2,day,Town10HD_Opt,2026-03-17 10:17:51.133749,-110.33025360107422,-5.409712791442871,0.001919021597132,0.0,0.571,0.0,0.0,0,0,1,reach_back,0.881,2026-03-17T10:17:51.133749,neutral,0.978,2026-03-17T10:17:50.220864,0.6203966874263966,2026-03-17T10:17:51.002000,70,,,
participant_21,2,day,Town10HD_Opt,2026-03-17 10:17:52.274345,-110.33025360107422,-5.409708023071289,0.001919021597132,0.0,0.571,0.0,0.0,0,0,1,,1.0,2026-03-17T10:17:52.274345,neutral,0.698,2026-03-17T10:17:52.274345,0.5704698024122948,2026-03-17T10:17:52.037000,67,,,
participant_21,2,day,Town10HD_Opt,2026-03-17 10:17:53.141293,-110.33025360107422,-5.409708023071289,0.0019189834129065,0.0,0.571,0.0,0.0,0,0,1,,1.0,2026-03-17T10:17:53.141293,neutral,0.698,2026-03-17T10:17:52.274345,0.5410898019133626,2026-03-17T10:17:53.027000,70,,,
participant_21,2,day,Town10HD_Opt,2026-03-17 10:17:54.015187,-110.33026885986328,-5.40970516204834,0.0019190596649423,0.0,0.569,0.0,0.0,0,0,1,,0.828,2026-03-17T10:17:54.015187,neutral,0.698,2026-03-17T10:17:52.274345,0.5791065030784441,2026-03-17T10:17:54.017000,68,,,
participant_21,2,day,Town10HD_Opt,2026-03-17 10:17:55.234030,-110.33026885986328,-5.409701347351074,0.0019190596649423,0.0,0.569,0.0,0.0,0,0,1,,1.0,2026-03-17T10:17:55.234030,neutral,0.98,2026-03-17T10:17:55.234030,0.6619844470460555,2026-03-17T10:17:55.007000,71,,,
participant_21,2,day,Town10HD_Opt,2026-03-17 10:17:56.159570,-110.33026885986328,-5.409694194793701,0.0019190978491678,0.0,0.569,0.0,0.0,0,0,1,,1.0,2026-03-17T10:17:56.159570,neutral,0.98,2026-03-17T10:17:55.234030,0.5693716118279731,2026-03-17T10:17:55.997000,74,,,
participant_21,2,day,Town10HD_Opt,2026-03-17 10:17:57.103642,-110.33025360107422,-5.409689903259277,0.001919021597132,0.0,0.562,0.0,0.0,0,0,1,reach_back,0.886,2026-03-17T10:17:57.103642,neutral,0.98,2026-03-17T10:17:55.234030,0.5424430364533991,2026-03-17T10:17:57.032000,73,,,
participant_21,2,day,Town10HD_Opt,2026-03-17 10:17:58.004561,-110.33078002929688,-5.35207462310791,0.0017697142902761,3.094,0.559,0.945,0.0,0,0,1,reach_back,0.827,2026-03-17T10:17:58.004561,neutral,0.959,2026-03-17T10:17:58.004561,0.5229366206525027,2026-03-17T10:17:58.022000,74,,,
participant_21,2,day,Town10HD_Opt,2026-03-17 10:17:59.228849,-110.37533569335938,-2.428556203842163,0.0017275619320571,22.316,0.552,0.986,0.0,0,0,1,,1.0,2026-03-17T10:17:59.228849,neutral,0.959,2026-03-17T10:17:58.004561,0.61227842149345,2026-03-17T10:17:59.011000,77,,,
participant_21,2,day,Town10HD_Opt,2026-03-17 10:18:00.165796,-110.46087646484376,2.357948303222656,0.0020073316991329,28.103,-0.914,0.0,0.0,0,0,1,,1.0,2026-03-17T10:18:00.165796,neutral,0.974,2026-03-17T10:18:00.165796,0.5353218740365017,2026-03-17T10:18:00.002000,77,,,
participant_21,2,day,Town10HD_Opt,2026-03-17 10:18:01.094299,-110.44734191894533,6.748331546783447,0.0022534942254424,21.78,-4.221,0.0,0.0,0,0,1,,0.934,2026-03-17T10:18:01.094299,neutral,0.974,2026-03-17T10:18:00.165796,0.5080310398289892,2026-03-17T10:18:01.037000,77,,,
participant_21,2,day,Town10HD_Opt,2026-03-17 10:18:02.102205,-109.97071075439452,10.001296997070312,0.0019959257915616,16.396,-14.577,0.123,0.0,0,0,1,,0.899,2026-03-17T10:18:02.102205,neutral,0.974,2026-03-17T10:18:00.165796,0.5350307026868445,2026-03-17T10:18:02.027000,74,,,
participant_21,2,day,Town10HD_Opt,2026-03-17 10:18:03.064975,-108.99885559082033,12.580134391784668,0.0019144820980727,15.754,-4.652,0.305,0.0,0,0,1,,0.897,2026-03-17T10:18:03.064975,neutral,0.935,2026-03-17T10:18:03.064975,0.5249450469354738,2026-03-17T10:18:03.017000,78,,,
participant_21,2,day,Town10HD_Opt,2026-03-17 10:18:04.050711,-107.81289672851562,15.23770236968994,0.0018391036428511,18.042,-7.287,0.407,0.0,0,0,1,,0.843,2026-03-17T10:18:04.050711,neutral,0.935,2026-03-17T10:18:03.064975,0.5742107064877159,2026-03-17T10:18:04.006000,78,,,
participant_21,2,day,Town10HD_Opt,2026-03-17 10:18:05.036794,-106.13471221923828,18.019031524658203,0.0019669723697006,20.085,-9.593,0.524,0.0,0,0,1,,1.0,2026-03-17T10:18:05.036794,neutral,0.935,2026-03-17T10:18:03.064975,0.5365112830181789,2026-03-17T10:18:04.997000,80,,,
participant_21,2,day,Town10HD_Opt,2026-03-17 10:18:06.077060,-103.59490966796876,20.89211654663086,0.0019196700304746,24.277,-11.931,0.534,0.0,0,0,1,,0.876,2026-03-17T10:18:06.077060,neutral,0.887,2026-03-17T10:18:06.077060,0.4650421101960659,2026-03-17T10:18:06.032000,79,,,
participant_21,2,day,Town10HD_Opt,2026-03-17 10:18:07.095407,-99.8538589477539,23.47911834716797,0.0019294738303869,28.044,-11.53,0.534,0.0,0,0,1,,1.0,2026-03-17T10:18:07.095407,neutral,0.887,2026-03-17T10:18:06.077060,0.555280225435544,2026-03-17T10:18:07.023000,76,,,
participant_21,2,day,Town10HD_Opt,2026-03-17 10:18:08.061379,-95.1672821044922,25.151655197143555,0.0021934127435088,26.301,-10.646,0.0,0.0,0,0,1,,0.918,2026-03-17T10:18:08.061379,neutral,0.887,2026-03-17T10:18:06.077060,0.5273351919504894,2026-03-17T10:18:08.058000,77,,,
participant_21,2,day,Town10HD_Opt,2026-03-17 10:18:09.016222,-91.12525939941406,25.53937149047852,0.0022543715313076,19.512,-4.317,0.0,0.0,0,0,1,,0.94,2026-03-17T10:18:09.016222,neutral,0.797,2026-03-17T10:18:09.016222,0.4724653336936953,2026-03-17T10:18:09.002000,76,,,
participant_21,2,day,Town10HD_Opt,2026-03-17 10:18:10.043119,-88.05810546875,25.724422454833984,0.0020345305092632,15.217,11.931,0.0,0.0,0,0,1,,1.0,2026-03-17T10:18:10.043119,neutral,0.797,2026-03-17T10:18:09.016222,0.4603366487385787,2026-03-17T10:18:10.040000,81,,,
participant_21,2,day,Town10HD_Opt,2026-03-17 10:18:11.031964,-85.73629760742188,26.293684005737305,0.0019818877335637,12.821,8.916,0.338,0.0,0,0,1,,1.0,2026-03-17T10:18:11.031964,neutral,0.837,2026-03-17T10:18:11.031964,0.5303927531171054,2026-03-17T10:18:11.072000,79,,,
participant_21,2,day,Town10HD_Opt,2026-03-17 10:18:12.048242,-83.3768539428711,26.966590881347656,0.0018259810749441,15.657,-4.19,0.386,0.0,0,0,1,,0.89,2026-03-17T10:18:12.048242,neutral,0.837,2026-03-17T10:18:11.031964,0.4601167436553393,2026-03-17T10:18:12.018000,80,,,
participant_21,2,day,Town10HD_Opt,2026-03-17 10:18:13.027448,-80.47059631347656,27.5389404296875,0.002021598862484,18.338,-4.832,0.379,0.0,0,0,1,,1.0,2026-03-17T10:18:13.027448,neutral,0.837,2026-03-17T10:18:11.031964,0.4171410351507319,2026-03-17T10:18:13.097000,80,,,
participant_21,2,day,Town10HD_Opt,2026-03-17 10:18:14.051771,-77.3023452758789,27.93906021118164,0.0020472717005759,18.33,-3.733,0.264,0.0,0,0,1,,0.854,2026-03-17T10:18:14.051771,neutral,0.979,2026-03-17T10:18:14.051771,0.3816111854577237,2026-03-17T10:18:14.087000,76,,,
participant_21,2,day,Town10HD_Opt,2026-03-17 10:18:15.173733,-74.26290130615234,28.128793716430664,0.002001533517614,15.485,-3.799,0.0,0.009,0,0,1,,0.944,2026-03-17T10:18:15.173733,neutral,0.979,2026-03-17T10:18:14.051771,0.412642302448876,2026-03-17T10:18:15.032000,75,,,
participant_21,2,day,Town10HD_Opt,2026-03-17 10:18:16.190151,-71.90160369873047,28.14787483215332,0.0020645142067223,11.023,-3.492,0.0,0.226,0,0,1,,0.959,2026-03-17T10:18:16.190151,neutral,0.99,2026-03-17T10:18:16.190151,0.3929707136162779,2026-03-17T10:18:16.022000,78,,,
participant_21,2,day,Town10HD_Opt,2026-03-17 10:18:17.186583,-70.340087890625,28.10723876953125,0.0020723724737763,6.35,-2.033,0.0,0.335,0,0,1,,0.953,2026-03-17T10:18:17.186583,neutral,0.99,2026-03-17T10:18:16.190151,0.2641421223160868,2026-03-17T10:18:17.012000,76,,,
participant_21,2,day,Town10HD_Opt,2026-03-17 10:18:18.107076,-70.05085754394531,28.098228454589844,0.0020022583194077,0.0,-0.987,0.0,0.12,0,0,1,,0.893,2026-03-17T10:18:18.107076,neutral,0.99,2026-03-17T10:18:16.190151,0.2576426069069631,2026-03-17T10:18:18.003000,73,,,
participant_21,2,day,Town10HD_Opt,2026-03-17 10:18:19.060763,-70.0493392944336,28.098222732543945,0.0019218826200813,0.002,0.714,0.0,0.0,0,0,1,,1.0,2026-03-17T10:18:19.060763,fear,0.646,2026-03-17T10:18:19.060763,0.2271997017307284,2026-03-17T10:18:19.037000,70,,,
participant_21,2,day,Town10HD_Opt,2026-03-17 10:18:20.017050,-70.04899597167969,28.098222732543945,0.001919517526403,0.006,0.794,0.0,0.0,0,0,1,,0.942,2026-03-17T10:18:20.017050,fear,0.646,2026-03-17T10:18:19.060763,0.2621564362731327,2026-03-17T10:18:20.028000,70,,,
participant_21,2,day,Town10HD_Opt,2026-03-17 10:18:21.219392,-70.04888916015625,28.098222732543945,0.0019192504696547,0.005,0.759,0.0,0.0,0,0,1,,1.0,2026-03-17T10:18:21.219392,neutral,0.735,2026-03-17T10:18:21.219392,0.2580248457371509,2026-03-17T10:18:21.017000,70,,,
participant_21,2,day,Town10HD_Opt,2026-03-17 10:18:22.201379,-70.04879760742188,28.098222732543945,0.0019187927246093,0.001,0.747,0.0,0.0,0,0,1,,1.0,2026-03-17T10:18:22.201379,neutral,0.735,2026-03-17T10:18:21.219392,0.3045880742333262,2026-03-17T10:18:22.007000,68,,,
participant_21,2,day,Town10HD_Opt,2026-03-17 10:18:23.127485,-70.04884338378906,28.098222732543945,0.0019185256678611,0.001,0.747,0.0,0.0,0,0,1,,0.952,2026-03-17T10:18:23.127485,neutral,0.735,2026-03-17T10:18:21.219392,0.202500373938729,2026-03-17T10:18:22.997000,72,,,
participant_21,2,day,Town10HD_Opt,2026-03-17 10:18:24.030884,-70.04877471923828,28.098222732543945,0.0019190978491678,0.005,0.747,0.0,0.0,0,0,1,,0.87,2026-03-17T10:18:24.030884,neutral,0.959,2026-03-17T10:18:24.030884,0.1812006095894895,2026-03-17T10:18:24.032000,73,,,
participant_21,2,day,Town10HD_Opt,2026-03-17 10:18:25.055512,-70.04857635498047,28.098222732543945,0.0019192504696547,0.006,0.731,0.0,0.0,0,0,1,,0.89,2026-03-17T10:18:25.055512,neutral,0.959,2026-03-17T10:18:24.030884,0.1624325212022981,2026-03-17T10:18:25.022000,72,,,
participant_21,2,day,Town10HD_Opt,2026-03-17 10:18:26.051451,-70.04840087890625,28.098222732543945,0.0019188307924196,0.001,0.721,0.0,0.0,0,0,1,,0.878,2026-03-17T10:18:26.051451,neutral,0.906,2026-03-17T10:18:26.051451,0.1415021226836298,2026-03-17T10:18:26.013000,76,,,
participant_21,2,day,Town10HD_Opt,2026-03-17 10:18:27.003007,-70.04844665527344,28.098222732543945,0.001919021597132,0.001,0.258,0.0,0.0,0,0,1,,0.836,2026-03-17T10:18:27.003007,neutral,0.906,2026-03-17T10:18:26.051451,0.1619932997047298,2026-03-17T10:18:27.002000,74,,,
participant_21,2,day,Town10HD_Opt,2026-03-17 10:18:28.270479,-70.0483169555664,28.098222732543945,0.001919021597132,0.001,0.291,0.0,0.0,0,0,1,,0.841,2026-03-17T10:18:28.270479,neutral,0.972,2026-03-17T10:18:28.270479,0.1023871150831026,2026-03-17T10:18:28.127000,78,,,
participant_21,2,day,Town10HD_Opt,2026-03-17 10:18:29.218453,-70.04833221435547,28.098222732543945,0.0019189452286809,0.0,0.291,0.0,0.0,0,0,1,,1.0,2026-03-17T10:18:29.218453,neutral,0.972,2026-03-17T10:18:28.270479,0.1438259836569461,2026-03-17T10:18:29.028000,77,,,
participant_21,2,day,Town10HD_Opt,2026-03-17 10:18:30.175604,-70.04814147949219,28.098222732543945,0.0019191360333934,0.005,0.291,0.0,0.0,0,0,1,,1.0,2026-03-17T10:18:30.175604,neutral,0.972,2026-03-17T10:18:28.270479,0.172911683188948,2026-03-17T10:18:30.017000,76,,,
participant_21,2,day,Town10HD_Opt,2026-03-17 10:18:31.111595,-70.01429748535156,28.09756851196289,0.0018101882888004,2.273,0.301,0.936,0.0,0,0,1,,0.856,2026-03-17T10:18:31.111595,neutral,0.825,2026-03-17T10:18:31.111595,0.1688841787618233,2026-03-17T10:18:31.007000,76,,,
participant_21,2,day,Town10HD_Opt,2026-03-17 10:18:32.140098,-68.40718841552734,28.07660675048828,0.0014008712023496,17.947,0.684,1.0,0.0,0,0,1,,0.851,2026-03-17T10:18:32.140098,neutral,0.825,2026-03-17T10:18:31.111595,0.2780153632268078,2026-03-17T10:18:31.999000,78,,,
participant_21,2,day,Town10HD_Opt,2026-03-17 10:18:33.231844,-64.20468139648438,28.039751052856445,0.0015069579239934,32.802,0.463,1.0,0.0,0,0,1,,0.818,2026-03-17T10:18:33.231844,neutral,0.964,2026-03-17T10:18:33.231844,0.1892340122272518,2026-03-17T10:18:33.032000,78,,,
participant_21,2,day,Town10HD_Opt,2026-03-17 10:18:34.244318,-57.2547492980957,28.06082534790039,0.0015522765461355,47.795,0.155,0.987,0.0,0,0,1,,0.869,2026-03-17T10:18:34.244318,neutral,0.964,2026-03-17T10:18:33.231844,0.1926946830744521,2026-03-17T10:18:34.022000,77,Vehicle collision,Vehicle collision,
participant_21,2,day,Town10HD_Opt,2026-03-17 10:18:35.229500,-48.49112701416016,28.17916488647461,0.0022482681088149,46.64,-0.237,0.0,0.0,0,0,1,,1.0,2026-03-17T10:18:35.229500,neutral,0.964,2026-03-17T10:18:33.231844,0.2123953892830133,2026-03-17T10:18:35.012000,76,,,
participant_21,2,day,Town10HD_Opt,2026-03-17 10:18:36.261013,-41.19482803344727,28.25626564025879,0.002368850633502,36.182,-0.11,0.099,0.0,0,0,1,,0.889,2026-03-17T10:18:36.261013,neutral,0.931,2026-03-17T10:18:36.261013,0.1954142977934019,2026-03-17T10:18:36.002000,76,,,
participant_21,2,day,Town10HD_Opt,2026-03-17 10:18:37.264711,-35.187355041503906,28.296844482421875,0.0020827483385801,33.71,-0.059,0.454,0.0,0,0,1,,1.0,2026-03-17T10:18:37.264711,neutral,0.931,2026-03-17T10:18:36.261013,0.2692479602187626,2026-03-17T10:18:37.038000,77,,,
participant_21,2,day,Town10HD_Opt,2026-03-17 10:18:38.212416,-29.075931549072266,28.32709693908692,0.0018996048020198,37.347,-0.049,0.632,0.0,0,0,1,,0.848,2026-03-17T10:18:38.212416,neutral,0.931,2026-03-17T10:18:36.261013,0.1053324006440145,2026-03-17T10:18:38.027000,74,,,
participant_21,2,day,Town10HD_Opt,2026-03-17 10:18:39.222649,-22.131242752075195,28.350494384765625,0.0018799972021952,42.403,-0.045,0.632,0.0,0,0,1,,1.0,2026-03-17T10:18:39.222649,neutral,0.953,2026-03-17T10:18:39.222649,0.2364091767661929,2026-03-17T10:18:39.017000,74,,,
participant_21,2,day,Town10HD_Opt,2026-03-17 10:18:40.119667,-14.358046531677246,28.364330291748047,0.0019052504794672,46.689,-0.045,0.615,0.0,0,0,1,,1.0,2026-03-17T10:18:40.119667,neutral,0.953,2026-03-17T10:18:39.222649,0.1258619162554346,2026-03-17T10:18:40.007000,72,,,
participant_21,2,day,Town10HD_Opt,2026-03-17 10:18:41.051248,-6.056088924407959,28.36537742614746,0.0021662903018295,45.274,-0.028,0.0,0.0,0,0,1,,1.0,2026-03-17T10:18:41.051248,neutral,0.953,2026-03-17T10:18:39.222649,0.1832046732968363,2026-03-17T10:18:40.998000,77,,,
participant_21,2,day,Town10HD_Opt,2026-03-17 10:18:42.287704,3.0348687171936035,28.353837966918945,0.0023371123243123,32.298,-0.026,0.0,0.0,0,0,1,,1.0,2026-03-17T10:18:42.287704,neutral,0.962,2026-03-17T10:18:42.287704,0.2228543664363184,2026-03-17T10:18:42.033000,75,,,
participant_21,2,day,Town10HD_Opt,2026-03-17 10:18:43.200383,8.070569038391113,28.342634201049805,0.0022832870017737,24.752,-0.021,0.0,0.0,0,0,1,,1.0,2026-03-17T10:18:43.200383,neutral,0.962,2026-03-17T10:18:42.287704,0.2620541191363187,2026-03-17T10:18:43.022000,78,,,
participant_21,2,day,Town10HD_Opt,2026-03-17 10:18:44.155450,11.891752243041992,28.33208465576172,0.0022422790061682,18.505,-0.021,0.065,0.0,0,0,1,,1.0,2026-03-17T10:18:44.155450,neutral,0.962,2026-03-17T10:18:42.287704,0.1838929383561942,2026-03-17T10:18:44.013000,74,,,
participant_21,2,day,Town10HD_Opt,2026-03-17 10:18:45.099277,15.0069580078125,28.32265853881836,0.0019120788201689,17.803,-0.021,0.336,0.0,0,0,1,,1.0,2026-03-17T10:18:45.099277,neutral,0.711,2026-03-17T10:18:45.099277,0.2253889560727791,2026-03-17T10:18:45.003000,72,,,
participant_21,2,day,Town10HD_Opt,2026-03-17 10:18:46.014137,18.172075271606445,28.31266212463379,0.0020357894245535,18.349,0.021,0.375,0.0,0,0,1,,1.0,2026-03-17T10:18:46.014137,neutral,0.711,2026-03-17T10:18:45.099277,0.2786254042287807,2026-03-17T10:18:46.040000,74,,,
participant_21,2,day,Town10HD_Opt,2026-03-17 10:18:47.022168,21.332881927490234,28.33016014099121,0.0018724059918895,17.222,3.174,0.004,0.0,0,0,1,,1.0,2026-03-17T10:18:47.022168,neutral,0.711,2026-03-17T10:18:45.099277,0.1282620115047041,2026-03-17T10:18:47.027000,71,,,
participant_21,2,day,Town10HD_Opt,2026-03-17 10:18:48.237942,25.08464241027832,28.63210678100586,0.0018497466808184,17.273,4.346,0.447,0.0,0,0,1,,1.0,2026-03-17T10:18:48.237942,neutral,0.923,2026-03-17T10:18:48.237942,0.2300560641400168,2026-03-17T10:18:48.017000,72,,,
participant_21,2,day,Town10HD_Opt,2026-03-17 10:18:49.155502,28.27670669555664,29.0661563873291,0.001930313068442,19.542,1.053,0.454,0.0,0,0,1,,1.0,2026-03-17T10:18:49.155502,neutral,0.923,2026-03-17T10:18:48.237942,0.2936728262523593,2026-03-17T10:18:49.007000,73,,,
participant_21,2,day,Town10HD_Opt,2026-03-17 10:18:50.077690,31.845827102661133,29.68214607238769,0.0019372176611796,21.917,6.12,0.461,0.0,0,0,1,,0.82,2026-03-17T10:18:50.077690,neutral,0.923,2026-03-17T10:18:48.237942,0.2365159640771638,2026-03-17T10:18:50.043000,72,,,
participant_21,2,day,Town10HD_Opt,2026-03-17 10:18:51.000297,35.41848373413086,31.068098068237305,0.0021970749367028,20.034,23.162,0.0,0.0,0,0,1,,1.0,2026-03-17T10:18:51.000297,neutral,0.985,2026-03-17T10:18:51.000297,0.2450531442411374,2026-03-17T10:18:51.032000,75,,,
participant_21,2,day,Town10HD_Opt,2026-03-17 10:18:52.255351,38.15623092651367,34.03257369995117,0.0019818877335637,16.303,20.076,0.308,0.0,0,0,1,,0.902,2026-03-17T10:18:52.255351,neutral,0.985,2026-03-17T10:18:51.000297,0.234781625931512,2026-03-17T10:18:52.022000,73,,,
participant_21,2,day,Town10HD_Opt,2026-03-17 10:18:53.198420,39.29262924194336,36.76624298095703,0.0019696427043527,18.578,17.147,0.497,0.0,0,0,1,,0.918,2026-03-17T10:18:53.198420,sad,0.998,2026-03-17T10:18:53.198420,0.2755272434844341,2026-03-17T10:18:53.013000,77,,,
participant_21,2,day,Town10HD_Opt,2026-03-17 10:18:54.192691,39.90779495239258,40.05704879760742,0.0019603727851063,20.657,5.264,0.382,0.0,0,0,1,,1.0,2026-03-17T10:18:54.192691,sad,0.998,2026-03-17T10:18:53.198420,0.1841347462632673,2026-03-17T10:18:54.048000,77,,,
participant_21,2,day,Town10HD_Opt,2026-03-17 10:18:55.147727,40.31629943847656,43.66229248046875,0.0021124267950654,19.493,0.334,0.0,0.0,0,0,1,,0.854,2026-03-17T10:18:55.147727,sad,0.998,2026-03-17T10:18:53.198420,0.2392453421337558,2026-03-17T10:18:55.172000,72,,,
participant_21,2,day,Town10HD_Opt,2026-03-17 10:18:56.150914,40.55274200439453,46.7180061340332,0.0020222472958266,15.247,5.222,0.0,0.084,0,0,1,,0.909,2026-03-17T10:18:56.150914,neutral,0.901,2026-03-17T10:18:56.150914,0.2233892560590214,2026-03-17T10:18:56.027000,73,,,
participant_21,2,day,Town10HD_Opt,2026-03-17 10:18:57.127070,40.57029724121094,49.00379180908203,0.0020720290485769,10.497,1.389,0.0,0.178,0,0,1,,0.939,2026-03-17T10:18:57.127070,neutral,0.901,2026-03-17T10:18:56.150914,0.2432802447248839,2026-03-17T10:18:57.017000,72,,,
participant_21,2,day,Town10HD_Opt,2026-03-17 10:18:58.142767,40.59536361694336,50.50320053100586,0.0020500945392996,6.174,-0.837,0.0,0.186,0,0,1,,0.912,2026-03-17T10:18:58.142767,neutral,0.901,2026-03-17T10:18:56.150914,0.3032394703604681,2026-03-17T10:18:58.008000,76,,,
participant_21,2,day,Town10HD_Opt,2026-03-17 10:18:59.074172,40.604618072509766,50.91793823242188,0.0020306014921516,0.0,1.006,0.0,0.185,0,0,1,,0.837,2026-03-17T10:18:59.074172,neutral,0.995,2026-03-17T10:18:59.074172,0.3041387539917698,2026-03-17T10:18:59.043000,78,,,
participant_21,2,day,Town10HD_Opt,2026-03-17 10:19:00.011342,40.6046257019043,50.91902542114258,0.0019230651669204,0.008,1.495,0.0,0.0,0,0,1,,0.897,2026-03-17T10:19:00.011342,neutral,0.995,2026-03-17T10:18:59.074172,0.2403595268243245,2026-03-17T10:19:00.032000,76,,,
participant_21,2,day,Town10HD_Opt,2026-03-17 10:19:01.171468,40.60462951660156,50.91902542114258,0.0019129562424495,0.233,1.302,0.172,0.0,0,0,1,,0.808,2026-03-17T10:19:01.171468,neutral,0.961,2026-03-17T10:19:01.171468,0.1381119588664755,2026-03-17T10:19:01.023000,79,,,
participant_21,2,day,Town10HD_Opt,2026-03-17 10:19:02.120691,40.60630035400391,51.10845184326172,0.0018462371081113,2.424,1.236,0.242,0.0,0,0,1,,0.911,2026-03-17T10:19:02.120691,neutral,0.961,2026-03-17T10:19:01.171468,0.2463137250586489,2026-03-17T10:19:02.014000,78,,,
participant_21,2,day,Town10HD_Opt,2026-03-17 10:19:03.073325,40.61214447021485,51.751766204833984,0.0018035125685855,5.683,0.461,0.31,0.0,0,0,1,,0.881,2026-03-17T10:19:03.073325,neutral,0.961,2026-03-17T10:19:01.171468,0.2349035283595111,2026-03-17T10:19:03.093000,77,,,
participant_21,2,day,Town10HD_Opt,2026-03-17 10:19:04.041728,40.63314056396485,53.04035949707031,0.0017786788521334,9.767,-0.731,0.499,0.0,0,0,1,,0.887,2026-03-17T10:19:04.041728,sad,0.986,2026-03-17T10:19:04.041728,0.2295078739012742,2026-03-17T10:19:04.038000,74,,,
participant_21,2,day,Town10HD_Opt,2026-03-17 10:19:05.049035,40.71559143066406,55.277469635009766,0.0016776656266301,16.858,-3.525,0.617,0.0,0,0,1,,0.973,2026-03-17T10:19:05.049035,sad,0.986,2026-03-17T10:19:04.041728,0.2560930653516764,2026-03-17T10:19:05.029000,74,,,
participant_21,2,day,Town10HD_Opt,2026-03-17 10:19:06.289904,41.38722610473633,59.79182052612305,0.001922111492604,22.459,-12.845,0.513,0.0,0,0,1,,0.939,2026-03-17T10:19:06.289904,neutral,0.995,2026-03-17T10:19:06.289904,0.2750243537136459,2026-03-17T10:19:06.018000,70,,,
participant_21,2,day,Town10HD_Opt,2026-03-17 10:19:07.262537,43.05440521240234,63.65256118774414,0.0019414520356804,26.148,-13.363,0.513,0.0,0,0,1,,0.885,2026-03-17T10:19:07.262537,neutral,0.995,2026-03-17T10:19:06.289904,0.270185511243822,2026-03-17T10:19:07.008000,72,,,
participant_21,2,day,Town10HD_Opt,2026-03-17 10:19:08.126353,46.14845657348633,67.3248291015625,0.0019627378787845,29.307,-13.594,0.508,0.0,0,0,1,,0.872,2026-03-17T10:19:08.126353,neutral,0.995,2026-03-17T10:19:06.289904,0.2166133079095673,2026-03-17T10:19:08.043000,69,,,
participant_21,2,day,Town10HD_Opt,2026-03-17 10:19:09.054274,50.69925308227539,70.0357894897461,0.001988410949707,31.932,-14.08,0.494,0.0,0,0,1,,0.929,2026-03-17T10:19:09.054274,neutral,0.876,2026-03-17T10:19:09.054274,0.3327508495216419,2026-03-17T10:19:09.033000,69,,,
participant_21,2,day,Town10HD_Opt,2026-03-17 10:19:10.123981,56.11762619018555,71.0105972290039,0.0022167586721479,29.606,-11.832,0.0,0.0,0,0,1,,0.882,2026-03-17T10:19:10.123981,neutral,0.876,2026-03-17T10:19:09.054274,0.2855907080798744,2026-03-17T10:19:10.023000,69,,,
participant_21,2,day,Town10HD_Opt,2026-03-17 10:19:11.055003,60.64795684814453,70.71560668945312,0.0022671509068459,22.248,5.538,0.0,0.0,0,0,1,,0.894,2026-03-17T10:19:11.055003,neutral,0.984,2026-03-17T10:19:11.055003,0.3018874754981703,2026-03-17T10:19:11.013000,68,,,
participant_21,2,day,Town10HD_Opt,2026-03-17 10:19:12.283721,65.1572036743164,70.74980926513672,0.001860580407083,17.94,-0.43,0.209,0.0,0,0,1,,0.911,2026-03-17T10:19:12.283721,neutral,0.984,2026-03-17T10:19:11.055003,0.2135321287967187,2026-03-17T10:19:12.048000,68,,,
participant_21,2,day,Town10HD_Opt,2026-03-17 10:19:13.210907,68.24749755859375,70.76408386230469,0.0019234084757044,17.712,-1.42,0.35,0.0,0,0,1,,0.955,2026-03-17T10:19:13.210907,neutral,0.921,2026-03-17T10:19:13.210907,0.2494899769595627,2026-03-17T10:19:13.037000,67,,,
participant_21,2,day,Town10HD_Opt,2026-03-17 10:19:14.187964,71.40258026123047,70.70782470703125,0.0020690916571766,18.122,-1.203,0.14,0.0,0,0,1,,1.0,2026-03-17T10:19:14.187964,neutral,0.921,2026-03-17T10:19:13.210907,0.3427960323803807,2026-03-17T10:19:14.028000,67,,,
participant_21,2,day,Town10HD_Opt,2026-03-17 10:19:15.143551,74.34397888183594,70.60572814941406,0.0020320892799645,14.695,-0.717,0.0,0.0,0,0,1,,1.0,2026-03-17T10:19:15.143551,neutral,0.921,2026-03-17T10:19:13.210907,0.2531416446613211,2026-03-17T10:19:15.019000,66,,,errors=Solid line crossing
participant_21,2,day,Town10HD_Opt,2026-03-17 10:19:16.075379,76.63094329833984,70.51464080810547,0.0020263672340661,11.284,-0.148,0.0,0.0,0,0,1,,0.928,2026-03-17T10:19:16.075379,neutral,1.0,2026-03-17T10:19:16.075379,0.2322092635517937,2026-03-17T10:19:16.008000,68,,,
participant_21,2,day,Town10HD_Opt,2026-03-17 10:19:17.244746,78.87710571289062,70.42315673828125,0.0019950484856963,7.934,0.009,0.0,0.0,0,0,1,,0.928,2026-03-17T10:19:17.244746,neutral,1.0,2026-03-17T10:19:16.075379,0.3647564467899074,2026-03-17T10:19:17.088000,68,,,
participant_21,2,day,Town10HD_Opt,2026-03-17 10:19:18.209295,80.1123046875,70.38362884521484,0.0019773482345044,6.002,1.248,0.0,0.0,0,0,1,,0.912,2026-03-17T10:19:18.209295,neutral,0.995,2026-03-17T10:19:18.209295,0.2581046302034888,2026-03-17T10:19:18.033000,78,,,
participant_21,2,day,Town10HD_Opt,2026-03-17 10:19:19.133651,81.06084442138672,70.3619384765625,0.0019636915531009,4.676,1.011,0.0,0.0,0,0,1,,0.938,2026-03-17T10:19:19.133651,neutral,0.995,2026-03-17T10:19:18.209295,0.4117223144251724,2026-03-17T10:19:19.022000,78,,,
participant_21,2,day,Town10HD_Opt,2026-03-17 10:19:20.052222,81.78914642333984,70.34835815429688,0.0019534681923687,3.538,1.001,0.0,0.0,0,0,1,,0.935,2026-03-17T10:19:20.052222,neutral,0.995,2026-03-17T10:19:18.209295,0.4147429324595613,2026-03-17T10:19:20.013000,80,,,
participant_21,2,day,Town10HD_Opt,2026-03-17 10:19:21.012164,82.3482437133789,70.33753204345703,0.0019454956054687,2.756,-0.975,0.0,0.0,0,0,1,,0.873,2026-03-17T10:19:21.012164,neutral,1.0,2026-03-17T10:19:21.012164,0.4177018991961312,2026-03-17T10:19:21.048000,82,,,
participant_21,2,day,Town10HD_Opt,2026-03-17 10:19:22.164055,82.8854751586914,70.32080841064453,0.002016334561631,0.0,-0.724,0.0,0.036,0,0,1,,0.99,2026-03-17T10:19:22.164055,neutral,1.0,2026-03-17T10:19:21.012164,0.4696535035137851,2026-03-17T10:19:22.038000,79,,,
participant_21,2,day,Town10HD_Opt,2026-03-17 10:19:23.027158,82.88557434082031,70.32080078125,0.0019290542695671,0.0,-0.62,0.0,0.0,0,0,1,,0.838,2026-03-17T10:19:23.027158,neutral,0.977,2026-03-17T10:19:23.027158,0.411511715706294,2026-03-17T10:19:23.027000,79,,,
participant_21,2,day,Town10HD_Opt,2026-03-17 10:19:24.175207,82.88542175292969,70.32080078125,0.0019190978491678,0.002,-0.251,0.0,0.0,0,0,1,,0.866,2026-03-17T10:19:24.175207,neutral,0.977,2026-03-17T10:19:23.027158,0.4551310739182536,2026-03-17T10:19:24.018000,80,,,
participant_21,2,day,Town10HD_Opt,2026-03-17 10:19:25.059335,82.88568878173828,70.32080078125,0.0019191741012036,0.001,-0.073,0.0,0.0,0,0,1,,0.946,2026-03-17T10:19:25.059335,neutral,0.976,2026-03-17T10:19:25.059335,0.4975411333860786,2026-03-17T10:19:25.008000,76,,,
participant_21,2,day,Town10HD_Opt,2026-03-17 10:19:26.235643,82.8858413696289,70.32080078125,0.0019191741012036,0.001,-0.073,0.0,0.0,0,0,1,,0.951,2026-03-17T10:19:26.235643,neutral,0.976,2026-03-17T10:19:25.059335,0.4887764994050513,2026-03-17T10:19:26.043000,75,,,
participant_21,2,day,Town10HD_Opt,2026-03-17 10:19:27.181672,82.88526916503906,70.32080078125,0.0019178390502929,0.146,-0.073,0.172,0.0,0,0,1,,0.948,2026-03-17T10:19:27.181672,neutral,0.991,2026-03-17T10:19:27.181672,0.4877901845958532,2026-03-17T10:19:27.033000,74,,,
participant_21,2,day,Town10HD_Opt,2026-03-17 10:19:28.143773,83.08219909667969,70.31546020507812,0.0017828750424087,3.84,-0.073,0.512,0.0,0,0,1,,0.95,2026-03-17T10:19:28.143773,neutral,0.991,2026-03-17T10:19:27.181672,0.4984946267319431,2026-03-17T10:19:28.022000,72,,,
participant_21,2,day,Town10HD_Opt,2026-03-17 10:19:29.106801,84.32003021240234,70.28204345703125,0.0015857315156608,12.607,-0.073,0.719,0.0,0,0,1,,0.934,2026-03-17T10:19:29.106801,neutral,0.991,2026-03-17T10:19:27.181672,0.4933599589236754,2026-03-17T10:19:29.013000,70,,,
participant_21,2,day,Town10HD_Opt,2026-03-17 10:19:30.062228,86.84235382080078,70.21381378173828,0.0019651411566883,13.591,1.429,0.0,0.0,0,0,1,,0.935,2026-03-17T10:19:30.062228,neutral,0.997,2026-03-17T10:19:30.062228,0.4490401094717545,2026-03-17T10:19:30.003000,68,,,
participant_21,2,day,Town10HD_Opt,2026-03-17 10:19:31.029806,89.0070571899414,70.31012725830078,0.0019295120146125,12.184,10.084,0.333,0.0,0,0,1,,0.927,2026-03-17T10:19:31.029806,neutral,0.997,2026-03-17T10:19:30.062228,0.4683013708716781,2026-03-17T10:19:31.038000,76,Stop sign violation,stop_sign_id=1062,
participant_21,2,day,Town10HD_Opt,2026-03-17 10:19:32.274827,92.10846710205078,71.06314086914062,0.0018606566591188,15.331,17.109,0.332,0.0,0,0,1,,0.911,2026-03-17T10:19:32.274827,neutral,0.974,2026-03-17T10:19:32.274827,0.5405302783469331,2026-03-17T10:19:32.029000,70,,,
participant_21,2,day,Town10HD_Opt,2026-03-17 10:19:33.247646,94.5610122680664,72.45732116699219,0.0021104430779814,17.366,19.36,0.358,0.0,0,0,1,,0.88,2026-03-17T10:19:33.247646,neutral,0.974,2026-03-17T10:19:32.274827,0.5190956594687556,2026-03-17T10:19:33.018000,69,,,
participant_21,2,day,Town10HD_Opt,2026-03-17 10:19:34.219591,96.74443817138672,74.70686340332031,0.0020681000314652,18.478,19.563,0.375,0.0,0,0,1,,1.0,2026-03-17T10:19:34.219591,neutral,0.974,2026-03-17T10:19:32.274827,0.5077587065638074,2026-03-17T10:19:34.008000,71,,,
participant_21,2,day,Town10HD_Opt,2026-03-17 10:19:35.119021,98.2009048461914,77.58071899414062,0.0020434951875358,19.003,19.393,0.375,0.0,0,0,1,,0.851,2026-03-17T10:19:35.119021,neutral,0.98,2026-03-17T10:19:35.119021,0.4909791809879241,2026-03-17T10:19:35.044000,70,,,
participant_21,2,day,Town10HD_Opt,2026-03-17 10:19:36.081231,98.79861450195312,80.92271423339844,0.002019042847678,20.14,9.617,0.368,0.0,0,0,1,,0.939,2026-03-17T10:19:36.081231,neutral,0.98,2026-03-17T10:19:35.119021,0.442691415499561,2026-03-17T10:19:36.033000,71,Solid line crossing,Solid line crossing,
participant_21,2,day,Town10HD_Opt,2026-03-17 10:19:37.051658,98.908203125,84.5344009399414,0.001981048611924,21.599,3.123,0.558,0.0,0,0,1,,0.952,2026-03-17T10:19:37.051658,neutral,0.98,2026-03-17T10:19:35.119021,0.4161403491606759,2026-03-17T10:19:37.025000,73,,,
participant_21,2,day,Town10HD_Opt,2026-03-17 10:19:38.274529,98.8187484741211,90.36336517333984,0.0018859863048419,28.612,2.186,0.371,0.0,0,0,1,,0.817,2026-03-17T10:19:38.274529,neutral,0.992,2026-03-17T10:19:38.274529,0.4559035518041163,2026-03-17T10:19:38.013000,72,,,
participant_21,2,day,Town10HD_Opt,2026-03-17 10:19:39.008586,98.61000061035156,93.70355224609376,0.002033157274127,28.591,5.787,0.318,0.0,0,0,1,,0.957,2026-03-17T10:19:39.008586,neutral,0.992,2026-03-17T10:19:38.274529,0.3917413264700131,2026-03-17T10:19:39.003000,75,,,
participant_21,2,day,Town10HD_Opt,2026-03-17 10:19:40.247938,97.44940185546876,100.09549713134766,0.0020747757516801,27.169,1.081,0.331,0.0,0,0,1,,0.881,2026-03-17T10:19:40.247938,neutral,0.992,2026-03-17T10:19:38.274529,0.4902513593193421,2026-03-17T10:19:40.038000,75,,,
participant_21,2,day,Town10HD_Opt,2026-03-17 10:19:41.184620,96.3116226196289,104.66910552978516,0.0020455168560147,26.944,4.645,0.405,0.0,0,0,1,,0.917,2026-03-17T10:19:41.184620,neutral,0.998,2026-03-17T10:19:41.184620,0.461404125813132,2026-03-17T10:19:41.028000,74,,,
participant_21,2,day,Town10HD_Opt,2026-03-17 10:19:42.117602,94.6703872680664,109.15065002441406,0.0020191192161291,27.823,4.686,0.408,0.0,0,0,1,,0.921,2026-03-17T10:19:42.117602,neutral,0.998,2026-03-17T10:19:41.184620,0.4738410364250535,2026-03-17T10:19:42.063000,76,,,
participant_21,2,day,Town10HD_Opt,2026-03-17 10:19:43.056468,92.51670837402344,113.58252716064452,0.0020175552926957,28.576,3.25,0.407,0.0,0,0,1,,0.873,2026-03-17T10:19:43.056468,neutral,0.998,2026-03-17T10:19:41.184620,0.5044560810532495,2026-03-17T10:19:43.009000,77,,,
participant_21,2,day,Town10HD_Opt,2026-03-17 10:19:44.233605,88.82637786865234,119.23067474365234,0.0020406723488122,29.175,5.839,0.378,0.0,0,0,1,,0.865,2026-03-17T10:19:44.233605,neutral,1.0,2026-03-17T10:19:44.233605,0.4265791618765415,2026-03-17T10:19:44.178000,80,,,
participant_21,2,day,Town10HD_Opt,2026-03-17 10:19:45.182753,85.38345336914062,122.9989013671875,0.0020446013659238,29.213,4.174,0.379,0.0,0,0,1,,0.812,2026-03-17T10:19:45.182753,neutral,1.0,2026-03-17T10:19:44.233605,0.394802983415735,2026-03-17T10:19:45.169000,80,,,
participant_21,2,day,Town10HD_Opt,2026-03-17 10:19:46.093547,81.46080017089844,126.2522201538086,0.0020540999248623,29.116,8.93,0.374,0.0,0,0,1,,0.882,2026-03-17T10:19:46.093547,neutral,1.0,2026-03-17T10:19:44.233605,0.4143733781706767,2026-03-17T10:19:46.023000,80,,,
participant_21,2,day,Town10HD_Opt,2026-03-17 10:19:47.030570,76.95616149902344,128.56680297851562,0.0020584105513989,28.944,7.696,0.373,0.0,0,0,1,,0.952,2026-03-17T10:19:47.030570,neutral,0.995,2026-03-17T10:19:47.030570,0.3761643319992632,2026-03-17T10:19:47.057000,80,,,
participant_21,2,day,Town10HD_Opt,2026-03-17 10:19:48.275365,70.4404067993164,130.35427856445312,0.0020423887763172,29.184,4.589,0.376,0.0,0,0,1,,0.907,2026-03-17T10:19:48.275365,neutral,0.995,2026-03-17T10:19:47.030570,0.3195141309890623,2026-03-17T10:19:48.048000,77,,,
participant_21,2,day,Town10HD_Opt,2026-03-17 10:19:49.209981,65.38216400146484,130.96560668945312,0.0020414732862263,29.278,4.643,0.377,0.0,0,0,1,,0.839,2026-03-17T10:19:49.209981,neutral,0.995,2026-03-17T10:19:49.209981,0.2560476891831887,2026-03-17T10:19:49.039000,80,,,
participant_21,2,day,Town10HD_Opt,2026-03-17 10:19:50.189268,60.26816940307617,130.97976684570312,0.0020397566258907,29.378,0.284,0.373,0.0,0,0,1,,0.842,2026-03-17T10:19:50.189268,neutral,0.995,2026-03-17T10:19:49.209981,0.2879519136746481,2026-03-17T10:19:50.028000,78,,,
participant_21,2,day,Town10HD_Opt,2026-03-17 10:19:51.170491,55.13915252685547,130.92518615722656,0.0020385740790516,29.466,-1.624,0.392,0.0,0,0,1,,0.972,2026-03-17T10:19:51.170491,neutral,0.995,2026-03-17T10:19:49.209981,0.2199928034812315,2026-03-17T10:19:51.018000,80,,,
participant_21,2,day,Town10HD_Opt,2026-03-17 10:19:52.145222,49.90986633300781,130.93263244628906,0.0019840239547193,30.932,1.471,0.459,0.0,0,0,1,,0.879,2026-03-17T10:19:52.145222,neutral,0.979,2026-03-17T10:19:52.145222,0.1990468513050067,2026-03-17T10:19:52.008000,80,,,
participant_21,2,day,Town10HD_Opt,2026-03-17 10:19:53.051926,44.37559127807617,130.78919982910156,0.0019916915334761,32.532,-0.792,0.451,0.0,0,0,1,,0.883,2026-03-17T10:19:53.051926,neutral,0.979,2026-03-17T10:19:52.145222,0.1717434514165666,2026-03-17T10:19:53.043000,79,,,
participant_21,2,day,Town10HD_Opt,2026-03-17 10:19:54.267693,36.58209228515625,130.72622680664062,0.0019834898412227,34.666,0.322,0.482,0.0,0,0,1,,0.903,2026-03-17T10:19:54.267693,neutral,1.0,2026-03-17T10:19:54.267693,0.1540901036090846,2026-03-17T10:19:54.034000,79,,,
participant_21,2,day,Town10HD_Opt,2026-03-17 10:19:55.261841,30.38532829284668,130.68310546875,0.0019926070235669,36.259,-0.204,0.473,0.0,0,0,1,,0.897,2026-03-17T10:19:55.261841,neutral,1.0,2026-03-17T10:19:54.267693,0.1822812090276722,2026-03-17T10:19:55.023000,79,,,
participant_21,2,day,Town10HD_Opt,2026-03-17 10:19:56.185225,23.9410343170166,130.6608123779297,0.0020028685685247,37.497,-0.327,0.471,0.0,0,0,1,,0.956,2026-03-17T10:19:56.185225,neutral,1.0,2026-03-17T10:19:54.267693,0.2026166381300813,2026-03-17T10:19:56.013000,78,,,
participant_21,2,day,Town10HD_Opt,2026-03-17 10:19:57.122059,17.295621871948242,130.69851684570312,0.0020083235576748,38.555,0.082,0.47,0.0,0,0,1,,0.969,2026-03-17T10:19:57.122059,neutral,0.927,2026-03-17T10:19:57.122059,0.160557762628242,2026-03-17T10:19:57.003000,77,,,
participant_21,2,day,Town10HD_Opt,2026-03-17 10:19:58.080800,10.478437423706056,130.72659301757812,0.0020171736832708,39.378,0.261,0.449,0.0,0,0,1,,0.858,2026-03-17T10:19:58.080800,neutral,0.927,2026-03-17T10:19:57.122059,0.13963029207451,2026-03-17T10:19:58.038000,80,,,
participant_21,2,day,Town10HD_Opt,2026-03-17 10:19:58.999590,3.5707898139953613,130.69725036621094,0.0020398329943418,39.515,-0.014,0.434,0.0,0,0,1,,0.893,2026-03-17T10:19:58.999590,neutral,0.927,2026-03-17T10:19:57.122059,0.0751046673480081,2026-03-17T10:19:59.028000,75,,,
participant_21,3,day,Town10HD_Opt,2026-03-17 10:30:00.000000,-41.66535186767578,86.27053833007812,0.0019412230467423,19.387,0.233,0.642,0.0,0,0,1,,1.0,2026-03-17T10:30:00,,,2026-03-17T10:30:00,0.4940403477781012,2026-03-17T10:30:00,78,,,
participant_21,3,day,Town10HD_Opt,2026-03-17 10:30:00.384318,-41.65797805786133,85.08771514892578,0.0018870544154196,21.281,1.826,0.63,0.0,0,0,1,,1.0,2026-03-17T10:30:00,,,2026-03-17T10:30:00,0.4006810820862615,2026-03-17T10:30:00,79,,,
participant_21,3,day,Town10HD_Opt,2026-03-17 10:30:01.324275,-41.36641693115234,80.80606079101562,0.0018410872435197,27.993,5.184,0.611,0.0,0,0,1,,1.0,2026-03-17T10:30:01.324275,,,2026-03-17T10:30:00,0.4611050227498965,2026-03-17T10:30:01.035000,74,,,
participant_21,3,day,Town10HD_Opt,2026-03-17 10:30:02.301318,-40.24771499633789,75.60498046875,0.0018962096655741,33.099,17.598,0.561,0.0,0,0,1,,1.0,2026-03-17T10:30:02.301318,neutral,0.927,2026-03-17T10:30:02.301318,0.4649914253254468,2026-03-17T10:30:02.114000,76,,,
participant_21,3,day,Town10HD_Opt,2026-03-17 10:30:03.315474,-36.69182968139648,70.90681457519531,0.0020344161894172,35.209,23.724,0.153,0.0,0,0,1,,1.0,2026-03-17T10:30:03.315474,neutral,0.927,2026-03-17T10:30:02.301318,0.4557272377416227,2026-03-17T10:30:03.018000,77,,,
participant_21,3,day,Town10HD_Opt,2026-03-17 10:30:04.284686,-31.47342872619629,69.204833984375,0.0023441696539521,27.652,14.643,0.0,0.0,0,0,1,,1.0,2026-03-17T10:30:04.284686,neutral,0.927,2026-03-17T10:30:02.301318,0.4973111392999692,2026-03-17T10:30:04.045000,77,,,
participant_21,3,day,Town10HD_Opt,2026-03-17 10:30:05.275974,-27.20983123779297,69.48440551757812,0.002263565082103,20.91,-2.998,0.016,0.0,0,0,1,,1.0,2026-03-17T10:30:05.275974,neutral,1.0,2026-03-17T10:30:05.275974,0.3887518425857814,2026-03-17T10:30:04.994000,77,,,
participant_21,3,day,Town10HD_Opt,2026-03-17 10:30:06.311880,-23.904823303222656,69.66526794433594,0.0020949554163962,18.227,-1.201,0.535,0.0,0,0,1,,1.0,2026-03-17T10:30:06.311880,neutral,1.0,2026-03-17T10:30:05.275974,0.4812378573829661,2026-03-17T10:30:05.985000,73,,,
participant_21,3,day,Town10HD_Opt,2026-03-17 10:30:07.328789,-20.395248413085938,69.803466796875,0.0018781280377879,22.938,-0.672,0.563,0.0,0,0,1,,1.0,2026-03-17T10:30:07.328789,sad,1.0,2026-03-17T10:30:07.328789,0.4549515117229056,2026-03-17T10:30:07.110000,72,,,
participant_21,3,day,Town10HD_Opt,2026-03-17 10:30:08.317031,-15.99593734741211,69.91316223144531,0.001895370427519,27.626,-1.166,0.525,0.0,0,0,1,,1.0,2026-03-17T10:30:08.317031,sad,1.0,2026-03-17T10:30:07.328789,0.4370413027911292,2026-03-17T10:30:07.965000,76,,,
participant_21,3,day,Town10HD_Opt,2026-03-17 10:30:09.337526,-10.876935005187988,69.9230728149414,0.0019303893204778,31.125,-0.679,0.476,0.0,0,0,1,,1.0,2026-03-17T10:30:09.337526,neutral,0.999,2026-03-17T10:30:09.337526,0.3881422868963813,2026-03-17T10:30:09.134000,79,,,
participant_21,3,day,Town10HD_Opt,2026-03-17 10:30:10.069450,-7.2571234703063965,69.8839340209961,0.0020787429530173,30.254,-0.266,0.224,0.0,0,0,1,,1.0,2026-03-17T10:30:10.069450,neutral,0.999,2026-03-17T10:30:09.337526,0.4291412085043869,2026-03-17T10:30:10.124000,80,,,
participant_21,3,day,Town10HD_Opt,2026-03-17 10:30:11.071322,-2.2257204055786133,69.79931640625,0.0021475600078701,26.99,-0.266,0.211,0.0,0,0,1,,0.83,2026-03-17T10:30:11.071322,neutral,0.999,2026-03-17T10:30:09.337526,0.4441254398130335,2026-03-17T10:30:11.024000,77,,,
participant_21,3,day,Town10HD_Opt,2026-03-17 10:30:12.085005,2.245624542236328,69.69524383544922,0.002142600947991,23.871,-0.16,0.0,0.0,0,0,1,,1.0,2026-03-17T10:30:12.085005,neutral,1.0,2026-03-17T10:30:12.085005,0.4634568079540601,2026-03-17T10:30:11.972000,78,,,
participant_21,3,day,Town10HD_Opt,2026-03-17 10:30:13.318047,7.023569107055664,69.57662963867188,0.0019536209292709,16.974,0.237,0.114,0.0,0,0,1,,1.0,2026-03-17T10:30:13.318047,neutral,1.0,2026-03-17T10:30:12.085005,0.4845445451308435,2026-03-17T10:30:13.230000,73,,,
participant_21,3,day,Town10HD_Opt,2026-03-17 10:30:14.242884,10.104168891906738,69.5138931274414,0.0020735550206154,18.866,0.294,0.289,0.0,0,0,1,,1.0,2026-03-17T10:30:14.242884,neutral,0.983,2026-03-17T10:30:14.242884,0.4734320571174315,2026-03-17T10:30:13.948000,77,,,
participant_21,3,day,Town10HD_Opt,2026-03-17 10:30:15.303983,13.393377304077148,69.475341796875,0.0020882415119558,18.055,1.142,0.195,0.0,0,0,1,,1.0,2026-03-17T10:30:15.303983,neutral,0.983,2026-03-17T10:30:14.242884,0.5151902206488744,2026-03-17T10:30:15.007000,76,,,
participant_21,3,day,Town10HD_Opt,2026-03-17 10:30:16.292107,16.436073303222656,69.4974365234375,0.0020005034748464,15.276,0.693,0.0,0.0,0,0,1,,1.0,2026-03-17T10:30:16.292107,neutral,1.0,2026-03-17T10:30:16.292107,0.4962235448107924,2026-03-17T10:30:15.930000,74,,,
participant_21,3,day,Town10HD_Opt,2026-03-17 10:30:17.306689,18.85161399841309,69.5351333618164,0.0020231246016919,12.08,0.371,0.194,0.0,0,0,1,,1.0,2026-03-17T10:30:17.306689,neutral,1.0,2026-03-17T10:30:16.292107,0.5854022057411336,2026-03-17T10:30:17.504000,76,,,
participant_21,3,day,Town10HD_Opt,2026-03-17 10:30:18.274109,20.88062286376953,69.57501983642578,0.0019981383811682,10.333,0.371,0.0,0.0,0,0,1,,1.0,2026-03-17T10:30:18.274109,neutral,1.0,2026-03-17T10:30:16.292107,0.6334004407189769,2026-03-17T10:30:18.179000,75,,,
participant_21,3,day,Town10HD_Opt,2026-03-17 10:30:19.260863,22.475297927856445,69.61241149902344,0.002014274476096,7.534,0.371,0.0,0.059,0,0,1,,1.0,2026-03-17T10:30:19.260863,neutral,1.0,2026-03-17T10:30:19.260863,0.6378129143685742,2026-03-17T10:30:18.946000,75,,,
participant_21,3,day,Town10HD_Opt,2026-03-17 10:30:20.215405,23.56921768188477,69.64112091064453,0.002073211595416,0.0,0.371,0.0,0.053,0,0,1,,1.0,2026-03-17T10:30:20.215405,neutral,1.0,2026-03-17T10:30:19.260863,0.6072629261470495,2026-03-17T10:30:20.114000,77,,,
participant_21,3,day,Town10HD_Opt,2026-03-17 10:30:21.243761,23.58170890808105,69.64147186279297,0.0019443893106654,0.003,0.39,0.449,0.0,0,0,1,,1.0,2026-03-17T10:30:21.243761,neutral,1.0,2026-03-17T10:30:19.260863,0.6792230778941059,2026-03-17T10:30:21.330000,78,,,
participant_21,3,day,Town10HD_Opt,2026-03-17 10:30:22.253246,24.15588760375977,69.65795135498047,0.0015340042300522,9.884,0.435,0.939,0.0,0,0,1,,1.0,2026-03-17T10:30:22.253246,neutral,1.0,2026-03-17T10:30:22.253246,0.5637620159007439,2026-03-17T10:30:22.409000,80,,,
participant_21,3,day,Town10HD_Opt,2026-03-17 10:30:23.264736,26.955411911010746,69.74398803710938,0.0018121337052434,21.674,-1.892,0.83,0.0,0,0,1,,1.0,2026-03-17T10:30:23.264736,neutral,1.0,2026-03-17T10:30:22.253246,0.6291929708344384,2026-03-17T10:30:23.130000,80,,,
participant_21,3,day,Town10HD_Opt,2026-03-17 10:30:24.245459,31.4995231628418,69.52024841308594,0.0017820739885792,30.527,-11.921,0.628,0.0,0,0,1,,1.0,2026-03-17T10:30:24.245459,neutral,1.0,2026-03-17T10:30:22.253246,0.6342355456660062,2026-03-17T10:30:23.985000,81,,,
participant_21,3,day,Town10HD_Opt,2026-03-17 10:30:25.271707,36.88298797607422,67.65276336669922,0.0019435500726103,34.725,-13.083,0.427,0.0,0,0,1,,1.0,2026-03-17T10:30:25.271707,neutral,0.995,2026-03-17T10:30:25.271707,0.6639409140695351,2026-03-17T10:30:25.020000,79,,,
participant_21,3,day,Town10HD_Opt,2026-03-17 10:30:26.258413,41.60848236083984,63.90972137451172,0.0021011352073401,33.946,-11.989,0.323,0.0,0,0,1,,0.836,2026-03-17T10:30:26.258413,neutral,0.995,2026-03-17T10:30:25.271707,0.6591448806767696,2026-03-17T10:30:26.144000,79,,,
participant_21,3,day,Town10HD_Opt,2026-03-17 10:30:27.226846,44.38484191894531,59.246952056884766,0.0023240661248564,27.267,-18.651,0.0,0.0,0,0,1,,1.0,2026-03-17T10:30:27.226846,neutral,0.995,2026-03-17T10:30:25.271707,0.5397847787544138,2026-03-17T10:30:26.954000,79,,,
participant_21,3,day,Town10HD_Opt,2026-03-17 10:30:28.206417,44.93974685668945,55.08843994140625,0.0022761535365134,20.563,-12.277,0.0,0.0,0,0,1,,1.0,2026-03-17T10:30:28.206417,neutral,0.903,2026-03-17T10:30:28.206417,0.5980230372146628,2026-03-17T10:30:27.945000,80,,,
participant_21,3,day,Town10HD_Opt,2026-03-17 10:30:29.196134,44.639408111572266,51.92240905761719,0.0020082474220544,15.839,-3.32,0.0,0.0,0,0,1,,1.0,2026-03-17T10:30:29.196134,neutral,0.903,2026-03-17T10:30:28.206417,0.5490823070346083,2026-03-17T10:30:28.979000,77,,,
participant_21,3,day,Town10HD_Opt,2026-03-17 10:30:30.188052,44.33828353881836,49.47758102416992,0.0019464110955595,12.122,1.318,0.0,0.0,0,0,1,,1.0,2026-03-17T10:30:30.188052,neutral,0.903,2026-03-17T10:30:28.206417,0.5085894364803276,2026-03-17T10:30:29.975000,80,,,
participant_21,3,day,Town10HD_Opt,2026-03-17 10:30:31.146027,44.15442657470703,47.59818649291992,0.0020068739540874,9.263,1.782,0.0,0.003,0,0,1,,1.0,2026-03-17T10:30:31.146027,neutral,1.0,2026-03-17T10:30:31.146027,0.5792289541276,2026-03-17T10:30:30.962000,79,,,
participant_21,3,day,Town10HD_Opt,2026-03-17 10:30:32.091757,44.04210662841797,46.19367599487305,0.0019876861479133,6.605,1.845,0.0,0.041,0,0,1,,1.0,2026-03-17T10:30:32.091757,neutral,1.0,2026-03-17T10:30:31.146027,0.5127709531034752,2026-03-17T10:30:31.949000,78,,,
participant_21,3,day,Town10HD_Opt,2026-03-17 10:30:33.283528,43.95505142211914,44.85466384887695,0.0019642256665974,4.775,1.711,0.0,0.0,0,0,1,,1.0,2026-03-17T10:30:33.283528,neutral,0.999,2026-03-17T10:30:33.283528,0.5607203311766352,2026-03-17T10:30:32.985000,77,,,
participant_21,3,day,Town10HD_Opt,2026-03-17 10:30:34.235547,43.91059875488281,44.11468505859375,0.0019657134544104,3.424,0.907,0.2,0.0,0,0,1,,1.0,2026-03-17T10:30:34.235547,neutral,0.999,2026-03-17T10:30:33.283528,0.4592857065625549,2026-03-17T10:30:34.019000,76,,,
participant_21,3,day,Town10HD_Opt,2026-03-17 10:30:35.180458,43.84703063964844,43.00678253173828,0.0015094756381586,13.203,1.168,0.973,0.0,0,0,1,,1.0,2026-03-17T10:30:35.180458,neutral,0.999,2026-03-17T10:30:33.283528,0.5436737661447639,2026-03-17T10:30:34.965000,74,,,
participant_21,3,day,Town10HD_Opt,2026-03-17 10:30:36.274200,43.7495346069336,39.67432022094727,0.001706504728645,25.368,8.186,0.795,0.0,0,0,1,,1.0,2026-03-17T10:30:36.274200,neutral,1.0,2026-03-17T10:30:36.274200,0.5568972316323026,2026-03-17T10:30:35.955000,73,,,
participant_21,3,day,Town10HD_Opt,2026-03-17 10:30:37.224926,44.67400741577149,34.53936004638672,0.0017687606159597,34.462,15.103,0.661,0.0,0,0,1,,1.0,2026-03-17T10:30:37.224926,neutral,1.0,2026-03-17T10:30:36.274200,0.4758354510093077,2026-03-17T10:30:37.125000,73,,,
participant_21,3,day,Town10HD_Opt,2026-03-17 10:30:38.201190,48.05628204345703,29.36823463439941,0.002171134809032,34.359,16.515,0.0,0.0,0,0,1,,1.0,2026-03-17T10:30:38.201190,neutral,1.0,2026-03-17T10:30:36.274200,0.5130271191707463,2026-03-17T10:30:37.934000,75,,,
participant_21,3,day,Town10HD_Opt,2026-03-17 10:30:39.145409,52.55647277832031,26.70188331604004,0.0023290251847356,25.927,13.804,0.0,0.0,0,0,1,,1.0,2026-03-17T10:30:39.145409,neutral,0.995,2026-03-17T10:30:39.145409,0.478560217521672,2026-03-17T10:30:39.015000,75,,,
participant_21,3,day,Town10HD_Opt,2026-03-17 10:30:40.124940,56.49067687988281,25.900081634521484,0.0022083281073719,20.696,9.887,0.263,0.0,0,0,1,,1.0,2026-03-17T10:30:40.124940,neutral,0.995,2026-03-17T10:30:39.145409,0.473126702751366,2026-03-17T10:30:40.004000,78,,,
participant_21,3,day,Town10HD_Opt,2026-03-17 10:30:41.078469,59.89984893798828,25.687084197998047,0.0021400833502411,18.059,0.508,0.112,0.0,0,0,1,,1.0,2026-03-17T10:30:41.078469,neutral,0.995,2026-03-17T10:30:39.145409,0.4958863801907241,2026-03-17T10:30:40.995000,75,,,
participant_21,3,day,Town10HD_Opt,2026-03-17 10:30:42.354191,64.0566177368164,25.53989601135254,0.0019447326194494,16.813,0.289,0.0,0.0,0,0,1,,0.81,2026-03-17T10:30:42.354191,neutral,0.999,2026-03-17T10:30:42.354191,0.4311679376798289,2026-03-17T10:30:41.985000,74,,,
participant_21,3,day,Town10HD_Opt,2026-03-17 10:30:43.300409,66.62977600097656,25.465951919555664,0.0020747375674545,12.308,-1.003,0.0,0.223,0,0,1,,1.0,2026-03-17T10:30:43.300409,neutral,0.999,2026-03-17T10:30:42.354191,0.4274110932506013,2026-03-17T10:30:43.110000,74,,,
participant_21,3,day,Town10HD_Opt,2026-03-17 10:30:44.208710,68.38098907470703,25.39192771911621,0.0020481108222156,7.635,-0.989,0.0,0.143,0,0,1,,1.0,2026-03-17T10:30:44.208710,neutral,0.999,2026-03-17T10:30:42.354191,0.4159094096968437,2026-03-17T10:30:43.967000,76,,,
participant_21,3,day,Town10HD_Opt,2026-03-17 10:30:45.157838,69.39667510986328,25.342697143554688,0.0023704909253865,0.0,-0.642,0.0,0.102,0,0,1,,1.0,2026-03-17T10:30:45.157838,neutral,1.0,2026-03-17T10:30:45.157838,0.3165923552734196,2026-03-17T10:30:45.002000,72,,,
participant_21,3,day,Town10HD_Opt,2026-03-17 10:30:46.063167,69.39720916748047,25.342660903930664,0.001938018715009,0.0,-0.392,0.0,0.009,0,0,1,,1.0,2026-03-17T10:30:46.063167,neutral,1.0,2026-03-17T10:30:45.157838,0.3349276895562926,2026-03-17T10:30:46.304000,76,,,
participant_21,3,day,Town10HD_Opt,2026-03-17 10:30:47.076632,69.39728546142578,25.342660903930664,0.0019204712007194,0.0,1.011,0.0,0.0,0,0,1,,1.0,2026-03-17T10:30:47.076632,neutral,1.0,2026-03-17T10:30:45.157838,0.3852731860147508,2026-03-17T10:30:47.026000,75,,,
participant_21,3,day,Town10HD_Opt,2026-03-17 10:30:48.257850,69.3970947265625,25.34382057189941,0.0028397368732839,0.023,0.663,0.0,0.0,0,0,1,,1.0,2026-03-17T10:30:48.257850,neutral,0.999,2026-03-17T10:30:48.257850,0.3209530672122496,2026-03-17T10:30:48.061000,79,,,errors=Vehicle collision
participant_21,3,day,Town10HD_Opt,2026-03-17 10:30:49.237798,69.39639282226562,25.34478759765625,0.0057052229531109,0.005,0.653,0.0,0.0,0,0,1,,1.0,2026-03-17T10:30:49.237798,neutral,0.999,2026-03-17T10:30:48.257850,0.3386719818703282,2026-03-17T10:30:49.232000,78,Solid line crossing,Solid line crossing,
participant_21,3,day,Town10HD_Opt,2026-03-17 10:30:50.168104,69.86164093017578,25.30793190002441,0.0032794189173728,6.848,0.653,0.806,0.0,0,0,1,,0.832,2026-03-17T10:30:50.168104,neutral,0.999,2026-03-17T10:30:48.257850,0.2920849570428277,2026-03-17T10:30:50.130000,79,Harsh braking,decel_mps2=6.4,
participant_21,3,day,Town10HD_Opt,2026-03-17 10:30:51.153675,71.74654388427734,25.164213180541992,0.0025133132003247,15.501,0.653,0.979,0.0,0,0,1,,0.838,2026-03-17T10:30:51.153675,neutral,0.999,2026-03-17T10:30:51.153675,0.3758201114086665,2026-03-17T10:30:51.349000,78,,,errors=Vehicle collision
participant_21,3,day,Town10HD_Opt,2026-03-17 10:30:52.137152,75.00212860107422,24.92348289489746,0.0019242477137595,21.831,0.653,0.968,0.0,0,0,1,,0.839,2026-03-17T10:30:52.137152,neutral,0.999,2026-03-17T10:30:51.153675,0.3122259375973029,2026-03-17T10:30:52.471000,77,,,
participant_21,3,day,Town10HD_Opt,2026-03-17 10:30:53.084250,79.49284362792969,24.77812767028809,0.002403526334092,31.286,0.86,0.867,0.0,0,0,1,,1.0,2026-03-17T10:30:53.084250,neutral,0.999,2026-03-17T10:30:51.153675,0.2492415788081366,2026-03-17T10:30:53.505000,75,,,
participant_21,3,day,Town10HD_Opt,2026-03-17 10:30:54.301795,87.08245086669922,25.15501976013184,0.0022357939742505,28.847,-2.97,0.118,0.0,0,0,1,,1.0,2026-03-17T10:30:54.301795,neutral,1.0,2026-03-17T10:30:54.301795,0.2615125190708047,2026-03-17T10:30:54.134000,76,,,
participant_21,3,day,Town10HD_Opt,2026-03-17 10:30:55.272863,91.775634765625,24.97013664245605,0.0021313475444912,25.499,-11.0,0.296,0.0,0,0,1,,1.0,2026-03-17T10:30:55.272863,neutral,1.0,2026-03-17T10:30:54.301795,0.1275718857721788,2026-03-17T10:30:54.945000,75,,,
participant_21,3,day,Town10HD_Opt,2026-03-17 10:30:56.209335,95.89057159423828,23.66517448425293,0.0021012115757912,24.328,-16.99,0.356,0.0,0,0,1,,1.0,2026-03-17T10:30:56.209335,neutral,1.0,2026-03-17T10:30:54.301795,0.2247769954594716,2026-03-17T10:30:56.025000,74,,,
participant_21,3,day,Town10HD_Opt,2026-03-17 10:30:57.157569,99.30176544189452,21.14289093017578,0.0020570755004882,24.395,-10.562,0.35,0.0,0,0,1,,1.0,2026-03-17T10:30:57.157569,neutral,1.0,2026-03-17T10:30:57.157569,0.1236045411727587,2026-03-17T10:30:56.971000,75,,,
participant_21,3,day,Town10HD_Opt,2026-03-17 10:30:58.347450,102.86038208007812,16.732927322387695,0.0046013640239834,24.342,-8.582,0.339,0.0,0,0,1,,1.0,2026-03-17T10:30:58.347450,neutral,1.0,2026-03-17T10:30:57.157569,0.1217552523072723,2026-03-17T10:30:57.960000,74,,,
participant_21,3,day,Town10HD_Opt,2026-03-17 10:30:59.289115,104.6259765625,12.89680004119873,0.0019021987682208,25.033,-12.604,0.821,0.0,0,0,1,,1.0,2026-03-17T10:30:59.289115,neutral,1.0,2026-03-17T10:30:59.289115,0.1827413623048881,2026-03-17T10:30:59.175000,76,,,
participant_21,3,day,Town10HD_Opt,2026-03-17 10:31:00.297836,105.67321014404295,7.714914321899414,0.0015982437180355,37.89,-3.714,1.0,0.0,0,0,1,,1.0,2026-03-17T10:31:00.297836,neutral,1.0,2026-03-17T10:30:59.289115,0.1204637313449628,2026-03-17T10:31:00.030000,73,,,
participant_21,3,day,Town10HD_Opt,2026-03-17 10:31:01.275347,106.33106231689452,-0.0457124710083007,0.0015618514735251,52.606,-1.92,0.0,0.229,0,0,1,,1.0,2026-03-17T10:31:01.275347,neutral,1.0,2026-03-17T10:30:59.289115,0.1292702764104648,2026-03-17T10:31:00.930000,74,,,
participant_21,3,day,Town10HD_Opt,2026-03-17 10:31:02.269703,106.4570770263672,-8.872549057006836,0.0019998550415039,50.751,0.282,0.0,0.0,0,0,1,,1.0,2026-03-17T10:31:02.269703,neutral,1.0,2026-03-17T10:31:02.269703,0.1266965994338609,2026-03-17T10:31:01.965000,74,Solid line crossing,Solid line crossing,
participant_21,3,day,Town10HD_Opt,2026-03-17 10:31:03.254132,106.50524139404295,-17.644548416137695,0.0020127487368881,50.491,-1.528,0.83,0.0,0,0,1,,0.829,2026-03-17T10:31:03.254132,neutral,1.0,2026-03-17T10:31:02.269703,0.2007091848837468,2026-03-17T10:31:03.180000,76,,,
participant_21,3,day,Town10HD_Opt,2026-03-17 10:31:04.134200,106.2239227294922,-26.39268684387207,0.002062072744593,49.727,-2.076,0.809,0.0,0,0,1,,1.0,2026-03-17T10:31:04.134200,neutral,1.0,2026-03-17T10:31:02.269703,0.1495839476920308,2026-03-17T10:31:03.946000,76,,,
participant_21,3,day,Town10HD_Opt,2026-03-17 10:31:05.338449,104.35431671142578,-37.8341064453125,0.0019577406346797,50.687,-7.663,0.788,0.0,0,0,1,,1.0,2026-03-17T10:31:05.338449,neutral,1.0,2026-03-17T10:31:05.338449,0.1102701578894048,2026-03-17T10:31:05.115000,76,,,
participant_21,3,day,Town10HD_Opt,2026-03-17 10:31:06.285104,100.61185455322266,-45.66951370239258,0.0020368576515465,49.433,-4.374,0.897,0.0,0,0,1,,1.0,2026-03-17T10:31:06.285104,neutral,1.0,2026-03-17T10:31:05.338449,0.125875461605721,2026-03-17T10:31:05.970000,75,,,
participant_21,3,day,Town10HD_Opt,2026-03-17 10:31:07.191018,95.3285903930664,-52.62657165527344,0.0020172882359474,50.152,-6.417,1.0,0.0,0,0,1,,0.836,2026-03-17T10:31:07.191018,neutral,1.0,2026-03-17T10:31:05.338449,0.0983076449632893,2026-03-17T10:31:06.960000,75,,,
participant_21,3,day,Town10HD_Opt,2026-03-17 10:31:08.122193,88.5662612915039,-58.18300247192383,0.0020494079217314,50.202,-6.028,0.924,0.0,0,0,1,,1.0,2026-03-17T10:31:08.122193,neutral,0.998,2026-03-17T10:31:08.122193,0.1042485309169748,2026-03-17T10:31:08.041000,76,,,
participant_21,3,day,Town10HD_Opt,2026-03-17 10:31:09.338025,77.790283203125,-62.66482162475586,0.0018459319835528,52.132,-4.32,0.0,0.213,0,0,1,,1.0,2026-03-17T10:31:09.338025,neutral,0.998,2026-03-17T10:31:08.122193,0.1149337261660989,2026-03-17T10:31:09.120000,75,,,
participant_21,3,day,Town10HD_Opt,2026-03-17 10:31:10.344786,69.11882781982422,-64.16545104980469,0.0018824386643245,52.138,-2.292,0.0,0.214,0,0,1,,1.0,2026-03-17T10:31:10.344786,neutral,1.0,2026-03-17T10:31:10.344786,0.0668371372418423,2026-03-17T10:31:09.930000,74,,,
participant_21,3,day,Town10HD_Opt,2026-03-17 10:31:11.294267,60.37164306640625,-64.75334167480469,0.0019330214709043,51.371,-0.933,0.0,0.137,0,0,1,,1.0,2026-03-17T10:31:11.294267,neutral,1.0,2026-03-17T10:31:10.344786,0.1653447279302302,2026-03-17T10:31:10.966000,77,,,
participant_21,3,day,Town10HD_Opt,2026-03-17 10:31:12.261201,51.66474151611328,-64.90290069580078,0.001975402701646,50.178,-0.884,0.687,0.0,0,0,1,,1.0,2026-03-17T10:31:12.261201,neutral,1.0,2026-03-17T10:31:10.344786,0.162810479626418,2026-03-17T10:31:12.135000,74,,,
participant_21,3,day,Town10HD_Opt,2026-03-17 10:31:13.201449,43.0008544921875,-64.8013916015625,0.0021135329734534,48.118,0.721,0.481,0.0,0,0,1,,1.0,2026-03-17T10:31:13.201449,neutral,1.0,2026-03-17T10:31:13.201449,0.148832220704594,2026-03-17T10:31:13.035000,74,,,
participant_21,3,day,Town10HD_Opt,2026-03-17 10:31:14.185667,34.66073226928711,-64.77985382080078,0.0020869825966656,46.998,-0.458,0.428,0.0,0,0,1,,1.0,2026-03-17T10:31:14.185667,neutral,1.0,2026-03-17T10:31:13.201449,0.107309289013045,2026-03-17T10:31:13.936000,74,,,
participant_21,3,day,Town10HD_Opt,2026-03-17 10:31:15.098901,26.562049865722656,-64.67530059814453,0.0020995712839066,45.28,0.045,0.314,0.0,0,0,1,,1.0,2026-03-17T10:31:15.098901,neutral,1.0,2026-03-17T10:31:13.201449,0.1753691640703304,2026-03-17T10:31:15.015000,75,,,
participant_21,3,day,Town10HD_Opt,2026-03-17 10:31:16.096073,19.2591495513916,-64.56745147705078,0.0023461531382054,36.518,0.247,0.0,0.0,0,0,1,,1.0,2026-03-17T10:31:16.096073,neutral,1.0,2026-03-17T10:31:16.096073,0.1401566074345492,2026-03-17T10:31:16.095000,75,,,
participant_21,3,day,Town10HD_Opt,2026-03-17 10:31:17.069098,13.548672676086426,-64.51602172851562,0.0023064422421157,28.214,0.315,0.0,0.0,0,0,1,,1.0,2026-03-17T10:31:17.069098,neutral,1.0,2026-03-17T10:31:16.096073,0.0665484637528925,2026-03-17T10:31:16.951000,74,,,
participant_21,3,day,Town10HD_Opt,2026-03-17 10:31:18.290106,7.965943336486816,-64.51158905029297,0.0022481156047433,19.361,-0.146,0.0,0.0,0,0,1,,1.0,2026-03-17T10:31:18.290106,neutral,1.0,2026-03-17T10:31:18.290106,0.1172878946004525,2026-03-17T10:31:17.941000,74,,,
participant_21,3,day,Town10HD_Opt,2026-03-17 10:31:19.301438,4.781659126281738,-64.50822448730469,0.0020862577948719,18.731,0.092,0.838,0.0,0,0,1,,1.0,2026-03-17T10:31:19.301438,neutral,1.0,2026-03-17T10:31:18.290106,0.0492159676736781,2026-03-17T10:31:19.066000,76,,,
participant_21,3,day,Town10HD_Opt,2026-03-17 10:31:20.258797,0.6344618797302246,-64.52033233642578,0.0016552733723074,30.319,0.289,0.813,0.0,0,0,1,,1.0,2026-03-17T10:31:20.258797,neutral,1.0,2026-03-17T10:31:18.290106,0.0825122747965103,2026-03-17T10:31:20.055000,72,,,
participant_21,3,day,Town10HD_Opt,2026-03-17 10:31:21.220243,-5.016425609588623,-64.56925201416016,0.0021589659154415,30.294,0.176,0.0,0.0,0,0,1,,1.0,2026-03-17T10:31:21.220243,neutral,1.0,2026-03-17T10:31:21.220243,0.0239861160970918,2026-03-17T10:31:21.136000,74,,,
participant_21,3,day,Town10HD_Opt,2026-03-17 10:31:22.170905,-9.74074649810791,-64.6325912475586,0.002268829382956,23.128,0.176,0.0,0.0,0,0,1,,1.0,2026-03-17T10:31:22.170905,neutral,1.0,2026-03-17T10:31:21.220243,0.0599165064799854,2026-03-17T10:31:21.991000,75,,,
participant_21,3,day,Town10HD_Opt,2026-03-17 10:31:23.093742,-13.305557250976562,-64.69456481933594,0.0020475005730986,17.508,0.176,0.0,0.0,0,0,1,,1.0,2026-03-17T10:31:23.093742,neutral,1.0,2026-03-17T10:31:21.220243,0.02,2026-03-17T10:31:23.070000,71,,,
participant_21,3,day,Town10HD_Opt,2026-03-17 10:31:24.306691,-16.810161590576172,-64.76803588867188,0.002036819467321,12.378,0.176,0.0,0.0,0,0,1,,1.0,2026-03-17T10:31:24.306691,neutral,1.0,2026-03-17T10:31:24.306691,0.02,2026-03-17T10:31:24.016000,74,,,
participant_21,3,day,Town10HD_Opt,2026-03-17 10:31:25.232973,-18.73851776123047,-64.81364440917969,0.0020099638495594,9.508,0.176,0.0,0.0,0,0,1,,1.0,2026-03-17T10:31:25.232973,neutral,1.0,2026-03-17T10:31:24.306691,0.0677963190142344,2026-03-17T10:31:25.051000,73,,,
participant_21,3,day,Town10HD_Opt,2026-03-17 10:31:26.171288,-20.219215393066406,-64.8511734008789,0.001989021198824,7.194,0.176,0.0,0.0,0,0,1,,1.0,2026-03-17T10:31:26.171288,neutral,1.0,2026-03-17T10:31:24.306691,0.02,2026-03-17T10:31:26.086000,73,,,
participant_21,3,day,Town10HD_Opt,2026-03-17 10:31:27.102806,-21.35599899291992,-64.88150787353516,0.0019728087354451,5.605,0.176,0.0,0.0,0,0,1,,1.0,2026-03-17T10:31:27.102806,neutral,0.998,2026-03-17T10:31:27.102806,0.1020462615341764,2026-03-17T10:31:27.031000,71,,,
participant_21,3,day,Town10HD_Opt,2026-03-17 10:31:28.245569,-22.471967697143555,-64.91258239746094,0.0019567869603633,3.826,0.176,0.0,0.0,0,0,1,,1.0,2026-03-17T10:31:28.245569,neutral,0.998,2026-03-17T10:31:27.102806,0.1164934782837597,2026-03-17T10:31:27.930000,71,,,
participant_21,3,day,Town10HD_Opt,2026-03-17 10:31:29.195010,-23.08542251586914,-64.9301986694336,0.0019480895716696,3.025,0.176,0.0,0.0,0,0,1,,1.0,2026-03-17T10:31:29.195010,neutral,1.0,2026-03-17T10:31:29.195010,0.1189007526137265,2026-03-17T10:31:29.055000,71,,,
participant_21,3,day,Town10HD_Opt,2026-03-17 10:31:30.120625,-23.556360244750977,-64.94398498535156,0.0019413756672292,2.322,0.176,0.0,0.0,0,0,1,,1.0,2026-03-17T10:31:30.120625,neutral,1.0,2026-03-17T10:31:29.195010,0.1977929380015148,2026-03-17T10:31:30.360000,73,,,
participant_21,3,day,Town10HD_Opt,2026-03-17 10:31:31.280784,-24.23341941833496,-64.96398162841797,0.0016004561912268,8.386,0.176,0.952,0.0,0,0,1,,1.0,2026-03-17T10:31:31.280784,neutral,1.0,2026-03-17T10:31:31.280784,0.1827160963379287,2026-03-17T10:31:30.947000,71,,,
participant_21,3,day,Town10HD_Opt,2026-03-17 10:31:32.192457,-26.89924049377441,-65.05355834960938,0.0017271422548219,22.45,0.493,1.0,0.0,0,0,1,,1.0,2026-03-17T10:31:32.192457,neutral,1.0,2026-03-17T10:31:31.280784,0.3424386528344146,2026-03-17T10:31:32.116000,74,,,
participant_21,3,day,Town10HD_Opt,2026-03-17 10:31:33.124834,-32.13074493408203,-65.26644134521484,0.0015123748453333,38.814,0.007,1.0,0.0,0,0,1,,1.0,2026-03-17T10:31:33.124834,neutral,1.0,2026-03-17T10:31:31.280784,0.2380127971649711,2026-03-17T10:31:33.016000,74,,,
participant_21,3,day,Town10HD_Opt,2026-03-17 10:31:34.341260,-43.13551330566406,-65.7388687133789,0.00195690151304,50.653,0.019,0.0,0.124,0,0,1,,1.0,2026-03-17T10:31:34.341260,neutral,0.978,2026-03-17T10:31:34.341260,0.3455626888706948,2026-03-17T10:31:33.961000,73,,,
participant_21,3,day,Town10HD_Opt,2026-03-17 10:31:35.273321,-51.75332260131836,-66.11803436279297,0.0018354033818468,51.77,0.038,0.0,0.177,0,0,1,,1.0,2026-03-17T10:31:35.273321,neutral,0.978,2026-03-17T10:31:34.341260,0.3327668678789042,2026-03-17T10:31:35.029000,75,,,
participant_21,3,day,Town10HD_Opt,2026-03-17 10:31:36.180368,-60.49123001098633,-66.50434875488281,0.0018816374940797,51.775,-0.665,0.0,0.163,0,0,1,,1.0,2026-03-17T10:31:36.180368,neutral,0.978,2026-03-17T10:31:34.341260,0.3186067648316781,2026-03-17T10:31:36.030000,72,,,
participant_21,3,day,Town10HD_Opt,2026-03-17 10:31:37.082441,-69.20122528076172,-66.67586517333984,0.0019321822328493,51.243,-2.791,0.0,0.124,0,0,1,,1.0,2026-03-17T10:31:37.082441,neutral,1.0,2026-03-17T10:31:37.082441,0.3255581710390851,2026-03-17T10:31:37.291000,74,Stop sign violation,stop_sign_id=1200,
participant_21,3,day,Town10HD_Opt,2026-03-17 10:31:38.340750,-80.83402252197266,-65.24861907958984,0.001958503620699,50.756,-7.047,0.0,0.0,0,0,1,,1.0,2026-03-17T10:31:38.340750,neutral,1.0,2026-03-17T10:31:37.082441,0.3144944527163965,2026-03-17T10:31:38.011000,74,,,
participant_21,3,day,Town10HD_Opt,2026-03-17 10:31:39.314119,-88.8005142211914,-61.76890182495117,0.0019271849887445,50.932,-6.128,0.0,0.0,0,0,1,,1.0,2026-03-17T10:31:39.314119,neutral,0.999,2026-03-17T10:31:39.314119,0.3658637363250538,2026-03-17T10:31:38.958000,75,,,
participant_21,3,day,Town10HD_Opt,2026-03-17 10:31:40.220103,-95.6519546508789,-56.438133239746094,0.0018954466795548,51.276,-4.534,0.0,0.128,0,0,1,,1.0,2026-03-17T10:31:40.220103,neutral,0.999,2026-03-17T10:31:39.314119,0.32823825097213,2026-03-17T10:31:40.126000,76,,,
participant_21,3,day,Town10HD_Opt,2026-03-17 10:31:41.202128,-101.38191223144533,-49.83357238769531,0.0018424605950713,52.31,-4.44,0.0,0.235,0,0,1,,1.0,2026-03-17T10:31:41.202128,neutral,0.999,2026-03-17T10:31:39.314119,0.2889284833429828,2026-03-17T10:31:40.984000,75,,,
participant_21,3,day,Town10HD_Opt,2026-03-17 10:31:42.190305,-105.7894515991211,-42.29572677612305,0.0019019698956981,51.782,-4.627,0.0,0.131,0,0,1,,1.0,2026-03-17T10:31:42.190305,neutral,0.999,2026-03-17T10:31:42.190305,0.3215855975844264,2026-03-17T10:31:41.970000,74,,,
participant_21,3,day,Town10HD_Opt,2026-03-17 10:31:43.137334,-108.73416137695312,-34.06269836425781,0.002005310030654,50.32,-3.877,0.719,0.0,0,0,1,,1.0,2026-03-17T10:31:43.137334,neutral,0.999,2026-03-17T10:31:42.190305,0.328504163457886,2026-03-17T10:31:42.961000,75,,,
participant_21,3,day,Town10HD_Opt,2026-03-17 10:31:44.090138,-110.23794555664062,-25.59561920166016,0.0022782515734434,45.634,-3.745,0.0,0.0,0,0,1,,1.0,2026-03-17T10:31:44.090138,neutral,0.999,2026-03-17T10:31:42.190305,0.3293054761744159,2026-03-17T10:31:44.175000,73,,,
participant_21,3,day,Town10HD_Opt,2026-03-17 10:31:45.349477,-110.51278686523438,-16.681575775146484,0.002395172137767,30.451,1.375,0.0,0.349,0,0,1,,1.0,2026-03-17T10:31:45.349477,neutral,0.997,2026-03-17T10:31:45.349477,0.3410707011696598,2026-03-17T10:31:45.121000,75,,,
participant_21,3,day,Town10HD_Opt,2026-03-17 10:31:46.313045,-110.61014556884766,-12.11060905456543,0.0023356245364993,21.227,-1.093,0.0,0.315,0,0,1,,1.0,2026-03-17T10:31:46.313045,neutral,0.997,2026-03-17T10:31:45.349477,0.3707680211041556,2026-03-17T10:31:46.065000,76,,,
participant_21,3,day,Town10HD_Opt,2026-03-17 10:31:47.272889,-110.64607238769533,-8.946698188781738,0.0020365142263472,15.411,-1.523,0.068,0.0,0,0,1,,1.0,2026-03-17T10:31:47.272889,neutral,0.997,2026-03-17T10:31:45.349477,0.2946580173117048,2026-03-17T10:31:46.962000,77,,,
participant_21,3,day,Town10HD_Opt,2026-03-17 10:31:48.205828,-110.6310806274414,-5.931390762329102,0.001851386972703,22.377,0.625,1.0,0.0,0,0,1,,1.0,2026-03-17T10:31:48.205828,neutral,1.0,2026-03-17T10:31:48.205828,0.3301570548361158,2026-03-17T10:31:48.135000,75,,,
participant_21,3,day,Town10HD_Opt,2026-03-17 10:31:49.218001,-110.67585754394533,-0.7109928131103516,0.0015340042300522,39.152,0.308,0.937,0.0,0,0,1,,1.0,2026-03-17T10:31:49.218001,neutral,1.0,2026-03-17T10:31:48.205828,0.3054212877235844,2026-03-17T10:31:48.947000,77,,,
participant_21,3,day,Town10HD_Opt,2026-03-17 10:31:50.186118,-110.74854278564452,7.001806259155273,0.0016696548555046,49.623,-3.938,0.69,0.0,0,0,1,,1.0,2026-03-17T10:31:50.186118,neutral,1.0,2026-03-17T10:31:48.205828,0.3355059513650834,2026-03-17T10:31:49.981000,75,,,
participant_21,3,day,Town10HD_Opt,2026-03-17 10:31:51.167661,-109.22698211669922,15.373476028442385,0.002376785269007,43.319,-16.955,0.0,0.0,0,0,1,,1.0,2026-03-17T10:31:51.167661,neutral,0.999,2026-03-17T10:31:51.167661,0.3845201606720694,2026-03-17T10:31:51.015000,74,,,
participant_21,3,day,Town10HD_Opt,2026-03-17 10:31:52.254730,-104.9605712890625,20.39014434814453,0.0024018478579819,32.549,-11.646,0.0,0.0,0,0,1,,1.0,2026-03-17T10:31:52.254730,neutral,0.999,2026-03-17T10:31:51.167661,0.3763989829585837,2026-03-17T10:31:51.961000,77,,,
participant_21,3,day,Town10HD_Opt,2026-03-17 10:31:53.324054,-100.14307403564452,22.87206649780273,0.0018829726614058,34.373,-9.938,0.969,0.0,0,0,1,,1.0,2026-03-17T10:31:53.324054,neutral,0.997,2026-03-17T10:31:53.324054,0.3719555056340524,2026-03-17T10:31:53.040000,76,,,
participant_21,3,day,Town10HD_Opt,2026-03-17 10:31:54.087729,-95.83175659179688,23.96560287475586,0.0016860198229551,41.981,-4.735,0.391,0.0,0,0,1,,1.0,2026-03-17T10:31:54.087729,neutral,0.997,2026-03-17T10:31:53.324054,0.3957344072644202,2026-03-17T10:31:53.988000,77,,,
participant_21,3,day,Town10HD_Opt,2026-03-17 10:31:55.121593,-88.337890625,24.97592544555664,0.0017764281947165,47.519,-0.9,1.0,0.0,0,0,1,,1.0,2026-03-17T10:31:55.121593,neutral,0.997,2026-03-17T10:31:53.324054,0.3195759117682503,2026-03-17T10:31:54.976000,77,,,
participant_21,3,day,Town10HD_Opt,2026-03-17 10:31:56.158167,-79.59014892578125,25.77286720275879,0.0021966171916574,48.358,-0.475,0.966,0.0,0,0,1,,1.0,2026-03-17T10:31:56.158167,neutral,0.997,2026-03-17T10:31:56.158167,0.3945474298208903,2026-03-17T10:31:56.371000,74,,,
participant_21,3,day,Town10HD_Opt,2026-03-17 10:31:57.117913,-70.83345794677734,26.37302589416504,0.0021925354376435,48.696,-0.505,1.0,0.0,0,0,1,,1.0,2026-03-17T10:31:57.117913,neutral,0.997,2026-03-17T10:31:56.158167,0.2987866047746356,2026-03-17T10:31:56.371000,79,,,
participant_21,3,day,Town10HD_Opt,2026-03-17 10:31:58.067860,-62.0010871887207,26.79226493835449,0.0021579742897301,49.104,-0.498,0.973,0.0,0,0,1,,1.0,2026-03-17T10:31:58.067860,neutral,0.997,2026-03-17T10:31:56.158167,0.3093057851527108,2026-03-17T10:31:56.371000,78,,,
participant_21,3,day,Town10HD_Opt,2026-03-17 10:31:59.336552,-50.368309020996094,27.058263778686523,0.0021708679851144,48.927,-0.498,0.911,0.0,0,0,1,,1.0,2026-03-17T10:31:59.336552,neutral,0.992,2026-03-17T10:31:59.336552,0.4289943655705358,2026-03-17T10:31:56.371000,76,,,
participant_21,3,day,Town10HD_Opt,2026-03-17 10:32:00.332491,-41.59101486206055,27.04767608642578,0.0021500778384506,49.237,-0.026,0.891,0.0,0,0,1,,1.0,2026-03-17T10:32:00.332491,neutral,0.992,2026-03-17T10:31:59.336552,0.3893033589362407,2026-03-17T10:31:56.371000,75,,,
participant_21,3,day,Town10HD_Opt,2026-03-17 10:32:01.283064,-32.7906379699707,26.960336685180664,0.0021534727420657,49.369,0.073,1.0,0.0,0,0,1,,1.0,2026-03-17T10:32:01.283064,neutral,0.992,2026-03-17T10:31:59.336552,0.4026191016858792,2026-03-17T10:31:56.371000,75,,,
participant_21,3,day,Town10HD_Opt,2026-03-17 10:32:02.244396,-23.973886489868164,26.892337799072266,0.0022198485676199,48.334,0.073,0.953,0.0,0,0,1,,1.0,2026-03-17T10:32:02.244396,neutral,1.0,2026-03-17T10:32:02.244396,0.394544808466479,2026-03-17T10:31:56.371000,77,,,
participant_21,3,day,Town10HD_Opt,2026-03-17 10:32:03.203410,-15.216958999633787,26.84381484985352,0.0022018051240593,48.34,-0.089,0.911,0.0,0,0,1,,1.0,2026-03-17T10:32:03.203410,neutral,1.0,2026-03-17T10:32:02.244396,0.2752128859183031,2026-03-17T10:31:56.371000,77,,,
participant_21,3,day,Town10HD_Opt,2026-03-17 10:32:04.123327,-6.478229999542236,26.771041870117188,0.0021740722004324,48.716,-0.115,0.873,0.0,0,0,1,,1.0,2026-03-17T10:32:04.123327,neutral,1.0,2026-03-17T10:32:02.244396,0.255180983724061,2026-03-17T10:31:56.371000,77,,,
participant_21,3,day,Town10HD_Opt,2026-03-17 10:32:05.339561,5.065928936004639,26.61075782775879,0.0021589279640465,47.146,-0.136,0.0,0.0,0,0,1,,1.0,2026-03-17T10:32:05.339561,neutral,0.998,2026-03-17T10:32:05.339561,0.3326369982290859,2026-03-17T10:31:56.371000,79,,,
participant_21,3,day,Town10HD_Opt,2026-03-17 10:32:06.259448,12.528103828430176,26.471662521362305,0.0023664855398237,37.075,0.416,0.0,0.016,0,0,1,,1.0,2026-03-17T10:32:06.259448,neutral,0.998,2026-03-17T10:32:05.339561,0.4200237135638759,2026-03-17T10:31:56.371000,76,,,
participant_21,3,day,Town10HD_Opt,2026-03-17 10:32:07.181523,18.32229423522949,26.4326171875,0.0023109053727239,28.631,1.434,0.0,0.0,0,0,1,,1.0,2026-03-17T10:32:07.181523,neutral,0.998,2026-03-17T10:32:05.339561,0.4825685768941215,2026-03-17T10:31:56.371000,77,,,
participant_21,3,day,Town10HD_Opt,2026-03-17 10:32:08.123847,22.76409339904785,26.56814384460449,0.0022640989627689,21.708,2.73,0.0,0.0,0,0,1,,1.0,2026-03-17T10:32:08.123847,neutral,1.0,2026-03-17T10:32:08.123847,0.3709558101072533,2026-03-17T10:31:56.371000,77,,,
participant_21,3,day,Town10HD_Opt,2026-03-17 10:32:09.178155,26.09993553161621,26.867387771606445,0.0019668578170239,16.59,3.947,0.007,0.0,0,0,1,,1.0,2026-03-17T10:32:09.178155,neutral,1.0,2026-03-17T10:32:08.123847,0.412444645093562,2026-03-17T10:31:56.371000,79,,,
participant_21,3,day,Town10HD_Opt,2026-03-17 10:32:10.147824,28.664072036743164,27.29550170898437,0.002033157274127,12.97,5.86,0.019,0.0,0,0,1,,1.0,2026-03-17T10:32:10.147824,neutral,0.98,2026-03-17T10:32:10.147824,0.3530737754511459,2026-03-17T10:31:56.371000,78,,,
participant_21,3,day,Town10HD_Opt,2026-03-17 10:32:11.125409,30.643707275390625,27.79496955871582,0.0019955444149672,10.297,6.201,0.04,0.0,0,0,1,,1.0,2026-03-17T10:32:11.125409,neutral,0.98,2026-03-17T10:32:10.147824,0.3513268794312598,2026-03-17T10:31:56.371000,78,,,
participant_21,3,day,Town10HD_Opt,2026-03-17 10:32:12.354044,33.026329040527344,28.61351585388184,0.0017991255735978,13.091,8.904,0.318,0.0,0,0,1,,1.0,2026-03-17T10:32:12.354044,neutral,0.999,2026-03-17T10:32:12.354044,0.2926204804214519,2026-03-17T10:31:56.371000,76,,,
participant_21,3,day,Town10HD_Opt,2026-03-17 10:32:13.136344,34.5289421081543,29.355932235717773,0.0017319869948551,17.186,15.62,0.829,0.0,0,0,1,,1.0,2026-03-17T10:32:13.136344,neutral,0.999,2026-03-17T10:32:12.354044,0.2880890152285533,2026-03-17T10:31:56.371000,77,,,
participant_21,3,day,Town10HD_Opt,2026-03-17 10:32:14.115299,37.361141204833984,31.78276824951172,0.0017670821398496,26.946,21.603,0.783,0.0,0,0,1,,1.0,2026-03-17T10:32:14.115299,neutral,0.999,2026-03-17T10:32:12.354044,0.3356444326949837,2026-03-17T10:31:56.371000,76,,,
participant_21,3,day,Town10HD_Opt,2026-03-17 10:32:15.132631,39.59666442871094,36.595340728759766,0.0018663787050172,34.332,15.009,0.514,0.0,0,0,1,,1.0,2026-03-17T10:32:15.132631,neutral,0.998,2026-03-17T10:32:15.132631,0.4148546267380834,2026-03-17T10:31:56.371000,77,,,
participant_21,3,day,Town10HD_Opt,2026-03-17 10:32:16.169671,40.11050796508789,42.49152374267578,0.0022175216581672,31.006,1.055,0.0,0.0,0,0,1,,1.0,2026-03-17T10:32:16.169671,neutral,0.998,2026-03-17T10:32:15.132631,0.3540827193103216,2026-03-17T10:31:56.371000,78,,,
participant_21,3,day,Town10HD_Opt,2026-03-17 10:32:17.135217,40.25371170043945,47.24370956420898,0.0023274230770766,22.35,0.139,0.0,0.333,0,0,1,,1.0,2026-03-17T10:32:17.135217,neutral,0.998,2026-03-17T10:32:17.135217,0.3774132959013125,2026-03-17T10:31:56.371000,78,,,
participant_21,3,day,Town10HD_Opt,2026-03-17 10:32:18.336642,40.357513427734375,51.37265396118164,0.0020992278587073,13.112,1.137,0.0,0.301,0,0,1,,1.0,2026-03-17T10:32:18.336642,neutral,0.998,2026-03-17T10:32:17.135217,0.3711451165338182,2026-03-17T10:31:56.371000,78,,,
participant_21,3,day,Town10HD_Opt,2026-03-17 10:32:19.304921,40.36910629272461,53.25727844238281,0.0020442199893295,8.706,0.757,0.0,0.0,0,0,1,,1.0,2026-03-17T10:32:19.304921,neutral,0.999,2026-03-17T10:32:19.304921,0.3243001551930384,2026-03-17T10:31:56.371000,78,,,
participant_21,3,day,Town10HD_Opt,2026-03-17 10:32:20.257557,40.38556671142578,55.03256607055664,0.001574287423864,15.93,-2.6,0.985,0.0,0,0,1,,1.0,2026-03-17T10:32:20.257557,neutral,0.999,2026-03-17T10:32:19.304921,0.339542788209113,2026-03-17T10:31:56.371000,78,,,
participant_21,3,day,Town10HD_Opt,2026-03-17 10:32:21.159849,40.66976547241211,58.83203125,0.0016096878098323,29.2,-8.105,0.902,0.0,0,0,1,,1.0,2026-03-17T10:32:21.159849,neutral,0.999,2026-03-17T10:32:19.304921,0.3677802008583841,2026-03-17T10:31:56.371000,76,,,
participant_21,3,day,Town10HD_Opt,2026-03-17 10:32:22.360494,44.0521240234375,66.48189544677734,0.0017734909197315,43.323,-19.467,0.84,0.0,0,0,1,,1.0,2026-03-17T10:32:22.360494,neutral,1.0,2026-03-17T10:32:22.360494,0.3597788378907226,2026-03-17T10:31:56.371000,78,,,
participant_21,3,day,Town10HD_Opt,2026-03-17 10:32:23.255058,51.13447189331055,70.1923599243164,0.0018754195189103,49.505,-15.233,0.713,0.0,0,0,1,,1.0,2026-03-17T10:32:23.255058,neutral,1.0,2026-03-17T10:32:22.360494,0.3887805708798472,2026-03-17T10:31:56.371000,76,,,
participant_21,3,day,Town10HD_Opt,2026-03-17 10:32:24.177880,59.7900505065918,69.76881408691406,0.0021090316586196,48.741,2.633,0.421,0.0,0,0,1,,1.0,2026-03-17T10:32:24.177880,neutral,1.0,2026-03-17T10:32:22.360494,0.3858086816679423,2026-03-17T10:31:56.371000,75,,,errors=Solid line crossing
participant_21,3,day,Town10HD_Opt,2026-03-17 10:32:25.084796,67.96259307861328,68.83442687988281,0.0022935485467314,42.788,4.806,0.0,0.0,0,0,1,,1.0,2026-03-17T10:32:25.084796,neutral,0.996,2026-03-17T10:32:25.084796,0.4394207028684809,2026-03-17T10:31:56.371000,80,,,
participant_21,3,day,Town10HD_Opt,2026-03-17 10:32:26.364691,76.33854675292969,69.24562072753906,0.0023743438068777,28.538,-0.233,0.0,0.3,0,0,1,,1.0,2026-03-17T10:32:26.364691,neutral,0.996,2026-03-17T10:32:25.084796,0.3828306193853272,2026-03-17T10:31:56.371000,79,,,
participant_21,3,day,Town10HD_Opt,2026-03-17 10:32:27.285498,80.602294921875,69.63390350341797,0.0023188018240034,19.413,-1.102,0.0,0.316,0,0,1,,1.0,2026-03-17T10:32:27.285498,neutral,1.0,2026-03-17T10:32:27.285498,0.3136096876796018,2026-03-17T10:31:56.371000,77,,,
participant_21,3,day,Town10HD_Opt,2026-03-17 10:32:28.153325,83.50094604492188,69.8376235961914,0.0021133422851562,12.549,-0.618,0.0,0.44,0,0,1,,1.0,2026-03-17T10:32:28.153325,neutral,1.0,2026-03-17T10:32:27.285498,0.2759377831172904,2026-03-17T10:31:56.371000,76,,,
participant_21,3,day,Town10HD_Opt,2026-03-17 10:32:29.074827,85.26222229003906,69.94859313964844,0.0021187209058552,6.713,-0.468,0.0,0.556,0,0,1,,1.0,2026-03-17T10:32:29.074827,neutral,1.0,2026-03-17T10:32:27.285498,0.3266745249748856,2026-03-17T10:31:56.371000,76,,,
participant_21,3,day,Town10HD_Opt,2026-03-17 10:32:30.249212,85.51071166992188,69.9636459350586,0.0019449614919722,0.0,-0.233,0.0,0.465,0,0,1,,1.0,2026-03-17T10:32:30.249212,neutral,1.0,2026-03-17T10:32:30.249212,0.3524278709981379,2026-03-17T10:31:56.371000,76,,,
participant_21,3,day,Town10HD_Opt,2026-03-17 10:32:31.123378,85.5107421875,69.9636459350586,0.0019202422117814,0.0,2.21,0.0,0.0,0,0,1,,1.0,2026-03-17T10:32:31.123378,neutral,1.0,2026-03-17T10:32:30.249212,0.3792572202474448,2026-03-17T10:31:56.371000,78,,,
participant_21,3,day,Town10HD_Opt,2026-03-17 10:32:32.286755,85.58978271484375,69.97441101074219,0.0019017410231754,0.905,9.507,0.874,0.0,0,0,1,,1.0,2026-03-17T10:32:32.286755,neutral,1.0,2026-03-17T10:32:32.286755,0.3815219497457471,2026-03-17T10:31:56.371000,78,,,
participant_21,3,day,Town10HD_Opt,2026-03-17 10:32:33.165636,86.89723205566406,70.20716857910156,0.0014053344493731,16.385,10.478,1.0,0.0,0,0,1,,1.0,2026-03-17T10:32:33.165636,neutral,1.0,2026-03-17T10:32:32.286755,0.3694398313866043,2026-03-17T10:31:56.371000,76,,,
participant_21,3,day,Town10HD_Opt,2026-03-17 10:32:34.361383,92.37348175048828,72.1802749633789,0.0015481949085369,35.763,13.355,0.941,0.0,0,0,1,,1.0,2026-03-17T10:32:34.361383,neutral,0.998,2026-03-17T10:32:34.361383,0.3285748876312512,2026-03-17T10:31:56.371000,75,,,
participant_21,3,day,Town10HD_Opt,2026-03-17 10:32:35.284743,97.56658172607422,77.01618957519531,0.0017073821509256,46.938,18.503,0.915,0.0,0,0,1,,1.0,2026-03-17T10:32:35.284743,neutral,0.998,2026-03-17T10:32:34.361383,0.3247937493395282,2026-03-17T10:31:56.371000,77,,,
participant_21,3,day,Town10HD_Opt,2026-03-17 10:32:36.182818,99.52678680419922,85.37451171875,0.0021231842692941,48.843,4.584,0.909,0.0,0,0,1,,1.0,2026-03-17T10:32:36.182818,neutral,0.998,2026-03-17T10:32:34.361383,0.3372796149799956,2026-03-17T10:31:56.371000,75,,,
participant_21,3,day,Town10HD_Opt,2026-03-17 10:32:37.107577,98.81839752197266,94.1551284790039,0.0021760177332907,48.651,-1.034,0.894,0.0,0,0,1,,1.0,2026-03-17T10:32:37.107577,neutral,1.0,2026-03-17T10:32:37.107577,0.351582883027696,2026-03-17T10:31:56.371000,77,,,
participant_21,3,day,Town10HD_Opt,2026-03-17 10:32:38.353897,97.17131805419922,105.58499145507812,0.0021327589638531,48.828,6.663,0.984,0.0,0,0,1,,1.0,2026-03-17T10:32:38.353897,neutral,1.0,2026-03-17T10:32:37.107577,0.4027529744581315,2026-03-17T10:31:56.371000,78,,,
participant_21,3,day,Town10HD_Opt,2026-03-17 10:32:39.252173,93.4603042602539,113.53990173339844,0.0022620009258389,47.444,4.291,1.0,0.0,0,0,1,,1.0,2026-03-17T10:32:39.252173,neutral,0.997,2026-03-17T10:32:39.252173,0.3659847590920542,2026-03-17T10:31:56.371000,77,,,
participant_21,3,day,Town10HD_Opt,2026-03-17 10:32:40.203052,88.24812316894531,120.56871795654295,0.0021535491105169,48.795,6.462,0.981,0.0,0,0,1,,1.0,2026-03-17T10:32:40.203052,neutral,0.997,2026-03-17T10:32:39.252173,0.3503395201627712,2026-03-17T10:31:56.371000,78,,,
participant_21,3,day,Town10HD_Opt,2026-03-17 10:32:41.069015,81.49916076660156,126.1270751953125,0.002000655978918,51.233,7.368,0.0,0.123,0,0,1,,1.0,2026-03-17T10:32:41.069015,neutral,0.997,2026-03-17T10:32:39.252173,0.3485502694397245,2026-03-17T10:31:56.371000,78,,,
participant_21,3,day,Town10HD_Opt,2026-03-17 10:32:42.255555,70.70674133300781,130.50965881347656,0.0021881102584302,48.762,4.551,1.0,0.0,0,0,1,,1.0,2026-03-17T10:32:42.255555,neutral,0.897,2026-03-17T10:32:42.255555,0.4199329846201203,2026-03-17T10:31:56.371000,76,,,
participant_21,3,day,Town10HD_Opt,2026-03-17 10:32:43.160028,62.0340461730957,131.8818359375,0.0021937561687082,48.573,4.459,1.0,0.0,0,0,1,,1.0,2026-03-17T10:32:43.160028,neutral,0.897,2026-03-17T10:32:42.255555,0.3214839204488787,2026-03-17T10:31:56.371000,81,,,
participant_21,3,day,Town10HD_Opt,2026-03-17 10:32:44.346103,50.39864730834961,132.06898498535156,0.002024192828685,50.618,-0.545,1.0,0.0,0,0,1,,1.0,2026-03-17T10:32:44.346103,neutral,0.999,2026-03-17T10:32:44.346103,0.3485881954840517,2026-03-17T10:31:56.371000,77,,,
participant_21,3,day,Town10HD_Opt,2026-03-17 10:32:45.263238,41.60719680786133,132.3148956298828,0.0020244598854333,50.679,0.409,1.0,0.0,0,0,1,,1.0,2026-03-17T10:32:45.263238,neutral,0.999,2026-03-17T10:32:44.346103,0.4063369502142517,2026-03-17T10:31:56.371000,79,,,
participant_21,3,day,Town10HD_Opt,2026-03-17 10:32:46.167646,32.80645751953125,132.43397521972656,0.0020262526813894,50.105,0.414,1.0,0.0,0,0,1,,1.0,2026-03-17T10:32:46.167646,neutral,0.999,2026-03-17T10:32:44.346103,0.3778504864865988,2026-03-17T10:31:56.371000,79,,,
participant_21,3,day,Town10HD_Opt,2026-03-17 10:32:47.345789,21.065629959106445,132.3981170654297,0.0019664764404296,50.382,0.052,0.537,0.0,0,0,1,,1.0,2026-03-17T10:32:47.345789,neutral,0.991,2026-03-17T10:32:47.345789,0.3337488074503427,2026-03-17T10:31:56.371000,75,,,
participant_21,3,day,Town10HD_Opt,2026-03-17 10:32:48.233443,12.812353134155272,132.33465576171875,0.0022724531590938,43.17,0.035,0.202,0.0,0,0,1,,1.0,2026-03-17T10:32:48.233443,neutral,0.991,2026-03-17T10:32:47.345789,0.3663490021678512,2026-03-17T10:31:56.371000,77,,,
participant_21,3,day,Town10HD_Opt,2026-03-17 10:32:49.214609,5.908196926116943,132.2705535888672,0.0023387526161968,34.465,0.035,0.0,0.0,0,0,1,,1.0,2026-03-17T10:32:49.214609,neutral,0.991,2026-03-17T10:32:47.345789,0.3887828705245076,2026-03-17T10:31:56.371000,78,,,
participant_21,3,day,Town10HD_Opt,2026-03-17 10:32:50.145111,0.521729052066803,132.21498107910156,0.0022959518246352,26.118,-0.127,0.0,0.0,0,0,1,,1.0,2026-03-17T10:32:50.145111,neutral,0.999,2026-03-17T10:32:50.145111,0.3410326562612827,2026-03-17T10:31:56.371000,79,Solid line crossing,Solid line crossing,
participant_21,3,day,Town10HD_Opt,2026-03-17 10:32:51.202031,-3.587240219116211,132.18002319335938,0.0022537994664162,19.932,-0.148,0.0,0.0,0,0,1,,1.0,2026-03-17T10:32:51.202031,neutral,0.999,2026-03-17T10:32:50.145111,0.367582474555554,2026-03-17T10:31:56.371000,77,,,
participant_21,3,day,Town10HD_Opt,2026-03-17 10:32:52.104651,-6.693109512329102,132.16294860839844,0.0020191192161291,15.184,-0.148,0.0,0.0,0,0,1,,1.0,2026-03-17T10:32:52.104651,neutral,0.999,2026-03-17T10:32:50.145111,0.351308978243135,2026-03-17T10:31:56.371000,75,,,
participant_21,3,day,Town10HD_Opt,2026-03-17 10:32:53.280809,-9.763509750366213,132.15402221679688,0.0020112609490752,11.131,-0.148,0.211,0.0,0,0,1,,1.0,2026-03-17T10:32:53.280809,neutral,0.999,2026-03-17T10:32:53.280809,0.3525339653586264,2026-03-17T10:31:56.371000,75,,,
participant_21,3,day,Town10HD_Opt,2026-03-17 10:32:54.209821,-11.837188720703123,132.15234375,0.0018350600730627,13.315,-0.148,0.336,0.0,0,0,1,,1.0,2026-03-17T10:32:54.209821,neutral,0.999,2026-03-17T10:32:53.280809,0.3466494315005975,2026-03-17T10:31:56.371000,77,,,
participant_21,3,day,Town10HD_Opt,2026-03-17 10:32:55.090489,-14.24028491973877,132.15463256835938,0.0019350051879882,13.87,-0.157,0.925,0.0,0,0,1,,1.0,2026-03-17T10:32:55.090489,neutral,0.999,2026-03-17T10:32:53.280809,0.318647435577604,2026-03-17T10:31:56.371000,80,,,
participant_21,3,day,Town10HD_Opt,2026-03-17 10:32:56.341147,-19.24937629699707,132.17257690429688,0.0015208434779196,32.334,-0.045,0.999,0.0,0,0,1,,1.0,2026-03-17T10:32:56.341147,neutral,0.998,2026-03-17T10:32:56.341147,0.3036366911348652,2026-03-17T10:31:56.371000,78,,,
participant_21,3,day,Town10HD_Opt,2026-03-17 10:32:57.323081,-26.074317932128903,131.8970489501953,0.0015889739152044,46.551,9.114,0.946,0.0,0,0,1,,1.0,2026-03-17T10:32:57.323081,neutral,0.998,2026-03-17T10:32:56.341147,0.4289750840431093,2026-03-17T10:31:56.371000,75,,,
participant_21,3,day,Town10HD_Opt,2026-03-17 10:32:58.301082,-34.2855110168457,129.2187957763672,0.0021779250819236,47.918,12.263,0.934,0.0,0,0,1,,1.0,2026-03-17T10:32:58.301082,neutral,0.998,2026-03-17T10:32:56.341147,0.356591654038376,2026-03-17T10:31:56.371000,79,,,
participant_21,3,day,Town10HD_Opt,2026-03-17 10:32:59.226400,-40.41938781738281,123.18502044677734,0.0021065901964902,48.832,15.226,0.927,0.0,0,0,1,,1.0,2026-03-17T10:32:59.226400,neutral,0.996,2026-03-17T10:32:59.226400,0.334549052497653,2026-03-17T10:31:56.371000,77,,,
participant_21,3,day,Town10HD_Opt,2026-03-17 10:33:00.221920,-42.64129257202149,114.91600036621094,0.0019319152925163,50.946,4.893,0.0,0.0,0,0,1,,1.0,2026-03-17T10:33:00.221920,neutral,0.996,2026-03-17T10:32:59.226400,0.3210858407208469,2026-03-17T10:31:56.371000,79,,,
participant_21,3,day,Town10HD_Opt,2026-03-17 10:33:01.193613,-42.49617004394531,106.26333618164062,0.0019896316807717,49.983,-2.546,0.528,0.0,0,0,1,,1.0,2026-03-17T10:33:01.193613,neutral,0.996,2026-03-17T10:32:59.226400,0.389356548740034,2026-03-17T10:31:56.371000,76,,,
participant_21,3,day,Town10HD_Opt,2026-03-17 10:33:02.112354,-42.93846130371094,97.71207427978516,0.0023022459354251,44.575,-0.938,0.0,0.0,0,0,1,,1.0,2026-03-17T10:33:02.112354,neutral,0.998,2026-03-17T10:33:02.112354,0.3435712046378509,2026-03-17T10:33:01.945000,80,,,
participant_21,3,day,Town10HD_Opt,2026-03-17 10:33:03.088489,-43.58164596557617,90.7632827758789,0.0023274230770766,35.154,0.106,0.227,0.0,0,0,1,,1.0,2026-03-17T10:33:03.088489,neutral,0.998,2026-03-17T10:33:02.112354,0.2643045267902384,2026-03-17T10:33:02.979000,80,,,
participant_21,3,day,Town10HD_Opt,2026-03-17 10:33:04.321650,-43.86634826660156,82.93024444580078,0.0020009230356663,34.337,8.625,0.687,0.0,0,0,1,,1.0,2026-03-17T10:33:04.321650,neutral,0.99,2026-03-17T10:33:04.321650,0.3014108560138239,2026-03-17T10:33:03.969000,80,,,
participant_21,3,day,Town10HD_Opt,2026-03-17 10:33:05.284728,-42.31128692626953,76.57042694091797,0.0017763137584552,42.787,14.256,0.814,0.0,0,0,1,,1.0,2026-03-17T10:33:05.284728,neutral,0.99,2026-03-17T10:33:04.321650,0.3597795088101941,2026-03-17T10:33:05.009000,80,,,
participant_21,3,day,Town10HD_Opt,2026-03-17 10:33:06.306936,-37.34165573120117,70.54632568359375,0.0018877410329878,48.052,21.017,0.675,0.0,0,0,1,,1.0,2026-03-17T10:33:06.306936,neutral,0.99,2026-03-17T10:33:04.321650,0.3782107020276252,2026-03-17T10:33:05.994000,78,,,
participant_21,3,day,Town10HD_Opt,2026-03-17 10:33:07.342373,-29.38672065734864,68.94956970214844,0.0021106719505041,46.256,6.319,0.42,0.0,0,0,1,,1.0,2026-03-17T10:33:07.342373,neutral,0.989,2026-03-17T10:33:07.342373,0.407405660779181,2026-03-17T10:33:06.984000,78,,,
participant_21,3,day,Town10HD_Opt,2026-03-17 10:33:08.314884,-21.54085350036621,70.1377944946289,0.0021474456880241,43.544,-4.841,0.261,0.0,0,0,1,,1.0,2026-03-17T10:33:08.314884,neutral,0.989,2026-03-17T10:33:07.342373,0.3891273599947832,2026-03-17T10:33:08.289000,78,,,errors=Solid line crossing
participant_21,3,day,Town10HD_Opt,2026-03-17 10:33:09.299603,-14.296746253967283,70.46414947509766,0.0021852874197065,38.809,-1.775,0.263,0.0,0,0,1,,1.0,2026-03-17T10:33:09.299603,neutral,0.989,2026-03-17T10:33:07.342373,0.4239189750746039,2026-03-17T10:33:09.099000,79,,,
participant_21,3,day,Town10HD_Opt,2026-03-17 10:33:10.289268,-7.751583099365234,70.337158203125,0.0021038055419921,36.52,-0.604,0.541,0.0,0,0,1,,1.0,2026-03-17T10:33:10.289268,neutral,1.0,2026-03-17T10:33:10.289268,0.3860449301221743,2026-03-17T10:33:10,78,,,
participant_21,3,day,Town10HD_Opt,2026-03-17 10:33:11.213842,-1.188324213027954,70.01615142822266,0.0019756315741688,38.73,0.653,0.499,0.0,0,0,1,,1.0,2026-03-17T10:33:11.213842,neutral,1.0,2026-03-17T10:33:10.289268,0.4554410493201813,2026-03-17T10:33:11.079000,79,,,
participant_21,3,day,Town10HD_Opt,2026-03-17 10:33:12.179566,5.496570110321045,69.7731704711914,0.0022314072120934,35.089,0.04,0.0,0.0,0,0,1,,1.0,2026-03-17T10:33:12.179566,neutral,1.0,2026-03-17T10:33:10.289268,0.3890301538190483,2026-03-17T10:33:12.069000,77,,,
participant_21,3,day,Town10HD_Opt,2026-03-17 10:33:13.144370,10.978073120117188,69.5953598022461,0.0022961043287068,27.053,0.75,0.0,0.0,0,0,1,,1.0,2026-03-17T10:33:13.144370,neutral,0.998,2026-03-17T10:33:13.144370,0.4567589514810125,2026-03-17T10:33:13.149000,74,,,
participant_21,3,day,Town10HD_Opt,2026-03-17 10:33:14.110177,15.16344165802002,69.53824615478516,0.0022607040591537,19.932,0.646,0.0,0.052,0,0,1,,1.0,2026-03-17T10:33:14.110177,neutral,0.998,2026-03-17T10:33:13.144370,0.3122105106785604,2026-03-17T10:33:14.049000,78,,,
participant_21,3,day,Town10HD_Opt,2026-03-17 10:33:15.074220,18.28743934631348,69.53801727294922,0.0020268631633371,14.995,0.646,0.0,0.072,0,0,1,,1.0,2026-03-17T10:33:15.074220,neutral,0.998,2026-03-17T10:33:13.144370,0.4531457213245849,2026-03-17T10:33:14.995000,75,,,
participant_21,3,day,Town10HD_Opt,2026-03-17 10:33:16.343512,21.260501861572266,69.57035827636719,0.0020327377133071,10.192,0.62,0.0,0.037,0,0,1,,1.0,2026-03-17T10:33:16.343512,neutral,0.979,2026-03-17T10:33:16.343512,0.4358086960366785,2026-03-17T10:33:16.029000,75,,,
participant_21,3,day,Town10HD_Opt,2026-03-17 10:33:17.348862,22.80422592163086,69.59928894042969,0.0020133589860051,7.259,0.618,0.0,0.044,0,0,1,,1.0,2026-03-17T10:33:17.348862,neutral,0.979,2026-03-17T10:33:16.343512,0.3608794618530486,2026-03-17T10:33:17.023000,76,,,
participant_21,3,day,Town10HD_Opt,2026-03-17 10:33:18.333993,23.812973022460938,69.62203979492188,0.0022953413426876,0.0,0.618,0.0,0.04,0,0,1,,1.0,2026-03-17T10:33:18.333993,neutral,0.979,2026-03-17T10:33:16.343512,0.3598150504596581,2026-03-17T10:33:18.144000,76,,,
participant_21,3,day,Town10HD_Opt,2026-03-17 10:33:19.366951,23.818639755249023,69.62217712402344,0.0019294356461614,0.605,0.618,0.657,0.0,0,0,1,,1.0,2026-03-17T10:33:19.366951,neutral,0.998,2026-03-17T10:33:19.366951,0.3708173587178263,2026-03-17T10:33:19.181000,77,,,
participant_21,3,day,Town10HD_Opt,2026-03-17 10:33:20.272767,24.733428955078125,69.6476821899414,0.0015630340203642,11.236,0.618,0.632,0.0,0,0,1,,1.0,2026-03-17T10:33:20.272767,neutral,0.998,2026-03-17T10:33:19.366951,0.4639630375128445,2026-03-17T10:33:19.993000,77,,,
participant_21,3,day,Town10HD_Opt,2026-03-17 10:33:21.218574,27.186248779296875,69.71173095703125,0.0017878722865134,16.127,-2.41,0.373,0.0,0,0,1,,1.0,2026-03-17T10:33:21.218574,neutral,0.998,2026-03-17T10:33:19.366951,0.5261763214488492,2026-03-17T10:33:20.980000,74,,,
participant_21,3,day,Town10HD_Opt,2026-03-17 10:33:22.174437,30.191869735717773,69.56603240966797,0.002067451365292,18.286,-7.813,0.355,0.0,0,0,1,,1.0,2026-03-17T10:33:22.174437,neutral,0.99,2026-03-17T10:33:22.174437,0.5138446768171033,2026-03-17T10:33:21.973000,77,,,
participant_21,3,day,Town10HD_Opt,2026-03-17 10:33:23.122075,33.3543815612793,68.9903564453125,0.0019603348337113,20.379,-8.942,0.986,0.0,0,0,1,,1.0,2026-03-17T10:33:23.122075,neutral,0.99,2026-03-17T10:33:22.174437,0.5598584429562027,2026-03-17T10:33:23.005000,76,,,
participant_21,3,day,Town10HD_Opt,2026-03-17 10:33:24.321090,39.64154815673828,66.03275299072266,0.0015821075066924,40.813,-16.637,0.99,0.0,0,0,1,,1.0,2026-03-17T10:33:24.321090,neutral,0.988,2026-03-17T10:33:24.321090,0.5960781495347051,2026-03-17T10:33:23.950000,72,,,
participant_21,3,day,Town10HD_Opt,2026-03-17 10:33:25.266138,44.44182205200195,59.57305908203125,0.0014985656598582,51.213,-12.468,0.0,0.126,0,0,1,,1.0,2026-03-17T10:33:25.266138,neutral,0.988,2026-03-17T10:33:24.321090,0.4932337146542083,2026-03-17T10:33:25.014000,74,,,errors=Vehicle-pedestrian collision
participant_21,3,day,Town10HD_Opt,2026-03-17 10:33:26.163385,45.89402389526367,51.49143600463867,0.0023434448521584,41.377,-4.879,0.0,0.222,0,0,1,,1.0,2026-03-17T10:33:26.163385,neutral,0.988,2026-03-17T10:33:24.321090,0.6118307893018475,2026-03-17T10:33:26.019000,74,,,
participant_21,3,day,Town10HD_Opt,2026-03-17 10:33:27.328998,45.27631759643555,43.40645599365234,0.0023227690253406,28.358,3.16,0.0,0.0,0,0,1,,1.0,2026-03-17T10:33:27.328998,neutral,1.0,2026-03-17T10:33:27.328998,0.6591662230440203,2026-03-17T10:33:27.055000,73,,,
participant_21,3,day,Town10HD_Opt,2026-03-17 10:33:28.207274,45.17548370361328,38.85730743408203,0.0021012497600167,25.082,5.652,0.453,0.0,0,0,1,,1.0,2026-03-17T10:33:28.207274,neutral,1.0,2026-03-17T10:33:27.328998,0.6053385175912943,2026-03-17T10:33:27.954000,72,,,
participant_21,3,day,Town10HD_Opt,2026-03-17 10:33:29.130517,45.9063720703125,34.4398078918457,0.0020470046438276,26.11,19.712,0.415,0.0,0,0,1,,1.0,2026-03-17T10:33:29.130517,neutral,1.0,2026-03-17T10:33:27.328998,0.5114327070773423,2026-03-17T10:33:29.034000,72,,,
participant_21,3,day,Town10HD_Opt,2026-03-17 10:33:30.073227,48.42112350463867,30.663291931152344,0.0020793532021343,26.651,22.686,0.519,0.0,0,0,1,,1.0,2026-03-17T10:33:30.073227,neutral,0.989,2026-03-17T10:33:30.073227,0.4666538276727473,2026-03-17T10:33:29.979000,75,,,
participant_21,3,day,Town10HD_Opt,2026-03-17 10:33:31.294516,54.30816268920898,27.58519554138184,0.0019444655627012,31.242,6.419,0.51,0.0,0,0,1,,1.0,2026-03-17T10:33:31.294516,neutral,0.989,2026-03-17T10:33:30.073227,0.4397632298533301,2026-03-17T10:33:31.014000,72,,,
participant_21,3,day,Town10HD_Opt,2026-03-17 10:33:32.173312,59.76647186279297,26.18627166748047,0.0019843291956931,33.484,6.884,0.681,0.0,0,0,1,,1.0,2026-03-17T10:33:32.173312,neutral,0.987,2026-03-17T10:33:32.173312,0.4503445648134497,2026-03-17T10:33:31.959000,76,,,
participant_21,3,day,Town10HD_Opt,2026-03-17 10:33:33.086459,66.45782470703125,25.662960052490234,0.0016012954292818,45.943,3.648,0.967,0.0,0,0,1,,1.0,2026-03-17T10:33:33.086459,neutral,0.987,2026-03-17T10:33:32.173312,0.3979542103218062,2026-03-17T10:33:32.949000,73,,,
participant_21,3,day,Town10HD_Opt,2026-03-17 10:33:34.240081,78.00995635986328,26.05387306213379,0.002093200571835,49.284,-0.357,0.796,0.0,0,0,1,,1.0,2026-03-17T10:33:34.240081,neutral,0.998,2026-03-17T10:33:34.240081,0.4568308441620868,2026-03-17T10:33:33.982000,76,,,
participant_21,3,day,Town10HD_Opt,2026-03-17 10:33:35.122647,86.76494598388672,26.33601951599121,0.0040339659899473,48.512,-4.393,0.509,0.0,0,0,1,,1.0,2026-03-17T10:33:35.122647,neutral,0.998,2026-03-17T10:33:34.240081,0.4727045378559897,2026-03-17T10:33:35.110000,75,,,
participant_21,3,day,Town10HD_Opt,2026-03-17 10:33:36.291215,97.42963409423828,23.89350700378418,0.0021292113233357,46.021,-16.381,0.465,0.0,0,0,1,,1.0,2026-03-17T10:33:36.291215,neutral,1.0,2026-03-17T10:33:36.291215,0.5548297356271669,2026-03-17T10:33:35.964000,77,,,
participant_21,3,day,Town10HD_Opt,2026-03-17 10:33:37.219549,102.69915008544922,18.09329605102539,0.0021546555217355,44.344,-6.18,0.321,0.0,0,0,1,,1.0,2026-03-17T10:33:37.219549,neutral,1.0,2026-03-17T10:33:36.291215,0.6435024746447131,2026-03-17T10:33:36.956000,78,,,
participant_21,3,day,Town10HD_Opt,2026-03-17 10:33:38.074398,105.87483215332033,11.3076171875,0.0020714187994599,41.037,-4.171,0.322,0.0,0,0,1,,1.0,2026-03-17T10:33:38.074398,neutral,1.0,2026-03-17T10:33:36.291215,0.6581520916938867,2026-03-17T10:33:38.125000,76,,,
participant_21,3,day,Town10HD_Opt,2026-03-17 10:33:39.280006,108.43348693847656,2.515019416809082,0.0021270369179546,37.465,-3.412,0.329,0.0,0,0,1,,1.0,2026-03-17T10:33:39.280006,neutral,0.964,2026-03-17T10:33:39.280006,0.7237657703864194,2026-03-17T10:33:38.979000,81,,,
participant_21,3,day,Town10HD_Opt,2026-03-17 10:33:40.153468,109.38117218017578,-3.866060495376587,0.0019956587348133,37.505,-3.664,0.761,0.0,0,0,1,,0.828,2026-03-17T10:33:40.153468,neutral,0.964,2026-03-17T10:33:39.280006,0.799075058264663,2026-03-17T10:33:40.374000,77,,,
participant_21,3,day,Town10HD_Opt,2026-03-17 10:33:41.260075,109.48348999023438,-13.81802749633789,0.0017116927774623,51.068,-1.814,0.0,0.107,0,0,1,,1.0,2026-03-17T10:33:41.260075,neutral,0.964,2026-03-17T10:33:39.280006,0.7927705843427704,2026-03-17T10:33:41.319000,72,,,
participant_21,3,day,Town10HD_Opt,2026-03-17 10:33:42.134771,108.63858032226562,-22.645097732543945,0.0021734619513154,49.107,-1.659,0.99,0.0,0,0,1,,1.0,2026-03-17T10:33:42.134771,neutral,0.998,2026-03-17T10:33:42.134771,0.7814336277903366,2026-03-17T10:33:41.957000,73,,,
participant_21,3,day,Town10HD_Opt,2026-03-17 10:33:43.259781,106.1808090209961,-33.945220947265625,0.0019665146246552,50.427,-4.615,0.882,0.0,0,0,1,,1.0,2026-03-17T10:33:43.259781,neutral,0.998,2026-03-17T10:33:42.134771,0.8344921590772886,2026-03-17T10:33:42.985000,75,,,
participant_21,3,day,Town10HD_Opt,2026-03-17 10:33:44.103235,102.67327117919922,-42.06317901611328,0.0021558380685746,49.078,-3.328,0.791,0.0,0,0,1,,1.0,2026-03-17T10:33:44.103235,neutral,0.998,2026-03-17T10:33:42.134771,0.8695763629379806,2026-03-17T10:33:43.975000,77,,,
participant_21,3,day,Town10HD_Opt,2026-03-17 10:33:45.247742,96.20502471923828,-51.6884651184082,0.0019869613461196,50.504,-6.26,0.758,0.0,0,0,1,,1.0,2026-03-17T10:33:45.247742,neutral,0.983,2026-03-17T10:33:45.247742,0.8151619353381361,2026-03-17T10:33:45.009000,73,,,
participant_21,3,day,Town10HD_Opt,2026-03-17 10:33:46.121192,89.70213317871094,-57.32406997680664,0.0020846556872129,48.445,-5.879,0.591,0.0,0,0,1,,1.0,2026-03-17T10:33:46.121192,neutral,0.983,2026-03-17T10:33:45.247742,0.7841096103281012,2026-03-17T10:33:45.955000,76,,,
participant_21,3,day,Town10HD_Opt,2026-03-17 10:33:47.316710,79.353759765625,-62.344970703125,0.002021636813879,50.052,-4.261,0.51,0.0,0,0,1,,1.0,2026-03-17T10:33:47.316710,neutral,0.68,2026-03-17T10:33:47.316710,0.7603271825444061,2026-03-17T10:33:46.946000,77,,,
participant_21,3,day,Town10HD_Opt,2026-03-17 10:33:48.205457,70.8547592163086,-64.43563842773438,0.0020460509695112,50.045,-4.317,0.497,0.0,0,0,1,,1.0,2026-03-17T10:33:48.205457,neutral,0.68,2026-03-17T10:33:47.316710,0.793809241441052,2026-03-17T10:33:47.980000,77,,,
participant_21,3,day,Town10HD_Opt,2026-03-17 10:33:49.091166,62.14619445800781,-65.10042572021484,0.0020481871906667,49.863,-0.696,0.492,0.0,0,0,1,,1.0,2026-03-17T10:33:49.091166,neutral,0.68,2026-03-17T10:33:47.316710,0.7600095010494691,2026-03-17T10:33:49.060000,74,,,
participant_21,3,day,Town10HD_Opt,2026-03-17 10:33:50.328918,50.54356002807617,-65.33110046386719,0.0020500181708484,49.56,-0.108,0.486,0.0,0,0,1,,1.0,2026-03-17T10:33:50.328918,neutral,0.982,2026-03-17T10:33:50.328918,0.7286843798199506,2026-03-17T10:33:50.095000,75,,,
participant_21,3,day,Town10HD_Opt,2026-03-17 10:33:51.245225,41.89413070678711,-65.54497528076172,0.0020505141001194,49.296,-0.2,0.485,0.0,0,0,1,,1.0,2026-03-17T10:33:51.245225,neutral,0.982,2026-03-17T10:33:50.328918,0.7113287405917066,2026-03-17T10:33:50.995000,76,,,
participant_21,3,day,Town10HD_Opt,2026-03-17 10:33:52.178224,33.28886032104492,-65.69174194335938,0.0020502090919762,49.042,-0.209,0.484,0.0,0,0,1,,1.0,2026-03-17T10:33:52.178224,neutral,0.982,2026-03-17T10:33:50.328918,0.6703065091837352,2026-03-17T10:33:52.030000,75,,,
participant_21,3,day,Town10HD_Opt,2026-03-17 10:33:53.097171,24.76774787902832,-65.76266479492188,0.0020824430976063,48.012,-0.28,0.433,0.0,0,0,1,,1.0,2026-03-17T10:33:53.097171,neutral,0.984,2026-03-17T10:33:53.097171,0.7182337880861246,2026-03-17T10:33:52.975000,78,,,
participant_21,3,day,Town10HD_Opt,2026-03-17 10:33:54.271849,14.494877815246582,-65.7260971069336,0.002362098544836,37.262,-0.275,0.0,0.0,0,0,1,,1.0,2026-03-17T10:33:54.271849,neutral,0.984,2026-03-17T10:33:53.097171,0.6864262667720633,2026-03-17T10:33:54.189000,76,,,
participant_21,3,day,Town10HD_Opt,2026-03-17 10:33:55.122964,8.673579216003418,-65.64204406738281,0.002309989882633,28.786,-0.068,0.0,0.0,0,0,1,,1.0,2026-03-17T10:33:55.122964,neutral,0.957,2026-03-17T10:33:55.122964,0.7195370653772719,2026-03-17T10:33:55.135000,74,,,
participant_21,3,day,Town10HD_Opt,2026-03-17 10:33:56.348542,2.9709115028381348,-65.55498504638672,0.0022455595899373,19.936,0.233,0.099,0.0,0,0,1,,1.0,2026-03-17T10:33:56.348542,neutral,0.957,2026-03-17T10:33:55.122964,0.6641965800753589,2026-03-17T10:33:56.035000,76,,,
participant_21,3,day,Town10HD_Opt,2026-03-17 10:33:57.252875,-0.2686531841754913,-65.52167510986328,0.0018666075775399,17.627,0.242,0.161,0.0,0,0,1,,1.0,2026-03-17T10:33:57.252875,neutral,0.995,2026-03-17T10:33:57.252875,0.685246533709601,2026-03-17T10:33:56.988000,74,,,
participant_21,3,day,Town10HD_Opt,2026-03-17 10:33:58.191965,-3.281399726867676,-65.50485229492188,0.0019070815760642,17.538,0.24,0.36,0.0,0,0,1,,1.0,2026-03-17T10:33:58.191965,neutral,0.995,2026-03-17T10:33:57.252875,0.6800423558238172,2026-03-17T10:33:57.969000,73,,,
participant_21,3,day,Town10HD_Opt,2026-03-17 10:33:59.074264,-6.429905891418457,-65.49793243408203,0.0020627593621611,18.076,0.155,0.33,0.0,0,0,1,,1.0,2026-03-17T10:33:59.074264,neutral,0.995,2026-03-17T10:33:57.252875,0.6802067351390433,2026-03-17T10:33:58.960000,74,,,
participant_21,3,day,Town10HD_Opt,2026-03-17 10:34:00.282312,-10.672691345214844,-65.49989318847656,0.002023200970143,18.083,0.063,0.109,0.0,0,0,1,,1.0,2026-03-17T10:34:00.282312,neutral,0.991,2026-03-17T10:34:00.282312,0.66447126928255,2026-03-17T10:33:59.995000,72,,,
participant_21,3,day,Town10HD_Opt,2026-03-17 10:34:01.130580,-13.668773651123049,-65.50391387939453,0.0020169448107481,15.092,-0.016,0.0,0.0,0,0,1,,1.0,2026-03-17T10:34:01.130580,neutral,0.991,2026-03-17T10:34:00.282312,0.5354203765676311,2026-03-17T10:34:01.120000,71,,,
participant_21,3,day,Town10HD_Opt,2026-03-17 10:34:02.313106,-16.672637939453125,-65.50801849365234,0.0020219420548528,10.549,0.002,0.0,0.018,0,0,1,,1.0,2026-03-17T10:34:02.313106,neutral,0.999,2026-03-17T10:34:02.313106,0.6050061238325111,2026-03-17T10:34:02.335000,76,,,
participant_21,3,day,Town10HD_Opt,2026-03-17 10:34:03.188492,-18.26116752624512,-65.51024627685547,0.0020143126603215,7.46,0.002,0.0,0.053,0,0,1,,1.0,2026-03-17T10:34:03.188492,neutral,0.999,2026-03-17T10:34:02.313106,0.5492854720607949,2026-03-17T10:34:02.967000,74,,,
participant_21,3,day,Town10HD_Opt,2026-03-17 10:34:04.308207,-19.503204345703125,-65.51204681396484,0.0023023223038762,0.229,0.002,0.0,0.0,0,0,1,,1.0,2026-03-17T10:34:04.308207,neutral,0.999,2026-03-17T10:34:02.313106,0.5661048046741644,2026-03-17T10:34:03.955000,74,,,
participant_21,3,day,Town10HD_Opt,2026-03-17 10:34:05.151365,-19.54104995727539,-65.51204681396484,0.001928215031512,0.254,0.002,0.0,0.0,0,0,1,,1.0,2026-03-17T10:34:05.151365,neutral,0.993,2026-03-17T10:34:05.151365,0.5117487549379065,2026-03-17T10:34:05.125000,77,,,
participant_21,3,day,Town10HD_Opt,2026-03-17 10:34:06.327802,-19.59105491638184,-65.51204681396484,0.0019207381410524,0.177,0.002,0.0,0.0,0,0,1,,1.0,2026-03-17T10:34:06.327802,neutral,0.993,2026-03-17T10:34:05.151365,0.6472171005834821,2026-03-17T10:34:06.026000,76,,,
participant_21,3,day,Town10HD_Opt,2026-03-17 10:34:07.164389,-20.02985191345215,-65.51268768310547,0.0014955138321965,9.554,0.002,1.0,0.0,0,0,1,,1.0,2026-03-17T10:34:07.164389,neutral,0.988,2026-03-17T10:34:07.164389,0.6114554237201466,2026-03-17T10:34:07.015000,74,,,
participant_21,3,day,Town10HD_Opt,2026-03-17 10:34:08.286255,-24.41453742980957,-65.55168914794922,0.0015613173600286,29.503,0.693,1.0,0.0,0,0,1,,1.0,2026-03-17T10:34:08.286255,neutral,0.988,2026-03-17T10:34:07.164389,0.6787594488596774,2026-03-17T10:34:08.006000,76,,,
participant_21,3,day,Town10HD_Opt,2026-03-17 10:34:09.139852,-30.851730346679688,-65.7247314453125,0.0015395736554637,45.125,0.526,1.0,0.0,0,0,1,,1.0,2026-03-17T10:34:09.139852,neutral,0.988,2026-03-17T10:34:07.164389,0.636139852882118,2026-03-17T10:34:09.265000,71,,,
participant_21,3,day,Town10HD_Opt,2026-03-17 10:34:10.329858,-42.40032196044922,-66.26886749267578,0.0021879577543586,48.879,0.08,0.994,0.0,0,0,1,,1.0,2026-03-17T10:34:10.329858,neutral,0.988,2026-03-17T10:34:10.329858,0.7145954112513601,2026-03-17T10:34:10.120000,71,,,
participant_21,3,day,Town10HD_Opt,2026-03-17 10:34:11.199775,-51.26269912719727,-66.76248168945312,0.0020346832461655,48.591,-0.221,0.986,0.0,0,0,1,,1.0,2026-03-17T10:34:11.199775,neutral,0.988,2026-03-17T10:34:10.329858,0.7452910141071563,2026-03-17T10:34:11.200000,74,,,
participant_21,3,day,Town10HD_Opt,2026-03-17 10:34:12.261809,-62.92571258544922,-67.29655456542969,0.002147254999727,48.737,-1.144,0.973,0.0,0,0,1,,1.0,2026-03-17T10:34:12.261809,neutral,0.988,2026-03-17T10:34:10.329858,0.8047146040941752,2026-03-17T10:34:12.010000,73,,,
participant_21,3,day,Town10HD_Opt,2026-03-17 10:34:13.101843,-71.69696044921875,-67.11225128173828,0.0022243116982281,48.011,-6.014,0.96,0.0,0,0,1,,1.0,2026-03-17T10:34:13.101843,neutral,0.981,2026-03-17T10:34:13.101843,0.8300744680590623,2026-03-17T10:34:13.001000,73,,,
participant_21,3,day,Town10HD_Opt,2026-03-17 10:34:14.230967,-82.97091674804688,-64.18118286132812,0.0021557998843491,49.135,-3.207,0.979,0.0,0,0,1,,1.0,2026-03-17T10:34:14.230967,neutral,0.981,2026-03-17T10:34:13.101843,0.7486443384465584,2026-03-17T10:34:14.124000,73,,,
participant_21,3,day,Town10HD_Opt,2026-03-17 10:34:15.086908,-90.92937469482422,-60.241458892822266,0.0022374724503606,48.436,-4.534,0.975,0.0,0,0,1,,1.0,2026-03-17T10:34:15.086908,neutral,0.981,2026-03-17T10:34:13.101843,0.7059382988349486,2026-03-17T10:34:15.025000,76,,,
participant_21,3,day,Town10HD_Opt,2026-03-17 10:34:16.260325,-99.72068786621094,-52.73151397705078,0.0020535278599709,50.047,-6.417,0.954,0.0,0,0,1,,1.0,2026-03-17T10:34:16.260325,neutral,0.73,2026-03-17T10:34:16.260325,0.6445629539757809,2026-03-17T10:34:16.060000,74,,,
participant_21,3,day,Town10HD_Opt,2026-03-17 10:34:17.148611,-104.41162109375,-45.35624313354492,0.0020930098835378,49.116,-3.886,0.939,0.0,0,0,1,,1.0,2026-03-17T10:34:17.148611,neutral,0.73,2026-03-17T10:34:16.260325,0.7562212971257607,2026-03-17T10:34:16.959000,75,,,
participant_21,3,day,Town10HD_Opt,2026-03-17 10:34:18.313743,-108.58953094482422,-34.480037689208984,0.0018844222649931,51.649,-4.07,0.0,0.148,0,0,1,,1.0,2026-03-17T10:34:18.313743,neutral,0.736,2026-03-17T10:34:18.313743,0.7066303915501222,2026-03-17T10:34:18.042000,74,,,
participant_21,3,day,Town10HD_Opt,2026-03-17 10:34:19.267079,-110.11576080322266,-25.83438491821289,0.0019031906267628,51.468,-3.459,0.0,0.147,0,0,1,,1.0,2026-03-17T10:34:19.267079,neutral,0.736,2026-03-17T10:34:18.313743,0.7269596388730883,2026-03-17T10:34:19.120000,73,,,
participant_21,3,day,Town10HD_Opt,2026-03-17 10:34:20.206655,-110.4317626953125,-17.06549072265625,0.0018895721295848,51.801,-0.141,0.0,0.18,0,0,1,,1.0,2026-03-17T10:34:20.206655,neutral,0.736,2026-03-17T10:34:18.313743,0.7260234716108447,2026-03-17T10:34:19.975000,73,,,
participant_21,3,day,Town10HD_Opt,2026-03-17 10:34:21.127948,-110.49827575683594,-8.296730995178223,0.0019414901034906,50.77,0.761,0.0,0.103,0,0,1,,1.0,2026-03-17T10:34:21.127948,neutral,0.941,2026-03-17T10:34:21.127948,0.6897247918319577,2026-03-17T10:34:20.965000,72,,,
participant_21,3,day,Town10HD_Opt,2026-03-17 10:34:22.356335,-110.80023956298828,2.809173822402954,0.0022198485676199,43.781,-2.118,0.083,0.0,0,0,1,,1.0,2026-03-17T10:34:22.356335,neutral,0.941,2026-03-17T10:34:21.127948,0.690891402181298,2026-03-17T10:34:22,71,,,
participant_21,3,day,Town10HD_Opt,2026-03-17 10:34:23.332995,-110.5102310180664,9.729766845703123,0.0023487852886319,34.426,-5.773,0.0,0.0,0,0,1,,1.0,2026-03-17T10:34:23.332995,neutral,0.996,2026-03-17T10:34:23.332995,0.742331961872446,2026-03-17T10:34:23.170000,73,,,
participant_21,3,day,Town10HD_Opt,2026-03-17 10:34:24.233854,-109.3998794555664,14.968233108520508,0.002310981741175,26.718,-9.861,0.0,0.0,0,0,1,,1.0,2026-03-17T10:34:24.233854,neutral,0.996,2026-03-17T10:34:23.332995,0.6935039735777419,2026-03-17T10:34:23.983000,73,,,
participant_21,3,day,Town10HD_Opt,2026-03-17 10:34:25.116954,-107.67105102539062,18.6297607421875,0.0022671127226203,19.659,-11.318,0.0,0.0,0,0,1,,1.0,2026-03-17T10:34:25.116954,neutral,0.996,2026-03-17T10:34:23.332995,0.7569359544131803,2026-03-17T10:34:25.060000,71,,,
participant_21,3,day,Town10HD_Opt,2026-03-17 10:34:26.132761,-105.79155731201172,21.159103393554688,0.0019943618681281,18.911,-6.35,0.822,0.0,0,0,1,,1.0,2026-03-17T10:34:26.132761,neutral,0.78,2026-03-17T10:34:26.132761,0.6918311073978746,2026-03-17T10:34:26.050000,74,,,
participant_21,3,day,Town10HD_Opt,2026-03-17 10:34:27.104393,-103.20694732666016,23.95134162902832,0.0018148040398955,25.631,-6.509,0.355,0.0,0,0,1,,1.0,2026-03-17T10:34:27.104393,neutral,0.78,2026-03-17T10:34:26.132761,0.7417563380268548,2026-03-17T10:34:27.041000,74,,,
participant_21,3,day,Town10HD_Opt,2026-03-17 10:34:28.376998,-98.58800506591795,27.1010971069336,0.002261581365019,20.228,-18.274,0.0,0.048,0,0,1,,1.0,2026-03-17T10:34:28.376998,neutral,0.95,2026-03-17T10:34:28.376998,0.767305335312427,2026-03-17T10:34:27.986000,72,,,
participant_21,3,day,Town10HD_Opt,2026-03-17 10:34:29.088101,-96.68315887451172,27.67273330688477,0.0023987197782844,8.671,-12.92,0.0,0.12,0,0,1,,1.0,2026-03-17T10:34:29.088101,neutral,0.95,2026-03-17T10:34:28.376998,0.7132198999332494,2026-03-17T10:34:28.975000,74,,,
participant_21,3,day,Town10HD_Opt,2026-03-17 10:34:30.099532,-96.39871978759766,27.73311996459961,0.0020159911364316,0.024,-6.609,0.0,0.0,0,0,1,,1.0,2026-03-17T10:34:30.099532,neutral,0.95,2026-03-17T10:34:28.376998,0.7500188046673197,2026-03-17T10:34:30.055000,74,,,
participant_21,3,day,Town10HD_Opt,2026-03-17 10:34:31.346032,-96.39815521240234,27.73320960998535,0.001918182359077,0.138,-9.842,0.136,0.0,0,0,1,,1.0,2026-03-17T10:34:31.346032,neutral,0.957,2026-03-17T10:34:31.346032,0.6929832445707602,2026-03-17T10:34:31.045000,73,,,
participant_21,3,day,Town10HD_Opt,2026-03-17 10:34:32.321370,-96.33077239990234,27.7409896850586,0.0018422699067741,1.752,-11.827,0.293,0.0,0,0,1,,1.0,2026-03-17T10:34:32.321370,neutral,0.957,2026-03-17T10:34:31.346032,0.6730752147782947,2026-03-17T10:34:31.993000,79,,,
participant_21,3,day,Town10HD_Opt,2026-03-17 10:34:33.293559,-95.8106918334961,27.78276824951172,0.0018621062627062,3.992,-14.692,0.178,0.0,0,0,1,,1.0,2026-03-17T10:34:33.293559,neutral,0.957,2026-03-17T10:34:31.346032,0.7761252692767804,2026-03-17T10:34:33.026000,75,,,
participant_21,3,day,Town10HD_Opt,2026-03-17 10:34:34.225588,-95.0433578491211,27.804298400878903,0.0019198226509615,4.377,-10.571,0.0,0.0,0,0,1,,1.0,2026-03-17T10:34:34.225588,neutral,0.953,2026-03-17T10:34:34.225588,0.7929444249428841,2026-03-17T10:34:33.970000,75,,,
participant_21,3,day,Town10HD_Opt,2026-03-17 10:34:35.173801,-94.361083984375,27.83086585998535,0.00194980611559,3.375,-1.657,0.0,0.0,0,0,1,,1.0,2026-03-17T10:34:35.173801,neutral,0.953,2026-03-17T10:34:34.225588,0.7549660655840128,2026-03-17T10:34:34.960000,74,,,
participant_21,3,day,Town10HD_Opt,2026-03-17 10:34:36.130243,-93.83670806884766,27.8572940826416,0.0019438933813944,2.59,-4.162,0.0,0.0,0,0,1,,1.0,2026-03-17T10:34:36.130243,neutral,0.953,2026-03-17T10:34:34.225588,0.7441069926927487,2026-03-17T10:34:35.995000,74,,,
participant_21,3,day,Town10HD_Opt,2026-03-17 10:34:37.352559,-93.32176208496094,27.873544692993164,0.0019364166073501,1.821,-4.001,0.0,0.0,0,0,1,,1.0,2026-03-17T10:34:37.352559,neutral,1.0,2026-03-17T10:34:37.352559,0.7146136082642632,2026-03-17T10:34:37.075000,76,,,
participant_21,3,day,Town10HD_Opt,2026-03-17 10:34:38.318115,-93.03865814208984,27.88001251220703,0.0019324492895975,1.398,-4.011,0.0,0.0,0,0,1,,1.0,2026-03-17T10:34:38.318115,neutral,1.0,2026-03-17T10:34:37.352559,0.7049699919290318,2026-03-17T10:34:38.156000,78,,,
participant_21,3,day,Town10HD_Opt,2026-03-17 10:34:39.352159,-92.8213882446289,27.883695602416992,0.0019293593941256,1.073,-3.943,0.0,0.0,0,0,1,,1.0,2026-03-17T10:34:39.352159,neutral,1.0,2026-03-17T10:34:37.352559,0.7292996106392302,2026-03-17T10:34:39.011000,78,,,
participant_21,3,day,Town10HD_Opt,2026-03-17 10:34:40.326178,-92.65528869628906,27.8867301940918,0.0019308852497488,0.717,-2.642,0.103,0.0,0,0,1,,1.0,2026-03-17T10:34:40.326178,neutral,0.994,2026-03-17T10:34:40.326178,0.7435025164823486,2026-03-17T10:34:40.092000,78,,,
participant_21,3,day,Town10HD_Opt,2026-03-17 10:34:41.338683,-92.1551742553711,27.89859962463379,0.0015985870268195,8.345,-0.98,0.856,0.0,0,0,1,,1.0,2026-03-17T10:34:41.338683,neutral,0.994,2026-03-17T10:34:40.326178,0.6930187680082983,2026-03-17T10:34:40.990000,75,,,
participant_21,3,day,Town10HD_Opt,2026-03-17 10:34:42.357100,-89.66814422607422,27.95488739013672,0.0018820952391251,18.368,-1.008,0.412,0.0,0,0,1,,1.0,2026-03-17T10:34:42.357100,neutral,0.962,2026-03-17T10:34:42.357100,0.7672597881201311,2026-03-17T10:34:42.120000,79,,,
participant_21,3,day,Town10HD_Opt,2026-03-17 10:34:43.304637,-86.47209930419922,27.97361183166504,0.0018561935285106,17.469,-1.295,0.0,0.0,0,0,1,,1.0,2026-03-17T10:34:43.304637,neutral,0.962,2026-03-17T10:34:42.357100,0.7565324808687838,2026-03-17T10:34:43.106000,79,,,
participant_21,3,day,Town10HD_Opt,2026-03-17 10:34:44.236510,-83.737548828125,27.9432315826416,0.0020410155411809,13.488,0.188,0.0,0.0,0,0,1,,1.0,2026-03-17T10:34:44.236510,neutral,0.962,2026-03-17T10:34:42.357100,0.7136513738164258,2026-03-17T10:34:44.275000,76,,,
participant_21,3,day,Town10HD_Opt,2026-03-17 10:34:45.229347,-81.63555908203125,27.93996238708496,0.0020180509891361,10.362,1.034,0.0,0.0,0,0,1,,1.0,2026-03-17T10:34:45.229347,neutral,0.998,2026-03-17T10:34:45.229347,0.7062632944115036,2026-03-17T10:34:45.039000,77,,,
participant_21,3,day,Town10HD_Opt,2026-03-17 10:34:46.188158,-80.02142333984375,27.95696258544922,0.0019953155424445,7.956,1.022,0.0,0.0,0,0,1,,1.0,2026-03-17T10:34:46.188158,neutral,0.998,2026-03-17T10:34:45.229347,0.7603266167368853,2026-03-17T10:34:46.120000,76,,,
participant_21,3,day,Town10HD_Opt,2026-03-17 10:34:47.158013,-78.7822494506836,27.97962188720703,0.0019776534754782,6.108,0.888,0.0,0.0,0,0,1,,1.0,2026-03-17T10:34:47.158013,neutral,0.998,2026-03-17T10:34:45.229347,0.6776809194740555,2026-03-17T10:34:47.200000,78,,,
participant_21,3,day,Town10HD_Opt,2026-03-17 10:34:48.078781,-78.16515350341797,27.99277305603028,0.0021456908434629,0.0,0.893,0.0,0.016,0,0,1,,1.0,2026-03-17T10:34:48.078781,neutral,0.996,2026-03-17T10:34:48.078781,0.7312105108966929,2026-03-17T10:34:48.416000,78,,,
participant_21,3,day,Town10HD_Opt,2026-03-17 10:34:49.314144,-78.16398620605469,27.99280548095703,0.001922111492604,0.004,0.898,0.0,0.0,0,0,1,,1.0,2026-03-17T10:34:49.314144,neutral,0.996,2026-03-17T10:34:48.078781,0.6893002242557752,2026-03-17T10:34:49,77,,,
participant_21,3,day,Town10HD_Opt,2026-03-17 10:34:50.305500,-78.16368103027344,27.992807388305664,0.001919288537465,0.001,0.592,0.0,0.0,0,0,1,,1.0,2026-03-17T10:34:50.305500,neutral,0.998,2026-03-17T10:34:50.305500,0.7070157107379405,2026-03-17T10:34:50.007000,76,,,
participant_21,3,day,Town10HD_Opt,2026-03-17 10:34:51.216009,-78.16364288330078,27.992807388305664,0.0019188689766451,0.006,0.583,0.0,0.0,0,0,1,,1.0,2026-03-17T10:34:51.216009,neutral,0.998,2026-03-17T10:34:50.305500,0.7319677878367525,2026-03-17T10:34:50.981000,74,,,
participant_21,3,day,Town10HD_Opt,2026-03-17 10:34:52.101663,-78.16368103027344,27.992807388305664,0.001918678288348,0.006,0.583,0.0,0.0,0,0,1,,1.0,2026-03-17T10:34:52.101663,neutral,0.998,2026-03-17T10:34:50.305500,0.7516062736626207,2026-03-17T10:34:52.016000,78,,,
participant_21,3,day,Town10HD_Opt,2026-03-17 10:34:53.065890,-78.16358947753906,27.992807388305664,0.0019189834129065,0.002,0.583,0.0,0.0,0,0,1,,1.0,2026-03-17T10:34:53.065890,neutral,0.995,2026-03-17T10:34:53.065890,0.7455583666185553,2026-03-17T10:34:52.961000,79,,,
participant_21,4,day,Town10HD_Opt,2026-03-17 10:45:00.000000,-41.66858673095703,89.7454833984375,0.580491840839386,13.267,0.162,0.454,0.0,0,0,1,,1.0,2026-03-17T10:45:00,,,2026-03-17T10:45:00,0.6929435920649817,2026-03-17T10:45:00,71,,,
participant_21,4,day,Town10HD_Opt,2026-03-17 10:45:04.648026,-41.66844177246094,87.30255889892578,0.0017222594469785,13.545,0.162,0.453,0.0,0,0,1,,1.0,2026-03-17T10:45:04.648026,,,2026-03-17T10:45:04.648026,0.7173278301264856,2026-03-17T10:45:05.045000,71,,,
participant_21,4,day,Town10HD_Opt,2026-03-17 10:45:05.308867,-41.66496658325195,85.55445861816406,0.0017944335704669,16.261,0.162,0.38,0.0,0,0,1,,0.95,2026-03-17T10:45:05.308867,,,2026-03-17T10:45:04.648026,0.7281302457879811,2026-03-17T10:45:06.030000,74,,,
participant_21,4,day,Town10HD_Opt,2026-03-17 10:45:06.078501,-41.65789031982422,83.56787872314453,0.0018307113787159,17.859,0.162,0.368,0.0,0,0,1,,0.929,2026-03-17T10:45:06.078501,,,2026-03-17T10:45:04.648026,0.7293207538406925,2026-03-17T10:45:06.030000,73,,,
participant_21,4,day,Town10HD_Opt,2026-03-17 10:45:07.057399,-41.53264617919922,80.40452575683594,0.0020590210333466,18.081,8.027,0.363,0.0,0,0,1,,0.906,2026-03-17T10:45:07.057399,neutral,0.504,2026-03-17T10:45:07.057399,0.7069481889857857,2026-03-17T10:45:07.066000,76,,,
participant_21,4,day,Town10HD_Opt,2026-03-17 10:45:08.070556,-40.86597442626953,77.26827239990234,0.0020308685488998,18.837,14.714,0.364,0.0,0,0,1,,1.0,2026-03-17T10:45:08.070556,neutral,0.504,2026-03-17T10:45:07.057399,0.7730912110071604,2026-03-17T10:45:08.011000,75,,,
participant_21,4,day,Town10HD_Opt,2026-03-17 10:45:09.063920,-39.34777069091797,74.29772186279297,0.0020394516177475,19.689,19.007,0.373,0.0,0,0,1,,0.82,2026-03-17T10:45:09.063920,happy,0.904,2026-03-17T10:45:09.063920,0.7238523869883832,2026-03-17T10:45:09.003000,75,,,
participant_21,4,day,Town10HD_Opt,2026-03-17 10:45:10.111556,-36.879539489746094,71.84642791748047,0.0020428085699677,20.501,18.755,0.373,0.0,0,0,1,,0.857,2026-03-17T10:45:10.111556,happy,0.904,2026-03-17T10:45:09.063920,0.7436561085267535,2026-03-17T10:45:10.038000,73,,,
participant_21,4,day,Town10HD_Opt,2026-03-17 10:45:11.151665,-33.62839889526367,70.25397491455078,0.0020463943947106,21.31,17.923,0.373,0.0,0,0,1,,0.832,2026-03-17T10:45:11.151665,happy,0.64,2026-03-17T10:45:11.151665,0.7482882386013446,2026-03-17T10:45:12.015000,77,,,
participant_21,4,day,Town10HD_Opt,2026-03-17 10:45:12.243964,-29.9050407409668,69.71134185791016,0.0020326995290815,22.101,9.744,0.373,0.0,0,0,1,,1.0,2026-03-17T10:45:12.243964,happy,0.64,2026-03-17T10:45:11.151665,0.781768330483652,2026-03-17T10:45:13.007000,79,,,
participant_21,4,day,Town10HD_Opt,2026-03-17 10:45:13.238832,-25.970359802246094,69.6744384765625,0.0020187757909297,22.918,-2.066,0.373,0.0,0,0,1,,1.0,2026-03-17T10:45:13.238832,happy,0.59,2026-03-17T10:45:13.238832,0.7635296120528023,2026-03-17T10:45:14.041000,79,,,
participant_21,4,day,Town10HD_Opt,2026-03-17 10:45:14.198211,-21.904874801635746,69.57644653320312,0.0020211790688335,23.576,1.695,0.373,0.0,0,0,1,,1.0,2026-03-17T10:45:14.198211,happy,0.59,2026-03-17T10:45:13.238832,0.725657631146545,2026-03-17T10:45:15.030000,81,,,
participant_21,4,day,Town10HD_Opt,2026-03-17 10:45:15.159957,-17.722917556762695,69.59081268310547,0.0020233152899891,24.231,0.719,0.373,0.0,0,0,1,,1.0,2026-03-17T10:45:15.159957,happy,0.59,2026-03-17T10:45:13.238832,0.8048326880254882,2026-03-17T10:45:16.021000,80,,,
participant_21,4,day,Town10HD_Opt,2026-03-17 10:45:16.130431,-13.43912124633789,69.67431640625,0.0020256424322724,24.779,0.484,0.373,0.0,0,0,1,,1.0,2026-03-17T10:45:16.130431,happy,0.622,2026-03-17T10:45:16.130431,0.7161727540432505,2026-03-17T10:45:16.021000,82,,,
participant_21,4,day,Town10HD_Opt,2026-03-17 10:45:17.154867,-9.065034866333008,69.78616333007812,0.0020275115966796,25.265,-0.179,0.373,0.0,0,0,1,,1.0,2026-03-17T10:45:17.154867,happy,0.622,2026-03-17T10:45:16.130431,0.7286159822458338,2026-03-17T10:45:18,84,,,
participant_21,4,day,Town10HD_Opt,2026-03-17 10:45:18.120126,-4.610107421875,69.88687896728516,0.002029457129538,25.695,-0.369,0.373,0.0,0,0,1,,1.0,2026-03-17T10:45:18.120126,happy,0.622,2026-03-17T10:45:16.130431,0.7520740592202394,2026-03-17T10:45:18,83,,,
participant_21,4,day,Town10HD_Opt,2026-03-17 10:45:19.134939,-0.0834678038954734,69.95936584472656,0.002031059237197,26.074,-0.369,0.373,0.0,0,0,1,,1.0,2026-03-17T10:45:19.134939,neutral,0.566,2026-03-17T10:45:19.134939,0.6792195720150809,2026-03-17T10:45:19.036000,82,,,
participant_21,4,day,Town10HD_Opt,2026-03-17 10:45:20.064004,4.506204128265381,70.00367736816406,0.0020325088407844,26.408,-0.059,0.373,0.0,0,0,1,,1.0,2026-03-17T10:45:20.064004,neutral,0.566,2026-03-17T10:45:19.134939,0.7344149306043408,2026-03-17T10:45:20.027000,86,,,
participant_21,4,day,Town10HD_Opt,2026-03-17 10:45:21.053781,9.121014595031738,70.0340576171875,0.0021020506974309,25.565,-0.298,0.0,0.0,0,0,1,,1.0,2026-03-17T10:45:21.053781,neutral,0.566,2026-03-17T10:45:19.134939,0.7299743261887662,2026-03-17T10:45:21.106000,81,,,
participant_21,4,day,Town10HD_Opt,2026-03-17 10:45:22.040237,13.068391799926758,70.03387451171875,0.002237434266135,19.553,-0.27,0.0,0.0,0,0,1,,1.0,2026-03-17T10:45:22.040237,neutral,0.507,2026-03-17T10:45:22.040237,0.7160049275718123,2026-03-17T10:45:22.006000,80,,,
participant_21,4,day,Town10HD_Opt,2026-03-17 10:45:23.067708,16.074459075927734,70.02462005615234,0.0020332718268036,15.126,0.002,0.0,0.0,0,0,1,,1.0,2026-03-17T10:45:23.067708,neutral,0.507,2026-03-17T10:45:22.040237,0.6895412530557973,2026-03-17T10:45:23.041000,77,,,
participant_21,4,day,Town10HD_Opt,2026-03-17 10:45:24.032083,18.40252494812012,70.01727294921875,0.0020085524301975,11.849,-0.04,0.113,0.0,0,0,1,,1.0,2026-03-17T10:45:24.032083,neutral,0.507,2026-03-17T10:45:22.040237,0.711885772871384,2026-03-17T10:45:24.031000,78,,,
participant_21,4,day,Town10HD_Opt,2026-03-17 10:45:25.009046,20.364177703857425,70.01016998291016,0.0019654463976621,10.449,-0.028,0.095,0.0,0,0,1,,1.0,2026-03-17T10:45:25.009046,neutral,0.623,2026-03-17T10:45:25.009046,0.7418586510867144,2026-03-17T10:45:25.020000,77,,,
participant_21,4,day,Town10HD_Opt,2026-03-17 10:45:26.247542,22.62664794921875,70.00133514404297,0.0019552230369299,8.891,-0.026,0.094,0.0,0,0,1,,1.0,2026-03-17T10:45:26.247542,neutral,0.623,2026-03-17T10:45:25.009046,0.7202450518055394,2026-03-17T10:45:27.001000,76,,,
participant_21,4,day,Town10HD_Opt,2026-03-17 10:45:27.181625,24.072378158569336,69.99533081054688,0.0019792555831372,7.26,-0.026,0.0,0.0,0,0,1,,0.851,2026-03-17T10:45:27.181625,neutral,0.819,2026-03-17T10:45:27.181625,0.7755734411538711,2026-03-17T10:45:28.036000,76,,,
participant_21,4,day,Town10HD_Opt,2026-03-17 10:45:28.157092,25.087289810180664,69.99101257324219,0.0023573683574795,0.0,-0.026,0.0,0.154,0,0,1,,1.0,2026-03-17T10:45:28.157092,neutral,0.819,2026-03-17T10:45:27.181625,0.6913822306916532,2026-03-17T10:45:28.036000,78,,,
participant_21,4,day,Town10HD_Opt,2026-03-17 10:45:29.146700,25.08979225158692,69.99101257324219,0.0019379042787477,0.075,-0.026,0.354,0.0,0,0,1,,0.854,2026-03-17T10:45:29.146700,neutral,0.819,2026-03-17T10:45:27.181625,0.732339298840494,2026-03-17T10:45:29.026000,76,,,
participant_21,4,day,Town10HD_Opt,2026-03-17 10:45:30.069347,25.48345184326172,69.98925018310547,0.0017773436848074,4.637,-0.026,0.113,0.0,0,0,1,,1.0,2026-03-17T10:45:30.069347,neutral,0.847,2026-03-17T10:45:30.069347,0.6912685243406758,2026-03-17T10:45:30.016000,75,,,
participant_21,4,day,Town10HD_Opt,2026-03-17 10:45:31.263206,26.11177635192871,69.98603057861328,0.002017326420173,0.0,-0.026,0.0,0.018,0,0,1,,1.0,2026-03-17T10:45:31.263206,neutral,0.847,2026-03-17T10:45:30.069347,0.7603281084257344,2026-03-17T10:45:32.042000,73,,,
participant_21,4,day,Town10HD_Opt,2026-03-17 10:45:32.231462,26.15177345275879,69.98588562011719,0.0018389510223641,1.633,-0.026,0.307,0.0,0,0,1,,1.0,2026-03-17T10:45:32.231462,neutral,0.804,2026-03-17T10:45:32.231462,0.7297267793973325,2026-03-17T10:45:33.031000,76,,,
participant_21,4,day,Town10HD_Opt,2026-03-17 10:45:33.217454,26.59025764465332,69.98342895507812,0.0019144057296216,2.627,-0.026,0.0,0.0,0,0,1,,1.0,2026-03-17T10:45:33.217454,neutral,0.804,2026-03-17T10:45:32.231462,0.7750185442093955,2026-03-17T10:45:34.022000,76,,,
participant_21,4,day,Town10HD_Opt,2026-03-17 10:45:34.213375,26.67458724975586,69.98298645019531,0.0018628310644999,1.735,-0.026,0.761,0.0,0,0,1,,0.837,2026-03-17T10:45:34.213375,neutral,0.804,2026-03-17T10:45:32.231462,0.8542133612032794,2026-03-17T10:45:35.011000,73,,,
participant_21,4,day,Town10HD_Opt,2026-03-17 10:45:35.180097,27.91519546508789,69.97590637207031,0.0015478134155273,13.292,-0.738,0.593,0.0,0,0,1,,0.831,2026-03-17T10:45:35.180097,neutral,0.827,2026-03-17T10:45:35.180097,0.7910284608716284,2026-03-17T10:45:35.011000,75,,,
participant_21,4,day,Town10HD_Opt,2026-03-17 10:45:36.137107,30.61351585388184,69.85220336914062,0.0018341445829719,16.739,-6.843,0.267,0.0,0,0,1,,0.881,2026-03-17T10:45:36.137107,neutral,0.827,2026-03-17T10:45:35.180097,0.7383862063651334,2026-03-17T10:45:36.047000,72,,,
participant_21,4,day,Town10HD_Opt,2026-03-17 10:45:37.089941,33.37197494506836,69.38400268554688,0.0020030213054269,14.637,-9.928,0.075,0.0,0,0,1,,0.817,2026-03-17T10:45:37.089941,neutral,0.827,2026-03-17T10:45:35.180097,0.8080360547125179,2026-03-17T10:45:37.036000,78,,,
participant_21,4,day,Town10HD_Opt,2026-03-17 10:45:38.031862,35.630149841308594,68.66358947753906,0.0019940948113799,12.288,-10.728,0.093,0.0,0,0,1,,0.867,2026-03-17T10:45:38.031862,neutral,0.84,2026-03-17T10:45:38.031862,0.7590323242538243,2026-03-17T10:45:38.028000,72,,,
participant_21,4,day,Town10HD_Opt,2026-03-17 10:45:39.011959,37.51331329345703,67.78105926513672,0.0019303893204778,11.79,-10.956,0.239,0.0,0,0,1,,0.804,2026-03-17T10:45:39.011959,neutral,0.84,2026-03-17T10:45:38.031862,0.8464878888140227,2026-03-17T10:45:39.044000,72,,,
participant_21,4,day,Town10HD_Opt,2026-03-17 10:45:40.221520,40.03223037719727,66.11346435546875,0.0018381117843091,14.795,-11.902,0.362,0.0,0,0,1,,0.852,2026-03-17T10:45:40.221520,neutral,0.55,2026-03-17T10:45:40.221520,0.7434795055271776,2026-03-17T10:45:41.040000,74,,,
participant_21,4,day,Town10HD_Opt,2026-03-17 10:45:41.143847,42.02064895629883,64.17657470703125,0.0018532943213358,17.189,-13.382,0.356,0.0,0,0,1,,0.903,2026-03-17T10:45:41.143847,neutral,0.55,2026-03-17T10:45:40.221520,0.8124009216743301,2026-03-17T10:45:41.040000,77,,,
participant_21,4,day,Town10HD_Opt,2026-03-17 10:45:42.055105,43.78964614868164,61.60346221923828,0.0020996092353016,18.117,-13.231,0.349,0.0,0,0,1,,0.866,2026-03-17T10:45:42.055105,neutral,0.55,2026-03-17T10:45:40.221520,0.8427853046045105,2026-03-17T10:45:42.034000,76,,,
participant_21,4,day,Town10HD_Opt,2026-03-17 10:45:43.276715,45.28544998168945,57.64598846435547,0.0020388411357998,18.147,-13.363,0.238,0.0,0,0,1,,0.858,2026-03-17T10:45:43.276715,neutral,0.718,2026-03-17T10:45:43.276715,0.7320470155299506,2026-03-17T10:45:44.011000,75,,,
participant_21,4,day,Town10HD_Opt,2026-03-17 10:45:44.233433,45.62290573120117,54.50947952270508,0.0018573760753497,18.051,-13.37,0.238,0.0,0,0,1,,0.851,2026-03-17T10:45:44.233433,neutral,0.718,2026-03-17T10:45:43.276715,0.6583965702473452,2026-03-17T10:45:45.001000,75,,,
participant_21,4,day,Town10HD_Opt,2026-03-17 10:45:45.225931,45.31609344482422,51.40194320678711,0.0019338988931849,17.768,-9.057,0.24,0.0,0,0,1,,0.855,2026-03-17T10:45:45.225931,neutral,0.718,2026-03-17T10:45:43.276715,0.627935368356973,2026-03-17T10:45:46.080000,77,,,
participant_21,4,day,Town10HD_Opt,2026-03-17 10:45:46.218871,44.78596115112305,48.36332321166992,0.0019539259374141,16.926,2.271,0.0,0.0,0,0,1,,0.894,2026-03-17T10:45:46.218871,neutral,0.752,2026-03-17T10:45:46.218871,0.6238268380191865,2026-03-17T10:45:47.027000,77,,,
participant_21,4,day,Town10HD_Opt,2026-03-17 10:45:47.146968,44.46484375,45.73377227783203,0.0020408248528838,12.879,3.547,0.0,0.0,0,0,1,,0.901,2026-03-17T10:45:47.146968,neutral,0.752,2026-03-17T10:45:46.218871,0.6261677346126596,2026-03-17T10:45:47.027000,76,,,
participant_21,4,day,Town10HD_Opt,2026-03-17 10:45:48.131254,44.31382751464844,43.70305633544922,0.0020153808873146,10.041,3.547,0.0,0.0,0,0,1,,0.89,2026-03-17T10:45:48.131254,neutral,0.752,2026-03-17T10:45:46.218871,0.6020537654277271,2026-03-17T10:45:48.016000,75,,,
participant_21,4,day,Town10HD_Opt,2026-03-17 10:45:49.070014,44.25316619873047,42.14031219482422,0.0019931411370635,7.71,3.497,0.0,0.0,0,0,1,,0.887,2026-03-17T10:45:49.070014,neutral,0.843,2026-03-17T10:45:49.070014,0.6267614608349119,2026-03-17T10:45:49.141000,77,Solid line crossing,Solid line crossing,
participant_21,4,day,Town10HD_Opt,2026-03-17 10:45:49.991824,44.23916244506836,40.95841598510742,0.0020017242059111,5.415,3.488,0.0,0.028,0,0,1,,0.892,2026-03-17T10:45:49.991824,neutral,0.843,2026-03-17T10:45:49.070014,0.5405438203530116,2026-03-17T10:45:50.041000,77,,,
participant_21,4,day,Town10HD_Opt,2026-03-17 10:45:51.257066,44.23935317993164,40.763427734375,0.0018490981310606,1.873,3.464,0.708,0.0,0,0,1,,0.896,2026-03-17T10:45:51.257066,neutral,0.458,2026-03-17T10:45:51.257066,0.5198501899546752,2026-03-17T10:45:52.021000,76,,,
participant_21,4,day,Town10HD_Opt,2026-03-17 10:45:52.230736,44.27647399902344,39.54034423828125,0.0015184402000159,13.732,6.116,0.764,0.0,0,0,1,,1.0,2026-03-17T10:45:52.230736,neutral,0.458,2026-03-17T10:45:51.257066,0.535821728914057,2026-03-17T10:45:53.012000,75,,,
participant_21,4,day,Town10HD_Opt,2026-03-17 10:45:53.231936,44.74138259887695,36.61169052124024,0.0020431517623364,18.567,16.285,0.179,0.0,0,0,1,,1.0,2026-03-17T10:45:53.231936,neutral,0.458,2026-03-17T10:45:51.257066,0.5339456364074411,2026-03-17T10:45:54.001000,76,,,
participant_21,4,day,Town10HD_Opt,2026-03-17 10:45:54.162833,46.01116943359375,33.76896667480469,0.0019599914085119,17.018,17.416,0.129,0.0,0,0,1,,1.0,2026-03-17T10:45:54.162833,neutral,0.749,2026-03-17T10:45:54.162833,0.4394478764134444,2026-03-17T10:45:54.001000,76,,,
participant_21,4,day,Town10HD_Opt,2026-03-17 10:45:55.060982,47.70785903930664,31.66877555847168,0.0020542906131595,13.476,16.791,0.032,0.0,0,0,1,,1.0,2026-03-17T10:45:55.060982,neutral,0.749,2026-03-17T10:45:54.162833,0.5191968395117976,2026-03-17T10:45:55.036000,75,,,
participant_21,4,day,Town10HD_Opt,2026-03-17 10:45:56.029002,49.534423828125,30.19536590576172,0.0019420622847974,13.419,15.62,0.105,0.0,0,0,1,,1.0,2026-03-17T10:45:56.029002,neutral,0.749,2026-03-17T10:45:54.162833,0.4345004575586114,2026-03-17T10:45:56.035000,73,,,
participant_21,4,day,Town10HD_Opt,2026-03-17 10:45:57.179033,52.03192901611328,28.916793823242188,0.0020154190715402,10.244,16.357,0.0,0.0,0,0,1,,1.0,2026-03-17T10:45:57.179033,neutral,0.474,2026-03-17T10:45:57.179033,0.4417037788292592,2026-03-17T10:45:58.006000,73,,,
participant_21,4,day,Town10HD_Opt,2026-03-17 10:45:58.128118,53.54706573486328,28.53329086303711,0.002032661344856,7.194,20.634,0.0,0.241,0,0,1,,1.0,2026-03-17T10:45:58.128118,neutral,0.474,2026-03-17T10:45:57.179033,0.449578852291259,2026-03-17T10:45:58.006000,74,,,
participant_21,4,day,Town10HD_Opt,2026-03-17 10:45:59.043243,53.94894409179688,28.47827339172364,0.0020221327431499,0.0,18.666,0.0,0.362,0,0,1,,1.0,2026-03-17T10:45:59.043243,neutral,0.474,2026-03-17T10:45:57.179033,0.464826861807838,2026-03-17T10:45:59.045000,75,,,
participant_21,4,day,Town10HD_Opt,2026-03-17 10:46:00.239217,53.94522476196289,28.479127883911133,0.0019233322236686,0.085,1.156,0.711,0.0,0,1,-1,,1.0,2026-03-17T10:46:00.239217,fear,0.401,2026-03-17T10:46:00.239217,0.3429817057260023,2026-03-17T10:46:01.021000,77,,,
participant_21,4,day,Town10HD_Opt,2026-03-17 10:46:01.117089,53.08587646484375,28.69868850708008,0.0023127363529056,11.882,1.3,0.767,0.0,0,1,-1,,1.0,2026-03-17T10:46:01.117089,fear,0.401,2026-03-17T10:46:00.239217,0.3350217089380464,2026-03-17T10:46:01.021000,75,,,
participant_21,4,day,Town10HD_Opt,2026-03-17 10:46:02.047955,50.91567611694336,29.255958557128903,0.0017535781953483,10.003,7.539,0.128,0.0,0,1,-1,,1.0,2026-03-17T10:46:02.047955,fear,0.401,2026-03-17T10:46:00.239217,0.3192994983485504,2026-03-17T10:46:02.011000,75,,,
participant_21,4,day,Town10HD_Opt,2026-03-17 10:46:02.991521,49.68671798706055,29.590192794799805,0.0017913817428052,5.248,9.583,0.433,0.0,0,1,-1,,1.0,2026-03-17T10:46:02.991521,neutral,0.773,2026-03-17T10:46:02.991521,0.3396153942209626,2026-03-17T10:46:03.001000,76,,,
participant_21,4,day,Town10HD_Opt,2026-03-17 10:46:04.272443,48.07093048095703,30.13591957092285,0.0020949936006218,10.995,11.474,0.603,0.0,0,1,-1,,1.0,2026-03-17T10:46:04.272443,neutral,0.773,2026-03-17T10:46:02.991521,0.3712452153018403,2026-03-17T10:46:04.084000,76,,,
participant_21,4,day,Town10HD_Opt,2026-03-17 10:46:05.227949,46.08843231201172,31.06600952148437,0.002011566190049,13.937,11.564,0.571,0.0,0,1,-1,,0.883,2026-03-17T10:46:05.227949,neutral,0.668,2026-03-17T10:46:05.227949,0.340641089898865,2026-03-17T10:46:06.016000,74,,,
participant_21,4,day,Town10HD_Opt,2026-03-17 10:46:06.178871,44.06234359741211,32.38180160522461,0.0018888473277911,13.178,11.501,0.428,0.0,0,1,-1,,0.887,2026-03-17T10:46:06.178871,neutral,0.668,2026-03-17T10:46:05.227949,0.3633136035578569,2026-03-17T10:46:07.007000,74,,,
participant_21,4,day,Town10HD_Opt,2026-03-17 10:46:07.144488,42.60739135742188,33.63543701171875,0.0016707992181181,6.767,9.693,0.0,0.533,0,1,-1,,0.847,2026-03-17T10:46:07.144488,neutral,0.668,2026-03-17T10:46:05.227949,0.3014640503057133,2026-03-17T10:46:07.996000,76,,,
participant_21,4,day,Town10HD_Opt,2026-03-17 10:46:08.054390,42.475399017333984,33.76496124267578,0.0018446350004523,0.0,9.523,0.0,0.702,0,0,1,,1.0,2026-03-17T10:46:08.054390,neutral,0.554,2026-03-17T10:46:08.054390,0.3080398389863247,2026-03-17T10:46:07.996000,76,,,
participant_21,4,day,Town10HD_Opt,2026-03-17 10:46:08.994057,42.5323486328125,33.672691345214844,0.0017800140194594,3.045,-31.821,0.672,0.0,0,0,1,,0.832,2026-03-17T10:46:08.994057,neutral,0.554,2026-03-17T10:46:08.054390,0.3799498977702807,2026-03-17T10:46:09.032000,77,,,
participant_21,4,day,Town10HD_Opt,2026-03-17 10:46:10.245781,42.75786972045898,31.81084442138672,0.0018436813261359,13.259,-60.744,0.415,0.0,0,0,1,,1.0,2026-03-17T10:46:10.245781,neutral,0.578,2026-03-17T10:46:10.245781,0.4081639297463207,2026-03-17T10:46:11.057000,79,,,
participant_21,4,day,Town10HD_Opt,2026-03-17 10:46:11.167147,41.55792236328125,29.77193832397461,0.0019069671398028,14.097,-50.2,0.0,0.0,0,0,1,,1.0,2026-03-17T10:46:11.167147,neutral,0.578,2026-03-17T10:46:10.245781,0.2735881283005512,2026-03-17T10:46:12.001000,76,,,
participant_21,4,day,Town10HD_Opt,2026-03-17 10:46:12.104125,39.72515106201172,28.81632804870605,0.0021424484439194,10.594,-60.428,0.0,0.0,0,0,1,,1.0,2026-03-17T10:46:12.104125,neutral,0.578,2026-03-17T10:46:10.245781,0.3480568030718255,2026-03-17T10:46:12.001000,78,,,
participant_21,4,day,Town10HD_Opt,2026-03-17 10:46:13.259715,38.61143112182617,28.88657569885254,0.0024074935354292,0.002,-3.198,0.0,0.327,0,0,1,,1.0,2026-03-17T10:46:13.259715,neutral,0.46,2026-03-17T10:46:13.259715,0.2880340304216773,2026-03-17T10:46:14.072000,73,,,
participant_21,4,day,Town10HD_Opt,2026-03-17 10:46:14.200515,38.61326217651367,28.88739967346192,0.0019408034859225,0.165,6.3,0.643,0.0,0,1,-1,,0.889,2026-03-17T10:46:14.200515,neutral,0.46,2026-03-17T10:46:13.259715,0.2712888373878228,2026-03-17T10:46:15.016000,76,,,
participant_21,4,day,Town10HD_Opt,2026-03-17 10:46:15.145245,39.19271469116211,29.07512855529785,0.0021920776925981,7.865,24.555,0.731,0.0,0,1,-1,,1.0,2026-03-17T10:46:15.145245,neutral,0.46,2026-03-17T10:46:13.259715,0.3292531210856935,2026-03-17T10:46:15.016000,78,,,
participant_21,4,day,Town10HD_Opt,2026-03-17 10:46:16.171669,40.88820266723633,29.424713134765625,0.0018465041648596,8.476,25.893,0.198,0.0,0,1,-1,,1.0,2026-03-17T10:46:16.171669,neutral,0.345,2026-03-17T10:46:16.171669,0.348524922971717,2026-03-17T10:46:16.051000,80,,,
participant_21,4,day,Town10HD_Opt,2026-03-17 10:46:17.136756,42.00349044799805,29.439165115356445,0.0018011474749073,4.323,25.778,0.19,0.0,0,1,-1,,1.0,2026-03-17T10:46:17.136756,neutral,0.345,2026-03-17T10:46:16.171669,0.3396487588231785,2026-03-17T10:46:17.041000,77,,,
participant_21,4,day,Town10HD_Opt,2026-03-17 10:46:18.098252,42.70827865600586,29.357128143310547,0.0020027922000736,5.39,25.068,0.234,0.0,0,1,-1,,1.0,2026-03-17T10:46:18.098252,neutral,0.345,2026-03-17T10:46:16.171669,0.3289072064816829,2026-03-17T10:46:18.031000,80,,,
participant_21,4,day,Town10HD_Opt,2026-03-17 10:46:19.151971,43.51495361328125,29.10714340209961,0.0018132781842723,0.627,1.777,0.0,0.122,0,1,-1,,0.831,2026-03-17T10:46:19.151971,sad,0.433,2026-03-17T10:46:19.151971,0.296835523227317,2026-03-17T10:46:20.012000,80,,,
participant_21,4,day,Town10HD_Opt,2026-03-17 10:46:20.138898,43.53131866455078,29.100475311279297,0.001894035260193,0.121,-1.445,0.0,0.0,0,0,1,,0.812,2026-03-17T10:46:20.138898,sad,0.433,2026-03-17T10:46:19.151971,0.3757650010861988,2026-03-17T10:46:20.012000,82,,,
participant_21,4,day,Town10HD_Opt,2026-03-17 10:46:21.119780,43.488040924072266,29.126508712768555,0.0018695830367505,1.154,-25.741,0.263,0.0,0,0,1,,1.0,2026-03-17T10:46:21.119780,sad,0.433,2026-03-17T10:46:19.151971,0.2828318582878449,2026-03-17T10:46:21.046000,83,,,
participant_21,4,day,Town10HD_Opt,2026-03-17 10:46:22.135769,43.09703826904297,29.43838119506836,0.0017864989349618,5.334,-32.262,0.504,0.0,0,0,1,,1.0,2026-03-17T10:46:22.135769,neutral,0.614,2026-03-17T10:46:22.135769,0.3327686518989911,2026-03-17T10:46:22.039000,79,,,
participant_21,4,day,Town10HD_Opt,2026-03-17 10:46:23.064210,42.12147521972656,30.530696868896484,0.0017151641659438,12.421,-32.442,0.553,0.0,0,0,1,,1.0,2026-03-17T10:46:23.064210,neutral,0.614,2026-03-17T10:46:22.135769,0.3210980601917094,2026-03-17T10:46:23.076000,81,,,
participant_21,4,day,Town10HD_Opt,2026-03-17 10:46:24.057805,41.01483917236328,32.86758804321289,0.0018250655848532,17.163,-26.563,0.352,0.0,0,0,1,,1.0,2026-03-17T10:46:24.057805,neutral,0.614,2026-03-17T10:46:22.135769,0.2779649974439107,2026-03-17T10:46:24.016000,80,,,
participant_21,4,day,Town10HD_Opt,2026-03-17 10:46:25.278758,40.21607208251953,36.96818923950195,0.0020336532033979,18.059,-4.619,0.289,0.0,0,0,1,,0.879,2026-03-17T10:46:25.278758,neutral,0.727,2026-03-17T10:46:25.278758,0.3357466776447974,2026-03-17T10:46:26.041000,78,,,
participant_21,4,day,Town10HD_Opt,2026-03-17 10:46:26.184930,39.92595672607422,40.15159225463867,0.0020326231606304,18.739,-8.88,0.342,0.0,0,0,1,,1.0,2026-03-17T10:46:26.184930,neutral,0.727,2026-03-17T10:46:25.278758,0.3262441626134655,2026-03-17T10:46:27.031000,82,,,
participant_21,4,day,Town10HD_Opt,2026-03-17 10:46:27.113320,39.94063949584961,43.42142868041992,0.0020563888829201,18.585,-1.356,0.271,0.0,0,0,1,,1.0,2026-03-17T10:46:27.113320,neutral,0.727,2026-03-17T10:46:25.278758,0.4354574672981152,2026-03-17T10:46:27.031000,85,,,
participant_21,4,day,Town10HD_Opt,2026-03-17 10:46:28.281727,39.98479843139648,47.54253005981445,0.0020014189649373,15.529,-2.864,0.0,0.0,0,0,1,,0.82,2026-03-17T10:46:28.281727,sad,0.344,2026-03-17T10:46:28.281727,0.2962799889541178,2026-03-17T10:46:29.011000,81,,,
participant_21,4,day,Town10HD_Opt,2026-03-17 10:46:29.180573,40.09257888793945,49.92140579223633,0.0020671081729233,11.113,0.576,0.0,0.219,0,0,1,,1.0,2026-03-17T10:46:29.180573,sad,0.344,2026-03-17T10:46:28.281727,0.386026485674618,2026-03-17T10:46:29.011000,81,Vehicle collision,Vehicle collision,
participant_21,4,day,Town10HD_Opt,2026-03-17 10:46:30.089849,40.14101409912109,51.48887252807617,0.0020616149995476,6.568,0.853,0.0,0.206,0,0,1,,1.0,2026-03-17T10:46:30.089849,sad,0.344,2026-03-17T10:46:28.281727,0.3346758221790915,2026-03-17T10:46:30.047000,78,,,
participant_21,4,day,Town10HD_Opt,2026-03-17 10:46:31.251427,40.15234375,51.913230895996094,0.0019620133098214,0.007,0.79,0.0,0.0,0,0,1,,0.814,2026-03-17T10:46:31.251427,neutral,0.698,2026-03-17T10:46:31.251427,0.2968438424275205,2026-03-17T10:46:32.027000,78,,,
participant_21,4,day,Town10HD_Opt,2026-03-17 10:46:32.119464,40.15530776977539,52.0434799194336,0.0019883727654814,0.0,0.78,0.0,0.076,0,0,1,,0.841,2026-03-17T10:46:32.119464,neutral,0.698,2026-03-17T10:46:31.251427,0.3669341354832794,2026-03-17T10:46:32.027000,76,,,
participant_21,4,day,Town10HD_Opt,2026-03-17 10:46:33.014787,40.15695190429688,52.10033416748047,0.0017791747814044,2.343,0.508,0.827,0.0,0,0,1,,1.0,2026-03-17T10:46:33.014787,neutral,0.698,2026-03-17T10:46:31.251427,0.3297398522314146,2026-03-17T10:46:33.016000,78,,,
participant_21,4,day,Town10HD_Opt,2026-03-17 10:46:34.200756,40.24495697021485,54.64435958862305,0.0017243194160982,18.953,-3.921,0.639,0.0,0,0,1,,0.869,2026-03-17T10:46:34.200756,neutral,0.619,2026-03-17T10:46:34.200756,0.2763483293806729,2026-03-17T10:46:35.041000,80,,,
participant_21,4,day,Town10HD_Opt,2026-03-17 10:46:35.078870,40.78671646118164,58.252079010009766,0.001857147202827,24.043,-10.269,0.587,0.0,0,0,1,,0.805,2026-03-17T10:46:35.078870,neutral,0.619,2026-03-17T10:46:34.200756,0.415855679225851,2026-03-17T10:46:35.041000,82,,,
participant_21,4,day,Town10HD_Opt,2026-03-17 10:46:36.268994,43.30929183959961,64.06133270263672,0.0019121170043945,30.555,-13.051,0.493,0.0,0,0,1,,0.883,2026-03-17T10:46:36.268994,happy,0.812,2026-03-17T10:46:36.268994,0.310003810965126,2026-03-17T10:46:37.021000,77,,,
participant_21,4,day,Town10HD_Opt,2026-03-17 10:46:37.144191,47.08258819580078,67.89161682128906,0.0020721436012536,30.88,-14.879,0.384,0.0,0,0,1,,0.817,2026-03-17T10:46:37.144191,happy,0.812,2026-03-17T10:46:36.268994,0.3793459587125167,2026-03-17T10:46:37.021000,78,,,
participant_21,4,day,Town10HD_Opt,2026-03-17 10:46:38.090334,51.97236251831055,70.02892303466797,0.0020830153953284,30.473,-13.875,0.383,0.0,0,0,1,,1.0,2026-03-17T10:46:38.090334,happy,0.812,2026-03-17T10:46:36.268994,0.2944240304796541,2026-03-17T10:46:38.012000,80,,,
participant_21,4,day,Town10HD_Opt,2026-03-17 10:46:38.988247,57.24468994140625,70.40078735351562,0.0020701216999441,30.148,-6.128,0.294,0.0,0,0,1,,1.0,2026-03-17T10:46:38.988247,happy,0.899,2026-03-17T10:46:38.988247,0.2809222307278165,2026-03-17T10:46:39.047000,79,,,
participant_21,4,day,Town10HD_Opt,2026-03-17 10:46:40.188778,63.96160507202149,69.97560119628906,0.0021437453106045,26.727,0.9,0.214,0.0,0,0,1,,1.0,2026-03-17T10:46:40.188778,happy,0.899,2026-03-17T10:46:38.988247,0.3045748979188223,2026-03-17T10:46:41.026000,76,,,
participant_21,4,day,Town10HD_Opt,2026-03-17 10:46:41.096391,68.32083129882812,69.83010864257812,0.0022233962081372,21.884,0.83,0.0,0.0,0,0,1,,1.0,2026-03-17T10:46:41.096391,neutral,0.568,2026-03-17T10:46:41.096391,0.3752573182023169,2026-03-17T10:46:41.026000,78,,,
participant_21,4,day,Town10HD_Opt,2026-03-17 10:46:42.285187,72.659912109375,69.76644134521484,0.0019990156870335,15.951,1.177,0.159,0.0,0,0,1,,1.0,2026-03-17T10:46:42.285187,neutral,0.568,2026-03-17T10:46:41.096391,0.3493451442365364,2026-03-17T10:46:43.052000,85,,,
participant_21,4,day,Town10HD_Opt,2026-03-17 10:46:43.184471,75.3119888305664,69.78643035888672,0.0019749067723751,14.25,0.985,0.117,0.0,0,0,1,,1.0,2026-03-17T10:46:43.184471,neutral,0.699,2026-03-17T10:46:43.184471,0.272075009822775,2026-03-17T10:46:44.042000,84,,,
participant_21,4,day,Town10HD_Opt,2026-03-17 10:46:44.112947,77.6783447265625,69.82376861572266,0.0019686508458107,12.694,0.016,0.115,0.0,0,0,1,,1.0,2026-03-17T10:46:44.112947,neutral,0.699,2026-03-17T10:46:43.184471,0.3361068232139907,2026-03-17T10:46:44.042000,86,,,
participant_21,4,day,Town10HD_Opt,2026-03-17 10:46:45.019580,79.7950439453125,69.85142517089844,0.0019598007202148,11.417,-0.122,0.115,0.0,0,0,1,,0.886,2026-03-17T10:46:45.019580,neutral,0.699,2026-03-17T10:46:43.184471,0.3425177389472941,2026-03-17T10:46:45.034000,86,,,
participant_21,4,day,Town10HD_Opt,2026-03-17 10:46:46.210568,82.30003356933594,69.8807144165039,0.0019650650210678,9.602,-0.073,0.0,0.0,0,0,1,,0.89,2026-03-17T10:46:46.210568,neutral,0.6,2026-03-17T10:46:46.210568,0.4181502401320733,2026-03-17T10:46:47.012000,79,,,
participant_21,4,day,Town10HD_Opt,2026-03-17 10:46:47.128428,83.85633850097656,69.89836120605469,0.0018767928704619,10.158,0.157,0.988,0.0,0,0,1,,0.836,2026-03-17T10:46:47.128428,neutral,0.6,2026-03-17T10:46:46.210568,0.4277321028894261,2026-03-17T10:46:47.012000,81,,,
participant_21,4,day,Town10HD_Opt,2026-03-17 10:46:48.091336,86.74267578125,70.07002258300781,0.0017574691446498,23.088,8.847,0.754,0.0,0,0,1,,0.805,2026-03-17T10:46:48.091336,neutral,0.6,2026-03-17T10:46:46.210568,0.4738639681093966,2026-03-17T10:46:48.046000,83,,,
participant_21,4,day,Town10HD_Opt,2026-03-17 10:46:49.025726,91.09225463867188,71.05757141113281,0.0020445631816983,25.698,13.146,0.229,0.0,0,0,1,,0.913,2026-03-17T10:46:49.025726,happy,0.862,2026-03-17T10:46:49.025726,0.5258650724109943,2026-03-17T10:46:49.036000,81,,,
participant_21,4,day,Town10HD_Opt,2026-03-17 10:46:50.190303,95.55384826660156,74.22108459472656,0.0021671294234693,22.09,20.654,0.317,0.0,0,0,1,,0.827,2026-03-17T10:46:50.190303,happy,0.862,2026-03-17T10:46:49.025726,0.7181538212427583,2026-03-17T10:46:51.017000,82,,,
participant_21,4,day,Town10HD_Opt,2026-03-17 10:46:51.101397,97.41104125976562,77.6833267211914,0.0019287872128188,24.943,11.368,0.667,0.0,0,0,1,,1.0,2026-03-17T10:46:51.101397,happy,0.707,2026-03-17T10:46:51.101397,0.6540093433932823,2026-03-17T10:46:51.017000,80,,,
participant_21,4,day,Town10HD_Opt,2026-03-17 10:46:52.067930,98.63514709472656,82.63821411132812,0.0016565322875976,35.231,9.552,0.861,0.0,0,0,1,,1.0,2026-03-17T10:46:52.067930,happy,0.707,2026-03-17T10:46:51.101397,0.809284755074618,2026-03-17T10:46:52.051000,79,,,
participant_21,4,day,Town10HD_Opt,2026-03-17 10:46:53.275292,98.52272033691406,92.55460357666016,0.0017317199381068,49.451,0.061,0.628,0.0,0,0,1,,1.0,2026-03-17T10:46:53.275292,happy,0.809,2026-03-17T10:46:53.275292,0.929001029854614,2026-03-17T10:46:54.032000,80,,,
participant_21,4,day,Town10HD_Opt,2026-03-17 10:46:54.194854,97.73866271972656,100.9966812133789,0.0021901703439652,46.074,7.644,0.633,0.0,0,0,1,,0.851,2026-03-17T10:46:54.194854,happy,0.809,2026-03-17T10:46:53.275292,0.99,2026-03-17T10:46:55.022000,79,,,
participant_21,4,day,Town10HD_Opt,2026-03-17 10:46:55.034818,95.26416778564452,108.95549774169922,0.0018598174210637,51.048,5.638,0.0,0.0,0,0,1,,1.0,2026-03-17T10:46:55.034818,happy,0.809,2026-03-17T10:46:53.275292,0.9393967855699504,2026-03-17T10:46:55.022000,82,,,
participant_21,4,day,Town10HD_Opt,2026-03-17 10:46:56.213380,89.15670776367188,118.79886627197266,0.0019932175055146,50.189,6.782,0.591,0.0,0,0,1,,0.834,2026-03-17T10:46:56.213380,neutral,0.78,2026-03-17T10:46:56.213380,0.99,2026-03-17T10:46:57.046000,78,,,
participant_21,4,day,Town10HD_Opt,2026-03-17 10:46:57.135095,83.01295471191406,124.92540740966795,0.0020864487159997,49.093,8.005,0.591,0.0,0,0,1,,0.86,2026-03-17T10:46:57.135095,neutral,0.78,2026-03-17T10:46:56.213380,0.99,2026-03-17T10:46:57.046000,79,,,
participant_21,4,day,Town10HD_Opt,2026-03-17 10:46:58.054693,75.26885986328125,128.87942504882812,0.0020164106972515,49.981,6.957,0.591,0.0,0,0,1,,0.81,2026-03-17T10:46:58.054693,neutral,0.78,2026-03-17T10:46:56.213380,0.99,2026-03-17T10:46:58.036000,77,,,
participant_21,4,day,Town10HD_Opt,2026-03-17 10:46:59.276430,63.87200546264648,130.6505126953125,0.001984252827242,50.588,0.298,0.0,0.0,0,0,1,,1.0,2026-03-17T10:46:59.276430,neutral,0.452,2026-03-17T10:46:59.276430,0.9675769372416804,2026-03-17T10:47:00.106000,75,,,
participant_21,4,day,Town10HD_Opt,2026-03-17 10:47:00.271309,55.216346740722656,130.90725708007812,0.0020166777539998,49.79,1.243,0.568,0.0,0,0,1,,1.0,2026-03-17T10:47:00.271309,neutral,0.452,2026-03-17T10:46:59.276430,0.92895430241211,2026-03-17T10:47:01.052000,73,,,
participant_21,4,day,Town10HD_Opt,2026-03-17 10:47:01.206286,46.48946762084961,130.87890625,0.0021136093419045,48.967,0.12,0.568,0.0,0,0,1,,1.0,2026-03-17T10:47:01.206286,neutral,0.452,2026-03-17T10:46:59.276430,0.8760267276972161,2026-03-17T10:47:02.042000,78,,,
participant_21,4,day,Town10HD_Opt,2026-03-17 10:47:02.198698,37.800575256347656,130.6992645263672,0.0019868467934429,50.618,-0.052,0.0,0.0,0,0,1,,1.0,2026-03-17T10:47:02.198698,neutral,0.608,2026-03-17T10:47:02.198698,0.8573571657629551,2026-03-17T10:47:03.033000,77,,,
participant_21,4,day,Town10HD_Opt,2026-03-17 10:47:03.157585,29.23666763305664,130.52593994140625,0.0022010039538145,46.526,-0.197,0.0,0.0,0,0,1,,1.0,2026-03-17T10:47:03.157585,neutral,0.608,2026-03-17T10:47:02.198698,0.8400119392904194,2026-03-17T10:47:04.022000,75,,,
participant_21,4,day,Town10HD_Opt,2026-03-17 10:47:04.077975,22.01615524291992,130.42709350585938,0.0023638915736228,35.768,-0.059,0.0,0.0,0,0,1,,1.0,2026-03-17T10:47:04.077975,neutral,0.608,2026-03-17T10:47:02.198698,0.8270014239719745,2026-03-17T10:47:04.022000,75,,,
participant_21,4,day,Town10HD_Opt,2026-03-17 10:47:05.033160,16.38554573059082,130.3667755126953,0.0022350309882313,29.02,-0.127,0.308,0.0,0,0,1,,1.0,2026-03-17T10:47:05.033160,neutral,0.863,2026-03-17T10:47:05.033160,0.8463131257620057,2026-03-17T10:47:05.012000,78,,,
participant_21,4,day,Town10HD_Opt,2026-03-17 10:47:06.015019,11.460943222045898,130.32725524902344,0.0020991514902561,27.265,0.04,0.299,0.0,0,0,1,,1.0,2026-03-17T10:47:06.015019,neutral,0.863,2026-03-17T10:47:05.033160,0.7912426316627084,2026-03-17T10:47:06.050000,73,,,
participant_21,4,day,Town10HD_Opt,2026-03-17 10:47:07.221966,5.298290729522705,130.272705078125,0.0020856857299804,25.474,0.106,0.297,0.0,0,0,1,,1.0,2026-03-17T10:47:07.221966,neutral,0.58,2026-03-17T10:47:07.221966,0.759113760444954,2026-03-17T10:47:08.027000,71,,,
participant_21,4,day,Town10HD_Opt,2026-03-17 10:47:08.122841,0.9352734088897704,130.2242889404297,0.0020813751034438,24.36,-0.089,0.295,0.0,0,0,1,,1.0,2026-03-17T10:47:08.122841,neutral,0.58,2026-03-17T10:47:07.221966,0.7428202421297173,2026-03-17T10:47:08.027000,72,,,
participant_21,4,day,Town10HD_Opt,2026-03-17 10:47:09.273790,-4.577950477600098,130.1711883544922,0.0020767210517078,22.947,-0.094,0.294,0.0,0,0,1,,1.0,2026-03-17T10:47:09.273790,neutral,0.669,2026-03-17T10:47:09.273790,0.689107968407845,2026-03-17T10:47:10.053000,72,,,
participant_21,4,day,Town10HD_Opt,2026-03-17 10:47:10.206711,-8.50024127960205,130.1429901123047,0.0020892333704978,21.594,-0.092,0.069,0.0,0,0,1,,1.0,2026-03-17T10:47:10.206711,neutral,0.669,2026-03-17T10:47:09.273790,0.8145510847061881,2026-03-17T10:47:11.043000,73,,,
participant_21,4,day,Town10HD_Opt,2026-03-17 10:47:11.094828,-11.930745124816896,130.1245880126953,0.0019460296025499,17.186,-0.059,0.0,0.0,0,0,1,,1.0,2026-03-17T10:47:11.094828,neutral,0.669,2026-03-17T10:47:09.273790,0.7221996053291228,2026-03-17T10:47:11.043000,74,,,
participant_21,4,day,Town10HD_Opt,2026-03-17 10:47:12.058026,-14.613804817199709,130.1102294921875,0.0020421599037945,13.223,0.296,0.0,0.0,0,0,1,,1.0,2026-03-17T10:47:12.058026,neutral,0.877,2026-03-17T10:47:12.058026,0.7039322379796585,2026-03-17T10:47:12.032000,77,,,
participant_21,4,day,Town10HD_Opt,2026-03-17 10:47:13.019235,-16.67436408996582,130.09124755859375,0.0020171354990452,10.287,0.223,0.061,0.0,0,0,1,,0.811,2026-03-17T10:47:13.019235,neutral,0.877,2026-03-17T10:47:12.058026,0.7032852037363222,2026-03-17T10:47:13.022000,75,,,
participant_21,4,day,Town10HD_Opt,2026-03-17 10:47:14.174947,-18.79623794555664,130.06753540039062,0.0019841766916215,7.761,-0.063,0.0,0.0,0,0,1,,1.0,2026-03-17T10:47:14.174947,neutral,0.818,2026-03-17T10:47:14.174947,0.6876162789690176,2026-03-17T10:47:14.012000,74,,,
participant_21,4,day,Town10HD_Opt,2026-03-17 10:47:15.100708,-19.99957656860352,130.056884765625,0.0019803238101303,6.0,-0.214,0.0,0.0,0,0,1,,0.803,2026-03-17T10:47:15.100708,neutral,0.818,2026-03-17T10:47:14.174947,0.7166010812839076,2026-03-17T10:47:15.137000,75,,,
participant_21,4,day,Town10HD_Opt,2026-03-17 10:47:16.229402,-21.217565536499023,130.0481414794922,0.0019600295927375,4.314,-0.214,0.0,0.0,0,0,1,,1.0,2026-03-17T10:47:16.229402,happy,0.674,2026-03-17T10:47:16.229402,0.6895596315724296,2026-03-17T10:47:17.027000,73,,,
participant_21,4,day,Town10HD_Opt,2026-03-17 10:47:17.146090,-21.88962173461914,130.04412841796875,0.0019508743425831,3.312,-0.214,0.0,0.0,0,0,1,,0.823,2026-03-17T10:47:17.146090,happy,0.674,2026-03-17T10:47:16.229402,0.762043493531488,2026-03-17T10:47:17.027000,71,,,
participant_21,4,day,Town10HD_Opt,2026-03-17 10:47:18.045918,-22.72895622253418,130.03990173339844,0.0015313720796257,11.214,-0.214,1.0,0.0,0,0,1,,0.822,2026-03-17T10:47:18.045918,happy,0.674,2026-03-17T10:47:16.229402,0.6799372040827514,2026-03-17T10:47:18.017000,72,,,
participant_21,4,day,Town10HD_Opt,2026-03-17 10:47:19.209237,-27.44650650024414,129.99734497070312,0.0015645598759874,30.432,5.276,0.574,0.0,0,0,1,,0.861,2026-03-17T10:47:19.209237,happy,0.532,2026-03-17T10:47:19.209237,0.6224531716163167,2026-03-17T10:47:20.042000,73,,,
participant_21,4,day,Town10HD_Opt,2026-03-17 10:47:20.145868,-32.8610954284668,129.07493591308594,0.0021057890262454,30.472,11.359,0.297,0.0,0,0,1,,0.826,2026-03-17T10:47:20.145868,happy,0.532,2026-03-17T10:47:19.209237,0.6326005098778207,2026-03-17T10:47:20.042000,73,,,
participant_21,4,day,Town10HD_Opt,2026-03-17 10:47:21.023632,-37.33450698852539,126.65420532226562,0.0021566390059888,28.022,19.954,0.31,0.0,0,0,1,,0.905,2026-03-17T10:47:21.023632,happy,0.532,2026-03-17T10:47:19.209237,0.6266463937640937,2026-03-17T10:47:21.035000,71,,,
participant_21,4,day,Town10HD_Opt,2026-03-17 10:47:22.227065,-40.602840423583984,121.39710998535156,0.0019382475875318,25.938,9.744,0.304,0.0,0,0,1,,0.853,2026-03-17T10:47:22.227065,neutral,0.74,2026-03-17T10:47:22.227065,0.5022968591968546,2026-03-17T10:47:23.012000,74,,,
participant_21,4,day,Town10HD_Opt,2026-03-17 10:47:23.193292,-41.59265899658203,117.05711364746094,0.001986808842048,25.162,8.258,0.475,0.0,0,0,1,,1.0,2026-03-17T10:47:23.193292,neutral,0.74,2026-03-17T10:47:22.227065,0.5357595393770818,2026-03-17T10:47:24.047000,74,,,
participant_21,4,day,Town10HD_Opt,2026-03-17 10:47:24.163598,-41.8228759765625,112.45500946044922,0.0019368743523955,28.197,2.186,0.528,0.0,0,0,1,,1.0,2026-03-17T10:47:24.163598,neutral,0.74,2026-03-17T10:47:22.227065,0.6193491423924733,2026-03-17T10:47:24.047000,77,,,
participant_21,4,day,Town10HD_Opt,2026-03-17 10:47:25.126911,-41.76944732666016,107.15792083740234,0.001872711116448,33.091,0.247,0.59,0.0,0,0,1,,1.0,2026-03-17T10:47:25.126911,neutral,0.845,2026-03-17T10:47:25.126911,0.5091611921199366,2026-03-17T10:47:25.035000,75,,,
participant_21,4,day,Town10HD_Opt,2026-03-17 10:47:26.134161,-41.64741134643555,101.17747497558594,0.002034721430391,34.261,-0.021,0.358,0.0,0,0,1,,1.0,2026-03-17T10:47:26.134161,neutral,0.845,2026-03-17T10:47:25.126911,0.5503205726237209,2026-03-17T10:47:26.027000,76,,,
participant_21,4,day,Town10HD_Opt,2026-03-17 10:47:27.092017,-41.55948638916016,95.2607879638672,0.0020754623692482,33.237,-0.707,0.358,0.0,0,0,1,,1.0,2026-03-17T10:47:27.092017,neutral,0.845,2026-03-17T10:47:25.126911,0.5573983766865418,2026-03-17T10:47:27.018000,75,,,
participant_21,4,day,Town10HD_Opt,2026-03-17 10:47:28.027116,-41.58808517456055,89.51519012451172,0.0020725631620734,32.277,-0.632,0.358,0.0,0,0,1,,1.0,2026-03-17T10:47:28.027116,neutral,0.949,2026-03-17T10:47:28.027116,0.5189414676183708,2026-03-17T10:47:28.137000,74,,,
participant_21,4,day,Town10HD_Opt,2026-03-17 10:47:29.003137,-41.66010284423828,83.92094421386719,0.0020716858562082,31.489,5.666,0.357,0.0,0,0,1,,0.807,2026-03-17T10:47:29.003137,neutral,0.949,2026-03-17T10:47:28.027116,0.5610507080170055,2026-03-17T10:47:29.046000,75,,,
participant_21,4,day,Town10HD_Opt,2026-03-17 10:47:30.248172,-40.278297424316406,76.91618347167969,0.0020973586943,29.919,10.915,0.339,0.0,0,0,1,,1.0,2026-03-17T10:47:30.248172,neutral,0.575,2026-03-17T10:47:30.248172,0.5520100555186589,2026-03-17T10:47:31.023000,75,Solid line crossing,Solid line crossing,
participant_21,4,day,Town10HD_Opt,2026-03-17 10:47:31.196282,-37.50641632080078,72.693359375,0.0021426391322165,28.267,21.361,0.342,0.0,0,0,1,,1.0,2026-03-17T10:47:31.196282,neutral,0.575,2026-03-17T10:47:30.248172,0.5616662895496349,2026-03-17T10:47:32.012000,75,,,
participant_21,4,day,Town10HD_Opt,2026-03-17 10:47:32.216679,-33.29697036743164,70.3932113647461,0.0021242522634565,27.183,18.775,0.349,0.0,0,0,1,,0.821,2026-03-17T10:47:32.216679,neutral,0.575,2026-03-17T10:47:30.248172,0.462778896123787,2026-03-17T10:47:33.048000,80,,,
participant_21,4,day,Town10HD_Opt,2026-03-17 10:47:33.171900,-28.60770606994629,69.86012268066406,0.0020549392793327,27.083,3.255,0.381,0.0,0,0,1,,1.0,2026-03-17T10:47:33.171900,sad,0.451,2026-03-17T10:47:33.171900,0.4858162300005202,2026-03-17T10:47:34.037000,76,Collision,Collision,
participant_21,4,day,Town10HD_Opt,2026-03-17 10:47:34.088849,-23.82044792175293,69.73523712158203,0.0020121000707149,27.887,1.617,0.435,0.0,0,0,1,,1.0,2026-03-17T10:47:34.088849,sad,0.451,2026-03-17T10:47:33.171900,0.5025327599169473,2026-03-17T10:47:34.037000,76,,,
participant_21,4,day,Town10HD_Opt,2026-03-17 10:47:35.244480,-17.10541343688965,69.76654815673828,0.0020003127865493,29.712,0.033,0.432,0.0,0,0,1,,1.0,2026-03-17T10:47:35.244480,neutral,0.645,2026-03-17T10:47:35.244480,0.527970649520606,2026-03-17T10:47:36.017000,77,,,
participant_21,4,day,Town10HD_Opt,2026-03-17 10:47:36.166758,-11.8070650100708,69.8334732055664,0.0020053482148796,30.89,0.045,0.432,0.0,0,0,1,,1.0,2026-03-17T10:47:36.166758,neutral,0.645,2026-03-17T10:47:35.244480,0.5349152180541787,2026-03-17T10:47:36.017000,83,,,
participant_21,4,day,Town10HD_Opt,2026-03-17 10:47:37.103327,-6.317731857299805,69.89511108398438,0.0020125198643654,31.859,-0.522,0.427,0.0,0,0,1,,1.0,2026-03-17T10:47:37.103327,neutral,0.645,2026-03-17T10:47:35.244480,0.4528578285993847,2026-03-17T10:47:37.051000,78,,,
participant_21,4,day,Town10HD_Opt,2026-03-17 10:47:38.002178,-0.6758981347084045,69.89146423339844,0.0020186232868582,32.627,0.141,0.419,0.0,0,0,1,,1.0,2026-03-17T10:47:38.002178,neutral,0.575,2026-03-17T10:47:38.002178,0.5050363854929781,2026-03-17T10:47:38.042000,79,,,
participant_21,4,day,Town10HD_Opt,2026-03-17 10:47:39.182633,6.51904296875,69.86986541748047,0.0022651290055364,25.946,0.094,0.0,0.0,0,0,1,,1.0,2026-03-17T10:47:39.182633,neutral,0.575,2026-03-17T10:47:38.002178,0.4753131913392027,2026-03-17T10:47:40.022000,78,,,
participant_21,4,day,Town10HD_Opt,2026-03-17 10:47:40.125862,10.600797653198242,69.86549377441406,0.0022520828060805,19.792,0.219,0.0,0.0,0,0,1,,1.0,2026-03-17T10:47:40.125862,neutral,0.793,2026-03-17T10:47:40.125862,0.5120141231886626,2026-03-17T10:47:40.022000,79,,,
participant_21,4,day,Town10HD_Opt,2026-03-17 10:47:41.005668,13.68560791015625,69.87186431884766,0.0020206831395626,15.307,0.04,0.074,0.0,0,0,1,,1.0,2026-03-17T10:47:41.005668,neutral,0.793,2026-03-17T10:47:40.125862,0.5802295299451634,2026-03-17T10:47:41.014000,78,,,
participant_21,4,day,Town10HD_Opt,2026-03-17 10:47:42.235214,16.959827423095703,69.877197265625,0.0019619751255959,13.052,-0.303,0.13,0.0,0,0,1,,1.0,2026-03-17T10:47:42.235214,neutral,0.738,2026-03-17T10:47:42.235214,0.4801102643637815,2026-03-17T10:47:43.037000,75,,,
participant_21,4,day,Town10HD_Opt,2026-03-17 10:47:43.153158,19.16546630859375,69.87489318847656,0.0019324874738231,12.396,0.266,0.214,0.0,0,0,1,,1.0,2026-03-17T10:47:43.153158,neutral,0.738,2026-03-17T10:47:42.235214,0.5294614052797223,2026-03-17T10:47:43.037000,74,,,
participant_21,4,day,Town10HD_Opt,2026-03-17 10:47:44.037645,21.359220504760746,69.88008880615234,0.0019187545403838,12.503,-0.125,0.127,0.0,0,0,1,,1.0,2026-03-17T10:47:44.037645,neutral,0.738,2026-03-17T10:47:42.235214,0.420084058068371,2026-03-17T10:47:44.031000,77,,,
participant_21,4,day,Town10HD_Opt,2026-03-17 10:47:45.266935,23.956031799316406,69.87984466552734,0.0020044327247887,9.261,-0.136,0.0,0.0,0,0,1,,1.0,2026-03-17T10:47:45.266935,neutral,0.793,2026-03-17T10:47:45.266935,0.5065586992145715,2026-03-17T10:47:46.052000,73,,,
participant_21,4,day,Town10HD_Opt,2026-03-17 10:47:46.191477,25.31428909301757,69.87752532958984,0.0020370101556181,5.762,-0.136,0.0,0.177,0,0,1,,1.0,2026-03-17T10:47:46.191477,neutral,0.793,2026-03-17T10:47:45.266935,0.6547656303501852,2026-03-17T10:47:47.041000,75,,,
participant_21,4,day,Town10HD_Opt,2026-03-17 10:47:47.098389,25.52070426940918,69.87715911865234,0.0019853971898555,0.006,-0.134,0.0,0.0,0,0,1,,1.0,2026-03-17T10:47:47.098389,neutral,0.793,2026-03-17T10:47:45.266935,0.5505108782517263,2026-03-17T10:47:47.041000,75,,,
participant_21,4,day,Town10HD_Opt,2026-03-17 10:47:48.003718,25.69673728942871,69.87660217285156,0.0017679977463558,3.48,-0.134,0.216,0.0,0,0,1,,1.0,2026-03-17T10:47:48.003718,neutral,0.843,2026-03-17T10:47:48.003718,0.5128244099851121,2026-03-17T10:47:48.032000,72,,,
participant_21,4,day,Town10HD_Opt,2026-03-17 10:47:49.181411,26.07996940612793,69.87557220458984,0.0019612885080277,0.0,-0.125,0.0,0.086,0,0,1,,0.804,2026-03-17T10:47:49.181411,neutral,0.843,2026-03-17T10:47:48.003718,0.518484667292009,2026-03-17T10:47:49.022000,73,,,
participant_21,4,day,Town10HD_Opt,2026-03-17 10:47:50.124429,26.611751556396484,69.87429809570312,0.0015159606700763,9.88,-0.115,0.861,0.0,0,0,1,,1.0,2026-03-17T10:47:50.124429,neutral,0.589,2026-03-17T10:47:50.124429,0.4765865374651726,2026-03-17T10:47:50.068000,72,,,errors=Stop sign violation
participant_21,4,day,Town10HD_Opt,2026-03-17 10:47:51.002045,29.318553924560547,69.86412048339844,0.0018745040288195,20.202,-0.463,0.688,0.0,0,0,1,,1.0,2026-03-17T10:47:51.002045,neutral,0.589,2026-03-17T10:47:50.124429,0.5303134393142336,2026-03-17T10:47:51.047000,73,,,
participant_21,4,day,Town10HD_Opt,2026-03-17 10:47:52.228659,34.548213958740234,69.33544158935547,0.0020944213028997,22.379,-11.723,0.19,0.0,0,0,1,,0.834,2026-03-17T10:47:52.228659,neutral,0.762,2026-03-17T10:47:52.228659,0.6144681227930943,2026-03-17T10:47:53.028000,72,,,
participant_21,4,day,Town10HD_Opt,2026-03-17 10:47:53.167375,37.98224639892578,68.04781341552734,0.002151031512767,19.631,-14.041,0.186,0.0,0,0,1,,0.806,2026-03-17T10:47:53.167375,neutral,0.762,2026-03-17T10:47:52.228659,0.5057187413334092,2026-03-17T10:47:54.017000,68,,,
participant_21,4,day,Town10HD_Opt,2026-03-17 10:47:54.068374,40.59749221801758,66.16618347167969,0.0019514083396643,18.08,-16.166,0.202,0.0,0,0,1,,0.812,2026-03-17T10:47:54.068374,neutral,0.762,2026-03-17T10:47:52.228659,0.6190952845690434,2026-03-17T10:47:54.017000,72,,,
participant_21,4,day,Town10HD_Opt,2026-03-17 10:47:55.247800,43.119754791259766,62.77714538574219,0.0020418928470462,19.064,-15.837,0.469,0.0,0,0,1,,1.0,2026-03-17T10:47:55.247800,neutral,0.362,2026-03-17T10:47:55.247800,0.6067268095508739,2026-03-17T10:47:56.042000,68,,,
participant_21,4,day,Town10HD_Opt,2026-03-17 10:47:56.243955,44.30091094970703,59.43758010864258,0.0019708632025867,21.937,-15.835,0.465,0.0,0,0,1,,1.0,2026-03-17T10:47:56.243955,neutral,0.362,2026-03-17T10:47:55.247800,0.5395921810705768,2026-03-17T10:47:57.032000,72,,,
participant_21,4,day,Town10HD_Opt,2026-03-17 10:47:57.165032,44.57667922973633,55.40925598144531,0.0019654845818877,24.665,-4.983,0.458,0.0,0,0,1,,1.0,2026-03-17T10:47:57.165032,neutral,0.362,2026-03-17T10:47:55.247800,0.5146458598400526,2026-03-17T10:47:58.024000,69,,,
participant_21,4,day,Town10HD_Opt,2026-03-17 10:47:58.164537,44.4279670715332,50.913822174072266,0.0019794844556599,26.758,-3.229,0.374,0.0,0,0,1,,0.827,2026-03-17T10:47:58.164537,neutral,0.435,2026-03-17T10:47:58.164537,0.5850254089200679,2026-03-17T10:47:58.024000,70,,,
participant_21,4,day,Town10HD_Opt,2026-03-17 10:47:59.190855,44.11834335327149,46.20792388916016,0.0021249770652502,27.166,0.277,0.356,0.0,0,0,1,,0.878,2026-03-17T10:47:59.190855,neutral,0.435,2026-03-17T10:47:58.164537,0.6085196616530392,2026-03-17T10:48:00.047000,71,,,
participant_21,4,day,Town10HD_Opt,2026-03-17 10:48:00.133596,43.877685546875,41.46392059326172,0.0020401000510901,27.276,4.964,0.369,0.0,0,0,1,,0.824,2026-03-17T10:48:00.133596,neutral,0.435,2026-03-17T10:47:58.164537,0.5976454252817349,2026-03-17T10:48:00.047000,72,,,
participant_21,4,day,Town10HD_Opt,2026-03-17 10:48:01.031019,44.30693817138672,36.73738861083984,0.0020530319306999,27.395,13.926,0.484,0.0,0,0,1,,1.0,2026-03-17T10:48:01.031019,fear,0.341,2026-03-17T10:48:01.031019,0.6229265110882646,2026-03-17T10:48:01.040000,72,,,
participant_21,4,day,Town10HD_Opt,2026-03-17 10:48:02.209357,47.3061752319336,30.90532875061035,0.0020238875877112,29.625,16.607,0.463,0.0,0,0,1,,1.0,2026-03-17T10:48:02.209357,fear,0.341,2026-03-17T10:48:01.031019,0.5802119421673799,2026-03-17T10:48:03.017000,72,,,
participant_21,4,day,Town10HD_Opt,2026-03-17 10:48:03.126985,51.54318618774414,27.80430030822754,0.0020336150191724,31.002,15.852,0.455,0.0,0,0,1,,1.0,2026-03-17T10:48:03.126985,sad,0.356,2026-03-17T10:48:03.126985,0.552355281381185,2026-03-17T10:48:03.017000,69,,,
participant_21,4,day,Town10HD_Opt,2026-03-17 10:48:04.241937,58.67971420288086,26.42556381225586,0.0020903395488858,30.86,1.25,0.208,0.0,0,0,1,,1.0,2026-03-17T10:48:04.241937,sad,0.356,2026-03-17T10:48:03.126985,0.6481663938468719,2026-03-17T10:48:05.043000,70,,,
participant_21,4,day,Town10HD_Opt,2026-03-17 10:48:05.131784,63.78798294067383,26.075807571411133,0.0021276473999023,28.062,-1.784,0.803,0.0,0,0,1,,0.867,2026-03-17T10:48:05.131784,neutral,0.611,2026-03-17T10:48:05.131784,0.60665983977552,2026-03-17T10:48:05.043000,72,,,
participant_21,4,day,Town10HD_Opt,2026-03-17 10:48:06.022279,69.08910369873047,25.630794525146484,0.0021007156465202,29.756,1.958,0.0,0.0,0,0,1,,0.824,2026-03-17T10:48:06.022279,neutral,0.611,2026-03-17T10:48:05.131784,0.6952703843933385,2026-03-17T10:48:06.042000,72,,,
participant_21,4,day,Town10HD_Opt,2026-03-17 10:48:07.210023,74.9937515258789,25.423980712890625,0.0022838211152702,20.059,0.818,0.0,0.313,0,0,1,,0.845,2026-03-17T10:48:07.210023,neutral,0.516,2026-03-17T10:48:07.210023,0.6035094136912973,2026-03-17T10:48:08.057000,69,,,
participant_21,4,day,Town10HD_Opt,2026-03-17 10:48:08.148084,77.95887756347656,25.393070220947266,0.0020925521384924,13.537,0.818,0.0,0.274,0,0,1,,1.0,2026-03-17T10:48:08.148084,neutral,0.516,2026-03-17T10:48:07.210023,0.5787737064344182,2026-03-17T10:48:08.057000,70,,,
participant_21,4,day,Town10HD_Opt,2026-03-17 10:48:09.030740,79.9166259765625,25.39560317993164,0.0020797348115593,8.502,0.818,0.0,0.309,0,0,1,,1.0,2026-03-17T10:48:09.030740,neutral,0.516,2026-03-17T10:48:07.210023,0.5649555577250692,2026-03-17T10:48:09.047000,71,,,
participant_21,4,day,Town10HD_Opt,2026-03-17 10:48:10.202458,80.75606536865234,25.40220832824707,0.0020167923066765,0.0,0.818,0.0,0.386,0,0,1,,1.0,2026-03-17T10:48:10.202458,neutral,0.692,2026-03-17T10:48:10.202458,0.5853815182967784,2026-03-17T10:48:11.027000,73,,,
participant_21,4,day,Town10HD_Opt,2026-03-17 10:48:11.078342,80.75636291503906,25.402212142944336,0.001922950730659,0.003,0.016,0.0,0.0,0,0,1,,1.0,2026-03-17T10:48:11.078342,neutral,0.692,2026-03-17T10:48:10.202458,0.6034082660588175,2026-03-17T10:48:11.027000,74,,,
participant_21,4,day,Town10HD_Opt,2026-03-17 10:48:12.181746,80.75650024414062,25.40221405029297,0.0019190596649423,0.002,0.096,0.0,0.0,0,0,1,,1.0,2026-03-17T10:48:12.181746,neutral,0.692,2026-03-17T10:48:10.202458,0.6165188089973725,2026-03-17T10:48:12.017000,75,,,
participant_21,4,day,Town10HD_Opt,2026-03-17 10:48:13.060363,80.7562255859375,25.40221405029297,0.0019173049367964,0.168,0.096,0.399,0.0,0,0,1,,1.0,2026-03-17T10:48:13.060363,neutral,0.768,2026-03-17T10:48:13.060363,0.6207543977072587,2026-03-17T10:48:13.053000,74,,,
participant_21,4,day,Town10HD_Opt,2026-03-17 10:48:14.222494,81.35966491699219,25.4050235748291,0.0017464827978983,5.764,0.096,0.0,0.0,0,0,1,,1.0,2026-03-17T10:48:14.222494,neutral,0.768,2026-03-17T10:48:13.060363,0.60942805608306,2026-03-17T10:48:15.033000,73,,,
participant_21,4,day,Town10HD_Opt,2026-03-17 10:48:15.136028,82.2855453491211,25.4104118347168,0.0019546889234334,4.594,0.087,0.0,0.0,0,0,1,,1.0,2026-03-17T10:48:15.136028,neutral,0.488,2026-03-17T10:48:15.136028,0.6029376768478125,2026-03-17T10:48:15.033000,75,,,errors=Red light violation
participant_21,4,day,Town10HD_Opt,2026-03-17 10:48:16.021485,83.00157165527344,25.414852142333984,0.0019527816912159,3.475,0.087,0.0,0.0,0,0,1,,1.0,2026-03-17T10:48:16.021485,neutral,0.488,2026-03-17T10:48:15.136028,0.5943742348073727,2026-03-17T10:48:16.026000,74,,,
participant_21,4,day,Town10HD_Opt,2026-03-17 10:48:17.258130,83.7015380859375,25.41941261291504,0.001940841670148,2.979,0.061,0.996,0.0,0,0,1,,1.0,2026-03-17T10:48:17.258130,neutral,0.921,2026-03-17T10:48:17.258130,0.5677895333538994,2026-03-17T10:48:18.047000,76,,,
participant_21,4,day,Town10HD_Opt,2026-03-17 10:48:18.156237,85.34324645996094,25.427858352661133,0.0014119719853624,18.044,-1.535,0.992,0.0,0,0,1,,0.848,2026-03-17T10:48:18.156237,neutral,0.921,2026-03-17T10:48:17.258130,0.506307769148868,2026-03-17T10:48:18.047000,74,,,
participant_21,4,day,Town10HD_Opt,2026-03-17 10:48:19.094524,89.43215942382812,25.154491424560547,0.0016304778400808,30.328,-7.579,0.809,0.0,0,0,1,,0.85,2026-03-17T10:48:19.094524,neutral,0.921,2026-03-17T10:48:17.258130,0.5011419904260916,2026-03-17T10:48:19.039000,74,,,
participant_21,4,day,Town10HD_Opt,2026-03-17 10:48:20.271824,97.25865173339844,22.70003890991211,0.0020391845609992,36.819,-13.407,0.215,0.0,0,0,1,,0.905,2026-03-17T10:48:20.271824,neutral,0.715,2026-03-17T10:48:20.271824,0.5241433341298269,2026-03-17T10:48:21.019000,77,,,
participant_21,4,day,Town10HD_Opt,2026-03-17 10:48:21.132034,101.72203063964844,18.82129096984864,0.0023175429087132,29.934,-14.173,0.0,0.0,0,0,1,,0.83,2026-03-17T10:48:21.132034,neutral,0.715,2026-03-17T10:48:20.271824,0.5159753100599939,2026-03-17T10:48:21.019000,74,,,
participant_21,4,day,Town10HD_Opt,2026-03-17 10:48:22.034816,103.83621215820312,14.728001594543455,0.0021581267938017,22.575,-12.595,0.0,0.0,0,0,1,,0.849,2026-03-17T10:48:22.034816,neutral,0.715,2026-03-17T10:48:20.271824,0.4883807005063298,2026-03-17T10:48:22.056000,74,,,
participant_21,4,day,Town10HD_Opt,2026-03-17 10:48:23.186106,105.16145324707033,9.425518989562988,0.0015855026431381,31.76,-2.527,0.994,0.0,0,0,1,,0.843,2026-03-17T10:48:23.186106,sad,0.451,2026-03-17T10:48:23.186106,0.4626953209798337,2026-03-17T10:48:24.033000,71,,,
participant_21,4,day,Town10HD_Opt,2026-03-17 10:48:24.034196,106.2910614013672,2.7492482662200928,0.001556243863888,46.765,-2.522,0.952,0.0,0,0,1,,0.814,2026-03-17T10:48:24.034196,sad,0.451,2026-03-17T10:48:23.186106,0.4482435077958006,2026-03-17T10:48:24.033000,70,,,
participant_21,4,day,Town10HD_Opt,2026-03-17 10:48:25.197969,107.11670684814452,-8.816153526306152,0.001995277358219,50.593,-1.097,0.0,0.0,0,0,1,,1.0,2026-03-17T10:48:25.197969,neutral,0.723,2026-03-17T10:48:25.197969,0.4291745157028661,2026-03-17T10:48:26.013000,71,,,
participant_21,4,day,Town10HD_Opt,2026-03-17 10:48:26.066741,107.17604064941406,-17.54876708984375,0.0020217895507812,50.419,-1.977,0.623,0.0,0,0,1,,1.0,2026-03-17T10:48:26.066741,neutral,0.723,2026-03-17T10:48:25.197969,0.4190792601933686,2026-03-17T10:48:26.013000,71,,,
participant_21,4,day,Town10HD_Opt,2026-03-17 10:48:27.233612,106.21134185791016,-28.855358123779297,0.0021364975254982,46.381,-3.389,0.393,0.0,0,0,1,,1.0,2026-03-17T10:48:27.233612,neutral,0.712,2026-03-17T10:48:27.233612,0.4769071984255356,2026-03-17T10:48:28.038000,73,,,
participant_21,4,day,Town10HD_Opt,2026-03-17 10:48:28.094582,104.38195037841795,-36.57513427734375,0.0021147918887436,44.1,-4.778,0.393,0.0,0,0,1,,0.913,2026-03-17T10:48:28.094582,neutral,0.712,2026-03-17T10:48:27.233612,0.4425904357126869,2026-03-17T10:48:28.038000,73,,,
participant_21,4,day,Town10HD_Opt,2026-03-17 10:48:29.235749,100.23504638671876,-45.69675064086914,0.0021025848109275,41.716,-4.886,0.393,0.0,0,0,1,,0.916,2026-03-17T10:48:29.235749,sad,0.374,2026-03-17T10:48:29.235749,0.4208961983354528,2026-03-17T10:48:30.018000,76,,,
participant_21,4,day,Town10HD_Opt,2026-03-17 10:48:30.140178,95.9911880493164,-51.49479675292969,0.0020268631633371,40.374,-4.867,0.393,0.0,0,0,1,,0.87,2026-03-17T10:48:30.140178,sad,0.374,2026-03-17T10:48:29.235749,0.4251042167084497,2026-03-17T10:48:30.018000,73,,,
participant_21,4,day,Town10HD_Opt,2026-03-17 10:48:31.240417,89.22293853759766,-57.73237991333008,0.0020841215737164,38.684,-4.846,0.393,0.0,0,0,1,,1.0,2026-03-17T10:48:31.240417,angry,0.4,2026-03-17T10:48:31.240417,0.4442088244955252,2026-03-17T10:48:32.042000,77,,,
participant_21,4,day,Town10HD_Opt,2026-03-17 10:48:32.152678,83.54705047607422,-61.25954055786133,0.0020787047687917,37.686,-4.846,0.393,0.0,0,0,1,,0.893,2026-03-17T10:48:32.152678,angry,0.4,2026-03-17T10:48:31.240417,0.4710725606625719,2026-03-17T10:48:32.042000,76,,,
participant_21,4,day,Town10HD_Opt,2026-03-17 10:48:33.004787,77.53829193115234,-63.79240417480469,0.0020739745814353,36.837,-4.846,0.393,0.0,0,0,1,,0.899,2026-03-17T10:48:33.004787,angry,0.4,2026-03-17T10:48:31.240417,0.4046221894666295,2026-03-17T10:48:33.034000,75,,,
participant_21,4,day,Town10HD_Opt,2026-03-17 10:48:34.171154,69.26699829101562,-65.65974426269531,0.0020669936202466,35.922,-2.708,0.393,0.0,0,0,1,,0.803,2026-03-17T10:48:34.171154,neutral,0.746,2026-03-17T10:48:34.171154,0.3846526016343668,2026-03-17T10:48:35.013000,74,,,
participant_21,4,day,Town10HD_Opt,2026-03-17 10:48:35.047224,63.054466247558594,-66.30744171142578,0.0020603560842573,35.403,-1.22,0.393,0.0,0,0,1,,1.0,2026-03-17T10:48:35.047224,neutral,0.746,2026-03-17T10:48:34.171154,0.4588453887128615,2026-03-17T10:48:35.013000,74,,,
participant_21,4,day,Town10HD_Opt,2026-03-17 10:48:36.265338,54.86909103393555,-66.76073455810547,0.00205680844374,34.818,-1.144,0.393,0.0,0,0,1,,1.0,2026-03-17T10:48:36.265338,neutral,0.7,2026-03-17T10:48:36.265338,0.4786616001534759,2026-03-17T10:48:37.037000,69,,,
participant_21,4,day,Town10HD_Opt,2026-03-17 10:48:37.169148,48.66860580444336,-66.8571548461914,0.0019216537475585,37.166,-0.58,0.609,0.0,0,0,1,,1.0,2026-03-17T10:48:37.169148,neutral,0.7,2026-03-17T10:48:36.265338,0.4040868580584046,2026-03-17T10:48:38.028000,72,,,
participant_21,4,day,Town10HD_Opt,2026-03-17 10:48:38.012293,41.80457305908203,-66.84248352050781,0.0019782257732003,40.251,0.132,0.276,0.0,0,0,1,,1.0,2026-03-17T10:48:38.012293,neutral,0.7,2026-03-17T10:48:36.265338,0.3823894712843373,2026-03-17T10:48:38.028000,70,,,
participant_21,4,day,Town10HD_Opt,2026-03-17 10:48:39.205727,32.29000473022461,-66.82219696044922,0.0016763686435297,47.246,0.059,1.0,0.0,0,0,1,,0.809,2026-03-17T10:48:39.205727,neutral,0.852,2026-03-17T10:48:39.205727,0.4363540683968581,2026-03-17T10:48:40.053000,72,,,
participant_21,4,day,Town10HD_Opt,2026-03-17 10:48:40.063091,23.41839599609375,-66.83363342285156,0.0021997832227498,48.517,0.181,1.0,0.0,0,0,1,,0.803,2026-03-17T10:48:40.063091,neutral,0.852,2026-03-17T10:48:39.205727,0.3813331691366176,2026-03-17T10:48:40.053000,72,,,
participant_21,4,day,Town10HD_Opt,2026-03-17 10:48:41.183184,11.780404090881348,-66.93187713623047,0.0021857833489775,48.732,0.11,1.0,0.0,0,0,1,,1.0,2026-03-17T10:48:41.183184,neutral,0.852,2026-03-17T10:48:39.205727,0.4874527691181939,2026-03-17T10:48:42.033000,71,,,
participant_21,4,day,Town10HD_Opt,2026-03-17 10:48:42.041648,2.952711343765259,-67.05900573730469,0.0022261429112404,48.303,0.11,1.0,0.0,0,0,1,,1.0,2026-03-17T10:48:42.041648,neutral,0.594,2026-03-17T10:48:42.041648,0.44963589615692,2026-03-17T10:48:42.033000,70,,,
participant_21,4,day,Town10HD_Opt,2026-03-17 10:48:43.212051,-8.712590217590332,-67.28997039794922,0.0020925139542669,49.762,0.078,1.0,0.0,0,0,1,,1.0,2026-03-17T10:48:43.212051,neutral,0.594,2026-03-17T10:48:42.041648,0.4059097922382483,2026-03-17T10:48:44.013000,71,,,
participant_21,4,day,Town10HD_Opt,2026-03-17 10:48:44.031659,-17.542585372924805,-67.50273132324219,0.0021869277115911,48.844,0.059,1.0,0.0,0,0,1,,0.816,2026-03-17T10:48:44.031659,neutral,0.594,2026-03-17T10:48:42.041648,0.4001336689117006,2026-03-17T10:48:44.013000,72,,,
participant_21,4,day,Town10HD_Opt,2026-03-17 10:48:45.134560,-29.24308586120605,-67.81835174560547,0.0019846344366669,50.997,0.026,0.0,0.0,0,0,1,,1.0,2026-03-17T10:48:45.134560,neutral,0.595,2026-03-17T10:48:45.134560,0.4199294269964851,2026-03-17T10:48:45.048000,70,,,
participant_21,4,day,Town10HD_Opt,2026-03-17 10:48:46.214328,-41.04366302490234,-68.15982055664062,0.0018420028500258,52.399,0.005,0.0,0.243,0,0,1,,1.0,2026-03-17T10:48:46.214328,neutral,0.595,2026-03-17T10:48:45.134560,0.4631026986110583,2026-03-17T10:48:47.029000,74,,,
participant_21,4,day,Town10HD_Opt,2026-03-17 10:48:47.047526,-49.73102951049805,-68.41216278076172,0.0019401931203901,51.052,-0.317,1.0,0.0,0,0,1,,0.869,2026-03-17T10:48:47.047526,neutral,0.595,2026-03-17T10:48:45.134560,0.3896961668807667,2026-03-17T10:48:47.029000,72,,,
participant_21,4,day,Town10HD_Opt,2026-03-17 10:48:48.150119,-61.55439376831055,-68.3660888671875,0.0019009780371561,51.958,-4.091,0.0,0.196,0,0,1,,0.812,2026-03-17T10:48:48.150119,neutral,0.714,2026-03-17T10:48:48.150119,0.4370821823059845,2026-03-17T10:48:48.018000,71,,,
participant_21,4,day,Town10HD_Opt,2026-03-17 10:48:49.258743,-72.85021209716797,-66.62034606933594,0.0021640013437718,45.964,-0.345,0.257,0.0,0,0,1,,0.803,2026-03-17T10:48:49.258743,neutral,0.714,2026-03-17T10:48:48.150119,0.5199309235652403,2026-03-17T10:48:50.042000,70,,,
participant_21,4,day,Town10HD_Opt,2026-03-17 10:48:50.166695,-80.39954376220703,-64.78099822998047,0.0020334625151008,44.576,-4.938,0.627,0.0,0,0,1,,1.0,2026-03-17T10:48:50.166695,neutral,0.681,2026-03-17T10:48:50.166695,0.4228872924887362,2026-03-17T10:48:50.042000,69,,,
participant_21,4,day,Town10HD_Opt,2026-03-17 10:48:50.989725,-87.95427703857422,-61.65023422241211,0.0018571090186014,49.969,-4.575,0.704,0.0,0,0,1,,0.851,2026-03-17T10:48:50.989725,neutral,0.681,2026-03-17T10:48:50.166695,0.541557764367902,2026-03-17T10:48:51.033000,70,,,
participant_21,4,day,Town10HD_Opt,2026-03-17 10:48:52.196687,-97.39875030517578,-54.93896865844727,0.001951637212187,50.819,-5.746,0.0,0.0,0,0,1,,1.0,2026-03-17T10:48:52.196687,neutral,0.803,2026-03-17T10:48:52.196687,0.5138511184150542,2026-03-17T10:48:53.012000,72,,,
participant_21,4,day,Town10HD_Opt,2026-03-17 10:48:53.162360,-102.95204162597656,-48.22589874267578,0.0019628142472356,50.885,-5.049,0.0,0.0,0,0,1,,0.876,2026-03-17T10:48:53.162360,neutral,0.803,2026-03-17T10:48:52.196687,0.5268897521100859,2026-03-17T10:48:53.012000,73,,,
participant_21,4,day,Town10HD_Opt,2026-03-17 10:48:54.041240,-106.94585418701172,-40.576419830322266,0.0019855499267578,50.151,-5.269,0.677,0.0,0,0,1,,1.0,2026-03-17T10:48:54.041240,neutral,0.803,2026-03-17T10:48:52.196687,0.4736826252760144,2026-03-17T10:48:54.138000,71,,,
participant_21,4,day,Town10HD_Opt,2026-03-17 10:48:55.210945,-109.65460968017578,-29.484952926635746,0.0022174834739416,45.504,-1.925,0.0,0.0,0,0,1,,1.0,2026-03-17T10:48:55.210945,neutral,0.74,2026-03-17T10:48:55.210945,0.4603269597660017,2026-03-17T10:48:56.028000,74,,,
participant_21,4,day,Town10HD_Opt,2026-03-17 10:48:56.105959,-110.32160186767578,-22.43521881103516,0.0024144363123923,34.165,-0.759,0.0,0.328,0,0,1,,0.863,2026-03-17T10:48:56.105959,neutral,0.74,2026-03-17T10:48:55.210945,0.4513274718037178,2026-03-17T10:48:56.028000,76,,,
participant_21,4,day,Town10HD_Opt,2026-03-17 10:48:57.238017,-110.71320343017578,-15.878926277160645,0.0023272703401744,21.792,-2.139,0.0,0.255,0,0,1,,1.0,2026-03-17T10:48:57.238017,neutral,0.524,2026-03-17T10:48:57.238017,0.4551592785382157,2026-03-17T10:48:58.053000,77,,,
participant_21,4,day,Town10HD_Opt,2026-03-17 10:48:58.172859,-110.74884796142578,-12.594182014465332,0.0020048904698342,15.989,-1.739,0.0,0.0,0,0,1,,1.0,2026-03-17T10:48:58.172859,neutral,0.524,2026-03-17T10:48:57.238017,0.5266164584108273,2026-03-17T10:48:58.053000,76,,,
participant_21,4,day,Town10HD_Opt,2026-03-17 10:48:59.102384,-110.71534729003906,-10.115471839904783,0.0020374679006636,12.171,-0.731,0.0,0.0,0,0,1,,1.0,2026-03-17T10:48:59.102384,neutral,0.524,2026-03-17T10:48:57.238017,0.522809350961989,2026-03-17T10:48:59.042000,74,,,
participant_21,4,day,Town10HD_Opt,2026-03-17 10:49:00.035884,-110.68765258789062,-8.219482421875,0.0020084762945771,9.346,0.275,0.0,0.0,0,0,1,,1.0,2026-03-17T10:49:00.035884,neutral,0.391,2026-03-17T10:49:00.035884,0.4826886865323976,2026-03-17T10:49:00.033000,78,,,
participant_21,4,day,Town10HD_Opt,2026-03-17 10:49:01.259068,-110.66950988769533,-6.428001403808594,0.0020186996553093,5.532,0.228,0.0,0.122,0,0,1,,1.0,2026-03-17T10:49:01.259068,neutral,0.391,2026-03-17T10:49:00.035884,0.5471998740625359,2026-03-17T10:49:02.013000,77,,,
participant_21,4,day,Town10HD_Opt,2026-03-17 10:49:02.229780,-110.66362762451172,-5.742159366607666,0.0021864699665457,0.0,0.204,0.0,0.115,0,0,1,,1.0,2026-03-17T10:49:02.229780,neutral,0.618,2026-03-17T10:49:02.229780,0.5114849983245991,2026-03-17T10:49:03.048000,78,,,
participant_21,4,day,Town10HD_Opt,2026-03-17 10:49:03.095147,-110.6636199951172,-5.7412543296813965,0.001934242201969,0.019,0.204,0.0,0.0,0,0,1,,1.0,2026-03-17T10:49:03.095147,neutral,0.618,2026-03-17T10:49:02.229780,0.5004222455623154,2026-03-17T10:49:03.048000,79,,,
participant_21,4,day,Town10HD_Opt,2026-03-17 10:49:04.258578,-110.6636199951172,-5.7401323318481445,0.0019191360333934,0.002,0.195,0.0,0.0,0,0,1,,0.808,2026-03-17T10:49:04.258578,neutral,0.575,2026-03-17T10:49:04.258578,0.5594213835470884,2026-03-17T10:49:05.026000,84,,,
participant_21,4,day,Town10HD_Opt,2026-03-17 10:49:05.164805,-110.6636199951172,-5.739928245544434,0.0019192122854292,0.001,0.193,0.0,0.0,0,0,1,,1.0,2026-03-17T10:49:05.164805,neutral,0.575,2026-03-17T10:49:04.258578,0.5581162131793451,2026-03-17T10:49:06.017000,84,,,
participant_21,4,day,Town10HD_Opt,2026-03-17 10:49:06.258238,-110.6636199951172,-5.739851474761963,0.0019191741012036,0.001,0.226,0.0,0.0,0,0,1,,1.0,2026-03-17T10:49:06.258238,neutral,0.575,2026-03-17T10:49:04.258578,0.5321717618137752,2026-03-17T10:49:07.053000,83,,,
participant_21,4,day,Town10HD_Opt,2026-03-17 10:49:07.136909,-110.6636199951172,-5.739749431610107,0.0019188689766451,0.006,0.244,0.0,0.0,0,0,1,,1.0,2026-03-17T10:49:07.136909,neutral,0.443,2026-03-17T10:49:07.136909,0.5737979901695401,2026-03-17T10:49:07.053000,85,,,
participant_21,4,day,Town10HD_Opt,2026-03-17 10:49:08.092042,-110.6636199951172,-5.739800453186035,0.0019187163561582,0.006,0.244,0.0,0.0,0,0,1,,1.0,2026-03-17T10:49:08.092042,neutral,0.443,2026-03-17T10:49:07.136909,0.5496106120518341,2026-03-17T10:49:08.149000,88,,,
participant_21,4,day,Town10HD_Opt,2026-03-17 10:49:09.205843,-110.6636199951172,-5.7396979331970215,0.0019187163561582,0.006,0.244,0.0,0.0,0,0,1,,1.0,2026-03-17T10:49:09.205843,neutral,0.389,2026-03-17T10:49:09.205843,0.4585512534705178,2026-03-17T10:49:10.023000,87,,,
participant_21,4,day,Town10HD_Opt,2026-03-17 10:49:10.076095,-110.6636199951172,-5.739711284637451,0.0019189834129065,0.007,0.263,0.0,0.0,0,0,1,,1.0,2026-03-17T10:49:10.076095,neutral,0.389,2026-03-17T10:49:09.205843,0.5823895194479944,2026-03-17T10:49:10.023000,85,,,
participant_21,4,day,Town10HD_Opt,2026-03-17 10:49:11.175655,-110.6636199951172,-5.739627361297607,0.0019189452286809,0.002,0.266,0.0,0.0,0,0,1,,1.0,2026-03-17T10:49:11.175655,neutral,0.389,2026-03-17T10:49:09.205843,0.5492315103851032,2026-03-17T10:49:11.059000,87,,,
participant_21,4,day,Town10HD_Opt,2026-03-17 10:49:12.070787,-110.6636199951172,-5.73945951461792,0.0019190596649423,0.002,0.282,0.0,0.0,0,0,1,,1.0,2026-03-17T10:49:12.070787,neutral,0.388,2026-03-17T10:49:12.070787,0.5147788770321512,2026-03-17T10:49:12.048000,88,,,
participant_21,4,day,Town10HD_Opt,2026-03-17 10:49:13.203077,-110.6636199951172,-5.7393798828125,0.0019192122854292,0.002,0.322,0.0,0.0,0,0,1,,1.0,2026-03-17T10:49:13.203077,neutral,0.388,2026-03-17T10:49:12.070787,0.4594005937537133,2026-03-17T10:49:14.028000,86,,,
participant_21,4,day,Town10HD_Opt,2026-03-17 10:49:14.069726,-110.6636199951172,-5.739168167114258,0.001919021597132,0.001,0.322,0.0,0.0,0,0,1,,1.0,2026-03-17T10:49:14.069726,neutral,0.388,2026-03-17T10:49:12.070787,0.4909999812800915,2026-03-17T10:49:14.028000,86,,,
participant_21,4,day,Town10HD_Opt,2026-03-17 10:49:15.234631,-110.6636199951172,-5.739084720611572,0.0019192122854292,0.001,0.322,0.0,0.0,0,0,1,,1.0,2026-03-17T10:49:15.234631,sad,0.361,2026-03-17T10:49:15.234631,0.5153095490495756,2026-03-17T10:49:16.052000,82,,,
participant_21,4,day,Town10HD_Opt,2026-03-17 10:49:16.067864,-110.6636199951172,-5.739085674285889,0.0019189071608707,0.006,0.322,0.0,0.0,0,0,1,,0.836,2026-03-17T10:49:16.067864,sad,0.361,2026-03-17T10:49:15.234631,0.4683342422689412,2026-03-17T10:49:16.052000,81,,,
participant_21,4,day,Town10HD_Opt,2026-03-17 10:49:17.167186,-110.6636199951172,-5.738984107971191,0.0019189071608707,0.006,0.322,0.0,0.0,0,0,1,,1.0,2026-03-17T10:49:17.167186,sad,0.361,2026-03-17T10:49:15.234631,0.5592403837154817,2026-03-17T10:49:17.043000,79,,,
participant_21,4,day,Town10HD_Opt,2026-03-17 10:49:18.019026,-110.66355895996094,-5.69356107711792,0.0017871856689453,2.603,1.055,0.8,0.0,0,0,1,,1.0,2026-03-17T10:49:18.019026,neutral,0.696,2026-03-17T10:49:18.019026,0.4928247255912534,2026-03-17T10:49:18.033000,79,,,
participant_21,4,day,Town10HD_Opt,2026-03-17 10:49:19.168778,-110.66278839111328,-4.672367095947266,0.0019453429849818,4.053,0.578,0.0,0.0,0,0,1,,1.0,2026-03-17T10:49:19.168778,neutral,0.696,2026-03-17T10:49:18.019026,0.4502916861956749,2026-03-17T10:49:19.023000,78,,,
participant_21,4,day,Town10HD_Opt,2026-03-17 10:49:20.264144,-110.65859985351562,-3.8681156635284415,0.0019570540171116,2.708,-0.329,0.603,0.0,0,0,1,,1.0,2026-03-17T10:49:20.264144,neutral,0.665,2026-03-17T10:49:20.264144,0.5600624797912219,2026-03-17T10:49:21.048000,79,,,
participant_21,4,day,Town10HD_Opt,2026-03-17 10:49:21.107402,-110.65096282958984,-2.453119993209839,0.001421699533239,15.682,0.04,1.0,0.0,0,0,1,,1.0,2026-03-17T10:49:21.107402,neutral,0.665,2026-03-17T10:49:20.264144,0.4906554840701775,2026-03-17T10:49:21.048000,77,,,
participant_21,4,day,Town10HD_Opt,2026-03-17 10:49:22.269994,-110.6003875732422,3.392207145690918,0.001559677068144,35.189,-3.186,0.421,0.0,0,0,1,,0.868,2026-03-17T10:49:22.269994,neutral,0.375,2026-03-17T10:49:22.269994,0.5238486574080212,2026-03-17T10:49:23.028000,81,,,
participant_21,4,day,Town10HD_Opt,2026-03-17 10:49:23.176526,-109.99949645996094,9.53956127166748,0.0021050262730568,33.61,-5.931,0.226,0.0,0,0,1,,0.825,2026-03-17T10:49:23.176526,neutral,0.375,2026-03-17T10:49:22.269994,0.526709729097323,2026-03-17T10:49:23.028000,77,,,
participant_21,4,day,Town10HD_Opt,2026-03-17 10:49:24.046623,-108.46959686279295,14.884909629821776,0.0021646118257194,29.739,-10.67,0.226,0.0,0,0,1,,1.0,2026-03-17T10:49:24.046623,neutral,0.375,2026-03-17T10:49:22.269994,0.506746873388859,2026-03-17T10:49:24.063000,77,,,
participant_21,4,day,Town10HD_Opt,2026-03-17 10:49:25.282209,-104.9159164428711,20.1683406829834,0.0022270202171057,24.075,-11.496,0.0,0.0,0,0,1,,1.0,2026-03-17T10:49:25.282209,neutral,0.314,2026-03-17T10:49:25.282209,0.5722788687210891,2026-03-17T10:49:26.043000,74,,,
participant_21,4,day,Town10HD_Opt,2026-03-17 10:49:26.224899,-102.02840423583984,22.49837112426757,0.0022471619304269,17.955,-10.555,0.0,0.0,0,0,1,,1.0,2026-03-17T10:49:26.224899,neutral,0.314,2026-03-17T10:49:25.282209,0.5113511942768202,2026-03-17T10:49:27.033000,76,,,
participant_21,4,day,Town10HD_Opt,2026-03-17 10:49:27.152481,-99.531982421875,23.80139923095703,0.0020672988612204,13.637,-10.732,0.0,0.126,0,0,1,,1.0,2026-03-17T10:49:27.152481,neutral,0.314,2026-03-17T10:49:25.282209,0.4693400227246405,2026-03-17T10:49:27.033000,76,,,
participant_21,4,day,Town10HD_Opt,2026-03-17 10:49:28.100650,-97.60588836669922,24.48182487487793,0.0020537949167191,9.254,-10.547,0.0,0.174,0,0,1,,1.0,2026-03-17T10:49:28.100650,neutral,0.591,2026-03-17T10:49:28.100650,0.4202439933030857,2026-03-17T10:49:28.023000,76,,,
participant_21,4,day,Town10HD_Opt,2026-03-17 10:49:29.053190,-96.28306579589844,24.80765151977539,0.0020349882543087,5.879,-10.519,0.0,0.147,0,0,1,,1.0,2026-03-17T10:49:29.053190,neutral,0.591,2026-03-17T10:49:28.100650,0.5507680097881037,2026-03-17T10:49:29.058000,75,,,
participant_21,4,day,Town10HD_Opt,2026-03-17 10:49:30.026994,-95.6961898803711,24.91756248474121,0.0016339110443368,8.008,-10.504,1.0,0.0,0,0,1,,1.0,2026-03-17T10:49:30.026994,neutral,0.591,2026-03-17T10:49:28.100650,0.5367748182824328,2026-03-17T10:49:30.048000,77,,,
participant_21,4,day,Town10HD_Opt,2026-03-17 10:49:30.990115,-93.07193756103516,25.213069915771484,0.0017454909393563,22.044,-5.122,0.798,0.0,0,0,1,,1.0,2026-03-17T10:49:30.990115,neutral,0.609,2026-03-17T10:49:30.990115,0.3934035442472712,2026-03-17T10:49:31.039000,76,,,
participant_21,4,day,Town10HD_Opt,2026-03-17 10:49:32.230657,-87.2689437866211,25.692007064819336,0.0020012282766401,26.166,1.076,0.385,0.0,0,0,1,,1.0,2026-03-17T10:49:32.230657,neutral,0.609,2026-03-17T10:49:30.990115,0.5013391429526497,2026-03-17T10:49:33.063000,77,,,
participant_21,4,day,Town10HD_Opt,2026-03-17 10:49:33.185417,-82.67431640625,26.19532966613769,0.0020241546444594,26.724,0.221,0.174,0.0,0,0,1,,1.0,2026-03-17T10:49:33.185417,neutral,0.403,2026-03-17T10:49:33.185417,0.5375393055491926,2026-03-17T10:49:33.063000,72,,,
participant_21,4,day,Town10HD_Opt,2026-03-17 10:49:34.097901,-78.34486389160156,26.67922592163086,0.0022275543306022,22.095,-0.632,0.0,0.0,0,0,1,,1.0,2026-03-17T10:49:34.097901,neutral,0.403,2026-03-17T10:49:33.185417,0.56217792480938,2026-03-17T10:49:34.054000,71,,,
participant_21,4,day,Town10HD_Opt,2026-03-17 10:49:35.281531,-74.07310485839844,27.08466339111328,0.0020274734124541,15.177,-1.474,0.0,0.071,0,0,1,,1.0,2026-03-17T10:49:35.281531,fear,0.376,2026-03-17T10:49:35.281531,0.5230155638131915,2026-03-17T10:49:36.034000,70,,,
participant_21,4,day,Town10HD_Opt,2026-03-17 10:49:36.258166,-71.76909637451172,27.24433135986328,0.0020502470433712,10.989,-1.42,0.0,0.09,0,0,1,,1.0,2026-03-17T10:49:36.258166,fear,0.376,2026-03-17T10:49:35.281531,0.5091986625898639,2026-03-17T10:49:37.024000,73,,,
participant_21,4,day,Town10HD_Opt,2026-03-17 10:49:37.230441,-70.12218475341797,27.332387924194336,0.002025184687227,7.656,-1.412,0.0,0.075,0,0,1,,1.0,2026-03-17T10:49:37.230441,fear,0.376,2026-03-17T10:49:35.281531,0.5772156730088562,2026-03-17T10:49:38.058000,76,,,
participant_21,4,day,Town10HD_Opt,2026-03-17 10:49:38.164966,-68.98890686035156,27.380380630493164,0.0019760893192142,5.396,-1.297,0.333,0.0,0,0,1,,0.81,2026-03-17T10:49:38.164966,neutral,0.522,2026-03-17T10:49:38.164966,0.5001670117141047,2026-03-17T10:49:38.058000,73,,,
participant_21,4,day,Town10HD_Opt,2026-03-17 10:49:39.071803,-67.25263214111328,27.439350128173828,0.0014409637078642,18.073,-1.168,1.0,0.0,0,0,1,,1.0,2026-03-17T10:49:39.071803,neutral,0.522,2026-03-17T10:49:38.164966,0.6097607738962059,2026-03-17T10:49:39.093000,72,,,
participant_21,4,day,Town10HD_Opt,2026-03-17 10:49:40.235979,-61.00042724609375,27.53271675109864,0.001509323134087,38.145,-0.571,1.0,0.0,0,0,1,,0.815,2026-03-17T10:49:40.235979,neutral,0.953,2026-03-17T10:49:40.235979,0.6093135305579411,2026-03-17T10:49:41.028000,73,,,
participant_21,4,day,Town10HD_Opt,2026-03-17 10:49:41.189766,-53.15229415893555,27.482839584350582,0.0015561294276267,52.641,-0.533,0.0,0.204,0,0,1,,1.0,2026-03-17T10:49:41.189766,neutral,0.953,2026-03-17T10:49:40.235979,0.6243463894386942,2026-03-17T10:49:41.028000,70,,,
participant_21,4,day,Town10HD_Opt,2026-03-17 10:49:42.105305,-44.318973541259766,27.31416702270508,0.0020418167114257,50.282,0.352,1.0,0.0,0,0,1,,1.0,2026-03-17T10:49:42.105305,neutral,0.953,2026-03-17T10:49:40.235979,0.5548763632555358,2026-03-17T10:49:42.065000,71,,,
participant_21,4,day,Town10HD_Opt,2026-03-17 10:49:43.033302,-35.41435623168945,27.22316551208496,0.0022428131196647,48.295,0.343,0.997,0.0,0,0,1,,1.0,2026-03-17T10:49:43.033302,sad,0.406,2026-03-17T10:49:43.033302,0.6572898396934922,2026-03-17T10:49:43.144000,68,,,
participant_21,4,day,Town10HD_Opt,2026-03-17 10:49:44.243669,-23.823455810546875,27.295534133911133,0.0021189879626035,48.252,0.115,0.502,0.0,0,0,1,,1.0,2026-03-17T10:49:44.243669,sad,0.406,2026-03-17T10:49:43.033302,0.6485374441098469,2026-03-17T10:49:45.033000,71,,,
participant_21,4,day,Town10HD_Opt,2026-03-17 10:49:45.177305,-15.802239418029783,27.418519973754883,0.0023422623053193,40.77,0.035,0.0,0.0,0,0,1,,0.845,2026-03-17T10:49:45.177305,neutral,0.467,2026-03-17T10:49:45.177305,0.5912955706533363,2026-03-17T10:49:46.023000,72,,,
participant_21,4,day,Town10HD_Opt,2026-03-17 10:49:46.238089,-9.326682090759276,27.5324649810791,0.0020549010951071,34.599,0.005,0.372,0.0,0,0,1,,1.0,2026-03-17T10:49:46.238089,neutral,0.467,2026-03-17T10:49:45.177305,0.6393718699402968,2026-03-17T10:49:47.059000,70,,,
participant_21,4,day,Town10HD_Opt,2026-03-17 10:49:47.183819,-3.330070734024048,27.64719581604004,0.0020221327431499,34.796,-0.007,0.524,0.0,0,0,1,,1.0,2026-03-17T10:49:47.183819,neutral,0.42,2026-03-17T10:49:47.183819,0.5168120549168747,2026-03-17T10:49:48.049000,70,,,
participant_21,4,day,Town10HD_Opt,2026-03-17 10:49:48.165444,2.980020999908448,27.76313591003418,0.0019140243530273,38.229,-0.101,0.594,0.0,0,0,1,,0.812,2026-03-17T10:49:48.165444,neutral,0.42,2026-03-17T10:49:47.183819,0.5724457193558105,2026-03-17T10:49:48.049000,70,,,
participant_21,4,day,Town10HD_Opt,2026-03-17 10:49:49.159081,9.982213973999023,27.86808586120605,0.0019306945614516,41.839,-0.275,0.499,0.0,0,0,1,,1.0,2026-03-17T10:49:49.159081,neutral,0.42,2026-03-17T10:49:47.183819,0.5500083455967203,2026-03-17T10:49:49.041000,68,,,
participant_21,4,day,Town10HD_Opt,2026-03-17 10:49:50.125065,17.257160186767578,27.92020034790039,0.0021244811359792,39.922,-0.068,0.16,0.0,0,0,1,,0.878,2026-03-17T10:49:50.125065,neutral,0.757,2026-03-17T10:49:50.125065,0.498137036852426,2026-03-17T10:49:50.028000,67,,,
participant_21,4,day,Town10HD_Opt,2026-03-17 10:49:51.104994,23.74542236328125,27.9624252319336,0.0023096085060387,32.525,2.007,0.0,0.0,0,0,1,,0.853,2026-03-17T10:49:51.104994,neutral,0.757,2026-03-17T10:49:50.125065,0.4476588611420355,2026-03-17T10:49:51.063000,69,,,
participant_21,4,day,Town10HD_Opt,2026-03-17 10:49:52.094268,28.776290893554688,28.41855430603028,0.0022930144332349,24.807,8.291,0.0,0.047,0,0,1,,0.84,2026-03-17T10:49:52.094268,neutral,0.757,2026-03-17T10:49:50.125065,0.3964887412583161,2026-03-17T10:49:52.060000,72,,,
participant_21,4,day,Town10HD_Opt,2026-03-17 10:49:53.065480,32.40117645263672,29.417953491210938,0.0022703933063894,17.879,8.348,0.0,0.107,0,0,1,,1.0,2026-03-17T10:49:53.065480,neutral,0.724,2026-03-17T10:49:53.065480,0.3983850738104337,2026-03-17T10:49:53.111000,74,,,
participant_21,4,day,Town10HD_Opt,2026-03-17 10:49:54.245720,35.5258674621582,30.94125747680664,0.0020666122436523,11.736,10.497,0.0,0.122,0,0,1,,0.822,2026-03-17T10:49:54.245720,neutral,0.724,2026-03-17T10:49:53.065480,0.3997477457326666,2026-03-17T10:49:55.023000,75,,,
participant_21,4,day,Town10HD_Opt,2026-03-17 10:49:55.230504,36.95190048217773,31.941320419311523,0.002043685875833,7.754,13.156,0.0,0.13,0,0,1,,1.0,2026-03-17T10:49:55.230504,neutral,0.827,2026-03-17T10:49:55.230504,0.3672847931287976,2026-03-17T10:49:56.068000,74,,,
participant_21,4,day,Town10HD_Opt,2026-03-17 10:49:56.208756,37.82658004760742,32.750789642333984,0.0019720839336514,5.389,16.124,0.0,0.617,0,0,1,,1.0,2026-03-17T10:49:56.208756,neutral,0.827,2026-03-17T10:49:55.230504,0.3765046206330942,2026-03-17T10:49:57.049000,75,,,
participant_21,4,day,Town10HD_Opt,2026-03-17 10:49:57.151881,37.89373016357422,32.8194580078125,0.0019657134544104,0.0,15.142,0.0,0.67,0,0,1,,1.0,2026-03-17T10:49:57.151881,neutral,0.827,2026-03-17T10:49:55.230504,0.4295293867989288,2026-03-17T10:49:57.049000,75,,,
participant_21,4,day,Town10HD_Opt,2026-03-17 10:49:58.041467,37.89376068115234,32.81950759887695,0.0019213866908103,0.0,14.714,0.0,0.0,0,0,1,,1.0,2026-03-17T10:49:58.041467,neutral,0.827,2026-03-17T10:49:58.041467,0.4578976437632931,2026-03-17T10:49:58.041000,76,,,
participant_22,1,day,Town10HD_Opt,2026-03-17 12:00:00.000000,-41.66858673095703,89.7454833984375,0.5804919600486755,18.162,2.05,0.435,0.0,0,0,1,,1.0,2026-03-17T12:00:00,,,2026-03-17T12:00:00,0.2508938666214461,2026-03-17T12:00:00,54,,,
participant_22,1,day,Town10HD_Opt,2026-03-17 12:00:04.694350,-41.75225830078125,83.04883575439453,0.0021393964998424,18.077,2.779,0.575,0.0,0,0,1,,0.896,2026-03-17T12:00:04.694350,happy,0.835,2026-03-17T12:00:04.694350,0.1267119718159543,2026-03-17T12:00:05.001000,54,,,
participant_22,1,day,Town10HD_Opt,2026-03-17 12:00:05.084253,-41.73477554321289,81.98332214355469,0.0020347593817859,18.737,4.778,0.523,0.0,0,0,1,,0.896,2026-03-17T12:00:04.694350,happy,0.835,2026-03-17T12:00:04.694350,0.1336741219600039,2026-03-17T12:00:06.030000,56,,,
participant_22,1,day,Town10HD_Opt,2026-03-17 12:00:06.109464,-41.29289627075195,78.39013671875,0.001916809240356,23.101,13.775,0.5,0.0,0,0,1,,0.915,2026-03-17T12:00:06.109464,happy,0.835,2026-03-17T12:00:04.694350,0.2367961276391568,2026-03-17T12:00:06.976000,54,,,
participant_22,1,day,Town10HD_Opt,2026-03-17 12:00:07.167824,-39.63703918457031,74.45915222167969,0.0019769668579101,26.057,17.331,0.462,0.0,0,0,1,,0.886,2026-03-17T12:00:07.167824,happy,0.693,2026-03-17T12:00:07.167824,0.1905183525776863,2026-03-17T12:00:08.055000,55,,,
participant_22,1,day,Town10HD_Opt,2026-03-17 12:00:08.171785,-36.39179611206055,71.20646667480469,0.0021082304883748,26.057,20.764,0.004,0.0,0,0,1,,0.946,2026-03-17T12:00:08.171785,happy,0.693,2026-03-17T12:00:07.167824,0.2397336501704397,2026-03-17T12:00:09.045000,59,,,
participant_22,1,day,Town10HD_Opt,2026-03-17 12:00:09.238102,-32.55105209350586,69.77526092529297,0.0021990584209561,21.493,13.536,0.227,0.0,0,0,1,,1.0,2026-03-17T12:00:09.238102,neutral,0.544,2026-03-17T12:00:09.238102,0.2381877753717264,2026-03-17T12:00:09.990000,58,,,
participant_22,1,day,Town10HD_Opt,2026-03-17 12:00:10.251082,-28.999305725097656,69.29517364501953,0.0021134566050022,19.452,7.977,0.267,0.0,0,0,1,,0.856,2026-03-17T12:00:10.251082,neutral,0.544,2026-03-17T12:00:09.238102,0.3128337379252425,2026-03-17T12:00:10.981000,59,,,errors=Solid line crossing
participant_22,1,day,Town10HD_Opt,2026-03-17 12:00:11.262867,-25.61680603027344,69.32778930664062,0.0019813918042927,20.545,6.263,0.514,0.0,0,0,1,,0.807,2026-03-17T12:00:11.262867,neutral,0.664,2026-03-17T12:00:11.262867,0.2799519760139378,2026-03-17T12:00:11.970000,61,,,
participant_22,1,day,Town10HD_Opt,2026-03-17 12:00:12.206598,-21.71104049682617,69.59760284423828,0.0019253541249781,24.395,-2.57,0.452,0.0,0,0,1,,0.89,2026-03-17T12:00:12.206598,neutral,0.664,2026-03-17T12:00:11.262867,0.274301573016955,2026-03-17T12:00:13.005000,61,,,
participant_22,1,day,Town10HD_Opt,2026-03-17 12:00:13.199838,-17.334436416625977,69.75692749023438,0.0020333097781986,25.188,0.11,0.331,0.0,0,0,1,,0.888,2026-03-17T12:00:13.199838,neutral,0.664,2026-03-17T12:00:11.262867,0.2568483439538983,2026-03-17T12:00:13.995000,65,,,
participant_22,1,day,Town10HD_Opt,2026-03-17 12:00:14.114805,-13.011232376098633,69.90008544921875,0.0020888899452984,23.958,-0.66,0.268,0.0,0,0,1,,0.819,2026-03-17T12:00:14.114805,neutral,0.865,2026-03-17T12:00:14.114805,0.2763947074111663,2026-03-17T12:00:14.985000,63,,,
participant_22,1,day,Town10HD_Opt,2026-03-17 12:00:15.031881,-8.947182655334473,69.97588348388672,0.0020912932232022,22.445,-0.703,0.27,0.0,0,0,1,,0.821,2026-03-17T12:00:15.031881,neutral,0.865,2026-03-17T12:00:14.114805,0.2061234332776038,2026-03-17T12:00:15.976000,65,,,
participant_22,1,day,Town10HD_Opt,2026-03-17 12:00:16.247041,-3.893970489501953,69.98857116699219,0.0020663070026785,21.121,-0.197,0.35,0.0,0,0,1,,0.828,2026-03-17T12:00:16.247041,neutral,0.812,2026-03-17T12:00:16.247041,0.2251821807558754,2026-03-17T12:00:17.010000,66,,,
participant_22,1,day,Town10HD_Opt,2026-03-17 12:00:17.201726,-0.1838186532258987,69.97601318359375,0.0020325088407844,21.422,-0.061,0.349,0.0,0,0,1,,1.0,2026-03-17T12:00:17.201726,neutral,0.812,2026-03-17T12:00:16.247041,0.2045431595760999,2026-03-17T12:00:18.001000,67,,,
participant_22,1,day,Town10HD_Opt,2026-03-17 12:00:18.096071,3.588030815124512,69.9545669555664,0.0020316315349191,21.773,-0.2,0.348,0.0,0,0,1,,1.0,2026-03-17T12:00:18.096071,neutral,0.812,2026-03-17T12:00:16.247041,0.2169576004361562,2026-03-17T12:00:18.991000,69,,,
participant_22,1,day,Town10HD_Opt,2026-03-17 12:00:19.002443,7.417163372039795,69.917236328125,0.0020333861466497,22.071,-0.2,0.347,0.0,0,0,1,,0.846,2026-03-17T12:00:19.002443,neutral,0.864,2026-03-17T12:00:19.002443,0.2286317447057061,2026-03-17T12:00:18.991000,68,,,
participant_22,1,day,Town10HD_Opt,2026-03-17 12:00:20.201944,12.590970993041992,69.85438537597656,0.0020417021587491,22.236,0.078,0.262,0.0,0,0,1,,0.87,2026-03-17T12:00:20.201944,neutral,0.864,2026-03-17T12:00:19.002443,0.1664989647591453,2026-03-17T12:00:20.971000,67,,,
participant_22,1,day,Town10HD_Opt,2026-03-17 12:00:21.159722,16.290067672729492,69.81543731689453,0.0021784207783639,18.876,0.094,0.0,0.0,0,0,1,,0.863,2026-03-17T12:00:21.159722,happy,0.551,2026-03-17T12:00:21.159722,0.3111346183283498,2026-03-17T12:00:22.005000,65,,,
participant_22,1,day,Town10HD_Opt,2026-03-17 12:00:22.142821,19.25494384765625,69.78936767578125,0.0020360562484711,14.713,0.094,0.0,0.0,0,0,1,,0.839,2026-03-17T12:00:22.142821,happy,0.551,2026-03-17T12:00:21.159722,0.2657100937277469,2026-03-17T12:00:22.995000,63,,,
participant_22,1,day,Town10HD_Opt,2026-03-17 12:00:23.052682,21.50473594665528,69.77268981933594,0.0020428083371371,10.771,0.094,0.0,0.061,0,0,1,,0.87,2026-03-17T12:00:23.052682,happy,0.551,2026-03-17T12:00:21.159722,0.1649856055470935,2026-03-17T12:00:23.985000,62,,,
participant_22,1,day,Town10HD_Opt,2026-03-17 12:00:23.986422,23.132646560668945,69.7623062133789,0.00202003470622,7.608,0.094,0.0,0.061,0,0,1,,0.867,2026-03-17T12:00:23.986422,happy,0.511,2026-03-17T12:00:23.986422,0.2164008837089687,2026-03-17T12:00:23.985000,60,Solid line crossing,Solid line crossing,
participant_22,1,day,Town10HD_Opt,2026-03-17 12:00:25.180095,24.622528076171875,69.7540512084961,0.0019686508458107,4.336,0.094,0.0,0.013,0,0,1,,1.0,2026-03-17T12:00:25.180095,happy,0.511,2026-03-17T12:00:23.986422,0.2155461727357752,2026-03-17T12:00:26.010000,59,,,
participant_22,1,day,Town10HD_Opt,2026-03-17 12:00:26.128910,24.70010757446289,69.7536849975586,0.001944274874404,0.026,0.082,0.003,0.0,0,0,1,,0.932,2026-03-17T12:00:26.128910,neutral,0.814,2026-03-17T12:00:26.128910,0.2622467161321151,2026-03-17T12:00:27,56,,,
participant_22,1,day,Town10HD_Opt,2026-03-17 12:00:27.016304,24.828128814697266,69.7529525756836,0.0018123628105968,2.439,0.068,0.133,0.0,0,0,1,,0.852,2026-03-17T12:00:27.016304,neutral,0.814,2026-03-17T12:00:26.128910,0.2738926806173677,2026-03-17T12:00:27,56,,,
participant_22,1,day,Town10HD_Opt,2026-03-17 12:00:28.191340,25.420265197753903,69.74974822998047,0.0021219251211732,0.0,0.049,0.0,0.042,0,0,1,,0.932,2026-03-17T12:00:28.191340,happy,0.93,2026-03-17T12:00:28.191340,0.2539145170496226,2026-03-17T12:00:29.026000,58,,,
participant_22,1,day,Town10HD_Opt,2026-03-17 12:00:29.107247,25.4307861328125,69.74971008300781,0.0018767928704619,1.205,0.031,0.605,0.0,0,0,1,,0.825,2026-03-17T12:00:29.107247,happy,0.93,2026-03-17T12:00:28.191340,0.2056392741500232,2026-03-17T12:00:29.971000,59,,,
participant_22,1,day,Town10HD_Opt,2026-03-17 12:00:30.110199,25.99531364440918,69.74647521972656,0.0018973159603774,3.672,0.031,0.0,0.0,0,0,1,,0.863,2026-03-17T12:00:30.110199,happy,0.93,2026-03-17T12:00:28.191340,0.2755215567517788,2026-03-17T12:00:31.006000,59,,,
participant_22,1,day,Town10HD_Opt,2026-03-17 12:00:31.041647,26.568023681640625,69.74347686767578,0.0019448088714852,2.824,0.031,0.0,0.0,0,0,1,,0.894,2026-03-17T12:00:31.041647,neutral,0.581,2026-03-17T12:00:31.041647,0.2653942430632954,2026-03-17T12:00:31.996000,59,,,
participant_22,1,day,Town10HD_Opt,2026-03-17 12:00:32.246153,26.697694778442383,69.7428970336914,0.0017360306810587,3.652,-0.005,0.839,0.0,0,0,1,,0.84,2026-03-17T12:00:32.246153,neutral,0.581,2026-03-17T12:00:31.041647,0.3402631371867092,2026-03-17T12:00:33.076000,58,,,
participant_22,1,day,Town10HD_Opt,2026-03-17 12:00:33.159603,28.327077865600582,69.72998809814453,0.0015553667908534,15.352,-2.522,0.617,0.0,0,0,1,,1.0,2026-03-17T12:00:33.159603,neutral,0.601,2026-03-17T12:00:33.159603,0.2624167310726075,2026-03-17T12:00:34.065000,54,,,
participant_22,1,day,Town10HD_Opt,2026-03-17 12:00:34.076266,31.41632652282715,69.37422943115234,0.0020026399288326,19.422,-11.262,0.463,0.0,0,0,1,,0.806,2026-03-17T12:00:34.076266,neutral,0.601,2026-03-17T12:00:33.159603,0.3240469550997864,2026-03-17T12:00:35.010000,55,,,
participant_22,1,day,Town10HD_Opt,2026-03-17 12:00:34.997675,34.86915969848633,68.3154525756836,0.0019592668395489,22.133,-10.976,0.462,0.0,0,0,1,,0.892,2026-03-17T12:00:34.997675,neutral,0.601,2026-03-17T12:00:33.159603,0.2127024474173821,2026-03-17T12:00:35.010000,58,,,
participant_22,1,day,Town10HD_Opt,2026-03-17 12:00:36.224280,39.52365493774414,65.42333221435547,0.0020277786534279,24.47,-13.032,0.288,0.0,0,0,1,,1.0,2026-03-17T12:00:36.224280,neutral,0.721,2026-03-17T12:00:36.224280,0.2753188090819045,2026-03-17T12:00:36.991000,53,,,
participant_22,1,day,Town10HD_Opt,2026-03-17 12:00:37.174744,42.22031021118164,62.276634216308594,0.0030759426299482,22.709,-12.964,0.237,0.0,0,0,1,,0.812,2026-03-17T12:00:37.174744,neutral,0.721,2026-03-17T12:00:36.224280,0.2129638745411808,2026-03-17T12:00:37.980000,54,,,
participant_22,1,day,Town10HD_Opt,2026-03-17 12:00:38.043076,43.85805892944336,58.86908721923828,0.0021193693391978,20.556,-12.964,0.134,0.0,0,0,1,,1.0,2026-03-17T12:00:38.043076,neutral,0.721,2026-03-17T12:00:36.224280,0.3282156889074143,2026-03-17T12:00:38.971000,57,,,
participant_22,1,day,Town10HD_Opt,2026-03-17 12:00:39.222144,44.59244918823242,54.7534065246582,0.0020381545182317,15.083,-12.648,0.0,0.0,0,0,1,,1.0,2026-03-17T12:00:39.222144,neutral,0.636,2026-03-17T12:00:39.222144,0.3126848662277193,2026-03-17T12:00:40.005000,57,,,
participant_22,1,day,Town10HD_Opt,2026-03-17 12:00:40.144884,44.50374221801758,52.40872573852539,0.0020237348508089,11.791,-6.758,0.113,0.0,0,0,1,,0.858,2026-03-17T12:00:40.144884,neutral,0.636,2026-03-17T12:00:39.222144,0.3270108637974298,2026-03-17T12:00:40.996000,57,,,
participant_22,1,day,Town10HD_Opt,2026-03-17 12:00:41.048060,44.35131072998047,50.348934173583984,0.0020712662953883,12.598,-0.867,0.298,0.0,0,0,1,,0.969,2026-03-17T12:00:41.048060,neutral,0.636,2026-03-17T12:00:39.222144,0.326560018744274,2026-03-17T12:00:41.986000,58,,,
participant_22,1,day,Town10HD_Opt,2026-03-17 12:00:41.986347,44.20341873168945,48.04168701171875,0.0018883895827457,13.577,0.402,0.22,0.0,0,0,1,,0.931,2026-03-17T12:00:41.986347,happy,0.638,2026-03-17T12:00:41.986347,0.4364518266671533,2026-03-17T12:00:41.986000,58,,,
participant_22,1,day,Town10HD_Opt,2026-03-17 12:00:43.142919,44.038211822509766,45.03623962402344,0.002008018316701,11.053,0.78,0.0,0.0,0,0,1,,0.938,2026-03-17T12:00:43.142919,happy,0.638,2026-03-17T12:00:41.986347,0.3365607275488564,2026-03-17T12:00:44.056000,54,,,
participant_22,1,day,Town10HD_Opt,2026-03-17 12:00:44.039140,43.9629135131836,43.35458755493164,0.002031173557043,7.855,0.717,0.242,0.0,0,0,1,,0.932,2026-03-17T12:00:44.039140,happy,0.732,2026-03-17T12:00:44.039140,0.3007965594071199,2026-03-17T12:00:45,54,,,
participant_22,1,day,Town10HD_Opt,2026-03-17 12:00:44.990905,43.89946365356445,41.52284622192383,0.0016884614014998,14.185,1.368,0.198,0.0,0,0,1,,0.88,2026-03-17T12:00:44.990905,happy,0.732,2026-03-17T12:00:44.039140,0.2298884905184972,2026-03-17T12:00:45,55,,,
participant_22,1,day,Town10HD_Opt,2026-03-17 12:00:46.007763,43.95944213867188,39.05998611450195,0.0019449233077466,13.586,8.933,0.118,0.0,0,0,1,,0.926,2026-03-17T12:00:46.007763,happy,0.732,2026-03-17T12:00:44.039140,0.2887607771350657,2026-03-17T12:00:46.981000,57,,,
participant_22,1,day,Town10HD_Opt,2026-03-17 12:00:47.225690,44.5623779296875,36.06549072265625,0.001835212809965,14.863,16.525,0.487,0.0,0,0,1,,0.866,2026-03-17T12:00:47.225690,happy,0.58,2026-03-17T12:00:47.225690,0.4116774304358332,2026-03-17T12:00:47.970000,59,,,
participant_22,1,day,Town10HD_Opt,2026-03-17 12:00:48.171620,45.89539337158203,33.430721282958984,0.0020357514731585,19.392,19.158,0.655,0.0,0,0,1,,0.889,2026-03-17T12:00:48.171620,happy,0.58,2026-03-17T12:00:47.225690,0.4156191637441025,2026-03-17T12:00:49.006000,59,,,
participant_22,1,day,Town10HD_Opt,2026-03-17 12:00:49.103665,48.53525161743164,30.66516494750977,0.0019123459933325,24.49,17.998,0.388,0.0,0,0,1,,0.896,2026-03-17T12:00:49.103665,happy,0.58,2026-03-17T12:00:47.225690,0.3669645081304764,2026-03-17T12:00:49.995000,58,,,
participant_22,1,day,Town10HD_Opt,2026-03-17 12:00:50.052713,52.44135284423828,28.764965057373047,0.0020576857496052,25.268,13.039,0.369,0.0,0,0,1,,0.899,2026-03-17T12:00:50.052713,neutral,0.602,2026-03-17T12:00:50.052713,0.2513694898630337,2026-03-17T12:00:50.986000,58,,,
participant_22,1,day,Town10HD_Opt,2026-03-17 12:00:51.240575,58.29251480102539,27.894437789916992,0.0020988082978874,24.495,6.732,0.049,0.0,0,0,1,,1.0,2026-03-17T12:00:51.240575,neutral,0.602,2026-03-17T12:00:50.052713,0.4195729812005483,2026-03-17T12:00:51.976000,63,,,
participant_22,1,day,Town10HD_Opt,2026-03-17 12:00:52.182889,62.17520904541016,27.96953582763672,0.0022004698403179,19.689,4.995,0.587,0.0,0,0,1,,0.897,2026-03-17T12:00:52.182889,neutral,0.645,2026-03-17T12:00:52.182889,0.3850695507335069,2026-03-17T12:00:53.011000,62,,,
participant_22,1,day,Town10HD_Opt,2026-03-17 12:00:53.139809,65.90483856201172,28.300546646118164,0.0019167328719049,23.472,-2.264,0.218,0.0,0,0,1,,0.924,2026-03-17T12:00:53.139809,neutral,0.645,2026-03-17T12:00:52.182889,0.4238387294278503,2026-03-17T12:00:54.001000,62,,,
participant_22,1,day,Town10HD_Opt,2026-03-17 12:00:54.043523,69.90656280517578,28.50292205810547,0.0020907211583107,21.888,3.905,0.112,0.0,0,0,1,,0.893,2026-03-17T12:00:54.043523,neutral,0.645,2026-03-17T12:00:52.182889,0.5046494933973553,2026-03-17T12:00:54.991000,60,,,errors=Solid line crossing
participant_22,1,day,Town10HD_Opt,2026-03-17 12:00:55.250791,72.98590087890625,28.83055305480957,0.0025215141940861,0.002,0.59,0.0,0.691,0,0,1,,0.867,2026-03-17T12:00:55.250791,sad,0.373,2026-03-17T12:00:55.250791,0.4995617317281294,2026-03-17T12:00:56.026000,59,,,
participant_22,1,day,Town10HD_Opt,2026-03-17 12:00:56.242143,72.99345397949219,28.8312931060791,0.0019064330263063,0.978,-6.227,0.574,0.0,0,0,1,,0.908,2026-03-17T12:00:56.242143,sad,0.373,2026-03-17T12:00:55.250791,0.3784143725537988,2026-03-17T12:00:57.015000,56,,,
participant_22,1,day,Town10HD_Opt,2026-03-17 12:00:57.126799,73.44227600097656,28.880083084106445,0.0019052124116569,2.885,-1.831,0.0,0.0,0,0,1,,0.856,2026-03-17T12:00:57.126799,sad,0.373,2026-03-17T12:00:55.250791,0.4416782542185279,2026-03-17T12:00:58.006000,57,,,
participant_22,1,day,Town10HD_Opt,2026-03-17 12:00:58.023920,73.88896942138672,28.93212509155273,0.0019392776302993,2.217,-1.403,0.0,0.0,0,0,1,,1.0,2026-03-17T12:00:58.023920,happy,0.462,2026-03-17T12:00:58.023920,0.4055109441935798,2026-03-17T12:00:58.995000,54,,,
participant_22,1,day,Town10HD_Opt,2026-03-17 12:00:59.228130,74.11637878417969,28.95994758605957,0.0019469450926408,0.0,-0.329,0.0,0.267,0,0,1,,0.824,2026-03-17T12:00:59.228130,happy,0.462,2026-03-17T12:00:58.023920,0.493402279301649,2026-03-17T12:00:59.986000,53,,,
participant_22,1,day,Town10HD_Opt,2026-03-17 12:01:00.152015,74.09856414794922,28.957799911499023,0.0019918440375477,2.224,-0.327,0.704,0.0,0,1,-1,,0.822,2026-03-17T12:01:00.152015,neutral,0.369,2026-03-17T12:01:00.152015,0.3840248542808934,2026-03-17T12:01:00.976000,54,,,
participant_22,1,day,Town10HD_Opt,2026-03-17 12:01:01.085146,73.00706481933594,28.819713592529297,0.0022603222168982,11.386,-0.085,0.669,0.0,0,1,-1,,0.92,2026-03-17T12:01:01.085146,neutral,0.369,2026-03-17T12:01:00.152015,0.3988921107187582,2026-03-17T12:01:02.010000,54,,,errors=Solid line crossing
participant_22,1,day,Town10HD_Opt,2026-03-17 12:01:02.231274,70.9063949584961,28.550987243652344,0.0016910935519263,4.071,-0.085,0.014,0.0,0,1,-1,,0.829,2026-03-17T12:01:02.231274,neutral,0.572,2026-03-17T12:01:02.231274,0.5009046152106111,2026-03-17T12:01:03.001000,56,,,
participant_22,1,day,Town10HD_Opt,2026-03-17 12:01:03.129274,70.48062133789062,28.49605178833008,0.0018425368471071,1.24,-0.085,0.244,0.0,0,1,-1,,1.0,2026-03-17T12:01:03.129274,neutral,0.572,2026-03-17T12:01:02.231274,0.3867603476395684,2026-03-17T12:01:04.080000,55,,,
participant_22,1,day,Town10HD_Opt,2026-03-17 12:01:04.050365,70.23993682861328,28.46382713317871,0.0019440078176558,1.875,-0.085,0.339,0.0,0,1,-1,,1.0,2026-03-17T12:01:04.050365,neutral,0.572,2026-03-17T12:01:02.231274,0.4267662041510293,2026-03-17T12:01:04.981000,55,,,
participant_22,1,day,Town10HD_Opt,2026-03-17 12:01:05.189871,69.67131805419922,28.389902114868164,0.0019202422117814,2.614,-0.085,0.305,0.0,0,1,-1,,0.846,2026-03-17T12:01:05.189871,fear,0.303,2026-03-17T12:01:05.189871,0.4615329458190221,2026-03-17T12:01:06.016000,55,,,
participant_22,1,day,Town10HD_Opt,2026-03-17 12:01:06.073224,69.22164916992188,28.331254959106445,0.0019190596649423,2.591,-0.085,0.296,0.0,0,1,-1,,1.0,2026-03-17T12:01:06.073224,fear,0.303,2026-03-17T12:01:05.189871,0.4239722909035334,2026-03-17T12:01:07.005000,55,,,
participant_22,1,day,Town10HD_Opt,2026-03-17 12:01:07.178892,68.62568664550781,28.25347137451172,0.0019185638520866,2.562,-0.085,0.294,0.0,0,1,-1,,0.804,2026-03-17T12:01:07.178892,fear,0.303,2026-03-17T12:01:05.189871,0.5265903797717575,2026-03-17T12:01:07.996000,54,,,
participant_22,1,day,Town10HD_Opt,2026-03-17 12:01:08.068994,68.1839370727539,28.195751190185547,0.0019174193730577,2.519,-0.085,0.285,0.0,0,1,-1,,0.829,2026-03-17T12:01:08.068994,neutral,0.437,2026-03-17T12:01:08.068994,0.5006686103130445,2026-03-17T12:01:08.986000,58,,,
participant_22,1,day,Town10HD_Opt,2026-03-17 12:01:09.187148,67.56058502197266,28.11434555053711,0.0019029998220503,2.364,-0.085,0.051,0.0,0,1,-1,,0.856,2026-03-17T12:01:09.187148,neutral,0.437,2026-03-17T12:01:08.068994,0.4700256629522377,2026-03-17T12:01:09.976000,58,,,
participant_22,1,day,Town10HD_Opt,2026-03-17 12:01:10.055321,67.13005828857422,28.05792236328125,0.0018627548124641,1.599,-0.082,0.0,0.0,0,1,-1,,0.846,2026-03-17T12:01:10.055321,neutral,0.437,2026-03-17T12:01:08.068994,0.4545723265983278,2026-03-17T12:01:11.010000,61,,,
participant_22,1,day,Town10HD_Opt,2026-03-17 12:01:11.225266,67.0128173828125,28.042579650878903,0.0019052504794672,0.0,-0.045,0.0,0.09,0,0,1,,1.0,2026-03-17T12:01:11.225266,sad,0.428,2026-03-17T12:01:11.225266,0.541607392082703,2026-03-17T12:01:12.001000,60,,,
participant_22,1,day,Town10HD_Opt,2026-03-17 12:01:12.085872,67.01891326904297,28.04339599609375,0.0019181059906259,0.049,-0.153,0.0,0.0,0,0,1,,0.879,2026-03-17T12:01:12.085872,sad,0.428,2026-03-17T12:01:11.225266,0.4833271051626512,2026-03-17T12:01:12.991000,59,,,
participant_22,1,day,Town10HD_Opt,2026-03-17 12:01:13.012159,67.02593231201172,28.044294357299805,0.0019192504696547,0.038,-0.439,0.0,0.0,0,0,1,,0.853,2026-03-17T12:01:13.012159,sad,0.428,2026-03-17T12:01:11.225266,0.5446112133690696,2026-03-17T12:01:13.980000,60,,,
participant_22,1,day,Town10HD_Opt,2026-03-17 12:01:14.154416,67.03282165527344,28.0451774597168,0.0019191360333934,0.028,-0.543,0.0,0.0,0,0,1,,0.953,2026-03-17T12:01:14.154416,happy,0.813,2026-03-17T12:01:14.154416,0.5786327653514141,2026-03-17T12:01:15.015000,59,,,
participant_22,1,day,Town10HD_Opt,2026-03-17 12:01:15.036704,67.03595733642578,28.04557609558105,0.0019192504696547,0.004,-0.543,0.0,0.0,0,0,1,,0.886,2026-03-17T12:01:15.036704,happy,0.813,2026-03-17T12:01:14.154416,0.5672274154503101,2026-03-17T12:01:16.006000,57,,,
participant_22,1,day,Town10HD_Opt,2026-03-17 12:01:16.236713,67.0362777709961,28.04561424255371,0.0019189452286809,0.001,-0.529,0.0,0.0,0,0,1,,0.843,2026-03-17T12:01:16.236713,neutral,0.698,2026-03-17T12:01:16.236713,0.5808093896312881,2026-03-17T12:01:16.996000,56,,,
participant_22,1,day,Town10HD_Opt,2026-03-17 12:01:17.135506,67.03646087646484,28.045654296875,0.0019188689766451,0.006,-0.416,0.0,0.0,0,0,1,,0.892,2026-03-17T12:01:17.135506,neutral,0.698,2026-03-17T12:01:16.236713,0.5342619287495767,2026-03-17T12:01:18.075000,57,,,
participant_22,1,day,Town10HD_Opt,2026-03-17 12:01:17.987211,67.03641510009766,28.04564666748047,0.0019185638520866,0.006,-0.428,0.0,0.0,0,0,1,,1.0,2026-03-17T12:01:17.987211,neutral,0.698,2026-03-17T12:01:16.236713,0.5073689817906207,2026-03-17T12:01:18.075000,58,,,
participant_22,1,day,Town10HD_Opt,2026-03-17 12:01:19.128457,67.03654479980469,28.04566764831543,0.0019187163561582,0.006,-0.428,0.0,0.0,0,0,1,,0.862,2026-03-17T12:01:19.128457,neutral,0.638,2026-03-17T12:01:19.128457,0.5697069756506823,2026-03-17T12:01:20.010000,55,,,
participant_22,1,day,Town10HD_Opt,2026-03-17 12:01:19.992321,67.04511260986328,28.046817779541016,0.0018761825049296,1.077,-0.642,0.665,0.0,0,0,1,,0.93,2026-03-17T12:01:19.992321,neutral,0.638,2026-03-17T12:01:19.128457,0.4697997288600585,2026-03-17T12:01:20.010000,55,,,
participant_22,1,day,Town10HD_Opt,2026-03-17 12:01:21.181811,68.95450592041016,28.24472427368164,0.0016911698039621,13.873,-3.073,0.063,0.0,0,0,1,,0.872,2026-03-17T12:01:21.181811,disgust,0.358,2026-03-17T12:01:21.181811,0.4643934651443112,2026-03-17T12:01:21.991000,54,,,
participant_22,1,day,Town10HD_Opt,2026-03-17 12:01:22.165316,71.20230865478516,28.398595809936523,0.0020067975856363,11.28,-2.755,0.0,0.0,0,0,1,,0.811,2026-03-17T12:01:22.165316,disgust,0.358,2026-03-17T12:01:21.181811,0.4443285322008039,2026-03-17T12:01:22.983000,53,,,
participant_22,1,day,Town10HD_Opt,2026-03-17 12:01:23.056948,72.95726776123047,28.465744018554688,0.0020059964153915,8.716,-2.631,0.013,0.0,0,0,1,,0.834,2026-03-17T12:01:23.056948,disgust,0.358,2026-03-17T12:01:21.181811,0.5429854248263167,2026-03-17T12:01:24.016000,54,,,
participant_22,1,day,Town10HD_Opt,2026-03-17 12:01:24.211894,74.79563903808594,28.504196166992188,0.0017970276530832,9.818,-1.173,0.0,0.0,0,0,1,,0.931,2026-03-17T12:01:24.211894,neutral,0.63,2026-03-17T12:01:24.211894,0.6032890231201886,2026-03-17T12:01:25.005000,57,,,
participant_22,1,day,Town10HD_Opt,2026-03-17 12:01:25.139425,76.40225219726562,28.524232864379883,0.0019794083200395,8.066,-1.224,0.0,0.0,0,0,1,,0.859,2026-03-17T12:01:25.139425,neutral,0.63,2026-03-17T12:01:24.211894,0.5556495987006789,2026-03-17T12:01:25.996000,55,,,
participant_22,1,day,Town10HD_Opt,2026-03-17 12:01:26.039295,77.6586685180664,28.52722549438477,0.001977882348001,6.284,-1.224,0.0,0.0,0,0,1,,0.903,2026-03-17T12:01:26.039295,neutral,0.63,2026-03-17T12:01:24.211894,0.5494049225071297,2026-03-17T12:01:26.986000,57,,,
participant_22,1,day,Town10HD_Opt,2026-03-17 12:01:27.143098,78.62329864501953,28.521991729736328,0.0019646452274173,4.754,-1.224,0.0,0.0,0,0,1,,0.928,2026-03-17T12:01:27.143098,neutral,0.655,2026-03-17T12:01:27.143098,0.5236174302440771,2026-03-17T12:01:28.021000,54,,,
participant_22,1,day,Town10HD_Opt,2026-03-17 12:01:28.115587,79.36385345458984,28.51370048522949,0.0019540023058652,3.65,-1.187,0.0,0.0,0,0,1,,0.911,2026-03-17T12:01:28.115587,neutral,0.655,2026-03-17T12:01:27.143098,0.5845994407100729,2026-03-17T12:01:29.011000,54,,,
participant_22,1,day,Town10HD_Opt,2026-03-17 12:01:29.118181,79.86250305175781,28.50613784790039,0.0021583936177194,0.0,-1.182,0.0,0.028,0,0,1,,0.947,2026-03-17T12:01:29.118181,neutral,0.655,2026-03-17T12:01:27.143098,0.5657546442150908,2026-03-17T12:01:30,53,,,
participant_22,1,day,Town10HD_Opt,2026-03-17 12:01:30.100267,79.86408233642578,28.50609588623047,0.0019281005952507,0.022,-1.144,0.0,0.0,0,0,1,,0.898,2026-03-17T12:01:30.100267,neutral,0.587,2026-03-17T12:01:30.100267,0.5765761070634922,2026-03-17T12:01:30.992000,52,,,
participant_22,1,day,Town10HD_Opt,2026-03-17 12:01:31.239324,79.86494445800781,28.506080627441406,0.0019189452286809,0.006,-0.606,0.0,0.0,0,0,1,,0.897,2026-03-17T12:01:31.239324,neutral,0.587,2026-03-17T12:01:30.100267,0.6063677812302,2026-03-17T12:01:31.981000,54,,,
participant_22,1,day,Town10HD_Opt,2026-03-17 12:01:32.138996,79.86491394042969,28.506080627441406,0.001918678288348,0.006,-0.613,0.0,0.0,0,0,1,,0.914,2026-03-17T12:01:32.138996,happy,0.597,2026-03-17T12:01:32.138996,0.5195458300253768,2026-03-17T12:01:33.016000,53,,,
participant_22,1,day,Town10HD_Opt,2026-03-17 12:01:33.009467,79.86495208740234,28.506080627441406,0.0019189071608707,0.002,-0.613,0.0,0.0,0,0,1,,0.903,2026-03-17T12:01:33.009467,happy,0.597,2026-03-17T12:01:32.138996,0.6015149113778365,2026-03-17T12:01:33.016000,54,,,
participant_22,1,day,Town10HD_Opt,2026-03-17 12:01:34.097100,79.86505889892578,28.506080627441406,0.0019189071608707,0.002,-0.613,0.0,0.0,0,0,1,,0.899,2026-03-17T12:01:34.097100,happy,0.597,2026-03-17T12:01:32.138996,0.5363591732076128,2026-03-17T12:01:34.995000,54,,,
participant_22,1,day,Town10HD_Opt,2026-03-17 12:01:35.211336,79.86517333984375,28.506080627441406,0.0019188689766451,0.002,-0.613,0.0,0.0,0,0,1,,0.824,2026-03-17T12:01:35.211336,neutral,0.563,2026-03-17T12:01:35.211336,0.4870879371038978,2026-03-17T12:01:35.986000,54,,,
participant_22,1,day,Town10HD_Opt,2026-03-17 12:01:36.098357,79.86536407470703,28.506080627441406,0.001919021597132,0.002,-0.613,0.0,0.0,0,0,1,,0.949,2026-03-17T12:01:36.098357,neutral,0.563,2026-03-17T12:01:35.211336,0.5449804773613227,2026-03-17T12:01:37.021000,54,Vehicle collision,Vehicle collision,
participant_22,1,day,Town10HD_Opt,2026-03-17 12:01:37.244305,79.86547088623047,28.506080627441406,0.0019189834129065,0.002,-0.613,0.0,0.0,0,0,1,,0.912,2026-03-17T12:01:37.244305,happy,0.821,2026-03-17T12:01:37.244305,0.4940974893613392,2026-03-17T12:01:38.011000,55,,,
participant_22,1,day,Town10HD_Opt,2026-03-17 12:01:38.129466,79.86571502685547,28.506080627441406,0.0019188689766451,0.001,-0.613,0.0,0.0,0,0,1,,0.922,2026-03-17T12:01:38.129466,happy,0.821,2026-03-17T12:01:37.244305,0.4779754303352308,2026-03-17T12:01:39.001000,54,,,
participant_22,1,day,Town10HD_Opt,2026-03-17 12:01:39.231362,79.8658218383789,28.506080627441406,0.0019190596649423,0.001,-0.613,0.0,0.0,0,0,1,,0.856,2026-03-17T12:01:39.231362,happy,0.821,2026-03-17T12:01:37.244305,0.4743676545063031,2026-03-17T12:01:39.991000,56,,,
participant_22,1,day,Town10HD_Opt,2026-03-17 12:01:40.101746,79.86583709716797,28.50608253479004,0.0019187927246093,0.006,-0.613,0.0,0.0,0,0,1,,0.884,2026-03-17T12:01:40.101746,happy,0.834,2026-03-17T12:01:40.101746,0.3808266541644046,2026-03-17T12:01:40.981000,55,,,
participant_22,1,day,Town10HD_Opt,2026-03-17 12:01:41.249013,79.865966796875,28.50608253479004,0.0019188307924196,0.006,-0.604,0.0,0.0,0,0,1,,0.922,2026-03-17T12:01:41.249013,happy,0.834,2026-03-17T12:01:40.101746,0.4275746058784964,2026-03-17T12:01:42.017000,55,,,
participant_22,1,day,Town10HD_Opt,2026-03-17 12:01:42.117187,79.86592864990234,28.50608253479004,0.0019186401041224,0.006,-0.595,0.0,0.0,0,0,1,,0.855,2026-03-17T12:01:42.117187,neutral,0.697,2026-03-17T12:01:42.117187,0.4308993017196914,2026-03-17T12:01:43.006000,54,,,
participant_22,1,day,Town10HD_Opt,2026-03-17 12:01:43.018271,79.86602020263672,28.50608253479004,0.0019189071608707,0.002,-0.59,0.0,0.0,0,0,1,,0.829,2026-03-17T12:01:43.018271,neutral,0.697,2026-03-17T12:01:42.117187,0.4870282388638878,2026-03-17T12:01:43.006000,55,,,
participant_22,1,day,Town10HD_Opt,2026-03-17 12:01:44.136178,79.86613464355469,28.50608253479004,0.0019189071608707,0.002,-0.59,0.0,0.0,0,0,1,,0.874,2026-03-17T12:01:44.136178,neutral,0.789,2026-03-17T12:01:44.136178,0.3539464038877677,2026-03-17T12:01:44.986000,54,,,
participant_22,1,day,Town10HD_Opt,2026-03-17 12:01:45.063929,79.86634063720703,28.50608253479004,0.0019190978491678,0.001,-0.59,0.0,0.0,0,0,1,,0.932,2026-03-17T12:01:45.063929,neutral,0.789,2026-03-17T12:01:44.136178,0.4459456931789649,2026-03-17T12:01:44.986000,54,,,
participant_22,1,day,Town10HD_Opt,2026-03-17 12:01:46.183178,79.86644744873047,28.50608253479004,0.0019191360333934,0.001,-0.585,0.0,0.0,0,0,1,,0.935,2026-03-17T12:01:46.183178,happy,0.784,2026-03-17T12:01:46.183178,0.4973553083827375,2026-03-17T12:01:47.011000,54,,,
participant_22,1,day,Town10HD_Opt,2026-03-17 12:01:47.050567,79.86663055419922,28.50608253479004,0.0019189071608707,0.006,-0.548,0.0,0.0,0,0,1,,0.896,2026-03-17T12:01:47.050567,happy,0.784,2026-03-17T12:01:46.183178,0.494297326619971,2026-03-17T12:01:48.001000,51,Solid line crossing,Solid line crossing,
participant_22,1,day,Town10HD_Opt,2026-03-17 12:01:48.176358,79.86676025390625,28.50608253479004,0.0019189071608707,0.006,-0.519,0.0,0.0,0,0,1,,0.893,2026-03-17T12:01:48.176358,happy,0.784,2026-03-17T12:01:46.183178,0.4925751111607062,2026-03-17T12:01:48.991000,52,,,
participant_22,1,day,Town10HD_Opt,2026-03-17 12:01:48.991453,79.86622619628906,28.506080627441406,0.0019179153023287,0.146,-0.517,0.218,0.0,0,0,1,,0.845,2026-03-17T12:01:48.991453,neutral,0.651,2026-03-17T12:01:48.991453,0.4704129834570698,2026-03-17T12:01:48.991000,52,,,
participant_22,1,day,Town10HD_Opt,2026-03-17 12:01:50.135718,80.24486541748047,28.50114250183105,0.0018986511277034,2.55,-0.505,0.133,0.0,0,0,1,,0.89,2026-03-17T12:01:50.135718,neutral,0.651,2026-03-17T12:01:48.991453,0.4522413588570971,2026-03-17T12:01:51.016000,52,,,
participant_22,1,day,Town10HD_Opt,2026-03-17 12:01:50.987292,80.85609436035156,28.49252891540528,0.0018298340728506,5.012,-0.505,0.296,0.0,0,0,1,,1.0,2026-03-17T12:01:50.987292,neutral,0.651,2026-03-17T12:01:48.991453,0.4984724852576077,2026-03-17T12:01:51.016000,52,,,
participant_22,1,day,Town10HD_Opt,2026-03-17 12:01:52.113254,82.43256378173828,28.46556854248047,0.0018198777688667,9.159,-0.505,0.842,0.0,0,0,1,,0.899,2026-03-17T12:01:52.113254,neutral,0.421,2026-03-17T12:01:52.113254,0.4632832050525797,2026-03-17T12:01:52.996000,51,,,
participant_22,1,day,Town10HD_Opt,2026-03-17 12:01:53.029861,85.11717224121094,28.40192604064941,0.00174488092307,22.389,-0.928,1.0,0.0,0,0,1,,0.899,2026-03-17T12:01:53.029861,neutral,0.421,2026-03-17T12:01:52.113254,0.534508083135409,2026-03-17T12:01:53.986000,52,,,
participant_22,1,day,Town10HD_Opt,2026-03-17 12:01:54.154438,92.541259765625,27.24119758605957,0.0015681079821661,43.146,-12.541,1.0,0.0,0,0,1,,0.916,2026-03-17T12:01:54.154438,neutral,0.822,2026-03-17T12:01:54.154438,0.4414298722394324,2026-03-17T12:01:55.021000,51,,,
participant_22,1,day,Town10HD_Opt,2026-03-17 12:01:55.032592,99.69712829589844,22.77187156677246,0.0019056702731177,50.44,-10.178,0.19,0.0,0,0,1,,0.897,2026-03-17T12:01:55.032592,neutral,0.822,2026-03-17T12:01:54.154438,0.5301445054109346,2026-03-17T12:01:55.021000,51,,,
participant_22,1,day,Town10HD_Opt,2026-03-17 12:01:56.232661,105.0582275390625,14.240181922912598,0.0023505017161369,36.847,-5.64,0.566,0.0,0,0,1,,1.0,2026-03-17T12:01:56.232661,happy,0.523,2026-03-17T12:01:56.232661,0.5201890428797139,2026-03-17T12:01:57.002000,51,,,
participant_22,1,day,Town10HD_Opt,2026-03-17 12:01:57.117872,106.99856567382812,7.412896156311035,0.0016349795041605,47.656,-5.262,0.97,0.0,0,0,1,,1.0,2026-03-17T12:01:57.117872,happy,0.523,2026-03-17T12:01:56.232661,0.5329284463924929,2026-03-17T12:01:57.991000,52,,,
participant_22,1,day,Town10HD_Opt,2026-03-17 12:01:58.015261,107.85201263427734,-1.308949589729309,0.0022032163105905,48.076,-2.48,0.721,0.0,0,0,1,,1.0,2026-03-17T12:01:58.015261,happy,0.523,2026-03-17T12:01:56.232661,0.5337852390090122,2026-03-17T12:01:58.981000,56,,,
participant_22,1,day,Town10HD_Opt,2026-03-17 12:01:59.133694,107.46031951904295,-12.872745513916016,0.0020348739344626,50.224,0.757,0.468,0.0,0,0,1,,0.927,2026-03-17T12:01:59.133694,neutral,0.747,2026-03-17T12:01:59.133694,0.4412603337352214,2026-03-17T12:02:00.016000,58,,,
participant_22,1,day,Town10HD_Opt,2026-03-17 12:02:00.230588,107.067138671875,-24.46717071533203,0.0020680236630141,49.144,-3.111,0.467,0.0,0,0,1,,0.894,2026-03-17T12:02:00.230588,neutral,0.747,2026-03-17T12:01:59.133694,0.5229977465476215,2026-03-17T12:02:01.006000,57,,,
participant_22,1,day,Town10HD_Opt,2026-03-17 12:02:01.037959,105.84849548339844,-32.90290832519531,0.002072715666145,48.262,-6.035,0.466,0.0,0,0,1,,0.914,2026-03-17T12:02:01.037959,neutral,0.747,2026-03-17T12:01:59.133694,0.5123273135965559,2026-03-17T12:02:01.996000,58,,,
participant_22,1,day,Town10HD_Opt,2026-03-17 12:02:02.121412,101.77800750732422,-43.22898483276367,0.0020702742040157,47.194,-4.728,0.466,0.0,0,0,1,,0.957,2026-03-17T12:02:02.121412,sad,0.392,2026-03-17T12:02:02.121412,0.4501271054740912,2026-03-17T12:02:02.986000,58,,,
participant_22,1,day,Town10HD_Opt,2026-03-17 12:02:03.211818,95.29496002197266,-51.99261474609375,0.0020623779855668,46.44,-4.27,0.466,0.0,0,0,1,,0.964,2026-03-17T12:02:03.211818,sad,0.392,2026-03-17T12:02:02.121412,0.4948072349599189,2026-03-17T12:02:04.066000,58,,,
participant_22,1,day,Town10HD_Opt,2026-03-17 12:02:04.055146,89.30179595947266,-57.407752990722656,0.0020612333901226,45.953,-5.052,0.466,0.0,0,0,1,,0.931,2026-03-17T12:02:04.055146,sad,0.392,2026-03-17T12:02:02.121412,0.4961096750926468,2026-03-17T12:02:05.011000,58,,,
participant_22,1,day,Town10HD_Opt,2026-03-17 12:02:05.213820,80.0608139038086,-62.66010284423828,0.0020590971689671,45.396,-5.018,0.466,0.0,0,0,1,,0.943,2026-03-17T12:02:05.213820,neutral,0.72,2026-03-17T12:02:05.213820,0.4713706252455581,2026-03-17T12:02:06.046000,59,,,
participant_22,1,day,Town10HD_Opt,2026-03-17 12:02:06.047127,72.49696350097656,-64.95601654052734,0.002056312514469,45.071,-4.886,0.467,0.0,0,0,1,,0.926,2026-03-17T12:02:06.047127,neutral,0.72,2026-03-17T12:02:05.213820,0.5648463713227404,2026-03-17T12:02:06.991000,56,,,
participant_22,1,day,Town10HD_Opt,2026-03-17 12:02:07.200966,62.07438659667969,-65.96039581298828,0.0020497892983257,44.819,-1.638,0.457,0.0,0,0,1,,0.968,2026-03-17T12:02:07.200966,neutral,0.72,2026-03-17T12:02:05.213820,0.4729053400777416,2026-03-17T12:02:08.028000,56,,,
participant_22,1,day,Town10HD_Opt,2026-03-17 12:02:08.126715,54.310882568359375,-66.00556182861328,0.002103118924424,43.345,0.886,0.371,0.0,0,0,1,,0.936,2026-03-17T12:02:08.126715,neutral,0.742,2026-03-17T12:02:08.126715,0.4529910236136537,2026-03-17T12:02:09.016000,55,,,
participant_22,1,day,Town10HD_Opt,2026-03-17 12:02:09.100305,46.89750289916992,-66.15938568115234,0.002109489403665,41.244,0.338,0.371,0.0,0,0,1,,0.898,2026-03-17T12:02:09.100305,neutral,0.742,2026-03-17T12:02:08.126715,0.4547456411212684,2026-03-17T12:02:10.006000,54,,,
participant_22,1,day,Town10HD_Opt,2026-03-17 12:02:09.992224,39.83031463623047,-66.40580749511719,0.0021002960857003,39.445,0.317,0.37,0.0,0,0,1,,0.936,2026-03-17T12:02:09.992224,neutral,0.742,2026-03-17T12:02:08.126715,0.4382552671008382,2026-03-17T12:02:10.006000,57,,,
participant_22,1,day,Town10HD_Opt,2026-03-17 12:02:11.162638,30.859420776367188,-66.78948211669922,0.0020896147470921,37.44,-0.087,0.37,0.0,0,0,1,,0.914,2026-03-17T12:02:11.162638,neutral,0.669,2026-03-17T12:02:11.162638,0.353951809526693,2026-03-17T12:02:11.987000,54,,,
participant_22,1,day,Town10HD_Opt,2026-03-17 12:02:12.049975,24.414979934692383,-67.05513763427734,0.0020829390268772,36.183,-0.052,0.37,0.0,0,0,1,,0.863,2026-03-17T12:02:12.049975,neutral,0.669,2026-03-17T12:02:11.162638,0.3576499267913698,2026-03-17T12:02:13.022000,57,,,
participant_22,1,day,Town10HD_Opt,2026-03-17 12:02:13.215124,16.136032104492188,-67.36903381347656,0.0020760726183652,34.769,-0.242,0.369,0.0,0,0,1,,0.958,2026-03-17T12:02:13.215124,neutral,0.503,2026-03-17T12:02:13.215124,0.4945642382632327,2026-03-17T12:02:14.011000,57,,,
participant_22,1,day,Town10HD_Opt,2026-03-17 12:02:14.127084,10.148371696472168,-67.54430389404297,0.002100066980347,33.275,-0.2,0.3,0.0,0,0,1,,0.906,2026-03-17T12:02:14.127084,neutral,0.503,2026-03-17T12:02:13.215124,0.3886475973668313,2026-03-17T12:02:15.001000,57,,,
participant_22,1,day,Town10HD_Opt,2026-03-17 12:02:15.008277,4.497073173522949,-67.67755126953125,0.0021107483189553,31.158,-0.054,0.3,0.0,0,0,1,,0.936,2026-03-17T12:02:15.008277,neutral,0.503,2026-03-17T12:02:13.215124,0.4140163725385582,2026-03-17T12:02:15.001000,58,,,
participant_22,1,day,Town10HD_Opt,2026-03-17 12:02:16.127672,-2.5015618801116943,-67.82503509521484,0.0020997619722038,28.744,-0.073,0.3,0.0,0,0,1,,0.95,2026-03-17T12:02:16.127672,neutral,0.739,2026-03-17T12:02:16.127672,0.3563460107267225,2026-03-17T12:02:17.026000,57,,,
participant_22,1,day,Town10HD_Opt,2026-03-17 12:02:17.038923,-7.407044887542725,-67.91699981689453,0.0020922850817441,27.215,-0.101,0.3,0.0,0,0,1,,0.851,2026-03-17T12:02:17.038923,neutral,0.739,2026-03-17T12:02:16.127672,0.3767472994249719,2026-03-17T12:02:17.026000,57,,,
participant_22,1,day,Town10HD_Opt,2026-03-17 12:02:18.226114,-13.510931968688965,-68.01026153564453,0.0021746060810983,23.669,-0.146,0.0,0.0,0,0,1,,0.89,2026-03-17T12:02:18.226114,neutral,0.698,2026-03-17T12:02:18.226114,0.4029680940434678,2026-03-17T12:02:19.006000,57,,,
participant_22,1,day,Town10HD_Opt,2026-03-17 12:02:19.088110,-17.157678604125977,-68.05178833007812,0.0021420668344944,17.455,-0.146,0.0,0.167,0,0,1,,0.834,2026-03-17T12:02:19.088110,neutral,0.698,2026-03-17T12:02:18.226114,0.3994097893005497,2026-03-17T12:02:19.996000,58,,,
participant_22,1,day,Town10HD_Opt,2026-03-17 12:02:20.215095,-20.493310928344727,-68.08075714111328,0.0020634457468986,11.034,-0.146,0.0,0.122,0,0,1,,0.832,2026-03-17T12:02:20.215095,neutral,0.698,2026-03-17T12:02:18.226114,0.4553285922387678,2026-03-17T12:02:20.987000,58,,,
participant_22,1,day,Town10HD_Opt,2026-03-17 12:02:21.075394,-22.164220809936523,-68.0918197631836,0.002000541659072,8.181,-0.146,0.0,0.0,0,0,1,,0.895,2026-03-17T12:02:21.075394,sad,0.376,2026-03-17T12:02:21.075394,0.4617266595177016,2026-03-17T12:02:20.987000,58,,,
participant_22,1,day,Town10HD_Opt,2026-03-17 12:02:22.231538,-23.41279983520508,-68.09927368164062,0.0022475810255855,0.001,-0.146,0.0,0.176,0,0,1,,0.906,2026-03-17T12:02:22.231538,sad,0.376,2026-03-17T12:02:21.075394,0.4169912061024732,2026-03-17T12:02:23.012000,56,,,
participant_22,1,day,Town10HD_Opt,2026-03-17 12:02:23.069835,-23.41325187683105,-68.09927368164062,0.0019294738303869,0.004,-0.146,0.0,0.0,0,0,1,,0.937,2026-03-17T12:02:23.069835,sad,0.376,2026-03-17T12:02:21.075394,0.4437563083489366,2026-03-17T12:02:24.002000,54,,,
participant_22,1,day,Town10HD_Opt,2026-03-17 12:02:24.188066,-23.41324615478516,-68.09927368164062,0.0019189452286809,0.007,-0.146,0.0,0.0,0,0,1,,0.841,2026-03-17T12:02:24.188066,sad,0.451,2026-03-17T12:02:24.188066,0.5130926612288776,2026-03-17T12:02:24.991000,54,,,
participant_22,1,day,Town10HD_Opt,2026-03-17 12:02:25.042699,-23.41340446472168,-68.09927368164062,0.0019189452286809,0.002,-0.146,0.0,0.0,0,0,1,,0.837,2026-03-17T12:02:25.042699,sad,0.451,2026-03-17T12:02:24.188066,0.4316858938965676,2026-03-17T12:02:24.991000,53,,,
participant_22,1,day,Town10HD_Opt,2026-03-17 12:02:26.227568,-23.41347885131836,-68.09927368164062,0.0019189452286809,0.002,-0.146,0.0,0.0,0,0,1,,0.915,2026-03-17T12:02:26.227568,neutral,0.502,2026-03-17T12:02:26.227568,0.4933938954820339,2026-03-17T12:02:27.017000,52,,,
participant_22,1,day,Town10HD_Opt,2026-03-17 12:02:27.075054,-23.41368103027344,-68.09927368164062,0.001919021597132,0.001,-0.143,0.0,0.0,0,0,1,,0.916,2026-03-17T12:02:27.075054,neutral,0.502,2026-03-17T12:02:26.227568,0.3978613712526667,2026-03-17T12:02:28.006000,52,,,
participant_22,1,day,Town10HD_Opt,2026-03-17 12:02:28.226970,-23.85100746154785,-68.10077667236328,0.001491165603511,9.667,-0.134,1.0,0.0,0,0,1,,0.86,2026-03-17T12:02:28.226970,neutral,0.502,2026-03-17T12:02:26.227568,0.4897615247373333,2026-03-17T12:02:28.996000,54,,,
participant_22,1,day,Town10HD_Opt,2026-03-17 12:02:29.104549,-26.759429931640625,-68.1106185913086,0.0016984180547297,24.003,-0.12,1.0,0.0,0,0,1,,0.859,2026-03-17T12:02:29.104549,neutral,0.864,2026-03-17T12:02:29.104549,0.5105695467682543,2026-03-17T12:02:29.987000,54,,,
participant_22,1,day,Town10HD_Opt,2026-03-17 12:02:30.023255,-32.27983474731445,-68.1163330078125,0.0015259174397215,40.195,-0.12,0.963,0.0,0,0,1,,0.893,2026-03-17T12:02:30.023255,neutral,0.864,2026-03-17T12:02:29.104549,0.5612235202181215,2026-03-17T12:02:29.987000,53,,,
participant_22,1,day,Town10HD_Opt,2026-03-17 12:02:31.207183,-43.34809112548828,-68.0975112915039,0.0020561979617923,49.172,0.016,0.889,0.0,0,0,1,,0.849,2026-03-17T12:02:31.207183,sad,0.377,2026-03-17T12:02:31.207183,0.4631666991337438,2026-03-17T12:02:32.011000,54,,,
participant_22,1,day,Town10HD_Opt,2026-03-17 12:02:32.138210,-52.08827590942383,-68.08419036865234,0.0019925308879464,49.529,0.002,0.673,0.0,0,0,1,,0.857,2026-03-17T12:02:32.138210,sad,0.377,2026-03-17T12:02:31.207183,0.4424962056661272,2026-03-17T12:02:33.002000,57,Solid line crossing,Solid line crossing,
participant_22,1,day,Town10HD_Opt,2026-03-17 12:02:33.014905,-60.6752815246582,-68.06700897216797,0.0019492722349241,50.823,-0.334,0.0,0.0,0,0,1,,0.853,2026-03-17T12:02:33.014905,sad,0.377,2026-03-17T12:02:31.207183,0.3919201169954404,2026-03-17T12:02:33.002000,54,,,
participant_22,1,day,Town10HD_Opt,2026-03-17 12:02:34.144617,-72.3376235961914,-67.69152069091797,0.0020075605716556,49.924,-3.627,0.65,0.0,0,0,1,,0.858,2026-03-17T12:02:34.144617,sad,0.444,2026-03-17T12:02:34.144617,0.4758158569905324,2026-03-17T12:02:35.026000,56,,,
participant_22,1,day,Town10HD_Opt,2026-03-17 12:02:35.232016,-83.63556671142578,-65.1595230102539,0.0020885085687041,49.208,-4.667,0.633,0.0,0,0,1,,0.929,2026-03-17T12:02:35.232016,sad,0.444,2026-03-17T12:02:34.144617,0.4662561886590546,2026-03-17T12:02:36.017000,56,,,
participant_22,1,day,Town10HD_Opt,2026-03-17 12:02:36.119456,-91.50763702392578,-61.5017204284668,0.0019635772332549,50.845,-4.483,0.0,0.0,0,0,1,,0.849,2026-03-17T12:02:36.119456,sad,0.444,2026-03-17T12:02:34.144617,0.4439012353551065,2026-03-17T12:02:37.007000,56,,,
participant_22,1,day,Town10HD_Opt,2026-03-17 12:02:37.014404,-98.5366668701172,-56.47138977050781,0.0019881438929587,50.311,-5.964,0.633,0.0,0,0,1,,0.828,2026-03-17T12:02:37.014404,neutral,0.578,2026-03-17T12:02:37.014404,0.5022291644353175,2026-03-17T12:02:37.007000,57,,,
participant_22,1,day,Town10HD_Opt,2026-03-17 12:02:38.182182,-105.76427459716795,-47.44899368286133,0.0019809722434729,50.46,-5.635,0.613,0.0,0,0,1,,0.921,2026-03-17T12:02:38.182182,neutral,0.578,2026-03-17T12:02:37.014404,0.4725515927167307,2026-03-17T12:02:38.987000,56,,,
participant_22,1,day,Town10HD_Opt,2026-03-17 12:02:39.050339,-109.13941192626952,-39.62165069580078,0.0022146222181618,45.849,-5.924,0.298,0.0,0,0,1,,0.864,2026-03-17T12:02:39.050339,sad,0.442,2026-03-17T12:02:39.050339,0.3771507846050399,2026-03-17T12:02:40.021000,57,,,
participant_22,1,day,Town10HD_Opt,2026-03-17 12:02:40.229002,-110.57650756835938,-29.70101547241211,0.0021746442653238,40.264,-3.243,0.298,0.0,0,0,1,,0.851,2026-03-17T12:02:40.229002,sad,0.442,2026-03-17T12:02:39.050339,0.4035797081530329,2026-03-17T12:02:41.011000,55,,,
participant_22,1,day,Town10HD_Opt,2026-03-17 12:02:41.172976,-110.62353515625,-22.91710090637207,0.0021454237867146,37.067,0.04,0.311,0.0,0,0,1,,0.881,2026-03-17T12:02:41.172976,neutral,0.454,2026-03-17T12:02:41.172976,0.4319100994834374,2026-03-17T12:02:42.001000,56,,,
participant_22,1,day,Town10HD_Opt,2026-03-17 12:02:42.062122,-110.64351654052734,-16.276771545410156,0.0017488864250481,42.113,-0.392,1.0,0.0,0,0,1,,0.889,2026-03-17T12:02:42.062122,neutral,0.454,2026-03-17T12:02:41.172976,0.351660912047525,2026-03-17T12:02:42.991000,56,,,
participant_22,1,day,Town10HD_Opt,2026-03-17 12:02:43.228880,-110.5174560546875,-4.845531940460205,0.0022071073763072,47.954,0.002,0.0,0.0,0,0,1,,0.915,2026-03-17T12:02:43.228880,neutral,0.707,2026-03-17T12:02:43.228880,0.4451051642804751,2026-03-17T12:02:44.026000,53,,,
participant_22,1,day,Town10HD_Opt,2026-03-17 12:02:44.139388,-110.27686309814452,2.717535257339477,0.0023789973929524,37.507,-5.801,0.0,0.0,0,0,1,,0.937,2026-03-17T12:02:44.139388,neutral,0.707,2026-03-17T12:02:43.228880,0.4100178846440422,2026-03-17T12:02:45.017000,55,,,
participant_22,1,day,Town10HD_Opt,2026-03-17 12:02:45.007365,-109.22252655029295,8.50044059753418,0.0022552106529474,30.294,-6.255,0.379,0.0,0,0,1,,0.898,2026-03-17T12:02:45.007365,neutral,0.707,2026-03-17T12:02:43.228880,0.4127629870949178,2026-03-17T12:02:45.017000,54,,,
participant_22,1,day,Town10HD_Opt,2026-03-17 12:02:46.244871,-106.9217529296875,14.424535751342772,0.0022658535744994,22.625,-6.772,0.0,0.0,0,0,1,,0.903,2026-03-17T12:02:46.244871,fear,0.43,2026-03-17T12:02:46.244871,0.443520655525613,2026-03-17T12:02:46.996000,58,,,
participant_22,1,day,Town10HD_Opt,2026-03-17 12:02:47.232827,-105.122802734375,17.40927505493164,0.0019687651656568,17.434,-7.651,0.122,0.0,0,0,1,,0.899,2026-03-17T12:02:47.232827,fear,0.43,2026-03-17T12:02:46.244871,0.4936899648267276,2026-03-17T12:02:47.987000,58,,,
participant_22,1,day,Town10HD_Opt,2026-03-17 12:02:48.223581,-103.28236389160156,19.65342903137207,0.0019263076828792,16.709,-9.981,0.459,0.0,0,0,1,,0.93,2026-03-17T12:02:48.223581,fear,0.43,2026-03-17T12:02:46.244871,0.4365342676214879,2026-03-17T12:02:49.157000,58,,,
participant_22,1,day,Town10HD_Opt,2026-03-17 12:02:49.241489,-100.89879608154295,21.76900863647461,0.0019660568796098,20.465,-10.468,0.69,0.0,0,0,1,,1.0,2026-03-17T12:02:49.241489,neutral,0.491,2026-03-17T12:02:49.241489,0.4627039090917189,2026-03-17T12:02:50.012000,59,,,
participant_22,1,day,Town10HD_Opt,2026-03-17 12:02:50.177089,-97.32512664794922,23.92222785949707,0.0018242264632135,28.118,-10.346,0.61,0.0,0,0,1,,0.884,2026-03-17T12:02:50.177089,neutral,0.491,2026-03-17T12:02:49.241489,0.4528101944577226,2026-03-17T12:02:51.001000,58,,,
participant_22,1,day,Town10HD_Opt,2026-03-17 12:02:51.209927,-92.3709716796875,25.64271354675293,0.0019384766928851,31.865,-2.127,0.357,0.0,0,0,1,,0.931,2026-03-17T12:02:51.209927,neutral,0.491,2026-03-17T12:02:49.241489,0.4266718687911366,2026-03-17T12:02:51.992000,56,,,
participant_22,1,day,Town10HD_Opt,2026-03-17 12:02:52.199133,-86.99028778076172,26.95686721801757,0.0020755385048687,31.058,-3.862,0.336,0.0,0,0,1,,0.943,2026-03-17T12:02:52.199133,neutral,0.609,2026-03-17T12:02:52.199133,0.3856780779916386,2026-03-17T12:02:53.027000,56,,,
participant_22,1,day,Town10HD_Opt,2026-03-17 12:02:53.201399,-81.7051010131836,27.767555236816406,0.002079582074657,29.953,-2.501,0.336,0.0,0,0,1,,0.866,2026-03-17T12:02:53.201399,neutral,0.609,2026-03-17T12:02:52.199133,0.3425453737575193,2026-03-17T12:02:54.016000,56,,,
participant_22,1,day,Town10HD_Opt,2026-03-17 12:02:54.274613,-76.70357513427734,28.18619155883789,0.0022251508198678,25.638,-2.487,0.0,0.0,0,0,1,,0.931,2026-03-17T12:02:54.274613,fear,0.347,2026-03-17T12:02:54.274613,0.4053644536985058,2026-03-17T12:02:55.006000,59,,,
participant_22,1,day,Town10HD_Opt,2026-03-17 12:02:55.265395,-72.82887268066406,28.28522491455078,0.0022940442431718,17.882,-2.36,0.0,0.272,0,0,1,,0.921,2026-03-17T12:02:55.265395,fear,0.347,2026-03-17T12:02:54.274613,0.3494127057923917,2026-03-17T12:02:55.996000,59,,,
participant_22,1,day,Town10HD_Opt,2026-03-17 12:02:56.284393,-70.16399383544922,28.24256134033203,0.0020971677731722,12.133,-1.76,0.0,0.258,0,0,1,,0.968,2026-03-17T12:02:56.284393,neutral,0.385,2026-03-17T12:02:56.284393,0.3633875444328006,2026-03-17T12:02:57.077000,58,,,
participant_22,1,day,Town10HD_Opt,2026-03-17 12:02:57.242120,-68.41033172607422,28.181781768798828,0.0020439145155251,7.921,-0.623,0.0,0.117,0,0,1,,0.91,2026-03-17T12:02:57.242120,neutral,0.385,2026-03-17T12:02:56.284393,0.3449343146279525,2026-03-17T12:02:58.112000,62,,,
participant_22,1,day,Town10HD_Opt,2026-03-17 12:02:58.203337,-67.52893829345703,28.15100479125977,0.0023081204853951,0.001,0.125,0.0,0.298,0,0,1,,0.917,2026-03-17T12:02:58.203337,neutral,0.385,2026-03-17T12:02:56.284393,0.3450251007648264,2026-03-17T12:02:59.012000,62,,,
participant_22,1,day,Town10HD_Opt,2026-03-17 12:02:59.146308,-67.52810668945312,28.15098571777344,0.0019315337995067,0.013,0.04,0.0,0.0,0,0,1,,0.938,2026-03-17T12:02:59.146308,neutral,0.616,2026-03-17T12:02:59.146308,0.2780877657865843,2026-03-17T12:03:00.002000,61,,,
participant_22,1,day,Town10HD_Opt,2026-03-17 12:03:00.118207,-67.52757263183594,28.15098571777344,0.0019194793421775,0.002,-0.035,0.0,0.0,0,0,1,,0.843,2026-03-17T12:03:00.118207,neutral,0.616,2026-03-17T12:02:59.146308,0.3894872955816141,2026-03-17T12:03:01.037000,60,,,
participant_22,1,day,Town10HD_Opt,2026-03-17 12:03:01.049505,-67.52733612060547,28.15098571777344,0.0019188307924196,0.0,-0.035,0.0,0.0,0,0,1,,0.91,2026-03-17T12:03:01.049505,neutral,0.616,2026-03-17T12:02:59.146308,0.3818966968105759,2026-03-17T12:03:01.037000,61,,,
participant_22,1,day,Town10HD_Opt,2026-03-17 12:03:02.084062,-67.52737426757812,28.15098571777344,0.0019187163561582,0.006,-0.035,0.0,0.0,0,0,1,,0.918,2026-03-17T12:03:02.084062,neutral,0.762,2026-03-17T12:03:02.084062,0.3355361175708559,2026-03-17T12:03:03.016000,61,,,
participant_22,1,day,Town10HD_Opt,2026-03-17 12:03:03.271663,-67.5272445678711,28.15098571777344,0.0019187163561582,0.006,-0.035,0.0,0.0,0,0,1,,0.843,2026-03-17T12:03:03.271663,neutral,0.762,2026-03-17T12:03:02.084062,0.2840772282787097,2026-03-17T12:03:04.007000,61,,,
participant_22,1,day,Town10HD_Opt,2026-03-17 12:03:04.257719,-67.52729034423828,28.15098571777344,0.001918678288348,0.006,-0.035,0.0,0.0,0,0,1,,0.892,2026-03-17T12:03:04.257719,fear,0.498,2026-03-17T12:03:04.257719,0.3603093825227351,2026-03-17T12:03:04.998000,63,,,
participant_22,1,day,Town10HD_Opt,2026-03-17 12:03:05.267379,-67.52713012695312,28.15098571777344,0.0019189071608707,0.002,-0.035,0.0,0.0,0,0,1,,0.884,2026-03-17T12:03:05.267379,fear,0.498,2026-03-17T12:03:04.257719,0.3571561419431498,2026-03-17T12:03:05.988000,67,,,
participant_22,1,day,Town10HD_Opt,2026-03-17 12:03:06.285629,-67.52689361572266,28.15098571777344,0.0019190596649423,0.001,-0.035,0.0,0.0,0,0,1,,0.915,2026-03-17T12:03:06.285629,neutral,0.765,2026-03-17T12:03:06.285629,0.3643366083063713,2026-03-17T12:03:07.021000,67,,,
participant_22,1,day,Town10HD_Opt,2026-03-17 12:03:07.252088,-67.52684783935547,28.15098571777344,0.0019187545403838,0.006,-0.04,0.0,0.0,0,0,1,,0.872,2026-03-17T12:03:07.252088,neutral,0.765,2026-03-17T12:03:06.285629,0.307738814685301,2026-03-17T12:03:08.012000,68,,,
participant_22,1,day,Town10HD_Opt,2026-03-17 12:03:08.234396,-67.52689361572266,28.15098571777344,0.0019185638520866,0.006,-0.04,0.0,0.0,0,0,1,,0.873,2026-03-17T12:03:08.234396,neutral,0.765,2026-03-17T12:03:06.285629,0.354818313495284,2026-03-17T12:03:09.003000,65,,,
participant_22,1,day,Town10HD_Opt,2026-03-17 12:03:09.221416,-67.52680206298828,28.15098571777344,0.0019188689766451,0.002,-0.04,0.0,0.0,0,0,1,,1.0,2026-03-17T12:03:09.221416,neutral,0.493,2026-03-17T12:03:09.221416,0.5199797578905031,2026-03-17T12:03:09.993000,65,,,
participant_22,1,day,Town10HD_Opt,2026-03-17 12:03:10.197287,-66.99852752685547,28.132890701293945,0.0014615253312513,10.696,-0.045,1.0,0.0,0,0,1,,0.813,2026-03-17T12:03:10.197287,neutral,0.493,2026-03-17T12:03:09.221416,0.4383743559717263,2026-03-17T12:03:11.117000,63,,,
participant_22,1,day,Town10HD_Opt,2026-03-17 12:03:11.180725,-63.94805145263672,28.02739906311035,0.0016807179199531,24.841,0.282,1.0,0.0,0,0,1,,0.869,2026-03-17T12:03:11.180725,neutral,0.493,2026-03-17T12:03:09.221416,0.4075661866796382,2026-03-17T12:03:12.064000,61,,,
participant_22,1,day,Town10HD_Opt,2026-03-17 12:03:12.126705,-58.27442169189453,27.89311408996582,0.0015242008958011,41.121,0.606,1.0,0.0,0,0,1,,1.0,2026-03-17T12:03:12.126705,neutral,0.774,2026-03-17T12:03:12.126705,0.3680698961822409,2026-03-17T12:03:13.007000,60,,,
participant_22,1,day,Town10HD_Opt,2026-03-17 12:03:13.200051,-49.9527473449707,27.85238265991211,0.0017110445769503,52.143,0.345,0.0,0.251,0,0,1,,0.816,2026-03-17T12:03:13.200051,neutral,0.774,2026-03-17T12:03:12.126705,0.4565162922105664,2026-03-17T12:03:13.996000,57,,,
participant_22,1,day,Town10HD_Opt,2026-03-17 12:03:14.137088,-41.23084259033203,27.92306327819824,0.0018688202835619,51.804,-0.101,0.0,0.18,0,0,1,,1.0,2026-03-17T12:03:14.137088,neutral,0.777,2026-03-17T12:03:14.137088,0.4622687992996706,2026-03-17T12:03:14.988000,57,,,
participant_22,1,day,Town10HD_Opt,2026-03-17 12:03:15.162385,-32.492916107177734,28.004058837890625,0.0019155885092914,51.482,0.031,0.0,0.11,0,0,1,,1.0,2026-03-17T12:03:15.162385,neutral,0.777,2026-03-17T12:03:14.137088,0.5141640702753271,2026-03-17T12:03:16.022000,60,,,
participant_22,1,day,Town10HD_Opt,2026-03-17 12:03:16.139076,-23.71896743774414,28.105514526367188,0.0019169617444276,51.699,0.014,0.0,0.134,0,0,1,,1.0,2026-03-17T12:03:16.139076,neutral,0.77,2026-03-17T12:03:16.139076,0.38311712188536,2026-03-17T12:03:17.014000,58,,,
participant_22,1,day,Town10HD_Opt,2026-03-17 12:03:17.114756,-14.94150447845459,28.21257972717285,0.0019686890300363,50.627,-0.162,0.0,0.0,0,0,1,,0.812,2026-03-17T12:03:17.114756,neutral,0.77,2026-03-17T12:03:16.139076,0.2529385419226704,2026-03-17T12:03:18.002000,58,,,
participant_22,1,day,Town10HD_Opt,2026-03-17 12:03:18.071328,-6.737327575683594,28.2854118347168,0.0023678967263549,41.191,-0.268,0.0,0.0,0,0,1,,0.858,2026-03-17T12:03:18.071328,neutral,0.77,2026-03-17T12:03:16.139076,0.4247386337644376,2026-03-17T12:03:18.992000,59,,,
participant_22,1,day,Town10HD_Opt,2026-03-17 12:03:19.029443,-0.2216738909482956,28.28656959533692,0.0021977613214403,34.689,-0.228,0.466,0.0,0,0,1,,0.818,2026-03-17T12:03:19.029443,neutral,0.791,2026-03-17T12:03:19.029443,0.2926746033802394,2026-03-17T12:03:18.992000,59,,,
participant_22,1,day,Town10HD_Opt,2026-03-17 12:03:20.222078,7.968356132507324,28.22560310363769,0.0020286941435188,35.47,-0.106,0.422,0.0,0,0,1,,0.884,2026-03-17T12:03:20.222078,neutral,0.791,2026-03-17T12:03:19.029443,0.4059804545508361,2026-03-17T12:03:21.018000,57,,,
participant_22,1,day,Town10HD_Opt,2026-03-17 12:03:21.127222,14.187143325805664,28.154890060424805,0.0020410537254065,35.562,-0.035,0.412,0.0,0,0,1,,0.894,2026-03-17T12:03:21.127222,sad,0.425,2026-03-17T12:03:21.127222,0.3948108754449785,2026-03-17T12:03:22.007000,57,,,
participant_22,1,day,Town10HD_Opt,2026-03-17 12:03:22.059611,20.25444602966309,28.096769332885746,0.0021713254973292,32.382,0.895,0.0,0.0,0,0,1,,0.926,2026-03-17T12:03:22.059611,sad,0.425,2026-03-17T12:03:21.127222,0.3987475197385624,2026-03-17T12:03:22.998000,55,,,
participant_22,1,day,Town10HD_Opt,2026-03-17 12:03:22.986927,25.33252143859864,28.187965393066406,0.0022779463324695,25.022,3.012,0.0,0.0,0,0,1,,0.972,2026-03-17T12:03:22.986927,sad,0.425,2026-03-17T12:03:21.127222,0.3969119263831147,2026-03-17T12:03:22.998000,58,,,
participant_22,1,day,Town10HD_Opt,2026-03-17 12:03:24.251017,30.22089576721192,28.738393783569336,0.0019852826371788,17.44,7.135,0.04,0.0,0,0,1,,0.956,2026-03-17T12:03:24.251017,angry,0.414,2026-03-17T12:03:24.251017,0.3191762044065846,2026-03-17T12:03:25.022000,58,,,
participant_22,1,day,Town10HD_Opt,2026-03-17 12:03:25.199344,32.88318634033203,29.50684928894043,0.00203178380616,14.253,12.825,0.047,0.0,0,0,1,,0.951,2026-03-17T12:03:25.199344,angry,0.414,2026-03-17T12:03:24.251017,0.3241927206020279,2026-03-17T12:03:26.013000,58,,,
participant_22,1,day,Town10HD_Opt,2026-03-17 12:03:26.141713,34.97003555297852,30.559919357299805,0.0019359969301149,13.303,14.097,0.251,0.0,0,0,1,,0.884,2026-03-17T12:03:26.141713,angry,0.414,2026-03-17T12:03:24.251017,0.3690347357269947,2026-03-17T12:03:27.001000,59,,,
participant_22,1,day,Town10HD_Opt,2026-03-17 12:03:27.026084,36.89420700073242,32.00455856323242,0.0018767166184261,14.755,15.919,0.37,0.0,0,0,1,,0.941,2026-03-17T12:03:27.026084,neutral,0.304,2026-03-17T12:03:27.026084,0.4038968458394638,2026-03-17T12:03:27.001000,57,,,
participant_22,1,day,Town10HD_Opt,2026-03-17 12:03:28.277346,39.19115447998047,34.982723236083984,0.001872711116448,17.802,19.249,0.356,0.0,0,0,1,,0.968,2026-03-17T12:03:28.277346,neutral,0.304,2026-03-17T12:03:27.026084,0.3046505184760624,2026-03-17T12:03:29.030000,58,,,
participant_22,1,day,Town10HD_Opt,2026-03-17 12:03:29.222865,40.22805404663086,37.97153091430664,0.0020872114691883,18.212,17.586,0.292,0.0,0,0,1,,0.945,2026-03-17T12:03:29.222865,neutral,0.362,2026-03-17T12:03:29.222865,0.3681768977498628,2026-03-17T12:03:30.063000,60,,,
participant_22,1,day,Town10HD_Opt,2026-03-17 12:03:30.159026,40.51772689819336,41.09036636352539,0.00192012777552,16.897,8.039,0.0,0.0,0,0,1,,0.881,2026-03-17T12:03:30.159026,neutral,0.362,2026-03-17T12:03:29.222865,0.3706120189256764,2026-03-17T12:03:31.052000,61,,,
participant_22,1,day,Town10HD_Opt,2026-03-17 12:03:31.112927,40.49995422363281,43.73085021972656,0.0020403286907821,13.035,2.697,0.0,0.0,0,0,1,,0.948,2026-03-17T12:03:31.112927,neutral,0.362,2026-03-17T12:03:29.222865,0.3640485656285766,2026-03-17T12:03:32.042000,58,,,
participant_22,1,day,Town10HD_Opt,2026-03-17 12:03:32.019725,40.47740173339844,45.76190948486328,0.0020146940369158,10.012,0.766,0.0,0.0,0,0,1,,0.903,2026-03-17T12:03:32.019725,neutral,0.771,2026-03-17T12:03:32.019725,0.3710356024938838,2026-03-17T12:03:32.987000,60,,,
participant_22,1,day,Town10HD_Opt,2026-03-17 12:03:33.177137,40.4444694519043,47.77826690673828,0.0019818495493382,7.167,-0.891,0.0,0.0,0,0,1,,0.953,2026-03-17T12:03:33.177137,neutral,0.771,2026-03-17T12:03:32.019725,0.3610120308396053,2026-03-17T12:03:34.022000,61,,,
participant_22,1,day,Town10HD_Opt,2026-03-17 12:03:34.117327,40.44174575805664,48.88105392456055,0.0019764709286391,5.319,-0.985,0.037,0.0,0,0,1,,0.96,2026-03-17T12:03:34.117327,neutral,0.493,2026-03-17T12:03:34.117327,0.3412020016519495,2026-03-17T12:03:35.012000,60,,,
participant_22,1,day,Town10HD_Opt,2026-03-17 12:03:35.244143,40.4461669921875,49.92892074584961,0.0019576263148337,3.653,-1.38,0.035,0.0,0,0,1,,0.879,2026-03-17T12:03:35.244143,neutral,0.493,2026-03-17T12:03:34.117327,0.3235822851120581,2026-03-17T12:03:36.002000,62,,,
participant_22,1,day,Town10HD_Opt,2026-03-17 12:03:36.168181,40.45292663574219,50.49722671508789,0.001948699937202,2.75,-1.248,0.035,0.0,0,0,1,,0.922,2026-03-17T12:03:36.168181,neutral,0.758,2026-03-17T12:03:36.168181,0.4025914173551601,2026-03-17T12:03:36.002000,61,,,
participant_22,1,day,Town10HD_Opt,2026-03-17 12:03:37.091921,40.45931625366211,50.94056701660156,0.0019102859077975,2.658,-1.206,0.051,0.0,0,0,1,,0.956,2026-03-17T12:03:37.091921,neutral,0.758,2026-03-17T12:03:36.168181,0.4280746213608902,2026-03-17T12:03:38.027000,60,,,
participant_22,1,day,Town10HD_Opt,2026-03-17 12:03:38.247910,40.46947479248047,51.50874710083008,0.001936569227837,1.989,-1.046,0.045,0.0,0,0,1,,0.944,2026-03-17T12:03:38.247910,neutral,0.811,2026-03-17T12:03:38.247910,0.4988184612398148,2026-03-17T12:03:39.017000,62,,,
participant_22,1,day,Town10HD_Opt,2026-03-17 12:03:39.133362,40.47594451904297,51.83452606201172,0.0019318008562549,1.709,-1.018,0.045,0.0,0,0,1,,0.936,2026-03-17T12:03:39.133362,neutral,0.811,2026-03-17T12:03:38.247910,0.4483214814585391,2026-03-17T12:03:40.007000,62,,,
participant_22,1,day,Town10HD_Opt,2026-03-17 12:03:40.266082,40.483192443847656,52.18241882324219,0.0020535658113658,0.0,-0.902,0.0,0.238,0,0,1,,0.946,2026-03-17T12:03:40.266082,neutral,0.529,2026-03-17T12:03:40.266082,0.4336005245582358,2026-03-17T12:03:40.998000,61,,,
participant_22,1,day,Town10HD_Opt,2026-03-17 12:03:41.135221,40.48320007324219,52.18257522583008,0.0019246672745794,0.0,-0.844,0.083,0.102,0,0,1,,0.889,2026-03-17T12:03:41.135221,neutral,0.529,2026-03-17T12:03:40.266082,0.4787076156453498,2026-03-17T12:03:42.032000,60,,,
participant_22,1,day,Town10HD_Opt,2026-03-17 12:03:42.028873,40.49367904663086,52.68131637573242,0.0014731602277606,10.309,-0.825,0.994,0.0,0,0,1,,0.96,2026-03-17T12:03:42.028873,neutral,0.529,2026-03-17T12:03:40.266082,0.4237104745186938,2026-03-17T12:03:42.032000,61,,,errors=Stop sign violation
participant_22,1,day,Town10HD_Opt,2026-03-17 12:03:43.224816,40.82137298583984,56.81414031982422,0.0017955400981009,24.011,-7.515,0.669,0.0,0,0,1,,0.852,2026-03-17T12:03:43.224816,sad,0.338,2026-03-17T12:03:43.224816,0.5485655931118671,2026-03-17T12:03:44.016000,61,,,
participant_22,1,day,Town10HD_Opt,2026-03-17 12:03:44.075322,41.98047637939453,61.44430541992188,0.0018352509941905,30.867,-10.978,0.569,0.0,0,0,1,,1.0,2026-03-17T12:03:44.075322,sad,0.338,2026-03-17T12:03:43.224816,0.4612602402555913,2026-03-17T12:03:45.002000,59,,,
participant_22,1,day,Town10HD_Opt,2026-03-17 12:03:45.220864,46.22440719604492,67.46142578125,0.0020740127656608,32.355,-17.968,0.405,0.0,0,0,1,,0.836,2026-03-17T12:03:45.220864,sad,0.338,2026-03-17T12:03:43.224816,0.5596135279997727,2026-03-17T12:03:45.992000,59,,,
participant_22,1,day,Town10HD_Opt,2026-03-17 12:03:46.152125,51.23698043823242,69.77565002441406,0.0021391676273196,30.672,-11.048,0.279,0.0,0,0,1,,0.841,2026-03-17T12:03:46.152125,sad,0.374,2026-03-17T12:03:46.152125,0.5487408710365226,2026-03-17T12:03:47.027000,59,,,
participant_22,1,day,Town10HD_Opt,2026-03-17 12:03:47.070720,56.3657112121582,70.43275451660156,0.0021303938701748,28.49,-9.122,0.28,0.0,0,0,1,,1.0,2026-03-17T12:03:47.070720,sad,0.374,2026-03-17T12:03:46.152125,0.4405846408264492,2026-03-17T12:03:48.017000,60,,,
participant_22,1,day,Town10HD_Opt,2026-03-17 12:03:48.207987,62.69280624389648,70.0138931274414,0.0021076202392578,25.784,1.215,0.268,0.0,0,0,1,,0.923,2026-03-17T12:03:48.207987,sad,0.349,2026-03-17T12:03:48.207987,0.5514787180375809,2026-03-17T12:03:49.007000,59,,,
participant_22,1,day,Town10HD_Opt,2026-03-17 12:03:49.113815,67.04279327392578,69.78319549560547,0.002116737421602,23.647,1.246,0.21,0.0,0,0,1,,0.875,2026-03-17T12:03:49.113815,sad,0.349,2026-03-17T12:03:48.207987,0.5297349088129228,2026-03-17T12:03:49.998000,60,,,
participant_22,1,day,Town10HD_Opt,2026-03-17 12:03:50.232219,71.94728088378906,69.65725708007812,0.0021355054341256,18.823,1.123,0.429,0.0,0,0,1,,0.899,2026-03-17T12:03:50.232219,sad,0.393,2026-03-17T12:03:50.232219,0.560025346964949,2026-03-17T12:03:51.032000,61,,,
participant_22,1,day,Town10HD_Opt,2026-03-17 12:03:51.134215,75.11145782470703,69.64287567138672,0.0019538877531886,16.291,1.241,0.0,0.0,0,0,1,,1.0,2026-03-17T12:03:51.134215,sad,0.393,2026-03-17T12:03:50.232219,0.5397367148865784,2026-03-17T12:03:52.022000,59,,,
participant_22,1,day,Town10HD_Opt,2026-03-17 12:03:52.247246,78.35560607910156,69.69841766357422,0.0020277020521461,11.454,1.142,0.0,0.0,0,0,1,,1.0,2026-03-17T12:03:52.247246,neutral,0.622,2026-03-17T12:03:52.247246,0.5215701362534663,2026-03-17T12:03:53.012000,60,,,
participant_22,1,day,Town10HD_Opt,2026-03-17 12:03:53.138091,80.13916778564453,69.75247192382812,0.0020031353924423,8.795,0.277,0.0,0.0,0,0,1,,0.816,2026-03-17T12:03:53.138091,neutral,0.622,2026-03-17T12:03:52.247246,0.5015825780698863,2026-03-17T12:03:54.003000,60,,,
participant_22,1,day,Town10HD_Opt,2026-03-17 12:03:54.027011,81.50865173339844,69.79306030273438,0.0019835662096738,6.853,-0.139,0.0,0.0,0,0,1,,0.813,2026-03-17T12:03:54.027011,neutral,0.622,2026-03-17T12:03:52.247246,0.5773421526834899,2026-03-17T12:03:54.003000,59,,,
participant_22,1,day,Town10HD_Opt,2026-03-17 12:03:55.108955,82.85325622558594,69.82875061035156,0.0019645690917968,4.678,-0.317,0.0,0.0,0,0,1,,0.843,2026-03-17T12:03:55.108955,neutral,0.595,2026-03-17T12:03:55.108955,0.5376469062680854,2026-03-17T12:03:56.027000,57,,,
participant_22,1,day,Town10HD_Opt,2026-03-17 12:03:56.027008,83.5925064086914,69.8465347290039,0.0019538879860192,3.644,-0.32,0.0,0.0,0,0,1,,1.0,2026-03-17T12:03:56.027008,neutral,0.595,2026-03-17T12:03:55.108955,0.6073692810960233,2026-03-17T12:03:56.027000,60,,,
participant_22,1,day,Town10HD_Opt,2026-03-17 12:03:57.122538,84.3182144165039,69.86316680908203,0.0019435500726103,2.524,-0.282,0.0,0.0,0,0,1,,0.837,2026-03-17T12:03:57.122538,neutral,0.66,2026-03-17T12:03:57.122538,0.5055502816141175,2026-03-17T12:03:58.007000,57,,,
participant_22,1,day,Town10HD_Opt,2026-03-17 12:03:58.055438,84.71711730957031,69.87201690673828,0.0019379424629732,1.967,-0.261,0.0,0.0,0,0,1,,0.891,2026-03-17T12:03:58.055438,neutral,0.66,2026-03-17T12:03:57.122538,0.5629489581529659,2026-03-17T12:03:58.997000,56,,,
participant_22,1,day,Town10HD_Opt,2026-03-17 12:03:59.158338,85.38124084472656,69.88744354248047,0.0015556338476017,10.168,1.424,1.0,0.0,0,0,1,,0.833,2026-03-17T12:03:59.158338,neutral,0.648,2026-03-17T12:03:59.158338,0.5993963361346673,2026-03-17T12:04:00.032000,58,,,
participant_22,1,day,Town10HD_Opt,2026-03-17 12:04:00.038403,88.20568084716797,70.13343048095703,0.0017092137131839,23.639,6.981,1.0,0.0,0,0,1,,0.914,2026-03-17T12:04:00.038403,neutral,0.648,2026-03-17T12:03:59.158338,0.5388563695979155,2026-03-17T12:04:00.032000,57,,,
participant_22,1,day,Town10HD_Opt,2026-03-17 12:04:01.163952,95.24267578125,72.94084167480469,0.0017506792210042,41.812,24.949,0.898,0.0,0,0,1,,0.927,2026-03-17T12:04:01.163952,neutral,0.625,2026-03-17T12:04:01.163952,0.4450344881619583,2026-03-17T12:04:02.012000,58,,,
participant_22,1,day,Town10HD_Opt,2026-03-17 12:04:02.037956,98.7393798828125,79.85103607177734,0.0017956544179469,49.15,4.414,0.671,0.0,0,0,1,,0.945,2026-03-17T12:04:02.037956,neutral,0.625,2026-03-17T12:04:01.163952,0.5495984389692077,2026-03-17T12:04:03.003000,57,,,
participant_22,1,day,Town10HD_Opt,2026-03-17 12:04:03.171999,99.06128692626952,91.3843765258789,0.0020214843098074,49.485,4.294,0.576,0.0,0,0,1,,0.942,2026-03-17T12:04:03.171999,sad,0.409,2026-03-17T12:04:03.171999,0.5415603004625201,2026-03-17T12:04:04.037000,58,,,
participant_22,1,day,Town10HD_Opt,2026-03-17 12:04:04.250749,96.92181396484376,102.78524780273438,0.0020829772111028,49.239,4.645,0.536,0.0,0,0,1,,0.907,2026-03-17T12:04:04.250749,sad,0.409,2026-03-17T12:04:03.171999,0.6284210703530417,2026-03-17T12:04:05.027000,57,,,
participant_22,1,day,Town10HD_Opt,2026-03-17 12:04:05.146742,93.87574005126952,110.92218780517578,0.0020123671274632,50.189,2.327,0.535,0.0,0,0,1,,0.856,2026-03-17T12:04:05.146742,sad,0.409,2026-03-17T12:04:03.171999,0.5503748305339059,2026-03-17T12:04:06.018000,58,,,
participant_22,1,day,Town10HD_Opt,2026-03-17 12:04:06.035876,89.72337341308594,118.62349700927734,0.0021253584418445,48.461,10.326,0.0,0.0,0,0,1,,0.928,2026-03-17T12:04:06.035876,neutral,0.416,2026-03-17T12:04:06.035876,0.5238498785924499,2026-03-17T12:04:07.007000,59,,,
participant_22,1,day,Town10HD_Opt,2026-03-17 12:04:07.206487,82.36154174804688,124.99127960205078,0.002263793721795,36.606,3.919,0.38,0.0,0,0,1,,0.883,2026-03-17T12:04:07.206487,neutral,0.416,2026-03-17T12:04:06.035876,0.5211240440434143,2026-03-17T12:04:07.999000,60,,,
participant_22,1,day,Town10HD_Opt,2026-03-17 12:04:08.040306,76.61688232421875,127.92735290527344,0.001915970002301,39.261,7.268,0.675,0.0,0,0,1,,1.0,2026-03-17T12:04:08.040306,angry,0.496,2026-03-17T12:04:08.040306,0.5707664815620158,2026-03-17T12:04:07.999000,60,,,
participant_22,1,day,Town10HD_Opt,2026-03-17 12:04:09.231287,66.99937438964844,130.20126342773438,0.0019124986138194,45.505,4.558,0.599,0.0,0,0,1,,0.932,2026-03-17T12:04:09.231287,angry,0.496,2026-03-17T12:04:08.040306,0.5683095937483047,2026-03-17T12:04:10.067000,61,,,
participant_22,1,day,Town10HD_Opt,2026-03-17 12:04:10.183847,58.85445022583008,130.6556854248047,0.0019985197577625,47.387,1.011,0.487,0.0,0,0,1,,0.964,2026-03-17T12:04:10.183847,neutral,0.684,2026-03-17T12:04:10.183847,0.5176983939384118,2026-03-17T12:04:11.147000,61,,,
participant_22,1,day,Town10HD_Opt,2026-03-17 12:04:11.164504,50.61122894287109,130.63462829589844,0.0020861434750258,46.343,-0.045,0.398,0.0,0,0,1,,0.914,2026-03-17T12:04:11.164504,neutral,0.684,2026-03-17T12:04:10.183847,0.5389169402730103,2026-03-17T12:04:12.002000,60,,,
participant_22,1,day,Town10HD_Opt,2026-03-17 12:04:12.060634,42.68700408935547,130.60182189941406,0.0021224212832748,43.92,-0.211,0.369,0.0,0,0,1,,0.893,2026-03-17T12:04:12.060634,neutral,0.684,2026-03-17T12:04:10.183847,0.4838787683806048,2026-03-17T12:04:12.002000,63,,,
participant_22,1,day,Town10HD_Opt,2026-03-17 12:04:13.197288,32.7637939453125,130.61508178710938,0.0021099471487104,41.03,0.045,0.369,0.0,0,0,1,,0.896,2026-03-17T12:04:13.197288,neutral,0.603,2026-03-17T12:04:13.197288,0.5681936580293243,2026-03-17T12:04:14.027000,63,,,
participant_22,1,day,Town10HD_Opt,2026-03-17 12:04:14.102728,25.72961807250977,130.616455078125,0.0021001051645725,39.234,0.172,0.369,0.0,0,0,1,,1.0,2026-03-17T12:04:14.102728,neutral,0.603,2026-03-17T12:04:13.197288,0.5349998090481068,2026-03-17T12:04:15.018000,64,,,
participant_22,1,day,Town10HD_Opt,2026-03-17 12:04:15.009543,18.98780059814453,130.5938720703125,0.0020917130168527,37.707,0.021,0.369,0.0,0,0,1,,0.856,2026-03-17T12:04:15.009543,neutral,0.603,2026-03-17T12:04:13.197288,0.5840950582681907,2026-03-17T12:04:15.018000,64,,,
participant_22,1,day,Town10HD_Opt,2026-03-17 12:04:16.198329,10.379687309265137,130.5550994873047,0.0020825194660574,36.012,-0.101,0.369,0.0,0,0,1,,0.881,2026-03-17T12:04:16.198329,neutral,0.394,2026-03-17T12:04:16.198329,0.561577374340724,2026-03-17T12:04:16.998000,65,,,
participant_22,1,day,Town10HD_Opt,2026-03-17 12:04:17.083374,4.164011478424072,130.54180908203125,0.0020772933494299,34.762,0.075,0.114,0.0,0,0,1,,0.934,2026-03-17T12:04:17.083374,neutral,0.394,2026-03-17T12:04:16.198329,0.4969553619494221,2026-03-17T12:04:18.032000,68,,,
participant_22,1,day,Town10HD_Opt,2026-03-17 12:04:18.224290,-3.04335355758667,130.5192413330078,0.0022883603814989,25.468,0.106,0.0,0.186,0,0,1,,0.924,2026-03-17T12:04:18.224290,neutral,0.5,2026-03-17T12:04:18.224290,0.5646886660688332,2026-03-17T12:04:19.022000,68,,,
participant_22,1,day,Town10HD_Opt,2026-03-17 12:04:19.130744,-6.914708137512207,130.49476623535156,0.0022651669569313,18.41,0.106,0.0,0.0,0,0,1,,0.927,2026-03-17T12:04:19.130744,neutral,0.5,2026-03-17T12:04:18.224290,0.4713397109768512,2026-03-17T12:04:20.013000,67,,,
participant_22,1,day,Town10HD_Opt,2026-03-17 12:04:20.250793,-10.611628532409668,130.4619598388672,0.0020419692154973,13.075,0.101,0.0,0.0,0,0,1,,0.923,2026-03-17T12:04:20.250793,fear,0.579,2026-03-17T12:04:20.250793,0.5291209144231355,2026-03-17T12:04:21.004000,64,,,
participant_22,1,day,Town10HD_Opt,2026-03-17 12:04:21.119258,-12.649171829223633,130.4404754638672,0.002014884725213,10.046,0.096,0.0,0.0,0,0,1,,0.921,2026-03-17T12:04:21.119258,fear,0.579,2026-03-17T12:04:20.250793,0.6625234853293265,2026-03-17T12:04:22.038000,61,,,
participant_22,1,day,Town10HD_Opt,2026-03-17 12:04:22.256802,-14.650198936462402,130.41726684570312,0.0019866179209202,7.063,0.089,0.0,0.0,0,0,1,,0.964,2026-03-17T12:04:22.256802,neutral,0.794,2026-03-17T12:04:22.256802,0.5571497485344198,2026-03-17T12:04:23.029000,63,,,
participant_22,1,day,Town10HD_Opt,2026-03-17 12:04:23.123944,-15.750271797180176,130.40362548828125,0.001971015939489,5.422,0.087,0.0,0.0,0,0,1,,0.946,2026-03-17T12:04:23.123944,neutral,0.794,2026-03-17T12:04:22.256802,0.5560629665589376,2026-03-17T12:04:24.017000,64,,,
participant_22,1,day,Town10HD_Opt,2026-03-17 12:04:24.011634,-16.594825744628906,130.39280700683594,0.0019588088616728,4.163,0.087,0.0,0.0,0,0,1,,0.94,2026-03-17T12:04:24.011634,neutral,0.794,2026-03-17T12:04:22.256802,0.4789417004989328,2026-03-17T12:04:24.017000,63,,,
participant_22,1,day,Town10HD_Opt,2026-03-17 12:04:25.137045,-17.40605926513672,130.38211059570312,0.0019683837890625,2.525,0.07,0.025,0.0,0,0,1,,0.955,2026-03-17T12:04:25.137045,neutral,0.713,2026-03-17T12:04:25.137045,0.4973316741918831,2026-03-17T12:04:25.997000,64,,,
participant_22,1,day,Town10HD_Opt,2026-03-17 12:04:26.052696,-17.77520179748535,130.3774871826172,0.0019441222539171,1.634,0.07,0.022,0.0,0,0,1,,0.942,2026-03-17T12:04:26.052696,neutral,0.713,2026-03-17T12:04:25.137045,0.5036477225508338,2026-03-17T12:04:25.997000,62,,,
participant_22,1,day,Town10HD_Opt,2026-03-17 12:04:27.208335,-18.082988739013672,130.37374877929688,0.0019344328902661,0.998,0.07,0.022,0.0,0,0,1,,0.957,2026-03-17T12:04:27.208335,neutral,0.675,2026-03-17T12:04:27.208335,0.4603189541113691,2026-03-17T12:04:28.022000,60,,,
participant_22,1,day,Town10HD_Opt,2026-03-17 12:04:28.116805,-18.23344039916992,130.37164306640625,0.0018921660957857,1.303,0.07,0.167,0.0,0,0,1,,0.924,2026-03-17T12:04:28.116805,neutral,0.675,2026-03-17T12:04:27.208335,0.4192108539424977,2026-03-17T12:04:29.012000,58,,,
participant_22,1,day,Town10HD_Opt,2026-03-17 12:04:29.015840,-18.540189743041992,130.36764526367188,0.0019003676716238,1.979,0.07,0.106,0.0,0,0,1,,0.935,2026-03-17T12:04:29.015840,neutral,0.675,2026-03-17T12:04:27.208335,0.4171833675798783,2026-03-17T12:04:29.012000,58,,,
participant_22,1,day,Town10HD_Opt,2026-03-17 12:04:30.188403,-19.27580070495605,130.35586547851562,0.0016007998492568,8.859,0.07,1.0,0.0,0,0,1,,0.893,2026-03-17T12:04:30.188403,neutral,0.807,2026-03-17T12:04:30.188403,0.3774038648634393,2026-03-17T12:04:30.994000,54,,,
participant_22,1,day,Town10HD_Opt,2026-03-17 12:04:31.091159,-22.05830764770508,130.30731201171875,0.0017182163428515,23.105,0.376,0.938,0.0,0,0,1,,0.888,2026-03-17T12:04:31.091159,neutral,0.807,2026-03-17T12:04:30.188403,0.3530900091938346,2026-03-17T12:04:32.028000,56,,,
participant_22,1,day,Town10HD_Opt,2026-03-17 12:04:32.044223,-26.9550724029541,129.98748779296875,0.0019465256482362,29.614,5.231,0.201,0.0,0,0,1,,0.926,2026-03-17T12:04:32.044223,neutral,0.807,2026-03-17T12:04:30.188403,0.4161305687277717,2026-03-17T12:04:32.028000,55,,,
participant_22,1,day,Town10HD_Opt,2026-03-17 12:04:33.219081,-33.25608444213867,128.64529418945312,0.0021723173558712,25.037,14.719,0.239,0.0,0,0,1,,0.954,2026-03-17T12:04:33.219081,neutral,0.373,2026-03-17T12:04:33.219081,0.3378753439448884,2026-03-17T12:04:34.007000,58,,,
participant_22,1,day,Town10HD_Opt,2026-03-17 12:04:34.138029,-36.880859375,126.47284698486328,0.0020377349574118,24.936,16.629,0.54,0.0,0,0,1,,0.961,2026-03-17T12:04:34.138029,neutral,0.373,2026-03-17T12:04:33.219081,0.3356863699967337,2026-03-17T12:04:34.999000,58,,,
participant_22,1,day,Town10HD_Opt,2026-03-17 12:04:35.040012,-39.74918746948242,122.8386459350586,0.0019451142288744,28.862,16.607,0.572,0.0,0,0,1,,0.921,2026-03-17T12:04:35.040012,neutral,0.373,2026-03-17T12:04:33.219081,0.276649964700603,2026-03-17T12:04:34.999000,59,,,
participant_22,1,day,Town10HD_Opt,2026-03-17 12:04:36.254800,-41.29298400878906,115.76919555664062,0.0019360734149813,34.051,6.319,0.48,0.0,0,0,1,,0.92,2026-03-17T12:04:36.254800,happy,0.816,2026-03-17T12:04:36.254800,0.3468088140192792,2026-03-17T12:04:37.022000,60,Stop sign violation,stop_sign_id=1062,
participant_22,1,day,Town10HD_Opt,2026-03-17 12:04:37.192992,-41.21813201904297,109.90599060058594,0.0022252271883189,30.45,-4.459,0.0,0.0,0,0,1,,0.936,2026-03-17T12:04:37.192992,happy,0.816,2026-03-17T12:04:36.254800,0.3473553317611264,2026-03-17T12:04:38.057000,60,,,
participant_22,1,day,Town10HD_Opt,2026-03-17 12:04:38.130962,-41.3915901184082,104.92833709716795,0.0020677566062659,27.952,1.822,0.45,0.0,0,0,1,,0.944,2026-03-17T12:04:38.130962,happy,0.816,2026-03-17T12:04:36.254800,0.355675068102065,2026-03-17T12:04:39.002000,60,,,
participant_22,1,day,Town10HD_Opt,2026-03-17 12:04:39.036356,-41.41936874389648,99.91204833984376,0.0020285795908421,28.913,0.284,0.339,0.0,0,0,1,,0.928,2026-03-17T12:04:39.036356,neutral,0.705,2026-03-17T12:04:39.036356,0.2834087266154499,2026-03-17T12:04:39.002000,61,,,
participant_22,1,day,Town10HD_Opt,2026-03-17 12:04:40.235104,-41.40507125854492,93.260498046875,0.0020679091103374,27.943,-0.136,0.335,0.0,0,0,1,,0.936,2026-03-17T12:04:40.235104,neutral,0.705,2026-03-17T12:04:39.036356,0.3033497912583363,2026-03-17T12:04:41.028000,59,,,
participant_22,1,day,Town10HD_Opt,2026-03-17 12:04:41.145716,-41.40153121948242,88.4228515625,0.0020660399459302,27.239,-0.54,0.334,0.0,0,0,1,,0.968,2026-03-17T12:04:41.145716,neutral,0.511,2026-03-17T12:04:41.145716,0.4146651407701546,2026-03-17T12:04:42.017000,62,,,
participant_22,1,day,Town10HD_Opt,2026-03-17 12:04:42.044051,-41.43154144287109,83.70233917236328,0.0020639800932258,26.603,2.146,0.332,0.0,0,0,1,,0.936,2026-03-17T12:04:42.044051,neutral,0.511,2026-03-17T12:04:41.145716,0.2786548070789557,2026-03-17T12:04:43.008000,64,,,
participant_22,1,day,Town10HD_Opt,2026-03-17 12:04:43.262995,-40.69852066040039,77.6744384765625,0.0020794295705854,25.553,10.713,0.329,0.0,0,0,1,,0.917,2026-03-17T12:04:43.262995,neutral,0.765,2026-03-17T12:04:43.262995,0.3609511766591318,2026-03-17T12:04:43.998000,63,,,
participant_22,1,day,Town10HD_Opt,2026-03-17 12:04:44.213621,-38.85348510742188,73.72233581542969,0.0021255493629723,24.388,25.264,0.33,0.0,0,0,1,,0.849,2026-03-17T12:04:44.213621,neutral,0.765,2026-03-17T12:04:43.262995,0.405915276979805,2026-03-17T12:04:45.032000,65,,,
participant_22,1,day,Town10HD_Opt,2026-03-17 12:04:45.174670,-35.5714111328125,71.2172622680664,0.0021254348102957,23.546,21.477,0.33,0.0,0,0,1,,1.0,2026-03-17T12:04:45.174670,neutral,0.765,2026-03-17T12:04:43.262995,0.3392572181560271,2026-03-17T12:04:46.068000,62,,,
participant_22,1,day,Town10HD_Opt,2026-03-17 12:04:46.140885,-31.641990661621094,70.06461334228516,0.0020690155215561,23.292,10.324,0.33,0.0,0,0,1,,0.929,2026-03-17T12:04:46.140885,neutral,0.611,2026-03-17T12:04:46.140885,0.3637500869916005,2026-03-17T12:04:47.012000,61,,,
participant_22,1,day,Town10HD_Opt,2026-03-17 12:04:47.137930,-27.60611343383789,69.79186248779297,0.0020627593621611,23.003,7.301,0.33,0.0,0,0,1,,0.912,2026-03-17T12:04:47.137930,neutral,0.611,2026-03-17T12:04:46.140885,0.3697543194887253,2026-03-17T12:04:48.003000,62,,,
participant_22,1,day,Town10HD_Opt,2026-03-17 12:04:48.087394,-23.5939884185791,69.97390747070312,0.0020509338937699,22.814,-1.107,0.33,0.0,0,0,1,,0.883,2026-03-17T12:04:48.087394,neutral,0.611,2026-03-17T12:04:46.140885,0.303591978390697,2026-03-17T12:04:48.994000,61,,,
participant_22,1,day,Town10HD_Opt,2026-03-17 12:04:49.040883,-19.58437728881836,70.11895751953125,0.0020220184233039,23.259,-0.721,0.386,0.0,0,0,1,,0.871,2026-03-17T12:04:49.040883,sad,0.466,2026-03-17T12:04:49.040883,0.3604855701043304,2026-03-17T12:04:48.994000,63,,,
participant_22,1,day,Town10HD_Opt,2026-03-17 12:04:50.246960,-14.036417007446287,70.19523620605469,0.0020224379841238,24.239,-1.549,0.373,0.0,0,0,1,,0.913,2026-03-17T12:04:50.246960,sad,0.466,2026-03-17T12:04:49.040883,0.3439846969772856,2026-03-17T12:04:51.153000,65,,,
participant_22,1,day,Town10HD_Opt,2026-03-17 12:04:51.158096,-9.749564170837402,70.16883850097656,0.0020286941435188,24.715,-0.012,0.368,0.0,0,0,1,,1.0,2026-03-17T12:04:51.158096,neutral,0.747,2026-03-17T12:04:51.158096,0.3753776719352556,2026-03-17T12:04:51.153000,64,,,
participant_22,1,day,Town10HD_Opt,2026-03-17 12:04:52.075737,-5.388725280761719,70.15120697021484,0.0020312117412686,25.098,-0.031,0.368,0.0,0,0,1,,1.0,2026-03-17T12:04:52.075737,neutral,0.747,2026-03-17T12:04:51.158096,0.3836751728418188,2026-03-17T12:04:52.998000,68,,,
participant_22,1,day,Town10HD_Opt,2026-03-17 12:04:53.204877,0.5226180553436279,70.13807678222656,0.0020333479624241,25.524,0.106,0.268,0.0,0,0,1,,0.857,2026-03-17T12:04:53.204877,neutral,0.64,2026-03-17T12:04:53.204877,0.3602815735760731,2026-03-17T12:04:54.033000,68,,,
participant_22,1,day,Town10HD_Opt,2026-03-17 12:04:54.084041,4.862653255462647,70.147216796875,0.0021224594675004,23.412,0.014,0.203,0.0,0,0,1,,0.903,2026-03-17T12:04:54.084041,neutral,0.64,2026-03-17T12:04:53.204877,0.3897830618135948,2026-03-17T12:04:55.022000,68,,,
participant_22,1,day,Town10HD_Opt,2026-03-17 12:04:55.075966,8.74805736541748,70.15489959716797,0.0021305081900209,20.853,-0.195,0.201,0.0,0,0,1,,1.0,2026-03-17T12:04:55.075966,neutral,0.64,2026-03-17T12:04:53.204877,0.3469726159702973,2026-03-17T12:04:56.013000,69,,,
participant_22,1,day,Town10HD_Opt,2026-03-17 12:04:56.039058,12.183272361755373,70.14818572998047,0.0021218489855527,18.29,0.066,0.201,0.0,0,0,1,,0.806,2026-03-17T12:04:56.039058,neutral,0.715,2026-03-17T12:04:56.039058,0.3417338422531613,2026-03-17T12:04:57.003000,68,,,
participant_22,1,day,Town10HD_Opt,2026-03-17 12:04:57.272203,16.378135681152344,70.14707946777344,0.001900634728372,17.537,0.092,0.201,0.0,0,0,1,,0.895,2026-03-17T12:04:57.272203,neutral,0.715,2026-03-17T12:04:56.039058,0.3726412743882817,2026-03-17T12:04:58.038000,66,,,
participant_22,1,day,Town10HD_Opt,2026-03-17 12:04:58.219806,19.3189640045166,70.15180206298828,0.0020219800062477,15.088,0.082,0.0,0.0,0,0,1,,0.9,2026-03-17T12:04:58.219806,neutral,0.645,2026-03-17T12:04:58.219806,0.4219135782295278,2026-03-17T12:04:59.027000,65,,,
participant_22,2,day,Town10HD_Opt,2026-03-17 12:15:00.000000,-41.66858673095703,89.7454833984375,0.5804919004440308,13.77,-0.416,0.266,0.0,0,0,1,,1.0,2026-03-17T12:15:00,,,2026-03-17T12:15:00,0.5736974755496537,2026-03-17T12:15:00,51,,,
participant_22,2,day,Town10HD_Opt,2026-03-17 12:15:04.603194,-41.71414566040039,86.84776306152344,0.0018312071915715,13.833,-0.404,0.265,0.0,0,0,1,,1.0,2026-03-17T12:15:04.603194,,,2026-03-17T12:15:04.603194,0.5269186955474353,2026-03-17T12:15:04.996000,52,,,
participant_22,2,day,Town10HD_Opt,2026-03-17 12:15:05.277381,-41.743614196777344,85.19395446777344,0.0018836212111636,14.484,-0.092,0.282,0.0,0,0,1,,0.954,2026-03-17T12:15:05.277381,,,2026-03-17T12:15:04.603194,0.5102215538781013,2026-03-17T12:15:04.996000,51,,,
participant_22,2,day,Town10HD_Opt,2026-03-17 12:15:05.998646,-41.76593017578125,83.45955657958984,0.001883735647425,15.215,1.382,0.274,0.0,0,0,1,,0.919,2026-03-17T12:15:05.998646,,,2026-03-17T12:15:04.603194,0.5353128960214902,2026-03-17T12:15:05.985000,52,,,
participant_22,2,day,Town10HD_Opt,2026-03-17 12:15:07.224991,-41.60790252685547,79.74871063232422,0.0018973922124132,16.505,9.478,0.211,0.0,0,0,1,,0.904,2026-03-17T12:15:07.224991,neutral,0.824,2026-03-17T12:15:07.224991,0.4631758858159411,2026-03-17T12:15:07.066000,53,,,
participant_22,2,day,Town10HD_Opt,2026-03-17 12:15:08.199405,-40.92048645019531,77.0014419555664,0.0019497680477797,15.99,17.309,0.211,0.0,0,0,1,,1.0,2026-03-17T12:15:08.199405,neutral,0.824,2026-03-17T12:15:07.224991,0.4881342864060083,2026-03-17T12:15:08.010000,54,,,
participant_22,2,day,Town10HD_Opt,2026-03-17 12:15:09.726710,-40.54118347167969,76.1579818725586,0.0019556425977498,15.823,19.396,0.213,0.0,0,0,1,,1.0,2026-03-17T12:15:09.726710,neutral,0.824,2026-03-17T12:15:09.726710,0.4882080414598689,2026-03-17T12:15:09.990000,54,,,
participant_22,2,day,Town10HD_Opt,2026-03-17 12:15:10.074945,-40.08636093139648,75.36325073242188,0.001955299405381,15.711,20.17,0.213,0.0,0,0,1,,1.0,2026-03-17T12:15:09.726710,neutral,0.824,2026-03-17T12:15:09.726710,0.4650736829444825,2026-03-17T12:15:09.990000,54,,,
participant_22,2,day,Town10HD_Opt,2026-03-17 12:15:11.000345,-38.32851409912109,73.30603790283203,0.0019388579530641,15.606,19.849,0.263,0.0,0,0,1,,1.0,2026-03-17T12:15:11.000345,neutral,0.824,2026-03-17T12:15:09.726710,0.4815573895005335,2026-03-17T12:15:10.982000,55,,,
participant_22,2,day,Town10HD_Opt,2026-03-17 12:15:11.995293,-36.02323532104492,71.75213623046875,0.001906051649712,16.613,19.049,0.342,0.0,0,0,1,,1.0,2026-03-17T12:15:11.995293,neutral,0.587,2026-03-17T12:15:11.995293,0.4897833080759452,2026-03-17T12:15:12.016000,54,,,
participant_22,2,day,Town10HD_Opt,2026-03-17 12:15:13.020162,-33.1413459777832,70.76390075683594,0.0021391676273196,18.116,15.046,0.379,0.0,0,0,1,,1.0,2026-03-17T12:15:13.020162,neutral,0.587,2026-03-17T12:15:11.995293,0.3895383947015844,2026-03-17T12:15:13.005000,58,,,
participant_22,2,day,Town10HD_Opt,2026-03-17 12:15:14.078739,-29.96278190612793,70.29515075683594,0.0020211029332131,18.862,6.073,0.391,0.0,0,0,1,,1.0,2026-03-17T12:15:14.078739,neutral,0.547,2026-03-17T12:15:14.078739,0.4442813816528933,2026-03-17T12:15:13.996000,61,,,
participant_22,2,day,Town10HD_Opt,2026-03-17 12:15:15.054538,-26.514366149902344,70.07587432861328,0.0019470596453174,21.372,1.558,0.493,0.0,0,0,1,,1.0,2026-03-17T12:15:15.054538,neutral,0.547,2026-03-17T12:15:14.078739,0.37579826576021,2026-03-17T12:15:14.985000,61,,,
participant_22,2,day,Town10HD_Opt,2026-03-17 12:15:16.019088,-22.495723724365234,69.91191101074219,0.0019318771082907,24.845,1.199,0.47,0.0,0,0,1,,1.0,2026-03-17T12:15:16.019088,neutral,0.547,2026-03-17T12:15:14.078739,0.4896328488161501,2026-03-17T12:15:15.975000,60,,,
participant_22,2,day,Town10HD_Opt,2026-03-17 12:15:17.027527,-17.97461700439453,69.85194396972656,0.0019925308879464,26.649,0.841,0.383,0.0,0,0,1,,1.0,2026-03-17T12:15:17.027527,fear,0.446,2026-03-17T12:15:17.027527,0.451085494417021,2026-03-17T12:15:17.010000,61,,,
participant_22,2,day,Town10HD_Opt,2026-03-17 12:15:18.190069,-14.848536491394045,69.8650894165039,0.0020354080479592,26.709,-0.021,0.238,0.0,0,0,1,,0.937,2026-03-17T12:15:18.190069,fear,0.446,2026-03-17T12:15:17.027527,0.3960978562414153,2026-03-17T12:15:18.097000,60,,,
participant_22,2,day,Town10HD_Opt,2026-03-17 12:15:19.141510,-10.36380386352539,69.88735961914062,0.0021281433291733,23.828,-0.301,0.191,0.0,0,0,1,,0.843,2026-03-17T12:15:19.141510,neutral,0.418,2026-03-17T12:15:19.141510,0.3937639285191991,2026-03-17T12:15:18.992000,60,,,
participant_22,2,day,Town10HD_Opt,2026-03-17 12:15:20.183899,-6.366697788238525,69.88381958007812,0.0021309279836714,21.37,0.04,0.237,0.0,0,0,1,,0.868,2026-03-17T12:15:20.183899,neutral,0.418,2026-03-17T12:15:19.141510,0.4349726332577067,2026-03-17T12:15:19.983000,60,,,
participant_22,2,day,Town10HD_Opt,2026-03-17 12:15:21.146569,-2.7747035026550293,69.87919616699219,0.002087326021865,19.804,0.153,0.305,0.0,0,0,1,,0.805,2026-03-17T12:15:21.146569,sad,0.339,2026-03-17T12:15:21.146569,0.3876817987570072,2026-03-17T12:15:21.105000,61,,,
participant_22,2,day,Town10HD_Opt,2026-03-17 12:15:22.072873,0.6530046463012695,69.88352966308594,0.0020483396947383,19.545,0.263,0.374,0.0,0,0,1,,1.0,2026-03-17T12:15:22.072873,sad,0.339,2026-03-17T12:15:21.146569,0.423173195526373,2026-03-17T12:15:22.008000,60,,,
participant_22,2,day,Town10HD_Opt,2026-03-17 12:15:23.034229,4.14832067489624,69.89466857910156,0.0020031738094985,20.672,-0.211,0.402,0.0,0,0,1,,1.0,2026-03-17T12:15:23.034229,sad,0.339,2026-03-17T12:15:21.146569,0.3589231259567087,2026-03-17T12:15:23.040000,61,,,
participant_22,2,day,Town10HD_Opt,2026-03-17 12:15:24.230208,9.152071952819824,69.9055404663086,0.0020482635591179,21.431,0.266,0.016,0.0,0,0,1,,1.0,2026-03-17T12:15:24.230208,sad,0.473,2026-03-17T12:15:24.230208,0.372784111627956,2026-03-17T12:15:23.986000,61,,,
participant_22,2,day,Town10HD_Opt,2026-03-17 12:15:25.194145,12.549891471862791,69.93724822998047,0.0019112013978883,17.631,0.411,0.103,0.0,0,0,1,,1.0,2026-03-17T12:15:25.194145,sad,0.473,2026-03-17T12:15:24.230208,0.3338707267296384,2026-03-17T12:15:25.111000,62,,,
participant_22,2,day,Town10HD_Opt,2026-03-17 12:15:26.119274,15.405571937561035,69.96910095214844,0.0019998168572783,14.932,-0.19,0.091,0.0,0,0,1,,1.0,2026-03-17T12:15:26.119274,sad,0.473,2026-03-17T12:15:24.230208,0.3299833200140727,2026-03-17T12:15:26.011000,59,,,
participant_22,2,day,Town10HD_Opt,2026-03-17 12:15:27.044012,17.847455978393555,69.98662567138672,0.0019851303659379,12.85,-0.369,0.08,0.0,0,0,1,,1.0,2026-03-17T12:15:27.044012,neutral,0.349,2026-03-17T12:15:27.044012,0.3645952147043935,2026-03-17T12:15:27.046000,58,,,
participant_22,2,day,Town10HD_Opt,2026-03-17 12:15:28.204172,20.466970443725582,69.99284362792969,0.0020062255207449,9.432,-0.247,0.0,0.0,0,0,1,,0.865,2026-03-17T12:15:28.204172,neutral,0.349,2026-03-17T12:15:27.044012,0.4194364111241935,2026-03-17T12:15:28.036000,61,,,
participant_22,2,day,Town10HD_Opt,2026-03-17 12:15:29.078946,21.90753173828125,69.9925537109375,0.0019838332664221,7.032,-0.237,0.0,0.0,0,0,1,,1.0,2026-03-17T12:15:29.078946,fear,0.357,2026-03-17T12:15:29.078946,0.3037433686475986,2026-03-17T12:15:28.980000,61,,,
participant_22,2,day,Town10HD_Opt,2026-03-17 12:15:30.261682,23.32919883728028,69.98948669433594,0.0019669723697006,5.017,-0.237,0.0,0.0,0,0,1,,0.877,2026-03-17T12:15:30.261682,fear,0.357,2026-03-17T12:15:29.078946,0.2722665343026832,2026-03-17T12:15:30.150000,63,,,
participant_22,2,day,Town10HD_Opt,2026-03-17 12:15:31.195205,24.110774993896484,69.9866714477539,0.0019558714702725,3.796,-0.226,0.0,0.0,0,0,1,,1.0,2026-03-17T12:15:31.195205,sad,0.356,2026-03-17T12:15:31.195205,0.2436256361207915,2026-03-17T12:15:31.006000,65,,,
participant_22,2,day,Town10HD_Opt,2026-03-17 12:15:32.159148,24.686368942260746,69.98406982421875,0.0019219970563426,3.23,-0.226,0.0,0.0,0,0,1,,0.823,2026-03-17T12:15:32.159148,sad,0.356,2026-03-17T12:15:31.195205,0.354180092410152,2026-03-17T12:15:31.996000,64,,,
participant_22,2,day,Town10HD_Opt,2026-03-17 12:15:33.031269,25.20854377746582,69.98141479492188,0.0019409941742196,2.599,-0.223,0.0,0.0,0,0,1,,0.82,2026-03-17T12:15:33.031269,sad,0.356,2026-03-17T12:15:31.195205,0.3292932194987805,2026-03-17T12:15:33.121000,64,,,
participant_22,2,day,Town10HD_Opt,2026-03-17 12:15:34.171222,25.36604690551757,69.98048400878906,0.0019329834030941,0.058,-0.2,0.326,0.0,0,0,1,,0.804,2026-03-17T12:15:34.171222,sad,0.53,2026-03-17T12:15:34.171222,0.2903900531776321,2026-03-17T12:15:33.976000,63,,,
participant_22,2,day,Town10HD_Opt,2026-03-17 12:15:35.111825,25.66123390197754,69.97871398925781,0.0017847823910415,3.893,-0.2,0.122,0.0,0,0,1,,0.822,2026-03-17T12:15:35.111825,sad,0.53,2026-03-17T12:15:34.171222,0.239435387194231,2026-03-17T12:15:35.101000,62,,,
participant_22,2,day,Town10HD_Opt,2026-03-17 12:15:36.312855,26.08310890197754,69.97650146484375,0.0019690704066306,0.149,-0.188,0.051,0.0,0,0,1,,0.858,2026-03-17T12:15:36.312855,fear,0.31,2026-03-17T12:15:36.312855,0.3409748612885972,2026-03-17T12:15:36.002000,61,,,
participant_22,2,day,Town10HD_Opt,2026-03-17 12:15:37.055223,26.15567970275879,69.97587585449219,0.0017691802931949,3.055,-0.188,0.641,0.0,0,0,1,,1.0,2026-03-17T12:15:37.055223,fear,0.31,2026-03-17T12:15:36.312855,0.3403747411131972,2026-03-17T12:15:36.991000,60,,,
participant_22,2,day,Town10HD_Opt,2026-03-17 12:15:38.218070,27.42574119567871,69.96586608886719,0.0016044997610151,12.013,-1.069,0.632,0.0,0,0,1,,0.881,2026-03-17T12:15:38.218070,fear,0.31,2026-03-17T12:15:36.312855,0.2680614798954441,2026-03-17T12:15:37.983000,57,,,errors=Stop sign violation
participant_22,2,day,Town10HD_Opt,2026-03-17 12:15:39.159890,30.2026424407959,69.83111572265625,0.0019955444149672,18.425,-6.945,0.463,0.0,0,0,1,,1.0,2026-03-17T12:15:39.159890,neutral,0.805,2026-03-17T12:15:39.159890,0.2886145852598376,2026-03-17T12:15:39.017000,56,,,
participant_22,2,day,Town10HD_Opt,2026-03-17 12:15:40.116724,33.38030242919922,69.24765014648438,0.0020598983392119,18.387,-10.749,0.282,0.0,0,0,1,,1.0,2026-03-17T12:15:40.116724,neutral,0.805,2026-03-17T12:15:39.159890,0.3153551776602055,2026-03-17T12:15:40.006000,53,,,
participant_22,2,day,Town10HD_Opt,2026-03-17 12:15:41.087785,36.35465621948242,68.10050201416016,0.0020457075443118,18.278,-12.33,0.337,0.0,0,0,1,,1.0,2026-03-17T12:15:41.087785,neutral,0.805,2026-03-17T12:15:39.159890,0.2213875087146216,2026-03-17T12:15:40.996000,50,,,
participant_22,2,day,Town10HD_Opt,2026-03-17 12:15:42.086678,39.02843475341797,66.39702606201172,0.0020514677744358,18.232,-12.1,0.284,0.0,0,0,1,,1.0,2026-03-17T12:15:42.086678,neutral,0.482,2026-03-17T12:15:42.086678,0.2308209577386205,2026-03-17T12:15:41.985000,50,,,
participant_22,2,day,Town10HD_Opt,2026-03-17 12:15:43.092124,41.320560455322266,64.18830108642578,0.0020704651251435,18.379,-12.67,0.287,0.0,0,0,1,,1.0,2026-03-17T12:15:43.092124,neutral,0.482,2026-03-17T12:15:42.086678,0.2961409059687829,2026-03-17T12:15:42.976000,49,,,
participant_22,2,day,Town10HD_Opt,2026-03-17 12:15:44.029828,43.09922790527344,61.55058288574219,0.0020526503212749,18.258,-14.2,0.281,0.0,0,0,1,,1.0,2026-03-17T12:15:44.029828,neutral,0.482,2026-03-17T12:15:42.086678,0.2512604906614996,2026-03-17T12:15:44.010000,50,,,
participant_22,2,day,Town10HD_Opt,2026-03-17 12:15:45.226520,44.45420455932617,57.54621887207031,0.0020399093627929,18.226,-13.872,0.224,0.0,0,0,1,,1.0,2026-03-17T12:15:45.226520,happy,0.779,2026-03-17T12:15:45.226520,0.3071873574711675,2026-03-17T12:15:45.001000,54,,,
participant_22,2,day,Town10HD_Opt,2026-03-17 12:15:46.222282,44.67829513549805,54.50564956665039,0.0020078276284039,15.613,-9.621,0.0,0.0,0,0,1,,1.0,2026-03-17T12:15:46.222282,happy,0.779,2026-03-17T12:15:45.226520,0.2569309163436153,2026-03-17T12:15:45.994000,53,,,
participant_22,2,day,Town10HD_Opt,2026-03-17 12:15:47.261774,44.590667724609375,52.04737091064453,0.0020014953333884,12.698,-4.752,0.102,0.0,0,0,1,,0.835,2026-03-17T12:15:47.261774,neutral,0.608,2026-03-17T12:15:47.261774,0.2864458297800775,2026-03-17T12:15:46.981000,55,,,
participant_22,2,day,Town10HD_Opt,2026-03-17 12:15:48.249880,44.44857406616211,49.95967102050781,0.0019719314295798,11.084,-0.374,0.092,0.0,0,0,1,,0.908,2026-03-17T12:15:48.249880,neutral,0.608,2026-03-17T12:15:47.261774,0.2314769435745437,2026-03-17T12:15:48.062000,57,,,
participant_22,2,day,Town10HD_Opt,2026-03-17 12:15:49.174689,44.33786392211914,48.129520416259766,0.0019583129324018,9.822,-0.023,0.101,0.0,0,0,1,,0.877,2026-03-17T12:15:49.174689,neutral,0.608,2026-03-17T12:15:47.261774,0.2596419234816045,2026-03-17T12:15:49.051000,55,,,
participant_22,2,day,Town10HD_Opt,2026-03-17 12:15:50.089800,44.23862838745117,46.49376678466797,0.001949539175257,8.808,-0.052,0.105,0.0,0,0,1,,0.829,2026-03-17T12:15:50.089800,neutral,0.517,2026-03-17T12:15:50.089800,0.2439129047957929,2026-03-17T12:15:49.996000,55,,,
participant_22,2,day,Town10HD_Opt,2026-03-17 12:15:51.075884,44.14788818359375,45.00970077514648,0.0019435882568359,8.085,-0.047,0.105,0.0,0,0,1,,0.874,2026-03-17T12:15:51.075884,neutral,0.517,2026-03-17T12:15:50.089800,0.2439345050240726,2026-03-17T12:15:50.987000,57,,,
participant_22,2,day,Town10HD_Opt,2026-03-17 12:15:52.003168,44.06759643554688,43.67876052856445,0.0019720839336514,6.741,0.613,0.0,0.0,0,0,1,,1.0,2026-03-17T12:15:52.003168,neutral,0.517,2026-03-17T12:15:50.089800,0.2474411384844495,2026-03-17T12:15:51.977000,58,,,
participant_22,2,day,Town10HD_Opt,2026-03-17 12:15:53.265918,44.01738739013672,42.24928283691406,0.0017876814818009,7.744,5.905,0.0,0.0,0,0,1,,1.0,2026-03-17T12:15:53.265918,happy,0.832,2026-03-17T12:15:53.265918,0.2355987697270714,2026-03-17T12:15:53.011000,57,,,
participant_22,2,day,Town10HD_Opt,2026-03-17 12:15:54.178736,44.02861404418945,40.99777221679688,0.0019952391739934,5.738,3.91,0.0,0.185,0,0,1,,1.0,2026-03-17T12:15:54.178736,happy,0.832,2026-03-17T12:15:53.265918,0.2422345462702487,2026-03-17T12:15:54.001000,60,,,
participant_22,2,day,Town10HD_Opt,2026-03-17 12:15:55.146825,44.03204345703125,40.809844970703125,0.0019433974521234,1.129,3.994,0.95,0.0,0,0,1,,1.0,2026-03-17T12:15:55.146825,happy,0.832,2026-03-17T12:15:53.265918,0.1771359977985799,2026-03-17T12:15:55.037000,57,,,
participant_22,2,day,Town10HD_Opt,2026-03-17 12:15:56.123921,44.11187362670898,39.46427917480469,0.0014307021629065,15.994,7.114,0.913,0.0,0,0,1,,1.0,2026-03-17T12:15:56.123921,neutral,0.701,2026-03-17T12:15:56.123921,0.2311626436624015,2026-03-17T12:15:56.072000,59,,,
participant_22,2,day,Town10HD_Opt,2026-03-17 12:15:57.103327,44.742313385009766,35.894832611083984,0.0017700575990602,25.531,15.928,0.576,0.0,0,0,1,,1.0,2026-03-17T12:15:57.103327,neutral,0.701,2026-03-17T12:15:56.123921,0.2204396577852179,2026-03-17T12:15:57.015000,59,,,
participant_22,2,day,Town10HD_Opt,2026-03-17 12:15:58.074668,46.96234893798828,31.86553001403809,0.002183647127822,24.968,23.183,0.0,0.0,0,0,1,,1.0,2026-03-17T12:15:58.074668,neutral,0.701,2026-03-17T12:15:56.123921,0.2754136018453585,2026-03-17T12:15:58.141000,58,,,
participant_22,2,day,Town10HD_Opt,2026-03-17 12:15:59.043813,50.10791778564453,29.707931518554688,0.002268447773531,18.852,17.906,0.238,0.0,0,0,1,,1.0,2026-03-17T12:15:59.043813,happy,0.705,2026-03-17T12:15:59.043813,0.1916863651382348,2026-03-17T12:15:59.042000,56,,,
participant_22,2,day,Town10HD_Opt,2026-03-17 12:16:00.271159,54.29238128662109,28.70111083984375,0.0019546127878129,20.248,7.045,0.563,0.0,0,0,1,,1.0,2026-03-17T12:16:00.271159,happy,0.705,2026-03-17T12:15:59.043813,0.1187741762110902,2026-03-17T12:15:59.986000,55,,,
participant_22,2,day,Town10HD_Opt,2026-03-17 12:16:01.256241,58.180442810058594,28.16193008422852,0.0021134947892278,24.002,-5.146,0.0,0.0,0,0,1,,1.0,2026-03-17T12:16:01.256241,neutral,0.569,2026-03-17T12:16:01.256241,0.2338178947274745,2026-03-17T12:16:00.977000,54,,,
participant_22,2,day,Town10HD_Opt,2026-03-17 12:16:02.193125,61.89904022216797,27.29508399963379,0.0022123716771602,18.757,-3.076,0.0,0.0,0,0,1,,1.0,2026-03-17T12:16:02.193125,neutral,0.569,2026-03-17T12:16:01.256241,0.2507285089569598,2026-03-17T12:16:02.056000,57,,,errors=Vehicle collision
participant_22,2,day,Town10HD_Opt,2026-03-17 12:16:03.111585,64.66609954833984,26.682861328125,0.0017129897605627,14.883,8.403,0.143,0.0,0,0,1,,1.0,2026-03-17T12:16:03.111585,neutral,0.569,2026-03-17T12:16:01.256241,0.2145623576048115,2026-03-17T12:16:03.001000,57,,,
participant_22,2,day,Town10HD_Opt,2026-03-17 12:16:04.010995,67.24675750732422,26.33774757385254,0.001874046283774,15.61,1.871,0.322,0.0,0,0,1,,1.0,2026-03-17T12:16:04.010995,neutral,0.593,2026-03-17T12:16:04.010995,0.2067921093783693,2026-03-17T12:16:03.991000,57,,,
participant_22,2,day,Town10HD_Opt,2026-03-17 12:16:05.210807,71.09379577636719,25.85570907592773,0.0018795012729242,17.458,1.105,0.16,0.0,0,0,1,,1.0,2026-03-17T12:16:05.210807,neutral,0.593,2026-03-17T12:16:04.010995,0.0981920921245545,2026-03-17T12:16:04.981000,59,,,
participant_22,2,day,Town10HD_Opt,2026-03-17 12:16:06.217600,73.88704681396484,25.56468772888184,0.001986923161894,15.312,2.007,0.766,0.0,0,0,1,,1.0,2026-03-17T12:16:06.217600,happy,0.576,2026-03-17T12:16:06.217600,0.1506782458922406,2026-03-17T12:16:06.016000,62,,,
participant_22,2,day,Town10HD_Opt,2026-03-17 12:16:07.132988,77.2880630493164,25.32725715637207,0.0017408370040357,25.25,2.174,0.861,0.0,0,0,1,,1.0,2026-03-17T12:16:07.132988,happy,0.576,2026-03-17T12:16:06.217600,0.1916078907889021,2026-03-17T12:16:07.006000,61,,,
participant_22,2,day,Town10HD_Opt,2026-03-17 12:16:08.025691,82.70671844482422,25.193458557128903,0.0016370773082599,38.245,1.963,0.762,0.0,0,0,1,,1.0,2026-03-17T12:16:08.025691,happy,0.576,2026-03-17T12:16:06.217600,0.250517590487149,2026-03-17T12:16:07.996000,60,,,
participant_22,2,day,Town10HD_Opt,2026-03-17 12:16:09.235787,91.79876708984376,24.883649826049805,0.0021120451856404,37.89,-8.856,0.348,0.0,0,0,1,,1.0,2026-03-17T12:16:09.235787,happy,0.653,2026-03-17T12:16:09.235787,0.1990661688771088,2026-03-17T12:16:08.988000,58,,,
participant_22,2,day,Town10HD_Opt,2026-03-17 12:16:10.129416,97.90201568603516,22.89770126342773,0.0021267319098114,35.728,-11.448,0.358,0.0,0,0,1,,1.0,2026-03-17T12:16:10.129416,happy,0.653,2026-03-17T12:16:09.235787,0.1282012125537412,2026-03-17T12:16:09.976000,56,,,
participant_22,2,day,Town10HD_Opt,2026-03-17 12:16:11.243201,103.88175201416016,17.57599639892578,0.0021134566050022,33.672,-13.124,0.373,0.0,0,0,1,,1.0,2026-03-17T12:16:11.243201,neutral,0.493,2026-03-17T12:16:11.243201,0.1678439140133243,2026-03-17T12:16:11.101000,56,,,
participant_22,2,day,Town10HD_Opt,2026-03-17 12:16:12.127193,106.17311096191406,12.274590492248535,0.0020943831186741,32.74,-10.298,0.373,0.0,0,0,1,,1.0,2026-03-17T12:16:12.127193,neutral,0.493,2026-03-17T12:16:11.243201,0.1631703989804948,2026-03-17T12:16:12.002000,56,,,
participant_22,2,day,Town10HD_Opt,2026-03-17 12:16:13.016567,106.8797836303711,6.645588874816895,0.0020498274825513,32.497,-4.981,0.448,0.0,0,0,1,,1.0,2026-03-17T12:16:13.016567,neutral,0.493,2026-03-17T12:16:11.243201,0.2599072848079422,2026-03-17T12:16:12.991000,56,,,
participant_22,2,day,Town10HD_Opt,2026-03-17 12:16:14.164810,107.00596618652344,-1.078025221824646,0.0020274734124541,33.504,-0.11,0.406,0.0,0,0,1,,0.872,2026-03-17T12:16:14.164810,happy,0.651,2026-03-17T12:16:14.164810,0.2110861918854659,2026-03-17T12:16:13.981000,57,,,
participant_22,2,day,Town10HD_Opt,2026-03-17 12:16:15.025103,107.05835723876952,-6.951721668243408,0.0020384597592055,33.652,-0.143,0.457,0.0,0,0,1,,1.0,2026-03-17T12:16:15.025103,happy,0.651,2026-03-17T12:16:14.164810,0.1314811838594193,2026-03-17T12:16:15.016000,57,,,errors=Solid line crossing
participant_22,2,day,Town10HD_Opt,2026-03-17 12:16:16.164009,107.08967590332033,-15.248417854309082,0.0018902969313785,38.736,-0.277,0.586,0.0,0,0,1,,0.825,2026-03-17T12:16:16.164009,happy,0.651,2026-03-17T12:16:14.164810,0.1349232047708234,2026-03-17T12:16:16.006000,57,,,
participant_22,2,day,Town10HD_Opt,2026-03-17 12:16:17.025819,107.01874542236328,-22.29351234436035,0.0019517134642228,41.757,-2.108,0.542,0.0,0,0,1,,1.0,2026-03-17T12:16:17.025819,neutral,0.469,2026-03-17T12:16:17.025819,0.2217393714353772,2026-03-17T12:16:17.041000,59,,,
participant_22,2,day,Town10HD_Opt,2026-03-17 12:16:18.132893,106.04788970947266,-32.29532241821289,0.0019785307813435,44.551,-3.844,0.542,0.0,0,0,1,,1.0,2026-03-17T12:16:18.132893,neutral,0.469,2026-03-17T12:16:17.025819,0.2224622989433786,2026-03-17T12:16:17.985000,59,,,
participant_22,2,day,Town10HD_Opt,2026-03-17 12:16:18.992648,103.97560119628906,-39.93423080444336,0.0019952391739934,46.061,-6.26,0.54,0.0,0,0,1,,1.0,2026-03-17T12:16:18.992648,neutral,0.469,2026-03-17T12:16:17.025819,0.1869678510187995,2026-03-17T12:16:18.976000,60,,,
participant_22,2,day,Town10HD_Opt,2026-03-17 12:16:20.095794,98.50959014892578,-49.34837341308594,0.0020112991333007,47.446,-4.771,0.487,0.0,0,0,1,,0.843,2026-03-17T12:16:20.095794,happy,0.611,2026-03-17T12:16:20.095794,0.2046532525346614,2026-03-17T12:16:20.011000,61,,,
participant_22,2,day,Town10HD_Opt,2026-03-17 12:16:21.243979,90.69395446777344,-56.97236633300781,0.0020898818038403,45.97,-4.806,0.431,0.0,0,0,1,,1.0,2026-03-17T12:16:21.243979,happy,0.611,2026-03-17T12:16:20.095794,0.2488776742315006,2026-03-17T12:16:21.001000,61,,,
participant_22,2,day,Town10HD_Opt,2026-03-17 12:16:22.109590,83.972412109375,-61.18313980102539,0.0020855711773037,44.726,-4.737,0.431,0.0,0,0,1,,1.0,2026-03-17T12:16:22.109590,neutral,0.646,2026-03-17T12:16:22.109590,0.2948034037460275,2026-03-17T12:16:21.991000,61,,,
participant_22,2,day,Town10HD_Opt,2026-03-17 12:16:22.991990,76.79521179199219,-64.057861328125,0.0020793152507394,43.687,-4.737,0.431,0.0,0,0,1,,1.0,2026-03-17T12:16:22.991990,neutral,0.646,2026-03-17T12:16:22.109590,0.2850097596591327,2026-03-17T12:16:22.981000,62,,,
participant_22,2,day,Town10HD_Opt,2026-03-17 12:16:24.192269,66.91394805908203,-65.90034484863281,0.0020690916571766,42.621,-2.586,0.431,0.0,0,0,1,,1.0,2026-03-17T12:16:24.192269,neutral,0.712,2026-03-17T12:16:24.192269,0.3412639214386654,2026-03-17T12:16:23.971000,62,,,
participant_22,2,day,Town10HD_Opt,2026-03-17 12:16:25.102128,59.52187728881836,-66.3958740234375,0.0020619200076907,42.053,-0.399,0.431,0.0,0,0,1,,0.825,2026-03-17T12:16:25.102128,neutral,0.712,2026-03-17T12:16:24.192269,0.3771943127827284,2026-03-17T12:16:25.053000,59,,,
participant_22,2,day,Town10HD_Opt,2026-03-17 12:16:26.000340,52.21793746948242,-66.71318054199219,0.0020586776081472,41.511,-0.364,0.431,0.0,0,0,1,,1.0,2026-03-17T12:16:26.000340,neutral,0.712,2026-03-17T12:16:24.192269,0.4095775687115418,2026-03-17T12:16:25.996000,59,,,
participant_22,2,day,Town10HD_Opt,2026-03-17 12:16:27.222320,42.60099029541016,-66.99016571044922,0.0020555113442242,40.948,-0.322,0.431,0.0,0,0,1,,1.0,2026-03-17T12:16:27.222320,neutral,0.533,2026-03-17T12:16:27.222320,0.4655119303326168,2026-03-17T12:16:27.031000,58,,,
participant_22,2,day,Town10HD_Opt,2026-03-17 12:16:28.123408,35.47079849243164,-67.1416015625,0.0020690155215561,40.185,-0.27,0.155,0.0,0,0,1,,1.0,2026-03-17T12:16:28.123408,neutral,0.533,2026-03-17T12:16:27.222320,0.5289609060381344,2026-03-17T12:16:27.976000,57,,,
participant_22,2,day,Town10HD_Opt,2026-03-17 12:16:29.065944,28.994571685791016,-67.22537231445312,0.0023086927831172,32.453,-0.214,0.0,0.0,0,0,1,,1.0,2026-03-17T12:16:29.065944,neutral,0.533,2026-03-17T12:16:27.222320,0.6145322796239946,2026-03-17T12:16:29.195000,55,,,
participant_22,2,day,Town10HD_Opt,2026-03-17 12:16:29.999296,23.940570831298828,-67.26712036132812,0.0022826385684311,24.898,-0.169,0.068,0.0,0,0,1,,1.0,2026-03-17T12:16:29.999296,neutral,0.888,2026-03-17T12:16:29.999296,0.54702896271773,2026-03-17T12:16:30.002000,55,,,
participant_22,2,day,Town10HD_Opt,2026-03-17 12:16:31.170003,18.65747833251953,-67.30839538574219,0.0020498656667768,22.134,-0.012,0.443,0.0,0,0,1,,1.0,2026-03-17T12:16:31.170003,neutral,0.888,2026-03-17T12:16:29.999296,0.5975367425835253,2026-03-17T12:16:31.082000,56,,,
participant_22,2,day,Town10HD_Opt,2026-03-17 12:16:32.052094,14.628660202026367,-67.3423080444336,0.001975402701646,24.209,0.129,0.428,0.0,0,0,1,,1.0,2026-03-17T12:16:32.052094,happy,0.716,2026-03-17T12:16:32.052094,0.6627542898374227,2026-03-17T12:16:32.026000,54,,,
participant_22,2,day,Town10HD_Opt,2026-03-17 12:16:33.250951,8.7315092086792,-67.39214324951172,0.0019927597604691,26.344,-0.094,0.413,0.0,0,0,1,,1.0,2026-03-17T12:16:33.250951,happy,0.716,2026-03-17T12:16:32.052094,0.5992068996738077,2026-03-17T12:16:33.152000,55,,,
participant_22,2,day,Town10HD_Opt,2026-03-17 12:16:34.150324,4.059850215911865,-67.42903900146484,0.0020759201142936,26.155,-0.625,0.197,0.0,0,0,1,,1.0,2026-03-17T12:16:34.150324,neutral,0.834,2026-03-17T12:16:34.150324,0.5405477117171985,2026-03-17T12:16:34.051000,54,,,
participant_22,2,day,Town10HD_Opt,2026-03-17 12:16:35.082957,-0.2581645250320434,-67.255126953125,0.0021454237867146,23.043,-5.919,0.197,0.0,0,0,1,,1.0,2026-03-17T12:16:35.082957,neutral,0.834,2026-03-17T12:16:34.150324,0.6749531128045185,2026-03-17T12:16:34.996000,54,,,
participant_22,2,day,Town10HD_Opt,2026-03-17 12:16:35.997846,-4.024170875549316,-66.69438171386719,0.0021191786509007,20.601,-2.174,0.357,0.0,0,0,1,,1.0,2026-03-17T12:16:35.997846,neutral,0.834,2026-03-17T12:16:34.150324,0.7139252635052755,2026-03-17T12:16:35.986000,52,,,
participant_22,2,day,Town10HD_Opt,2026-03-17 12:16:37.184708,-8.880492210388184,-65.74553680419922,0.0019813918042927,22.523,0.369,0.414,0.0,0,0,1,,1.0,2026-03-17T12:16:37.184708,neutral,0.713,2026-03-17T12:16:37.184708,0.6361213656301052,2026-03-17T12:16:37.066000,55,,,
participant_22,2,day,Town10HD_Opt,2026-03-17 12:16:38.098458,-12.84092617034912,-65.04438018798828,0.0020832824520766,22.261,2.56,0.0,0.0,0,0,1,,1.0,2026-03-17T12:16:38.098458,neutral,0.713,2026-03-17T12:16:37.184708,0.6924720733917648,2026-03-17T12:16:38.056000,54,,,
participant_22,2,day,Town10HD_Opt,2026-03-17 12:16:39.231013,-17.241540908813477,-64.58321380615234,0.0020032119937241,15.738,4.674,0.0,0.0,0,0,1,,1.0,2026-03-17T12:16:39.231013,neutral,0.598,2026-03-17T12:16:39.231013,0.6735673397413275,2026-03-17T12:16:39.048000,55,,,
participant_22,2,day,Town10HD_Opt,2026-03-17 12:16:40.167351,-19.6671199798584,-64.51294708251953,0.0020535660441964,11.834,2.925,0.0,0.072,0,0,1,,1.0,2026-03-17T12:16:40.167351,neutral,0.598,2026-03-17T12:16:39.231013,0.6173843658181083,2026-03-17T12:16:39.991000,55,,,
participant_22,2,day,Town10HD_Opt,2026-03-17 12:16:41.000515,-21.437334060668945,-64.51683807373047,0.0020207976922392,8.429,2.781,0.0,0.04,0,0,1,,1.0,2026-03-17T12:16:41.000515,neutral,0.598,2026-03-17T12:16:39.231013,0.7026784995416047,2026-03-17T12:16:40.982000,55,,,
participant_22,2,day,Town10HD_Opt,2026-03-17 12:16:42.172204,-23.02646827697754,-64.56175994873047,0.0019839857704937,6.022,2.355,0.98,0.0,0,0,1,,1.0,2026-03-17T12:16:42.172204,neutral,0.723,2026-03-17T12:16:42.172204,0.7053380234737983,2026-03-17T12:16:42.016000,57,,,
participant_22,2,day,Town10HD_Opt,2026-03-17 12:16:43.149523,-25.109888076782227,-64.59992218017578,0.0016291808569803,20.054,-0.501,1.0,0.0,0,0,1,,0.909,2026-03-17T12:16:43.149523,neutral,0.723,2026-03-17T12:16:42.172204,0.6480182952879595,2026-03-17T12:16:43.007000,55,,,
participant_22,2,day,Town10HD_Opt,2026-03-17 12:16:44.061104,-29.72115707397461,-64.6872787475586,0.0014977264218032,35.336,0.667,1.0,0.0,0,0,1,,0.829,2026-03-17T12:16:44.061104,neutral,0.723,2026-03-17T12:16:42.172204,0.6841551360090874,2026-03-17T12:16:44.044000,55,,,
participant_22,2,day,Town10HD_Opt,2026-03-17 12:16:44.990643,-37.0732536315918,-64.93587493896484,0.0015565489884465,50.04,0.216,1.0,0.0,0,0,1,,0.835,2026-03-17T12:16:44.990643,sad,0.453,2026-03-17T12:16:44.990643,0.6196753745972692,2026-03-17T12:16:44.987000,55,,,
participant_22,2,day,Town10HD_Opt,2026-03-17 12:16:46.183823,-48.87782287597656,-65.41736602783203,0.0018836974631994,51.756,-0.134,0.0,0.176,0,0,1,,1.0,2026-03-17T12:16:46.183823,sad,0.453,2026-03-17T12:16:44.990643,0.6634226656114436,2026-03-17T12:16:46.021000,55,,,
participant_22,2,day,Town10HD_Opt,2026-03-17 12:16:47.167535,-57.5682373046875,-65.70463562011719,0.0019596479833126,50.692,-1.593,0.0,0.0,0,0,1,,1.0,2026-03-17T12:16:47.167535,neutral,0.706,2026-03-17T12:16:47.167535,0.6674387531691676,2026-03-17T12:16:47.012000,55,,,
participant_22,2,day,Town10HD_Opt,2026-03-17 12:16:48.135611,-66.1678695678711,-65.56461334228516,0.0021569442469626,47.009,-1.655,0.419,0.0,0,0,1,,1.0,2026-03-17T12:16:48.135611,neutral,0.706,2026-03-17T12:16:47.167535,0.6473717304942046,2026-03-17T12:16:48.002000,57,,,
participant_22,2,day,Town10HD_Opt,2026-03-17 12:16:49.010523,-74.2273941040039,-64.86952209472656,0.002096366835758,45.454,-3.139,0.419,0.0,0,0,1,,1.0,2026-03-17T12:16:49.010523,neutral,0.706,2026-03-17T12:16:47.167535,0.5882551989752232,2026-03-17T12:16:49.036000,56,,,
participant_22,2,day,Town10HD_Opt,2026-03-17 12:16:50.196805,-84.30960845947266,-62.48808288574219,0.0020854950416833,43.612,-4.884,0.449,0.0,0,0,1,,1.0,2026-03-17T12:16:50.196805,neutral,0.792,2026-03-17T12:16:50.196805,0.6289158831726657,2026-03-17T12:16:49.981000,58,,,
participant_22,2,day,Town10HD_Opt,2026-03-17 12:16:51.101824,-91.21793365478516,-59.2502555847168,0.0020138930995017,44.211,-5.096,0.53,0.0,0,0,1,,1.0,2026-03-17T12:16:51.101824,neutral,0.792,2026-03-17T12:16:50.196805,0.6287695010544236,2026-03-17T12:16:51.016000,57,,,
participant_22,2,day,Town10HD_Opt,2026-03-17 12:16:51.997152,-97.5667495727539,-54.66029739379883,0.0020015717018395,45.602,-5.03,0.53,0.0,0,0,1,,1.0,2026-03-17T12:16:51.997152,neutral,0.792,2026-03-17T12:16:50.196805,0.5613453840097903,2026-03-17T12:16:52.008000,58,,,
participant_22,2,day,Town10HD_Opt,2026-03-17 12:16:53.236528,-104.69720458984376,-46.59746170043945,0.0020869064610451,45.37,-5.929,0.0,0.0,0,0,1,,1.0,2026-03-17T12:16:53.236528,neutral,0.793,2026-03-17T12:16:53.236528,0.6299356496020013,2026-03-17T12:16:52.996000,56,,,
participant_22,2,day,Town10HD_Opt,2026-03-17 12:16:54.120939,-108.04415130615234,-40.31486511230469,0.0023667907807976,35.318,-6.298,0.0,0.0,0,0,1,,1.0,2026-03-17T12:16:54.120939,neutral,0.793,2026-03-17T12:16:53.236528,0.5501551460944574,2026-03-17T12:16:53.987000,54,,,
participant_22,2,day,Town10HD_Opt,2026-03-17 12:16:55.087068,-109.63127899169922,-35.0424919128418,0.0023063658736646,27.579,-5.224,0.0,0.0,0,0,1,,1.0,2026-03-17T12:16:55.087068,neutral,0.793,2026-03-17T12:16:53.236528,0.5399256184811663,2026-03-17T12:16:55.024000,57,,,
participant_22,2,day,Town10HD_Opt,2026-03-17 12:16:55.988810,-110.2921371459961,-30.86279487609864,0.0022108841221779,21.559,-4.584,0.42,0.0,0,0,1,,1.0,2026-03-17T12:16:55.988810,neutral,0.792,2026-03-17T12:16:55.988810,0.4773099747796746,2026-03-17T12:16:56.011000,58,,,
participant_22,2,day,Town10HD_Opt,2026-03-17 12:16:57.054310,-110.6425552368164,-26.91053581237793,0.0018952559912577,25.276,0.663,0.604,0.0,0,0,1,,0.897,2026-03-17T12:16:57.054310,neutral,0.792,2026-03-17T12:16:55.988810,0.5224470445342415,2026-03-17T12:16:57.002000,58,,,
participant_22,2,day,Town10HD_Opt,2026-03-17 12:16:58.268585,-111.39336395263672,-20.2265567779541,0.0018707275157794,32.654,0.515,0.314,0.0,0,0,1,,1.0,2026-03-17T12:16:58.268585,neutral,0.687,2026-03-17T12:16:58.268585,0.5853672702289827,2026-03-17T12:16:57.991000,58,,,
participant_22,2,day,Town10HD_Opt,2026-03-17 12:16:59.233410,-111.66902160644533,-14.811190605163574,0.0022841261234134,27.217,-15.985,0.0,0.0,0,0,1,,0.887,2026-03-17T12:16:59.233410,neutral,0.687,2026-03-17T12:16:58.268585,0.4557571020129149,2026-03-17T12:16:58.982000,60,,,
participant_22,2,day,Town10HD_Opt,2026-03-17 12:17:00.243826,-110.90172576904295,-10.423407554626465,0.0021422195713967,23.901,5.302,0.224,0.109,0,0,1,,1.0,2026-03-17T12:17:00.243826,neutral,0.687,2026-03-17T12:16:58.268585,0.4309166497603757,2026-03-17T12:17:00.107000,61,,,
participant_22,2,day,Town10HD_Opt,2026-03-17 12:17:01.173782,-110.59247589111328,-6.570001602172852,0.002200546208769,19.504,4.457,0.215,0.436,0,0,1,,1.0,2026-03-17T12:17:01.173782,neutral,0.531,2026-03-17T12:17:01.173782,0.4362252753850258,2026-03-17T12:17:01.096000,60,Harsh braking,decel_mps2=6.4,
participant_22,2,day,Town10HD_Opt,2026-03-17 12:17:02.056115,-110.6002197265625,-3.447723627090454,0.0019872284028679,16.141,3.721,0.215,0.409,0,0,1,,1.0,2026-03-17T12:17:02.056115,neutral,0.531,2026-03-17T12:17:01.173782,0.4439247214497077,2026-03-17T12:17:01.996000,58,,,
participant_22,2,day,Town10HD_Opt,2026-03-17 12:17:03.228791,-110.80313110351562,0.1477814018726349,0.0018113708356395,20.065,-1.751,1.0,0.0,0,0,1,,0.905,2026-03-17T12:17:03.228791,neutral,0.443,2026-03-17T12:17:03.228791,0.4467282505542778,2026-03-17T12:17:02.986000,56,,,
participant_22,2,day,Town10HD_Opt,2026-03-17 12:17:04.175956,-110.7758560180664,4.697911739349365,0.0015129089588299,34.832,-4.093,0.931,0.0,0,0,1,,0.868,2026-03-17T12:17:04.175956,neutral,0.443,2026-03-17T12:17:03.228791,0.4667773423413756,2026-03-17T12:17:04.066000,57,,,
participant_22,2,day,Town10HD_Opt,2026-03-17 12:17:05.119019,-109.78285217285156,11.592717170715332,0.0018352889455854,43.157,-10.413,0.376,0.0,0,0,1,,0.827,2026-03-17T12:17:05.119019,neutral,0.443,2026-03-17T12:17:03.228791,0.4584635214936873,2026-03-17T12:17:05.012000,57,,,
participant_22,2,day,Town10HD_Opt,2026-03-17 12:17:06.056193,-106.60021209716795,18.12408828735352,0.0021858976688236,39.557,-10.742,0.273,0.0,0,0,1,,1.0,2026-03-17T12:17:06.056193,happy,0.642,2026-03-17T12:17:06.056193,0.4091010300999151,2026-03-17T12:17:06.001000,57,,,
participant_22,2,day,Town10HD_Opt,2026-03-17 12:17:07.061153,-101.81681060791016,22.59566307067871,0.0021986770443618,35.311,-10.415,0.254,0.0,0,0,1,,1.0,2026-03-17T12:17:07.061153,happy,0.642,2026-03-17T12:17:06.056193,0.4479838273550462,2026-03-17T12:17:06.992000,56,,,
participant_22,2,day,Town10HD_Opt,2026-03-17 12:17:08.034925,-96.19890594482422,25.25442314147949,0.0017620086437091,40.439,-5.957,1.0,0.0,0,0,1,,1.0,2026-03-17T12:17:08.034925,happy,0.642,2026-03-17T12:17:06.056193,0.3607119579335088,2026-03-17T12:17:07.981000,58,,,
participant_22,2,day,Town10HD_Opt,2026-03-17 12:17:09.016695,-88.47151947021484,27.224733352661133,0.0020133589860051,46.199,-4.681,0.0,0.0,0,0,1,,0.842,2026-03-17T12:17:09.016695,neutral,0.492,2026-03-17T12:17:09.016695,0.4007496308220035,2026-03-17T12:17:09.016000,58,,,
participant_22,2,day,Town10HD_Opt,2026-03-17 12:17:10.000735,-80.56722259521484,27.87969207763672,0.0017579650739207,50.002,-2.21,1.0,0.0,0,0,1,,0.925,2026-03-17T12:17:10.000735,neutral,0.492,2026-03-17T12:17:09.016695,0.3998667036263092,2026-03-17T12:17:10.051000,57,,,
participant_22,2,day,Town10HD_Opt,2026-03-17 12:17:10.991607,-71.7540512084961,27.776302337646484,0.0021915435791015,48.412,-0.707,1.0,0.0,0,0,1,,0.928,2026-03-17T12:17:10.991607,neutral,0.492,2026-03-17T12:17:09.016695,0.4247359197545228,2026-03-17T12:17:10.997000,60,,,
participant_22,2,day,Town10HD_Opt,2026-03-17 12:17:12.013345,-62.9700813293457,27.437612533569336,0.0021835325751453,48.913,0.689,1.0,0.0,0,0,1,,1.0,2026-03-17T12:17:12.013345,neutral,0.536,2026-03-17T12:17:12.013345,0.3550253935886185,2026-03-17T12:17:11.987000,60,,,
participant_22,2,day,Town10HD_Opt,2026-03-17 12:17:13.223857,-51.26692581176758,27.246564865112305,0.001975402701646,51.0,0.583,0.0,0.0,0,0,1,,0.955,2026-03-17T12:17:13.223857,neutral,0.536,2026-03-17T12:17:12.013345,0.4609824245916184,2026-03-17T12:17:13.022000,57,,,
participant_22,2,day,Town10HD_Opt,2026-03-17 12:17:14.169137,-42.58665084838867,27.34799766540528,0.0020761108025908,48.719,-0.327,0.457,0.0,0,0,1,,0.841,2026-03-17T12:17:14.169137,neutral,0.627,2026-03-17T12:17:14.169137,0.387885821670359,2026-03-17T12:17:14.012000,58,,,
participant_22,2,day,Town10HD_Opt,2026-03-17 12:17:15.133643,-34.13396072387695,27.453582763671875,0.002105216961354,47.252,0.839,0.384,0.0,0,0,1,,0.88,2026-03-17T12:17:15.133643,neutral,0.627,2026-03-17T12:17:14.169137,0.4545313648045634,2026-03-17T12:17:15.048000,59,,,
participant_22,2,day,Town10HD_Opt,2026-03-17 12:17:16.097252,-26.063610076904297,27.616872787475582,0.002120513934642,44.792,-0.566,0.279,0.0,0,0,1,,0.849,2026-03-17T12:17:16.097252,neutral,0.627,2026-03-17T12:17:14.169137,0.4824128493447772,2026-03-17T12:17:16.037000,59,,,
participant_22,2,day,Town10HD_Opt,2026-03-17 12:17:17.048672,-18.79457092285156,27.666202545166016,0.0023403167724609,36.452,-0.183,0.0,0.0,0,0,1,,1.0,2026-03-17T12:17:17.048672,neutral,0.671,2026-03-17T12:17:17.048672,0.5246125948108826,2026-03-17T12:17:16.982000,61,,,
participant_22,2,day,Town10HD_Opt,2026-03-17 12:17:18.072744,-13.085142135620115,27.66760635375977,0.0021779632661491,28.665,0.19,0.238,0.0,0,0,1,,1.0,2026-03-17T12:17:18.072744,neutral,0.671,2026-03-17T12:17:17.048672,0.3624137969097669,2026-03-17T12:17:18.016000,62,,,
participant_22,2,day,Town10HD_Opt,2026-03-17 12:17:19.259716,-6.478969573974609,27.680395126342773,0.0019178390502929,30.505,0.042,0.588,0.0,0,0,1,,1.0,2026-03-17T12:17:19.259716,neutral,0.508,2026-03-17T12:17:19.259716,0.4639374666561922,2026-03-17T12:17:19.006000,63,,,
participant_22,2,day,Town10HD_Opt,2026-03-17 12:17:20.138401,-0.7782049179077148,27.70365333557129,0.0019062041537836,34.878,0.012,0.555,0.0,0,0,1,,1.0,2026-03-17T12:17:20.138401,neutral,0.508,2026-03-17T12:17:19.259716,0.4160635817392207,2026-03-17T12:17:19.997000,64,,,
participant_22,2,day,Town10HD_Opt,2026-03-17 12:17:21.098756,5.59698486328125,27.73415946960449,0.0019371032249182,38.191,0.181,0.543,0.0,0,0,1,,0.821,2026-03-17T12:17:21.098756,neutral,0.508,2026-03-17T12:17:19.259716,0.4284871480502047,2026-03-17T12:17:20.987000,64,,,
participant_22,2,day,Town10HD_Opt,2026-03-17 12:17:22.027102,12.498046875,27.793371200561523,0.0019552230369299,40.893,0.101,0.538,0.0,0,0,1,,1.0,2026-03-17T12:17:22.027102,neutral,0.651,2026-03-17T12:17:22.027102,0.372330896662416,2026-03-17T12:17:22.022000,65,,,
participant_22,2,day,Town10HD_Opt,2026-03-17 12:17:23.276956,21.8773136138916,27.969804763793945,0.0021916578989475,37.574,2.466,0.201,0.0,0,0,1,,1.0,2026-03-17T12:17:23.276956,neutral,0.651,2026-03-17T12:17:22.027102,0.3330628212944314,2026-03-17T12:17:23.012000,61,Harsh braking,decel_mps2=6.1,
participant_22,2,day,Town10HD_Opt,2026-03-17 12:17:24.218888,27.9384708404541,28.57779693603516,0.0022632980253547,31.185,4.634,0.0,0.0,0,0,1,,1.0,2026-03-17T12:17:24.218888,neutral,0.466,2026-03-17T12:17:24.218888,0.3515110744235306,2026-03-17T12:17:24.001000,61,,,
participant_22,2,day,Town10HD_Opt,2026-03-17 12:17:25.126669,32.63433837890625,29.73265647888184,0.0022943876683712,24.051,13.01,0.0,0.0,0,0,1,,1.0,2026-03-17T12:17:25.126669,neutral,0.466,2026-03-17T12:17:24.218888,0.3466159676883505,2026-03-17T12:17:24.994000,60,,,
participant_22,2,day,Town10HD_Opt,2026-03-17 12:17:26.015492,35.771690368652344,31.60273551940918,0.0021781157702207,19.393,18.415,0.532,0.0,0,0,1,,1.0,2026-03-17T12:17:26.015492,neutral,0.466,2026-03-17T12:17:24.218888,0.3793675578042591,2026-03-17T12:17:25.982000,58,,,
participant_22,2,day,Town10HD_Opt,2026-03-17 12:17:27.151744,38.81652069091797,35.60360336303711,0.0019213104387745,24.939,15.788,0.543,0.0,0,0,1,,1.0,2026-03-17T12:17:27.151744,neutral,0.589,2026-03-17T12:17:27.151744,0.236781531578813,2026-03-17T12:17:27.062000,61,,,
participant_22,2,day,Town10HD_Opt,2026-03-17 12:17:28.011733,40.12249755859375,40.01750564575195,0.0020498274825513,26.659,13.594,0.0,0.0,0,0,1,,1.0,2026-03-17T12:17:28.011733,neutral,0.589,2026-03-17T12:17:27.151744,0.273068070154097,2026-03-17T12:17:28.006000,60,,,
participant_22,2,day,Town10HD_Opt,2026-03-17 12:17:29.167906,40.253562927246094,45.3426513671875,0.0022449875250458,18.397,-0.964,0.0,0.293,0,0,1,,0.858,2026-03-17T12:17:29.167906,neutral,0.632,2026-03-17T12:17:29.167906,0.212423187434879,2026-03-17T12:17:28.997000,59,,,
participant_22,2,day,Town10HD_Opt,2026-03-17 12:17:30.032150,40.26865005493164,48.070892333984375,0.0020922468975186,12.502,0.162,0.0,0.229,0,0,1,,0.892,2026-03-17T12:17:30.032150,neutral,0.632,2026-03-17T12:17:29.167906,0.2166140380695067,2026-03-17T12:17:29.987000,59,,,
participant_22,2,day,Town10HD_Opt,2026-03-17 12:17:31.123317,40.28854370117188,50.377723693847656,0.0020207976922392,7.47,-1.361,0.0,0.128,0,0,1,,0.852,2026-03-17T12:17:31.123317,neutral,0.632,2026-03-17T12:17:29.167906,0.2577913132824692,2026-03-17T12:17:31.066000,58,,,
participant_22,2,day,Town10HD_Opt,2026-03-17 12:17:32.192778,40.30631637573242,51.17390823364258,0.0020165252499282,0.083,-1.081,0.0,0.0,0,0,1,,0.878,2026-03-17T12:17:32.192778,neutral,0.615,2026-03-17T12:17:32.192778,0.2257883382674144,2026-03-17T12:17:32.011000,61,,,
participant_22,2,day,Town10HD_Opt,2026-03-17 12:17:33.094367,40.30828094482422,51.25544738769531,0.001806907588616,2.359,-0.808,0.404,0.0,0,0,1,,0.862,2026-03-17T12:17:33.094367,neutral,0.615,2026-03-17T12:17:32.192778,0.2506338168686545,2026-03-17T12:17:33.001000,60,,,
participant_22,2,day,Town10HD_Opt,2026-03-17 12:17:34.206817,40.33203887939453,52.21770858764648,0.0023102951236069,0.0,-0.754,0.0,0.132,0,0,1,,0.925,2026-03-17T12:17:34.206817,sad,0.483,2026-03-17T12:17:34.206817,0.2921361183563814,2026-03-17T12:17:33.992000,61,,,
participant_22,2,day,Town10HD_Opt,2026-03-17 12:17:35.080436,40.33207702636719,52.21883010864258,0.0019310760544613,0.182,-0.754,0.129,0.0,0,0,1,,0.939,2026-03-17T12:17:35.080436,sad,0.483,2026-03-17T12:17:34.206817,0.1984824241525189,2026-03-17T12:17:34.981000,60,,,
participant_22,2,day,Town10HD_Opt,2026-03-17 12:17:36.016054,40.343780517578125,52.6557846069336,0.0015169143443927,8.357,-0.322,0.946,0.0,0,0,1,,0.863,2026-03-17T12:17:36.016054,sad,0.483,2026-03-17T12:17:34.206817,0.1587772397894163,2026-03-17T12:17:36.016000,61,Solid line crossing,Solid line crossing,
participant_22,2,day,Town10HD_Opt,2026-03-17 12:17:37.160339,40.470157623291016,56.69929885864258,0.0017662810860201,24.275,-3.12,0.627,0.0,0,0,1,,1.0,2026-03-17T12:17:37.160339,neutral,0.835,2026-03-17T12:17:37.160339,0.1701017300367938,2026-03-17T12:17:37.007000,59,,,
participant_22,2,day,Town10HD_Opt,2026-03-17 12:17:38.083251,41.228607177734375,61.35874557495117,0.0018880843417719,29.802,-12.721,0.57,0.0,0,0,1,,0.897,2026-03-17T12:17:38.083251,neutral,0.835,2026-03-17T12:17:37.160339,0.1947720777090463,2026-03-17T12:17:37.997000,59,,,
participant_22,2,day,Town10HD_Opt,2026-03-17 12:17:39.213083,45.08941650390625,67.68476104736328,0.0020148085895925,33.671,-18.071,0.278,0.0,0,0,1,,0.904,2026-03-17T12:17:39.213083,neutral,0.706,2026-03-17T12:17:39.213083,0.0619405890415594,2026-03-17T12:17:38.988000,59,,,
participant_22,2,day,Town10HD_Opt,2026-03-17 12:17:40.110153,49.9893684387207,70.3018569946289,0.0022040174808353,30.342,-17.876,0.243,0.0,0,0,1,,0.853,2026-03-17T12:17:40.110153,neutral,0.706,2026-03-17T12:17:39.213083,0.2181323599375617,2026-03-17T12:17:40.023000,57,,,
participant_22,2,day,Town10HD_Opt,2026-03-17 12:17:41.255154,56.50627899169922,70.55433654785156,0.0022069548722356,24.905,-4.214,0.0,0.0,0,0,1,,0.806,2026-03-17T12:17:41.255154,neutral,0.381,2026-03-17T12:17:41.255154,0.3252063441065661,2026-03-17T12:17:41.011000,58,,,
participant_22,2,day,Town10HD_Opt,2026-03-17 12:17:42.153250,60.39643478393555,70.1548843383789,0.0021558380685746,20.443,1.074,0.337,0.0,0,0,1,,1.0,2026-03-17T12:17:42.153250,neutral,0.381,2026-03-17T12:17:41.255154,0.1242783365729385,2026-03-17T12:17:42.002000,60,,,
participant_22,2,day,Town10HD_Opt,2026-03-17 12:17:43.064914,64.00030517578125,69.84326171875,0.0020000839140266,21.427,1.248,0.439,0.0,0,0,1,,1.0,2026-03-17T12:17:43.064914,neutral,0.381,2026-03-17T12:17:41.255154,0.145082228075428,2026-03-17T12:17:42.993000,62,,,
participant_22,2,day,Town10HD_Opt,2026-03-17 12:17:44.204610,70.30221557617188,69.50537872314453,0.001580161973834,36.55,1.542,0.885,0.0,0,0,1,,1.0,2026-03-17T12:17:44.204610,sad,0.509,2026-03-17T12:17:44.204610,0.1975563542600346,2026-03-17T12:17:43.982000,61,,,
participant_22,2,day,Town10HD_Opt,2026-03-17 12:17:45.115063,77.6053237915039,69.45108032226562,0.0017130660125985,46.95,0.818,0.436,0.0,0,0,1,,1.0,2026-03-17T12:17:45.115063,sad,0.509,2026-03-17T12:17:44.204610,0.2527711609009681,2026-03-17T12:17:45.018000,60,,,
participant_22,2,day,Town10HD_Opt,2026-03-17 12:17:46.043300,85.35804748535156,69.67096710205078,0.002335853409022,39.106,2.092,0.0,0.0,0,0,1,,0.916,2026-03-17T12:17:46.043300,sad,0.509,2026-03-17T12:17:44.204610,0.1934701752950554,2026-03-17T12:17:46.007000,59,,,
participant_22,2,day,Town10HD_Opt,2026-03-17 12:17:47.164981,92.80626678466795,71.42674255371094,0.0022969054989516,28.313,21.202,0.519,0.0,0,0,1,,1.0,2026-03-17T12:17:47.164981,neutral,0.434,2026-03-17T12:17:47.164981,0.2143976572582483,2026-03-17T12:17:46.997000,58,,,
participant_22,2,day,Town10HD_Opt,2026-03-17 12:17:48.071967,96.57733154296876,75.35902404785156,0.0017429351573809,37.898,16.243,0.872,0.0,0,0,1,,1.0,2026-03-17T12:17:48.071967,neutral,0.434,2026-03-17T12:17:47.164981,0.2091917814203453,2026-03-17T12:17:47.987000,59,,,
participant_22,2,day,Town10HD_Opt,2026-03-17 12:17:48.995433,98.75350189208984,82.27082824707031,0.0017476272769272,47.13,11.677,0.814,0.0,0,0,1,,0.826,2026-03-17T12:17:48.995433,neutral,0.434,2026-03-17T12:17:47.164981,0.2035609018220147,2026-03-17T12:17:49.022000,60,,,errors=Solid line crossing
participant_22,2,day,Town10HD_Opt,2026-03-17 12:17:50.189516,98.01968383789062,93.68109893798828,0.0023050690069794,44.36,-2.05,0.0,0.0,0,0,1,,0.958,2026-03-17T12:17:50.189516,neutral,0.365,2026-03-17T12:17:50.189516,0.2397212621370855,2026-03-17T12:17:50.102000,60,,,
participant_22,2,day,Town10HD_Opt,2026-03-17 12:17:51.098062,97.5302505493164,100.59431457519533,0.0023567199241369,34.304,5.021,0.0,0.0,0,0,1,,1.0,2026-03-17T12:17:51.098062,neutral,0.365,2026-03-17T12:17:50.189516,0.2306747644236169,2026-03-17T12:17:51,61,,,
participant_22,2,day,Town10HD_Opt,2026-03-17 12:17:52.280493,95.8901138305664,107.53775024414062,0.0020384597592055,30.27,5.571,0.808,0.0,0,0,1,,1.0,2026-03-17T12:17:52.280493,sad,0.46,2026-03-17T12:17:52.280493,0.2981500155070151,2026-03-17T12:17:51.992000,61,,,
participant_22,2,day,Town10HD_Opt,2026-03-17 12:17:53.129305,93.36761474609376,112.95417785644533,0.0017789459088817,38.813,5.543,0.714,0.0,0,0,1,,1.0,2026-03-17T12:17:53.129305,sad,0.46,2026-03-17T12:17:52.280493,0.2791702406895779,2026-03-17T12:17:52.982000,60,,,
participant_22,2,day,Town10HD_Opt,2026-03-17 12:17:54.040788,89.24372100830078,118.9628677368164,0.0018899536225944,44.086,4.277,0.301,0.0,0,0,1,,1.0,2026-03-17T12:17:54.040788,sad,0.46,2026-03-17T12:17:52.280493,0.1736552213329259,2026-03-17T12:17:54.017000,60,,,
participant_22,2,day,Town10HD_Opt,2026-03-17 12:17:55.202735,82.36845397949219,125.8509750366211,0.0021952055394649,38.532,5.297,0.248,0.0,0,0,1,,1.0,2026-03-17T12:17:55.202735,sad,0.344,2026-03-17T12:17:55.202735,0.2188384218313678,2026-03-17T12:17:55.007000,59,,,
participant_22,2,day,Town10HD_Opt,2026-03-17 12:17:56.151218,77.02304077148438,129.38145446777344,0.0021519470028579,35.028,6.099,0.465,0.0,0,0,1,,1.0,2026-03-17T12:17:56.151218,sad,0.344,2026-03-17T12:17:55.202735,0.246006437222542,2026-03-17T12:17:55.997000,58,,,
participant_22,2,day,Town10HD_Opt,2026-03-17 12:17:57.065163,71.17133331298828,131.79318237304688,0.0018902205629274,39.32,6.706,0.728,0.0,0,0,1,,1.0,2026-03-17T12:17:57.065163,sad,0.344,2026-03-17T12:17:55.202735,0.2206124767476731,2026-03-17T12:17:56.987000,58,,,
participant_22,2,day,Town10HD_Opt,2026-03-17 12:17:58.259862,60.95645904541016,133.37664794921875,0.0016485976520925,52.409,2.951,0.0,0.188,0,0,1,,1.0,2026-03-17T12:17:58.259862,sad,0.389,2026-03-17T12:17:58.259862,0.175348747015623,2026-03-17T12:17:58.022000,59,,,
participant_22,2,day,Town10HD_Opt,2026-03-17 12:17:59.189447,52.1287727355957,133.5019073486328,0.0020008469000458,50.802,1.909,0.917,0.0,0,0,1,,1.0,2026-03-17T12:17:59.189447,sad,0.389,2026-03-17T12:17:58.259862,0.2270914185396148,2026-03-17T12:17:59.012000,59,,,
participant_22,2,day,Town10HD_Opt,2026-03-17 12:18:00.090998,43.42677307128906,133.2958984375,0.0021096419077366,48.792,-1.706,0.905,0.0,0,0,1,,0.881,2026-03-17T12:18:00.090998,sad,0.389,2026-03-17T12:17:58.259862,0.2692249029058662,2026-03-17T12:18:00.002000,57,,,
participant_22,2,day,Town10HD_Opt,2026-03-17 12:18:01.041868,34.64315414428711,133.3840789794922,0.0021965026389807,48.522,-0.096,0.895,0.0,0,0,1,,0.913,2026-03-17T12:18:01.041868,sad,0.29,2026-03-17T12:18:01.041868,0.2426660337246231,2026-03-17T12:18:00.992000,57,,,
participant_22,2,day,Town10HD_Opt,2026-03-17 12:18:02.207919,23.014938354492188,133.74925231933594,0.0020614622626453,49.673,0.945,0.749,0.0,0,0,1,,0.821,2026-03-17T12:18:02.207919,sad,0.29,2026-03-17T12:18:01.041868,0.3256802840048682,2026-03-17T12:18:02.028000,58,,,
participant_22,2,day,Town10HD_Opt,2026-03-17 12:18:03.111406,14.425817489624023,133.62059020996094,0.0022717283573001,45.193,1.622,0.0,0.0,0,0,1,,1.0,2026-03-17T12:18:03.111406,neutral,0.569,2026-03-17T12:18:03.111406,0.255166308030299,2026-03-17T12:18:03.017000,56,,,
participant_22,2,day,Town10HD_Opt,2026-03-17 12:18:03.998287,7.372734069824219,133.11373901367188,0.0023623274173587,34.998,1.255,0.05,0.0,0,0,1,,0.818,2026-03-17T12:18:03.998287,neutral,0.569,2026-03-17T12:18:03.111406,0.291676381444893,2026-03-17T12:18:04.006000,55,,,
participant_22,2,day,Town10HD_Opt,2026-03-17 12:18:05.159393,-0.2810670137405395,132.20956420898438,0.0017702102195471,37.192,-1.737,0.997,0.0,0,0,1,,0.93,2026-03-17T12:18:05.159393,neutral,0.744,2026-03-17T12:18:05.159393,0.3492625980324617,2026-03-17T12:18:05.042000,54,,,
participant_22,2,day,Town10HD_Opt,2026-03-17 12:18:06.105885,-7.913974285125732,131.5203857421875,0.0015634155133739,51.775,-0.092,0.0,0.101,0,0,1,,0.872,2026-03-17T12:18:06.105885,neutral,0.744,2026-03-17T12:18:05.159393,0.3837340642762156,2026-03-17T12:18:06.032000,55,,,
participant_22,2,day,Town10HD_Opt,2026-03-17 12:18:06.992837,-16.708059310913086,130.8541259765625,0.0020970152691006,49.437,0.27,0.885,0.0,0,0,1,,0.811,2026-03-17T12:18:06.992837,neutral,0.744,2026-03-17T12:18:05.159393,0.4157897254150627,2026-03-17T12:18:07.022000,56,,,
participant_22,2,day,Town10HD_Opt,2026-03-17 12:18:08.165199,-27.641714096069336,129.85025024414062,0.0023787308018654,40.101,2.362,0.0,0.0,0,0,1,,1.0,2026-03-17T12:18:08.165199,sad,0.385,2026-03-17T12:18:08.165199,0.358398832644388,2026-03-17T12:18:08.012000,58,,,
participant_22,2,day,Town10HD_Opt,2026-03-17 12:18:09.055310,-33.72298812866211,128.53741455078125,0.0023584747686982,30.645,13.234,0.113,0.0,0,0,1,,1.0,2026-03-17T12:18:09.055310,sad,0.385,2026-03-17T12:18:08.165199,0.3879217725865668,2026-03-17T12:18:09.047000,56,,,
participant_22,2,day,Town10HD_Opt,2026-03-17 12:18:10.209672,-39.28756713867188,124.43160247802734,0.0019980238284915,31.923,18.558,0.525,0.0,0,0,1,,1.0,2026-03-17T12:18:10.209672,neutral,0.755,2026-03-17T12:18:10.209672,0.3730404806141879,2026-03-17T12:18:09.992000,54,,,
participant_22,2,day,Town10HD_Opt,2026-03-17 12:18:11.148341,-41.561336517333984,119.169677734375,0.0032515716738998,35.076,12.079,0.604,0.0,0,0,1,,1.0,2026-03-17T12:18:11.148341,neutral,0.755,2026-03-17T12:18:10.209672,0.3739524087550758,2026-03-17T12:18:11.027000,53,,,
participant_22,2,day,Town10HD_Opt,2026-03-17 12:18:12.076641,-42.011512756347656,112.7171859741211,0.0019086836837232,39.197,1.415,0.56,0.0,0,0,1,,1.0,2026-03-17T12:18:12.076641,neutral,0.755,2026-03-17T12:18:10.209672,0.4194111658327861,2026-03-17T12:18:12.017000,53,,,
participant_22,2,day,Town10HD_Opt,2026-03-17 12:18:13.003595,-41.99935531616211,105.84207153320312,0.0021043396554887,38.19,0.808,0.315,0.0,0,0,1,,1.0,2026-03-17T12:18:13.003595,sad,0.524,2026-03-17T12:18:13.003595,0.4260820135464711,2026-03-17T12:18:13.007000,52,,,
participant_22,2,day,Town10HD_Opt,2026-03-17 12:18:14.226676,-41.8101692199707,97.301513671875,0.0021207809913903,34.869,-1.744,0.314,0.0,0,0,1,,1.0,2026-03-17T12:18:14.226676,sad,0.524,2026-03-17T12:18:13.003595,0.447965871555222,2026-03-17T12:18:14.044000,50,,,
participant_22,2,day,Town10HD_Opt,2026-03-17 12:18:15.171190,-41.84158706665039,91.3658218383789,0.0021089552901685,32.813,-0.411,0.323,0.0,0,0,1,,0.852,2026-03-17T12:18:15.171190,sad,0.524,2026-03-17T12:18:15.171190,0.4032716842499446,2026-03-17T12:18:15.032000,48,,,
participant_22,2,day,Town10HD_Opt,2026-03-17 12:18:16.102501,-41.89215850830078,85.69730377197266,0.0020550154149532,32.219,1.429,0.418,0.0,0,0,1,,1.0,2026-03-17T12:18:16.102501,sad,0.524,2026-03-17T12:18:15.171190,0.3412256365128437,2026-03-17T12:18:16.022000,52,,,
participant_22,2,day,Town10HD_Opt,2026-03-17 12:18:17.065369,-41.61028671264648,80.0390396118164,0.002037925645709,32.521,7.648,0.415,0.0,0,0,1,,1.0,2026-03-17T12:18:17.065369,sad,0.524,2026-03-17T12:18:15.171190,0.4382154065902146,2026-03-17T12:18:17.059000,53,,,
participant_22,2,day,Town10HD_Opt,2026-03-17 12:18:17.989356,-39.89143753051758,74.72107696533203,0.0021266937255859,31.712,25.615,0.408,0.0,0,0,1,,1.0,2026-03-17T12:18:17.989356,neutral,0.389,2026-03-17T12:18:17.989356,0.2798287141684169,2026-03-17T12:18:18.002000,54,,,
participant_22,2,day,Town10HD_Opt,2026-03-17 12:18:19.218530,-33.97588348388672,70.9715576171875,0.0022365187760442,28.859,16.888,0.0,0.0,0,0,1,,1.0,2026-03-17T12:18:19.218530,neutral,0.389,2026-03-17T12:18:17.989356,0.3913957152890143,2026-03-17T12:18:18.993000,55,,,
participant_22,2,day,Town10HD_Opt,2026-03-17 12:18:20.115461,-29.552928924560547,70.34397888183594,0.0022299194242805,22.548,0.799,0.497,0.0,0,0,1,,1.0,2026-03-17T12:18:20.115461,sad,0.479,2026-03-17T12:18:20.115461,0.4463149764936258,2026-03-17T12:18:20.027000,54,,,
participant_22,2,day,Town10HD_Opt,2026-03-17 12:18:21.173582,-25.140958786010746,69.96902465820312,0.0017428207211196,30.462,4.409,0.662,0.0,0,0,1,,1.0,2026-03-17T12:18:21.173582,sad,0.479,2026-03-17T12:18:20.115461,0.3737834694048271,2026-03-17T12:18:21.017000,53,,,
participant_22,2,day,Town10HD_Opt,2026-03-17 12:18:22.083641,-19.422748565673828,69.87803649902344,0.0019382095197215,34.458,-0.399,0.498,0.0,0,0,1,,1.0,2026-03-17T12:18:22.083641,sad,0.479,2026-03-17T12:18:20.115461,0.3150881841395541,2026-03-17T12:18:22.007000,57,,,
participant_22,2,day,Town10HD_Opt,2026-03-17 12:18:23.022497,-13.240815162658691,69.81607055664062,0.0019743728917092,36.446,1.241,0.498,0.0,0,0,1,,1.0,2026-03-17T12:18:23.022497,sad,0.527,2026-03-17T12:18:23.022497,0.4285655055135151,2026-03-17T12:18:22.998000,57,,,
participant_22,2,day,Town10HD_Opt,2026-03-17 12:18:24.235613,-4.695724964141846,69.94511413574219,0.0021991347894072,34.345,-0.04,0.0,0.0,0,0,1,,0.829,2026-03-17T12:18:24.235613,sad,0.527,2026-03-17T12:18:23.022497,0.4089619657045165,2026-03-17T12:18:23.987000,58,,,
participant_22,2,day,Town10HD_Opt,2026-03-17 12:18:25.133356,0.6106892228126526,70.01608276367188,0.0022885513026267,26.126,-0.667,0.0,0.0,0,0,1,,1.0,2026-03-17T12:18:25.133356,sad,0.448,2026-03-17T12:18:25.133356,0.4504503418766608,2026-03-17T12:18:25.022000,58,,,
participant_22,2,day,Town10HD_Opt,2026-03-17 12:18:26.080573,4.714016437530518,70.02236938476562,0.0022039795294404,20.741,0.148,0.127,0.0,0,0,1,,1.0,2026-03-17T12:18:26.080573,sad,0.448,2026-03-17T12:18:25.133356,0.4146644969063441,2026-03-17T12:18:26.013000,57,,,
participant_22,2,day,Town10HD_Opt,2026-03-17 12:18:27.029804,8.062074661254883,70.0318374633789,0.001939506502822,17.877,-0.334,0.16,0.0,0,0,1,,0.802,2026-03-17T12:18:27.029804,sad,0.448,2026-03-17T12:18:25.133356,0.3867944991182306,2026-03-17T12:18:27.003000,57,,,
participant_22,2,day,Town10HD_Opt,2026-03-17 12:18:28.214697,12.145256042480469,70.03662872314453,0.0019214248750358,17.373,0.301,0.234,0.0,0,0,1,,1.0,2026-03-17T12:18:28.214697,neutral,0.559,2026-03-17T12:18:28.214697,0.4079449152065457,2026-03-17T12:18:27.992000,58,,,
participant_22,2,day,Town10HD_Opt,2026-03-17 12:18:29.101068,15.154606819152832,70.05294036865234,0.0019425201462581,16.786,-0.174,0.163,0.0,0,0,1,,1.0,2026-03-17T12:18:29.101068,neutral,0.559,2026-03-17T12:18:28.214697,0.5397035834415932,2026-03-17T12:18:29.027000,59,,,
participant_22,2,day,Town10HD_Opt,2026-03-17 12:18:30.269205,18.76125144958496,70.05748748779297,0.0020095824729651,13.535,-0.11,0.052,0.0,0,0,1,,1.0,2026-03-17T12:18:30.269205,sad,0.368,2026-03-17T12:18:30.269205,0.5237248499014463,2026-03-17T12:18:30.017000,61,,,
participant_22,2,day,Town10HD_Opt,2026-03-17 12:18:31.140696,20.90968894958496,70.05767059326172,0.0020149231422692,10.676,-0.009,0.0,0.0,0,0,1,,1.0,2026-03-17T12:18:31.140696,sad,0.368,2026-03-17T12:18:30.269205,0.6384934352890069,2026-03-17T12:18:31.008000,62,,,
participant_22,2,day,Town10HD_Opt,2026-03-17 12:18:32.001973,22.57287979125977,70.0577163696289,0.0019973753951489,8.198,-0.009,0.0,0.0,0,0,1,,1.0,2026-03-17T12:18:32.001973,sad,0.368,2026-03-17T12:18:30.269205,0.6980884766755058,2026-03-17T12:18:31.997000,64,,,
participant_22,2,day,Town10HD_Opt,2026-03-17 12:18:33.156392,24.20583152770996,70.0577392578125,0.0019742583390325,5.763,-0.009,0.0,0.0,0,0,1,,0.853,2026-03-17T12:18:33.156392,neutral,0.569,2026-03-17T12:18:33.156392,0.6412896460859477,2026-03-17T12:18:32.987000,61,,,
participant_22,2,day,Town10HD_Opt,2026-03-17 12:18:34.028097,25.10353279113769,70.05775451660156,0.0019614410120993,4.424,-0.009,0.0,0.0,0,0,1,,0.825,2026-03-17T12:18:34.028097,neutral,0.569,2026-03-17T12:18:33.156392,0.6887394483026658,2026-03-17T12:18:34.022000,60,,,
participant_22,2,day,Town10HD_Opt,2026-03-17 12:18:35.212583,25.45843505859375,70.05780029296875,0.0019573592580854,0.003,-0.009,0.0,0.0,0,0,1,,1.0,2026-03-17T12:18:35.212583,neutral,0.553,2026-03-17T12:18:35.212583,0.776316337853602,2026-03-17T12:18:35.013000,59,,,
participant_22,2,day,Town10HD_Opt,2026-03-17 12:18:36.080000,25.662994384765625,70.05769348144531,0.0017329406691715,4.098,-0.016,0.0,0.0,0,0,1,,1.0,2026-03-17T12:18:36.080000,neutral,0.553,2026-03-17T12:18:35.212583,0.7445713260687088,2026-03-17T12:18:36.002000,59,,,
participant_22,2,day,Town10HD_Opt,2026-03-17 12:18:37.214283,25.94186210632324,70.05756378173828,0.0019424057099968,0.008,-0.016,0.094,0.0,0,0,1,,1.0,2026-03-17T12:18:37.214283,sad,0.519,2026-03-17T12:18:37.214283,0.726893031282126,2026-03-17T12:18:36.993000,58,,,
participant_22,2,day,Town10HD_Opt,2026-03-17 12:18:38.070675,26.212865829467773,70.05743408203125,0.001756896963343,4.049,-0.016,0.0,0.0,0,0,1,,1.0,2026-03-17T12:18:38.070675,sad,0.519,2026-03-17T12:18:37.214283,0.7063099893992641,2026-03-17T12:18:38.029000,61,,,
participant_22,2,day,Town10HD_Opt,2026-03-17 12:18:39.182138,26.919267654418945,70.0572280883789,0.0021322250831872,0.0,-0.016,0.0,0.095,0,0,1,,1.0,2026-03-17T12:18:39.182138,sad,0.519,2026-03-17T12:18:37.214283,0.5856177430136645,2026-03-17T12:18:39.108000,61,,,
participant_22,2,day,Town10HD_Opt,2026-03-17 12:18:40.029655,26.929168701171875,70.05723571777344,0.0019014739664271,0.774,-0.016,0.796,0.0,0,0,1,,1.0,2026-03-17T12:18:40.029655,sad,0.485,2026-03-17T12:18:40.029655,0.6346595690032346,2026-03-17T12:18:40.097000,60,,,
participant_22,2,day,Town10HD_Opt,2026-03-17 12:18:41.196922,29.07003593444824,70.02213287353516,0.001534919720143,17.928,-4.162,0.672,0.0,0,0,1,,1.0,2026-03-17T12:18:41.196922,sad,0.485,2026-03-17T12:18:40.029655,0.6103013332491107,2026-03-17T12:18:40.999000,60,,,
participant_22,2,day,Town10HD_Opt,2026-03-17 12:18:42.109567,32.500877380371094,69.6595230102539,0.0019192122854292,21.788,-10.091,0.432,0.0,0,0,1,,0.831,2026-03-17T12:18:42.109567,happy,0.695,2026-03-17T12:18:42.109567,0.4951854473844583,2026-03-17T12:18:41.988000,59,,,
participant_22,2,day,Town10HD_Opt,2026-03-17 12:18:43.017147,36.21753692626953,68.44911193847656,0.0020721436012536,22.185,-14.675,0.095,0.0,0,0,1,,0.854,2026-03-17T12:18:43.017147,happy,0.695,2026-03-17T12:18:42.109567,0.4634412869498664,2026-03-17T12:18:43.025000,59,,,
participant_22,2,day,Town10HD_Opt,2026-03-17 12:18:44.167555,39.95311737060547,65.73833465576172,0.0019067000830546,17.652,-13.455,0.091,0.0,0,0,1,,0.842,2026-03-17T12:18:44.167555,neutral,0.628,2026-03-17T12:18:44.167555,0.4014835966731642,2026-03-17T12:18:44.012000,54,,,
participant_22,2,day,Town10HD_Opt,2026-03-17 12:18:45.071064,41.74534225463867,63.464481353759766,0.0019486235687509,16.398,-13.377,0.463,0.0,0,0,1,,1.0,2026-03-17T12:18:45.071064,neutral,0.628,2026-03-17T12:18:44.167555,0.3880892582326916,2026-03-17T12:18:45.002000,55,,,
participant_22,2,day,Town10HD_Opt,2026-03-17 12:18:46.210630,43.54015350341797,59.55669403076172,0.0019548796117305,20.905,-13.38,0.495,0.0,0,0,1,,1.0,2026-03-17T12:18:46.210630,neutral,0.585,2026-03-17T12:18:46.210630,0.3842447795080064,2026-03-17T12:18:45.992000,56,,,
participant_22,2,day,Town10HD_Opt,2026-03-17 12:18:47.093661,44.21807098388672,55.875144958496094,0.0021087264176458,20.738,-9.275,0.134,0.0,0,0,1,,0.889,2026-03-17T12:18:47.093661,neutral,0.585,2026-03-17T12:18:46.210630,0.3618208033731863,2026-03-17T12:18:47.027000,57,,,
participant_22,2,day,Town10HD_Opt,2026-03-17 12:18:48.252564,44.368690490722656,51.61915588378906,0.0020118711981922,15.496,-2.941,0.0,0.0,0,0,1,,0.963,2026-03-17T12:18:48.252564,sad,0.367,2026-03-17T12:18:48.252564,0.4189383487509652,2026-03-17T12:18:48.019000,57,,,
participant_22,2,day,Town10HD_Opt,2026-03-17 12:18:49.217169,44.32411575317383,49.20689392089844,0.0020324706565588,11.907,-3.193,0.11,0.0,0,0,1,,0.913,2026-03-17T12:18:49.217169,sad,0.367,2026-03-17T12:18:48.252564,0.4222473930630008,2026-03-17T12:18:49.007000,58,,,
participant_22,2,day,Town10HD_Opt,2026-03-17 12:18:50.116245,44.19343185424805,46.79586410522461,0.0017659377772361,19.333,-1.965,0.887,0.0,0,0,1,,0.872,2026-03-17T12:18:50.116245,sad,0.367,2026-03-17T12:18:48.252564,0.3354873626674814,2026-03-17T12:18:49.997000,55,,,
participant_22,2,day,Town10HD_Opt,2026-03-17 12:18:51.001472,43.9335823059082,42.7370491027832,0.0017636489355936,27.877,3.325,0.549,0.0,0,0,1,,0.826,2026-03-17T12:18:51.001472,sad,0.667,2026-03-17T12:18:51.001472,0.3265587325340445,2026-03-17T12:18:50.987000,54,,,
participant_22,2,day,Town10HD_Opt,2026-03-17 12:18:52.136906,44.17945861816406,36.05927658081055,0.0020871353335678,28.097,9.452,0.216,0.0,0,0,1,,0.925,2026-03-17T12:18:52.136906,sad,0.667,2026-03-17T12:18:51.001472,0.3444651337225727,2026-03-17T12:18:52.022000,56,,,
participant_22,2,day,Town10HD_Opt,2026-03-17 12:18:53.044487,45.75894546508789,31.85655975341797,0.0022522734943777,23.34,27.617,0.14,0.0,0,0,1,,1.0,2026-03-17T12:18:53.044487,sad,0.429,2026-03-17T12:18:53.044487,0.2747320149759097,2026-03-17T12:18:53.012000,58,,,
participant_22,2,day,Town10HD_Opt,2026-03-17 12:18:54.254409,49.67214584350586,29.19550895690918,0.002205200260505,18.162,22.437,0.14,0.0,0,0,1,,1.0,2026-03-17T12:18:54.254409,sad,0.429,2026-03-17T12:18:53.044487,0.3332900465667739,2026-03-17T12:18:54.003000,62,,,
participant_22,2,day,Town10HD_Opt,2026-03-17 12:18:55.205171,52.70344543457031,28.574575424194336,0.0019713973160833,16.692,4.49,0.128,0.0,0,0,1,,0.845,2026-03-17T12:18:55.205171,sad,0.468,2026-03-17T12:18:55.205171,0.3472795672253437,2026-03-17T12:18:54.993000,63,,,
participant_22,2,day,Town10HD_Opt,2026-03-17 12:18:56.084315,55.58962631225586,28.05111694335937,0.0019651411566883,18.863,0.308,0.69,0.0,0,0,1,,1.0,2026-03-17T12:18:56.084315,sad,0.468,2026-03-17T12:18:55.205171,0.3500267838786336,2026-03-17T12:18:56.028000,62,,,
participant_22,2,day,Town10HD_Opt,2026-03-17 12:18:57.196862,60.3541374206543,27.15299415588379,0.0020414732862263,21.442,-0.414,0.23,0.0,0,0,1,,0.876,2026-03-17T12:18:57.196862,sad,0.468,2026-03-17T12:18:55.205171,0.3376863337517632,2026-03-17T12:18:57.017000,63,,,
participant_22,2,day,Town10HD_Opt,2026-03-17 12:18:58.034018,63.8436279296875,26.462764739990234,0.0021582792978733,18.375,0.39,0.0,0.153,0,0,1,,1.0,2026-03-17T12:18:58.034018,sad,0.343,2026-03-17T12:18:58.034018,0.2824640956685922,2026-03-17T12:18:58.007000,62,,,
participant_22,2,day,Town10HD_Opt,2026-03-17 12:18:59.159069,67.19440460205078,25.954002380371094,0.0021168135572224,10.125,5.297,0.0,0.385,0,0,1,,1.0,2026-03-17T12:18:59.159069,sad,0.343,2026-03-17T12:18:58.034018,0.2900403615014024,2026-03-17T12:18:58.997000,61,,,
participant_22,2,day,Town10HD_Opt,2026-03-17 12:18:59.994885,68.462158203125,25.856624603271484,0.0024148558732122,0.0,5.215,0.0,0.39,0,0,1,,0.861,2026-03-17T12:18:59.994885,sad,0.343,2026-03-17T12:18:58.034018,0.217439015150556,2026-03-17T12:18:59.987000,62,,,
participant_22,2,day,Town10HD_Opt,2026-03-17 12:19:01.046060,68.46276092529297,25.856639862060547,0.0019284439040347,0.0,5.094,0.0,0.0,0,0,1,,1.0,2026-03-17T12:19:01.046060,neutral,0.656,2026-03-17T12:19:01.046060,0.3034193473775451,2026-03-17T12:19:01.022000,62,,,
participant_22,2,day,Town10HD_Opt,2026-03-17 12:19:02.128695,68.4627685546875,25.856639862060547,0.0019198989029973,0.0,2.68,0.0,0.0,0,0,1,,0.825,2026-03-17T12:19:02.128695,neutral,0.656,2026-03-17T12:19:01.046060,0.3056313367523329,2026-03-17T12:19:02.103000,62,,,
participant_22,2,day,Town10HD_Opt,2026-03-17 12:19:03.192721,68.4627685546875,25.856639862060547,0.0019198989029973,0.0,1.213,0.0,0.0,0,0,1,,1.0,2026-03-17T12:19:03.192721,neutral,0.427,2026-03-17T12:19:03.192721,0.2990366299152216,2026-03-17T12:19:03.002000,59,,,
participant_22,2,day,Town10HD_Opt,2026-03-17 12:19:04.010857,68.48656463623047,25.854433059692383,0.0018267058767378,2.196,0.9,1.0,0.0,0,0,1,,1.0,2026-03-17T12:19:04.010857,neutral,0.427,2026-03-17T12:19:03.192721,0.3777471749338715,2026-03-17T12:19:03.992000,57,,,
participant_22,2,day,Town10HD_Opt,2026-03-17 12:19:05.125371,71.25540161132812,25.62446975708008,0.0017169951461255,22.025,0.728,1.0,0.0,0,0,1,,1.0,2026-03-17T12:19:05.125371,neutral,0.427,2026-03-17T12:19:03.192721,0.3458095617457637,2026-03-17T12:19:05.072000,58,,,
participant_22,2,day,Town10HD_Opt,2026-03-17 12:19:06.009191,75.92566680908203,25.439743041992188,0.0020388411357998,26.752,8.649,0.0,0.0,0,0,1,,1.0,2026-03-17T12:19:06.009191,neutral,0.381,2026-03-17T12:19:06.009191,0.3023961983544764,2026-03-17T12:19:06.152000,57,,,
participant_22,2,day,Town10HD_Opt,2026-03-17 12:19:07.125897,81.22545623779297,26.25586700439453,0.0022366715129464,18.939,3.422,0.553,0.0,0,0,1,,1.0,2026-03-17T12:19:07.125897,neutral,0.381,2026-03-17T12:19:06.009191,0.3209032530514275,2026-03-17T12:19:07.188000,60,,,
participant_22,2,day,Town10HD_Opt,2026-03-17 12:19:08.236673,86.60306549072266,27.228656768798828,0.0016340636648237,31.987,-5.668,0.763,0.0,0,0,1,,0.91,2026-03-17T12:19:08.236673,neutral,0.344,2026-03-17T12:19:08.236673,0.3547404804428331,2026-03-17T12:19:07.997000,60,,,
participant_22,2,day,Town10HD_Opt,2026-03-17 12:19:09.110804,92.61429595947266,27.405866622924805,0.002089500427246,33.657,-3.123,0.132,0.0,0,0,1,,0.92,2026-03-17T12:19:09.110804,neutral,0.344,2026-03-17T12:19:08.236673,0.3695195150046759,2026-03-17T12:19:08.987000,61,,,
participant_22,2,day,Town10HD_Opt,2026-03-17 12:19:10.213491,99.4493179321289,26.67584609985352,0.0022786711342632,24.408,-6.594,0.0,0.0,0,0,1,,1.0,2026-03-17T12:19:10.213491,neutral,0.344,2026-03-17T12:19:08.236673,0.2941310380096953,2026-03-17T12:19:10.022000,61,,,
participant_22,2,day,Town10HD_Opt,2026-03-17 12:19:11.063965,103.01441192626952,25.570043563842773,0.0022560881916433,18.096,-14.845,0.0,0.0,0,0,1,,1.0,2026-03-17T12:19:11.063965,sad,0.33,2026-03-17T12:19:11.063965,0.2989815260136566,2026-03-17T12:19:11.014000,61,,,
participant_22,2,day,Town10HD_Opt,2026-03-17 12:19:12.144556,105.96550750732422,23.339258193969727,0.0019327545305714,15.845,-22.349,0.621,0.0,0,0,1,,1.0,2026-03-17T12:19:12.144556,sad,0.33,2026-03-17T12:19:11.063965,0.2948962187312298,2026-03-17T12:19:12.003000,62,,,
participant_22,2,day,Town10HD_Opt,2026-03-17 12:19:12.988942,107.63717651367188,20.49755096435547,0.0018457793630659,23.711,-22.637,0.824,0.0,0,0,1,,1.0,2026-03-17T12:19:12.988942,sad,0.33,2026-03-17T12:19:11.063965,0.2909345515964108,2026-03-17T12:19:12.993000,57,,,
participant_22,2,day,Town10HD_Opt,2026-03-17 12:19:14.072001,107.73868560791016,13.562556266784668,0.0019422149052843,37.738,-19.852,0.919,0.0,0,0,1,,1.0,2026-03-17T12:19:14.072001,sad,0.367,2026-03-17T12:19:14.072001,0.2576767915542601,2026-03-17T12:19:14.028000,56,,,
participant_22,2,day,Town10HD_Opt,2026-03-17 12:19:15.234820,102.07599639892578,4.739788055419922,0.001989021198824,47.945,13.767,0.0,0.0,0,0,1,,1.0,2026-03-17T12:19:15.234820,sad,0.367,2026-03-17T12:19:14.072001,0.3080204906470276,2026-03-17T12:19:15.017000,57,,,
participant_22,2,day,Town10HD_Opt,2026-03-17 12:19:16.148702,99.5220184326172,-2.040350914001465,0.0024547576904296,34.908,19.583,0.0,0.0,0,0,1,,1.0,2026-03-17T12:19:16.148702,neutral,0.563,2026-03-17T12:19:16.148702,0.3710895817354023,2026-03-17T12:19:16.054000,56,,,
participant_22,2,day,Town10HD_Opt,2026-03-17 12:19:17.028382,100.8052978515625,-7.260851860046387,0.0023605346214026,27.136,12.762,0.0,0.0,0,0,1,,1.0,2026-03-17T12:19:17.028382,neutral,0.563,2026-03-17T12:19:16.148702,0.3714869752664376,2026-03-17T12:19:17.087000,55,,,
participant_22,2,day,Town10HD_Opt,2026-03-17 12:19:18.103745,103.5749282836914,-11.75306510925293,0.0022307585459202,18.567,-10.834,0.187,0.0,0,0,1,,1.0,2026-03-17T12:19:18.103745,neutral,0.563,2026-03-17T12:19:16.148702,0.3360368122190351,2026-03-17T12:19:17.988000,57,,,
participant_22,2,day,Town10HD_Opt,2026-03-17 12:19:19.174422,105.02171325683594,-15.815892219543455,0.0018791579641401,21.957,-14.729,0.903,0.0,0,0,1,,1.0,2026-03-17T12:19:19.174422,sad,0.326,2026-03-17T12:19:19.174422,0.3807638683371962,2026-03-17T12:19:19.026000,57,,,
participant_22,2,day,Town10HD_Opt,2026-03-17 12:19:19.994071,105.33824920654295,-20.810651779174805,0.0015466689364984,37.196,-7.767,0.98,0.0,0,0,1,,1.0,2026-03-17T12:19:19.994071,sad,0.326,2026-03-17T12:19:19.174422,0.3418231574072558,2026-03-17T12:19:20.013000,56,,,
participant_22,2,day,Town10HD_Opt,2026-03-17 12:19:21.070662,103.6051254272461,-31.32356834411621,0.0018009566701948,51.381,4.051,0.0,0.185,0,0,1,,0.905,2026-03-17T12:19:21.070662,sad,0.326,2026-03-17T12:19:19.174422,0.3419289740359635,2026-03-17T12:19:21.003000,56,,,
participant_22,2,day,Town10HD_Opt,2026-03-17 12:19:21.988316,102.3384246826172,-40.00203323364258,0.0018411636119708,52.177,5.522,0.0,0.247,0,0,1,,1.0,2026-03-17T12:19:21.988316,sad,0.309,2026-03-17T12:19:21.988316,0.3626099918582952,2026-03-17T12:19:22.037000,58,,,
participant_22,2,day,Town10HD_Opt,2026-03-17 12:19:23.058999,102.9278564453125,-51.68452453613281,0.0024755096528679,49.792,-9.909,0.619,0.0,0,0,1,,0.862,2026-03-17T12:19:23.058999,sad,0.309,2026-03-17T12:19:21.988316,0.3412381293341972,2026-03-17T12:19:23.073000,58,,,
participant_22,2,day,Town10HD_Opt,2026-03-17 12:19:24.070391,100.1360855102539,-61.9788818359375,0.1551388502120971,45.004,-19.895,0.527,0.0,0,0,1,,0.815,2026-03-17T12:19:24.070391,sad,0.481,2026-03-17T12:19:24.070391,0.2263679402856939,2026-03-17T12:19:24.018000,59,,,
participant_22,2,day,Town10HD_Opt,2026-03-17 12:19:25.229495,90.93535614013672,-65.62582397460938,0.1332878917455673,43.218,-19.702,0.525,0.0,0,0,1,,1.0,2026-03-17T12:19:25.229495,sad,0.481,2026-03-17T12:19:24.070391,0.3615345515755137,2026-03-17T12:19:25.009000,59,,,
participant_22,2,day,Town10HD_Opt,2026-03-17 12:19:26.132928,84.28487396240234,-62.80928039550781,0.0039986800402402,41.926,-15.452,0.503,0.0,0,0,1,,1.0,2026-03-17T12:19:26.132928,sad,0.395,2026-03-17T12:19:26.132928,0.338052258771,2026-03-17T12:19:25.998000,56,,,
participant_22,2,day,Town10HD_Opt,2026-03-17 12:19:27.095841,79.95726013183594,-57.25331878662109,0.0023323439527302,35.88,14.161,0.0,0.0,0,0,1,,1.0,2026-03-17T12:19:27.095841,sad,0.395,2026-03-17T12:19:26.132928,0.2870112286318176,2026-03-17T12:19:27.032000,57,,,
participant_22,2,day,Town10HD_Opt,2026-03-17 12:19:28.028190,75.6125259399414,-53.89255142211914,0.0023414611350744,27.144,14.494,0.0,0.0,0,0,1,,1.0,2026-03-17T12:19:28.028190,sad,0.395,2026-03-17T12:19:26.132928,0.3415769881937561,2026-03-17T12:19:28.292000,60,,,
participant_22,2,day,Town10HD_Opt,2026-03-17 12:19:29.176625,72.18331146240234,-52.98591995239258,0.0389435179531574,16.606,14.533,0.0,0.0,0,0,1,,1.0,2026-03-17T12:19:29.176625,angry,0.654,2026-03-17T12:19:29.176625,0.3119837894750206,2026-03-17T12:19:29.328000,56,Harsh braking,decel_mps2=6.7,
participant_22,2,day,Town10HD_Opt,2026-03-17 12:19:30.079377,71.25334930419922,-52.90847396850586,0.0348919667303562,0.538,20.989,0.0,0.0,0,0,1,,1.0,2026-03-17T12:19:30.079377,angry,0.654,2026-03-17T12:19:29.176625,0.3616383901637375,2026-03-17T12:19:30.093000,58,,,
participant_22,2,day,Town10HD_Opt,2026-03-17 12:19:31.230049,71.31157684326172,-52.9088134765625,0.0388643257319927,0.073,18.664,0.0,0.0,0,0,1,,1.0,2026-03-17T12:19:31.230049,neutral,0.828,2026-03-17T12:19:31.230049,0.3748457000551006,2026-03-17T12:19:31.218000,60,,,
participant_22,2,day,Town10HD_Opt,2026-03-17 12:19:32.147391,71.31285858154297,-52.90882110595703,0.0388948060572147,0.0,2.527,0.0,0.0,0,0,1,,1.0,2026-03-17T12:19:32.147391,neutral,0.828,2026-03-17T12:19:31.230049,0.3223309987350868,2026-03-17T12:19:32.073000,61,,,
participant_22,2,day,Town10HD_Opt,2026-03-17 12:19:33.255360,0.0,0.0,0.0,0.0,0.0,0.0,0.0,1,1,97846,,1.0,2026-03-17T12:19:33.255360,angry,0.641,2026-03-17T12:19:33.255360,0.3553379907390769,2026-03-17T12:19:33.018000,61,,,
participant_22,2,day,Town10HD_Opt,2026-03-17 12:19:34.133006,-41.66907501220703,89.74517059326172,-0.010053252801299,0.246,1.389,0.0,0.0,0,0,0,,0.893,2026-03-17T12:19:34.133006,angry,0.641,2026-03-17T12:19:33.255360,0.3270916959846188,2026-03-17T12:19:34.008000,61,,,
participant_22,2,day,Town10HD_Opt,2026-03-17 12:19:35.256839,-41.66903305053711,89.73564147949219,0.001807746826671,5.973,1.276,0.883,0.0,0,0,1,,1.0,2026-03-17T12:19:35.256839,neutral,0.802,2026-03-17T12:19:35.256839,0.3179953785500995,2026-03-17T12:19:34.998000,60,,,
participant_22,2,day,Town10HD_Opt,2026-03-17 12:19:36.259026,-41.638465881347656,87.49292755126953,0.001715698163025,19.626,1.302,0.714,0.0,0,0,1,,0.864,2026-03-17T12:19:36.259026,neutral,0.802,2026-03-17T12:19:35.256839,0.3525733642626074,2026-03-17T12:19:36.033000,62,,,
participant_22,2,day,Town10HD_Opt,2026-03-17 12:19:37.192830,-41.58913803100586,83.8420181274414,0.0020704651251435,20.296,-2.358,0.101,0.0,0,0,1,,0.864,2026-03-17T12:19:37.192830,neutral,0.802,2026-03-17T12:19:35.256839,0.3243853026161001,2026-03-17T12:19:37.024000,61,,,
participant_22,2,day,Town10HD_Opt,2026-03-17 12:19:38.075333,-41.52938079833984,80.5508804321289,0.0020563888829201,18.026,8.742,0.382,0.0,0,0,1,,1.0,2026-03-17T12:19:38.075333,neutral,0.29,2026-03-17T12:19:38.075333,0.4127236838952772,2026-03-17T12:19:38.014000,61,,,
participant_22,2,day,Town10HD_Opt,2026-03-17 12:19:39.276368,-40.323524475097656,75.98362731933594,0.0018106460338458,25.441,15.911,0.703,0.0,0,0,1,,1.0,2026-03-17T12:19:39.276368,neutral,0.29,2026-03-17T12:19:38.075333,0.5473962472415591,2026-03-17T12:19:39.003000,63,,,
participant_22,2,day,Town10HD_Opt,2026-03-17 12:19:40.197491,-37.49882888793945,72.1031494140625,0.0020344161894172,28.386,18.046,0.343,0.0,0,0,1,,1.0,2026-03-17T12:19:40.197491,sad,0.455,2026-03-17T12:19:40.197491,0.6661829406805015,2026-03-17T12:19:40.038000,63,,,
participant_22,2,day,Town10HD_Opt,2026-03-17 12:19:41.116574,-33.35409164428711,69.72413635253906,0.0022135542239993,25.366,18.593,0.0,0.0,0,0,1,,1.0,2026-03-17T12:19:41.116574,sad,0.455,2026-03-17T12:19:40.197491,0.6799462151932736,2026-03-17T12:19:41.028000,61,,,
participant_22,2,day,Town10HD_Opt,2026-03-17 12:19:42.056697,-29.485326766967773,69.21998596191406,0.0022537230979651,19.128,3.467,0.029,0.0,0,0,1,,1.0,2026-03-17T12:19:42.056697,sad,0.455,2026-03-17T12:19:40.197491,0.7499045070229231,2026-03-17T12:19:42.017000,65,,,
participant_22,2,day,Town10HD_Opt,2026-03-17 12:19:43.249367,-24.835607528686523,69.09266662597656,0.0017414855537936,25.473,3.438,0.696,0.0,0,0,1,,0.878,2026-03-17T12:19:43.249367,sad,0.498,2026-03-17T12:19:43.249367,0.9165939903942482,2026-03-17T12:19:43.008000,67,,,
participant_22,2,day,Town10HD_Opt,2026-03-17 12:19:44.159577,-19.8126220703125,69.22166442871094,0.001891937223263,31.186,0.385,0.475,0.0,0,0,1,,1.0,2026-03-17T12:19:44.159577,sad,0.498,2026-03-17T12:19:43.249367,0.99,2026-03-17T12:19:43.998000,66,,,
participant_22,2,day,Town10HD_Opt,2026-03-17 12:19:45.071106,-14.20889377593994,69.46173858642578,0.00199157721363,32.868,0.223,0.442,0.0,0,0,1,,1.0,2026-03-17T12:19:45.071106,sad,0.498,2026-03-17T12:19:43.249367,0.99,2026-03-17T12:19:45.032000,67,,,
participant_22,2,day,Town10HD_Opt,2026-03-17 12:19:46.254776,-6.663080215454102,69.73324584960938,0.002228393452242,29.034,-0.317,0.0,0.0,0,0,1,,1.0,2026-03-17T12:19:46.254776,sad,0.399,2026-03-17T12:19:46.254776,0.99,2026-03-17T12:19:46.022000,65,,,
participant_22,2,day,Town10HD_Opt,2026-03-17 12:19:47.183384,-2.1499147415161133,69.83123779296875,0.0022634123452007,22.073,0.146,0.0,0.0,0,0,1,,1.0,2026-03-17T12:19:47.183384,sad,0.399,2026-03-17T12:19:46.254776,0.99,2026-03-17T12:19:47.013000,66,,,
participant_22,2,day,Town10HD_Opt,2026-03-17 12:19:48.096013,1.2673920392990112,69.89990997314453,0.0019167709397152,17.67,-0.385,0.229,0.0,0,0,1,,1.0,2026-03-17T12:19:48.096013,sad,0.399,2026-03-17T12:19:46.254776,0.99,2026-03-17T12:19:48.002000,67,,,
participant_22,2,day,Town10HD_Opt,2026-03-17 12:19:49.000196,4.391699314117432,69.94971466064453,0.0020932387560606,17.989,-0.193,0.341,0.0,0,0,1,,1.0,2026-03-17T12:19:49.000196,sad,0.511,2026-03-17T12:19:49.000196,0.99,2026-03-17T12:19:49.038000,67,,,
participant_22,2,day,Town10HD_Opt,2026-03-17 12:19:50.207460,8.640870094299316,69.98896026611328,0.0020476530771702,18.165,-0.404,0.314,0.0,0,0,1,,1.0,2026-03-17T12:19:50.207460,sad,0.511,2026-03-17T12:19:49.000196,0.99,2026-03-17T12:19:50.028000,65,,,
participant_22,2,day,Town10HD_Opt,2026-03-17 12:19:51.094444,11.819710731506348,69.99256134033203,0.0020545576699078,18.373,-0.364,0.238,0.0,0,0,1,,1.0,2026-03-17T12:19:51.094444,sad,0.387,2026-03-17T12:19:51.094444,0.99,2026-03-17T12:19:51.063000,65,,,
participant_22,2,day,Town10HD_Opt,2026-03-17 12:19:52.045433,14.98017406463623,69.97948455810547,0.0018494796240702,17.544,0.075,0.129,0.0,0,0,1,,0.861,2026-03-17T12:19:52.045433,sad,0.387,2026-03-17T12:19:51.094444,0.99,2026-03-17T12:19:52.009000,62,,,
participant_22,2,day,Town10HD_Opt,2026-03-17 12:19:53.221520,18.713653564453125,69.96546936035156,0.002034721430391,13.625,-0.026,0.0,0.0,0,0,1,,1.0,2026-03-17T12:19:53.221520,neutral,0.459,2026-03-17T12:19:53.221520,0.99,2026-03-17T12:19:52.998000,61,,,
participant_22,2,day,Town10HD_Opt,2026-03-17 12:19:54.160710,20.83651161193848,69.95552062988281,0.0020186996553093,10.467,-0.059,0.0,0.0,0,0,1,,1.0,2026-03-17T12:19:54.160710,neutral,0.459,2026-03-17T12:19:53.221520,0.99,2026-03-17T12:19:54.032000,62,,,
participant_22,2,day,Town10HD_Opt,2026-03-17 12:19:55.093659,22.42277717590332,69.94702911376953,0.0020151520147919,7.441,-0.059,0.0,0.053,0,0,1,,1.0,2026-03-17T12:19:55.093659,neutral,0.459,2026-03-17T12:19:53.221520,0.99,2026-03-17T12:19:55.023000,60,,,
participant_22,2,day,Town10HD_Opt,2026-03-17 12:19:56.223723,23.805294036865234,69.9389419555664,0.0019551084842532,5.048,-0.059,0.229,0.0,0,0,1,,1.0,2026-03-17T12:19:56.223723,sad,0.566,2026-03-17T12:19:56.223723,0.99,2026-03-17T12:19:56.013000,58,,,
participant_22,2,day,Town10HD_Opt,2026-03-17 12:19:57.227430,24.673324584960938,69.93314361572266,0.0022886656224727,0.001,-0.059,0.0,0.113,0,0,1,,1.0,2026-03-17T12:19:57.227430,sad,0.566,2026-03-17T12:19:56.223723,0.99,2026-03-17T12:19:57.006000,58,,,
participant_22,2,day,Town10HD_Opt,2026-03-17 12:19:58.055924,24.677934646606445,69.93313598632812,0.0019381331512704,0.015,-0.059,0.338,0.0,0,0,1,,1.0,2026-03-17T12:19:58.055924,sad,0.566,2026-03-17T12:19:56.223723,0.99,2026-03-17T12:19:58.039000,57,,,
participant_22,3,day,Town10HD_Opt,2026-03-17 12:30:00.000000,-41.66859436035156,89.7454833984375,0.5804919004440308,21.147,1.951,0.427,0.0,0,0,1,,1.0,2026-03-17T12:30:00,,,2026-03-17T12:30:00,0.6773334035574228,2026-03-17T12:30:00,56,,,
participant_22,3,day,Town10HD_Opt,2026-03-17 12:30:04.544544,-41.65642547607422,84.50389099121094,0.0019295500824227,21.437,2.657,0.43,0.0,0,0,1,,1.0,2026-03-17T12:30:04.544544,,,2026-03-17T12:30:04.544544,0.6869636452453736,2026-03-17T12:30:05.044000,52,,,
participant_22,3,day,Town10HD_Opt,2026-03-17 12:30:05.195202,-41.55411529541016,81.93209838867188,0.0019670105539262,22.928,4.433,0.432,0.0,0,0,1,,0.837,2026-03-17T12:30:05.195202,,,2026-03-17T12:30:04.544544,0.6083739754789503,2026-03-17T12:30:06.029000,51,,,
participant_22,3,day,Town10HD_Opt,2026-03-17 12:30:06.192887,-40.988162994384766,77.81613159179688,0.0019896698649972,24.804,10.084,0.434,0.0,0,0,1,,1.0,2026-03-17T12:30:06.192887,,,2026-03-17T12:30:04.544544,0.650062189274918,2026-03-17T12:30:07.020000,51,,,
participant_22,3,day,Town10HD_Opt,2026-03-17 12:30:07.198326,-39.28924560546875,73.7456283569336,0.0020323561038821,26.123,19.755,0.435,0.0,0,0,1,,1.0,2026-03-17T12:30:07.198326,happy,0.754,2026-03-17T12:30:07.198326,0.6566588268790935,2026-03-17T12:30:07.020000,52,,,
participant_22,3,day,Town10HD_Opt,2026-03-17 12:30:08.185315,-35.89570236206055,70.65522003173828,0.0020606613252311,27.169,22.269,0.436,0.0,0,0,1,,0.91,2026-03-17T12:30:08.185315,happy,0.754,2026-03-17T12:30:07.198326,0.6183566546679174,2026-03-17T12:30:09.044000,51,,,
participant_22,3,day,Town10HD_Opt,2026-03-17 12:30:09.153713,-31.27286148071289,69.48809051513672,0.0020558929536491,28.247,18.001,0.436,0.0,0,0,1,,0.937,2026-03-17T12:30:09.153713,happy,0.754,2026-03-17T12:30:07.198326,0.6669880035208865,2026-03-17T12:30:10.034000,51,,,
participant_22,3,day,Town10HD_Opt,2026-03-17 12:30:10.124780,-26.23384475708008,69.91951751708984,0.0020018767099827,29.752,-3.747,0.436,0.0,0,0,1,,0.812,2026-03-17T12:30:10.124780,neutral,0.995,2026-03-17T12:30:10.124780,0.6658039985475129,2026-03-17T12:30:11.024000,54,,,
participant_22,3,day,Town10HD_Opt,2026-03-17 12:30:11.125986,-20.943248748779297,70.19319915771484,0.0020047377329319,30.979,-3.076,0.436,0.0,0,0,1,,0.912,2026-03-17T12:30:11.125986,neutral,0.995,2026-03-17T12:30:10.124780,0.620910942362995,2026-03-17T12:30:12.015000,53,,,
participant_22,3,day,Town10HD_Opt,2026-03-17 12:30:12.077163,-15.437288284301758,70.06303405761719,0.0020070648752152,32.093,0.604,0.436,0.0,0,0,1,,0.85,2026-03-17T12:30:12.077163,neutral,0.995,2026-03-17T12:30:10.124780,0.6253869110801497,2026-03-17T12:30:12.015000,54,,,
participant_22,3,day,Town10HD_Opt,2026-03-17 12:30:13.007105,-9.747114181518556,69.96466827392578,0.0020115280058234,33.061,0.759,0.436,0.0,0,0,1,,0.846,2026-03-17T12:30:13.007105,neutral,0.858,2026-03-17T12:30:13.007105,0.6701379594372827,2026-03-17T12:30:13.859000,54,,,
participant_22,3,day,Town10HD_Opt,2026-03-17 12:30:14.236821,-2.4751739501953125,70.00944519042969,0.0022682952694594,26.614,0.211,0.0,0.0,0,0,1,,0.842,2026-03-17T12:30:14.236821,neutral,0.858,2026-03-17T12:30:13.007105,0.6917499793842867,2026-03-17T12:30:15.029000,57,,,
participant_22,3,day,Town10HD_Opt,2026-03-17 12:30:15.152157,1.6398546695709229,70.07691955566406,0.0022518921177834,20.046,0.251,0.0,0.0,0,0,1,,0.82,2026-03-17T12:30:15.152157,fear,0.544,2026-03-17T12:30:15.152157,0.7151344460966811,2026-03-17T12:30:16.020000,59,,,
participant_22,3,day,Town10HD_Opt,2026-03-17 12:30:16.078312,4.749279499053955,70.14154815673828,0.0020193862728774,15.432,-0.035,0.0,0.0,0,0,1,,1.0,2026-03-17T12:30:16.078312,fear,0.544,2026-03-17T12:30:15.152157,0.6507758992860374,2026-03-17T12:30:17.011000,57,,,
participant_22,3,day,Town10HD_Opt,2026-03-17 12:30:17.073333,7.155397891998291,70.18988037109375,0.0020175552926957,12.194,-0.108,0.167,0.0,0,0,1,,0.866,2026-03-17T12:30:17.073333,fear,0.544,2026-03-17T12:30:15.152157,0.5765746273283395,2026-03-17T12:30:17.999000,55,,,
participant_22,3,day,Town10HD_Opt,2026-03-17 12:30:18.278552,9.962385177612305,70.24159240722656,0.0019019698956981,12.312,-0.188,0.248,0.0,0,0,1,,0.89,2026-03-17T12:30:18.278552,neutral,0.928,2026-03-17T12:30:18.278552,0.6961991262385694,2026-03-17T12:30:19.079000,56,,,
participant_22,3,day,Town10HD_Opt,2026-03-17 12:30:19.198012,12.200273513793944,70.27617645263672,0.0018848800100386,13.368,-0.287,0.261,0.0,0,0,1,,0.897,2026-03-17T12:30:19.198012,neutral,0.928,2026-03-17T12:30:18.278552,0.6015947579210555,2026-03-17T12:30:20.024000,55,,,
participant_22,3,day,Town10HD_Opt,2026-03-17 12:30:20.149038,14.626827239990234,70.30445861816406,0.0018831252818927,14.407,-0.289,0.27,0.0,0,0,1,,0.893,2026-03-17T12:30:20.149038,neutral,0.928,2026-03-17T12:30:18.278552,0.5726253642153524,2026-03-17T12:30:21.104000,52,,,
participant_22,3,day,Town10HD_Opt,2026-03-17 12:30:21.095266,17.236021041870117,70.32471466064453,0.0018885802710428,15.407,-0.289,0.26,0.0,0,0,1,,0.88,2026-03-17T12:30:21.095266,neutral,0.901,2026-03-17T12:30:21.095266,0.5988364222753869,2026-03-17T12:30:22.005000,52,,,
participant_22,3,day,Town10HD_Opt,2026-03-17 12:30:22.008492,19.820146560668945,70.33377075195312,0.002019424457103,13.063,-0.303,0.0,0.0,0,0,1,,0.84,2026-03-17T12:30:22.008492,neutral,0.901,2026-03-17T12:30:21.095266,0.4760979095294364,2026-03-17T12:30:22.005000,54,,,
participant_22,3,day,Town10HD_Opt,2026-03-17 12:30:23.194704,22.223114013671875,70.333984375,0.0020437622442841,7.436,-0.214,0.0,0.124,0,0,1,,0.81,2026-03-17T12:30:23.194704,neutral,0.841,2026-03-17T12:30:23.194704,0.518521881458086,2026-03-17T12:30:24.075000,53,,,
participant_22,3,day,Town10HD_Opt,2026-03-17 12:30:24.072972,23.360918045043945,70.33177947998047,0.0019723891746252,5.647,-0.204,0.0,0.0,0,0,1,,0.914,2026-03-17T12:30:24.072972,neutral,0.841,2026-03-17T12:30:23.194704,0.4294830862147394,2026-03-17T12:30:25.020000,51,,,
participant_22,3,day,Town10HD_Opt,2026-03-17 12:30:25.262863,24.48589134216309,70.32818603515625,0.0019570922013372,3.97,-0.16,0.0,0.0,0,0,1,,0.865,2026-03-17T12:30:25.262863,neutral,0.824,2026-03-17T12:30:25.262863,0.4029891796562476,2026-03-17T12:30:26.010000,51,,,
participant_22,3,day,Town10HD_Opt,2026-03-17 12:30:26.276733,25.10440826416016,70.32572174072266,0.0023996734526008,2.999,-0.141,0.0,0.0,0,0,1,,0.893,2026-03-17T12:30:26.276733,neutral,0.824,2026-03-17T12:30:25.262863,0.4803339912813654,2026-03-17T12:30:27,50,,,
participant_22,3,day,Town10HD_Opt,2026-03-17 12:30:27.234992,25.5676383972168,70.3240737915039,0.0034996413160115,2.282,-0.12,0.0,0.0,0,0,1,,0.841,2026-03-17T12:30:27.234992,neutral,0.824,2026-03-17T12:30:25.262863,0.3998857909882453,2026-03-17T12:30:28.080000,54,,,
participant_22,3,day,Town10HD_Opt,2026-03-17 12:30:28.140621,25.92171096801757,70.32215118408203,0.0019016646547243,1.746,-0.12,0.0,0.0,0,0,1,,1.0,2026-03-17T12:30:28.140621,neutral,0.876,2026-03-17T12:30:28.140621,0.4309186857731081,2026-03-17T12:30:29.025000,54,,,
participant_22,3,day,Town10HD_Opt,2026-03-17 12:30:29.122022,26.19365119934082,70.32084655761719,0.0019318008562549,1.34,-0.12,0.0,0.0,0,0,1,,0.814,2026-03-17T12:30:29.122022,neutral,0.876,2026-03-17T12:30:28.140621,0.4392803307195503,2026-03-17T12:30:30.015000,54,,,
participant_22,3,day,Town10HD_Opt,2026-03-17 12:30:30.091452,26.23693084716797,70.32066345214844,0.0019321822328493,0.0,-0.141,0.0,0.303,0,0,1,,1.0,2026-03-17T12:30:30.091452,neutral,0.876,2026-03-17T12:30:28.140621,0.4287337694563768,2026-03-17T12:30:30.015000,53,,,
participant_22,3,day,Town10HD_Opt,2026-03-17 12:30:31.032162,26.23676490783692,70.32066345214844,0.0019155120244249,0.43,-1.819,0.463,0.0,0,0,1,,1.0,2026-03-17T12:30:31.032162,neutral,0.851,2026-03-17T12:30:31.032162,0.510656568880551,2026-03-17T12:30:31.996000,53,,,
participant_22,3,day,Town10HD_Opt,2026-03-17 12:30:32.301195,27.18358993530273,70.29133605957031,0.0017148971091955,8.25,-2.746,0.441,0.0,0,0,1,,0.837,2026-03-17T12:30:32.301195,neutral,0.851,2026-03-17T12:30:31.032162,0.5372018217097553,2026-03-17T12:30:33.030000,54,,,
participant_22,3,day,Town10HD_Opt,2026-03-17 12:30:33.235232,29.05727767944336,70.18875122070312,0.0018085478805005,13.366,-4.143,0.44,0.0,0,0,1,,0.819,2026-03-17T12:30:33.235232,neutral,0.78,2026-03-17T12:30:33.235232,0.4787281471612418,2026-03-17T12:30:34.020000,54,,,
participant_22,3,day,Town10HD_Opt,2026-03-17 12:30:34.167146,31.71364402770996,69.88209533691406,0.0017770766280591,17.479,-6.019,0.44,0.0,0,0,1,,1.0,2026-03-17T12:30:34.167146,neutral,0.78,2026-03-17T12:30:33.235232,0.4993131737553089,2026-03-17T12:30:35.010000,55,,,
participant_22,3,day,Town10HD_Opt,2026-03-17 12:30:35.112123,34.812950134277344,69.1929931640625,0.0020201874431222,18.865,-11.18,0.44,0.0,0,0,1,,0.805,2026-03-17T12:30:35.112123,neutral,0.78,2026-03-17T12:30:33.235232,0.4965178616147013,2026-03-17T12:30:35.999000,57,,,
participant_22,3,day,Town10HD_Opt,2026-03-17 12:30:36.072364,37.92391204833984,67.75324249267578,0.0020494842901825,19.894,-16.746,0.203,0.0,0,0,1,,1.0,2026-03-17T12:30:36.072364,neutral,0.909,2026-03-17T12:30:36.072364,0.5167557029524743,2026-03-17T12:30:37.035000,57,,,
participant_22,3,day,Town10HD_Opt,2026-03-17 12:30:37.018034,40.4273567199707,65.57742309570312,0.002108383225277,18.265,-16.017,0.279,0.0,0,0,1,,0.829,2026-03-17T12:30:37.018034,neutral,0.909,2026-03-17T12:30:36.072364,0.4636220914170321,2026-03-17T12:30:37.035000,58,,,
participant_22,3,day,Town10HD_Opt,2026-03-17 12:30:38.230817,42.61731719970703,61.96150207519531,0.00204429612495,18.199,-15.159,0.282,0.0,0,0,1,,1.0,2026-03-17T12:30:38.230817,neutral,0.818,2026-03-17T12:30:38.230817,0.5038266330593544,2026-03-17T12:30:39.015000,57,,,
participant_22,3,day,Town10HD_Opt,2026-03-17 12:30:39.162720,43.51307678222656,58.91518783569336,0.0020619581919163,18.267,-10.034,0.283,0.0,0,0,1,,1.0,2026-03-17T12:30:39.162720,neutral,0.818,2026-03-17T12:30:38.230817,0.4868423976972401,2026-03-17T12:30:40.004000,57,,,
participant_22,3,day,Town10HD_Opt,2026-03-17 12:30:40.059957,43.98301315307617,55.771087646484375,0.0020458984654396,18.18,-5.791,0.282,0.0,0,0,1,,0.831,2026-03-17T12:30:40.059957,neutral,0.818,2026-03-17T12:30:38.230817,0.4978511434343476,2026-03-17T12:30:40.995000,56,,,
participant_22,3,day,Town10HD_Opt,2026-03-17 12:30:41.284472,44.23702239990234,51.53740692138672,0.002028465270996,18.103,-3.403,0.284,0.0,0,0,1,,0.891,2026-03-17T12:30:41.284472,neutral,0.895,2026-03-17T12:30:41.284472,0.5397786689633362,2026-03-17T12:30:42.030000,58,,,
participant_22,3,day,Town10HD_Opt,2026-03-17 12:30:42.191904,44.21992111206055,48.431640625,0.0019934463780373,16.42,-2.52,0.0,0.0,0,0,1,,1.0,2026-03-17T12:30:42.191904,neutral,0.895,2026-03-17T12:30:41.284472,0.5305816177403141,2026-03-17T12:30:43.020000,59,,,
participant_22,3,day,Town10HD_Opt,2026-03-17 12:30:43.093177,44.13506317138672,45.978641510009766,0.0020261763129383,11.234,-0.938,0.0,0.294,0,0,1,,0.873,2026-03-17T12:30:43.093177,neutral,0.895,2026-03-17T12:30:41.284472,0.4730921531219655,2026-03-17T12:30:44.010000,60,,,
participant_22,3,day,Town10HD_Opt,2026-03-17 12:30:44.278177,44.04859161376953,43.99342727661133,0.002016830490902,6.297,-0.759,0.0,0.0,0,0,1,,0.906,2026-03-17T12:30:44.278177,neutral,0.944,2026-03-17T12:30:44.278177,0.4739200812991366,2026-03-17T12:30:45,60,,,
participant_22,3,day,Town10HD_Opt,2026-03-17 12:30:45.160193,44.00228500366211,43.01316452026367,0.0019641113467514,4.885,-0.548,0.0,0.0,0,0,1,,0.864,2026-03-17T12:30:45.160193,neutral,0.944,2026-03-17T12:30:44.278177,0.5317311296355056,2026-03-17T12:30:46.125000,59,,,
participant_22,3,day,Town10HD_Opt,2026-03-17 12:30:46.108699,43.96725082397461,42.25303649902344,0.0019548796117305,3.629,0.501,0.035,0.0,0,0,1,,0.853,2026-03-17T12:30:46.108699,neutral,0.944,2026-03-17T12:30:44.278177,0.500161733958262,2026-03-17T12:30:47.026000,57,,,
participant_22,3,day,Town10HD_Opt,2026-03-17 12:30:47.045731,43.94648361206055,41.715965270996094,0.0019435882568359,2.652,0.757,0.03,0.0,0,0,1,,0.819,2026-03-17T12:30:47.045731,neutral,0.908,2026-03-17T12:30:47.045731,0.5194784842686303,2026-03-17T12:30:47.026000,59,,,
participant_22,3,day,Town10HD_Opt,2026-03-17 12:30:48.280169,43.93793869018555,41.217098236083984,0.0019462204072624,1.487,4.282,0.016,0.0,0,0,1,,1.0,2026-03-17T12:30:48.280169,neutral,0.908,2026-03-17T12:30:47.045731,0.5148840684793786,2026-03-17T12:30:48.105000,58,,,
participant_22,3,day,Town10HD_Opt,2026-03-17 12:30:49.192325,43.93898391723633,40.99751281738281,0.0019365310436114,1.018,4.497,0.036,0.0,0,0,1,,1.0,2026-03-17T12:30:49.192325,neutral,0.969,2026-03-17T12:30:49.192325,0.4286718454599827,2026-03-17T12:30:49.320000,58,,,
participant_22,3,day,Town10HD_Opt,2026-03-17 12:30:50.124198,43.94033050537109,40.85365676879883,0.0019295120146125,0.592,4.497,0.035,0.0,0,0,1,,1.0,2026-03-17T12:30:50.124198,neutral,0.969,2026-03-17T12:30:49.192325,0.4341195233694714,2026-03-17T12:30:50.265000,55,,,
participant_22,3,day,Town10HD_Opt,2026-03-17 12:30:51.057650,43.94156265258789,40.759464263916016,0.001926879864186,0.41,4.669,0.075,0.0,0,0,1,,1.0,2026-03-17T12:30:51.057650,neutral,0.969,2026-03-17T12:30:49.192325,0.5175022487333764,2026-03-17T12:30:51.615000,54,,,
participant_22,3,day,Town10HD_Opt,2026-03-17 12:30:52.252326,43.94272994995117,40.68303680419922,0.0019216918153688,0.26,4.669,0.061,0.0,0,0,1,,1.0,2026-03-17T12:30:52.252326,neutral,0.974,2026-03-17T12:30:52.252326,0.4341681994429316,2026-03-17T12:30:53.101000,54,,,
participant_22,3,day,Town10HD_Opt,2026-03-17 12:30:53.162599,43.94337844848633,40.63728332519531,0.0019002532353624,0.527,4.858,0.246,0.0,0,0,1,,1.0,2026-03-17T12:30:53.162599,neutral,0.974,2026-03-17T12:30:52.252326,0.4393589231993724,2026-03-17T12:30:54.046000,58,,,
participant_22,3,day,Town10HD_Opt,2026-03-17 12:30:54.063024,43.95117568969727,40.28965759277344,0.0018345260759815,3.221,4.86,0.252,0.0,0,0,1,,1.0,2026-03-17T12:30:54.063024,neutral,0.974,2026-03-17T12:30:52.252326,0.4472859062129529,2026-03-17T12:30:54.046000,58,,,
participant_22,3,day,Town10HD_Opt,2026-03-17 12:30:55.214374,44.00680541992188,39.094337463378906,0.0018078612629324,7.44,5.633,0.451,0.0,0,0,1,,1.0,2026-03-17T12:30:55.214374,neutral,0.783,2026-03-17T12:30:55.214374,0.3708464812252364,2026-03-17T12:30:55.396000,60,,,
participant_22,3,day,Town10HD_Opt,2026-03-17 12:30:56.165524,44.18118667602539,37.39366912841797,0.0017692183610051,12.318,8.916,0.41,0.0,0,0,1,,1.0,2026-03-17T12:30:56.165524,neutral,0.783,2026-03-17T12:30:55.214374,0.2930669296625861,2026-03-17T12:30:56.197000,60,,,
participant_22,3,day,Town10HD_Opt,2026-03-17 12:30:57.033298,44.7568359375,35.01388931274414,0.0018201827770099,15.941,19.903,0.409,0.0,0,0,1,,0.874,2026-03-17T12:30:57.033298,neutral,0.783,2026-03-17T12:30:55.214374,0.4186978663726602,2026-03-17T12:30:57.149000,62,,,
participant_22,3,day,Town10HD_Opt,2026-03-17 12:30:58.181047,47.01268768310547,31.65785789489746,0.002116355812177,18.402,23.74,0.406,0.0,0,0,1,,0.846,2026-03-17T12:30:58.181047,neutral,0.811,2026-03-17T12:30:58.181047,0.2703715273543595,2026-03-17T12:30:58.050000,60,,,
participant_22,3,day,Town10HD_Opt,2026-03-17 12:30:59.115218,49.77162170410156,29.903249740600582,0.0020272063557058,19.747,19.563,0.405,0.0,0,0,1,,0.868,2026-03-17T12:30:59.115218,neutral,0.811,2026-03-17T12:30:58.181047,0.284323092527772,2026-03-17T12:30:59.625000,61,,,
participant_22,3,day,Town10HD_Opt,2026-03-17 12:31:00.035224,53.20187759399414,28.849342346191406,0.0019948959816247,21.526,4.603,0.4,0.0,0,0,1,,1.0,2026-03-17T12:31:00.035224,neutral,0.811,2026-03-17T12:30:58.181047,0.2615206662831726,2026-03-17T12:31:00.164000,57,,,
participant_22,3,day,Town10HD_Opt,2026-03-17 12:31:01.216590,58.2869758605957,27.63122940063477,0.0019997404888272,23.375,1.02,0.399,0.0,0,0,1,,1.0,2026-03-17T12:31:01.216590,neutral,0.992,2026-03-17T12:31:01.216590,0.2535176571595429,2026-03-17T12:31:02.145000,57,,,
participant_22,3,day,Town10HD_Opt,2026-03-17 12:31:02.090405,62.37915802001953,26.7471866607666,0.0020057295914739,24.546,2.118,0.368,0.0,0,0,1,,0.805,2026-03-17T12:31:02.090405,neutral,0.992,2026-03-17T12:31:01.216590,0.2734794536408746,2026-03-17T12:31:03.042000,56,,,
participant_22,3,day,Town10HD_Opt,2026-03-17 12:31:03.226265,67.84370422363281,25.84797096252441,0.0021765900310128,21.174,2.019,0.074,0.0,0,0,1,,0.865,2026-03-17T12:31:03.226265,neutral,0.831,2026-03-17T12:31:03.226265,0.31683662568132,2026-03-17T12:31:04.125000,57,,,
participant_22,3,day,Town10HD_Opt,2026-03-17 12:31:04.091943,71.17967224121094,25.46476173400879,0.0019056319724768,17.564,1.984,0.068,0.0,0,0,1,,1.0,2026-03-17T12:31:04.091943,neutral,0.831,2026-03-17T12:31:03.226265,0.2860176155037529,2026-03-17T12:31:04.125000,56,,,
participant_22,3,day,Town10HD_Opt,2026-03-17 12:31:05.219663,74.68693542480469,25.19791030883789,0.0020376204047352,12.4,1.958,0.0,0.065,0,0,1,,0.89,2026-03-17T12:31:05.219663,neutral,0.831,2026-03-17T12:31:03.226265,0.2573929643183124,2026-03-17T12:31:06.015000,59,,,
participant_22,3,day,Town10HD_Opt,2026-03-17 12:31:06.066448,76.55339050292969,25.11084747314453,0.0020167923066765,9.034,1.812,0.0,0.0,0,0,1,,0.921,2026-03-17T12:31:06.066448,neutral,0.798,2026-03-17T12:31:06.066448,0.2447678757576417,2026-03-17T12:31:06.015000,58,,,
participant_22,3,day,Town10HD_Opt,2026-03-17 12:31:07.209096,78.35443878173828,25.05602264404297,0.0019800949376076,6.361,1.528,0.0,0.0,0,0,1,,0.887,2026-03-17T12:31:07.209096,neutral,0.798,2026-03-17T12:31:06.066448,0.3585093147387405,2026-03-17T12:31:07.097000,58,,,
participant_22,3,day,Town10HD_Opt,2026-03-17 12:31:08.061991,79.34513854980469,25.03758430480957,0.0019658280070871,4.884,1.521,0.0,0.0,0,0,1,,0.907,2026-03-17T12:31:08.061991,neutral,0.798,2026-03-17T12:31:06.066448,0.2741857656711279,2026-03-17T12:31:08.354000,60,,,
participant_22,3,day,Town10HD_Opt,2026-03-17 12:31:09.240401,80.31788635253906,25.027814865112305,0.0019520187051966,3.433,1.511,0.0,0.0,0,0,1,,0.941,2026-03-17T12:31:09.240401,neutral,0.98,2026-03-17T12:31:09.240401,0.2544444978729221,2026-03-17T12:31:10.064000,56,,,
participant_22,3,day,Town10HD_Opt,2026-03-17 12:31:10.079594,80.85263061523438,25.025924682617188,0.0019443130586296,2.636,1.499,0.0,0.0,0,0,1,,0.939,2026-03-17T12:31:10.079594,neutral,0.98,2026-03-17T12:31:09.240401,0.282481249632482,2026-03-17T12:31:10.064000,59,,,
participant_22,3,day,Town10HD_Opt,2026-03-17 12:31:11.224198,81.3740005493164,25.02642250061035,0.0019490432459861,1.647,1.485,0.048,0.0,0,0,1,,0.922,2026-03-17T12:31:11.224198,neutral,0.98,2026-03-17T12:31:09.240401,0.341799826744894,2026-03-17T12:31:11.145000,57,,,
participant_22,3,day,Town10HD_Opt,2026-03-17 12:31:12.142743,81.62269592285156,25.027421951293945,0.0019149398431181,1.412,1.481,0.0,0.0,0,0,1,,0.918,2026-03-17T12:31:12.142743,neutral,0.994,2026-03-17T12:31:12.142743,0.3510451465278962,2026-03-17T12:31:13.035000,56,,,
participant_22,3,day,Town10HD_Opt,2026-03-17 12:31:13.069140,81.84718322753906,25.02865028381348,0.001928825280629,1.11,1.358,0.0,0.0,0,0,1,,0.83,2026-03-17T12:31:13.069140,neutral,0.994,2026-03-17T12:31:12.142743,0.3151247416671973,2026-03-17T12:31:14.023000,56,,,
participant_22,3,day,Town10HD_Opt,2026-03-17 12:31:14.215809,82.06830596923828,25.030311584472656,0.0019265746232122,0.781,1.405,0.0,0.0,0,0,1,,1.0,2026-03-17T12:31:14.215809,neutral,0.898,2026-03-17T12:31:14.215809,0.306855209381764,2026-03-17T12:31:15.061000,56,,,
participant_22,3,day,Town10HD_Opt,2026-03-17 12:31:15.079615,82.18994140625,25.03138542175293,0.0019248580792918,0.599,1.405,0.0,0.0,0,0,1,,1.0,2026-03-17T12:31:15.079615,neutral,0.898,2026-03-17T12:31:14.215809,0.3137998771274984,2026-03-17T12:31:15.061000,56,,,
participant_22,3,day,Town10HD_Opt,2026-03-17 12:31:16.250635,82.30940246582031,25.03249168395996,0.0019229887984693,0.422,1.405,0.0,0.0,0,0,1,,0.882,2026-03-17T12:31:16.250635,neutral,0.987,2026-03-17T12:31:16.250635,0.261535147473893,2026-03-17T12:31:16.053000,55,,,
participant_22,3,day,Town10HD_Opt,2026-03-17 12:31:17.126831,82.3750991821289,25.033178329467773,0.001922111492604,0.329,1.405,0.0,0.0,0,0,1,,0.869,2026-03-17T12:31:17.126831,neutral,0.987,2026-03-17T12:31:16.250635,0.3259787165133394,2026-03-17T12:31:17.220000,55,,,
participant_22,3,day,Town10HD_Opt,2026-03-17 12:31:18.230057,82.43962097167969,25.033878326416016,0.0019211958860978,0.228,1.405,0.0,0.0,0,0,1,,0.858,2026-03-17T12:31:18.230057,neutral,0.987,2026-03-17T12:31:16.250635,0.2976246478172273,2026-03-17T12:31:19.113000,53,,,
participant_22,3,day,Town10HD_Opt,2026-03-17 12:31:19.072634,82.47509765625,25.03430938720703,0.001920623704791,0.175,1.405,0.0,0.0,0,0,1,,0.859,2026-03-17T12:31:19.072634,neutral,0.997,2026-03-17T12:31:19.072634,0.2816930848621041,2026-03-17T12:31:19.113000,55,,,
participant_22,3,day,Town10HD_Opt,2026-03-17 12:31:20.198252,82.50994873046875,25.03468894958496,0.0019201659597456,0.123,1.405,0.0,0.0,0,0,1,,0.926,2026-03-17T12:31:20.198252,neutral,0.997,2026-03-17T12:31:19.072634,0.3575793757784754,2026-03-17T12:31:21.045000,57,,,
participant_22,3,day,Town10HD_Opt,2026-03-17 12:31:21.042114,82.52912902832031,25.03494644165039,0.0019198989029973,0.095,1.405,0.0,0.0,0,0,1,,0.852,2026-03-17T12:31:21.042114,neutral,0.997,2026-03-17T12:31:19.072634,0.3324334645773915,2026-03-17T12:31:21.045000,55,,,
participant_22,3,day,Town10HD_Opt,2026-03-17 12:31:22.162202,82.54796600341797,25.03512954711914,0.0019195555942133,0.067,1.405,0.0,0.0,0,0,1,,0.946,2026-03-17T12:31:22.162202,neutral,0.991,2026-03-17T12:31:22.162202,0.3504489943488903,2026-03-17T12:31:23.070000,58,,,
participant_22,3,day,Town10HD_Opt,2026-03-17 12:31:23.151994,82.55831909179688,25.035274505615234,0.0019194793421775,0.051,1.424,0.0,0.0,0,0,1,,0.869,2026-03-17T12:31:23.151994,neutral,0.991,2026-03-17T12:31:22.162202,0.2899152292455546,2026-03-17T12:31:24.060000,58,,,
participant_22,3,day,Town10HD_Opt,2026-03-17 12:31:24.122107,82.56626892089844,25.03542900085449,0.0019193267216905,0.039,1.499,0.0,0.0,0,0,1,,0.875,2026-03-17T12:31:24.122107,neutral,0.991,2026-03-17T12:31:22.162202,0.2881883206976019,2026-03-17T12:31:25.006000,56,,,
participant_22,3,day,Town10HD_Opt,2026-03-17 12:31:25.011292,82.57238006591797,25.03558349609375,0.001919288537465,0.03,2.111,0.0,0.0,0,0,1,,1.0,2026-03-17T12:31:25.011292,neutral,0.995,2026-03-17T12:31:25.011292,0.3305419744546806,2026-03-17T12:31:25.006000,58,,,
participant_22,3,day,Town10HD_Opt,2026-03-17 12:31:26.172264,82.61416625976562,25.036516189575195,0.001860580407083,1.17,3.339,0.305,0.0,0,0,1,,0.906,2026-03-17T12:31:26.172264,neutral,0.995,2026-03-17T12:31:25.011292,0.272403397009013,2026-03-17T12:31:26.043000,55,,,
participant_22,3,day,Town10HD_Opt,2026-03-17 12:31:27.054220,83.2729263305664,25.05613136291504,0.0016604994889348,8.022,2.916,0.579,0.0,0,0,1,,0.921,2026-03-17T12:31:27.054220,neutral,0.997,2026-03-17T12:31:27.054220,0.2957992428360924,2026-03-17T12:31:28.021000,53,Solid line crossing,Solid line crossing,
participant_22,3,day,Town10HD_Opt,2026-03-17 12:31:28.249697,86.22283172607422,25.22156143188477,0.0016992187593132,17.54,2.901,0.552,0.0,0,0,1,,0.904,2026-03-17T12:31:28.249697,neutral,0.997,2026-03-17T12:31:27.054220,0.3339379123024079,2026-03-17T12:31:29.010000,52,,,
participant_22,3,day,Town10HD_Opt,2026-03-17 12:31:29.127039,89.50675201416016,25.498031616210938,0.0019507217220962,20.48,-3.233,0.499,0.0,0,0,1,,0.939,2026-03-17T12:31:29.127039,neutral,0.996,2026-03-17T12:31:29.127039,0.2739896278299762,2026-03-17T12:31:29.010000,54,,,
participant_22,3,day,Town10HD_Opt,2026-03-17 12:31:30.010474,93.36847686767578,25.46356201171875,0.001934242201969,24.062,-11.595,0.499,0.0,0,0,1,,0.966,2026-03-17T12:31:30.010474,neutral,0.996,2026-03-17T12:31:29.127039,0.2523984453911613,2026-03-17T12:31:30.186000,54,,,
participant_22,3,day,Town10HD_Opt,2026-03-17 12:31:31.169751,98.98686981201172,23.465728759765625,0.0019837187137454,27.923,-17.588,0.499,0.0,0,0,1,,0.83,2026-03-17T12:31:31.169751,neutral,0.992,2026-03-17T12:31:31.169751,0.3656701348767298,2026-03-17T12:31:32.025000,53,,,
participant_22,3,day,Town10HD_Opt,2026-03-17 12:31:32.053842,102.54901123046876,19.88290977478028,0.0019877625163644,30.37,-13.392,0.331,0.0,0,0,1,,0.91,2026-03-17T12:31:32.053842,neutral,0.992,2026-03-17T12:31:31.169751,0.2794068299534982,2026-03-17T12:31:33.015000,54,,,
participant_22,3,day,Town10HD_Opt,2026-03-17 12:31:33.238176,105.146484375,13.917386054992676,0.0022299194242805,24.473,-9.571,0.328,0.0,0,0,1,,0.971,2026-03-17T12:31:33.238176,neutral,0.998,2026-03-17T12:31:33.238176,0.2598454167385533,2026-03-17T12:31:34.005000,55,,,
participant_22,3,day,Town10HD_Opt,2026-03-17 12:31:34.184418,105.86516571044922,9.8390474319458,0.0020856857299804,23.12,-4.915,0.305,0.0,0,0,1,,1.0,2026-03-17T12:31:34.184418,neutral,0.998,2026-03-17T12:31:33.238176,0.3305290785017801,2026-03-17T12:31:34.005000,53,,,
participant_22,3,day,Town10HD_Opt,2026-03-17 12:31:35.029859,106.18614196777344,5.870345115661621,0.0020666504278779,22.423,-2.819,0.309,0.0,0,0,1,,0.84,2026-03-17T12:31:35.029859,neutral,0.998,2026-03-17T12:31:33.238176,0.3145183742480312,2026-03-17T12:31:35.220000,54,,,
participant_22,3,day,Town10HD_Opt,2026-03-17 12:31:36.136042,106.30787658691406,0.73024582862854,0.0020603942684829,21.683,-0.411,0.31,0.0,0,0,1,,0.817,2026-03-17T12:31:36.136042,neutral,0.962,2026-03-17T12:31:36.136042,0.2840424278253269,2026-03-17T12:31:36.166000,56,,,
participant_22,3,day,Town10HD_Opt,2026-03-17 12:31:37.060144,106.36124420166016,-3.02115535736084,0.0020575332455337,21.227,0.611,0.311,0.0,0,0,1,,0.844,2026-03-17T12:31:37.060144,neutral,0.962,2026-03-17T12:31:36.136042,0.3324724895664948,2026-03-17T12:31:38.010000,57,,,
participant_22,3,day,Town10HD_Opt,2026-03-17 12:31:38.155467,106.49718475341795,-7.908874988555908,0.0020546722225844,20.728,0.877,0.312,0.0,0,0,1,,0.878,2026-03-17T12:31:38.155467,neutral,0.982,2026-03-17T12:31:38.155467,0.2658786910624374,2026-03-17T12:31:38.010000,57,,,
participant_22,3,day,Town10HD_Opt,2026-03-17 12:31:39.234808,106.73697662353516,-12.685590744018556,0.0020528030581772,20.297,0.954,0.312,0.0,0,0,1,,0.944,2026-03-17T12:31:39.234808,neutral,0.982,2026-03-17T12:31:38.155467,0.2847736667959442,2026-03-17T12:31:40.035000,55,,,
participant_22,3,day,Town10HD_Opt,2026-03-17 12:31:40.088901,106.987548828125,-16.203828811645508,0.0020518111996352,20.041,0.945,0.312,0.0,0,0,1,,0.901,2026-03-17T12:31:40.088901,neutral,0.982,2026-03-17T12:31:38.155467,0.3225987864645079,2026-03-17T12:31:40.035000,56,,,
participant_22,3,day,Town10HD_Opt,2026-03-17 12:31:41.165898,107.40987396240234,-20.81748962402344,0.0020505141001194,19.721,0.931,0.312,0.0,0,0,1,,0.862,2026-03-17T12:31:41.165898,neutral,0.954,2026-03-17T12:31:41.165898,0.2593541157947357,2026-03-17T12:31:41.121000,56,,,
participant_22,3,day,Town10HD_Opt,2026-03-17 12:31:42.233035,107.89735412597656,-25.354591369628903,0.0020497131627053,19.444,-1.415,0.312,0.0,0,0,1,,0.865,2026-03-17T12:31:42.233035,neutral,0.954,2026-03-17T12:31:41.165898,0.2679264263079654,2026-03-17T12:31:43.006000,57,,,
participant_22,3,day,Town10HD_Opt,2026-03-17 12:31:43.069449,108.10860443115234,-28.7272891998291,0.0020503615960478,19.245,-4.091,0.313,0.0,0,0,1,,0.91,2026-03-17T12:31:43.069449,neutral,0.954,2026-03-17T12:31:41.165898,0.2292588845562242,2026-03-17T12:31:43.006000,59,,,
participant_22,3,day,Town10HD_Opt,2026-03-17 12:31:44.157191,108.00432586669922,-33.184600830078125,0.0020488356240093,19.045,-4.851,0.313,0.0,0,0,1,,0.945,2026-03-17T12:31:44.157191,neutral,0.985,2026-03-17T12:31:44.157191,0.3414889137454727,2026-03-17T12:31:44.265000,58,,,
participant_22,3,day,Town10HD_Opt,2026-03-17 12:31:45.031541,107.5957489013672,-36.47444152832031,0.0020496367942541,18.92,-5.971,0.313,0.0,0,0,1,,0.949,2026-03-17T12:31:45.031541,neutral,0.985,2026-03-17T12:31:44.157191,0.2907585175822489,2026-03-17T12:31:45.221000,59,,,
participant_22,3,day,Town10HD_Opt,2026-03-17 12:31:46.121911,106.51716613769533,-40.72343826293945,0.002049942035228,18.767,-6.535,0.314,0.0,0,0,1,,0.953,2026-03-17T12:31:46.121911,neutral,0.985,2026-03-17T12:31:44.157191,0.3177596113497898,2026-03-17T12:31:47.021000,57,,,
participant_22,3,day,Town10HD_Opt,2026-03-17 12:31:47.003158,105.30205535888672,-43.775760650634766,0.0020174789242446,19.311,-6.478,0.432,0.0,0,0,1,,0.944,2026-03-17T12:31:47.003158,neutral,0.97,2026-03-17T12:31:47.003158,0.2710875531943578,2026-03-17T12:31:47.021000,58,,,
participant_22,3,day,Town10HD_Opt,2026-03-17 12:31:48.097108,102.86799621582033,-48.08879470825195,0.0018215179443359,25.771,-5.971,0.875,0.0,0,0,1,,0.931,2026-03-17T12:31:48.097108,neutral,0.97,2026-03-17T12:31:47.003158,0.2778074792512367,2026-03-17T12:31:49.036000,54,,,
participant_22,3,day,Town10HD_Opt,2026-03-17 12:31:49.189535,97.76221466064452,-54.36912536621094,0.0015545653877779,45.426,-4.266,1.0,0.0,0,0,1,,0.907,2026-03-17T12:31:49.189535,neutral,0.993,2026-03-17T12:31:49.189535,0.3422091289511389,2026-03-17T12:31:50.025000,51,,,
participant_22,3,day,Town10HD_Opt,2026-03-17 12:31:50.035944,91.19364166259766,-60.15657043457031,0.0021006392780691,49.276,-5.229,1.0,0.0,0,0,1,,0.901,2026-03-17T12:31:50.035944,neutral,0.993,2026-03-17T12:31:49.189535,0.2967030529041854,2026-03-17T12:31:50.025000,54,,,
participant_22,3,day,Town10HD_Opt,2026-03-17 12:31:51.179086,80.84230041503906,-65.18111419677734,0.0021731567103415,48.754,-5.276,0.948,0.0,0,0,1,,0.94,2026-03-17T12:31:51.179086,neutral,0.993,2026-03-17T12:31:49.189535,0.3074473250557498,2026-03-17T12:31:52.006000,54,,,
participant_22,3,day,Town10HD_Opt,2026-03-17 12:31:52.063755,72.21703338623047,-66.74297332763672,0.002147369319573,49.338,-1.608,0.944,0.0,0,0,1,,0.939,2026-03-17T12:31:52.063755,neutral,0.984,2026-03-17T12:31:52.063755,0.2385267854956939,2026-03-17T12:31:52.006000,51,,,
participant_22,3,day,Town10HD_Opt,2026-03-17 12:31:53.003544,63.49160003662109,-67.58177947998047,0.00217468268238,48.739,-2.148,0.945,0.0,0,0,1,,0.942,2026-03-17T12:31:53.003544,neutral,0.984,2026-03-17T12:31:52.063755,0.2545174225424449,2026-03-17T12:31:53.130000,53,,,
participant_22,3,day,Town10HD_Opt,2026-03-17 12:31:54.227999,51.84069061279297,-67.71527099609375,0.0019427490187808,51.365,-0.059,0.0,0.0,0,0,1,,0.896,2026-03-17T12:31:54.227999,neutral,0.964,2026-03-17T12:31:54.227999,0.2846310712299326,2026-03-17T12:31:55.021000,55,,,
participant_22,3,day,Town10HD_Opt,2026-03-17 12:31:55.160627,43.06296920776367,-67.55892944335938,0.0019892118871212,50.333,1.121,0.948,0.0,0,0,1,,0.875,2026-03-17T12:31:55.160627,neutral,0.964,2026-03-17T12:31:54.227999,0.3569280393708045,2026-03-17T12:31:56.011000,55,,,
participant_22,3,day,Town10HD_Opt,2026-03-17 12:31:56.069570,34.265830993652344,-67.68601989746094,0.0020378492772579,50.407,0.157,0.943,0.0,0,0,1,,0.832,2026-03-17T12:31:56.069570,neutral,0.964,2026-03-17T12:31:54.227999,0.2889780114510413,2026-03-17T12:31:56.011000,54,,,
participant_22,3,day,Town10HD_Opt,2026-03-17 12:31:57.209918,23.042123794555664,-67.8914566040039,0.0023842619266361,41.011,-0.207,0.0,0.0,0,0,1,,0.927,2026-03-17T12:31:57.209918,neutral,0.992,2026-03-17T12:31:57.209918,0.2761833167550948,2026-03-17T12:31:58.036000,54,,,
participant_22,3,day,Town10HD_Opt,2026-03-17 12:31:58.107082,16.635047912597656,-67.91863250732422,0.0023324585054069,31.734,0.096,0.0,0.0,0,0,1,,0.94,2026-03-17T12:31:58.107082,neutral,0.992,2026-03-17T12:31:57.209918,0.3532783170303613,2026-03-17T12:31:58.036000,56,,,
participant_22,3,day,Town10HD_Opt,2026-03-17 12:31:59.230871,10.321465492248535,-67.96007537841797,0.0022658538073301,22.089,0.045,0.0,0.0,0,0,1,,0.857,2026-03-17T12:31:59.230871,neutral,0.986,2026-03-17T12:31:59.230871,0.3661624274087381,,54,,,
participant_22,3,day,Town10HD_Opt,2026-03-17 12:32:00.095856,6.9065117835998535,-67.98713684082031,0.0019255065126344,17.724,0.068,0.485,0.0,0,0,1,,0.832,2026-03-17T12:32:00.095856,neutral,0.986,2026-03-17T12:31:59.230871,0.3454474414270811,,54,,,
participant_22,3,day,Town10HD_Opt,2026-03-17 12:32:01.207839,2.4185376167297363,-68.02913665771484,0.0018556975992396,22.911,0.162,0.75,0.0,0,0,1,,0.888,2026-03-17T12:32:01.207839,neutral,0.986,2026-03-17T12:31:59.230871,0.3740808344933907,2026-03-17T12:32:02.041000,59,,,
participant_22,3,day,Town10HD_Opt,2026-03-17 12:32:02.033101,-2.4753096103668213,-68.09300994873047,0.001560668926686,35.917,0.181,1.0,0.0,0,0,1,,0.89,2026-03-17T12:32:02.033101,neutral,0.963,2026-03-17T12:32:02.033101,0.4154229803966201,2026-03-17T12:32:02.041000,58,,,
participant_22,3,day,Town10HD_Opt,2026-03-17 12:32:03.139042,-12.967782974243164,-68.28583526611328,0.0017094803042709,52.016,-0.644,0.0,0.237,0,0,1,,0.884,2026-03-17T12:32:03.139042,neutral,0.963,2026-03-17T12:32:02.033101,0.4375993385949059,2026-03-17T12:32:04.065000,60,,,
participant_22,3,day,Town10HD_Opt,2026-03-17 12:32:04.252853,-23.71253776550293,-68.07282257080078,0.0023405456449836,39.493,0.134,0.192,0.0,0,0,1,,0.931,2026-03-17T12:32:04.252853,neutral,0.995,2026-03-17T12:32:04.252853,0.4382199604530746,2026-03-17T12:32:05.055000,60,,,
participant_22,3,day,Town10HD_Opt,2026-03-17 12:32:05.118139,-30.191802978515625,-67.7920913696289,0.0021538925357162,35.403,3.377,0.492,0.0,0,0,1,,0.836,2026-03-17T12:32:05.118139,neutral,0.995,2026-03-17T12:32:04.252853,0.4820620439145015,2026-03-17T12:32:05.055000,58,,,
participant_22,3,day,Town10HD_Opt,2026-03-17 12:32:06.279349,-38.7661247253418,-68.21566009521484,0.0019276046659797,39.223,-0.002,0.589,0.0,0,0,1,,0.846,2026-03-17T12:32:06.279349,neutral,0.987,2026-03-17T12:32:06.279349,0.4266610358559038,2026-03-17T12:32:05.055000,59,,,
participant_22,3,day,Town10HD_Opt,2026-03-17 12:32:07.145446,-45.90364456176758,-68.66493225097656,0.0019417953444644,42.542,-0.562,0.556,0.0,0,0,1,,0.847,2026-03-17T12:32:07.145446,neutral,0.987,2026-03-17T12:32:06.279349,0.402792296613602,2026-03-17T12:32:07.263000,57,,,
participant_22,3,day,Town10HD_Opt,2026-03-17 12:32:08.006441,-53.54489517211914,-68.99908447265625,0.0019547652918845,45.008,-0.818,0.578,0.0,0,0,1,,0.83,2026-03-17T12:32:08.006441,neutral,0.987,2026-03-17T12:32:06.279349,0.424769742640841,2026-03-17T12:32:08.610000,57,,,
participant_22,3,day,Town10HD_Opt,2026-03-17 12:32:09.132800,-64.4658432006836,-69.09954071044922,0.0019602584652602,48.612,-0.557,0.578,0.0,0,0,1,,1.0,2026-03-17T12:32:09.132800,neutral,0.991,2026-03-17T12:32:09.132800,0.5189188640862578,2026-03-17T12:32:09.285000,57,,,
participant_22,3,day,Town10HD_Opt,2026-03-17 12:32:10.242465,-76.05730438232422,-68.63628387451172,0.0021067427005618,49.273,-5.65,0.561,0.0,0,0,1,,0.849,2026-03-17T12:32:10.242465,neutral,0.991,2026-03-17T12:32:09.132800,0.4846061705013487,2026-03-17T12:32:11.041000,59,,,
participant_22,3,day,Town10HD_Opt,2026-03-17 12:32:11.083842,-84.34764099121094,-66.56623077392578,0.0020187378395348,49.491,-7.342,0.56,0.0,0,0,1,,0.954,2026-03-17T12:32:11.083842,neutral,0.991,2026-03-17T12:32:09.132800,0.5403909383466412,2026-03-17T12:32:12.031000,58,,,
participant_22,3,day,Town10HD_Opt,2026-03-17 12:32:12.228456,-94.34932708740234,-60.69673156738281,0.00205680844374,49.447,-0.898,0.58,0.0,0,0,1,,0.897,2026-03-17T12:32:12.228456,neutral,0.979,2026-03-17T12:32:12.228456,0.546117110466498,2026-03-17T12:32:12.031000,60,,,
participant_22,3,day,Town10HD_Opt,2026-03-17 12:32:13.073080,-101.19422912597656,-55.2623291015625,0.0021094130352139,49.011,-6.083,0.58,0.0,0,0,1,,0.914,2026-03-17T12:32:13.073080,neutral,0.979,2026-03-17T12:32:12.228456,0.4310901516832107,2026-03-17T12:32:13.561000,59,,,errors=Solid line crossing
participant_22,3,day,Town10HD_Opt,2026-03-17 12:32:14.252043,-108.15816497802734,-46.09793472290039,0.0019956969190388,50.509,-7.375,0.0,0.0,0,0,1,,0.844,2026-03-17T12:32:14.252043,neutral,0.957,2026-03-17T12:32:14.252043,0.521009382457014,2026-03-17T12:32:15.046000,61,,,
participant_22,3,day,Town10HD_Opt,2026-03-17 12:32:15.156533,-110.87433624267578,-37.94725036621094,0.0020289230160415,49.342,-4.926,0.571,0.0,0,0,1,,0.888,2026-03-17T12:32:15.156533,neutral,0.957,2026-03-17T12:32:14.252043,0.4424150736350169,2026-03-17T12:32:16.036000,58,,,
participant_22,3,day,Town10HD_Opt,2026-03-17 12:32:16.087971,-111.81173706054688,-29.26047706604004,0.0020705794449895,49.472,-1.958,0.283,0.0,0,0,1,,0.903,2026-03-17T12:32:16.087971,neutral,0.957,2026-03-17T12:32:14.252043,0.4252485807703423,2026-03-17T12:32:16.036000,59,,,
participant_22,3,day,Town10HD_Opt,2026-03-17 12:32:17.010645,-111.82855224609376,-21.23359107971192,0.0023854444734752,39.971,-2.066,0.0,0.292,0,0,1,,0.801,2026-03-17T12:32:17.010645,neutral,0.971,2026-03-17T12:32:17.010645,0.4827311102935293,2026-03-17T12:32:17.835000,59,,,
participant_22,3,day,Town10HD_Opt,2026-03-17 12:32:18.265788,-111.35724639892578,-13.600229263305664,0.0024037170223891,25.414,1.584,0.0,0.656,0,0,1,,0.904,2026-03-17T12:32:18.265788,neutral,0.971,2026-03-17T12:32:17.010645,0.4486736192162056,2026-03-17T12:32:19.141000,60,,,
participant_22,3,day,Town10HD_Opt,2026-03-17 12:32:19.153194,-111.21424865722656,-10.063547134399414,0.002108383225277,15.191,1.37,0.0,0.551,0,0,1,,0.937,2026-03-17T12:32:19.153194,neutral,0.963,2026-03-17T12:32:19.153194,0.5014169949766604,2026-03-17T12:32:20.086000,58,,,
participant_22,3,day,Town10HD_Opt,2026-03-17 12:32:20.085762,-111.14739227294922,-7.99657678604126,0.0021396256051957,8.119,-2.377,0.0,0.492,0,0,1,,0.93,2026-03-17T12:32:20.085762,neutral,0.963,2026-03-17T12:32:19.153194,0.4230225063062587,2026-03-17T12:32:21.030000,60,,,
participant_22,3,day,Town10HD_Opt,2026-03-17 12:32:21.264501,-111.11153411865234,-7.370133399963379,0.0019888686947524,0.014,-1.711,0.0,0.0,0,0,1,,0.952,2026-03-17T12:32:21.264501,neutral,0.919,2026-03-17T12:32:21.264501,0.4429157932180343,2026-03-17T12:32:22.021000,60,,,
participant_22,3,day,Town10HD_Opt,2026-03-17 12:32:22.210996,-111.11153411865234,-7.36697244644165,0.0019200515234842,0.155,-0.228,0.124,0.0,0,0,1,,0.896,2026-03-17T12:32:22.210996,neutral,0.919,2026-03-17T12:32:21.264501,0.369396833060761,2026-03-17T12:32:23.146000,62,,,
participant_22,3,day,Town10HD_Opt,2026-03-17 12:32:23.119144,-111.10665130615234,-7.256490230560303,0.0018455123063176,1.938,-0.197,0.232,0.0,0,0,1,,0.839,2026-03-17T12:32:23.119144,neutral,0.919,2026-03-17T12:32:21.264501,0.5073098594768254,2026-03-17T12:32:23.146000,59,,,
participant_22,3,day,Town10HD_Opt,2026-03-17 12:32:24.013627,-111.08212280273438,-6.733248710632324,0.0018446350004523,4.135,-0.007,0.0,0.0,0,0,1,,1.0,2026-03-17T12:32:24.013627,fear,0.666,2026-03-17T12:32:24.013627,0.4711529192206757,2026-03-17T12:32:24.091000,60,,,
participant_22,3,day,Town10HD_Opt,2026-03-17 12:32:25.199860,-111.06300354003906,-6.31973934173584,0.0019671630579978,0.0,0.031,0.0,0.113,0,0,1,,1.0,2026-03-17T12:32:25.199860,fear,0.666,2026-03-17T12:32:24.013627,0.4621831399655871,2026-03-17T12:32:25.397000,61,,,
participant_22,3,day,Town10HD_Opt,2026-03-17 12:32:26.073576,-111.06300354003906,-6.319239139556885,0.0019204712007194,0.007,0.031,0.0,0.0,0,0,1,,0.949,2026-03-17T12:32:26.073576,fear,0.709,2026-03-17T12:32:26.073576,0.489671344821846,2026-03-17T12:32:25.397000,59,,,
participant_22,3,day,Town10HD_Opt,2026-03-17 12:32:27.194267,-111.06300354003906,-6.319097995758057,0.0019189452286809,0.006,0.103,0.0,0.0,0,0,1,,0.838,2026-03-17T12:32:27.194267,fear,0.709,2026-03-17T12:32:26.073576,0.4130235698377588,2026-03-17T12:32:27.065000,60,,,
participant_22,3,day,Town10HD_Opt,2026-03-17 12:32:28.056407,-111.06300354003906,-6.319151401519775,0.0019187545403838,0.006,0.103,0.0,0.0,0,0,1,,1.0,2026-03-17T12:32:28.056407,fear,0.709,2026-03-17T12:32:26.073576,0.4794242501560518,2026-03-17T12:32:28.635000,61,,,
participant_22,3,day,Town10HD_Opt,2026-03-17 12:32:29.199351,-111.0619125366211,-6.294613361358643,0.0018753432668745,0.825,0.162,0.135,0.0,0,0,1,,1.0,2026-03-17T12:32:29.199351,neutral,0.601,2026-03-17T12:32:29.199351,0.4111348392906651,2026-03-17T12:32:28.635000,61,,,
participant_22,3,day,Town10HD_Opt,2026-03-17 12:32:30.082211,-111.05194091796876,-6.075819969177246,0.0018848037580028,1.777,0.162,0.133,0.0,0,0,1,,1.0,2026-03-17T12:32:30.082211,neutral,0.601,2026-03-17T12:32:29.199351,0.4604820458285296,2026-03-17T12:32:28.635000,59,,,
participant_22,3,day,Town10HD_Opt,2026-03-17 12:32:31.224336,-111.02738189697266,-5.524852275848389,0.0018953322432935,2.797,0.162,0.099,0.0,0,0,1,,1.0,2026-03-17T12:32:31.224336,neutral,0.609,2026-03-17T12:32:31.224336,0.4294163731543189,2026-03-17T12:32:28.635000,60,,,
participant_22,3,day,Town10HD_Opt,2026-03-17 12:32:32.093540,-111.00376892089844,-4.978676795959473,0.0019285201560705,2.942,0.167,0.0,0.0,0,0,1,,0.844,2026-03-17T12:32:32.093540,neutral,0.609,2026-03-17T12:32:31.224336,0.4517895520789966,2026-03-17T12:32:28.635000,62,,,
participant_22,3,day,Town10HD_Opt,2026-03-17 12:32:33.254041,-110.97834014892578,-4.383879661560059,0.001939010573551,2.099,0.172,0.0,0.0,0,0,1,,0.805,2026-03-17T12:32:33.254041,neutral,0.646,2026-03-17T12:32:33.254041,0.4464593901255579,2026-03-17T12:32:28.635000,61,,,
participant_22,3,day,Town10HD_Opt,2026-03-17 12:32:34.111619,-110.96453857421876,-4.056931495666504,0.001934585510753,1.61,0.176,0.0,0.0,0,0,1,,0.854,2026-03-17T12:32:34.111619,neutral,0.646,2026-03-17T12:32:33.254041,0.4632505165196163,2026-03-17T12:32:28.635000,59,,,
participant_22,3,day,Town10HD_Opt,2026-03-17 12:32:35.016174,-110.95401763916016,-3.8059914112091056,0.0019309616181999,1.217,0.2,0.0,0.0,0,0,1,,1.0,2026-03-17T12:32:35.016174,neutral,0.646,2026-03-17T12:32:33.254041,0.5291807910115004,2026-03-17T12:32:28.635000,60,,,
participant_22,3,day,Town10HD_Opt,2026-03-17 12:32:36.240164,-110.95004272460938,-3.71052360534668,0.0019287490285933,0.003,0.226,0.0,0.0,0,0,1,,0.806,2026-03-17T12:32:36.240164,neutral,0.987,2026-03-17T12:32:36.240164,0.3818210918936465,2026-03-17T12:32:28.635000,61,,,
participant_22,3,day,Town10HD_Opt,2026-03-17 12:32:37.184456,-110.95004272460938,-3.709667682647705,0.001919288537465,0.0,0.226,0.0,0.0,0,0,1,,0.847,2026-03-17T12:32:37.184456,neutral,0.987,2026-03-17T12:32:36.240164,0.4520994824167484,2026-03-17T12:32:28.635000,61,,,
participant_22,3,day,Town10HD_Opt,2026-03-17 12:32:38.112175,-110.95004272460938,-3.709688901901245,0.0019188689766451,0.001,0.172,0.0,0.0,0,0,1,,1.0,2026-03-17T12:32:38.112175,neutral,0.987,2026-03-17T12:32:36.240164,0.4138105829119136,2026-03-17T12:32:28.635000,60,,,
participant_22,3,day,Town10HD_Opt,2026-03-17 12:32:39.264317,-110.95002746582033,-3.7093584537506095,0.0019186401041224,0.13,0.172,0.479,0.0,0,0,1,,1.0,2026-03-17T12:32:39.264317,neutral,0.92,2026-03-17T12:32:39.264317,0.4366130408416682,2026-03-17T12:32:28.635000,60,,,
participant_22,3,day,Town10HD_Opt,2026-03-17 12:32:40.138294,-110.92935180664062,-3.206982374191284,0.0016378401778638,7.127,0.172,0.598,0.0,0,0,1,,0.857,2026-03-17T12:32:40.138294,neutral,0.92,2026-03-17T12:32:39.264317,0.4849009179508581,2026-03-17T12:32:28.635000,61,,,
participant_22,3,day,Town10HD_Opt,2026-03-17 12:32:41.000017,-110.85098266601562,-1.224124550819397,0.0016608429141342,15.605,0.381,0.596,0.0,0,0,1,,0.81,2026-03-17T12:32:41.000017,neutral,0.92,2026-03-17T12:32:39.264317,0.4641638816725971,2026-03-17T12:32:28.635000,62,,,
participant_22,3,day,Town10HD_Opt,2026-03-17 12:32:42.122879,-110.70278930664062,3.170862436294556,0.0018807982560247,22.689,-0.679,0.596,0.0,0,0,1,,0.814,2026-03-17T12:32:42.122879,neutral,0.907,2026-03-17T12:32:42.122879,0.4703961263772777,2026-03-17T12:32:28.635000,61,,,
participant_22,3,day,Town10HD_Opt,2026-03-17 12:32:43.293511,-110.3208465576172,9.17096710205078,0.0018910217331722,29.206,-5.763,0.558,0.0,0,0,1,,0.953,2026-03-17T12:32:43.293511,neutral,0.907,2026-03-17T12:32:42.122879,0.4857222388829775,2026-03-17T12:32:28.635000,62,,,
participant_22,3,day,Town10HD_Opt,2026-03-17 12:32:44.227166,-109.07820129394533,14.44683074951172,0.0019258117536082,33.18,-9.94,0.558,0.0,0,0,1,,1.0,2026-03-17T12:32:44.227166,neutral,0.767,2026-03-17T12:32:44.227166,0.4036498941630073,2026-03-17T12:32:28.635000,60,,,
participant_22,3,day,Town10HD_Opt,2026-03-17 12:32:45.127625,-106.2144775390625,19.747690200805664,0.0020373915322124,34.741,-7.544,0.185,0.0,0,0,1,,1.0,2026-03-17T12:32:45.127625,neutral,0.767,2026-03-17T12:32:44.227166,0.457579170955682,2026-03-17T12:32:28.635000,61,,,
participant_22,3,day,Town10HD_Opt,2026-03-17 12:32:46.062081,-102.47161102294922,23.8720703125,0.0023009872529655,27.727,-13.665,0.0,0.0,0,0,1,,1.0,2026-03-17T12:32:46.062081,neutral,0.767,2026-03-17T12:32:44.227166,0.5025268289385467,2026-03-17T12:32:28.635000,61,,,
participant_22,3,day,Town10HD_Opt,2026-03-17 12:32:47.009012,-98.7620620727539,25.91974830627441,0.0022934721782803,20.652,-17.763,0.0,0.0,0,0,1,,1.0,2026-03-17T12:32:47.009012,neutral,0.822,2026-03-17T12:32:47.009012,0.4863129388501563,2026-03-17T12:32:28.635000,60,,,
participant_22,3,day,Town10HD_Opt,2026-03-17 12:32:48.218712,-94.59282684326172,26.65953254699707,0.0019118117634207,17.605,-4.686,0.369,0.0,0,0,1,,1.0,2026-03-17T12:32:48.218712,neutral,0.822,2026-03-17T12:32:47.009012,0.4365445095519112,2026-03-17T12:32:28.635000,61,,,
participant_22,3,day,Town10HD_Opt,2026-03-17 12:32:49.174210,-91.44585418701172,26.983137130737305,0.0020445249974727,18.464,-2.292,0.426,0.0,0,0,1,,1.0,2026-03-17T12:32:49.174210,neutral,0.894,2026-03-17T12:32:49.174210,0.5262965431226483,2026-03-17T12:32:28.635000,63,,,
participant_22,3,day,Town10HD_Opt,2026-03-17 12:32:50.122456,-88.0487289428711,27.224523544311523,0.0019741440191864,20.617,-0.928,0.405,0.0,0,0,1,,0.864,2026-03-17T12:32:50.122456,neutral,0.894,2026-03-17T12:32:49.174210,0.4631476861397481,2026-03-17T12:32:28.635000,61,,,
participant_22,3,day,Town10HD_Opt,2026-03-17 12:32:51.041511,-84.3171157836914,27.42881774902344,0.0019997404888272,22.052,0.04,0.388,0.0,0,0,1,,1.0,2026-03-17T12:32:51.041511,neutral,0.894,2026-03-17T12:32:49.174210,0.4604062654883677,2026-03-17T12:32:28.635000,60,,,
participant_22,3,day,Town10HD_Opt,2026-03-17 12:32:52.249831,-79.01067352294922,27.707950592041016,0.0020092772319912,23.502,-0.275,0.388,0.0,0,0,1,,1.0,2026-03-17T12:32:52.249831,fear,0.729,2026-03-17T12:32:52.249831,0.4765408037418924,2026-03-17T12:32:28.635000,61,,,
participant_22,3,day,Town10HD_Opt,2026-03-17 12:32:53.174055,-74.85472869873047,27.90217971801757,0.0020981216803193,22.755,-0.425,0.0,0.0,0,0,1,,0.867,2026-03-17T12:32:53.174055,fear,0.729,2026-03-17T12:32:52.249831,0.4372050500706615,2026-03-17T12:32:28.635000,60,,,
participant_22,3,day,Town10HD_Opt,2026-03-17 12:32:54.166561,-71.4035415649414,28.03575325012207,0.0020169448107481,16.078,-0.388,0.0,0.254,0,0,1,,0.894,2026-03-17T12:32:54.166561,fear,0.729,2026-03-17T12:32:52.249831,0.4660915047378551,2026-03-17T12:32:28.635000,61,,,
participant_22,3,day,Town10HD_Opt,2026-03-17 12:32:55.118682,-69.04141235351562,28.112098693847656,0.0020859909709542,10.682,-0.273,0.0,0.208,0,0,1,,0.849,2026-03-17T12:32:55.118682,neutral,0.939,2026-03-17T12:32:55.118682,0.4888385810042123,2026-03-17T12:32:28.635000,60,,,
participant_22,3,day,Town10HD_Opt,2026-03-17 12:32:56.064132,-67.51480865478516,28.1577091217041,0.0020536039955914,6.472,-0.219,0.0,0.216,0,0,1,,0.907,2026-03-17T12:32:56.064132,neutral,0.939,2026-03-17T12:32:55.118682,0.5025312973529804,2026-03-17T12:32:28.635000,61,,,
participant_22,3,day,Town10HD_Opt,2026-03-17 12:32:57.060725,-67.11392974853516,28.169227600097656,0.0020250319503247,0.0,-0.219,0.0,0.145,0,0,1,,0.885,2026-03-17T12:32:57.060725,neutral,0.939,2026-03-17T12:32:55.118682,0.4010610866110579,2026-03-17T12:32:28.635000,62,,,
participant_22,3,day,Town10HD_Opt,2026-03-17 12:32:58.043120,-67.11198425292969,28.16928100585937,0.0019227218581363,0.01,0.007,0.0,0.0,0,0,1,,1.0,2026-03-17T12:32:58.043120,neutral,0.8,2026-03-17T12:32:58.043120,0.4640266700643454,2026-03-17T12:32:28.635000,61,,,
participant_22,3,day,Town10HD_Opt,2026-03-17 12:32:59.011379,-67.11175537109375,28.16928482055664,0.0019190978491678,0.007,0.644,0.0,0.0,0,0,1,,0.878,2026-03-17T12:32:59.011379,neutral,0.8,2026-03-17T12:32:58.043120,0.4339638515363804,2026-03-17T12:32:28.635000,60,,,
participant_22,3,day,Town10HD_Opt,2026-03-17 12:33:00.220705,-67.11164093017578,28.16928482055664,0.0019189071608707,0.007,0.602,0.0,0.0,0,0,1,,1.0,2026-03-17T12:33:00.220705,fear,0.757,2026-03-17T12:33:00.220705,0.5183674215624174,2026-03-17T12:32:28.635000,62,,,
participant_22,3,day,Town10HD_Opt,2026-03-17 12:33:01.122089,-67.11145782470703,28.16928100585937,0.001919021597132,0.002,0.55,0.0,0.0,0,0,1,,0.867,2026-03-17T12:33:01.122089,fear,0.757,2026-03-17T12:33:00.220705,0.4362398762964546,2026-03-17T12:32:28.635000,61,Harsh braking,decel_mps2=6.4,
participant_22,3,day,Town10HD_Opt,2026-03-17 12:33:02.016891,-67.11121368408203,28.16928100585937,0.0019190978491678,0.001,0.54,0.0,0.0,0,0,1,,0.814,2026-03-17T12:33:02.016891,fear,0.757,2026-03-17T12:33:00.220705,0.5054961258439148,2026-03-17T12:32:28.635000,61,,,
participant_22,3,day,Town10HD_Opt,2026-03-17 12:33:03.211491,-67.11225891113281,28.16925430297852,0.0019177626818418,0.138,0.533,0.013,0.0,0,0,1,,1.0,2026-03-17T12:33:03.211491,neutral,0.889,2026-03-17T12:33:03.211491,0.511445077817365,2026-03-17T12:32:28.635000,61,,,
participant_22,3,day,Town10HD_Opt,2026-03-17 12:33:04.126095,-67.11226654052734,28.16925048828125,0.0019149016588926,0.186,0.522,0.08,0.0,0,0,1,,0.865,2026-03-17T12:33:04.126095,neutral,0.889,2026-03-17T12:33:03.211491,0.5178951989017188,2026-03-17T12:32:28.635000,60,,,
participant_22,3,day,Town10HD_Opt,2026-03-17 12:33:05.028667,-67.09720611572266,28.16976928710937,0.0019139479845762,0.291,0.522,0.078,0.0,0,0,1,,1.0,2026-03-17T12:33:05.028667,neutral,0.889,2026-03-17T12:33:03.211491,0.4687921653082466,2026-03-17T12:32:28.635000,60,,,
participant_22,3,day,Town10HD_Opt,2026-03-17 12:33:06.238876,-67.00511932373047,28.17285346984864,0.0019072341965511,0.791,0.522,0.076,0.0,0,0,1,,0.854,2026-03-17T12:33:06.238876,neutral,0.794,2026-03-17T12:33:06.238876,0.4634804526727859,2026-03-17T12:32:28.635000,61,,,
participant_22,3,day,Town10HD_Opt,2026-03-17 12:33:07.166048,-66.84539031982422,28.17835235595703,0.0019076155731454,1.111,0.515,0.0,0.0,0,0,1,,0.894,2026-03-17T12:33:07.166048,neutral,0.794,2026-03-17T12:33:06.238876,0.5099345738448885,2026-03-17T12:32:28.635000,60,,,
participant_22,3,day,Town10HD_Opt,2026-03-17 12:33:08.088828,-66.67176055908203,28.18452262878418,0.0019267272436991,0.857,0.515,0.0,0.0,0,0,1,,0.882,2026-03-17T12:33:08.088828,neutral,0.794,2026-03-17T12:33:06.238876,0.4417411409014174,2026-03-17T12:32:28.635000,62,,,
participant_22,3,day,Town10HD_Opt,2026-03-17 12:33:08.996665,-66.53828430175781,28.189327239990234,0.0019254302605986,0.658,0.515,0.0,0.0,0,0,1,,0.883,2026-03-17T12:33:08.996665,neutral,0.955,2026-03-17T12:33:08.996665,0.4736018328429176,2026-03-17T12:32:28.635000,59,,,
participant_22,3,day,Town10HD_Opt,2026-03-17 12:33:10.190928,-66.40716552734375,28.19409942626953,0.0019234847277402,0.47,0.496,0.028,0.0,0,0,1,,1.0,2026-03-17T12:33:10.190928,neutral,0.955,2026-03-17T12:33:08.996665,0.4649069664982103,2026-03-17T12:32:28.635000,61,,,
participant_22,3,day,Town10HD_Opt,2026-03-17 12:33:11.085157,-65.82401275634766,28.215620040893555,0.0015239715576171,10.213,0.493,1.0,0.0,0,0,1,,1.0,2026-03-17T12:33:11.085157,neutral,0.976,2026-03-17T12:33:11.085157,0.4772715866946582,2026-03-17T12:32:28.635000,61,,,
participant_22,3,day,Town10HD_Opt,2026-03-17 12:33:12.012319,-62.84504318237305,28.337120056152344,0.0016903686337172,24.45,0.155,1.0,0.0,0,0,1,,0.827,2026-03-17T12:33:12.012319,neutral,0.976,2026-03-17T12:33:11.085157,0.4678946391071655,2026-03-17T12:32:28.635000,61,,,
participant_22,3,day,Town10HD_Opt,2026-03-17 12:33:13.241637,-54.7689208984375,28.69083976745605,0.0015412521315738,45.685,0.179,1.0,0.0,0,0,1,,0.944,2026-03-17T12:33:13.241637,neutral,0.972,2026-03-17T12:33:13.241637,0.4134214474592503,2026-03-17T12:32:28.635000,61,,,
participant_22,3,day,Town10HD_Opt,2026-03-17 12:33:14.187487,-46.039920806884766,29.08027076721192,0.0021344756241887,48.788,-0.55,0.869,0.0,0,0,1,,0.961,2026-03-17T12:33:14.187487,neutral,0.972,2026-03-17T12:33:13.241637,0.4624880375615512,2026-03-17T12:32:28.635000,61,,,
participant_22,3,day,Town10HD_Opt,2026-03-17 12:33:15.127533,-37.33695602416992,29.296283721923828,0.0021113203838467,49.124,-0.656,0.73,0.0,0,0,1,,0.953,2026-03-17T12:33:15.127533,neutral,0.972,2026-03-17T12:33:13.241637,0.5092652077649031,2026-03-17T12:32:28.635000,63,,,
participant_22,3,day,Town10HD_Opt,2026-03-17 12:33:16.043243,-28.61102294921875,29.27889633178711,0.0021424484439194,48.879,-0.627,0.727,0.0,0,0,1,,0.914,2026-03-17T12:33:16.043243,neutral,0.797,2026-03-17T12:33:16.043243,0.4156110860444845,2026-03-17T12:32:28.635000,60,,,
participant_22,3,day,Town10HD_Opt,2026-03-17 12:33:17.036916,-19.883195877075195,29.035099029541016,0.0021400833502411,48.965,-0.498,0.727,0.0,0,0,1,,0.942,2026-03-17T12:33:17.036916,neutral,0.797,2026-03-17T12:33:16.043243,0.5036402708769778,2026-03-17T12:32:28.635000,61,,,errors=Solid line crossing
participant_22,3,day,Town10HD_Opt,2026-03-17 12:33:18.247147,-8.313658714294434,28.49696159362793,0.0021125411149114,48.534,0.329,0.512,0.0,0,0,1,,1.0,2026-03-17T12:33:18.247147,happy,0.866,2026-03-17T12:33:18.247147,0.4515628055316036,2026-03-17T12:32:28.635000,60,,,
participant_22,3,day,Town10HD_Opt,2026-03-17 12:33:19.136497,0.1987361162900924,28.21953582763672,0.0020387268159538,48.758,0.642,0.461,0.0,0,0,1,,1.0,2026-03-17T12:33:19.136497,happy,0.866,2026-03-17T12:33:18.247147,0.4425207133337709,2026-03-17T12:32:28.635000,60,,,
participant_22,3,day,Town10HD_Opt,2026-03-17 12:33:20.034466,8.332860946655273,28.15943145751953,0.0023387908004224,41.472,0.555,0.0,0.0,0,0,1,,0.816,2026-03-17T12:33:20.034466,happy,0.866,2026-03-17T12:33:18.247147,0.4957471127839237,2026-03-17T12:32:28.635000,60,,,
participant_22,3,day,Town10HD_Opt,2026-03-17 12:33:21.200266,16.62810516357422,28.29488754272461,0.0023151016794145,29.427,0.477,0.0,0.0,0,0,1,,0.805,2026-03-17T12:33:21.200266,neutral,0.891,2026-03-17T12:33:21.200266,0.4719363247706473,2026-03-17T12:32:28.635000,62,,,
participant_22,3,day,Town10HD_Opt,2026-03-17 12:33:22.078307,21.198835372924805,28.4459228515625,0.0022673797793686,22.4,0.468,0.099,0.0,0,0,1,,1.0,2026-03-17T12:33:22.078307,neutral,0.891,2026-03-17T12:33:21.200266,0.4503479365997371,2026-03-17T12:32:28.635000,61,,,
participant_22,3,day,Town10HD_Opt,2026-03-17 12:33:23.275977,25.85063362121582,28.69631576538086,0.0032616043463349,18.138,3.749,0.316,0.0,0,0,1,,0.928,2026-03-17T12:33:23.275977,happy,0.987,2026-03-17T12:33:23.275977,0.4708855551977247,2026-03-17T12:32:28.635000,60,,,
participant_22,3,day,Town10HD_Opt,2026-03-17 12:33:24.204891,29.172163009643555,29.14360618591309,0.0022798536811023,20.39,6.497,0.48,0.0,0,0,1,,0.812,2026-03-17T12:33:24.204891,happy,0.987,2026-03-17T12:33:23.275977,0.4206247232049455,2026-03-17T12:32:28.635000,62,,,
participant_22,3,day,Town10HD_Opt,2026-03-17 12:33:25.115590,32.77222442626953,30.237689971923828,0.001960601657629,22.973,13.99,0.465,0.0,0,0,1,,1.0,2026-03-17T12:33:25.115590,happy,0.987,2026-03-17T12:33:23.275977,0.4003698279781719,2026-03-17T12:32:28.635000,60,,,
participant_22,3,day,Town10HD_Opt,2026-03-17 12:33:26.034367,36.27240753173828,32.53876876831055,0.0019959257915616,25.342,18.37,0.465,0.0,0,0,1,,1.0,2026-03-17T12:33:26.034367,neutral,0.76,2026-03-17T12:33:26.034367,0.4956431159438675,2026-03-17T12:32:28.635000,61,,,
participant_22,3,day,Town10HD_Opt,2026-03-17 12:33:27.194680,39.41305160522461,37.79215621948242,0.002019424457103,27.984,18.312,0.465,0.0,0,0,1,,1.0,2026-03-17T12:33:27.194680,neutral,0.76,2026-03-17T12:33:26.034367,0.4817579566874478,2026-03-17T12:32:28.635000,60,,,
participant_22,3,day,Town10HD_Opt,2026-03-17 12:33:28.115231,39.83138656616211,42.79832458496094,0.0019956969190388,29.761,3.987,0.0,0.0,0,0,1,,1.0,2026-03-17T12:33:28.115231,fear,0.75,2026-03-17T12:33:28.115231,0.3934134458857319,2026-03-17T12:32:28.635000,61,,,errors=Solid line crossing
participant_22,3,day,Town10HD_Opt,2026-03-17 12:33:29.006836,39.81401443481445,47.51536178588867,0.0023062895052134,22.487,-8.198,0.0,0.369,0,0,1,,1.0,2026-03-17T12:33:29.006836,fear,0.75,2026-03-17T12:33:28.115231,0.461226936440518,2026-03-17T12:32:28.635000,63,,,
participant_22,3,day,Town10HD_Opt,2026-03-17 12:33:30.131017,40.09218215942383,49.74741744995117,0.0021637342870235,0.001,2.784,0.0,0.687,0,0,1,,0.874,2026-03-17T12:33:30.131017,sad,0.396,2026-03-17T12:33:30.131017,0.4811408353039021,2026-03-17T12:32:28.635000,61,,,
participant_22,3,day,Town10HD_Opt,2026-03-17 12:33:31.267330,40.09226608276367,49.74803924560547,0.0019217299995943,0.135,1.688,0.156,0.0,0,0,1,,1.0,2026-03-17T12:33:31.267330,sad,0.396,2026-03-17T12:33:30.131017,0.5433111931817025,2026-03-17T12:32:28.635000,62,,,
participant_22,3,day,Town10HD_Opt,2026-03-17 12:33:32.101633,40.10606384277344,49.86502456665039,0.0018286514095962,2.186,2.737,0.259,0.0,0,0,1,,0.868,2026-03-17T12:33:32.101633,sad,0.396,2026-03-17T12:33:30.131017,0.4292577914882262,2026-03-17T12:32:28.635000,60,,,
participant_22,3,day,Town10HD_Opt,2026-03-17 12:33:33.044764,40.17366790771485,50.46768569946289,0.0018351363250985,5.105,2.73,0.247,0.0,0,0,1,,1.0,2026-03-17T12:33:33.044764,fear,0.398,2026-03-17T12:33:33.044764,0.4120085020806719,2026-03-17T12:32:28.635000,61,,,
participant_22,3,day,Town10HD_Opt,2026-03-17 12:33:34.249812,40.29684829711914,51.72480773925781,0.0019403075566515,5.133,2.706,0.0,0.0,0,0,1,,0.849,2026-03-17T12:33:34.249812,fear,0.398,2026-03-17T12:33:33.044764,0.5461104684678668,2026-03-17T12:32:28.635000,61,,,
participant_22,3,day,Town10HD_Opt,2026-03-17 12:33:35.138102,40.34309387207031,52.2722053527832,0.0021342849358916,0.0,2.706,0.0,0.0,0,0,1,,1.0,2026-03-17T12:33:35.138102,neutral,0.812,2026-03-17T12:33:35.138102,0.4719567982952453,2026-03-17T12:32:28.635000,60,,,
participant_22,3,day,Town10HD_Opt,2026-03-17 12:33:36.044459,40.34407043457031,52.28474426269531,0.0019234084757044,0.087,2.659,0.0,0.0,0,0,1,,1.0,2026-03-17T12:33:36.044459,neutral,0.812,2026-03-17T12:33:35.138102,0.4164914316862786,2026-03-17T12:32:28.635000,61,,,
participant_22,3,day,Town10HD_Opt,2026-03-17 12:33:37.125119,40.34539031982422,52.30136489868164,0.0019194411579519,0.062,2.351,0.0,0.0,0,0,1,,1.0,2026-03-17T12:33:37.125119,neutral,0.812,2026-03-17T12:33:35.138102,0.4584804948694489,2026-03-17T12:32:28.635000,60,,,
participant_22,3,day,Town10HD_Opt,2026-03-17 12:33:38.211585,40.34634017944336,52.31306838989258,0.0019192504696547,0.045,2.346,0.0,0.0,0,0,1,,1.0,2026-03-17T12:33:38.211585,fear,0.452,2026-03-17T12:33:38.211585,0.5188860044204738,2026-03-17T12:32:28.635000,61,,,
participant_22,3,day,Town10HD_Opt,2026-03-17 12:33:39.040874,40.34684371948242,52.31949615478516,0.0019192504696547,0.036,2.332,0.0,0.0,0,0,1,,1.0,2026-03-17T12:33:39.040874,fear,0.452,2026-03-17T12:33:38.211585,0.4942906599707081,2026-03-17T12:32:28.635000,60,,,
participant_22,3,day,Town10HD_Opt,2026-03-17 12:33:40.144197,40.34735107421875,52.32581329345703,0.0019190978491678,0.026,2.313,0.0,0.0,0,0,1,,1.0,2026-03-17T12:33:40.144197,fear,0.452,2026-03-17T12:33:38.211585,0.4934438531924487,2026-03-17T12:32:28.635000,59,,,
participant_22,3,day,Town10HD_Opt,2026-03-17 12:33:41.198844,40.34749603271485,52.32766342163086,0.0019187163561582,0.006,2.292,0.0,0.0,0,0,1,,1.0,2026-03-17T12:33:41.198844,neutral,0.943,2026-03-17T12:33:41.198844,0.4451350641900015,2026-03-17T12:32:28.635000,59,,,
participant_22,3,day,Town10HD_Opt,2026-03-17 12:33:42.023520,40.3481674194336,52.33594131469727,0.001912422128953,0.148,2.266,0.0,0.0,0,0,1,,0.833,2026-03-17T12:33:42.023520,neutral,0.943,2026-03-17T12:33:41.198844,0.4399565472421062,2026-03-17T12:32:28.635000,60,,,
participant_22,3,day,Town10HD_Opt,2026-03-17 12:33:43.165221,40.35054397583008,52.3656005859375,0.0019189452286809,0.134,2.254,0.0,0.0,0,0,1,,0.816,2026-03-17T12:33:43.165221,neutral,0.943,2026-03-17T12:33:41.198844,0.4962180473200943,2026-03-17T12:32:28.635000,62,,,
participant_22,3,day,Town10HD_Opt,2026-03-17 12:33:44.242523,40.3524055480957,52.38885498046875,0.0019195555942133,0.092,2.245,0.0,0.0,0,0,1,,1.0,2026-03-17T12:33:44.242523,neutral,0.877,2026-03-17T12:33:44.242523,0.4317677202552371,2026-03-17T12:32:28.635000,61,,,
participant_22,3,day,Town10HD_Opt,2026-03-17 12:33:45.070499,40.35314178466797,52.39800643920898,0.0019166183192282,0.099,2.238,0.0,0.0,0,0,1,,1.0,2026-03-17T12:33:45.070499,neutral,0.877,2026-03-17T12:33:44.242523,0.4553964830134733,2026-03-17T12:32:28.635000,62,,,
participant_22,3,day,Town10HD_Opt,2026-03-17 12:33:46.189012,40.35511779785156,52.422733306884766,0.0019195937784388,0.095,2.235,0.0,0.0,0,0,1,,1.0,2026-03-17T12:33:46.189012,neutral,0.877,2026-03-17T12:33:44.242523,0.4827815253563413,2026-03-17T12:32:28.635000,62,,,
participant_22,3,day,Town10HD_Opt,2026-03-17 12:33:47.017751,40.35624694824219,52.43695831298828,0.0019196700304746,0.073,2.205,0.0,0.0,0,0,1,,1.0,2026-03-17T12:33:47.017751,sad,0.532,2026-03-17T12:33:47.017751,0.4536468717044318,2026-03-17T12:32:28.635000,61,,,
participant_22,3,day,Town10HD_Opt,2026-03-17 12:33:48.143788,40.35736846923828,52.450931549072266,0.0019194030901417,0.197,2.172,0.016,0.0,0,0,1,,1.0,2026-03-17T12:33:48.143788,sad,0.532,2026-03-17T12:33:47.017751,0.4685379280088298,2026-03-17T12:32:28.635000,61,,,
participant_22,3,day,Town10HD_Opt,2026-03-17 12:33:49.006957,40.358097076416016,52.46012115478516,0.0019129562424495,0.276,2.172,0.104,0.0,0,0,1,,1.0,2026-03-17T12:33:49.006957,sad,0.532,2026-03-17T12:33:47.017751,0.4952142323492172,2026-03-17T12:32:28.635000,60,,,
participant_22,3,day,Town10HD_Opt,2026-03-17 12:33:50.110217,40.37165832519531,52.62860107421875,0.0019004440400749,1.203,2.172,0.091,0.0,0,0,1,,1.0,2026-03-17T12:33:50.110217,neutral,0.365,2026-03-17T12:33:50.110217,0.5240842628950921,2026-03-17T12:32:28.635000,60,,,
participant_22,3,day,Town10HD_Opt,2026-03-17 12:33:51.214367,40.398555755615234,52.9853515625,0.0019285201560705,1.429,2.139,0.0,0.0,0,0,1,,1.0,2026-03-17T12:33:51.214367,neutral,0.365,2026-03-17T12:33:50.110217,0.5370383114229744,2026-03-17T12:32:28.635000,61,,,
participant_22,3,day,Town10HD_Opt,2026-03-17 12:33:52.056065,40.41443634033203,53.20741271972656,0.0019294356461614,1.098,2.139,0.0,0.0,0,0,1,,1.0,2026-03-17T12:33:52.056065,neutral,0.365,2026-03-17T12:33:50.110217,0.5063100410768527,2026-03-17T12:32:28.635000,61,,,
participant_22,3,day,Town10HD_Opt,2026-03-17 12:33:53.121247,40.4294319152832,53.425594329833984,0.001926383934915,0.772,2.139,0.0,0.0,0,0,1,,1.0,2026-03-17T12:33:53.121247,neutral,0.765,2026-03-17T12:33:53.121247,0.4168792076009697,2026-03-17T12:32:28.635000,60,,,
participant_22,3,day,Town10HD_Opt,2026-03-17 12:33:54.258728,40.43946075439453,53.57846450805664,0.0019004821078851,1.275,2.139,0.483,0.0,0,0,1,,1.0,2026-03-17T12:33:54.258728,neutral,0.765,2026-03-17T12:33:53.121247,0.4204886134756836,2026-03-17T12:32:28.635000,60,,,
participant_22,3,day,Town10HD_Opt,2026-03-17 12:33:55.104270,40.49748992919922,54.52146911621094,0.0015222167130559,12.115,2.134,0.863,0.0,0,0,1,,0.814,2026-03-17T12:33:55.104270,neutral,0.765,2026-03-17T12:33:53.121247,0.4791349262043516,2026-03-17T12:32:28.635000,61,,,
participant_22,3,day,Town10HD_Opt,2026-03-17 12:33:56.062391,40.67007446289063,57.51812362670898,0.0018730544252321,21.256,-2.508,0.636,0.0,0,0,1,,1.0,2026-03-17T12:33:56.062391,neutral,0.735,2026-03-17T12:33:56.062391,0.4938009143409288,2026-03-17T12:32:28.635000,60,,,
participant_22,3,day,Town10HD_Opt,2026-03-17 12:33:56.996491,41.32776641845703,61.69907760620117,0.0018355941865593,27.857,-11.907,0.634,0.0,0,0,1,,1.0,2026-03-17T12:33:56.996491,neutral,0.735,2026-03-17T12:33:56.062391,0.4830825822015875,2026-03-17T12:32:28.635000,62,,,
participant_22,3,day,Town10HD_Opt,2026-03-17 12:33:58.189282,45.089115142822266,67.79254913330078,0.0019223403651267,34.943,-19.832,0.628,0.0,0,0,1,,1.0,2026-03-17T12:33:58.189282,sad,0.691,2026-03-17T12:33:58.189282,0.4493287990285255,2026-03-17T12:32:28.635000,60,,,
participant_22,3,day,Town10HD_Opt,2026-03-17 12:33:59.116739,50.91287612915039,70.39007568359375,0.0019345473265275,39.384,-12.876,0.627,0.0,0,0,1,,0.86,2026-03-17T12:33:59.116739,sad,0.691,2026-03-17T12:33:58.189282,0.5413243658137761,2026-03-17T12:32:28.635000,61,,,
participant_22,3,day,Town10HD_Opt,2026-03-17 12:34:00.059467,58.14082717895508,70.58519744873047,0.0019042968051508,43.912,-2.087,0.626,0.0,0,0,1,,1.0,2026-03-17T12:34:00.059467,sad,0.691,2026-03-17T12:33:58.189282,0.4921415650550467,2026-03-17T12:32:28.635000,61,,,
participant_22,3,day,Town10HD_Opt,2026-03-17 12:34:01.258614,67.9913101196289,70.09430694580078,0.0023296736180782,36.69,3.396,0.189,0.0,0,0,1,,0.906,2026-03-17T12:34:01.258614,neutral,0.924,2026-03-17T12:34:01.258614,0.4066852592747655,2026-03-17T12:32:28.635000,59,,,
participant_22,3,day,Town10HD_Opt,2026-03-17 12:34:02.136486,73.98082733154297,70.39314270019531,0.0022449111565947,30.938,0.237,0.0,0.0,0,0,1,,0.821,2026-03-17T12:34:02.136486,neutral,0.924,2026-03-17T12:34:01.258614,0.5283488021396494,2026-03-17T12:32:28.635000,60,,,
participant_22,3,day,Town10HD_Opt,2026-03-17 12:34:03.215858,79.98661804199219,70.78524017333984,0.0023051069583743,20.383,-1.286,0.0,0.235,0,0,1,,0.881,2026-03-17T12:34:03.215858,neutral,0.924,2026-03-17T12:34:01.258614,0.4780772028438552,2026-03-17T12:32:28.635000,61,,,
participant_22,3,day,Town10HD_Opt,2026-03-17 12:34:04.039344,83.05414581298828,70.89115905761719,0.0020374679006636,14.965,-2.428,0.0,0.206,0,0,1,,0.83,2026-03-17T12:34:04.039344,fear,0.831,2026-03-17T12:34:04.039344,0.497563602357905,2026-03-17T12:32:28.635000,60,,,
participant_22,3,day,Town10HD_Opt,2026-03-17 12:34:05.166209,85.78658294677734,70.87346649169922,0.0020877073984593,8.021,-1.949,0.0,0.338,0,0,1,,0.977,2026-03-17T12:34:05.166209,fear,0.831,2026-03-17T12:34:04.039344,0.5573650825191214,2026-03-17T12:32:28.635000,60,,,
participant_22,3,day,Town10HD_Opt,2026-03-17 12:34:06.244755,86.48748779296875,70.8556900024414,0.0019989013671875,0.0,-1.831,0.0,0.318,0,0,1,,0.989,2026-03-17T12:34:06.244755,neutral,0.907,2026-03-17T12:34:06.244755,0.4775204294552895,2026-03-17T12:32:28.635000,60,,,
participant_22,3,day,Town10HD_Opt,2026-03-17 12:34:07.023249,86.48757934570312,70.85569763183594,0.0019224929856136,0.001,-1.76,0.0,0.0,0,0,1,,0.991,2026-03-17T12:34:07.023249,neutral,0.907,2026-03-17T12:34:06.244755,0.4819934417911374,2026-03-17T12:32:28.635000,60,,,
participant_22,3,day,Town10HD_Opt,2026-03-17 12:34:08.059529,86.48758697509766,70.85569763183594,0.0019191360333934,0.0,-1.231,0.0,0.0,0,0,1,,0.96,2026-03-17T12:34:08.059529,neutral,0.907,2026-03-17T12:34:06.244755,0.3815109438035485,2026-03-17T12:32:28.635000,59,,,
participant_22,3,day,Town10HD_Opt,2026-03-17 12:34:09.089982,86.79572296142578,70.84798431396484,0.0017392348963767,4.822,-0.562,0.467,0.0,0,0,1,,0.955,2026-03-17T12:34:09.089982,neutral,0.839,2026-03-17T12:34:09.089982,0.4210585561324533,2026-03-17T12:32:28.635000,61,,,
participant_22,3,day,Town10HD_Opt,2026-03-17 12:34:10.153397,88.77347564697266,70.87991333007812,0.0017562865978106,12.117,8.446,0.434,0.0,0,0,1,,0.928,2026-03-17T12:34:10.153397,neutral,0.839,2026-03-17T12:34:09.089982,0.4724296748009635,2026-03-17T12:32:28.635000,62,,,
participant_22,3,day,Town10HD_Opt,2026-03-17 12:34:11.245182,92.1030044555664,71.60340881347656,0.0018209075788035,17.378,21.266,0.433,0.0,0,0,1,,0.922,2026-03-17T12:34:11.245182,neutral,0.986,2026-03-17T12:34:11.245182,0.4331898993767543,2026-03-17T12:32:28.635000,61,,,
participant_22,3,day,Town10HD_Opt,2026-03-17 12:34:12.041558,94.75144958496094,73.33031463623047,0.0020919798407703,18.751,25.786,0.433,0.0,0,0,1,,0.915,2026-03-17T12:34:12.041558,neutral,0.986,2026-03-17T12:34:11.245182,0.5086143186093183,2026-03-17T12:32:28.635000,60,,,
participant_22,3,day,Town10HD_Opt,2026-03-17 12:34:13.113466,97.00906372070312,77.30099487304688,0.0020161818247288,21.473,20.943,0.434,0.0,0,0,1,,0.923,2026-03-17T12:34:13.113466,neutral,0.986,2026-03-17T12:34:11.245182,0.400317744356045,2026-03-17T12:32:28.635000,61,Solid line crossing,Solid line crossing,
participant_22,3,day,Town10HD_Opt,2026-03-17 12:34:14.175349,97.66932678222656,82.57744598388672,0.0019811247475445,24.352,3.957,0.432,0.0,0,0,1,,1.0,2026-03-17T12:34:14.175349,neutral,0.965,2026-03-17T12:34:14.175349,0.4915547123124256,2026-03-17T12:32:28.635000,61,,,
participant_22,3,day,Town10HD_Opt,2026-03-17 12:34:15.244867,97.66038513183594,88.51715850830078,0.0019886780064553,26.703,3.156,0.432,0.0,0,0,1,,1.0,2026-03-17T12:34:15.244867,neutral,0.965,2026-03-17T12:34:14.175349,0.4729708625165702,2026-03-17T12:32:28.635000,61,,,
participant_22,3,day,Town10HD_Opt,2026-03-17 12:34:16.080296,97.26647186279295,93.2965316772461,0.0019945143721997,28.235,2.158,0.432,0.0,0,0,1,,1.0,2026-03-17T12:34:16.080296,neutral,0.965,2026-03-17T12:34:14.175349,0.529260347181422,2026-03-17T12:32:28.635000,61,,,
participant_22,3,day,Town10HD_Opt,2026-03-17 12:34:17.223208,96.27976989746094,100.00631713867188,0.0020019530784338,29.993,2.026,0.433,0.0,0,0,1,,0.824,2026-03-17T12:34:17.223208,neutral,0.979,2026-03-17T12:34:17.223208,0.4624091811035793,2026-03-17T12:32:28.635000,60,,,
participant_22,3,day,Town10HD_Opt,2026-03-17 12:34:18.053794,95.1683349609375,105.22840881347656,0.0020072173792868,31.122,2.379,0.433,0.0,0,0,1,,1.0,2026-03-17T12:34:18.053794,neutral,0.979,2026-03-17T12:34:17.223208,0.4722413399598405,2026-03-17T12:32:28.635000,59,,,errors=Solid line crossing
participant_22,3,day,Town10HD_Opt,2026-03-17 12:34:19.128198,93.0244140625,112.30859375,0.0020152663346379,32.426,4.707,0.432,0.0,0,0,1,,1.0,2026-03-17T12:34:19.128198,neutral,0.979,2026-03-17T12:34:17.223208,0.5547234961711299,2026-03-17T12:32:28.635000,63,,,
participant_22,3,day,Town10HD_Opt,2026-03-17 12:34:20.240058,89.49172973632812,119.07202911376952,0.0020322799682617,33.29,9.086,0.432,0.0,0,0,1,,0.906,2026-03-17T12:34:20.240058,neutral,0.947,2026-03-17T12:34:20.240058,0.3992307539939728,2026-03-17T12:32:28.635000,60,,,
participant_22,3,day,Town10HD_Opt,2026-03-17 12:34:21.085910,85.42122650146484,123.24097442626952,0.0020447159186005,33.688,10.531,0.433,0.0,0,0,1,,1.0,2026-03-17T12:34:21.085910,neutral,0.947,2026-03-17T12:34:20.240058,0.4301731309297824,2026-03-17T12:32:28.635000,62,,,
participant_22,3,day,Town10HD_Opt,2026-03-17 12:34:22.263419,78.44949340820312,126.98574829101562,0.0020275115966796,34.461,2.33,0.433,0.0,0,0,1,,0.833,2026-03-17T12:34:22.263419,neutral,0.972,2026-03-17T12:34:22.263419,0.4156934860110011,2026-03-17T12:32:28.635000,62,,,
participant_22,3,day,Town10HD_Opt,2026-03-17 12:34:23.170956,72.73809051513672,129.03367614746094,0.0020297621376812,34.962,5.297,0.433,0.0,0,0,1,,1.0,2026-03-17T12:34:23.170956,neutral,0.972,2026-03-17T12:34:22.263419,0.4813621200948428,2026-03-17T12:32:28.635000,61,,,
participant_22,3,day,Town10HD_Opt,2026-03-17 12:34:24.025900,66.71436309814453,130.2340850830078,0.0020341873168945,35.371,5.222,0.433,0.0,0,0,1,,1.0,2026-03-17T12:34:24.025900,neutral,0.972,2026-03-17T12:34:22.263419,0.4820427562841863,2026-03-17T12:32:28.635000,61,,,
participant_22,3,day,Town10HD_Opt,2026-03-17 12:34:25.177770,58.42203903198242,130.35855102539062,0.0020321272313594,35.887,0.731,0.433,0.0,0,0,1,,1.0,2026-03-17T12:34:25.177770,neutral,0.933,2026-03-17T12:34:25.177770,0.4680222983258256,2026-03-17T12:32:28.635000,59,Vehicle-pedestrian collision,Vehicle-pedestrian collision,errors=Solid line crossing
participant_22,3,day,Town10HD_Opt,2026-03-17 12:34:26.040536,52.123626708984375,129.98399353027344,0.0020317076705396,36.244,-2.287,0.433,0.0,0,0,1,,1.0,2026-03-17T12:34:26.040536,neutral,0.933,2026-03-17T12:34:25.177770,0.4364058177675251,2026-03-17T12:32:28.635000,63,,,
participant_22,3,day,Town10HD_Opt,2026-03-17 12:34:27.173288,43.6220703125,130.01861572265625,0.001982040470466,36.657,-0.195,0.433,0.0,0,0,1,,1.0,2026-03-17T12:34:27.173288,neutral,0.933,2026-03-17T12:34:25.177770,0.4851682655139159,2026-03-17T12:32:28.635000,61,,,
participant_22,3,day,Town10HD_Opt,2026-03-17 12:34:28.006503,37.18782806396485,130.2036895751953,0.0020333097781986,36.941,0.031,0.432,0.0,0,0,1,,1.0,2026-03-17T12:34:28.006503,neutral,0.9,2026-03-17T12:34:28.006503,0.5303634181080017,2026-03-17T12:32:28.635000,61,,,
participant_22,3,day,Town10HD_Opt,2026-03-17 12:34:29.191388,28.54094696044922,130.44683837890625,0.0020354841835796,37.23,0.038,0.433,0.0,0,0,1,,1.0,2026-03-17T12:34:29.191388,neutral,0.9,2026-03-17T12:34:28.006503,0.4622041733245647,2026-03-17T12:32:28.635000,60,,,
participant_22,3,day,Town10HD_Opt,2026-03-17 12:34:30.061733,22.012508392333984,130.6188507080078,0.0020365142263472,37.421,0.096,0.433,0.0,0,0,1,,0.822,2026-03-17T12:34:30.061733,neutral,0.973,2026-03-17T12:34:30.061733,0.4103460332086323,2026-03-17T12:32:28.635000,61,,,
participant_22,3,day,Town10HD_Opt,2026-03-17 12:34:31.176949,13.258198738098145,130.81451416015625,0.0020367430988699,37.656,0.153,0.434,0.0,0,0,1,,1.0,2026-03-17T12:34:31.176949,neutral,0.973,2026-03-17T12:34:30.061733,0.4877682199932558,2026-03-17T12:32:28.635000,61,,,
participant_22,3,day,Town10HD_Opt,2026-03-17 12:34:32.253885,4.448777198791504,130.9550323486328,0.002037429716438,37.872,0.153,0.434,0.0,0,0,1,,0.855,2026-03-17T12:34:32.253885,neutral,0.856,2026-03-17T12:34:32.253885,0.4527752003828824,2026-03-17T12:32:28.635000,60,,,
participant_22,3,day,Town10HD_Opt,2026-03-17 12:34:33.097027,-2.189624309539795,131.02195739746094,0.0020383833907544,38.002,0.153,0.434,0.0,0,0,1,,1.0,2026-03-17T12:34:33.097027,neutral,0.856,2026-03-17T12:34:32.253885,0.4239927661794272,2026-03-17T12:32:28.635000,61,,,
participant_22,3,day,Town10HD_Opt,2026-03-17 12:34:34.215268,-10.820920944213867,131.05715942382812,0.0021849060431122,34.203,0.71,0.171,0.151,0,0,1,,0.884,2026-03-17T12:34:34.215268,neutral,0.856,2026-03-17T12:34:32.253885,0.5039331552862163,2026-03-17T12:32:28.635000,61,,,
participant_22,3,day,Town10HD_Opt,2026-03-17 12:34:35.121130,-16.26204490661621,130.9882049560547,0.0023369980044662,26.168,0.78,0.0,0.333,0,0,1,,0.855,2026-03-17T12:34:35.121130,happy,0.598,2026-03-17T12:34:35.121130,0.4580548696450466,2026-03-17T12:32:28.635000,61,,,
participant_22,3,day,Town10HD_Opt,2026-03-17 12:34:36.232695,-21.115175247192383,130.82647705078125,0.00208106986247,14.621,0.658,0.0,0.392,0,0,1,,0.834,2026-03-17T12:34:36.232695,happy,0.598,2026-03-17T12:34:35.121130,0.4973780408042814,2026-03-17T12:32:28.635000,61,,,
participant_22,3,day,Town10HD_Opt,2026-03-17 12:34:37.109242,-23.263500213623047,130.7252960205078,0.0020922468975186,9.619,0.663,0.0,0.251,0,0,1,,0.832,2026-03-17T12:34:37.109242,happy,0.598,2026-03-17T12:34:35.121130,0.482304547221158,2026-03-17T12:32:28.635000,61,,,
participant_22,3,day,Town10HD_Opt,2026-03-17 12:34:38.223904,-24.920988082885746,130.6376495361328,0.0020201874431222,2.975,0.67,0.0,0.129,0,0,1,,0.806,2026-03-17T12:34:38.223904,happy,0.87,2026-03-17T12:34:38.223904,0.3961796163251255,2026-03-17T12:32:28.635000,61,,,
participant_22,3,day,Town10HD_Opt,2026-03-17 12:34:39.086692,-24.96979713439941,130.6347198486328,0.0019559096544981,0.002,0.592,0.0,0.0,0,0,1,,0.811,2026-03-17T12:34:39.086692,happy,0.87,2026-03-17T12:34:38.223904,0.5334363187046351,2026-03-17T12:32:28.635000,62,,,
participant_22,3,day,Town10HD_Opt,2026-03-17 12:34:40.237333,-24.9705753326416,130.6347198486328,0.0019194793421775,0.002,0.592,0.0,0.0,0,0,1,,0.875,2026-03-17T12:34:40.237333,happy,0.874,2026-03-17T12:34:40.237333,0.4372712401725076,2026-03-17T12:32:28.635000,60,,,
participant_22,3,day,Town10HD_Opt,2026-03-17 12:34:41.106645,-24.97079086303711,130.6347198486328,0.0019189452286809,0.0,0.592,0.0,0.0,0,0,1,,0.809,2026-03-17T12:34:41.106645,happy,0.874,2026-03-17T12:34:40.237333,0.4991372172053624,2026-03-17T12:32:28.635000,60,,,
participant_22,3,day,Town10HD_Opt,2026-03-17 12:34:42.182366,-24.970855712890625,130.6347198486328,0.0019189452286809,0.001,0.592,0.0,0.0,0,0,1,,1.0,2026-03-17T12:34:42.182366,happy,0.874,2026-03-17T12:34:40.237333,0.4664396127420387,2026-03-17T12:32:28.635000,62,,,
participant_22,3,day,Town10HD_Opt,2026-03-17 12:34:43.236014,-24.97092628479004,130.6347198486328,0.0019191360333934,0.001,0.58,0.0,0.0,0,0,1,,0.817,2026-03-17T12:34:43.236014,neutral,0.695,2026-03-17T12:34:43.236014,0.4793806154789454,2026-03-17T12:32:28.635000,61,,,
participant_22,3,day,Town10HD_Opt,2026-03-17 12:34:44.055593,-24.97091484069824,130.6347198486328,0.0019189071608707,0.006,0.58,0.0,0.0,0,0,1,,0.85,2026-03-17T12:34:44.055593,neutral,0.695,2026-03-17T12:34:43.236014,0.5051935071760701,2026-03-17T12:32:28.635000,61,,,
participant_22,3,day,Town10HD_Opt,2026-03-17 12:34:45.128424,-24.971004486083984,130.6347198486328,0.0019189071608707,0.006,0.58,0.0,0.0,0,0,1,,0.836,2026-03-17T12:34:45.128424,neutral,0.695,2026-03-17T12:34:43.236014,0.4384511384220855,2026-03-17T12:32:28.635000,59,,,
participant_22,3,day,Town10HD_Opt,2026-03-17 12:34:46.189666,-25.040307998657227,130.63092041015625,0.0017927932785823,2.916,0.58,0.501,0.0,0,0,1,,0.853,2026-03-17T12:34:46.189666,neutral,0.976,2026-03-17T12:34:46.189666,0.440616751163586,2026-03-17T12:32:28.635000,62,,,
participant_22,3,day,Town10HD_Opt,2026-03-17 12:34:47.055874,-26.06217384338379,130.57461547851562,0.0016622924013063,9.728,0.58,0.548,0.0,0,0,1,,1.0,2026-03-17T12:34:47.055874,neutral,0.976,2026-03-17T12:34:46.189666,0.5236928814336913,2026-03-17T12:32:28.635000,61,,,
participant_22,3,day,Town10HD_Opt,2026-03-17 12:34:48.140216,-29.4065170288086,130.349609375,0.001891097985208,18.564,2.539,0.542,0.0,0,0,1,,0.812,2026-03-17T12:34:48.140216,neutral,0.976,2026-03-17T12:34:46.189666,0.4925377733147098,2026-03-17T12:32:28.635000,60,,,
participant_22,3,day,Town10HD_Opt,2026-03-17 12:34:49.250052,-34.02224349975586,129.51463317871094,0.0019879913888871,21.624,12.296,0.0,0.0,0,0,1,,0.87,2026-03-17T12:34:49.250052,happy,0.978,2026-03-17T12:34:49.250052,0.4682038732229722,2026-03-17T12:34:50.058000,56,,,
participant_22,3,day,Town10HD_Opt,2026-03-17 12:34:50.096738,-37.10035705566406,128.0681610107422,0.0019536209292709,16.852,14.813,0.0,0.0,0,0,1,,1.0,2026-03-17T12:34:50.096738,happy,0.978,2026-03-17T12:34:49.250052,0.5794934607084553,2026-03-17T12:34:51.048000,54,,,
participant_22,3,day,Town10HD_Opt,2026-03-17 12:34:51.223505,-39.63406753540039,125.82503509521484,0.002044181805104,12.008,15.563,0.0,0.0,0,0,1,,0.811,2026-03-17T12:34:51.223505,happy,0.978,2026-03-17T12:34:49.250052,0.641359116920754,2026-03-17T12:34:52.037000,55,,,
participant_22,3,day,Town10HD_Opt,2026-03-17 12:34:52.062855,-40.73004150390625,124.318603515625,0.0020135878585278,9.087,16.079,0.0,0.0,0,0,1,,1.0,2026-03-17T12:34:52.062855,happy,0.614,2026-03-17T12:34:52.062855,0.5218555714490845,2026-03-17T12:34:52.037000,56,,,
participant_22,3,day,Town10HD_Opt,2026-03-17 12:34:53.016360,-41.39935302734375,123.04878997802734,0.0019615553319454,8.044,16.302,0.461,0.0,0,0,1,,1.0,2026-03-17T12:34:53.016360,happy,0.614,2026-03-17T12:34:52.062855,0.5267883272004249,2026-03-17T12:34:53.076000,54,,,
participant_22,3,day,Town10HD_Opt,2026-03-17 12:34:54.237426,-42.261844635009766,120.29000091552734,0.001648788456805,18.656,16.836,0.675,0.0,0,0,1,,1.0,2026-03-17T12:34:54.237426,happy,0.824,2026-03-17T12:34:54.237426,0.5235367643055354,2026-03-17T12:34:55.052000,55,,,
participant_22,3,day,Town10HD_Opt,2026-03-17 12:34:55.137639,-42.45444869995117,116.65705108642578,0.001840095501393,24.573,11.742,0.586,0.0,0,0,1,,1.0,2026-03-17T12:34:55.137639,happy,0.824,2026-03-17T12:34:54.237426,0.565206131763897,2026-03-17T12:34:55.052000,55,,,
participant_22,3,day,Town10HD_Opt,2026-03-17 12:34:56.111162,-41.84603118896485,111.95230102539062,0.0018761062528938,29.955,-0.759,0.565,0.0,0,0,1,,1.0,2026-03-17T12:34:56.111162,happy,0.824,2026-03-17T12:34:54.237426,0.6201859500697611,2026-03-17T12:34:56.182000,55,,,
participant_22,3,day,Town10HD_Opt,2026-03-17 12:34:57.278540,-41.2165412902832,104.38829040527344,0.0019123458769172,35.482,-1.695,0.563,0.0,0,0,1,,1.0,2026-03-17T12:34:57.278540,happy,0.515,2026-03-17T12:34:57.278540,0.6627954285049,2026-03-17T12:34:58.023000,54,,,
participant_22,3,day,Town10HD_Opt,2026-03-17 12:34:58.140467,-41.19625473022461,97.89735412597656,0.0019443893106654,38.575,0.623,0.251,0.0,0,0,1,,1.0,2026-03-17T12:34:58.140467,happy,0.515,2026-03-17T12:34:57.278540,0.6168044986699647,2026-03-17T12:34:58.023000,56,,,
participant_22,3,day,Town10HD_Opt,2026-03-17 12:34:59.012752,-41.11490631103516,91.63091278076172,0.0022932814899832,31.474,0.385,0.186,0.0,0,0,1,,0.863,2026-03-17T12:34:59.012752,happy,0.515,2026-03-17T12:34:57.278540,0.6892884870372615,2026-03-17T12:34:59.238000,56,,,
participant_22,4,day,Town10HD_Opt,2026-03-17 12:45:00.000000,-41.66535186767578,86.27053833007812,0.0019412230467423,19.387,0.233,0.642,0.0,0,0,1,,1.0,2026-03-17T12:45:00,,,2026-03-17T12:45:00,0.420584139044748,2026-03-17T12:45:00,58,,,
participant_22,4,day,Town10HD_Opt,2026-03-17 12:45:00.384318,-41.65797805786133,85.08771514892578,0.0018870544154196,21.281,1.826,0.63,0.0,0,0,1,,1.0,2026-03-17T12:45:00,,,2026-03-17T12:45:00,0.4023924917313488,2026-03-17T12:45:00,60,,,
participant_22,4,day,Town10HD_Opt,2026-03-17 12:45:01.324275,-41.36641693115234,80.80606079101562,0.0018410872435197,27.993,5.184,0.611,0.0,0,0,1,,1.0,2026-03-17T12:45:01.324275,,,2026-03-17T12:45:00,0.5026325074289749,2026-03-17T12:45:01.035000,59,,,
participant_22,4,day,Town10HD_Opt,2026-03-17 12:45:02.301318,-40.24771499633789,75.60498046875,0.0018962096655741,33.099,17.598,0.561,0.0,0,0,1,,1.0,2026-03-17T12:45:02.301318,neutral,0.927,2026-03-17T12:45:02.301318,0.434934925414804,2026-03-17T12:45:02.114000,59,,,
participant_22,4,day,Town10HD_Opt,2026-03-17 12:45:03.315474,-36.69182968139648,70.90681457519531,0.0020344161894172,35.209,23.724,0.153,0.0,0,0,1,,1.0,2026-03-17T12:45:03.315474,neutral,0.927,2026-03-17T12:45:02.301318,0.4617674656887316,2026-03-17T12:45:03.018000,59,,,
participant_22,4,day,Town10HD_Opt,2026-03-17 12:45:04.284686,-31.47342872619629,69.204833984375,0.0023441696539521,27.652,14.643,0.0,0.0,0,0,1,,1.0,2026-03-17T12:45:04.284686,neutral,0.927,2026-03-17T12:45:02.301318,0.479050737115225,2026-03-17T12:45:04.045000,57,,,
participant_22,4,day,Town10HD_Opt,2026-03-17 12:45:05.275974,-27.20983123779297,69.48440551757812,0.002263565082103,20.91,-2.998,0.016,0.0,0,0,1,,1.0,2026-03-17T12:45:05.275974,neutral,1.0,2026-03-17T12:45:05.275974,0.4860052811218984,2026-03-17T12:45:04.994000,59,,,
participant_22,4,day,Town10HD_Opt,2026-03-17 12:45:06.311880,-23.904823303222656,69.66526794433594,0.0020949554163962,18.227,-1.201,0.535,0.0,0,0,1,,1.0,2026-03-17T12:45:06.311880,neutral,1.0,2026-03-17T12:45:05.275974,0.4560794858902577,2026-03-17T12:45:05.985000,60,,,
participant_22,4,day,Town10HD_Opt,2026-03-17 12:45:07.328789,-20.395248413085938,69.803466796875,0.0018781280377879,22.938,-0.672,0.563,0.0,0,0,1,,1.0,2026-03-17T12:45:07.328789,sad,1.0,2026-03-17T12:45:07.328789,0.4482913732293355,2026-03-17T12:45:07.110000,56,,,
participant_22,4,day,Town10HD_Opt,2026-03-17 12:45:08.317031,-15.99593734741211,69.91316223144531,0.001895370427519,27.626,-1.166,0.525,0.0,0,0,1,,1.0,2026-03-17T12:45:08.317031,sad,1.0,2026-03-17T12:45:07.328789,0.4467279713074085,2026-03-17T12:45:07.965000,59,,,
participant_22,4,day,Town10HD_Opt,2026-03-17 12:45:09.337526,-10.876935005187988,69.9230728149414,0.0019303893204778,31.125,-0.679,0.476,0.0,0,0,1,,1.0,2026-03-17T12:45:09.337526,neutral,0.999,2026-03-17T12:45:09.337526,0.4477976453200244,2026-03-17T12:45:09.134000,59,,,
participant_22,4,day,Town10HD_Opt,2026-03-17 12:45:10.069450,-7.2571234703063965,69.8839340209961,0.0020787429530173,30.254,-0.266,0.224,0.0,0,0,1,,1.0,2026-03-17T12:45:10.069450,neutral,0.999,2026-03-17T12:45:09.337526,0.4361104836083015,2026-03-17T12:45:10.124000,59,,,
participant_22,4,day,Town10HD_Opt,2026-03-17 12:45:11.071322,-2.2257204055786133,69.79931640625,0.0021475600078701,26.99,-0.266,0.211,0.0,0,0,1,,0.83,2026-03-17T12:45:11.071322,neutral,0.999,2026-03-17T12:45:09.337526,0.4821748270222918,2026-03-17T12:45:11.024000,61,,,
participant_22,4,day,Town10HD_Opt,2026-03-17 12:45:12.085005,2.245624542236328,69.69524383544922,0.002142600947991,23.871,-0.16,0.0,0.0,0,0,1,,1.0,2026-03-17T12:45:12.085005,neutral,1.0,2026-03-17T12:45:12.085005,0.4674201508278731,2026-03-17T12:45:11.972000,58,,,
participant_22,4,day,Town10HD_Opt,2026-03-17 12:45:13.318047,7.023569107055664,69.57662963867188,0.0019536209292709,16.974,0.237,0.114,0.0,0,0,1,,1.0,2026-03-17T12:45:13.318047,neutral,1.0,2026-03-17T12:45:12.085005,0.52708207511563,2026-03-17T12:45:13.230000,57,,,
participant_22,4,day,Town10HD_Opt,2026-03-17 12:45:14.242884,10.104168891906738,69.5138931274414,0.0020735550206154,18.866,0.294,0.289,0.0,0,0,1,,1.0,2026-03-17T12:45:14.242884,neutral,0.983,2026-03-17T12:45:14.242884,0.5395471433236902,2026-03-17T12:45:13.948000,57,,,
participant_22,4,day,Town10HD_Opt,2026-03-17 12:45:15.303983,13.393377304077148,69.475341796875,0.0020882415119558,18.055,1.142,0.195,0.0,0,0,1,,1.0,2026-03-17T12:45:15.303983,neutral,0.983,2026-03-17T12:45:14.242884,0.5536465124094924,2026-03-17T12:45:15.007000,57,,,
participant_22,4,day,Town10HD_Opt,2026-03-17 12:45:16.292107,16.436073303222656,69.4974365234375,0.0020005034748464,15.276,0.693,0.0,0.0,0,0,1,,1.0,2026-03-17T12:45:16.292107,neutral,1.0,2026-03-17T12:45:16.292107,0.6058673584814542,2026-03-17T12:45:15.930000,57,,,
participant_22,4,day,Town10HD_Opt,2026-03-17 12:45:17.306689,18.85161399841309,69.5351333618164,0.0020231246016919,12.08,0.371,0.194,0.0,0,0,1,,1.0,2026-03-17T12:45:17.306689,neutral,1.0,2026-03-17T12:45:16.292107,0.5759105991403758,2026-03-17T12:45:17.504000,58,,,
participant_22,4,day,Town10HD_Opt,2026-03-17 12:45:18.274109,20.88062286376953,69.57501983642578,0.0019981383811682,10.333,0.371,0.0,0.0,0,0,1,,1.0,2026-03-17T12:45:18.274109,neutral,1.0,2026-03-17T12:45:16.292107,0.6119879121629175,2026-03-17T12:45:18.179000,60,,,
participant_22,4,day,Town10HD_Opt,2026-03-17 12:45:19.260863,22.475297927856445,69.61241149902344,0.002014274476096,7.534,0.371,0.0,0.059,0,0,1,,1.0,2026-03-17T12:45:19.260863,neutral,1.0,2026-03-17T12:45:19.260863,0.6154067911858728,2026-03-17T12:45:18.946000,60,,,
participant_22,4,day,Town10HD_Opt,2026-03-17 12:45:20.215405,23.56921768188477,69.64112091064453,0.002073211595416,0.0,0.371,0.0,0.053,0,0,1,,1.0,2026-03-17T12:45:20.215405,neutral,1.0,2026-03-17T12:45:19.260863,0.6154332553319715,2026-03-17T12:45:20.114000,57,,,
participant_22,4,day,Town10HD_Opt,2026-03-17 12:45:21.243761,23.58170890808105,69.64147186279297,0.0019443893106654,0.003,0.39,0.449,0.0,0,0,1,,1.0,2026-03-17T12:45:21.243761,neutral,1.0,2026-03-17T12:45:19.260863,0.7300165547585237,2026-03-17T12:45:21.330000,62,,,
participant_22,4,day,Town10HD_Opt,2026-03-17 12:45:22.253246,24.15588760375977,69.65795135498047,0.0015340042300522,9.884,0.435,0.939,0.0,0,0,1,,1.0,2026-03-17T12:45:22.253246,neutral,1.0,2026-03-17T12:45:22.253246,0.6460520916186493,2026-03-17T12:45:22.409000,62,,,
participant_22,4,day,Town10HD_Opt,2026-03-17 12:45:23.264736,26.955411911010746,69.74398803710938,0.0018121337052434,21.674,-1.892,0.83,0.0,0,0,1,,1.0,2026-03-17T12:45:23.264736,neutral,1.0,2026-03-17T12:45:22.253246,0.6998115272555252,2026-03-17T12:45:23.130000,64,,,
participant_22,4,day,Town10HD_Opt,2026-03-17 12:45:24.245459,31.4995231628418,69.52024841308594,0.0017820739885792,30.527,-11.921,0.628,0.0,0,0,1,,1.0,2026-03-17T12:45:24.245459,neutral,1.0,2026-03-17T12:45:22.253246,0.6435108295219699,2026-03-17T12:45:23.985000,64,Vehicle-pedestrian collision,Vehicle-pedestrian collision,
participant_22,4,day,Town10HD_Opt,2026-03-17 12:45:25.271707,36.88298797607422,67.65276336669922,0.0019435500726103,34.725,-13.083,0.427,0.0,0,0,1,,1.0,2026-03-17T12:45:25.271707,neutral,0.995,2026-03-17T12:45:25.271707,0.7327127660907098,2026-03-17T12:45:25.020000,63,,,
participant_22,4,day,Town10HD_Opt,2026-03-17 12:45:26.258413,41.60848236083984,63.90972137451172,0.0021011352073401,33.946,-11.989,0.323,0.0,0,0,1,,0.836,2026-03-17T12:45:26.258413,neutral,0.995,2026-03-17T12:45:25.271707,0.6476229999399324,2026-03-17T12:45:26.144000,63,,,
participant_22,4,day,Town10HD_Opt,2026-03-17 12:45:27.226846,44.38484191894531,59.246952056884766,0.0023240661248564,27.267,-18.651,0.0,0.0,0,0,1,,1.0,2026-03-17T12:45:27.226846,neutral,0.995,2026-03-17T12:45:25.271707,0.5737496604865944,2026-03-17T12:45:26.954000,63,,,
participant_22,4,day,Town10HD_Opt,2026-03-17 12:45:28.206417,44.93974685668945,55.08843994140625,0.0022761535365134,20.563,-12.277,0.0,0.0,0,0,1,,1.0,2026-03-17T12:45:28.206417,neutral,0.903,2026-03-17T12:45:28.206417,0.5889245643497097,2026-03-17T12:45:27.945000,63,,,
participant_22,4,day,Town10HD_Opt,2026-03-17 12:45:29.196134,44.639408111572266,51.92240905761719,0.0020082474220544,15.839,-3.32,0.0,0.0,0,0,1,,1.0,2026-03-17T12:45:29.196134,neutral,0.903,2026-03-17T12:45:28.206417,0.5735606677570178,2026-03-17T12:45:28.979000,64,,,
participant_22,4,day,Town10HD_Opt,2026-03-17 12:45:30.188052,44.33828353881836,49.47758102416992,0.0019464110955595,12.122,1.318,0.0,0.0,0,0,1,,1.0,2026-03-17T12:45:30.188052,neutral,0.903,2026-03-17T12:45:28.206417,0.6352955661530886,2026-03-17T12:45:29.975000,62,,,
participant_22,4,day,Town10HD_Opt,2026-03-17 12:45:31.146027,44.15442657470703,47.59818649291992,0.0020068739540874,9.263,1.782,0.0,0.003,0,0,1,,1.0,2026-03-17T12:45:31.146027,neutral,1.0,2026-03-17T12:45:31.146027,0.564053955393589,2026-03-17T12:45:30.962000,60,,,
participant_22,4,day,Town10HD_Opt,2026-03-17 12:45:32.091757,44.04210662841797,46.19367599487305,0.0019876861479133,6.605,1.845,0.0,0.041,0,0,1,,1.0,2026-03-17T12:45:32.091757,neutral,1.0,2026-03-17T12:45:31.146027,0.4496808924255146,2026-03-17T12:45:31.949000,61,,,
participant_22,4,day,Town10HD_Opt,2026-03-17 12:45:33.283528,43.95505142211914,44.85466384887695,0.0019642256665974,4.775,1.711,0.0,0.0,0,0,1,,1.0,2026-03-17T12:45:33.283528,neutral,0.999,2026-03-17T12:45:33.283528,0.483310503277815,2026-03-17T12:45:32.985000,59,,,
participant_22,4,day,Town10HD_Opt,2026-03-17 12:45:34.235547,43.91059875488281,44.11468505859375,0.0019657134544104,3.424,0.907,0.2,0.0,0,0,1,,1.0,2026-03-17T12:45:34.235547,neutral,0.999,2026-03-17T12:45:33.283528,0.4885604812792328,2026-03-17T12:45:34.019000,59,,,
participant_22,4,day,Town10HD_Opt,2026-03-17 12:45:35.180458,43.84703063964844,43.00678253173828,0.0015094756381586,13.203,1.168,0.973,0.0,0,0,1,,1.0,2026-03-17T12:45:35.180458,neutral,0.999,2026-03-17T12:45:33.283528,0.5625810892845954,2026-03-17T12:45:34.965000,59,,,
participant_22,4,day,Town10HD_Opt,2026-03-17 12:45:36.274200,43.7495346069336,39.67432022094727,0.001706504728645,25.368,8.186,0.795,0.0,0,0,1,,1.0,2026-03-17T12:45:36.274200,neutral,1.0,2026-03-17T12:45:36.274200,0.469357136010758,2026-03-17T12:45:35.955000,57,,,
participant_22,4,day,Town10HD_Opt,2026-03-17 12:45:37.224926,44.67400741577149,34.53936004638672,0.0017687606159597,34.462,15.103,0.661,0.0,0,0,1,,1.0,2026-03-17T12:45:37.224926,neutral,1.0,2026-03-17T12:45:36.274200,0.5786612630179946,2026-03-17T12:45:37.125000,57,,,
participant_22,4,day,Town10HD_Opt,2026-03-17 12:45:38.201190,48.05628204345703,29.36823463439941,0.002171134809032,34.359,16.515,0.0,0.0,0,0,1,,1.0,2026-03-17T12:45:38.201190,neutral,1.0,2026-03-17T12:45:36.274200,0.5758752151721794,2026-03-17T12:45:37.934000,59,,,
participant_22,4,day,Town10HD_Opt,2026-03-17 12:45:39.145409,52.55647277832031,26.70188331604004,0.0023290251847356,25.927,13.804,0.0,0.0,0,0,1,,1.0,2026-03-17T12:45:39.145409,neutral,0.995,2026-03-17T12:45:39.145409,0.5121828920054186,2026-03-17T12:45:39.015000,57,,,
participant_22,4,day,Town10HD_Opt,2026-03-17 12:45:40.124940,56.49067687988281,25.900081634521484,0.0022083281073719,20.696,9.887,0.263,0.0,0,0,1,,1.0,2026-03-17T12:45:40.124940,neutral,0.995,2026-03-17T12:45:39.145409,0.508773008285607,2026-03-17T12:45:40.004000,58,,,
participant_22,4,day,Town10HD_Opt,2026-03-17 12:45:41.078469,59.89984893798828,25.687084197998047,0.0021400833502411,18.059,0.508,0.112,0.0,0,0,1,,1.0,2026-03-17T12:45:41.078469,neutral,0.995,2026-03-17T12:45:39.145409,0.4646695660675126,2026-03-17T12:45:40.995000,58,,,
participant_22,4,day,Town10HD_Opt,2026-03-17 12:45:42.354191,64.0566177368164,25.53989601135254,0.0019447326194494,16.813,0.289,0.0,0.0,0,0,1,,0.81,2026-03-17T12:45:42.354191,neutral,0.999,2026-03-17T12:45:42.354191,0.4926300384045002,2026-03-17T12:45:41.985000,60,,,
participant_22,4,day,Town10HD_Opt,2026-03-17 12:45:43.300409,66.62977600097656,25.465951919555664,0.0020747375674545,12.308,-1.003,0.0,0.223,0,0,1,,1.0,2026-03-17T12:45:43.300409,neutral,0.999,2026-03-17T12:45:42.354191,0.4303336384355997,2026-03-17T12:45:43.110000,56,,,
participant_22,4,day,Town10HD_Opt,2026-03-17 12:45:44.208710,68.38098907470703,25.39192771911621,0.0020481108222156,7.635,-0.989,0.0,0.143,0,0,1,,1.0,2026-03-17T12:45:44.208710,neutral,0.999,2026-03-17T12:45:42.354191,0.4943625380954826,2026-03-17T12:45:43.967000,57,,,
participant_22,4,day,Town10HD_Opt,2026-03-17 12:45:45.157838,69.39667510986328,25.342697143554688,0.0023704909253865,0.0,-0.642,0.0,0.102,0,0,1,,1.0,2026-03-17T12:45:45.157838,neutral,1.0,2026-03-17T12:45:45.157838,0.3427139356884704,2026-03-17T12:45:45.002000,55,,,
participant_22,4,day,Town10HD_Opt,2026-03-17 12:45:46.063167,69.39720916748047,25.342660903930664,0.001938018715009,0.0,-0.392,0.0,0.009,0,0,1,,1.0,2026-03-17T12:45:46.063167,neutral,1.0,2026-03-17T12:45:45.157838,0.4022530619965077,2026-03-17T12:45:46.304000,58,,,
participant_22,4,day,Town10HD_Opt,2026-03-17 12:45:47.076632,69.39728546142578,25.342660903930664,0.0019204712007194,0.0,1.011,0.0,0.0,0,0,1,,1.0,2026-03-17T12:45:47.076632,neutral,1.0,2026-03-17T12:45:45.157838,0.3369527187905428,2026-03-17T12:45:47.026000,60,,,
participant_22,4,day,Town10HD_Opt,2026-03-17 12:45:48.257850,69.3970947265625,25.34382057189941,0.0028397368732839,0.023,0.663,0.0,0.0,0,0,1,,1.0,2026-03-17T12:45:48.257850,neutral,0.999,2026-03-17T12:45:48.257850,0.3131159034709475,2026-03-17T12:45:48.061000,59,,,errors=Vehicle collision
participant_22,4,day,Town10HD_Opt,2026-03-17 12:45:49.237798,69.39639282226562,25.34478759765625,0.0057052229531109,0.005,0.653,0.0,0.0,0,0,1,,1.0,2026-03-17T12:45:49.237798,neutral,0.999,2026-03-17T12:45:48.257850,0.344670666115397,2026-03-17T12:45:49.232000,63,Vehicle collision,Vehicle collision,
participant_22,4,day,Town10HD_Opt,2026-03-17 12:45:50.168104,69.86164093017578,25.30793190002441,0.0032794189173728,6.848,0.653,0.806,0.0,0,0,1,,0.832,2026-03-17T12:45:50.168104,neutral,0.999,2026-03-17T12:45:48.257850,0.2950668334368524,2026-03-17T12:45:50.130000,62,,,
participant_22,4,day,Town10HD_Opt,2026-03-17 12:45:51.153675,71.74654388427734,25.164213180541992,0.0025133132003247,15.501,0.653,0.979,0.0,0,0,1,,0.838,2026-03-17T12:45:51.153675,neutral,0.999,2026-03-17T12:45:51.153675,0.2496163289153193,2026-03-17T12:45:51.349000,60,,,errors=Vehicle collision
participant_22,4,day,Town10HD_Opt,2026-03-17 12:45:52.137152,75.00212860107422,24.92348289489746,0.0019242477137595,21.831,0.653,0.968,0.0,0,0,1,,0.839,2026-03-17T12:45:52.137152,neutral,0.999,2026-03-17T12:45:51.153675,0.323117332631562,2026-03-17T12:45:52.471000,61,,,
participant_22,4,day,Town10HD_Opt,2026-03-17 12:45:53.084250,79.49284362792969,24.77812767028809,0.002403526334092,31.286,0.86,0.867,0.0,0,0,1,,1.0,2026-03-17T12:45:53.084250,neutral,0.999,2026-03-17T12:45:51.153675,0.2232620746624458,2026-03-17T12:45:53.505000,61,,,
participant_22,4,day,Town10HD_Opt,2026-03-17 12:45:54.301795,87.08245086669922,25.15501976013184,0.0022357939742505,28.847,-2.97,0.118,0.0,0,0,1,,1.0,2026-03-17T12:45:54.301795,neutral,1.0,2026-03-17T12:45:54.301795,0.1555640019452893,2026-03-17T12:45:54.134000,60,,,
participant_22,4,day,Town10HD_Opt,2026-03-17 12:45:55.272863,91.775634765625,24.97013664245605,0.0021313475444912,25.499,-11.0,0.296,0.0,0,0,1,,1.0,2026-03-17T12:45:55.272863,neutral,1.0,2026-03-17T12:45:54.301795,0.2188488113136321,2026-03-17T12:45:54.945000,58,,,
participant_22,4,day,Town10HD_Opt,2026-03-17 12:45:56.209335,95.89057159423828,23.66517448425293,0.0021012115757912,24.328,-16.99,0.356,0.0,0,0,1,,1.0,2026-03-17T12:45:56.209335,neutral,1.0,2026-03-17T12:45:54.301795,0.2048617927937036,2026-03-17T12:45:56.025000,59,,,
participant_22,4,day,Town10HD_Opt,2026-03-17 12:45:57.157569,99.30176544189452,21.14289093017578,0.0020570755004882,24.395,-10.562,0.35,0.0,0,0,1,,1.0,2026-03-17T12:45:57.157569,neutral,1.0,2026-03-17T12:45:57.157569,0.2047824440780669,2026-03-17T12:45:56.971000,57,,,
participant_22,4,day,Town10HD_Opt,2026-03-17 12:45:58.347450,102.86038208007812,16.732927322387695,0.0046013640239834,24.342,-8.582,0.339,0.0,0,0,1,,1.0,2026-03-17T12:45:58.347450,neutral,1.0,2026-03-17T12:45:57.157569,0.202381017487071,2026-03-17T12:45:57.960000,58,,,
participant_22,4,day,Town10HD_Opt,2026-03-17 12:45:59.289115,104.6259765625,12.89680004119873,0.0019021987682208,25.033,-12.604,0.821,0.0,0,0,1,,1.0,2026-03-17T12:45:59.289115,neutral,1.0,2026-03-17T12:45:59.289115,0.181533844934394,2026-03-17T12:45:59.175000,58,,,
participant_22,4,day,Town10HD_Opt,2026-03-17 12:46:00.297836,105.67321014404295,7.714914321899414,0.0015982437180355,37.89,-3.714,1.0,0.0,0,0,1,,1.0,2026-03-17T12:46:00.297836,neutral,1.0,2026-03-17T12:45:59.289115,0.1700143998184564,2026-03-17T12:46:00.030000,57,,,
participant_22,4,day,Town10HD_Opt,2026-03-17 12:46:01.275347,106.33106231689452,-0.0457124710083007,0.0015618514735251,52.606,-1.92,0.0,0.229,0,0,1,,1.0,2026-03-17T12:46:01.275347,neutral,1.0,2026-03-17T12:45:59.289115,0.1359452394238089,2026-03-17T12:46:00.930000,58,,,
participant_22,4,day,Town10HD_Opt,2026-03-17 12:46:02.269703,106.4570770263672,-8.872549057006836,0.0019998550415039,50.751,0.282,0.0,0.0,0,0,1,,1.0,2026-03-17T12:46:02.269703,neutral,1.0,2026-03-17T12:46:02.269703,0.1060096565017249,2026-03-17T12:46:01.965000,57,,,
participant_22,4,day,Town10HD_Opt,2026-03-17 12:46:03.254132,106.50524139404295,-17.644548416137695,0.0020127487368881,50.491,-1.528,0.83,0.0,0,0,1,,0.829,2026-03-17T12:46:03.254132,neutral,1.0,2026-03-17T12:46:02.269703,0.1928215648554028,2026-03-17T12:46:03.180000,58,,,
participant_22,4,day,Town10HD_Opt,2026-03-17 12:46:04.134200,106.2239227294922,-26.39268684387207,0.002062072744593,49.727,-2.076,0.809,0.0,0,0,1,,1.0,2026-03-17T12:46:04.134200,neutral,1.0,2026-03-17T12:46:02.269703,0.0787098208528916,2026-03-17T12:46:03.946000,59,,,
participant_22,4,day,Town10HD_Opt,2026-03-17 12:46:05.338449,104.35431671142578,-37.8341064453125,0.0019577406346797,50.687,-7.663,0.788,0.0,0,0,1,,1.0,2026-03-17T12:46:05.338449,neutral,1.0,2026-03-17T12:46:05.338449,0.1407025548031969,2026-03-17T12:46:05.115000,58,,,
participant_22,4,day,Town10HD_Opt,2026-03-17 12:46:06.285104,100.61185455322266,-45.66951370239258,0.0020368576515465,49.433,-4.374,0.897,0.0,0,0,1,,1.0,2026-03-17T12:46:06.285104,neutral,1.0,2026-03-17T12:46:05.338449,0.0931828019771082,2026-03-17T12:46:05.970000,59,,,
participant_22,4,day,Town10HD_Opt,2026-03-17 12:46:07.191018,95.3285903930664,-52.62657165527344,0.0020172882359474,50.152,-6.417,1.0,0.0,0,0,1,,0.836,2026-03-17T12:46:07.191018,neutral,1.0,2026-03-17T12:46:05.338449,0.1331347766098784,2026-03-17T12:46:06.960000,59,,,
participant_22,4,day,Town10HD_Opt,2026-03-17 12:46:08.122193,88.5662612915039,-58.18300247192383,0.0020494079217314,50.202,-6.028,0.924,0.0,0,0,1,,1.0,2026-03-17T12:46:08.122193,neutral,0.998,2026-03-17T12:46:08.122193,0.1355002254845221,2026-03-17T12:46:08.041000,56,,,
participant_22,4,day,Town10HD_Opt,2026-03-17 12:46:09.338025,77.790283203125,-62.66482162475586,0.0018459319835528,52.132,-4.32,0.0,0.213,0,0,1,,1.0,2026-03-17T12:46:09.338025,neutral,0.998,2026-03-17T12:46:08.122193,0.2013387640384616,2026-03-17T12:46:09.120000,57,,,
participant_22,4,day,Town10HD_Opt,2026-03-17 12:46:10.344786,69.11882781982422,-64.16545104980469,0.0018824386643245,52.138,-2.292,0.0,0.214,0,0,1,,1.0,2026-03-17T12:46:10.344786,neutral,1.0,2026-03-17T12:46:10.344786,0.1802473106292536,2026-03-17T12:46:09.930000,57,,,
participant_22,4,day,Town10HD_Opt,2026-03-17 12:46:11.294267,60.37164306640625,-64.75334167480469,0.0019330214709043,51.371,-0.933,0.0,0.137,0,0,1,,1.0,2026-03-17T12:46:11.294267,neutral,1.0,2026-03-17T12:46:10.344786,0.1258783579425585,2026-03-17T12:46:10.966000,58,,,
participant_22,4,day,Town10HD_Opt,2026-03-17 12:46:12.261201,51.66474151611328,-64.90290069580078,0.001975402701646,50.178,-0.884,0.687,0.0,0,0,1,,1.0,2026-03-17T12:46:12.261201,neutral,1.0,2026-03-17T12:46:10.344786,0.0781762387565916,2026-03-17T12:46:12.135000,58,,,
participant_22,4,day,Town10HD_Opt,2026-03-17 12:46:13.201449,43.0008544921875,-64.8013916015625,0.0021135329734534,48.118,0.721,0.481,0.0,0,0,1,,1.0,2026-03-17T12:46:13.201449,neutral,1.0,2026-03-17T12:46:13.201449,0.1359516581169137,2026-03-17T12:46:13.035000,59,,,
participant_22,4,day,Town10HD_Opt,2026-03-17 12:46:14.185667,34.66073226928711,-64.77985382080078,0.0020869825966656,46.998,-0.458,0.428,0.0,0,0,1,,1.0,2026-03-17T12:46:14.185667,neutral,1.0,2026-03-17T12:46:13.201449,0.1130792021854466,2026-03-17T12:46:13.936000,60,,,
participant_22,4,day,Town10HD_Opt,2026-03-17 12:46:15.098901,26.562049865722656,-64.67530059814453,0.0020995712839066,45.28,0.045,0.314,0.0,0,0,1,,1.0,2026-03-17T12:46:15.098901,neutral,1.0,2026-03-17T12:46:13.201449,0.0807471493245055,2026-03-17T12:46:15.015000,58,,,
participant_22,4,day,Town10HD_Opt,2026-03-17 12:46:16.096073,19.2591495513916,-64.56745147705078,0.0023461531382054,36.518,0.247,0.0,0.0,0,0,1,,1.0,2026-03-17T12:46:16.096073,neutral,1.0,2026-03-17T12:46:16.096073,0.0645486662845312,2026-03-17T12:46:16.095000,58,,,
participant_22,4,day,Town10HD_Opt,2026-03-17 12:46:17.069098,13.548672676086426,-64.51602172851562,0.0023064422421157,28.214,0.315,0.0,0.0,0,0,1,,1.0,2026-03-17T12:46:17.069098,neutral,1.0,2026-03-17T12:46:16.096073,0.0854729069000744,2026-03-17T12:46:16.951000,56,,,
participant_22,4,day,Town10HD_Opt,2026-03-17 12:46:18.290106,7.965943336486816,-64.51158905029297,0.0022481156047433,19.361,-0.146,0.0,0.0,0,0,1,,1.0,2026-03-17T12:46:18.290106,neutral,1.0,2026-03-17T12:46:18.290106,0.0911810235610082,2026-03-17T12:46:17.941000,56,,,
participant_22,4,day,Town10HD_Opt,2026-03-17 12:46:19.301438,4.781659126281738,-64.50822448730469,0.0020862577948719,18.731,0.092,0.838,0.0,0,0,1,,1.0,2026-03-17T12:46:19.301438,neutral,1.0,2026-03-17T12:46:18.290106,0.0783977491984435,2026-03-17T12:46:19.066000,56,,,
participant_22,4,day,Town10HD_Opt,2026-03-17 12:46:20.258797,0.6344618797302246,-64.52033233642578,0.0016552733723074,30.319,0.289,0.813,0.0,0,0,1,,1.0,2026-03-17T12:46:20.258797,neutral,1.0,2026-03-17T12:46:18.290106,0.02,2026-03-17T12:46:20.055000,57,,,
participant_22,4,day,Town10HD_Opt,2026-03-17 12:46:21.220243,-5.016425609588623,-64.56925201416016,0.0021589659154415,30.294,0.176,0.0,0.0,0,0,1,,1.0,2026-03-17T12:46:21.220243,neutral,1.0,2026-03-17T12:46:21.220243,0.0840277271165033,2026-03-17T12:46:21.136000,56,,,
participant_22,4,day,Town10HD_Opt,2026-03-17 12:46:22.170905,-9.74074649810791,-64.6325912475586,0.002268829382956,23.128,0.176,0.0,0.0,0,0,1,,1.0,2026-03-17T12:46:22.170905,neutral,1.0,2026-03-17T12:46:21.220243,0.0250052847142513,2026-03-17T12:46:21.991000,58,,,
participant_22,4,day,Town10HD_Opt,2026-03-17 12:46:23.093742,-13.305557250976562,-64.69456481933594,0.0020475005730986,17.508,0.176,0.0,0.0,0,0,1,,1.0,2026-03-17T12:46:23.093742,neutral,1.0,2026-03-17T12:46:21.220243,0.042848817363217,2026-03-17T12:46:23.070000,57,,,
participant_22,4,day,Town10HD_Opt,2026-03-17 12:46:24.306691,-16.810161590576172,-64.76803588867188,0.002036819467321,12.378,0.176,0.0,0.0,0,0,1,,1.0,2026-03-17T12:46:24.306691,neutral,1.0,2026-03-17T12:46:24.306691,0.02,2026-03-17T12:46:24.016000,55,,,
participant_22,4,day,Town10HD_Opt,2026-03-17 12:46:25.232973,-18.73851776123047,-64.81364440917969,0.0020099638495594,9.508,0.176,0.0,0.0,0,0,1,,1.0,2026-03-17T12:46:25.232973,neutral,1.0,2026-03-17T12:46:24.306691,0.0592057711141275,2026-03-17T12:46:25.051000,54,,,
participant_22,4,day,Town10HD_Opt,2026-03-17 12:46:26.171288,-20.219215393066406,-64.8511734008789,0.001989021198824,7.194,0.176,0.0,0.0,0,0,1,,1.0,2026-03-17T12:46:26.171288,neutral,1.0,2026-03-17T12:46:24.306691,0.0950537401131209,2026-03-17T12:46:26.086000,55,,,
participant_22,4,day,Town10HD_Opt,2026-03-17 12:46:27.102806,-21.35599899291992,-64.88150787353516,0.0019728087354451,5.605,0.176,0.0,0.0,0,0,1,,1.0,2026-03-17T12:46:27.102806,neutral,0.998,2026-03-17T12:46:27.102806,0.1165660912076319,2026-03-17T12:46:27.031000,55,,,
participant_22,4,day,Town10HD_Opt,2026-03-17 12:46:28.245569,-22.471967697143555,-64.91258239746094,0.0019567869603633,3.826,0.176,0.0,0.0,0,0,1,,1.0,2026-03-17T12:46:28.245569,neutral,0.998,2026-03-17T12:46:27.102806,0.1972853034619298,2026-03-17T12:46:27.930000,56,,,
participant_22,4,day,Town10HD_Opt,2026-03-17 12:46:29.195010,-23.08542251586914,-64.9301986694336,0.0019480895716696,3.025,0.176,0.0,0.0,0,0,1,,1.0,2026-03-17T12:46:29.195010,neutral,1.0,2026-03-17T12:46:29.195010,0.1621301389224214,2026-03-17T12:46:29.055000,53,,,
participant_22,4,day,Town10HD_Opt,2026-03-17 12:46:30.120625,-23.556360244750977,-64.94398498535156,0.0019413756672292,2.322,0.176,0.0,0.0,0,0,1,,1.0,2026-03-17T12:46:30.120625,neutral,1.0,2026-03-17T12:46:29.195010,0.1985796080349174,2026-03-17T12:46:30.360000,56,,,
participant_22,4,day,Town10HD_Opt,2026-03-17 12:46:31.280784,-24.23341941833496,-64.96398162841797,0.0016004561912268,8.386,0.176,0.952,0.0,0,0,1,,1.0,2026-03-17T12:46:31.280784,neutral,1.0,2026-03-17T12:46:31.280784,0.2327038400125305,2026-03-17T12:46:30.947000,54,,,
participant_22,4,day,Town10HD_Opt,2026-03-17 12:46:32.192457,-26.89924049377441,-65.05355834960938,0.0017271422548219,22.45,0.493,1.0,0.0,0,0,1,,1.0,2026-03-17T12:46:32.192457,neutral,1.0,2026-03-17T12:46:31.280784,0.2880505777813802,2026-03-17T12:46:32.116000,55,,,
participant_22,4,day,Town10HD_Opt,2026-03-17 12:46:33.124834,-32.13074493408203,-65.26644134521484,0.0015123748453333,38.814,0.007,1.0,0.0,0,0,1,,1.0,2026-03-17T12:46:33.124834,neutral,1.0,2026-03-17T12:46:31.280784,0.269322315000666,2026-03-17T12:46:33.016000,55,,,
participant_22,4,day,Town10HD_Opt,2026-03-17 12:46:34.341260,-43.13551330566406,-65.7388687133789,0.00195690151304,50.653,0.019,0.0,0.124,0,0,1,,1.0,2026-03-17T12:46:34.341260,neutral,0.978,2026-03-17T12:46:34.341260,0.3279569379465107,2026-03-17T12:46:33.961000,57,,,
participant_22,4,day,Town10HD_Opt,2026-03-17 12:46:35.273321,-51.75332260131836,-66.11803436279297,0.0018354033818468,51.77,0.038,0.0,0.177,0,0,1,,1.0,2026-03-17T12:46:35.273321,neutral,0.978,2026-03-17T12:46:34.341260,0.3000836976440864,2026-03-17T12:46:35.029000,53,,,
participant_22,4,day,Town10HD_Opt,2026-03-17 12:46:36.180368,-60.49123001098633,-66.50434875488281,0.0018816374940797,51.775,-0.665,0.0,0.163,0,0,1,,1.0,2026-03-17T12:46:36.180368,neutral,0.978,2026-03-17T12:46:34.341260,0.3369600211393423,2026-03-17T12:46:36.030000,54,,,
participant_22,4,day,Town10HD_Opt,2026-03-17 12:46:37.082441,-69.20122528076172,-66.67586517333984,0.0019321822328493,51.243,-2.791,0.0,0.124,0,0,1,,1.0,2026-03-17T12:46:37.082441,neutral,1.0,2026-03-17T12:46:37.082441,0.3308675800229808,2026-03-17T12:46:37.291000,53,,,
participant_22,4,day,Town10HD_Opt,2026-03-17 12:46:38.340750,-80.83402252197266,-65.24861907958984,0.001958503620699,50.756,-7.047,0.0,0.0,0,0,1,,1.0,2026-03-17T12:46:38.340750,neutral,1.0,2026-03-17T12:46:37.082441,0.3543680187933151,2026-03-17T12:46:38.011000,57,,,
participant_22,4,day,Town10HD_Opt,2026-03-17 12:46:39.314119,-88.8005142211914,-61.76890182495117,0.0019271849887445,50.932,-6.128,0.0,0.0,0,0,1,,1.0,2026-03-17T12:46:39.314119,neutral,0.999,2026-03-17T12:46:39.314119,0.381594339624908,2026-03-17T12:46:38.958000,58,,,
participant_22,4,day,Town10HD_Opt,2026-03-17 12:46:40.220103,-95.6519546508789,-56.438133239746094,0.0018954466795548,51.276,-4.534,0.0,0.128,0,0,1,,1.0,2026-03-17T12:46:40.220103,neutral,0.999,2026-03-17T12:46:39.314119,0.3946208658638265,2026-03-17T12:46:40.126000,57,,,
participant_22,4,day,Town10HD_Opt,2026-03-17 12:46:41.202128,-101.38191223144533,-49.83357238769531,0.0018424605950713,52.31,-4.44,0.0,0.235,0,0,1,,1.0,2026-03-17T12:46:41.202128,neutral,0.999,2026-03-17T12:46:39.314119,0.3286110516553728,2026-03-17T12:46:40.984000,58,,,
participant_22,4,day,Town10HD_Opt,2026-03-17 12:46:42.190305,-105.7894515991211,-42.29572677612305,0.0019019698956981,51.782,-4.627,0.0,0.131,0,0,1,,1.0,2026-03-17T12:46:42.190305,neutral,0.999,2026-03-17T12:46:42.190305,0.3874110156305665,2026-03-17T12:46:41.970000,58,,,
participant_22,4,day,Town10HD_Opt,2026-03-17 12:46:43.137334,-108.73416137695312,-34.06269836425781,0.002005310030654,50.32,-3.877,0.719,0.0,0,0,1,,1.0,2026-03-17T12:46:43.137334,neutral,0.999,2026-03-17T12:46:42.190305,0.339064246328029,2026-03-17T12:46:42.961000,59,,,
participant_22,4,day,Town10HD_Opt,2026-03-17 12:46:44.090138,-110.23794555664062,-25.59561920166016,0.0022782515734434,45.634,-3.745,0.0,0.0,0,0,1,,1.0,2026-03-17T12:46:44.090138,neutral,0.999,2026-03-17T12:46:42.190305,0.3870835333262579,2026-03-17T12:46:44.175000,58,,,
participant_22,4,day,Town10HD_Opt,2026-03-17 12:46:45.349477,-110.51278686523438,-16.681575775146484,0.002395172137767,30.451,1.375,0.0,0.349,0,0,1,,1.0,2026-03-17T12:46:45.349477,neutral,0.997,2026-03-17T12:46:45.349477,0.361961653521383,2026-03-17T12:46:45.121000,58,,,
participant_22,4,day,Town10HD_Opt,2026-03-17 12:46:46.313045,-110.61014556884766,-12.11060905456543,0.0023356245364993,21.227,-1.093,0.0,0.315,0,0,1,,1.0,2026-03-17T12:46:46.313045,neutral,0.997,2026-03-17T12:46:45.349477,0.3249172986982624,2026-03-17T12:46:46.065000,59,,,
participant_22,4,day,Town10HD_Opt,2026-03-17 12:46:47.272889,-110.64607238769533,-8.946698188781738,0.0020365142263472,15.411,-1.523,0.068,0.0,0,0,1,,1.0,2026-03-17T12:46:47.272889,neutral,0.997,2026-03-17T12:46:45.349477,0.3778757132637527,2026-03-17T12:46:46.962000,58,,,
participant_22,4,day,Town10HD_Opt,2026-03-17 12:46:48.205828,-110.6310806274414,-5.931390762329102,0.001851386972703,22.377,0.625,1.0,0.0,0,0,1,,1.0,2026-03-17T12:46:48.205828,neutral,1.0,2026-03-17T12:46:48.205828,0.2996437032647288,2026-03-17T12:46:48.135000,59,,,
participant_22,4,day,Town10HD_Opt,2026-03-17 12:46:49.218001,-110.67585754394533,-0.7109928131103516,0.0015340042300522,39.152,0.308,0.937,0.0,0,0,1,,1.0,2026-03-17T12:46:49.218001,neutral,1.0,2026-03-17T12:46:48.205828,0.3473714780654983,2026-03-17T12:46:48.947000,59,,,
participant_22,4,day,Town10HD_Opt,2026-03-17 12:46:50.186118,-110.74854278564452,7.001806259155273,0.0016696548555046,49.623,-3.938,0.69,0.0,0,0,1,,1.0,2026-03-17T12:46:50.186118,neutral,1.0,2026-03-17T12:46:48.205828,0.3691420399447706,2026-03-17T12:46:49.981000,59,,,
participant_22,4,day,Town10HD_Opt,2026-03-17 12:46:51.167661,-109.22698211669922,15.373476028442385,0.002376785269007,43.319,-16.955,0.0,0.0,0,0,1,,1.0,2026-03-17T12:46:51.167661,neutral,0.999,2026-03-17T12:46:51.167661,0.3643606120863101,2026-03-17T12:46:51.015000,58,,,
participant_22,4,day,Town10HD_Opt,2026-03-17 12:46:52.254730,-104.9605712890625,20.39014434814453,0.0024018478579819,32.549,-11.646,0.0,0.0,0,0,1,,1.0,2026-03-17T12:46:52.254730,neutral,0.999,2026-03-17T12:46:51.167661,0.2987573757716055,2026-03-17T12:46:51.961000,59,,,
participant_22,4,day,Town10HD_Opt,2026-03-17 12:46:53.324054,-100.14307403564452,22.87206649780273,0.0018829726614058,34.373,-9.938,0.969,0.0,0,0,1,,1.0,2026-03-17T12:46:53.324054,neutral,0.997,2026-03-17T12:46:53.324054,0.3584772360901257,2026-03-17T12:46:53.040000,58,,,
participant_22,4,day,Town10HD_Opt,2026-03-17 12:46:54.087729,-95.83175659179688,23.96560287475586,0.0016860198229551,41.981,-4.735,0.391,0.0,0,0,1,,1.0,2026-03-17T12:46:54.087729,neutral,0.997,2026-03-17T12:46:53.324054,0.3335090960409574,2026-03-17T12:46:53.988000,59,,,
participant_22,4,day,Town10HD_Opt,2026-03-17 12:46:55.121593,-88.337890625,24.97592544555664,0.0017764281947165,47.519,-0.9,1.0,0.0,0,0,1,,1.0,2026-03-17T12:46:55.121593,neutral,0.997,2026-03-17T12:46:53.324054,0.363429137572911,2026-03-17T12:46:54.976000,61,,,
participant_22,4,day,Town10HD_Opt,2026-03-17 12:46:56.158167,-79.59014892578125,25.77286720275879,0.0021966171916574,48.358,-0.475,0.966,0.0,0,0,1,,1.0,2026-03-17T12:46:56.158167,neutral,0.997,2026-03-17T12:46:56.158167,0.3399727524671368,2026-03-17T12:46:56.371000,58,,,
participant_22,4,day,Town10HD_Opt,2026-03-17 12:46:57.117913,-70.83345794677734,26.37302589416504,0.0021925354376435,48.696,-0.505,1.0,0.0,0,0,1,,1.0,2026-03-17T12:46:57.117913,neutral,0.997,2026-03-17T12:46:56.158167,0.3686823457749563,2026-03-17T12:46:56.371000,58,,,
participant_22,4,day,Town10HD_Opt,2026-03-17 12:46:58.067860,-62.0010871887207,26.79226493835449,0.0021579742897301,49.104,-0.498,0.973,0.0,0,0,1,,1.0,2026-03-17T12:46:58.067860,neutral,0.997,2026-03-17T12:46:56.158167,0.3744897486846067,2026-03-17T12:46:56.371000,58,,,
participant_22,4,day,Town10HD_Opt,2026-03-17 12:46:59.336552,-50.368309020996094,27.058263778686523,0.0021708679851144,48.927,-0.498,0.911,0.0,0,0,1,,1.0,2026-03-17T12:46:59.336552,neutral,0.992,2026-03-17T12:46:59.336552,0.3810921359961406,2026-03-17T12:46:56.371000,60,,,
participant_22,4,day,Town10HD_Opt,2026-03-17 12:47:00.332491,-41.59101486206055,27.04767608642578,0.0021500778384506,49.237,-0.026,0.891,0.0,0,0,1,,1.0,2026-03-17T12:47:00.332491,neutral,0.992,2026-03-17T12:46:59.336552,0.3873891387800031,2026-03-17T12:46:56.371000,60,,,
participant_22,4,day,Town10HD_Opt,2026-03-17 12:47:01.283064,-32.7906379699707,26.960336685180664,0.0021534727420657,49.369,0.073,1.0,0.0,0,0,1,,1.0,2026-03-17T12:47:01.283064,neutral,0.992,2026-03-17T12:46:59.336552,0.3752903289409629,2026-03-17T12:46:56.371000,59,,,
participant_22,4,day,Town10HD_Opt,2026-03-17 12:47:02.244396,-23.973886489868164,26.892337799072266,0.0022198485676199,48.334,0.073,0.953,0.0,0,0,1,,1.0,2026-03-17T12:47:02.244396,neutral,1.0,2026-03-17T12:47:02.244396,0.3443073764835754,2026-03-17T12:46:56.371000,59,,,
participant_22,4,day,Town10HD_Opt,2026-03-17 12:47:03.203410,-15.216958999633787,26.84381484985352,0.0022018051240593,48.34,-0.089,0.911,0.0,0,0,1,,1.0,2026-03-17T12:47:03.203410,neutral,1.0,2026-03-17T12:47:02.244396,0.3474180417658903,2026-03-17T12:46:56.371000,60,,,
participant_22,4,day,Town10HD_Opt,2026-03-17 12:47:04.123327,-6.478229999542236,26.771041870117188,0.0021740722004324,48.716,-0.115,0.873,0.0,0,0,1,,1.0,2026-03-17T12:47:04.123327,neutral,1.0,2026-03-17T12:47:02.244396,0.3444690726484259,2026-03-17T12:46:56.371000,61,,,
participant_22,4,day,Town10HD_Opt,2026-03-17 12:47:05.339561,5.065928936004639,26.61075782775879,0.0021589279640465,47.146,-0.136,0.0,0.0,0,0,1,,1.0,2026-03-17T12:47:05.339561,neutral,0.998,2026-03-17T12:47:05.339561,0.3613418208237703,2026-03-17T12:46:56.371000,60,,,
participant_22,4,day,Town10HD_Opt,2026-03-17 12:47:06.259448,12.528103828430176,26.471662521362305,0.0023664855398237,37.075,0.416,0.0,0.016,0,0,1,,1.0,2026-03-17T12:47:06.259448,neutral,0.998,2026-03-17T12:47:05.339561,0.374066781606115,2026-03-17T12:46:56.371000,60,,,
participant_22,4,day,Town10HD_Opt,2026-03-17 12:47:07.181523,18.32229423522949,26.4326171875,0.0023109053727239,28.631,1.434,0.0,0.0,0,0,1,,1.0,2026-03-17T12:47:07.181523,neutral,0.998,2026-03-17T12:47:05.339561,0.3198565437023391,2026-03-17T12:46:56.371000,60,,,
participant_22,4,day,Town10HD_Opt,2026-03-17 12:47:08.123847,22.76409339904785,26.56814384460449,0.0022640989627689,21.708,2.73,0.0,0.0,0,0,1,,1.0,2026-03-17T12:47:08.123847,neutral,1.0,2026-03-17T12:47:08.123847,0.2817754303710431,2026-03-17T12:46:56.371000,61,,,
participant_22,4,day,Town10HD_Opt,2026-03-17 12:47:09.178155,26.09993553161621,26.867387771606445,0.0019668578170239,16.59,3.947,0.007,0.0,0,0,1,,1.0,2026-03-17T12:47:09.178155,neutral,1.0,2026-03-17T12:47:08.123847,0.4088895365153249,2026-03-17T12:46:56.371000,60,,,
participant_22,4,day,Town10HD_Opt,2026-03-17 12:47:10.147824,28.664072036743164,27.29550170898437,0.002033157274127,12.97,5.86,0.019,0.0,0,0,1,,1.0,2026-03-17T12:47:10.147824,neutral,0.98,2026-03-17T12:47:10.147824,0.3191502738058112,2026-03-17T12:46:56.371000,60,,,
participant_22,4,day,Town10HD_Opt,2026-03-17 12:47:11.125409,30.643707275390625,27.79496955871582,0.0019955444149672,10.297,6.201,0.04,0.0,0,0,1,,1.0,2026-03-17T12:47:11.125409,neutral,0.98,2026-03-17T12:47:10.147824,0.29666491096574,2026-03-17T12:46:56.371000,60,,,
participant_22,4,day,Town10HD_Opt,2026-03-17 12:47:12.354044,33.026329040527344,28.61351585388184,0.0017991255735978,13.091,8.904,0.318,0.0,0,0,1,,1.0,2026-03-17T12:47:12.354044,neutral,0.999,2026-03-17T12:47:12.354044,0.3999913768074009,2026-03-17T12:46:56.371000,58,,,
participant_22,4,day,Town10HD_Opt,2026-03-17 12:47:13.136344,34.5289421081543,29.355932235717773,0.0017319869948551,17.186,15.62,0.829,0.0,0,0,1,,1.0,2026-03-17T12:47:13.136344,neutral,0.999,2026-03-17T12:47:12.354044,0.307953912744474,2026-03-17T12:46:56.371000,58,,,
participant_22,4,day,Town10HD_Opt,2026-03-17 12:47:14.115299,37.361141204833984,31.78276824951172,0.0017670821398496,26.946,21.603,0.783,0.0,0,0,1,,1.0,2026-03-17T12:47:14.115299,neutral,0.999,2026-03-17T12:47:12.354044,0.3522196402762461,2026-03-17T12:46:56.371000,60,,,
participant_22,4,day,Town10HD_Opt,2026-03-17 12:47:15.132631,39.59666442871094,36.595340728759766,0.0018663787050172,34.332,15.009,0.514,0.0,0,0,1,,1.0,2026-03-17T12:47:15.132631,neutral,0.998,2026-03-17T12:47:15.132631,0.3613353337525603,2026-03-17T12:46:56.371000,60,,,
participant_22,4,day,Town10HD_Opt,2026-03-17 12:47:16.169671,40.11050796508789,42.49152374267578,0.0022175216581672,31.006,1.055,0.0,0.0,0,0,1,,1.0,2026-03-17T12:47:16.169671,neutral,0.998,2026-03-17T12:47:15.132631,0.4432837530498836,2026-03-17T12:46:56.371000,60,,,
participant_22,4,day,Town10HD_Opt,2026-03-17 12:47:17.135217,40.25371170043945,47.24370956420898,0.0023274230770766,22.35,0.139,0.0,0.333,0,0,1,,1.0,2026-03-17T12:47:17.135217,neutral,0.998,2026-03-17T12:47:17.135217,0.3660003781349507,2026-03-17T12:46:56.371000,59,,,
participant_22,4,day,Town10HD_Opt,2026-03-17 12:47:18.336642,40.357513427734375,51.37265396118164,0.0020992278587073,13.112,1.137,0.0,0.301,0,0,1,,1.0,2026-03-17T12:47:18.336642,neutral,0.998,2026-03-17T12:47:17.135217,0.3787293692202278,2026-03-17T12:46:56.371000,60,,,
participant_22,4,day,Town10HD_Opt,2026-03-17 12:47:19.304921,40.36910629272461,53.25727844238281,0.0020442199893295,8.706,0.757,0.0,0.0,0,0,1,,1.0,2026-03-17T12:47:19.304921,neutral,0.999,2026-03-17T12:47:19.304921,0.3647277644805715,2026-03-17T12:46:56.371000,59,,,
participant_22,4,day,Town10HD_Opt,2026-03-17 12:47:20.257557,40.38556671142578,55.03256607055664,0.001574287423864,15.93,-2.6,0.985,0.0,0,0,1,,1.0,2026-03-17T12:47:20.257557,neutral,0.999,2026-03-17T12:47:19.304921,0.2939662774271807,2026-03-17T12:46:56.371000,58,,,
participant_22,4,day,Town10HD_Opt,2026-03-17 12:47:21.159849,40.66976547241211,58.83203125,0.0016096878098323,29.2,-8.105,0.902,0.0,0,0,1,,1.0,2026-03-17T12:47:21.159849,neutral,0.999,2026-03-17T12:47:19.304921,0.3588541726954289,2026-03-17T12:46:56.371000,60,,,
participant_22,4,day,Town10HD_Opt,2026-03-17 12:47:22.360494,44.0521240234375,66.48189544677734,0.0017734909197315,43.323,-19.467,0.84,0.0,0,0,1,,1.0,2026-03-17T12:47:22.360494,neutral,1.0,2026-03-17T12:47:22.360494,0.3924956297941723,2026-03-17T12:46:56.371000,59,,,
participant_22,4,day,Town10HD_Opt,2026-03-17 12:47:23.255058,51.13447189331055,70.1923599243164,0.0018754195189103,49.505,-15.233,0.713,0.0,0,0,1,,1.0,2026-03-17T12:47:23.255058,neutral,1.0,2026-03-17T12:47:22.360494,0.3332807293171678,2026-03-17T12:46:56.371000,63,,,
participant_22,4,day,Town10HD_Opt,2026-03-17 12:47:24.177880,59.7900505065918,69.76881408691406,0.0021090316586196,48.741,2.633,0.421,0.0,0,0,1,,1.0,2026-03-17T12:47:24.177880,neutral,1.0,2026-03-17T12:47:22.360494,0.3501503637027218,2026-03-17T12:46:56.371000,61,,,errors=Solid line crossing
participant_22,4,day,Town10HD_Opt,2026-03-17 12:47:25.084796,67.96259307861328,68.83442687988281,0.0022935485467314,42.788,4.806,0.0,0.0,0,0,1,,1.0,2026-03-17T12:47:25.084796,neutral,0.996,2026-03-17T12:47:25.084796,0.3185408652573225,2026-03-17T12:46:56.371000,58,,,
participant_22,4,day,Town10HD_Opt,2026-03-17 12:47:26.364691,76.33854675292969,69.24562072753906,0.0023743438068777,28.538,-0.233,0.0,0.3,0,0,1,,1.0,2026-03-17T12:47:26.364691,neutral,0.996,2026-03-17T12:47:25.084796,0.4131934306731545,2026-03-17T12:46:56.371000,60,,,
participant_22,4,day,Town10HD_Opt,2026-03-17 12:47:27.285498,80.602294921875,69.63390350341797,0.0023188018240034,19.413,-1.102,0.0,0.316,0,0,1,,1.0,2026-03-17T12:47:27.285498,neutral,1.0,2026-03-17T12:47:27.285498,0.3785543815360362,2026-03-17T12:46:56.371000,60,,,
participant_22,4,day,Town10HD_Opt,2026-03-17 12:47:28.153325,83.50094604492188,69.8376235961914,0.0021133422851562,12.549,-0.618,0.0,0.44,0,0,1,,1.0,2026-03-17T12:47:28.153325,neutral,1.0,2026-03-17T12:47:27.285498,0.423070089433666,2026-03-17T12:46:56.371000,60,,,
participant_22,4,day,Town10HD_Opt,2026-03-17 12:47:29.074827,85.26222229003906,69.94859313964844,0.0021187209058552,6.713,-0.468,0.0,0.556,0,0,1,,1.0,2026-03-17T12:47:29.074827,neutral,1.0,2026-03-17T12:47:27.285498,0.3047656496098025,2026-03-17T12:46:56.371000,59,,,
participant_22,4,day,Town10HD_Opt,2026-03-17 12:47:30.249212,85.51071166992188,69.9636459350586,0.0019449614919722,0.0,-0.233,0.0,0.465,0,0,1,,1.0,2026-03-17T12:47:30.249212,neutral,1.0,2026-03-17T12:47:30.249212,0.3219309042053608,2026-03-17T12:46:56.371000,60,,,
participant_22,4,day,Town10HD_Opt,2026-03-17 12:47:31.123378,85.5107421875,69.9636459350586,0.0019202422117814,0.0,2.21,0.0,0.0,0,0,1,,1.0,2026-03-17T12:47:31.123378,neutral,1.0,2026-03-17T12:47:30.249212,0.381581255297501,2026-03-17T12:46:56.371000,60,,,
participant_22,4,day,Town10HD_Opt,2026-03-17 12:47:32.286755,85.58978271484375,69.97441101074219,0.0019017410231754,0.905,9.507,0.874,0.0,0,0,1,,1.0,2026-03-17T12:47:32.286755,neutral,1.0,2026-03-17T12:47:32.286755,0.4500381954341717,2026-03-17T12:46:56.371000,59,,,
participant_22,4,day,Town10HD_Opt,2026-03-17 12:47:33.165636,86.89723205566406,70.20716857910156,0.0014053344493731,16.385,10.478,1.0,0.0,0,0,1,,1.0,2026-03-17T12:47:33.165636,neutral,1.0,2026-03-17T12:47:32.286755,0.353812296813639,2026-03-17T12:46:56.371000,60,,,
participant_22,4,day,Town10HD_Opt,2026-03-17 12:47:34.361383,92.37348175048828,72.1802749633789,0.0015481949085369,35.763,13.355,0.941,0.0,0,0,1,,1.0,2026-03-17T12:47:34.361383,neutral,0.998,2026-03-17T12:47:34.361383,0.3556679815659156,2026-03-17T12:46:56.371000,60,,,
participant_22,4,day,Town10HD_Opt,2026-03-17 12:47:35.284743,97.56658172607422,77.01618957519531,0.0017073821509256,46.938,18.503,0.915,0.0,0,0,1,,1.0,2026-03-17T12:47:35.284743,neutral,0.998,2026-03-17T12:47:34.361383,0.314049006909664,2026-03-17T12:46:56.371000,59,,,
participant_22,4,day,Town10HD_Opt,2026-03-17 12:47:36.182818,99.52678680419922,85.37451171875,0.0021231842692941,48.843,4.584,0.909,0.0,0,0,1,,1.0,2026-03-17T12:47:36.182818,neutral,0.998,2026-03-17T12:47:34.361383,0.3685598877206263,2026-03-17T12:46:56.371000,59,,,
participant_22,4,day,Town10HD_Opt,2026-03-17 12:47:37.107577,98.81839752197266,94.1551284790039,0.0021760177332907,48.651,-1.034,0.894,0.0,0,0,1,,1.0,2026-03-17T12:47:37.107577,neutral,1.0,2026-03-17T12:47:37.107577,0.3940271782877003,2026-03-17T12:46:56.371000,59,,,
participant_22,4,day,Town10HD_Opt,2026-03-17 12:47:38.353897,97.17131805419922,105.58499145507812,0.0021327589638531,48.828,6.663,0.984,0.0,0,0,1,,1.0,2026-03-17T12:47:38.353897,neutral,1.0,2026-03-17T12:47:37.107577,0.4093405776397531,2026-03-17T12:46:56.371000,60,,,
participant_22,4,day,Town10HD_Opt,2026-03-17 12:47:39.252173,93.4603042602539,113.53990173339844,0.0022620009258389,47.444,4.291,1.0,0.0,0,0,1,,1.0,2026-03-17T12:47:39.252173,neutral,0.997,2026-03-17T12:47:39.252173,0.3533480115836822,2026-03-17T12:46:56.371000,59,,,
participant_22,4,day,Town10HD_Opt,2026-03-17 12:47:40.203052,88.24812316894531,120.56871795654295,0.0021535491105169,48.795,6.462,0.981,0.0,0,0,1,,1.0,2026-03-17T12:47:40.203052,neutral,0.997,2026-03-17T12:47:39.252173,0.3246566632688072,2026-03-17T12:46:56.371000,60,,,
participant_22,4,day,Town10HD_Opt,2026-03-17 12:47:41.069015,81.49916076660156,126.1270751953125,0.002000655978918,51.233,7.368,0.0,0.123,0,0,1,,1.0,2026-03-17T12:47:41.069015,neutral,0.997,2026-03-17T12:47:39.252173,0.3613756906055755,2026-03-17T12:46:56.371000,58,,,
participant_22,4,day,Town10HD_Opt,2026-03-17 12:47:42.255555,70.70674133300781,130.50965881347656,0.0021881102584302,48.762,4.551,1.0,0.0,0,0,1,,1.0,2026-03-17T12:47:42.255555,neutral,0.897,2026-03-17T12:47:42.255555,0.361436844633743,2026-03-17T12:46:56.371000,60,Solid line crossing,Solid line crossing,
participant_22,4,day,Town10HD_Opt,2026-03-17 12:47:43.160028,62.0340461730957,131.8818359375,0.0021937561687082,48.573,4.459,1.0,0.0,0,0,1,,1.0,2026-03-17T12:47:43.160028,neutral,0.897,2026-03-17T12:47:42.255555,0.4168692376887892,2026-03-17T12:46:56.371000,60,,,
participant_22,4,day,Town10HD_Opt,2026-03-17 12:47:44.346103,50.39864730834961,132.06898498535156,0.002024192828685,50.618,-0.545,1.0,0.0,0,0,1,,1.0,2026-03-17T12:47:44.346103,neutral,0.999,2026-03-17T12:47:44.346103,0.4245353354645205,2026-03-17T12:46:56.371000,60,,,
participant_22,4,day,Town10HD_Opt,2026-03-17 12:47:45.263238,41.60719680786133,132.3148956298828,0.0020244598854333,50.679,0.409,1.0,0.0,0,0,1,,1.0,2026-03-17T12:47:45.263238,neutral,0.999,2026-03-17T12:47:44.346103,0.3402211182632215,2026-03-17T12:46:56.371000,61,,,
participant_22,4,day,Town10HD_Opt,2026-03-17 12:47:46.167646,32.80645751953125,132.43397521972656,0.0020262526813894,50.105,0.414,1.0,0.0,0,0,1,,1.0,2026-03-17T12:47:46.167646,neutral,0.999,2026-03-17T12:47:44.346103,0.431241020479181,2026-03-17T12:46:56.371000,58,,,
participant_22,4,day,Town10HD_Opt,2026-03-17 12:47:47.345789,21.065629959106445,132.3981170654297,0.0019664764404296,50.382,0.052,0.537,0.0,0,0,1,,1.0,2026-03-17T12:47:47.345789,neutral,0.991,2026-03-17T12:47:47.345789,0.4183044776444404,2026-03-17T12:46:56.371000,59,,,
participant_22,4,day,Town10HD_Opt,2026-03-17 12:47:48.233443,12.812353134155272,132.33465576171875,0.0022724531590938,43.17,0.035,0.202,0.0,0,0,1,,1.0,2026-03-17T12:47:48.233443,neutral,0.991,2026-03-17T12:47:47.345789,0.3578934256172081,2026-03-17T12:46:56.371000,62,,,
participant_22,4,day,Town10HD_Opt,2026-03-17 12:47:49.214609,5.908196926116943,132.2705535888672,0.0023387526161968,34.465,0.035,0.0,0.0,0,0,1,,1.0,2026-03-17T12:47:49.214609,neutral,0.991,2026-03-17T12:47:47.345789,0.403442280563741,2026-03-17T12:46:56.371000,59,,,
participant_22,4,day,Town10HD_Opt,2026-03-17 12:47:50.145111,0.521729052066803,132.21498107910156,0.0022959518246352,26.118,-0.127,0.0,0.0,0,0,1,,1.0,2026-03-17T12:47:50.145111,neutral,0.999,2026-03-17T12:47:50.145111,0.3220338593560166,2026-03-17T12:46:56.371000,59,,,
participant_22,4,day,Town10HD_Opt,2026-03-17 12:47:51.202031,-3.587240219116211,132.18002319335938,0.0022537994664162,19.932,-0.148,0.0,0.0,0,0,1,,1.0,2026-03-17T12:47:51.202031,neutral,0.999,2026-03-17T12:47:50.145111,0.3158009486926404,2026-03-17T12:46:56.371000,60,,,
participant_22,4,day,Town10HD_Opt,2026-03-17 12:47:52.104651,-6.693109512329102,132.16294860839844,0.0020191192161291,15.184,-0.148,0.0,0.0,0,0,1,,1.0,2026-03-17T12:47:52.104651,neutral,0.999,2026-03-17T12:47:50.145111,0.4231720931484983,2026-03-17T12:46:56.371000,60,,,
participant_22,4,day,Town10HD_Opt,2026-03-17 12:47:53.280809,-9.763509750366213,132.15402221679688,0.0020112609490752,11.131,-0.148,0.211,0.0,0,0,1,,1.0,2026-03-17T12:47:53.280809,neutral,0.999,2026-03-17T12:47:53.280809,0.3650137268966392,2026-03-17T12:46:56.371000,59,,,
participant_22,4,day,Town10HD_Opt,2026-03-17 12:47:54.209821,-11.837188720703123,132.15234375,0.0018350600730627,13.315,-0.148,0.336,0.0,0,0,1,,1.0,2026-03-17T12:47:54.209821,neutral,0.999,2026-03-17T12:47:53.280809,0.3633423105712551,2026-03-17T12:46:56.371000,60,,,
participant_22,4,day,Town10HD_Opt,2026-03-17 12:47:55.090489,-14.24028491973877,132.15463256835938,0.0019350051879882,13.87,-0.157,0.925,0.0,0,0,1,,1.0,2026-03-17T12:47:55.090489,neutral,0.999,2026-03-17T12:47:53.280809,0.3627612883659348,2026-03-17T12:46:56.371000,59,,,
participant_22,4,day,Town10HD_Opt,2026-03-17 12:47:56.341147,-19.24937629699707,132.17257690429688,0.0015208434779196,32.334,-0.045,0.999,0.0,0,0,1,,1.0,2026-03-17T12:47:56.341147,neutral,0.998,2026-03-17T12:47:56.341147,0.3241065559943842,2026-03-17T12:46:56.371000,60,,,
participant_22,4,day,Town10HD_Opt,2026-03-17 12:47:57.323081,-26.074317932128903,131.8970489501953,0.0015889739152044,46.551,9.114,0.946,0.0,0,0,1,,1.0,2026-03-17T12:47:57.323081,neutral,0.998,2026-03-17T12:47:56.341147,0.3098891619731897,2026-03-17T12:46:56.371000,59,,,
participant_22,4,day,Town10HD_Opt,2026-03-17 12:47:58.301082,-34.2855110168457,129.2187957763672,0.0021779250819236,47.918,12.263,0.934,0.0,0,0,1,,1.0,2026-03-17T12:47:58.301082,neutral,0.998,2026-03-17T12:47:56.341147,0.3191753196978686,2026-03-17T12:46:56.371000,60,,,
participant_22,4,day,Town10HD_Opt,2026-03-17 12:47:59.226400,-40.41938781738281,123.18502044677734,0.0021065901964902,48.832,15.226,0.927,0.0,0,0,1,,1.0,2026-03-17T12:47:59.226400,neutral,0.996,2026-03-17T12:47:59.226400,0.3968201134762633,2026-03-17T12:46:56.371000,59,,,
participant_22,4,day,Town10HD_Opt,2026-03-17 12:48:00.221920,-42.64129257202149,114.91600036621094,0.0019319152925163,50.946,4.893,0.0,0.0,0,0,1,,1.0,2026-03-17T12:48:00.221920,neutral,0.996,2026-03-17T12:47:59.226400,0.4004750714964518,2026-03-17T12:46:56.371000,60,,,
participant_22,4,day,Town10HD_Opt,2026-03-17 12:48:01.193613,-42.49617004394531,106.26333618164062,0.0019896316807717,49.983,-2.546,0.528,0.0,0,0,1,,1.0,2026-03-17T12:48:01.193613,neutral,0.996,2026-03-17T12:47:59.226400,0.4264568807215474,2026-03-17T12:46:56.371000,60,,,
participant_22,4,day,Town10HD_Opt,2026-03-17 12:48:02.112354,-42.93846130371094,97.71207427978516,0.0023022459354251,44.575,-0.938,0.0,0.0,0,0,1,,1.0,2026-03-17T12:48:02.112354,neutral,0.998,2026-03-17T12:48:02.112354,0.3049544640950312,2026-03-17T12:48:01.945000,63,,,
participant_22,4,day,Town10HD_Opt,2026-03-17 12:48:03.088489,-43.58164596557617,90.7632827758789,0.0023274230770766,35.154,0.106,0.227,0.0,0,0,1,,1.0,2026-03-17T12:48:03.088489,neutral,0.998,2026-03-17T12:48:02.112354,0.3630952212921787,2026-03-17T12:48:02.979000,61,,,
participant_22,4,day,Town10HD_Opt,2026-03-17 12:48:04.321650,-43.86634826660156,82.93024444580078,0.0020009230356663,34.337,8.625,0.687,0.0,0,0,1,,1.0,2026-03-17T12:48:04.321650,neutral,0.99,2026-03-17T12:48:04.321650,0.4098405204720554,2026-03-17T12:48:03.969000,63,,,
participant_22,4,day,Town10HD_Opt,2026-03-17 12:48:05.284728,-42.31128692626953,76.57042694091797,0.0017763137584552,42.787,14.256,0.814,0.0,0,0,1,,1.0,2026-03-17T12:48:05.284728,neutral,0.99,2026-03-17T12:48:04.321650,0.3611233011481441,2026-03-17T12:48:05.009000,61,,,
participant_22,4,day,Town10HD_Opt,2026-03-17 12:48:06.306936,-37.34165573120117,70.54632568359375,0.0018877410329878,48.052,21.017,0.675,0.0,0,0,1,,1.0,2026-03-17T12:48:06.306936,neutral,0.99,2026-03-17T12:48:04.321650,0.3826260852057495,2026-03-17T12:48:05.994000,61,,,
participant_22,4,day,Town10HD_Opt,2026-03-17 12:48:07.342373,-29.38672065734864,68.94956970214844,0.0021106719505041,46.256,6.319,0.42,0.0,0,0,1,,1.0,2026-03-17T12:48:07.342373,neutral,0.989,2026-03-17T12:48:07.342373,0.3895354944663031,2026-03-17T12:48:06.984000,61,,,
participant_22,4,day,Town10HD_Opt,2026-03-17 12:48:08.314884,-21.54085350036621,70.1377944946289,0.0021474456880241,43.544,-4.841,0.261,0.0,0,0,1,,1.0,2026-03-17T12:48:08.314884,neutral,0.989,2026-03-17T12:48:07.342373,0.3621128662429478,2026-03-17T12:48:08.289000,58,,,errors=Solid line crossing
participant_22,4,day,Town10HD_Opt,2026-03-17 12:48:09.299603,-14.296746253967283,70.46414947509766,0.0021852874197065,38.809,-1.775,0.263,0.0,0,0,1,,1.0,2026-03-17T12:48:09.299603,neutral,0.989,2026-03-17T12:48:07.342373,0.3578795274728519,2026-03-17T12:48:09.099000,60,,,
participant_22,4,day,Town10HD_Opt,2026-03-17 12:48:10.289268,-7.751583099365234,70.337158203125,0.0021038055419921,36.52,-0.604,0.541,0.0,0,0,1,,1.0,2026-03-17T12:48:10.289268,neutral,1.0,2026-03-17T12:48:10.289268,0.4106065915578594,2026-03-17T12:48:10,60,,,
participant_22,4,day,Town10HD_Opt,2026-03-17 12:48:11.213842,-1.188324213027954,70.01615142822266,0.0019756315741688,38.73,0.653,0.499,0.0,0,0,1,,1.0,2026-03-17T12:48:11.213842,neutral,1.0,2026-03-17T12:48:10.289268,0.3382683238997644,2026-03-17T12:48:11.079000,59,,,
participant_22,4,day,Town10HD_Opt,2026-03-17 12:48:12.179566,5.496570110321045,69.7731704711914,0.0022314072120934,35.089,0.04,0.0,0.0,0,0,1,,1.0,2026-03-17T12:48:12.179566,neutral,1.0,2026-03-17T12:48:10.289268,0.3776623159840209,2026-03-17T12:48:12.069000,58,,,
participant_22,4,day,Town10HD_Opt,2026-03-17 12:48:13.144370,10.978073120117188,69.5953598022461,0.0022961043287068,27.053,0.75,0.0,0.0,0,0,1,,1.0,2026-03-17T12:48:13.144370,neutral,0.998,2026-03-17T12:48:13.144370,0.3769910271521894,2026-03-17T12:48:13.149000,57,,,
participant_22,4,day,Town10HD_Opt,2026-03-17 12:48:14.110177,15.16344165802002,69.53824615478516,0.0022607040591537,19.932,0.646,0.0,0.052,0,0,1,,1.0,2026-03-17T12:48:14.110177,neutral,0.998,2026-03-17T12:48:13.144370,0.4108859879251802,2026-03-17T12:48:14.049000,58,,,
participant_22,4,day,Town10HD_Opt,2026-03-17 12:48:15.074220,18.28743934631348,69.53801727294922,0.0020268631633371,14.995,0.646,0.0,0.072,0,0,1,,1.0,2026-03-17T12:48:15.074220,neutral,0.998,2026-03-17T12:48:13.144370,0.4263239090466514,2026-03-17T12:48:14.995000,58,,,
participant_22,4,day,Town10HD_Opt,2026-03-17 12:48:16.343512,21.260501861572266,69.57035827636719,0.0020327377133071,10.192,0.62,0.0,0.037,0,0,1,,1.0,2026-03-17T12:48:16.343512,neutral,0.979,2026-03-17T12:48:16.343512,0.3862930033842561,2026-03-17T12:48:16.029000,57,,,
participant_22,4,day,Town10HD_Opt,2026-03-17 12:48:17.348862,22.80422592163086,69.59928894042969,0.0020133589860051,7.259,0.618,0.0,0.044,0,0,1,,1.0,2026-03-17T12:48:17.348862,neutral,0.979,2026-03-17T12:48:16.343512,0.3465828073241362,2026-03-17T12:48:17.023000,58,,,
participant_22,4,day,Town10HD_Opt,2026-03-17 12:48:18.333993,23.812973022460938,69.62203979492188,0.0022953413426876,0.0,0.618,0.0,0.04,0,0,1,,1.0,2026-03-17T12:48:18.333993,neutral,0.979,2026-03-17T12:48:16.343512,0.3412215889795581,2026-03-17T12:48:18.144000,59,,,
participant_22,4,day,Town10HD_Opt,2026-03-17 12:48:19.366951,23.818639755249023,69.62217712402344,0.0019294356461614,0.605,0.618,0.657,0.0,0,0,1,,1.0,2026-03-17T12:48:19.366951,neutral,0.998,2026-03-17T12:48:19.366951,0.4525950631749886,2026-03-17T12:48:19.181000,60,,,
participant_22,4,day,Town10HD_Opt,2026-03-17 12:48:20.272767,24.733428955078125,69.6476821899414,0.0015630340203642,11.236,0.618,0.632,0.0,0,0,1,,1.0,2026-03-17T12:48:20.272767,neutral,0.998,2026-03-17T12:48:19.366951,0.4374835225499566,2026-03-17T12:48:19.993000,59,,,
participant_22,4,day,Town10HD_Opt,2026-03-17 12:48:21.218574,27.186248779296875,69.71173095703125,0.0017878722865134,16.127,-2.41,0.373,0.0,0,0,1,,1.0,2026-03-17T12:48:21.218574,neutral,0.998,2026-03-17T12:48:19.366951,0.4664673372390917,2026-03-17T12:48:20.980000,59,,,
participant_22,4,day,Town10HD_Opt,2026-03-17 12:48:22.174437,30.191869735717773,69.56603240966797,0.002067451365292,18.286,-7.813,0.355,0.0,0,0,1,,1.0,2026-03-17T12:48:22.174437,neutral,0.99,2026-03-17T12:48:22.174437,0.4560461678250574,2026-03-17T12:48:21.973000,58,,,
participant_22,4,day,Town10HD_Opt,2026-03-17 12:48:23.122075,33.3543815612793,68.9903564453125,0.0019603348337113,20.379,-8.942,0.986,0.0,0,0,1,,1.0,2026-03-17T12:48:23.122075,neutral,0.99,2026-03-17T12:48:22.174437,0.5794827083130321,2026-03-17T12:48:23.005000,57,,,
participant_22,4,day,Town10HD_Opt,2026-03-17 12:48:24.321090,39.64154815673828,66.03275299072266,0.0015821075066924,40.813,-16.637,0.99,0.0,0,0,1,,1.0,2026-03-17T12:48:24.321090,neutral,0.988,2026-03-17T12:48:24.321090,0.554382608641679,2026-03-17T12:48:23.950000,56,,,
participant_22,4,day,Town10HD_Opt,2026-03-17 12:48:25.266138,44.44182205200195,59.57305908203125,0.0014985656598582,51.213,-12.468,0.0,0.126,0,0,1,,1.0,2026-03-17T12:48:25.266138,neutral,0.988,2026-03-17T12:48:24.321090,0.5337709532661473,2026-03-17T12:48:25.014000,54,,,errors=Vehicle-pedestrian collision
participant_22,4,day,Town10HD_Opt,2026-03-17 12:48:26.163385,45.89402389526367,51.49143600463867,0.0023434448521584,41.377,-4.879,0.0,0.222,0,0,1,,1.0,2026-03-17T12:48:26.163385,neutral,0.988,2026-03-17T12:48:24.321090,0.5972168839593704,2026-03-17T12:48:26.019000,56,,,
participant_22,4,day,Town10HD_Opt,2026-03-17 12:48:27.328998,45.27631759643555,43.40645599365234,0.0023227690253406,28.358,3.16,0.0,0.0,0,0,1,,1.0,2026-03-17T12:48:27.328998,neutral,1.0,2026-03-17T12:48:27.328998,0.6233899920422407,2026-03-17T12:48:27.055000,56,,,
participant_22,4,day,Town10HD_Opt,2026-03-17 12:48:28.207274,45.17548370361328,38.85730743408203,0.0021012497600167,25.082,5.652,0.453,0.0,0,0,1,,1.0,2026-03-17T12:48:28.207274,neutral,1.0,2026-03-17T12:48:27.328998,0.5944694790320999,2026-03-17T12:48:27.954000,56,,,
participant_22,4,day,Town10HD_Opt,2026-03-17 12:48:29.130517,45.9063720703125,34.4398078918457,0.0020470046438276,26.11,19.712,0.415,0.0,0,0,1,,1.0,2026-03-17T12:48:29.130517,neutral,1.0,2026-03-17T12:48:27.328998,0.5059461813397707,2026-03-17T12:48:29.034000,56,,,
participant_22,4,day,Town10HD_Opt,2026-03-17 12:48:30.073227,48.42112350463867,30.663291931152344,0.0020793532021343,26.651,22.686,0.519,0.0,0,0,1,,1.0,2026-03-17T12:48:30.073227,neutral,0.989,2026-03-17T12:48:30.073227,0.455825583072708,2026-03-17T12:48:29.979000,55,,,
participant_22,4,day,Town10HD_Opt,2026-03-17 12:48:31.294516,54.30816268920898,27.58519554138184,0.0019444655627012,31.242,6.419,0.51,0.0,0,0,1,,1.0,2026-03-17T12:48:31.294516,neutral,0.989,2026-03-17T12:48:30.073227,0.4248488322346842,2026-03-17T12:48:31.014000,56,,,
participant_22,4,day,Town10HD_Opt,2026-03-17 12:48:32.173312,59.76647186279297,26.18627166748047,0.0019843291956931,33.484,6.884,0.681,0.0,0,0,1,,1.0,2026-03-17T12:48:32.173312,neutral,0.987,2026-03-17T12:48:32.173312,0.5082915121262367,2026-03-17T12:48:31.959000,58,,,
participant_22,4,day,Town10HD_Opt,2026-03-17 12:48:33.086459,66.45782470703125,25.662960052490234,0.0016012954292818,45.943,3.648,0.967,0.0,0,0,1,,1.0,2026-03-17T12:48:33.086459,neutral,0.987,2026-03-17T12:48:32.173312,0.4942535083868359,2026-03-17T12:48:32.949000,58,,,
participant_22,4,day,Town10HD_Opt,2026-03-17 12:48:34.240081,78.00995635986328,26.05387306213379,0.002093200571835,49.284,-0.357,0.796,0.0,0,0,1,,1.0,2026-03-17T12:48:34.240081,neutral,0.998,2026-03-17T12:48:34.240081,0.4373991231934915,2026-03-17T12:48:33.982000,56,,,
participant_22,4,day,Town10HD_Opt,2026-03-17 12:48:35.122647,86.76494598388672,26.33601951599121,0.0040339659899473,48.512,-4.393,0.509,0.0,0,0,1,,1.0,2026-03-17T12:48:35.122647,neutral,0.998,2026-03-17T12:48:34.240081,0.5254591558934826,2026-03-17T12:48:35.110000,59,,,
participant_22,4,day,Town10HD_Opt,2026-03-17 12:48:36.291215,97.42963409423828,23.89350700378418,0.0021292113233357,46.021,-16.381,0.465,0.0,0,0,1,,1.0,2026-03-17T12:48:36.291215,neutral,1.0,2026-03-17T12:48:36.291215,0.6178673202394495,2026-03-17T12:48:35.964000,61,,,
participant_22,4,day,Town10HD_Opt,2026-03-17 12:48:37.219549,102.69915008544922,18.09329605102539,0.0021546555217355,44.344,-6.18,0.321,0.0,0,0,1,,1.0,2026-03-17T12:48:37.219549,neutral,1.0,2026-03-17T12:48:36.291215,0.6153102296990055,2026-03-17T12:48:36.956000,59,,,
participant_22,4,day,Town10HD_Opt,2026-03-17 12:48:38.074398,105.87483215332033,11.3076171875,0.0020714187994599,41.037,-4.171,0.322,0.0,0,0,1,,1.0,2026-03-17T12:48:38.074398,neutral,1.0,2026-03-17T12:48:36.291215,0.666539041088532,2026-03-17T12:48:38.125000,59,,,
participant_22,4,day,Town10HD_Opt,2026-03-17 12:48:39.280006,108.43348693847656,2.515019416809082,0.0021270369179546,37.465,-3.412,0.329,0.0,0,0,1,,1.0,2026-03-17T12:48:39.280006,neutral,0.964,2026-03-17T12:48:39.280006,0.7327422078496282,2026-03-17T12:48:38.979000,59,,,
participant_22,4,day,Town10HD_Opt,2026-03-17 12:48:40.153468,109.38117218017578,-3.866060495376587,0.0019956587348133,37.505,-3.664,0.761,0.0,0,0,1,,0.828,2026-03-17T12:48:40.153468,neutral,0.964,2026-03-17T12:48:39.280006,0.7834746912068293,2026-03-17T12:48:40.374000,59,,,
participant_22,4,day,Town10HD_Opt,2026-03-17 12:48:41.260075,109.48348999023438,-13.81802749633789,0.0017116927774623,51.068,-1.814,0.0,0.107,0,0,1,,1.0,2026-03-17T12:48:41.260075,neutral,0.964,2026-03-17T12:48:39.280006,0.7951914557324248,2026-03-17T12:48:41.319000,58,,,
participant_22,4,day,Town10HD_Opt,2026-03-17 12:48:42.134771,108.63858032226562,-22.645097732543945,0.0021734619513154,49.107,-1.659,0.99,0.0,0,0,1,,1.0,2026-03-17T12:48:42.134771,neutral,0.998,2026-03-17T12:48:42.134771,0.8365255206300328,2026-03-17T12:48:41.957000,59,,,
participant_22,4,day,Town10HD_Opt,2026-03-17 12:48:43.259781,106.1808090209961,-33.945220947265625,0.0019665146246552,50.427,-4.615,0.882,0.0,0,0,1,,1.0,2026-03-17T12:48:43.259781,neutral,0.998,2026-03-17T12:48:42.134771,0.7957378747274781,2026-03-17T12:48:42.985000,59,,,
participant_22,4,day,Town10HD_Opt,2026-03-17 12:48:44.103235,102.67327117919922,-42.06317901611328,0.0021558380685746,49.078,-3.328,0.791,0.0,0,0,1,,1.0,2026-03-17T12:48:44.103235,neutral,0.998,2026-03-17T12:48:42.134771,0.8300267074847284,2026-03-17T12:48:43.975000,59,,,
participant_22,4,day,Town10HD_Opt,2026-03-17 12:48:45.247742,96.20502471923828,-51.6884651184082,0.0019869613461196,50.504,-6.26,0.758,0.0,0,0,1,,1.0,2026-03-17T12:48:45.247742,neutral,0.983,2026-03-17T12:48:45.247742,0.8889170127039914,2026-03-17T12:48:45.009000,57,,,
participant_22,4,day,Town10HD_Opt,2026-03-17 12:48:46.121192,89.70213317871094,-57.32406997680664,0.0020846556872129,48.445,-5.879,0.591,0.0,0,0,1,,1.0,2026-03-17T12:48:46.121192,neutral,0.983,2026-03-17T12:48:45.247742,0.8209883441697405,2026-03-17T12:48:45.955000,59,,,
participant_22,4,day,Town10HD_Opt,2026-03-17 12:48:47.316710,79.353759765625,-62.344970703125,0.002021636813879,50.052,-4.261,0.51,0.0,0,0,1,,1.0,2026-03-17T12:48:47.316710,neutral,0.68,2026-03-17T12:48:47.316710,0.7385448521791617,2026-03-17T12:48:46.946000,58,,,
participant_22,4,day,Town10HD_Opt,2026-03-17 12:48:48.205457,70.8547592163086,-64.43563842773438,0.0020460509695112,50.045,-4.317,0.497,0.0,0,0,1,,1.0,2026-03-17T12:48:48.205457,neutral,0.68,2026-03-17T12:48:47.316710,0.7291093758600072,2026-03-17T12:48:47.980000,60,,,
participant_22,4,day,Town10HD_Opt,2026-03-17 12:48:49.091166,62.14619445800781,-65.10042572021484,0.0020481871906667,49.863,-0.696,0.492,0.0,0,0,1,,1.0,2026-03-17T12:48:49.091166,neutral,0.68,2026-03-17T12:48:47.316710,0.7914278019279546,2026-03-17T12:48:49.060000,58,,,
participant_22,4,day,Town10HD_Opt,2026-03-17 12:48:50.328918,50.54356002807617,-65.33110046386719,0.0020500181708484,49.56,-0.108,0.486,0.0,0,0,1,,1.0,2026-03-17T12:48:50.328918,neutral,0.982,2026-03-17T12:48:50.328918,0.7385571913115498,2026-03-17T12:48:50.095000,58,,,
participant_22,4,day,Town10HD_Opt,2026-03-17 12:48:51.245225,41.89413070678711,-65.54497528076172,0.0020505141001194,49.296,-0.2,0.485,0.0,0,0,1,,1.0,2026-03-17T12:48:51.245225,neutral,0.982,2026-03-17T12:48:50.328918,0.7012986665281071,2026-03-17T12:48:50.995000,57,,,
participant_22,4,day,Town10HD_Opt,2026-03-17 12:48:52.178224,33.28886032104492,-65.69174194335938,0.0020502090919762,49.042,-0.209,0.484,0.0,0,0,1,,1.0,2026-03-17T12:48:52.178224,neutral,0.982,2026-03-17T12:48:50.328918,0.7700335985434406,2026-03-17T12:48:52.030000,57,,,
participant_22,4,day,Town10HD_Opt,2026-03-17 12:48:53.097171,24.76774787902832,-65.76266479492188,0.0020824430976063,48.012,-0.28,0.433,0.0,0,0,1,,1.0,2026-03-17T12:48:53.097171,neutral,0.984,2026-03-17T12:48:53.097171,0.7335846935167804,2026-03-17T12:48:52.975000,56,,,
participant_22,4,day,Town10HD_Opt,2026-03-17 12:48:54.271849,14.494877815246582,-65.7260971069336,0.002362098544836,37.262,-0.275,0.0,0.0,0,0,1,,1.0,2026-03-17T12:48:54.271849,neutral,0.984,2026-03-17T12:48:53.097171,0.8465953779919995,2026-03-17T12:48:54.189000,56,,,
participant_22,4,day,Town10HD_Opt,2026-03-17 12:48:55.122964,8.673579216003418,-65.64204406738281,0.002309989882633,28.786,-0.068,0.0,0.0,0,0,1,,1.0,2026-03-17T12:48:55.122964,neutral,0.957,2026-03-17T12:48:55.122964,0.6926524767045312,2026-03-17T12:48:55.135000,58,,,
participant_22,4,day,Town10HD_Opt,2026-03-17 12:48:56.348542,2.9709115028381348,-65.55498504638672,0.0022455595899373,19.936,0.233,0.099,0.0,0,0,1,,1.0,2026-03-17T12:48:56.348542,neutral,0.957,2026-03-17T12:48:55.122964,0.735290227796582,2026-03-17T12:48:56.035000,57,,,
participant_22,4,day,Town10HD_Opt,2026-03-17 12:48:57.252875,-0.2686531841754913,-65.52167510986328,0.0018666075775399,17.627,0.242,0.161,0.0,0,0,1,,1.0,2026-03-17T12:48:57.252875,neutral,0.995,2026-03-17T12:48:57.252875,0.67916650410095,2026-03-17T12:48:56.988000,57,,,
participant_22,4,day,Town10HD_Opt,2026-03-17 12:48:58.191965,-3.281399726867676,-65.50485229492188,0.0019070815760642,17.538,0.24,0.36,0.0,0,0,1,,1.0,2026-03-17T12:48:58.191965,neutral,0.995,2026-03-17T12:48:57.252875,0.687519697397151,2026-03-17T12:48:57.969000,56,,,
participant_22,4,day,Town10HD_Opt,2026-03-17 12:48:59.074264,-6.429905891418457,-65.49793243408203,0.0020627593621611,18.076,0.155,0.33,0.0,0,0,1,,1.0,2026-03-17T12:48:59.074264,neutral,0.995,2026-03-17T12:48:57.252875,0.6450197310482685,2026-03-17T12:48:58.960000,56,,,
participant_22,4,day,Town10HD_Opt,2026-03-17 12:49:00.282312,-10.672691345214844,-65.49989318847656,0.002023200970143,18.083,0.063,0.109,0.0,0,0,1,,1.0,2026-03-17T12:49:00.282312,neutral,0.991,2026-03-17T12:49:00.282312,0.5510454428407611,2026-03-17T12:48:59.995000,54,,,
participant_22,4,day,Town10HD_Opt,2026-03-17 12:49:01.130580,-13.668773651123049,-65.50391387939453,0.0020169448107481,15.092,-0.016,0.0,0.0,0,0,1,,1.0,2026-03-17T12:49:01.130580,neutral,0.991,2026-03-17T12:49:00.282312,0.5139415442685966,2026-03-17T12:49:01.120000,54,,,
participant_22,4,day,Town10HD_Opt,2026-03-17 12:49:02.313106,-16.672637939453125,-65.50801849365234,0.0020219420548528,10.549,0.002,0.0,0.018,0,0,1,,1.0,2026-03-17T12:49:02.313106,neutral,0.999,2026-03-17T12:49:02.313106,0.5889902131853768,2026-03-17T12:49:02.335000,55,,,
participant_22,4,day,Town10HD_Opt,2026-03-17 12:49:03.188492,-18.26116752624512,-65.51024627685547,0.0020143126603215,7.46,0.002,0.0,0.053,0,0,1,,1.0,2026-03-17T12:49:03.188492,neutral,0.999,2026-03-17T12:49:02.313106,0.5400932766184506,2026-03-17T12:49:02.967000,57,,,
participant_22,4,day,Town10HD_Opt,2026-03-17 12:49:04.308207,-19.503204345703125,-65.51204681396484,0.0023023223038762,0.229,0.002,0.0,0.0,0,0,1,,1.0,2026-03-17T12:49:04.308207,neutral,0.999,2026-03-17T12:49:02.313106,0.5632255232360833,2026-03-17T12:49:03.955000,57,,,
participant_22,4,day,Town10HD_Opt,2026-03-17 12:49:05.151365,-19.54104995727539,-65.51204681396484,0.001928215031512,0.254,0.002,0.0,0.0,0,0,1,,1.0,2026-03-17T12:49:05.151365,neutral,0.993,2026-03-17T12:49:05.151365,0.627732316562935,2026-03-17T12:49:05.125000,56,,,
participant_22,4,day,Town10HD_Opt,2026-03-17 12:49:06.327802,-19.59105491638184,-65.51204681396484,0.0019207381410524,0.177,0.002,0.0,0.0,0,0,1,,1.0,2026-03-17T12:49:06.327802,neutral,0.993,2026-03-17T12:49:05.151365,0.662202294800779,2026-03-17T12:49:06.026000,57,,,
participant_22,4,day,Town10HD_Opt,2026-03-17 12:49:07.164389,-20.02985191345215,-65.51268768310547,0.0014955138321965,9.554,0.002,1.0,0.0,0,0,1,,1.0,2026-03-17T12:49:07.164389,neutral,0.988,2026-03-17T12:49:07.164389,0.6152746548600662,2026-03-17T12:49:07.015000,58,,,
participant_22,4,day,Town10HD_Opt,2026-03-17 12:49:08.286255,-24.41453742980957,-65.55168914794922,0.0015613173600286,29.503,0.693,1.0,0.0,0,0,1,,1.0,2026-03-17T12:49:08.286255,neutral,0.988,2026-03-17T12:49:07.164389,0.6880273752730907,2026-03-17T12:49:08.006000,55,,,
participant_22,4,day,Town10HD_Opt,2026-03-17 12:49:09.139852,-30.851730346679688,-65.7247314453125,0.0015395736554637,45.125,0.526,1.0,0.0,0,0,1,,1.0,2026-03-17T12:49:09.139852,neutral,0.988,2026-03-17T12:49:07.164389,0.6453693737492678,2026-03-17T12:49:09.265000,57,,,
participant_22,4,day,Town10HD_Opt,2026-03-17 12:49:10.329858,-42.40032196044922,-66.26886749267578,0.0021879577543586,48.879,0.08,0.994,0.0,0,0,1,,1.0,2026-03-17T12:49:10.329858,neutral,0.988,2026-03-17T12:49:10.329858,0.7444285355528212,2026-03-17T12:49:10.120000,55,,,
participant_22,4,day,Town10HD_Opt,2026-03-17 12:49:11.199775,-51.26269912719727,-66.76248168945312,0.0020346832461655,48.591,-0.221,0.986,0.0,0,0,1,,1.0,2026-03-17T12:49:11.199775,neutral,0.988,2026-03-17T12:49:10.329858,0.741837522185232,2026-03-17T12:49:11.200000,54,,,
participant_22,4,day,Town10HD_Opt,2026-03-17 12:49:12.261809,-62.92571258544922,-67.29655456542969,0.002147254999727,48.737,-1.144,0.973,0.0,0,0,1,,1.0,2026-03-17T12:49:12.261809,neutral,0.988,2026-03-17T12:49:10.329858,0.7644295432512553,2026-03-17T12:49:12.010000,55,,,
participant_22,4,day,Town10HD_Opt,2026-03-17 12:49:13.101843,-71.69696044921875,-67.11225128173828,0.0022243116982281,48.011,-6.014,0.96,0.0,0,0,1,,1.0,2026-03-17T12:49:13.101843,neutral,0.981,2026-03-17T12:49:13.101843,0.7824282102399849,2026-03-17T12:49:13.001000,57,,,
participant_22,4,day,Town10HD_Opt,2026-03-17 12:49:14.230967,-82.97091674804688,-64.18118286132812,0.0021557998843491,49.135,-3.207,0.979,0.0,0,0,1,,1.0,2026-03-17T12:49:14.230967,neutral,0.981,2026-03-17T12:49:13.101843,0.7981329168783176,2026-03-17T12:49:14.124000,56,,,
participant_22,4,day,Town10HD_Opt,2026-03-17 12:49:15.086908,-90.92937469482422,-60.241458892822266,0.0022374724503606,48.436,-4.534,0.975,0.0,0,0,1,,1.0,2026-03-17T12:49:15.086908,neutral,0.981,2026-03-17T12:49:13.101843,0.7473657194647761,2026-03-17T12:49:15.025000,57,,,
participant_22,4,day,Town10HD_Opt,2026-03-17 12:49:16.260325,-99.72068786621094,-52.73151397705078,0.0020535278599709,50.047,-6.417,0.954,0.0,0,0,1,,1.0,2026-03-17T12:49:16.260325,neutral,0.73,2026-03-17T12:49:16.260325,0.7545677393268229,2026-03-17T12:49:16.060000,56,,,
participant_22,4,day,Town10HD_Opt,2026-03-17 12:49:17.148611,-104.41162109375,-45.35624313354492,0.0020930098835378,49.116,-3.886,0.939,0.0,0,0,1,,1.0,2026-03-17T12:49:17.148611,neutral,0.73,2026-03-17T12:49:16.260325,0.7479744277508547,2026-03-17T12:49:16.959000,59,,,
participant_22,4,day,Town10HD_Opt,2026-03-17 12:49:18.313743,-108.58953094482422,-34.480037689208984,0.0018844222649931,51.649,-4.07,0.0,0.148,0,0,1,,1.0,2026-03-17T12:49:18.313743,neutral,0.736,2026-03-17T12:49:18.313743,0.7867393184083628,2026-03-17T12:49:18.042000,56,,,
participant_22,4,day,Town10HD_Opt,2026-03-17 12:49:19.267079,-110.11576080322266,-25.83438491821289,0.0019031906267628,51.468,-3.459,0.0,0.147,0,0,1,,1.0,2026-03-17T12:49:19.267079,neutral,0.736,2026-03-17T12:49:18.313743,0.6997201947518084,2026-03-17T12:49:19.120000,56,,,
participant_22,4,day,Town10HD_Opt,2026-03-17 12:49:20.206655,-110.4317626953125,-17.06549072265625,0.0018895721295848,51.801,-0.141,0.0,0.18,0,0,1,,1.0,2026-03-17T12:49:20.206655,neutral,0.736,2026-03-17T12:49:18.313743,0.6274872585173541,2026-03-17T12:49:19.975000,57,,,
participant_22,4,day,Town10HD_Opt,2026-03-17 12:49:21.127948,-110.49827575683594,-8.296730995178223,0.0019414901034906,50.77,0.761,0.0,0.103,0,0,1,,1.0,2026-03-17T12:49:21.127948,neutral,0.941,2026-03-17T12:49:21.127948,0.6980677788356325,2026-03-17T12:49:20.965000,57,,,
participant_22,4,day,Town10HD_Opt,2026-03-17 12:49:22.356335,-110.80023956298828,2.809173822402954,0.0022198485676199,43.781,-2.118,0.083,0.0,0,0,1,,1.0,2026-03-17T12:49:22.356335,neutral,0.941,2026-03-17T12:49:21.127948,0.7042821553043465,2026-03-17T12:49:22,57,,,
participant_22,4,day,Town10HD_Opt,2026-03-17 12:49:23.332995,-110.5102310180664,9.729766845703123,0.0023487852886319,34.426,-5.773,0.0,0.0,0,0,1,,1.0,2026-03-17T12:49:23.332995,neutral,0.996,2026-03-17T12:49:23.332995,0.8349084293875463,2026-03-17T12:49:23.170000,56,,,
participant_22,4,day,Town10HD_Opt,2026-03-17 12:49:24.233854,-109.3998794555664,14.968233108520508,0.002310981741175,26.718,-9.861,0.0,0.0,0,0,1,,1.0,2026-03-17T12:49:24.233854,neutral,0.996,2026-03-17T12:49:23.332995,0.7623306828682825,2026-03-17T12:49:23.983000,55,,,
participant_22,4,day,Town10HD_Opt,2026-03-17 12:49:25.116954,-107.67105102539062,18.6297607421875,0.0022671127226203,19.659,-11.318,0.0,0.0,0,0,1,,1.0,2026-03-17T12:49:25.116954,neutral,0.996,2026-03-17T12:49:23.332995,0.7177878474253996,2026-03-17T12:49:25.060000,55,,,
participant_22,4,day,Town10HD_Opt,2026-03-17 12:49:26.132761,-105.79155731201172,21.159103393554688,0.0019943618681281,18.911,-6.35,0.822,0.0,0,0,1,,1.0,2026-03-17T12:49:26.132761,neutral,0.78,2026-03-17T12:49:26.132761,0.7612945400896122,2026-03-17T12:49:26.050000,56,,,
participant_22,4,day,Town10HD_Opt,2026-03-17 12:49:27.104393,-103.20694732666016,23.95134162902832,0.0018148040398955,25.631,-6.509,0.355,0.0,0,0,1,,1.0,2026-03-17T12:49:27.104393,neutral,0.78,2026-03-17T12:49:26.132761,0.6807119374058171,2026-03-17T12:49:27.041000,55,,,
participant_22,4,day,Town10HD_Opt,2026-03-17 12:49:28.376998,-98.58800506591795,27.1010971069336,0.002261581365019,20.228,-18.274,0.0,0.048,0,0,1,,1.0,2026-03-17T12:49:28.376998,neutral,0.95,2026-03-17T12:49:28.376998,0.7299566098581615,2026-03-17T12:49:27.986000,55,,,
participant_22,4,day,Town10HD_Opt,2026-03-17 12:49:29.088101,-96.68315887451172,27.67273330688477,0.0023987197782844,8.671,-12.92,0.0,0.12,0,0,1,,1.0,2026-03-17T12:49:29.088101,neutral,0.95,2026-03-17T12:49:28.376998,0.7447448645525634,2026-03-17T12:49:28.975000,57,,,
participant_22,4,day,Town10HD_Opt,2026-03-17 12:49:30.099532,-96.39871978759766,27.73311996459961,0.0020159911364316,0.024,-6.609,0.0,0.0,0,0,1,,1.0,2026-03-17T12:49:30.099532,neutral,0.95,2026-03-17T12:49:28.376998,0.7379370723642229,2026-03-17T12:49:30.055000,58,,,
participant_22,4,day,Town10HD_Opt,2026-03-17 12:49:31.346032,-96.39815521240234,27.73320960998535,0.001918182359077,0.138,-9.842,0.136,0.0,0,0,1,,1.0,2026-03-17T12:49:31.346032,neutral,0.957,2026-03-17T12:49:31.346032,0.690462092364753,2026-03-17T12:49:31.045000,57,,,
participant_22,4,day,Town10HD_Opt,2026-03-17 12:49:32.321370,-96.33077239990234,27.7409896850586,0.0018422699067741,1.752,-11.827,0.293,0.0,0,0,1,,1.0,2026-03-17T12:49:32.321370,neutral,0.957,2026-03-17T12:49:31.346032,0.6841512337793147,2026-03-17T12:49:31.993000,59,,,
participant_22,4,day,Town10HD_Opt,2026-03-17 12:49:33.293559,-95.8106918334961,27.78276824951172,0.0018621062627062,3.992,-14.692,0.178,0.0,0,0,1,,1.0,2026-03-17T12:49:33.293559,neutral,0.957,2026-03-17T12:49:31.346032,0.7307314859757826,2026-03-17T12:49:33.026000,58,,,
participant_22,4,day,Town10HD_Opt,2026-03-17 12:49:34.225588,-95.0433578491211,27.804298400878903,0.0019198226509615,4.377,-10.571,0.0,0.0,0,0,1,,1.0,2026-03-17T12:49:34.225588,neutral,0.953,2026-03-17T12:49:34.225588,0.7326359183793503,2026-03-17T12:49:33.970000,58,,,
participant_22,4,day,Town10HD_Opt,2026-03-17 12:49:35.173801,-94.361083984375,27.83086585998535,0.00194980611559,3.375,-1.657,0.0,0.0,0,0,1,,1.0,2026-03-17T12:49:35.173801,neutral,0.953,2026-03-17T12:49:34.225588,0.6732905001315728,2026-03-17T12:49:34.960000,60,,,
participant_22,4,day,Town10HD_Opt,2026-03-17 12:49:36.130243,-93.83670806884766,27.8572940826416,0.0019438933813944,2.59,-4.162,0.0,0.0,0,0,1,,1.0,2026-03-17T12:49:36.130243,neutral,0.953,2026-03-17T12:49:34.225588,0.6679954380896098,2026-03-17T12:49:35.995000,58,,,
participant_22,4,day,Town10HD_Opt,2026-03-17 12:49:37.352559,-93.32176208496094,27.873544692993164,0.0019364166073501,1.821,-4.001,0.0,0.0,0,0,1,,1.0,2026-03-17T12:49:37.352559,neutral,1.0,2026-03-17T12:49:37.352559,0.6208699311159468,2026-03-17T12:49:37.075000,58,,,
participant_22,4,day,Town10HD_Opt,2026-03-17 12:49:38.318115,-93.03865814208984,27.88001251220703,0.0019324492895975,1.398,-4.011,0.0,0.0,0,0,1,,1.0,2026-03-17T12:49:38.318115,neutral,1.0,2026-03-17T12:49:37.352559,0.6950909200259464,2026-03-17T12:49:38.156000,60,,,
participant_22,4,day,Town10HD_Opt,2026-03-17 12:49:39.352159,-92.8213882446289,27.883695602416992,0.0019293593941256,1.073,-3.943,0.0,0.0,0,0,1,,1.0,2026-03-17T12:49:39.352159,neutral,1.0,2026-03-17T12:49:37.352559,0.7790424330991168,2026-03-17T12:49:39.011000,60,,,
participant_22,4,day,Town10HD_Opt,2026-03-17 12:49:40.326178,-92.65528869628906,27.8867301940918,0.0019308852497488,0.717,-2.642,0.103,0.0,0,0,1,,1.0,2026-03-17T12:49:40.326178,neutral,0.994,2026-03-17T12:49:40.326178,0.7087121981105002,2026-03-17T12:49:40.092000,60,,,
participant_22,4,day,Town10HD_Opt,2026-03-17 12:49:41.338683,-92.1551742553711,27.89859962463379,0.0015985870268195,8.345,-0.98,0.856,0.0,0,0,1,,1.0,2026-03-17T12:49:41.338683,neutral,0.994,2026-03-17T12:49:40.326178,0.6905930491320432,2026-03-17T12:49:40.990000,61,,,
participant_22,4,day,Town10HD_Opt,2026-03-17 12:49:42.357100,-89.66814422607422,27.95488739013672,0.0018820952391251,18.368,-1.008,0.412,0.0,0,0,1,,1.0,2026-03-17T12:49:42.357100,neutral,0.962,2026-03-17T12:49:42.357100,0.7157877942879629,2026-03-17T12:49:42.120000,60,,,
participant_22,4,day,Town10HD_Opt,2026-03-17 12:49:43.304637,-86.47209930419922,27.97361183166504,0.0018561935285106,17.469,-1.295,0.0,0.0,0,0,1,,1.0,2026-03-17T12:49:43.304637,neutral,0.962,2026-03-17T12:49:42.357100,0.7461473959132876,2026-03-17T12:49:43.106000,58,,,
participant_22,4,day,Town10HD_Opt,2026-03-17 12:49:44.236510,-83.737548828125,27.9432315826416,0.0020410155411809,13.488,0.188,0.0,0.0,0,0,1,,1.0,2026-03-17T12:49:44.236510,neutral,0.962,2026-03-17T12:49:42.357100,0.739279347930218,2026-03-17T12:49:44.275000,60,,,
participant_22,4,day,Town10HD_Opt,2026-03-17 12:49:45.229347,-81.63555908203125,27.93996238708496,0.0020180509891361,10.362,1.034,0.0,0.0,0,0,1,,1.0,2026-03-17T12:49:45.229347,neutral,0.998,2026-03-17T12:49:45.229347,0.7258965989631504,2026-03-17T12:49:45.039000,61,,,
participant_22,4,day,Town10HD_Opt,2026-03-17 12:49:46.188158,-80.02142333984375,27.95696258544922,0.0019953155424445,7.956,1.022,0.0,0.0,0,0,1,,1.0,2026-03-17T12:49:46.188158,neutral,0.998,2026-03-17T12:49:45.229347,0.7582878937938231,2026-03-17T12:49:46.120000,58,,,
participant_22,4,day,Town10HD_Opt,2026-03-17 12:49:47.158013,-78.7822494506836,27.97962188720703,0.0019776534754782,6.108,0.888,0.0,0.0,0,0,1,,1.0,2026-03-17T12:49:47.158013,neutral,0.998,2026-03-17T12:49:45.229347,0.745118903258291,2026-03-17T12:49:47.200000,59,,,
participant_22,4,day,Town10HD_Opt,2026-03-17 12:49:48.078781,-78.16515350341797,27.99277305603028,0.0021456908434629,0.0,0.893,0.0,0.016,0,0,1,,1.0,2026-03-17T12:49:48.078781,neutral,0.996,2026-03-17T12:49:48.078781,0.6513754096332861,2026-03-17T12:49:48.416000,60,,,
participant_22,4,day,Town10HD_Opt,2026-03-17 12:49:49.314144,-78.16398620605469,27.99280548095703,0.001922111492604,0.004,0.898,0.0,0.0,0,0,1,,1.0,2026-03-17T12:49:49.314144,neutral,0.996,2026-03-17T12:49:48.078781,0.7507117744369086,2026-03-17T12:49:49,61,,,
participant_22,4,day,Town10HD_Opt,2026-03-17 12:49:50.305500,-78.16368103027344,27.992807388305664,0.001919288537465,0.001,0.592,0.0,0.0,0,0,1,,1.0,2026-03-17T12:49:50.305500,neutral,0.998,2026-03-17T12:49:50.305500,0.7955806219734747,2026-03-17T12:49:50.007000,60,,,
participant_22,4,day,Town10HD_Opt,2026-03-17 12:49:51.216009,-78.16364288330078,27.992807388305664,0.0019188689766451,0.006,0.583,0.0,0.0,0,0,1,,1.0,2026-03-17T12:49:51.216009,neutral,0.998,2026-03-17T12:49:50.305500,0.8021527876370598,2026-03-17T12:49:50.981000,58,,,
participant_22,4,day,Town10HD_Opt,2026-03-17 12:49:52.101663,-78.16368103027344,27.992807388305664,0.001918678288348,0.006,0.583,0.0,0.0,0,0,1,,1.0,2026-03-17T12:49:52.101663,neutral,0.998,2026-03-17T12:49:50.305500,0.7549642939529405,2026-03-17T12:49:52.016000,60,,,
participant_22,4,day,Town10HD_Opt,2026-03-17 12:49:53.065890,-78.16358947753906,27.992807388305664,0.0019189834129065,0.002,0.583,0.0,0.0,0,0,1,,1.0,2026-03-17T12:49:53.065890,neutral,0.995,2026-03-17T12:49:53.065890,0.7667158921409835,2026-03-17T12:49:52.961000,61,,,
participant_23,1,day,Town10HD_Opt,2026-03-17 15:00:00.000000,-41.66858673095703,89.7454833984375,0.580491840839386,18.061,1.347,0.33,0.0,0,0,1,,1.0,2026-03-17T15:00:00,,,2026-03-17T15:00:00,0.5267559566093265,2026-03-17T15:00:00,82,,,
participant_23,1,day,Town10HD_Opt,2026-03-17 15:00:04.558905,-41.67424392700195,84.54381561279297,0.0020318983588367,18.164,1.485,0.328,0.0,0,0,1,,1.0,2026-03-17T15:00:04.558905,,,2026-03-17T15:00:04.558905,0.6133008140810032,2026-03-17T15:00:04.906000,81,,,
participant_23,1,day,Town10HD_Opt,2026-03-17 15:00:05.243097,-41.59819412231445,82.42355346679688,0.0020382308866828,18.129,6.092,0.322,0.0,0,0,1,,0.905,2026-03-17T15:00:05.243097,,,2026-03-17T15:00:04.558905,0.5866601593022852,2026-03-17T15:00:05.940000,82,,,
participant_23,1,day,Town10HD_Opt,2026-03-17 15:00:06.261529,-41.12717056274414,79.27774047851562,0.0020481871906667,18.253,10.262,0.378,0.0,0,0,1,,0.806,2026-03-17T15:00:06.261529,,,2026-03-17T15:00:04.558905,0.6409581607900985,2026-03-17T15:00:06.885000,83,,,
participant_23,1,day,Town10HD_Opt,2026-03-17 15:00:07.274020,-40.06240081787109,76.0338363647461,0.001919784466736,21.826,13.758,0.589,0.0,0,0,1,,0.862,2026-03-17T15:00:07.274020,neutral,0.568,2026-03-17T15:00:07.274020,0.5304667940178607,2026-03-17T15:00:07.875000,82,,,
participant_23,1,day,Town10HD_Opt,2026-03-17 15:00:08.264240,-37.72772979736328,72.48946380615234,0.0018827819731086,27.56,17.761,0.601,0.0,0,0,1,,0.813,2026-03-17T15:00:08.264240,neutral,0.568,2026-03-17T15:00:07.274020,0.5336090163169003,2026-03-17T15:00:08.910000,85,,,
participant_23,1,day,Town10HD_Opt,2026-03-17 15:00:09.006030,-35.10403060913086,70.4043960571289,0.0019501495407894,30.134,18.913,0.407,0.0,0,0,1,,0.867,2026-03-17T15:00:09.006030,neutral,0.568,2026-03-17T15:00:07.274020,0.6109356221220854,2026-03-17T15:00:09.900000,85,,,
participant_23,1,day,Town10HD_Opt,2026-03-17 15:00:10.045041,-30.11714553833008,68.93359375,0.002110977191478,29.617,18.232,0.289,0.0,0,0,1,,0.843,2026-03-17T15:00:10.045041,neutral,0.851,2026-03-17T15:00:10.045041,0.560516824010479,2026-03-17T15:00:10.890000,88,,,errors=Solid line crossing
participant_23,1,day,Town10HD_Opt,2026-03-17 15:00:11.022912,-25.30379676818848,69.34512329101562,0.002250442514196,23.898,-1.478,0.009,0.0,0,0,1,,1.0,2026-03-17T15:00:11.022912,neutral,0.851,2026-03-17T15:00:10.045041,0.594583497820328,2026-03-17T15:00:11.879000,89,,,
participant_23,1,day,Town10HD_Opt,2026-03-17 15:00:12.001726,-21.439945220947266,69.70887756347656,0.0020806503016501,21.698,-2.153,0.629,0.0,0,0,1,,0.846,2026-03-17T15:00:12.001726,neutral,0.851,2026-03-17T15:00:10.045041,0.5112473752361075,2026-03-17T15:00:12.915000,90,,,
participant_23,1,day,Town10HD_Opt,2026-03-17 15:00:12.991999,-17.216880798339844,69.97764587402344,0.0018712615128606,27.109,-0.938,0.45,0.0,0,0,1,,1.0,2026-03-17T15:00:12.991999,neutral,0.81,2026-03-17T15:00:12.991999,0.4881054838258436,2026-03-17T15:00:13.905000,93,,,
participant_23,1,day,Town10HD_Opt,2026-03-17 15:00:14.277511,-10.65742015838623,70.26445770263672,0.0020272063557058,28.549,-0.989,0.379,0.0,0,0,1,,1.0,2026-03-17T15:00:14.277511,neutral,0.81,2026-03-17T15:00:12.991999,0.4921743690900851,2026-03-17T15:00:14.896000,93,,,
participant_23,1,day,Town10HD_Opt,2026-03-17 15:00:15.014218,-7.334630966186523,70.32238006591797,0.0020669174846261,28.058,-2.028,0.274,0.0,0,0,1,,1.0,2026-03-17T15:00:15.014218,neutral,0.816,2026-03-17T15:00:15.014218,0.5356533381010549,2026-03-17T15:00:15.885000,95,,,
participant_23,1,day,Town10HD_Opt,2026-03-17 15:00:16.266601,-1.0705363750457764,70.16181945800781,0.0021086882334202,25.4,-0.254,0.264,0.0,0,0,1,,1.0,2026-03-17T15:00:16.266601,neutral,0.816,2026-03-17T15:00:15.014218,0.5858049743128331,2026-03-17T15:00:16.874000,98,,,
participant_23,1,day,Town10HD_Opt,2026-03-17 15:00:17.213173,3.2295684814453125,70.0062255859375,0.0021022413857281,23.582,0.879,0.264,0.0,0,0,1,,1.0,2026-03-17T15:00:17.213173,neutral,0.828,2026-03-17T15:00:17.213173,0.570158377586622,2026-03-17T15:00:17.909000,100,,,
participant_23,1,day,Town10HD_Opt,2026-03-17 15:00:18.203598,7.197510242462158,69.92394256591797,0.002118949778378,21.367,0.759,0.181,0.0,0,0,1,,1.0,2026-03-17T15:00:18.203598,neutral,0.828,2026-03-17T15:00:17.213173,0.658769582278538,2026-03-17T15:00:18.900000,99,,,
participant_23,1,day,Town10HD_Opt,2026-03-17 15:00:19.127294,10.719893455505373,69.89947509765625,0.0021436309907585,18.409,0.261,0.132,0.0,0,0,1,,1.0,2026-03-17T15:00:19.127294,neutral,0.828,2026-03-17T15:00:17.213173,0.534346191329307,2026-03-17T15:00:19.890000,98,,,
participant_23,1,day,Town10HD_Opt,2026-03-17 15:00:20.048201,13.823992729187012,69.89639282226562,0.0019501113565638,16.781,0.256,0.164,0.0,0,0,1,,1.0,2026-03-17T15:00:20.048201,neutral,0.866,2026-03-17T15:00:20.048201,0.61208392148126,2026-03-17T15:00:20.880000,95,,,
participant_23,1,day,Town10HD_Opt,2026-03-17 15:00:21.011798,16.685253143310547,69.90513610839844,0.0019451903644949,15.973,0.242,0.18,0.0,0,0,1,,0.839,2026-03-17T15:00:21.011798,neutral,0.866,2026-03-17T15:00:20.048201,0.5651760879807948,2026-03-17T15:00:21.915000,96,,,
participant_23,1,day,Town10HD_Opt,2026-03-17 15:00:22.225749,20.27454376220703,69.93077850341797,0.0019449996761977,14.806,0.202,0.178,0.0,0,0,1,,1.0,2026-03-17T15:00:22.225749,neutral,0.835,2026-03-17T15:00:22.225749,0.5630418257848399,2026-03-17T15:00:22.905000,94,,,
participant_23,1,day,Town10HD_Opt,2026-03-17 15:00:23.156886,22.762834548950195,69.95452117919922,0.0020042418036609,12.788,-0.033,0.0,0.04,0,0,1,,0.831,2026-03-17T15:00:23.156886,neutral,0.835,2026-03-17T15:00:22.225749,0.5067943278503592,2026-03-17T15:00:23.895000,92,,,
participant_23,1,day,Town10HD_Opt,2026-03-17 15:00:24.050314,24.5700798034668,69.97032928466797,0.0020921707618981,7.368,-0.033,0.0,0.36,0,0,1,,0.83,2026-03-17T15:00:24.050314,neutral,0.835,2026-03-17T15:00:22.225749,0.6580994574450086,2026-03-17T15:00:24.885000,92,,,
participant_23,1,day,Town10HD_Opt,2026-03-17 15:00:25.228593,25.092342376708984,69.97525787353516,0.0019745253957808,0.139,-0.033,0.323,0.0,0,0,1,,0.839,2026-03-17T15:00:25.228593,neutral,0.807,2026-03-17T15:00:25.228593,0.6337610368018937,2026-03-17T15:00:25.875000,94,,,
participant_23,1,day,Town10HD_Opt,2026-03-17 15:00:26.190139,25.41148376464844,69.97767639160156,0.0017596435500308,4.466,-0.033,0.219,0.0,0,0,1,,0.911,2026-03-17T15:00:26.190139,neutral,0.807,2026-03-17T15:00:25.228593,0.6297256723292745,2026-03-17T15:00:26.910000,92,,,
participant_23,1,day,Town10HD_Opt,2026-03-17 15:00:27.127782,26.16775131225586,69.98311614990234,0.002263679401949,0.0,-0.033,0.0,0.248,0,0,1,,0.884,2026-03-17T15:00:27.127782,neutral,0.807,2026-03-17T15:00:25.228593,0.6094384427597291,2026-03-17T15:00:27.900000,93,,,
participant_23,1,day,Town10HD_Opt,2026-03-17 15:00:28.040446,26.16758155822754,69.98308563232422,0.0019345473265275,0.149,-0.033,0.321,0.0,0,0,1,,0.918,2026-03-17T15:00:28.040446,neutral,0.776,2026-03-17T15:00:28.040446,0.5064639388391775,2026-03-17T15:00:28.889000,92,,,
participant_23,1,day,Town10HD_Opt,2026-03-17 15:00:29.010184,26.79050064086914,69.97843933105469,0.001579895033501,8.767,-2.795,0.675,0.0,0,0,1,,0.858,2026-03-17T15:00:29.010184,neutral,0.776,2026-03-17T15:00:28.040446,0.6338717700202865,2026-03-17T15:00:29.881000,89,Solid line crossing,Solid line crossing,errors=Stop sign violation
participant_23,1,day,Town10HD_Opt,2026-03-17 15:00:30.265878,29.99059295654297,69.66336822509766,0.0018096159910783,16.695,-10.062,0.222,0.0,0,0,1,,1.0,2026-03-17T15:00:30.265878,neutral,0.754,2026-03-17T15:00:30.265878,0.6087790974498647,2026-03-17T15:00:30.916000,87,,,
participant_23,1,day,Town10HD_Opt,2026-03-17 15:00:31.253761,32.820411682128906,68.90290832519531,0.0018873214721679,17.458,-10.221,0.429,0.0,0,0,1,,1.0,2026-03-17T15:00:31.253761,neutral,0.754,2026-03-17T15:00:30.265878,0.647977245531178,2026-03-17T15:00:31.905000,88,,,
participant_23,1,day,Town10HD_Opt,2026-03-17 15:00:32.203887,35.80215072631836,67.56820678710938,0.001956405583769,20.28,-10.538,0.547,0.0,0,0,1,,1.0,2026-03-17T15:00:32.203887,neutral,0.754,2026-03-17T15:00:30.265878,0.6865874437633127,2026-03-17T15:00:32.895000,91,,,
participant_23,1,day,Town10HD_Opt,2026-03-17 15:00:33.171062,39.1126594543457,65.35073852539062,0.001913413987495,25.339,-10.468,0.51,0.0,0,0,1,,0.829,2026-03-17T15:00:33.171062,neutral,0.801,2026-03-17T15:00:33.171062,0.6904582099191359,2026-03-17T15:00:33.885000,89,,,
participant_23,1,day,Town10HD_Opt,2026-03-17 15:00:34.128235,42.21331024169922,62.01530456542969,0.0023126984015107,26.383,-14.418,0.22,0.0,0,0,1,,0.883,2026-03-17T15:00:34.128235,neutral,0.801,2026-03-17T15:00:33.171062,0.6834173763116598,2026-03-17T15:00:34.875000,91,,,
participant_23,1,day,Town10HD_Opt,2026-03-17 15:00:35.081512,44.05754470825195,58.09398651123047,0.0021573256235569,23.253,-13.953,0.183,0.0,0,0,1,,1.0,2026-03-17T15:00:35.081512,neutral,0.801,2026-03-17T15:00:33.171062,0.6918451499307416,2026-03-17T15:00:35.910000,90,,,
participant_23,1,day,Town10HD_Opt,2026-03-17 15:00:36.068350,44.62420272827149,54.33541488647461,0.0021560287568718,20.201,-10.437,0.183,0.0,0,0,1,,1.0,2026-03-17T15:00:36.068350,fear,0.434,2026-03-17T15:00:36.068350,0.6767697532961096,2026-03-17T15:00:36.900000,92,,,
participant_23,1,day,Town10HD_Opt,2026-03-17 15:00:37.022437,44.657020568847656,51.00979995727539,0.0020997237879782,18.177,-1.782,0.278,0.0,0,0,1,,0.92,2026-03-17T15:00:37.022437,fear,0.434,2026-03-17T15:00:36.068350,0.6593197847133614,2026-03-17T15:00:37.889000,92,,,
participant_23,1,day,Town10HD_Opt,2026-03-17 15:00:38.276173,44.5261116027832,46.77924346923828,0.0020597837865352,18.027,-0.9,0.325,0.0,0,0,1,,0.922,2026-03-17T15:00:38.276173,neutral,0.788,2026-03-17T15:00:38.276173,0.6997778953703835,2026-03-17T15:00:38.880000,90,,,
participant_23,1,day,Town10HD_Opt,2026-03-17 15:00:39.274837,44.36949920654297,43.62722396850586,0.0020422744564712,18.063,0.559,0.313,0.0,0,0,1,,0.93,2026-03-17T15:00:39.274837,neutral,0.788,2026-03-17T15:00:38.276173,0.6332581438163207,2026-03-17T15:00:39.915000,88,,,
participant_23,1,day,Town10HD_Opt,2026-03-17 15:00:40.224875,44.4390869140625,40.45109939575195,0.0020614243112504,18.238,7.758,0.288,0.0,0,0,1,,0.91,2026-03-17T15:00:40.224875,neutral,0.788,2026-03-17T15:00:38.276173,0.6713631827410426,2026-03-17T15:00:40.905000,88,,,
participant_23,1,day,Town10HD_Opt,2026-03-17 15:00:41.238595,44.8867073059082,37.28530883789063,0.0020155333913862,18.836,6.594,0.424,0.0,0,0,1,,0.893,2026-03-17T15:00:41.238595,neutral,0.734,2026-03-17T15:00:41.238595,0.7116577204662938,2026-03-17T15:00:41.898000,88,,,
participant_23,1,day,Town10HD_Opt,2026-03-17 15:00:42.206142,45.81046295166016,33.95097732543945,0.0019716643728315,21.27,14.501,0.562,0.0,0,0,1,,0.917,2026-03-17T15:00:42.206142,neutral,0.734,2026-03-17T15:00:41.238595,0.6201223365154884,2026-03-17T15:00:42.887000,86,,,
participant_23,1,day,Town10HD_Opt,2026-03-17 15:00:43.174568,47.89704895019531,30.457433700561523,0.0019146727863699,25.72,15.842,0.544,0.0,0,0,1,,1.0,2026-03-17T15:00:43.174568,neutral,0.734,2026-03-17T15:00:41.238595,0.6404160745293741,2026-03-17T15:00:43.876000,88,,,
participant_23,1,day,Town10HD_Opt,2026-03-17 15:00:44.125586,51.58138656616211,27.357046127319336,0.0019584654364734,29.573,15.558,0.494,0.0,0,0,1,,0.863,2026-03-17T15:00:44.125586,neutral,0.829,2026-03-17T15:00:44.125586,0.6632855052618225,2026-03-17T15:00:44.911000,88,,,
participant_23,1,day,Town10HD_Opt,2026-03-17 15:00:45.191563,56.54424285888672,25.64546585083008,0.0020869064610451,29.917,13.636,0.295,0.0,0,0,1,,0.89,2026-03-17T15:00:45.191563,neutral,0.829,2026-03-17T15:00:44.125586,0.7086835662211526,2026-03-17T15:00:45.900000,87,,,
participant_23,1,day,Town10HD_Opt,2026-03-17 15:00:46.183469,61.63201522827149,25.45411491394043,0.0021049880888313,28.185,1.182,0.186,0.0,0,0,1,,0.914,2026-03-17T15:00:46.183469,neutral,0.77,2026-03-17T15:00:46.183469,0.7225114183161829,2026-03-17T15:00:46.891000,89,,,
participant_23,1,day,Town10HD_Opt,2026-03-17 15:00:47.086892,66.18589782714844,25.48737335205078,0.0022415923886001,22.659,-2.405,0.0,0.0,0,0,1,,0.895,2026-03-17T15:00:47.086892,neutral,0.77,2026-03-17T15:00:46.183469,0.6757879605086649,2026-03-17T15:00:47.880000,89,,,
participant_23,1,day,Town10HD_Opt,2026-03-17 15:00:48.018115,69.67582702636719,25.36924934387207,0.0019789503421634,17.445,0.451,0.0,0.0,0,0,1,,0.888,2026-03-17T15:00:48.018115,neutral,0.77,2026-03-17T15:00:46.183469,0.6129741212381985,2026-03-17T15:00:48.916000,88,,,
participant_23,1,day,Town10HD_Opt,2026-03-17 15:00:49.201403,73.11425018310547,25.282133102416992,0.0020344161894172,12.144,0.987,0.0,0.0,0,0,1,,1.0,2026-03-17T15:00:49.201403,neutral,0.778,2026-03-17T15:00:49.201403,0.6708924639471183,2026-03-17T15:00:49.995000,88,,,
participant_23,1,day,Town10HD_Opt,2026-03-17 15:00:50.119563,75.00611877441406,25.263940811157227,0.0020085906144231,9.326,1.274,0.0,0.0,0,0,1,,0.852,2026-03-17T15:00:50.119563,neutral,0.778,2026-03-17T15:00:49.201403,0.7131659489895786,2026-03-17T15:00:50.940000,87,,,
participant_23,1,day,Town10HD_Opt,2026-03-17 15:00:51.093207,76.478271484375,25.25816535949707,0.0019411849789321,8.017,0.169,0.13,0.0,0,0,1,,0.887,2026-03-17T15:00:51.093207,neutral,0.778,2026-03-17T15:00:49.201403,0.5530794533166237,2026-03-17T15:00:51.885000,85,Solid line crossing,Solid line crossing,
participant_23,1,day,Town10HD_Opt,2026-03-17 15:00:52.023330,77.83265686035156,25.251855850219727,0.001947364769876,7.332,0.012,0.0,0.0,0,0,1,,0.887,2026-03-17T15:00:52.023330,neutral,0.793,2026-03-17T15:00:52.023330,0.5310721093242583,2026-03-17T15:00:52.920000,84,,,
participant_23,1,day,Town10HD_Opt,2026-03-17 15:00:53.220003,79.32192993164062,25.24530029296875,0.0020307921804487,0.53,0.172,0.0,0.088,0,0,1,,0.897,2026-03-17T15:00:53.220003,neutral,0.793,2026-03-17T15:00:52.023330,0.5619908010094288,2026-03-17T15:00:53.910000,87,,,
participant_23,1,day,Town10HD_Opt,2026-03-17 15:00:54.162040,79.33710479736328,25.244911193847656,0.0019508743425831,0.002,0.179,0.0,0.0,0,0,1,,0.824,2026-03-17T15:00:54.162040,neutral,0.696,2026-03-17T15:00:54.162040,0.6312448219927357,2026-03-17T15:00:54.900000,85,,,
participant_23,1,day,Town10HD_Opt,2026-03-17 15:00:55.155462,79.33723449707031,25.244911193847656,0.0019200133392587,0.007,0.179,0.0,0.0,0,0,1,,0.884,2026-03-17T15:00:55.155462,neutral,0.696,2026-03-17T15:00:54.162040,0.5074660748211307,2026-03-17T15:00:55.890000,87,,,
participant_23,1,day,Town10HD_Opt,2026-03-17 15:00:56.104970,79.33741760253906,25.244911193847656,0.0019192122854292,0.002,0.19,0.0,0.0,0,0,1,,1.0,2026-03-17T15:00:56.104970,neutral,0.696,2026-03-17T15:00:54.162040,0.5587489992664432,2026-03-17T15:00:56.881000,85,,,
participant_23,1,day,Town10HD_Opt,2026-03-17 15:00:57.030175,79.33766174316406,25.244909286499023,0.001919288537465,0.001,0.197,0.0,0.0,0,0,1,,0.837,2026-03-17T15:00:57.030175,neutral,0.83,2026-03-17T15:00:57.030175,0.4869061301243106,2026-03-17T15:00:57.917000,86,,,
participant_23,1,day,Town10HD_Opt,2026-03-17 15:00:58.198013,79.34109497070312,25.24482154846192,0.0018946838099509,0.741,-2.598,0.525,0.0,0,0,1,,0.922,2026-03-17T15:00:58.198013,neutral,0.83,2026-03-17T15:00:57.030175,0.5957355580235019,2026-03-17T15:00:58.905000,84,,,
participant_23,1,day,Town10HD_Opt,2026-03-17 15:00:59.110088,80.2103271484375,25.189802169799805,0.0015629577683284,11.044,-6.971,0.738,0.0,0,0,1,,0.93,2026-03-17T15:00:59.110088,neutral,0.77,2026-03-17T15:00:59.110088,0.617183618280268,2026-03-17T15:00:59.895000,83,,,
participant_23,1,day,Town10HD_Opt,2026-03-17 15:01:00.036706,82.86067962646484,24.90848159790039,0.0018764495616778,18.511,0.078,0.68,0.0,0,0,1,,0.918,2026-03-17T15:01:00.036706,neutral,0.77,2026-03-17T15:00:59.110088,0.5564294858669049,2026-03-17T15:01:00.887000,85,,,
participant_23,1,day,Town10HD_Opt,2026-03-17 15:01:01.281151,88.29884338378906,24.47665023803711,0.0016621779650449,32.049,-2.967,0.776,0.0,0,0,1,,0.808,2026-03-17T15:01:01.281151,fear,0.454,2026-03-17T15:01:01.281151,0.5378209786387385,2026-03-17T15:01:01.921000,88,,,
participant_23,1,day,Town10HD_Opt,2026-03-17 15:01:02.199594,94.33032989501952,23.32048988342285,0.0020476912613958,38.1,-12.476,0.574,0.0,0,0,1,,0.907,2026-03-17T15:01:02.199594,fear,0.454,2026-03-17T15:01:01.281151,0.6900460831160895,2026-03-17T15:01:02.910000,86,,,
participant_23,1,day,Town10HD_Opt,2026-03-17 15:01:03.137554,100.24140167236328,19.837995529174805,0.0018050002399832,40.961,-11.147,0.562,0.0,0,0,1,,0.879,2026-03-17T15:01:03.137554,fear,0.454,2026-03-17T15:01:01.281151,0.6190973101085011,2026-03-17T15:01:03.901000,86,,,
participant_23,1,day,Town10HD_Opt,2026-03-17 15:01:04.003467,104.76850128173828,14.102824211120604,0.0032710647210478,43.154,-10.425,0.559,0.0,0,0,1,,0.845,2026-03-17T15:01:04.003467,neutral,0.73,2026-03-17T15:01:04.003467,0.6545605947652343,2026-03-17T15:01:04.890000,83,,,
participant_23,1,day,Town10HD_Opt,2026-03-17 15:01:05.254902,107.23779296875,4.179116249084473,0.0019944761879742,45.413,-5.586,0.529,0.0,0,0,1,,0.874,2026-03-17T15:01:05.254902,neutral,0.73,2026-03-17T15:01:04.003467,0.6661379030736624,2026-03-17T15:01:05.928000,84,,,
participant_23,1,day,Town10HD_Opt,2026-03-17 15:01:06.161830,107.05648803710938,-3.893966197967529,0.002004203852266,46.792,0.681,0.51,0.0,0,0,1,,0.907,2026-03-17T15:01:06.161830,neutral,0.5,2026-03-17T15:01:06.161830,0.6667755109557418,2026-03-17T15:01:06.916000,82,,,
participant_23,1,day,Town10HD_Opt,2026-03-17 15:01:07.059335,107.02392578125,-12.055896759033203,0.0021075056865811,45.546,1.081,0.332,0.0,0,0,1,,0.894,2026-03-17T15:01:07.059335,neutral,0.5,2026-03-17T15:01:06.161830,0.6635926945537874,2026-03-17T15:01:07.906000,84,,,
participant_23,1,day,Town10HD_Opt,2026-03-17 15:01:08.209503,107.26588439941406,-22.168212890625,0.0021509933285415,40.772,-1.906,0.323,0.0,0,0,1,,0.882,2026-03-17T15:01:08.209503,neutral,0.818,2026-03-17T15:01:08.209503,0.6677765619350103,2026-03-17T15:01:08.895000,81,,,
participant_23,1,day,Town10HD_Opt,2026-03-17 15:01:09.159095,106.9410629272461,-29.09353256225586,0.0021342085674405,38.116,-3.426,0.324,0.0,0,0,1,,0.883,2026-03-17T15:01:09.159095,neutral,0.818,2026-03-17T15:01:08.209503,0.6377356864507666,2026-03-17T15:01:09.886000,81,,,
participant_23,1,day,Town10HD_Opt,2026-03-17 15:01:10.024869,105.91120910644533,-35.47372817993164,0.0021245193202048,35.797,-5.17,0.325,0.0,0,0,1,,0.929,2026-03-17T15:01:10.024869,neutral,0.818,2026-03-17T15:01:08.209503,0.6540380196827444,2026-03-17T15:01:10.921000,81,,,
participant_23,1,day,Town10HD_Opt,2026-03-17 15:01:11.162669,103.23189544677734,-43.02293395996094,0.0021097182761877,33.022,-5.482,0.326,0.0,0,0,1,,0.934,2026-03-17T15:01:11.162669,neutral,0.757,2026-03-17T15:01:11.162669,0.6876348488263696,2026-03-17T15:01:11.910000,80,,,
participant_23,1,day,Town10HD_Opt,2026-03-17 15:01:12.058038,100.46843719482422,-47.94252014160156,0.0020978164393454,31.419,-4.501,0.328,0.0,0,0,1,,0.86,2026-03-17T15:01:12.058038,neutral,0.757,2026-03-17T15:01:11.162669,0.6633374026277093,2026-03-17T15:01:12.900000,83,,,
participant_23,1,day,Town10HD_Opt,2026-03-17 15:01:13.181912,96.05134582519533,-53.57670211791992,0.002019042847678,31.048,-4.818,0.531,0.0,0,0,1,,0.934,2026-03-17T15:01:13.181912,neutral,0.836,2026-03-17T15:01:13.181912,0.6847944708072401,2026-03-17T15:01:13.891000,85,,,
participant_23,1,day,Town10HD_Opt,2026-03-17 15:01:14.093756,91.89002990722656,-57.44722366333008,0.0019290542695671,34.493,-4.886,0.494,0.0,0,0,1,,0.814,2026-03-17T15:01:14.093756,neutral,0.836,2026-03-17T15:01:13.181912,0.6822360314164766,2026-03-17T15:01:14.925000,84,,,
participant_23,1,day,Town10HD_Opt,2026-03-17 15:01:15.015866,86.78764343261719,-61.00434494018555,0.001980056753382,36.663,-4.839,0.489,0.0,0,0,1,,0.854,2026-03-17T15:01:15.015866,neutral,0.836,2026-03-17T15:01:13.181912,0.7031567294514348,2026-03-17T15:01:15.915000,87,,,
participant_23,1,day,Town10HD_Opt,2026-03-17 15:01:16.196045,78.84988403320312,-64.6767578125,0.0020062637049704,38.462,-4.841,0.48,0.0,0,0,1,,0.877,2026-03-17T15:01:16.196045,neutral,0.745,2026-03-17T15:01:16.196045,0.6798975279085581,2026-03-17T15:01:16.906000,87,,,
participant_23,1,day,Town10HD_Opt,2026-03-17 15:01:17.037306,72.25634765625,-66.36837005615234,0.0020128630567342,39.51,-4.66,0.48,0.0,0,0,1,,1.0,2026-03-17T15:01:17.037306,neutral,0.745,2026-03-17T15:01:16.196045,0.6113496956079847,2026-03-17T15:01:16.906000,86,,,
participant_23,1,day,Town10HD_Opt,2026-03-17 15:01:18.183186,62.94578552246094,-67.21733856201172,0.002013282617554,40.767,-0.978,0.48,0.0,0,0,1,,0.819,2026-03-17T15:01:18.183186,neutral,0.745,2026-03-17T15:01:16.196045,0.6447187027720479,2026-03-17T15:01:18.885000,85,,,
participant_23,1,day,Town10HD_Opt,2026-03-17 15:01:19.051509,55.74872589111328,-67.44524383544922,0.002016334561631,41.588,-0.698,0.48,0.0,0,0,1,,1.0,2026-03-17T15:01:19.051509,neutral,0.488,2026-03-17T15:01:19.051509,0.6995337095484555,2026-03-17T15:01:19.920000,86,,,
participant_23,1,day,Town10HD_Opt,2026-03-17 15:01:20.159185,45.94231414794922,-67.49436950683594,0.0020211411174386,42.508,-0.684,0.48,0.0,0,0,1,,1.0,2026-03-17T15:01:20.159185,neutral,0.488,2026-03-17T15:01:19.051509,0.7414846794216283,2026-03-17T15:01:20.910000,86,Solid line crossing,Solid line crossing,
participant_23,1,day,Town10HD_Opt,2026-03-17 15:01:21.023121,38.458683013916016,-67.32050323486328,0.0020239639561623,43.086,-0.289,0.48,0.0,0,0,1,,1.0,2026-03-17T15:01:21.023121,neutral,0.488,2026-03-17T15:01:19.051509,0.6912206730972481,2026-03-17T15:01:20.910000,87,,,
participant_23,1,day,Town10HD_Opt,2026-03-17 15:01:22.170292,28.367172241210938,-66.99794006347656,0.0020823669619858,42.43,0.148,0.0,0.0,0,0,1,,1.0,2026-03-17T15:01:22.170292,disgust,0.816,2026-03-17T15:01:22.170292,0.692378251982392,2026-03-17T15:01:22.890000,85,,,
participant_23,1,day,Town10HD_Opt,2026-03-17 15:01:23.082184,21.63541412353516,-66.8456802368164,0.0023292540572583,33.525,0.484,0.0,0.0,0,0,1,,1.0,2026-03-17T15:01:23.082184,disgust,0.816,2026-03-17T15:01:22.170292,0.6390439350764142,2026-03-17T15:01:23.880000,85,,,
participant_23,1,day,Town10HD_Opt,2026-03-17 15:01:24.247993,14.798044204711914,-66.83330535888672,0.002171134809032,26.12,0.562,0.22,0.0,0,0,1,,1.0,2026-03-17T15:01:24.247993,neutral,0.696,2026-03-17T15:01:24.247993,0.6517116721509252,2026-03-17T15:01:24.916000,86,,,
participant_23,1,day,Town10HD_Opt,2026-03-17 15:01:25.132024,10.450592041015623,-66.90597534179688,0.0021330642048269,23.361,0.27,0.218,0.0,0,0,1,,0.806,2026-03-17T15:01:25.132024,neutral,0.696,2026-03-17T15:01:24.247993,0.705388877960308,2026-03-17T15:01:25.905000,84,,,
participant_23,1,day,Town10HD_Opt,2026-03-17 15:01:26.240686,5.35352897644043,-67.02861022949219,0.0021182631608098,20.2,0.31,0.218,0.0,0,0,1,,0.821,2026-03-17T15:01:26.240686,neutral,0.696,2026-03-17T15:01:24.247993,0.6217310094936261,2026-03-17T15:01:26.895000,83,,,
participant_23,1,day,Town10HD_Opt,2026-03-17 15:01:27.107710,1.985431432723999,-67.13326263427734,0.002109489403665,18.152,0.31,0.219,0.0,0,0,1,,1.0,2026-03-17T15:01:27.107710,neutral,0.826,2026-03-17T15:01:27.107710,0.7888548959177317,2026-03-17T15:01:27.885000,82,,,
participant_23,1,day,Town10HD_Opt,2026-03-17 15:01:28.191735,-2.220100164413452,-67.29378509521484,0.001856651273556,17.833,0.31,0.219,0.0,0,0,1,,0.889,2026-03-17T15:01:28.191735,neutral,0.826,2026-03-17T15:01:27.107710,0.7757266828413923,2026-03-17T15:01:28.920000,81,,,
participant_23,1,day,Town10HD_Opt,2026-03-17 15:01:29.079434,-5.291754245758057,-67.43140411376953,0.0019356155535206,17.27,0.287,0.219,0.0,0,0,1,,1.0,2026-03-17T15:01:29.079434,neutral,0.826,2026-03-17T15:01:27.107710,0.7267790179783369,2026-03-17T15:01:29.910000,82,,,
participant_23,1,day,Town10HD_Opt,2026-03-17 15:01:30.198610,-9.249777793884276,-67.6281509399414,0.0019324492895975,16.683,-0.36,0.217,0.0,0,0,1,,1.0,2026-03-17T15:01:30.198610,disgust,0.778,2026-03-17T15:01:30.198610,0.7204724906093936,2026-03-17T15:01:30.901000,84,,,
participant_23,1,day,Town10HD_Opt,2026-03-17 15:01:31.115356,-12.065512657165527,-67.73383331298828,0.0020073698833584,14.606,-0.632,0.0,0.0,0,0,1,,1.0,2026-03-17T15:01:31.115356,disgust,0.778,2026-03-17T15:01:30.198610,0.7770999764428356,2026-03-17T15:01:31.892000,84,,,
participant_23,1,day,Town10HD_Opt,2026-03-17 15:01:32.194141,-14.975505828857422,-67.82669067382812,0.0020170211791992,10.28,-0.169,0.0,0.0,0,0,1,,0.913,2026-03-17T15:01:32.194141,disgust,0.778,2026-03-17T15:01:30.198610,0.7420944485179157,2026-03-17T15:01:32.881000,84,,,
participant_23,1,day,Town10HD_Opt,2026-03-17 15:01:33.063228,-16.57384490966797,-67.87489318847656,0.0019887923263013,7.945,-0.186,0.0,0.0,0,0,1,,1.0,2026-03-17T15:01:33.063228,neutral,0.887,2026-03-17T15:01:33.063228,0.682394341829617,2026-03-17T15:01:33.916000,85,,,
participant_23,1,day,Town10HD_Opt,2026-03-17 15:01:34.124993,-18.15187263488769,-67.91958618164062,0.0019697952084243,5.505,-0.209,0.0,0.0,0,0,1,,1.0,2026-03-17T15:01:34.124993,neutral,0.887,2026-03-17T15:01:33.063228,0.6744880848734464,2026-03-17T15:01:34.908000,84,,,
participant_23,1,day,Town10HD_Opt,2026-03-17 15:01:35.224998,-19.241661071777344,-67.94865417480469,0.001974792452529,3.54,-0.209,0.044,0.0,0,0,1,,0.83,2026-03-17T15:01:35.224998,neutral,0.841,2026-03-17T15:01:35.224998,0.6927268357222054,2026-03-17T15:01:35.897000,85,,,
participant_23,1,day,Town10HD_Opt,2026-03-17 15:01:36.087455,-19.7937126159668,-67.96278381347656,0.0019468306563794,2.691,-0.211,0.039,0.0,0,0,1,,0.826,2026-03-17T15:01:36.087455,neutral,0.841,2026-03-17T15:01:35.224998,0.6677903785253038,2026-03-17T15:01:36.886000,84,,,
participant_23,1,day,Town10HD_Opt,2026-03-17 15:01:37.189465,-20.3541202545166,-67.97667694091797,0.0019191360333934,2.372,-0.211,0.08,0.0,0,0,1,,1.0,2026-03-17T15:01:37.189465,neutral,0.841,2026-03-17T15:01:35.224998,0.6250615518781338,2026-03-17T15:01:37.920000,85,,,
participant_23,1,day,Town10HD_Opt,2026-03-17 15:01:38.025653,-20.755523681640625,-67.9863052368164,0.0019197082147002,2.388,-0.211,0.079,0.0,0,0,1,,1.0,2026-03-17T15:01:38.025653,neutral,0.772,2026-03-17T15:01:38.025653,0.6979749624773736,2026-03-17T15:01:37.920000,85,,,
participant_23,1,day,Town10HD_Opt,2026-03-17 15:01:39.144369,-21.278705596923828,-67.99905395507812,0.0019181059906259,2.359,-0.303,0.079,0.0,0,0,1,,1.0,2026-03-17T15:01:39.144369,neutral,0.772,2026-03-17T15:01:38.025653,0.5386415213283768,2026-03-17T15:01:39.946000,85,,,
participant_23,1,day,Town10HD_Opt,2026-03-17 15:01:40.215721,-22.338281631469727,-68.02104949951172,0.0014955520164221,13.303,-1.126,1.0,0.0,0,0,1,,1.0,2026-03-17T15:01:40.215721,neutral,0.3,2026-03-17T15:01:40.215721,0.6000846215021634,2026-03-17T15:01:40.891000,86,,,
participant_23,1,day,Town10HD_Opt,2026-03-17 15:01:41.095394,-25.638383865356445,-68.06746673583984,0.0016347122145816,26.5,-0.407,0.98,0.0,0,0,1,,1.0,2026-03-17T15:01:41.095394,neutral,0.3,2026-03-17T15:01:40.215721,0.6213497433435702,2026-03-17T15:01:41.926000,84,,,
participant_23,1,day,Town10HD_Opt,2026-03-17 15:01:42.162367,-33.98416519165039,-68.10005950927734,0.0016149901784956,45.254,-0.244,0.911,0.0,0,0,1,,1.0,2026-03-17T15:01:42.162367,neutral,0.3,2026-03-17T15:01:40.215721,0.5001859341809205,2026-03-17T15:01:42.917000,85,,,
participant_23,1,day,Town10HD_Opt,2026-03-17 15:01:43.252544,-45.44465637207031,-67.98456573486328,0.0027944182511419,48.173,-0.266,0.867,0.0,0,0,1,,1.0,2026-03-17T15:01:43.252544,neutral,0.712,2026-03-17T15:01:43.252544,0.545101203332387,2026-03-17T15:01:43.906000,84,,,
participant_23,1,day,Town10HD_Opt,2026-03-17 15:01:44.124134,-54.19749069213867,-67.7772445678711,0.0021073913667351,48.688,-0.266,0.85,0.0,0,0,1,,1.0,2026-03-17T15:01:44.124134,neutral,0.712,2026-03-17T15:01:43.252544,0.5470215998846392,2026-03-17T15:01:44.896000,85,,,
participant_23,1,day,Town10HD_Opt,2026-03-17 15:01:44.987754,-62.92961120605469,-67.46438598632812,0.002148971427232,49.292,-1.619,0.835,0.0,0,0,1,,1.0,2026-03-17T15:01:44.987754,neutral,0.712,2026-03-17T15:01:43.252544,0.5189440293180798,2026-03-17T15:01:45.885000,86,,,
participant_23,1,day,Town10HD_Opt,2026-03-17 15:01:46.145278,-74.53531646728516,-66.25674438476562,0.001944770803675,51.313,-3.516,0.0,0.105,0,0,1,,1.0,2026-03-17T15:01:46.145278,neutral,0.83,2026-03-17T15:01:46.145278,0.6330701009565732,2026-03-17T15:01:46.920000,86,,,
participant_23,1,day,Town10HD_Opt,2026-03-17 15:01:47.044475,-82.96094512939453,-63.94218444824219,0.001926879864186,51.613,-5.78,0.0,0.122,0,0,1,,1.0,2026-03-17T15:01:47.044475,neutral,0.83,2026-03-17T15:01:46.145278,0.5400602798544755,2026-03-17T15:01:47.911000,88,,,
participant_23,1,day,Town10HD_Opt,2026-03-17 15:01:48.152923,-93.09765625,-58.106292724609375,0.0019272613571956,51.098,-4.365,0.0,0.11,0,0,1,,1.0,2026-03-17T15:01:48.152923,disgust,0.389,2026-03-17T15:01:48.152923,0.564116922814101,2026-03-17T15:01:48.901000,89,,,
participant_23,1,day,Town10HD_Opt,2026-03-17 15:01:49.220421,-101.35604095458984,-49.91871643066406,0.0021142195910215,49.494,-4.785,0.82,0.0,0,0,1,,1.0,2026-03-17T15:01:49.220421,disgust,0.389,2026-03-17T15:01:48.152923,0.6104962115178478,2026-03-17T15:01:49.891000,90,,,
participant_23,1,day,Town10HD_Opt,2026-03-17 15:01:50.073556,-106.00668334960938,-42.580326080322266,0.00202003470622,49.858,-4.804,0.184,0.0,0,0,1,,1.0,2026-03-17T15:01:50.073556,disgust,0.389,2026-03-17T15:01:48.152923,0.5200915881812546,2026-03-17T15:01:50.881000,88,,,
participant_23,1,day,Town10HD_Opt,2026-03-17 15:01:51.187016,-109.42648315429688,-33.06348419189453,0.0023785019293427,35.518,-4.825,0.0,0.0,0,0,1,,0.846,2026-03-17T15:01:51.187016,sad,0.417,2026-03-17T15:01:51.187016,0.5423843114355277,2026-03-17T15:01:51.915000,88,,,
participant_23,1,day,Town10HD_Opt,2026-03-17 15:01:52.075024,-110.25020599365234,-27.5059757232666,0.0023054503835737,27.829,-3.747,0.067,0.0,0,0,1,,1.0,2026-03-17T15:01:52.075024,sad,0.417,2026-03-17T15:01:51.187016,0.4819167402406126,2026-03-17T15:01:52.905000,89,,,
participant_23,1,day,Town10HD_Opt,2026-03-17 15:01:53.249609,-110.44356536865234,-21.716476440429688,0.0019973753951489,25.117,-0.884,0.904,0.0,0,0,1,,1.0,2026-03-17T15:01:53.249609,neutral,0.851,2026-03-17T15:01:53.249609,0.4757714794846277,2026-03-17T15:01:53.896000,88,,,
participant_23,1,day,Town10HD_Opt,2026-03-17 15:01:54.209472,-110.44886779785156,-16.275657653808594,0.001602325355634,39.292,-0.153,0.909,0.0,0,0,1,,1.0,2026-03-17T15:01:54.209472,neutral,0.851,2026-03-17T15:01:53.249609,0.4646710126924892,2026-03-17T15:01:54.886000,88,,,
participant_23,1,day,Town10HD_Opt,2026-03-17 15:01:55.141051,-110.42290496826172,-8.558015823364258,0.0016574477776885,50.436,0.0,0.846,0.0,0,0,1,,1.0,2026-03-17T15:01:55.141051,neutral,0.851,2026-03-17T15:01:53.249609,0.5713931044812924,2026-03-17T15:01:55.965000,88,,,
participant_23,1,day,Town10HD_Opt,2026-03-17 15:01:56.076225,-110.38150787353516,0.129364475607872,0.0022981644142419,45.017,0.068,0.0,0.0,0,0,1,,1.0,2026-03-17T15:01:56.076225,disgust,0.803,2026-03-17T15:01:56.076225,0.561329855008311,2026-03-17T15:01:56.911000,87,,,
participant_23,1,day,Town10HD_Opt,2026-03-17 15:01:57.028754,-110.18648529052734,7.164276599884033,0.0023678205907344,34.726,-7.979,0.0,0.0,0,0,1,,1.0,2026-03-17T15:01:57.028754,disgust,0.803,2026-03-17T15:01:56.076225,0.5440921910304996,2026-03-17T15:01:57.900000,88,,,
participant_23,1,day,Town10HD_Opt,2026-03-17 15:01:58.214613,-108.52227020263672,13.84768772125244,0.0023350142873823,24.215,-6.469,0.0,0.0,0,0,1,,0.82,2026-03-17T15:01:58.214613,neutral,0.834,2026-03-17T15:01:58.214613,0.5237223980212119,2026-03-17T15:01:58.891000,88,Stop sign violation,stop_sign_id=678,
participant_23,1,day,Town10HD_Opt,2026-03-17 15:01:59.228427,-106.89096069335938,17.23970603942871,0.002207298297435,18.926,-10.35,0.174,0.0,0,0,1,,0.855,2026-03-17T15:01:59.228427,neutral,0.834,2026-03-17T15:01:58.214613,0.4701887714022145,2026-03-17T15:01:59.926000,90,,,
participant_23,1,day,Town10HD_Opt,2026-03-17 15:02:00.189124,-105.00686645507812,19.79562187194824,0.0018829344771802,17.639,-10.49,0.158,0.0,0,0,1,,0.806,2026-03-17T15:02:00.189124,neutral,0.834,2026-03-17T15:01:58.214613,0.4970751110998196,2026-03-17T15:02:00.916000,88,,,
participant_23,1,day,Town10HD_Opt,2026-03-17 15:02:01.144698,-102.90584564208984,21.818681716918945,0.002007408067584,15.239,-10.451,0.0,0.0,0,0,1,,0.836,2026-03-17T15:02:01.144698,neutral,0.769,2026-03-17T15:02:01.144698,0.4551534551090207,2026-03-17T15:02:01.907000,87,,,
participant_23,1,day,Town10HD_Opt,2026-03-17 15:02:02.104470,-100.97574615478516,23.197900772094727,0.0020336913876235,11.725,-10.442,0.0,0.0,0,0,1,,1.0,2026-03-17T15:02:02.104470,neutral,0.769,2026-03-17T15:02:01.144698,0.5553300501693352,2026-03-17T15:02:02.896000,86,,,
participant_23,1,day,Town10HD_Opt,2026-03-17 15:02:03.072019,-99.4513931274414,24.03972625732422,0.002060470636934,7.634,-10.442,0.0,0.232,0,0,1,,1.0,2026-03-17T15:02:03.072019,neutral,0.769,2026-03-17T15:02:01.144698,0.4747376751989051,2026-03-17T15:02:03.886000,87,,,
participant_23,1,day,Town10HD_Opt,2026-03-17 15:02:04.032843,-98.81804656982422,24.33336639404297,0.0021656798198819,0.001,-10.442,0.0,0.21,0,0,1,,0.836,2026-03-17T15:02:04.032843,neutral,0.812,2026-03-17T15:02:04.032843,0.5509116823447539,2026-03-17T15:02:04.920000,90,,,
participant_23,1,day,Town10HD_Opt,2026-03-17 15:02:05.050151,-98.81776428222656,24.33345603942871,0.0019286727765575,0.001,-10.442,0.0,0.0,0,0,1,,1.0,2026-03-17T15:02:05.050151,neutral,0.812,2026-03-17T15:02:04.032843,0.5212394465260588,2026-03-17T15:02:05.911000,90,,,
participant_23,1,day,Town10HD_Opt,2026-03-17 15:02:06.028368,-98.81704711914062,24.333784103393555,0.0019144057296216,0.476,-10.461,0.823,0.0,0,0,1,,1.0,2026-03-17T15:02:06.028368,neutral,0.812,2026-03-17T15:02:04.032843,0.5283679437617905,2026-03-17T15:02:06.901000,89,,,
participant_23,1,day,Town10HD_Opt,2026-03-17 15:02:07.001089,-97.72682189941406,24.76144218444824,0.0014048767043277,15.464,-11.243,1.0,0.0,0,0,1,,1.0,2026-03-17T15:02:07.001089,neutral,0.853,2026-03-17T15:02:07.001089,0.493578534715105,2026-03-17T15:02:07.891000,88,,,
participant_23,1,day,Town10HD_Opt,2026-03-17 15:02:08.276555,-92.6659164428711,26.166566848754883,0.0018288802821189,27.838,-2.607,0.502,0.0,0,0,1,,0.892,2026-03-17T15:02:08.276555,neutral,0.853,2026-03-17T15:02:07.001089,0.527089204034951,2026-03-17T15:02:08.925000,90,,,
participant_23,1,day,Town10HD_Opt,2026-03-17 15:02:09.218405,-87.6161880493164,27.13795280456543,0.0019355010008439,31.151,-2.906,0.515,0.0,0,0,1,,0.897,2026-03-17T15:02:09.218405,neutral,0.325,2026-03-17T15:02:09.218405,0.4785077651439366,2026-03-17T15:02:09.916000,91,,,
participant_23,1,day,Town10HD_Opt,2026-03-17 15:02:10.174499,-81.97632598876953,27.794395446777344,0.0019850158132612,33.139,-2.372,0.0,0.0,0,0,1,,1.0,2026-03-17T15:02:10.174499,neutral,0.325,2026-03-17T15:02:09.218405,0.4787021653883514,2026-03-17T15:02:10.906000,92,,,
participant_23,1,day,Town10HD_Opt,2026-03-17 15:02:11.097694,-76.71068572998047,28.06521224975586,0.0022735595703125,26.073,-2.283,0.0,0.22,0,0,1,,1.0,2026-03-17T15:02:11.097694,neutral,0.325,2026-03-17T15:02:09.218405,0.5268513485306116,2026-03-17T15:02:11.896000,95,,,
participant_23,1,day,Town10HD_Opt,2026-03-17 15:02:12.058291,-72.79254913330078,28.06182098388672,0.0022995376493781,18.046,-1.093,0.0,0.229,0,0,1,,1.0,2026-03-17T15:02:12.058291,neutral,0.875,2026-03-17T15:02:12.058291,0.5468308374169829,2026-03-17T15:02:12.886000,94,,,
participant_23,1,day,Town10HD_Opt,2026-03-17 15:02:12.991558,-70.08612823486328,28.01803207397461,0.0020908354781568,12.466,0.602,0.0,0.23,0,0,1,,1.0,2026-03-17T15:02:12.991558,neutral,0.875,2026-03-17T15:02:12.058291,0.5380822893644638,2026-03-17T15:02:12.886000,95,,,
participant_23,1,day,Town10HD_Opt,2026-03-17 15:02:14.197931,-67.84396362304688,27.999467849731445,0.0020580291748046,6.531,0.049,0.0,0.241,0,0,1,,0.81,2026-03-17T15:02:14.197931,neutral,0.748,2026-03-17T15:02:14.197931,0.5190084338848002,2026-03-17T15:02:14.911000,95,,,
participant_23,1,day,Town10HD_Opt,2026-03-17 15:02:15.135797,-67.45134735107422,27.995492935180664,0.0020220566075295,0.0,0.035,0.0,0.239,0,0,1,,0.809,2026-03-17T15:02:15.135797,neutral,0.748,2026-03-17T15:02:14.197931,0.5580756603699207,2026-03-17T15:02:15.901000,93,,,
participant_23,1,day,Town10HD_Opt,2026-03-17 15:02:16.097090,-67.45096588134766,27.99549102783203,0.0019232940394431,0.003,-0.002,0.0,0.0,0,0,1,,0.863,2026-03-17T15:02:16.097090,neutral,0.748,2026-03-17T15:02:14.197931,0.6099225863962466,2026-03-17T15:02:16.892000,91,,,
participant_23,1,day,Town10HD_Opt,2026-03-17 15:02:16.994119,-67.45068359375,27.99549102783203,0.0019192504696547,0.0,0.157,0.0,0.0,0,0,1,,1.0,2026-03-17T15:02:16.994119,neutral,0.839,2026-03-17T15:02:16.994119,0.5416770170155634,2026-03-17T15:02:16.892000,92,,,
participant_23,1,day,Town10HD_Opt,2026-03-17 15:02:18.219476,-67.45057678222656,27.99549102783203,0.0019190978491678,0.0,0.07,0.0,0.0,0,0,1,,1.0,2026-03-17T15:02:18.219476,neutral,0.839,2026-03-17T15:02:16.994119,0.5441184872234508,2026-03-17T15:02:18.916000,91,,,
participant_23,1,day,Town10HD_Opt,2026-03-17 15:02:19.079550,-67.45059204101562,27.99549102783203,0.001919021597132,0.006,0.042,0.0,0.0,0,0,1,,1.0,2026-03-17T15:02:19.079550,disgust,0.627,2026-03-17T15:02:19.079550,0.6267724360767831,2026-03-17T15:02:19.906000,89,,,
participant_23,1,day,Town10HD_Opt,2026-03-17 15:02:20.011868,-67.45063018798828,27.99549102783203,0.0019188689766451,0.006,-0.073,0.0,0.0,0,0,1,,1.0,2026-03-17T15:02:20.011868,disgust,0.627,2026-03-17T15:02:19.079550,0.6062036780026545,2026-03-17T15:02:20.896000,90,,,
participant_23,1,day,Town10HD_Opt,2026-03-17 15:02:21.179491,-67.45050048828125,27.99549102783203,0.0019188689766451,0.006,-0.106,0.0,0.0,0,0,1,,1.0,2026-03-17T15:02:21.179491,neutral,0.915,2026-03-17T15:02:21.179491,0.51245888125621,2026-03-17T15:02:21.886000,89,,,
participant_23,1,day,Town10HD_Opt,2026-03-17 15:02:22.159894,-67.45038604736328,27.99549102783203,0.0019191360333934,0.002,-0.268,0.0,0.0,0,0,1,,1.0,2026-03-17T15:02:22.159894,neutral,0.915,2026-03-17T15:02:21.179491,0.5621034273936993,2026-03-17T15:02:22.921000,91,,,
participant_23,1,day,Town10HD_Opt,2026-03-17 15:02:23.068809,-67.45016479492188,27.99549102783203,0.0019193649059161,0.001,-0.449,0.0,0.0,0,0,1,,1.0,2026-03-17T15:02:23.068809,neutral,0.915,2026-03-17T15:02:21.179491,0.6100697521501505,2026-03-17T15:02:23.911000,93,,,
participant_23,1,day,Town10HD_Opt,2026-03-17 15:02:24.247049,-67.45006561279297,27.99549102783203,0.0019193267216905,0.001,-0.463,0.0,0.0,0,0,1,,1.0,2026-03-17T15:02:24.247049,neutral,0.66,2026-03-17T15:02:24.247049,0.6346613864457231,2026-03-17T15:02:24.902000,91,,,
participant_23,1,day,Town10HD_Opt,2026-03-17 15:02:25.155420,-67.4499282836914,27.99549102783203,0.0019190596649423,0.006,-0.463,0.0,0.0,0,0,1,,1.0,2026-03-17T15:02:25.155420,neutral,0.66,2026-03-17T15:02:24.247049,0.5276114948380519,2026-03-17T15:02:25.891000,90,,,
participant_23,1,day,Town10HD_Opt,2026-03-17 15:02:26.058022,-67.4499740600586,27.99549102783203,0.0019188689766451,0.006,-0.463,0.0,0.0,0,0,1,,1.0,2026-03-17T15:02:26.058022,neutral,0.66,2026-03-17T15:02:24.247049,0.5379386829372134,2026-03-17T15:02:26.926000,88,,,
participant_23,1,day,Town10HD_Opt,2026-03-17 15:02:27.186649,-67.44984436035156,27.99549102783203,0.0019189071608707,0.006,-0.463,0.0,0.0,0,0,1,,1.0,2026-03-17T15:02:27.186649,neutral,0.832,2026-03-17T15:02:27.186649,0.5428910219735112,2026-03-17T15:02:27.917000,87,,,
participant_23,1,day,Town10HD_Opt,2026-03-17 15:02:28.046831,-67.4498291015625,27.99549102783203,0.0019190978491678,0.002,-0.461,0.0,0.0,0,0,1,,1.0,2026-03-17T15:02:28.046831,neutral,0.832,2026-03-17T15:02:27.186649,0.5187320894167478,2026-03-17T15:02:27.917000,86,,,
participant_23,1,day,Town10HD_Opt,2026-03-17 15:02:29.148973,-67.44971466064453,27.99549102783203,0.0019190978491678,0.002,-0.461,0.0,0.0,0,0,1,,1.0,2026-03-17T15:02:29.148973,neutral,0.832,2026-03-17T15:02:27.186649,0.6313656093771325,2026-03-17T15:02:29.941000,85,,,
participant_23,1,day,Town10HD_Opt,2026-03-17 15:02:30.014343,-67.44952392578125,27.99549102783203,0.0019192504696547,0.002,-0.451,0.0,0.0,0,0,1,,1.0,2026-03-17T15:02:30.014343,neutral,0.771,2026-03-17T15:02:30.014343,0.5440440168812583,2026-03-17T15:02:30.931000,85,,,
participant_23,1,day,Town10HD_Opt,2026-03-17 15:02:31.237918,-67.44941711425781,27.99549102783203,0.0019192122854292,0.002,-0.451,0.0,0.0,0,0,1,,1.0,2026-03-17T15:02:31.237918,neutral,0.771,2026-03-17T15:02:30.014343,0.5399623539752997,2026-03-17T15:02:31.921000,85,,,
participant_23,1,day,Town10HD_Opt,2026-03-17 15:02:32.130010,-67.44917297363281,27.995492935180664,0.0019190978491678,0.001,-0.451,0.0,0.0,0,0,1,,1.0,2026-03-17T15:02:32.130010,neutral,0.846,2026-03-17T15:02:32.130010,0.634865915920291,2026-03-17T15:02:32.911000,85,,,
participant_23,1,day,Town10HD_Opt,2026-03-17 15:02:33.035799,-67.44918060302734,27.995492935180664,0.0019189834129065,0.006,-0.414,0.0,0.0,0,0,1,,1.0,2026-03-17T15:02:33.035799,neutral,0.846,2026-03-17T15:02:32.130010,0.5889825807727446,2026-03-17T15:02:33.902000,86,,,
participant_23,1,day,Town10HD_Opt,2026-03-17 15:02:34.200151,-67.44905090332031,27.995492935180664,0.001919021597132,0.006,-0.395,0.0,0.0,0,0,1,,1.0,2026-03-17T15:02:34.200151,disgust,0.742,2026-03-17T15:02:34.200151,0.5706425221192266,2026-03-17T15:02:34.891000,84,,,
participant_23,1,day,Town10HD_Opt,2026-03-17 15:02:35.147052,-67.4490966796875,27.995492935180664,0.0019188307924196,0.006,-0.395,0.0,0.0,0,0,1,,1.0,2026-03-17T15:02:35.147052,disgust,0.742,2026-03-17T15:02:34.200151,0.6269218312938358,2026-03-17T15:02:35.926000,85,,,
participant_23,1,day,Town10HD_Opt,2026-03-17 15:02:36.089063,-67.44898223876953,27.995492935180664,0.0019191741012036,0.002,-0.395,0.0,0.0,0,0,1,,1.0,2026-03-17T15:02:36.089063,disgust,0.742,2026-03-17T15:02:34.200151,0.6387505823632995,2026-03-17T15:02:36.916000,85,,,
participant_23,1,day,Town10HD_Opt,2026-03-17 15:02:36.987853,-67.44876098632812,27.995492935180664,0.0019193649059161,0.001,-0.395,0.0,0.0,0,0,1,,1.0,2026-03-17T15:02:36.987853,neutral,0.747,2026-03-17T15:02:36.987853,0.5611774511588202,2026-03-17T15:02:37.907000,85,,,
participant_23,1,day,Town10HD_Opt,2026-03-17 15:02:38.203737,-67.44866180419922,27.995492935180664,0.0019193267216905,0.001,-0.395,0.0,0.0,0,0,1,,1.0,2026-03-17T15:02:38.203737,neutral,0.747,2026-03-17T15:02:36.987853,0.624266154948204,2026-03-17T15:02:38.896000,86,,,
participant_23,1,day,Town10HD_Opt,2026-03-17 15:02:39.111340,-67.44852447509766,27.995492935180664,0.0019190596649423,0.006,-0.388,0.0,0.0,0,0,1,,1.0,2026-03-17T15:02:39.111340,disgust,0.391,2026-03-17T15:02:39.111340,0.6645899887630371,2026-03-17T15:02:39.976000,86,,,
participant_23,1,day,Town10HD_Opt,2026-03-17 15:02:40.052635,-67.44857025146484,27.995492935180664,0.0019188689766451,0.138,-0.388,0.138,0.0,0,0,1,,1.0,2026-03-17T15:02:40.052635,disgust,0.391,2026-03-17T15:02:39.111340,0.6610983036323419,2026-03-17T15:02:40.921000,85,,,
participant_23,1,day,Town10HD_Opt,2026-03-17 15:02:41.044145,-66.77081298828125,27.98737335205078,0.0014355087187141,12.01,-0.374,1.0,0.0,0,0,1,,1.0,2026-03-17T15:02:41.044145,disgust,0.391,2026-03-17T15:02:39.111340,0.6751041992669071,2026-03-17T15:02:41.911000,86,,,
participant_23,1,day,Town10HD_Opt,2026-03-17 15:02:42.035136,-63.51765060424805,27.951549530029297,0.0016410826938226,26.242,0.663,0.989,0.0,0,0,1,,1.0,2026-03-17T15:02:42.035136,neutral,0.757,2026-03-17T15:02:42.035136,0.7030199903745175,2026-03-17T15:02:42.902000,87,,,
participant_23,1,day,Town10HD_Opt,2026-03-17 15:02:43.243027,-55.09164047241211,27.92442512512207,0.001574134803377,46.442,0.157,0.942,0.0,0,0,1,,1.0,2026-03-17T15:02:43.243027,neutral,0.757,2026-03-17T15:02:42.035136,0.7018260340426109,2026-03-17T15:02:43.893000,85,,,
participant_23,1,day,Town10HD_Opt,2026-03-17 15:02:44.125835,-46.3398666381836,27.94772148132324,0.002159004099667,48.434,0.367,0.91,0.0,0,0,1,,1.0,2026-03-17T15:02:44.125835,neutral,0.788,2026-03-17T15:02:44.125835,0.6783699967265221,2026-03-17T15:02:44.926000,85,,,
participant_23,1,day,Town10HD_Opt,2026-03-17 15:02:45.033362,-37.58712387084961,28.090538024902344,0.0020802689250558,49.535,-0.164,0.899,0.0,0,0,1,,1.0,2026-03-17T15:02:45.033362,neutral,0.788,2026-03-17T15:02:44.125835,0.7340919537927758,2026-03-17T15:02:45.916000,87,,,
participant_23,1,day,Town10HD_Opt,2026-03-17 15:02:46.172150,-25.8581657409668,28.263900756835938,0.0022165297996252,48.213,-0.148,0.881,0.0,0,0,1,,0.81,2026-03-17T15:02:46.172150,neutral,0.533,2026-03-17T15:02:46.172150,0.7677551674706818,2026-03-17T15:02:46.906000,87,,,
participant_23,1,day,Town10HD_Opt,2026-03-17 15:02:47.041139,-17.13397216796875,28.327192306518555,0.0020914839114993,49.275,-0.141,0.873,0.0,0,0,1,,1.0,2026-03-17T15:02:47.041139,neutral,0.533,2026-03-17T15:02:46.172150,0.7476691242072829,2026-03-17T15:02:47.942000,89,,,
participant_23,1,day,Town10HD_Opt,2026-03-17 15:02:48.145334,-5.538365364074707,28.3308048248291,0.0021257400512695,49.15,-0.141,0.84,0.0,0,0,1,,1.0,2026-03-17T15:02:48.145334,neutral,0.533,2026-03-17T15:02:46.172150,0.7575049771563329,2026-03-17T15:02:48.931000,86,,,
participant_23,1,day,Town10HD_Opt,2026-03-17 15:02:49.016928,3.044560432434082,28.27477264404297,0.0022521971259266,45.126,-0.101,0.08,0.0,0,0,1,,1.0,2026-03-17T15:02:49.016928,neutral,0.801,2026-03-17T15:02:49.016928,0.6841614743375741,2026-03-17T15:02:49.922000,88,,,
participant_23,1,day,Town10HD_Opt,2026-03-17 15:02:50.185808,12.276952743530272,28.173173904418945,0.0023366163950413,32.959,0.068,0.027,0.0,0,0,1,,1.0,2026-03-17T15:02:50.185808,neutral,0.801,2026-03-17T15:02:49.016928,0.7056657912645018,2026-03-17T15:02:50.911000,86,,,
participant_23,1,day,Town10HD_Opt,2026-03-17 15:02:51.073562,17.460540771484375,28.123708724975582,0.0022537230979651,26.183,0.127,0.227,0.0,0,0,1,,1.0,2026-03-17T15:02:51.073562,neutral,0.832,2026-03-17T15:02:51.073562,0.709537583974801,2026-03-17T15:02:51.901000,84,,,
participant_23,1,day,Town10HD_Opt,2026-03-17 15:02:52.211705,23.17502212524414,28.09251594543457,0.0021075438708066,23.042,0.442,0.295,0.0,0,0,1,,1.0,2026-03-17T15:02:52.211705,neutral,0.832,2026-03-17T15:02:51.073562,0.6978830317081418,2026-03-17T15:02:52.891000,84,,,
participant_23,1,day,Town10HD_Opt,2026-03-17 15:02:53.091668,27.16845893859864,28.19103240966797,0.0020302962511777,23.108,4.282,0.411,0.0,0,0,1,,0.852,2026-03-17T15:02:53.091668,neutral,0.677,2026-03-17T15:02:53.091668,0.7811199150193492,2026-03-17T15:02:53.927000,83,,,
participant_23,1,day,Town10HD_Opt,2026-03-17 15:02:54.247561,32.64247131347656,29.12192344665528,0.0020623779855668,23.855,10.812,0.18,0.0,0,0,1,,1.0,2026-03-17T15:02:54.247561,neutral,0.677,2026-03-17T15:02:53.091668,0.6727821919544442,2026-03-17T15:02:54.916000,84,,,
participant_23,1,day,Town10HD_Opt,2026-03-17 15:02:55.150889,36.13578414916992,30.83400154113769,0.0021691131405532,20.764,21.811,0.353,0.0,0,0,1,,0.863,2026-03-17T15:02:55.150889,neutral,0.678,2026-03-17T15:02:55.150889,0.6732764163206925,2026-03-17T15:02:55.907000,83,,,
participant_23,1,day,Town10HD_Opt,2026-03-17 15:02:56.011932,38.42826843261719,33.739349365234375,0.0019387054489925,24.286,26.619,0.649,0.0,0,0,1,,1.0,2026-03-17T15:02:56.011932,neutral,0.678,2026-03-17T15:02:55.150889,0.6769056403595926,2026-03-17T15:02:56.896000,82,,,
participant_23,1,day,Town10HD_Opt,2026-03-17 15:02:57.126754,39.71278381347656,39.91453170776367,0.0021220778580754,26.686,-2.732,0.0,0.0,0,0,1,,0.92,2026-03-17T15:02:57.126754,neutral,0.678,2026-03-17T15:02:55.150889,0.7321792762372887,2026-03-17T15:02:57.932000,82,,,
participant_23,1,day,Town10HD_Opt,2026-03-17 15:02:58.050093,40.38682174682617,44.00396728515625,0.0022628020960837,19.964,5.609,0.0,0.161,0,0,1,,0.887,2026-03-17T15:02:58.050093,neutral,0.686,2026-03-17T15:02:58.050093,0.6888438479145504,2026-03-17T15:02:57.932000,84,,,
participant_23,1,day,Town10HD_Opt,2026-03-17 15:02:59.189133,40.61831283569336,47.85037612915039,0.0020634841639548,13.158,4.527,0.0,0.089,0,0,1,,0.901,2026-03-17T15:02:59.189133,neutral,0.686,2026-03-17T15:02:58.050093,0.6517908874348091,2026-03-17T15:02:59.911000,83,,,
participant_23,1,day,Town10HD_Opt,2026-03-17 15:03:00.000538,40.6002197265625,49.84638977050781,0.0020386122632771,9.415,2.017,0.0,0.094,0,0,1,,0.851,2026-03-17T15:03:00.000538,neutral,0.686,2026-03-17T15:02:58.050093,0.6759874049467045,2026-03-17T15:03:00.901000,81,,,
participant_23,1,day,Town10HD_Opt,2026-03-17 15:03:01.150682,40.59864044189453,51.59299850463867,0.0020112991333007,5.428,-0.771,0.0,0.095,0,0,1,,1.0,2026-03-17T15:03:01.150682,angry,0.515,2026-03-17T15:03:01.150682,0.6714614374253457,2026-03-17T15:03:01.892000,82,,,
participant_23,1,day,Town10HD_Opt,2026-03-17 15:03:02.228761,40.59919738769531,51.74951934814453,0.0019359969301149,0.001,-0.637,0.0,0.0,0,0,1,,0.842,2026-03-17T15:03:02.228761,angry,0.515,2026-03-17T15:03:01.150682,0.6091319220192787,2026-03-17T15:03:02.972000,84,,,
participant_23,1,day,Town10HD_Opt,2026-03-17 15:03:03.075830,40.59919738769531,51.74956893920898,0.0019199752714484,0.001,-0.623,0.0,0.0,0,0,1,,0.858,2026-03-17T15:03:03.075830,angry,0.515,2026-03-17T15:03:01.150682,0.6743231448397645,2026-03-17T15:03:03.916000,85,,,
participant_23,1,day,Town10HD_Opt,2026-03-17 15:03:04.147323,40.59919738769531,51.74967193603516,0.001919288537465,0.002,-0.609,0.0,0.0,0,0,1,,0.84,2026-03-17T15:03:04.147323,neutral,0.406,2026-03-17T15:03:04.147323,0.6797250659232095,2026-03-17T15:03:04.906000,85,,,
participant_23,1,day,Town10HD_Opt,2026-03-17 15:03:05.020951,40.599266052246094,51.75908660888672,0.0019170378800481,0.257,-0.583,0.437,0.0,0,0,1,,0.813,2026-03-17T15:03:05.020951,neutral,0.406,2026-03-17T15:03:04.147323,0.6078281516548398,2026-03-17T15:03:05.896000,85,,,
participant_23,1,day,Town10HD_Opt,2026-03-17 15:03:06.146830,40.61738204956055,53.624305725097656,0.0014182281447574,18.755,-0.726,0.929,0.0,0,0,1,,1.0,2026-03-17T15:03:06.146830,neutral,0.406,2026-03-17T15:03:04.147323,0.6756370048738686,2026-03-17T15:03:06.932000,85,,,errors=Stop sign violation
participant_23,1,day,Town10HD_Opt,2026-03-17 15:03:06.987558,40.79428482055664,57.6837158203125,0.0017106246668845,28.693,-7.271,0.68,0.0,0,0,1,,0.845,2026-03-17T15:03:06.987558,neutral,0.731,2026-03-17T15:03:06.987558,0.7101886683028341,2026-03-17T15:03:06.932000,84,,,
participant_23,1,day,Town10HD_Opt,2026-03-17 15:03:08.053838,42.87718200683594,64.6442642211914,0.002003707922995,32.921,-14.237,0.476,0.0,0,0,1,,0.843,2026-03-17T15:03:08.053838,neutral,0.731,2026-03-17T15:03:06.987558,0.6458477373481151,2026-03-17T15:03:08.911000,88,,,
participant_23,1,day,Town10HD_Opt,2026-03-17 15:03:09.108615,48.47679901123047,69.91735076904297,0.0020814132876694,33.628,-16.731,0.254,0.0,0,0,1,,1.0,2026-03-17T15:03:09.108615,neutral,0.585,2026-03-17T15:03:09.108615,0.6941301358183494,2026-03-17T15:03:09.902000,89,,,
participant_23,1,day,Town10HD_Opt,2026-03-17 15:03:10.192551,55.30108642578125,71.08908081054688,0.0023018645588308,25.014,-6.706,0.0,0.0,0,0,1,,1.0,2026-03-17T15:03:10.192551,neutral,0.585,2026-03-17T15:03:09.108615,0.7503479216584903,2026-03-17T15:03:10.892000,90,,,
participant_23,1,day,Town10HD_Opt,2026-03-17 15:03:11.026026,59.235931396484375,70.7127456665039,0.0021530149970203,20.787,1.102,0.313,0.0,0,0,1,,1.0,2026-03-17T15:03:11.026026,neutral,0.585,2026-03-17T15:03:09.108615,0.7609705779141609,2026-03-17T15:03:11.926000,90,,,
participant_23,1,day,Town10HD_Opt,2026-03-17 15:03:12.087468,64.08033752441406,70.34443664550781,0.0019847105722874,21.767,0.947,0.307,0.0,0,0,1,,1.0,2026-03-17T15:03:12.087468,neutral,0.503,2026-03-17T15:03:12.087468,0.7266460921564865,2026-03-17T15:03:12.917000,91,Harsh braking,decel_mps2=7.9,
participant_23,1,day,Town10HD_Opt,2026-03-17 15:03:13.216369,69.33792877197266,70.12712097167969,0.0019056319724768,25.055,1.577,0.585,0.0,0,0,1,,1.0,2026-03-17T15:03:13.216369,neutral,0.503,2026-03-17T15:03:12.087468,0.7660529754222116,2026-03-17T15:03:13.907000,90,,,
participant_23,1,day,Town10HD_Opt,2026-03-17 15:03:14.086271,74.4378662109375,70.09188842773438,0.0016482543433085,35.683,0.465,0.868,0.0,0,0,1,,1.0,2026-03-17T15:03:14.086271,neutral,0.503,2026-03-17T15:03:12.087468,0.7505466627765007,2026-03-17T15:03:14.897000,90,,,
participant_23,1,day,Town10HD_Opt,2026-03-17 15:03:15.209829,84.39671325683594,70.16127014160156,0.0017089080065488,49.76,0.284,0.174,0.0,0,0,1,,0.879,2026-03-17T15:03:15.209829,neutral,0.702,2026-03-17T15:03:15.209829,0.6562769322468435,2026-03-17T15:03:15.932000,88,,,
participant_23,1,day,Town10HD_Opt,2026-03-17 15:03:16.046930,92.52284240722656,70.67157745361328,0.0023846053518354,40.662,12.869,0.0,0.0,0,0,1,,1.0,2026-03-17T15:03:16.046930,neutral,0.702,2026-03-17T15:03:15.209829,0.7192199372242484,2026-03-17T15:03:16.921000,89,,,
participant_23,1,day,Town10HD_Opt,2026-03-17 15:03:17.121921,98.979248046875,74.74761962890625,0.0024179839529097,27.152,26.324,0.111,0.0,0,0,1,,0.85,2026-03-17T15:03:17.121921,neutral,0.702,2026-03-17T15:03:15.209829,0.72654669442548,2026-03-17T15:03:17.912000,87,,,
participant_23,1,day,Town10HD_Opt,2026-03-17 15:03:18.006400,100.16167449951172,79.05223846435547,0.0020555495284497,26.404,11.735,0.519,0.0,0,0,1,,0.876,2026-03-17T15:03:18.006400,neutral,0.66,2026-03-17T15:03:18.006400,0.7422999840098146,2026-03-17T15:03:17.912000,88,,,
participant_23,1,day,Town10HD_Opt,2026-03-17 15:03:19.112392,100.37252807617188,86.3206558227539,0.0016176223289221,39.778,1.989,0.941,0.0,0,0,1,,0.84,2026-03-17T15:03:19.112392,neutral,0.66,2026-03-17T15:03:18.006400,0.6508228263996821,2026-03-17T15:03:19.982000,88,,,
participant_23,1,day,Town10HD_Opt,2026-03-17 15:03:20.191337,99.58689880371094,97.00057220458984,0.0019532011356204,48.91,4.551,0.422,0.0,0,0,1,,1.0,2026-03-17T15:03:20.191337,neutral,0.637,2026-03-17T15:03:20.191337,0.7082250183151334,2026-03-17T15:03:20.926000,86,,,
participant_23,1,day,Town10HD_Opt,2026-03-17 15:03:21.022555,97.41127014160156,105.1198501586914,0.0021046064794063,46.942,4.924,0.416,0.0,0,0,1,,1.0,2026-03-17T15:03:21.022555,neutral,0.637,2026-03-17T15:03:20.191337,0.6323207677027608,2026-03-17T15:03:21.916000,87,,,
participant_23,1,day,Town10HD_Opt,2026-03-17 15:03:22.115194,92.45632934570312,114.5903778076172,0.0021010206546634,44.709,3.49,0.411,0.0,0,0,1,,0.883,2026-03-17T15:03:22.115194,neutral,0.637,2026-03-17T15:03:20.191337,0.7136720283411859,2026-03-17T15:03:22.906000,87,,,
participant_23,1,day,Town10HD_Opt,2026-03-17 15:03:23.231993,85.91512298583984,122.407470703125,0.0020941160619258,42.737,6.08,0.411,0.0,0,0,1,,1.0,2026-03-17T15:03:23.231993,neutral,0.824,2026-03-17T15:03:23.231993,0.6288080470143986,2026-03-17T15:03:23.897000,87,,,
participant_23,1,day,Town10HD_Opt,2026-03-17 15:03:24.065859,80.03003692626953,126.82511138916016,0.002091102534905,41.452,6.687,0.411,0.0,0,0,1,,0.897,2026-03-17T15:03:24.065859,neutral,0.824,2026-03-17T15:03:23.231993,0.6147957377071659,2026-03-17T15:03:24.977000,87,,,
participant_23,1,day,Town10HD_Opt,2026-03-17 15:03:25.153317,71.22933197021484,130.3314666748047,0.0020714949350804,40.045,6.343,0.411,0.0,0,0,1,,0.803,2026-03-17T15:03:25.153317,neutral,0.824,2026-03-17T15:03:23.231993,0.633478010397081,2026-03-17T15:03:25.922000,89,,,
participant_23,1,day,Town10HD_Opt,2026-03-17 15:03:26.022713,64.3576431274414,131.23150634765625,0.0020726395305246,39.254,3.702,0.411,0.0,0,0,1,,0.911,2026-03-17T15:03:26.022713,neutral,0.703,2026-03-17T15:03:26.022713,0.6318016262156589,2026-03-17T15:03:26.912000,90,,,
participant_23,1,day,Town10HD_Opt,2026-03-17 15:03:27.182121,55.28429412841797,131.3521728515625,0.0020606995094567,38.501,0.153,0.411,0.0,0,0,1,,0.835,2026-03-17T15:03:27.182121,neutral,0.703,2026-03-17T15:03:26.022713,0.6220804178996504,2026-03-17T15:03:27.902000,89,,,
participant_23,1,day,Town10HD_Opt,2026-03-17 15:03:28.034584,48.58534622192383,131.31790161132812,0.0020580673590302,38.027,0.2,0.411,0.0,0,0,1,,1.0,2026-03-17T15:03:28.034584,happy,0.842,2026-03-17T15:03:28.034584,0.6846979069749216,2026-03-17T15:03:28.892000,90,,,
participant_23,1,day,Town10HD_Opt,2026-03-17 15:03:29.193465,39.7724494934082,131.20086669921875,0.0020553588401526,37.498,0.19,0.411,0.0,0,0,1,,0.804,2026-03-17T15:03:29.193465,happy,0.842,2026-03-17T15:03:28.034584,0.6835151726788596,2026-03-17T15:03:29.927000,92,,,
participant_23,1,day,Town10HD_Opt,2026-03-17 15:03:30.109688,33.2384147644043,131.08045959472656,0.0020536039955914,37.166,0.176,0.411,0.0,0,0,1,,1.0,2026-03-17T15:03:30.109688,neutral,0.482,2026-03-17T15:03:30.109688,0.6592235399308652,2026-03-17T15:03:30.917000,93,,,
participant_23,1,day,Town10HD_Opt,2026-03-17 15:03:31.030416,26.75946044921875,130.927001953125,0.0020520400721579,36.88,-0.092,0.411,0.0,0,0,1,,1.0,2026-03-17T15:03:31.030416,neutral,0.482,2026-03-17T15:03:30.109688,0.6587153236960228,2026-03-17T15:03:31.907000,92,,,
participant_23,1,day,Town10HD_Opt,2026-03-17 15:03:32.162683,18.19202041625977,130.75439453125,0.0020505141001194,36.546,0.007,0.411,0.0,0,0,1,,1.0,2026-03-17T15:03:32.162683,neutral,0.316,2026-03-17T15:03:32.162683,0.5891684244966672,2026-03-17T15:03:32.897000,92,,,
participant_23,1,day,Town10HD_Opt,2026-03-17 15:03:33.023603,11.811529159545898,130.6503143310547,0.0020494842901825,36.357,-0.052,0.411,0.0,0,0,1,,1.0,2026-03-17T15:03:33.023603,neutral,0.316,2026-03-17T15:03:32.162683,0.6496329507374351,2026-03-17T15:03:33.931000,93,,,
participant_23,1,day,Town10HD_Opt,2026-03-17 15:03:34.188210,3.699318170547485,130.53402709960938,0.0022764967288821,29.83,-0.056,0.0,0.0,0,0,1,,0.825,2026-03-17T15:03:34.188210,disgust,0.647,2026-03-17T15:03:34.188210,0.6498478457590331,2026-03-17T15:03:34.922000,89,,,
participant_23,1,day,Town10HD_Opt,2026-03-17 15:03:35.104299,-1.008681058883667,130.47671508789062,0.0022714994847774,23.064,-0.047,0.0,0.0,0,0,1,,0.808,2026-03-17T15:03:35.104299,disgust,0.647,2026-03-17T15:03:34.188210,0.6376265733847621,2026-03-17T15:03:35.912000,89,,,
participant_23,1,day,Town10HD_Opt,2026-03-17 15:03:36.207024,-5.549515247344971,130.42713928222656,0.001987915020436,16.071,-0.047,0.0,0.0,0,0,1,,0.869,2026-03-17T15:03:36.207024,neutral,0.827,2026-03-17T15:03:36.207024,0.6085995242053346,2026-03-17T15:03:36.903000,86,,,
participant_23,1,day,Town10HD_Opt,2026-03-17 15:03:37.074249,-8.052019119262695,130.40219116210938,0.0020366667304188,12.331,-0.047,0.0,0.0,0,0,1,,0.909,2026-03-17T15:03:37.074249,neutral,0.827,2026-03-17T15:03:36.207024,0.66675559889573,2026-03-17T15:03:37.892000,85,,,
participant_23,1,day,Town10HD_Opt,2026-03-17 15:03:38.135454,-10.52568817138672,130.37908935546875,0.0019331359071657,10.591,-0.047,1.0,0.0,0,0,1,,0.815,2026-03-17T15:03:38.135454,neutral,0.827,2026-03-17T15:03:36.207024,0.5861641728242856,2026-03-17T15:03:38.927000,85,,,
participant_23,1,day,Town10HD_Opt,2026-03-17 15:03:39.011769,-13.48372745513916,130.35336303710938,0.001718025188893,24.069,-0.047,1.0,0.0,0,0,1,,1.0,2026-03-17T15:03:39.011769,neutral,0.686,2026-03-17T15:03:39.011769,0.6006255341045244,2026-03-17T15:03:39.916000,84,,,
participant_23,1,day,Town10HD_Opt,2026-03-17 15:03:40.069558,-21.493581771850582,130.29331970214844,0.0015409850748255,45.366,-0.047,0.947,0.0,0,0,1,,0.843,2026-03-17T15:03:40.069558,neutral,0.686,2026-03-17T15:03:39.011769,0.6093807679773657,2026-03-17T15:03:40.907000,84,,,
participant_23,1,day,Town10HD_Opt,2026-03-17 15:03:41.130626,-32.63459777832031,130.09324645996094,0.0023369216360151,42.131,12.704,0.0,0.0,0,0,1,,0.939,2026-03-17T15:03:41.130626,neutral,0.612,2026-03-17T15:03:41.130626,0.567353014443119,2026-03-17T15:03:41.897000,84,,,
participant_23,1,day,Town10HD_Opt,2026-03-17 15:03:42.229123,-39.85125732421875,126.64789581298828,0.002438316354528,28.166,24.724,0.0,0.0,0,0,1,,1.0,2026-03-17T15:03:42.229123,neutral,0.612,2026-03-17T15:03:41.130626,0.6243506561667888,2026-03-17T15:03:42.932000,84,,,
participant_23,1,day,Town10HD_Opt,2026-03-17 15:03:43.077036,-41.55001831054688,122.69723510742188,0.0022796629928052,21.669,12.083,0.372,0.0,0,0,1,,0.887,2026-03-17T15:03:43.077036,neutral,0.612,2026-03-17T15:03:41.130626,0.5804082807740745,2026-03-17T15:03:43.922000,83,,,
participant_23,1,day,Town10HD_Opt,2026-03-17 15:03:44.224723,-42.297733306884766,116.77661895751952,0.001761665334925,31.763,3.945,0.535,0.0,0,0,1,,0.96,2026-03-17T15:03:44.224723,neutral,0.624,2026-03-17T15:03:44.224723,0.6425713173100791,2026-03-17T15:03:44.912000,84,,,
participant_23,1,day,Town10HD_Opt,2026-03-17 15:03:45.148057,-42.39371490478516,110.90908813476562,0.0019349288195371,35.261,0.327,0.503,0.0,0,0,1,,1.0,2026-03-17T15:03:45.148057,neutral,0.624,2026-03-17T15:03:44.224723,0.6177780178935162,2026-03-17T15:03:45.902000,85,,,
participant_23,1,day,Town10HD_Opt,2026-03-17 15:03:46.095178,-42.39030838012695,104.572021484375,0.0020065689459443,36.673,-0.341,0.292,0.0,0,0,1,,0.84,2026-03-17T15:03:46.095178,neutral,0.624,2026-03-17T15:03:44.224723,0.5180047750469263,2026-03-17T15:03:46.892000,83,,,
participant_23,1,day,Town10HD_Opt,2026-03-17 15:03:47.225814,-42.36312103271485,96.40238189697266,0.002136840717867,32.932,0.456,0.274,0.0,0,0,1,,1.0,2026-03-17T15:03:47.225814,neutral,0.671,2026-03-17T15:03:47.225814,0.6739118402861817,2026-03-17T15:03:47.927000,84,,,
participant_23,1,day,Town10HD_Opt,2026-03-17 15:03:48.075085,-42.2380256652832,90.84929656982422,0.0021273039747029,30.315,0.284,0.274,0.0,0,0,1,,1.0,2026-03-17T15:03:48.075085,neutral,0.671,2026-03-17T15:03:47.225814,0.626210735373124,2026-03-17T15:03:48.962000,83,,,
participant_23,1,day,Town10HD_Opt,2026-03-17 15:03:49.161066,-42.02512741088867,84.10303497314453,0.0021158980671316,27.297,-0.11,0.234,0.0,0,0,1,,0.856,2026-03-17T15:03:49.161066,neutral,0.671,2026-03-17T15:03:47.225814,0.687194651849881,2026-03-17T15:03:49.907000,86,,,
participant_23,1,day,Town10HD_Opt,2026-03-17 15:03:50.004371,-41.76006317138672,79.53406524658203,0.002128868130967,24.774,10.61,0.366,0.0,0,0,1,,0.919,2026-03-17T15:03:50.004371,neutral,0.733,2026-03-17T15:03:50.004371,0.6503131565073318,2026-03-17T15:03:50.897000,84,,,
participant_23,1,day,Town10HD_Opt,2026-03-17 15:03:51.169319,-39.638954162597656,74.21251678466797,0.0020449447911232,25.643,19.786,0.398,0.0,0,0,1,,0.813,2026-03-17T15:03:51.169319,neutral,0.733,2026-03-17T15:03:50.004371,0.755349889930007,2026-03-17T15:03:51.932000,86,,,
participant_23,1,day,Town10HD_Opt,2026-03-17 15:03:52.019522,-36.22782516479492,71.31336975097656,0.0020793913863599,25.92,19.543,0.37,0.0,0,0,1,,1.0,2026-03-17T15:03:52.019522,neutral,0.792,2026-03-17T15:03:52.019522,0.5956484686481323,2026-03-17T15:03:52.922000,84,,,
participant_23,1,day,Town10HD_Opt,2026-03-17 15:03:53.162014,-30.414979934692383,70.008056640625,0.0020672224927693,25.852,8.415,0.347,0.0,0,0,1,,0.892,2026-03-17T15:03:53.162014,neutral,0.792,2026-03-17T15:03:52.019522,0.6833920581385476,2026-03-17T15:03:53.912000,84,,,
participant_23,1,day,Town10HD_Opt,2026-03-17 15:03:54.046011,-25.90091896057129,70.05767822265625,0.0020545958541333,25.606,-0.834,0.337,0.0,0,0,1,,0.84,2026-03-17T15:03:54.046011,neutral,0.58,2026-03-17T15:03:54.046011,0.6653211467063428,2026-03-17T15:03:54.902000,86,,,
participant_23,1,day,Town10HD_Opt,2026-03-17 15:03:55.204891,-19.96896171569824,70.10012817382812,0.0020531080663204,25.187,-1.65,0.341,0.0,0,0,1,,1.0,2026-03-17T15:03:55.204891,neutral,0.58,2026-03-17T15:03:54.046011,0.6076273437002947,2026-03-17T15:03:55.937000,86,,,
participant_23,1,day,Town10HD_Opt,2026-03-17 15:03:56.042035,-15.577058792114258,70.00431823730469,0.0020515441428869,24.95,-0.472,0.341,0.0,0,0,1,,1.0,2026-03-17T15:03:56.042035,neutral,0.58,2026-03-17T15:03:54.046011,0.6010877693377136,2026-03-17T15:03:56.927000,85,,,
participant_23,1,day,Town10HD_Opt,2026-03-17 15:03:57.196696,-9.78283405303955,69.7909927368164,0.0020502470433712,24.671,0.153,0.341,0.0,0,0,1,,1.0,2026-03-17T15:03:57.196696,disgust,0.664,2026-03-17T15:03:57.196696,0.6927125737204376,2026-03-17T15:03:57.916000,86,,,
participant_23,1,day,Town10HD_Opt,2026-03-17 15:03:58.089882,-5.4749755859375,69.658447265625,0.0020494079217314,24.507,0.714,0.341,0.0,0,0,1,,1.0,2026-03-17T15:03:58.089882,disgust,0.664,2026-03-17T15:03:57.196696,0.5850335876639334,2026-03-17T15:03:58.906000,88,,,
participant_23,1,day,Town10HD_Opt,2026-03-17 15:03:59.142760,0.2272694706916809,69.58619689941406,0.0020485685672611,24.317,0.649,0.341,0.0,0,0,1,,1.0,2026-03-17T15:03:59.142760,disgust,0.664,2026-03-17T15:03:57.196696,0.671722344365259,2026-03-17T15:03:59.897000,89,,,
participant_23,1,day,Town10HD_Opt,2026-03-17 15:04:00.191344,5.887117385864258,69.62307739257812,0.0020478058140724,24.142,0.649,0.341,0.0,0,0,1,,1.0,2026-03-17T15:04:00.191344,neutral,0.856,2026-03-17T15:04:00.191344,0.6871282330768949,2026-03-17T15:04:00.932000,92,,,
participant_23,1,day,Town10HD_Opt,2026-03-17 15:04:00.993497,10.10447597503662,69.71953582763672,0.0020542526617646,23.829,0.045,0.139,0.0,0,0,1,,1.0,2026-03-17T15:04:00.993497,neutral,0.856,2026-03-17T15:04:00.191344,0.6753408460600272,2026-03-17T15:04:00.932000,91,,,
participant_23,1,day,Town10HD_Opt,2026-03-17 15:04:02.060955,14.972326278686523,69.81775665283203,0.0019818113651126,17.264,-0.223,0.0,0.085,0,0,1,,0.834,2026-03-17T15:04:02.060955,neutral,0.856,2026-03-17T15:04:00.191344,0.683246676875606,2026-03-17T15:04:02.912000,93,,,
participant_23,1,day,Town10HD_Opt,2026-03-17 15:04:03.218960,18.33135032653809,69.867919921875,0.0020519637037068,11.19,0.092,0.0,0.086,0,0,1,,1.0,2026-03-17T15:04:03.218960,neutral,0.633,2026-03-17T15:04:03.218960,0.7700363569452504,2026-03-17T15:04:03.903000,92,,,
participant_23,1,day,Town10HD_Opt,2026-03-17 15:04:04.060704,20.056047439575195,69.89649963378906,0.0020162963774055,8.316,0.07,0.0,0.0,0,0,1,,1.0,2026-03-17T15:04:04.060704,neutral,0.633,2026-03-17T15:04:03.218960,0.8119527751236036,2026-03-17T15:04:04.937000,90,,,
participant_23,1,day,Town10HD_Opt,2026-03-17 15:04:05.234882,21.697185516357425,69.92407989501953,0.0019641113467514,5.786,0.026,0.0,0.0,0,0,1,,0.8,2026-03-17T15:04:05.234882,disgust,0.707,2026-03-17T15:04:05.234882,0.9557878392780176,2026-03-17T15:04:05.927000,90,,,
participant_23,1,day,Town10HD_Opt,2026-03-17 15:04:06.107292,22.612682342529297,69.93960571289062,0.0019620894454419,4.515,0.026,0.0,0.0,0,0,1,,1.0,2026-03-17T15:04:06.107292,disgust,0.707,2026-03-17T15:04:05.234882,0.99,2026-03-17T15:04:06.917000,89,,,
participant_23,1,day,Town10HD_Opt,2026-03-17 15:04:07.230646,23.48932838439941,69.95458984375,0.001939010573551,3.339,0.021,0.0,0.0,0,0,1,,0.835,2026-03-17T15:04:07.230646,disgust,0.707,2026-03-17T15:04:05.234882,0.99,2026-03-17T15:04:07.907000,89,,,
participant_23,1,day,Town10HD_Opt,2026-03-17 15:04:08.062869,24.06035041809082,69.9643325805664,0.0019300079438835,3.255,-0.002,0.104,0.0,0,0,1,,1.0,2026-03-17T15:04:08.062869,neutral,0.784,2026-03-17T15:04:08.062869,0.99,2026-03-17T15:04:07.907000,90,,,
participant_23,1,day,Town10HD_Opt,2026-03-17 15:04:09.190806,24.795312881469727,69.97679901123047,0.0019329452188685,3.023,-0.007,0.0,0.0,0,0,1,,1.0,2026-03-17T15:04:09.190806,neutral,0.784,2026-03-17T15:04:08.062869,0.99,2026-03-17T15:04:09.932000,90,,,
participant_23,1,day,Town10HD_Opt,2026-03-17 15:04:10.063992,25.27286148071289,69.98480987548828,0.0019470977131277,2.443,-0.023,0.0,0.0,0,0,1,,1.0,2026-03-17T15:04:10.063992,disgust,0.657,2026-03-17T15:04:10.063992,0.99,2026-03-17T15:04:10.922000,89,,,
participant_23,1,day,Town10HD_Opt,2026-03-17 15:04:11.214266,25.786989212036133,69.99333953857422,0.0019361877348273,1.838,-0.049,0.0,0.0,0,0,1,,1.0,2026-03-17T15:04:11.214266,disgust,0.657,2026-03-17T15:04:10.063992,0.99,2026-03-17T15:04:11.913000,87,,,
participant_23,1,day,Town10HD_Opt,2026-03-17 15:04:12.001668,26.005651473999023,69.99691009521484,0.0020171354990452,0.0,-0.082,0.0,0.023,0,0,1,,1.0,2026-03-17T15:04:12.001668,disgust,0.657,2026-03-17T15:04:10.063992,0.99,2026-03-17T15:04:12.902000,89,,,
participant_23,1,day,Town10HD_Opt,2026-03-17 15:04:13.102283,26.014583587646484,69.99700927734375,0.0018748092697933,1.984,-0.11,0.891,0.0,0,0,1,,1.0,2026-03-17T15:04:13.102283,neutral,0.803,2026-03-17T15:04:13.102283,0.99,2026-03-17T15:04:13.941000,88,,,
participant_23,1,day,Town10HD_Opt,2026-03-17 15:04:14.234006,28.25550651550293,70.01384735107422,0.0015568542294204,18.717,-4.098,0.718,0.0,0,0,1,,0.836,2026-03-17T15:04:14.234006,neutral,0.803,2026-03-17T15:04:13.102283,0.99,2026-03-17T15:04:14.927000,88,,,errors=Stop sign violation
participant_23,1,day,Town10HD_Opt,2026-03-17 15:04:15.119624,31.852508544921875,69.66873168945312,0.0018894576933234,23.26,-9.952,0.512,0.0,0,0,1,,0.891,2026-03-17T15:04:15.119624,neutral,0.528,2026-03-17T15:04:15.119624,0.99,2026-03-17T15:04:15.917000,89,,,
participant_23,1,day,Town10HD_Opt,2026-03-17 15:04:15.998416,35.94948196411133,68.43694305419922,0.0020547485910356,24.352,-9.586,0.0,0.0,0,0,1,,0.895,2026-03-17T15:04:15.998416,neutral,0.528,2026-03-17T15:04:15.119624,0.99,2026-03-17T15:04:16.907000,90,,,
participant_23,1,day,Town10HD_Opt,2026-03-17 15:04:17.088626,40.13043594360352,65.98561096191406,0.0019803238101303,17.062,-10.802,0.0,0.084,0,0,1,,0.929,2026-03-17T15:04:17.088626,neutral,0.528,2026-03-17T15:04:15.119624,0.99,2026-03-17T15:04:17.942000,90,,,
participant_23,1,day,Town10HD_Opt,2026-03-17 15:04:18.213065,42.47154998779297,63.68233871459961,0.0020598983392119,11.045,-10.891,0.0,0.104,0,0,1,,0.921,2026-03-17T15:04:18.213065,neutral,0.619,2026-03-17T15:04:18.213065,0.99,2026-03-17T15:04:18.932000,89,,,
participant_23,1,day,Town10HD_Opt,2026-03-17 15:04:19.050388,43.54558181762695,62.22348403930664,0.0017671203240752,13.166,-13.477,0.86,0.0,0,0,1,,0.935,2026-03-17T15:04:19.050388,neutral,0.619,2026-03-17T15:04:18.213065,0.99,2026-03-17T15:04:19.922000,86,,,
participant_23,1,day,Town10HD_Opt,2026-03-17 15:04:20.177585,45.31515884399414,57.98899459838867,0.0017655562842264,26.631,-16.206,0.665,0.0,0,0,1,,0.904,2026-03-17T15:04:20.177585,neutral,0.619,2026-03-17T15:04:18.213065,0.99,2026-03-17T15:04:20.912000,89,,,
participant_23,1,day,Town10HD_Opt,2026-03-17 15:04:21.040160,45.56425857543945,53.06208038330078,0.0021139143500477,27.518,-12.597,0.0,0.0,0,0,1,,0.833,2026-03-17T15:04:21.040160,sad,0.364,2026-03-17T15:04:21.040160,0.99,2026-03-17T15:04:21.903000,89,,,
participant_23,1,day,Town10HD_Opt,2026-03-17 15:04:22.143678,44.514408111572266,47.69245147705078,0.0022445677313953,19.029,2.017,0.0,0.0,0,0,1,,0.952,2026-03-17T15:04:22.143678,sad,0.364,2026-03-17T15:04:21.040160,0.99,2026-03-17T15:04:23.027000,88,,,
participant_23,1,day,Town10HD_Opt,2026-03-17 15:04:23.012169,44.109169006347656,44.78113555908203,0.0020786665845662,13.969,9.449,0.0,0.234,0,0,1,,0.881,2026-03-17T15:04:23.012169,sad,0.364,2026-03-17T15:04:21.040160,0.99,2026-03-17T15:04:23.928000,87,,,
participant_23,1,day,Town10HD_Opt,2026-03-17 15:04:24.094689,44.06057357788086,42.22362518310547,0.0020605085883289,7.811,0.376,0.0,0.222,0,0,1,,0.937,2026-03-17T15:04:24.094689,neutral,0.494,2026-03-17T15:04:24.094689,0.99,2026-03-17T15:04:24.965000,86,,,
participant_23,1,day,Town10HD_Opt,2026-03-17 15:04:25.214628,44.03386688232422,41.19465255737305,0.0017789077246561,5.534,3.142,0.969,0.0,0,0,1,,0.922,2026-03-17T15:04:25.214628,neutral,0.494,2026-03-17T15:04:24.094689,0.99,2026-03-17T15:04:25.907000,87,,,
participant_23,1,day,Town10HD_Opt,2026-03-17 15:04:26.026389,44.09175109863281,39.0023193359375,0.0016792296664789,19.71,6.554,0.76,0.0,0,0,1,,0.942,2026-03-17T15:04:26.026389,neutral,0.494,2026-03-17T15:04:24.094689,0.9863205968396932,2026-03-17T15:04:26.942000,86,,,
participant_23,1,day,Town10HD_Opt,2026-03-17 15:04:27.107568,45.30293655395508,33.60765075683594,0.0019425963982939,26.958,15.946,0.426,0.0,0,0,1,,1.0,2026-03-17T15:04:27.107568,neutral,0.757,2026-03-17T15:04:27.107568,0.99,2026-03-17T15:04:27.933000,87,,,
participant_23,1,day,Town10HD_Opt,2026-03-17 15:04:28.203467,49.425907135009766,28.928815841674805,0.0020802307408303,27.715,21.969,0.418,0.0,0,0,1,,1.0,2026-03-17T15:04:28.203467,neutral,0.757,2026-03-17T15:04:27.107568,0.9887812467291522,2026-03-17T15:04:28.922000,87,,,
participant_23,1,day,Town10HD_Opt,2026-03-17 15:04:29.064545,54.045555114746094,27.373952865600582,0.0020544815342873,28.148,6.265,0.32,0.0,0,0,1,,0.813,2026-03-17T15:04:29.064545,neutral,0.757,2026-03-17T15:04:27.107568,0.99,2026-03-17T15:04:29.912000,88,,,
participant_23,1,day,Town10HD_Opt,2026-03-17 15:04:30.149671,60.3571891784668,26.45615005493164,0.002147254999727,25.308,1.354,0.665,0.0,0,0,1,,1.0,2026-03-17T15:04:30.149671,sad,0.354,2026-03-17T15:04:30.149671,0.99,2026-03-17T15:04:30.904000,91,,,
participant_23,1,day,Town10HD_Opt,2026-03-17 15:04:31.217060,67.55353546142578,25.867149353027344,0.0015673064626753,40.915,1.551,0.712,0.0,0,0,1,,0.812,2026-03-17T15:04:31.217060,sad,0.354,2026-03-17T15:04:30.149671,0.99,2026-03-17T15:04:31.937000,93,,,
participant_23,1,day,Town10HD_Opt,2026-03-17 15:04:32.024918,74.39642333984375,25.63248634338379,0.0023254775442183,34.252,1.208,0.27,0.0,0,0,1,,0.837,2026-03-17T15:04:32.024918,sad,0.354,2026-03-17T15:04:30.149671,0.99,2026-03-17T15:04:32.927000,96,,,
participant_23,1,day,Town10HD_Opt,2026-03-17 15:04:33.114275,83.26750946044922,25.76095199584961,0.0015934753464534,47.131,0.59,0.78,0.0,0,0,1,,0.86,2026-03-17T15:04:33.114275,neutral,0.613,2026-03-17T15:04:33.114275,0.9871167594990656,2026-03-17T15:04:33.917000,95,,,
participant_23,1,day,Town10HD_Opt,2026-03-17 15:04:34.163615,93.7061004638672,25.333051681518555,0.0023770141415297,38.043,-9.047,0.024,0.0,0,0,1,,1.0,2026-03-17T15:04:34.163615,neutral,0.613,2026-03-17T15:04:33.114275,0.99,2026-03-17T15:04:34.908000,94,,,
participant_23,1,day,Town10HD_Opt,2026-03-17 15:04:35.045202,99.4744873046875,23.057025909423828,0.0020834731403738,35.504,-15.112,0.672,0.0,0,0,1,,0.858,2026-03-17T15:04:35.045202,neutral,0.613,2026-03-17T15:04:33.114275,0.99,2026-03-17T15:04:35.897000,92,,,
participant_23,1,day,Town10HD_Opt,2026-03-17 15:04:36.114409,105.08228302001952,16.136089324951172,0.0020579528063535,41.109,-14.805,0.0,0.0,0,0,1,,0.835,2026-03-17T15:04:36.114409,neutral,0.874,2026-03-17T15:04:36.114409,0.99,2026-03-17T15:04:36.932000,91,,,
participant_23,1,day,Town10HD_Opt,2026-03-17 15:04:37.162157,105.69329071044922,8.024374961853027,0.0023332594428211,29.229,-3.304,0.0,0.0,0,0,1,,1.0,2026-03-17T15:04:37.162157,neutral,0.874,2026-03-17T15:04:36.114409,0.99,2026-03-17T15:04:37.923000,89,,,
participant_23,1,day,Town10HD_Opt,2026-03-17 15:04:38.006322,105.07264709472656,3.4549598693847656,0.0021926879417151,24.016,17.941,0.275,0.0,0,0,1,,0.906,2026-03-17T15:04:38.006322,neutral,0.874,2026-03-17T15:04:36.114409,0.99,2026-03-17T15:04:38.912000,91,,,
participant_23,1,day,Town10HD_Opt,2026-03-17 15:04:39.109821,106.48091888427734,-1.6110774278640747,0.0021101760212332,21.954,5.756,0.389,0.0,0,0,1,,0.876,2026-03-17T15:04:39.109821,neutral,0.344,2026-03-17T15:04:39.109821,0.9796628923706078,2026-03-17T15:04:39.902000,93,,,
participant_23,1,day,Town10HD_Opt,2026-03-17 15:04:40.116301,108.75334930419922,-6.9930267333984375,0.0016254043439403,33.399,-11.462,0.922,0.0,0,0,1,,1.0,2026-03-17T15:04:40.116301,neutral,0.344,2026-03-17T15:04:39.109821,0.9792012500802292,2026-03-17T15:04:40.938000,93,,,
participant_23,1,day,Town10HD_Opt,2026-03-17 15:04:41.165478,108.90309143066406,-16.388811111450195,0.0017547225579619,47.858,-7.209,0.699,0.0,0,0,1,,0.896,2026-03-17T15:04:41.165478,neutral,0.436,2026-03-17T15:04:41.165478,0.99,2026-03-17T15:04:41.928000,93,,,
participant_23,1,day,Town10HD_Opt,2026-03-17 15:04:42.203167,105.22664642333984,-27.272262573242188,0.0021546173375099,47.478,12.289,0.0,0.0,0,0,1,,0.836,2026-03-17T15:04:42.203167,neutral,0.436,2026-03-17T15:04:41.165478,0.99,2026-03-17T15:04:42.918000,93,,,
participant_23,1,day,Town10HD_Opt,2026-03-17 15:04:43.002571,104.50778198242188,-34.56398010253906,0.002410392742604,36.384,10.271,0.0,0.0,0,0,1,,0.95,2026-03-17T15:04:43.002571,neutral,0.436,2026-03-17T15:04:41.165478,0.99,2026-03-17T15:04:43.908000,94,,,
participant_23,1,day,Town10HD_Opt,2026-03-17 15:04:44.002694,106.3005142211914,-41.59922790527344,0.0022942733485251,25.621,-6.421,0.0,0.0,0,0,1,,0.829,2026-03-17T15:04:44.002694,neutral,0.695,2026-03-17T15:04:44.002694,0.99,2026-03-17T15:04:43.908000,92,,,
participant_23,1,day,Town10HD_Opt,2026-03-17 15:04:45.022604,106.77525329589844,-46.37906646728516,0.0248505398631095,9.72,-11.441,0.0,0.0,0,0,1,,1.0,2026-03-17T15:04:45.022604,neutral,0.695,2026-03-17T15:04:44.002694,0.99,2026-03-17T15:04:45.933000,94,,,
participant_23,1,day,Town10HD_Opt,2026-03-17 15:04:45.988885,106.73240661621094,-46.51335525512695,0.0367256551980972,0.013,-11.61,0.0,0.0,0,0,1,,1.0,2026-03-17T15:04:45.988885,neutral,0.695,2026-03-17T15:04:44.002694,0.99,2026-03-17T15:04:45.933000,94,,,
participant_23,1,day,Town10HD_Opt,2026-03-17 15:04:47.118671,-41.66875076293945,89.74507904052734,-0.0706437975168228,0.863,-10.499,0.0,0.0,0,0,0,,1.0,2026-03-17T15:04:47.118671,neutral,0.632,2026-03-17T15:04:47.118671,0.9889024921779274,2026-03-17T15:04:47.912000,93,,,
participant_23,1,day,Town10HD_Opt,2026-03-17 15:04:48.233079,-41.66885757446289,89.74560546875,0.0016922760987654,0.002,1.363,0.746,0.0,0,0,0,,1.0,2026-03-17T15:04:48.233079,neutral,0.632,2026-03-17T15:04:47.118671,0.99,2026-03-17T15:04:48.902000,92,,,
participant_23,1,day,Town10HD_Opt,2026-03-17 15:04:49.037516,-41.668212890625,88.78458404541016,0.0014388725394383,13.657,0.367,0.726,0.0,0,0,1,,1.0,2026-03-17T15:04:49.037516,neutral,0.632,2026-03-17T15:04:47.118671,0.99,2026-03-17T15:04:48.902000,93,,,
participant_23,1,day,Town10HD_Opt,2026-03-17 15:04:50.109968,-41.647499084472656,84.77090454101562,0.0018525690538808,17.165,0.36,0.0,0.0,0,0,1,,1.0,2026-03-17T15:04:50.109968,disgust,0.784,2026-03-17T15:04:50.109968,0.99,2026-03-17T15:04:50.928000,91,,,
participant_23,1,day,Town10HD_Opt,2026-03-17 15:04:51.148065,-41.59908676147461,81.3432388305664,0.002033308148384,12.104,1.648,0.0,0.0,0,0,1,,1.0,2026-03-17T15:04:51.148065,disgust,0.784,2026-03-17T15:04:50.109968,0.9837968663370492,2026-03-17T15:04:51.918000,91,,,
participant_23,1,day,Town10HD_Opt,2026-03-17 15:04:52.235277,-41.40237045288086,78.86808776855469,0.001847039326094,11.69,10.13,0.62,0.0,0,0,1,,1.0,2026-03-17T15:04:52.235277,neutral,0.646,2026-03-17T15:04:52.235277,0.99,2026-03-17T15:04:52.908000,90,,,
participant_23,1,day,Town10HD_Opt,2026-03-17 15:04:53.110043,-40.7593002319336,76.3138427734375,0.0018752701580524,18.649,14.268,0.495,0.0,0,0,1,,1.0,2026-03-17T15:04:53.110043,neutral,0.646,2026-03-17T15:04:52.235277,0.9844133922200976,2026-03-17T15:04:53.898000,90,,,
participant_23,1,day,Town10HD_Opt,2026-03-17 15:04:54.165304,-38.607452392578125,72.546875,0.001912840292789,17.567,22.753,0.0,0.0,0,0,1,,1.0,2026-03-17T15:04:54.165304,neutral,0.646,2026-03-17T15:04:52.235277,0.99,2026-03-17T15:04:54.933000,91,,,
participant_23,1,day,Town10HD_Opt,2026-03-17 15:04:55.027969,-36.41231155395508,70.97358703613281,0.0020777105819433,13.46,25.674,0.0,0.0,0,0,1,,1.0,2026-03-17T15:04:55.027969,neutral,0.987,2026-03-17T15:04:55.027969,0.99,2026-03-17T15:04:54.933000,89,,,
participant_23,1,day,Town10HD_Opt,2026-03-17 15:04:56.180632,-33.746219635009766,70.2314682006836,0.0018725210102275,12.788,22.028,0.545,0.0,0,0,1,phone_call,0.927,2026-03-17T15:04:56.180632,neutral,0.987,2026-03-17T15:04:55.027969,0.99,2026-03-17T15:04:56.913000,91,,,
participant_23,1,day,Town10HD_Opt,2026-03-17 15:04:57.022553,-31.143085479736328,70.19014739990234,0.0018917088164016,15.615,7.477,0.127,0.0,0,0,1,phone_call,0.827,2026-03-17T15:04:57.022553,neutral,0.987,2026-03-17T15:04:55.027969,0.99,2026-03-17T15:04:57.902000,90,,,
participant_23,1,day,Town10HD_Opt,2026-03-17 15:04:58.145799,-27.72719383239746,70.13765716552734,0.0019377514254301,14.214,-2.304,0.392,0.0,0,0,1,,1.0,2026-03-17T15:04:58.145799,neutral,0.87,2026-03-17T15:04:58.145799,0.99,2026-03-17T15:04:58.937000,91,,,
participant_23,1,day,Town10HD_Opt,2026-03-17 15:04:59.000118,-24.87954330444336,70.01594543457031,0.0020081351976841,18.547,0.522,0.527,0.0,0,0,1,,1.0,2026-03-17T15:04:59.000118,neutral,0.87,2026-03-17T15:04:58.145799,0.99,2026-03-17T15:04:58.937000,92,,,
participant_23,2,day,Town10HD_Opt,2026-03-17 15:15:00.000000,-41.66858673095703,89.7454833984375,0.5804919004440308,0.0,-0.247,0.0,0.0,0,0,0,,1.0,2026-03-17T15:15:00,,,2026-03-17T15:15:00,0.6106969320484252,2026-03-17T15:15:00,88,,,
participant_23,2,day,Town10HD_Opt,2026-03-17 15:15:04.667897,-41.66858673095703,89.7454833984375,0.0019181441748514,0.0,-0.247,0.0,0.0,0,0,0,,1.0,2026-03-17T15:15:04.667897,,,2026-03-17T15:15:04.667897,0.7289751051982296,2026-03-17T15:15:04.998000,93,,,
participant_23,2,day,Town10HD_Opt,2026-03-17 15:15:04.998879,-41.66858673095703,89.7454833984375,0.0019181441748514,0.0,-0.247,0.0,0.0,0,0,0,,1.0,2026-03-17T15:15:04.667897,,,2026-03-17T15:15:04.667897,0.7417820957845451,2026-03-17T15:15:04.998000,92,,,
participant_23,2,day,Town10HD_Opt,2026-03-17 15:15:06.246216,-41.66858673095703,89.7454833984375,0.0019181441748514,0.0,-0.247,0.0,0.0,0,0,0,,0.823,2026-03-17T15:15:06.246216,,,2026-03-17T15:15:04.667897,0.6534544856091214,2026-03-17T15:15:05.984000,94,,,
participant_23,2,day,Town10HD_Opt,2026-03-17 15:15:07.226773,-41.66858673095703,89.7454833984375,0.0019181441748514,0.0,-0.247,0.0,0.0,0,0,0,,1.0,2026-03-17T15:15:07.226773,neutral,0.949,2026-03-17T15:15:07.226773,0.6893859392925065,2026-03-17T15:15:07.020000,93,,,
participant_23,2,day,Town10HD_Opt,2026-03-17 15:15:08.287705,-41.66858673095703,89.7454833984375,0.0019181441748514,0.0,-0.247,0.0,0.0,0,0,0,,1.0,2026-03-17T15:15:08.287705,neutral,0.949,2026-03-17T15:15:07.226773,0.6702103465344372,2026-03-17T15:15:08.010000,90,,,
participant_23,2,day,Town10HD_Opt,2026-03-17 15:15:09.275112,-41.66858673095703,89.7454833984375,0.0019181441748514,0.0,-0.247,0.0,0.0,0,0,0,,1.0,2026-03-17T15:15:09.275112,neutral,0.944,2026-03-17T15:15:09.275112,0.7263950308823862,2026-03-17T15:15:09.001000,90,,,
participant_23,2,day,Town10HD_Opt,2026-03-17 15:15:10.288909,-41.66858673095703,89.7454833984375,0.0019181441748514,0.0,-0.247,0.0,0.0,0,0,0,,1.0,2026-03-17T15:15:10.288909,neutral,0.944,2026-03-17T15:15:09.275112,0.7124706206896578,2026-03-17T15:15:09.990000,90,,,
participant_23,2,day,Town10HD_Opt,2026-03-17 15:15:11.309272,-41.66858673095703,89.7454833984375,0.0019181441748514,0.0,-0.247,0.0,0.0,0,0,0,,1.0,2026-03-17T15:15:11.309272,happy,0.988,2026-03-17T15:15:11.309272,0.7680919169512579,2026-03-17T15:15:10.980000,90,,,
participant_23,2,day,Town10HD_Opt,2026-03-17 15:15:12.064549,-41.66858673095703,89.7454833984375,0.0019181441748514,0.0,-0.247,0.0,0.0,0,0,0,,1.0,2026-03-17T15:15:12.064549,happy,0.988,2026-03-17T15:15:11.309272,0.7686314249851599,2026-03-17T15:15:12.014000,89,,,
participant_23,2,day,Town10HD_Opt,2026-03-17 15:15:13.047995,-41.66858673095703,89.7454833984375,0.0019181441748514,0.0,-0.247,0.0,0.0,0,0,0,,1.0,2026-03-17T15:15:13.047995,happy,0.988,2026-03-17T15:15:11.309272,0.7814423840291245,2026-03-17T15:15:13.005000,89,,,
participant_23,2,day,Town10HD_Opt,2026-03-17 15:15:14.062123,-41.66858673095703,89.7454833984375,0.0019181441748514,0.0,-0.247,0.0,0.0,0,0,0,,1.0,2026-03-17T15:15:14.062123,happy,0.866,2026-03-17T15:15:14.062123,0.7857516214271767,2026-03-17T15:15:13.996000,89,,,
participant_23,2,day,Town10HD_Opt,2026-03-17 15:15:15.115988,-41.66858673095703,89.7454833984375,0.0019181441748514,0.0,0.644,0.778,0.0,0,0,0,,1.0,2026-03-17T15:15:15.115988,happy,0.866,2026-03-17T15:15:14.062123,0.8381134848446687,2026-03-17T15:15:14.984000,89,,,
participant_23,2,day,Town10HD_Opt,2026-03-17 15:15:16.114850,-41.66599655151367,88.9237289428711,0.0013215255457907,14.487,0.611,0.962,0.0,0,0,1,,0.823,2026-03-17T15:15:16.114850,neutral,0.687,2026-03-17T15:15:16.114850,0.7645449224567608,2026-03-17T15:15:16.020000,87,,,
participant_23,2,day,Town10HD_Opt,2026-03-17 15:15:17.213873,-41.63834762573242,85.81222534179688,0.0019764709286391,17.947,0.827,0.128,0.0,0,0,1,,1.0,2026-03-17T15:15:17.213873,neutral,0.687,2026-03-17T15:15:16.114850,0.8178144483771438,2026-03-17T15:15:17.055000,88,,,
participant_23,2,day,Town10HD_Opt,2026-03-17 15:15:18.260523,-41.563758850097656,82.82283020019531,0.0019695663359016,16.146,3.471,0.186,0.0,0,0,1,,1.0,2026-03-17T15:15:18.260523,neutral,0.958,2026-03-17T15:15:18.260523,0.7683676030953879,2026-03-17T15:15:18,90,,,
participant_23,2,day,Town10HD_Opt,2026-03-17 15:15:19.013812,-41.39632415771485,80.9480972290039,0.0018938827561214,16.766,8.029,0.395,0.0,0,0,1,,0.895,2026-03-17T15:15:19.013812,neutral,0.958,2026-03-17T15:15:18.260523,0.8028121242923922,2026-03-17T15:15:19.080000,92,,,
participant_23,2,day,Town10HD_Opt,2026-03-17 15:15:20.064271,-40.76408004760742,77.9130859375,0.0020623398013412,18.345,10.656,0.375,0.0,0,0,1,,1.0,2026-03-17T15:15:20.064271,neutral,0.958,2026-03-17T15:15:18.260523,0.7665971109138031,2026-03-17T15:15:19.981000,93,,,
participant_23,2,day,Town10HD_Opt,2026-03-17 15:15:21.209080,-39.53650665283203,74.95092010498047,0.0020353698637336,18.772,15.721,0.367,0.0,0,0,1,,1.0,2026-03-17T15:15:21.209080,neutral,0.978,2026-03-17T15:15:21.209080,0.7739802858439476,2026-03-17T15:15:21.060000,92,,,
participant_23,2,day,Town10HD_Opt,2026-03-17 15:15:22.333452,-37.4530029296875,72.3740005493164,0.0020499038510024,19.442,19.644,0.344,0.0,0,0,1,,0.803,2026-03-17T15:15:22.333452,neutral,0.978,2026-03-17T15:15:21.209080,0.7457072381241525,2026-03-17T15:15:22.004000,93,,,
participant_23,2,day,Town10HD_Opt,2026-03-17 15:15:23.080779,-35.59904861450195,71.07665252685547,0.0020625304896384,19.638,20.498,0.344,0.0,0,0,1,,1.0,2026-03-17T15:15:23.080779,neutral,0.978,2026-03-17T15:15:21.209080,0.8056515949769366,2026-03-17T15:15:23.040000,94,,,
participant_23,2,day,Town10HD_Opt,2026-03-17 15:15:24.128667,-32.34900665283203,69.99526977539062,0.0020571136847138,19.986,13.161,0.342,0.0,0,0,1,,0.879,2026-03-17T15:15:24.128667,neutral,0.986,2026-03-17T15:15:24.128667,0.7834055991823518,2026-03-17T15:15:23.988000,96,,,
participant_23,2,day,Town10HD_Opt,2026-03-17 15:15:25.191664,-28.85415267944336,69.59513092041016,0.0020455932244658,20.191,7.347,0.342,0.0,0,0,1,,0.815,2026-03-17T15:15:25.191664,neutral,0.986,2026-03-17T15:15:24.128667,0.8081348686890458,2026-03-17T15:15:25.020000,92,,,
participant_23,2,day,Town10HD_Opt,2026-03-17 15:15:26.264542,-25.29965591430664,69.60286712646484,0.0020264815539121,20.645,1.568,0.366,0.0,0,0,1,,1.0,2026-03-17T15:15:26.264542,neutral,0.914,2026-03-17T15:15:26.264542,0.8045007288501544,2026-03-17T15:15:26.012000,92,,,
participant_23,2,day,Town10HD_Opt,2026-03-17 15:15:27.010078,-22.86748695373535,69.63871765136719,0.002021598862484,21.11,-3.059,0.359,0.0,0,0,1,,0.929,2026-03-17T15:15:27.010078,neutral,0.914,2026-03-17T15:15:26.264542,0.7548133813275034,2026-03-17T15:15:27,89,,,
participant_23,2,day,Town10HD_Opt,2026-03-17 15:15:28.049481,-19.125747680664062,69.59523010253906,0.0020249558147042,21.7,2.153,0.359,0.0,0,0,1,,0.935,2026-03-17T15:15:28.049481,neutral,0.914,2026-03-17T15:15:26.264542,0.8540136196987902,2026-03-17T15:15:27.990000,91,,,
participant_23,2,day,Town10HD_Opt,2026-03-17 15:15:29.108429,-15.286521911621094,69.6318359375,0.0020265197381377,22.221,-0.674,0.359,0.0,0,0,1,,0.896,2026-03-17T15:15:29.108429,neutral,0.992,2026-03-17T15:15:29.108429,0.767288891558109,2026-03-17T15:15:28.981000,93,,,
participant_23,2,day,Town10HD_Opt,2026-03-17 15:15:30.132904,-11.36011791229248,69.6234359741211,0.0020282363984733,22.687,0.078,0.359,0.0,0,0,1,,0.93,2026-03-17T15:15:30.132904,neutral,0.992,2026-03-17T15:15:29.108429,0.8321528618525194,2026-03-17T15:15:30.015000,93,,,
participant_23,2,day,Town10HD_Opt,2026-03-17 15:15:31.187278,-7.35674238204956,69.62390899658203,0.0020303344354033,23.094,0.277,0.358,0.0,0,0,1,,0.9,2026-03-17T15:15:31.187278,neutral,0.999,2026-03-17T15:15:31.187278,0.7237684011241174,2026-03-17T15:15:31.005000,95,Solid line crossing,Solid line crossing,
participant_23,2,day,Town10HD_Opt,2026-03-17 15:15:32.156403,-3.2877566814422607,69.6466064453125,0.0020324324723333,23.415,0.106,0.357,0.0,0,0,1,,1.0,2026-03-17T15:15:32.156403,neutral,0.999,2026-03-17T15:15:31.187278,0.8069426407700772,2026-03-17T15:15:31.995000,96,,,
participant_23,2,day,Town10HD_Opt,2026-03-17 15:15:33.137088,0.835516095161438,69.68023681640625,0.0020343780051916,23.712,0.096,0.356,0.0,0,0,1,,1.0,2026-03-17T15:15:33.137088,neutral,0.999,2026-03-17T15:15:31.187278,0.7567304510676948,2026-03-17T15:15:32.986000,95,,,
participant_23,2,day,Town10HD_Opt,2026-03-17 15:15:34.106813,5.004571437835693,69.72296905517578,0.0020355223678052,23.955,0.096,0.356,0.0,0,0,1,,0.919,2026-03-17T15:15:34.106813,neutral,0.985,2026-03-17T15:15:34.106813,0.8719613210053168,2026-03-17T15:15:34.021000,92,,,
participant_23,2,day,Town10HD_Opt,2026-03-17 15:15:35.133265,9.213705062866213,69.7750015258789,0.002036437857896,24.168,0.096,0.353,0.0,0,0,1,,0.909,2026-03-17T15:15:35.133265,neutral,0.985,2026-03-17T15:15:34.106813,0.7359480157912901,2026-03-17T15:15:35.010000,89,,,
participant_23,2,day,Town10HD_Opt,2026-03-17 15:15:36.138459,13.353962898254396,69.8349380493164,0.0021691513247787,21.57,0.096,0.0,0.0,0,0,1,,0.893,2026-03-17T15:15:36.138459,neutral,0.988,2026-03-17T15:15:36.138459,0.7559725252145442,2026-03-17T15:15:36,88,,,
participant_23,2,day,Town10HD_Opt,2026-03-17 15:15:37.184280,16.694257736206055,69.8899917602539,0.0019616317003965,16.22,0.096,0.0,0.146,0,0,1,,0.947,2026-03-17T15:15:37.184280,neutral,0.988,2026-03-17T15:15:36.138459,0.8287555762068565,2026-03-17T15:15:36.990000,87,,,
participant_23,2,day,Town10HD_Opt,2026-03-17 15:15:38.257798,19.18490600585937,69.93578338623047,0.0020685195922851,11.693,0.096,0.0,0.095,0,0,1,,0.97,2026-03-17T15:15:38.257798,neutral,0.999,2026-03-17T15:15:38.257798,0.7701509282594282,2026-03-17T15:15:37.983000,86,,,
participant_23,2,day,Town10HD_Opt,2026-03-17 15:15:39.250020,20.993385314941406,69.97116088867188,0.0020217131823301,8.641,0.096,0.0,0.12,0,0,1,,0.94,2026-03-17T15:15:39.250020,neutral,0.999,2026-03-17T15:15:38.257798,0.7670315284023023,2026-03-17T15:15:39.015000,87,,,
participant_23,2,day,Town10HD_Opt,2026-03-17 15:15:40.299654,21.949499130249023,69.99057006835938,0.0023422623053193,0.001,0.096,0.0,0.399,0,0,1,,0.874,2026-03-17T15:15:40.299654,neutral,0.941,2026-03-17T15:15:40.299654,0.8018006849859556,2026-03-17T15:15:40.005000,87,,,
participant_23,2,day,Town10HD_Opt,2026-03-17 15:15:41.274709,21.950946807861328,69.9905776977539,0.0019327925983816,0.014,0.096,0.005,0.0,0,0,1,,0.971,2026-03-17T15:15:41.274709,neutral,0.941,2026-03-17T15:15:40.299654,0.758800586042477,2026-03-17T15:15:40.995000,87,,,
participant_23,2,day,Town10HD_Opt,2026-03-17 15:15:42.288732,21.98520469665528,69.99134063720703,0.0018587874947115,1.322,0.101,0.24,0.0,0,0,1,,0.952,2026-03-17T15:15:42.288732,neutral,0.941,2026-03-17T15:15:40.299654,0.7896048748593394,2026-03-17T15:15:41.986000,86,,,
participant_23,2,day,Town10HD_Opt,2026-03-17 15:15:43.294982,22.387176513671875,69.9997329711914,0.0018351363250985,3.816,0.101,0.242,0.0,0,0,1,,0.837,2026-03-17T15:15:43.294982,neutral,0.991,2026-03-17T15:15:43.294982,0.7275807365213752,2026-03-17T15:15:43.021000,87,,,
participant_23,2,day,Town10HD_Opt,2026-03-17 15:15:44.043275,22.90518569946289,70.01010131835938,0.0018357086228206,5.478,-0.888,0.241,0.0,0,0,1,,1.0,2026-03-17T15:15:44.043275,neutral,0.991,2026-03-17T15:15:43.294982,0.7681025532127392,2026-03-17T15:15:44.100000,85,,,
participant_23,2,day,Town10HD_Opt,2026-03-17 15:15:45.074572,24.01721572875977,70.01710510253906,0.0018546676728874,7.481,0.971,0.219,0.0,0,0,1,,0.844,2026-03-17T15:15:45.074572,neutral,0.991,2026-03-17T15:15:43.294982,0.717204393543904,2026-03-17T15:15:45.046000,83,,,
participant_23,2,day,Town10HD_Opt,2026-03-17 15:15:46.100096,25.29739761352539,70.04634094238281,0.0019644545391201,6.423,0.505,0.0,0.12,0,0,1,,0.864,2026-03-17T15:15:46.100096,neutral,0.972,2026-03-17T15:15:46.100096,0.7445151527927925,2026-03-17T15:15:45.991000,81,,,
participant_23,2,day,Town10HD_Opt,2026-03-17 15:15:47.082043,25.57332420349121,70.05333709716797,0.0019839478190988,0.0,0.484,0.0,0.3,0,0,1,,0.86,2026-03-17T15:15:47.082043,neutral,0.972,2026-03-17T15:15:46.100096,0.7226558066687383,2026-03-17T15:15:46.981000,81,,,
participant_23,2,day,Town10HD_Opt,2026-03-17 15:15:48.046606,25.57330703735352,70.05333709716797,0.0019182204268872,0.206,0.376,0.354,0.0,0,0,1,,1.0,2026-03-17T15:15:48.046606,neutral,0.972,2026-03-17T15:15:46.100096,0.7258615402204193,2026-03-17T15:15:48.015000,80,,,
participant_23,2,day,Town10HD_Opt,2026-03-17 15:15:49.060612,26.024349212646484,70.0582275390625,0.0017300796462222,5.774,-1.97,0.43,0.0,0,0,1,,0.842,2026-03-17T15:15:49.060612,happy,0.562,2026-03-17T15:15:49.060612,0.7116279912123402,2026-03-17T15:15:49.006000,83,,,
participant_23,2,day,Town10HD_Opt,2026-03-17 15:15:50.145561,27.37670516967773,70.03599548339844,0.0018628310644999,8.623,-5.177,0.157,0.0,0,0,1,,0.971,2026-03-17T15:15:50.145561,happy,0.562,2026-03-17T15:15:49.060612,0.7764034230505741,2026-03-17T15:15:49.996000,81,,,
participant_23,2,day,Town10HD_Opt,2026-03-17 15:15:51.192426,28.869291305541992,69.92755889892578,0.0019419860327616,8.137,-6.499,0.104,0.0,0,0,1,,0.983,2026-03-17T15:15:51.192426,happy,0.525,2026-03-17T15:15:51.192426,0.7805569948013402,2026-03-17T15:15:50.986000,83,,,
participant_23,2,day,Town10HD_Opt,2026-03-17 15:15:52.307622,30.25347900390625,69.73552703857422,0.0019188307924196,7.968,-8.842,0.196,0.0,0,0,1,,0.994,2026-03-17T15:15:52.307622,happy,0.525,2026-03-17T15:15:51.192426,0.7697231221062336,2026-03-17T15:15:52.021000,87,,,
participant_23,2,day,Town10HD_Opt,2026-03-17 15:15:53.020309,31.20306396484375,69.53974151611328,0.0018896865658462,8.691,-9.04,0.211,0.0,0,0,1,,0.988,2026-03-17T15:15:53.020309,happy,0.525,2026-03-17T15:15:51.192426,0.805276092884143,2026-03-17T15:15:53.011000,85,,,
participant_23,2,day,Town10HD_Opt,2026-03-17 15:15:54.050380,32.76118469238281,69.10660552978516,0.0018835830269381,9.858,-9.55,0.222,0.0,0,0,1,,0.979,2026-03-17T15:15:54.050380,neutral,0.939,2026-03-17T15:15:54.050380,0.8337018185232533,2026-03-17T15:15:54.001000,86,,,
participant_23,2,day,Town10HD_Opt,2026-03-17 15:15:55.093155,34.44804000854492,68.45897674560547,0.0018895721295848,10.882,-11.057,0.236,0.0,0,0,1,,0.982,2026-03-17T15:15:55.093155,neutral,0.939,2026-03-17T15:15:54.050380,0.8226624228649806,2026-03-17T15:15:54.991000,84,,,
participant_23,2,day,Town10HD_Opt,2026-03-17 15:15:56.114390,36.21923065185547,67.53617095947266,0.0018808364402502,12.138,-11.057,0.246,0.0,0,0,1,,0.931,2026-03-17T15:15:56.114390,happy,0.62,2026-03-17T15:15:56.114390,0.9185975585812484,2026-03-17T15:15:55.981000,84,,,
participant_23,2,day,Town10HD_Opt,2026-03-17 15:15:57.112590,38.0247802734375,66.29981994628906,0.0018997192382812,12.885,-11.057,0.234,0.0,0,0,1,,0.985,2026-03-17T15:15:57.112590,happy,0.62,2026-03-17T15:15:56.114390,0.8794779716242588,2026-03-17T15:15:57.015000,83,,,
participant_23,2,day,Town10HD_Opt,2026-03-17 15:15:58.100208,39.75389099121094,64.75301361083984,0.0026510239113122,13.732,-11.057,0.259,0.0,0,0,1,,0.989,2026-03-17T15:15:58.100208,happy,0.62,2026-03-17T15:15:56.114390,0.940247091026478,2026-03-17T15:15:58.005000,83,,,
participant_23,2,day,Town10HD_Opt,2026-03-17 15:15:59.114305,41.35435485839844,62.87019348144531,0.0018812179332599,14.662,-11.041,0.265,0.0,0,0,1,,0.969,2026-03-17T15:15:59.114305,happy,0.769,2026-03-17T15:15:59.114305,0.8226819078599956,2026-03-17T15:15:58.995000,83,,,
participant_23,2,day,Town10HD_Opt,2026-03-17 15:16:00.148535,42.75022506713867,60.64348602294922,0.0018941116286441,15.472,-11.028,0.269,0.0,0,0,1,,0.8,2026-03-17T15:16:00.148535,happy,0.769,2026-03-17T15:15:59.114305,0.8112212958724322,2026-03-17T15:16:00.032000,84,,,
participant_23,2,day,Town10HD_Opt,2026-03-17 15:16:01.191316,43.84769821166992,58.10395812988281,0.0019036864396184,16.217,-11.228,0.266,0.0,0,0,1,,0.905,2026-03-17T15:16:01.191316,happy,0.794,2026-03-17T15:16:01.191316,0.9778946141552216,2026-03-17T15:16:01.021000,88,Solid line crossing,Solid line crossing,
participant_23,2,day,Town10HD_Opt,2026-03-17 15:16:02.186936,44.54549026489258,55.31881713867188,0.0019116591429337,16.703,-11.344,0.262,0.0,0,0,1,,0.984,2026-03-17T15:16:02.186936,happy,0.794,2026-03-17T15:16:01.191316,0.9007154134931953,2026-03-17T15:16:02.011000,92,,,
participant_23,2,day,Town10HD_Opt,2026-03-17 15:16:03.198626,44.83444595336914,52.39274215698242,0.0019248580792918,16.732,-4.568,0.175,0.0,0,0,1,,0.971,2026-03-17T15:16:03.198626,neutral,0.934,2026-03-17T15:16:03.198626,0.9053140941410792,2026-03-17T15:16:03.002000,93,,,
participant_23,2,day,Town10HD_Opt,2026-03-17 15:16:04.219583,44.91816329956055,49.55557632446289,0.0019564819522202,15.616,-6.225,0.17,0.0,0,0,1,,0.98,2026-03-17T15:16:04.219583,neutral,0.934,2026-03-17T15:16:03.198626,0.9167948147638466,2026-03-17T15:16:03.991000,95,,,
participant_23,2,day,Town10HD_Opt,2026-03-17 15:16:05.272088,44.77811050415039,46.92892456054688,0.0019980238284915,13.727,-4.365,0.0,0.0,0,0,1,,0.953,2026-03-17T15:16:05.272088,neutral,0.795,2026-03-17T15:16:05.272088,0.8786227601840245,2026-03-17T15:16:05.026000,94,,,errors=Solid line crossing
participant_23,2,day,Town10HD_Opt,2026-03-17 15:16:06.315705,44.61164093017578,44.81966781616211,0.0020359419286251,10.132,2.059,0.0,0.069,0,0,1,,0.946,2026-03-17T15:16:06.315705,neutral,0.795,2026-03-17T15:16:05.272088,0.8696951181759667,2026-03-17T15:16:06.016000,93,,,
participant_23,2,day,Town10HD_Opt,2026-03-17 15:16:07.022985,44.56789779663086,43.74188232421875,0.002005310030654,8.325,3.49,0.0,0.0,0,0,1,,0.894,2026-03-17T15:16:07.022985,neutral,0.795,2026-03-17T15:16:05.272088,0.9041251487339804,2026-03-17T15:16:07.005000,93,,,
participant_23,2,day,Town10HD_Opt,2026-03-17 15:16:08.036808,44.54523468017578,42.41764068603516,0.001928825280629,7.573,2.73,0.288,0.0,0,0,1,,0.883,2026-03-17T15:16:08.036808,neutral,0.954,2026-03-17T15:16:08.036808,0.8115586648264252,2026-03-17T15:16:07.996000,95,,,
participant_23,2,day,Town10HD_Opt,2026-03-17 15:16:09.087278,44.55061340332031,40.89611053466797,0.0018125915667042,10.518,3.033,0.356,0.0,0,0,1,,0.857,2026-03-17T15:16:09.087278,neutral,0.954,2026-03-17T15:16:08.036808,0.689870366314909,2026-03-17T15:16:09.031000,97,,,
participant_23,2,day,Town10HD_Opt,2026-03-17 15:16:10.100583,44.6353645324707,38.83209991455078,0.0018589019309729,12.805,5.742,0.214,0.0,0,0,1,,1.0,2026-03-17T15:16:10.100583,neutral,0.926,2026-03-17T15:16:10.100583,0.7944923937480708,2026-03-17T15:16:10.021000,99,,,
participant_23,2,day,Town10HD_Opt,2026-03-17 15:16:11.170199,44.97501373291016,36.636905670166016,0.0019544982351362,12.17,12.573,0.067,0.0,0,0,1,,0.862,2026-03-17T15:16:11.170199,neutral,0.926,2026-03-17T15:16:10.100583,0.8950055553411509,2026-03-17T15:16:11.011000,100,,,
participant_23,2,day,Town10HD_Opt,2026-03-17 15:16:12.196227,45.59366226196289,34.8061637878418,0.0019984054379165,9.906,17.936,0.103,0.0,0,0,1,,1.0,2026-03-17T15:16:12.196227,neutral,0.979,2026-03-17T15:16:12.196227,0.8346571734437733,2026-03-17T15:16:12.001000,98,,,
participant_23,2,day,Town10HD_Opt,2026-03-17 15:16:13.217427,46.41703414916992,33.3558464050293,0.0019253920763731,9.623,19.327,0.223,0.0,0,0,1,,1.0,2026-03-17T15:16:13.217427,neutral,0.979,2026-03-17T15:16:12.196227,0.9142692815833,2026-03-17T15:16:12.991000,96,,,
participant_23,2,day,Town10HD_Opt,2026-03-17 15:16:14.195997,47.55982971191406,31.97603988647461,0.0018708801362663,11.309,19.315,0.29,0.0,0,0,1,,1.0,2026-03-17T15:16:14.195997,neutral,0.979,2026-03-17T15:16:12.196227,0.8141892331388265,2026-03-17T15:16:14.071000,95,,,
participant_23,2,day,Town10HD_Opt,2026-03-17 15:16:15.233183,49.18773651123047,30.63487434387207,0.0018776321085169,13.054,19.188,0.282,0.0,0,0,1,,0.824,2026-03-17T15:16:15.233183,neutral,0.908,2026-03-17T15:16:15.233183,0.7899179301518962,2026-03-17T15:16:15.017000,95,,,
participant_23,2,day,Town10HD_Opt,2026-03-17 15:16:16.283160,51.30575942993164,29.55212783813477,0.0018908309284597,14.41,17.831,0.263,0.0,0,0,1,,0.871,2026-03-17T15:16:16.283160,neutral,0.908,2026-03-17T15:16:15.233183,0.9150786802703352,2026-03-17T15:16:16.006000,96,,,
participant_23,2,day,Town10HD_Opt,2026-03-17 15:16:17.309482,53.78019332885742,28.81164932250977,0.0019022750202566,15.193,11.368,0.249,0.0,0,0,1,,0.845,2026-03-17T15:16:17.309482,neutral,0.975,2026-03-17T15:16:17.309482,0.8387096515306279,2026-03-17T15:16:16.998000,96,,,
participant_23,2,day,Town10HD_Opt,2026-03-17 15:16:18.296512,56.428001403808594,28.28954124450684,0.0019039153121411,15.682,0.261,0.246,0.0,0,0,1,,0.892,2026-03-17T15:16:18.296512,neutral,0.975,2026-03-17T15:16:17.309482,0.8454700279085606,2026-03-17T15:16:18.031000,96,,,
participant_23,2,day,Town10HD_Opt,2026-03-17 15:16:19.303226,59.11500930786133,27.609174728393555,0.001905555720441,16.118,-5.583,0.271,0.0,0,0,1,,0.858,2026-03-17T15:16:19.303226,neutral,0.975,2026-03-17T15:16:17.309482,0.7866074681151374,2026-03-17T15:16:19.021000,99,,,
participant_23,2,day,Town10HD_Opt,2026-03-17 15:16:20.288100,61.85806655883789,26.75010681152344,0.0018971251556649,16.801,1.093,0.284,0.0,0,0,1,,0.926,2026-03-17T15:16:20.288100,neutral,0.974,2026-03-17T15:16:20.288100,0.8179978082177845,2026-03-17T15:16:20.012000,101,,,
participant_23,2,day,Town10HD_Opt,2026-03-17 15:16:21.299310,64.74542999267578,25.94090461730957,0.0018983840709552,17.484,1.984,0.275,0.0,0,0,1,,0.919,2026-03-17T15:16:21.299310,neutral,0.974,2026-03-17T15:16:20.288100,0.8459467718053324,2026-03-17T15:16:21.001000,103,,,
participant_23,2,day,Town10HD_Opt,2026-03-17 15:16:22.009055,66.74044036865234,25.445602416992188,0.0019040297484025,17.785,2.534,0.27,0.0,0,0,1,,0.931,2026-03-17T15:16:22.009055,neutral,0.974,2026-03-17T15:16:20.288100,0.816849604917521,2026-03-17T15:16:21.991000,102,,,
participant_23,2,day,Town10HD_Opt,2026-03-17 15:16:23.289411,70.81745147705078,24.650774002075195,0.0019387817010283,17.49,5.917,0.207,0.0,0,0,1,,0.93,2026-03-17T15:16:23.289411,neutral,0.948,2026-03-17T15:16:23.289411,0.7887906657738389,2026-03-17T15:16:23.025000,103,,,errors=Solid line crossing
participant_23,2,day,Town10HD_Opt,2026-03-17 15:16:24.331132,73.79903411865234,24.428407669067383,0.0019601820968091,16.361,7.763,0.0,0.0,0,0,1,,0.923,2026-03-17T15:16:24.331132,neutral,0.948,2026-03-17T15:16:23.289411,0.8263136869272184,2026-03-17T15:16:24.016000,101,,,
participant_23,2,day,Town10HD_Opt,2026-03-17 15:16:25.337452,76.35877227783203,24.52530860900879,0.0020391081925481,12.363,3.759,0.0,0.13,0,0,1,,0.877,2026-03-17T15:16:25.337452,neutral,0.928,2026-03-17T15:16:25.337452,0.8145127466804496,2026-03-17T15:16:25.006000,98,,,
participant_23,2,day,Town10HD_Opt,2026-03-17 15:16:26.045012,77.68634796142578,24.589990615844727,0.0020513152703642,9.786,-3.58,0.0,0.214,0,0,1,,0.936,2026-03-17T15:16:26.045012,neutral,0.928,2026-03-17T15:16:25.337452,0.8236115958173441,2026-03-17T15:16:25.996000,99,,,
participant_23,2,day,Town10HD_Opt,2026-03-17 15:16:27.027460,79.06207275390625,24.58529281616211,0.0020551299676299,5.537,-2.642,0.0,0.277,0,0,1,,0.972,2026-03-17T15:16:27.027460,neutral,0.928,2026-03-17T15:16:25.337452,0.7329447145288667,2026-03-17T15:16:27.031000,98,,,
participant_23,2,day,Town10HD_Opt,2026-03-17 15:16:28.072928,79.20401000976562,24.583934783935547,0.001958007691428,0.062,-0.129,0.0,0.0,0,0,1,,0.818,2026-03-17T15:16:28.072928,neutral,0.936,2026-03-17T15:16:28.072928,0.7404326245347532,2026-03-17T15:16:28.022000,100,,,
participant_23,2,day,Town10HD_Opt,2026-03-17 15:16:29.103265,79.2139892578125,24.58405876159668,0.00192012777552,0.053,0.374,0.0,0.0,0,0,1,,0.925,2026-03-17T15:16:29.103265,neutral,0.936,2026-03-17T15:16:28.072928,0.7737564646084168,2026-03-17T15:16:29.012000,99,,,
participant_23,2,day,Town10HD_Opt,2026-03-17 15:16:30.256516,79.22178649902344,24.584142684936523,0.0019192504696547,0.041,0.315,0.0,0.0,0,0,1,,1.0,2026-03-17T15:16:30.256516,neutral,0.877,2026-03-17T15:16:30.256516,0.7182269999198855,2026-03-17T15:16:30.001000,99,,,
participant_23,2,day,Town10HD_Opt,2026-03-17 15:16:31.253710,79.22779083251953,24.58414649963379,0.001919288537465,0.033,0.214,0.0,0.0,0,0,1,,0.919,2026-03-17T15:16:31.253710,neutral,0.877,2026-03-17T15:16:30.256516,0.6835692102995293,2026-03-17T15:16:30.991000,94,,,
participant_23,2,day,Town10HD_Opt,2026-03-17 15:16:32.270506,79.2323989868164,24.58414459228516,0.0019191741012036,0.026,0.193,0.0,0.0,0,0,1,,0.949,2026-03-17T15:16:32.270506,neutral,0.738,2026-03-17T15:16:32.270506,0.6961150883850112,2026-03-17T15:16:32.026000,94,,,
participant_23,2,day,Town10HD_Opt,2026-03-17 15:16:33.206038,79.234619140625,24.58414459228516,0.0019187927246093,0.004,0.183,0.0,0.0,0,0,1,,1.0,2026-03-17T15:16:33.206038,neutral,0.738,2026-03-17T15:16:32.270506,0.6506206500441616,2026-03-17T15:16:33.016000,95,,,
participant_23,2,day,Town10HD_Opt,2026-03-17 15:16:34.154149,79.23494720458984,24.58414459228516,0.0019189452286809,0.001,0.183,0.0,0.0,0,0,1,,0.937,2026-03-17T15:16:34.154149,neutral,0.738,2026-03-17T15:16:32.270506,0.6291048598309548,2026-03-17T15:16:34.096000,93,,,
participant_23,2,day,Town10HD_Opt,2026-03-17 15:16:35.068794,79.234619140625,24.58414459228516,0.0019186401041224,0.14,0.186,0.105,0.0,0,0,1,,0.907,2026-03-17T15:16:35.068794,neutral,0.574,2026-03-17T15:16:35.068794,0.6730057104476533,2026-03-17T15:16:35.041000,91,,,
participant_23,2,day,Town10HD_Opt,2026-03-17 15:16:36.066816,79.36373138427734,24.58540916442871,0.0017546081217005,3.138,0.801,0.827,0.0,0,0,1,,0.902,2026-03-17T15:16:36.066816,neutral,0.574,2026-03-17T15:16:35.068794,0.6212116881676276,2026-03-17T15:16:36.031000,88,,,
participant_23,2,day,Town10HD_Opt,2026-03-17 15:16:37.274278,82.33722686767578,24.64606475830078,0.0017243194160982,22.521,0.834,1.0,0.0,0,0,1,,0.896,2026-03-17T15:16:37.274278,neutral,0.702,2026-03-17T15:16:37.274278,0.6718556212425836,2026-03-17T15:16:37.021000,85,,,
participant_23,2,day,Town10HD_Opt,2026-03-17 15:16:38.025115,85.34886169433594,24.72317314147949,0.0018460464198142,27.009,-1.92,0.011,0.0,0,0,1,,0.883,2026-03-17T15:16:38.025115,neutral,0.702,2026-03-17T15:16:37.274278,0.5914507244823954,2026-03-17T15:16:38.012000,82,,,
participant_23,2,day,Town10HD_Opt,2026-03-17 15:16:39.080193,89.64238739013672,24.55034828186035,0.0021780775859951,22.208,-7.42,0.281,0.0,0,0,1,,0.97,2026-03-17T15:16:39.080193,neutral,0.702,2026-03-17T15:16:37.274278,0.5937700505604175,2026-03-17T15:16:39.002000,81,,,
participant_23,2,day,Town10HD_Opt,2026-03-17 15:16:40.133300,93.44001770019533,23.885316848754883,0.0019981765653938,22.905,-5.749,0.522,0.0,0,0,1,,0.956,2026-03-17T15:16:40.133300,neutral,0.801,2026-03-17T15:16:40.133300,0.5991810074313018,2026-03-17T15:16:39.991000,79,,,
participant_23,2,day,Town10HD_Opt,2026-03-17 15:16:41.141031,97.54393005371094,22.55867958068848,0.0019244003342464,26.952,-10.641,0.46,0.0,0,0,1,,0.993,2026-03-17T15:16:41.141031,neutral,0.801,2026-03-17T15:16:40.133300,0.4459550739083661,2026-03-17T15:16:41.027000,79,,,
participant_23,2,day,Town10HD_Opt,2026-03-17 15:16:42.212577,101.52983856201172,20.06794548034668,0.0021456908434629,25.579,-14.393,0.141,0.0,0,0,1,,0.866,2026-03-17T15:16:42.212577,neutral,0.795,2026-03-17T15:16:42.212577,0.5068544515711271,2026-03-17T15:16:42.016000,78,,,
participant_23,2,day,Town10HD_Opt,2026-03-17 15:16:43.190277,104.18146514892578,16.917261123657227,0.0021971128880977,21.161,-14.364,0.141,0.0,0,0,1,,0.867,2026-03-17T15:16:43.190277,neutral,0.795,2026-03-17T15:16:42.212577,0.475106009300326,2026-03-17T15:16:43.006000,79,,,
participant_23,2,day,Town10HD_Opt,2026-03-17 15:16:44.289543,105.5792465209961,13.776742935180664,0.0021323775872588,17.948,-14.215,0.179,0.0,0,0,1,,0.94,2026-03-17T15:16:44.289543,neutral,0.788,2026-03-17T15:16:44.289543,0.5020770459396758,2026-03-17T15:16:43.996000,79,,,
participant_23,2,day,Town10HD_Opt,2026-03-17 15:16:45.310923,106.16453552246094,10.69142723083496,0.0021228790283203,17.866,-8.413,0.269,0.0,0,0,1,,0.988,2026-03-17T15:16:45.310923,neutral,0.788,2026-03-17T15:16:44.289543,0.4292621578036288,2026-03-17T15:16:45.031000,77,,,
participant_23,2,day,Town10HD_Opt,2026-03-17 15:16:46.237737,106.4578094482422,7.495859622955322,0.0019571303855627,20.08,-2.492,0.807,0.0,0,0,1,,0.956,2026-03-17T15:16:46.237737,neutral,0.788,2026-03-17T15:16:44.289543,0.4820489350202664,2026-03-17T15:16:46.021000,81,,,
participant_23,2,day,Town10HD_Opt,2026-03-17 15:16:47.167838,106.70113372802734,3.0920207500457764,0.0018481826409697,28.349,-2.17,0.142,0.0,0,0,1,,0.935,2026-03-17T15:16:47.167838,neutral,0.806,2026-03-17T15:16:47.167838,0.4775943401933363,2026-03-17T15:16:47.013000,79,,,
participant_23,2,day,Town10HD_Opt,2026-03-17 15:16:48.089079,106.74415588378906,-1.5888062715530396,0.0021594618447124,24.87,-1.718,0.169,0.0,0,0,1,,0.945,2026-03-17T15:16:48.089079,neutral,0.806,2026-03-17T15:16:47.167838,0.4947757447243678,2026-03-17T15:16:48.001000,80,,,
participant_23,2,day,Town10HD_Opt,2026-03-17 15:16:49.028078,106.69361114501952,-5.6324639320373535,0.0021405410952866,21.49,1.177,0.228,0.0,0,0,1,,0.808,2026-03-17T15:16:49.028078,neutral,0.806,2026-03-17T15:16:47.167838,0.5413641022682181,2026-03-17T15:16:48.991000,83,,,
participant_23,2,day,Town10HD_Opt,2026-03-17 15:16:50.253397,106.7392349243164,-10.359200477600098,0.0020912550389766,19.153,-0.24,0.311,0.0,0,0,1,,0.917,2026-03-17T15:16:50.253397,neutral,0.973,2026-03-17T15:16:50.253397,0.507800934628296,2026-03-17T15:16:50.026000,84,,,
participant_23,2,day,Town10HD_Opt,2026-03-17 15:16:51.188164,106.76712036132812,-13.75467300415039,0.0019653320778161,20.755,-0.129,0.532,0.0,0,0,1,,0.817,2026-03-17T15:16:51.188164,neutral,0.973,2026-03-17T15:16:50.253397,0.5034430524121329,2026-03-17T15:16:51.016000,84,,,
participant_23,2,day,Town10HD_Opt,2026-03-17 15:16:52.134159,106.80011749267578,-17.714916229248047,0.0019187927246093,24.725,0.839,0.472,0.0,0,0,1,,0.831,2026-03-17T15:16:52.134159,neutral,0.973,2026-03-17T15:16:50.253397,0.4133480695266884,2026-03-17T15:16:52.006000,87,,,
participant_23,2,day,Town10HD_Opt,2026-03-17 15:16:53.063122,106.9473876953125,-22.229093551635746,0.0019894028082489,26.693,2.043,0.398,0.0,0,0,1,,0.867,2026-03-17T15:16:53.063122,neutral,0.964,2026-03-17T15:16:53.063122,0.5734190977806558,2026-03-17T15:16:53.041000,88,,,
participant_23,2,day,Town10HD_Opt,2026-03-17 15:16:54.308891,107.42361450195312,-28.55361557006836,0.0020240021403878,27.598,-2.442,0.388,0.0,0,0,1,,0.947,2026-03-17T15:16:54.308891,neutral,0.964,2026-03-17T15:16:53.063122,0.6232379268095178,2026-03-17T15:16:54.031000,90,,,
participant_23,2,day,Town10HD_Opt,2026-03-17 15:16:55.307657,107.42916870117188,-33.413204193115234,0.0020362853538244,27.991,-7.465,0.387,0.0,0,0,1,,0.878,2026-03-17T15:16:55.307657,neutral,0.862,2026-03-17T15:16:55.307657,0.5980732025406772,2026-03-17T15:16:55.021000,90,,,
participant_23,2,day,Town10HD_Opt,2026-03-17 15:16:56.185264,106.58430480957033,-38.254581451416016,0.0020399093627929,28.306,-7.489,0.388,0.0,0,0,1,,0.835,2026-03-17T15:16:56.185264,neutral,0.862,2026-03-17T15:16:55.307657,0.5277157945508238,2026-03-17T15:16:56.012000,87,,,
participant_23,2,day,Town10HD_Opt,2026-03-17 15:16:57.090221,104.87106323242188,-42.91970443725586,0.002039527753368,28.605,-6.502,0.387,0.0,0,0,1,,0.87,2026-03-17T15:16:57.090221,neutral,0.862,2026-03-17T15:16:55.307657,0.5667438395485997,2026-03-17T15:16:57.001000,89,Solid line crossing,Solid line crossing,
participant_23,2,day,Town10HD_Opt,2026-03-17 15:16:58.039439,102.43639373779295,-47.31448745727539,0.0020380020141601,28.893,-5.255,0.388,0.0,0,0,1,,0.833,2026-03-17T15:16:58.039439,neutral,0.797,2026-03-17T15:16:58.039439,0.6414690931575232,2026-03-17T15:16:57.991000,87,,,
participant_23,2,day,Town10HD_Opt,2026-03-17 15:16:59.272892,98.40145111083984,-52.7602424621582,0.0020370865240693,29.247,-4.407,0.387,0.0,0,0,1,,0.967,2026-03-17T15:16:59.272892,neutral,0.797,2026-03-17T15:16:58.039439,0.5157382487240844,2026-03-17T15:16:59.027000,87,,,
participant_23,2,day,Town10HD_Opt,2026-03-17 15:17:00.243442,94.83109283447266,-56.44012451171875,0.0020412825979292,29.44,-5.777,0.387,0.0,0,0,1,,0.841,2026-03-17T15:17:00.243442,neutral,0.908,2026-03-17T15:17:00.243442,0.6762050398688654,2026-03-17T15:17:00.017000,86,,,
participant_23,2,day,Town10HD_Opt,2026-03-17 15:17:01.169241,90.73692321777344,-59.57781600952149,0.002041587838903,29.603,-5.356,0.387,0.0,0,0,1,,0.865,2026-03-17T15:17:01.169241,neutral,0.908,2026-03-17T15:17:00.243442,0.6207557809120444,2026-03-17T15:17:01.006000,84,,,
participant_23,2,day,Town10HD_Opt,2026-03-17 15:17:02.101798,86.23125457763672,-62.18393325805664,0.0020155715756118,30.288,-3.059,0.477,0.0,0,0,1,,0.966,2026-03-17T15:17:02.101798,neutral,0.908,2026-03-17T15:17:00.243442,0.6734784032885166,2026-03-17T15:17:01.996000,88,,,
participant_23,2,day,Town10HD_Opt,2026-03-17 15:17:03.022366,81.300048828125,-64.46769714355469,0.0019972228910773,31.871,-3.947,0.443,0.0,0,0,1,,0.971,2026-03-17T15:17:03.022366,neutral,0.754,2026-03-17T15:17:03.022366,0.6592986678775605,2026-03-17T15:17:03.032000,86,,,
participant_23,2,day,Town10HD_Opt,2026-03-17 15:17:04.294446,74.05253601074219,-66.71488952636719,0.0020126341842114,33.306,-4.832,0.443,0.0,0,0,1,,0.92,2026-03-17T15:17:04.294446,neutral,0.754,2026-03-17T15:17:03.022366,0.7275695601141251,2026-03-17T15:17:04.022000,89,,,
participant_23,2,day,Town10HD_Opt,2026-03-17 15:17:05.275372,68.2175064086914,-67.56689453125,0.0020161436405032,34.22,-3.488,0.443,0.0,0,0,1,,0.979,2026-03-17T15:17:05.275372,neutral,0.886,2026-03-17T15:17:05.275372,0.7163356476177347,2026-03-17T15:17:05.012000,93,,,
participant_23,2,day,Town10HD_Opt,2026-03-17 15:17:06.249531,62.16929626464844,-67.8608169555664,0.0020165634341537,35.058,-0.479,0.443,0.0,0,0,1,,0.885,2026-03-17T15:17:06.249531,neutral,0.886,2026-03-17T15:17:05.275372,0.6739071236776968,2026-03-17T15:17:06.001000,96,,,
participant_23,2,day,Town10HD_Opt,2026-03-17 15:17:07.233722,55.97723007202149,-67.99958038330078,0.0020201110746711,35.808,-1.347,0.442,0.0,0,0,1,,0.938,2026-03-17T15:17:07.233722,neutral,0.886,2026-03-17T15:17:05.275372,0.7162137053253738,2026-03-17T15:17:06.992000,94,,,
participant_23,2,day,Town10HD_Opt,2026-03-17 15:17:08.197769,49.66905975341797,-67.93789672851562,0.0020233916584402,36.407,0.075,0.442,0.0,0,0,1,,0.828,2026-03-17T15:17:08.197769,neutral,0.968,2026-03-17T15:17:08.197769,0.7192077885357434,2026-03-17T15:17:08.026000,95,,,
participant_23,2,day,Town10HD_Opt,2026-03-17 15:17:09.181428,43.26189804077149,-67.8177490234375,0.002025794936344,36.9,0.23,0.436,0.0,0,0,1,,1.0,2026-03-17T15:17:09.181428,neutral,0.968,2026-03-17T15:17:08.197769,0.7175507018204212,2026-03-17T15:17:09.019000,93,Solid line crossing,Solid line crossing,
participant_23,2,day,Town10HD_Opt,2026-03-17 15:17:10.153849,36.86414337158203,-67.72880554199219,0.0021170042455196,35.31,-0.089,0.262,0.0,0,0,1,,1.0,2026-03-17T15:17:10.153849,neutral,0.968,2026-03-17T15:17:08.197769,0.7706700563944661,2026-03-17T15:17:10.007000,95,,,
participant_23,2,day,Town10HD_Opt,2026-03-17 15:17:11.093007,30.943092346191406,-67.63716888427734,0.0021454237867146,32.103,0.115,0.259,0.0,0,0,1,,0.84,2026-03-17T15:17:11.093007,neutral,0.967,2026-03-17T15:17:11.093007,0.7443012849479448,2026-03-17T15:17:10.997000,94,,,
participant_23,2,day,Town10HD_Opt,2026-03-17 15:17:12.078569,25.552885055541992,-67.56907653808594,0.0021327210124582,29.447,0.176,0.259,0.0,0,0,1,,1.0,2026-03-17T15:17:12.078569,neutral,0.967,2026-03-17T15:17:11.093007,0.8258496523437638,2026-03-17T15:17:12.032000,93,,,
participant_23,2,day,Town10HD_Opt,2026-03-17 15:17:13.265835,19.0006160736084,-67.52201843261719,0.002086830092594,27.061,0.176,0.307,0.0,0,0,1,,0.858,2026-03-17T15:17:13.265835,neutral,0.971,2026-03-17T15:17:13.265835,0.778257804378684,2026-03-17T15:17:13.022000,91,,,
participant_23,2,day,Town10HD_Opt,2026-03-17 15:17:14.203517,14.363823890686035,-67.51256561279297,0.002084732055664,25.798,0.176,0.293,0.0,0,0,1,,0.852,2026-03-17T15:17:14.203517,neutral,0.971,2026-03-17T15:17:13.265835,0.7633443681644133,2026-03-17T15:17:14.012000,91,,,
participant_23,2,day,Town10HD_Opt,2026-03-17 15:17:15.161240,9.957674026489258,-67.52196502685547,0.0020886610727757,24.414,0.176,0.284,0.0,0,0,1,,0.87,2026-03-17T15:17:15.161240,neutral,0.971,2026-03-17T15:17:13.265835,0.8209038255259102,2026-03-17T15:17:15.002000,91,,,
participant_23,2,day,Town10HD_Opt,2026-03-17 15:17:16.069544,5.789795875549316,-67.5470962524414,0.0020771026611328,23.455,0.19,0.901,0.0,0,0,1,,0.915,2026-03-17T15:17:16.069544,neutral,0.92,2026-03-17T15:17:16.069544,0.8553917625114744,2026-03-17T15:17:15.991000,90,,,
participant_23,2,day,Town10HD_Opt,2026-03-17 15:17:17.278881,-1.56434428691864,-67.63288116455078,0.0015410613268613,42.434,0.209,1.0,0.0,0,0,1,,1.0,2026-03-17T15:17:17.278881,neutral,0.92,2026-03-17T15:17:16.069544,0.8550041295581262,2026-03-17T15:17:17.027000,88,,,
participant_23,2,day,Town10HD_Opt,2026-03-17 15:17:18.225116,-10.041711807250977,-67.79354858398438,0.0018667601980268,50.374,-0.061,0.0,0.0,0,0,1,,1.0,2026-03-17T15:17:18.225116,neutral,0.902,2026-03-17T15:17:18.225116,0.8692013656215626,2026-03-17T15:17:18.017000,87,,,
participant_23,2,day,Town10HD_Opt,2026-03-17 15:17:19.244223,-18.831586837768555,-67.9397964477539,0.0019598007202148,51.294,-0.55,0.0,0.129,0,0,1,,0.921,2026-03-17T15:17:19.244223,neutral,0.902,2026-03-17T15:17:18.225116,0.8426478718086078,2026-03-17T15:17:19.006000,86,,,
participant_23,2,day,Town10HD_Opt,2026-03-17 15:17:20.142292,-26.911489486694336,-67.98274993896484,0.0023814390879124,40.273,0.362,0.0,0.0,0,0,1,,0.937,2026-03-17T15:17:20.142292,neutral,0.902,2026-03-17T15:17:18.225116,0.8575225486165186,2026-03-17T15:17:19.996000,86,,,
participant_23,2,day,Town10HD_Opt,2026-03-17 15:17:21.102798,-33.203857421875,-68.04232788085938,0.002327880822122,31.17,-0.757,0.173,0.0,0,0,1,,0.942,2026-03-17T15:17:21.102798,neutral,0.888,2026-03-17T15:17:21.102798,0.8884073025047486,2026-03-17T15:17:21.031000,86,,,
participant_23,2,day,Town10HD_Opt,2026-03-17 15:17:22.074549,-38.489402770996094,-68.02946472167969,0.0019646072760224,31.319,0.613,0.633,0.0,0,0,1,,0.88,2026-03-17T15:17:22.074549,neutral,0.888,2026-03-17T15:17:21.102798,0.8756199814758026,2026-03-17T15:17:22.022000,86,,,
participant_23,2,day,Town10HD_Opt,2026-03-17 15:17:23.290044,-46.80165863037109,-68.11573791503906,0.0018574142595753,40.43,-0.061,0.679,0.0,0,0,1,,0.933,2026-03-17T15:17:23.290044,neutral,0.924,2026-03-17T15:17:23.290044,0.8648490102531357,2026-03-17T15:17:23.012000,85,,,
participant_23,2,day,Town10HD_Opt,2026-03-17 15:17:24.240494,-54.345027923583984,-68.2169189453125,0.0018310927553102,46.089,-0.108,0.658,0.0,0,0,1,,0.954,2026-03-17T15:17:24.240494,neutral,0.924,2026-03-17T15:17:23.290044,0.8215326142150202,2026-03-17T15:17:24.092000,85,,,
participant_23,2,day,Town10HD_Opt,2026-03-17 15:17:25.288194,-62.7835693359375,-68.31739044189453,0.0018937683198601,50.643,-0.221,0.603,0.0,0,0,1,,0.862,2026-03-17T15:17:25.288194,neutral,0.924,2026-03-17T15:17:23.290044,0.9453381641176436,2026-03-17T15:17:25.036000,83,,,
participant_23,2,day,Town10HD_Opt,2026-03-17 15:17:26.210448,-71.17576599121094,-68.25559997558594,0.0023558426182717,41.914,-3.544,0.0,0.0,0,0,1,,0.954,2026-03-17T15:17:26.210448,neutral,0.92,2026-03-17T15:17:26.210448,0.906302426359606,2026-03-17T15:17:26.027000,84,,,
participant_23,2,day,Town10HD_Opt,2026-03-17 15:17:27.219619,-77.76374053955078,-67.48812866210938,0.002347259549424,32.821,-4.115,0.0,0.0,0,0,1,,0.923,2026-03-17T15:17:27.219619,neutral,0.92,2026-03-17T15:17:26.210448,0.8333960621312807,2026-03-17T15:17:27.017000,82,,,
participant_23,2,day,Town10HD_Opt,2026-03-17 15:17:28.177031,-82.73391723632812,-66.28099822998047,0.0022870253305882,25.226,-4.426,0.098,0.0,0,0,1,,0.983,2026-03-17T15:17:28.177031,neutral,0.92,2026-03-17T15:17:26.210448,0.8960141152915903,2026-03-17T15:17:28.007000,84,,,
participant_23,2,day,Town10HD_Opt,2026-03-17 15:17:29.132794,-86.57067108154297,-64.89867401123047,0.0021467970218509,21.684,-4.549,0.355,0.0,0,0,1,,0.949,2026-03-17T15:17:29.132794,neutral,0.897,2026-03-17T15:17:29.132794,0.87222394080225,2026-03-17T15:17:28.998000,83,,,
participant_23,2,day,Town10HD_Opt,2026-03-17 15:17:30.076154,-90.07411193847656,-63.24773406982422,0.001953125,23.715,-4.511,0.526,0.0,0,0,1,,0.964,2026-03-17T15:17:30.076154,neutral,0.897,2026-03-17T15:17:29.132794,0.7939615907134714,2026-03-17T15:17:30.032000,84,,,
participant_23,2,day,Town10HD_Opt,2026-03-17 15:17:31.271386,-95.30873107910156,-60.0175895690918,0.0024257279001176,29.579,-4.266,0.545,0.0,0,0,1,,0.962,2026-03-17T15:17:31.271386,neutral,0.908,2026-03-17T15:17:31.271386,0.8296584483617758,2026-03-17T15:17:31.022000,84,,,
participant_23,2,day,Town10HD_Opt,2026-03-17 15:17:32.272814,-99.5352554321289,-56.63337707519531,0.0020183180458843,31.233,-4.542,0.287,0.0,0,0,1,,0.952,2026-03-17T15:17:32.272814,neutral,0.908,2026-03-17T15:17:31.271386,0.7488707866221272,2026-03-17T15:17:32.012000,83,,,
participant_23,2,day,Town10HD_Opt,2026-03-17 15:17:33.204462,-103.22877502441406,-52.85554885864258,0.0021303938701748,28.898,-4.778,0.239,0.0,0,0,1,,1.0,2026-03-17T15:17:33.204462,neutral,0.908,2026-03-17T15:17:31.271386,0.8427351576294567,2026-03-17T15:17:33.001000,81,,,errors=Solid line crossing
participant_23,2,day,Town10HD_Opt,2026-03-17 15:17:34.141077,-106.13729095458984,-49.02898406982422,0.0021350097376853,25.986,-5.078,0.259,0.0,0,0,1,,0.928,2026-03-17T15:17:34.141077,neutral,0.885,2026-03-17T15:17:34.141077,0.8617359040325049,2026-03-17T15:17:34.037000,82,,,
participant_23,2,day,Town10HD_Opt,2026-03-17 15:17:35.014975,-108.36495971679688,-45.22716522216797,0.0020823287777602,24.591,-5.035,0.346,0.0,0,0,1,,0.855,2026-03-17T15:17:35.014975,neutral,0.885,2026-03-17T15:17:34.141077,0.8491042810896753,2026-03-17T15:17:35.026000,84,,,
participant_23,2,day,Town10HD_Opt,2026-03-17 15:17:36.002606,-110.10565185546876,-41.30447769165039,0.0020498274825513,24.466,-4.988,0.346,0.0,0,0,1,,0.921,2026-03-17T15:17:36.002606,neutral,0.885,2026-03-17T15:17:34.141077,0.7396360654654158,2026-03-17T15:17:36.016000,85,,,
participant_23,2,day,Town10HD_Opt,2026-03-17 15:17:37.216251,-111.73517608642578,-35.85348129272461,0.0020503997802734,24.295,-4.983,0.361,0.0,0,0,1,,0.938,2026-03-17T15:17:37.216251,neutral,0.913,2026-03-17T15:17:37.216251,0.855604518367011,2026-03-17T15:17:37.007000,86,,,
participant_23,2,day,Town10HD_Opt,2026-03-17 15:17:38.146146,-112.4244613647461,-31.64330101013184,0.002043075626716,24.437,-6.319,0.351,0.0,0,0,1,,0.83,2026-03-17T15:17:38.146146,neutral,0.913,2026-03-17T15:17:37.216251,0.863034987631645,2026-03-17T15:17:37.997000,83,,,
participant_23,2,day,Town10HD_Opt,2026-03-17 15:17:39.082700,-112.55616760253906,-27.36788749694824,0.0020486449357122,24.428,-6.303,0.347,0.0,0,0,1,,0.866,2026-03-17T15:17:39.082700,neutral,0.913,2026-03-17T15:17:37.216251,0.8379652200420887,2026-03-17T15:17:39.032000,85,,,
participant_23,2,day,Town10HD_Opt,2026-03-17 15:17:40.003445,-112.10516357421876,-23.12275123596192,0.0020503997802734,24.349,-5.888,0.342,0.0,0,0,1,,0.925,2026-03-17T15:17:40.003445,neutral,0.841,2026-03-17T15:17:40.003445,0.9038660804784616,2026-03-17T15:17:40.022000,86,,,
participant_23,2,day,Town10HD_Opt,2026-03-17 15:17:41.014447,-111.23902893066406,-18.95570945739746,0.002049560425803,24.207,2.24,0.338,0.0,0,0,1,,0.84,2026-03-17T15:17:41.014447,neutral,0.841,2026-03-17T15:17:40.003445,0.8958440645345455,2026-03-17T15:17:41.013000,87,,,
participant_23,2,day,Town10HD_Opt,2026-03-17 15:17:42.268650,-110.47388458251952,-13.41805648803711,0.002087936270982,22.998,3.113,0.0,0.0,0,0,1,,0.933,2026-03-17T15:17:42.268650,neutral,0.983,2026-03-17T15:17:42.268650,0.99,2026-03-17T15:17:42.002000,85,,,
participant_23,2,day,Town10HD_Opt,2026-03-17 15:17:43.228586,-110.28616333007812,-9.847369194030762,0.0020362471695989,17.132,3.405,0.0,0.224,0,0,1,,1.0,2026-03-17T15:17:43.228586,neutral,0.983,2026-03-17T15:17:42.268650,0.9310325816380858,2026-03-17T15:17:43.037000,83,,,
participant_23,2,day,Town10HD_Opt,2026-03-17 15:17:44.186435,-110.29683685302734,-7.328999996185303,0.0021123504266142,11.086,3.349,0.0,0.416,0,0,1,,0.853,2026-03-17T15:17:44.186435,neutral,0.983,2026-03-17T15:17:42.268650,0.9274579184141049,2026-03-17T15:17:44.027000,81,,,
participant_23,2,day,Town10HD_Opt,2026-03-17 15:17:45.158906,-110.3331298828125,-5.808021545410156,0.0020482635591179,6.531,-2.367,0.0,0.192,0,0,1,,1.0,2026-03-17T15:17:45.158906,neutral,0.549,2026-03-17T15:17:45.158906,0.9787555914897555,2026-03-17T15:17:45.017000,81,,,
participant_23,2,day,Town10HD_Opt,2026-03-17 15:17:46.064844,-110.33029174804688,-5.409979820251465,0.0020233916584402,0.0,-2.407,0.0,0.362,0,0,1,,0.864,2026-03-17T15:17:46.064844,neutral,0.549,2026-03-17T15:17:45.158906,0.9820637729268832,2026-03-17T15:17:46.007000,81,,,
participant_23,2,day,Town10HD_Opt,2026-03-17 15:17:47.015606,-110.33026885986328,-5.409812450408936,0.0019231796031817,0.001,-0.47,0.0,0.0,0,0,1,,0.875,2026-03-17T15:17:47.015606,neutral,0.549,2026-03-17T15:17:45.158906,0.9498048289392672,2026-03-17T15:17:46.998000,83,,,
participant_23,2,day,Town10HD_Opt,2026-03-17 15:17:48.175791,-110.33026885986328,-5.409725189208984,0.0019190596649423,0.0,0.587,0.0,0.0,0,0,1,,0.961,2026-03-17T15:17:48.175791,neutral,0.941,2026-03-17T15:17:48.175791,0.9313836035020826,2026-03-17T15:17:48.032000,83,,,
participant_23,2,day,Town10HD_Opt,2026-03-17 15:17:49.064855,-110.33025360107422,-5.409716606140137,0.0019190596649423,0.0,0.587,0.0,0.0,0,0,1,reach_back,0.868,2026-03-17T15:17:49.064855,neutral,0.941,2026-03-17T15:17:48.175791,0.99,2026-03-17T15:17:49.022000,85,,,
participant_23,2,day,Town10HD_Opt,2026-03-17 15:17:50.220864,-110.33026885986328,-5.409712791442871,0.0019189834129065,0.0,0.583,0.0,0.0,0,0,1,,1.0,2026-03-17T15:17:50.220864,neutral,0.978,2026-03-17T15:17:50.220864,0.9333394831975655,2026-03-17T15:17:50.012000,83,,,
participant_23,2,day,Town10HD_Opt,2026-03-17 15:17:51.133749,-110.33025360107422,-5.409712791442871,0.001919021597132,0.0,0.571,0.0,0.0,0,0,1,reach_back,0.881,2026-03-17T15:17:51.133749,neutral,0.978,2026-03-17T15:17:50.220864,0.99,2026-03-17T15:17:51.002000,81,,,
participant_23,2,day,Town10HD_Opt,2026-03-17 15:17:52.274345,-110.33025360107422,-5.409708023071289,0.001919021597132,0.0,0.571,0.0,0.0,0,0,1,,1.0,2026-03-17T15:17:52.274345,neutral,0.698,2026-03-17T15:17:52.274345,0.9862564209703216,2026-03-17T15:17:52.037000,81,,,
participant_23,2,day,Town10HD_Opt,2026-03-17 15:17:53.141293,-110.33025360107422,-5.409708023071289,0.0019189834129065,0.0,0.571,0.0,0.0,0,0,1,,1.0,2026-03-17T15:17:53.141293,neutral,0.698,2026-03-17T15:17:52.274345,0.938129784361658,2026-03-17T15:17:53.027000,79,,,
participant_23,2,day,Town10HD_Opt,2026-03-17 15:17:54.015187,-110.33026885986328,-5.40970516204834,0.0019190596649423,0.0,0.569,0.0,0.0,0,0,1,,0.828,2026-03-17T15:17:54.015187,neutral,0.698,2026-03-17T15:17:52.274345,0.9713508025043724,2026-03-17T15:17:54.017000,83,,,
participant_23,2,day,Town10HD_Opt,2026-03-17 15:17:55.234030,-110.33026885986328,-5.409701347351074,0.0019190596649423,0.0,0.569,0.0,0.0,0,0,1,,1.0,2026-03-17T15:17:55.234030,neutral,0.98,2026-03-17T15:17:55.234030,0.99,2026-03-17T15:17:55.007000,85,,,
participant_23,2,day,Town10HD_Opt,2026-03-17 15:17:56.159570,-110.33026885986328,-5.409694194793701,0.0019190978491678,0.0,0.569,0.0,0.0,0,0,1,,1.0,2026-03-17T15:17:56.159570,neutral,0.98,2026-03-17T15:17:55.234030,0.9451892123374156,2026-03-17T15:17:55.997000,88,,,
participant_23,2,day,Town10HD_Opt,2026-03-17 15:17:57.103642,-110.33025360107422,-5.409689903259277,0.001919021597132,0.0,0.562,0.0,0.0,0,0,1,reach_back,0.886,2026-03-17T15:17:57.103642,neutral,0.98,2026-03-17T15:17:55.234030,0.8328261598962737,2026-03-17T15:17:57.032000,86,,,
participant_23,2,day,Town10HD_Opt,2026-03-17 15:17:58.004561,-110.33078002929688,-5.35207462310791,0.0017697142902761,3.094,0.559,0.945,0.0,0,0,1,reach_back,0.827,2026-03-17T15:17:58.004561,neutral,0.959,2026-03-17T15:17:58.004561,0.9341356445901196,2026-03-17T15:17:58.022000,87,,,
participant_23,2,day,Town10HD_Opt,2026-03-17 15:17:59.228849,-110.37533569335938,-2.428556203842163,0.0017275619320571,22.316,0.552,0.986,0.0,0,0,1,,1.0,2026-03-17T15:17:59.228849,neutral,0.959,2026-03-17T15:17:58.004561,0.9473474086096234,2026-03-17T15:17:59.011000,88,,,
participant_23,2,day,Town10HD_Opt,2026-03-17 15:18:00.165796,-110.46087646484376,2.357948303222656,0.0020073316991329,28.103,-0.914,0.0,0.0,0,0,1,,1.0,2026-03-17T15:18:00.165796,neutral,0.974,2026-03-17T15:18:00.165796,0.8577868092418801,2026-03-17T15:18:00.002000,89,,,
participant_23,2,day,Town10HD_Opt,2026-03-17 15:18:01.094299,-110.44734191894533,6.748331546783447,0.0022534942254424,21.78,-4.221,0.0,0.0,0,0,1,,0.934,2026-03-17T15:18:01.094299,neutral,0.974,2026-03-17T15:18:00.165796,0.9018230844661128,2026-03-17T15:18:01.037000,87,,,
participant_23,2,day,Town10HD_Opt,2026-03-17 15:18:02.102205,-109.97071075439452,10.001296997070312,0.0019959257915616,16.396,-14.577,0.123,0.0,0,0,1,,0.899,2026-03-17T15:18:02.102205,neutral,0.974,2026-03-17T15:18:00.165796,0.9565467341306296,2026-03-17T15:18:02.027000,87,,,
participant_23,2,day,Town10HD_Opt,2026-03-17 15:18:03.064975,-108.99885559082033,12.580134391784668,0.0019144820980727,15.754,-4.652,0.305,0.0,0,0,1,,0.897,2026-03-17T15:18:03.064975,neutral,0.935,2026-03-17T15:18:03.064975,0.9476314172746242,2026-03-17T15:18:03.017000,90,,,
participant_23,2,day,Town10HD_Opt,2026-03-17 15:18:04.050711,-107.81289672851562,15.23770236968994,0.0018391036428511,18.042,-7.287,0.407,0.0,0,0,1,,0.843,2026-03-17T15:18:04.050711,neutral,0.935,2026-03-17T15:18:03.064975,0.8366261137964381,2026-03-17T15:18:04.006000,91,,,
participant_23,2,day,Town10HD_Opt,2026-03-17 15:18:05.036794,-106.13471221923828,18.019031524658203,0.0019669723697006,20.085,-9.593,0.524,0.0,0,0,1,,1.0,2026-03-17T15:18:05.036794,neutral,0.935,2026-03-17T15:18:03.064975,0.8786406925119936,2026-03-17T15:18:04.997000,90,,,
participant_23,2,day,Town10HD_Opt,2026-03-17 15:18:06.077060,-103.59490966796876,20.89211654663086,0.0019196700304746,24.277,-11.931,0.534,0.0,0,0,1,,0.876,2026-03-17T15:18:06.077060,neutral,0.887,2026-03-17T15:18:06.077060,0.8979819180286248,2026-03-17T15:18:06.032000,89,,,
participant_23,2,day,Town10HD_Opt,2026-03-17 15:18:07.095407,-99.8538589477539,23.47911834716797,0.0019294738303869,28.044,-11.53,0.534,0.0,0,0,1,,1.0,2026-03-17T15:18:07.095407,neutral,0.887,2026-03-17T15:18:06.077060,0.9063749757942484,2026-03-17T15:18:07.023000,88,,,
participant_23,2,day,Town10HD_Opt,2026-03-17 15:18:08.061379,-95.1672821044922,25.151655197143555,0.0021934127435088,26.301,-10.646,0.0,0.0,0,0,1,,0.918,2026-03-17T15:18:08.061379,neutral,0.887,2026-03-17T15:18:06.077060,0.9356627138799672,2026-03-17T15:18:08.058000,91,,,
participant_23,2,day,Town10HD_Opt,2026-03-17 15:18:09.016222,-91.12525939941406,25.53937149047852,0.0022543715313076,19.512,-4.317,0.0,0.0,0,0,1,,0.94,2026-03-17T15:18:09.016222,neutral,0.797,2026-03-17T15:18:09.016222,0.9101940793627356,2026-03-17T15:18:09.002000,90,,,
participant_23,2,day,Town10HD_Opt,2026-03-17 15:18:10.043119,-88.05810546875,25.724422454833984,0.0020345305092632,15.217,11.931,0.0,0.0,0,0,1,,1.0,2026-03-17T15:18:10.043119,neutral,0.797,2026-03-17T15:18:09.016222,0.8248329611131998,2026-03-17T15:18:10.040000,89,,,
participant_23,2,day,Town10HD_Opt,2026-03-17 15:18:11.031964,-85.73629760742188,26.293684005737305,0.0019818877335637,12.821,8.916,0.338,0.0,0,0,1,,1.0,2026-03-17T15:18:11.031964,neutral,0.837,2026-03-17T15:18:11.031964,0.8992312668938679,2026-03-17T15:18:11.072000,87,,,
participant_23,2,day,Town10HD_Opt,2026-03-17 15:18:12.048242,-83.3768539428711,26.966590881347656,0.0018259810749441,15.657,-4.19,0.386,0.0,0,0,1,,0.89,2026-03-17T15:18:12.048242,neutral,0.837,2026-03-17T15:18:11.031964,0.8099150197629172,2026-03-17T15:18:12.018000,92,,,
participant_23,2,day,Town10HD_Opt,2026-03-17 15:18:13.027448,-80.47059631347656,27.5389404296875,0.002021598862484,18.338,-4.832,0.379,0.0,0,0,1,,1.0,2026-03-17T15:18:13.027448,neutral,0.837,2026-03-17T15:18:11.031964,0.7435825288222437,2026-03-17T15:18:13.097000,91,,,
participant_23,2,day,Town10HD_Opt,2026-03-17 15:18:14.051771,-77.3023452758789,27.93906021118164,0.0020472717005759,18.33,-3.733,0.264,0.0,0,0,1,,0.854,2026-03-17T15:18:14.051771,neutral,0.979,2026-03-17T15:18:14.051771,0.7756721110223577,2026-03-17T15:18:14.087000,89,,,
participant_23,2,day,Town10HD_Opt,2026-03-17 15:18:15.173733,-74.26290130615234,28.128793716430664,0.002001533517614,15.485,-3.799,0.0,0.009,0,0,1,,0.944,2026-03-17T15:18:15.173733,neutral,0.979,2026-03-17T15:18:14.051771,0.8156119692101546,2026-03-17T15:18:15.032000,88,,,
participant_23,2,day,Town10HD_Opt,2026-03-17 15:18:16.190151,-71.90160369873047,28.14787483215332,0.0020645142067223,11.023,-3.492,0.0,0.226,0,0,1,,0.959,2026-03-17T15:18:16.190151,neutral,0.99,2026-03-17T15:18:16.190151,0.717174988881846,2026-03-17T15:18:16.022000,88,,,
participant_23,2,day,Town10HD_Opt,2026-03-17 15:18:17.186583,-70.340087890625,28.10723876953125,0.0020723724737763,6.35,-2.033,0.0,0.335,0,0,1,,0.953,2026-03-17T15:18:17.186583,neutral,0.99,2026-03-17T15:18:16.190151,0.7090581996257046,2026-03-17T15:18:17.012000,87,,,
participant_23,2,day,Town10HD_Opt,2026-03-17 15:18:18.107076,-70.05085754394531,28.098228454589844,0.0020022583194077,0.0,-0.987,0.0,0.12,0,0,1,,0.893,2026-03-17T15:18:18.107076,neutral,0.99,2026-03-17T15:18:16.190151,0.6420366552225624,2026-03-17T15:18:18.003000,86,,,
participant_23,2,day,Town10HD_Opt,2026-03-17 15:18:19.060763,-70.0493392944336,28.098222732543945,0.0019218826200813,0.002,0.714,0.0,0.0,0,0,1,,1.0,2026-03-17T15:18:19.060763,fear,0.646,2026-03-17T15:18:19.060763,0.6494326612898615,2026-03-17T15:18:19.037000,82,,,
participant_23,2,day,Town10HD_Opt,2026-03-17 15:18:20.017050,-70.04899597167969,28.098222732543945,0.001919517526403,0.006,0.794,0.0,0.0,0,0,1,,0.942,2026-03-17T15:18:20.017050,fear,0.646,2026-03-17T15:18:19.060763,0.6106331850112148,2026-03-17T15:18:20.028000,81,,,
participant_23,2,day,Town10HD_Opt,2026-03-17 15:18:21.219392,-70.04888916015625,28.098222732543945,0.0019192504696547,0.005,0.759,0.0,0.0,0,0,1,,1.0,2026-03-17T15:18:21.219392,neutral,0.735,2026-03-17T15:18:21.219392,0.576201990302227,2026-03-17T15:18:21.017000,82,,,
participant_23,2,day,Town10HD_Opt,2026-03-17 15:18:22.201379,-70.04879760742188,28.098222732543945,0.0019187927246093,0.001,0.747,0.0,0.0,0,0,1,,1.0,2026-03-17T15:18:22.201379,neutral,0.735,2026-03-17T15:18:21.219392,0.6307237435511457,2026-03-17T15:18:22.007000,84,,,
participant_23,2,day,Town10HD_Opt,2026-03-17 15:18:23.127485,-70.04884338378906,28.098222732543945,0.0019185256678611,0.001,0.747,0.0,0.0,0,0,1,,0.952,2026-03-17T15:18:23.127485,neutral,0.735,2026-03-17T15:18:21.219392,0.6471136138074235,2026-03-17T15:18:22.997000,85,,,
participant_23,2,day,Town10HD_Opt,2026-03-17 15:18:24.030884,-70.04877471923828,28.098222732543945,0.0019190978491678,0.005,0.747,0.0,0.0,0,0,1,,0.87,2026-03-17T15:18:24.030884,neutral,0.959,2026-03-17T15:18:24.030884,0.6418391008629982,2026-03-17T15:18:24.032000,85,,,
participant_23,2,day,Town10HD_Opt,2026-03-17 15:18:25.055512,-70.04857635498047,28.098222732543945,0.0019192504696547,0.006,0.731,0.0,0.0,0,0,1,,0.89,2026-03-17T15:18:25.055512,neutral,0.959,2026-03-17T15:18:24.030884,0.5661227537192209,2026-03-17T15:18:25.022000,85,,,
participant_23,2,day,Town10HD_Opt,2026-03-17 15:18:26.051451,-70.04840087890625,28.098222732543945,0.0019188307924196,0.001,0.721,0.0,0.0,0,0,1,,0.878,2026-03-17T15:18:26.051451,neutral,0.906,2026-03-17T15:18:26.051451,0.5179391082429144,2026-03-17T15:18:26.013000,84,,,
participant_23,2,day,Town10HD_Opt,2026-03-17 15:18:27.003007,-70.04844665527344,28.098222732543945,0.001919021597132,0.001,0.258,0.0,0.0,0,0,1,,0.836,2026-03-17T15:18:27.003007,neutral,0.906,2026-03-17T15:18:26.051451,0.5517666288918038,2026-03-17T15:18:27.002000,87,,,
participant_23,2,day,Town10HD_Opt,2026-03-17 15:18:28.270479,-70.0483169555664,28.098222732543945,0.001919021597132,0.001,0.291,0.0,0.0,0,0,1,,0.841,2026-03-17T15:18:28.270479,neutral,0.972,2026-03-17T15:18:28.270479,0.5512170100481137,2026-03-17T15:18:28.127000,90,,,
participant_23,2,day,Town10HD_Opt,2026-03-17 15:18:29.218453,-70.04833221435547,28.098222732543945,0.0019189452286809,0.0,0.291,0.0,0.0,0,0,1,,1.0,2026-03-17T15:18:29.218453,neutral,0.972,2026-03-17T15:18:28.270479,0.6064819068871187,2026-03-17T15:18:29.028000,90,,,
participant_23,2,day,Town10HD_Opt,2026-03-17 15:18:30.175604,-70.04814147949219,28.098222732543945,0.0019191360333934,0.005,0.291,0.0,0.0,0,0,1,,1.0,2026-03-17T15:18:30.175604,neutral,0.972,2026-03-17T15:18:28.270479,0.5456107035486021,2026-03-17T15:18:30.017000,87,,,
participant_23,2,day,Town10HD_Opt,2026-03-17 15:18:31.111595,-70.01429748535156,28.09756851196289,0.0018101882888004,2.273,0.301,0.936,0.0,0,0,1,,0.856,2026-03-17T15:18:31.111595,neutral,0.825,2026-03-17T15:18:31.111595,0.5751566005063817,2026-03-17T15:18:31.007000,89,,,
participant_23,2,day,Town10HD_Opt,2026-03-17 15:18:32.140098,-68.40718841552734,28.07660675048828,0.0014008712023496,17.947,0.684,1.0,0.0,0,0,1,,0.851,2026-03-17T15:18:32.140098,neutral,0.825,2026-03-17T15:18:31.111595,0.5579324274030576,2026-03-17T15:18:31.999000,89,,,
participant_23,2,day,Town10HD_Opt,2026-03-17 15:18:33.231844,-64.20468139648438,28.039751052856445,0.0015069579239934,32.802,0.463,1.0,0.0,0,0,1,,0.818,2026-03-17T15:18:33.231844,neutral,0.964,2026-03-17T15:18:33.231844,0.5936057790418409,2026-03-17T15:18:33.032000,90,,,
participant_23,2,day,Town10HD_Opt,2026-03-17 15:18:34.244318,-57.2547492980957,28.06082534790039,0.0015522765461355,47.795,0.155,0.987,0.0,0,0,1,,0.869,2026-03-17T15:18:34.244318,neutral,0.964,2026-03-17T15:18:33.231844,0.6112551258929513,2026-03-17T15:18:34.022000,89,,,
participant_23,2,day,Town10HD_Opt,2026-03-17 15:18:35.229500,-48.49112701416016,28.17916488647461,0.0022482681088149,46.64,-0.237,0.0,0.0,0,0,1,,1.0,2026-03-17T15:18:35.229500,neutral,0.964,2026-03-17T15:18:33.231844,0.5848772907477444,2026-03-17T15:18:35.012000,89,,,
participant_23,2,day,Town10HD_Opt,2026-03-17 15:18:36.261013,-41.19482803344727,28.25626564025879,0.002368850633502,36.182,-0.11,0.099,0.0,0,0,1,,0.889,2026-03-17T15:18:36.261013,neutral,0.931,2026-03-17T15:18:36.261013,0.5943343442907707,2026-03-17T15:18:36.002000,89,,,
participant_23,2,day,Town10HD_Opt,2026-03-17 15:18:37.264711,-35.187355041503906,28.296844482421875,0.0020827483385801,33.71,-0.059,0.454,0.0,0,0,1,,1.0,2026-03-17T15:18:37.264711,neutral,0.931,2026-03-17T15:18:36.261013,0.6158316952232634,2026-03-17T15:18:37.038000,88,,,
participant_23,2,day,Town10HD_Opt,2026-03-17 15:18:38.212416,-29.075931549072266,28.32709693908692,0.0018996048020198,37.347,-0.049,0.632,0.0,0,0,1,,0.848,2026-03-17T15:18:38.212416,neutral,0.931,2026-03-17T15:18:36.261013,0.5534092859826949,2026-03-17T15:18:38.027000,88,,,
participant_23,2,day,Town10HD_Opt,2026-03-17 15:18:39.222649,-22.131242752075195,28.350494384765625,0.0018799972021952,42.403,-0.045,0.632,0.0,0,0,1,,1.0,2026-03-17T15:18:39.222649,neutral,0.953,2026-03-17T15:18:39.222649,0.603134956794684,2026-03-17T15:18:39.017000,86,,,
participant_23,2,day,Town10HD_Opt,2026-03-17 15:18:40.119667,-14.358046531677246,28.364330291748047,0.0019052504794672,46.689,-0.045,0.615,0.0,0,0,1,,1.0,2026-03-17T15:18:40.119667,neutral,0.953,2026-03-17T15:18:39.222649,0.6025105983792552,2026-03-17T15:18:40.007000,86,,,
participant_23,2,day,Town10HD_Opt,2026-03-17 15:18:41.051248,-6.056088924407959,28.36537742614746,0.0021662903018295,45.274,-0.028,0.0,0.0,0,0,1,,1.0,2026-03-17T15:18:41.051248,neutral,0.953,2026-03-17T15:18:39.222649,0.5928152505098273,2026-03-17T15:18:40.998000,87,,,
participant_23,2,day,Town10HD_Opt,2026-03-17 15:18:42.287704,3.0348687171936035,28.353837966918945,0.0023371123243123,32.298,-0.026,0.0,0.0,0,0,1,,1.0,2026-03-17T15:18:42.287704,neutral,0.962,2026-03-17T15:18:42.287704,0.5945057004568677,2026-03-17T15:18:42.033000,87,,,
participant_23,2,day,Town10HD_Opt,2026-03-17 15:18:43.200383,8.070569038391113,28.342634201049805,0.0022832870017737,24.752,-0.021,0.0,0.0,0,0,1,,1.0,2026-03-17T15:18:43.200383,neutral,0.962,2026-03-17T15:18:42.287704,0.6037641573300601,2026-03-17T15:18:43.022000,87,,,
participant_23,2,day,Town10HD_Opt,2026-03-17 15:18:44.155450,11.891752243041992,28.33208465576172,0.0022422790061682,18.505,-0.021,0.065,0.0,0,0,1,,1.0,2026-03-17T15:18:44.155450,neutral,0.962,2026-03-17T15:18:42.287704,0.5732527958590451,2026-03-17T15:18:44.013000,86,,,
participant_23,2,day,Town10HD_Opt,2026-03-17 15:18:45.099277,15.0069580078125,28.32265853881836,0.0019120788201689,17.803,-0.021,0.336,0.0,0,0,1,,1.0,2026-03-17T15:18:45.099277,neutral,0.711,2026-03-17T15:18:45.099277,0.6314953366023867,2026-03-17T15:18:45.003000,86,,,
participant_23,2,day,Town10HD_Opt,2026-03-17 15:18:46.014137,18.172075271606445,28.31266212463379,0.0020357894245535,18.349,0.021,0.375,0.0,0,0,1,,1.0,2026-03-17T15:18:46.014137,neutral,0.711,2026-03-17T15:18:45.099277,0.5535126150541892,2026-03-17T15:18:46.040000,84,,,
participant_23,2,day,Town10HD_Opt,2026-03-17 15:18:47.022168,21.332881927490234,28.33016014099121,0.0018724059918895,17.222,3.174,0.004,0.0,0,0,1,,1.0,2026-03-17T15:18:47.022168,neutral,0.711,2026-03-17T15:18:45.099277,0.5614326269705331,2026-03-17T15:18:47.027000,86,,,
participant_23,2,day,Town10HD_Opt,2026-03-17 15:18:48.237942,25.08464241027832,28.63210678100586,0.0018497466808184,17.273,4.346,0.447,0.0,0,0,1,,1.0,2026-03-17T15:18:48.237942,neutral,0.923,2026-03-17T15:18:48.237942,0.5889516368074698,2026-03-17T15:18:48.017000,85,,,
participant_23,2,day,Town10HD_Opt,2026-03-17 15:18:49.155502,28.27670669555664,29.0661563873291,0.001930313068442,19.542,1.053,0.454,0.0,0,0,1,,1.0,2026-03-17T15:18:49.155502,neutral,0.923,2026-03-17T15:18:48.237942,0.6435419799487522,2026-03-17T15:18:49.007000,85,,,
participant_23,2,day,Town10HD_Opt,2026-03-17 15:18:50.077690,31.845827102661133,29.68214607238769,0.0019372176611796,21.917,6.12,0.461,0.0,0,0,1,,0.82,2026-03-17T15:18:50.077690,neutral,0.923,2026-03-17T15:18:48.237942,0.6382820793764736,2026-03-17T15:18:50.043000,86,,,
participant_23,2,day,Town10HD_Opt,2026-03-17 15:18:51.000297,35.41848373413086,31.068098068237305,0.0021970749367028,20.034,23.162,0.0,0.0,0,0,1,,1.0,2026-03-17T15:18:51.000297,neutral,0.985,2026-03-17T15:18:51.000297,0.672286888814464,2026-03-17T15:18:51.032000,86,,,
participant_23,2,day,Town10HD_Opt,2026-03-17 15:18:52.255351,38.15623092651367,34.03257369995117,0.0019818877335637,16.303,20.076,0.308,0.0,0,0,1,,0.902,2026-03-17T15:18:52.255351,neutral,0.985,2026-03-17T15:18:51.000297,0.5686119066207175,2026-03-17T15:18:52.022000,86,,,
participant_23,2,day,Town10HD_Opt,2026-03-17 15:18:53.198420,39.29262924194336,36.76624298095703,0.0019696427043527,18.578,17.147,0.497,0.0,0,0,1,,0.918,2026-03-17T15:18:53.198420,sad,0.998,2026-03-17T15:18:53.198420,0.5787426448558214,2026-03-17T15:18:53.013000,87,,,
participant_23,2,day,Town10HD_Opt,2026-03-17 15:18:54.192691,39.90779495239258,40.05704879760742,0.0019603727851063,20.657,5.264,0.382,0.0,0,0,1,,1.0,2026-03-17T15:18:54.192691,sad,0.998,2026-03-17T15:18:53.198420,0.6569371038586855,2026-03-17T15:18:54.048000,87,,,
participant_23,2,day,Town10HD_Opt,2026-03-17 15:18:55.147727,40.31629943847656,43.66229248046875,0.0021124267950654,19.493,0.334,0.0,0.0,0,0,1,,0.854,2026-03-17T15:18:55.147727,sad,0.998,2026-03-17T15:18:53.198420,0.6004160213598719,2026-03-17T15:18:55.172000,85,,,
participant_23,2,day,Town10HD_Opt,2026-03-17 15:18:56.150914,40.55274200439453,46.7180061340332,0.0020222472958266,15.247,5.222,0.0,0.084,0,0,1,,0.909,2026-03-17T15:18:56.150914,neutral,0.901,2026-03-17T15:18:56.150914,0.5932345517088569,2026-03-17T15:18:56.027000,84,,,
participant_23,2,day,Town10HD_Opt,2026-03-17 15:18:57.127070,40.57029724121094,49.00379180908203,0.0020720290485769,10.497,1.389,0.0,0.178,0,0,1,,0.939,2026-03-17T15:18:57.127070,neutral,0.901,2026-03-17T15:18:56.150914,0.5882601502965505,2026-03-17T15:18:57.017000,87,,,
participant_23,2,day,Town10HD_Opt,2026-03-17 15:18:58.142767,40.59536361694336,50.50320053100586,0.0020500945392996,6.174,-0.837,0.0,0.186,0,0,1,,0.912,2026-03-17T15:18:58.142767,neutral,0.901,2026-03-17T15:18:56.150914,0.6280392434409126,2026-03-17T15:18:58.008000,88,,,
participant_23,2,day,Town10HD_Opt,2026-03-17 15:18:59.074172,40.604618072509766,50.91793823242188,0.0020306014921516,0.0,1.006,0.0,0.185,0,0,1,,0.837,2026-03-17T15:18:59.074172,neutral,0.995,2026-03-17T15:18:59.074172,0.5612943492686248,2026-03-17T15:18:59.043000,87,,,
participant_23,2,day,Town10HD_Opt,2026-03-17 15:19:00.011342,40.6046257019043,50.91902542114258,0.0019230651669204,0.008,1.495,0.0,0.0,0,0,1,,0.897,2026-03-17T15:19:00.011342,neutral,0.995,2026-03-17T15:18:59.074172,0.5236345346298222,2026-03-17T15:19:00.032000,89,,,
participant_23,2,day,Town10HD_Opt,2026-03-17 15:19:01.171468,40.60462951660156,50.91902542114258,0.0019129562424495,0.233,1.302,0.172,0.0,0,0,1,,0.808,2026-03-17T15:19:01.171468,neutral,0.961,2026-03-17T15:19:01.171468,0.5985417503360129,2026-03-17T15:19:01.023000,89,,,
participant_23,2,day,Town10HD_Opt,2026-03-17 15:19:02.120691,40.60630035400391,51.10845184326172,0.0018462371081113,2.424,1.236,0.242,0.0,0,0,1,,0.911,2026-03-17T15:19:02.120691,neutral,0.961,2026-03-17T15:19:01.171468,0.7043196701714614,2026-03-17T15:19:02.014000,90,,,
participant_23,2,day,Town10HD_Opt,2026-03-17 15:19:03.073325,40.61214447021485,51.751766204833984,0.0018035125685855,5.683,0.461,0.31,0.0,0,0,1,,0.881,2026-03-17T15:19:03.073325,neutral,0.961,2026-03-17T15:19:01.171468,0.6571676495390578,2026-03-17T15:19:03.093000,89,,,
participant_23,2,day,Town10HD_Opt,2026-03-17 15:19:04.041728,40.63314056396485,53.04035949707031,0.0017786788521334,9.767,-0.731,0.499,0.0,0,0,1,,0.887,2026-03-17T15:19:04.041728,sad,0.986,2026-03-17T15:19:04.041728,0.6341907061340925,2026-03-17T15:19:04.038000,84,,,
participant_23,2,day,Town10HD_Opt,2026-03-17 15:19:05.049035,40.71559143066406,55.277469635009766,0.0016776656266301,16.858,-3.525,0.617,0.0,0,0,1,,0.973,2026-03-17T15:19:05.049035,sad,0.986,2026-03-17T15:19:04.041728,0.6554740506303572,2026-03-17T15:19:05.029000,85,,,
participant_23,2,day,Town10HD_Opt,2026-03-17 15:19:06.289904,41.38722610473633,59.79182052612305,0.001922111492604,22.459,-12.845,0.513,0.0,0,0,1,,0.939,2026-03-17T15:19:06.289904,neutral,0.995,2026-03-17T15:19:06.289904,0.6884561204817689,2026-03-17T15:19:06.018000,83,,,
participant_23,2,day,Town10HD_Opt,2026-03-17 15:19:07.262537,43.05440521240234,63.65256118774414,0.0019414520356804,26.148,-13.363,0.513,0.0,0,0,1,,0.885,2026-03-17T15:19:07.262537,neutral,0.995,2026-03-17T15:19:06.289904,0.6964559584883196,2026-03-17T15:19:07.008000,83,,,
participant_23,2,day,Town10HD_Opt,2026-03-17 15:19:08.126353,46.14845657348633,67.3248291015625,0.0019627378787845,29.307,-13.594,0.508,0.0,0,0,1,,0.872,2026-03-17T15:19:08.126353,neutral,0.995,2026-03-17T15:19:06.289904,0.7040344566220357,2026-03-17T15:19:08.043000,80,,,
participant_23,2,day,Town10HD_Opt,2026-03-17 15:19:09.054274,50.69925308227539,70.0357894897461,0.001988410949707,31.932,-14.08,0.494,0.0,0,0,1,,0.929,2026-03-17T15:19:09.054274,neutral,0.876,2026-03-17T15:19:09.054274,0.6023607101911164,2026-03-17T15:19:09.033000,81,,,
participant_23,2,day,Town10HD_Opt,2026-03-17 15:19:10.123981,56.11762619018555,71.0105972290039,0.0022167586721479,29.606,-11.832,0.0,0.0,0,0,1,,0.882,2026-03-17T15:19:10.123981,neutral,0.876,2026-03-17T15:19:09.054274,0.6829316353467996,2026-03-17T15:19:10.023000,81,,,
participant_23,2,day,Town10HD_Opt,2026-03-17 15:19:11.055003,60.64795684814453,70.71560668945312,0.0022671509068459,22.248,5.538,0.0,0.0,0,0,1,,0.894,2026-03-17T15:19:11.055003,neutral,0.984,2026-03-17T15:19:11.055003,0.6790137022644284,2026-03-17T15:19:11.013000,82,,,
participant_23,2,day,Town10HD_Opt,2026-03-17 15:19:12.283721,65.1572036743164,70.74980926513672,0.001860580407083,17.94,-0.43,0.209,0.0,0,0,1,,0.911,2026-03-17T15:19:12.283721,neutral,0.984,2026-03-17T15:19:11.055003,0.6125428676420909,2026-03-17T15:19:12.048000,83,,,
participant_23,2,day,Town10HD_Opt,2026-03-17 15:19:13.210907,68.24749755859375,70.76408386230469,0.0019234084757044,17.712,-1.42,0.35,0.0,0,0,1,,0.955,2026-03-17T15:19:13.210907,neutral,0.921,2026-03-17T15:19:13.210907,0.6663375788792146,2026-03-17T15:19:13.037000,79,,,
participant_23,2,day,Town10HD_Opt,2026-03-17 15:19:14.187964,71.40258026123047,70.70782470703125,0.0020690916571766,18.122,-1.203,0.14,0.0,0,0,1,,1.0,2026-03-17T15:19:14.187964,neutral,0.921,2026-03-17T15:19:13.210907,0.6733145310163157,2026-03-17T15:19:14.028000,80,,,
participant_23,2,day,Town10HD_Opt,2026-03-17 15:19:15.143551,74.34397888183594,70.60572814941406,0.0020320892799645,14.695,-0.717,0.0,0.0,0,0,1,,1.0,2026-03-17T15:19:15.143551,neutral,0.921,2026-03-17T15:19:13.210907,0.7623789159202815,2026-03-17T15:19:15.019000,79,,,errors=Solid line crossing
participant_23,2,day,Town10HD_Opt,2026-03-17 15:19:16.075379,76.63094329833984,70.51464080810547,0.0020263672340661,11.284,-0.148,0.0,0.0,0,0,1,,0.928,2026-03-17T15:19:16.075379,neutral,1.0,2026-03-17T15:19:16.075379,0.7636351633145604,2026-03-17T15:19:16.008000,80,,,
participant_23,2,day,Town10HD_Opt,2026-03-17 15:19:17.244746,78.87710571289062,70.42315673828125,0.0019950484856963,7.934,0.009,0.0,0.0,0,0,1,,0.928,2026-03-17T15:19:17.244746,neutral,1.0,2026-03-17T15:19:16.075379,0.6999671329698659,2026-03-17T15:19:17.088000,79,,,
participant_23,2,day,Town10HD_Opt,2026-03-17 15:19:18.209295,80.1123046875,70.38362884521484,0.0019773482345044,6.002,1.248,0.0,0.0,0,0,1,,0.912,2026-03-17T15:19:18.209295,neutral,0.995,2026-03-17T15:19:18.209295,0.6876009919959563,2026-03-17T15:19:18.033000,90,,,
participant_23,2,day,Town10HD_Opt,2026-03-17 15:19:19.133651,81.06084442138672,70.3619384765625,0.0019636915531009,4.676,1.011,0.0,0.0,0,0,1,,0.938,2026-03-17T15:19:19.133651,neutral,0.995,2026-03-17T15:19:18.209295,0.700364081970608,2026-03-17T15:19:19.022000,89,,,
participant_23,2,day,Town10HD_Opt,2026-03-17 15:19:20.052222,81.78914642333984,70.34835815429688,0.0019534681923687,3.538,1.001,0.0,0.0,0,0,1,,0.935,2026-03-17T15:19:20.052222,neutral,0.995,2026-03-17T15:19:18.209295,0.7406483992786895,2026-03-17T15:19:20.013000,89,,,
participant_23,2,day,Town10HD_Opt,2026-03-17 15:19:21.012164,82.3482437133789,70.33753204345703,0.0019454956054687,2.756,-0.975,0.0,0.0,0,0,1,,0.873,2026-03-17T15:19:21.012164,neutral,1.0,2026-03-17T15:19:21.012164,0.8645242007059152,2026-03-17T15:19:21.048000,92,,,
participant_23,2,day,Town10HD_Opt,2026-03-17 15:19:22.164055,82.8854751586914,70.32080841064453,0.002016334561631,0.0,-0.724,0.0,0.036,0,0,1,,0.99,2026-03-17T15:19:22.164055,neutral,1.0,2026-03-17T15:19:21.012164,0.835217805915277,2026-03-17T15:19:22.038000,94,,,
participant_23,2,day,Town10HD_Opt,2026-03-17 15:19:23.027158,82.88557434082031,70.32080078125,0.0019290542695671,0.0,-0.62,0.0,0.0,0,0,1,,0.838,2026-03-17T15:19:23.027158,neutral,0.977,2026-03-17T15:19:23.027158,0.8543404427330101,2026-03-17T15:19:23.027000,90,,,
participant_23,2,day,Town10HD_Opt,2026-03-17 15:19:24.175207,82.88542175292969,70.32080078125,0.0019190978491678,0.002,-0.251,0.0,0.0,0,0,1,,0.866,2026-03-17T15:19:24.175207,neutral,0.977,2026-03-17T15:19:23.027158,0.8561203951055948,2026-03-17T15:19:24.018000,92,,,
participant_23,2,day,Town10HD_Opt,2026-03-17 15:19:25.059335,82.88568878173828,70.32080078125,0.0019191741012036,0.001,-0.073,0.0,0.0,0,0,1,,0.946,2026-03-17T15:19:25.059335,neutral,0.976,2026-03-17T15:19:25.059335,0.8732618083606113,2026-03-17T15:19:25.008000,88,,,
participant_23,2,day,Town10HD_Opt,2026-03-17 15:19:26.235643,82.8858413696289,70.32080078125,0.0019191741012036,0.001,-0.073,0.0,0.0,0,0,1,,0.951,2026-03-17T15:19:26.235643,neutral,0.976,2026-03-17T15:19:25.059335,0.8279742622384026,2026-03-17T15:19:26.043000,86,,,
participant_23,2,day,Town10HD_Opt,2026-03-17 15:19:27.181672,82.88526916503906,70.32080078125,0.0019178390502929,0.146,-0.073,0.172,0.0,0,0,1,,0.948,2026-03-17T15:19:27.181672,neutral,0.991,2026-03-17T15:19:27.181672,0.9291413267072858,2026-03-17T15:19:27.033000,86,,,
participant_23,2,day,Town10HD_Opt,2026-03-17 15:19:28.143773,83.08219909667969,70.31546020507812,0.0017828750424087,3.84,-0.073,0.512,0.0,0,0,1,,0.95,2026-03-17T15:19:28.143773,neutral,0.991,2026-03-17T15:19:27.181672,0.8483911579761303,2026-03-17T15:19:28.022000,85,,,
participant_23,2,day,Town10HD_Opt,2026-03-17 15:19:29.106801,84.32003021240234,70.28204345703125,0.0015857315156608,12.607,-0.073,0.719,0.0,0,0,1,,0.934,2026-03-17T15:19:29.106801,neutral,0.991,2026-03-17T15:19:27.181672,0.894793398664255,2026-03-17T15:19:29.013000,83,,,
participant_23,2,day,Town10HD_Opt,2026-03-17 15:19:30.062228,86.84235382080078,70.21381378173828,0.0019651411566883,13.591,1.429,0.0,0.0,0,0,1,,0.935,2026-03-17T15:19:30.062228,neutral,0.997,2026-03-17T15:19:30.062228,0.9097269143991112,2026-03-17T15:19:30.003000,81,,,
participant_23,2,day,Town10HD_Opt,2026-03-17 15:19:31.029806,89.0070571899414,70.31012725830078,0.0019295120146125,12.184,10.084,0.333,0.0,0,0,1,,0.927,2026-03-17T15:19:31.029806,neutral,0.997,2026-03-17T15:19:30.062228,0.9552695196535108,2026-03-17T15:19:31.038000,82,,,
participant_23,2,day,Town10HD_Opt,2026-03-17 15:19:32.274827,92.10846710205078,71.06314086914062,0.0018606566591188,15.331,17.109,0.332,0.0,0,0,1,,0.911,2026-03-17T15:19:32.274827,neutral,0.974,2026-03-17T15:19:32.274827,0.9130372332687142,2026-03-17T15:19:32.029000,81,,,
participant_23,2,day,Town10HD_Opt,2026-03-17 15:19:33.247646,94.5610122680664,72.45732116699219,0.0021104430779814,17.366,19.36,0.358,0.0,0,0,1,,0.88,2026-03-17T15:19:33.247646,neutral,0.974,2026-03-17T15:19:32.274827,0.8456608591853207,2026-03-17T15:19:33.018000,82,,,
participant_23,2,day,Town10HD_Opt,2026-03-17 15:19:34.219591,96.74443817138672,74.70686340332031,0.0020681000314652,18.478,19.563,0.375,0.0,0,0,1,,1.0,2026-03-17T15:19:34.219591,neutral,0.974,2026-03-17T15:19:32.274827,0.803351669909041,2026-03-17T15:19:34.008000,82,,,
participant_23,2,day,Town10HD_Opt,2026-03-17 15:19:35.119021,98.2009048461914,77.58071899414062,0.0020434951875358,19.003,19.393,0.375,0.0,0,0,1,,0.851,2026-03-17T15:19:35.119021,neutral,0.98,2026-03-17T15:19:35.119021,0.8667876292322927,2026-03-17T15:19:35.044000,83,,,
participant_23,2,day,Town10HD_Opt,2026-03-17 15:19:36.081231,98.79861450195312,80.92271423339844,0.002019042847678,20.14,9.617,0.368,0.0,0,0,1,,0.939,2026-03-17T15:19:36.081231,neutral,0.98,2026-03-17T15:19:35.119021,0.8023436112497895,2026-03-17T15:19:36.033000,82,,,
participant_23,2,day,Town10HD_Opt,2026-03-17 15:19:37.051658,98.908203125,84.5344009399414,0.001981048611924,21.599,3.123,0.558,0.0,0,0,1,,0.952,2026-03-17T15:19:37.051658,neutral,0.98,2026-03-17T15:19:35.119021,0.7726573133725756,2026-03-17T15:19:37.025000,84,,,
participant_23,2,day,Town10HD_Opt,2026-03-17 15:19:38.274529,98.8187484741211,90.36336517333984,0.0018859863048419,28.612,2.186,0.371,0.0,0,0,1,,0.817,2026-03-17T15:19:38.274529,neutral,0.992,2026-03-17T15:19:38.274529,0.8581852243729746,2026-03-17T15:19:38.013000,85,,,
participant_23,2,day,Town10HD_Opt,2026-03-17 15:19:39.008586,98.61000061035156,93.70355224609376,0.002033157274127,28.591,5.787,0.318,0.0,0,0,1,,0.957,2026-03-17T15:19:39.008586,neutral,0.992,2026-03-17T15:19:38.274529,0.7856400894992301,2026-03-17T15:19:39.003000,88,,,
participant_23,2,day,Town10HD_Opt,2026-03-17 15:19:40.247938,97.44940185546876,100.09549713134766,0.0020747757516801,27.169,1.081,0.331,0.0,0,0,1,,0.881,2026-03-17T15:19:40.247938,neutral,0.992,2026-03-17T15:19:38.274529,0.8481073354605666,2026-03-17T15:19:40.038000,88,,,
participant_23,2,day,Town10HD_Opt,2026-03-17 15:19:41.184620,96.3116226196289,104.66910552978516,0.0020455168560147,26.944,4.645,0.405,0.0,0,0,1,,0.917,2026-03-17T15:19:41.184620,neutral,0.998,2026-03-17T15:19:41.184620,0.8602771972181696,2026-03-17T15:19:41.028000,87,,,
participant_23,2,day,Town10HD_Opt,2026-03-17 15:19:42.117602,94.6703872680664,109.15065002441406,0.0020191192161291,27.823,4.686,0.408,0.0,0,0,1,,0.921,2026-03-17T15:19:42.117602,neutral,0.998,2026-03-17T15:19:41.184620,0.8585075333494795,2026-03-17T15:19:42.063000,88,,,
participant_23,2,day,Town10HD_Opt,2026-03-17 15:19:43.056468,92.51670837402344,113.58252716064452,0.0020175552926957,28.576,3.25,0.407,0.0,0,0,1,,0.873,2026-03-17T15:19:43.056468,neutral,0.998,2026-03-17T15:19:41.184620,0.7769489440186577,2026-03-17T15:19:43.009000,89,,,
participant_23,2,day,Town10HD_Opt,2026-03-17 15:19:44.233605,88.82637786865234,119.23067474365234,0.0020406723488122,29.175,5.839,0.378,0.0,0,0,1,,0.865,2026-03-17T15:19:44.233605,neutral,1.0,2026-03-17T15:19:44.233605,0.8258226815559593,2026-03-17T15:19:44.178000,91,,,
participant_23,2,day,Town10HD_Opt,2026-03-17 15:19:45.182753,85.38345336914062,122.9989013671875,0.0020446013659238,29.213,4.174,0.379,0.0,0,0,1,,0.812,2026-03-17T15:19:45.182753,neutral,1.0,2026-03-17T15:19:44.233605,0.8187981483831964,2026-03-17T15:19:45.169000,91,,,
participant_23,2,day,Town10HD_Opt,2026-03-17 15:19:46.093547,81.46080017089844,126.2522201538086,0.0020540999248623,29.116,8.93,0.374,0.0,0,0,1,,0.882,2026-03-17T15:19:46.093547,neutral,1.0,2026-03-17T15:19:44.233605,0.776889264501021,2026-03-17T15:19:46.023000,93,,,
participant_23,2,day,Town10HD_Opt,2026-03-17 15:19:47.030570,76.95616149902344,128.56680297851562,0.0020584105513989,28.944,7.696,0.373,0.0,0,0,1,,0.952,2026-03-17T15:19:47.030570,neutral,0.995,2026-03-17T15:19:47.030570,0.64563653271676,2026-03-17T15:19:47.057000,93,,,
participant_23,2,day,Town10HD_Opt,2026-03-17 15:19:48.275365,70.4404067993164,130.35427856445312,0.0020423887763172,29.184,4.589,0.376,0.0,0,0,1,,0.907,2026-03-17T15:19:48.275365,neutral,0.995,2026-03-17T15:19:47.030570,0.7426254780661077,2026-03-17T15:19:48.048000,93,,,
participant_23,2,day,Town10HD_Opt,2026-03-17 15:19:49.209981,65.38216400146484,130.96560668945312,0.0020414732862263,29.278,4.643,0.377,0.0,0,0,1,,0.839,2026-03-17T15:19:49.209981,neutral,0.995,2026-03-17T15:19:49.209981,0.6700574772820652,2026-03-17T15:19:49.039000,92,,,
participant_23,2,day,Town10HD_Opt,2026-03-17 15:19:50.189268,60.26816940307617,130.97976684570312,0.0020397566258907,29.378,0.284,0.373,0.0,0,0,1,,0.842,2026-03-17T15:19:50.189268,neutral,0.995,2026-03-17T15:19:49.209981,0.6390703705584306,2026-03-17T15:19:50.028000,91,,,
participant_23,2,day,Town10HD_Opt,2026-03-17 15:19:51.170491,55.13915252685547,130.92518615722656,0.0020385740790516,29.466,-1.624,0.392,0.0,0,0,1,,0.972,2026-03-17T15:19:51.170491,neutral,0.995,2026-03-17T15:19:49.209981,0.5843645177785248,2026-03-17T15:19:51.018000,91,,,
participant_23,2,day,Town10HD_Opt,2026-03-17 15:19:52.145222,49.90986633300781,130.93263244628906,0.0019840239547193,30.932,1.471,0.459,0.0,0,0,1,,0.879,2026-03-17T15:19:52.145222,neutral,0.979,2026-03-17T15:19:52.145222,0.6298089734691182,2026-03-17T15:19:52.008000,90,,,
participant_23,2,day,Town10HD_Opt,2026-03-17 15:19:53.051926,44.37559127807617,130.78919982910156,0.0019916915334761,32.532,-0.792,0.451,0.0,0,0,1,,0.883,2026-03-17T15:19:53.051926,neutral,0.979,2026-03-17T15:19:52.145222,0.5284877274197264,2026-03-17T15:19:53.043000,91,,,
participant_23,2,day,Town10HD_Opt,2026-03-17 15:19:54.267693,36.58209228515625,130.72622680664062,0.0019834898412227,34.666,0.322,0.482,0.0,0,0,1,,0.903,2026-03-17T15:19:54.267693,neutral,1.0,2026-03-17T15:19:54.267693,0.5709720730656578,2026-03-17T15:19:54.034000,89,,,
participant_23,2,day,Town10HD_Opt,2026-03-17 15:19:55.261841,30.38532829284668,130.68310546875,0.0019926070235669,36.259,-0.204,0.473,0.0,0,0,1,,0.897,2026-03-17T15:19:55.261841,neutral,1.0,2026-03-17T15:19:54.267693,0.5661080889051312,2026-03-17T15:19:55.023000,89,,,
participant_23,2,day,Town10HD_Opt,2026-03-17 15:19:56.185225,23.9410343170166,130.6608123779297,0.0020028685685247,37.497,-0.327,0.471,0.0,0,0,1,,0.956,2026-03-17T15:19:56.185225,neutral,1.0,2026-03-17T15:19:54.267693,0.5801953227114525,2026-03-17T15:19:56.013000,89,,,
participant_23,2,day,Town10HD_Opt,2026-03-17 15:19:57.122059,17.295621871948242,130.69851684570312,0.0020083235576748,38.555,0.082,0.47,0.0,0,0,1,,0.969,2026-03-17T15:19:57.122059,neutral,0.927,2026-03-17T15:19:57.122059,0.596383474092232,2026-03-17T15:19:57.003000,90,,,
participant_23,2,day,Town10HD_Opt,2026-03-17 15:19:58.080800,10.478437423706056,130.72659301757812,0.0020171736832708,39.378,0.261,0.449,0.0,0,0,1,,0.858,2026-03-17T15:19:58.080800,neutral,0.927,2026-03-17T15:19:57.122059,0.6083385382403289,2026-03-17T15:19:58.038000,91,,,
participant_23,2,day,Town10HD_Opt,2026-03-17 15:19:58.999590,3.5707898139953613,130.69725036621094,0.0020398329943418,39.515,-0.014,0.434,0.0,0,0,1,,0.893,2026-03-17T15:19:58.999590,neutral,0.927,2026-03-17T15:19:57.122059,0.6126938321945743,2026-03-17T15:19:59.028000,89,,,
participant_23,3,day,Town10HD_Opt,2026-03-17 15:30:00.000000,-41.66858673095703,89.7454833984375,0.580491840839386,17.368,5.893,0.498,0.0,0,0,1,,1.0,2026-03-17T15:30:00,,,2026-03-17T15:30:00,0.99,2026-03-17T15:30:00,87,,,
participant_23,3,day,Town10HD_Opt,2026-03-17 15:30:04.596357,-41.54966735839844,82.54132843017578,0.0018890762003138,17.463,6.955,0.542,0.0,0,0,1,,0.914,2026-03-17T15:30:04.596357,,,2026-03-17T15:30:04.596357,0.99,2026-03-17T15:30:04.951000,90,,,
participant_23,3,day,Town10HD_Opt,2026-03-17 15:30:05.250319,-41.26298904418945,80.43081665039062,0.0020692443940788,18.697,9.255,0.435,0.0,0,0,1,,1.0,2026-03-17T15:30:05.250319,,,2026-03-17T15:30:04.596357,0.99,2026-03-17T15:30:05.939000,87,,,
participant_23,3,day,Town10HD_Opt,2026-03-17 15:30:06.273604,-40.27951049804688,77.15275573730469,0.0019831084646284,20.804,14.229,0.443,0.0,0,0,1,,1.0,2026-03-17T15:30:06.273604,,,2026-03-17T15:30:04.596357,0.99,2026-03-17T15:30:06.929000,89,,,
participant_23,3,day,Town10HD_Opt,2026-03-17 15:30:07.313584,-38.2166633605957,73.96195983886719,0.0020032881293445,23.022,18.124,0.438,0.0,0,0,1,,1.0,2026-03-17T15:30:07.313584,sad,0.376,2026-03-17T15:30:07.313584,0.99,2026-03-17T15:30:07.966000,88,,,
participant_23,3,day,Town10HD_Opt,2026-03-17 15:30:08.308681,-34.92461395263672,71.44326782226562,0.0020063780248165,24.934,14.82,0.439,0.0,0,0,1,,1.0,2026-03-17T15:30:08.308681,sad,0.376,2026-03-17T15:30:07.313584,0.99,2026-03-17T15:30:08.954000,89,,,
participant_23,3,day,Town10HD_Opt,2026-03-17 15:30:08.989303,-32.199485778808594,70.29139709472656,0.0020013807807117,26.054,11.549,0.44,0.0,0,0,1,,1.0,2026-03-17T15:30:08.989303,sad,0.376,2026-03-17T15:30:07.313584,0.99,2026-03-17T15:30:08.954000,90,,,
participant_23,3,day,Town10HD_Opt,2026-03-17 15:30:09.991864,-27.59329605102539,69.37680053710938,0.0019981383811682,27.89,9.26,0.445,0.0,0,0,1,,1.0,2026-03-17T15:30:09.991864,neutral,0.564,2026-03-17T15:30:09.991864,0.99,2026-03-17T15:30:09.944000,89,,,
participant_23,3,day,Town10HD_Opt,2026-03-17 15:30:11.245534,-20.85529518127441,69.45277404785156,0.0019906996749341,30.021,-1.789,0.449,0.0,0,0,1,,0.805,2026-03-17T15:30:11.245534,neutral,0.564,2026-03-17T15:30:09.991864,0.99,2026-03-17T15:30:12.060000,91,,,
participant_23,3,day,Town10HD_Opt,2026-03-17 15:30:12.196807,-15.466806411743164,69.54310607910156,0.0019905089866369,31.692,-0.078,0.458,0.0,0,0,1,,1.0,2026-03-17T15:30:12.196807,neutral,0.698,2026-03-17T15:30:12.196807,0.99,2026-03-17T15:30:12.960000,93,,,
participant_23,3,day,Town10HD_Opt,2026-03-17 15:30:13.223375,-9.80248737335205,69.63310241699219,0.0019932554569095,33.22,0.202,0.46,0.0,0,0,1,,1.0,2026-03-17T15:30:13.223375,neutral,0.698,2026-03-17T15:30:12.196807,0.99,2026-03-17T15:30:13.950000,93,,,
participant_23,3,day,Town10HD_Opt,2026-03-17 15:30:14.211477,-3.886039018630981,69.76625061035156,0.0020008848514407,34.528,-0.277,0.453,0.0,0,0,1,,1.0,2026-03-17T15:30:14.211477,sad,0.45,2026-03-17T15:30:14.211477,0.8690976571780672,2026-03-17T15:30:14.984000,93,,,
participant_23,3,day,Town10HD_Opt,2026-03-17 15:30:15.136587,2.2331252098083496,69.85478973388672,0.0020135117229074,35.469,-0.407,0.443,0.0,0,0,1,,1.0,2026-03-17T15:30:15.136587,sad,0.45,2026-03-17T15:30:14.211477,0.99,2026-03-17T15:30:15.929000,93,,,
participant_23,3,day,Town10HD_Opt,2026-03-17 15:30:16.057710,8.472309112548828,69.879150390625,0.0020519637037068,35.557,-0.256,0.331,0.0,0,0,1,,1.0,2026-03-17T15:30:16.057710,sad,0.45,2026-03-17T15:30:14.211477,0.954879172816626,2026-03-17T15:30:15.929000,92,,,
participant_23,3,day,Town10HD_Opt,2026-03-17 15:30:17.012557,14.31851577758789,69.86506652832031,0.0022694014478474,29.581,-0.031,0.0,0.0,0,0,1,,1.0,2026-03-17T15:30:17.012557,neutral,0.483,2026-03-17T15:30:17.012557,0.9362795747130775,2026-03-17T15:30:16.963000,90,,,
participant_23,3,day,Town10HD_Opt,2026-03-17 15:30:18.228161,20.04996490478516,69.84040069580078,0.0023435209877789,17.344,-0.066,0.0,0.733,0,0,1,,1.0,2026-03-17T15:30:18.228161,neutral,0.483,2026-03-17T15:30:17.012557,0.9083216766974244,2026-03-17T15:30:18.944000,87,,,errors=Harsh braking
participant_23,3,day,Town10HD_Opt,2026-03-17 15:30:19.210244,20.638139724731445,69.83722686767578,0.0020738600287586,0.0,-0.066,0.0,0.402,0,0,1,,1.0,2026-03-17T15:30:19.210244,sad,0.693,2026-03-17T15:30:19.210244,0.894370828048395,2026-03-17T15:30:19.935000,88,,,
participant_23,3,day,Town10HD_Opt,2026-03-17 15:30:20.110226,20.63892364501953,69.83722686767578,0.0019251632038503,0.134,0.031,0.049,0.0,0,0,1,,1.0,2026-03-17T15:30:20.110226,sad,0.693,2026-03-17T15:30:19.210244,0.8732754287060756,2026-03-17T15:30:20.924000,86,,,
participant_23,3,day,Town10HD_Opt,2026-03-17 15:30:21.023864,20.83624267578125,69.83631896972656,0.0016885375371202,5.229,0.035,0.506,0.0,0,0,1,,1.0,2026-03-17T15:30:21.023864,sad,0.693,2026-03-17T15:30:19.210244,0.8457228497611999,2026-03-17T15:30:20.924000,85,,,
participant_23,3,day,Town10HD_Opt,2026-03-17 15:30:22.006924,22.28901481628418,69.82879638671875,0.0016561889788135,12.681,0.005,0.585,0.0,0,0,1,,1.0,2026-03-17T15:30:22.006924,neutral,0.651,2026-03-17T15:30:22.006924,0.7828532170651282,2026-03-17T15:30:21.985000,87,,,
participant_23,3,day,Town10HD_Opt,2026-03-17 15:30:23.050062,24.87323951721192,69.80355072021484,0.0018770217429846,15.486,-0.472,0.243,0.0,0,0,1,,0.909,2026-03-17T15:30:23.050062,neutral,0.651,2026-03-17T15:30:22.006924,0.877196283566645,2026-03-17T15:30:22.950000,87,,,errors=Stop sign violation
participant_23,3,day,Town10HD_Opt,2026-03-17 15:30:24.279189,28.60444068908692,69.51759338378906,0.0018678283086046,17.167,-10.072,0.345,0.0,0,0,1,,0.866,2026-03-17T15:30:24.279189,neutral,0.898,2026-03-17T15:30:24.279189,0.8248130716011296,2026-03-17T15:30:24.929000,91,,,
participant_23,3,day,Town10HD_Opt,2026-03-17 15:30:25.218205,31.63533401489257,68.70865631103516,0.0020627593621611,18.541,-10.732,0.463,0.0,0,0,1,,0.908,2026-03-17T15:30:25.218205,neutral,0.898,2026-03-17T15:30:24.279189,0.969873403131206,2026-03-17T15:30:25.964000,91,,,
participant_23,3,day,Town10HD_Opt,2026-03-17 15:30:26.133554,34.810977935791016,67.28688049316406,0.00195690151304,21.513,-9.2,0.465,0.0,0,0,1,,0.875,2026-03-17T15:30:26.133554,neutral,0.898,2026-03-17T15:30:24.279189,0.9412464792271514,2026-03-17T15:30:26.954000,88,,,
participant_23,3,day,Town10HD_Opt,2026-03-17 15:30:27.028021,38.11806488037109,65.07060241699219,0.0019610975868999,24.301,-9.143,0.468,0.0,0,0,1,,1.0,2026-03-17T15:30:27.028021,neutral,0.986,2026-03-17T15:30:27.028021,0.8857976162157764,2026-03-17T15:30:26.954000,88,,,
participant_23,3,day,Town10HD_Opt,2026-03-17 15:30:27.995503,41.21527862548828,61.89910888671875,0.0019814299885183,26.677,-12.033,0.46,0.0,0,0,1,,1.0,2026-03-17T15:30:27.995503,neutral,0.986,2026-03-17T15:30:27.028021,0.9013177838288384,2026-03-17T15:30:27.944000,85,,,
participant_23,3,day,Town10HD_Opt,2026-03-17 15:30:29.285469,43.95367431640625,56.09437942504883,0.0020197294652462,28.698,-12.565,0.421,0.0,0,0,1,,1.0,2026-03-17T15:30:29.285469,sad,0.687,2026-03-17T15:30:29.285469,0.9414846121675416,2026-03-17T15:30:29.923000,87,,,
participant_23,3,day,Town10HD_Opt,2026-03-17 15:30:30.246844,44.4636116027832,51.23710632324219,0.002201538067311,25.495,-6.144,0.0,0.0,0,0,1,,0.838,2026-03-17T15:30:30.246844,sad,0.687,2026-03-17T15:30:29.285469,0.817310848044172,2026-03-17T15:30:31.049000,85,,,
participant_23,3,day,Town10HD_Opt,2026-03-17 15:30:31.194536,44.32789611816406,47.281131744384766,0.0022337341215461,19.717,-0.482,0.173,0.0,0,0,1,,0.872,2026-03-17T15:30:31.194536,sad,0.687,2026-03-17T15:30:29.285469,0.8510712753570076,2026-03-17T15:30:31.949000,86,,,
participant_23,3,day,Town10HD_Opt,2026-03-17 15:30:32.121290,44.21094512939453,44.06631851196289,0.002022094791755,18.158,2.313,0.274,0.0,0,0,1,,1.0,2026-03-17T15:30:32.121290,neutral,0.832,2026-03-17T15:30:32.121290,0.909305932008422,2026-03-17T15:30:32.940000,86,,,
participant_23,3,day,Town10HD_Opt,2026-03-17 15:30:33.048654,44.25459289550781,40.90121841430664,0.0020462034735828,18.013,5.096,0.364,0.0,0,0,1,,0.833,2026-03-17T15:30:33.048654,neutral,0.832,2026-03-17T15:30:32.121290,0.8656375580447287,2026-03-17T15:30:32.940000,86,,,
participant_23,3,day,Town10HD_Opt,2026-03-17 15:30:34.266133,44.99347686767578,36.73442077636719,0.002047843998298,18.415,17.316,0.346,0.0,0,0,1,,0.907,2026-03-17T15:30:34.266133,neutral,0.636,2026-03-17T15:30:34.266133,0.8956975944411655,2026-03-17T15:30:34.964000,88,,,
participant_23,3,day,Town10HD_Opt,2026-03-17 15:30:35.191811,46.5230598449707,33.87454605102539,0.0020481490064412,18.889,16.893,0.347,0.0,0,0,1,,0.811,2026-03-17T15:30:35.191811,neutral,0.636,2026-03-17T15:30:34.266133,0.8398465831189624,2026-03-17T15:30:35.999000,88,,,
participant_23,3,day,Town10HD_Opt,2026-03-17 15:30:36.077497,48.833641052246094,31.486366271972656,0.0020538328681141,19.251,16.893,0.334,0.0,0,0,1,,1.0,2026-03-17T15:30:36.077497,neutral,0.636,2026-03-17T15:30:34.266133,0.9187213730789244,2026-03-17T15:30:35.999000,89,,,
participant_23,3,day,Town10HD_Opt,2026-03-17 15:30:36.991868,51.7559700012207,29.816085815429688,0.0020598219707608,19.404,16.488,0.329,0.0,0,0,1,,1.0,2026-03-17T15:30:36.991868,neutral,0.442,2026-03-17T15:30:36.991868,0.8766600997252175,2026-03-17T15:30:37.034000,89,,,
participant_23,3,day,Town10HD_Opt,2026-03-17 15:30:38.220105,55.995262145996094,28.44948005676269,0.0019714736845344,18.072,-1.732,0.209,0.0,0,0,1,,1.0,2026-03-17T15:30:38.220105,neutral,0.442,2026-03-17T15:30:36.991868,0.7934884250646823,2026-03-17T15:30:38.924000,89,,,
participant_23,3,day,Town10HD_Opt,2026-03-17 15:30:39.135933,58.94988250732422,27.492570877075195,0.0019462204072624,16.264,2.487,0.0,0.0,0,0,1,,0.896,2026-03-17T15:30:39.135933,neutral,0.933,2026-03-17T15:30:39.135933,0.9117115964360756,2026-03-17T15:30:39.959000,92,,,
participant_23,3,day,Town10HD_Opt,2026-03-17 15:30:40.054029,61.39057540893555,26.81616401672364,0.0020372390281409,12.664,3.146,0.0,0.0,0,0,1,,0.941,2026-03-17T15:30:40.054029,neutral,0.933,2026-03-17T15:30:39.135933,0.8431736756976046,2026-03-17T15:30:39.959000,92,,,
participant_23,3,day,Town10HD_Opt,2026-03-17 15:30:41.260214,63.82151794433594,26.304874420166016,0.0020045852288603,8.77,7.247,0.0,0.0,0,0,1,,1.0,2026-03-17T15:30:41.260214,neutral,0.704,2026-03-17T15:30:41.260214,0.8227439451692432,2026-03-17T15:30:41.939000,90,,,
participant_23,3,day,Town10HD_Opt,2026-03-17 15:30:42.152054,65.1761703491211,26.1357364654541,0.0019842146430164,6.736,7.149,0.0,0.0,0,0,1,,0.937,2026-03-17T15:30:42.152054,neutral,0.704,2026-03-17T15:30:41.260214,0.8383142028773384,2026-03-17T15:30:42.930000,88,,,
participant_23,3,day,Town10HD_Opt,2026-03-17 15:30:43.099221,66.02046966552734,26.063663482666016,0.0023197173140943,0.001,4.789,0.0,0.273,0,0,1,,1.0,2026-03-17T15:30:43.099221,neutral,0.704,2026-03-17T15:30:41.260214,0.8580823583530981,2026-03-17T15:30:42.930000,89,,,
participant_23,3,day,Town10HD_Opt,2026-03-17 15:30:44.279436,66.02099609375,26.063663482666016,0.0019242477137595,0.001,3.431,0.0,0.0,0,0,1,,0.801,2026-03-17T15:30:44.279436,sad,0.463,2026-03-17T15:30:44.279436,0.8678339190501387,2026-03-17T15:30:44.955000,86,,,
participant_23,3,day,Town10HD_Opt,2026-03-17 15:30:45.227900,66.02100372314453,26.06364250183105,0.0019198226509615,0.0,3.401,0.0,0.0,0,0,1,,0.881,2026-03-17T15:30:45.227900,sad,0.463,2026-03-17T15:30:44.279436,0.8913144424804043,2026-03-17T15:30:45.989000,84,,,
participant_23,3,day,Town10HD_Opt,2026-03-17 15:30:46.116677,66.02100372314453,26.06364250183105,0.0019190978491678,0.0,0.106,0.0,0.0,0,0,1,,0.897,2026-03-17T15:30:46.116677,sad,0.463,2026-03-17T15:30:44.279436,0.8842016921090955,2026-03-17T15:30:45.989000,84,,,
participant_23,3,day,Town10HD_Opt,2026-03-17 15:30:47.017803,66.02100372314453,26.063661575317383,0.0019189452286809,0.0,0.55,0.0,0.0,0,0,1,,0.873,2026-03-17T15:30:47.017803,neutral,0.612,2026-03-17T15:30:47.017803,0.9122427616869851,2026-03-17T15:30:46.985000,85,,,
participant_23,3,day,Town10HD_Opt,2026-03-17 15:30:48.227388,66.02100372314453,26.063661575317383,0.0019191741012036,0.0,0.517,0.0,0.0,0,0,1,,0.83,2026-03-17T15:30:48.227388,neutral,0.612,2026-03-17T15:30:47.017803,0.8554058269364407,2026-03-17T15:30:48.960000,85,,,
participant_23,3,day,Town10HD_Opt,2026-03-17 15:30:49.115303,66.02100372314453,26.063661575317383,0.0019189834129065,0.0,0.444,0.0,0.0,0,0,1,,1.0,2026-03-17T15:30:49.115303,sad,0.718,2026-03-17T15:30:49.115303,0.8019708808292509,2026-03-17T15:30:48.960000,85,,,
participant_23,3,day,Town10HD_Opt,2026-03-17 15:30:49.993943,66.02100372314453,26.06364250183105,0.0019190596649423,0.0,0.444,0.0,0.0,0,0,1,,1.0,2026-03-17T15:30:49.993943,sad,0.718,2026-03-17T15:30:49.115303,0.7744394092645135,2026-03-17T15:30:49.995000,86,,,
participant_23,3,day,Town10HD_Opt,2026-03-17 15:30:51.112766,66.02100372314453,26.063661575317383,0.0019189834129065,0.0,0.503,0.0,0.0,0,0,1,,0.921,2026-03-17T15:30:51.112766,sad,0.718,2026-03-17T15:30:49.115303,0.7348160020800348,2026-03-17T15:30:51.929000,87,,,
participant_23,3,day,Town10HD_Opt,2026-03-17 15:30:52.220184,66.02100372314453,26.063661575317383,0.0019189834129065,0.0,0.503,0.0,0.0,0,0,1,,0.881,2026-03-17T15:30:52.220184,neutral,0.467,2026-03-17T15:30:52.220184,0.720371537058867,2026-03-17T15:30:53.012000,88,,,
participant_23,3,day,Town10HD_Opt,2026-03-17 15:30:53.077146,66.02100372314453,26.06364250183105,0.001919021597132,0.0,0.771,0.0,0.0,0,0,1,,1.0,2026-03-17T15:30:53.077146,neutral,0.467,2026-03-17T15:30:52.220184,0.7023406873499607,2026-03-17T15:30:53.012000,86,,,
participant_23,3,day,Town10HD_Opt,2026-03-17 15:30:54.183531,66.02100372314453,26.06364250183105,0.0019190596649423,0.0,0.869,0.0,0.0,0,0,1,,0.877,2026-03-17T15:30:54.183531,neutral,0.467,2026-03-17T15:30:52.220184,0.6323217579196069,2026-03-17T15:30:54.945000,86,,,
participant_23,3,day,Town10HD_Opt,2026-03-17 15:30:55.047009,66.02100372314453,26.06364250183105,0.001919021597132,0.0,0.877,0.0,0.0,0,0,1,,0.828,2026-03-17T15:30:55.047009,sad,0.442,2026-03-17T15:30:55.047009,0.6807326903987125,2026-03-17T15:30:54.945000,86,,,
participant_23,3,day,Town10HD_Opt,2026-03-17 15:30:56.209984,66.02100372314453,26.06364250183105,0.001919021597132,0.0,0.877,0.0,0.0,0,0,1,,0.851,2026-03-17T15:30:56.209984,sad,0.442,2026-03-17T15:30:55.047009,0.6245373945893384,2026-03-17T15:30:56.970000,86,,,
participant_23,3,day,Town10HD_Opt,2026-03-17 15:30:57.075275,66.02100372314453,26.063661575317383,0.0019189452286809,0.0,0.879,0.0,0.0,0,0,1,,1.0,2026-03-17T15:30:57.075275,sad,0.55,2026-03-17T15:30:57.075275,0.5304370923289878,2026-03-17T15:30:56.970000,85,,,
participant_23,3,day,Town10HD_Opt,2026-03-17 15:30:58.250933,66.02100372314453,26.063661575317383,0.0019191360333934,0.0,0.942,0.0,0.0,0,0,1,,0.886,2026-03-17T15:30:58.250933,sad,0.55,2026-03-17T15:30:57.075275,0.65405781202569,2026-03-17T15:30:58.950000,87,,,
participant_23,3,day,Town10HD_Opt,2026-03-17 15:30:59.126604,66.1781997680664,26.04676055908203,0.0017108535394072,4.504,1.622,0.889,0.0,0,0,1,,1.0,2026-03-17T15:30:59.126604,neutral,0.636,2026-03-17T15:30:59.126604,0.7531373646435675,2026-03-17T15:30:59.940000,89,,,
participant_23,3,day,Town10HD_Opt,2026-03-17 15:31:00.026776,67.97218322753906,25.887863159179688,0.0015977477887645,15.74,1.389,0.581,0.0,0,0,1,,1.0,2026-03-17T15:31:00.026776,neutral,0.636,2026-03-17T15:30:59.126604,0.6120285687068178,2026-03-17T15:30:59.940000,88,,,
participant_23,3,day,Town10HD_Opt,2026-03-17 15:31:01.180207,72.05618286132812,25.52631378173828,0.0019005584763363,16.667,0.085,0.0,0.0,0,0,1,,1.0,2026-03-17T15:31:01.180207,happy,0.842,2026-03-17T15:31:01.180207,0.6344248244847418,2026-03-17T15:31:01.965000,90,,,
participant_23,3,day,Town10HD_Opt,2026-03-17 15:31:02.053505,74.64405822753906,25.302528381347656,0.0020384597592055,12.802,1.058,0.0,0.0,0,0,1,,0.846,2026-03-17T15:31:02.053505,happy,0.842,2026-03-17T15:31:01.180207,0.6350906800574407,2026-03-17T15:31:01.965000,91,,,
participant_23,3,day,Town10HD_Opt,2026-03-17 15:31:03.246710,77.25318908691406,25.147111892700195,0.0019261168781667,10.684,5.03,0.232,0.0,0,0,1,,1.0,2026-03-17T15:31:03.246710,neutral,0.422,2026-03-17T15:31:03.246710,0.6597795757945529,2026-03-17T15:31:03.945000,90,,,
participant_23,3,day,Town10HD_Opt,2026-03-17 15:31:04.155708,79.11957550048828,25.1379508972168,0.0019788742065429,9.709,-3.573,0.0,0.0,0,0,1,,1.0,2026-03-17T15:31:04.155708,neutral,0.422,2026-03-17T15:31:03.246710,0.6642413479161063,2026-03-17T15:31:04.936000,92,,,
participant_23,3,day,Town10HD_Opt,2026-03-17 15:31:05.120682,80.8196792602539,25.06694793701172,0.0018489836947992,10.969,-0.423,0.435,0.0,0,0,1,,0.837,2026-03-17T15:31:05.120682,neutral,0.422,2026-03-17T15:31:03.246710,0.7303172538926458,2026-03-17T15:31:05.925000,91,,,
participant_23,3,day,Town10HD_Opt,2026-03-17 15:31:05.999513,83.33077239990234,24.99301719665528,0.0017816924955695,20.257,0.583,1.0,0.0,0,0,1,,1.0,2026-03-17T15:31:05.999513,neutral,0.924,2026-03-17T15:31:05.999513,0.7385584917598621,2026-03-17T15:31:05.925000,90,,,
participant_23,3,day,Town10HD_Opt,2026-03-17 15:31:07.239009,90.0550765991211,24.68140411376953,0.0015415191883221,39.686,-6.146,0.559,0.0,0,0,1,,1.0,2026-03-17T15:31:07.239009,neutral,0.924,2026-03-17T15:31:05.999513,0.7618876252773572,2026-03-17T15:31:07.950000,93,,,
participant_23,3,day,Town10HD_Opt,2026-03-17 15:31:08.201488,96.99492645263672,22.68562126159668,0.0019783782772719,42.818,-19.502,0.597,0.0,0,0,1,,1.0,2026-03-17T15:31:08.201488,sad,0.595,2026-03-17T15:31:08.201488,0.7746965289185347,2026-03-17T15:31:08.985000,91,,,
participant_23,3,day,Town10HD_Opt,2026-03-17 15:31:09.149334,102.12033081054688,17.15723991394043,0.0019927597604691,44.966,-10.437,0.599,0.0,0,0,1,,1.0,2026-03-17T15:31:09.149334,sad,0.595,2026-03-17T15:31:08.201488,0.7820910218991746,2026-03-17T15:31:09.930000,90,,,
participant_23,3,day,Town10HD_Opt,2026-03-17 15:31:10.069905,105.0414810180664,9.594542503356934,0.0019459151662886,47.94,-0.919,0.597,0.0,0,0,1,,0.861,2026-03-17T15:31:10.069905,sad,0.595,2026-03-17T15:31:08.201488,0.8200463552744711,2026-03-17T15:31:09.930000,89,,,
participant_23,3,day,Town10HD_Opt,2026-03-17 15:31:11.275755,106.95403289794922,-1.764453411102295,0.0020562361460179,49.414,-0.712,0.603,0.0,0,0,1,,1.0,2026-03-17T15:31:11.275755,sad,0.581,2026-03-17T15:31:11.275755,0.8267104819086245,2026-03-17T15:31:11.955000,88,,,
participant_23,3,day,Town10HD_Opt,2026-03-17 15:31:12.129961,107.25846099853516,-10.385743141174316,0.0019761656876653,50.436,1.758,0.604,0.0,0,0,1,,1.0,2026-03-17T15:31:12.129961,sad,0.581,2026-03-17T15:31:11.275755,0.7949716070465271,2026-03-17T15:31:11.955000,87,,,
participant_23,3,day,Town10HD_Opt,2026-03-17 15:31:13.015832,107.94116973876952,-19.02510643005371,0.0020425033289939,49.318,-3.125,0.604,0.0,0,0,1,,1.0,2026-03-17T15:31:13.015832,sad,0.581,2026-03-17T15:31:11.275755,0.8654617469765378,2026-03-17T15:31:13.079000,87,,,
participant_23,3,day,Town10HD_Opt,2026-03-17 15:31:14.204402,107.28883361816406,-30.550365447998047,0.0020561600103974,49.452,-5.148,0.603,0.0,0,0,1,,1.0,2026-03-17T15:31:14.204402,sad,0.579,2026-03-17T15:31:14.204402,0.818304456091705,2026-03-17T15:31:14.926000,90,,,
participant_23,3,day,Town10HD_Opt,2026-03-17 15:31:15.123147,104.5234832763672,-38.83523941040039,0.0021102523896843,49.267,-3.266,0.603,0.0,0,0,1,,1.0,2026-03-17T15:31:15.123147,sad,0.579,2026-03-17T15:31:14.204402,0.8695738670153697,2026-03-17T15:31:15.960000,89,,,
participant_23,3,day,Town10HD_Opt,2026-03-17 15:31:16.064514,100.5611572265625,-46.62043380737305,0.0020796202588826,49.33,-4.119,0.603,0.0,0,0,1,,1.0,2026-03-17T15:31:16.064514,sad,0.579,2026-03-17T15:31:14.204402,0.9357009484323068,2026-03-17T15:31:15.960000,90,,,
participant_23,3,day,Town10HD_Opt,2026-03-17 15:31:17.254384,93.28526306152344,-55.61757659912109,0.0021532820537686,48.56,-5.995,0.603,0.0,0,0,1,,1.0,2026-03-17T15:31:17.254384,sad,0.724,2026-03-17T15:31:17.254384,0.919854519827302,2026-03-17T15:31:18.030000,89,,,
participant_23,3,day,Town10HD_Opt,2026-03-17 15:31:18.116785,86.34127807617188,-60.6665267944336,0.0019761275034397,50.418,-5.512,0.603,0.0,0,0,1,,1.0,2026-03-17T15:31:18.116785,sad,0.724,2026-03-17T15:31:17.254384,0.8049289436634874,2026-03-17T15:31:18.030000,87,,,
participant_23,3,day,Town10HD_Opt,2026-03-17 15:31:19.249178,75.54139709472656,-64.89566040039062,0.0019828414078801,50.7,-4.077,0.0,0.0,0,0,1,,1.0,2026-03-17T15:31:19.249178,sad,0.724,2026-03-17T15:31:17.254384,0.8737842429525396,2026-03-17T15:31:19.965000,90,,,
participant_23,3,day,Town10HD_Opt,2026-03-17 15:31:20.104533,66.9502182006836,-66.30944061279297,0.002003707922995,50.311,-2.786,0.604,0.0,0,0,1,,0.839,2026-03-17T15:31:20.104533,sad,0.499,2026-03-17T15:31:20.104533,0.922272929538752,2026-03-17T15:31:19.965000,91,,,
participant_23,3,day,Town10HD_Opt,2026-03-17 15:31:21.026883,58.28276824951172,-66.64918518066406,0.0020591353531926,49.187,-0.754,0.603,0.0,0,0,1,,0.869,2026-03-17T15:31:21.026883,sad,0.499,2026-03-17T15:31:20.104533,0.8951620827818697,2026-03-17T15:31:21,95,,,
participant_23,3,day,Town10HD_Opt,2026-03-17 15:31:22.208681,46.6660385131836,-66.44775390625,0.0020414351020008,49.826,0.437,0.603,0.0,0,0,1,,1.0,2026-03-17T15:31:22.208681,sad,0.669,2026-03-17T15:31:22.208681,0.955504271636164,2026-03-17T15:31:22.935000,95,,,
participant_23,3,day,Town10HD_Opt,2026-03-17 15:31:23.139489,37.93516540527344,-66.3133544921875,0.0020733261480927,49.398,0.451,0.603,0.0,0,0,1,,1.0,2026-03-17T15:31:23.139489,sad,0.669,2026-03-17T15:31:22.208681,0.9393640105512464,2026-03-17T15:31:23.970000,92,,,
participant_23,3,day,Town10HD_Opt,2026-03-17 15:31:24.022903,29.20036125183105,-66.34449768066406,0.0021460724528878,48.7,-0.092,0.604,0.0,0,0,1,,1.0,2026-03-17T15:31:24.022903,sad,0.669,2026-03-17T15:31:22.208681,0.940901010098278,2026-03-17T15:31:23.970000,90,,,
participant_23,3,day,Town10HD_Opt,2026-03-17 15:31:25.201007,17.611738204956055,-66.41344451904297,0.0021064376924186,49.317,0.385,0.604,0.0,0,0,1,,1.0,2026-03-17T15:31:25.201007,neutral,0.429,2026-03-17T15:31:25.201007,0.98236550631662,2026-03-17T15:31:25.950000,87,,,
participant_23,3,day,Town10HD_Opt,2026-03-17 15:31:26.091182,8.870302200317383,-66.60201263427734,0.0020899581722915,49.369,0.862,0.595,0.0,0,0,1,,1.0,2026-03-17T15:31:26.091182,neutral,0.429,2026-03-17T15:31:25.201007,0.9263833836107904,2026-03-17T15:31:26.939000,86,,,
participant_23,3,day,Town10HD_Opt,2026-03-17 15:31:27.258442,-2.3296687602996826,-67.04212188720703,0.0023228072095662,42.888,-1.68,0.0,0.0,0,0,1,,1.0,2026-03-17T15:31:27.258442,sad,0.476,2026-03-17T15:31:27.258442,0.99,2026-03-17T15:31:27.975000,85,,,
participant_23,3,day,Town10HD_Opt,2026-03-17 15:31:28.162123,-9.03529930114746,-67.04217529296875,0.0023434066679328,33.227,1.358,0.0,0.004,0,0,1,phone_call,0.967,2026-03-17T15:31:28.162123,sad,0.476,2026-03-17T15:31:27.258442,0.99,2026-03-17T15:31:28.965000,86,,,
participant_23,3,day,Town10HD_Opt,2026-03-17 15:31:29.049432,-14.097744941711426,-67.16854095458984,0.0023686217609792,23.469,-0.914,0.0,0.477,0,0,1,,1.0,2026-03-17T15:31:29.049432,sad,0.476,2026-03-17T15:31:27.258442,0.99,2026-03-17T15:31:28.965000,84,,,
participant_23,3,day,Town10HD_Opt,2026-03-17 15:31:30.152978,-18.249073028564453,-67.2262954711914,0.0021851349156349,11.338,-0.677,0.0,0.782,0,0,1,,1.0,2026-03-17T15:31:30.152978,neutral,0.421,2026-03-17T15:31:30.152978,0.99,2026-03-17T15:31:30.945000,89,,,errors=Harsh braking
participant_23,3,day,Town10HD_Opt,2026-03-17 15:31:30.990706,-19.302898406982425,-67.22992706298828,0.0023297881707549,0.001,-0.595,0.0,0.789,0,0,1,,1.0,2026-03-17T15:31:30.990706,neutral,0.421,2026-03-17T15:31:30.152978,0.99,2026-03-17T15:31:30.945000,89,,,
participant_23,3,day,Town10HD_Opt,2026-03-17 15:31:32.102439,-19.30408477783203,-67.22991943359375,0.0019236373482272,0.008,-0.552,0.0,0.0,0,0,1,,1.0,2026-03-17T15:31:32.102439,neutral,0.421,2026-03-17T15:31:30.152978,0.99,2026-03-17T15:31:31.937000,90,,,
participant_23,3,day,Town10HD_Opt,2026-03-17 15:31:33.242976,-19.30432510375977,-67.22991943359375,0.0019189071608707,0.006,-0.552,0.0,0.0,0,0,1,,1.0,2026-03-17T15:31:33.242976,neutral,0.979,2026-03-17T15:31:33.242976,0.99,2026-03-17T15:31:33.960000,91,,,
participant_23,3,day,Town10HD_Opt,2026-03-17 15:31:34.084955,-19.30426406860352,-67.22991943359375,0.0019188307924196,0.007,-0.557,0.0,0.0,0,0,1,,1.0,2026-03-17T15:31:34.084955,neutral,0.979,2026-03-17T15:31:33.242976,0.99,2026-03-17T15:31:33.960000,93,,,
participant_23,3,day,Town10HD_Opt,2026-03-17 15:31:35.194543,-19.313066482543945,-67.22992706298828,0.001918678288348,0.065,-0.576,0.0,0.0,0,0,1,,1.0,2026-03-17T15:31:35.194543,neutral,0.979,2026-03-17T15:31:33.242976,0.99,2026-03-17T15:31:35.940000,90,,,
participant_23,3,day,Town10HD_Opt,2026-03-17 15:31:36.026521,-19.322629928588867,-67.22994232177734,0.0019194411579519,0.051,-0.587,0.0,0.0,0,0,1,,1.0,2026-03-17T15:31:36.026521,sad,0.958,2026-03-17T15:31:36.026521,0.99,2026-03-17T15:31:35.940000,89,,,
participant_23,3,day,Town10HD_Opt,2026-03-17 15:31:37.137473,-19.331457138061523,-67.2299575805664,0.0019220733083784,0.029,-0.587,0.184,0.0,0,0,1,,1.0,2026-03-17T15:31:37.137473,sad,0.958,2026-03-17T15:31:36.026521,0.99,2026-03-17T15:31:37.965000,91,,,
participant_23,3,day,Town10HD_Opt,2026-03-17 15:31:38.239778,-19.77461814880371,-67.23051452636719,0.001697196974419,6.327,-0.606,0.68,0.0,0,0,1,,1.0,2026-03-17T15:31:38.239778,sad,0.94,2026-03-17T15:31:38.239778,0.99,2026-03-17T15:31:39.046000,88,,,
participant_23,3,day,Town10HD_Opt,2026-03-17 15:31:39.103346,-21.6032657623291,-67.22309112548828,0.0016491317655891,14.94,-0.646,0.603,0.0,0,0,1,,1.0,2026-03-17T15:31:39.103346,sad,0.94,2026-03-17T15:31:38.239778,0.99,2026-03-17T15:31:39.046000,89,,,
participant_23,3,day,Town10HD_Opt,2026-03-17 15:31:40.222325,-25.9642276763916,-67.161376953125,0.0018641280476003,22.71,0.139,0.609,0.0,0,0,1,,1.0,2026-03-17T15:31:40.222325,sad,0.94,2026-03-17T15:31:38.239778,0.99,2026-03-17T15:31:40.935000,88,,,
participant_23,3,day,Town10HD_Opt,2026-03-17 15:31:41.093951,-30.433292388916016,-67.15229034423828,0.0018471527146175,28.795,0.975,0.605,0.0,0,0,1,,1.0,2026-03-17T15:31:41.093951,neutral,0.942,2026-03-17T15:31:41.093951,0.99,2026-03-17T15:31:40.935000,88,,,
participant_23,3,day,Town10HD_Opt,2026-03-17 15:31:42.189405,-37.94397735595703,-67.32420349121094,0.0018738555954769,35.899,0.634,0.606,0.0,0,0,1,,0.821,2026-03-17T15:31:42.189405,neutral,0.942,2026-03-17T15:31:41.093951,0.99,2026-03-17T15:31:42.960000,87,,,
participant_23,3,day,Town10HD_Opt,2026-03-17 15:31:43.051423,-44.59450912475586,-67.62326049804688,0.0018951415549963,40.488,0.167,0.605,0.0,0,0,1,,0.914,2026-03-17T15:31:43.051423,neutral,0.942,2026-03-17T15:31:41.093951,0.99,2026-03-17T15:31:42.960000,89,,,
participant_23,3,day,Town10HD_Opt,2026-03-17 15:31:44.164748,-54.61109161376953,-68.0365982055664,0.0019209289457648,45.646,-0.909,0.604,0.0,0,0,1,,0.901,2026-03-17T15:31:44.164748,neutral,0.974,2026-03-17T15:31:44.164748,0.99,2026-03-17T15:31:44.985000,89,Solid line crossing,Solid line crossing,
participant_23,3,day,Town10HD_Opt,2026-03-17 15:31:45.248821,-65.7408218383789,-68.01109313964844,0.0019359206780791,50.014,-0.766,0.609,0.0,0,0,1,,1.0,2026-03-17T15:31:45.248821,neutral,0.974,2026-03-17T15:31:44.164748,0.99,2026-03-17T15:31:45.975000,88,,,
participant_23,3,day,Town10HD_Opt,2026-03-17 15:31:46.113616,-74.44548797607422,-67.4886474609375,0.0020437622442841,49.733,-6.109,0.612,0.0,0,0,1,,0.84,2026-03-17T15:31:46.113616,neutral,0.974,2026-03-17T15:31:44.164748,0.99,2026-03-17T15:31:46.965000,88,,,
participant_23,3,day,Town10HD_Opt,2026-03-17 15:31:47.018206,-82.8848876953125,-65.3199234008789,0.0020906447898596,49.382,-3.983,0.61,0.0,0,0,1,,1.0,2026-03-17T15:31:47.018206,sad,0.77,2026-03-17T15:31:47.018206,0.99,2026-03-17T15:31:46.965000,88,,,
participant_23,3,day,Town10HD_Opt,2026-03-17 15:31:48.186446,-93.18541717529295,-60.055458068847656,0.0020787429530173,49.073,-5.04,0.615,0.0,0,0,1,,1.0,2026-03-17T15:31:48.186446,sad,0.77,2026-03-17T15:31:47.018206,0.99,2026-03-17T15:31:48.945000,89,,,
participant_23,3,day,Town10HD_Opt,2026-03-17 15:31:49.044179,-99.9490737915039,-54.52837753295898,0.0020994949154555,49.098,-5.529,0.614,0.0,0,0,1,,0.897,2026-03-17T15:31:49.044179,sad,0.55,2026-03-17T15:31:49.044179,0.99,2026-03-17T15:31:48.945000,90,,,
participant_23,3,day,Town10HD_Opt,2026-03-17 15:31:50.025175,-105.30513763427734,-47.77900314331055,0.0019723891746252,50.615,-4.995,0.0,0.0,0,0,1,,1.0,2026-03-17T15:31:50.025175,sad,0.55,2026-03-17T15:31:49.044179,0.99,2026-03-17T15:31:49.943000,91,,,
participant_23,3,day,Town10HD_Opt,2026-03-17 15:31:51.249247,-110.04812622070312,-37.31841659545898,0.0020200728904455,49.466,-6.17,0.44,0.0,0,0,1,,0.884,2026-03-17T15:31:51.249247,neutral,0.759,2026-03-17T15:31:51.249247,0.99,2026-03-17T15:31:51.960000,87,,,
participant_23,3,day,Town10HD_Opt,2026-03-17 15:31:52.162003,-111.29071044921876,-28.93506622314453,0.0021462249569594,46.877,-5.167,0.385,0.0,0,0,1,,1.0,2026-03-17T15:31:52.162003,neutral,0.759,2026-03-17T15:31:51.249247,0.99,2026-03-17T15:31:52.951000,88,,,
participant_23,3,day,Town10HD_Opt,2026-03-17 15:31:53.113456,-111.05418395996094,-20.84892845153809,0.0020335006993263,46.42,3.191,0.557,0.0,0,0,1,,1.0,2026-03-17T15:31:53.113456,neutral,0.759,2026-03-17T15:31:51.249247,0.99,2026-03-17T15:31:53.940000,87,,,
participant_23,3,day,Town10HD_Opt,2026-03-17 15:31:54.086635,-111.28450012207033,-12.39358139038086,0.0017965697916224,51.964,-1.469,0.0,0.186,0,0,1,,1.0,2026-03-17T15:31:54.086635,sad,0.684,2026-03-17T15:31:54.086635,0.99,2026-03-17T15:31:53.940000,87,,,
participant_23,3,day,Town10HD_Opt,2026-03-17 15:31:55.011965,-111.39771270751952,-3.652797222137451,0.001883239718154,52.05,-2.97,0.0,0.154,0,0,1,,0.879,2026-03-17T15:31:55.011965,sad,0.684,2026-03-17T15:31:54.086635,0.99,2026-03-17T15:31:54.986000,87,,,errors=Red light violation
participant_23,3,day,Town10HD_Opt,2026-03-17 15:31:56.238114,-109.95741271972656,7.781291484832764,0.0023444364778697,47.8,-4.299,0.251,0.0,0,0,1,,0.816,2026-03-17T15:31:56.238114,sad,0.708,2026-03-17T15:31:56.238114,0.99,2026-03-17T15:31:56.955000,88,,,
participant_23,3,day,Town10HD_Opt,2026-03-17 15:31:57.120573,-107.6414031982422,15.108046531677246,0.0022370147053152,38.392,-6.161,0.0,0.0,0,0,1,,0.811,2026-03-17T15:31:57.120573,sad,0.708,2026-03-17T15:31:56.238114,0.99,2026-03-17T15:31:57.946000,89,,,
participant_23,3,day,Town10HD_Opt,2026-03-17 15:31:58.043754,-104.5044403076172,20.201112747192383,0.0022467421367764,31.46,-14.097,0.624,0.0,0,0,1,,1.0,2026-03-17T15:31:58.043754,sad,0.708,2026-03-17T15:31:56.238114,0.99,2026-03-17T15:31:57.946000,87,,,
participant_23,3,day,Town10HD_Opt,2026-03-17 15:31:59.006439,-99.8682861328125,24.174440383911133,0.0016636657528579,41.538,-1.523,0.945,0.0,0,0,1,,0.881,2026-03-17T15:31:59.006439,sad,0.73,2026-03-17T15:31:59.006439,0.99,2026-03-17T15:31:58.936000,90,,,
participant_23,3,day,Town10HD_Opt,2026-03-17 15:32:00.292952,-90.06414031982422,29.11961936950684,0.0021214294247329,48.137,-18.508,0.942,0.0,0,0,1,,1.0,2026-03-17T15:32:00.292952,sad,0.73,2026-03-17T15:31:59.006439,0.99,2026-03-17T15:32:00.960000,90,,,errors=Solid line crossing
participant_23,3,day,Town10HD_Opt,2026-03-17 15:32:01.248485,-81.37958526611328,28.125492095947266,0.002118453849107,49.06,10.562,0.995,0.0,0,0,1,,1.0,2026-03-17T15:32:01.248485,happy,0.939,2026-03-17T15:32:01.248485,0.99,2026-03-17T15:32:01.950000,89,,,
participant_23,3,day,Town10HD_Opt,2026-03-17 15:32:02.211606,-73.48233032226562,27.824350357055664,0.0022842406760901,41.773,-3.045,0.963,0.0,0,0,1,,1.0,2026-03-17T15:32:02.211606,happy,0.939,2026-03-17T15:32:01.248485,0.99,2026-03-17T15:32:02.985000,88,,,
participant_23,3,day,Town10HD_Opt,2026-03-17 15:32:03.175859,-65.28054809570312,27.608333587646484,0.0016500090714544,52.901,-0.009,0.0,0.289,0,0,1,,1.0,2026-03-17T15:32:03.175859,happy,0.939,2026-03-17T15:32:01.248485,0.99,2026-03-17T15:32:03.975000,89,,,
participant_23,3,day,Town10HD_Opt,2026-03-17 15:32:04.114765,-56.50961685180664,27.32729148864746,0.0019428252708166,51.328,0.505,0.0,0.0,0,0,1,,1.0,2026-03-17T15:32:04.114765,happy,0.993,2026-03-17T15:32:04.114765,0.99,2026-03-17T15:32:04.965000,89,,,
participant_23,3,day,Town10HD_Opt,2026-03-17 15:32:05.030585,-47.73076248168945,27.18824958801269,0.0019750595092773,50.534,0.879,0.0,0.0,0,0,1,,0.868,2026-03-17T15:32:05.030585,happy,0.993,2026-03-17T15:32:04.114765,0.99,2026-03-17T15:32:04.965000,89,,,
participant_23,3,day,Town10HD_Opt,2026-03-17 15:32:06.223748,-36.00348663330078,28.077322006225582,0.0018931579543277,51.613,-6.872,0.0,0.201,0,0,1,,1.0,2026-03-17T15:32:06.223748,happy,0.698,2026-03-17T15:32:06.223748,0.99,2026-03-17T15:32:06.945000,88,,,
participant_23,3,day,Town10HD_Opt,2026-03-17 15:32:07.143328,-27.31354141235352,27.985822677612305,0.00186828605365,51.748,2.163,0.0,0.167,0,0,1,,1.0,2026-03-17T15:32:07.143328,happy,0.698,2026-03-17T15:32:06.223748,0.99,2026-03-17T15:32:07.936000,88,,,
participant_23,3,day,Town10HD_Opt,2026-03-17 15:32:08.065877,-18.58776092529297,27.667823791503903,0.0019668196327984,50.762,-2.428,0.695,0.0,0,0,1,,0.847,2026-03-17T15:32:08.065877,happy,0.698,2026-03-17T15:32:06.223748,0.99,2026-03-17T15:32:07.936000,89,,,
participant_23,3,day,Town10HD_Opt,2026-03-17 15:32:09.012680,-9.887456893920898,27.01784324645996,0.0013795470586046,50.347,0.127,0.698,0.0,0,0,1,,1.0,2026-03-17T15:32:09.012680,happy,0.975,2026-03-17T15:32:09.012680,0.99,2026-03-17T15:32:08.975000,90,,,
participant_23,3,day,Town10HD_Opt,2026-03-17 15:32:10.238236,1.7175463438034058,26.076772689819336,0.0019760131835937,50.149,-0.395,0.112,0.0,0,0,1,,0.889,2026-03-17T15:32:10.238236,happy,0.975,2026-03-17T15:32:09.012680,0.99,2026-03-17T15:32:10.950000,92,,,
participant_23,3,day,Town10HD_Opt,2026-03-17 15:32:11.163632,9.682493209838867,25.38481330871582,0.0023785780649632,39.823,2.704,0.0,0.0,0,0,1,,1.0,2026-03-17T15:32:11.163632,neutral,0.532,2026-03-17T15:32:11.163632,0.99,2026-03-17T15:32:11.985000,92,,,
participant_23,3,day,Town10HD_Opt,2026-03-17 15:32:12.118945,15.91450309753418,25.33873748779297,0.0023277283180505,31.318,3.335,0.0,0.0,0,0,1,,0.9,2026-03-17T15:32:12.118945,neutral,0.532,2026-03-17T15:32:11.163632,0.99,2026-03-17T15:32:11.985000,93,,,
participant_23,3,day,Town10HD_Opt,2026-03-17 15:32:13.059374,20.83465003967285,25.75731658935547,0.0021486282348632,26.475,3.109,0.317,0.0,0,0,1,,0.851,2026-03-17T15:32:13.059374,neutral,0.532,2026-03-17T15:32:11.163632,0.99,2026-03-17T15:32:12.976000,88,,,
participant_23,3,day,Town10HD_Opt,2026-03-17 15:32:14.002310,25.326080322265625,26.51546859741211,0.0020669936202466,25.754,5.108,0.467,0.0,0,0,1,,0.842,2026-03-17T15:32:14.002310,neutral,0.839,2026-03-17T15:32:14.002310,0.99,2026-03-17T15:32:13.977000,89,,,
participant_23,3,day,Town10HD_Opt,2026-03-17 15:32:15.286391,31.35922813415528,28.5505313873291,0.0019530105637386,29.357,11.895,0.49,0.0,0,0,1,,1.0,2026-03-17T15:32:15.286391,neutral,0.839,2026-03-17T15:32:14.002310,0.99,2026-03-17T15:32:15.990000,89,,,
participant_23,3,day,Town10HD_Opt,2026-03-17 15:32:16.203464,35.612815856933594,31.6788272857666,0.0019999693613499,31.467,13.723,0.487,0.0,0,0,1,,1.0,2026-03-17T15:32:16.203464,happy,0.991,2026-03-17T15:32:16.203464,0.99,2026-03-17T15:32:16.935000,90,,,
participant_23,3,day,Town10HD_Opt,2026-03-17 15:32:17.139778,38.73679733276367,36.360633850097656,0.002005805959925,33.236,12.049,0.483,0.0,0,0,1,,1.0,2026-03-17T15:32:17.139778,happy,0.991,2026-03-17T15:32:16.203464,0.99,2026-03-17T15:32:17.971000,88,,,
participant_23,3,day,Town10HD_Opt,2026-03-17 15:32:18.070891,40.45633316040039,41.86125946044922,0.0022064589429646,30.376,3.196,0.0,0.0,0,0,1,,0.903,2026-03-17T15:32:18.070891,happy,0.991,2026-03-17T15:32:16.203464,0.99,2026-03-17T15:32:17.971000,89,,,errors=Solid line crossing
participant_23,3,day,Town10HD_Opt,2026-03-17 15:32:19.256544,41.51273727416992,47.6796760559082,0.0023889541625976,15.11,12.592,0.0,0.638,0,0,1,,1.0,2026-03-17T15:32:19.256544,neutral,0.729,2026-03-17T15:32:19.256544,0.99,2026-03-17T15:32:19.951000,88,,,
participant_23,3,day,Town10HD_Opt,2026-03-17 15:32:20.130456,41.53933334350586,48.14993667602539,0.0020590210333466,0.0,6.661,0.0,0.832,0,0,1,,0.812,2026-03-17T15:32:20.130456,neutral,0.729,2026-03-17T15:32:19.256544,0.99,2026-03-17T15:32:20.940000,86,,,
participant_23,3,day,Town10HD_Opt,2026-03-17 15:32:21.228907,41.53934097290039,48.15011596679688,0.0019207000732421,0.0,5.238,0.0,0.0,0,0,1,,1.0,2026-03-17T15:32:21.228907,neutral,0.729,2026-03-17T15:32:19.256544,0.99,2026-03-17T15:32:20.940000,88,,,
participant_23,3,day,Town10HD_Opt,2026-03-17 15:32:22.076172,41.53934097290039,48.15011596679688,0.0019195555942133,0.0,5.363,0.0,0.0,0,0,1,,1.0,2026-03-17T15:32:22.076172,sad,0.754,2026-03-17T15:32:22.076172,0.99,2026-03-17T15:32:22.110000,87,,,
participant_23,3,day,Town10HD_Opt,2026-03-17 15:32:23.201954,41.53919982910156,48.14756393432617,0.0019125747494399,0.076,6.998,0.0,0.0,0,0,1,,0.846,2026-03-17T15:32:23.201954,sad,0.754,2026-03-17T15:32:22.076172,0.99,2026-03-17T15:32:23.955000,89,,,
participant_23,3,day,Town10HD_Opt,2026-03-17 15:32:24.066784,41.53945541381836,48.15484237670898,0.0019176482455804,0.067,8.162,0.082,0.0,0,0,1,,0.869,2026-03-17T15:32:24.066784,sad,0.754,2026-03-17T15:32:22.076172,0.99,2026-03-17T15:32:23.955000,90,,,
participant_23,3,day,Town10HD_Opt,2026-03-17 15:32:25.224394,41.54078674316406,48.213470458984375,0.001835327129811,1.887,9.605,0.666,0.0,0,0,1,,1.0,2026-03-17T15:32:25.224394,sad,0.81,2026-03-17T15:32:25.224394,0.99,2026-03-17T15:32:25.935000,90,,,
participant_23,3,day,Town10HD_Opt,2026-03-17 15:32:26.070351,41.49872970581055,49.32378768920898,0.0016006468795239,11.809,11.941,0.646,0.0,0,0,1,,1.0,2026-03-17T15:32:26.070351,sad,0.81,2026-03-17T15:32:25.224394,0.99,2026-03-17T15:32:25.935000,90,,,
participant_23,3,day,Town10HD_Opt,2026-03-17 15:32:27.263082,41.03782653808594,52.85519027709961,0.001894531189464,16.417,-0.04,0.246,0.0,0,0,1,,0.802,2026-03-17T15:32:27.263082,happy,1.0,2026-03-17T15:32:27.263082,0.99,2026-03-17T15:32:27.960000,89,,,errors=Stop sign violation | Solid line crossing
participant_23,3,day,Town10HD_Opt,2026-03-17 15:32:28.134657,40.77932357788086,55.745643615722656,0.0018795394571498,17.238,-1.438,0.334,0.0,0,0,1,,1.0,2026-03-17T15:32:28.134657,happy,1.0,2026-03-17T15:32:27.263082,0.99,2026-03-17T15:32:27.960000,89,,,
participant_23,3,day,Town10HD_Opt,2026-03-17 15:32:28.993353,40.68817901611328,58.87392044067383,0.0020643614698201,18.83,-15.189,0.805,0.0,0,0,1,,1.0,2026-03-17T15:32:28.993353,happy,1.0,2026-03-17T15:32:27.263082,0.99,2026-03-17T15:32:29.040000,90,,,
participant_23,3,day,Town10HD_Opt,2026-03-17 15:32:30.146493,42.38799285888672,64.31706237792969,0.0018292998429387,30.406,-15.267,0.643,0.0,0,0,1,,1.0,2026-03-17T15:32:30.146493,happy,1.0,2026-03-17T15:32:30.146493,0.99,2026-03-17T15:32:30.975000,90,,,
participant_23,3,day,Town10HD_Opt,2026-03-17 15:32:31.028835,46.16725540161133,68.61738586425781,0.0018982696346938,35.985,-16.362,0.638,0.0,0,0,1,,1.0,2026-03-17T15:32:31.028835,happy,1.0,2026-03-17T15:32:30.146493,0.99,2026-03-17T15:32:30.975000,90,,,
participant_23,3,day,Town10HD_Opt,2026-03-17 15:32:32.193330,54.62923049926758,71.2751693725586,0.001940498361364,41.759,-12.342,0.632,0.0,0,0,1,,1.0,2026-03-17T15:32:32.193330,happy,0.86,2026-03-17T15:32:32.193330,0.983426366499773,2026-03-17T15:32:32.955000,88,,,
participant_23,3,day,Town10HD_Opt,2026-03-17 15:32:33.148669,61.90876388549805,70.73717498779297,0.0022670363541692,38.115,6.388,0.0,0.0,0,0,1,,1.0,2026-03-17T15:32:33.148669,happy,0.86,2026-03-17T15:32:32.193330,0.99,2026-03-17T15:32:33.946000,90,,,
participant_23,3,day,Town10HD_Opt,2026-03-17 15:32:34.003881,67.87155151367188,70.78911590576172,0.0023188018240034,29.436,-4.766,0.0,0.0,0,0,1,,1.0,2026-03-17T15:32:34.003881,happy,0.86,2026-03-17T15:32:32.193330,0.99,2026-03-17T15:32:33.946000,89,,,
participant_23,3,day,Town10HD_Opt,2026-03-17 15:32:35.136041,73.69914245605469,70.49272918701172,0.0022709656041115,19.967,1.765,0.0,0.345,0,0,1,,0.882,2026-03-17T15:32:35.136041,sad,0.492,2026-03-17T15:32:35.136041,0.8771942678937553,2026-03-17T15:32:35.970000,93,,,
participant_23,3,day,Town10HD_Opt,2026-03-17 15:32:35.990143,76.57833099365234,70.4234619140625,0.002127876272425,12.625,-1.271,0.0,0.066,0,0,1,,1.0,2026-03-17T15:32:35.990143,sad,0.492,2026-03-17T15:32:35.136041,0.9751361007494868,2026-03-17T15:32:35.970000,94,,,
participant_23,3,day,Town10HD_Opt,2026-03-17 15:32:37.169859,79.09423828125,70.32372283935547,0.0020050429739058,8.891,-0.914,0.0,0.0,0,0,1,,1.0,2026-03-17T15:32:37.169859,sad,0.599,2026-03-17T15:32:37.169859,0.99,2026-03-17T15:32:37.950000,97,,,
participant_23,3,day,Town10HD_Opt,2026-03-17 15:32:38.011928,80.48201751708984,70.25485229492188,0.0019509505946189,7.437,-0.858,0.373,0.0,0,0,1,,0.906,2026-03-17T15:32:38.011928,sad,0.599,2026-03-17T15:32:37.169859,0.99,2026-03-17T15:32:37.950000,96,,,
participant_23,3,day,Town10HD_Opt,2026-03-17 15:32:39.108491,83.39178466796875,70.10140991210938,0.0017915343632921,19.323,1.565,0.755,0.0,0,0,1,,0.89,2026-03-17T15:32:39.108491,sad,0.599,2026-03-17T15:32:37.169859,0.99,2026-03-17T15:32:38.941000,97,,,
participant_23,3,day,Town10HD_Opt,2026-03-17 15:32:40.239051,88.64588928222656,70.34901428222656,0.0021202850621193,22.417,12.296,0.206,0.0,0,0,1,,1.0,2026-03-17T15:32:40.239051,happy,0.921,2026-03-17T15:32:40.239051,0.99,2026-03-17T15:32:40.965000,90,,,
participant_23,3,day,Town10HD_Opt,2026-03-17 15:32:41.075096,92.10201263427734,71.493896484375,0.0021370314061641,19.75,15.6,0.297,0.0,0,0,1,,1.0,2026-03-17T15:32:41.075096,happy,0.921,2026-03-17T15:32:40.239051,0.99,2026-03-17T15:32:40.965000,90,,,
participant_23,3,day,Town10HD_Opt,2026-03-17 15:32:42.179664,95.64459991455078,74.20722198486328,0.0020501709077507,19.481,16.803,0.377,0.0,0,0,1,,1.0,2026-03-17T15:32:42.179664,happy,0.921,2026-03-17T15:32:40.239051,0.99,2026-03-17T15:32:42.945000,88,,,
participant_23,3,day,Town10HD_Opt,2026-03-17 15:32:43.022911,97.55323791503906,77.10346984863281,0.0020184707827866,20.762,16.369,0.419,0.0,0,0,1,,1.0,2026-03-17T15:32:43.022911,neutral,0.974,2026-03-17T15:32:43.022911,0.99,2026-03-17T15:32:42.945000,89,,,
participant_23,3,day,Town10HD_Opt,2026-03-17 15:32:44.140514,98.87862396240234,82.00296020507812,0.0019905471708625,23.304,7.411,0.479,0.0,0,0,1,,1.0,2026-03-17T15:32:44.140514,neutral,0.974,2026-03-17T15:32:43.022911,0.99,2026-03-17T15:32:44.971000,87,,,
participant_23,3,day,Town10HD_Opt,2026-03-17 15:32:45.004009,99.25450897216795,86.5126724243164,0.0017077254597097,31.702,3.304,0.991,0.0,0,0,1,,0.931,2026-03-17T15:32:45.004009,neutral,0.974,2026-03-17T15:32:43.022911,0.99,2026-03-17T15:32:44.971000,87,,,
participant_23,3,day,Town10HD_Opt,2026-03-17 15:32:46.156689,98.94485473632812,95.70079803466795,0.0017575835809111,46.114,5.174,0.744,0.0,0,0,1,,1.0,2026-03-17T15:32:46.156689,neutral,0.545,2026-03-17T15:32:46.156689,0.99,2026-03-17T15:32:46.950000,90,,,
participant_23,3,day,Town10HD_Opt,2026-03-17 15:32:47.255256,95.9628677368164,106.73296356201172,0.0021157073788344,49.076,4.277,0.732,0.0,0,0,1,,1.0,2026-03-17T15:32:47.255256,neutral,0.545,2026-03-17T15:32:46.156689,0.99,2026-03-17T15:32:48.030000,89,,,
participant_23,3,day,Town10HD_Opt,2026-03-17 15:32:48.093394,91.86746978759766,114.4430923461914,0.0021377182565629,49.079,4.348,0.727,0.0,0,0,1,,1.0,2026-03-17T15:32:48.093394,neutral,0.545,2026-03-17T15:32:46.156689,0.99,2026-03-17T15:32:48.030000,91,,,
participant_23,3,day,Town10HD_Opt,2026-03-17 15:32:49.204936,84.25923919677734,123.08473205566406,0.0020137405954301,49.875,8.818,0.708,0.0,0,0,1,,1.0,2026-03-17T15:32:49.204936,neutral,0.461,2026-03-17T15:32:49.204936,0.9271005669042156,2026-03-17T15:32:49.967000,89,,,errors=Solid line crossing
participant_23,3,day,Town10HD_Opt,2026-03-17 15:32:50.060383,76.70720672607422,127.2400360107422,0.0021272278390824,48.362,4.948,0.705,0.0,0,0,1,,1.0,2026-03-17T15:32:50.060383,neutral,0.461,2026-03-17T15:32:49.204936,0.8374510392742446,2026-03-17T15:32:49.967000,90,,,
participant_23,3,day,Town10HD_Opt,2026-03-17 15:32:51.227370,65.44823455810547,129.96041870117188,0.0020702742040157,49.647,3.69,0.705,0.0,0,0,1,,1.0,2026-03-17T15:32:51.227370,neutral,0.828,2026-03-17T15:32:51.227370,0.869117520033734,2026-03-17T15:32:51.945000,85,,,
participant_23,3,day,Town10HD_Opt,2026-03-17 15:32:52.117810,56.73876953125,130.58453369140625,0.0020927428267896,49.405,0.338,0.705,0.0,0,0,1,,0.839,2026-03-17T15:32:52.117810,neutral,0.828,2026-03-17T15:32:51.227370,0.8310469552921217,2026-03-17T15:32:51.945000,87,,,
participant_23,3,day,Town10HD_Opt,2026-03-17 15:32:53.084709,48.00450134277344,130.83499145507812,0.0021165085490792,49.179,0.771,0.706,0.0,0,0,1,,1.0,2026-03-17T15:32:53.084709,neutral,0.828,2026-03-17T15:32:51.227370,0.8522536864567025,2026-03-17T15:32:53.161000,83,,,
participant_23,3,day,Town10HD_Opt,2026-03-17 15:32:53.992573,39.26896667480469,131.06924438476562,0.002134742680937,49.04,-0.094,0.706,0.0,0,0,1,,1.0,2026-03-17T15:32:53.992573,neutral,0.867,2026-03-17T15:32:53.992573,0.769797516916802,2026-03-17T15:32:53.973000,84,,,
participant_23,3,day,Town10HD_Opt,2026-03-17 15:32:55.225546,27.65540313720703,131.35411071777344,0.0020163727458566,50.154,0.016,0.706,0.0,0,0,1,,1.0,2026-03-17T15:32:55.225546,neutral,0.867,2026-03-17T15:32:53.992573,0.6810118972845682,2026-03-17T15:32:55.951000,83,,,
participant_23,3,day,Town10HD_Opt,2026-03-17 15:32:56.174466,18.92557716369629,131.5880584716797,0.0020412062294781,49.868,0.451,0.706,0.0,0,0,1,,0.9,2026-03-17T15:32:56.174466,sad,0.665,2026-03-17T15:32:56.174466,0.7088409450282973,2026-03-17T15:32:55.951000,84,,,
participant_23,3,day,Town10HD_Opt,2026-03-17 15:32:57.063034,10.19765281677246,131.72323608398438,0.0020693587139248,49.542,0.461,0.702,0.0,0,0,1,,0.906,2026-03-17T15:32:57.063034,sad,0.665,2026-03-17T15:32:56.174466,0.7267077565760457,2026-03-17T15:32:57.076000,82,,,
participant_23,3,day,Town10HD_Opt,2026-03-17 15:32:58.232942,-1.410893201828003,131.64756774902344,0.001981658861041,50.397,0.446,0.663,0.0,0,0,1,,0.848,2026-03-17T15:32:58.232942,sad,0.788,2026-03-17T15:32:58.232942,0.6365668359730082,2026-03-17T15:32:58.965000,86,,,
participant_23,3,day,Town10HD_Opt,2026-03-17 15:32:59.126701,-10.08794116973877,131.41140747070312,0.0020371626596897,49.507,-0.261,0.663,0.0,0,0,1,,0.851,2026-03-17T15:32:59.126701,sad,0.788,2026-03-17T15:32:58.232942,0.6375398321560382,2026-03-17T15:32:59.955000,85,,,
participant_23,3,day,Town10HD_Opt,2026-03-17 15:33:00.052280,-18.80254364013672,131.27755737304688,0.0021327589638531,48.499,-0.179,0.288,0.0,0,0,1,,1.0,2026-03-17T15:33:00.052280,sad,0.788,2026-03-17T15:32:58.232942,0.6540601880799854,2026-03-17T15:32:59.955000,85,,,
participant_23,3,day,Town10HD_Opt,2026-03-17 15:33:01.183581,-29.479555130004883,130.6616973876953,0.0023181533906608,40.839,13.102,0.165,0.0,0,0,1,,1.0,2026-03-17T15:33:01.183581,sad,0.828,2026-03-17T15:33:01.183581,0.6186256034604148,2026-03-17T15:33:01.981000,84,,,
participant_23,3,day,Town10HD_Opt,2026-03-17 15:33:02.071002,-35.42267608642578,127.60997772216795,0.0020855329930782,38.546,14.036,0.595,0.0,0,0,1,,1.0,2026-03-17T15:33:02.071002,sad,0.828,2026-03-17T15:33:01.183581,0.6281092181947189,2026-03-17T15:33:01.981000,83,,,
participant_23,3,day,Town10HD_Opt,2026-03-17 15:33:03.000158,-39.65766143798828,122.02708435058594,0.0019264221191406,42.608,10.908,0.637,0.0,0,0,1,,1.0,2026-03-17T15:33:03.000158,sad,0.828,2026-03-17T15:33:01.183581,0.6371432951101187,2026-03-17T15:33:02.971000,83,,,
participant_23,3,day,Town10HD_Opt,2026-03-17 15:33:04.190600,-41.71474838256836,111.9190902709961,0.0019448088714852,47.297,6.528,0.629,0.0,0,0,1,,1.0,2026-03-17T15:33:04.190600,sad,0.8,2026-03-17T15:33:04.190600,0.6255827616646364,2026-03-17T15:33:05.041000,81,,,
participant_23,3,day,Town10HD_Opt,2026-03-17 15:33:05.101124,-41.2607650756836,103.83462524414062,0.0023185729514807,41.76,-10.029,0.062,0.0,0,0,1,,1.0,2026-03-17T15:33:05.101124,sad,0.8,2026-03-17T15:33:04.190600,0.6859675012290269,2026-03-17T15:33:05.940000,79,,,
participant_23,3,day,Town10HD_Opt,2026-03-17 15:33:06.039416,-42.34699249267578,97.37722778320312,0.0023389435373246,32.527,5.519,0.159,0.0,0,0,1,,1.0,2026-03-17T15:33:06.039416,sad,0.8,2026-03-17T15:33:04.190600,0.6164635181459879,2026-03-17T15:33:05.940000,80,,,
participant_23,3,day,Town10HD_Opt,2026-03-17 15:33:07.229425,-43.10836410522461,90.63435363769533,0.0021488571073859,26.497,6.232,0.357,0.0,0,0,1,,1.0,2026-03-17T15:33:07.229425,sad,0.721,2026-03-17T15:33:07.229425,0.6073973532540314,2026-03-17T15:33:07.966000,80,,,
participant_23,3,day,Town10HD_Opt,2026-03-17 15:33:08.170250,-42.82673645019531,86.03558349609375,0.002042083768174,26.686,11.05,0.404,0.0,0,0,1,,1.0,2026-03-17T15:33:08.170250,sad,0.721,2026-03-17T15:33:07.229425,0.6381600447923174,2026-03-17T15:33:09.001000,80,,,
participant_23,3,day,Town10HD_Opt,2026-03-17 15:33:09.087460,-41.48440933227539,81.40901947021484,0.0019291305216029,29.293,5.692,0.577,0.0,0,0,1,,1.0,2026-03-17T15:33:09.087460,sad,0.721,2026-03-17T15:33:07.229425,0.5964693361447694,2026-03-17T15:33:09.001000,80,,,
participant_23,3,day,Town10HD_Opt,2026-03-17 15:33:09.994727,-39.03681945800781,76.50094604492188,0.001925888005644,33.647,13.338,0.577,0.0,0,0,1,,1.0,2026-03-17T15:33:09.994727,sad,0.79,2026-03-17T15:33:09.994727,0.5781821020075728,2026-03-17T15:33:09.946000,80,,,
participant_23,3,day,Town10HD_Opt,2026-03-17 15:33:11.231275,-32.56923294067383,71.44937896728516,0.0019680403638631,38.153,13.872,0.579,0.0,0,0,1,,1.0,2026-03-17T15:33:11.231275,sad,0.79,2026-03-17T15:33:09.994727,0.6164044636860853,2026-03-17T15:33:11.970000,80,,,
participant_23,3,day,Town10HD_Opt,2026-03-17 15:33:12.106075,-25.77979850769043,70.15047454833984,0.0019436263246461,41.559,-0.609,0.578,0.0,0,0,1,phone_call,0.817,2026-03-17T15:33:12.106075,neutral,0.524,2026-03-17T15:33:12.106075,0.6161088800445178,2026-03-17T15:33:11.970000,81,,,
participant_23,3,day,Town10HD_Opt,2026-03-17 15:33:13.036828,-18.30417251586914,69.35297393798828,0.0019464873475953,44.422,5.155,0.573,0.0,0,0,1,,1.0,2026-03-17T15:33:13.036828,neutral,0.524,2026-03-17T15:33:12.106075,0.5875432500989833,2026-03-17T15:33:13.005000,81,,,errors=Solid line crossing
participant_23,3,day,Town10HD_Opt,2026-03-17 15:33:14.011449,-10.429222106933594,69.14659881591797,0.0020274734124541,45.304,1.307,0.484,0.0,0,0,1,,1.0,2026-03-17T15:33:14.011449,neutral,0.524,2026-03-17T15:33:12.106075,0.6000633462024152,2026-03-17T15:33:13.950000,85,,,
participant_23,3,day,Town10HD_Opt,2026-03-17 15:33:15.227462,0.1625855267047882,69.68184661865234,0.0020363617222756,45.591,-2.395,0.475,0.0,0,0,1,,1.0,2026-03-17T15:33:15.227462,neutral,0.518,2026-03-17T15:33:15.227462,0.6442540035567311,2026-03-17T15:33:15.976000,87,,,
participant_23,3,day,Town10HD_Opt,2026-03-17 15:33:16.203425,8.117691993713379,69.66874694824219,0.0020652769599109,44.921,-0.837,0.085,0.0,0,0,1,,1.0,2026-03-17T15:33:16.203425,neutral,0.518,2026-03-17T15:33:15.227462,0.6862209098398577,2026-03-17T15:33:16.966000,85,,,
participant_23,3,day,Town10HD_Opt,2026-03-17 15:33:17.185501,15.295308113098145,69.30057525634766,0.0023515319917351,35.666,0.874,0.0,0.345,0,0,1,,1.0,2026-03-17T15:33:17.185501,neutral,0.518,2026-03-17T15:33:15.227462,0.6238727063617642,2026-03-17T15:33:17.955000,84,,,errors=Harsh braking | Solid line crossing
participant_23,3,day,Town10HD_Opt,2026-03-17 15:33:18.115159,20.574676513671875,69.14319610595703,0.0024301910307258,23.606,0.747,0.0,0.772,0,0,1,,1.0,2026-03-17T15:33:18.115159,sad,0.952,2026-03-17T15:33:18.115159,0.6317078793120467,2026-03-17T15:33:17.955000,85,,,
participant_23,3,day,Town10HD_Opt,2026-03-17 15:33:19.069961,22.78666877746582,69.11980438232422,0.0026818083133548,0.002,0.665,0.0,0.914,0,0,1,,1.0,2026-03-17T15:33:19.069961,sad,0.952,2026-03-17T15:33:18.115159,0.6336058309853715,2026-03-17T15:33:19.040000,86,,,
participant_23,3,day,Town10HD_Opt,2026-03-17 15:33:20.039392,22.78755569458008,69.11979675292969,0.0019440078176558,0.0,0.665,0.0,0.427,0,0,1,,1.0,2026-03-17T15:33:20.039392,sad,0.952,2026-03-17T15:33:18.115159,0.5586368280355025,2026-03-17T15:33:19.981000,83,,,
participant_23,3,day,Town10HD_Opt,2026-03-17 15:33:21.215248,22.78758811950684,69.11979675292969,0.001919784466736,0.0,0.665,0.0,0.0,0,0,1,,1.0,2026-03-17T15:33:21.215248,sad,0.634,2026-03-17T15:33:21.215248,0.678136488652094,2026-03-17T15:33:21.961000,89,,,
participant_23,3,day,Town10HD_Opt,2026-03-17 15:33:22.096620,22.78758811950684,69.11979675292969,0.001919784466736,0.0,0.665,0.0,0.0,0,0,1,,1.0,2026-03-17T15:33:22.096620,sad,0.634,2026-03-17T15:33:21.215248,0.6654817040938277,2026-03-17T15:33:22.951000,89,,,
participant_23,3,day,Town10HD_Opt,2026-03-17 15:33:22.995188,23.16139793395996,69.11665344238281,0.0015291976742446,8.713,0.134,1.0,0.0,0,0,1,,1.0,2026-03-17T15:33:22.995188,sad,0.634,2026-03-17T15:33:21.215248,0.7700199907867785,2026-03-17T15:33:22.951000,87,,,
participant_23,3,day,Town10HD_Opt,2026-03-17 15:33:24.184874,27.357139587402344,69.03814697265625,0.001586418133229,28.438,-4.749,1.0,0.0,0,0,1,,1.0,2026-03-17T15:33:24.184874,sad,0.649,2026-03-17T15:33:24.184874,0.7557765147082172,2026-03-17T15:33:24.975000,85,,,errors=Solid line crossing
participant_23,3,day,Town10HD_Opt,2026-03-17 15:33:25.110354,33.41130828857422,68.0007095336914,0.0016227340092882,41.552,-7.299,0.609,0.0,0,0,1,,1.0,2026-03-17T15:33:25.110354,sad,0.649,2026-03-17T15:33:24.184874,0.7650920974312352,2026-03-17T15:33:24.975000,88,,,
participant_23,3,day,Town10HD_Opt,2026-03-17 15:33:26.266612,41.4915771484375,64.26484680175781,0.0023342894855886,32.089,-12.275,0.0,0.0,0,0,1,,1.0,2026-03-17T15:33:26.266612,sad,0.56,2026-03-17T15:33:26.266612,0.7524162855216863,2026-03-17T15:33:26.956000,86,,,
participant_23,3,day,Town10HD_Opt,2026-03-17 15:33:27.189920,44.69871139526367,60.5572624206543,0.0022796248085796,25.746,-26.243,0.404,0.0,0,0,1,,1.0,2026-03-17T15:33:27.189920,sad,0.56,2026-03-17T15:33:26.266612,0.7231071950681134,2026-03-17T15:33:27.946000,86,,,
participant_23,3,day,Town10HD_Opt,2026-03-17 15:33:28.065543,45.65940475463867,56.17181396484375,0.0020844268146902,25.627,-7.67,0.315,0.0,0,0,1,,0.872,2026-03-17T15:33:28.065543,sad,0.56,2026-03-17T15:33:26.266612,0.7545657105442901,2026-03-17T15:33:27.946000,89,,,
participant_23,3,day,Town10HD_Opt,2026-03-17 15:33:29.212937,45.76730728149414,50.31272506713867,0.0020625304896384,24.804,-5.607,0.472,0.0,0,0,1,,0.885,2026-03-17T15:33:29.212937,sad,0.821,2026-03-17T15:33:29.212937,0.7676107076541278,2026-03-17T15:33:30.016000,87,,,
participant_23,3,day,Town10HD_Opt,2026-03-17 15:33:30.134486,45.18678283691406,45.75400161743164,0.0019125747494399,28.347,-3.931,0.552,0.0,0,0,1,,1.0,2026-03-17T15:33:30.134486,sad,0.821,2026-03-17T15:33:29.212937,0.7534174426300351,2026-03-17T15:33:30.961000,90,,,
participant_23,3,day,Town10HD_Opt,2026-03-17 15:33:31.028076,44.59319686889648,40.49116897583008,0.0019446563674136,32.037,14.295,0.538,0.0,0,0,1,,1.0,2026-03-17T15:33:31.028076,sad,0.821,2026-03-17T15:33:29.212937,0.7900434759664977,2026-03-17T15:33:30.961000,88,,,
participant_23,3,day,Town10HD_Opt,2026-03-17 15:33:32.163990,46.91835403442383,33.142364501953125,0.0020330047700554,34.637,17.876,0.495,0.0,0,0,1,,1.0,2026-03-17T15:33:32.163990,neutral,0.936,2026-03-17T15:33:32.163990,0.7530075881626792,2026-03-17T15:33:32.041000,86,,,
participant_23,3,day,Town10HD_Opt,2026-03-17 15:33:33.060232,51.26887512207031,29.27033805847168,0.0022580719087272,30.572,12.524,0.0,0.0,0,0,1,,0.819,2026-03-17T15:33:33.060232,neutral,0.936,2026-03-17T15:33:32.163990,0.7605044852939413,2026-03-17T15:33:33.121000,86,,,
participant_23,3,day,Town10HD_Opt,2026-03-17 15:33:34.180354,56.96379089355469,27.216217041015625,0.0022390745580196,21.814,5.259,0.264,0.0,0,0,1,,1.0,2026-03-17T15:33:34.180354,neutral,0.835,2026-03-17T15:33:34.180354,0.7908591964106084,2026-03-17T15:33:35.011000,86,Solid line crossing,Solid line crossing,
participant_23,3,day,Town10HD_Opt,2026-03-17 15:33:35.058767,60.53768539428711,26.415834426879883,0.0020978164393454,20.092,-0.837,0.269,0.0,0,0,1,phone_call,0.972,2026-03-17T15:33:35.058767,neutral,0.835,2026-03-17T15:33:34.180354,0.8191620810575452,2026-03-17T15:33:35.011000,85,,,
participant_23,3,day,Town10HD_Opt,2026-03-17 15:33:36.203124,65.01539611816406,25.50853538513184,0.0020526503212749,19.311,4.452,0.231,0.0,0,0,1,,0.809,2026-03-17T15:33:36.203124,neutral,0.899,2026-03-17T15:33:36.203124,0.7506723210375443,2026-03-17T15:33:36.946000,88,,,
participant_23,3,day,Town10HD_Opt,2026-03-17 15:33:37.088508,68.26142883300781,25.11799049377441,0.0020484160631895,18.231,0.305,0.24,0.0,0,0,1,,1.0,2026-03-17T15:33:37.088508,neutral,0.899,2026-03-17T15:33:36.203124,0.8021329178432303,2026-03-17T15:33:36.946000,86,,,
participant_23,3,day,Town10HD_Opt,2026-03-17 15:33:38.238070,72.45003509521484,24.69887924194336,0.0018515014089643,17.787,4.202,0.18,0.0,0,0,1,,1.0,2026-03-17T15:33:38.238070,neutral,0.694,2026-03-17T15:33:38.238070,0.7671214841289435,2026-03-17T15:33:38.971000,87,,,
participant_23,3,day,Town10HD_Opt,2026-03-17 15:33:39.085155,75.34764862060547,24.60605430603028,0.0020396423060446,14.513,2.341,0.0,0.0,0,0,1,,0.96,2026-03-17T15:33:39.085155,neutral,0.694,2026-03-17T15:33:38.238070,0.7664083803981877,2026-03-17T15:33:38.971000,87,,,
participant_23,3,day,Town10HD_Opt,2026-03-17 15:33:40.194066,78.07107543945312,24.575233459472656,0.0021215819288045,7.444,0.261,0.0,0.555,0,0,1,,1.0,2026-03-17T15:33:40.194066,neutral,0.694,2026-03-17T15:33:38.238070,0.732557499282953,2026-03-17T15:33:40.951000,87,,,
participant_23,3,day,Town10HD_Opt,2026-03-17 15:33:41.026925,78.60496520996094,24.569339752197266,0.0020765303634107,0.0,0.686,0.0,0.109,0,0,1,,1.0,2026-03-17T15:33:41.026925,fear,0.45,2026-03-17T15:33:41.026925,0.6945215377266588,2026-03-17T15:33:40.951000,88,,,
participant_23,3,day,Town10HD_Opt,2026-03-17 15:33:42.171508,78.6113510131836,24.56933212280273,0.0019205474527552,0.026,0.115,0.0,0.0,0,0,1,,1.0,2026-03-17T15:33:42.171508,fear,0.45,2026-03-17T15:33:41.026925,0.8344590651563555,2026-03-17T15:33:42.977000,89,,,
participant_23,3,day,Town10HD_Opt,2026-03-17 15:33:43.035094,78.62751770019531,24.56916236877441,0.0019011687254533,0.323,0.115,0.0,0.0,0,0,1,,1.0,2026-03-17T15:33:43.035094,neutral,0.49,2026-03-17T15:33:43.035094,0.709545784350216,2026-03-17T15:33:42.977000,89,,,
participant_23,3,day,Town10HD_Opt,2026-03-17 15:33:44.137642,78.69691467285156,24.56827735900879,0.0019212722545489,0.248,0.564,0.0,0.0,0,0,1,,0.864,2026-03-17T15:33:44.137642,neutral,0.49,2026-03-17T15:33:43.035094,0.8934971791050151,2026-03-17T15:33:44.956000,90,,,
participant_23,3,day,Town10HD_Opt,2026-03-17 15:33:45.230212,78.74636840820312,24.5678825378418,0.0019207000732421,0.171,0.559,0.0,0.0,0,0,1,,0.829,2026-03-17T15:33:45.230212,neutral,0.786,2026-03-17T15:33:45.230212,0.8552614416558979,2026-03-17T15:33:45.991000,91,,,
participant_23,3,day,Town10HD_Opt,2026-03-17 15:33:46.048365,78.77357482910156,24.56767845153809,0.0019203948322683,0.131,0.559,0.0,0.0,0,0,1,,0.877,2026-03-17T15:33:46.048365,neutral,0.786,2026-03-17T15:33:45.230212,0.9341779825540768,2026-03-17T15:33:45.991000,90,,,
participant_23,3,day,Town10HD_Opt,2026-03-17 15:33:47.156194,78.80029296875,24.567413330078125,0.0019200515234842,0.091,0.559,0.0,0.0,0,0,1,,0.902,2026-03-17T15:33:47.156194,neutral,0.786,2026-03-17T15:33:45.230212,0.8897542908166474,2026-03-17T15:33:47.971000,92,,,
participant_23,3,day,Town10HD_Opt,2026-03-17 15:33:48.245752,78.819091796875,24.567277908325195,0.0019197082147002,0.062,0.585,0.0,0.0,0,0,1,,1.0,2026-03-17T15:33:48.245752,happy,0.972,2026-03-17T15:33:48.245752,0.99,2026-03-17T15:33:48.961000,89,,,
participant_23,3,day,Town10HD_Opt,2026-03-17 15:33:49.065256,78.82942962646484,24.567195892333984,0.001919517526403,0.047,0.595,0.0,0.0,0,0,1,,1.0,2026-03-17T15:33:49.065256,happy,0.972,2026-03-17T15:33:48.245752,0.9350872391956062,2026-03-17T15:33:48.961000,87,,,
participant_23,3,day,Town10HD_Opt,2026-03-17 15:33:50.133114,78.83958435058594,24.567184448242188,0.0019193649059161,0.032,0.597,0.0,0.0,0,0,1,,1.0,2026-03-17T15:33:50.133114,happy,0.972,2026-03-17T15:33:48.245752,0.8532042273482628,2026-03-17T15:33:50.941000,79,,,
participant_23,3,day,Town10HD_Opt,2026-03-17 15:33:51.226265,78.84671783447266,24.567176818847656,0.0019193267216905,0.022,0.602,0.0,0.0,0,0,1,,1.0,2026-03-17T15:33:51.226265,happy,1.0,2026-03-17T15:33:51.226265,0.7910394687250463,2026-03-17T15:33:51.976000,80,,,
participant_23,3,day,Town10HD_Opt,2026-03-17 15:33:52.045558,78.84962463378906,24.56717300415039,0.0019190596649423,0.003,0.602,0.0,0.0,0,0,1,,1.0,2026-03-17T15:33:52.045558,happy,1.0,2026-03-17T15:33:51.226265,0.8055014396759618,2026-03-17T15:33:51.976000,78,,,
participant_23,3,day,Town10HD_Opt,2026-03-17 15:33:53.175964,78.84989929199219,24.56717300415039,0.0019191741012036,0.005,0.62,0.0,0.0,0,0,1,,1.0,2026-03-17T15:33:53.175964,happy,1.0,2026-03-17T15:33:51.226265,0.7397430174980393,2026-03-17T15:33:53.956000,81,,,
participant_23,3,day,Town10HD_Opt,2026-03-17 15:33:54.061170,78.85015106201172,24.56717300415039,0.0019190978491678,0.006,0.625,0.0,0.0,0,0,1,,0.905,2026-03-17T15:33:54.061170,happy,1.0,2026-03-17T15:33:54.061170,0.6940552805373134,2026-03-17T15:33:53.956000,81,,,
participant_23,3,day,Town10HD_Opt,2026-03-17 15:33:55.139332,78.85025787353516,24.56717300415039,0.0019192122854292,0.006,0.625,0.0,0.0,0,0,1,,0.948,2026-03-17T15:33:55.139332,happy,1.0,2026-03-17T15:33:54.061170,0.5896171015796493,2026-03-17T15:33:55.982000,84,,,
participant_23,3,day,Town10HD_Opt,2026-03-17 15:33:56.232947,79.2371826171875,24.564584732055664,0.0017988967010751,4.176,0.625,0.0,0.0,0,0,1,,1.0,2026-03-17T15:33:56.232947,sad,0.624,2026-03-17T15:33:56.232947,0.602614187318988,2026-03-17T15:33:56.971000,84,,,
participant_23,3,day,Town10HD_Opt,2026-03-17 15:33:57.099422,79.9023666381836,24.56132698059082,0.0019449996761977,3.3,0.63,0.0,0.0,0,0,1,,1.0,2026-03-17T15:33:57.099422,sad,0.624,2026-03-17T15:33:56.232947,0.6272442642726914,2026-03-17T15:33:56.971000,85,,,
participant_23,3,day,Town10HD_Opt,2026-03-17 15:33:58.207528,80.55958557128906,24.559720993041992,0.001941337599419,2.319,0.632,0.0,0.0,0,0,1,,1.0,2026-03-17T15:33:58.207528,sad,0.624,2026-03-17T15:33:56.232947,0.6552931108143553,2026-03-17T15:33:58.996000,88,,,
participant_23,3,day,Town10HD_Opt,2026-03-17 15:33:59.061751,80.92089080810547,24.55943298339844,0.0019361113663762,1.781,0.658,0.0,0.0,0,0,1,,1.0,2026-03-17T15:33:59.061751,happy,0.866,2026-03-17T15:33:59.061751,0.6811016941870601,2026-03-17T15:33:58.996000,86,,,
participant_23,3,day,Town10HD_Opt,2026-03-17 15:34:00.170798,80.9634780883789,24.55937385559082,0.0019237899687141,0.0,0.679,0.0,0.512,0,0,1,,1.0,2026-03-17T15:34:00.170798,happy,0.866,2026-03-17T15:33:59.061751,0.6018702493003408,2026-03-17T15:34:00.977000,87,Solid line crossing,Solid line crossing,
participant_23,3,day,Town10HD_Opt,2026-03-17 15:34:01.025014,80.9634780883789,24.55937385559082,0.0019200897077098,0.0,0.679,0.0,0.0,0,0,1,,1.0,2026-03-17T15:34:01.025014,happy,0.866,2026-03-17T15:33:59.061751,0.6058547148243765,2026-03-17T15:34:00.977000,86,,,
participant_23,3,day,Town10HD_Opt,2026-03-17 15:34:02.154876,80.9634780883789,24.55937385559082,0.001919021597132,0.0,0.78,0.0,0.0,0,0,1,,1.0,2026-03-17T15:34:02.154876,happy,1.0,2026-03-17T15:34:02.154876,0.5927202787696797,2026-03-17T15:34:02.956000,86,,,
participant_23,3,day,Town10HD_Opt,2026-03-17 15:34:03.038132,80.9634780883789,24.55937385559082,0.001919021597132,0.0,0.576,0.0,0.0,0,0,1,,1.0,2026-03-17T15:34:03.038132,happy,1.0,2026-03-17T15:34:02.154876,0.6162561022006353,2026-03-17T15:34:02.956000,83,,,
participant_23,3,day,Town10HD_Opt,2026-03-17 15:34:04.138057,80.9634780883789,24.55937385559082,0.001919021597132,0.0,1.354,0.0,0.0,0,0,1,,1.0,2026-03-17T15:34:04.138057,happy,1.0,2026-03-17T15:34:02.154876,0.5990062932499141,2026-03-17T15:34:04.982000,84,,,
participant_23,3,day,Town10HD_Opt,2026-03-17 15:34:05.019138,81.0767822265625,24.569355010986328,0.0017465590499341,3.794,13.511,0.9,0.0,0,0,1,,1.0,2026-03-17T15:34:05.019138,neutral,0.458,2026-03-17T15:34:05.019138,0.6272421808606878,2026-03-17T15:34:04.982000,83,,,
participant_23,3,day,Town10HD_Opt,2026-03-17 15:34:06.115063,83.41062927246094,24.78875160217285,0.0019415282877162,11.173,2.344,0.0,0.0,0,0,1,,1.0,2026-03-17T15:34:06.115063,neutral,0.458,2026-03-17T15:34:05.019138,0.6527038918516761,2026-03-17T15:34:06.961000,83,,,
participant_23,3,day,Town10HD_Opt,2026-03-17 15:34:07.238223,85.73690032958984,25.00320243835449,0.0011063002748414,12.737,-2.353,0.997,0.0,0,0,1,,1.0,2026-03-17T15:34:07.238223,sad,0.847,2026-03-17T15:34:07.238223,0.6534070993643927,2026-03-17T15:34:07.952000,85,,,errors=Vehicle-pedestrian collision
participant_23,3,day,Town10HD_Opt,2026-03-17 15:34:08.089239,89.03240203857422,25.17086601257324,0.0011698531452566,26.364,-2.4,1.0,0.0,0,0,1,,1.0,2026-03-17T15:34:08.089239,sad,0.847,2026-03-17T15:34:07.238223,0.6849522835628625,2026-03-17T15:34:07.952000,83,,,
participant_23,3,day,Town10HD_Opt,2026-03-17 15:34:09.175621,97.2768325805664,23.96985626220703,0.0016886901576071,45.392,-16.201,0.931,0.0,0,0,1,,1.0,2026-03-17T15:34:09.175621,sad,0.847,2026-03-17T15:34:07.238223,0.6285007463652883,2026-03-17T15:34:09.976000,84,,,
participant_23,3,day,Town10HD_Opt,2026-03-17 15:34:09.996359,103.64349365234376,18.436222076416016,0.001858253381215,50.909,-11.764,0.0,0.132,0,0,1,,1.0,2026-03-17T15:34:09.996359,happy,0.84,2026-03-17T15:34:09.996359,0.6428154847377654,2026-03-17T15:34:09.976000,84,,,
participant_23,3,day,Town10HD_Opt,2026-03-17 15:34:11.101581,106.85195922851562,7.434993267059326,0.0019654082134366,50.626,5.264,0.0,0.0,0,0,1,,1.0,2026-03-17T15:34:11.101581,happy,0.84,2026-03-17T15:34:09.996359,0.6153713730139801,2026-03-17T15:34:11.956000,88,,,
participant_23,3,day,Town10HD_Opt,2026-03-17 15:34:12.173976,108.98937225341795,-4.068489074707031,0.0022083662915974,48.632,-2.812,0.985,0.0,0,0,1,,1.0,2026-03-17T15:34:12.173976,happy,0.993,2026-03-17T15:34:12.173976,0.6380639454091914,2026-03-17T15:34:12.991000,87,,,
participant_23,3,day,Town10HD_Opt,2026-03-17 15:34:13.010732,109.64586639404295,-12.828653335571287,0.0021979522425681,48.585,2.028,1.0,0.0,0,0,1,,1.0,2026-03-17T15:34:13.010732,happy,0.993,2026-03-17T15:34:12.173976,0.5958503609510413,2026-03-17T15:34:12.991000,89,,,errors=Solid line crossing
participant_23,3,day,Town10HD_Opt,2026-03-17 15:34:14.127016,110.52638244628906,-24.36750602722168,0.0020532608032226,49.677,-6.938,1.0,0.0,0,0,1,,1.0,2026-03-17T15:34:14.127016,happy,0.993,2026-03-17T15:34:12.173976,0.761515437473185,2026-03-17T15:34:14.971000,94,,,
participant_23,3,day,Town10HD_Opt,2026-03-17 15:34:15.233744,108.32656860351562,-35.88017654418945,0.0018879318377003,52.13,-2.066,0.0,0.213,0,0,1,,1.0,2026-03-17T15:34:15.233744,happy,0.978,2026-03-17T15:34:15.233744,0.8016474176352602,2026-03-17T15:34:15.961000,93,,,
participant_23,3,day,Town10HD_Opt,2026-03-17 15:34:16.052739,105.40753936767578,-44.13909530639648,0.0019987486302852,50.676,-7.316,0.0,0.0,0,0,1,,1.0,2026-03-17T15:34:16.052739,happy,0.978,2026-03-17T15:34:15.233744,0.8453324893889363,2026-03-17T15:34:15.961000,93,,,errors=Solid line crossing
participant_23,3,day,Town10HD_Opt,2026-03-17 15:34:17.131216,98.62570190429688,-53.72653198242188,0.0018921660957857,51.241,-3.976,0.0,0.186,0,0,1,,0.837,2026-03-17T15:34:17.131216,happy,0.978,2026-03-17T15:34:15.233744,0.8810308860376223,2026-03-17T15:34:16.953000,94,,,
participant_23,3,day,Town10HD_Opt,2026-03-17 15:34:18.190538,89.60496520996094,-61.34109878540039,0.0021173858549445,49.959,-4.983,0.0,0.124,0,0,1,,1.0,2026-03-17T15:34:18.190538,neutral,0.758,2026-03-17T15:34:18.190538,0.99,2026-03-17T15:34:18.976000,95,,,
participant_23,3,day,Town10HD_Opt,2026-03-17 15:34:19.056565,81.81403350830078,-65.26419067382812,0.0018833923386409,51.83,-5.531,0.0,0.222,0,0,1,,1.0,2026-03-17T15:34:19.056565,neutral,0.758,2026-03-17T15:34:18.190538,0.99,2026-03-17T15:34:18.976000,93,,,
participant_23,3,day,Town10HD_Opt,2026-03-17 15:34:20.225236,70.3627700805664,-67.73827362060547,0.0021146012004464,49.414,-2.953,1.0,0.0,0,0,1,,1.0,2026-03-17T15:34:20.225236,neutral,0.448,2026-03-17T15:34:20.225236,0.99,2026-03-17T15:34:20.955000,90,,,
participant_23,3,day,Town10HD_Opt,2026-03-17 15:34:21.120992,61.60176086425781,-68.04853057861328,0.0020017242059111,51.064,0.049,0.0,0.106,0,0,1,,1.0,2026-03-17T15:34:21.120992,neutral,0.448,2026-03-17T15:34:20.225236,0.99,2026-03-17T15:34:20.955000,89,,,
participant_23,3,day,Town10HD_Opt,2026-03-17 15:34:22.018176,52.90465545654297,-68.09296417236328,0.0019002150511369,51.175,-0.367,0.0,0.148,0,0,1,,1.0,2026-03-17T15:34:22.018176,neutral,0.448,2026-03-17T15:34:20.225236,0.99,2026-03-17T15:34:22.082000,90,,,
participant_23,3,day,Town10HD_Opt,2026-03-17 15:34:22.998422,44.14690780639648,-68.016357421875,0.0019187163561582,51.087,-0.552,0.0,0.109,0,0,1,,1.0,2026-03-17T15:34:22.998422,sad,0.456,2026-03-17T15:34:22.998422,0.99,2026-03-17T15:34:23.028000,90,,,
participant_23,3,day,Town10HD_Opt,2026-03-17 15:34:24.261927,32.52346420288086,-67.73651885986328,0.0020421219523996,49.74,-0.157,0.852,0.0,0,0,1,,1.0,2026-03-17T15:34:24.261927,sad,0.456,2026-03-17T15:34:22.998422,0.99,2026-03-17T15:34:24.961000,89,,,
participant_23,3,day,Town10HD_Opt,2026-03-17 15:34:25.083958,23.740306854248047,-67.49017333984375,0.0019479751354083,51.182,-0.186,0.0,0.199,0,0,1,,1.0,2026-03-17T15:34:25.083958,sad,0.841,2026-03-17T15:34:25.083958,0.99,2026-03-17T15:34:24.961000,88,,,
participant_23,3,day,Town10HD_Opt,2026-03-17 15:34:26.258197,12.43482494354248,-67.19306182861328,0.0021584320347756,46.125,0.348,0.0,0.0,0,0,1,,1.0,2026-03-17T15:34:26.258197,sad,0.841,2026-03-17T15:34:25.083958,0.99,2026-03-17T15:34:26.986000,92,,,
participant_23,3,day,Town10HD_Opt,2026-03-17 15:34:27.088494,5.161953449249268,-67.1444320678711,0.0023620224092155,36.075,0.315,0.0,0.0,0,0,1,,1.0,2026-03-17T15:34:27.088494,sad,0.713,2026-03-17T15:34:27.088494,0.99,2026-03-17T15:34:26.986000,90,,,
participant_23,3,day,Town10HD_Opt,2026-03-17 15:34:28.210624,-2.050962448120117,-67.23959350585938,0.0022880935575813,25.837,-0.493,0.0,0.0,0,0,1,,1.0,2026-03-17T15:34:28.210624,sad,0.713,2026-03-17T15:34:27.088494,0.9087630185102054,2026-03-17T15:34:28.966000,90,,,
participant_23,3,day,Town10HD_Opt,2026-03-17 15:34:29.041604,-6.008172035217285,-67.2933578491211,0.0022181700915098,19.945,1.076,0.094,0.0,0,0,1,,1.0,2026-03-17T15:34:29.041604,sad,0.713,2026-03-17T15:34:27.088494,0.933346790020003,2026-03-17T15:34:28.966000,91,,,
participant_23,3,day,Town10HD_Opt,2026-03-17 15:34:30.153547,-10.175267219543455,-67.3899917602539,0.0019535445608198,16.741,-0.251,0.273,0.0,0,0,1,,1.0,2026-03-17T15:34:30.153547,sad,0.591,2026-03-17T15:34:30.153547,0.8532026494794667,2026-03-17T15:34:30.991000,85,,,
participant_23,3,day,Town10HD_Opt,2026-03-17 15:34:30.992048,-13.028095245361328,-67.44306945800781,0.0020206451881676,14.646,-0.007,0.0,0.0,0,0,1,,1.0,2026-03-17T15:34:30.992048,sad,0.591,2026-03-17T15:34:30.153547,0.8696267190370865,2026-03-17T15:34:30.991000,86,,,
participant_23,3,day,Town10HD_Opt,2026-03-17 15:34:32.112522,-15.945063591003418,-67.5141830444336,0.0020171736832708,10.301,0.411,0.0,0.0,0,0,1,,1.0,2026-03-17T15:34:32.112522,sad,0.591,2026-03-17T15:34:30.153547,0.8925899252853166,2026-03-17T15:34:31.985000,83,,,
participant_23,3,day,Town10HD_Opt,2026-03-17 15:34:33.203503,-17.99614715576172,-67.5785903930664,0.0019883345812559,7.242,0.451,0.0,0.0,0,0,1,,1.0,2026-03-17T15:34:33.203503,sad,0.739,2026-03-17T15:34:33.203503,0.7815828079206493,2026-03-17T15:34:33.961000,83,,,
participant_23,3,day,Town10HD_Opt,2026-03-17 15:34:34.028583,-19.27650260925293,-67.62422943115234,0.0016622161492705,11.728,0.451,1.0,0.0,0,0,1,,1.0,2026-03-17T15:34:34.028583,sad,0.739,2026-03-17T15:34:33.203503,0.7285856931437116,2026-03-17T15:34:33.961000,84,,,
participant_23,3,day,Town10HD_Opt,2026-03-17 15:34:35.105528,-24.098854064941406,-67.82794189453125,0.0015217589680105,31.717,0.451,1.0,0.0,0,0,1,,0.852,2026-03-17T15:34:35.105528,sad,0.739,2026-03-17T15:34:33.203503,0.7175549745637266,2026-03-17T15:34:34.952000,86,,,
participant_23,3,day,Town10HD_Opt,2026-03-17 15:34:36.179444,-33.70701217651367,-68.36614990234375,0.001554412767291,51.747,-2.28,0.0,0.175,0,0,1,,1.0,2026-03-17T15:34:36.179444,sad,0.731,2026-03-17T15:34:36.179444,0.6606741349459838,2026-03-17T15:34:36.977000,88,,,
participant_23,3,day,Town10HD_Opt,2026-03-17 15:34:37.002395,-42.52217864990234,-68.6071548461914,0.0020751189440488,49.536,-0.31,0.779,0.0,0,0,1,,1.0,2026-03-17T15:34:37.002395,sad,0.731,2026-03-17T15:34:36.179444,0.6315130318846683,2026-03-17T15:34:36.977000,87,,,
participant_23,3,day,Town10HD_Opt,2026-03-17 15:34:38.078123,-54.14888000488281,-68.65007019042969,0.0019791030790656,50.372,-0.331,0.764,0.0,0,0,1,,1.0,2026-03-17T15:34:38.078123,sad,0.731,2026-03-17T15:34:36.179444,0.6608022768279688,2026-03-17T15:34:37.965000,87,,,
participant_23,3,day,Town10HD_Opt,2026-03-17 15:34:39.118317,-65.82936096191406,-68.48355865478516,0.0019264601869508,50.914,-1.8,0.0,0.115,0,0,1,,0.804,2026-03-17T15:34:39.118317,sad,0.877,2026-03-17T15:34:39.118317,0.693694007002028,2026-03-17T15:34:38.956000,87,,,
participant_23,3,day,Town10HD_Opt,2026-03-17 15:34:40.165194,-77.30957794189453,-66.77519226074219,0.0020020676311105,50.693,-6.298,0.0,0.0,0,0,1,,1.0,2026-03-17T15:34:40.165194,sad,0.877,2026-03-17T15:34:39.118317,0.659417998005246,2026-03-17T15:34:40.981000,84,,,
participant_23,3,day,Town10HD_Opt,2026-03-17 15:34:41.212835,-87.8858642578125,-62.06808471679688,0.0021367263980209,48.974,-3.186,0.731,0.0,0,0,1,,1.0,2026-03-17T15:34:41.212835,sad,0.668,2026-03-17T15:34:41.212835,0.6029012922747751,2026-03-17T15:34:41.971000,82,,,
participant_23,3,day,Town10HD_Opt,2026-03-17 15:34:42.059387,-95.19744873046876,-57.29901123046875,0.0021464538294821,48.918,-5.326,0.731,0.0,0,0,1,,0.924,2026-03-17T15:34:42.059387,sad,0.668,2026-03-17T15:34:41.212835,0.7047170432500278,2026-03-17T15:34:41.971000,83,,,
participant_23,3,day,Town10HD_Opt,2026-03-17 15:34:43.243570,-103.13883209228516,-48.92123031616211,0.0020406341645866,49.873,-5.262,0.731,0.0,0,0,1,,1.0,2026-03-17T15:34:43.243570,sad,0.757,2026-03-17T15:34:43.243570,0.6237728728640991,2026-03-17T15:34:43.951000,84,,,
participant_23,3,day,Town10HD_Opt,2026-03-17 15:34:44.170520,-107.42491149902344,-41.312870025634766,0.0020662688184529,49.75,-4.518,0.731,0.0,0,0,1,,0.946,2026-03-17T15:34:44.170520,sad,0.757,2026-03-17T15:34:43.243570,0.5668076973966812,2026-03-17T15:34:44.987000,85,,,
participant_23,3,day,Town10HD_Opt,2026-03-17 15:34:45.100703,-110.16799926757812,-33.09214401245117,0.0021413420327007,48.05,-5.061,0.417,0.0,0,0,1,,0.962,2026-03-17T15:34:45.100703,sad,0.757,2026-03-17T15:34:43.243570,0.6477173133575757,2026-03-17T15:34:44.987000,85,,,
participant_23,3,day,Town10HD_Opt,2026-03-17 15:34:45.990127,-111.18014526367188,-24.888994216918945,0.0021712875459343,44.986,-3.898,0.0,0.0,0,0,1,,0.905,2026-03-17T15:34:45.990127,neutral,0.766,2026-03-17T15:34:45.990127,0.6306603675563467,2026-03-17T15:34:45.976000,86,,,
participant_23,3,day,Town10HD_Opt,2026-03-17 15:34:47.208975,-110.84951782226562,-15.849017143249512,0.0023336792364716,32.212,0.305,0.0,0.0,0,0,1,,0.816,2026-03-17T15:34:47.208975,neutral,0.766,2026-03-17T15:34:45.990127,0.6360465522523292,2026-03-17T15:34:47.956000,91,,,
participant_23,3,day,Town10HD_Opt,2026-03-17 15:34:48.143171,-110.59651947021484,-10.781195640563965,0.0022247314918786,26.046,1.011,0.266,0.0,0,0,1,,0.814,2026-03-17T15:34:48.143171,sad,0.783,2026-03-17T15:34:48.143171,0.6553434935772896,2026-03-17T15:34:47.956000,90,,,
participant_23,3,day,Town10HD_Opt,2026-03-17 15:34:48.996567,-110.48056030273438,-6.56658411026001,0.0022148895077407,21.418,0.639,0.347,0.0,0,0,1,,0.816,2026-03-17T15:34:48.996567,sad,0.783,2026-03-17T15:34:48.143171,0.6219742081866406,2026-03-17T15:34:49.036000,93,,,
participant_23,3,day,Town10HD_Opt,2026-03-17 15:34:50.160483,-110.39424896240234,-1.2111793756484983,0.0016731261275708,29.859,-0.703,0.943,0.0,0,0,1,,1.0,2026-03-17T15:34:50.160483,sad,0.697,2026-03-17T15:34:50.160483,0.6279327699267315,2026-03-17T15:34:50.971000,93,,,
participant_23,3,day,Town10HD_Opt,2026-03-17 15:34:51.007005,-109.89568328857422,5.152976989746094,0.0015965652419254,44.006,-6.552,0.94,0.0,0,0,1,,1.0,2026-03-17T15:34:51.007005,sad,0.697,2026-03-17T15:34:50.160483,0.6056892458136297,2026-03-17T15:34:50.971000,93,,,
participant_23,3,day,Town10HD_Opt,2026-03-17 15:34:52.198182,-107.22281646728516,15.167752265930176,0.0023331069387495,39.006,-0.726,0.0,0.0,0,0,1,,1.0,2026-03-17T15:34:52.198182,sad,0.625,2026-03-17T15:34:52.198182,0.6569890357730774,2026-03-17T15:34:52.951000,92,,,
participant_23,3,day,Town10HD_Opt,2026-03-17 15:34:53.113947,-104.8786392211914,20.746206283569336,0.00233940128237,29.869,-9.267,0.079,0.0,0,0,1,,1.0,2026-03-17T15:34:53.113947,sad,0.625,2026-03-17T15:34:52.198182,0.5696735207113859,2026-03-17T15:34:52.951000,93,,,
participant_23,3,day,Town10HD_Opt,2026-03-17 15:34:54.033870,-101.96084594726562,24.65927124023437,0.0021448135375976,26.687,-17.828,0.45,0.0,0,0,1,,1.0,2026-03-17T15:34:54.033870,sad,0.625,2026-03-17T15:34:52.198182,0.6279382341838782,2026-03-17T15:34:53.986000,92,,,
participant_23,3,day,Town10HD_Opt,2026-03-17 15:34:55.273312,-96.20808410644533,27.783111572265625,0.0019026183290407,31.825,-11.484,0.659,0.0,0,0,1,,1.0,2026-03-17T15:34:55.273312,happy,0.992,2026-03-17T15:34:55.273312,0.6269178891110893,2026-03-17T15:34:55.966000,91,,,
participant_23,3,day,Town10HD_Opt,2026-03-17 15:34:56.237381,-90.19208526611328,28.78177833557129,0.0019428634550422,38.742,-4.907,0.686,0.0,0,0,1,,1.0,2026-03-17T15:34:56.237381,happy,0.992,2026-03-17T15:34:55.273312,0.6440446150729715,2026-03-17T15:34:56.958000,91,,,
participant_23,3,day,Town10HD_Opt,2026-03-17 15:34:57.204749,-83.1409683227539,28.774526596069336,0.0021639252081513,38.934,-3.61,0.0,0.0,0,0,1,,1.0,2026-03-17T15:34:57.204749,happy,0.992,2026-03-17T15:34:55.273312,0.6650296438554077,2026-03-17T15:34:57.991000,91,,,errors=Solid line crossing
participant_23,3,day,Town10HD_Opt,2026-03-17 15:34:58.130598,-77.15724182128906,28.10806655883789,0.0023160553537309,29.722,2.805,0.0,0.062,0,0,1,,1.0,2026-03-17T15:34:58.130598,sad,0.489,2026-03-17T15:34:58.130598,0.6368177352627793,2026-03-17T15:34:58.982000,90,,,
participant_23,3,day,Town10HD_Opt,2026-03-17 15:34:59.052071,-72.66686248779297,27.784467697143555,0.0023584747686982,19.91,1.514,0.0,0.662,0,0,1,,1.0,2026-03-17T15:34:59.052071,sad,0.489,2026-03-17T15:34:58.130598,0.5957660888243981,2026-03-17T15:34:58.982000,90,,,errors=Harsh braking
participant_23,4,day,Town10HD_Opt,2026-03-17 15:45:00.000000,-41.66858673095703,89.7454833984375,0.5804919004440308,13.77,-0.416,0.266,0.0,0,0,1,,1.0,2026-03-17T15:45:00,,,2026-03-17T15:45:00,0.99,2026-03-17T15:45:00,80,,,
participant_23,4,day,Town10HD_Opt,2026-03-17 15:45:04.603194,-41.71414566040039,86.84776306152344,0.0018312071915715,13.833,-0.404,0.265,0.0,0,0,1,,1.0,2026-03-17T15:45:04.603194,,,2026-03-17T15:45:04.603194,0.9814107287163384,2026-03-17T15:45:04.996000,81,,,
participant_23,4,day,Town10HD_Opt,2026-03-17 15:45:05.277381,-41.743614196777344,85.19395446777344,0.0018836212111636,14.484,-0.092,0.282,0.0,0,0,1,,0.954,2026-03-17T15:45:05.277381,,,2026-03-17T15:45:04.603194,0.99,2026-03-17T15:45:04.996000,81,,,
participant_23,4,day,Town10HD_Opt,2026-03-17 15:45:05.998646,-41.76593017578125,83.45955657958984,0.001883735647425,15.215,1.382,0.274,0.0,0,0,1,,0.919,2026-03-17T15:45:05.998646,,,2026-03-17T15:45:04.603194,0.99,2026-03-17T15:45:05.985000,82,,,
participant_23,4,day,Town10HD_Opt,2026-03-17 15:45:07.224991,-41.60790252685547,79.74871063232422,0.0018973922124132,16.505,9.478,0.211,0.0,0,0,1,,0.904,2026-03-17T15:45:07.224991,neutral,0.824,2026-03-17T15:45:07.224991,0.9243033382552268,2026-03-17T15:45:07.066000,82,,,
participant_23,4,day,Town10HD_Opt,2026-03-17 15:45:08.199405,-40.92048645019531,77.0014419555664,0.0019497680477797,15.99,17.309,0.211,0.0,0,0,1,,1.0,2026-03-17T15:45:08.199405,neutral,0.824,2026-03-17T15:45:07.224991,0.9708157698757156,2026-03-17T15:45:08.010000,82,,,
participant_23,4,day,Town10HD_Opt,2026-03-17 15:45:09.726710,-40.54118347167969,76.1579818725586,0.0019556425977498,15.823,19.396,0.213,0.0,0,0,1,,1.0,2026-03-17T15:45:09.726710,neutral,0.824,2026-03-17T15:45:09.726710,0.9897003055361872,2026-03-17T15:45:09.990000,83,,,
participant_23,4,day,Town10HD_Opt,2026-03-17 15:45:10.074945,-40.08636093139648,75.36325073242188,0.001955299405381,15.711,20.17,0.213,0.0,0,0,1,,1.0,2026-03-17T15:45:09.726710,neutral,0.824,2026-03-17T15:45:09.726710,0.9636002343385494,2026-03-17T15:45:09.990000,82,,,
participant_23,4,day,Town10HD_Opt,2026-03-17 15:45:11.000345,-38.32851409912109,73.30603790283203,0.0019388579530641,15.606,19.849,0.263,0.0,0,0,1,,1.0,2026-03-17T15:45:11.000345,neutral,0.824,2026-03-17T15:45:09.726710,0.9203748558240124,2026-03-17T15:45:10.982000,83,,,
participant_23,4,day,Town10HD_Opt,2026-03-17 15:45:11.995293,-36.02323532104492,71.75213623046875,0.001906051649712,16.613,19.049,0.342,0.0,0,0,1,,1.0,2026-03-17T15:45:11.995293,neutral,0.587,2026-03-17T15:45:11.995293,0.9154921607436268,2026-03-17T15:45:12.016000,84,,,
participant_23,4,day,Town10HD_Opt,2026-03-17 15:45:13.020162,-33.1413459777832,70.76390075683594,0.0021391676273196,18.116,15.046,0.379,0.0,0,0,1,,1.0,2026-03-17T15:45:13.020162,neutral,0.587,2026-03-17T15:45:11.995293,0.8311949861488613,2026-03-17T15:45:13.005000,87,,,
participant_23,4,day,Town10HD_Opt,2026-03-17 15:45:14.078739,-29.96278190612793,70.29515075683594,0.0020211029332131,18.862,6.073,0.391,0.0,0,0,1,,1.0,2026-03-17T15:45:14.078739,neutral,0.547,2026-03-17T15:45:14.078739,0.912043508156671,2026-03-17T15:45:13.996000,89,,,
participant_23,4,day,Town10HD_Opt,2026-03-17 15:45:15.054538,-26.514366149902344,70.07587432861328,0.0019470596453174,21.372,1.558,0.493,0.0,0,0,1,,1.0,2026-03-17T15:45:15.054538,neutral,0.547,2026-03-17T15:45:14.078739,0.828447303997818,2026-03-17T15:45:14.985000,90,,,
participant_23,4,day,Town10HD_Opt,2026-03-17 15:45:16.019088,-22.495723724365234,69.91191101074219,0.0019318771082907,24.845,1.199,0.47,0.0,0,0,1,,1.0,2026-03-17T15:45:16.019088,neutral,0.547,2026-03-17T15:45:14.078739,0.8950235622263991,2026-03-17T15:45:15.975000,90,,,
participant_23,4,day,Town10HD_Opt,2026-03-17 15:45:17.027527,-17.97461700439453,69.85194396972656,0.0019925308879464,26.649,0.841,0.383,0.0,0,0,1,,1.0,2026-03-17T15:45:17.027527,fear,0.446,2026-03-17T15:45:17.027527,0.9051200546099324,2026-03-17T15:45:17.010000,91,,,
participant_23,4,day,Town10HD_Opt,2026-03-17 15:45:18.190069,-14.848536491394045,69.8650894165039,0.0020354080479592,26.709,-0.021,0.238,0.0,0,0,1,,0.937,2026-03-17T15:45:18.190069,fear,0.446,2026-03-17T15:45:17.027527,0.8798879401826993,2026-03-17T15:45:18.097000,89,,,
participant_23,4,day,Town10HD_Opt,2026-03-17 15:45:19.141510,-10.36380386352539,69.88735961914062,0.0021281433291733,23.828,-0.301,0.191,0.0,0,0,1,,0.843,2026-03-17T15:45:19.141510,neutral,0.418,2026-03-17T15:45:19.141510,0.8159614148676456,2026-03-17T15:45:18.992000,90,,,
participant_23,4,day,Town10HD_Opt,2026-03-17 15:45:20.183899,-6.366697788238525,69.88381958007812,0.0021309279836714,21.37,0.04,0.237,0.0,0,0,1,,0.868,2026-03-17T15:45:20.183899,neutral,0.418,2026-03-17T15:45:19.141510,0.857247369319782,2026-03-17T15:45:19.983000,91,,,
participant_23,4,day,Town10HD_Opt,2026-03-17 15:45:21.146569,-2.7747035026550293,69.87919616699219,0.002087326021865,19.804,0.153,0.305,0.0,0,0,1,,0.805,2026-03-17T15:45:21.146569,sad,0.339,2026-03-17T15:45:21.146569,0.8171201259053836,2026-03-17T15:45:21.105000,92,,,
participant_23,4,day,Town10HD_Opt,2026-03-17 15:45:22.072873,0.6530046463012695,69.88352966308594,0.0020483396947383,19.545,0.263,0.374,0.0,0,0,1,,1.0,2026-03-17T15:45:22.072873,sad,0.339,2026-03-17T15:45:21.146569,0.8029711930927785,2026-03-17T15:45:22.008000,92,,,
participant_23,4,day,Town10HD_Opt,2026-03-17 15:45:23.034229,4.14832067489624,69.89466857910156,0.0020031738094985,20.672,-0.211,0.402,0.0,0,0,1,,1.0,2026-03-17T15:45:23.034229,sad,0.339,2026-03-17T15:45:21.146569,0.8207723251658056,2026-03-17T15:45:23.040000,91,,,
participant_23,4,day,Town10HD_Opt,2026-03-17 15:45:24.230208,9.152071952819824,69.9055404663086,0.0020482635591179,21.431,0.266,0.016,0.0,0,0,1,,1.0,2026-03-17T15:45:24.230208,sad,0.473,2026-03-17T15:45:24.230208,0.8233803743932305,2026-03-17T15:45:23.986000,90,,,
participant_23,4,day,Town10HD_Opt,2026-03-17 15:45:25.194145,12.549891471862791,69.93724822998047,0.0019112013978883,17.631,0.411,0.103,0.0,0,0,1,,1.0,2026-03-17T15:45:25.194145,sad,0.473,2026-03-17T15:45:24.230208,0.8045675541403963,2026-03-17T15:45:25.111000,88,,,
participant_23,4,day,Town10HD_Opt,2026-03-17 15:45:26.119274,15.405571937561035,69.96910095214844,0.0019998168572783,14.932,-0.19,0.091,0.0,0,0,1,,1.0,2026-03-17T15:45:26.119274,sad,0.473,2026-03-17T15:45:24.230208,0.7760602529614311,2026-03-17T15:45:26.011000,90,,,
participant_23,4,day,Town10HD_Opt,2026-03-17 15:45:27.044012,17.847455978393555,69.98662567138672,0.0019851303659379,12.85,-0.369,0.08,0.0,0,0,1,,1.0,2026-03-17T15:45:27.044012,neutral,0.349,2026-03-17T15:45:27.044012,0.7788989986399628,2026-03-17T15:45:27.046000,89,,,
participant_23,4,day,Town10HD_Opt,2026-03-17 15:45:28.204172,20.466970443725582,69.99284362792969,0.0020062255207449,9.432,-0.247,0.0,0.0,0,0,1,,0.865,2026-03-17T15:45:28.204172,neutral,0.349,2026-03-17T15:45:27.044012,0.8082144596187872,2026-03-17T15:45:28.036000,89,,,
participant_23,4,day,Town10HD_Opt,2026-03-17 15:45:29.078946,21.90753173828125,69.9925537109375,0.0019838332664221,7.032,-0.237,0.0,0.0,0,0,1,,1.0,2026-03-17T15:45:29.078946,fear,0.357,2026-03-17T15:45:29.078946,0.7930785260619616,2026-03-17T15:45:28.980000,91,,,
participant_23,4,day,Town10HD_Opt,2026-03-17 15:45:30.261682,23.32919883728028,69.98948669433594,0.0019669723697006,5.017,-0.237,0.0,0.0,0,0,1,,0.877,2026-03-17T15:45:30.261682,fear,0.357,2026-03-17T15:45:29.078946,0.7992268871573114,2026-03-17T15:45:30.150000,92,,,
participant_23,4,day,Town10HD_Opt,2026-03-17 15:45:31.195205,24.110774993896484,69.9866714477539,0.0019558714702725,3.796,-0.226,0.0,0.0,0,0,1,,1.0,2026-03-17T15:45:31.195205,sad,0.356,2026-03-17T15:45:31.195205,0.7096852865021224,2026-03-17T15:45:31.006000,93,,,
participant_23,4,day,Town10HD_Opt,2026-03-17 15:45:32.159148,24.686368942260746,69.98406982421875,0.0019219970563426,3.23,-0.226,0.0,0.0,0,0,1,,0.823,2026-03-17T15:45:32.159148,sad,0.356,2026-03-17T15:45:31.195205,0.7227388190775664,2026-03-17T15:45:31.996000,95,,,
participant_23,4,day,Town10HD_Opt,2026-03-17 15:45:33.031269,25.20854377746582,69.98141479492188,0.0019409941742196,2.599,-0.223,0.0,0.0,0,0,1,,0.82,2026-03-17T15:45:33.031269,sad,0.356,2026-03-17T15:45:31.195205,0.7575099004461499,2026-03-17T15:45:33.121000,95,,,
participant_23,4,day,Town10HD_Opt,2026-03-17 15:45:34.171222,25.36604690551757,69.98048400878906,0.0019329834030941,0.058,-0.2,0.326,0.0,0,0,1,,0.804,2026-03-17T15:45:34.171222,sad,0.53,2026-03-17T15:45:34.171222,0.7409963773176673,2026-03-17T15:45:33.976000,93,,,
participant_23,4,day,Town10HD_Opt,2026-03-17 15:45:35.111825,25.66123390197754,69.97871398925781,0.0017847823910415,3.893,-0.2,0.122,0.0,0,0,1,,0.822,2026-03-17T15:45:35.111825,sad,0.53,2026-03-17T15:45:34.171222,0.7375634989000741,2026-03-17T15:45:35.101000,90,,,
participant_23,4,day,Town10HD_Opt,2026-03-17 15:45:36.312855,26.08310890197754,69.97650146484375,0.0019690704066306,0.149,-0.188,0.051,0.0,0,0,1,,0.858,2026-03-17T15:45:36.312855,fear,0.31,2026-03-17T15:45:36.312855,0.7774136628122884,2026-03-17T15:45:36.002000,90,,,
participant_23,4,day,Town10HD_Opt,2026-03-17 15:45:37.055223,26.15567970275879,69.97587585449219,0.0017691802931949,3.055,-0.188,0.641,0.0,0,0,1,,1.0,2026-03-17T15:45:37.055223,fear,0.31,2026-03-17T15:45:36.312855,0.7757254390269857,2026-03-17T15:45:36.991000,89,,,
participant_23,4,day,Town10HD_Opt,2026-03-17 15:45:38.218070,27.42574119567871,69.96586608886719,0.0016044997610151,12.013,-1.069,0.632,0.0,0,0,1,,0.881,2026-03-17T15:45:38.218070,fear,0.31,2026-03-17T15:45:36.312855,0.7498138854104864,2026-03-17T15:45:37.983000,86,,,errors=Stop sign violation
participant_23,4,day,Town10HD_Opt,2026-03-17 15:45:39.159890,30.2026424407959,69.83111572265625,0.0019955444149672,18.425,-6.945,0.463,0.0,0,0,1,,1.0,2026-03-17T15:45:39.159890,neutral,0.805,2026-03-17T15:45:39.159890,0.6299230261174423,2026-03-17T15:45:39.017000,86,,,
participant_23,4,day,Town10HD_Opt,2026-03-17 15:45:40.116724,33.38030242919922,69.24765014648438,0.0020598983392119,18.387,-10.749,0.282,0.0,0,0,1,,1.0,2026-03-17T15:45:40.116724,neutral,0.805,2026-03-17T15:45:39.159890,0.6715575975561516,2026-03-17T15:45:40.006000,84,,,
participant_23,4,day,Town10HD_Opt,2026-03-17 15:45:41.087785,36.35465621948242,68.10050201416016,0.0020457075443118,18.278,-12.33,0.337,0.0,0,0,1,,1.0,2026-03-17T15:45:41.087785,neutral,0.805,2026-03-17T15:45:39.159890,0.7226474186488897,2026-03-17T15:45:40.996000,80,,,
participant_23,4,day,Town10HD_Opt,2026-03-17 15:45:42.086678,39.02843475341797,66.39702606201172,0.0020514677744358,18.232,-12.1,0.284,0.0,0,0,1,,1.0,2026-03-17T15:45:42.086678,neutral,0.482,2026-03-17T15:45:42.086678,0.707329780609857,2026-03-17T15:45:41.985000,80,,,
participant_23,4,day,Town10HD_Opt,2026-03-17 15:45:43.092124,41.320560455322266,64.18830108642578,0.0020704651251435,18.379,-12.67,0.287,0.0,0,0,1,,1.0,2026-03-17T15:45:43.092124,neutral,0.482,2026-03-17T15:45:42.086678,0.7355683690260765,2026-03-17T15:45:42.976000,80,,,
participant_23,4,day,Town10HD_Opt,2026-03-17 15:45:44.029828,43.09922790527344,61.55058288574219,0.0020526503212749,18.258,-14.2,0.281,0.0,0,0,1,,1.0,2026-03-17T15:45:44.029828,neutral,0.482,2026-03-17T15:45:42.086678,0.7687915523721354,2026-03-17T15:45:44.010000,80,,,
participant_23,4,day,Town10HD_Opt,2026-03-17 15:45:45.226520,44.45420455932617,57.54621887207031,0.0020399093627929,18.226,-13.872,0.224,0.0,0,0,1,,1.0,2026-03-17T15:45:45.226520,happy,0.779,2026-03-17T15:45:45.226520,0.7403325311316119,2026-03-17T15:45:45.001000,83,,,
participant_23,4,day,Town10HD_Opt,2026-03-17 15:45:46.222282,44.67829513549805,54.50564956665039,0.0020078276284039,15.613,-9.621,0.0,0.0,0,0,1,,1.0,2026-03-17T15:45:46.222282,happy,0.779,2026-03-17T15:45:45.226520,0.7686542899496654,2026-03-17T15:45:45.994000,81,,,
participant_23,4,day,Town10HD_Opt,2026-03-17 15:45:47.261774,44.590667724609375,52.04737091064453,0.0020014953333884,12.698,-4.752,0.102,0.0,0,0,1,,0.835,2026-03-17T15:45:47.261774,neutral,0.608,2026-03-17T15:45:47.261774,0.7264287758359118,2026-03-17T15:45:46.981000,83,,,
participant_23,4,day,Town10HD_Opt,2026-03-17 15:45:48.249880,44.44857406616211,49.95967102050781,0.0019719314295798,11.084,-0.374,0.092,0.0,0,0,1,,0.908,2026-03-17T15:45:48.249880,neutral,0.608,2026-03-17T15:45:47.261774,0.722119672542441,2026-03-17T15:45:48.062000,85,,,
participant_23,4,day,Town10HD_Opt,2026-03-17 15:45:49.174689,44.33786392211914,48.129520416259766,0.0019583129324018,9.822,-0.023,0.101,0.0,0,0,1,,0.877,2026-03-17T15:45:49.174689,neutral,0.608,2026-03-17T15:45:47.261774,0.6709200990406163,2026-03-17T15:45:49.051000,84,,,
participant_23,4,day,Town10HD_Opt,2026-03-17 15:45:50.089800,44.23862838745117,46.49376678466797,0.001949539175257,8.808,-0.052,0.105,0.0,0,0,1,,0.829,2026-03-17T15:45:50.089800,neutral,0.517,2026-03-17T15:45:50.089800,0.6855493682353425,2026-03-17T15:45:49.996000,85,,,
participant_23,4,day,Town10HD_Opt,2026-03-17 15:45:51.075884,44.14788818359375,45.00970077514648,0.0019435882568359,8.085,-0.047,0.105,0.0,0,0,1,,0.874,2026-03-17T15:45:51.075884,neutral,0.517,2026-03-17T15:45:50.089800,0.6862852000142898,2026-03-17T15:45:50.987000,84,,,
participant_23,4,day,Town10HD_Opt,2026-03-17 15:45:52.003168,44.06759643554688,43.67876052856445,0.0019720839336514,6.741,0.613,0.0,0.0,0,0,1,,1.0,2026-03-17T15:45:52.003168,neutral,0.517,2026-03-17T15:45:50.089800,0.7174444393127433,2026-03-17T15:45:51.977000,89,,,
participant_23,4,day,Town10HD_Opt,2026-03-17 15:45:53.265918,44.01738739013672,42.24928283691406,0.0017876814818009,7.744,5.905,0.0,0.0,0,0,1,,1.0,2026-03-17T15:45:53.265918,happy,0.832,2026-03-17T15:45:53.265918,0.6872178482437443,2026-03-17T15:45:53.011000,88,,,
participant_23,4,day,Town10HD_Opt,2026-03-17 15:45:54.178736,44.02861404418945,40.99777221679688,0.0019952391739934,5.738,3.91,0.0,0.185,0,0,1,,1.0,2026-03-17T15:45:54.178736,happy,0.832,2026-03-17T15:45:53.265918,0.7322625077436756,2026-03-17T15:45:54.001000,89,,,
participant_23,4,day,Town10HD_Opt,2026-03-17 15:45:55.146825,44.03204345703125,40.809844970703125,0.0019433974521234,1.129,3.994,0.95,0.0,0,0,1,,1.0,2026-03-17T15:45:55.146825,happy,0.832,2026-03-17T15:45:53.265918,0.6471090491955138,2026-03-17T15:45:55.037000,88,,,
participant_23,4,day,Town10HD_Opt,2026-03-17 15:45:56.123921,44.11187362670898,39.46427917480469,0.0014307021629065,15.994,7.114,0.913,0.0,0,0,1,,1.0,2026-03-17T15:45:56.123921,neutral,0.701,2026-03-17T15:45:56.123921,0.6878339254694402,2026-03-17T15:45:56.072000,89,,,
participant_23,4,day,Town10HD_Opt,2026-03-17 15:45:57.103327,44.742313385009766,35.894832611083984,0.0017700575990602,25.531,15.928,0.576,0.0,0,0,1,,1.0,2026-03-17T15:45:57.103327,neutral,0.701,2026-03-17T15:45:56.123921,0.6699308920415381,2026-03-17T15:45:57.015000,88,,,
participant_23,4,day,Town10HD_Opt,2026-03-17 15:45:58.074668,46.96234893798828,31.86553001403809,0.002183647127822,24.968,23.183,0.0,0.0,0,0,1,,1.0,2026-03-17T15:45:58.074668,neutral,0.701,2026-03-17T15:45:56.123921,0.6138522493768677,2026-03-17T15:45:58.141000,87,,,
participant_23,4,day,Town10HD_Opt,2026-03-17 15:45:59.043813,50.10791778564453,29.707931518554688,0.002268447773531,18.852,17.906,0.238,0.0,0,0,1,,1.0,2026-03-17T15:45:59.043813,happy,0.705,2026-03-17T15:45:59.043813,0.6642765328838323,2026-03-17T15:45:59.042000,85,,,
participant_23,4,day,Town10HD_Opt,2026-03-17 15:46:00.271159,54.29238128662109,28.70111083984375,0.0019546127878129,20.248,7.045,0.563,0.0,0,0,1,,1.0,2026-03-17T15:46:00.271159,happy,0.705,2026-03-17T15:45:59.043813,0.707408962297313,2026-03-17T15:45:59.986000,85,,,
participant_23,4,day,Town10HD_Opt,2026-03-17 15:46:01.256241,58.180442810058594,28.16193008422852,0.0021134947892278,24.002,-5.146,0.0,0.0,0,0,1,,1.0,2026-03-17T15:46:01.256241,neutral,0.569,2026-03-17T15:46:01.256241,0.6528319287416461,2026-03-17T15:46:00.977000,84,,,
participant_23,4,day,Town10HD_Opt,2026-03-17 15:46:02.193125,61.89904022216797,27.29508399963379,0.0022123716771602,18.757,-3.076,0.0,0.0,0,0,1,,1.0,2026-03-17T15:46:02.193125,neutral,0.569,2026-03-17T15:46:01.256241,0.5983618972844094,2026-03-17T15:46:02.056000,87,,,errors=Vehicle collision
participant_23,4,day,Town10HD_Opt,2026-03-17 15:46:03.111585,64.66609954833984,26.682861328125,0.0017129897605627,14.883,8.403,0.143,0.0,0,0,1,,1.0,2026-03-17T15:46:03.111585,neutral,0.569,2026-03-17T15:46:01.256241,0.6998977752263594,2026-03-17T15:46:03.001000,88,,,
participant_23,4,day,Town10HD_Opt,2026-03-17 15:46:04.010995,67.24675750732422,26.33774757385254,0.001874046283774,15.61,1.871,0.322,0.0,0,0,1,,1.0,2026-03-17T15:46:04.010995,neutral,0.593,2026-03-17T15:46:04.010995,0.6392103216663203,2026-03-17T15:46:03.991000,87,,,
participant_23,4,day,Town10HD_Opt,2026-03-17 15:46:05.210807,71.09379577636719,25.85570907592773,0.0018795012729242,17.458,1.105,0.16,0.0,0,0,1,,1.0,2026-03-17T15:46:05.210807,neutral,0.593,2026-03-17T15:46:04.010995,0.6877335272781769,2026-03-17T15:46:04.981000,88,,,
participant_23,4,day,Town10HD_Opt,2026-03-17 15:46:06.217600,73.88704681396484,25.56468772888184,0.001986923161894,15.312,2.007,0.766,0.0,0,0,1,,1.0,2026-03-17T15:46:06.217600,happy,0.576,2026-03-17T15:46:06.217600,0.6690450953347277,2026-03-17T15:46:06.016000,90,,,
participant_23,4,day,Town10HD_Opt,2026-03-17 15:46:07.132988,77.2880630493164,25.32725715637207,0.0017408370040357,25.25,2.174,0.861,0.0,0,0,1,,1.0,2026-03-17T15:46:07.132988,happy,0.576,2026-03-17T15:46:06.217600,0.6550335386383034,2026-03-17T15:46:07.006000,91,,,
participant_23,4,day,Town10HD_Opt,2026-03-17 15:46:08.025691,82.70671844482422,25.193458557128903,0.0016370773082599,38.245,1.963,0.762,0.0,0,0,1,,1.0,2026-03-17T15:46:08.025691,happy,0.576,2026-03-17T15:46:06.217600,0.6415135538273978,2026-03-17T15:46:07.996000,89,,,
participant_23,4,day,Town10HD_Opt,2026-03-17 15:46:09.235787,91.79876708984376,24.883649826049805,0.0021120451856404,37.89,-8.856,0.348,0.0,0,0,1,,1.0,2026-03-17T15:46:09.235787,happy,0.653,2026-03-17T15:46:09.235787,0.7301410850279231,2026-03-17T15:46:08.988000,90,,,
participant_23,4,day,Town10HD_Opt,2026-03-17 15:46:10.129416,97.90201568603516,22.89770126342773,0.0021267319098114,35.728,-11.448,0.358,0.0,0,0,1,,1.0,2026-03-17T15:46:10.129416,happy,0.653,2026-03-17T15:46:09.235787,0.6639942473932078,2026-03-17T15:46:09.976000,88,,,
participant_23,4,day,Town10HD_Opt,2026-03-17 15:46:11.243201,103.88175201416016,17.57599639892578,0.0021134566050022,33.672,-13.124,0.373,0.0,0,0,1,,1.0,2026-03-17T15:46:11.243201,neutral,0.493,2026-03-17T15:46:11.243201,0.61937155425492,2026-03-17T15:46:11.101000,87,,,
participant_23,4,day,Town10HD_Opt,2026-03-17 15:46:12.127193,106.17311096191406,12.274590492248535,0.0020943831186741,32.74,-10.298,0.373,0.0,0,0,1,,1.0,2026-03-17T15:46:12.127193,neutral,0.493,2026-03-17T15:46:11.243201,0.5919993710413389,2026-03-17T15:46:12.002000,88,,,
participant_23,4,day,Town10HD_Opt,2026-03-17 15:46:13.016567,106.8797836303711,6.645588874816895,0.0020498274825513,32.497,-4.981,0.448,0.0,0,0,1,,1.0,2026-03-17T15:46:13.016567,neutral,0.493,2026-03-17T15:46:11.243201,0.6745757027826008,2026-03-17T15:46:12.991000,87,,,
participant_23,4,day,Town10HD_Opt,2026-03-17 15:46:14.164810,107.00596618652344,-1.078025221824646,0.0020274734124541,33.504,-0.11,0.406,0.0,0,0,1,,0.872,2026-03-17T15:46:14.164810,happy,0.651,2026-03-17T15:46:14.164810,0.5879560608985116,2026-03-17T15:46:13.981000,85,,,
participant_23,4,day,Town10HD_Opt,2026-03-17 15:46:15.025103,107.05835723876952,-6.951721668243408,0.0020384597592055,33.652,-0.143,0.457,0.0,0,0,1,,1.0,2026-03-17T15:46:15.025103,happy,0.651,2026-03-17T15:46:14.164810,0.5751098460274731,2026-03-17T15:46:15.016000,88,,,errors=Solid line crossing
participant_23,4,day,Town10HD_Opt,2026-03-17 15:46:16.164009,107.08967590332033,-15.248417854309082,0.0018902969313785,38.736,-0.277,0.586,0.0,0,0,1,,0.825,2026-03-17T15:46:16.164009,happy,0.651,2026-03-17T15:46:14.164810,0.6860535017232479,2026-03-17T15:46:16.006000,88,,,
participant_23,4,day,Town10HD_Opt,2026-03-17 15:46:17.025819,107.01874542236328,-22.29351234436035,0.0019517134642228,41.757,-2.108,0.542,0.0,0,0,1,,1.0,2026-03-17T15:46:17.025819,neutral,0.469,2026-03-17T15:46:17.025819,0.5721090645014612,2026-03-17T15:46:17.041000,86,,,
participant_23,4,day,Town10HD_Opt,2026-03-17 15:46:18.132893,106.04788970947266,-32.29532241821289,0.0019785307813435,44.551,-3.844,0.542,0.0,0,0,1,,1.0,2026-03-17T15:46:18.132893,neutral,0.469,2026-03-17T15:46:17.025819,0.5597628777997646,2026-03-17T15:46:17.985000,89,,,
participant_23,4,day,Town10HD_Opt,2026-03-17 15:46:18.992648,103.97560119628906,-39.93423080444336,0.0019952391739934,46.061,-6.26,0.54,0.0,0,0,1,,1.0,2026-03-17T15:46:18.992648,neutral,0.469,2026-03-17T15:46:17.025819,0.6485239467924158,2026-03-17T15:46:18.976000,88,,,
participant_23,4,day,Town10HD_Opt,2026-03-17 15:46:20.095794,98.50959014892578,-49.34837341308594,0.0020112991333007,47.446,-4.771,0.487,0.0,0,0,1,,0.843,2026-03-17T15:46:20.095794,happy,0.611,2026-03-17T15:46:20.095794,0.6797353483811911,2026-03-17T15:46:20.011000,88,,,
participant_23,4,day,Town10HD_Opt,2026-03-17 15:46:21.243979,90.69395446777344,-56.97236633300781,0.0020898818038403,45.97,-4.806,0.431,0.0,0,0,1,,1.0,2026-03-17T15:46:21.243979,happy,0.611,2026-03-17T15:46:20.095794,0.6570144698300555,2026-03-17T15:46:21.001000,93,,,
participant_23,4,day,Town10HD_Opt,2026-03-17 15:46:22.109590,83.972412109375,-61.18313980102539,0.0020855711773037,44.726,-4.737,0.431,0.0,0,0,1,,1.0,2026-03-17T15:46:22.109590,neutral,0.646,2026-03-17T15:46:22.109590,0.7316461126813424,2026-03-17T15:46:21.991000,92,,,
participant_23,4,day,Town10HD_Opt,2026-03-17 15:46:22.991990,76.79521179199219,-64.057861328125,0.0020793152507394,43.687,-4.737,0.431,0.0,0,0,1,,1.0,2026-03-17T15:46:22.991990,neutral,0.646,2026-03-17T15:46:22.109590,0.721985284284525,2026-03-17T15:46:22.981000,90,,,
participant_23,4,day,Town10HD_Opt,2026-03-17 15:46:24.192269,66.91394805908203,-65.90034484863281,0.0020690916571766,42.621,-2.586,0.431,0.0,0,0,1,,1.0,2026-03-17T15:46:24.192269,neutral,0.712,2026-03-17T15:46:24.192269,0.7630050657291441,2026-03-17T15:46:23.971000,90,,,
participant_23,4,day,Town10HD_Opt,2026-03-17 15:46:25.102128,59.52187728881836,-66.3958740234375,0.0020619200076907,42.053,-0.399,0.431,0.0,0,0,1,,0.825,2026-03-17T15:46:25.102128,neutral,0.712,2026-03-17T15:46:24.192269,0.8713763059284904,2026-03-17T15:46:25.053000,88,,,
participant_23,4,day,Town10HD_Opt,2026-03-17 15:46:26.000340,52.21793746948242,-66.71318054199219,0.0020586776081472,41.511,-0.364,0.431,0.0,0,0,1,,1.0,2026-03-17T15:46:26.000340,neutral,0.712,2026-03-17T15:46:24.192269,0.8454265005032203,2026-03-17T15:46:25.996000,88,,,
participant_23,4,day,Town10HD_Opt,2026-03-17 15:46:27.222320,42.60099029541016,-66.99016571044922,0.0020555113442242,40.948,-0.322,0.431,0.0,0,0,1,,1.0,2026-03-17T15:46:27.222320,neutral,0.533,2026-03-17T15:46:27.222320,0.8748051493657463,2026-03-17T15:46:27.031000,87,,,
participant_23,4,day,Town10HD_Opt,2026-03-17 15:46:28.123408,35.47079849243164,-67.1416015625,0.0020690155215561,40.185,-0.27,0.155,0.0,0,0,1,,1.0,2026-03-17T15:46:28.123408,neutral,0.533,2026-03-17T15:46:27.222320,0.9867514012987554,2026-03-17T15:46:27.976000,86,,,
participant_23,4,day,Town10HD_Opt,2026-03-17 15:46:29.065944,28.994571685791016,-67.22537231445312,0.0023086927831172,32.453,-0.214,0.0,0.0,0,0,1,,1.0,2026-03-17T15:46:29.065944,neutral,0.533,2026-03-17T15:46:27.222320,0.99,2026-03-17T15:46:29.195000,85,,,
participant_23,4,day,Town10HD_Opt,2026-03-17 15:46:29.999296,23.940570831298828,-67.26712036132812,0.0022826385684311,24.898,-0.169,0.068,0.0,0,0,1,,1.0,2026-03-17T15:46:29.999296,neutral,0.888,2026-03-17T15:46:29.999296,0.99,2026-03-17T15:46:30.002000,85,,,
participant_23,4,day,Town10HD_Opt,2026-03-17 15:46:31.170003,18.65747833251953,-67.30839538574219,0.0020498656667768,22.134,-0.012,0.443,0.0,0,0,1,,1.0,2026-03-17T15:46:31.170003,neutral,0.888,2026-03-17T15:46:29.999296,0.99,2026-03-17T15:46:31.082000,84,,,
participant_23,4,day,Town10HD_Opt,2026-03-17 15:46:32.052094,14.628660202026367,-67.3423080444336,0.001975402701646,24.209,0.129,0.428,0.0,0,0,1,,1.0,2026-03-17T15:46:32.052094,happy,0.716,2026-03-17T15:46:32.052094,0.99,2026-03-17T15:46:32.026000,83,,,
participant_23,4,day,Town10HD_Opt,2026-03-17 15:46:33.250951,8.7315092086792,-67.39214324951172,0.0019927597604691,26.344,-0.094,0.413,0.0,0,0,1,,1.0,2026-03-17T15:46:33.250951,happy,0.716,2026-03-17T15:46:32.052094,0.99,2026-03-17T15:46:33.152000,84,,,
participant_23,4,day,Town10HD_Opt,2026-03-17 15:46:34.150324,4.059850215911865,-67.42903900146484,0.0020759201142936,26.155,-0.625,0.197,0.0,0,0,1,,1.0,2026-03-17T15:46:34.150324,neutral,0.834,2026-03-17T15:46:34.150324,0.99,2026-03-17T15:46:34.051000,84,,,
participant_23,4,day,Town10HD_Opt,2026-03-17 15:46:35.082957,-0.2581645250320434,-67.255126953125,0.0021454237867146,23.043,-5.919,0.197,0.0,0,0,1,,1.0,2026-03-17T15:46:35.082957,neutral,0.834,2026-03-17T15:46:34.150324,0.99,2026-03-17T15:46:34.996000,81,,,
participant_23,4,day,Town10HD_Opt,2026-03-17 15:46:35.997846,-4.024170875549316,-66.69438171386719,0.0021191786509007,20.601,-2.174,0.357,0.0,0,0,1,,1.0,2026-03-17T15:46:35.997846,neutral,0.834,2026-03-17T15:46:34.150324,0.99,2026-03-17T15:46:35.986000,84,,,
participant_23,4,day,Town10HD_Opt,2026-03-17 15:46:37.184708,-8.880492210388184,-65.74553680419922,0.0019813918042927,22.523,0.369,0.414,0.0,0,0,1,,1.0,2026-03-17T15:46:37.184708,neutral,0.713,2026-03-17T15:46:37.184708,0.99,2026-03-17T15:46:37.066000,82,,,
participant_23,4,day,Town10HD_Opt,2026-03-17 15:46:38.098458,-12.84092617034912,-65.04438018798828,0.0020832824520766,22.261,2.56,0.0,0.0,0,0,1,,1.0,2026-03-17T15:46:38.098458,neutral,0.713,2026-03-17T15:46:37.184708,0.99,2026-03-17T15:46:38.056000,82,,,
participant_23,4,day,Town10HD_Opt,2026-03-17 15:46:39.231013,-17.241540908813477,-64.58321380615234,0.0020032119937241,15.738,4.674,0.0,0.0,0,0,1,,1.0,2026-03-17T15:46:39.231013,neutral,0.598,2026-03-17T15:46:39.231013,0.99,2026-03-17T15:46:39.048000,84,,,
participant_23,4,day,Town10HD_Opt,2026-03-17 15:46:40.167351,-19.6671199798584,-64.51294708251953,0.0020535660441964,11.834,2.925,0.0,0.072,0,0,1,,1.0,2026-03-17T15:46:40.167351,neutral,0.598,2026-03-17T15:46:39.231013,0.99,2026-03-17T15:46:39.991000,84,,,
participant_23,4,day,Town10HD_Opt,2026-03-17 15:46:41.000515,-21.437334060668945,-64.51683807373047,0.0020207976922392,8.429,2.781,0.0,0.04,0,0,1,,1.0,2026-03-17T15:46:41.000515,neutral,0.598,2026-03-17T15:46:39.231013,0.99,2026-03-17T15:46:40.982000,83,,,
participant_23,4,day,Town10HD_Opt,2026-03-17 15:46:42.172204,-23.02646827697754,-64.56175994873047,0.0019839857704937,6.022,2.355,0.98,0.0,0,0,1,,1.0,2026-03-17T15:46:42.172204,neutral,0.723,2026-03-17T15:46:42.172204,0.99,2026-03-17T15:46:42.016000,84,,,
participant_23,4,day,Town10HD_Opt,2026-03-17 15:46:43.149523,-25.109888076782227,-64.59992218017578,0.0016291808569803,20.054,-0.501,1.0,0.0,0,0,1,,0.909,2026-03-17T15:46:43.149523,neutral,0.723,2026-03-17T15:46:42.172204,0.99,2026-03-17T15:46:43.007000,83,,,
participant_23,4,day,Town10HD_Opt,2026-03-17 15:46:44.061104,-29.72115707397461,-64.6872787475586,0.0014977264218032,35.336,0.667,1.0,0.0,0,0,1,,0.829,2026-03-17T15:46:44.061104,neutral,0.723,2026-03-17T15:46:42.172204,0.99,2026-03-17T15:46:44.044000,85,,,
participant_23,4,day,Town10HD_Opt,2026-03-17 15:46:44.990643,-37.0732536315918,-64.93587493896484,0.0015565489884465,50.04,0.216,1.0,0.0,0,0,1,,0.835,2026-03-17T15:46:44.990643,sad,0.453,2026-03-17T15:46:44.990643,0.99,2026-03-17T15:46:44.987000,83,,,
participant_23,4,day,Town10HD_Opt,2026-03-17 15:46:46.183823,-48.87782287597656,-65.41736602783203,0.0018836974631994,51.756,-0.134,0.0,0.176,0,0,1,,1.0,2026-03-17T15:46:46.183823,sad,0.453,2026-03-17T15:46:44.990643,0.99,2026-03-17T15:46:46.021000,85,,,
participant_23,4,day,Town10HD_Opt,2026-03-17 15:46:47.167535,-57.5682373046875,-65.70463562011719,0.0019596479833126,50.692,-1.593,0.0,0.0,0,0,1,,1.0,2026-03-17T15:46:47.167535,neutral,0.706,2026-03-17T15:46:47.167535,0.99,2026-03-17T15:46:47.012000,85,,,
participant_23,4,day,Town10HD_Opt,2026-03-17 15:46:48.135611,-66.1678695678711,-65.56461334228516,0.0021569442469626,47.009,-1.655,0.419,0.0,0,0,1,,1.0,2026-03-17T15:46:48.135611,neutral,0.706,2026-03-17T15:46:47.167535,0.99,2026-03-17T15:46:48.002000,86,,,
participant_23,4,day,Town10HD_Opt,2026-03-17 15:46:49.010523,-74.2273941040039,-64.86952209472656,0.002096366835758,45.454,-3.139,0.419,0.0,0,0,1,,1.0,2026-03-17T15:46:49.010523,neutral,0.706,2026-03-17T15:46:47.167535,0.99,2026-03-17T15:46:49.036000,88,,,
participant_23,4,day,Town10HD_Opt,2026-03-17 15:46:50.196805,-84.30960845947266,-62.48808288574219,0.0020854950416833,43.612,-4.884,0.449,0.0,0,0,1,,1.0,2026-03-17T15:46:50.196805,neutral,0.792,2026-03-17T15:46:50.196805,0.99,2026-03-17T15:46:49.981000,88,,,
participant_23,4,day,Town10HD_Opt,2026-03-17 15:46:51.101824,-91.21793365478516,-59.2502555847168,0.0020138930995017,44.211,-5.096,0.53,0.0,0,0,1,,1.0,2026-03-17T15:46:51.101824,neutral,0.792,2026-03-17T15:46:50.196805,0.99,2026-03-17T15:46:51.016000,87,,,
participant_23,4,day,Town10HD_Opt,2026-03-17 15:46:51.997152,-97.5667495727539,-54.66029739379883,0.0020015717018395,45.602,-5.03,0.53,0.0,0,0,1,,1.0,2026-03-17T15:46:51.997152,neutral,0.792,2026-03-17T15:46:50.196805,0.99,2026-03-17T15:46:52.008000,87,,,
participant_23,4,day,Town10HD_Opt,2026-03-17 15:46:53.236528,-104.69720458984376,-46.59746170043945,0.0020869064610451,45.37,-5.929,0.0,0.0,0,0,1,,1.0,2026-03-17T15:46:53.236528,neutral,0.793,2026-03-17T15:46:53.236528,0.99,2026-03-17T15:46:52.996000,86,,,
participant_23,4,day,Town10HD_Opt,2026-03-17 15:46:54.120939,-108.04415130615234,-40.31486511230469,0.0023667907807976,35.318,-6.298,0.0,0.0,0,0,1,,1.0,2026-03-17T15:46:54.120939,neutral,0.793,2026-03-17T15:46:53.236528,0.99,2026-03-17T15:46:53.987000,85,,,
participant_23,4,day,Town10HD_Opt,2026-03-17 15:46:55.087068,-109.63127899169922,-35.0424919128418,0.0023063658736646,27.579,-5.224,0.0,0.0,0,0,1,,1.0,2026-03-17T15:46:55.087068,neutral,0.793,2026-03-17T15:46:53.236528,0.99,2026-03-17T15:46:55.024000,85,,,
participant_23,4,day,Town10HD_Opt,2026-03-17 15:46:55.988810,-110.2921371459961,-30.86279487609864,0.0022108841221779,21.559,-4.584,0.42,0.0,0,0,1,,1.0,2026-03-17T15:46:55.988810,neutral,0.792,2026-03-17T15:46:55.988810,0.9671509990386896,2026-03-17T15:46:56.011000,87,,,
participant_23,4,day,Town10HD_Opt,2026-03-17 15:46:57.054310,-110.6425552368164,-26.91053581237793,0.0018952559912577,25.276,0.663,0.604,0.0,0,0,1,,0.897,2026-03-17T15:46:57.054310,neutral,0.792,2026-03-17T15:46:55.988810,0.9785743470984826,2026-03-17T15:46:57.002000,87,,,
participant_23,4,day,Town10HD_Opt,2026-03-17 15:46:58.268585,-111.39336395263672,-20.2265567779541,0.0018707275157794,32.654,0.515,0.314,0.0,0,0,1,,1.0,2026-03-17T15:46:58.268585,neutral,0.687,2026-03-17T15:46:58.268585,0.921183050512294,2026-03-17T15:46:57.991000,87,,,
participant_23,4,day,Town10HD_Opt,2026-03-17 15:46:59.233410,-111.66902160644533,-14.811190605163574,0.0022841261234134,27.217,-15.985,0.0,0.0,0,0,1,,0.887,2026-03-17T15:46:59.233410,neutral,0.687,2026-03-17T15:46:58.268585,0.8741275300057643,2026-03-17T15:46:58.982000,89,,,
participant_23,4,day,Town10HD_Opt,2026-03-17 15:47:00.243826,-110.90172576904295,-10.423407554626465,0.0021422195713967,23.901,5.302,0.224,0.109,0,0,1,,1.0,2026-03-17T15:47:00.243826,neutral,0.687,2026-03-17T15:46:58.268585,0.99,2026-03-17T15:47:00.107000,90,,,
participant_23,4,day,Town10HD_Opt,2026-03-17 15:47:01.173782,-110.59247589111328,-6.570001602172852,0.002200546208769,19.504,4.457,0.215,0.436,0,0,1,,1.0,2026-03-17T15:47:01.173782,neutral,0.531,2026-03-17T15:47:01.173782,0.8572013984264949,2026-03-17T15:47:01.096000,89,,,
participant_23,4,day,Town10HD_Opt,2026-03-17 15:47:02.056115,-110.6002197265625,-3.447723627090454,0.0019872284028679,16.141,3.721,0.215,0.409,0,0,1,,1.0,2026-03-17T15:47:02.056115,neutral,0.531,2026-03-17T15:47:01.173782,0.9675221392710984,2026-03-17T15:47:01.996000,90,,,
participant_23,4,day,Town10HD_Opt,2026-03-17 15:47:03.228791,-110.80313110351562,0.1477814018726349,0.0018113708356395,20.065,-1.751,1.0,0.0,0,0,1,,0.905,2026-03-17T15:47:03.228791,neutral,0.443,2026-03-17T15:47:03.228791,0.8516723381027633,2026-03-17T15:47:02.986000,87,,,
participant_23,4,day,Town10HD_Opt,2026-03-17 15:47:04.175956,-110.7758560180664,4.697911739349365,0.0015129089588299,34.832,-4.093,0.931,0.0,0,0,1,,0.868,2026-03-17T15:47:04.175956,neutral,0.443,2026-03-17T15:47:03.228791,0.9125011215741852,2026-03-17T15:47:04.066000,89,,,
participant_23,4,day,Town10HD_Opt,2026-03-17 15:47:05.119019,-109.78285217285156,11.592717170715332,0.0018352889455854,43.157,-10.413,0.376,0.0,0,0,1,,0.827,2026-03-17T15:47:05.119019,neutral,0.443,2026-03-17T15:47:03.228791,0.8995734395184565,2026-03-17T15:47:05.012000,86,,,
participant_23,4,day,Town10HD_Opt,2026-03-17 15:47:06.056193,-106.60021209716795,18.12408828735352,0.0021858976688236,39.557,-10.742,0.273,0.0,0,0,1,,1.0,2026-03-17T15:47:06.056193,happy,0.642,2026-03-17T15:47:06.056193,0.8907936530337683,2026-03-17T15:47:06.001000,86,,,
participant_23,4,day,Town10HD_Opt,2026-03-17 15:47:07.061153,-101.81681060791016,22.59566307067871,0.0021986770443618,35.311,-10.415,0.254,0.0,0,0,1,,1.0,2026-03-17T15:47:07.061153,happy,0.642,2026-03-17T15:47:06.056193,0.8456248765349491,2026-03-17T15:47:06.992000,88,,,
participant_23,4,day,Town10HD_Opt,2026-03-17 15:47:08.034925,-96.19890594482422,25.25442314147949,0.0017620086437091,40.439,-5.957,1.0,0.0,0,0,1,,1.0,2026-03-17T15:47:08.034925,happy,0.642,2026-03-17T15:47:06.056193,0.8464581078249548,2026-03-17T15:47:07.981000,87,,,
participant_23,4,day,Town10HD_Opt,2026-03-17 15:47:09.016695,-88.47151947021484,27.224733352661133,0.0020133589860051,46.199,-4.681,0.0,0.0,0,0,1,,0.842,2026-03-17T15:47:09.016695,neutral,0.492,2026-03-17T15:47:09.016695,0.8217909870590756,2026-03-17T15:47:09.016000,87,,,
participant_23,4,day,Town10HD_Opt,2026-03-17 15:47:10.000735,-80.56722259521484,27.87969207763672,0.0017579650739207,50.002,-2.21,1.0,0.0,0,0,1,,0.925,2026-03-17T15:47:10.000735,neutral,0.492,2026-03-17T15:47:09.016695,0.8523222289576845,2026-03-17T15:47:10.051000,88,,,
participant_23,4,day,Town10HD_Opt,2026-03-17 15:47:10.991607,-71.7540512084961,27.776302337646484,0.0021915435791015,48.412,-0.707,1.0,0.0,0,0,1,,0.928,2026-03-17T15:47:10.991607,neutral,0.492,2026-03-17T15:47:09.016695,0.9379663419900368,2026-03-17T15:47:10.997000,88,,,
participant_23,4,day,Town10HD_Opt,2026-03-17 15:47:12.013345,-62.9700813293457,27.437612533569336,0.0021835325751453,48.913,0.689,1.0,0.0,0,0,1,,1.0,2026-03-17T15:47:12.013345,neutral,0.536,2026-03-17T15:47:12.013345,0.8666071840058241,2026-03-17T15:47:11.987000,88,,,
participant_23,4,day,Town10HD_Opt,2026-03-17 15:47:13.223857,-51.26692581176758,27.246564865112305,0.001975402701646,51.0,0.583,0.0,0.0,0,0,1,,0.955,2026-03-17T15:47:13.223857,neutral,0.536,2026-03-17T15:47:12.013345,0.8480135132320177,2026-03-17T15:47:13.022000,89,,,
participant_23,4,day,Town10HD_Opt,2026-03-17 15:47:14.169137,-42.58665084838867,27.34799766540528,0.0020761108025908,48.719,-0.327,0.457,0.0,0,0,1,,0.841,2026-03-17T15:47:14.169137,neutral,0.627,2026-03-17T15:47:14.169137,0.937255813253576,2026-03-17T15:47:14.012000,90,,,
participant_23,4,day,Town10HD_Opt,2026-03-17 15:47:15.133643,-34.13396072387695,27.453582763671875,0.002105216961354,47.252,0.839,0.384,0.0,0,0,1,,0.88,2026-03-17T15:47:15.133643,neutral,0.627,2026-03-17T15:47:14.169137,0.8878012979425807,2026-03-17T15:47:15.048000,89,,,
participant_23,4,day,Town10HD_Opt,2026-03-17 15:47:16.097252,-26.063610076904297,27.616872787475582,0.002120513934642,44.792,-0.566,0.279,0.0,0,0,1,,0.849,2026-03-17T15:47:16.097252,neutral,0.627,2026-03-17T15:47:14.169137,0.837316195831174,2026-03-17T15:47:16.037000,90,,,
participant_23,4,day,Town10HD_Opt,2026-03-17 15:47:17.048672,-18.79457092285156,27.666202545166016,0.0023403167724609,36.452,-0.183,0.0,0.0,0,0,1,,1.0,2026-03-17T15:47:17.048672,neutral,0.671,2026-03-17T15:47:17.048672,0.8767327828641666,2026-03-17T15:47:16.982000,91,Solid line crossing,Solid line crossing,
participant_23,4,day,Town10HD_Opt,2026-03-17 15:47:18.072744,-13.085142135620115,27.66760635375977,0.0021779632661491,28.665,0.19,0.238,0.0,0,0,1,,1.0,2026-03-17T15:47:18.072744,neutral,0.671,2026-03-17T15:47:17.048672,0.8466858071298047,2026-03-17T15:47:18.016000,90,,,
participant_23,4,day,Town10HD_Opt,2026-03-17 15:47:19.259716,-6.478969573974609,27.680395126342773,0.0019178390502929,30.505,0.042,0.588,0.0,0,0,1,,1.0,2026-03-17T15:47:19.259716,neutral,0.508,2026-03-17T15:47:19.259716,0.899892430066152,2026-03-17T15:47:19.006000,92,,,
participant_23,4,day,Town10HD_Opt,2026-03-17 15:47:20.138401,-0.7782049179077148,27.70365333557129,0.0019062041537836,34.878,0.012,0.555,0.0,0,0,1,,1.0,2026-03-17T15:47:20.138401,neutral,0.508,2026-03-17T15:47:19.259716,0.8935883486975817,2026-03-17T15:47:19.997000,94,,,
participant_23,4,day,Town10HD_Opt,2026-03-17 15:47:21.098756,5.59698486328125,27.73415946960449,0.0019371032249182,38.191,0.181,0.543,0.0,0,0,1,,0.821,2026-03-17T15:47:21.098756,neutral,0.508,2026-03-17T15:47:19.259716,0.8710860555426078,2026-03-17T15:47:20.987000,94,,,
participant_23,4,day,Town10HD_Opt,2026-03-17 15:47:22.027102,12.498046875,27.793371200561523,0.0019552230369299,40.893,0.101,0.538,0.0,0,0,1,,1.0,2026-03-17T15:47:22.027102,neutral,0.651,2026-03-17T15:47:22.027102,0.8025173413198345,2026-03-17T15:47:22.022000,95,,,
participant_23,4,day,Town10HD_Opt,2026-03-17 15:47:23.276956,21.8773136138916,27.969804763793945,0.0021916578989475,37.574,2.466,0.201,0.0,0,0,1,,1.0,2026-03-17T15:47:23.276956,neutral,0.651,2026-03-17T15:47:22.027102,0.8003285814458466,2026-03-17T15:47:23.012000,94,,,
participant_23,4,day,Town10HD_Opt,2026-03-17 15:47:24.218888,27.9384708404541,28.57779693603516,0.0022632980253547,31.185,4.634,0.0,0.0,0,0,1,,1.0,2026-03-17T15:47:24.218888,neutral,0.466,2026-03-17T15:47:24.218888,0.7979716821653563,2026-03-17T15:47:24.001000,91,,,
participant_23,4,day,Town10HD_Opt,2026-03-17 15:47:25.126669,32.63433837890625,29.73265647888184,0.0022943876683712,24.051,13.01,0.0,0.0,0,0,1,,1.0,2026-03-17T15:47:25.126669,neutral,0.466,2026-03-17T15:47:24.218888,0.7525893674592423,2026-03-17T15:47:24.994000,92,,,
participant_23,4,day,Town10HD_Opt,2026-03-17 15:47:26.015492,35.771690368652344,31.60273551940918,0.0021781157702207,19.393,18.415,0.532,0.0,0,0,1,,1.0,2026-03-17T15:47:26.015492,neutral,0.466,2026-03-17T15:47:24.218888,0.778776114997339,2026-03-17T15:47:25.982000,90,,,
participant_23,4,day,Town10HD_Opt,2026-03-17 15:47:27.151744,38.81652069091797,35.60360336303711,0.0019213104387745,24.939,15.788,0.543,0.0,0,0,1,,1.0,2026-03-17T15:47:27.151744,neutral,0.589,2026-03-17T15:47:27.151744,0.7807685868835159,2026-03-17T15:47:27.062000,90,,,
participant_23,4,day,Town10HD_Opt,2026-03-17 15:47:28.011733,40.12249755859375,40.01750564575195,0.0020498274825513,26.659,13.594,0.0,0.0,0,0,1,,1.0,2026-03-17T15:47:28.011733,neutral,0.589,2026-03-17T15:47:27.151744,0.7045271080357474,2026-03-17T15:47:28.006000,90,,,
participant_23,4,day,Town10HD_Opt,2026-03-17 15:47:29.167906,40.253562927246094,45.3426513671875,0.0022449875250458,18.397,-0.964,0.0,0.293,0,0,1,,0.858,2026-03-17T15:47:29.167906,neutral,0.632,2026-03-17T15:47:29.167906,0.6636595146580684,2026-03-17T15:47:28.997000,89,,,
participant_23,4,day,Town10HD_Opt,2026-03-17 15:47:30.032150,40.26865005493164,48.070892333984375,0.0020922468975186,12.502,0.162,0.0,0.229,0,0,1,,0.892,2026-03-17T15:47:30.032150,neutral,0.632,2026-03-17T15:47:29.167906,0.6042656508245257,2026-03-17T15:47:29.987000,88,,,
participant_23,4,day,Town10HD_Opt,2026-03-17 15:47:31.123317,40.28854370117188,50.377723693847656,0.0020207976922392,7.47,-1.361,0.0,0.128,0,0,1,,0.852,2026-03-17T15:47:31.123317,neutral,0.632,2026-03-17T15:47:29.167906,0.7278589696546489,2026-03-17T15:47:31.066000,88,,,
participant_23,4,day,Town10HD_Opt,2026-03-17 15:47:32.192778,40.30631637573242,51.17390823364258,0.0020165252499282,0.083,-1.081,0.0,0.0,0,0,1,,0.878,2026-03-17T15:47:32.192778,neutral,0.615,2026-03-17T15:47:32.192778,0.6943942385981942,2026-03-17T15:47:32.011000,89,,,
participant_23,4,day,Town10HD_Opt,2026-03-17 15:47:33.094367,40.30828094482422,51.25544738769531,0.001806907588616,2.359,-0.808,0.404,0.0,0,0,1,,0.862,2026-03-17T15:47:33.094367,neutral,0.615,2026-03-17T15:47:32.192778,0.7158265762014666,2026-03-17T15:47:33.001000,88,,,
participant_23,4,day,Town10HD_Opt,2026-03-17 15:47:34.206817,40.33203887939453,52.21770858764648,0.0023102951236069,0.0,-0.754,0.0,0.132,0,0,1,,0.925,2026-03-17T15:47:34.206817,sad,0.483,2026-03-17T15:47:34.206817,0.7104539984355587,2026-03-17T15:47:33.992000,89,,,
participant_23,4,day,Town10HD_Opt,2026-03-17 15:47:35.080436,40.33207702636719,52.21883010864258,0.0019310760544613,0.182,-0.754,0.129,0.0,0,0,1,,0.939,2026-03-17T15:47:35.080436,sad,0.483,2026-03-17T15:47:34.206817,0.6373532448696491,2026-03-17T15:47:34.981000,91,,,
participant_23,4,day,Town10HD_Opt,2026-03-17 15:47:36.016054,40.343780517578125,52.6557846069336,0.0015169143443927,8.357,-0.322,0.946,0.0,0,0,1,,0.863,2026-03-17T15:47:36.016054,sad,0.483,2026-03-17T15:47:34.206817,0.6757361565069849,2026-03-17T15:47:36.016000,90,,,
participant_23,4,day,Town10HD_Opt,2026-03-17 15:47:37.160339,40.470157623291016,56.69929885864258,0.0017662810860201,24.275,-3.12,0.627,0.0,0,0,1,,1.0,2026-03-17T15:47:37.160339,neutral,0.835,2026-03-17T15:47:37.160339,0.6084230702844928,2026-03-17T15:47:37.007000,89,,,
participant_23,4,day,Town10HD_Opt,2026-03-17 15:47:38.083251,41.228607177734375,61.35874557495117,0.0018880843417719,29.802,-12.721,0.57,0.0,0,0,1,,0.897,2026-03-17T15:47:38.083251,neutral,0.835,2026-03-17T15:47:37.160339,0.5532065996530335,2026-03-17T15:47:37.997000,88,,,
participant_23,4,day,Town10HD_Opt,2026-03-17 15:47:39.213083,45.08941650390625,67.68476104736328,0.0020148085895925,33.671,-18.071,0.278,0.0,0,0,1,,0.904,2026-03-17T15:47:39.213083,neutral,0.706,2026-03-17T15:47:39.213083,0.6506498261158095,2026-03-17T15:47:38.988000,87,,,
participant_23,4,day,Town10HD_Opt,2026-03-17 15:47:40.110153,49.9893684387207,70.3018569946289,0.0022040174808353,30.342,-17.876,0.243,0.0,0,0,1,,0.853,2026-03-17T15:47:40.110153,neutral,0.706,2026-03-17T15:47:39.213083,0.612031757854888,2026-03-17T15:47:40.023000,89,,,
participant_23,4,day,Town10HD_Opt,2026-03-17 15:47:41.255154,56.50627899169922,70.55433654785156,0.0022069548722356,24.905,-4.214,0.0,0.0,0,0,1,,0.806,2026-03-17T15:47:41.255154,neutral,0.381,2026-03-17T15:47:41.255154,0.7109153756166631,2026-03-17T15:47:41.011000,90,,,
participant_23,4,day,Town10HD_Opt,2026-03-17 15:47:42.153250,60.39643478393555,70.1548843383789,0.0021558380685746,20.443,1.074,0.337,0.0,0,0,1,,1.0,2026-03-17T15:47:42.153250,neutral,0.381,2026-03-17T15:47:41.255154,0.6272238165344574,2026-03-17T15:47:42.002000,89,,,
participant_23,4,day,Town10HD_Opt,2026-03-17 15:47:43.064914,64.00030517578125,69.84326171875,0.0020000839140266,21.427,1.248,0.439,0.0,0,0,1,,1.0,2026-03-17T15:47:43.064914,neutral,0.381,2026-03-17T15:47:41.255154,0.7018074034910224,2026-03-17T15:47:42.993000,91,,,
participant_23,4,day,Town10HD_Opt,2026-03-17 15:47:44.204610,70.30221557617188,69.50537872314453,0.001580161973834,36.55,1.542,0.885,0.0,0,0,1,,1.0,2026-03-17T15:47:44.204610,sad,0.509,2026-03-17T15:47:44.204610,0.6068577985017956,2026-03-17T15:47:43.982000,89,,,
participant_23,4,day,Town10HD_Opt,2026-03-17 15:47:45.115063,77.6053237915039,69.45108032226562,0.0017130660125985,46.95,0.818,0.436,0.0,0,0,1,,1.0,2026-03-17T15:47:45.115063,sad,0.509,2026-03-17T15:47:44.204610,0.6191220539130269,2026-03-17T15:47:45.018000,88,,,
participant_23,4,day,Town10HD_Opt,2026-03-17 15:47:46.043300,85.35804748535156,69.67096710205078,0.002335853409022,39.106,2.092,0.0,0.0,0,0,1,,0.916,2026-03-17T15:47:46.043300,sad,0.509,2026-03-17T15:47:44.204610,0.6248069672912568,2026-03-17T15:47:46.007000,88,,,
participant_23,4,day,Town10HD_Opt,2026-03-17 15:47:47.164981,92.80626678466795,71.42674255371094,0.0022969054989516,28.313,21.202,0.519,0.0,0,0,1,,1.0,2026-03-17T15:47:47.164981,neutral,0.434,2026-03-17T15:47:47.164981,0.6951650434571615,2026-03-17T15:47:46.997000,88,,,
participant_23,4,day,Town10HD_Opt,2026-03-17 15:47:48.071967,96.57733154296876,75.35902404785156,0.0017429351573809,37.898,16.243,0.872,0.0,0,0,1,,1.0,2026-03-17T15:47:48.071967,neutral,0.434,2026-03-17T15:47:47.164981,0.6460611880859083,2026-03-17T15:47:47.987000,87,,,
participant_23,4,day,Town10HD_Opt,2026-03-17 15:47:48.995433,98.75350189208984,82.27082824707031,0.0017476272769272,47.13,11.677,0.814,0.0,0,0,1,,0.826,2026-03-17T15:47:48.995433,neutral,0.434,2026-03-17T15:47:47.164981,0.685684130317278,2026-03-17T15:47:49.022000,89,,,errors=Solid line crossing
participant_23,4,day,Town10HD_Opt,2026-03-17 15:47:50.189516,98.01968383789062,93.68109893798828,0.0023050690069794,44.36,-2.05,0.0,0.0,0,0,1,,0.958,2026-03-17T15:47:50.189516,neutral,0.365,2026-03-17T15:47:50.189516,0.7063564348194554,2026-03-17T15:47:50.102000,90,,,
participant_23,4,day,Town10HD_Opt,2026-03-17 15:47:51.098062,97.5302505493164,100.59431457519533,0.0023567199241369,34.304,5.021,0.0,0.0,0,0,1,,1.0,2026-03-17T15:47:51.098062,neutral,0.365,2026-03-17T15:47:50.189516,0.7721925923151038,2026-03-17T15:47:51,90,,,
participant_23,4,day,Town10HD_Opt,2026-03-17 15:47:52.280493,95.8901138305664,107.53775024414062,0.0020384597592055,30.27,5.571,0.808,0.0,0,0,1,,1.0,2026-03-17T15:47:52.280493,sad,0.46,2026-03-17T15:47:52.280493,0.6808744088664658,2026-03-17T15:47:51.992000,91,,,
participant_23,4,day,Town10HD_Opt,2026-03-17 15:47:53.129305,93.36761474609376,112.95417785644533,0.0017789459088817,38.813,5.543,0.714,0.0,0,0,1,,1.0,2026-03-17T15:47:53.129305,sad,0.46,2026-03-17T15:47:52.280493,0.7112956602709615,2026-03-17T15:47:52.982000,90,,,
participant_23,4,day,Town10HD_Opt,2026-03-17 15:47:54.040788,89.24372100830078,118.9628677368164,0.0018899536225944,44.086,4.277,0.301,0.0,0,0,1,,1.0,2026-03-17T15:47:54.040788,sad,0.46,2026-03-17T15:47:52.280493,0.6739687832797904,2026-03-17T15:47:54.017000,90,,,
participant_23,4,day,Town10HD_Opt,2026-03-17 15:47:55.202735,82.36845397949219,125.8509750366211,0.0021952055394649,38.532,5.297,0.248,0.0,0,0,1,,1.0,2026-03-17T15:47:55.202735,sad,0.344,2026-03-17T15:47:55.202735,0.6629191867960846,2026-03-17T15:47:55.007000,92,,,
participant_23,4,day,Town10HD_Opt,2026-03-17 15:47:56.151218,77.02304077148438,129.38145446777344,0.0021519470028579,35.028,6.099,0.465,0.0,0,0,1,,1.0,2026-03-17T15:47:56.151218,sad,0.344,2026-03-17T15:47:55.202735,0.6598966102457637,2026-03-17T15:47:55.997000,89,,,
participant_23,4,day,Town10HD_Opt,2026-03-17 15:47:57.065163,71.17133331298828,131.79318237304688,0.0018902205629274,39.32,6.706,0.728,0.0,0,0,1,,1.0,2026-03-17T15:47:57.065163,sad,0.344,2026-03-17T15:47:55.202735,0.6548122396487425,2026-03-17T15:47:56.987000,89,,,
participant_23,4,day,Town10HD_Opt,2026-03-17 15:47:58.259862,60.95645904541016,133.37664794921875,0.0016485976520925,52.409,2.951,0.0,0.188,0,0,1,,1.0,2026-03-17T15:47:58.259862,sad,0.389,2026-03-17T15:47:58.259862,0.6781552945992313,2026-03-17T15:47:58.022000,89,,,
participant_23,4,day,Town10HD_Opt,2026-03-17 15:47:59.189447,52.1287727355957,133.5019073486328,0.0020008469000458,50.802,1.909,0.917,0.0,0,0,1,,1.0,2026-03-17T15:47:59.189447,sad,0.389,2026-03-17T15:47:58.259862,0.7134672313900611,2026-03-17T15:47:59.012000,89,,,
participant_23,4,day,Town10HD_Opt,2026-03-17 15:48:00.090998,43.42677307128906,133.2958984375,0.0021096419077366,48.792,-1.706,0.905,0.0,0,0,1,,0.881,2026-03-17T15:48:00.090998,sad,0.389,2026-03-17T15:47:58.259862,0.7096641395822747,2026-03-17T15:48:00.002000,88,,,
participant_23,4,day,Town10HD_Opt,2026-03-17 15:48:01.041868,34.64315414428711,133.3840789794922,0.0021965026389807,48.522,-0.096,0.895,0.0,0,0,1,,0.913,2026-03-17T15:48:01.041868,sad,0.29,2026-03-17T15:48:01.041868,0.8048011535628126,2026-03-17T15:48:00.992000,87,,,
participant_23,4,day,Town10HD_Opt,2026-03-17 15:48:02.207919,23.014938354492188,133.74925231933594,0.0020614622626453,49.673,0.945,0.749,0.0,0,0,1,,0.821,2026-03-17T15:48:02.207919,sad,0.29,2026-03-17T15:48:01.041868,0.7428191853933173,2026-03-17T15:48:02.028000,88,,,
participant_23,4,day,Town10HD_Opt,2026-03-17 15:48:03.111406,14.425817489624023,133.62059020996094,0.0022717283573001,45.193,1.622,0.0,0.0,0,0,1,,1.0,2026-03-17T15:48:03.111406,neutral,0.569,2026-03-17T15:48:03.111406,0.7974546680025485,2026-03-17T15:48:03.017000,87,,,
participant_23,4,day,Town10HD_Opt,2026-03-17 15:48:03.998287,7.372734069824219,133.11373901367188,0.0023623274173587,34.998,1.255,0.05,0.0,0,0,1,,0.818,2026-03-17T15:48:03.998287,neutral,0.569,2026-03-17T15:48:03.111406,0.7737620257377416,2026-03-17T15:48:04.006000,86,,,
participant_23,4,day,Town10HD_Opt,2026-03-17 15:48:05.159393,-0.2810670137405395,132.20956420898438,0.0017702102195471,37.192,-1.737,0.997,0.0,0,0,1,,0.93,2026-03-17T15:48:05.159393,neutral,0.744,2026-03-17T15:48:05.159393,0.8353067548548706,2026-03-17T15:48:05.042000,84,,,
participant_23,4,day,Town10HD_Opt,2026-03-17 15:48:06.105885,-7.913974285125732,131.5203857421875,0.0015634155133739,51.775,-0.092,0.0,0.101,0,0,1,,0.872,2026-03-17T15:48:06.105885,neutral,0.744,2026-03-17T15:48:05.159393,0.8670118620964692,2026-03-17T15:48:06.032000,84,,,
participant_23,4,day,Town10HD_Opt,2026-03-17 15:48:06.992837,-16.708059310913086,130.8541259765625,0.0020970152691006,49.437,0.27,0.885,0.0,0,0,1,,0.811,2026-03-17T15:48:06.992837,neutral,0.744,2026-03-17T15:48:05.159393,0.8735771167639826,2026-03-17T15:48:07.022000,86,,,
participant_23,4,day,Town10HD_Opt,2026-03-17 15:48:08.165199,-27.641714096069336,129.85025024414062,0.0023787308018654,40.101,2.362,0.0,0.0,0,0,1,,1.0,2026-03-17T15:48:08.165199,sad,0.385,2026-03-17T15:48:08.165199,0.7956140659524488,2026-03-17T15:48:08.012000,86,,,
participant_23,4,day,Town10HD_Opt,2026-03-17 15:48:09.055310,-33.72298812866211,128.53741455078125,0.0023584747686982,30.645,13.234,0.113,0.0,0,0,1,,1.0,2026-03-17T15:48:09.055310,sad,0.385,2026-03-17T15:48:08.165199,0.8259081587742463,2026-03-17T15:48:09.047000,86,,,
participant_23,4,day,Town10HD_Opt,2026-03-17 15:48:10.209672,-39.28756713867188,124.43160247802734,0.0019980238284915,31.923,18.558,0.525,0.0,0,0,1,,1.0,2026-03-17T15:48:10.209672,neutral,0.755,2026-03-17T15:48:10.209672,0.7576173706526086,2026-03-17T15:48:09.992000,86,,,
participant_23,4,day,Town10HD_Opt,2026-03-17 15:48:11.148341,-41.561336517333984,119.169677734375,0.0032515716738998,35.076,12.079,0.604,0.0,0,0,1,,1.0,2026-03-17T15:48:11.148341,neutral,0.755,2026-03-17T15:48:10.209672,0.8914942633663528,2026-03-17T15:48:11.027000,84,,,
participant_23,4,day,Town10HD_Opt,2026-03-17 15:48:12.076641,-42.011512756347656,112.7171859741211,0.0019086836837232,39.197,1.415,0.56,0.0,0,0,1,,1.0,2026-03-17T15:48:12.076641,neutral,0.755,2026-03-17T15:48:10.209672,0.826838046006297,2026-03-17T15:48:12.017000,82,,,
participant_23,4,day,Town10HD_Opt,2026-03-17 15:48:13.003595,-41.99935531616211,105.84207153320312,0.0021043396554887,38.19,0.808,0.315,0.0,0,0,1,,1.0,2026-03-17T15:48:13.003595,sad,0.524,2026-03-17T15:48:13.003595,0.8460171866833205,2026-03-17T15:48:13.007000,81,,,
participant_23,4,day,Town10HD_Opt,2026-03-17 15:48:14.226676,-41.8101692199707,97.301513671875,0.0021207809913903,34.869,-1.744,0.314,0.0,0,0,1,,1.0,2026-03-17T15:48:14.226676,sad,0.524,2026-03-17T15:48:13.003595,0.8772417744392923,2026-03-17T15:48:14.044000,78,,,
participant_23,4,day,Town10HD_Opt,2026-03-17 15:48:15.171190,-41.84158706665039,91.3658218383789,0.0021089552901685,32.813,-0.411,0.323,0.0,0,0,1,,0.852,2026-03-17T15:48:15.171190,sad,0.524,2026-03-17T15:48:15.171190,0.8611286201696567,2026-03-17T15:48:15.032000,78,,,
participant_23,4,day,Town10HD_Opt,2026-03-17 15:48:16.102501,-41.89215850830078,85.69730377197266,0.0020550154149532,32.219,1.429,0.418,0.0,0,0,1,,1.0,2026-03-17T15:48:16.102501,sad,0.524,2026-03-17T15:48:15.171190,0.8483198940904735,2026-03-17T15:48:16.022000,80,Stop sign violation,stop_sign_id=1120,
participant_23,4,day,Town10HD_Opt,2026-03-17 15:48:17.065369,-41.61028671264648,80.0390396118164,0.002037925645709,32.521,7.648,0.415,0.0,0,0,1,,1.0,2026-03-17T15:48:17.065369,sad,0.524,2026-03-17T15:48:15.171190,0.8324201466818553,2026-03-17T15:48:17.059000,82,,,
participant_23,4,day,Town10HD_Opt,2026-03-17 15:48:17.989356,-39.89143753051758,74.72107696533203,0.0021266937255859,31.712,25.615,0.408,0.0,0,0,1,,1.0,2026-03-17T15:48:17.989356,neutral,0.389,2026-03-17T15:48:17.989356,0.8336610450547262,2026-03-17T15:48:18.002000,83,,,
participant_23,4,day,Town10HD_Opt,2026-03-17 15:48:19.218530,-33.97588348388672,70.9715576171875,0.0022365187760442,28.859,16.888,0.0,0.0,0,0,1,,1.0,2026-03-17T15:48:19.218530,neutral,0.389,2026-03-17T15:48:17.989356,0.8495786922575573,2026-03-17T15:48:18.993000,85,,,
participant_23,4,day,Town10HD_Opt,2026-03-17 15:48:20.115461,-29.552928924560547,70.34397888183594,0.0022299194242805,22.548,0.799,0.497,0.0,0,0,1,,1.0,2026-03-17T15:48:20.115461,sad,0.479,2026-03-17T15:48:20.115461,0.801740737206404,2026-03-17T15:48:20.027000,83,,,
participant_23,4,day,Town10HD_Opt,2026-03-17 15:48:21.173582,-25.140958786010746,69.96902465820312,0.0017428207211196,30.462,4.409,0.662,0.0,0,0,1,,1.0,2026-03-17T15:48:21.173582,sad,0.479,2026-03-17T15:48:20.115461,0.8826219618929152,2026-03-17T15:48:21.017000,83,,,
participant_23,4,day,Town10HD_Opt,2026-03-17 15:48:22.083641,-19.422748565673828,69.87803649902344,0.0019382095197215,34.458,-0.399,0.498,0.0,0,0,1,,1.0,2026-03-17T15:48:22.083641,sad,0.479,2026-03-17T15:48:20.115461,0.8110727499844048,2026-03-17T15:48:22.007000,86,,,
participant_23,4,day,Town10HD_Opt,2026-03-17 15:48:23.022497,-13.240815162658691,69.81607055664062,0.0019743728917092,36.446,1.241,0.498,0.0,0,0,1,,1.0,2026-03-17T15:48:23.022497,sad,0.527,2026-03-17T15:48:23.022497,0.914418581622046,2026-03-17T15:48:22.998000,87,,,
participant_23,4,day,Town10HD_Opt,2026-03-17 15:48:24.235613,-4.695724964141846,69.94511413574219,0.0021991347894072,34.345,-0.04,0.0,0.0,0,0,1,,0.829,2026-03-17T15:48:24.235613,sad,0.527,2026-03-17T15:48:23.022497,0.9022136665158148,2026-03-17T15:48:23.987000,88,,,
participant_23,4,day,Town10HD_Opt,2026-03-17 15:48:25.133356,0.6106892228126526,70.01608276367188,0.0022885513026267,26.126,-0.667,0.0,0.0,0,0,1,,1.0,2026-03-17T15:48:25.133356,sad,0.448,2026-03-17T15:48:25.133356,0.8425143019901706,2026-03-17T15:48:25.022000,87,,,
participant_23,4,day,Town10HD_Opt,2026-03-17 15:48:26.080573,4.714016437530518,70.02236938476562,0.0022039795294404,20.741,0.148,0.127,0.0,0,0,1,,1.0,2026-03-17T15:48:26.080573,sad,0.448,2026-03-17T15:48:25.133356,0.902609091918792,2026-03-17T15:48:26.013000,86,,,
participant_23,4,day,Town10HD_Opt,2026-03-17 15:48:27.029804,8.062074661254883,70.0318374633789,0.001939506502822,17.877,-0.334,0.16,0.0,0,0,1,,0.802,2026-03-17T15:48:27.029804,sad,0.448,2026-03-17T15:48:25.133356,0.8393258113077666,2026-03-17T15:48:27.003000,88,,,
participant_23,4,day,Town10HD_Opt,2026-03-17 15:48:28.214697,12.145256042480469,70.03662872314453,0.0019214248750358,17.373,0.301,0.234,0.0,0,0,1,,1.0,2026-03-17T15:48:28.214697,neutral,0.559,2026-03-17T15:48:28.214697,0.8310512117347554,2026-03-17T15:48:27.992000,89,,,
participant_23,4,day,Town10HD_Opt,2026-03-17 15:48:29.101068,15.154606819152832,70.05294036865234,0.0019425201462581,16.786,-0.174,0.163,0.0,0,0,1,,1.0,2026-03-17T15:48:29.101068,neutral,0.559,2026-03-17T15:48:28.214697,0.940741663098954,2026-03-17T15:48:29.027000,90,,,
participant_23,4,day,Town10HD_Opt,2026-03-17 15:48:30.269205,18.76125144958496,70.05748748779297,0.0020095824729651,13.535,-0.11,0.052,0.0,0,0,1,,1.0,2026-03-17T15:48:30.269205,sad,0.368,2026-03-17T15:48:30.269205,0.9647399967317049,2026-03-17T15:48:30.017000,91,,,
participant_23,4,day,Town10HD_Opt,2026-03-17 15:48:31.140696,20.90968894958496,70.05767059326172,0.0020149231422692,10.676,-0.009,0.0,0.0,0,0,1,,1.0,2026-03-17T15:48:31.140696,sad,0.368,2026-03-17T15:48:30.269205,0.99,2026-03-17T15:48:31.008000,91,,,
participant_23,4,day,Town10HD_Opt,2026-03-17 15:48:32.001973,22.57287979125977,70.0577163696289,0.0019973753951489,8.198,-0.009,0.0,0.0,0,0,1,,1.0,2026-03-17T15:48:32.001973,sad,0.368,2026-03-17T15:48:30.269205,0.99,2026-03-17T15:48:31.997000,91,,,
participant_23,4,day,Town10HD_Opt,2026-03-17 15:48:33.156392,24.20583152770996,70.0577392578125,0.0019742583390325,5.763,-0.009,0.0,0.0,0,0,1,,0.853,2026-03-17T15:48:33.156392,neutral,0.569,2026-03-17T15:48:33.156392,0.99,2026-03-17T15:48:32.987000,92,,,
participant_23,4,day,Town10HD_Opt,2026-03-17 15:48:34.028097,25.10353279113769,70.05775451660156,0.0019614410120993,4.424,-0.009,0.0,0.0,0,0,1,,0.825,2026-03-17T15:48:34.028097,neutral,0.569,2026-03-17T15:48:33.156392,0.99,2026-03-17T15:48:34.022000,90,,,
participant_23,4,day,Town10HD_Opt,2026-03-17 15:48:35.212583,25.45843505859375,70.05780029296875,0.0019573592580854,0.003,-0.009,0.0,0.0,0,0,1,,1.0,2026-03-17T15:48:35.212583,neutral,0.553,2026-03-17T15:48:35.212583,0.99,2026-03-17T15:48:35.013000,87,,,
participant_23,4,day,Town10HD_Opt,2026-03-17 15:48:36.080000,25.662994384765625,70.05769348144531,0.0017329406691715,4.098,-0.016,0.0,0.0,0,0,1,,1.0,2026-03-17T15:48:36.080000,neutral,0.553,2026-03-17T15:48:35.212583,0.99,2026-03-17T15:48:36.002000,88,,,
participant_23,4,day,Town10HD_Opt,2026-03-17 15:48:37.214283,25.94186210632324,70.05756378173828,0.0019424057099968,0.008,-0.016,0.094,0.0,0,0,1,,1.0,2026-03-17T15:48:37.214283,sad,0.519,2026-03-17T15:48:37.214283,0.99,2026-03-17T15:48:36.993000,89,,,
participant_23,4,day,Town10HD_Opt,2026-03-17 15:48:38.070675,26.212865829467773,70.05743408203125,0.001756896963343,4.049,-0.016,0.0,0.0,0,0,1,,1.0,2026-03-17T15:48:38.070675,sad,0.519,2026-03-17T15:48:37.214283,0.99,2026-03-17T15:48:38.029000,88,,,
participant_23,4,day,Town10HD_Opt,2026-03-17 15:48:39.182138,26.919267654418945,70.0572280883789,0.0021322250831872,0.0,-0.016,0.0,0.095,0,0,1,,1.0,2026-03-17T15:48:39.182138,sad,0.519,2026-03-17T15:48:37.214283,0.99,2026-03-17T15:48:39.108000,90,,,
participant_23,4,day,Town10HD_Opt,2026-03-17 15:48:40.029655,26.929168701171875,70.05723571777344,0.0019014739664271,0.774,-0.016,0.796,0.0,0,0,1,,1.0,2026-03-17T15:48:40.029655,sad,0.485,2026-03-17T15:48:40.029655,0.99,2026-03-17T15:48:40.097000,88,,,
participant_23,4,day,Town10HD_Opt,2026-03-17 15:48:41.196922,29.07003593444824,70.02213287353516,0.001534919720143,17.928,-4.162,0.672,0.0,0,0,1,,1.0,2026-03-17T15:48:41.196922,sad,0.485,2026-03-17T15:48:40.029655,0.99,2026-03-17T15:48:40.999000,90,,,
participant_23,4,day,Town10HD_Opt,2026-03-17 15:48:42.109567,32.500877380371094,69.6595230102539,0.0019192122854292,21.788,-10.091,0.432,0.0,0,0,1,,0.831,2026-03-17T15:48:42.109567,happy,0.695,2026-03-17T15:48:42.109567,0.9192111740175948,2026-03-17T15:48:41.988000,88,,,
participant_23,4,day,Town10HD_Opt,2026-03-17 15:48:43.017147,36.21753692626953,68.44911193847656,0.0020721436012536,22.185,-14.675,0.095,0.0,0,0,1,,0.854,2026-03-17T15:48:43.017147,happy,0.695,2026-03-17T15:48:42.109567,0.9078908703262656,2026-03-17T15:48:43.025000,86,,,
participant_23,4,day,Town10HD_Opt,2026-03-17 15:48:44.167555,39.95311737060547,65.73833465576172,0.0019067000830546,17.652,-13.455,0.091,0.0,0,0,1,,0.842,2026-03-17T15:48:44.167555,neutral,0.628,2026-03-17T15:48:44.167555,0.8136653661291358,2026-03-17T15:48:44.012000,85,,,
participant_23,4,day,Town10HD_Opt,2026-03-17 15:48:45.071064,41.74534225463867,63.464481353759766,0.0019486235687509,16.398,-13.377,0.463,0.0,0,0,1,,1.0,2026-03-17T15:48:45.071064,neutral,0.628,2026-03-17T15:48:44.167555,0.9176775571086568,2026-03-17T15:48:45.002000,83,,,
participant_23,4,day,Town10HD_Opt,2026-03-17 15:48:46.210630,43.54015350341797,59.55669403076172,0.0019548796117305,20.905,-13.38,0.495,0.0,0,0,1,,1.0,2026-03-17T15:48:46.210630,neutral,0.585,2026-03-17T15:48:46.210630,0.9251211778031184,2026-03-17T15:48:45.992000,85,,,
participant_23,4,day,Town10HD_Opt,2026-03-17 15:48:47.093661,44.21807098388672,55.875144958496094,0.0021087264176458,20.738,-9.275,0.134,0.0,0,0,1,,0.889,2026-03-17T15:48:47.093661,neutral,0.585,2026-03-17T15:48:46.210630,0.8528244775917703,2026-03-17T15:48:47.027000,87,,,
participant_23,4,day,Town10HD_Opt,2026-03-17 15:48:48.252564,44.368690490722656,51.61915588378906,0.0020118711981922,15.496,-2.941,0.0,0.0,0,0,1,,0.963,2026-03-17T15:48:48.252564,sad,0.367,2026-03-17T15:48:48.252564,0.829493163771491,2026-03-17T15:48:48.019000,87,,,
participant_23,4,day,Town10HD_Opt,2026-03-17 15:48:49.217169,44.32411575317383,49.20689392089844,0.0020324706565588,11.907,-3.193,0.11,0.0,0,0,1,,0.913,2026-03-17T15:48:49.217169,sad,0.367,2026-03-17T15:48:48.252564,0.7840517037866026,2026-03-17T15:48:49.007000,87,,,
participant_23,4,day,Town10HD_Opt,2026-03-17 15:48:50.116245,44.19343185424805,46.79586410522461,0.0017659377772361,19.333,-1.965,0.887,0.0,0,0,1,,0.872,2026-03-17T15:48:50.116245,sad,0.367,2026-03-17T15:48:48.252564,0.8165170779468756,2026-03-17T15:48:49.997000,84,,,
participant_23,4,day,Town10HD_Opt,2026-03-17 15:48:51.001472,43.9335823059082,42.7370491027832,0.0017636489355936,27.877,3.325,0.549,0.0,0,0,1,,0.826,2026-03-17T15:48:51.001472,sad,0.667,2026-03-17T15:48:51.001472,0.772003700592611,2026-03-17T15:48:50.987000,85,,,
participant_23,4,day,Town10HD_Opt,2026-03-17 15:48:52.136906,44.17945861816406,36.05927658081055,0.0020871353335678,28.097,9.452,0.216,0.0,0,0,1,,0.925,2026-03-17T15:48:52.136906,sad,0.667,2026-03-17T15:48:51.001472,0.8529489309218147,2026-03-17T15:48:52.022000,85,,,
participant_23,4,day,Town10HD_Opt,2026-03-17 15:48:53.044487,45.75894546508789,31.85655975341797,0.0022522734943777,23.34,27.617,0.14,0.0,0,0,1,,1.0,2026-03-17T15:48:53.044487,sad,0.429,2026-03-17T15:48:53.044487,0.7852241377610194,2026-03-17T15:48:53.012000,87,,,
participant_23,4,day,Town10HD_Opt,2026-03-17 15:48:54.254409,49.67214584350586,29.19550895690918,0.002205200260505,18.162,22.437,0.14,0.0,0,0,1,,1.0,2026-03-17T15:48:54.254409,sad,0.429,2026-03-17T15:48:53.044487,0.7660817728553826,2026-03-17T15:48:54.003000,91,,,
participant_23,4,day,Town10HD_Opt,2026-03-17 15:48:55.205171,52.70344543457031,28.574575424194336,0.0019713973160833,16.692,4.49,0.128,0.0,0,0,1,,0.845,2026-03-17T15:48:55.205171,sad,0.468,2026-03-17T15:48:55.205171,0.8589218583268625,2026-03-17T15:48:54.993000,94,,,
participant_23,4,day,Town10HD_Opt,2026-03-17 15:48:56.084315,55.58962631225586,28.05111694335937,0.0019651411566883,18.863,0.308,0.69,0.0,0,0,1,,1.0,2026-03-17T15:48:56.084315,sad,0.468,2026-03-17T15:48:55.205171,0.7320565636927736,2026-03-17T15:48:56.028000,91,,,
participant_23,4,day,Town10HD_Opt,2026-03-17 15:48:57.196862,60.3541374206543,27.15299415588379,0.0020414732862263,21.442,-0.414,0.23,0.0,0,0,1,,0.876,2026-03-17T15:48:57.196862,sad,0.468,2026-03-17T15:48:55.205171,0.7741690021416032,2026-03-17T15:48:57.017000,92,,,
participant_23,4,day,Town10HD_Opt,2026-03-17 15:48:58.034018,63.8436279296875,26.462764739990234,0.0021582792978733,18.375,0.39,0.0,0.153,0,0,1,,1.0,2026-03-17T15:48:58.034018,sad,0.343,2026-03-17T15:48:58.034018,0.7978706350313624,2026-03-17T15:48:58.007000,92,,,
participant_23,4,day,Town10HD_Opt,2026-03-17 15:48:59.159069,67.19440460205078,25.954002380371094,0.0021168135572224,10.125,5.297,0.0,0.385,0,0,1,,1.0,2026-03-17T15:48:59.159069,sad,0.343,2026-03-17T15:48:58.034018,0.757804686147247,2026-03-17T15:48:58.997000,91,Solid line crossing,Solid line crossing,
participant_23,4,day,Town10HD_Opt,2026-03-17 15:48:59.994885,68.462158203125,25.856624603271484,0.0024148558732122,0.0,5.215,0.0,0.39,0,0,1,,0.861,2026-03-17T15:48:59.994885,sad,0.343,2026-03-17T15:48:58.034018,0.7574789215399964,2026-03-17T15:48:59.987000,90,,,
participant_23,4,day,Town10HD_Opt,2026-03-17 15:49:01.046060,68.46276092529297,25.856639862060547,0.0019284439040347,0.0,5.094,0.0,0.0,0,0,1,,1.0,2026-03-17T15:49:01.046060,neutral,0.656,2026-03-17T15:49:01.046060,0.7913630780173512,2026-03-17T15:49:01.022000,91,,,
participant_23,4,day,Town10HD_Opt,2026-03-17 15:49:02.128695,68.4627685546875,25.856639862060547,0.0019198989029973,0.0,2.68,0.0,0.0,0,0,1,,0.825,2026-03-17T15:49:02.128695,neutral,0.656,2026-03-17T15:49:01.046060,0.6987817684826638,2026-03-17T15:49:02.103000,89,,,
participant_23,4,day,Town10HD_Opt,2026-03-17 15:49:03.192721,68.4627685546875,25.856639862060547,0.0019198989029973,0.0,1.213,0.0,0.0,0,0,1,,1.0,2026-03-17T15:49:03.192721,neutral,0.427,2026-03-17T15:49:03.192721,0.7521758092265262,2026-03-17T15:49:03.002000,90,,,
participant_23,4,day,Town10HD_Opt,2026-03-17 15:49:04.010857,68.48656463623047,25.854433059692383,0.0018267058767378,2.196,0.9,1.0,0.0,0,0,1,,1.0,2026-03-17T15:49:04.010857,neutral,0.427,2026-03-17T15:49:03.192721,0.7697505343112121,2026-03-17T15:49:03.992000,88,,,
participant_23,4,day,Town10HD_Opt,2026-03-17 15:49:05.125371,71.25540161132812,25.62446975708008,0.0017169951461255,22.025,0.728,1.0,0.0,0,0,1,,1.0,2026-03-17T15:49:05.125371,neutral,0.427,2026-03-17T15:49:03.192721,0.7680868595188617,2026-03-17T15:49:05.072000,86,,,
participant_23,4,day,Town10HD_Opt,2026-03-17 15:49:06.009191,75.92566680908203,25.439743041992188,0.0020388411357998,26.752,8.649,0.0,0.0,0,0,1,,1.0,2026-03-17T15:49:06.009191,neutral,0.381,2026-03-17T15:49:06.009191,0.7527411254577369,2026-03-17T15:49:06.152000,86,,,
participant_23,4,day,Town10HD_Opt,2026-03-17 15:49:07.125897,81.22545623779297,26.25586700439453,0.0022366715129464,18.939,3.422,0.553,0.0,0,0,1,,1.0,2026-03-17T15:49:07.125897,neutral,0.381,2026-03-17T15:49:06.009191,0.8034765321899355,2026-03-17T15:49:07.188000,87,,,
participant_23,4,day,Town10HD_Opt,2026-03-17 15:49:08.236673,86.60306549072266,27.228656768798828,0.0016340636648237,31.987,-5.668,0.763,0.0,0,0,1,,0.91,2026-03-17T15:49:08.236673,neutral,0.344,2026-03-17T15:49:08.236673,0.8493141093609264,2026-03-17T15:49:07.997000,89,,,
participant_23,4,day,Town10HD_Opt,2026-03-17 15:49:09.110804,92.61429595947266,27.405866622924805,0.002089500427246,33.657,-3.123,0.132,0.0,0,0,1,,0.92,2026-03-17T15:49:09.110804,neutral,0.344,2026-03-17T15:49:08.236673,0.7420786685815847,2026-03-17T15:49:08.987000,91,,,
participant_23,4,day,Town10HD_Opt,2026-03-17 15:49:10.213491,99.4493179321289,26.67584609985352,0.0022786711342632,24.408,-6.594,0.0,0.0,0,0,1,,1.0,2026-03-17T15:49:10.213491,neutral,0.344,2026-03-17T15:49:08.236673,0.7694695645494312,2026-03-17T15:49:10.022000,92,,,
participant_23,4,day,Town10HD_Opt,2026-03-17 15:49:11.063965,103.01441192626952,25.570043563842773,0.0022560881916433,18.096,-14.845,0.0,0.0,0,0,1,,1.0,2026-03-17T15:49:11.063965,sad,0.33,2026-03-17T15:49:11.063965,0.7619830193221265,2026-03-17T15:49:11.014000,91,,,
participant_23,4,day,Town10HD_Opt,2026-03-17 15:49:12.144556,105.96550750732422,23.339258193969727,0.0019327545305714,15.845,-22.349,0.621,0.0,0,0,1,,1.0,2026-03-17T15:49:12.144556,sad,0.33,2026-03-17T15:49:11.063965,0.7877797945051889,2026-03-17T15:49:12.003000,91,,,
participant_23,4,day,Town10HD_Opt,2026-03-17 15:49:12.988942,107.63717651367188,20.49755096435547,0.0018457793630659,23.711,-22.637,0.824,0.0,0,0,1,,1.0,2026-03-17T15:49:12.988942,sad,0.33,2026-03-17T15:49:11.063965,0.8153488989865729,2026-03-17T15:49:12.993000,89,,,
participant_23,4,day,Town10HD_Opt,2026-03-17 15:49:14.072001,107.73868560791016,13.562556266784668,0.0019422149052843,37.738,-19.852,0.919,0.0,0,0,1,,1.0,2026-03-17T15:49:14.072001,sad,0.367,2026-03-17T15:49:14.072001,0.7813742147676974,2026-03-17T15:49:14.028000,86,,,
participant_23,4,day,Town10HD_Opt,2026-03-17 15:49:15.234820,102.07599639892578,4.739788055419922,0.001989021198824,47.945,13.767,0.0,0.0,0,0,1,,1.0,2026-03-17T15:49:15.234820,sad,0.367,2026-03-17T15:49:14.072001,0.7940541885426671,2026-03-17T15:49:15.017000,85,,,
participant_23,4,day,Town10HD_Opt,2026-03-17 15:49:16.148702,99.5220184326172,-2.040350914001465,0.0024547576904296,34.908,19.583,0.0,0.0,0,0,1,,1.0,2026-03-17T15:49:16.148702,neutral,0.563,2026-03-17T15:49:16.148702,0.7880804873414056,2026-03-17T15:49:16.054000,85,,,
participant_23,4,day,Town10HD_Opt,2026-03-17 15:49:17.028382,100.8052978515625,-7.260851860046387,0.0023605346214026,27.136,12.762,0.0,0.0,0,0,1,,1.0,2026-03-17T15:49:17.028382,neutral,0.563,2026-03-17T15:49:16.148702,0.6923342801308829,2026-03-17T15:49:17.087000,85,,,
participant_23,4,day,Town10HD_Opt,2026-03-17 15:49:18.103745,103.5749282836914,-11.75306510925293,0.0022307585459202,18.567,-10.834,0.187,0.0,0,0,1,,1.0,2026-03-17T15:49:18.103745,neutral,0.563,2026-03-17T15:49:16.148702,0.8287022241807925,2026-03-17T15:49:17.988000,86,,,
participant_23,4,day,Town10HD_Opt,2026-03-17 15:49:19.174422,105.02171325683594,-15.815892219543455,0.0018791579641401,21.957,-14.729,0.903,0.0,0,0,1,,1.0,2026-03-17T15:49:19.174422,sad,0.326,2026-03-17T15:49:19.174422,0.7626172722069762,2026-03-17T15:49:19.026000,86,,,
participant_23,4,day,Town10HD_Opt,2026-03-17 15:49:19.994071,105.33824920654295,-20.810651779174805,0.0015466689364984,37.196,-7.767,0.98,0.0,0,0,1,,1.0,2026-03-17T15:49:19.994071,sad,0.326,2026-03-17T15:49:19.174422,0.7298854946014954,2026-03-17T15:49:20.013000,87,,,
participant_23,4,day,Town10HD_Opt,2026-03-17 15:49:21.070662,103.6051254272461,-31.32356834411621,0.0018009566701948,51.381,4.051,0.0,0.185,0,0,1,,0.905,2026-03-17T15:49:21.070662,sad,0.326,2026-03-17T15:49:19.174422,0.7422407940740248,2026-03-17T15:49:21.003000,87,,,
participant_23,4,day,Town10HD_Opt,2026-03-17 15:49:21.988316,102.3384246826172,-40.00203323364258,0.0018411636119708,52.177,5.522,0.0,0.247,0,0,1,,1.0,2026-03-17T15:49:21.988316,sad,0.309,2026-03-17T15:49:21.988316,0.783654321061877,2026-03-17T15:49:22.037000,86,,,
participant_23,4,day,Town10HD_Opt,2026-03-17 15:49:23.058999,102.9278564453125,-51.68452453613281,0.0024755096528679,49.792,-9.909,0.619,0.0,0,0,1,,0.862,2026-03-17T15:49:23.058999,sad,0.309,2026-03-17T15:49:21.988316,0.7933163966921913,2026-03-17T15:49:23.073000,87,,,
participant_23,4,day,Town10HD_Opt,2026-03-17 15:49:24.070391,100.1360855102539,-61.9788818359375,0.1551388502120971,45.004,-19.895,0.527,0.0,0,0,1,,0.815,2026-03-17T15:49:24.070391,sad,0.481,2026-03-17T15:49:24.070391,0.7929989115894278,2026-03-17T15:49:24.018000,88,,,
participant_23,4,day,Town10HD_Opt,2026-03-17 15:49:25.229495,90.93535614013672,-65.62582397460938,0.1332878917455673,43.218,-19.702,0.525,0.0,0,0,1,,1.0,2026-03-17T15:49:25.229495,sad,0.481,2026-03-17T15:49:24.070391,0.7760484904267478,2026-03-17T15:49:25.009000,89,,,
participant_23,4,day,Town10HD_Opt,2026-03-17 15:49:26.132928,84.28487396240234,-62.80928039550781,0.0039986800402402,41.926,-15.452,0.503,0.0,0,0,1,,1.0,2026-03-17T15:49:26.132928,sad,0.395,2026-03-17T15:49:26.132928,0.7663895202431014,2026-03-17T15:49:25.998000,87,,,
participant_23,4,day,Town10HD_Opt,2026-03-17 15:49:27.095841,79.95726013183594,-57.25331878662109,0.0023323439527302,35.88,14.161,0.0,0.0,0,0,1,,1.0,2026-03-17T15:49:27.095841,sad,0.395,2026-03-17T15:49:26.132928,0.7282040008896187,2026-03-17T15:49:27.032000,86,,,
participant_23,4,day,Town10HD_Opt,2026-03-17 15:49:28.028190,75.6125259399414,-53.89255142211914,0.0023414611350744,27.144,14.494,0.0,0.0,0,0,1,,1.0,2026-03-17T15:49:28.028190,sad,0.395,2026-03-17T15:49:26.132928,0.7864334036324653,2026-03-17T15:49:28.292000,86,,,
participant_23,4,day,Town10HD_Opt,2026-03-17 15:49:29.176625,72.18331146240234,-52.98591995239258,0.0389435179531574,16.606,14.533,0.0,0.0,0,0,1,,1.0,2026-03-17T15:49:29.176625,angry,0.654,2026-03-17T15:49:29.176625,0.8153514648916869,2026-03-17T15:49:29.328000,88,,,
participant_23,4,day,Town10HD_Opt,2026-03-17 15:49:30.079377,71.25334930419922,-52.90847396850586,0.0348919667303562,0.538,20.989,0.0,0.0,0,0,1,,1.0,2026-03-17T15:49:30.079377,angry,0.654,2026-03-17T15:49:29.176625,0.7450380445609043,2026-03-17T15:49:30.093000,88,,,
participant_23,4,day,Town10HD_Opt,2026-03-17 15:49:31.230049,71.31157684326172,-52.9088134765625,0.0388643257319927,0.073,18.664,0.0,0.0,0,0,1,,1.0,2026-03-17T15:49:31.230049,neutral,0.828,2026-03-17T15:49:31.230049,0.7669654406945857,2026-03-17T15:49:31.218000,89,,,
participant_23,4,day,Town10HD_Opt,2026-03-17 15:49:32.147391,71.31285858154297,-52.90882110595703,0.0388948060572147,0.0,2.527,0.0,0.0,0,0,1,,1.0,2026-03-17T15:49:32.147391,neutral,0.828,2026-03-17T15:49:31.230049,0.6941496883245972,2026-03-17T15:49:32.073000,90,,,
participant_23,4,day,Town10HD_Opt,2026-03-17 15:49:33.255360,0.0,0.0,0.0,0.0,0.0,0.0,0.0,1,1,97846,,1.0,2026-03-17T15:49:33.255360,angry,0.641,2026-03-17T15:49:33.255360,0.7307126073181804,2026-03-17T15:49:33.018000,91,,,
participant_23,4,day,Town10HD_Opt,2026-03-17 15:49:34.133006,-41.66907501220703,89.74517059326172,-0.010053252801299,0.246,1.389,0.0,0.0,0,0,0,,0.893,2026-03-17T15:49:34.133006,angry,0.641,2026-03-17T15:49:33.255360,0.7902712458883451,2026-03-17T15:49:34.008000,89,,,
participant_23,4,day,Town10HD_Opt,2026-03-17 15:49:35.256839,-41.66903305053711,89.73564147949219,0.001807746826671,5.973,1.276,0.883,0.0,0,0,1,,1.0,2026-03-17T15:49:35.256839,neutral,0.802,2026-03-17T15:49:35.256839,0.7666317892313755,2026-03-17T15:49:34.998000,89,,,
participant_23,4,day,Town10HD_Opt,2026-03-17 15:49:36.259026,-41.638465881347656,87.49292755126953,0.001715698163025,19.626,1.302,0.714,0.0,0,0,1,,0.864,2026-03-17T15:49:36.259026,neutral,0.802,2026-03-17T15:49:35.256839,0.8019929837878546,2026-03-17T15:49:36.033000,91,,,
participant_23,4,day,Town10HD_Opt,2026-03-17 15:49:37.192830,-41.58913803100586,83.8420181274414,0.0020704651251435,20.296,-2.358,0.101,0.0,0,0,1,,0.864,2026-03-17T15:49:37.192830,neutral,0.802,2026-03-17T15:49:35.256839,0.7417872267013743,2026-03-17T15:49:37.024000,89,,,
participant_23,4,day,Town10HD_Opt,2026-03-17 15:49:38.075333,-41.52938079833984,80.5508804321289,0.0020563888829201,18.026,8.742,0.382,0.0,0,0,1,,1.0,2026-03-17T15:49:38.075333,neutral,0.29,2026-03-17T15:49:38.075333,0.8799234743760316,2026-03-17T15:49:38.014000,91,,,
participant_23,4,day,Town10HD_Opt,2026-03-17 15:49:39.276368,-40.323524475097656,75.98362731933594,0.0018106460338458,25.441,15.911,0.703,0.0,0,0,1,,1.0,2026-03-17T15:49:39.276368,neutral,0.29,2026-03-17T15:49:38.075333,0.9238920883171214,2026-03-17T15:49:39.003000,92,,,
participant_23,4,day,Town10HD_Opt,2026-03-17 15:49:40.197491,-37.49882888793945,72.1031494140625,0.0020344161894172,28.386,18.046,0.343,0.0,0,0,1,,1.0,2026-03-17T15:49:40.197491,sad,0.455,2026-03-17T15:49:40.197491,0.99,2026-03-17T15:49:40.038000,91,,,
participant_23,4,day,Town10HD_Opt,2026-03-17 15:49:41.116574,-33.35409164428711,69.72413635253906,0.0022135542239993,25.366,18.593,0.0,0.0,0,0,1,,1.0,2026-03-17T15:49:41.116574,sad,0.455,2026-03-17T15:49:40.197491,0.99,2026-03-17T15:49:41.028000,93,,,
participant_23,4,day,Town10HD_Opt,2026-03-17 15:49:42.056697,-29.485326766967773,69.21998596191406,0.0022537230979651,19.128,3.467,0.029,0.0,0,0,1,,1.0,2026-03-17T15:49:42.056697,sad,0.455,2026-03-17T15:49:40.197491,0.99,2026-03-17T15:49:42.017000,94,Solid line crossing,Solid line crossing,
participant_23,4,day,Town10HD_Opt,2026-03-17 15:49:43.249367,-24.835607528686523,69.09266662597656,0.0017414855537936,25.473,3.438,0.696,0.0,0,0,1,,0.878,2026-03-17T15:49:43.249367,sad,0.498,2026-03-17T15:49:43.249367,0.99,2026-03-17T15:49:43.008000,95,,,
participant_23,4,day,Town10HD_Opt,2026-03-17 15:49:44.159577,-19.8126220703125,69.22166442871094,0.001891937223263,31.186,0.385,0.475,0.0,0,0,1,,1.0,2026-03-17T15:49:44.159577,sad,0.498,2026-03-17T15:49:43.249367,0.99,2026-03-17T15:49:43.998000,96,,,
participant_23,4,day,Town10HD_Opt,2026-03-17 15:49:45.071106,-14.20889377593994,69.46173858642578,0.00199157721363,32.868,0.223,0.442,0.0,0,0,1,,1.0,2026-03-17T15:49:45.071106,sad,0.498,2026-03-17T15:49:43.249367,0.99,2026-03-17T15:49:45.032000,98,,,
participant_23,4,day,Town10HD_Opt,2026-03-17 15:49:46.254776,-6.663080215454102,69.73324584960938,0.002228393452242,29.034,-0.317,0.0,0.0,0,0,1,,1.0,2026-03-17T15:49:46.254776,sad,0.399,2026-03-17T15:49:46.254776,0.99,2026-03-17T15:49:46.022000,95,,,
participant_23,4,day,Town10HD_Opt,2026-03-17 15:49:47.183384,-2.1499147415161133,69.83123779296875,0.0022634123452007,22.073,0.146,0.0,0.0,0,0,1,,1.0,2026-03-17T15:49:47.183384,sad,0.399,2026-03-17T15:49:46.254776,0.99,2026-03-17T15:49:47.013000,96,,,
participant_23,4,day,Town10HD_Opt,2026-03-17 15:49:48.096013,1.2673920392990112,69.89990997314453,0.0019167709397152,17.67,-0.385,0.229,0.0,0,0,1,,1.0,2026-03-17T15:49:48.096013,sad,0.399,2026-03-17T15:49:46.254776,0.99,2026-03-17T15:49:48.002000,95,,,
participant_23,4,day,Town10HD_Opt,2026-03-17 15:49:49.000196,4.391699314117432,69.94971466064453,0.0020932387560606,17.989,-0.193,0.341,0.0,0,0,1,,1.0,2026-03-17T15:49:49.000196,sad,0.511,2026-03-17T15:49:49.000196,0.99,2026-03-17T15:49:49.038000,94,,,
participant_23,4,day,Town10HD_Opt,2026-03-17 15:49:50.207460,8.640870094299316,69.98896026611328,0.0020476530771702,18.165,-0.404,0.314,0.0,0,0,1,,1.0,2026-03-17T15:49:50.207460,sad,0.511,2026-03-17T15:49:49.000196,0.99,2026-03-17T15:49:50.028000,93,,,
participant_23,4,day,Town10HD_Opt,2026-03-17 15:49:51.094444,11.819710731506348,69.99256134033203,0.0020545576699078,18.373,-0.364,0.238,0.0,0,0,1,,1.0,2026-03-17T15:49:51.094444,sad,0.387,2026-03-17T15:49:51.094444,0.99,2026-03-17T15:49:51.063000,93,,,
participant_23,4,day,Town10HD_Opt,2026-03-17 15:49:52.045433,14.98017406463623,69.97948455810547,0.0018494796240702,17.544,0.075,0.129,0.0,0,0,1,,0.861,2026-03-17T15:49:52.045433,sad,0.387,2026-03-17T15:49:51.094444,0.99,2026-03-17T15:49:52.009000,91,,,
participant_23,4,day,Town10HD_Opt,2026-03-17 15:49:53.221520,18.713653564453125,69.96546936035156,0.002034721430391,13.625,-0.026,0.0,0.0,0,0,1,,1.0,2026-03-17T15:49:53.221520,neutral,0.459,2026-03-17T15:49:53.221520,0.99,2026-03-17T15:49:52.998000,91,,,
participant_23,4,day,Town10HD_Opt,2026-03-17 15:49:54.160710,20.83651161193848,69.95552062988281,0.0020186996553093,10.467,-0.059,0.0,0.0,0,0,1,,1.0,2026-03-17T15:49:54.160710,neutral,0.459,2026-03-17T15:49:53.221520,0.99,2026-03-17T15:49:54.032000,90,,,
participant_23,4,day,Town10HD_Opt,2026-03-17 15:49:55.093659,22.42277717590332,69.94702911376953,0.0020151520147919,7.441,-0.059,0.0,0.053,0,0,1,,1.0,2026-03-17T15:49:55.093659,neutral,0.459,2026-03-17T15:49:53.221520,0.99,2026-03-17T15:49:55.023000,88,,,
participant_23,4,day,Town10HD_Opt,2026-03-17 15:49:56.223723,23.805294036865234,69.9389419555664,0.0019551084842532,5.048,-0.059,0.229,0.0,0,0,1,,1.0,2026-03-17T15:49:56.223723,sad,0.566,2026-03-17T15:49:56.223723,0.99,2026-03-17T15:49:56.013000,89,,,
participant_23,4,day,Town10HD_Opt,2026-03-17 15:49:57.227430,24.673324584960938,69.93314361572266,0.0022886656224727,0.001,-0.059,0.0,0.113,0,0,1,,1.0,2026-03-17T15:49:57.227430,sad,0.566,2026-03-17T15:49:56.223723,0.99,2026-03-17T15:49:57.006000,87,,,
participant_23,4,day,Town10HD_Opt,2026-03-17 15:49:58.055924,24.677934646606445,69.93313598632812,0.0019381331512704,0.015,-0.059,0.338,0.0,0,0,1,,1.0,2026-03-17T15:49:58.055924,sad,0.566,2026-03-17T15:49:56.223723,0.99,2026-03-17T15:49:58.039000,86,,,
participant_24,1,day,Town10HD_Opt,2026-03-17 17:00:00.000000,-41.66859436035156,89.7454833984375,0.5804919004440308,16.191,-0.052,0.506,0.0,0,0,1,,1.0,2026-03-17T17:00:00,,,2026-03-17T17:00:00,0.436758384796118,2026-03-17T17:00:00,78,,,
participant_24,1,day,Town10HD_Opt,2026-03-17 17:00:04.624313,-41.67965698242188,86.85845184326172,0.0017054748022928,16.782,-0.052,0.482,0.0,0,0,1,,0.964,2026-03-17T17:00:04.624313,sad,0.975,2026-03-17T17:00:04.624313,0.4007512691274372,2026-03-17T17:00:05.085000,78,,,
participant_24,1,day,Town10HD_Opt,2026-03-17 17:00:05.280619,-41.6889533996582,84.78829956054688,0.002064743079245,18.102,-0.052,0.334,0.0,0,0,1,,0.962,2026-03-17T17:00:05.280619,sad,0.975,2026-03-17T17:00:04.624313,0.5006928830961056,2026-03-17T17:00:05.986000,76,,,
participant_24,1,day,Town10HD_Opt,2026-03-17 17:00:06.299575,-41.6404914855957,81.61475372314453,0.0020172118674963,18.125,5.524,0.296,0.0,0,0,1,,0.919,2026-03-17T17:00:06.299575,sad,0.975,2026-03-17T17:00:04.624313,0.4967471725283223,2026-03-17T17:00:07.065000,76,,,
participant_24,1,day,Town10HD_Opt,2026-03-17 17:00:07.230486,-41.22743606567383,78.445068359375,0.0020277022849768,18.788,12.522,0.426,0.0,0,0,1,,0.904,2026-03-17T17:00:07.230486,happy,0.489,2026-03-17T17:00:07.230486,0.4620319745087745,2026-03-17T17:00:08.010000,78,,,
participant_24,1,day,Town10HD_Opt,2026-03-17 17:00:08.218512,-40.02458953857422,75.25127410888672,0.0020101547706872,20.584,18.508,0.398,0.0,0,0,1,,0.849,2026-03-17T17:00:08.218512,happy,0.489,2026-03-17T17:00:07.230486,0.4860667567598731,2026-03-17T17:00:09,80,,,
participant_24,1,day,Town10HD_Opt,2026-03-17 17:00:09.253674,-37.7020149230957,72.41002655029297,0.0020323561038821,21.859,19.302,0.398,0.0,0,0,1,,1.0,2026-03-17T17:00:09.253674,happy,0.69,2026-03-17T17:00:09.253674,0.4890356158545857,2026-03-17T17:00:09.990000,80,,,
participant_24,1,day,Town10HD_Opt,2026-03-17 17:00:10.284704,-34.35643005371094,70.45700073242188,0.0020401000510901,22.959,18.77,0.398,0.0,0,0,1,,0.917,2026-03-17T17:00:10.284704,happy,0.69,2026-03-17T17:00:09.253674,0.517936147198199,2026-03-17T17:00:11.070000,81,,,
participant_24,1,day,Town10HD_Opt,2026-03-17 17:00:11.307994,-30.3509464263916,69.73048400878906,0.0020301819313317,24.04,11.318,0.387,0.0,0,0,1,,0.857,2026-03-17T17:00:11.307994,neutral,0.82,2026-03-17T17:00:11.307994,0.4764702187700687,2026-03-17T17:00:12.015000,81,,,
participant_24,1,day,Town10HD_Opt,2026-03-17 17:00:12.332620,-26.07747459411621,69.82613372802734,0.0020168684422969,24.96,0.477,0.387,0.0,0,0,1,,0.922,2026-03-17T17:00:12.332620,neutral,0.82,2026-03-17T17:00:11.307994,0.502897164534674,2026-03-17T17:00:13.006000,85,,,
participant_24,1,day,Town10HD_Opt,2026-03-17 17:00:13.046565,-23.14510536193848,69.92125701904297,0.0020174025557935,25.436,-2.031,0.392,0.0,0,0,1,,0.837,2026-03-17T17:00:13.046565,neutral,0.82,2026-03-17T17:00:11.307994,0.5527391807191944,2026-03-17T17:00:13.006000,85,,,
participant_24,1,day,Town10HD_Opt,2026-03-17 17:00:14.028207,-18.62445831298828,69.99152374267578,0.0020155333913862,26.319,0.073,0.394,0.0,0,0,1,,1.0,2026-03-17T17:00:14.028207,happy,0.541,2026-03-17T17:00:14.028207,0.497770924914301,2026-03-17T17:00:13.995000,86,,,
participant_24,1,day,Town10HD_Opt,2026-03-17 17:00:14.999694,-13.962383270263672,70.04733276367188,0.0020183562301099,27.077,-0.021,0.394,0.0,0,0,1,,0.86,2026-03-17T17:00:14.999694,happy,0.541,2026-03-17T17:00:14.028207,0.5286392443301631,2026-03-17T17:00:14.991000,88,,,
participant_24,1,day,Town10HD_Opt,2026-03-17 17:00:16.049346,-9.174362182617188,70.08928680419922,0.0020212554372847,27.747,0.082,0.394,0.0,0,0,1,,0.86,2026-03-17T17:00:16.049346,happy,0.738,2026-03-17T17:00:16.049346,0.5251625830696016,2026-03-17T17:00:16.065000,90,,,
participant_24,1,day,Town10HD_Opt,2026-03-17 17:00:17.087661,-4.275789737701416,70.14205932617188,0.00202381121926,28.303,0.021,0.394,0.0,0,0,1,,1.0,2026-03-17T17:00:17.087661,happy,0.738,2026-03-17T17:00:16.049346,0.473053037283537,2026-03-17T17:00:17.013000,92,,,
participant_24,1,day,Town10HD_Opt,2026-03-17 17:00:18.052676,0.7198202610015869,70.17422485351562,0.002026290865615,28.839,-0.536,0.359,0.0,0,0,1,,0.892,2026-03-17T17:00:18.052676,happy,0.765,2026-03-17T17:00:18.052676,0.4248307702893126,2026-03-17T17:00:18.005000,92,,,
participant_24,1,day,Town10HD_Opt,2026-03-17 17:00:19.078786,5.73664665222168,70.14789581298828,0.0020661163143813,28.23,-0.36,0.221,0.0,0,0,1,,0.931,2026-03-17T17:00:19.078786,happy,0.765,2026-03-17T17:00:18.052676,0.460051391434401,2026-03-17T17:00:19.981000,91,,,
participant_24,1,day,Town10HD_Opt,2026-03-17 17:00:20.099482,10.40646743774414,70.0863265991211,0.0021874236408621,24.237,-0.219,0.059,0.0,0,0,1,,0.918,2026-03-17T17:00:20.099482,happy,0.608,2026-03-17T17:00:20.099482,0.5872875694785326,2026-03-17T17:00:19.981000,91,,,
participant_24,1,day,Town10HD_Opt,2026-03-17 17:00:21.137014,14.17514705657959,70.03460693359375,0.0022344589233398,18.336,0.251,0.0,0.0,0,0,1,,0.924,2026-03-17T17:00:21.137014,happy,0.608,2026-03-17T17:00:20.099482,0.4846185115911369,2026-03-17T17:00:22.005000,89,,,
participant_24,1,day,Town10HD_Opt,2026-03-17 17:00:22.102634,17.058820724487305,70.01260375976562,0.002041091909632,14.282,0.585,0.013,0.0,0,0,1,,0.913,2026-03-17T17:00:22.102634,neutral,0.657,2026-03-17T17:00:22.102634,0.4374457510249245,2026-03-17T17:00:22.995000,86,,,
participant_24,1,day,Town10HD_Opt,2026-03-17 17:00:23.110292,19.30965232849121,70.0144271850586,0.0020137024112045,11.285,0.524,0.027,0.0,0,0,1,,0.873,2026-03-17T17:00:23.110292,neutral,0.657,2026-03-17T17:00:22.102634,0.6235696233477199,2026-03-17T17:00:23.986000,84,,,
participant_24,1,day,Town10HD_Opt,2026-03-17 17:00:24.047119,21.09157371520996,70.02417755126953,0.0019892882555723,9.115,0.249,0.094,0.0,0,0,1,,0.84,2026-03-17T17:00:24.047119,neutral,0.657,2026-03-17T17:00:22.102634,0.514345216174775,2026-03-17T17:00:23.986000,82,,,
participant_24,1,day,Town10HD_Opt,2026-03-17 17:00:25.001312,22.587305068969727,70.03441619873047,0.0019539641216397,7.972,0.219,0.086,0.0,0,0,1,,0.926,2026-03-17T17:00:25.001312,happy,0.525,2026-03-17T17:00:25.001312,0.5334141478874503,2026-03-17T17:00:24.975000,79,,,
participant_24,1,day,Town10HD_Opt,2026-03-17 17:00:26.275806,24.307031631469727,70.04886627197266,0.001950797974132,6.666,0.174,0.078,0.0,0,0,1,,0.909,2026-03-17T17:00:26.275806,happy,0.525,2026-03-17T17:00:25.001312,0.5179396416216011,2026-03-17T17:00:27.001000,77,,,
participant_24,1,day,Town10HD_Opt,2026-03-17 17:00:27.275541,25.405237197875977,70.0594711303711,0.0019623565021902,5.569,0.162,0.0,0.0,0,0,1,,0.925,2026-03-17T17:00:27.275541,happy,0.819,2026-03-17T17:00:27.275541,0.5298917065397181,2026-03-17T17:00:27.991000,79,,,
participant_24,1,day,Town10HD_Opt,2026-03-17 17:00:28.235659,25.689483642578125,70.06238555908203,0.002003707922995,0.0,0.155,0.0,0.127,0,0,1,,0.932,2026-03-17T17:00:28.235659,happy,0.819,2026-03-17T17:00:27.275541,0.5623246985113605,2026-03-17T17:00:29.071000,78,,,
participant_24,1,day,Town10HD_Opt,2026-03-17 17:00:29.215293,25.77326393127441,70.06326293945312,0.0017311095725744,3.861,0.129,0.831,0.0,0,0,1,,0.935,2026-03-17T17:00:29.215293,happy,0.819,2026-03-17T17:00:27.275541,0.6187677091561067,2026-03-17T17:00:30.015000,79,,,
participant_24,1,day,Town10HD_Opt,2026-03-17 17:00:30.187509,27.45589065551757,70.0698013305664,0.0014949416508898,16.679,-3.149,0.782,0.0,0,0,1,,0.947,2026-03-17T17:00:30.187509,neutral,0.812,2026-03-17T17:00:30.187509,0.5874939745356674,2026-03-17T17:00:31.005000,77,,,errors=Stop sign violation
participant_24,1,day,Town10HD_Opt,2026-03-17 17:00:31.155660,30.89809226989746,69.77481079101562,0.0018660735804587,22.834,-10.235,0.541,0.0,0,0,1,,0.957,2026-03-17T17:00:31.155660,neutral,0.812,2026-03-17T17:00:30.187509,0.5653200857708444,2026-03-17T17:00:31.005000,74,,,
participant_24,1,day,Town10HD_Opt,2026-03-17 17:00:32.138584,35.06056213378906,68.52494049072266,0.0019184112315997,27.002,-12.454,0.541,0.0,0,0,1,,0.963,2026-03-17T17:00:32.138584,neutral,0.812,2026-03-17T17:00:30.187509,0.5445366876579968,2026-03-17T17:00:32.987000,79,,,
participant_24,1,day,Town10HD_Opt,2026-03-17 17:00:33.193195,39.28377914428711,65.77007293701172,0.0019432449480518,30.946,-12.988,0.5,0.0,0,0,1,,0.93,2026-03-17T17:00:33.193195,happy,0.787,2026-03-17T17:00:33.193195,0.6418950530103198,2026-03-17T17:00:34.066000,76,,,
participant_24,1,day,Town10HD_Opt,2026-03-17 17:00:34.202001,42.64208221435547,61.490501403808594,0.0021613691933453,30.32,-13.146,0.233,0.0,0,0,1,,0.924,2026-03-17T17:00:34.202001,happy,0.787,2026-03-17T17:00:33.193195,0.5864915733310772,2026-03-17T17:00:35.010000,75,,,
participant_24,1,day,Town10HD_Opt,2026-03-17 17:00:35.191039,44.24392318725586,56.76081085205078,0.0021793365012854,26.729,-13.168,0.203,0.0,0,0,1,,0.938,2026-03-17T17:00:35.191039,happy,0.787,2026-03-17T17:00:33.193195,0.622944427288862,2026-03-17T17:00:36,78,,,
participant_24,1,day,Town10HD_Opt,2026-03-17 17:00:36.164256,44.3750228881836,52.36477279663086,0.0021442794241011,23.762,-1.864,0.506,0.0,0,0,1,,0.969,2026-03-17T17:00:36.164256,happy,0.56,2026-03-17T17:00:36.164256,0.6666031039824982,2026-03-17T17:00:36,78,,,
participant_24,1,day,Town10HD_Opt,2026-03-17 17:00:37.135770,44.24874114990234,48.01613998413086,0.0018600082257762,26.668,0.881,0.518,0.0,0,0,1,,0.946,2026-03-17T17:00:37.135770,happy,0.56,2026-03-17T17:00:36.164256,0.534350218525155,2026-03-17T17:00:38.026000,81,,,
participant_24,1,day,Town10HD_Opt,2026-03-17 17:00:38.036286,44.17546463012695,43.01178741455078,0.0019387435168027,30.311,0.266,0.501,0.0,0,0,1,,0.938,2026-03-17T17:00:38.036286,happy,0.56,2026-03-17T17:00:36.164256,0.5510119994463683,2026-03-17T17:00:38.026000,80,,,
participant_24,1,day,Town10HD_Opt,2026-03-17 17:00:38.992608,44.49991226196289,37.59424591064453,0.0020348739344626,31.401,12.473,0.405,0.0,0,0,1,,0.964,2026-03-17T17:00:38.992608,neutral,0.769,2026-03-17T17:00:38.992608,0.6714332827887619,2026-03-17T17:00:39.021000,79,,,
participant_24,1,day,Town10HD_Opt,2026-03-17 17:00:40.274430,47.57832717895508,31.095190048217773,0.0021440123673528,29.925,16.354,0.175,0.0,0,0,1,,1.0,2026-03-17T17:00:40.274430,neutral,0.769,2026-03-17T17:00:38.992608,0.5303286073783867,2026-03-17T17:00:40.995000,76,,,
participant_24,1,day,Town10HD_Opt,2026-03-17 17:00:41.216975,51.41389846801758,28.13509750366211,0.0022158431820571,25.513,16.05,0.159,0.0,0,0,1,,0.949,2026-03-17T17:00:41.216975,neutral,0.518,2026-03-17T17:00:41.216975,0.6500768512822352,2026-03-17T17:00:41.986000,76,,,
participant_24,1,day,Town10HD_Opt,2026-03-17 17:00:42.216911,55.362064361572266,26.95924186706543,0.0021932220552116,21.559,14.19,0.141,0.0,0,0,1,,0.941,2026-03-17T17:00:42.216911,neutral,0.518,2026-03-17T17:00:41.216975,0.6305369476947639,2026-03-17T17:00:42.978000,76,,,
participant_24,1,day,Town10HD_Opt,2026-03-17 17:00:43.214657,58.8363151550293,26.70872688293457,0.0021665573585778,18.047,0.475,0.114,0.0,0,0,1,,0.871,2026-03-17T17:00:43.214657,neutral,0.518,2026-03-17T17:00:41.216975,0.597830534796081,2026-03-17T17:00:44.010000,79,,,
participant_24,1,day,Town10HD_Opt,2026-03-17 17:00:44.223597,61.85008239746094,26.51548957824707,0.0019962692167609,15.727,-0.167,0.0,0.0,0,0,1,,0.939,2026-03-17T17:00:44.223597,neutral,0.758,2026-03-17T17:00:44.223597,0.5881168995493077,2026-03-17T17:00:45.001000,81,,,
participant_24,1,day,Town10HD_Opt,2026-03-17 17:00:45.176420,64.28377532958984,26.36167907714844,0.0020660399459302,11.391,0.36,0.0,0.385,0,0,1,,0.908,2026-03-17T17:00:45.176420,neutral,0.758,2026-03-17T17:00:44.223597,0.6690718977833685,2026-03-17T17:00:45.991000,81,,,
participant_24,1,day,Town10HD_Opt,2026-03-17 17:00:46.112318,65.85028839111328,26.270164489746094,0.0020801543723791,5.996,0.36,0.0,0.337,0,0,1,,0.813,2026-03-17T17:00:46.112318,neutral,0.758,2026-03-17T17:00:44.223597,0.741902907069164,2026-03-17T17:00:45.991000,79,,,
participant_24,1,day,Town10HD_Opt,2026-03-17 17:00:47.131631,66.09718322753906,26.255733489990234,0.0019953537266701,0.0,0.355,0.0,0.226,0,0,1,,0.9,2026-03-17T17:00:47.131631,neutral,0.628,2026-03-17T17:00:47.131631,0.6236111467462989,2026-03-17T17:00:48.016000,81,,,
participant_24,1,day,Town10HD_Opt,2026-03-17 17:00:48.108126,66.09758758544922,26.25571632385254,0.001921615563333,0.004,0.327,0.0,0.0,0,0,1,,0.905,2026-03-17T17:00:48.108126,neutral,0.628,2026-03-17T17:00:47.131631,0.6497324184261184,2026-03-17T17:00:49.006000,80,,,
participant_24,1,day,Town10HD_Opt,2026-03-17 17:00:49.038059,66.09783172607422,26.25571632385254,0.0019193649059161,0.006,0.266,0.0,0.0,0,0,1,,0.92,2026-03-17T17:00:49.038059,neutral,0.628,2026-03-17T17:00:47.131631,0.5804716806739925,2026-03-17T17:00:49.006000,80,,,
participant_24,1,day,Town10HD_Opt,2026-03-17 17:00:50.031643,66.0979232788086,26.25571632385254,0.0019189452286809,0.001,0.209,0.0,0.0,0,0,1,,0.833,2026-03-17T17:00:50.031643,happy,0.547,2026-03-17T17:00:50.031643,0.5572505724991821,2026-03-17T17:00:50.005000,80,,,
participant_24,1,day,Town10HD_Opt,2026-03-17 17:00:51.038638,66.0978775024414,26.25571632385254,0.0019187545403838,0.001,0.209,0.0,0.0,0,0,1,,0.87,2026-03-17T17:00:51.038638,happy,0.547,2026-03-17T17:00:50.031643,0.6426691753695309,2026-03-17T17:00:50.986000,83,,,
participant_24,1,day,Town10HD_Opt,2026-03-17 17:00:52.274954,66.09801483154297,26.25571632385254,0.0019187545403838,0.001,0.209,0.0,0.0,0,0,1,,0.897,2026-03-17T17:00:52.274954,neutral,0.746,2026-03-17T17:00:52.274954,0.7054571391938844,2026-03-17T17:00:53.010000,81,,,
participant_24,1,day,Town10HD_Opt,2026-03-17 17:00:53.271010,66.09805297851562,26.25571632385254,0.001919021597132,0.005,0.209,0.0,0.0,0,0,1,,0.91,2026-03-17T17:00:53.271010,neutral,0.746,2026-03-17T17:00:52.274954,0.6856427721449313,2026-03-17T17:00:54.092000,83,,,
participant_24,1,day,Town10HD_Opt,2026-03-17 17:00:54.227128,66.09825897216797,26.25571632385254,0.0019192122854292,0.005,0.209,0.0,0.0,0,0,1,,0.875,2026-03-17T17:00:54.227128,neutral,0.746,2026-03-17T17:00:52.274954,0.7087638866044793,2026-03-17T17:00:55.036000,84,,,
participant_24,1,day,Town10HD_Opt,2026-03-17 17:00:55.147689,66.09844970703125,26.25571632385254,0.001919021597132,0.007,0.202,0.0,0.0,0,0,1,,0.856,2026-03-17T17:00:55.147689,neutral,0.637,2026-03-17T17:00:55.147689,0.7945500506226549,2026-03-17T17:00:55.981000,84,,,
participant_24,1,day,Town10HD_Opt,2026-03-17 17:00:56.089991,66.09840393066406,26.25571632385254,0.0019188689766451,0.001,0.106,0.0,0.0,0,0,1,,0.93,2026-03-17T17:00:56.089991,neutral,0.637,2026-03-17T17:00:55.147689,0.8073949614619954,2026-03-17T17:00:55.981000,84,,,
participant_24,1,day,Town10HD_Opt,2026-03-17 17:00:57.002045,66.098388671875,26.25571632385254,0.001919021597132,0.0,-0.049,0.0,0.0,0,0,1,,0.939,2026-03-17T17:00:57.002045,neutral,0.637,2026-03-17T17:00:55.147689,0.7743298346007418,2026-03-17T17:00:57.016000,84,,,
participant_24,1,day,Town10HD_Opt,2026-03-17 17:00:58.263108,66.09850311279297,26.25571632385254,0.001919021597132,0.0,-0.202,0.0,0.0,0,0,1,,0.922,2026-03-17T17:00:58.263108,neutral,0.721,2026-03-17T17:00:58.263108,0.7899851536371648,2026-03-17T17:00:59.085000,82,,,
participant_24,1,day,Town10HD_Opt,2026-03-17 17:00:59.213365,66.09868621826172,26.25571632385254,0.0019191360333934,0.005,-0.211,0.0,0.0,0,0,1,,0.919,2026-03-17T17:00:59.213365,neutral,0.721,2026-03-17T17:00:58.263108,0.8370446914485031,2026-03-17T17:01:00.075000,76,,,
participant_24,1,day,Town10HD_Opt,2026-03-17 17:01:00.176807,66.09893035888672,26.25571632385254,0.0019191360333934,0.006,-0.211,0.0,0.0,0,0,1,,0.903,2026-03-17T17:01:00.176807,neutral,0.721,2026-03-17T17:00:58.263108,0.8582140785350484,2026-03-17T17:01:00.976000,80,,,
participant_24,1,day,Town10HD_Opt,2026-03-17 17:01:01.127300,66.09893035888672,26.25571632385254,0.0019189071608707,0.001,-0.214,0.0,0.0,0,0,1,,0.896,2026-03-17T17:01:01.127300,happy,0.606,2026-03-17T17:01:01.127300,0.7981845261446033,2026-03-17T17:01:02.011000,76,,,
participant_24,1,day,Town10HD_Opt,2026-03-17 17:01:02.136746,66.09889221191406,26.25571632385254,0.0019187545403838,0.0,-0.214,0.0,0.0,0,0,1,,0.903,2026-03-17T17:01:02.136746,happy,0.606,2026-03-17T17:01:01.127300,0.8090350707781842,2026-03-17T17:01:03.001000,78,,,
participant_24,1,day,Town10HD_Opt,2026-03-17 17:01:03.069750,66.09901428222656,26.25571632385254,0.0019190596649423,0.005,-0.221,0.0,0.0,0,0,1,,0.906,2026-03-17T17:01:03.069750,happy,0.606,2026-03-17T17:01:01.127300,0.7823541691422007,2026-03-17T17:01:03.001000,77,,,
participant_24,1,day,Town10HD_Opt,2026-03-17 17:01:04.272718,66.09912109375,26.25571632385254,0.0019190596649423,0.005,-0.258,0.0,0.0,0,0,1,,0.917,2026-03-17T17:01:04.272718,happy,0.559,2026-03-17T17:01:04.272718,0.7948070765738131,2026-03-17T17:01:04.981000,73,,,
participant_24,1,day,Town10HD_Opt,2026-03-17 17:01:05.258717,66.0993423461914,26.25571632385254,0.0019192504696547,0.006,-0.275,0.0,0.0,0,0,1,,0.922,2026-03-17T17:01:05.258717,happy,0.559,2026-03-17T17:01:04.272718,0.7968631794724702,2026-03-17T17:01:06.016000,73,,,
participant_24,1,day,Town10HD_Opt,2026-03-17 17:01:06.172939,66.0994644165039,26.255714416503903,0.0019189452286809,0.001,-0.287,0.0,0.0,0,0,1,,0.89,2026-03-17T17:01:06.172939,happy,0.559,2026-03-17T17:01:04.272718,0.8173582974281188,2026-03-17T17:01:07.005000,76,,,
participant_24,1,day,Town10HD_Opt,2026-03-17 17:01:07.145298,66.09941864013672,26.255714416503903,0.0019187927246093,0.001,-0.287,0.0,0.0,0,0,1,,0.9,2026-03-17T17:01:07.145298,neutral,0.543,2026-03-17T17:01:07.145298,0.8263742704604455,2026-03-17T17:01:07.995000,75,,,
participant_24,1,day,Town10HD_Opt,2026-03-17 17:01:08.063983,66.0994644165039,26.25571632385254,0.0019190596649423,0.004,-0.287,0.0,0.0,0,0,1,,0.909,2026-03-17T17:01:08.063983,neutral,0.543,2026-03-17T17:01:07.145298,0.7865257882056473,2026-03-17T17:01:07.995000,77,,,
participant_24,1,day,Town10HD_Opt,2026-03-17 17:01:08.999713,66.09966278076172,26.25571632385254,0.0019192122854292,0.005,-0.289,0.0,0.0,0,0,1,,0.933,2026-03-17T17:01:08.999713,neutral,0.543,2026-03-17T17:01:07.145298,0.8647392795752137,2026-03-17T17:01:08.988000,76,,,
participant_24,1,day,Town10HD_Opt,2026-03-17 17:01:10.218578,66.09976959228516,26.25571632385254,0.0019192122854292,0.005,-0.289,0.0,0.0,0,0,1,,0.913,2026-03-17T17:01:10.218578,happy,0.697,2026-03-17T17:01:10.218578,0.8136390811059601,2026-03-17T17:01:11.011000,74,,,
participant_24,1,day,Town10HD_Opt,2026-03-17 17:01:11.145393,66.09998321533203,26.255714416503903,0.0019189834129065,0.001,-0.289,0.0,0.0,0,0,1,,0.946,2026-03-17T17:01:11.145393,happy,0.697,2026-03-17T17:01:10.218578,0.7956732889539923,2026-03-17T17:01:12,76,,,
participant_24,1,day,Town10HD_Opt,2026-03-17 17:01:12.002727,66.09994506835938,26.255714416503903,0.0019188689766451,0.001,-0.298,0.0,0.0,0,0,1,,0.909,2026-03-17T17:01:12.002727,happy,0.697,2026-03-17T17:01:10.218578,0.7907157038449277,2026-03-17T17:01:12,76,,,
participant_24,1,day,Town10HD_Opt,2026-03-17 17:01:13.199365,66.1000747680664,26.255714416503903,0.0019188689766451,0.001,-0.313,0.0,0.0,0,0,1,,0.938,2026-03-17T17:01:13.199365,neutral,0.511,2026-03-17T17:01:13.199365,0.779867007756314,2026-03-17T17:01:14.071000,77,,,
participant_24,1,day,Town10HD_Opt,2026-03-17 17:01:14.114252,66.10003662109375,26.25571632385254,0.001919021597132,0.0,-0.331,0.0,0.0,0,0,1,,0.92,2026-03-17T17:01:14.114252,neutral,0.511,2026-03-17T17:01:13.199365,0.8037289184386793,2026-03-17T17:01:15.015000,76,,,
participant_24,1,day,Town10HD_Opt,2026-03-17 17:01:15.021079,66.10021209716797,26.255714416503903,0.0019190978491678,0.005,-0.331,0.0,0.0,0,0,1,,0.9,2026-03-17T17:01:15.021079,neutral,0.511,2026-03-17T17:01:13.199365,0.7967389258756534,2026-03-17T17:01:15.015000,75,,,
participant_24,1,day,Town10HD_Opt,2026-03-17 17:01:16.237564,66.1003189086914,26.25571250915528,0.0019190596649423,0.005,-0.331,0.0,0.0,0,0,1,,0.823,2026-03-17T17:01:16.237564,neutral,0.57,2026-03-17T17:01:16.237564,0.7975562443285149,2026-03-17T17:01:17.042000,74,,,
participant_24,1,day,Town10HD_Opt,2026-03-17 17:01:17.189486,66.1005630493164,26.25571060180664,0.0019192504696547,0.006,-0.331,0.0,0.0,0,0,1,,0.904,2026-03-17T17:01:17.189486,neutral,0.57,2026-03-17T17:01:16.237564,0.7622181651208233,2026-03-17T17:01:18.031000,73,,,
participant_24,1,day,Town10HD_Opt,2026-03-17 17:01:18.139787,66.10062408447266,26.255704879760746,0.0019189452286809,0.001,-0.331,0.0,0.0,0,0,1,,0.919,2026-03-17T17:01:18.139787,neutral,0.57,2026-03-17T17:01:16.237564,0.7703483036124398,2026-03-17T17:01:19.021000,76,,,
participant_24,1,day,Town10HD_Opt,2026-03-17 17:01:19.036286,66.1005859375,26.25570297241211,0.0019187545403838,0.001,-0.331,0.0,0.0,0,0,1,,0.863,2026-03-17T17:01:19.036286,happy,0.61,2026-03-17T17:01:19.036286,0.778028691506161,2026-03-17T17:01:19.021000,73,,,
participant_24,1,day,Town10HD_Opt,2026-03-17 17:01:20.012682,66.10066986083984,26.255704879760746,0.0019190596649423,0.005,-0.331,0.0,0.0,0,0,1,,0.904,2026-03-17T17:01:20.012682,happy,0.61,2026-03-17T17:01:19.036286,0.8102983345358546,2026-03-17T17:01:20.015000,71,,,
participant_24,1,day,Town10HD_Opt,2026-03-17 17:01:21.198442,66.10079193115234,26.25570297241211,0.0019190596649423,0.005,-0.327,0.0,0.0,0,0,1,,0.902,2026-03-17T17:01:21.198442,neutral,0.759,2026-03-17T17:01:21.198442,0.8097400554338569,2026-03-17T17:01:21.001000,71,,,
participant_24,1,day,Town10HD_Opt,2026-03-17 17:01:22.194715,66.10099792480469,26.255699157714844,0.0019192504696547,0.006,-0.32,0.0,0.0,0,0,1,,1.0,2026-03-17T17:01:22.194715,neutral,0.759,2026-03-17T17:01:21.198442,0.8270969076881368,2026-03-17T17:01:22.981000,73,,,
participant_24,1,day,Town10HD_Opt,2026-03-17 17:01:23.119175,66.1011734008789,26.25569725036621,0.0019189834129065,0.001,-0.313,0.0,0.0,0,0,1,,0.944,2026-03-17T17:01:23.119175,neutral,0.759,2026-03-17T17:01:21.198442,0.8104206532439276,2026-03-17T17:01:24.016000,71,,,
participant_24,1,day,Town10HD_Opt,2026-03-17 17:01:24.245927,66.10131072998047,26.25569725036621,0.0019189834129065,0.001,-0.308,0.0,0.0,0,0,1,,0.934,2026-03-17T17:01:24.245927,happy,0.631,2026-03-17T17:01:24.245927,0.8207109311197418,2026-03-17T17:01:25.096000,72,,,
participant_24,1,day,Town10HD_Opt,2026-03-17 17:01:25.138116,66.10126495361328,26.25569725036621,0.0019188307924196,0.001,-0.275,0.0,0.0,0,0,1,,0.93,2026-03-17T17:01:25.138116,happy,0.631,2026-03-17T17:01:24.245927,0.779046547360801,2026-03-17T17:01:26.041000,72,,,
participant_24,1,day,Town10HD_Opt,2026-03-17 17:01:26.011968,66.10124969482422,26.25569725036621,0.001919021597132,0.0,-0.251,0.0,0.0,0,0,1,,0.902,2026-03-17T17:01:26.011968,happy,0.631,2026-03-17T17:01:24.245927,0.8430852347401663,2026-03-17T17:01:26.041000,71,,,
participant_24,1,day,Town10HD_Opt,2026-03-17 17:01:27.269231,66.10136413574219,26.25569725036621,0.0019189834129065,0.0,-0.247,0.0,0.0,0,0,1,,0.913,2026-03-17T17:01:27.269231,happy,0.554,2026-03-17T17:01:27.269231,0.8045951768826708,2026-03-17T17:01:28.021000,72,,,
participant_24,1,day,Town10HD_Opt,2026-03-17 17:01:28.170210,66.1015396118164,26.25569725036621,0.0019190978491678,0.005,-0.209,0.0,0.0,0,0,1,,0.895,2026-03-17T17:01:28.170210,happy,0.554,2026-03-17T17:01:27.269231,0.755926826456839,2026-03-17T17:01:29.012000,72,,,
participant_24,1,day,Town10HD_Opt,2026-03-17 17:01:29.094407,66.10179138183594,26.25569725036621,0.0019191360333934,0.006,-0.2,0.0,0.0,0,0,1,,0.921,2026-03-17T17:01:29.094407,happy,0.554,2026-03-17T17:01:27.269231,0.7879544754440176,2026-03-17T17:01:29.012000,70,,,
participant_24,1,day,Town10HD_Opt,2026-03-17 17:01:30.243081,66.10189056396484,26.25569725036621,0.0019192122854292,0.006,-0.2,0.0,0.0,0,0,1,,0.937,2026-03-17T17:01:30.243081,neutral,0.578,2026-03-17T17:01:30.243081,0.7687915802448333,2026-03-17T17:01:30.991000,74,,,
participant_24,1,day,Town10HD_Opt,2026-03-17 17:01:31.149176,66.10192108154297,26.25569725036621,0.0019189071608707,0.001,-0.2,0.0,0.0,0,0,1,,0.893,2026-03-17T17:01:31.149176,neutral,0.578,2026-03-17T17:01:30.243081,0.765173545513881,2026-03-17T17:01:31.981000,73,,,
participant_24,1,day,Town10HD_Opt,2026-03-17 17:01:32.049690,66.10187530517578,26.25569725036621,0.0019187545403838,0.001,-0.2,0.0,0.0,0,0,1,,0.933,2026-03-17T17:01:32.049690,neutral,0.578,2026-03-17T17:01:30.243081,0.7736014216320898,2026-03-17T17:01:31.981000,72,,,
participant_24,1,day,Town10HD_Opt,2026-03-17 17:01:33.258677,66.10201263427734,26.25569725036621,0.0019187163561582,0.001,-0.2,0.0,0.0,0,0,1,,0.943,2026-03-17T17:01:33.258677,neutral,0.827,2026-03-17T17:01:33.258677,0.8020147145392217,2026-03-17T17:01:34.006000,76,,,
participant_24,1,day,Town10HD_Opt,2026-03-17 17:01:34.183040,66.10209655761719,26.25569725036621,0.001919021597132,0.005,-0.2,0.0,0.0,0,0,1,,0.922,2026-03-17T17:01:34.183040,neutral,0.827,2026-03-17T17:01:33.258677,0.7336341865601529,2026-03-17T17:01:34.997000,75,,,
participant_24,1,day,Town10HD_Opt,2026-03-17 17:01:35.143203,66.10230255126953,26.25569725036621,0.0019192504696547,0.005,-0.2,0.0,0.0,0,0,1,,0.943,2026-03-17T17:01:35.143203,neutral,0.827,2026-03-17T17:01:33.258677,0.6820027764816718,2026-03-17T17:01:36.032000,75,,,
participant_24,1,day,Town10HD_Opt,2026-03-17 17:01:36.048441,66.10244750976562,26.25569725036621,0.0019189834129065,0.001,-0.148,0.0,0.0,0,0,1,,1.0,2026-03-17T17:01:36.048441,neutral,0.769,2026-03-17T17:01:36.048441,0.7228540357113944,2026-03-17T17:01:36.032000,75,,,
participant_24,1,day,Town10HD_Opt,2026-03-17 17:01:37.268545,66.10708618164062,26.25540542602539,0.0019183730473741,0.022,-0.202,0.161,0.0,0,1,-1,,0.908,2026-03-17T17:01:37.268545,neutral,0.769,2026-03-17T17:01:36.048441,0.624639204265614,2026-03-17T17:01:38.011000,76,,,
participant_24,1,day,Town10HD_Opt,2026-03-17 17:01:38.177423,66.04872131347656,26.262285232543945,0.0020824812818318,2.863,-8.313,0.613,0.0,0,1,-1,,0.967,2026-03-17T17:01:38.177423,neutral,0.81,2026-03-17T17:01:38.177423,0.7596731530391535,2026-03-17T17:01:39.003000,74,,,
participant_24,1,day,Town10HD_Opt,2026-03-17 17:01:39.035477,65.0587158203125,26.357852935791016,0.0021771239116787,9.484,-7.418,0.628,0.0,0,1,-1,,0.843,2026-03-17T17:01:39.035477,neutral,0.81,2026-03-17T17:01:38.177423,0.6930795427202434,2026-03-17T17:01:39.003000,74,,,errors=Vehicle collision
participant_24,1,day,Town10HD_Opt,2026-03-17 17:01:40.201102,63.969970703125,26.417686462402344,0.006328391842544,0.076,0.094,0.472,0.0,0,1,-1,,0.814,2026-03-17T17:01:40.201102,sad,0.342,2026-03-17T17:01:40.201102,0.63896331815517,2026-03-17T17:01:40.981000,75,,,
participant_24,1,day,Town10HD_Opt,2026-03-17 17:01:41.102668,63.970497131347656,26.433210372924805,0.0046128844842314,0.05,1.415,0.0,0.0,0,1,-1,,0.827,2026-03-17T17:01:41.102668,sad,0.342,2026-03-17T17:01:40.201102,0.7119872778648116,2026-03-17T17:01:40.981000,75,,,
participant_24,1,day,Town10HD_Opt,2026-03-17 17:01:42.237893,64.15035247802734,26.45176887512207,0.0018513107206672,3.046,10.521,0.531,0.0,0,0,1,,0.91,2026-03-17T17:01:42.237893,neutral,0.845,2026-03-17T17:01:42.237893,0.7754622842909453,2026-03-17T17:01:43.007000,74,,,
participant_24,1,day,Town10HD_Opt,2026-03-17 17:01:43.157645,65.09357452392578,26.635332107543945,0.0018746566493064,6.404,14.584,0.0,0.0,0,0,1,,0.869,2026-03-17T17:01:43.157645,neutral,0.845,2026-03-17T17:01:42.237893,0.7434246936005601,2026-03-17T17:01:43.007000,74,,,
participant_24,1,day,Town10HD_Opt,2026-03-17 17:01:44.010702,66.05089569091797,26.880868911743164,0.0019624710548669,4.893,8.53,0.0,0.0,0,0,1,,0.975,2026-03-17T17:01:44.010702,neutral,0.845,2026-03-17T17:01:42.237893,0.7337159360646945,2026-03-17T17:01:44.086000,74,,,
participant_24,1,day,Town10HD_Opt,2026-03-17 17:01:45.171111,66.99491882324219,27.12649917602539,0.0019518280168995,3.445,1.777,0.0,0.0,0,0,1,,0.907,2026-03-17T17:01:45.171111,neutral,0.55,2026-03-17T17:01:45.171111,0.7634137576485917,2026-03-17T17:01:46.021000,77,,,
participant_24,1,day,Town10HD_Opt,2026-03-17 17:01:46.037645,67.5015869140625,27.25181579589844,0.0019265746232122,3.025,6.725,0.314,0.0,0,0,1,,0.934,2026-03-17T17:01:46.037645,neutral,0.55,2026-03-17T17:01:45.171111,0.6930307277118993,2026-03-17T17:01:46.021000,77,,,
participant_24,1,day,Town10HD_Opt,2026-03-17 17:01:47.194791,68.64008331298828,27.55742454528809,0.001816101022996,7.435,-2.857,0.286,0.0,0,0,1,,0.891,2026-03-17T17:01:47.194791,neutral,0.46,2026-03-17T17:01:47.194791,0.7206656079830619,2026-03-17T17:01:48.091000,79,,,
participant_24,1,day,Town10HD_Opt,2026-03-17 17:01:48.108242,70.10135650634766,27.86764907836914,0.0018365859286859,9.928,-2.974,0.231,0.0,0,0,1,,0.937,2026-03-17T17:01:48.108242,neutral,0.46,2026-03-17T17:01:47.194791,0.7270645035315371,2026-03-17T17:01:48.991000,75,,,
participant_24,1,day,Town10HD_Opt,2026-03-17 17:01:49.271356,72.14997100830078,28.32613945007324,0.002049446105957,6.411,4.15,0.0,0.31,0,0,1,,0.938,2026-03-17T17:01:49.271356,neutral,0.563,2026-03-17T17:01:49.271356,0.6958544520517095,2026-03-17T17:01:50.026000,79,,,
participant_24,1,day,Town10HD_Opt,2026-03-17 17:01:50.140520,72.42526245117188,28.39900779724121,0.0020001982338726,0.0,3.459,0.0,0.4,0,0,1,,0.945,2026-03-17T17:01:50.140520,neutral,0.563,2026-03-17T17:01:49.271356,0.7662358233612394,2026-03-17T17:01:51.016000,80,,,
participant_24,1,day,Town10HD_Opt,2026-03-17 17:01:51.257643,72.4242172241211,28.39874267578125,0.0019219588721171,0.02,3.363,0.308,0.0,0,1,-1,,0.832,2026-03-17T17:01:51.257643,neutral,0.563,2026-03-17T17:01:49.271356,0.7220928548949049,2026-03-17T17:01:52.006000,79,,,
participant_24,1,day,Town10HD_Opt,2026-03-17 17:01:52.126574,72.40764617919922,28.39408302307129,0.0019377898424863,1.395,5.749,0.391,0.0,0,1,-1,,0.927,2026-03-17T17:01:52.126574,neutral,0.377,2026-03-17T17:01:52.126574,0.8115822002285181,2026-03-17T17:01:52.006000,81,Solid line crossing,Solid line crossing,
participant_24,1,day,Town10HD_Opt,2026-03-17 17:01:53.009353,71.92378234863281,28.26091957092285,0.0020020676311105,4.089,3.41,0.281,0.0,0,1,-1,,0.894,2026-03-17T17:01:53.009353,neutral,0.377,2026-03-17T17:01:52.126574,0.7414371536606911,2026-03-17T17:01:53.086000,80,,,
participant_24,1,day,Town10HD_Opt,2026-03-17 17:01:54.260446,71.11802673339844,28.066680908203125,0.0018972395919263,3.025,3.983,0.283,0.0,0,1,-1,,0.934,2026-03-17T17:01:54.260446,sad,0.426,2026-03-17T17:01:54.260446,0.7159687609839304,2026-03-17T17:01:55.067000,80,,,
participant_24,1,day,Town10HD_Opt,2026-03-17 17:01:55.150043,70.65997314453125,27.95298957824707,0.0018932723905891,2.309,7.382,0.237,0.0,0,1,-1,,0.928,2026-03-17T17:01:55.150043,sad,0.426,2026-03-17T17:01:54.260446,0.7237457344402171,2026-03-17T17:01:56.011000,86,,,
participant_24,1,day,Town10HD_Opt,2026-03-17 17:01:56.079792,70.2952880859375,27.8597412109375,0.0019173431210219,2.055,12.355,0.241,0.0,0,1,-1,,0.932,2026-03-17T17:01:56.079792,sad,0.426,2026-03-17T17:01:54.260446,0.7481719156925033,2026-03-17T17:01:56.011000,81,,,errors=Vehicle collision
participant_24,1,day,Town10HD_Opt,2026-03-17 17:01:57.256831,70.02686309814453,27.830734252929688,0.0017544936854392,1.0,15.378,0.267,0.0,0,1,-1,,1.0,2026-03-17T17:01:57.256831,neutral,0.596,2026-03-17T17:01:57.256831,0.7080541866168955,2026-03-17T17:01:58.126000,83,,,
participant_24,1,day,Town10HD_Opt,2026-03-17 17:01:58.125025,69.83202362060547,27.80388641357422,0.0023738860618323,1.351,15.339,0.27,0.0,0,1,-1,,0.824,2026-03-17T17:01:58.125025,neutral,0.596,2026-03-17T17:01:57.256831,0.7615888585638672,2026-03-17T17:01:58.982000,84,,,errors=Vehicle collision
participant_24,1,day,Town10HD_Opt,2026-03-17 17:01:59.271809,69.56217956542969,27.76995086669922,0.0028343200683593,0.534,14.467,0.0,0.0,0,1,-1,,0.92,2026-03-17T17:01:59.271809,sad,0.399,2026-03-17T17:01:59.271809,0.7483351007629272,2026-03-17T17:02:00.016000,83,,,
participant_24,1,day,Town10HD_Opt,2026-03-17 17:02:00.192336,69.52059936523438,27.765729904174805,0.0026454543694853,0.044,14.531,0.0,0.0,0,1,-1,,1.0,2026-03-17T17:02:00.192336,sad,0.399,2026-03-17T17:01:59.271809,0.8158370910308173,2026-03-17T17:02:01.096000,83,,,
participant_24,1,day,Town10HD_Opt,2026-03-17 17:02:01.059108,69.51815032958984,27.765851974487305,0.0023543166462332,0.005,14.418,0.0,0.0,0,1,-1,,1.0,2026-03-17T17:02:01.059108,sad,0.399,2026-03-17T17:01:59.271809,0.7223679896080263,2026-03-17T17:02:01.096000,83,,,errors=Vehicle collision
participant_24,1,day,Town10HD_Opt,2026-03-17 17:02:02.138496,69.51986694335938,27.766469955444336,0.0019750976935029,0.005,15.98,0.022,0.0,0,0,1,,1.0,2026-03-17T17:02:02.138496,neutral,0.454,2026-03-17T17:02:02.138496,0.7689859401680049,2026-03-17T17:02:02.087000,84,,,
participant_24,1,day,Town10HD_Opt,2026-03-17 17:02:03.024865,69.5297622680664,27.76953125,0.0019014739664271,0.692,24.787,0.179,0.0,0,0,1,,0.885,2026-03-17T17:02:03.024865,neutral,0.454,2026-03-17T17:02:02.138496,0.7472959059089316,2026-03-17T17:02:03.084000,82,,,
participant_24,1,day,Town10HD_Opt,2026-03-17 17:02:04.142485,69.97589111328125,27.92733383178711,0.0018226623069494,4.068,17.221,0.0,0.0,0,0,1,,1.0,2026-03-17T17:02:04.142485,sad,0.456,2026-03-17T17:02:04.142485,0.7822358058812413,2026-03-17T17:02:04.021000,85,,,
participant_24,1,day,Town10HD_Opt,2026-03-17 17:02:05.276659,70.8079833984375,28.140668869018555,0.0019301223801448,3.643,-5.394,0.505,0.0,0,0,1,,1.0,2026-03-17T17:02:05.276659,sad,0.456,2026-03-17T17:02:04.142485,0.6493321491345879,2026-03-17T17:02:06.046000,80,,,
participant_24,1,day,Town10HD_Opt,2026-03-17 17:02:06.120500,72.10829162597656,28.328086853027344,0.0015679930802434,13.513,-7.629,0.814,0.0,0,0,1,,1.0,2026-03-17T17:02:06.120500,sad,0.456,2026-03-17T17:02:04.142485,0.7070609982724511,2026-03-17T17:02:06.994000,80,,,
participant_24,1,day,Town10HD_Opt,2026-03-17 17:02:07.234374,76.44542694091797,28.552433013916016,0.0020236587151885,19.89,-2.617,0.0,0.112,0,0,1,,0.933,2026-03-17T17:02:07.234374,neutral,0.412,2026-03-17T17:02:07.234374,0.7364298470783877,2026-03-17T17:02:07.981000,80,,,errors=Vehicle collision
participant_24,1,day,Town10HD_Opt,2026-03-17 17:02:08.184698,77.5636978149414,28.585453033447266,-0.0010481261415407,0.05,-1.072,0.0,0.503,0,0,1,,0.975,2026-03-17T17:02:08.184698,neutral,0.412,2026-03-17T17:02:07.234374,0.7469328880354593,2026-03-17T17:02:09.062000,82,,,
participant_24,1,day,Town10HD_Opt,2026-03-17 17:02:09.031627,77.56317138671875,28.585432052612305,0.0018886947073042,0.002,-0.458,0.209,0.0,0,1,-1,,0.927,2026-03-17T17:02:09.031627,neutral,0.412,2026-03-17T17:02:07.234374,0.6800908027842891,2026-03-17T17:02:09.062000,82,,,
participant_24,1,day,Town10HD_Opt,2026-03-17 17:02:10.190033,77.19634246826172,28.581974029541016,0.0020238494034856,3.685,-0.261,0.0,0.0,0,1,-1,,1.0,2026-03-17T17:02:10.190033,neutral,0.639,2026-03-17T17:02:10.190033,0.7559186356226048,2026-03-17T17:02:10.996000,85,,,
participant_24,1,day,Town10HD_Opt,2026-03-17 17:02:11.060759,76.75965881347656,28.577726364135746,0.001856651273556,1.377,-0.275,0.0,0.0,0,1,-1,,1.0,2026-03-17T17:02:11.060759,neutral,0.639,2026-03-17T17:02:10.190033,0.7293931580677921,2026-03-17T17:02:10.996000,83,,,
participant_24,1,day,Town10HD_Opt,2026-03-17 17:02:12.182133,76.5755615234375,28.575868606567383,0.0019005202921107,0.351,-0.275,0.0,0.0,0,1,-1,,0.919,2026-03-17T17:02:12.182133,neutral,0.639,2026-03-17T17:02:10.190033,0.8123493807958408,2026-03-17T17:02:13.022000,82,,,
participant_24,1,day,Town10HD_Opt,2026-03-17 17:02:13.004334,76.5363998413086,28.575475692749023,0.0019045256776735,0.0,-0.378,0.0,0.0,0,1,-1,,0.918,2026-03-17T17:02:13.004334,sad,0.315,2026-03-17T17:02:13.004334,0.6209464661622384,2026-03-17T17:02:13.022000,82,,,
participant_24,1,day,Town10HD_Opt,2026-03-17 17:02:14.125985,76.536376953125,28.575475692749023,0.0019180679228156,0.0,0.082,0.0,0.0,0,1,-1,,1.0,2026-03-17T17:02:14.125985,sad,0.315,2026-03-17T17:02:13.004334,0.7837710985699258,2026-03-17T17:02:14.011000,82,,,
participant_24,1,day,Town10HD_Opt,2026-03-17 17:02:15.222835,76.536376953125,28.575475692749023,0.0019180679228156,0.0,0.096,0.0,0.0,0,1,-1,,0.811,2026-03-17T17:02:15.222835,neutral,0.683,2026-03-17T17:02:15.222835,0.7400420705518002,2026-03-17T17:02:15.991000,81,,,
participant_24,1,day,Town10HD_Opt,2026-03-17 17:02:16.099141,76.536376953125,28.575475692749023,0.0019180679228156,0.0,0.096,0.0,0.0,0,1,-1,,1.0,2026-03-17T17:02:16.099141,neutral,0.683,2026-03-17T17:02:15.222835,0.6984363849265812,2026-03-17T17:02:16.981000,83,,,
participant_24,1,day,Town10HD_Opt,2026-03-17 17:02:17.228112,76.536376953125,28.575475692749023,0.0019180679228156,0.0,0.465,0.0,0.0,0,0,1,,0.85,2026-03-17T17:02:17.228112,neutral,0.742,2026-03-17T17:02:17.228112,0.7707969086119576,2026-03-17T17:02:18.016000,81,,,
participant_24,1,day,Town10HD_Opt,2026-03-17 17:02:18.104610,76.536376953125,28.575475692749023,0.0019180679228156,0.0,0.404,0.0,0.0,0,0,1,,0.938,2026-03-17T17:02:18.104610,neutral,0.742,2026-03-17T17:02:17.228112,0.7495339510313771,2026-03-17T17:02:19.008000,87,,,
participant_24,1,day,Town10HD_Opt,2026-03-17 17:02:19.197296,76.536376953125,28.575475692749023,0.0019180679228156,0.0,0.383,0.0,0.0,0,0,1,,0.927,2026-03-17T17:02:19.197296,neutral,0.742,2026-03-17T17:02:17.228112,0.7174799429493279,2026-03-17T17:02:19.998000,88,,,
participant_24,1,day,Town10HD_Opt,2026-03-17 17:02:20.025107,76.536376953125,28.575475692749023,0.0019180679228156,0.0,0.376,0.0,0.0,0,0,1,,0.904,2026-03-17T17:02:20.025107,neutral,0.79,2026-03-17T17:02:20.025107,0.7272853358393598,2026-03-17T17:02:19.998000,86,,,
participant_24,1,day,Town10HD_Opt,2026-03-17 17:02:21.092244,76.536376953125,28.575475692749023,0.0019180679228156,0.0,0.376,0.0,0.0,0,0,1,,0.92,2026-03-17T17:02:21.092244,neutral,0.79,2026-03-17T17:02:20.025107,0.6979943317322916,2026-03-17T17:02:20.987000,87,,,
participant_24,1,day,Town10HD_Opt,2026-03-17 17:02:22.245962,76.64915466308594,28.575401306152344,0.00180137634743,2.576,-0.865,0.179,0.0,0,0,1,,0.926,2026-03-17T17:02:22.245962,neutral,0.819,2026-03-17T17:02:22.245962,0.7230196048633518,2026-03-17T17:02:23.103000,86,,,
participant_24,1,day,Town10HD_Opt,2026-03-17 17:02:23.212946,77.2257308959961,28.57701110839844,0.0018736267229542,3.917,-1.191,0.164,0.0,0,0,1,,0.938,2026-03-17T17:02:23.212946,neutral,0.819,2026-03-17T17:02:22.245962,0.6716340242210478,2026-03-17T17:02:24.047000,85,,,
participant_24,1,day,Town10HD_Opt,2026-03-17 17:02:24.066294,78.01646423339844,28.57267570495605,0.0018862533615902,4.981,-1.455,0.162,0.0,0,0,1,,0.941,2026-03-17T17:02:24.066294,neutral,0.819,2026-03-17T17:02:22.245962,0.7051945085454522,2026-03-17T17:02:24.047000,87,,,
participant_24,1,day,Town10HD_Opt,2026-03-17 17:02:25.255036,79.15553283691406,28.566749572753903,0.0019551848527044,4.012,-0.195,0.0,0.0,0,0,1,,0.833,2026-03-17T17:02:25.255036,neutral,0.766,2026-03-17T17:02:25.255036,0.6601044670225072,2026-03-17T17:02:25.982000,85,,,
participant_24,1,day,Town10HD_Opt,2026-03-17 17:02:26.172023,79.79943084716797,28.56438446044922,0.0019493865547701,3.171,-0.195,0.0,0.0,0,0,1,,0.88,2026-03-17T17:02:26.172023,neutral,0.766,2026-03-17T17:02:25.255036,0.6658965148415694,2026-03-17T17:02:25.982000,86,,,
participant_24,1,day,Town10HD_Opt,2026-03-17 17:02:27.024812,80.15574645996094,28.56282424926757,0.002067832974717,0.0,-0.23,0.0,0.049,0,0,1,,0.89,2026-03-17T17:02:27.024812,neutral,0.766,2026-03-17T17:02:25.255036,0.7388080652941881,2026-03-17T17:02:27.106000,86,,,
participant_24,1,day,Town10HD_Opt,2026-03-17 17:02:28.217088,80.15599060058594,28.562822341918945,0.0019216918153688,0.003,-0.23,0.0,0.0,0,0,1,,0.897,2026-03-17T17:02:28.217088,neutral,0.65,2026-03-17T17:02:28.217088,0.6526766955518852,2026-03-17T17:02:28.998000,84,,,
participant_24,1,day,Town10HD_Opt,2026-03-17 17:02:29.017714,80.15631866455078,28.56282424926757,0.001919021597132,0.001,-0.23,0.0,0.0,0,0,1,,0.91,2026-03-17T17:02:29.017714,neutral,0.65,2026-03-17T17:02:28.217088,0.6560731115622446,2026-03-17T17:02:28.998000,83,,,
participant_24,1,day,Town10HD_Opt,2026-03-17 17:02:30.109604,80.15642547607422,28.56282424926757,0.0019191360333934,0.001,-0.23,0.0,0.0,0,0,1,,0.928,2026-03-17T17:02:30.109604,neutral,0.65,2026-03-17T17:02:28.217088,0.6097901921100359,2026-03-17T17:02:29.987000,85,,,
participant_24,1,day,Town10HD_Opt,2026-03-17 17:02:31.148485,80.15644073486328,28.56282424926757,0.0019188689766451,0.006,-0.23,0.0,0.0,0,0,1,,0.93,2026-03-17T17:02:31.148485,neutral,0.871,2026-03-17T17:02:31.148485,0.5697562089675099,2026-03-17T17:02:32.012000,81,,,
participant_24,1,day,Town10HD_Opt,2026-03-17 17:02:31.996777,80.1563949584961,28.56282424926757,0.0019187163561582,0.006,-0.233,0.0,0.0,0,0,1,,0.915,2026-03-17T17:02:31.996777,neutral,0.871,2026-03-17T17:02:31.148485,0.6682477745289415,2026-03-17T17:02:32.012000,81,Solid line crossing,Solid line crossing,
participant_24,1,day,Town10HD_Opt,2026-03-17 17:02:33.129805,80.15652465820312,28.56282424926757,0.001918678288348,0.006,-0.233,0.0,0.0,0,0,1,,0.919,2026-03-17T17:02:33.129805,neutral,0.871,2026-03-17T17:02:31.148485,0.6080055429571717,2026-03-17T17:02:33.092000,81,,,
participant_24,1,day,Town10HD_Opt,2026-03-17 17:02:34.016663,80.1554946899414,28.562753677368164,0.0019161986419931,0.238,11.113,0.718,0.0,0,0,1,,0.959,2026-03-17T17:02:34.016663,neutral,0.571,2026-03-17T17:02:34.016663,0.604158228111992,2026-03-17T17:02:34.037000,81,,,
participant_24,1,day,Town10HD_Opt,2026-03-17 17:02:35.114285,81.906982421875,28.72414970397949,0.0014438247308135,17.687,1.981,1.0,0.0,0,0,1,,0.962,2026-03-17T17:02:35.114285,neutral,0.571,2026-03-17T17:02:34.016663,0.5086013893114567,2026-03-17T17:02:36.016000,82,,,
participant_24,1,day,Town10HD_Opt,2026-03-17 17:02:36.050371,86.04549407958984,28.851919174194336,0.0015247344272211,32.305,-10.643,1.0,0.0,0,0,1,,0.921,2026-03-17T17:02:36.050371,neutral,0.505,2026-03-17T17:02:36.050371,0.5297491794132683,2026-03-17T17:02:36.016000,80,,,
participant_24,1,day,Town10HD_Opt,2026-03-17 17:02:37.140466,95.2916030883789,26.26860618591309,0.0015833663055673,51.551,-9.294,0.0,0.0,0,0,1,,0.887,2026-03-17T17:02:37.140466,neutral,0.505,2026-03-17T17:02:36.050371,0.5525972365606034,2026-03-17T17:02:37.997000,82,,,
participant_24,1,day,Town10HD_Opt,2026-03-17 17:02:38.246694,103.91810607910156,18.49430084228516,0.0018512343522161,52.039,-12.309,0.0,0.212,0,0,1,,0.866,2026-03-17T17:02:38.246694,neutral,0.665,2026-03-17T17:02:38.246694,0.5632474372446596,2026-03-17T17:02:39.031000,82,,,
participant_24,1,day,Town10HD_Opt,2026-03-17 17:02:39.033730,106.68901824951172,10.419910430908203,0.0018075561383739,50.758,-6.078,0.955,0.0,0,0,1,,0.859,2026-03-17T17:02:39.033730,neutral,0.665,2026-03-17T17:02:38.246694,0.5579376603994146,2026-03-17T17:02:39.031000,82,,,
participant_24,1,day,Town10HD_Opt,2026-03-17 17:02:40.136960,106.97592163085938,-1.3870443105697632,0.0018584060017019,52.347,0.19,0.0,0.251,0,0,1,,0.901,2026-03-17T17:02:40.136960,neutral,0.665,2026-03-17T17:02:38.246694,0.520301184979519,2026-03-17T17:02:41.012000,80,,,
participant_24,1,day,Town10HD_Opt,2026-03-17 17:02:41.187217,107.1502914428711,-12.35884952545166,0.0022818373981863,41.541,-0.237,0.242,0.0,0,0,1,,0.88,2026-03-17T17:02:41.187217,neutral,0.559,2026-03-17T17:02:41.187217,0.6157135945856488,2026-03-17T17:02:42.002000,79,,,
participant_24,1,day,Town10HD_Opt,2026-03-17 17:02:42.259111,107.1754379272461,-21.63471221923828,0.0020290755201131,39.716,-1.793,0.53,0.0,0,0,1,,0.937,2026-03-17T17:02:42.259111,neutral,0.559,2026-03-17T17:02:41.187217,0.5292567270024864,2026-03-17T17:02:42.991000,82,,,errors=Solid line crossing
participant_24,1,day,Town10HD_Opt,2026-03-17 17:02:43.065290,106.69802856445312,-28.7224235534668,0.0019811247475445,41.697,-4.247,0.526,0.0,0,0,1,,0.936,2026-03-17T17:02:43.065290,neutral,0.559,2026-03-17T17:02:41.187217,0.497702358642273,2026-03-17T17:02:42.991000,82,,,
participant_24,1,day,Town10HD_Opt,2026-03-17 17:02:44.111087,104.4120101928711,-38.42793273925781,0.0019756315741688,44.282,-4.362,0.585,0.0,0,0,1,,0.951,2026-03-17T17:02:44.111087,neutral,0.603,2026-03-17T17:02:44.111087,0.5232054192916706,2026-03-17T17:02:44.072000,83,,,
participant_24,1,day,Town10HD_Opt,2026-03-17 17:02:45.150816,99.73304748535156,-48.12921142578125,0.0019230269826948,48.473,-5.075,0.581,0.0,0,0,1,,0.946,2026-03-17T17:02:45.150816,neutral,0.603,2026-03-17T17:02:44.111087,0.5517329212202622,2026-03-17T17:02:46.008000,83,,,
participant_24,1,day,Town10HD_Opt,2026-03-17 17:02:46.259577,92.30636596679688,-56.73206329345703,0.0020725249778479,48.347,-5.408,0.459,0.0,0,0,1,,0.921,2026-03-17T17:02:46.259577,happy,0.794,2026-03-17T17:02:46.259577,0.5229599943681249,2026-03-17T17:02:46.997000,83,,,
participant_24,1,day,Town10HD_Opt,2026-03-17 17:02:47.114242,85.43235778808594,-61.50498962402344,0.0020814132876694,47.265,-5.411,0.453,0.0,0,0,1,,0.963,2026-03-17T17:02:47.114242,happy,0.794,2026-03-17T17:02:46.259577,0.526613461218187,2026-03-17T17:02:46.997000,83,,,
participant_24,1,day,Town10HD_Opt,2026-03-17 17:02:48.034441,77.87471771240234,-64.6449203491211,0.0020789336413145,46.315,-5.411,0.452,0.0,0,0,1,,0.969,2026-03-17T17:02:48.034441,happy,0.794,2026-03-17T17:02:46.259577,0.5764845937495026,2026-03-17T17:02:48.121000,83,,,
participant_24,1,day,Town10HD_Opt,2026-03-17 17:02:49.161964,67.3493881225586,-66.35285186767578,0.0020655822008848,45.328,-0.865,0.451,0.0,0,0,1,,0.84,2026-03-17T17:02:49.161964,happy,0.615,2026-03-17T17:02:49.161964,0.5297920194257737,2026-03-17T17:02:49.024000,86,,,
participant_24,1,day,Town10HD_Opt,2026-03-17 17:02:50.016620,59.47041320800781,-66.7975845336914,0.0020585632883012,44.825,-0.153,0.452,0.0,0,0,1,,0.921,2026-03-17T17:02:50.016620,happy,0.615,2026-03-17T17:02:49.161964,0.5649505856232242,2026-03-17T17:02:50.102000,88,,,
participant_24,1,day,Town10HD_Opt,2026-03-17 17:02:51.157264,49.0843391418457,-67.23725891113281,0.0020555877126753,44.238,-0.564,0.452,0.0,0,0,1,,0.897,2026-03-17T17:02:51.157264,happy,0.615,2026-03-17T17:02:49.161964,0.5345723665510188,2026-03-17T17:02:51.992000,88,,,
participant_24,1,day,Town10HD_Opt,2026-03-17 17:02:52.034468,41.36914443969727,-67.38018035888672,0.0020537567324936,43.906,-0.322,0.452,0.0,0,0,1,,0.914,2026-03-17T17:02:52.034468,neutral,0.55,2026-03-17T17:02:52.034468,0.6215204108252622,2026-03-17T17:02:51.992000,88,,,
participant_24,1,day,Town10HD_Opt,2026-03-17 17:02:53.247796,31.16823387145996,-67.40945434570312,0.0020514677744358,43.501,-0.176,0.452,0.0,0,0,1,,0.926,2026-03-17T17:02:53.247796,neutral,0.55,2026-03-17T17:02:52.034468,0.5344999618542574,2026-03-17T17:02:54.061000,86,,,
participant_24,1,day,Town10HD_Opt,2026-03-17 17:02:54.108222,23.68022918701172,-67.37532043457031,0.0022293853107839,39.67,-0.012,0.0,0.0,0,0,1,,0.923,2026-03-17T17:02:54.108222,happy,0.669,2026-03-17T17:02:54.108222,0.537027516363501,2026-03-17T17:02:55.008000,86,,,
participant_24,1,day,Town10HD_Opt,2026-03-17 17:02:55.195242,15.72129249572754,-67.35131072998047,0.0023064422421157,28.194,0.425,0.0,0.0,0,0,1,,0.867,2026-03-17T17:02:55.195242,happy,0.669,2026-03-17T17:02:54.108222,0.5226739299188116,2026-03-17T17:02:55.998000,85,,,
participant_24,1,day,Town10HD_Opt,2026-03-17 17:02:56.032165,11.289505004882812,-67.3908462524414,0.0022040556650608,22.682,0.489,0.222,0.0,0,0,1,,0.854,2026-03-17T17:02:56.032165,happy,0.669,2026-03-17T17:02:54.108222,0.5598382475941492,2026-03-17T17:02:55.998000,83,,,
participant_24,1,day,Town10HD_Opt,2026-03-17 17:02:57.153799,6.375626564025879,-67.48737335205078,0.0021228790283203,19.319,0.146,0.203,0.0,0,0,1,,0.859,2026-03-17T17:02:57.153799,happy,0.535,2026-03-17T17:02:57.153799,0.6433611625163327,2026-03-17T17:02:58.022000,82,,,
participant_24,1,day,Town10HD_Opt,2026-03-17 17:02:57.995310,3.14309310913086,-67.5644760131836,0.0020263672340661,18.064,0.233,0.203,0.0,0,0,1,,0.917,2026-03-17T17:02:57.995310,happy,0.535,2026-03-17T17:02:57.153799,0.6443584082817932,2026-03-17T17:02:58.022000,83,,,
participant_24,1,day,Town10HD_Opt,2026-03-17 17:02:59.125528,-0.9791035056114196,-67.67784881591797,0.001941947848536,17.11,-0.092,0.203,0.0,0,0,1,,0.952,2026-03-17T17:02:59.125528,happy,0.535,2026-03-17T17:02:57.153799,0.5619524923564897,2026-03-17T17:03:00.003000,79,,,
participant_24,1,day,Town10HD_Opt,2026-03-17 17:03:00.255692,-4.866761684417725,-67.7762451171875,0.0019396209390833,16.169,-0.148,0.203,0.0,0,0,1,,0.915,2026-03-17T17:03:00.255692,neutral,0.842,2026-03-17T17:03:00.255692,0.6100685699236225,2026-03-17T17:03:00.992000,80,,,
participant_24,1,day,Town10HD_Opt,2026-03-17 17:03:01.089070,-7.658061981201172,-67.83940887451172,0.001935577369295,15.675,-0.141,0.203,0.0,0,0,1,,0.886,2026-03-17T17:03:01.089070,neutral,0.842,2026-03-17T17:03:00.255692,0.6333942689174327,2026-03-17T17:03:00.992000,82,,,
participant_24,1,day,Town10HD_Opt,2026-03-17 17:03:02.238175,-11.25303077697754,-67.91205596923828,0.0019313811790198,15.113,-0.141,0.202,0.0,0,0,1,,0.831,2026-03-17T17:03:02.238175,neutral,0.842,2026-03-17T17:03:00.255692,0.5269549109019354,2026-03-17T17:03:03.107000,80,,,
participant_24,1,day,Town10HD_Opt,2026-03-17 17:03:03.148668,-13.874832153320312,-67.95889282226562,0.0019287872128188,14.817,-0.141,0.202,0.0,0,0,1,,0.861,2026-03-17T17:03:03.148668,neutral,0.567,2026-03-17T17:03:03.148668,0.5990055593754946,2026-03-17T17:03:04.052000,79,,,
participant_24,1,day,Town10HD_Opt,2026-03-17 17:03:04.171470,-17.231494903564453,-68.01115417480469,0.0020006941631436,12.894,-0.141,0.0,0.0,0,0,1,,0.911,2026-03-17T17:03:04.171470,neutral,0.567,2026-03-17T17:03:03.148668,0.619621482238628,2026-03-17T17:03:04.998000,81,,,
participant_24,1,day,Town10HD_Opt,2026-03-17 17:03:05.221023,-19.801040649414062,-68.04524230957031,0.0020056152716279,9.071,-0.141,0.0,0.0,0,0,1,,0.84,2026-03-17T17:03:05.221023,neutral,0.876,2026-03-17T17:03:05.221023,0.5131969235329275,2026-03-17T17:03:05.988000,77,,,
participant_24,1,day,Town10HD_Opt,2026-03-17 17:03:06.034350,-21.17055892944336,-68.06121826171875,0.002032051095739,5.747,-0.139,0.0,0.197,0,0,1,,0.888,2026-03-17T17:03:06.034350,neutral,0.876,2026-03-17T17:03:05.221023,0.5477893645326567,2026-03-17T17:03:05.988000,79,,,
participant_24,1,day,Town10HD_Opt,2026-03-17 17:03:07.133058,-21.454553604125977,-68.06478118896484,0.0019338607089594,0.217,-0.139,0.0,0.0,0,0,1,,0.951,2026-03-17T17:03:07.133058,neutral,0.876,2026-03-17T17:03:05.221023,0.5250917640959392,2026-03-17T17:03:08.013000,77,,,
participant_24,1,day,Town10HD_Opt,2026-03-17 17:03:08.215509,-21.49733161926269,-68.06526184082031,0.0019205092685297,0.152,-0.139,0.0,0.0,0,0,1,,0.832,2026-03-17T17:03:08.215509,neutral,0.751,2026-03-17T17:03:08.215509,0.5645969421870968,2026-03-17T17:03:09.002000,76,,,
participant_24,1,day,Town10HD_Opt,2026-03-17 17:03:09.048024,-21.52086639404297,-68.06562042236328,0.0019200133392587,0.119,-0.134,0.0,0.0,0,0,1,,0.845,2026-03-17T17:03:09.048024,neutral,0.751,2026-03-17T17:03:08.215509,0.4737668406671714,2026-03-17T17:03:09.002000,78,,,
participant_24,1,day,Town10HD_Opt,2026-03-17 17:03:10.232332,-21.543981552124023,-68.06578826904297,0.001919784466736,0.085,-0.134,0.0,0.0,0,0,1,,0.864,2026-03-17T17:03:10.232332,happy,0.627,2026-03-17T17:03:10.232332,0.5360655313492071,2026-03-17T17:03:11.072000,77,,,
participant_24,1,day,Town10HD_Opt,2026-03-17 17:03:11.045875,-21.556697845458984,-68.06578826904297,0.0019196319626644,0.066,-0.134,0.0,0.0,0,0,1,,0.908,2026-03-17T17:03:11.045875,happy,0.627,2026-03-17T17:03:10.232332,0.576899421997331,2026-03-17T17:03:11.072000,77,,,
participant_24,1,day,Town10HD_Opt,2026-03-17 17:03:12.153335,-21.56918716430664,-68.06578826904297,0.0019194793421775,0.009,-0.134,0.017,0.0,0,0,1,,0.933,2026-03-17T17:03:12.153335,happy,0.627,2026-03-17T17:03:10.232332,0.5063634969189026,2026-03-17T17:03:13.007000,75,,,
participant_24,1,day,Town10HD_Opt,2026-03-17 17:03:13.040943,-22.10626602172852,-68.07099151611328,0.0014618682907894,10.708,-0.134,1.0,0.0,0,0,1,,0.906,2026-03-17T17:03:13.040943,neutral,0.747,2026-03-17T17:03:13.040943,0.5387216021654502,2026-03-17T17:03:13.007000,76,,,
participant_24,1,day,Town10HD_Opt,2026-03-17 17:03:14.130723,-26.727706909179688,-68.10950469970703,0.001537513686344,30.714,-0.134,1.0,0.0,0,0,1,,0.903,2026-03-17T17:03:14.130723,neutral,0.747,2026-03-17T17:03:13.040943,0.5368840212039121,2026-03-17T17:03:14.008000,76,,,
participant_24,1,day,Town10HD_Opt,2026-03-17 17:03:15.198396,-36.08663558959961,-68.14696502685547,0.0017321014311164,46.653,-0.134,0.0,0.0,0,0,1,,0.876,2026-03-17T17:03:15.198396,neutral,0.504,2026-03-17T17:03:15.198396,0.5616350293506507,2026-03-17T17:03:16.022000,78,,,
participant_24,1,day,Town10HD_Opt,2026-03-17 17:03:16.254083,-45.67043685913086,-68.11797332763672,0.0028542326763272,34.139,-0.291,0.0,0.0,0,0,1,,0.908,2026-03-17T17:03:16.254083,neutral,0.504,2026-03-17T17:03:15.198396,0.5450565049573133,2026-03-17T17:03:17.013000,78,,,
participant_24,1,day,Town10HD_Opt,2026-03-17 17:03:17.074579,-50.9959716796875,-68.04595184326172,0.002222633222118,25.421,-0.235,0.0,0.086,0,0,1,,0.909,2026-03-17T17:03:17.074579,neutral,0.504,2026-03-17T17:03:15.198396,0.4994399528281574,2026-03-17T17:03:17.013000,79,,,
participant_24,1,day,Town10HD_Opt,2026-03-17 17:03:18.155016,-56.006595611572266,-67.9534912109375,0.0020264815539121,16.099,-0.167,0.0,0.265,0,0,1,,0.942,2026-03-17T17:03:18.155016,neutral,0.806,2026-03-17T17:03:18.155016,0.4646887460157282,2026-03-17T17:03:18.993000,79,,,
participant_24,1,day,Town10HD_Opt,2026-03-17 17:03:19.196398,-59.021244049072266,-67.88705444335938,0.0020838165655732,9.223,-0.167,0.0,0.31,0,0,1,,0.894,2026-03-17T17:03:19.196398,neutral,0.806,2026-03-17T17:03:18.155016,0.5431785671455138,2026-03-17T17:03:20.028000,79,,,
participant_24,1,day,Town10HD_Opt,2026-03-17 17:03:20.206506,-60.21653366088867,-67.85845184326172,0.001920623704791,3.995,-0.075,1.0,0.0,0,0,1,,0.919,2026-03-17T17:03:20.206506,neutral,0.549,2026-03-17T17:03:20.206506,0.4829030489147882,2026-03-17T17:03:21.017000,77,,,
participant_24,1,day,Town10HD_Opt,2026-03-17 17:03:21.252854,-63.4230842590332,-67.81158447265625,0.0017057036748155,24.556,0.689,1.0,0.0,0,0,1,,0.91,2026-03-17T17:03:21.252854,neutral,0.549,2026-03-17T17:03:20.206506,0.4858218140042025,2026-03-17T17:03:22.007000,76,,,
participant_24,1,day,Town10HD_Opt,2026-03-17 17:03:22.009145,-68.89777374267578,-67.8031005859375,0.0015295027988031,40.511,-0.24,0.861,0.0,0,0,1,,0.892,2026-03-17T17:03:22.009145,neutral,0.549,2026-03-17T17:03:20.206506,0.4847148172420307,2026-03-17T17:03:22.007000,76,,,
participant_24,1,day,Town10HD_Opt,2026-03-17 17:03:23.133064,-79.67353820800781,-67.2693862915039,0.0017801666399464,51.521,-9.138,0.0,0.175,0,0,1,,0.913,2026-03-17T17:03:23.133064,neutral,0.628,2026-03-17T17:03:23.133064,0.4940380500013623,2026-03-17T17:03:24.033000,74,,,
participant_24,1,day,Town10HD_Opt,2026-03-17 17:03:24.191527,-89.82466888427734,-62.42768859863281,0.0020885085687041,47.991,-14.278,0.323,0.0,0,0,1,,0.954,2026-03-17T17:03:24.191527,neutral,0.628,2026-03-17T17:03:23.133064,0.4323310146400654,2026-03-17T17:03:25.023000,75,,,errors=Solid line crossing
participant_24,1,day,Town10HD_Opt,2026-03-17 17:03:25.052787,-94.17925262451172,-55.7358283996582,0.0021744917612522,43.788,-1.535,0.362,0.0,0,0,1,,0.846,2026-03-17T17:03:25.052787,neutral,0.628,2026-03-17T17:03:23.133064,0.5543183396330865,2026-03-17T17:03:25.023000,76,,,
participant_24,1,day,Town10HD_Opt,2026-03-17 17:03:26.133771,-98.9609375,-47.151702880859375,0.0021226501557976,40.619,8.203,0.376,0.0,0,0,1,,0.921,2026-03-17T17:03:26.133771,neutral,0.491,2026-03-17T17:03:26.133771,0.5259310311623074,2026-03-17T17:03:27.003000,76,,,
participant_24,1,day,Town10HD_Opt,2026-03-17 17:03:27.212928,-105.77586364746094,-41.00408172607422,0.0021051024086773,38.195,-2.12,0.336,0.0,0,0,1,,0.888,2026-03-17T17:03:27.212928,neutral,0.491,2026-03-17T17:03:26.133771,0.4929122638695531,2026-03-17T17:03:27.993000,77,,,
participant_24,1,day,Town10HD_Opt,2026-03-17 17:03:28.008741,-110.687255859375,-36.78620529174805,0.0021740340162068,34.81,-7.758,0.0,0.0,0,0,1,,0.936,2026-03-17T17:03:28.008741,neutral,0.491,2026-03-17T17:03:26.133771,0.4407576922355745,2026-03-17T17:03:27.993000,77,,,errors=Solid line crossing
participant_24,1,day,Town10HD_Opt,2026-03-17 17:03:29.101624,-114.75983428955078,-31.157506942749023,0.0023770141415297,23.304,-8.134,0.0,0.0,0,0,1,,0.959,2026-03-17T17:03:29.101624,neutral,0.322,2026-03-17T17:03:29.101624,0.4622099946933388,2026-03-17T17:03:29.118000,77,,,
participant_24,1,day,Town10HD_Opt,2026-03-17 17:03:30.192071,-41.66891098022461,89.74463653564453,-0.0667848587036132,0.943,-9.081,0.0,0.0,0,0,0,,0.857,2026-03-17T17:03:30.192071,neutral,0.322,2026-03-17T17:03:29.101624,0.5105028323202303,2026-03-17T17:03:31.008000,77,,,
participant_24,1,day,Town10HD_Opt,2026-03-17 17:03:31.014885,-41.669036865234375,89.74549865722656,0.0009953307453542,0.02,-7.998,0.542,0.0,0,0,0,,0.951,2026-03-17T17:03:31.014885,neutral,0.322,2026-03-17T17:03:29.101624,0.419987641834732,2026-03-17T17:03:31.008000,79,,,
participant_24,1,day,Town10HD_Opt,2026-03-17 17:03:32.109522,-41.68479537963867,88.49150848388672,0.001382827758789,16.544,-0.78,0.938,0.0,0,0,1,,0.81,2026-03-17T17:03:32.109522,sad,0.403,2026-03-17T17:03:32.109522,0.4423384949746186,2026-03-17T17:03:31.997000,77,,,
participant_24,1,day,Town10HD_Opt,2026-03-17 17:03:33.223000,-41.75429153442383,83.73399353027344,0.0021390533074736,17.938,2.69,0.0,0.0,0,0,1,,0.898,2026-03-17T17:03:33.223000,sad,0.403,2026-03-17T17:03:32.109522,0.4333690959301013,2026-03-17T17:03:33.034000,79,,,
participant_24,1,day,Town10HD_Opt,2026-03-17 17:03:34.041559,-41.67531204223633,81.0240249633789,0.0020444488618522,13.368,2.883,0.0,0.0,0,0,1,,0.912,2026-03-17T17:03:34.041559,sad,0.403,2026-03-17T17:03:32.109522,0.4667884425002348,2026-03-17T17:03:34.161000,76,,,
participant_24,1,day,Town10HD_Opt,2026-03-17 17:03:35.159394,-41.234954833984375,78.32180786132812,0.0018331527244299,13.155,16.396,0.708,0.0,0,0,1,,0.933,2026-03-17T17:03:35.159394,neutral,0.363,2026-03-17T17:03:35.159394,0.5342980772827141,2026-03-17T17:03:35.058000,76,,,
participant_24,1,day,Town10HD_Opt,2026-03-17 17:03:36.028881,-40.0277214050293,75.5976333618164,0.0019065093947574,21.439,16.555,0.785,0.0,0,0,1,,1.0,2026-03-17T17:03:36.028881,neutral,0.363,2026-03-17T17:03:35.159394,0.537608850316978,2026-03-17T17:03:36.095000,80,,,
participant_24,1,day,Town10HD_Opt,2026-03-17 17:03:37.207517,-35.99048614501953,71.25700378417969,0.0021292113233357,26.128,22.946,0.0,0.0,0,0,1,,0.818,2026-03-17T17:03:37.207517,neutral,0.364,2026-03-17T17:03:37.207517,0.4503949506197586,2026-03-17T17:03:37.085000,80,,,
participant_24,1,day,Town10HD_Opt,2026-03-17 17:03:38.123548,-32.27998352050781,70.00838470458984,0.0022810362279415,19.055,12.864,0.0,0.0,0,0,1,,0.844,2026-03-17T17:03:38.123548,neutral,0.364,2026-03-17T17:03:37.207517,0.5593067755399793,2026-03-17T17:03:39.017000,81,,,
participant_24,1,day,Town10HD_Opt,2026-03-17 17:03:39.257283,-27.90357780456543,69.49747467041016,0.001851386972703,23.015,7.335,0.737,0.0,0,0,1,,0.832,2026-03-17T17:03:39.257283,sad,0.359,2026-03-17T17:03:39.257283,0.4634930677991218,2026-03-17T17:03:40.052000,84,,,
participant_24,1,day,Town10HD_Opt,2026-03-17 17:03:40.126940,-23.346418380737305,69.48833465576172,0.0019328689668327,27.982,2.817,0.404,0.0,0,0,1,,1.0,2026-03-17T17:03:40.126940,sad,0.359,2026-03-17T17:03:39.257283,0.481460699133364,2026-03-17T17:03:40.052000,82,,,
participant_24,1,day,Town10HD_Opt,2026-03-17 17:03:41.196410,-16.72051239013672,69.8372802734375,0.0020487594883888,28.432,-1.26,0.277,0.0,0,0,1,,0.808,2026-03-17T17:03:41.196410,sad,0.359,2026-03-17T17:03:39.257283,0.4986847637983035,2026-03-17T17:03:42.034000,81,Solid line crossing,Solid line crossing,
participant_24,1,day,Town10HD_Opt,2026-03-17 17:03:42.038017,-11.903238296508787,69.99247741699219,0.0021087264176458,26.336,-0.298,0.273,0.0,0,0,1,,0.882,2026-03-17T17:03:42.038017,sad,0.426,2026-03-17T17:03:42.038017,0.5323882168342469,2026-03-17T17:03:42.034000,84,,,
participant_24,1,day,Town10HD_Opt,2026-03-17 17:03:43.192532,-5.99774694442749,70.10596466064453,0.0020953367929905,24.176,-0.858,0.277,0.0,0,0,1,,0.841,2026-03-17T17:03:43.192532,sad,0.426,2026-03-17T17:03:42.038017,0.4147251862799251,2026-03-17T17:03:44.013000,80,,,
participant_24,1,day,Town10HD_Opt,2026-03-17 17:03:44.039696,-1.8869503736495967,70.11502075195312,0.0020918273366987,22.7,-0.562,0.259,0.0,0,0,1,,0.861,2026-03-17T17:03:44.039696,neutral,0.323,2026-03-17T17:03:44.039696,0.5107864718164982,2026-03-17T17:03:44.013000,80,,,
participant_24,1,day,Town10HD_Opt,2026-03-17 17:03:45.193588,3.23567008972168,70.09048461914062,0.0020509338937699,21.683,0.047,0.333,0.0,0,0,1,,1.0,2026-03-17T17:03:45.193588,neutral,0.323,2026-03-17T17:03:44.039696,0.4532543557281143,2026-03-17T17:03:45.995000,78,,,
participant_24,1,day,Town10HD_Opt,2026-03-17 17:03:46.078328,7.025050640106201,70.08206939697266,0.0020434951875358,21.679,0.155,0.332,0.0,0,0,1,,0.808,2026-03-17T17:03:46.078328,sad,0.438,2026-03-17T17:03:46.078328,0.4603850940825488,2026-03-17T17:03:45.995000,81,,,
participant_24,1,day,Town10HD_Opt,2026-03-17 17:03:47.269345,12.072315216064451,70.08930206298828,0.0020510863978415,21.426,-0.223,0.072,0.0,0,0,1,,0.816,2026-03-17T17:03:47.269345,sad,0.438,2026-03-17T17:03:46.078328,0.568463846232348,2026-03-17T17:03:48.018000,79,Stop sign violation,stop_sign_id=1200,
participant_24,1,day,Town10HD_Opt,2026-03-17 17:03:48.149166,15.471888542175291,70.0875244140625,0.0019374083494767,17.05,-0.021,0.0,0.0,0,0,1,,0.875,2026-03-17T17:03:48.149166,sad,0.331,2026-03-17T17:03:48.149166,0.4854404171741238,2026-03-17T17:03:49.008000,82,,,
participant_24,1,day,Town10HD_Opt,2026-03-17 17:03:49.240561,18.87461471557617,70.08182525634766,0.0020334625151008,12.01,-0.08,0.0,0.0,0,0,1,,0.861,2026-03-17T17:03:49.240561,sad,0.331,2026-03-17T17:03:48.149166,0.5238579705740474,2026-03-17T17:03:49.998000,83,,,
participant_24,1,day,Town10HD_Opt,2026-03-17 17:03:50.151514,20.746076583862305,70.07647705078125,0.0020074462518095,9.091,-0.08,0.0,0.0,0,0,1,,0.883,2026-03-17T17:03:50.151514,neutral,0.421,2026-03-17T17:03:50.151514,0.516477593529885,2026-03-17T17:03:51.033000,81,,,
participant_24,1,day,Town10HD_Opt,2026-03-17 17:03:51.238427,22.65342140197754,70.0692138671875,0.0019344328902661,7.609,-0.08,0.0,0.0,0,0,1,,0.833,2026-03-17T17:03:51.238427,neutral,0.421,2026-03-17T17:03:50.151514,0.4890591670666521,2026-03-17T17:03:52.022000,81,,,
participant_24,1,day,Town10HD_Opt,2026-03-17 17:03:52.172258,23.84090614318848,70.06387329101562,0.0019896698649972,5.631,-0.08,0.041,0.0,0,0,1,,0.912,2026-03-17T17:03:52.172258,neutral,0.581,2026-03-17T17:03:52.172258,0.538495199124873,2026-03-17T17:03:53.013000,81,,,
participant_24,1,day,Town10HD_Opt,2026-03-17 17:03:53.020157,24.708480834960938,70.05950927734375,0.0019654082134366,4.197,-0.08,0.033,0.0,0,0,1,,0.919,2026-03-17T17:03:53.020157,neutral,0.581,2026-03-17T17:03:52.172258,0.4495800688195233,2026-03-17T17:03:53.013000,85,,,
participant_24,1,day,Town10HD_Opt,2026-03-17 17:03:54.178330,25.53315544128418,70.05504608154297,0.0019506835378706,2.839,-0.08,0.0,0.0,0,0,1,,0.892,2026-03-17T17:03:54.178330,neutral,0.753,2026-03-17T17:03:54.178330,0.5057292704902343,2026-03-17T17:03:54.993000,80,,,
participant_24,1,day,Town10HD_Opt,2026-03-17 17:03:55.012496,26.03948402404785,70.0521469116211,0.0019394683185964,2.572,-0.08,0.0,0.0,0,0,1,,0.913,2026-03-17T17:03:55.012496,neutral,0.753,2026-03-17T17:03:54.178330,0.4888646358657713,2026-03-17T17:03:54.993000,83,,,
participant_24,1,day,Town10HD_Opt,2026-03-17 17:03:56.148545,26.26230812072754,70.05075073242188,0.0019446181831881,0.0,-0.082,0.0,0.063,0,0,1,,0.944,2026-03-17T17:03:56.148545,neutral,0.753,2026-03-17T17:03:54.178330,0.4457042587185418,2026-03-17T17:03:57.018000,80,,,
participant_24,1,day,Town10HD_Opt,2026-03-17 17:03:57.007523,26.334379196166992,70.05040740966797,0.0017467498546466,4.302,-0.305,0.951,0.0,0,0,1,,0.935,2026-03-17T17:03:57.007523,sad,0.417,2026-03-17T17:03:57.007523,0.523535622644739,2026-03-17T17:03:57.018000,81,,,errors=Stop sign violation
participant_24,1,day,Town10HD_Opt,2026-03-17 17:03:58.152562,29.34881591796875,69.96923828125,0.0017635726835578,21.904,-6.236,0.807,0.0,0,0,1,,0.879,2026-03-17T17:03:58.152562,sad,0.417,2026-03-17T17:03:57.007523,0.4942101144197537,2026-03-17T17:03:58.998000,78,,,
participant_24,1,day,Town10HD_Opt,2026-03-17 17:03:59.066003,33.68601989746094,69.1690444946289,0.001865844707936,28.45,-12.1,0.574,0.0,0,0,1,,1.0,2026-03-17T17:03:59.066003,neutral,0.514,2026-03-17T17:03:59.066003,0.466668796083873,2026-03-17T17:03:58.998000,79,,,
participant_24,1,day,Town10HD_Opt,2026-03-17 17:04:00.194587,39.95670700073242,65.64527130126953,0.0019701765850186,33.316,-12.621,0.476,0.0,0,0,1,,0.91,2026-03-17T17:04:00.194587,neutral,0.514,2026-03-17T17:03:59.066003,0.4675416860579092,2026-03-17T17:04:01.025000,77,,,
participant_24,1,day,Town10HD_Opt,2026-03-17 17:04:01.048636,43.47140502929688,61.11943054199219,0.0022247694432735,30.448,-14.727,0.0,0.0,0,0,1,,1.0,2026-03-17T17:04:01.048636,neutral,0.514,2026-03-17T17:03:59.066003,0.5206005691040805,2026-03-17T17:04:01.025000,77,,,
participant_24,1,day,Town10HD_Opt,2026-03-17 17:04:02.180420,44.86357498168945,55.31790542602539,0.0022750853095203,20.313,-10.156,0.0,0.0,0,0,1,,0.81,2026-03-17T17:04:02.180420,sad,0.285,2026-03-17T17:04:02.180420,0.4957647002118805,2026-03-17T17:04:03.003000,77,,,
participant_24,1,day,Town10HD_Opt,2026-03-17 17:04:03.094937,44.70899200439453,52.057655334472656,0.0019261168781667,17.534,-8.51,0.402,0.0,0,0,1,,0.87,2026-03-17T17:04:03.094937,sad,0.285,2026-03-17T17:04:02.180420,0.4637335887940308,2026-03-17T17:04:03.003000,77,,,
participant_24,1,day,Town10HD_Opt,2026-03-17 17:04:04.253222,44.191253662109375,47.86604309082031,0.0020302962511777,18.898,2.092,0.524,0.0,0,0,1,,0.964,2026-03-17T17:04:04.253222,neutral,0.798,2026-03-17T17:04:04.253222,0.4880826722871808,2026-03-17T17:04:04.173000,79,,,
participant_24,1,day,Town10HD_Opt,2026-03-17 17:04:05.100310,43.90956115722656,44.28910446166992,0.0019321059808135,22.321,2.259,0.355,0.0,0,0,1,,0.949,2026-03-17T17:04:05.100310,neutral,0.798,2026-03-17T17:04:04.253222,0.4869786569415176,2026-03-17T17:04:05.209000,80,,,
participant_24,1,day,Town10HD_Opt,2026-03-17 17:04:06.232525,43.88935470581055,39.20518112182617,0.0020841597579419,20.911,7.406,0.36,0.0,0,0,1,,0.957,2026-03-17T17:04:06.232525,neutral,0.798,2026-03-17T17:04:04.253222,0.5278012919567532,2026-03-17T17:04:07.008000,79,,,
participant_24,1,day,Town10HD_Opt,2026-03-17 17:04:07.065281,44.54862594604492,35.57023620605469,0.0020207976922392,21.808,13.904,0.504,0.0,0,0,1,,0.937,2026-03-17T17:04:07.065281,neutral,0.385,2026-03-17T17:04:07.065281,0.3980343065299209,2026-03-17T17:04:07.008000,79,,,
participant_24,1,day,Town10HD_Opt,2026-03-17 17:04:08.154405,47.34722900390625,30.729217529296875,0.0019181059906259,27.493,17.174,0.408,0.0,0,0,1,,1.0,2026-03-17T17:04:08.154405,neutral,0.385,2026-03-17T17:04:07.065281,0.5042752139105631,2026-03-17T17:04:09.036000,79,,,
participant_24,1,day,Town10HD_Opt,2026-03-17 17:04:09.041402,51.08882522583008,27.98543167114257,0.0022438429296016,23.74,15.42,0.0,0.0,0,0,1,,0.908,2026-03-17T17:04:09.041402,neutral,0.385,2026-03-17T17:04:07.065281,0.4625378156160032,2026-03-17T17:04:09.036000,78,,,
participant_24,1,day,Town10HD_Opt,2026-03-17 17:04:10.257377,56.15185546875,26.56126594543457,0.001969528151676,24.014,7.677,0.496,0.0,0,0,1,,0.902,2026-03-17T17:04:10.257377,neutral,0.532,2026-03-17T17:04:10.257377,0.4611404273024241,2026-03-17T17:04:11.013000,76,,,
participant_24,1,day,Town10HD_Opt,2026-03-17 17:04:11.094428,60.58243560791016,26.117816925048828,0.0019985961262136,25.966,-1.048,0.0,0.0,0,0,1,,0.863,2026-03-17T17:04:11.094428,neutral,0.532,2026-03-17T17:04:10.257377,0.4762574740974986,2026-03-17T17:04:11.013000,76,,,
participant_24,1,day,Town10HD_Opt,2026-03-17 17:04:12.241091,65.7491226196289,25.408308029174805,0.0022367858327925,18.041,0.719,0.0,0.0,0,0,1,,1.0,2026-03-17T17:04:12.241091,neutral,0.532,2026-03-17T17:04:10.257377,0.5062861049110235,2026-03-17T17:04:13.038000,80,,,
participant_24,1,day,Town10HD_Opt,2026-03-17 17:04:13.035901,68.60173797607422,25.02493667602539,0.0019987486302852,15.034,2.826,0.173,0.0,0,0,1,,0.946,2026-03-17T17:04:13.035901,neutral,0.432,2026-03-17T17:04:13.035901,0.4712546374067299,2026-03-17T17:04:13.038000,79,,,
participant_24,1,day,Town10HD_Opt,2026-03-17 17:04:14.105590,71.97647094726562,24.779903411865234,0.0019443511264398,13.962,3.61,0.171,0.0,0,0,1,,0.93,2026-03-17T17:04:14.105590,neutral,0.432,2026-03-17T17:04:13.035901,0.5116012192292547,2026-03-17T17:04:14.118000,80,,,
participant_24,1,day,Town10HD_Opt,2026-03-17 17:04:15.137347,75.14189147949219,24.75308990478516,0.0019387054489925,13.131,3.601,0.074,0.0,0,0,1,,0.936,2026-03-17T17:04:15.137347,fear,0.356,2026-03-17T17:04:15.137347,0.4907487488752548,2026-03-17T17:04:16.009000,77,,,
participant_24,1,day,Town10HD_Opt,2026-03-17 17:04:16.192698,77.84391784667969,24.851057052612305,0.0020083617419004,9.62,-0.938,0.0,0.0,0,0,1,,0.908,2026-03-17T17:04:16.192698,fear,0.356,2026-03-17T17:04:15.137347,0.4792128005094409,2026-03-17T17:04:16.998000,78,,,
participant_24,1,day,Town10HD_Opt,2026-03-17 17:04:17.233432,79.75199890136719,24.891584396362305,0.0020079803653061,6.252,0.446,0.0,0.228,0,0,1,,0.856,2026-03-17T17:04:17.233432,sad,0.34,2026-03-17T17:04:17.233432,0.4722720897571052,2026-03-17T17:04:18.122000,83,,,
participant_24,1,day,Town10HD_Opt,2026-03-17 17:04:17.997815,80.05154418945312,24.899477005004883,0.0020004652906209,0.0,0.449,0.0,0.239,0,0,1,,0.894,2026-03-17T17:04:17.997815,sad,0.34,2026-03-17T17:04:17.233432,0.528398624017886,2026-03-17T17:04:18.122000,80,,,
participant_24,1,day,Town10HD_Opt,2026-03-17 17:04:19.005773,80.05168914794922,24.89947891235352,0.0019203185802325,0.006,0.449,0.0,0.0,0,0,1,,0.958,2026-03-17T17:04:19.005773,sad,0.34,2026-03-17T17:04:17.233432,0.5565451524280224,2026-03-17T17:04:19.027000,81,,,
participant_24,1,day,Town10HD_Opt,2026-03-17 17:04:20.078029,80.05178833007812,24.89947891235352,0.0019193267216905,0.006,0.449,0.0,0.0,0,0,1,,0.909,2026-03-17T17:04:20.078029,neutral,0.504,2026-03-17T17:04:20.078029,0.4742770235078264,2026-03-17T17:04:20.013000,82,,,
participant_24,1,day,Town10HD_Opt,2026-03-17 17:04:21.190920,80.05189514160156,24.89947891235352,0.001919288537465,0.006,0.449,0.0,0.0,0,0,1,,0.945,2026-03-17T17:04:21.190920,neutral,0.504,2026-03-17T17:04:20.078029,0.4779034486029133,2026-03-17T17:04:22.038000,83,,,
participant_24,1,day,Town10HD_Opt,2026-03-17 17:04:22.251045,80.05199432373047,24.89947891235352,0.001919288537465,0.006,0.449,0.0,0.0,0,0,1,,0.869,2026-03-17T17:04:22.251045,neutral,0.403,2026-03-17T17:04:22.251045,0.5348535732873586,2026-03-17T17:04:23.118000,77,,,
participant_24,1,day,Town10HD_Opt,2026-03-17 17:04:23.172835,80.05210876464844,24.89947891235352,0.001919021597132,0.001,0.449,0.0,0.0,0,0,1,,0.918,2026-03-17T17:04:23.172835,neutral,0.403,2026-03-17T17:04:22.251045,0.4890152015026447,2026-03-17T17:04:24.019000,79,,,
participant_24,1,day,Town10HD_Opt,2026-03-17 17:04:24.253615,80.05224609375,24.89947891235352,0.001919021597132,0.001,0.449,0.0,0.0,0,0,1,,0.905,2026-03-17T17:04:24.253615,neutral,0.487,2026-03-17T17:04:24.253615,0.4717284881978702,2026-03-17T17:04:25.008000,77,,,
participant_24,1,day,Town10HD_Opt,2026-03-17 17:04:25.041558,80.05220031738281,24.89947891235352,0.0019188307924196,0.001,0.446,0.0,0.0,0,0,1,,0.939,2026-03-17T17:04:25.041558,neutral,0.487,2026-03-17T17:04:24.253615,0.5172751958487317,2026-03-17T17:04:25.008000,78,,,
participant_24,1,day,Town10HD_Opt,2026-03-17 17:04:26.113204,80.05233001708984,24.89947891235352,0.0019188689766451,0.001,0.242,0.0,0.0,0,0,1,,0.906,2026-03-17T17:04:26.113204,neutral,0.487,2026-03-17T17:04:24.253615,0.4612967138550913,2026-03-17T17:04:26.010000,77,,,
participant_24,1,day,Town10HD_Opt,2026-03-17 17:04:27.230321,80.06922912597656,24.89986801147461,0.0018923949683085,0.449,-0.226,0.0,0.0,0,0,1,,0.954,2026-03-17T17:04:27.230321,sad,0.36,2026-03-17T17:04:27.230321,0.4408157821157827,2026-03-17T17:04:28.023000,79,,,
participant_24,1,day,Town10HD_Opt,2026-03-17 17:04:28.065289,80.14186096191406,24.901594161987305,0.0019218062516301,0.176,-0.256,0.306,0.0,0,0,1,,0.958,2026-03-17T17:04:28.065289,sad,0.36,2026-03-17T17:04:27.230321,0.4912378491008816,2026-03-17T17:04:28.023000,77,,,
participant_24,1,day,Town10HD_Opt,2026-03-17 17:04:29.181759,81.45272064208984,24.92140007019043,0.0017898940714076,9.665,-0.496,0.0,0.0,0,0,1,,0.933,2026-03-17T17:04:29.181759,sad,0.36,2026-03-17T17:04:27.230321,0.5266185059545337,2026-03-17T17:04:30.004000,77,,,
participant_24,1,day,Town10HD_Opt,2026-03-17 17:04:29.993758,82.96038818359375,24.94384384155273,0.0019929122645407,7.386,-0.289,0.067,0.0,0,0,1,,0.967,2026-03-17T17:04:29.993758,sad,0.372,2026-03-17T17:04:29.993758,0.406536452405684,2026-03-17T17:04:30.004000,78,,,
participant_24,1,day,Town10HD_Opt,2026-03-17 17:04:31.110056,84.21341705322266,24.960378646850582,0.0022790527436882,0.271,-0.228,0.244,0.0,0,0,1,,0.935,2026-03-17T17:04:31.110056,sad,0.372,2026-03-17T17:04:29.993758,0.556380234402907,2026-03-17T17:04:31.038000,75,,,
participant_24,1,day,Town10HD_Opt,2026-03-17 17:04:32.238804,85.20317840576172,25.01468276977539,0.0015064621111378,11.761,8.527,0.739,0.0,0,0,1,,0.936,2026-03-17T17:04:32.238804,neutral,0.353,2026-03-17T17:04:32.238804,0.5434017508676947,2026-03-17T17:04:33.019000,75,Solid line crossing,Solid line crossing,errors=Vehicle-pedestrian collision
participant_24,1,day,Town10HD_Opt,2026-03-17 17:04:33.067862,88.12083435058594,25.274614334106445,0.0017728041857481,23.003,1.45,1.0,0.0,0,0,1,,0.801,2026-03-17T17:04:33.067862,neutral,0.353,2026-03-17T17:04:32.238804,0.5137302701456464,2026-03-17T17:04:33.019000,77,,,
participant_24,1,day,Town10HD_Opt,2026-03-17 17:04:34.128592,95.79196166992188,25.947582244873047,0.0015717315254732,43.532,-6.355,0.948,0.0,0,0,1,,0.922,2026-03-17T17:04:34.128592,neutral,0.353,2026-03-17T17:04:32.238804,0.6099617336892682,2026-03-17T17:04:34.999000,76,,,
participant_24,1,day,Town10HD_Opt,2026-03-17 17:04:35.241852,106.68406677246094,23.625289916992188,0.0022411728277802,46.15,-19.961,0.0,0.0,0,0,1,,1.0,2026-03-17T17:04:35.241852,neutral,0.501,2026-03-17T17:04:35.241852,0.5483721012174874,2026-03-17T17:04:36.034000,77,,,
participant_24,1,day,Town10HD_Opt,2026-03-17 17:04:36.234751,111.48505401611328,16.350553512573242,0.0024081037845462,31.18,-15.948,0.0,0.0,0,0,1,,1.0,2026-03-17T17:04:36.234751,neutral,0.501,2026-03-17T17:04:35.241852,0.6286142570836174,2026-03-17T17:04:37.024000,77,,,
participant_24,1,day,Town10HD_Opt,2026-03-17 17:04:37.036609,111.3895263671875,11.586627960205078,0.0023230360820889,23.825,-16.918,0.0,0.0,0,0,1,,0.89,2026-03-17T17:04:37.036609,neutral,0.501,2026-03-17T17:04:35.241852,0.5825143043461067,2026-03-17T17:04:37.024000,75,,,
participant_24,1,day,Town10HD_Opt,2026-03-17 17:04:38.065701,109.46866607666016,7.458337306976318,0.0020052718464285,16.019,-16.104,0.0,0.0,0,0,1,,0.817,2026-03-17T17:04:38.065701,neutral,0.463,2026-03-17T17:04:38.065701,0.5867863593274077,2026-03-17T17:04:38.058000,75,,,
participant_24,1,day,Town10HD_Opt,2026-03-17 17:04:39.199593,107.52971649169922,4.85882568359375,0.0020299148745834,11.461,6.049,0.0,0.0,0,0,1,,0.951,2026-03-17T17:04:39.199593,neutral,0.463,2026-03-17T17:04:38.065701,0.5515674237621243,2026-03-17T17:04:39.138000,77,,,
participant_24,1,day,Town10HD_Opt,2026-03-17 17:04:40.226238,106.56526184082033,2.8230907917022705,0.0020202253945171,7.892,30.621,0.0,0.0,0,0,1,,0.858,2026-03-17T17:04:40.226238,sad,0.35,2026-03-17T17:04:40.226238,0.5876866463496769,2026-03-17T17:04:41.033000,77,,,
participant_24,1,day,Town10HD_Opt,2026-03-17 17:04:41.013447,106.4784164428711,1.629465103149414,0.0019917297177016,6.032,37.984,0.0,0.0,0,0,1,,0.928,2026-03-17T17:04:41.013447,sad,0.35,2026-03-17T17:04:40.226238,0.5785602021707067,2026-03-17T17:04:41.033000,76,,,
participant_24,1,day,Town10HD_Opt,2026-03-17 17:04:42.091631,106.7506103515625,0.5049312114715576,0.0019785689655691,4.219,51.627,0.0,0.0,0,0,1,,0.951,2026-03-17T17:04:42.091631,sad,0.35,2026-03-17T17:04:40.226238,0.572070748608488,2026-03-17T17:04:42.063000,78,,,
participant_24,1,day,Town10HD_Opt,2026-03-17 17:04:43.161652,107.14342498779295,-0.2127965837717056,0.0019453048007562,3.172,32.026,0.376,0.0,0,0,1,,0.987,2026-03-17T17:04:43.161652,fear,0.336,2026-03-17T17:04:43.161652,0.4840035782277544,2026-03-17T17:04:43.999000,76,,,
participant_24,1,day,Town10HD_Opt,2026-03-17 17:04:44.227750,107.65000915527344,-1.7593239545822144,0.0017631911905482,10.418,-3.733,0.0,0.0,0,0,1,,0.938,2026-03-17T17:04:44.227750,fear,0.336,2026-03-17T17:04:43.161652,0.6100251330049559,2026-03-17T17:04:45.078000,74,,,
participant_24,1,day,Town10HD_Opt,2026-03-17 17:04:45.014491,108.0204086303711,-3.371577262878418,0.00199157721363,8.06,-9.492,0.0,0.0,0,0,1,,0.928,2026-03-17T17:04:45.014491,fear,0.336,2026-03-17T17:04:43.161652,0.5869292453397015,2026-03-17T17:04:45.078000,77,,,
participant_24,1,day,Town10HD_Opt,2026-03-17 17:04:46.059303,108.21702575683594,-5.203818321228027,0.0017502974951639,11.211,-12.973,0.367,0.0,0,0,1,,0.816,2026-03-17T17:04:46.059303,sad,0.349,2026-03-17T17:04:46.059303,0.5642660454538366,2026-03-17T17:04:46.035000,77,,,
participant_24,1,day,Town10HD_Opt,2026-03-17 17:04:47.114513,108.03622436523438,-8.288372039794922,0.0017802810762077,16.174,-12.141,0.453,0.0,0,0,1,,1.0,2026-03-17T17:04:47.114513,sad,0.349,2026-03-17T17:04:46.059303,0.5886002534270796,2026-03-17T17:04:48.006000,79,,,
participant_24,1,day,Town10HD_Opt,2026-03-17 17:04:48.181311,107.18733215332033,-12.42805004119873,0.0019733046647161,20.006,-0.496,0.495,0.0,0,0,1,,0.815,2026-03-17T17:04:48.181311,sad,0.333,2026-03-17T17:04:48.181311,0.5391945270445017,2026-03-17T17:04:49.040000,77,,,
participant_24,1,day,Town10HD_Opt,2026-03-17 17:04:49.234326,106.32906341552734,-17.463577270507812,0.0019612121395766,23.692,8.32,0.0,0.0,0,0,1,,1.0,2026-03-17T17:04:49.234326,sad,0.333,2026-03-17T17:04:48.181311,0.6709801826994233,2026-03-17T17:04:50.073000,82,,,
participant_24,1,day,Town10HD_Opt,2026-03-17 17:04:50.074311,106.4067153930664,-21.13263702392578,0.0022308730985969,17.995,11.885,0.0,0.0,0,0,1,,1.0,2026-03-17T17:04:50.074311,sad,0.333,2026-03-17T17:04:48.181311,0.571728718852379,2026-03-17T17:04:50.073000,80,,,
participant_24,1,day,Town10HD_Opt,2026-03-17 17:04:51.145945,-41.6685676574707,89.74537658691406,-0.0547260269522666,0.906,14.239,0.0,0.0,0,0,0,,1.0,2026-03-17T17:04:51.145945,sad,0.32,2026-03-17T17:04:51.145945,0.5735623470100721,2026-03-17T17:04:51.026000,85,,,
participant_24,1,day,Town10HD_Opt,2026-03-17 17:04:52.101173,-41.66864776611328,89.7454833984375,0.0012951277894899,0.019,8.825,0.0,0.0,0,0,0,,1.0,2026-03-17T17:04:52.101173,sad,0.32,2026-03-17T17:04:51.145945,0.5497983427604284,2026-03-17T17:04:52.998000,89,,,
participant_24,1,day,Town10HD_Opt,2026-03-17 17:04:53.010883,-41.66864776611328,89.7454833984375,0.0019057082245126,0.0,1.869,0.0,0.0,0,0,0,,0.813,2026-03-17T17:04:53.010883,sad,0.32,2026-03-17T17:04:51.145945,0.5882583590857084,2026-03-17T17:04:52.998000,86,,,
participant_24,1,day,Town10HD_Opt,2026-03-17 17:04:54.374330,-41.66864776611328,89.7454833984375,0.0019173049367964,0.0,0.757,0.0,0.0,0,0,0,,1.0,2026-03-17T17:04:54.374330,sad,0.419,2026-03-17T17:04:54.374330,0.5649031051051238,2026-03-17T17:04:55.023000,92,,,
participant_24,1,day,Town10HD_Opt,2026-03-17 17:04:55.262184,-41.66864776611328,89.7454833984375,0.0019184494158253,0.0,1.14,0.0,0.0,0,0,0,,1.0,2026-03-17T17:04:55.262184,sad,0.419,2026-03-17T17:04:54.374330,0.5557251362726748,2026-03-17T17:04:56.013000,90,,,
participant_24,1,day,Town10HD_Opt,2026-03-17 17:04:56.141254,-41.66864776611328,89.7454833984375,0.0019184494158253,0.0,1.05,0.793,0.0,0,0,0,,1.0,2026-03-17T17:04:56.141254,sad,0.419,2026-03-17T17:04:54.374330,0.4515624524761829,2026-03-17T17:04:57.004000,88,,,
participant_24,1,day,Town10HD_Opt,2026-03-17 17:04:57.037659,-41.66432189941406,88.24601745605469,0.0017567825270816,11.596,-0.402,0.0,0.0,0,0,1,,1.0,2026-03-17T17:04:57.037659,sad,0.405,2026-03-17T17:04:57.037659,0.6068414348111134,2026-03-17T17:04:57.004000,90,,,
participant_24,1,day,Town10HD_Opt,2026-03-17 17:04:58.154563,-41.67994689941406,85.89611053466797,0.0020001220982521,7.326,-0.068,0.0,0.0,0,0,1,,0.8,2026-03-17T17:04:58.154563,sad,0.405,2026-03-17T17:04:57.037659,0.5421773388301656,2026-03-17T17:04:59.028000,86,,,
participant_24,1,day,Town10HD_Opt,2026-03-17 17:04:59.068308,-41.6850814819336,84.93653869628906,0.0019755936227738,4.519,0.352,0.0,0.0,0,0,1,,1.0,2026-03-17T17:04:59.068308,sad,0.43,2026-03-17T17:04:59.068308,0.5891130083264641,2026-03-17T17:04:59.028000,84,,,
participant_24,2,day,Town10HD_Opt,2026-03-17 17:15:00.000000,-41.66858673095703,89.7454833984375,0.580491840839386,19.479,0.945,0.498,0.0,0,0,1,,1.0,2026-03-17T17:15:00,,,2026-03-17T17:15:00,0.7002978180243828,2026-03-17T17:15:00,72,,,
participant_24,2,day,Town10HD_Opt,2026-03-17 17:15:04.556365,-41.69210815429688,84.68925476074219,0.0019663241691887,19.859,1.434,0.498,0.0,0,0,1,,0.896,2026-03-17T17:15:04.556365,,,2026-03-17T17:15:04.556365,0.7154176407848021,,75,,,
participant_24,2,day,Town10HD_Opt,2026-03-17 17:15:05.213923,-41.62057876586914,82.25509643554688,0.0019235233776271,22.377,4.473,0.523,0.0,0,0,1,,0.931,2026-03-17T17:15:05.213923,,,2026-03-17T17:15:04.556365,0.7582684361508613,2026-03-17T17:15:04.996000,73,,,
participant_24,2,day,Town10HD_Opt,2026-03-17 17:15:06.272147,-41.00567626953125,78.08563232421875,0.0019285206217318,26.257,12.68,0.523,0.0,0,0,1,,0.839,2026-03-17T17:15:06.272147,,,2026-03-17T17:15:04.556365,0.8616114363160103,2026-03-17T17:15:06.031000,74,,,
participant_24,2,day,Town10HD_Opt,2026-03-17 17:15:06.988639,-39.84243774414063,75.14991760253906,0.0019607164431363,28.408,17.448,0.507,0.0,0,0,1,,0.875,2026-03-17T17:15:06.988639,happy,0.641,2026-03-17T17:15:06.988639,0.842091660795536,2026-03-17T17:15:06.975000,75,,,
participant_24,2,day,Town10HD_Opt,2026-03-17 17:15:08.028204,-36.43779373168945,71.36238098144531,0.0020423887763172,30.178,21.066,0.229,0.0,0,0,1,,0.909,2026-03-17T17:15:08.028204,happy,0.641,2026-03-17T17:15:06.988639,0.7522806856769909,2026-03-17T17:15:07.965000,74,,,
participant_24,2,day,Town10HD_Opt,2026-03-17 17:15:09.023183,-31.97286796569824,69.71484375,0.0022974386811256,23.924,13.071,0.007,0.0,0,0,1,,0.886,2026-03-17T17:15:09.023183,neutral,0.754,2026-03-17T17:15:09.023183,0.8188927775058156,2026-03-17T17:15:09.001000,76,,,
participant_24,2,day,Town10HD_Opt,2026-03-17 17:15:10.029450,-28.131872177124023,69.48541259765625,0.0020796202588826,21.617,3.346,0.562,0.0,0,0,1,,1.0,2026-03-17T17:15:10.029450,neutral,0.754,2026-03-17T17:15:09.023183,0.7583789397660166,2026-03-17T17:15:09.991000,77,,,
participant_24,2,day,Town10HD_Opt,2026-03-17 17:15:11.001731,-24.020187377929688,69.49532318115234,0.0019007114460691,25.989,1.083,0.543,0.0,0,0,1,,0.841,2026-03-17T17:15:11.001731,neutral,0.754,2026-03-17T17:15:09.023183,0.8128874132212902,2026-03-17T17:15:10.980000,78,,,
participant_24,2,day,Town10HD_Opt,2026-03-17 17:15:12.236099,-17.374366760253906,69.6451187133789,0.0019244388677179,31.148,-0.026,0.521,0.0,0,0,1,,1.0,2026-03-17T17:15:12.236099,neutral,0.626,2026-03-17T17:15:12.236099,0.7718022717292321,2026-03-17T17:15:11.970000,83,,,
participant_24,2,day,Town10HD_Opt,2026-03-17 17:15:13.167121,-11.78439998626709,69.7906494140625,0.002047958318144,31.881,-0.2,0.318,0.0,0,0,1,,0.828,2026-03-17T17:15:13.167121,neutral,0.626,2026-03-17T17:15:12.236099,0.7954708428078443,2026-03-17T17:15:13.005000,83,,,
participant_24,2,day,Town10HD_Opt,2026-03-17 17:15:14.173638,-6.358992099761963,69.90387725830078,0.0021210857667028,29.668,-0.045,0.214,0.0,0,0,1,,0.912,2026-03-17T17:15:14.173638,neutral,0.626,2026-03-17T17:15:12.236099,0.7811669015465895,2026-03-17T17:15:13.998000,85,,,
participant_24,2,day,Town10HD_Opt,2026-03-17 17:15:15.098656,-1.4475032091140747,69.996337890625,0.0021596902515739,26.009,-0.341,0.254,0.0,0,0,1,,0.897,2026-03-17T17:15:15.098656,neutral,0.685,2026-03-17T17:15:15.098656,0.8127579468911814,2026-03-17T17:15:14.986000,84,,,
participant_24,2,day,Town10HD_Opt,2026-03-17 17:15:16.072680,2.9395172595977783,70.04229736328125,0.0021123883780092,23.957,-0.515,0.264,0.0,0,0,1,,0.895,2026-03-17T17:15:16.072680,neutral,0.685,2026-03-17T17:15:15.098656,0.7841831907224185,2026-03-17T17:15:15.976000,85,,,
participant_24,2,day,Town10HD_Opt,2026-03-17 17:15:17.070297,6.995176792144775,70.04603576660156,0.0020938871894031,22.357,0.197,0.255,0.0,0,0,1,,1.0,2026-03-17T17:15:17.070297,neutral,0.685,2026-03-17T17:15:15.098656,0.8292538986320128,2026-03-17T17:15:16.966000,85,,,
participant_24,2,day,Town10HD_Opt,2026-03-17 17:15:18.031271,10.721563339233398,70.0591049194336,0.0021439739502966,19.567,0.228,0.0,0.0,0,0,1,,0.865,2026-03-17T17:15:18.031271,neutral,0.937,2026-03-17T17:15:18.031271,0.8565371277677222,2026-03-17T17:15:18,83,,,
participant_24,2,day,Town10HD_Opt,2026-03-17 17:15:19.032156,13.808796882629396,70.07781219482422,0.0019962687510997,15.738,0.068,0.067,0.0,0,0,1,,0.881,2026-03-17T17:15:19.032156,neutral,0.937,2026-03-17T17:15:18.031271,0.7912277583268024,2026-03-17T17:15:18.991000,86,,,
participant_24,2,day,Town10HD_Opt,2026-03-17 17:15:20.025333,16.344589233398438,70.09612274169922,0.0020029065199196,13.087,0.099,0.067,0.0,0,0,1,,0.892,2026-03-17T17:15:20.025333,neutral,0.937,2026-03-17T17:15:18.031271,0.8535628867594024,2026-03-17T17:15:19.981000,85,,,
participant_24,2,day,Town10HD_Opt,2026-03-17 17:15:21.003423,18.46075820922852,70.11309051513672,0.0019866176880896,10.966,0.042,0.066,0.0,0,0,1,,0.962,2026-03-17T17:15:21.003423,neutral,0.821,2026-03-17T17:15:21.003423,0.7705515993435118,2026-03-17T17:15:20.971000,83,,,
participant_24,2,day,Town10HD_Opt,2026-03-17 17:15:21.992582,20.23729133605957,70.12801361083984,0.0019747540354728,9.223,0.042,0.066,0.0,0,0,1,,0.936,2026-03-17T17:15:21.992582,neutral,0.821,2026-03-17T17:15:21.003423,0.7884134258424677,,81,Stop sign violation,stop_sign_id=946,
participant_24,2,day,Town10HD_Opt,2026-03-17 17:15:23.255783,22.194204330444336,70.14530944824219,0.0019496915629133,7.65,0.04,0.056,0.0,0,0,1,,0.893,2026-03-17T17:15:23.255783,neutral,0.919,2026-03-17T17:15:23.255783,0.7995669960721117,2026-03-17T17:15:22.995000,81,,,
participant_24,2,day,Town10HD_Opt,2026-03-17 17:15:24.242579,23.432716369628903,70.15670776367188,0.0019607541617006,6.373,0.04,0.059,0.0,0,0,1,,0.912,2026-03-17T17:15:24.242579,neutral,0.919,2026-03-17T17:15:23.255783,0.7124191464278267,2026-03-17T17:15:23.985000,81,,,
participant_24,2,day,Town10HD_Opt,2026-03-17 17:15:25.157509,24.456445693969727,70.16641235351562,0.0019548796117305,5.251,0.04,0.059,0.0,0,0,1,,0.954,2026-03-17T17:15:25.157509,neutral,0.919,2026-03-17T17:15:23.255783,0.756296155857263,2026-03-17T17:15:24.977000,80,,,
participant_24,2,day,Town10HD_Opt,2026-03-17 17:15:26.088267,25.30670166015625,70.17494201660156,0.0059204897843301,4.578,0.04,0.0,0.0,0,0,1,,0.925,2026-03-17T17:15:26.088267,neutral,0.833,2026-03-17T17:15:26.088267,0.734850231911677,2026-03-17T17:15:26.010000,80,,,
participant_24,2,day,Town10HD_Opt,2026-03-17 17:15:27.022908,25.67823028564453,70.17906188964844,0.0018716807244345,0.004,0.04,0.0,0.076,0,0,1,,0.918,2026-03-17T17:15:27.022908,neutral,0.833,2026-03-17T17:15:26.088267,0.8124056499705544,2026-03-17T17:15:27.001000,82,,,
participant_24,2,day,Town10HD_Opt,2026-03-17 17:15:28.211095,26.066650390625,70.1833267211914,0.0016047679819166,7.535,0.002,0.727,0.0,0,0,1,,0.962,2026-03-17T17:15:28.211095,neutral,0.895,2026-03-17T17:15:28.211095,0.7357566184523163,2026-03-17T17:15:27.990000,81,,,
participant_24,2,day,Town10HD_Opt,2026-03-17 17:15:29.228408,28.084482192993164,70.17721557617188,0.001764221698977,14.112,-4.572,0.285,0.0,0,0,1,,0.952,2026-03-17T17:15:29.228408,neutral,0.895,2026-03-17T17:15:28.211095,0.7289651912289524,2026-03-17T17:15:28.981000,79,,,errors=Stop sign violation
participant_24,2,day,Town10HD_Opt,2026-03-17 17:15:30.143402,30.63481330871582,69.90837860107422,0.0018111802637577,15.355,-9.502,0.286,0.0,0,0,1,,0.947,2026-03-17T17:15:30.143402,neutral,0.895,2026-03-17T17:15:28.211095,0.7941270758314516,2026-03-17T17:15:29.971000,76,,,
participant_24,2,day,Town10HD_Opt,2026-03-17 17:15:31.074672,33.31390380859375,69.2465591430664,0.0019025038927793,16.145,-10.814,0.24,0.0,0,0,1,,0.902,2026-03-17T17:15:31.074672,happy,0.911,2026-03-17T17:15:31.074672,0.8771467509090612,,78,,,
participant_24,2,day,Town10HD_Opt,2026-03-17 17:15:32.018075,35.8979377746582,68.11282348632812,0.0019260406261309,16.217,-12.83,0.239,0.0,0,0,1,,0.921,2026-03-17T17:15:32.018075,happy,0.911,2026-03-17T17:15:31.074672,0.782130179225148,2026-03-17T17:15:31.996000,77,,,
participant_24,2,day,Town10HD_Opt,2026-03-17 17:15:33.017303,38.24033737182617,66.5172119140625,0.0019257353851571,16.284,-12.226,0.24,0.0,0,0,1,,0.914,2026-03-17T17:15:33.017303,happy,0.911,2026-03-17T17:15:31.074672,0.7282493581504454,2026-03-17T17:15:32.986000,77,,,
participant_24,2,day,Town10HD_Opt,2026-03-17 17:15:34.257254,41.02660369873047,63.78072738647461,0.0019738771952688,18.586,-11.421,0.51,0.0,0,0,1,,0.925,2026-03-17T17:15:34.257254,neutral,0.727,2026-03-17T17:15:34.257254,0.8140506733890865,2026-03-17T17:15:34.022000,78,,,
participant_24,2,day,Town10HD_Opt,2026-03-17 17:15:35.244301,42.90620422363281,60.97454452514648,0.0019210819154977,21.142,-12.284,0.496,0.0,0,0,1,,0.923,2026-03-17T17:15:35.244301,neutral,0.727,2026-03-17T17:15:34.257254,0.8303076280844937,2026-03-17T17:15:34.966000,78,,,
participant_24,2,day,Town10HD_Opt,2026-03-17 17:15:36.177870,44.33528900146485,57.28743362426758,0.0019484712975099,24.51,-12.207,0.475,0.0,0,0,1,,0.961,2026-03-17T17:15:36.177870,neutral,0.727,2026-03-17T17:15:34.257254,0.8166249482873146,2026-03-17T17:15:36.001000,80,,,
participant_24,2,day,Town10HD_Opt,2026-03-17 17:15:37.112733,44.8818359375,52.99919891357422,0.0020882794633507,24.282,-8.129,0.342,0.0,0,0,1,,0.981,2026-03-17T17:15:37.112733,neutral,0.699,2026-03-17T17:15:37.112733,0.8596997466414305,2026-03-17T17:15:36.991000,78,,,
participant_24,2,day,Town10HD_Opt,2026-03-17 17:15:38.062122,44.73675537109375,48.74346923828125,0.0020316315349191,24.66,-3.888,0.365,0.0,0,0,1,,0.937,2026-03-17T17:15:38.062122,neutral,0.699,2026-03-17T17:15:37.112733,0.7775329732513542,2026-03-17T17:15:37.981000,80,,,
participant_24,2,day,Town10HD_Opt,2026-03-17 17:15:39.057333,44.25237655639648,44.60296249389648,0.0021899407729506,21.749,-1.756,0.0,0.0,0,0,1,,0.871,2026-03-17T17:15:39.057333,neutral,0.699,2026-03-17T17:15:37.112733,0.8284301755311326,2026-03-17T17:15:38.971000,77,,,
participant_24,2,day,Town10HD_Opt,2026-03-17 17:15:40.007159,43.96416091918945,41.25164413452149,0.0020773694850504,18.331,10.132,0.513,0.0,0,0,1,,0.916,2026-03-17T17:15:40.007159,neutral,0.682,2026-03-17T17:15:40.007159,0.7665200717382697,,79,,,
participant_24,2,day,Town10HD_Opt,2026-03-17 17:15:41.248722,44.64871597290039,36.25835037231445,0.0017339716432616,28.232,10.829,0.691,0.0,0,0,1,,0.936,2026-03-17T17:15:41.248722,neutral,0.682,2026-03-17T17:15:40.007159,0.8828924660515497,2026-03-17T17:15:40.996000,77,,,
participant_24,2,day,Town10HD_Opt,2026-03-17 17:15:42.190453,46.93874740600586,31.37132453918457,0.001958237029612,33.014,20.203,0.503,0.0,0,0,1,,0.892,2026-03-17T17:15:42.190453,neutral,0.494,2026-03-17T17:15:42.190453,0.7550098119488852,2026-03-17T17:15:41.986000,74,,,
participant_24,2,day,Town10HD_Opt,2026-03-17 17:15:43.134565,51.59368896484375,27.88703727722168,0.0020422362722456,34.54,16.957,0.419,0.0,0,0,1,,0.908,2026-03-17T17:15:43.134565,neutral,0.494,2026-03-17T17:15:42.190453,0.8496960124999962,2026-03-17T17:15:42.976000,74,,,
participant_24,2,day,Town10HD_Opt,2026-03-17 17:15:44.097896,57.39482879638672,26.499229431152344,0.0021314998157322,32.923,2.972,0.2,0.0,0,0,1,,0.881,2026-03-17T17:15:44.097896,neutral,0.494,2026-03-17T17:15:42.190453,0.7389344833213656,2026-03-17T17:15:43.966000,75,,,
participant_24,2,day,Town10HD_Opt,2026-03-17 17:15:45.020794,62.75966644287109,25.826772689819336,0.0022083276417106,27.499,-0.063,0.0,0.0,0,0,1,,0.965,2026-03-17T17:15:45.020794,sad,0.32,2026-03-17T17:15:45.020794,0.8016808266521462,2026-03-17T17:15:45.001000,79,,,
participant_24,2,day,Town10HD_Opt,2026-03-17 17:15:46.204369,68.25377655029297,25.31534576416016,0.0022480764891952,19.152,3.82,0.0,0.0,0,0,1,,0.955,2026-03-17T17:15:46.204369,sad,0.32,2026-03-17T17:15:45.020794,0.7419210579741966,2026-03-17T17:15:46.036000,78,,,
participant_24,2,day,Town10HD_Opt,2026-03-17 17:15:47.084169,71.24223327636719,25.23892593383789,0.0020334620494395,14.846,0.139,0.011,0.0,0,0,1,,1.0,2026-03-17T17:15:47.084169,neutral,0.9,2026-03-17T17:15:47.084169,0.765111244052004,2026-03-17T17:15:46.981000,79,,,
participant_24,2,day,Town10HD_Opt,2026-03-17 17:15:48.259339,74.2171401977539,25.167490005493164,0.0020170209463685,10.565,0.888,0.011,0.0,0,0,1,,0.835,2026-03-17T17:15:48.259339,neutral,0.9,2026-03-17T17:15:47.084169,0.7598775565383962,2026-03-17T17:15:47.971000,77,,,
participant_24,2,day,Town10HD_Opt,2026-03-17 17:15:49.164129,75.8602294921875,25.140743255615234,0.0019994731992483,8.047,0.035,0.011,0.0,0,0,1,,0.903,2026-03-17T17:15:49.164129,neutral,0.946,2026-03-17T17:15:49.164129,0.7875973519141972,,78,Solid line crossing,Solid line crossing,
participant_24,2,day,Town10HD_Opt,2026-03-17 17:15:50.019036,77.09668731689453,25.1210880279541,0.0019863124471157,5.94,0.529,0.012,0.0,0,0,1,,0.956,2026-03-17T17:15:50.019036,neutral,0.946,2026-03-17T17:15:49.164129,0.7373847338522587,2026-03-17T17:15:49.996000,80,,,
participant_24,2,day,Town10HD_Opt,2026-03-17 17:15:51.129372,78.23359680175781,25.11000633239746,0.0019415662391111,4.146,0.637,0.0,0.0,0,0,1,,0.915,2026-03-17T17:15:51.129372,neutral,0.946,2026-03-17T17:15:49.164129,0.7579571592968597,2026-03-17T17:15:50.986000,78,,,
participant_24,2,day,Town10HD_Opt,2026-03-17 17:15:52.018302,78.88561248779297,25.10610008239746,0.0019487760728225,3.222,0.764,0.0,0.0,0,0,1,,0.881,2026-03-17T17:15:52.018302,sad,0.539,2026-03-17T17:15:52.018302,0.7972359358658527,2026-03-17T17:15:51.976000,82,,,
participant_24,2,day,Town10HD_Opt,2026-03-17 17:15:53.150864,79.52737426757812,25.10445976257324,0.0019408796215429,2.265,0.764,0.0,0.0,0,0,1,,0.9,2026-03-17T17:15:53.150864,sad,0.539,2026-03-17T17:15:52.018302,0.7293634368990907,2026-03-17T17:15:53.011000,84,,,
participant_24,2,day,Town10HD_Opt,2026-03-17 17:15:53.997468,79.68414306640625,25.104232788085938,0.0019604489207267,0.0,0.75,0.0,0.04,0,0,1,,0.92,2026-03-17T17:15:53.997468,sad,0.539,2026-03-17T17:15:52.018302,0.6808936513156069,2026-03-17T17:15:54.001000,85,,,
participant_24,2,day,Town10HD_Opt,2026-03-17 17:15:55.217421,79.68492889404297,25.104232788085938,0.0019194030901417,0.0,0.757,0.0,0.0,0,0,1,,0.925,2026-03-17T17:15:55.217421,neutral,0.896,2026-03-17T17:15:55.217421,0.6522192055919454,2026-03-17T17:15:55.036000,83,,,
participant_24,2,day,Town10HD_Opt,2026-03-17 17:15:56.095863,79.6849136352539,25.104232788085938,0.0019188307924196,0.006,0.757,0.0,0.0,0,0,1,,0.923,2026-03-17T17:15:56.095863,neutral,0.896,2026-03-17T17:15:55.217421,0.6676987192259437,2026-03-17T17:15:56.028000,84,,,
participant_24,2,day,Town10HD_Opt,2026-03-17 17:15:57.251035,79.68504333496094,25.104232788085938,0.0019188307924196,0.006,0.757,0.0,0.0,0,0,1,,1.0,2026-03-17T17:15:57.251035,neutral,0.885,2026-03-17T17:15:57.251035,0.6299746188765719,2026-03-17T17:15:56.972000,81,,,
participant_24,2,day,Town10HD_Opt,2026-03-17 17:15:58.167314,79.68500518798828,25.104232788085938,0.0019187927246093,0.007,0.757,0.0,0.0,0,0,1,,0.902,2026-03-17T17:15:58.167314,neutral,0.885,2026-03-17T17:15:57.251035,0.6060634288650789,,80,,,
participant_24,2,day,Town10HD_Opt,2026-03-17 17:15:59.053095,79.6851577758789,25.104232788085938,0.001919021597132,0.002,0.757,0.0,0.0,0,0,1,,0.897,2026-03-17T17:15:59.053095,neutral,0.885,2026-03-17T17:15:57.251035,0.5492331093986403,2026-03-17T17:15:58.997000,79,,,
participant_24,2,day,Town10HD_Opt,2026-03-17 17:16:00.166873,79.68526458740234,25.104232788085938,0.001919021597132,0.002,0.757,0.0,0.0,0,0,1,,0.879,2026-03-17T17:16:00.166873,neutral,0.943,2026-03-17T17:16:00.166873,0.594068425018494,2026-03-17T17:15:59.986000,79,,,
participant_24,2,day,Town10HD_Opt,2026-03-17 17:16:01.046891,79.68549346923828,25.104232788085938,0.0019192122854292,0.001,0.757,0.0,0.0,0,0,1,,0.871,2026-03-17T17:16:01.046891,neutral,0.943,2026-03-17T17:16:00.166873,0.51366567488173,2026-03-17T17:16:01.021000,80,,,
participant_24,2,day,Town10HD_Opt,2026-03-17 17:16:02.216437,79.68476104736328,25.104232788085938,0.001915359403938,0.204,0.757,0.402,0.0,0,0,1,,0.907,2026-03-17T17:16:02.216437,sad,0.574,2026-03-17T17:16:02.216437,0.528696903961813,2026-03-17T17:16:02.011000,81,,,
participant_24,2,day,Town10HD_Opt,2026-03-17 17:16:03.137644,80.32420349121094,25.10478782653809,0.0016022121999412,9.128,0.75,0.724,0.0,0,0,1,,0.827,2026-03-17T17:16:03.137644,sad,0.574,2026-03-17T17:16:02.216437,0.5042329145887898,2026-03-17T17:16:03.001000,78,,,
participant_24,2,day,Town10HD_Opt,2026-03-17 17:16:04.030188,82.79351043701172,25.119409561157227,0.0017905820859596,19.439,0.242,0.896,0.0,0,0,1,,0.893,2026-03-17T17:16:04.030188,sad,0.574,2026-03-17T17:16:02.216437,0.4992884951918763,2026-03-17T17:16:03.992000,76,,,
participant_24,2,day,Town10HD_Opt,2026-03-17 17:16:05.181408,88.98787689208984,25.131086349487305,0.0016129700234159,35.684,-5.534,0.75,0.0,0,0,1,,0.833,2026-03-17T17:16:05.181408,neutral,0.681,2026-03-17T17:16:05.181408,0.547291266383518,2026-03-17T17:16:04.981000,76,,,
participant_24,2,day,Town10HD_Opt,2026-03-17 17:16:06.123567,95.51789093017578,23.962047576904297,0.001989250537008,39.125,-12.171,0.47,0.0,0,0,1,,0.917,2026-03-17T17:16:06.123567,neutral,0.681,2026-03-17T17:16:05.181408,0.470127294735145,2026-03-17T17:16:05.972000,79,,,
participant_24,2,day,Town10HD_Opt,2026-03-17 17:16:07.224767,102.87320709228516,18.78555679321289,0.0020869825966656,38.574,-11.916,0.362,0.0,0,0,1,,0.896,2026-03-17T17:16:07.224767,neutral,0.715,2026-03-17T17:16:07.224767,0.4768442191323385,,76,,,
participant_24,2,day,Town10HD_Opt,2026-03-17 17:16:08.046859,106.09390258789062,13.079447746276855,0.0021276851184666,36.563,-10.434,0.379,0.0,0,0,1,,0.913,2026-03-17T17:16:08.046859,neutral,0.715,2026-03-17T17:16:07.224767,0.5145430761319764,2026-03-17T17:16:07.997000,78,,,
participant_24,2,day,Town10HD_Opt,2026-03-17 17:16:09.197839,107.57406616210938,4.815544128417969,0.002055702265352,35.884,-2.624,0.408,0.0,0,0,1,,0.886,2026-03-17T17:16:09.197839,neutral,0.715,2026-03-17T17:16:07.224767,0.5396398126270837,2026-03-17T17:16:08.987000,77,,,
participant_24,2,day,Town10HD_Opt,2026-03-17 17:16:10.061017,107.83363342285156,-1.4474178552627563,0.0020486449357122,35.712,-0.275,0.41,0.0,0,0,1,,0.925,2026-03-17T17:16:10.061017,neutral,0.816,2026-03-17T17:16:10.061017,0.574195144480035,2026-03-17T17:16:09.976000,77,,,
participant_24,2,day,Town10HD_Opt,2026-03-17 17:16:11.191750,107.99604034423828,-9.781139373779297,0.0020371244754642,35.815,-0.952,0.425,0.0,0,0,1,,0.905,2026-03-17T17:16:11.191750,neutral,0.816,2026-03-17T17:16:10.061017,0.5382056409803878,2026-03-17T17:16:11.012000,81,,,
participant_24,2,day,Town10HD_Opt,2026-03-17 17:16:12.024399,107.92088317871094,-16.06812286376953,0.00203632353805,36.039,-1.518,0.425,0.0,0,0,1,,0.906,2026-03-17T17:16:12.024399,neutral,0.816,2026-03-17T17:16:10.061017,0.5106846945766459,2026-03-17T17:16:12.001000,83,,,
participant_24,2,day,Town10HD_Opt,2026-03-17 17:16:13.159858,107.27996063232422,-24.472675323486328,0.0020396041218191,36.234,-3.467,0.425,0.0,0,0,1,,0.878,2026-03-17T17:16:13.159858,neutral,0.697,2026-03-17T17:16:13.159858,0.5185492421514595,2026-03-17T17:16:12.991000,80,,,
participant_24,2,day,Town10HD_Opt,2026-03-17 17:16:14.077165,106.06153869628906,-30.704545974731445,0.0020406723488122,36.359,-3.149,0.425,0.0,0,0,1,,0.88,2026-03-17T17:16:14.077165,neutral,0.697,2026-03-17T17:16:13.159858,0.5624263915912838,2026-03-17T17:16:13.981000,82,,,
participant_24,2,day,Town10HD_Opt,2026-03-17 17:16:15.221632,103.42292785644533,-38.7774772644043,0.0020433806348592,36.475,-4.674,0.425,0.0,0,0,1,,0.829,2026-03-17T17:16:15.221632,neutral,0.51,2026-03-17T17:16:15.221632,0.5236878292674917,2026-03-17T17:16:15.017000,85,,,
participant_24,2,day,Town10HD_Opt,2026-03-17 17:16:16.094497,100.4979019165039,-44.44886016845703,0.0020456314086914,36.514,-5.212,0.425,0.0,0,0,1,,0.848,2026-03-17T17:16:16.094497,neutral,0.51,2026-03-17T17:16:15.221632,0.5385069840234522,,83,,,
participant_24,2,day,Town10HD_Opt,2026-03-17 17:16:17.202424,95.2579345703125,-51.15541076660156,0.0020455168560147,36.568,-4.518,0.425,0.0,0,0,1,,0.841,2026-03-17T17:16:17.202424,neutral,0.51,2026-03-17T17:16:15.221632,0.5334867351965917,2026-03-17T17:16:16.996000,81,,,
participant_24,2,day,Town10HD_Opt,2026-03-17 17:16:18.065143,90.53016662597656,-55.473411560058594,0.0020432663150131,36.644,-4.296,0.426,0.0,0,0,1,,0.802,2026-03-17T17:16:18.065143,neutral,0.627,2026-03-17T17:16:18.065143,0.5492302710071099,2026-03-17T17:16:17.986000,83,,,
participant_24,2,day,Town10HD_Opt,2026-03-17 17:16:18.994672,85.26150512695312,-59.13471221923828,0.002031059237197,37.069,-4.379,0.637,0.0,0,0,1,,0.809,2026-03-17T17:16:18.994672,neutral,0.627,2026-03-17T17:16:18.065143,0.5788470537330327,2026-03-17T17:16:18.979000,81,,,
participant_24,2,day,Town10HD_Opt,2026-03-17 17:16:20.112054,76.71580505371094,-63.14703369140625,0.001869736239314,44.455,-4.235,0.622,0.0,0,0,1,,0.832,2026-03-17T17:16:20.112054,neutral,0.687,2026-03-17T17:16:20.112054,0.6184260442666679,2026-03-17T17:16:20.011000,80,,,
participant_24,2,day,Town10HD_Opt,2026-03-17 17:16:21.248979,66.17825317382812,-65.71723175048828,0.001978340325877,48.154,-3.346,0.503,0.0,0,0,1,,0.866,2026-03-17T17:16:21.248979,neutral,0.687,2026-03-17T17:16:20.112054,0.5945850138955063,2026-03-17T17:16:21.001000,80,,,
participant_24,2,day,Town10HD_Opt,2026-03-17 17:16:22.148642,57.78423690795898,-66.42317199707031,0.0020535278599709,47.941,-0.651,0.437,0.0,0,0,1,,0.847,2026-03-17T17:16:22.148642,neutral,0.471,2026-03-17T17:16:22.148642,0.6165500973562001,2026-03-17T17:16:21.991000,79,,,
participant_24,2,day,Town10HD_Opt,2026-03-17 17:16:23.071398,49.497703552246094,-66.7614974975586,0.0020863339304924,46.636,0.061,0.428,0.0,0,0,1,,1.0,2026-03-17T17:16:23.071398,neutral,0.471,2026-03-17T17:16:22.148642,0.648933046278751,2026-03-17T17:16:22.982000,78,,,
participant_24,2,day,Town10HD_Opt,2026-03-17 17:16:23.993417,41.44744110107422,-67.11254119873047,0.0020829390268772,45.365,-0.251,0.428,0.0,0,0,1,,0.845,2026-03-17T17:16:23.993417,neutral,0.471,2026-03-17T17:16:22.148642,0.724222191492682,2026-03-17T17:16:24.018000,84,,,
participant_24,2,day,Town10HD_Opt,2026-03-17 17:16:25.215720,31.025447845458984,-67.45703887939453,0.0020750807598233,43.914,-0.244,0.428,0.0,0,0,1,,0.838,2026-03-17T17:16:25.215720,neutral,0.586,2026-03-17T17:16:25.215720,0.6467226241001895,,84,,,
participant_24,2,day,Town10HD_Opt,2026-03-17 17:16:26.161781,23.404342651367188,-67.62654113769531,0.0020705030765384,43.091,-0.249,0.428,0.0,0,0,1,,0.869,2026-03-17T17:16:26.161781,neutral,0.586,2026-03-17T17:16:25.215720,0.6609189658834665,2026-03-17T17:16:25.996000,83,,,
participant_24,2,day,Town10HD_Opt,2026-03-17 17:16:27.066629,15.941645622253418,-67.7242202758789,0.00211917841807,41.187,-0.188,0.001,0.0,0,0,1,,0.898,2026-03-17T17:16:27.066629,neutral,0.586,2026-03-17T17:16:25.215720,0.6840912817511042,2026-03-17T17:16:26.986000,82,,,
participant_24,2,day,Town10HD_Opt,2026-03-17 17:16:28.020002,9.42021369934082,-67.76714324951172,0.0023239888250827,32.425,-0.054,0.0,0.0,0,0,1,,1.0,2026-03-17T17:16:28.020002,neutral,0.748,2026-03-17T17:16:28.020002,0.7247157956986613,2026-03-17T17:16:28.022000,80,,,
participant_24,2,day,Town10HD_Opt,2026-03-17 17:16:29.182222,2.964785099029541,-67.80494689941406,0.0022692482452839,22.977,0.031,0.0,0.0,0,0,1,,1.0,2026-03-17T17:16:29.182222,neutral,0.748,2026-03-17T17:16:28.020002,0.6488653210753027,2026-03-17T17:16:29.057000,79,,,
participant_24,2,day,Town10HD_Opt,2026-03-17 17:16:30.052831,-0.5196934342384338,-67.82923889160156,0.0019729607738554,17.192,-0.035,0.0,0.0,0,0,1,,0.815,2026-03-17T17:16:30.052831,fear,0.342,2026-03-17T17:16:30.052831,0.7677846283649019,2026-03-17T17:16:30.002000,80,,,
participant_24,2,day,Town10HD_Opt,2026-03-17 17:16:31.187192,-4.104902267456055,-67.8548355102539,0.0019344710744917,14.696,0.016,0.267,0.0,0,0,1,,0.83,2026-03-17T17:16:31.187192,fear,0.342,2026-03-17T17:16:30.052831,0.654584104040159,2026-03-17T17:16:30.991000,78,,,
participant_24,2,day,Town10HD_Opt,2026-03-17 17:16:32.016108,-6.754519462585449,-67.8747329711914,0.0018892289372161,15.611,0.021,0.264,0.0,0,0,1,,0.819,2026-03-17T17:16:32.016108,fear,0.342,2026-03-17T17:16:30.052831,0.6759633471699908,2026-03-17T17:16:31.982000,79,,,
participant_24,2,day,Town10HD_Opt,2026-03-17 17:16:33.125796,-10.490689277648926,-67.9041519165039,0.0019048309186473,16.337,0.005,0.254,0.0,0,0,1,,1.0,2026-03-17T17:16:33.125796,neutral,0.861,2026-03-17T17:16:33.125796,0.6403307919377921,2026-03-17T17:16:33.016000,77,,,
participant_24,2,day,Town10HD_Opt,2026-03-17 17:16:34.242357,-14.349130630493164,-67.93312072753906,0.0019100952195003,16.722,0.012,0.224,0.0,0,0,1,,0.865,2026-03-17T17:16:34.242357,neutral,0.861,2026-03-17T17:16:33.125796,0.6374877287503977,2026-03-17T17:16:34.007000,77,,,
participant_24,2,day,Town10HD_Opt,2026-03-17 17:16:35.099344,-17.075355529785156,-67.95460510253906,0.0020332331769168,13.62,0.045,0.0,0.0,0,0,1,,1.0,2026-03-17T17:16:35.099344,neutral,0.861,2026-03-17T17:16:33.125796,0.7284723366699736,2026-03-17T17:16:34.996000,74,,,
participant_24,2,day,Town10HD_Opt,2026-03-17 17:16:36.232728,-19.71009063720703,-67.97724151611328,0.0020579523406922,8.094,0.045,0.0,0.204,0,0,1,,0.843,2026-03-17T17:16:36.232728,fear,0.596,2026-03-17T17:16:36.232728,0.7378951602693812,2026-03-17T17:16:35.987000,74,,,
participant_24,2,day,Town10HD_Opt,2026-03-17 17:16:37.069045,-20.740398406982425,-67.98697662353516,0.0023971158079802,0.001,0.035,0.0,0.203,0,0,1,,1.0,2026-03-17T17:16:37.069045,fear,0.596,2026-03-17T17:16:36.232728,0.6592258515531019,2026-03-17T17:16:36.976000,74,,,
participant_24,2,day,Town10HD_Opt,2026-03-17 17:16:38.131968,-20.740936279296875,-67.98698425292969,0.0019260788103565,0.001,0.035,0.0,0.0,0,0,1,,0.815,2026-03-17T17:16:38.131968,fear,0.596,2026-03-17T17:16:36.232728,0.6405624769148696,2026-03-17T17:16:38.012000,75,,,
participant_24,2,day,Town10HD_Opt,2026-03-17 17:16:38.989859,-20.740812301635746,-67.98698425292969,0.0019190978491678,0.002,0.035,0.0,0.0,0,0,1,,0.848,2026-03-17T17:16:38.989859,neutral,0.806,2026-03-17T17:16:38.989859,0.656363651151614,2026-03-17T17:16:39.047000,75,,,
participant_24,2,day,Town10HD_Opt,2026-03-17 17:16:40.107823,-20.739925384521484,-67.98698425292969,0.001917190500535,0.147,0.035,0.251,0.0,0,0,1,,0.827,2026-03-17T17:16:40.107823,neutral,0.806,2026-03-17T17:16:38.989859,0.6659683121264492,2026-03-17T17:16:39.991000,74,,,
participant_24,2,day,Town10HD_Opt,2026-03-17 17:16:41.184835,-20.896085739135746,-67.98828125,0.0019115447066724,0.86,0.035,0.069,0.0,0,0,1,,0.856,2026-03-17T17:16:41.184835,neutral,0.632,2026-03-17T17:16:41.184835,0.6933626162422553,2026-03-17T17:16:40.981000,75,,,
participant_24,2,day,Town10HD_Opt,2026-03-17 17:16:42.059667,-21.09718894958496,-67.9899673461914,0.0018818284152075,1.773,0.035,0.31,0.0,0,0,1,,1.0,2026-03-17T17:16:42.059667,neutral,0.632,2026-03-17T17:16:41.184835,0.5985609787643814,2026-03-17T17:16:42.017000,75,,,
participant_24,2,day,Town10HD_Opt,2026-03-17 17:16:43.214965,-22.14141845703125,-67.99874114990234,0.0017728047678247,7.92,-0.002,0.454,0.0,0,0,1,,0.826,2026-03-17T17:16:43.214965,neutral,0.616,2026-03-17T17:16:43.214965,0.6792220347135471,2026-03-17T17:16:43.007000,74,,,
participant_24,2,day,Town10HD_Opt,2026-03-17 17:16:44.079622,-23.97955322265625,-68.01232147216797,0.0016312036896124,15.323,-0.087,0.825,0.0,0,0,1,,0.83,2026-03-17T17:16:44.079622,neutral,0.616,2026-03-17T17:16:43.214965,0.6449653842172542,2026-03-17T17:16:43.997000,76,,,
participant_24,2,day,Town10HD_Opt,2026-03-17 17:16:45.216461,-28.94577980041504,-68.04150390625,0.0016964352689683,29.156,-0.136,0.773,0.0,0,0,1,,0.846,2026-03-17T17:16:45.216461,neutral,0.471,2026-03-17T17:16:45.216461,0.7503779928518538,2026-03-17T17:16:45.077000,73,,,
participant_24,2,day,Town10HD_Opt,2026-03-17 17:16:46.075761,-34.757568359375,-68.04891204833984,0.0017246258212253,38.467,-0.228,0.755,0.0,0,0,1,,0.915,2026-03-17T17:16:46.075761,neutral,0.471,2026-03-17T17:16:45.216461,0.7206926374947504,2026-03-17T17:16:46.022000,73,,,
participant_24,2,day,Town10HD_Opt,2026-03-17 17:16:47.145906,-44.89302444458008,-67.98835754394531,0.0023667160421609,49.199,-0.012,0.741,0.0,0,0,1,,1.0,2026-03-17T17:16:47.145906,neutral,0.471,2026-03-17T17:16:45.216461,0.6573585411653082,2026-03-17T17:16:47.012000,75,,,
participant_24,2,day,Town10HD_Opt,2026-03-17 17:16:48.022499,-53.59748840332031,-67.89257049560547,0.0021225733216851,47.931,-1.678,0.716,0.0,0,0,1,,1.0,2026-03-17T17:16:48.022499,neutral,0.83,2026-03-17T17:16:48.022499,0.7378557306285538,2026-03-17T17:16:48.001000,73,,,
participant_24,2,day,Town10HD_Opt,2026-03-17 17:16:49.240407,-65.11067962646484,-67.02336883544922,0.0021387478336691,48.983,-0.801,0.672,0.0,0,0,1,,0.898,2026-03-17T17:16:49.240407,neutral,0.83,2026-03-17T17:16:48.022499,0.6954424494881093,2026-03-17T17:16:48.991000,72,,,
participant_24,2,day,Town10HD_Opt,2026-03-17 17:16:50.146401,-73.76146697998047,-65.83180236816406,0.0021534343250095,48.346,-2.033,0.657,0.0,0,0,1,,0.92,2026-03-17T17:16:50.146401,neutral,0.886,2026-03-17T17:16:50.146401,0.7396972759345268,2026-03-17T17:16:49.981000,74,,,
participant_24,2,day,Town10HD_Opt,2026-03-17 17:16:51.012090,-82.10183715820312,-63.96112060546875,0.001940231770277,50.697,-5.319,0.0,0.0,0,0,1,,0.938,2026-03-17T17:16:51.012090,neutral,0.886,2026-03-17T17:16:50.146401,0.6954571528664557,2026-03-17T17:16:51.019000,73,,,
participant_24,2,day,Town10HD_Opt,2026-03-17 17:16:52.171675,-92.59707641601562,-58.99717712402344,0.0019722750876098,50.499,-5.392,0.0,0.0,0,0,1,,0.945,2026-03-17T17:16:52.171675,neutral,0.617,2026-03-17T17:16:52.171675,0.7731094957197133,2026-03-17T17:16:52.007000,74,,,
participant_24,2,day,Town10HD_Opt,2026-03-17 17:16:53.056614,-99.28880310058594,-53.46242904663086,0.0019668580498546,50.799,-5.872,0.0,0.0,0,0,1,,0.921,2026-03-17T17:16:53.056614,neutral,0.617,2026-03-17T17:16:52.171675,0.7933068439694055,2026-03-17T17:16:52.997000,76,,,
participant_24,2,day,Town10HD_Opt,2026-03-17 17:16:54.240571,-105.82429504394533,-44.03208923339844,0.0019499210175126,50.707,-5.371,0.0,0.0,0,0,1,,0.903,2026-03-17T17:16:54.240571,neutral,0.929,2026-03-17T17:16:54.240571,0.7318539824823166,2026-03-17T17:16:53.987000,75,,,
participant_24,2,day,Town10HD_Opt,2026-03-17 17:16:55.163216,-108.67607879638672,-36.30740737915039,0.0023762881755828,41.383,-4.763,0.0,0.0,0,0,1,,0.885,2026-03-17T17:16:55.163216,neutral,0.929,2026-03-17T17:16:54.240571,0.6385973477229518,2026-03-17T17:16:54.977000,76,,,
participant_24,2,day,Town10HD_Opt,2026-03-17 17:16:56.127710,-109.7591552734375,-29.951040267944336,0.002342642750591,31.921,-3.794,0.0,0.0,0,0,1,,0.95,2026-03-17T17:16:56.127710,neutral,0.929,2026-03-17T17:16:54.240571,0.7035735212449866,2026-03-17T17:16:56.012000,80,,,
participant_24,2,day,Town10HD_Opt,2026-03-17 17:16:57.071169,-110.04447174072266,-24.98578643798828,0.0022822560276836,24.434,-1.149,0.0,0.0,0,0,1,,0.933,2026-03-17T17:16:57.071169,neutral,0.708,2026-03-17T17:16:57.071169,0.7050340697198323,2026-03-17T17:16:57.002000,79,,,
participant_24,2,day,Town10HD_Opt,2026-03-17 17:16:58.043821,-110.13609313964844,-21.218305587768555,0.0022413246333599,18.222,0.141,0.0,0.0,0,0,1,,0.881,2026-03-17T17:16:58.043821,neutral,0.708,2026-03-17T17:16:57.071169,0.7094454417572417,2026-03-17T17:16:58.037000,77,,,
participant_24,2,day,Town10HD_Opt,2026-03-17 17:16:59.055355,-110.20077514648438,-18.34329032897949,0.002042960608378,14.223,0.031,0.0,0.0,0,0,1,,0.829,2026-03-17T17:16:59.055355,neutral,0.708,2026-03-17T17:16:57.071169,0.6357466071708284,2026-03-17T17:16:58.983000,78,,,
participant_24,2,day,Town10HD_Opt,2026-03-17 17:17:00.250408,-110.26207733154295,-15.490510940551758,0.0019836041610687,10.622,-0.36,0.089,0.0,0,0,1,,1.0,2026-03-17T17:17:00.250408,neutral,0.826,2026-03-17T17:17:00.250408,0.7135946155700518,2026-03-17T17:17:00.107000,78,,,
participant_24,2,day,Town10HD_Opt,2026-03-17 17:17:01.136035,-110.28915405273438,-13.741764068603516,0.0019638058729469,9.25,-0.416,0.083,0.0,0,0,1,,0.833,2026-03-17T17:17:01.136035,neutral,0.826,2026-03-17T17:17:00.250408,0.7564039427997173,,76,,,
participant_24,2,day,Town10HD_Opt,2026-03-17 17:17:02.059156,-110.30738830566406,-12.21972370147705,0.0019569776486605,8.004,-0.355,0.083,0.0,0,0,1,,0.863,2026-03-17T17:17:02.059156,neutral,0.826,2026-03-17T17:17:00.250408,0.6448070781609798,2026-03-17T17:17:01.997000,76,,,
participant_24,2,day,Town10HD_Opt,2026-03-17 17:17:03.272810,-110.3253402709961,-10.484682083129885,0.0019496533786877,6.711,-0.063,0.082,0.0,0,0,1,,1.0,2026-03-17T17:17:03.272810,neutral,0.868,2026-03-17T17:17:03.272810,0.7635776844919143,2026-03-17T17:17:02.986000,77,,,
participant_24,2,day,Town10HD_Opt,2026-03-17 17:17:04.154801,-110.33660125732422,-9.367720603942873,0.0019449995597824,5.95,-0.155,0.082,0.0,0,0,1,,0.893,2026-03-17T17:17:04.154801,neutral,0.868,2026-03-17T17:17:03.272810,0.6281039347480772,2026-03-17T17:17:03.977000,77,,,
participant_24,2,day,Town10HD_Opt,2026-03-17 17:17:05.059299,-110.34532928466795,-8.382349967956543,0.0019409558735787,5.264,-0.155,0.082,0.0,0,0,1,,0.864,2026-03-17T17:17:05.059299,neutral,0.868,2026-03-17T17:17:03.272810,0.7216635261904244,2026-03-17T17:17:05.058000,79,,,
participant_24,2,day,Town10HD_Opt,2026-03-17 17:17:06.256487,-110.3543701171875,-7.239467620849609,0.0019375229021534,4.464,-0.155,0.083,0.0,0,0,1,,0.892,2026-03-17T17:17:06.256487,neutral,0.779,2026-03-17T17:17:06.256487,0.6849416130768723,2026-03-17T17:17:06.002000,80,,,
participant_24,2,day,Town10HD_Opt,2026-03-17 17:17:07.221932,-110.35972595214844,-6.491695404052734,0.0019338988931849,4.024,-0.155,0.083,0.0,0,0,1,,0.897,2026-03-17T17:17:07.221932,neutral,0.779,2026-03-17T17:17:06.256487,0.7166356165675869,2026-03-17T17:17:06.991000,78,,,
participant_24,2,day,Town10HD_Opt,2026-03-17 17:17:08.077858,-110.3640594482422,-5.8147711753845215,0.0019277571700513,3.908,-0.155,0.0,0.0,0,0,1,,0.838,2026-03-17T17:17:08.077858,neutral,0.779,2026-03-17T17:17:06.256487,0.7215775625685835,2026-03-17T17:17:07.982000,76,,,
participant_24,2,day,Town10HD_Opt,2026-03-17 17:17:09.022699,-110.36570739746094,-5.527390480041504,0.0019947811961174,0.0,-0.155,0.0,0.049,0,0,1,,0.85,2026-03-17T17:17:09.022699,neutral,0.594,2026-03-17T17:17:09.022699,0.6946761869796875,2026-03-17T17:17:09.017000,78,,,
participant_24,2,day,Town10HD_Opt,2026-03-17 17:17:10.175785,-110.36570739746094,-5.526575088500977,0.001919784466736,0.007,-0.155,0.0,0.0,0,0,1,,0.862,2026-03-17T17:17:10.175785,neutral,0.594,2026-03-17T17:17:09.022699,0.7587478874541429,2026-03-17T17:17:10.007000,79,,,
participant_24,2,day,Town10HD_Opt,2026-03-17 17:17:11.047953,-110.36570739746094,-5.526594638824463,0.0019187927246093,0.006,-0.134,0.0,0.0,0,0,1,,1.0,2026-03-17T17:17:11.047953,neutral,0.795,2026-03-17T17:17:11.047953,0.6652653051147296,2026-03-17T17:17:10.997000,78,,,
participant_24,2,day,Town10HD_Opt,2026-03-17 17:17:12.239754,-110.36570739746094,-5.526492595672607,0.0019187927246093,0.006,-0.132,0.0,0.0,0,0,1,,1.0,2026-03-17T17:17:12.239754,neutral,0.795,2026-03-17T17:17:11.047953,0.7573346135801085,2026-03-17T17:17:11.987000,78,,,
participant_24,2,day,Town10HD_Opt,2026-03-17 17:17:13.138897,-110.36570739746094,-5.526559829711914,0.0019189452286809,0.006,-0.115,0.0,0.0,0,0,1,,0.864,2026-03-17T17:17:13.138897,neutral,0.586,2026-03-17T17:17:13.138897,0.7610973680367017,2026-03-17T17:17:12.977000,79,,,
participant_24,2,day,Town10HD_Opt,2026-03-17 17:17:14.044328,-110.36570739746094,-5.526400089263916,0.0019190978491678,0.002,-0.082,0.0,0.0,0,0,1,,0.88,2026-03-17T17:17:14.044328,neutral,0.586,2026-03-17T17:17:13.138897,0.6491694988708728,2026-03-17T17:17:14.012000,77,,,
participant_24,2,day,Town10HD_Opt,2026-03-17 17:17:15.261664,-110.36570739746094,-5.52631950378418,0.0019190596649423,0.002,-0.073,0.0,0.0,0,0,1,,0.913,2026-03-17T17:17:15.261664,neutral,0.83,2026-03-17T17:17:15.261664,0.7172685240813274,2026-03-17T17:17:15.005000,76,,,
participant_24,2,day,Town10HD_Opt,2026-03-17 17:17:16.217997,-110.36570739746094,-5.526111125946045,0.0019192122854292,0.001,-0.038,0.0,0.0,0,0,1,,1.0,2026-03-17T17:17:16.217997,neutral,0.83,2026-03-17T17:17:15.261664,0.7010683766110659,2026-03-17T17:17:15.992000,75,,,
participant_24,2,day,Town10HD_Opt,2026-03-17 17:17:17.144773,-110.36570739746094,-5.526084899902344,0.0019189071608707,0.006,0.002,0.0,0.0,0,0,1,,0.855,2026-03-17T17:17:17.144773,neutral,0.83,2026-03-17T17:17:15.261664,0.6827101069909868,2026-03-17T17:17:16.982000,75,,,
participant_24,2,day,Town10HD_Opt,2026-03-17 17:17:18.068889,-110.36570739746094,-5.526141166687012,0.0019187163561582,0.006,0.054,0.0,0.0,0,0,1,,0.909,2026-03-17T17:17:18.068889,neutral,0.896,2026-03-17T17:17:18.068889,0.7402435969837075,2026-03-17T17:17:18.017000,76,,,
participant_24,2,day,Town10HD_Opt,2026-03-17 17:17:19.021592,-110.36570739746094,-5.5260748863220215,0.0019189834129065,0.002,0.054,0.0,0.0,0,0,1,,1.0,2026-03-17T17:17:19.021592,neutral,0.896,2026-03-17T17:17:18.068889,0.7422383559156657,2026-03-17T17:17:19.008000,76,,,
participant_24,2,day,Town10HD_Opt,2026-03-17 17:17:20.188183,-110.36691284179688,-5.377023696899414,0.0016407022485509,5.711,0.078,1.0,0.0,0,0,1,,0.845,2026-03-17T17:17:20.188183,neutral,0.674,2026-03-17T17:17:20.188183,0.7216914310702052,2026-03-17T17:17:19.997000,76,,,
participant_24,2,day,Town10HD_Opt,2026-03-17 17:17:21.173368,-110.38632202148438,-3.0926735401153564,0.0016743867890909,20.773,0.082,1.0,0.0,0,0,1,,0.902,2026-03-17T17:17:21.173368,neutral,0.674,2026-03-17T17:17:20.188183,0.7255458303029976,2026-03-17T17:17:20.987000,74,,,
participant_24,2,day,Town10HD_Opt,2026-03-17 17:17:22.081695,-110.43402099609376,1.74998140335083,0.0015103931073099,36.495,0.082,0.932,0.0,0,0,1,,0.887,2026-03-17T17:17:22.081695,neutral,0.674,2026-03-17T17:17:20.188183,0.653900865253294,2026-03-17T17:17:21.977000,75,,,
participant_24,2,day,Town10HD_Opt,2026-03-17 17:17:23.038480,-110.39911651611328,8.908342361450195,0.0019865802023559,41.582,-4.957,0.0,0.0,0,0,1,,1.0,2026-03-17T17:17:23.038480,neutral,0.531,2026-03-17T17:17:23.038480,0.6877086637269757,2026-03-17T17:17:23.012000,76,,,
participant_24,2,day,Town10HD_Opt,2026-03-17 17:17:24.012730,-109.35578918457033,15.318743705749512,0.0023493184708058,32.099,-11.868,0.0,0.0,0,0,1,,0.928,2026-03-17T17:17:24.012730,neutral,0.531,2026-03-17T17:17:23.038480,0.6641537914534993,2026-03-17T17:17:24.004000,75,,,
participant_24,2,day,Town10HD_Opt,2026-03-17 17:17:25.286547,-106.19241333007812,20.75029754638672,0.0022940435446798,22.019,-14.043,0.0,0.0,0,0,1,,0.875,2026-03-17T17:17:25.286547,neutral,0.619,2026-03-17T17:17:25.286547,0.6514056941953091,2026-03-17T17:17:24.993000,75,,,
participant_24,2,day,Town10HD_Opt,2026-03-17 17:17:26.234298,-103.58783721923828,22.90735626220703,0.0019749826751649,16.82,-13.251,0.0,0.0,0,0,1,,0.924,2026-03-17T17:17:26.234298,neutral,0.619,2026-03-17T17:17:25.286547,0.6715520991020953,2026-03-17T17:17:25.982000,74,,,
participant_24,2,day,Town10HD_Opt,2026-03-17 17:17:27.206390,-101.26416778564452,24.10556602478028,0.0020479196682572,12.921,-11.622,0.0,0.0,0,0,1,,0.931,2026-03-17T17:17:27.206390,neutral,0.619,2026-03-17T17:17:25.286547,0.6062754156858007,2026-03-17T17:17:27.152000,77,,,
participant_24,2,day,Town10HD_Opt,2026-03-17 17:17:28.205121,-99.35586547851562,24.773983001708984,0.0019794462714344,10.887,-10.694,0.527,0.0,0,0,1,,0.921,2026-03-17T17:17:28.205121,neutral,0.726,2026-03-17T17:17:28.205121,0.6121949457152773,2026-03-17T17:17:28.007000,74,,,
participant_24,2,day,Town10HD_Opt,2026-03-17 17:17:29.247656,-96.78392028808594,25.33036231994629,0.0018276607152074,20.879,-10.757,0.905,0.0,0,0,1,,0.896,2026-03-17T17:17:29.247656,neutral,0.726,2026-03-17T17:17:28.205121,0.6382235854513874,2026-03-17T17:17:28.998000,78,,,
participant_24,2,day,Town10HD_Opt,2026-03-17 17:17:30.291434,-92.34800720214844,25.53915977478028,0.001864090678282,28.367,-5.399,0.0,0.0,0,0,1,,0.945,2026-03-17T17:17:30.291434,neutral,0.406,2026-03-17T17:17:30.291434,0.6405803389094057,2026-03-17T17:17:29.990000,74,,,
participant_24,2,day,Town10HD_Opt,2026-03-17 17:17:31.017303,-89.22985076904297,25.36375999450684,0.0022072594147175,24.387,-0.021,0.0,0.0,0,0,1,,0.902,2026-03-17T17:17:31.017303,neutral,0.406,2026-03-17T17:17:30.291434,0.6400672410072605,2026-03-17T17:17:30.978000,77,,,
participant_24,2,day,Town10HD_Opt,2026-03-17 17:17:32.027660,-85.41360473632812,25.17880630493164,0.0021758647635579,19.79,0.498,0.195,0.0,0,0,1,,1.0,2026-03-17T17:17:32.027660,neutral,0.406,2026-03-17T17:17:30.291434,0.7627299176937659,2026-03-17T17:17:32.012000,79,,,
participant_24,2,day,Town10HD_Opt,2026-03-17 17:17:33.066061,-82.18074035644531,25.01578712463379,0.0018607327947393,17.504,-0.949,0.13,0.0,0,0,1,,0.852,2026-03-17T17:17:33.066061,neutral,0.603,2026-03-17T17:17:33.066061,0.6754008494598412,2026-03-17T17:17:33.002000,77,,,
participant_24,2,day,Town10HD_Opt,2026-03-17 17:17:34.044303,-79.26007080078125,24.820045471191406,0.0019694135989993,15.839,-0.768,0.166,0.0,0,0,1,,0.877,2026-03-17T17:17:34.044303,neutral,0.603,2026-03-17T17:17:33.066061,0.7317348586518062,2026-03-17T17:17:33.992000,76,,,
participant_24,2,day,Town10HD_Opt,2026-03-17 17:17:35.103681,-76.59597778320312,24.620874404907227,0.0019654082134366,14.494,1.206,0.13,0.0,0,0,1,,0.926,2026-03-17T17:17:35.103681,neutral,0.849,2026-03-17T17:17:35.103681,0.7388958745026973,2026-03-17T17:17:35.027000,80,,,
participant_24,2,day,Town10HD_Opt,2026-03-17 17:17:36.089740,-74.17540740966797,24.513107299804688,0.0019633099436759,13.109,2.426,0.129,0.0,0,0,1,,0.918,2026-03-17T17:17:36.089740,neutral,0.849,2026-03-17T17:17:35.103681,0.7088788487204185,2026-03-17T17:17:36.017000,81,,,
participant_24,2,day,Town10HD_Opt,2026-03-17 17:17:37.077837,-71.9744873046875,24.471866607666016,0.0019551084842532,11.98,1.631,0.129,0.0,0,0,1,,0.941,2026-03-17T17:17:37.077837,neutral,0.849,2026-03-17T17:17:35.103681,0.7584292238839825,2026-03-17T17:17:37.007000,78,,,
participant_24,2,day,Town10HD_Opt,2026-03-17 17:17:38.052879,-70.04838562011719,24.46922874450684,0.0020126339513808,9.424,1.622,0.0,0.047,0,0,1,,0.926,2026-03-17T17:17:38.052879,neutral,0.702,2026-03-17T17:17:38.052879,0.7435729272281101,2026-03-17T17:17:37.997000,80,,,
participant_24,2,day,Town10HD_Opt,2026-03-17 17:17:38.994774,-68.63101959228516,24.48903465270996,0.0020114895887672,6.396,1.608,0.0,0.07,0,0,1,,0.875,2026-03-17T17:17:38.994774,neutral,0.702,2026-03-17T17:17:38.052879,0.7787448460083501,2026-03-17T17:17:38.988000,79,,,
participant_24,2,day,Town10HD_Opt,2026-03-17 17:17:40.264151,-68.015869140625,24.503341674804688,0.0019911571871489,0.0,1.605,0.0,0.063,0,0,1,,0.937,2026-03-17T17:17:40.264151,neutral,0.773,2026-03-17T17:17:40.264151,0.7647598642706503,2026-03-17T17:17:40.022000,77,,,
participant_24,2,day,Town10HD_Opt,2026-03-17 17:17:41.248245,-68.01570129394531,24.50335693359375,0.0019215393112972,0.001,1.565,0.0,0.0,0,0,1,,0.948,2026-03-17T17:17:41.248245,neutral,0.773,2026-03-17T17:17:40.264151,0.7503789326698785,2026-03-17T17:17:41.012000,77,,,
participant_24,2,day,Town10HD_Opt,2026-03-17 17:17:42.178584,-67.79692077636719,24.50926780700684,0.0015783321578055,6.899,1.396,1.0,0.0,0,0,1,,0.922,2026-03-17T17:17:42.178584,neutral,0.773,2026-03-17T17:17:40.264151,0.7854067036981902,2026-03-17T17:17:42.002000,77,,,
participant_24,2,day,Town10HD_Opt,2026-03-17 17:17:43.163339,-65.31295013427734,24.587820053100582,0.0017108551692217,22.415,0.738,1.0,0.0,0,0,1,,0.913,2026-03-17T17:17:43.163339,neutral,0.921,2026-03-17T17:17:43.163339,0.7350561716674064,2026-03-17T17:17:43.038000,77,,,
participant_24,2,day,Town10HD_Opt,2026-03-17 17:17:44.074821,-60.262298583984375,24.756561279296875,0.001476633013226,37.808,-0.134,1.0,0.0,0,0,1,,0.916,2026-03-17T17:17:44.074821,neutral,0.921,2026-03-17T17:17:43.163339,0.7310981399493958,2026-03-17T17:17:44.027000,77,,,
participant_24,2,day,Town10HD_Opt,2026-03-17 17:17:45.003139,-52.48263168334961,25.03622436523437,0.0015376299852505,51.664,0.508,0.0,0.166,0,0,1,,0.872,2026-03-17T17:17:45.003139,neutral,0.921,2026-03-17T17:17:43.163339,0.7653918896399521,2026-03-17T17:17:45.018000,74,,,
participant_24,2,day,Town10HD_Opt,2026-03-17 17:17:46.166432,-40.65616607666016,25.72431373596192,0.0019659425597637,50.719,0.186,0.0,0.119,0,0,1,,0.936,2026-03-17T17:17:46.166432,neutral,0.913,2026-03-17T17:17:46.166432,0.74385538230636,2026-03-17T17:17:46.008000,75,,,
participant_24,2,day,Town10HD_Opt,2026-03-17 17:17:47.059856,-31.98908424377441,26.323760986328125,0.0018204123480245,52.347,-0.282,0.0,0.24,0,0,1,,0.886,2026-03-17T17:17:47.059856,neutral,0.913,2026-03-17T17:17:46.166432,0.7922197618076364,2026-03-17T17:17:46.998000,78,,,
participant_24,2,day,Town10HD_Opt,2026-03-17 17:17:48.036940,-23.24960708618164,26.874589920043945,0.0018994909478351,51.823,0.087,0.0,0.137,0,0,1,,0.925,2026-03-17T17:17:48.036940,neutral,0.913,2026-03-17T17:17:46.166432,0.7283119381266318,2026-03-17T17:17:47.989000,76,,,
participant_24,2,day,Town10HD_Opt,2026-03-17 17:17:49.246535,-12.34069538116455,27.584205627441406,0.0022210297174751,38.655,-0.108,0.0,0.0,0,0,1,,0.865,2026-03-17T17:17:49.246535,neutral,0.834,2026-03-17T17:17:49.246535,0.7244935053089334,2026-03-17T17:17:49.068000,78,,,
participant_24,2,day,Town10HD_Opt,2026-03-17 17:17:50.174852,-6.182863712310791,27.96372413635254,0.0022290030028671,31.903,-0.322,0.441,0.0,0,0,1,,0.887,2026-03-17T17:17:50.174852,neutral,0.834,2026-03-17T17:17:49.246535,0.7120934952498601,2026-03-17T17:17:50.012000,77,,,
participant_24,2,day,Town10HD_Opt,2026-03-17 17:17:51.110958,-0.5887485146522522,28.243343353271484,0.0020199203863739,32.498,-0.618,0.434,0.0,0,0,1,,0.826,2026-03-17T17:17:51.110958,neutral,0.834,2026-03-17T17:17:49.246535,0.750823627302312,2026-03-17T17:17:51,78,,,
participant_24,2,day,Town10HD_Opt,2026-03-17 17:17:52.058384,5.166007518768311,28.432159423828125,0.0020170211791992,33.377,-0.611,0.429,0.0,0,0,1,,1.0,2026-03-17T17:17:52.058384,neutral,0.704,2026-03-17T17:17:52.058384,0.8052950839526068,2026-03-17T17:17:51.993000,78,,,
participant_24,2,day,Town10HD_Opt,2026-03-17 17:17:53.210206,13.034537315368652,28.528600692749023,0.0020243453327566,34.135,-0.432,0.426,0.0,0,0,1,,0.837,2026-03-17T17:17:53.210206,neutral,0.704,2026-03-17T17:17:52.058384,0.8066926946894395,2026-03-17T17:17:53.028000,75,,,
participant_24,2,day,Town10HD_Opt,2026-03-17 17:17:54.159581,19.041963577270508,28.519962310791016,0.0020371244754642,34.393,0.193,0.358,0.0,0,0,1,,0.88,2026-03-17T17:17:54.159581,neutral,0.795,2026-03-17T17:17:54.159581,0.8135018968443809,2026-03-17T17:17:54.018000,76,,,
participant_24,2,day,Town10HD_Opt,2026-03-17 17:17:55.163456,24.895282745361328,28.56233024597168,0.0021551509853452,31.549,3.325,0.202,0.0,0,0,1,,0.976,2026-03-17T17:17:55.163456,neutral,0.795,2026-03-17T17:17:54.159581,0.8635524802303545,2026-03-17T17:17:55.007000,76,,,
participant_24,2,day,Town10HD_Opt,2026-03-17 17:17:56.092727,30.0723819732666,29.074098587036133,0.0020337291061878,27.663,8.615,0.203,0.0,0,0,1,,0.941,2026-03-17T17:17:56.092727,neutral,0.795,2026-03-17T17:17:54.159581,0.7719976005530957,2026-03-17T17:17:55.999000,75,,,
participant_24,2,day,Town10HD_Opt,2026-03-17 17:17:57.012532,34.38377380371094,30.5232162475586,0.0021509164944291,24.575,15.753,0.284,0.0,0,0,1,,0.844,2026-03-17T17:17:57.012532,neutral,0.806,2026-03-17T17:17:57.012532,0.8063254688195151,2026-03-17T17:17:56.987000,76,,,
participant_24,2,day,Town10HD_Opt,2026-03-17 17:17:58.221039,38.30358123779297,34.206539154052734,0.0021336360368877,22.253,20.46,0.281,0.0,0,0,1,,0.882,2026-03-17T17:17:58.221039,neutral,0.806,2026-03-17T17:17:57.012532,0.8827836630255188,2026-03-17T17:17:58.023000,78,,,
participant_24,2,day,Town10HD_Opt,2026-03-17 17:17:59.142464,39.61089706420898,37.7316780090332,0.0021146007347851,20.976,17.201,0.273,0.0,0,0,1,,0.911,2026-03-17T17:17:59.142464,neutral,0.836,2026-03-17T17:17:59.142464,0.8693256685639602,2026-03-17T17:17:59.014000,76,,,
participant_24,2,day,Town10HD_Opt,2026-03-17 17:18:00.053559,40.05664443969727,41.241947174072266,0.0021595759317278,18.625,2.32,0.0,0.0,0,0,1,,0.878,2026-03-17T17:18:00.053559,neutral,0.836,2026-03-17T17:17:59.142464,0.8489223195119183,2026-03-17T17:18:00.002000,78,,,
participant_24,2,day,Town10HD_Opt,2026-03-17 17:18:01.212204,40.31018829345703,44.95891952514648,0.0020306773949414,13.329,3.919,0.066,0.0,0,0,1,,0.898,2026-03-17T17:18:01.212204,neutral,0.52,2026-03-17T17:18:01.212204,0.8263638549063119,2026-03-17T17:18:00.992000,77,,,
participant_24,2,day,Town10HD_Opt,2026-03-17 17:18:02.121081,40.35352325439453,47.08535385131836,0.0020164486486464,10.527,0.865,0.0,0.0,0,0,1,,0.895,2026-03-17T17:18:02.121081,neutral,0.52,2026-03-17T17:18:01.212204,0.9071066073876892,2026-03-17T17:18:02.028000,77,,,
participant_24,2,day,Town10HD_Opt,2026-03-17 17:18:03.027729,40.37986755371094,48.72378921508789,0.0020016857888549,7.991,0.999,0.075,0.0,0,0,1,,0.853,2026-03-17T17:18:03.027729,neutral,0.52,2026-03-17T17:18:01.212204,0.9375086321923816,2026-03-17T17:18:03.018000,80,,,
participant_24,2,day,Town10HD_Opt,2026-03-17 17:18:04.208617,40.39064025878906,50.36783599853516,0.0019741056021302,5.857,0.978,0.0,0.0,0,0,1,,0.91,2026-03-17T17:18:04.208617,neutral,0.912,2026-03-17T17:18:04.208617,0.8659138821789142,2026-03-17T17:18:04.007000,79,,,
participant_24,2,day,Town10HD_Opt,2026-03-17 17:18:05.082193,40.39011764526367,51.28009796142578,0.0019621273968368,4.496,0.978,0.0,0.0,0,0,1,,0.865,2026-03-17T17:18:05.082193,neutral,0.912,2026-03-17T17:18:04.208617,0.99,2026-03-17T17:18:04.998000,82,,,
participant_24,2,day,Town10HD_Opt,2026-03-17 17:18:06.235101,40.38501739501953,52.17557144165039,0.0019493482541292,3.114,0.978,0.0,0.0,0,0,1,,0.899,2026-03-17T17:18:06.235101,neutral,0.925,2026-03-17T17:18:06.235101,0.8655793025249673,2026-03-17T17:18:05.988000,81,,,
participant_24,2,day,Town10HD_Opt,2026-03-17 17:18:07.089205,40.38257598876953,52.45167922973633,0.0020055386703461,0.0,0.959,0.0,0.103,0,0,1,,0.949,2026-03-17T17:18:07.089205,neutral,0.925,2026-03-17T17:18:06.235101,0.8457969798823869,2026-03-17T17:18:07.022000,84,,,
participant_24,2,day,Town10HD_Opt,2026-03-17 17:18:08.220001,40.38197708129883,52.5024299621582,0.001768379821442,3.233,0.853,1.0,0.0,0,0,1,,0.876,2026-03-17T17:18:08.220001,neutral,0.925,2026-03-17T17:18:06.235101,0.879717516121563,2026-03-17T17:18:08.013000,81,,,
participant_24,2,day,Town10HD_Opt,2026-03-17 17:18:09.102325,40.36442947387695,54.33930969238281,0.0014461918035522,19.261,-2.344,0.973,0.0,0,0,1,,0.81,2026-03-17T17:18:09.102325,neutral,0.568,2026-03-17T17:18:09.102325,0.8310728300056442,2026-03-17T17:18:09.004000,81,,,
participant_24,2,day,Town10HD_Opt,2026-03-17 17:18:10.053455,40.73479461669922,58.30817794799805,0.001878929673694,25.496,-10.506,0.468,0.0,0,0,1,,0.954,2026-03-17T17:18:10.053455,neutral,0.568,2026-03-17T17:18:09.102325,0.8564126931513758,2026-03-17T17:18:09.992000,77,,,
participant_24,2,day,Town10HD_Opt,2026-03-17 17:18:11.171462,43.05368041992188,64.15763092041016,0.0019878770690411,28.822,-13.475,0.479,0.0,0,0,1,,0.936,2026-03-17T17:18:11.171462,sad,0.626,2026-03-17T17:18:11.171462,0.838096344192452,2026-03-17T17:18:10.984000,80,,,
participant_24,2,day,Town10HD_Opt,2026-03-17 17:18:12.062324,46.61740493774414,67.86772155761719,0.0020383452065289,30.2,-16.401,0.366,0.0,0,0,1,,0.921,2026-03-17T17:18:12.062324,sad,0.626,2026-03-17T17:18:11.171462,0.7419305991108852,2026-03-17T17:18:12.018000,80,,,
participant_24,2,day,Town10HD_Opt,2026-03-17 17:18:12.999702,51.36407470703125,69.9485092163086,0.0021163173951208,28.951,-11.363,0.231,0.0,0,0,1,,0.896,2026-03-17T17:18:12.999702,sad,0.626,2026-03-17T17:18:11.171462,0.7818047424990154,2026-03-17T17:18:13.007000,80,,,
participant_24,2,day,Town10HD_Opt,2026-03-17 17:18:14.183727,57.51288604736328,70.49752044677734,0.00219028419815,23.577,-5.917,0.204,0.0,0,0,1,,0.889,2026-03-17T17:18:14.183727,sad,0.336,2026-03-17T17:18:14.183727,0.7891061874873553,2026-03-17T17:18:13.998000,84,,,
participant_24,2,day,Town10HD_Opt,2026-03-17 17:18:15.069137,61.46604919433594,70.26716613769531,0.0020687482319772,22.242,1.652,0.341,0.0,0,0,1,,0.846,2026-03-17T17:18:15.069137,sad,0.336,2026-03-17T17:18:14.183727,0.7990990877750916,2026-03-17T17:18:14.988000,84,,,
participant_24,2,day,Town10HD_Opt,2026-03-17 17:18:16.228557,66.71763610839844,70.121826171875,0.002018318278715,23.039,0.602,0.378,0.0,0,0,1,,0.835,2026-03-17T17:18:16.228557,neutral,0.901,2026-03-17T17:18:16.228557,0.7018671661699006,2026-03-17T17:18:16.068000,84,,,
participant_24,2,day,Town10HD_Opt,2026-03-17 17:18:17.057543,70.80083465576172,70.06865692138672,0.0020391463767737,23.383,0.338,0.288,0.0,0,0,1,,0.883,2026-03-17T17:18:17.057543,neutral,0.901,2026-03-17T17:18:16.228557,0.7071024933094139,2026-03-17T17:18:17.012000,84,,,
participant_24,2,day,Town10HD_Opt,2026-03-17 17:18:18.140728,76.11720275878906,70.04415130615234,0.0020643232855945,22.35,0.367,0.472,0.0,0,0,1,,0.919,2026-03-17T17:18:18.140728,neutral,0.901,2026-03-17T17:18:16.228557,0.7154552600527923,2026-03-17T17:18:18.003000,84,,,
participant_24,2,day,Town10HD_Opt,2026-03-17 17:18:18.991423,80.20828247070312,70.06204986572266,0.0019631197210401,24.768,0.367,0.456,0.0,0,0,1,,0.851,2026-03-17T17:18:18.991423,neutral,0.696,2026-03-17T17:18:18.991423,0.7172704235781189,2026-03-17T17:18:18.993000,82,,,
participant_24,2,day,Town10HD_Opt,2026-03-17 17:18:20.131200,86.29753875732422,70.293212890625,0.0019855499267578,27.485,7.069,0.442,0.0,0,0,1,,0.833,2026-03-17T17:18:20.131200,neutral,0.696,2026-03-17T17:18:18.991423,0.6655044773789269,2026-03-17T17:18:20.028000,79,,,
participant_24,2,day,Town10HD_Opt,2026-03-17 17:18:21.250955,92.63433074951172,72.06046295166016,0.0020188521593809,29.228,12.444,0.445,0.0,0,0,1,,0.891,2026-03-17T17:18:21.250955,neutral,0.648,2026-03-17T17:18:21.250955,0.7431158727147206,2026-03-17T17:18:21.018000,78,,,
participant_24,2,day,Town10HD_Opt,2026-03-17 17:18:22.174703,96.68887329101562,75.19938659667969,0.0020537183154374,30.071,18.969,0.449,0.0,0,0,1,,0.818,2026-03-17T17:18:22.174703,neutral,0.648,2026-03-17T17:18:21.250955,0.7440579147804898,2026-03-17T17:18:22.008000,77,,,
participant_24,2,day,Town10HD_Opt,2026-03-17 17:18:23.108734,98.96172332763672,79.95845031738281,0.002058524871245,30.966,18.181,0.45,0.0,0,0,1,,0.862,2026-03-17T17:18:23.108734,neutral,0.648,2026-03-17T17:18:21.250955,0.7065684050831368,2026-03-17T17:18:22.998000,75,,,
participant_24,2,day,Town10HD_Opt,2026-03-17 17:18:24.246179,98.99698638916016,87.33479309082031,0.0020082092378288,32.698,1.457,0.445,0.0,0,0,1,,1.0,2026-03-17T17:18:24.246179,neutral,0.601,2026-03-17T17:18:24.246179,0.7758702044882541,2026-03-17T17:18:23.988000,76,,,
participant_24,2,day,Town10HD_Opt,2026-03-17 17:18:25.126668,98.45132446289062,93.11368560791016,0.0020253753755241,33.4,1.311,0.327,0.0,0,0,1,,1.0,2026-03-17T17:18:25.126668,neutral,0.601,2026-03-17T17:18:24.246179,0.7230753766871992,2026-03-17T17:18:25.023000,77,,,
participant_24,2,day,Town10HD_Opt,2026-03-17 17:18:26.224101,97.3162612915039,100.60140228271484,0.0020947263110429,31.373,3.73,0.326,0.0,0,0,1,,0.888,2026-03-17T17:18:26.224101,neutral,0.601,2026-03-17T17:18:24.246179,0.7310144045726976,2026-03-17T17:18:26.013000,76,,,
participant_24,2,day,Town10HD_Opt,2026-03-17 17:18:27.080187,95.88055419921876,105.7825927734375,0.002089538378641,29.997,4.461,0.327,0.0,0,0,1,,0.885,2026-03-17T17:18:27.080187,neutral,0.678,2026-03-17T17:18:27.080187,0.695005744039589,2026-03-17T17:18:27.002000,76,,,
participant_24,2,day,Town10HD_Opt,2026-03-17 17:18:28.209619,93.17195892333984,112.05545043945312,0.0020741650369018,28.676,4.822,0.343,0.0,0,0,1,,0.884,2026-03-17T17:18:28.209619,neutral,0.678,2026-03-17T17:18:27.080187,0.7075718225712989,2026-03-17T17:18:27.993000,75,Solid line crossing,Solid line crossing,
participant_24,2,day,Town10HD_Opt,2026-03-17 17:18:29.096871,90.5759048461914,116.28558349609376,0.0020650099031627,28.039,5.08,0.35,0.0,0,0,1,,1.0,2026-03-17T17:18:29.096871,neutral,0.465,2026-03-17T17:18:29.096871,0.7723121943265964,2026-03-17T17:18:29.029000,74,,,
participant_24,2,day,Town10HD_Opt,2026-03-17 17:18:30.056405,87.52433776855469,120.0808334350586,0.0020619963761419,27.6,5.834,0.351,0.0,0,0,1,,0.894,2026-03-17T17:18:30.056405,neutral,0.465,2026-03-17T17:18:29.096871,0.6897212203552414,2026-03-17T17:18:30.018000,73,,,
participant_24,2,day,Town10HD_Opt,2026-03-17 17:18:31.246514,82.73661041259766,124.28816223144533,0.0020561979617923,27.196,6.941,0.379,0.0,0,0,1,,0.874,2026-03-17T17:18:31.246514,neutral,0.583,2026-03-17T17:18:31.246514,0.6698118851012793,2026-03-17T17:18:31.007000,73,,,
participant_24,2,day,Town10HD_Opt,2026-03-17 17:18:32.199987,78.64088439941406,126.7380828857422,0.0020343016367405,27.509,4.442,0.393,0.0,0,0,1,,1.0,2026-03-17T17:18:32.199987,neutral,0.583,2026-03-17T17:18:31.246514,0.7375236504515004,2026-03-17T17:18:31.998000,76,,,
participant_24,2,day,Town10HD_Opt,2026-03-17 17:18:33.126250,74.20256042480469,128.7098846435547,0.0020238875877112,28.179,6.684,0.417,0.0,0,0,1,,0.925,2026-03-17T17:18:33.126250,neutral,0.583,2026-03-17T17:18:31.246514,0.610571349332882,2026-03-17T17:18:32.988000,76,,,
participant_24,2,day,Town10HD_Opt,2026-03-17 17:18:34.060705,69.32566833496094,130.00379943847656,0.0019439317984506,30.651,6.312,0.613,0.0,0,0,1,,0.913,2026-03-17T17:18:34.060705,neutral,0.755,2026-03-17T17:18:34.060705,0.640625935343383,2026-03-17T17:18:34.023000,78,,,
participant_24,2,day,Town10HD_Opt,2026-03-17 17:18:35.031168,63.61692810058594,130.64024353027344,0.0019172672182321,34.934,2.468,0.446,0.0,0,0,1,,0.958,2026-03-17T17:18:35.031168,neutral,0.755,2026-03-17T17:18:34.060705,0.6367771117495482,2026-03-17T17:18:35.013000,80,,,
participant_24,2,day,Town10HD_Opt,2026-03-17 17:18:36.245850,55.32217025756836,130.80398559570312,0.0020186617039144,36.111,1.288,0.445,0.0,0,0,1,,1.0,2026-03-17T17:18:36.245850,neutral,0.897,2026-03-17T17:18:36.245850,0.5424140730407153,2026-03-17T17:18:36.003000,81,,,
participant_24,2,day,Town10HD_Opt,2026-03-17 17:18:37.184919,48.95540237426758,130.60968017578125,0.0020229339133948,36.733,0.183,0.445,0.0,0,0,1,,0.872,2026-03-17T17:18:37.184919,neutral,0.897,2026-03-17T17:18:36.245850,0.5630222705497626,2026-03-17T17:18:36.993000,81,,,
participant_24,2,day,Town10HD_Opt,2026-03-17 17:18:38.048646,42.48771286010742,130.3811798095703,0.0020254515111446,37.27,-0.825,0.445,0.0,0,0,1,,1.0,2026-03-17T17:18:38.048646,neutral,0.897,2026-03-17T17:18:36.245850,0.5283568259291155,2026-03-17T17:18:37.983000,84,,,
participant_24,2,day,Town10HD_Opt,2026-03-17 17:18:39.265051,33.724605560302734,130.29930114746094,0.0020285034552216,37.896,-0.153,0.445,0.0,0,0,1,,1.0,2026-03-17T17:18:39.265051,neutral,0.757,2026-03-17T17:18:39.265051,0.5358301415039045,2026-03-17T17:18:39.108000,86,,,
participant_24,2,day,Town10HD_Opt,2026-03-17 17:18:40.150580,27.065719604492188,130.31253051757812,0.0020304108038544,38.276,-0.009,0.445,0.0,0,0,1,,1.0,2026-03-17T17:18:40.150580,neutral,0.757,2026-03-17T17:18:39.265051,0.5333378805256215,2026-03-17T17:18:40.008000,86,,,
participant_24,2,day,Town10HD_Opt,2026-03-17 17:18:41.026019,20.34415435791016,130.3285369873047,0.0020319747272878,38.586,0.056,0.445,0.0,0,0,1,,1.0,2026-03-17T17:18:41.026019,neutral,0.757,2026-03-17T17:18:39.265051,0.4947730649920479,2026-03-17T17:18:40.998000,89,,,
participant_24,2,day,Town10HD_Opt,2026-03-17 17:18:42.190259,11.299034118652344,130.325927734375,0.0020338057074695,38.959,0.179,0.444,0.0,0,0,1,,1.0,2026-03-17T17:18:42.190259,neutral,0.777,2026-03-17T17:18:42.190259,0.457285033862087,2026-03-17T17:18:41.989000,93,,,
participant_24,2,day,Town10HD_Opt,2026-03-17 17:18:43.043050,4.631786823272705,130.2779998779297,0.0022307196632027,34.955,0.282,0.0,0.0,0,0,1,,1.0,2026-03-17T17:18:43.043050,neutral,0.777,2026-03-17T17:18:42.190259,0.5471492892122808,2026-03-17T17:18:43.023000,88,,,
participant_24,2,day,Town10HD_Opt,2026-03-17 17:18:44.166628,-2.3556365966796875,130.16099548339844,0.0022813405375927,24.607,0.136,0.0,0.0,0,0,1,,0.822,2026-03-17T17:18:44.166628,neutral,0.777,2026-03-17T17:18:42.190259,0.4631024065984004,2026-03-17T17:18:44.013000,86,,,
participant_24,2,day,Town10HD_Opt,2026-03-17 17:18:45.106710,-6.1677985191345215,130.08477783203125,0.002211989602074,19.06,-0.275,0.462,0.0,0,0,1,,0.926,2026-03-17T17:18:45.106710,neutral,0.899,2026-03-17T17:18:45.106710,0.4862408574972275,2026-03-17T17:18:45.003000,83,,,
participant_24,2,day,Town10HD_Opt,2026-03-17 17:18:46.215438,-11.122110366821287,130.01239013671875,0.0018278510542586,25.706,-0.045,0.642,0.0,0,0,1,,0.896,2026-03-17T17:18:46.215438,neutral,0.899,2026-03-17T17:18:45.106710,0.4881746413391997,2026-03-17T17:18:45.994000,82,,,
participant_24,2,day,Town10HD_Opt,2026-03-17 17:18:47.031899,-16.155988693237305,129.94650268554688,0.0018270118162035,32.368,-0.019,0.642,0.0,0,0,1,,1.0,2026-03-17T17:18:47.031899,neutral,0.899,2026-03-17T17:18:45.106710,0.418878831001316,2026-03-17T17:18:47.028000,82,,,
participant_24,2,day,Town10HD_Opt,2026-03-17 17:18:48.224195,-24.566823959350582,129.81942749023438,0.0018786245491355,39.626,1.88,0.173,0.0,0,0,1,,1.0,2026-03-17T17:18:48.224195,neutral,0.746,2026-03-17T17:18:48.224195,0.4647724752019704,2026-03-17T17:18:48.019000,85,,,
participant_24,2,day,Town10HD_Opt,2026-03-17 17:18:49.154094,-31.053544998168945,129.32655334472656,0.0023001851513981,32.749,7.644,0.0,0.0,0,0,1,,1.0,2026-03-17T17:18:49.154094,neutral,0.746,2026-03-17T17:18:48.224195,0.4818271181564408,2026-03-17T17:18:49.008000,84,,,
participant_24,2,day,Town10HD_Opt,2026-03-17 17:18:50.036010,-35.854373931884766,127.75682067871094,0.0022900763433426,25.345,18.518,0.287,0.0,0,0,1,,0.838,2026-03-17T17:18:50.036010,neutral,0.746,2026-03-17T17:18:48.224195,0.5196914624654525,2026-03-17T17:18:49.999000,83,,,
participant_24,2,day,Town10HD_Opt,2026-03-17 17:18:51.206880,-39.85272979736328,123.64746856689452,0.0020213318057358,26.032,18.543,0.464,0.0,0,0,1,,0.913,2026-03-17T17:18:51.206880,neutral,0.608,2026-03-17T17:18:51.206880,0.4666594199569044,2026-03-17T17:18:50.988000,84,,,
participant_24,2,day,Town10HD_Opt,2026-03-17 17:18:52.174106,-41.26162338256836,119.18767547607422,0.0036412416957318,28.233,11.262,0.46,0.0,0,0,1,,0.901,2026-03-17T17:18:52.174106,neutral,0.608,2026-03-17T17:18:51.206880,0.5095714604405246,2026-03-17T17:18:52.023000,83,,,
participant_24,2,day,Town10HD_Opt,2026-03-17 17:18:53.199502,-41.57476806640625,114.11468505859376,0.0019656375516206,30.111,-0.364,0.456,0.0,0,0,1,,0.858,2026-03-17T17:18:53.199502,neutral,0.608,2026-03-17T17:18:51.206880,0.5211657091256376,2026-03-17T17:18:53.014000,85,,,
participant_24,2,day,Town10HD_Opt,2026-03-17 17:18:54.139579,-41.69512176513672,108.71482849121094,0.001990966964513,31.746,2.473,0.456,0.0,0,0,1,,0.867,2026-03-17T17:18:54.139579,neutral,0.595,2026-03-17T17:18:54.139579,0.5311794597924443,2026-03-17T17:18:54.003000,86,,,
participant_24,2,day,Town10HD_Opt,2026-03-17 17:18:55.070958,-41.557899475097656,103.10321044921876,0.0020634841639548,31.741,-0.938,0.319,0.0,0,0,1,,0.863,2026-03-17T17:18:55.070958,neutral,0.595,2026-03-17T17:18:54.139579,0.4803909180238124,2026-03-17T17:18:54.993000,83,,,
participant_24,2,day,Town10HD_Opt,2026-03-17 17:18:56.271148,-41.5013427734375,95.91549682617188,0.0020896908827126,29.697,-0.618,0.319,0.0,0,0,1,,1.0,2026-03-17T17:18:56.271148,neutral,0.908,2026-03-17T17:18:56.271148,0.4872279363187496,2026-03-17T17:18:56.028000,85,,,
participant_24,2,day,Town10HD_Opt,2026-03-17 17:18:57.234227,-41.56448745727539,90.80841827392578,0.0020819853525608,28.556,-0.508,0.36,0.0,0,0,1,,0.825,2026-03-17T17:18:57.234227,neutral,0.908,2026-03-17T17:18:56.271148,0.5338744202662915,2026-03-17T17:18:57.018000,86,,,
participant_24,2,day,Town10HD_Opt,2026-03-17 17:18:58.110641,-41.645633697509766,85.84606170654297,0.002055816585198,28.183,1.293,0.346,0.0,0,0,1,,1.0,2026-03-17T17:18:58.110641,neutral,0.908,2026-03-17T17:18:56.271148,0.4818233042854583,2026-03-17T17:18:58.008000,83,,,
participant_24,2,day,Town10HD_Opt,2026-03-17 17:18:59.030191,-41.48769760131836,80.9735107421875,0.0020714185666292,27.37,7.107,0.327,0.0,0,0,1,,1.0,2026-03-17T17:18:59.030191,sad,0.484,2026-03-17T17:18:59.030191,0.4979237278258928,2026-03-17T17:18:58.999000,87,,,
participant_24,2,day,Town10HD_Opt,2026-03-17 17:19:00.262186,-39.73436737060547,75.07088470458984,0.0021210857667028,25.846,21.884,0.359,0.0,0,0,1,,0.892,2026-03-17T17:19:00.262186,sad,0.484,2026-03-17T17:18:59.030191,0.5160596484672614,2026-03-17T17:18:59.988000,87,,,
participant_24,2,day,Town10HD_Opt,2026-03-17 17:19:01.152413,-36.50766372680664,72.03250122070312,0.0020989223849028,25.573,21.729,0.378,0.0,0,0,1,,1.0,2026-03-17T17:19:01.152413,sad,0.381,2026-03-17T17:19:01.152413,0.560309514827885,2026-03-17T17:19:01.023000,89,,,
participant_24,2,day,Town10HD_Opt,2026-03-17 17:19:02.091171,-32.274654388427734,70.57160186767578,0.0020442581735551,26.041,5.858,0.378,0.0,0,0,1,,0.849,2026-03-17T17:19:02.091171,sad,0.381,2026-03-17T17:19:01.152413,0.5670299145296362,2026-03-17T17:19:02.014000,85,,,
participant_24,2,day,Town10HD_Opt,2026-03-17 17:19:03.030848,-27.758007049560547,69.76403045654297,0.0020372772123664,26.416,8.961,0.39,0.0,0,0,1,,0.852,2026-03-17T17:19:03.030848,sad,0.381,2026-03-17T17:19:01.152413,0.5234430038702992,2026-03-17T17:19:03.003000,85,,,
participant_24,2,day,Town10HD_Opt,2026-03-17 17:19:04.237210,-21.51719856262207,69.75885772705078,0.0020245360210537,27.219,-2.047,0.39,0.0,0,0,1,,1.0,2026-03-17T17:19:04.237210,neutral,0.458,2026-03-17T17:19:04.237210,0.4596114383851808,2026-03-17T17:19:03.993000,84,,,
participant_24,2,day,Town10HD_Opt,2026-03-17 17:19:05.110835,-16.710216522216797,69.79547882080078,0.0020257185678929,27.764,1.358,0.39,0.0,0,0,1,,1.0,2026-03-17T17:19:05.110835,neutral,0.458,2026-03-17T17:19:04.237210,0.5124321012718107,2026-03-17T17:19:05.029000,82,,,
participant_24,2,day,Town10HD_Opt,2026-03-17 17:19:05.991559,-11.813665390014648,69.92599487304688,0.0020276259165257,28.253,0.418,0.391,0.0,0,0,1,,1.0,2026-03-17T17:19:05.991559,neutral,0.458,2026-03-17T17:19:04.237210,0.5408467580396088,2026-03-17T17:19:06.018000,83,,,
participant_24,2,day,Town10HD_Opt,2026-03-17 17:19:07.107326,-5.181028842926025,70.13428497314453,0.0020585632883012,28.159,-0.74,0.31,0.0,0,0,1,,1.0,2026-03-17T17:19:07.107326,neutral,0.9,2026-03-17T17:19:07.107326,0.4446019888124055,2026-03-17T17:19:07.009000,84,,,
participant_24,2,day,Town10HD_Opt,2026-03-17 17:19:07.997625,-0.3393271565437317,70.18739318847656,0.0020824812818318,26.999,-0.402,0.31,0.0,0,0,1,,1.0,2026-03-17T17:19:07.997625,neutral,0.9,2026-03-17T17:19:07.107326,0.4711592047466909,2026-03-17T17:19:07.998000,86,,,
participant_24,2,day,Town10HD_Opt,2026-03-17 17:19:09.126203,5.740139007568359,70.14456939697266,0.0021746058482676,23.592,0.223,0.0,0.0,0,0,1,,0.838,2026-03-17T17:19:09.126203,neutral,0.937,2026-03-17T17:19:09.126203,0.4232440499535237,2026-03-17T17:19:09.033000,87,,,
participant_24,2,day,Town10HD_Opt,2026-03-17 17:19:10.249475,10.40103816986084,70.0994644165039,0.001966132549569,16.492,0.023,0.0,0.0,0,0,1,,0.837,2026-03-17T17:19:10.249475,neutral,0.937,2026-03-17T17:19:09.126203,0.546710415833944,2026-03-17T17:19:10.023000,86,,,
participant_24,2,day,Town10HD_Opt,2026-03-17 17:19:11.071480,13.055770874023438,70.07469940185547,0.0019481275230646,14.673,-0.026,0.24,0.0,0,0,1,,0.826,2026-03-17T17:19:11.071480,neutral,0.937,2026-03-17T17:19:09.126203,0.4864060010667644,2026-03-17T17:19:11.014000,92,,,
participant_24,2,day,Town10HD_Opt,2026-03-17 17:19:11.990375,15.63493537902832,70.05208587646484,0.0019290923373773,14.591,0.148,0.258,0.0,0,0,1,,0.836,2026-03-17T17:19:11.990375,neutral,0.607,2026-03-17T17:19:11.990375,0.5096246682936713,2026-03-17T17:19:12.004000,90,,,
participant_24,2,day,Town10HD_Opt,2026-03-17 17:19:13.115398,19.23953628540039,70.02992248535156,0.0018678666092455,16.591,0.139,0.305,0.0,0,0,1,,0.866,2026-03-17T17:19:13.115398,neutral,0.607,2026-03-17T17:19:11.990375,0.4314725286865548,2026-03-17T17:19:12.994000,87,,,
participant_24,2,day,Town10HD_Opt,2026-03-17 17:19:14.244075,22.84344482421875,70.01699829101562,0.0020598215050995,12.579,0.129,0.0,0.12,0,0,1,,0.847,2026-03-17T17:19:14.244075,neutral,0.495,2026-03-17T17:19:14.244075,0.4622793324155543,2026-03-17T17:19:14.029000,84,,,
participant_24,2,day,Town10HD_Opt,2026-03-17 17:19:15.112398,24.73556900024414,70.01393127441406,0.0020297998562455,9.042,0.129,0.0,0.003,0,0,1,,0.836,2026-03-17T17:19:15.112398,neutral,0.495,2026-03-17T17:19:14.244075,0.4702091931452467,2026-03-17T17:19:15.018000,83,,,
participant_24,2,day,Town10HD_Opt,2026-03-17 17:19:15.989148,26.09816551208496,70.01335906982422,0.0020193096715956,6.121,0.129,0.0,0.118,0,0,1,,0.821,2026-03-17T17:19:15.989148,neutral,0.495,2026-03-17T17:19:14.244075,0.3924226044033354,2026-03-17T17:19:16.008000,84,,,
participant_24,2,day,Town10HD_Opt,2026-03-17 17:19:17.095991,26.49357795715332,70.01343536376953,0.0019588468130677,0.003,0.129,0.0,0.0,0,0,1,,0.867,2026-03-17T17:19:17.095991,neutral,0.714,2026-03-17T17:19:17.095991,0.3602806323487774,2026-03-17T17:19:16.999000,82,,,
participant_24,2,day,Town10HD_Opt,2026-03-17 17:19:18.008832,26.915014266967773,70.01154327392578,0.0015562833286821,8.513,-1.255,0.855,0.0,0,0,1,,0.948,2026-03-17T17:19:18.008832,neutral,0.714,2026-03-17T17:19:17.095991,0.3668287380154196,2026-03-17T17:19:18.033000,80,,,errors=Stop sign violation
participant_24,2,day,Town10HD_Opt,2026-03-17 17:19:19.183813,30.52915954589844,69.77462005615234,0.001908226753585,20.834,-7.789,0.625,0.0,0,0,1,,1.0,2026-03-17T17:19:19.183813,sad,0.474,2026-03-17T17:19:19.183813,0.3522773666306255,2026-03-17T17:19:19.029000,83,,,
participant_24,2,day,Town10HD_Opt,2026-03-17 17:19:20.109604,34.49106979370117,68.78907775878906,0.001886787940748,26.032,-13.826,0.569,0.0,0,0,1,,0.869,2026-03-17T17:19:20.109604,sad,0.474,2026-03-17T17:19:19.183813,0.2739095856118854,2026-03-17T17:19:20.013000,85,,,
participant_24,2,day,Town10HD_Opt,2026-03-17 17:19:21.262943,39.88451766967773,65.57482147216797,0.0022708121687173,23.39,-8.594,0.0,0.405,0,0,1,,0.843,2026-03-17T17:19:21.262943,neutral,0.515,2026-03-17T17:19:21.262943,0.3867903674898787,2026-03-17T17:19:21.003000,85,,,
participant_24,2,day,Town10HD_Opt,2026-03-17 17:19:22.127164,41.82811737060547,63.78758239746094,0.0029859119094908,0.003,-9.907,0.0,0.422,0,0,1,,0.933,2026-03-17T17:19:22.127164,neutral,0.515,2026-03-17T17:19:21.262943,0.3885073838880347,2026-03-17T17:19:21.993000,85,,,
participant_24,2,day,Town10HD_Opt,2026-03-17 17:19:23.221583,41.82907104492188,63.7865104675293,0.0019299697596579,0.003,-9.043,0.0,0.0,0,0,1,,1.0,2026-03-17T17:19:23.221583,neutral,0.515,2026-03-17T17:19:21.262943,0.3298459580756571,2026-03-17T17:19:23.029000,85,,,
participant_24,2,day,Town10HD_Opt,2026-03-17 17:19:24.107219,41.84548568725586,63.76743698120117,0.0018249133136123,2.233,-12.857,0.949,0.0,0,0,1,,0.859,2026-03-17T17:19:24.107219,sad,0.34,2026-03-17T17:19:24.107219,0.4464989817707828,2026-03-17T17:19:24.019000,83,,,
participant_24,2,day,Town10HD_Opt,2026-03-17 17:19:25.236312,43.25478363037109,61.61764907836914,0.0017668165965005,19.902,-16.955,0.698,0.0,0,0,1,,0.842,2026-03-17T17:19:25.236312,sad,0.34,2026-03-17T17:19:24.107219,0.3116893859033565,2026-03-17T17:19:25.008000,81,,,
participant_24,2,day,Town10HD_Opt,2026-03-17 17:19:26.086953,44.51453399658203,58.02937698364258,0.0020425033289939,22.357,-16.332,0.18,0.0,0,0,1,,0.902,2026-03-17T17:19:26.086953,sad,0.34,2026-03-17T17:19:24.107219,0.2968988146202235,2026-03-17T17:19:25.998000,84,,,
participant_24,2,day,Town10HD_Opt,2026-03-17 17:19:27.246418,44.67182159423828,53.31887435913086,0.0021197122987359,18.169,-7.663,0.141,0.0,0,0,1,,0.841,2026-03-17T17:19:27.246418,angry,0.566,2026-03-17T17:19:27.246418,0.338302570356547,2026-03-17T17:19:27.033000,79,,,
participant_24,2,day,Town10HD_Opt,2026-03-17 17:19:28.106715,44.36611175537109,50.14776611328125,0.0026158150285482,19.405,0.921,0.666,0.0,0,0,1,,0.928,2026-03-17T17:19:28.106715,angry,0.566,2026-03-17T17:19:27.246418,0.3693491080961565,2026-03-17T17:19:28.113000,78,,,
participant_24,2,day,Town10HD_Opt,2026-03-17 17:19:28.999415,44.11707305908203,46.16734313964844,0.0015285121044144,27.03,1.481,0.685,0.0,0,0,1,,0.954,2026-03-17T17:19:28.999415,angry,0.566,2026-03-17T17:19:27.246418,0.3276593938383076,2026-03-17T17:19:29.058000,79,,,
participant_24,2,day,Town10HD_Opt,2026-03-17 17:19:30.180327,44.00830841064453,39.08196640014648,0.0021059033460915,30.1,7.682,0.0,0.0,0,0,1,,0.944,2026-03-17T17:19:30.180327,sad,0.487,2026-03-17T17:19:30.180327,0.3303235137135625,2026-03-17T17:19:30.010000,78,Solid line crossing,Solid line crossing,
participant_24,2,day,Town10HD_Opt,2026-03-17 17:19:31.069409,44.88984298706055,34.44264602661133,0.002181930001825,25.102,14.577,0.402,0.0,0,0,1,,0.902,2026-03-17T17:19:31.069409,sad,0.487,2026-03-17T17:19:30.180327,0.347526240852067,2026-03-17T17:19:30.993000,78,,,
participant_24,2,day,Town10HD_Opt,2026-03-17 17:19:32.180392,48.40774917602539,29.50858497619629,0.0019222263945266,29.562,18.558,0.613,0.0,0,0,1,,1.0,2026-03-17T17:19:32.180392,neutral,0.443,2026-03-17T17:19:32.180392,0.3739391634126878,2026-03-17T17:19:32.028000,77,,,
participant_24,2,day,Town10HD_Opt,2026-03-17 17:19:33.050477,53.34185409545898,27.10944557189941,0.001977844396606,33.297,15.112,0.231,0.0,0,0,1,,1.0,2026-03-17T17:19:33.050477,neutral,0.443,2026-03-17T17:19:32.180392,0.3535410221346574,2026-03-17T17:19:33.018000,79,,,
participant_24,2,day,Town10HD_Opt,2026-03-17 17:19:34.169563,60.51421737670898,26.19013214111328,0.0021810145117342,28.29,-0.773,0.173,0.0,0,0,1,,0.926,2026-03-17T17:19:34.169563,neutral,0.443,2026-03-17T17:19:32.180392,0.3899198805487899,2026-03-17T17:19:34.008000,80,,,
participant_24,2,day,Town10HD_Opt,2026-03-17 17:19:35.056165,65.0821304321289,25.72229766845703,0.0021664805244654,23.999,0.949,0.173,0.0,0,0,1,,0.862,2026-03-17T17:19:35.056165,sad,0.355,2026-03-17T17:19:35.056165,0.4072734733786848,2026-03-17T17:19:34.998000,80,,,
participant_24,2,day,Town10HD_Opt,2026-03-17 17:19:36.253932,70.22699737548828,25.33351707458496,0.002124938648194,20.282,1.344,0.298,0.0,0,0,1,,0.911,2026-03-17T17:19:36.253932,sad,0.355,2026-03-17T17:19:35.056165,0.3379592025349323,2026-03-17T17:19:36.034000,81,,,
participant_24,2,day,Town10HD_Opt,2026-03-17 17:19:37.163114,73.60381317138672,25.183683395385746,0.0019627755973488,17.593,1.589,0.0,0.0,0,0,1,,0.917,2026-03-17T17:19:37.163114,neutral,0.466,2026-03-17T17:19:37.163114,0.3138652519247678,2026-03-17T17:19:37.024000,82,,,
participant_24,2,day,Town10HD_Opt,2026-03-17 17:19:38.030973,76.36381530761719,25.136404037475582,0.002042464679107,13.636,1.57,0.102,0.0,0,0,1,,0.889,2026-03-17T17:19:38.030973,neutral,0.466,2026-03-17T17:19:37.163114,0.3825012929574782,2026-03-17T17:19:38.016000,84,,,
participant_24,2,day,Town10HD_Opt,2026-03-17 17:19:39.140964,80.5843505859375,25.18350982666016,0.0016502394573763,26.922,1.514,1.0,0.0,0,0,1,,0.915,2026-03-17T17:19:39.140964,neutral,0.466,2026-03-17T17:19:37.163114,0.4299040564592139,2026-03-17T17:19:39.004000,82,,,errors=Red light violation
participant_24,2,day,Town10HD_Opt,2026-03-17 17:19:40.256159,89.14301300048828,25.462814331054688,0.0016448226524516,45.689,-4.881,0.55,0.0,0,0,1,,1.0,2026-03-17T17:19:40.256159,neutral,0.64,2026-03-17T17:19:40.256159,0.3658395292339802,2026-03-17T17:19:39.993000,84,,,
participant_24,2,day,Town10HD_Opt,2026-03-17 17:19:41.097379,97.09361267089844,24.34026336669922,0.0021319196093827,44.491,-11.776,0.291,0.0,0,0,1,,0.844,2026-03-17T17:19:41.097379,neutral,0.64,2026-03-17T17:19:40.256159,0.4042660430577965,2026-03-17T17:19:41.029000,85,,,
participant_24,2,day,Town10HD_Opt,2026-03-17 17:19:42.171584,104.68366241455078,18.894454956054688,0.0023419179487973,35.329,-15.243,0.0,0.0,0,0,1,,0.83,2026-03-17T17:19:42.171584,neutral,0.64,2026-03-17T17:19:40.256159,0.4649189146215823,2026-03-17T17:19:42.018000,85,,,
participant_24,2,day,Town10HD_Opt,2026-03-17 17:19:42.996250,106.80184936523438,13.87168312072754,0.0022977057378739,27.919,-13.609,0.856,0.0,0,0,1,,0.838,2026-03-17T17:19:42.996250,neutral,0.373,2026-03-17T17:19:42.996250,0.451973744847629,2026-03-17T17:19:43.009000,83,,,
participant_24,2,day,Town10HD_Opt,2026-03-17 17:19:44.154076,107.21519470214844,5.789847373962402,0.0015833298675715,43.981,-1.318,0.962,0.0,0,0,1,,0.879,2026-03-17T17:19:44.154076,neutral,0.373,2026-03-17T17:19:42.996250,0.4242606973235875,2026-03-17T17:19:43.999000,82,,,
participant_24,2,day,Town10HD_Opt,2026-03-17 17:19:45.006971,107.05715942382812,-2.9014534950256348,0.0020357512403279,49.318,1.175,1.0,0.0,0,0,1,,0.832,2026-03-17T17:19:45.006971,neutral,0.865,2026-03-17T17:19:45.006971,0.3609318066088946,2026-03-17T17:19:45.044000,83,,,
participant_24,2,day,Town10HD_Opt,2026-03-17 17:19:46.043825,107.19564056396484,-14.55046844482422,0.0021652597934007,49.064,-0.632,0.978,0.0,0,0,1,,0.919,2026-03-17T17:19:46.043825,neutral,0.865,2026-03-17T17:19:45.006971,0.4532445518597124,2026-03-17T17:19:46.024000,82,,,
participant_24,2,day,Town10HD_Opt,2026-03-17 17:19:47.080301,106.98300170898438,-26.21451187133789,0.0018944937037304,51.93,-3.57,0.0,0.146,0,0,1,,0.919,2026-03-17T17:19:47.080301,angry,0.846,2026-03-17T17:19:47.080301,0.4185942085277805,2026-03-17T17:19:47.024000,82,,,errors=Solid line crossing
participant_24,2,day,Town10HD_Opt,2026-03-17 17:19:48.180350,104.63308715820312,-37.77407455444336,0.0019670871552079,50.978,-5.451,0.0,0.148,0,0,1,,0.958,2026-03-17T17:19:48.180350,angry,0.846,2026-03-17T17:19:47.080301,0.4989809252051478,2026-03-17T17:19:48.004000,83,,,
participant_24,2,day,Town10HD_Opt,2026-03-17 17:19:48.989182,100.92192840576172,-45.6186752319336,0.0018381125992164,52.176,-5.602,0.0,0.201,0,0,1,,0.946,2026-03-17T17:19:48.989182,angry,0.846,2026-03-17T17:19:47.080301,0.4849113508612319,2026-03-17T17:19:48.998000,84,,,
participant_24,2,day,Town10HD_Opt,2026-03-17 17:19:50.112044,93.26519012451172,-54.54074478149414,0.0020795057062059,49.84,-5.538,0.967,0.0,0,0,1,,0.972,2026-03-17T17:19:50.112044,neutral,0.709,2026-03-17T17:19:50.112044,0.4996891596279871,2026-03-17T17:19:50.029000,83,,,
participant_24,2,day,Town10HD_Opt,2026-03-17 17:19:51.246128,83.40193939208984,-60.73596954345703,0.0022017282899469,48.778,-3.86,0.967,0.0,0,0,1,,0.906,2026-03-17T17:19:51.246128,neutral,0.709,2026-03-17T17:19:50.112044,0.5828739016122084,2026-03-17T17:19:51.064000,82,,,
participant_24,2,day,Town10HD_Opt,2026-03-17 17:19:52.169832,75.0936279296875,-63.71146774291992,0.0022072212304919,48.714,-3.855,0.967,0.0,0,0,1,,0.926,2026-03-17T17:19:52.169832,angry,0.651,2026-03-17T17:19:52.169832,0.615598800122357,2026-03-17T17:19:52.009000,83,,,
participant_24,2,day,Town10HD_Opt,2026-03-17 17:19:53.019249,66.4913558959961,-65.29900360107422,0.0022308724001049,47.702,-3.811,0.967,0.0,0,0,1,,0.895,2026-03-17T17:19:53.019249,angry,0.651,2026-03-17T17:19:52.169832,0.6665476423634952,2026-03-17T17:19:52.998000,81,,,
participant_24,2,day,Town10HD_Opt,2026-03-17 17:19:54.240246,54.89308166503906,-65.82286071777344,0.0021242902148514,50.066,0.766,0.967,0.0,0,0,1,,0.834,2026-03-17T17:19:54.240246,neutral,0.542,2026-03-17T17:19:54.240246,0.6228288676369876,2026-03-17T17:19:54.043000,81,,,
participant_24,2,day,Town10HD_Opt,2026-03-17 17:19:55.156400,46.13517379760742,-66.1904067993164,0.0021299740765243,49.274,-0.204,0.967,0.0,0,0,1,,0.916,2026-03-17T17:19:55.156400,neutral,0.542,2026-03-17T17:19:54.240246,0.6703475976720099,2026-03-17T17:19:55.023000,79,,,
participant_24,2,day,Town10HD_Opt,2026-03-17 17:19:56.025041,37.3193588256836,-66.51016998291016,0.0021670907735824,49.19,-0.19,0.967,0.0,0,0,1,,0.927,2026-03-17T17:19:56.025041,neutral,0.542,2026-03-17T17:19:54.240246,0.6441389878742432,2026-03-17T17:19:56.013000,81,,,
participant_24,2,day,Town10HD_Opt,2026-03-17 17:19:57.143178,25.65217971801757,-66.82730865478516,0.001941948197782,50.92,-0.073,0.0,0.0,0,0,1,,0.904,2026-03-17T17:19:57.143178,neutral,0.586,2026-03-17T17:19:57.143178,0.677637839812468,2026-03-17T17:19:57.004000,81,,,
participant_24,2,day,Town10HD_Opt,2026-03-17 17:19:58.216688,15.004409790039062,-67.05522918701172,0.0023789203260093,38.214,-0.073,0.0,0.0,0,0,1,,0.883,2026-03-17T17:19:58.216688,neutral,0.586,2026-03-17T17:19:57.143178,0.7295468632327057,2026-03-17T17:19:57.994000,81,,,
participant_24,3,day,Town10HD_Opt,2026-03-17 17:30:00.000000,-41.66858673095703,89.7454833984375,0.5804919004440308,16.777,0.949,0.234,0.0,0,0,1,,1.0,2026-03-17T17:30:00,,,2026-03-17T17:30:00,0.3520147072024253,2026-03-17T17:30:00,76,,,
participant_24,3,day,Town10HD_Opt,2026-03-17 17:30:05.540421,-41.68869400024414,86.67068481445312,0.0017222976312041,16.827,0.973,0.25,0.0,0,0,1,,0.893,2026-03-17T17:30:05.540421,,,2026-03-17T17:30:05.540421,0.3892483415634554,2026-03-17T17:30:06.031000,74,,,
participant_24,3,day,Town10HD_Opt,2026-03-17 17:30:06.167241,-41.66997909545898,84.63215637207031,0.00204429612495,18.43,1.29,0.632,0.0,0,0,1,,0.923,2026-03-17T17:30:06.167241,,,2026-03-17T17:30:05.540421,0.4460198692601725,2026-03-17T17:30:06.031000,76,,,
participant_24,3,day,Town10HD_Opt,2026-03-17 17:30:07.188016,-41.51387786865234,81.09839630126953,0.0019025802612304,22.409,4.775,0.513,0.0,0,0,1,,0.818,2026-03-17T17:30:07.188016,,,2026-03-17T17:30:05.540421,0.4473971002743066,2026-03-17T17:30:06.975000,77,,,
participant_24,3,day,Town10HD_Opt,2026-03-17 17:30:08.153583,-40.810302734375,76.9923095703125,0.0020050429739058,24.619,11.672,0.39,0.0,0,0,1,,1.0,2026-03-17T17:30:08.153583,neutral,0.509,2026-03-17T17:30:08.153583,0.4045972920401197,2026-03-17T17:30:07.966000,79,,,
participant_24,3,day,Town10HD_Opt,2026-03-17 17:30:09.243295,-38.87877655029297,73.18700408935547,0.0020964050199836,24.403,23.588,0.349,0.0,0,0,1,,1.0,2026-03-17T17:30:09.243295,neutral,0.509,2026-03-17T17:30:08.153583,0.3744904439298234,2026-03-17T17:30:09,79,,,
participant_24,3,day,Town10HD_Opt,2026-03-17 17:30:10.237598,-35.506893157958984,70.718017578125,0.0021069336216896,23.995,22.002,0.348,0.0,0,0,1,,1.0,2026-03-17T17:30:10.237598,neutral,0.926,2026-03-17T17:30:10.237598,0.4017720213153744,2026-03-17T17:30:09.991000,80,,,
participant_24,3,day,Town10HD_Opt,2026-03-17 17:30:11.065057,-32.8332405090332,69.91825866699219,0.0020756148733198,23.939,12.132,0.328,0.0,0,0,1,,0.919,2026-03-17T17:30:11.065057,neutral,0.926,2026-03-17T17:30:10.237598,0.3676380507496913,2026-03-17T17:30:11.006000,82,,,
participant_24,3,day,Town10HD_Opt,2026-03-17 17:30:12.006814,-28.70312690734864,69.57222747802734,0.0020706176292151,23.528,10.142,0.327,0.0,0,0,1,,0.902,2026-03-17T17:30:12.006814,neutral,0.926,2026-03-17T17:30:10.237598,0.4125348610459901,2026-03-17T17:30:11.970000,82,,,
participant_24,3,day,Town10HD_Opt,2026-03-17 17:30:13.273216,-23.26253128051757,69.8614501953125,0.0020547865424305,23.1,-2.621,0.327,0.0,0,0,1,,0.959,2026-03-17T17:30:13.273216,neutral,0.603,2026-03-17T17:30:13.273216,0.4141425631218642,2026-03-17T17:30:12.959000,82,,,
participant_24,3,day,Town10HD_Opt,2026-03-17 17:30:14.233830,-19.23838424682617,69.9567642211914,0.0020528030581772,22.839,0.815,0.328,0.0,0,0,1,,0.817,2026-03-17T17:30:14.233830,neutral,0.603,2026-03-17T17:30:13.273216,0.4778925930718491,2026-03-17T17:30:14.040000,82,,,
participant_24,3,day,Town10HD_Opt,2026-03-17 17:30:15.168045,-15.26027774810791,70.0866928100586,0.0020512770861387,22.587,-0.703,0.328,0.0,0,0,1,,1.0,2026-03-17T17:30:15.168045,neutral,0.603,2026-03-17T17:30:13.273216,0.4463006678905815,2026-03-17T17:30:14.985000,84,,,
participant_24,3,day,Town10HD_Opt,2026-03-17 17:30:16.092281,-11.319897651672363,70.1524887084961,0.0020505141001194,22.377,-1.248,0.328,0.0,0,0,1,,0.808,2026-03-17T17:30:16.092281,sad,0.775,2026-03-17T17:30:16.092281,0.3938925123816341,2026-03-17T17:30:15.975000,84,,,
participant_24,3,day,Town10HD_Opt,2026-03-17 17:30:17.032101,-7.413825511932373,70.13492584228516,0.0020497892983257,22.191,-0.472,0.328,0.0,0,0,1,,1.0,2026-03-17T17:30:17.032101,sad,0.775,2026-03-17T17:30:16.092281,0.4062913645391731,2026-03-17T17:30:16.965000,87,,,
participant_24,3,day,Town10HD_Opt,2026-03-17 17:30:18.252635,-2.252580165863037,70.07672882080078,0.0020486831199377,21.98,-0.139,0.328,0.0,0,0,1,,1.0,2026-03-17T17:30:18.252635,neutral,0.731,2026-03-17T17:30:18.252635,0.4841486144577952,2026-03-17T17:30:18,88,,,
participant_24,3,day,Town10HD_Opt,2026-03-17 17:30:19.229380,1.565045952796936,70.02544403076172,0.0020748518873006,21.337,0.026,0.258,0.0,0,0,1,,0.902,2026-03-17T17:30:19.229380,neutral,0.731,2026-03-17T17:30:18.252635,0.4314189586003044,2026-03-17T17:30:18.990000,91,,,
participant_24,3,day,Town10HD_Opt,2026-03-17 17:30:20.117499,5.176708698272705,69.98302459716797,0.002090988215059,19.887,0.331,0.253,0.0,0,0,1,,0.853,2026-03-17T17:30:20.117499,neutral,0.731,2026-03-17T17:30:18.252635,0.4503961262327144,2026-03-17T17:30:19.981000,92,,,
participant_24,3,day,Town10HD_Opt,2026-03-17 17:30:21.023813,8.521238327026367,69.96258544921875,0.0021186827216297,18.115,0.233,0.139,0.0,0,0,1,,0.837,2026-03-17T17:30:21.023813,neutral,0.562,2026-03-17T17:30:21.023813,0.3934613692335255,2026-03-17T17:30:20.970000,93,,,
participant_24,3,day,Town10HD_Opt,2026-03-17 17:30:22.227468,12.530631065368652,69.95336151123047,0.0019835662096738,15.754,-0.016,0.12,0.0,0,0,1,,1.0,2026-03-17T17:30:22.227468,neutral,0.562,2026-03-17T17:30:21.023813,0.4135667991419883,2026-03-17T17:30:21.960000,93,,,
participant_24,3,day,Town10HD_Opt,2026-03-17 17:30:23.170359,15.140382766723633,69.94752502441406,0.0019756315741688,13.968,-0.023,0.121,0.0,0,0,1,,1.0,2026-03-17T17:30:23.170359,neutral,0.585,2026-03-17T17:30:23.170359,0.4482324012430069,2026-03-17T17:30:22.996000,91,,,
participant_24,3,day,Town10HD_Opt,2026-03-17 17:30:24.118124,17.46761131286621,69.94142150878906,0.0019644927233457,12.539,-0.023,0.12,0.0,0,0,1,,0.809,2026-03-17T17:30:24.118124,neutral,0.585,2026-03-17T17:30:23.170359,0.4163727167715846,2026-03-17T17:30:23.985000,88,Harsh braking,decel_mps2=6.1,
participant_24,3,day,Town10HD_Opt,2026-03-17 17:30:25.036742,19.56692695617676,69.93533325195312,0.0019558714702725,11.38,-0.023,0.12,0.0,0,0,1,,1.0,2026-03-17T17:30:25.036742,neutral,0.585,2026-03-17T17:30:23.170359,0.4408261600789976,2026-03-17T17:30:24.975000,86,,,
participant_24,3,day,Town10HD_Opt,2026-03-17 17:30:26.281480,22.0832462310791,69.92747497558594,0.0019477843306958,10.116,-0.023,0.0,0.0,0,0,1,,1.0,2026-03-17T17:30:26.281480,neutral,0.609,2026-03-17T17:30:26.281480,0.4079739518615146,2026-03-17T17:30:25.965000,85,,,
participant_24,3,day,Town10HD_Opt,2026-03-17 17:30:27.197065,23.69271469116211,69.921875,0.0019904708024114,7.859,-0.023,0.0,0.0,0,0,1,,1.0,2026-03-17T17:30:27.197065,neutral,0.609,2026-03-17T17:30:26.281480,0.4840142190717956,2026-03-17T17:30:27,83,,,
participant_24,3,day,Town10HD_Opt,2026-03-17 17:30:28.173407,24.93245315551757,69.91735076904297,0.0019903564825654,5.788,-0.023,0.0,0.166,0,0,1,,1.0,2026-03-17T17:30:28.173407,neutral,0.609,2026-03-17T17:30:26.281480,0.3679487318658976,2026-03-17T17:30:27.995000,84,,,
participant_24,3,day,Town10HD_Opt,2026-03-17 17:30:29.081732,25.13512420654297,69.91613006591797,0.0019839857704937,0.0,-0.023,0.0,0.004,0,0,1,,1.0,2026-03-17T17:30:29.081732,neutral,0.629,2026-03-17T17:30:29.081732,0.4849323725106573,2026-03-17T17:30:28.980000,82,,,
participant_24,3,day,Town10HD_Opt,2026-03-17 17:30:30.296745,25.37164306640625,69.9156265258789,0.0017912673065438,3.608,-0.026,0.312,0.0,0,0,1,,1.0,2026-03-17T17:30:30.296745,neutral,0.629,2026-03-17T17:30:29.081732,0.4440601044423994,2026-03-17T17:30:29.970000,82,,,
participant_24,3,day,Town10HD_Opt,2026-03-17 17:30:31.227004,26.095766067504883,69.9130859375,0.0019202422117814,4.078,-0.026,0.0,0.0,0,0,1,,1.0,2026-03-17T17:30:31.227004,fear,0.376,2026-03-17T17:30:31.227004,0.451115939575788,2026-03-17T17:30:30.961000,81,,,
participant_24,3,day,Town10HD_Opt,2026-03-17 17:30:32.137989,26.20126724243164,69.91287231445312,0.0019567108247429,0.003,-0.026,0.0,0.0,0,0,1,,0.85,2026-03-17T17:30:32.137989,fear,0.376,2026-03-17T17:30:31.227004,0.4203341233602035,2026-03-17T17:30:31.996000,80,,,
participant_24,3,day,Town10HD_Opt,2026-03-17 17:30:33.011618,26.27154922485352,69.91258239746094,0.0017990875057876,2.084,-0.035,0.555,0.0,0,0,1,,1.0,2026-03-17T17:30:33.011618,fear,0.376,2026-03-17T17:30:31.227004,0.4549743273511959,2026-03-17T17:30:32.985000,79,,,
participant_24,3,day,Town10HD_Opt,2026-03-17 17:30:34.191703,27.742265701293945,69.9081039428711,0.001798210083507,9.229,-0.035,0.254,0.0,0,0,1,,1.0,2026-03-17T17:30:34.191703,neutral,0.766,2026-03-17T17:30:34.191703,0.5639359016286968,2026-03-17T17:30:34.065000,79,,,
participant_24,3,day,Town10HD_Opt,2026-03-17 17:30:35.154861,29.45385360717773,69.9023208618164,0.0018961334135383,10.131,-0.035,0.187,0.0,0,0,1,,1.0,2026-03-17T17:30:35.154861,neutral,0.766,2026-03-17T17:30:34.191703,0.4788537382720725,2026-03-17T17:30:35.011000,76,,,
participant_24,3,day,Town10HD_Opt,2026-03-17 17:30:36.153733,31.234413146972656,69.88616943359375,0.0019265746232122,10.048,-2.188,0.137,0.0,0,0,1,,1.0,2026-03-17T17:30:36.153733,neutral,0.766,2026-03-17T17:30:34.191703,0.5652163189030894,2026-03-17T17:30:36,78,,,
participant_24,3,day,Town10HD_Opt,2026-03-17 17:30:37.128311,32.94993209838867,69.8086166381836,0.001935081440024,9.523,-3.693,0.111,0.0,0,0,1,,1.0,2026-03-17T17:30:37.128311,neutral,0.362,2026-03-17T17:30:37.128311,0.5248494317087747,2026-03-17T17:30:36.990000,81,,,
participant_24,3,day,Town10HD_Opt,2026-03-17 17:30:38.062007,34.502342224121094,69.68218994140625,0.0019841385073959,7.809,-3.693,0.0,0.0,0,0,1,,1.0,2026-03-17T17:30:38.062007,neutral,0.362,2026-03-17T17:30:37.128311,0.4254981861316106,2026-03-17T17:30:37.981000,79,,,
participant_24,3,day,Town10HD_Opt,2026-03-17 17:30:39.083481,35.7062873840332,69.5253677368164,0.0019775009714066,5.987,-8.324,0.0,0.0,0,0,1,,1.0,2026-03-17T17:30:39.083481,neutral,0.362,2026-03-17T17:30:37.128311,0.4838221822881851,2026-03-17T17:30:38.971000,79,,,
participant_24,3,day,Town10HD_Opt,2026-03-17 17:30:40.061416,36.62057876586914,69.34825897216797,0.0019633101765066,4.531,-7.822,0.0,0.0,0,0,1,,1.0,2026-03-17T17:30:40.061416,neutral,0.363,2026-03-17T17:30:40.061416,0.487627456532856,2026-03-17T17:30:39.961000,79,,,
participant_24,3,day,Town10HD_Opt,2026-03-17 17:30:41.108853,37.32796478271485,69.2230224609375,0.0018843078287318,4.518,6.649,0.636,0.0,0,0,1,,1.0,2026-03-17T17:30:41.108853,neutral,0.363,2026-03-17T17:30:40.061416,0.485900342153965,2026-03-17T17:30:40.996000,78,,,
participant_24,3,day,Town10HD_Opt,2026-03-17 17:30:42.012994,39.01956558227539,69.13323211669922,0.0015799712855368,14.931,8.747,0.664,0.0,0,0,1,,1.0,2026-03-17T17:30:42.012994,neutral,0.363,2026-03-17T17:30:40.061416,0.4954198328626518,2026-03-17T17:30:41.986000,76,,,
participant_24,3,day,Town10HD_Opt,2026-03-17 17:30:43.224348,43.27405548095703,69.36148834228516,0.0019791794475167,19.96,0.606,0.496,0.0,0,0,1,,0.932,2026-03-17T17:30:43.224348,fear,0.371,2026-03-17T17:30:43.224348,0.4817301521705182,2026-03-17T17:30:42.975000,78,,,
participant_24,3,day,Town10HD_Opt,2026-03-17 17:30:44.278750,46.995155334472656,69.64302062988281,0.0019441604381427,23.001,0.964,0.47,0.0,0,0,1,,1.0,2026-03-17T17:30:44.278750,fear,0.371,2026-03-17T17:30:43.224348,0.3509837479530132,2026-03-17T17:30:43.970000,74,,,
participant_24,3,day,Town10HD_Opt,2026-03-17 17:30:45.202429,51.22737121582031,69.9630355834961,0.0019593429751694,25.653,-0.754,0.455,0.0,0,0,1,,1.0,2026-03-17T17:30:45.202429,fear,0.371,2026-03-17T17:30:43.224348,0.4816321377891304,2026-03-17T17:30:45.015000,75,,,
participant_24,3,day,Town10HD_Opt,2026-03-17 17:30:46.136590,55.88273620605469,70.22955322265625,0.0019749449566006,27.783,-1.029,0.45,0.0,0,0,1,,1.0,2026-03-17T17:30:46.136590,fear,0.426,2026-03-17T17:30:46.136590,0.4780391625599915,2026-03-17T17:30:45.990000,76,,,
participant_24,3,day,Town10HD_Opt,2026-03-17 17:30:47.015309,60.88006210327149,70.4006118774414,0.0019966887775808,29.302,-0.848,0.348,0.0,0,0,1,,1.0,2026-03-17T17:30:47.015309,fear,0.426,2026-03-17T17:30:46.136590,0.4360756721657169,2026-03-17T17:30:46.980000,76,,,
participant_24,3,day,Town10HD_Opt,2026-03-17 17:30:48.176546,67.43565368652344,70.43783569335938,0.0021710968576371,25.409,-0.79,0.0,0.0,0,0,1,,0.806,2026-03-17T17:30:48.176546,fear,0.344,2026-03-17T17:30:48.176546,0.4429330673714682,2026-03-17T17:30:47.970000,78,,,
participant_24,3,day,Town10HD_Opt,2026-03-17 17:30:49.042381,71.3908920288086,70.36404418945312,0.0022403716575354,19.258,-0.423,0.0,0.0,0,0,1,,1.0,2026-03-17T17:30:49.042381,fear,0.344,2026-03-17T17:30:48.176546,0.4544389787631349,2026-03-17T17:30:48.961000,78,,,
participant_24,3,day,Town10HD_Opt,2026-03-17 17:30:50.237285,75.23851013183594,70.26950073242188,0.0020445249974727,13.615,0.414,0.0,0.0,0,0,1,,1.0,2026-03-17T17:30:50.237285,fear,0.349,2026-03-17T17:30:50.237285,0.3857398730530526,2026-03-17T17:30:49.996000,78,,,
participant_24,3,day,Town10HD_Opt,2026-03-17 17:30:51.105824,77.35973358154297,70.22758483886719,0.0020190810319036,10.46,0.423,0.0,0.0,0,0,1,,1.0,2026-03-17T17:30:51.105824,fear,0.349,2026-03-17T17:30:50.237285,0.423075719702428,2026-03-17T17:30:50.985000,80,,,
participant_24,3,day,Town10HD_Opt,2026-03-17 17:30:52.266763,79.40947723388672,70.19561004638672,0.001986312912777,7.266,0.005,0.125,0.0,0,0,1,,0.814,2026-03-17T17:30:52.266763,neutral,0.881,2026-03-17T17:30:52.266763,0.4250560371702051,2026-03-17T17:30:51.976000,79,,,
participant_24,3,day,Town10HD_Opt,2026-03-17 17:30:53.144647,80.77149200439453,70.17310333251953,0.0017797851469367,10.393,0.005,0.853,0.0,0,0,1,,0.915,2026-03-17T17:30:53.144647,neutral,0.881,2026-03-17T17:30:52.266763,0.444549378978028,2026-03-17T17:30:52.965000,76,,,
participant_24,3,day,Town10HD_Opt,2026-03-17 17:30:54.044025,83.63115692138672,70.12953186035156,0.0017805862007662,21.906,0.698,0.631,0.0,0,0,1,,0.921,2026-03-17T17:30:54.044025,neutral,0.881,2026-03-17T17:30:52.266763,0.444106586747807,2026-03-17T17:30:54,75,,,
participant_24,3,day,Town10HD_Opt,2026-03-17 17:30:55.249186,88.96416473388672,70.38259887695312,0.0021339415106922,21.35,11.844,0.291,0.0,0,0,1,,0.929,2026-03-17T17:30:55.249186,neutral,0.638,2026-03-17T17:30:55.249186,0.4540231313049935,2026-03-17T17:30:54.991000,76,,,
participant_24,3,day,Town10HD_Opt,2026-03-17 17:30:56.183472,92.46707153320312,71.5282211303711,0.0019728469196707,22.915,17.953,0.682,0.0,0,0,1,,0.941,2026-03-17T17:30:56.183472,neutral,0.638,2026-03-17T17:30:55.249186,0.5136592808324016,2026-03-17T17:30:55.980000,80,,,
participant_24,3,day,Town10HD_Opt,2026-03-17 17:30:57.044237,96.09842681884766,74.4032211303711,0.0017745970981195,31.8,17.291,0.752,0.0,0,0,1,,0.897,2026-03-17T17:30:57.044237,neutral,0.638,2026-03-17T17:30:55.249186,0.4772749686582889,2026-03-17T17:30:56.970000,78,,,
participant_24,3,day,Town10HD_Opt,2026-03-17 17:30:58.169645,99.24842834472656,81.96245574951172,0.0020166777539998,37.677,9.284,0.318,0.0,0,0,1,,0.911,2026-03-17T17:30:58.169645,neutral,0.956,2026-03-17T17:30:58.169645,0.4859601781594125,2026-03-17T17:30:58.005000,80,,,
participant_24,3,day,Town10HD_Opt,2026-03-17 17:30:59.056049,99.29932403564452,88.38711547851562,0.0021150968968868,35.548,0.585,0.322,0.0,0,0,1,,0.944,2026-03-17T17:30:59.056049,neutral,0.956,2026-03-17T17:30:58.169645,0.5375979047629684,2026-03-17T17:30:58.995000,78,,,
participant_24,3,day,Town10HD_Opt,2026-03-17 17:31:00.011799,98.92546844482422,94.42940521240234,0.0021022795699536,33.745,3.525,0.456,0.0,0,0,1,,1.0,2026-03-17T17:31:00.011799,neutral,0.956,2026-03-17T17:30:58.169645,0.5171685157823489,2026-03-17T17:30:59.986000,82,,,
participant_24,3,day,Town10HD_Opt,2026-03-17 17:31:01.232022,97.45843505859376,102.44730377197266,0.0019266509916633,37.401,4.122,0.575,0.0,0,0,1,,1.0,2026-03-17T17:31:01.232022,neutral,0.657,2026-03-17T17:31:01.232022,0.5963102156816403,2026-03-17T17:31:00.976000,81,,,
participant_24,3,day,Town10HD_Opt,2026-03-17 17:31:02.108646,95.3023681640625,108.91999816894533,0.0019348907517269,40.683,4.202,0.556,0.0,0,0,1,,0.873,2026-03-17T17:31:02.108646,neutral,0.657,2026-03-17T17:31:01.232022,0.4739443815181513,2026-03-17T17:31:01.965000,79,,,
participant_24,3,day,Town10HD_Opt,2026-03-17 17:31:03.027661,91.99607849121094,115.47312927246094,0.0019704054575413,43.248,5.411,0.546,0.0,0,0,1,,1.0,2026-03-17T17:31:03.027661,neutral,0.657,2026-03-17T17:31:01.232022,0.6337378266178605,2026-03-17T17:31:03.092000,78,,,
participant_24,3,day,Town10HD_Opt,2026-03-17 17:31:04.203039,85.3858871459961,123.3996810913086,0.0019934081938117,45.61,6.492,0.544,0.0,0,0,1,,0.812,2026-03-17T17:31:04.203039,neutral,0.827,2026-03-17T17:31:04.203039,0.496799666775177,2026-03-17T17:31:04.035000,80,,,
participant_24,3,day,Town10HD_Opt,2026-03-17 17:31:05.146884,78.72195434570312,127.95670318603516,0.002004203852266,46.994,7.418,0.543,0.0,0,0,1,,1.0,2026-03-17T17:31:05.146884,neutral,0.827,2026-03-17T17:31:04.203039,0.6220322457651873,2026-03-17T17:31:04.980000,77,,,
participant_24,3,day,Town10HD_Opt,2026-03-17 17:31:06.089473,70.87872314453125,130.61192321777344,0.0020135496743023,48.082,6.974,0.541,0.0,0,0,1,,0.845,2026-03-17T17:31:06.089473,neutral,0.827,2026-03-17T17:31:04.203039,0.5288612402470748,2026-03-17T17:31:05.971000,78,,,
participant_24,3,day,Town10HD_Opt,2026-03-17 17:31:07.073380,62.44633483886719,131.06744384765625,0.0020960615947842,47.245,1.671,0.0,0.0,0,0,1,,0.827,2026-03-17T17:31:07.073380,neutral,0.396,2026-03-17T17:31:07.073380,0.5961384246781549,2026-03-17T17:31:07.006000,78,,,
participant_24,3,day,Town10HD_Opt,2026-03-17 17:31:08.048255,55.00039291381836,130.64407348632812,0.0023670578375458,37.009,-1.347,0.0,0.0,0,0,1,,0.884,2026-03-17T17:31:08.048255,neutral,0.396,2026-03-17T17:31:07.073380,0.5489024754928702,2026-03-17T17:31:07.995000,75,,,
participant_24,3,day,Town10HD_Opt,2026-03-17 17:31:09.052329,49.04356384277344,130.37860107421875,0.0021449278574436,32.453,-0.637,0.406,0.0,0,0,1,,0.845,2026-03-17T17:31:09.052329,neutral,0.396,2026-03-17T17:31:07.073380,0.5961851215941536,2026-03-17T17:31:08.985000,76,,,
participant_24,3,day,Town10HD_Opt,2026-03-17 17:31:10.037683,43.36652374267578,130.2270050048828,0.0020300291944295,32.719,-2.113,0.431,0.0,0,0,1,,0.822,2026-03-17T17:31:10.037683,happy,0.98,2026-03-17T17:31:10.037683,0.5172462979114031,2026-03-17T17:31:09.975000,73,,,
participant_24,3,day,Town10HD_Opt,2026-03-17 17:31:11.258220,35.57791519165039,130.38746643066406,0.0020062637049704,34.211,1.321,0.443,0.0,0,0,1,,0.945,2026-03-17T17:31:11.258220,happy,0.98,2026-03-17T17:31:10.037683,0.57301584308558,2026-03-17T17:31:11.011000,75,,,
participant_24,3,day,Town10HD_Opt,2026-03-17 17:31:12.243324,29.52212142944336,130.4325714111328,0.0020156479440629,35.057,-0.435,0.443,0.0,0,0,1,,0.85,2026-03-17T17:31:12.243324,neutral,0.803,2026-03-17T17:31:12.243324,0.5329030117652263,2026-03-17T17:31:12,75,,,
participant_24,3,day,Town10HD_Opt,2026-03-17 17:31:13.203180,23.328765869140625,130.48851013183594,0.0020194626413285,35.781,0.211,0.443,0.0,0,0,1,,0.844,2026-03-17T17:31:13.203180,neutral,0.803,2026-03-17T17:31:12.243324,0.4667866133277478,2026-03-17T17:31:12.990000,75,,,
participant_24,3,day,Town10HD_Opt,2026-03-17 17:31:14.102528,17.01616859436035,130.51077270507812,0.0020225525368005,36.409,0.143,0.443,0.0,0,0,1,,0.898,2026-03-17T17:31:14.102528,neutral,0.803,2026-03-17T17:31:12.243324,0.5801372891303778,2026-03-17T17:31:13.981000,75,,,
participant_24,3,day,Town10HD_Opt,2026-03-17 17:31:15.041426,10.60629653930664,130.4990997314453,0.0020366667304188,36.593,0.287,0.134,0.0,0,0,1,,0.838,2026-03-17T17:31:15.041426,neutral,0.492,2026-03-17T17:31:15.041426,0.5513598210555032,2026-03-17T17:31:14.970000,76,,,
participant_24,3,day,Town10HD_Opt,2026-03-17 17:31:16.256832,3.0352542400360107,130.42385864257812,0.0022897720336914,27.001,0.179,0.0,0.0,0,0,1,,1.0,2026-03-17T17:31:16.256832,neutral,0.492,2026-03-17T17:31:15.041426,0.5412740781012508,2026-03-17T17:31:16.140000,77,,,
participant_24,3,day,Town10HD_Opt,2026-03-17 17:31:17.204501,-1.1476870775222778,130.3614044189453,0.0022541808430105,20.368,0.179,0.0,0.0,0,0,1,,0.876,2026-03-17T17:31:17.204501,fear,0.52,2026-03-17T17:31:17.204501,0.5110998771781912,2026-03-17T17:31:16.995000,75,,,
participant_24,3,day,Town10HD_Opt,2026-03-17 17:31:18.136075,-4.307214260101318,130.3053741455078,0.0020077896770089,15.675,-0.454,0.0,0.0,0,0,1,,0.908,2026-03-17T17:31:18.136075,fear,0.52,2026-03-17T17:31:17.204501,0.563919196143966,2026-03-17T17:31:17.986000,76,,,
participant_24,3,day,Town10HD_Opt,2026-03-17 17:31:19.041566,-6.778275489807129,130.27842712402344,0.0020097731612622,12.617,-0.103,0.078,0.0,0,0,1,,1.0,2026-03-17T17:31:19.041566,fear,0.52,2026-03-17T17:31:17.204501,0.6433907380788492,2026-03-17T17:31:18.975000,77,Solid line crossing,Solid line crossing,
participant_24,3,day,Town10HD_Opt,2026-03-17 17:31:20.203591,-9.492055892944336,130.2517547607422,0.0019578551873564,10.751,-0.103,0.122,0.0,0,0,1,,0.903,2026-03-17T17:31:20.203591,neutral,0.372,2026-03-17T17:31:20.203591,0.6058150800344849,2026-03-17T17:31:19.965000,74,,,
participant_24,3,day,Town10HD_Opt,2026-03-17 17:31:21.095888,-11.30286979675293,130.23631286621094,0.0019478225149214,9.868,-0.103,0.114,0.0,0,0,1,,0.85,2026-03-17T17:31:21.095888,neutral,0.372,2026-03-17T17:31:20.203591,0.6074014319982376,2026-03-17T17:31:21.046000,78,,,
participant_24,3,day,Town10HD_Opt,2026-03-17 17:31:22.013488,-12.965194702148438,130.22378540039062,0.001944274874404,9.114,-0.103,0.113,0.0,0,0,1,,0.843,2026-03-17T17:31:22.013488,neutral,0.372,2026-03-17T17:31:20.203591,0.5726783330627293,2026-03-17T17:31:21.991000,73,,,
participant_24,3,day,Town10HD_Opt,2026-03-17 17:31:23.186352,-15.04015064239502,130.21044921875,0.0019056319724768,9.125,-0.103,0.182,0.0,0,0,1,,0.865,2026-03-17T17:31:23.186352,fear,0.36,2026-03-17T17:31:23.186352,0.6633262389787826,2026-03-17T17:31:22.981000,75,,,
participant_24,3,day,Town10HD_Opt,2026-03-17 17:31:24.123613,-16.666723251342773,130.20175170898438,0.0019065856467932,9.501,-0.115,0.176,0.0,0,0,1,,0.864,2026-03-17T17:31:24.123613,fear,0.36,2026-03-17T17:31:23.186352,0.5604315952213068,2026-03-17T17:31:24.061000,75,Harsh braking,decel_mps2=8.1,
participant_24,3,day,Town10HD_Opt,2026-03-17 17:31:25.262532,-18.90626335144043,130.1935577392578,0.0019315337995067,9.407,-0.155,0.144,0.0,0,0,1,,0.853,2026-03-17T17:31:25.262532,neutral,0.69,2026-03-17T17:31:25.262532,0.5560705802525749,2026-03-17T17:31:25.006000,74,,,
participant_24,3,day,Town10HD_Opt,2026-03-17 17:31:26.137297,-20.90376663208008,130.18994140625,0.0016535186441615,16.421,-0.155,0.74,0.0,0,0,1,,0.874,2026-03-17T17:31:26.137297,neutral,0.69,2026-03-17T17:31:25.262532,0.6714671706346531,2026-03-17T17:31:25.995000,77,,,
participant_24,3,day,Town10HD_Opt,2026-03-17 17:31:27.022204,-24.27123260498047,130.18734741210938,0.0018517684657126,22.398,0.256,0.503,0.0,0,0,1,,0.932,2026-03-17T17:31:27.022204,neutral,0.69,2026-03-17T17:31:25.262532,0.5894977677301546,2026-03-17T17:31:26.986000,81,,,
participant_24,3,day,Town10HD_Opt,2026-03-17 17:31:28.203153,-29.71126174926757,129.79798889160156,0.0020819092169404,22.916,9.621,0.282,0.0,0,0,1,,0.837,2026-03-17T17:31:28.203153,neutral,0.427,2026-03-17T17:31:28.203153,0.6276557477762743,2026-03-17T17:31:27.975000,80,,,
participant_24,3,day,Town10HD_Opt,2026-03-17 17:31:29.135260,-33.43222427368164,128.65716552734375,0.0020954513456672,21.656,13.224,0.288,0.0,0,0,1,,0.91,2026-03-17T17:31:29.135260,neutral,0.427,2026-03-17T17:31:28.203153,0.5708485392266707,2026-03-17T17:31:29.011000,77,,,
participant_24,3,day,Town10HD_Opt,2026-03-17 17:31:30.006799,-36.56100082397461,126.7223129272461,0.0020940017420798,20.611,14.778,0.289,0.0,0,0,1,,0.838,2026-03-17T17:31:30.006799,neutral,0.427,2026-03-17T17:31:28.203153,0.6677849160095451,2026-03-17T17:31:30,80,,,
participant_24,3,day,Town10HD_Opt,2026-03-17 17:31:31.236656,-39.56948852539063,123.18685150146484,0.0020866394042968,19.483,14.751,0.289,0.0,0,0,1,,0.875,2026-03-17T17:31:31.236656,neutral,0.5,2026-03-17T17:31:31.236656,0.5961820359279764,2026-03-17T17:31:30.991000,79,,,
participant_24,3,day,Town10HD_Opt,2026-03-17 17:31:32.173402,-40.89774703979492,120.06243133544922,0.0019696045201271,19.274,14.317,0.291,0.0,0,0,1,,0.808,2026-03-17T17:31:32.173402,neutral,0.5,2026-03-17T17:31:31.236656,0.5495319759290015,2026-03-17T17:31:31.980000,80,,,
participant_24,3,day,Town10HD_Opt,2026-03-17 17:31:33.152868,-41.473106384277344,116.67861938476562,0.0019693374633789,20.926,7.651,0.497,0.0,0,0,1,,0.926,2026-03-17T17:31:33.152868,neutral,0.5,2026-03-17T17:31:31.236656,0.5458959544395319,2026-03-17T17:31:32.971000,81,,,
participant_24,3,day,Town10HD_Opt,2026-03-17 17:31:34.095822,-41.70082473754883,112.73853302001952,0.0019564819522202,23.947,1.643,0.408,0.0,0,0,1,,0.902,2026-03-17T17:31:34.095822,neutral,0.392,2026-03-17T17:31:34.095822,0.5727246602224336,2026-03-17T17:31:34.007000,79,,,
participant_24,3,day,Town10HD_Opt,2026-03-17 17:31:35.088293,-41.77879333496094,108.41535949707033,0.0020036697387695,25.282,1.14,0.375,0.0,0,0,1,,0.827,2026-03-17T17:31:35.088293,neutral,0.392,2026-03-17T17:31:34.095822,0.5450436142403284,2026-03-17T17:31:34.996000,82,,,
participant_24,3,day,Town10HD_Opt,2026-03-17 17:31:36.004333,-41.71940994262695,103.94092559814452,0.0020353698637336,25.627,0.242,0.354,0.0,0,0,1,,0.86,2026-03-17T17:31:36.004333,neutral,0.392,2026-03-17T17:31:34.095822,0.5299796304156497,2026-03-17T17:31:35.986000,81,,,
participant_24,3,day,Town10HD_Opt,2026-03-17 17:31:37.270044,-41.58977890014648,97.92446899414062,0.0020402146037667,25.799,-0.618,0.353,0.0,0,0,1,,0.901,2026-03-17T17:31:37.270044,neutral,0.354,2026-03-17T17:31:37.270044,0.6016595008316008,2026-03-17T17:31:36.975000,79,,,
participant_24,3,day,Town10HD_Opt,2026-03-17 17:31:38.192003,-41.54178237915039,93.38742065429688,0.0020412444137036,25.904,-1.046,0.354,0.0,0,0,1,,0.839,2026-03-17T17:31:38.192003,neutral,0.354,2026-03-17T17:31:37.270044,0.5745217260041656,2026-03-17T17:31:37.966000,82,,,
participant_24,3,day,Town10HD_Opt,2026-03-17 17:31:39.178849,-41.56075286865234,88.83280181884766,0.0020414732862263,25.992,-0.486,0.344,0.0,0,0,1,,0.822,2026-03-17T17:31:39.178849,neutral,0.354,2026-03-17T17:31:37.270044,0.593715458613222,2026-03-17T17:31:39.002000,83,,,
participant_24,3,day,Town10HD_Opt,2026-03-17 17:31:40.162251,-41.554935455322266,84.31333923339844,0.0020822524093091,25.109,2.506,0.275,0.0,0,0,1,,0.868,2026-03-17T17:31:40.162251,fear,0.335,2026-03-17T17:31:40.162251,0.5981330312197539,2026-03-17T17:31:40.036000,82,,,
participant_24,3,day,Town10HD_Opt,2026-03-17 17:31:41.150584,-41.21917724609375,80.04666137695312,0.0021068190690129,23.5,9.002,0.269,0.0,0,0,1,,0.905,2026-03-17T17:31:41.150584,fear,0.335,2026-03-17T17:31:40.162251,0.542277303336695,2026-03-17T17:31:40.981000,82,,,
participant_24,3,day,Town10HD_Opt,2026-03-17 17:31:42.096879,-40.11119079589844,76.26024627685547,0.00212371814996,21.561,14.776,0.251,0.0,0,0,1,,0.952,2026-03-17T17:31:42.096879,fear,0.335,2026-03-17T17:31:40.162251,0.6015733394401107,2026-03-17T17:31:41.971000,79,,,
participant_24,3,day,Town10HD_Opt,2026-03-17 17:31:43.089519,-38.08550262451172,73.29620361328125,0.0021348190493881,19.686,21.943,0.255,0.0,0,0,1,,0.87,2026-03-17T17:31:43.089519,neutral,0.67,2026-03-17T17:31:43.089519,0.574928432121904,2026-03-17T17:31:43.006000,82,,,
participant_24,3,day,Town10HD_Opt,2026-03-17 17:31:44.109253,-35.356441497802734,71.43392944335938,0.0021080016158521,18.447,18.425,0.287,0.0,0,0,1,,0.865,2026-03-17T17:31:44.109253,neutral,0.67,2026-03-17T17:31:43.089519,0.5210716073348245,2026-03-17T17:31:43.996000,80,,,
participant_24,3,day,Town10HD_Opt,2026-03-17 17:31:45.066082,-32.32198715209961,70.46987915039062,0.0020781706552952,18.465,12.204,0.316,0.0,0,0,1,,0.903,2026-03-17T17:31:45.066082,neutral,0.67,2026-03-17T17:31:43.089519,0.5371575007768499,2026-03-17T17:31:44.986000,80,,,
participant_24,3,day,Town10HD_Opt,2026-03-17 17:31:46.011429,-29.110509872436523,70.07792663574219,0.0020028303842991,19.39,6.898,0.417,0.0,0,0,1,,0.891,2026-03-17T17:31:46.011429,neutral,0.901,2026-03-17T17:31:46.011429,0.5550167069680867,2026-03-17T17:31:45.975000,82,,,
participant_24,3,day,Town10HD_Opt,2026-03-17 17:31:47.259862,-24.322492599487305,69.96745300292969,0.0019675062503665,22.148,-0.519,0.478,0.0,0,0,1,,0.89,2026-03-17T17:31:47.259862,neutral,0.901,2026-03-17T17:31:46.011429,0.6088031034785215,2026-03-17T17:31:46.965000,83,,,
participant_24,3,day,Town10HD_Opt,2026-03-17 17:31:48.220771,-20.169008255004883,69.87068939208984,0.0019261932466179,25.891,0.75,0.471,0.0,0,0,1,,1.0,2026-03-17T17:31:48.220771,neutral,0.832,2026-03-17T17:31:48.220771,0.5581786153168384,2026-03-17T17:31:48.001000,82,,,
participant_24,3,day,Town10HD_Opt,2026-03-17 17:31:49.213211,-15.47256565093994,69.82672882080078,0.0019752120133489,27.953,0.343,0.442,0.0,0,0,1,,0.887,2026-03-17T17:31:49.213211,neutral,0.832,2026-03-17T17:31:48.220771,0.6155645724888934,2026-03-17T17:31:48.990000,82,,,
participant_24,3,day,Town10HD_Opt,2026-03-17 17:31:50.188319,-10.455368041992188,69.83415985107422,0.0019969558343291,29.433,0.465,0.428,0.0,0,0,1,,0.91,2026-03-17T17:31:50.188319,neutral,0.832,2026-03-17T17:31:48.220771,0.6044645680079128,2026-03-17T17:31:49.981000,79,,,
participant_24,3,day,Town10HD_Opt,2026-03-17 17:31:51.116190,-5.214139461517334,69.90160369873047,0.0020070266909897,30.55,-0.12,0.428,0.0,0,0,1,,1.0,2026-03-17T17:31:51.116190,sad,0.346,2026-03-17T17:31:51.116190,0.6087158532153514,2026-03-17T17:31:50.971000,82,,,
participant_24,3,day,Town10HD_Opt,2026-03-17 17:31:52.055863,0.2098976075649261,69.96651458740234,0.0020118711981922,31.515,-0.287,0.427,0.0,0,0,1,,0.84,2026-03-17T17:31:52.055863,sad,0.346,2026-03-17T17:31:51.116190,0.6671954240143289,2026-03-17T17:31:52.006000,85,,,
participant_24,3,day,Town10HD_Opt,2026-03-17 17:31:53.000026,5.744375705718994,69.98995971679688,0.002098464872688,30.608,-0.087,0.007,0.0,0,0,1,,0.821,2026-03-17T17:31:53.000026,sad,0.346,2026-03-17T17:31:51.116190,0.6233336412367948,2026-03-17T17:31:52.995000,86,,,
participant_24,3,day,Town10HD_Opt,2026-03-17 17:31:54.174296,11.91814136505127,69.9921875,0.0022585678379982,21.661,-0.054,0.0,0.0,0,0,1,,0.852,2026-03-17T17:31:54.174296,neutral,0.34,2026-03-17T17:31:54.174296,0.6793812345836829,2026-03-17T17:31:53.987000,86,,,
participant_24,3,day,Town10HD_Opt,2026-03-17 17:31:55.060381,15.261959075927734,69.98701477050781,0.0019650650210678,16.562,-0.305,0.0,0.0,0,0,1,,0.839,2026-03-17T17:31:55.060381,neutral,0.34,2026-03-17T17:31:54.174296,0.6700251549159474,2026-03-17T17:31:54.975000,86,,,
participant_24,3,day,Town10HD_Opt,2026-03-17 17:31:56.012931,17.854598999023438,69.97584533691406,0.0020122909918427,13.283,0.092,0.16,0.0,0,0,1,,0.881,2026-03-17T17:31:56.012931,neutral,0.34,2026-03-17T17:31:54.174296,0.5755295013277576,2026-03-17T17:31:55.966000,87,,,
participant_24,3,day,Town10HD_Opt,2026-03-17 17:31:57.193574,20.873437881469727,69.96881103515625,0.0019514465238898,12.316,-0.035,0.104,0.0,0,0,1,,0.849,2026-03-17T17:31:57.193574,sad,0.341,2026-03-17T17:31:57.193574,0.6657265923867101,2026-03-17T17:31:57.001000,85,,,
participant_24,3,day,Town10HD_Opt,2026-03-17 17:31:58.110243,22.91128158569336,69.96240997314453,0.0019673155620694,10.83,-0.101,0.093,0.0,0,0,1,,1.0,2026-03-17T17:31:58.110243,sad,0.341,2026-03-17T17:31:57.193574,0.6173678075224475,2026-03-17T17:31:58.037000,82,,,
participant_24,3,day,Town10HD_Opt,2026-03-17 17:31:59.005520,24.661067962646484,69.95476531982422,0.0019937513861805,8.752,-0.101,0.0,0.0,0,0,1,,0.813,2026-03-17T17:31:59.005520,sad,0.341,2026-03-17T17:31:57.193574,0.6473855293312384,2026-03-17T17:31:58.980000,81,,,
participant_24,3,day,Town10HD_Opt,2026-03-17 17:32:00.198793,26.03719711303711,69.94710540771484,0.0023140334524214,0.001,-0.101,0.0,0.183,0,0,1,,0.836,2026-03-17T17:32:00.198793,neutral,0.726,2026-03-17T17:32:00.198793,0.693927911303752,2026-03-17T17:31:59.971000,84,,,
participant_24,3,day,Town10HD_Opt,2026-03-17 17:32:01.060210,26.038068771362305,69.94710540771484,0.0019316100515425,0.045,-0.101,0.56,0.0,0,0,1,,1.0,2026-03-17T17:32:01.060210,neutral,0.726,2026-03-17T17:32:00.198793,0.6711714805300845,2026-03-17T17:32:01.005000,83,,,
participant_24,3,day,Town10HD_Opt,2026-03-17 17:32:02.247915,27.38161277770996,69.93930053710938,0.001550636254251,14.093,-0.223,0.638,0.0,0,0,1,,0.814,2026-03-17T17:32:02.247915,neutral,0.55,2026-03-17T17:32:02.247915,0.7652816643058314,2026-03-17T17:32:01.996000,81,,,errors=Stop sign violation
participant_24,3,day,Town10HD_Opt,2026-03-17 17:32:03.233401,30.29228973388672,69.83928680419922,0.0020481871906667,18.353,-8.077,0.415,0.0,0,0,1,,1.0,2026-03-17T17:32:03.233401,neutral,0.55,2026-03-17T17:32:02.247915,0.7913339190865714,2026-03-17T17:32:03.007000,82,,,
participant_24,3,day,Town10HD_Opt,2026-03-17 17:32:04.161215,33.54430389404297,69.23368835449219,0.001988410949707,20.109,-12.728,0.48,0.0,0,0,1,,0.867,2026-03-17T17:32:04.161215,neutral,0.55,2026-03-17T17:32:02.247915,0.7377760825214951,2026-03-17T17:32:03.977000,82,,,
participant_24,3,day,Town10HD_Opt,2026-03-17 17:32:05.107068,36.94380187988281,67.69937133789062,0.0019613264594227,23.167,-15.036,0.48,0.0,0,0,1,,0.837,2026-03-17T17:32:05.107068,neutral,0.488,2026-03-17T17:32:05.107068,0.7444071427089176,2026-03-17T17:32:04.967000,81,,,
participant_24,3,day,Town10HD_Opt,2026-03-17 17:32:06.025183,40.18315887451172,64.95037078857422,0.0017721175681799,25.824,-12.585,0.46,0.0,0,0,1,,1.0,2026-03-17T17:32:06.025183,neutral,0.488,2026-03-17T17:32:05.107068,0.7919152582509761,2026-03-17T17:32:06.003000,81,,,
participant_24,3,day,Town10HD_Opt,2026-03-17 17:32:07.213331,43.37635803222656,59.55651092529297,0.0019748306367546,28.555,-13.443,0.444,0.0,0,0,1,,1.0,2026-03-17T17:32:07.213331,neutral,0.41,2026-03-17T17:32:07.213331,0.7081045281502635,2026-03-17T17:32:06.994000,80,,,
participant_24,3,day,Town10HD_Opt,2026-03-17 17:32:08.172502,44.22669982910156,54.72989273071289,0.0021517944987863,26.637,-11.12,0.155,0.0,0,0,1,,1.0,2026-03-17T17:32:08.172502,neutral,0.41,2026-03-17T17:32:07.213331,0.7527306915739952,2026-03-17T17:32:07.981000,76,,,
participant_24,3,day,Town10HD_Opt,2026-03-17 17:32:09.144149,44.18345260620117,50.51425552368164,0.0022434997372329,21.049,1.514,0.0,0.0,0,0,1,,0.908,2026-03-17T17:32:09.144149,neutral,0.41,2026-03-17T17:32:07.213331,0.7604038561967355,2026-03-17T17:32:08.970000,79,,,
participant_24,3,day,Town10HD_Opt,2026-03-17 17:32:10.044707,44.14070129394531,47.30716323852539,0.0019963455852121,15.683,-0.994,0.0,0.0,0,0,1,,1.0,2026-03-17T17:32:10.044707,neutral,0.484,2026-03-17T17:32:10.044707,0.7418208562690255,2026-03-17T17:32:10.006000,79,,,
participant_24,3,day,Town10HD_Opt,2026-03-17 17:32:11.199656,44.05243682861328,44.13917541503906,0.0020257185678929,11.188,-0.143,0.0,0.0,0,0,1,,1.0,2026-03-17T17:32:11.199656,neutral,0.484,2026-03-17T17:32:10.044707,0.7674128472922475,2026-03-17T17:32:10.998000,77,,,
participant_24,3,day,Town10HD_Opt,2026-03-17 17:32:12.081002,44.0045166015625,42.46736145019531,0.0020323942881077,7.651,-0.143,0.0,0.059,0,0,1,,1.0,2026-03-17T17:32:12.081002,neutral,0.473,2026-03-17T17:32:12.081002,0.904525125931934,2026-03-17T17:32:11.986000,78,,,
participant_24,3,day,Town10HD_Opt,2026-03-17 17:32:13.263717,43.97130584716797,41.35254287719727,0.0021774291526526,0.001,-0.141,0.0,0.269,0,0,1,,0.809,2026-03-17T17:32:13.263717,neutral,0.473,2026-03-17T17:32:12.081002,0.7751801736399092,2026-03-17T17:32:12.977000,77,,,
participant_24,3,day,Town10HD_Opt,2026-03-17 17:32:14.144054,43.97089385986328,41.33316802978516,0.0018594360444694,1.835,1.941,0.893,0.0,0,0,1,,1.0,2026-03-17T17:32:14.144054,neutral,0.54,2026-03-17T17:32:14.144054,0.9069415651909596,2026-03-17T17:32:14.056000,76,,,
participant_24,3,day,Town10HD_Opt,2026-03-17 17:32:15.065888,44.02191925048828,39.943119049072266,0.0014810180291533,15.329,8.296,0.729,0.0,0,0,1,,0.905,2026-03-17T17:32:15.065888,neutral,0.54,2026-03-17T17:32:14.144054,0.8724604547896604,2026-03-17T17:32:15.002000,79,,,
participant_24,3,day,Town10HD_Opt,2026-03-17 17:32:16.023100,44.50044631958008,36.79645156860352,0.0019506072858348,20.097,12.369,0.548,0.0,0,0,1,,0.863,2026-03-17T17:32:16.023100,neutral,0.54,2026-03-17T17:32:14.144054,0.743180647490568,2026-03-17T17:32:15.991000,79,,,
participant_24,3,day,Town10HD_Opt,2026-03-17 17:32:17.233274,46.823974609375,31.869150161743164,0.0018422699067741,28.254,18.189,0.657,0.0,0,0,1,,1.0,2026-03-17T17:32:17.233274,neutral,0.342,2026-03-17T17:32:17.233274,0.7988915655399045,2026-03-17T17:32:16.983000,81,,,
participant_24,3,day,Town10HD_Opt,2026-03-17 17:32:18.136732,50.92353057861328,28.510358810424805,0.002018546918407,31.516,17.931,0.225,0.0,0,0,1,,1.0,2026-03-17T17:32:18.136732,neutral,0.342,2026-03-17T17:32:17.233274,0.8685633300476934,2026-03-17T17:32:18.017000,81,,,
participant_24,3,day,Town10HD_Opt,2026-03-17 17:32:19.040590,55.92205810546875,27.214738845825195,0.002214279025793,27.627,15.773,0.175,0.0,0,0,1,,1.0,2026-03-17T17:32:19.040590,neutral,0.342,2026-03-17T17:32:17.233274,0.7833886800523777,2026-03-17T17:32:19.007000,79,,,
participant_24,3,day,Town10HD_Opt,2026-03-17 17:32:20.215653,61.72053146362305,27.677135467529297,0.0021694563329219,22.236,-3.229,0.161,0.0,0,0,1,,1.0,2026-03-17T17:32:20.215653,neutral,0.892,2026-03-17T17:32:20.215653,0.8817738583382358,2026-03-17T17:32:19.996000,80,,,
participant_24,3,day,Town10HD_Opt,2026-03-17 17:32:21.107433,65.57786560058594,27.938995361328125,0.0019079208141192,24.352,0.808,0.668,0.0,0,0,1,,0.831,2026-03-17T17:32:21.107433,neutral,0.892,2026-03-17T17:32:20.215653,0.8466343825308558,2026-03-17T17:32:20.986000,78,,,
participant_24,3,day,Town10HD_Opt,2026-03-17 17:32:22.283175,72.39361572265625,28.44859504699707,0.0017555236117914,36.183,-0.39,0.909,0.0,0,0,1,,1.0,2026-03-17T17:32:22.283175,neutral,0.455,2026-03-17T17:32:22.283175,0.8885449000710332,2026-03-17T17:32:21.976000,81,,,
participant_24,3,day,Town10HD_Opt,2026-03-17 17:32:23.263941,79.52322387695312,28.89144897460937,0.0016748427879065,46.953,-1.309,0.841,0.0,0,0,1,,1.0,2026-03-17T17:32:23.263941,neutral,0.455,2026-03-17T17:32:22.283175,0.8838286568220991,2026-03-17T17:32:23.012000,79,,,
participant_24,3,day,Town10HD_Opt,2026-03-17 17:32:24.162340,88.24676513671875,29.094560623168945,0.0021374893840402,49.001,-2.899,0.835,0.0,0,0,1,,1.0,2026-03-17T17:32:24.162340,neutral,0.455,2026-03-17T17:32:22.283175,0.7930860367537056,2026-03-17T17:32:24.001000,80,,,
participant_24,3,day,Town10HD_Opt,2026-03-17 17:32:25.050491,96.82649993896484,27.895891189575195,0.0021173858549445,48.732,-7.007,0.0,0.0,0,0,1,,0.858,2026-03-17T17:32:25.050491,fear,0.343,2026-03-17T17:32:25.050491,0.764366958546705,2026-03-17T17:32:24.991000,82,,,
participant_24,3,day,Town10HD_Opt,2026-03-17 17:32:26.229627,105.21370697021484,22.927091598510746,0.0023365020751953,35.77,-11.231,0.179,0.0,0,0,1,,0.808,2026-03-17T17:32:26.229627,fear,0.343,2026-03-17T17:32:25.050491,0.7816514530047138,2026-03-17T17:32:25.981000,82,,,
participant_24,3,day,Town10HD_Opt,2026-03-17 17:32:27.111502,108.49565887451172,18.04351043701172,0.0020545576699078,34.094,-12.733,0.133,0.0,0,0,1,,0.842,2026-03-17T17:32:27.111502,neutral,0.318,2026-03-17T17:32:27.111502,0.7691896915021901,2026-03-17T17:32:27.106000,82,,,
participant_24,3,day,Town10HD_Opt,2026-03-17 17:32:28.027323,109.86380004882812,12.635994911193848,0.0023079300299286,28.22,-9.727,0.0,0.23,0,0,1,,1.0,2026-03-17T17:32:28.027323,neutral,0.318,2026-03-17T17:32:27.111502,0.861410424989227,2026-03-17T17:32:28.051000,80,,,
participant_24,3,day,Town10HD_Opt,2026-03-17 17:32:29.227716,109.9425277709961,7.4638671875,0.0019905089866369,16.248,3.057,0.0,0.413,0,0,1,,1.0,2026-03-17T17:32:29.227716,fear,0.363,2026-03-17T17:32:29.227716,0.7185429392327394,2026-03-17T17:32:28.996000,81,,,errors=Harsh braking
participant_24,3,day,Town10HD_Opt,2026-03-17 17:32:30.107846,110.0032196044922,5.269168376922607,0.0022165297996252,7.543,2.113,0.0,1.0,0,0,1,,0.899,2026-03-17T17:32:30.107846,fear,0.363,2026-03-17T17:32:29.227716,0.9023407599701132,2026-03-17T17:32:29.986000,80,,,
participant_24,3,day,Town10HD_Opt,2026-03-17 17:32:31.041100,110.01433563232422,5.000065326690674,0.0020114898215979,0.0,1.887,0.0,1.0,0,0,1,,0.861,2026-03-17T17:32:31.041100,fear,0.363,2026-03-17T17:32:29.227716,0.8598460421562888,2026-03-17T17:32:31.021000,78,,,
participant_24,3,day,Town10HD_Opt,2026-03-17 17:32:32.148799,110.01434326171876,4.999961853027344,0.00192012777552,0.0,0.489,0.0,0.0,0,0,1,,0.904,2026-03-17T17:32:32.148799,angry,0.545,2026-03-17T17:32:32.148799,0.7816717871500807,2026-03-17T17:32:32.056000,82,,,
participant_24,3,day,Town10HD_Opt,2026-03-17 17:32:33.267625,110.01569366455078,4.943522930145264,0.0017509460449218,3.469,-0.251,1.0,0.0,0,0,1,,1.0,2026-03-17T17:32:33.267625,angry,0.545,2026-03-17T17:32:32.148799,0.8026650224775449,2026-03-17T17:32:33.001000,79,,,
participant_24,3,day,Town10HD_Opt,2026-03-17 17:32:34.138391,110.0594711303711,3.122097969055176,0.0024003982543945,19.116,-0.362,1.0,0.0,0,0,1,,0.818,2026-03-17T17:32:34.138391,angry,0.545,2026-03-17T17:32:32.148799,0.8500345642830162,2026-03-17T17:32:33.992000,80,,,
participant_24,3,day,Town10HD_Opt,2026-03-17 17:32:35.011331,110.1278305053711,-1.2662211656570437,0.0015151214320212,33.77,-0.482,0.875,0.0,0,0,1,,1.0,2026-03-17T17:32:35.011331,neutral,0.307,2026-03-17T17:32:35.011331,0.755217701149574,2026-03-17T17:32:34.981000,80,,,
participant_24,3,day,Town10HD_Opt,2026-03-17 17:32:36.216226,110.13331604003906,-10.102709770202637,0.0020519255194813,38.241,0.268,0.193,0.0,0,0,1,,1.0,2026-03-17T17:32:36.216226,neutral,0.307,2026-03-17T17:32:35.011331,0.7014746988142058,2026-03-17T17:32:36.016000,83,,,
participant_24,3,day,Town10HD_Opt,2026-03-17 17:32:37.096347,110.13468170166016,-16.382896423339844,0.0022279738914221,32.386,-1.577,0.126,0.0,0,0,1,,1.0,2026-03-17T17:32:37.096347,sad,0.325,2026-03-17T17:32:37.096347,0.815300643516274,2026-03-17T17:32:37.006000,84,,,
participant_24,3,day,Town10HD_Opt,2026-03-17 17:32:38.234487,109.79691314697266,-23.35845947265625,0.0020851134322583,28.575,-1.796,0.434,0.0,0,0,1,,0.862,2026-03-17T17:32:38.234487,sad,0.325,2026-03-17T17:32:37.096347,0.7023584372204181,2026-03-17T17:32:37.996000,86,,,
participant_24,3,day,Town10HD_Opt,2026-03-17 17:32:39.106530,109.25462341308594,-28.449893951416016,0.0019866561051458,30.258,-3.118,0.458,0.0,0,0,1,,1.0,2026-03-17T17:32:39.106530,sad,0.513,2026-03-17T17:32:39.106530,0.7865107287497132,2026-03-17T17:32:38.986000,87,,,
participant_24,3,day,Town10HD_Opt,2026-03-17 17:32:40.224261,107.76499938964844,-35.59089660644531,0.001994667109102,32.406,-4.558,0.458,0.0,0,0,1,,0.911,2026-03-17T17:32:40.224261,sad,0.513,2026-03-17T17:32:39.106530,0.7936146840210347,2026-03-17T17:32:39.976000,86,,,
participant_24,3,day,Town10HD_Opt,2026-03-17 17:32:41.110467,105.76168823242188,-41.08160400390625,0.0019196700304746,35.507,-5.456,0.571,0.0,0,0,1,,0.902,2026-03-17T17:32:41.110467,sad,0.535,2026-03-17T17:32:41.110467,0.8133996124782419,2026-03-17T17:32:41.011000,86,,,
participant_24,3,day,Town10HD_Opt,2026-03-17 17:32:42.231841,101.3019790649414,-48.63121032714844,0.0019536591134965,39.732,-4.518,0.512,0.0,0,0,1,,0.816,2026-03-17T17:32:42.231841,sad,0.535,2026-03-17T17:32:41.110467,0.8657851528007476,2026-03-17T17:32:42.002000,87,,,
participant_24,3,day,Town10HD_Opt,2026-03-17 17:32:43.144306,96.63736724853516,-53.95428085327149,0.0020040129311382,41.172,-4.405,0.487,0.0,0,0,1,,1.0,2026-03-17T17:32:43.144306,sad,0.4,2026-03-17T17:32:43.144306,0.7544091368118202,2026-03-17T17:32:42.994000,90,,,
participant_24,3,day,Town10HD_Opt,2026-03-17 17:32:44.012477,91.06876373291016,-58.62269973754883,0.0020185851026326,42.013,-4.417,0.487,0.0,0,0,1,,1.0,2026-03-17T17:32:44.012477,sad,0.4,2026-03-17T17:32:43.144306,0.8345383266989742,2026-03-17T17:32:43.981000,88,,,
participant_24,3,day,Town10HD_Opt,2026-03-17 17:32:45.121378,82.45856475830078,-63.47882080078125,0.0020243453327566,42.925,-4.667,0.486,0.0,0,0,1,,0.86,2026-03-17T17:32:45.121378,sad,0.4,2026-03-17T17:32:43.144306,0.8318719488491808,2026-03-17T17:32:45.016000,91,,,
participant_24,3,day,Town10HD_Opt,2026-03-17 17:32:46.276755,72.80644226074219,-66.37066650390625,0.0020286941435188,43.659,-4.641,0.487,0.0,0,0,1,,1.0,2026-03-17T17:32:46.276755,sad,0.433,2026-03-17T17:32:46.276755,0.7129839090498858,2026-03-17T17:32:46.006000,90,,,
participant_24,3,day,Town10HD_Opt,2026-03-17 17:32:47.194420,65.18492889404297,-67.19127655029297,0.0020428465213626,43.867,-0.909,0.414,0.0,0,0,1,,1.0,2026-03-17T17:32:47.194420,sad,0.433,2026-03-17T17:32:46.276755,0.871680533931981,2026-03-17T17:32:46.996000,90,,,
participant_24,3,day,Town10HD_Opt,2026-03-17 17:32:48.139312,57.66903305053711,-67.56000518798828,0.0021140670869499,41.748,-0.837,0.331,0.0,0,0,1,,0.866,2026-03-17T17:32:48.139312,sad,0.433,2026-03-17T17:32:46.276755,0.8522125423070648,2026-03-17T17:32:47.986000,88,,,
participant_24,3,day,Town10HD_Opt,2026-03-17 17:32:49.100427,50.57665252685547,-67.73455047607422,0.0021218489855527,39.089,-0.04,0.352,0.0,0,0,1,,1.0,2026-03-17T17:32:49.100427,sad,0.377,2026-03-17T17:32:49.100427,0.8177981780365605,2026-03-17T17:32:49.021000,87,,,
participant_24,3,day,Town10HD_Opt,2026-03-17 17:32:50.085182,43.87882232666016,-67.85535430908203,0.0021085357293486,37.179,-0.139,0.342,0.0,0,0,1,,0.965,2026-03-17T17:32:50.085182,sad,0.377,2026-03-17T17:32:49.100427,0.7829516066886455,2026-03-17T17:32:50.011000,85,,,
participant_24,3,day,Town10HD_Opt,2026-03-17 17:32:51.255640,35.48488998413086,-67.93661499023438,0.0021044157911092,34.618,-0.345,0.332,0.0,0,0,1,,0.804,2026-03-17T17:32:51.255640,fear,0.291,2026-03-17T17:32:51.255640,0.8223956041333047,2026-03-17T17:32:51.002000,82,,,
participant_24,3,day,Town10HD_Opt,2026-03-17 17:32:52.132522,29.56247329711914,-67.92338562011719,0.0020965193398296,32.944,-0.197,0.331,0.0,0,0,1,,0.864,2026-03-17T17:32:52.132522,fear,0.291,2026-03-17T17:32:51.255640,0.9027276507673544,2026-03-17T17:32:51.991000,83,,,
participant_24,3,day,Town10HD_Opt,2026-03-17 17:32:53.040082,23.914995193481445,-67.88124084472656,0.0020896529313176,31.493,0.078,0.331,0.0,0,0,1,,0.888,2026-03-17T17:32:53.040082,fear,0.291,2026-03-17T17:32:51.255640,0.8948057001806204,2026-03-17T17:32:52.981000,83,,,
participant_24,3,day,Town10HD_Opt,2026-03-17 17:32:54.224442,16.750341415405273,-67.83755493164062,0.0020816803444176,29.851,0.078,0.33,0.0,0,0,1,,0.858,2026-03-17T17:32:54.224442,neutral,0.303,2026-03-17T17:32:54.224442,0.8189727064951198,2026-03-17T17:32:54.017000,84,,,
participant_24,3,day,Town10HD_Opt,2026-03-17 17:32:55.162295,11.611106872558594,-67.81903839111328,0.0020767210517078,28.806,0.092,0.331,0.0,0,0,1,,1.0,2026-03-17T17:32:55.162295,neutral,0.303,2026-03-17T17:32:54.224442,0.9039672334500644,2026-03-17T17:32:55.007000,82,,,
participant_24,3,day,Town10HD_Opt,2026-03-17 17:32:56.106188,6.64072322845459,-67.81269836425781,0.001970520010218,27.929,0.143,0.33,0.0,0,0,1,,0.887,2026-03-17T17:32:56.106188,neutral,0.303,2026-03-17T17:32:54.224442,0.9085484934257968,2026-03-17T17:32:55.996000,82,,,
participant_24,3,day,Town10HD_Opt,2026-03-17 17:32:57.001276,1.8145334720611568,-67.82235717773438,0.0020672606769949,27.137,0.263,0.331,0.0,0,0,1,,0.906,2026-03-17T17:32:57.001276,neutral,0.334,2026-03-17T17:32:57.001276,0.84407306477808,2026-03-17T17:32:56.987000,78,,,
participant_24,3,day,Town10HD_Opt,2026-03-17 17:32:58.157344,-4.415162563323975,-67.87483978271484,0.0020648192148655,26.226,0.181,0.339,0.0,0,0,1,,0.919,2026-03-17T17:32:58.157344,neutral,0.334,2026-03-17T17:32:57.001276,0.8716163850097868,2026-03-17T17:32:57.977000,78,,,
participant_24,3,day,Town10HD_Opt,2026-03-17 17:32:59.000499,-9.03122329711914,-67.93702697753906,0.0020112609490752,26.86,0.07,0.42,0.0,0,0,1,,1.0,2026-03-17T17:32:59.000499,neutral,0.334,2026-03-17T17:32:57.001276,0.8495775059528685,2026-03-17T17:32:59.011000,80,,,
participant_24,3,day,Town10HD_Opt,2026-03-17 17:33:00.085312,-15.493657112121582,-68.03438568115234,0.0020050047896802,28.544,-0.035,0.419,0.0,0,0,1,,0.806,2026-03-17T17:33:00.085312,sad,0.424,2026-03-17T17:33:00.085312,0.8010586453800794,2026-03-17T17:33:00.001000,77,,,
participant_24,3,day,Town10HD_Opt,2026-03-17 17:33:01.195188,-22.30101776123047,-68.12968444824219,0.0020123289432376,29.808,-0.035,0.417,0.0,0,0,1,,1.0,2026-03-17T17:33:01.195188,sad,0.424,2026-03-17T17:33:00.085312,0.7909844633805174,2026-03-17T17:33:00.991000,76,,,
participant_24,3,day,Town10HD_Opt,2026-03-17 17:33:02.037497,-27.602821350097656,-68.19078063964844,0.0019974135793745,31.174,-0.122,0.471,0.0,0,0,1,,0.826,2026-03-17T17:33:02.037497,sad,0.424,2026-03-17T17:33:00.085312,0.8562356254937309,2026-03-17T17:33:02.026000,78,,,
participant_24,3,day,Town10HD_Opt,2026-03-17 17:33:03.161041,-35.11027145385742,-68.24697875976562,0.0019907378591597,33.419,-0.12,0.46,0.0,0,0,1,,1.0,2026-03-17T17:33:03.161041,sad,0.365,2026-03-17T17:33:03.161041,0.8971338270538501,2026-03-17T17:33:03.018000,76,,,
participant_24,3,day,Town10HD_Opt,2026-03-17 17:33:04.080603,-41.0532455444336,-68.26771545410156,0.0019997023046016,34.678,-0.094,0.46,0.0,0,0,1,,0.82,2026-03-17T17:33:04.080603,sad,0.365,2026-03-17T17:33:03.161041,0.8591039729630363,2026-03-17T17:33:04.007000,77,,,
participant_24,3,day,Town10HD_Opt,2026-03-17 17:33:05.184646,-49.31280517578125,-68.27526092529297,0.0020077896770089,36.175,-0.031,0.458,0.0,0,0,1,,0.98,2026-03-17T17:33:05.184646,sad,0.342,2026-03-17T17:33:05.184646,0.8744982541975449,2026-03-17T17:33:04.997000,76,,,
participant_24,3,day,Town10HD_Opt,2026-03-17 17:33:06.097128,-55.71939849853516,-68.27642059326172,0.0020124434959143,37.112,0.026,0.459,0.0,0,0,1,,0.898,2026-03-17T17:33:06.097128,sad,0.342,2026-03-17T17:33:05.184646,0.8926580250832565,2026-03-17T17:33:05.989000,77,,,
participant_24,3,day,Town10HD_Opt,2026-03-17 17:33:07.014158,-62.27984619140625,-68.28229522705078,0.0020164870657026,37.882,0.005,0.459,0.0,0,0,1,,1.0,2026-03-17T17:33:07.014158,sad,0.342,2026-03-17T17:33:05.184646,0.8237027906821541,2026-03-17T17:33:06.976000,75,,,
participant_24,3,day,Town10HD_Opt,2026-03-17 17:33:08.179310,-71.20893859863281,-67.95734405517578,0.0020270920358598,38.694,-2.84,0.453,0.0,0,0,1,,0.874,2026-03-17T17:33:08.179310,sad,0.432,2026-03-17T17:33:08.179310,0.7624426908208051,2026-03-17T17:33:08.011000,75,,,
participant_24,3,day,Town10HD_Opt,2026-03-17 17:33:09.009400,-77.93870544433594,-66.95112609863281,0.0020301437471061,39.106,-3.62,0.453,0.0,0,0,1,,1.0,2026-03-17T17:33:09.009400,sad,0.432,2026-03-17T17:33:08.179310,0.6885775984193039,2026-03-17T17:33:09.001000,75,,,
participant_24,3,day,Town10HD_Opt,2026-03-17 17:33:10.119455,-86.68587493896484,-64.24234771728516,0.0020370101556181,39.529,-4.943,0.453,0.0,0,0,1,,1.0,2026-03-17T17:33:10.119455,sad,0.432,2026-03-17T17:33:08.179310,0.7263054122016528,2026-03-17T17:33:09.991000,78,,,
participant_24,3,day,Town10HD_Opt,2026-03-17 17:33:11.027170,-92.78683471679688,-60.95768737792969,0.0020392988808453,39.771,-5.465,0.453,0.0,0,0,1,,0.854,2026-03-17T17:33:11.027170,angry,0.467,2026-03-17T17:33:11.027170,0.6783332840143393,2026-03-17T17:33:10.981000,76,,,
participant_24,3,day,Town10HD_Opt,2026-03-17 17:33:12.127081,-99.86382293701172,-54.94900894165039,0.0020414732862263,40.025,-5.451,0.453,0.0,0,0,1,,1.0,2026-03-17T17:33:12.127081,angry,0.467,2026-03-17T17:33:11.027170,0.6528677606473446,2026-03-17T17:33:12.062000,74,,,
participant_24,3,day,Town10HD_Opt,2026-03-17 17:33:13.259979,-105.32611846923828,-47.36927032470703,0.002041091909632,40.258,-4.919,0.453,0.0,0,0,1,,1.0,2026-03-17T17:33:13.259979,angry,0.42,2026-03-17T17:33:13.259979,0.6281494606432044,2026-03-17T17:33:13.007000,75,,,
participant_24,3,day,Town10HD_Opt,2026-03-17 17:33:14.143738,-108.23453521728516,-40.95006561279297,0.002041587838903,40.404,-4.785,0.453,0.0,0,0,1,,1.0,2026-03-17T17:33:14.143738,angry,0.42,2026-03-17T17:33:13.259979,0.578411853623946,2026-03-17T17:33:13.997000,72,,,
participant_24,3,day,Town10HD_Opt,2026-03-17 17:33:15.017572,-110.04188537597656,-34.14780807495117,0.002117957919836,39.024,-4.827,0.207,0.0,0,0,1,,1.0,2026-03-17T17:33:15.017572,angry,0.42,2026-03-17T17:33:13.259979,0.6882737907813348,2026-03-17T17:33:14.987000,73,,,
participant_24,3,day,Town10HD_Opt,2026-03-17 17:33:16.235838,-110.7402801513672,-25.79398536682129,0.002195663517341,32.626,-2.734,0.201,0.0,0,0,1,,0.871,2026-03-17T17:33:16.235838,neutral,0.328,2026-03-17T17:33:16.235838,0.644110620833095,2026-03-17T17:33:15.977000,75,,,
participant_24,3,day,Town10HD_Opt,2026-03-17 17:33:17.130345,-110.59432220458984,-20.478376388549805,0.0022512055002152,26.924,-0.162,0.0,0.017,0,0,1,,1.0,2026-03-17T17:33:17.130345,neutral,0.328,2026-03-17T17:33:16.235838,0.646880187280389,2026-03-17T17:33:17.102000,71,,,
participant_24,3,day,Town10HD_Opt,2026-03-17 17:33:18.003338,-110.44873046875,-16.41853141784668,0.0023122024722397,18.668,1.49,0.0,0.374,0,0,1,,0.843,2026-03-17T17:33:18.003338,neutral,0.328,2026-03-17T17:33:16.235838,0.7006507262447074,2026-03-17T17:33:18.047000,74,,,
participant_24,3,day,Town10HD_Opt,2026-03-17 17:33:19.174040,-110.42841339111328,-13.042012214660645,0.0021057510748505,10.224,1.067,0.0,0.243,0,0,1,,1.0,2026-03-17T17:33:19.174040,fear,0.33,2026-03-17T17:33:19.174040,0.6270711946247068,2026-03-17T17:33:18.991000,74,Solid line crossing,Solid line crossing,
participant_24,3,day,Town10HD_Opt,2026-03-17 17:33:20.096074,-110.4404754638672,-11.544838905334473,0.0020073316991329,7.231,0.78,0.038,0.0,0,0,1,,0.806,2026-03-17T17:33:20.096074,fear,0.33,2026-03-17T17:33:19.174040,0.7344269507018135,2026-03-17T17:33:19.981000,75,,,
participant_24,3,day,Town10HD_Opt,2026-03-17 17:33:21.224601,-110.4510726928711,-10.082111358642578,0.001967926044017,5.14,-0.226,0.0,0.0,0,0,1,,1.0,2026-03-17T17:33:21.224601,sad,0.301,2026-03-17T17:33:21.224601,0.6679733234792139,2026-03-17T17:33:20.971000,75,,,
participant_24,3,day,Town10HD_Opt,2026-03-17 17:33:22.139931,-110.45404052734376,-9.27015781402588,0.0019573592580854,4.004,-0.209,0.0,0.0,0,0,1,,0.822,2026-03-17T17:33:22.139931,sad,0.301,2026-03-17T17:33:21.224601,0.6251315282248862,2026-03-17T17:33:22.007000,80,,,
participant_24,3,day,Town10HD_Opt,2026-03-17 17:33:23.015564,-110.45589447021484,-8.646888732910156,0.0019484710646793,3.074,-0.195,0.0,0.0,0,0,1,,0.873,2026-03-17T17:33:23.015564,sad,0.301,2026-03-17T17:33:21.224601,0.6667971087445694,2026-03-17T17:33:22.997000,80,,,
participant_24,3,day,Town10HD_Opt,2026-03-17 17:33:24.178119,-110.4572525024414,-8.035131454467773,0.0019397735595703,2.161,-0.186,0.0,0.0,0,0,1,,0.81,2026-03-17T17:33:24.178119,neutral,0.391,2026-03-17T17:33:24.178119,0.7156418630516408,2026-03-17T17:33:23.986000,79,,,
participant_24,3,day,Town10HD_Opt,2026-03-17 17:33:25.066910,-110.45807647705078,-7.698914527893066,0.0019348907517269,1.659,-0.186,0.0,0.0,0,0,1,,1.0,2026-03-17T17:33:25.066910,neutral,0.391,2026-03-17T17:33:24.178119,0.7107904103833855,2026-03-17T17:33:24.977000,77,,,
participant_24,3,day,Town10HD_Opt,2026-03-17 17:33:26.226412,-110.45829010009766,-7.368945121765137,0.0019301986321806,1.166,-0.186,0.0,0.0,0,0,1,,0.826,2026-03-17T17:33:26.226412,neutral,0.441,2026-03-17T17:33:26.226412,0.65631005445081,2026-03-17T17:33:26.012000,78,,,
participant_24,3,day,Town10HD_Opt,2026-03-17 17:33:27.089452,-110.45835876464844,-7.187620639801025,0.0019275664817541,0.896,-0.186,0.0,0.0,0,0,1,,0.899,2026-03-17T17:33:27.089452,neutral,0.441,2026-03-17T17:33:26.226412,0.7086803287631772,2026-03-17T17:33:27.002000,75,,,
participant_24,3,day,Town10HD_Opt,2026-03-17 17:33:28.273647,-110.45841217041016,-7.0095696449279785,0.0019249725155532,0.632,-0.186,0.0,0.0,0,0,1,,1.0,2026-03-17T17:33:28.273647,neutral,0.735,2026-03-17T17:33:28.273647,0.6903287471108179,2026-03-17T17:33:27.991000,76,,,
participant_24,3,day,Town10HD_Opt,2026-03-17 17:33:29.142922,-110.45845794677734,-6.9116387367248535,0.0019236755324527,0.486,-0.186,0.0,0.0,0,0,1,,0.89,2026-03-17T17:33:29.142922,neutral,0.735,2026-03-17T17:33:28.273647,0.691992512960306,2026-03-17T17:33:28.980000,76,,,
participant_24,3,day,Town10HD_Opt,2026-03-17 17:33:30.032324,-110.45848083496094,-6.836430549621582,0.0019225692376494,0.374,-0.186,0.0,0.0,0,0,1,,1.0,2026-03-17T17:33:30.032324,neutral,0.735,2026-03-17T17:33:28.273647,0.7264900363390175,2026-03-17T17:33:30.016000,74,,,
participant_24,3,day,Town10HD_Opt,2026-03-17 17:33:31.179043,-110.45850372314452,-6.762569427490234,0.0019215011270716,0.264,-0.186,0.0,0.0,0,0,1,,0.849,2026-03-17T17:33:31.179043,sad,0.339,2026-03-17T17:33:31.179043,0.6826843132109299,2026-03-17T17:33:31.006000,78,,,
participant_24,3,day,Town10HD_Opt,2026-03-17 17:33:32.081997,-110.45852661132812,-6.721949100494385,0.0019208525773137,0.204,-0.186,0.0,0.0,0,0,1,,0.816,2026-03-17T17:33:32.081997,sad,0.339,2026-03-17T17:33:31.179043,0.6477387529596682,2026-03-17T17:33:31.996000,76,Harsh braking,decel_mps2=5.5,
participant_24,3,day,Town10HD_Opt,2026-03-17 17:33:33.025151,-110.45853424072266,-6.690756797790527,0.0019204712007194,0.157,-0.186,0.0,0.0,0,0,1,,0.839,2026-03-17T17:33:33.025151,sad,0.339,2026-03-17T17:33:31.179043,0.6088065548022064,2026-03-17T17:33:32.986000,77,,,
participant_24,3,day,Town10HD_Opt,2026-03-17 17:33:34.030119,-110.4585418701172,-6.666802406311035,0.0019200897077098,0.12,-0.186,0.0,0.0,0,0,1,,0.861,2026-03-17T17:33:34.030119,neutral,0.53,2026-03-17T17:33:34.030119,0.5911040848943688,2026-03-17T17:33:33.976000,75,,,
participant_24,3,day,Town10HD_Opt,2026-03-17 17:33:35.215005,-110.45854949951172,-6.643274784088135,0.0019197463989257,0.086,-0.186,0.0,0.0,0,0,1,,0.916,2026-03-17T17:33:35.215005,neutral,0.53,2026-03-17T17:33:34.030119,0.5628778206327443,2026-03-17T17:33:35.011000,75,,,
participant_24,3,day,Town10HD_Opt,2026-03-17 17:33:36.084018,-110.45854949951172,-6.631314754486084,0.0019188307924196,0.223,-0.157,0.942,0.0,0,0,1,,0.844,2026-03-17T17:33:36.084018,sad,0.42,2026-03-17T17:33:36.084018,0.6280092162490822,2026-03-17T17:33:36.002000,77,,,
participant_24,3,day,Town10HD_Opt,2026-03-17 17:33:37.280702,-110.45880889892578,-4.623069286346436,0.0014752197312191,18.425,-0.157,0.808,0.0,0,0,1,,0.905,2026-03-17T17:33:37.280702,sad,0.42,2026-03-17T17:33:36.084018,0.618255461578972,2026-03-17T17:33:36.992000,75,,,
participant_24,3,day,Town10HD_Opt,2026-03-17 17:33:38.153968,-110.45148468017578,-0.8054273724555969,0.0017889022128656,25.995,-0.322,0.591,0.0,0,0,1,,1.0,2026-03-17T17:33:38.153968,neutral,0.446,2026-03-17T17:33:38.153968,0.6398899122281947,2026-03-17T17:33:37.982000,74,,,
participant_24,3,day,Town10HD_Opt,2026-03-17 17:33:39.066673,-110.2597427368164,4.131572723388672,0.0019093704177066,30.478,-5.271,0.518,0.0,0,0,1,,0.856,2026-03-17T17:33:39.066673,neutral,0.446,2026-03-17T17:33:38.153968,0.6388771462915384,2026-03-17T17:33:38.972000,75,,,
participant_24,3,day,Town10HD_Opt,2026-03-17 17:33:40.212241,-108.811279296875,11.484952926635742,0.001940498361364,33.938,-5.791,0.489,0.0,0,0,1,,0.806,2026-03-17T17:33:40.212241,neutral,0.409,2026-03-17T17:33:40.212241,0.5689285534264473,2026-03-17T17:33:40.007000,77,,,
participant_24,3,day,Town10HD_Opt,2026-03-17 17:33:41.125555,-106.4619598388672,17.05898666381836,0.0020177077967673,35.199,-9.487,0.438,0.0,0,0,1,,1.0,2026-03-17T17:33:41.125555,neutral,0.409,2026-03-17T17:33:40.212241,0.548976192027064,2026-03-17T17:33:40.996000,78,,,
participant_24,3,day,Town10HD_Opt,2026-03-17 17:33:42.099748,-102.63436889648438,21.835596084594727,0.0021011352073401,34.947,-12.92,0.404,0.0,0,0,1,,1.0,2026-03-17T17:33:42.099748,neutral,0.409,2026-03-17T17:33:40.212241,0.4801172079431129,2026-03-17T17:33:41.987000,76,,,
participant_24,3,day,Town10HD_Opt,2026-03-17 17:33:43.022430,-97.45309448242188,24.86319923400879,0.002126274164766,33.49,-12.716,0.21,0.0,0,0,1,,0.807,2026-03-17T17:33:43.022430,neutral,0.333,2026-03-17T17:33:43.022430,0.6226304141678306,2026-03-17T17:33:42.977000,76,,,
participant_24,3,day,Town10HD_Opt,2026-03-17 17:33:44.301689,-90.70352935791016,25.996097564697266,0.002276801969856,24.422,1.431,0.0,0.0,0,0,1,,1.0,2026-03-17T17:33:44.301689,neutral,0.333,2026-03-17T17:33:43.022430,0.5606421719153825,2026-03-17T17:33:44.056000,77,,,
participant_24,3,day,Town10HD_Opt,2026-03-17 17:33:45.264659,-86.96878051757812,26.43813705444336,0.0022358703427016,18.38,0.846,0.248,0.0,0,0,1,,1.0,2026-03-17T17:33:45.264659,neutral,0.672,2026-03-17T17:33:45.264659,0.5777994609752877,2026-03-17T17:33:45.001000,78,,,
participant_24,3,day,Town10HD_Opt,2026-03-17 17:33:46.215521,-83.8263931274414,26.84475326538086,0.0020080946851521,18.597,-0.825,0.952,0.0,0,0,1,,0.855,2026-03-17T17:33:46.215521,neutral,0.672,2026-03-17T17:33:45.264659,0.5553695028973494,2026-03-17T17:33:45.992000,79,,,
participant_24,3,day,Town10HD_Opt,2026-03-17 17:33:47.132647,-79.71675109863281,27.28092193603516,0.0015986632788553,31.252,-1.081,0.89,0.0,0,0,1,,0.88,2026-03-17T17:33:47.132647,neutral,0.672,2026-03-17T17:33:45.264659,0.5847353716760095,2026-03-17T17:33:46.981000,79,,,
participant_24,3,day,Town10HD_Opt,2026-03-17 17:33:48.046423,-73.24005889892578,27.78533935546875,0.0016613387269899,43.413,-1.514,0.816,0.0,0,0,1,,0.867,2026-03-17T17:33:48.046423,neutral,0.808,2026-03-17T17:33:48.046423,0.5210492692244908,2026-03-17T17:33:48.016000,77,,,
participant_24,3,day,Town10HD_Opt,2026-03-17 17:33:49.022404,-64.91938018798828,28.05478858947754,0.0017754745204001,51.471,-1.022,0.0,0.149,0,0,1,,1.0,2026-03-17T17:33:49.022404,neutral,0.808,2026-03-17T17:33:48.046423,0.4851569213460173,2026-03-17T17:33:49.006000,77,,,
participant_24,3,day,Town10HD_Opt,2026-03-17 17:33:50.295275,-53.22900390625,27.94638633728028,0.0020892333704978,49.295,-0.078,0.735,0.0,0,0,1,,0.869,2026-03-17T17:33:50.295275,neutral,0.568,2026-03-17T17:33:50.295275,0.5791546419637591,2026-03-17T17:33:49.996000,79,,,
participant_24,3,day,Town10HD_Opt,2026-03-17 17:33:51.217908,-44.50088882446289,27.788951873779297,0.0021259307395666,48.94,0.136,0.726,0.0,0,0,1,,0.862,2026-03-17T17:33:51.217908,neutral,0.568,2026-03-17T17:33:50.295275,0.5685187379460915,2026-03-17T17:33:50.987000,80,,,
participant_24,3,day,Town10HD_Opt,2026-03-17 17:33:52.145664,-35.77260971069336,27.68763542175293,0.0021248245611786,48.983,0.181,0.72,0.0,0,0,1,,0.845,2026-03-17T17:33:52.145664,neutral,0.568,2026-03-17T17:33:50.295275,0.5358115326535619,2026-03-17T17:33:52.023000,80,,,
participant_24,3,day,Town10HD_Opt,2026-03-17 17:33:53.089338,-27.043663024902344,27.651655197143555,0.0021266173571348,48.871,0.197,0.382,0.0,0,0,1,,0.889,2026-03-17T17:33:53.089338,sad,0.378,2026-03-17T17:33:53.089338,0.4989320571557492,2026-03-17T17:33:53.012000,83,,,
participant_24,3,day,Town10HD_Opt,2026-03-17 17:33:54.112301,-19.185800552368164,27.6820068359375,0.0023712920956313,39.268,0.223,0.0,0.0,0,0,1,,0.805,2026-03-17T17:33:54.112301,sad,0.378,2026-03-17T17:33:53.089338,0.5032249484344591,2026-03-17T17:33:54.002000,83,,,
participant_24,3,day,Town10HD_Opt,2026-03-17 17:33:55.017341,-12.968572616577148,27.75638771057129,0.0022209929302334,32.606,0.157,0.364,0.0,0,0,1,,0.903,2026-03-17T17:33:55.017341,sad,0.378,2026-03-17T17:33:53.089338,0.4840650512619669,2026-03-17T17:33:54.994000,85,,,
participant_24,3,day,Town10HD_Opt,2026-03-17 17:33:56.188886,-5.204359531402588,27.843135833740234,0.0018978881416842,36.065,-0.134,0.581,0.0,0,0,1,,0.889,2026-03-17T17:33:56.188886,neutral,0.485,2026-03-17T17:33:56.188886,0.4852975325926002,2026-03-17T17:33:55.982000,83,,,
participant_24,3,day,Town10HD_Opt,2026-03-17 17:33:57.110141,1.3856618404388428,27.893537521362305,0.0019721984863281,38.738,0.026,0.316,0.0,0,0,1,,0.923,2026-03-17T17:33:57.110141,neutral,0.485,2026-03-17T17:33:56.188886,0.5205868826314196,2026-03-17T17:33:57.017000,80,,,
participant_24,3,day,Town10HD_Opt,2026-03-17 17:33:58.039710,7.992532253265381,27.947696685791016,0.0021270369179546,36.268,-0.035,0.299,0.0,0,0,1,,0.886,2026-03-17T17:33:58.039710,neutral,0.485,2026-03-17T17:33:56.188886,0.5052627775844445,2026-03-17T17:33:58.007000,82,,,
participant_24,3,day,Town10HD_Opt,2026-03-17 17:33:59.218035,16.07713508605957,28.004350662231445,0.0021218108013272,32.891,0.007,0.287,0.0,0,0,1,,0.819,2026-03-17T17:33:59.218035,neutral,0.339,2026-03-17T17:33:59.218035,0.4669469784322083,2026-03-17T17:33:58.997000,78,,,
participant_24,3,day,Town10HD_Opt,2026-03-17 17:34:00.084823,21.634456634521484,28.082408905029297,0.0021292876917868,30.321,2.45,0.261,0.0,0,0,1,,0.836,2026-03-17T17:34:00.084823,neutral,0.339,2026-03-17T17:33:59.218035,0.4781974664888075,2026-03-17T17:33:59.987000,82,,,
participant_24,3,day,Town10HD_Opt,2026-03-17 17:34:01.256545,28.30574417114257,28.70128631591797,0.002124710008502,27.008,5.787,0.261,0.0,0,0,1,,1.0,2026-03-17T17:34:01.256545,neutral,0.353,2026-03-17T17:34:01.256545,0.4295217546301865,2026-03-17T17:34:01.021000,82,,,
participant_24,3,day,Town10HD_Opt,2026-03-17 17:34:02.138215,32.69352340698242,29.87556838989257,0.0021169662941247,24.91,9.447,0.28,0.0,0,0,1,,1.0,2026-03-17T17:34:02.138215,neutral,0.353,2026-03-17T17:34:01.256545,0.4725267601610864,2026-03-17T17:34:02.011000,81,,,
participant_24,3,day,Town10HD_Opt,2026-03-17 17:34:03.041682,36.33297729492188,31.93704032897949,0.0021237945184111,23.159,18.319,0.291,0.0,0,0,1,,0.935,2026-03-17T17:34:03.041682,neutral,0.353,2026-03-17T17:34:01.256545,0.426200105383849,2026-03-17T17:34:03.003000,79,,,
participant_24,3,day,Town10HD_Opt,2026-03-17 17:34:04.187354,39.38216400146485,36.09109115600586,0.0021098707802593,21.552,18.254,0.291,0.0,0,0,1,,0.896,2026-03-17T17:34:04.187354,neutral,0.539,2026-03-17T17:34:04.187354,0.5112337110853058,2026-03-17T17:34:03.992000,79,,,
participant_24,3,day,Town10HD_Opt,2026-03-17 17:34:05.042400,40.20774459838867,39.65742492675781,0.00209945673123,20.577,16.213,0.287,0.0,0,0,1,,1.0,2026-03-17T17:34:05.042400,neutral,0.539,2026-03-17T17:34:04.187354,0.4356278355738837,2026-03-17T17:34:04.982000,80,,,
participant_24,3,day,Town10HD_Opt,2026-03-17 17:34:06.180211,40.357540130615234,44.33731842041016,0.0020787811372429,19.305,-1.391,0.099,0.0,0,0,1,,1.0,2026-03-17T17:34:06.180211,neutral,0.539,2026-03-17T17:34:04.187354,0.4089151329693843,2026-03-17T17:34:06.016000,75,,,
participant_24,3,day,Town10HD_Opt,2026-03-17 17:34:07.029263,40.47538375854492,47.44753646850586,0.001997947692871,15.702,0.837,0.0,0.079,0,0,1,,1.0,2026-03-17T17:34:07.029263,sad,0.384,2026-03-17T17:34:07.029263,0.4193746622979905,2026-03-17T17:34:07.097000,78,,,
participant_24,3,day,Town10HD_Opt,2026-03-17 17:34:08.143763,40.540184020996094,50.31686019897461,0.0020817182958126,8.664,0.757,0.0,0.27,0,0,1,,0.801,2026-03-17T17:34:08.143763,sad,0.384,2026-03-17T17:34:07.029263,0.4525074889848033,2026-03-17T17:34:08.087000,77,,,
participant_24,3,day,Town10HD_Opt,2026-03-17 17:34:09.006669,40.55631637573242,51.41119003295898,0.0023762511555105,0.0,0.757,0.0,0.264,0,0,1,,0.867,2026-03-17T17:34:09.006669,sad,0.384,2026-03-17T17:34:07.029263,0.4479847374022177,2026-03-17T17:34:08.987000,77,,,
participant_24,3,day,Town10HD_Opt,2026-03-17 17:34:10.065601,40.55632019042969,51.41182327270508,0.0019266509916633,0.003,0.71,0.035,0.0,0,0,1,,0.815,2026-03-17T17:34:10.065601,neutral,0.887,2026-03-17T17:34:10.065601,0.4266962957642273,2026-03-17T17:34:10.022000,75,,,
participant_24,3,day,Town10HD_Opt,2026-03-17 17:34:11.152123,40.5576171875,51.501712799072266,0.0018956374842673,0.929,0.672,0.0,0.0,0,0,1,,1.0,2026-03-17T17:34:11.152123,neutral,0.887,2026-03-17T17:34:10.065601,0.4747139701608976,2026-03-17T17:34:11.012000,76,,,
participant_24,3,day,Town10HD_Opt,2026-03-17 17:34:12.207626,40.56021881103516,51.687347412109375,0.0019250105833634,0.66,0.672,0.0,0.0,0,0,1,,1.0,2026-03-17T17:34:12.207626,neutral,0.44,2026-03-17T17:34:12.207626,0.418063397671133,2026-03-17T17:34:12.001000,78,,,
participant_24,3,day,Town10HD_Opt,2026-03-17 17:34:13.030811,40.56159210205078,51.78960418701172,0.0019237136002629,0.515,0.656,0.0,0.0,0,0,1,,0.816,2026-03-17T17:34:13.030811,neutral,0.44,2026-03-17T17:34:12.207626,0.4519502023391032,2026-03-17T17:34:12.992000,78,,,
participant_24,3,day,Town10HD_Opt,2026-03-17 17:34:14.134261,40.56293869018555,51.89002227783203,0.0019223403651267,0.358,0.618,0.0,0.0,0,0,1,,1.0,2026-03-17T17:34:14.134261,neutral,0.44,2026-03-17T17:34:12.207626,0.382441614319799,2026-03-17T17:34:13.982000,75,,,
participant_24,3,day,Town10HD_Opt,2026-03-17 17:34:15.000886,40.56367111206055,51.94523239135742,0.0019215393112972,0.276,0.616,0.0,0.0,0,0,1,,1.0,2026-03-17T17:34:15.000886,sad,0.355,2026-03-17T17:34:15.000886,0.4230956149768244,2026-03-17T17:34:15.017000,78,,,
participant_24,3,day,Town10HD_Opt,2026-03-17 17:34:16.115088,40.56567001342773,52.10756301879883,0.0017023849068209,4.416,0.59,0.889,0.0,0,0,1,,0.815,2026-03-17T17:34:16.115088,sad,0.355,2026-03-17T17:34:15.000886,0.4160831768302989,2026-03-17T17:34:16.007000,80,,,
participant_24,3,day,Town10HD_Opt,2026-03-17 17:34:17.258047,40.60926818847656,55.17617416381836,0.0018120956374332,21.184,-2.527,0.819,0.0,0,0,1,,1.0,2026-03-17T17:34:17.258047,neutral,0.413,2026-03-17T17:34:17.258047,0.3934379779502723,2026-03-17T17:34:16.997000,81,,,errors=Stop sign violation
participant_24,3,day,Town10HD_Opt,2026-03-17 17:34:18.187316,41.14634323120117,59.6484489440918,0.001750640803948,30.809,-9.669,0.682,0.0,0,0,1,,0.874,2026-03-17T17:34:18.187316,neutral,0.413,2026-03-17T17:34:17.258047,0.4335732518100138,2026-03-17T17:34:17.986000,78,,,
participant_24,3,day,Town10HD_Opt,2026-03-17 17:34:19.171443,43.34169387817383,65.1100082397461,0.0018822478596121,36.71,-15.021,0.497,0.0,0,0,1,,1.0,2026-03-17T17:34:19.171443,neutral,0.413,2026-03-17T17:34:17.258047,0.4014980344853898,2026-03-17T17:34:19.022000,78,,,
participant_24,3,day,Town10HD_Opt,2026-03-17 17:34:20.001698,47.80244064331055,69.48783111572266,0.002253150800243,33.075,-16.193,0.0,0.0,0,0,1,,1.0,2026-03-17T17:34:20.001698,neutral,0.393,2026-03-17T17:34:20.001698,0.4120575931915519,2026-03-17T17:34:20.012000,79,,,
participant_24,3,day,Town10HD_Opt,2026-03-17 17:34:21.143050,54.07823181152344,71.2000732421875,0.0022700501140207,23.676,-15.071,0.134,0.0,0,0,1,,0.832,2026-03-17T17:34:21.143050,neutral,0.393,2026-03-17T17:34:20.001698,0.3534939014106106,2026-03-17T17:34:21.002000,79,,,
participant_24,3,day,Town10HD_Opt,2026-03-17 17:34:22.034553,58.02825164794922,70.77786254882812,0.0019875715952366,23.87,-3.792,0.648,0.0,0,0,1,,0.852,2026-03-17T17:34:22.034553,neutral,0.526,2026-03-17T17:34:22.034553,0.3659223578150305,2026-03-17T17:34:21.992000,79,,,
participant_24,3,day,Town10HD_Opt,2026-03-17 17:34:23.197103,64.25530242919922,69.98303985595703,0.0020246123895049,27.941,2.678,0.32,0.0,0,0,1,,0.922,2026-03-17T17:34:23.197103,neutral,0.526,2026-03-17T17:34:22.034553,0.3077492504499538,2026-03-17T17:34:22.983000,80,,,
participant_24,3,day,Town10HD_Opt,2026-03-17 17:34:24.248753,68.99275970458984,69.76792907714844,0.0021877288818359,24.664,1.862,0.0,0.0,0,0,1,,0.842,2026-03-17T17:34:24.248753,sad,0.333,2026-03-17T17:34:24.248753,0.3310755414195171,2026-03-17T17:34:24.020000,78,,,
participant_24,3,day,Town10HD_Opt,2026-03-17 17:34:25.084587,72.81292724609375,69.77220916748047,0.0022412489634007,18.459,2.398,0.0,0.0,0,0,1,,1.0,2026-03-17T17:34:25.084587,sad,0.333,2026-03-17T17:34:24.248753,0.3134129651021517,2026-03-17T17:34:25.016000,84,,,
participant_24,3,day,Town10HD_Opt,2026-03-17 17:34:26.257188,76.535888671875,69.95132446289062,0.0020405577961355,13.285,0.385,0.115,0.0,0,0,1,,0.896,2026-03-17T17:34:26.257188,neutral,0.467,2026-03-17T17:34:26.257188,0.2961555410281796,2026-03-17T17:34:25.997000,85,,,
participant_24,3,day,Town10HD_Opt,2026-03-17 17:34:27.107940,78.96827697753906,70.06875610351562,0.0016927337273955,17.88,-0.86,0.967,0.0,0,0,1,,0.92,2026-03-17T17:34:27.107940,neutral,0.467,2026-03-17T17:34:26.257188,0.3795477129824253,2026-03-17T17:34:26.991000,88,,,
participant_24,3,day,Town10HD_Opt,2026-03-17 17:34:28.232230,85.04759216308594,70.24722290039062,0.00155723572243,35.809,-0.717,0.597,0.0,0,0,1,,0.947,2026-03-17T17:34:28.232230,neutral,0.467,2026-03-17T17:34:26.257188,0.4345601039608948,2026-03-17T17:34:28.022000,84,,,
participant_24,3,day,Town10HD_Opt,2026-03-17 17:34:29.090079,91.2314453125,70.427490234375,0.0022616195492446,31.419,9.562,0.0,0.0,0,0,1,,0.874,2026-03-17T17:34:29.090079,sad,0.339,2026-03-17T17:34:29.090079,0.2766423873717498,2026-03-17T17:34:29.011000,85,,,
participant_24,3,day,Town10HD_Opt,2026-03-17 17:34:30.276755,97.15750122070312,72.630126953125,0.0020698928274214,27.351,24.824,0.767,0.0,0,0,1,,1.0,2026-03-17T17:34:30.276755,sad,0.339,2026-03-17T17:34:29.090079,0.3612944790272508,2026-03-17T17:34:30.001000,85,,,
participant_24,3,day,Town10HD_Opt,2026-03-17 17:34:31.079286,100.02491760253906,77.13182067871094,0.0018870925996452,34.691,24.378,0.508,0.0,0,0,1,,0.804,2026-03-17T17:34:31.079286,sad,0.339,2026-03-17T17:34:29.090079,0.3295336030229744,2026-03-17T17:34:30.993000,81,,,
participant_24,3,day,Town10HD_Opt,2026-03-17 17:34:32.215474,99.78199768066406,85.08818817138672,0.0021264266688376,32.964,-0.515,0.285,0.0,0,0,1,,0.898,2026-03-17T17:34:32.215474,happy,0.781,2026-03-17T17:34:32.215474,0.2998532515025066,2026-03-17T17:34:31.982000,81,,,
participant_24,3,day,Town10HD_Opt,2026-03-17 17:34:33.090014,99.04279327392578,90.61158752441406,0.0021199798211455,30.557,-0.552,0.285,0.0,0,0,1,,0.91,2026-03-17T17:34:33.090014,happy,0.781,2026-03-17T17:34:32.215474,0.2657787316980757,2026-03-17T17:34:33.017000,79,,,
participant_24,3,day,Town10HD_Opt,2026-03-17 17:34:34.191582,98.12542724609376,97.375732421875,0.0021070861257612,27.85,2.073,0.285,0.0,0,0,1,,1.0,2026-03-17T17:34:34.191582,happy,0.781,2026-03-17T17:34:32.215474,0.3614789240254808,2026-03-17T17:34:34.007000,78,,,
participant_24,3,day,Town10HD_Opt,2026-03-17 17:34:35.061307,97.18779754638672,102.01354217529295,0.002100562909618,26.028,3.95,0.285,0.0,0,0,1,,1.0,2026-03-17T17:34:35.061307,sad,0.332,2026-03-17T17:34:35.061307,0.3167540705552187,2026-03-17T17:34:34.997000,82,,,
participant_24,3,day,Town10HD_Opt,2026-03-17 17:34:36.164959,95.42668914794922,107.61209869384766,0.0020903777331113,24.244,4.367,0.361,0.0,0,0,1,,1.0,2026-03-17T17:34:36.164959,sad,0.332,2026-03-17T17:34:35.061307,0.3224843653992544,2026-03-17T17:34:35.987000,80,,,
participant_24,3,day,Town10HD_Opt,2026-03-17 17:34:36.999193,93.67918395996094,111.53043365478516,0.0020029449369758,25.292,4.978,0.418,0.0,0,0,1,,1.0,2026-03-17T17:34:36.999193,sad,0.332,2026-03-17T17:34:35.061307,0.3579154116691857,2026-03-17T17:34:37.022000,81,,,
participant_24,3,day,Town10HD_Opt,2026-03-17 17:34:38.104657,90.50357818603516,116.72663116455078,0.0020056532230228,27.096,4.839,0.415,0.0,0,0,1,,1.0,2026-03-17T17:34:38.104657,neutral,0.355,2026-03-17T17:34:38.104657,0.3657185448679591,2026-03-17T17:34:38.013000,80,,,
participant_24,3,day,Town10HD_Opt,2026-03-17 17:34:39.075437,87.4533462524414,120.44813537597656,0.0020125959999859,28.044,5.919,0.415,0.0,0,0,1,,1.0,2026-03-17T17:34:39.075437,neutral,0.355,2026-03-17T17:34:38.104657,0.2774315164058774,2026-03-17T17:34:39.003000,79,,,
participant_24,3,day,Town10HD_Opt,2026-03-17 17:34:39.995492,83.73888397216797,123.83859252929688,0.0019786071497946,29.936,5.78,0.487,0.0,0,0,1,,1.0,2026-03-17T17:34:39.995492,neutral,0.355,2026-03-17T17:34:38.104657,0.3032499753985307,2026-03-17T17:34:39.992000,79,,,
participant_24,3,day,Town10HD_Opt,2026-03-17 17:34:41.142205,77.54771423339844,127.69696044921876,0.0019828795921057,32.828,6.701,0.477,0.0,0,0,1,,1.0,2026-03-17T17:34:41.142205,fear,0.459,2026-03-17T17:34:41.142205,0.3140259875746745,2026-03-17T17:34:41.072000,80,,,
participant_24,3,day,Town10HD_Opt,2026-03-17 17:34:42.007110,72.02699279785156,129.68679809570312,0.0019972228910773,34.387,6.464,0.47,0.0,0,0,1,,0.863,2026-03-17T17:34:42.007110,fear,0.459,2026-03-17T17:34:41.142205,0.3280286722804271,2026-03-17T17:34:42.017000,79,,,
participant_24,3,day,Town10HD_Opt,2026-03-17 17:34:43.258087,63.88567352294922,130.84286499023438,0.0020035170018672,36.238,1.643,0.466,0.0,0,0,1,,1.0,2026-03-17T17:34:43.258087,neutral,0.578,2026-03-17T17:34:43.258087,0.3526464105719096,2026-03-17T17:34:43.007000,78,,,
participant_24,3,day,Town10HD_Opt,2026-03-17 17:34:44.176398,57.46359252929688,131.1447296142578,0.0020087051670998,37.31,1.196,0.464,0.0,0,0,1,,0.81,2026-03-17T17:34:44.176398,neutral,0.578,2026-03-17T17:34:43.258087,0.3041043644223951,2026-03-17T17:34:43.997000,78,,,
participant_24,3,day,Town10HD_Opt,2026-03-17 17:34:45.071049,50.86189270019531,131.2379913330078,0.0020134735386818,38.22,0.775,0.464,0.0,0,0,1,,1.0,2026-03-17T17:34:45.071049,neutral,0.578,2026-03-17T17:34:43.258087,0.3140324777207678,2026-03-17T17:34:44.987000,77,,,
participant_24,3,day,Town10HD_Opt,2026-03-17 17:34:46.242139,41.83033752441406,131.09349060058594,0.0020183944143354,39.248,0.176,0.464,0.0,0,0,1,,0.899,2026-03-17T17:34:46.242139,neutral,0.698,2026-03-17T17:34:46.242139,0.3412132071500904,2026-03-17T17:34:46.022000,78,,,
participant_24,3,day,Town10HD_Opt,2026-03-17 17:34:47.133577,34.91176223754883,130.90286254882812,0.0020215606782585,39.898,-0.139,0.464,0.0,0,0,1,,0.844,2026-03-17T17:34:47.133577,neutral,0.698,2026-03-17T17:34:46.242139,0.3450413797499147,2026-03-17T17:34:47.012000,76,,,
participant_24,3,day,Town10HD_Opt,2026-03-17 17:34:47.996941,27.88624382019043,130.72952270507812,0.002024307148531,40.459,-0.164,0.464,0.0,0,0,1,,0.915,2026-03-17T17:34:47.996941,neutral,0.698,2026-03-17T17:34:46.242139,0.2858225340035195,2026-03-17T17:34:48.002000,78,,,
participant_24,3,day,Town10HD_Opt,2026-03-17 17:34:49.161801,18.377046585083008,130.55633544921875,0.0020276641007512,41.087,-0.143,0.464,0.0,0,0,1,,0.944,2026-03-17T17:34:49.161801,neutral,0.876,2026-03-17T17:34:49.161801,0.2948754768255037,2026-03-17T17:34:48.993000,76,,,
participant_24,3,day,Town10HD_Opt,2026-03-17 17:34:50.054367,11.155232429504396,130.46360778808594,0.0020297621376812,41.483,-0.028,0.464,0.0,0,0,1,,0.808,2026-03-17T17:34:50.054367,neutral,0.876,2026-03-17T17:34:49.161801,0.4314329266171972,2026-03-17T17:34:49.982000,79,,,
participant_24,3,day,Town10HD_Opt,2026-03-17 17:34:51.165560,1.4267611503601074,130.35450744628906,0.0020318604074418,41.927,-0.028,0.464,0.0,0,0,1,,0.839,2026-03-17T17:34:51.165560,neutral,0.646,2026-03-17T17:34:51.165560,0.3950925691016633,2026-03-17T17:34:51.017000,76,,,
participant_24,3,day,Town10HD_Opt,2026-03-17 17:34:52.062598,-5.843771934509277,130.2804718017578,0.0022390745580196,38.188,0.068,0.0,0.565,0,0,1,,0.903,2026-03-17T17:34:52.062598,neutral,0.646,2026-03-17T17:34:51.165560,0.3140758545783876,2026-03-17T17:34:52.007000,78,,,
participant_24,3,day,Town10HD_Opt,2026-03-17 17:34:53.233630,-12.98870849609375,130.1972198486328,0.0024017714895308,22.555,0.068,0.0,0.6,0,0,1,,0.853,2026-03-17T17:34:53.233630,neutral,0.667,2026-03-17T17:34:53.233630,0.3231918070887306,2026-03-17T17:34:52.997000,78,,,
participant_24,3,day,Town10HD_Opt,2026-03-17 17:34:54.093449,-16.22048568725586,130.1530303955078,0.0020661163143813,14.87,0.068,0.0,0.033,0,0,1,,1.0,2026-03-17T17:34:54.093449,neutral,0.667,2026-03-17T17:34:53.233630,0.3950579481868728,2026-03-17T17:34:53.991000,79,,,
participant_24,3,day,Town10HD_Opt,2026-03-17 17:34:55.213364,-18.99644660949707,130.11114501953125,0.0020754241850227,8.479,0.068,0.0,0.122,0,0,1,,0.824,2026-03-17T17:34:55.213364,neutral,0.667,2026-03-17T17:34:53.233630,0.3891257402133111,2026-03-17T17:34:55.022000,79,,,
participant_24,3,day,Town10HD_Opt,2026-03-17 17:34:56.058930,-20.32481002807617,130.0900421142578,0.001983146648854,6.571,0.068,0.0,0.0,0,0,1,,1.0,2026-03-17T17:34:56.058930,neutral,0.549,2026-03-17T17:34:56.058930,0.3714880273319503,2026-03-17T17:34:56.012000,81,,,
participant_24,3,day,Town10HD_Opt,2026-03-17 17:34:57.191761,-21.26764678955078,130.0746612548828,0.0021142959594726,0.0,0.059,0.0,0.044,0,0,1,,0.813,2026-03-17T17:34:57.191761,neutral,0.549,2026-03-17T17:34:56.058930,0.3593454787372401,2026-03-17T17:34:57.139000,77,,,
participant_24,3,day,Town10HD_Opt,2026-03-17 17:34:58.046856,-21.26900863647461,130.07461547851562,0.0019145583501085,0.339,0.059,0.276,0.0,0,0,1,,0.83,2026-03-17T17:34:58.046856,neutral,0.549,2026-03-17T17:34:56.058930,0.4024032621695546,2026-03-17T17:34:58.082000,77,,,
participant_24,4,day,Town10HD_Opt,2026-03-17 17:45:00.000000,-41.66535186767578,86.27053833007812,0.0019412230467423,19.387,0.233,0.642,0.0,0,0,1,,1.0,2026-03-17T17:45:00,,,2026-03-17T17:45:00,0.7043374023164496,2026-03-17T17:45:00,82,,,
participant_24,4,day,Town10HD_Opt,2026-03-17 17:45:00.384318,-41.65797805786133,85.08771514892578,0.0018870544154196,21.281,1.826,0.63,0.0,0,0,1,,1.0,2026-03-17T17:45:00,,,2026-03-17T17:45:00,0.6653661791370143,2026-03-17T17:45:00,82,,,
participant_24,4,day,Town10HD_Opt,2026-03-17 17:45:01.324275,-41.36641693115234,80.80606079101562,0.0018410872435197,27.993,5.184,0.611,0.0,0,0,1,,1.0,2026-03-17T17:45:01.324275,,,2026-03-17T17:45:00,0.7141649919927973,2026-03-17T17:45:01.035000,83,,,
participant_24,4,day,Town10HD_Opt,2026-03-17 17:45:02.301318,-40.24771499633789,75.60498046875,0.0018962096655741,33.099,17.598,0.561,0.0,0,0,1,,1.0,2026-03-17T17:45:02.301318,neutral,0.927,2026-03-17T17:45:02.301318,0.7266330896405072,2026-03-17T17:45:02.114000,81,,,
participant_24,4,day,Town10HD_Opt,2026-03-17 17:45:03.315474,-36.69182968139648,70.90681457519531,0.0020344161894172,35.209,23.724,0.153,0.0,0,0,1,,1.0,2026-03-17T17:45:03.315474,neutral,0.927,2026-03-17T17:45:02.301318,0.7103488578651938,2026-03-17T17:45:03.018000,79,,,
participant_24,4,day,Town10HD_Opt,2026-03-17 17:45:04.284686,-31.47342872619629,69.204833984375,0.0023441696539521,27.652,14.643,0.0,0.0,0,0,1,,1.0,2026-03-17T17:45:04.284686,neutral,0.927,2026-03-17T17:45:02.301318,0.67302378254448,2026-03-17T17:45:04.045000,81,,,
participant_24,4,day,Town10HD_Opt,2026-03-17 17:45:05.275974,-27.20983123779297,69.48440551757812,0.002263565082103,20.91,-2.998,0.016,0.0,0,0,1,,1.0,2026-03-17T17:45:05.275974,neutral,1.0,2026-03-17T17:45:05.275974,0.656788069014639,2026-03-17T17:45:04.994000,81,,,
participant_24,4,day,Town10HD_Opt,2026-03-17 17:45:06.311880,-23.904823303222656,69.66526794433594,0.0020949554163962,18.227,-1.201,0.535,0.0,0,0,1,,1.0,2026-03-17T17:45:06.311880,neutral,1.0,2026-03-17T17:45:05.275974,0.7214957604451799,2026-03-17T17:45:05.985000,78,,,
participant_24,4,day,Town10HD_Opt,2026-03-17 17:45:07.328789,-20.395248413085938,69.803466796875,0.0018781280377879,22.938,-0.672,0.563,0.0,0,0,1,,1.0,2026-03-17T17:45:07.328789,sad,1.0,2026-03-17T17:45:07.328789,0.6341189862341732,2026-03-17T17:45:07.110000,79,,,
participant_24,4,day,Town10HD_Opt,2026-03-17 17:45:08.317031,-15.99593734741211,69.91316223144531,0.001895370427519,27.626,-1.166,0.525,0.0,0,0,1,,1.0,2026-03-17T17:45:08.317031,sad,1.0,2026-03-17T17:45:07.328789,0.6920450903529075,2026-03-17T17:45:07.965000,80,,,
participant_24,4,day,Town10HD_Opt,2026-03-17 17:45:09.337526,-10.876935005187988,69.9230728149414,0.0019303893204778,31.125,-0.679,0.476,0.0,0,0,1,,1.0,2026-03-17T17:45:09.337526,neutral,0.999,2026-03-17T17:45:09.337526,0.7370360169547584,2026-03-17T17:45:09.134000,80,,,
participant_24,4,day,Town10HD_Opt,2026-03-17 17:45:10.069450,-7.2571234703063965,69.8839340209961,0.0020787429530173,30.254,-0.266,0.224,0.0,0,0,1,,1.0,2026-03-17T17:45:10.069450,neutral,0.999,2026-03-17T17:45:09.337526,0.7112847922651568,2026-03-17T17:45:10.124000,80,,,
participant_24,4,day,Town10HD_Opt,2026-03-17 17:45:11.071322,-2.2257204055786133,69.79931640625,0.0021475600078701,26.99,-0.266,0.211,0.0,0,0,1,,0.83,2026-03-17T17:45:11.071322,neutral,0.999,2026-03-17T17:45:09.337526,0.7200315839693294,2026-03-17T17:45:11.024000,80,,,
participant_24,4,day,Town10HD_Opt,2026-03-17 17:45:12.085005,2.245624542236328,69.69524383544922,0.002142600947991,23.871,-0.16,0.0,0.0,0,0,1,,1.0,2026-03-17T17:45:12.085005,neutral,1.0,2026-03-17T17:45:12.085005,0.7526162756522592,2026-03-17T17:45:11.972000,79,,,
participant_24,4,day,Town10HD_Opt,2026-03-17 17:45:13.318047,7.023569107055664,69.57662963867188,0.0019536209292709,16.974,0.237,0.114,0.0,0,0,1,,1.0,2026-03-17T17:45:13.318047,neutral,1.0,2026-03-17T17:45:12.085005,0.7138516844326582,2026-03-17T17:45:13.230000,78,,,
participant_24,4,day,Town10HD_Opt,2026-03-17 17:45:14.242884,10.104168891906738,69.5138931274414,0.0020735550206154,18.866,0.294,0.289,0.0,0,0,1,,1.0,2026-03-17T17:45:14.242884,neutral,0.983,2026-03-17T17:45:14.242884,0.700521838441287,2026-03-17T17:45:13.948000,78,,,
participant_24,4,day,Town10HD_Opt,2026-03-17 17:45:15.303983,13.393377304077148,69.475341796875,0.0020882415119558,18.055,1.142,0.195,0.0,0,0,1,,1.0,2026-03-17T17:45:15.303983,neutral,0.983,2026-03-17T17:45:14.242884,0.7978454201134481,2026-03-17T17:45:15.007000,79,,,
participant_24,4,day,Town10HD_Opt,2026-03-17 17:45:16.292107,16.436073303222656,69.4974365234375,0.0020005034748464,15.276,0.693,0.0,0.0,0,0,1,,1.0,2026-03-17T17:45:16.292107,neutral,1.0,2026-03-17T17:45:16.292107,0.7907617138658602,2026-03-17T17:45:15.930000,79,,,
participant_24,4,day,Town10HD_Opt,2026-03-17 17:45:17.306689,18.85161399841309,69.5351333618164,0.0020231246016919,12.08,0.371,0.194,0.0,0,0,1,,1.0,2026-03-17T17:45:17.306689,neutral,1.0,2026-03-17T17:45:16.292107,0.8723044189010067,2026-03-17T17:45:17.504000,81,,,
participant_24,4,day,Town10HD_Opt,2026-03-17 17:45:18.274109,20.88062286376953,69.57501983642578,0.0019981383811682,10.333,0.371,0.0,0.0,0,0,1,,1.0,2026-03-17T17:45:18.274109,neutral,1.0,2026-03-17T17:45:16.292107,0.853976427450394,2026-03-17T17:45:18.179000,78,,,
participant_24,4,day,Town10HD_Opt,2026-03-17 17:45:19.260863,22.475297927856445,69.61241149902344,0.002014274476096,7.534,0.371,0.0,0.059,0,0,1,,1.0,2026-03-17T17:45:19.260863,neutral,1.0,2026-03-17T17:45:19.260863,0.8693081390826588,2026-03-17T17:45:18.946000,81,,,
participant_24,4,day,Town10HD_Opt,2026-03-17 17:45:20.215405,23.56921768188477,69.64112091064453,0.002073211595416,0.0,0.371,0.0,0.053,0,0,1,,1.0,2026-03-17T17:45:20.215405,neutral,1.0,2026-03-17T17:45:19.260863,0.805068961392933,2026-03-17T17:45:20.114000,80,,,
participant_24,4,day,Town10HD_Opt,2026-03-17 17:45:21.243761,23.58170890808105,69.64147186279297,0.0019443893106654,0.003,0.39,0.449,0.0,0,0,1,,1.0,2026-03-17T17:45:21.243761,neutral,1.0,2026-03-17T17:45:19.260863,0.9453290068256656,2026-03-17T17:45:21.330000,84,,,
participant_24,4,day,Town10HD_Opt,2026-03-17 17:45:22.253246,24.15588760375977,69.65795135498047,0.0015340042300522,9.884,0.435,0.939,0.0,0,0,1,,1.0,2026-03-17T17:45:22.253246,neutral,1.0,2026-03-17T17:45:22.253246,0.956363654657715,2026-03-17T17:45:22.409000,85,,,
participant_24,4,day,Town10HD_Opt,2026-03-17 17:45:23.264736,26.955411911010746,69.74398803710938,0.0018121337052434,21.674,-1.892,0.83,0.0,0,0,1,,1.0,2026-03-17T17:45:23.264736,neutral,1.0,2026-03-17T17:45:22.253246,0.8546126521856023,2026-03-17T17:45:23.130000,86,,,
participant_24,4,day,Town10HD_Opt,2026-03-17 17:45:24.245459,31.4995231628418,69.52024841308594,0.0017820739885792,30.527,-11.921,0.628,0.0,0,0,1,,1.0,2026-03-17T17:45:24.245459,neutral,1.0,2026-03-17T17:45:22.253246,0.9340298619074104,2026-03-17T17:45:23.985000,85,,,
participant_24,4,day,Town10HD_Opt,2026-03-17 17:45:25.271707,36.88298797607422,67.65276336669922,0.0019435500726103,34.725,-13.083,0.427,0.0,0,0,1,,1.0,2026-03-17T17:45:25.271707,neutral,0.995,2026-03-17T17:45:25.271707,0.9256523027569,2026-03-17T17:45:25.020000,85,,,
participant_24,4,day,Town10HD_Opt,2026-03-17 17:45:26.258413,41.60848236083984,63.90972137451172,0.0021011352073401,33.946,-11.989,0.323,0.0,0,0,1,,0.836,2026-03-17T17:45:26.258413,neutral,0.995,2026-03-17T17:45:25.271707,0.8773217497422752,2026-03-17T17:45:26.144000,83,,,
participant_24,4,day,Town10HD_Opt,2026-03-17 17:45:27.226846,44.38484191894531,59.246952056884766,0.0023240661248564,27.267,-18.651,0.0,0.0,0,0,1,,1.0,2026-03-17T17:45:27.226846,neutral,0.995,2026-03-17T17:45:25.271707,0.8337840019572867,2026-03-17T17:45:26.954000,85,,,
participant_24,4,day,Town10HD_Opt,2026-03-17 17:45:28.206417,44.93974685668945,55.08843994140625,0.0022761535365134,20.563,-12.277,0.0,0.0,0,0,1,,1.0,2026-03-17T17:45:28.206417,neutral,0.903,2026-03-17T17:45:28.206417,0.8438925072074324,2026-03-17T17:45:27.945000,86,,,
participant_24,4,day,Town10HD_Opt,2026-03-17 17:45:29.196134,44.639408111572266,51.92240905761719,0.0020082474220544,15.839,-3.32,0.0,0.0,0,0,1,,1.0,2026-03-17T17:45:29.196134,neutral,0.903,2026-03-17T17:45:28.206417,0.7969240044513572,2026-03-17T17:45:28.979000,86,,,
participant_24,4,day,Town10HD_Opt,2026-03-17 17:45:30.188052,44.33828353881836,49.47758102416992,0.0019464110955595,12.122,1.318,0.0,0.0,0,0,1,,1.0,2026-03-17T17:45:30.188052,neutral,0.903,2026-03-17T17:45:28.206417,0.7933653960026387,2026-03-17T17:45:29.975000,83,,,
participant_24,4,day,Town10HD_Opt,2026-03-17 17:45:31.146027,44.15442657470703,47.59818649291992,0.0020068739540874,9.263,1.782,0.0,0.003,0,0,1,,1.0,2026-03-17T17:45:31.146027,neutral,1.0,2026-03-17T17:45:31.146027,0.6861405677355923,2026-03-17T17:45:30.962000,83,,,
participant_24,4,day,Town10HD_Opt,2026-03-17 17:45:32.091757,44.04210662841797,46.19367599487305,0.0019876861479133,6.605,1.845,0.0,0.041,0,0,1,,1.0,2026-03-17T17:45:32.091757,neutral,1.0,2026-03-17T17:45:31.146027,0.7542586278345679,2026-03-17T17:45:31.949000,82,,,
participant_24,4,day,Town10HD_Opt,2026-03-17 17:45:33.283528,43.95505142211914,44.85466384887695,0.0019642256665974,4.775,1.711,0.0,0.0,0,0,1,,1.0,2026-03-17T17:45:33.283528,neutral,0.999,2026-03-17T17:45:33.283528,0.7223570972799679,2026-03-17T17:45:32.985000,79,,,
participant_24,4,day,Town10HD_Opt,2026-03-17 17:45:34.235547,43.91059875488281,44.11468505859375,0.0019657134544104,3.424,0.907,0.2,0.0,0,0,1,,1.0,2026-03-17T17:45:34.235547,neutral,0.999,2026-03-17T17:45:33.283528,0.818426873919031,2026-03-17T17:45:34.019000,78,,,
participant_24,4,day,Town10HD_Opt,2026-03-17 17:45:35.180458,43.84703063964844,43.00678253173828,0.0015094756381586,13.203,1.168,0.973,0.0,0,0,1,,1.0,2026-03-17T17:45:35.180458,neutral,0.999,2026-03-17T17:45:33.283528,0.7532626044081077,2026-03-17T17:45:34.965000,79,,,
participant_24,4,day,Town10HD_Opt,2026-03-17 17:45:36.274200,43.7495346069336,39.67432022094727,0.001706504728645,25.368,8.186,0.795,0.0,0,0,1,,1.0,2026-03-17T17:45:36.274200,neutral,1.0,2026-03-17T17:45:36.274200,0.7283970314008351,2026-03-17T17:45:35.955000,77,,,
participant_24,4,day,Town10HD_Opt,2026-03-17 17:45:37.224926,44.67400741577149,34.53936004638672,0.0017687606159597,34.462,15.103,0.661,0.0,0,0,1,,1.0,2026-03-17T17:45:37.224926,neutral,1.0,2026-03-17T17:45:36.274200,0.7972163694951173,2026-03-17T17:45:37.125000,78,,,
participant_24,4,day,Town10HD_Opt,2026-03-17 17:45:38.201190,48.05628204345703,29.36823463439941,0.002171134809032,34.359,16.515,0.0,0.0,0,0,1,,1.0,2026-03-17T17:45:38.201190,neutral,1.0,2026-03-17T17:45:36.274200,0.7299733042113419,2026-03-17T17:45:37.934000,80,,,
participant_24,4,day,Town10HD_Opt,2026-03-17 17:45:39.145409,52.55647277832031,26.70188331604004,0.0023290251847356,25.927,13.804,0.0,0.0,0,0,1,,1.0,2026-03-17T17:45:39.145409,neutral,0.995,2026-03-17T17:45:39.145409,0.7381885321154638,2026-03-17T17:45:39.015000,78,,,
participant_24,4,day,Town10HD_Opt,2026-03-17 17:45:40.124940,56.49067687988281,25.900081634521484,0.0022083281073719,20.696,9.887,0.263,0.0,0,0,1,,1.0,2026-03-17T17:45:40.124940,neutral,0.995,2026-03-17T17:45:39.145409,0.7226007131986851,2026-03-17T17:45:40.004000,77,,,
participant_24,4,day,Town10HD_Opt,2026-03-17 17:45:41.078469,59.89984893798828,25.687084197998047,0.0021400833502411,18.059,0.508,0.112,0.0,0,0,1,,1.0,2026-03-17T17:45:41.078469,neutral,0.995,2026-03-17T17:45:39.145409,0.7368858894421297,2026-03-17T17:45:40.995000,76,,,
participant_24,4,day,Town10HD_Opt,2026-03-17 17:45:42.354191,64.0566177368164,25.53989601135254,0.0019447326194494,16.813,0.289,0.0,0.0,0,0,1,,0.81,2026-03-17T17:45:42.354191,neutral,0.999,2026-03-17T17:45:42.354191,0.6439358295839608,2026-03-17T17:45:41.985000,78,,,
participant_24,4,day,Town10HD_Opt,2026-03-17 17:45:43.300409,66.62977600097656,25.465951919555664,0.0020747375674545,12.308,-1.003,0.0,0.223,0,0,1,,1.0,2026-03-17T17:45:43.300409,neutral,0.999,2026-03-17T17:45:42.354191,0.7032516768234225,2026-03-17T17:45:43.110000,76,,,
participant_24,4,day,Town10HD_Opt,2026-03-17 17:45:44.208710,68.38098907470703,25.39192771911621,0.0020481108222156,7.635,-0.989,0.0,0.143,0,0,1,,1.0,2026-03-17T17:45:44.208710,neutral,0.999,2026-03-17T17:45:42.354191,0.6825288581918411,2026-03-17T17:45:43.967000,81,,,
participant_24,4,day,Town10HD_Opt,2026-03-17 17:45:45.157838,69.39667510986328,25.342697143554688,0.0023704909253865,0.0,-0.642,0.0,0.102,0,0,1,,1.0,2026-03-17T17:45:45.157838,neutral,1.0,2026-03-17T17:45:45.157838,0.6386935977011051,2026-03-17T17:45:45.002000,79,,,
participant_24,4,day,Town10HD_Opt,2026-03-17 17:45:46.063167,69.39720916748047,25.342660903930664,0.001938018715009,0.0,-0.392,0.0,0.009,0,0,1,,1.0,2026-03-17T17:45:46.063167,neutral,1.0,2026-03-17T17:45:45.157838,0.6860401296961286,2026-03-17T17:45:46.304000,78,,,
participant_24,4,day,Town10HD_Opt,2026-03-17 17:45:47.076632,69.39728546142578,25.342660903930664,0.0019204712007194,0.0,1.011,0.0,0.0,0,0,1,,1.0,2026-03-17T17:45:47.076632,neutral,1.0,2026-03-17T17:45:45.157838,0.6391928000934697,2026-03-17T17:45:47.026000,81,,,
participant_24,4,day,Town10HD_Opt,2026-03-17 17:45:48.257850,69.3970947265625,25.34382057189941,0.0028397368732839,0.023,0.663,0.0,0.0,0,0,1,,1.0,2026-03-17T17:45:48.257850,neutral,0.999,2026-03-17T17:45:48.257850,0.658239867658883,2026-03-17T17:45:48.061000,82,,,errors=Vehicle collision
participant_24,4,day,Town10HD_Opt,2026-03-17 17:45:49.237798,69.39639282226562,25.34478759765625,0.0057052229531109,0.005,0.653,0.0,0.0,0,0,1,,1.0,2026-03-17T17:45:49.237798,neutral,0.999,2026-03-17T17:45:48.257850,0.6263611967951181,2026-03-17T17:45:49.232000,81,,,
participant_24,4,day,Town10HD_Opt,2026-03-17 17:45:50.168104,69.86164093017578,25.30793190002441,0.0032794189173728,6.848,0.653,0.806,0.0,0,0,1,,0.832,2026-03-17T17:45:50.168104,neutral,0.999,2026-03-17T17:45:48.257850,0.5950370023298669,2026-03-17T17:45:50.130000,82,,,
participant_24,4,day,Town10HD_Opt,2026-03-17 17:45:51.153675,71.74654388427734,25.164213180541992,0.0025133132003247,15.501,0.653,0.979,0.0,0,0,1,,0.838,2026-03-17T17:45:51.153675,neutral,0.999,2026-03-17T17:45:51.153675,0.489282127943123,2026-03-17T17:45:51.349000,83,,,errors=Vehicle collision
participant_24,4,day,Town10HD_Opt,2026-03-17 17:45:52.137152,75.00212860107422,24.92348289489746,0.0019242477137595,21.831,0.653,0.968,0.0,0,0,1,,0.839,2026-03-17T17:45:52.137152,neutral,0.999,2026-03-17T17:45:51.153675,0.5636425651296411,2026-03-17T17:45:52.471000,84,,,
participant_24,4,day,Town10HD_Opt,2026-03-17 17:45:53.084250,79.49284362792969,24.77812767028809,0.002403526334092,31.286,0.86,0.867,0.0,0,0,1,,1.0,2026-03-17T17:45:53.084250,neutral,0.999,2026-03-17T17:45:51.153675,0.5378600899854937,2026-03-17T17:45:53.505000,80,,,
participant_24,4,day,Town10HD_Opt,2026-03-17 17:45:54.301795,87.08245086669922,25.15501976013184,0.0022357939742505,28.847,-2.97,0.118,0.0,0,0,1,,1.0,2026-03-17T17:45:54.301795,neutral,1.0,2026-03-17T17:45:54.301795,0.4030140603235181,2026-03-17T17:45:54.134000,80,,,
participant_24,4,day,Town10HD_Opt,2026-03-17 17:45:55.272863,91.775634765625,24.97013664245605,0.0021313475444912,25.499,-11.0,0.296,0.0,0,0,1,,1.0,2026-03-17T17:45:55.272863,neutral,1.0,2026-03-17T17:45:54.301795,0.3865507117218539,2026-03-17T17:45:54.945000,79,,,
participant_24,4,day,Town10HD_Opt,2026-03-17 17:45:56.209335,95.89057159423828,23.66517448425293,0.0021012115757912,24.328,-16.99,0.356,0.0,0,0,1,,1.0,2026-03-17T17:45:56.209335,neutral,1.0,2026-03-17T17:45:54.301795,0.3968109516226251,2026-03-17T17:45:56.025000,79,,,
participant_24,4,day,Town10HD_Opt,2026-03-17 17:45:57.157569,99.30176544189452,21.14289093017578,0.0020570755004882,24.395,-10.562,0.35,0.0,0,0,1,,1.0,2026-03-17T17:45:57.157569,neutral,1.0,2026-03-17T17:45:57.157569,0.4366194184213191,2026-03-17T17:45:56.971000,79,,,
participant_24,4,day,Town10HD_Opt,2026-03-17 17:45:58.347450,102.86038208007812,16.732927322387695,0.0046013640239834,24.342,-8.582,0.339,0.0,0,0,1,,1.0,2026-03-17T17:45:58.347450,neutral,1.0,2026-03-17T17:45:57.157569,0.4007620751701315,2026-03-17T17:45:57.960000,78,,,
participant_24,4,day,Town10HD_Opt,2026-03-17 17:45:59.289115,104.6259765625,12.89680004119873,0.0019021987682208,25.033,-12.604,0.821,0.0,0,0,1,,1.0,2026-03-17T17:45:59.289115,neutral,1.0,2026-03-17T17:45:59.289115,0.4686233690977321,2026-03-17T17:45:59.175000,78,,,
participant_24,4,day,Town10HD_Opt,2026-03-17 17:46:00.297836,105.67321014404295,7.714914321899414,0.0015982437180355,37.89,-3.714,1.0,0.0,0,0,1,,1.0,2026-03-17T17:46:00.297836,neutral,1.0,2026-03-17T17:45:59.289115,0.3798782679079556,2026-03-17T17:46:00.030000,76,,,
participant_24,4,day,Town10HD_Opt,2026-03-17 17:46:01.275347,106.33106231689452,-0.0457124710083007,0.0015618514735251,52.606,-1.92,0.0,0.229,0,0,1,,1.0,2026-03-17T17:46:01.275347,neutral,1.0,2026-03-17T17:45:59.289115,0.3616362734925882,2026-03-17T17:46:00.930000,77,,,
participant_24,4,day,Town10HD_Opt,2026-03-17 17:46:02.269703,106.4570770263672,-8.872549057006836,0.0019998550415039,50.751,0.282,0.0,0.0,0,0,1,,1.0,2026-03-17T17:46:02.269703,neutral,1.0,2026-03-17T17:46:02.269703,0.4172577824441923,2026-03-17T17:46:01.965000,79,,,
participant_24,4,day,Town10HD_Opt,2026-03-17 17:46:03.254132,106.50524139404295,-17.644548416137695,0.0020127487368881,50.491,-1.528,0.83,0.0,0,0,1,,0.829,2026-03-17T17:46:03.254132,neutral,1.0,2026-03-17T17:46:02.269703,0.4011688923835422,2026-03-17T17:46:03.180000,78,,,
participant_24,4,day,Town10HD_Opt,2026-03-17 17:46:04.134200,106.2239227294922,-26.39268684387207,0.002062072744593,49.727,-2.076,0.809,0.0,0,0,1,,1.0,2026-03-17T17:46:04.134200,neutral,1.0,2026-03-17T17:46:02.269703,0.453366213795569,2026-03-17T17:46:03.946000,81,,,
participant_24,4,day,Town10HD_Opt,2026-03-17 17:46:05.338449,104.35431671142578,-37.8341064453125,0.0019577406346797,50.687,-7.663,0.788,0.0,0,0,1,,1.0,2026-03-17T17:46:05.338449,neutral,1.0,2026-03-17T17:46:05.338449,0.4109699533721209,2026-03-17T17:46:05.115000,79,,,
participant_24,4,day,Town10HD_Opt,2026-03-17 17:46:06.285104,100.61185455322266,-45.66951370239258,0.0020368576515465,49.433,-4.374,0.897,0.0,0,0,1,,1.0,2026-03-17T17:46:06.285104,neutral,1.0,2026-03-17T17:46:05.338449,0.43996514147786,2026-03-17T17:46:05.970000,80,,,
participant_24,4,day,Town10HD_Opt,2026-03-17 17:46:07.191018,95.3285903930664,-52.62657165527344,0.0020172882359474,50.152,-6.417,1.0,0.0,0,0,1,,0.836,2026-03-17T17:46:07.191018,neutral,1.0,2026-03-17T17:46:05.338449,0.3791263666961346,2026-03-17T17:46:06.960000,77,,,
participant_24,4,day,Town10HD_Opt,2026-03-17 17:46:08.122193,88.5662612915039,-58.18300247192383,0.0020494079217314,50.202,-6.028,0.924,0.0,0,0,1,,1.0,2026-03-17T17:46:08.122193,neutral,0.998,2026-03-17T17:46:08.122193,0.3440053170523563,2026-03-17T17:46:08.041000,78,,,
participant_24,4,day,Town10HD_Opt,2026-03-17 17:46:09.338025,77.790283203125,-62.66482162475586,0.0018459319835528,52.132,-4.32,0.0,0.213,0,0,1,,1.0,2026-03-17T17:46:09.338025,neutral,0.998,2026-03-17T17:46:08.122193,0.3920842597428026,2026-03-17T17:46:09.120000,79,,,
participant_24,4,day,Town10HD_Opt,2026-03-17 17:46:10.344786,69.11882781982422,-64.16545104980469,0.0018824386643245,52.138,-2.292,0.0,0.214,0,0,1,,1.0,2026-03-17T17:46:10.344786,neutral,1.0,2026-03-17T17:46:10.344786,0.3935304112955978,2026-03-17T17:46:09.930000,80,,,
participant_24,4,day,Town10HD_Opt,2026-03-17 17:46:11.294267,60.37164306640625,-64.75334167480469,0.0019330214709043,51.371,-0.933,0.0,0.137,0,0,1,,1.0,2026-03-17T17:46:11.294267,neutral,1.0,2026-03-17T17:46:10.344786,0.3918504450379246,2026-03-17T17:46:10.966000,79,,,
participant_24,4,day,Town10HD_Opt,2026-03-17 17:46:12.261201,51.66474151611328,-64.90290069580078,0.001975402701646,50.178,-0.884,0.687,0.0,0,0,1,,1.0,2026-03-17T17:46:12.261201,neutral,1.0,2026-03-17T17:46:10.344786,0.4245921797001172,2026-03-17T17:46:12.135000,77,,,
participant_24,4,day,Town10HD_Opt,2026-03-17 17:46:13.201449,43.0008544921875,-64.8013916015625,0.0021135329734534,48.118,0.721,0.481,0.0,0,0,1,,1.0,2026-03-17T17:46:13.201449,neutral,1.0,2026-03-17T17:46:13.201449,0.3987880246521779,2026-03-17T17:46:13.035000,80,,,
participant_24,4,day,Town10HD_Opt,2026-03-17 17:46:14.185667,34.66073226928711,-64.77985382080078,0.0020869825966656,46.998,-0.458,0.428,0.0,0,0,1,,1.0,2026-03-17T17:46:14.185667,neutral,1.0,2026-03-17T17:46:13.201449,0.4163434664081499,2026-03-17T17:46:13.936000,79,,,
participant_24,4,day,Town10HD_Opt,2026-03-17 17:46:15.098901,26.562049865722656,-64.67530059814453,0.0020995712839066,45.28,0.045,0.314,0.0,0,0,1,,1.0,2026-03-17T17:46:15.098901,neutral,1.0,2026-03-17T17:46:13.201449,0.4616106572439794,2026-03-17T17:46:15.015000,79,,,
participant_24,4,day,Town10HD_Opt,2026-03-17 17:46:16.096073,19.2591495513916,-64.56745147705078,0.0023461531382054,36.518,0.247,0.0,0.0,0,0,1,,1.0,2026-03-17T17:46:16.096073,neutral,1.0,2026-03-17T17:46:16.096073,0.3206495204853043,2026-03-17T17:46:16.095000,77,,,
participant_24,4,day,Town10HD_Opt,2026-03-17 17:46:17.069098,13.548672676086426,-64.51602172851562,0.0023064422421157,28.214,0.315,0.0,0.0,0,0,1,,1.0,2026-03-17T17:46:17.069098,neutral,1.0,2026-03-17T17:46:16.096073,0.3253149710942524,2026-03-17T17:46:16.951000,79,,,
participant_24,4,day,Town10HD_Opt,2026-03-17 17:46:18.290106,7.965943336486816,-64.51158905029297,0.0022481156047433,19.361,-0.146,0.0,0.0,0,0,1,,1.0,2026-03-17T17:46:18.290106,neutral,1.0,2026-03-17T17:46:18.290106,0.3111698706684372,2026-03-17T17:46:17.941000,77,,,
participant_24,4,day,Town10HD_Opt,2026-03-17 17:46:19.301438,4.781659126281738,-64.50822448730469,0.0020862577948719,18.731,0.092,0.838,0.0,0,0,1,,1.0,2026-03-17T17:46:19.301438,neutral,1.0,2026-03-17T17:46:18.290106,0.3409157272478744,2026-03-17T17:46:19.066000,77,,,
participant_24,4,day,Town10HD_Opt,2026-03-17 17:46:20.258797,0.6344618797302246,-64.52033233642578,0.0016552733723074,30.319,0.289,0.813,0.0,0,0,1,,1.0,2026-03-17T17:46:20.258797,neutral,1.0,2026-03-17T17:46:18.290106,0.2986819377231133,2026-03-17T17:46:20.055000,77,,,
participant_24,4,day,Town10HD_Opt,2026-03-17 17:46:21.220243,-5.016425609588623,-64.56925201416016,0.0021589659154415,30.294,0.176,0.0,0.0,0,0,1,,1.0,2026-03-17T17:46:21.220243,neutral,1.0,2026-03-17T17:46:21.220243,0.22349433075785,2026-03-17T17:46:21.136000,78,,,
participant_24,4,day,Town10HD_Opt,2026-03-17 17:46:22.170905,-9.74074649810791,-64.6325912475586,0.002268829382956,23.128,0.176,0.0,0.0,0,0,1,,1.0,2026-03-17T17:46:22.170905,neutral,1.0,2026-03-17T17:46:21.220243,0.2861117170723062,2026-03-17T17:46:21.991000,78,,,
participant_24,4,day,Town10HD_Opt,2026-03-17 17:46:23.093742,-13.305557250976562,-64.69456481933594,0.0020475005730986,17.508,0.176,0.0,0.0,0,0,1,,1.0,2026-03-17T17:46:23.093742,neutral,1.0,2026-03-17T17:46:21.220243,0.332134537690542,2026-03-17T17:46:23.070000,77,,,
participant_24,4,day,Town10HD_Opt,2026-03-17 17:46:24.306691,-16.810161590576172,-64.76803588867188,0.002036819467321,12.378,0.176,0.0,0.0,0,0,1,,1.0,2026-03-17T17:46:24.306691,neutral,1.0,2026-03-17T17:46:24.306691,0.2713293687576241,2026-03-17T17:46:24.016000,77,,,
participant_24,4,day,Town10HD_Opt,2026-03-17 17:46:25.232973,-18.73851776123047,-64.81364440917969,0.0020099638495594,9.508,0.176,0.0,0.0,0,0,1,,1.0,2026-03-17T17:46:25.232973,neutral,1.0,2026-03-17T17:46:24.306691,0.3072807965707276,2026-03-17T17:46:25.051000,77,,,
participant_24,4,day,Town10HD_Opt,2026-03-17 17:46:26.171288,-20.219215393066406,-64.8511734008789,0.001989021198824,7.194,0.176,0.0,0.0,0,0,1,,1.0,2026-03-17T17:46:26.171288,neutral,1.0,2026-03-17T17:46:24.306691,0.3475222712581387,2026-03-17T17:46:26.086000,76,,,
participant_24,4,day,Town10HD_Opt,2026-03-17 17:46:27.102806,-21.35599899291992,-64.88150787353516,0.0019728087354451,5.605,0.176,0.0,0.0,0,0,1,,1.0,2026-03-17T17:46:27.102806,neutral,0.998,2026-03-17T17:46:27.102806,0.381037367159109,2026-03-17T17:46:27.031000,76,,,
participant_24,4,day,Town10HD_Opt,2026-03-17 17:46:28.245569,-22.471967697143555,-64.91258239746094,0.0019567869603633,3.826,0.176,0.0,0.0,0,0,1,,1.0,2026-03-17T17:46:28.245569,neutral,0.998,2026-03-17T17:46:27.102806,0.3868555104208278,2026-03-17T17:46:27.930000,74,,,
participant_24,4,day,Town10HD_Opt,2026-03-17 17:46:29.195010,-23.08542251586914,-64.9301986694336,0.0019480895716696,3.025,0.176,0.0,0.0,0,0,1,,1.0,2026-03-17T17:46:29.195010,neutral,1.0,2026-03-17T17:46:29.195010,0.3393603834026275,2026-03-17T17:46:29.055000,76,,,
participant_24,4,day,Town10HD_Opt,2026-03-17 17:46:30.120625,-23.556360244750977,-64.94398498535156,0.0019413756672292,2.322,0.176,0.0,0.0,0,0,1,,1.0,2026-03-17T17:46:30.120625,neutral,1.0,2026-03-17T17:46:29.195010,0.436974376932068,2026-03-17T17:46:30.360000,74,,,
participant_24,4,day,Town10HD_Opt,2026-03-17 17:46:31.280784,-24.23341941833496,-64.96398162841797,0.0016004561912268,8.386,0.176,0.952,0.0,0,0,1,,1.0,2026-03-17T17:46:31.280784,neutral,1.0,2026-03-17T17:46:31.280784,0.4389105930909214,2026-03-17T17:46:30.947000,74,,,
participant_24,4,day,Town10HD_Opt,2026-03-17 17:46:32.192457,-26.89924049377441,-65.05355834960938,0.0017271422548219,22.45,0.493,1.0,0.0,0,0,1,,1.0,2026-03-17T17:46:32.192457,neutral,1.0,2026-03-17T17:46:31.280784,0.4636347386001454,2026-03-17T17:46:32.116000,77,,,
participant_24,4,day,Town10HD_Opt,2026-03-17 17:46:33.124834,-32.13074493408203,-65.26644134521484,0.0015123748453333,38.814,0.007,1.0,0.0,0,0,1,,1.0,2026-03-17T17:46:33.124834,neutral,1.0,2026-03-17T17:46:31.280784,0.5039393583606089,2026-03-17T17:46:33.016000,78,,,
participant_24,4,day,Town10HD_Opt,2026-03-17 17:46:34.341260,-43.13551330566406,-65.7388687133789,0.00195690151304,50.653,0.019,0.0,0.124,0,0,1,,1.0,2026-03-17T17:46:34.341260,neutral,0.978,2026-03-17T17:46:34.341260,0.5711447857778771,2026-03-17T17:46:33.961000,78,,,
participant_24,4,day,Town10HD_Opt,2026-03-17 17:46:35.273321,-51.75332260131836,-66.11803436279297,0.0018354033818468,51.77,0.038,0.0,0.177,0,0,1,,1.0,2026-03-17T17:46:35.273321,neutral,0.978,2026-03-17T17:46:34.341260,0.5395129026839742,2026-03-17T17:46:35.029000,77,,,
participant_24,4,day,Town10HD_Opt,2026-03-17 17:46:36.180368,-60.49123001098633,-66.50434875488281,0.0018816374940797,51.775,-0.665,0.0,0.163,0,0,1,,1.0,2026-03-17T17:46:36.180368,neutral,0.978,2026-03-17T17:46:34.341260,0.5409892601669374,2026-03-17T17:46:36.030000,75,,,
participant_24,4,day,Town10HD_Opt,2026-03-17 17:46:37.082441,-69.20122528076172,-66.67586517333984,0.0019321822328493,51.243,-2.791,0.0,0.124,0,0,1,,1.0,2026-03-17T17:46:37.082441,neutral,1.0,2026-03-17T17:46:37.082441,0.6250008718722664,2026-03-17T17:46:37.291000,77,,,
participant_24,4,day,Town10HD_Opt,2026-03-17 17:46:38.340750,-80.83402252197266,-65.24861907958984,0.001958503620699,50.756,-7.047,0.0,0.0,0,0,1,,1.0,2026-03-17T17:46:38.340750,neutral,1.0,2026-03-17T17:46:37.082441,0.5467668734045381,2026-03-17T17:46:38.011000,78,,,
participant_24,4,day,Town10HD_Opt,2026-03-17 17:46:39.314119,-88.8005142211914,-61.76890182495117,0.0019271849887445,50.932,-6.128,0.0,0.0,0,0,1,,1.0,2026-03-17T17:46:39.314119,neutral,0.999,2026-03-17T17:46:39.314119,0.6376588043950859,2026-03-17T17:46:38.958000,78,,,
participant_24,4,day,Town10HD_Opt,2026-03-17 17:46:40.220103,-95.6519546508789,-56.438133239746094,0.0018954466795548,51.276,-4.534,0.0,0.128,0,0,1,,1.0,2026-03-17T17:46:40.220103,neutral,0.999,2026-03-17T17:46:39.314119,0.6176902546953301,2026-03-17T17:46:40.126000,79,,,
participant_24,4,day,Town10HD_Opt,2026-03-17 17:46:41.202128,-101.38191223144533,-49.83357238769531,0.0018424605950713,52.31,-4.44,0.0,0.235,0,0,1,,1.0,2026-03-17T17:46:41.202128,neutral,0.999,2026-03-17T17:46:39.314119,0.6225903008560814,2026-03-17T17:46:40.984000,78,,,
participant_24,4,day,Town10HD_Opt,2026-03-17 17:46:42.190305,-105.7894515991211,-42.29572677612305,0.0019019698956981,51.782,-4.627,0.0,0.131,0,0,1,,1.0,2026-03-17T17:46:42.190305,neutral,0.999,2026-03-17T17:46:42.190305,0.5886955854679362,2026-03-17T17:46:41.970000,77,,,
participant_24,4,day,Town10HD_Opt,2026-03-17 17:46:43.137334,-108.73416137695312,-34.06269836425781,0.002005310030654,50.32,-3.877,0.719,0.0,0,0,1,,1.0,2026-03-17T17:46:43.137334,neutral,0.999,2026-03-17T17:46:42.190305,0.5677583342988823,2026-03-17T17:46:42.961000,80,,,
participant_24,4,day,Town10HD_Opt,2026-03-17 17:46:44.090138,-110.23794555664062,-25.59561920166016,0.0022782515734434,45.634,-3.745,0.0,0.0,0,0,1,,1.0,2026-03-17T17:46:44.090138,neutral,0.999,2026-03-17T17:46:42.190305,0.6233954862691771,2026-03-17T17:46:44.175000,77,,,
participant_24,4,day,Town10HD_Opt,2026-03-17 17:46:45.349477,-110.51278686523438,-16.681575775146484,0.002395172137767,30.451,1.375,0.0,0.349,0,0,1,,1.0,2026-03-17T17:46:45.349477,neutral,0.997,2026-03-17T17:46:45.349477,0.6486060512061762,2026-03-17T17:46:45.121000,79,,,
participant_24,4,day,Town10HD_Opt,2026-03-17 17:46:46.313045,-110.61014556884766,-12.11060905456543,0.0023356245364993,21.227,-1.093,0.0,0.315,0,0,1,,1.0,2026-03-17T17:46:46.313045,neutral,0.997,2026-03-17T17:46:45.349477,0.6792019645597276,2026-03-17T17:46:46.065000,80,,,
participant_24,4,day,Town10HD_Opt,2026-03-17 17:46:47.272889,-110.64607238769533,-8.946698188781738,0.0020365142263472,15.411,-1.523,0.068,0.0,0,0,1,,1.0,2026-03-17T17:46:47.272889,neutral,0.997,2026-03-17T17:46:45.349477,0.6204654382938416,2026-03-17T17:46:46.962000,82,,,
participant_24,4,day,Town10HD_Opt,2026-03-17 17:46:48.205828,-110.6310806274414,-5.931390762329102,0.001851386972703,22.377,0.625,1.0,0.0,0,0,1,,1.0,2026-03-17T17:46:48.205828,neutral,1.0,2026-03-17T17:46:48.205828,0.5365474096958321,2026-03-17T17:46:48.135000,78,,,
participant_24,4,day,Town10HD_Opt,2026-03-17 17:46:49.218001,-110.67585754394533,-0.7109928131103516,0.0015340042300522,39.152,0.308,0.937,0.0,0,0,1,,1.0,2026-03-17T17:46:49.218001,neutral,1.0,2026-03-17T17:46:48.205828,0.6622735967281252,2026-03-17T17:46:48.947000,80,,,
participant_24,4,day,Town10HD_Opt,2026-03-17 17:46:50.186118,-110.74854278564452,7.001806259155273,0.0016696548555046,49.623,-3.938,0.69,0.0,0,0,1,,1.0,2026-03-17T17:46:50.186118,neutral,1.0,2026-03-17T17:46:48.205828,0.6071653039138805,2026-03-17T17:46:49.981000,83,,,
participant_24,4,day,Town10HD_Opt,2026-03-17 17:46:51.167661,-109.22698211669922,15.373476028442385,0.002376785269007,43.319,-16.955,0.0,0.0,0,0,1,,1.0,2026-03-17T17:46:51.167661,neutral,0.999,2026-03-17T17:46:51.167661,0.6111425542940624,2026-03-17T17:46:51.015000,78,,,
participant_24,4,day,Town10HD_Opt,2026-03-17 17:46:52.254730,-104.9605712890625,20.39014434814453,0.0024018478579819,32.549,-11.646,0.0,0.0,0,0,1,,1.0,2026-03-17T17:46:52.254730,neutral,0.999,2026-03-17T17:46:51.167661,0.6216363626790695,2026-03-17T17:46:51.961000,78,,,
participant_24,4,day,Town10HD_Opt,2026-03-17 17:46:53.324054,-100.14307403564452,22.87206649780273,0.0018829726614058,34.373,-9.938,0.969,0.0,0,0,1,,1.0,2026-03-17T17:46:53.324054,neutral,0.997,2026-03-17T17:46:53.324054,0.6082584124409905,2026-03-17T17:46:53.040000,80,,,
participant_24,4,day,Town10HD_Opt,2026-03-17 17:46:54.087729,-95.83175659179688,23.96560287475586,0.0016860198229551,41.981,-4.735,0.391,0.0,0,0,1,,1.0,2026-03-17T17:46:54.087729,neutral,0.997,2026-03-17T17:46:53.324054,0.6436442810491293,2026-03-17T17:46:53.988000,80,,,
participant_24,4,day,Town10HD_Opt,2026-03-17 17:46:55.121593,-88.337890625,24.97592544555664,0.0017764281947165,47.519,-0.9,1.0,0.0,0,0,1,,1.0,2026-03-17T17:46:55.121593,neutral,0.997,2026-03-17T17:46:53.324054,0.6833807698887696,2026-03-17T17:46:54.976000,81,,,
participant_24,4,day,Town10HD_Opt,2026-03-17 17:46:56.158167,-79.59014892578125,25.77286720275879,0.0021966171916574,48.358,-0.475,0.966,0.0,0,0,1,,1.0,2026-03-17T17:46:56.158167,neutral,0.997,2026-03-17T17:46:56.158167,0.5446219734221709,2026-03-17T17:46:56.371000,83,,,
participant_24,4,day,Town10HD_Opt,2026-03-17 17:46:57.117913,-70.83345794677734,26.37302589416504,0.0021925354376435,48.696,-0.505,1.0,0.0,0,0,1,,1.0,2026-03-17T17:46:57.117913,neutral,0.997,2026-03-17T17:46:56.158167,0.5738402717359349,2026-03-17T17:46:56.371000,80,,,
participant_24,4,day,Town10HD_Opt,2026-03-17 17:46:58.067860,-62.0010871887207,26.79226493835449,0.0021579742897301,49.104,-0.498,0.973,0.0,0,0,1,,1.0,2026-03-17T17:46:58.067860,neutral,0.997,2026-03-17T17:46:56.158167,0.5795515734256622,2026-03-17T17:46:56.371000,81,,,
participant_24,4,day,Town10HD_Opt,2026-03-17 17:46:59.336552,-50.368309020996094,27.058263778686523,0.0021708679851144,48.927,-0.498,0.911,0.0,0,0,1,,1.0,2026-03-17T17:46:59.336552,neutral,0.992,2026-03-17T17:46:59.336552,0.629757153238148,2026-03-17T17:46:56.371000,80,,,
participant_24,4,day,Town10HD_Opt,2026-03-17 17:47:00.332491,-41.59101486206055,27.04767608642578,0.0021500778384506,49.237,-0.026,0.891,0.0,0,0,1,,1.0,2026-03-17T17:47:00.332491,neutral,0.992,2026-03-17T17:46:59.336552,0.6381094974519901,2026-03-17T17:46:56.371000,80,,,
participant_24,4,day,Town10HD_Opt,2026-03-17 17:47:01.283064,-32.7906379699707,26.960336685180664,0.0021534727420657,49.369,0.073,1.0,0.0,0,0,1,,1.0,2026-03-17T17:47:01.283064,neutral,0.992,2026-03-17T17:46:59.336552,0.5802290356626999,2026-03-17T17:46:56.371000,80,,,
participant_24,4,day,Town10HD_Opt,2026-03-17 17:47:02.244396,-23.973886489868164,26.892337799072266,0.0022198485676199,48.334,0.073,0.953,0.0,0,0,1,,1.0,2026-03-17T17:47:02.244396,neutral,1.0,2026-03-17T17:47:02.244396,0.5693228482188306,2026-03-17T17:46:56.371000,80,,,
participant_24,4,day,Town10HD_Opt,2026-03-17 17:47:03.203410,-15.216958999633787,26.84381484985352,0.0022018051240593,48.34,-0.089,0.911,0.0,0,0,1,,1.0,2026-03-17T17:47:03.203410,neutral,1.0,2026-03-17T17:47:02.244396,0.5814791761141668,2026-03-17T17:46:56.371000,81,,,
participant_24,4,day,Town10HD_Opt,2026-03-17 17:47:04.123327,-6.478229999542236,26.771041870117188,0.0021740722004324,48.716,-0.115,0.873,0.0,0,0,1,,1.0,2026-03-17T17:47:04.123327,neutral,1.0,2026-03-17T17:47:02.244396,0.6538948128267997,2026-03-17T17:46:56.371000,79,,,
participant_24,4,day,Town10HD_Opt,2026-03-17 17:47:05.339561,5.065928936004639,26.61075782775879,0.0021589279640465,47.146,-0.136,0.0,0.0,0,0,1,,1.0,2026-03-17T17:47:05.339561,neutral,0.998,2026-03-17T17:47:05.339561,0.6152343844743265,2026-03-17T17:46:56.371000,80,,,
participant_24,4,day,Town10HD_Opt,2026-03-17 17:47:06.259448,12.528103828430176,26.471662521362305,0.0023664855398237,37.075,0.416,0.0,0.016,0,0,1,,1.0,2026-03-17T17:47:06.259448,neutral,0.998,2026-03-17T17:47:05.339561,0.6584568234825798,2026-03-17T17:46:56.371000,81,,,
participant_24,4,day,Town10HD_Opt,2026-03-17 17:47:07.181523,18.32229423522949,26.4326171875,0.0023109053727239,28.631,1.434,0.0,0.0,0,0,1,,1.0,2026-03-17T17:47:07.181523,neutral,0.998,2026-03-17T17:47:05.339561,0.5929338471662964,2026-03-17T17:46:56.371000,82,,,
participant_24,4,day,Town10HD_Opt,2026-03-17 17:47:08.123847,22.76409339904785,26.56814384460449,0.0022640989627689,21.708,2.73,0.0,0.0,0,0,1,,1.0,2026-03-17T17:47:08.123847,neutral,1.0,2026-03-17T17:47:08.123847,0.6402639692412706,2026-03-17T17:46:56.371000,81,,,
participant_24,4,day,Town10HD_Opt,2026-03-17 17:47:09.178155,26.09993553161621,26.867387771606445,0.0019668578170239,16.59,3.947,0.007,0.0,0,0,1,,1.0,2026-03-17T17:47:09.178155,neutral,1.0,2026-03-17T17:47:08.123847,0.5284328690229817,2026-03-17T17:46:56.371000,80,,,
participant_24,4,day,Town10HD_Opt,2026-03-17 17:47:10.147824,28.664072036743164,27.29550170898437,0.002033157274127,12.97,5.86,0.019,0.0,0,0,1,,1.0,2026-03-17T17:47:10.147824,neutral,0.98,2026-03-17T17:47:10.147824,0.6930962036008996,2026-03-17T17:46:56.371000,81,,,
participant_24,4,day,Town10HD_Opt,2026-03-17 17:47:11.125409,30.643707275390625,27.79496955871582,0.0019955444149672,10.297,6.201,0.04,0.0,0,0,1,,1.0,2026-03-17T17:47:11.125409,neutral,0.98,2026-03-17T17:47:10.147824,0.5948162700903378,2026-03-17T17:46:56.371000,82,,,
participant_24,4,day,Town10HD_Opt,2026-03-17 17:47:12.354044,33.026329040527344,28.61351585388184,0.0017991255735978,13.091,8.904,0.318,0.0,0,0,1,,1.0,2026-03-17T17:47:12.354044,neutral,0.999,2026-03-17T17:47:12.354044,0.6365613594407411,2026-03-17T17:46:56.371000,82,,,
participant_24,4,day,Town10HD_Opt,2026-03-17 17:47:13.136344,34.5289421081543,29.355932235717773,0.0017319869948551,17.186,15.62,0.829,0.0,0,0,1,,1.0,2026-03-17T17:47:13.136344,neutral,0.999,2026-03-17T17:47:12.354044,0.5389380521851793,2026-03-17T17:46:56.371000,81,,,
participant_24,4,day,Town10HD_Opt,2026-03-17 17:47:14.115299,37.361141204833984,31.78276824951172,0.0017670821398496,26.946,21.603,0.783,0.0,0,0,1,,1.0,2026-03-17T17:47:14.115299,neutral,0.999,2026-03-17T17:47:12.354044,0.6432997003074346,2026-03-17T17:46:56.371000,83,,,
participant_24,4,day,Town10HD_Opt,2026-03-17 17:47:15.132631,39.59666442871094,36.595340728759766,0.0018663787050172,34.332,15.009,0.514,0.0,0,0,1,,1.0,2026-03-17T17:47:15.132631,neutral,0.998,2026-03-17T17:47:15.132631,0.5843629337985735,2026-03-17T17:46:56.371000,81,,,
participant_24,4,day,Town10HD_Opt,2026-03-17 17:47:16.169671,40.11050796508789,42.49152374267578,0.0022175216581672,31.006,1.055,0.0,0.0,0,0,1,,1.0,2026-03-17T17:47:16.169671,neutral,0.998,2026-03-17T17:47:15.132631,0.5962489078872001,2026-03-17T17:46:56.371000,80,,,
participant_24,4,day,Town10HD_Opt,2026-03-17 17:47:17.135217,40.25371170043945,47.24370956420898,0.0023274230770766,22.35,0.139,0.0,0.333,0,0,1,,1.0,2026-03-17T17:47:17.135217,neutral,0.998,2026-03-17T17:47:17.135217,0.5816574881897509,2026-03-17T17:46:56.371000,81,,,
participant_24,4,day,Town10HD_Opt,2026-03-17 17:47:18.336642,40.357513427734375,51.37265396118164,0.0020992278587073,13.112,1.137,0.0,0.301,0,0,1,,1.0,2026-03-17T17:47:18.336642,neutral,0.998,2026-03-17T17:47:17.135217,0.6454446159585567,2026-03-17T17:46:56.371000,81,,,
participant_24,4,day,Town10HD_Opt,2026-03-17 17:47:19.304921,40.36910629272461,53.25727844238281,0.0020442199893295,8.706,0.757,0.0,0.0,0,0,1,,1.0,2026-03-17T17:47:19.304921,neutral,0.999,2026-03-17T17:47:19.304921,0.5779664590088702,2026-03-17T17:46:56.371000,82,,,
participant_24,4,day,Town10HD_Opt,2026-03-17 17:47:20.257557,40.38556671142578,55.03256607055664,0.001574287423864,15.93,-2.6,0.985,0.0,0,0,1,,1.0,2026-03-17T17:47:20.257557,neutral,0.999,2026-03-17T17:47:19.304921,0.627674347971687,2026-03-17T17:46:56.371000,82,,,
participant_24,4,day,Town10HD_Opt,2026-03-17 17:47:21.159849,40.66976547241211,58.83203125,0.0016096878098323,29.2,-8.105,0.902,0.0,0,0,1,,1.0,2026-03-17T17:47:21.159849,neutral,0.999,2026-03-17T17:47:19.304921,0.6387578367969331,2026-03-17T17:46:56.371000,79,,,
participant_24,4,day,Town10HD_Opt,2026-03-17 17:47:22.360494,44.0521240234375,66.48189544677734,0.0017734909197315,43.323,-19.467,0.84,0.0,0,0,1,,1.0,2026-03-17T17:47:22.360494,neutral,1.0,2026-03-17T17:47:22.360494,0.6012893405685878,2026-03-17T17:46:56.371000,83,,,
participant_24,4,day,Town10HD_Opt,2026-03-17 17:47:23.255058,51.13447189331055,70.1923599243164,0.0018754195189103,49.505,-15.233,0.713,0.0,0,0,1,,1.0,2026-03-17T17:47:23.255058,neutral,1.0,2026-03-17T17:47:22.360494,0.5674671488557826,2026-03-17T17:46:56.371000,80,,,
participant_24,4,day,Town10HD_Opt,2026-03-17 17:47:24.177880,59.7900505065918,69.76881408691406,0.0021090316586196,48.741,2.633,0.421,0.0,0,0,1,,1.0,2026-03-17T17:47:24.177880,neutral,1.0,2026-03-17T17:47:22.360494,0.6320600083056925,2026-03-17T17:46:56.371000,82,,,errors=Solid line crossing
participant_24,4,day,Town10HD_Opt,2026-03-17 17:47:25.084796,67.96259307861328,68.83442687988281,0.0022935485467314,42.788,4.806,0.0,0.0,0,0,1,,1.0,2026-03-17T17:47:25.084796,neutral,0.996,2026-03-17T17:47:25.084796,0.6953305683147992,2026-03-17T17:46:56.371000,82,,,
participant_24,4,day,Town10HD_Opt,2026-03-17 17:47:26.364691,76.33854675292969,69.24562072753906,0.0023743438068777,28.538,-0.233,0.0,0.3,0,0,1,,1.0,2026-03-17T17:47:26.364691,neutral,0.996,2026-03-17T17:47:25.084796,0.6186781228523386,2026-03-17T17:46:56.371000,81,,,
participant_24,4,day,Town10HD_Opt,2026-03-17 17:47:27.285498,80.602294921875,69.63390350341797,0.0023188018240034,19.413,-1.102,0.0,0.316,0,0,1,,1.0,2026-03-17T17:47:27.285498,neutral,1.0,2026-03-17T17:47:27.285498,0.6723715038054798,2026-03-17T17:46:56.371000,81,,,
participant_24,4,day,Town10HD_Opt,2026-03-17 17:47:28.153325,83.50094604492188,69.8376235961914,0.0021133422851562,12.549,-0.618,0.0,0.44,0,0,1,,1.0,2026-03-17T17:47:28.153325,neutral,1.0,2026-03-17T17:47:27.285498,0.5906246429611968,2026-03-17T17:46:56.371000,79,,,
participant_24,4,day,Town10HD_Opt,2026-03-17 17:47:29.074827,85.26222229003906,69.94859313964844,0.0021187209058552,6.713,-0.468,0.0,0.556,0,0,1,,1.0,2026-03-17T17:47:29.074827,neutral,1.0,2026-03-17T17:47:27.285498,0.6045436112961511,2026-03-17T17:46:56.371000,80,,,
participant_24,4,day,Town10HD_Opt,2026-03-17 17:47:30.249212,85.51071166992188,69.9636459350586,0.0019449614919722,0.0,-0.233,0.0,0.465,0,0,1,,1.0,2026-03-17T17:47:30.249212,neutral,1.0,2026-03-17T17:47:30.249212,0.6304156201584887,2026-03-17T17:46:56.371000,80,,,
participant_24,4,day,Town10HD_Opt,2026-03-17 17:47:31.123378,85.5107421875,69.9636459350586,0.0019202422117814,0.0,2.21,0.0,0.0,0,0,1,,1.0,2026-03-17T17:47:31.123378,neutral,1.0,2026-03-17T17:47:30.249212,0.5705332261462959,2026-03-17T17:46:56.371000,80,,,
participant_24,4,day,Town10HD_Opt,2026-03-17 17:47:32.286755,85.58978271484375,69.97441101074219,0.0019017410231754,0.905,9.507,0.874,0.0,0,0,1,,1.0,2026-03-17T17:47:32.286755,neutral,1.0,2026-03-17T17:47:32.286755,0.6380547711078256,2026-03-17T17:46:56.371000,81,,,
participant_24,4,day,Town10HD_Opt,2026-03-17 17:47:33.165636,86.89723205566406,70.20716857910156,0.0014053344493731,16.385,10.478,1.0,0.0,0,0,1,,1.0,2026-03-17T17:47:33.165636,neutral,1.0,2026-03-17T17:47:32.286755,0.598595738843006,2026-03-17T17:46:56.371000,81,,,
participant_24,4,day,Town10HD_Opt,2026-03-17 17:47:34.361383,92.37348175048828,72.1802749633789,0.0015481949085369,35.763,13.355,0.941,0.0,0,0,1,,1.0,2026-03-17T17:47:34.361383,neutral,0.998,2026-03-17T17:47:34.361383,0.5745894819801314,2026-03-17T17:46:56.371000,82,,,
participant_24,4,day,Town10HD_Opt,2026-03-17 17:47:35.284743,97.56658172607422,77.01618957519531,0.0017073821509256,46.938,18.503,0.915,0.0,0,0,1,,1.0,2026-03-17T17:47:35.284743,neutral,0.998,2026-03-17T17:47:34.361383,0.5918716108098067,2026-03-17T17:46:56.371000,80,,,
participant_24,4,day,Town10HD_Opt,2026-03-17 17:47:36.182818,99.52678680419922,85.37451171875,0.0021231842692941,48.843,4.584,0.909,0.0,0,0,1,,1.0,2026-03-17T17:47:36.182818,neutral,0.998,2026-03-17T17:47:34.361383,0.6429504389469994,2026-03-17T17:46:56.371000,81,,,
participant_24,4,day,Town10HD_Opt,2026-03-17 17:47:37.107577,98.81839752197266,94.1551284790039,0.0021760177332907,48.651,-1.034,0.894,0.0,0,0,1,,1.0,2026-03-17T17:47:37.107577,neutral,1.0,2026-03-17T17:47:37.107577,0.6534498882434067,2026-03-17T17:46:56.371000,83,,,
participant_24,4,day,Town10HD_Opt,2026-03-17 17:47:38.353897,97.17131805419922,105.58499145507812,0.0021327589638531,48.828,6.663,0.984,0.0,0,0,1,,1.0,2026-03-17T17:47:38.353897,neutral,1.0,2026-03-17T17:47:37.107577,0.627848743465471,2026-03-17T17:46:56.371000,82,,,
participant_24,4,day,Town10HD_Opt,2026-03-17 17:47:39.252173,93.4603042602539,113.53990173339844,0.0022620009258389,47.444,4.291,1.0,0.0,0,0,1,,1.0,2026-03-17T17:47:39.252173,neutral,0.997,2026-03-17T17:47:39.252173,0.6385729606188977,2026-03-17T17:46:56.371000,81,,,
participant_24,4,day,Town10HD_Opt,2026-03-17 17:47:40.203052,88.24812316894531,120.56871795654295,0.0021535491105169,48.795,6.462,0.981,0.0,0,0,1,,1.0,2026-03-17T17:47:40.203052,neutral,0.997,2026-03-17T17:47:39.252173,0.6518822781786916,2026-03-17T17:46:56.371000,81,,,
participant_24,4,day,Town10HD_Opt,2026-03-17 17:47:41.069015,81.49916076660156,126.1270751953125,0.002000655978918,51.233,7.368,0.0,0.123,0,0,1,,1.0,2026-03-17T17:47:41.069015,neutral,0.997,2026-03-17T17:47:39.252173,0.6209704081975068,2026-03-17T17:46:56.371000,79,,,
participant_24,4,day,Town10HD_Opt,2026-03-17 17:47:42.255555,70.70674133300781,130.50965881347656,0.0021881102584302,48.762,4.551,1.0,0.0,0,0,1,,1.0,2026-03-17T17:47:42.255555,neutral,0.897,2026-03-17T17:47:42.255555,0.5528581327487287,2026-03-17T17:46:56.371000,79,,,
participant_24,4,day,Town10HD_Opt,2026-03-17 17:47:43.160028,62.0340461730957,131.8818359375,0.0021937561687082,48.573,4.459,1.0,0.0,0,0,1,,1.0,2026-03-17T17:47:43.160028,neutral,0.897,2026-03-17T17:47:42.255555,0.631487884254975,2026-03-17T17:46:56.371000,82,,,
participant_24,4,day,Town10HD_Opt,2026-03-17 17:47:44.346103,50.39864730834961,132.06898498535156,0.002024192828685,50.618,-0.545,1.0,0.0,0,0,1,,1.0,2026-03-17T17:47:44.346103,neutral,0.999,2026-03-17T17:47:44.346103,0.5604308112817733,2026-03-17T17:46:56.371000,80,,,
participant_24,4,day,Town10HD_Opt,2026-03-17 17:47:45.263238,41.60719680786133,132.3148956298828,0.0020244598854333,50.679,0.409,1.0,0.0,0,0,1,,1.0,2026-03-17T17:47:45.263238,neutral,0.999,2026-03-17T17:47:44.346103,0.5186081789963622,2026-03-17T17:46:56.371000,81,,,
participant_24,4,day,Town10HD_Opt,2026-03-17 17:47:46.167646,32.80645751953125,132.43397521972656,0.0020262526813894,50.105,0.414,1.0,0.0,0,0,1,,1.0,2026-03-17T17:47:46.167646,neutral,0.999,2026-03-17T17:47:44.346103,0.618967558302038,2026-03-17T17:46:56.371000,80,,,
participant_24,4,day,Town10HD_Opt,2026-03-17 17:47:47.345789,21.065629959106445,132.3981170654297,0.0019664764404296,50.382,0.052,0.537,0.0,0,0,1,,1.0,2026-03-17T17:47:47.345789,neutral,0.991,2026-03-17T17:47:47.345789,0.6322855030187564,2026-03-17T17:46:56.371000,81,,,
participant_24,4,day,Town10HD_Opt,2026-03-17 17:47:48.233443,12.812353134155272,132.33465576171875,0.0022724531590938,43.17,0.035,0.202,0.0,0,0,1,,1.0,2026-03-17T17:47:48.233443,neutral,0.991,2026-03-17T17:47:47.345789,0.5928201579965282,2026-03-17T17:46:56.371000,81,,,
participant_24,4,day,Town10HD_Opt,2026-03-17 17:47:49.214609,5.908196926116943,132.2705535888672,0.0023387526161968,34.465,0.035,0.0,0.0,0,0,1,,1.0,2026-03-17T17:47:49.214609,neutral,0.991,2026-03-17T17:47:47.345789,0.6709595522031488,2026-03-17T17:46:56.371000,80,,,
participant_24,4,day,Town10HD_Opt,2026-03-17 17:47:50.145111,0.521729052066803,132.21498107910156,0.0022959518246352,26.118,-0.127,0.0,0.0,0,0,1,,1.0,2026-03-17T17:47:50.145111,neutral,0.999,2026-03-17T17:47:50.145111,0.5579635457585809,2026-03-17T17:46:56.371000,82,,,
participant_24,4,day,Town10HD_Opt,2026-03-17 17:47:51.202031,-3.587240219116211,132.18002319335938,0.0022537994664162,19.932,-0.148,0.0,0.0,0,0,1,,1.0,2026-03-17T17:47:51.202031,neutral,0.999,2026-03-17T17:47:50.145111,0.6371502223077667,2026-03-17T17:46:56.371000,79,,,
participant_24,4,day,Town10HD_Opt,2026-03-17 17:47:52.104651,-6.693109512329102,132.16294860839844,0.0020191192161291,15.184,-0.148,0.0,0.0,0,0,1,,1.0,2026-03-17T17:47:52.104651,neutral,0.999,2026-03-17T17:47:50.145111,0.6130525470916413,2026-03-17T17:46:56.371000,81,,,
participant_24,4,day,Town10HD_Opt,2026-03-17 17:47:53.280809,-9.763509750366213,132.15402221679688,0.0020112609490752,11.131,-0.148,0.211,0.0,0,0,1,,1.0,2026-03-17T17:47:53.280809,neutral,0.999,2026-03-17T17:47:53.280809,0.5897729325892727,2026-03-17T17:46:56.371000,77,,,
participant_24,4,day,Town10HD_Opt,2026-03-17 17:47:54.209821,-11.837188720703123,132.15234375,0.0018350600730627,13.315,-0.148,0.336,0.0,0,0,1,,1.0,2026-03-17T17:47:54.209821,neutral,0.999,2026-03-17T17:47:53.280809,0.6282057727746092,2026-03-17T17:46:56.371000,81,,,
participant_24,4,day,Town10HD_Opt,2026-03-17 17:47:55.090489,-14.24028491973877,132.15463256835938,0.0019350051879882,13.87,-0.157,0.925,0.0,0,0,1,,1.0,2026-03-17T17:47:55.090489,neutral,0.999,2026-03-17T17:47:53.280809,0.6095181261694776,2026-03-17T17:46:56.371000,81,,,
participant_24,4,day,Town10HD_Opt,2026-03-17 17:47:56.341147,-19.24937629699707,132.17257690429688,0.0015208434779196,32.334,-0.045,0.999,0.0,0,0,1,,1.0,2026-03-17T17:47:56.341147,neutral,0.998,2026-03-17T17:47:56.341147,0.6347146648125738,2026-03-17T17:46:56.371000,81,,,
participant_24,4,day,Town10HD_Opt,2026-03-17 17:47:57.323081,-26.074317932128903,131.8970489501953,0.0015889739152044,46.551,9.114,0.946,0.0,0,0,1,,1.0,2026-03-17T17:47:57.323081,neutral,0.998,2026-03-17T17:47:56.341147,0.6197535276884654,2026-03-17T17:46:56.371000,82,,,
participant_24,4,day,Town10HD_Opt,2026-03-17 17:47:58.301082,-34.2855110168457,129.2187957763672,0.0021779250819236,47.918,12.263,0.934,0.0,0,0,1,,1.0,2026-03-17T17:47:58.301082,neutral,0.998,2026-03-17T17:47:56.341147,0.6291083710780848,2026-03-17T17:46:56.371000,80,,,
participant_24,4,day,Town10HD_Opt,2026-03-17 17:47:59.226400,-40.41938781738281,123.18502044677734,0.0021065901964902,48.832,15.226,0.927,0.0,0,0,1,,1.0,2026-03-17T17:47:59.226400,neutral,0.996,2026-03-17T17:47:59.226400,0.6075817015226238,2026-03-17T17:46:56.371000,80,,,
participant_24,4,day,Town10HD_Opt,2026-03-17 17:48:00.221920,-42.64129257202149,114.91600036621094,0.0019319152925163,50.946,4.893,0.0,0.0,0,0,1,,1.0,2026-03-17T17:48:00.221920,neutral,0.996,2026-03-17T17:47:59.226400,0.5847124233626192,2026-03-17T17:46:56.371000,83,,,
participant_24,4,day,Town10HD_Opt,2026-03-17 17:48:01.193613,-42.49617004394531,106.26333618164062,0.0019896316807717,49.983,-2.546,0.528,0.0,0,0,1,,1.0,2026-03-17T17:48:01.193613,neutral,0.996,2026-03-17T17:47:59.226400,0.5823029041944046,2026-03-17T17:46:56.371000,80,,,
participant_24,4,day,Town10HD_Opt,2026-03-17 17:48:02.112354,-42.93846130371094,97.71207427978516,0.0023022459354251,44.575,-0.938,0.0,0.0,0,0,1,,1.0,2026-03-17T17:48:02.112354,neutral,0.998,2026-03-17T17:48:02.112354,0.6387802925978778,2026-03-17T17:48:01.945000,84,,,
participant_24,4,day,Town10HD_Opt,2026-03-17 17:48:03.088489,-43.58164596557617,90.7632827758789,0.0023274230770766,35.154,0.106,0.227,0.0,0,0,1,,1.0,2026-03-17T17:48:03.088489,neutral,0.998,2026-03-17T17:48:02.112354,0.5747364623403579,2026-03-17T17:48:02.979000,83,,,
participant_24,4,day,Town10HD_Opt,2026-03-17 17:48:04.321650,-43.86634826660156,82.93024444580078,0.0020009230356663,34.337,8.625,0.687,0.0,0,0,1,,1.0,2026-03-17T17:48:04.321650,neutral,0.99,2026-03-17T17:48:04.321650,0.6854468988750391,2026-03-17T17:48:03.969000,83,,,
participant_24,4,day,Town10HD_Opt,2026-03-17 17:48:05.284728,-42.31128692626953,76.57042694091797,0.0017763137584552,42.787,14.256,0.814,0.0,0,0,1,,1.0,2026-03-17T17:48:05.284728,neutral,0.99,2026-03-17T17:48:04.321650,0.6563804535906632,2026-03-17T17:48:05.009000,84,,,
participant_24,4,day,Town10HD_Opt,2026-03-17 17:48:06.306936,-37.34165573120117,70.54632568359375,0.0018877410329878,48.052,21.017,0.675,0.0,0,0,1,,1.0,2026-03-17T17:48:06.306936,neutral,0.99,2026-03-17T17:48:04.321650,0.6518607620182819,2026-03-17T17:48:05.994000,82,,,
participant_24,4,day,Town10HD_Opt,2026-03-17 17:48:07.342373,-29.38672065734864,68.94956970214844,0.0021106719505041,46.256,6.319,0.42,0.0,0,0,1,,1.0,2026-03-17T17:48:07.342373,neutral,0.989,2026-03-17T17:48:07.342373,0.6646729674349202,2026-03-17T17:48:06.984000,83,,,
participant_24,4,day,Town10HD_Opt,2026-03-17 17:48:08.314884,-21.54085350036621,70.1377944946289,0.0021474456880241,43.544,-4.841,0.261,0.0,0,0,1,,1.0,2026-03-17T17:48:08.314884,neutral,0.989,2026-03-17T17:48:07.342373,0.6700931190985664,2026-03-17T17:48:08.289000,81,,,errors=Solid line crossing
participant_24,4,day,Town10HD_Opt,2026-03-17 17:48:09.299603,-14.296746253967283,70.46414947509766,0.0021852874197065,38.809,-1.775,0.263,0.0,0,0,1,,1.0,2026-03-17T17:48:09.299603,neutral,0.989,2026-03-17T17:48:07.342373,0.6060980226522764,2026-03-17T17:48:09.099000,80,Solid line crossing,Solid line crossing,
participant_24,4,day,Town10HD_Opt,2026-03-17 17:48:10.289268,-7.751583099365234,70.337158203125,0.0021038055419921,36.52,-0.604,0.541,0.0,0,0,1,,1.0,2026-03-17T17:48:10.289268,neutral,1.0,2026-03-17T17:48:10.289268,0.6404922122221582,2026-03-17T17:48:10,81,,,
participant_24,4,day,Town10HD_Opt,2026-03-17 17:48:11.213842,-1.188324213027954,70.01615142822266,0.0019756315741688,38.73,0.653,0.499,0.0,0,0,1,,1.0,2026-03-17T17:48:11.213842,neutral,1.0,2026-03-17T17:48:10.289268,0.6249800050605783,2026-03-17T17:48:11.079000,81,Stop sign violation,stop_sign_id=1200,
participant_24,4,day,Town10HD_Opt,2026-03-17 17:48:12.179566,5.496570110321045,69.7731704711914,0.0022314072120934,35.089,0.04,0.0,0.0,0,0,1,,1.0,2026-03-17T17:48:12.179566,neutral,1.0,2026-03-17T17:48:10.289268,0.639712398236669,2026-03-17T17:48:12.069000,79,,,
participant_24,4,day,Town10HD_Opt,2026-03-17 17:48:13.144370,10.978073120117188,69.5953598022461,0.0022961043287068,27.053,0.75,0.0,0.0,0,0,1,,1.0,2026-03-17T17:48:13.144370,neutral,0.998,2026-03-17T17:48:13.144370,0.6390594733202938,2026-03-17T17:48:13.149000,79,,,
participant_24,4,day,Town10HD_Opt,2026-03-17 17:48:14.110177,15.16344165802002,69.53824615478516,0.0022607040591537,19.932,0.646,0.0,0.052,0,0,1,,1.0,2026-03-17T17:48:14.110177,neutral,0.998,2026-03-17T17:48:13.144370,0.5970449655544224,2026-03-17T17:48:14.049000,81,,,
participant_24,4,day,Town10HD_Opt,2026-03-17 17:48:15.074220,18.28743934631348,69.53801727294922,0.0020268631633371,14.995,0.646,0.0,0.072,0,0,1,,1.0,2026-03-17T17:48:15.074220,neutral,0.998,2026-03-17T17:48:13.144370,0.6697023884743908,2026-03-17T17:48:14.995000,80,,,
participant_24,4,day,Town10HD_Opt,2026-03-17 17:48:16.343512,21.260501861572266,69.57035827636719,0.0020327377133071,10.192,0.62,0.0,0.037,0,0,1,,1.0,2026-03-17T17:48:16.343512,neutral,0.979,2026-03-17T17:48:16.343512,0.6015520099777941,2026-03-17T17:48:16.029000,80,,,
participant_24,4,day,Town10HD_Opt,2026-03-17 17:48:17.348862,22.80422592163086,69.59928894042969,0.0020133589860051,7.259,0.618,0.0,0.044,0,0,1,,1.0,2026-03-17T17:48:17.348862,neutral,0.979,2026-03-17T17:48:16.343512,0.6707078144067726,2026-03-17T17:48:17.023000,79,,,
participant_24,4,day,Town10HD_Opt,2026-03-17 17:48:18.333993,23.812973022460938,69.62203979492188,0.0022953413426876,0.0,0.618,0.0,0.04,0,0,1,,1.0,2026-03-17T17:48:18.333993,neutral,0.979,2026-03-17T17:48:16.343512,0.6017165388315814,2026-03-17T17:48:18.144000,79,,,
participant_24,4,day,Town10HD_Opt,2026-03-17 17:48:19.366951,23.818639755249023,69.62217712402344,0.0019294356461614,0.605,0.618,0.657,0.0,0,0,1,,1.0,2026-03-17T17:48:19.366951,neutral,0.998,2026-03-17T17:48:19.366951,0.6769541552386977,2026-03-17T17:48:19.181000,80,,,
participant_24,4,day,Town10HD_Opt,2026-03-17 17:48:20.272767,24.733428955078125,69.6476821899414,0.0015630340203642,11.236,0.618,0.632,0.0,0,0,1,,1.0,2026-03-17T17:48:20.272767,neutral,0.998,2026-03-17T17:48:19.366951,0.6489914873255471,2026-03-17T17:48:19.993000,79,,,
participant_24,4,day,Town10HD_Opt,2026-03-17 17:48:21.218574,27.186248779296875,69.71173095703125,0.0017878722865134,16.127,-2.41,0.373,0.0,0,0,1,,1.0,2026-03-17T17:48:21.218574,neutral,0.998,2026-03-17T17:48:19.366951,0.7336459960192726,2026-03-17T17:48:20.980000,79,,,
participant_24,4,day,Town10HD_Opt,2026-03-17 17:48:22.174437,30.191869735717773,69.56603240966797,0.002067451365292,18.286,-7.813,0.355,0.0,0,0,1,,1.0,2026-03-17T17:48:22.174437,neutral,0.99,2026-03-17T17:48:22.174437,0.7600210497786707,2026-03-17T17:48:21.973000,77,,,
participant_24,4,day,Town10HD_Opt,2026-03-17 17:48:23.122075,33.3543815612793,68.9903564453125,0.0019603348337113,20.379,-8.942,0.986,0.0,0,0,1,,1.0,2026-03-17T17:48:23.122075,neutral,0.99,2026-03-17T17:48:22.174437,0.8460814816678818,2026-03-17T17:48:23.005000,77,,,
participant_24,4,day,Town10HD_Opt,2026-03-17 17:48:24.321090,39.64154815673828,66.03275299072266,0.0015821075066924,40.813,-16.637,0.99,0.0,0,0,1,,1.0,2026-03-17T17:48:24.321090,neutral,0.988,2026-03-17T17:48:24.321090,0.8424569970994895,2026-03-17T17:48:23.950000,79,,,
participant_24,4,day,Town10HD_Opt,2026-03-17 17:48:25.266138,44.44182205200195,59.57305908203125,0.0014985656598582,51.213,-12.468,0.0,0.126,0,0,1,,1.0,2026-03-17T17:48:25.266138,neutral,0.988,2026-03-17T17:48:24.321090,0.8181527698368887,2026-03-17T17:48:25.014000,78,,,errors=Vehicle-pedestrian collision
participant_24,4,day,Town10HD_Opt,2026-03-17 17:48:26.163385,45.89402389526367,51.49143600463867,0.0023434448521584,41.377,-4.879,0.0,0.222,0,0,1,,1.0,2026-03-17T17:48:26.163385,neutral,0.988,2026-03-17T17:48:24.321090,0.8442359247997964,2026-03-17T17:48:26.019000,77,,,
participant_24,4,day,Town10HD_Opt,2026-03-17 17:48:27.328998,45.27631759643555,43.40645599365234,0.0023227690253406,28.358,3.16,0.0,0.0,0,0,1,,1.0,2026-03-17T17:48:27.328998,neutral,1.0,2026-03-17T17:48:27.328998,0.8688870181504371,2026-03-17T17:48:27.055000,74,,,
participant_24,4,day,Town10HD_Opt,2026-03-17 17:48:28.207274,45.17548370361328,38.85730743408203,0.0021012497600167,25.082,5.652,0.453,0.0,0,0,1,,1.0,2026-03-17T17:48:28.207274,neutral,1.0,2026-03-17T17:48:27.328998,0.8829752260921715,2026-03-17T17:48:27.954000,78,,,
participant_24,4,day,Town10HD_Opt,2026-03-17 17:48:29.130517,45.9063720703125,34.4398078918457,0.0020470046438276,26.11,19.712,0.415,0.0,0,0,1,,1.0,2026-03-17T17:48:29.130517,neutral,1.0,2026-03-17T17:48:27.328998,0.7915750712625104,2026-03-17T17:48:29.034000,76,,,
participant_24,4,day,Town10HD_Opt,2026-03-17 17:48:30.073227,48.42112350463867,30.663291931152344,0.0020793532021343,26.651,22.686,0.519,0.0,0,0,1,,1.0,2026-03-17T17:48:30.073227,neutral,0.989,2026-03-17T17:48:30.073227,0.686532318187323,2026-03-17T17:48:29.979000,79,,,
participant_24,4,day,Town10HD_Opt,2026-03-17 17:48:31.294516,54.30816268920898,27.58519554138184,0.0019444655627012,31.242,6.419,0.51,0.0,0,0,1,,1.0,2026-03-17T17:48:31.294516,neutral,0.989,2026-03-17T17:48:30.073227,0.7230070302662143,2026-03-17T17:48:31.014000,76,,,
participant_24,4,day,Town10HD_Opt,2026-03-17 17:48:32.173312,59.76647186279297,26.18627166748047,0.0019843291956931,33.484,6.884,0.681,0.0,0,0,1,,1.0,2026-03-17T17:48:32.173312,neutral,0.987,2026-03-17T17:48:32.173312,0.727046784257294,2026-03-17T17:48:31.959000,79,,,
participant_24,4,day,Town10HD_Opt,2026-03-17 17:48:33.086459,66.45782470703125,25.662960052490234,0.0016012954292818,45.943,3.648,0.967,0.0,0,0,1,,1.0,2026-03-17T17:48:33.086459,neutral,0.987,2026-03-17T17:48:32.173312,0.7129374043270249,2026-03-17T17:48:32.949000,79,,,
participant_24,4,day,Town10HD_Opt,2026-03-17 17:48:34.240081,78.00995635986328,26.05387306213379,0.002093200571835,49.284,-0.357,0.796,0.0,0,0,1,,1.0,2026-03-17T17:48:34.240081,neutral,0.998,2026-03-17T17:48:34.240081,0.7540210329510603,2026-03-17T17:48:33.982000,78,,,
participant_24,4,day,Town10HD_Opt,2026-03-17 17:48:35.122647,86.76494598388672,26.33601951599121,0.0040339659899473,48.512,-4.393,0.509,0.0,0,0,1,,1.0,2026-03-17T17:48:35.122647,neutral,0.998,2026-03-17T17:48:34.240081,0.7338576091569163,2026-03-17T17:48:35.110000,80,,,
participant_24,4,day,Town10HD_Opt,2026-03-17 17:48:36.291215,97.42963409423828,23.89350700378418,0.0021292113233357,46.021,-16.381,0.465,0.0,0,0,1,,1.0,2026-03-17T17:48:36.291215,neutral,1.0,2026-03-17T17:48:36.291215,0.8053073892590032,2026-03-17T17:48:35.964000,80,,,
participant_24,4,day,Town10HD_Opt,2026-03-17 17:48:37.219549,102.69915008544922,18.09329605102539,0.0021546555217355,44.344,-6.18,0.321,0.0,0,0,1,,1.0,2026-03-17T17:48:37.219549,neutral,1.0,2026-03-17T17:48:36.291215,0.8649180678779294,2026-03-17T17:48:36.956000,82,,,
participant_24,4,day,Town10HD_Opt,2026-03-17 17:48:38.074398,105.87483215332033,11.3076171875,0.0020714187994599,41.037,-4.171,0.322,0.0,0,0,1,,1.0,2026-03-17T17:48:38.074398,neutral,1.0,2026-03-17T17:48:36.291215,0.99,2026-03-17T17:48:38.125000,80,,,
participant_24,4,day,Town10HD_Opt,2026-03-17 17:48:39.280006,108.43348693847656,2.515019416809082,0.0021270369179546,37.465,-3.412,0.329,0.0,0,0,1,,1.0,2026-03-17T17:48:39.280006,neutral,0.964,2026-03-17T17:48:39.280006,0.99,2026-03-17T17:48:38.979000,84,Solid line crossing,Solid line crossing,
participant_24,4,day,Town10HD_Opt,2026-03-17 17:48:40.153468,109.38117218017578,-3.866060495376587,0.0019956587348133,37.505,-3.664,0.761,0.0,0,0,1,,0.828,2026-03-17T17:48:40.153468,neutral,0.964,2026-03-17T17:48:39.280006,0.99,2026-03-17T17:48:40.374000,79,,,
participant_24,4,day,Town10HD_Opt,2026-03-17 17:48:41.260075,109.48348999023438,-13.81802749633789,0.0017116927774623,51.068,-1.814,0.0,0.107,0,0,1,,1.0,2026-03-17T17:48:41.260075,neutral,0.964,2026-03-17T17:48:39.280006,0.99,2026-03-17T17:48:41.319000,80,,,
participant_24,4,day,Town10HD_Opt,2026-03-17 17:48:42.134771,108.63858032226562,-22.645097732543945,0.0021734619513154,49.107,-1.659,0.99,0.0,0,0,1,,1.0,2026-03-17T17:48:42.134771,neutral,0.998,2026-03-17T17:48:42.134771,0.99,2026-03-17T17:48:41.957000,77,,,
participant_24,4,day,Town10HD_Opt,2026-03-17 17:48:43.259781,106.1808090209961,-33.945220947265625,0.0019665146246552,50.427,-4.615,0.882,0.0,0,0,1,,1.0,2026-03-17T17:48:43.259781,neutral,0.998,2026-03-17T17:48:42.134771,0.99,2026-03-17T17:48:42.985000,80,,,
participant_24,4,day,Town10HD_Opt,2026-03-17 17:48:44.103235,102.67327117919922,-42.06317901611328,0.0021558380685746,49.078,-3.328,0.791,0.0,0,0,1,,1.0,2026-03-17T17:48:44.103235,neutral,0.998,2026-03-17T17:48:42.134771,0.99,2026-03-17T17:48:43.975000,80,,,
participant_24,4,day,Town10HD_Opt,2026-03-17 17:48:45.247742,96.20502471923828,-51.6884651184082,0.0019869613461196,50.504,-6.26,0.758,0.0,0,0,1,,1.0,2026-03-17T17:48:45.247742,neutral,0.983,2026-03-17T17:48:45.247742,0.99,2026-03-17T17:48:45.009000,81,,,
participant_24,4,day,Town10HD_Opt,2026-03-17 17:48:46.121192,89.70213317871094,-57.32406997680664,0.0020846556872129,48.445,-5.879,0.591,0.0,0,0,1,,1.0,2026-03-17T17:48:46.121192,neutral,0.983,2026-03-17T17:48:45.247742,0.99,2026-03-17T17:48:45.955000,79,,,
participant_24,4,day,Town10HD_Opt,2026-03-17 17:48:47.316710,79.353759765625,-62.344970703125,0.002021636813879,50.052,-4.261,0.51,0.0,0,0,1,,1.0,2026-03-17T17:48:47.316710,neutral,0.68,2026-03-17T17:48:47.316710,0.99,2026-03-17T17:48:46.946000,80,,,
participant_24,4,day,Town10HD_Opt,2026-03-17 17:48:48.205457,70.8547592163086,-64.43563842773438,0.0020460509695112,50.045,-4.317,0.497,0.0,0,0,1,,1.0,2026-03-17T17:48:48.205457,neutral,0.68,2026-03-17T17:48:47.316710,0.99,2026-03-17T17:48:47.980000,80,,,
participant_24,4,day,Town10HD_Opt,2026-03-17 17:48:49.091166,62.14619445800781,-65.10042572021484,0.0020481871906667,49.863,-0.696,0.492,0.0,0,0,1,,1.0,2026-03-17T17:48:49.091166,neutral,0.68,2026-03-17T17:48:47.316710,0.99,2026-03-17T17:48:49.060000,77,,,
participant_24,4,day,Town10HD_Opt,2026-03-17 17:48:50.328918,50.54356002807617,-65.33110046386719,0.0020500181708484,49.56,-0.108,0.486,0.0,0,0,1,,1.0,2026-03-17T17:48:50.328918,neutral,0.982,2026-03-17T17:48:50.328918,0.9532912396237848,2026-03-17T17:48:50.095000,78,,,
participant_24,4,day,Town10HD_Opt,2026-03-17 17:48:51.245225,41.89413070678711,-65.54497528076172,0.0020505141001194,49.296,-0.2,0.485,0.0,0,0,1,,1.0,2026-03-17T17:48:51.245225,neutral,0.982,2026-03-17T17:48:50.328918,0.99,2026-03-17T17:48:50.995000,79,,,
participant_24,4,day,Town10HD_Opt,2026-03-17 17:48:52.178224,33.28886032104492,-65.69174194335938,0.0020502090919762,49.042,-0.209,0.484,0.0,0,0,1,,1.0,2026-03-17T17:48:52.178224,neutral,0.982,2026-03-17T17:48:50.328918,0.8916840801349116,2026-03-17T17:48:52.030000,79,,,
participant_24,4,day,Town10HD_Opt,2026-03-17 17:48:53.097171,24.76774787902832,-65.76266479492188,0.0020824430976063,48.012,-0.28,0.433,0.0,0,0,1,,1.0,2026-03-17T17:48:53.097171,neutral,0.984,2026-03-17T17:48:53.097171,0.9633076083038116,2026-03-17T17:48:52.975000,79,,,
participant_24,4,day,Town10HD_Opt,2026-03-17 17:48:54.271849,14.494877815246582,-65.7260971069336,0.002362098544836,37.262,-0.275,0.0,0.0,0,0,1,,1.0,2026-03-17T17:48:54.271849,neutral,0.984,2026-03-17T17:48:53.097171,0.9293069348929524,2026-03-17T17:48:54.189000,79,,,
participant_24,4,day,Town10HD_Opt,2026-03-17 17:48:55.122964,8.673579216003418,-65.64204406738281,0.002309989882633,28.786,-0.068,0.0,0.0,0,0,1,,1.0,2026-03-17T17:48:55.122964,neutral,0.957,2026-03-17T17:48:55.122964,0.9013212586722594,2026-03-17T17:48:55.135000,78,,,
participant_24,4,day,Town10HD_Opt,2026-03-17 17:48:56.348542,2.9709115028381348,-65.55498504638672,0.0022455595899373,19.936,0.233,0.099,0.0,0,0,1,,1.0,2026-03-17T17:48:56.348542,neutral,0.957,2026-03-17T17:48:55.122964,0.99,2026-03-17T17:48:56.035000,80,,,
participant_24,4,day,Town10HD_Opt,2026-03-17 17:48:57.252875,-0.2686531841754913,-65.52167510986328,0.0018666075775399,17.627,0.242,0.161,0.0,0,0,1,,1.0,2026-03-17T17:48:57.252875,neutral,0.995,2026-03-17T17:48:57.252875,0.99,2026-03-17T17:48:56.988000,78,,,
participant_24,4,day,Town10HD_Opt,2026-03-17 17:48:58.191965,-3.281399726867676,-65.50485229492188,0.0019070815760642,17.538,0.24,0.36,0.0,0,0,1,,1.0,2026-03-17T17:48:58.191965,neutral,0.995,2026-03-17T17:48:57.252875,0.8648933671221419,2026-03-17T17:48:57.969000,79,,,
participant_24,4,day,Town10HD_Opt,2026-03-17 17:48:59.074264,-6.429905891418457,-65.49793243408203,0.0020627593621611,18.076,0.155,0.33,0.0,0,0,1,,1.0,2026-03-17T17:48:59.074264,neutral,0.995,2026-03-17T17:48:57.252875,0.8389274625155815,2026-03-17T17:48:58.960000,77,,,
participant_24,4,day,Town10HD_Opt,2026-03-17 17:49:00.282312,-10.672691345214844,-65.49989318847656,0.002023200970143,18.083,0.063,0.109,0.0,0,0,1,,1.0,2026-03-17T17:49:00.282312,neutral,0.991,2026-03-17T17:49:00.282312,0.824670111522873,2026-03-17T17:48:59.995000,77,,,
participant_24,4,day,Town10HD_Opt,2026-03-17 17:49:01.130580,-13.668773651123049,-65.50391387939453,0.0020169448107481,15.092,-0.016,0.0,0.0,0,0,1,,1.0,2026-03-17T17:49:01.130580,neutral,0.991,2026-03-17T17:49:00.282312,0.8330333169570369,2026-03-17T17:49:01.120000,78,,,
participant_24,4,day,Town10HD_Opt,2026-03-17 17:49:02.313106,-16.672637939453125,-65.50801849365234,0.0020219420548528,10.549,0.002,0.0,0.018,0,0,1,,1.0,2026-03-17T17:49:02.313106,neutral,0.999,2026-03-17T17:49:02.313106,0.8431079043177909,2026-03-17T17:49:02.335000,79,,,
participant_24,4,day,Town10HD_Opt,2026-03-17 17:49:03.188492,-18.26116752624512,-65.51024627685547,0.0020143126603215,7.46,0.002,0.0,0.053,0,0,1,,1.0,2026-03-17T17:49:03.188492,neutral,0.999,2026-03-17T17:49:02.313106,0.8116332759415203,2026-03-17T17:49:02.967000,76,,,
participant_24,4,day,Town10HD_Opt,2026-03-17 17:49:04.308207,-19.503204345703125,-65.51204681396484,0.0023023223038762,0.229,0.002,0.0,0.0,0,0,1,,1.0,2026-03-17T17:49:04.308207,neutral,0.999,2026-03-17T17:49:02.313106,0.8662526573915545,2026-03-17T17:49:03.955000,78,,,
participant_24,4,day,Town10HD_Opt,2026-03-17 17:49:05.151365,-19.54104995727539,-65.51204681396484,0.001928215031512,0.254,0.002,0.0,0.0,0,0,1,,1.0,2026-03-17T17:49:05.151365,neutral,0.993,2026-03-17T17:49:05.151365,0.8342614791482806,2026-03-17T17:49:05.125000,79,,,
participant_24,4,day,Town10HD_Opt,2026-03-17 17:49:06.327802,-19.59105491638184,-65.51204681396484,0.0019207381410524,0.177,0.002,0.0,0.0,0,0,1,,1.0,2026-03-17T17:49:06.327802,neutral,0.993,2026-03-17T17:49:05.151365,0.8241876583377867,2026-03-17T17:49:06.026000,78,,,
participant_24,4,day,Town10HD_Opt,2026-03-17 17:49:07.164389,-20.02985191345215,-65.51268768310547,0.0014955138321965,9.554,0.002,1.0,0.0,0,0,1,,1.0,2026-03-17T17:49:07.164389,neutral,0.988,2026-03-17T17:49:07.164389,0.8699109190229414,2026-03-17T17:49:07.015000,78,,,
participant_24,4,day,Town10HD_Opt,2026-03-17 17:49:08.286255,-24.41453742980957,-65.55168914794922,0.0015613173600286,29.503,0.693,1.0,0.0,0,0,1,,1.0,2026-03-17T17:49:08.286255,neutral,0.988,2026-03-17T17:49:07.164389,0.9587103508168752,2026-03-17T17:49:08.006000,79,Solid line crossing,Solid line crossing,
participant_24,4,day,Town10HD_Opt,2026-03-17 17:49:09.139852,-30.851730346679688,-65.7247314453125,0.0015395736554637,45.125,0.526,1.0,0.0,0,0,1,,1.0,2026-03-17T17:49:09.139852,neutral,0.988,2026-03-17T17:49:07.164389,0.99,2026-03-17T17:49:09.265000,76,,,
participant_24,4,day,Town10HD_Opt,2026-03-17 17:49:10.329858,-42.40032196044922,-66.26886749267578,0.0021879577543586,48.879,0.08,0.994,0.0,0,0,1,,1.0,2026-03-17T17:49:10.329858,neutral,0.988,2026-03-17T17:49:10.329858,0.9769730919109254,2026-03-17T17:49:10.120000,77,,,
participant_24,4,day,Town10HD_Opt,2026-03-17 17:49:11.199775,-51.26269912719727,-66.76248168945312,0.0020346832461655,48.591,-0.221,0.986,0.0,0,0,1,,1.0,2026-03-17T17:49:11.199775,neutral,0.988,2026-03-17T17:49:10.329858,0.9701574740604968,2026-03-17T17:49:11.200000,78,,,
participant_24,4,day,Town10HD_Opt,2026-03-17 17:49:12.261809,-62.92571258544922,-67.29655456542969,0.002147254999727,48.737,-1.144,0.973,0.0,0,0,1,,1.0,2026-03-17T17:49:12.261809,neutral,0.988,2026-03-17T17:49:10.329858,0.99,2026-03-17T17:49:12.010000,76,,,
participant_24,4,day,Town10HD_Opt,2026-03-17 17:49:13.101843,-71.69696044921875,-67.11225128173828,0.0022243116982281,48.011,-6.014,0.96,0.0,0,0,1,,1.0,2026-03-17T17:49:13.101843,neutral,0.981,2026-03-17T17:49:13.101843,0.99,2026-03-17T17:49:13.001000,75,,,
participant_24,4,day,Town10HD_Opt,2026-03-17 17:49:14.230967,-82.97091674804688,-64.18118286132812,0.0021557998843491,49.135,-3.207,0.979,0.0,0,0,1,,1.0,2026-03-17T17:49:14.230967,neutral,0.981,2026-03-17T17:49:13.101843,0.9773337954819264,2026-03-17T17:49:14.124000,78,,,
participant_24,4,day,Town10HD_Opt,2026-03-17 17:49:15.086908,-90.92937469482422,-60.241458892822266,0.0022374724503606,48.436,-4.534,0.975,0.0,0,0,1,,1.0,2026-03-17T17:49:15.086908,neutral,0.981,2026-03-17T17:49:13.101843,0.99,2026-03-17T17:49:15.025000,78,,,
participant_24,4,day,Town10HD_Opt,2026-03-17 17:49:16.260325,-99.72068786621094,-52.73151397705078,0.0020535278599709,50.047,-6.417,0.954,0.0,0,0,1,,1.0,2026-03-17T17:49:16.260325,neutral,0.73,2026-03-17T17:49:16.260325,0.99,2026-03-17T17:49:16.060000,76,,,
participant_24,4,day,Town10HD_Opt,2026-03-17 17:49:17.148611,-104.41162109375,-45.35624313354492,0.0020930098835378,49.116,-3.886,0.939,0.0,0,0,1,,1.0,2026-03-17T17:49:17.148611,neutral,0.73,2026-03-17T17:49:16.260325,0.99,2026-03-17T17:49:16.959000,80,,,
participant_24,4,day,Town10HD_Opt,2026-03-17 17:49:18.313743,-108.58953094482422,-34.480037689208984,0.0018844222649931,51.649,-4.07,0.0,0.148,0,0,1,,1.0,2026-03-17T17:49:18.313743,neutral,0.736,2026-03-17T17:49:18.313743,0.99,2026-03-17T17:49:18.042000,80,,,
participant_24,4,day,Town10HD_Opt,2026-03-17 17:49:19.267079,-110.11576080322266,-25.83438491821289,0.0019031906267628,51.468,-3.459,0.0,0.147,0,0,1,,1.0,2026-03-17T17:49:19.267079,neutral,0.736,2026-03-17T17:49:18.313743,0.9718589762561656,2026-03-17T17:49:19.120000,78,,,
participant_24,4,day,Town10HD_Opt,2026-03-17 17:49:20.206655,-110.4317626953125,-17.06549072265625,0.0018895721295848,51.801,-0.141,0.0,0.18,0,0,1,,1.0,2026-03-17T17:49:20.206655,neutral,0.736,2026-03-17T17:49:18.313743,0.9729603134356284,2026-03-17T17:49:19.975000,79,,,
participant_24,4,day,Town10HD_Opt,2026-03-17 17:49:21.127948,-110.49827575683594,-8.296730995178223,0.0019414901034906,50.77,0.761,0.0,0.103,0,0,1,,1.0,2026-03-17T17:49:21.127948,neutral,0.941,2026-03-17T17:49:21.127948,0.9167457638559569,2026-03-17T17:49:20.965000,78,,,
participant_24,4,day,Town10HD_Opt,2026-03-17 17:49:22.356335,-110.80023956298828,2.809173822402954,0.0022198485676199,43.781,-2.118,0.083,0.0,0,0,1,,1.0,2026-03-17T17:49:22.356335,neutral,0.941,2026-03-17T17:49:21.127948,0.9736165151946072,2026-03-17T17:49:22,78,,,
participant_24,4,day,Town10HD_Opt,2026-03-17 17:49:23.332995,-110.5102310180664,9.729766845703123,0.0023487852886319,34.426,-5.773,0.0,0.0,0,0,1,,1.0,2026-03-17T17:49:23.332995,neutral,0.996,2026-03-17T17:49:23.332995,0.99,2026-03-17T17:49:23.170000,77,,,
participant_24,4,day,Town10HD_Opt,2026-03-17 17:49:24.233854,-109.3998794555664,14.968233108520508,0.002310981741175,26.718,-9.861,0.0,0.0,0,0,1,,1.0,2026-03-17T17:49:24.233854,neutral,0.996,2026-03-17T17:49:23.332995,0.9601129757731904,2026-03-17T17:49:23.983000,76,,,
participant_24,4,day,Town10HD_Opt,2026-03-17 17:49:25.116954,-107.67105102539062,18.6297607421875,0.0022671127226203,19.659,-11.318,0.0,0.0,0,0,1,,1.0,2026-03-17T17:49:25.116954,neutral,0.996,2026-03-17T17:49:23.332995,0.9478991383657877,2026-03-17T17:49:25.060000,78,Solid line crossing,Solid line crossing,
participant_24,4,day,Town10HD_Opt,2026-03-17 17:49:26.132761,-105.79155731201172,21.159103393554688,0.0019943618681281,18.911,-6.35,0.822,0.0,0,0,1,,1.0,2026-03-17T17:49:26.132761,neutral,0.78,2026-03-17T17:49:26.132761,0.99,2026-03-17T17:49:26.050000,78,,,
participant_24,4,day,Town10HD_Opt,2026-03-17 17:49:27.104393,-103.20694732666016,23.95134162902832,0.0018148040398955,25.631,-6.509,0.355,0.0,0,0,1,,1.0,2026-03-17T17:49:27.104393,neutral,0.78,2026-03-17T17:49:26.132761,0.99,2026-03-17T17:49:27.041000,75,,,
participant_24,4,day,Town10HD_Opt,2026-03-17 17:49:28.376998,-98.58800506591795,27.1010971069336,0.002261581365019,20.228,-18.274,0.0,0.048,0,0,1,,1.0,2026-03-17T17:49:28.376998,neutral,0.95,2026-03-17T17:49:28.376998,0.99,2026-03-17T17:49:27.986000,77,,,
participant_24,4,day,Town10HD_Opt,2026-03-17 17:49:29.088101,-96.68315887451172,27.67273330688477,0.0023987197782844,8.671,-12.92,0.0,0.12,0,0,1,,1.0,2026-03-17T17:49:29.088101,neutral,0.95,2026-03-17T17:49:28.376998,0.9472917697856,2026-03-17T17:49:28.975000,77,,,
participant_24,4,day,Town10HD_Opt,2026-03-17 17:49:30.099532,-96.39871978759766,27.73311996459961,0.0020159911364316,0.024,-6.609,0.0,0.0,0,0,1,,1.0,2026-03-17T17:49:30.099532,neutral,0.95,2026-03-17T17:49:28.376998,0.9853937671312876,2026-03-17T17:49:30.055000,80,,,
participant_24,4,day,Town10HD_Opt,2026-03-17 17:49:31.346032,-96.39815521240234,27.73320960998535,0.001918182359077,0.138,-9.842,0.136,0.0,0,0,1,,1.0,2026-03-17T17:49:31.346032,neutral,0.957,2026-03-17T17:49:31.346032,0.99,2026-03-17T17:49:31.045000,78,,,
participant_24,4,day,Town10HD_Opt,2026-03-17 17:49:32.321370,-96.33077239990234,27.7409896850586,0.0018422699067741,1.752,-11.827,0.293,0.0,0,0,1,,1.0,2026-03-17T17:49:32.321370,neutral,0.957,2026-03-17T17:49:31.346032,0.99,2026-03-17T17:49:31.993000,80,,,
participant_24,4,day,Town10HD_Opt,2026-03-17 17:49:33.293559,-95.8106918334961,27.78276824951172,0.0018621062627062,3.992,-14.692,0.178,0.0,0,0,1,,1.0,2026-03-17T17:49:33.293559,neutral,0.957,2026-03-17T17:49:31.346032,0.9577623237650154,2026-03-17T17:49:33.026000,80,,,
participant_24,4,day,Town10HD_Opt,2026-03-17 17:49:34.225588,-95.0433578491211,27.804298400878903,0.0019198226509615,4.377,-10.571,0.0,0.0,0,0,1,,1.0,2026-03-17T17:49:34.225588,neutral,0.953,2026-03-17T17:49:34.225588,0.9382940575074212,2026-03-17T17:49:33.970000,81,,,
participant_24,4,day,Town10HD_Opt,2026-03-17 17:49:35.173801,-94.361083984375,27.83086585998535,0.00194980611559,3.375,-1.657,0.0,0.0,0,0,1,,1.0,2026-03-17T17:49:35.173801,neutral,0.953,2026-03-17T17:49:34.225588,0.9656289845268534,2026-03-17T17:49:34.960000,81,,,
participant_24,4,day,Town10HD_Opt,2026-03-17 17:49:36.130243,-93.83670806884766,27.8572940826416,0.0019438933813944,2.59,-4.162,0.0,0.0,0,0,1,,1.0,2026-03-17T17:49:36.130243,neutral,0.953,2026-03-17T17:49:34.225588,0.99,2026-03-17T17:49:35.995000,79,,,
participant_24,4,day,Town10HD_Opt,2026-03-17 17:49:37.352559,-93.32176208496094,27.873544692993164,0.0019364166073501,1.821,-4.001,0.0,0.0,0,0,1,,1.0,2026-03-17T17:49:37.352559,neutral,1.0,2026-03-17T17:49:37.352559,0.9781500234671968,2026-03-17T17:49:37.075000,78,,,
participant_24,4,day,Town10HD_Opt,2026-03-17 17:49:38.318115,-93.03865814208984,27.88001251220703,0.0019324492895975,1.398,-4.011,0.0,0.0,0,0,1,,1.0,2026-03-17T17:49:38.318115,neutral,1.0,2026-03-17T17:49:37.352559,0.99,2026-03-17T17:49:38.156000,81,,,
participant_24,4,day,Town10HD_Opt,2026-03-17 17:49:39.352159,-92.8213882446289,27.883695602416992,0.0019293593941256,1.073,-3.943,0.0,0.0,0,0,1,,1.0,2026-03-17T17:49:39.352159,neutral,1.0,2026-03-17T17:49:37.352559,0.99,2026-03-17T17:49:39.011000,81,,,
participant_24,4,day,Town10HD_Opt,2026-03-17 17:49:40.326178,-92.65528869628906,27.8867301940918,0.0019308852497488,0.717,-2.642,0.103,0.0,0,0,1,,1.0,2026-03-17T17:49:40.326178,neutral,0.994,2026-03-17T17:49:40.326178,0.9222817946437444,2026-03-17T17:49:40.092000,80,,,
participant_24,4,day,Town10HD_Opt,2026-03-17 17:49:41.338683,-92.1551742553711,27.89859962463379,0.0015985870268195,8.345,-0.98,0.856,0.0,0,0,1,,1.0,2026-03-17T17:49:41.338683,neutral,0.994,2026-03-17T17:49:40.326178,0.99,2026-03-17T17:49:40.990000,80,,,
participant_24,4,day,Town10HD_Opt,2026-03-17 17:49:42.357100,-89.66814422607422,27.95488739013672,0.0018820952391251,18.368,-1.008,0.412,0.0,0,0,1,,1.0,2026-03-17T17:49:42.357100,neutral,0.962,2026-03-17T17:49:42.357100,0.99,2026-03-17T17:49:42.120000,80,,,
participant_24,4,day,Town10HD_Opt,2026-03-17 17:49:43.304637,-86.47209930419922,27.97361183166504,0.0018561935285106,17.469,-1.295,0.0,0.0,0,0,1,,1.0,2026-03-17T17:49:43.304637,neutral,0.962,2026-03-17T17:49:42.357100,0.8903981477766894,2026-03-17T17:49:43.106000,78,,,
participant_24,4,day,Town10HD_Opt,2026-03-17 17:49:44.236510,-83.737548828125,27.9432315826416,0.0020410155411809,13.488,0.188,0.0,0.0,0,0,1,,1.0,2026-03-17T17:49:44.236510,neutral,0.962,2026-03-17T17:49:42.357100,0.99,2026-03-17T17:49:44.275000,81,,,
participant_24,4,day,Town10HD_Opt,2026-03-17 17:49:45.229347,-81.63555908203125,27.93996238708496,0.0020180509891361,10.362,1.034,0.0,0.0,0,0,1,,1.0,2026-03-17T17:49:45.229347,neutral,0.998,2026-03-17T17:49:45.229347,0.9747540475811524,2026-03-17T17:49:45.039000,81,,,
participant_24,4,day,Town10HD_Opt,2026-03-17 17:49:46.188158,-80.02142333984375,27.95696258544922,0.0019953155424445,7.956,1.022,0.0,0.0,0,0,1,,1.0,2026-03-17T17:49:46.188158,neutral,0.998,2026-03-17T17:49:45.229347,0.9819573532680776,2026-03-17T17:49:46.120000,81,,,
participant_24,4,day,Town10HD_Opt,2026-03-17 17:49:47.158013,-78.7822494506836,27.97962188720703,0.0019776534754782,6.108,0.888,0.0,0.0,0,0,1,,1.0,2026-03-17T17:49:47.158013,neutral,0.998,2026-03-17T17:49:45.229347,0.9409856922309168,2026-03-17T17:49:47.200000,80,,,
participant_24,4,day,Town10HD_Opt,2026-03-17 17:49:48.078781,-78.16515350341797,27.99277305603028,0.0021456908434629,0.0,0.893,0.0,0.016,0,0,1,,1.0,2026-03-17T17:49:48.078781,neutral,0.996,2026-03-17T17:49:48.078781,0.99,2026-03-17T17:49:48.416000,81,,,
participant_24,4,day,Town10HD_Opt,2026-03-17 17:49:49.314144,-78.16398620605469,27.99280548095703,0.001922111492604,0.004,0.898,0.0,0.0,0,0,1,,1.0,2026-03-17T17:49:49.314144,neutral,0.996,2026-03-17T17:49:48.078781,0.9414124711915616,2026-03-17T17:49:49,81,,,
participant_24,4,day,Town10HD_Opt,2026-03-17 17:49:50.305500,-78.16368103027344,27.992807388305664,0.001919288537465,0.001,0.592,0.0,0.0,0,0,1,,1.0,2026-03-17T17:49:50.305500,neutral,0.998,2026-03-17T17:49:50.305500,0.972556190261774,2026-03-17T17:49:50.007000,79,,,
participant_24,4,day,Town10HD_Opt,2026-03-17 17:49:51.216009,-78.16364288330078,27.992807388305664,0.0019188689766451,0.006,0.583,0.0,0.0,0,0,1,,1.0,2026-03-17T17:49:51.216009,neutral,0.998,2026-03-17T17:49:50.305500,0.99,2026-03-17T17:49:50.981000,78,,,
participant_24,4,day,Town10HD_Opt,2026-03-17 17:49:52.101663,-78.16368103027344,27.992807388305664,0.001918678288348,0.006,0.583,0.0,0.0,0,0,1,,1.0,2026-03-17T17:49:52.101663,neutral,0.998,2026-03-17T17:49:50.305500,0.99,2026-03-17T17:49:52.016000,79,,,
participant_24,4,day,Town10HD_Opt,2026-03-17 17:49:53.065890,-78.16358947753906,27.992807388305664,0.0019189834129065,0.002,0.583,0.0,0.0,0,0,1,,1.0,2026-03-17T17:49:53.065890,neutral,0.995,2026-03-17T17:49:53.065890,0.99,2026-03-17T17:49:52.961000,80,,,
participant_25,1,day,Town10HD_Opt,2026-03-18 10:00:00.000000,-41.66858673095703,89.7454833984375,0.580491840839386,19.479,0.945,0.498,0.0,0,0,1,,1.0,2026-03-18T10:00:00,,,2026-03-18T10:00:00,0.4384334912009204,2026-03-18T10:00:00,68,,,
participant_25,1,day,Town10HD_Opt,2026-03-18 10:00:04.556365,-41.69210815429688,84.68925476074219,0.0019663241691887,19.859,1.434,0.498,0.0,0,0,1,,0.896,2026-03-18T10:00:04.556365,,,2026-03-18T10:00:04.556365,0.5121804793965599,,67,,,
participant_25,1,day,Town10HD_Opt,2026-03-18 10:00:05.213923,-41.62057876586914,82.25509643554688,0.0019235233776271,22.377,4.473,0.523,0.0,0,0,1,,0.931,2026-03-18T10:00:05.213923,,,2026-03-18T10:00:04.556365,0.508316408308115,2026-03-18T10:00:04.996000,66,,,
participant_25,1,day,Town10HD_Opt,2026-03-18 10:00:06.272147,-41.00567626953125,78.08563232421875,0.0019285206217318,26.257,12.68,0.523,0.0,0,0,1,,0.839,2026-03-18T10:00:06.272147,,,2026-03-18T10:00:04.556365,0.622954256271048,2026-03-18T10:00:06.031000,69,,,
participant_25,1,day,Town10HD_Opt,2026-03-18 10:00:06.988639,-39.84243774414063,75.14991760253906,0.0019607164431363,28.408,17.448,0.507,0.0,0,0,1,,0.875,2026-03-18T10:00:06.988639,happy,0.641,2026-03-18T10:00:06.988639,0.6192095919513974,2026-03-18T10:00:06.975000,68,,,
participant_25,1,day,Town10HD_Opt,2026-03-18 10:00:08.028204,-36.43779373168945,71.36238098144531,0.0020423887763172,30.178,21.066,0.229,0.0,0,0,1,,0.909,2026-03-18T10:00:08.028204,happy,0.641,2026-03-18T10:00:06.988639,0.5096868935119077,2026-03-18T10:00:07.965000,66,,,
participant_25,1,day,Town10HD_Opt,2026-03-18 10:00:09.023183,-31.97286796569824,69.71484375,0.0022974386811256,23.924,13.071,0.007,0.0,0,0,1,,0.886,2026-03-18T10:00:09.023183,neutral,0.754,2026-03-18T10:00:09.023183,0.5657862584046728,2026-03-18T10:00:09.001000,69,,,
participant_25,1,day,Town10HD_Opt,2026-03-18 10:00:10.029450,-28.131872177124023,69.48541259765625,0.0020796202588826,21.617,3.346,0.562,0.0,0,0,1,,1.0,2026-03-18T10:00:10.029450,neutral,0.754,2026-03-18T10:00:09.023183,0.6037773890805632,2026-03-18T10:00:09.991000,70,,,
participant_25,1,day,Town10HD_Opt,2026-03-18 10:00:11.001731,-24.020187377929688,69.49532318115234,0.0019007114460691,25.989,1.083,0.543,0.0,0,0,1,,0.841,2026-03-18T10:00:11.001731,neutral,0.754,2026-03-18T10:00:09.023183,0.5408811063304322,2026-03-18T10:00:10.980000,72,,,
participant_25,1,day,Town10HD_Opt,2026-03-18 10:00:12.236099,-17.374366760253906,69.6451187133789,0.0019244388677179,31.148,-0.026,0.521,0.0,0,0,1,,1.0,2026-03-18T10:00:12.236099,neutral,0.626,2026-03-18T10:00:12.236099,0.5805604154556779,2026-03-18T10:00:11.970000,75,,,
participant_25,1,day,Town10HD_Opt,2026-03-18 10:00:13.167121,-11.78439998626709,69.7906494140625,0.002047958318144,31.881,-0.2,0.318,0.0,0,0,1,,0.828,2026-03-18T10:00:13.167121,neutral,0.626,2026-03-18T10:00:12.236099,0.5912107013105768,2026-03-18T10:00:13.005000,77,,,
participant_25,1,day,Town10HD_Opt,2026-03-18 10:00:14.173638,-6.358992099761963,69.90387725830078,0.0021210857667028,29.668,-0.045,0.214,0.0,0,0,1,,0.912,2026-03-18T10:00:14.173638,neutral,0.626,2026-03-18T10:00:12.236099,0.5792478069971657,2026-03-18T10:00:13.998000,78,,,
participant_25,1,day,Town10HD_Opt,2026-03-18 10:00:15.098656,-1.4475032091140747,69.996337890625,0.0021596902515739,26.009,-0.341,0.254,0.0,0,0,1,,0.897,2026-03-18T10:00:15.098656,neutral,0.685,2026-03-18T10:00:15.098656,0.5871565446030308,2026-03-18T10:00:14.986000,78,,,
participant_25,1,day,Town10HD_Opt,2026-03-18 10:00:16.072680,2.9395172595977783,70.04229736328125,0.0021123883780092,23.957,-0.515,0.264,0.0,0,0,1,,0.895,2026-03-18T10:00:16.072680,neutral,0.685,2026-03-18T10:00:15.098656,0.5910497134807319,2026-03-18T10:00:15.976000,79,,,
participant_25,1,day,Town10HD_Opt,2026-03-18 10:00:17.070297,6.995176792144775,70.04603576660156,0.0020938871894031,22.357,0.197,0.255,0.0,0,0,1,,1.0,2026-03-18T10:00:17.070297,neutral,0.685,2026-03-18T10:00:15.098656,0.5742229857319334,2026-03-18T10:00:16.966000,77,,,
participant_25,1,day,Town10HD_Opt,2026-03-18 10:00:18.031271,10.721563339233398,70.0591049194336,0.0021439739502966,19.567,0.228,0.0,0.0,0,0,1,,0.865,2026-03-18T10:00:18.031271,neutral,0.937,2026-03-18T10:00:18.031271,0.493099012457465,2026-03-18T10:00:18,78,,,
participant_25,1,day,Town10HD_Opt,2026-03-18 10:00:19.032156,13.808796882629396,70.07781219482422,0.0019962687510997,15.738,0.068,0.067,0.0,0,0,1,,0.881,2026-03-18T10:00:19.032156,neutral,0.937,2026-03-18T10:00:18.031271,0.5799284736277077,2026-03-18T10:00:18.991000,79,,,
participant_25,1,day,Town10HD_Opt,2026-03-18 10:00:20.025333,16.344589233398438,70.09612274169922,0.0020029065199196,13.087,0.099,0.067,0.0,0,0,1,,0.892,2026-03-18T10:00:20.025333,neutral,0.937,2026-03-18T10:00:18.031271,0.6020592161558026,2026-03-18T10:00:19.981000,79,,,
participant_25,1,day,Town10HD_Opt,2026-03-18 10:00:21.003423,18.46075820922852,70.11309051513672,0.0019866176880896,10.966,0.042,0.066,0.0,0,0,1,,0.962,2026-03-18T10:00:21.003423,neutral,0.821,2026-03-18T10:00:21.003423,0.5484064692679206,2026-03-18T10:00:20.971000,78,,,
participant_25,1,day,Town10HD_Opt,2026-03-18 10:00:21.992582,20.23729133605957,70.12801361083984,0.0019747540354728,9.223,0.042,0.066,0.0,0,0,1,,0.936,2026-03-18T10:00:21.992582,neutral,0.821,2026-03-18T10:00:21.003423,0.6398392134009399,,76,,,
participant_25,1,day,Town10HD_Opt,2026-03-18 10:00:23.255783,22.194204330444336,70.14530944824219,0.0019496915629133,7.65,0.04,0.056,0.0,0,0,1,,0.893,2026-03-18T10:00:23.255783,neutral,0.919,2026-03-18T10:00:23.255783,0.626513928571976,2026-03-18T10:00:22.995000,76,,,
participant_25,1,day,Town10HD_Opt,2026-03-18 10:00:24.242579,23.432716369628903,70.15670776367188,0.0019607541617006,6.373,0.04,0.059,0.0,0,0,1,,0.912,2026-03-18T10:00:24.242579,neutral,0.919,2026-03-18T10:00:23.255783,0.53546036488656,2026-03-18T10:00:23.985000,76,,,
participant_25,1,day,Town10HD_Opt,2026-03-18 10:00:25.157509,24.456445693969727,70.16641235351562,0.0019548796117305,5.251,0.04,0.059,0.0,0,0,1,,0.954,2026-03-18T10:00:25.157509,neutral,0.919,2026-03-18T10:00:23.255783,0.5545764205355102,2026-03-18T10:00:24.977000,75,,,
participant_25,1,day,Town10HD_Opt,2026-03-18 10:00:26.088267,25.30670166015625,70.17494201660156,0.0059204897843301,4.578,0.04,0.0,0.0,0,0,1,,0.925,2026-03-18T10:00:26.088267,neutral,0.833,2026-03-18T10:00:26.088267,0.5515448499583696,2026-03-18T10:00:26.010000,75,,,
participant_25,1,day,Town10HD_Opt,2026-03-18 10:00:27.022908,25.67823028564453,70.17906188964844,0.0018716807244345,0.004,0.04,0.0,0.076,0,0,1,,0.918,2026-03-18T10:00:27.022908,neutral,0.833,2026-03-18T10:00:26.088267,0.5265113215767296,2026-03-18T10:00:27.001000,73,,,
participant_25,1,day,Town10HD_Opt,2026-03-18 10:00:28.211095,26.066650390625,70.1833267211914,0.0016047679819166,7.535,0.002,0.727,0.0,0,0,1,,0.962,2026-03-18T10:00:28.211095,neutral,0.895,2026-03-18T10:00:28.211095,0.529797564403208,2026-03-18T10:00:27.990000,74,,,
participant_25,1,day,Town10HD_Opt,2026-03-18 10:00:29.228408,28.084482192993164,70.17721557617188,0.001764221698977,14.112,-4.572,0.285,0.0,0,0,1,,0.952,2026-03-18T10:00:29.228408,neutral,0.895,2026-03-18T10:00:28.211095,0.5728246086172407,2026-03-18T10:00:28.981000,72,,,errors=Stop sign violation
participant_25,1,day,Town10HD_Opt,2026-03-18 10:00:30.143402,30.63481330871582,69.90837860107422,0.0018111802637577,15.355,-9.502,0.286,0.0,0,0,1,,0.947,2026-03-18T10:00:30.143402,neutral,0.895,2026-03-18T10:00:28.211095,0.4847314377530957,2026-03-18T10:00:29.971000,73,,,
participant_25,1,day,Town10HD_Opt,2026-03-18 10:00:31.074672,33.31390380859375,69.2465591430664,0.0019025038927793,16.145,-10.814,0.24,0.0,0,0,1,,0.902,2026-03-18T10:00:31.074672,happy,0.911,2026-03-18T10:00:31.074672,0.497626615821795,,71,,,
participant_25,1,day,Town10HD_Opt,2026-03-18 10:00:32.018075,35.8979377746582,68.11282348632812,0.0019260406261309,16.217,-12.83,0.239,0.0,0,0,1,,0.921,2026-03-18T10:00:32.018075,happy,0.911,2026-03-18T10:00:31.074672,0.5537642297442226,2026-03-18T10:00:31.996000,70,,,
participant_25,1,day,Town10HD_Opt,2026-03-18 10:00:33.017303,38.24033737182617,66.5172119140625,0.0019257353851571,16.284,-12.226,0.24,0.0,0,0,1,,0.914,2026-03-18T10:00:33.017303,happy,0.911,2026-03-18T10:00:31.074672,0.5687205025644511,2026-03-18T10:00:32.986000,69,,,
participant_25,1,day,Town10HD_Opt,2026-03-18 10:00:34.257254,41.02660369873047,63.78072738647461,0.0019738771952688,18.586,-11.421,0.51,0.0,0,0,1,,0.925,2026-03-18T10:00:34.257254,neutral,0.727,2026-03-18T10:00:34.257254,0.6401973774691728,2026-03-18T10:00:34.022000,70,,,
participant_25,1,day,Town10HD_Opt,2026-03-18 10:00:35.244301,42.90620422363281,60.97454452514648,0.0019210819154977,21.142,-12.284,0.496,0.0,0,0,1,,0.923,2026-03-18T10:00:35.244301,neutral,0.727,2026-03-18T10:00:34.257254,0.550538835177309,2026-03-18T10:00:34.966000,72,,,
participant_25,1,day,Town10HD_Opt,2026-03-18 10:00:36.177870,44.33528900146485,57.28743362426758,0.0019484712975099,24.51,-12.207,0.475,0.0,0,0,1,,0.961,2026-03-18T10:00:36.177870,neutral,0.727,2026-03-18T10:00:34.257254,0.6203299594462258,2026-03-18T10:00:36.001000,73,,,
participant_25,1,day,Town10HD_Opt,2026-03-18 10:00:37.112733,44.8818359375,52.99919891357422,0.0020882794633507,24.282,-8.129,0.342,0.0,0,0,1,,0.981,2026-03-18T10:00:37.112733,neutral,0.699,2026-03-18T10:00:37.112733,0.6271309428520113,2026-03-18T10:00:36.991000,73,,,
participant_25,1,day,Town10HD_Opt,2026-03-18 10:00:38.062122,44.73675537109375,48.74346923828125,0.0020316315349191,24.66,-3.888,0.365,0.0,0,0,1,,0.937,2026-03-18T10:00:38.062122,neutral,0.699,2026-03-18T10:00:37.112733,0.5658367028501091,2026-03-18T10:00:37.981000,71,,,
participant_25,1,day,Town10HD_Opt,2026-03-18 10:00:39.057333,44.25237655639648,44.60296249389648,0.0021899407729506,21.749,-1.756,0.0,0.0,0,0,1,,0.871,2026-03-18T10:00:39.057333,neutral,0.699,2026-03-18T10:00:37.112733,0.6401050701569948,2026-03-18T10:00:38.971000,73,,,
participant_25,1,day,Town10HD_Opt,2026-03-18 10:00:40.007159,43.96416091918945,41.25164413452149,0.0020773694850504,18.331,10.132,0.513,0.0,0,0,1,,0.916,2026-03-18T10:00:40.007159,neutral,0.682,2026-03-18T10:00:40.007159,0.5122865788724574,,71,,,
participant_25,1,day,Town10HD_Opt,2026-03-18 10:00:41.248722,44.64871597290039,36.25835037231445,0.0017339716432616,28.232,10.829,0.691,0.0,0,0,1,,0.936,2026-03-18T10:00:41.248722,neutral,0.682,2026-03-18T10:00:40.007159,0.5640500657715541,2026-03-18T10:00:40.996000,69,,,
participant_25,1,day,Town10HD_Opt,2026-03-18 10:00:42.190453,46.93874740600586,31.37132453918457,0.001958237029612,33.014,20.203,0.503,0.0,0,0,1,,0.892,2026-03-18T10:00:42.190453,neutral,0.494,2026-03-18T10:00:42.190453,0.5506631129528218,2026-03-18T10:00:41.986000,70,,,
participant_25,1,day,Town10HD_Opt,2026-03-18 10:00:43.134565,51.59368896484375,27.88703727722168,0.0020422362722456,34.54,16.957,0.419,0.0,0,0,1,,0.908,2026-03-18T10:00:43.134565,neutral,0.494,2026-03-18T10:00:42.190453,0.6368942159850659,2026-03-18T10:00:42.976000,67,,,
participant_25,1,day,Town10HD_Opt,2026-03-18 10:00:44.097896,57.39482879638672,26.499229431152344,0.0021314998157322,32.923,2.972,0.2,0.0,0,0,1,,0.881,2026-03-18T10:00:44.097896,neutral,0.494,2026-03-18T10:00:42.190453,0.551844870278761,2026-03-18T10:00:43.966000,68,,,
participant_25,1,day,Town10HD_Opt,2026-03-18 10:00:45.020794,62.75966644287109,25.826772689819336,0.0022083276417106,27.499,-0.063,0.0,0.0,0,0,1,,0.965,2026-03-18T10:00:45.020794,sad,0.32,2026-03-18T10:00:45.020794,0.5906012579332356,2026-03-18T10:00:45.001000,71,,,
participant_25,1,day,Town10HD_Opt,2026-03-18 10:00:46.204369,68.25377655029297,25.31534576416016,0.0022480764891952,19.152,3.82,0.0,0.0,0,0,1,,0.955,2026-03-18T10:00:46.204369,sad,0.32,2026-03-18T10:00:45.020794,0.5315224335424786,2026-03-18T10:00:46.036000,71,,,
participant_25,1,day,Town10HD_Opt,2026-03-18 10:00:47.084169,71.24223327636719,25.23892593383789,0.0020334620494395,14.846,0.139,0.011,0.0,0,0,1,,1.0,2026-03-18T10:00:47.084169,neutral,0.9,2026-03-18T10:00:47.084169,0.5472123091168036,2026-03-18T10:00:46.981000,72,,,
participant_25,1,day,Town10HD_Opt,2026-03-18 10:00:48.259339,74.2171401977539,25.167490005493164,0.0020170209463685,10.565,0.888,0.011,0.0,0,0,1,,0.835,2026-03-18T10:00:48.259339,neutral,0.9,2026-03-18T10:00:47.084169,0.4844667151449265,2026-03-18T10:00:47.971000,71,,,
participant_25,1,day,Town10HD_Opt,2026-03-18 10:00:49.164129,75.8602294921875,25.140743255615234,0.0019994731992483,8.047,0.035,0.011,0.0,0,0,1,,0.903,2026-03-18T10:00:49.164129,neutral,0.946,2026-03-18T10:00:49.164129,0.5560372961168918,,72,,,
participant_25,1,day,Town10HD_Opt,2026-03-18 10:00:50.019036,77.09668731689453,25.1210880279541,0.0019863124471157,5.94,0.529,0.012,0.0,0,0,1,,0.956,2026-03-18T10:00:50.019036,neutral,0.946,2026-03-18T10:00:49.164129,0.5031115540793836,2026-03-18T10:00:49.996000,73,,,
participant_25,1,day,Town10HD_Opt,2026-03-18 10:00:51.129372,78.23359680175781,25.11000633239746,0.0019415662391111,4.146,0.637,0.0,0.0,0,0,1,,0.915,2026-03-18T10:00:51.129372,neutral,0.946,2026-03-18T10:00:49.164129,0.5304630907079364,2026-03-18T10:00:50.986000,74,,,
participant_25,1,day,Town10HD_Opt,2026-03-18 10:00:52.018302,78.88561248779297,25.10610008239746,0.0019487760728225,3.222,0.764,0.0,0.0,0,0,1,,0.881,2026-03-18T10:00:52.018302,sad,0.539,2026-03-18T10:00:52.018302,0.5219823435488703,2026-03-18T10:00:51.976000,75,,,
participant_25,1,day,Town10HD_Opt,2026-03-18 10:00:53.150864,79.52737426757812,25.10445976257324,0.0019408796215429,2.265,0.764,0.0,0.0,0,0,1,,0.9,2026-03-18T10:00:53.150864,sad,0.539,2026-03-18T10:00:52.018302,0.5223336848170412,2026-03-18T10:00:53.011000,77,,,
participant_25,1,day,Town10HD_Opt,2026-03-18 10:00:53.997468,79.68414306640625,25.104232788085938,0.0019604489207267,0.0,0.75,0.0,0.04,0,0,1,,0.92,2026-03-18T10:00:53.997468,sad,0.539,2026-03-18T10:00:52.018302,0.4579835254182672,2026-03-18T10:00:54.001000,79,,,
participant_25,1,day,Town10HD_Opt,2026-03-18 10:00:55.217421,79.68492889404297,25.104232788085938,0.0019194030901417,0.0,0.757,0.0,0.0,0,0,1,,0.925,2026-03-18T10:00:55.217421,neutral,0.896,2026-03-18T10:00:55.217421,0.4836231417663482,2026-03-18T10:00:55.036000,75,,,
participant_25,1,day,Town10HD_Opt,2026-03-18 10:00:56.095863,79.6849136352539,25.104232788085938,0.0019188307924196,0.006,0.757,0.0,0.0,0,0,1,,0.923,2026-03-18T10:00:56.095863,neutral,0.896,2026-03-18T10:00:55.217421,0.376218310043863,2026-03-18T10:00:56.028000,76,,,
participant_25,1,day,Town10HD_Opt,2026-03-18 10:00:57.251035,79.68504333496094,25.104232788085938,0.0019188307924196,0.006,0.757,0.0,0.0,0,0,1,,1.0,2026-03-18T10:00:57.251035,neutral,0.885,2026-03-18T10:00:57.251035,0.3754227324518862,2026-03-18T10:00:56.972000,74,,,
participant_25,1,day,Town10HD_Opt,2026-03-18 10:00:58.167314,79.68500518798828,25.104232788085938,0.0019187927246093,0.007,0.757,0.0,0.0,0,0,1,,0.902,2026-03-18T10:00:58.167314,neutral,0.885,2026-03-18T10:00:57.251035,0.322648266342471,,72,,,
participant_25,1,day,Town10HD_Opt,2026-03-18 10:00:59.053095,79.6851577758789,25.104232788085938,0.001919021597132,0.002,0.757,0.0,0.0,0,0,1,,0.897,2026-03-18T10:00:59.053095,neutral,0.885,2026-03-18T10:00:57.251035,0.3470136175160995,2026-03-18T10:00:58.997000,73,,,
participant_25,1,day,Town10HD_Opt,2026-03-18 10:01:00.166873,79.68526458740234,25.104232788085938,0.001919021597132,0.002,0.757,0.0,0.0,0,0,1,,0.879,2026-03-18T10:01:00.166873,neutral,0.943,2026-03-18T10:01:00.166873,0.3108501307516617,2026-03-18T10:00:59.986000,72,,,
participant_25,1,day,Town10HD_Opt,2026-03-18 10:01:01.046891,79.68549346923828,25.104232788085938,0.0019192122854292,0.001,0.757,0.0,0.0,0,0,1,,0.871,2026-03-18T10:01:01.046891,neutral,0.943,2026-03-18T10:01:00.166873,0.3341382538616132,2026-03-18T10:01:01.021000,74,,,
participant_25,1,day,Town10HD_Opt,2026-03-18 10:01:02.216437,79.68476104736328,25.104232788085938,0.001915359403938,0.204,0.757,0.402,0.0,0,0,1,,0.907,2026-03-18T10:01:02.216437,sad,0.574,2026-03-18T10:01:02.216437,0.2678888575873182,2026-03-18T10:01:02.011000,74,,,
participant_25,1,day,Town10HD_Opt,2026-03-18 10:01:03.137644,80.32420349121094,25.10478782653809,0.0016022121999412,9.128,0.75,0.724,0.0,0,0,1,,0.827,2026-03-18T10:01:03.137644,sad,0.574,2026-03-18T10:01:02.216437,0.2012272303869548,2026-03-18T10:01:03.001000,72,,,
participant_25,1,day,Town10HD_Opt,2026-03-18 10:01:04.030188,82.79351043701172,25.119409561157227,0.0017905820859596,19.439,0.242,0.896,0.0,0,0,1,,0.893,2026-03-18T10:01:04.030188,sad,0.574,2026-03-18T10:01:02.216437,0.304450325188127,2026-03-18T10:01:03.992000,72,,,
participant_25,1,day,Town10HD_Opt,2026-03-18 10:01:05.181408,88.98787689208984,25.131086349487305,0.0016129700234159,35.684,-5.534,0.75,0.0,0,0,1,,0.833,2026-03-18T10:01:05.181408,neutral,0.681,2026-03-18T10:01:05.181408,0.3193693607621226,2026-03-18T10:01:04.981000,71,,,
participant_25,1,day,Town10HD_Opt,2026-03-18 10:01:06.123567,95.51789093017578,23.962047576904297,0.001989250537008,39.125,-12.171,0.47,0.0,0,0,1,,0.917,2026-03-18T10:01:06.123567,neutral,0.681,2026-03-18T10:01:05.181408,0.3215892611020047,2026-03-18T10:01:05.972000,72,,,
participant_25,1,day,Town10HD_Opt,2026-03-18 10:01:07.224767,102.87320709228516,18.78555679321289,0.0020869825966656,38.574,-11.916,0.362,0.0,0,0,1,,0.896,2026-03-18T10:01:07.224767,neutral,0.715,2026-03-18T10:01:07.224767,0.2299580612178799,,72,,,
participant_25,1,day,Town10HD_Opt,2026-03-18 10:01:08.046859,106.09390258789062,13.079447746276855,0.0021276851184666,36.563,-10.434,0.379,0.0,0,0,1,,0.913,2026-03-18T10:01:08.046859,neutral,0.715,2026-03-18T10:01:07.224767,0.2964249194372692,2026-03-18T10:01:07.997000,71,,,
participant_25,1,day,Town10HD_Opt,2026-03-18 10:01:09.197839,107.57406616210938,4.815544128417969,0.002055702265352,35.884,-2.624,0.408,0.0,0,0,1,,0.886,2026-03-18T10:01:09.197839,neutral,0.715,2026-03-18T10:01:07.224767,0.2838444690340633,2026-03-18T10:01:08.987000,72,,,
participant_25,1,day,Town10HD_Opt,2026-03-18 10:01:10.061017,107.83363342285156,-1.4474178552627563,0.0020486449357122,35.712,-0.275,0.41,0.0,0,0,1,,0.925,2026-03-18T10:01:10.061017,neutral,0.816,2026-03-18T10:01:10.061017,0.2775431487657561,2026-03-18T10:01:09.976000,73,,,
participant_25,1,day,Town10HD_Opt,2026-03-18 10:01:11.191750,107.99604034423828,-9.781139373779297,0.0020371244754642,35.815,-0.952,0.425,0.0,0,0,1,,0.905,2026-03-18T10:01:11.191750,neutral,0.816,2026-03-18T10:01:10.061017,0.2884153714532284,2026-03-18T10:01:11.012000,75,,,
participant_25,1,day,Town10HD_Opt,2026-03-18 10:01:12.024399,107.92088317871094,-16.06812286376953,0.00203632353805,36.039,-1.518,0.425,0.0,0,0,1,,0.906,2026-03-18T10:01:12.024399,neutral,0.816,2026-03-18T10:01:10.061017,0.2510845562639744,2026-03-18T10:01:12.001000,75,,,
participant_25,1,day,Town10HD_Opt,2026-03-18 10:01:13.159858,107.27996063232422,-24.472675323486328,0.0020396041218191,36.234,-3.467,0.425,0.0,0,0,1,,0.878,2026-03-18T10:01:13.159858,neutral,0.697,2026-03-18T10:01:13.159858,0.2938948949694187,2026-03-18T10:01:12.991000,75,,,
participant_25,1,day,Town10HD_Opt,2026-03-18 10:01:14.077165,106.06153869628906,-30.704545974731445,0.0020406723488122,36.359,-3.149,0.425,0.0,0,0,1,,0.88,2026-03-18T10:01:14.077165,neutral,0.697,2026-03-18T10:01:13.159858,0.3610440675974685,2026-03-18T10:01:13.981000,76,Solid line crossing,Solid line crossing,
participant_25,1,day,Town10HD_Opt,2026-03-18 10:01:15.221632,103.42292785644533,-38.7774772644043,0.0020433806348592,36.475,-4.674,0.425,0.0,0,0,1,,0.829,2026-03-18T10:01:15.221632,neutral,0.51,2026-03-18T10:01:15.221632,0.2854138129076634,2026-03-18T10:01:15.017000,75,,,
participant_25,1,day,Town10HD_Opt,2026-03-18 10:01:16.094497,100.4979019165039,-44.44886016845703,0.0020456314086914,36.514,-5.212,0.425,0.0,0,0,1,,0.848,2026-03-18T10:01:16.094497,neutral,0.51,2026-03-18T10:01:15.221632,0.4029252935383767,,78,,,
participant_25,1,day,Town10HD_Opt,2026-03-18 10:01:17.202424,95.2579345703125,-51.15541076660156,0.0020455168560147,36.568,-4.518,0.425,0.0,0,0,1,,0.841,2026-03-18T10:01:17.202424,neutral,0.51,2026-03-18T10:01:15.221632,0.3461227980636659,2026-03-18T10:01:16.996000,77,,,
participant_25,1,day,Town10HD_Opt,2026-03-18 10:01:18.065143,90.53016662597656,-55.473411560058594,0.0020432663150131,36.644,-4.296,0.426,0.0,0,0,1,,0.802,2026-03-18T10:01:18.065143,neutral,0.627,2026-03-18T10:01:18.065143,0.3046895999884468,2026-03-18T10:01:17.986000,76,,,
participant_25,1,day,Town10HD_Opt,2026-03-18 10:01:18.994672,85.26150512695312,-59.13471221923828,0.002031059237197,37.069,-4.379,0.637,0.0,0,0,1,,0.809,2026-03-18T10:01:18.994672,neutral,0.627,2026-03-18T10:01:18.065143,0.3608281562569868,2026-03-18T10:01:18.979000,74,,,
participant_25,1,day,Town10HD_Opt,2026-03-18 10:01:20.112054,76.71580505371094,-63.14703369140625,0.001869736239314,44.455,-4.235,0.622,0.0,0,0,1,,0.832,2026-03-18T10:01:20.112054,neutral,0.687,2026-03-18T10:01:20.112054,0.3570942305481967,2026-03-18T10:01:20.011000,74,,,
participant_25,1,day,Town10HD_Opt,2026-03-18 10:01:21.248979,66.17825317382812,-65.71723175048828,0.001978340325877,48.154,-3.346,0.503,0.0,0,0,1,,0.866,2026-03-18T10:01:21.248979,neutral,0.687,2026-03-18T10:01:20.112054,0.3438863306893261,2026-03-18T10:01:21.001000,73,,,
participant_25,1,day,Town10HD_Opt,2026-03-18 10:01:22.148642,57.78423690795898,-66.42317199707031,0.0020535278599709,47.941,-0.651,0.437,0.0,0,0,1,,0.847,2026-03-18T10:01:22.148642,neutral,0.471,2026-03-18T10:01:22.148642,0.4218072266098028,2026-03-18T10:01:21.991000,74,,,
participant_25,1,day,Town10HD_Opt,2026-03-18 10:01:23.071398,49.497703552246094,-66.7614974975586,0.0020863339304924,46.636,0.061,0.428,0.0,0,0,1,,1.0,2026-03-18T10:01:23.071398,neutral,0.471,2026-03-18T10:01:22.148642,0.4004666213987929,2026-03-18T10:01:22.982000,73,,,
participant_25,1,day,Town10HD_Opt,2026-03-18 10:01:23.993417,41.44744110107422,-67.11254119873047,0.0020829390268772,45.365,-0.251,0.428,0.0,0,0,1,,0.845,2026-03-18T10:01:23.993417,neutral,0.471,2026-03-18T10:01:22.148642,0.4543036125198192,2026-03-18T10:01:24.018000,76,,,
participant_25,1,day,Town10HD_Opt,2026-03-18 10:01:25.215720,31.025447845458984,-67.45703887939453,0.0020750807598233,43.914,-0.244,0.428,0.0,0,0,1,,0.838,2026-03-18T10:01:25.215720,neutral,0.586,2026-03-18T10:01:25.215720,0.3754770112070444,,75,,,
participant_25,1,day,Town10HD_Opt,2026-03-18 10:01:26.161781,23.404342651367188,-67.62654113769531,0.0020705030765384,43.091,-0.249,0.428,0.0,0,0,1,,0.869,2026-03-18T10:01:26.161781,neutral,0.586,2026-03-18T10:01:25.215720,0.4984676848060595,2026-03-18T10:01:25.996000,76,,,
participant_25,1,day,Town10HD_Opt,2026-03-18 10:01:27.066629,15.941645622253418,-67.7242202758789,0.00211917841807,41.187,-0.188,0.001,0.0,0,0,1,,0.898,2026-03-18T10:01:27.066629,neutral,0.586,2026-03-18T10:01:25.215720,0.4471887588877112,2026-03-18T10:01:26.986000,77,,,
participant_25,1,day,Town10HD_Opt,2026-03-18 10:01:28.020002,9.42021369934082,-67.76714324951172,0.0023239888250827,32.425,-0.054,0.0,0.0,0,0,1,,1.0,2026-03-18T10:01:28.020002,neutral,0.748,2026-03-18T10:01:28.020002,0.5061455661152324,2026-03-18T10:01:28.022000,74,,,
participant_25,1,day,Town10HD_Opt,2026-03-18 10:01:29.182222,2.964785099029541,-67.80494689941406,0.0022692482452839,22.977,0.031,0.0,0.0,0,0,1,,1.0,2026-03-18T10:01:29.182222,neutral,0.748,2026-03-18T10:01:28.020002,0.5555447250632798,2026-03-18T10:01:29.057000,73,,,
participant_25,1,day,Town10HD_Opt,2026-03-18 10:01:30.052831,-0.5196934342384338,-67.82923889160156,0.0019729607738554,17.192,-0.035,0.0,0.0,0,0,1,,0.815,2026-03-18T10:01:30.052831,fear,0.342,2026-03-18T10:01:30.052831,0.494639600484263,2026-03-18T10:01:30.002000,72,,,
participant_25,1,day,Town10HD_Opt,2026-03-18 10:01:31.187192,-4.104902267456055,-67.8548355102539,0.0019344710744917,14.696,0.016,0.267,0.0,0,0,1,,0.83,2026-03-18T10:01:31.187192,fear,0.342,2026-03-18T10:01:30.052831,0.4323382223591118,2026-03-18T10:01:30.991000,73,,,
participant_25,1,day,Town10HD_Opt,2026-03-18 10:01:32.016108,-6.754519462585449,-67.8747329711914,0.0018892289372161,15.611,0.021,0.264,0.0,0,0,1,,0.819,2026-03-18T10:01:32.016108,fear,0.342,2026-03-18T10:01:30.052831,0.4945608119972542,2026-03-18T10:01:31.982000,73,,,
participant_25,1,day,Town10HD_Opt,2026-03-18 10:01:33.125796,-10.490689277648926,-67.9041519165039,0.0019048309186473,16.337,0.005,0.254,0.0,0,0,1,,1.0,2026-03-18T10:01:33.125796,neutral,0.861,2026-03-18T10:01:33.125796,0.4279453878211721,2026-03-18T10:01:33.016000,71,,,
participant_25,1,day,Town10HD_Opt,2026-03-18 10:01:34.242357,-14.349130630493164,-67.93312072753906,0.0019100952195003,16.722,0.012,0.224,0.0,0,0,1,,0.865,2026-03-18T10:01:34.242357,neutral,0.861,2026-03-18T10:01:33.125796,0.5292430210078379,2026-03-18T10:01:34.007000,69,,,
participant_25,1,day,Town10HD_Opt,2026-03-18 10:01:35.099344,-17.075355529785156,-67.95460510253906,0.0020332331769168,13.62,0.045,0.0,0.0,0,0,1,,1.0,2026-03-18T10:01:35.099344,neutral,0.861,2026-03-18T10:01:33.125796,0.4282776839582535,2026-03-18T10:01:34.996000,69,,,
participant_25,1,day,Town10HD_Opt,2026-03-18 10:01:36.232728,-19.71009063720703,-67.97724151611328,0.0020579523406922,8.094,0.045,0.0,0.204,0,0,1,,0.843,2026-03-18T10:01:36.232728,fear,0.596,2026-03-18T10:01:36.232728,0.4655716455695773,2026-03-18T10:01:35.987000,66,,,
participant_25,1,day,Town10HD_Opt,2026-03-18 10:01:37.069045,-20.740398406982425,-67.98697662353516,0.0023971158079802,0.001,0.035,0.0,0.203,0,0,1,,1.0,2026-03-18T10:01:37.069045,fear,0.596,2026-03-18T10:01:36.232728,0.4145359464520716,2026-03-18T10:01:36.976000,68,,,
participant_25,1,day,Town10HD_Opt,2026-03-18 10:01:38.131968,-20.740936279296875,-67.98698425292969,0.0019260788103565,0.001,0.035,0.0,0.0,0,0,1,,0.815,2026-03-18T10:01:38.131968,fear,0.596,2026-03-18T10:01:36.232728,0.4559041306007548,2026-03-18T10:01:38.012000,66,Solid line crossing,Solid line crossing,
participant_25,1,day,Town10HD_Opt,2026-03-18 10:01:38.989859,-20.740812301635746,-67.98698425292969,0.0019190978491678,0.002,0.035,0.0,0.0,0,0,1,,0.848,2026-03-18T10:01:38.989859,neutral,0.806,2026-03-18T10:01:38.989859,0.3852586271615836,2026-03-18T10:01:39.047000,67,,,
participant_25,1,day,Town10HD_Opt,2026-03-18 10:01:40.107823,-20.739925384521484,-67.98698425292969,0.001917190500535,0.147,0.035,0.251,0.0,0,0,1,,0.827,2026-03-18T10:01:40.107823,neutral,0.806,2026-03-18T10:01:38.989859,0.4174484017667556,2026-03-18T10:01:39.991000,67,,,
participant_25,1,day,Town10HD_Opt,2026-03-18 10:01:41.184835,-20.896085739135746,-67.98828125,0.0019115447066724,0.86,0.035,0.069,0.0,0,0,1,,0.856,2026-03-18T10:01:41.184835,neutral,0.632,2026-03-18T10:01:41.184835,0.4921994795905339,2026-03-18T10:01:40.981000,66,,,
participant_25,1,day,Town10HD_Opt,2026-03-18 10:01:42.059667,-21.09718894958496,-67.9899673461914,0.0018818284152075,1.773,0.035,0.31,0.0,0,0,1,,1.0,2026-03-18T10:01:42.059667,neutral,0.632,2026-03-18T10:01:41.184835,0.4840874743340983,2026-03-18T10:01:42.017000,69,,,
participant_25,1,day,Town10HD_Opt,2026-03-18 10:01:43.214965,-22.14141845703125,-67.99874114990234,0.0017728047678247,7.92,-0.002,0.454,0.0,0,0,1,,0.826,2026-03-18T10:01:43.214965,neutral,0.616,2026-03-18T10:01:43.214965,0.4309293409058984,2026-03-18T10:01:43.007000,70,,,
participant_25,1,day,Town10HD_Opt,2026-03-18 10:01:44.079622,-23.97955322265625,-68.01232147216797,0.0016312036896124,15.323,-0.087,0.825,0.0,0,0,1,,0.83,2026-03-18T10:01:44.079622,neutral,0.616,2026-03-18T10:01:43.214965,0.4667772784880004,2026-03-18T10:01:43.997000,68,,,
participant_25,1,day,Town10HD_Opt,2026-03-18 10:01:45.216461,-28.94577980041504,-68.04150390625,0.0016964352689683,29.156,-0.136,0.773,0.0,0,0,1,,0.846,2026-03-18T10:01:45.216461,neutral,0.471,2026-03-18T10:01:45.216461,0.4382423778464157,2026-03-18T10:01:45.077000,67,,,
participant_25,1,day,Town10HD_Opt,2026-03-18 10:01:46.075761,-34.757568359375,-68.04891204833984,0.0017246258212253,38.467,-0.228,0.755,0.0,0,0,1,,0.915,2026-03-18T10:01:46.075761,neutral,0.471,2026-03-18T10:01:45.216461,0.4914239664459245,2026-03-18T10:01:46.022000,68,,,
participant_25,1,day,Town10HD_Opt,2026-03-18 10:01:47.145906,-44.89302444458008,-67.98835754394531,0.0023667160421609,49.199,-0.012,0.741,0.0,0,0,1,,1.0,2026-03-18T10:01:47.145906,neutral,0.471,2026-03-18T10:01:45.216461,0.4429160371434665,2026-03-18T10:01:47.012000,67,,,
participant_25,1,day,Town10HD_Opt,2026-03-18 10:01:48.022499,-53.59748840332031,-67.89257049560547,0.0021225733216851,47.931,-1.678,0.716,0.0,0,0,1,,1.0,2026-03-18T10:01:48.022499,neutral,0.83,2026-03-18T10:01:48.022499,0.5028735009941528,2026-03-18T10:01:48.001000,66,,,
participant_25,1,day,Town10HD_Opt,2026-03-18 10:01:49.240407,-65.11067962646484,-67.02336883544922,0.0021387478336691,48.983,-0.801,0.672,0.0,0,0,1,,0.898,2026-03-18T10:01:49.240407,neutral,0.83,2026-03-18T10:01:48.022499,0.549050902531515,2026-03-18T10:01:48.991000,67,,,
participant_25,1,day,Town10HD_Opt,2026-03-18 10:01:50.146401,-73.76146697998047,-65.83180236816406,0.0021534343250095,48.346,-2.033,0.657,0.0,0,0,1,,0.92,2026-03-18T10:01:50.146401,neutral,0.886,2026-03-18T10:01:50.146401,0.526313725796548,2026-03-18T10:01:49.981000,68,,,
participant_25,1,day,Town10HD_Opt,2026-03-18 10:01:51.012090,-82.10183715820312,-63.96112060546875,0.001940231770277,50.697,-5.319,0.0,0.0,0,0,1,,0.938,2026-03-18T10:01:51.012090,neutral,0.886,2026-03-18T10:01:50.146401,0.5142541690442847,2026-03-18T10:01:51.019000,67,,,
participant_25,1,day,Town10HD_Opt,2026-03-18 10:01:52.171675,-92.59707641601562,-58.99717712402344,0.0019722750876098,50.499,-5.392,0.0,0.0,0,0,1,,0.945,2026-03-18T10:01:52.171675,neutral,0.617,2026-03-18T10:01:52.171675,0.4922525454740337,2026-03-18T10:01:52.007000,67,,,
participant_25,1,day,Town10HD_Opt,2026-03-18 10:01:53.056614,-99.28880310058594,-53.46242904663086,0.0019668580498546,50.799,-5.872,0.0,0.0,0,0,1,,0.921,2026-03-18T10:01:53.056614,neutral,0.617,2026-03-18T10:01:52.171675,0.5669452160365951,2026-03-18T10:01:52.997000,69,,,
participant_25,1,day,Town10HD_Opt,2026-03-18 10:01:54.240571,-105.82429504394533,-44.03208923339844,0.0019499210175126,50.707,-5.371,0.0,0.0,0,0,1,,0.903,2026-03-18T10:01:54.240571,neutral,0.929,2026-03-18T10:01:54.240571,0.5680283477135151,2026-03-18T10:01:53.987000,70,,,
participant_25,1,day,Town10HD_Opt,2026-03-18 10:01:55.163216,-108.67607879638672,-36.30740737915039,0.0023762881755828,41.383,-4.763,0.0,0.0,0,0,1,,0.885,2026-03-18T10:01:55.163216,neutral,0.929,2026-03-18T10:01:54.240571,0.5397883660893474,2026-03-18T10:01:54.977000,69,,,
participant_25,1,day,Town10HD_Opt,2026-03-18 10:01:56.127710,-109.7591552734375,-29.951040267944336,0.002342642750591,31.921,-3.794,0.0,0.0,0,0,1,,0.95,2026-03-18T10:01:56.127710,neutral,0.929,2026-03-18T10:01:54.240571,0.4893225950194966,2026-03-18T10:01:56.012000,72,,,
participant_25,1,day,Town10HD_Opt,2026-03-18 10:01:57.071169,-110.04447174072266,-24.98578643798828,0.0022822560276836,24.434,-1.149,0.0,0.0,0,0,1,,0.933,2026-03-18T10:01:57.071169,neutral,0.708,2026-03-18T10:01:57.071169,0.4692956688336741,2026-03-18T10:01:57.002000,73,,,
participant_25,1,day,Town10HD_Opt,2026-03-18 10:01:58.043821,-110.13609313964844,-21.218305587768555,0.0022413246333599,18.222,0.141,0.0,0.0,0,0,1,,0.881,2026-03-18T10:01:58.043821,neutral,0.708,2026-03-18T10:01:57.071169,0.5582458911308553,2026-03-18T10:01:58.037000,72,,,
participant_25,1,day,Town10HD_Opt,2026-03-18 10:01:59.055355,-110.20077514648438,-18.34329032897949,0.002042960608378,14.223,0.031,0.0,0.0,0,0,1,,0.829,2026-03-18T10:01:59.055355,neutral,0.708,2026-03-18T10:01:57.071169,0.5074417890083066,2026-03-18T10:01:58.983000,72,,,
participant_25,1,day,Town10HD_Opt,2026-03-18 10:02:00.250408,-110.26207733154295,-15.490510940551758,0.0019836041610687,10.622,-0.36,0.089,0.0,0,0,1,,1.0,2026-03-18T10:02:00.250408,neutral,0.826,2026-03-18T10:02:00.250408,0.5296799924907802,2026-03-18T10:02:00.107000,71,,,
participant_25,1,day,Town10HD_Opt,2026-03-18 10:02:01.136035,-110.28915405273438,-13.741764068603516,0.0019638058729469,9.25,-0.416,0.083,0.0,0,0,1,,0.833,2026-03-18T10:02:01.136035,neutral,0.826,2026-03-18T10:02:00.250408,0.4345158861252398,,69,,,
participant_25,1,day,Town10HD_Opt,2026-03-18 10:02:02.059156,-110.30738830566406,-12.21972370147705,0.0019569776486605,8.004,-0.355,0.083,0.0,0,0,1,,0.863,2026-03-18T10:02:02.059156,neutral,0.826,2026-03-18T10:02:00.250408,0.4511194479649074,2026-03-18T10:02:01.997000,70,,,
participant_25,1,day,Town10HD_Opt,2026-03-18 10:02:03.272810,-110.3253402709961,-10.484682083129885,0.0019496533786877,6.711,-0.063,0.082,0.0,0,0,1,,1.0,2026-03-18T10:02:03.272810,neutral,0.868,2026-03-18T10:02:03.272810,0.4687911774142233,2026-03-18T10:02:02.986000,71,,,
participant_25,1,day,Town10HD_Opt,2026-03-18 10:02:04.154801,-110.33660125732422,-9.367720603942873,0.0019449995597824,5.95,-0.155,0.082,0.0,0,0,1,,0.893,2026-03-18T10:02:04.154801,neutral,0.868,2026-03-18T10:02:03.272810,0.4688037951653928,2026-03-18T10:02:03.977000,71,,,
participant_25,1,day,Town10HD_Opt,2026-03-18 10:02:05.059299,-110.34532928466795,-8.382349967956543,0.0019409558735787,5.264,-0.155,0.082,0.0,0,0,1,,0.864,2026-03-18T10:02:05.059299,neutral,0.868,2026-03-18T10:02:03.272810,0.4473025582129073,2026-03-18T10:02:05.058000,72,,,
participant_25,1,day,Town10HD_Opt,2026-03-18 10:02:06.256487,-110.3543701171875,-7.239467620849609,0.0019375229021534,4.464,-0.155,0.083,0.0,0,0,1,,0.892,2026-03-18T10:02:06.256487,neutral,0.779,2026-03-18T10:02:06.256487,0.4917140757252481,2026-03-18T10:02:06.002000,73,,,
participant_25,1,day,Town10HD_Opt,2026-03-18 10:02:07.221932,-110.35972595214844,-6.491695404052734,0.0019338988931849,4.024,-0.155,0.083,0.0,0,0,1,,0.897,2026-03-18T10:02:07.221932,neutral,0.779,2026-03-18T10:02:06.256487,0.3700857034033645,2026-03-18T10:02:06.991000,72,,,
participant_25,1,day,Town10HD_Opt,2026-03-18 10:02:08.077858,-110.3640594482422,-5.8147711753845215,0.0019277571700513,3.908,-0.155,0.0,0.0,0,0,1,,0.838,2026-03-18T10:02:08.077858,neutral,0.779,2026-03-18T10:02:06.256487,0.432139474724991,2026-03-18T10:02:07.982000,72,,,
participant_25,1,day,Town10HD_Opt,2026-03-18 10:02:09.022699,-110.36570739746094,-5.527390480041504,0.0019947811961174,0.0,-0.155,0.0,0.049,0,0,1,,0.85,2026-03-18T10:02:09.022699,neutral,0.594,2026-03-18T10:02:09.022699,0.4875220461119761,2026-03-18T10:02:09.017000,72,,,
participant_25,1,day,Town10HD_Opt,2026-03-18 10:02:10.175785,-110.36570739746094,-5.526575088500977,0.001919784466736,0.007,-0.155,0.0,0.0,0,0,1,,0.862,2026-03-18T10:02:10.175785,neutral,0.594,2026-03-18T10:02:09.022699,0.5416053162439711,2026-03-18T10:02:10.007000,71,,,
participant_25,1,day,Town10HD_Opt,2026-03-18 10:02:11.047953,-110.36570739746094,-5.526594638824463,0.0019187927246093,0.006,-0.134,0.0,0.0,0,0,1,,1.0,2026-03-18T10:02:11.047953,neutral,0.795,2026-03-18T10:02:11.047953,0.3881423023671814,2026-03-18T10:02:10.997000,71,,,
participant_25,1,day,Town10HD_Opt,2026-03-18 10:02:12.239754,-110.36570739746094,-5.526492595672607,0.0019187927246093,0.006,-0.132,0.0,0.0,0,0,1,,1.0,2026-03-18T10:02:12.239754,neutral,0.795,2026-03-18T10:02:11.047953,0.4444353003026355,2026-03-18T10:02:11.987000,70,,,
participant_25,1,day,Town10HD_Opt,2026-03-18 10:02:13.138897,-110.36570739746094,-5.526559829711914,0.0019189452286809,0.006,-0.115,0.0,0.0,0,0,1,,0.864,2026-03-18T10:02:13.138897,neutral,0.586,2026-03-18T10:02:13.138897,0.5165192986828926,2026-03-18T10:02:12.977000,72,,,
participant_25,1,day,Town10HD_Opt,2026-03-18 10:02:14.044328,-110.36570739746094,-5.526400089263916,0.0019190978491678,0.002,-0.082,0.0,0.0,0,0,1,,0.88,2026-03-18T10:02:14.044328,neutral,0.586,2026-03-18T10:02:13.138897,0.4782483904882152,2026-03-18T10:02:14.012000,70,,,
participant_25,1,day,Town10HD_Opt,2026-03-18 10:02:15.261664,-110.36570739746094,-5.52631950378418,0.0019190596649423,0.002,-0.073,0.0,0.0,0,0,1,,0.913,2026-03-18T10:02:15.261664,neutral,0.83,2026-03-18T10:02:15.261664,0.5068307986362572,2026-03-18T10:02:15.005000,70,,,
participant_25,1,day,Town10HD_Opt,2026-03-18 10:02:16.217997,-110.36570739746094,-5.526111125946045,0.0019192122854292,0.001,-0.038,0.0,0.0,0,0,1,,1.0,2026-03-18T10:02:16.217997,neutral,0.83,2026-03-18T10:02:15.261664,0.5629096648081165,2026-03-18T10:02:15.992000,68,,,
participant_25,1,day,Town10HD_Opt,2026-03-18 10:02:17.144773,-110.36570739746094,-5.526084899902344,0.0019189071608707,0.006,0.002,0.0,0.0,0,0,1,,0.855,2026-03-18T10:02:17.144773,neutral,0.83,2026-03-18T10:02:15.261664,0.5183557313090307,2026-03-18T10:02:16.982000,70,,,
participant_25,1,day,Town10HD_Opt,2026-03-18 10:02:18.068889,-110.36570739746094,-5.526141166687012,0.0019187163561582,0.006,0.054,0.0,0.0,0,0,1,,0.909,2026-03-18T10:02:18.068889,neutral,0.896,2026-03-18T10:02:18.068889,0.4991665421580012,2026-03-18T10:02:18.017000,69,,,
participant_25,1,day,Town10HD_Opt,2026-03-18 10:02:19.021592,-110.36570739746094,-5.5260748863220215,0.0019189834129065,0.002,0.054,0.0,0.0,0,0,1,,1.0,2026-03-18T10:02:19.021592,neutral,0.896,2026-03-18T10:02:18.068889,0.4384241869258123,2026-03-18T10:02:19.008000,71,,,
participant_25,1,day,Town10HD_Opt,2026-03-18 10:02:20.188183,-110.36691284179688,-5.377023696899414,0.0016407022485509,5.711,0.078,1.0,0.0,0,0,1,,0.845,2026-03-18T10:02:20.188183,neutral,0.674,2026-03-18T10:02:20.188183,0.4336162429593083,2026-03-18T10:02:19.997000,71,,,
participant_25,1,day,Town10HD_Opt,2026-03-18 10:02:21.173368,-110.38632202148438,-3.0926735401153564,0.0016743867890909,20.773,0.082,1.0,0.0,0,0,1,,0.902,2026-03-18T10:02:21.173368,neutral,0.674,2026-03-18T10:02:20.188183,0.4863658881257762,2026-03-18T10:02:20.987000,70,,,
participant_25,1,day,Town10HD_Opt,2026-03-18 10:02:22.081695,-110.43402099609376,1.74998140335083,0.0015103931073099,36.495,0.082,0.932,0.0,0,0,1,,0.887,2026-03-18T10:02:22.081695,neutral,0.674,2026-03-18T10:02:20.188183,0.4610970382401756,2026-03-18T10:02:21.977000,71,,,
participant_25,1,day,Town10HD_Opt,2026-03-18 10:02:23.038480,-110.39911651611328,8.908342361450195,0.0019865802023559,41.582,-4.957,0.0,0.0,0,0,1,,1.0,2026-03-18T10:02:23.038480,neutral,0.531,2026-03-18T10:02:23.038480,0.4396140846336876,2026-03-18T10:02:23.012000,68,,,
participant_25,1,day,Town10HD_Opt,2026-03-18 10:02:24.012730,-109.35578918457033,15.318743705749512,0.0023493184708058,32.099,-11.868,0.0,0.0,0,0,1,,0.928,2026-03-18T10:02:24.012730,neutral,0.531,2026-03-18T10:02:23.038480,0.4628419077884574,2026-03-18T10:02:24.004000,70,,,
participant_25,1,day,Town10HD_Opt,2026-03-18 10:02:25.286547,-106.19241333007812,20.75029754638672,0.0022940435446798,22.019,-14.043,0.0,0.0,0,0,1,,0.875,2026-03-18T10:02:25.286547,neutral,0.619,2026-03-18T10:02:25.286547,0.4462089066025373,2026-03-18T10:02:24.993000,69,,,
participant_25,1,day,Town10HD_Opt,2026-03-18 10:02:26.234298,-103.58783721923828,22.90735626220703,0.0019749826751649,16.82,-13.251,0.0,0.0,0,0,1,,0.924,2026-03-18T10:02:26.234298,neutral,0.619,2026-03-18T10:02:25.286547,0.4399439557648529,2026-03-18T10:02:25.982000,69,,,
participant_25,1,day,Town10HD_Opt,2026-03-18 10:02:27.206390,-101.26416778564452,24.10556602478028,0.0020479196682572,12.921,-11.622,0.0,0.0,0,0,1,,0.931,2026-03-18T10:02:27.206390,neutral,0.619,2026-03-18T10:02:25.286547,0.4270687472953429,2026-03-18T10:02:27.152000,68,,,
participant_25,1,day,Town10HD_Opt,2026-03-18 10:02:28.205121,-99.35586547851562,24.773983001708984,0.0019794462714344,10.887,-10.694,0.527,0.0,0,0,1,,0.921,2026-03-18T10:02:28.205121,neutral,0.726,2026-03-18T10:02:28.205121,0.4485196575717782,2026-03-18T10:02:28.007000,68,,,
participant_25,1,day,Town10HD_Opt,2026-03-18 10:02:29.247656,-96.78392028808594,25.33036231994629,0.0018276607152074,20.879,-10.757,0.905,0.0,0,0,1,,0.896,2026-03-18T10:02:29.247656,neutral,0.726,2026-03-18T10:02:28.205121,0.4573161633418272,2026-03-18T10:02:28.998000,71,,,
participant_25,1,day,Town10HD_Opt,2026-03-18 10:02:30.291434,-92.34800720214844,25.53915977478028,0.001864090678282,28.367,-5.399,0.0,0.0,0,0,1,,0.945,2026-03-18T10:02:30.291434,neutral,0.406,2026-03-18T10:02:30.291434,0.3980440475956436,2026-03-18T10:02:29.990000,70,,,
participant_25,1,day,Town10HD_Opt,2026-03-18 10:02:31.017303,-89.22985076904297,25.36375999450684,0.0022072594147175,24.387,-0.021,0.0,0.0,0,0,1,,0.902,2026-03-18T10:02:31.017303,neutral,0.406,2026-03-18T10:02:30.291434,0.4976651805654398,2026-03-18T10:02:30.978000,71,,,
participant_25,1,day,Town10HD_Opt,2026-03-18 10:02:32.027660,-85.41360473632812,25.17880630493164,0.0021758647635579,19.79,0.498,0.195,0.0,0,0,1,,1.0,2026-03-18T10:02:32.027660,neutral,0.406,2026-03-18T10:02:30.291434,0.4049193059784722,2026-03-18T10:02:32.012000,70,,,
participant_25,1,day,Town10HD_Opt,2026-03-18 10:02:33.066061,-82.18074035644531,25.01578712463379,0.0018607327947393,17.504,-0.949,0.13,0.0,0,0,1,,0.852,2026-03-18T10:02:33.066061,neutral,0.603,2026-03-18T10:02:33.066061,0.4944431486478222,2026-03-18T10:02:33.002000,70,,,
participant_25,1,day,Town10HD_Opt,2026-03-18 10:02:34.044303,-79.26007080078125,24.820045471191406,0.0019694135989993,15.839,-0.768,0.166,0.0,0,0,1,,0.877,2026-03-18T10:02:34.044303,neutral,0.603,2026-03-18T10:02:33.066061,0.4818071697495268,2026-03-18T10:02:33.992000,69,,,
participant_25,1,day,Town10HD_Opt,2026-03-18 10:02:35.103681,-76.59597778320312,24.620874404907227,0.0019654082134366,14.494,1.206,0.13,0.0,0,0,1,,0.926,2026-03-18T10:02:35.103681,neutral,0.849,2026-03-18T10:02:35.103681,0.5221875394978258,2026-03-18T10:02:35.027000,73,,,
participant_25,1,day,Town10HD_Opt,2026-03-18 10:02:36.089740,-74.17540740966797,24.513107299804688,0.0019633099436759,13.109,2.426,0.129,0.0,0,0,1,,0.918,2026-03-18T10:02:36.089740,neutral,0.849,2026-03-18T10:02:35.103681,0.5631368914880928,2026-03-18T10:02:36.017000,73,,,
participant_25,1,day,Town10HD_Opt,2026-03-18 10:02:37.077837,-71.9744873046875,24.471866607666016,0.0019551084842532,11.98,1.631,0.129,0.0,0,0,1,,0.941,2026-03-18T10:02:37.077837,neutral,0.849,2026-03-18T10:02:35.103681,0.54399382414971,2026-03-18T10:02:37.007000,73,,,
participant_25,1,day,Town10HD_Opt,2026-03-18 10:02:38.052879,-70.04838562011719,24.46922874450684,0.0020126339513808,9.424,1.622,0.0,0.047,0,0,1,,0.926,2026-03-18T10:02:38.052879,neutral,0.702,2026-03-18T10:02:38.052879,0.5411037564376607,2026-03-18T10:02:37.997000,73,,,
participant_25,1,day,Town10HD_Opt,2026-03-18 10:02:38.994774,-68.63101959228516,24.48903465270996,0.0020114895887672,6.396,1.608,0.0,0.07,0,0,1,,0.875,2026-03-18T10:02:38.994774,neutral,0.702,2026-03-18T10:02:38.052879,0.5243526433954482,2026-03-18T10:02:38.988000,71,,,
participant_25,1,day,Town10HD_Opt,2026-03-18 10:02:40.264151,-68.015869140625,24.503341674804688,0.0019911571871489,0.0,1.605,0.0,0.063,0,0,1,,0.937,2026-03-18T10:02:40.264151,neutral,0.773,2026-03-18T10:02:40.264151,0.5118909131816611,2026-03-18T10:02:40.022000,71,,,
participant_25,1,day,Town10HD_Opt,2026-03-18 10:02:41.248245,-68.01570129394531,24.50335693359375,0.0019215393112972,0.001,1.565,0.0,0.0,0,0,1,,0.948,2026-03-18T10:02:41.248245,neutral,0.773,2026-03-18T10:02:40.264151,0.5177313354673431,2026-03-18T10:02:41.012000,73,,,
participant_25,1,day,Town10HD_Opt,2026-03-18 10:02:42.178584,-67.79692077636719,24.50926780700684,0.0015783321578055,6.899,1.396,1.0,0.0,0,0,1,,0.922,2026-03-18T10:02:42.178584,neutral,0.773,2026-03-18T10:02:40.264151,0.5046682996973199,2026-03-18T10:02:42.002000,71,,,
participant_25,1,day,Town10HD_Opt,2026-03-18 10:02:43.163339,-65.31295013427734,24.587820053100582,0.0017108551692217,22.415,0.738,1.0,0.0,0,0,1,,0.913,2026-03-18T10:02:43.163339,neutral,0.921,2026-03-18T10:02:43.163339,0.4714221989482264,2026-03-18T10:02:43.038000,71,,,
participant_25,1,day,Town10HD_Opt,2026-03-18 10:02:44.074821,-60.262298583984375,24.756561279296875,0.001476633013226,37.808,-0.134,1.0,0.0,0,0,1,,0.916,2026-03-18T10:02:44.074821,neutral,0.921,2026-03-18T10:02:43.163339,0.5486669623634037,2026-03-18T10:02:44.027000,69,,,
participant_25,1,day,Town10HD_Opt,2026-03-18 10:02:45.003139,-52.48263168334961,25.03622436523437,0.0015376299852505,51.664,0.508,0.0,0.166,0,0,1,,0.872,2026-03-18T10:02:45.003139,neutral,0.921,2026-03-18T10:02:43.163339,0.4944742639485778,2026-03-18T10:02:45.018000,68,,,
participant_25,1,day,Town10HD_Opt,2026-03-18 10:02:46.166432,-40.65616607666016,25.72431373596192,0.0019659425597637,50.719,0.186,0.0,0.119,0,0,1,,0.936,2026-03-18T10:02:46.166432,neutral,0.913,2026-03-18T10:02:46.166432,0.4672699480341237,2026-03-18T10:02:46.008000,70,,,
participant_25,1,day,Town10HD_Opt,2026-03-18 10:02:47.059856,-31.98908424377441,26.323760986328125,0.0018204123480245,52.347,-0.282,0.0,0.24,0,0,1,,0.886,2026-03-18T10:02:47.059856,neutral,0.913,2026-03-18T10:02:46.166432,0.5703494664425178,2026-03-18T10:02:46.998000,71,,,
participant_25,1,day,Town10HD_Opt,2026-03-18 10:02:48.036940,-23.24960708618164,26.874589920043945,0.0018994909478351,51.823,0.087,0.0,0.137,0,0,1,,0.925,2026-03-18T10:02:48.036940,neutral,0.913,2026-03-18T10:02:46.166432,0.4547139714199991,2026-03-18T10:02:47.989000,70,,,
participant_25,1,day,Town10HD_Opt,2026-03-18 10:02:49.246535,-12.34069538116455,27.584205627441406,0.0022210297174751,38.655,-0.108,0.0,0.0,0,0,1,,0.865,2026-03-18T10:02:49.246535,neutral,0.834,2026-03-18T10:02:49.246535,0.4655253823270063,2026-03-18T10:02:49.068000,70,,,
participant_25,1,day,Town10HD_Opt,2026-03-18 10:02:50.174852,-6.182863712310791,27.96372413635254,0.0022290030028671,31.903,-0.322,0.441,0.0,0,0,1,,0.887,2026-03-18T10:02:50.174852,neutral,0.834,2026-03-18T10:02:49.246535,0.5076387288698521,2026-03-18T10:02:50.012000,71,,,
participant_25,1,day,Town10HD_Opt,2026-03-18 10:02:51.110958,-0.5887485146522522,28.243343353271484,0.0020199203863739,32.498,-0.618,0.434,0.0,0,0,1,,0.826,2026-03-18T10:02:51.110958,neutral,0.834,2026-03-18T10:02:49.246535,0.4580860628347439,2026-03-18T10:02:51,70,,,
participant_25,1,day,Town10HD_Opt,2026-03-18 10:02:52.058384,5.166007518768311,28.432159423828125,0.0020170211791992,33.377,-0.611,0.429,0.0,0,0,1,,1.0,2026-03-18T10:02:52.058384,neutral,0.704,2026-03-18T10:02:52.058384,0.4251211175781364,2026-03-18T10:02:51.993000,70,,,
participant_25,1,day,Town10HD_Opt,2026-03-18 10:02:53.210206,13.034537315368652,28.528600692749023,0.0020243453327566,34.135,-0.432,0.426,0.0,0,0,1,,0.837,2026-03-18T10:02:53.210206,neutral,0.704,2026-03-18T10:02:52.058384,0.4966084293471114,2026-03-18T10:02:53.028000,70,,,
participant_25,1,day,Town10HD_Opt,2026-03-18 10:02:54.159581,19.041963577270508,28.519962310791016,0.0020371244754642,34.393,0.193,0.358,0.0,0,0,1,,0.88,2026-03-18T10:02:54.159581,neutral,0.795,2026-03-18T10:02:54.159581,0.5105335255321348,2026-03-18T10:02:54.018000,71,,,
participant_25,1,day,Town10HD_Opt,2026-03-18 10:02:55.163456,24.895282745361328,28.56233024597168,0.0021551509853452,31.549,3.325,0.202,0.0,0,0,1,,0.976,2026-03-18T10:02:55.163456,neutral,0.795,2026-03-18T10:02:54.159581,0.5417120473345505,2026-03-18T10:02:55.007000,69,,,
participant_25,1,day,Town10HD_Opt,2026-03-18 10:02:56.092727,30.0723819732666,29.074098587036133,0.0020337291061878,27.663,8.615,0.203,0.0,0,0,1,,0.941,2026-03-18T10:02:56.092727,neutral,0.795,2026-03-18T10:02:54.159581,0.525415944351013,2026-03-18T10:02:55.999000,70,,,
participant_25,1,day,Town10HD_Opt,2026-03-18 10:02:57.012532,34.38377380371094,30.5232162475586,0.0021509164944291,24.575,15.753,0.284,0.0,0,0,1,,0.844,2026-03-18T10:02:57.012532,neutral,0.806,2026-03-18T10:02:57.012532,0.5576784164776286,2026-03-18T10:02:56.987000,69,,,
participant_25,1,day,Town10HD_Opt,2026-03-18 10:02:58.221039,38.30358123779297,34.206539154052734,0.0021336360368877,22.253,20.46,0.281,0.0,0,0,1,,0.882,2026-03-18T10:02:58.221039,neutral,0.806,2026-03-18T10:02:57.012532,0.604679165439237,2026-03-18T10:02:58.023000,71,,,
participant_25,1,day,Town10HD_Opt,2026-03-18 10:02:59.142464,39.61089706420898,37.7316780090332,0.0021146007347851,20.976,17.201,0.273,0.0,0,0,1,,0.911,2026-03-18T10:02:59.142464,neutral,0.836,2026-03-18T10:02:59.142464,0.6202659599652462,2026-03-18T10:02:59.014000,71,,,
participant_25,1,day,Town10HD_Opt,2026-03-18 10:03:00.053559,40.05664443969727,41.241947174072266,0.0021595759317278,18.625,2.32,0.0,0.0,0,0,1,,0.878,2026-03-18T10:03:00.053559,neutral,0.836,2026-03-18T10:02:59.142464,0.6131364686274297,2026-03-18T10:03:00.002000,72,,,
participant_25,1,day,Town10HD_Opt,2026-03-18 10:03:01.212204,40.31018829345703,44.95891952514648,0.0020306773949414,13.329,3.919,0.066,0.0,0,0,1,,0.898,2026-03-18T10:03:01.212204,neutral,0.52,2026-03-18T10:03:01.212204,0.6355356456375105,2026-03-18T10:03:00.992000,71,,,
participant_25,1,day,Town10HD_Opt,2026-03-18 10:03:02.121081,40.35352325439453,47.08535385131836,0.0020164486486464,10.527,0.865,0.0,0.0,0,0,1,,0.895,2026-03-18T10:03:02.121081,neutral,0.52,2026-03-18T10:03:01.212204,0.6104522322284207,2026-03-18T10:03:02.028000,74,,,
participant_25,1,day,Town10HD_Opt,2026-03-18 10:03:03.027729,40.37986755371094,48.72378921508789,0.0020016857888549,7.991,0.999,0.075,0.0,0,0,1,,0.853,2026-03-18T10:03:03.027729,neutral,0.52,2026-03-18T10:03:01.212204,0.6574663174632492,2026-03-18T10:03:03.018000,74,Stop sign violation,stop_sign_id=678,
participant_25,1,day,Town10HD_Opt,2026-03-18 10:03:04.208617,40.39064025878906,50.36783599853516,0.0019741056021302,5.857,0.978,0.0,0.0,0,0,1,,0.91,2026-03-18T10:03:04.208617,neutral,0.912,2026-03-18T10:03:04.208617,0.5873043367339662,2026-03-18T10:03:04.007000,73,,,
participant_25,1,day,Town10HD_Opt,2026-03-18 10:03:05.082193,40.39011764526367,51.28009796142578,0.0019621273968368,4.496,0.978,0.0,0.0,0,0,1,,0.865,2026-03-18T10:03:05.082193,neutral,0.912,2026-03-18T10:03:04.208617,0.6602521618753454,2026-03-18T10:03:04.998000,75,,,
participant_25,1,day,Town10HD_Opt,2026-03-18 10:03:06.235101,40.38501739501953,52.17557144165039,0.0019493482541292,3.114,0.978,0.0,0.0,0,0,1,,0.899,2026-03-18T10:03:06.235101,neutral,0.925,2026-03-18T10:03:06.235101,0.6681973563684435,2026-03-18T10:03:05.988000,75,,,
participant_25,1,day,Town10HD_Opt,2026-03-18 10:03:07.089205,40.38257598876953,52.45167922973633,0.0020055386703461,0.0,0.959,0.0,0.103,0,0,1,,0.949,2026-03-18T10:03:07.089205,neutral,0.925,2026-03-18T10:03:06.235101,0.6301833853695283,2026-03-18T10:03:07.022000,76,,,
participant_25,1,day,Town10HD_Opt,2026-03-18 10:03:08.220001,40.38197708129883,52.5024299621582,0.001768379821442,3.233,0.853,1.0,0.0,0,0,1,,0.876,2026-03-18T10:03:08.220001,neutral,0.925,2026-03-18T10:03:06.235101,0.6330941457933489,2026-03-18T10:03:08.013000,74,,,
participant_25,1,day,Town10HD_Opt,2026-03-18 10:03:09.102325,40.36442947387695,54.33930969238281,0.0014461918035522,19.261,-2.344,0.973,0.0,0,0,1,,0.81,2026-03-18T10:03:09.102325,neutral,0.568,2026-03-18T10:03:09.102325,0.6392059335012716,2026-03-18T10:03:09.004000,75,,,
participant_25,1,day,Town10HD_Opt,2026-03-18 10:03:10.053455,40.73479461669922,58.30817794799805,0.001878929673694,25.496,-10.506,0.468,0.0,0,0,1,,0.954,2026-03-18T10:03:10.053455,neutral,0.568,2026-03-18T10:03:09.102325,0.6223911836685194,2026-03-18T10:03:09.992000,71,,,
participant_25,1,day,Town10HD_Opt,2026-03-18 10:03:11.171462,43.05368041992188,64.15763092041016,0.0019878770690411,28.822,-13.475,0.479,0.0,0,0,1,,0.936,2026-03-18T10:03:11.171462,sad,0.626,2026-03-18T10:03:11.171462,0.6090070866683722,2026-03-18T10:03:10.984000,73,,,
participant_25,1,day,Town10HD_Opt,2026-03-18 10:03:12.062324,46.61740493774414,67.86772155761719,0.0020383452065289,30.2,-16.401,0.366,0.0,0,0,1,,0.921,2026-03-18T10:03:12.062324,sad,0.626,2026-03-18T10:03:11.171462,0.5760147476365718,2026-03-18T10:03:12.018000,74,,,
participant_25,1,day,Town10HD_Opt,2026-03-18 10:03:12.999702,51.36407470703125,69.9485092163086,0.0021163173951208,28.951,-11.363,0.231,0.0,0,0,1,,0.896,2026-03-18T10:03:12.999702,sad,0.626,2026-03-18T10:03:11.171462,0.5139235266802634,2026-03-18T10:03:13.007000,74,,,
participant_25,1,day,Town10HD_Opt,2026-03-18 10:03:14.183727,57.51288604736328,70.49752044677734,0.00219028419815,23.577,-5.917,0.204,0.0,0,0,1,,0.889,2026-03-18T10:03:14.183727,sad,0.336,2026-03-18T10:03:14.183727,0.5932276302443115,2026-03-18T10:03:13.998000,75,,,
participant_25,1,day,Town10HD_Opt,2026-03-18 10:03:15.069137,61.46604919433594,70.26716613769531,0.0020687482319772,22.242,1.652,0.341,0.0,0,0,1,,0.846,2026-03-18T10:03:15.069137,sad,0.336,2026-03-18T10:03:14.183727,0.5394796639186504,2026-03-18T10:03:14.988000,78,,,
participant_25,1,day,Town10HD_Opt,2026-03-18 10:03:16.228557,66.71763610839844,70.121826171875,0.002018318278715,23.039,0.602,0.378,0.0,0,0,1,,0.835,2026-03-18T10:03:16.228557,neutral,0.901,2026-03-18T10:03:16.228557,0.567812749322774,2026-03-18T10:03:16.068000,78,,,
participant_25,1,day,Town10HD_Opt,2026-03-18 10:03:17.057543,70.80083465576172,70.06865692138672,0.0020391463767737,23.383,0.338,0.288,0.0,0,0,1,,0.883,2026-03-18T10:03:17.057543,neutral,0.901,2026-03-18T10:03:16.228557,0.5722206262476717,2026-03-18T10:03:17.012000,77,,,
participant_25,1,day,Town10HD_Opt,2026-03-18 10:03:18.140728,76.11720275878906,70.04415130615234,0.0020643232855945,22.35,0.367,0.472,0.0,0,0,1,,0.919,2026-03-18T10:03:18.140728,neutral,0.901,2026-03-18T10:03:16.228557,0.5567183721068879,2026-03-18T10:03:18.003000,76,,,
participant_25,1,day,Town10HD_Opt,2026-03-18 10:03:18.991423,80.20828247070312,70.06204986572266,0.0019631197210401,24.768,0.367,0.456,0.0,0,0,1,,0.851,2026-03-18T10:03:18.991423,neutral,0.696,2026-03-18T10:03:18.991423,0.4605649093815785,2026-03-18T10:03:18.993000,73,,,
participant_25,1,day,Town10HD_Opt,2026-03-18 10:03:20.131200,86.29753875732422,70.293212890625,0.0019855499267578,27.485,7.069,0.442,0.0,0,0,1,,0.833,2026-03-18T10:03:20.131200,neutral,0.696,2026-03-18T10:03:18.991423,0.5455551657115929,2026-03-18T10:03:20.028000,73,,,
participant_25,1,day,Town10HD_Opt,2026-03-18 10:03:21.250955,92.63433074951172,72.06046295166016,0.0020188521593809,29.228,12.444,0.445,0.0,0,0,1,,0.891,2026-03-18T10:03:21.250955,neutral,0.648,2026-03-18T10:03:21.250955,0.4587815473810575,2026-03-18T10:03:21.018000,71,,,
participant_25,1,day,Town10HD_Opt,2026-03-18 10:03:22.174703,96.68887329101562,75.19938659667969,0.0020537183154374,30.071,18.969,0.449,0.0,0,0,1,,0.818,2026-03-18T10:03:22.174703,neutral,0.648,2026-03-18T10:03:21.250955,0.4618913309527516,2026-03-18T10:03:22.008000,69,,,
participant_25,1,day,Town10HD_Opt,2026-03-18 10:03:23.108734,98.96172332763672,79.95845031738281,0.002058524871245,30.966,18.181,0.45,0.0,0,0,1,,0.862,2026-03-18T10:03:23.108734,neutral,0.648,2026-03-18T10:03:21.250955,0.46034660027889,2026-03-18T10:03:22.998000,69,,,
participant_25,1,day,Town10HD_Opt,2026-03-18 10:03:24.246179,98.99698638916016,87.33479309082031,0.0020082092378288,32.698,1.457,0.445,0.0,0,0,1,,1.0,2026-03-18T10:03:24.246179,neutral,0.601,2026-03-18T10:03:24.246179,0.4649702019075641,2026-03-18T10:03:23.988000,70,,,
participant_25,1,day,Town10HD_Opt,2026-03-18 10:03:25.126668,98.45132446289062,93.11368560791016,0.0020253753755241,33.4,1.311,0.327,0.0,0,0,1,,1.0,2026-03-18T10:03:25.126668,neutral,0.601,2026-03-18T10:03:24.246179,0.4923978038181519,2026-03-18T10:03:25.023000,70,,,
participant_25,1,day,Town10HD_Opt,2026-03-18 10:03:26.224101,97.3162612915039,100.60140228271484,0.0020947263110429,31.373,3.73,0.326,0.0,0,0,1,,0.888,2026-03-18T10:03:26.224101,neutral,0.601,2026-03-18T10:03:24.246179,0.4831133530295831,2026-03-18T10:03:26.013000,70,,,
participant_25,1,day,Town10HD_Opt,2026-03-18 10:03:27.080187,95.88055419921876,105.7825927734375,0.002089538378641,29.997,4.461,0.327,0.0,0,0,1,,0.885,2026-03-18T10:03:27.080187,neutral,0.678,2026-03-18T10:03:27.080187,0.4648315158449232,2026-03-18T10:03:27.002000,71,,,
participant_25,1,day,Town10HD_Opt,2026-03-18 10:03:28.209619,93.17195892333984,112.05545043945312,0.0020741650369018,28.676,4.822,0.343,0.0,0,0,1,,0.884,2026-03-18T10:03:28.209619,neutral,0.678,2026-03-18T10:03:27.080187,0.5004936814478793,2026-03-18T10:03:27.993000,69,,,
participant_25,1,day,Town10HD_Opt,2026-03-18 10:03:29.096871,90.5759048461914,116.28558349609376,0.0020650099031627,28.039,5.08,0.35,0.0,0,0,1,,1.0,2026-03-18T10:03:29.096871,neutral,0.465,2026-03-18T10:03:29.096871,0.480224452059284,2026-03-18T10:03:29.029000,70,,,
participant_25,1,day,Town10HD_Opt,2026-03-18 10:03:30.056405,87.52433776855469,120.0808334350586,0.0020619963761419,27.6,5.834,0.351,0.0,0,0,1,,0.894,2026-03-18T10:03:30.056405,neutral,0.465,2026-03-18T10:03:29.096871,0.4766481093330348,2026-03-18T10:03:30.018000,68,,,
participant_25,1,day,Town10HD_Opt,2026-03-18 10:03:31.246514,82.73661041259766,124.28816223144533,0.0020561979617923,27.196,6.941,0.379,0.0,0,0,1,,0.874,2026-03-18T10:03:31.246514,neutral,0.583,2026-03-18T10:03:31.246514,0.506316973274253,2026-03-18T10:03:31.007000,69,,,
participant_25,1,day,Town10HD_Opt,2026-03-18 10:03:32.199987,78.64088439941406,126.7380828857422,0.0020343016367405,27.509,4.442,0.393,0.0,0,0,1,,1.0,2026-03-18T10:03:32.199987,neutral,0.583,2026-03-18T10:03:31.246514,0.5070666266468824,2026-03-18T10:03:31.998000,70,,,
participant_25,1,day,Town10HD_Opt,2026-03-18 10:03:33.126250,74.20256042480469,128.7098846435547,0.0020238875877112,28.179,6.684,0.417,0.0,0,0,1,,0.925,2026-03-18T10:03:33.126250,neutral,0.583,2026-03-18T10:03:31.246514,0.4476452016018302,2026-03-18T10:03:32.988000,69,,,
participant_25,1,day,Town10HD_Opt,2026-03-18 10:03:34.060705,69.32566833496094,130.00379943847656,0.0019439317984506,30.651,6.312,0.613,0.0,0,0,1,,0.913,2026-03-18T10:03:34.060705,neutral,0.755,2026-03-18T10:03:34.060705,0.4794459101264982,2026-03-18T10:03:34.023000,70,,,
participant_25,1,day,Town10HD_Opt,2026-03-18 10:03:35.031168,63.61692810058594,130.64024353027344,0.0019172672182321,34.934,2.468,0.446,0.0,0,0,1,,0.958,2026-03-18T10:03:35.031168,neutral,0.755,2026-03-18T10:03:34.060705,0.3460253594085988,2026-03-18T10:03:35.013000,73,,,
participant_25,1,day,Town10HD_Opt,2026-03-18 10:03:36.245850,55.32217025756836,130.80398559570312,0.0020186617039144,36.111,1.288,0.445,0.0,0,0,1,,1.0,2026-03-18T10:03:36.245850,neutral,0.897,2026-03-18T10:03:36.245850,0.3560699693411745,2026-03-18T10:03:36.003000,74,,,
participant_25,1,day,Town10HD_Opt,2026-03-18 10:03:37.184919,48.95540237426758,130.60968017578125,0.0020229339133948,36.733,0.183,0.445,0.0,0,0,1,,0.872,2026-03-18T10:03:37.184919,neutral,0.897,2026-03-18T10:03:36.245850,0.3945127924623876,2026-03-18T10:03:36.993000,76,,,
participant_25,1,day,Town10HD_Opt,2026-03-18 10:03:38.048646,42.48771286010742,130.3811798095703,0.0020254515111446,37.27,-0.825,0.445,0.0,0,0,1,,1.0,2026-03-18T10:03:38.048646,neutral,0.897,2026-03-18T10:03:36.245850,0.3840736365284065,2026-03-18T10:03:37.983000,76,,,
participant_25,1,day,Town10HD_Opt,2026-03-18 10:03:39.265051,33.724605560302734,130.29930114746094,0.0020285034552216,37.896,-0.153,0.445,0.0,0,0,1,,1.0,2026-03-18T10:03:39.265051,neutral,0.757,2026-03-18T10:03:39.265051,0.3332595818017682,2026-03-18T10:03:39.108000,78,,,
participant_25,1,day,Town10HD_Opt,2026-03-18 10:03:40.150580,27.065719604492188,130.31253051757812,0.0020304108038544,38.276,-0.009,0.445,0.0,0,0,1,,1.0,2026-03-18T10:03:40.150580,neutral,0.757,2026-03-18T10:03:39.265051,0.2995127396199635,2026-03-18T10:03:40.008000,80,,,
participant_25,1,day,Town10HD_Opt,2026-03-18 10:03:41.026019,20.34415435791016,130.3285369873047,0.0020319747272878,38.586,0.056,0.445,0.0,0,0,1,,1.0,2026-03-18T10:03:41.026019,neutral,0.757,2026-03-18T10:03:39.265051,0.2679121552063608,2026-03-18T10:03:40.998000,83,,,
participant_25,1,day,Town10HD_Opt,2026-03-18 10:03:42.190259,11.299034118652344,130.325927734375,0.0020338057074695,38.959,0.179,0.444,0.0,0,0,1,,1.0,2026-03-18T10:03:42.190259,neutral,0.777,2026-03-18T10:03:42.190259,0.2500414248712889,2026-03-18T10:03:41.989000,84,,,
participant_25,1,day,Town10HD_Opt,2026-03-18 10:03:43.043050,4.631786823272705,130.2779998779297,0.0022307196632027,34.955,0.282,0.0,0.0,0,0,1,,1.0,2026-03-18T10:03:43.043050,neutral,0.777,2026-03-18T10:03:42.190259,0.2824637473954214,2026-03-18T10:03:43.023000,82,,,
participant_25,1,day,Town10HD_Opt,2026-03-18 10:03:44.166628,-2.3556365966796875,130.16099548339844,0.0022813405375927,24.607,0.136,0.0,0.0,0,0,1,,0.822,2026-03-18T10:03:44.166628,neutral,0.777,2026-03-18T10:03:42.190259,0.2290568533010245,2026-03-18T10:03:44.013000,81,,,
participant_25,1,day,Town10HD_Opt,2026-03-18 10:03:45.106710,-6.1677985191345215,130.08477783203125,0.002211989602074,19.06,-0.275,0.462,0.0,0,0,1,,0.926,2026-03-18T10:03:45.106710,neutral,0.899,2026-03-18T10:03:45.106710,0.2283992786657854,2026-03-18T10:03:45.003000,77,,,
participant_25,1,day,Town10HD_Opt,2026-03-18 10:03:46.215438,-11.122110366821287,130.01239013671875,0.0018278510542586,25.706,-0.045,0.642,0.0,0,0,1,,0.896,2026-03-18T10:03:46.215438,neutral,0.899,2026-03-18T10:03:45.106710,0.258750276764179,2026-03-18T10:03:45.994000,75,,,
participant_25,1,day,Town10HD_Opt,2026-03-18 10:03:47.031899,-16.155988693237305,129.94650268554688,0.0018270118162035,32.368,-0.019,0.642,0.0,0,0,1,,1.0,2026-03-18T10:03:47.031899,neutral,0.899,2026-03-18T10:03:45.106710,0.1931906756302854,2026-03-18T10:03:47.028000,76,,,
participant_25,1,day,Town10HD_Opt,2026-03-18 10:03:48.224195,-24.566823959350582,129.81942749023438,0.0018786245491355,39.626,1.88,0.173,0.0,0,0,1,,1.0,2026-03-18T10:03:48.224195,neutral,0.746,2026-03-18T10:03:48.224195,0.2503959781811423,2026-03-18T10:03:48.019000,78,,,
participant_25,1,day,Town10HD_Opt,2026-03-18 10:03:49.154094,-31.053544998168945,129.32655334472656,0.0023001851513981,32.749,7.644,0.0,0.0,0,0,1,,1.0,2026-03-18T10:03:49.154094,neutral,0.746,2026-03-18T10:03:48.224195,0.1333996446105762,2026-03-18T10:03:49.008000,77,,,
participant_25,1,day,Town10HD_Opt,2026-03-18 10:03:50.036010,-35.854373931884766,127.75682067871094,0.0022900763433426,25.345,18.518,0.287,0.0,0,0,1,,0.838,2026-03-18T10:03:50.036010,neutral,0.746,2026-03-18T10:03:48.224195,0.2129103893699534,2026-03-18T10:03:49.999000,79,,,
participant_25,1,day,Town10HD_Opt,2026-03-18 10:03:51.206880,-39.85272979736328,123.64746856689452,0.0020213318057358,26.032,18.543,0.464,0.0,0,0,1,,0.913,2026-03-18T10:03:51.206880,neutral,0.608,2026-03-18T10:03:51.206880,0.1636738940323662,2026-03-18T10:03:50.988000,78,,,
participant_25,1,day,Town10HD_Opt,2026-03-18 10:03:52.174106,-41.26162338256836,119.18767547607422,0.0036412416957318,28.233,11.262,0.46,0.0,0,0,1,,0.901,2026-03-18T10:03:52.174106,neutral,0.608,2026-03-18T10:03:51.206880,0.2413836080948914,2026-03-18T10:03:52.023000,79,,,
participant_25,1,day,Town10HD_Opt,2026-03-18 10:03:53.199502,-41.57476806640625,114.11468505859376,0.0019656375516206,30.111,-0.364,0.456,0.0,0,0,1,,0.858,2026-03-18T10:03:53.199502,neutral,0.608,2026-03-18T10:03:51.206880,0.2708228009788059,2026-03-18T10:03:53.014000,79,,,
participant_25,1,day,Town10HD_Opt,2026-03-18 10:03:54.139579,-41.69512176513672,108.71482849121094,0.001990966964513,31.746,2.473,0.456,0.0,0,0,1,,0.867,2026-03-18T10:03:54.139579,neutral,0.595,2026-03-18T10:03:54.139579,0.2275728550306427,2026-03-18T10:03:54.003000,80,,,
participant_25,1,day,Town10HD_Opt,2026-03-18 10:03:55.070958,-41.557899475097656,103.10321044921876,0.0020634841639548,31.741,-0.938,0.319,0.0,0,0,1,,0.863,2026-03-18T10:03:55.070958,neutral,0.595,2026-03-18T10:03:54.139579,0.1923243150707442,2026-03-18T10:03:54.993000,77,,,
participant_25,1,day,Town10HD_Opt,2026-03-18 10:03:56.271148,-41.5013427734375,95.91549682617188,0.0020896908827126,29.697,-0.618,0.319,0.0,0,0,1,,1.0,2026-03-18T10:03:56.271148,neutral,0.908,2026-03-18T10:03:56.271148,0.2788263344890742,2026-03-18T10:03:56.028000,78,,,
participant_25,1,day,Town10HD_Opt,2026-03-18 10:03:57.234227,-41.56448745727539,90.80841827392578,0.0020819853525608,28.556,-0.508,0.36,0.0,0,0,1,,0.825,2026-03-18T10:03:57.234227,neutral,0.908,2026-03-18T10:03:56.271148,0.259612686327786,2026-03-18T10:03:57.018000,76,,,
participant_25,1,day,Town10HD_Opt,2026-03-18 10:03:58.110641,-41.645633697509766,85.84606170654297,0.002055816585198,28.183,1.293,0.346,0.0,0,0,1,,1.0,2026-03-18T10:03:58.110641,neutral,0.908,2026-03-18T10:03:56.271148,0.309592101963527,2026-03-18T10:03:58.008000,79,,,
participant_25,1,day,Town10HD_Opt,2026-03-18 10:03:59.030191,-41.48769760131836,80.9735107421875,0.0020714185666292,27.37,7.107,0.327,0.0,0,0,1,,1.0,2026-03-18T10:03:59.030191,sad,0.484,2026-03-18T10:03:59.030191,0.3548015604237032,2026-03-18T10:03:58.999000,80,,,
participant_25,1,day,Town10HD_Opt,2026-03-18 10:04:00.262186,-39.73436737060547,75.07088470458984,0.0021210857667028,25.846,21.884,0.359,0.0,0,0,1,,0.892,2026-03-18T10:04:00.262186,sad,0.484,2026-03-18T10:03:59.030191,0.2780271666463186,2026-03-18T10:03:59.988000,84,,,
participant_25,1,day,Town10HD_Opt,2026-03-18 10:04:01.152413,-36.50766372680664,72.03250122070312,0.0020989223849028,25.573,21.729,0.378,0.0,0,0,1,,1.0,2026-03-18T10:04:01.152413,sad,0.381,2026-03-18T10:04:01.152413,0.3043204739266342,2026-03-18T10:04:01.023000,81,,,
participant_25,1,day,Town10HD_Opt,2026-03-18 10:04:02.091171,-32.274654388427734,70.57160186767578,0.0020442581735551,26.041,5.858,0.378,0.0,0,0,1,,0.849,2026-03-18T10:04:02.091171,sad,0.381,2026-03-18T10:04:01.152413,0.371305424985429,2026-03-18T10:04:02.014000,80,,,
participant_25,1,day,Town10HD_Opt,2026-03-18 10:04:03.030848,-27.758007049560547,69.76403045654297,0.0020372772123664,26.416,8.961,0.39,0.0,0,0,1,,0.852,2026-03-18T10:04:03.030848,sad,0.381,2026-03-18T10:04:01.152413,0.3445919204942245,2026-03-18T10:04:03.003000,79,,,
participant_25,1,day,Town10HD_Opt,2026-03-18 10:04:04.237210,-21.51719856262207,69.75885772705078,0.0020245360210537,27.219,-2.047,0.39,0.0,0,0,1,,1.0,2026-03-18T10:04:04.237210,neutral,0.458,2026-03-18T10:04:04.237210,0.3183229430610363,2026-03-18T10:04:03.993000,79,,,
participant_25,1,day,Town10HD_Opt,2026-03-18 10:04:05.110835,-16.710216522216797,69.79547882080078,0.0020257185678929,27.764,1.358,0.39,0.0,0,0,1,,1.0,2026-03-18T10:04:05.110835,neutral,0.458,2026-03-18T10:04:04.237210,0.2972669677502166,2026-03-18T10:04:05.029000,75,,,
participant_25,1,day,Town10HD_Opt,2026-03-18 10:04:05.991559,-11.813665390014648,69.92599487304688,0.0020276259165257,28.253,0.418,0.391,0.0,0,0,1,,1.0,2026-03-18T10:04:05.991559,neutral,0.458,2026-03-18T10:04:04.237210,0.2181961002449859,2026-03-18T10:04:06.018000,76,,,
participant_25,1,day,Town10HD_Opt,2026-03-18 10:04:07.107326,-5.181028842926025,70.13428497314453,0.0020585632883012,28.159,-0.74,0.31,0.0,0,0,1,,1.0,2026-03-18T10:04:07.107326,neutral,0.9,2026-03-18T10:04:07.107326,0.2567833466628383,2026-03-18T10:04:07.009000,78,,,
participant_25,1,day,Town10HD_Opt,2026-03-18 10:04:07.997625,-0.3393271565437317,70.18739318847656,0.0020824812818318,26.999,-0.402,0.31,0.0,0,0,1,,1.0,2026-03-18T10:04:07.997625,neutral,0.9,2026-03-18T10:04:07.107326,0.2834077633866332,2026-03-18T10:04:07.998000,78,,,
participant_25,1,day,Town10HD_Opt,2026-03-18 10:04:09.126203,5.740139007568359,70.14456939697266,0.0021746058482676,23.592,0.223,0.0,0.0,0,0,1,,0.838,2026-03-18T10:04:09.126203,neutral,0.937,2026-03-18T10:04:09.126203,0.2572652946575265,2026-03-18T10:04:09.033000,81,,,
participant_25,1,day,Town10HD_Opt,2026-03-18 10:04:10.249475,10.40103816986084,70.0994644165039,0.001966132549569,16.492,0.023,0.0,0.0,0,0,1,,0.837,2026-03-18T10:04:10.249475,neutral,0.937,2026-03-18T10:04:09.126203,0.3226372974179571,2026-03-18T10:04:10.023000,82,,,
participant_25,1,day,Town10HD_Opt,2026-03-18 10:04:11.071480,13.055770874023438,70.07469940185547,0.0019481275230646,14.673,-0.026,0.24,0.0,0,0,1,,0.826,2026-03-18T10:04:11.071480,neutral,0.937,2026-03-18T10:04:09.126203,0.2482134301953428,2026-03-18T10:04:11.014000,84,,,
participant_25,1,day,Town10HD_Opt,2026-03-18 10:04:11.990375,15.63493537902832,70.05208587646484,0.0019290923373773,14.591,0.148,0.258,0.0,0,0,1,,0.836,2026-03-18T10:04:11.990375,neutral,0.607,2026-03-18T10:04:11.990375,0.3429230478822644,2026-03-18T10:04:12.004000,84,,,
participant_25,1,day,Town10HD_Opt,2026-03-18 10:04:13.115398,19.23953628540039,70.02992248535156,0.0018678666092455,16.591,0.139,0.305,0.0,0,0,1,,0.866,2026-03-18T10:04:13.115398,neutral,0.607,2026-03-18T10:04:11.990375,0.2694105457967932,2026-03-18T10:04:12.994000,81,,,
participant_25,1,day,Town10HD_Opt,2026-03-18 10:04:14.244075,22.84344482421875,70.01699829101562,0.0020598215050995,12.579,0.129,0.0,0.12,0,0,1,,0.847,2026-03-18T10:04:14.244075,neutral,0.495,2026-03-18T10:04:14.244075,0.3127215162516172,2026-03-18T10:04:14.029000,79,,,
participant_25,1,day,Town10HD_Opt,2026-03-18 10:04:15.112398,24.73556900024414,70.01393127441406,0.0020297998562455,9.042,0.129,0.0,0.003,0,0,1,,0.836,2026-03-18T10:04:15.112398,neutral,0.495,2026-03-18T10:04:14.244075,0.2552961742721757,2026-03-18T10:04:15.018000,76,,,
participant_25,1,day,Town10HD_Opt,2026-03-18 10:04:15.989148,26.09816551208496,70.01335906982422,0.0020193096715956,6.121,0.129,0.0,0.118,0,0,1,,0.821,2026-03-18T10:04:15.989148,neutral,0.495,2026-03-18T10:04:14.244075,0.1996559638805059,2026-03-18T10:04:16.008000,75,,,
participant_25,1,day,Town10HD_Opt,2026-03-18 10:04:17.095991,26.49357795715332,70.01343536376953,0.0019588468130677,0.003,0.129,0.0,0.0,0,0,1,,0.867,2026-03-18T10:04:17.095991,neutral,0.714,2026-03-18T10:04:17.095991,0.1553714898008141,2026-03-18T10:04:16.999000,76,,,
participant_25,1,day,Town10HD_Opt,2026-03-18 10:04:18.008832,26.915014266967773,70.01154327392578,0.0015562833286821,8.513,-1.255,0.855,0.0,0,0,1,,0.948,2026-03-18T10:04:18.008832,neutral,0.714,2026-03-18T10:04:17.095991,0.1469705121910914,2026-03-18T10:04:18.033000,75,,,errors=Stop sign violation
participant_25,1,day,Town10HD_Opt,2026-03-18 10:04:19.183813,30.52915954589844,69.77462005615234,0.001908226753585,20.834,-7.789,0.625,0.0,0,0,1,,1.0,2026-03-18T10:04:19.183813,sad,0.474,2026-03-18T10:04:19.183813,0.174752552067123,2026-03-18T10:04:19.029000,76,,,
participant_25,1,day,Town10HD_Opt,2026-03-18 10:04:20.109604,34.49106979370117,68.78907775878906,0.001886787940748,26.032,-13.826,0.569,0.0,0,0,1,,0.869,2026-03-18T10:04:20.109604,sad,0.474,2026-03-18T10:04:19.183813,0.2014402604240759,2026-03-18T10:04:20.013000,79,,,
participant_25,1,day,Town10HD_Opt,2026-03-18 10:04:21.262943,39.88451766967773,65.57482147216797,0.0022708121687173,23.39,-8.594,0.0,0.405,0,0,1,,0.843,2026-03-18T10:04:21.262943,neutral,0.515,2026-03-18T10:04:21.262943,0.2119092463943264,2026-03-18T10:04:21.003000,79,,,
participant_25,1,day,Town10HD_Opt,2026-03-18 10:04:22.127164,41.82811737060547,63.78758239746094,0.0029859119094908,0.003,-9.907,0.0,0.422,0,0,1,,0.933,2026-03-18T10:04:22.127164,neutral,0.515,2026-03-18T10:04:21.262943,0.1339541514910395,2026-03-18T10:04:21.993000,79,,,
participant_25,1,day,Town10HD_Opt,2026-03-18 10:04:23.221583,41.82907104492188,63.7865104675293,0.0019299697596579,0.003,-9.043,0.0,0.0,0,0,1,,1.0,2026-03-18T10:04:23.221583,neutral,0.515,2026-03-18T10:04:21.262943,0.1274042131998274,2026-03-18T10:04:23.029000,78,,,
participant_25,1,day,Town10HD_Opt,2026-03-18 10:04:24.107219,41.84548568725586,63.76743698120117,0.0018249133136123,2.233,-12.857,0.949,0.0,0,0,1,,0.859,2026-03-18T10:04:24.107219,sad,0.34,2026-03-18T10:04:24.107219,0.1447003154883791,2026-03-18T10:04:24.019000,76,,,
participant_25,1,day,Town10HD_Opt,2026-03-18 10:04:25.236312,43.25478363037109,61.61764907836914,0.0017668165965005,19.902,-16.955,0.698,0.0,0,0,1,,0.842,2026-03-18T10:04:25.236312,sad,0.34,2026-03-18T10:04:24.107219,0.1313231610841469,2026-03-18T10:04:25.008000,76,,,
participant_25,1,day,Town10HD_Opt,2026-03-18 10:04:26.086953,44.51453399658203,58.02937698364258,0.0020425033289939,22.357,-16.332,0.18,0.0,0,0,1,,0.902,2026-03-18T10:04:26.086953,sad,0.34,2026-03-18T10:04:24.107219,0.1747408297802927,2026-03-18T10:04:25.998000,75,,,
participant_25,1,day,Town10HD_Opt,2026-03-18 10:04:27.246418,44.67182159423828,53.31887435913086,0.0021197122987359,18.169,-7.663,0.141,0.0,0,0,1,,0.841,2026-03-18T10:04:27.246418,angry,0.566,2026-03-18T10:04:27.246418,0.0911712805571695,2026-03-18T10:04:27.033000,72,,,
participant_25,1,day,Town10HD_Opt,2026-03-18 10:04:28.106715,44.36611175537109,50.14776611328125,0.0026158150285482,19.405,0.921,0.666,0.0,0,0,1,,0.928,2026-03-18T10:04:28.106715,angry,0.566,2026-03-18T10:04:27.246418,0.0685085575337265,2026-03-18T10:04:28.113000,71,,,
participant_25,1,day,Town10HD_Opt,2026-03-18 10:04:28.999415,44.11707305908203,46.16734313964844,0.0015285121044144,27.03,1.481,0.685,0.0,0,0,1,,0.954,2026-03-18T10:04:28.999415,angry,0.566,2026-03-18T10:04:27.246418,0.1139729409014531,2026-03-18T10:04:29.058000,70,,,
participant_25,1,day,Town10HD_Opt,2026-03-18 10:04:30.180327,44.00830841064453,39.08196640014648,0.0021059033460915,30.1,7.682,0.0,0.0,0,0,1,,0.944,2026-03-18T10:04:30.180327,sad,0.487,2026-03-18T10:04:30.180327,0.0797836141157413,2026-03-18T10:04:30.010000,72,,,
participant_25,1,day,Town10HD_Opt,2026-03-18 10:04:31.069409,44.88984298706055,34.44264602661133,0.002181930001825,25.102,14.577,0.402,0.0,0,0,1,,0.902,2026-03-18T10:04:31.069409,sad,0.487,2026-03-18T10:04:30.180327,0.1050846864634702,2026-03-18T10:04:30.993000,70,,,
participant_25,1,day,Town10HD_Opt,2026-03-18 10:04:32.180392,48.40774917602539,29.50858497619629,0.0019222263945266,29.562,18.558,0.613,0.0,0,0,1,,1.0,2026-03-18T10:04:32.180392,neutral,0.443,2026-03-18T10:04:32.180392,0.1002986838107407,2026-03-18T10:04:32.028000,72,,,
participant_25,1,day,Town10HD_Opt,2026-03-18 10:04:33.050477,53.34185409545898,27.10944557189941,0.001977844396606,33.297,15.112,0.231,0.0,0,0,1,,1.0,2026-03-18T10:04:33.050477,neutral,0.443,2026-03-18T10:04:32.180392,0.2149134405778742,2026-03-18T10:04:33.018000,72,,,
participant_25,1,day,Town10HD_Opt,2026-03-18 10:04:34.169563,60.51421737670898,26.19013214111328,0.0021810145117342,28.29,-0.773,0.173,0.0,0,0,1,,0.926,2026-03-18T10:04:34.169563,neutral,0.443,2026-03-18T10:04:32.180392,0.0537657277254454,2026-03-18T10:04:34.008000,72,,,
participant_25,1,day,Town10HD_Opt,2026-03-18 10:04:35.056165,65.0821304321289,25.72229766845703,0.0021664805244654,23.999,0.949,0.173,0.0,0,0,1,,0.862,2026-03-18T10:04:35.056165,sad,0.355,2026-03-18T10:04:35.056165,0.1485197747601338,2026-03-18T10:04:34.998000,73,,,
participant_25,1,day,Town10HD_Opt,2026-03-18 10:04:36.253932,70.22699737548828,25.33351707458496,0.002124938648194,20.282,1.344,0.298,0.0,0,0,1,,0.911,2026-03-18T10:04:36.253932,sad,0.355,2026-03-18T10:04:35.056165,0.0729605486893262,2026-03-18T10:04:36.034000,73,,,
participant_25,1,day,Town10HD_Opt,2026-03-18 10:04:37.163114,73.60381317138672,25.183683395385746,0.0019627755973488,17.593,1.589,0.0,0.0,0,0,1,,0.917,2026-03-18T10:04:37.163114,neutral,0.466,2026-03-18T10:04:37.163114,0.1322067250284145,2026-03-18T10:04:37.024000,75,,,
participant_25,1,day,Town10HD_Opt,2026-03-18 10:04:38.030973,76.36381530761719,25.136404037475582,0.002042464679107,13.636,1.57,0.102,0.0,0,0,1,,0.889,2026-03-18T10:04:38.030973,neutral,0.466,2026-03-18T10:04:37.163114,0.0642256975256151,2026-03-18T10:04:38.016000,75,,,
participant_25,1,day,Town10HD_Opt,2026-03-18 10:04:39.140964,80.5843505859375,25.18350982666016,0.0016502394573763,26.922,1.514,1.0,0.0,0,0,1,,0.915,2026-03-18T10:04:39.140964,neutral,0.466,2026-03-18T10:04:37.163114,0.2283983238702072,2026-03-18T10:04:39.004000,76,,,errors=Red light violation
participant_25,1,day,Town10HD_Opt,2026-03-18 10:04:40.256159,89.14301300048828,25.462814331054688,0.0016448226524516,45.689,-4.881,0.55,0.0,0,0,1,,1.0,2026-03-18T10:04:40.256159,neutral,0.64,2026-03-18T10:04:40.256159,0.1391297199465101,2026-03-18T10:04:39.993000,76,,,
participant_25,1,day,Town10HD_Opt,2026-03-18 10:04:41.097379,97.09361267089844,24.34026336669922,0.0021319196093827,44.491,-11.776,0.291,0.0,0,0,1,,0.844,2026-03-18T10:04:41.097379,neutral,0.64,2026-03-18T10:04:40.256159,0.1219979801103809,2026-03-18T10:04:41.029000,77,,,
participant_25,1,day,Town10HD_Opt,2026-03-18 10:04:42.171584,104.68366241455078,18.894454956054688,0.0023419179487973,35.329,-15.243,0.0,0.0,0,0,1,,0.83,2026-03-18T10:04:42.171584,neutral,0.64,2026-03-18T10:04:40.256159,0.170461350836032,2026-03-18T10:04:42.018000,77,,,
participant_25,1,day,Town10HD_Opt,2026-03-18 10:04:42.996250,106.80184936523438,13.87168312072754,0.0022977057378739,27.919,-13.609,0.856,0.0,0,0,1,,0.838,2026-03-18T10:04:42.996250,neutral,0.373,2026-03-18T10:04:42.996250,0.1728785051345752,2026-03-18T10:04:43.009000,76,,,
participant_25,1,day,Town10HD_Opt,2026-03-18 10:04:44.154076,107.21519470214844,5.789847373962402,0.0015833298675715,43.981,-1.318,0.962,0.0,0,0,1,,0.879,2026-03-18T10:04:44.154076,neutral,0.373,2026-03-18T10:04:42.996250,0.2284006826936942,2026-03-18T10:04:43.999000,76,,,
participant_25,1,day,Town10HD_Opt,2026-03-18 10:04:45.006971,107.05715942382812,-2.9014534950256348,0.0020357512403279,49.318,1.175,1.0,0.0,0,0,1,,0.832,2026-03-18T10:04:45.006971,neutral,0.865,2026-03-18T10:04:45.006971,0.1692860751467539,2026-03-18T10:04:45.044000,76,,,
participant_25,1,day,Town10HD_Opt,2026-03-18 10:04:46.043825,107.19564056396484,-14.55046844482422,0.0021652597934007,49.064,-0.632,0.978,0.0,0,0,1,,0.919,2026-03-18T10:04:46.043825,neutral,0.865,2026-03-18T10:04:45.006971,0.1728609890634466,2026-03-18T10:04:46.024000,76,,,
participant_25,1,day,Town10HD_Opt,2026-03-18 10:04:47.080301,106.98300170898438,-26.21451187133789,0.0018944937037304,51.93,-3.57,0.0,0.146,0,0,1,,0.919,2026-03-18T10:04:47.080301,angry,0.846,2026-03-18T10:04:47.080301,0.1441487504748761,2026-03-18T10:04:47.024000,74,,,errors=Solid line crossing
participant_25,1,day,Town10HD_Opt,2026-03-18 10:04:48.180350,104.63308715820312,-37.77407455444336,0.0019670871552079,50.978,-5.451,0.0,0.148,0,0,1,,0.958,2026-03-18T10:04:48.180350,angry,0.846,2026-03-18T10:04:47.080301,0.221540202867969,2026-03-18T10:04:48.004000,76,,,
participant_25,1,day,Town10HD_Opt,2026-03-18 10:04:48.989182,100.92192840576172,-45.6186752319336,0.0018381125992164,52.176,-5.602,0.0,0.201,0,0,1,,0.946,2026-03-18T10:04:48.989182,angry,0.846,2026-03-18T10:04:47.080301,0.2350014766948854,2026-03-18T10:04:48.998000,78,,,
participant_25,1,day,Town10HD_Opt,2026-03-18 10:04:50.112044,93.26519012451172,-54.54074478149414,0.0020795057062059,49.84,-5.538,0.967,0.0,0,0,1,,0.972,2026-03-18T10:04:50.112044,neutral,0.709,2026-03-18T10:04:50.112044,0.2238525209158657,2026-03-18T10:04:50.029000,77,,,
participant_25,1,day,Town10HD_Opt,2026-03-18 10:04:51.246128,83.40193939208984,-60.73596954345703,0.0022017282899469,48.778,-3.86,0.967,0.0,0,0,1,,0.906,2026-03-18T10:04:51.246128,neutral,0.709,2026-03-18T10:04:50.112044,0.359868690233879,2026-03-18T10:04:51.064000,75,,,
participant_25,1,day,Town10HD_Opt,2026-03-18 10:04:52.169832,75.0936279296875,-63.71146774291992,0.0022072212304919,48.714,-3.855,0.967,0.0,0,0,1,,0.926,2026-03-18T10:04:52.169832,angry,0.651,2026-03-18T10:04:52.169832,0.4105255628065804,2026-03-18T10:04:52.009000,77,,,
participant_25,1,day,Town10HD_Opt,2026-03-18 10:04:53.019249,66.4913558959961,-65.29900360107422,0.0022308724001049,47.702,-3.811,0.967,0.0,0,0,1,,0.895,2026-03-18T10:04:53.019249,angry,0.651,2026-03-18T10:04:52.169832,0.4214131014993632,2026-03-18T10:04:52.998000,74,,,
participant_25,1,day,Town10HD_Opt,2026-03-18 10:04:54.240246,54.89308166503906,-65.82286071777344,0.0021242902148514,50.066,0.766,0.967,0.0,0,0,1,,0.834,2026-03-18T10:04:54.240246,neutral,0.542,2026-03-18T10:04:54.240246,0.4379533245239396,2026-03-18T10:04:54.043000,73,,,
participant_25,1,day,Town10HD_Opt,2026-03-18 10:04:55.156400,46.13517379760742,-66.1904067993164,0.0021299740765243,49.274,-0.204,0.967,0.0,0,0,1,,0.916,2026-03-18T10:04:55.156400,neutral,0.542,2026-03-18T10:04:54.240246,0.3920736863499823,2026-03-18T10:04:55.023000,73,,,
participant_25,1,day,Town10HD_Opt,2026-03-18 10:04:56.025041,37.3193588256836,-66.51016998291016,0.0021670907735824,49.19,-0.19,0.967,0.0,0,0,1,,0.927,2026-03-18T10:04:56.025041,neutral,0.542,2026-03-18T10:04:54.240246,0.4103943250410161,2026-03-18T10:04:56.013000,73,,,
participant_25,1,day,Town10HD_Opt,2026-03-18 10:04:57.143178,25.65217971801757,-66.82730865478516,0.001941948197782,50.92,-0.073,0.0,0.0,0,0,1,,0.904,2026-03-18T10:04:57.143178,neutral,0.586,2026-03-18T10:04:57.143178,0.391284199980672,2026-03-18T10:04:57.004000,73,,,
participant_25,1,day,Town10HD_Opt,2026-03-18 10:04:58.216688,15.004409790039062,-67.05522918701172,0.0023789203260093,38.214,-0.073,0.0,0.0,0,0,1,,0.883,2026-03-18T10:04:58.216688,neutral,0.586,2026-03-18T10:04:57.143178,0.4079154415241398,2026-03-18T10:04:57.994000,74,,,
participant_25,2,day,Town10HD_Opt,2026-03-18 10:15:00.000000,-41.66858673095703,89.7454833984375,0.5804919600486755,0.0,0.837,0.863,0.621,0,0,1,,1.0,2026-03-18T10:15:00,,,2026-03-18T10:15:00,0.7459400862927478,2026-03-18T10:15:00,65,,,
participant_25,2,day,Town10HD_Opt,2026-03-18 10:15:04.454489,-41.66858673095703,89.7454833984375,0.0019178008660674,0.0,0.837,0.885,0.621,0,0,1,,0.954,2026-03-18T10:15:04.454489,,,2026-03-18T10:15:04.454489,0.6909556607736569,2026-03-18T10:15:04.997000,65,,,
participant_25,2,day,Town10HD_Opt,2026-03-18 10:15:05.099193,-41.66858673095703,89.7454833984375,0.0019188307924196,0.0,0.837,0.0,0.621,0,0,1,,1.0,2026-03-18T10:15:05.099193,,,2026-03-18T10:15:04.454489,0.7767277692549538,2026-03-18T10:15:06.029000,65,,,
participant_25,2,day,Town10HD_Opt,2026-03-18 10:15:06.060575,-41.66858673095703,89.7454833984375,0.0019188307924196,0.0,0.837,0.931,0.621,0,0,1,,0.959,2026-03-18T10:15:06.060575,,,2026-03-18T10:15:04.454489,0.6857999171142398,2026-03-18T10:15:06.975000,64,,,
participant_25,2,day,Town10HD_Opt,2026-03-18 10:15:07.044553,-41.66858673095703,89.7454833984375,0.0019188307924196,0.0,0.837,0.0,0.621,0,0,1,,1.0,2026-03-18T10:15:07.044553,neutral,0.882,2026-03-18T10:15:07.044553,0.7257150178404811,2026-03-18T10:15:06.975000,64,,,
participant_25,2,day,Town10HD_Opt,2026-03-18 10:15:08.145240,-41.66858673095703,89.7454833984375,0.0019188307924196,0.0,0.837,1.0,0.621,0,0,1,,0.957,2026-03-18T10:15:08.145240,neutral,0.882,2026-03-18T10:15:07.044553,0.6061439642705987,2026-03-18T10:15:09.045000,68,,,
participant_25,2,day,Town10HD_Opt,2026-03-18 10:15:09.163329,-41.66858673095703,89.7454833984375,0.0019188307924196,0.0,0.837,0.619,0.621,0,0,1,,0.823,2026-03-18T10:15:09.163329,neutral,0.852,2026-03-18T10:15:09.163329,0.5521234396387007,2026-03-18T10:15:09.991000,65,,,
participant_25,2,day,Town10HD_Opt,2026-03-18 10:15:10.109349,-41.66858673095703,89.7454833984375,0.0019188307924196,0.0,0.837,0.625,0.621,0,0,1,,1.0,2026-03-18T10:15:10.109349,neutral,0.852,2026-03-18T10:15:09.163329,0.5745125509834867,2026-03-18T10:15:09.991000,65,,,
participant_25,2,day,Town10HD_Opt,2026-03-18 10:15:11.112426,-41.66858673095703,89.7454833984375,0.0019188307924196,0.0,0.837,0.561,0.621,0,0,1,,0.912,2026-03-18T10:15:11.112426,neutral,0.852,2026-03-18T10:15:09.163329,0.5453150069128808,2026-03-18T10:15:11.970000,64,,,
participant_25,2,day,Town10HD_Opt,2026-03-18 10:15:12.063037,-41.66858673095703,89.7454833984375,0.0019188307924196,0.0,0.837,0.573,0.621,0,0,1,,1.0,2026-03-18T10:15:12.063037,neutral,0.911,2026-03-18T10:15:12.063037,0.5268185862855669,2026-03-18T10:15:12.961000,63,,,
participant_25,2,day,Town10HD_Opt,2026-03-18 10:15:13.272813,-41.66858673095703,89.7454833984375,0.0019188307924196,0.0,0.837,0.57,0.621,0,0,1,,0.951,2026-03-18T10:15:13.272813,neutral,0.911,2026-03-18T10:15:12.063037,0.5436703095175062,2026-03-18T10:15:13.995000,63,,,
participant_25,2,day,Town10HD_Opt,2026-03-18 10:15:14.203739,-41.66858673095703,89.7454833984375,0.0019188307924196,0.0,0.837,0.518,0.621,0,0,1,,0.928,2026-03-18T10:15:14.203739,neutral,0.995,2026-03-18T10:15:14.203739,0.5215423939471092,,63,,,
participant_25,2,day,Town10HD_Opt,2026-03-18 10:15:15.102510,-41.66858673095703,89.7454833984375,0.0019188307924196,0.0,0.837,0.385,0.621,0,0,1,,0.92,2026-03-18T10:15:15.102510,neutral,0.995,2026-03-18T10:15:14.203739,0.5314509576408948,,63,,,
participant_25,2,day,Town10HD_Opt,2026-03-18 10:15:16.012057,-41.66858673095703,89.7454833984375,0.0019188307924196,0.0,0.837,0.399,0.621,0,0,1,,0.944,2026-03-18T10:15:16.012057,neutral,0.995,2026-03-18T10:15:14.203739,0.5086090840826456,2026-03-18T10:15:16.966000,66,,,
participant_25,2,day,Town10HD_Opt,2026-03-18 10:15:17.257810,-41.66858673095703,89.7454833984375,0.0019188307924196,0.0,0.837,0.399,0.621,0,0,1,,0.807,2026-03-18T10:15:17.257810,neutral,0.861,2026-03-18T10:15:17.257810,0.4444037763839252,2026-03-18T10:15:18.180000,68,,,
participant_25,2,day,Town10HD_Opt,2026-03-18 10:15:18.185083,-41.66858673095703,89.7454833984375,0.0019188307924196,0.0,0.837,0.399,0.621,0,0,1,,0.957,2026-03-18T10:15:18.185083,neutral,0.861,2026-03-18T10:15:17.257810,0.461754268950265,2026-03-18T10:15:19.125000,69,,,
participant_25,2,day,Town10HD_Opt,2026-03-18 10:15:19.098786,-41.66858673095703,89.7454833984375,0.0019188307924196,0.0,0.837,0.399,0.621,0,0,1,,0.922,2026-03-18T10:15:19.098786,neutral,0.861,2026-03-18T10:15:17.257810,0.4581305241144329,2026-03-18T10:15:19.125000,70,,,
participant_25,2,day,Town10HD_Opt,2026-03-18 10:15:20.035236,-41.66858673095703,89.7454833984375,0.0019188307924196,0.0,0.837,0.399,0.621,0,0,1,,0.955,2026-03-18T10:15:20.035236,neutral,0.92,2026-03-18T10:15:20.035236,0.5246500338790465,2026-03-18T10:15:20.205000,70,,,
participant_25,2,day,Town10HD_Opt,2026-03-18 10:15:21.277539,-41.66858673095703,89.7454833984375,0.0019188307924196,0.0,0.837,0.973,0.621,0,0,1,,0.891,2026-03-18T10:15:21.277539,neutral,0.92,2026-03-18T10:15:20.035236,0.4450090208949365,2026-03-18T10:15:21.195000,73,,,
participant_25,2,day,Town10HD_Opt,2026-03-18 10:15:22.221021,-41.66858673095703,89.7454833984375,0.0019188307924196,0.0,0.837,0.0,0.621,0,0,1,,1.0,2026-03-18T10:15:22.221021,neutral,0.866,2026-03-18T10:15:22.221021,0.5285232846460721,2026-03-18T10:15:22.323000,71,,,
participant_25,2,day,Town10HD_Opt,2026-03-18 10:15:23.191858,-41.66858673095703,89.7454833984375,0.0019188307924196,0.0,0.837,0.015,0.621,0,0,1,,0.868,2026-03-18T10:15:23.191858,neutral,0.866,2026-03-18T10:15:22.221021,0.5266176047397366,2026-03-18T10:15:23.310000,74,,,
participant_25,2,day,Town10HD_Opt,2026-03-18 10:15:24.130568,-41.66858673095703,89.7454833984375,0.0019188307924196,0.0,0.837,0.0,0.621,0,0,1,,0.952,2026-03-18T10:15:24.130568,neutral,0.866,2026-03-18T10:15:22.221021,0.5023511419107639,2026-03-18T10:15:24.347000,72,,,
participant_25,2,day,Town10HD_Opt,2026-03-18 10:15:25.011726,-41.66858673095703,89.7454833984375,0.0019188307924196,0.0,0.837,0.0,0.583,0,0,1,,0.944,2026-03-18T10:15:25.011726,neutral,0.989,2026-03-18T10:15:25.011726,0.4929716199539367,2026-03-18T10:15:25.516000,69,,,
participant_25,2,day,Town10HD_Opt,2026-03-18 10:15:26.231237,-41.66858673095703,89.7454833984375,0.0019188307924196,0.0,0.837,0.0,0.0,0,0,1,,0.945,2026-03-18T10:15:26.231237,neutral,0.989,2026-03-18T10:15:25.011726,0.5175909614630322,2026-03-18T10:15:27.091000,70,Solid line crossing,Solid line crossing,
participant_25,2,day,Town10HD_Opt,2026-03-18 10:15:27.111084,-41.66814422607422,89.62789916992188,0.0017109679756686,4.331,0.837,0.955,0.0,0,0,1,,0.968,2026-03-18T10:15:27.111084,neutral,0.997,2026-03-18T10:15:27.111084,0.5984138469130191,2026-03-18T10:15:28.035000,72,,,
participant_25,2,day,Town10HD_Opt,2026-03-18 10:15:28.037676,-41.65273284912109,87.68678283691406,0.0014749908586964,17.975,0.837,0.0,0.0,0,0,1,,0.966,2026-03-18T10:15:28.037676,neutral,0.997,2026-03-18T10:15:27.111084,0.506095546892562,2026-03-18T10:15:28.035000,69,,,
participant_25,2,day,Town10HD_Opt,2026-03-18 10:15:29.257385,-41.57707595825195,83.95567321777344,0.0020381163340061,13.269,0.837,0.0,0.0,0,0,1,,1.0,2026-03-18T10:15:29.257385,surprise,0.88,2026-03-18T10:15:29.257385,0.4687355801956388,2026-03-18T10:15:30.106000,75,,,
participant_25,2,day,Town10HD_Opt,2026-03-18 10:15:30.251359,-41.49488830566406,81.87189483642578,0.0020045088604092,10.504,3.627,0.058,0.0,0,0,1,,1.0,2026-03-18T10:15:30.251359,surprise,0.88,2026-03-18T10:15:29.257385,0.5330189398079758,2026-03-18T10:15:30.106000,74,,,
participant_25,2,day,Town10HD_Opt,2026-03-18 10:15:31.299319,-41.325439453125,80.10818481445312,0.0019155120244249,10.242,6.412,0.22,0.0,0,0,1,,1.0,2026-03-18T10:15:31.299319,happy,0.709,2026-03-18T10:15:31.299319,0.5657041100578354,2026-03-18T10:15:31.995000,77,,,
participant_25,2,day,Town10HD_Opt,2026-03-18 10:15:32.303956,-40.969852447509766,78.20111846923828,0.0018055724212899,13.104,10.228,0.473,0.0,0,0,1,,0.918,2026-03-18T10:15:32.303956,happy,0.709,2026-03-18T10:15:31.299319,0.63496808796823,2026-03-18T10:15:32.985000,77,,,
participant_25,2,day,Town10HD_Opt,2026-03-18 10:15:33.302443,-40.135501861572266,75.66799926757812,0.0017794799059629,17.749,12.231,0.469,0.0,0,0,1,,1.0,2026-03-18T10:15:33.302443,happy,0.691,2026-03-18T10:15:33.302443,0.634624218477863,2026-03-18T10:15:34.020000,76,,,
participant_25,2,day,Town10HD_Opt,2026-03-18 10:15:34.016762,-39.16653060913086,73.77781677246094,0.0020642089657485,18.568,15.561,0.465,0.0,0,0,1,,1.0,2026-03-18T10:15:34.016762,happy,0.691,2026-03-18T10:15:33.302443,0.585260893252512,2026-03-18T10:15:34.965000,75,,,
participant_25,2,day,Town10HD_Opt,2026-03-18 10:15:35.044712,-36.87222290039063,71.2361831665039,0.0019929886329919,21.247,22.225,0.464,0.0,0,0,1,,0.832,2026-03-18T10:15:35.044712,happy,0.691,2026-03-18T10:15:33.302443,0.5659168607129937,2026-03-18T10:15:36,76,,,
participant_25,2,day,Town10HD_Opt,2026-03-18 10:15:36.084403,-33.37166976928711,69.58214569091797,0.0020054625347256,23.767,21.832,0.464,0.0,0,0,1,,1.0,2026-03-18T10:15:36.084403,neutral,0.888,2026-03-18T10:15:36.084403,0.664825914465595,2026-03-18T10:15:36.990000,74,,,
participant_25,2,day,Town10HD_Opt,2026-03-18 10:15:37.128333,-29.0526180267334,69.35317993164062,0.0019750213250517,26.349,6.168,0.464,0.0,0,0,1,,0.896,2026-03-18T10:15:37.128333,neutral,0.888,2026-03-18T10:15:36.084403,0.5883657731699258,2026-03-18T10:15:36.990000,73,,,
participant_25,2,day,Town10HD_Opt,2026-03-18 10:15:38.123945,-24.2698917388916,69.68487548828125,0.0019699095282703,28.653,-2.845,0.464,0.0,0,0,1,,1.0,2026-03-18T10:15:38.123945,neutral,0.918,2026-03-18T10:15:38.123945,0.5767495393051407,2026-03-18T10:15:38.970000,75,Stop sign violation,stop_sign_id=1300,
participant_25,2,day,Town10HD_Opt,2026-03-18 10:15:39.096217,-19.09935760498047,69.81266784667969,0.0019788360223174,30.642,-0.233,0.452,0.0,0,0,1,,0.816,2026-03-18T10:15:39.096217,neutral,0.918,2026-03-18T10:15:38.123945,0.6585632270608204,2026-03-18T10:15:38.970000,76,,,
participant_25,2,day,Town10HD_Opt,2026-03-18 10:15:40.056629,-13.615545272827148,69.85318756103516,0.0019942091312259,32.081,0.099,0.212,0.0,0,0,1,,0.889,2026-03-18T10:15:40.056629,neutral,0.918,2026-03-18T10:15:38.123945,0.5776571585047386,2026-03-18T10:15:40.995000,76,,,
participant_25,2,day,Town10HD_Opt,2026-03-18 10:15:41.032068,-8.38925552368164,69.88390350341797,0.0022525787353515,26.309,-0.172,0.16,0.0,0,0,1,,0.851,2026-03-18T10:15:41.032068,neutral,0.988,2026-03-18T10:15:41.032068,0.5930409076522256,2026-03-18T10:15:40.995000,76,,,
participant_25,2,day,Town10HD_Opt,2026-03-18 10:15:42.019221,-4.078883171081543,69.89636993408203,0.0021303938701748,23.361,-0.146,0.244,0.0,0,0,1,,0.841,2026-03-18T10:15:42.019221,neutral,0.988,2026-03-18T10:15:41.032068,0.6104821252193148,2026-03-18T10:15:42.033000,75,,,
participant_25,2,day,Town10HD_Opt,2026-03-18 10:15:43.294934,1.0600377321243286,69.893798828125,0.0020995330996811,20.795,-0.146,0.252,0.0,0,0,1,,1.0,2026-03-18T10:15:43.294934,fear,0.777,2026-03-18T10:15:43.294934,0.5326827862058561,2026-03-18T10:15:44.011000,79,,,
participant_25,2,day,Town10HD_Opt,2026-03-18 10:15:44.268177,4.577080726623535,69.88400268554688,0.0020850752480328,19.427,-0.099,0.273,0.0,0,0,1,,1.0,2026-03-18T10:15:44.268177,fear,0.777,2026-03-18T10:15:43.294934,0.583832090348388,2026-03-18T10:15:45.001000,76,,,
participant_25,2,day,Town10HD_Opt,2026-03-18 10:15:45.237651,7.893880367279053,69.86925506591797,0.0020728684030473,18.491,-0.099,0.275,0.0,0,0,1,,1.0,2026-03-18T10:15:45.237651,fear,0.777,2026-03-18T10:15:43.294934,0.615561066905347,2026-03-18T10:15:46.125000,74,,,
participant_25,2,day,Town10HD_Opt,2026-03-18 10:15:46.216032,11.087175369262695,69.84953308105469,0.0020396423060446,18.058,-0.099,0.0,0.0,0,0,1,,1.0,2026-03-18T10:15:46.216032,neutral,0.963,2026-03-18T10:15:46.216032,0.6156579334967245,2026-03-18T10:15:46.981000,73,,,
participant_25,2,day,Town10HD_Opt,2026-03-18 10:15:47.184837,13.990047454833984,69.82675170898438,0.002067337045446,14.164,-0.099,0.0,0.365,0,0,1,,0.812,2026-03-18T10:15:47.184837,neutral,0.963,2026-03-18T10:15:46.216032,0.6412286846979675,2026-03-18T10:15:46.981000,73,,,
participant_25,2,day,Town10HD_Opt,2026-03-18 10:15:48.112646,15.997081756591797,69.80828094482422,0.0020337295718491,9.508,-0.094,0.0,0.0,0,0,1,,0.872,2026-03-18T10:15:48.112646,neutral,0.963,2026-03-18T10:15:46.216032,0.567445392850367,2026-03-18T10:15:48.960000,72,,,
participant_25,2,day,Town10HD_Opt,2026-03-18 10:15:49.055330,17.464427947998047,69.79341888427734,0.0019879532046616,7.235,-0.094,0.0,0.0,0,0,1,,1.0,2026-03-18T10:15:49.055330,neutral,0.792,2026-03-18T10:15:49.055330,0.5836089150850738,2026-03-18T10:15:48.960000,72,,,
participant_25,2,day,Town10HD_Opt,2026-03-18 10:15:50.267260,18.904756546020508,69.7777099609375,0.001973228296265,4.9,-0.094,0.202,0.0,0,0,1,,0.841,2026-03-18T10:15:50.267260,neutral,0.792,2026-03-18T10:15:49.055330,0.6178278509240709,2026-03-18T10:15:51.030000,74,,,
participant_25,2,day,Town10HD_Opt,2026-03-18 10:15:51.227217,19.975875854492188,69.76532745361328,0.0017671203240752,8.727,-0.094,0.42,0.0,0,0,1,,0.805,2026-03-18T10:15:51.227217,neutral,0.973,2026-03-18T10:15:51.227217,0.559689897993234,2026-03-18T10:15:52.020000,73,,,
participant_25,2,day,Town10HD_Opt,2026-03-18 10:15:52.202345,21.85033226013184,69.74235534667969,0.0018558882875368,11.603,-0.082,0.0,0.0,0,0,1,,1.0,2026-03-18T10:15:52.202345,neutral,0.973,2026-03-18T10:15:51.227217,0.4959401612786898,2026-03-18T10:15:53.146000,76,,,
participant_25,2,day,Town10HD_Opt,2026-03-18 10:15:53.163123,23.628801345825195,69.71928405761719,0.0020304487552493,8.177,-0.075,0.0,0.229,0,0,1,,0.85,2026-03-18T10:15:53.163123,neutral,0.973,2026-03-18T10:15:51.227217,0.4965065889138866,2026-03-18T10:15:53.146000,76,,,
participant_25,2,day,Town10HD_Opt,2026-03-18 10:15:54.166301,24.786922454833984,69.70352172851562,0.0019798278808593,5.522,-0.066,0.0,0.0,0,0,1,,1.0,2026-03-18T10:15:54.166301,neutral,0.978,2026-03-18T10:15:54.166301,0.5414135154270601,2026-03-18T10:15:55.080000,76,,,
participant_25,2,day,Town10HD_Opt,2026-03-18 10:15:55.110279,25.64853286743164,69.69147491455078,0.0019596479833126,4.312,-0.066,0.0,0.0,0,0,1,,1.0,2026-03-18T10:15:55.110279,neutral,0.978,2026-03-18T10:15:54.166301,0.4189377976760172,2026-03-18T10:15:55.080000,74,,,
participant_25,2,day,Town10HD_Opt,2026-03-18 10:15:56.100217,26.024593353271484,69.68634033203125,0.0020383452065289,0.0,-0.056,0.0,0.273,0,0,1,,1.0,2026-03-18T10:15:56.100217,neutral,0.978,2026-03-18T10:15:54.166301,0.4741483919264806,2026-03-18T10:15:56.385000,75,,,
participant_25,2,day,Town10HD_Opt,2026-03-18 10:15:57.272344,26.02514839172364,69.68634033203125,0.0019202422117814,0.136,-0.056,0.124,0.0,0,0,1,,1.0,2026-03-18T10:15:57.272344,neutral,0.987,2026-03-18T10:15:57.272344,0.4974308186642199,2026-03-18T10:15:57.112000,75,,,
participant_25,2,day,Town10HD_Opt,2026-03-18 10:15:58.237999,26.26170921325684,69.68299865722656,0.00172195432242,4.672,-0.056,0.502,0.0,0,0,1,,1.0,2026-03-18T10:15:58.237999,neutral,0.987,2026-03-18T10:15:57.272344,0.4818795124080603,2026-03-18T10:15:57.112000,75,,,
participant_25,2,day,Town10HD_Opt,2026-03-18 10:15:59.150949,27.582164764404297,69.6628646850586,0.0017223738832399,10.518,-0.056,0.453,0.0,0,0,1,,0.811,2026-03-18T10:15:59.150949,neutral,0.987,2026-03-18T10:15:57.272344,0.490512565425517,2026-03-18T10:15:59.940000,74,,,
participant_25,2,day,Town10HD_Opt,2026-03-18 10:16:00.119122,29.850265502929688,69.63054656982422,0.0017760467017069,15.317,-0.059,0.427,0.0,0,0,1,,0.906,2026-03-18T10:16:00.119122,neutral,0.982,2026-03-18T10:16:00.119122,0.5356115292099594,2026-03-18T10:16:00.570000,76,,,
participant_25,2,day,Town10HD_Opt,2026-03-18 10:16:01.094818,32.77531051635742,69.50800323486328,0.0019045256776735,17.074,-8.227,0.0,0.0,0,0,1,,0.839,2026-03-18T10:16:01.094818,neutral,0.982,2026-03-18T10:16:00.119122,0.6049041830788695,2026-03-18T10:16:01.966000,77,,,
participant_25,2,day,Town10HD_Opt,2026-03-18 10:16:02.061366,35.32683563232422,68.94495391845703,0.0020540999248623,13.086,-17.241,0.0,0.0,0,0,1,,1.0,2026-03-18T10:16:02.061366,neutral,0.982,2026-03-18T10:16:00.119122,0.5877434854147783,2026-03-18T10:16:03.001000,76,,,
participant_25,2,day,Town10HD_Opt,2026-03-18 10:16:03.294354,37.60824966430664,67.80138397216797,0.0020112609490752,9.079,-16.057,0.0,0.0,0,0,1,,1.0,2026-03-18T10:16:03.294354,neutral,0.883,2026-03-18T10:16:03.294354,0.6267248387566509,2026-03-18T10:16:03.990000,76,,,
participant_25,2,day,Town10HD_Opt,2026-03-18 10:16:04.223174,38.74950408935547,66.97227478027344,0.0019878004677593,6.989,-14.286,0.0,0.0,0,0,1,,1.0,2026-03-18T10:16:04.223174,neutral,0.883,2026-03-18T10:16:03.294354,0.5391865762687791,2026-03-18T10:16:04.980000,75,Stop sign violation,stop_sign_id=1120,
participant_25,2,day,Town10HD_Opt,2026-03-18 10:16:05.144273,39.56484603881836,66.255126953125,0.0019713209476321,5.378,-13.667,0.0,0.0,0,0,1,,0.823,2026-03-18T10:16:05.144273,neutral,0.883,2026-03-18T10:16:03.294354,0.6948424173368895,2026-03-18T10:16:05.971000,77,Solid line crossing,Solid line crossing,
participant_25,2,day,Town10HD_Opt,2026-03-18 10:16:06.119703,40.1680793762207,65.6836929321289,0.001974296523258,4.03,-5.574,0.381,0.0,0,0,1,,1.0,2026-03-18T10:16:06.119703,neutral,0.905,2026-03-18T10:16:06.119703,0.6960960656889994,2026-03-18T10:16:05.971000,76,,,
participant_25,2,day,Town10HD_Opt,2026-03-18 10:16:07.054892,40.96435928344727,64.91503143310547,0.0017124938312917,9.931,-6.642,0.555,0.0,0,0,1,,0.832,2026-03-18T10:16:07.054892,neutral,0.905,2026-03-18T10:16:06.119703,0.6253729717175667,2026-03-18T10:16:07.995000,77,,,
participant_25,2,day,Town10HD_Opt,2026-03-18 10:16:08.260889,43.08533477783203,62.54472351074219,0.0017621993320062,17.238,-8.296,0.47,0.0,0,0,1,,1.0,2026-03-18T10:16:08.260889,neutral,0.896,2026-03-18T10:16:08.260889,0.6095936145147448,2026-03-18T10:16:08.986000,76,,,
participant_25,2,day,Town10HD_Opt,2026-03-18 10:16:09.245267,44.71289825439453,59.83995056152344,0.0020653915125876,18.446,-18.541,0.359,0.0,0,0,1,,1.0,2026-03-18T10:16:09.245267,neutral,0.896,2026-03-18T10:16:08.260889,0.6758638814797943,2026-03-18T10:16:09.976000,78,,,
participant_25,2,day,Town10HD_Opt,2026-03-18 10:16:10.170943,45.48564910888672,56.74066162109375,0.0019249725155532,17.921,-18.016,0.0,0.0,0,0,1,,1.0,2026-03-18T10:16:10.170943,neutral,0.896,2026-03-18T10:16:08.260889,0.6541053962959487,2026-03-18T10:16:10.965000,77,,,
participant_25,2,day,Town10HD_Opt,2026-03-18 10:16:11.159932,45.39802551269531,53.93452835083008,0.002050552284345,13.977,-11.593,0.0,0.0,0,0,1,,1.0,2026-03-18T10:16:11.159932,neutral,0.961,2026-03-18T10:16:11.159932,0.5858386803667777,2026-03-18T10:16:12,76,,,
participant_25,2,day,Town10HD_Opt,2026-03-18 10:16:12.163438,45.10001373291016,51.7698860168457,0.0019988249987363,11.327,-2.908,0.39,0.0,0,0,1,,1.0,2026-03-18T10:16:12.163438,neutral,0.961,2026-03-18T10:16:11.159932,0.6315546663756136,2026-03-18T10:16:12.990000,78,,,
participant_25,2,day,Town10HD_Opt,2026-03-18 10:16:13.137290,44.77407455444336,49.51832580566406,0.0017842864617705,15.34,-0.47,0.425,0.0,0,0,1,,0.913,2026-03-18T10:16:13.137290,neutral,0.961,2026-03-18T10:16:11.159932,0.6450734419116486,2026-03-18T10:16:13.980000,76,,,
participant_25,2,day,Town10HD_Opt,2026-03-18 10:16:14.091986,44.40695190429688,46.574745178222656,0.0020784377120435,18.128,2.494,0.425,0.0,0,0,1,,0.882,2026-03-18T10:16:14.091986,neutral,0.848,2026-03-18T10:16:14.091986,0.7037256494587849,2026-03-18T10:16:13.980000,75,,,
participant_25,2,day,Town10HD_Opt,2026-03-18 10:16:15.017105,44.15512466430664,43.34891891479492,0.0019977570045739,19.246,3.266,0.379,0.0,0,0,1,,0.901,2026-03-18T10:16:15.017105,neutral,0.848,2026-03-18T10:16:14.091986,0.7255596280488894,2026-03-18T10:16:15.066000,76,,,
participant_25,2,day,Town10HD_Opt,2026-03-18 10:16:16.234965,44.22831344604492,38.68071746826172,0.0020127869211137,20.832,8.465,0.363,0.0,0,0,1,,1.0,2026-03-18T10:16:16.234965,neutral,0.878,2026-03-18T10:16:16.234965,0.6866383996735734,2026-03-18T10:16:16.995000,78,,,
participant_25,2,day,Town10HD_Opt,2026-03-18 10:16:17.205346,45.03584289550781,35.103416442871094,0.0020485685672611,21.267,16.233,0.347,0.0,0,0,1,,0.89,2026-03-18T10:16:17.205346,neutral,0.878,2026-03-18T10:16:16.234965,0.6411866932752507,2026-03-18T10:16:16.995000,78,,,
participant_25,2,day,Town10HD_Opt,2026-03-18 10:16:18.107785,46.89892959594727,31.91362762451172,0.002074813703075,21.212,18.453,0.289,0.0,0,0,1,,1.0,2026-03-18T10:16:18.107785,neutral,0.878,2026-03-18T10:16:16.234965,0.6497642695115101,2026-03-18T10:16:18.976000,77,,,
participant_25,2,day,Town10HD_Opt,2026-03-18 10:16:19.007622,49.5493049621582,29.68707847595215,0.002048950176686,17.832,20.376,0.0,0.0,0,0,1,,1.0,2026-03-18T10:16:19.007622,neutral,0.995,2026-03-18T10:16:19.007622,0.6955023924713905,2026-03-18T10:16:18.976000,76,,,
participant_25,2,day,Town10HD_Opt,2026-03-18 10:16:20.209611,52.90924072265625,28.560009002685547,0.0020481490064412,12.844,13.828,0.0,0.0,0,0,1,,0.903,2026-03-18T10:16:20.209611,neutral,0.995,2026-03-18T10:16:19.007622,0.7188120542624757,2026-03-18T10:16:20.056000,73,,,
participant_25,2,day,Town10HD_Opt,2026-03-18 10:16:21.164024,54.85637664794922,28.23426628112793,0.0020126341842114,9.754,6.379,0.0,0.0,0,0,1,,0.948,2026-03-18T10:16:21.164024,neutral,0.97,2026-03-18T10:16:21.164024,0.6669008986292588,2026-03-18T10:16:21.496000,72,,,
participant_25,2,day,Town10HD_Opt,2026-03-18 10:16:22.094752,56.32932662963867,28.037059783935547,0.0020097349770367,6.962,2.247,0.0,0.053,0,0,1,,0.873,2026-03-18T10:16:22.094752,neutral,0.97,2026-03-18T10:16:21.164024,0.6792755115677397,2026-03-18T10:16:22.127000,73,,,
participant_25,2,day,Town10HD_Opt,2026-03-18 10:16:22.997149,57.08510208129883,27.93380546569824,0.0022413635160773,0.001,0.935,0.0,0.045,0,0,1,,0.867,2026-03-18T10:16:22.997149,neutral,0.97,2026-03-18T10:16:21.164024,0.654195505580863,2026-03-18T10:16:23.116000,73,,,
participant_25,2,day,Town10HD_Opt,2026-03-18 10:16:24.173920,57.090457916259766,27.93309211730957,0.0019218062516301,0.035,0.978,0.0,0.0,0,0,1,,1.0,2026-03-18T10:16:24.173920,neutral,0.763,2026-03-18T10:16:24.173920,0.7021311030864472,2026-03-18T10:16:25.051000,76,,,
participant_25,2,day,Town10HD_Opt,2026-03-18 10:16:25.063945,57.09299087524414,27.93276596069336,0.0019161605741828,0.174,1.283,0.131,0.0,0,0,1,,1.0,2026-03-18T10:16:25.063945,neutral,0.763,2026-03-18T10:16:24.173920,0.662154503708671,2026-03-18T10:16:25.996000,77,,,
participant_25,2,day,Town10HD_Opt,2026-03-18 10:16:25.992382,57.22675323486328,27.914663314819336,0.0018490218790248,2.009,1.316,0.236,0.0,0,0,1,,1.0,2026-03-18T10:16:25.992382,neutral,0.763,2026-03-18T10:16:24.173920,0.6515935258319666,2026-03-18T10:16:25.996000,76,,,
participant_25,2,day,Town10HD_Opt,2026-03-18 10:16:27.194476,57.96682357788086,27.81797981262207,0.0018845367012545,4.051,1.239,0.094,0.0,0,0,1,,0.82,2026-03-18T10:16:27.194476,neutral,0.977,2026-03-18T10:16:27.194476,0.6893033417340702,2026-03-18T10:16:27.975000,76,,,
participant_25,2,day,Town10HD_Opt,2026-03-18 10:16:28.120939,58.68056488037109,27.728031158447266,0.0019428252708166,3.769,1.222,0.0,0.0,0,0,1,,0.854,2026-03-18T10:16:28.120939,neutral,0.977,2026-03-18T10:16:27.194476,0.6091883469035114,2026-03-18T10:16:27.975000,77,,,
participant_25,2,day,Town10HD_Opt,2026-03-18 10:16:28.991781,59.15549087524414,27.669767379760746,0.0021492384839802,0.0,1.114,0.0,0.099,0,0,1,,0.963,2026-03-18T10:16:28.991781,neutral,0.977,2026-03-18T10:16:27.194476,0.6819577922927175,2026-03-18T10:16:29.281000,77,,,
participant_25,2,day,Town10HD_Opt,2026-03-18 10:16:30.143990,59.15576934814453,27.66973876953125,0.001922111492604,0.0,1.123,0.0,0.074,0,0,1,,0.917,2026-03-18T10:16:30.143990,neutral,0.958,2026-03-18T10:16:30.143990,0.6789037957726708,2026-03-18T10:16:30.991000,76,,,
participant_25,2,day,Town10HD_Opt,2026-03-18 10:16:31.048738,59.15576934814453,27.66973876953125,0.0019198608351871,0.0,1.128,0.0,0.067,0,0,1,,0.916,2026-03-18T10:16:31.048738,neutral,0.958,2026-03-18T10:16:30.143990,0.658083297690437,2026-03-18T10:16:30.991000,76,,,
participant_25,2,day,Town10HD_Opt,2026-03-18 10:16:32.221971,59.15576934814453,27.66973876953125,0.0019198608351871,0.0,2.553,0.0,0.0,0,0,1,,0.897,2026-03-18T10:16:32.221971,neutral,0.982,2026-03-18T10:16:32.221971,0.7465115765383658,2026-03-18T10:16:33.151000,75,,,
participant_25,2,day,Town10HD_Opt,2026-03-18 10:16:33.118908,59.15621566772461,27.66970634460449,0.0019156646449118,0.173,4.983,0.118,0.0,0,0,1,,0.9,2026-03-18T10:16:33.118908,neutral,0.982,2026-03-18T10:16:32.221971,0.7727131024696192,2026-03-18T10:16:34.050000,76,,,
participant_25,2,day,Town10HD_Opt,2026-03-18 10:16:34.015609,59.19919967651367,27.667097091674805,0.0018873977242037,0.695,9.365,0.0,0.0,0,0,1,,1.0,2026-03-18T10:16:34.015609,neutral,0.982,2026-03-18T10:16:32.221971,0.7242857724455432,2026-03-18T10:16:34.050000,77,,,
participant_25,2,day,Town10HD_Opt,2026-03-18 10:16:35.238821,59.34041213989258,27.659183502197266,0.0019234084757044,0.506,8.556,0.0,0.0,0,0,1,,1.0,2026-03-18T10:16:35.238821,neutral,0.969,2026-03-18T10:16:35.238821,0.7513771398891161,2026-03-18T10:16:36.166000,77,,,
participant_25,2,day,Town10HD_Opt,2026-03-18 10:16:36.170217,59.41855239868164,27.65519523620605,0.0019225310534238,0.39,8.522,0.0,0.0,0,0,1,,0.827,2026-03-18T10:16:36.170217,neutral,0.969,2026-03-18T10:16:35.238821,0.8224522787375955,2026-03-18T10:16:36.166000,75,,,
participant_25,2,day,Town10HD_Opt,2026-03-18 10:16:37.141082,59.47857284545898,27.65086555480957,0.0019216918153688,0.3,2.132,0.0,0.0,0,0,1,,1.0,2026-03-18T10:16:37.141082,neutral,0.969,2026-03-18T10:16:35.238821,0.8446471994296869,2026-03-18T10:16:37.561000,75,,,
participant_25,2,day,Town10HD_Opt,2026-03-18 10:16:38.056368,59.60859680175781,27.634239196777344,0.0017912292387336,2.907,-1.897,0.488,0.0,0,0,1,,1.0,2026-03-18T10:16:38.056368,neutral,0.96,2026-03-18T10:16:38.056368,0.8395413060413651,2026-03-18T10:16:39.001000,70,,,
participant_25,2,day,Town10HD_Opt,2026-03-18 10:16:39.270923,61.27117538452149,27.402006149291992,0.0017230986850336,11.666,-2.021,0.46,0.0,0,0,1,,0.833,2026-03-18T10:16:39.270923,neutral,0.96,2026-03-18T10:16:38.056368,0.81821790851891,2026-03-18T10:16:39.990000,70,,,
participant_25,2,day,Town10HD_Opt,2026-03-18 10:16:40.163991,63.65148162841797,27.022247314453125,0.0018160628387704,15.422,-1.765,0.261,0.0,0,0,1,,0.802,2026-03-18T10:16:40.163991,neutral,0.955,2026-03-18T10:16:40.163991,0.9275376599562924,2026-03-18T10:16:40.981000,70,,,
participant_25,2,day,Town10HD_Opt,2026-03-18 10:16:41.081379,66.341064453125,26.536272048950195,0.0019475554581731,15.196,-0.893,0.0,0.0,0,0,1,,0.896,2026-03-18T10:16:41.081379,neutral,0.955,2026-03-18T10:16:40.163991,0.8637467474551225,2026-03-18T10:16:41.970000,70,,,errors=Harsh braking
participant_25,2,day,Town10HD_Opt,2026-03-18 10:16:42.013906,68.40204620361328,26.14455795288086,0.0021945952903479,7.259,-0.658,0.0,1.0,0,0,1,,0.931,2026-03-18T10:16:42.013906,neutral,0.955,2026-03-18T10:16:40.163991,0.8707594147536356,2026-03-18T10:16:41.970000,68,,,
participant_25,2,day,Town10HD_Opt,2026-03-18 10:16:43.178951,68.64002227783203,26.09834098815918,0.0019351196242496,0.203,-0.421,0.0,0.0,0,0,1,,0.88,2026-03-18T10:16:43.178951,neutral,0.899,2026-03-18T10:16:43.178951,0.8015528179234139,2026-03-18T10:16:43.996000,71,,,
participant_25,2,day,Town10HD_Opt,2026-03-18 10:16:44.030155,68.670654296875,26.09246826171875,0.0019207763252779,0.157,-0.031,0.0,0.0,0,0,1,,0.87,2026-03-18T10:16:44.030155,neutral,0.899,2026-03-18T10:16:43.178951,0.7028571520528462,2026-03-18T10:16:43.996000,71,,,
participant_25,2,day,Town10HD_Opt,2026-03-18 10:16:45.183647,68.69121551513672,26.0886344909668,0.0019185256678611,0.102,0.696,0.016,0.0,0,0,1,,0.838,2026-03-18T10:16:45.183647,neutral,0.889,2026-03-18T10:16:45.183647,0.750706853518991,2026-03-18T10:16:45.976000,70,,,
participant_25,2,day,Town10HD_Opt,2026-03-18 10:16:46.044756,68.70587158203125,26.08597755432129,0.001918678288348,0.101,0.714,0.016,0.0,0,0,1,,0.852,2026-03-18T10:16:46.044756,neutral,0.889,2026-03-18T10:16:45.183647,0.7256223080182514,2026-03-18T10:16:45.976000,70,,,
participant_25,2,day,Town10HD_Opt,2026-03-18 10:16:47.222192,68.72412109375,26.08261108398437,0.001919021597132,0.092,0.726,0.014,0.0,0,0,1,,0.841,2026-03-18T10:16:47.222192,neutral,0.842,2026-03-18T10:16:47.222192,0.6340356178419594,2026-03-18T10:16:48.046000,67,,,
participant_25,2,day,Town10HD_Opt,2026-03-18 10:16:48.091925,68.73656463623047,26.080322265625,0.0019188689766451,0.087,0.766,0.013,0.0,0,0,1,,0.884,2026-03-18T10:16:48.091925,neutral,0.842,2026-03-18T10:16:47.222192,0.6381029594750918,2026-03-18T10:16:48.991000,66,,,
participant_25,2,day,Town10HD_Opt,2026-03-18 10:16:49.230610,68.75212097167969,26.07749938964844,0.0019188689766451,0.083,0.902,0.013,0.0,0,0,1,,1.0,2026-03-18T10:16:49.230610,neutral,0.81,2026-03-18T10:16:49.230610,0.5976736230086462,2026-03-18T10:16:49.981000,68,Solid line crossing,Solid line crossing,
participant_25,2,day,Town10HD_Opt,2026-03-18 10:16:50.095281,68.763427734375,26.07545661926269,0.0019187163561582,0.082,0.902,0.013,0.0,0,0,1,,1.0,2026-03-18T10:16:50.095281,neutral,0.81,2026-03-18T10:16:49.230610,0.528631988262301,2026-03-18T10:16:50.971000,69,,,
participant_25,2,day,Town10HD_Opt,2026-03-18 10:16:51.017014,68.77449798583984,26.073415756225582,0.0019188307924196,0.081,0.902,0.012,0.0,0,0,1,,0.839,2026-03-18T10:16:51.017014,neutral,0.81,2026-03-18T10:16:49.230610,0.5183697826861394,2026-03-18T10:16:50.971000,69,,,
participant_25,2,day,Town10HD_Opt,2026-03-18 10:16:52.198925,68.78893280029297,26.070804595947266,0.0019188307924196,0.079,0.905,0.012,0.0,0,0,1,,0.85,2026-03-18T10:16:52.198925,happy,0.696,2026-03-18T10:16:52.198925,0.5501638120424474,2026-03-18T10:16:52.997000,70,,,
participant_25,2,day,Town10HD_Opt,2026-03-18 10:16:53.106981,68.79946899414062,26.068893432617188,0.0019187545403838,0.078,0.907,0.012,0.0,0,0,1,,0.829,2026-03-18T10:16:53.106981,happy,0.696,2026-03-18T10:16:52.198925,0.4279846530807029,2026-03-18T10:16:53.985000,72,,,
participant_25,2,day,Town10HD_Opt,2026-03-18 10:16:54.256296,68.81328582763672,26.06640625,0.0019187545403838,0.077,0.907,0.013,0.0,0,0,1,,1.0,2026-03-18T10:16:54.256296,neutral,0.98,2026-03-18T10:16:54.256296,0.4439392343681525,2026-03-18T10:16:54.977000,72,,,
participant_25,2,day,Town10HD_Opt,2026-03-18 10:16:55.130423,68.8345718383789,26.062519073486328,0.0019161986419931,0.177,0.726,0.0,0.0,0,0,1,,1.0,2026-03-18T10:16:55.130423,neutral,0.98,2026-03-18T10:16:54.256296,0.4520603721403352,2026-03-18T10:16:54.977000,71,,,
participant_25,2,day,Town10HD_Opt,2026-03-18 10:16:56.002848,68.861328125,26.057621002197266,0.0019200133392587,0.138,0.728,0.0,0.0,0,0,1,,0.801,2026-03-18T10:16:56.002848,neutral,0.98,2026-03-18T10:16:54.256296,0.4163359846150227,2026-03-18T10:16:56.149000,74,,,
participant_25,2,day,Town10HD_Opt,2026-03-18 10:16:57.141909,68.88762664794922,26.05280494689941,0.0019197463989257,0.098,0.738,0.0,0.0,0,0,1,,1.0,2026-03-18T10:16:57.141909,sad,0.775,2026-03-18T10:16:57.141909,0.3955443430763773,2026-03-18T10:16:58.081000,74,,,
participant_25,2,day,Town10HD_Opt,2026-03-18 10:16:58.003518,68.902099609375,26.050161361694336,0.0019195937784388,0.076,0.738,0.0,0.0,0,0,1,,0.895,2026-03-18T10:16:58.003518,sad,0.775,2026-03-18T10:16:57.141909,0.3546568731128099,2026-03-18T10:16:58.081000,73,,,
participant_25,2,day,Town10HD_Opt,2026-03-18 10:16:59.111722,68.91629028320312,26.047563552856445,0.001919517526403,0.055,0.738,0.0,0.0,0,0,1,,0.867,2026-03-18T10:16:59.111722,sad,0.775,2026-03-18T10:16:57.141909,0.3744721115295958,2026-03-18T10:17:00.060000,73,,,
participant_25,2,day,Town10HD_Opt,2026-03-18 10:17:00.255305,68.9262924194336,26.045743942260746,0.001919288537465,0.039,0.773,0.0,0.0,0,0,1,,0.803,2026-03-18T10:17:00.255305,sad,0.772,2026-03-18T10:17:00.255305,0.3883943962739032,2026-03-18T10:17:01.006000,73,,,
participant_25,2,day,Town10HD_Opt,2026-03-18 10:17:01.176199,68.93179321289062,26.04473304748535,0.0019191741012036,0.155,0.771,0.04,0.0,0,0,1,,0.831,2026-03-18T10:17:01.176199,sad,0.772,2026-03-18T10:17:00.255305,0.390448322482678,2026-03-18T10:17:02.041000,74,,,
participant_25,2,day,Town10HD_Opt,2026-03-18 10:17:02.098770,69.25929260253906,25.98583984375,0.0016284942394122,6.893,1.119,0.811,0.0,0,0,1,,1.0,2026-03-18T10:17:02.098770,sad,0.772,2026-03-18T10:17:00.255305,0.3339976337088168,2026-03-18T10:17:02.041000,73,,,
participant_25,2,day,Town10HD_Opt,2026-03-18 10:17:03.023142,71.3826675415039,25.65289306640625,0.0015550231328234,18.372,3.775,0.711,0.0,0,0,1,,0.811,2026-03-18T10:17:03.023142,neutral,0.948,2026-03-18T10:17:03.023142,0.3893525721222318,2026-03-18T10:17:03.078000,72,,,
participant_25,2,day,Town10HD_Opt,2026-03-18 10:17:04.243632,75.7640609741211,25.234819412231445,0.0019297789549455,16.558,3.151,0.0,0.188,0,0,1,,0.816,2026-03-18T10:17:04.243632,neutral,0.948,2026-03-18T10:17:03.023142,0.3858189451416643,2026-03-18T10:17:05.191000,71,,,
participant_25,2,day,Town10HD_Opt,2026-03-18 10:17:05.124374,78.29712677001953,25.14693260192871,0.0020389938727021,12.461,2.471,0.206,0.0,0,0,1,,1.0,2026-03-18T10:17:05.124374,happy,0.683,2026-03-18T10:17:05.124374,0.3145944695355737,2026-03-18T10:17:05.191000,71,,,
participant_25,2,day,Town10HD_Opt,2026-03-18 10:17:06.058831,80.61408996582031,25.128246307373047,0.0017562865978106,16.074,1.558,0.62,0.0,0,0,1,,0.887,2026-03-18T10:17:06.058831,happy,0.683,2026-03-18T10:17:05.124374,0.3887807896940106,2026-03-18T10:17:06.766000,72,,,
participant_25,2,day,Town10HD_Opt,2026-03-18 10:17:07.250208,85.04476165771484,25.19795608520508,0.0019009780371561,22.024,0.606,0.526,0.0,0,0,1,,1.0,2026-03-18T10:17:07.250208,neutral,0.896,2026-03-18T10:17:07.250208,0.3282876765214893,2026-03-18T10:17:08.027000,73,,,
participant_25,2,day,Town10HD_Opt,2026-03-18 10:17:08.141349,89.23587036132812,25.28800201416016,0.0019164275145158,26.036,-2.12,0.46,0.0,0,0,1,,1.0,2026-03-18T10:17:08.141349,neutral,0.896,2026-03-18T10:17:07.250208,0.3557178766608351,2026-03-18T10:17:08.971000,74,,,
participant_25,2,day,Town10HD_Opt,2026-03-18 10:17:09.034468,93.70223236083984,25.12399101257324,0.0022021865006536,22.867,-7.142,0.0,0.0,0,0,1,,0.829,2026-03-18T10:17:09.034468,neutral,0.896,2026-03-18T10:17:07.250208,0.3254561942167971,2026-03-18T10:17:08.971000,72,,,
participant_25,2,day,Town10HD_Opt,2026-03-18 10:17:10.208378,98.01748657226562,23.98297119140625,0.0020276641007512,15.848,-18.174,0.0,0.0,0,0,1,,0.814,2026-03-18T10:17:10.208378,neutral,0.768,2026-03-18T10:17:10.208378,0.3782026000259491,2026-03-18T10:17:10.996000,72,,,
participant_25,2,day,Town10HD_Opt,2026-03-18 10:17:11.170518,100.10198974609376,22.59543228149414,0.0019639206584542,13.933,-17.483,0.339,0.0,0,0,1,,1.0,2026-03-18T10:17:11.170518,neutral,0.768,2026-03-18T10:17:10.208378,0.2322336265236689,2026-03-18T10:17:11.986000,72,,,
participant_25,2,day,Town10HD_Opt,2026-03-18 10:17:12.122015,101.88368225097656,20.7341423034668,0.0018778227968141,15.764,-15.12,0.311,0.0,0,0,1,,1.0,2026-03-18T10:17:12.122015,neutral,0.768,2026-03-18T10:17:10.208378,0.3443362648529216,2026-03-18T10:17:12.977000,71,,,
participant_25,2,day,Town10HD_Opt,2026-03-18 10:17:13.009584,103.44651794433594,18.35076141357422,0.0019043349893763,16.701,-12.12,0.207,0.0,0,0,1,,1.0,2026-03-18T10:17:13.009584,neutral,0.931,2026-03-18T10:17:13.009584,0.3073206385311319,2026-03-18T10:17:12.977000,72,,,
participant_25,2,day,Town10HD_Opt,2026-03-18 10:17:14.205846,104.82806396484376,14.897689819335938,0.0019799803849309,14.74,-7.14,0.0,0.0,0,0,1,,0.83,2026-03-18T10:17:14.205846,neutral,0.931,2026-03-18T10:17:13.009584,0.34345907422487,2026-03-18T10:17:15.001000,73,,,
participant_25,2,day,Town10HD_Opt,2026-03-18 10:17:15.086303,105.34148406982422,12.661832809448242,0.0020329284016042,11.337,-13.648,0.0,0.0,0,0,1,,0.801,2026-03-18T10:17:15.086303,neutral,0.896,2026-03-18T10:17:15.086303,0.349576802604489,2026-03-18T10:17:15.990000,73,,,
participant_25,2,day,Town10HD_Opt,2026-03-18 10:17:15.990727,105.49624633789062,10.905527114868164,0.0019981001969426,8.919,-6.099,0.227,0.0,0,0,1,,0.937,2026-03-18T10:17:15.990727,neutral,0.896,2026-03-18T10:17:15.086303,0.3188570168890128,2026-03-18T10:17:15.990000,72,,,
participant_25,2,day,Town10HD_Opt,2026-03-18 10:17:17.215514,105.65785217285156,8.561742782592773,0.0018437957623973,11.729,-1.695,0.302,0.0,0,0,1,,0.894,2026-03-18T10:17:17.215514,neutral,0.871,2026-03-18T10:17:17.215514,0.286091164823082,2026-03-18T10:17:17.971000,75,,,
participant_25,2,day,Town10HD_Opt,2026-03-18 10:17:18.085094,105.7883071899414,6.344776630401611,0.0018525695195421,13.796,-1.201,0.304,0.0,0,0,1,,0.837,2026-03-18T10:17:18.085094,neutral,0.871,2026-03-18T10:17:17.215514,0.3183272039578921,2026-03-18T10:17:17.971000,74,,,
participant_25,2,day,Town10HD_Opt,2026-03-18 10:17:19.264495,105.95721435546876,2.888664484024048,0.0018696594052016,15.918,-0.717,0.303,0.0,0,0,1,,1.0,2026-03-18T10:17:19.264495,neutral,0.453,2026-03-18T10:17:19.264495,0.3245721739494011,2026-03-18T10:17:19.051000,74,,,
participant_25,2,day,Town10HD_Opt,2026-03-18 10:17:20.120038,106.06414031982422,0.0011507034068927,0.001877975417301,17.191,-0.717,0.305,0.0,0,0,1,,0.911,2026-03-18T10:17:20.120038,neutral,0.453,2026-03-18T10:17:19.264495,0.2945662193416528,2026-03-18T10:17:20.401000,75,,,
participant_25,2,day,Town10HD_Opt,2026-03-18 10:17:20.994656,106.143798828125,-3.065103769302368,0.001900787348859,17.819,-0.696,0.261,0.0,0,0,1,,0.956,2026-03-18T10:17:20.994656,neutral,0.453,2026-03-18T10:17:19.264495,0.2989687802852598,2026-03-18T10:17:21.257000,75,,,
participant_25,2,day,Town10HD_Opt,2026-03-18 10:17:22.179544,106.19742584228516,-7.026920795440674,0.0020521925762295,14.405,-0.038,0.0,0.095,0,0,1,,0.918,2026-03-18T10:17:22.179544,neutral,0.951,2026-03-18T10:17:22.179544,0.3249997973470592,2026-03-18T10:17:22.426000,73,,,
participant_25,2,day,Town10HD_Opt,2026-03-18 10:17:23.052313,106.22054290771484,-9.214157104492188,0.0020282745826989,10.643,0.172,0.0,0.0,0,0,1,,1.0,2026-03-18T10:17:23.052313,neutral,0.951,2026-03-18T10:17:22.179544,0.2850251713382024,2026-03-18T10:17:23.462000,73,,,
participant_25,2,day,Town10HD_Opt,2026-03-18 10:17:24.210149,106.26368713378906,-11.729228019714355,0.0017259978922083,14.276,0.691,0.677,0.0,0,0,1,,0.835,2026-03-18T10:17:24.210149,neutral,0.676,2026-03-18T10:17:24.210149,0.3047613507021172,2026-03-18T10:17:23.462000,72,,,
participant_25,2,day,Town10HD_Opt,2026-03-18 10:17:25.086702,106.34674835205078,-14.742770195007324,0.002012176439166,19.044,0.726,0.512,0.0,0,0,1,,0.929,2026-03-18T10:17:25.086702,neutral,0.676,2026-03-18T10:17:24.210149,0.2893745632926677,2026-03-18T10:17:23.462000,72,,,
participant_25,2,day,Town10HD_Opt,2026-03-18 10:17:26.256897,106.5864028930664,-19.29927635192871,0.0019864654168486,17.656,2.351,0.0,0.0,0,0,1,,1.0,2026-03-18T10:17:26.256897,neutral,0.904,2026-03-18T10:17:26.256897,0.3346109334878987,2026-03-18T10:17:27.062000,78,,,
participant_25,2,day,Town10HD_Opt,2026-03-18 10:17:27.131269,106.89007568359376,-22.05071258544922,0.002043189946562,13.865,3.259,0.008,0.0,0,0,1,,1.0,2026-03-18T10:17:27.131269,neutral,0.904,2026-03-18T10:17:26.256897,0.3314969704753295,2026-03-18T10:17:28.051000,83,,,
participant_25,2,day,Town10HD_Opt,2026-03-18 10:17:27.994243,107.24754333496094,-24.338302612304688,0.0018652725266292,14.2,2.217,0.415,0.0,0,0,1,,1.0,2026-03-18T10:17:27.994243,neutral,0.904,2026-03-18T10:17:26.256897,0.3538278377942529,2026-03-18T10:17:28.051000,81,,,
participant_25,2,day,Town10HD_Opt,2026-03-18 10:17:29.135655,107.8693618774414,-28.10135841369629,0.0020853041205555,18.271,-3.426,0.399,0.0,0,0,1,,1.0,2026-03-18T10:17:29.135655,neutral,0.752,2026-03-18T10:17:29.135655,0.3535407650318086,2026-03-18T10:17:28.996000,82,,,
participant_25,2,day,Town10HD_Opt,2026-03-18 10:17:30.026656,108.08180236816406,-31.274513244628903,0.0020268631633371,18.56,-11.74,0.38,0.0,0,0,1,,0.856,2026-03-18T10:17:30.026656,neutral,0.752,2026-03-18T10:17:29.135655,0.2106560500387775,2026-03-18T10:17:30.977000,81,,,
participant_25,2,day,Town10HD_Opt,2026-03-18 10:17:31.165912,107.4068832397461,-35.7308235168457,0.0020103836432099,20.319,-6.398,0.376,0.0,0,0,1,,0.845,2026-03-18T10:17:31.165912,neutral,0.777,2026-03-18T10:17:31.165912,0.2130479260532397,2026-03-18T10:17:32.012000,78,,,
participant_25,2,day,Town10HD_Opt,2026-03-18 10:17:32.064077,106.3124771118164,-39.18490219116211,0.002013664226979,21.278,-6.168,0.376,0.0,0,0,1,,1.0,2026-03-18T10:17:32.064077,neutral,0.777,2026-03-18T10:17:31.165912,0.1487431865320195,2026-03-18T10:17:33.001000,77,,,
participant_25,2,day,Town10HD_Opt,2026-03-18 10:17:33.217909,104.09441375732422,-43.75699234008789,0.0020206070039421,22.422,-6.59,0.375,0.0,0,0,1,,1.0,2026-03-18T10:17:33.217909,neutral,0.764,2026-03-18T10:17:33.217909,0.2228171101540026,2026-03-18T10:17:33.991000,76,,,
participant_25,2,day,Town10HD_Opt,2026-03-18 10:17:34.100235,101.89163208007812,-47.07722854614258,0.0020193480886518,23.183,-2.826,0.375,0.0,0,0,1,,0.864,2026-03-18T10:17:34.100235,neutral,0.764,2026-03-18T10:17:33.217909,0.2657527051446152,2026-03-18T10:17:33.991000,75,,,
participant_25,2,day,Town10HD_Opt,2026-03-18 10:17:35.240903,98.47210693359376,-51.46640396118164,0.0019615553319454,24.6,-3.014,0.375,0.0,0,0,1,,1.0,2026-03-18T10:17:35.240903,neutral,0.804,2026-03-18T10:17:35.240903,0.1772946829387397,2026-03-18T10:17:33.991000,77,,,
participant_25,2,day,Town10HD_Opt,2026-03-18 10:17:36.180604,95.51683044433594,-54.638309478759766,0.0020196533296257,25.233,-3.712,0.375,0.0,0,0,1,,0.933,2026-03-18T10:17:36.180604,neutral,0.804,2026-03-18T10:17:35.240903,0.2288373996532253,2026-03-18T10:17:36.422000,75,,,
participant_25,2,day,Town10HD_Opt,2026-03-18 10:17:37.069061,92.200439453125,-57.59938049316406,0.0020236587151885,25.823,-3.964,0.375,0.0,0,0,1,,0.924,2026-03-18T10:17:37.069061,neutral,0.804,2026-03-18T10:17:35.240903,0.169344902635692,2026-03-18T10:17:37.143000,76,,,
participant_25,2,day,Town10HD_Opt,2026-03-18 10:17:38.235243,87.24571228027344,-61.1163215637207,0.0020270156674087,26.521,-3.624,0.375,0.0,0,0,1,,0.945,2026-03-18T10:17:38.235243,neutral,0.992,2026-03-18T10:17:38.235243,0.237354342294198,2026-03-18T10:17:38.042000,77,,,
participant_25,2,day,Town10HD_Opt,2026-03-18 10:17:39.084374,83.18299865722656,-63.38717651367188,0.0020290755201131,26.945,-3.636,0.375,0.0,0,0,1,,0.882,2026-03-18T10:17:39.084374,neutral,0.992,2026-03-18T10:17:38.235243,0.1661886938338031,2026-03-18T10:17:39.301000,77,,,
participant_25,2,day,Town10HD_Opt,2026-03-18 10:17:40.242060,77.36860656738281,-65.841064453125,0.0020317840389907,27.422,-4.03,0.375,0.0,0,0,1,,0.909,2026-03-18T10:17:40.242060,neutral,0.805,2026-03-18T10:17:40.242060,0.1629814762663282,2026-03-18T10:17:41.012000,75,,,
participant_25,2,day,Town10HD_Opt,2026-03-18 10:17:41.121490,72.74828338623047,-67.14674377441406,0.0020344543736428,27.717,-4.636,0.375,0.0,0,0,1,,0.868,2026-03-18T10:17:41.121490,neutral,0.805,2026-03-18T10:17:40.242060,0.1088868219435712,2026-03-18T10:17:42.001000,78,,,
participant_25,2,day,Town10HD_Opt,2026-03-18 10:17:42.031474,67.95751190185547,-67.90567779541016,0.0020352553110569,27.978,-4.195,0.375,0.0,0,0,1,,1.0,2026-03-18T10:17:42.031474,neutral,0.805,2026-03-18T10:17:40.242060,0.1684428993271791,2026-03-18T10:17:42.001000,77,,,
participant_25,2,day,Town10HD_Opt,2026-03-18 10:17:43.214659,61.42818069458008,-68.16204071044922,0.0020361708011478,28.26,-1.222,0.373,0.0,0,0,1,,0.937,2026-03-18T10:17:43.214659,neutral,0.938,2026-03-18T10:17:43.214659,0.1360230953069107,2026-03-18T10:17:43.171000,78,,,
participant_25,2,day,Town10HD_Opt,2026-03-18 10:17:44.121651,56.48683166503906,-68.08142852783203,0.0020365524105727,28.42,0.172,0.373,0.0,0,0,1,,0.908,2026-03-18T10:17:44.121651,neutral,0.938,2026-03-18T10:17:43.214659,0.0737637193774553,2026-03-18T10:17:44.566000,77,,,
participant_25,2,day,Town10HD_Opt,2026-03-18 10:17:45.010669,51.51935577392578,-67.97433471679688,0.0020370483398437,28.56,0.461,0.373,0.0,0,0,1,,1.0,2026-03-18T10:17:45.010669,neutral,0.938,2026-03-18T10:17:43.214659,0.0617093267673298,2026-03-18T10:17:45.691000,78,,,
participant_25,2,day,Town10HD_Opt,2026-03-18 10:17:46.201176,44.85984802246094,-67.86165618896484,0.0020378874614834,28.72,0.12,0.373,0.0,0,0,1,,0.867,2026-03-18T10:17:46.201176,neutral,0.876,2026-03-18T10:17:46.201176,0.0437601665096644,2026-03-18T10:17:47.042000,76,,,
participant_25,2,day,Town10HD_Opt,2026-03-18 10:17:47.100005,39.84200286865234,-67.77650451660156,0.00203842157498,28.831,0.12,0.422,0.0,0,0,1,,0.902,2026-03-18T10:17:47.100005,neutral,0.876,2026-03-18T10:17:46.201176,0.1500565728748804,2026-03-18T10:17:47.042000,76,,,
participant_25,2,day,Town10HD_Opt,2026-03-18 10:17:48.256093,32.56696319580078,-67.64231872558594,0.0018281936645507,35.684,0.122,0.665,0.0,0,0,1,,0.907,2026-03-18T10:17:48.256093,neutral,0.855,2026-03-18T10:17:48.256093,0.0485564754488929,2026-03-18T10:17:48.166000,76,,,
participant_25,2,day,Town10HD_Opt,2026-03-18 10:17:49.123840,25.87786102294922,-67.5394287109375,0.0018999861786141,40.601,0.122,0.57,0.0,0,0,1,,0.839,2026-03-18T10:17:49.123840,neutral,0.855,2026-03-18T10:17:48.256093,0.0310417334393057,2026-03-18T10:17:49.337000,75,,,
participant_25,2,day,Town10HD_Opt,2026-03-18 10:17:49.991631,18.747634887695312,-67.45881652832031,0.0021897505503147,38.217,0.143,0.0,0.0,0,0,1,,0.837,2026-03-18T10:17:49.991631,neutral,0.855,2026-03-18T10:17:48.256093,0.02,2026-03-18T10:17:50.146000,75,,,
participant_25,2,day,Town10HD_Opt,2026-03-18 10:17:51.143115,11.08031940460205,-67.41353607177734,0.0022979734931141,27.156,0.167,0.0,0.0,0,0,1,,0.967,2026-03-18T10:17:51.143115,neutral,0.96,2026-03-18T10:17:51.143115,0.02,2026-03-18T10:17:51.001000,76,,,
participant_25,2,day,Town10HD_Opt,2026-03-18 10:17:52.064808,6.878149032592773,-67.41742706298828,0.0022555158939212,20.491,0.545,0.0,0.0,0,0,1,,0.857,2026-03-18T10:17:52.064808,neutral,0.96,2026-03-18T10:17:51.143115,0.0332125704397095,2026-03-18T10:17:52.532000,76,,,
participant_25,2,day,Town10HD_Opt,2026-03-18 10:17:53.231683,2.617817640304565,-67.46488952636719,0.0019379042787477,17.304,0.364,0.216,0.0,0,0,1,,0.854,2026-03-18T10:17:53.231683,neutral,0.927,2026-03-18T10:17:53.231683,0.0815783894995763,2026-03-18T10:17:53.972000,77,,,
participant_25,2,day,Town10HD_Opt,2026-03-18 10:17:54.084376,-0.3684142231941223,-67.51763916015625,0.0019343948224559,16.808,0.268,0.22,0.0,0,0,1,,0.978,2026-03-18T10:17:54.084376,neutral,0.927,2026-03-18T10:17:53.231683,0.1318379344916489,2026-03-18T10:17:54.511000,78,,,
participant_25,2,day,Town10HD_Opt,2026-03-18 10:17:55.233232,-4.338264465332031,-67.6070327758789,0.001907653757371,17.087,0.268,0.0,0.0,0,0,1,,0.967,2026-03-18T10:17:55.233232,neutral,0.937,2026-03-18T10:17:55.233232,0.02,2026-03-18T10:17:56.132000,74,,,
participant_25,2,day,Town10HD_Opt,2026-03-18 10:17:56.078833,-6.973321914672852,-67.678466796875,0.0020859909709542,11.864,0.251,0.0,0.312,0,0,1,,0.962,2026-03-18T10:17:56.078833,neutral,0.937,2026-03-18T10:17:55.233232,0.02,2026-03-18T10:17:56.132000,74,,,
participant_25,2,day,Town10HD_Opt,2026-03-18 10:17:57.224743,-9.20414924621582,-67.74665832519531,0.0019970701541751,7.652,0.251,0.0,0.0,0,0,1,,0.963,2026-03-18T10:17:57.224743,neutral,0.937,2026-03-18T10:17:55.233232,0.0522496624457622,2026-03-18T10:17:57.661000,72,,,
participant_25,2,day,Town10HD_Opt,2026-03-18 10:17:58.055284,-10.39603328704834,-67.78604125976562,0.0019754790700972,5.874,0.251,0.0,0.0,0,0,1,,0.976,2026-03-18T10:17:58.055284,neutral,0.98,2026-03-18T10:17:58.055284,0.0305300414886451,2026-03-18T10:17:58.201000,73,,,
participant_25,2,day,Town10HD_Opt,2026-03-18 10:17:59.188336,-11.525933265686035,-67.82524871826172,0.0019244384020566,4.489,0.242,0.175,0.0,0,0,1,,0.967,2026-03-18T10:17:59.188336,neutral,0.98,2026-03-18T10:17:58.055284,0.1184521776318652,2026-03-18T10:17:59.192000,74,,,
participant_25,2,day,Town10HD_Opt,2026-03-18 10:18:00.076453,-12.398239135742188,-67.856689453125,0.0018790053436532,5.664,0.24,0.189,0.0,0,0,1,,0.938,2026-03-18T10:18:00.076453,neutral,0.981,2026-03-18T10:18:00.076453,0.0895511852462402,2026-03-18T10:18:00.362000,74,,,
participant_25,2,day,Town10HD_Opt,2026-03-18 10:18:01.194109,-13.791709899902344,-67.90850067138672,0.0019278335385024,5.639,0.042,0.0,0.108,0,0,1,,0.925,2026-03-18T10:18:01.194109,neutral,0.981,2026-03-18T10:18:00.076453,0.0653081304902827,2026-03-18T10:18:01.172000,74,,,
participant_25,2,day,Town10HD_Opt,2026-03-18 10:18:02.064973,-13.949661254882812,-67.91427612304688,0.001973228296265,0.0,0.035,0.0,0.326,0,0,1,,1.0,2026-03-18T10:18:02.064973,neutral,0.981,2026-03-18T10:18:00.076453,0.0767313526442095,2026-03-18T10:18:02.522000,77,,,
participant_25,2,day,Town10HD_Opt,2026-03-18 10:18:03.149808,-13.94974136352539,-67.9142837524414,0.0019203567644581,0.0,0.054,0.0,0.0,0,0,1,,0.889,2026-03-18T10:18:03.149808,neutral,0.951,2026-03-18T10:18:03.149808,0.1321152214252896,2026-03-18T10:18:03.243000,75,,,
participant_25,2,day,Town10HD_Opt,2026-03-18 10:18:04.264929,-13.949742317199709,-67.9142837524414,0.0019194411579519,0.0,0.054,0.0,0.0,0,0,1,,0.958,2026-03-18T10:18:04.264929,neutral,0.951,2026-03-18T10:18:03.149808,0.122944118516258,2026-03-18T10:18:04.186000,77,,,
participant_25,2,day,Town10HD_Opt,2026-03-18 10:18:05.142025,-13.949742317199709,-67.9142837524414,0.0019194411579519,0.0,0.056,0.0,0.0,0,0,1,,0.963,2026-03-18T10:18:05.142025,neutral,0.951,2026-03-18T10:18:03.149808,0.1333336645705994,2026-03-18T10:18:06.031000,78,,,
participant_25,2,day,Town10HD_Opt,2026-03-18 10:18:06.010533,-13.955854415893556,-67.91445922851562,0.0019175338093191,0.072,0.068,0.05,0.0,0,0,1,,0.83,2026-03-18T10:18:06.010533,neutral,0.935,2026-03-18T10:18:06.010533,0.1536138230487614,2026-03-18T10:18:06.031000,76,,,
participant_25,2,day,Town10HD_Opt,2026-03-18 10:18:07.134476,-13.9805908203125,-67.91539001464844,0.0019139099167659,0.217,0.073,0.073,0.0,0,0,1,,0.956,2026-03-18T10:18:07.134476,neutral,0.935,2026-03-18T10:18:06.010533,0.0999202335319209,2026-03-18T10:18:07.247000,75,,,
participant_25,2,day,Town10HD_Opt,2026-03-18 10:18:08.227226,-14.090672492980955,-67.91946411132812,0.0019121170043945,0.721,0.073,0.0,0.0,0,0,1,,0.957,2026-03-18T10:18:08.227226,neutral,0.984,2026-03-18T10:18:08.227226,0.1286391999592121,2026-03-18T10:18:09.092000,73,,,
participant_25,2,day,Town10HD_Opt,2026-03-18 10:18:09.052253,-14.202570915222168,-67.9236068725586,0.0019238662207499,0.556,0.073,0.0,0.0,0,0,1,,0.973,2026-03-18T10:18:09.052253,neutral,0.984,2026-03-18T10:18:08.227226,0.1475614630470038,2026-03-18T10:18:09.991000,74,,,
participant_25,2,day,Town10HD_Opt,2026-03-18 10:18:10.197662,-14.32011890411377,-67.92801666259766,0.0018736267229542,1.506,0.073,0.458,0.0,0,0,1,,0.838,2026-03-18T10:18:10.197662,neutral,0.984,2026-03-18T10:18:08.227226,0.1005793952402404,2026-03-18T10:18:11.071000,76,,,
participant_25,2,day,Town10HD_Opt,2026-03-18 10:18:11.094915,-15.033575057983398,-67.95467376708984,0.0017102813581004,7.46,0.073,0.37,0.0,0,0,1,,0.972,2026-03-18T10:18:11.094915,neutral,0.978,2026-03-18T10:18:11.094915,0.1786378961066526,2026-03-18T10:18:12.017000,77,,,
participant_25,2,day,Town10HD_Opt,2026-03-18 10:18:11.991883,-16.67597007751465,-68.017822265625,0.0017932510236278,11.429,0.073,0.365,0.0,0,0,1,,0.919,2026-03-18T10:18:11.991883,neutral,0.978,2026-03-18T10:18:11.094915,0.2118145763747647,2026-03-18T10:18:12.017000,78,,,
participant_25,2,day,Town10HD_Opt,2026-03-18 10:18:13.097759,-19.605287551879883,-68.13399505615234,0.0019893264397978,11.604,0.045,0.0,0.0,0,0,1,,0.919,2026-03-18T10:18:13.097759,neutral,0.919,2026-03-18T10:18:13.097759,0.147851101631993,2026-03-18T10:18:13.052000,79,,,
participant_25,2,day,Town10HD_Opt,2026-03-18 10:18:14.207785,-21.91611862182617,-68.22711181640625,0.0019969176501035,8.159,0.045,0.0,0.0,0,0,1,,0.949,2026-03-18T10:18:14.207785,neutral,0.919,2026-03-18T10:18:13.097759,0.2502783702634028,2026-03-18T10:18:15.077000,76,,,
participant_25,2,day,Town10HD_Opt,2026-03-18 10:18:15.088240,-23.18074607849121,-68.27861785888672,0.0019935225136578,6.05,0.04,0.091,0.0,0,0,1,,0.964,2026-03-18T10:18:15.088240,neutral,0.919,2026-03-18T10:18:13.097759,0.2783362870156819,2026-03-18T10:18:15.077000,76,,,
participant_25,2,day,Town10HD_Opt,2026-03-18 10:18:16.221961,-24.825910568237305,-68.3460693359375,0.0016921615460887,11.367,0.035,0.783,0.0,0,0,1,,0.953,2026-03-18T10:18:16.221961,neutral,0.963,2026-03-18T10:18:16.221961,0.2891918315844695,2026-03-18T10:18:17.057000,72,,,
participant_25,2,day,Town10HD_Opt,2026-03-18 10:18:17.073351,-27.682315826416016,-68.4642333984375,0.0018482588930055,22.038,0.014,0.84,0.0,0,0,1,,0.956,2026-03-18T10:18:17.073351,neutral,0.963,2026-03-18T10:18:16.221961,0.2149741746223648,2026-03-18T10:18:18.002000,70,,,errors=Red light violation
participant_25,2,day,Town10HD_Opt,2026-03-18 10:18:18.212305,-34.364234924316406,-68.69242858886719,0.0016718673286959,36.783,-0.557,0.789,0.0,0,0,1,,0.937,2026-03-18T10:18:18.212305,neutral,0.963,2026-03-18T10:18:16.221961,0.2801401834826859,2026-03-18T10:18:18.002000,72,,,
participant_25,2,day,Town10HD_Opt,2026-03-18 10:18:19.118479,-41.0664291381836,-68.80657196044922,0.0021972274407744,35.737,-0.407,0.0,0.0,0,0,1,,0.934,2026-03-18T10:18:19.118479,neutral,0.988,2026-03-18T10:18:19.118479,0.3011591748037412,2026-03-18T10:18:19.982000,71,,,
participant_25,2,day,Town10HD_Opt,2026-03-18 10:18:19.991470,-46.64524459838867,-68.83378601074219,0.0023117065429687,27.778,-0.27,0.0,0.27,0,0,1,,0.953,2026-03-18T10:18:19.991470,neutral,0.988,2026-03-18T10:18:19.118479,0.2637500308086204,2026-03-18T10:18:19.982000,71,,,errors=Harsh braking
participant_25,2,day,Town10HD_Opt,2026-03-18 10:18:21.116937,-50.38047790527344,-68.826904296875,0.0026611709035933,0.002,-0.308,0.0,1.0,0,0,1,,1.0,2026-03-18T10:18:21.116937,neutral,0.988,2026-03-18T10:18:19.118479,0.2446947787592304,2026-03-18T10:18:22.007000,74,,,
participant_25,2,day,Town10HD_Opt,2026-03-18 10:18:22.217038,-50.381961822509766,-68.82689666748047,0.0019270705524832,0.002,-0.305,0.0,0.0,0,0,1,,0.93,2026-03-18T10:18:22.217038,neutral,0.904,2026-03-18T10:18:22.217038,0.3043608556863927,2026-03-18T10:18:23.132000,72,,,
participant_25,2,day,Town10HD_Opt,2026-03-18 10:18:23.049604,-50.38149642944336,-68.82691192626953,0.0019184494158253,0.138,-0.143,0.015,0.0,0,0,1,,0.977,2026-03-18T10:18:23.049604,neutral,0.904,2026-03-18T10:18:22.217038,0.2542266534473928,2026-03-18T10:18:23.132000,74,,,
participant_25,2,day,Town10HD_Opt,2026-03-18 10:18:24.189322,-50.39620590209961,-68.82691192626953,0.0019224929856136,0.154,0.063,0.043,0.0,0,0,1,,0.969,2026-03-18T10:18:24.189322,neutral,0.904,2026-03-18T10:18:22.217038,0.3515627957723805,2026-03-18T10:18:24.977000,69,,,
participant_25,2,day,Town10HD_Opt,2026-03-18 10:18:25.035039,-50.41397476196289,-68.82691192626953,0.00191635126248,0.166,0.063,0.0,0.0,0,0,1,,0.952,2026-03-18T10:18:25.035039,neutral,0.964,2026-03-18T10:18:25.035039,0.3514706979990247,2026-03-18T10:18:24.977000,71,,,
participant_25,2,day,Town10HD_Opt,2026-03-18 10:18:26.120854,-50.44636535644531,-68.826904296875,0.0019200133392587,0.118,0.005,0.0,0.0,0,0,1,,0.941,2026-03-18T10:18:26.120854,neutral,0.964,2026-03-18T10:18:25.035039,0.3085263078167169,2026-03-18T10:18:26.016000,70,,,
participant_25,2,day,Town10HD_Opt,2026-03-18 10:18:27.199845,-50.46916961669922,-68.826904296875,0.0019197082147002,0.084,0.047,0.0,0.0,0,0,1,,0.949,2026-03-18T10:18:27.199845,neutral,0.954,2026-03-18T10:18:27.199845,0.3706771697126728,2026-03-18T10:18:28.036000,72,,,
participant_25,2,day,Town10HD_Opt,2026-03-18 10:18:28.023805,-50.481712341308594,-68.826904296875,0.0019195555942133,0.065,0.047,0.023,0.0,0,0,1,,0.942,2026-03-18T10:18:28.023805,neutral,0.954,2026-03-18T10:18:27.199845,0.3320374786386879,2026-03-18T10:18:28.036000,70,,,
participant_25,2,day,Town10HD_Opt,2026-03-18 10:18:29.121105,-50.54180145263672,-68.82689666748047,0.0019186401041224,0.341,0.078,0.0,0.0,0,0,1,,0.978,2026-03-18T10:18:29.121105,neutral,0.954,2026-03-18T10:18:27.199845,0.4828534522663635,2026-03-18T10:18:30.018000,74,,,
participant_25,2,day,Town10HD_Opt,2026-03-18 10:18:30.189254,-50.60905075073242,-68.82688903808594,0.0019212722545489,0.237,0.078,0.0,0.0,0,0,1,,0.952,2026-03-18T10:18:30.189254,neutral,0.951,2026-03-18T10:18:30.189254,0.455477519859056,2026-03-18T10:18:31.097000,77,,,
participant_25,2,day,Town10HD_Opt,2026-03-18 10:18:31.010761,-50.64601135253906,-68.8268814086914,0.0019207381410524,0.186,0.078,0.0,0.0,0,0,1,,0.966,2026-03-18T10:18:31.010761,neutral,0.951,2026-03-18T10:18:30.189254,0.4476456055636879,2026-03-18T10:18:31.097000,76,,,
participant_25,2,day,Town10HD_Opt,2026-03-18 10:18:32.123722,-50.68230438232422,-68.8268814086914,0.0019202422117814,0.132,0.078,0.0,0.0,0,0,1,,0.946,2026-03-18T10:18:32.123722,neutral,0.951,2026-03-18T10:18:30.189254,0.5010366136126747,2026-03-18T10:18:32.042000,75,,,
participant_25,2,day,Town10HD_Opt,2026-03-18 10:18:33.195099,-50.70783615112305,-68.82687377929688,0.0019198226509615,0.094,0.078,0.0,0.0,0,0,1,,0.95,2026-03-18T10:18:33.195099,neutral,0.987,2026-03-18T10:18:33.195099,0.6718932835641857,2026-03-18T10:18:33.977000,75,,,
participant_25,2,day,Town10HD_Opt,2026-03-18 10:18:34.081200,-50.73765182495117,-68.82666015625,0.0018494033720344,1.666,0.078,0.653,0.0,0,0,1,,0.944,2026-03-18T10:18:34.081200,neutral,0.987,2026-03-18T10:18:33.195099,0.6374760154490549,2026-03-18T10:18:33.977000,75,,,
participant_25,2,day,Town10HD_Opt,2026-03-18 10:18:35.177086,-52.49782943725586,-68.8222885131836,0.0016092681325972,13.849,0.078,0.59,0.0,0,0,1,,0.937,2026-03-18T10:18:35.177086,neutral,0.987,2026-03-18T10:18:33.195099,0.6115987567569633,2026-03-18T10:18:36.047000,71,,,
participant_25,2,day,Town10HD_Opt,2026-03-18 10:18:36.001367,-55.48854446411133,-68.81629180908203,0.0020112609490752,19.201,0.078,0.56,0.0,0,0,1,,0.919,2026-03-18T10:18:36.001367,neutral,0.987,2026-03-18T10:18:36.001367,0.7863692537886086,2026-03-18T10:18:36.047000,72,,,
participant_25,2,day,Town10HD_Opt,2026-03-18 10:18:37.124239,-60.55523681640625,-68.81403350830078,0.001930808997713,24.281,0.078,0.441,0.0,0,0,1,,0.957,2026-03-18T10:18:37.124239,neutral,0.987,2026-03-18T10:18:36.001367,0.7973051444194247,2026-03-18T10:18:37.982000,69,,,
participant_25,2,day,Town10HD_Opt,2026-03-18 10:18:38.222579,-66.36921691894531,-68.82391357421875,0.002075805561617,24.458,0.068,0.209,0.0,0,0,1,,0.955,2026-03-18T10:18:38.222579,neutral,0.982,2026-03-18T10:18:38.222579,0.7436659694732051,2026-03-18T10:18:39.107000,71,,,
participant_25,2,day,Town10HD_Opt,2026-03-18 10:18:39.035316,-70.42709350585938,-68.8374252319336,0.0021397017408162,21.74,-0.026,0.178,0.0,0,0,1,,0.97,2026-03-18T10:18:39.035316,neutral,0.982,2026-03-18T10:18:38.222579,0.7730909921754567,2026-03-18T10:18:39.107000,70,,,
participant_25,2,day,Town10HD_Opt,2026-03-18 10:18:40.196333,-75.02690887451172,-68.80599212646484,0.0020917130168527,18.181,-2.81,0.183,0.0,0,0,1,,0.942,2026-03-18T10:18:40.196333,neutral,0.982,2026-03-18T10:18:38.222579,0.7956369458480927,2026-03-18T10:18:41.043000,73,,,errors=Solid line crossing
participant_25,2,day,Town10HD_Opt,2026-03-18 10:18:41.025375,-78.1494369506836,-68.52897644042969,0.0019108580891042,17.767,-8.751,0.278,0.0,0,0,1,,0.92,2026-03-18T10:18:41.025375,neutral,0.956,2026-03-18T10:18:41.025375,0.7723272973158412,2026-03-18T10:18:41.043000,73,,,
participant_25,2,day,Town10HD_Opt,2026-03-18 10:18:42.175997,-82.20488739013672,-67.46460723876953,0.0020314024295657,18.162,-8.761,0.299,0.0,0,0,1,,0.962,2026-03-18T10:18:42.175997,neutral,0.956,2026-03-18T10:18:41.025375,0.7335638410529063,2026-03-18T10:18:42.977000,72,,,
participant_25,2,day,Town10HD_Opt,2026-03-18 10:18:42.997833,-85.11618041992188,-66.1972885131836,0.0020491408649832,18.015,-5.125,0.299,0.0,0,0,1,,0.958,2026-03-18T10:18:42.997833,neutral,0.956,2026-03-18T10:18:41.025375,0.7672753288687678,2026-03-18T10:18:42.977000,72,,,
participant_25,2,day,Town10HD_Opt,2026-03-18 10:18:44.150764,-88.83932495117188,-64.17412567138672,0.0020220566075295,18.281,-4.631,0.301,0.0,0,0,1,,0.911,2026-03-18T10:18:44.150764,neutral,0.919,2026-03-18T10:18:44.150764,0.7323108011224628,2026-03-18T10:18:45.093000,71,,,
participant_25,2,day,Town10HD_Opt,2026-03-18 10:18:45.013653,-91.49864959716795,-62.41371536254883,0.0020349503029137,18.466,-4.445,0.505,0.0,0,0,1,,0.959,2026-03-18T10:18:45.013653,neutral,0.919,2026-03-18T10:18:44.150764,0.7145134480469243,2026-03-18T10:18:45.093000,72,,,
participant_25,2,day,Town10HD_Opt,2026-03-18 10:18:46.146061,-95.21925354003906,-59.43647003173828,0.0019544218666851,22.458,-4.442,0.455,0.0,0,0,1,,0.979,2026-03-18T10:18:46.146061,neutral,0.919,2026-03-18T10:18:44.150764,0.7106060680677834,2026-03-18T10:18:45.093000,71,,,
participant_25,2,day,Town10HD_Opt,2026-03-18 10:18:47.010106,-98.18659210205078,-56.56222915649414,0.0019629287999123,24.976,-3.262,0.455,0.0,0,0,1,,0.977,2026-03-18T10:18:47.010106,neutral,0.987,2026-03-18T10:18:47.010106,0.730688033850682,2026-03-18T10:18:47.523000,73,,,
participant_25,2,day,Town10HD_Opt,2026-03-18 10:18:48.173998,-102.20963287353516,-51.923377990722656,0.0019891357515007,27.614,-3.349,0.41,0.0,0,0,1,,0.963,2026-03-18T10:18:48.173998,neutral,0.987,2026-03-18T10:18:47.010106,0.6237435450810576,2026-03-18T10:18:49.097000,77,,,
participant_25,2,day,Town10HD_Opt,2026-03-18 10:18:49.036925,-105.06620025634766,-47.95277404785156,0.0020352171268314,28.092,-3.078,0.346,0.0,0,0,1,,0.966,2026-03-18T10:18:49.036925,angry,0.819,2026-03-18T10:18:49.036925,0.7208069948196548,2026-03-18T10:18:49.097000,77,,,
participant_25,2,day,Town10HD_Opt,2026-03-18 10:18:50.188559,-108.35044860839844,-42.39642333984375,0.0020829008426517,26.903,-3.74,0.281,0.0,0,0,1,,0.949,2026-03-18T10:18:50.188559,angry,0.819,2026-03-18T10:18:49.036925,0.7776502578326702,2026-03-18T10:18:50.089000,77,,,
participant_25,2,day,Town10HD_Opt,2026-03-18 10:18:51.059457,-110.21656036376952,-38.39085006713867,0.0022240446414798,22.237,-4.192,0.0,0.0,0,0,1,,0.941,2026-03-18T10:18:51.059457,neutral,0.963,2026-03-18T10:18:51.059457,0.7278914434388974,2026-03-18T10:18:51.212000,73,,,
participant_25,2,day,Town10HD_Opt,2026-03-18 10:18:52.212304,-111.59029388427734,-34.22536849975586,0.0020055389031767,15.931,-9.385,0.2,0.0,0,0,1,,0.958,2026-03-18T10:18:52.212304,neutral,0.963,2026-03-18T10:18:51.059457,0.6985630506047801,2026-03-18T10:18:53.012000,74,,,
participant_25,2,day,Town10HD_Opt,2026-03-18 10:18:53.083845,-111.9585418701172,-31.438968658447266,0.0018565750215202,17.384,-10.567,0.492,0.0,0,0,1,,0.91,2026-03-18T10:18:53.083845,neutral,0.975,2026-03-18T10:18:53.083845,0.6769532065277217,2026-03-18T10:18:54.002000,74,,,
participant_25,2,day,Town10HD_Opt,2026-03-18 10:18:54.259015,-111.78557586669922,-27.07372093200684,0.0019733428489416,20.272,-4.129,0.444,0.0,0,0,1,,0.908,2026-03-18T10:18:54.259015,neutral,0.975,2026-03-18T10:18:53.083845,0.6561432527571869,2026-03-18T10:18:54.991000,77,,,
participant_25,2,day,Town10HD_Opt,2026-03-18 10:18:55.218807,-111.40399169921876,-23.425710678100582,0.0021062849555164,19.878,-0.176,0.0,0.067,0,0,1,,0.908,2026-03-18T10:18:55.218807,neutral,0.956,2026-03-18T10:18:55.218807,0.665408763370502,2026-03-18T10:18:55.982000,75,,,
participant_25,2,day,Town10HD_Opt,2026-03-18 10:18:56.131464,-111.10112762451172,-20.431928634643555,0.0020852661691606,13.722,0.357,0.0,0.335,0,0,1,,0.942,2026-03-18T10:18:56.131464,neutral,0.956,2026-03-18T10:18:55.218807,0.6758946773393767,2026-03-18T10:18:57.018000,77,,,
participant_25,2,day,Town10HD_Opt,2026-03-18 10:18:57.010707,-110.91455078125,-18.477399826049805,0.0020890808664262,8.383,0.355,0.0,0.314,0,0,1,,0.942,2026-03-18T10:18:57.010707,neutral,0.956,2026-03-18T10:18:55.218807,0.730528298277544,2026-03-18T10:18:57.018000,77,,,
participant_25,2,day,Town10HD_Opt,2026-03-18 10:18:58.177764,-110.83546447753906,-17.624584197998047,0.0020245742052793,0.0,0.322,0.0,0.68,0,0,1,,0.941,2026-03-18T10:18:58.177764,neutral,0.973,2026-03-18T10:18:58.177764,0.7372380036812826,2026-03-18T10:18:59.087000,75,,,
participant_25,2,day,Town10HD_Opt,2026-03-18 10:18:59.080204,-110.83544921875,-17.624412536621094,0.0019232940394431,0.001,0.261,0.0,0.0,0,0,1,,0.871,2026-03-18T10:18:59.080204,neutral,0.973,2026-03-18T10:18:58.177764,0.7227405906220252,2026-03-18T10:18:59.987000,72,,,
participant_25,2,day,Town10HD_Opt,2026-03-18 10:19:00.197938,-110.83544921875,-17.624401092529297,0.0019191741012036,0.001,2.083,0.0,0.0,0,0,1,,0.92,2026-03-18T10:19:00.197938,neutral,0.915,2026-03-18T10:19:00.197938,0.6637086901267144,2026-03-18T10:19:01.022000,72,,,
participant_25,2,day,Town10HD_Opt,2026-03-18 10:19:01.068293,-110.83544921875,-17.624401092529297,0.001919021597132,0.001,1.805,0.0,0.0,0,0,1,,0.953,2026-03-18T10:19:01.068293,neutral,0.915,2026-03-18T10:19:00.197938,0.6709849938393346,2026-03-18T10:19:02.012000,74,,,errors=Vehicle collision
participant_25,2,day,Town10HD_Opt,2026-03-18 10:19:02.183063,-110.83547973632812,-17.623641967773438,0.0018996428698301,0.001,1.81,0.0,0.0,0,0,1,,0.962,2026-03-18T10:19:02.183063,neutral,0.915,2026-03-18T10:19:00.197938,0.6537128447979804,2026-03-18T10:19:03.092000,73,,,
participant_25,2,day,Town10HD_Opt,2026-03-18 10:19:03.028126,-110.83548736572266,-17.623626708984375,0.0019188307924196,0.001,1.81,0.0,0.0,0,0,1,,0.901,2026-03-18T10:19:03.028126,neutral,0.819,2026-03-18T10:19:03.028126,0.5909802792946359,2026-03-18T10:19:03.092000,72,,,
participant_25,2,day,Town10HD_Opt,2026-03-18 10:19:04.146783,-110.83548736572266,-17.623624801635742,0.001919021597132,0.001,1.81,0.0,0.0,0,0,1,,0.956,2026-03-18T10:19:04.146783,neutral,0.819,2026-03-18T10:19:03.028126,0.6612675184407775,2026-03-18T10:19:05.027000,74,,,
participant_25,2,day,Town10HD_Opt,2026-03-18 10:19:05.016203,-110.83548736572266,-17.623624801635742,0.0019189834129065,0.001,1.81,0.0,0.0,0,0,1,,0.909,2026-03-18T10:19:05.016203,neutral,0.819,2026-03-18T10:19:03.028126,0.5804309187608557,2026-03-18T10:19:05.027000,74,,,
participant_25,2,day,Town10HD_Opt,2026-03-18 10:19:06.156603,-110.83548736572266,-17.623624801635742,0.0019189834129065,0.001,1.81,0.0,0.0,0,0,1,,0.944,2026-03-18T10:19:06.156603,neutral,0.946,2026-03-18T10:19:06.156603,0.6954397544009127,2026-03-18T10:19:06.020000,74,,,
participant_25,2,day,Town10HD_Opt,2026-03-18 10:19:07.033138,-110.83548736572266,-17.623626708984375,0.0019188689766451,0.001,1.81,0.0,0.0,0,0,1,,0.963,2026-03-18T10:19:07.033138,neutral,0.946,2026-03-18T10:19:06.156603,0.6101808779357755,2026-03-18T10:19:07.145000,73,,,
participant_25,2,day,Town10HD_Opt,2026-03-18 10:19:08.277943,-110.83548736572266,-17.623626708984375,0.0019189071608707,0.001,1.81,0.0,0.0,0,0,1,,0.955,2026-03-18T10:19:08.277943,neutral,0.986,2026-03-18T10:19:08.277943,0.512517062114305,2026-03-18T10:19:08.988000,71,,,
participant_25,2,day,Town10HD_Opt,2026-03-18 10:19:09.199545,-110.83548736572266,-17.623626708984375,0.0019188307924196,0.001,1.81,0.0,0.0,0,0,1,,0.94,2026-03-18T10:19:09.199545,neutral,0.986,2026-03-18T10:19:08.277943,0.5682080476538607,2026-03-18T10:19:10.157000,69,,,
participant_25,2,day,Town10HD_Opt,2026-03-18 10:19:10.035999,-110.83548736572266,-17.623624801635742,0.0019189834129065,0.001,1.786,0.0,0.0,0,0,1,,0.869,2026-03-18T10:19:10.035999,neutral,0.986,2026-03-18T10:19:08.277943,0.5286485896013552,2026-03-18T10:19:10.157000,70,,,
participant_25,2,day,Town10HD_Opt,2026-03-18 10:19:11.182775,-110.83548736572266,-17.623624801635742,0.0019189452286809,0.001,1.777,0.0,0.0,0,0,1,,0.974,2026-03-18T10:19:11.182775,neutral,0.929,2026-03-18T10:19:11.182775,0.5007577187160674,2026-03-18T10:19:11.102000,71,,,
participant_25,2,day,Town10HD_Opt,2026-03-18 10:19:12.054219,-110.83548736572266,-17.623624801635742,0.0019189452286809,0.001,1.424,0.0,0.0,0,0,1,reach_back,0.839,2026-03-18T10:19:12.054219,neutral,0.929,2026-03-18T10:19:11.182775,0.5971024160795774,2026-03-18T10:19:12.993000,75,,,
participant_25,2,day,Town10HD_Opt,2026-03-18 10:19:13.195189,-110.83548736572266,-17.623624801635742,0.001919021597132,0.001,1.518,0.0,0.0,0,0,1,,0.902,2026-03-18T10:19:13.195189,neutral,0.969,2026-03-18T10:19:13.195189,0.5660683223713836,2026-03-18T10:19:14.072000,79,,,
participant_25,2,day,Town10HD_Opt,2026-03-18 10:19:14.061067,-110.83548736572266,-17.623626708984375,0.0019188307924196,0.001,1.518,0.0,0.0,0,0,1,,0.921,2026-03-18T10:19:14.061067,neutral,0.969,2026-03-18T10:19:13.195189,0.5210699140658799,2026-03-18T10:19:15.018000,81,,,
participant_25,2,day,Town10HD_Opt,2026-03-18 10:19:15.181638,-110.83548736572266,-17.623624801635742,0.0019189452286809,0.001,1.485,0.0,0.0,0,0,1,,0.885,2026-03-18T10:19:15.181638,neutral,0.969,2026-03-18T10:19:13.195189,0.6076354912516273,2026-03-18T10:19:16.098000,85,,,
participant_25,2,day,Town10HD_Opt,2026-03-18 10:19:16.047790,-110.83548736572266,-17.623626708984375,0.0019189834129065,0.001,1.485,0.0,0.0,0,0,1,,0.917,2026-03-18T10:19:16.047790,neutral,0.995,2026-03-18T10:19:16.047790,0.4807894284353043,2026-03-18T10:19:16.997000,84,,,
participant_25,2,day,Town10HD_Opt,2026-03-18 10:19:17.179384,-110.81989288330078,-17.43812370300293,0.0017063902923837,4.741,1.314,0.722,0.0,0,0,1,,0.935,2026-03-18T10:19:17.179384,neutral,0.995,2026-03-18T10:19:16.047790,0.4586851108110131,2026-03-18T10:19:18.033000,86,,,
participant_25,2,day,Town10HD_Opt,2026-03-18 10:19:18.103126,-110.69271087646484,-15.75461769104004,0.0015750502934679,15.389,1.448,0.688,0.0,0,0,1,,0.917,2026-03-18T10:19:18.103126,neutral,0.923,2026-03-18T10:19:18.103126,0.4822913338502215,2026-03-18T10:19:18.033000,85,,,
participant_25,2,day,Town10HD_Opt,2026-03-18 10:19:19.253392,-110.53395080566406,-11.72917938232422,0.0019824600312858,15.803,3.881,0.0,0.0,0,0,1,,1.0,2026-03-18T10:19:19.253392,neutral,0.923,2026-03-18T10:19:18.103126,0.3647738702536617,2026-03-18T10:19:20.013000,86,,,
participant_25,2,day,Town10HD_Opt,2026-03-18 10:19:20.169538,-110.62095642089844,-9.270903587341309,0.0020299910102039,12.306,4.735,0.146,0.0,0,0,1,,1.0,2026-03-18T10:19:20.169538,neutral,0.996,2026-03-18T10:19:20.169538,0.3481604138542646,2026-03-18T10:19:21.048000,74,,,
participant_25,2,day,Town10HD_Opt,2026-03-18 10:19:21.075362,-110.81443786621094,-7.103076457977295,0.0018523024627938,13.66,0.618,0.431,0.0,0,0,1,,0.937,2026-03-18T10:19:21.075362,neutral,0.996,2026-03-18T10:19:20.169538,0.2643778494864894,2026-03-18T10:19:21.993000,71,,,
participant_25,2,day,Town10HD_Opt,2026-03-18 10:19:22.248660,-111.03341674804688,-3.346644878387451,0.0020657347049564,18.167,-2.687,0.428,0.0,0,0,1,,0.876,2026-03-18T10:19:22.248660,happy,0.853,2026-03-18T10:19:22.248660,0.1664691963289731,2026-03-18T10:19:23.027000,69,,,
participant_25,2,day,Town10HD_Opt,2026-03-18 10:19:23.115636,-111.0649871826172,-0.0672240406274795,0.0019803238101303,19.803,-1.852,0.42,0.0,0,0,1,,0.962,2026-03-18T10:19:23.115636,happy,0.853,2026-03-18T10:19:22.248660,0.2240662643109847,2026-03-18T10:19:23.027000,70,,,
participant_25,2,day,Town10HD_Opt,2026-03-18 10:19:23.997257,-110.9822235107422,3.5650956630706787,0.0019825361669063,21.666,-2.177,0.411,0.0,0,0,1,,0.84,2026-03-18T10:19:23.997257,happy,0.853,2026-03-18T10:19:22.248660,0.187845274018706,2026-03-18T10:19:24.197000,65,,,
participant_25,2,day,Town10HD_Opt,2026-03-18 10:19:25.139704,-110.56986236572266,8.869346618652344,0.0019940184429287,23.89,-3.752,0.411,0.0,0,0,1,,0.815,2026-03-18T10:19:25.139704,neutral,0.974,2026-03-18T10:19:25.139704,0.1325848393110648,2026-03-18T10:19:25.052000,67,,,
participant_25,2,day,Town10HD_Opt,2026-03-18 10:19:26.013727,-109.80355072021484,13.089163780212402,0.0020061873365193,25.195,-7.898,0.391,0.0,0,0,1,,0.915,2026-03-18T10:19:26.013727,neutral,0.974,2026-03-18T10:19:25.139704,0.1362608265709091,2026-03-18T10:19:26.538000,70,,,
participant_25,2,day,Town10HD_Opt,2026-03-18 10:19:27.190111,-107.53948211669922,18.19770050048828,0.0021824263967573,21.537,-13.068,0.097,0.0,0,0,1,,0.918,2026-03-18T10:19:27.190111,neutral,0.981,2026-03-18T10:19:27.190111,0.0372496696620927,2026-03-18T10:19:28.022000,66,,,
participant_25,2,day,Town10HD_Opt,2026-03-18 10:19:28.096997,-105.34256744384766,20.76347923278809,0.0019570540171116,17.158,-12.815,0.0,0.0,0,0,1,,0.871,2026-03-18T10:19:28.096997,neutral,0.981,2026-03-18T10:19:27.190111,0.0475850035662416,2026-03-18T10:19:29.012000,66,,,
participant_25,2,day,Town10HD_Opt,2026-03-18 10:19:28.997584,-103.16645050048828,22.39298439025879,0.0019501113565638,15.231,-13.243,0.296,0.0,0,0,1,,0.861,2026-03-18T10:19:28.997584,neutral,0.981,2026-03-18T10:19:27.190111,0.1333807613193185,2026-03-18T10:19:29.012000,65,,,
participant_25,2,day,Town10HD_Opt,2026-03-18 10:19:30.207489,-99.80545806884766,23.92901611328125,0.001898803631775,16.583,-12.047,0.283,0.0,0,0,1,,1.0,2026-03-18T10:19:30.207489,neutral,0.973,2026-03-18T10:19:30.207489,0.126301925431181,2026-03-18T10:19:30.992000,65,,,
participant_25,2,day,Town10HD_Opt,2026-03-18 10:19:31.157281,-96.978515625,24.658483505249023,0.0019586181733757,16.081,-6.507,0.101,0.0,0,0,1,,0.946,2026-03-18T10:19:31.157281,neutral,0.973,2026-03-18T10:19:30.207489,0.02,2026-03-18T10:19:31.982000,64,,,
participant_25,2,day,Town10HD_Opt,2026-03-18 10:19:32.120157,-94.33914184570312,25.103893280029297,0.0019491576822474,14.866,-3.766,0.257,0.0,0,0,1,,1.0,2026-03-18T10:19:32.120157,neutral,0.973,2026-03-18T10:19:30.207489,0.0972085195191239,2026-03-18T10:19:33.018000,66,,,
participant_25,2,day,Town10HD_Opt,2026-03-18 10:19:33.066394,-91.71247863769533,25.525110244750977,0.001895027118735,15.643,5.163,0.27,0.0,0,0,1,,0.933,2026-03-18T10:19:33.066394,angry,0.453,2026-03-18T10:19:33.066394,0.1572623024159202,2026-03-18T10:19:33.018000,66,,,
participant_25,2,day,Town10HD_Opt,2026-03-18 10:19:34.275807,-88.12738800048828,26.602996826171875,0.0019024658249691,16.55,8.778,0.269,0.0,0,0,1,,0.902,2026-03-18T10:19:34.275807,angry,0.453,2026-03-18T10:19:33.066394,0.0679218690579989,2026-03-18T10:19:34.997000,65,,,
participant_25,2,day,Town10HD_Opt,2026-03-18 10:19:35.226833,-85.44769287109375,27.807085037231445,0.0019032668787986,17.069,0.437,0.265,0.0,0,0,1,,1.0,2026-03-18T10:19:35.226833,neutral,0.981,2026-03-18T10:19:35.226833,0.0394450498334889,2026-03-18T10:19:36.077000,64,,,errors=Solid line crossing
participant_25,2,day,Town10HD_Opt,2026-03-18 10:19:36.209196,-82.58938598632812,28.65790557861328,0.0019311904907226,17.258,-18.694,0.264,0.0,0,0,1,,1.0,2026-03-18T10:19:36.209196,neutral,0.981,2026-03-18T10:19:35.226833,0.0535581038812239,2026-03-18T10:19:37.022000,64,,,
participant_25,2,day,Town10HD_Opt,2026-03-18 10:19:37.218211,-79.55581665039062,28.82145500183105,0.0019160461379215,17.529,-4.997,0.255,0.0,0,0,1,,0.836,2026-03-18T10:19:37.218211,neutral,0.981,2026-03-18T10:19:35.226833,0.02,2026-03-18T10:19:38.012000,66,,,
participant_25,2,day,Town10HD_Opt,2026-03-18 10:19:38.132190,-76.47640991210938,28.76484107971192,0.0019128418061882,17.734,-3.158,0.272,0.0,0,0,1,,0.949,2026-03-18T10:19:38.132190,happy,0.967,2026-03-18T10:19:38.132190,0.1054352260176086,2026-03-18T10:19:39.002000,66,,,errors=Solid line crossing
participant_25,2,day,Town10HD_Opt,2026-03-18 10:19:39.046717,-73.34596252441406,28.586366653442383,0.0018997192382812,17.983,-1.166,0.193,0.0,0,0,1,,0.948,2026-03-18T10:19:39.046717,happy,0.967,2026-03-18T10:19:38.132190,0.0642206517442894,2026-03-18T10:19:39.992000,66,,,
participant_25,2,day,Town10HD_Opt,2026-03-18 10:19:40.260533,-69.66500854492188,28.37959671020508,0.0020417021587491,13.052,1.967,0.0,0.0,0,0,1,,0.925,2026-03-18T10:19:40.260533,neutral,0.89,2026-03-18T10:19:40.260533,0.0434790545519729,2026-03-18T10:19:40.982000,64,,,
participant_25,2,day,Town10HD_Opt,2026-03-18 10:19:41.196364,-67.42443084716797,28.33313369750977,0.0017996215028688,14.826,2.148,0.519,0.0,0,0,1,,1.0,2026-03-18T10:19:41.196364,neutral,0.89,2026-03-18T10:19:40.260533,0.1023139467401563,2026-03-18T10:19:42.152000,66,,,
participant_25,2,day,Town10HD_Opt,2026-03-18 10:19:42.168987,-64.4496078491211,28.354949951171875,0.0020684050396084,18.448,2.078,0.519,0.0,0,0,1,,0.897,2026-03-18T10:19:42.168987,neutral,0.89,2026-03-18T10:19:40.260533,0.1095702675830643,2026-03-18T10:19:43.008000,65,,,
participant_25,2,day,Town10HD_Opt,2026-03-18 10:19:43.088372,-60.960697174072266,28.476783752441406,0.0019172286847606,22.135,-0.336,0.5,0.0,0,0,1,,0.888,2026-03-18T10:19:43.088372,neutral,0.986,2026-03-18T10:19:43.088372,0.0317406659532619,2026-03-18T10:19:43.998000,67,,,
participant_25,2,day,Town10HD_Opt,2026-03-18 10:19:44.006516,-56.80263900756836,28.604108810424805,0.0019261550623923,25.744,-0.759,0.5,0.0,0,0,1,,0.869,2026-03-18T10:19:44.006516,neutral,0.986,2026-03-18T10:19:43.088372,0.0313010714266744,2026-03-18T10:19:43.998000,66,,,
participant_25,2,day,Town10HD_Opt,2026-03-18 10:19:45.198233,-50.33610916137695,28.69482612609864,0.0019430541433393,29.933,-0.423,0.5,0.0,0,0,1,,0.817,2026-03-18T10:19:45.198233,neutral,0.973,2026-03-18T10:19:45.198233,0.1297539601466604,2026-03-18T10:19:46.113000,68,,,
participant_25,2,day,Town10HD_Opt,2026-03-18 10:19:46.105577,-44.88222122192383,28.69111061096192,0.0019548416603356,32.647,-0.543,0.5,0.0,0,0,1,,1.0,2026-03-18T10:19:46.105577,neutral,0.973,2026-03-18T10:19:45.198233,0.0763072541814208,2026-03-18T10:19:47.012000,68,,,
participant_25,2,day,Town10HD_Opt,2026-03-18 10:19:47.049216,-38.97990036010742,28.61581993103028,0.0019655989017337,34.905,-0.545,0.5,0.0,0,0,1,,0.9,2026-03-18T10:19:47.049216,neutral,0.973,2026-03-18T10:19:45.198233,0.0790699616552096,2026-03-18T10:19:47.012000,69,,,
participant_25,2,day,Town10HD_Opt,2026-03-18 10:19:48.257818,-30.50929069519043,28.39793586730957,0.0019781494047492,37.746,-0.087,0.5,0.0,0,0,1,,0.85,2026-03-18T10:19:48.257818,neutral,0.942,2026-03-18T10:19:48.257818,0.1406128372997706,2026-03-18T10:19:48.186000,69,,,
participant_25,2,day,Town10HD_Opt,2026-03-18 10:19:49.154899,-23.782655715942383,28.204259872436523,0.0019976424518972,39.207,0.686,0.483,0.0,0,0,1,,0.844,2026-03-18T10:19:49.154899,neutral,0.942,2026-03-18T10:19:48.257818,0.0574693843484099,2026-03-18T10:19:50.027000,69,,,
participant_25,2,day,Town10HD_Opt,2026-03-18 10:19:50.060699,-16.94698143005371,28.12130355834961,0.0021524429321289,36.691,0.089,0.0,0.0,0,0,1,,0.805,2026-03-18T10:19:50.060699,neutral,0.942,2026-03-18T10:19:48.257818,0.1178204072544059,2026-03-18T10:19:50.027000,70,,,
participant_25,2,day,Town10HD_Opt,2026-03-18 10:19:51.229887,-9.476394653320312,28.08313369750977,0.0022918700706213,26.456,0.134,0.0,0.0,0,0,1,,0.958,2026-03-18T10:19:51.229887,neutral,0.985,2026-03-18T10:19:51.229887,0.0722524302978925,2026-03-18T10:19:52.098000,72,,,
participant_25,2,day,Town10HD_Opt,2026-03-18 10:19:52.152153,-5.346398830413818,28.07466697692871,0.0021949387155473,21.094,0.512,0.196,0.0,0,0,1,,1.0,2026-03-18T10:19:52.152153,neutral,0.985,2026-03-18T10:19:51.229887,0.02,2026-03-18T10:19:52.998000,76,,,
participant_25,2,day,Town10HD_Opt,2026-03-18 10:19:53.046305,-1.8776105642318728,28.1011905670166,0.0021271514706313,18.606,-0.035,0.199,0.0,0,0,1,,0.933,2026-03-18T10:19:53.046305,neutral,0.985,2026-03-18T10:19:51.229887,0.02,2026-03-18T10:19:53.988000,76,,,
participant_25,2,day,Town10HD_Opt,2026-03-18 10:19:54.262117,2.335268497467041,28.12898635864257,0.0019298553233966,18.093,-0.585,0.334,0.0,0,0,1,,0.921,2026-03-18T10:19:54.262117,neutral,0.996,2026-03-18T10:19:54.262117,0.0375445256270958,2026-03-18T10:19:55.113000,78,,,
participant_25,2,day,Town10HD_Opt,2026-03-18 10:19:55.174254,5.507840633392334,28.12300682067871,0.0020332718268036,18.187,-0.425,0.326,0.0,0,0,1,,0.941,2026-03-18T10:19:55.174254,neutral,0.996,2026-03-18T10:19:54.262117,0.02,2026-03-18T10:19:56.012000,78,,,
participant_25,2,day,Town10HD_Opt,2026-03-18 10:19:56.076219,8.687471389770508,28.101524353027344,0.0020505904685705,18.097,-0.12,0.324,0.0,0,0,1,,0.958,2026-03-18T10:19:56.076219,neutral,0.996,2026-03-18T10:19:54.262117,0.02,2026-03-18T10:19:56.012000,77,,,
participant_25,2,day,Town10HD_Opt,2026-03-18 10:19:57.034908,11.864992141723633,28.07614517211914,0.0020384979434311,18.246,-0.056,0.324,0.0,0,0,1,,0.931,2026-03-18T10:19:57.034908,neutral,0.987,2026-03-18T10:19:57.034908,0.078052188053995,2026-03-18T10:19:57.993000,79,,,
participant_25,2,day,Town10HD_Opt,2026-03-18 10:19:58.220873,16.14552879333496,28.037466049194336,0.0020383833907544,18.457,-0.04,0.324,0.0,0,0,1,,0.87,2026-03-18T10:19:58.220873,neutral,0.987,2026-03-18T10:19:57.034908,0.0257544387303751,2026-03-18T10:19:57.993000,79,,,
participant_25,2,day,Town10HD_Opt,2026-03-18 10:19:59.160372,19.386756896972656,28.02009010314941,0.0020386886317282,18.617,0.959,0.391,0.0,0,0,1,,0.94,2026-03-18T10:19:59.160372,neutral,0.979,2026-03-18T10:19:59.160372,0.0239466941832092,2026-03-18T10:20:00.066000,82,,,
participant_25,3,day,Town10HD_Opt,2026-03-18 10:30:00.000000,-41.66858673095703,89.7454833984375,0.580491840839386,17.368,5.893,0.498,0.0,0,0,1,,1.0,2026-03-18T10:30:00,,,2026-03-18T10:30:00,0.7535178255866162,2026-03-18T10:30:00,71,,,
participant_25,3,day,Town10HD_Opt,2026-03-18 10:30:04.596357,-41.54966735839844,82.54132843017578,0.0018890762003138,17.463,6.955,0.542,0.0,0,0,1,,0.914,2026-03-18T10:30:04.596357,,,2026-03-18T10:30:04.596357,0.6870439883754251,2026-03-18T10:30:04.951000,73,,,
participant_25,3,day,Town10HD_Opt,2026-03-18 10:30:05.250319,-41.26298904418945,80.43081665039062,0.0020692443940788,18.697,9.255,0.435,0.0,0,0,1,,1.0,2026-03-18T10:30:05.250319,,,2026-03-18T10:30:04.596357,0.7277984012930159,2026-03-18T10:30:05.939000,75,,,
participant_25,3,day,Town10HD_Opt,2026-03-18 10:30:06.273604,-40.27951049804688,77.15275573730469,0.0019831084646284,20.804,14.229,0.443,0.0,0,0,1,,1.0,2026-03-18T10:30:06.273604,,,2026-03-18T10:30:04.596357,0.6877596368793065,2026-03-18T10:30:06.929000,74,,,
participant_25,3,day,Town10HD_Opt,2026-03-18 10:30:07.313584,-38.2166633605957,73.96195983886719,0.0020032881293445,23.022,18.124,0.438,0.0,0,0,1,,1.0,2026-03-18T10:30:07.313584,sad,0.376,2026-03-18T10:30:07.313584,0.6661487415510109,2026-03-18T10:30:07.966000,75,,,
participant_25,3,day,Town10HD_Opt,2026-03-18 10:30:08.308681,-34.92461395263672,71.44326782226562,0.0020063780248165,24.934,14.82,0.439,0.0,0,0,1,,1.0,2026-03-18T10:30:08.308681,sad,0.376,2026-03-18T10:30:07.313584,0.6302436966255456,2026-03-18T10:30:08.954000,73,,,
participant_25,3,day,Town10HD_Opt,2026-03-18 10:30:08.989303,-32.199485778808594,70.29139709472656,0.0020013807807117,26.054,11.549,0.44,0.0,0,0,1,,1.0,2026-03-18T10:30:08.989303,sad,0.376,2026-03-18T10:30:07.313584,0.6447454062208204,2026-03-18T10:30:08.954000,74,,,
participant_25,3,day,Town10HD_Opt,2026-03-18 10:30:09.991864,-27.59329605102539,69.37680053710938,0.0019981383811682,27.89,9.26,0.445,0.0,0,0,1,,1.0,2026-03-18T10:30:09.991864,neutral,0.564,2026-03-18T10:30:09.991864,0.5793120463925142,2026-03-18T10:30:09.944000,74,,,
participant_25,3,day,Town10HD_Opt,2026-03-18 10:30:11.245534,-20.85529518127441,69.45277404785156,0.0019906996749341,30.021,-1.789,0.449,0.0,0,0,1,,0.805,2026-03-18T10:30:11.245534,neutral,0.564,2026-03-18T10:30:09.991864,0.5687425044051322,2026-03-18T10:30:12.060000,75,,,
participant_25,3,day,Town10HD_Opt,2026-03-18 10:30:12.196807,-15.466806411743164,69.54310607910156,0.0019905089866369,31.692,-0.078,0.458,0.0,0,0,1,,1.0,2026-03-18T10:30:12.196807,neutral,0.698,2026-03-18T10:30:12.196807,0.6109194802591843,2026-03-18T10:30:12.960000,78,,,
participant_25,3,day,Town10HD_Opt,2026-03-18 10:30:13.223375,-9.80248737335205,69.63310241699219,0.0019932554569095,33.22,0.202,0.46,0.0,0,0,1,,1.0,2026-03-18T10:30:13.223375,neutral,0.698,2026-03-18T10:30:12.196807,0.5514583237583733,2026-03-18T10:30:13.950000,80,,,
participant_25,3,day,Town10HD_Opt,2026-03-18 10:30:14.211477,-3.886039018630981,69.76625061035156,0.0020008848514407,34.528,-0.277,0.453,0.0,0,0,1,,1.0,2026-03-18T10:30:14.211477,sad,0.45,2026-03-18T10:30:14.211477,0.5862622379925302,2026-03-18T10:30:14.984000,77,,,
participant_25,3,day,Town10HD_Opt,2026-03-18 10:30:15.136587,2.2331252098083496,69.85478973388672,0.0020135117229074,35.469,-0.407,0.443,0.0,0,0,1,,1.0,2026-03-18T10:30:15.136587,sad,0.45,2026-03-18T10:30:14.211477,0.4539799896169842,2026-03-18T10:30:15.929000,78,,,
participant_25,3,day,Town10HD_Opt,2026-03-18 10:30:16.057710,8.472309112548828,69.879150390625,0.0020519637037068,35.557,-0.256,0.331,0.0,0,0,1,,1.0,2026-03-18T10:30:16.057710,sad,0.45,2026-03-18T10:30:14.211477,0.5247860996562854,2026-03-18T10:30:15.929000,78,,,
participant_25,3,day,Town10HD_Opt,2026-03-18 10:30:17.012557,14.31851577758789,69.86506652832031,0.0022694014478474,29.581,-0.031,0.0,0.0,0,0,1,,1.0,2026-03-18T10:30:17.012557,neutral,0.483,2026-03-18T10:30:17.012557,0.6027641382925621,2026-03-18T10:30:16.963000,75,,,
participant_25,3,day,Town10HD_Opt,2026-03-18 10:30:18.228161,20.04996490478516,69.84040069580078,0.0023435209877789,17.344,-0.066,0.0,0.733,0,0,1,,1.0,2026-03-18T10:30:18.228161,neutral,0.483,2026-03-18T10:30:17.012557,0.4836834050295722,2026-03-18T10:30:18.944000,74,Stop sign violation,stop_sign_id=833,errors=Harsh braking
participant_25,3,day,Town10HD_Opt,2026-03-18 10:30:19.210244,20.638139724731445,69.83722686767578,0.0020738600287586,0.0,-0.066,0.0,0.402,0,0,1,,1.0,2026-03-18T10:30:19.210244,sad,0.693,2026-03-18T10:30:19.210244,0.374601522001712,2026-03-18T10:30:19.935000,73,,,
participant_25,3,day,Town10HD_Opt,2026-03-18 10:30:20.110226,20.63892364501953,69.83722686767578,0.0019251632038503,0.134,0.031,0.049,0.0,0,0,1,,1.0,2026-03-18T10:30:20.110226,sad,0.693,2026-03-18T10:30:19.210244,0.4190417711042044,2026-03-18T10:30:20.924000,71,,,
participant_25,3,day,Town10HD_Opt,2026-03-18 10:30:21.023864,20.83624267578125,69.83631896972656,0.0016885375371202,5.229,0.035,0.506,0.0,0,0,1,,1.0,2026-03-18T10:30:21.023864,sad,0.693,2026-03-18T10:30:19.210244,0.5057344669733119,2026-03-18T10:30:20.924000,72,,,
participant_25,3,day,Town10HD_Opt,2026-03-18 10:30:22.006924,22.28901481628418,69.82879638671875,0.0016561889788135,12.681,0.005,0.585,0.0,0,0,1,,1.0,2026-03-18T10:30:22.006924,neutral,0.651,2026-03-18T10:30:22.006924,0.4311636909831862,2026-03-18T10:30:21.985000,73,,,
participant_25,3,day,Town10HD_Opt,2026-03-18 10:30:23.050062,24.87323951721192,69.80355072021484,0.0018770217429846,15.486,-0.472,0.243,0.0,0,0,1,,0.909,2026-03-18T10:30:23.050062,neutral,0.651,2026-03-18T10:30:22.006924,0.4755910965443507,2026-03-18T10:30:22.950000,73,,,errors=Stop sign violation
participant_25,3,day,Town10HD_Opt,2026-03-18 10:30:24.279189,28.60444068908692,69.51759338378906,0.0018678283086046,17.167,-10.072,0.345,0.0,0,0,1,,0.866,2026-03-18T10:30:24.279189,neutral,0.898,2026-03-18T10:30:24.279189,0.431080927642633,2026-03-18T10:30:24.929000,77,,,
participant_25,3,day,Town10HD_Opt,2026-03-18 10:30:25.218205,31.63533401489257,68.70865631103516,0.0020627593621611,18.541,-10.732,0.463,0.0,0,0,1,,0.908,2026-03-18T10:30:25.218205,neutral,0.898,2026-03-18T10:30:24.279189,0.4023685285505927,2026-03-18T10:30:25.964000,77,,,
participant_25,3,day,Town10HD_Opt,2026-03-18 10:30:26.133554,34.810977935791016,67.28688049316406,0.00195690151304,21.513,-9.2,0.465,0.0,0,0,1,,0.875,2026-03-18T10:30:26.133554,neutral,0.898,2026-03-18T10:30:24.279189,0.4853630542196317,2026-03-18T10:30:26.954000,75,,,
participant_25,3,day,Town10HD_Opt,2026-03-18 10:30:27.028021,38.11806488037109,65.07060241699219,0.0019610975868999,24.301,-9.143,0.468,0.0,0,0,1,,1.0,2026-03-18T10:30:27.028021,neutral,0.986,2026-03-18T10:30:27.028021,0.4516862309390727,2026-03-18T10:30:26.954000,74,,,
participant_25,3,day,Town10HD_Opt,2026-03-18 10:30:27.995503,41.21527862548828,61.89910888671875,0.0019814299885183,26.677,-12.033,0.46,0.0,0,0,1,,1.0,2026-03-18T10:30:27.995503,neutral,0.986,2026-03-18T10:30:27.028021,0.4655464917489553,2026-03-18T10:30:27.944000,73,,,
participant_25,3,day,Town10HD_Opt,2026-03-18 10:30:29.285469,43.95367431640625,56.09437942504883,0.0020197294652462,28.698,-12.565,0.421,0.0,0,0,1,,1.0,2026-03-18T10:30:29.285469,sad,0.687,2026-03-18T10:30:29.285469,0.4649425834304495,2026-03-18T10:30:29.923000,71,,,
participant_25,3,day,Town10HD_Opt,2026-03-18 10:30:30.246844,44.4636116027832,51.23710632324219,0.002201538067311,25.495,-6.144,0.0,0.0,0,0,1,,0.838,2026-03-18T10:30:30.246844,sad,0.687,2026-03-18T10:30:29.285469,0.4745533857996377,2026-03-18T10:30:31.049000,71,,,
participant_25,3,day,Town10HD_Opt,2026-03-18 10:30:31.194536,44.32789611816406,47.281131744384766,0.0022337341215461,19.717,-0.482,0.173,0.0,0,0,1,,0.872,2026-03-18T10:30:31.194536,sad,0.687,2026-03-18T10:30:29.285469,0.4379137797791178,2026-03-18T10:30:31.949000,72,,,
participant_25,3,day,Town10HD_Opt,2026-03-18 10:30:32.121290,44.21094512939453,44.06631851196289,0.002022094791755,18.158,2.313,0.274,0.0,0,0,1,,1.0,2026-03-18T10:30:32.121290,neutral,0.832,2026-03-18T10:30:32.121290,0.4634429199872482,2026-03-18T10:30:32.940000,71,,,
participant_25,3,day,Town10HD_Opt,2026-03-18 10:30:33.048654,44.25459289550781,40.90121841430664,0.0020462034735828,18.013,5.096,0.364,0.0,0,0,1,,0.833,2026-03-18T10:30:33.048654,neutral,0.832,2026-03-18T10:30:32.121290,0.4317931283524274,2026-03-18T10:30:32.940000,72,,,
participant_25,3,day,Town10HD_Opt,2026-03-18 10:30:34.266133,44.99347686767578,36.73442077636719,0.002047843998298,18.415,17.316,0.346,0.0,0,0,1,,0.907,2026-03-18T10:30:34.266133,neutral,0.636,2026-03-18T10:30:34.266133,0.4141229059581892,2026-03-18T10:30:34.964000,73,,,
participant_25,3,day,Town10HD_Opt,2026-03-18 10:30:35.191811,46.5230598449707,33.87454605102539,0.0020481490064412,18.889,16.893,0.347,0.0,0,0,1,,0.811,2026-03-18T10:30:35.191811,neutral,0.636,2026-03-18T10:30:34.266133,0.4918832231362652,2026-03-18T10:30:35.999000,74,,,
participant_25,3,day,Town10HD_Opt,2026-03-18 10:30:36.077497,48.833641052246094,31.486366271972656,0.0020538328681141,19.251,16.893,0.334,0.0,0,0,1,,1.0,2026-03-18T10:30:36.077497,neutral,0.636,2026-03-18T10:30:34.266133,0.3668328335333184,2026-03-18T10:30:35.999000,73,,,
participant_25,3,day,Town10HD_Opt,2026-03-18 10:30:36.991868,51.7559700012207,29.816085815429688,0.0020598219707608,19.404,16.488,0.329,0.0,0,0,1,,1.0,2026-03-18T10:30:36.991868,neutral,0.442,2026-03-18T10:30:36.991868,0.4323534355516051,2026-03-18T10:30:37.034000,74,,,
participant_25,3,day,Town10HD_Opt,2026-03-18 10:30:38.220105,55.995262145996094,28.44948005676269,0.0019714736845344,18.072,-1.732,0.209,0.0,0,0,1,,1.0,2026-03-18T10:30:38.220105,neutral,0.442,2026-03-18T10:30:36.991868,0.3874868421865574,2026-03-18T10:30:38.924000,75,,,
participant_25,3,day,Town10HD_Opt,2026-03-18 10:30:39.135933,58.94988250732422,27.492570877075195,0.0019462204072624,16.264,2.487,0.0,0.0,0,0,1,,0.896,2026-03-18T10:30:39.135933,neutral,0.933,2026-03-18T10:30:39.135933,0.3931021405608267,2026-03-18T10:30:39.959000,76,,,
participant_25,3,day,Town10HD_Opt,2026-03-18 10:30:40.054029,61.39057540893555,26.81616401672364,0.0020372390281409,12.664,3.146,0.0,0.0,0,0,1,,0.941,2026-03-18T10:30:40.054029,neutral,0.933,2026-03-18T10:30:39.135933,0.4997590057534778,2026-03-18T10:30:39.959000,77,,,
participant_25,3,day,Town10HD_Opt,2026-03-18 10:30:41.260214,63.82151794433594,26.304874420166016,0.0020045852288603,8.77,7.247,0.0,0.0,0,0,1,,1.0,2026-03-18T10:30:41.260214,neutral,0.704,2026-03-18T10:30:41.260214,0.4589706793702972,2026-03-18T10:30:41.939000,75,,,
participant_25,3,day,Town10HD_Opt,2026-03-18 10:30:42.152054,65.1761703491211,26.1357364654541,0.0019842146430164,6.736,7.149,0.0,0.0,0,0,1,,0.937,2026-03-18T10:30:42.152054,neutral,0.704,2026-03-18T10:30:41.260214,0.3908314293583448,2026-03-18T10:30:42.930000,74,,,
participant_25,3,day,Town10HD_Opt,2026-03-18 10:30:43.099221,66.02046966552734,26.063663482666016,0.0023197173140943,0.001,4.789,0.0,0.273,0,0,1,,1.0,2026-03-18T10:30:43.099221,neutral,0.704,2026-03-18T10:30:41.260214,0.470773865080028,2026-03-18T10:30:42.930000,73,,,
participant_25,3,day,Town10HD_Opt,2026-03-18 10:30:44.279436,66.02099609375,26.063663482666016,0.0019242477137595,0.001,3.431,0.0,0.0,0,0,1,,0.801,2026-03-18T10:30:44.279436,sad,0.463,2026-03-18T10:30:44.279436,0.4786936836338933,2026-03-18T10:30:44.955000,70,,,
participant_25,3,day,Town10HD_Opt,2026-03-18 10:30:45.227900,66.02100372314453,26.06364250183105,0.0019198226509615,0.0,3.401,0.0,0.0,0,0,1,,0.881,2026-03-18T10:30:45.227900,sad,0.463,2026-03-18T10:30:44.279436,0.4012427242625527,2026-03-18T10:30:45.989000,68,,,
participant_25,3,day,Town10HD_Opt,2026-03-18 10:30:46.116677,66.02100372314453,26.06364250183105,0.0019190978491678,0.0,0.106,0.0,0.0,0,0,1,,0.897,2026-03-18T10:30:46.116677,sad,0.463,2026-03-18T10:30:44.279436,0.4102867923025255,2026-03-18T10:30:45.989000,69,,,
participant_25,3,day,Town10HD_Opt,2026-03-18 10:30:47.017803,66.02100372314453,26.063661575317383,0.0019189452286809,0.0,0.55,0.0,0.0,0,0,1,,0.873,2026-03-18T10:30:47.017803,neutral,0.612,2026-03-18T10:30:47.017803,0.4845912345459799,2026-03-18T10:30:46.985000,71,,,
participant_25,3,day,Town10HD_Opt,2026-03-18 10:30:48.227388,66.02100372314453,26.063661575317383,0.0019191741012036,0.0,0.517,0.0,0.0,0,0,1,,0.83,2026-03-18T10:30:48.227388,neutral,0.612,2026-03-18T10:30:47.017803,0.4214126517324214,2026-03-18T10:30:48.960000,71,,,
participant_25,3,day,Town10HD_Opt,2026-03-18 10:30:49.115303,66.02100372314453,26.063661575317383,0.0019189834129065,0.0,0.444,0.0,0.0,0,0,1,,1.0,2026-03-18T10:30:49.115303,sad,0.718,2026-03-18T10:30:49.115303,0.4339952052576369,2026-03-18T10:30:48.960000,69,,,
participant_25,3,day,Town10HD_Opt,2026-03-18 10:30:49.993943,66.02100372314453,26.06364250183105,0.0019190596649423,0.0,0.444,0.0,0.0,0,0,1,,1.0,2026-03-18T10:30:49.993943,sad,0.718,2026-03-18T10:30:49.115303,0.3287749903779302,2026-03-18T10:30:49.995000,72,,,
participant_25,3,day,Town10HD_Opt,2026-03-18 10:30:51.112766,66.02100372314453,26.063661575317383,0.0019189834129065,0.0,0.503,0.0,0.0,0,0,1,,0.921,2026-03-18T10:30:51.112766,sad,0.718,2026-03-18T10:30:49.115303,0.3505601875567843,2026-03-18T10:30:51.929000,73,,,
participant_25,3,day,Town10HD_Opt,2026-03-18 10:30:52.220184,66.02100372314453,26.063661575317383,0.0019189834129065,0.0,0.503,0.0,0.0,0,0,1,,0.881,2026-03-18T10:30:52.220184,neutral,0.467,2026-03-18T10:30:52.220184,0.2735413941868709,2026-03-18T10:30:53.012000,72,,,
participant_25,3,day,Town10HD_Opt,2026-03-18 10:30:53.077146,66.02100372314453,26.06364250183105,0.001919021597132,0.0,0.771,0.0,0.0,0,0,1,,1.0,2026-03-18T10:30:53.077146,neutral,0.467,2026-03-18T10:30:52.220184,0.223303275092227,2026-03-18T10:30:53.012000,73,,,
participant_25,3,day,Town10HD_Opt,2026-03-18 10:30:54.183531,66.02100372314453,26.06364250183105,0.0019190596649423,0.0,0.869,0.0,0.0,0,0,1,,0.877,2026-03-18T10:30:54.183531,neutral,0.467,2026-03-18T10:30:52.220184,0.1894435321437624,2026-03-18T10:30:54.945000,71,,,
participant_25,3,day,Town10HD_Opt,2026-03-18 10:30:55.047009,66.02100372314453,26.06364250183105,0.001919021597132,0.0,0.877,0.0,0.0,0,0,1,,0.828,2026-03-18T10:30:55.047009,sad,0.442,2026-03-18T10:30:55.047009,0.2143781396996414,2026-03-18T10:30:54.945000,72,,,
participant_25,3,day,Town10HD_Opt,2026-03-18 10:30:56.209984,66.02100372314453,26.06364250183105,0.001919021597132,0.0,0.877,0.0,0.0,0,0,1,,0.851,2026-03-18T10:30:56.209984,sad,0.442,2026-03-18T10:30:55.047009,0.17205945408341,2026-03-18T10:30:56.970000,72,,,
participant_25,3,day,Town10HD_Opt,2026-03-18 10:30:57.075275,66.02100372314453,26.063661575317383,0.0019189452286809,0.0,0.879,0.0,0.0,0,0,1,,1.0,2026-03-18T10:30:57.075275,sad,0.55,2026-03-18T10:30:57.075275,0.1884018234799956,2026-03-18T10:30:56.970000,72,,,
participant_25,3,day,Town10HD_Opt,2026-03-18 10:30:58.250933,66.02100372314453,26.063661575317383,0.0019191360333934,0.0,0.942,0.0,0.0,0,0,1,,0.886,2026-03-18T10:30:58.250933,sad,0.55,2026-03-18T10:30:57.075275,0.1795980343527826,2026-03-18T10:30:58.950000,74,,,
participant_25,3,day,Town10HD_Opt,2026-03-18 10:30:59.126604,66.1781997680664,26.04676055908203,0.0017108535394072,4.504,1.622,0.889,0.0,0,0,1,,1.0,2026-03-18T10:30:59.126604,neutral,0.636,2026-03-18T10:30:59.126604,0.1448922206398817,2026-03-18T10:30:59.940000,73,,,
participant_25,3,day,Town10HD_Opt,2026-03-18 10:31:00.026776,67.97218322753906,25.887863159179688,0.0015977477887645,15.74,1.389,0.581,0.0,0,0,1,,1.0,2026-03-18T10:31:00.026776,neutral,0.636,2026-03-18T10:30:59.126604,0.2629831925293651,2026-03-18T10:30:59.940000,74,,,
participant_25,3,day,Town10HD_Opt,2026-03-18 10:31:01.180207,72.05618286132812,25.52631378173828,0.0019005584763363,16.667,0.085,0.0,0.0,0,0,1,,1.0,2026-03-18T10:31:01.180207,happy,0.842,2026-03-18T10:31:01.180207,0.1578361330668447,2026-03-18T10:31:01.965000,75,,,
participant_25,3,day,Town10HD_Opt,2026-03-18 10:31:02.053505,74.64405822753906,25.302528381347656,0.0020384597592055,12.802,1.058,0.0,0.0,0,0,1,,0.846,2026-03-18T10:31:02.053505,happy,0.842,2026-03-18T10:31:01.180207,0.2244398265041938,2026-03-18T10:31:01.965000,76,,,
participant_25,3,day,Town10HD_Opt,2026-03-18 10:31:03.246710,77.25318908691406,25.147111892700195,0.0019261168781667,10.684,5.03,0.232,0.0,0,0,1,,1.0,2026-03-18T10:31:03.246710,neutral,0.422,2026-03-18T10:31:03.246710,0.2507681346489925,2026-03-18T10:31:03.945000,77,,,
participant_25,3,day,Town10HD_Opt,2026-03-18 10:31:04.155708,79.11957550048828,25.1379508972168,0.0019788742065429,9.709,-3.573,0.0,0.0,0,0,1,,1.0,2026-03-18T10:31:04.155708,neutral,0.422,2026-03-18T10:31:03.246710,0.2577292578405322,2026-03-18T10:31:04.936000,76,,,
participant_25,3,day,Town10HD_Opt,2026-03-18 10:31:05.120682,80.8196792602539,25.06694793701172,0.0018489836947992,10.969,-0.423,0.435,0.0,0,0,1,,0.837,2026-03-18T10:31:05.120682,neutral,0.422,2026-03-18T10:31:03.246710,0.2539638948971582,2026-03-18T10:31:05.925000,74,,,
participant_25,3,day,Town10HD_Opt,2026-03-18 10:31:05.999513,83.33077239990234,24.99301719665528,0.0017816924955695,20.257,0.583,1.0,0.0,0,0,1,,1.0,2026-03-18T10:31:05.999513,neutral,0.924,2026-03-18T10:31:05.999513,0.3141466580622768,2026-03-18T10:31:05.925000,75,,,
participant_25,3,day,Town10HD_Opt,2026-03-18 10:31:07.239009,90.0550765991211,24.68140411376953,0.0015415191883221,39.686,-6.146,0.559,0.0,0,0,1,,1.0,2026-03-18T10:31:07.239009,neutral,0.924,2026-03-18T10:31:05.999513,0.3422292440437618,2026-03-18T10:31:07.950000,76,,,
participant_25,3,day,Town10HD_Opt,2026-03-18 10:31:08.201488,96.99492645263672,22.68562126159668,0.0019783782772719,42.818,-19.502,0.597,0.0,0,0,1,,1.0,2026-03-18T10:31:08.201488,sad,0.595,2026-03-18T10:31:08.201488,0.3764035078570464,2026-03-18T10:31:08.985000,75,,,
participant_25,3,day,Town10HD_Opt,2026-03-18 10:31:09.149334,102.12033081054688,17.15723991394043,0.0019927597604691,44.966,-10.437,0.599,0.0,0,0,1,,1.0,2026-03-18T10:31:09.149334,sad,0.595,2026-03-18T10:31:08.201488,0.3696330580688081,2026-03-18T10:31:09.930000,74,,,
participant_25,3,day,Town10HD_Opt,2026-03-18 10:31:10.069905,105.0414810180664,9.594542503356934,0.0019459151662886,47.94,-0.919,0.597,0.0,0,0,1,,0.861,2026-03-18T10:31:10.069905,sad,0.595,2026-03-18T10:31:08.201488,0.3874583488459985,2026-03-18T10:31:09.930000,75,,,
participant_25,3,day,Town10HD_Opt,2026-03-18 10:31:11.275755,106.95403289794922,-1.764453411102295,0.0020562361460179,49.414,-0.712,0.603,0.0,0,0,1,,1.0,2026-03-18T10:31:11.275755,sad,0.581,2026-03-18T10:31:11.275755,0.4476109856128456,2026-03-18T10:31:11.955000,72,,,
participant_25,3,day,Town10HD_Opt,2026-03-18 10:31:12.129961,107.25846099853516,-10.385743141174316,0.0019761656876653,50.436,1.758,0.604,0.0,0,0,1,,1.0,2026-03-18T10:31:12.129961,sad,0.581,2026-03-18T10:31:11.275755,0.4574983358969494,2026-03-18T10:31:11.955000,74,,,
participant_25,3,day,Town10HD_Opt,2026-03-18 10:31:13.015832,107.94116973876952,-19.02510643005371,0.0020425033289939,49.318,-3.125,0.604,0.0,0,0,1,,1.0,2026-03-18T10:31:13.015832,sad,0.581,2026-03-18T10:31:11.275755,0.4558100822092991,2026-03-18T10:31:13.079000,75,,,
participant_25,3,day,Town10HD_Opt,2026-03-18 10:31:14.204402,107.28883361816406,-30.550365447998047,0.0020561600103974,49.452,-5.148,0.603,0.0,0,0,1,,1.0,2026-03-18T10:31:14.204402,sad,0.579,2026-03-18T10:31:14.204402,0.479712972475866,2026-03-18T10:31:14.926000,74,,,
participant_25,3,day,Town10HD_Opt,2026-03-18 10:31:15.123147,104.5234832763672,-38.83523941040039,0.0021102523896843,49.267,-3.266,0.603,0.0,0,0,1,,1.0,2026-03-18T10:31:15.123147,sad,0.579,2026-03-18T10:31:14.204402,0.4931926448603068,2026-03-18T10:31:15.960000,76,,,
participant_25,3,day,Town10HD_Opt,2026-03-18 10:31:16.064514,100.5611572265625,-46.62043380737305,0.0020796202588826,49.33,-4.119,0.603,0.0,0,0,1,,1.0,2026-03-18T10:31:16.064514,sad,0.579,2026-03-18T10:31:14.204402,0.4893696670048698,2026-03-18T10:31:15.960000,75,,,
participant_25,3,day,Town10HD_Opt,2026-03-18 10:31:17.254384,93.28526306152344,-55.61757659912109,0.0021532820537686,48.56,-5.995,0.603,0.0,0,0,1,,1.0,2026-03-18T10:31:17.254384,sad,0.724,2026-03-18T10:31:17.254384,0.4762256281560617,2026-03-18T10:31:18.030000,73,,,
participant_25,3,day,Town10HD_Opt,2026-03-18 10:31:18.116785,86.34127807617188,-60.6665267944336,0.0019761275034397,50.418,-5.512,0.603,0.0,0,0,1,,1.0,2026-03-18T10:31:18.116785,sad,0.724,2026-03-18T10:31:17.254384,0.4417054288500361,2026-03-18T10:31:18.030000,72,,,
participant_25,3,day,Town10HD_Opt,2026-03-18 10:31:19.249178,75.54139709472656,-64.89566040039062,0.0019828414078801,50.7,-4.077,0.0,0.0,0,0,1,,1.0,2026-03-18T10:31:19.249178,sad,0.724,2026-03-18T10:31:17.254384,0.4278662501421409,2026-03-18T10:31:19.965000,75,,,
participant_25,3,day,Town10HD_Opt,2026-03-18 10:31:20.104533,66.9502182006836,-66.30944061279297,0.002003707922995,50.311,-2.786,0.604,0.0,0,0,1,,0.839,2026-03-18T10:31:20.104533,sad,0.499,2026-03-18T10:31:20.104533,0.4996242639876714,2026-03-18T10:31:19.965000,76,,,
participant_25,3,day,Town10HD_Opt,2026-03-18 10:31:21.026883,58.28276824951172,-66.64918518066406,0.0020591353531926,49.187,-0.754,0.603,0.0,0,0,1,,0.869,2026-03-18T10:31:21.026883,sad,0.499,2026-03-18T10:31:20.104533,0.432323101132967,2026-03-18T10:31:21,80,,,
participant_25,3,day,Town10HD_Opt,2026-03-18 10:31:22.208681,46.6660385131836,-66.44775390625,0.0020414351020008,49.826,0.437,0.603,0.0,0,0,1,,1.0,2026-03-18T10:31:22.208681,sad,0.669,2026-03-18T10:31:22.208681,0.4607473061656614,2026-03-18T10:31:22.935000,78,,,
participant_25,3,day,Town10HD_Opt,2026-03-18 10:31:23.139489,37.93516540527344,-66.3133544921875,0.0020733261480927,49.398,0.451,0.603,0.0,0,0,1,,1.0,2026-03-18T10:31:23.139489,sad,0.669,2026-03-18T10:31:22.208681,0.511874054065971,2026-03-18T10:31:23.970000,78,,,
participant_25,3,day,Town10HD_Opt,2026-03-18 10:31:24.022903,29.20036125183105,-66.34449768066406,0.0021460724528878,48.7,-0.092,0.604,0.0,0,0,1,,1.0,2026-03-18T10:31:24.022903,sad,0.669,2026-03-18T10:31:22.208681,0.50298391577837,2026-03-18T10:31:23.970000,76,,,
participant_25,3,day,Town10HD_Opt,2026-03-18 10:31:25.201007,17.611738204956055,-66.41344451904297,0.0021064376924186,49.317,0.385,0.604,0.0,0,0,1,,1.0,2026-03-18T10:31:25.201007,neutral,0.429,2026-03-18T10:31:25.201007,0.5295271774196668,2026-03-18T10:31:25.950000,72,Solid line crossing,Solid line crossing,
participant_25,3,day,Town10HD_Opt,2026-03-18 10:31:26.091182,8.870302200317383,-66.60201263427734,0.0020899581722915,49.369,0.862,0.595,0.0,0,0,1,,1.0,2026-03-18T10:31:26.091182,neutral,0.429,2026-03-18T10:31:25.201007,0.5114309915568926,2026-03-18T10:31:26.939000,71,,,
participant_25,3,day,Town10HD_Opt,2026-03-18 10:31:27.258442,-2.3296687602996826,-67.04212188720703,0.0023228072095662,42.888,-1.68,0.0,0.0,0,0,1,,1.0,2026-03-18T10:31:27.258442,sad,0.476,2026-03-18T10:31:27.258442,0.6109753915935846,2026-03-18T10:31:27.975000,71,,,
participant_25,3,day,Town10HD_Opt,2026-03-18 10:31:28.162123,-9.03529930114746,-67.04217529296875,0.0023434066679328,33.227,1.358,0.0,0.004,0,0,1,phone_call,0.967,2026-03-18T10:31:28.162123,sad,0.476,2026-03-18T10:31:27.258442,0.6091583455650692,2026-03-18T10:31:28.965000,70,,,
participant_25,3,day,Town10HD_Opt,2026-03-18 10:31:29.049432,-14.097744941711426,-67.16854095458984,0.0023686217609792,23.469,-0.914,0.0,0.477,0,0,1,,1.0,2026-03-18T10:31:29.049432,sad,0.476,2026-03-18T10:31:27.258442,0.5965981284287677,2026-03-18T10:31:28.965000,71,,,
participant_25,3,day,Town10HD_Opt,2026-03-18 10:31:30.152978,-18.249073028564453,-67.2262954711914,0.0021851349156349,11.338,-0.677,0.0,0.782,0,0,1,,1.0,2026-03-18T10:31:30.152978,neutral,0.421,2026-03-18T10:31:30.152978,0.7037310840476244,2026-03-18T10:31:30.945000,74,,,errors=Harsh braking
participant_25,3,day,Town10HD_Opt,2026-03-18 10:31:30.990706,-19.302898406982425,-67.22992706298828,0.0023297881707549,0.001,-0.595,0.0,0.789,0,0,1,,1.0,2026-03-18T10:31:30.990706,neutral,0.421,2026-03-18T10:31:30.152978,0.62104577795477,2026-03-18T10:31:30.945000,73,,,
participant_25,3,day,Town10HD_Opt,2026-03-18 10:31:32.102439,-19.30408477783203,-67.22991943359375,0.0019236373482272,0.008,-0.552,0.0,0.0,0,0,1,,1.0,2026-03-18T10:31:32.102439,neutral,0.421,2026-03-18T10:31:30.152978,0.6710074155257796,2026-03-18T10:31:31.937000,75,,,
participant_25,3,day,Town10HD_Opt,2026-03-18 10:31:33.242976,-19.30432510375977,-67.22991943359375,0.0019189071608707,0.006,-0.552,0.0,0.0,0,0,1,,1.0,2026-03-18T10:31:33.242976,neutral,0.979,2026-03-18T10:31:33.242976,0.7649069692342598,2026-03-18T10:31:33.960000,79,,,
participant_25,3,day,Town10HD_Opt,2026-03-18 10:31:34.084955,-19.30426406860352,-67.22991943359375,0.0019188307924196,0.007,-0.557,0.0,0.0,0,0,1,,1.0,2026-03-18T10:31:34.084955,neutral,0.979,2026-03-18T10:31:33.242976,0.6976023074625407,2026-03-18T10:31:33.960000,78,,,
participant_25,3,day,Town10HD_Opt,2026-03-18 10:31:35.194543,-19.313066482543945,-67.22992706298828,0.001918678288348,0.065,-0.576,0.0,0.0,0,0,1,,1.0,2026-03-18T10:31:35.194543,neutral,0.979,2026-03-18T10:31:33.242976,0.6787730004637649,2026-03-18T10:31:35.940000,75,,,
participant_25,3,day,Town10HD_Opt,2026-03-18 10:31:36.026521,-19.322629928588867,-67.22994232177734,0.0019194411579519,0.051,-0.587,0.0,0.0,0,0,1,,1.0,2026-03-18T10:31:36.026521,sad,0.958,2026-03-18T10:31:36.026521,0.7735083388101853,2026-03-18T10:31:35.940000,76,,,
participant_25,3,day,Town10HD_Opt,2026-03-18 10:31:37.137473,-19.331457138061523,-67.2299575805664,0.0019220733083784,0.029,-0.587,0.184,0.0,0,0,1,,1.0,2026-03-18T10:31:37.137473,sad,0.958,2026-03-18T10:31:36.026521,0.7216582155909931,2026-03-18T10:31:37.965000,75,,,
participant_25,3,day,Town10HD_Opt,2026-03-18 10:31:38.239778,-19.77461814880371,-67.23051452636719,0.001697196974419,6.327,-0.606,0.68,0.0,0,0,1,,1.0,2026-03-18T10:31:38.239778,sad,0.94,2026-03-18T10:31:38.239778,0.7532759477164904,2026-03-18T10:31:39.046000,75,,,
participant_25,3,day,Town10HD_Opt,2026-03-18 10:31:39.103346,-21.6032657623291,-67.22309112548828,0.0016491317655891,14.94,-0.646,0.603,0.0,0,0,1,,1.0,2026-03-18T10:31:39.103346,sad,0.94,2026-03-18T10:31:38.239778,0.8246313520621464,2026-03-18T10:31:39.046000,74,,,
participant_25,3,day,Town10HD_Opt,2026-03-18 10:31:40.222325,-25.9642276763916,-67.161376953125,0.0018641280476003,22.71,0.139,0.609,0.0,0,0,1,,1.0,2026-03-18T10:31:40.222325,sad,0.94,2026-03-18T10:31:38.239778,0.8013515355388351,2026-03-18T10:31:40.935000,73,,,
participant_25,3,day,Town10HD_Opt,2026-03-18 10:31:41.093951,-30.433292388916016,-67.15229034423828,0.0018471527146175,28.795,0.975,0.605,0.0,0,0,1,,1.0,2026-03-18T10:31:41.093951,neutral,0.942,2026-03-18T10:31:41.093951,0.7460847428306739,2026-03-18T10:31:40.935000,73,,,
participant_25,3,day,Town10HD_Opt,2026-03-18 10:31:42.189405,-37.94397735595703,-67.32420349121094,0.0018738555954769,35.899,0.634,0.606,0.0,0,0,1,,0.821,2026-03-18T10:31:42.189405,neutral,0.942,2026-03-18T10:31:41.093951,0.791260326108993,2026-03-18T10:31:42.960000,73,,,
participant_25,3,day,Town10HD_Opt,2026-03-18 10:31:43.051423,-44.59450912475586,-67.62326049804688,0.0018951415549963,40.488,0.167,0.605,0.0,0,0,1,,0.914,2026-03-18T10:31:43.051423,neutral,0.942,2026-03-18T10:31:41.093951,0.8238835622840611,2026-03-18T10:31:42.960000,75,,,
participant_25,3,day,Town10HD_Opt,2026-03-18 10:31:44.164748,-54.61109161376953,-68.0365982055664,0.0019209289457648,45.646,-0.909,0.604,0.0,0,0,1,,0.901,2026-03-18T10:31:44.164748,neutral,0.974,2026-03-18T10:31:44.164748,0.7571712309049791,2026-03-18T10:31:44.985000,72,,,
participant_25,3,day,Town10HD_Opt,2026-03-18 10:31:45.248821,-65.7408218383789,-68.01109313964844,0.0019359206780791,50.014,-0.766,0.609,0.0,0,0,1,,1.0,2026-03-18T10:31:45.248821,neutral,0.974,2026-03-18T10:31:44.164748,0.8521979633116005,2026-03-18T10:31:45.975000,73,,,
participant_25,3,day,Town10HD_Opt,2026-03-18 10:31:46.113616,-74.44548797607422,-67.4886474609375,0.0020437622442841,49.733,-6.109,0.612,0.0,0,0,1,,0.84,2026-03-18T10:31:46.113616,neutral,0.974,2026-03-18T10:31:44.164748,0.7666721634756978,2026-03-18T10:31:46.965000,74,,,
participant_25,3,day,Town10HD_Opt,2026-03-18 10:31:47.018206,-82.8848876953125,-65.3199234008789,0.0020906447898596,49.382,-3.983,0.61,0.0,0,0,1,,1.0,2026-03-18T10:31:47.018206,sad,0.77,2026-03-18T10:31:47.018206,0.7771991751869869,2026-03-18T10:31:46.965000,73,,,
participant_25,3,day,Town10HD_Opt,2026-03-18 10:31:48.186446,-93.18541717529295,-60.055458068847656,0.0020787429530173,49.073,-5.04,0.615,0.0,0,0,1,,1.0,2026-03-18T10:31:48.186446,sad,0.77,2026-03-18T10:31:47.018206,0.7575111717716243,2026-03-18T10:31:48.945000,72,,,
participant_25,3,day,Town10HD_Opt,2026-03-18 10:31:49.044179,-99.9490737915039,-54.52837753295898,0.0020994949154555,49.098,-5.529,0.614,0.0,0,0,1,,0.897,2026-03-18T10:31:49.044179,sad,0.55,2026-03-18T10:31:49.044179,0.8151333401882033,2026-03-18T10:31:48.945000,76,,,
participant_25,3,day,Town10HD_Opt,2026-03-18 10:31:50.025175,-105.30513763427734,-47.77900314331055,0.0019723891746252,50.615,-4.995,0.0,0.0,0,0,1,,1.0,2026-03-18T10:31:50.025175,sad,0.55,2026-03-18T10:31:49.044179,0.7007120400682767,2026-03-18T10:31:49.943000,74,,,
participant_25,3,day,Town10HD_Opt,2026-03-18 10:31:51.249247,-110.04812622070312,-37.31841659545898,0.0020200728904455,49.466,-6.17,0.44,0.0,0,0,1,,0.884,2026-03-18T10:31:51.249247,neutral,0.759,2026-03-18T10:31:51.249247,0.8065360271899458,2026-03-18T10:31:51.960000,73,Solid line crossing,Solid line crossing,
participant_25,3,day,Town10HD_Opt,2026-03-18 10:31:52.162003,-111.29071044921876,-28.93506622314453,0.0021462249569594,46.877,-5.167,0.385,0.0,0,0,1,,1.0,2026-03-18T10:31:52.162003,neutral,0.759,2026-03-18T10:31:51.249247,0.7515046347321706,2026-03-18T10:31:52.951000,72,,,
participant_25,3,day,Town10HD_Opt,2026-03-18 10:31:53.113456,-111.05418395996094,-20.84892845153809,0.0020335006993263,46.42,3.191,0.557,0.0,0,0,1,,1.0,2026-03-18T10:31:53.113456,neutral,0.759,2026-03-18T10:31:51.249247,0.7280648119802857,2026-03-18T10:31:53.940000,72,,,
participant_25,3,day,Town10HD_Opt,2026-03-18 10:31:54.086635,-111.28450012207033,-12.39358139038086,0.0017965697916224,51.964,-1.469,0.0,0.186,0,0,1,,1.0,2026-03-18T10:31:54.086635,sad,0.684,2026-03-18T10:31:54.086635,0.8196995442905297,2026-03-18T10:31:53.940000,72,,,
participant_25,3,day,Town10HD_Opt,2026-03-18 10:31:55.011965,-111.39771270751952,-3.652797222137451,0.001883239718154,52.05,-2.97,0.0,0.154,0,0,1,,0.879,2026-03-18T10:31:55.011965,sad,0.684,2026-03-18T10:31:54.086635,0.7377752061051885,2026-03-18T10:31:54.986000,73,,,errors=Red light violation
participant_25,3,day,Town10HD_Opt,2026-03-18 10:31:56.238114,-109.95741271972656,7.781291484832764,0.0023444364778697,47.8,-4.299,0.251,0.0,0,0,1,,0.816,2026-03-18T10:31:56.238114,sad,0.708,2026-03-18T10:31:56.238114,0.7974634182101727,2026-03-18T10:31:56.955000,73,,,
participant_25,3,day,Town10HD_Opt,2026-03-18 10:31:57.120573,-107.6414031982422,15.108046531677246,0.0022370147053152,38.392,-6.161,0.0,0.0,0,0,1,,0.811,2026-03-18T10:31:57.120573,sad,0.708,2026-03-18T10:31:56.238114,0.7336836339845222,2026-03-18T10:31:57.946000,73,,,
participant_25,3,day,Town10HD_Opt,2026-03-18 10:31:58.043754,-104.5044403076172,20.201112747192383,0.0022467421367764,31.46,-14.097,0.624,0.0,0,0,1,,1.0,2026-03-18T10:31:58.043754,sad,0.708,2026-03-18T10:31:56.238114,0.8163061297890599,2026-03-18T10:31:57.946000,75,,,
participant_25,3,day,Town10HD_Opt,2026-03-18 10:31:59.006439,-99.8682861328125,24.174440383911133,0.0016636657528579,41.538,-1.523,0.945,0.0,0,0,1,,0.881,2026-03-18T10:31:59.006439,sad,0.73,2026-03-18T10:31:59.006439,0.8679321803560124,2026-03-18T10:31:58.936000,75,,,
participant_25,3,day,Town10HD_Opt,2026-03-18 10:32:00.292952,-90.06414031982422,29.11961936950684,0.0021214294247329,48.137,-18.508,0.942,0.0,0,0,1,,1.0,2026-03-18T10:32:00.292952,sad,0.73,2026-03-18T10:31:59.006439,0.7657739953620167,2026-03-18T10:32:00.960000,75,,,errors=Solid line crossing
participant_25,3,day,Town10HD_Opt,2026-03-18 10:32:01.248485,-81.37958526611328,28.125492095947266,0.002118453849107,49.06,10.562,0.995,0.0,0,0,1,,1.0,2026-03-18T10:32:01.248485,happy,0.939,2026-03-18T10:32:01.248485,0.7684407881619486,2026-03-18T10:32:01.950000,74,,,
participant_25,3,day,Town10HD_Opt,2026-03-18 10:32:02.211606,-73.48233032226562,27.824350357055664,0.0022842406760901,41.773,-3.045,0.963,0.0,0,0,1,,1.0,2026-03-18T10:32:02.211606,happy,0.939,2026-03-18T10:32:01.248485,0.8319876003845983,2026-03-18T10:32:02.985000,72,,,
participant_25,3,day,Town10HD_Opt,2026-03-18 10:32:03.175859,-65.28054809570312,27.608333587646484,0.0016500090714544,52.901,-0.009,0.0,0.289,0,0,1,,1.0,2026-03-18T10:32:03.175859,happy,0.939,2026-03-18T10:32:01.248485,0.7774726930296694,2026-03-18T10:32:03.975000,74,,,
participant_25,3,day,Town10HD_Opt,2026-03-18 10:32:04.114765,-56.50961685180664,27.32729148864746,0.0019428252708166,51.328,0.505,0.0,0.0,0,0,1,,1.0,2026-03-18T10:32:04.114765,happy,0.993,2026-03-18T10:32:04.114765,0.7753072110479038,2026-03-18T10:32:04.965000,75,,,
participant_25,3,day,Town10HD_Opt,2026-03-18 10:32:05.030585,-47.73076248168945,27.18824958801269,0.0019750595092773,50.534,0.879,0.0,0.0,0,0,1,,0.868,2026-03-18T10:32:05.030585,happy,0.993,2026-03-18T10:32:04.114765,0.7798968278430753,2026-03-18T10:32:04.965000,75,,,
participant_25,3,day,Town10HD_Opt,2026-03-18 10:32:06.223748,-36.00348663330078,28.077322006225582,0.0018931579543277,51.613,-6.872,0.0,0.201,0,0,1,,1.0,2026-03-18T10:32:06.223748,happy,0.698,2026-03-18T10:32:06.223748,0.7612892356760421,2026-03-18T10:32:06.945000,73,,,
participant_25,3,day,Town10HD_Opt,2026-03-18 10:32:07.143328,-27.31354141235352,27.985822677612305,0.00186828605365,51.748,2.163,0.0,0.167,0,0,1,,1.0,2026-03-18T10:32:07.143328,happy,0.698,2026-03-18T10:32:06.223748,0.8120050477111663,2026-03-18T10:32:07.936000,73,,,
participant_25,3,day,Town10HD_Opt,2026-03-18 10:32:08.065877,-18.58776092529297,27.667823791503903,0.0019668196327984,50.762,-2.428,0.695,0.0,0,0,1,,0.847,2026-03-18T10:32:08.065877,happy,0.698,2026-03-18T10:32:06.223748,0.8186448105406106,2026-03-18T10:32:07.936000,74,,,
participant_25,3,day,Town10HD_Opt,2026-03-18 10:32:09.012680,-9.887456893920898,27.01784324645996,0.0013795470586046,50.347,0.127,0.698,0.0,0,0,1,,1.0,2026-03-18T10:32:09.012680,happy,0.975,2026-03-18T10:32:09.012680,0.8347961368980138,2026-03-18T10:32:08.975000,75,,,
participant_25,3,day,Town10HD_Opt,2026-03-18 10:32:10.238236,1.7175463438034058,26.076772689819336,0.0019760131835937,50.149,-0.395,0.112,0.0,0,0,1,,0.889,2026-03-18T10:32:10.238236,happy,0.975,2026-03-18T10:32:09.012680,0.7256157255461969,2026-03-18T10:32:10.950000,77,,,
participant_25,3,day,Town10HD_Opt,2026-03-18 10:32:11.163632,9.682493209838867,25.38481330871582,0.0023785780649632,39.823,2.704,0.0,0.0,0,0,1,,1.0,2026-03-18T10:32:11.163632,neutral,0.532,2026-03-18T10:32:11.163632,0.7557934395248487,2026-03-18T10:32:11.985000,76,,,
participant_25,3,day,Town10HD_Opt,2026-03-18 10:32:12.118945,15.91450309753418,25.33873748779297,0.0023277283180505,31.318,3.335,0.0,0.0,0,0,1,,0.9,2026-03-18T10:32:12.118945,neutral,0.532,2026-03-18T10:32:11.163632,0.7830276625933755,2026-03-18T10:32:11.985000,77,,,
participant_25,3,day,Town10HD_Opt,2026-03-18 10:32:13.059374,20.83465003967285,25.75731658935547,0.0021486282348632,26.475,3.109,0.317,0.0,0,0,1,,0.851,2026-03-18T10:32:13.059374,neutral,0.532,2026-03-18T10:32:11.163632,0.791283190569762,2026-03-18T10:32:12.976000,74,,,
participant_25,3,day,Town10HD_Opt,2026-03-18 10:32:14.002310,25.326080322265625,26.51546859741211,0.0020669936202466,25.754,5.108,0.467,0.0,0,0,1,,0.842,2026-03-18T10:32:14.002310,neutral,0.839,2026-03-18T10:32:14.002310,0.7703006720597007,2026-03-18T10:32:13.977000,74,,,
participant_25,3,day,Town10HD_Opt,2026-03-18 10:32:15.286391,31.35922813415528,28.5505313873291,0.0019530105637386,29.357,11.895,0.49,0.0,0,0,1,,1.0,2026-03-18T10:32:15.286391,neutral,0.839,2026-03-18T10:32:14.002310,0.7541020435418335,2026-03-18T10:32:15.990000,75,Solid line crossing,Solid line crossing,
participant_25,3,day,Town10HD_Opt,2026-03-18 10:32:16.203464,35.612815856933594,31.6788272857666,0.0019999693613499,31.467,13.723,0.487,0.0,0,0,1,,1.0,2026-03-18T10:32:16.203464,happy,0.991,2026-03-18T10:32:16.203464,0.7705226526623025,2026-03-18T10:32:16.935000,74,,,
participant_25,3,day,Town10HD_Opt,2026-03-18 10:32:17.139778,38.73679733276367,36.360633850097656,0.002005805959925,33.236,12.049,0.483,0.0,0,0,1,,1.0,2026-03-18T10:32:17.139778,happy,0.991,2026-03-18T10:32:16.203464,0.844197785364116,2026-03-18T10:32:17.971000,75,,,
participant_25,3,day,Town10HD_Opt,2026-03-18 10:32:18.070891,40.45633316040039,41.86125946044922,0.0022064589429646,30.376,3.196,0.0,0.0,0,0,1,,0.903,2026-03-18T10:32:18.070891,happy,0.991,2026-03-18T10:32:16.203464,0.7897816337754755,2026-03-18T10:32:17.971000,75,,,errors=Solid line crossing
participant_25,3,day,Town10HD_Opt,2026-03-18 10:32:19.256544,41.51273727416992,47.6796760559082,0.0023889541625976,15.11,12.592,0.0,0.638,0,0,1,,1.0,2026-03-18T10:32:19.256544,neutral,0.729,2026-03-18T10:32:19.256544,0.7732466445166563,2026-03-18T10:32:19.951000,73,,,
participant_25,3,day,Town10HD_Opt,2026-03-18 10:32:20.130456,41.53933334350586,48.14993667602539,0.0020590210333466,0.0,6.661,0.0,0.832,0,0,1,,0.812,2026-03-18T10:32:20.130456,neutral,0.729,2026-03-18T10:32:19.256544,0.7530358520417995,2026-03-18T10:32:20.940000,74,,,
participant_25,3,day,Town10HD_Opt,2026-03-18 10:32:21.228907,41.53934097290039,48.15011596679688,0.0019207000732421,0.0,5.238,0.0,0.0,0,0,1,,1.0,2026-03-18T10:32:21.228907,neutral,0.729,2026-03-18T10:32:19.256544,0.7803949428711469,2026-03-18T10:32:20.940000,73,,,
participant_25,3,day,Town10HD_Opt,2026-03-18 10:32:22.076172,41.53934097290039,48.15011596679688,0.0019195555942133,0.0,5.363,0.0,0.0,0,0,1,,1.0,2026-03-18T10:32:22.076172,sad,0.754,2026-03-18T10:32:22.076172,0.7785624778551731,2026-03-18T10:32:22.110000,73,,,
participant_25,3,day,Town10HD_Opt,2026-03-18 10:32:23.201954,41.53919982910156,48.14756393432617,0.0019125747494399,0.076,6.998,0.0,0.0,0,0,1,,0.846,2026-03-18T10:32:23.201954,sad,0.754,2026-03-18T10:32:22.076172,0.8018839851876373,2026-03-18T10:32:23.955000,73,,,
participant_25,3,day,Town10HD_Opt,2026-03-18 10:32:24.066784,41.53945541381836,48.15484237670898,0.0019176482455804,0.067,8.162,0.082,0.0,0,0,1,,0.869,2026-03-18T10:32:24.066784,sad,0.754,2026-03-18T10:32:22.076172,0.7437355202504108,2026-03-18T10:32:23.955000,75,,,
participant_25,3,day,Town10HD_Opt,2026-03-18 10:32:25.224394,41.54078674316406,48.213470458984375,0.001835327129811,1.887,9.605,0.666,0.0,0,0,1,,1.0,2026-03-18T10:32:25.224394,sad,0.81,2026-03-18T10:32:25.224394,0.7775031717877712,2026-03-18T10:32:25.935000,75,,,
participant_25,3,day,Town10HD_Opt,2026-03-18 10:32:26.070351,41.49872970581055,49.32378768920898,0.0016006468795239,11.809,11.941,0.646,0.0,0,0,1,,1.0,2026-03-18T10:32:26.070351,sad,0.81,2026-03-18T10:32:25.224394,0.725165696019472,2026-03-18T10:32:25.935000,74,,,
participant_25,3,day,Town10HD_Opt,2026-03-18 10:32:27.263082,41.03782653808594,52.85519027709961,0.001894531189464,16.417,-0.04,0.246,0.0,0,0,1,,0.802,2026-03-18T10:32:27.263082,happy,1.0,2026-03-18T10:32:27.263082,0.7551014521814972,2026-03-18T10:32:27.960000,75,,,errors=Stop sign violation | Solid line crossing
participant_25,3,day,Town10HD_Opt,2026-03-18 10:32:28.134657,40.77932357788086,55.745643615722656,0.0018795394571498,17.238,-1.438,0.334,0.0,0,0,1,,1.0,2026-03-18T10:32:28.134657,happy,1.0,2026-03-18T10:32:27.263082,0.7137451437053448,2026-03-18T10:32:27.960000,74,,,
participant_25,3,day,Town10HD_Opt,2026-03-18 10:32:28.993353,40.68817901611328,58.87392044067383,0.0020643614698201,18.83,-15.189,0.805,0.0,0,0,1,,1.0,2026-03-18T10:32:28.993353,happy,1.0,2026-03-18T10:32:27.263082,0.7800490689246643,2026-03-18T10:32:29.040000,75,,,
participant_25,3,day,Town10HD_Opt,2026-03-18 10:32:30.146493,42.38799285888672,64.31706237792969,0.0018292998429387,30.406,-15.267,0.643,0.0,0,0,1,,1.0,2026-03-18T10:32:30.146493,happy,1.0,2026-03-18T10:32:30.146493,0.6440382717689784,2026-03-18T10:32:30.975000,75,,,
participant_25,3,day,Town10HD_Opt,2026-03-18 10:32:31.028835,46.16725540161133,68.61738586425781,0.0018982696346938,35.985,-16.362,0.638,0.0,0,0,1,,1.0,2026-03-18T10:32:31.028835,happy,1.0,2026-03-18T10:32:30.146493,0.6357716781664141,2026-03-18T10:32:30.975000,76,,,
participant_25,3,day,Town10HD_Opt,2026-03-18 10:32:32.193330,54.62923049926758,71.2751693725586,0.001940498361364,41.759,-12.342,0.632,0.0,0,0,1,,1.0,2026-03-18T10:32:32.193330,happy,0.86,2026-03-18T10:32:32.193330,0.5120403754960323,2026-03-18T10:32:32.955000,75,,,
participant_25,3,day,Town10HD_Opt,2026-03-18 10:32:33.148669,61.90876388549805,70.73717498779297,0.0022670363541692,38.115,6.388,0.0,0.0,0,0,1,,1.0,2026-03-18T10:32:33.148669,happy,0.86,2026-03-18T10:32:32.193330,0.548514386802892,2026-03-18T10:32:33.946000,74,,,
participant_25,3,day,Town10HD_Opt,2026-03-18 10:32:34.003881,67.87155151367188,70.78911590576172,0.0023188018240034,29.436,-4.766,0.0,0.0,0,0,1,,1.0,2026-03-18T10:32:34.003881,happy,0.86,2026-03-18T10:32:32.193330,0.5340898946325995,2026-03-18T10:32:33.946000,74,,,
participant_25,3,day,Town10HD_Opt,2026-03-18 10:32:35.136041,73.69914245605469,70.49272918701172,0.0022709656041115,19.967,1.765,0.0,0.345,0,0,1,,0.882,2026-03-18T10:32:35.136041,sad,0.492,2026-03-18T10:32:35.136041,0.5591535632512141,2026-03-18T10:32:35.970000,79,,,
participant_25,3,day,Town10HD_Opt,2026-03-18 10:32:35.990143,76.57833099365234,70.4234619140625,0.002127876272425,12.625,-1.271,0.0,0.066,0,0,1,,1.0,2026-03-18T10:32:35.990143,sad,0.492,2026-03-18T10:32:35.136041,0.5398158859495702,2026-03-18T10:32:35.970000,79,,,
participant_25,3,day,Town10HD_Opt,2026-03-18 10:32:37.169859,79.09423828125,70.32372283935547,0.0020050429739058,8.891,-0.914,0.0,0.0,0,0,1,,1.0,2026-03-18T10:32:37.169859,sad,0.599,2026-03-18T10:32:37.169859,0.5746313255358163,2026-03-18T10:32:37.950000,82,,,
participant_25,3,day,Town10HD_Opt,2026-03-18 10:32:38.011928,80.48201751708984,70.25485229492188,0.0019509505946189,7.437,-0.858,0.373,0.0,0,0,1,,0.906,2026-03-18T10:32:38.011928,sad,0.599,2026-03-18T10:32:37.169859,0.612612519621044,2026-03-18T10:32:37.950000,82,,,
participant_25,3,day,Town10HD_Opt,2026-03-18 10:32:39.108491,83.39178466796875,70.10140991210938,0.0017915343632921,19.323,1.565,0.755,0.0,0,0,1,,0.89,2026-03-18T10:32:39.108491,sad,0.599,2026-03-18T10:32:37.169859,0.7318023173466398,2026-03-18T10:32:38.941000,81,,,
participant_25,3,day,Town10HD_Opt,2026-03-18 10:32:40.239051,88.64588928222656,70.34901428222656,0.0021202850621193,22.417,12.296,0.206,0.0,0,0,1,,1.0,2026-03-18T10:32:40.239051,happy,0.921,2026-03-18T10:32:40.239051,0.6877286275484749,2026-03-18T10:32:40.965000,75,,,
participant_25,3,day,Town10HD_Opt,2026-03-18 10:32:41.075096,92.10201263427734,71.493896484375,0.0021370314061641,19.75,15.6,0.297,0.0,0,0,1,,1.0,2026-03-18T10:32:41.075096,happy,0.921,2026-03-18T10:32:40.239051,0.7235637531066514,2026-03-18T10:32:40.965000,75,,,
participant_25,3,day,Town10HD_Opt,2026-03-18 10:32:42.179664,95.64459991455078,74.20722198486328,0.0020501709077507,19.481,16.803,0.377,0.0,0,0,1,,1.0,2026-03-18T10:32:42.179664,happy,0.921,2026-03-18T10:32:40.239051,0.6949834416304729,2026-03-18T10:32:42.945000,73,,,
participant_25,3,day,Town10HD_Opt,2026-03-18 10:32:43.022911,97.55323791503906,77.10346984863281,0.0020184707827866,20.762,16.369,0.419,0.0,0,0,1,,1.0,2026-03-18T10:32:43.022911,neutral,0.974,2026-03-18T10:32:43.022911,0.7467989299195426,2026-03-18T10:32:42.945000,72,,,
participant_25,3,day,Town10HD_Opt,2026-03-18 10:32:44.140514,98.87862396240234,82.00296020507812,0.0019905471708625,23.304,7.411,0.479,0.0,0,0,1,,1.0,2026-03-18T10:32:44.140514,neutral,0.974,2026-03-18T10:32:43.022911,0.6597314166380717,2026-03-18T10:32:44.971000,74,,,
participant_25,3,day,Town10HD_Opt,2026-03-18 10:32:45.004009,99.25450897216795,86.5126724243164,0.0017077254597097,31.702,3.304,0.991,0.0,0,0,1,,0.931,2026-03-18T10:32:45.004009,neutral,0.974,2026-03-18T10:32:43.022911,0.7252083871831175,2026-03-18T10:32:44.971000,74,,,
participant_25,3,day,Town10HD_Opt,2026-03-18 10:32:46.156689,98.94485473632812,95.70079803466795,0.0017575835809111,46.114,5.174,0.744,0.0,0,0,1,,1.0,2026-03-18T10:32:46.156689,neutral,0.545,2026-03-18T10:32:46.156689,0.6185054649967454,2026-03-18T10:32:46.950000,74,,,
participant_25,3,day,Town10HD_Opt,2026-03-18 10:32:47.255256,95.9628677368164,106.73296356201172,0.0021157073788344,49.076,4.277,0.732,0.0,0,0,1,,1.0,2026-03-18T10:32:47.255256,neutral,0.545,2026-03-18T10:32:46.156689,0.4781093304944299,2026-03-18T10:32:48.030000,76,,,
participant_25,3,day,Town10HD_Opt,2026-03-18 10:32:48.093394,91.86746978759766,114.4430923461914,0.0021377182565629,49.079,4.348,0.727,0.0,0,0,1,,1.0,2026-03-18T10:32:48.093394,neutral,0.545,2026-03-18T10:32:46.156689,0.5294280392473983,2026-03-18T10:32:48.030000,75,,,
participant_25,3,day,Town10HD_Opt,2026-03-18 10:32:49.204936,84.25923919677734,123.08473205566406,0.0020137405954301,49.875,8.818,0.708,0.0,0,0,1,,1.0,2026-03-18T10:32:49.204936,neutral,0.461,2026-03-18T10:32:49.204936,0.5315497525619778,2026-03-18T10:32:49.967000,74,,,errors=Solid line crossing
participant_25,3,day,Town10HD_Opt,2026-03-18 10:32:50.060383,76.70720672607422,127.2400360107422,0.0021272278390824,48.362,4.948,0.705,0.0,0,0,1,,1.0,2026-03-18T10:32:50.060383,neutral,0.461,2026-03-18T10:32:49.204936,0.4902652783863513,2026-03-18T10:32:49.967000,74,,,
participant_25,3,day,Town10HD_Opt,2026-03-18 10:32:51.227370,65.44823455810547,129.96041870117188,0.0020702742040157,49.647,3.69,0.705,0.0,0,0,1,,1.0,2026-03-18T10:32:51.227370,neutral,0.828,2026-03-18T10:32:51.227370,0.4197331178181785,2026-03-18T10:32:51.945000,71,,,
participant_25,3,day,Town10HD_Opt,2026-03-18 10:32:52.117810,56.73876953125,130.58453369140625,0.0020927428267896,49.405,0.338,0.705,0.0,0,0,1,,0.839,2026-03-18T10:32:52.117810,neutral,0.828,2026-03-18T10:32:51.227370,0.4189367345191574,2026-03-18T10:32:51.945000,71,,,
participant_25,3,day,Town10HD_Opt,2026-03-18 10:32:53.084709,48.00450134277344,130.83499145507812,0.0021165085490792,49.179,0.771,0.706,0.0,0,0,1,,1.0,2026-03-18T10:32:53.084709,neutral,0.828,2026-03-18T10:32:51.227370,0.3911843451773951,2026-03-18T10:32:53.161000,69,,,
participant_25,3,day,Town10HD_Opt,2026-03-18 10:32:53.992573,39.26896667480469,131.06924438476562,0.002134742680937,49.04,-0.094,0.706,0.0,0,0,1,,1.0,2026-03-18T10:32:53.992573,neutral,0.867,2026-03-18T10:32:53.992573,0.4280174534130843,2026-03-18T10:32:53.973000,69,,,
participant_25,3,day,Town10HD_Opt,2026-03-18 10:32:55.225546,27.65540313720703,131.35411071777344,0.0020163727458566,50.154,0.016,0.706,0.0,0,0,1,,1.0,2026-03-18T10:32:55.225546,neutral,0.867,2026-03-18T10:32:53.992573,0.2901307123264708,2026-03-18T10:32:55.951000,68,,,
participant_25,3,day,Town10HD_Opt,2026-03-18 10:32:56.174466,18.92557716369629,131.5880584716797,0.0020412062294781,49.868,0.451,0.706,0.0,0,0,1,,0.9,2026-03-18T10:32:56.174466,sad,0.665,2026-03-18T10:32:56.174466,0.3152644465079747,2026-03-18T10:32:55.951000,68,,,
participant_25,3,day,Town10HD_Opt,2026-03-18 10:32:57.063034,10.19765281677246,131.72323608398438,0.0020693587139248,49.542,0.461,0.702,0.0,0,0,1,,0.906,2026-03-18T10:32:57.063034,sad,0.665,2026-03-18T10:32:56.174466,0.28401031499592,2026-03-18T10:32:57.076000,68,,,
participant_25,3,day,Town10HD_Opt,2026-03-18 10:32:58.232942,-1.410893201828003,131.64756774902344,0.001981658861041,50.397,0.446,0.663,0.0,0,0,1,,0.848,2026-03-18T10:32:58.232942,sad,0.788,2026-03-18T10:32:58.232942,0.1921303071816698,2026-03-18T10:32:58.965000,69,,,
participant_25,3,day,Town10HD_Opt,2026-03-18 10:32:59.126701,-10.08794116973877,131.41140747070312,0.0020371626596897,49.507,-0.261,0.663,0.0,0,0,1,,0.851,2026-03-18T10:32:59.126701,sad,0.788,2026-03-18T10:32:58.232942,0.2350389767696372,2026-03-18T10:32:59.955000,69,,,
participant_25,3,day,Town10HD_Opt,2026-03-18 10:33:00.052280,-18.80254364013672,131.27755737304688,0.0021327589638531,48.499,-0.179,0.288,0.0,0,0,1,,1.0,2026-03-18T10:33:00.052280,sad,0.788,2026-03-18T10:32:58.232942,0.1122245822054653,2026-03-18T10:32:59.955000,71,,,
participant_25,3,day,Town10HD_Opt,2026-03-18 10:33:01.183581,-29.479555130004883,130.6616973876953,0.0023181533906608,40.839,13.102,0.165,0.0,0,0,1,,1.0,2026-03-18T10:33:01.183581,sad,0.828,2026-03-18T10:33:01.183581,0.1792822581873003,2026-03-18T10:33:01.981000,68,,,
participant_25,3,day,Town10HD_Opt,2026-03-18 10:33:02.071002,-35.42267608642578,127.60997772216795,0.0020855329930782,38.546,14.036,0.595,0.0,0,0,1,,1.0,2026-03-18T10:33:02.071002,sad,0.828,2026-03-18T10:33:01.183581,0.1439852379841034,2026-03-18T10:33:01.981000,69,,,
participant_25,3,day,Town10HD_Opt,2026-03-18 10:33:03.000158,-39.65766143798828,122.02708435058594,0.0019264221191406,42.608,10.908,0.637,0.0,0,0,1,,1.0,2026-03-18T10:33:03.000158,sad,0.828,2026-03-18T10:33:01.183581,0.1794924173617931,2026-03-18T10:33:02.971000,67,,,
participant_25,3,day,Town10HD_Opt,2026-03-18 10:33:04.190600,-41.71474838256836,111.9190902709961,0.0019448088714852,47.297,6.528,0.629,0.0,0,0,1,,1.0,2026-03-18T10:33:04.190600,sad,0.8,2026-03-18T10:33:04.190600,0.2040307347076082,2026-03-18T10:33:05.041000,65,,,
participant_25,3,day,Town10HD_Opt,2026-03-18 10:33:05.101124,-41.2607650756836,103.83462524414062,0.0023185729514807,41.76,-10.029,0.062,0.0,0,0,1,,1.0,2026-03-18T10:33:05.101124,sad,0.8,2026-03-18T10:33:04.190600,0.2064101968313415,2026-03-18T10:33:05.940000,63,,,
participant_25,3,day,Town10HD_Opt,2026-03-18 10:33:06.039416,-42.34699249267578,97.37722778320312,0.0023389435373246,32.527,5.519,0.159,0.0,0,0,1,,1.0,2026-03-18T10:33:06.039416,sad,0.8,2026-03-18T10:33:04.190600,0.1702834338585497,2026-03-18T10:33:05.940000,66,,,
participant_25,3,day,Town10HD_Opt,2026-03-18 10:33:07.229425,-43.10836410522461,90.63435363769533,0.0021488571073859,26.497,6.232,0.357,0.0,0,0,1,,1.0,2026-03-18T10:33:07.229425,sad,0.721,2026-03-18T10:33:07.229425,0.142300327379494,2026-03-18T10:33:07.966000,64,,,
participant_25,3,day,Town10HD_Opt,2026-03-18 10:33:08.170250,-42.82673645019531,86.03558349609375,0.002042083768174,26.686,11.05,0.404,0.0,0,0,1,,1.0,2026-03-18T10:33:08.170250,sad,0.721,2026-03-18T10:33:07.229425,0.2372295133278587,2026-03-18T10:33:09.001000,65,,,
participant_25,3,day,Town10HD_Opt,2026-03-18 10:33:09.087460,-41.48440933227539,81.40901947021484,0.0019291305216029,29.293,5.692,0.577,0.0,0,0,1,,1.0,2026-03-18T10:33:09.087460,sad,0.721,2026-03-18T10:33:07.229425,0.1319043982686915,2026-03-18T10:33:09.001000,65,,,
participant_25,3,day,Town10HD_Opt,2026-03-18 10:33:09.994727,-39.03681945800781,76.50094604492188,0.001925888005644,33.647,13.338,0.577,0.0,0,0,1,,1.0,2026-03-18T10:33:09.994727,sad,0.79,2026-03-18T10:33:09.994727,0.1473343904513305,2026-03-18T10:33:09.946000,65,,,
participant_25,3,day,Town10HD_Opt,2026-03-18 10:33:11.231275,-32.56923294067383,71.44937896728516,0.0019680403638631,38.153,13.872,0.579,0.0,0,0,1,,1.0,2026-03-18T10:33:11.231275,sad,0.79,2026-03-18T10:33:09.994727,0.1755494637233807,2026-03-18T10:33:11.970000,65,,,
participant_25,3,day,Town10HD_Opt,2026-03-18 10:33:12.106075,-25.77979850769043,70.15047454833984,0.0019436263246461,41.559,-0.609,0.578,0.0,0,0,1,phone_call,0.817,2026-03-18T10:33:12.106075,neutral,0.524,2026-03-18T10:33:12.106075,0.1637368639361015,2026-03-18T10:33:11.970000,67,,,
participant_25,3,day,Town10HD_Opt,2026-03-18 10:33:13.036828,-18.30417251586914,69.35297393798828,0.0019464873475953,44.422,5.155,0.573,0.0,0,0,1,,1.0,2026-03-18T10:33:13.036828,neutral,0.524,2026-03-18T10:33:12.106075,0.2066005834621727,2026-03-18T10:33:13.005000,68,,,errors=Solid line crossing
participant_25,3,day,Town10HD_Opt,2026-03-18 10:33:14.011449,-10.429222106933594,69.14659881591797,0.0020274734124541,45.304,1.307,0.484,0.0,0,0,1,,1.0,2026-03-18T10:33:14.011449,neutral,0.524,2026-03-18T10:33:12.106075,0.174035806530678,2026-03-18T10:33:13.950000,70,,,
participant_25,3,day,Town10HD_Opt,2026-03-18 10:33:15.227462,0.1625855267047882,69.68184661865234,0.0020363617222756,45.591,-2.395,0.475,0.0,0,0,1,,1.0,2026-03-18T10:33:15.227462,neutral,0.518,2026-03-18T10:33:15.227462,0.159092207088349,2026-03-18T10:33:15.976000,70,,,
participant_25,3,day,Town10HD_Opt,2026-03-18 10:33:16.203425,8.117691993713379,69.66874694824219,0.0020652769599109,44.921,-0.837,0.085,0.0,0,0,1,,1.0,2026-03-18T10:33:16.203425,neutral,0.518,2026-03-18T10:33:15.227462,0.2042653214960449,2026-03-18T10:33:16.966000,70,,,
participant_25,3,day,Town10HD_Opt,2026-03-18 10:33:17.185501,15.295308113098145,69.30057525634766,0.0023515319917351,35.666,0.874,0.0,0.345,0,0,1,,1.0,2026-03-18T10:33:17.185501,neutral,0.518,2026-03-18T10:33:15.227462,0.1411688270610956,2026-03-18T10:33:17.955000,71,,,errors=Harsh braking | Solid line crossing
participant_25,3,day,Town10HD_Opt,2026-03-18 10:33:18.115159,20.574676513671875,69.14319610595703,0.0024301910307258,23.606,0.747,0.0,0.772,0,0,1,,1.0,2026-03-18T10:33:18.115159,sad,0.952,2026-03-18T10:33:18.115159,0.1797993221075604,2026-03-18T10:33:17.955000,72,,,
participant_25,3,day,Town10HD_Opt,2026-03-18 10:33:19.069961,22.78666877746582,69.11980438232422,0.0026818083133548,0.002,0.665,0.0,0.914,0,0,1,,1.0,2026-03-18T10:33:19.069961,sad,0.952,2026-03-18T10:33:18.115159,0.1862980007267221,2026-03-18T10:33:19.040000,70,,,
participant_25,3,day,Town10HD_Opt,2026-03-18 10:33:20.039392,22.78755569458008,69.11979675292969,0.0019440078176558,0.0,0.665,0.0,0.427,0,0,1,,1.0,2026-03-18T10:33:20.039392,sad,0.952,2026-03-18T10:33:18.115159,0.1881060671707794,2026-03-18T10:33:19.981000,69,,,
participant_25,3,day,Town10HD_Opt,2026-03-18 10:33:21.215248,22.78758811950684,69.11979675292969,0.001919784466736,0.0,0.665,0.0,0.0,0,0,1,,1.0,2026-03-18T10:33:21.215248,sad,0.634,2026-03-18T10:33:21.215248,0.2619705713963116,2026-03-18T10:33:21.961000,73,,,
participant_25,3,day,Town10HD_Opt,2026-03-18 10:33:22.096620,22.78758811950684,69.11979675292969,0.001919784466736,0.0,0.665,0.0,0.0,0,0,1,,1.0,2026-03-18T10:33:22.096620,sad,0.634,2026-03-18T10:33:21.215248,0.2583831744840586,2026-03-18T10:33:22.951000,72,,,
participant_25,3,day,Town10HD_Opt,2026-03-18 10:33:22.995188,23.16139793395996,69.11665344238281,0.0015291976742446,8.713,0.134,1.0,0.0,0,0,1,,1.0,2026-03-18T10:33:22.995188,sad,0.634,2026-03-18T10:33:21.215248,0.1904640196332218,2026-03-18T10:33:22.951000,72,,,
participant_25,3,day,Town10HD_Opt,2026-03-18 10:33:24.184874,27.357139587402344,69.03814697265625,0.001586418133229,28.438,-4.749,1.0,0.0,0,0,1,,1.0,2026-03-18T10:33:24.184874,sad,0.649,2026-03-18T10:33:24.184874,0.3025441603865185,2026-03-18T10:33:24.975000,72,,,errors=Solid line crossing
participant_25,3,day,Town10HD_Opt,2026-03-18 10:33:25.110354,33.41130828857422,68.0007095336914,0.0016227340092882,41.552,-7.299,0.609,0.0,0,0,1,,1.0,2026-03-18T10:33:25.110354,sad,0.649,2026-03-18T10:33:24.184874,0.2855140210896322,2026-03-18T10:33:24.975000,71,,,
participant_25,3,day,Town10HD_Opt,2026-03-18 10:33:26.266612,41.4915771484375,64.26484680175781,0.0023342894855886,32.089,-12.275,0.0,0.0,0,0,1,,1.0,2026-03-18T10:33:26.266612,sad,0.56,2026-03-18T10:33:26.266612,0.2983921620696213,2026-03-18T10:33:26.956000,72,,,
participant_25,3,day,Town10HD_Opt,2026-03-18 10:33:27.189920,44.69871139526367,60.5572624206543,0.0022796248085796,25.746,-26.243,0.404,0.0,0,0,1,,1.0,2026-03-18T10:33:27.189920,sad,0.56,2026-03-18T10:33:26.266612,0.3029689472336309,2026-03-18T10:33:27.946000,72,,,
participant_25,3,day,Town10HD_Opt,2026-03-18 10:33:28.065543,45.65940475463867,56.17181396484375,0.0020844268146902,25.627,-7.67,0.315,0.0,0,0,1,,0.872,2026-03-18T10:33:28.065543,sad,0.56,2026-03-18T10:33:26.266612,0.2534266247122463,2026-03-18T10:33:27.946000,72,,,
participant_25,3,day,Town10HD_Opt,2026-03-18 10:33:29.212937,45.76730728149414,50.31272506713867,0.0020625304896384,24.804,-5.607,0.472,0.0,0,0,1,,0.885,2026-03-18T10:33:29.212937,sad,0.821,2026-03-18T10:33:29.212937,0.3544833675335984,2026-03-18T10:33:30.016000,74,,,
participant_25,3,day,Town10HD_Opt,2026-03-18 10:33:30.134486,45.18678283691406,45.75400161743164,0.0019125747494399,28.347,-3.931,0.552,0.0,0,0,1,,1.0,2026-03-18T10:33:30.134486,sad,0.821,2026-03-18T10:33:29.212937,0.3715183520530986,2026-03-18T10:33:30.961000,74,,,
participant_25,3,day,Town10HD_Opt,2026-03-18 10:33:31.028076,44.59319686889648,40.49116897583008,0.0019446563674136,32.037,14.295,0.538,0.0,0,0,1,,1.0,2026-03-18T10:33:31.028076,sad,0.821,2026-03-18T10:33:29.212937,0.3305355448560024,2026-03-18T10:33:30.961000,74,,,
participant_25,3,day,Town10HD_Opt,2026-03-18 10:33:32.163990,46.91835403442383,33.142364501953125,0.0020330047700554,34.637,17.876,0.495,0.0,0,0,1,,1.0,2026-03-18T10:33:32.163990,neutral,0.936,2026-03-18T10:33:32.163990,0.3709036512688041,2026-03-18T10:33:32.041000,72,,,
participant_25,3,day,Town10HD_Opt,2026-03-18 10:33:33.060232,51.26887512207031,29.27033805847168,0.0022580719087272,30.572,12.524,0.0,0.0,0,0,1,,0.819,2026-03-18T10:33:33.060232,neutral,0.936,2026-03-18T10:33:32.163990,0.3303934036597984,2026-03-18T10:33:33.121000,69,,,
participant_25,3,day,Town10HD_Opt,2026-03-18 10:33:34.180354,56.96379089355469,27.216217041015625,0.0022390745580196,21.814,5.259,0.264,0.0,0,0,1,,1.0,2026-03-18T10:33:34.180354,neutral,0.835,2026-03-18T10:33:34.180354,0.3652518197430403,2026-03-18T10:33:35.011000,71,,,
participant_25,3,day,Town10HD_Opt,2026-03-18 10:33:35.058767,60.53768539428711,26.415834426879883,0.0020978164393454,20.092,-0.837,0.269,0.0,0,0,1,phone_call,0.972,2026-03-18T10:33:35.058767,neutral,0.835,2026-03-18T10:33:34.180354,0.3670303764288863,2026-03-18T10:33:35.011000,72,,,
participant_25,3,day,Town10HD_Opt,2026-03-18 10:33:36.203124,65.01539611816406,25.50853538513184,0.0020526503212749,19.311,4.452,0.231,0.0,0,0,1,,0.809,2026-03-18T10:33:36.203124,neutral,0.899,2026-03-18T10:33:36.203124,0.399191732294199,2026-03-18T10:33:36.946000,73,,,
participant_25,3,day,Town10HD_Opt,2026-03-18 10:33:37.088508,68.26142883300781,25.11799049377441,0.0020484160631895,18.231,0.305,0.24,0.0,0,0,1,,1.0,2026-03-18T10:33:37.088508,neutral,0.899,2026-03-18T10:33:36.203124,0.4054369798273727,2026-03-18T10:33:36.946000,72,,,
participant_25,3,day,Town10HD_Opt,2026-03-18 10:33:38.238070,72.45003509521484,24.69887924194336,0.0018515014089643,17.787,4.202,0.18,0.0,0,0,1,,1.0,2026-03-18T10:33:38.238070,neutral,0.694,2026-03-18T10:33:38.238070,0.3496679699980882,2026-03-18T10:33:38.971000,73,,,
participant_25,3,day,Town10HD_Opt,2026-03-18 10:33:39.085155,75.34764862060547,24.60605430603028,0.0020396423060446,14.513,2.341,0.0,0.0,0,0,1,,0.96,2026-03-18T10:33:39.085155,neutral,0.694,2026-03-18T10:33:38.238070,0.3228708677188697,2026-03-18T10:33:38.971000,74,,,
participant_25,3,day,Town10HD_Opt,2026-03-18 10:33:40.194066,78.07107543945312,24.575233459472656,0.0021215819288045,7.444,0.261,0.0,0.555,0,0,1,,1.0,2026-03-18T10:33:40.194066,neutral,0.694,2026-03-18T10:33:38.238070,0.3304027744230721,2026-03-18T10:33:40.951000,73,,,
participant_25,3,day,Town10HD_Opt,2026-03-18 10:33:41.026925,78.60496520996094,24.569339752197266,0.0020765303634107,0.0,0.686,0.0,0.109,0,0,1,,1.0,2026-03-18T10:33:41.026925,fear,0.45,2026-03-18T10:33:41.026925,0.3236815523003802,2026-03-18T10:33:40.951000,73,,,
participant_25,3,day,Town10HD_Opt,2026-03-18 10:33:42.171508,78.6113510131836,24.56933212280273,0.0019205474527552,0.026,0.115,0.0,0.0,0,0,1,,1.0,2026-03-18T10:33:42.171508,fear,0.45,2026-03-18T10:33:41.026925,0.4523229630654407,2026-03-18T10:33:42.977000,75,,,
participant_25,3,day,Town10HD_Opt,2026-03-18 10:33:43.035094,78.62751770019531,24.56916236877441,0.0019011687254533,0.323,0.115,0.0,0.0,0,0,1,,1.0,2026-03-18T10:33:43.035094,neutral,0.49,2026-03-18T10:33:43.035094,0.3943406478847433,2026-03-18T10:33:42.977000,75,,,
participant_25,3,day,Town10HD_Opt,2026-03-18 10:33:44.137642,78.69691467285156,24.56827735900879,0.0019212722545489,0.248,0.564,0.0,0.0,0,0,1,,0.864,2026-03-18T10:33:44.137642,neutral,0.49,2026-03-18T10:33:43.035094,0.4438605535610739,2026-03-18T10:33:44.956000,77,,,
participant_25,3,day,Town10HD_Opt,2026-03-18 10:33:45.230212,78.74636840820312,24.5678825378418,0.0019207000732421,0.171,0.559,0.0,0.0,0,0,1,,0.829,2026-03-18T10:33:45.230212,neutral,0.786,2026-03-18T10:33:45.230212,0.4959890453005222,2026-03-18T10:33:45.991000,76,,,
participant_25,3,day,Town10HD_Opt,2026-03-18 10:33:46.048365,78.77357482910156,24.56767845153809,0.0019203948322683,0.131,0.559,0.0,0.0,0,0,1,,0.877,2026-03-18T10:33:46.048365,neutral,0.786,2026-03-18T10:33:45.230212,0.4645334811481678,2026-03-18T10:33:45.991000,76,,,
participant_25,3,day,Town10HD_Opt,2026-03-18 10:33:47.156194,78.80029296875,24.567413330078125,0.0019200515234842,0.091,0.559,0.0,0.0,0,0,1,,0.902,2026-03-18T10:33:47.156194,neutral,0.786,2026-03-18T10:33:45.230212,0.4354626527894218,2026-03-18T10:33:47.971000,75,,,
participant_25,3,day,Town10HD_Opt,2026-03-18 10:33:48.245752,78.819091796875,24.567277908325195,0.0019197082147002,0.062,0.585,0.0,0.0,0,0,1,,1.0,2026-03-18T10:33:48.245752,happy,0.972,2026-03-18T10:33:48.245752,0.4030857180436132,2026-03-18T10:33:48.961000,75,,,
participant_25,3,day,Town10HD_Opt,2026-03-18 10:33:49.065256,78.82942962646484,24.567195892333984,0.001919517526403,0.047,0.595,0.0,0.0,0,0,1,,1.0,2026-03-18T10:33:49.065256,happy,0.972,2026-03-18T10:33:48.245752,0.4440531774525802,2026-03-18T10:33:48.961000,73,,,
participant_25,3,day,Town10HD_Opt,2026-03-18 10:33:50.133114,78.83958435058594,24.567184448242188,0.0019193649059161,0.032,0.597,0.0,0.0,0,0,1,,1.0,2026-03-18T10:33:50.133114,happy,0.972,2026-03-18T10:33:48.245752,0.3916798024042598,2026-03-18T10:33:50.941000,66,,,
participant_25,3,day,Town10HD_Opt,2026-03-18 10:33:51.226265,78.84671783447266,24.567176818847656,0.0019193267216905,0.022,0.602,0.0,0.0,0,0,1,,1.0,2026-03-18T10:33:51.226265,happy,1.0,2026-03-18T10:33:51.226265,0.3471909347853396,2026-03-18T10:33:51.976000,63,,,
participant_25,3,day,Town10HD_Opt,2026-03-18 10:33:52.045558,78.84962463378906,24.56717300415039,0.0019190596649423,0.003,0.602,0.0,0.0,0,0,1,,1.0,2026-03-18T10:33:52.045558,happy,1.0,2026-03-18T10:33:51.226265,0.3199685667332721,2026-03-18T10:33:51.976000,63,,,
participant_25,3,day,Town10HD_Opt,2026-03-18 10:33:53.175964,78.84989929199219,24.56717300415039,0.0019191741012036,0.005,0.62,0.0,0.0,0,0,1,,1.0,2026-03-18T10:33:53.175964,happy,1.0,2026-03-18T10:33:51.226265,0.3419019985938958,2026-03-18T10:33:53.956000,66,,,
participant_25,3,day,Town10HD_Opt,2026-03-18 10:33:54.061170,78.85015106201172,24.56717300415039,0.0019190978491678,0.006,0.625,0.0,0.0,0,0,1,,0.905,2026-03-18T10:33:54.061170,happy,1.0,2026-03-18T10:33:54.061170,0.2860043144506871,2026-03-18T10:33:53.956000,65,,,
participant_25,3,day,Town10HD_Opt,2026-03-18 10:33:55.139332,78.85025787353516,24.56717300415039,0.0019192122854292,0.006,0.625,0.0,0.0,0,0,1,,0.948,2026-03-18T10:33:55.139332,happy,1.0,2026-03-18T10:33:54.061170,0.2136905652628406,2026-03-18T10:33:55.982000,70,Solid line crossing,Solid line crossing,
participant_25,3,day,Town10HD_Opt,2026-03-18 10:33:56.232947,79.2371826171875,24.564584732055664,0.0017988967010751,4.176,0.625,0.0,0.0,0,0,1,,1.0,2026-03-18T10:33:56.232947,sad,0.624,2026-03-18T10:33:56.232947,0.17452950927308,2026-03-18T10:33:56.971000,70,,,
participant_25,3,day,Town10HD_Opt,2026-03-18 10:33:57.099422,79.9023666381836,24.56132698059082,0.0019449996761977,3.3,0.63,0.0,0.0,0,0,1,,1.0,2026-03-18T10:33:57.099422,sad,0.624,2026-03-18T10:33:56.232947,0.2358378678597859,2026-03-18T10:33:56.971000,70,,,
participant_25,3,day,Town10HD_Opt,2026-03-18 10:33:58.207528,80.55958557128906,24.559720993041992,0.001941337599419,2.319,0.632,0.0,0.0,0,0,1,,1.0,2026-03-18T10:33:58.207528,sad,0.624,2026-03-18T10:33:56.232947,0.2360571756850141,2026-03-18T10:33:58.996000,71,,,
participant_25,3,day,Town10HD_Opt,2026-03-18 10:33:59.061751,80.92089080810547,24.55943298339844,0.0019361113663762,1.781,0.658,0.0,0.0,0,0,1,,1.0,2026-03-18T10:33:59.061751,happy,0.866,2026-03-18T10:33:59.061751,0.2898076723612682,2026-03-18T10:33:58.996000,72,,,
participant_25,3,day,Town10HD_Opt,2026-03-18 10:34:00.170798,80.9634780883789,24.55937385559082,0.0019237899687141,0.0,0.679,0.0,0.512,0,0,1,,1.0,2026-03-18T10:34:00.170798,happy,0.866,2026-03-18T10:33:59.061751,0.1745794228988698,2026-03-18T10:34:00.977000,72,,,
participant_25,3,day,Town10HD_Opt,2026-03-18 10:34:01.025014,80.9634780883789,24.55937385559082,0.0019200897077098,0.0,0.679,0.0,0.0,0,0,1,,1.0,2026-03-18T10:34:01.025014,happy,0.866,2026-03-18T10:33:59.061751,0.1802790389519787,2026-03-18T10:34:00.977000,73,,,
participant_25,3,day,Town10HD_Opt,2026-03-18 10:34:02.154876,80.9634780883789,24.55937385559082,0.001919021597132,0.0,0.78,0.0,0.0,0,0,1,,1.0,2026-03-18T10:34:02.154876,happy,1.0,2026-03-18T10:34:02.154876,0.1135748646643576,2026-03-18T10:34:02.956000,70,,,
participant_25,3,day,Town10HD_Opt,2026-03-18 10:34:03.038132,80.9634780883789,24.55937385559082,0.001919021597132,0.0,0.576,0.0,0.0,0,0,1,,1.0,2026-03-18T10:34:03.038132,happy,1.0,2026-03-18T10:34:02.154876,0.2086883077831546,2026-03-18T10:34:02.956000,69,,,
participant_25,3,day,Town10HD_Opt,2026-03-18 10:34:04.138057,80.9634780883789,24.55937385559082,0.001919021597132,0.0,1.354,0.0,0.0,0,0,1,,1.0,2026-03-18T10:34:04.138057,happy,1.0,2026-03-18T10:34:02.154876,0.2802901451727022,2026-03-18T10:34:04.982000,70,,,
participant_25,3,day,Town10HD_Opt,2026-03-18 10:34:05.019138,81.0767822265625,24.569355010986328,0.0017465590499341,3.794,13.511,0.9,0.0,0,0,1,,1.0,2026-03-18T10:34:05.019138,neutral,0.458,2026-03-18T10:34:05.019138,0.2843716179456541,2026-03-18T10:34:04.982000,69,,,
participant_25,3,day,Town10HD_Opt,2026-03-18 10:34:06.115063,83.41062927246094,24.78875160217285,0.0019415282877162,11.173,2.344,0.0,0.0,0,0,1,,1.0,2026-03-18T10:34:06.115063,neutral,0.458,2026-03-18T10:34:05.019138,0.1747155675055485,2026-03-18T10:34:06.961000,70,,,
participant_25,3,day,Town10HD_Opt,2026-03-18 10:34:07.238223,85.73690032958984,25.00320243835449,0.0011063002748414,12.737,-2.353,0.997,0.0,0,0,1,,1.0,2026-03-18T10:34:07.238223,sad,0.847,2026-03-18T10:34:07.238223,0.1977754368263119,2026-03-18T10:34:07.952000,69,,,errors=Vehicle-pedestrian collision
participant_25,3,day,Town10HD_Opt,2026-03-18 10:34:08.089239,89.03240203857422,25.17086601257324,0.0011698531452566,26.364,-2.4,1.0,0.0,0,0,1,,1.0,2026-03-18T10:34:08.089239,sad,0.847,2026-03-18T10:34:07.238223,0.1465806664430483,2026-03-18T10:34:07.952000,70,Stop sign violation,stop_sign_id=1062,
participant_25,3,day,Town10HD_Opt,2026-03-18 10:34:09.175621,97.2768325805664,23.96985626220703,0.0016886901576071,45.392,-16.201,0.931,0.0,0,0,1,,1.0,2026-03-18T10:34:09.175621,sad,0.847,2026-03-18T10:34:07.238223,0.1646987175097548,2026-03-18T10:34:09.976000,70,,,
participant_25,3,day,Town10HD_Opt,2026-03-18 10:34:09.996359,103.64349365234376,18.436222076416016,0.001858253381215,50.909,-11.764,0.0,0.132,0,0,1,,1.0,2026-03-18T10:34:09.996359,happy,0.84,2026-03-18T10:34:09.996359,0.3014691828281853,2026-03-18T10:34:09.976000,72,,,
participant_25,3,day,Town10HD_Opt,2026-03-18 10:34:11.101581,106.85195922851562,7.434993267059326,0.0019654082134366,50.626,5.264,0.0,0.0,0,0,1,,1.0,2026-03-18T10:34:11.101581,happy,0.84,2026-03-18T10:34:09.996359,0.1685478665176531,2026-03-18T10:34:11.956000,72,,,
participant_25,3,day,Town10HD_Opt,2026-03-18 10:34:12.173976,108.98937225341795,-4.068489074707031,0.0022083662915974,48.632,-2.812,0.985,0.0,0,0,1,,1.0,2026-03-18T10:34:12.173976,happy,0.993,2026-03-18T10:34:12.173976,0.1637554890656957,2026-03-18T10:34:12.991000,75,,,
participant_25,3,day,Town10HD_Opt,2026-03-18 10:34:13.010732,109.64586639404295,-12.828653335571287,0.0021979522425681,48.585,2.028,1.0,0.0,0,0,1,,1.0,2026-03-18T10:34:13.010732,happy,0.993,2026-03-18T10:34:12.173976,0.2914635490943125,2026-03-18T10:34:12.991000,74,,,errors=Solid line crossing
participant_25,3,day,Town10HD_Opt,2026-03-18 10:34:14.127016,110.52638244628906,-24.36750602722168,0.0020532608032226,49.677,-6.938,1.0,0.0,0,0,1,,1.0,2026-03-18T10:34:14.127016,happy,0.993,2026-03-18T10:34:12.173976,0.3094871532328341,2026-03-18T10:34:14.971000,77,,,
participant_25,3,day,Town10HD_Opt,2026-03-18 10:34:15.233744,108.32656860351562,-35.88017654418945,0.0018879318377003,52.13,-2.066,0.0,0.213,0,0,1,,1.0,2026-03-18T10:34:15.233744,happy,0.978,2026-03-18T10:34:15.233744,0.4135702379457105,2026-03-18T10:34:15.961000,78,,,
participant_25,3,day,Town10HD_Opt,2026-03-18 10:34:16.052739,105.40753936767578,-44.13909530639648,0.0019987486302852,50.676,-7.316,0.0,0.0,0,0,1,,1.0,2026-03-18T10:34:16.052739,happy,0.978,2026-03-18T10:34:15.233744,0.3394624563474713,2026-03-18T10:34:15.961000,78,,,errors=Solid line crossing
participant_25,3,day,Town10HD_Opt,2026-03-18 10:34:17.131216,98.62570190429688,-53.72653198242188,0.0018921660957857,51.241,-3.976,0.0,0.186,0,0,1,,0.837,2026-03-18T10:34:17.131216,happy,0.978,2026-03-18T10:34:15.233744,0.4325728711898995,2026-03-18T10:34:16.953000,80,,,
participant_25,3,day,Town10HD_Opt,2026-03-18 10:34:18.190538,89.60496520996094,-61.34109878540039,0.0021173858549445,49.959,-4.983,0.0,0.124,0,0,1,,1.0,2026-03-18T10:34:18.190538,neutral,0.758,2026-03-18T10:34:18.190538,0.5769246221587605,2026-03-18T10:34:18.976000,79,,,
participant_25,3,day,Town10HD_Opt,2026-03-18 10:34:19.056565,81.81403350830078,-65.26419067382812,0.0018833923386409,51.83,-5.531,0.0,0.222,0,0,1,,1.0,2026-03-18T10:34:19.056565,neutral,0.758,2026-03-18T10:34:18.190538,0.6263115928020474,2026-03-18T10:34:18.976000,77,,,
participant_25,3,day,Town10HD_Opt,2026-03-18 10:34:20.225236,70.3627700805664,-67.73827362060547,0.0021146012004464,49.414,-2.953,1.0,0.0,0,0,1,,1.0,2026-03-18T10:34:20.225236,neutral,0.448,2026-03-18T10:34:20.225236,0.7071380826847926,2026-03-18T10:34:20.955000,76,,,
participant_25,3,day,Town10HD_Opt,2026-03-18 10:34:21.120992,61.60176086425781,-68.04853057861328,0.0020017242059111,51.064,0.049,0.0,0.106,0,0,1,,1.0,2026-03-18T10:34:21.120992,neutral,0.448,2026-03-18T10:34:20.225236,0.6453647544524337,2026-03-18T10:34:20.955000,76,,,
participant_25,3,day,Town10HD_Opt,2026-03-18 10:34:22.018176,52.90465545654297,-68.09296417236328,0.0019002150511369,51.175,-0.367,0.0,0.148,0,0,1,,1.0,2026-03-18T10:34:22.018176,neutral,0.448,2026-03-18T10:34:20.225236,0.6438445798647595,2026-03-18T10:34:22.082000,76,,,
participant_25,3,day,Town10HD_Opt,2026-03-18 10:34:22.998422,44.14690780639648,-68.016357421875,0.0019187163561582,51.087,-0.552,0.0,0.109,0,0,1,,1.0,2026-03-18T10:34:22.998422,sad,0.456,2026-03-18T10:34:22.998422,0.6375089446948088,2026-03-18T10:34:23.028000,73,,,
participant_25,3,day,Town10HD_Opt,2026-03-18 10:34:24.261927,32.52346420288086,-67.73651885986328,0.0020421219523996,49.74,-0.157,0.852,0.0,0,0,1,,1.0,2026-03-18T10:34:24.261927,sad,0.456,2026-03-18T10:34:22.998422,0.7184263578594112,2026-03-18T10:34:24.961000,73,,,
participant_25,3,day,Town10HD_Opt,2026-03-18 10:34:25.083958,23.740306854248047,-67.49017333984375,0.0019479751354083,51.182,-0.186,0.0,0.199,0,0,1,,1.0,2026-03-18T10:34:25.083958,sad,0.841,2026-03-18T10:34:25.083958,0.6723604966131912,2026-03-18T10:34:24.961000,74,,,
participant_25,3,day,Town10HD_Opt,2026-03-18 10:34:26.258197,12.43482494354248,-67.19306182861328,0.0021584320347756,46.125,0.348,0.0,0.0,0,0,1,,1.0,2026-03-18T10:34:26.258197,sad,0.841,2026-03-18T10:34:25.083958,0.6284654513043881,2026-03-18T10:34:26.986000,76,,,
participant_25,3,day,Town10HD_Opt,2026-03-18 10:34:27.088494,5.161953449249268,-67.1444320678711,0.0023620224092155,36.075,0.315,0.0,0.0,0,0,1,,1.0,2026-03-18T10:34:27.088494,sad,0.713,2026-03-18T10:34:27.088494,0.6157462157273796,2026-03-18T10:34:26.986000,77,,,
participant_25,3,day,Town10HD_Opt,2026-03-18 10:34:28.210624,-2.050962448120117,-67.23959350585938,0.0022880935575813,25.837,-0.493,0.0,0.0,0,0,1,,1.0,2026-03-18T10:34:28.210624,sad,0.713,2026-03-18T10:34:27.088494,0.4045671224682403,2026-03-18T10:34:28.966000,74,,,
participant_25,3,day,Town10HD_Opt,2026-03-18 10:34:29.041604,-6.008172035217285,-67.2933578491211,0.0022181700915098,19.945,1.076,0.094,0.0,0,0,1,,1.0,2026-03-18T10:34:29.041604,sad,0.713,2026-03-18T10:34:27.088494,0.5468862671426157,2026-03-18T10:34:28.966000,75,,,
participant_25,3,day,Town10HD_Opt,2026-03-18 10:34:30.153547,-10.175267219543455,-67.3899917602539,0.0019535445608198,16.741,-0.251,0.273,0.0,0,0,1,,1.0,2026-03-18T10:34:30.153547,sad,0.591,2026-03-18T10:34:30.153547,0.4605314251590818,2026-03-18T10:34:30.991000,72,,,
participant_25,3,day,Town10HD_Opt,2026-03-18 10:34:30.992048,-13.028095245361328,-67.44306945800781,0.0020206451881676,14.646,-0.007,0.0,0.0,0,0,1,,1.0,2026-03-18T10:34:30.992048,sad,0.591,2026-03-18T10:34:30.153547,0.3927831847002221,2026-03-18T10:34:30.991000,71,,,
participant_25,3,day,Town10HD_Opt,2026-03-18 10:34:32.112522,-15.945063591003418,-67.5141830444336,0.0020171736832708,10.301,0.411,0.0,0.0,0,0,1,,1.0,2026-03-18T10:34:32.112522,sad,0.591,2026-03-18T10:34:30.153547,0.3344043362470493,2026-03-18T10:34:31.985000,68,,,
participant_25,3,day,Town10HD_Opt,2026-03-18 10:34:33.203503,-17.99614715576172,-67.5785903930664,0.0019883345812559,7.242,0.451,0.0,0.0,0,0,1,,1.0,2026-03-18T10:34:33.203503,sad,0.739,2026-03-18T10:34:33.203503,0.361894188445874,2026-03-18T10:34:33.961000,68,,,
participant_25,3,day,Town10HD_Opt,2026-03-18 10:34:34.028583,-19.27650260925293,-67.62422943115234,0.0016622161492705,11.728,0.451,1.0,0.0,0,0,1,,1.0,2026-03-18T10:34:34.028583,sad,0.739,2026-03-18T10:34:33.203503,0.3540682859707703,2026-03-18T10:34:33.961000,69,,,
participant_25,3,day,Town10HD_Opt,2026-03-18 10:34:35.105528,-24.098854064941406,-67.82794189453125,0.0015217589680105,31.717,0.451,1.0,0.0,0,0,1,,0.852,2026-03-18T10:34:35.105528,sad,0.739,2026-03-18T10:34:33.203503,0.2605177198451062,2026-03-18T10:34:34.952000,69,,,
participant_25,3,day,Town10HD_Opt,2026-03-18 10:34:36.179444,-33.70701217651367,-68.36614990234375,0.001554412767291,51.747,-2.28,0.0,0.175,0,0,1,,1.0,2026-03-18T10:34:36.179444,sad,0.731,2026-03-18T10:34:36.179444,0.2207000641220052,2026-03-18T10:34:36.977000,73,,,
participant_25,3,day,Town10HD_Opt,2026-03-18 10:34:37.002395,-42.52217864990234,-68.6071548461914,0.0020751189440488,49.536,-0.31,0.779,0.0,0,0,1,,1.0,2026-03-18T10:34:37.002395,sad,0.731,2026-03-18T10:34:36.179444,0.2197708768217961,2026-03-18T10:34:36.977000,73,,,
participant_25,3,day,Town10HD_Opt,2026-03-18 10:34:38.078123,-54.14888000488281,-68.65007019042969,0.0019791030790656,50.372,-0.331,0.764,0.0,0,0,1,,1.0,2026-03-18T10:34:38.078123,sad,0.731,2026-03-18T10:34:36.179444,0.1380204283996479,2026-03-18T10:34:37.965000,73,,,
participant_25,3,day,Town10HD_Opt,2026-03-18 10:34:39.118317,-65.82936096191406,-68.48355865478516,0.0019264601869508,50.914,-1.8,0.0,0.115,0,0,1,,0.804,2026-03-18T10:34:39.118317,sad,0.877,2026-03-18T10:34:39.118317,0.2611552749779677,2026-03-18T10:34:38.956000,72,,,
participant_25,3,day,Town10HD_Opt,2026-03-18 10:34:40.165194,-77.30957794189453,-66.77519226074219,0.0020020676311105,50.693,-6.298,0.0,0.0,0,0,1,,1.0,2026-03-18T10:34:40.165194,sad,0.877,2026-03-18T10:34:39.118317,0.1055939430201715,2026-03-18T10:34:40.981000,69,,,
participant_25,3,day,Town10HD_Opt,2026-03-18 10:34:41.212835,-87.8858642578125,-62.06808471679688,0.0021367263980209,48.974,-3.186,0.731,0.0,0,0,1,,1.0,2026-03-18T10:34:41.212835,sad,0.668,2026-03-18T10:34:41.212835,0.1898485170940488,2026-03-18T10:34:41.971000,67,,,
participant_25,3,day,Town10HD_Opt,2026-03-18 10:34:42.059387,-95.19744873046876,-57.29901123046875,0.0021464538294821,48.918,-5.326,0.731,0.0,0,0,1,,0.924,2026-03-18T10:34:42.059387,sad,0.668,2026-03-18T10:34:41.212835,0.1715371303668909,2026-03-18T10:34:41.971000,68,,,
participant_25,3,day,Town10HD_Opt,2026-03-18 10:34:43.243570,-103.13883209228516,-48.92123031616211,0.0020406341645866,49.873,-5.262,0.731,0.0,0,0,1,,1.0,2026-03-18T10:34:43.243570,sad,0.757,2026-03-18T10:34:43.243570,0.1516148306682923,2026-03-18T10:34:43.951000,69,,,
participant_25,3,day,Town10HD_Opt,2026-03-18 10:34:44.170520,-107.42491149902344,-41.312870025634766,0.0020662688184529,49.75,-4.518,0.731,0.0,0,0,1,,0.946,2026-03-18T10:34:44.170520,sad,0.757,2026-03-18T10:34:43.243570,0.1904581591000749,2026-03-18T10:34:44.987000,70,,,
participant_25,3,day,Town10HD_Opt,2026-03-18 10:34:45.100703,-110.16799926757812,-33.09214401245117,0.0021413420327007,48.05,-5.061,0.417,0.0,0,0,1,,0.962,2026-03-18T10:34:45.100703,sad,0.757,2026-03-18T10:34:43.243570,0.2354324636933715,2026-03-18T10:34:44.987000,70,,,
participant_25,3,day,Town10HD_Opt,2026-03-18 10:34:45.990127,-111.18014526367188,-24.888994216918945,0.0021712875459343,44.986,-3.898,0.0,0.0,0,0,1,,0.905,2026-03-18T10:34:45.990127,neutral,0.766,2026-03-18T10:34:45.990127,0.1670926046707921,2026-03-18T10:34:45.976000,70,,,
participant_25,3,day,Town10HD_Opt,2026-03-18 10:34:47.208975,-110.84951782226562,-15.849017143249512,0.0023336792364716,32.212,0.305,0.0,0.0,0,0,1,,0.816,2026-03-18T10:34:47.208975,neutral,0.766,2026-03-18T10:34:45.990127,0.2069427269199636,2026-03-18T10:34:47.956000,77,,,
participant_25,3,day,Town10HD_Opt,2026-03-18 10:34:48.143171,-110.59651947021484,-10.781195640563965,0.0022247314918786,26.046,1.011,0.266,0.0,0,0,1,,0.814,2026-03-18T10:34:48.143171,sad,0.783,2026-03-18T10:34:48.143171,0.205720560233112,2026-03-18T10:34:47.956000,77,,,
participant_25,3,day,Town10HD_Opt,2026-03-18 10:34:48.996567,-110.48056030273438,-6.56658411026001,0.0022148895077407,21.418,0.639,0.347,0.0,0,0,1,,0.816,2026-03-18T10:34:48.996567,sad,0.783,2026-03-18T10:34:48.143171,0.1824022905584335,2026-03-18T10:34:49.036000,77,,,
participant_25,3,day,Town10HD_Opt,2026-03-18 10:34:50.160483,-110.39424896240234,-1.2111793756484983,0.0016731261275708,29.859,-0.703,0.943,0.0,0,0,1,,1.0,2026-03-18T10:34:50.160483,sad,0.697,2026-03-18T10:34:50.160483,0.1542462160043139,2026-03-18T10:34:50.971000,79,,,
participant_25,3,day,Town10HD_Opt,2026-03-18 10:34:51.007005,-109.89568328857422,5.152976989746094,0.0015965652419254,44.006,-6.552,0.94,0.0,0,0,1,,1.0,2026-03-18T10:34:51.007005,sad,0.697,2026-03-18T10:34:50.160483,0.1319913434985495,2026-03-18T10:34:50.971000,80,,,
participant_25,3,day,Town10HD_Opt,2026-03-18 10:34:52.198182,-107.22281646728516,15.167752265930176,0.0023331069387495,39.006,-0.726,0.0,0.0,0,0,1,,1.0,2026-03-18T10:34:52.198182,sad,0.625,2026-03-18T10:34:52.198182,0.2037197651472339,2026-03-18T10:34:52.951000,79,,,
participant_25,3,day,Town10HD_Opt,2026-03-18 10:34:53.113947,-104.8786392211914,20.746206283569336,0.00233940128237,29.869,-9.267,0.079,0.0,0,0,1,,1.0,2026-03-18T10:34:53.113947,sad,0.625,2026-03-18T10:34:52.198182,0.1955756395544072,2026-03-18T10:34:52.951000,78,,,
participant_25,3,day,Town10HD_Opt,2026-03-18 10:34:54.033870,-101.96084594726562,24.65927124023437,0.0021448135375976,26.687,-17.828,0.45,0.0,0,0,1,,1.0,2026-03-18T10:34:54.033870,sad,0.625,2026-03-18T10:34:52.198182,0.2241242164658466,2026-03-18T10:34:53.986000,78,,,
participant_25,3,day,Town10HD_Opt,2026-03-18 10:34:55.273312,-96.20808410644533,27.783111572265625,0.0019026183290407,31.825,-11.484,0.659,0.0,0,0,1,,1.0,2026-03-18T10:34:55.273312,happy,0.992,2026-03-18T10:34:55.273312,0.1409330560857901,2026-03-18T10:34:55.966000,77,,,
participant_25,3,day,Town10HD_Opt,2026-03-18 10:34:56.237381,-90.19208526611328,28.78177833557129,0.0019428634550422,38.742,-4.907,0.686,0.0,0,0,1,,1.0,2026-03-18T10:34:56.237381,happy,0.992,2026-03-18T10:34:55.273312,0.1935672688095272,2026-03-18T10:34:56.958000,77,,,
participant_25,3,day,Town10HD_Opt,2026-03-18 10:34:57.204749,-83.1409683227539,28.774526596069336,0.0021639252081513,38.934,-3.61,0.0,0.0,0,0,1,,1.0,2026-03-18T10:34:57.204749,happy,0.992,2026-03-18T10:34:55.273312,0.1307888905007066,2026-03-18T10:34:57.991000,75,,,errors=Solid line crossing
participant_25,3,day,Town10HD_Opt,2026-03-18 10:34:58.130598,-77.15724182128906,28.10806655883789,0.0023160553537309,29.722,2.805,0.0,0.062,0,0,1,,1.0,2026-03-18T10:34:58.130598,sad,0.489,2026-03-18T10:34:58.130598,0.2596298598566071,2026-03-18T10:34:58.982000,75,,,
participant_25,3,day,Town10HD_Opt,2026-03-18 10:34:59.052071,-72.66686248779297,27.784467697143555,0.0023584747686982,19.91,1.514,0.0,0.662,0,0,1,,1.0,2026-03-18T10:34:59.052071,sad,0.489,2026-03-18T10:34:58.130598,0.2269657677873438,2026-03-18T10:34:58.982000,75,,,errors=Harsh braking
participant_25,4,day,Town10HD_Opt,2026-03-18 10:45:00.000000,-41.66858673095703,89.7454833984375,0.5804919004440308,4.779,-0.172,0.704,0.0,0,0,1,,1.0,2026-03-18T10:45:00,,,2026-03-18T10:45:00,0.2045526054919487,2026-03-18T10:45:00,68,,,
participant_25,4,day,Town10HD_Opt,2026-03-18 10:45:04.515184,-41.66976165771485,89.4715347290039,0.0016576766502112,5.422,-0.172,0.692,0.0,0,0,1,,1.0,2026-03-18T10:45:04.515184,,,2026-03-18T10:45:04.515184,0.2708021211409072,2026-03-18T10:45:04.006000,70,,,
participant_25,4,day,Town10HD_Opt,2026-03-18 10:45:05.177038,-41.67391204833984,88.46046447753906,0.0016296386020258,11.912,-0.172,0.572,0.0,0,0,1,,1.0,2026-03-18T10:45:05.177038,,,2026-03-18T10:45:04.515184,0.2811373796559643,2026-03-18T10:45:05.041000,69,,,
participant_25,4,day,Town10HD_Opt,2026-03-18 10:45:06.157513,-41.68680191040039,85.87332916259766,0.0017773056169971,17.079,-0.172,0.338,0.0,0,0,1,,0.901,2026-03-18T10:45:06.157513,,,2026-03-18T10:45:04.515184,0.2592433553067169,2026-03-18T10:45:06.030000,71,,,
participant_25,4,day,Town10HD_Opt,2026-03-18 10:45:07.138627,-41.70051193237305,82.77305603027344,0.0019827270880341,18.125,1.608,0.252,0.0,0,0,1,,1.0,2026-03-18T10:45:07.138627,neutral,0.591,2026-03-18T10:45:07.138627,0.2735035663898387,2026-03-18T10:45:07.021000,71,,,
participant_25,4,day,Town10HD_Opt,2026-03-18 10:45:08.172434,-41.51970291137695,79.6581039428711,0.0019232940394431,17.627,10.113,0.397,0.0,0,0,1,,1.0,2026-03-18T10:45:08.172434,neutral,0.591,2026-03-18T10:45:07.138627,0.2880005719955775,2026-03-18T10:45:08.011000,74,,,
participant_25,4,day,Town10HD_Opt,2026-03-18 10:45:09.165982,-40.65286636352539,76.58457946777344,0.0020267867948859,19.39,17.651,0.453,0.0,0,0,1,,1.0,2026-03-18T10:45:09.165982,neutral,0.519,2026-03-18T10:45:09.165982,0.2124145011822895,2026-03-18T10:45:09.045000,76,,,
participant_25,4,day,Town10HD_Opt,2026-03-18 10:45:10.171893,-38.74212646484375,73.64677429199219,0.0020468139555305,20.624,19.959,0.346,0.0,0,0,1,,1.0,2026-03-18T10:45:10.171893,neutral,0.519,2026-03-18T10:45:09.165982,0.2112922890952305,2026-03-18T10:45:10.126000,78,,,
participant_25,4,day,Town10HD_Opt,2026-03-18 10:45:11.134076,-35.87272262573242,71.48171997070312,0.0020686720963567,20.813,19.806,0.346,0.0,0,0,1,,1.0,2026-03-18T10:45:11.134076,neutral,0.519,2026-03-18T10:45:09.165982,0.2460133465027868,2026-03-18T10:45:11.070000,82,,,
participant_25,4,day,Town10HD_Opt,2026-03-18 10:45:12.213368,-32.39971923828125,70.39720916748047,0.0020387268159538,21.499,13.897,0.472,0.0,0,0,1,,0.823,2026-03-18T10:45:12.213368,neutral,0.557,2026-03-18T10:45:12.213368,0.2035534625428708,2026-03-18T10:45:12.015000,82,,,
participant_25,4,day,Town10HD_Opt,2026-03-18 10:45:13.216907,-28.446266174316406,69.9473648071289,0.0019606398418545,24.231,1.65,0.531,0.0,0,0,1,,0.878,2026-03-18T10:45:13.216907,neutral,0.557,2026-03-18T10:45:12.213368,0.2212811921587228,2026-03-18T10:45:13.050000,82,,,
participant_25,4,day,Town10HD_Opt,2026-03-18 10:45:14.270311,-23.91659927368164,69.70879364013672,0.0019098663469776,28.092,1.622,0.369,0.0,0,0,1,,1.0,2026-03-18T10:45:14.270311,happy,0.995,2026-03-18T10:45:14.270311,0.2779354381027378,2026-03-18T10:45:14.041000,86,,,
participant_25,4,day,Town10HD_Opt,2026-03-18 10:45:15.300728,-18.93932342529297,69.66161346435547,0.0020351791754364,28.517,0.592,0.361,0.0,0,0,1,,1.0,2026-03-18T10:45:15.300728,happy,0.995,2026-03-18T10:45:14.270311,0.2343116890214616,2026-03-18T10:45:15.031000,90,,,
participant_25,4,day,Town10HD_Opt,2026-03-18 10:45:16.033345,-15.619296073913574,69.67498016357422,0.0020492554176598,28.381,0.458,0.359,0.0,0,0,1,,1.0,2026-03-18T10:45:16.033345,happy,0.995,2026-03-18T10:45:14.270311,0.2400624540278075,2026-03-18T10:45:16.021000,91,,,
participant_25,4,day,Town10HD_Opt,2026-03-18 10:45:17.296792,-9.03740406036377,69.77099609375,0.0020509718451648,28.039,0.275,0.359,0.0,0,0,1,,1.0,2026-03-18T10:45:17.296792,neutral,0.86,2026-03-18T10:45:17.296792,0.3074663386990564,2026-03-18T10:45:17.010000,96,,,
participant_25,4,day,Town10HD_Opt,2026-03-18 10:45:18.022206,-5.774270534515381,69.83838653564453,0.0020503997802734,27.893,0.106,0.359,0.0,0,0,1,,1.0,2026-03-18T10:45:18.022206,neutral,0.86,2026-03-18T10:45:17.296792,0.2496621368002712,2026-03-18T10:45:18.046000,96,,,
participant_25,4,day,Town10HD_Opt,2026-03-18 10:45:19.072613,-0.909753680229187,69.9332504272461,0.002049560425803,27.697,-0.233,0.359,0.0,0,0,1,,1.0,2026-03-18T10:45:19.072613,neutral,0.86,2026-03-18T10:45:17.296792,0.2879056386545874,2026-03-18T10:45:19.036000,98,,,
participant_25,4,day,Town10HD_Opt,2026-03-18 10:45:20.130965,3.922960758209229,69.99915313720703,0.0020486831199377,27.526,-0.214,0.359,0.0,0,0,1,,1.0,2026-03-18T10:45:20.130965,neutral,0.382,2026-03-18T10:45:20.130965,0.2939199597871251,2026-03-18T10:45:20.026000,98,,,
participant_25,4,day,Town10HD_Opt,2026-03-18 10:45:21.090373,8.727744102478027,70.03846740722656,0.0020481871906667,27.384,-0.228,0.359,0.0,0,0,1,,1.0,2026-03-18T10:45:21.090373,neutral,0.382,2026-03-18T10:45:20.130965,0.2462691468688052,2026-03-18T10:45:21.016000,99,,,
participant_25,4,day,Town10HD_Opt,2026-03-18 10:45:22.040162,13.507774353027344,70.05184173583984,0.0020474623888731,27.243,-0.092,0.358,0.0,0,0,1,,1.0,2026-03-18T10:45:22.040162,neutral,0.382,2026-03-18T10:45:20.130965,0.2479312188376499,2026-03-18T10:45:22.051000,97,,,
participant_25,4,day,Town10HD_Opt,2026-03-18 10:45:23.011946,18.247617721557617,70.05165100097656,0.0020724486093968,26.591,-0.087,0.287,0.0,0,0,1,,1.0,2026-03-18T10:45:23.011946,neutral,0.788,2026-03-18T10:45:23.011946,0.3027906832978992,2026-03-18T10:45:23.041000,97,,,
participant_25,4,day,Town10HD_Opt,2026-03-18 10:45:24.026852,22.77638053894043,70.04191589355469,0.0021130752284079,24.827,-0.085,0.0,0.0,0,0,1,,1.0,2026-03-18T10:45:24.026852,neutral,0.788,2026-03-18T10:45:23.011946,0.3451914654892998,2026-03-18T10:45:24.030000,95,,,errors=Stop sign violation
participant_25,4,day,Town10HD_Opt,2026-03-18 10:45:25.034874,26.62007522583008,70.01736450195312,0.0022335052490234,18.713,-2.44,0.0,0.0,0,0,1,,0.922,2026-03-18T10:45:25.034874,sad,0.302,2026-03-18T10:45:25.034874,0.2796024241700445,2026-03-18T10:45:25.021000,90,,,
participant_25,4,day,Town10HD_Opt,2026-03-18 10:45:26.035396,29.57560920715332,69.84892272949219,0.0019860840402543,15.661,-6.772,0.246,0.0,0,0,1,,1.0,2026-03-18T10:45:26.035396,sad,0.302,2026-03-18T10:45:25.034874,0.3498596466869143,2026-03-18T10:45:26.010000,89,Solid line crossing,Solid line crossing,
participant_25,4,day,Town10HD_Opt,2026-03-18 10:45:27.051634,32.3095703125,69.28450775146484,0.0018561935285106,17.085,-12.886,0.496,0.0,0,0,1,,1.0,2026-03-18T10:45:27.051634,neutral,0.354,2026-03-18T10:45:27.051634,0.3760261952140988,2026-03-18T10:45:27.046000,90,,,
participant_25,4,day,Town10HD_Opt,2026-03-18 10:45:28.108091,35.33393096923828,68.05587005615234,0.0019625853747129,20.191,-8.32,0.527,0.0,0,0,1,,1.0,2026-03-18T10:45:28.108091,neutral,0.354,2026-03-18T10:45:27.051634,0.3790142440982585,2026-03-18T10:45:28.035000,87,,,
participant_25,4,day,Town10HD_Opt,2026-03-18 10:45:29.155104,38.6695442199707,66.0963134765625,0.0019643784034997,23.649,-13.516,0.431,0.0,0,0,1,,1.0,2026-03-18T10:45:29.155104,neutral,0.66,2026-03-18T10:45:29.155104,0.3677087071129496,2026-03-18T10:45:29.027000,86,,,
participant_25,4,day,Town10HD_Opt,2026-03-18 10:45:30.259757,41.6602668762207,63.07087707519531,0.0020085906144231,25.335,-14.144,0.431,0.0,0,0,1,,1.0,2026-03-18T10:45:30.259757,neutral,0.66,2026-03-18T10:45:29.155104,0.4187357109790806,2026-03-18T10:45:30.016000,85,,,
participant_25,4,day,Town10HD_Opt,2026-03-18 10:45:31.307620,43.72857284545898,59.04256820678711,0.0020097349770367,26.743,-14.1,0.423,0.0,0,0,1,,1.0,2026-03-18T10:45:31.307620,neutral,0.34,2026-03-18T10:45:31.307620,0.3482599453943857,2026-03-18T10:45:31.005000,84,,,
participant_25,4,day,Town10HD_Opt,2026-03-18 10:45:32.307988,44.47478485107422,54.397605895996094,0.002082634018734,26.663,-8.398,0.244,0.0,0,0,1,,1.0,2026-03-18T10:45:32.307988,neutral,0.34,2026-03-18T10:45:31.307620,0.4328513966441873,2026-03-18T10:45:32.040000,82,,,
participant_25,4,day,Town10HD_Opt,2026-03-18 10:45:33.081462,44.49818420410156,51.35805892944336,0.0021149443928152,25.189,0.583,0.245,0.0,0,0,1,,1.0,2026-03-18T10:45:33.081462,neutral,0.34,2026-03-18T10:45:31.307620,0.4808967718502471,2026-03-18T10:45:33.075000,80,,,
participant_25,4,day,Town10HD_Opt,2026-03-18 10:45:34.120253,44.47933578491211,47.10833740234375,0.002094192430377,23.469,-2.828,0.326,0.0,0,0,1,,1.0,2026-03-18T10:45:34.120253,neutral,0.838,2026-03-18T10:45:34.120253,0.3655366774630211,2026-03-18T10:45:34.065000,78,,,
participant_25,4,day,Town10HD_Opt,2026-03-18 10:45:35.181663,44.28214263916016,43.04507064819336,0.0020572661887854,23.054,1.89,0.326,0.0,0,0,1,,1.0,2026-03-18T10:45:35.181663,neutral,0.838,2026-03-18T10:45:34.120253,0.4441430189729374,2026-03-18T10:45:35.011000,77,,,
participant_25,4,day,Town10HD_Opt,2026-03-18 10:45:36.212379,44.41292953491211,39.05567932128906,0.0020629118662327,22.647,9.859,0.353,0.0,0,0,1,,1.0,2026-03-18T10:45:36.212379,neutral,0.473,2026-03-18T10:45:36.212379,0.4523131127039939,2026-03-18T10:45:36.045000,75,,,
participant_25,4,day,Town10HD_Opt,2026-03-18 10:45:37.300097,45.36528778076172,35.221473693847656,0.0020535660441964,22.731,12.5,0.347,0.0,0,0,1,,0.829,2026-03-18T10:45:37.300097,neutral,0.473,2026-03-18T10:45:36.212379,0.4377219531365182,2026-03-18T10:45:37.038000,74,,,
participant_25,4,day,Town10HD_Opt,2026-03-18 10:45:38.002222,46.54237747192383,32.85791015625,0.0020656585693359,22.664,17.746,0.348,0.0,0,0,1,,1.0,2026-03-18T10:45:38.002222,neutral,0.473,2026-03-18T10:45:36.212379,0.4417728307732944,2026-03-18T10:45:38.071000,74,,,
participant_25,4,day,Town10HD_Opt,2026-03-18 10:45:39.316354,50.37522888183594,29.36826515197754,0.0020804977975785,22.505,19.639,0.346,0.0,0,0,1,,1.0,2026-03-18T10:45:39.316354,neutral,0.765,2026-03-18T10:45:39.316354,0.4198479501776088,2026-03-18T10:45:39.016000,77,,,
participant_25,4,day,Town10HD_Opt,2026-03-18 10:45:40.046001,52.81125259399414,28.424354553222656,0.0020728684030473,22.496,16.992,0.332,0.0,0,0,1,,1.0,2026-03-18T10:45:40.046001,neutral,0.765,2026-03-18T10:45:39.316354,0.498482507866406,2026-03-18T10:45:40.005000,78,,,
participant_25,4,day,Town10HD_Opt,2026-03-18 10:45:41.049769,56.66613006591797,28.02574157714844,0.0020769499242305,22.03,7.549,0.296,0.0,0,0,1,,1.0,2026-03-18T10:45:41.049769,neutral,0.765,2026-03-18T10:45:39.316354,0.4430926821305764,2026-03-18T10:45:41.041000,75,,,
participant_25,4,day,Town10HD_Opt,2026-03-18 10:45:42.081847,60.45914459228516,28.16245079040528,0.002069549402222,21.266,1.462,0.304,0.0,0,0,1,,1.0,2026-03-18T10:45:42.081847,neutral,0.755,2026-03-18T10:45:42.081847,0.456258386628086,2026-03-18T10:45:42.032000,76,,,
participant_25,4,day,Town10HD_Opt,2026-03-18 10:45:43.091066,64.1253433227539,28.36567115783692,0.0020631407387554,20.625,-0.146,0.178,0.0,0,0,1,,1.0,2026-03-18T10:45:43.091066,neutral,0.755,2026-03-18T10:45:42.081847,0.4151598361840322,2026-03-18T10:45:43.021000,75,,,
participant_25,4,day,Town10HD_Opt,2026-03-18 10:45:44.096445,67.43842315673828,28.545223236083984,0.0019332122756168,16.764,-0.919,0.0,0.0,0,0,1,,1.0,2026-03-18T10:45:44.096445,sad,0.373,2026-03-18T10:45:44.096445,0.4141635777237731,2026-03-18T10:45:44.012000,74,,,
participant_25,4,day,Town10HD_Opt,2026-03-18 10:45:45.043866,70.04975891113281,28.64433860778809,0.0020401000510901,12.874,-1.539,0.0,0.0,0,0,1,,1.0,2026-03-18T10:45:45.043866,sad,0.373,2026-03-18T10:45:44.096445,0.4108116170071876,2026-03-18T10:45:45.046000,76,,,
participant_25,4,day,Town10HD_Opt,2026-03-18 10:45:46.045871,72.05577087402344,28.67764663696289,0.0020135878585278,10.038,-0.557,0.0,0.0,0,0,1,,0.851,2026-03-18T10:45:46.045871,sad,0.373,2026-03-18T10:45:44.096445,0.4577545329157067,2026-03-18T10:45:46.036000,74,,,
participant_25,4,day,Town10HD_Opt,2026-03-18 10:45:47.296121,74.02596282958984,28.714542388916016,0.0019857024308294,6.954,-0.035,0.0,0.0,0,0,1,,0.884,2026-03-18T10:45:47.296121,neutral,0.726,2026-03-18T10:45:47.296121,0.452035212771507,2026-03-18T10:45:47.026000,74,,,
participant_25,4,day,Town10HD_Opt,2026-03-18 10:45:48.268337,75.10914611816406,28.73194122314453,0.0019702147692441,5.339,-0.357,0.0,0.0,0,0,1,,1.0,2026-03-18T10:45:48.268337,neutral,0.726,2026-03-18T10:45:47.296121,0.4145399640252796,2026-03-18T10:45:48.016000,73,,,
participant_25,4,day,Town10HD_Opt,2026-03-18 10:45:49.210804,75.94076538085938,28.7434196472168,0.0019583129324018,4.099,-0.348,0.0,0.0,0,0,1,,1.0,2026-03-18T10:45:49.210804,neutral,0.726,2026-03-18T10:45:47.296121,0.4542517441976195,2026-03-18T10:45:49.050000,72,,,
participant_25,4,day,Town10HD_Opt,2026-03-18 10:45:50.183431,76.57921600341797,28.75136375427246,0.0019492721185088,3.147,-0.336,0.0,0.0,0,0,1,,1.0,2026-03-18T10:45:50.183431,neutral,0.842,2026-03-18T10:45:50.183431,0.4123807530773438,2026-03-18T10:45:50.041000,72,,,
participant_25,4,day,Town10HD_Opt,2026-03-18 10:45:51.152213,77.15167999267578,28.757789611816406,0.0018370436737313,4.339,-0.329,0.0,0.0,0,0,1,,0.875,2026-03-18T10:45:51.152213,neutral,0.842,2026-03-18T10:45:50.183431,0.3941176547473142,2026-03-18T10:45:51.030000,71,,,
participant_25,4,day,Town10HD_Opt,2026-03-18 10:45:52.059260,77.8431167602539,28.76495742797852,0.001946868840605,3.432,-0.32,0.0,0.0,0,0,1,,1.0,2026-03-18T10:45:52.059260,neutral,0.842,2026-03-18T10:45:50.183431,0.4198893549527743,2026-03-18T10:45:52.021000,74,,,
participant_25,4,day,Town10HD_Opt,2026-03-18 10:45:53.261911,78.52619171142578,28.77118682861328,0.0019421767210587,2.413,-0.317,0.0,0.0,0,0,1,,0.849,2026-03-18T10:45:53.261911,neutral,0.83,2026-03-18T10:45:53.261911,0.3949560336060062,2026-03-18T10:45:53.010000,72,,,
participant_25,4,day,Town10HD_Opt,2026-03-18 10:45:54.159007,78.9016342163086,28.774253845214844,0.0019367599161341,1.852,-0.317,0.0,0.0,0,0,1,,0.871,2026-03-18T10:45:54.159007,neutral,0.83,2026-03-18T10:45:53.261911,0.4013222343960281,2026-03-18T10:45:54.046000,72,,,
participant_25,4,day,Town10HD_Opt,2026-03-18 10:45:55.064985,79.18978118896484,28.77644157409668,0.0019327925983816,1.422,-0.31,0.0,0.0,0,0,1,,1.0,2026-03-18T10:45:55.064985,neutral,0.83,2026-03-18T10:45:53.261911,0.4389921195895066,2026-03-18T10:45:55.036000,72,,,
participant_25,4,day,Town10HD_Opt,2026-03-18 10:45:56.279972,79.47258758544922,28.7784423828125,0.0019287872128188,1.0,-0.308,0.0,0.0,0,0,1,,0.869,2026-03-18T10:45:56.279972,neutral,0.827,2026-03-18T10:45:56.279972,0.4405584598046867,2026-03-18T10:45:56.028000,69,,,
participant_25,4,day,Town10HD_Opt,2026-03-18 10:45:57.202226,79.62799072265625,28.779491424560547,0.0019263076828792,0.77,-0.301,0.0,0.0,0,0,1,,0.83,2026-03-18T10:45:57.202226,neutral,0.827,2026-03-18T10:45:56.279972,0.4888991365386135,2026-03-18T10:45:57.016000,68,,,
participant_25,4,day,Town10HD_Opt,2026-03-18 10:45:58.121331,79.97071075439453,28.78201103210449,0.0015849685296416,7.56,-0.101,1.0,0.0,0,0,1,,1.0,2026-03-18T10:45:58.121331,neutral,0.827,2026-03-18T10:45:56.279972,0.5715663056955208,2026-03-18T10:45:58.006000,67,,,
participant_25,4,day,Town10HD_Opt,2026-03-18 10:45:59.119500,82.56139373779297,28.83832550048828,0.0017279434250667,22.134,8.215,1.0,0.0,0,0,1,,1.0,2026-03-18T10:45:59.119500,neutral,0.907,2026-03-18T10:45:59.119500,0.6054476327948591,2026-03-18T10:45:59.041000,67,,,
participant_25,4,day,Town10HD_Opt,2026-03-18 10:46:00.149836,87.69185638427734,29.42236518859864,0.0015133285196498,38.4,-5.215,1.0,0.0,0,0,1,,1.0,2026-03-18T10:46:00.149836,neutral,0.907,2026-03-18T10:45:59.119500,0.5934640241801363,2026-03-18T10:46:00.122000,68,,,
participant_25,4,day,Town10HD_Opt,2026-03-18 10:46:01.211302,95.45993041992188,28.97116470336914,0.0016038893954828,51.878,-14.55,0.0,0.188,0,0,1,,1.0,2026-03-18T10:46:01.211302,neutral,0.519,2026-03-18T10:46:01.211302,0.6580772621260864,2026-03-18T10:46:01.066000,65,,,
participant_25,4,day,Town10HD_Opt,2026-03-18 10:46:02.253465,102.9120864868164,24.66886711120605,0.0021072386298328,48.223,-11.617,0.558,0.0,0,0,1,,1.0,2026-03-18T10:46:02.253465,neutral,0.519,2026-03-18T10:46:01.211302,0.6542449479507889,2026-03-18T10:46:02.011000,65,,,
participant_25,4,day,Town10HD_Opt,2026-03-18 10:46:03.005370,106.17214965820312,19.95147132873535,0.0020102690905332,49.757,-11.13,0.464,0.0,0,0,1,,0.921,2026-03-18T10:46:03.005370,neutral,0.519,2026-03-18T10:46:01.211302,0.6617138525443511,2026-03-18T10:46:03.046000,66,,,
participant_25,4,day,Town10HD_Opt,2026-03-18 10:46:04.296439,108.34759521484376,8.73996639251709,0.0019024276407435,51.681,1.159,0.0,0.168,0,0,1,,1.0,2026-03-18T10:46:04.296439,neutral,0.461,2026-03-18T10:46:04.296439,0.6626180565860442,2026-03-18T10:46:04.036000,66,,,
participant_25,4,day,Town10HD_Opt,2026-03-18 10:46:05.293357,108.57662200927734,0.075200080871582,0.002024688757956,49.306,-0.251,0.624,0.0,0,0,1,,1.0,2026-03-18T10:46:05.293357,neutral,0.461,2026-03-18T10:46:04.296439,0.7425285803708803,2026-03-18T10:46:05.025000,66,,,
participant_25,4,day,Town10HD_Opt,2026-03-18 10:46:06.210165,108.76920318603516,-8.641064643859863,0.0021161651238799,48.942,-0.486,0.604,0.0,0,0,1,,1.0,2026-03-18T10:46:06.210165,neutral,0.461,2026-03-18T10:46:04.296439,0.7907410414973265,2026-03-18T10:46:06.019000,68,,,
participant_25,4,day,Town10HD_Opt,2026-03-18 10:46:07.210990,108.7771453857422,-17.371681213378906,0.0020573425572365,49.566,-1.387,0.582,0.0,0,0,1,,0.817,2026-03-18T10:46:07.210990,neutral,0.687,2026-03-18T10:46:07.210990,0.777171431900858,2026-03-18T10:46:07.006000,67,,,
participant_25,4,day,Town10HD_Opt,2026-03-18 10:46:08.196046,108.19541931152344,-26.02345848083496,0.0020041274838149,50.175,-4.192,0.564,0.0,0,0,1,,0.828,2026-03-18T10:46:08.196046,neutral,0.687,2026-03-18T10:46:07.210990,0.7808628573950683,2026-03-18T10:46:08.042000,67,,,
participant_25,4,day,Town10HD_Opt,2026-03-18 10:46:09.129532,106.27806091308594,-34.53573226928711,0.0020488738082349,49.762,-4.636,0.564,0.0,0,0,1,,0.859,2026-03-18T10:46:09.129532,neutral,0.687,2026-03-18T10:46:07.210990,0.7114244977753968,2026-03-18T10:46:09.031000,70,,,
participant_25,4,day,Town10HD_Opt,2026-03-18 10:46:10.102916,102.77999877929688,-42.55366516113281,0.00211784359999,48.859,-4.87,0.564,0.0,0,0,1,,0.92,2026-03-18T10:46:10.102916,happy,0.854,2026-03-18T10:46:10.102916,0.7204694957215864,2026-03-18T10:46:10.021000,70,,,
participant_25,4,day,Town10HD_Opt,2026-03-18 10:46:11.048706,97.8637466430664,-49.60496139526367,0.0019954680465161,49.952,-4.676,0.564,0.0,0,0,1,,0.832,2026-03-18T10:46:11.048706,happy,0.854,2026-03-18T10:46:10.102916,0.7696707785699523,2026-03-18T10:46:11.010000,72,,,
participant_25,4,day,Town10HD_Opt,2026-03-18 10:46:11.999919,91.59890747070312,-55.66450119018555,0.0021249006967991,48.819,-4.997,0.564,0.0,0,0,1,,1.0,2026-03-18T10:46:11.999919,happy,0.854,2026-03-18T10:46:10.102916,0.7216043424635062,2026-03-18T10:46:12.046000,71,,,
participant_25,4,day,Town10HD_Opt,2026-03-18 10:46:13.219788,81.67268371582031,-61.5716667175293,0.0019953155424445,50.542,-4.386,0.0,0.0,0,0,1,,0.84,2026-03-18T10:46:13.219788,fear,0.936,2026-03-18T10:46:13.219788,0.772394132604213,2026-03-18T10:46:13.036000,70,,,
participant_25,4,day,Town10HD_Opt,2026-03-18 10:46:14.206684,73.58405303955078,-64.3025894165039,0.0020399475470185,48.763,-4.395,0.564,0.0,0,0,1,,1.0,2026-03-18T10:46:14.206684,fear,0.936,2026-03-18T10:46:13.219788,0.8261696372146339,2026-03-18T10:46:14.027000,70,,,
participant_25,4,day,Town10HD_Opt,2026-03-18 10:46:15.166992,65.22098541259766,-65.64945220947266,0.0021761320531368,46.261,-0.914,0.256,0.0,0,0,1,,1.0,2026-03-18T10:46:15.166992,fear,0.936,2026-03-18T10:46:13.219788,0.8279638849489109,2026-03-18T10:46:15.017000,67,,,
participant_25,4,day,Town10HD_Opt,2026-03-18 10:46:16.098974,57.57945251464844,-66.35150909423828,0.0022059248294681,40.831,-1.201,0.255,0.0,0,0,1,,1.0,2026-03-18T10:46:16.098974,neutral,0.784,2026-03-18T10:46:16.098974,0.7410159226781748,2026-03-18T10:46:16.007000,69,,,
participant_25,4,day,Town10HD_Opt,2026-03-18 10:46:17.055786,50.71516799926758,-66.78313446044922,0.0021188354585319,38.057,-0.707,0.432,0.0,0,0,1,,0.804,2026-03-18T10:46:17.055786,neutral,0.784,2026-03-18T10:46:16.098974,0.8949919373155737,2026-03-18T10:46:17.041000,67,,,
participant_25,4,day,Town10HD_Opt,2026-03-18 10:46:18.094455,44.07003402709961,-67.02397918701172,0.0020479201339185,37.948,-0.649,0.424,0.0,0,0,1,,0.854,2026-03-18T10:46:18.094455,neutral,0.784,2026-03-18T10:46:16.098974,0.8472717287389901,2026-03-18T10:46:18.031000,68,,,
participant_25,4,day,Town10HD_Opt,2026-03-18 10:46:19.023057,37.4394760131836,-67.12834930419922,0.0020472717005759,37.819,-0.291,0.421,0.0,0,0,1,,1.0,2026-03-18T10:46:19.023057,happy,0.964,2026-03-18T10:46:19.023057,0.757152588909205,2026-03-18T10:46:19.021000,68,,,
participant_25,4,day,Town10HD_Opt,2026-03-18 10:46:20.030601,30.834306716918945,-67.16746520996094,0.0020486831199377,37.645,0.009,0.419,0.0,0,0,1,,1.0,2026-03-18T10:46:20.030601,happy,0.964,2026-03-18T10:46:19.023057,0.8321215912223263,2026-03-18T10:46:20.010000,68,,,
participant_25,4,day,Town10HD_Opt,2026-03-18 10:46:21.255341,22.081689834594727,-67.24066162109375,0.0020502852275967,37.336,0.371,0.415,0.0,0,0,1,,1.0,2026-03-18T10:46:21.255341,happy,0.662,2026-03-18T10:46:21.255341,0.7845556702427223,2026-03-18T10:46:21.046000,68,,,
participant_25,4,day,Town10HD_Opt,2026-03-18 10:46:22.199657,15.566974639892578,-67.36457824707031,0.002052154392004,37.051,0.139,0.164,0.0,0,0,1,,1.0,2026-03-18T10:46:22.199657,happy,0.662,2026-03-18T10:46:21.255341,0.8242528674280456,2026-03-18T10:46:22.036000,68,,,
participant_25,4,day,Town10HD_Opt,2026-03-18 10:46:23.148084,9.558760643005373,-67.50697326660156,0.0022887038066983,30.541,0.268,0.0,0.0,0,0,1,,1.0,2026-03-18T10:46:23.148084,happy,0.662,2026-03-18T10:46:21.255341,0.8435586769298359,2026-03-18T10:46:23.026000,65,,,
participant_25,4,day,Town10HD_Opt,2026-03-18 10:46:24.143812,4.878981113433838,-67.64718627929688,0.0022704696748405,22.573,0.052,0.0,0.0,0,0,1,,1.0,2026-03-18T10:46:24.143812,happy,0.997,2026-03-18T10:46:24.143812,0.7676088545122591,2026-03-18T10:46:24.016000,64,,,
participant_25,4,day,Town10HD_Opt,2026-03-18 10:46:25.203035,1.3478810787200928,-67.75773620605469,0.0019998168572783,17.398,0.052,0.0,0.0,0,0,1,,0.839,2026-03-18T10:46:25.203035,happy,0.997,2026-03-18T10:46:24.143812,0.804280878910521,2026-03-18T10:46:25.053000,65,,,
participant_25,4,day,Town10HD_Opt,2026-03-18 10:46:26.132406,-1.3693139553070068,-67.84608459472656,0.0020433806348592,13.599,-0.002,0.0,0.0,0,0,1,,1.0,2026-03-18T10:46:26.132406,happy,0.997,2026-03-18T10:46:24.143812,0.8463821792634904,2026-03-18T10:46:26.041000,65,,,
participant_25,4,day,Town10HD_Opt,2026-03-18 10:46:27.065832,-3.4603590965271,-67.91277313232422,0.0020116043742746,10.411,-0.087,0.0,0.0,0,0,1,,0.913,2026-03-18T10:46:27.065832,fear,0.504,2026-03-18T10:46:27.065832,0.9297032470928358,2026-03-18T10:46:27.032000,66,,,
participant_25,4,day,Town10HD_Opt,2026-03-18 10:46:28.235322,-5.519924640655518,-67.97600555419922,0.0019909667316824,7.189,-0.089,0.019,0.0,0,0,1,,1.0,2026-03-18T10:46:28.235322,fear,0.504,2026-03-18T10:46:27.065832,0.798613893248657,2026-03-18T10:46:28.021000,65,,,
participant_25,4,day,Town10HD_Opt,2026-03-18 10:46:29.142748,-6.638125419616699,-68.00936126708984,0.0019710920751094,5.525,-0.139,0.036,0.0,0,0,1,,0.811,2026-03-18T10:46:29.142748,happy,0.961,2026-03-18T10:46:29.142748,0.7535511895015322,2026-03-18T10:46:29.011000,66,,,
participant_25,4,day,Town10HD_Opt,2026-03-18 10:46:30.070921,-7.494688510894775,-68.03385925292969,0.001962661743164,4.167,-0.258,0.036,0.0,0,0,1,,1.0,2026-03-18T10:46:30.070921,happy,0.961,2026-03-18T10:46:29.142748,0.775372215119922,2026-03-18T10:46:30.046000,66,,,
participant_25,4,day,Town10HD_Opt,2026-03-18 10:46:31.048698,-8.140527725219727,-68.05061340332031,0.001948699937202,3.191,-0.533,0.036,0.0,0,0,1,,0.862,2026-03-18T10:46:31.048698,happy,0.961,2026-03-18T10:46:29.142748,0.8647335737981895,2026-03-18T10:46:31.037000,67,,,
participant_25,4,day,Town10HD_Opt,2026-03-18 10:46:32.270267,-8.766295433044434,-68.06407928466797,0.0019414138514548,2.151,-0.712,0.089,0.0,0,0,1,,0.871,2026-03-18T10:46:32.270267,happy,0.596,2026-03-18T10:46:32.270267,0.8214442996261815,2026-03-18T10:46:32.026000,66,,,
participant_25,4,day,Town10HD_Opt,2026-03-18 10:46:33.237434,-9.171914100646973,-68.07168579101562,0.0019037628080695,2.511,-0.712,0.12,0.0,0,0,1,,0.837,2026-03-18T10:46:33.237434,happy,0.596,2026-03-18T10:46:32.270267,0.8124793867443453,2026-03-18T10:46:33.017000,64,,,
participant_25,4,day,Town10HD_Opt,2026-03-18 10:46:34.157430,-9.676761627197266,-68.08058166503906,0.0019064712105318,3.011,-0.712,0.119,0.0,0,0,1,,1.0,2026-03-18T10:46:34.157430,happy,0.596,2026-03-18T10:46:32.270267,0.8809737525536373,2026-03-18T10:46:34.052000,65,,,
participant_25,4,day,Town10HD_Opt,2026-03-18 10:46:35.096012,-10.258275985717772,-68.08938598632812,0.001907997066155,3.415,-0.712,0.113,0.0,0,0,1,,0.899,2026-03-18T10:46:35.096012,happy,0.9,2026-03-18T10:46:35.096012,0.7907718640465816,2026-03-18T10:46:35.042000,68,,,
participant_25,4,day,Town10HD_Opt,2026-03-18 10:46:36.031410,-10.900726318359377,-68.09757995605469,0.0019109344575554,3.701,-0.705,0.113,0.0,0,0,1,,1.0,2026-03-18T10:46:36.031410,happy,0.9,2026-03-18T10:46:35.096012,0.8377414300228441,2026-03-18T10:46:36.031000,65,,,
participant_25,4,day,Town10HD_Opt,2026-03-18 10:46:37.204225,-11.834457397460938,-68.10665130615234,0.0019126128172501,4.059,-0.698,0.04,0.0,0,0,1,,0.865,2026-03-18T10:46:37.204225,happy,0.835,2026-03-18T10:46:37.204225,0.7871526662149706,2026-03-18T10:46:37.021000,67,,,
participant_25,4,day,Town10HD_Opt,2026-03-18 10:46:38.101069,-12.542856216430664,-68.1111831665039,0.0019454192370176,3.608,-0.667,0.0,0.0,0,0,1,,0.865,2026-03-18T10:46:38.101069,happy,0.835,2026-03-18T10:46:37.204225,0.7961799071257664,2026-03-18T10:46:38.056000,68,,,
participant_25,4,day,Town10HD_Opt,2026-03-18 10:46:39.279521,-13.262110710144045,-68.11373138427734,0.0019435118883848,2.536,-0.66,0.0,0.0,0,0,1,,0.813,2026-03-18T10:46:39.279521,happy,0.947,2026-03-18T10:46:39.279521,0.8078441346764751,2026-03-18T10:46:39.046000,68,,,
participant_25,4,day,Town10HD_Opt,2026-03-18 10:46:40.216958,-13.675655364990234,-68.11425018310547,0.0018442535074427,3.41,-0.656,0.758,0.0,0,0,1,,0.853,2026-03-18T10:46:40.216958,happy,0.947,2026-03-18T10:46:39.279521,0.7630666376881148,2026-03-18T10:46:40.036000,68,,,
participant_25,4,day,Town10HD_Opt,2026-03-18 10:46:41.078268,-15.409768104553224,-68.11275482177734,0.0014266967773437,18.206,-0.573,0.989,0.0,0,0,1,,0.81,2026-03-18T10:46:41.078268,happy,0.947,2026-03-18T10:46:39.279521,0.7620337853781114,2026-03-18T10:46:41.026000,67,,,
participant_25,4,day,Town10HD_Opt,2026-03-18 10:46:42.029914,-19.122377395629883,-68.08562469482422,0.0020243453327566,21.45,-0.063,0.0,0.0,0,0,1,,0.921,2026-03-18T10:46:42.029914,happy,0.795,2026-03-18T10:46:42.029914,0.8017503685791877,2026-03-18T10:46:42.017000,66,,,
participant_25,4,day,Town10HD_Opt,2026-03-18 10:46:43.270481,-23.592227935791016,-68.04346466064453,0.0020182800944894,19.303,-0.054,0.648,0.0,0,0,1,,1.0,2026-03-18T10:46:43.270481,happy,0.795,2026-03-18T10:46:42.029914,0.7925033709897977,2026-03-18T10:46:43.051000,65,,,
participant_25,4,day,Town10HD_Opt,2026-03-18 10:46:44.211279,-27.69758033752441,-68.01014709472656,0.0016342544695362,30.371,0.263,0.823,0.0,0,0,1,,1.0,2026-03-18T10:46:44.211279,happy,0.998,2026-03-18T10:46:44.211279,0.8487348817034363,2026-03-18T10:46:44.041000,65,,,
participant_25,4,day,Town10HD_Opt,2026-03-18 10:46:45.222206,-33.8756103515625,-67.99497985839844,0.0017481230897828,40.138,0.115,0.699,0.0,0,0,1,,1.0,2026-03-18T10:46:45.222206,happy,0.998,2026-03-18T10:46:44.211279,0.7644166114151908,2026-03-18T10:46:45.031000,65,,,
participant_25,4,day,Town10HD_Opt,2026-03-18 10:46:46.056375,-38.757774353027344,-67.99835205078125,0.0018659209599718,43.35,-0.204,0.33,0.0,0,0,1,,1.0,2026-03-18T10:46:46.056375,happy,0.998,2026-03-18T10:46:44.211279,0.8441654268314907,2026-03-18T10:46:46.021000,64,,,
participant_25,4,day,Town10HD_Opt,2026-03-18 10:46:47.054685,-46.14186477661133,-67.9469223022461,0.0024137496948242,40.351,-0.465,0.3,0.0,0,0,1,,1.0,2026-03-18T10:46:47.054685,happy,0.892,2026-03-18T10:46:47.054685,0.8151869566508122,2026-03-18T10:46:47.057000,67,,,
participant_25,4,day,Town10HD_Opt,2026-03-18 10:46:48.078316,-52.9462890625,-67.78623962402344,0.0020822905935347,37.759,-1.295,0.643,0.0,0,0,1,,1.0,2026-03-18T10:46:48.078316,happy,0.892,2026-03-18T10:46:47.054685,0.7930967661615553,2026-03-18T10:46:48.047000,65,,,
participant_25,4,day,Town10HD_Opt,2026-03-18 10:46:49.030567,-60.06450653076172,-67.3161849975586,0.001769027672708,44.954,-1.723,0.807,0.0,0,0,1,,1.0,2026-03-18T10:46:49.030567,happy,0.892,2026-03-18T10:46:47.054685,0.8212847507007821,2026-03-18T10:46:49.036000,66,,,
participant_25,4,day,Town10HD_Opt,2026-03-18 10:46:50.316057,-71.42486572265625,-65.839111328125,0.0021721648517996,48.41,-2.546,0.716,0.0,0,0,1,,1.0,2026-03-18T10:46:50.316057,neutral,0.48,2026-03-18T10:46:50.316057,0.8184296994409439,2026-03-18T10:46:50.116000,66,,,
participant_25,4,day,Town10HD_Opt,2026-03-18 10:46:51.249211,-79.88988494873047,-63.8813591003418,0.0021277999039739,48.759,-3.891,0.693,0.0,0,0,1,,1.0,2026-03-18T10:46:51.249211,neutral,0.48,2026-03-18T10:46:50.316057,0.7592945400545812,2026-03-18T10:46:51.061000,67,,,
participant_25,4,day,Town10HD_Opt,2026-03-18 10:46:52.196210,-87.94281005859375,-60.6234245300293,0.0020615386310964,49.433,-5.233,0.691,0.0,0,0,1,,1.0,2026-03-18T10:46:52.196210,neutral,0.48,2026-03-18T10:46:50.316057,0.7677139300212229,2026-03-18T10:46:52.051000,68,,,
participant_25,4,day,Town10HD_Opt,2026-03-18 10:46:53.138445,-95.17510223388672,-55.741336822509766,0.0020763778593391,49.291,-6.518,0.691,0.0,0,0,1,,1.0,2026-03-18T10:46:53.138445,neutral,0.593,2026-03-18T10:46:53.138445,0.7298009160112386,2026-03-18T10:46:53.041000,70,,,
participant_25,4,day,Town10HD_Opt,2026-03-18 10:46:54.092462,-100.9117202758789,-49.2685775756836,0.0019522857619449,50.874,-4.681,0.0,0.0,0,0,1,,1.0,2026-03-18T10:46:54.092462,neutral,0.593,2026-03-18T10:46:53.138445,0.7316530653538613,2026-03-18T10:46:54.031000,70,,,
participant_25,4,day,Town10HD_Opt,2026-03-18 10:46:55.055135,-105.33063507080078,-41.80608749389648,0.0019440460018813,50.962,-4.011,0.0,0.0,0,0,1,,0.852,2026-03-18T10:46:55.055135,neutral,0.593,2026-03-18T10:46:53.138445,0.746315398197239,2026-03-18T10:46:55.022000,69,,,
participant_25,4,day,Town10HD_Opt,2026-03-18 10:46:56.068439,-108.52407836914062,-33.7828483581543,0.0020586394239217,48.25,-4.282,0.0,0.0,0,0,1,,1.0,2026-03-18T10:46:56.068439,happy,0.844,2026-03-18T10:46:56.068439,0.6282838828420845,2026-03-18T10:46:56.056000,69,,,
participant_25,4,day,Town10HD_Opt,2026-03-18 10:46:57.306495,-110.36384582519533,-24.01170539855957,0.0022419355809688,38.216,-3.587,0.707,0.0,0,0,1,,1.0,2026-03-18T10:46:57.306495,happy,0.844,2026-03-18T10:46:56.068439,0.613010806575779,2026-03-18T10:46:57.048000,67,,,
participant_25,4,day,Town10HD_Opt,2026-03-18 10:46:58.272887,-110.5751953125,-17.4124813079834,0.0022779083810746,33.948,-1.431,0.0,0.321,0,0,1,,0.808,2026-03-18T10:46:58.272887,happy,0.893,2026-03-18T10:46:58.272887,0.6114291666231776,2026-03-18T10:46:58.037000,68,,,
participant_25,4,day,Town10HD_Opt,2026-03-18 10:46:59.233186,-110.47809600830078,-12.282804489135742,0.0023568724282085,24.037,-1.102,0.0,0.365,0,0,1,,1.0,2026-03-18T10:46:59.233186,happy,0.893,2026-03-18T10:46:58.272887,0.6295143519993471,2026-03-18T10:46:59.071000,67,,,
participant_25,4,day,Town10HD_Opt,2026-03-18 10:47:00.228427,-110.3434066772461,-8.761348724365234,0.002061576815322,15.828,0.456,0.0,0.398,0,0,1,,1.0,2026-03-18T10:47:00.228427,happy,0.893,2026-03-18T10:46:58.272887,0.5189988737322099,2026-03-18T10:47:00.016000,67,,,
participant_25,4,day,Town10HD_Opt,2026-03-18 10:47:01.170972,-110.27474975585938,-6.52786922454834,0.002130584558472,9.153,0.822,0.0,0.518,0,0,1,,1.0,2026-03-18T10:47:01.170972,happy,0.987,2026-03-18T10:47:01.170972,0.5615169415993256,2026-03-18T10:47:01.051000,69,,,
participant_25,4,day,Town10HD_Opt,2026-03-18 10:47:02.203679,-110.25505828857422,-5.660825252532959,0.0022549056448042,0.001,0.813,0.0,0.438,0,0,1,,1.0,2026-03-18T10:47:02.203679,happy,0.987,2026-03-18T10:47:01.170972,0.4439452693066694,2026-03-18T10:47:02.042000,68,,,
participant_25,4,day,Town10HD_Opt,2026-03-18 10:47:03.234280,-110.25505828857422,-5.659788608551025,0.0019292831420898,0.002,0.55,0.0,0.0,0,0,1,,0.802,2026-03-18T10:47:03.234280,happy,0.997,2026-03-18T10:47:03.234280,0.5273741458849397,2026-03-18T10:47:03.032000,68,,,
participant_25,4,day,Town10HD_Opt,2026-03-18 10:47:04.143584,-110.25505828857422,-5.659661769866943,0.0019193267216905,0.006,0.498,0.0,0.0,0,0,1,,1.0,2026-03-18T10:47:04.143584,happy,0.997,2026-03-18T10:47:03.234280,0.5346878635670691,2026-03-18T10:47:04.111000,68,,,
participant_25,4,day,Town10HD_Opt,2026-03-18 10:47:05.077126,-110.25505828857422,-5.65972375869751,0.0019189071608707,0.007,0.496,0.0,0.0,0,0,1,,1.0,2026-03-18T10:47:05.077126,happy,0.997,2026-03-18T10:47:03.234280,0.4689036656850711,2026-03-18T10:47:05.056000,68,,,
participant_25,4,day,Town10HD_Opt,2026-03-18 10:47:06.021723,-110.25505828857422,-5.659590244293213,0.0019191360333934,0.002,0.47,0.0,0.0,0,0,1,,1.0,2026-03-18T10:47:06.021723,happy,0.988,2026-03-18T10:47:06.021723,0.4617162335559063,2026-03-18T10:47:06.047000,69,,,
participant_25,4,day,Town10HD_Opt,2026-03-18 10:47:07.206401,-110.25505828857422,-5.659509658813477,0.0019190596649423,0.002,0.451,0.0,0.0,0,0,1,,1.0,2026-03-18T10:47:07.206401,happy,0.988,2026-03-18T10:47:06.021723,0.4684592772689653,2026-03-18T10:47:07.036000,68,,,
participant_25,4,day,Town10HD_Opt,2026-03-18 10:47:08.090676,-110.25505828857422,-5.65930700302124,0.0019192504696547,0.001,0.439,0.0,0.0,0,0,1,,0.857,2026-03-18T10:47:08.090676,happy,1.0,2026-03-18T10:47:08.090676,0.5096995817819764,2026-03-18T10:47:08.026000,69,,,
participant_25,4,day,Town10HD_Opt,2026-03-18 10:47:08.999058,-110.25505828857422,-5.659255027770996,0.0019189452286809,0.006,0.418,0.0,0.0,0,0,1,,1.0,2026-03-18T10:47:08.999058,happy,1.0,2026-03-18T10:47:08.090676,0.4224728682684038,2026-03-18T10:47:09.017000,70,,,
participant_25,4,day,Town10HD_Opt,2026-03-18 10:47:10.252141,-110.25505828857422,-5.659154415130615,0.0019189834129065,0.006,0.414,0.0,0.0,0,0,1,,1.0,2026-03-18T10:47:10.252141,happy,1.0,2026-03-18T10:47:10.252141,0.5337910082101305,2026-03-18T10:47:10.097000,70,,,
participant_25,4,day,Town10HD_Opt,2026-03-18 10:47:11.147303,-110.25505828857422,-5.659208297729492,0.0019187545403838,0.006,0.414,0.0,0.0,0,0,1,,1.0,2026-03-18T10:47:11.147303,happy,1.0,2026-03-18T10:47:10.252141,0.4617044728662055,2026-03-18T10:47:11.042000,70,,,
participant_25,4,day,Town10HD_Opt,2026-03-18 10:47:12.077118,-110.25505828857422,-5.659183025360107,0.0019190596649423,0.002,0.414,0.0,0.0,0,0,1,,1.0,2026-03-18T10:47:12.077118,happy,1.0,2026-03-18T10:47:10.252141,0.5680975581044484,2026-03-18T10:47:12.031000,70,,,
participant_25,4,day,Town10HD_Opt,2026-03-18 10:47:13.226230,-110.25505828857422,-5.6591010093688965,0.0019190596649423,0.002,0.416,0.0,0.0,0,0,1,,1.0,2026-03-18T10:47:13.226230,happy,0.959,2026-03-18T10:47:13.226230,0.4724648761538594,2026-03-18T10:47:13.021000,68,,,
participant_25,4,day,Town10HD_Opt,2026-03-18 10:47:14.183013,-110.25505828857422,-5.658924579620361,0.0019192122854292,0.001,0.432,0.0,0.0,0,0,1,,0.847,2026-03-18T10:47:14.183013,happy,0.959,2026-03-18T10:47:13.226230,0.444559275380356,2026-03-18T10:47:14.056000,68,,,
participant_25,4,day,Town10HD_Opt,2026-03-18 10:47:15.137973,-110.25505828857422,-5.658753395080566,0.0019189834129065,0.006,0.442,0.0,0.0,0,0,1,,1.0,2026-03-18T10:47:15.137973,happy,0.959,2026-03-18T10:47:13.226230,0.4785219742314089,2026-03-18T10:47:15.046000,67,,,
participant_25,4,day,Town10HD_Opt,2026-03-18 10:47:16.076671,-110.25505828857422,-5.6588006019592285,0.0019188689766451,0.006,0.451,0.0,0.0,0,0,1,,1.0,2026-03-18T10:47:16.076671,happy,0.999,2026-03-18T10:47:16.076671,0.4743386482261246,2026-03-18T10:47:16.036000,67,,,
participant_25,4,day,Town10HD_Opt,2026-03-18 10:47:17.062452,-110.25505828857422,-5.658851146697998,0.001919021597132,0.007,0.461,0.0,0.0,0,0,1,,1.0,2026-03-18T10:47:17.062452,happy,0.999,2026-03-18T10:47:16.076671,0.4400520674576305,2026-03-18T10:47:17.026000,67,,,
participant_25,4,day,Town10HD_Opt,2026-03-18 10:47:18.249215,-110.25505828857422,-5.658766746520996,0.001919021597132,0.006,0.465,0.0,0.0,0,0,1,,1.0,2026-03-18T10:47:18.249215,happy,0.999,2026-03-18T10:47:18.249215,0.3716659192037307,2026-03-18T10:47:18.062000,66,,,
participant_25,4,day,Town10HD_Opt,2026-03-18 10:47:19.139776,-110.25505828857422,-5.658608436584473,0.0019191360333934,0.002,0.493,0.0,0.0,0,0,1,,1.0,2026-03-18T10:47:19.139776,happy,0.999,2026-03-18T10:47:18.249215,0.4151954044426121,2026-03-18T10:47:19.051000,67,,,
participant_25,4,day,Town10HD_Opt,2026-03-18 10:47:20.070283,-110.25505828857422,-5.658393859863281,0.0019192504696547,0.001,0.512,0.0,0.0,0,0,1,,1.0,2026-03-18T10:47:20.070283,happy,0.999,2026-03-18T10:47:18.249215,0.4859046605725284,2026-03-18T10:47:20.042000,69,,,
participant_25,4,day,Town10HD_Opt,2026-03-18 10:47:21.217825,-110.25505828857422,-5.65831995010376,0.0019192122854292,0.001,0.545,0.0,0.0,0,0,1,,1.0,2026-03-18T10:47:21.217825,happy,1.0,2026-03-18T10:47:21.217825,0.5069586851500132,2026-03-18T10:47:21.031000,68,,,
participant_25,4,day,Town10HD_Opt,2026-03-18 10:47:22.118274,-110.2476806640625,-5.312868595123291,0.0015231703873723,8.652,0.634,1.0,0.0,0,0,1,,0.823,2026-03-18T10:47:22.118274,happy,1.0,2026-03-18T10:47:21.217825,0.515423360231857,2026-03-18T10:47:22.021000,68,,,
participant_25,4,day,Town10HD_Opt,2026-03-18 10:47:23.040072,-110.20185089111328,-2.5754361152648926,0.0017347335815429,22.65,0.63,0.928,0.0,0,0,1,,0.826,2026-03-18T10:47:23.040072,happy,1.0,2026-03-18T10:47:21.217825,0.3958221756680632,2026-03-18T10:47:23.012000,67,,,
participant_25,4,day,Town10HD_Opt,2026-03-18 10:47:24.039206,-110.17318725585938,2.386988401412964,0.0017052459297701,34.823,-0.268,0.621,0.0,0,0,1,,1.0,2026-03-18T10:47:24.039206,happy,0.934,2026-03-18T10:47:24.039206,0.4278454952287092,2026-03-18T10:47:24.047000,69,,,
participant_25,4,day,Town10HD_Opt,2026-03-18 10:47:25.046642,-109.99954986572266,8.7738618850708,0.0020034408662468,38.222,-8.039,0.365,0.0,0,0,1,,1.0,2026-03-18T10:47:25.046642,happy,0.934,2026-03-18T10:47:24.039206,0.3750489094666957,2026-03-18T10:47:25.036000,68,,,
participant_25,4,day,Town10HD_Opt,2026-03-18 10:47:26.021240,-108.4818344116211,15.091191291809082,0.0020991514902561,35.868,-10.072,0.019,0.0,0,0,1,,1.0,2026-03-18T10:47:26.021240,happy,0.934,2026-03-18T10:47:24.039206,0.3802911689744533,2026-03-18T10:47:26.026000,69,,,
participant_25,4,day,Town10HD_Opt,2026-03-18 10:47:27.012850,-105.63996887207033,19.89335823059082,0.0023130034096539,27.671,-10.855,0.0,0.0,0,0,1,,1.0,2026-03-18T10:47:27.012850,happy,0.999,2026-03-18T10:47:27.012850,0.391509162745605,2026-03-18T10:47:27.017000,71,,,
participant_25,4,day,Town10HD_Opt,2026-03-18 10:47:28.045542,-102.50980377197266,22.74814414978028,0.0022880553733557,20.673,-16.443,0.0,0.0,0,0,1,,1.0,2026-03-18T10:47:28.045542,happy,0.999,2026-03-18T10:47:27.012850,0.3823355400738177,2026-03-18T10:47:28.051000,70,,,
participant_25,4,day,Town10HD_Opt,2026-03-18 10:47:29.102325,-99.22981262207033,24.265024185180664,0.0017814254388213,25.349,-9.631,0.825,0.0,0,0,1,,1.0,2026-03-18T10:47:29.102325,neutral,0.77,2026-03-18T10:47:29.102325,0.3603846271144466,2026-03-18T10:47:29.042000,71,,,
participant_25,4,day,Town10HD_Opt,2026-03-18 10:47:30.169632,-94.43848419189452,25.707902908325195,0.0020019530784338,29.266,2.193,0.091,0.0,0,0,1,,1.0,2026-03-18T10:47:30.169632,neutral,0.77,2026-03-18T10:47:29.102325,0.3532017918077255,2026-03-18T10:47:30.032000,71,,,
participant_25,4,day,Town10HD_Opt,2026-03-18 10:47:31.163300,-90.01374816894531,27.19394302368164,0.0022476576268672,23.168,-2.546,0.0,0.0,0,0,1,,1.0,2026-03-18T10:47:31.163300,sad,0.561,2026-03-18T10:47:31.163300,0.3440684224891754,2026-03-18T10:47:31.022000,71,,,
participant_25,4,day,Town10HD_Opt,2026-03-18 10:47:32.250383,-86.59187316894531,28.17535781860352,0.0020419692154973,17.705,-6.388,0.109,0.0,0,0,1,,1.0,2026-03-18T10:47:32.250383,sad,0.561,2026-03-18T10:47:31.163300,0.3731701820838909,2026-03-18T10:47:32.011000,73,,,errors=Solid line crossing
participant_25,4,day,Town10HD_Opt,2026-03-18 10:47:33.269475,-83.72942352294922,28.57976531982422,0.0020018385257571,15.112,-10.348,0.101,0.0,0,0,1,,0.801,2026-03-18T10:47:33.269475,happy,0.784,2026-03-18T10:47:33.269475,0.2884106364500149,2026-03-18T10:47:33.046000,78,,,
participant_25,4,day,Town10HD_Opt,2026-03-18 10:47:34.022062,-82.04656982421875,28.612079620361328,0.0020237730350345,13.38,-7.33,0.0,0.0,0,0,1,,1.0,2026-03-18T10:47:34.022062,happy,0.784,2026-03-18T10:47:33.269475,0.301393824590537,2026-03-18T10:47:34.036000,78,,,
participant_25,4,day,Town10HD_Opt,2026-03-18 10:47:35.014538,-79.99024963378906,28.583620071411133,0.0020151138305664,10.145,-1.234,0.0,0.0,0,0,1,,1.0,2026-03-18T10:47:35.014538,happy,0.784,2026-03-18T10:47:33.269475,0.3026820911192235,2026-03-18T10:47:35.071000,78,,,
participant_25,4,day,Town10HD_Opt,2026-03-18 10:47:36.041403,-78.42372131347656,28.564098358154297,0.0020212554372847,7.248,-0.67,0.0,0.151,0,0,1,,0.86,2026-03-18T10:47:36.041403,happy,0.998,2026-03-18T10:47:36.041403,0.3363281972198609,2026-03-18T10:47:36.016000,77,,,
participant_25,4,day,Town10HD_Opt,2026-03-18 10:47:37.069625,-77.6882553100586,28.552595138549805,0.0022083662915974,0.001,-0.585,0.0,0.148,0,0,1,,1.0,2026-03-18T10:47:37.069625,happy,0.998,2026-03-18T10:47:36.041403,0.3518441270105141,2026-03-18T10:47:37.052000,76,,,
participant_25,4,day,Town10HD_Opt,2026-03-18 10:47:38.275054,-77.6839599609375,28.55251884460449,0.0019215773791074,0.028,-0.498,0.0,0.0,0,0,1,,1.0,2026-03-18T10:47:38.275054,happy,0.999,2026-03-18T10:47:38.275054,0.291463247278503,2026-03-18T10:47:38.041000,75,Solid line crossing,Solid line crossing,
participant_25,4,day,Town10HD_Opt,2026-03-18 10:47:39.225180,-77.68132781982422,28.55246353149414,0.0019190978491678,0.005,-0.423,0.0,0.0,0,0,1,,1.0,2026-03-18T10:47:39.225180,happy,0.999,2026-03-18T10:47:38.275054,0.2385441586485943,2026-03-18T10:47:39.076000,77,,,
participant_25,4,day,Town10HD_Opt,2026-03-18 10:47:40.151321,-77.68095397949219,28.55246353149414,0.0019191741012036,0.001,-0.421,0.0,0.0,0,0,1,,1.0,2026-03-18T10:47:40.151321,happy,0.999,2026-03-18T10:47:38.275054,0.3904877394225169,2026-03-18T10:47:40.067000,78,,,
participant_25,4,day,Town10HD_Opt,2026-03-18 10:47:41.062453,-77.68093872070312,28.552465438842773,0.0019189071608707,0.006,-0.421,0.0,0.0,0,0,1,,1.0,2026-03-18T10:47:41.062453,happy,1.0,2026-03-18T10:47:41.062453,0.3243632638711187,2026-03-18T10:47:41.057000,78,,,
participant_25,4,day,Town10HD_Opt,2026-03-18 10:47:42.048553,-77.68098449707031,28.552465438842773,0.0019187163561582,0.006,-0.416,0.0,0.0,0,0,1,,1.0,2026-03-18T10:47:42.048553,happy,1.0,2026-03-18T10:47:41.062453,0.3416865512231343,2026-03-18T10:47:42.047000,81,,,
participant_25,4,day,Town10HD_Opt,2026-03-18 10:47:43.268468,-77.68085479736328,28.552465438842773,0.0019187163561582,0.006,-0.407,0.0,0.0,0,0,1,,1.0,2026-03-18T10:47:43.268468,happy,1.0,2026-03-18T10:47:43.268468,0.2670585313206645,2026-03-18T10:47:43.037000,80,,,
participant_25,4,day,Town10HD_Opt,2026-03-18 10:47:44.214346,-77.64982604980469,28.55195999145508,0.0018030548235401,2.531,-0.36,1.0,0.0,0,0,1,,1.0,2026-03-18T10:47:44.214346,happy,1.0,2026-03-18T10:47:43.268468,0.2761488877893871,2026-03-18T10:47:44.026000,77,,,
participant_25,4,day,Town10HD_Opt,2026-03-18 10:47:45.152813,-75.92638397216797,28.525047302246094,0.0013972473097965,18.688,-0.338,1.0,0.0,0,0,1,,1.0,2026-03-18T10:47:45.152813,happy,1.0,2026-03-18T10:47:43.268468,0.2851161821602399,2026-03-18T10:47:45.017000,80,,,
participant_25,4,day,Town10HD_Opt,2026-03-18 10:47:46.111373,-71.83649444580078,28.452470779418945,0.0019094466697424,25.522,-0.031,0.0,0.0,0,0,1,,1.0,2026-03-18T10:47:46.111373,happy,0.998,2026-03-18T10:47:46.111373,0.2605967356398873,2026-03-18T10:47:46.052000,80,,,
participant_25,4,day,Town10HD_Opt,2026-03-18 10:47:47.068719,-67.8333740234375,28.391830444335938,0.0022339629940688,19.5,0.578,0.0,0.0,0,0,1,,1.0,2026-03-18T10:47:47.068719,happy,0.998,2026-03-18T10:47:46.111373,0.2377383105841757,2026-03-18T10:47:47.042000,79,,,
participant_25,4,day,Town10HD_Opt,2026-03-18 10:47:48.057057,-64.36671447753906,28.378087997436523,0.001716194092296,25.316,0.536,1.0,0.0,0,0,1,,1.0,2026-03-18T10:47:48.057057,happy,0.998,2026-03-18T10:47:46.111373,0.2465919328200902,2026-03-18T10:47:48.031000,78,,,
participant_25,4,day,Town10HD_Opt,2026-03-18 10:47:49.294128,-56.07975006103516,28.43613052368164,0.0015779495006427,45.852,0.031,0.87,0.0,0,0,1,,1.0,2026-03-18T10:47:49.294128,neutral,0.962,2026-03-18T10:47:49.294128,0.2129669417740887,2026-03-18T10:47:49.022000,78,,,
participant_25,4,day,Town10HD_Opt,2026-03-18 10:47:50.303300,-47.4346923828125,28.52157974243164,0.0021005249582231,48.651,0.063,0.729,0.0,0,0,1,,1.0,2026-03-18T10:47:50.303300,neutral,0.962,2026-03-18T10:47:49.294128,0.2363721994688186,2026-03-18T10:47:50.057000,77,,,
participant_25,4,day,Town10HD_Opt,2026-03-18 10:47:51.249530,-38.756195068359375,28.615123748779297,0.0020004652906209,50.368,-0.454,0.688,0.0,0,0,1,,1.0,2026-03-18T10:47:51.249530,neutral,0.962,2026-03-18T10:47:49.294128,0.1911208881542704,2026-03-18T10:47:51.047000,76,,,
participant_25,4,day,Town10HD_Opt,2026-03-18 10:47:52.164936,-30.042394638061523,28.61174201965332,0.0019581986125558,50.62,-0.16,0.0,0.0,0,0,1,,1.0,2026-03-18T10:47:52.164936,neutral,0.684,2026-03-18T10:47:52.164936,0.2423338816314106,2026-03-18T10:47:52.037000,75,,,
participant_25,4,day,Town10HD_Opt,2026-03-18 10:47:53.096364,-21.38358688354492,28.52103614807129,0.0019607162103056,50.915,0.056,0.0,0.0,0,0,1,,1.0,2026-03-18T10:47:53.096364,neutral,0.684,2026-03-18T10:47:52.164936,0.2676708190872126,2026-03-18T10:47:53.117000,73,,,
participant_25,4,day,Town10HD_Opt,2026-03-18 10:47:54.130620,-12.70753002166748,28.416410446166992,0.0020231627859175,49.65,0.139,0.651,0.0,0,0,1,,1.0,2026-03-18T10:47:54.130620,neutral,0.684,2026-03-18T10:47:52.164936,0.2855769668732489,2026-03-18T10:47:54.017000,73,,,
participant_25,4,day,Town10HD_Opt,2026-03-18 10:47:55.070489,-4.049013614654541,28.351470947265625,0.0022227859590202,45.735,0.115,0.0,0.0,0,0,1,,1.0,2026-03-18T10:47:55.070489,happy,1.0,2026-03-18T10:47:55.070489,0.2812290889729455,2026-03-18T10:47:55.053000,71,,,
participant_25,4,day,Town10HD_Opt,2026-03-18 10:47:56.278268,5.259697914123535,28.32590675354004,0.0023472975008189,33.049,0.115,0.007,0.0,0,0,1,,1.0,2026-03-18T10:47:56.278268,happy,1.0,2026-03-18T10:47:55.070489,0.289253804282587,2026-03-18T10:47:56.042000,73,,,
participant_25,4,day,Town10HD_Opt,2026-03-18 10:47:57.212630,10.499591827392578,28.329530715942383,0.0022063446231186,27.243,0.002,0.242,0.0,0,0,1,,1.0,2026-03-18T10:47:57.212630,neutral,0.833,2026-03-18T10:47:57.212630,0.3245255497614721,2026-03-18T10:47:57.031000,74,,,
participant_25,4,day,Town10HD_Opt,2026-03-18 10:47:58.125744,15.071839332580566,28.3333740234375,0.0021064376924186,25.184,0.002,0.312,0.0,0,0,1,,1.0,2026-03-18T10:47:58.125744,neutral,0.833,2026-03-18T10:47:57.212630,0.3389555159592621,2026-03-18T10:47:58.067000,74,,,
participant_25,4,day,Town10HD_Opt,2026-03-18 10:47:59.038916,19.405426025390625,28.33742332458496,0.0020591735374182,24.515,0.012,0.337,0.0,0,0,1,,1.0,2026-03-18T10:47:59.038916,neutral,0.833,2026-03-18T10:47:57.212630,0.3526812306937928,2026-03-18T10:47:59.062000,72,,,
participant_25,4,day,Town10HD_Opt,2026-03-18 10:48:00.307180,25.07710838317871,28.363746643066406,0.0020569609478116,24.022,2.4,0.324,0.0,0,0,1,,1.0,2026-03-18T10:48:00.307180,happy,0.999,2026-03-18T10:48:00.307180,0.3486079103185954,2026-03-18T10:48:00.047000,71,,,
participant_25,4,day,Town10HD_Opt,2026-03-18 10:48:01.257318,29.21855926513672,28.71169662475586,0.002068939153105,23.452,9.648,0.326,0.0,0,0,1,,0.803,2026-03-18T10:48:01.257318,happy,0.999,2026-03-18T10:48:00.307180,0.3359357764388815,2026-03-18T10:48:01.036000,72,,,
participant_25,4,day,Town10HD_Opt,2026-03-18 10:48:02.209598,33.1055793762207,29.866559982299805,0.0020693968981504,23.048,12.541,0.332,0.0,0,0,1,,0.804,2026-03-18T10:48:02.209598,happy,0.999,2026-03-18T10:48:00.307180,0.3261213260618606,2026-03-18T10:48:02.026000,71,,,
participant_25,4,day,Town10HD_Opt,2026-03-18 10:48:03.135969,36.40828704833984,32.04777908325195,0.0020838165655732,22.554,17.631,0.333,0.0,0,0,1,,0.845,2026-03-18T10:48:03.135969,neutral,0.88,2026-03-18T10:48:03.135969,0.3883294005025887,2026-03-18T10:48:03.062000,71,,,
participant_25,4,day,Town10HD_Opt,2026-03-18 10:48:04.036055,38.741172790527344,35.166873931884766,0.00207897182554,22.251,16.548,0.329,0.0,0,0,1,,0.813,2026-03-18T10:48:04.036055,neutral,0.88,2026-03-18T10:48:03.135969,0.3913510861776993,2026-03-18T10:48:04.052000,72,,,
participant_25,4,day,Town10HD_Opt,2026-03-18 10:48:05.280855,40.10863876342773,40.07833099365234,0.0020737838931381,21.636,7.263,0.118,0.0,0,0,1,,1.0,2026-03-18T10:48:05.280855,sad,0.888,2026-03-18T10:48:05.280855,0.3307792289447092,2026-03-18T10:48:05.044000,69,,,
participant_25,4,day,Town10HD_Opt,2026-03-18 10:48:06.277904,40.40301513671875,43.57513427734375,0.0020360182970762,17.832,-0.148,0.0,0.0,0,0,1,,1.0,2026-03-18T10:48:06.277904,sad,0.888,2026-03-18T10:48:05.280855,0.3304598192255935,2026-03-18T10:48:06.032000,71,,,
participant_25,4,day,Town10HD_Opt,2026-03-18 10:48:07.226886,40.55585861206055,46.334720611572266,0.0020440672524273,13.838,3.184,0.0,0.0,0,0,1,,1.0,2026-03-18T10:48:07.226886,sad,0.888,2026-03-18T10:48:05.280855,0.3568091993049923,2026-03-18T10:48:07.067000,69,,,
participant_25,4,day,Town10HD_Opt,2026-03-18 10:48:08.178555,40.58976745605469,48.45891571044922,0.0020208740606904,10.383,1.622,0.0,0.091,0,0,1,,1.0,2026-03-18T10:48:08.178555,neutral,0.717,2026-03-18T10:48:08.178555,0.2721098642621837,2026-03-18T10:48:08.057000,69,,,
participant_25,4,day,Town10HD_Opt,2026-03-18 10:48:09.157607,40.6015510559082,50.01099395751953,0.0020169448107481,7.22,-0.042,0.0,0.083,0,0,1,,1.0,2026-03-18T10:48:09.157607,neutral,0.717,2026-03-18T10:48:08.178555,0.2496250421217243,2026-03-18T10:48:09.046000,68,,,
participant_25,4,day,Town10HD_Opt,2026-03-18 10:48:10.135455,40.61541748046875,51.08003616333008,0.001965370029211,5.274,-0.092,0.0,0.0,0,0,1,,0.869,2026-03-18T10:48:10.135455,neutral,0.717,2026-03-18T10:48:08.178555,0.254965187268675,2026-03-18T10:48:10.037000,68,,,
participant_25,4,day,Town10HD_Opt,2026-03-18 10:48:11.069395,40.62607955932617,51.90315628051758,0.0019576644990593,4.0,-0.019,0.0,0.0,0,0,1,,0.862,2026-03-18T10:48:11.069395,happy,0.999,2026-03-18T10:48:11.069395,0.376381382871779,2026-03-18T10:48:11.027000,68,,,
participant_25,4,day,Town10HD_Opt,2026-03-18 10:48:12.257136,40.628543853759766,52.09313201904297,0.0019337082048878,0.04,-0.016,0.4,0.0,0,0,1,,1.0,2026-03-18T10:48:12.257136,happy,0.999,2026-03-18T10:48:11.069395,0.2844326353757749,2026-03-18T10:48:12.062000,69,,,
participant_25,4,day,Town10HD_Opt,2026-03-18 10:48:13.174672,40.638301849365234,52.87788009643555,0.0014242553152143,13.685,0.035,0.933,0.0,0,0,1,,0.811,2026-03-18T10:48:13.174672,happy,1.0,2026-03-18T10:48:13.174672,0.2722979912519833,2026-03-18T10:48:13.052000,68,,,errors=Stop sign violation
participant_25,4,day,Town10HD_Opt,2026-03-18 10:48:14.167168,40.68270111083984,56.03926467895508,0.0018817901145666,21.394,-3.77,0.366,0.0,0,0,1,,1.0,2026-03-18T10:48:14.167168,happy,1.0,2026-03-18T10:48:13.174672,0.3398450826001636,2026-03-18T10:48:14.074000,69,,,
participant_25,4,day,Town10HD_Opt,2026-03-18 10:48:15.115049,41.10700225830078,59.888553619384766,0.0019431685796007,24.005,-10.0,0.682,0.0,0,0,1,,0.853,2026-03-18T10:48:15.115049,happy,1.0,2026-03-18T10:48:13.174672,0.3647836674718603,2026-03-18T10:48:15.032000,67,,,
participant_25,4,day,Town10HD_Opt,2026-03-18 10:48:16.119006,42.71418380737305,64.3010025024414,0.0018706511473283,30.241,-16.171,0.543,0.0,0,0,1,,0.874,2026-03-18T10:48:16.119006,neutral,0.575,2026-03-18T10:48:16.119006,0.2633622631334128,2026-03-18T10:48:16.067000,67,,,
participant_25,4,day,Town10HD_Opt,2026-03-18 10:48:17.131355,46.39882278442383,68.36617279052734,0.0019867706578224,33.206,-17.119,0.51,0.0,0,0,1,,0.823,2026-03-18T10:48:17.131355,neutral,0.575,2026-03-18T10:48:16.119006,0.24614499500648,2026-03-18T10:48:17.057000,68,,,
participant_25,4,day,Town10HD_Opt,2026-03-18 10:48:18.099011,51.77581405639648,70.50759887695312,0.0020980453118681,33.141,-15.933,0.38,0.0,0,0,1,,0.903,2026-03-18T10:48:18.099011,neutral,0.575,2026-03-18T10:48:16.119006,0.2991552428283499,2026-03-18T10:48:18.047000,68,,,
participant_25,4,day,Town10HD_Opt,2026-03-18 10:48:19.051390,57.485496520996094,70.42841339111328,0.0020841215737164,32.266,-0.825,0.34,0.0,0,0,1,,0.807,2026-03-18T10:48:19.051390,sad,0.735,2026-03-18T10:48:19.051390,0.2845966195265198,2026-03-18T10:48:19.081000,69,,,
participant_25,4,day,Town10HD_Opt,2026-03-18 10:48:20.301906,64.8251953125,69.98876190185547,0.002078361576423,30.705,0.162,0.344,0.0,0,0,1,,0.863,2026-03-18T10:48:20.301906,sad,0.735,2026-03-18T10:48:19.051390,0.3198810096766792,2026-03-18T10:48:20.027000,71,,,
participant_25,4,day,Town10HD_Opt,2026-03-18 10:48:21.272817,70.25753021240234,69.8571548461914,0.0018571852706372,34.945,1.495,0.863,0.0,0,0,1,,1.0,2026-03-18T10:48:21.272817,neutral,0.473,2026-03-18T10:48:21.272817,0.4088041430847774,2026-03-18T10:48:21.062000,71,,,
participant_25,4,day,Town10HD_Opt,2026-03-18 10:48:22.189120,77.1520767211914,69.94631958007812,0.0017130660125985,44.823,0.677,0.586,0.0,0,0,1,,1.0,2026-03-18T10:48:22.189120,neutral,0.473,2026-03-18T10:48:21.272817,0.336255247859142,2026-03-18T10:48:22.052000,71,,,
participant_25,4,day,Town10HD_Opt,2026-03-18 10:48:23.183887,84.94811248779297,70.23074340820312,0.0022476576268672,40.976,0.83,0.0,0.0,0,0,1,,0.817,2026-03-18T10:48:23.183887,neutral,0.473,2026-03-18T10:48:21.272817,0.2989453623049627,2026-03-18T10:48:23.042000,71,,,
participant_25,4,day,Town10HD_Opt,2026-03-18 10:48:24.221743,91.24929809570312,71.12034606933594,0.0023369980044662,32.032,16.93,0.566,0.0,0,0,1,,0.866,2026-03-18T10:48:24.221743,sad,0.929,2026-03-18T10:48:24.221743,0.2755050235038623,2026-03-18T10:48:24.031000,71,,,
participant_25,4,day,Town10HD_Opt,2026-03-18 10:48:25.251020,95.99159240722656,74.24794006347656,0.0020005034748464,34.422,19.057,0.489,0.0,0,0,1,,1.0,2026-03-18T10:48:25.251020,sad,0.929,2026-03-18T10:48:24.221743,0.3123604076188231,2026-03-18T10:48:25.069000,70,,,
participant_25,4,day,Town10HD_Opt,2026-03-18 10:48:26.286305,98.7684555053711,79.58116912841797,0.0020801925566047,34.843,10.329,0.415,0.0,0,0,1,,1.0,2026-03-18T10:48:26.286305,neutral,0.584,2026-03-18T10:48:26.286305,0.3296509979285918,2026-03-18T10:48:26.057000,68,,,
participant_25,4,day,Town10HD_Opt,2026-03-18 10:48:27.295270,99.53858947753906,85.62173461914062,0.0020534133072942,34.887,6.609,0.437,0.0,0,0,1,,1.0,2026-03-18T10:48:27.295270,neutral,0.584,2026-03-18T10:48:26.286305,0.2756743752942517,2026-03-18T10:48:27.047000,69,,,
participant_25,4,day,Town10HD_Opt,2026-03-18 10:48:28.275382,99.13885498046876,91.78114318847656,0.0020014953333884,36.07,2.506,0.475,0.0,0,0,1,,0.852,2026-03-18T10:48:28.275382,neutral,0.584,2026-03-18T10:48:26.286305,0.2939302344823548,2026-03-18T10:48:28.037000,69,,,
participant_25,4,day,Town10HD_Opt,2026-03-18 10:48:29.237265,98.09547424316406,98.11515045166016,0.0020034790504723,37.352,2.315,0.471,0.0,0,0,1,,1.0,2026-03-18T10:48:29.237265,happy,0.851,2026-03-18T10:48:29.237265,0.2579389983509523,2026-03-18T10:48:29.027000,70,,,
participant_25,4,day,Town10HD_Opt,2026-03-18 10:48:30.235362,96.5157470703125,104.54557037353516,0.0020110320765525,38.4,3.839,0.471,0.0,0,0,1,,1.0,2026-03-18T10:48:30.235362,happy,0.851,2026-03-18T10:48:29.237265,0.3645487101602792,2026-03-18T10:48:30.062000,68,,,
participant_25,4,day,Town10HD_Opt,2026-03-18 10:48:31.163710,94.11661529541016,110.8935317993164,0.002018546918407,39.263,5.066,0.472,0.0,0,0,1,,0.832,2026-03-18T10:48:31.163710,happy,0.851,2026-03-18T10:48:29.237265,0.3390230940783542,2026-03-18T10:48:31.052000,69,,,
participant_25,4,day,Town10HD_Opt,2026-03-18 10:48:32.092126,90.64521026611328,116.87770080566406,0.0020261763129383,39.949,6.054,0.471,0.0,0,0,1,,1.0,2026-03-18T10:48:32.092126,neutral,0.505,2026-03-18T10:48:32.092126,0.3771010425393031,2026-03-18T10:48:32.042000,68,,,
participant_25,4,day,Town10HD_Opt,2026-03-18 10:48:33.005966,86.00150299072266,122.14701080322266,0.0020315933506935,40.499,6.291,0.47,0.0,0,0,1,,1.0,2026-03-18T10:48:33.005966,neutral,0.505,2026-03-18T10:48:32.092126,0.2632167242152432,2026-03-18T10:48:33.032000,68,,,
participant_25,4,day,Town10HD_Opt,2026-03-18 10:48:34.208621,78.16594696044922,127.47789001464844,0.0020373535808175,41.098,6.646,0.47,0.0,0,0,1,,1.0,2026-03-18T10:48:34.208621,neutral,0.678,2026-03-18T10:48:34.208621,0.3439944936109705,2026-03-18T10:48:34.023000,69,,,
participant_25,4,day,Town10HD_Opt,2026-03-18 10:48:35.145255,71.36434936523438,129.82862854003906,0.0020395659375935,41.396,6.566,0.468,0.0,0,0,1,,1.0,2026-03-18T10:48:35.145255,neutral,0.678,2026-03-18T10:48:34.208621,0.3346550051901484,2026-03-18T10:48:35.057000,68,,,
participant_25,4,day,Town10HD_Opt,2026-03-18 10:48:36.081066,64.2047348022461,130.63189697265625,0.0020891570020467,40.548,2.967,0.362,0.0,0,0,1,,1.0,2026-03-18T10:48:36.081066,neutral,0.678,2026-03-18T10:48:34.208621,0.2232442210754721,2026-03-18T10:48:36.092000,68,,,
participant_25,4,day,Town10HD_Opt,2026-03-18 10:48:37.012094,57.26508712768555,130.64096069335938,0.0021075056865811,38.56,-0.562,0.365,0.0,0,0,1,,1.0,2026-03-18T10:48:37.012094,happy,0.976,2026-03-18T10:48:37.012094,0.3345645551723854,2026-03-18T10:48:37.037000,67,,,
participant_25,4,day,Town10HD_Opt,2026-03-18 10:48:38.263723,48.38793182373047,130.6024627685547,0.0020385740790516,38.023,-0.002,0.439,0.0,0,0,1,,1.0,2026-03-18T10:48:38.263723,happy,0.976,2026-03-18T10:48:37.012094,0.37120599471541,2026-03-18T10:48:38.027000,69,,,
participant_25,4,day,Town10HD_Opt,2026-03-18 10:48:39.262565,41.71437072753906,130.474853515625,0.0020363999065011,38.236,-0.002,0.436,0.0,0,0,1,,1.0,2026-03-18T10:48:39.262565,happy,0.924,2026-03-18T10:48:39.262565,0.345812514213964,2026-03-18T10:48:39.062000,67,,,
participant_25,4,day,Town10HD_Opt,2026-03-18 10:48:40.197024,35.011619567871094,130.3548126220703,0.0020391081925481,38.359,-0.296,0.435,0.0,0,0,1,,1.0,2026-03-18T10:48:40.197024,happy,0.924,2026-03-18T10:48:39.262565,0.3142776512119787,2026-03-18T10:48:40.051000,68,,,
participant_25,4,day,Town10HD_Opt,2026-03-18 10:48:41.165730,28.289894104003903,130.29127502441406,0.0020400618668645,38.442,-0.456,0.435,0.0,0,0,1,,1.0,2026-03-18T10:48:41.165730,happy,0.924,2026-03-18T10:48:39.262565,0.4572111960819522,2026-03-18T10:48:41.042000,69,,,
participant_25,4,day,Town10HD_Opt,2026-03-18 10:48:42.135957,21.553688049316406,130.31369018554688,0.0020404814276844,38.522,-0.207,0.435,0.0,0,0,1,,1.0,2026-03-18T10:48:42.135957,happy,0.998,2026-03-18T10:48:42.135957,0.3910320812990192,2026-03-18T10:48:42.031000,71,,,
participant_25,4,day,Town10HD_Opt,2026-03-18 10:48:43.061664,14.805374145507812,130.37973022460938,0.0020406723488122,38.59,0.012,0.435,0.0,0,0,1,,1.0,2026-03-18T10:48:43.061664,happy,0.998,2026-03-18T10:48:42.135957,0.5393027431452136,2026-03-18T10:48:43.022000,70,,,
participant_25,4,day,Town10HD_Opt,2026-03-18 10:48:44.134499,8.301908493041992,130.4424591064453,0.0022701644338667,33.341,0.162,0.0,0.0,0,0,1,,1.0,2026-03-18T10:48:44.134499,happy,0.998,2026-03-18T10:48:42.135957,0.4525362084455736,2026-03-18T10:48:44.147000,70,,,
participant_25,4,day,Town10HD_Opt,2026-03-18 10:48:45.035948,3.0961697101593018,130.46322631835938,0.0022879790049046,25.612,0.381,0.081,0.0,0,0,1,,1.0,2026-03-18T10:48:45.035948,happy,0.971,2026-03-18T10:48:45.035948,0.567772280178389,2026-03-18T10:48:45.047000,69,,,
participant_25,4,day,Town10HD_Opt,2026-03-18 10:48:46.004770,-0.961094319820404,130.44285583496094,0.0022037124726921,20.501,0.381,0.098,0.0,0,0,1,,1.0,2026-03-18T10:48:46.004770,happy,0.971,2026-03-18T10:48:45.035948,0.5338003386401988,2026-03-18T10:48:46.037000,69,,,
participant_25,4,day,Town10HD_Opt,2026-03-18 10:48:47.235685,-5.23595142364502,130.38412475585938,0.0019763563759624,16.298,0.362,0.083,0.0,0,0,1,,1.0,2026-03-18T10:48:47.235685,happy,0.989,2026-03-18T10:48:47.235685,0.5708405138568694,2026-03-18T10:48:47.027000,71,,,
participant_25,4,day,Town10HD_Opt,2026-03-18 10:48:48.178859,-7.880488872528076,130.331787109375,0.0019992827437818,13.771,0.099,0.082,0.0,0,0,1,,1.0,2026-03-18T10:48:48.178859,happy,0.989,2026-03-18T10:48:47.235685,0.6098083516861584,2026-03-18T10:48:48.062000,68,,,
participant_25,4,day,Town10HD_Opt,2026-03-18 10:48:49.106892,-10.582748413085938,130.28196716308594,0.0018932342063635,19.28,-0.125,0.745,0.0,0,0,1,,1.0,2026-03-18T10:48:49.106892,happy,0.989,2026-03-18T10:48:47.235685,0.5098805887204227,2026-03-18T10:48:49.052000,69,,,
participant_25,4,day,Town10HD_Opt,2026-03-18 10:48:50.082844,-14.5504150390625,130.2108917236328,0.0017471694154664,28.205,0.056,0.726,0.0,0,0,1,,1.0,2026-03-18T10:48:50.082844,happy,1.0,2026-03-18T10:48:50.082844,0.5757624003701608,2026-03-18T10:48:50.042000,70,,,
participant_25,4,day,Town10HD_Opt,2026-03-18 10:48:51.022823,-20.08559799194336,130.1038055419922,0.0017710876418277,35.726,0.056,0.654,0.0,0,0,1,,1.0,2026-03-18T10:48:51.022823,happy,1.0,2026-03-18T10:48:50.082844,0.4992439518373812,2026-03-18T10:48:51.032000,69,,,
participant_25,4,day,Town10HD_Opt,2026-03-18 10:48:52.228248,-29.04739189147949,129.87582397460938,0.0020609663333743,38.421,6.239,0.315,0.0,0,0,1,,1.0,2026-03-18T10:48:52.228248,happy,0.994,2026-03-18T10:48:52.228248,0.5782726706553847,2026-03-18T10:48:52.067000,70,,,
participant_25,4,day,Town10HD_Opt,2026-03-18 10:48:53.172184,-35.378440856933594,128.58445739746094,0.0021645736414939,35.408,14.538,0.327,0.0,0,0,1,,0.911,2026-03-18T10:48:53.172184,happy,0.994,2026-03-18T10:48:52.228248,0.5347143780702858,2026-03-18T10:48:53.057000,71,,,
participant_25,4,day,Town10HD_Opt,2026-03-18 10:48:54.139205,-40.1140022277832,125.073974609375,0.0021702956873923,32.771,18.603,0.341,0.0,0,0,1,,1.0,2026-03-18T10:48:54.139205,happy,0.994,2026-03-18T10:48:52.228248,0.5591417139769252,2026-03-18T10:48:54.047000,70,,,
participant_25,4,day,Town10HD_Opt,2026-03-18 10:48:55.097294,-42.38690185546875,120.05696868896484,0.0021482086740434,30.927,17.661,0.343,0.0,0,0,1,,1.0,2026-03-18T10:48:55.097294,neutral,0.802,2026-03-18T10:48:55.097294,0.5563835782709364,2026-03-18T10:48:55.036000,71,,,
participant_25,4,day,Town10HD_Opt,2026-03-18 10:48:56.101706,-42.80267333984375,114.74108123779295,0.0020802307408303,30.022,1.227,0.342,0.0,0,0,1,,1.0,2026-03-18T10:48:56.101706,neutral,0.802,2026-03-18T10:48:55.097294,0.5420298470970291,2026-03-18T10:48:56.027000,70,,,
participant_25,4,day,Town10HD_Opt,2026-03-18 10:48:57.092896,-42.79050064086914,109.48444366455078,0.0020045088604092,30.763,3.778,0.451,0.0,0,0,1,,1.0,2026-03-18T10:48:57.092896,neutral,0.802,2026-03-18T10:48:55.097294,0.5677873011000033,2026-03-18T10:48:57.062000,71,,,
participant_25,4,day,Town10HD_Opt,2026-03-18 10:48:58.086459,-42.35383605957031,104.07091522216795,0.0020635223481804,30.719,-0.804,0.319,0.0,0,0,1,,1.0,2026-03-18T10:48:58.086459,angry,0.563,2026-03-18T10:48:58.086459,0.5017504290006088,2026-03-18T10:48:58.052000,73,,,
participant_25,4,day,Town10HD_Opt,2026-03-18 10:48:59.042935,-41.9819221496582,98.82106018066406,0.0020828247070312,29.43,-1.144,0.343,0.0,0,0,1,,1.0,2026-03-18T10:48:59.042935,angry,0.563,2026-03-18T10:48:58.086459,0.4930560697805076,2026-03-18T10:48:59.042000,72,,,
participant_25,4,day,Town10HD_Opt,2026-03-18 10:49:00.010465,-41.77849197387695,93.7405776977539,0.0020665740594267,28.692,-1.403,0.343,0.0,0,0,1,,1.0,2026-03-18T10:49:00.010465,angry,0.563,2026-03-18T10:48:58.086459,0.5670736189536358,2026-03-18T10:49:00.032000,72,,,
participant_25,4,day,Town10HD_Opt,2026-03-18 10:49:01.310199,-41.77481842041016,87.14423370361328,0.0020636366680264,27.843,0.51,0.337,0.0,0,0,1,,1.0,2026-03-18T10:49:01.310199,neutral,0.686,2026-03-18T10:49:01.310199,0.5721489187137594,2026-03-18T10:49:01.022000,74,,,
participant_25,4,day,Town10HD_Opt,2026-03-18 10:49:02.248778,-41.66038513183594,82.33145141601562,0.0020631407387554,27.256,6.469,0.376,0.0,0,0,1,,1.0,2026-03-18T10:49:02.248778,neutral,0.686,2026-03-18T10:49:01.310199,0.5803975023576754,2026-03-18T10:49:02.057000,75,,,
participant_25,4,day,Town10HD_Opt,2026-03-18 10:49:03.237713,-40.82722091674805,77.647705078125,0.0020515441428869,27.298,11.004,0.377,0.0,0,0,1,,0.873,2026-03-18T10:49:03.237713,neutral,0.686,2026-03-18T10:49:01.310199,0.582124775037537,2026-03-18T10:49:03.047000,72,,,
participant_25,4,day,Town10HD_Opt,2026-03-18 10:49:04.212636,-38.61397552490234,73.49687194824219,0.0020848081912845,27.199,21.335,0.406,0.0,0,0,1,,1.0,2026-03-18T10:49:04.212636,neutral,0.783,2026-03-18T10:49:04.212636,0.590754594395499,2026-03-18T10:49:04.037000,72,,,
participant_25,4,day,Town10HD_Opt,2026-03-18 10:49:05.192618,-34.726890563964844,70.84196472167969,0.0020890426822006,27.401,20.912,0.394,0.0,0,0,1,,1.0,2026-03-18T10:49:05.192618,neutral,0.783,2026-03-18T10:49:04.212636,0.5651489209097197,2026-03-18T10:49:05.027000,72,,,
participant_25,4,day,Town10HD_Opt,2026-03-18 10:49:06.173406,-30.01716041564941,69.7898178100586,0.0020391081925481,27.949,5.451,0.386,0.0,0,0,1,,0.83,2026-03-18T10:49:06.173406,neutral,0.783,2026-03-18T10:49:04.212636,0.5661870059739582,2026-03-18T10:49:06.062000,73,,,
participant_25,4,day,Town10HD_Opt,2026-03-18 10:49:07.119556,-25.12041664123535,69.5311279296875,0.0020374679006636,28.295,6.035,0.388,0.0,0,0,1,,1.0,2026-03-18T10:49:07.119556,neutral,0.794,2026-03-18T10:49:07.119556,0.6312734729353865,2026-03-18T10:49:07.052000,72,,,
participant_25,4,day,Town10HD_Opt,2026-03-18 10:49:08.101887,-20.1519718170166,69.85294342041016,0.0020302198827266,28.709,-1.528,0.397,0.0,0,0,1,,0.853,2026-03-18T10:49:08.101887,neutral,0.794,2026-03-18T10:49:07.119556,0.5675504866157588,2026-03-18T10:49:08.042000,74,,,
participant_25,4,day,Town10HD_Opt,2026-03-18 10:49:09.109989,-15.092673301696776,70.06608581542969,0.0020239257719367,29.285,-1.088,0.402,0.0,0,0,1,,1.0,2026-03-18T10:49:09.109989,neutral,0.794,2026-03-18T10:49:07.119556,0.5167157358306496,2026-03-18T10:49:09.032000,74,,,
participant_25,4,day,Town10HD_Opt,2026-03-18 10:49:10.077470,-9.927358627319336,70.13003540039062,0.0020251465030014,29.901,-1.504,0.402,0.0,0,0,1,,1.0,2026-03-18T10:49:10.077470,happy,0.967,2026-03-18T10:49:10.077470,0.5136974029522231,2026-03-18T10:49:10.023000,73,,,
participant_25,4,day,Town10HD_Opt,2026-03-18 10:49:11.109998,-4.670065879821777,70.02503204345703,0.0020270538516342,30.361,0.251,0.402,0.0,0,0,1,,1.0,2026-03-18T10:49:11.109998,happy,0.967,2026-03-18T10:49:10.077470,0.5737934478834179,2026-03-18T10:49:11.058000,73,,,
participant_25,4,day,Town10HD_Opt,2026-03-18 10:49:12.096798,0.6640340089797974,69.91592407226562,0.0020331190899014,30.68,0.261,0.367,0.0,0,0,1,,1.0,2026-03-18T10:49:12.096798,happy,0.981,2026-03-18T10:49:12.096798,0.5569985367141845,2026-03-18T10:49:12.047000,73,,,
participant_25,4,day,Town10HD_Opt,2026-03-18 10:49:13.049817,5.847841262817383,69.84739685058594,0.0022183225955814,26.715,0.315,0.0,0.0,0,0,1,,1.0,2026-03-18T10:49:13.049817,happy,0.981,2026-03-18T10:49:12.096798,0.5472779375080583,2026-03-18T10:49:13.037000,75,,,
participant_25,4,day,Town10HD_Opt,2026-03-18 10:49:14.033965,9.984405517578123,69.82466888427734,0.0022508620750159,20.5,0.315,0.0,0.0,0,0,1,,1.0,2026-03-18T10:49:14.033965,happy,0.981,2026-03-18T10:49:12.096798,0.5428368064582835,2026-03-18T10:49:14.028000,74,,,
participant_25,4,day,Town10HD_Opt,2026-03-18 10:49:15.205233,13.986888885498049,69.83297729492188,0.0020426558330655,14.194,0.362,0.0,0.0,0,0,1,,1.0,2026-03-18T10:49:15.205233,happy,0.975,2026-03-18T10:49:15.205233,0.5484226254523342,2026-03-18T10:49:15.062000,75,,,
participant_25,4,day,Town10HD_Opt,2026-03-18 10:49:16.174652,16.197813034057617,69.85147094726562,0.0020229339133948,10.743,0.334,0.0,0.0,0,0,1,,1.0,2026-03-18T10:49:16.174652,happy,0.975,2026-03-18T10:49:15.205233,0.5528724740353674,2026-03-18T10:49:16.052000,73,,,
participant_25,4,day,Town10HD_Opt,2026-03-18 10:49:17.083590,17.895944595336914,69.87181854248047,0.0019993591122329,8.37,0.324,0.0,0.0,0,0,1,,0.828,2026-03-18T10:49:17.083590,happy,0.975,2026-03-18T10:49:15.205233,0.5595980040781623,2026-03-18T10:49:17.042000,70,,,
participant_25,4,day,Town10HD_Opt,2026-03-18 10:49:18.011823,19.20681381225586,69.8906478881836,0.001950302044861,6.953,0.193,0.094,0.0,0,0,1,,1.0,2026-03-18T10:49:18.011823,neutral,0.758,2026-03-18T10:49:18.011823,0.6108176101893457,2026-03-18T10:49:18.032000,72,,,
participant_25,4,day,Town10HD_Opt,2026-03-18 10:49:19.212896,20.6816520690918,69.90602111816406,0.001967430114746,5.291,-0.421,0.0,0.0,0,0,1,,1.0,2026-03-18T10:49:19.212896,neutral,0.758,2026-03-18T10:49:18.011823,0.6058127075999983,2026-03-18T10:49:19.112000,71,,,
participant_25,4,day,Town10HD_Opt,2026-03-18 10:49:20.182060,21.492599487304688,69.91170501708984,0.0019451903644949,4.351,-0.244,0.245,0.0,0,0,1,,1.0,2026-03-18T10:49:20.182060,neutral,0.702,2026-03-18T10:49:20.182060,0.6506559965651529,2026-03-18T10:49:20.058000,70,,,
participant_25,4,day,Town10HD_Opt,2026-03-18 10:49:21.005900,22.05394744873047,69.91607666015625,0.0018873214721679,5.127,-0.153,0.092,0.0,0,0,1,,1.0,2026-03-18T10:49:21.005900,neutral,0.702,2026-03-18T10:49:20.182060,0.7105846735044646,2026-03-18T10:49:21.048000,69,,,
participant_25,4,day,Town10HD_Opt,2026-03-18 10:49:22.022201,22.92695999145508,69.92243957519531,0.0019290160853415,4.778,-0.113,0.095,0.0,0,0,1,,1.0,2026-03-18T10:49:22.022201,neutral,0.702,2026-03-18T10:49:20.182060,0.743627768149285,2026-03-18T10:49:22.037000,70,,,
participant_25,4,day,Town10HD_Opt,2026-03-18 10:49:23.018966,23.75385856628418,69.9281997680664,0.0019005584763363,5.041,-0.113,0.209,0.0,0,0,1,,1.0,2026-03-18T10:49:23.018966,happy,0.971,2026-03-18T10:49:23.018966,0.7929502818108488,2026-03-18T10:49:23.073000,69,,,
participant_25,4,day,Town10HD_Opt,2026-03-18 10:49:24.002733,24.731151580810547,69.93448638916016,0.0018919754074886,6.049,-0.113,0.16,0.0,0,0,1,,1.0,2026-03-18T10:49:24.002733,happy,0.971,2026-03-18T10:49:23.018966,0.8582070629079668,2026-03-18T10:49:24.063000,71,,,
participant_25,4,day,Town10HD_Opt,2026-03-18 10:49:25.240348,26.12321281433105,69.94236755371094,0.001961059635505,5.114,-0.106,0.0,0.0,0,0,1,,0.855,2026-03-18T10:49:25.240348,happy,0.996,2026-03-18T10:49:25.240348,0.787450107087099,2026-03-18T10:49:25.097000,69,,,
participant_25,4,day,Town10HD_Opt,2026-03-18 10:49:26.147494,26.415470123291016,69.94463348388672,0.0019906614907085,0.0,-0.103,0.0,0.231,0,0,1,,1.0,2026-03-18T10:49:26.147494,happy,0.996,2026-03-18T10:49:25.240348,0.8295955937676074,2026-03-18T10:49:26.042000,69,,,
participant_25,4,day,Town10HD_Opt,2026-03-18 10:49:27.049804,26.415666580200195,69.94463348388672,0.0019204712007194,0.165,0.266,0.361,0.0,0,0,1,,0.813,2026-03-18T10:49:27.049804,happy,0.996,2026-03-18T10:49:25.240348,0.8844443616522254,2026-03-18T10:49:27.032000,70,,,
participant_25,4,day,Town10HD_Opt,2026-03-18 10:49:28.253266,26.91557502746582,69.94754028320312,0.0017968749161809,4.842,-0.016,0.368,0.0,0,0,1,,1.0,2026-03-18T10:49:28.253266,sad,0.427,2026-03-18T10:49:28.253266,0.7343063070193749,2026-03-18T10:49:28.068000,70,,,
participant_25,4,day,Town10HD_Opt,2026-03-18 10:49:29.254273,28.251447677612305,69.94476318359375,0.0017145538004115,11.13,-3.007,0.483,0.0,0,0,1,,0.812,2026-03-18T10:49:29.254273,sad,0.427,2026-03-18T10:49:28.253266,0.79831889183507,2026-03-18T10:49:29.057000,70,,,
participant_25,4,day,Town10HD_Opt,2026-03-18 10:49:30.167681,30.61406135559082,69.77440643310547,0.0017765808152034,15.716,-7.033,0.195,0.0,0,0,1,,1.0,2026-03-18T10:49:30.167681,sad,0.427,2026-03-18T10:49:28.253266,0.8401470287988371,2026-03-18T10:49:30.047000,68,,,
participant_25,4,day,Town10HD_Opt,2026-03-18 10:49:31.069465,33.1428108215332,69.33706665039062,0.0020272063557058,12.622,-8.747,0.0,0.0,0,0,1,,0.925,2026-03-18T10:49:31.069465,neutral,0.944,2026-03-18T10:49:31.069465,0.8373057299537,2026-03-18T10:49:31.038000,69,,,
participant_25,4,day,Town10HD_Opt,2026-03-18 10:49:32.274186,35.565635681152344,68.56195831298828,0.0020082092378288,8.869,-11.168,0.0,0.0,0,0,1,,0.845,2026-03-18T10:49:32.274186,neutral,0.944,2026-03-18T10:49:31.069465,0.7611329817040853,2026-03-18T10:49:32.073000,74,,,
participant_25,4,day,Town10HD_Opt,2026-03-18 10:49:33.186109,36.81192398071289,67.98744201660156,0.001992683392018,6.541,-11.18,0.016,0.0,0,0,1,,1.0,2026-03-18T10:49:33.186109,angry,0.597,2026-03-18T10:49:33.186109,0.8164972343941657,2026-03-18T10:49:33.108000,71,,,
participant_25,4,day,Town10HD_Opt,2026-03-18 10:49:34.076621,37.70013046264648,67.49502563476562,0.0019781494047492,4.842,-11.18,0.016,0.0,0,0,1,,0.845,2026-03-18T10:49:34.076621,angry,0.597,2026-03-18T10:49:33.186109,0.8749440231657306,2026-03-18T10:49:34.097000,74,,,
participant_25,4,day,Town10HD_Opt,2026-03-18 10:49:35.247308,38.47560119628906,67.00154876708984,0.0019561385270208,3.101,-11.18,0.034,0.0,0,0,1,,0.837,2026-03-18T10:49:35.247308,sad,0.527,2026-03-18T10:49:35.247308,0.830461163501101,2026-03-18T10:49:35.044000,75,,,
participant_25,4,day,Town10HD_Opt,2026-03-18 10:49:36.100073,38.90949249267578,66.69725799560547,0.0018964385380968,3.425,-11.18,0.172,0.0,0,0,1,,1.0,2026-03-18T10:49:36.100073,sad,0.527,2026-03-18T10:49:35.247308,0.808968491422237,2026-03-18T10:49:36.033000,78,,,
participant_25,4,day,Town10HD_Opt,2026-03-18 10:49:37.270613,39.74848175048828,66.048828125,0.0018555831629782,6.086,-11.18,0.243,0.0,0,0,1,,0.828,2026-03-18T10:49:37.270613,sad,0.535,2026-03-18T10:49:37.270613,0.8211326695114542,2026-03-18T10:49:37.068000,82,,,
participant_25,4,day,Town10HD_Opt,2026-03-18 10:49:38.210367,40.65972137451172,65.23916625976562,0.0018273162422701,8.626,-12.04,0.435,0.0,0,0,1,,0.801,2026-03-18T10:49:38.210367,sad,0.535,2026-03-18T10:49:37.270613,0.7938972819637734,2026-03-18T10:49:38.057000,89,,,
participant_25,4,day,Town10HD_Opt,2026-03-18 10:49:39.123492,41.98269271850586,63.79069519042969,0.0017177199479192,14.379,-13.438,0.493,0.0,0,0,1,,1.0,2026-03-18T10:49:39.123492,sad,0.535,2026-03-18T10:49:37.270613,0.834692708418035,2026-03-18T10:49:39.048000,92,,,
participant_25,4,day,Town10HD_Opt,2026-03-18 10:49:40.050815,43.54486846923828,61.3418083190918,0.0020164106972515,18.248,-14.266,0.412,0.0,0,0,1,,0.899,2026-03-18T10:49:40.050815,sad,0.527,2026-03-18T10:49:40.050815,0.7660410194535694,2026-03-18T10:49:40.038000,93,,,
participant_25,4,day,Town10HD_Opt,2026-03-18 10:49:41.223898,44.91252899169922,57.216590881347656,0.0020188521593809,19.434,-14.012,0.326,0.0,0,0,1,,0.856,2026-03-18T10:49:41.223898,sad,0.527,2026-03-18T10:49:40.050815,0.8284173105081897,2026-03-18T10:49:41.072000,93,,,
participant_25,4,day,Town10HD_Opt,2026-03-18 10:49:42.140708,45.0800666809082,53.96107482910156,0.0019189071608707,16.758,-12.023,0.0,0.0,0,0,1,,0.824,2026-03-18T10:49:42.140708,sad,0.56,2026-03-18T10:49:42.140708,0.8369899568538774,2026-03-18T10:49:42.062000,94,,,
participant_25,4,day,Town10HD_Opt,2026-03-18 10:49:43.063123,44.85585784912109,51.31713104248047,0.0020405959803611,13.294,-0.952,0.0,0.0,0,0,1,,1.0,2026-03-18T10:49:43.063123,sad,0.56,2026-03-18T10:49:42.140708,0.806456884529917,2026-03-18T10:49:43.052000,91,,,
participant_25,4,day,Town10HD_Opt,2026-03-18 10:49:44.269624,44.67333221435547,48.71642303466797,0.0020026015117764,9.12,-0.249,0.115,0.0,0,0,1,,1.0,2026-03-18T10:49:44.269624,sad,0.965,2026-03-18T10:49:44.269624,0.7849628652723908,2026-03-18T10:49:44.043000,90,,,
participant_25,4,day,Town10HD_Opt,2026-03-18 10:49:45.171691,44.55390548706055,47.10036849975586,0.0018693541642278,9.993,-0.407,0.359,0.0,0,0,1,,1.0,2026-03-18T10:49:45.171691,sad,0.965,2026-03-18T10:49:44.269624,0.809416293380151,2026-03-18T10:49:45.032000,92,,,
participant_25,4,day,Town10HD_Opt,2026-03-18 10:49:46.030226,44.386112213134766,44.95695114135742,0.0017419052310287,14.972,-0.374,0.518,0.0,0,0,1,,1.0,2026-03-18T10:49:46.030226,sad,0.965,2026-03-18T10:49:44.269624,0.8117422583877715,2026-03-18T10:49:46.068000,88,,,
participant_25,4,day,Town10HD_Opt,2026-03-18 10:49:47.278102,44.18828582763672,40.82756423950195,0.0019993591122329,19.34,7.354,0.42,0.0,0,0,1,,0.812,2026-03-18T10:49:47.278102,happy,0.996,2026-03-18T10:49:47.278102,0.8180058371368968,2026-03-18T10:49:47.059000,88,,,
participant_25,4,day,Town10HD_Opt,2026-03-18 10:49:48.239461,44.5207405090332,37.31636047363281,0.0019970322027802,21.098,10.386,0.394,0.0,0,0,1,,0.952,2026-03-18T10:49:48.239461,happy,0.996,2026-03-18T10:49:47.278102,0.801892117962389,2026-03-18T10:49:48.048000,88,,,
participant_25,4,day,Town10HD_Opt,2026-03-18 10:49:49.139973,45.70215606689453,33.75442123413086,0.0020306014921516,22.227,18.601,0.432,0.0,0,0,1,,0.92,2026-03-18T10:49:49.139973,happy,0.996,2026-03-18T10:49:47.278102,0.881918878707227,2026-03-18T10:49:49.037000,85,,,
participant_25,4,day,Town10HD_Opt,2026-03-18 10:49:50.122925,48.21360778808594,30.6064395904541,0.0019766234327107,24.931,18.908,0.511,0.0,0,0,1,,0.84,2026-03-18T10:49:50.122925,neutral,0.835,2026-03-18T10:49:50.122925,0.7662848598461992,2026-03-18T10:49:50.072000,83,,,
participant_25,4,day,Town10HD_Opt,2026-03-18 10:49:51.062359,52.13885116577149,28.348678588867188,0.0020201874431222,26.976,14.33,0.391,0.0,0,0,1,,0.875,2026-03-18T10:49:51.062359,neutral,0.835,2026-03-18T10:49:50.122925,0.7993782087116867,2026-03-18T10:49:51.063000,84,,,
participant_25,4,day,Town10HD_Opt,2026-03-18 10:49:52.280986,58.30890655517578,26.79850578308105,0.0020348739344626,27.601,2.487,0.377,0.0,0,0,1,,0.821,2026-03-18T10:49:52.280986,happy,0.803,2026-03-18T10:49:52.280986,0.8396714842295866,2026-03-18T10:49:52.053000,84,,,
participant_25,4,day,Town10HD_Opt,2026-03-18 10:49:53.206675,63.08646011352539,26.03347396850586,0.0020367812830954,27.758,2.388,0.297,0.0,0,0,1,,1.0,2026-03-18T10:49:53.206675,happy,0.803,2026-03-18T10:49:52.280986,0.7760935544274729,2026-03-18T10:49:53.042000,83,,,
participant_25,4,day,Town10HD_Opt,2026-03-18 10:49:54.096069,67.72198486328125,25.56557846069336,0.0021867370232939,24.226,2.36,0.063,0.0,0,0,1,,0.865,2026-03-18T10:49:54.096069,happy,0.803,2026-03-18T10:49:52.280986,0.8057911844581184,2026-03-18T10:49:54.035000,84,,,
participant_25,4,day,Town10HD_Opt,2026-03-18 10:49:55.015250,71.53661346435547,25.357648849487305,0.0022044372744858,19.151,1.325,0.076,0.0,0,0,1,,0.906,2026-03-18T10:49:55.015250,happy,1.0,2026-03-18T10:49:55.015250,0.8034551624248427,2026-03-18T10:49:55.070000,83,,,
participant_25,4,day,Town10HD_Opt,2026-03-18 10:49:56.218314,75.5302734375,25.2388858795166,0.002032661344856,14.658,0.945,0.0,0.0,0,0,1,,0.842,2026-03-18T10:49:56.218314,happy,1.0,2026-03-18T10:49:55.015250,0.8590705957975013,2026-03-18T10:49:56.057000,82,,,
participant_25,4,day,Town10HD_Opt,2026-03-18 10:49:57.132675,77.81321716308594,25.208534240722656,0.0020261001773178,11.257,1.001,0.0,0.0,0,0,1,,0.85,2026-03-18T10:49:57.132675,happy,0.999,2026-03-18T10:49:57.132675,0.8492163635844459,2026-03-18T10:49:57.048000,82,,,
participant_25,4,day,Town10HD_Opt,2026-03-18 10:49:58.025447,79.5488052368164,25.20517921447754,0.0020329284016042,7.988,1.011,0.0,0.259,0,0,1,,0.827,2026-03-18T10:49:58.025447,happy,0.999,2026-03-18T10:49:57.132675,0.8094399300232361,2026-03-18T10:49:58.038000,81,,,
participant_25,4,day,Town10HD_Opt,2026-03-18 10:49:59.193500,80.32261657714844,25.208890914916992,0.0020050047896802,0.0,1.011,0.0,0.22,0,0,1,,1.0,2026-03-18T10:49:59.193500,happy,0.996,2026-03-18T10:49:59.193500,0.787124400918032,2026-03-18T10:49:59.073000,79,,,
participant_26,1,day,Town10HD_Opt,2026-03-18 12:00:00.000000,-41.66858673095703,89.7454833984375,0.5804919004440308,11.165,0.395,0.765,0.0,0,0,1,,1.0,2026-03-18T12:00:00,,,2026-03-18T12:00:00,0.8728467605102259,2026-03-18T12:00:00,91,,,
participant_26,1,day,Town10HD_Opt,2026-03-18 12:00:04.301988,-41.66654586791992,88.39640808105469,0.0017340470803901,11.522,0.395,0.807,0.0,0,0,1,,1.0,2026-03-18T12:00:04.301988,neutral,0.994,2026-03-18T12:00:04.301988,0.867564688754208,2026-03-18T12:00:04.053000,93,,,
participant_26,1,day,Town10HD_Opt,2026-03-18 12:00:05.320008,-41.65850830078125,86.65870666503906,0.0016088486881926,18.109,0.395,0.667,0.0,0,0,1,,0.858,2026-03-18T12:00:05.320008,neutral,0.994,2026-03-18T12:00:04.301988,0.8506407630536755,2026-03-18T12:00:04.995000,93,,,
participant_26,1,day,Town10HD_Opt,2026-03-18 12:00:06.315726,-41.6380615234375,84.4439697265625,0.0020591735374182,18.384,3.872,0.032,0.0,0,0,1,,1.0,2026-03-18T12:00:06.315726,neutral,0.993,2026-03-18T12:00:06.315726,0.8085624112060673,2026-03-18T12:00:06.120000,95,,,
participant_26,1,day,Town10HD_Opt,2026-03-18 12:00:07.369658,-41.49013519287109,82.40479278564453,0.0019649504683911,16.451,5.969,0.072,0.0,0,0,1,,1.0,2026-03-18T12:00:07.369658,neutral,0.993,2026-03-18T12:00:06.315726,0.8402717766412364,2026-03-18T12:00:07.066000,95,,,
participant_26,1,day,Town10HD_Opt,2026-03-18 12:00:08.359847,-41.23862838745117,80.50523376464844,0.00184402463492,17.549,5.359,0.511,0.0,0,0,1,,1.0,2026-03-18T12:00:08.359847,neutral,0.99,2026-03-18T12:00:08.359847,0.8609796667741598,2026-03-18T12:00:08.010000,97,,,
participant_26,1,day,Town10HD_Opt,2026-03-18 12:00:09.417346,-40.81766128540039,78.41531372070312,0.0020499038510024,18.594,10.156,0.44,0.0,0,0,1,,1.0,2026-03-18T12:00:09.417346,neutral,0.99,2026-03-18T12:00:08.359847,0.8444297845698051,2026-03-18T12:00:09.090000,99,,,
participant_26,1,day,Town10HD_Opt,2026-03-18 12:00:10.455629,-40.05186080932617,76.3367691040039,0.0020559690892696,19.027,18.001,0.073,0.0,0,0,1,,0.884,2026-03-18T12:00:10.455629,neutral,0.937,2026-03-18T12:00:10.455629,0.9208795004149748,2026-03-18T12:00:09.990000,99,,,
participant_26,1,day,Town10HD_Opt,2026-03-18 12:00:11.484312,-38.91493988037109,74.56088256835938,0.0019157790811732,17.455,18.762,0.067,0.0,0,0,1,,1.0,2026-03-18T12:00:11.484312,neutral,0.937,2026-03-18T12:00:10.455629,0.9143702090497696,2026-03-18T12:00:11.025000,99,,,
participant_26,1,day,Town10HD_Opt,2026-03-18 12:00:12.025097,-38.26395797729492,73.8263931274414,0.0020073698833584,16.388,18.704,0.065,0.0,0,0,1,,0.926,2026-03-18T12:00:12.025097,neutral,0.937,2026-03-18T12:00:10.455629,0.8139301400261906,2026-03-18T12:00:12.060000,99,,,
participant_26,1,day,Town10HD_Opt,2026-03-18 12:00:13.024372,-36.90955352783203,72.6547622680664,0.0020018385257571,14.922,18.395,0.353,0.0,0,0,1,,1.0,2026-03-18T12:00:13.024372,neutral,0.986,2026-03-18T12:00:13.024372,0.8216122796663423,2026-03-18T12:00:13.005000,99,,,
participant_26,1,day,Town10HD_Opt,2026-03-18 12:00:14.041249,-35.341529846191406,71.6953125,0.0018204498337581,17.273,16.337,0.54,0.0,0,0,1,,0.889,2026-03-18T12:00:14.041249,neutral,0.986,2026-03-18T12:00:13.024372,0.821300653593951,2026-03-18T12:00:13.995000,100,,,
participant_26,1,day,Town10HD_Opt,2026-03-18 12:00:15.036645,-33.38099670410156,70.81376647949219,0.002031669486314,19.086,11.962,0.496,0.0,0,0,1,,0.962,2026-03-18T12:00:15.036645,neutral,0.988,2026-03-18T12:00:15.036645,0.8496177600914471,2026-03-18T12:00:15.075000,100,,,
participant_26,1,day,Town10HD_Opt,2026-03-18 12:00:16.111596,-31.13162612915039,70.11530303955078,0.0019506835378706,21.299,11.443,0.478,0.0,0,0,1,,0.974,2026-03-18T12:00:16.111596,neutral,0.988,2026-03-18T12:00:15.036645,0.8956885696796284,2026-03-18T12:00:16.155000,103,,,
participant_26,1,day,Town10HD_Opt,2026-03-18 12:00:17.222822,-28.55626106262207,69.69108581542969,0.0019525908865034,23.573,11.233,0.478,0.0,0,0,1,,0.99,2026-03-18T12:00:17.222822,fear,0.435,2026-03-18T12:00:17.222822,0.7791945902012223,2026-03-18T12:00:17.145000,105,,,
participant_26,1,day,Town10HD_Opt,2026-03-18 12:00:18.318768,-25.70757293701172,69.61061096191406,0.0019517134642228,25.417,3.966,0.476,0.0,0,0,1,,0.948,2026-03-18T12:00:18.318768,fear,0.435,2026-03-18T12:00:17.222822,0.7978181236039852,2026-03-18T12:00:18.090000,107,,,
participant_26,1,day,Town10HD_Opt,2026-03-18 12:00:19.397363,-22.63137435913086,69.60511016845703,0.001958503620699,27.312,-1.492,0.477,0.0,0,0,1,,0.942,2026-03-18T12:00:19.397363,neutral,0.988,2026-03-18T12:00:19.397363,0.7390025628544354,2026-03-18T12:00:18.990000,107,,,
participant_26,1,day,Town10HD_Opt,2026-03-18 12:00:20.468564,-19.31493377685547,69.57872009277344,0.0019000243628397,29.946,1.706,0.583,0.0,0,0,1,,0.871,2026-03-18T12:00:20.468564,neutral,0.988,2026-03-18T12:00:19.397363,0.8161109143328498,2026-03-18T12:00:20.025000,108,,,
participant_26,1,day,Town10HD_Opt,2026-03-18 12:00:20.994690,-17.516691207885742,69.60198211669922,0.0018873977242037,31.837,0.484,0.568,0.0,0,0,1,,0.93,2026-03-18T12:00:20.994690,neutral,0.988,2026-03-18T12:00:19.397363,0.885059293986358,2026-03-18T12:00:21.015000,105,,,
participant_26,1,day,Town10HD_Opt,2026-03-18 12:00:22.039874,-13.65649127960205,69.64379119873047,0.0019041061168536,34.643,-0.745,0.562,0.0,0,0,1,,0.966,2026-03-18T12:00:22.039874,neutral,0.996,2026-03-18T12:00:22.039874,0.7851092549943904,2026-03-18T12:00:22.051000,104,,,
participant_26,1,day,Town10HD_Opt,2026-03-18 12:00:23.087599,-9.48732566833496,69.66417694091797,0.00192012777552,36.921,0.658,0.559,0.0,0,0,1,,0.882,2026-03-18T12:00:23.087599,neutral,0.996,2026-03-18T12:00:22.039874,0.8246310332236088,2026-03-18T12:00:22.995000,104,,,
participant_26,1,day,Town10HD_Opt,2026-03-18 12:00:24.129560,-5.043910026550293,69.71538543701172,0.0019349288195371,39.293,-0.193,0.551,0.0,0,0,1,,0.976,2026-03-18T12:00:24.129560,neutral,0.997,2026-03-18T12:00:24.129560,0.8551259214716788,2026-03-18T12:00:24.030000,101,,,
participant_26,1,day,Town10HD_Opt,2026-03-18 12:00:25.131551,-0.5308793783187866,69.75870513916016,0.0021973038092255,36.617,0.094,0.0,0.0,0,0,1,,0.966,2026-03-18T12:00:25.131551,neutral,0.997,2026-03-18T12:00:24.129560,0.7994047681321536,2026-03-18T12:00:25.021000,100,,,
participant_26,1,day,Town10HD_Opt,2026-03-18 12:00:26.169749,3.3693089485168457,69.80142974853516,0.0023435591720044,30.24,0.096,0.0,0.195,0,0,1,,0.905,2026-03-18T12:00:26.169749,neutral,0.989,2026-03-18T12:00:26.169749,0.8053338411643977,2026-03-18T12:00:26.011000,101,,,
participant_26,1,day,Town10HD_Opt,2026-03-18 12:00:27.229072,6.569389343261719,69.84272003173828,0.0023017118219286,24.499,0.101,0.0,0.019,0,0,1,,0.893,2026-03-18T12:00:27.229072,neutral,0.989,2026-03-18T12:00:26.169749,0.8722525075959242,2026-03-18T12:00:27.270000,100,,,
participant_26,1,day,Town10HD_Opt,2026-03-18 12:00:28.237767,9.21071720123291,69.88102722167969,0.002258529420942,20.17,0.101,0.0,0.085,0,0,1,,0.925,2026-03-18T12:00:28.237767,neutral,0.956,2026-03-18T12:00:28.237767,0.7806985754738718,2026-03-18T12:00:28.035000,99,,,
participant_26,1,day,Town10HD_Opt,2026-03-18 12:00:29.258409,11.367606163024902,69.91525268554688,0.0019737624097615,16.934,0.101,0.0,0.0,0,0,1,,0.893,2026-03-18T12:00:29.258409,neutral,0.956,2026-03-18T12:00:28.237767,0.8117832976463757,2026-03-18T12:00:29.026000,96,,,
participant_26,1,day,Town10HD_Opt,2026-03-18 12:00:30.276083,13.177193641662598,69.94608306884766,0.0020446395501494,14.0,0.101,0.0,0.0,0,0,1,,0.97,2026-03-18T12:00:30.276083,neutral,0.996,2026-03-18T12:00:30.276083,0.9008687017717956,2026-03-18T12:00:30.015000,97,,,
participant_26,1,day,Town10HD_Opt,2026-03-18 12:00:31.292724,14.693578720092772,69.97333526611328,0.0020309067331254,11.912,0.101,0.0,0.0,0,0,1,,0.944,2026-03-18T12:00:31.292724,neutral,0.996,2026-03-18T12:00:30.276083,0.8574153142916967,2026-03-18T12:00:31.005000,97,,,
participant_26,1,day,Town10HD_Opt,2026-03-18 12:00:32.332821,15.965616226196287,69.9913330078125,0.0020132446661591,9.845,-1.018,0.0,0.0,0,0,1,,0.977,2026-03-18T12:00:32.332821,neutral,0.975,2026-03-18T12:00:32.332821,0.7925047653709295,2026-03-18T12:00:32.040000,97,,,
participant_26,1,day,Town10HD_Opt,2026-03-18 12:00:33.319727,17.032352447509766,69.99969482421875,0.0019980620127171,8.377,-0.32,0.0,0.0,0,0,1,,0.955,2026-03-18T12:00:33.319727,neutral,0.975,2026-03-18T12:00:32.332821,0.8249846120381797,2026-03-18T12:00:32.985000,98,,,
participant_26,1,day,Town10HD_Opt,2026-03-18 12:00:34.335711,17.926795959472656,70.00691223144531,0.0019855117425322,6.821,-0.284,0.0,0.0,0,0,1,,0.97,2026-03-18T12:00:34.335711,neutral,0.984,2026-03-18T12:00:34.335711,0.8616184040646429,2026-03-18T12:00:34.021000,99,,,
participant_26,1,day,Town10HD_Opt,2026-03-18 12:00:35.395980,18.67674827575684,70.01199340820312,0.0019747160840779,5.889,-0.284,0.0,0.0,0,0,1,,0.934,2026-03-18T12:00:35.395980,neutral,0.984,2026-03-18T12:00:34.335711,0.8660393712167411,2026-03-18T12:00:35.010000,97,,,
participant_26,1,day,Town10HD_Opt,2026-03-18 12:00:36.458070,19.32128524780273,70.01573944091797,0.0018982314504683,5.954,-0.254,0.338,0.0,0,0,1,,0.811,2026-03-18T12:00:36.458070,neutral,0.989,2026-03-18T12:00:36.458070,0.8513324971598611,2026-03-18T12:00:36.045000,93,,,
participant_26,1,day,Town10HD_Opt,2026-03-18 12:00:36.993953,19.70431327819824,70.01771545410156,0.0018333053449168,7.102,-0.254,0.258,0.0,0,0,1,,0.888,2026-03-18T12:00:36.993953,neutral,0.989,2026-03-18T12:00:36.458070,0.8866208128594181,2026-03-18T12:00:36.990000,95,,,
participant_26,1,day,Town10HD_Opt,2026-03-18 12:00:38.026265,20.5847282409668,70.02149963378906,0.0019149780273437,7.291,-0.254,0.0,0.0,0,0,1,,1.0,2026-03-18T12:00:38.026265,neutral,0.989,2026-03-18T12:00:36.458070,0.8695683824192763,2026-03-18T12:00:38.025000,91,,,
participant_26,1,day,Town10HD_Opt,2026-03-18 12:00:39.108179,21.37609100341797,70.02400970458984,0.0019709777552634,6.129,-0.235,0.0,0.0,0,0,1,,0.97,2026-03-18T12:00:39.108179,neutral,0.997,2026-03-18T12:00:39.108179,0.8474363784550517,2026-03-18T12:00:39.015000,93,Solid line crossing,Solid line crossing,
participant_26,1,day,Town10HD_Opt,2026-03-18 12:00:40.144316,22.03187370300293,70.02594757080078,0.002029571449384,0.618,-0.235,0.0,0.036,0,0,1,,0.895,2026-03-18T12:00:40.144316,neutral,0.997,2026-03-18T12:00:39.108179,0.818468384141818,2026-03-18T12:00:40.006000,91,,,
participant_26,1,day,Town10HD_Opt,2026-03-18 12:00:41.169749,22.04601287841797,70.02633666992188,0.0019981765653938,0.006,-0.235,0.0,0.0,0,0,1,,0.975,2026-03-18T12:00:41.169749,neutral,0.998,2026-03-18T12:00:41.169749,0.8492867721665767,2026-03-18T12:00:40.995000,94,,,
participant_26,1,day,Town10HD_Opt,2026-03-18 12:00:42.169214,22.04718399047852,70.02635955810547,0.0019213866908103,0.14,-0.216,0.576,0.0,0,0,1,,0.955,2026-03-18T12:00:42.169214,neutral,0.998,2026-03-18T12:00:41.169749,0.8304139151904305,2026-03-18T12:00:42.030000,96,,,
participant_26,1,day,Town10HD_Opt,2026-03-18 12:00:43.195640,22.37203788757324,70.02626037597656,0.0016595841152593,5.708,-0.216,0.593,0.0,0,0,1,,0.918,2026-03-18T12:00:43.195640,neutral,0.997,2026-03-18T12:00:43.195640,0.8433153321024189,2026-03-18T12:00:43.020000,97,Solid line crossing,Solid line crossing,
participant_26,1,day,Town10HD_Opt,2026-03-18 12:00:44.210530,23.298891067504883,70.02568817138672,0.001811180030927,8.575,-0.216,0.0,0.0,0,0,1,,0.947,2026-03-18T12:00:44.210530,neutral,0.997,2026-03-18T12:00:43.195640,0.7839120859193149,2026-03-18T12:00:44.100000,96,,,
participant_26,1,day,Town10HD_Opt,2026-03-18 12:00:45.211642,24.208229064941406,70.02471923828125,0.0019937134347856,6.672,-0.216,0.0,0.122,0,0,1,,0.953,2026-03-18T12:00:45.211642,neutral,1.0,2026-03-18T12:00:45.211642,0.8418935615326653,2026-03-18T12:00:45.045000,97,,,
participant_26,1,day,Town10HD_Opt,2026-03-18 12:00:46.263993,24.651264190673828,70.02345275878906,0.0023025511763989,0.001,-0.216,0.0,0.312,0,0,1,,0.835,2026-03-18T12:00:46.263993,neutral,1.0,2026-03-18T12:00:45.211642,0.8322745435919415,2026-03-18T12:00:45.990000,93,,,
participant_26,1,day,Town10HD_Opt,2026-03-18 12:00:47.271802,24.65269660949707,70.02345275878906,0.001961059635505,0.098,-0.214,0.013,0.0,0,0,1,,1.0,2026-03-18T12:00:47.271802,neutral,0.53,2026-03-18T12:00:47.271802,0.8380981703352222,2026-03-18T12:00:47.026000,93,,,
participant_26,1,day,Town10HD_Opt,2026-03-18 12:00:48.295752,24.792016983032227,70.02317810058594,0.0016976930201053,3.979,-0.209,0.763,0.0,0,0,1,,1.0,2026-03-18T12:00:48.295752,neutral,0.53,2026-03-18T12:00:47.271802,0.6964383204359311,2026-03-18T12:00:48.016000,92,,,
participant_26,1,day,Town10HD_Opt,2026-03-18 12:00:49.316369,25.72802734375,70.02159881591797,0.0015285493573173,12.047,-0.214,0.777,0.0,0,0,1,,1.0,2026-03-18T12:00:49.316369,neutral,0.982,2026-03-18T12:00:49.316369,0.66203800716135,2026-03-18T12:00:49.006000,93,,,
participant_26,1,day,Town10HD_Opt,2026-03-18 12:00:50.370905,27.54857444763184,69.99907684326172,0.0016420366009697,17.949,-4.747,0.19,0.0,0,0,1,,0.912,2026-03-18T12:00:50.370905,neutral,0.982,2026-03-18T12:00:49.316369,0.6957623413064657,2026-03-18T12:00:49.995000,94,,,errors=Stop sign violation
participant_26,1,day,Town10HD_Opt,2026-03-18 12:00:51.395512,29.60335350036621,69.77498626708984,0.001933250343427,17.363,-10.988,0.185,0.0,0,0,1,,0.866,2026-03-18T12:00:51.395512,neutral,0.99,2026-03-18T12:00:51.395512,0.5463609337450726,2026-03-18T12:00:50.985000,94,,,
participant_26,1,day,Town10HD_Opt,2026-03-18 12:00:52.434680,31.51024436950684,69.31752014160156,0.0019818877335637,16.243,-11.535,0.127,0.0,0,0,1,,0.87,2026-03-18T12:00:52.434680,neutral,0.99,2026-03-18T12:00:51.395512,0.5273311235462165,2026-03-18T12:00:52.021000,95,,,
participant_26,1,day,Town10HD_Opt,2026-03-18 12:00:53.470947,33.22224426269531,68.70436096191406,0.0019801710732281,15.095,-10.711,0.18,0.0,0,0,1,,1.0,2026-03-18T12:00:53.470947,neutral,0.939,2026-03-18T12:00:53.470947,0.5671660610921306,2026-03-18T12:00:53.145000,93,,,
participant_26,1,day,Town10HD_Opt,2026-03-18 12:00:54.005396,34.019989013671875,68.3555908203125,0.0019588852301239,14.849,-9.093,0.217,0.0,0,0,1,,0.821,2026-03-18T12:00:54.005396,neutral,0.939,2026-03-18T12:00:53.470947,0.5415154593368837,2026-03-18T12:00:54.045000,93,,,
participant_26,1,day,Town10HD_Opt,2026-03-18 12:00:55.024764,35.587379455566406,67.61022186279297,0.0019052504794672,15.152,-6.244,0.393,0.0,0,0,1,,0.949,2026-03-18T12:00:55.024764,neutral,0.939,2026-03-18T12:00:53.470947,0.5258052956546981,2026-03-18T12:00:54.045000,93,,,
participant_26,1,day,Town10HD_Opt,2026-03-18 12:00:56.086978,37.22757339477539,66.70379638671875,0.0018369674216955,17.152,-8.904,0.387,0.0,0,0,1,,0.977,2026-03-18T12:00:56.086978,neutral,0.955,2026-03-18T12:00:56.086978,0.4929162596678281,2026-03-18T12:00:56.114000,93,,,
participant_26,1,day,Town10HD_Opt,2026-03-18 12:00:57.143025,38.91561508178711,65.5022964477539,0.002092590322718,18.318,-13.836,0.388,0.0,0,0,1,,1.0,2026-03-18T12:00:57.143025,neutral,0.955,2026-03-18T12:00:56.086978,0.5486259333072434,2026-03-18T12:00:57.016000,93,,,
participant_26,1,day,Town10HD_Opt,2026-03-18 12:00:58.182251,40.47158432006836,64.0306396484375,0.002036933787167,18.621,-11.658,0.389,0.0,0,0,1,,0.897,2026-03-18T12:00:58.182251,neutral,0.971,2026-03-18T12:00:58.182251,0.5489074410317608,2026-03-18T12:00:58.005000,95,,,
participant_26,1,day,Town10HD_Opt,2026-03-18 12:00:59.265991,41.86566162109375,62.32591247558594,0.0025142286904156,19.36,-15.711,0.399,0.0,0,0,1,,1.0,2026-03-18T12:00:59.265991,neutral,0.971,2026-03-18T12:00:58.182251,0.5644500608858456,2026-03-18T12:00:58.995000,94,,,
participant_26,1,day,Town10HD_Opt,2026-03-18 12:01:00.336440,42.99629211425781,60.29976272583008,0.001982650719583,20.796,-15.647,0.511,0.0,0,0,1,,1.0,2026-03-18T12:01:00.336440,neutral,0.994,2026-03-18T12:01:00.336440,0.5470621465134462,2026-03-18T12:00:59.986000,96,,,
participant_26,1,day,Town10HD_Opt,2026-03-18 12:01:01.397300,43.8248176574707,57.88692092895508,0.0019839478190988,22.574,-12.493,0.0,0.0,0,0,1,,0.86,2026-03-18T12:01:01.397300,neutral,0.994,2026-03-18T12:01:00.336440,0.5047914395944588,2026-03-18T12:01:01.021000,96,,,
participant_26,1,day,Town10HD_Opt,2026-03-18 12:01:02.457666,44.38620376586914,55.490516662597656,0.0022003937046974,19.296,11.024,0.0,0.0,0,0,1,,0.855,2026-03-18T12:01:02.457666,neutral,0.99,2026-03-18T12:01:02.457666,0.6092448312854921,2026-03-18T12:01:02.010000,98,,,
participant_26,1,day,Town10HD_Opt,2026-03-18 12:01:03.020321,44.74974060058594,54.48682022094727,0.0020019528456032,17.681,13.951,0.0,0.0,0,0,1,,0.802,2026-03-18T12:01:03.020321,neutral,0.99,2026-03-18T12:01:02.457666,0.6572893301810211,2026-03-18T12:01:03,98,,,
participant_26,1,day,Town10HD_Opt,2026-03-18 12:01:04.071437,45.471282958984375,52.74059295654297,0.0020469664596021,14.775,-1.876,0.0,0.0,0,0,1,,0.989,2026-03-18T12:01:04.071437,neutral,0.99,2026-03-18T12:01:02.457666,0.6150667689206973,2026-03-18T12:01:03.990000,99,,,
participant_26,1,day,Town10HD_Opt,2026-03-18 12:01:05.093176,45.97040557861328,51.24658203125,0.0020378492772579,12.374,-6.014,0.0,0.0,0,0,1,,0.996,2026-03-18T12:01:05.093176,neutral,0.995,2026-03-18T12:01:05.093176,0.6632439121009968,2026-03-18T12:01:05.025000,97,,,
participant_26,1,day,Town10HD_Opt,2026-03-18 12:01:06.126106,46.34954452514648,49.94723129272461,0.0019438933813944,11.594,-4.605,0.216,0.0,0,0,1,,0.995,2026-03-18T12:01:06.126106,neutral,0.995,2026-03-18T12:01:05.093176,0.7118395119977385,2026-03-18T12:01:06.016000,95,,,
participant_26,1,day,Town10HD_Opt,2026-03-18 12:01:07.144240,46.67829513549805,48.60740661621094,0.0019274520454928,11.7,-5.938,0.094,0.0,0,0,1,,0.998,2026-03-18T12:01:07.144240,neutral,0.988,2026-03-18T12:01:07.144240,0.6683973357844931,2026-03-18T12:01:07.005000,95,,,
participant_26,1,day,Town10HD_Opt,2026-03-18 12:01:08.156109,46.93239212036133,47.324954986572266,0.0019633101765066,10.751,-5.938,0.095,0.0,0,0,1,,0.998,2026-03-18T12:01:08.156109,neutral,0.988,2026-03-18T12:01:07.144240,0.7889357538105602,2026-03-18T12:01:07.996000,95,,,
participant_26,1,day,Town10HD_Opt,2026-03-18 12:01:09.195218,47.11824417114258,46.13532638549805,0.0020917891524732,10.003,-5.877,0.12,0.0,0,0,1,,0.997,2026-03-18T12:01:09.195218,neutral,0.995,2026-03-18T12:01:09.195218,0.7175468317425904,2026-03-18T12:01:09.031000,92,,,
participant_26,1,day,Town10HD_Opt,2026-03-18 12:01:10.219196,47.25155258178711,45.00725173950195,0.0025005722418427,9.504,-5.444,0.119,0.0,0,0,1,,0.998,2026-03-18T12:01:10.219196,neutral,0.995,2026-03-18T12:01:09.195218,0.6287220634888662,2026-03-18T12:01:10.065000,93,,,
participant_26,1,day,Town10HD_Opt,2026-03-18 12:01:11.245377,47.36053085327149,43.92625427246094,0.0028293989598751,9.409,-1.457,0.475,0.0,0,0,1,,0.991,2026-03-18T12:01:11.245377,neutral,0.967,2026-03-18T12:01:11.245377,0.6365656774335838,2026-03-18T12:01:11.146000,90,,,
participant_26,1,day,Town10HD_Opt,2026-03-18 12:01:12.261316,47.49651336669922,42.62960815429688,0.003186302492395,13.174,-1.25,0.539,0.0,0,0,1,,0.986,2026-03-18T12:01:12.261316,neutral,0.967,2026-03-18T12:01:11.245377,0.6377229625353891,2026-03-18T12:01:12,90,,,
participant_26,1,day,Town10HD_Opt,2026-03-18 12:01:13.315008,47.73893356323242,40.83704376220703,-0.0002499014080967,18.344,11.144,0.696,0.0,0,0,1,,0.917,2026-03-18T12:01:13.315008,neutral,0.966,2026-03-18T12:01:13.315008,0.4764804379314274,2026-03-18T12:01:12.991000,88,,,
participant_26,1,day,Town10HD_Opt,2026-03-18 12:01:14.409073,48.34159469604492,38.66572570800781,0.0699661970138549,21.148,11.921,0.692,0.0,0,0,1,,0.981,2026-03-18T12:01:14.409073,neutral,0.966,2026-03-18T12:01:13.315008,0.4334665241932985,2026-03-18T12:01:14.026000,86,,,
participant_26,1,day,Town10HD_Opt,2026-03-18 12:01:14.995830,48.80995559692383,37.46372604370117,0.0439471378922462,23.493,13.868,0.701,0.0,0,0,1,,0.962,2026-03-18T12:01:14.995830,neutral,0.966,2026-03-18T12:01:13.315008,0.4895196390630426,2026-03-18T12:01:15.015000,86,,,
participant_26,1,day,Town10HD_Opt,2026-03-18 12:01:16.092103,50.39335250854492,34.87166976928711,0.0425722822546958,28.757,18.438,0.682,0.0,0,0,1,,0.871,2026-03-18T12:01:16.092103,neutral,0.979,2026-03-18T12:01:16.092103,0.3706755008141698,2026-03-18T12:01:16.005000,87,,,
participant_26,1,day,Town10HD_Opt,2026-03-18 12:01:17.281274,52.95344161987305,32.30354309082031,0.0093048848211765,33.137,6.661,0.539,0.0,0,0,1,,0.967,2026-03-18T12:01:17.281274,neutral,0.979,2026-03-18T12:01:16.092103,0.3769707923174015,2026-03-18T12:01:16.996000,87,,,
participant_26,1,day,Town10HD_Opt,2026-03-18 12:01:18.405111,56.09318542480469,29.785186767578125,0.0022223282139748,35.619,3.728,0.539,0.0,0,0,1,,0.992,2026-03-18T12:01:18.405111,neutral,0.996,2026-03-18T12:01:18.405111,0.3625929199362676,2026-03-18T12:01:18.031000,88,,,
participant_26,1,day,Town10HD_Opt,2026-03-18 12:01:19.001157,57.81623840332031,28.573524475097656,0.0020189667120575,36.566,8.189,0.533,0.0,0,0,1,,0.984,2026-03-18T12:01:19.001157,neutral,0.996,2026-03-18T12:01:18.405111,0.508421245125468,2026-03-18T12:01:19.065000,89,,,
participant_26,1,day,Town10HD_Opt,2026-03-18 12:01:20.112317,61.657562255859375,26.53482437133789,0.0020117568783462,37.584,7.982,0.0,0.0,0,0,1,,0.994,2026-03-18T12:01:20.112317,neutral,0.996,2026-03-18T12:01:18.405111,0.3916909279416752,2026-03-18T12:01:20.011000,91,,,
participant_26,1,day,Town10HD_Opt,2026-03-18 12:01:21.145390,65.54851531982422,25.274871826171875,0.0022910689003765,32.391,9.136,0.0,0.0,0,0,1,,0.983,2026-03-18T12:01:21.145390,neutral,0.989,2026-03-18T12:01:21.145390,0.4120562031977471,2026-03-18T12:01:21.001000,91,,,
participant_26,1,day,Town10HD_Opt,2026-03-18 12:01:22.195301,68.965576171875,24.802865982055664,0.0023156355600804,26.961,7.527,0.0,0.161,0,0,1,,0.984,2026-03-18T12:01:22.195301,neutral,0.989,2026-03-18T12:01:21.145390,0.434630822259673,2026-03-18T12:01:22.036000,90,,,
participant_26,1,day,Town10HD_Opt,2026-03-18 12:01:23.225128,71.78810119628906,24.72430419921875,0.0023077391088008,21.595,3.205,0.0,0.289,0,0,1,,0.972,2026-03-18T12:01:23.225128,neutral,0.981,2026-03-18T12:01:23.225128,0.3635564644787742,2026-03-18T12:01:23.026000,91,,,
participant_26,1,day,Town10HD_Opt,2026-03-18 12:01:24.298359,73.9993896484375,24.73460960388184,0.0020475767087191,16.192,0.611,0.0,0.341,0,0,1,,0.952,2026-03-18T12:01:24.298359,neutral,0.981,2026-03-18T12:01:23.225128,0.4048658030842892,2026-03-18T12:01:24.016000,92,,,
participant_26,1,day,Town10HD_Opt,2026-03-18 12:01:25.293148,75.6697769165039,24.751440048217773,0.0021183774806559,12.247,0.545,0.0,0.365,0,0,1,,1.0,2026-03-18T12:01:25.293148,neutral,0.79,2026-03-18T12:01:25.293148,0.3881053447150167,2026-03-18T12:01:25.095000,92,,,
participant_26,1,day,Town10HD_Opt,2026-03-18 12:01:26.290391,76.86714935302734,24.76871681213379,0.0021129224915057,8.332,0.573,0.0,0.476,0,0,1,,0.964,2026-03-18T12:01:26.290391,neutral,0.79,2026-03-18T12:01:25.293148,0.3743861599918778,2026-03-18T12:01:25.995000,94,,,
participant_26,1,day,Town10HD_Opt,2026-03-18 12:01:27.297959,77.39988708496094,24.775983810424805,0.0023938748054206,0.001,-0.338,0.0,0.547,0,0,1,,0.853,2026-03-18T12:01:27.297959,neutral,0.981,2026-03-18T12:01:27.297959,0.4778100118977894,2026-03-18T12:01:27.076000,94,,,
participant_26,1,day,Town10HD_Opt,2026-03-18 12:01:28.329903,77.40107727050781,24.775991439819336,0.0019729994237422,0.034,-0.075,0.0,0.0,0,0,1,,1.0,2026-03-18T12:01:28.329903,neutral,0.981,2026-03-18T12:01:27.297959,0.3436129856804998,2026-03-18T12:01:28.022000,95,,,
participant_26,1,day,Town10HD_Opt,2026-03-18 12:01:29.385008,77.4050064086914,24.77602767944336,0.0019233702914789,0.035,0.352,0.0,0.0,0,0,1,,0.963,2026-03-18T12:01:29.385008,neutral,0.942,2026-03-18T12:01:29.385008,0.4263238272480084,2026-03-18T12:01:29.145000,94,,,
participant_26,1,day,Town10HD_Opt,2026-03-18 12:01:30.367257,77.40840911865234,24.77608299255371,0.0019195937784388,0.03,0.345,0.0,0.0,0,0,1,,0.916,2026-03-18T12:01:30.367257,neutral,0.942,2026-03-18T12:01:29.385008,0.5182738660349993,2026-03-18T12:01:30.001000,94,,,
participant_26,1,day,Town10HD_Opt,2026-03-18 12:01:31.342938,77.41127014160156,24.776126861572266,0.0019192122854292,0.026,0.338,0.0,0.0,0,0,1,,0.943,2026-03-18T12:01:31.342938,neutral,0.942,2026-03-18T12:01:29.385008,0.5303857672499567,2026-03-18T12:01:31.035000,95,,,
participant_26,1,day,Town10HD_Opt,2026-03-18 12:01:32.326965,77.4131851196289,24.77612495422364,0.0019187545403838,0.009,0.336,0.0,0.0,0,0,1,,0.931,2026-03-18T12:01:32.326965,neutral,0.943,2026-03-18T12:01:32.326965,0.4443033454155962,2026-03-18T12:01:32.026000,95,,,
participant_26,1,day,Town10HD_Opt,2026-03-18 12:01:33.294625,77.41357421875,24.77612495422364,0.0019191360333934,0.002,0.317,0.0,0.0,0,0,1,,0.977,2026-03-18T12:01:33.294625,neutral,0.943,2026-03-18T12:01:32.326965,0.6197384966402637,2026-03-18T12:01:33.016000,97,,,
participant_26,1,day,Town10HD_Opt,2026-03-18 12:01:34.330483,77.4135971069336,24.77612495422364,0.0019187927246093,0.006,0.315,0.0,0.0,0,0,1,,0.914,2026-03-18T12:01:34.330483,neutral,0.972,2026-03-18T12:01:34.330483,0.6000523534327984,2026-03-18T12:01:34.096000,95,,,
participant_26,1,day,Town10HD_Opt,2026-03-18 12:01:35.396276,77.4136962890625,24.77612495422364,0.0019191360333934,0.001,0.315,0.0,0.0,0,0,1,,1.0,2026-03-18T12:01:35.396276,neutral,0.972,2026-03-18T12:01:34.330483,0.6187453636109749,2026-03-18T12:01:35.085000,96,,,
participant_26,1,day,Town10HD_Opt,2026-03-18 12:01:36.428228,77.41372680664062,24.77612495422364,0.0019187927246093,0.006,0.315,0.0,0.0,0,0,1,,0.864,2026-03-18T12:01:36.428228,neutral,0.979,2026-03-18T12:01:36.428228,0.6852411899071716,2026-03-18T12:01:36.031000,97,,,
participant_26,1,day,Town10HD_Opt,2026-03-18 12:01:37.436627,77.41380310058594,24.77612495422364,0.0019190978491678,0.001,0.315,0.0,0.0,0,0,1,,1.0,2026-03-18T12:01:37.436627,neutral,0.979,2026-03-18T12:01:36.428228,0.647636242499185,2026-03-18T12:01:37.020000,97,,,
participant_26,1,day,Town10HD_Opt,2026-03-18 12:01:38.438874,77.41386413574219,24.77612495422364,0.0019189452286809,0.006,0.315,0.0,0.0,0,0,1,,0.801,2026-03-18T12:01:38.438874,neutral,0.974,2026-03-18T12:01:38.438874,0.7193501467892788,2026-03-18T12:01:38.056000,96,,,
participant_26,1,day,Town10HD_Opt,2026-03-18 12:01:39.448124,77.4139175415039,24.77612495422364,0.001919021597132,0.001,0.315,0.0,0.0,0,0,1,,1.0,2026-03-18T12:01:39.448124,neutral,0.974,2026-03-18T12:01:38.438874,0.6865771550357764,2026-03-18T12:01:39.226000,97,,,
participant_26,1,day,Town10HD_Opt,2026-03-18 12:01:40.035507,77.41383361816406,24.77612495422364,0.0019189452286809,0.002,0.315,0.0,0.0,0,0,1,,0.808,2026-03-18T12:01:40.035507,neutral,0.974,2026-03-18T12:01:38.438874,0.707683989912614,2026-03-18T12:01:40.035000,97,,,
participant_26,1,day,Town10HD_Opt,2026-03-18 12:01:41.060538,77.4141616821289,24.77612495422364,0.0019191741012036,0.006,0.315,0.0,0.0,0,0,1,,1.0,2026-03-18T12:01:41.060538,neutral,0.966,2026-03-18T12:01:41.060538,0.7489075213887602,2026-03-18T12:01:41.025000,96,,,
participant_26,1,day,Town10HD_Opt,2026-03-18 12:01:42.064110,77.41394805908203,24.77612495422364,0.0019189452286809,0.002,0.315,0.0,0.0,0,0,1,,1.0,2026-03-18T12:01:42.064110,neutral,0.966,2026-03-18T12:01:41.060538,0.6884976225306632,2026-03-18T12:01:42.016000,95,,,
participant_26,1,day,Town10HD_Opt,2026-03-18 12:01:43.053216,77.41426849365234,24.77612495422364,0.0019190978491678,0.001,0.315,0.0,0.0,0,0,1,,1.0,2026-03-18T12:01:43.053216,neutral,0.966,2026-03-18T12:01:41.060538,0.7054049721010115,2026-03-18T12:01:43.006000,94,,,
participant_26,1,day,Town10HD_Opt,2026-03-18 12:01:44.055836,77.41407775878906,24.77612495422364,0.0019187163561582,0.007,0.315,0.0,0.0,0,0,1,,0.868,2026-03-18T12:01:44.055836,neutral,0.971,2026-03-18T12:01:44.055836,0.6382472851956781,2026-03-18T12:01:43.995000,92,,,
participant_26,1,day,Town10HD_Opt,2026-03-18 12:01:45.052061,77.41437530517578,24.77612495422364,0.0019193649059161,0.0,0.315,0.0,0.0,0,0,1,,0.921,2026-03-18T12:01:45.052061,neutral,0.971,2026-03-18T12:01:44.055836,0.6824538883070577,2026-03-18T12:01:45.031000,93,,,
participant_26,1,day,Town10HD_Opt,2026-03-18 12:01:46.039467,77.41421508789062,24.77612495422364,0.0019187545403838,0.007,0.315,0.0,0.0,0,0,1,,0.852,2026-03-18T12:01:46.039467,neutral,0.971,2026-03-18T12:01:44.055836,0.5703783814952754,2026-03-18T12:01:46.021000,91,,,
participant_26,1,day,Town10HD_Opt,2026-03-18 12:01:47.052051,77.41447448730469,24.77612495422364,0.001919517526403,0.001,0.315,0.0,0.0,0,0,1,,0.899,2026-03-18T12:01:47.052051,neutral,0.993,2026-03-18T12:01:47.052051,0.5533022701994731,2026-03-18T12:01:47.100000,92,,,
participant_26,1,day,Town10HD_Opt,2026-03-18 12:01:48.058682,77.41434478759766,24.77612495422364,0.0019187545403838,0.007,0.315,0.0,0.0,0,0,1,,1.0,2026-03-18T12:01:48.058682,neutral,0.993,2026-03-18T12:01:47.052051,0.4911924008046381,2026-03-18T12:01:48.001000,92,,,
participant_26,1,day,Town10HD_Opt,2026-03-18 12:01:49.078398,77.41458129882812,24.77612495422364,0.001919517526403,0.001,0.315,0.0,0.0,0,0,1,,1.0,2026-03-18T12:01:49.078398,neutral,0.941,2026-03-18T12:01:49.078398,0.4788298440742274,2026-03-18T12:01:49.037000,92,,,
participant_26,1,day,Town10HD_Opt,2026-03-18 12:01:50.069251,77.41447448730469,24.77612495422364,0.0019187545403838,0.006,0.315,0.0,0.0,0,0,1,,1.0,2026-03-18T12:01:50.069251,neutral,0.941,2026-03-18T12:01:49.078398,0.4979463825835308,2026-03-18T12:01:50.027000,92,,,
participant_26,1,day,Town10HD_Opt,2026-03-18 12:01:51.048561,77.41468048095703,24.77612495422364,0.0019195555942133,0.001,0.315,0.0,0.0,0,0,1,,0.849,2026-03-18T12:01:51.048561,neutral,0.941,2026-03-18T12:01:49.078398,0.4307965686333302,2026-03-18T12:01:51.015000,93,,,
participant_26,1,day,Town10HD_Opt,2026-03-18 12:01:52.022051,77.41460418701172,24.77612495422364,0.0019187927246093,0.006,0.315,0.0,0.0,0,0,1,,0.886,2026-03-18T12:01:52.022051,neutral,0.986,2026-03-18T12:01:52.022051,0.3782217668234122,2026-03-18T12:01:52.051000,93,,,
participant_26,1,day,Town10HD_Opt,2026-03-18 12:01:53.015345,77.41477966308594,24.77612495422364,0.0019195555942133,0.001,0.315,0.0,0.0,0,0,1,,1.0,2026-03-18T12:01:53.015345,neutral,0.986,2026-03-18T12:01:52.022051,0.4486137170657644,2026-03-18T12:01:53.130000,94,,,
participant_26,1,day,Town10HD_Opt,2026-03-18 12:01:54.009661,77.41474151611328,24.77612495422364,0.0019187545403838,0.006,0.315,0.0,0.0,0,0,1,,0.867,2026-03-18T12:01:54.009661,neutral,0.986,2026-03-18T12:01:52.022051,0.439092793865964,2026-03-18T12:01:54.031000,94,,,
participant_26,1,day,Town10HD_Opt,2026-03-18 12:01:55.097638,77.5789794921875,24.79636001586914,0.0016296006506308,5.947,17.768,1.0,0.0,0,0,1,,0.93,2026-03-18T12:01:55.097638,neutral,0.939,2026-03-18T12:01:55.097638,0.4668358587595888,2026-03-18T12:01:55.022000,95,Solid line crossing,Solid line crossing,
participant_26,1,day,Town10HD_Opt,2026-03-18 12:01:56.148835,78.71571350097656,25.027814865112305,0.0015978623414412,12.977,18.076,0.559,0.0,0,0,1,,0.81,2026-03-18T12:01:56.148835,neutral,0.939,2026-03-18T12:01:55.097638,0.5210979120493344,2026-03-18T12:01:56.012000,96,,,
participant_26,1,day,Town10HD_Opt,2026-03-18 12:01:57.209027,80.29685974121094,25.533674240112305,0.001859588548541,14.516,6.234,0.194,0.0,0,0,1,,0.988,2026-03-18T12:01:57.209027,neutral,0.912,2026-03-18T12:01:57.209027,0.5728269383707217,2026-03-18T12:01:57,97,,,
participant_26,1,day,Town10HD_Opt,2026-03-18 12:01:58.269964,81.91578674316406,25.99519729614257,0.0019072341965511,14.641,-5.063,0.719,0.0,0,0,1,,0.981,2026-03-18T12:01:58.269964,neutral,0.912,2026-03-18T12:01:57.209027,0.6425896487523843,2026-03-18T12:01:57.990000,99,,,
participant_26,1,day,Town10HD_Opt,2026-03-18 12:01:59.343339,83.94969177246094,26.459125518798828,0.002197227673605,21.403,-0.214,1.0,0.0,0,0,1,,0.916,2026-03-18T12:01:59.343339,neutral,0.943,2026-03-18T12:01:59.343339,0.7197361067906811,2026-03-18T12:01:59.026000,101,,,
participant_26,1,day,Town10HD_Opt,2026-03-18 12:02:00.394897,86.97461700439453,27.1862907409668,0.0016969683347269,32.103,-7.772,1.0,0.0,0,0,1,,0.98,2026-03-18T12:02:00.394897,neutral,0.943,2026-03-18T12:01:59.343339,0.7370445811425959,2026-03-18T12:02:00.016000,99,,,
participant_26,1,day,Town10HD_Opt,2026-03-18 12:02:01.460223,91.24508666992188,27.393102645874023,0.0016021347837522,41.723,-19.87,0.949,0.0,0,0,1,,0.962,2026-03-18T12:02:01.460223,neutral,0.954,2026-03-18T12:02:01.460223,0.7329184057123086,2026-03-18T12:02:01.006000,100,,,
participant_26,1,day,Town10HD_Opt,2026-03-18 12:02:02.005186,93.68739318847656,26.82815933227539,0.0016568375285714,44.974,-17.124,0.925,0.0,0,0,1,,0.842,2026-03-18T12:02:02.005186,neutral,0.954,2026-03-18T12:02:01.460223,0.8209627243166812,2026-03-18T12:02:01.996000,99,,,
participant_26,1,day,Town10HD_Opt,2026-03-18 12:02:03.030123,98.56964874267578,24.01778221130371,0.0017021561507135,51.844,-9.495,0.0,0.184,0,0,1,,0.972,2026-03-18T12:02:03.030123,neutral,0.954,2026-03-18T12:02:01.460223,0.8737862166059843,2026-03-18T12:02:03.031000,99,,,
participant_26,1,day,Town10HD_Opt,2026-03-18 12:02:04.033346,102.53914642333984,19.803375244140625,0.0023006056435406,46.284,-5.243,0.233,0.0,0,0,1,,0.937,2026-03-18T12:02:04.033346,neutral,0.928,2026-03-18T12:02:04.033346,0.7896044371480855,2026-03-18T12:02:04.021000,98,,,
participant_26,1,day,Town10HD_Opt,2026-03-18 12:02:05.048155,105.25045776367188,15.323362350463867,0.002001037588343,46.283,-16.692,0.889,0.0,0,0,1,,0.955,2026-03-18T12:02:05.048155,neutral,0.928,2026-03-18T12:02:04.033346,0.969276771883631,2026-03-18T12:02:05.011000,100,,,
participant_26,1,day,Town10HD_Opt,2026-03-18 12:02:06.087397,106.682861328125,9.760011672973633,0.001776352059096,52.009,1.083,0.0,0.213,0,0,1,,0.845,2026-03-18T12:02:06.087397,neutral,0.975,2026-03-18T12:02:06.087397,0.8910881862068799,2026-03-18T12:02:06.001000,100,,,
participant_26,1,day,Town10HD_Opt,2026-03-18 12:02:07.121677,107.6008071899414,4.00855827331543,0.0021361159160733,48.776,-3.109,0.852,0.0,0,0,1,,0.967,2026-03-18T12:02:07.121677,neutral,0.975,2026-03-18T12:02:06.087397,0.8783744928048547,2026-03-18T12:02:07.036000,100,,,
participant_26,1,day,Town10HD_Opt,2026-03-18 12:02:08.141469,108.20825958251952,-1.836714148521424,0.0020619200076907,49.968,-6.085,0.809,0.0,0,0,1,,0.889,2026-03-18T12:02:08.141469,neutral,0.975,2026-03-18T12:02:08.141469,0.981657908195702,2026-03-18T12:02:08.026000,100,,,
participant_26,1,day,Town10HD_Opt,2026-03-18 12:02:09.189721,108.08646392822266,-7.510719299316406,0.0021103667095303,48.056,3.594,0.437,0.0,0,0,1,,0.956,2026-03-18T12:02:09.189721,neutral,0.975,2026-03-18T12:02:08.141469,0.99,2026-03-18T12:02:09.062000,101,,,
participant_26,1,day,Town10HD_Opt,2026-03-18 12:02:10.200807,108.1951904296875,-13.056072235107422,0.0020837783813476,47.132,0.59,0.462,0.0,0,0,1,,0.967,2026-03-18T12:02:10.200807,neutral,0.994,2026-03-18T12:02:10.200807,0.9051653489065168,2026-03-18T12:02:10.006000,102,,,
participant_26,1,day,Town10HD_Opt,2026-03-18 12:02:11.219721,108.5665512084961,-18.52496337890625,0.0020584105513989,46.857,-2.118,0.467,0.0,0,0,1,,0.968,2026-03-18T12:02:11.219721,neutral,0.994,2026-03-18T12:02:10.200807,0.99,2026-03-18T12:02:10.996000,103,,,
participant_26,1,day,Town10HD_Opt,2026-03-18 12:02:12.218237,108.72361755371094,-23.966781616210938,0.0020627211779356,46.426,-3.276,0.455,0.0,0,0,1,,0.975,2026-03-18T12:02:12.218237,neutral,0.968,2026-03-18T12:02:12.218237,0.99,2026-03-18T12:02:12.031000,102,,,
participant_26,1,day,Town10HD_Opt,2026-03-18 12:02:13.295053,108.41256713867188,-29.34643173217773,0.0020703505724668,45.883,-6.879,0.454,0.0,0,0,1,,0.866,2026-03-18T12:02:13.295053,neutral,0.968,2026-03-18T12:02:12.218237,0.92203146788836,2026-03-18T12:02:13.066000,98,,,
participant_26,1,day,Town10HD_Opt,2026-03-18 12:02:14.319030,107.32411193847656,-34.544273376464844,0.0020808791741728,45.22,-8.902,0.466,0.0,0,0,1,,0.94,2026-03-18T12:02:14.319030,neutral,0.935,2026-03-18T12:02:14.319030,0.9741062568706148,2026-03-18T12:02:14.011000,99,,,
participant_26,1,day,Town10HD_Opt,2026-03-18 12:02:15.357505,105.28487396240234,-39.38444900512695,0.002066345186904,44.943,-5.361,0.459,0.0,0,0,1,,0.982,2026-03-18T12:02:15.357505,neutral,0.935,2026-03-18T12:02:14.319030,0.9746815803312562,2026-03-18T12:02:15.001000,99,,,
participant_26,1,day,Town10HD_Opt,2026-03-18 12:02:16.373846,102.58960723876952,-43.86116790771485,0.0020586394239217,44.711,-3.832,0.463,0.0,0,0,1,,0.938,2026-03-18T12:02:16.373846,neutral,0.986,2026-03-18T12:02:16.373846,0.977456553410328,2026-03-18T12:02:15.991000,97,,,
participant_26,1,day,Town10HD_Opt,2026-03-18 12:02:17.383555,99.42838287353516,-47.99121856689453,0.0020567702595144,44.506,-5.479,0.463,0.0,0,0,1,,0.978,2026-03-18T12:02:17.383555,neutral,0.986,2026-03-18T12:02:16.373846,0.9573430086234946,2026-03-18T12:02:17.026000,97,,,
participant_26,1,day,Town10HD_Opt,2026-03-18 12:02:18.408861,95.77216339111328,-51.65395736694336,0.0020562743302434,44.311,-5.267,0.463,0.0,0,0,1,,0.98,2026-03-18T12:02:18.408861,neutral,0.992,2026-03-18T12:02:18.408861,0.8964274859781912,2026-03-18T12:02:18.016000,96,,,
participant_26,1,day,Town10HD_Opt,2026-03-18 12:02:19.405878,91.67020416259766,-54.7731819152832,0.0020572661887854,44.115,-6.137,0.463,0.0,0,0,1,,0.99,2026-03-18T12:02:19.405878,neutral,0.992,2026-03-18T12:02:18.408861,0.962650058055034,2026-03-18T12:02:19.006000,96,,,
participant_26,1,day,Town10HD_Opt,2026-03-18 12:02:20.446275,87.20452880859375,-57.30852890014648,0.0020523071289062,43.923,7.501,0.462,0.0,0,0,1,,0.958,2026-03-18T12:02:20.446275,neutral,0.972,2026-03-18T12:02:20.446275,0.9111798816477632,2026-03-18T12:02:20.041000,95,,,errors=Solid line crossing
participant_26,1,day,Town10HD_Opt,2026-03-18 12:02:21.005750,85.01112365722656,-58.61836242675781,0.0020613861270248,43.723,8.844,0.462,0.0,0,0,1,,0.952,2026-03-18T12:02:21.005750,neutral,0.972,2026-03-18T12:02:20.446275,0.7282238635645437,2026-03-18T12:02:21.121000,93,,,
participant_26,1,day,Town10HD_Opt,2026-03-18 12:02:22.050140,80.92829132080078,-61.6806526184082,0.0020296860020607,43.964,-4.362,0.513,0.0,0,0,1,,0.96,2026-03-18T12:02:22.050140,neutral,0.972,2026-03-18T12:02:20.446275,0.6498623682649826,2026-03-18T12:02:22.021000,91,,,
participant_26,1,day,Town10HD_Opt,2026-03-18 12:02:23.067995,76.63347625732422,-64.52642059326172,0.0020207595080137,44.498,-7.0,0.512,0.0,0,0,1,,0.892,2026-03-18T12:02:23.067995,neutral,0.96,2026-03-18T12:02:23.067995,0.7016141077948211,2026-03-18T12:02:23.011000,92,,,
participant_26,1,day,Town10HD_Opt,2026-03-18 12:02:24.049149,71.87626647949219,-66.65338134765625,0.0020219038706272,45.034,-6.706,0.512,0.0,0,0,1,,0.842,2026-03-18T12:02:24.049149,neutral,0.96,2026-03-18T12:02:23.067995,0.6082451991550124,2026-03-18T12:02:24.091000,93,,,
participant_26,1,day,Town10HD_Opt,2026-03-18 12:02:25.053085,66.7730941772461,-67.97716522216797,0.0020241546444594,45.491,-6.45,0.512,0.0,0,0,1,,0.904,2026-03-18T12:02:25.053085,neutral,0.96,2026-03-18T12:02:23.067995,0.5432854306517376,2026-03-18T12:02:25.036000,93,,,errors=Solid line crossing
participant_26,1,day,Town10HD_Opt,2026-03-18 12:02:26.076277,61.46578979492188,-68.50826263427734,0.0020206451881676,46.024,-3.497,0.509,0.0,0,0,1,,1.0,2026-03-18T12:02:26.076277,neutral,0.983,2026-03-18T12:02:26.076277,0.5001313419806479,2026-03-18T12:02:26.026000,92,,,
participant_26,1,day,Town10HD_Opt,2026-03-18 12:02:27.102009,56.06346130371094,-68.57144165039062,0.0020166777539998,46.578,1.222,0.506,0.0,0,0,1,,1.0,2026-03-18T12:02:27.102009,neutral,0.983,2026-03-18T12:02:26.076277,0.5640584188219624,2026-03-18T12:02:27.016000,93,,,
participant_26,1,day,Town10HD_Opt,2026-03-18 12:02:28.116892,50.60211944580078,-68.6153564453125,0.0020208358764648,47.018,-2.553,0.504,0.0,0,0,1,,0.856,2026-03-18T12:02:28.116892,neutral,0.992,2026-03-18T12:02:28.116892,0.4599452890325674,2026-03-18T12:02:28.051000,91,,,
participant_26,1,day,Town10HD_Opt,2026-03-18 12:02:29.162306,45.10149765014648,-68.43657684326172,0.0020268631633371,47.328,-1.864,0.5,0.0,0,0,1,,0.926,2026-03-18T12:02:29.162306,neutral,0.992,2026-03-18T12:02:28.116892,0.5073543874669311,2026-03-18T12:02:29.041000,90,,,
participant_26,1,day,Town10HD_Opt,2026-03-18 12:02:30.179213,39.584739685058594,-67.96073150634766,0.0020293043926358,47.616,-1.147,0.5,0.0,0,0,1,,1.0,2026-03-18T12:02:30.179213,neutral,0.991,2026-03-18T12:02:30.179213,0.4945422686492489,2026-03-18T12:02:30.031000,89,,,
participant_26,1,day,Town10HD_Opt,2026-03-18 12:02:31.191998,34.05701446533203,-67.29971313476562,0.002030563307926,47.834,-0.244,0.498,0.0,0,0,1,,1.0,2026-03-18T12:02:31.191998,neutral,0.991,2026-03-18T12:02:30.179213,0.4508027561786615,2026-03-18T12:02:31.022000,88,,,
participant_26,1,day,Town10HD_Opt,2026-03-18 12:02:32.221472,28.512008666992188,-66.60395050048828,0.0020436476916074,47.829,0.162,0.096,0.0,0,0,1,,1.0,2026-03-18T12:02:32.221472,neutral,0.884,2026-03-18T12:02:32.221472,0.4330206630985425,2026-03-18T12:02:32.056000,86,,,
participant_26,1,day,Town10HD_Opt,2026-03-18 12:02:33.229047,23.26165771484375,-65.99198913574219,0.0023230740334838,42.062,0.444,0.0,0.0,0,0,1,,1.0,2026-03-18T12:02:33.229047,neutral,0.884,2026-03-18T12:02:32.221472,0.4642367137756022,2026-03-18T12:02:33.091000,87,,,
participant_26,1,day,Town10HD_Opt,2026-03-18 12:02:34.240944,18.78244400024414,-65.53108978271484,0.0023575590457767,34.941,1.664,0.009,0.0,0,0,1,,0.853,2026-03-18T12:02:34.240944,neutral,0.976,2026-03-18T12:02:34.240944,0.4321301285031367,2026-03-18T12:02:34.036000,89,,,
participant_26,1,day,Town10HD_Opt,2026-03-18 12:02:35.223373,14.889204025268556,-65.24578857421875,0.0021405792795121,32.929,1.455,0.515,0.0,0,0,1,,1.0,2026-03-18T12:02:35.223373,neutral,0.976,2026-03-18T12:02:34.240944,0.3283770068544544,2026-03-18T12:02:35.116000,89,,,
participant_26,1,day,Town10HD_Opt,2026-03-18 12:02:36.225487,10.975339889526367,-65.01973724365234,0.0019947432447224,34.225,-0.444,0.475,0.0,0,0,1,,1.0,2026-03-18T12:02:36.225487,neutral,0.976,2026-03-18T12:02:34.240944,0.4060827797872441,2026-03-18T12:02:36.016000,87,,,
participant_26,1,day,Town10HD_Opt,2026-03-18 12:02:37.232921,6.923099994659424,-64.8110122680664,0.0019926070235669,35.281,1.669,0.468,0.0,0,0,1,,1.0,2026-03-18T12:02:37.232921,neutral,0.945,2026-03-18T12:02:37.232921,0.3705038045139471,2026-03-18T12:02:37.007000,88,,,
participant_26,1,day,Town10HD_Opt,2026-03-18 12:02:38.240422,2.7565624713897705,-64.68278503417969,0.0020015717018395,36.125,-0.472,0.452,0.0,0,0,1,,1.0,2026-03-18T12:02:38.240422,neutral,0.945,2026-03-18T12:02:37.232921,0.470305894778156,2026-03-18T12:02:38.131000,88,,,
participant_26,1,day,Town10HD_Opt,2026-03-18 12:02:39.260399,-1.4356694221496582,-64.55606079101562,0.0021372602786868,34.69,0.989,0.0,0.0,0,0,1,,1.0,2026-03-18T12:02:39.260399,neutral,0.949,2026-03-18T12:02:39.260399,0.3957417397459095,2026-03-18T12:02:39.031000,88,,,
participant_26,1,day,Town10HD_Opt,2026-03-18 12:02:40.254938,-5.168396949768066,-64.51008605957031,0.0022867200896143,29.41,1.043,0.0,0.0,0,0,1,,0.841,2026-03-18T12:02:40.254938,neutral,0.949,2026-03-18T12:02:39.260399,0.4572210797201019,2026-03-18T12:02:40.067000,88,,,
participant_26,1,day,Town10HD_Opt,2026-03-18 12:02:41.234968,-8.304854393005371,-64.53240203857422,0.0022776029072701,24.566,0.733,0.0,0.0,0,0,1,,0.886,2026-03-18T12:02:41.234968,neutral,0.949,2026-03-18T12:02:39.260399,0.3840528295783049,2026-03-18T12:02:41.011000,91,,,
participant_26,1,day,Town10HD_Opt,2026-03-18 12:02:42.217387,-10.910836219787598,-64.57621765136719,0.00225166301243,19.96,0.045,0.0,0.0,0,0,1,,0.909,2026-03-18T12:02:42.217387,neutral,0.991,2026-03-18T12:02:42.217387,0.4062760381884279,2026-03-18T12:02:42.047000,92,,,
participant_26,1,day,Town10HD_Opt,2026-03-18 12:02:43.220804,-13.063860893249512,-64.61585235595703,0.0019584274850785,17.03,0.256,0.0,0.0,0,0,1,,0.932,2026-03-18T12:02:43.220804,neutral,0.991,2026-03-18T12:02:42.217387,0.4473041206365393,2026-03-18T12:02:43.037000,92,,,
participant_26,1,day,Town10HD_Opt,2026-03-18 12:02:44.227858,-14.884565353393556,-64.65596771240234,0.0020432663150131,14.089,0.282,0.0,0.0,0,0,1,,0.876,2026-03-18T12:02:44.227858,neutral,0.997,2026-03-18T12:02:44.227858,0.3749586698761517,2026-03-18T12:02:44.116000,92,,,
participant_26,1,day,Town10HD_Opt,2026-03-18 12:02:45.208375,-16.410444259643555,-64.68898010253906,0.0020317458547651,11.813,-0.637,0.0,0.0,0,0,1,,0.925,2026-03-18T12:02:45.208375,neutral,0.997,2026-03-18T12:02:44.227858,0.45226383058185,2026-03-18T12:02:45.061000,91,,,
participant_26,1,day,Town10HD_Opt,2026-03-18 12:02:46.206009,-17.68753433227539,-64.70722198486328,0.0020263672340661,9.836,-0.592,0.0,0.266,0,0,1,,0.882,2026-03-18T12:02:46.206009,neutral,0.997,2026-03-18T12:02:44.227858,0.378893397668977,2026-03-18T12:02:46.008000,91,,,
participant_26,1,day,Town10HD_Opt,2026-03-18 12:02:47.210460,-18.624181747436523,-64.71796417236328,0.0020867537241429,6.283,-0.47,0.0,0.45,0,0,1,,0.977,2026-03-18T12:02:47.210460,neutral,0.985,2026-03-18T12:02:47.210460,0.4569549375077965,2026-03-18T12:02:47.042000,91,,,
participant_26,1,day,Town10HD_Opt,2026-03-18 12:02:48.211746,-18.770463943481445,-64.71991729736328,0.0020833206363022,0.0,-0.444,0.0,0.218,0,0,1,,0.843,2026-03-18T12:02:48.211746,neutral,0.985,2026-03-18T12:02:47.210460,0.4103193151503146,2026-03-18T12:02:48.076000,91,,,
participant_26,1,day,Town10HD_Opt,2026-03-18 12:02:49.183794,-18.7729721069336,-64.71991729736328,0.0019355391850695,0.036,-0.219,0.0,0.0,0,0,1,,0.814,2026-03-18T12:02:49.183794,neutral,0.985,2026-03-18T12:02:47.210460,0.4215911483364232,2026-03-18T12:02:49.066000,91,,,
participant_26,1,day,Town10HD_Opt,2026-03-18 12:02:50.136479,-18.77657699584961,-64.71991729736328,0.0019205092685297,0.032,-0.195,0.0,0.0,0,0,1,,1.0,2026-03-18T12:02:50.136479,neutral,0.957,2026-03-18T12:02:50.136479,0.3750717025208475,2026-03-18T12:02:50.012000,90,,,
participant_26,1,day,Town10HD_Opt,2026-03-18 12:02:51.076336,-18.77960586547852,-64.71991729736328,0.0019192504696547,0.027,-0.186,0.0,0.0,0,0,1,,1.0,2026-03-18T12:02:51.076336,neutral,0.957,2026-03-18T12:02:50.136479,0.3873116850934519,2026-03-18T12:02:51.047000,90,,,
participant_26,1,day,Town10HD_Opt,2026-03-18 12:02:52.021197,-18.78156852722168,-64.71991729736328,0.0019191741012036,0.003,-0.176,0.0,0.0,0,0,1,,1.0,2026-03-18T12:02:52.021197,neutral,0.957,2026-03-18T12:02:50.136479,0.4045947489361202,2026-03-18T12:02:52.036000,93,,,
participant_26,1,day,Town10HD_Opt,2026-03-18 12:02:53.430328,-18.781896591186523,-64.71991729736328,0.0019188689766451,0.006,-0.139,0.0,0.0,0,0,1,,1.0,2026-03-18T12:02:53.430328,neutral,0.976,2026-03-18T12:02:53.430328,0.4266869806187748,2026-03-18T12:02:53.072000,94,,,
participant_26,1,day,Town10HD_Opt,2026-03-18 12:02:54.428794,-18.78177261352539,-64.71991729736328,0.0019189452286809,0.002,-0.132,0.0,0.0,0,0,1,,1.0,2026-03-18T12:02:54.428794,neutral,0.976,2026-03-18T12:02:53.430328,0.3865056939011113,2026-03-18T12:02:54.106000,93,,,
participant_26,1,day,Town10HD_Opt,2026-03-18 12:02:55.441442,-18.78200340270996,-64.71991729736328,0.0019188689766451,0.006,-0.129,0.0,0.0,0,0,1,,1.0,2026-03-18T12:02:55.441442,sad,0.959,2026-03-18T12:02:55.441442,0.4362905641940738,2026-03-18T12:02:55.006000,93,,,
participant_26,1,day,Town10HD_Opt,2026-03-18 12:02:56.393509,-18.781858444213867,-64.71991729736328,0.0019189452286809,0.002,-0.129,0.0,0.0,0,0,1,,1.0,2026-03-18T12:02:56.393509,sad,0.959,2026-03-18T12:02:55.441442,0.4201828205093556,2026-03-18T12:02:56.042000,93,,,
participant_26,1,day,Town10HD_Opt,2026-03-18 12:02:57.360145,-18.782106399536133,-64.71992492675781,0.0019189452286809,0.006,-1.243,0.0,0.0,0,0,1,,1.0,2026-03-18T12:02:57.360145,sad,0.959,2026-03-18T12:02:55.441442,0.471006574840865,2026-03-18T12:02:57.032000,92,,,
participant_26,1,day,Town10HD_Opt,2026-03-18 12:02:58.340973,-18.78194808959961,-64.71991729736328,0.0019189452286809,0.002,-0.256,0.0,0.0,0,0,1,,1.0,2026-03-18T12:02:58.340973,neutral,0.932,2026-03-18T12:02:58.340973,0.3699441415445985,2026-03-18T12:02:58.021000,93,,,
participant_26,1,day,Town10HD_Opt,2026-03-18 12:02:59.395391,-18.782211303710938,-64.71991729736328,0.0019189452286809,0.006,-0.254,0.0,0.0,0,0,1,,1.0,2026-03-18T12:02:59.395391,neutral,0.932,2026-03-18T12:02:58.340973,0.4242950166355414,2026-03-18T12:02:59.102000,92,,,
participant_26,1,day,Town10HD_Opt,2026-03-18 12:03:00.333081,-18.78203392028809,-64.71991729736328,0.0019189452286809,0.002,-0.254,0.0,0.0,0,0,1,,1.0,2026-03-18T12:03:00.333081,neutral,0.932,2026-03-18T12:02:58.340973,0.4600312693566094,2026-03-18T12:03:00.046000,93,,,
participant_26,1,day,Town10HD_Opt,2026-03-18 12:03:01.305508,-18.782316207885746,-64.71991729736328,0.0019189452286809,0.006,-0.251,0.0,0.0,0,0,1,,1.0,2026-03-18T12:03:01.305508,neutral,0.931,2026-03-18T12:03:01.305508,0.4732245967226693,2026-03-18T12:03:01.036000,92,,,
participant_26,1,day,Town10HD_Opt,2026-03-18 12:03:02.292782,-18.812599182128903,-64.72027587890625,0.0017996978713199,2.631,-3.57,1.0,0.0,0,0,1,,1.0,2026-03-18T12:03:02.292782,neutral,0.931,2026-03-18T12:03:01.305508,0.4618559208108951,2026-03-18T12:03:02.026000,94,,,
participant_26,1,day,Town10HD_Opt,2026-03-18 12:03:03.308634,-19.630659103393555,-64.66163635253906,0.0014159777201712,12.48,-9.6,1.0,0.0,0,0,1,,0.839,2026-03-18T12:03:03.308634,neutral,0.956,2026-03-18T12:03:03.308634,0.3965043336804063,2026-03-18T12:03:03.062000,94,,,
participant_26,1,day,Town10HD_Opt,2026-03-18 12:03:04.304858,-21.66275405883789,-64.38713073730469,0.0017241288442164,21.695,-9.246,0.997,0.0,0,0,1,,1.0,2026-03-18T12:03:04.304858,neutral,0.956,2026-03-18T12:03:03.308634,0.499164729035053,2026-03-18T12:03:04.007000,95,,,errors=Solid line crossing
participant_26,1,day,Town10HD_Opt,2026-03-18 12:03:05.308046,-24.72109031677246,-63.6819953918457,0.0015169527614489,32.41,-4.414,0.982,0.0,0,0,1,,0.9,2026-03-18T12:03:05.308046,neutral,0.956,2026-03-18T12:03:03.308634,0.384328839773629,2026-03-18T12:03:05.176000,94,Red light violation,Red light violation,
participant_26,1,day,Town10HD_Opt,2026-03-18 12:03:06.324139,-28.93119239807129,-62.516937255859375,0.0015983200864866,41.605,3.815,0.79,0.0,0,0,1,,1.0,2026-03-18T12:03:06.324139,neutral,0.964,2026-03-18T12:03:06.324139,0.4676934882537192,2026-03-18T12:03:06.033000,94,,,
participant_26,1,day,Town10HD_Opt,2026-03-18 12:03:07.345372,-34.065242767333984,-61.78409957885742,0.001742401276715,47.451,14.327,0.895,0.0,0,0,1,,1.0,2026-03-18T12:03:07.345372,neutral,0.964,2026-03-18T12:03:06.324139,0.4437706940697468,2026-03-18T12:03:07.022000,93,,,
participant_26,1,day,Town10HD_Opt,2026-03-18 12:03:08.353288,-39.87943649291992,-62.57656097412109,0.0018935012631118,51.354,-0.656,0.0,0.174,0,0,1,,1.0,2026-03-18T12:03:08.353288,neutral,0.984,2026-03-18T12:03:08.353288,0.4496637552841216,2026-03-18T12:03:08.012000,92,,,
participant_26,1,day,Town10HD_Opt,2026-03-18 12:03:09.356372,-45.52770233154297,-63.75128936767578,0.0019873427227139,50.281,-4.386,0.951,0.0,0,0,1,,1.0,2026-03-18T12:03:09.356372,neutral,0.984,2026-03-18T12:03:08.353288,0.4664100415230395,2026-03-18T12:03:09.047000,92,,,
participant_26,1,day,Town10HD_Opt,2026-03-18 12:03:10.355168,-51.40671157836914,-64.5671157836914,0.0021940229926258,48.568,3.759,0.958,0.0,0,0,1,,0.876,2026-03-18T12:03:10.355168,neutral,0.962,2026-03-18T12:03:10.355168,0.489648443376655,2026-03-18T12:03:10.036000,92,,,
participant_26,1,day,Town10HD_Opt,2026-03-18 12:03:11.373351,-57.16706848144531,-65.59477996826172,0.0018766404828056,52.09,-2.713,0.0,0.209,0,0,1,,0.856,2026-03-18T12:03:11.373351,neutral,0.962,2026-03-18T12:03:10.355168,0.5149650903046862,2026-03-18T12:03:11.027000,91,,,
participant_26,1,day,Town10HD_Opt,2026-03-18 12:03:12.361454,-62.9260139465332,-66.41639709472656,0.0020864105317741,49.498,-2.118,0.953,0.0,0,0,1,,0.954,2026-03-18T12:03:12.361454,neutral,0.986,2026-03-18T12:03:12.361454,0.4926601638603884,2026-03-18T12:03:12.061000,88,,,
participant_26,1,day,Town10HD_Opt,2026-03-18 12:03:13.340398,-68.87715148925781,-66.9053726196289,0.00212581618689,49.919,-1.911,0.951,0.0,0,0,1,,0.927,2026-03-18T12:03:13.340398,neutral,0.986,2026-03-18T12:03:12.361454,0.4216998309160817,2026-03-18T12:03:13.097000,87,,,
participant_26,1,day,Town10HD_Opt,2026-03-18 12:03:14.372998,-74.68714904785156,-67.03045654296875,0.0018782805418595,52.2,-3.384,0.0,0.22,0,0,1,,0.97,2026-03-18T12:03:14.372998,neutral,0.992,2026-03-18T12:03:14.372998,0.4632647525527503,2026-03-18T12:03:14.042000,84,,,
participant_26,1,day,Town10HD_Opt,2026-03-18 12:03:15.368223,-80.53956604003906,-66.63617706298828,0.0021830748300999,48.646,-6.597,0.93,0.0,0,0,1,,0.989,2026-03-18T12:03:15.368223,neutral,0.992,2026-03-18T12:03:14.372998,0.4452947733069866,2026-03-18T12:03:15.031000,82,,,
participant_26,1,day,Town10HD_Opt,2026-03-18 12:03:16.357190,-86.25892639160156,-65.1971435546875,0.0019895934965461,51.077,-9.784,0.0,0.108,0,0,1,,0.961,2026-03-18T12:03:16.357190,neutral,0.992,2026-03-18T12:03:14.372998,0.4570724645362804,2026-03-18T12:03:16.022000,83,,,
participant_26,1,day,Town10HD_Opt,2026-03-18 12:03:17.354426,-91.35572814941406,-62.60549545288086,0.002007903996855,49.843,-3.028,0.928,0.0,0,0,1,,0.962,2026-03-18T12:03:17.354426,neutral,0.989,2026-03-18T12:03:17.354426,0.3983206576742064,2026-03-18T12:03:17.011000,86,,,
participant_26,1,day,Town10HD_Opt,2026-03-18 12:03:18.380426,-96.28108215332033,-59.271297454833984,0.0022467421367764,49.18,-4.579,0.928,0.0,0,0,1,,1.0,2026-03-18T12:03:18.380426,neutral,0.989,2026-03-18T12:03:17.354426,0.4044373637749372,2026-03-18T12:03:18.002000,86,,,
participant_26,1,day,Town10HD_Opt,2026-03-18 12:03:19.387466,-100.6702880859375,-55.49003219604492,0.0018811034969985,51.715,-4.78,0.0,0.172,0,0,1,,1.0,2026-03-18T12:03:19.387466,neutral,0.99,2026-03-18T12:03:19.387466,0.432832114886001,2026-03-18T12:03:19.037000,87,,,
participant_26,1,day,Town10HD_Opt,2026-03-18 12:03:20.393029,-104.55892944335938,-51.16321563720703,0.002080573933199,49.964,-5.427,0.925,0.0,0,0,1,,0.942,2026-03-18T12:03:20.393029,neutral,0.99,2026-03-18T12:03:19.387466,0.4429336880131862,2026-03-18T12:03:20.026000,89,,,errors=Solid line crossing
participant_26,1,day,Town10HD_Opt,2026-03-18 12:03:21.377444,-107.88540649414062,-46.1763916015625,0.0020914839114993,50.536,-5.888,0.0,0.0,0,0,1,,0.845,2026-03-18T12:03:21.377444,neutral,0.99,2026-03-18T12:03:19.387466,0.3342130910874969,2026-03-18T12:03:21.016000,88,,,
participant_26,1,day,Town10HD_Opt,2026-03-18 12:03:22.385311,-110.26748657226562,-40.99908447265625,0.0019764327444136,50.145,-4.952,0.923,0.0,0,0,1,,0.873,2026-03-18T12:03:22.385311,neutral,0.986,2026-03-18T12:03:22.385311,0.4600938375249842,2026-03-18T12:03:22.007000,89,,,
participant_26,1,day,Town10HD_Opt,2026-03-18 12:03:23.420728,-111.98818969726562,-35.352134704589844,0.0022008132655173,48.51,-3.884,0.923,0.0,0,0,1,,0.915,2026-03-18T12:03:23.420728,neutral,0.986,2026-03-18T12:03:22.385311,0.3533639366070869,2026-03-18T12:03:23.042000,90,,,
participant_26,1,day,Town10HD_Opt,2026-03-18 12:03:24.491931,-113.08377075195312,-29.64850234985352,0.0018528366927057,52.021,-2.301,0.0,0.213,0,0,1,,0.861,2026-03-18T12:03:24.491931,neutral,0.987,2026-03-18T12:03:24.491931,0.4544057079075564,2026-03-18T12:03:24.032000,89,,,
participant_26,1,day,Town10HD_Opt,2026-03-18 12:03:25.046518,-113.49130249023438,-26.693622589111328,0.0021276092156767,49.74,-2.287,0.109,0.0,0,0,1,,0.919,2026-03-18T12:03:25.046518,neutral,0.987,2026-03-18T12:03:24.491931,0.4921463390568311,2026-03-18T12:03:25.021000,90,,,
participant_26,1,day,Town10HD_Opt,2026-03-18 12:03:26.040235,-113.96453857421876,-21.335262298583984,0.0023785398807376,42.477,-2.541,0.0,0.204,0,0,1,,0.938,2026-03-18T12:03:26.040235,neutral,0.987,2026-03-18T12:03:24.491931,0.4360916786597356,2026-03-18T12:03:26.011000,89,,,
participant_26,1,day,Town10HD_Opt,2026-03-18 12:03:27.049934,-114.08636474609376,-16.86530876159668,0.0024188994430005,34.57,-0.543,0.0,0.0,0,0,1,,0.87,2026-03-18T12:03:27.049934,neutral,0.992,2026-03-18T12:03:27.049934,0.3687063344358474,2026-03-18T12:03:27.092000,86,,,
participant_26,1,day,Town10HD_Opt,2026-03-18 12:03:28.056774,-114.1735610961914,-13.170979499816896,0.0023182295262813,29.052,1.805,0.0,0.0,0,0,1,,0.928,2026-03-18T12:03:28.056774,neutral,0.992,2026-03-18T12:03:27.049934,0.4719624214725376,2026-03-18T12:03:28.171000,86,,,errors=Solid line crossing
participant_26,1,day,Town10HD_Opt,2026-03-18 12:03:29.060491,-114.28451538085938,-10.070242881774902,0.0022523878142237,24.687,-1.368,0.545,0.0,0,0,1,,0.925,2026-03-18T12:03:29.060491,neutral,0.993,2026-03-18T12:03:29.060491,0.4485865532101486,2026-03-18T12:03:29.027000,88,,,
participant_26,1,day,Town10HD_Opt,2026-03-18 12:03:30.066156,-114.3372802734375,-7.118595600128174,0.0019445799989625,26.765,-0.491,0.687,0.0,0,0,1,,0.892,2026-03-18T12:03:30.066156,neutral,0.993,2026-03-18T12:03:29.060491,0.5054931753266614,2026-03-18T12:03:30.016000,87,,,
participant_26,1,day,Town10HD_Opt,2026-03-18 12:03:31.093150,-114.37287902832033,-3.6959850788116455,0.0017946625594049,32.438,-0.625,0.707,0.0,0,0,1,,1.0,2026-03-18T12:03:31.093150,neutral,0.99,2026-03-18T12:03:31.093150,0.3504772956524241,2026-03-18T12:03:31.007000,88,,,
participant_26,1,day,Town10HD_Opt,2026-03-18 12:03:32.093429,-114.37225341796876,0.3569207787513733,0.0017826844705268,37.314,-0.696,0.707,0.0,0,0,1,,1.0,2026-03-18T12:03:32.093429,neutral,0.99,2026-03-18T12:03:31.093150,0.4432035048434363,2026-03-18T12:03:32.042000,89,,,
participant_26,1,day,Town10HD_Opt,2026-03-18 12:03:33.093077,-114.26953125,4.994410514831543,0.0018141937907785,41.974,-3.365,0.696,0.0,0,0,1,,0.896,2026-03-18T12:03:33.093077,neutral,0.99,2026-03-18T12:03:31.093150,0.4470950690717768,2026-03-18T12:03:33.031000,88,,,
participant_26,1,day,Town10HD_Opt,2026-03-18 12:03:34.102640,-113.64443969726562,10.022156715393066,0.0020047377329319,43.455,-11.308,0.127,0.0,0,0,1,,0.908,2026-03-18T12:03:34.102640,neutral,0.99,2026-03-18T12:03:34.102640,0.4227201864051602,2026-03-18T12:03:34.022000,88,,,
participant_26,1,day,Town10HD_Opt,2026-03-18 12:03:35.103794,-111.97232818603516,14.47414779663086,0.0022826383356004,38.394,-10.658,0.132,0.0,0,0,1,,0.859,2026-03-18T12:03:35.103794,neutral,0.99,2026-03-18T12:03:34.102640,0.3777691336696992,2026-03-18T12:03:35.012000,89,,,
participant_26,1,day,Town10HD_Opt,2026-03-18 12:03:36.121186,-109.63191223144533,17.960477828979492,0.0022721861023455,33.609,-8.313,0.132,0.0,0,0,1,,0.924,2026-03-18T12:03:36.121186,neutral,0.979,2026-03-18T12:03:36.121186,0.4245137758433953,2026-03-18T12:03:36.002000,89,,,
participant_26,1,day,Town10HD_Opt,2026-03-18 12:03:37.130579,-107.03767395019533,20.61239242553711,0.0022584912367165,29.855,-8.682,0.0,0.0,0,0,1,,0.918,2026-03-18T12:03:37.130579,neutral,0.979,2026-03-18T12:03:36.121186,0.3913098542803615,2026-03-18T12:03:37.037000,88,,,
participant_26,1,day,Town10HD_Opt,2026-03-18 12:03:38.170728,-104.55795288085938,22.62890625,0.0022970580030232,24.793,-3.615,0.0,0.329,0,0,1,,0.958,2026-03-18T12:03:38.170728,neutral,0.992,2026-03-18T12:03:38.170728,0.4465569952857812,2026-03-18T12:03:38.027000,92,,,
participant_26,1,day,Town10HD_Opt,2026-03-18 12:03:39.267602,-102.43428802490234,24.06583976745605,0.002302055247128,19.123,-9.42,0.0,0.222,0,0,1,,0.955,2026-03-18T12:03:39.267602,neutral,0.992,2026-03-18T12:03:38.170728,0.4498474917026825,2026-03-18T12:03:39.017000,92,,,
participant_26,1,day,Town10HD_Opt,2026-03-18 12:03:40.263373,-100.66311645507812,25.024450302124023,0.0020687864162027,14.707,-3.846,0.0,0.425,0,0,1,,0.919,2026-03-18T12:03:40.263373,neutral,0.993,2026-03-18T12:03:40.263373,0.3827949250028581,2026-03-18T12:03:40.006000,92,,,
participant_26,1,day,Town10HD_Opt,2026-03-18 12:03:41.262561,-99.32717895507812,25.70071792602539,0.0021216962486505,10.46,-1.671,0.0,0.437,0,0,1,,0.984,2026-03-18T12:03:41.262561,neutral,0.993,2026-03-18T12:03:40.263373,0.4240123012357423,2026-03-18T12:03:41.042000,93,,,
participant_26,1,day,Town10HD_Opt,2026-03-18 12:03:42.315487,-98.4322280883789,26.2071475982666,0.0021033857483416,7.056,10.708,0.0,0.363,0,0,1,,0.964,2026-03-18T12:03:42.315487,neutral,0.986,2026-03-18T12:03:42.315487,0.3873854289321931,2026-03-18T12:03:42.077000,92,,,
participant_26,1,day,Town10HD_Opt,2026-03-18 12:03:43.312282,-98.16079711914062,26.389238357543945,0.0022088622208684,0.001,10.194,0.0,0.343,0,0,1,,0.985,2026-03-18T12:03:43.312282,neutral,0.986,2026-03-18T12:03:42.315487,0.4278989492939772,2026-03-18T12:03:43.202000,94,,,
participant_26,1,day,Town10HD_Opt,2026-03-18 12:03:44.323065,-98.1566162109375,26.39214134216309,0.0019443130586296,0.019,8.68,0.245,0.0,0,0,1,,0.977,2026-03-18T12:03:44.323065,neutral,0.984,2026-03-18T12:03:44.323065,0.3655295754134867,2026-03-18T12:03:44.011000,93,,,
participant_26,1,day,Town10HD_Opt,2026-03-18 12:03:45.312214,-98.07666778564452,26.445701599121094,0.0018426512833684,1.663,7.943,0.0,0.061,0,0,1,,0.818,2026-03-18T12:03:45.312214,neutral,0.984,2026-03-18T12:03:44.323065,0.442204635960603,2026-03-18T12:03:45.002000,94,,,
participant_26,1,day,Town10HD_Opt,2026-03-18 12:03:46.328862,-98.0727310180664,26.448299407958984,0.0019363402388989,0.006,5.215,0.0,0.0,0,0,1,,0.971,2026-03-18T12:03:46.328862,neutral,0.982,2026-03-18T12:03:46.328862,0.4902159319039341,2026-03-18T12:03:46.081000,94,,,
participant_26,1,day,Town10HD_Opt,2026-03-18 12:03:47.322337,-98.07178497314452,26.44888687133789,0.0019210814498364,0.0,0.58,0.0,0.0,0,0,1,,1.0,2026-03-18T12:03:47.322337,neutral,0.982,2026-03-18T12:03:46.328862,0.5408913790310717,2026-03-18T12:03:47.028000,96,,,
participant_26,1,day,Town10HD_Opt,2026-03-18 12:03:48.343640,-98.07176208496094,26.44890594482422,0.001919021597132,0.007,0.508,0.0,0.0,0,0,1,,1.0,2026-03-18T12:03:48.343640,neutral,0.942,2026-03-18T12:03:48.343640,0.5529153282271378,2026-03-18T12:03:48.018000,96,,,
participant_26,1,day,Town10HD_Opt,2026-03-18 12:03:49.338031,-98.07156372070312,26.44902229309082,0.0019190978491678,0.0,0.508,0.0,0.0,0,0,1,,1.0,2026-03-18T12:03:49.338031,neutral,0.942,2026-03-18T12:03:48.343640,0.5800264477645987,2026-03-18T12:03:49.052000,97,,,
participant_26,1,day,Town10HD_Opt,2026-03-18 12:03:50.359919,-98.07173919677734,26.448936462402344,0.0019187545403838,0.006,0.496,0.0,0.0,0,0,1,,1.0,2026-03-18T12:03:50.359919,neutral,0.826,2026-03-18T12:03:50.359919,0.604426340406336,2026-03-18T12:03:50.042000,94,,,
participant_26,1,day,Town10HD_Opt,2026-03-18 12:03:51.324244,-98.07154846191406,26.44904899597168,0.0019191741012036,0.001,0.331,0.0,0.0,0,0,1,,1.0,2026-03-18T12:03:51.324244,neutral,0.826,2026-03-18T12:03:50.359919,0.6129901127149703,2026-03-18T12:03:51.032000,97,,,
participant_26,1,day,Town10HD_Opt,2026-03-18 12:03:52.304564,-98.07169342041016,26.448978424072266,0.0019187163561582,0.007,-0.174,0.0,0.0,0,0,1,,1.0,2026-03-18T12:03:52.304564,neutral,0.826,2026-03-18T12:03:50.359919,0.5866856417102476,2026-03-18T12:03:52.022000,95,,,
participant_26,2,day,Town10HD_Opt,2026-03-18 12:15:00.000000,-41.66858673095703,89.7454833984375,0.580491840839386,19.479,0.945,0.498,0.0,0,0,1,,1.0,2026-03-18T12:15:00,,,2026-03-18T12:15:00,0.6662779362329031,2026-03-18T12:15:00,89,,,
participant_26,2,day,Town10HD_Opt,2026-03-18 12:15:04.556365,-41.69210815429688,84.68925476074219,0.0019663241691887,19.859,1.434,0.498,0.0,0,0,1,,0.896,2026-03-18T12:15:04.556365,,,2026-03-18T12:15:04.556365,0.7896638183928837,,88,,,
participant_26,2,day,Town10HD_Opt,2026-03-18 12:15:05.213923,-41.62057876586914,82.25509643554688,0.0019235233776271,22.377,4.473,0.523,0.0,0,0,1,,0.931,2026-03-18T12:15:05.213923,,,2026-03-18T12:15:04.556365,0.7863078247602773,2026-03-18T12:15:04.996000,89,,,
participant_26,2,day,Town10HD_Opt,2026-03-18 12:15:06.272147,-41.00567626953125,78.08563232421875,0.0019285206217318,26.257,12.68,0.523,0.0,0,0,1,,0.839,2026-03-18T12:15:06.272147,,,2026-03-18T12:15:04.556365,0.7227638906312069,2026-03-18T12:15:06.031000,87,,,
participant_26,2,day,Town10HD_Opt,2026-03-18 12:15:06.988639,-39.84243774414063,75.14991760253906,0.0019607164431363,28.408,17.448,0.507,0.0,0,0,1,,0.875,2026-03-18T12:15:06.988639,happy,0.641,2026-03-18T12:15:06.988639,0.7907487571015352,2026-03-18T12:15:06.975000,87,,,
participant_26,2,day,Town10HD_Opt,2026-03-18 12:15:08.028204,-36.43779373168945,71.36238098144531,0.0020423887763172,30.178,21.066,0.229,0.0,0,0,1,,0.909,2026-03-18T12:15:08.028204,happy,0.641,2026-03-18T12:15:06.988639,0.7596508458916826,2026-03-18T12:15:07.965000,89,,,
participant_26,2,day,Town10HD_Opt,2026-03-18 12:15:09.023183,-31.97286796569824,69.71484375,0.0022974386811256,23.924,13.071,0.007,0.0,0,0,1,,0.886,2026-03-18T12:15:09.023183,neutral,0.754,2026-03-18T12:15:09.023183,0.7717173811233125,2026-03-18T12:15:09.001000,90,,,
participant_26,2,day,Town10HD_Opt,2026-03-18 12:15:10.029450,-28.131872177124023,69.48541259765625,0.0020796202588826,21.617,3.346,0.562,0.0,0,0,1,,1.0,2026-03-18T12:15:10.029450,neutral,0.754,2026-03-18T12:15:09.023183,0.768809751787934,2026-03-18T12:15:09.991000,90,,,
participant_26,2,day,Town10HD_Opt,2026-03-18 12:15:11.001731,-24.020187377929688,69.49532318115234,0.0019007114460691,25.989,1.083,0.543,0.0,0,0,1,,0.841,2026-03-18T12:15:11.001731,neutral,0.754,2026-03-18T12:15:09.023183,0.8097715658927312,2026-03-18T12:15:10.980000,92,,,
participant_26,2,day,Town10HD_Opt,2026-03-18 12:15:12.236099,-17.374366760253906,69.6451187133789,0.0019244388677179,31.148,-0.026,0.521,0.0,0,0,1,,1.0,2026-03-18T12:15:12.236099,neutral,0.626,2026-03-18T12:15:12.236099,0.7607454811795394,2026-03-18T12:15:11.970000,95,,,
participant_26,2,day,Town10HD_Opt,2026-03-18 12:15:13.167121,-11.78439998626709,69.7906494140625,0.002047958318144,31.881,-0.2,0.318,0.0,0,0,1,,0.828,2026-03-18T12:15:13.167121,neutral,0.626,2026-03-18T12:15:12.236099,0.7948737169999791,2026-03-18T12:15:13.005000,98,,,
participant_26,2,day,Town10HD_Opt,2026-03-18 12:15:14.173638,-6.358992099761963,69.90387725830078,0.0021210857667028,29.668,-0.045,0.214,0.0,0,0,1,,0.912,2026-03-18T12:15:14.173638,neutral,0.626,2026-03-18T12:15:12.236099,0.7009806636005044,2026-03-18T12:15:13.998000,99,,,
participant_26,2,day,Town10HD_Opt,2026-03-18 12:15:15.098656,-1.4475032091140747,69.996337890625,0.0021596902515739,26.009,-0.341,0.254,0.0,0,0,1,,0.897,2026-03-18T12:15:15.098656,neutral,0.685,2026-03-18T12:15:15.098656,0.8003049321220718,2026-03-18T12:15:14.986000,99,,,
participant_26,2,day,Town10HD_Opt,2026-03-18 12:15:16.072680,2.9395172595977783,70.04229736328125,0.0021123883780092,23.957,-0.515,0.264,0.0,0,0,1,,0.895,2026-03-18T12:15:16.072680,neutral,0.685,2026-03-18T12:15:15.098656,0.821569074248,2026-03-18T12:15:15.976000,100,,,
participant_26,2,day,Town10HD_Opt,2026-03-18 12:15:17.070297,6.995176792144775,70.04603576660156,0.0020938871894031,22.357,0.197,0.255,0.0,0,0,1,,1.0,2026-03-18T12:15:17.070297,neutral,0.685,2026-03-18T12:15:15.098656,0.7942654336242678,2026-03-18T12:15:16.966000,97,,,
participant_26,2,day,Town10HD_Opt,2026-03-18 12:15:18.031271,10.721563339233398,70.0591049194336,0.0021439739502966,19.567,0.228,0.0,0.0,0,0,1,,0.865,2026-03-18T12:15:18.031271,neutral,0.937,2026-03-18T12:15:18.031271,0.8320326438039545,2026-03-18T12:15:18,98,,,
participant_26,2,day,Town10HD_Opt,2026-03-18 12:15:19.032156,13.808796882629396,70.07781219482422,0.0019962687510997,15.738,0.068,0.067,0.0,0,0,1,,0.881,2026-03-18T12:15:19.032156,neutral,0.937,2026-03-18T12:15:18.031271,0.7681843240361071,2026-03-18T12:15:18.991000,99,,,
participant_26,2,day,Town10HD_Opt,2026-03-18 12:15:20.025333,16.344589233398438,70.09612274169922,0.0020029065199196,13.087,0.099,0.067,0.0,0,0,1,,0.892,2026-03-18T12:15:20.025333,neutral,0.937,2026-03-18T12:15:18.031271,0.7501532136687342,2026-03-18T12:15:19.981000,99,,,
participant_26,2,day,Town10HD_Opt,2026-03-18 12:15:21.003423,18.46075820922852,70.11309051513672,0.0019866176880896,10.966,0.042,0.066,0.0,0,0,1,,0.962,2026-03-18T12:15:21.003423,neutral,0.821,2026-03-18T12:15:21.003423,0.8216228231183023,2026-03-18T12:15:20.971000,97,,,
participant_26,2,day,Town10HD_Opt,2026-03-18 12:15:21.992582,20.23729133605957,70.12801361083984,0.0019747540354728,9.223,0.042,0.066,0.0,0,0,1,,0.936,2026-03-18T12:15:21.992582,neutral,0.821,2026-03-18T12:15:21.003423,0.8155401420476796,,97,,,
participant_26,2,day,Town10HD_Opt,2026-03-18 12:15:23.255783,22.194204330444336,70.14530944824219,0.0019496915629133,7.65,0.04,0.056,0.0,0,0,1,,0.893,2026-03-18T12:15:23.255783,neutral,0.919,2026-03-18T12:15:23.255783,0.7785066984535528,2026-03-18T12:15:22.995000,94,,,
participant_26,2,day,Town10HD_Opt,2026-03-18 12:15:24.242579,23.432716369628903,70.15670776367188,0.0019607541617006,6.373,0.04,0.059,0.0,0,0,1,,0.912,2026-03-18T12:15:24.242579,neutral,0.919,2026-03-18T12:15:23.255783,0.7355597979223113,2026-03-18T12:15:23.985000,96,,,
participant_26,2,day,Town10HD_Opt,2026-03-18 12:15:25.157509,24.456445693969727,70.16641235351562,0.0019548796117305,5.251,0.04,0.059,0.0,0,0,1,,0.954,2026-03-18T12:15:25.157509,neutral,0.919,2026-03-18T12:15:23.255783,0.8377596099979752,2026-03-18T12:15:24.977000,95,,,
participant_26,2,day,Town10HD_Opt,2026-03-18 12:15:26.088267,25.30670166015625,70.17494201660156,0.0059204897843301,4.578,0.04,0.0,0.0,0,0,1,,0.925,2026-03-18T12:15:26.088267,neutral,0.833,2026-03-18T12:15:26.088267,0.7388379317150281,2026-03-18T12:15:26.010000,94,,,
participant_26,2,day,Town10HD_Opt,2026-03-18 12:15:27.022908,25.67823028564453,70.17906188964844,0.0018716807244345,0.004,0.04,0.0,0.076,0,0,1,,0.918,2026-03-18T12:15:27.022908,neutral,0.833,2026-03-18T12:15:26.088267,0.7514613509575936,2026-03-18T12:15:27.001000,95,,,
participant_26,2,day,Town10HD_Opt,2026-03-18 12:15:28.211095,26.066650390625,70.1833267211914,0.0016047679819166,7.535,0.002,0.727,0.0,0,0,1,,0.962,2026-03-18T12:15:28.211095,neutral,0.895,2026-03-18T12:15:28.211095,0.8208605167771178,2026-03-18T12:15:27.990000,94,,,
participant_26,2,day,Town10HD_Opt,2026-03-18 12:15:29.228408,28.084482192993164,70.17721557617188,0.001764221698977,14.112,-4.572,0.285,0.0,0,0,1,,0.952,2026-03-18T12:15:29.228408,neutral,0.895,2026-03-18T12:15:28.211095,0.6960160175407967,2026-03-18T12:15:28.981000,93,,,errors=Stop sign violation
participant_26,2,day,Town10HD_Opt,2026-03-18 12:15:30.143402,30.63481330871582,69.90837860107422,0.0018111802637577,15.355,-9.502,0.286,0.0,0,0,1,,0.947,2026-03-18T12:15:30.143402,neutral,0.895,2026-03-18T12:15:28.211095,0.7522041357238923,2026-03-18T12:15:29.971000,93,,,
participant_26,2,day,Town10HD_Opt,2026-03-18 12:15:31.074672,33.31390380859375,69.2465591430664,0.0019025038927793,16.145,-10.814,0.24,0.0,0,0,1,,0.902,2026-03-18T12:15:31.074672,happy,0.911,2026-03-18T12:15:31.074672,0.7189920127510073,,90,,,
participant_26,2,day,Town10HD_Opt,2026-03-18 12:15:32.018075,35.8979377746582,68.11282348632812,0.0019260406261309,16.217,-12.83,0.239,0.0,0,0,1,,0.921,2026-03-18T12:15:32.018075,happy,0.911,2026-03-18T12:15:31.074672,0.773567342854614,2026-03-18T12:15:31.996000,90,,,
participant_26,2,day,Town10HD_Opt,2026-03-18 12:15:33.017303,38.24033737182617,66.5172119140625,0.0019257353851571,16.284,-12.226,0.24,0.0,0,0,1,,0.914,2026-03-18T12:15:33.017303,happy,0.911,2026-03-18T12:15:31.074672,0.8022145612013839,2026-03-18T12:15:32.986000,89,,,
participant_26,2,day,Town10HD_Opt,2026-03-18 12:15:34.257254,41.02660369873047,63.78072738647461,0.0019738771952688,18.586,-11.421,0.51,0.0,0,0,1,,0.925,2026-03-18T12:15:34.257254,neutral,0.727,2026-03-18T12:15:34.257254,0.794880115580951,2026-03-18T12:15:34.022000,90,,,
participant_26,2,day,Town10HD_Opt,2026-03-18 12:15:35.244301,42.90620422363281,60.97454452514648,0.0019210819154977,21.142,-12.284,0.496,0.0,0,0,1,,0.923,2026-03-18T12:15:35.244301,neutral,0.727,2026-03-18T12:15:34.257254,0.7585128031924186,2026-03-18T12:15:34.966000,91,,,
participant_26,2,day,Town10HD_Opt,2026-03-18 12:15:36.177870,44.33528900146485,57.28743362426758,0.0019484712975099,24.51,-12.207,0.475,0.0,0,0,1,,0.961,2026-03-18T12:15:36.177870,neutral,0.727,2026-03-18T12:15:34.257254,0.7748313368705954,2026-03-18T12:15:36.001000,93,,,
participant_26,2,day,Town10HD_Opt,2026-03-18 12:15:37.112733,44.8818359375,52.99919891357422,0.0020882794633507,24.282,-8.129,0.342,0.0,0,0,1,,0.981,2026-03-18T12:15:37.112733,neutral,0.699,2026-03-18T12:15:37.112733,0.7883708169818215,2026-03-18T12:15:36.991000,94,,,
participant_26,2,day,Town10HD_Opt,2026-03-18 12:15:38.062122,44.73675537109375,48.74346923828125,0.0020316315349191,24.66,-3.888,0.365,0.0,0,0,1,,0.937,2026-03-18T12:15:38.062122,neutral,0.699,2026-03-18T12:15:37.112733,0.8102559010549159,2026-03-18T12:15:37.981000,93,,,
participant_26,2,day,Town10HD_Opt,2026-03-18 12:15:39.057333,44.25237655639648,44.60296249389648,0.0021899407729506,21.749,-1.756,0.0,0.0,0,0,1,,0.871,2026-03-18T12:15:39.057333,neutral,0.699,2026-03-18T12:15:37.112733,0.8778678657032105,2026-03-18T12:15:38.971000,93,,,
participant_26,2,day,Town10HD_Opt,2026-03-18 12:15:40.007159,43.96416091918945,41.25164413452149,0.0020773694850504,18.331,10.132,0.513,0.0,0,0,1,,0.916,2026-03-18T12:15:40.007159,neutral,0.682,2026-03-18T12:15:40.007159,0.7858057204477872,,91,,,
participant_26,2,day,Town10HD_Opt,2026-03-18 12:15:41.248722,44.64871597290039,36.25835037231445,0.0017339716432616,28.232,10.829,0.691,0.0,0,0,1,,0.936,2026-03-18T12:15:41.248722,neutral,0.682,2026-03-18T12:15:40.007159,0.8394183925692424,2026-03-18T12:15:40.996000,90,,,
participant_26,2,day,Town10HD_Opt,2026-03-18 12:15:42.190453,46.93874740600586,31.37132453918457,0.001958237029612,33.014,20.203,0.503,0.0,0,0,1,,0.892,2026-03-18T12:15:42.190453,neutral,0.494,2026-03-18T12:15:42.190453,0.7742944180659966,2026-03-18T12:15:41.986000,91,,,
participant_26,2,day,Town10HD_Opt,2026-03-18 12:15:43.134565,51.59368896484375,27.88703727722168,0.0020422362722456,34.54,16.957,0.419,0.0,0,0,1,,0.908,2026-03-18T12:15:43.134565,neutral,0.494,2026-03-18T12:15:42.190453,0.725064465169492,2026-03-18T12:15:42.976000,88,,,
participant_26,2,day,Town10HD_Opt,2026-03-18 12:15:44.097896,57.39482879638672,26.499229431152344,0.0021314998157322,32.923,2.972,0.2,0.0,0,0,1,,0.881,2026-03-18T12:15:44.097896,neutral,0.494,2026-03-18T12:15:42.190453,0.8413284641378126,2026-03-18T12:15:43.966000,89,,,
participant_26,2,day,Town10HD_Opt,2026-03-18 12:15:45.020794,62.75966644287109,25.826772689819336,0.0022083276417106,27.499,-0.063,0.0,0.0,0,0,1,,0.965,2026-03-18T12:15:45.020794,sad,0.32,2026-03-18T12:15:45.020794,0.7883439582907161,2026-03-18T12:15:45.001000,91,,,
participant_26,2,day,Town10HD_Opt,2026-03-18 12:15:46.204369,68.25377655029297,25.31534576416016,0.0022480764891952,19.152,3.82,0.0,0.0,0,0,1,,0.955,2026-03-18T12:15:46.204369,sad,0.32,2026-03-18T12:15:45.020794,0.810093764435176,2026-03-18T12:15:46.036000,93,,,
participant_26,2,day,Town10HD_Opt,2026-03-18 12:15:47.084169,71.24223327636719,25.23892593383789,0.0020334620494395,14.846,0.139,0.011,0.0,0,0,1,,1.0,2026-03-18T12:15:47.084169,neutral,0.9,2026-03-18T12:15:47.084169,0.7800376565953501,2026-03-18T12:15:46.981000,93,,,
participant_26,2,day,Town10HD_Opt,2026-03-18 12:15:48.259339,74.2171401977539,25.167490005493164,0.0020170209463685,10.565,0.888,0.011,0.0,0,0,1,,0.835,2026-03-18T12:15:48.259339,neutral,0.9,2026-03-18T12:15:47.084169,0.803572948905516,2026-03-18T12:15:47.971000,91,,,
participant_26,2,day,Town10HD_Opt,2026-03-18 12:15:49.164129,75.8602294921875,25.140743255615234,0.0019994731992483,8.047,0.035,0.011,0.0,0,0,1,,0.903,2026-03-18T12:15:49.164129,neutral,0.946,2026-03-18T12:15:49.164129,0.7804701415260752,,94,,,
participant_26,2,day,Town10HD_Opt,2026-03-18 12:15:50.019036,77.09668731689453,25.1210880279541,0.0019863124471157,5.94,0.529,0.012,0.0,0,0,1,,0.956,2026-03-18T12:15:50.019036,neutral,0.946,2026-03-18T12:15:49.164129,0.776258042384748,2026-03-18T12:15:49.996000,93,,,
participant_26,2,day,Town10HD_Opt,2026-03-18 12:15:51.129372,78.23359680175781,25.11000633239746,0.0019415662391111,4.146,0.637,0.0,0.0,0,0,1,,0.915,2026-03-18T12:15:51.129372,neutral,0.946,2026-03-18T12:15:49.164129,0.7245644351775958,2026-03-18T12:15:50.986000,95,,,
participant_26,2,day,Town10HD_Opt,2026-03-18 12:15:52.018302,78.88561248779297,25.10610008239746,0.0019487760728225,3.222,0.764,0.0,0.0,0,0,1,,0.881,2026-03-18T12:15:52.018302,sad,0.539,2026-03-18T12:15:52.018302,0.745941005092392,2026-03-18T12:15:51.976000,97,,,
participant_26,2,day,Town10HD_Opt,2026-03-18 12:15:53.150864,79.52737426757812,25.10445976257324,0.0019408796215429,2.265,0.764,0.0,0.0,0,0,1,,0.9,2026-03-18T12:15:53.150864,sad,0.539,2026-03-18T12:15:52.018302,0.7404825168042231,2026-03-18T12:15:53.011000,98,,,
participant_26,2,day,Town10HD_Opt,2026-03-18 12:15:53.997468,79.68414306640625,25.104232788085938,0.0019604489207267,0.0,0.75,0.0,0.04,0,0,1,,0.92,2026-03-18T12:15:53.997468,sad,0.539,2026-03-18T12:15:52.018302,0.7161224885700103,2026-03-18T12:15:54.001000,98,,,
participant_26,2,day,Town10HD_Opt,2026-03-18 12:15:55.217421,79.68492889404297,25.104232788085938,0.0019194030901417,0.0,0.757,0.0,0.0,0,0,1,,0.925,2026-03-18T12:15:55.217421,neutral,0.896,2026-03-18T12:15:55.217421,0.66455343257158,2026-03-18T12:15:55.036000,98,,,
participant_26,2,day,Town10HD_Opt,2026-03-18 12:15:56.095863,79.6849136352539,25.104232788085938,0.0019188307924196,0.006,0.757,0.0,0.0,0,0,1,,0.923,2026-03-18T12:15:56.095863,neutral,0.896,2026-03-18T12:15:55.217421,0.6664315901768395,2026-03-18T12:15:56.028000,95,,,
participant_26,2,day,Town10HD_Opt,2026-03-18 12:15:57.251035,79.68504333496094,25.104232788085938,0.0019188307924196,0.006,0.757,0.0,0.0,0,0,1,,1.0,2026-03-18T12:15:57.251035,neutral,0.885,2026-03-18T12:15:57.251035,0.6621558904013773,2026-03-18T12:15:56.972000,94,,,
participant_26,2,day,Town10HD_Opt,2026-03-18 12:15:58.167314,79.68500518798828,25.104232788085938,0.0019187927246093,0.007,0.757,0.0,0.0,0,0,1,,0.902,2026-03-18T12:15:58.167314,neutral,0.885,2026-03-18T12:15:57.251035,0.6401159302488744,,93,,,
participant_26,2,day,Town10HD_Opt,2026-03-18 12:15:59.053095,79.6851577758789,25.104232788085938,0.001919021597132,0.002,0.757,0.0,0.0,0,0,1,,0.897,2026-03-18T12:15:59.053095,neutral,0.885,2026-03-18T12:15:57.251035,0.5736556708473128,2026-03-18T12:15:58.997000,93,,,
participant_26,2,day,Town10HD_Opt,2026-03-18 12:16:00.166873,79.68526458740234,25.104232788085938,0.001919021597132,0.002,0.757,0.0,0.0,0,0,1,,0.879,2026-03-18T12:16:00.166873,neutral,0.943,2026-03-18T12:16:00.166873,0.551713484734491,2026-03-18T12:15:59.986000,93,,,
participant_26,2,day,Town10HD_Opt,2026-03-18 12:16:01.046891,79.68549346923828,25.104232788085938,0.0019192122854292,0.001,0.757,0.0,0.0,0,0,1,,0.871,2026-03-18T12:16:01.046891,neutral,0.943,2026-03-18T12:16:00.166873,0.555848881234929,2026-03-18T12:16:01.021000,94,,,
participant_26,2,day,Town10HD_Opt,2026-03-18 12:16:02.216437,79.68476104736328,25.104232788085938,0.001915359403938,0.204,0.757,0.402,0.0,0,0,1,,0.907,2026-03-18T12:16:02.216437,sad,0.574,2026-03-18T12:16:02.216437,0.4856586597812641,2026-03-18T12:16:02.011000,93,,,
participant_26,2,day,Town10HD_Opt,2026-03-18 12:16:03.137644,80.32420349121094,25.10478782653809,0.0016022121999412,9.128,0.75,0.724,0.0,0,0,1,,0.827,2026-03-18T12:16:03.137644,sad,0.574,2026-03-18T12:16:02.216437,0.4972631861238482,2026-03-18T12:16:03.001000,93,,,
participant_26,2,day,Town10HD_Opt,2026-03-18 12:16:04.030188,82.79351043701172,25.119409561157227,0.0017905820859596,19.439,0.242,0.896,0.0,0,0,1,,0.893,2026-03-18T12:16:04.030188,sad,0.574,2026-03-18T12:16:02.216437,0.4469830097281252,2026-03-18T12:16:03.992000,93,,,
participant_26,2,day,Town10HD_Opt,2026-03-18 12:16:05.181408,88.98787689208984,25.131086349487305,0.0016129700234159,35.684,-5.534,0.75,0.0,0,0,1,,0.833,2026-03-18T12:16:05.181408,neutral,0.681,2026-03-18T12:16:05.181408,0.4945915855170895,2026-03-18T12:16:04.981000,93,,,
participant_26,2,day,Town10HD_Opt,2026-03-18 12:16:06.123567,95.51789093017578,23.962047576904297,0.001989250537008,39.125,-12.171,0.47,0.0,0,0,1,,0.917,2026-03-18T12:16:06.123567,neutral,0.681,2026-03-18T12:16:05.181408,0.524704554809875,2026-03-18T12:16:05.972000,94,,,
participant_26,2,day,Town10HD_Opt,2026-03-18 12:16:07.224767,102.87320709228516,18.78555679321289,0.0020869825966656,38.574,-11.916,0.362,0.0,0,0,1,,0.896,2026-03-18T12:16:07.224767,neutral,0.715,2026-03-18T12:16:07.224767,0.4466525623657189,,94,,,
participant_26,2,day,Town10HD_Opt,2026-03-18 12:16:08.046859,106.09390258789062,13.079447746276855,0.0021276851184666,36.563,-10.434,0.379,0.0,0,0,1,,0.913,2026-03-18T12:16:08.046859,neutral,0.715,2026-03-18T12:16:07.224767,0.4819900120471864,2026-03-18T12:16:07.997000,92,,,
participant_26,2,day,Town10HD_Opt,2026-03-18 12:16:09.197839,107.57406616210938,4.815544128417969,0.002055702265352,35.884,-2.624,0.408,0.0,0,0,1,,0.886,2026-03-18T12:16:09.197839,neutral,0.715,2026-03-18T12:16:07.224767,0.4978632554887188,2026-03-18T12:16:08.987000,91,,,
participant_26,2,day,Town10HD_Opt,2026-03-18 12:16:10.061017,107.83363342285156,-1.4474178552627563,0.0020486449357122,35.712,-0.275,0.41,0.0,0,0,1,,0.925,2026-03-18T12:16:10.061017,neutral,0.816,2026-03-18T12:16:10.061017,0.5514538035867059,2026-03-18T12:16:09.976000,93,,,
participant_26,2,day,Town10HD_Opt,2026-03-18 12:16:11.191750,107.99604034423828,-9.781139373779297,0.0020371244754642,35.815,-0.952,0.425,0.0,0,0,1,,0.905,2026-03-18T12:16:11.191750,neutral,0.816,2026-03-18T12:16:10.061017,0.5455276110785288,2026-03-18T12:16:11.012000,95,,,
participant_26,2,day,Town10HD_Opt,2026-03-18 12:16:12.024399,107.92088317871094,-16.06812286376953,0.00203632353805,36.039,-1.518,0.425,0.0,0,0,1,,0.906,2026-03-18T12:16:12.024399,neutral,0.816,2026-03-18T12:16:10.061017,0.5604990752053952,2026-03-18T12:16:12.001000,96,,,
participant_26,2,day,Town10HD_Opt,2026-03-18 12:16:13.159858,107.27996063232422,-24.472675323486328,0.0020396041218191,36.234,-3.467,0.425,0.0,0,0,1,,0.878,2026-03-18T12:16:13.159858,neutral,0.697,2026-03-18T12:16:13.159858,0.6106723005171666,2026-03-18T12:16:12.991000,96,,,
participant_26,2,day,Town10HD_Opt,2026-03-18 12:16:14.077165,106.06153869628906,-30.704545974731445,0.0020406723488122,36.359,-3.149,0.425,0.0,0,0,1,,0.88,2026-03-18T12:16:14.077165,neutral,0.697,2026-03-18T12:16:13.159858,0.5744009532509129,2026-03-18T12:16:13.981000,97,,,
participant_26,2,day,Town10HD_Opt,2026-03-18 12:16:15.221632,103.42292785644533,-38.7774772644043,0.0020433806348592,36.475,-4.674,0.425,0.0,0,0,1,,0.829,2026-03-18T12:16:15.221632,neutral,0.51,2026-03-18T12:16:15.221632,0.4763599008095089,2026-03-18T12:16:15.017000,97,,,
participant_26,2,day,Town10HD_Opt,2026-03-18 12:16:16.094497,100.4979019165039,-44.44886016845703,0.0020456314086914,36.514,-5.212,0.425,0.0,0,0,1,,0.848,2026-03-18T12:16:16.094497,neutral,0.51,2026-03-18T12:16:15.221632,0.5171005923071865,,99,,,
participant_26,2,day,Town10HD_Opt,2026-03-18 12:16:17.202424,95.2579345703125,-51.15541076660156,0.0020455168560147,36.568,-4.518,0.425,0.0,0,0,1,,0.841,2026-03-18T12:16:17.202424,neutral,0.51,2026-03-18T12:16:15.221632,0.5162344629663862,2026-03-18T12:16:16.996000,97,,,
participant_26,2,day,Town10HD_Opt,2026-03-18 12:16:18.065143,90.53016662597656,-55.473411560058594,0.0020432663150131,36.644,-4.296,0.426,0.0,0,0,1,,0.802,2026-03-18T12:16:18.065143,neutral,0.627,2026-03-18T12:16:18.065143,0.5507757706073576,2026-03-18T12:16:17.986000,96,,,
participant_26,2,day,Town10HD_Opt,2026-03-18 12:16:18.994672,85.26150512695312,-59.13471221923828,0.002031059237197,37.069,-4.379,0.637,0.0,0,0,1,,0.809,2026-03-18T12:16:18.994672,neutral,0.627,2026-03-18T12:16:18.065143,0.5629889578833635,2026-03-18T12:16:18.979000,96,,,
participant_26,2,day,Town10HD_Opt,2026-03-18 12:16:20.112054,76.71580505371094,-63.14703369140625,0.001869736239314,44.455,-4.235,0.622,0.0,0,0,1,,0.832,2026-03-18T12:16:20.112054,neutral,0.687,2026-03-18T12:16:20.112054,0.5945636641514733,2026-03-18T12:16:20.011000,96,,,
participant_26,2,day,Town10HD_Opt,2026-03-18 12:16:21.248979,66.17825317382812,-65.71723175048828,0.001978340325877,48.154,-3.346,0.503,0.0,0,0,1,,0.866,2026-03-18T12:16:21.248979,neutral,0.687,2026-03-18T12:16:20.112054,0.6144191547076925,2026-03-18T12:16:21.001000,94,,,
participant_26,2,day,Town10HD_Opt,2026-03-18 12:16:22.148642,57.78423690795898,-66.42317199707031,0.0020535278599709,47.941,-0.651,0.437,0.0,0,0,1,,0.847,2026-03-18T12:16:22.148642,neutral,0.471,2026-03-18T12:16:22.148642,0.6556548442049552,2026-03-18T12:16:21.991000,94,,,
participant_26,2,day,Town10HD_Opt,2026-03-18 12:16:23.071398,49.497703552246094,-66.7614974975586,0.0020863339304924,46.636,0.061,0.428,0.0,0,0,1,,1.0,2026-03-18T12:16:23.071398,neutral,0.471,2026-03-18T12:16:22.148642,0.6051856870000505,2026-03-18T12:16:22.982000,94,,,
participant_26,2,day,Town10HD_Opt,2026-03-18 12:16:23.993417,41.44744110107422,-67.11254119873047,0.0020829390268772,45.365,-0.251,0.428,0.0,0,0,1,,0.845,2026-03-18T12:16:23.993417,neutral,0.471,2026-03-18T12:16:22.148642,0.6694170595902328,2026-03-18T12:16:24.018000,97,,,
participant_26,2,day,Town10HD_Opt,2026-03-18 12:16:25.215720,31.025447845458984,-67.45703887939453,0.0020750807598233,43.914,-0.244,0.428,0.0,0,0,1,,0.838,2026-03-18T12:16:25.215720,neutral,0.586,2026-03-18T12:16:25.215720,0.6194156620713189,,97,Vehicle-pedestrian collision,Vehicle-pedestrian collision,
participant_26,2,day,Town10HD_Opt,2026-03-18 12:16:26.161781,23.404342651367188,-67.62654113769531,0.0020705030765384,43.091,-0.249,0.428,0.0,0,0,1,,0.869,2026-03-18T12:16:26.161781,neutral,0.586,2026-03-18T12:16:25.215720,0.710889614276774,2026-03-18T12:16:25.996000,95,,,
participant_26,2,day,Town10HD_Opt,2026-03-18 12:16:27.066629,15.941645622253418,-67.7242202758789,0.00211917841807,41.187,-0.188,0.001,0.0,0,0,1,,0.898,2026-03-18T12:16:27.066629,neutral,0.586,2026-03-18T12:16:25.215720,0.6598232657202987,2026-03-18T12:16:26.986000,97,,,
participant_26,2,day,Town10HD_Opt,2026-03-18 12:16:28.020002,9.42021369934082,-67.76714324951172,0.0023239888250827,32.425,-0.054,0.0,0.0,0,0,1,,1.0,2026-03-18T12:16:28.020002,neutral,0.748,2026-03-18T12:16:28.020002,0.6497241141963204,2026-03-18T12:16:28.022000,96,,,
participant_26,2,day,Town10HD_Opt,2026-03-18 12:16:29.182222,2.964785099029541,-67.80494689941406,0.0022692482452839,22.977,0.031,0.0,0.0,0,0,1,,1.0,2026-03-18T12:16:29.182222,neutral,0.748,2026-03-18T12:16:28.020002,0.7046432914369597,2026-03-18T12:16:29.057000,96,,,
participant_26,2,day,Town10HD_Opt,2026-03-18 12:16:30.052831,-0.5196934342384338,-67.82923889160156,0.0019729607738554,17.192,-0.035,0.0,0.0,0,0,1,,0.815,2026-03-18T12:16:30.052831,fear,0.342,2026-03-18T12:16:30.052831,0.7112474614021428,2026-03-18T12:16:30.002000,93,,,
participant_26,2,day,Town10HD_Opt,2026-03-18 12:16:31.187192,-4.104902267456055,-67.8548355102539,0.0019344710744917,14.696,0.016,0.267,0.0,0,0,1,,0.83,2026-03-18T12:16:31.187192,fear,0.342,2026-03-18T12:16:30.052831,0.7664363513257316,2026-03-18T12:16:30.991000,92,,,
participant_26,2,day,Town10HD_Opt,2026-03-18 12:16:32.016108,-6.754519462585449,-67.8747329711914,0.0018892289372161,15.611,0.021,0.264,0.0,0,0,1,,0.819,2026-03-18T12:16:32.016108,fear,0.342,2026-03-18T12:16:30.052831,0.7532723483445237,2026-03-18T12:16:31.982000,93,,,
participant_26,2,day,Town10HD_Opt,2026-03-18 12:16:33.125796,-10.490689277648926,-67.9041519165039,0.0019048309186473,16.337,0.005,0.254,0.0,0,0,1,,1.0,2026-03-18T12:16:33.125796,neutral,0.861,2026-03-18T12:16:33.125796,0.7062035703674684,2026-03-18T12:16:33.016000,92,,,
participant_26,2,day,Town10HD_Opt,2026-03-18 12:16:34.242357,-14.349130630493164,-67.93312072753906,0.0019100952195003,16.722,0.012,0.224,0.0,0,0,1,,0.865,2026-03-18T12:16:34.242357,neutral,0.861,2026-03-18T12:16:33.125796,0.6576329702891556,2026-03-18T12:16:34.007000,90,,,
participant_26,2,day,Town10HD_Opt,2026-03-18 12:16:35.099344,-17.075355529785156,-67.95460510253906,0.0020332331769168,13.62,0.045,0.0,0.0,0,0,1,,1.0,2026-03-18T12:16:35.099344,neutral,0.861,2026-03-18T12:16:33.125796,0.6610098758933367,2026-03-18T12:16:34.996000,88,,,
participant_26,2,day,Town10HD_Opt,2026-03-18 12:16:36.232728,-19.71009063720703,-67.97724151611328,0.0020579523406922,8.094,0.045,0.0,0.204,0,0,1,,0.843,2026-03-18T12:16:36.232728,fear,0.596,2026-03-18T12:16:36.232728,0.7229791658205901,2026-03-18T12:16:35.987000,89,,,
participant_26,2,day,Town10HD_Opt,2026-03-18 12:16:37.069045,-20.740398406982425,-67.98697662353516,0.0023971158079802,0.001,0.035,0.0,0.203,0,0,1,,1.0,2026-03-18T12:16:37.069045,fear,0.596,2026-03-18T12:16:36.232728,0.631715351843638,2026-03-18T12:16:36.976000,89,,,
participant_26,2,day,Town10HD_Opt,2026-03-18 12:16:38.131968,-20.740936279296875,-67.98698425292969,0.0019260788103565,0.001,0.035,0.0,0.0,0,0,1,,0.815,2026-03-18T12:16:38.131968,fear,0.596,2026-03-18T12:16:36.232728,0.6749960647767386,2026-03-18T12:16:38.012000,89,,,
participant_26,2,day,Town10HD_Opt,2026-03-18 12:16:38.989859,-20.740812301635746,-67.98698425292969,0.0019190978491678,0.002,0.035,0.0,0.0,0,0,1,,0.848,2026-03-18T12:16:38.989859,neutral,0.806,2026-03-18T12:16:38.989859,0.6969269033149486,2026-03-18T12:16:39.047000,89,,,
participant_26,2,day,Town10HD_Opt,2026-03-18 12:16:40.107823,-20.739925384521484,-67.98698425292969,0.001917190500535,0.147,0.035,0.251,0.0,0,0,1,,0.827,2026-03-18T12:16:40.107823,neutral,0.806,2026-03-18T12:16:38.989859,0.599856667856008,2026-03-18T12:16:39.991000,89,,,
participant_26,2,day,Town10HD_Opt,2026-03-18 12:16:41.184835,-20.896085739135746,-67.98828125,0.0019115447066724,0.86,0.035,0.069,0.0,0,0,1,,0.856,2026-03-18T12:16:41.184835,neutral,0.632,2026-03-18T12:16:41.184835,0.6499708723359287,2026-03-18T12:16:40.981000,89,,,
participant_26,2,day,Town10HD_Opt,2026-03-18 12:16:42.059667,-21.09718894958496,-67.9899673461914,0.0018818284152075,1.773,0.035,0.31,0.0,0,0,1,,1.0,2026-03-18T12:16:42.059667,neutral,0.632,2026-03-18T12:16:41.184835,0.6808612564175798,2026-03-18T12:16:42.017000,89,,,
participant_26,2,day,Town10HD_Opt,2026-03-18 12:16:43.214965,-22.14141845703125,-67.99874114990234,0.0017728047678247,7.92,-0.002,0.454,0.0,0,0,1,,0.826,2026-03-18T12:16:43.214965,neutral,0.616,2026-03-18T12:16:43.214965,0.6938123935307822,2026-03-18T12:16:43.007000,88,,,
participant_26,2,day,Town10HD_Opt,2026-03-18 12:16:44.079622,-23.97955322265625,-68.01232147216797,0.0016312036896124,15.323,-0.087,0.825,0.0,0,0,1,,0.83,2026-03-18T12:16:44.079622,neutral,0.616,2026-03-18T12:16:43.214965,0.6948695644814564,2026-03-18T12:16:43.997000,90,,,
participant_26,2,day,Town10HD_Opt,2026-03-18 12:16:45.216461,-28.94577980041504,-68.04150390625,0.0016964352689683,29.156,-0.136,0.773,0.0,0,0,1,,0.846,2026-03-18T12:16:45.216461,neutral,0.471,2026-03-18T12:16:45.216461,0.7001831499414767,2026-03-18T12:16:45.077000,88,,,
participant_26,2,day,Town10HD_Opt,2026-03-18 12:16:46.075761,-34.757568359375,-68.04891204833984,0.0017246258212253,38.467,-0.228,0.755,0.0,0,0,1,,0.915,2026-03-18T12:16:46.075761,neutral,0.471,2026-03-18T12:16:45.216461,0.7327259458653493,2026-03-18T12:16:46.022000,89,,,
participant_26,2,day,Town10HD_Opt,2026-03-18 12:16:47.145906,-44.89302444458008,-67.98835754394531,0.0023667160421609,49.199,-0.012,0.741,0.0,0,0,1,,1.0,2026-03-18T12:16:47.145906,neutral,0.471,2026-03-18T12:16:45.216461,0.7036352445437934,2026-03-18T12:16:47.012000,88,,,
participant_26,2,day,Town10HD_Opt,2026-03-18 12:16:48.022499,-53.59748840332031,-67.89257049560547,0.0021225733216851,47.931,-1.678,0.716,0.0,0,0,1,,1.0,2026-03-18T12:16:48.022499,neutral,0.83,2026-03-18T12:16:48.022499,0.7091390895804901,2026-03-18T12:16:48.001000,87,,,
participant_26,2,day,Town10HD_Opt,2026-03-18 12:16:49.240407,-65.11067962646484,-67.02336883544922,0.0021387478336691,48.983,-0.801,0.672,0.0,0,0,1,,0.898,2026-03-18T12:16:49.240407,neutral,0.83,2026-03-18T12:16:48.022499,0.7590963611323172,2026-03-18T12:16:48.991000,87,,,
participant_26,2,day,Town10HD_Opt,2026-03-18 12:16:50.146401,-73.76146697998047,-65.83180236816406,0.0021534343250095,48.346,-2.033,0.657,0.0,0,0,1,,0.92,2026-03-18T12:16:50.146401,neutral,0.886,2026-03-18T12:16:50.146401,0.8093391630095125,2026-03-18T12:16:49.981000,86,,,
participant_26,2,day,Town10HD_Opt,2026-03-18 12:16:51.012090,-82.10183715820312,-63.96112060546875,0.001940231770277,50.697,-5.319,0.0,0.0,0,0,1,,0.938,2026-03-18T12:16:51.012090,neutral,0.886,2026-03-18T12:16:50.146401,0.7549312506558958,2026-03-18T12:16:51.019000,87,,,
participant_26,2,day,Town10HD_Opt,2026-03-18 12:16:52.171675,-92.59707641601562,-58.99717712402344,0.0019722750876098,50.499,-5.392,0.0,0.0,0,0,1,,0.945,2026-03-18T12:16:52.171675,neutral,0.617,2026-03-18T12:16:52.171675,0.700753973741757,2026-03-18T12:16:52.007000,87,,,
participant_26,2,day,Town10HD_Opt,2026-03-18 12:16:53.056614,-99.28880310058594,-53.46242904663086,0.0019668580498546,50.799,-5.872,0.0,0.0,0,0,1,,0.921,2026-03-18T12:16:53.056614,neutral,0.617,2026-03-18T12:16:52.171675,0.7828724173154907,2026-03-18T12:16:52.997000,89,,,
participant_26,2,day,Town10HD_Opt,2026-03-18 12:16:54.240571,-105.82429504394533,-44.03208923339844,0.0019499210175126,50.707,-5.371,0.0,0.0,0,0,1,,0.903,2026-03-18T12:16:54.240571,neutral,0.929,2026-03-18T12:16:54.240571,0.7621312483943907,2026-03-18T12:16:53.987000,90,,,
participant_26,2,day,Town10HD_Opt,2026-03-18 12:16:55.163216,-108.67607879638672,-36.30740737915039,0.0023762881755828,41.383,-4.763,0.0,0.0,0,0,1,,0.885,2026-03-18T12:16:55.163216,neutral,0.929,2026-03-18T12:16:54.240571,0.686300140235389,2026-03-18T12:16:54.977000,90,,,
participant_26,2,day,Town10HD_Opt,2026-03-18 12:16:56.127710,-109.7591552734375,-29.951040267944336,0.002342642750591,31.921,-3.794,0.0,0.0,0,0,1,,0.95,2026-03-18T12:16:56.127710,neutral,0.929,2026-03-18T12:16:54.240571,0.7004597207084555,2026-03-18T12:16:56.012000,93,,,
participant_26,2,day,Town10HD_Opt,2026-03-18 12:16:57.071169,-110.04447174072266,-24.98578643798828,0.0022822560276836,24.434,-1.149,0.0,0.0,0,0,1,,0.933,2026-03-18T12:16:57.071169,neutral,0.708,2026-03-18T12:16:57.071169,0.7159976841079341,2026-03-18T12:16:57.002000,93,,,
participant_26,2,day,Town10HD_Opt,2026-03-18 12:16:58.043821,-110.13609313964844,-21.218305587768555,0.0022413246333599,18.222,0.141,0.0,0.0,0,0,1,,0.881,2026-03-18T12:16:58.043821,neutral,0.708,2026-03-18T12:16:57.071169,0.7276035240405322,2026-03-18T12:16:58.037000,92,,,
participant_26,2,day,Town10HD_Opt,2026-03-18 12:16:59.055355,-110.20077514648438,-18.34329032897949,0.002042960608378,14.223,0.031,0.0,0.0,0,0,1,,0.829,2026-03-18T12:16:59.055355,neutral,0.708,2026-03-18T12:16:57.071169,0.7251919585131906,2026-03-18T12:16:58.983000,93,,,
participant_26,2,day,Town10HD_Opt,2026-03-18 12:17:00.250408,-110.26207733154295,-15.490510940551758,0.0019836041610687,10.622,-0.36,0.089,0.0,0,0,1,,1.0,2026-03-18T12:17:00.250408,neutral,0.826,2026-03-18T12:17:00.250408,0.6884936518355659,2026-03-18T12:17:00.107000,92,,,
participant_26,2,day,Town10HD_Opt,2026-03-18 12:17:01.136035,-110.28915405273438,-13.741764068603516,0.0019638058729469,9.25,-0.416,0.083,0.0,0,0,1,,0.833,2026-03-18T12:17:01.136035,neutral,0.826,2026-03-18T12:17:00.250408,0.6388313986929737,,91,,,
participant_26,2,day,Town10HD_Opt,2026-03-18 12:17:02.059156,-110.30738830566406,-12.21972370147705,0.0019569776486605,8.004,-0.355,0.083,0.0,0,0,1,,0.863,2026-03-18T12:17:02.059156,neutral,0.826,2026-03-18T12:17:00.250408,0.7381479539326435,2026-03-18T12:17:01.997000,90,,,
participant_26,2,day,Town10HD_Opt,2026-03-18 12:17:03.272810,-110.3253402709961,-10.484682083129885,0.0019496533786877,6.711,-0.063,0.082,0.0,0,0,1,,1.0,2026-03-18T12:17:03.272810,neutral,0.868,2026-03-18T12:17:03.272810,0.6760379495045985,2026-03-18T12:17:02.986000,92,,,
participant_26,2,day,Town10HD_Opt,2026-03-18 12:17:04.154801,-110.33660125732422,-9.367720603942873,0.0019449995597824,5.95,-0.155,0.082,0.0,0,0,1,,0.893,2026-03-18T12:17:04.154801,neutral,0.868,2026-03-18T12:17:03.272810,0.6599368643586687,2026-03-18T12:17:03.977000,90,,,
participant_26,2,day,Town10HD_Opt,2026-03-18 12:17:05.059299,-110.34532928466795,-8.382349967956543,0.0019409558735787,5.264,-0.155,0.082,0.0,0,0,1,,0.864,2026-03-18T12:17:05.059299,neutral,0.868,2026-03-18T12:17:03.272810,0.6243188638824928,2026-03-18T12:17:05.058000,92,,,
participant_26,2,day,Town10HD_Opt,2026-03-18 12:17:06.256487,-110.3543701171875,-7.239467620849609,0.0019375229021534,4.464,-0.155,0.083,0.0,0,0,1,,0.892,2026-03-18T12:17:06.256487,neutral,0.779,2026-03-18T12:17:06.256487,0.6607932271116781,2026-03-18T12:17:06.002000,92,,,
participant_26,2,day,Town10HD_Opt,2026-03-18 12:17:07.221932,-110.35972595214844,-6.491695404052734,0.0019338988931849,4.024,-0.155,0.083,0.0,0,0,1,,0.897,2026-03-18T12:17:07.221932,neutral,0.779,2026-03-18T12:17:06.256487,0.6634854085986519,2026-03-18T12:17:06.991000,92,Solid line crossing,Solid line crossing,
participant_26,2,day,Town10HD_Opt,2026-03-18 12:17:08.077858,-110.3640594482422,-5.8147711753845215,0.0019277571700513,3.908,-0.155,0.0,0.0,0,0,1,,0.838,2026-03-18T12:17:08.077858,neutral,0.779,2026-03-18T12:17:06.256487,0.6094164196016164,2026-03-18T12:17:07.982000,93,,,
participant_26,2,day,Town10HD_Opt,2026-03-18 12:17:09.022699,-110.36570739746094,-5.527390480041504,0.0019947811961174,0.0,-0.155,0.0,0.049,0,0,1,,0.85,2026-03-18T12:17:09.022699,neutral,0.594,2026-03-18T12:17:09.022699,0.6097278816738638,2026-03-18T12:17:09.017000,93,,,
participant_26,2,day,Town10HD_Opt,2026-03-18 12:17:10.175785,-110.36570739746094,-5.526575088500977,0.001919784466736,0.007,-0.155,0.0,0.0,0,0,1,,0.862,2026-03-18T12:17:10.175785,neutral,0.594,2026-03-18T12:17:09.022699,0.6978302599301405,2026-03-18T12:17:10.007000,92,,,
participant_26,2,day,Town10HD_Opt,2026-03-18 12:17:11.047953,-110.36570739746094,-5.526594638824463,0.0019187927246093,0.006,-0.134,0.0,0.0,0,0,1,,1.0,2026-03-18T12:17:11.047953,neutral,0.795,2026-03-18T12:17:11.047953,0.6975548695337792,2026-03-18T12:17:10.997000,92,,,
participant_26,2,day,Town10HD_Opt,2026-03-18 12:17:12.239754,-110.36570739746094,-5.526492595672607,0.0019187927246093,0.006,-0.132,0.0,0.0,0,0,1,,1.0,2026-03-18T12:17:12.239754,neutral,0.795,2026-03-18T12:17:11.047953,0.614135974463852,2026-03-18T12:17:11.987000,92,,,
participant_26,2,day,Town10HD_Opt,2026-03-18 12:17:13.138897,-110.36570739746094,-5.526559829711914,0.0019189452286809,0.006,-0.115,0.0,0.0,0,0,1,,0.864,2026-03-18T12:17:13.138897,neutral,0.586,2026-03-18T12:17:13.138897,0.647158442460682,2026-03-18T12:17:12.977000,93,,,
participant_26,2,day,Town10HD_Opt,2026-03-18 12:17:14.044328,-110.36570739746094,-5.526400089263916,0.0019190978491678,0.002,-0.082,0.0,0.0,0,0,1,,0.88,2026-03-18T12:17:14.044328,neutral,0.586,2026-03-18T12:17:13.138897,0.7628594013459227,2026-03-18T12:17:14.012000,92,,,
participant_26,2,day,Town10HD_Opt,2026-03-18 12:17:15.261664,-110.36570739746094,-5.52631950378418,0.0019190596649423,0.002,-0.073,0.0,0.0,0,0,1,,0.913,2026-03-18T12:17:15.261664,neutral,0.83,2026-03-18T12:17:15.261664,0.7004617324478357,2026-03-18T12:17:15.005000,90,,,
participant_26,2,day,Town10HD_Opt,2026-03-18 12:17:16.217997,-110.36570739746094,-5.526111125946045,0.0019192122854292,0.001,-0.038,0.0,0.0,0,0,1,,1.0,2026-03-18T12:17:16.217997,neutral,0.83,2026-03-18T12:17:15.261664,0.69428466064938,2026-03-18T12:17:15.992000,90,,,
participant_26,2,day,Town10HD_Opt,2026-03-18 12:17:17.144773,-110.36570739746094,-5.526084899902344,0.0019189071608707,0.006,0.002,0.0,0.0,0,0,1,,0.855,2026-03-18T12:17:17.144773,neutral,0.83,2026-03-18T12:17:15.261664,0.7252026836709313,2026-03-18T12:17:16.982000,91,,,
participant_26,2,day,Town10HD_Opt,2026-03-18 12:17:18.068889,-110.36570739746094,-5.526141166687012,0.0019187163561582,0.006,0.054,0.0,0.0,0,0,1,,0.909,2026-03-18T12:17:18.068889,neutral,0.896,2026-03-18T12:17:18.068889,0.6604919498874474,2026-03-18T12:17:18.017000,91,,,
participant_26,2,day,Town10HD_Opt,2026-03-18 12:17:19.021592,-110.36570739746094,-5.5260748863220215,0.0019189834129065,0.002,0.054,0.0,0.0,0,0,1,,1.0,2026-03-18T12:17:19.021592,neutral,0.896,2026-03-18T12:17:18.068889,0.6461790537896135,2026-03-18T12:17:19.008000,91,,,
participant_26,2,day,Town10HD_Opt,2026-03-18 12:17:20.188183,-110.36691284179688,-5.377023696899414,0.0016407022485509,5.711,0.078,1.0,0.0,0,0,1,,0.845,2026-03-18T12:17:20.188183,neutral,0.674,2026-03-18T12:17:20.188183,0.7834650448290548,2026-03-18T12:17:19.997000,90,,,
participant_26,2,day,Town10HD_Opt,2026-03-18 12:17:21.173368,-110.38632202148438,-3.0926735401153564,0.0016743867890909,20.773,0.082,1.0,0.0,0,0,1,,0.902,2026-03-18T12:17:21.173368,neutral,0.674,2026-03-18T12:17:20.188183,0.6706674720319515,2026-03-18T12:17:20.987000,91,,,
participant_26,2,day,Town10HD_Opt,2026-03-18 12:17:22.081695,-110.43402099609376,1.74998140335083,0.0015103931073099,36.495,0.082,0.932,0.0,0,0,1,,0.887,2026-03-18T12:17:22.081695,neutral,0.674,2026-03-18T12:17:20.188183,0.7678159663176582,2026-03-18T12:17:21.977000,92,,,
participant_26,2,day,Town10HD_Opt,2026-03-18 12:17:23.038480,-110.39911651611328,8.908342361450195,0.0019865802023559,41.582,-4.957,0.0,0.0,0,0,1,,1.0,2026-03-18T12:17:23.038480,neutral,0.531,2026-03-18T12:17:23.038480,0.6389536360626872,2026-03-18T12:17:23.012000,90,,,
participant_26,2,day,Town10HD_Opt,2026-03-18 12:17:24.012730,-109.35578918457033,15.318743705749512,0.0023493184708058,32.099,-11.868,0.0,0.0,0,0,1,,0.928,2026-03-18T12:17:24.012730,neutral,0.531,2026-03-18T12:17:23.038480,0.7040151451296052,2026-03-18T12:17:24.004000,91,,,
participant_26,2,day,Town10HD_Opt,2026-03-18 12:17:25.286547,-106.19241333007812,20.75029754638672,0.0022940435446798,22.019,-14.043,0.0,0.0,0,0,1,,0.875,2026-03-18T12:17:25.286547,neutral,0.619,2026-03-18T12:17:25.286547,0.6615886949380748,2026-03-18T12:17:24.993000,89,,,
participant_26,2,day,Town10HD_Opt,2026-03-18 12:17:26.234298,-103.58783721923828,22.90735626220703,0.0019749826751649,16.82,-13.251,0.0,0.0,0,0,1,,0.924,2026-03-18T12:17:26.234298,neutral,0.619,2026-03-18T12:17:25.286547,0.6826118282910248,2026-03-18T12:17:25.982000,89,,,
participant_26,2,day,Town10HD_Opt,2026-03-18 12:17:27.206390,-101.26416778564452,24.10556602478028,0.0020479196682572,12.921,-11.622,0.0,0.0,0,0,1,,0.931,2026-03-18T12:17:27.206390,neutral,0.619,2026-03-18T12:17:25.286547,0.5982281993017888,2026-03-18T12:17:27.152000,89,,,
participant_26,2,day,Town10HD_Opt,2026-03-18 12:17:28.205121,-99.35586547851562,24.773983001708984,0.0019794462714344,10.887,-10.694,0.527,0.0,0,0,1,,0.921,2026-03-18T12:17:28.205121,neutral,0.726,2026-03-18T12:17:28.205121,0.6425873728705831,2026-03-18T12:17:28.007000,90,,,
participant_26,2,day,Town10HD_Opt,2026-03-18 12:17:29.247656,-96.78392028808594,25.33036231994629,0.0018276607152074,20.879,-10.757,0.905,0.0,0,0,1,,0.896,2026-03-18T12:17:29.247656,neutral,0.726,2026-03-18T12:17:28.205121,0.7437457448330761,2026-03-18T12:17:28.998000,90,,,
participant_26,2,day,Town10HD_Opt,2026-03-18 12:17:30.291434,-92.34800720214844,25.53915977478028,0.001864090678282,28.367,-5.399,0.0,0.0,0,0,1,,0.945,2026-03-18T12:17:30.291434,neutral,0.406,2026-03-18T12:17:30.291434,0.6390826916126164,2026-03-18T12:17:29.990000,91,,,
participant_26,2,day,Town10HD_Opt,2026-03-18 12:17:31.017303,-89.22985076904297,25.36375999450684,0.0022072594147175,24.387,-0.021,0.0,0.0,0,0,1,,0.902,2026-03-18T12:17:31.017303,neutral,0.406,2026-03-18T12:17:30.291434,0.6588649509462274,2026-03-18T12:17:30.978000,90,,,
participant_26,2,day,Town10HD_Opt,2026-03-18 12:17:32.027660,-85.41360473632812,25.17880630493164,0.0021758647635579,19.79,0.498,0.195,0.0,0,0,1,,1.0,2026-03-18T12:17:32.027660,neutral,0.406,2026-03-18T12:17:30.291434,0.6250060679272237,2026-03-18T12:17:32.012000,93,,,
participant_26,2,day,Town10HD_Opt,2026-03-18 12:17:33.066061,-82.18074035644531,25.01578712463379,0.0018607327947393,17.504,-0.949,0.13,0.0,0,0,1,,0.852,2026-03-18T12:17:33.066061,neutral,0.603,2026-03-18T12:17:33.066061,0.6459783746159803,2026-03-18T12:17:33.002000,91,,,
participant_26,2,day,Town10HD_Opt,2026-03-18 12:17:34.044303,-79.26007080078125,24.820045471191406,0.0019694135989993,15.839,-0.768,0.166,0.0,0,0,1,,0.877,2026-03-18T12:17:34.044303,neutral,0.603,2026-03-18T12:17:33.066061,0.7511919518132822,2026-03-18T12:17:33.992000,92,,,
participant_26,2,day,Town10HD_Opt,2026-03-18 12:17:35.103681,-76.59597778320312,24.620874404907227,0.0019654082134366,14.494,1.206,0.13,0.0,0,0,1,,0.926,2026-03-18T12:17:35.103681,neutral,0.849,2026-03-18T12:17:35.103681,0.7830816513392355,2026-03-18T12:17:35.027000,93,,,
participant_26,2,day,Town10HD_Opt,2026-03-18 12:17:36.089740,-74.17540740966797,24.513107299804688,0.0019633099436759,13.109,2.426,0.129,0.0,0,0,1,,0.918,2026-03-18T12:17:36.089740,neutral,0.849,2026-03-18T12:17:35.103681,0.7189610127476161,2026-03-18T12:17:36.017000,93,,,
participant_26,2,day,Town10HD_Opt,2026-03-18 12:17:37.077837,-71.9744873046875,24.471866607666016,0.0019551084842532,11.98,1.631,0.129,0.0,0,0,1,,0.941,2026-03-18T12:17:37.077837,neutral,0.849,2026-03-18T12:17:35.103681,0.7192644433486562,2026-03-18T12:17:37.007000,94,,,
participant_26,2,day,Town10HD_Opt,2026-03-18 12:17:38.052879,-70.04838562011719,24.46922874450684,0.0020126339513808,9.424,1.622,0.0,0.047,0,0,1,,0.926,2026-03-18T12:17:38.052879,neutral,0.702,2026-03-18T12:17:38.052879,0.7865309227885641,2026-03-18T12:17:37.997000,93,,,
participant_26,2,day,Town10HD_Opt,2026-03-18 12:17:38.994774,-68.63101959228516,24.48903465270996,0.0020114895887672,6.396,1.608,0.0,0.07,0,0,1,,0.875,2026-03-18T12:17:38.994774,neutral,0.702,2026-03-18T12:17:38.052879,0.7245135199810614,2026-03-18T12:17:38.988000,91,,,
participant_26,2,day,Town10HD_Opt,2026-03-18 12:17:40.264151,-68.015869140625,24.503341674804688,0.0019911571871489,0.0,1.605,0.0,0.063,0,0,1,,0.937,2026-03-18T12:17:40.264151,neutral,0.773,2026-03-18T12:17:40.264151,0.7597234780043481,2026-03-18T12:17:40.022000,91,,,
participant_26,2,day,Town10HD_Opt,2026-03-18 12:17:41.248245,-68.01570129394531,24.50335693359375,0.0019215393112972,0.001,1.565,0.0,0.0,0,0,1,,0.948,2026-03-18T12:17:41.248245,neutral,0.773,2026-03-18T12:17:40.264151,0.8257654860179275,2026-03-18T12:17:41.012000,93,,,
participant_26,2,day,Town10HD_Opt,2026-03-18 12:17:42.178584,-67.79692077636719,24.50926780700684,0.0015783321578055,6.899,1.396,1.0,0.0,0,0,1,,0.922,2026-03-18T12:17:42.178584,neutral,0.773,2026-03-18T12:17:40.264151,0.7540050117111375,2026-03-18T12:17:42.002000,91,,,
participant_26,2,day,Town10HD_Opt,2026-03-18 12:17:43.163339,-65.31295013427734,24.587820053100582,0.0017108551692217,22.415,0.738,1.0,0.0,0,0,1,,0.913,2026-03-18T12:17:43.163339,neutral,0.921,2026-03-18T12:17:43.163339,0.7135637203996981,2026-03-18T12:17:43.038000,90,,,
participant_26,2,day,Town10HD_Opt,2026-03-18 12:17:44.074821,-60.262298583984375,24.756561279296875,0.001476633013226,37.808,-0.134,1.0,0.0,0,0,1,,0.916,2026-03-18T12:17:44.074821,neutral,0.921,2026-03-18T12:17:43.163339,0.7494037355054235,2026-03-18T12:17:44.027000,89,,,
participant_26,2,day,Town10HD_Opt,2026-03-18 12:17:45.003139,-52.48263168334961,25.03622436523437,0.0015376299852505,51.664,0.508,0.0,0.166,0,0,1,,0.872,2026-03-18T12:17:45.003139,neutral,0.921,2026-03-18T12:17:43.163339,0.8018946116991095,2026-03-18T12:17:45.018000,88,,,
participant_26,2,day,Town10HD_Opt,2026-03-18 12:17:46.166432,-40.65616607666016,25.72431373596192,0.0019659425597637,50.719,0.186,0.0,0.119,0,0,1,,0.936,2026-03-18T12:17:46.166432,neutral,0.913,2026-03-18T12:17:46.166432,0.7567069552330992,2026-03-18T12:17:46.008000,91,,,
participant_26,2,day,Town10HD_Opt,2026-03-18 12:17:47.059856,-31.98908424377441,26.323760986328125,0.0018204123480245,52.347,-0.282,0.0,0.24,0,0,1,,0.886,2026-03-18T12:17:47.059856,neutral,0.913,2026-03-18T12:17:46.166432,0.7087145882624545,2026-03-18T12:17:46.998000,91,,,
participant_26,2,day,Town10HD_Opt,2026-03-18 12:17:48.036940,-23.24960708618164,26.874589920043945,0.0018994909478351,51.823,0.087,0.0,0.137,0,0,1,,0.925,2026-03-18T12:17:48.036940,neutral,0.913,2026-03-18T12:17:46.166432,0.745841427464163,2026-03-18T12:17:47.989000,91,,,
participant_26,2,day,Town10HD_Opt,2026-03-18 12:17:49.246535,-12.34069538116455,27.584205627441406,0.0022210297174751,38.655,-0.108,0.0,0.0,0,0,1,,0.865,2026-03-18T12:17:49.246535,neutral,0.834,2026-03-18T12:17:49.246535,0.6991953692793389,2026-03-18T12:17:49.068000,92,,,
participant_26,2,day,Town10HD_Opt,2026-03-18 12:17:50.174852,-6.182863712310791,27.96372413635254,0.0022290030028671,31.903,-0.322,0.441,0.0,0,0,1,,0.887,2026-03-18T12:17:50.174852,neutral,0.834,2026-03-18T12:17:49.246535,0.6786173150646285,2026-03-18T12:17:50.012000,91,,,
participant_26,2,day,Town10HD_Opt,2026-03-18 12:17:51.110958,-0.5887485146522522,28.243343353271484,0.0020199203863739,32.498,-0.618,0.434,0.0,0,0,1,,0.826,2026-03-18T12:17:51.110958,neutral,0.834,2026-03-18T12:17:49.246535,0.7448936783015873,2026-03-18T12:17:51,91,,,
participant_26,2,day,Town10HD_Opt,2026-03-18 12:17:52.058384,5.166007518768311,28.432159423828125,0.0020170211791992,33.377,-0.611,0.429,0.0,0,0,1,,1.0,2026-03-18T12:17:52.058384,neutral,0.704,2026-03-18T12:17:52.058384,0.7443033782060833,2026-03-18T12:17:51.993000,90,,,
participant_26,2,day,Town10HD_Opt,2026-03-18 12:17:53.210206,13.034537315368652,28.528600692749023,0.0020243453327566,34.135,-0.432,0.426,0.0,0,0,1,,0.837,2026-03-18T12:17:53.210206,neutral,0.704,2026-03-18T12:17:52.058384,0.7153471777421214,2026-03-18T12:17:53.028000,91,,,
participant_26,2,day,Town10HD_Opt,2026-03-18 12:17:54.159581,19.041963577270508,28.519962310791016,0.0020371244754642,34.393,0.193,0.358,0.0,0,0,1,,0.88,2026-03-18T12:17:54.159581,neutral,0.795,2026-03-18T12:17:54.159581,0.7268408582612943,2026-03-18T12:17:54.018000,91,,,
participant_26,2,day,Town10HD_Opt,2026-03-18 12:17:55.163456,24.895282745361328,28.56233024597168,0.0021551509853452,31.549,3.325,0.202,0.0,0,0,1,,0.976,2026-03-18T12:17:55.163456,neutral,0.795,2026-03-18T12:17:54.159581,0.8160751841526461,2026-03-18T12:17:55.007000,91,,,
participant_26,2,day,Town10HD_Opt,2026-03-18 12:17:56.092727,30.0723819732666,29.074098587036133,0.0020337291061878,27.663,8.615,0.203,0.0,0,0,1,,0.941,2026-03-18T12:17:56.092727,neutral,0.795,2026-03-18T12:17:54.159581,0.7651577342746475,2026-03-18T12:17:55.999000,89,,,
participant_26,2,day,Town10HD_Opt,2026-03-18 12:17:57.012532,34.38377380371094,30.5232162475586,0.0021509164944291,24.575,15.753,0.284,0.0,0,0,1,,0.844,2026-03-18T12:17:57.012532,neutral,0.806,2026-03-18T12:17:57.012532,0.8396737803331147,2026-03-18T12:17:56.987000,90,,,
participant_26,2,day,Town10HD_Opt,2026-03-18 12:17:58.221039,38.30358123779297,34.206539154052734,0.0021336360368877,22.253,20.46,0.281,0.0,0,0,1,,0.882,2026-03-18T12:17:58.221039,neutral,0.806,2026-03-18T12:17:57.012532,0.8400452463313027,2026-03-18T12:17:58.023000,91,,,
participant_26,2,day,Town10HD_Opt,2026-03-18 12:17:59.142464,39.61089706420898,37.7316780090332,0.0021146007347851,20.976,17.201,0.273,0.0,0,0,1,,0.911,2026-03-18T12:17:59.142464,neutral,0.836,2026-03-18T12:17:59.142464,0.7269729829711331,2026-03-18T12:17:59.014000,93,,,
participant_26,2,day,Town10HD_Opt,2026-03-18 12:18:00.053559,40.05664443969727,41.241947174072266,0.0021595759317278,18.625,2.32,0.0,0.0,0,0,1,,0.878,2026-03-18T12:18:00.053559,neutral,0.836,2026-03-18T12:17:59.142464,0.8913331897656854,2026-03-18T12:18:00.002000,92,,,
participant_26,2,day,Town10HD_Opt,2026-03-18 12:18:01.212204,40.31018829345703,44.95891952514648,0.0020306773949414,13.329,3.919,0.066,0.0,0,0,1,,0.898,2026-03-18T12:18:01.212204,neutral,0.52,2026-03-18T12:18:01.212204,0.9039534544150402,2026-03-18T12:18:00.992000,93,,,
participant_26,2,day,Town10HD_Opt,2026-03-18 12:18:02.121081,40.35352325439453,47.08535385131836,0.0020164486486464,10.527,0.865,0.0,0.0,0,0,1,,0.895,2026-03-18T12:18:02.121081,neutral,0.52,2026-03-18T12:18:01.212204,0.9384482580922262,2026-03-18T12:18:02.028000,92,,,
participant_26,2,day,Town10HD_Opt,2026-03-18 12:18:03.027729,40.37986755371094,48.72378921508789,0.0020016857888549,7.991,0.999,0.075,0.0,0,0,1,,0.853,2026-03-18T12:18:03.027729,neutral,0.52,2026-03-18T12:18:01.212204,0.8634714163221835,2026-03-18T12:18:03.018000,93,,,
participant_26,2,day,Town10HD_Opt,2026-03-18 12:18:04.208617,40.39064025878906,50.36783599853516,0.0019741056021302,5.857,0.978,0.0,0.0,0,0,1,,0.91,2026-03-18T12:18:04.208617,neutral,0.912,2026-03-18T12:18:04.208617,0.8480454455026877,2026-03-18T12:18:04.007000,94,,,
participant_26,2,day,Town10HD_Opt,2026-03-18 12:18:05.082193,40.39011764526367,51.28009796142578,0.0019621273968368,4.496,0.978,0.0,0.0,0,0,1,,0.865,2026-03-18T12:18:05.082193,neutral,0.912,2026-03-18T12:18:04.208617,0.8128315614111985,2026-03-18T12:18:04.998000,95,,,
participant_26,2,day,Town10HD_Opt,2026-03-18 12:18:06.235101,40.38501739501953,52.17557144165039,0.0019493482541292,3.114,0.978,0.0,0.0,0,0,1,,0.899,2026-03-18T12:18:06.235101,neutral,0.925,2026-03-18T12:18:06.235101,0.8238879480450495,2026-03-18T12:18:05.988000,96,,,
participant_26,2,day,Town10HD_Opt,2026-03-18 12:18:07.089205,40.38257598876953,52.45167922973633,0.0020055386703461,0.0,0.959,0.0,0.103,0,0,1,,0.949,2026-03-18T12:18:07.089205,neutral,0.925,2026-03-18T12:18:06.235101,0.9338242962829668,2026-03-18T12:18:07.022000,95,,,
participant_26,2,day,Town10HD_Opt,2026-03-18 12:18:08.220001,40.38197708129883,52.5024299621582,0.001768379821442,3.233,0.853,1.0,0.0,0,0,1,,0.876,2026-03-18T12:18:08.220001,neutral,0.925,2026-03-18T12:18:06.235101,0.9876881746812156,2026-03-18T12:18:08.013000,94,,,
participant_26,2,day,Town10HD_Opt,2026-03-18 12:18:09.102325,40.36442947387695,54.33930969238281,0.0014461918035522,19.261,-2.344,0.973,0.0,0,0,1,,0.81,2026-03-18T12:18:09.102325,neutral,0.568,2026-03-18T12:18:09.102325,0.8782331754860523,2026-03-18T12:18:09.004000,95,,,
participant_26,2,day,Town10HD_Opt,2026-03-18 12:18:10.053455,40.73479461669922,58.30817794799805,0.001878929673694,25.496,-10.506,0.468,0.0,0,0,1,,0.954,2026-03-18T12:18:10.053455,neutral,0.568,2026-03-18T12:18:09.102325,0.9072449893034816,2026-03-18T12:18:09.992000,93,,,
participant_26,2,day,Town10HD_Opt,2026-03-18 12:18:11.171462,43.05368041992188,64.15763092041016,0.0019878770690411,28.822,-13.475,0.479,0.0,0,0,1,,0.936,2026-03-18T12:18:11.171462,sad,0.626,2026-03-18T12:18:11.171462,0.841808117517032,2026-03-18T12:18:10.984000,93,,,
participant_26,2,day,Town10HD_Opt,2026-03-18 12:18:12.062324,46.61740493774414,67.86772155761719,0.0020383452065289,30.2,-16.401,0.366,0.0,0,0,1,,0.921,2026-03-18T12:18:12.062324,sad,0.626,2026-03-18T12:18:11.171462,0.8232282074311942,2026-03-18T12:18:12.018000,94,,,
participant_26,2,day,Town10HD_Opt,2026-03-18 12:18:12.999702,51.36407470703125,69.9485092163086,0.0021163173951208,28.951,-11.363,0.231,0.0,0,0,1,,0.896,2026-03-18T12:18:12.999702,sad,0.626,2026-03-18T12:18:11.171462,0.8020574652943074,2026-03-18T12:18:13.007000,95,,,
participant_26,2,day,Town10HD_Opt,2026-03-18 12:18:14.183727,57.51288604736328,70.49752044677734,0.00219028419815,23.577,-5.917,0.204,0.0,0,0,1,,0.889,2026-03-18T12:18:14.183727,sad,0.336,2026-03-18T12:18:14.183727,0.8849474293834787,2026-03-18T12:18:13.998000,96,,,
participant_26,2,day,Town10HD_Opt,2026-03-18 12:18:15.069137,61.46604919433594,70.26716613769531,0.0020687482319772,22.242,1.652,0.341,0.0,0,0,1,,0.846,2026-03-18T12:18:15.069137,sad,0.336,2026-03-18T12:18:14.183727,0.7821014527873251,2026-03-18T12:18:14.988000,97,,,
participant_26,2,day,Town10HD_Opt,2026-03-18 12:18:16.228557,66.71763610839844,70.121826171875,0.002018318278715,23.039,0.602,0.378,0.0,0,0,1,,0.835,2026-03-18T12:18:16.228557,neutral,0.901,2026-03-18T12:18:16.228557,0.7984926785766162,2026-03-18T12:18:16.068000,99,,,
participant_26,2,day,Town10HD_Opt,2026-03-18 12:18:17.057543,70.80083465576172,70.06865692138672,0.0020391463767737,23.383,0.338,0.288,0.0,0,0,1,,0.883,2026-03-18T12:18:17.057543,neutral,0.901,2026-03-18T12:18:16.228557,0.7394303096598772,2026-03-18T12:18:17.012000,99,,,
participant_26,2,day,Town10HD_Opt,2026-03-18 12:18:18.140728,76.11720275878906,70.04415130615234,0.0020643232855945,22.35,0.367,0.472,0.0,0,0,1,,0.919,2026-03-18T12:18:18.140728,neutral,0.901,2026-03-18T12:18:16.228557,0.7125463344161587,2026-03-18T12:18:18.003000,95,,,
participant_26,2,day,Town10HD_Opt,2026-03-18 12:18:18.991423,80.20828247070312,70.06204986572266,0.0019631197210401,24.768,0.367,0.456,0.0,0,0,1,,0.851,2026-03-18T12:18:18.991423,neutral,0.696,2026-03-18T12:18:18.991423,0.6876589404740219,2026-03-18T12:18:18.993000,95,,,
participant_26,2,day,Town10HD_Opt,2026-03-18 12:18:20.131200,86.29753875732422,70.293212890625,0.0019855499267578,27.485,7.069,0.442,0.0,0,0,1,,0.833,2026-03-18T12:18:20.131200,neutral,0.696,2026-03-18T12:18:18.991423,0.6829664760127758,2026-03-18T12:18:20.028000,93,,,
participant_26,2,day,Town10HD_Opt,2026-03-18 12:18:21.250955,92.63433074951172,72.06046295166016,0.0020188521593809,29.228,12.444,0.445,0.0,0,0,1,,0.891,2026-03-18T12:18:21.250955,neutral,0.648,2026-03-18T12:18:21.250955,0.7229494051273638,2026-03-18T12:18:21.018000,91,,,
participant_26,2,day,Town10HD_Opt,2026-03-18 12:18:22.174703,96.68887329101562,75.19938659667969,0.0020537183154374,30.071,18.969,0.449,0.0,0,0,1,,0.818,2026-03-18T12:18:22.174703,neutral,0.648,2026-03-18T12:18:21.250955,0.674087583871342,2026-03-18T12:18:22.008000,90,,,
participant_26,2,day,Town10HD_Opt,2026-03-18 12:18:23.108734,98.96172332763672,79.95845031738281,0.002058524871245,30.966,18.181,0.45,0.0,0,0,1,,0.862,2026-03-18T12:18:23.108734,neutral,0.648,2026-03-18T12:18:21.250955,0.6922752360944375,2026-03-18T12:18:22.998000,91,,,
participant_26,2,day,Town10HD_Opt,2026-03-18 12:18:24.246179,98.99698638916016,87.33479309082031,0.0020082092378288,32.698,1.457,0.445,0.0,0,0,1,,1.0,2026-03-18T12:18:24.246179,neutral,0.601,2026-03-18T12:18:24.246179,0.7611939222772051,2026-03-18T12:18:23.988000,92,,,
participant_26,2,day,Town10HD_Opt,2026-03-18 12:18:25.126668,98.45132446289062,93.11368560791016,0.0020253753755241,33.4,1.311,0.327,0.0,0,0,1,,1.0,2026-03-18T12:18:25.126668,neutral,0.601,2026-03-18T12:18:24.246179,0.7506149206374265,2026-03-18T12:18:25.023000,91,,,
participant_26,2,day,Town10HD_Opt,2026-03-18 12:18:26.224101,97.3162612915039,100.60140228271484,0.0020947263110429,31.373,3.73,0.326,0.0,0,0,1,,0.888,2026-03-18T12:18:26.224101,neutral,0.601,2026-03-18T12:18:24.246179,0.704290618190666,2026-03-18T12:18:26.013000,90,,,
participant_26,2,day,Town10HD_Opt,2026-03-18 12:18:27.080187,95.88055419921876,105.7825927734375,0.002089538378641,29.997,4.461,0.327,0.0,0,0,1,,0.885,2026-03-18T12:18:27.080187,neutral,0.678,2026-03-18T12:18:27.080187,0.6741252268078537,2026-03-18T12:18:27.002000,91,,,
participant_26,2,day,Town10HD_Opt,2026-03-18 12:18:28.209619,93.17195892333984,112.05545043945312,0.0020741650369018,28.676,4.822,0.343,0.0,0,0,1,,0.884,2026-03-18T12:18:28.209619,neutral,0.678,2026-03-18T12:18:27.080187,0.7900612159798323,2026-03-18T12:18:27.993000,91,,,
participant_26,2,day,Town10HD_Opt,2026-03-18 12:18:29.096871,90.5759048461914,116.28558349609376,0.0020650099031627,28.039,5.08,0.35,0.0,0,0,1,,1.0,2026-03-18T12:18:29.096871,neutral,0.465,2026-03-18T12:18:29.096871,0.7294060610163835,2026-03-18T12:18:29.029000,88,,,
participant_26,2,day,Town10HD_Opt,2026-03-18 12:18:30.056405,87.52433776855469,120.0808334350586,0.0020619963761419,27.6,5.834,0.351,0.0,0,0,1,,0.894,2026-03-18T12:18:30.056405,neutral,0.465,2026-03-18T12:18:29.096871,0.7169586275487891,2026-03-18T12:18:30.018000,87,,,
participant_26,2,day,Town10HD_Opt,2026-03-18 12:18:31.246514,82.73661041259766,124.28816223144533,0.0020561979617923,27.196,6.941,0.379,0.0,0,0,1,,0.874,2026-03-18T12:18:31.246514,neutral,0.583,2026-03-18T12:18:31.246514,0.6599926275544549,2026-03-18T12:18:31.007000,90,,,
participant_26,2,day,Town10HD_Opt,2026-03-18 12:18:32.199987,78.64088439941406,126.7380828857422,0.0020343016367405,27.509,4.442,0.393,0.0,0,0,1,,1.0,2026-03-18T12:18:32.199987,neutral,0.583,2026-03-18T12:18:31.246514,0.6526654272541701,2026-03-18T12:18:31.998000,90,,,
participant_26,2,day,Town10HD_Opt,2026-03-18 12:18:33.126250,74.20256042480469,128.7098846435547,0.0020238875877112,28.179,6.684,0.417,0.0,0,0,1,,0.925,2026-03-18T12:18:33.126250,neutral,0.583,2026-03-18T12:18:31.246514,0.7037975143076719,2026-03-18T12:18:32.988000,91,,,
participant_26,2,day,Town10HD_Opt,2026-03-18 12:18:34.060705,69.32566833496094,130.00379943847656,0.0019439317984506,30.651,6.312,0.613,0.0,0,0,1,,0.913,2026-03-18T12:18:34.060705,neutral,0.755,2026-03-18T12:18:34.060705,0.6732630089840208,2026-03-18T12:18:34.023000,91,,,
participant_26,2,day,Town10HD_Opt,2026-03-18 12:18:35.031168,63.61692810058594,130.64024353027344,0.0019172672182321,34.934,2.468,0.446,0.0,0,0,1,,0.958,2026-03-18T12:18:35.031168,neutral,0.755,2026-03-18T12:18:34.060705,0.6888972887574408,2026-03-18T12:18:35.013000,95,,,
participant_26,2,day,Town10HD_Opt,2026-03-18 12:18:36.245850,55.32217025756836,130.80398559570312,0.0020186617039144,36.111,1.288,0.445,0.0,0,0,1,,1.0,2026-03-18T12:18:36.245850,neutral,0.897,2026-03-18T12:18:36.245850,0.6066181810608231,2026-03-18T12:18:36.003000,95,,,
participant_26,2,day,Town10HD_Opt,2026-03-18 12:18:37.184919,48.95540237426758,130.60968017578125,0.0020229339133948,36.733,0.183,0.445,0.0,0,0,1,,0.872,2026-03-18T12:18:37.184919,neutral,0.897,2026-03-18T12:18:36.245850,0.5336501997151961,2026-03-18T12:18:36.993000,97,,,
participant_26,2,day,Town10HD_Opt,2026-03-18 12:18:38.048646,42.48771286010742,130.3811798095703,0.0020254515111446,37.27,-0.825,0.445,0.0,0,0,1,,1.0,2026-03-18T12:18:38.048646,neutral,0.897,2026-03-18T12:18:36.245850,0.550728177268879,2026-03-18T12:18:37.983000,99,,,
participant_26,2,day,Town10HD_Opt,2026-03-18 12:18:39.265051,33.724605560302734,130.29930114746094,0.0020285034552216,37.896,-0.153,0.445,0.0,0,0,1,,1.0,2026-03-18T12:18:39.265051,neutral,0.757,2026-03-18T12:18:39.265051,0.5576030549165071,2026-03-18T12:18:39.108000,98,,,
participant_26,2,day,Town10HD_Opt,2026-03-18 12:18:40.150580,27.065719604492188,130.31253051757812,0.0020304108038544,38.276,-0.009,0.445,0.0,0,0,1,,1.0,2026-03-18T12:18:40.150580,neutral,0.757,2026-03-18T12:18:39.265051,0.5371682313615511,2026-03-18T12:18:40.008000,100,,,
participant_26,2,day,Town10HD_Opt,2026-03-18 12:18:41.026019,20.34415435791016,130.3285369873047,0.0020319747272878,38.586,0.056,0.445,0.0,0,0,1,,1.0,2026-03-18T12:18:41.026019,neutral,0.757,2026-03-18T12:18:39.265051,0.5844053517218619,2026-03-18T12:18:40.998000,103,,,
participant_26,2,day,Town10HD_Opt,2026-03-18 12:18:42.190259,11.299034118652344,130.325927734375,0.0020338057074695,38.959,0.179,0.444,0.0,0,0,1,,1.0,2026-03-18T12:18:42.190259,neutral,0.777,2026-03-18T12:18:42.190259,0.4643360861787773,2026-03-18T12:18:41.989000,106,,,
participant_26,2,day,Town10HD_Opt,2026-03-18 12:18:43.043050,4.631786823272705,130.2779998779297,0.0022307196632027,34.955,0.282,0.0,0.0,0,0,1,,1.0,2026-03-18T12:18:43.043050,neutral,0.777,2026-03-18T12:18:42.190259,0.5101484872034256,2026-03-18T12:18:43.023000,101,,,
participant_26,2,day,Town10HD_Opt,2026-03-18 12:18:44.166628,-2.3556365966796875,130.16099548339844,0.0022813405375927,24.607,0.136,0.0,0.0,0,0,1,,0.822,2026-03-18T12:18:44.166628,neutral,0.777,2026-03-18T12:18:42.190259,0.5017341415406682,2026-03-18T12:18:44.013000,100,,,
participant_26,2,day,Town10HD_Opt,2026-03-18 12:18:45.106710,-6.1677985191345215,130.08477783203125,0.002211989602074,19.06,-0.275,0.462,0.0,0,0,1,,0.926,2026-03-18T12:18:45.106710,neutral,0.899,2026-03-18T12:18:45.106710,0.4854964892805369,2026-03-18T12:18:45.003000,98,,,
participant_26,2,day,Town10HD_Opt,2026-03-18 12:18:46.215438,-11.122110366821287,130.01239013671875,0.0018278510542586,25.706,-0.045,0.642,0.0,0,0,1,,0.896,2026-03-18T12:18:46.215438,neutral,0.899,2026-03-18T12:18:45.106710,0.4717437931711454,2026-03-18T12:18:45.994000,98,,,
participant_26,2,day,Town10HD_Opt,2026-03-18 12:18:47.031899,-16.155988693237305,129.94650268554688,0.0018270118162035,32.368,-0.019,0.642,0.0,0,0,1,,1.0,2026-03-18T12:18:47.031899,neutral,0.899,2026-03-18T12:18:45.106710,0.4328994675291924,2026-03-18T12:18:47.028000,98,,,
participant_26,2,day,Town10HD_Opt,2026-03-18 12:18:48.224195,-24.566823959350582,129.81942749023438,0.0018786245491355,39.626,1.88,0.173,0.0,0,0,1,,1.0,2026-03-18T12:18:48.224195,neutral,0.746,2026-03-18T12:18:48.224195,0.4471406779609956,2026-03-18T12:18:48.019000,98,,,
participant_26,2,day,Town10HD_Opt,2026-03-18 12:18:49.154094,-31.053544998168945,129.32655334472656,0.0023001851513981,32.749,7.644,0.0,0.0,0,0,1,,1.0,2026-03-18T12:18:49.154094,neutral,0.746,2026-03-18T12:18:48.224195,0.4087614674493415,2026-03-18T12:18:49.008000,98,,,
participant_26,2,day,Town10HD_Opt,2026-03-18 12:18:50.036010,-35.854373931884766,127.75682067871094,0.0022900763433426,25.345,18.518,0.287,0.0,0,0,1,,0.838,2026-03-18T12:18:50.036010,neutral,0.746,2026-03-18T12:18:48.224195,0.4331229080265555,2026-03-18T12:18:49.999000,97,,,
participant_26,2,day,Town10HD_Opt,2026-03-18 12:18:51.206880,-39.85272979736328,123.64746856689452,0.0020213318057358,26.032,18.543,0.464,0.0,0,0,1,,0.913,2026-03-18T12:18:51.206880,neutral,0.608,2026-03-18T12:18:51.206880,0.470140281763434,2026-03-18T12:18:50.988000,100,,,
participant_26,2,day,Town10HD_Opt,2026-03-18 12:18:52.174106,-41.26162338256836,119.18767547607422,0.0036412416957318,28.233,11.262,0.46,0.0,0,0,1,,0.901,2026-03-18T12:18:52.174106,neutral,0.608,2026-03-18T12:18:51.206880,0.4741419065397365,2026-03-18T12:18:52.023000,99,,,
participant_26,2,day,Town10HD_Opt,2026-03-18 12:18:53.199502,-41.57476806640625,114.11468505859376,0.0019656375516206,30.111,-0.364,0.456,0.0,0,0,1,,0.858,2026-03-18T12:18:53.199502,neutral,0.608,2026-03-18T12:18:51.206880,0.462975167619047,2026-03-18T12:18:53.014000,99,Solid line crossing,Solid line crossing,
participant_26,2,day,Town10HD_Opt,2026-03-18 12:18:54.139579,-41.69512176513672,108.71482849121094,0.001990966964513,31.746,2.473,0.456,0.0,0,0,1,,0.867,2026-03-18T12:18:54.139579,neutral,0.595,2026-03-18T12:18:54.139579,0.37578979854394,2026-03-18T12:18:54.003000,98,,,
participant_26,2,day,Town10HD_Opt,2026-03-18 12:18:55.070958,-41.557899475097656,103.10321044921876,0.0020634841639548,31.741,-0.938,0.319,0.0,0,0,1,,0.863,2026-03-18T12:18:55.070958,neutral,0.595,2026-03-18T12:18:54.139579,0.4878460484786687,2026-03-18T12:18:54.993000,99,,,
participant_26,2,day,Town10HD_Opt,2026-03-18 12:18:56.271148,-41.5013427734375,95.91549682617188,0.0020896908827126,29.697,-0.618,0.319,0.0,0,0,1,,1.0,2026-03-18T12:18:56.271148,neutral,0.908,2026-03-18T12:18:56.271148,0.4430465368718806,2026-03-18T12:18:56.028000,97,,,
participant_26,2,day,Town10HD_Opt,2026-03-18 12:18:57.234227,-41.56448745727539,90.80841827392578,0.0020819853525608,28.556,-0.508,0.36,0.0,0,0,1,,0.825,2026-03-18T12:18:57.234227,neutral,0.908,2026-03-18T12:18:56.271148,0.5156238097786303,2026-03-18T12:18:57.018000,99,,,
participant_26,2,day,Town10HD_Opt,2026-03-18 12:18:58.110641,-41.645633697509766,85.84606170654297,0.002055816585198,28.183,1.293,0.346,0.0,0,0,1,,1.0,2026-03-18T12:18:58.110641,neutral,0.908,2026-03-18T12:18:56.271148,0.5579556651513976,2026-03-18T12:18:58.008000,99,,,
participant_26,2,day,Town10HD_Opt,2026-03-18 12:18:59.030191,-41.48769760131836,80.9735107421875,0.0020714185666292,27.37,7.107,0.327,0.0,0,0,1,,1.0,2026-03-18T12:18:59.030191,sad,0.484,2026-03-18T12:18:59.030191,0.6203610143995952,2026-03-18T12:18:58.999000,102,,,
participant_26,2,day,Town10HD_Opt,2026-03-18 12:19:00.262186,-39.73436737060547,75.07088470458984,0.0021210857667028,25.846,21.884,0.359,0.0,0,0,1,,0.892,2026-03-18T12:19:00.262186,sad,0.484,2026-03-18T12:18:59.030191,0.4616694280609609,2026-03-18T12:18:59.988000,103,,,
participant_26,2,day,Town10HD_Opt,2026-03-18 12:19:01.152413,-36.50766372680664,72.03250122070312,0.0020989223849028,25.573,21.729,0.378,0.0,0,0,1,,1.0,2026-03-18T12:19:01.152413,sad,0.381,2026-03-18T12:19:01.152413,0.5490821885534651,2026-03-18T12:19:01.023000,103,,,
participant_26,2,day,Town10HD_Opt,2026-03-18 12:19:02.091171,-32.274654388427734,70.57160186767578,0.0020442581735551,26.041,5.858,0.378,0.0,0,0,1,,0.849,2026-03-18T12:19:02.091171,sad,0.381,2026-03-18T12:19:01.152413,0.5095677898364132,2026-03-18T12:19:02.014000,101,,,
participant_26,2,day,Town10HD_Opt,2026-03-18 12:19:03.030848,-27.758007049560547,69.76403045654297,0.0020372772123664,26.416,8.961,0.39,0.0,0,0,1,,0.852,2026-03-18T12:19:03.030848,sad,0.381,2026-03-18T12:19:01.152413,0.5113590671610944,2026-03-18T12:19:03.003000,100,,,
participant_26,2,day,Town10HD_Opt,2026-03-18 12:19:04.237210,-21.51719856262207,69.75885772705078,0.0020245360210537,27.219,-2.047,0.39,0.0,0,0,1,,1.0,2026-03-18T12:19:04.237210,neutral,0.458,2026-03-18T12:19:04.237210,0.4906091865851205,2026-03-18T12:19:03.993000,97,,,
participant_26,2,day,Town10HD_Opt,2026-03-18 12:19:05.110835,-16.710216522216797,69.79547882080078,0.0020257185678929,27.764,1.358,0.39,0.0,0,0,1,,1.0,2026-03-18T12:19:05.110835,neutral,0.458,2026-03-18T12:19:04.237210,0.5407447880495491,2026-03-18T12:19:05.029000,97,,,
participant_26,2,day,Town10HD_Opt,2026-03-18 12:19:05.991559,-11.813665390014648,69.92599487304688,0.0020276259165257,28.253,0.418,0.391,0.0,0,0,1,,1.0,2026-03-18T12:19:05.991559,neutral,0.458,2026-03-18T12:19:04.237210,0.4284083482829322,2026-03-18T12:19:06.018000,96,,,
participant_26,2,day,Town10HD_Opt,2026-03-18 12:19:07.107326,-5.181028842926025,70.13428497314453,0.0020585632883012,28.159,-0.74,0.31,0.0,0,0,1,,1.0,2026-03-18T12:19:07.107326,neutral,0.9,2026-03-18T12:19:07.107326,0.5180250877293926,2026-03-18T12:19:07.009000,98,,,
participant_26,2,day,Town10HD_Opt,2026-03-18 12:19:07.997625,-0.3393271565437317,70.18739318847656,0.0020824812818318,26.999,-0.402,0.31,0.0,0,0,1,,1.0,2026-03-18T12:19:07.997625,neutral,0.9,2026-03-18T12:19:07.107326,0.5051894829438103,2026-03-18T12:19:07.998000,98,,,
participant_26,2,day,Town10HD_Opt,2026-03-18 12:19:09.126203,5.740139007568359,70.14456939697266,0.0021746058482676,23.592,0.223,0.0,0.0,0,0,1,,0.838,2026-03-18T12:19:09.126203,neutral,0.937,2026-03-18T12:19:09.126203,0.5283847190370217,2026-03-18T12:19:09.033000,101,,,
participant_26,2,day,Town10HD_Opt,2026-03-18 12:19:10.249475,10.40103816986084,70.0994644165039,0.001966132549569,16.492,0.023,0.0,0.0,0,0,1,,0.837,2026-03-18T12:19:10.249475,neutral,0.937,2026-03-18T12:19:09.126203,0.4482978307670261,2026-03-18T12:19:10.023000,103,,,
participant_26,2,day,Town10HD_Opt,2026-03-18 12:19:11.071480,13.055770874023438,70.07469940185547,0.0019481275230646,14.673,-0.026,0.24,0.0,0,0,1,,0.826,2026-03-18T12:19:11.071480,neutral,0.937,2026-03-18T12:19:09.126203,0.5668390923387427,2026-03-18T12:19:11.014000,105,,,
participant_26,2,day,Town10HD_Opt,2026-03-18 12:19:11.990375,15.63493537902832,70.05208587646484,0.0019290923373773,14.591,0.148,0.258,0.0,0,0,1,,0.836,2026-03-18T12:19:11.990375,neutral,0.607,2026-03-18T12:19:11.990375,0.4784562063087771,2026-03-18T12:19:12.004000,103,,,
participant_26,2,day,Town10HD_Opt,2026-03-18 12:19:13.115398,19.23953628540039,70.02992248535156,0.0018678666092455,16.591,0.139,0.305,0.0,0,0,1,,0.866,2026-03-18T12:19:13.115398,neutral,0.607,2026-03-18T12:19:11.990375,0.4787168644206705,2026-03-18T12:19:12.994000,102,,,
participant_26,2,day,Town10HD_Opt,2026-03-18 12:19:14.244075,22.84344482421875,70.01699829101562,0.0020598215050995,12.579,0.129,0.0,0.12,0,0,1,,0.847,2026-03-18T12:19:14.244075,neutral,0.495,2026-03-18T12:19:14.244075,0.434978244904211,2026-03-18T12:19:14.029000,100,,,
participant_26,2,day,Town10HD_Opt,2026-03-18 12:19:15.112398,24.73556900024414,70.01393127441406,0.0020297998562455,9.042,0.129,0.0,0.003,0,0,1,,0.836,2026-03-18T12:19:15.112398,neutral,0.495,2026-03-18T12:19:14.244075,0.5131164585358423,2026-03-18T12:19:15.018000,97,,,
participant_26,2,day,Town10HD_Opt,2026-03-18 12:19:15.989148,26.09816551208496,70.01335906982422,0.0020193096715956,6.121,0.129,0.0,0.118,0,0,1,,0.821,2026-03-18T12:19:15.989148,neutral,0.495,2026-03-18T12:19:14.244075,0.4130461689368441,2026-03-18T12:19:16.008000,97,,,
participant_26,2,day,Town10HD_Opt,2026-03-18 12:19:17.095991,26.49357795715332,70.01343536376953,0.0019588468130677,0.003,0.129,0.0,0.0,0,0,1,,0.867,2026-03-18T12:19:17.095991,neutral,0.714,2026-03-18T12:19:17.095991,0.4733059554585163,2026-03-18T12:19:16.999000,96,,,
participant_26,2,day,Town10HD_Opt,2026-03-18 12:19:18.008832,26.915014266967773,70.01154327392578,0.0015562833286821,8.513,-1.255,0.855,0.0,0,0,1,,0.948,2026-03-18T12:19:18.008832,neutral,0.714,2026-03-18T12:19:17.095991,0.4029283949403512,2026-03-18T12:19:18.033000,96,,,errors=Stop sign violation
participant_26,2,day,Town10HD_Opt,2026-03-18 12:19:19.183813,30.52915954589844,69.77462005615234,0.001908226753585,20.834,-7.789,0.625,0.0,0,0,1,,1.0,2026-03-18T12:19:19.183813,sad,0.474,2026-03-18T12:19:19.183813,0.4124360989403298,2026-03-18T12:19:19.029000,96,,,
participant_26,2,day,Town10HD_Opt,2026-03-18 12:19:20.109604,34.49106979370117,68.78907775878906,0.001886787940748,26.032,-13.826,0.569,0.0,0,0,1,,0.869,2026-03-18T12:19:20.109604,sad,0.474,2026-03-18T12:19:19.183813,0.3930577920054367,2026-03-18T12:19:20.013000,99,,,
participant_26,2,day,Town10HD_Opt,2026-03-18 12:19:21.262943,39.88451766967773,65.57482147216797,0.0022708121687173,23.39,-8.594,0.0,0.405,0,0,1,,0.843,2026-03-18T12:19:21.262943,neutral,0.515,2026-03-18T12:19:21.262943,0.3269330200236476,2026-03-18T12:19:21.003000,99,,,
participant_26,2,day,Town10HD_Opt,2026-03-18 12:19:22.127164,41.82811737060547,63.78758239746094,0.0029859119094908,0.003,-9.907,0.0,0.422,0,0,1,,0.933,2026-03-18T12:19:22.127164,neutral,0.515,2026-03-18T12:19:21.262943,0.3933753888406625,2026-03-18T12:19:21.993000,99,,,
participant_26,2,day,Town10HD_Opt,2026-03-18 12:19:23.221583,41.82907104492188,63.7865104675293,0.0019299697596579,0.003,-9.043,0.0,0.0,0,0,1,,1.0,2026-03-18T12:19:23.221583,neutral,0.515,2026-03-18T12:19:21.262943,0.3450548422750236,2026-03-18T12:19:23.029000,97,,,
participant_26,2,day,Town10HD_Opt,2026-03-18 12:19:24.107219,41.84548568725586,63.76743698120117,0.0018249133136123,2.233,-12.857,0.949,0.0,0,0,1,,0.859,2026-03-18T12:19:24.107219,sad,0.34,2026-03-18T12:19:24.107219,0.3800361297116071,2026-03-18T12:19:24.019000,97,,,
participant_26,2,day,Town10HD_Opt,2026-03-18 12:19:25.236312,43.25478363037109,61.61764907836914,0.0017668165965005,19.902,-16.955,0.698,0.0,0,0,1,,0.842,2026-03-18T12:19:25.236312,sad,0.34,2026-03-18T12:19:24.107219,0.2612410913779092,2026-03-18T12:19:25.008000,97,,,
participant_26,2,day,Town10HD_Opt,2026-03-18 12:19:26.086953,44.51453399658203,58.02937698364258,0.0020425033289939,22.357,-16.332,0.18,0.0,0,0,1,,0.902,2026-03-18T12:19:26.086953,sad,0.34,2026-03-18T12:19:24.107219,0.3467973467520294,2026-03-18T12:19:25.998000,96,,,
participant_26,2,day,Town10HD_Opt,2026-03-18 12:19:27.246418,44.67182159423828,53.31887435913086,0.0021197122987359,18.169,-7.663,0.141,0.0,0,0,1,,0.841,2026-03-18T12:19:27.246418,angry,0.566,2026-03-18T12:19:27.246418,0.3338932328121698,2026-03-18T12:19:27.033000,92,,,
participant_26,2,day,Town10HD_Opt,2026-03-18 12:19:28.106715,44.36611175537109,50.14776611328125,0.0026158150285482,19.405,0.921,0.666,0.0,0,0,1,,0.928,2026-03-18T12:19:28.106715,angry,0.566,2026-03-18T12:19:27.246418,0.385598916947533,2026-03-18T12:19:28.113000,92,,,
participant_26,2,day,Town10HD_Opt,2026-03-18 12:19:28.999415,44.11707305908203,46.16734313964844,0.0015285121044144,27.03,1.481,0.685,0.0,0,0,1,,0.954,2026-03-18T12:19:28.999415,angry,0.566,2026-03-18T12:19:27.246418,0.2966314995481332,2026-03-18T12:19:29.058000,92,,,
participant_26,2,day,Town10HD_Opt,2026-03-18 12:19:30.180327,44.00830841064453,39.08196640014648,0.0021059033460915,30.1,7.682,0.0,0.0,0,0,1,,0.944,2026-03-18T12:19:30.180327,sad,0.487,2026-03-18T12:19:30.180327,0.3051357175225908,2026-03-18T12:19:30.010000,91,,,
participant_26,2,day,Town10HD_Opt,2026-03-18 12:19:31.069409,44.88984298706055,34.44264602661133,0.002181930001825,25.102,14.577,0.402,0.0,0,0,1,,0.902,2026-03-18T12:19:31.069409,sad,0.487,2026-03-18T12:19:30.180327,0.3537990042168737,2026-03-18T12:19:30.993000,92,,,
participant_26,2,day,Town10HD_Opt,2026-03-18 12:19:32.180392,48.40774917602539,29.50858497619629,0.0019222263945266,29.562,18.558,0.613,0.0,0,0,1,,1.0,2026-03-18T12:19:32.180392,neutral,0.443,2026-03-18T12:19:32.180392,0.4328857476540387,2026-03-18T12:19:32.028000,93,,,
participant_26,2,day,Town10HD_Opt,2026-03-18 12:19:33.050477,53.34185409545898,27.10944557189941,0.001977844396606,33.297,15.112,0.231,0.0,0,0,1,,1.0,2026-03-18T12:19:33.050477,neutral,0.443,2026-03-18T12:19:32.180392,0.4209539200228895,2026-03-18T12:19:33.018000,94,,,
participant_26,2,day,Town10HD_Opt,2026-03-18 12:19:34.169563,60.51421737670898,26.19013214111328,0.0021810145117342,28.29,-0.773,0.173,0.0,0,0,1,,0.926,2026-03-18T12:19:34.169563,neutral,0.443,2026-03-18T12:19:32.180392,0.3672571764148195,2026-03-18T12:19:34.008000,94,,,
participant_26,2,day,Town10HD_Opt,2026-03-18 12:19:35.056165,65.0821304321289,25.72229766845703,0.0021664805244654,23.999,0.949,0.173,0.0,0,0,1,,0.862,2026-03-18T12:19:35.056165,sad,0.355,2026-03-18T12:19:35.056165,0.383817192581053,2026-03-18T12:19:34.998000,94,,,
participant_26,2,day,Town10HD_Opt,2026-03-18 12:19:36.253932,70.22699737548828,25.33351707458496,0.002124938648194,20.282,1.344,0.298,0.0,0,0,1,,0.911,2026-03-18T12:19:36.253932,sad,0.355,2026-03-18T12:19:35.056165,0.3789249073135532,2026-03-18T12:19:36.034000,94,,,
participant_26,2,day,Town10HD_Opt,2026-03-18 12:19:37.163114,73.60381317138672,25.183683395385746,0.0019627755973488,17.593,1.589,0.0,0.0,0,0,1,,0.917,2026-03-18T12:19:37.163114,neutral,0.466,2026-03-18T12:19:37.163114,0.351214853540542,2026-03-18T12:19:37.024000,96,,,
participant_26,2,day,Town10HD_Opt,2026-03-18 12:19:38.030973,76.36381530761719,25.136404037475582,0.002042464679107,13.636,1.57,0.102,0.0,0,0,1,,0.889,2026-03-18T12:19:38.030973,neutral,0.466,2026-03-18T12:19:37.163114,0.3578344336757753,2026-03-18T12:19:38.016000,96,,,
participant_26,2,day,Town10HD_Opt,2026-03-18 12:19:39.140964,80.5843505859375,25.18350982666016,0.0016502394573763,26.922,1.514,1.0,0.0,0,0,1,,0.915,2026-03-18T12:19:39.140964,neutral,0.466,2026-03-18T12:19:37.163114,0.3822319734883278,2026-03-18T12:19:39.004000,98,,,errors=Red light violation
participant_26,2,day,Town10HD_Opt,2026-03-18 12:19:40.256159,89.14301300048828,25.462814331054688,0.0016448226524516,45.689,-4.881,0.55,0.0,0,0,1,,1.0,2026-03-18T12:19:40.256159,neutral,0.64,2026-03-18T12:19:40.256159,0.3585322793174416,2026-03-18T12:19:39.993000,98,,,
participant_26,2,day,Town10HD_Opt,2026-03-18 12:19:41.097379,97.09361267089844,24.34026336669922,0.0021319196093827,44.491,-11.776,0.291,0.0,0,0,1,,0.844,2026-03-18T12:19:41.097379,neutral,0.64,2026-03-18T12:19:40.256159,0.3880676877542404,2026-03-18T12:19:41.029000,97,Solid line crossing,Solid line crossing,
participant_26,2,day,Town10HD_Opt,2026-03-18 12:19:42.171584,104.68366241455078,18.894454956054688,0.0023419179487973,35.329,-15.243,0.0,0.0,0,0,1,,0.83,2026-03-18T12:19:42.171584,neutral,0.64,2026-03-18T12:19:40.256159,0.452007035649092,2026-03-18T12:19:42.018000,97,,,
participant_26,2,day,Town10HD_Opt,2026-03-18 12:19:42.996250,106.80184936523438,13.87168312072754,0.0022977057378739,27.919,-13.609,0.856,0.0,0,0,1,,0.838,2026-03-18T12:19:42.996250,neutral,0.373,2026-03-18T12:19:42.996250,0.385219597483346,2026-03-18T12:19:43.009000,97,,,
participant_26,2,day,Town10HD_Opt,2026-03-18 12:19:44.154076,107.21519470214844,5.789847373962402,0.0015833298675715,43.981,-1.318,0.962,0.0,0,0,1,,0.879,2026-03-18T12:19:44.154076,neutral,0.373,2026-03-18T12:19:42.996250,0.3243393044329107,2026-03-18T12:19:43.999000,97,,,
participant_26,2,day,Town10HD_Opt,2026-03-18 12:19:45.006971,107.05715942382812,-2.9014534950256348,0.0020357512403279,49.318,1.175,1.0,0.0,0,0,1,,0.832,2026-03-18T12:19:45.006971,neutral,0.865,2026-03-18T12:19:45.006971,0.4248612307537203,2026-03-18T12:19:45.044000,97,,,
participant_26,2,day,Town10HD_Opt,2026-03-18 12:19:46.043825,107.19564056396484,-14.55046844482422,0.0021652597934007,49.064,-0.632,0.978,0.0,0,0,1,,0.919,2026-03-18T12:19:46.043825,neutral,0.865,2026-03-18T12:19:45.006971,0.5374993711173724,2026-03-18T12:19:46.024000,97,,,
participant_26,2,day,Town10HD_Opt,2026-03-18 12:19:47.080301,106.98300170898438,-26.21451187133789,0.0018944937037304,51.93,-3.57,0.0,0.146,0,0,1,,0.919,2026-03-18T12:19:47.080301,angry,0.846,2026-03-18T12:19:47.080301,0.5374655837780369,2026-03-18T12:19:47.024000,95,,,errors=Solid line crossing
participant_26,2,day,Town10HD_Opt,2026-03-18 12:19:48.180350,104.63308715820312,-37.77407455444336,0.0019670871552079,50.978,-5.451,0.0,0.148,0,0,1,,0.958,2026-03-18T12:19:48.180350,angry,0.846,2026-03-18T12:19:47.080301,0.4612910246081768,2026-03-18T12:19:48.004000,97,,,
participant_26,2,day,Town10HD_Opt,2026-03-18 12:19:48.989182,100.92192840576172,-45.6186752319336,0.0018381125992164,52.176,-5.602,0.0,0.201,0,0,1,,0.946,2026-03-18T12:19:48.989182,angry,0.846,2026-03-18T12:19:47.080301,0.4345924240549714,2026-03-18T12:19:48.998000,96,,,
participant_26,2,day,Town10HD_Opt,2026-03-18 12:19:50.112044,93.26519012451172,-54.54074478149414,0.0020795057062059,49.84,-5.538,0.967,0.0,0,0,1,,0.972,2026-03-18T12:19:50.112044,neutral,0.709,2026-03-18T12:19:50.112044,0.5347596360238088,2026-03-18T12:19:50.029000,98,,,
participant_26,2,day,Town10HD_Opt,2026-03-18 12:19:51.246128,83.40193939208984,-60.73596954345703,0.0022017282899469,48.778,-3.86,0.967,0.0,0,0,1,,0.906,2026-03-18T12:19:51.246128,neutral,0.709,2026-03-18T12:19:50.112044,0.5702485440431625,2026-03-18T12:19:51.064000,97,,,
participant_26,2,day,Town10HD_Opt,2026-03-18 12:19:52.169832,75.0936279296875,-63.71146774291992,0.0022072212304919,48.714,-3.855,0.967,0.0,0,0,1,,0.926,2026-03-18T12:19:52.169832,angry,0.651,2026-03-18T12:19:52.169832,0.5592902438746251,2026-03-18T12:19:52.009000,96,,,
participant_26,2,day,Town10HD_Opt,2026-03-18 12:19:53.019249,66.4913558959961,-65.29900360107422,0.0022308724001049,47.702,-3.811,0.967,0.0,0,0,1,,0.895,2026-03-18T12:19:53.019249,angry,0.651,2026-03-18T12:19:52.169832,0.6712536484417416,2026-03-18T12:19:52.998000,96,,,
participant_26,2,day,Town10HD_Opt,2026-03-18 12:19:54.240246,54.89308166503906,-65.82286071777344,0.0021242902148514,50.066,0.766,0.967,0.0,0,0,1,,0.834,2026-03-18T12:19:54.240246,neutral,0.542,2026-03-18T12:19:54.240246,0.6133289577179991,2026-03-18T12:19:54.043000,95,,,
participant_26,2,day,Town10HD_Opt,2026-03-18 12:19:55.156400,46.13517379760742,-66.1904067993164,0.0021299740765243,49.274,-0.204,0.967,0.0,0,0,1,,0.916,2026-03-18T12:19:55.156400,neutral,0.542,2026-03-18T12:19:54.240246,0.5713316938002222,2026-03-18T12:19:55.023000,94,,,
participant_26,2,day,Town10HD_Opt,2026-03-18 12:19:56.025041,37.3193588256836,-66.51016998291016,0.0021670907735824,49.19,-0.19,0.967,0.0,0,0,1,,0.927,2026-03-18T12:19:56.025041,neutral,0.542,2026-03-18T12:19:54.240246,0.6684657378253993,2026-03-18T12:19:56.013000,93,,,
participant_26,2,day,Town10HD_Opt,2026-03-18 12:19:57.143178,25.65217971801757,-66.82730865478516,0.001941948197782,50.92,-0.073,0.0,0.0,0,0,1,,0.904,2026-03-18T12:19:57.143178,neutral,0.586,2026-03-18T12:19:57.143178,0.5936120327227387,2026-03-18T12:19:57.004000,94,,,
participant_26,2,day,Town10HD_Opt,2026-03-18 12:19:58.216688,15.004409790039062,-67.05522918701172,0.0023789203260093,38.214,-0.073,0.0,0.0,0,0,1,,0.883,2026-03-18T12:19:58.216688,neutral,0.586,2026-03-18T12:19:57.143178,0.6324382352295741,2026-03-18T12:19:57.994000,94,,,
participant_26,3,day,Town10HD_Opt,2026-03-18 12:30:00.000000,-41.70108413696289,85.50296783447266,0.001855659415014,23.041,1.243,0.445,0.0,0,0,1,,1.0,2026-03-18T12:30:00,neutral,0.999,2026-03-18T12:30:00,0.3634940123021695,2026-03-18T12:30:00,92,,,
participant_26,3,day,Town10HD_Opt,2026-03-18 12:30:00.574258,-41.70036697387695,84.14013671875,0.0019131087465211,23.939,1.424,0.853,0.0,0,0,1,,1.0,2026-03-18T12:30:00.574258,neutral,0.999,2026-03-18T12:30:00,0.4463816662394926,2026-03-18T12:30:00,91,,,
participant_26,3,day,Town10HD_Opt,2026-03-18 12:30:01.700427,-41.60715103149414,80.9823989868164,0.0017012023599818,30.852,5.749,0.836,0.0,0,0,1,,1.0,2026-03-18T12:30:01.700427,neutral,0.999,2026-03-18T12:30:00,0.4454466131050667,2026-03-18T12:30:00.986000,92,,,
participant_26,3,day,Town10HD_Opt,2026-03-18 12:30:02.784631,-40.87826919555664,77.03101348876953,0.0017512129852548,37.509,18.197,0.723,0.0,0,0,1,,1.0,2026-03-18T12:30:02.784631,neutral,0.925,2026-03-18T12:30:02.784631,0.431659575767517,2026-03-18T12:30:01.976000,93,,,
participant_26,3,day,Town10HD_Opt,2026-03-18 12:30:03.813551,-38.60906219482422,73.04936218261719,0.0018877792172133,41.335,20.32,0.697,0.0,0,0,1,,1.0,2026-03-18T12:30:03.813551,neutral,0.925,2026-03-18T12:30:02.784631,0.5116741522957207,2026-03-18T12:30:03.146000,95,,,
participant_26,3,day,Town10HD_Opt,2026-03-18 12:30:04.859226,-34.63188552856445,70.14814758300781,0.0019613646436482,43.924,21.194,0.683,0.0,0,0,1,,0.837,2026-03-18T12:30:04.859226,neutral,0.963,2026-03-18T12:30:04.859226,0.4606428880266848,2026-03-18T12:30:03.146000,94,,,
participant_26,3,day,Town10HD_Opt,2026-03-18 12:30:05.914779,-29.511425018310547,69.24652862548828,0.0019379042787477,46.345,9.045,0.671,0.0,0,0,1,,1.0,2026-03-18T12:30:05.914779,neutral,0.963,2026-03-18T12:30:04.859226,0.4375912606044292,2026-03-18T12:30:05.937000,98,,,
participant_26,3,day,Town10HD_Opt,2026-03-18 12:30:06.453375,-26.75889015197754,69.41309356689453,0.0018970489036291,48.126,-1.027,0.658,0.0,0,0,1,,1.0,2026-03-18T12:30:06.453375,neutral,0.963,2026-03-18T12:30:04.859226,0.4425315945843561,2026-03-18T12:30:05.937000,98,,,
participant_26,3,day,Town10HD_Opt,2026-03-18 12:30:07.474371,-20.98288345336914,69.81639862060547,0.0019129562424495,50.761,-1.73,0.0,0.0,0,0,1,,1.0,2026-03-18T12:30:07.474371,neutral,0.999,2026-03-18T12:30:07.474371,0.4138662177345076,2026-03-18T12:30:06.971000,96,,,
participant_26,3,day,Town10HD_Opt,2026-03-18 12:30:08.488246,-15.216815948486328,69.97518157958984,0.0020562743302434,49.275,-0.207,0.624,0.0,0,0,1,,1.0,2026-03-18T12:30:08.488246,neutral,0.999,2026-03-18T12:30:07.474371,0.4058518882214542,2026-03-18T12:30:07.961000,97,,,
participant_26,3,day,Town10HD_Opt,2026-03-18 12:30:09.524184,-9.36151123046875,70.0552749633789,0.0020129012409597,49.892,-0.421,0.571,0.0,0,0,1,,1.0,2026-03-18T12:30:09.524184,neutral,0.999,2026-03-18T12:30:09.524184,0.4202856256410475,2026-03-18T12:30:08.951000,97,,,
participant_26,3,day,Town10HD_Opt,2026-03-18 12:30:10.523757,-3.6591334342956543,70.07508087158203,0.0021002579014748,48.328,-0.691,0.443,0.0,0,0,1,,1.0,2026-03-18T12:30:10.523757,neutral,0.999,2026-03-18T12:30:09.524184,0.4048008285081624,2026-03-18T12:30:09.942000,98,,,
participant_26,3,day,Town10HD_Opt,2026-03-18 12:30:11.571022,1.7722762823104858,70.01555633544922,0.0022993087768554,43.584,-0.585,0.0,0.0,0,0,1,,1.0,2026-03-18T12:30:11.571022,neutral,0.998,2026-03-18T12:30:11.571022,0.4149539494926132,2026-03-18T12:30:10.932000,98,,,
participant_26,3,day,Town10HD_Opt,2026-03-18 12:30:12.624523,6.441318988800049,69.91429901123047,0.0023645400069653,36.759,0.397,0.0,0.0,0,0,1,,1.0,2026-03-18T12:30:12.624523,neutral,0.998,2026-03-18T12:30:11.571022,0.4578594934321943,2026-03-18T12:30:12.011000,97,,,
participant_26,3,day,Town10HD_Opt,2026-03-18 12:30:13.639422,10.37876796722412,69.85006713867188,0.00232311245054,31.009,0.508,0.0,0.0,0,0,1,,1.0,2026-03-18T12:30:13.639422,neutral,0.999,2026-03-18T12:30:13.639422,0.4827271979073325,2026-03-18T12:30:13.001000,98,,,
participant_26,3,day,Town10HD_Opt,2026-03-18 12:30:14.692055,13.689568519592283,69.82850646972656,0.0022892379201948,25.573,0.573,0.0,0.0,0,0,1,,1.0,2026-03-18T12:30:14.692055,neutral,0.999,2026-03-18T12:30:13.639422,0.4192305644491161,2026-03-18T12:30:14.037000,98,,,
participant_26,3,day,Town10HD_Opt,2026-03-18 12:30:15.743266,16.4766845703125,69.83666229248047,0.0021776198409497,22.865,0.573,0.787,0.0,0,0,1,,1.0,2026-03-18T12:30:15.743266,neutral,1.0,2026-03-18T12:30:15.743266,0.5027533135845663,2026-03-18T12:30:14.937000,98,,,
participant_26,3,day,Town10HD_Opt,2026-03-18 12:30:16.791139,19.40836334228516,69.87088012695312,0.0018239211058244,27.752,0.562,0.671,0.0,0,0,1,,1.0,2026-03-18T12:30:16.791139,neutral,1.0,2026-03-18T12:30:15.743266,0.5432839353645654,2026-03-18T12:30:15.972000,97,,,
participant_26,3,day,Town10HD_Opt,2026-03-18 12:30:17.826695,22.92721176147461,69.9403076171875,0.0018316268688067,32.203,-0.181,0.581,0.0,0,0,1,,1.0,2026-03-18T12:30:17.826695,neutral,1.0,2026-03-18T12:30:17.826695,0.4587267264893025,2026-03-18T12:30:17.006000,97,,,
participant_26,3,day,Town10HD_Opt,2026-03-18 12:30:18.886424,26.86431884765625,69.8733901977539,0.0019056319724768,35.049,-8.811,0.545,0.0,0,0,1,,1.0,2026-03-18T12:30:18.886424,neutral,1.0,2026-03-18T12:30:17.826695,0.4569770651321854,2026-03-18T12:30:17.952000,96,,,errors=Stop sign violation
participant_26,3,day,Town10HD_Opt,2026-03-18 12:30:19.961637,30.937833786010746,69.12876892089844,0.0020989226177334,34.423,-6.912,0.444,0.0,0,0,1,,1.0,2026-03-18T12:30:19.961637,neutral,1.0,2026-03-18T12:30:19.961637,0.5680281169319055,2026-03-18T12:30:19.976000,95,,,
participant_26,3,day,Town10HD_Opt,2026-03-18 12:30:20.492059,32.841529846191406,68.52000427246094,0.0020913695916533,34.529,-4.704,0.849,0.0,0,0,1,,1.0,2026-03-18T12:30:20.492059,neutral,1.0,2026-03-18T12:30:19.961637,0.5152375372201979,2026-03-18T12:30:19.976000,94,,,
participant_26,3,day,Town10HD_Opt,2026-03-18 12:30:21.550660,36.92993927001953,66.88093566894531,0.0017407607519999,41.22,-8.556,0.827,0.0,0,0,1,,1.0,2026-03-18T12:30:21.550660,neutral,1.0,2026-03-18T12:30:19.961637,0.5280269657260579,2026-03-18T12:30:20.966000,94,,,
participant_26,3,day,Town10HD_Opt,2026-03-18 12:30:22.648117,41.13564682006836,64.01815795898438,0.0018194197909906,46.374,-18.237,0.764,0.0,0,0,1,,1.0,2026-03-18T12:30:22.648117,neutral,1.0,2026-03-18T12:30:22.648117,0.5398339590443907,2026-03-18T12:30:22.048000,94,,,
participant_26,3,day,Town10HD_Opt,2026-03-18 12:30:23.741057,44.2231330871582,59.40866470336914,0.0019107054686173,49.04,-12.92,0.106,0.0,0,0,1,,1.0,2026-03-18T12:30:23.741057,neutral,1.0,2026-03-18T12:30:22.648117,0.6325716699277935,2026-03-18T12:30:23.036000,94,,,
participant_26,3,day,Town10HD_Opt,2026-03-18 12:30:24.833096,45.68098068237305,54.16432571411133,0.0023197936825454,42.859,-6.075,0.0,0.0,0,0,1,,1.0,2026-03-18T12:30:24.833096,neutral,1.0,2026-03-18T12:30:24.833096,0.6211018348599753,2026-03-18T12:30:23.937000,94,,,
participant_26,3,day,Town10HD_Opt,2026-03-18 12:30:25.892996,46.01784896850586,49.54199981689453,0.0023859404027462,35.93,-7.244,0.0,0.0,0,0,1,,1.0,2026-03-18T12:30:25.892996,neutral,1.0,2026-03-18T12:30:24.833096,0.7099828334417349,2026-03-18T12:30:25.962000,95,,,
participant_26,3,day,Town10HD_Opt,2026-03-18 12:30:26.459705,45.919769287109375,47.51018142700195,0.0023537063971161,33.501,-3.101,0.221,0.0,0,0,1,,1.0,2026-03-18T12:30:26.459705,neutral,1.0,2026-03-18T12:30:24.833096,0.7182236057186979,2026-03-18T12:30:25.962000,95,,,
participant_26,3,day,Town10HD_Opt,2026-03-18 12:30:27.546980,45.59562301635742,43.76133346557617,0.002114257775247,32.003,0.804,0.674,0.0,0,0,1,,1.0,2026-03-18T12:30:27.546980,neutral,0.996,2026-03-18T12:30:27.546980,0.7320267107567051,2026-03-18T12:30:26.951000,94,,,
participant_26,3,day,Town10HD_Opt,2026-03-18 12:30:28.655236,45.31605911254883,39.86233139038086,0.0018533325055614,35.802,4.077,0.733,0.0,0,0,1,,1.0,2026-03-18T12:30:28.655236,neutral,0.996,2026-03-18T12:30:27.546980,0.668808963432821,2026-03-18T12:30:27.942000,94,,,
participant_26,3,day,Town10HD_Opt,2026-03-18 12:30:29.780674,45.42789459228516,35.38196563720703,0.0018360899994149,40.484,17.876,0.41,0.0,0,0,1,,1.0,2026-03-18T12:30:29.780674,neutral,0.93,2026-03-18T12:30:29.780674,0.6535427307694817,2026-03-18T12:30:29.021000,94,,,
participant_26,3,day,Town10HD_Opt,2026-03-18 12:30:30.860229,47.02762222290039,31.125600814819336,0.0022322081495076,37.325,26.584,0.143,0.0,0,0,1,,1.0,2026-03-18T12:30:30.860229,neutral,0.93,2026-03-18T12:30:29.780674,0.7960979971858959,2026-03-18T12:30:29.967000,95,,,
participant_26,3,day,Town10HD_Opt,2026-03-18 12:30:31.454310,48.46472930908203,29.56287002563477,0.0023020170629024,35.398,17.172,0.0,0.0,0,0,1,,1.0,2026-03-18T12:30:31.454310,neutral,0.93,2026-03-18T12:30:29.780674,0.667732685744364,2026-03-18T12:30:30.963000,95,,,
participant_26,3,day,Town10HD_Opt,2026-03-18 12:30:32.511518,51.589168548583984,27.41317749023437,0.0023381423670798,29.438,10.235,0.0,0.0,0,0,1,,1.0,2026-03-18T12:30:32.511518,neutral,0.987,2026-03-18T12:30:32.511518,0.6940606037881272,2026-03-18T12:30:31.991000,94,,,
participant_26,3,day,Town10HD_Opt,2026-03-18 12:30:33.582736,54.49061965942383,26.18531608581543,0.002335128840059,24.313,10.749,0.0,0.238,0,0,1,,1.0,2026-03-18T12:30:33.582736,neutral,0.987,2026-03-18T12:30:32.511518,0.6677719435717122,2026-03-18T12:30:32.937000,96,,,
participant_26,3,day,Town10HD_Opt,2026-03-18 12:30:34.619745,56.94110107421875,25.6169548034668,0.0023125456646084,19.052,11.994,0.0,0.351,0,0,1,,1.0,2026-03-18T12:30:34.619745,neutral,0.972,2026-03-18T12:30:34.619745,0.7731994669758828,2026-03-18T12:30:33.972000,95,,,
participant_26,3,day,Town10HD_Opt,2026-03-18 12:30:35.716480,57.63311767578125,25.52141571044922,0.0025178145151585,0.002,3.773,0.0,0.492,0,0,1,,1.0,2026-03-18T12:30:35.716480,neutral,0.972,2026-03-18T12:30:34.619745,0.7102139377582917,2026-03-18T12:30:34.961000,94,,,
participant_26,3,day,Town10HD_Opt,2026-03-18 12:30:36.779285,57.6337776184082,25.521329879760746,0.0019771575462073,0.0,0.813,0.0,0.113,0,0,1,,1.0,2026-03-18T12:30:36.779285,sad,0.982,2026-03-18T12:30:36.779285,0.6739198453822762,2026-03-18T12:30:35.953000,94,,,
participant_26,3,day,Town10HD_Opt,2026-03-18 12:30:37.814801,57.63404846191406,25.52129364013672,0.0019251251360401,0.0,0.987,0.0,0.0,0,0,1,,1.0,2026-03-18T12:30:37.814801,sad,0.982,2026-03-18T12:30:36.779285,0.765410531646907,2026-03-18T12:30:37.121000,94,,,
participant_26,3,day,Town10HD_Opt,2026-03-18 12:30:38.901042,57.634315490722656,25.521249771118164,0.0019200897077098,0.006,1.358,0.0,0.0,0,0,1,,1.0,2026-03-18T12:30:38.901042,neutral,0.99,2026-03-18T12:30:38.901042,0.7819011955986156,2026-03-18T12:30:38.966000,94,,,
participant_26,3,day,Town10HD_Opt,2026-03-18 12:30:39.434031,57.63419723510742,25.521249771118164,0.0019193267216905,0.005,1.556,0.0,0.0,0,0,1,,1.0,2026-03-18T12:30:39.434031,neutral,0.99,2026-03-18T12:30:38.901042,0.7308193011273302,2026-03-18T12:30:38.966000,95,,,
participant_26,3,day,Town10HD_Opt,2026-03-18 12:30:40.499256,57.63438415527344,25.521249771118164,0.001919021597132,0.001,1.622,0.0,0.0,0,0,1,,1.0,2026-03-18T12:30:40.499256,neutral,0.99,2026-03-18T12:30:38.901042,0.7757566844549157,2026-03-18T12:30:39.957000,94,,,
participant_26,3,day,Town10HD_Opt,2026-03-18 12:30:41.524060,57.63429641723633,25.521249771118164,0.0019191360333934,0.005,1.622,0.0,0.0,0,0,1,,1.0,2026-03-18T12:30:41.524060,sad,0.893,2026-03-18T12:30:41.524060,0.8271473860678628,2026-03-18T12:30:41.081000,95,,,
participant_26,3,day,Town10HD_Opt,2026-03-18 12:30:42.510426,57.63450241088867,25.521249771118164,0.0019190978491678,0.001,1.596,0.0,0.0,0,0,1,,1.0,2026-03-18T12:30:42.510426,sad,0.893,2026-03-18T12:30:41.524060,0.776985164270577,2026-03-18T12:30:41.981000,94,,,
participant_26,3,day,Town10HD_Opt,2026-03-18 12:30:43.480563,57.63439178466797,25.521249771118164,0.001919021597132,0.005,1.596,0.0,0.0,0,0,1,,1.0,2026-03-18T12:30:43.480563,sad,0.893,2026-03-18T12:30:41.524060,0.7556819022242793,2026-03-18T12:30:43.017000,93,,,
participant_26,3,day,Town10HD_Opt,2026-03-18 12:30:44.481990,57.63461685180664,25.52124786376953,0.0019191741012036,0.001,1.593,0.0,0.0,0,0,1,,1.0,2026-03-18T12:30:44.481990,neutral,0.982,2026-03-18T12:30:44.481990,0.7960315533010134,2026-03-18T12:30:44.097000,94,,,
participant_26,3,day,Town10HD_Opt,2026-03-18 12:30:45.457822,57.63449096679688,25.521249771118164,0.0019191360333934,0.005,1.57,0.0,0.0,0,0,1,reach_back,0.841,2026-03-18T12:30:45.457822,neutral,0.982,2026-03-18T12:30:44.481990,0.7975035750142452,2026-03-18T12:30:45.086000,94,Stop sign violation,stop_sign_id=1050,
participant_26,3,day,Town10HD_Opt,2026-03-18 12:30:46.467589,57.63473510742188,25.521203994750977,0.0019190596649423,0.001,0.926,0.0,0.0,0,0,1,,1.0,2026-03-18T12:30:46.467589,neutral,0.982,2026-03-18T12:30:44.481990,0.8206312350217854,2026-03-18T12:30:45.942000,92,,,
participant_26,3,day,Town10HD_Opt,2026-03-18 12:30:47.424369,57.63459777832031,25.52121925354004,0.0019190596649423,0.005,0.926,0.0,0.0,0,0,1,,1.0,2026-03-18T12:30:47.424369,angry,0.619,2026-03-18T12:30:47.424369,0.7706708820644657,2026-03-18T12:30:46.931000,96,,,
participant_26,3,day,Town10HD_Opt,2026-03-18 12:30:48.428329,57.63486099243164,25.52117156982422,0.001919021597132,0.001,0.879,0.0,0.0,0,0,1,,1.0,2026-03-18T12:30:48.428329,angry,0.619,2026-03-18T12:30:47.424369,0.8598196533573373,2026-03-18T12:30:47.967000,95,,,
participant_26,3,day,Town10HD_Opt,2026-03-18 12:30:49.425371,57.63470458984375,25.521196365356445,0.001919021597132,0.004,0.86,0.0,0.0,0,0,1,,1.0,2026-03-18T12:30:49.425371,angry,1.0,2026-03-18T12:30:49.425371,0.7932231220825208,2026-03-18T12:30:48.957000,94,,,
participant_26,3,day,Town10HD_Opt,2026-03-18 12:30:50.447644,57.63498306274414,25.52114486694336,0.0019190596649423,0.001,0.86,0.0,0.0,0,0,1,,1.0,2026-03-18T12:30:50.447644,angry,1.0,2026-03-18T12:30:49.425371,0.8274675457195566,2026-03-18T12:30:50.083000,95,,,
participant_26,3,day,Town10HD_Opt,2026-03-18 12:30:51.448177,57.63481140136719,25.52117156982422,0.0019190978491678,0.005,0.86,0.0,0.0,0,0,1,,1.0,2026-03-18T12:30:51.448177,angry,0.994,2026-03-18T12:30:51.448177,0.8028760056724955,2026-03-18T12:30:51.072000,95,,,
participant_26,3,day,Town10HD_Opt,2026-03-18 12:30:52.443911,57.63510513305664,25.5211181640625,0.0019190978491678,0.001,0.851,0.0,0.0,0,0,1,,1.0,2026-03-18T12:30:52.443911,angry,0.994,2026-03-18T12:30:51.448177,0.8695176854774878,2026-03-18T12:30:51.973000,97,,,
participant_26,3,day,Town10HD_Opt,2026-03-18 12:30:53.431577,57.63492202758789,25.52114486694336,0.0019191741012036,0.004,0.844,0.0,0.0,0,0,1,,1.0,2026-03-18T12:30:53.431577,angry,0.994,2026-03-18T12:30:51.448177,0.7481810041355459,2026-03-18T12:30:53.006000,96,,,
participant_26,3,day,Town10HD_Opt,2026-03-18 12:30:54.428614,57.63522720336914,25.52109146118164,0.0019190596649423,0.007,0.844,0.0,0.0,0,0,1,,1.0,2026-03-18T12:30:54.428614,angry,0.835,2026-03-18T12:30:54.428614,0.8196267968604499,2026-03-18T12:30:54.042000,97,,,
participant_26,3,day,Town10HD_Opt,2026-03-18 12:30:55.486072,57.63502883911133,25.52112197875977,0.0019190596649423,0.004,0.844,0.0,0.0,0,0,1,,1.0,2026-03-18T12:30:55.486072,angry,0.835,2026-03-18T12:30:54.428614,0.7921384764166991,2026-03-18T12:30:55.077000,95,,,
participant_26,3,day,Town10HD_Opt,2026-03-18 12:30:56.487721,57.63534927368164,25.52106666564941,0.0019191741012036,0.006,0.844,0.0,0.0,0,0,1,,1.0,2026-03-18T12:30:56.487721,angry,0.998,2026-03-18T12:30:56.487721,0.7622697445161197,2026-03-18T12:30:56.112000,95,,,
participant_26,3,day,Town10HD_Opt,2026-03-18 12:30:57.558285,57.63514709472656,25.521100997924805,0.0019190596649423,0.0,0.844,0.0,0.0,0,0,1,,1.0,2026-03-18T12:30:57.558285,angry,0.998,2026-03-18T12:30:56.487721,0.7932287332424064,2026-03-18T12:30:56.967000,94,,,
participant_26,3,day,Town10HD_Opt,2026-03-18 12:30:58.602828,57.63544845581055,25.52104759216309,0.001919288537465,0.007,0.834,0.0,0.0,0,0,1,,1.0,2026-03-18T12:30:58.602828,angry,0.996,2026-03-18T12:30:58.602828,0.8159509509816482,2026-03-18T12:30:58.046000,93,,,
participant_26,3,day,Town10HD_Opt,2026-03-18 12:30:59.578447,57.63527297973633,25.52107620239257,0.0019189452286809,0.0,0.832,0.0,0.0,0,0,1,,1.0,2026-03-18T12:30:59.578447,angry,0.996,2026-03-18T12:30:58.602828,0.8116125883436829,2026-03-18T12:30:59.037000,92,,,
participant_26,3,day,Town10HD_Opt,2026-03-18 12:31:00.563831,57.63554382324219,25.521026611328125,0.0019194030901417,0.006,0.818,0.0,0.0,0,0,1,,1.0,2026-03-18T12:31:00.563831,angry,0.996,2026-03-18T12:30:58.602828,0.7936205618955612,2026-03-18T12:31:00.027000,93,,,
participant_26,3,day,Town10HD_Opt,2026-03-18 12:31:01.589489,57.63677978515625,25.52084922790528,0.0019162750104442,0.123,0.808,0.0,0.0,0,0,1,,1.0,2026-03-18T12:31:01.589489,angry,0.981,2026-03-18T12:31:01.589489,0.7047513371839302,2026-03-18T12:31:00.973000,92,,,
participant_26,3,day,Town10HD_Opt,2026-03-18 12:31:02.618997,57.6567611694336,25.51781463623047,0.001921119634062,0.006,0.806,0.0,0.0,0,0,1,,1.0,2026-03-18T12:31:02.618997,angry,0.981,2026-03-18T12:31:01.589489,0.7994934575305515,2026-03-18T12:31:01.962000,92,,,
participant_26,3,day,Town10HD_Opt,2026-03-18 12:31:03.599910,57.69499206542969,25.51198959350586,0.0019158172653988,0.344,0.672,0.0,0.0,0,0,1,,1.0,2026-03-18T12:31:03.599910,angry,0.879,2026-03-18T12:31:03.599910,0.8045587417744982,2026-03-18T12:31:02.997000,90,,,
participant_26,3,day,Town10HD_Opt,2026-03-18 12:31:04.586917,57.72349166870117,25.507551193237305,0.0019291305216029,0.004,0.277,0.069,0.0,0,0,1,,1.0,2026-03-18T12:31:04.586917,angry,0.879,2026-03-18T12:31:03.599910,0.9111461553454536,2026-03-18T12:31:03.987000,91,,,
participant_26,3,day,Town10HD_Opt,2026-03-18 12:31:05.607244,57.74146270751953,25.504812240600582,0.0019070815760642,0.679,0.268,0.447,0.0,0,0,1,,1.0,2026-03-18T12:31:05.607244,angry,0.985,2026-03-18T12:31:05.607244,0.8422326488528883,2026-03-18T12:31:05.067000,90,,,
participant_26,3,day,Town10HD_Opt,2026-03-18 12:31:06.602874,57.96544647216797,25.469438552856445,0.0018080138834193,2.965,-0.36,0.008,0.0,0,0,1,,1.0,2026-03-18T12:31:06.602874,angry,0.985,2026-03-18T12:31:05.607244,0.8402025029563438,2026-03-18T12:31:06.102000,91,,,
participant_26,3,day,Town10HD_Opt,2026-03-18 12:31:07.640472,58.35375213623047,25.40606117248535,0.0019140243530273,3.252,-0.587,0.0,0.0,0,0,1,,1.0,2026-03-18T12:31:07.640472,angry,0.992,2026-03-18T12:31:07.640472,0.8976699736729055,2026-03-18T12:31:07.452000,88,,,
participant_26,3,day,Town10HD_Opt,2026-03-18 12:31:08.599931,58.6970329284668,25.34938240051269,0.0019418715965002,2.731,-0.597,0.0,0.0,0,0,1,,1.0,2026-03-18T12:31:08.599931,angry,0.992,2026-03-18T12:31:07.640472,0.716300513325144,2026-03-18T12:31:08.127000,89,,,
participant_26,3,day,Town10HD_Opt,2026-03-18 12:31:09.593622,58.98487091064453,25.301498413085938,0.0019406508654356,2.289,-0.606,0.0,0.0,0,0,1,,1.0,2026-03-18T12:31:09.593622,angry,0.992,2026-03-18T12:31:07.640472,0.7902681219096682,2026-03-18T12:31:08.938000,90,,,
participant_26,3,day,Town10HD_Opt,2026-03-18 12:31:10.609345,59.22614288330078,25.261117935180664,0.0019374083494767,1.919,-0.613,0.0,0.0,0,0,1,,0.832,2026-03-18T12:31:10.609345,angry,0.893,2026-03-18T12:31:10.609345,0.7946895821007619,2026-03-18T12:31:10.376000,90,,,
participant_26,3,day,Town10HD_Opt,2026-03-18 12:31:11.682677,59.4241828918457,25.22777938842773,0.0019470977131277,1.402,-0.663,0.106,0.0,0,0,1,,1.0,2026-03-18T12:31:11.682677,angry,0.893,2026-03-18T12:31:10.609345,0.8819273294189061,2026-03-18T12:31:10.962000,90,,,
participant_26,3,day,Town10HD_Opt,2026-03-18 12:31:12.737615,59.565677642822266,25.2037353515625,0.0019251251360401,1.336,-0.691,0.064,0.0,0,0,1,,1.0,2026-03-18T12:31:12.737615,angry,0.744,2026-03-18T12:31:12.737615,0.8723324565896682,2026-03-18T12:31:12.042000,90,,,
participant_26,3,day,Town10HD_Opt,2026-03-18 12:31:13.787818,59.70506286621094,25.180036544799805,0.0019162368262186,1.368,-0.691,0.064,0.0,0,0,1,,0.892,2026-03-18T12:31:13.787818,angry,0.744,2026-03-18T12:31:12.737615,0.8028125473510311,2026-03-18T12:31:13.077000,90,,,
participant_26,3,day,Town10HD_Opt,2026-03-18 12:31:14.845916,59.84809112548828,25.15562629699707,0.001915855333209,1.399,-0.698,0.064,0.0,0,0,1,,1.0,2026-03-18T12:31:14.845916,angry,0.998,2026-03-18T12:31:14.845916,0.8156267517195406,2026-03-18T12:31:13.933000,89,,,
participant_26,3,day,Town10HD_Opt,2026-03-18 12:31:15.906914,59.99380111694336,25.130661010742188,0.0019176101777702,1.396,-0.571,0.054,0.0,0,0,1,,1.0,2026-03-18T12:31:15.906914,angry,0.998,2026-03-18T12:31:14.845916,0.7967329852399122,2026-03-18T12:31:15.956000,89,,,
participant_26,3,day,Town10HD_Opt,2026-03-18 12:31:16.478254,60.064247131347656,25.11865234375,0.0019209670135751,1.341,-0.489,0.046,0.0,0,0,1,,1.0,2026-03-18T12:31:16.478254,angry,0.998,2026-03-18T12:31:14.845916,0.818739652173172,2026-03-18T12:31:15.956000,89,,,
participant_26,3,day,Town10HD_Opt,2026-03-18 12:31:17.546453,60.19181060791016,25.0977725982666,0.0019246292067691,1.175,-0.172,0.051,0.0,0,0,1,,1.0,2026-03-18T12:31:17.546453,angry,0.982,2026-03-18T12:31:17.546453,0.7742219976306729,2026-03-18T12:31:17.082000,88,,,
participant_26,3,day,Town10HD_Opt,2026-03-18 12:31:18.570563,60.3200569152832,25.076244354248047,0.0018943785689771,1.396,-0.345,0.0,0.0,0,0,1,,0.849,2026-03-18T12:31:18.570563,angry,0.982,2026-03-18T12:31:17.546453,0.8309818418199774,2026-03-18T12:31:17.937000,90,,,
participant_26,3,day,Town10HD_Opt,2026-03-18 12:31:19.578415,60.47220993041992,25.05052757263184,0.0019251251360401,1.225,-0.336,0.0,0.0,0,0,1,,1.0,2026-03-18T12:31:19.578415,angry,0.998,2026-03-18T12:31:19.578415,0.8146316360121079,2026-03-18T12:31:18.972000,90,,,
participant_26,3,day,Town10HD_Opt,2026-03-18 12:31:20.604303,60.58370971679688,25.031641006469727,0.0019274902297183,0.798,-0.465,0.074,0.0,0,0,1,,0.837,2026-03-18T12:31:20.604303,angry,0.998,2026-03-18T12:31:19.578415,0.841078668523894,2026-03-18T12:31:19.962000,90,,,
participant_26,3,day,Town10HD_Opt,2026-03-18 12:31:21.628507,60.70343017578125,25.01112174987793,0.0019129943102598,1.003,-0.477,0.073,0.0,0,0,1,,1.0,2026-03-18T12:31:21.628507,angry,0.998,2026-03-18T12:31:21.628507,0.8462302962281603,2026-03-18T12:31:20.952000,91,,,
participant_26,3,day,Town10HD_Opt,2026-03-18 12:31:22.686855,60.84215545654297,24.98740196228028,0.0019130324944853,1.146,-0.545,0.073,0.0,0,0,1,,1.0,2026-03-18T12:31:22.686855,angry,0.998,2026-03-18T12:31:21.628507,0.787837523861248,2026-03-18T12:31:21.942000,91,,,
participant_26,3,day,Town10HD_Opt,2026-03-18 12:31:23.728813,60.998779296875,24.96150779724121,0.001912918058224,1.317,0.757,0.085,0.0,0,0,1,,1.0,2026-03-18T12:31:23.728813,angry,0.949,2026-03-18T12:31:23.728813,0.8535297450135649,2026-03-18T12:31:22.935000,91,,,
participant_26,3,day,Town10HD_Opt,2026-03-18 12:31:24.749498,61.18717575073242,24.93052101135254,0.0018878936534747,2.111,-0.538,0.212,0.0,0,0,1,,1.0,2026-03-18T12:31:24.749498,angry,0.949,2026-03-18T12:31:23.728813,0.8651083028222192,2026-03-18T12:31:23.971000,90,,,
participant_26,3,day,Town10HD_Opt,2026-03-18 12:31:25.790328,61.50201416015625,24.875640869140625,0.0018407821189612,3.68,-0.83,0.213,0.0,0,0,1,,1.0,2026-03-18T12:31:25.790328,angry,0.99,2026-03-18T12:31:25.790328,0.8105784348206855,2026-03-18T12:31:24.957000,89,,,
participant_26,3,day,Town10HD_Opt,2026-03-18 12:31:26.847251,61.985984802246094,24.79067611694336,0.0018674849998205,4.751,-0.275,0.167,0.0,0,0,1,,1.0,2026-03-18T12:31:26.847251,angry,0.99,2026-03-18T12:31:25.790328,0.7414257653834373,2026-03-18T12:31:25.947000,89,,,
participant_26,3,day,Town10HD_Opt,2026-03-18 12:31:27.934127,62.56344604492188,24.700746536254883,0.0018824386643245,5.5,2.727,0.166,0.0,0,0,1,,1.0,2026-03-18T12:31:27.934127,angry,0.809,2026-03-18T12:31:27.934127,0.8606012566696676,2026-03-18T12:31:26.992000,89,,,
participant_26,3,day,Town10HD_Opt,2026-03-18 12:31:28.505381,62.88180541992188,24.65567970275879,0.0018854141235351,5.814,2.715,0.166,0.0,0,0,1,,1.0,2026-03-18T12:31:28.505381,angry,0.809,2026-03-18T12:31:27.934127,0.8111062161928875,2026-03-18T12:31:26.992000,87,,,
participant_26,3,day,Town10HD_Opt,2026-03-18 12:31:29.555331,63.57188034057617,24.56338882446289,0.0018891524523496,6.343,2.723,0.166,0.0,0,0,1,,1.0,2026-03-18T12:31:29.555331,angry,0.809,2026-03-18T12:31:27.934127,0.8768280009242734,2026-03-18T12:31:28.963000,89,,,errors=Solid line crossing
participant_26,3,day,Town10HD_Opt,2026-03-18 12:31:30.564602,64.32672882080078,24.469371795654297,0.0018923567840829,6.901,2.407,0.166,0.0,0,0,1,,1.0,2026-03-18T12:31:30.564602,angry,0.941,2026-03-18T12:31:30.564602,0.8540769660383518,2026-03-18T12:31:28.963000,90,,,
participant_26,3,day,Town10HD_Opt,2026-03-18 12:31:31.606163,65.138916015625,24.38036727905273,0.0018999481108039,7.162,3.54,0.0,0.0,0,0,1,,1.0,2026-03-18T12:31:31.606163,angry,0.941,2026-03-18T12:31:30.564602,0.8666513802924302,2026-03-18T12:31:31.167000,90,,,
participant_26,3,day,Town10HD_Opt,2026-03-18 12:31:32.663242,65.91448211669922,24.31167984008789,0.0019643402192741,6.147,3.73,0.0,0.016,0,0,1,,0.873,2026-03-18T12:31:32.663242,angry,0.833,2026-03-18T12:31:32.663242,0.810123030280362,2026-03-18T12:31:32.293000,91,,,
participant_26,3,day,Town10HD_Opt,2026-03-18 12:31:33.680249,66.22884368896484,24.286495208740234,0.0021842955611646,0.001,3.813,0.0,0.03,0,0,1,,0.884,2026-03-18T12:31:33.680249,angry,0.833,2026-03-18T12:31:32.663242,0.8402016586533777,2026-03-18T12:31:33.148000,94,,,
participant_26,3,day,Town10HD_Opt,2026-03-18 12:31:34.682705,66.23859405517578,24.285858154296875,0.0019371032249182,0.123,3.921,0.0,0.0,0,0,1,,0.852,2026-03-18T12:31:34.682705,angry,0.985,2026-03-18T12:31:34.682705,0.7814796652579622,2026-03-18T12:31:33.957000,95,,,
participant_26,3,day,Town10HD_Opt,2026-03-18 12:31:35.681901,66.25159454345703,24.28497314453125,0.0019213104387745,0.106,3.867,0.0,0.0,0,0,1,,1.0,2026-03-18T12:31:35.681901,angry,0.985,2026-03-18T12:31:34.682705,0.8521878535632037,2026-03-18T12:31:34.946000,94,,,
participant_26,3,day,Town10HD_Opt,2026-03-18 12:31:36.686458,66.26251983642578,24.284223556518555,0.0019199752714484,0.09,3.844,0.0,0.0,0,0,1,,1.0,2026-03-18T12:31:36.686458,neutral,0.938,2026-03-18T12:31:36.686458,0.8116096365774941,2026-03-18T12:31:35.983000,93,,,
participant_26,3,day,Town10HD_Opt,2026-03-18 12:31:37.676985,66.27168273925781,24.28359031677246,0.0019197463989257,0.076,3.844,0.0,0.0,0,0,1,,1.0,2026-03-18T12:31:37.676985,neutral,0.938,2026-03-18T12:31:36.686458,0.8861166009212231,2026-03-18T12:31:37.063000,91,,,
participant_26,3,day,Town10HD_Opt,2026-03-18 12:31:38.696058,66.27936553955078,24.283048629760746,0.0019195555942133,0.063,2.694,0.0,0.0,0,0,1,,1.0,2026-03-18T12:31:38.696058,neutral,0.998,2026-03-18T12:31:38.696058,0.9118499637490022,2026-03-18T12:31:37.063000,92,,,
participant_26,3,day,Town10HD_Opt,2026-03-18 12:31:39.748356,66.28581237792969,24.282508850097656,0.0019195555942133,0.054,1.68,0.0,0.0,0,0,1,,1.0,2026-03-18T12:31:39.748356,neutral,0.998,2026-03-18T12:31:38.696058,0.8389355485434061,2026-03-18T12:31:39.088000,89,,,
participant_26,3,day,Town10HD_Opt,2026-03-18 12:31:40.788084,66.29120635986328,24.282026290893555,0.0019193649059161,0.045,1.189,0.0,0.0,0,0,1,,1.0,2026-03-18T12:31:40.788084,neutral,0.981,2026-03-18T12:31:40.788084,0.813044362463395,2026-03-18T12:31:39.989000,91,,,
participant_26,3,day,Town10HD_Opt,2026-03-18 12:31:41.870273,66.29573059082031,24.281627655029297,0.0019193649059161,0.039,0.275,0.0,0.0,0,0,1,,1.0,2026-03-18T12:31:41.870273,neutral,0.981,2026-03-18T12:31:40.788084,0.8174604677656773,2026-03-18T12:31:41.069000,92,,,
participant_26,3,day,Town10HD_Opt,2026-03-18 12:31:42.896593,66.29953002929688,24.281225204467773,0.001919288537465,0.033,-0.284,0.0,0.0,0,0,1,eat,0.806,2026-03-18T12:31:42.896593,sad,0.958,2026-03-18T12:31:42.896593,0.7804692222417883,2026-03-18T12:31:42.957000,92,,,
participant_26,3,day,Town10HD_Opt,2026-03-18 12:31:43.450964,66.30118560791016,24.28107070922852,0.0019193649059161,0.03,-0.284,0.0,0.0,0,0,1,,1.0,2026-03-18T12:31:43.450964,sad,0.958,2026-03-18T12:31:42.896593,0.7802566510482115,2026-03-18T12:31:42.957000,93,,,
participant_26,3,day,Town10HD_Opt,2026-03-18 12:31:44.483523,66.30410766601562,24.280780792236328,0.0019192504696547,0.026,-0.284,0.0,0.0,0,0,1,,1.0,2026-03-18T12:31:44.483523,sad,0.958,2026-03-18T12:31:42.896593,0.8343720716165474,2026-03-18T12:31:43.948000,92,,,
participant_26,3,day,Town10HD_Opt,2026-03-18 12:31:45.469564,66.30579376220703,24.28059196472168,0.0019191360333934,0.004,-0.284,0.0,0.0,0,0,1,,1.0,2026-03-18T12:31:45.469564,angry,0.578,2026-03-18T12:31:45.469564,0.8147240865880889,2026-03-18T12:31:44.982000,92,,,
participant_26,3,day,Town10HD_Opt,2026-03-18 12:31:46.491457,66.30599212646484,24.280542373657227,0.001918678288348,0.006,-0.301,0.0,0.0,0,0,1,,1.0,2026-03-18T12:31:46.491457,angry,0.578,2026-03-18T12:31:45.469564,0.7738527465309892,2026-03-18T12:31:45.972000,93,,,
participant_26,3,day,Town10HD_Opt,2026-03-18 12:31:47.496383,66.30610656738281,24.28050804138184,0.0019193649059161,0.001,0.289,0.0,0.0,0,0,1,,0.827,2026-03-18T12:31:47.496383,neutral,0.691,2026-03-18T12:31:47.496383,0.8329064609808725,2026-03-18T12:31:46.962000,94,,,
participant_26,3,day,Town10HD_Opt,2026-03-18 12:31:48.483768,66.30613708496094,24.28051376342773,0.0019189452286809,0.006,-0.439,0.0,0.0,0,0,1,,1.0,2026-03-18T12:31:48.483768,neutral,0.691,2026-03-18T12:31:47.496383,0.8421298156851932,2026-03-18T12:31:48.042000,93,,,
participant_26,3,day,Town10HD_Opt,2026-03-18 12:31:49.523454,66.30622100830078,24.280502319335938,0.001919288537465,0.001,-0.54,0.0,0.0,0,0,1,,0.926,2026-03-18T12:31:49.523454,neutral,0.675,2026-03-18T12:31:49.523454,0.8964374686462288,2026-03-18T12:31:49.347000,92,,,
participant_26,3,day,Town10HD_Opt,2026-03-18 12:31:50.514851,66.3553466796875,24.27548599243164,0.001793518080376,1.97,-0.524,0.689,0.0,0,0,1,,0.883,2026-03-18T12:31:50.514851,neutral,0.675,2026-03-18T12:31:49.523454,0.802292102321217,2026-03-18T12:31:49.979000,93,,,
participant_26,3,day,Town10HD_Opt,2026-03-18 12:31:51.524613,67.0445556640625,24.20432472229004,0.0015835952945053,9.225,-0.153,0.0,0.0,0,0,1,,0.817,2026-03-18T12:31:51.524613,neutral,0.909,2026-03-18T12:31:51.524613,0.8303230499237237,2026-03-18T12:31:51.193000,93,,,
participant_26,3,day,Town10HD_Opt,2026-03-18 12:31:52.588765,67.77188110351562,24.136947631835938,0.0024921798612922,0.001,0.968,0.0,0.164,0,1,-1,,1.0,2026-03-18T12:31:52.588765,neutral,0.909,2026-03-18T12:31:51.524613,0.9181208034278292,2026-03-18T12:31:52.003000,93,,,
participant_26,3,day,Town10HD_Opt,2026-03-18 12:31:53.626324,67.7680892944336,24.13728904724121,0.001975402701646,0.026,0.684,0.641,0.0,0,1,-1,,0.894,2026-03-18T12:31:53.626324,neutral,0.987,2026-03-18T12:31:53.626324,0.8652842784090443,2026-03-18T12:31:52.948000,95,,,
participant_26,3,day,Town10HD_Opt,2026-03-18 12:31:54.657935,67.55183410644531,24.172088623046875,0.0021951294038444,5.236,-9.578,0.836,0.0,0,1,-1,,0.8,2026-03-18T12:31:54.657935,neutral,0.987,2026-03-18T12:31:53.626324,0.7640832425204449,2026-03-18T12:31:53.982000,90,,,
participant_26,3,day,Town10HD_Opt,2026-03-18 12:31:55.726998,66.54570770263672,24.30567169189453,0.002197875874117,11.31,-7.596,0.615,0.0,0,1,-1,,1.0,2026-03-18T12:31:55.726998,neutral,0.483,2026-03-18T12:31:55.726998,0.8004389782824025,2026-03-18T12:31:54.972000,91,,,errors=Solid line crossing
participant_26,3,day,Town10HD_Opt,2026-03-18 12:31:56.768139,65.06977844238281,24.38353729248047,0.002031555166468,13.541,-2.974,0.484,0.0,0,1,-1,,1.0,2026-03-18T12:31:56.768139,neutral,0.483,2026-03-18T12:31:55.726998,0.8443525454007285,2026-03-18T12:31:55.962000,92,,,
participant_26,3,day,Town10HD_Opt,2026-03-18 12:31:57.861666,63.58381652832031,24.40383529663086,0.0018190002301707,11.421,-2.635,0.297,0.0,0,1,-1,,1.0,2026-03-18T12:31:57.861666,neutral,0.97,2026-03-18T12:31:57.861666,0.7843840480214219,2026-03-18T12:31:57.942000,93,,,
participant_26,3,day,Town10HD_Opt,2026-03-18 12:31:58.890124,62.42550277709961,24.395238876342773,0.0017723082564771,8.115,-2.645,0.194,0.0,0,1,-1,,1.0,2026-03-18T12:31:58.890124,neutral,0.97,2026-03-18T12:31:57.861666,0.8431886908039687,2026-03-18T12:31:58.977000,92,,,
participant_26,3,day,Town10HD_Opt,2026-03-18 12:31:59.927689,61.6361198425293,24.377655029296875,0.0017731474945321,5.35,-1.939,0.198,0.0,0,1,-1,,1.0,2026-03-18T12:31:59.927689,neutral,0.997,2026-03-18T12:31:59.927689,0.7451499880834179,2026-03-18T12:31:59.967000,92,,,
participant_26,3,day,Town10HD_Opt,2026-03-18 12:32:00.456808,61.35525894165039,24.36729431152344,0.0018238448537886,4.692,-1.333,0.004,0.0,0,1,-1,,1.0,2026-03-18T12:32:00.456808,neutral,0.997,2026-03-18T12:31:59.927689,0.8933985871093917,2026-03-18T12:31:59.967000,91,,,
participant_26,3,day,Town10HD_Opt,2026-03-18 12:32:01.483213,60.93918991088867,24.35009765625,0.0018749617738649,3.307,-1.539,0.349,0.0,0,1,-1,,0.83,2026-03-18T12:32:01.483213,neutral,0.997,2026-03-18T12:31:59.927689,0.8405610618017241,2026-03-18T12:32:01.092000,93,,,
participant_26,3,day,Town10HD_Opt,2026-03-18 12:32:02.530977,60.5361213684082,24.33232688903809,0.0019285964081063,4.051,-1.563,0.812,0.0,0,1,-1,,1.0,2026-03-18T12:32:02.530977,neutral,0.989,2026-03-18T12:32:02.530977,0.8635229373107116,2026-03-18T12:32:02.038000,92,,,errors=Solid line crossing
participant_26,3,day,Town10HD_Opt,2026-03-18 12:32:03.583136,59.59853744506836,24.28508186340332,0.0023643111344426,13.086,-1.535,0.984,0.0,0,1,-1,,1.0,2026-03-18T12:32:03.583136,neutral,0.989,2026-03-18T12:32:02.530977,0.7178737157840772,2026-03-18T12:32:02.938000,91,,,
participant_26,3,day,Town10HD_Opt,2026-03-18 12:32:04.608271,57.65805435180664,24.168325424194336,0.0023211669176816,18.0,-2.17,0.459,0.0,0,1,-1,,1.0,2026-03-18T12:32:04.608271,neutral,1.0,2026-03-18T12:32:04.608271,0.7884017430843451,2026-03-18T12:32:04.017000,90,,,
participant_26,3,day,Town10HD_Opt,2026-03-18 12:32:05.571538,55.81975936889648,24.023006439208984,0.0015586471417918,11.846,-2.0,0.0,0.0,0,1,-1,,1.0,2026-03-18T12:32:05.571538,neutral,1.0,2026-03-18T12:32:04.608271,0.7167125240342467,2026-03-18T12:32:04.963000,91,,,
participant_26,3,day,Town10HD_Opt,2026-03-18 12:32:06.624769,55.34989547729492,23.97742080688477,0.001389694167301,1.118,18.523,0.915,0.0,0,0,1,,1.0,2026-03-18T12:32:06.624769,neutral,0.998,2026-03-18T12:32:06.624769,0.7539890635954516,2026-03-18T12:32:06.178000,92,,,
participant_26,3,day,Town10HD_Opt,2026-03-18 12:32:07.658465,55.97431564331055,24.23295021057129,0.0014316176529973,11.059,34.052,0.973,0.0,0,0,1,,1.0,2026-03-18T12:32:07.658465,neutral,0.998,2026-03-18T12:32:06.624769,0.5517434529382091,2026-03-18T12:32:07.122000,91,,,
participant_26,3,day,Town10HD_Opt,2026-03-18 12:32:08.680445,57.52022171020508,25.240358352661133,0.0017668151995167,20.072,32.464,0.874,0.0,0,0,1,,1.0,2026-03-18T12:32:08.680445,neutral,0.993,2026-03-18T12:32:08.680445,0.5179783503828572,2026-03-18T12:32:07.978000,92,,,
participant_26,3,day,Town10HD_Opt,2026-03-18 12:32:09.709462,59.29209899902344,27.310592651367188,0.0017656325362622,26.945,15.23,0.709,0.0,0,0,1,,1.0,2026-03-18T12:32:09.709462,neutral,0.993,2026-03-18T12:32:08.680445,0.5151669926707324,2026-03-18T12:32:08.969000,93,,,errors=Solid line crossing
participant_26,3,day,Town10HD_Opt,2026-03-18 12:32:10.719295,61.44997024536133,29.96420669555664,0.0018786620348691,31.052,-31.89,0.65,0.0,0,0,1,,1.0,2026-03-18T12:32:10.719295,neutral,1.0,2026-03-18T12:32:10.719295,0.4024966213325354,2026-03-18T12:32:09.957000,91,,,
participant_26,3,day,Town10HD_Opt,2026-03-18 12:32:11.823084,64.71412658691406,31.192182540893555,0.0022049332037568,31.13,-37.962,0.518,0.0,0,0,1,,1.0,2026-03-18T12:32:11.823084,neutral,1.0,2026-03-18T12:32:10.719295,0.2682109711867541,2026-03-18T12:32:11.038000,92,,,
participant_26,3,day,Town10HD_Opt,2026-03-18 12:32:12.868706,68.51118469238281,30.790401458740234,0.0019891357515007,33.914,1.504,0.419,0.0,0,0,1,,1.0,2026-03-18T12:32:12.868706,neutral,0.998,2026-03-18T12:32:12.868706,0.334450966511676,2026-03-18T12:32:12.027000,91,,,
participant_26,3,day,Town10HD_Opt,2026-03-18 12:32:13.897576,72.58460998535156,30.30247688293457,0.0018011855427175,37.957,-1.568,1.0,0.0,0,0,1,,1.0,2026-03-18T12:32:13.897576,neutral,0.998,2026-03-18T12:32:12.868706,0.2209842186638689,2026-03-18T12:32:13.025000,93,,,
participant_26,3,day,Town10HD_Opt,2026-03-18 12:32:14.461127,74.90406036376953,29.97675514221192,0.0016719435807317,43.089,-3.422,1.0,0.0,0,0,1,,0.886,2026-03-18T12:32:14.461127,neutral,0.998,2026-03-18T12:32:12.868706,0.3345150703368681,2026-03-18T12:32:14.009000,93,,,errors=Solid line crossing
participant_26,3,day,Town10HD_Opt,2026-03-18 12:32:15.521913,80.31330108642578,28.95524787902832,0.001574897672981,51.875,-1.342,0.0,0.187,0,0,1,,1.0,2026-03-18T12:32:15.521913,neutral,1.0,2026-03-18T12:32:15.521913,0.3126698973761996,2026-03-18T12:32:15.178000,94,,,errors=Red light violation
participant_26,3,day,Town10HD_Opt,2026-03-18 12:32:16.671716,86.13314056396484,27.606124877929688,0.0022327422630041,48.253,-3.127,0.987,0.0,0,0,1,,1.0,2026-03-18T12:32:16.671716,neutral,1.0,2026-03-18T12:32:15.521913,0.352462291494351,2026-03-18T12:32:15.941000,92,,,
participant_26,3,day,Town10HD_Opt,2026-03-18 12:32:17.715077,91.53292846679688,25.81092071533203,0.0018419264815747,52.059,-10.086,0.0,0.161,0,0,1,,0.83,2026-03-18T12:32:17.715077,neutral,1.0,2026-03-18T12:32:17.715077,0.3737012770082832,2026-03-18T12:32:17.157000,92,,,
participant_26,3,day,Town10HD_Opt,2026-03-18 12:32:18.780339,96.5895767211914,22.792667388916016,0.0022071455605328,48.588,-7.147,0.952,0.0,0,0,1,,1.0,2026-03-18T12:32:18.780339,neutral,1.0,2026-03-18T12:32:17.715077,0.3431109532595732,2026-03-18T12:32:17.966000,94,,,
participant_26,3,day,Town10HD_Opt,2026-03-18 12:32:19.806574,100.85216522216795,18.755130767822266,0.0019900512415915,50.41,-6.545,0.945,0.0,0,0,1,,1.0,2026-03-18T12:32:19.806574,neutral,1.0,2026-03-18T12:32:19.806574,0.3000940597930012,2026-03-18T12:32:19.007000,94,Solid line crossing,Solid line crossing,
participant_26,3,day,Town10HD_Opt,2026-03-18 12:32:20.906327,104.20038604736328,14.084187507629396,0.0019929122645407,50.236,-8.725,0.735,0.0,0,0,1,,1.0,2026-03-18T12:32:20.906327,neutral,1.0,2026-03-18T12:32:19.806574,0.3598770731883774,2026-03-18T12:32:20.983000,95,,,
participant_26,3,day,Town10HD_Opt,2026-03-18 12:32:21.443566,105.4885025024414,11.421321868896484,0.0020117950625717,50.325,-9.444,0.672,0.0,0,0,1,,1.0,2026-03-18T12:32:21.443566,neutral,1.0,2026-03-18T12:32:19.806574,0.2876356663046061,2026-03-18T12:32:20.983000,95,,,
participant_26,3,day,Town10HD_Opt,2026-03-18 12:32:22.506949,107.00701141357422,5.948277473449707,0.0020888138096779,48.491,-4.518,0.529,0.0,0,0,1,,1.0,2026-03-18T12:32:22.506949,neutral,1.0,2026-03-18T12:32:22.506949,0.2332004721482215,2026-03-18T12:32:22.018000,95,,,
participant_26,3,day,Town10HD_Opt,2026-03-18 12:32:23.600942,107.73287963867188,0.3052265048027038,0.0020249558147042,49.017,-0.08,0.502,0.0,0,0,1,,1.0,2026-03-18T12:32:23.600942,neutral,1.0,2026-03-18T12:32:22.506949,0.3099937259092153,2026-03-18T12:32:23.054000,96,,,
participant_26,3,day,Town10HD_Opt,2026-03-18 12:32:24.662451,108.2661590576172,-5.388781547546387,0.0020493315532803,48.922,-2.094,0.668,0.0,0,0,1,,1.0,2026-03-18T12:32:24.662451,neutral,0.998,2026-03-18T12:32:24.662451,0.3828274246260427,2026-03-18T12:32:23.952000,96,,,
participant_26,3,day,Town10HD_Opt,2026-03-18 12:32:25.657500,108.5016860961914,-11.281652450561523,0.0019009017851203,51.916,-1.88,0.0,0.217,0,0,1,,1.0,2026-03-18T12:32:25.657500,neutral,0.998,2026-03-18T12:32:24.662451,0.3226039068841782,2026-03-18T12:32:24.988000,96,,,
participant_26,3,day,Town10HD_Opt,2026-03-18 12:32:26.706671,108.43089294433594,-17.045015335083008,0.0020946883596479,49.046,-1.554,1.0,0.0,0,0,1,,1.0,2026-03-18T12:32:26.706671,neutral,0.999,2026-03-18T12:32:26.706671,0.3076442055278361,2026-03-18T12:32:26.113000,97,,,
participant_26,3,day,Town10HD_Opt,2026-03-18 12:32:27.705778,108.07586669921876,-22.99318504333496,0.0021080016158521,49.984,-2.038,0.974,0.0,0,0,1,,1.0,2026-03-18T12:32:27.705778,neutral,0.999,2026-03-18T12:32:26.706671,0.3354811451057435,2026-03-18T12:32:26.978000,98,,,
participant_26,3,day,Town10HD_Opt,2026-03-18 12:32:28.747854,107.36192321777344,-28.68148803710937,0.0019039153121411,51.637,-4.568,0.0,0.164,0,0,1,,1.0,2026-03-18T12:32:28.747854,neutral,1.0,2026-03-18T12:32:28.747854,0.2984849608626859,2026-03-18T12:32:28.363000,101,,,
participant_26,3,day,Town10HD_Opt,2026-03-18 12:32:29.822093,106.00334930419922,-34.38525390625,0.0022001266479492,48.316,-4.964,0.913,0.0,0,0,1,,1.0,2026-03-18T12:32:29.822093,neutral,1.0,2026-03-18T12:32:28.747854,0.2975295062523949,2026-03-18T12:32:29.083000,103,,,
participant_26,3,day,Town10HD_Opt,2026-03-18 12:32:30.793129,103.89614868164062,-39.8604850769043,0.0019358824938535,51.431,-4.511,0.0,0.143,0,0,1,,1.0,2026-03-18T12:32:30.793129,neutral,0.998,2026-03-18T12:32:30.793129,0.270488833251005,2026-03-18T12:32:30.029000,103,,,
participant_26,3,day,Town10HD_Opt,2026-03-18 12:32:31.781466,101.18878936767578,-44.91378402709961,0.0020652008242905,49.164,-4.591,0.87,0.0,0,0,1,,1.0,2026-03-18T12:32:31.781466,neutral,0.998,2026-03-18T12:32:30.793129,0.3337578171844892,2026-03-18T12:32:31.017000,101,,,
participant_26,3,day,Town10HD_Opt,2026-03-18 12:32:32.816939,97.78260803222656,-49.71063995361328,0.0021412658970803,48.679,-4.664,0.867,0.0,0,0,1,,1.0,2026-03-18T12:32:32.816939,neutral,0.972,2026-03-18T12:32:32.816939,0.3212476082453589,2026-03-18T12:32:32.009000,98,,,
participant_26,3,day,Town10HD_Opt,2026-03-18 12:32:33.854541,93.8697509765625,-53.945350646972656,0.001892929081805,51.444,-4.756,0.0,0.144,0,0,1,,1.0,2026-03-18T12:32:33.854541,neutral,0.972,2026-03-18T12:32:32.816939,0.3788894496973934,2026-03-18T12:32:33.004000,98,,,
participant_26,3,day,Town10HD_Opt,2026-03-18 12:32:34.885013,89.42478942871094,-57.66745376586914,0.0021359634120017,48.944,-5.052,0.837,0.0,0,0,1,,1.0,2026-03-18T12:32:34.885013,neutral,0.997,2026-03-18T12:32:34.885013,0.241684665311298,2026-03-18T12:32:33.988000,96,,,
participant_26,3,day,Town10HD_Opt,2026-03-18 12:32:35.894537,84.42878723144531,-60.7978744506836,0.0020072173792868,50.742,-5.035,0.0,0.0,0,0,1,,1.0,2026-03-18T12:32:35.894537,neutral,0.997,2026-03-18T12:32:34.885013,0.3463755434939403,2026-03-18T12:32:35.968000,96,,,
participant_26,3,day,Town10HD_Opt,2026-03-18 12:32:36.877180,79.1927490234375,-63.142845153808594,0.0019961928483098,50.065,-5.257,0.82,0.0,0,0,1,,1.0,2026-03-18T12:32:36.877180,neutral,0.997,2026-03-18T12:32:34.885013,0.296978422732624,2026-03-18T12:32:36.957000,97,,,
participant_26,3,day,Town10HD_Opt,2026-03-18 12:32:37.876748,73.52668762207031,-64.75045776367188,0.0021898651029914,48.354,-5.746,0.818,0.0,0,0,1,,1.0,2026-03-18T12:32:37.876748,neutral,0.996,2026-03-18T12:32:37.876748,0.3556924482712791,2026-03-18T12:32:37.948000,97,,,
participant_26,3,day,Town10HD_Opt,2026-03-18 12:32:38.925734,67.809326171875,-65.44599151611328,0.0018975066486746,51.342,-3.931,0.0,0.134,0,0,1,,0.832,2026-03-18T12:32:38.925734,neutral,0.996,2026-03-18T12:32:37.876748,0.2537918066558325,2026-03-18T12:32:37.948000,98,,,
participant_26,3,day,Town10HD_Opt,2026-03-18 12:32:39.445590,64.856201171875,-65.52843475341797,0.0021080016158521,49.49,-2.852,0.811,0.0,0,0,1,,1.0,2026-03-18T12:32:39.445590,neutral,0.996,2026-03-18T12:32:37.876748,0.3153902774593189,2026-03-18T12:32:39.028000,98,,,
participant_26,3,day,Town10HD_Opt,2026-03-18 12:32:40.485369,59.04598617553711,-65.36172485351562,0.0019012450939044,51.708,-0.512,0.0,0.171,0,0,1,,1.0,2026-03-18T12:32:40.485369,neutral,0.994,2026-03-18T12:32:40.485369,0.324395932797048,2026-03-18T12:32:40.153000,97,,,
participant_26,3,day,Town10HD_Opt,2026-03-18 12:32:41.600197,53.18667984008789,-65.05872344970703,0.0021717452909797,48.736,0.625,0.794,0.0,0,0,1,,1.0,2026-03-18T12:32:41.600197,neutral,0.994,2026-03-18T12:32:40.485369,0.2562553040545125,2026-03-18T12:32:40.963000,97,,,
participant_26,3,day,Town10HD_Opt,2026-03-18 12:32:42.608410,47.33502197265625,-64.8056640625,0.0020300291944295,50.2,0.249,0.793,0.0,0,0,1,,1.0,2026-03-18T12:32:42.608410,neutral,0.987,2026-03-18T12:32:42.608410,0.2737110240275073,2026-03-18T12:32:41.997000,96,,,
participant_26,3,day,Town10HD_Opt,2026-03-18 12:32:43.590059,41.5822639465332,-64.60750579833984,0.0019574356265366,50.954,-0.66,0.0,0.0,0,0,1,,1.0,2026-03-18T12:32:43.590059,neutral,0.987,2026-03-18T12:32:42.608410,0.3430313064672961,2026-03-18T12:32:42.987000,96,,,
participant_26,3,day,Town10HD_Opt,2026-03-18 12:32:44.617433,35.75230026245117,-64.36219787597656,0.0021428298205137,48.786,1.782,0.792,0.0,0,0,1,,1.0,2026-03-18T12:32:44.617433,neutral,0.885,2026-03-18T12:32:44.617433,0.2486441352958269,2026-03-18T12:32:44.428000,95,,,
participant_26,3,day,Town10HD_Opt,2026-03-18 12:32:45.679019,29.88981819152832,-64.27092742919922,0.0020279311574995,49.775,-0.219,0.788,0.0,0,0,1,,1.0,2026-03-18T12:32:45.679019,neutral,0.885,2026-03-18T12:32:44.617433,0.2768741513485351,2026-03-18T12:32:44.969000,97,,,
participant_26,3,day,Town10HD_Opt,2026-03-18 12:32:46.699027,24.13152503967285,-64.27953338623047,0.0019687269814312,50.429,-0.43,0.67,0.0,0,0,1,,1.0,2026-03-18T12:32:46.699027,neutral,1.0,2026-03-18T12:32:46.699027,0.3347787466360785,2026-03-18T12:32:46.139000,98,,,
participant_26,3,day,Town10HD_Opt,2026-03-18 12:32:47.747566,18.3132438659668,-64.2337417602539,0.0022158813662827,47.573,0.36,0.0,0.0,0,0,1,,0.804,2026-03-18T12:32:47.747566,neutral,1.0,2026-03-18T12:32:46.699027,0.2478127890169403,2026-03-18T12:32:46.948000,98,,,
participant_26,3,day,Town10HD_Opt,2026-03-18 12:32:48.743178,13.187091827392578,-64.22347259521484,0.0023748779203742,39.863,0.738,0.0,0.0,0,0,1,,1.0,2026-03-18T12:32:48.743178,neutral,0.999,2026-03-18T12:32:48.743178,0.3196982680441648,2026-03-18T12:32:47.984000,97,,,
participant_26,3,day,Town10HD_Opt,2026-03-18 12:32:49.768089,8.861878395080566,-64.28245544433594,0.0023509596940129,34.043,0.305,0.0,0.0,0,0,1,,1.0,2026-03-18T12:32:49.768089,neutral,0.999,2026-03-18T12:32:48.743178,0.2871028345158284,2026-03-18T12:32:48.975000,98,,,
participant_26,3,day,Town10HD_Opt,2026-03-18 12:32:50.801013,5.216000080108643,-64.35426330566406,0.0023022841196507,28.74,0.059,0.088,0.0,0,0,1,,1.0,2026-03-18T12:32:50.801013,neutral,0.985,2026-03-18T12:32:50.801013,0.3831025916375809,2026-03-18T12:32:50.143000,97,,,
participant_26,3,day,Town10HD_Opt,2026-03-18 12:32:51.822146,2.10306167602539,-64.41927337646484,0.0022341918665915,24.872,-0.021,0.192,0.0,0,0,1,,1.0,2026-03-18T12:32:51.822146,neutral,0.985,2026-03-18T12:32:50.801013,0.3840455241041947,2026-03-18T12:32:50.998000,95,Stop sign violation,stop_sign_id=1062,
participant_26,3,day,Town10HD_Opt,2026-03-18 12:32:52.870305,-0.6695789098739624,-64.47624969482422,0.0021165846846997,23.228,-0.049,0.349,0.0,0,0,1,,1.0,2026-03-18T12:32:52.870305,neutral,0.866,2026-03-18T12:32:52.870305,0.3408300745613821,2026-03-18T12:32:52.168000,96,,,
participant_26,3,day,Town10HD_Opt,2026-03-18 12:32:53.857254,-3.376380443572998,-64.5297622680664,0.0020501709077507,23.21,-0.059,0.343,0.0,0,0,1,,1.0,2026-03-18T12:32:53.857254,neutral,0.866,2026-03-18T12:32:52.870305,0.3463434480647344,2026-03-18T12:32:53.114000,96,,,
participant_26,3,day,Town10HD_Opt,2026-03-18 12:32:54.895559,-6.085513591766357,-64.5809097290039,0.0020428847055882,23.238,-0.078,0.352,0.0,0,0,1,,1.0,2026-03-18T12:32:54.895559,neutral,0.982,2026-03-18T12:32:54.895559,0.3484387011673407,2026-03-18T12:32:54.058000,94,,,
participant_26,3,day,Town10HD_Opt,2026-03-18 12:32:55.440064,-7.442088603973389,-64.60493469238281,0.0020400618668645,23.287,-0.2,0.354,0.0,0,0,1,,1.0,2026-03-18T12:32:55.440064,neutral,0.982,2026-03-18T12:32:54.895559,0.3311193744321695,2026-03-18T12:32:55.082000,96,,,
participant_26,3,day,Town10HD_Opt,2026-03-18 12:32:56.469231,-10.155324935913086,-64.64630889892578,0.0020772933494299,22.782,-0.24,0.0,0.0,0,0,1,,1.0,2026-03-18T12:32:56.469231,neutral,0.982,2026-03-18T12:32:54.895559,0.3282469657386986,2026-03-18T12:32:56.218000,96,,,
participant_26,3,day,Town10HD_Opt,2026-03-18 12:32:57.458221,-12.607328414916992,-64.67310333251953,0.0022102736402302,19.19,-0.374,0.0,0.0,0,0,1,,1.0,2026-03-18T12:32:57.458221,neutral,0.995,2026-03-18T12:32:57.458221,0.3473736625736809,2026-03-18T12:32:57.433000,97,,,
participant_26,3,day,Town10HD_Opt,2026-03-18 12:32:58.485049,-14.65600299835205,-64.6860122680664,0.0019903944339603,16.182,-0.336,0.0,0.0,0,0,1,,1.0,2026-03-18T12:32:58.485049,neutral,0.995,2026-03-18T12:32:57.458221,0.2684028065599903,2026-03-18T12:32:57.433000,95,,,
participant_26,3,day,Town10HD_Opt,2026-03-18 12:32:59.479776,-16.383575439453125,-64.69090270996094,0.0020427322015166,13.362,-0.336,0.0,0.0,0,0,1,,1.0,2026-03-18T12:32:59.479776,neutral,0.985,2026-03-18T12:32:59.479776,0.2871395037554218,2026-03-18T12:32:59.233000,95,,,
participant_26,3,day,Town10HD_Opt,2026-03-18 12:33:00.503836,-17.8282527923584,-64.69070434570312,0.0020266722422093,11.174,-0.336,0.0,0.0,0,0,1,,1.0,2026-03-18T12:33:00.503836,neutral,0.985,2026-03-18T12:32:59.479776,0.3179160973882017,2026-03-18T12:32:59.997000,96,,,
participant_26,3,day,Town10HD_Opt,2026-03-18 12:33:01.545474,-19.03598022460937,-64.68831634521484,0.0020003127865493,9.851,0.399,0.886,0.0,0,0,1,,1.0,2026-03-18T12:33:01.545474,neutral,0.996,2026-03-18T12:33:01.545474,0.3227496544474013,2026-03-18T12:33:00.988000,94,,,
participant_26,3,day,Town10HD_Opt,2026-03-18 12:33:02.576813,-20.59034538269043,-64.6969985961914,0.001518859877251,18.008,0.623,0.932,0.0,0,0,1,,1.0,2026-03-18T12:33:02.576813,neutral,0.996,2026-03-18T12:33:01.545474,0.3039789374450846,2026-03-18T12:33:01.978000,95,,,
participant_26,3,day,Town10HD_Opt,2026-03-18 12:33:03.629959,-23.13698005676269,-64.72708129882812,0.0016341400332748,27.223,0.653,1.0,0.0,0,0,1,,1.0,2026-03-18T12:33:03.629959,neutral,0.981,2026-03-18T12:33:03.629959,0.3439363390128851,2026-03-18T12:33:03.014000,96,,,
participant_26,3,day,Town10HD_Opt,2026-03-18 12:33:04.639448,-26.880136489868164,-64.81148529052734,0.0015116500435397,37.387,0.738,1.0,0.0,0,0,1,,1.0,2026-03-18T12:33:04.639448,neutral,0.981,2026-03-18T12:33:03.629959,0.2855565404425552,2026-03-18T12:33:04.138000,95,,,
participant_26,3,day,Town10HD_Opt,2026-03-18 12:33:05.631255,-31.83261680603028,-64.99205780029297,0.0015473556704819,48.118,0.602,1.0,0.0,0,0,1,,1.0,2026-03-18T12:33:05.631255,neutral,0.994,2026-03-18T12:33:05.631255,0.3143007142305187,2026-03-18T12:33:05.128000,96,,,
participant_26,3,day,Town10HD_Opt,2026-03-18 12:33:06.630535,-37.7573356628418,-65.2963638305664,0.0019483566284179,50.831,0.033,0.0,0.0,0,0,1,,1.0,2026-03-18T12:33:06.630535,neutral,0.994,2026-03-18T12:33:05.631255,0.270501293251601,2026-03-18T12:33:06.028000,97,,,
participant_26,3,day,Town10HD_Opt,2026-03-18 12:33:07.646552,-43.25992965698242,-65.67412567138672,0.0023560714907944,43.103,4.612,0.0,0.0,0,0,1,,1.0,2026-03-18T12:33:07.646552,neutral,0.998,2026-03-18T12:33:07.646552,0.4109180561944408,2026-03-18T12:33:06.975000,98,,,
participant_26,3,day,Town10HD_Opt,2026-03-18 12:33:08.636328,-47.88551330566406,-66.35681915283203,0.0023723221383988,36.833,-1.445,0.185,0.0,0,0,1,,1.0,2026-03-18T12:33:08.636328,neutral,0.998,2026-03-18T12:33:07.646552,0.3543927010331106,2026-03-18T12:33:07.963000,96,,,
participant_26,3,day,Town10HD_Opt,2026-03-18 12:33:09.645214,-52.00021362304688,-66.89598846435547,0.0020182800944894,36.612,-2.306,0.989,0.0,0,0,1,,1.0,2026-03-18T12:33:09.645214,neutral,0.998,2026-03-18T12:33:07.646552,0.4935255334861086,2026-03-18T12:33:09.088000,97,,,
participant_26,3,day,Town10HD_Opt,2026-03-18 12:33:10.624661,-56.76481628417969,-67.422607421875,0.0016211319016292,46.518,-0.604,1.0,0.0,0,0,1,,1.0,2026-03-18T12:33:10.624661,neutral,0.918,2026-03-18T12:33:10.624661,0.5820876134140339,2026-03-18T12:33:09.989000,96,,,
participant_26,3,day,Town10HD_Opt,2026-03-18 12:33:11.703525,-62.57622528076172,-67.96974182128906,0.0017984008882194,51.743,-4.244,0.0,0.174,0,0,1,,1.0,2026-03-18T12:33:11.703525,neutral,0.918,2026-03-18T12:33:10.624661,0.5427881210544601,2026-03-18T12:33:10.978000,96,,,
participant_26,3,day,Town10HD_Opt,2026-03-18 12:33:12.713388,-68.34628295898438,-68.0110855102539,0.0020307921804487,49.759,-4.11,0.972,0.0,0,0,1,,1.0,2026-03-18T12:33:12.713388,neutral,0.97,2026-03-18T12:33:12.713388,0.7235223859473079,2026-03-18T12:33:11.969000,96,,,
participant_26,3,day,Town10HD_Opt,2026-03-18 12:33:13.732382,-74.25222778320312,-67.34809112548828,0.0021692274603992,49.191,-7.323,0.949,0.0,0,0,1,,1.0,2026-03-18T12:33:13.732382,neutral,0.97,2026-03-18T12:33:12.713388,0.7552632462515205,2026-03-18T12:33:13.003000,95,,,
participant_26,3,day,Town10HD_Opt,2026-03-18 12:33:14.702956,-79.80158233642578,-65.68506622314453,0.0018576049478724,52.184,-3.773,0.0,0.218,0,0,1,,0.81,2026-03-18T12:33:14.702956,neutral,0.97,2026-03-18T12:33:12.713388,0.7881933438649668,2026-03-18T12:33:14.084000,96,,,
participant_26,3,day,Town10HD_Opt,2026-03-18 12:33:15.724433,-85.1785659790039,-63.29690933227539,0.0021809004247188,48.805,-4.256,0.889,0.0,0,0,1,,1.0,2026-03-18T12:33:15.724433,neutral,0.946,2026-03-18T12:33:15.724433,0.839711526748832,2026-03-18T12:33:14.984000,94,,,
participant_26,3,day,Town10HD_Opt,2026-03-18 12:33:16.729687,-90.26730346679688,-60.33585739135742,0.0020597837865352,49.63,-4.2,0.866,0.0,0,0,1,,1.0,2026-03-18T12:33:16.729687,neutral,0.946,2026-03-18T12:33:15.724433,0.8368069627972151,2026-03-18T12:33:15.973000,96,,,
participant_26,3,day,Town10HD_Opt,2026-03-18 12:33:17.795654,-94.86151123046876,-56.90310287475586,0.0019765852484852,50.389,-4.24,0.534,0.0,0,0,1,,1.0,2026-03-18T12:33:17.795654,neutral,0.891,2026-03-18T12:33:17.795654,0.8917038095490856,2026-03-18T12:33:16.963000,98,,,
participant_26,3,day,Town10HD_Opt,2026-03-18 12:33:18.793453,-99.07915496826172,-52.91825485229492,0.0021458053961396,48.059,-4.11,0.0,0.0,0,0,1,,1.0,2026-03-18T12:33:18.793453,neutral,0.891,2026-03-18T12:33:17.795654,0.8017509991175134,2026-03-18T12:33:17.953000,101,,,
participant_26,3,day,Town10HD_Opt,2026-03-18 12:33:19.843195,-102.5078125,-48.867713928222656,0.0022960281930863,42.906,-3.848,0.421,0.0,0,0,1,,1.0,2026-03-18T12:33:19.843195,neutral,0.818,2026-03-18T12:33:19.843195,0.7944282438984283,2026-03-18T12:33:19.080000,100,,,
participant_26,3,day,Town10HD_Opt,2026-03-18 12:33:20.814706,-105.25655364990234,-44.80488586425781,0.0021280669607222,41.471,-5.326,0.387,0.0,0,0,1,,1.0,2026-03-18T12:33:20.814706,neutral,0.818,2026-03-18T12:33:19.843195,0.8200426683387222,2026-03-18T12:33:20.024000,99,,,
participant_26,3,day,Town10HD_Opt,2026-03-18 12:33:21.862797,-107.30377960205078,-40.62248611450195,0.0022755051031708,37.431,-10.058,0.0,0.0,0,0,1,,1.0,2026-03-18T12:33:21.862797,neutral,0.86,2026-03-18T12:33:21.862797,0.8231405749676416,2026-03-18T12:33:20.969000,96,,,
participant_26,3,day,Town10HD_Opt,2026-03-18 12:33:22.879923,-108.30380249023438,-36.75458908081055,0.0023344801738858,31.474,-6.068,0.0,0.0,0,0,1,,1.0,2026-03-18T12:33:22.879923,neutral,0.86,2026-03-18T12:33:21.862797,0.8174913895555472,2026-03-18T12:33:22.003000,96,,,
participant_26,3,day,Town10HD_Opt,2026-03-18 12:33:23.888686,-108.7476806640625,-33.419189453125,0.0022911452688276,26.458,-3.785,0.041,0.0,0,0,1,,1.0,2026-03-18T12:33:23.888686,neutral,0.661,2026-03-18T12:33:23.888686,0.8704495341116765,2026-03-18T12:33:23.004000,93,,,
participant_26,3,day,Town10HD_Opt,2026-03-18 12:33:24.886455,-108.9623031616211,-30.5544376373291,0.0021992111578583,23.209,-1.26,0.306,0.0,0,0,1,,1.0,2026-03-18T12:33:24.886455,neutral,0.661,2026-03-18T12:33:23.888686,0.7346929420146484,2026-03-18T12:33:23.983000,93,,,
participant_26,3,day,Town10HD_Opt,2026-03-18 12:33:25.901121,-109.10139465332033,-27.87288475036621,0.0020307539962232,23.517,-1.814,0.478,0.0,0,0,1,,1.0,2026-03-18T12:33:25.901121,neutral,0.727,2026-03-18T12:33:25.901121,0.8269742043476507,2026-03-18T12:33:25.965000,94,,,errors=Solid line crossing
participant_26,3,day,Town10HD_Opt,2026-03-18 12:33:26.946318,-109.18350982666016,-25.038026809692383,0.0019617462530732,25.173,-1.241,0.45,0.0,0,0,1,,1.0,2026-03-18T12:33:26.946318,neutral,0.727,2026-03-18T12:33:25.901121,0.8455178359758494,2026-03-18T12:33:26.998000,93,,,
participant_26,3,day,Town10HD_Opt,2026-03-18 12:33:27.481361,-109.20802307128906,-23.546031951904297,0.0019740676507353,25.842,-0.562,0.333,0.0,0,0,1,,1.0,2026-03-18T12:33:27.481361,neutral,0.727,2026-03-18T12:33:25.901121,0.8010065122767838,2026-03-18T12:33:26.998000,94,,,
participant_26,3,day,Town10HD_Opt,2026-03-18 12:33:28.525123,-109.2606201171875,-20.609663009643555,0.0021628951653838,23.282,1.149,0.0,0.0,0,0,1,,1.0,2026-03-18T12:33:28.525123,fear,0.435,2026-03-18T12:33:28.525123,0.7490775762030966,2026-03-18T12:33:28.259000,95,,,
participant_26,3,day,Town10HD_Opt,2026-03-18 12:33:29.541396,-109.34305572509766,-18.1127872467041,0.0022614288609474,19.083,-0.035,0.0,0.248,0,0,1,,1.0,2026-03-18T12:33:29.541396,fear,0.435,2026-03-18T12:33:28.525123,0.8543920359624263,2026-03-18T12:33:29.023000,95,,,
participant_26,3,day,Town10HD_Opt,2026-03-18 12:33:30.554480,-109.40422821044922,-16.16376304626465,0.0020934676285833,14.343,-0.284,0.0,0.535,0,0,1,,1.0,2026-03-18T12:33:30.554480,neutral,0.989,2026-03-18T12:33:30.554480,0.8065988405366306,2026-03-18T12:33:30.014000,94,,,errors=Harsh braking
participant_26,3,day,Town10HD_Opt,2026-03-18 12:33:31.564693,-109.4425048828125,-14.811421394348145,0.0021775816567242,8.933,-0.28,0.0,0.772,0,0,1,,1.0,2026-03-18T12:33:31.564693,neutral,0.989,2026-03-18T12:33:30.554480,0.7540635634121933,2026-03-18T12:33:31.048000,94,,,errors=Vehicle collision
participant_26,3,day,Town10HD_Opt,2026-03-18 12:33:32.575892,-109.44893646240234,-14.51313591003418,-0.0004953765892423,0.04,-0.28,0.0,0.976,0,0,1,,1.0,2026-03-18T12:33:32.575892,neutral,0.836,2026-03-18T12:33:32.575892,0.7677489870765558,2026-03-18T12:33:32.038000,92,,,
participant_26,3,day,Town10HD_Opt,2026-03-18 12:33:33.572200,-109.44866180419922,-14.513399124145508,0.0017199707217514,0.002,-0.167,0.0,0.037,0,0,1,,1.0,2026-03-18T12:33:33.572200,neutral,0.836,2026-03-18T12:33:32.575892,0.754911985129705,2026-03-18T12:33:33.209000,92,,,
participant_26,3,day,Town10HD_Opt,2026-03-18 12:33:34.542435,-109.4486312866211,-14.513436317443848,0.00186450954061,0.0,-0.181,0.0,0.022,0,0,1,,1.0,2026-03-18T12:33:34.542435,neutral,0.836,2026-03-18T12:33:32.575892,0.747252920547574,2026-03-18T12:33:33.983000,92,,,
participant_26,3,day,Town10HD_Opt,2026-03-18 12:33:35.530590,-109.44862365722656,-14.513436317443848,0.0018695830367505,0.0,-0.181,0.0,0.02,0,0,1,,1.0,2026-03-18T12:33:35.530590,angry,0.489,2026-03-18T12:33:35.530590,0.742705573641881,2026-03-18T12:33:35.055000,92,,,
participant_26,3,day,Town10HD_Opt,2026-03-18 12:33:36.526805,-109.4486083984375,-14.51344108581543,0.0018891524523496,0.0,-0.193,0.0,0.0,0,0,1,,1.0,2026-03-18T12:33:36.526805,angry,0.489,2026-03-18T12:33:35.530590,0.735103046030532,2026-03-18T12:33:36.134000,91,,,errors=Vehicle collision
participant_26,3,day,Town10HD_Opt,2026-03-18 12:33:37.495464,-109.44862365722656,-14.51369857788086,0.0019111251458525,0.012,0.334,0.0,0.0,0,0,1,,1.0,2026-03-18T12:33:37.495464,angry,0.489,2026-03-18T12:33:35.530590,0.7988752574635216,2026-03-18T12:33:36.134000,92,,,
participant_26,3,day,Town10HD_Opt,2026-03-18 12:33:38.460746,-109.44859313964844,-14.513434410095217,0.0019058608449995,0.0,0.822,0.0,0.0,0,0,1,,1.0,2026-03-18T12:33:38.460746,sad,0.605,2026-03-18T12:33:38.460746,0.7246454340724466,2026-03-18T12:33:36.134000,91,,,
participant_26,3,day,Town10HD_Opt,2026-03-18 12:33:39.460188,-109.44859313964844,-14.513436317443848,0.0019121170043945,0.0,0.313,0.0,0.0,0,0,1,,1.0,2026-03-18T12:33:39.460188,sad,0.605,2026-03-18T12:33:38.460746,0.7338618035681496,2026-03-18T12:33:36.134000,93,,,
participant_26,3,day,Town10HD_Opt,2026-03-18 12:33:40.514405,-109.44859313964844,-14.513442039489746,0.0019171523163095,0.0,0.933,0.0,0.0,0,0,1,,1.0,2026-03-18T12:33:40.514405,neutral,0.639,2026-03-18T12:33:40.514405,0.8089998175282649,2026-03-18T12:33:36.134000,92,,,
participant_26,3,day,Town10HD_Opt,2026-03-18 12:33:41.555996,-109.44860076904295,-14.513468742370604,0.0019190978491678,0.002,0.266,0.297,0.0,0,1,-1,,1.0,2026-03-18T12:33:41.555996,neutral,0.639,2026-03-18T12:33:40.514405,0.7059584315202336,2026-03-18T12:33:36.134000,91,,,
participant_26,3,day,Town10HD_Opt,2026-03-18 12:33:42.542293,-109.44676208496094,-14.57384967803955,0.002100562909618,3.15,0.313,0.892,0.0,0,1,-1,,1.0,2026-03-18T12:33:42.542293,sad,0.453,2026-03-18T12:33:42.542293,0.8245851558016558,2026-03-18T12:33:36.134000,90,,,
participant_26,3,day,Town10HD_Opt,2026-03-18 12:33:43.591621,-109.4235610961914,-15.303202629089355,0.0022037506569176,9.036,0.324,0.437,0.0,0,1,-1,,1.0,2026-03-18T12:33:43.591621,sad,0.453,2026-03-18T12:33:42.542293,0.8319859980175139,2026-03-18T12:33:36.134000,92,,,
participant_26,3,day,Town10HD_Opt,2026-03-18 12:33:44.620228,-109.39390563964844,-16.31529998779297,0.0017456435598433,3.721,-0.458,0.0,0.0,0,0,1,,1.0,2026-03-18T12:33:44.620228,neutral,0.652,2026-03-18T12:33:44.620228,0.7682140019292996,2026-03-18T12:33:36.134000,91,,,
participant_26,3,day,Town10HD_Opt,2026-03-18 12:33:45.646519,-109.38983154296876,-16.41895294189453,0.0016149901784956,1.961,-19.332,0.745,0.0,0,0,1,,1.0,2026-03-18T12:33:45.646519,neutral,0.652,2026-03-18T12:33:44.620228,0.7662905411844919,2026-03-18T12:33:36.134000,92,,,errors=Solid line crossing
participant_26,3,day,Town10HD_Opt,2026-03-18 12:33:46.660076,-109.2509765625,-15.788300514221191,0.0015703963581472,9.319,-29.317,0.76,0.0,0,0,1,,1.0,2026-03-18T12:33:46.660076,neutral,0.753,2026-03-18T12:33:46.660076,0.7641010927858686,2026-03-18T12:33:36.134000,93,,,
participant_26,3,day,Town10HD_Opt,2026-03-18 12:33:47.663479,-108.73445892333984,-14.357807159423828,0.001583824167028,16.681,-20.503,0.749,0.0,0,0,1,,1.0,2026-03-18T12:33:47.663479,neutral,0.753,2026-03-18T12:33:46.660076,0.771525416572616,2026-03-18T12:33:36.134000,91,,,
participant_26,3,day,Town10HD_Opt,2026-03-18 12:33:48.738181,-108.06049346923828,-12.22265338897705,0.0018756865756586,21.922,15.884,0.763,0.0,0,0,1,,1.0,2026-03-18T12:33:48.738181,angry,0.713,2026-03-18T12:33:48.738181,0.7331350888537301,2026-03-18T12:33:36.134000,91,,,
participant_26,3,day,Town10HD_Opt,2026-03-18 12:33:49.810754,-107.7755355834961,-9.36121940612793,0.0017568205948919,28.227,5.073,0.68,0.0,0,0,1,,1.0,2026-03-18T12:33:49.810754,angry,0.713,2026-03-18T12:33:48.738181,0.7535857495693594,2026-03-18T12:33:36.134000,92,,,
participant_26,3,day,Town10HD_Opt,2026-03-18 12:33:50.846375,-107.6754150390625,-5.814822673797607,0.0017903136322274,32.907,3.047,0.664,0.0,0,0,1,,1.0,2026-03-18T12:33:50.846375,angry,0.417,2026-03-18T12:33:50.846375,0.7454114428029972,2026-03-18T12:33:36.134000,90,,,
participant_26,3,day,Town10HD_Opt,2026-03-18 12:33:51.924109,-107.76810455322266,-1.7370461225509644,0.001861419645138,36.66,1.05,0.574,0.0,0,0,1,,1.0,2026-03-18T12:33:51.924109,angry,0.417,2026-03-18T12:33:50.846375,0.8368552878163589,2026-03-18T12:33:36.134000,91,,,errors=Red light violation
participant_26,3,day,Town10HD_Opt,2026-03-18 12:33:52.488967,-107.86103057861328,0.4383885860443115,0.0019043731736019,37.846,0.364,0.493,0.0,0,0,1,,1.0,2026-03-18T12:33:52.488967,angry,0.417,2026-03-18T12:33:50.846375,0.8042860094999799,2026-03-18T12:33:36.134000,90,,,
participant_26,3,day,Town10HD_Opt,2026-03-18 12:33:53.567696,-107.99348449707033,4.918452262878418,0.0019929122645407,38.839,-6.573,0.462,0.0,0,0,1,,1.0,2026-03-18T12:33:53.567696,angry,0.812,2026-03-18T12:33:53.567696,0.8346537145777808,2026-03-18T12:33:36.134000,92,,,
participant_26,3,day,Town10HD_Opt,2026-03-18 12:33:54.630828,-107.58185577392578,9.433926582336426,0.0020352171268314,39.046,-7.033,0.453,0.0,0,0,1,,0.808,2026-03-18T12:33:54.630828,angry,0.812,2026-03-18T12:33:53.567696,0.7528242705454489,2026-03-18T12:33:36.134000,91,Solid line crossing,Solid line crossing,
participant_26,3,day,Town10HD_Opt,2026-03-18 12:33:55.650341,-106.48052215576172,13.862829208374023,0.0020388029515743,39.259,-5.86,0.452,0.0,0,0,1,,1.0,2026-03-18T12:33:55.650341,angry,0.59,2026-03-18T12:33:55.650341,0.7730938037277595,2026-03-18T12:33:36.134000,92,,,
participant_26,3,day,Town10HD_Opt,2026-03-18 12:33:56.701959,-104.80220794677734,18.12914085388184,0.0020413971506059,39.406,-6.955,0.451,0.0,0,0,1,,0.814,2026-03-18T12:33:56.701959,angry,0.59,2026-03-18T12:33:55.650341,0.7479438900101659,2026-03-18T12:33:36.134000,92,,,
participant_26,3,day,Town10HD_Opt,2026-03-18 12:33:57.803262,-102.39044952392578,22.009014129638672,0.0020751571282744,39.092,-15.287,0.449,0.0,0,0,1,,1.0,2026-03-18T12:33:57.803262,neutral,0.578,2026-03-18T12:33:57.803262,0.8250496860919653,2026-03-18T12:33:36.134000,91,,,
participant_26,3,day,Town10HD_Opt,2026-03-18 12:33:58.859515,-99.04663848876952,25.07009506225586,0.0020745086949318,38.945,-11.641,0.448,0.0,0,0,1,,1.0,2026-03-18T12:33:58.859515,neutral,0.578,2026-03-18T12:33:57.803262,0.7935158567948002,2026-03-18T12:33:36.134000,92,,,
participant_26,3,day,Town10HD_Opt,2026-03-18 12:33:59.921960,-95.03995513916016,27.13766288757324,0.0020854568574577,38.639,-14.805,0.447,0.0,0,0,1,,1.0,2026-03-18T12:33:59.921960,angry,0.939,2026-03-18T12:33:59.921960,0.8413476629488496,2026-03-18T12:33:36.134000,91,,,
participant_26,3,day,Town10HD_Opt,2026-03-18 12:34:00.484902,-92.87059020996094,27.694250106811523,0.002105827210471,38.169,-13.472,0.0,0.0,0,0,1,,1.0,2026-03-18T12:34:00.484902,angry,0.939,2026-03-18T12:33:59.921960,0.7569701159885222,2026-03-18T12:33:36.134000,89,,,
participant_26,3,day,Town10HD_Opt,2026-03-18 12:34:01.542267,-88.72946166992188,28.01972198486328,0.0022990799043327,33.001,-3.328,0.0,0.0,0,0,1,,1.0,2026-03-18T12:34:01.542267,angry,0.939,2026-03-18T12:33:59.921960,0.8522646677736083,2026-03-18T12:33:36.134000,91,,,
participant_26,3,day,Town10HD_Opt,2026-03-18 12:34:02.633179,-85.20264434814453,27.99671173095703,0.0022977828048169,27.735,-0.291,0.0,0.0,0,0,1,,1.0,2026-03-18T12:34:02.633179,angry,0.669,2026-03-18T12:34:02.633179,0.8403519803732334,2026-03-18T12:33:36.134000,91,,,
participant_26,3,day,Town10HD_Opt,2026-03-18 12:34:03.698433,-82.25318908691406,27.95724105834961,0.0022696685045957,23.09,0.367,0.0,0.0,0,0,1,,1.0,2026-03-18T12:34:03.698433,angry,0.669,2026-03-18T12:34:02.633179,0.8121856474200084,2026-03-18T12:33:36.134000,91,,,
participant_26,3,day,Town10HD_Opt,2026-03-18 12:34:04.730525,-79.81352996826172,27.935834884643555,0.0022440718021243,18.979,0.334,0.0,0.0,0,0,1,,0.886,2026-03-18T12:34:04.730525,neutral,0.978,2026-03-18T12:34:04.730525,0.7468507834831388,2026-03-18T12:33:36.134000,92,,,
participant_26,3,day,Town10HD_Opt,2026-03-18 12:34:05.769732,-77.7842788696289,27.918983459472656,0.001999053871259,16.058,-0.287,0.0,0.0,0,0,1,,1.0,2026-03-18T12:34:05.769732,neutral,0.978,2026-03-18T12:34:04.730525,0.8262949990539032,2026-03-18T12:33:36.134000,91,,,
participant_26,3,day,Town10HD_Opt,2026-03-18 12:34:06.789254,-76.07015991210938,27.897891998291016,0.002042579697445,13.259,-0.322,0.0,0.0,0,0,1,,1.0,2026-03-18T12:34:06.789254,neutral,0.588,2026-03-18T12:34:06.789254,0.7889427938653948,2026-03-18T12:33:36.134000,91,,,
participant_26,3,day,Town10HD_Opt,2026-03-18 12:34:07.779174,-74.633544921875,27.87608337402344,0.0020248412620276,11.123,-0.327,0.0,0.0,0,0,1,,1.0,2026-03-18T12:34:07.779174,neutral,0.588,2026-03-18T12:34:06.789254,0.8081932222542554,2026-03-18T12:33:36.134000,92,,,
participant_26,3,day,Town10HD_Opt,2026-03-18 12:34:08.817239,-73.42848205566406,27.85484504699707,0.0020083235576748,9.465,-0.327,0.0,0.0,0,0,1,,1.0,2026-03-18T12:34:08.817239,angry,0.828,2026-03-18T12:34:08.817239,0.7516635073119896,2026-03-18T12:33:36.134000,91,,,
participant_26,3,day,Town10HD_Opt,2026-03-18 12:34:09.809673,-72.4180679321289,27.83495140075684,0.0019940184429287,7.821,-0.327,0.0,0.0,0,0,1,,1.0,2026-03-18T12:34:09.809673,angry,0.828,2026-03-18T12:34:08.817239,0.7255935382418096,2026-03-18T12:33:36.134000,92,,,
participant_26,3,day,Town10HD_Opt,2026-03-18 12:34:10.854986,-71.57089233398438,27.81679344177246,0.0019820784218609,6.557,-0.327,0.0,0.0,0,0,1,,1.0,2026-03-18T12:34:10.854986,angry,0.452,2026-03-18T12:34:10.854986,0.8492321613964989,2026-03-18T12:33:36.134000,90,,,
participant_26,3,day,Town10HD_Opt,2026-03-18 12:34:11.833339,-70.86061096191406,27.80052757263184,0.0019717407412827,5.579,-0.327,0.0,0.0,0,0,1,,1.0,2026-03-18T12:34:11.833339,angry,0.452,2026-03-18T12:34:10.854986,0.7859503614707359,2026-03-18T12:34:11.100000,94,,,
participant_26,3,day,Town10HD_Opt,2026-03-18 12:34:12.865282,-70.26506805419922,27.786170959472656,0.0019632338080555,4.678,-0.317,0.0,0.0,0,0,1,,1.0,2026-03-18T12:34:12.865282,angry,0.576,2026-03-18T12:34:12.865282,0.784786571455386,2026-03-18T12:34:12.178000,95,,,
participant_26,3,day,Town10HD_Opt,2026-03-18 12:34:13.851954,-69.76577758789062,27.77369880676269,0.0019561767112463,3.922,-0.298,0.0,0.0,0,0,1,,1.0,2026-03-18T12:34:13.851954,angry,0.576,2026-03-18T12:34:12.865282,0.8141240325282518,2026-03-18T12:34:12.991000,95,,,
participant_26,3,day,Town10HD_Opt,2026-03-18 12:34:14.830645,-69.3471908569336,27.762943267822266,0.0019502257928252,3.24,-0.289,0.0,0.0,0,0,1,,1.0,2026-03-18T12:34:14.830645,angry,0.576,2026-03-18T12:34:12.865282,0.8481253939198541,2026-03-18T12:34:13.980000,95,,,
participant_26,3,day,Town10HD_Opt,2026-03-18 12:34:15.805970,-68.99623107910156,27.753719329833984,0.0019451522966846,2.757,-0.289,0.0,0.0,0,0,1,,1.0,2026-03-18T12:34:15.805970,neutral,0.642,2026-03-18T12:34:15.805970,0.8166118440673157,2026-03-18T12:34:14.969000,93,,,
participant_26,3,day,Town10HD_Opt,2026-03-18 12:34:16.765971,-68.70198822021484,27.74582290649414,0.0019409561064094,2.311,-0.289,0.0,0.0,0,0,1,,1.0,2026-03-18T12:34:16.765971,neutral,0.642,2026-03-18T12:34:15.805970,0.8912116950694366,2026-03-18T12:34:15.964000,94,,,
participant_26,3,day,Town10HD_Opt,2026-03-18 12:34:17.714457,-68.45526885986328,27.73909568786621,0.0019374465337023,1.938,-0.289,0.0,0.0,0,0,1,,1.0,2026-03-18T12:34:17.714457,neutral,0.642,2026-03-18T12:34:15.805970,0.8343291649369058,2026-03-18T12:34:16.994000,95,,,
participant_26,3,day,Town10HD_Opt,2026-03-18 12:34:18.690909,-68.24844360351562,27.73336601257324,0.0019344710744917,1.601,-0.289,0.0,0.0,0,0,1,,1.0,2026-03-18T12:34:18.690909,angry,0.932,2026-03-18T12:34:18.690909,0.7947488869015342,2026-03-18T12:34:17.984000,94,,,
participant_26,3,day,Town10HD_Opt,2026-03-18 12:34:19.672241,-68.07503509521484,27.72851181030273,0.0019319915445521,1.362,-0.289,0.0,0.0,0,0,1,,1.0,2026-03-18T12:34:19.672241,angry,0.932,2026-03-18T12:34:18.690909,0.7965543293571743,2026-03-18T12:34:19.064000,93,,,
participant_26,3,day,Town10HD_Opt,2026-03-18 12:34:20.613469,-67.92964172363281,27.72439956665039,0.0019299315754324,1.142,-0.289,0.0,0.0,0,0,1,,1.0,2026-03-18T12:34:20.613469,angry,0.932,2026-03-18T12:34:18.690909,0.8571552151559986,2026-03-18T12:34:20.054000,93,,,
participant_26,3,day,Town10HD_Opt,2026-03-18 12:34:21.605594,-67.80769348144531,27.720924377441406,0.0019280624110251,0.958,-0.289,0.0,0.0,0,0,1,,1.0,2026-03-18T12:34:21.605594,neutral,0.621,2026-03-18T12:34:21.605594,0.9137080473520508,2026-03-18T12:34:21,92,,,
participant_26,3,day,Town10HD_Opt,2026-03-18 12:34:22.583106,-67.70541381835938,27.71799087524414,0.0019266890594735,0.804,-0.284,0.0,0.0,0,0,1,,1.0,2026-03-18T12:34:22.583106,neutral,0.621,2026-03-18T12:34:21.605594,0.7726168091459167,2026-03-18T12:34:22.259000,94,,,
participant_26,3,day,Town10HD_Opt,2026-03-18 12:34:23.604296,-67.61962127685547,27.715518951416016,0.0019254302605986,0.674,-0.207,0.0,0.0,0,0,1,,1.0,2026-03-18T12:34:23.604296,neutral,0.621,2026-03-18T12:34:21.605594,0.8144660065996544,2026-03-18T12:34:23.070000,94,,,
participant_26,3,day,Town10HD_Opt,2026-03-18 12:34:24.629872,-67.54769134521484,27.71352195739746,0.0019244384020566,0.557,0.237,0.0,0.0,0,0,1,,1.0,2026-03-18T12:34:24.629872,neutral,0.622,2026-03-18T12:34:24.629872,0.8229451182763333,2026-03-18T12:34:23.969000,93,,,
participant_26,3,day,Town10HD_Opt,2026-03-18 12:34:25.604795,-67.48737335205078,27.71212577819824,0.0019235991640016,0.467,0.672,0.0,0.0,0,0,1,,1.0,2026-03-18T12:34:25.604795,neutral,0.622,2026-03-18T12:34:24.629872,0.8780337797627394,2026-03-18T12:34:25.049000,93,,,
participant_26,3,day,Town10HD_Opt,2026-03-18 12:34:26.624584,-67.43804168701172,27.71111297607422,0.001929817139171,0.671,0.745,0.584,0.0,0,0,1,,0.837,2026-03-18T12:34:26.624584,neutral,0.622,2026-03-18T12:34:24.629872,0.7767346614752595,2026-03-18T12:34:25.994000,92,,,
participant_26,3,day,Town10HD_Opt,2026-03-18 12:34:27.684822,-66.9989242553711,27.70276260375977,0.0014974975492805,9.627,0.846,1.0,0.0,0,0,1,,1.0,2026-03-18T12:34:27.684822,angry,0.991,2026-03-18T12:34:27.684822,0.8144035699181362,2026-03-18T12:34:26.984000,92,,,
participant_26,3,day,Town10HD_Opt,2026-03-18 12:34:28.760154,-65.35797882080078,27.67895698547364,0.001583824167028,18.771,0.731,0.878,0.0,0,0,1,,1.0,2026-03-18T12:34:28.760154,angry,0.991,2026-03-18T12:34:27.684822,0.8103280160508678,2026-03-18T12:34:27.974000,94,,,
participant_26,3,day,Town10HD_Opt,2026-03-18 12:34:29.947083,-62.81221008300781,27.65732192993164,0.0016939544584602,26.163,0.625,0.847,0.0,0,0,1,,1.0,2026-03-18T12:34:29.947083,angry,0.996,2026-03-18T12:34:29.947083,0.7760486760787012,2026-03-18T12:34:29.999000,93,,,
participant_26,3,day,Town10HD_Opt,2026-03-18 12:34:30.528258,-61.20237731933594,27.653995513916016,0.0016487502725794,30.309,0.686,0.846,0.0,0,0,1,,1.0,2026-03-18T12:34:30.528258,angry,0.996,2026-03-18T12:34:29.947083,0.9025152614851628,2026-03-18T12:34:29.999000,95,,,
participant_26,3,day,Town10HD_Opt,2026-03-18 12:34:31.569456,-57.25286865234375,27.67789649963379,0.0016450118273496,38.431,0.515,1.0,0.0,0,0,1,,1.0,2026-03-18T12:34:31.569456,angry,0.996,2026-03-18T12:34:29.947083,0.7968107804540062,2026-03-18T12:34:31.034000,92,,,
participant_26,3,day,Town10HD_Opt,2026-03-18 12:34:32.565840,-52.31488037109375,27.757225036621094,0.0015829467447474,46.973,0.345,1.0,0.0,0,0,1,,1.0,2026-03-18T12:34:32.565840,neutral,0.499,2026-03-18T12:34:32.565840,0.86795917656239,2026-03-18T12:34:32.069000,92,,,
participant_26,3,day,Town10HD_Opt,2026-03-18 12:34:33.566324,-46.37425994873047,27.906328201293945,0.0018811034969985,51.144,0.261,0.0,0.168,0,0,1,,0.865,2026-03-18T12:34:33.566324,neutral,0.499,2026-03-18T12:34:32.565840,0.7928651710198957,2026-03-18T12:34:32.970000,95,,,
participant_26,3,day,Town10HD_Opt,2026-03-18 12:34:34.616144,-40.6382064819336,28.047821044921875,0.0020559690892696,49.724,-0.999,0.862,0.0,0,0,1,,1.0,2026-03-18T12:34:34.616144,angry,1.0,2026-03-18T12:34:34.616144,0.7655817653245791,2026-03-18T12:34:34.049000,94,,,
participant_26,3,day,Town10HD_Opt,2026-03-18 12:34:35.662162,-34.73781204223633,28.07004165649414,0.0021406935993582,48.767,-0.585,0.81,0.0,0,0,1,,1.0,2026-03-18T12:34:35.662162,angry,1.0,2026-03-18T12:34:34.616144,0.795679667898158,2026-03-18T12:34:34.995000,94,,,
participant_26,3,day,Town10HD_Opt,2026-03-18 12:34:36.729998,-28.972625732421875,27.989505767822266,0.0019072722643613,51.28,-0.439,0.0,0.128,0,0,1,,1.0,2026-03-18T12:34:36.729998,angry,0.996,2026-03-18T12:34:36.729998,0.8730943583250139,2026-03-18T12:34:36.164000,96,,,
participant_26,3,day,Town10HD_Opt,2026-03-18 12:34:37.758826,-23.14889335632324,27.8498477935791,0.0021685408428311,48.412,-0.021,0.782,0.0,0,0,1,,1.0,2026-03-18T12:34:37.758826,angry,0.996,2026-03-18T12:34:36.729998,0.81378818860096,2026-03-18T12:34:36.976000,95,,,
participant_26,3,day,Town10HD_Opt,2026-03-18 12:34:38.821228,-17.315229415893555,27.69706153869629,0.0019810104276984,50.121,0.094,0.0,0.0,0,0,1,,1.0,2026-03-18T12:34:38.821228,angry,0.88,2026-03-18T12:34:38.821228,0.828097666971145,2026-03-18T12:34:38.012000,94,,,
participant_26,3,day,Town10HD_Opt,2026-03-18 12:34:39.824396,-11.575992584228516,27.58224296569824,0.0026332091074436,49.944,0.733,0.776,0.0,0,0,1,,1.0,2026-03-18T12:34:39.824396,angry,0.88,2026-03-18T12:34:38.821228,0.8718464548154649,2026-03-18T12:34:39.077000,94,,,
participant_26,3,day,Town10HD_Opt,2026-03-18 12:34:40.866673,-5.707626819610596,27.57280540466309,0.0021456526592373,48.531,0.522,0.561,0.0,0,0,1,,1.0,2026-03-18T12:34:40.866673,angry,0.919,2026-03-18T12:34:40.866673,0.7933546144505769,2026-03-18T12:34:40.124000,95,,,
participant_26,3,day,Town10HD_Opt,2026-03-18 12:34:41.441339,-2.881365299224853,27.6015625,0.0020999144762754,48.492,-0.153,0.542,0.0,0,0,1,,1.0,2026-03-18T12:34:41.441339,angry,0.919,2026-03-18T12:34:40.866673,0.8758480332511397,2026-03-18T12:34:41.120000,95,,,
participant_26,3,day,Town10HD_Opt,2026-03-18 12:34:42.498023,2.811551332473755,27.654266357421875,0.0020156097598373,49.199,-3.186,0.531,0.0,0,0,1,,1.0,2026-03-18T12:34:42.498023,angry,0.919,2026-03-18T12:34:40.866673,0.8079271566161497,2026-03-18T12:34:41.969000,94,,,
participant_26,3,day,Town10HD_Opt,2026-03-18 12:34:43.520992,8.574812889099121,27.43061637878418,0.0020149610936641,49.715,-3.443,0.519,0.0,0,0,1,,1.0,2026-03-18T12:34:43.520992,angry,0.991,2026-03-18T12:34:43.520992,0.7555647215024389,2026-03-18T12:34:42.959000,94,,,
participant_26,3,day,Town10HD_Opt,2026-03-18 12:34:44.533572,14.358019828796388,26.8355712890625,0.0020580291748046,49.547,2.421,0.348,0.0,0,0,1,,1.0,2026-03-18T12:34:44.533572,angry,0.991,2026-03-18T12:34:43.520992,0.8205362588320838,2026-03-18T12:34:44.174000,94,,,
participant_26,3,day,Town10HD_Opt,2026-03-18 12:34:45.536986,19.98646354675293,26.52541732788086,0.0021516035776585,46.955,5.099,0.355,0.0,0,0,1,,1.0,2026-03-18T12:34:45.536986,angry,0.538,2026-03-18T12:34:45.536986,0.8812128932512706,2026-03-18T12:34:45.029000,94,,,
participant_26,3,day,Town10HD_Opt,2026-03-18 12:34:46.522919,25.345502853393555,26.90239906311035,0.0021221542265266,45.379,5.125,0.477,0.0,0,0,1,,1.0,2026-03-18T12:34:46.522919,angry,0.538,2026-03-18T12:34:45.536986,0.7995414246573435,2026-03-18T12:34:46.065000,94,,,
participant_26,3,day,Town10HD_Opt,2026-03-18 12:34:47.569287,30.494903564453125,28.024789810180664,0.0022157286293804,44.986,10.891,0.474,0.0,0,0,1,,1.0,2026-03-18T12:34:47.569287,angry,0.986,2026-03-18T12:34:47.569287,0.7920058923043836,2026-03-18T12:34:47.324000,94,,,
participant_26,3,day,Town10HD_Opt,2026-03-18 12:34:48.618737,35.12033462524414,30.33627319335937,0.0021032714284956,43.854,20.442,0.466,0.0,0,0,1,,1.0,2026-03-18T12:34:48.618737,angry,0.986,2026-03-18T12:34:47.569287,0.8335309313141049,2026-03-18T12:34:47.999000,94,,,
participant_26,3,day,Town10HD_Opt,2026-03-18 12:34:49.662653,38.264591217041016,34.12662887573242,0.0022062682546675,41.301,15.795,0.107,0.0,0,0,1,,1.0,2026-03-18T12:34:49.662653,angry,0.652,2026-03-18T12:34:49.662653,0.8225447132181846,2026-03-18T12:34:49.034000,93,,,
participant_26,3,day,Town10HD_Opt,2026-03-18 12:34:50.685045,39.659610748291016,38.3983039855957,0.0023352813441306,35.324,4.938,0.0,0.0,0,0,1,,1.0,2026-03-18T12:34:50.685045,angry,0.652,2026-03-18T12:34:49.662653,0.7722526644305465,2026-03-18T12:34:50.114000,92,,,
participant_26,3,day,Town10HD_Opt,2026-03-18 12:34:51.760790,40.26545715332031,42.15949249267578,0.0023511885665357,29.641,4.244,0.0,0.171,0,0,1,,1.0,2026-03-18T12:34:51.760790,angry,0.481,2026-03-18T12:34:51.760790,0.8593563305136929,2026-03-18T12:34:51.015000,93,,,
participant_26,3,day,Town10HD_Opt,2026-03-18 12:34:52.861207,40.50265884399414,45.27641677856445,0.0022980880457907,24.408,4.674,0.0,0.0,0,0,1,,1.0,2026-03-18T12:34:52.861207,angry,0.481,2026-03-18T12:34:51.760790,0.7969758388977615,2026-03-18T12:34:51.958000,93,,,
participant_26,3,day,Town10HD_Opt,2026-03-18 12:34:53.898157,40.541282653808594,47.84917831420898,0.0022733688820153,19.82,-0.83,0.0,0.185,0,0,1,,1.0,2026-03-18T12:34:53.898157,neutral,0.932,2026-03-18T12:34:53.898157,0.7515804450733049,2026-03-18T12:34:53.984000,94,,,
participant_26,4,day,Town10HD_Opt,2026-03-18 12:45:00.000000,-41.66535186767578,86.27053833007812,0.0019412230467423,19.387,0.233,0.642,0.0,0,0,1,,1.0,2026-03-18T12:45:00,,,2026-03-18T12:45:00,0.7077301960580231,2026-03-18T12:45:00,94,,,
participant_26,4,day,Town10HD_Opt,2026-03-18 12:45:00.384318,-41.65797805786133,85.08771514892578,0.0018870544154196,21.281,1.826,0.63,0.0,0,0,1,,1.0,2026-03-18T12:45:00,,,2026-03-18T12:45:00,0.6955945659743793,2026-03-18T12:45:00,94,,,
participant_26,4,day,Town10HD_Opt,2026-03-18 12:45:01.324275,-41.36641693115234,80.80606079101562,0.0018410872435197,27.993,5.184,0.611,0.0,0,0,1,,1.0,2026-03-18T12:45:01.324275,,,2026-03-18T12:45:00,0.6624329427059187,2026-03-18T12:45:01.035000,94,,,
participant_26,4,day,Town10HD_Opt,2026-03-18 12:45:02.301318,-40.24771499633789,75.60498046875,0.0018962096655741,33.099,17.598,0.561,0.0,0,0,1,,1.0,2026-03-18T12:45:02.301318,neutral,0.927,2026-03-18T12:45:02.301318,0.6778274665079109,2026-03-18T12:45:02.114000,93,,,
participant_26,4,day,Town10HD_Opt,2026-03-18 12:45:03.315474,-36.69182968139648,70.90681457519531,0.0020344161894172,35.209,23.724,0.153,0.0,0,0,1,,1.0,2026-03-18T12:45:03.315474,neutral,0.927,2026-03-18T12:45:02.301318,0.6589523470413092,2026-03-18T12:45:03.018000,94,,,
participant_26,4,day,Town10HD_Opt,2026-03-18 12:45:04.284686,-31.47342872619629,69.204833984375,0.0023441696539521,27.652,14.643,0.0,0.0,0,0,1,,1.0,2026-03-18T12:45:04.284686,neutral,0.927,2026-03-18T12:45:02.301318,0.635108142687995,2026-03-18T12:45:04.045000,94,,,
participant_26,4,day,Town10HD_Opt,2026-03-18 12:45:05.275974,-27.20983123779297,69.48440551757812,0.002263565082103,20.91,-2.998,0.016,0.0,0,0,1,,1.0,2026-03-18T12:45:05.275974,neutral,1.0,2026-03-18T12:45:05.275974,0.717184880288791,2026-03-18T12:45:04.994000,94,,,
participant_26,4,day,Town10HD_Opt,2026-03-18 12:45:06.311880,-23.904823303222656,69.66526794433594,0.0020949554163962,18.227,-1.201,0.535,0.0,0,0,1,,1.0,2026-03-18T12:45:06.311880,neutral,1.0,2026-03-18T12:45:05.275974,0.693094337702316,2026-03-18T12:45:05.985000,94,,,
participant_26,4,day,Town10HD_Opt,2026-03-18 12:45:07.328789,-20.395248413085938,69.803466796875,0.0018781280377879,22.938,-0.672,0.563,0.0,0,0,1,,1.0,2026-03-18T12:45:07.328789,sad,1.0,2026-03-18T12:45:07.328789,0.6898256807360653,2026-03-18T12:45:07.110000,92,,,
participant_26,4,day,Town10HD_Opt,2026-03-18 12:45:08.317031,-15.99593734741211,69.91316223144531,0.001895370427519,27.626,-1.166,0.525,0.0,0,0,1,,1.0,2026-03-18T12:45:08.317031,sad,1.0,2026-03-18T12:45:07.328789,0.6443208052095791,2026-03-18T12:45:07.965000,95,,,
participant_26,4,day,Town10HD_Opt,2026-03-18 12:45:09.337526,-10.876935005187988,69.9230728149414,0.0019303893204778,31.125,-0.679,0.476,0.0,0,0,1,,1.0,2026-03-18T12:45:09.337526,neutral,0.999,2026-03-18T12:45:09.337526,0.6514440541192265,2026-03-18T12:45:09.134000,95,,,
participant_26,4,day,Town10HD_Opt,2026-03-18 12:45:10.069450,-7.2571234703063965,69.8839340209961,0.0020787429530173,30.254,-0.266,0.224,0.0,0,0,1,,1.0,2026-03-18T12:45:10.069450,neutral,0.999,2026-03-18T12:45:09.337526,0.7169657476246584,2026-03-18T12:45:10.124000,95,,,
participant_26,4,day,Town10HD_Opt,2026-03-18 12:45:11.071322,-2.2257204055786133,69.79931640625,0.0021475600078701,26.99,-0.266,0.211,0.0,0,0,1,,0.83,2026-03-18T12:45:11.071322,neutral,0.999,2026-03-18T12:45:09.337526,0.6290384075018132,2026-03-18T12:45:11.024000,94,,,
participant_26,4,day,Town10HD_Opt,2026-03-18 12:45:12.085005,2.245624542236328,69.69524383544922,0.002142600947991,23.871,-0.16,0.0,0.0,0,0,1,,1.0,2026-03-18T12:45:12.085005,neutral,1.0,2026-03-18T12:45:12.085005,0.6569998956265171,2026-03-18T12:45:11.972000,93,,,
participant_26,4,day,Town10HD_Opt,2026-03-18 12:45:13.318047,7.023569107055664,69.57662963867188,0.0019536209292709,16.974,0.237,0.114,0.0,0,0,1,,1.0,2026-03-18T12:45:13.318047,neutral,1.0,2026-03-18T12:45:12.085005,0.704099538128641,2026-03-18T12:45:13.230000,95,,,
participant_26,4,day,Town10HD_Opt,2026-03-18 12:45:14.242884,10.104168891906738,69.5138931274414,0.0020735550206154,18.866,0.294,0.289,0.0,0,0,1,,1.0,2026-03-18T12:45:14.242884,neutral,0.983,2026-03-18T12:45:14.242884,0.7257200378866704,2026-03-18T12:45:13.948000,94,,,
participant_26,4,day,Town10HD_Opt,2026-03-18 12:45:15.303983,13.393377304077148,69.475341796875,0.0020882415119558,18.055,1.142,0.195,0.0,0,0,1,,1.0,2026-03-18T12:45:15.303983,neutral,0.983,2026-03-18T12:45:14.242884,0.7205245167008102,2026-03-18T12:45:15.007000,93,,,
participant_26,4,day,Town10HD_Opt,2026-03-18 12:45:16.292107,16.436073303222656,69.4974365234375,0.0020005034748464,15.276,0.693,0.0,0.0,0,0,1,,1.0,2026-03-18T12:45:16.292107,neutral,1.0,2026-03-18T12:45:16.292107,0.761180802915686,2026-03-18T12:45:15.930000,92,,,
participant_26,4,day,Town10HD_Opt,2026-03-18 12:45:17.306689,18.85161399841309,69.5351333618164,0.0020231246016919,12.08,0.371,0.194,0.0,0,0,1,,1.0,2026-03-18T12:45:17.306689,neutral,1.0,2026-03-18T12:45:16.292107,0.7932962292113898,2026-03-18T12:45:17.504000,95,,,
participant_26,4,day,Town10HD_Opt,2026-03-18 12:45:18.274109,20.88062286376953,69.57501983642578,0.0019981383811682,10.333,0.371,0.0,0.0,0,0,1,,1.0,2026-03-18T12:45:18.274109,neutral,1.0,2026-03-18T12:45:16.292107,0.8356972061629839,2026-03-18T12:45:18.179000,93,,,
participant_26,4,day,Town10HD_Opt,2026-03-18 12:45:19.260863,22.475297927856445,69.61241149902344,0.002014274476096,7.534,0.371,0.0,0.059,0,0,1,,1.0,2026-03-18T12:45:19.260863,neutral,1.0,2026-03-18T12:45:19.260863,0.8506542448080582,2026-03-18T12:45:18.946000,93,,,
participant_26,4,day,Town10HD_Opt,2026-03-18 12:45:20.215405,23.56921768188477,69.64112091064453,0.002073211595416,0.0,0.371,0.0,0.053,0,0,1,,1.0,2026-03-18T12:45:20.215405,neutral,1.0,2026-03-18T12:45:19.260863,0.8573791869499845,2026-03-18T12:45:20.114000,94,,,
participant_26,4,day,Town10HD_Opt,2026-03-18 12:45:21.243761,23.58170890808105,69.64147186279297,0.0019443893106654,0.003,0.39,0.449,0.0,0,0,1,,1.0,2026-03-18T12:45:21.243761,neutral,1.0,2026-03-18T12:45:19.260863,0.8393901508465494,2026-03-18T12:45:21.330000,95,,,
participant_26,4,day,Town10HD_Opt,2026-03-18 12:45:22.253246,24.15588760375977,69.65795135498047,0.0015340042300522,9.884,0.435,0.939,0.0,0,0,1,,1.0,2026-03-18T12:45:22.253246,neutral,1.0,2026-03-18T12:45:22.253246,0.7921154725686288,2026-03-18T12:45:22.409000,98,,,
participant_26,4,day,Town10HD_Opt,2026-03-18 12:45:23.264736,26.955411911010746,69.74398803710938,0.0018121337052434,21.674,-1.892,0.83,0.0,0,0,1,,1.0,2026-03-18T12:45:23.264736,neutral,1.0,2026-03-18T12:45:22.253246,0.8819228897021396,2026-03-18T12:45:23.130000,100,,,
participant_26,4,day,Town10HD_Opt,2026-03-18 12:45:24.245459,31.4995231628418,69.52024841308594,0.0017820739885792,30.527,-11.921,0.628,0.0,0,0,1,,1.0,2026-03-18T12:45:24.245459,neutral,1.0,2026-03-18T12:45:22.253246,0.8767367471512879,2026-03-18T12:45:23.985000,99,,,
participant_26,4,day,Town10HD_Opt,2026-03-18 12:45:25.271707,36.88298797607422,67.65276336669922,0.0019435500726103,34.725,-13.083,0.427,0.0,0,0,1,,1.0,2026-03-18T12:45:25.271707,neutral,0.995,2026-03-18T12:45:25.271707,0.8310066350043842,2026-03-18T12:45:25.020000,99,,,
participant_26,4,day,Town10HD_Opt,2026-03-18 12:45:26.258413,41.60848236083984,63.90972137451172,0.0021011352073401,33.946,-11.989,0.323,0.0,0,0,1,,0.836,2026-03-18T12:45:26.258413,neutral,0.995,2026-03-18T12:45:25.271707,0.8390354662960263,2026-03-18T12:45:26.144000,97,,,
participant_26,4,day,Town10HD_Opt,2026-03-18 12:45:27.226846,44.38484191894531,59.246952056884766,0.0023240661248564,27.267,-18.651,0.0,0.0,0,0,1,,1.0,2026-03-18T12:45:27.226846,neutral,0.995,2026-03-18T12:45:25.271707,0.7562463612121697,2026-03-18T12:45:26.954000,98,,,
participant_26,4,day,Town10HD_Opt,2026-03-18 12:45:28.206417,44.93974685668945,55.08843994140625,0.0022761535365134,20.563,-12.277,0.0,0.0,0,0,1,,1.0,2026-03-18T12:45:28.206417,neutral,0.903,2026-03-18T12:45:28.206417,0.8202454609968256,2026-03-18T12:45:27.945000,100,,,
participant_26,4,day,Town10HD_Opt,2026-03-18 12:45:29.196134,44.639408111572266,51.92240905761719,0.0020082474220544,15.839,-3.32,0.0,0.0,0,0,1,,1.0,2026-03-18T12:45:29.196134,neutral,0.903,2026-03-18T12:45:28.206417,0.7722326286368905,2026-03-18T12:45:28.979000,100,,,
participant_26,4,day,Town10HD_Opt,2026-03-18 12:45:30.188052,44.33828353881836,49.47758102416992,0.0019464110955595,12.122,1.318,0.0,0.0,0,0,1,,1.0,2026-03-18T12:45:30.188052,neutral,0.903,2026-03-18T12:45:28.206417,0.7497716407669672,2026-03-18T12:45:29.975000,98,,,
participant_26,4,day,Town10HD_Opt,2026-03-18 12:45:31.146027,44.15442657470703,47.59818649291992,0.0020068739540874,9.263,1.782,0.0,0.003,0,0,1,,1.0,2026-03-18T12:45:31.146027,neutral,1.0,2026-03-18T12:45:31.146027,0.7905149208969099,2026-03-18T12:45:30.962000,97,,,
participant_26,4,day,Town10HD_Opt,2026-03-18 12:45:32.091757,44.04210662841797,46.19367599487305,0.0019876861479133,6.605,1.845,0.0,0.041,0,0,1,,1.0,2026-03-18T12:45:32.091757,neutral,1.0,2026-03-18T12:45:31.146027,0.7844050417156571,2026-03-18T12:45:31.949000,94,,,
participant_26,4,day,Town10HD_Opt,2026-03-18 12:45:33.283528,43.95505142211914,44.85466384887695,0.0019642256665974,4.775,1.711,0.0,0.0,0,0,1,,1.0,2026-03-18T12:45:33.283528,neutral,0.999,2026-03-18T12:45:33.283528,0.7569735377373081,2026-03-18T12:45:32.985000,94,,,
participant_26,4,day,Town10HD_Opt,2026-03-18 12:45:34.235547,43.91059875488281,44.11468505859375,0.0019657134544104,3.424,0.907,0.2,0.0,0,0,1,,1.0,2026-03-18T12:45:34.235547,neutral,0.999,2026-03-18T12:45:33.283528,0.725895753776792,2026-03-18T12:45:34.019000,94,,,
participant_26,4,day,Town10HD_Opt,2026-03-18 12:45:35.180458,43.84703063964844,43.00678253173828,0.0015094756381586,13.203,1.168,0.973,0.0,0,0,1,,1.0,2026-03-18T12:45:35.180458,neutral,0.999,2026-03-18T12:45:33.283528,0.6635434056767542,2026-03-18T12:45:34.965000,93,,,
participant_26,4,day,Town10HD_Opt,2026-03-18 12:45:36.274200,43.7495346069336,39.67432022094727,0.001706504728645,25.368,8.186,0.795,0.0,0,0,1,,1.0,2026-03-18T12:45:36.274200,neutral,1.0,2026-03-18T12:45:36.274200,0.7503752330735344,2026-03-18T12:45:35.955000,93,,,
participant_26,4,day,Town10HD_Opt,2026-03-18 12:45:37.224926,44.67400741577149,34.53936004638672,0.0017687606159597,34.462,15.103,0.661,0.0,0,0,1,,1.0,2026-03-18T12:45:37.224926,neutral,1.0,2026-03-18T12:45:36.274200,0.7045400940507864,2026-03-18T12:45:37.125000,93,,,
participant_26,4,day,Town10HD_Opt,2026-03-18 12:45:38.201190,48.05628204345703,29.36823463439941,0.002171134809032,34.359,16.515,0.0,0.0,0,0,1,,1.0,2026-03-18T12:45:38.201190,neutral,1.0,2026-03-18T12:45:36.274200,0.7785619066724023,2026-03-18T12:45:37.934000,94,,,
participant_26,4,day,Town10HD_Opt,2026-03-18 12:45:39.145409,52.55647277832031,26.70188331604004,0.0023290251847356,25.927,13.804,0.0,0.0,0,0,1,,1.0,2026-03-18T12:45:39.145409,neutral,0.995,2026-03-18T12:45:39.145409,0.7272435425428958,2026-03-18T12:45:39.015000,93,,,
participant_26,4,day,Town10HD_Opt,2026-03-18 12:45:40.124940,56.49067687988281,25.900081634521484,0.0022083281073719,20.696,9.887,0.263,0.0,0,0,1,,1.0,2026-03-18T12:45:40.124940,neutral,0.995,2026-03-18T12:45:39.145409,0.676633200426459,2026-03-18T12:45:40.004000,93,,,
participant_26,4,day,Town10HD_Opt,2026-03-18 12:45:41.078469,59.89984893798828,25.687084197998047,0.0021400833502411,18.059,0.508,0.112,0.0,0,0,1,,1.0,2026-03-18T12:45:41.078469,neutral,0.995,2026-03-18T12:45:39.145409,0.6797351436981005,2026-03-18T12:45:40.995000,92,,,
participant_26,4,day,Town10HD_Opt,2026-03-18 12:45:42.354191,64.0566177368164,25.53989601135254,0.0019447326194494,16.813,0.289,0.0,0.0,0,0,1,,0.81,2026-03-18T12:45:42.354191,neutral,0.999,2026-03-18T12:45:42.354191,0.6756595613505504,2026-03-18T12:45:41.985000,93,,,
participant_26,4,day,Town10HD_Opt,2026-03-18 12:45:43.300409,66.62977600097656,25.465951919555664,0.0020747375674545,12.308,-1.003,0.0,0.223,0,0,1,,1.0,2026-03-18T12:45:43.300409,neutral,0.999,2026-03-18T12:45:42.354191,0.6661683046626515,2026-03-18T12:45:43.110000,91,,,
participant_26,4,day,Town10HD_Opt,2026-03-18 12:45:44.208710,68.38098907470703,25.39192771911621,0.0020481108222156,7.635,-0.989,0.0,0.143,0,0,1,,1.0,2026-03-18T12:45:44.208710,neutral,0.999,2026-03-18T12:45:42.354191,0.6245309251040008,2026-03-18T12:45:43.967000,91,,,
participant_26,4,day,Town10HD_Opt,2026-03-18 12:45:45.157838,69.39667510986328,25.342697143554688,0.0023704909253865,0.0,-0.642,0.0,0.102,0,0,1,,1.0,2026-03-18T12:45:45.157838,neutral,1.0,2026-03-18T12:45:45.157838,0.544107660347011,2026-03-18T12:45:45.002000,92,,,
participant_26,4,day,Town10HD_Opt,2026-03-18 12:45:46.063167,69.39720916748047,25.342660903930664,0.001938018715009,0.0,-0.392,0.0,0.009,0,0,1,,1.0,2026-03-18T12:45:46.063167,neutral,1.0,2026-03-18T12:45:45.157838,0.624516467041867,2026-03-18T12:45:46.304000,94,,,
participant_26,4,day,Town10HD_Opt,2026-03-18 12:45:47.076632,69.39728546142578,25.342660903930664,0.0019204712007194,0.0,1.011,0.0,0.0,0,0,1,,1.0,2026-03-18T12:45:47.076632,neutral,1.0,2026-03-18T12:45:45.157838,0.5701964950570458,2026-03-18T12:45:47.026000,96,,,
participant_26,4,day,Town10HD_Opt,2026-03-18 12:45:48.257850,69.3970947265625,25.34382057189941,0.0028397368732839,0.023,0.663,0.0,0.0,0,0,1,,1.0,2026-03-18T12:45:48.257850,neutral,0.999,2026-03-18T12:45:48.257850,0.5761891308782581,2026-03-18T12:45:48.061000,95,,,errors=Vehicle collision
participant_26,4,day,Town10HD_Opt,2026-03-18 12:45:49.237798,69.39639282226562,25.34478759765625,0.0057052229531109,0.005,0.653,0.0,0.0,0,0,1,,1.0,2026-03-18T12:45:49.237798,neutral,0.999,2026-03-18T12:45:48.257850,0.5827096806448744,2026-03-18T12:45:49.232000,97,,,
participant_26,4,day,Town10HD_Opt,2026-03-18 12:45:50.168104,69.86164093017578,25.30793190002441,0.0032794189173728,6.848,0.653,0.806,0.0,0,0,1,,0.832,2026-03-18T12:45:50.168104,neutral,0.999,2026-03-18T12:45:48.257850,0.5617386846793067,2026-03-18T12:45:50.130000,96,,,
participant_26,4,day,Town10HD_Opt,2026-03-18 12:45:51.153675,71.74654388427734,25.164213180541992,0.0025133132003247,15.501,0.653,0.979,0.0,0,0,1,,0.838,2026-03-18T12:45:51.153675,neutral,0.999,2026-03-18T12:45:51.153675,0.5137161777207713,2026-03-18T12:45:51.349000,97,,,errors=Vehicle collision
participant_26,4,day,Town10HD_Opt,2026-03-18 12:45:52.137152,75.00212860107422,24.92348289489746,0.0019242477137595,21.831,0.653,0.968,0.0,0,0,1,,0.839,2026-03-18T12:45:52.137152,neutral,0.999,2026-03-18T12:45:51.153675,0.4028748384818417,2026-03-18T12:45:52.471000,95,,,
participant_26,4,day,Town10HD_Opt,2026-03-18 12:45:53.084250,79.49284362792969,24.77812767028809,0.002403526334092,31.286,0.86,0.867,0.0,0,0,1,,1.0,2026-03-18T12:45:53.084250,neutral,0.999,2026-03-18T12:45:51.153675,0.5595625574795946,2026-03-18T12:45:53.505000,95,,,
participant_26,4,day,Town10HD_Opt,2026-03-18 12:45:54.301795,87.08245086669922,25.15501976013184,0.0022357939742505,28.847,-2.97,0.118,0.0,0,0,1,,1.0,2026-03-18T12:45:54.301795,neutral,1.0,2026-03-18T12:45:54.301795,0.3946014809542914,2026-03-18T12:45:54.134000,96,,,
participant_26,4,day,Town10HD_Opt,2026-03-18 12:45:55.272863,91.775634765625,24.97013664245605,0.0021313475444912,25.499,-11.0,0.296,0.0,0,0,1,,1.0,2026-03-18T12:45:55.272863,neutral,1.0,2026-03-18T12:45:54.301795,0.3529698433925393,2026-03-18T12:45:54.945000,94,,,
participant_26,4,day,Town10HD_Opt,2026-03-18 12:45:56.209335,95.89057159423828,23.66517448425293,0.0021012115757912,24.328,-16.99,0.356,0.0,0,0,1,,1.0,2026-03-18T12:45:56.209335,neutral,1.0,2026-03-18T12:45:54.301795,0.3650639526184193,2026-03-18T12:45:56.025000,93,,,
participant_26,4,day,Town10HD_Opt,2026-03-18 12:45:57.157569,99.30176544189452,21.14289093017578,0.0020570755004882,24.395,-10.562,0.35,0.0,0,0,1,,1.0,2026-03-18T12:45:57.157569,neutral,1.0,2026-03-18T12:45:57.157569,0.3881652993863652,2026-03-18T12:45:56.971000,91,,,
participant_26,4,day,Town10HD_Opt,2026-03-18 12:45:58.347450,102.86038208007812,16.732927322387695,0.0046013640239834,24.342,-8.582,0.339,0.0,0,0,1,,1.0,2026-03-18T12:45:58.347450,neutral,1.0,2026-03-18T12:45:57.157569,0.3079672249663726,2026-03-18T12:45:57.960000,92,Vehicle-pedestrian collision,Vehicle-pedestrian collision,
participant_26,4,day,Town10HD_Opt,2026-03-18 12:45:59.289115,104.6259765625,12.89680004119873,0.0019021987682208,25.033,-12.604,0.821,0.0,0,0,1,,1.0,2026-03-18T12:45:59.289115,neutral,1.0,2026-03-18T12:45:59.289115,0.342173391246288,2026-03-18T12:45:59.175000,92,,,
participant_26,4,day,Town10HD_Opt,2026-03-18 12:46:00.297836,105.67321014404295,7.714914321899414,0.0015982437180355,37.89,-3.714,1.0,0.0,0,0,1,,1.0,2026-03-18T12:46:00.297836,neutral,1.0,2026-03-18T12:45:59.289115,0.2562873763673321,2026-03-18T12:46:00.030000,93,,,
participant_26,4,day,Town10HD_Opt,2026-03-18 12:46:01.275347,106.33106231689452,-0.0457124710083007,0.0015618514735251,52.606,-1.92,0.0,0.229,0,0,1,,1.0,2026-03-18T12:46:01.275347,neutral,1.0,2026-03-18T12:45:59.289115,0.3861213344924325,2026-03-18T12:46:00.930000,93,,,
participant_26,4,day,Town10HD_Opt,2026-03-18 12:46:02.269703,106.4570770263672,-8.872549057006836,0.0019998550415039,50.751,0.282,0.0,0.0,0,0,1,,1.0,2026-03-18T12:46:02.269703,neutral,1.0,2026-03-18T12:46:02.269703,0.3877432168086883,2026-03-18T12:46:01.965000,93,,,
participant_26,4,day,Town10HD_Opt,2026-03-18 12:46:03.254132,106.50524139404295,-17.644548416137695,0.0020127487368881,50.491,-1.528,0.83,0.0,0,0,1,,0.829,2026-03-18T12:46:03.254132,neutral,1.0,2026-03-18T12:46:02.269703,0.3358043288971126,2026-03-18T12:46:03.180000,94,,,
participant_26,4,day,Town10HD_Opt,2026-03-18 12:46:04.134200,106.2239227294922,-26.39268684387207,0.002062072744593,49.727,-2.076,0.809,0.0,0,0,1,,1.0,2026-03-18T12:46:04.134200,neutral,1.0,2026-03-18T12:46:02.269703,0.3055797723411418,2026-03-18T12:46:03.946000,92,,,
participant_26,4,day,Town10HD_Opt,2026-03-18 12:46:05.338449,104.35431671142578,-37.8341064453125,0.0019577406346797,50.687,-7.663,0.788,0.0,0,0,1,,1.0,2026-03-18T12:46:05.338449,neutral,1.0,2026-03-18T12:46:05.338449,0.3311156351333907,2026-03-18T12:46:05.115000,93,,,
participant_26,4,day,Town10HD_Opt,2026-03-18 12:46:06.285104,100.61185455322266,-45.66951370239258,0.0020368576515465,49.433,-4.374,0.897,0.0,0,0,1,,1.0,2026-03-18T12:46:06.285104,neutral,1.0,2026-03-18T12:46:05.338449,0.3853301516642292,2026-03-18T12:46:05.970000,93,,,
participant_26,4,day,Town10HD_Opt,2026-03-18 12:46:07.191018,95.3285903930664,-52.62657165527344,0.0020172882359474,50.152,-6.417,1.0,0.0,0,0,1,,0.836,2026-03-18T12:46:07.191018,neutral,1.0,2026-03-18T12:46:05.338449,0.3480140246469144,2026-03-18T12:46:06.960000,93,Solid line crossing,Solid line crossing,
participant_26,4,day,Town10HD_Opt,2026-03-18 12:46:08.122193,88.5662612915039,-58.18300247192383,0.0020494079217314,50.202,-6.028,0.924,0.0,0,0,1,,1.0,2026-03-18T12:46:08.122193,neutral,0.998,2026-03-18T12:46:08.122193,0.2807964715768163,2026-03-18T12:46:08.041000,93,,,
participant_26,4,day,Town10HD_Opt,2026-03-18 12:46:09.338025,77.790283203125,-62.66482162475586,0.0018459319835528,52.132,-4.32,0.0,0.213,0,0,1,,1.0,2026-03-18T12:46:09.338025,neutral,0.998,2026-03-18T12:46:08.122193,0.3814638014952526,2026-03-18T12:46:09.120000,93,,,
participant_26,4,day,Town10HD_Opt,2026-03-18 12:46:10.344786,69.11882781982422,-64.16545104980469,0.0018824386643245,52.138,-2.292,0.0,0.214,0,0,1,,1.0,2026-03-18T12:46:10.344786,neutral,1.0,2026-03-18T12:46:10.344786,0.2823864755359437,2026-03-18T12:46:09.930000,93,,,
participant_26,4,day,Town10HD_Opt,2026-03-18 12:46:11.294267,60.37164306640625,-64.75334167480469,0.0019330214709043,51.371,-0.933,0.0,0.137,0,0,1,,1.0,2026-03-18T12:46:11.294267,neutral,1.0,2026-03-18T12:46:10.344786,0.3427354402687273,2026-03-18T12:46:10.966000,92,,,
participant_26,4,day,Town10HD_Opt,2026-03-18 12:46:12.261201,51.66474151611328,-64.90290069580078,0.001975402701646,50.178,-0.884,0.687,0.0,0,0,1,,1.0,2026-03-18T12:46:12.261201,neutral,1.0,2026-03-18T12:46:10.344786,0.3419448781883103,2026-03-18T12:46:12.135000,94,,,
participant_26,4,day,Town10HD_Opt,2026-03-18 12:46:13.201449,43.0008544921875,-64.8013916015625,0.0021135329734534,48.118,0.721,0.481,0.0,0,0,1,,1.0,2026-03-18T12:46:13.201449,neutral,1.0,2026-03-18T12:46:13.201449,0.3282235437379486,2026-03-18T12:46:13.035000,93,,,
participant_26,4,day,Town10HD_Opt,2026-03-18 12:46:14.185667,34.66073226928711,-64.77985382080078,0.0020869825966656,46.998,-0.458,0.428,0.0,0,0,1,,1.0,2026-03-18T12:46:14.185667,neutral,1.0,2026-03-18T12:46:13.201449,0.3129191341690539,2026-03-18T12:46:13.936000,92,,,
participant_26,4,day,Town10HD_Opt,2026-03-18 12:46:15.098901,26.562049865722656,-64.67530059814453,0.0020995712839066,45.28,0.045,0.314,0.0,0,0,1,,1.0,2026-03-18T12:46:15.098901,neutral,1.0,2026-03-18T12:46:13.201449,0.3716252006796657,2026-03-18T12:46:15.015000,94,,,
participant_26,4,day,Town10HD_Opt,2026-03-18 12:46:16.096073,19.2591495513916,-64.56745147705078,0.0023461531382054,36.518,0.247,0.0,0.0,0,0,1,,1.0,2026-03-18T12:46:16.096073,neutral,1.0,2026-03-18T12:46:16.096073,0.3739818254063342,2026-03-18T12:46:16.095000,93,,,
participant_26,4,day,Town10HD_Opt,2026-03-18 12:46:17.069098,13.548672676086426,-64.51602172851562,0.0023064422421157,28.214,0.315,0.0,0.0,0,0,1,,1.0,2026-03-18T12:46:17.069098,neutral,1.0,2026-03-18T12:46:16.096073,0.3136709327022874,2026-03-18T12:46:16.951000,94,,,
participant_26,4,day,Town10HD_Opt,2026-03-18 12:46:18.290106,7.965943336486816,-64.51158905029297,0.0022481156047433,19.361,-0.146,0.0,0.0,0,0,1,,1.0,2026-03-18T12:46:18.290106,neutral,1.0,2026-03-18T12:46:18.290106,0.3047438240921566,2026-03-18T12:46:17.941000,92,,,
participant_26,4,day,Town10HD_Opt,2026-03-18 12:46:19.301438,4.781659126281738,-64.50822448730469,0.0020862577948719,18.731,0.092,0.838,0.0,0,0,1,,1.0,2026-03-18T12:46:19.301438,neutral,1.0,2026-03-18T12:46:18.290106,0.2865211101266176,2026-03-18T12:46:19.066000,92,,,
participant_26,4,day,Town10HD_Opt,2026-03-18 12:46:20.258797,0.6344618797302246,-64.52033233642578,0.0016552733723074,30.319,0.289,0.813,0.0,0,0,1,,1.0,2026-03-18T12:46:20.258797,neutral,1.0,2026-03-18T12:46:18.290106,0.3161814398773983,2026-03-18T12:46:20.055000,91,,,
participant_26,4,day,Town10HD_Opt,2026-03-18 12:46:21.220243,-5.016425609588623,-64.56925201416016,0.0021589659154415,30.294,0.176,0.0,0.0,0,0,1,,1.0,2026-03-18T12:46:21.220243,neutral,1.0,2026-03-18T12:46:21.220243,0.2738361756982143,2026-03-18T12:46:21.136000,91,,,
participant_26,4,day,Town10HD_Opt,2026-03-18 12:46:22.170905,-9.74074649810791,-64.6325912475586,0.002268829382956,23.128,0.176,0.0,0.0,0,0,1,,1.0,2026-03-18T12:46:22.170905,neutral,1.0,2026-03-18T12:46:21.220243,0.2347174769378257,2026-03-18T12:46:21.991000,91,,,
participant_26,4,day,Town10HD_Opt,2026-03-18 12:46:23.093742,-13.305557250976562,-64.69456481933594,0.0020475005730986,17.508,0.176,0.0,0.0,0,0,1,,1.0,2026-03-18T12:46:23.093742,neutral,1.0,2026-03-18T12:46:21.220243,0.1722890449566344,2026-03-18T12:46:23.070000,92,,,
participant_26,4,day,Town10HD_Opt,2026-03-18 12:46:24.306691,-16.810161590576172,-64.76803588867188,0.002036819467321,12.378,0.176,0.0,0.0,0,0,1,,1.0,2026-03-18T12:46:24.306691,neutral,1.0,2026-03-18T12:46:24.306691,0.1694542454039556,2026-03-18T12:46:24.016000,92,,,
participant_26,4,day,Town10HD_Opt,2026-03-18 12:46:25.232973,-18.73851776123047,-64.81364440917969,0.0020099638495594,9.508,0.176,0.0,0.0,0,0,1,,1.0,2026-03-18T12:46:25.232973,neutral,1.0,2026-03-18T12:46:24.306691,0.2450907718909375,2026-03-18T12:46:25.051000,91,,,
participant_26,4,day,Town10HD_Opt,2026-03-18 12:46:26.171288,-20.219215393066406,-64.8511734008789,0.001989021198824,7.194,0.176,0.0,0.0,0,0,1,,1.0,2026-03-18T12:46:26.171288,neutral,1.0,2026-03-18T12:46:24.306691,0.2497970189895985,2026-03-18T12:46:26.086000,91,,,
participant_26,4,day,Town10HD_Opt,2026-03-18 12:46:27.102806,-21.35599899291992,-64.88150787353516,0.0019728087354451,5.605,0.176,0.0,0.0,0,0,1,,1.0,2026-03-18T12:46:27.102806,neutral,0.998,2026-03-18T12:46:27.102806,0.3538496160607101,2026-03-18T12:46:27.031000,91,,,
participant_26,4,day,Town10HD_Opt,2026-03-18 12:46:28.245569,-22.471967697143555,-64.91258239746094,0.0019567869603633,3.826,0.176,0.0,0.0,0,0,1,,1.0,2026-03-18T12:46:28.245569,neutral,0.998,2026-03-18T12:46:27.102806,0.3426605034979614,2026-03-18T12:46:27.930000,90,,,
participant_26,4,day,Town10HD_Opt,2026-03-18 12:46:29.195010,-23.08542251586914,-64.9301986694336,0.0019480895716696,3.025,0.176,0.0,0.0,0,0,1,,1.0,2026-03-18T12:46:29.195010,neutral,1.0,2026-03-18T12:46:29.195010,0.344262676110638,2026-03-18T12:46:29.055000,89,,,
participant_26,4,day,Town10HD_Opt,2026-03-18 12:46:30.120625,-23.556360244750977,-64.94398498535156,0.0019413756672292,2.322,0.176,0.0,0.0,0,0,1,,1.0,2026-03-18T12:46:30.120625,neutral,1.0,2026-03-18T12:46:29.195010,0.3527324563969695,2026-03-18T12:46:30.360000,90,,,
participant_26,4,day,Town10HD_Opt,2026-03-18 12:46:31.280784,-24.23341941833496,-64.96398162841797,0.0016004561912268,8.386,0.176,0.952,0.0,0,0,1,,1.0,2026-03-18T12:46:31.280784,neutral,1.0,2026-03-18T12:46:31.280784,0.4520574375089997,2026-03-18T12:46:30.947000,89,,,
participant_26,4,day,Town10HD_Opt,2026-03-18 12:46:32.192457,-26.89924049377441,-65.05355834960938,0.0017271422548219,22.45,0.493,1.0,0.0,0,0,1,,1.0,2026-03-18T12:46:32.192457,neutral,1.0,2026-03-18T12:46:31.280784,0.4973370404793485,2026-03-18T12:46:32.116000,90,,,
participant_26,4,day,Town10HD_Opt,2026-03-18 12:46:33.124834,-32.13074493408203,-65.26644134521484,0.0015123748453333,38.814,0.007,1.0,0.0,0,0,1,,1.0,2026-03-18T12:46:33.124834,neutral,1.0,2026-03-18T12:46:31.280784,0.4400648998017978,2026-03-18T12:46:33.016000,91,,,
participant_26,4,day,Town10HD_Opt,2026-03-18 12:46:34.341260,-43.13551330566406,-65.7388687133789,0.00195690151304,50.653,0.019,0.0,0.124,0,0,1,,1.0,2026-03-18T12:46:34.341260,neutral,0.978,2026-03-18T12:46:34.341260,0.4931442210250268,2026-03-18T12:46:33.961000,91,,,
participant_26,4,day,Town10HD_Opt,2026-03-18 12:46:35.273321,-51.75332260131836,-66.11803436279297,0.0018354033818468,51.77,0.038,0.0,0.177,0,0,1,,1.0,2026-03-18T12:46:35.273321,neutral,0.978,2026-03-18T12:46:34.341260,0.6004855205987633,2026-03-18T12:46:35.029000,89,,,
participant_26,4,day,Town10HD_Opt,2026-03-18 12:46:36.180368,-60.49123001098633,-66.50434875488281,0.0018816374940797,51.775,-0.665,0.0,0.163,0,0,1,,1.0,2026-03-18T12:46:36.180368,neutral,0.978,2026-03-18T12:46:34.341260,0.5525730055845584,2026-03-18T12:46:36.030000,91,,,
participant_26,4,day,Town10HD_Opt,2026-03-18 12:46:37.082441,-69.20122528076172,-66.67586517333984,0.0019321822328493,51.243,-2.791,0.0,0.124,0,0,1,,1.0,2026-03-18T12:46:37.082441,neutral,1.0,2026-03-18T12:46:37.082441,0.5780156990279414,2026-03-18T12:46:37.291000,91,,,
participant_26,4,day,Town10HD_Opt,2026-03-18 12:46:38.340750,-80.83402252197266,-65.24861907958984,0.001958503620699,50.756,-7.047,0.0,0.0,0,0,1,,1.0,2026-03-18T12:46:38.340750,neutral,1.0,2026-03-18T12:46:37.082441,0.5509195539316957,2026-03-18T12:46:38.011000,91,,,
participant_26,4,day,Town10HD_Opt,2026-03-18 12:46:39.314119,-88.8005142211914,-61.76890182495117,0.0019271849887445,50.932,-6.128,0.0,0.0,0,0,1,,1.0,2026-03-18T12:46:39.314119,neutral,0.999,2026-03-18T12:46:39.314119,0.5362816982576205,2026-03-18T12:46:38.958000,92,,,
participant_26,4,day,Town10HD_Opt,2026-03-18 12:46:40.220103,-95.6519546508789,-56.438133239746094,0.0018954466795548,51.276,-4.534,0.0,0.128,0,0,1,,1.0,2026-03-18T12:46:40.220103,neutral,0.999,2026-03-18T12:46:39.314119,0.5473027680937643,2026-03-18T12:46:40.126000,93,,,
participant_26,4,day,Town10HD_Opt,2026-03-18 12:46:41.202128,-101.38191223144533,-49.83357238769531,0.0018424605950713,52.31,-4.44,0.0,0.235,0,0,1,,1.0,2026-03-18T12:46:41.202128,neutral,0.999,2026-03-18T12:46:39.314119,0.5532876902089,2026-03-18T12:46:40.984000,91,,,
participant_26,4,day,Town10HD_Opt,2026-03-18 12:46:42.190305,-105.7894515991211,-42.29572677612305,0.0019019698956981,51.782,-4.627,0.0,0.131,0,0,1,,1.0,2026-03-18T12:46:42.190305,neutral,0.999,2026-03-18T12:46:42.190305,0.5144567817697907,2026-03-18T12:46:41.970000,93,,,
participant_26,4,day,Town10HD_Opt,2026-03-18 12:46:43.137334,-108.73416137695312,-34.06269836425781,0.002005310030654,50.32,-3.877,0.719,0.0,0,0,1,,1.0,2026-03-18T12:46:43.137334,neutral,0.999,2026-03-18T12:46:42.190305,0.5587694605099452,2026-03-18T12:46:42.961000,93,,,
participant_26,4,day,Town10HD_Opt,2026-03-18 12:46:44.090138,-110.23794555664062,-25.59561920166016,0.0022782515734434,45.634,-3.745,0.0,0.0,0,0,1,,1.0,2026-03-18T12:46:44.090138,neutral,0.999,2026-03-18T12:46:42.190305,0.5581241861340378,2026-03-18T12:46:44.175000,94,,,
participant_26,4,day,Town10HD_Opt,2026-03-18 12:46:45.349477,-110.51278686523438,-16.681575775146484,0.002395172137767,30.451,1.375,0.0,0.349,0,0,1,,1.0,2026-03-18T12:46:45.349477,neutral,0.997,2026-03-18T12:46:45.349477,0.600873618459614,2026-03-18T12:46:45.121000,94,,,
participant_26,4,day,Town10HD_Opt,2026-03-18 12:46:46.313045,-110.61014556884766,-12.11060905456543,0.0023356245364993,21.227,-1.093,0.0,0.315,0,0,1,,1.0,2026-03-18T12:46:46.313045,neutral,0.997,2026-03-18T12:46:45.349477,0.6234095604028261,2026-03-18T12:46:46.065000,93,,,
participant_26,4,day,Town10HD_Opt,2026-03-18 12:46:47.272889,-110.64607238769533,-8.946698188781738,0.0020365142263472,15.411,-1.523,0.068,0.0,0,0,1,,1.0,2026-03-18T12:46:47.272889,neutral,0.997,2026-03-18T12:46:45.349477,0.5867578525762849,2026-03-18T12:46:46.962000,92,,,
participant_26,4,day,Town10HD_Opt,2026-03-18 12:46:48.205828,-110.6310806274414,-5.931390762329102,0.001851386972703,22.377,0.625,1.0,0.0,0,0,1,,1.0,2026-03-18T12:46:48.205828,neutral,1.0,2026-03-18T12:46:48.205828,0.5967931079090099,2026-03-18T12:46:48.135000,93,Solid line crossing,Solid line crossing,
participant_26,4,day,Town10HD_Opt,2026-03-18 12:46:49.218001,-110.67585754394533,-0.7109928131103516,0.0015340042300522,39.152,0.308,0.937,0.0,0,0,1,,1.0,2026-03-18T12:46:49.218001,neutral,1.0,2026-03-18T12:46:48.205828,0.6072857291877031,2026-03-18T12:46:48.947000,93,,,
participant_26,4,day,Town10HD_Opt,2026-03-18 12:46:50.186118,-110.74854278564452,7.001806259155273,0.0016696548555046,49.623,-3.938,0.69,0.0,0,0,1,,1.0,2026-03-18T12:46:50.186118,neutral,1.0,2026-03-18T12:46:48.205828,0.5699289173902107,2026-03-18T12:46:49.981000,93,,,
participant_26,4,day,Town10HD_Opt,2026-03-18 12:46:51.167661,-109.22698211669922,15.373476028442385,0.002376785269007,43.319,-16.955,0.0,0.0,0,0,1,,1.0,2026-03-18T12:46:51.167661,neutral,0.999,2026-03-18T12:46:51.167661,0.5077361775113979,2026-03-18T12:46:51.015000,93,,,
participant_26,4,day,Town10HD_Opt,2026-03-18 12:46:52.254730,-104.9605712890625,20.39014434814453,0.0024018478579819,32.549,-11.646,0.0,0.0,0,0,1,,1.0,2026-03-18T12:46:52.254730,neutral,0.999,2026-03-18T12:46:51.167661,0.5778978815346948,2026-03-18T12:46:51.961000,94,,,
participant_26,4,day,Town10HD_Opt,2026-03-18 12:46:53.324054,-100.14307403564452,22.87206649780273,0.0018829726614058,34.373,-9.938,0.969,0.0,0,0,1,,1.0,2026-03-18T12:46:53.324054,neutral,0.997,2026-03-18T12:46:53.324054,0.61872045704956,2026-03-18T12:46:53.040000,95,,,
participant_26,4,day,Town10HD_Opt,2026-03-18 12:46:54.087729,-95.83175659179688,23.96560287475586,0.0016860198229551,41.981,-4.735,0.391,0.0,0,0,1,,1.0,2026-03-18T12:46:54.087729,neutral,0.997,2026-03-18T12:46:53.324054,0.5589635361054666,2026-03-18T12:46:53.988000,94,,,
participant_26,4,day,Town10HD_Opt,2026-03-18 12:46:55.121593,-88.337890625,24.97592544555664,0.0017764281947165,47.519,-0.9,1.0,0.0,0,0,1,,1.0,2026-03-18T12:46:55.121593,neutral,0.997,2026-03-18T12:46:53.324054,0.5482083175985537,2026-03-18T12:46:54.976000,94,,,
participant_26,4,day,Town10HD_Opt,2026-03-18 12:46:56.158167,-79.59014892578125,25.77286720275879,0.0021966171916574,48.358,-0.475,0.966,0.0,0,0,1,,1.0,2026-03-18T12:46:56.158167,neutral,0.997,2026-03-18T12:46:56.158167,0.557302734651153,2026-03-18T12:46:56.371000,95,,,
participant_26,4,day,Town10HD_Opt,2026-03-18 12:46:57.117913,-70.83345794677734,26.37302589416504,0.0021925354376435,48.696,-0.505,1.0,0.0,0,0,1,,1.0,2026-03-18T12:46:57.117913,neutral,0.997,2026-03-18T12:46:56.158167,0.5363880053751947,2026-03-18T12:46:56.371000,94,,,
participant_26,4,day,Town10HD_Opt,2026-03-18 12:46:58.067860,-62.0010871887207,26.79226493835449,0.0021579742897301,49.104,-0.498,0.973,0.0,0,0,1,,1.0,2026-03-18T12:46:58.067860,neutral,0.997,2026-03-18T12:46:56.158167,0.5262104551050151,2026-03-18T12:46:56.371000,96,,,
participant_26,4,day,Town10HD_Opt,2026-03-18 12:46:59.336552,-50.368309020996094,27.058263778686523,0.0021708679851144,48.927,-0.498,0.911,0.0,0,0,1,,1.0,2026-03-18T12:46:59.336552,neutral,0.992,2026-03-18T12:46:59.336552,0.5408849990963022,2026-03-18T12:46:56.371000,94,,,
participant_26,4,day,Town10HD_Opt,2026-03-18 12:47:00.332491,-41.59101486206055,27.04767608642578,0.0021500778384506,49.237,-0.026,0.891,0.0,0,0,1,,1.0,2026-03-18T12:47:00.332491,neutral,0.992,2026-03-18T12:46:59.336552,0.5610604499595612,2026-03-18T12:46:56.371000,95,,,
participant_26,4,day,Town10HD_Opt,2026-03-18 12:47:01.283064,-32.7906379699707,26.960336685180664,0.0021534727420657,49.369,0.073,1.0,0.0,0,0,1,,1.0,2026-03-18T12:47:01.283064,neutral,0.992,2026-03-18T12:46:59.336552,0.5994526821661215,2026-03-18T12:46:56.371000,95,,,
participant_26,4,day,Town10HD_Opt,2026-03-18 12:47:02.244396,-23.973886489868164,26.892337799072266,0.0022198485676199,48.334,0.073,0.953,0.0,0,0,1,,1.0,2026-03-18T12:47:02.244396,neutral,1.0,2026-03-18T12:47:02.244396,0.5031092264547127,2026-03-18T12:46:56.371000,95,,,
participant_26,4,day,Town10HD_Opt,2026-03-18 12:47:03.203410,-15.216958999633787,26.84381484985352,0.0022018051240593,48.34,-0.089,0.911,0.0,0,0,1,,1.0,2026-03-18T12:47:03.203410,neutral,1.0,2026-03-18T12:47:02.244396,0.5626721779548791,2026-03-18T12:46:56.371000,94,,,
participant_26,4,day,Town10HD_Opt,2026-03-18 12:47:04.123327,-6.478229999542236,26.771041870117188,0.0021740722004324,48.716,-0.115,0.873,0.0,0,0,1,,1.0,2026-03-18T12:47:04.123327,neutral,1.0,2026-03-18T12:47:02.244396,0.5777248022221441,2026-03-18T12:46:56.371000,96,,,
participant_26,4,day,Town10HD_Opt,2026-03-18 12:47:05.339561,5.065928936004639,26.61075782775879,0.0021589279640465,47.146,-0.136,0.0,0.0,0,0,1,,1.0,2026-03-18T12:47:05.339561,neutral,0.998,2026-03-18T12:47:05.339561,0.4086514254370739,2026-03-18T12:46:56.371000,97,,,
participant_26,4,day,Town10HD_Opt,2026-03-18 12:47:06.259448,12.528103828430176,26.471662521362305,0.0023664855398237,37.075,0.416,0.0,0.016,0,0,1,,1.0,2026-03-18T12:47:06.259448,neutral,0.998,2026-03-18T12:47:05.339561,0.5645639687378784,2026-03-18T12:46:56.371000,95,,,
participant_26,4,day,Town10HD_Opt,2026-03-18 12:47:07.181523,18.32229423522949,26.4326171875,0.0023109053727239,28.631,1.434,0.0,0.0,0,0,1,,1.0,2026-03-18T12:47:07.181523,neutral,0.998,2026-03-18T12:47:05.339561,0.5169650991895893,2026-03-18T12:46:56.371000,95,,,
participant_26,4,day,Town10HD_Opt,2026-03-18 12:47:08.123847,22.76409339904785,26.56814384460449,0.0022640989627689,21.708,2.73,0.0,0.0,0,0,1,,1.0,2026-03-18T12:47:08.123847,neutral,1.0,2026-03-18T12:47:08.123847,0.5658740920040113,2026-03-18T12:46:56.371000,95,,,
participant_26,4,day,Town10HD_Opt,2026-03-18 12:47:09.178155,26.09993553161621,26.867387771606445,0.0019668578170239,16.59,3.947,0.007,0.0,0,0,1,,1.0,2026-03-18T12:47:09.178155,neutral,1.0,2026-03-18T12:47:08.123847,0.5417230855228659,2026-03-18T12:46:56.371000,94,,,
participant_26,4,day,Town10HD_Opt,2026-03-18 12:47:10.147824,28.664072036743164,27.29550170898437,0.002033157274127,12.97,5.86,0.019,0.0,0,0,1,,1.0,2026-03-18T12:47:10.147824,neutral,0.98,2026-03-18T12:47:10.147824,0.5595747797662649,2026-03-18T12:46:56.371000,95,,,
participant_26,4,day,Town10HD_Opt,2026-03-18 12:47:11.125409,30.643707275390625,27.79496955871582,0.0019955444149672,10.297,6.201,0.04,0.0,0,0,1,,1.0,2026-03-18T12:47:11.125409,neutral,0.98,2026-03-18T12:47:10.147824,0.5027898329676608,2026-03-18T12:46:56.371000,96,,,
participant_26,4,day,Town10HD_Opt,2026-03-18 12:47:12.354044,33.026329040527344,28.61351585388184,0.0017991255735978,13.091,8.904,0.318,0.0,0,0,1,,1.0,2026-03-18T12:47:12.354044,neutral,0.999,2026-03-18T12:47:12.354044,0.5253656809162144,2026-03-18T12:46:56.371000,94,,,
participant_26,4,day,Town10HD_Opt,2026-03-18 12:47:13.136344,34.5289421081543,29.355932235717773,0.0017319869948551,17.186,15.62,0.829,0.0,0,0,1,,1.0,2026-03-18T12:47:13.136344,neutral,0.999,2026-03-18T12:47:12.354044,0.531201265841083,2026-03-18T12:46:56.371000,95,,,
participant_26,4,day,Town10HD_Opt,2026-03-18 12:47:14.115299,37.361141204833984,31.78276824951172,0.0017670821398496,26.946,21.603,0.783,0.0,0,0,1,,1.0,2026-03-18T12:47:14.115299,neutral,0.999,2026-03-18T12:47:12.354044,0.5664236535609121,2026-03-18T12:46:56.371000,95,,,
participant_26,4,day,Town10HD_Opt,2026-03-18 12:47:15.132631,39.59666442871094,36.595340728759766,0.0018663787050172,34.332,15.009,0.514,0.0,0,0,1,,1.0,2026-03-18T12:47:15.132631,neutral,0.998,2026-03-18T12:47:15.132631,0.5313487558950293,2026-03-18T12:46:56.371000,94,,,
participant_26,4,day,Town10HD_Opt,2026-03-18 12:47:16.169671,40.11050796508789,42.49152374267578,0.0022175216581672,31.006,1.055,0.0,0.0,0,0,1,,1.0,2026-03-18T12:47:16.169671,neutral,0.998,2026-03-18T12:47:15.132631,0.5800765336061575,2026-03-18T12:46:56.371000,95,,,
participant_26,4,day,Town10HD_Opt,2026-03-18 12:47:17.135217,40.25371170043945,47.24370956420898,0.0023274230770766,22.35,0.139,0.0,0.333,0,0,1,,1.0,2026-03-18T12:47:17.135217,neutral,0.998,2026-03-18T12:47:17.135217,0.5573705975506529,2026-03-18T12:46:56.371000,96,,,
participant_26,4,day,Town10HD_Opt,2026-03-18 12:47:18.336642,40.357513427734375,51.37265396118164,0.0020992278587073,13.112,1.137,0.0,0.301,0,0,1,,1.0,2026-03-18T12:47:18.336642,neutral,0.998,2026-03-18T12:47:17.135217,0.5809255696818644,2026-03-18T12:46:56.371000,95,,,
participant_26,4,day,Town10HD_Opt,2026-03-18 12:47:19.304921,40.36910629272461,53.25727844238281,0.0020442199893295,8.706,0.757,0.0,0.0,0,0,1,,1.0,2026-03-18T12:47:19.304921,neutral,0.999,2026-03-18T12:47:19.304921,0.4823137666126469,2026-03-18T12:46:56.371000,95,,,
participant_26,4,day,Town10HD_Opt,2026-03-18 12:47:20.257557,40.38556671142578,55.03256607055664,0.001574287423864,15.93,-2.6,0.985,0.0,0,0,1,,1.0,2026-03-18T12:47:20.257557,neutral,0.999,2026-03-18T12:47:19.304921,0.6167449013067207,2026-03-18T12:46:56.371000,95,,,
participant_26,4,day,Town10HD_Opt,2026-03-18 12:47:21.159849,40.66976547241211,58.83203125,0.0016096878098323,29.2,-8.105,0.902,0.0,0,0,1,,1.0,2026-03-18T12:47:21.159849,neutral,0.999,2026-03-18T12:47:19.304921,0.5665036008642773,2026-03-18T12:46:56.371000,94,,,
participant_26,4,day,Town10HD_Opt,2026-03-18 12:47:22.360494,44.0521240234375,66.48189544677734,0.0017734909197315,43.323,-19.467,0.84,0.0,0,0,1,,1.0,2026-03-18T12:47:22.360494,neutral,1.0,2026-03-18T12:47:22.360494,0.6418263324068725,2026-03-18T12:46:56.371000,94,,,
participant_26,4,day,Town10HD_Opt,2026-03-18 12:47:23.255058,51.13447189331055,70.1923599243164,0.0018754195189103,49.505,-15.233,0.713,0.0,0,0,1,,1.0,2026-03-18T12:47:23.255058,neutral,1.0,2026-03-18T12:47:22.360494,0.5117359634604858,2026-03-18T12:46:56.371000,94,,,
participant_26,4,day,Town10HD_Opt,2026-03-18 12:47:24.177880,59.7900505065918,69.76881408691406,0.0021090316586196,48.741,2.633,0.421,0.0,0,0,1,,1.0,2026-03-18T12:47:24.177880,neutral,1.0,2026-03-18T12:47:22.360494,0.5002222569388121,2026-03-18T12:46:56.371000,94,,,errors=Solid line crossing
participant_26,4,day,Town10HD_Opt,2026-03-18 12:47:25.084796,67.96259307861328,68.83442687988281,0.0022935485467314,42.788,4.806,0.0,0.0,0,0,1,,1.0,2026-03-18T12:47:25.084796,neutral,0.996,2026-03-18T12:47:25.084796,0.5600933042972909,2026-03-18T12:46:56.371000,95,,,
participant_26,4,day,Town10HD_Opt,2026-03-18 12:47:26.364691,76.33854675292969,69.24562072753906,0.0023743438068777,28.538,-0.233,0.0,0.3,0,0,1,,1.0,2026-03-18T12:47:26.364691,neutral,0.996,2026-03-18T12:47:25.084796,0.555501537282474,2026-03-18T12:46:56.371000,96,,,
participant_26,4,day,Town10HD_Opt,2026-03-18 12:47:27.285498,80.602294921875,69.63390350341797,0.0023188018240034,19.413,-1.102,0.0,0.316,0,0,1,,1.0,2026-03-18T12:47:27.285498,neutral,1.0,2026-03-18T12:47:27.285498,0.5224808342065714,2026-03-18T12:46:56.371000,95,,,
participant_26,4,day,Town10HD_Opt,2026-03-18 12:47:28.153325,83.50094604492188,69.8376235961914,0.0021133422851562,12.549,-0.618,0.0,0.44,0,0,1,,1.0,2026-03-18T12:47:28.153325,neutral,1.0,2026-03-18T12:47:27.285498,0.5397320816374157,2026-03-18T12:46:56.371000,95,,,
participant_26,4,day,Town10HD_Opt,2026-03-18 12:47:29.074827,85.26222229003906,69.94859313964844,0.0021187209058552,6.713,-0.468,0.0,0.556,0,0,1,,1.0,2026-03-18T12:47:29.074827,neutral,1.0,2026-03-18T12:47:27.285498,0.6380610284800974,2026-03-18T12:46:56.371000,94,,,
participant_26,4,day,Town10HD_Opt,2026-03-18 12:47:30.249212,85.51071166992188,69.9636459350586,0.0019449614919722,0.0,-0.233,0.0,0.465,0,0,1,,1.0,2026-03-18T12:47:30.249212,neutral,1.0,2026-03-18T12:47:30.249212,0.6141977241110508,2026-03-18T12:46:56.371000,95,,,
participant_26,4,day,Town10HD_Opt,2026-03-18 12:47:31.123378,85.5107421875,69.9636459350586,0.0019202422117814,0.0,2.21,0.0,0.0,0,0,1,,1.0,2026-03-18T12:47:31.123378,neutral,1.0,2026-03-18T12:47:30.249212,0.5725599703398446,2026-03-18T12:46:56.371000,94,,,
participant_26,4,day,Town10HD_Opt,2026-03-18 12:47:32.286755,85.58978271484375,69.97441101074219,0.0019017410231754,0.905,9.507,0.874,0.0,0,0,1,,1.0,2026-03-18T12:47:32.286755,neutral,1.0,2026-03-18T12:47:32.286755,0.556798314913907,2026-03-18T12:46:56.371000,94,,,
participant_26,4,day,Town10HD_Opt,2026-03-18 12:47:33.165636,86.89723205566406,70.20716857910156,0.0014053344493731,16.385,10.478,1.0,0.0,0,0,1,,1.0,2026-03-18T12:47:33.165636,neutral,1.0,2026-03-18T12:47:32.286755,0.5321175256889933,2026-03-18T12:46:56.371000,95,,,
participant_26,4,day,Town10HD_Opt,2026-03-18 12:47:34.361383,92.37348175048828,72.1802749633789,0.0015481949085369,35.763,13.355,0.941,0.0,0,0,1,,1.0,2026-03-18T12:47:34.361383,neutral,0.998,2026-03-18T12:47:34.361383,0.5970765236205176,2026-03-18T12:46:56.371000,95,,,
participant_26,4,day,Town10HD_Opt,2026-03-18 12:47:35.284743,97.56658172607422,77.01618957519531,0.0017073821509256,46.938,18.503,0.915,0.0,0,0,1,,1.0,2026-03-18T12:47:35.284743,neutral,0.998,2026-03-18T12:47:34.361383,0.5502700307181531,2026-03-18T12:46:56.371000,94,,,
participant_26,4,day,Town10HD_Opt,2026-03-18 12:47:36.182818,99.52678680419922,85.37451171875,0.0021231842692941,48.843,4.584,0.909,0.0,0,0,1,,1.0,2026-03-18T12:47:36.182818,neutral,0.998,2026-03-18T12:47:34.361383,0.5915217599424907,2026-03-18T12:46:56.371000,95,,,
participant_26,4,day,Town10HD_Opt,2026-03-18 12:47:37.107577,98.81839752197266,94.1551284790039,0.0021760177332907,48.651,-1.034,0.894,0.0,0,0,1,,1.0,2026-03-18T12:47:37.107577,neutral,1.0,2026-03-18T12:47:37.107577,0.584613521659311,2026-03-18T12:46:56.371000,94,,,
participant_26,4,day,Town10HD_Opt,2026-03-18 12:47:38.353897,97.17131805419922,105.58499145507812,0.0021327589638531,48.828,6.663,0.984,0.0,0,0,1,,1.0,2026-03-18T12:47:38.353897,neutral,1.0,2026-03-18T12:47:37.107577,0.4914839117688412,2026-03-18T12:46:56.371000,95,,,
participant_26,4,day,Town10HD_Opt,2026-03-18 12:47:39.252173,93.4603042602539,113.53990173339844,0.0022620009258389,47.444,4.291,1.0,0.0,0,0,1,,1.0,2026-03-18T12:47:39.252173,neutral,0.997,2026-03-18T12:47:39.252173,0.624075148376438,2026-03-18T12:46:56.371000,94,,,
participant_26,4,day,Town10HD_Opt,2026-03-18 12:47:40.203052,88.24812316894531,120.56871795654295,0.0021535491105169,48.795,6.462,0.981,0.0,0,0,1,,1.0,2026-03-18T12:47:40.203052,neutral,0.997,2026-03-18T12:47:39.252173,0.5674736382697968,2026-03-18T12:46:56.371000,96,Harsh braking,decel_mps2=4.9,
participant_26,4,day,Town10HD_Opt,2026-03-18 12:47:41.069015,81.49916076660156,126.1270751953125,0.002000655978918,51.233,7.368,0.0,0.123,0,0,1,,1.0,2026-03-18T12:47:41.069015,neutral,0.997,2026-03-18T12:47:39.252173,0.5107078293618061,2026-03-18T12:46:56.371000,94,,,
participant_26,4,day,Town10HD_Opt,2026-03-18 12:47:42.255555,70.70674133300781,130.50965881347656,0.0021881102584302,48.762,4.551,1.0,0.0,0,0,1,,1.0,2026-03-18T12:47:42.255555,neutral,0.897,2026-03-18T12:47:42.255555,0.580721392681752,2026-03-18T12:46:56.371000,95,,,
participant_26,4,day,Town10HD_Opt,2026-03-18 12:47:43.160028,62.0340461730957,131.8818359375,0.0021937561687082,48.573,4.459,1.0,0.0,0,0,1,,1.0,2026-03-18T12:47:43.160028,neutral,0.897,2026-03-18T12:47:42.255555,0.5582160970392163,2026-03-18T12:46:56.371000,95,,,
participant_26,4,day,Town10HD_Opt,2026-03-18 12:47:44.346103,50.39864730834961,132.06898498535156,0.002024192828685,50.618,-0.545,1.0,0.0,0,0,1,,1.0,2026-03-18T12:47:44.346103,neutral,0.999,2026-03-18T12:47:44.346103,0.4718746990503989,2026-03-18T12:46:56.371000,95,,,
participant_26,4,day,Town10HD_Opt,2026-03-18 12:47:45.263238,41.60719680786133,132.3148956298828,0.0020244598854333,50.679,0.409,1.0,0.0,0,0,1,,1.0,2026-03-18T12:47:45.263238,neutral,0.999,2026-03-18T12:47:44.346103,0.5409106837432064,2026-03-18T12:46:56.371000,96,,,
participant_26,4,day,Town10HD_Opt,2026-03-18 12:47:46.167646,32.80645751953125,132.43397521972656,0.0020262526813894,50.105,0.414,1.0,0.0,0,0,1,,1.0,2026-03-18T12:47:46.167646,neutral,0.999,2026-03-18T12:47:44.346103,0.5922453654450623,2026-03-18T12:46:56.371000,94,,,
participant_26,4,day,Town10HD_Opt,2026-03-18 12:47:47.345789,21.065629959106445,132.3981170654297,0.0019664764404296,50.382,0.052,0.537,0.0,0,0,1,,1.0,2026-03-18T12:47:47.345789,neutral,0.991,2026-03-18T12:47:47.345789,0.5861009501976905,2026-03-18T12:46:56.371000,95,,,
participant_26,4,day,Town10HD_Opt,2026-03-18 12:47:48.233443,12.812353134155272,132.33465576171875,0.0022724531590938,43.17,0.035,0.202,0.0,0,0,1,,1.0,2026-03-18T12:47:48.233443,neutral,0.991,2026-03-18T12:47:47.345789,0.6151589254052676,2026-03-18T12:46:56.371000,95,,,
participant_26,4,day,Town10HD_Opt,2026-03-18 12:47:49.214609,5.908196926116943,132.2705535888672,0.0023387526161968,34.465,0.035,0.0,0.0,0,0,1,,1.0,2026-03-18T12:47:49.214609,neutral,0.991,2026-03-18T12:47:47.345789,0.4719929836066538,2026-03-18T12:46:56.371000,95,,,
participant_26,4,day,Town10HD_Opt,2026-03-18 12:47:50.145111,0.521729052066803,132.21498107910156,0.0022959518246352,26.118,-0.127,0.0,0.0,0,0,1,,1.0,2026-03-18T12:47:50.145111,neutral,0.999,2026-03-18T12:47:50.145111,0.552266444457613,2026-03-18T12:46:56.371000,94,,,
participant_26,4,day,Town10HD_Opt,2026-03-18 12:47:51.202031,-3.587240219116211,132.18002319335938,0.0022537994664162,19.932,-0.148,0.0,0.0,0,0,1,,1.0,2026-03-18T12:47:51.202031,neutral,0.999,2026-03-18T12:47:50.145111,0.6112281675121558,2026-03-18T12:46:56.371000,95,,,
participant_26,4,day,Town10HD_Opt,2026-03-18 12:47:52.104651,-6.693109512329102,132.16294860839844,0.0020191192161291,15.184,-0.148,0.0,0.0,0,0,1,,1.0,2026-03-18T12:47:52.104651,neutral,0.999,2026-03-18T12:47:50.145111,0.5368161262918224,2026-03-18T12:46:56.371000,96,,,
participant_26,4,day,Town10HD_Opt,2026-03-18 12:47:53.280809,-9.763509750366213,132.15402221679688,0.0020112609490752,11.131,-0.148,0.211,0.0,0,0,1,,1.0,2026-03-18T12:47:53.280809,neutral,0.999,2026-03-18T12:47:53.280809,0.502637790814548,2026-03-18T12:46:56.371000,95,,,
participant_26,4,day,Town10HD_Opt,2026-03-18 12:47:54.209821,-11.837188720703123,132.15234375,0.0018350600730627,13.315,-0.148,0.336,0.0,0,0,1,,1.0,2026-03-18T12:47:54.209821,neutral,0.999,2026-03-18T12:47:53.280809,0.4688270168125357,2026-03-18T12:46:56.371000,95,,,
participant_26,4,day,Town10HD_Opt,2026-03-18 12:47:55.090489,-14.24028491973877,132.15463256835938,0.0019350051879882,13.87,-0.157,0.925,0.0,0,0,1,,1.0,2026-03-18T12:47:55.090489,neutral,0.999,2026-03-18T12:47:53.280809,0.5281468927003693,2026-03-18T12:46:56.371000,95,,,
participant_26,4,day,Town10HD_Opt,2026-03-18 12:47:56.341147,-19.24937629699707,132.17257690429688,0.0015208434779196,32.334,-0.045,0.999,0.0,0,0,1,,1.0,2026-03-18T12:47:56.341147,neutral,0.998,2026-03-18T12:47:56.341147,0.5630644977480237,2026-03-18T12:46:56.371000,95,,,
participant_26,4,day,Town10HD_Opt,2026-03-18 12:47:57.323081,-26.074317932128903,131.8970489501953,0.0015889739152044,46.551,9.114,0.946,0.0,0,0,1,,1.0,2026-03-18T12:47:57.323081,neutral,0.998,2026-03-18T12:47:56.341147,0.4377513047219095,2026-03-18T12:46:56.371000,95,,,
participant_26,4,day,Town10HD_Opt,2026-03-18 12:47:58.301082,-34.2855110168457,129.2187957763672,0.0021779250819236,47.918,12.263,0.934,0.0,0,0,1,,1.0,2026-03-18T12:47:58.301082,neutral,0.998,2026-03-18T12:47:56.341147,0.5450229495727084,2026-03-18T12:46:56.371000,94,,,
participant_26,4,day,Town10HD_Opt,2026-03-18 12:47:59.226400,-40.41938781738281,123.18502044677734,0.0021065901964902,48.832,15.226,0.927,0.0,0,0,1,,1.0,2026-03-18T12:47:59.226400,neutral,0.996,2026-03-18T12:47:59.226400,0.5151920201190088,2026-03-18T12:46:56.371000,96,,,
participant_26,4,day,Town10HD_Opt,2026-03-18 12:48:00.221920,-42.64129257202149,114.91600036621094,0.0019319152925163,50.946,4.893,0.0,0.0,0,0,1,,1.0,2026-03-18T12:48:00.221920,neutral,0.996,2026-03-18T12:47:59.226400,0.559186658549609,2026-03-18T12:46:56.371000,95,,,
participant_26,4,day,Town10HD_Opt,2026-03-18 12:48:01.193613,-42.49617004394531,106.26333618164062,0.0019896316807717,49.983,-2.546,0.528,0.0,0,0,1,,1.0,2026-03-18T12:48:01.193613,neutral,0.996,2026-03-18T12:47:59.226400,0.5475353548174708,2026-03-18T12:46:56.371000,94,,,
participant_26,4,day,Town10HD_Opt,2026-03-18 12:48:02.112354,-42.93846130371094,97.71207427978516,0.0023022459354251,44.575,-0.938,0.0,0.0,0,0,1,,1.0,2026-03-18T12:48:02.112354,neutral,0.998,2026-03-18T12:48:02.112354,0.6233779691590063,2026-03-18T12:48:01.945000,98,,,
participant_26,4,day,Town10HD_Opt,2026-03-18 12:48:03.088489,-43.58164596557617,90.7632827758789,0.0023274230770766,35.154,0.106,0.227,0.0,0,0,1,,1.0,2026-03-18T12:48:03.088489,neutral,0.998,2026-03-18T12:48:02.112354,0.5528056860019765,2026-03-18T12:48:02.979000,97,,,
participant_26,4,day,Town10HD_Opt,2026-03-18 12:48:04.321650,-43.86634826660156,82.93024444580078,0.0020009230356663,34.337,8.625,0.687,0.0,0,0,1,,1.0,2026-03-18T12:48:04.321650,neutral,0.99,2026-03-18T12:48:04.321650,0.5156353553572958,2026-03-18T12:48:03.969000,98,,,
participant_26,4,day,Town10HD_Opt,2026-03-18 12:48:05.284728,-42.31128692626953,76.57042694091797,0.0017763137584552,42.787,14.256,0.814,0.0,0,0,1,,1.0,2026-03-18T12:48:05.284728,neutral,0.99,2026-03-18T12:48:04.321650,0.6588415100224234,2026-03-18T12:48:05.009000,96,,,
participant_26,4,day,Town10HD_Opt,2026-03-18 12:48:06.306936,-37.34165573120117,70.54632568359375,0.0018877410329878,48.052,21.017,0.675,0.0,0,0,1,,1.0,2026-03-18T12:48:06.306936,neutral,0.99,2026-03-18T12:48:04.321650,0.5822088445575229,2026-03-18T12:48:05.994000,97,,,
participant_26,4,day,Town10HD_Opt,2026-03-18 12:48:07.342373,-29.38672065734864,68.94956970214844,0.0021106719505041,46.256,6.319,0.42,0.0,0,0,1,,1.0,2026-03-18T12:48:07.342373,neutral,0.989,2026-03-18T12:48:07.342373,0.5418134647552517,2026-03-18T12:48:06.984000,96,,,
participant_26,4,day,Town10HD_Opt,2026-03-18 12:48:08.314884,-21.54085350036621,70.1377944946289,0.0021474456880241,43.544,-4.841,0.261,0.0,0,0,1,,1.0,2026-03-18T12:48:08.314884,neutral,0.989,2026-03-18T12:48:07.342373,0.6479045274692805,2026-03-18T12:48:08.289000,95,,,errors=Solid line crossing
participant_26,4,day,Town10HD_Opt,2026-03-18 12:48:09.299603,-14.296746253967283,70.46414947509766,0.0021852874197065,38.809,-1.775,0.263,0.0,0,0,1,,1.0,2026-03-18T12:48:09.299603,neutral,0.989,2026-03-18T12:48:07.342373,0.6579895869072186,2026-03-18T12:48:09.099000,94,,,
participant_26,4,day,Town10HD_Opt,2026-03-18 12:48:10.289268,-7.751583099365234,70.337158203125,0.0021038055419921,36.52,-0.604,0.541,0.0,0,0,1,,1.0,2026-03-18T12:48:10.289268,neutral,1.0,2026-03-18T12:48:10.289268,0.593774364807754,2026-03-18T12:48:10,94,,,
participant_26,4,day,Town10HD_Opt,2026-03-18 12:48:11.213842,-1.188324213027954,70.01615142822266,0.0019756315741688,38.73,0.653,0.499,0.0,0,0,1,,1.0,2026-03-18T12:48:11.213842,neutral,1.0,2026-03-18T12:48:10.289268,0.5648591346356145,2026-03-18T12:48:11.079000,95,,,
participant_26,4,day,Town10HD_Opt,2026-03-18 12:48:12.179566,5.496570110321045,69.7731704711914,0.0022314072120934,35.089,0.04,0.0,0.0,0,0,1,,1.0,2026-03-18T12:48:12.179566,neutral,1.0,2026-03-18T12:48:10.289268,0.5557328200774916,2026-03-18T12:48:12.069000,93,,,
participant_26,4,day,Town10HD_Opt,2026-03-18 12:48:13.144370,10.978073120117188,69.5953598022461,0.0022961043287068,27.053,0.75,0.0,0.0,0,0,1,,1.0,2026-03-18T12:48:13.144370,neutral,0.998,2026-03-18T12:48:13.144370,0.556774349495684,2026-03-18T12:48:13.149000,92,,,
participant_26,4,day,Town10HD_Opt,2026-03-18 12:48:14.110177,15.16344165802002,69.53824615478516,0.0022607040591537,19.932,0.646,0.0,0.052,0,0,1,,1.0,2026-03-18T12:48:14.110177,neutral,0.998,2026-03-18T12:48:13.144370,0.6707093107343088,2026-03-18T12:48:14.049000,93,,,
participant_26,4,day,Town10HD_Opt,2026-03-18 12:48:15.074220,18.28743934631348,69.53801727294922,0.0020268631633371,14.995,0.646,0.0,0.072,0,0,1,,1.0,2026-03-18T12:48:15.074220,neutral,0.998,2026-03-18T12:48:13.144370,0.5877029400815337,2026-03-18T12:48:14.995000,93,,,
participant_26,4,day,Town10HD_Opt,2026-03-18 12:48:16.343512,21.260501861572266,69.57035827636719,0.0020327377133071,10.192,0.62,0.0,0.037,0,0,1,,1.0,2026-03-18T12:48:16.343512,neutral,0.979,2026-03-18T12:48:16.343512,0.5698521824747261,2026-03-18T12:48:16.029000,92,,,
participant_26,4,day,Town10HD_Opt,2026-03-18 12:48:17.348862,22.80422592163086,69.59928894042969,0.0020133589860051,7.259,0.618,0.0,0.044,0,0,1,,1.0,2026-03-18T12:48:17.348862,neutral,0.979,2026-03-18T12:48:16.343512,0.5913386678360965,2026-03-18T12:48:17.023000,93,,,
participant_26,4,day,Town10HD_Opt,2026-03-18 12:48:18.333993,23.812973022460938,69.62203979492188,0.0022953413426876,0.0,0.618,0.0,0.04,0,0,1,,1.0,2026-03-18T12:48:18.333993,neutral,0.979,2026-03-18T12:48:16.343512,0.553206326969633,2026-03-18T12:48:18.144000,94,,,
participant_26,4,day,Town10HD_Opt,2026-03-18 12:48:19.366951,23.818639755249023,69.62217712402344,0.0019294356461614,0.605,0.618,0.657,0.0,0,0,1,,1.0,2026-03-18T12:48:19.366951,neutral,0.998,2026-03-18T12:48:19.366951,0.6703115218121981,2026-03-18T12:48:19.181000,94,,,
participant_26,4,day,Town10HD_Opt,2026-03-18 12:48:20.272767,24.733428955078125,69.6476821899414,0.0015630340203642,11.236,0.618,0.632,0.0,0,0,1,,1.0,2026-03-18T12:48:20.272767,neutral,0.998,2026-03-18T12:48:19.366951,0.7105553376201886,2026-03-18T12:48:19.993000,94,,,
participant_26,4,day,Town10HD_Opt,2026-03-18 12:48:21.218574,27.186248779296875,69.71173095703125,0.0017878722865134,16.127,-2.41,0.373,0.0,0,0,1,,1.0,2026-03-18T12:48:21.218574,neutral,0.998,2026-03-18T12:48:19.366951,0.72301829541733,2026-03-18T12:48:20.980000,93,,,
participant_26,4,day,Town10HD_Opt,2026-03-18 12:48:22.174437,30.191869735717773,69.56603240966797,0.002067451365292,18.286,-7.813,0.355,0.0,0,0,1,,1.0,2026-03-18T12:48:22.174437,neutral,0.99,2026-03-18T12:48:22.174437,0.6933061387662138,2026-03-18T12:48:21.973000,93,,,
participant_26,4,day,Town10HD_Opt,2026-03-18 12:48:23.122075,33.3543815612793,68.9903564453125,0.0019603348337113,20.379,-8.942,0.986,0.0,0,0,1,,1.0,2026-03-18T12:48:23.122075,neutral,0.99,2026-03-18T12:48:22.174437,0.7989461537956235,2026-03-18T12:48:23.005000,94,,,
participant_26,4,day,Town10HD_Opt,2026-03-18 12:48:24.321090,39.64154815673828,66.03275299072266,0.0015821075066924,40.813,-16.637,0.99,0.0,0,0,1,,1.0,2026-03-18T12:48:24.321090,neutral,0.988,2026-03-18T12:48:24.321090,0.7695498520101882,2026-03-18T12:48:23.950000,92,,,
participant_26,4,day,Town10HD_Opt,2026-03-18 12:48:25.266138,44.44182205200195,59.57305908203125,0.0014985656598582,51.213,-12.468,0.0,0.126,0,0,1,,1.0,2026-03-18T12:48:25.266138,neutral,0.988,2026-03-18T12:48:24.321090,0.7977252024828351,2026-03-18T12:48:25.014000,92,,,errors=Vehicle-pedestrian collision
participant_26,4,day,Town10HD_Opt,2026-03-18 12:48:26.163385,45.89402389526367,51.49143600463867,0.0023434448521584,41.377,-4.879,0.0,0.222,0,0,1,,1.0,2026-03-18T12:48:26.163385,neutral,0.988,2026-03-18T12:48:24.321090,0.7582074906404673,2026-03-18T12:48:26.019000,91,,,
participant_26,4,day,Town10HD_Opt,2026-03-18 12:48:27.328998,45.27631759643555,43.40645599365234,0.0023227690253406,28.358,3.16,0.0,0.0,0,0,1,,1.0,2026-03-18T12:48:27.328998,neutral,1.0,2026-03-18T12:48:27.328998,0.7719014768754583,2026-03-18T12:48:27.055000,91,,,
participant_26,4,day,Town10HD_Opt,2026-03-18 12:48:28.207274,45.17548370361328,38.85730743408203,0.0021012497600167,25.082,5.652,0.453,0.0,0,0,1,,1.0,2026-03-18T12:48:28.207274,neutral,1.0,2026-03-18T12:48:27.328998,0.8891476045975351,2026-03-18T12:48:27.954000,92,,,
participant_26,4,day,Town10HD_Opt,2026-03-18 12:48:29.130517,45.9063720703125,34.4398078918457,0.0020470046438276,26.11,19.712,0.415,0.0,0,0,1,,1.0,2026-03-18T12:48:29.130517,neutral,1.0,2026-03-18T12:48:27.328998,0.6579879476327251,2026-03-18T12:48:29.034000,91,,,
participant_26,4,day,Town10HD_Opt,2026-03-18 12:48:30.073227,48.42112350463867,30.663291931152344,0.0020793532021343,26.651,22.686,0.519,0.0,0,0,1,,1.0,2026-03-18T12:48:30.073227,neutral,0.989,2026-03-18T12:48:30.073227,0.7126724453762127,2026-03-18T12:48:29.979000,91,,,
participant_26,4,day,Town10HD_Opt,2026-03-18 12:48:31.294516,54.30816268920898,27.58519554138184,0.0019444655627012,31.242,6.419,0.51,0.0,0,0,1,,1.0,2026-03-18T12:48:31.294516,neutral,0.989,2026-03-18T12:48:30.073227,0.6441157499678126,2026-03-18T12:48:31.014000,91,,,
participant_26,4,day,Town10HD_Opt,2026-03-18 12:48:32.173312,59.76647186279297,26.18627166748047,0.0019843291956931,33.484,6.884,0.681,0.0,0,0,1,,1.0,2026-03-18T12:48:32.173312,neutral,0.987,2026-03-18T12:48:32.173312,0.5749257462339383,2026-03-18T12:48:31.959000,93,,,
participant_26,4,day,Town10HD_Opt,2026-03-18 12:48:33.086459,66.45782470703125,25.662960052490234,0.0016012954292818,45.943,3.648,0.967,0.0,0,0,1,,1.0,2026-03-18T12:48:33.086459,neutral,0.987,2026-03-18T12:48:32.173312,0.660459993893052,2026-03-18T12:48:32.949000,91,,,
participant_26,4,day,Town10HD_Opt,2026-03-18 12:48:34.240081,78.00995635986328,26.05387306213379,0.002093200571835,49.284,-0.357,0.796,0.0,0,0,1,,1.0,2026-03-18T12:48:34.240081,neutral,0.998,2026-03-18T12:48:34.240081,0.6011345726221796,2026-03-18T12:48:33.982000,93,,,
participant_26,4,day,Town10HD_Opt,2026-03-18 12:48:35.122647,86.76494598388672,26.33601951599121,0.0040339659899473,48.512,-4.393,0.509,0.0,0,0,1,,1.0,2026-03-18T12:48:35.122647,neutral,0.998,2026-03-18T12:48:34.240081,0.6979025025559006,2026-03-18T12:48:35.110000,94,,,
participant_26,4,day,Town10HD_Opt,2026-03-18 12:48:36.291215,97.42963409423828,23.89350700378418,0.0021292113233357,46.021,-16.381,0.465,0.0,0,0,1,,1.0,2026-03-18T12:48:36.291215,neutral,1.0,2026-03-18T12:48:36.291215,0.7849954131350192,2026-03-18T12:48:35.964000,95,,,
participant_26,4,day,Town10HD_Opt,2026-03-18 12:48:37.219549,102.69915008544922,18.09329605102539,0.0021546555217355,44.344,-6.18,0.321,0.0,0,0,1,,1.0,2026-03-18T12:48:37.219549,neutral,1.0,2026-03-18T12:48:36.291215,0.857809533912076,2026-03-18T12:48:36.956000,96,,,
participant_26,4,day,Town10HD_Opt,2026-03-18 12:48:38.074398,105.87483215332033,11.3076171875,0.0020714187994599,41.037,-4.171,0.322,0.0,0,0,1,,1.0,2026-03-18T12:48:38.074398,neutral,1.0,2026-03-18T12:48:36.291215,0.8029802903303527,2026-03-18T12:48:38.125000,96,,,
participant_26,4,day,Town10HD_Opt,2026-03-18 12:48:39.280006,108.43348693847656,2.515019416809082,0.0021270369179546,37.465,-3.412,0.329,0.0,0,0,1,,1.0,2026-03-18T12:48:39.280006,neutral,0.964,2026-03-18T12:48:39.280006,0.9153282725391488,2026-03-18T12:48:38.979000,95,,,
participant_26,4,day,Town10HD_Opt,2026-03-18 12:48:40.153468,109.38117218017578,-3.866060495376587,0.0019956587348133,37.505,-3.664,0.761,0.0,0,0,1,,0.828,2026-03-18T12:48:40.153468,neutral,0.964,2026-03-18T12:48:39.280006,0.99,2026-03-18T12:48:40.374000,94,,,
participant_26,4,day,Town10HD_Opt,2026-03-18 12:48:41.260075,109.48348999023438,-13.81802749633789,0.0017116927774623,51.068,-1.814,0.0,0.107,0,0,1,,1.0,2026-03-18T12:48:41.260075,neutral,0.964,2026-03-18T12:48:39.280006,0.9657812566741908,2026-03-18T12:48:41.319000,93,,,
participant_26,4,day,Town10HD_Opt,2026-03-18 12:48:42.134771,108.63858032226562,-22.645097732543945,0.0021734619513154,49.107,-1.659,0.99,0.0,0,0,1,,1.0,2026-03-18T12:48:42.134771,neutral,0.998,2026-03-18T12:48:42.134771,0.99,2026-03-18T12:48:41.957000,93,,,
participant_26,4,day,Town10HD_Opt,2026-03-18 12:48:43.259781,106.1808090209961,-33.945220947265625,0.0019665146246552,50.427,-4.615,0.882,0.0,0,0,1,,1.0,2026-03-18T12:48:43.259781,neutral,0.998,2026-03-18T12:48:42.134771,0.9845031827258472,2026-03-18T12:48:42.985000,93,,,
participant_26,4,day,Town10HD_Opt,2026-03-18 12:48:44.103235,102.67327117919922,-42.06317901611328,0.0021558380685746,49.078,-3.328,0.791,0.0,0,0,1,,1.0,2026-03-18T12:48:44.103235,neutral,0.998,2026-03-18T12:48:42.134771,0.99,2026-03-18T12:48:43.975000,95,,,
participant_26,4,day,Town10HD_Opt,2026-03-18 12:48:45.247742,96.20502471923828,-51.6884651184082,0.0019869613461196,50.504,-6.26,0.758,0.0,0,0,1,,1.0,2026-03-18T12:48:45.247742,neutral,0.983,2026-03-18T12:48:45.247742,0.99,2026-03-18T12:48:45.009000,94,,,
participant_26,4,day,Town10HD_Opt,2026-03-18 12:48:46.121192,89.70213317871094,-57.32406997680664,0.0020846556872129,48.445,-5.879,0.591,0.0,0,0,1,,1.0,2026-03-18T12:48:46.121192,neutral,0.983,2026-03-18T12:48:45.247742,0.99,2026-03-18T12:48:45.955000,93,,,
participant_26,4,day,Town10HD_Opt,2026-03-18 12:48:47.316710,79.353759765625,-62.344970703125,0.002021636813879,50.052,-4.261,0.51,0.0,0,0,1,,1.0,2026-03-18T12:48:47.316710,neutral,0.68,2026-03-18T12:48:47.316710,0.9751550691679962,2026-03-18T12:48:46.946000,94,,,
participant_26,4,day,Town10HD_Opt,2026-03-18 12:48:48.205457,70.8547592163086,-64.43563842773438,0.0020460509695112,50.045,-4.317,0.497,0.0,0,0,1,,1.0,2026-03-18T12:48:48.205457,neutral,0.68,2026-03-18T12:48:47.316710,0.9478280971948208,2026-03-18T12:48:47.980000,94,,,
participant_26,4,day,Town10HD_Opt,2026-03-18 12:48:49.091166,62.14619445800781,-65.10042572021484,0.0020481871906667,49.863,-0.696,0.492,0.0,0,0,1,,1.0,2026-03-18T12:48:49.091166,neutral,0.68,2026-03-18T12:48:47.316710,0.9810217900570768,2026-03-18T12:48:49.060000,93,,,
participant_26,4,day,Town10HD_Opt,2026-03-18 12:48:50.328918,50.54356002807617,-65.33110046386719,0.0020500181708484,49.56,-0.108,0.486,0.0,0,0,1,,1.0,2026-03-18T12:48:50.328918,neutral,0.982,2026-03-18T12:48:50.328918,0.9152337278330148,2026-03-18T12:48:50.095000,93,,,
participant_26,4,day,Town10HD_Opt,2026-03-18 12:48:51.245225,41.89413070678711,-65.54497528076172,0.0020505141001194,49.296,-0.2,0.485,0.0,0,0,1,,1.0,2026-03-18T12:48:51.245225,neutral,0.982,2026-03-18T12:48:50.328918,0.9524000760246928,2026-03-18T12:48:50.995000,93,,,
participant_26,4,day,Town10HD_Opt,2026-03-18 12:48:52.178224,33.28886032104492,-65.69174194335938,0.0020502090919762,49.042,-0.209,0.484,0.0,0,0,1,,1.0,2026-03-18T12:48:52.178224,neutral,0.982,2026-03-18T12:48:50.328918,0.9312610673617834,2026-03-18T12:48:52.030000,93,,,
participant_26,4,day,Town10HD_Opt,2026-03-18 12:48:53.097171,24.76774787902832,-65.76266479492188,0.0020824430976063,48.012,-0.28,0.433,0.0,0,0,1,,1.0,2026-03-18T12:48:53.097171,neutral,0.984,2026-03-18T12:48:53.097171,0.8983526004163852,2026-03-18T12:48:52.975000,92,,,
participant_26,4,day,Town10HD_Opt,2026-03-18 12:48:54.271849,14.494877815246582,-65.7260971069336,0.002362098544836,37.262,-0.275,0.0,0.0,0,0,1,,1.0,2026-03-18T12:48:54.271849,neutral,0.984,2026-03-18T12:48:53.097171,0.8994367125320769,2026-03-18T12:48:54.189000,94,,,
participant_26,4,day,Town10HD_Opt,2026-03-18 12:48:55.122964,8.673579216003418,-65.64204406738281,0.002309989882633,28.786,-0.068,0.0,0.0,0,0,1,,1.0,2026-03-18T12:48:55.122964,neutral,0.957,2026-03-18T12:48:55.122964,0.943855657295203,2026-03-18T12:48:55.135000,92,,,
participant_26,4,day,Town10HD_Opt,2026-03-18 12:48:56.348542,2.9709115028381348,-65.55498504638672,0.0022455595899373,19.936,0.233,0.099,0.0,0,0,1,,1.0,2026-03-18T12:48:56.348542,neutral,0.957,2026-03-18T12:48:55.122964,0.8776277477653622,2026-03-18T12:48:56.035000,92,,,
participant_26,4,day,Town10HD_Opt,2026-03-18 12:48:57.252875,-0.2686531841754913,-65.52167510986328,0.0018666075775399,17.627,0.242,0.161,0.0,0,0,1,,1.0,2026-03-18T12:48:57.252875,neutral,0.995,2026-03-18T12:48:57.252875,0.8702452655463855,2026-03-18T12:48:56.988000,93,,,
participant_26,4,day,Town10HD_Opt,2026-03-18 12:48:58.191965,-3.281399726867676,-65.50485229492188,0.0019070815760642,17.538,0.24,0.36,0.0,0,0,1,,1.0,2026-03-18T12:48:58.191965,neutral,0.995,2026-03-18T12:48:57.252875,0.89364599882095,2026-03-18T12:48:57.969000,90,,,
participant_26,4,day,Town10HD_Opt,2026-03-18 12:48:59.074264,-6.429905891418457,-65.49793243408203,0.0020627593621611,18.076,0.155,0.33,0.0,0,0,1,,1.0,2026-03-18T12:48:59.074264,neutral,0.995,2026-03-18T12:48:57.252875,0.8500427240324352,2026-03-18T12:48:58.960000,91,,,
participant_26,4,day,Town10HD_Opt,2026-03-18 12:49:00.282312,-10.672691345214844,-65.49989318847656,0.002023200970143,18.083,0.063,0.109,0.0,0,0,1,,1.0,2026-03-18T12:49:00.282312,neutral,0.991,2026-03-18T12:49:00.282312,0.838904225840205,2026-03-18T12:48:59.995000,91,,,
participant_26,4,day,Town10HD_Opt,2026-03-18 12:49:01.130580,-13.668773651123049,-65.50391387939453,0.0020169448107481,15.092,-0.016,0.0,0.0,0,0,1,,1.0,2026-03-18T12:49:01.130580,neutral,0.991,2026-03-18T12:49:00.282312,0.7903405247332655,2026-03-18T12:49:01.120000,91,,,
participant_26,4,day,Town10HD_Opt,2026-03-18 12:49:02.313106,-16.672637939453125,-65.50801849365234,0.0020219420548528,10.549,0.002,0.0,0.018,0,0,1,,1.0,2026-03-18T12:49:02.313106,neutral,0.999,2026-03-18T12:49:02.313106,0.7514162255610826,2026-03-18T12:49:02.335000,91,,,
participant_26,4,day,Town10HD_Opt,2026-03-18 12:49:03.188492,-18.26116752624512,-65.51024627685547,0.0020143126603215,7.46,0.002,0.0,0.053,0,0,1,,1.0,2026-03-18T12:49:03.188492,neutral,0.999,2026-03-18T12:49:02.313106,0.8230803658750389,2026-03-18T12:49:02.967000,92,,,
participant_26,4,day,Town10HD_Opt,2026-03-18 12:49:04.308207,-19.503204345703125,-65.51204681396484,0.0023023223038762,0.229,0.002,0.0,0.0,0,0,1,,1.0,2026-03-18T12:49:04.308207,neutral,0.999,2026-03-18T12:49:02.313106,0.7302390114690311,2026-03-18T12:49:03.955000,92,,,
participant_26,4,day,Town10HD_Opt,2026-03-18 12:49:05.151365,-19.54104995727539,-65.51204681396484,0.001928215031512,0.254,0.002,0.0,0.0,0,0,1,,1.0,2026-03-18T12:49:05.151365,neutral,0.993,2026-03-18T12:49:05.151365,0.7109852480454615,2026-03-18T12:49:05.125000,93,,,
participant_26,4,day,Town10HD_Opt,2026-03-18 12:49:06.327802,-19.59105491638184,-65.51204681396484,0.0019207381410524,0.177,0.002,0.0,0.0,0,0,1,,1.0,2026-03-18T12:49:06.327802,neutral,0.993,2026-03-18T12:49:05.151365,0.7090573077783224,2026-03-18T12:49:06.026000,92,,,
participant_26,4,day,Town10HD_Opt,2026-03-18 12:49:07.164389,-20.02985191345215,-65.51268768310547,0.0014955138321965,9.554,0.002,1.0,0.0,0,0,1,,1.0,2026-03-18T12:49:07.164389,neutral,0.988,2026-03-18T12:49:07.164389,0.8367383572139776,2026-03-18T12:49:07.015000,92,,,
participant_26,4,day,Town10HD_Opt,2026-03-18 12:49:08.286255,-24.41453742980957,-65.55168914794922,0.0015613173600286,29.503,0.693,1.0,0.0,0,0,1,,1.0,2026-03-18T12:49:08.286255,neutral,0.988,2026-03-18T12:49:07.164389,0.8573645812002532,2026-03-18T12:49:08.006000,90,,,
participant_26,4,day,Town10HD_Opt,2026-03-18 12:49:09.139852,-30.851730346679688,-65.7247314453125,0.0015395736554637,45.125,0.526,1.0,0.0,0,0,1,,1.0,2026-03-18T12:49:09.139852,neutral,0.988,2026-03-18T12:49:07.164389,0.8857402877252574,2026-03-18T12:49:09.265000,90,,,
participant_26,4,day,Town10HD_Opt,2026-03-18 12:49:10.329858,-42.40032196044922,-66.26886749267578,0.0021879577543586,48.879,0.08,0.994,0.0,0,0,1,,1.0,2026-03-18T12:49:10.329858,neutral,0.988,2026-03-18T12:49:10.329858,0.912511404298486,2026-03-18T12:49:10.120000,91,,,
participant_26,4,day,Town10HD_Opt,2026-03-18 12:49:11.199775,-51.26269912719727,-66.76248168945312,0.0020346832461655,48.591,-0.221,0.986,0.0,0,0,1,,1.0,2026-03-18T12:49:11.199775,neutral,0.988,2026-03-18T12:49:10.329858,0.8808690848439654,2026-03-18T12:49:11.200000,90,,,
participant_26,4,day,Town10HD_Opt,2026-03-18 12:49:12.261809,-62.92571258544922,-67.29655456542969,0.002147254999727,48.737,-1.144,0.973,0.0,0,0,1,,1.0,2026-03-18T12:49:12.261809,neutral,0.988,2026-03-18T12:49:10.329858,0.9679992764001089,2026-03-18T12:49:12.010000,91,,,
participant_26,4,day,Town10HD_Opt,2026-03-18 12:49:13.101843,-71.69696044921875,-67.11225128173828,0.0022243116982281,48.011,-6.014,0.96,0.0,0,0,1,,1.0,2026-03-18T12:49:13.101843,neutral,0.981,2026-03-18T12:49:13.101843,0.9831612370870888,2026-03-18T12:49:13.001000,92,,,
participant_26,4,day,Town10HD_Opt,2026-03-18 12:49:14.230967,-82.97091674804688,-64.18118286132812,0.0021557998843491,49.135,-3.207,0.979,0.0,0,0,1,,1.0,2026-03-18T12:49:14.230967,neutral,0.981,2026-03-18T12:49:13.101843,0.99,2026-03-18T12:49:14.124000,91,,,
participant_26,4,day,Town10HD_Opt,2026-03-18 12:49:15.086908,-90.92937469482422,-60.241458892822266,0.0022374724503606,48.436,-4.534,0.975,0.0,0,0,1,,1.0,2026-03-18T12:49:15.086908,neutral,0.981,2026-03-18T12:49:13.101843,0.99,2026-03-18T12:49:15.025000,91,,,
participant_26,4,day,Town10HD_Opt,2026-03-18 12:49:16.260325,-99.72068786621094,-52.73151397705078,0.0020535278599709,50.047,-6.417,0.954,0.0,0,0,1,,1.0,2026-03-18T12:49:16.260325,neutral,0.73,2026-03-18T12:49:16.260325,0.99,2026-03-18T12:49:16.060000,92,,,
participant_26,4,day,Town10HD_Opt,2026-03-18 12:49:17.148611,-104.41162109375,-45.35624313354492,0.0020930098835378,49.116,-3.886,0.939,0.0,0,0,1,,1.0,2026-03-18T12:49:17.148611,neutral,0.73,2026-03-18T12:49:16.260325,0.9099012345077744,2026-03-18T12:49:16.959000,92,,,
participant_26,4,day,Town10HD_Opt,2026-03-18 12:49:18.313743,-108.58953094482422,-34.480037689208984,0.0018844222649931,51.649,-4.07,0.0,0.148,0,0,1,,1.0,2026-03-18T12:49:18.313743,neutral,0.736,2026-03-18T12:49:18.313743,0.9783200520034894,2026-03-18T12:49:18.042000,93,,,
participant_26,4,day,Town10HD_Opt,2026-03-18 12:49:19.267079,-110.11576080322266,-25.83438491821289,0.0019031906267628,51.468,-3.459,0.0,0.147,0,0,1,,1.0,2026-03-18T12:49:19.267079,neutral,0.736,2026-03-18T12:49:18.313743,0.99,2026-03-18T12:49:19.120000,93,,,
participant_26,4,day,Town10HD_Opt,2026-03-18 12:49:20.206655,-110.4317626953125,-17.06549072265625,0.0018895721295848,51.801,-0.141,0.0,0.18,0,0,1,,1.0,2026-03-18T12:49:20.206655,neutral,0.736,2026-03-18T12:49:18.313743,0.9427145437648464,2026-03-18T12:49:19.975000,92,,,
participant_26,4,day,Town10HD_Opt,2026-03-18 12:49:21.127948,-110.49827575683594,-8.296730995178223,0.0019414901034906,50.77,0.761,0.0,0.103,0,0,1,,1.0,2026-03-18T12:49:21.127948,neutral,0.941,2026-03-18T12:49:21.127948,0.8845546435536311,2026-03-18T12:49:20.965000,92,,,
participant_26,4,day,Town10HD_Opt,2026-03-18 12:49:22.356335,-110.80023956298828,2.809173822402954,0.0022198485676199,43.781,-2.118,0.083,0.0,0,0,1,,1.0,2026-03-18T12:49:22.356335,neutral,0.941,2026-03-18T12:49:21.127948,0.9602168861538536,2026-03-18T12:49:22,93,,,
participant_26,4,day,Town10HD_Opt,2026-03-18 12:49:23.332995,-110.5102310180664,9.729766845703123,0.0023487852886319,34.426,-5.773,0.0,0.0,0,0,1,,1.0,2026-03-18T12:49:23.332995,neutral,0.996,2026-03-18T12:49:23.332995,0.9144300651969826,2026-03-18T12:49:23.170000,90,,,
participant_26,4,day,Town10HD_Opt,2026-03-18 12:49:24.233854,-109.3998794555664,14.968233108520508,0.002310981741175,26.718,-9.861,0.0,0.0,0,0,1,,1.0,2026-03-18T12:49:24.233854,neutral,0.996,2026-03-18T12:49:23.332995,0.933580879080078,2026-03-18T12:49:23.983000,91,,,
participant_26,4,day,Town10HD_Opt,2026-03-18 12:49:25.116954,-107.67105102539062,18.6297607421875,0.0022671127226203,19.659,-11.318,0.0,0.0,0,0,1,,1.0,2026-03-18T12:49:25.116954,neutral,0.996,2026-03-18T12:49:23.332995,0.9171910817896056,2026-03-18T12:49:25.060000,91,,,
participant_26,4,day,Town10HD_Opt,2026-03-18 12:49:26.132761,-105.79155731201172,21.159103393554688,0.0019943618681281,18.911,-6.35,0.822,0.0,0,0,1,,1.0,2026-03-18T12:49:26.132761,neutral,0.78,2026-03-18T12:49:26.132761,0.9391892158127771,2026-03-18T12:49:26.050000,89,,,
participant_26,4,day,Town10HD_Opt,2026-03-18 12:49:27.104393,-103.20694732666016,23.95134162902832,0.0018148040398955,25.631,-6.509,0.355,0.0,0,0,1,,1.0,2026-03-18T12:49:27.104393,neutral,0.78,2026-03-18T12:49:26.132761,0.9668903370545604,2026-03-18T12:49:27.041000,91,,,
participant_26,4,day,Town10HD_Opt,2026-03-18 12:49:28.376998,-98.58800506591795,27.1010971069336,0.002261581365019,20.228,-18.274,0.0,0.048,0,0,1,,1.0,2026-03-18T12:49:28.376998,neutral,0.95,2026-03-18T12:49:28.376998,0.9309807537543816,2026-03-18T12:49:27.986000,92,,,
participant_26,4,day,Town10HD_Opt,2026-03-18 12:49:29.088101,-96.68315887451172,27.67273330688477,0.0023987197782844,8.671,-12.92,0.0,0.12,0,0,1,,1.0,2026-03-18T12:49:29.088101,neutral,0.95,2026-03-18T12:49:28.376998,0.9273829060066556,2026-03-18T12:49:28.975000,90,,,
participant_26,4,day,Town10HD_Opt,2026-03-18 12:49:30.099532,-96.39871978759766,27.73311996459961,0.0020159911364316,0.024,-6.609,0.0,0.0,0,0,1,,1.0,2026-03-18T12:49:30.099532,neutral,0.95,2026-03-18T12:49:28.376998,0.9243019527234524,2026-03-18T12:49:30.055000,94,,,
participant_26,4,day,Town10HD_Opt,2026-03-18 12:49:31.346032,-96.39815521240234,27.73320960998535,0.001918182359077,0.138,-9.842,0.136,0.0,0,0,1,,1.0,2026-03-18T12:49:31.346032,neutral,0.957,2026-03-18T12:49:31.346032,0.985821936647332,2026-03-18T12:49:31.045000,93,Solid line crossing,Solid line crossing,
participant_26,4,day,Town10HD_Opt,2026-03-18 12:49:32.321370,-96.33077239990234,27.7409896850586,0.0018422699067741,1.752,-11.827,0.293,0.0,0,0,1,,1.0,2026-03-18T12:49:32.321370,neutral,0.957,2026-03-18T12:49:31.346032,0.9469296233125588,2026-03-18T12:49:31.993000,93,,,
participant_26,4,day,Town10HD_Opt,2026-03-18 12:49:33.293559,-95.8106918334961,27.78276824951172,0.0018621062627062,3.992,-14.692,0.178,0.0,0,0,1,,1.0,2026-03-18T12:49:33.293559,neutral,0.957,2026-03-18T12:49:31.346032,0.9173846611051624,2026-03-18T12:49:33.026000,94,,,
participant_26,4,day,Town10HD_Opt,2026-03-18 12:49:34.225588,-95.0433578491211,27.804298400878903,0.0019198226509615,4.377,-10.571,0.0,0.0,0,0,1,,1.0,2026-03-18T12:49:34.225588,neutral,0.953,2026-03-18T12:49:34.225588,0.883994043017755,2026-03-18T12:49:33.970000,94,,,
participant_26,4,day,Town10HD_Opt,2026-03-18 12:49:35.173801,-94.361083984375,27.83086585998535,0.00194980611559,3.375,-1.657,0.0,0.0,0,0,1,,1.0,2026-03-18T12:49:35.173801,neutral,0.953,2026-03-18T12:49:34.225588,0.9233625604819294,2026-03-18T12:49:34.960000,94,,,
participant_26,4,day,Town10HD_Opt,2026-03-18 12:49:36.130243,-93.83670806884766,27.8572940826416,0.0019438933813944,2.59,-4.162,0.0,0.0,0,0,1,,1.0,2026-03-18T12:49:36.130243,neutral,0.953,2026-03-18T12:49:34.225588,0.958765844623674,2026-03-18T12:49:35.995000,93,,,
participant_26,4,day,Town10HD_Opt,2026-03-18 12:49:37.352559,-93.32176208496094,27.873544692993164,0.0019364166073501,1.821,-4.001,0.0,0.0,0,0,1,,1.0,2026-03-18T12:49:37.352559,neutral,1.0,2026-03-18T12:49:37.352559,0.925779568149808,2026-03-18T12:49:37.075000,93,,,
participant_26,4,day,Town10HD_Opt,2026-03-18 12:49:38.318115,-93.03865814208984,27.88001251220703,0.0019324492895975,1.398,-4.011,0.0,0.0,0,0,1,,1.0,2026-03-18T12:49:38.318115,neutral,1.0,2026-03-18T12:49:37.352559,0.9278402275767352,2026-03-18T12:49:38.156000,94,,,
participant_26,4,day,Town10HD_Opt,2026-03-18 12:49:39.352159,-92.8213882446289,27.883695602416992,0.0019293593941256,1.073,-3.943,0.0,0.0,0,0,1,,1.0,2026-03-18T12:49:39.352159,neutral,1.0,2026-03-18T12:49:37.352559,0.9232200345432624,2026-03-18T12:49:39.011000,95,,,
participant_26,4,day,Town10HD_Opt,2026-03-18 12:49:40.326178,-92.65528869628906,27.8867301940918,0.0019308852497488,0.717,-2.642,0.103,0.0,0,0,1,,1.0,2026-03-18T12:49:40.326178,neutral,0.994,2026-03-18T12:49:40.326178,0.9644239328350684,2026-03-18T12:49:40.092000,95,,,
participant_26,4,day,Town10HD_Opt,2026-03-18 12:49:41.338683,-92.1551742553711,27.89859962463379,0.0015985870268195,8.345,-0.98,0.856,0.0,0,0,1,,1.0,2026-03-18T12:49:41.338683,neutral,0.994,2026-03-18T12:49:40.326178,0.901083100840564,2026-03-18T12:49:40.990000,95,,,
participant_26,4,day,Town10HD_Opt,2026-03-18 12:49:42.357100,-89.66814422607422,27.95488739013672,0.0018820952391251,18.368,-1.008,0.412,0.0,0,0,1,,1.0,2026-03-18T12:49:42.357100,neutral,0.962,2026-03-18T12:49:42.357100,0.9176999393672232,2026-03-18T12:49:42.120000,95,,,
participant_26,4,day,Town10HD_Opt,2026-03-18 12:49:43.304637,-86.47209930419922,27.97361183166504,0.0018561935285106,17.469,-1.295,0.0,0.0,0,0,1,,1.0,2026-03-18T12:49:43.304637,neutral,0.962,2026-03-18T12:49:42.357100,0.935145090777538,2026-03-18T12:49:43.106000,94,,,
participant_26,4,day,Town10HD_Opt,2026-03-18 12:49:44.236510,-83.737548828125,27.9432315826416,0.0020410155411809,13.488,0.188,0.0,0.0,0,0,1,,1.0,2026-03-18T12:49:44.236510,neutral,0.962,2026-03-18T12:49:42.357100,0.8440912772021159,2026-03-18T12:49:44.275000,95,,,
participant_26,4,day,Town10HD_Opt,2026-03-18 12:49:45.229347,-81.63555908203125,27.93996238708496,0.0020180509891361,10.362,1.034,0.0,0.0,0,0,1,,1.0,2026-03-18T12:49:45.229347,neutral,0.998,2026-03-18T12:49:45.229347,0.9500945981370176,2026-03-18T12:49:45.039000,95,,,
participant_26,4,day,Town10HD_Opt,2026-03-18 12:49:46.188158,-80.02142333984375,27.95696258544922,0.0019953155424445,7.956,1.022,0.0,0.0,0,0,1,,1.0,2026-03-18T12:49:46.188158,neutral,0.998,2026-03-18T12:49:45.229347,0.9487425038740016,2026-03-18T12:49:46.120000,94,,,
participant_26,4,day,Town10HD_Opt,2026-03-18 12:49:47.158013,-78.7822494506836,27.97962188720703,0.0019776534754782,6.108,0.888,0.0,0.0,0,0,1,,1.0,2026-03-18T12:49:47.158013,neutral,0.998,2026-03-18T12:49:45.229347,0.9370411564934108,2026-03-18T12:49:47.200000,94,,,
participant_26,4,day,Town10HD_Opt,2026-03-18 12:49:48.078781,-78.16515350341797,27.99277305603028,0.0021456908434629,0.0,0.893,0.0,0.016,0,0,1,,1.0,2026-03-18T12:49:48.078781,neutral,0.996,2026-03-18T12:49:48.078781,0.926101435641826,2026-03-18T12:49:48.416000,95,,,
participant_26,4,day,Town10HD_Opt,2026-03-18 12:49:49.314144,-78.16398620605469,27.99280548095703,0.001922111492604,0.004,0.898,0.0,0.0,0,0,1,,1.0,2026-03-18T12:49:49.314144,neutral,0.996,2026-03-18T12:49:48.078781,0.9153020221778608,2026-03-18T12:49:49,95,,,
participant_26,4,day,Town10HD_Opt,2026-03-18 12:49:50.305500,-78.16368103027344,27.992807388305664,0.001919288537465,0.001,0.592,0.0,0.0,0,0,1,,1.0,2026-03-18T12:49:50.305500,neutral,0.998,2026-03-18T12:49:50.305500,0.9237342040403964,2026-03-18T12:49:50.007000,93,,,
participant_26,4,day,Town10HD_Opt,2026-03-18 12:49:51.216009,-78.16364288330078,27.992807388305664,0.0019188689766451,0.006,0.583,0.0,0.0,0,0,1,,1.0,2026-03-18T12:49:51.216009,neutral,0.998,2026-03-18T12:49:50.305500,0.8882604511980585,2026-03-18T12:49:50.981000,93,,,
participant_26,4,day,Town10HD_Opt,2026-03-18 12:49:52.101663,-78.16368103027344,27.992807388305664,0.001918678288348,0.006,0.583,0.0,0.0,0,0,1,,1.0,2026-03-18T12:49:52.101663,neutral,0.998,2026-03-18T12:49:50.305500,0.9371022226249532,2026-03-18T12:49:52.016000,95,,,
participant_26,4,day,Town10HD_Opt,2026-03-18 12:49:53.065890,-78.16358947753906,27.992807388305664,0.0019189834129065,0.002,0.583,0.0,0.0,0,0,1,,1.0,2026-03-18T12:49:53.065890,neutral,0.995,2026-03-18T12:49:53.065890,0.9113535230173306,2026-03-18T12:49:52.961000,94,,,
participant_27,1,day,Town10HD_Opt,2026-03-18 15:00:00.000000,-41.70108413696289,85.50296783447266,0.001855659415014,23.041,1.243,0.445,0.0,0,0,1,,1.0,2026-03-18T15:00:00,neutral,0.999,2026-03-18T15:00:00,0.02,2026-03-18T15:00:00,89,,,
participant_27,1,day,Town10HD_Opt,2026-03-18 15:00:00.574258,-41.70036697387695,84.14013671875,0.0019131087465211,23.939,1.424,0.853,0.0,0,0,1,,1.0,2026-03-18T15:00:00.574258,neutral,0.999,2026-03-18T15:00:00,0.034423856101149,2026-03-18T15:00:00,88,,,
participant_27,1,day,Town10HD_Opt,2026-03-18 15:00:01.700427,-41.60715103149414,80.9823989868164,0.0017012023599818,30.852,5.749,0.836,0.0,0,0,1,,1.0,2026-03-18T15:00:01.700427,neutral,0.999,2026-03-18T15:00:00,0.02,2026-03-18T15:00:00.986000,87,,,
participant_27,1,day,Town10HD_Opt,2026-03-18 15:00:02.784631,-40.87826919555664,77.03101348876953,0.0017512129852548,37.509,18.197,0.723,0.0,0,0,1,,1.0,2026-03-18T15:00:02.784631,neutral,0.925,2026-03-18T15:00:02.784631,0.02,2026-03-18T15:00:01.976000,88,,,
participant_27,1,day,Town10HD_Opt,2026-03-18 15:00:03.813551,-38.60906219482422,73.04936218261719,0.0018877792172133,41.335,20.32,0.697,0.0,0,0,1,,1.0,2026-03-18T15:00:03.813551,neutral,0.925,2026-03-18T15:00:02.784631,0.0206591263951456,2026-03-18T15:00:03.146000,92,,,
participant_27,1,day,Town10HD_Opt,2026-03-18 15:00:04.859226,-34.63188552856445,70.14814758300781,0.0019613646436482,43.924,21.194,0.683,0.0,0,0,1,,0.837,2026-03-18T15:00:04.859226,neutral,0.963,2026-03-18T15:00:04.859226,0.02,2026-03-18T15:00:03.146000,90,,,
participant_27,1,day,Town10HD_Opt,2026-03-18 15:00:05.914779,-29.511425018310547,69.24652862548828,0.0019379042787477,46.345,9.045,0.671,0.0,0,0,1,,1.0,2026-03-18T15:00:05.914779,neutral,0.963,2026-03-18T15:00:04.859226,0.02,2026-03-18T15:00:05.937000,93,,,
participant_27,1,day,Town10HD_Opt,2026-03-18 15:00:06.453375,-26.75889015197754,69.41309356689453,0.0018970489036291,48.126,-1.027,0.658,0.0,0,0,1,,1.0,2026-03-18T15:00:06.453375,neutral,0.963,2026-03-18T15:00:04.859226,0.0598555974841209,2026-03-18T15:00:05.937000,92,,,
participant_27,1,day,Town10HD_Opt,2026-03-18 15:00:07.474371,-20.98288345336914,69.81639862060547,0.0019129562424495,50.761,-1.73,0.0,0.0,0,0,1,,1.0,2026-03-18T15:00:07.474371,neutral,0.999,2026-03-18T15:00:07.474371,0.0261858863238426,2026-03-18T15:00:06.971000,92,,,
participant_27,1,day,Town10HD_Opt,2026-03-18 15:00:08.488246,-15.216815948486328,69.97518157958984,0.0020562743302434,49.275,-0.207,0.624,0.0,0,0,1,,1.0,2026-03-18T15:00:08.488246,neutral,0.999,2026-03-18T15:00:07.474371,0.02,2026-03-18T15:00:07.961000,95,,,
participant_27,1,day,Town10HD_Opt,2026-03-18 15:00:09.524184,-9.36151123046875,70.0552749633789,0.0020129012409597,49.892,-0.421,0.571,0.0,0,0,1,,1.0,2026-03-18T15:00:09.524184,neutral,0.999,2026-03-18T15:00:09.524184,0.0640056606419485,2026-03-18T15:00:08.951000,97,,,
participant_27,1,day,Town10HD_Opt,2026-03-18 15:00:10.523757,-3.6591334342956543,70.07508087158203,0.0021002579014748,48.328,-0.691,0.443,0.0,0,0,1,,1.0,2026-03-18T15:00:10.523757,neutral,0.999,2026-03-18T15:00:09.524184,0.0493571385388098,2026-03-18T15:00:09.942000,94,,,
participant_27,1,day,Town10HD_Opt,2026-03-18 15:00:11.571022,1.7722762823104858,70.01555633544922,0.0022993087768554,43.584,-0.585,0.0,0.0,0,0,1,,1.0,2026-03-18T15:00:11.571022,neutral,0.998,2026-03-18T15:00:11.571022,0.02,2026-03-18T15:00:10.932000,94,,,
participant_27,1,day,Town10HD_Opt,2026-03-18 15:00:12.624523,6.441318988800049,69.91429901123047,0.0023645400069653,36.759,0.397,0.0,0.0,0,0,1,,1.0,2026-03-18T15:00:12.624523,neutral,0.998,2026-03-18T15:00:11.571022,0.02,2026-03-18T15:00:12.011000,97,,,
participant_27,1,day,Town10HD_Opt,2026-03-18 15:00:13.639422,10.37876796722412,69.85006713867188,0.00232311245054,31.009,0.508,0.0,0.0,0,0,1,,1.0,2026-03-18T15:00:13.639422,neutral,0.999,2026-03-18T15:00:13.639422,0.02,2026-03-18T15:00:13.001000,94,,,
participant_27,1,day,Town10HD_Opt,2026-03-18 15:00:14.692055,13.689568519592283,69.82850646972656,0.0022892379201948,25.573,0.573,0.0,0.0,0,0,1,,1.0,2026-03-18T15:00:14.692055,neutral,0.999,2026-03-18T15:00:13.639422,0.02,2026-03-18T15:00:14.037000,93,,,
participant_27,1,day,Town10HD_Opt,2026-03-18 15:00:15.743266,16.4766845703125,69.83666229248047,0.0021776198409497,22.865,0.573,0.787,0.0,0,0,1,,1.0,2026-03-18T15:00:15.743266,neutral,1.0,2026-03-18T15:00:15.743266,0.02,2026-03-18T15:00:14.937000,94,,,
participant_27,1,day,Town10HD_Opt,2026-03-18 15:00:16.791139,19.40836334228516,69.87088012695312,0.0018239211058244,27.752,0.562,0.671,0.0,0,0,1,,1.0,2026-03-18T15:00:16.791139,neutral,1.0,2026-03-18T15:00:15.743266,0.02,2026-03-18T15:00:15.972000,94,,,
participant_27,1,day,Town10HD_Opt,2026-03-18 15:00:17.826695,22.92721176147461,69.9403076171875,0.0018316268688067,32.203,-0.181,0.581,0.0,0,0,1,,1.0,2026-03-18T15:00:17.826695,neutral,1.0,2026-03-18T15:00:17.826695,0.02,2026-03-18T15:00:17.006000,94,,,
participant_27,1,day,Town10HD_Opt,2026-03-18 15:00:18.886424,26.86431884765625,69.8733901977539,0.0019056319724768,35.049,-8.811,0.545,0.0,0,0,1,,1.0,2026-03-18T15:00:18.886424,neutral,1.0,2026-03-18T15:00:17.826695,0.02,2026-03-18T15:00:17.952000,93,,,errors=Stop sign violation
participant_27,1,day,Town10HD_Opt,2026-03-18 15:00:19.961637,30.937833786010746,69.12876892089844,0.0020989226177334,34.423,-6.912,0.444,0.0,0,0,1,,1.0,2026-03-18T15:00:19.961637,neutral,1.0,2026-03-18T15:00:19.961637,0.1283891678991226,2026-03-18T15:00:19.976000,91,,,
participant_27,1,day,Town10HD_Opt,2026-03-18 15:00:20.492059,32.841529846191406,68.52000427246094,0.0020913695916533,34.529,-4.704,0.849,0.0,0,0,1,,1.0,2026-03-18T15:00:20.492059,neutral,1.0,2026-03-18T15:00:19.961637,0.0679920422087415,2026-03-18T15:00:19.976000,92,,,
participant_27,1,day,Town10HD_Opt,2026-03-18 15:00:21.550660,36.92993927001953,66.88093566894531,0.0017407607519999,41.22,-8.556,0.827,0.0,0,0,1,,1.0,2026-03-18T15:00:21.550660,neutral,1.0,2026-03-18T15:00:19.961637,0.2106695132108618,2026-03-18T15:00:20.966000,91,,,
participant_27,1,day,Town10HD_Opt,2026-03-18 15:00:22.648117,41.13564682006836,64.01815795898438,0.0018194197909906,46.374,-18.237,0.764,0.0,0,0,1,,1.0,2026-03-18T15:00:22.648117,neutral,1.0,2026-03-18T15:00:22.648117,0.1120306811037935,2026-03-18T15:00:22.048000,91,,,
participant_27,1,day,Town10HD_Opt,2026-03-18 15:00:23.741057,44.2231330871582,59.40866470336914,0.0019107054686173,49.04,-12.92,0.106,0.0,0,0,1,,1.0,2026-03-18T15:00:23.741057,neutral,1.0,2026-03-18T15:00:22.648117,0.1346708134265065,2026-03-18T15:00:23.036000,91,,,
participant_27,1,day,Town10HD_Opt,2026-03-18 15:00:24.833096,45.68098068237305,54.16432571411133,0.0023197936825454,42.859,-6.075,0.0,0.0,0,0,1,,1.0,2026-03-18T15:00:24.833096,neutral,1.0,2026-03-18T15:00:24.833096,0.2485222035770045,2026-03-18T15:00:23.937000,90,,,
participant_27,1,day,Town10HD_Opt,2026-03-18 15:00:25.892996,46.01784896850586,49.54199981689453,0.0023859404027462,35.93,-7.244,0.0,0.0,0,0,1,,1.0,2026-03-18T15:00:25.892996,neutral,1.0,2026-03-18T15:00:24.833096,0.1969650979896163,2026-03-18T15:00:25.962000,91,,,
participant_27,1,day,Town10HD_Opt,2026-03-18 15:00:26.459705,45.919769287109375,47.51018142700195,0.0023537063971161,33.501,-3.101,0.221,0.0,0,0,1,,1.0,2026-03-18T15:00:26.459705,neutral,1.0,2026-03-18T15:00:24.833096,0.302295697950663,2026-03-18T15:00:25.962000,94,,,
participant_27,1,day,Town10HD_Opt,2026-03-18 15:00:27.546980,45.59562301635742,43.76133346557617,0.002114257775247,32.003,0.804,0.674,0.0,0,0,1,,1.0,2026-03-18T15:00:27.546980,neutral,0.996,2026-03-18T15:00:27.546980,0.3011995543538614,2026-03-18T15:00:26.951000,91,,,
participant_27,1,day,Town10HD_Opt,2026-03-18 15:00:28.655236,45.31605911254883,39.86233139038086,0.0018533325055614,35.802,4.077,0.733,0.0,0,0,1,,1.0,2026-03-18T15:00:28.655236,neutral,0.996,2026-03-18T15:00:27.546980,0.2650068521694236,2026-03-18T15:00:27.942000,90,,,
participant_27,1,day,Town10HD_Opt,2026-03-18 15:00:29.780674,45.42789459228516,35.38196563720703,0.0018360899994149,40.484,17.876,0.41,0.0,0,0,1,,1.0,2026-03-18T15:00:29.780674,neutral,0.93,2026-03-18T15:00:29.780674,0.2934041792970294,2026-03-18T15:00:29.021000,90,,,
participant_27,1,day,Town10HD_Opt,2026-03-18 15:00:30.860229,47.02762222290039,31.125600814819336,0.0022322081495076,37.325,26.584,0.143,0.0,0,0,1,,1.0,2026-03-18T15:00:30.860229,neutral,0.93,2026-03-18T15:00:29.780674,0.2803135144055297,2026-03-18T15:00:29.967000,90,,,
participant_27,1,day,Town10HD_Opt,2026-03-18 15:00:31.454310,48.46472930908203,29.56287002563477,0.0023020170629024,35.398,17.172,0.0,0.0,0,0,1,,1.0,2026-03-18T15:00:31.454310,neutral,0.93,2026-03-18T15:00:29.780674,0.3193636637110139,2026-03-18T15:00:30.963000,92,,,
participant_27,1,day,Town10HD_Opt,2026-03-18 15:00:32.511518,51.589168548583984,27.41317749023437,0.0023381423670798,29.438,10.235,0.0,0.0,0,0,1,,1.0,2026-03-18T15:00:32.511518,neutral,0.987,2026-03-18T15:00:32.511518,0.3621124184538024,2026-03-18T15:00:31.991000,91,,,
participant_27,1,day,Town10HD_Opt,2026-03-18 15:00:33.582736,54.49061965942383,26.18531608581543,0.002335128840059,24.313,10.749,0.0,0.238,0,0,1,,1.0,2026-03-18T15:00:33.582736,neutral,0.987,2026-03-18T15:00:32.511518,0.332305158823806,2026-03-18T15:00:32.937000,92,,,
participant_27,1,day,Town10HD_Opt,2026-03-18 15:00:34.619745,56.94110107421875,25.6169548034668,0.0023125456646084,19.052,11.994,0.0,0.351,0,0,1,,1.0,2026-03-18T15:00:34.619745,neutral,0.972,2026-03-18T15:00:34.619745,0.3264227404562893,2026-03-18T15:00:33.972000,91,,,
participant_27,1,day,Town10HD_Opt,2026-03-18 15:00:35.716480,57.63311767578125,25.52141571044922,0.0025178145151585,0.002,3.773,0.0,0.492,0,0,1,,1.0,2026-03-18T15:00:35.716480,neutral,0.972,2026-03-18T15:00:34.619745,0.3325030306960242,2026-03-18T15:00:34.961000,90,,,
participant_27,1,day,Town10HD_Opt,2026-03-18 15:00:36.779285,57.6337776184082,25.521329879760746,0.0019771575462073,0.0,0.813,0.0,0.113,0,0,1,,1.0,2026-03-18T15:00:36.779285,sad,0.982,2026-03-18T15:00:36.779285,0.308633291979283,2026-03-18T15:00:35.953000,90,,,
participant_27,1,day,Town10HD_Opt,2026-03-18 15:00:37.814801,57.63404846191406,25.52129364013672,0.0019251251360401,0.0,0.987,0.0,0.0,0,0,1,,1.0,2026-03-18T15:00:37.814801,sad,0.982,2026-03-18T15:00:36.779285,0.2449287162710972,2026-03-18T15:00:37.121000,88,,,
participant_27,1,day,Town10HD_Opt,2026-03-18 15:00:38.901042,57.634315490722656,25.521249771118164,0.0019200897077098,0.006,1.358,0.0,0.0,0,0,1,,1.0,2026-03-18T15:00:38.901042,neutral,0.99,2026-03-18T15:00:38.901042,0.3383928066783627,2026-03-18T15:00:38.966000,91,,,
participant_27,1,day,Town10HD_Opt,2026-03-18 15:00:39.434031,57.63419723510742,25.521249771118164,0.0019193267216905,0.005,1.556,0.0,0.0,0,0,1,,1.0,2026-03-18T15:00:39.434031,neutral,0.99,2026-03-18T15:00:38.901042,0.3007879903033371,2026-03-18T15:00:38.966000,91,,,
participant_27,1,day,Town10HD_Opt,2026-03-18 15:00:40.499256,57.63438415527344,25.521249771118164,0.001919021597132,0.001,1.622,0.0,0.0,0,0,1,,1.0,2026-03-18T15:00:40.499256,neutral,0.99,2026-03-18T15:00:38.901042,0.3372012916636416,2026-03-18T15:00:39.957000,92,,,
participant_27,1,day,Town10HD_Opt,2026-03-18 15:00:41.524060,57.63429641723633,25.521249771118164,0.0019191360333934,0.005,1.622,0.0,0.0,0,0,1,,1.0,2026-03-18T15:00:41.524060,sad,0.893,2026-03-18T15:00:41.524060,0.3155129584830591,2026-03-18T15:00:41.081000,91,,,
participant_27,1,day,Town10HD_Opt,2026-03-18 15:00:42.510426,57.63450241088867,25.521249771118164,0.0019190978491678,0.001,1.596,0.0,0.0,0,0,1,,1.0,2026-03-18T15:00:42.510426,sad,0.893,2026-03-18T15:00:41.524060,0.3103444170424801,2026-03-18T15:00:41.981000,94,,,
participant_27,1,day,Town10HD_Opt,2026-03-18 15:00:43.480563,57.63439178466797,25.521249771118164,0.001919021597132,0.005,1.596,0.0,0.0,0,0,1,,1.0,2026-03-18T15:00:43.480563,sad,0.893,2026-03-18T15:00:41.524060,0.3118745252364218,2026-03-18T15:00:43.017000,89,,,
participant_27,1,day,Town10HD_Opt,2026-03-18 15:00:44.481990,57.63461685180664,25.52124786376953,0.0019191741012036,0.001,1.593,0.0,0.0,0,0,1,,1.0,2026-03-18T15:00:44.481990,neutral,0.982,2026-03-18T15:00:44.481990,0.3433917058127971,2026-03-18T15:00:44.097000,88,,,
participant_27,1,day,Town10HD_Opt,2026-03-18 15:00:45.457822,57.63449096679688,25.521249771118164,0.0019191360333934,0.005,1.57,0.0,0.0,0,0,1,reach_back,0.841,2026-03-18T15:00:45.457822,neutral,0.982,2026-03-18T15:00:44.481990,0.3594683660416309,2026-03-18T15:00:45.086000,89,,,
participant_27,1,day,Town10HD_Opt,2026-03-18 15:00:46.467589,57.63473510742188,25.521203994750977,0.0019190596649423,0.001,0.926,0.0,0.0,0,0,1,,1.0,2026-03-18T15:00:46.467589,neutral,0.982,2026-03-18T15:00:44.481990,0.4561714566959906,2026-03-18T15:00:45.942000,89,,,
participant_27,1,day,Town10HD_Opt,2026-03-18 15:00:47.424369,57.63459777832031,25.52121925354004,0.0019190596649423,0.005,0.926,0.0,0.0,0,0,1,,1.0,2026-03-18T15:00:47.424369,angry,0.619,2026-03-18T15:00:47.424369,0.4472778650655044,2026-03-18T15:00:46.931000,91,,,
participant_27,1,day,Town10HD_Opt,2026-03-18 15:00:48.428329,57.63486099243164,25.52117156982422,0.001919021597132,0.001,0.879,0.0,0.0,0,0,1,,1.0,2026-03-18T15:00:48.428329,angry,0.619,2026-03-18T15:00:47.424369,0.3796159325107696,2026-03-18T15:00:47.967000,91,,,
participant_27,1,day,Town10HD_Opt,2026-03-18 15:00:49.425371,57.63470458984375,25.521196365356445,0.001919021597132,0.004,0.86,0.0,0.0,0,0,1,,1.0,2026-03-18T15:00:49.425371,angry,1.0,2026-03-18T15:00:49.425371,0.4013938871084744,2026-03-18T15:00:48.957000,90,,,
participant_27,1,day,Town10HD_Opt,2026-03-18 15:00:50.447644,57.63498306274414,25.52114486694336,0.0019190596649423,0.001,0.86,0.0,0.0,0,0,1,,1.0,2026-03-18T15:00:50.447644,angry,1.0,2026-03-18T15:00:49.425371,0.3900685299500758,2026-03-18T15:00:50.083000,92,,,
participant_27,1,day,Town10HD_Opt,2026-03-18 15:00:51.448177,57.63481140136719,25.52117156982422,0.0019190978491678,0.005,0.86,0.0,0.0,0,0,1,,1.0,2026-03-18T15:00:51.448177,angry,0.994,2026-03-18T15:00:51.448177,0.3716070140830573,2026-03-18T15:00:51.072000,94,,,
participant_27,1,day,Town10HD_Opt,2026-03-18 15:00:52.443911,57.63510513305664,25.5211181640625,0.0019190978491678,0.001,0.851,0.0,0.0,0,0,1,,1.0,2026-03-18T15:00:52.443911,angry,0.994,2026-03-18T15:00:51.448177,0.2732776332517149,2026-03-18T15:00:51.973000,94,,,
participant_27,1,day,Town10HD_Opt,2026-03-18 15:00:53.431577,57.63492202758789,25.52114486694336,0.0019191741012036,0.004,0.844,0.0,0.0,0,0,1,,1.0,2026-03-18T15:00:53.431577,angry,0.994,2026-03-18T15:00:51.448177,0.3195536465430654,2026-03-18T15:00:53.006000,94,,,
participant_27,1,day,Town10HD_Opt,2026-03-18 15:00:54.428614,57.63522720336914,25.52109146118164,0.0019190596649423,0.007,0.844,0.0,0.0,0,0,1,,1.0,2026-03-18T15:00:54.428614,angry,0.835,2026-03-18T15:00:54.428614,0.3702263511133649,2026-03-18T15:00:54.042000,92,,,
participant_27,1,day,Town10HD_Opt,2026-03-18 15:00:55.486072,57.63502883911133,25.52112197875977,0.0019190596649423,0.004,0.844,0.0,0.0,0,0,1,,1.0,2026-03-18T15:00:55.486072,angry,0.835,2026-03-18T15:00:54.428614,0.3260085371862416,2026-03-18T15:00:55.077000,89,,,
participant_27,1,day,Town10HD_Opt,2026-03-18 15:00:56.487721,57.63534927368164,25.52106666564941,0.0019191741012036,0.006,0.844,0.0,0.0,0,0,1,,1.0,2026-03-18T15:00:56.487721,angry,0.998,2026-03-18T15:00:56.487721,0.4142128918314097,2026-03-18T15:00:56.112000,89,,,
participant_27,1,day,Town10HD_Opt,2026-03-18 15:00:57.558285,57.63514709472656,25.521100997924805,0.0019190596649423,0.0,0.844,0.0,0.0,0,0,1,,1.0,2026-03-18T15:00:57.558285,angry,0.998,2026-03-18T15:00:56.487721,0.3612744617842772,2026-03-18T15:00:56.967000,91,,,
participant_27,1,day,Town10HD_Opt,2026-03-18 15:00:58.602828,57.63544845581055,25.52104759216309,0.001919288537465,0.007,0.834,0.0,0.0,0,0,1,,1.0,2026-03-18T15:00:58.602828,angry,0.996,2026-03-18T15:00:58.602828,0.356437913692029,2026-03-18T15:00:58.046000,90,,,
participant_27,1,day,Town10HD_Opt,2026-03-18 15:00:59.578447,57.63527297973633,25.52107620239257,0.0019189452286809,0.0,0.832,0.0,0.0,0,0,1,,1.0,2026-03-18T15:00:59.578447,angry,0.996,2026-03-18T15:00:58.602828,0.3205357836167296,2026-03-18T15:00:59.037000,89,,,
participant_27,1,day,Town10HD_Opt,2026-03-18 15:01:00.563831,57.63554382324219,25.521026611328125,0.0019194030901417,0.006,0.818,0.0,0.0,0,0,1,,1.0,2026-03-18T15:01:00.563831,angry,0.996,2026-03-18T15:00:58.602828,0.4259683799957802,2026-03-18T15:01:00.027000,89,,,
participant_27,1,day,Town10HD_Opt,2026-03-18 15:01:01.589489,57.63677978515625,25.52084922790528,0.0019162750104442,0.123,0.808,0.0,0.0,0,0,1,,1.0,2026-03-18T15:01:01.589489,angry,0.981,2026-03-18T15:01:01.589489,0.3871471514583985,2026-03-18T15:01:00.973000,88,,,
participant_27,1,day,Town10HD_Opt,2026-03-18 15:01:02.618997,57.6567611694336,25.51781463623047,0.001921119634062,0.006,0.806,0.0,0.0,0,0,1,,1.0,2026-03-18T15:01:02.618997,angry,0.981,2026-03-18T15:01:01.589489,0.3321681280880643,2026-03-18T15:01:01.962000,88,,,
participant_27,1,day,Town10HD_Opt,2026-03-18 15:01:03.599910,57.69499206542969,25.51198959350586,0.0019158172653988,0.344,0.672,0.0,0.0,0,0,1,,1.0,2026-03-18T15:01:03.599910,angry,0.879,2026-03-18T15:01:03.599910,0.3302337261732527,2026-03-18T15:01:02.997000,89,,,
participant_27,1,day,Town10HD_Opt,2026-03-18 15:01:04.586917,57.72349166870117,25.507551193237305,0.0019291305216029,0.004,0.277,0.069,0.0,0,0,1,,1.0,2026-03-18T15:01:04.586917,angry,0.879,2026-03-18T15:01:03.599910,0.3445277460946478,2026-03-18T15:01:03.987000,89,,,
participant_27,1,day,Town10HD_Opt,2026-03-18 15:01:05.607244,57.74146270751953,25.504812240600582,0.0019070815760642,0.679,0.268,0.447,0.0,0,0,1,,1.0,2026-03-18T15:01:05.607244,angry,0.985,2026-03-18T15:01:05.607244,0.3886852055850031,2026-03-18T15:01:05.067000,88,,,
participant_27,1,day,Town10HD_Opt,2026-03-18 15:01:06.602874,57.96544647216797,25.469438552856445,0.0018080138834193,2.965,-0.36,0.008,0.0,0,0,1,,1.0,2026-03-18T15:01:06.602874,angry,0.985,2026-03-18T15:01:05.607244,0.2779458353245453,2026-03-18T15:01:06.102000,87,,,
participant_27,1,day,Town10HD_Opt,2026-03-18 15:01:07.640472,58.35375213623047,25.40606117248535,0.0019140243530273,3.252,-0.587,0.0,0.0,0,0,1,,1.0,2026-03-18T15:01:07.640472,angry,0.992,2026-03-18T15:01:07.640472,0.4190960196732116,2026-03-18T15:01:07.452000,84,,,
participant_27,1,day,Town10HD_Opt,2026-03-18 15:01:08.599931,58.6970329284668,25.34938240051269,0.0019418715965002,2.731,-0.597,0.0,0.0,0,0,1,,1.0,2026-03-18T15:01:08.599931,angry,0.992,2026-03-18T15:01:07.640472,0.3300261113890783,2026-03-18T15:01:08.127000,87,,,
participant_27,1,day,Town10HD_Opt,2026-03-18 15:01:09.593622,58.98487091064453,25.301498413085938,0.0019406508654356,2.289,-0.606,0.0,0.0,0,0,1,,1.0,2026-03-18T15:01:09.593622,angry,0.992,2026-03-18T15:01:07.640472,0.3200411629731452,2026-03-18T15:01:08.938000,88,,,
participant_27,1,day,Town10HD_Opt,2026-03-18 15:01:10.609345,59.22614288330078,25.261117935180664,0.0019374083494767,1.919,-0.613,0.0,0.0,0,0,1,,0.832,2026-03-18T15:01:10.609345,angry,0.893,2026-03-18T15:01:10.609345,0.3994714090074139,2026-03-18T15:01:10.376000,87,,,
participant_27,1,day,Town10HD_Opt,2026-03-18 15:01:11.682677,59.4241828918457,25.22777938842773,0.0019470977131277,1.402,-0.663,0.106,0.0,0,0,1,,1.0,2026-03-18T15:01:11.682677,angry,0.893,2026-03-18T15:01:10.609345,0.3523525614829209,2026-03-18T15:01:10.962000,87,,,
participant_27,1,day,Town10HD_Opt,2026-03-18 15:01:12.737615,59.565677642822266,25.2037353515625,0.0019251251360401,1.336,-0.691,0.064,0.0,0,0,1,,1.0,2026-03-18T15:01:12.737615,angry,0.744,2026-03-18T15:01:12.737615,0.3794191303095671,2026-03-18T15:01:12.042000,89,,,
participant_27,1,day,Town10HD_Opt,2026-03-18 15:01:13.787818,59.70506286621094,25.180036544799805,0.0019162368262186,1.368,-0.691,0.064,0.0,0,0,1,,0.892,2026-03-18T15:01:13.787818,angry,0.744,2026-03-18T15:01:12.737615,0.3248072634606352,2026-03-18T15:01:13.077000,87,,,
participant_27,1,day,Town10HD_Opt,2026-03-18 15:01:14.845916,59.84809112548828,25.15562629699707,0.001915855333209,1.399,-0.698,0.064,0.0,0,0,1,,1.0,2026-03-18T15:01:14.845916,angry,0.998,2026-03-18T15:01:14.845916,0.3443389062152003,2026-03-18T15:01:13.933000,85,,,
participant_27,1,day,Town10HD_Opt,2026-03-18 15:01:15.906914,59.99380111694336,25.130661010742188,0.0019176101777702,1.396,-0.571,0.054,0.0,0,0,1,,1.0,2026-03-18T15:01:15.906914,angry,0.998,2026-03-18T15:01:14.845916,0.393316692061296,2026-03-18T15:01:15.956000,85,,,
participant_27,1,day,Town10HD_Opt,2026-03-18 15:01:16.478254,60.064247131347656,25.11865234375,0.0019209670135751,1.341,-0.489,0.046,0.0,0,0,1,,1.0,2026-03-18T15:01:16.478254,angry,0.998,2026-03-18T15:01:14.845916,0.3794422012710869,2026-03-18T15:01:15.956000,83,,,
participant_27,1,day,Town10HD_Opt,2026-03-18 15:01:17.546453,60.19181060791016,25.0977725982666,0.0019246292067691,1.175,-0.172,0.051,0.0,0,0,1,,1.0,2026-03-18T15:01:17.546453,angry,0.982,2026-03-18T15:01:17.546453,0.3286108498490896,2026-03-18T15:01:17.082000,84,,,
participant_27,1,day,Town10HD_Opt,2026-03-18 15:01:18.570563,60.3200569152832,25.076244354248047,0.0018943785689771,1.396,-0.345,0.0,0.0,0,0,1,,0.849,2026-03-18T15:01:18.570563,angry,0.982,2026-03-18T15:01:17.546453,0.4046417353005992,2026-03-18T15:01:17.937000,85,,,
participant_27,1,day,Town10HD_Opt,2026-03-18 15:01:19.578415,60.47220993041992,25.05052757263184,0.0019251251360401,1.225,-0.336,0.0,0.0,0,0,1,,1.0,2026-03-18T15:01:19.578415,angry,0.998,2026-03-18T15:01:19.578415,0.3811624087846738,2026-03-18T15:01:18.972000,84,,,
participant_27,1,day,Town10HD_Opt,2026-03-18 15:01:20.604303,60.58370971679688,25.031641006469727,0.0019274902297183,0.798,-0.465,0.074,0.0,0,0,1,,0.837,2026-03-18T15:01:20.604303,angry,0.998,2026-03-18T15:01:19.578415,0.2795215493994823,2026-03-18T15:01:19.962000,86,,,
participant_27,1,day,Town10HD_Opt,2026-03-18 15:01:21.628507,60.70343017578125,25.01112174987793,0.0019129943102598,1.003,-0.477,0.073,0.0,0,0,1,,1.0,2026-03-18T15:01:21.628507,angry,0.998,2026-03-18T15:01:21.628507,0.3998522340286843,2026-03-18T15:01:20.952000,87,,,
participant_27,1,day,Town10HD_Opt,2026-03-18 15:01:22.686855,60.84215545654297,24.98740196228028,0.0019130324944853,1.146,-0.545,0.073,0.0,0,0,1,,1.0,2026-03-18T15:01:22.686855,angry,0.998,2026-03-18T15:01:21.628507,0.3899678879075421,2026-03-18T15:01:21.942000,86,,,
participant_27,1,day,Town10HD_Opt,2026-03-18 15:01:23.728813,60.998779296875,24.96150779724121,0.001912918058224,1.317,0.757,0.085,0.0,0,0,1,,1.0,2026-03-18T15:01:23.728813,angry,0.949,2026-03-18T15:01:23.728813,0.3397606249711748,2026-03-18T15:01:22.935000,88,,,
participant_27,1,day,Town10HD_Opt,2026-03-18 15:01:24.749498,61.18717575073242,24.93052101135254,0.0018878936534747,2.111,-0.538,0.212,0.0,0,0,1,,1.0,2026-03-18T15:01:24.749498,angry,0.949,2026-03-18T15:01:23.728813,0.3357156740498017,2026-03-18T15:01:23.971000,87,,,
participant_27,1,day,Town10HD_Opt,2026-03-18 15:01:25.790328,61.50201416015625,24.875640869140625,0.0018407821189612,3.68,-0.83,0.213,0.0,0,0,1,,1.0,2026-03-18T15:01:25.790328,angry,0.99,2026-03-18T15:01:25.790328,0.4635321421840514,2026-03-18T15:01:24.957000,85,,,
participant_27,1,day,Town10HD_Opt,2026-03-18 15:01:26.847251,61.985984802246094,24.79067611694336,0.0018674849998205,4.751,-0.275,0.167,0.0,0,0,1,,1.0,2026-03-18T15:01:26.847251,angry,0.99,2026-03-18T15:01:25.790328,0.3583038962125933,2026-03-18T15:01:25.947000,84,,,
participant_27,1,day,Town10HD_Opt,2026-03-18 15:01:27.934127,62.56344604492188,24.700746536254883,0.0018824386643245,5.5,2.727,0.166,0.0,0,0,1,,1.0,2026-03-18T15:01:27.934127,angry,0.809,2026-03-18T15:01:27.934127,0.3040601522216581,2026-03-18T15:01:26.992000,82,,,
participant_27,1,day,Town10HD_Opt,2026-03-18 15:01:28.505381,62.88180541992188,24.65567970275879,0.0018854141235351,5.814,2.715,0.166,0.0,0,0,1,,1.0,2026-03-18T15:01:28.505381,angry,0.809,2026-03-18T15:01:27.934127,0.3461469661901306,2026-03-18T15:01:26.992000,86,,,
participant_27,1,day,Town10HD_Opt,2026-03-18 15:01:29.555331,63.57188034057617,24.56338882446289,0.0018891524523496,6.343,2.723,0.166,0.0,0,0,1,,1.0,2026-03-18T15:01:29.555331,angry,0.809,2026-03-18T15:01:27.934127,0.3652103508824749,2026-03-18T15:01:28.963000,87,,,errors=Solid line crossing
participant_27,1,day,Town10HD_Opt,2026-03-18 15:01:30.564602,64.32672882080078,24.469371795654297,0.0018923567840829,6.901,2.407,0.166,0.0,0,0,1,,1.0,2026-03-18T15:01:30.564602,angry,0.941,2026-03-18T15:01:30.564602,0.3698627530767291,2026-03-18T15:01:28.963000,86,,,
participant_27,1,day,Town10HD_Opt,2026-03-18 15:01:31.606163,65.138916015625,24.38036727905273,0.0018999481108039,7.162,3.54,0.0,0.0,0,0,1,,1.0,2026-03-18T15:01:31.606163,angry,0.941,2026-03-18T15:01:30.564602,0.3133637312134312,2026-03-18T15:01:31.167000,87,,,
participant_27,1,day,Town10HD_Opt,2026-03-18 15:01:32.663242,65.91448211669922,24.31167984008789,0.0019643402192741,6.147,3.73,0.0,0.016,0,0,1,,0.873,2026-03-18T15:01:32.663242,angry,0.833,2026-03-18T15:01:32.663242,0.3366137192931615,2026-03-18T15:01:32.293000,88,,,
participant_27,1,day,Town10HD_Opt,2026-03-18 15:01:33.680249,66.22884368896484,24.286495208740234,0.0021842955611646,0.001,3.813,0.0,0.03,0,0,1,,0.884,2026-03-18T15:01:33.680249,angry,0.833,2026-03-18T15:01:32.663242,0.3574097250052094,2026-03-18T15:01:33.148000,88,,,
participant_27,1,day,Town10HD_Opt,2026-03-18 15:01:34.682705,66.23859405517578,24.285858154296875,0.0019371032249182,0.123,3.921,0.0,0.0,0,0,1,,0.852,2026-03-18T15:01:34.682705,angry,0.985,2026-03-18T15:01:34.682705,0.3751529218474075,2026-03-18T15:01:33.957000,93,,,
participant_27,1,day,Town10HD_Opt,2026-03-18 15:01:35.681901,66.25159454345703,24.28497314453125,0.0019213104387745,0.106,3.867,0.0,0.0,0,0,1,,1.0,2026-03-18T15:01:35.681901,angry,0.985,2026-03-18T15:01:34.682705,0.4328566544671705,2026-03-18T15:01:34.946000,91,,,
participant_27,1,day,Town10HD_Opt,2026-03-18 15:01:36.686458,66.26251983642578,24.284223556518555,0.0019199752714484,0.09,3.844,0.0,0.0,0,0,1,,1.0,2026-03-18T15:01:36.686458,neutral,0.938,2026-03-18T15:01:36.686458,0.3560077808947708,2026-03-18T15:01:35.983000,88,,,
participant_27,1,day,Town10HD_Opt,2026-03-18 15:01:37.676985,66.27168273925781,24.28359031677246,0.0019197463989257,0.076,3.844,0.0,0.0,0,0,1,,1.0,2026-03-18T15:01:37.676985,neutral,0.938,2026-03-18T15:01:36.686458,0.3297496216423249,2026-03-18T15:01:37.063000,86,,,
participant_27,1,day,Town10HD_Opt,2026-03-18 15:01:38.696058,66.27936553955078,24.283048629760746,0.0019195555942133,0.063,2.694,0.0,0.0,0,0,1,,1.0,2026-03-18T15:01:38.696058,neutral,0.998,2026-03-18T15:01:38.696058,0.4180357835804367,2026-03-18T15:01:37.063000,90,,,
participant_27,1,day,Town10HD_Opt,2026-03-18 15:01:39.748356,66.28581237792969,24.282508850097656,0.0019195555942133,0.054,1.68,0.0,0.0,0,0,1,,1.0,2026-03-18T15:01:39.748356,neutral,0.998,2026-03-18T15:01:38.696058,0.2889341823969328,2026-03-18T15:01:39.088000,85,,,
participant_27,1,day,Town10HD_Opt,2026-03-18 15:01:40.788084,66.29120635986328,24.282026290893555,0.0019193649059161,0.045,1.189,0.0,0.0,0,0,1,,1.0,2026-03-18T15:01:40.788084,neutral,0.981,2026-03-18T15:01:40.788084,0.3354275681797322,2026-03-18T15:01:39.989000,89,,,
participant_27,1,day,Town10HD_Opt,2026-03-18 15:01:41.870273,66.29573059082031,24.281627655029297,0.0019193649059161,0.039,0.275,0.0,0.0,0,0,1,,1.0,2026-03-18T15:01:41.870273,neutral,0.981,2026-03-18T15:01:40.788084,0.4368343139849089,2026-03-18T15:01:41.069000,90,,,
participant_27,1,day,Town10HD_Opt,2026-03-18 15:01:42.896593,66.29953002929688,24.281225204467773,0.001919288537465,0.033,-0.284,0.0,0.0,0,0,1,eat,0.806,2026-03-18T15:01:42.896593,sad,0.958,2026-03-18T15:01:42.896593,0.3514310328852653,2026-03-18T15:01:42.957000,89,,,
participant_27,1,day,Town10HD_Opt,2026-03-18 15:01:43.450964,66.30118560791016,24.28107070922852,0.0019193649059161,0.03,-0.284,0.0,0.0,0,0,1,,1.0,2026-03-18T15:01:43.450964,sad,0.958,2026-03-18T15:01:42.896593,0.4154124454023941,2026-03-18T15:01:42.957000,88,,,
participant_27,1,day,Town10HD_Opt,2026-03-18 15:01:44.483523,66.30410766601562,24.280780792236328,0.0019192504696547,0.026,-0.284,0.0,0.0,0,0,1,,1.0,2026-03-18T15:01:44.483523,sad,0.958,2026-03-18T15:01:42.896593,0.389976105367769,2026-03-18T15:01:43.948000,87,,,
participant_27,1,day,Town10HD_Opt,2026-03-18 15:01:45.469564,66.30579376220703,24.28059196472168,0.0019191360333934,0.004,-0.284,0.0,0.0,0,0,1,,1.0,2026-03-18T15:01:45.469564,angry,0.578,2026-03-18T15:01:45.469564,0.3060401892780794,2026-03-18T15:01:44.982000,89,,,
participant_27,1,day,Town10HD_Opt,2026-03-18 15:01:46.491457,66.30599212646484,24.280542373657227,0.001918678288348,0.006,-0.301,0.0,0.0,0,0,1,,1.0,2026-03-18T15:01:46.491457,angry,0.578,2026-03-18T15:01:45.469564,0.3720479967044443,2026-03-18T15:01:45.972000,91,,,
participant_27,1,day,Town10HD_Opt,2026-03-18 15:01:47.496383,66.30610656738281,24.28050804138184,0.0019193649059161,0.001,0.289,0.0,0.0,0,0,1,,0.827,2026-03-18T15:01:47.496383,neutral,0.691,2026-03-18T15:01:47.496383,0.3408588124941727,2026-03-18T15:01:46.962000,89,,,
participant_27,1,day,Town10HD_Opt,2026-03-18 15:01:48.483768,66.30613708496094,24.28051376342773,0.0019189452286809,0.006,-0.439,0.0,0.0,0,0,1,,1.0,2026-03-18T15:01:48.483768,neutral,0.691,2026-03-18T15:01:47.496383,0.3734599354246027,2026-03-18T15:01:48.042000,89,,,
participant_27,1,day,Town10HD_Opt,2026-03-18 15:01:49.523454,66.30622100830078,24.280502319335938,0.001919288537465,0.001,-0.54,0.0,0.0,0,0,1,,0.926,2026-03-18T15:01:49.523454,neutral,0.675,2026-03-18T15:01:49.523454,0.3147131819045392,2026-03-18T15:01:49.347000,89,,,
participant_27,1,day,Town10HD_Opt,2026-03-18 15:01:50.514851,66.3553466796875,24.27548599243164,0.001793518080376,1.97,-0.524,0.689,0.0,0,0,1,,0.883,2026-03-18T15:01:50.514851,neutral,0.675,2026-03-18T15:01:49.523454,0.399734540414127,2026-03-18T15:01:49.979000,92,,,
participant_27,1,day,Town10HD_Opt,2026-03-18 15:01:51.524613,67.0445556640625,24.20432472229004,0.0015835952945053,9.225,-0.153,0.0,0.0,0,0,1,,0.817,2026-03-18T15:01:51.524613,neutral,0.909,2026-03-18T15:01:51.524613,0.3869945020150471,2026-03-18T15:01:51.193000,90,,,
participant_27,1,day,Town10HD_Opt,2026-03-18 15:01:52.588765,67.77188110351562,24.136947631835938,0.0024921798612922,0.001,0.968,0.0,0.164,0,1,-1,,1.0,2026-03-18T15:01:52.588765,neutral,0.909,2026-03-18T15:01:51.524613,0.3085749074944559,2026-03-18T15:01:52.003000,91,,,
participant_27,1,day,Town10HD_Opt,2026-03-18 15:01:53.626324,67.7680892944336,24.13728904724121,0.001975402701646,0.026,0.684,0.641,0.0,0,1,-1,,0.894,2026-03-18T15:01:53.626324,neutral,0.987,2026-03-18T15:01:53.626324,0.3491815439523266,2026-03-18T15:01:52.948000,89,,,
participant_27,1,day,Town10HD_Opt,2026-03-18 15:01:54.657935,67.55183410644531,24.172088623046875,0.0021951294038444,5.236,-9.578,0.836,0.0,0,1,-1,,0.8,2026-03-18T15:01:54.657935,neutral,0.987,2026-03-18T15:01:53.626324,0.3415561917209242,2026-03-18T15:01:53.982000,88,,,
participant_27,1,day,Town10HD_Opt,2026-03-18 15:01:55.726998,66.54570770263672,24.30567169189453,0.002197875874117,11.31,-7.596,0.615,0.0,0,1,-1,,1.0,2026-03-18T15:01:55.726998,neutral,0.483,2026-03-18T15:01:55.726998,0.4024716617117767,2026-03-18T15:01:54.972000,88,,,errors=Solid line crossing
participant_27,1,day,Town10HD_Opt,2026-03-18 15:01:56.768139,65.06977844238281,24.38353729248047,0.002031555166468,13.541,-2.974,0.484,0.0,0,1,-1,,1.0,2026-03-18T15:01:56.768139,neutral,0.483,2026-03-18T15:01:55.726998,0.3118208263857017,2026-03-18T15:01:55.962000,87,,,
participant_27,1,day,Town10HD_Opt,2026-03-18 15:01:57.861666,63.58381652832031,24.40383529663086,0.0018190002301707,11.421,-2.635,0.297,0.0,0,1,-1,,1.0,2026-03-18T15:01:57.861666,neutral,0.97,2026-03-18T15:01:57.861666,0.4117221826583275,2026-03-18T15:01:57.942000,90,,,
participant_27,1,day,Town10HD_Opt,2026-03-18 15:01:58.890124,62.42550277709961,24.395238876342773,0.0017723082564771,8.115,-2.645,0.194,0.0,0,1,-1,,1.0,2026-03-18T15:01:58.890124,neutral,0.97,2026-03-18T15:01:57.861666,0.3801793008371218,2026-03-18T15:01:58.977000,90,,,
participant_27,1,day,Town10HD_Opt,2026-03-18 15:01:59.927689,61.6361198425293,24.377655029296875,0.0017731474945321,5.35,-1.939,0.198,0.0,0,1,-1,,1.0,2026-03-18T15:01:59.927689,neutral,0.997,2026-03-18T15:01:59.927689,0.4028936651474936,2026-03-18T15:01:59.967000,89,,,
participant_27,1,day,Town10HD_Opt,2026-03-18 15:02:00.456808,61.35525894165039,24.36729431152344,0.0018238448537886,4.692,-1.333,0.004,0.0,0,1,-1,,1.0,2026-03-18T15:02:00.456808,neutral,0.997,2026-03-18T15:01:59.927689,0.3805907861744828,2026-03-18T15:01:59.967000,91,,,
participant_27,1,day,Town10HD_Opt,2026-03-18 15:02:01.483213,60.93918991088867,24.35009765625,0.0018749617738649,3.307,-1.539,0.349,0.0,0,1,-1,,0.83,2026-03-18T15:02:01.483213,neutral,0.997,2026-03-18T15:01:59.927689,0.3508315766083572,2026-03-18T15:02:01.092000,89,,,
participant_27,1,day,Town10HD_Opt,2026-03-18 15:02:02.530977,60.5361213684082,24.33232688903809,0.0019285964081063,4.051,-1.563,0.812,0.0,0,1,-1,,1.0,2026-03-18T15:02:02.530977,neutral,0.989,2026-03-18T15:02:02.530977,0.3336948822606614,2026-03-18T15:02:02.038000,90,,,errors=Solid line crossing
participant_27,1,day,Town10HD_Opt,2026-03-18 15:02:03.583136,59.59853744506836,24.28508186340332,0.0023643111344426,13.086,-1.535,0.984,0.0,0,1,-1,,1.0,2026-03-18T15:02:03.583136,neutral,0.989,2026-03-18T15:02:02.530977,0.3197600776071785,2026-03-18T15:02:02.938000,88,,,
participant_27,1,day,Town10HD_Opt,2026-03-18 15:02:04.608271,57.65805435180664,24.168325424194336,0.0023211669176816,18.0,-2.17,0.459,0.0,0,1,-1,,1.0,2026-03-18T15:02:04.608271,neutral,1.0,2026-03-18T15:02:04.608271,0.3832897519312298,2026-03-18T15:02:04.017000,90,,,
participant_27,1,day,Town10HD_Opt,2026-03-18 15:02:05.571538,55.81975936889648,24.023006439208984,0.0015586471417918,11.846,-2.0,0.0,0.0,0,1,-1,,1.0,2026-03-18T15:02:05.571538,neutral,1.0,2026-03-18T15:02:04.608271,0.314560603812015,2026-03-18T15:02:04.963000,88,,,
participant_27,1,day,Town10HD_Opt,2026-03-18 15:02:06.624769,55.34989547729492,23.97742080688477,0.001389694167301,1.118,18.523,0.915,0.0,0,0,1,,1.0,2026-03-18T15:02:06.624769,neutral,0.998,2026-03-18T15:02:06.624769,0.1675843463440252,2026-03-18T15:02:06.178000,86,,,
participant_27,1,day,Town10HD_Opt,2026-03-18 15:02:07.658465,55.97431564331055,24.23295021057129,0.0014316176529973,11.059,34.052,0.973,0.0,0,0,1,,1.0,2026-03-18T15:02:07.658465,neutral,0.998,2026-03-18T15:02:06.624769,0.1527587520758966,2026-03-18T15:02:07.122000,86,,,
participant_27,1,day,Town10HD_Opt,2026-03-18 15:02:08.680445,57.52022171020508,25.240358352661133,0.0017668151995167,20.072,32.464,0.874,0.0,0,0,1,,1.0,2026-03-18T15:02:08.680445,neutral,0.993,2026-03-18T15:02:08.680445,0.0449023463852155,2026-03-18T15:02:07.978000,91,,,
participant_27,1,day,Town10HD_Opt,2026-03-18 15:02:09.709462,59.29209899902344,27.310592651367188,0.0017656325362622,26.945,15.23,0.709,0.0,0,0,1,,1.0,2026-03-18T15:02:09.709462,neutral,0.993,2026-03-18T15:02:08.680445,0.0467776890387775,2026-03-18T15:02:08.969000,91,,,errors=Solid line crossing
participant_27,1,day,Town10HD_Opt,2026-03-18 15:02:10.719295,61.44997024536133,29.96420669555664,0.0018786620348691,31.052,-31.89,0.65,0.0,0,0,1,,1.0,2026-03-18T15:02:10.719295,neutral,1.0,2026-03-18T15:02:10.719295,0.02,2026-03-18T15:02:09.957000,89,,,
participant_27,1,day,Town10HD_Opt,2026-03-18 15:02:11.823084,64.71412658691406,31.192182540893555,0.0022049332037568,31.13,-37.962,0.518,0.0,0,0,1,,1.0,2026-03-18T15:02:11.823084,neutral,1.0,2026-03-18T15:02:10.719295,0.02,2026-03-18T15:02:11.038000,86,,,
participant_27,1,day,Town10HD_Opt,2026-03-18 15:02:12.868706,68.51118469238281,30.790401458740234,0.0019891357515007,33.914,1.504,0.419,0.0,0,0,1,,1.0,2026-03-18T15:02:12.868706,neutral,0.998,2026-03-18T15:02:12.868706,0.02,2026-03-18T15:02:12.027000,88,,,
participant_27,1,day,Town10HD_Opt,2026-03-18 15:02:13.897576,72.58460998535156,30.30247688293457,0.0018011855427175,37.957,-1.568,1.0,0.0,0,0,1,,1.0,2026-03-18T15:02:13.897576,neutral,0.998,2026-03-18T15:02:12.868706,0.02,2026-03-18T15:02:13.025000,90,,,
participant_27,1,day,Town10HD_Opt,2026-03-18 15:02:14.461127,74.90406036376953,29.97675514221192,0.0016719435807317,43.089,-3.422,1.0,0.0,0,0,1,,0.886,2026-03-18T15:02:14.461127,neutral,0.998,2026-03-18T15:02:12.868706,0.02,2026-03-18T15:02:14.009000,91,,,errors=Solid line crossing
participant_27,1,day,Town10HD_Opt,2026-03-18 15:02:15.521913,80.31330108642578,28.95524787902832,0.001574897672981,51.875,-1.342,0.0,0.187,0,0,1,,1.0,2026-03-18T15:02:15.521913,neutral,1.0,2026-03-18T15:02:15.521913,0.02,2026-03-18T15:02:15.178000,88,,,errors=Red light violation
participant_27,1,day,Town10HD_Opt,2026-03-18 15:02:16.671716,86.13314056396484,27.606124877929688,0.0022327422630041,48.253,-3.127,0.987,0.0,0,0,1,,1.0,2026-03-18T15:02:16.671716,neutral,1.0,2026-03-18T15:02:15.521913,0.02,2026-03-18T15:02:15.941000,91,,,
participant_27,1,day,Town10HD_Opt,2026-03-18 15:02:17.715077,91.53292846679688,25.81092071533203,0.0018419264815747,52.059,-10.086,0.0,0.161,0,0,1,,0.83,2026-03-18T15:02:17.715077,neutral,1.0,2026-03-18T15:02:17.715077,0.02,2026-03-18T15:02:17.157000,89,,,
participant_27,1,day,Town10HD_Opt,2026-03-18 15:02:18.780339,96.5895767211914,22.792667388916016,0.0022071455605328,48.588,-7.147,0.952,0.0,0,0,1,,1.0,2026-03-18T15:02:18.780339,neutral,1.0,2026-03-18T15:02:17.715077,0.02,2026-03-18T15:02:17.966000,91,,,
participant_27,1,day,Town10HD_Opt,2026-03-18 15:02:19.806574,100.85216522216795,18.755130767822266,0.0019900512415915,50.41,-6.545,0.945,0.0,0,0,1,,1.0,2026-03-18T15:02:19.806574,neutral,1.0,2026-03-18T15:02:19.806574,0.02,2026-03-18T15:02:19.007000,89,,,
participant_27,1,day,Town10HD_Opt,2026-03-18 15:02:20.906327,104.20038604736328,14.084187507629396,0.0019929122645407,50.236,-8.725,0.735,0.0,0,0,1,,1.0,2026-03-18T15:02:20.906327,neutral,1.0,2026-03-18T15:02:19.806574,0.02,2026-03-18T15:02:20.983000,93,,,
participant_27,1,day,Town10HD_Opt,2026-03-18 15:02:21.443566,105.4885025024414,11.421321868896484,0.0020117950625717,50.325,-9.444,0.672,0.0,0,0,1,,1.0,2026-03-18T15:02:21.443566,neutral,1.0,2026-03-18T15:02:19.806574,0.02,2026-03-18T15:02:20.983000,92,,,
participant_27,1,day,Town10HD_Opt,2026-03-18 15:02:22.506949,107.00701141357422,5.948277473449707,0.0020888138096779,48.491,-4.518,0.529,0.0,0,0,1,,1.0,2026-03-18T15:02:22.506949,neutral,1.0,2026-03-18T15:02:22.506949,0.02,2026-03-18T15:02:22.018000,92,,,
participant_27,1,day,Town10HD_Opt,2026-03-18 15:02:23.600942,107.73287963867188,0.3052265048027038,0.0020249558147042,49.017,-0.08,0.502,0.0,0,0,1,,1.0,2026-03-18T15:02:23.600942,neutral,1.0,2026-03-18T15:02:22.506949,0.02,2026-03-18T15:02:23.054000,90,,,
participant_27,1,day,Town10HD_Opt,2026-03-18 15:02:24.662451,108.2661590576172,-5.388781547546387,0.0020493315532803,48.922,-2.094,0.668,0.0,0,0,1,,1.0,2026-03-18T15:02:24.662451,neutral,0.998,2026-03-18T15:02:24.662451,0.02,2026-03-18T15:02:23.952000,93,Solid line crossing,Solid line crossing,
participant_27,1,day,Town10HD_Opt,2026-03-18 15:02:25.657500,108.5016860961914,-11.281652450561523,0.0019009017851203,51.916,-1.88,0.0,0.217,0,0,1,,1.0,2026-03-18T15:02:25.657500,neutral,0.998,2026-03-18T15:02:24.662451,0.02,2026-03-18T15:02:24.988000,94,,,
participant_27,1,day,Town10HD_Opt,2026-03-18 15:02:26.706671,108.43089294433594,-17.045015335083008,0.0020946883596479,49.046,-1.554,1.0,0.0,0,0,1,,1.0,2026-03-18T15:02:26.706671,neutral,0.999,2026-03-18T15:02:26.706671,0.02,2026-03-18T15:02:26.113000,93,,,
participant_27,1,day,Town10HD_Opt,2026-03-18 15:02:27.705778,108.07586669921876,-22.99318504333496,0.0021080016158521,49.984,-2.038,0.974,0.0,0,0,1,,1.0,2026-03-18T15:02:27.705778,neutral,0.999,2026-03-18T15:02:26.706671,0.02,2026-03-18T15:02:26.978000,95,,,
participant_27,1,day,Town10HD_Opt,2026-03-18 15:02:28.747854,107.36192321777344,-28.68148803710937,0.0019039153121411,51.637,-4.568,0.0,0.164,0,0,1,,1.0,2026-03-18T15:02:28.747854,neutral,1.0,2026-03-18T15:02:28.747854,0.02,2026-03-18T15:02:28.363000,96,,,
participant_27,1,day,Town10HD_Opt,2026-03-18 15:02:29.822093,106.00334930419922,-34.38525390625,0.0022001266479492,48.316,-4.964,0.913,0.0,0,0,1,,1.0,2026-03-18T15:02:29.822093,neutral,1.0,2026-03-18T15:02:28.747854,0.02,2026-03-18T15:02:29.083000,98,,,
participant_27,1,day,Town10HD_Opt,2026-03-18 15:02:30.793129,103.89614868164062,-39.8604850769043,0.0019358824938535,51.431,-4.511,0.0,0.143,0,0,1,,1.0,2026-03-18T15:02:30.793129,neutral,0.998,2026-03-18T15:02:30.793129,0.02,2026-03-18T15:02:30.029000,98,,,
participant_27,1,day,Town10HD_Opt,2026-03-18 15:02:31.781466,101.18878936767578,-44.91378402709961,0.0020652008242905,49.164,-4.591,0.87,0.0,0,0,1,,1.0,2026-03-18T15:02:31.781466,neutral,0.998,2026-03-18T15:02:30.793129,0.02,2026-03-18T15:02:31.017000,97,,,
participant_27,1,day,Town10HD_Opt,2026-03-18 15:02:32.816939,97.78260803222656,-49.71063995361328,0.0021412658970803,48.679,-4.664,0.867,0.0,0,0,1,,1.0,2026-03-18T15:02:32.816939,neutral,0.972,2026-03-18T15:02:32.816939,0.02,2026-03-18T15:02:32.009000,98,,,
participant_27,1,day,Town10HD_Opt,2026-03-18 15:02:33.854541,93.8697509765625,-53.945350646972656,0.001892929081805,51.444,-4.756,0.0,0.144,0,0,1,,1.0,2026-03-18T15:02:33.854541,neutral,0.972,2026-03-18T15:02:32.816939,0.02,2026-03-18T15:02:33.004000,95,,,
participant_27,1,day,Town10HD_Opt,2026-03-18 15:02:34.885013,89.42478942871094,-57.66745376586914,0.0021359634120017,48.944,-5.052,0.837,0.0,0,0,1,,1.0,2026-03-18T15:02:34.885013,neutral,0.997,2026-03-18T15:02:34.885013,0.02,2026-03-18T15:02:33.988000,93,,,
participant_27,1,day,Town10HD_Opt,2026-03-18 15:02:35.894537,84.42878723144531,-60.7978744506836,0.0020072173792868,50.742,-5.035,0.0,0.0,0,0,1,,1.0,2026-03-18T15:02:35.894537,neutral,0.997,2026-03-18T15:02:34.885013,0.02,2026-03-18T15:02:35.968000,94,,,
participant_27,1,day,Town10HD_Opt,2026-03-18 15:02:36.877180,79.1927490234375,-63.142845153808594,0.0019961928483098,50.065,-5.257,0.82,0.0,0,0,1,,1.0,2026-03-18T15:02:36.877180,neutral,0.997,2026-03-18T15:02:34.885013,0.02,2026-03-18T15:02:36.957000,96,,,
participant_27,1,day,Town10HD_Opt,2026-03-18 15:02:37.876748,73.52668762207031,-64.75045776367188,0.0021898651029914,48.354,-5.746,0.818,0.0,0,0,1,,1.0,2026-03-18T15:02:37.876748,neutral,0.996,2026-03-18T15:02:37.876748,0.02,2026-03-18T15:02:37.948000,93,,,
participant_27,1,day,Town10HD_Opt,2026-03-18 15:02:38.925734,67.809326171875,-65.44599151611328,0.0018975066486746,51.342,-3.931,0.0,0.134,0,0,1,,0.832,2026-03-18T15:02:38.925734,neutral,0.996,2026-03-18T15:02:37.876748,0.02,2026-03-18T15:02:37.948000,95,,,
participant_27,1,day,Town10HD_Opt,2026-03-18 15:02:39.445590,64.856201171875,-65.52843475341797,0.0021080016158521,49.49,-2.852,0.811,0.0,0,0,1,,1.0,2026-03-18T15:02:39.445590,neutral,0.996,2026-03-18T15:02:37.876748,0.02,2026-03-18T15:02:39.028000,93,,,
participant_27,1,day,Town10HD_Opt,2026-03-18 15:02:40.485369,59.04598617553711,-65.36172485351562,0.0019012450939044,51.708,-0.512,0.0,0.171,0,0,1,,1.0,2026-03-18T15:02:40.485369,neutral,0.994,2026-03-18T15:02:40.485369,0.02,2026-03-18T15:02:40.153000,93,,,
participant_27,1,day,Town10HD_Opt,2026-03-18 15:02:41.600197,53.18667984008789,-65.05872344970703,0.0021717452909797,48.736,0.625,0.794,0.0,0,0,1,,1.0,2026-03-18T15:02:41.600197,neutral,0.994,2026-03-18T15:02:40.485369,0.02,2026-03-18T15:02:40.963000,93,,,
participant_27,1,day,Town10HD_Opt,2026-03-18 15:02:42.608410,47.33502197265625,-64.8056640625,0.0020300291944295,50.2,0.249,0.793,0.0,0,0,1,,1.0,2026-03-18T15:02:42.608410,neutral,0.987,2026-03-18T15:02:42.608410,0.02,2026-03-18T15:02:41.997000,93,,,
participant_27,1,day,Town10HD_Opt,2026-03-18 15:02:43.590059,41.5822639465332,-64.60750579833984,0.0019574356265366,50.954,-0.66,0.0,0.0,0,0,1,,1.0,2026-03-18T15:02:43.590059,neutral,0.987,2026-03-18T15:02:42.608410,0.02,2026-03-18T15:02:42.987000,91,,,
participant_27,1,day,Town10HD_Opt,2026-03-18 15:02:44.617433,35.75230026245117,-64.36219787597656,0.0021428298205137,48.786,1.782,0.792,0.0,0,0,1,,1.0,2026-03-18T15:02:44.617433,neutral,0.885,2026-03-18T15:02:44.617433,0.02,2026-03-18T15:02:44.428000,91,,,
participant_27,1,day,Town10HD_Opt,2026-03-18 15:02:45.679019,29.88981819152832,-64.27092742919922,0.0020279311574995,49.775,-0.219,0.788,0.0,0,0,1,,1.0,2026-03-18T15:02:45.679019,neutral,0.885,2026-03-18T15:02:44.617433,0.02,2026-03-18T15:02:44.969000,91,,,
participant_27,1,day,Town10HD_Opt,2026-03-18 15:02:46.699027,24.13152503967285,-64.27953338623047,0.0019687269814312,50.429,-0.43,0.67,0.0,0,0,1,,1.0,2026-03-18T15:02:46.699027,neutral,1.0,2026-03-18T15:02:46.699027,0.02,2026-03-18T15:02:46.139000,94,,,
participant_27,1,day,Town10HD_Opt,2026-03-18 15:02:47.747566,18.3132438659668,-64.2337417602539,0.0022158813662827,47.573,0.36,0.0,0.0,0,0,1,,0.804,2026-03-18T15:02:47.747566,neutral,1.0,2026-03-18T15:02:46.699027,0.02,2026-03-18T15:02:46.948000,94,,,
participant_27,1,day,Town10HD_Opt,2026-03-18 15:02:48.743178,13.187091827392578,-64.22347259521484,0.0023748779203742,39.863,0.738,0.0,0.0,0,0,1,,1.0,2026-03-18T15:02:48.743178,neutral,0.999,2026-03-18T15:02:48.743178,0.02,2026-03-18T15:02:47.984000,93,,,
participant_27,1,day,Town10HD_Opt,2026-03-18 15:02:49.768089,8.861878395080566,-64.28245544433594,0.0023509596940129,34.043,0.305,0.0,0.0,0,0,1,,1.0,2026-03-18T15:02:49.768089,neutral,0.999,2026-03-18T15:02:48.743178,0.02,2026-03-18T15:02:48.975000,95,,,
participant_27,1,day,Town10HD_Opt,2026-03-18 15:02:50.801013,5.216000080108643,-64.35426330566406,0.0023022841196507,28.74,0.059,0.088,0.0,0,0,1,,1.0,2026-03-18T15:02:50.801013,neutral,0.985,2026-03-18T15:02:50.801013,0.02,2026-03-18T15:02:50.143000,92,,,
participant_27,1,day,Town10HD_Opt,2026-03-18 15:02:51.822146,2.10306167602539,-64.41927337646484,0.0022341918665915,24.872,-0.021,0.192,0.0,0,0,1,,1.0,2026-03-18T15:02:51.822146,neutral,0.985,2026-03-18T15:02:50.801013,0.02,2026-03-18T15:02:50.998000,92,,,
participant_27,1,day,Town10HD_Opt,2026-03-18 15:02:52.870305,-0.6695789098739624,-64.47624969482422,0.0021165846846997,23.228,-0.049,0.349,0.0,0,0,1,,1.0,2026-03-18T15:02:52.870305,neutral,0.866,2026-03-18T15:02:52.870305,0.02,2026-03-18T15:02:52.168000,92,,,
participant_27,1,day,Town10HD_Opt,2026-03-18 15:02:53.857254,-3.376380443572998,-64.5297622680664,0.0020501709077507,23.21,-0.059,0.343,0.0,0,0,1,,1.0,2026-03-18T15:02:53.857254,neutral,0.866,2026-03-18T15:02:52.870305,0.02,2026-03-18T15:02:53.114000,94,,,
participant_27,1,day,Town10HD_Opt,2026-03-18 15:02:54.895559,-6.085513591766357,-64.5809097290039,0.0020428847055882,23.238,-0.078,0.352,0.0,0,0,1,,1.0,2026-03-18T15:02:54.895559,neutral,0.982,2026-03-18T15:02:54.895559,0.02,2026-03-18T15:02:54.058000,93,,,
participant_27,1,day,Town10HD_Opt,2026-03-18 15:02:55.440064,-7.442088603973389,-64.60493469238281,0.0020400618668645,23.287,-0.2,0.354,0.0,0,0,1,,1.0,2026-03-18T15:02:55.440064,neutral,0.982,2026-03-18T15:02:54.895559,0.02,2026-03-18T15:02:55.082000,92,,,
participant_27,1,day,Town10HD_Opt,2026-03-18 15:02:56.469231,-10.155324935913086,-64.64630889892578,0.0020772933494299,22.782,-0.24,0.0,0.0,0,0,1,,1.0,2026-03-18T15:02:56.469231,neutral,0.982,2026-03-18T15:02:54.895559,0.02,2026-03-18T15:02:56.218000,94,,,
participant_27,1,day,Town10HD_Opt,2026-03-18 15:02:57.458221,-12.607328414916992,-64.67310333251953,0.0022102736402302,19.19,-0.374,0.0,0.0,0,0,1,,1.0,2026-03-18T15:02:57.458221,neutral,0.995,2026-03-18T15:02:57.458221,0.02,2026-03-18T15:02:57.433000,94,,,
participant_27,1,day,Town10HD_Opt,2026-03-18 15:02:58.485049,-14.65600299835205,-64.6860122680664,0.0019903944339603,16.182,-0.336,0.0,0.0,0,0,1,,1.0,2026-03-18T15:02:58.485049,neutral,0.995,2026-03-18T15:02:57.458221,0.02,2026-03-18T15:02:57.433000,93,,,
participant_27,1,day,Town10HD_Opt,2026-03-18 15:02:59.479776,-16.383575439453125,-64.69090270996094,0.0020427322015166,13.362,-0.336,0.0,0.0,0,0,1,,1.0,2026-03-18T15:02:59.479776,neutral,0.985,2026-03-18T15:02:59.479776,0.02,2026-03-18T15:02:59.233000,92,,,
participant_27,1,day,Town10HD_Opt,2026-03-18 15:03:00.503836,-17.8282527923584,-64.69070434570312,0.0020266722422093,11.174,-0.336,0.0,0.0,0,0,1,,1.0,2026-03-18T15:03:00.503836,neutral,0.985,2026-03-18T15:02:59.479776,0.02,2026-03-18T15:02:59.997000,91,,,
participant_27,1,day,Town10HD_Opt,2026-03-18 15:03:01.545474,-19.03598022460937,-64.68831634521484,0.0020003127865493,9.851,0.399,0.886,0.0,0,0,1,,1.0,2026-03-18T15:03:01.545474,neutral,0.996,2026-03-18T15:03:01.545474,0.02,2026-03-18T15:03:00.988000,92,,,
participant_27,1,day,Town10HD_Opt,2026-03-18 15:03:02.576813,-20.59034538269043,-64.6969985961914,0.001518859877251,18.008,0.623,0.932,0.0,0,0,1,,1.0,2026-03-18T15:03:02.576813,neutral,0.996,2026-03-18T15:03:01.545474,0.02,2026-03-18T15:03:01.978000,91,,,
participant_27,1,day,Town10HD_Opt,2026-03-18 15:03:03.629959,-23.13698005676269,-64.72708129882812,0.0016341400332748,27.223,0.653,1.0,0.0,0,0,1,,1.0,2026-03-18T15:03:03.629959,neutral,0.981,2026-03-18T15:03:03.629959,0.02,2026-03-18T15:03:03.014000,90,,,
participant_27,1,day,Town10HD_Opt,2026-03-18 15:03:04.639448,-26.880136489868164,-64.81148529052734,0.0015116500435397,37.387,0.738,1.0,0.0,0,0,1,,1.0,2026-03-18T15:03:04.639448,neutral,0.981,2026-03-18T15:03:03.629959,0.02,2026-03-18T15:03:04.138000,92,,,
participant_27,1,day,Town10HD_Opt,2026-03-18 15:03:05.631255,-31.83261680603028,-64.99205780029297,0.0015473556704819,48.118,0.602,1.0,0.0,0,0,1,,1.0,2026-03-18T15:03:05.631255,neutral,0.994,2026-03-18T15:03:05.631255,0.02,2026-03-18T15:03:05.128000,90,,,
participant_27,1,day,Town10HD_Opt,2026-03-18 15:03:06.630535,-37.7573356628418,-65.2963638305664,0.0019483566284179,50.831,0.033,0.0,0.0,0,0,1,,1.0,2026-03-18T15:03:06.630535,neutral,0.994,2026-03-18T15:03:05.631255,0.02,2026-03-18T15:03:06.028000,91,,,
participant_27,1,day,Town10HD_Opt,2026-03-18 15:03:07.646552,-43.25992965698242,-65.67412567138672,0.0023560714907944,43.103,4.612,0.0,0.0,0,0,1,,1.0,2026-03-18T15:03:07.646552,neutral,0.998,2026-03-18T15:03:07.646552,0.02,2026-03-18T15:03:06.975000,92,,,
participant_27,1,day,Town10HD_Opt,2026-03-18 15:03:08.636328,-47.88551330566406,-66.35681915283203,0.0023723221383988,36.833,-1.445,0.185,0.0,0,0,1,,1.0,2026-03-18T15:03:08.636328,neutral,0.998,2026-03-18T15:03:07.646552,0.02,2026-03-18T15:03:07.963000,92,,,
participant_27,1,day,Town10HD_Opt,2026-03-18 15:03:09.645214,-52.00021362304688,-66.89598846435547,0.0020182800944894,36.612,-2.306,0.989,0.0,0,0,1,,1.0,2026-03-18T15:03:09.645214,neutral,0.998,2026-03-18T15:03:07.646552,0.0823610562726818,2026-03-18T15:03:09.088000,93,,,
participant_27,1,day,Town10HD_Opt,2026-03-18 15:03:10.624661,-56.76481628417969,-67.422607421875,0.0016211319016292,46.518,-0.604,1.0,0.0,0,0,1,,1.0,2026-03-18T15:03:10.624661,neutral,0.918,2026-03-18T15:03:10.624661,0.14231303171634,2026-03-18T15:03:09.989000,94,,,
participant_27,1,day,Town10HD_Opt,2026-03-18 15:03:11.703525,-62.57622528076172,-67.96974182128906,0.0017984008882194,51.743,-4.244,0.0,0.174,0,0,1,,1.0,2026-03-18T15:03:11.703525,neutral,0.918,2026-03-18T15:03:10.624661,0.1337567332608946,2026-03-18T15:03:10.978000,95,,,
participant_27,1,day,Town10HD_Opt,2026-03-18 15:03:12.713388,-68.34628295898438,-68.0110855102539,0.0020307921804487,49.759,-4.11,0.972,0.0,0,0,1,,1.0,2026-03-18T15:03:12.713388,neutral,0.97,2026-03-18T15:03:12.713388,0.1383028908608805,2026-03-18T15:03:11.969000,95,,,
participant_27,1,day,Town10HD_Opt,2026-03-18 15:03:13.732382,-74.25222778320312,-67.34809112548828,0.0021692274603992,49.191,-7.323,0.949,0.0,0,0,1,,1.0,2026-03-18T15:03:13.732382,neutral,0.97,2026-03-18T15:03:12.713388,0.2554697794501557,2026-03-18T15:03:13.003000,93,,,
participant_27,1,day,Town10HD_Opt,2026-03-18 15:03:14.702956,-79.80158233642578,-65.68506622314453,0.0018576049478724,52.184,-3.773,0.0,0.218,0,0,1,,0.81,2026-03-18T15:03:14.702956,neutral,0.97,2026-03-18T15:03:12.713388,0.3157805451098252,2026-03-18T15:03:14.084000,91,,,
participant_27,1,day,Town10HD_Opt,2026-03-18 15:03:15.724433,-85.1785659790039,-63.29690933227539,0.0021809004247188,48.805,-4.256,0.889,0.0,0,0,1,,1.0,2026-03-18T15:03:15.724433,neutral,0.946,2026-03-18T15:03:15.724433,0.3418664653261163,2026-03-18T15:03:14.984000,91,,,
participant_27,1,day,Town10HD_Opt,2026-03-18 15:03:16.729687,-90.26730346679688,-60.33585739135742,0.0020597837865352,49.63,-4.2,0.866,0.0,0,0,1,,1.0,2026-03-18T15:03:16.729687,neutral,0.946,2026-03-18T15:03:15.724433,0.3606158764391722,2026-03-18T15:03:15.973000,94,,,
participant_27,1,day,Town10HD_Opt,2026-03-18 15:03:17.795654,-94.86151123046876,-56.90310287475586,0.0019765852484852,50.389,-4.24,0.534,0.0,0,0,1,,1.0,2026-03-18T15:03:17.795654,neutral,0.891,2026-03-18T15:03:17.795654,0.3858265690019354,2026-03-18T15:03:16.963000,93,,,
participant_27,1,day,Town10HD_Opt,2026-03-18 15:03:18.793453,-99.07915496826172,-52.91825485229492,0.0021458053961396,48.059,-4.11,0.0,0.0,0,0,1,,1.0,2026-03-18T15:03:18.793453,neutral,0.891,2026-03-18T15:03:17.795654,0.3477336493080294,2026-03-18T15:03:17.953000,96,,,
participant_27,1,day,Town10HD_Opt,2026-03-18 15:03:19.843195,-102.5078125,-48.867713928222656,0.0022960281930863,42.906,-3.848,0.421,0.0,0,0,1,,1.0,2026-03-18T15:03:19.843195,neutral,0.818,2026-03-18T15:03:19.843195,0.3682381899554379,2026-03-18T15:03:19.080000,96,,,
participant_27,1,day,Town10HD_Opt,2026-03-18 15:03:20.814706,-105.25655364990234,-44.80488586425781,0.0021280669607222,41.471,-5.326,0.387,0.0,0,0,1,,1.0,2026-03-18T15:03:20.814706,neutral,0.818,2026-03-18T15:03:19.843195,0.3951262133644388,2026-03-18T15:03:20.024000,96,,,
participant_27,1,day,Town10HD_Opt,2026-03-18 15:03:21.862797,-107.30377960205078,-40.62248611450195,0.0022755051031708,37.431,-10.058,0.0,0.0,0,0,1,,1.0,2026-03-18T15:03:21.862797,neutral,0.86,2026-03-18T15:03:21.862797,0.3840151769314927,2026-03-18T15:03:20.969000,92,,,
participant_27,1,day,Town10HD_Opt,2026-03-18 15:03:22.879923,-108.30380249023438,-36.75458908081055,0.0023344801738858,31.474,-6.068,0.0,0.0,0,0,1,,1.0,2026-03-18T15:03:22.879923,neutral,0.86,2026-03-18T15:03:21.862797,0.3349439894633277,2026-03-18T15:03:22.003000,94,,,
participant_27,1,day,Town10HD_Opt,2026-03-18 15:03:23.888686,-108.7476806640625,-33.419189453125,0.0022911452688276,26.458,-3.785,0.041,0.0,0,0,1,,1.0,2026-03-18T15:03:23.888686,neutral,0.661,2026-03-18T15:03:23.888686,0.3476849226935173,2026-03-18T15:03:23.004000,91,,,
participant_27,1,day,Town10HD_Opt,2026-03-18 15:03:24.886455,-108.9623031616211,-30.5544376373291,0.0021992111578583,23.209,-1.26,0.306,0.0,0,0,1,,1.0,2026-03-18T15:03:24.886455,neutral,0.661,2026-03-18T15:03:23.888686,0.3071015125054342,2026-03-18T15:03:23.983000,91,,,
participant_27,1,day,Town10HD_Opt,2026-03-18 15:03:25.901121,-109.10139465332033,-27.87288475036621,0.0020307539962232,23.517,-1.814,0.478,0.0,0,0,1,,1.0,2026-03-18T15:03:25.901121,neutral,0.727,2026-03-18T15:03:25.901121,0.339003955945456,2026-03-18T15:03:25.965000,90,,,errors=Solid line crossing
participant_27,1,day,Town10HD_Opt,2026-03-18 15:03:26.946318,-109.18350982666016,-25.038026809692383,0.0019617462530732,25.173,-1.241,0.45,0.0,0,0,1,,1.0,2026-03-18T15:03:26.946318,neutral,0.727,2026-03-18T15:03:25.901121,0.3559771532430495,2026-03-18T15:03:26.998000,92,,,
participant_27,1,day,Town10HD_Opt,2026-03-18 15:03:27.481361,-109.20802307128906,-23.546031951904297,0.0019740676507353,25.842,-0.562,0.333,0.0,0,0,1,,1.0,2026-03-18T15:03:27.481361,neutral,0.727,2026-03-18T15:03:25.901121,0.3532816387561637,2026-03-18T15:03:26.998000,91,,,
participant_27,1,day,Town10HD_Opt,2026-03-18 15:03:28.525123,-109.2606201171875,-20.609663009643555,0.0021628951653838,23.282,1.149,0.0,0.0,0,0,1,,1.0,2026-03-18T15:03:28.525123,fear,0.435,2026-03-18T15:03:28.525123,0.3714466631987335,2026-03-18T15:03:28.259000,92,,,
participant_27,1,day,Town10HD_Opt,2026-03-18 15:03:29.541396,-109.34305572509766,-18.1127872467041,0.0022614288609474,19.083,-0.035,0.0,0.248,0,0,1,,1.0,2026-03-18T15:03:29.541396,fear,0.435,2026-03-18T15:03:28.525123,0.2895001539795431,2026-03-18T15:03:29.023000,92,,,
participant_27,1,day,Town10HD_Opt,2026-03-18 15:03:30.554480,-109.40422821044922,-16.16376304626465,0.0020934676285833,14.343,-0.284,0.0,0.535,0,0,1,,1.0,2026-03-18T15:03:30.554480,neutral,0.989,2026-03-18T15:03:30.554480,0.3685388353776606,2026-03-18T15:03:30.014000,92,,,errors=Harsh braking
participant_27,1,day,Town10HD_Opt,2026-03-18 15:03:31.564693,-109.4425048828125,-14.811421394348145,0.0021775816567242,8.933,-0.28,0.0,0.772,0,0,1,,1.0,2026-03-18T15:03:31.564693,neutral,0.989,2026-03-18T15:03:30.554480,0.2440253555040489,2026-03-18T15:03:31.048000,90,,,errors=Vehicle collision
participant_27,1,day,Town10HD_Opt,2026-03-18 15:03:32.575892,-109.44893646240234,-14.51313591003418,-0.0004953765892423,0.04,-0.28,0.0,0.976,0,0,1,,1.0,2026-03-18T15:03:32.575892,neutral,0.836,2026-03-18T15:03:32.575892,0.3082058894151308,2026-03-18T15:03:32.038000,90,,,
participant_27,1,day,Town10HD_Opt,2026-03-18 15:03:33.572200,-109.44866180419922,-14.513399124145508,0.0017199707217514,0.002,-0.167,0.0,0.037,0,0,1,,1.0,2026-03-18T15:03:33.572200,neutral,0.836,2026-03-18T15:03:32.575892,0.2829793273996054,2026-03-18T15:03:33.209000,91,,,
participant_27,1,day,Town10HD_Opt,2026-03-18 15:03:34.542435,-109.4486312866211,-14.513436317443848,0.00186450954061,0.0,-0.181,0.0,0.022,0,0,1,,1.0,2026-03-18T15:03:34.542435,neutral,0.836,2026-03-18T15:03:32.575892,0.3032340633948869,2026-03-18T15:03:33.983000,88,Solid line crossing,Solid line crossing,
participant_27,1,day,Town10HD_Opt,2026-03-18 15:03:35.530590,-109.44862365722656,-14.513436317443848,0.0018695830367505,0.0,-0.181,0.0,0.02,0,0,1,,1.0,2026-03-18T15:03:35.530590,angry,0.489,2026-03-18T15:03:35.530590,0.3445955654480196,2026-03-18T15:03:35.055000,87,,,
participant_27,1,day,Town10HD_Opt,2026-03-18 15:03:36.526805,-109.4486083984375,-14.51344108581543,0.0018891524523496,0.0,-0.193,0.0,0.0,0,0,1,,1.0,2026-03-18T15:03:36.526805,angry,0.489,2026-03-18T15:03:35.530590,0.3760594891846899,2026-03-18T15:03:36.134000,87,,,errors=Vehicle collision
participant_27,1,day,Town10HD_Opt,2026-03-18 15:03:37.495464,-109.44862365722656,-14.51369857788086,0.0019111251458525,0.012,0.334,0.0,0.0,0,0,1,,1.0,2026-03-18T15:03:37.495464,angry,0.489,2026-03-18T15:03:35.530590,0.3197674357253359,2026-03-18T15:03:36.134000,87,,,
participant_27,1,day,Town10HD_Opt,2026-03-18 15:03:38.460746,-109.44859313964844,-14.513434410095217,0.0019058608449995,0.0,0.822,0.0,0.0,0,0,1,,1.0,2026-03-18T15:03:38.460746,sad,0.605,2026-03-18T15:03:38.460746,0.392092978854234,2026-03-18T15:03:36.134000,87,,,
participant_27,1,day,Town10HD_Opt,2026-03-18 15:03:39.460188,-109.44859313964844,-14.513436317443848,0.0019121170043945,0.0,0.313,0.0,0.0,0,0,1,,1.0,2026-03-18T15:03:39.460188,sad,0.605,2026-03-18T15:03:38.460746,0.3759683171769111,2026-03-18T15:03:36.134000,88,,,
participant_27,1,day,Town10HD_Opt,2026-03-18 15:03:40.514405,-109.44859313964844,-14.513442039489746,0.0019171523163095,0.0,0.933,0.0,0.0,0,0,1,,1.0,2026-03-18T15:03:40.514405,neutral,0.639,2026-03-18T15:03:40.514405,0.345497510504222,2026-03-18T15:03:36.134000,89,,,
participant_27,1,day,Town10HD_Opt,2026-03-18 15:03:41.555996,-109.44860076904295,-14.513468742370604,0.0019190978491678,0.002,0.266,0.297,0.0,0,1,-1,,1.0,2026-03-18T15:03:41.555996,neutral,0.639,2026-03-18T15:03:40.514405,0.3305168109844361,2026-03-18T15:03:36.134000,86,,,
participant_27,1,day,Town10HD_Opt,2026-03-18 15:03:42.542293,-109.44676208496094,-14.57384967803955,0.002100562909618,3.15,0.313,0.892,0.0,0,1,-1,,1.0,2026-03-18T15:03:42.542293,sad,0.453,2026-03-18T15:03:42.542293,0.3347792630665684,2026-03-18T15:03:36.134000,89,,,
participant_27,1,day,Town10HD_Opt,2026-03-18 15:03:43.591621,-109.4235610961914,-15.303202629089355,0.0022037506569176,9.036,0.324,0.437,0.0,0,1,-1,,1.0,2026-03-18T15:03:43.591621,sad,0.453,2026-03-18T15:03:42.542293,0.2885964669767736,2026-03-18T15:03:36.134000,87,,,
participant_27,1,day,Town10HD_Opt,2026-03-18 15:03:44.620228,-109.39390563964844,-16.31529998779297,0.0017456435598433,3.721,-0.458,0.0,0.0,0,0,1,,1.0,2026-03-18T15:03:44.620228,neutral,0.652,2026-03-18T15:03:44.620228,0.3892689775454384,2026-03-18T15:03:36.134000,88,,,
participant_27,1,day,Town10HD_Opt,2026-03-18 15:03:45.646519,-109.38983154296876,-16.41895294189453,0.0016149901784956,1.961,-19.332,0.745,0.0,0,0,1,,1.0,2026-03-18T15:03:45.646519,neutral,0.652,2026-03-18T15:03:44.620228,0.3150213132547204,2026-03-18T15:03:36.134000,88,,,errors=Solid line crossing
participant_27,1,day,Town10HD_Opt,2026-03-18 15:03:46.660076,-109.2509765625,-15.788300514221191,0.0015703963581472,9.319,-29.317,0.76,0.0,0,0,1,,1.0,2026-03-18T15:03:46.660076,neutral,0.753,2026-03-18T15:03:46.660076,0.3302220571125895,2026-03-18T15:03:36.134000,87,,,
participant_27,1,day,Town10HD_Opt,2026-03-18 15:03:47.663479,-108.73445892333984,-14.357807159423828,0.001583824167028,16.681,-20.503,0.749,0.0,0,0,1,,1.0,2026-03-18T15:03:47.663479,neutral,0.753,2026-03-18T15:03:46.660076,0.3604741855920333,2026-03-18T15:03:36.134000,87,,,
participant_27,1,day,Town10HD_Opt,2026-03-18 15:03:48.738181,-108.06049346923828,-12.22265338897705,0.0018756865756586,21.922,15.884,0.763,0.0,0,0,1,,1.0,2026-03-18T15:03:48.738181,angry,0.713,2026-03-18T15:03:48.738181,0.3259065252838505,2026-03-18T15:03:36.134000,88,,,
participant_27,1,day,Town10HD_Opt,2026-03-18 15:03:49.810754,-107.7755355834961,-9.36121940612793,0.0017568205948919,28.227,5.073,0.68,0.0,0,0,1,,1.0,2026-03-18T15:03:49.810754,angry,0.713,2026-03-18T15:03:48.738181,0.375433168456825,2026-03-18T15:03:36.134000,87,,,
participant_27,1,day,Town10HD_Opt,2026-03-18 15:03:50.846375,-107.6754150390625,-5.814822673797607,0.0017903136322274,32.907,3.047,0.664,0.0,0,0,1,,1.0,2026-03-18T15:03:50.846375,angry,0.417,2026-03-18T15:03:50.846375,0.3226862951875601,2026-03-18T15:03:36.134000,85,,,
participant_27,1,day,Town10HD_Opt,2026-03-18 15:03:51.924109,-107.76810455322266,-1.7370461225509644,0.001861419645138,36.66,1.05,0.574,0.0,0,0,1,,1.0,2026-03-18T15:03:51.924109,angry,0.417,2026-03-18T15:03:50.846375,0.3436937563643383,2026-03-18T15:03:36.134000,88,,,errors=Red light violation
participant_27,1,day,Town10HD_Opt,2026-03-18 15:03:52.488967,-107.86103057861328,0.4383885860443115,0.0019043731736019,37.846,0.364,0.493,0.0,0,0,1,,1.0,2026-03-18T15:03:52.488967,angry,0.417,2026-03-18T15:03:50.846375,0.3447115221591083,2026-03-18T15:03:36.134000,89,,,
participant_27,1,day,Town10HD_Opt,2026-03-18 15:03:53.567696,-107.99348449707033,4.918452262878418,0.0019929122645407,38.839,-6.573,0.462,0.0,0,0,1,,1.0,2026-03-18T15:03:53.567696,angry,0.812,2026-03-18T15:03:53.567696,0.375841660630651,2026-03-18T15:03:36.134000,88,,,
participant_27,1,day,Town10HD_Opt,2026-03-18 15:03:54.630828,-107.58185577392578,9.433926582336426,0.0020352171268314,39.046,-7.033,0.453,0.0,0,0,1,,0.808,2026-03-18T15:03:54.630828,angry,0.812,2026-03-18T15:03:53.567696,0.302759038514131,2026-03-18T15:03:36.134000,88,,,
participant_27,1,day,Town10HD_Opt,2026-03-18 15:03:55.650341,-106.48052215576172,13.862829208374023,0.0020388029515743,39.259,-5.86,0.452,0.0,0,0,1,,1.0,2026-03-18T15:03:55.650341,angry,0.59,2026-03-18T15:03:55.650341,0.3288236384061155,2026-03-18T15:03:36.134000,87,,,
participant_27,1,day,Town10HD_Opt,2026-03-18 15:03:56.701959,-104.80220794677734,18.12914085388184,0.0020413971506059,39.406,-6.955,0.451,0.0,0,0,1,,0.814,2026-03-18T15:03:56.701959,angry,0.59,2026-03-18T15:03:55.650341,0.3048389215512919,2026-03-18T15:03:36.134000,88,,,
participant_27,1,day,Town10HD_Opt,2026-03-18 15:03:57.803262,-102.39044952392578,22.009014129638672,0.0020751571282744,39.092,-15.287,0.449,0.0,0,0,1,,1.0,2026-03-18T15:03:57.803262,neutral,0.578,2026-03-18T15:03:57.803262,0.329767657813913,2026-03-18T15:03:36.134000,88,,,
participant_27,1,day,Town10HD_Opt,2026-03-18 15:03:58.859515,-99.04663848876952,25.07009506225586,0.0020745086949318,38.945,-11.641,0.448,0.0,0,0,1,,1.0,2026-03-18T15:03:58.859515,neutral,0.578,2026-03-18T15:03:57.803262,0.3001629446410821,2026-03-18T15:03:36.134000,88,,,
participant_27,1,day,Town10HD_Opt,2026-03-18 15:03:59.921960,-95.03995513916016,27.13766288757324,0.0020854568574577,38.639,-14.805,0.447,0.0,0,0,1,,1.0,2026-03-18T15:03:59.921960,angry,0.939,2026-03-18T15:03:59.921960,0.3900441122539276,2026-03-18T15:03:36.134000,89,Stop sign violation,stop_sign_id=833,
participant_27,1,day,Town10HD_Opt,2026-03-18 15:04:00.484902,-92.87059020996094,27.694250106811523,0.002105827210471,38.169,-13.472,0.0,0.0,0,0,1,,1.0,2026-03-18T15:04:00.484902,angry,0.939,2026-03-18T15:03:59.921960,0.3602890920835923,2026-03-18T15:03:36.134000,87,,,
participant_27,1,day,Town10HD_Opt,2026-03-18 15:04:01.542267,-88.72946166992188,28.01972198486328,0.0022990799043327,33.001,-3.328,0.0,0.0,0,0,1,,1.0,2026-03-18T15:04:01.542267,angry,0.939,2026-03-18T15:03:59.921960,0.3153740202159337,2026-03-18T15:03:36.134000,88,,,
participant_27,1,day,Town10HD_Opt,2026-03-18 15:04:02.633179,-85.20264434814453,27.99671173095703,0.0022977828048169,27.735,-0.291,0.0,0.0,0,0,1,,1.0,2026-03-18T15:04:02.633179,angry,0.669,2026-03-18T15:04:02.633179,0.3012605757803505,2026-03-18T15:03:36.134000,88,,,
participant_27,1,day,Town10HD_Opt,2026-03-18 15:04:03.698433,-82.25318908691406,27.95724105834961,0.0022696685045957,23.09,0.367,0.0,0.0,0,0,1,,1.0,2026-03-18T15:04:03.698433,angry,0.669,2026-03-18T15:04:02.633179,0.3701182074550908,2026-03-18T15:03:36.134000,89,,,
participant_27,1,day,Town10HD_Opt,2026-03-18 15:04:04.730525,-79.81352996826172,27.935834884643555,0.0022440718021243,18.979,0.334,0.0,0.0,0,0,1,,0.886,2026-03-18T15:04:04.730525,neutral,0.978,2026-03-18T15:04:04.730525,0.3819110154014872,2026-03-18T15:03:36.134000,88,,,
participant_27,1,day,Town10HD_Opt,2026-03-18 15:04:05.769732,-77.7842788696289,27.918983459472656,0.001999053871259,16.058,-0.287,0.0,0.0,0,0,1,,1.0,2026-03-18T15:04:05.769732,neutral,0.978,2026-03-18T15:04:04.730525,0.3967455765835386,2026-03-18T15:03:36.134000,87,,,
participant_27,1,day,Town10HD_Opt,2026-03-18 15:04:06.789254,-76.07015991210938,27.897891998291016,0.002042579697445,13.259,-0.322,0.0,0.0,0,0,1,,1.0,2026-03-18T15:04:06.789254,neutral,0.588,2026-03-18T15:04:06.789254,0.4112906154728504,2026-03-18T15:03:36.134000,87,,,
participant_27,1,day,Town10HD_Opt,2026-03-18 15:04:07.779174,-74.633544921875,27.87608337402344,0.0020248412620276,11.123,-0.327,0.0,0.0,0,0,1,,1.0,2026-03-18T15:04:07.779174,neutral,0.588,2026-03-18T15:04:06.789254,0.3541742957465954,2026-03-18T15:03:36.134000,90,,,
participant_27,1,day,Town10HD_Opt,2026-03-18 15:04:08.817239,-73.42848205566406,27.85484504699707,0.0020083235576748,9.465,-0.327,0.0,0.0,0,0,1,,1.0,2026-03-18T15:04:08.817239,angry,0.828,2026-03-18T15:04:08.817239,0.3523949062790965,2026-03-18T15:03:36.134000,87,,,
participant_27,1,day,Town10HD_Opt,2026-03-18 15:04:09.809673,-72.4180679321289,27.83495140075684,0.0019940184429287,7.821,-0.327,0.0,0.0,0,0,1,,1.0,2026-03-18T15:04:09.809673,angry,0.828,2026-03-18T15:04:08.817239,0.3240258267770824,2026-03-18T15:03:36.134000,88,,,
participant_27,1,day,Town10HD_Opt,2026-03-18 15:04:10.854986,-71.57089233398438,27.81679344177246,0.0019820784218609,6.557,-0.327,0.0,0.0,0,0,1,,1.0,2026-03-18T15:04:10.854986,angry,0.452,2026-03-18T15:04:10.854986,0.3382727648257806,2026-03-18T15:03:36.134000,89,,,
participant_27,1,day,Town10HD_Opt,2026-03-18 15:04:11.833339,-70.86061096191406,27.80052757263184,0.0019717407412827,5.579,-0.327,0.0,0.0,0,0,1,,1.0,2026-03-18T15:04:11.833339,angry,0.452,2026-03-18T15:04:10.854986,0.3987005584860893,2026-03-18T15:04:11.100000,92,,,
participant_27,1,day,Town10HD_Opt,2026-03-18 15:04:12.865282,-70.26506805419922,27.786170959472656,0.0019632338080555,4.678,-0.317,0.0,0.0,0,0,1,,1.0,2026-03-18T15:04:12.865282,angry,0.576,2026-03-18T15:04:12.865282,0.3715769561586167,2026-03-18T15:04:12.178000,91,,,
participant_27,1,day,Town10HD_Opt,2026-03-18 15:04:13.851954,-69.76577758789062,27.77369880676269,0.0019561767112463,3.922,-0.298,0.0,0.0,0,0,1,,1.0,2026-03-18T15:04:13.851954,angry,0.576,2026-03-18T15:04:12.865282,0.3289374996431062,2026-03-18T15:04:12.991000,90,,,
participant_27,1,day,Town10HD_Opt,2026-03-18 15:04:14.830645,-69.3471908569336,27.762943267822266,0.0019502257928252,3.24,-0.289,0.0,0.0,0,0,1,,1.0,2026-03-18T15:04:14.830645,angry,0.576,2026-03-18T15:04:12.865282,0.3495846599630038,2026-03-18T15:04:13.980000,90,,,
participant_27,1,day,Town10HD_Opt,2026-03-18 15:04:15.805970,-68.99623107910156,27.753719329833984,0.0019451522966846,2.757,-0.289,0.0,0.0,0,0,1,,1.0,2026-03-18T15:04:15.805970,neutral,0.642,2026-03-18T15:04:15.805970,0.4374525099509099,2026-03-18T15:04:14.969000,90,,,
participant_27,1,day,Town10HD_Opt,2026-03-18 15:04:16.765971,-68.70198822021484,27.74582290649414,0.0019409561064094,2.311,-0.289,0.0,0.0,0,0,1,,1.0,2026-03-18T15:04:16.765971,neutral,0.642,2026-03-18T15:04:15.805970,0.3519925353644856,2026-03-18T15:04:15.964000,92,,,
participant_27,1,day,Town10HD_Opt,2026-03-18 15:04:17.714457,-68.45526885986328,27.73909568786621,0.0019374465337023,1.938,-0.289,0.0,0.0,0,0,1,,1.0,2026-03-18T15:04:17.714457,neutral,0.642,2026-03-18T15:04:15.805970,0.4560030432587332,2026-03-18T15:04:16.994000,90,,,
participant_27,1,day,Town10HD_Opt,2026-03-18 15:04:18.690909,-68.24844360351562,27.73336601257324,0.0019344710744917,1.601,-0.289,0.0,0.0,0,0,1,,1.0,2026-03-18T15:04:18.690909,angry,0.932,2026-03-18T15:04:18.690909,0.4230269821351157,2026-03-18T15:04:17.984000,93,,,
participant_27,1,day,Town10HD_Opt,2026-03-18 15:04:19.672241,-68.07503509521484,27.72851181030273,0.0019319915445521,1.362,-0.289,0.0,0.0,0,0,1,,1.0,2026-03-18T15:04:19.672241,angry,0.932,2026-03-18T15:04:18.690909,0.3885564934609119,2026-03-18T15:04:19.064000,89,,,
participant_27,1,day,Town10HD_Opt,2026-03-18 15:04:20.613469,-67.92964172363281,27.72439956665039,0.0019299315754324,1.142,-0.289,0.0,0.0,0,0,1,,1.0,2026-03-18T15:04:20.613469,angry,0.932,2026-03-18T15:04:18.690909,0.3891846561432343,2026-03-18T15:04:20.054000,88,,,
participant_27,1,day,Town10HD_Opt,2026-03-18 15:04:21.605594,-67.80769348144531,27.720924377441406,0.0019280624110251,0.958,-0.289,0.0,0.0,0,0,1,,1.0,2026-03-18T15:04:21.605594,neutral,0.621,2026-03-18T15:04:21.605594,0.3826578801933266,2026-03-18T15:04:21,89,,,
participant_27,1,day,Town10HD_Opt,2026-03-18 15:04:22.583106,-67.70541381835938,27.71799087524414,0.0019266890594735,0.804,-0.284,0.0,0.0,0,0,1,,1.0,2026-03-18T15:04:22.583106,neutral,0.621,2026-03-18T15:04:21.605594,0.4376675430474448,2026-03-18T15:04:22.259000,87,,,
participant_27,1,day,Town10HD_Opt,2026-03-18 15:04:23.604296,-67.61962127685547,27.715518951416016,0.0019254302605986,0.674,-0.207,0.0,0.0,0,0,1,,1.0,2026-03-18T15:04:23.604296,neutral,0.621,2026-03-18T15:04:21.605594,0.3592337519783929,2026-03-18T15:04:23.070000,92,,,
participant_27,1,day,Town10HD_Opt,2026-03-18 15:04:24.629872,-67.54769134521484,27.71352195739746,0.0019244384020566,0.557,0.237,0.0,0.0,0,0,1,,1.0,2026-03-18T15:04:24.629872,neutral,0.622,2026-03-18T15:04:24.629872,0.2941147988323737,2026-03-18T15:04:23.969000,88,,,
participant_27,1,day,Town10HD_Opt,2026-03-18 15:04:25.604795,-67.48737335205078,27.71212577819824,0.0019235991640016,0.467,0.672,0.0,0.0,0,0,1,,1.0,2026-03-18T15:04:25.604795,neutral,0.622,2026-03-18T15:04:24.629872,0.4060222572626524,2026-03-18T15:04:25.049000,90,,,
participant_27,1,day,Town10HD_Opt,2026-03-18 15:04:26.624584,-67.43804168701172,27.71111297607422,0.001929817139171,0.671,0.745,0.584,0.0,0,0,1,,0.837,2026-03-18T15:04:26.624584,neutral,0.622,2026-03-18T15:04:24.629872,0.3560471498452568,2026-03-18T15:04:25.994000,88,,,
participant_27,1,day,Town10HD_Opt,2026-03-18 15:04:27.684822,-66.9989242553711,27.70276260375977,0.0014974975492805,9.627,0.846,1.0,0.0,0,0,1,,1.0,2026-03-18T15:04:27.684822,angry,0.991,2026-03-18T15:04:27.684822,0.3897274274047222,2026-03-18T15:04:26.984000,90,,,
participant_27,1,day,Town10HD_Opt,2026-03-18 15:04:28.760154,-65.35797882080078,27.67895698547364,0.001583824167028,18.771,0.731,0.878,0.0,0,0,1,,1.0,2026-03-18T15:04:28.760154,angry,0.991,2026-03-18T15:04:27.684822,0.3434399016790955,2026-03-18T15:04:27.974000,87,,,
participant_27,1,day,Town10HD_Opt,2026-03-18 15:04:29.947083,-62.81221008300781,27.65732192993164,0.0016939544584602,26.163,0.625,0.847,0.0,0,0,1,,1.0,2026-03-18T15:04:29.947083,angry,0.996,2026-03-18T15:04:29.947083,0.3927272917106766,2026-03-18T15:04:29.999000,90,,,
participant_27,1,day,Town10HD_Opt,2026-03-18 15:04:30.528258,-61.20237731933594,27.653995513916016,0.0016487502725794,30.309,0.686,0.846,0.0,0,0,1,,1.0,2026-03-18T15:04:30.528258,angry,0.996,2026-03-18T15:04:29.947083,0.4029739612401184,2026-03-18T15:04:29.999000,89,,,
participant_27,1,day,Town10HD_Opt,2026-03-18 15:04:31.569456,-57.25286865234375,27.67789649963379,0.0016450118273496,38.431,0.515,1.0,0.0,0,0,1,,1.0,2026-03-18T15:04:31.569456,angry,0.996,2026-03-18T15:04:29.947083,0.3381868221856746,2026-03-18T15:04:31.034000,89,,,
participant_27,1,day,Town10HD_Opt,2026-03-18 15:04:32.565840,-52.31488037109375,27.757225036621094,0.0015829467447474,46.973,0.345,1.0,0.0,0,0,1,,1.0,2026-03-18T15:04:32.565840,neutral,0.499,2026-03-18T15:04:32.565840,0.3426113494564239,2026-03-18T15:04:32.069000,89,,,
participant_27,1,day,Town10HD_Opt,2026-03-18 15:04:33.566324,-46.37425994873047,27.906328201293945,0.0018811034969985,51.144,0.261,0.0,0.168,0,0,1,,0.865,2026-03-18T15:04:33.566324,neutral,0.499,2026-03-18T15:04:32.565840,0.3288779351920808,2026-03-18T15:04:32.970000,90,,,
participant_27,1,day,Town10HD_Opt,2026-03-18 15:04:34.616144,-40.6382064819336,28.047821044921875,0.0020559690892696,49.724,-0.999,0.862,0.0,0,0,1,,1.0,2026-03-18T15:04:34.616144,angry,1.0,2026-03-18T15:04:34.616144,0.3387910759050069,2026-03-18T15:04:34.049000,90,,,
participant_27,1,day,Town10HD_Opt,2026-03-18 15:04:35.662162,-34.73781204223633,28.07004165649414,0.0021406935993582,48.767,-0.585,0.81,0.0,0,0,1,,1.0,2026-03-18T15:04:35.662162,angry,1.0,2026-03-18T15:04:34.616144,0.304533605406429,2026-03-18T15:04:34.995000,93,,,
participant_27,1,day,Town10HD_Opt,2026-03-18 15:04:36.729998,-28.972625732421875,27.989505767822266,0.0019072722643613,51.28,-0.439,0.0,0.128,0,0,1,,1.0,2026-03-18T15:04:36.729998,angry,0.996,2026-03-18T15:04:36.729998,0.3532282791026511,2026-03-18T15:04:36.164000,91,,,
participant_27,1,day,Town10HD_Opt,2026-03-18 15:04:37.758826,-23.14889335632324,27.8498477935791,0.0021685408428311,48.412,-0.021,0.782,0.0,0,0,1,,1.0,2026-03-18T15:04:37.758826,angry,0.996,2026-03-18T15:04:36.729998,0.3650964128298242,2026-03-18T15:04:36.976000,89,,,
participant_27,1,day,Town10HD_Opt,2026-03-18 15:04:38.821228,-17.315229415893555,27.69706153869629,0.0019810104276984,50.121,0.094,0.0,0.0,0,0,1,,1.0,2026-03-18T15:04:38.821228,angry,0.88,2026-03-18T15:04:38.821228,0.3853960997153896,2026-03-18T15:04:38.012000,91,,,
participant_27,1,day,Town10HD_Opt,2026-03-18 15:04:39.824396,-11.575992584228516,27.58224296569824,0.0026332091074436,49.944,0.733,0.776,0.0,0,0,1,,1.0,2026-03-18T15:04:39.824396,angry,0.88,2026-03-18T15:04:38.821228,0.38935945555751,2026-03-18T15:04:39.077000,91,,,
participant_27,1,day,Town10HD_Opt,2026-03-18 15:04:40.866673,-5.707626819610596,27.57280540466309,0.0021456526592373,48.531,0.522,0.561,0.0,0,0,1,,1.0,2026-03-18T15:04:40.866673,angry,0.919,2026-03-18T15:04:40.866673,0.3464263779008936,2026-03-18T15:04:40.124000,93,,,
participant_27,1,day,Town10HD_Opt,2026-03-18 15:04:41.441339,-2.881365299224853,27.6015625,0.0020999144762754,48.492,-0.153,0.542,0.0,0,0,1,,1.0,2026-03-18T15:04:41.441339,angry,0.919,2026-03-18T15:04:40.866673,0.3504299019079406,2026-03-18T15:04:41.120000,91,,,
participant_27,1,day,Town10HD_Opt,2026-03-18 15:04:42.498023,2.811551332473755,27.654266357421875,0.0020156097598373,49.199,-3.186,0.531,0.0,0,0,1,,1.0,2026-03-18T15:04:42.498023,angry,0.919,2026-03-18T15:04:40.866673,0.4250569085698753,2026-03-18T15:04:41.969000,91,,,
participant_27,1,day,Town10HD_Opt,2026-03-18 15:04:43.520992,8.574812889099121,27.43061637878418,0.0020149610936641,49.715,-3.443,0.519,0.0,0,0,1,,1.0,2026-03-18T15:04:43.520992,angry,0.991,2026-03-18T15:04:43.520992,0.4427319602908265,2026-03-18T15:04:42.959000,91,,,
participant_27,1,day,Town10HD_Opt,2026-03-18 15:04:44.533572,14.358019828796388,26.8355712890625,0.0020580291748046,49.547,2.421,0.348,0.0,0,0,1,,1.0,2026-03-18T15:04:44.533572,angry,0.991,2026-03-18T15:04:43.520992,0.42825320801652,2026-03-18T15:04:44.174000,90,,,
participant_27,1,day,Town10HD_Opt,2026-03-18 15:04:45.536986,19.98646354675293,26.52541732788086,0.0021516035776585,46.955,5.099,0.355,0.0,0,0,1,,1.0,2026-03-18T15:04:45.536986,angry,0.538,2026-03-18T15:04:45.536986,0.3630908704067118,2026-03-18T15:04:45.029000,89,,,
participant_27,1,day,Town10HD_Opt,2026-03-18 15:04:46.522919,25.345502853393555,26.90239906311035,0.0021221542265266,45.379,5.125,0.477,0.0,0,0,1,,1.0,2026-03-18T15:04:46.522919,angry,0.538,2026-03-18T15:04:45.536986,0.3693281753330403,2026-03-18T15:04:46.065000,90,,,
participant_27,1,day,Town10HD_Opt,2026-03-18 15:04:47.569287,30.494903564453125,28.024789810180664,0.0022157286293804,44.986,10.891,0.474,0.0,0,0,1,,1.0,2026-03-18T15:04:47.569287,angry,0.986,2026-03-18T15:04:47.569287,0.459813730637206,2026-03-18T15:04:47.324000,89,,,
participant_27,1,day,Town10HD_Opt,2026-03-18 15:04:48.618737,35.12033462524414,30.33627319335937,0.0021032714284956,43.854,20.442,0.466,0.0,0,0,1,,1.0,2026-03-18T15:04:48.618737,angry,0.986,2026-03-18T15:04:47.569287,0.3724399119420862,2026-03-18T15:04:47.999000,90,,,
participant_27,1,day,Town10HD_Opt,2026-03-18 15:04:49.662653,38.264591217041016,34.12662887573242,0.0022062682546675,41.301,15.795,0.107,0.0,0,0,1,,1.0,2026-03-18T15:04:49.662653,angry,0.652,2026-03-18T15:04:49.662653,0.316559261332817,2026-03-18T15:04:49.034000,90,,,
participant_27,1,day,Town10HD_Opt,2026-03-18 15:04:50.685045,39.659610748291016,38.3983039855957,0.0023352813441306,35.324,4.938,0.0,0.0,0,0,1,,1.0,2026-03-18T15:04:50.685045,angry,0.652,2026-03-18T15:04:49.662653,0.4388185354725938,2026-03-18T15:04:50.114000,91,,,
participant_27,1,day,Town10HD_Opt,2026-03-18 15:04:51.760790,40.26545715332031,42.15949249267578,0.0023511885665357,29.641,4.244,0.0,0.171,0,0,1,,1.0,2026-03-18T15:04:51.760790,angry,0.481,2026-03-18T15:04:51.760790,0.3846108696917544,2026-03-18T15:04:51.015000,89,,,
participant_27,1,day,Town10HD_Opt,2026-03-18 15:04:52.861207,40.50265884399414,45.27641677856445,0.0022980880457907,24.408,4.674,0.0,0.0,0,0,1,,1.0,2026-03-18T15:04:52.861207,angry,0.481,2026-03-18T15:04:51.760790,0.3327270376225799,2026-03-18T15:04:51.958000,90,,,
participant_27,1,day,Town10HD_Opt,2026-03-18 15:04:53.898157,40.541282653808594,47.84917831420898,0.0022733688820153,19.82,-0.83,0.0,0.185,0,0,1,,1.0,2026-03-18T15:04:53.898157,neutral,0.932,2026-03-18T15:04:53.898157,0.3573573620098808,2026-03-18T15:04:53.984000,90,,,
participant_27,2,day,Town10HD_Opt,2026-03-18 15:15:00.000000,-41.66858673095703,89.7454833984375,0.5804919004440308,0.0,-0.247,0.0,0.0,0,0,0,,1.0,2026-03-18T15:15:00,,,2026-03-18T15:15:00,0.1569834365288422,2026-03-18T15:15:00,91,,,
participant_27,2,day,Town10HD_Opt,2026-03-18 15:15:04.667897,-41.66858673095703,89.7454833984375,0.0019181441748514,0.0,-0.247,0.0,0.0,0,0,0,,1.0,2026-03-18T15:15:04.667897,,,2026-03-18T15:15:04.667897,0.2924423846834869,2026-03-18T15:15:04.998000,94,,,
participant_27,2,day,Town10HD_Opt,2026-03-18 15:15:04.998879,-41.66858673095703,89.7454833984375,0.0019181441748514,0.0,-0.247,0.0,0.0,0,0,0,,1.0,2026-03-18T15:15:04.667897,,,2026-03-18T15:15:04.667897,0.1746504386766612,2026-03-18T15:15:04.998000,94,,,
participant_27,2,day,Town10HD_Opt,2026-03-18 15:15:06.246216,-41.66858673095703,89.7454833984375,0.0019181441748514,0.0,-0.247,0.0,0.0,0,0,0,,0.823,2026-03-18T15:15:06.246216,,,2026-03-18T15:15:04.667897,0.1649121052826565,2026-03-18T15:15:05.984000,97,,,
participant_27,2,day,Town10HD_Opt,2026-03-18 15:15:07.226773,-41.66858673095703,89.7454833984375,0.0019181441748514,0.0,-0.247,0.0,0.0,0,0,0,,1.0,2026-03-18T15:15:07.226773,neutral,0.949,2026-03-18T15:15:07.226773,0.2560936668311078,2026-03-18T15:15:07.020000,96,,,
participant_27,2,day,Town10HD_Opt,2026-03-18 15:15:08.287705,-41.66858673095703,89.7454833984375,0.0019181441748514,0.0,-0.247,0.0,0.0,0,0,0,,1.0,2026-03-18T15:15:08.287705,neutral,0.949,2026-03-18T15:15:07.226773,0.1968903948875168,2026-03-18T15:15:08.010000,91,,,
participant_27,2,day,Town10HD_Opt,2026-03-18 15:15:09.275112,-41.66858673095703,89.7454833984375,0.0019181441748514,0.0,-0.247,0.0,0.0,0,0,0,,1.0,2026-03-18T15:15:09.275112,neutral,0.944,2026-03-18T15:15:09.275112,0.2561322212985426,2026-03-18T15:15:09.001000,93,,,
participant_27,2,day,Town10HD_Opt,2026-03-18 15:15:10.288909,-41.66858673095703,89.7454833984375,0.0019181441748514,0.0,-0.247,0.0,0.0,0,0,0,,1.0,2026-03-18T15:15:10.288909,neutral,0.944,2026-03-18T15:15:09.275112,0.2298663968831532,2026-03-18T15:15:09.990000,92,,,
participant_27,2,day,Town10HD_Opt,2026-03-18 15:15:11.309272,-41.66858673095703,89.7454833984375,0.0019181441748514,0.0,-0.247,0.0,0.0,0,0,0,,1.0,2026-03-18T15:15:11.309272,happy,0.988,2026-03-18T15:15:11.309272,0.2135398515674051,2026-03-18T15:15:10.980000,93,,,
participant_27,2,day,Town10HD_Opt,2026-03-18 15:15:12.064549,-41.66858673095703,89.7454833984375,0.0019181441748514,0.0,-0.247,0.0,0.0,0,0,0,,1.0,2026-03-18T15:15:12.064549,happy,0.988,2026-03-18T15:15:11.309272,0.3320213667602367,2026-03-18T15:15:12.014000,93,,,
participant_27,2,day,Town10HD_Opt,2026-03-18 15:15:13.047995,-41.66858673095703,89.7454833984375,0.0019181441748514,0.0,-0.247,0.0,0.0,0,0,0,,1.0,2026-03-18T15:15:13.047995,happy,0.988,2026-03-18T15:15:11.309272,0.2588156616930523,2026-03-18T15:15:13.005000,91,,,
participant_27,2,day,Town10HD_Opt,2026-03-18 15:15:14.062123,-41.66858673095703,89.7454833984375,0.0019181441748514,0.0,-0.247,0.0,0.0,0,0,0,,1.0,2026-03-18T15:15:14.062123,happy,0.866,2026-03-18T15:15:14.062123,0.2394432350967937,2026-03-18T15:15:13.996000,92,,,
participant_27,2,day,Town10HD_Opt,2026-03-18 15:15:15.115988,-41.66858673095703,89.7454833984375,0.0019181441748514,0.0,0.644,0.778,0.0,0,0,0,,1.0,2026-03-18T15:15:15.115988,happy,0.866,2026-03-18T15:15:14.062123,0.3155546660583667,2026-03-18T15:15:14.984000,92,,,
participant_27,2,day,Town10HD_Opt,2026-03-18 15:15:16.114850,-41.66599655151367,88.9237289428711,0.0013215255457907,14.487,0.611,0.962,0.0,0,0,1,,0.823,2026-03-18T15:15:16.114850,neutral,0.687,2026-03-18T15:15:16.114850,0.3254575652606351,2026-03-18T15:15:16.020000,92,,,
participant_27,2,day,Town10HD_Opt,2026-03-18 15:15:17.213873,-41.63834762573242,85.81222534179688,0.0019764709286391,17.947,0.827,0.128,0.0,0,0,1,,1.0,2026-03-18T15:15:17.213873,neutral,0.687,2026-03-18T15:15:16.114850,0.3150266308734891,2026-03-18T15:15:17.055000,91,,,
participant_27,2,day,Town10HD_Opt,2026-03-18 15:15:18.260523,-41.563758850097656,82.82283020019531,0.0019695663359016,16.146,3.471,0.186,0.0,0,0,1,,1.0,2026-03-18T15:15:18.260523,neutral,0.958,2026-03-18T15:15:18.260523,0.2867141188014007,2026-03-18T15:15:18,93,,,
participant_27,2,day,Town10HD_Opt,2026-03-18 15:15:19.013812,-41.39632415771485,80.9480972290039,0.0018938827561214,16.766,8.029,0.395,0.0,0,0,1,,0.895,2026-03-18T15:15:19.013812,neutral,0.958,2026-03-18T15:15:18.260523,0.2269368373558941,2026-03-18T15:15:19.080000,92,,,
participant_27,2,day,Town10HD_Opt,2026-03-18 15:15:20.064271,-40.76408004760742,77.9130859375,0.0020623398013412,18.345,10.656,0.375,0.0,0,0,1,,1.0,2026-03-18T15:15:20.064271,neutral,0.958,2026-03-18T15:15:18.260523,0.3001916214426764,2026-03-18T15:15:19.981000,96,,,
participant_27,2,day,Town10HD_Opt,2026-03-18 15:15:21.209080,-39.53650665283203,74.95092010498047,0.0020353698637336,18.772,15.721,0.367,0.0,0,0,1,,1.0,2026-03-18T15:15:21.209080,neutral,0.978,2026-03-18T15:15:21.209080,0.2731075910265843,2026-03-18T15:15:21.060000,95,,,
participant_27,2,day,Town10HD_Opt,2026-03-18 15:15:22.333452,-37.4530029296875,72.3740005493164,0.0020499038510024,19.442,19.644,0.344,0.0,0,0,1,,0.803,2026-03-18T15:15:22.333452,neutral,0.978,2026-03-18T15:15:21.209080,0.3047348969764626,2026-03-18T15:15:22.004000,98,,,
participant_27,2,day,Town10HD_Opt,2026-03-18 15:15:23.080779,-35.59904861450195,71.07665252685547,0.0020625304896384,19.638,20.498,0.344,0.0,0,0,1,,1.0,2026-03-18T15:15:23.080779,neutral,0.978,2026-03-18T15:15:21.209080,0.2837145670040258,2026-03-18T15:15:23.040000,94,,,
participant_27,2,day,Town10HD_Opt,2026-03-18 15:15:24.128667,-32.34900665283203,69.99526977539062,0.0020571136847138,19.986,13.161,0.342,0.0,0,0,1,,0.879,2026-03-18T15:15:24.128667,neutral,0.986,2026-03-18T15:15:24.128667,0.2249635223260125,2026-03-18T15:15:23.988000,95,,,
participant_27,2,day,Town10HD_Opt,2026-03-18 15:15:25.191664,-28.85415267944336,69.59513092041016,0.0020455932244658,20.191,7.347,0.342,0.0,0,0,1,,0.815,2026-03-18T15:15:25.191664,neutral,0.986,2026-03-18T15:15:24.128667,0.3256421393611424,2026-03-18T15:15:25.020000,94,,,
participant_27,2,day,Town10HD_Opt,2026-03-18 15:15:26.264542,-25.29965591430664,69.60286712646484,0.0020264815539121,20.645,1.568,0.366,0.0,0,0,1,,1.0,2026-03-18T15:15:26.264542,neutral,0.914,2026-03-18T15:15:26.264542,0.278682011592251,2026-03-18T15:15:26.012000,93,,,
participant_27,2,day,Town10HD_Opt,2026-03-18 15:15:27.010078,-22.86748695373535,69.63871765136719,0.002021598862484,21.11,-3.059,0.359,0.0,0,0,1,,0.929,2026-03-18T15:15:27.010078,neutral,0.914,2026-03-18T15:15:26.264542,0.2546824154796075,2026-03-18T15:15:27,93,,,
participant_27,2,day,Town10HD_Opt,2026-03-18 15:15:28.049481,-19.125747680664062,69.59523010253906,0.0020249558147042,21.7,2.153,0.359,0.0,0,0,1,,0.935,2026-03-18T15:15:28.049481,neutral,0.914,2026-03-18T15:15:26.264542,0.2952068804350403,2026-03-18T15:15:27.990000,95,,,
participant_27,2,day,Town10HD_Opt,2026-03-18 15:15:29.108429,-15.286521911621094,69.6318359375,0.0020265197381377,22.221,-0.674,0.359,0.0,0,0,1,,0.896,2026-03-18T15:15:29.108429,neutral,0.992,2026-03-18T15:15:29.108429,0.2732985148502863,2026-03-18T15:15:28.981000,95,,,
participant_27,2,day,Town10HD_Opt,2026-03-18 15:15:30.132904,-11.36011791229248,69.6234359741211,0.0020282363984733,22.687,0.078,0.359,0.0,0,0,1,,0.93,2026-03-18T15:15:30.132904,neutral,0.992,2026-03-18T15:15:29.108429,0.2365439168876746,2026-03-18T15:15:30.015000,96,,,
participant_27,2,day,Town10HD_Opt,2026-03-18 15:15:31.187278,-7.35674238204956,69.62390899658203,0.0020303344354033,23.094,0.277,0.358,0.0,0,0,1,,0.9,2026-03-18T15:15:31.187278,neutral,0.999,2026-03-18T15:15:31.187278,0.3036623654111066,2026-03-18T15:15:31.005000,97,,,
participant_27,2,day,Town10HD_Opt,2026-03-18 15:15:32.156403,-3.2877566814422607,69.6466064453125,0.0020324324723333,23.415,0.106,0.357,0.0,0,0,1,,1.0,2026-03-18T15:15:32.156403,neutral,0.999,2026-03-18T15:15:31.187278,0.2978296521987334,2026-03-18T15:15:31.995000,99,,,
participant_27,2,day,Town10HD_Opt,2026-03-18 15:15:33.137088,0.835516095161438,69.68023681640625,0.0020343780051916,23.712,0.096,0.356,0.0,0,0,1,,1.0,2026-03-18T15:15:33.137088,neutral,0.999,2026-03-18T15:15:31.187278,0.2706999017380952,2026-03-18T15:15:32.986000,96,,,
participant_27,2,day,Town10HD_Opt,2026-03-18 15:15:34.106813,5.004571437835693,69.72296905517578,0.0020355223678052,23.955,0.096,0.356,0.0,0,0,1,,0.919,2026-03-18T15:15:34.106813,neutral,0.985,2026-03-18T15:15:34.106813,0.2924572289170801,2026-03-18T15:15:34.021000,95,,,
participant_27,2,day,Town10HD_Opt,2026-03-18 15:15:35.133265,9.213705062866213,69.7750015258789,0.002036437857896,24.168,0.096,0.353,0.0,0,0,1,,0.909,2026-03-18T15:15:35.133265,neutral,0.985,2026-03-18T15:15:34.106813,0.3448431130093622,2026-03-18T15:15:35.010000,89,,,
participant_27,2,day,Town10HD_Opt,2026-03-18 15:15:36.138459,13.353962898254396,69.8349380493164,0.0021691513247787,21.57,0.096,0.0,0.0,0,0,1,,0.893,2026-03-18T15:15:36.138459,neutral,0.988,2026-03-18T15:15:36.138459,0.2770904400749647,2026-03-18T15:15:36,87,,,
participant_27,2,day,Town10HD_Opt,2026-03-18 15:15:37.184280,16.694257736206055,69.8899917602539,0.0019616317003965,16.22,0.096,0.0,0.146,0,0,1,,0.947,2026-03-18T15:15:37.184280,neutral,0.988,2026-03-18T15:15:36.138459,0.253886922365164,2026-03-18T15:15:36.990000,91,,,
participant_27,2,day,Town10HD_Opt,2026-03-18 15:15:38.257798,19.18490600585937,69.93578338623047,0.0020685195922851,11.693,0.096,0.0,0.095,0,0,1,,0.97,2026-03-18T15:15:38.257798,neutral,0.999,2026-03-18T15:15:38.257798,0.2292950388376255,2026-03-18T15:15:37.983000,89,,,
participant_27,2,day,Town10HD_Opt,2026-03-18 15:15:39.250020,20.993385314941406,69.97116088867188,0.0020217131823301,8.641,0.096,0.0,0.12,0,0,1,,0.94,2026-03-18T15:15:39.250020,neutral,0.999,2026-03-18T15:15:38.257798,0.3953006136244722,2026-03-18T15:15:39.015000,90,,,
participant_27,2,day,Town10HD_Opt,2026-03-18 15:15:40.299654,21.949499130249023,69.99057006835938,0.0023422623053193,0.001,0.096,0.0,0.399,0,0,1,,0.874,2026-03-18T15:15:40.299654,neutral,0.941,2026-03-18T15:15:40.299654,0.3462591794560887,2026-03-18T15:15:40.005000,89,,,
participant_27,2,day,Town10HD_Opt,2026-03-18 15:15:41.274709,21.950946807861328,69.9905776977539,0.0019327925983816,0.014,0.096,0.005,0.0,0,0,1,,0.971,2026-03-18T15:15:41.274709,neutral,0.941,2026-03-18T15:15:40.299654,0.3085605134426565,2026-03-18T15:15:40.995000,91,,,
participant_27,2,day,Town10HD_Opt,2026-03-18 15:15:42.288732,21.98520469665528,69.99134063720703,0.0018587874947115,1.322,0.101,0.24,0.0,0,0,1,,0.952,2026-03-18T15:15:42.288732,neutral,0.941,2026-03-18T15:15:40.299654,0.3200995053279409,2026-03-18T15:15:41.986000,88,,,
participant_27,2,day,Town10HD_Opt,2026-03-18 15:15:43.294982,22.387176513671875,69.9997329711914,0.0018351363250985,3.816,0.101,0.242,0.0,0,0,1,,0.837,2026-03-18T15:15:43.294982,neutral,0.991,2026-03-18T15:15:43.294982,0.3048258816813007,2026-03-18T15:15:43.021000,87,,,
participant_27,2,day,Town10HD_Opt,2026-03-18 15:15:44.043275,22.90518569946289,70.01010131835938,0.0018357086228206,5.478,-0.888,0.241,0.0,0,0,1,,1.0,2026-03-18T15:15:44.043275,neutral,0.991,2026-03-18T15:15:43.294982,0.2293564802106204,2026-03-18T15:15:44.100000,86,,,
participant_27,2,day,Town10HD_Opt,2026-03-18 15:15:45.074572,24.01721572875977,70.01710510253906,0.0018546676728874,7.481,0.971,0.219,0.0,0,0,1,,0.844,2026-03-18T15:15:45.074572,neutral,0.991,2026-03-18T15:15:43.294982,0.2751268878656169,2026-03-18T15:15:45.046000,86,,,
participant_27,2,day,Town10HD_Opt,2026-03-18 15:15:46.100096,25.29739761352539,70.04634094238281,0.0019644545391201,6.423,0.505,0.0,0.12,0,0,1,,0.864,2026-03-18T15:15:46.100096,neutral,0.972,2026-03-18T15:15:46.100096,0.2642049051815276,2026-03-18T15:15:45.991000,84,,,
participant_27,2,day,Town10HD_Opt,2026-03-18 15:15:47.082043,25.57332420349121,70.05333709716797,0.0019839478190988,0.0,0.484,0.0,0.3,0,0,1,,0.86,2026-03-18T15:15:47.082043,neutral,0.972,2026-03-18T15:15:46.100096,0.2140233179209731,2026-03-18T15:15:46.981000,84,,,
participant_27,2,day,Town10HD_Opt,2026-03-18 15:15:48.046606,25.57330703735352,70.05333709716797,0.0019182204268872,0.206,0.376,0.354,0.0,0,0,1,,1.0,2026-03-18T15:15:48.046606,neutral,0.972,2026-03-18T15:15:46.100096,0.3027386122031704,2026-03-18T15:15:48.015000,85,,,
participant_27,2,day,Town10HD_Opt,2026-03-18 15:15:49.060612,26.024349212646484,70.0582275390625,0.0017300796462222,5.774,-1.97,0.43,0.0,0,0,1,,0.842,2026-03-18T15:15:49.060612,happy,0.562,2026-03-18T15:15:49.060612,0.2029776494392687,2026-03-18T15:15:49.006000,86,,,
participant_27,2,day,Town10HD_Opt,2026-03-18 15:15:50.145561,27.37670516967773,70.03599548339844,0.0018628310644999,8.623,-5.177,0.157,0.0,0,0,1,,0.971,2026-03-18T15:15:50.145561,happy,0.562,2026-03-18T15:15:49.060612,0.2284604240453615,2026-03-18T15:15:49.996000,84,,,
participant_27,2,day,Town10HD_Opt,2026-03-18 15:15:51.192426,28.869291305541992,69.92755889892578,0.0019419860327616,8.137,-6.499,0.104,0.0,0,0,1,,0.983,2026-03-18T15:15:51.192426,happy,0.525,2026-03-18T15:15:51.192426,0.3124269467032347,2026-03-18T15:15:50.986000,85,,,
participant_27,2,day,Town10HD_Opt,2026-03-18 15:15:52.307622,30.25347900390625,69.73552703857422,0.0019188307924196,7.968,-8.842,0.196,0.0,0,0,1,,0.994,2026-03-18T15:15:52.307622,happy,0.525,2026-03-18T15:15:51.192426,0.24326944446583,2026-03-18T15:15:52.021000,88,Vehicle-pedestrian collision,Vehicle-pedestrian collision,
participant_27,2,day,Town10HD_Opt,2026-03-18 15:15:53.020309,31.20306396484375,69.53974151611328,0.0018896865658462,8.691,-9.04,0.211,0.0,0,0,1,,0.988,2026-03-18T15:15:53.020309,happy,0.525,2026-03-18T15:15:51.192426,0.2765663413264997,2026-03-18T15:15:53.011000,87,,,
participant_27,2,day,Town10HD_Opt,2026-03-18 15:15:54.050380,32.76118469238281,69.10660552978516,0.0018835830269381,9.858,-9.55,0.222,0.0,0,0,1,,0.979,2026-03-18T15:15:54.050380,neutral,0.939,2026-03-18T15:15:54.050380,0.2914899891644102,2026-03-18T15:15:54.001000,87,,,
participant_27,2,day,Town10HD_Opt,2026-03-18 15:15:55.093155,34.44804000854492,68.45897674560547,0.0018895721295848,10.882,-11.057,0.236,0.0,0,0,1,,0.982,2026-03-18T15:15:55.093155,neutral,0.939,2026-03-18T15:15:54.050380,0.3096564169260729,2026-03-18T15:15:54.991000,86,,,
participant_27,2,day,Town10HD_Opt,2026-03-18 15:15:56.114390,36.21923065185547,67.53617095947266,0.0018808364402502,12.138,-11.057,0.246,0.0,0,0,1,,0.931,2026-03-18T15:15:56.114390,happy,0.62,2026-03-18T15:15:56.114390,0.2705326258799841,2026-03-18T15:15:55.981000,84,,,
participant_27,2,day,Town10HD_Opt,2026-03-18 15:15:57.112590,38.0247802734375,66.29981994628906,0.0018997192382812,12.885,-11.057,0.234,0.0,0,0,1,,0.985,2026-03-18T15:15:57.112590,happy,0.62,2026-03-18T15:15:56.114390,0.3591798527874693,2026-03-18T15:15:57.015000,86,,,
participant_27,2,day,Town10HD_Opt,2026-03-18 15:15:58.100208,39.75389099121094,64.75301361083984,0.0026510239113122,13.732,-11.057,0.259,0.0,0,0,1,,0.989,2026-03-18T15:15:58.100208,happy,0.62,2026-03-18T15:15:56.114390,0.4032778704411077,2026-03-18T15:15:58.005000,85,,,
participant_27,2,day,Town10HD_Opt,2026-03-18 15:15:59.114305,41.35435485839844,62.87019348144531,0.0018812179332599,14.662,-11.041,0.265,0.0,0,0,1,,0.969,2026-03-18T15:15:59.114305,happy,0.769,2026-03-18T15:15:59.114305,0.4595470898258233,2026-03-18T15:15:58.995000,87,,,
participant_27,2,day,Town10HD_Opt,2026-03-18 15:16:00.148535,42.75022506713867,60.64348602294922,0.0018941116286441,15.472,-11.028,0.269,0.0,0,0,1,,0.8,2026-03-18T15:16:00.148535,happy,0.769,2026-03-18T15:15:59.114305,0.4098457013005551,2026-03-18T15:16:00.032000,87,,,
participant_27,2,day,Town10HD_Opt,2026-03-18 15:16:01.191316,43.84769821166992,58.10395812988281,0.0019036864396184,16.217,-11.228,0.266,0.0,0,0,1,,0.905,2026-03-18T15:16:01.191316,happy,0.794,2026-03-18T15:16:01.191316,0.4474611293701812,2026-03-18T15:16:01.021000,91,,,
participant_27,2,day,Town10HD_Opt,2026-03-18 15:16:02.186936,44.54549026489258,55.31881713867188,0.0019116591429337,16.703,-11.344,0.262,0.0,0,0,1,,0.984,2026-03-18T15:16:02.186936,happy,0.794,2026-03-18T15:16:01.191316,0.3592273948803842,2026-03-18T15:16:02.011000,92,,,
participant_27,2,day,Town10HD_Opt,2026-03-18 15:16:03.198626,44.83444595336914,52.39274215698242,0.0019248580792918,16.732,-4.568,0.175,0.0,0,0,1,,0.971,2026-03-18T15:16:03.198626,neutral,0.934,2026-03-18T15:16:03.198626,0.3630039381478159,2026-03-18T15:16:03.002000,93,,,
participant_27,2,day,Town10HD_Opt,2026-03-18 15:16:04.219583,44.91816329956055,49.55557632446289,0.0019564819522202,15.616,-6.225,0.17,0.0,0,0,1,,0.98,2026-03-18T15:16:04.219583,neutral,0.934,2026-03-18T15:16:03.198626,0.4336781362444413,2026-03-18T15:16:03.991000,93,,,
participant_27,2,day,Town10HD_Opt,2026-03-18 15:16:05.272088,44.77811050415039,46.92892456054688,0.0019980238284915,13.727,-4.365,0.0,0.0,0,0,1,,0.953,2026-03-18T15:16:05.272088,neutral,0.795,2026-03-18T15:16:05.272088,0.2912153108666537,2026-03-18T15:16:05.026000,95,,,errors=Solid line crossing
participant_27,2,day,Town10HD_Opt,2026-03-18 15:16:06.315705,44.61164093017578,44.81966781616211,0.0020359419286251,10.132,2.059,0.0,0.069,0,0,1,,0.946,2026-03-18T15:16:06.315705,neutral,0.795,2026-03-18T15:16:05.272088,0.3484778245397202,2026-03-18T15:16:06.016000,95,,,
participant_27,2,day,Town10HD_Opt,2026-03-18 15:16:07.022985,44.56789779663086,43.74188232421875,0.002005310030654,8.325,3.49,0.0,0.0,0,0,1,,0.894,2026-03-18T15:16:07.022985,neutral,0.795,2026-03-18T15:16:05.272088,0.3852561332197317,2026-03-18T15:16:07.005000,93,,,
participant_27,2,day,Town10HD_Opt,2026-03-18 15:16:08.036808,44.54523468017578,42.41764068603516,0.001928825280629,7.573,2.73,0.288,0.0,0,0,1,,0.883,2026-03-18T15:16:08.036808,neutral,0.954,2026-03-18T15:16:08.036808,0.3105353616787096,2026-03-18T15:16:07.996000,97,,,
participant_27,2,day,Town10HD_Opt,2026-03-18 15:16:09.087278,44.55061340332031,40.89611053466797,0.0018125915667042,10.518,3.033,0.356,0.0,0,0,1,,0.857,2026-03-18T15:16:09.087278,neutral,0.954,2026-03-18T15:16:08.036808,0.396820333719589,2026-03-18T15:16:09.031000,97,,,
participant_27,2,day,Town10HD_Opt,2026-03-18 15:16:10.100583,44.6353645324707,38.83209991455078,0.0018589019309729,12.805,5.742,0.214,0.0,0,0,1,,1.0,2026-03-18T15:16:10.100583,neutral,0.926,2026-03-18T15:16:10.100583,0.3570167484107057,2026-03-18T15:16:10.021000,100,,,
participant_27,2,day,Town10HD_Opt,2026-03-18 15:16:11.170199,44.97501373291016,36.636905670166016,0.0019544982351362,12.17,12.573,0.067,0.0,0,0,1,,0.862,2026-03-18T15:16:11.170199,neutral,0.926,2026-03-18T15:16:10.100583,0.3702212288082912,2026-03-18T15:16:11.011000,102,,,
participant_27,2,day,Town10HD_Opt,2026-03-18 15:16:12.196227,45.59366226196289,34.8061637878418,0.0019984054379165,9.906,17.936,0.103,0.0,0,0,1,,1.0,2026-03-18T15:16:12.196227,neutral,0.979,2026-03-18T15:16:12.196227,0.3243776448118956,2026-03-18T15:16:12.001000,98,,,
participant_27,2,day,Town10HD_Opt,2026-03-18 15:16:13.217427,46.41703414916992,33.3558464050293,0.0019253920763731,9.623,19.327,0.223,0.0,0,0,1,,1.0,2026-03-18T15:16:13.217427,neutral,0.979,2026-03-18T15:16:12.196227,0.3358195471711518,2026-03-18T15:16:12.991000,98,,,
participant_27,2,day,Town10HD_Opt,2026-03-18 15:16:14.195997,47.55982971191406,31.97603988647461,0.0018708801362663,11.309,19.315,0.29,0.0,0,0,1,,1.0,2026-03-18T15:16:14.195997,neutral,0.979,2026-03-18T15:16:12.196227,0.2427225036154646,2026-03-18T15:16:14.071000,98,,,
participant_27,2,day,Town10HD_Opt,2026-03-18 15:16:15.233183,49.18773651123047,30.63487434387207,0.0018776321085169,13.054,19.188,0.282,0.0,0,0,1,,0.824,2026-03-18T15:16:15.233183,neutral,0.908,2026-03-18T15:16:15.233183,0.3891394478493775,2026-03-18T15:16:15.017000,97,,,
participant_27,2,day,Town10HD_Opt,2026-03-18 15:16:16.283160,51.30575942993164,29.55212783813477,0.0018908309284597,14.41,17.831,0.263,0.0,0,0,1,,0.871,2026-03-18T15:16:16.283160,neutral,0.908,2026-03-18T15:16:15.233183,0.3492794340662377,2026-03-18T15:16:16.006000,98,,,
participant_27,2,day,Town10HD_Opt,2026-03-18 15:16:17.309482,53.78019332885742,28.81164932250977,0.0019022750202566,15.193,11.368,0.249,0.0,0,0,1,,0.845,2026-03-18T15:16:17.309482,neutral,0.975,2026-03-18T15:16:17.309482,0.2769836595032531,2026-03-18T15:16:16.998000,98,,,
participant_27,2,day,Town10HD_Opt,2026-03-18 15:16:18.296512,56.428001403808594,28.28954124450684,0.0019039153121411,15.682,0.261,0.246,0.0,0,0,1,,0.892,2026-03-18T15:16:18.296512,neutral,0.975,2026-03-18T15:16:17.309482,0.3217123919471835,2026-03-18T15:16:18.031000,97,,,
participant_27,2,day,Town10HD_Opt,2026-03-18 15:16:19.303226,59.11500930786133,27.609174728393555,0.001905555720441,16.118,-5.583,0.271,0.0,0,0,1,,0.858,2026-03-18T15:16:19.303226,neutral,0.975,2026-03-18T15:16:17.309482,0.3146003039495091,2026-03-18T15:16:19.021000,100,,,
participant_27,2,day,Town10HD_Opt,2026-03-18 15:16:20.288100,61.85806655883789,26.75010681152344,0.0018971251556649,16.801,1.093,0.284,0.0,0,0,1,,0.926,2026-03-18T15:16:20.288100,neutral,0.974,2026-03-18T15:16:20.288100,0.3814774409470423,2026-03-18T15:16:20.012000,104,,,
participant_27,2,day,Town10HD_Opt,2026-03-18 15:16:21.299310,64.74542999267578,25.94090461730957,0.0018983840709552,17.484,1.984,0.275,0.0,0,0,1,,0.919,2026-03-18T15:16:21.299310,neutral,0.974,2026-03-18T15:16:20.288100,0.2869356383049029,2026-03-18T15:16:21.001000,104,,,
participant_27,2,day,Town10HD_Opt,2026-03-18 15:16:22.009055,66.74044036865234,25.445602416992188,0.0019040297484025,17.785,2.534,0.27,0.0,0,0,1,,0.931,2026-03-18T15:16:22.009055,neutral,0.974,2026-03-18T15:16:20.288100,0.2863154113592822,2026-03-18T15:16:21.991000,104,,,
participant_27,2,day,Town10HD_Opt,2026-03-18 15:16:23.289411,70.81745147705078,24.650774002075195,0.0019387817010283,17.49,5.917,0.207,0.0,0,0,1,,0.93,2026-03-18T15:16:23.289411,neutral,0.948,2026-03-18T15:16:23.289411,0.3749359319041053,2026-03-18T15:16:23.025000,107,,,errors=Solid line crossing
participant_27,2,day,Town10HD_Opt,2026-03-18 15:16:24.331132,73.79903411865234,24.428407669067383,0.0019601820968091,16.361,7.763,0.0,0.0,0,0,1,,0.923,2026-03-18T15:16:24.331132,neutral,0.948,2026-03-18T15:16:23.289411,0.2584111743935544,2026-03-18T15:16:24.016000,102,,,
participant_27,2,day,Town10HD_Opt,2026-03-18 15:16:25.337452,76.35877227783203,24.52530860900879,0.0020391081925481,12.363,3.759,0.0,0.13,0,0,1,,0.877,2026-03-18T15:16:25.337452,neutral,0.928,2026-03-18T15:16:25.337452,0.3054817328789584,2026-03-18T15:16:25.006000,99,,,
participant_27,2,day,Town10HD_Opt,2026-03-18 15:16:26.045012,77.68634796142578,24.589990615844727,0.0020513152703642,9.786,-3.58,0.0,0.214,0,0,1,,0.936,2026-03-18T15:16:26.045012,neutral,0.928,2026-03-18T15:16:25.337452,0.2702734874043017,2026-03-18T15:16:25.996000,102,,,
participant_27,2,day,Town10HD_Opt,2026-03-18 15:16:27.027460,79.06207275390625,24.58529281616211,0.0020551299676299,5.537,-2.642,0.0,0.277,0,0,1,,0.972,2026-03-18T15:16:27.027460,neutral,0.928,2026-03-18T15:16:25.337452,0.2311821632614152,2026-03-18T15:16:27.031000,99,,,
participant_27,2,day,Town10HD_Opt,2026-03-18 15:16:28.072928,79.20401000976562,24.583934783935547,0.001958007691428,0.062,-0.129,0.0,0.0,0,0,1,,0.818,2026-03-18T15:16:28.072928,neutral,0.936,2026-03-18T15:16:28.072928,0.2887441410106998,2026-03-18T15:16:28.022000,99,,,
participant_27,2,day,Town10HD_Opt,2026-03-18 15:16:29.103265,79.2139892578125,24.58405876159668,0.00192012777552,0.053,0.374,0.0,0.0,0,0,1,,0.925,2026-03-18T15:16:29.103265,neutral,0.936,2026-03-18T15:16:28.072928,0.1988381920695821,2026-03-18T15:16:29.012000,99,,,
participant_27,2,day,Town10HD_Opt,2026-03-18 15:16:30.256516,79.22178649902344,24.584142684936523,0.0019192504696547,0.041,0.315,0.0,0.0,0,0,1,,1.0,2026-03-18T15:16:30.256516,neutral,0.877,2026-03-18T15:16:30.256516,0.2560073271009241,2026-03-18T15:16:30.001000,100,,,
participant_27,2,day,Town10HD_Opt,2026-03-18 15:16:31.253710,79.22779083251953,24.58414649963379,0.001919288537465,0.033,0.214,0.0,0.0,0,0,1,,0.919,2026-03-18T15:16:31.253710,neutral,0.877,2026-03-18T15:16:30.256516,0.2021214176194672,2026-03-18T15:16:30.991000,98,,,
participant_27,2,day,Town10HD_Opt,2026-03-18 15:16:32.270506,79.2323989868164,24.58414459228516,0.0019191741012036,0.026,0.193,0.0,0.0,0,0,1,,0.949,2026-03-18T15:16:32.270506,neutral,0.738,2026-03-18T15:16:32.270506,0.169390021377111,2026-03-18T15:16:32.026000,98,,,
participant_27,2,day,Town10HD_Opt,2026-03-18 15:16:33.206038,79.234619140625,24.58414459228516,0.0019187927246093,0.004,0.183,0.0,0.0,0,0,1,,1.0,2026-03-18T15:16:33.206038,neutral,0.738,2026-03-18T15:16:32.270506,0.1752409911117288,2026-03-18T15:16:33.016000,95,,,
participant_27,2,day,Town10HD_Opt,2026-03-18 15:16:34.154149,79.23494720458984,24.58414459228516,0.0019189452286809,0.001,0.183,0.0,0.0,0,0,1,,0.937,2026-03-18T15:16:34.154149,neutral,0.738,2026-03-18T15:16:32.270506,0.1926102875053141,2026-03-18T15:16:34.096000,96,,,
participant_27,2,day,Town10HD_Opt,2026-03-18 15:16:35.068794,79.234619140625,24.58414459228516,0.0019186401041224,0.14,0.186,0.105,0.0,0,0,1,,0.907,2026-03-18T15:16:35.068794,neutral,0.574,2026-03-18T15:16:35.068794,0.1506241615615853,2026-03-18T15:16:35.041000,94,,,
participant_27,2,day,Town10HD_Opt,2026-03-18 15:16:36.066816,79.36373138427734,24.58540916442871,0.0017546081217005,3.138,0.801,0.827,0.0,0,0,1,,0.902,2026-03-18T15:16:36.066816,neutral,0.574,2026-03-18T15:16:35.068794,0.1602630727693715,2026-03-18T15:16:36.031000,89,,,
participant_27,2,day,Town10HD_Opt,2026-03-18 15:16:37.274278,82.33722686767578,24.64606475830078,0.0017243194160982,22.521,0.834,1.0,0.0,0,0,1,,0.896,2026-03-18T15:16:37.274278,neutral,0.702,2026-03-18T15:16:37.274278,0.0857380134258929,2026-03-18T15:16:37.021000,88,,,
participant_27,2,day,Town10HD_Opt,2026-03-18 15:16:38.025115,85.34886169433594,24.72317314147949,0.0018460464198142,27.009,-1.92,0.011,0.0,0,0,1,,0.883,2026-03-18T15:16:38.025115,neutral,0.702,2026-03-18T15:16:37.274278,0.0868795681991684,2026-03-18T15:16:38.012000,84,,,
participant_27,2,day,Town10HD_Opt,2026-03-18 15:16:39.080193,89.64238739013672,24.55034828186035,0.0021780775859951,22.208,-7.42,0.281,0.0,0,0,1,,0.97,2026-03-18T15:16:39.080193,neutral,0.702,2026-03-18T15:16:37.274278,0.0850720614844133,2026-03-18T15:16:39.002000,84,,,
participant_27,2,day,Town10HD_Opt,2026-03-18 15:16:40.133300,93.44001770019533,23.885316848754883,0.0019981765653938,22.905,-5.749,0.522,0.0,0,0,1,,0.956,2026-03-18T15:16:40.133300,neutral,0.801,2026-03-18T15:16:40.133300,0.1521437683951372,2026-03-18T15:16:39.991000,81,,,
participant_27,2,day,Town10HD_Opt,2026-03-18 15:16:41.141031,97.54393005371094,22.55867958068848,0.0019244003342464,26.952,-10.641,0.46,0.0,0,0,1,,0.993,2026-03-18T15:16:41.141031,neutral,0.801,2026-03-18T15:16:40.133300,0.0304288650533801,2026-03-18T15:16:41.027000,79,,,
participant_27,2,day,Town10HD_Opt,2026-03-18 15:16:42.212577,101.52983856201172,20.06794548034668,0.0021456908434629,25.579,-14.393,0.141,0.0,0,0,1,,0.866,2026-03-18T15:16:42.212577,neutral,0.795,2026-03-18T15:16:42.212577,0.1411423425148111,2026-03-18T15:16:42.016000,80,,,
participant_27,2,day,Town10HD_Opt,2026-03-18 15:16:43.190277,104.18146514892578,16.917261123657227,0.0021971128880977,21.161,-14.364,0.141,0.0,0,0,1,,0.867,2026-03-18T15:16:43.190277,neutral,0.795,2026-03-18T15:16:42.212577,0.02,2026-03-18T15:16:43.006000,79,,,
participant_27,2,day,Town10HD_Opt,2026-03-18 15:16:44.289543,105.5792465209961,13.776742935180664,0.0021323775872588,17.948,-14.215,0.179,0.0,0,0,1,,0.94,2026-03-18T15:16:44.289543,neutral,0.788,2026-03-18T15:16:44.289543,0.0652751571976862,2026-03-18T15:16:43.996000,80,,,
participant_27,2,day,Town10HD_Opt,2026-03-18 15:16:45.310923,106.16453552246094,10.69142723083496,0.0021228790283203,17.866,-8.413,0.269,0.0,0,0,1,,0.988,2026-03-18T15:16:45.310923,neutral,0.788,2026-03-18T15:16:44.289543,0.02,2026-03-18T15:16:45.031000,80,,,
participant_27,2,day,Town10HD_Opt,2026-03-18 15:16:46.237737,106.4578094482422,7.495859622955322,0.0019571303855627,20.08,-2.492,0.807,0.0,0,0,1,,0.956,2026-03-18T15:16:46.237737,neutral,0.788,2026-03-18T15:16:44.289543,0.0567621531847194,2026-03-18T15:16:46.021000,81,,,
participant_27,2,day,Town10HD_Opt,2026-03-18 15:16:47.167838,106.70113372802734,3.0920207500457764,0.0018481826409697,28.349,-2.17,0.142,0.0,0,0,1,,0.935,2026-03-18T15:16:47.167838,neutral,0.806,2026-03-18T15:16:47.167838,0.051743898416187,2026-03-18T15:16:47.013000,80,,,
participant_27,2,day,Town10HD_Opt,2026-03-18 15:16:48.089079,106.74415588378906,-1.5888062715530396,0.0021594618447124,24.87,-1.718,0.169,0.0,0,0,1,,0.945,2026-03-18T15:16:48.089079,neutral,0.806,2026-03-18T15:16:47.167838,0.0239463675993312,2026-03-18T15:16:48.001000,85,,,
participant_27,2,day,Town10HD_Opt,2026-03-18 15:16:49.028078,106.69361114501952,-5.6324639320373535,0.0021405410952866,21.49,1.177,0.228,0.0,0,0,1,,0.808,2026-03-18T15:16:49.028078,neutral,0.806,2026-03-18T15:16:47.167838,0.0551483446255461,2026-03-18T15:16:48.991000,86,,,
participant_27,2,day,Town10HD_Opt,2026-03-18 15:16:50.253397,106.7392349243164,-10.359200477600098,0.0020912550389766,19.153,-0.24,0.311,0.0,0,0,1,,0.917,2026-03-18T15:16:50.253397,neutral,0.973,2026-03-18T15:16:50.253397,0.02,2026-03-18T15:16:50.026000,86,,,
participant_27,2,day,Town10HD_Opt,2026-03-18 15:16:51.188164,106.76712036132812,-13.75467300415039,0.0019653320778161,20.755,-0.129,0.532,0.0,0,0,1,,0.817,2026-03-18T15:16:51.188164,neutral,0.973,2026-03-18T15:16:50.253397,0.02,2026-03-18T15:16:51.016000,84,,,
participant_27,2,day,Town10HD_Opt,2026-03-18 15:16:52.134159,106.80011749267578,-17.714916229248047,0.0019187927246093,24.725,0.839,0.472,0.0,0,0,1,,0.831,2026-03-18T15:16:52.134159,neutral,0.973,2026-03-18T15:16:50.253397,0.0997190940652743,2026-03-18T15:16:52.006000,86,Solid line crossing,Solid line crossing,
participant_27,2,day,Town10HD_Opt,2026-03-18 15:16:53.063122,106.9473876953125,-22.229093551635746,0.0019894028082489,26.693,2.043,0.398,0.0,0,0,1,,0.867,2026-03-18T15:16:53.063122,neutral,0.964,2026-03-18T15:16:53.063122,0.02,2026-03-18T15:16:53.041000,90,,,
participant_27,2,day,Town10HD_Opt,2026-03-18 15:16:54.308891,107.42361450195312,-28.55361557006836,0.0020240021403878,27.598,-2.442,0.388,0.0,0,0,1,,0.947,2026-03-18T15:16:54.308891,neutral,0.964,2026-03-18T15:16:53.063122,0.0500515804224681,2026-03-18T15:16:54.031000,92,,,
participant_27,2,day,Town10HD_Opt,2026-03-18 15:16:55.307657,107.42916870117188,-33.413204193115234,0.0020362853538244,27.991,-7.465,0.387,0.0,0,0,1,,0.878,2026-03-18T15:16:55.307657,neutral,0.862,2026-03-18T15:16:55.307657,0.0502734063132717,2026-03-18T15:16:55.021000,92,,,
participant_27,2,day,Town10HD_Opt,2026-03-18 15:16:56.185264,106.58430480957033,-38.254581451416016,0.0020399093627929,28.306,-7.489,0.388,0.0,0,0,1,,0.835,2026-03-18T15:16:56.185264,neutral,0.862,2026-03-18T15:16:55.307657,0.02,2026-03-18T15:16:56.012000,91,,,
participant_27,2,day,Town10HD_Opt,2026-03-18 15:16:57.090221,104.87106323242188,-42.91970443725586,0.002039527753368,28.605,-6.502,0.387,0.0,0,0,1,,0.87,2026-03-18T15:16:57.090221,neutral,0.862,2026-03-18T15:16:55.307657,0.0680716756427834,2026-03-18T15:16:57.001000,91,,,
participant_27,2,day,Town10HD_Opt,2026-03-18 15:16:58.039439,102.43639373779295,-47.31448745727539,0.0020380020141601,28.893,-5.255,0.388,0.0,0,0,1,,0.833,2026-03-18T15:16:58.039439,neutral,0.797,2026-03-18T15:16:58.039439,0.0575768082196699,2026-03-18T15:16:57.991000,89,,,
participant_27,2,day,Town10HD_Opt,2026-03-18 15:16:59.272892,98.40145111083984,-52.7602424621582,0.0020370865240693,29.247,-4.407,0.387,0.0,0,0,1,,0.967,2026-03-18T15:16:59.272892,neutral,0.797,2026-03-18T15:16:58.039439,0.097020695806163,2026-03-18T15:16:59.027000,89,,,
participant_27,2,day,Town10HD_Opt,2026-03-18 15:17:00.243442,94.83109283447266,-56.44012451171875,0.0020412825979292,29.44,-5.777,0.387,0.0,0,0,1,,0.841,2026-03-18T15:17:00.243442,neutral,0.908,2026-03-18T15:17:00.243442,0.1053234202067702,2026-03-18T15:17:00.017000,88,,,
participant_27,2,day,Town10HD_Opt,2026-03-18 15:17:01.169241,90.73692321777344,-59.57781600952149,0.002041587838903,29.603,-5.356,0.387,0.0,0,0,1,,0.865,2026-03-18T15:17:01.169241,neutral,0.908,2026-03-18T15:17:00.243442,0.1122647274733863,2026-03-18T15:17:01.006000,87,Red light violation,Red light violation,
participant_27,2,day,Town10HD_Opt,2026-03-18 15:17:02.101798,86.23125457763672,-62.18393325805664,0.0020155715756118,30.288,-3.059,0.477,0.0,0,0,1,,0.966,2026-03-18T15:17:02.101798,neutral,0.908,2026-03-18T15:17:00.243442,0.151129649748332,2026-03-18T15:17:01.996000,88,,,
participant_27,2,day,Town10HD_Opt,2026-03-18 15:17:03.022366,81.300048828125,-64.46769714355469,0.0019972228910773,31.871,-3.947,0.443,0.0,0,0,1,,0.971,2026-03-18T15:17:03.022366,neutral,0.754,2026-03-18T15:17:03.022366,0.1846947733956207,2026-03-18T15:17:03.032000,90,,,
participant_27,2,day,Town10HD_Opt,2026-03-18 15:17:04.294446,74.05253601074219,-66.71488952636719,0.0020126341842114,33.306,-4.832,0.443,0.0,0,0,1,,0.92,2026-03-18T15:17:04.294446,neutral,0.754,2026-03-18T15:17:03.022366,0.1409316884803669,2026-03-18T15:17:04.022000,91,,,
participant_27,2,day,Town10HD_Opt,2026-03-18 15:17:05.275372,68.2175064086914,-67.56689453125,0.0020161436405032,34.22,-3.488,0.443,0.0,0,0,1,,0.979,2026-03-18T15:17:05.275372,neutral,0.886,2026-03-18T15:17:05.275372,0.1530439901262274,2026-03-18T15:17:05.012000,95,,,
participant_27,2,day,Town10HD_Opt,2026-03-18 15:17:06.249531,62.16929626464844,-67.8608169555664,0.0020165634341537,35.058,-0.479,0.443,0.0,0,0,1,,0.885,2026-03-18T15:17:06.249531,neutral,0.886,2026-03-18T15:17:05.275372,0.2073528986140888,2026-03-18T15:17:06.001000,97,,,
participant_27,2,day,Town10HD_Opt,2026-03-18 15:17:07.233722,55.97723007202149,-67.99958038330078,0.0020201110746711,35.808,-1.347,0.442,0.0,0,0,1,,0.938,2026-03-18T15:17:07.233722,neutral,0.886,2026-03-18T15:17:05.275372,0.2268023724011816,2026-03-18T15:17:06.992000,97,,,
participant_27,2,day,Town10HD_Opt,2026-03-18 15:17:08.197769,49.66905975341797,-67.93789672851562,0.0020233916584402,36.407,0.075,0.442,0.0,0,0,1,,0.828,2026-03-18T15:17:08.197769,neutral,0.968,2026-03-18T15:17:08.197769,0.2466531760798923,2026-03-18T15:17:08.026000,97,,,
participant_27,2,day,Town10HD_Opt,2026-03-18 15:17:09.181428,43.26189804077149,-67.8177490234375,0.002025794936344,36.9,0.23,0.436,0.0,0,0,1,,1.0,2026-03-18T15:17:09.181428,neutral,0.968,2026-03-18T15:17:08.197769,0.1167299195236937,2026-03-18T15:17:09.019000,97,,,
participant_27,2,day,Town10HD_Opt,2026-03-18 15:17:10.153849,36.86414337158203,-67.72880554199219,0.0021170042455196,35.31,-0.089,0.262,0.0,0,0,1,,1.0,2026-03-18T15:17:10.153849,neutral,0.968,2026-03-18T15:17:08.197769,0.2668521033118498,2026-03-18T15:17:10.007000,96,Solid line crossing,Solid line crossing,
participant_27,2,day,Town10HD_Opt,2026-03-18 15:17:11.093007,30.943092346191406,-67.63716888427734,0.0021454237867146,32.103,0.115,0.259,0.0,0,0,1,,0.84,2026-03-18T15:17:11.093007,neutral,0.967,2026-03-18T15:17:11.093007,0.2997106266097823,2026-03-18T15:17:10.997000,97,,,
participant_27,2,day,Town10HD_Opt,2026-03-18 15:17:12.078569,25.552885055541992,-67.56907653808594,0.0021327210124582,29.447,0.176,0.259,0.0,0,0,1,,1.0,2026-03-18T15:17:12.078569,neutral,0.967,2026-03-18T15:17:11.093007,0.3010389564938476,2026-03-18T15:17:12.032000,95,,,
participant_27,2,day,Town10HD_Opt,2026-03-18 15:17:13.265835,19.0006160736084,-67.52201843261719,0.002086830092594,27.061,0.176,0.307,0.0,0,0,1,,0.858,2026-03-18T15:17:13.265835,neutral,0.971,2026-03-18T15:17:13.265835,0.3461082427569636,2026-03-18T15:17:13.022000,96,,,
participant_27,2,day,Town10HD_Opt,2026-03-18 15:17:14.203517,14.363823890686035,-67.51256561279297,0.002084732055664,25.798,0.176,0.293,0.0,0,0,1,,0.852,2026-03-18T15:17:14.203517,neutral,0.971,2026-03-18T15:17:13.265835,0.3852297556255587,2026-03-18T15:17:14.012000,95,,,
participant_27,2,day,Town10HD_Opt,2026-03-18 15:17:15.161240,9.957674026489258,-67.52196502685547,0.0020886610727757,24.414,0.176,0.284,0.0,0,0,1,,0.87,2026-03-18T15:17:15.161240,neutral,0.971,2026-03-18T15:17:13.265835,0.2922359658606313,2026-03-18T15:17:15.002000,92,,,
participant_27,2,day,Town10HD_Opt,2026-03-18 15:17:16.069544,5.789795875549316,-67.5470962524414,0.0020771026611328,23.455,0.19,0.901,0.0,0,0,1,,0.915,2026-03-18T15:17:16.069544,neutral,0.92,2026-03-18T15:17:16.069544,0.3447231290944575,2026-03-18T15:17:15.991000,91,,,
participant_27,2,day,Town10HD_Opt,2026-03-18 15:17:17.278881,-1.56434428691864,-67.63288116455078,0.0015410613268613,42.434,0.209,1.0,0.0,0,0,1,,1.0,2026-03-18T15:17:17.278881,neutral,0.92,2026-03-18T15:17:16.069544,0.3854044738930007,2026-03-18T15:17:17.027000,91,,,
participant_27,2,day,Town10HD_Opt,2026-03-18 15:17:18.225116,-10.041711807250977,-67.79354858398438,0.0018667601980268,50.374,-0.061,0.0,0.0,0,0,1,,1.0,2026-03-18T15:17:18.225116,neutral,0.902,2026-03-18T15:17:18.225116,0.2922332387717227,2026-03-18T15:17:18.017000,90,,,
participant_27,2,day,Town10HD_Opt,2026-03-18 15:17:19.244223,-18.831586837768555,-67.9397964477539,0.0019598007202148,51.294,-0.55,0.0,0.129,0,0,1,,0.921,2026-03-18T15:17:19.244223,neutral,0.902,2026-03-18T15:17:18.225116,0.3544841385486945,2026-03-18T15:17:19.006000,87,,,
participant_27,2,day,Town10HD_Opt,2026-03-18 15:17:20.142292,-26.911489486694336,-67.98274993896484,0.0023814390879124,40.273,0.362,0.0,0.0,0,0,1,,0.937,2026-03-18T15:17:20.142292,neutral,0.902,2026-03-18T15:17:18.225116,0.4069520675236164,2026-03-18T15:17:19.996000,87,,,
participant_27,2,day,Town10HD_Opt,2026-03-18 15:17:21.102798,-33.203857421875,-68.04232788085938,0.002327880822122,31.17,-0.757,0.173,0.0,0,0,1,,0.942,2026-03-18T15:17:21.102798,neutral,0.888,2026-03-18T15:17:21.102798,0.416470932625,2026-03-18T15:17:21.031000,88,,,
participant_27,2,day,Town10HD_Opt,2026-03-18 15:17:22.074549,-38.489402770996094,-68.02946472167969,0.0019646072760224,31.319,0.613,0.633,0.0,0,0,1,,0.88,2026-03-18T15:17:22.074549,neutral,0.888,2026-03-18T15:17:21.102798,0.3757684615338125,2026-03-18T15:17:22.022000,89,,,
participant_27,2,day,Town10HD_Opt,2026-03-18 15:17:23.290044,-46.80165863037109,-68.11573791503906,0.0018574142595753,40.43,-0.061,0.679,0.0,0,0,1,,0.933,2026-03-18T15:17:23.290044,neutral,0.924,2026-03-18T15:17:23.290044,0.4080461567811005,2026-03-18T15:17:23.012000,88,,,
participant_27,2,day,Town10HD_Opt,2026-03-18 15:17:24.240494,-54.345027923583984,-68.2169189453125,0.0018310927553102,46.089,-0.108,0.658,0.0,0,0,1,,0.954,2026-03-18T15:17:24.240494,neutral,0.924,2026-03-18T15:17:23.290044,0.2843660235967851,2026-03-18T15:17:24.092000,87,,,
participant_27,2,day,Town10HD_Opt,2026-03-18 15:17:25.288194,-62.7835693359375,-68.31739044189453,0.0018937683198601,50.643,-0.221,0.603,0.0,0,0,1,,0.862,2026-03-18T15:17:25.288194,neutral,0.924,2026-03-18T15:17:23.290044,0.3671739483325269,2026-03-18T15:17:25.036000,86,,,
participant_27,2,day,Town10HD_Opt,2026-03-18 15:17:26.210448,-71.17576599121094,-68.25559997558594,0.0023558426182717,41.914,-3.544,0.0,0.0,0,0,1,,0.954,2026-03-18T15:17:26.210448,neutral,0.92,2026-03-18T15:17:26.210448,0.3757758036389936,2026-03-18T15:17:26.027000,86,,,
participant_27,2,day,Town10HD_Opt,2026-03-18 15:17:27.219619,-77.76374053955078,-67.48812866210938,0.002347259549424,32.821,-4.115,0.0,0.0,0,0,1,,0.923,2026-03-18T15:17:27.219619,neutral,0.92,2026-03-18T15:17:26.210448,0.3736368780723657,2026-03-18T15:17:27.017000,86,,,
participant_27,2,day,Town10HD_Opt,2026-03-18 15:17:28.177031,-82.73391723632812,-66.28099822998047,0.0022870253305882,25.226,-4.426,0.098,0.0,0,0,1,,0.983,2026-03-18T15:17:28.177031,neutral,0.92,2026-03-18T15:17:26.210448,0.3095191078565815,2026-03-18T15:17:28.007000,87,,,
participant_27,2,day,Town10HD_Opt,2026-03-18 15:17:29.132794,-86.57067108154297,-64.89867401123047,0.0021467970218509,21.684,-4.549,0.355,0.0,0,0,1,,0.949,2026-03-18T15:17:29.132794,neutral,0.897,2026-03-18T15:17:29.132794,0.3797002874463808,2026-03-18T15:17:28.998000,88,,,
participant_27,2,day,Town10HD_Opt,2026-03-18 15:17:30.076154,-90.07411193847656,-63.24773406982422,0.001953125,23.715,-4.511,0.526,0.0,0,0,1,,0.964,2026-03-18T15:17:30.076154,neutral,0.897,2026-03-18T15:17:29.132794,0.3235082035678717,2026-03-18T15:17:30.032000,88,,,
participant_27,2,day,Town10HD_Opt,2026-03-18 15:17:31.271386,-95.30873107910156,-60.0175895690918,0.0024257279001176,29.579,-4.266,0.545,0.0,0,0,1,,0.962,2026-03-18T15:17:31.271386,neutral,0.908,2026-03-18T15:17:31.271386,0.3522233921559213,2026-03-18T15:17:31.022000,90,,,
participant_27,2,day,Town10HD_Opt,2026-03-18 15:17:32.272814,-99.5352554321289,-56.63337707519531,0.0020183180458843,31.233,-4.542,0.287,0.0,0,0,1,,0.952,2026-03-18T15:17:32.272814,neutral,0.908,2026-03-18T15:17:31.271386,0.3828189224234667,2026-03-18T15:17:32.012000,83,,,
participant_27,2,day,Town10HD_Opt,2026-03-18 15:17:33.204462,-103.22877502441406,-52.85554885864258,0.0021303938701748,28.898,-4.778,0.239,0.0,0,0,1,,1.0,2026-03-18T15:17:33.204462,neutral,0.908,2026-03-18T15:17:31.271386,0.3333973177602971,2026-03-18T15:17:33.001000,83,,,errors=Solid line crossing
participant_27,2,day,Town10HD_Opt,2026-03-18 15:17:34.141077,-106.13729095458984,-49.02898406982422,0.0021350097376853,25.986,-5.078,0.259,0.0,0,0,1,,0.928,2026-03-18T15:17:34.141077,neutral,0.885,2026-03-18T15:17:34.141077,0.3550913431462735,2026-03-18T15:17:34.037000,85,Vehicle collision,Vehicle collision,
participant_27,2,day,Town10HD_Opt,2026-03-18 15:17:35.014975,-108.36495971679688,-45.22716522216797,0.0020823287777602,24.591,-5.035,0.346,0.0,0,0,1,,0.855,2026-03-18T15:17:35.014975,neutral,0.885,2026-03-18T15:17:34.141077,0.4003379513926532,2026-03-18T15:17:35.026000,84,,,
participant_27,2,day,Town10HD_Opt,2026-03-18 15:17:36.002606,-110.10565185546876,-41.30447769165039,0.0020498274825513,24.466,-4.988,0.346,0.0,0,0,1,,0.921,2026-03-18T15:17:36.002606,neutral,0.885,2026-03-18T15:17:34.141077,0.3500419981451783,2026-03-18T15:17:36.016000,88,,,
participant_27,2,day,Town10HD_Opt,2026-03-18 15:17:37.216251,-111.73517608642578,-35.85348129272461,0.0020503997802734,24.295,-4.983,0.361,0.0,0,0,1,,0.938,2026-03-18T15:17:37.216251,neutral,0.913,2026-03-18T15:17:37.216251,0.3960479093850803,2026-03-18T15:17:37.007000,88,,,
participant_27,2,day,Town10HD_Opt,2026-03-18 15:17:38.146146,-112.4244613647461,-31.64330101013184,0.002043075626716,24.437,-6.319,0.351,0.0,0,0,1,,0.83,2026-03-18T15:17:38.146146,neutral,0.913,2026-03-18T15:17:37.216251,0.4658041001768796,2026-03-18T15:17:37.997000,87,,,
participant_27,2,day,Town10HD_Opt,2026-03-18 15:17:39.082700,-112.55616760253906,-27.36788749694824,0.0020486449357122,24.428,-6.303,0.347,0.0,0,0,1,,0.866,2026-03-18T15:17:39.082700,neutral,0.913,2026-03-18T15:17:37.216251,0.327735067091454,2026-03-18T15:17:39.032000,88,,,
participant_27,2,day,Town10HD_Opt,2026-03-18 15:17:40.003445,-112.10516357421876,-23.12275123596192,0.0020503997802734,24.349,-5.888,0.342,0.0,0,0,1,,0.925,2026-03-18T15:17:40.003445,neutral,0.841,2026-03-18T15:17:40.003445,0.3874138365527484,2026-03-18T15:17:40.022000,89,,,
participant_27,2,day,Town10HD_Opt,2026-03-18 15:17:41.014447,-111.23902893066406,-18.95570945739746,0.002049560425803,24.207,2.24,0.338,0.0,0,0,1,,0.84,2026-03-18T15:17:41.014447,neutral,0.841,2026-03-18T15:17:40.003445,0.4226809257313942,2026-03-18T15:17:41.013000,87,,,
participant_27,2,day,Town10HD_Opt,2026-03-18 15:17:42.268650,-110.47388458251952,-13.41805648803711,0.002087936270982,22.998,3.113,0.0,0.0,0,0,1,,0.933,2026-03-18T15:17:42.268650,neutral,0.983,2026-03-18T15:17:42.268650,0.3830653351984394,2026-03-18T15:17:42.002000,87,,,
participant_27,2,day,Town10HD_Opt,2026-03-18 15:17:43.228586,-110.28616333007812,-9.847369194030762,0.0020362471695989,17.132,3.405,0.0,0.224,0,0,1,,1.0,2026-03-18T15:17:43.228586,neutral,0.983,2026-03-18T15:17:42.268650,0.4733267981931301,2026-03-18T15:17:43.037000,86,,,
participant_27,2,day,Town10HD_Opt,2026-03-18 15:17:44.186435,-110.29683685302734,-7.328999996185303,0.0021123504266142,11.086,3.349,0.0,0.416,0,0,1,,0.853,2026-03-18T15:17:44.186435,neutral,0.983,2026-03-18T15:17:42.268650,0.4166936084166435,2026-03-18T15:17:44.027000,86,,,
participant_27,2,day,Town10HD_Opt,2026-03-18 15:17:45.158906,-110.3331298828125,-5.808021545410156,0.0020482635591179,6.531,-2.367,0.0,0.192,0,0,1,,1.0,2026-03-18T15:17:45.158906,neutral,0.549,2026-03-18T15:17:45.158906,0.4022574209745033,2026-03-18T15:17:45.017000,83,,,
participant_27,2,day,Town10HD_Opt,2026-03-18 15:17:46.064844,-110.33029174804688,-5.409979820251465,0.0020233916584402,0.0,-2.407,0.0,0.362,0,0,1,,0.864,2026-03-18T15:17:46.064844,neutral,0.549,2026-03-18T15:17:45.158906,0.4307285051711009,2026-03-18T15:17:46.007000,83,,,
participant_27,2,day,Town10HD_Opt,2026-03-18 15:17:47.015606,-110.33026885986328,-5.409812450408936,0.0019231796031817,0.001,-0.47,0.0,0.0,0,0,1,,0.875,2026-03-18T15:17:47.015606,neutral,0.549,2026-03-18T15:17:45.158906,0.4632125135918347,2026-03-18T15:17:46.998000,85,,,
participant_27,2,day,Town10HD_Opt,2026-03-18 15:17:48.175791,-110.33026885986328,-5.409725189208984,0.0019190596649423,0.0,0.587,0.0,0.0,0,0,1,,0.961,2026-03-18T15:17:48.175791,neutral,0.941,2026-03-18T15:17:48.175791,0.4461091812060942,2026-03-18T15:17:48.032000,87,,,
participant_27,2,day,Town10HD_Opt,2026-03-18 15:17:49.064855,-110.33025360107422,-5.409716606140137,0.0019190596649423,0.0,0.587,0.0,0.0,0,0,1,reach_back,0.868,2026-03-18T15:17:49.064855,neutral,0.941,2026-03-18T15:17:48.175791,0.427672956294018,2026-03-18T15:17:49.022000,85,,,
participant_27,2,day,Town10HD_Opt,2026-03-18 15:17:50.220864,-110.33026885986328,-5.409712791442871,0.0019189834129065,0.0,0.583,0.0,0.0,0,0,1,,1.0,2026-03-18T15:17:50.220864,neutral,0.978,2026-03-18T15:17:50.220864,0.4627811932911017,2026-03-18T15:17:50.012000,86,,,
participant_27,2,day,Town10HD_Opt,2026-03-18 15:17:51.133749,-110.33025360107422,-5.409712791442871,0.001919021597132,0.0,0.571,0.0,0.0,0,0,1,reach_back,0.881,2026-03-18T15:17:51.133749,neutral,0.978,2026-03-18T15:17:50.220864,0.4485741127870203,2026-03-18T15:17:51.002000,83,,,
participant_27,2,day,Town10HD_Opt,2026-03-18 15:17:52.274345,-110.33025360107422,-5.409708023071289,0.001919021597132,0.0,0.571,0.0,0.0,0,0,1,,1.0,2026-03-18T15:17:52.274345,neutral,0.698,2026-03-18T15:17:52.274345,0.4525371254512961,2026-03-18T15:17:52.037000,83,,,
participant_27,2,day,Town10HD_Opt,2026-03-18 15:17:53.141293,-110.33025360107422,-5.409708023071289,0.0019189834129065,0.0,0.571,0.0,0.0,0,0,1,,1.0,2026-03-18T15:17:53.141293,neutral,0.698,2026-03-18T15:17:52.274345,0.4948503087223647,2026-03-18T15:17:53.027000,82,,,
participant_27,2,day,Town10HD_Opt,2026-03-18 15:17:54.015187,-110.33026885986328,-5.40970516204834,0.0019190596649423,0.0,0.569,0.0,0.0,0,0,1,,0.828,2026-03-18T15:17:54.015187,neutral,0.698,2026-03-18T15:17:52.274345,0.4240056259972812,2026-03-18T15:17:54.017000,84,,,
participant_27,2,day,Town10HD_Opt,2026-03-18 15:17:55.234030,-110.33026885986328,-5.409701347351074,0.0019190596649423,0.0,0.569,0.0,0.0,0,0,1,,1.0,2026-03-18T15:17:55.234030,neutral,0.98,2026-03-18T15:17:55.234030,0.4059237535033712,2026-03-18T15:17:55.007000,88,,,
participant_27,2,day,Town10HD_Opt,2026-03-18 15:17:56.159570,-110.33026885986328,-5.409694194793701,0.0019190978491678,0.0,0.569,0.0,0.0,0,0,1,,1.0,2026-03-18T15:17:56.159570,neutral,0.98,2026-03-18T15:17:55.234030,0.4724455858189478,2026-03-18T15:17:55.997000,89,,,
participant_27,2,day,Town10HD_Opt,2026-03-18 15:17:57.103642,-110.33025360107422,-5.409689903259277,0.001919021597132,0.0,0.562,0.0,0.0,0,0,1,reach_back,0.886,2026-03-18T15:17:57.103642,neutral,0.98,2026-03-18T15:17:55.234030,0.446736428357009,2026-03-18T15:17:57.032000,87,,,
participant_27,2,day,Town10HD_Opt,2026-03-18 15:17:58.004561,-110.33078002929688,-5.35207462310791,0.0017697142902761,3.094,0.559,0.945,0.0,0,0,1,reach_back,0.827,2026-03-18T15:17:58.004561,neutral,0.959,2026-03-18T15:17:58.004561,0.3742220681718387,2026-03-18T15:17:58.022000,87,,,
participant_27,2,day,Town10HD_Opt,2026-03-18 15:17:59.228849,-110.37533569335938,-2.428556203842163,0.0017275619320571,22.316,0.552,0.986,0.0,0,0,1,,1.0,2026-03-18T15:17:59.228849,neutral,0.959,2026-03-18T15:17:58.004561,0.4455330083785327,2026-03-18T15:17:59.011000,89,,,
participant_27,2,day,Town10HD_Opt,2026-03-18 15:18:00.165796,-110.46087646484376,2.357948303222656,0.0020073316991329,28.103,-0.914,0.0,0.0,0,0,1,,1.0,2026-03-18T15:18:00.165796,neutral,0.974,2026-03-18T15:18:00.165796,0.3805275608129349,2026-03-18T15:18:00.002000,94,,,
participant_27,2,day,Town10HD_Opt,2026-03-18 15:18:01.094299,-110.44734191894533,6.748331546783447,0.0022534942254424,21.78,-4.221,0.0,0.0,0,0,1,,0.934,2026-03-18T15:18:01.094299,neutral,0.974,2026-03-18T15:18:00.165796,0.3901455491567638,2026-03-18T15:18:01.037000,89,,,
participant_27,2,day,Town10HD_Opt,2026-03-18 15:18:02.102205,-109.97071075439452,10.001296997070312,0.0019959257915616,16.396,-14.577,0.123,0.0,0,0,1,,0.899,2026-03-18T15:18:02.102205,neutral,0.974,2026-03-18T15:18:00.165796,0.3882323418507173,2026-03-18T15:18:02.027000,90,,,
participant_27,2,day,Town10HD_Opt,2026-03-18 15:18:03.064975,-108.99885559082033,12.580134391784668,0.0019144820980727,15.754,-4.652,0.305,0.0,0,0,1,,0.897,2026-03-18T15:18:03.064975,neutral,0.935,2026-03-18T15:18:03.064975,0.3911051486196315,2026-03-18T15:18:03.017000,90,,,
participant_27,2,day,Town10HD_Opt,2026-03-18 15:18:04.050711,-107.81289672851562,15.23770236968994,0.0018391036428511,18.042,-7.287,0.407,0.0,0,0,1,,0.843,2026-03-18T15:18:04.050711,neutral,0.935,2026-03-18T15:18:03.064975,0.4392680813513422,2026-03-18T15:18:04.006000,91,,,
participant_27,2,day,Town10HD_Opt,2026-03-18 15:18:05.036794,-106.13471221923828,18.019031524658203,0.0019669723697006,20.085,-9.593,0.524,0.0,0,0,1,,1.0,2026-03-18T15:18:05.036794,neutral,0.935,2026-03-18T15:18:03.064975,0.37321819880447,2026-03-18T15:18:04.997000,90,,,
participant_27,2,day,Town10HD_Opt,2026-03-18 15:18:06.077060,-103.59490966796876,20.89211654663086,0.0019196700304746,24.277,-11.931,0.534,0.0,0,0,1,,0.876,2026-03-18T15:18:06.077060,neutral,0.887,2026-03-18T15:18:06.077060,0.3684315703854457,2026-03-18T15:18:06.032000,90,,,
participant_27,2,day,Town10HD_Opt,2026-03-18 15:18:07.095407,-99.8538589477539,23.47911834716797,0.0019294738303869,28.044,-11.53,0.534,0.0,0,0,1,,1.0,2026-03-18T15:18:07.095407,neutral,0.887,2026-03-18T15:18:06.077060,0.354063816771945,2026-03-18T15:18:07.023000,91,,,
participant_27,2,day,Town10HD_Opt,2026-03-18 15:18:08.061379,-95.1672821044922,25.151655197143555,0.0021934127435088,26.301,-10.646,0.0,0.0,0,0,1,,0.918,2026-03-18T15:18:08.061379,neutral,0.887,2026-03-18T15:18:06.077060,0.4347636813023466,2026-03-18T15:18:08.058000,92,,,
participant_27,2,day,Town10HD_Opt,2026-03-18 15:18:09.016222,-91.12525939941406,25.53937149047852,0.0022543715313076,19.512,-4.317,0.0,0.0,0,0,1,,0.94,2026-03-18T15:18:09.016222,neutral,0.797,2026-03-18T15:18:09.016222,0.3966116931353955,2026-03-18T15:18:09.002000,93,,,
participant_27,2,day,Town10HD_Opt,2026-03-18 15:18:10.043119,-88.05810546875,25.724422454833984,0.0020345305092632,15.217,11.931,0.0,0.0,0,0,1,,1.0,2026-03-18T15:18:10.043119,neutral,0.797,2026-03-18T15:18:09.016222,0.4137897606232962,2026-03-18T15:18:10.040000,93,,,
participant_27,2,day,Town10HD_Opt,2026-03-18 15:18:11.031964,-85.73629760742188,26.293684005737305,0.0019818877335637,12.821,8.916,0.338,0.0,0,0,1,,1.0,2026-03-18T15:18:11.031964,neutral,0.837,2026-03-18T15:18:11.031964,0.3145068179580086,2026-03-18T15:18:11.072000,91,,,
participant_27,2,day,Town10HD_Opt,2026-03-18 15:18:12.048242,-83.3768539428711,26.966590881347656,0.0018259810749441,15.657,-4.19,0.386,0.0,0,0,1,,0.89,2026-03-18T15:18:12.048242,neutral,0.837,2026-03-18T15:18:11.031964,0.3458743247349043,2026-03-18T15:18:12.018000,91,,,
participant_27,2,day,Town10HD_Opt,2026-03-18 15:18:13.027448,-80.47059631347656,27.5389404296875,0.002021598862484,18.338,-4.832,0.379,0.0,0,0,1,,1.0,2026-03-18T15:18:13.027448,neutral,0.837,2026-03-18T15:18:11.031964,0.3240302556205677,2026-03-18T15:18:13.097000,94,,,
participant_27,2,day,Town10HD_Opt,2026-03-18 15:18:14.051771,-77.3023452758789,27.93906021118164,0.0020472717005759,18.33,-3.733,0.264,0.0,0,0,1,,0.854,2026-03-18T15:18:14.051771,neutral,0.979,2026-03-18T15:18:14.051771,0.2746818457574376,2026-03-18T15:18:14.087000,90,,,
participant_27,2,day,Town10HD_Opt,2026-03-18 15:18:15.173733,-74.26290130615234,28.128793716430664,0.002001533517614,15.485,-3.799,0.0,0.009,0,0,1,,0.944,2026-03-18T15:18:15.173733,neutral,0.979,2026-03-18T15:18:14.051771,0.2491780919919446,2026-03-18T15:18:15.032000,92,,,
participant_27,2,day,Town10HD_Opt,2026-03-18 15:18:16.190151,-71.90160369873047,28.14787483215332,0.0020645142067223,11.023,-3.492,0.0,0.226,0,0,1,,0.959,2026-03-18T15:18:16.190151,neutral,0.99,2026-03-18T15:18:16.190151,0.2810321017199051,2026-03-18T15:18:16.022000,91,,,
participant_27,2,day,Town10HD_Opt,2026-03-18 15:18:17.186583,-70.340087890625,28.10723876953125,0.0020723724737763,6.35,-2.033,0.0,0.335,0,0,1,,0.953,2026-03-18T15:18:17.186583,neutral,0.99,2026-03-18T15:18:16.190151,0.1961565405102229,2026-03-18T15:18:17.012000,89,,,
participant_27,2,day,Town10HD_Opt,2026-03-18 15:18:18.107076,-70.05085754394531,28.098228454589844,0.0020022583194077,0.0,-0.987,0.0,0.12,0,0,1,,0.893,2026-03-18T15:18:18.107076,neutral,0.99,2026-03-18T15:18:16.190151,0.1800646008172713,2026-03-18T15:18:18.003000,87,,,
participant_27,2,day,Town10HD_Opt,2026-03-18 15:18:19.060763,-70.0493392944336,28.098222732543945,0.0019218826200813,0.002,0.714,0.0,0.0,0,0,1,,1.0,2026-03-18T15:18:19.060763,fear,0.646,2026-03-18T15:18:19.060763,0.1481677028269997,2026-03-18T15:18:19.037000,86,,,
participant_27,2,day,Town10HD_Opt,2026-03-18 15:18:20.017050,-70.04899597167969,28.098222732543945,0.001919517526403,0.006,0.794,0.0,0.0,0,0,1,,0.942,2026-03-18T15:18:20.017050,fear,0.646,2026-03-18T15:18:19.060763,0.082399287237354,2026-03-18T15:18:20.028000,83,,,
participant_27,2,day,Town10HD_Opt,2026-03-18 15:18:21.219392,-70.04888916015625,28.098222732543945,0.0019192504696547,0.005,0.759,0.0,0.0,0,0,1,,1.0,2026-03-18T15:18:21.219392,neutral,0.735,2026-03-18T15:18:21.219392,0.1169571179475129,2026-03-18T15:18:21.017000,83,,,
participant_27,2,day,Town10HD_Opt,2026-03-18 15:18:22.201379,-70.04879760742188,28.098222732543945,0.0019187927246093,0.001,0.747,0.0,0.0,0,0,1,,1.0,2026-03-18T15:18:22.201379,neutral,0.735,2026-03-18T15:18:21.219392,0.0467437028986749,2026-03-18T15:18:22.007000,84,,,
participant_27,2,day,Town10HD_Opt,2026-03-18 15:18:23.127485,-70.04884338378906,28.098222732543945,0.0019185256678611,0.001,0.747,0.0,0.0,0,0,1,,0.952,2026-03-18T15:18:23.127485,neutral,0.735,2026-03-18T15:18:21.219392,0.0840984081553531,2026-03-18T15:18:22.997000,87,,,
participant_27,2,day,Town10HD_Opt,2026-03-18 15:18:24.030884,-70.04877471923828,28.098222732543945,0.0019190978491678,0.005,0.747,0.0,0.0,0,0,1,,0.87,2026-03-18T15:18:24.030884,neutral,0.959,2026-03-18T15:18:24.030884,0.1003965187987955,2026-03-18T15:18:24.032000,86,,,
participant_27,2,day,Town10HD_Opt,2026-03-18 15:18:25.055512,-70.04857635498047,28.098222732543945,0.0019192504696547,0.006,0.731,0.0,0.0,0,0,1,,0.89,2026-03-18T15:18:25.055512,neutral,0.959,2026-03-18T15:18:24.030884,0.0965150451032454,2026-03-18T15:18:25.022000,89,,,
participant_27,2,day,Town10HD_Opt,2026-03-18 15:18:26.051451,-70.04840087890625,28.098222732543945,0.0019188307924196,0.001,0.721,0.0,0.0,0,0,1,,0.878,2026-03-18T15:18:26.051451,neutral,0.906,2026-03-18T15:18:26.051451,0.0526015402338428,2026-03-18T15:18:26.013000,88,,,
participant_27,2,day,Town10HD_Opt,2026-03-18 15:18:27.003007,-70.04844665527344,28.098222732543945,0.001919021597132,0.001,0.258,0.0,0.0,0,0,1,,0.836,2026-03-18T15:18:27.003007,neutral,0.906,2026-03-18T15:18:26.051451,0.055365230075835,2026-03-18T15:18:27.002000,90,,,
participant_27,2,day,Town10HD_Opt,2026-03-18 15:18:28.270479,-70.0483169555664,28.098222732543945,0.001919021597132,0.001,0.291,0.0,0.0,0,0,1,,0.841,2026-03-18T15:18:28.270479,neutral,0.972,2026-03-18T15:18:28.270479,0.1330411502432131,2026-03-18T15:18:28.127000,91,,,
participant_27,2,day,Town10HD_Opt,2026-03-18 15:18:29.218453,-70.04833221435547,28.098222732543945,0.0019189452286809,0.0,0.291,0.0,0.0,0,0,1,,1.0,2026-03-18T15:18:29.218453,neutral,0.972,2026-03-18T15:18:28.270479,0.1234842891468091,2026-03-18T15:18:29.028000,91,,,
participant_27,2,day,Town10HD_Opt,2026-03-18 15:18:30.175604,-70.04814147949219,28.098222732543945,0.0019191360333934,0.005,0.291,0.0,0.0,0,0,1,,1.0,2026-03-18T15:18:30.175604,neutral,0.972,2026-03-18T15:18:28.270479,0.0766570371003832,2026-03-18T15:18:30.017000,91,,,
participant_27,2,day,Town10HD_Opt,2026-03-18 15:18:31.111595,-70.01429748535156,28.09756851196289,0.0018101882888004,2.273,0.301,0.936,0.0,0,0,1,,0.856,2026-03-18T15:18:31.111595,neutral,0.825,2026-03-18T15:18:31.111595,0.1042618139512276,2026-03-18T15:18:31.007000,90,,,
participant_27,2,day,Town10HD_Opt,2026-03-18 15:18:32.140098,-68.40718841552734,28.07660675048828,0.0014008712023496,17.947,0.684,1.0,0.0,0,0,1,,0.851,2026-03-18T15:18:32.140098,neutral,0.825,2026-03-18T15:18:31.111595,0.0679260206706064,2026-03-18T15:18:31.999000,92,,,
participant_27,2,day,Town10HD_Opt,2026-03-18 15:18:33.231844,-64.20468139648438,28.039751052856445,0.0015069579239934,32.802,0.463,1.0,0.0,0,0,1,,0.818,2026-03-18T15:18:33.231844,neutral,0.964,2026-03-18T15:18:33.231844,0.043123289561443,2026-03-18T15:18:33.032000,92,,,
participant_27,2,day,Town10HD_Opt,2026-03-18 15:18:34.244318,-57.2547492980957,28.06082534790039,0.0015522765461355,47.795,0.155,0.987,0.0,0,0,1,,0.869,2026-03-18T15:18:34.244318,neutral,0.964,2026-03-18T15:18:33.231844,0.0836687589844557,2026-03-18T15:18:34.022000,93,,,
participant_27,2,day,Town10HD_Opt,2026-03-18 15:18:35.229500,-48.49112701416016,28.17916488647461,0.0022482681088149,46.64,-0.237,0.0,0.0,0,0,1,,1.0,2026-03-18T15:18:35.229500,neutral,0.964,2026-03-18T15:18:33.231844,0.1013577827097221,2026-03-18T15:18:35.012000,90,,,
participant_27,2,day,Town10HD_Opt,2026-03-18 15:18:36.261013,-41.19482803344727,28.25626564025879,0.002368850633502,36.182,-0.11,0.099,0.0,0,0,1,,0.889,2026-03-18T15:18:36.261013,neutral,0.931,2026-03-18T15:18:36.261013,0.1017230147108864,2026-03-18T15:18:36.002000,93,,,
participant_27,2,day,Town10HD_Opt,2026-03-18 15:18:37.264711,-35.187355041503906,28.296844482421875,0.0020827483385801,33.71,-0.059,0.454,0.0,0,0,1,,1.0,2026-03-18T15:18:37.264711,neutral,0.931,2026-03-18T15:18:36.261013,0.0790317345787631,2026-03-18T15:18:37.038000,90,,,
participant_27,2,day,Town10HD_Opt,2026-03-18 15:18:38.212416,-29.075931549072266,28.32709693908692,0.0018996048020198,37.347,-0.049,0.632,0.0,0,0,1,,0.848,2026-03-18T15:18:38.212416,neutral,0.931,2026-03-18T15:18:36.261013,0.1824007201436651,2026-03-18T15:18:38.027000,90,,,
participant_27,2,day,Town10HD_Opt,2026-03-18 15:18:39.222649,-22.131242752075195,28.350494384765625,0.0018799972021952,42.403,-0.045,0.632,0.0,0,0,1,,1.0,2026-03-18T15:18:39.222649,neutral,0.953,2026-03-18T15:18:39.222649,0.0782783224101174,2026-03-18T15:18:39.017000,89,,,
participant_27,2,day,Town10HD_Opt,2026-03-18 15:18:40.119667,-14.358046531677246,28.364330291748047,0.0019052504794672,46.689,-0.045,0.615,0.0,0,0,1,,1.0,2026-03-18T15:18:40.119667,neutral,0.953,2026-03-18T15:18:39.222649,0.0694383353346455,2026-03-18T15:18:40.007000,87,,,
participant_27,2,day,Town10HD_Opt,2026-03-18 15:18:41.051248,-6.056088924407959,28.36537742614746,0.0021662903018295,45.274,-0.028,0.0,0.0,0,0,1,,1.0,2026-03-18T15:18:41.051248,neutral,0.953,2026-03-18T15:18:39.222649,0.1843324277123069,2026-03-18T15:18:40.998000,90,,,
participant_27,2,day,Town10HD_Opt,2026-03-18 15:18:42.287704,3.0348687171936035,28.353837966918945,0.0023371123243123,32.298,-0.026,0.0,0.0,0,0,1,,1.0,2026-03-18T15:18:42.287704,neutral,0.962,2026-03-18T15:18:42.287704,0.1313135019076963,2026-03-18T15:18:42.033000,91,,,
participant_27,2,day,Town10HD_Opt,2026-03-18 15:18:43.200383,8.070569038391113,28.342634201049805,0.0022832870017737,24.752,-0.021,0.0,0.0,0,0,1,,1.0,2026-03-18T15:18:43.200383,neutral,0.962,2026-03-18T15:18:42.287704,0.101542485252044,2026-03-18T15:18:43.022000,88,,,
participant_27,2,day,Town10HD_Opt,2026-03-18 15:18:44.155450,11.891752243041992,28.33208465576172,0.0022422790061682,18.505,-0.021,0.065,0.0,0,0,1,,1.0,2026-03-18T15:18:44.155450,neutral,0.962,2026-03-18T15:18:42.287704,0.0651358822817404,2026-03-18T15:18:44.013000,91,,,
participant_27,2,day,Town10HD_Opt,2026-03-18 15:18:45.099277,15.0069580078125,28.32265853881836,0.0019120788201689,17.803,-0.021,0.336,0.0,0,0,1,,1.0,2026-03-18T15:18:45.099277,neutral,0.711,2026-03-18T15:18:45.099277,0.1892904702882257,2026-03-18T15:18:45.003000,89,,,
participant_27,2,day,Town10HD_Opt,2026-03-18 15:18:46.014137,18.172075271606445,28.31266212463379,0.0020357894245535,18.349,0.021,0.375,0.0,0,0,1,,1.0,2026-03-18T15:18:46.014137,neutral,0.711,2026-03-18T15:18:45.099277,0.1869651959987908,2026-03-18T15:18:46.040000,87,,,
participant_27,2,day,Town10HD_Opt,2026-03-18 15:18:47.022168,21.332881927490234,28.33016014099121,0.0018724059918895,17.222,3.174,0.004,0.0,0,0,1,,1.0,2026-03-18T15:18:47.022168,neutral,0.711,2026-03-18T15:18:45.099277,0.2458119210611319,2026-03-18T15:18:47.027000,88,,,
participant_27,2,day,Town10HD_Opt,2026-03-18 15:18:48.237942,25.08464241027832,28.63210678100586,0.0018497466808184,17.273,4.346,0.447,0.0,0,0,1,,1.0,2026-03-18T15:18:48.237942,neutral,0.923,2026-03-18T15:18:48.237942,0.1553919187876609,2026-03-18T15:18:48.017000,90,,,
participant_27,2,day,Town10HD_Opt,2026-03-18 15:18:49.155502,28.27670669555664,29.0661563873291,0.001930313068442,19.542,1.053,0.454,0.0,0,0,1,,1.0,2026-03-18T15:18:49.155502,neutral,0.923,2026-03-18T15:18:48.237942,0.1381419791285608,2026-03-18T15:18:49.007000,87,,,
participant_27,2,day,Town10HD_Opt,2026-03-18 15:18:50.077690,31.845827102661133,29.68214607238769,0.0019372176611796,21.917,6.12,0.461,0.0,0,0,1,,0.82,2026-03-18T15:18:50.077690,neutral,0.923,2026-03-18T15:18:48.237942,0.0946522411137442,2026-03-18T15:18:50.043000,87,,,
participant_27,2,day,Town10HD_Opt,2026-03-18 15:18:51.000297,35.41848373413086,31.068098068237305,0.0021970749367028,20.034,23.162,0.0,0.0,0,0,1,,1.0,2026-03-18T15:18:51.000297,neutral,0.985,2026-03-18T15:18:51.000297,0.1321252118688143,2026-03-18T15:18:51.032000,88,,,
participant_27,2,day,Town10HD_Opt,2026-03-18 15:18:52.255351,38.15623092651367,34.03257369995117,0.0019818877335637,16.303,20.076,0.308,0.0,0,0,1,,0.902,2026-03-18T15:18:52.255351,neutral,0.985,2026-03-18T15:18:51.000297,0.0882320580683154,2026-03-18T15:18:52.022000,89,,,
participant_27,2,day,Town10HD_Opt,2026-03-18 15:18:53.198420,39.29262924194336,36.76624298095703,0.0019696427043527,18.578,17.147,0.497,0.0,0,0,1,,0.918,2026-03-18T15:18:53.198420,sad,0.998,2026-03-18T15:18:53.198420,0.1407405159346877,2026-03-18T15:18:53.013000,88,,,
participant_27,2,day,Town10HD_Opt,2026-03-18 15:18:54.192691,39.90779495239258,40.05704879760742,0.0019603727851063,20.657,5.264,0.382,0.0,0,0,1,,1.0,2026-03-18T15:18:54.192691,sad,0.998,2026-03-18T15:18:53.198420,0.1439317702537896,2026-03-18T15:18:54.048000,87,,,
participant_27,2,day,Town10HD_Opt,2026-03-18 15:18:55.147727,40.31629943847656,43.66229248046875,0.0021124267950654,19.493,0.334,0.0,0.0,0,0,1,,0.854,2026-03-18T15:18:55.147727,sad,0.998,2026-03-18T15:18:53.198420,0.1271177720551043,2026-03-18T15:18:55.172000,88,,,
participant_27,2,day,Town10HD_Opt,2026-03-18 15:18:56.150914,40.55274200439453,46.7180061340332,0.0020222472958266,15.247,5.222,0.0,0.084,0,0,1,,0.909,2026-03-18T15:18:56.150914,neutral,0.901,2026-03-18T15:18:56.150914,0.1403725370443849,2026-03-18T15:18:56.027000,87,,,
participant_27,2,day,Town10HD_Opt,2026-03-18 15:18:57.127070,40.57029724121094,49.00379180908203,0.0020720290485769,10.497,1.389,0.0,0.178,0,0,1,,0.939,2026-03-18T15:18:57.127070,neutral,0.901,2026-03-18T15:18:56.150914,0.1045654841643396,2026-03-18T15:18:57.017000,87,,,
participant_27,2,day,Town10HD_Opt,2026-03-18 15:18:58.142767,40.59536361694336,50.50320053100586,0.0020500945392996,6.174,-0.837,0.0,0.186,0,0,1,,0.912,2026-03-18T15:18:58.142767,neutral,0.901,2026-03-18T15:18:56.150914,0.1421544685200133,2026-03-18T15:18:58.008000,91,,,
participant_27,2,day,Town10HD_Opt,2026-03-18 15:18:59.074172,40.604618072509766,50.91793823242188,0.0020306014921516,0.0,1.006,0.0,0.185,0,0,1,,0.837,2026-03-18T15:18:59.074172,neutral,0.995,2026-03-18T15:18:59.074172,0.1024010382264786,2026-03-18T15:18:59.043000,89,,,
participant_27,2,day,Town10HD_Opt,2026-03-18 15:19:00.011342,40.6046257019043,50.91902542114258,0.0019230651669204,0.008,1.495,0.0,0.0,0,0,1,,0.897,2026-03-18T15:19:00.011342,neutral,0.995,2026-03-18T15:18:59.074172,0.1327014902825447,2026-03-18T15:19:00.032000,90,,,
participant_27,2,day,Town10HD_Opt,2026-03-18 15:19:01.171468,40.60462951660156,50.91902542114258,0.0019129562424495,0.233,1.302,0.172,0.0,0,0,1,,0.808,2026-03-18T15:19:01.171468,neutral,0.961,2026-03-18T15:19:01.171468,0.1649315087539553,2026-03-18T15:19:01.023000,93,,,
participant_27,2,day,Town10HD_Opt,2026-03-18 15:19:02.120691,40.60630035400391,51.10845184326172,0.0018462371081113,2.424,1.236,0.242,0.0,0,0,1,,0.911,2026-03-18T15:19:02.120691,neutral,0.961,2026-03-18T15:19:01.171468,0.0928960573280001,2026-03-18T15:19:02.014000,90,,,
participant_27,2,day,Town10HD_Opt,2026-03-18 15:19:03.073325,40.61214447021485,51.751766204833984,0.0018035125685855,5.683,0.461,0.31,0.0,0,0,1,,0.881,2026-03-18T15:19:03.073325,neutral,0.961,2026-03-18T15:19:01.171468,0.1769987333419332,2026-03-18T15:19:03.093000,89,,,
participant_27,2,day,Town10HD_Opt,2026-03-18 15:19:04.041728,40.63314056396485,53.04035949707031,0.0017786788521334,9.767,-0.731,0.499,0.0,0,0,1,,0.887,2026-03-18T15:19:04.041728,sad,0.986,2026-03-18T15:19:04.041728,0.173084709782548,2026-03-18T15:19:04.038000,88,,,
participant_27,2,day,Town10HD_Opt,2026-03-18 15:19:05.049035,40.71559143066406,55.277469635009766,0.0016776656266301,16.858,-3.525,0.617,0.0,0,0,1,,0.973,2026-03-18T15:19:05.049035,sad,0.986,2026-03-18T15:19:04.041728,0.0694219850303978,2026-03-18T15:19:05.029000,88,,,
participant_27,2,day,Town10HD_Opt,2026-03-18 15:19:06.289904,41.38722610473633,59.79182052612305,0.001922111492604,22.459,-12.845,0.513,0.0,0,0,1,,0.939,2026-03-18T15:19:06.289904,neutral,0.995,2026-03-18T15:19:06.289904,0.1718872361242809,2026-03-18T15:19:06.018000,85,,,
participant_27,2,day,Town10HD_Opt,2026-03-18 15:19:07.262537,43.05440521240234,63.65256118774414,0.0019414520356804,26.148,-13.363,0.513,0.0,0,0,1,,0.885,2026-03-18T15:19:07.262537,neutral,0.995,2026-03-18T15:19:06.289904,0.156868246142166,2026-03-18T15:19:07.008000,84,,,
participant_27,2,day,Town10HD_Opt,2026-03-18 15:19:08.126353,46.14845657348633,67.3248291015625,0.0019627378787845,29.307,-13.594,0.508,0.0,0,0,1,,0.872,2026-03-18T15:19:08.126353,neutral,0.995,2026-03-18T15:19:06.289904,0.1469058325297185,2026-03-18T15:19:08.043000,85,,,
participant_27,2,day,Town10HD_Opt,2026-03-18 15:19:09.054274,50.69925308227539,70.0357894897461,0.001988410949707,31.932,-14.08,0.494,0.0,0,0,1,,0.929,2026-03-18T15:19:09.054274,neutral,0.876,2026-03-18T15:19:09.054274,0.1164894725457097,2026-03-18T15:19:09.033000,82,,,
participant_27,2,day,Town10HD_Opt,2026-03-18 15:19:10.123981,56.11762619018555,71.0105972290039,0.0022167586721479,29.606,-11.832,0.0,0.0,0,0,1,,0.882,2026-03-18T15:19:10.123981,neutral,0.876,2026-03-18T15:19:09.054274,0.1027405515857319,2026-03-18T15:19:10.023000,83,,,
participant_27,2,day,Town10HD_Opt,2026-03-18 15:19:11.055003,60.64795684814453,70.71560668945312,0.0022671509068459,22.248,5.538,0.0,0.0,0,0,1,,0.894,2026-03-18T15:19:11.055003,neutral,0.984,2026-03-18T15:19:11.055003,0.2053834445703035,2026-03-18T15:19:11.013000,85,,,
participant_27,2,day,Town10HD_Opt,2026-03-18 15:19:12.283721,65.1572036743164,70.74980926513672,0.001860580407083,17.94,-0.43,0.209,0.0,0,0,1,,0.911,2026-03-18T15:19:12.283721,neutral,0.984,2026-03-18T15:19:11.055003,0.2985081172642522,2026-03-18T15:19:12.048000,79,,,
participant_27,2,day,Town10HD_Opt,2026-03-18 15:19:13.210907,68.24749755859375,70.76408386230469,0.0019234084757044,17.712,-1.42,0.35,0.0,0,0,1,,0.955,2026-03-18T15:19:13.210907,neutral,0.921,2026-03-18T15:19:13.210907,0.1350680870480877,2026-03-18T15:19:13.037000,80,,,
participant_27,2,day,Town10HD_Opt,2026-03-18 15:19:14.187964,71.40258026123047,70.70782470703125,0.0020690916571766,18.122,-1.203,0.14,0.0,0,0,1,,1.0,2026-03-18T15:19:14.187964,neutral,0.921,2026-03-18T15:19:13.210907,0.2626753119482486,2026-03-18T15:19:14.028000,81,,,
participant_27,2,day,Town10HD_Opt,2026-03-18 15:19:15.143551,74.34397888183594,70.60572814941406,0.0020320892799645,14.695,-0.717,0.0,0.0,0,0,1,,1.0,2026-03-18T15:19:15.143551,neutral,0.921,2026-03-18T15:19:13.210907,0.2143747043094581,2026-03-18T15:19:15.019000,83,,,errors=Solid line crossing
participant_27,2,day,Town10HD_Opt,2026-03-18 15:19:16.075379,76.63094329833984,70.51464080810547,0.0020263672340661,11.284,-0.148,0.0,0.0,0,0,1,,0.928,2026-03-18T15:19:16.075379,neutral,1.0,2026-03-18T15:19:16.075379,0.2140069213422442,2026-03-18T15:19:16.008000,81,,,
participant_27,2,day,Town10HD_Opt,2026-03-18 15:19:17.244746,78.87710571289062,70.42315673828125,0.0019950484856963,7.934,0.009,0.0,0.0,0,0,1,,0.928,2026-03-18T15:19:17.244746,neutral,1.0,2026-03-18T15:19:16.075379,0.2024603389505022,2026-03-18T15:19:17.088000,83,,,
participant_27,2,day,Town10HD_Opt,2026-03-18 15:19:18.209295,80.1123046875,70.38362884521484,0.0019773482345044,6.002,1.248,0.0,0.0,0,0,1,,0.912,2026-03-18T15:19:18.209295,neutral,0.995,2026-03-18T15:19:18.209295,0.2813913169566223,2026-03-18T15:19:18.033000,92,,,
participant_27,2,day,Town10HD_Opt,2026-03-18 15:19:19.133651,81.06084442138672,70.3619384765625,0.0019636915531009,4.676,1.011,0.0,0.0,0,0,1,,0.938,2026-03-18T15:19:19.133651,neutral,0.995,2026-03-18T15:19:18.209295,0.2690326392783875,2026-03-18T15:19:19.022000,94,,,
participant_27,2,day,Town10HD_Opt,2026-03-18 15:19:20.052222,81.78914642333984,70.34835815429688,0.0019534681923687,3.538,1.001,0.0,0.0,0,0,1,,0.935,2026-03-18T15:19:20.052222,neutral,0.995,2026-03-18T15:19:18.209295,0.304826512682301,2026-03-18T15:19:20.013000,93,,,
participant_27,2,day,Town10HD_Opt,2026-03-18 15:19:21.012164,82.3482437133789,70.33753204345703,0.0019454956054687,2.756,-0.975,0.0,0.0,0,0,1,,0.873,2026-03-18T15:19:21.012164,neutral,1.0,2026-03-18T15:19:21.012164,0.2669803094320326,2026-03-18T15:19:21.048000,95,,,
participant_27,2,day,Town10HD_Opt,2026-03-18 15:19:22.164055,82.8854751586914,70.32080841064453,0.002016334561631,0.0,-0.724,0.0,0.036,0,0,1,,0.99,2026-03-18T15:19:22.164055,neutral,1.0,2026-03-18T15:19:21.012164,0.3116289038267562,2026-03-18T15:19:22.038000,96,,,
participant_27,2,day,Town10HD_Opt,2026-03-18 15:19:23.027158,82.88557434082031,70.32080078125,0.0019290542695671,0.0,-0.62,0.0,0.0,0,0,1,,0.838,2026-03-18T15:19:23.027158,neutral,0.977,2026-03-18T15:19:23.027158,0.3994950649837649,2026-03-18T15:19:23.027000,93,,,
participant_27,2,day,Town10HD_Opt,2026-03-18 15:19:24.175207,82.88542175292969,70.32080078125,0.0019190978491678,0.002,-0.251,0.0,0.0,0,0,1,,0.866,2026-03-18T15:19:24.175207,neutral,0.977,2026-03-18T15:19:23.027158,0.3964779746782825,2026-03-18T15:19:24.018000,93,,,
participant_27,2,day,Town10HD_Opt,2026-03-18 15:19:25.059335,82.88568878173828,70.32080078125,0.0019191741012036,0.001,-0.073,0.0,0.0,0,0,1,,0.946,2026-03-18T15:19:25.059335,neutral,0.976,2026-03-18T15:19:25.059335,0.3307615134493163,2026-03-18T15:19:25.008000,92,,,
participant_27,2,day,Town10HD_Opt,2026-03-18 15:19:26.235643,82.8858413696289,70.32080078125,0.0019191741012036,0.001,-0.073,0.0,0.0,0,0,1,,0.951,2026-03-18T15:19:26.235643,neutral,0.976,2026-03-18T15:19:25.059335,0.4117036135025651,2026-03-18T15:19:26.043000,89,,,
participant_27,2,day,Town10HD_Opt,2026-03-18 15:19:27.181672,82.88526916503906,70.32080078125,0.0019178390502929,0.146,-0.073,0.172,0.0,0,0,1,,0.948,2026-03-18T15:19:27.181672,neutral,0.991,2026-03-18T15:19:27.181672,0.3763422021863359,2026-03-18T15:19:27.033000,87,,,
participant_27,2,day,Town10HD_Opt,2026-03-18 15:19:28.143773,83.08219909667969,70.31546020507812,0.0017828750424087,3.84,-0.073,0.512,0.0,0,0,1,,0.95,2026-03-18T15:19:28.143773,neutral,0.991,2026-03-18T15:19:27.181672,0.4348866986267509,2026-03-18T15:19:28.022000,87,,,
participant_27,2,day,Town10HD_Opt,2026-03-18 15:19:29.106801,84.32003021240234,70.28204345703125,0.0015857315156608,12.607,-0.073,0.719,0.0,0,0,1,,0.934,2026-03-18T15:19:29.106801,neutral,0.991,2026-03-18T15:19:27.181672,0.4083746924462699,2026-03-18T15:19:29.013000,85,,,
participant_27,2,day,Town10HD_Opt,2026-03-18 15:19:30.062228,86.84235382080078,70.21381378173828,0.0019651411566883,13.591,1.429,0.0,0.0,0,0,1,,0.935,2026-03-18T15:19:30.062228,neutral,0.997,2026-03-18T15:19:30.062228,0.413273942453554,2026-03-18T15:19:30.003000,86,,,
participant_27,2,day,Town10HD_Opt,2026-03-18 15:19:31.029806,89.0070571899414,70.31012725830078,0.0019295120146125,12.184,10.084,0.333,0.0,0,0,1,,0.927,2026-03-18T15:19:31.029806,neutral,0.997,2026-03-18T15:19:30.062228,0.346675850845278,2026-03-18T15:19:31.038000,83,,,
participant_27,2,day,Town10HD_Opt,2026-03-18 15:19:32.274827,92.10846710205078,71.06314086914062,0.0018606566591188,15.331,17.109,0.332,0.0,0,0,1,,0.911,2026-03-18T15:19:32.274827,neutral,0.974,2026-03-18T15:19:32.274827,0.3739203875358374,2026-03-18T15:19:32.029000,86,,,
participant_27,2,day,Town10HD_Opt,2026-03-18 15:19:33.247646,94.5610122680664,72.45732116699219,0.0021104430779814,17.366,19.36,0.358,0.0,0,0,1,,0.88,2026-03-18T15:19:33.247646,neutral,0.974,2026-03-18T15:19:32.274827,0.3345666904667784,2026-03-18T15:19:33.018000,84,,,
participant_27,2,day,Town10HD_Opt,2026-03-18 15:19:34.219591,96.74443817138672,74.70686340332031,0.0020681000314652,18.478,19.563,0.375,0.0,0,0,1,,1.0,2026-03-18T15:19:34.219591,neutral,0.974,2026-03-18T15:19:32.274827,0.3950654459346167,2026-03-18T15:19:34.008000,86,,,
participant_27,2,day,Town10HD_Opt,2026-03-18 15:19:35.119021,98.2009048461914,77.58071899414062,0.0020434951875358,19.003,19.393,0.375,0.0,0,0,1,,0.851,2026-03-18T15:19:35.119021,neutral,0.98,2026-03-18T15:19:35.119021,0.2960668632176581,2026-03-18T15:19:35.044000,83,,,
participant_27,2,day,Town10HD_Opt,2026-03-18 15:19:36.081231,98.79861450195312,80.92271423339844,0.002019042847678,20.14,9.617,0.368,0.0,0,0,1,,0.939,2026-03-18T15:19:36.081231,neutral,0.98,2026-03-18T15:19:35.119021,0.2986691466443225,2026-03-18T15:19:36.033000,87,,,
participant_27,2,day,Town10HD_Opt,2026-03-18 15:19:37.051658,98.908203125,84.5344009399414,0.001981048611924,21.599,3.123,0.558,0.0,0,0,1,,0.952,2026-03-18T15:19:37.051658,neutral,0.98,2026-03-18T15:19:35.119021,0.3683607782787766,2026-03-18T15:19:37.025000,86,,,
participant_27,2,day,Town10HD_Opt,2026-03-18 15:19:38.274529,98.8187484741211,90.36336517333984,0.0018859863048419,28.612,2.186,0.371,0.0,0,0,1,,0.817,2026-03-18T15:19:38.274529,neutral,0.992,2026-03-18T15:19:38.274529,0.3426289084557319,2026-03-18T15:19:38.013000,88,,,
participant_27,2,day,Town10HD_Opt,2026-03-18 15:19:39.008586,98.61000061035156,93.70355224609376,0.002033157274127,28.591,5.787,0.318,0.0,0,0,1,,0.957,2026-03-18T15:19:39.008586,neutral,0.992,2026-03-18T15:19:38.274529,0.3390711587993961,2026-03-18T15:19:39.003000,88,,,
participant_27,2,day,Town10HD_Opt,2026-03-18 15:19:40.247938,97.44940185546876,100.09549713134766,0.0020747757516801,27.169,1.081,0.331,0.0,0,0,1,,0.881,2026-03-18T15:19:40.247938,neutral,0.992,2026-03-18T15:19:38.274529,0.362691311426372,2026-03-18T15:19:40.038000,89,,,
participant_27,2,day,Town10HD_Opt,2026-03-18 15:19:41.184620,96.3116226196289,104.66910552978516,0.0020455168560147,26.944,4.645,0.405,0.0,0,0,1,,0.917,2026-03-18T15:19:41.184620,neutral,0.998,2026-03-18T15:19:41.184620,0.2985043207193169,2026-03-18T15:19:41.028000,87,,,
participant_27,2,day,Town10HD_Opt,2026-03-18 15:19:42.117602,94.6703872680664,109.15065002441406,0.0020191192161291,27.823,4.686,0.408,0.0,0,0,1,,0.921,2026-03-18T15:19:42.117602,neutral,0.998,2026-03-18T15:19:41.184620,0.3336365644483227,2026-03-18T15:19:42.063000,93,,,
participant_27,2,day,Town10HD_Opt,2026-03-18 15:19:43.056468,92.51670837402344,113.58252716064452,0.0020175552926957,28.576,3.25,0.407,0.0,0,0,1,,0.873,2026-03-18T15:19:43.056468,neutral,0.998,2026-03-18T15:19:41.184620,0.4055146087675185,2026-03-18T15:19:43.009000,92,,,
participant_27,2,day,Town10HD_Opt,2026-03-18 15:19:44.233605,88.82637786865234,119.23067474365234,0.0020406723488122,29.175,5.839,0.378,0.0,0,0,1,,0.865,2026-03-18T15:19:44.233605,neutral,1.0,2026-03-18T15:19:44.233605,0.3471974855490559,2026-03-18T15:19:44.178000,93,,,
participant_27,2,day,Town10HD_Opt,2026-03-18 15:19:45.182753,85.38345336914062,122.9989013671875,0.0020446013659238,29.213,4.174,0.379,0.0,0,0,1,,0.812,2026-03-18T15:19:45.182753,neutral,1.0,2026-03-18T15:19:44.233605,0.2571829905610978,2026-03-18T15:19:45.169000,95,,,
participant_27,2,day,Town10HD_Opt,2026-03-18 15:19:46.093547,81.46080017089844,126.2522201538086,0.0020540999248623,29.116,8.93,0.374,0.0,0,0,1,,0.882,2026-03-18T15:19:46.093547,neutral,1.0,2026-03-18T15:19:44.233605,0.1816475504969954,2026-03-18T15:19:46.023000,94,,,
participant_27,2,day,Town10HD_Opt,2026-03-18 15:19:47.030570,76.95616149902344,128.56680297851562,0.0020584105513989,28.944,7.696,0.373,0.0,0,0,1,,0.952,2026-03-18T15:19:47.030570,neutral,0.995,2026-03-18T15:19:47.030570,0.2086839527908736,2026-03-18T15:19:47.057000,96,,,
participant_27,2,day,Town10HD_Opt,2026-03-18 15:19:48.275365,70.4404067993164,130.35427856445312,0.0020423887763172,29.184,4.589,0.376,0.0,0,0,1,,0.907,2026-03-18T15:19:48.275365,neutral,0.995,2026-03-18T15:19:47.030570,0.2641352317803908,2026-03-18T15:19:48.048000,95,,,
participant_27,2,day,Town10HD_Opt,2026-03-18 15:19:49.209981,65.38216400146484,130.96560668945312,0.0020414732862263,29.278,4.643,0.377,0.0,0,0,1,,0.839,2026-03-18T15:19:49.209981,neutral,0.995,2026-03-18T15:19:49.209981,0.1451556723009467,2026-03-18T15:19:49.039000,95,,,
participant_27,2,day,Town10HD_Opt,2026-03-18 15:19:50.189268,60.26816940307617,130.97976684570312,0.0020397566258907,29.378,0.284,0.373,0.0,0,0,1,,0.842,2026-03-18T15:19:50.189268,neutral,0.995,2026-03-18T15:19:49.209981,0.1987554384917896,2026-03-18T15:19:50.028000,93,,,
participant_27,2,day,Town10HD_Opt,2026-03-18 15:19:51.170491,55.13915252685547,130.92518615722656,0.0020385740790516,29.466,-1.624,0.392,0.0,0,0,1,,0.972,2026-03-18T15:19:51.170491,neutral,0.995,2026-03-18T15:19:49.209981,0.1611445155065372,2026-03-18T15:19:51.018000,95,,,
participant_27,2,day,Town10HD_Opt,2026-03-18 15:19:52.145222,49.90986633300781,130.93263244628906,0.0019840239547193,30.932,1.471,0.459,0.0,0,0,1,,0.879,2026-03-18T15:19:52.145222,neutral,0.979,2026-03-18T15:19:52.145222,0.0988653652632549,2026-03-18T15:19:52.008000,91,,,
participant_27,2,day,Town10HD_Opt,2026-03-18 15:19:53.051926,44.37559127807617,130.78919982910156,0.0019916915334761,32.532,-0.792,0.451,0.0,0,0,1,,0.883,2026-03-18T15:19:53.051926,neutral,0.979,2026-03-18T15:19:52.145222,0.1250635617654607,2026-03-18T15:19:53.043000,92,,,
participant_27,2,day,Town10HD_Opt,2026-03-18 15:19:54.267693,36.58209228515625,130.72622680664062,0.0019834898412227,34.666,0.322,0.482,0.0,0,0,1,,0.903,2026-03-18T15:19:54.267693,neutral,1.0,2026-03-18T15:19:54.267693,0.02,2026-03-18T15:19:54.034000,93,,,
participant_27,2,day,Town10HD_Opt,2026-03-18 15:19:55.261841,30.38532829284668,130.68310546875,0.0019926070235669,36.259,-0.204,0.473,0.0,0,0,1,,0.897,2026-03-18T15:19:55.261841,neutral,1.0,2026-03-18T15:19:54.267693,0.02,2026-03-18T15:19:55.023000,91,,,
participant_27,2,day,Town10HD_Opt,2026-03-18 15:19:56.185225,23.9410343170166,130.6608123779297,0.0020028685685247,37.497,-0.327,0.471,0.0,0,0,1,,0.956,2026-03-18T15:19:56.185225,neutral,1.0,2026-03-18T15:19:54.267693,0.119880407669885,2026-03-18T15:19:56.013000,93,,,
participant_27,2,day,Town10HD_Opt,2026-03-18 15:19:57.122059,17.295621871948242,130.69851684570312,0.0020083235576748,38.555,0.082,0.47,0.0,0,0,1,,0.969,2026-03-18T15:19:57.122059,neutral,0.927,2026-03-18T15:19:57.122059,0.02,2026-03-18T15:19:57.003000,92,,,
participant_27,2,day,Town10HD_Opt,2026-03-18 15:19:58.080800,10.478437423706056,130.72659301757812,0.0020171736832708,39.378,0.261,0.449,0.0,0,0,1,,0.858,2026-03-18T15:19:58.080800,neutral,0.927,2026-03-18T15:19:57.122059,0.1007888410930078,2026-03-18T15:19:58.038000,93,,,
participant_27,2,day,Town10HD_Opt,2026-03-18 15:19:58.999590,3.5707898139953613,130.69725036621094,0.0020398329943418,39.515,-0.014,0.434,0.0,0,0,1,,0.893,2026-03-18T15:19:58.999590,neutral,0.927,2026-03-18T15:19:57.122059,0.02,2026-03-18T15:19:59.028000,91,,,
participant_27,3,day,Town10HD_Opt,2026-03-18 15:30:00.000000,-41.66858673095703,89.7454833984375,0.5804919004440308,0.0,-0.247,0.0,0.0,0,0,0,,1.0,2026-03-18T15:30:00,,,2026-03-18T15:30:00,0.1419814698742675,2026-03-18T15:30:00,91,,,
participant_27,3,day,Town10HD_Opt,2026-03-18 15:30:04.667897,-41.66858673095703,89.7454833984375,0.0019181441748514,0.0,-0.247,0.0,0.0,0,0,0,,1.0,2026-03-18T15:30:04.667897,,,2026-03-18T15:30:04.667897,0.2481617581232879,2026-03-18T15:30:04.998000,96,,,
participant_27,3,day,Town10HD_Opt,2026-03-18 15:30:04.998879,-41.66858673095703,89.7454833984375,0.0019181441748514,0.0,-0.247,0.0,0.0,0,0,0,,1.0,2026-03-18T15:30:04.667897,,,2026-03-18T15:30:04.667897,0.2643212358749316,2026-03-18T15:30:04.998000,96,,,
participant_27,3,day,Town10HD_Opt,2026-03-18 15:30:06.246216,-41.66858673095703,89.7454833984375,0.0019181441748514,0.0,-0.247,0.0,0.0,0,0,0,,0.823,2026-03-18T15:30:06.246216,,,2026-03-18T15:30:04.667897,0.1892383218887064,2026-03-18T15:30:05.984000,95,,,
participant_27,3,day,Town10HD_Opt,2026-03-18 15:30:07.226773,-41.66858673095703,89.7454833984375,0.0019181441748514,0.0,-0.247,0.0,0.0,0,0,0,,1.0,2026-03-18T15:30:07.226773,neutral,0.949,2026-03-18T15:30:07.226773,0.2872377284647305,2026-03-18T15:30:07.020000,95,,,
participant_27,3,day,Town10HD_Opt,2026-03-18 15:30:08.287705,-41.66858673095703,89.7454833984375,0.0019181441748514,0.0,-0.247,0.0,0.0,0,0,0,,1.0,2026-03-18T15:30:08.287705,neutral,0.949,2026-03-18T15:30:07.226773,0.207860051841464,2026-03-18T15:30:08.010000,91,,,
participant_27,3,day,Town10HD_Opt,2026-03-18 15:30:09.275112,-41.66858673095703,89.7454833984375,0.0019181441748514,0.0,-0.247,0.0,0.0,0,0,0,,1.0,2026-03-18T15:30:09.275112,neutral,0.944,2026-03-18T15:30:09.275112,0.2787374925647591,2026-03-18T15:30:09.001000,91,,,
participant_27,3,day,Town10HD_Opt,2026-03-18 15:30:10.288909,-41.66858673095703,89.7454833984375,0.0019181441748514,0.0,-0.247,0.0,0.0,0,0,0,,1.0,2026-03-18T15:30:10.288909,neutral,0.944,2026-03-18T15:30:09.275112,0.310739683359681,2026-03-18T15:30:09.990000,92,,,
participant_27,3,day,Town10HD_Opt,2026-03-18 15:30:11.309272,-41.66858673095703,89.7454833984375,0.0019181441748514,0.0,-0.247,0.0,0.0,0,0,0,,1.0,2026-03-18T15:30:11.309272,happy,0.988,2026-03-18T15:30:11.309272,0.3351109672769296,2026-03-18T15:30:10.980000,93,,,
participant_27,3,day,Town10HD_Opt,2026-03-18 15:30:12.064549,-41.66858673095703,89.7454833984375,0.0019181441748514,0.0,-0.247,0.0,0.0,0,0,0,,1.0,2026-03-18T15:30:12.064549,happy,0.988,2026-03-18T15:30:11.309272,0.310698838829304,2026-03-18T15:30:12.014000,93,,,
participant_27,3,day,Town10HD_Opt,2026-03-18 15:30:13.047995,-41.66858673095703,89.7454833984375,0.0019181441748514,0.0,-0.247,0.0,0.0,0,0,0,,1.0,2026-03-18T15:30:13.047995,happy,0.988,2026-03-18T15:30:11.309272,0.3656441771604176,2026-03-18T15:30:13.005000,94,,,
participant_27,3,day,Town10HD_Opt,2026-03-18 15:30:14.062123,-41.66858673095703,89.7454833984375,0.0019181441748514,0.0,-0.247,0.0,0.0,0,0,0,,1.0,2026-03-18T15:30:14.062123,happy,0.866,2026-03-18T15:30:14.062123,0.3070951814942597,2026-03-18T15:30:13.996000,91,,,
participant_27,3,day,Town10HD_Opt,2026-03-18 15:30:15.115988,-41.66858673095703,89.7454833984375,0.0019181441748514,0.0,0.644,0.778,0.0,0,0,0,,1.0,2026-03-18T15:30:15.115988,happy,0.866,2026-03-18T15:30:14.062123,0.3731000616405077,2026-03-18T15:30:14.984000,92,,,
participant_27,3,day,Town10HD_Opt,2026-03-18 15:30:16.114850,-41.66599655151367,88.9237289428711,0.0013215255457907,14.487,0.611,0.962,0.0,0,0,1,,0.823,2026-03-18T15:30:16.114850,neutral,0.687,2026-03-18T15:30:16.114850,0.3827523224362787,2026-03-18T15:30:16.020000,89,,,
participant_27,3,day,Town10HD_Opt,2026-03-18 15:30:17.213873,-41.63834762573242,85.81222534179688,0.0019764709286391,17.947,0.827,0.128,0.0,0,0,1,,1.0,2026-03-18T15:30:17.213873,neutral,0.687,2026-03-18T15:30:16.114850,0.3855517920617021,2026-03-18T15:30:17.055000,89,,,
participant_27,3,day,Town10HD_Opt,2026-03-18 15:30:18.260523,-41.563758850097656,82.82283020019531,0.0019695663359016,16.146,3.471,0.186,0.0,0,0,1,,1.0,2026-03-18T15:30:18.260523,neutral,0.958,2026-03-18T15:30:18.260523,0.4057294951015606,2026-03-18T15:30:18,92,,,
participant_27,3,day,Town10HD_Opt,2026-03-18 15:30:19.013812,-41.39632415771485,80.9480972290039,0.0018938827561214,16.766,8.029,0.395,0.0,0,0,1,,0.895,2026-03-18T15:30:19.013812,neutral,0.958,2026-03-18T15:30:18.260523,0.3277449971767092,2026-03-18T15:30:19.080000,96,,,
participant_27,3,day,Town10HD_Opt,2026-03-18 15:30:20.064271,-40.76408004760742,77.9130859375,0.0020623398013412,18.345,10.656,0.375,0.0,0,0,1,,1.0,2026-03-18T15:30:20.064271,neutral,0.958,2026-03-18T15:30:18.260523,0.3405958737251015,2026-03-18T15:30:19.981000,96,,,
participant_27,3,day,Town10HD_Opt,2026-03-18 15:30:21.209080,-39.53650665283203,74.95092010498047,0.0020353698637336,18.772,15.721,0.367,0.0,0,0,1,,1.0,2026-03-18T15:30:21.209080,neutral,0.978,2026-03-18T15:30:21.209080,0.3049947527859262,2026-03-18T15:30:21.060000,96,,,
participant_27,3,day,Town10HD_Opt,2026-03-18 15:30:22.333452,-37.4530029296875,72.3740005493164,0.0020499038510024,19.442,19.644,0.344,0.0,0,0,1,,0.803,2026-03-18T15:30:22.333452,neutral,0.978,2026-03-18T15:30:21.209080,0.3621948846229165,2026-03-18T15:30:22.004000,95,,,
participant_27,3,day,Town10HD_Opt,2026-03-18 15:30:23.080779,-35.59904861450195,71.07665252685547,0.0020625304896384,19.638,20.498,0.344,0.0,0,0,1,,1.0,2026-03-18T15:30:23.080779,neutral,0.978,2026-03-18T15:30:21.209080,0.2916754187822607,2026-03-18T15:30:23.040000,96,,,
participant_27,3,day,Town10HD_Opt,2026-03-18 15:30:24.128667,-32.34900665283203,69.99526977539062,0.0020571136847138,19.986,13.161,0.342,0.0,0,0,1,,0.879,2026-03-18T15:30:24.128667,neutral,0.986,2026-03-18T15:30:24.128667,0.3853870066021315,2026-03-18T15:30:23.988000,96,,,
participant_27,3,day,Town10HD_Opt,2026-03-18 15:30:25.191664,-28.85415267944336,69.59513092041016,0.0020455932244658,20.191,7.347,0.342,0.0,0,0,1,,0.815,2026-03-18T15:30:25.191664,neutral,0.986,2026-03-18T15:30:24.128667,0.3078102564930086,2026-03-18T15:30:25.020000,94,,,
participant_27,3,day,Town10HD_Opt,2026-03-18 15:30:26.264542,-25.29965591430664,69.60286712646484,0.0020264815539121,20.645,1.568,0.366,0.0,0,0,1,,1.0,2026-03-18T15:30:26.264542,neutral,0.914,2026-03-18T15:30:26.264542,0.3252674834965828,2026-03-18T15:30:26.012000,93,,,
participant_27,3,day,Town10HD_Opt,2026-03-18 15:30:27.010078,-22.86748695373535,69.63871765136719,0.002021598862484,21.11,-3.059,0.359,0.0,0,0,1,,0.929,2026-03-18T15:30:27.010078,neutral,0.914,2026-03-18T15:30:26.264542,0.3644631851828325,2026-03-18T15:30:27,91,,,
participant_27,3,day,Town10HD_Opt,2026-03-18 15:30:28.049481,-19.125747680664062,69.59523010253906,0.0020249558147042,21.7,2.153,0.359,0.0,0,0,1,,0.935,2026-03-18T15:30:28.049481,neutral,0.914,2026-03-18T15:30:26.264542,0.2863874879066197,2026-03-18T15:30:27.990000,94,,,
participant_27,3,day,Town10HD_Opt,2026-03-18 15:30:29.108429,-15.286521911621094,69.6318359375,0.0020265197381377,22.221,-0.674,0.359,0.0,0,0,1,,0.896,2026-03-18T15:30:29.108429,neutral,0.992,2026-03-18T15:30:29.108429,0.2939793811059932,2026-03-18T15:30:28.981000,92,,,
participant_27,3,day,Town10HD_Opt,2026-03-18 15:30:30.132904,-11.36011791229248,69.6234359741211,0.0020282363984733,22.687,0.078,0.359,0.0,0,0,1,,0.93,2026-03-18T15:30:30.132904,neutral,0.992,2026-03-18T15:30:29.108429,0.3756532093564018,2026-03-18T15:30:30.015000,95,,,
participant_27,3,day,Town10HD_Opt,2026-03-18 15:30:31.187278,-7.35674238204956,69.62390899658203,0.0020303344354033,23.094,0.277,0.358,0.0,0,0,1,,0.9,2026-03-18T15:30:31.187278,neutral,0.999,2026-03-18T15:30:31.187278,0.3094118410910593,2026-03-18T15:30:31.005000,98,,,
participant_27,3,day,Town10HD_Opt,2026-03-18 15:30:32.156403,-3.2877566814422607,69.6466064453125,0.0020324324723333,23.415,0.106,0.357,0.0,0,0,1,,1.0,2026-03-18T15:30:32.156403,neutral,0.999,2026-03-18T15:30:31.187278,0.2951897519699898,2026-03-18T15:30:31.995000,99,,,
participant_27,3,day,Town10HD_Opt,2026-03-18 15:30:33.137088,0.835516095161438,69.68023681640625,0.0020343780051916,23.712,0.096,0.356,0.0,0,0,1,,1.0,2026-03-18T15:30:33.137088,neutral,0.999,2026-03-18T15:30:31.187278,0.3883253426670359,2026-03-18T15:30:32.986000,97,,,
participant_27,3,day,Town10HD_Opt,2026-03-18 15:30:34.106813,5.004571437835693,69.72296905517578,0.0020355223678052,23.955,0.096,0.356,0.0,0,0,1,,0.919,2026-03-18T15:30:34.106813,neutral,0.985,2026-03-18T15:30:34.106813,0.2791889846909545,2026-03-18T15:30:34.021000,94,,,
participant_27,3,day,Town10HD_Opt,2026-03-18 15:30:35.133265,9.213705062866213,69.7750015258789,0.002036437857896,24.168,0.096,0.353,0.0,0,0,1,,0.909,2026-03-18T15:30:35.133265,neutral,0.985,2026-03-18T15:30:34.106813,0.359156579199797,2026-03-18T15:30:35.010000,90,,,
participant_27,3,day,Town10HD_Opt,2026-03-18 15:30:36.138459,13.353962898254396,69.8349380493164,0.0021691513247787,21.57,0.096,0.0,0.0,0,0,1,,0.893,2026-03-18T15:30:36.138459,neutral,0.988,2026-03-18T15:30:36.138459,0.3572210235966891,2026-03-18T15:30:36,89,,,
participant_27,3,day,Town10HD_Opt,2026-03-18 15:30:37.184280,16.694257736206055,69.8899917602539,0.0019616317003965,16.22,0.096,0.0,0.146,0,0,1,,0.947,2026-03-18T15:30:37.184280,neutral,0.988,2026-03-18T15:30:36.138459,0.415187674783764,2026-03-18T15:30:36.990000,88,,,
participant_27,3,day,Town10HD_Opt,2026-03-18 15:30:38.257798,19.18490600585937,69.93578338623047,0.0020685195922851,11.693,0.096,0.0,0.095,0,0,1,,0.97,2026-03-18T15:30:38.257798,neutral,0.999,2026-03-18T15:30:38.257798,0.4262676799230684,2026-03-18T15:30:37.983000,90,,,
participant_27,3,day,Town10HD_Opt,2026-03-18 15:30:39.250020,20.993385314941406,69.97116088867188,0.0020217131823301,8.641,0.096,0.0,0.12,0,0,1,,0.94,2026-03-18T15:30:39.250020,neutral,0.999,2026-03-18T15:30:38.257798,0.3403821043949692,2026-03-18T15:30:39.015000,89,,,
participant_27,3,day,Town10HD_Opt,2026-03-18 15:30:40.299654,21.949499130249023,69.99057006835938,0.0023422623053193,0.001,0.096,0.0,0.399,0,0,1,,0.874,2026-03-18T15:30:40.299654,neutral,0.941,2026-03-18T15:30:40.299654,0.3348564997443808,2026-03-18T15:30:40.005000,90,,,
participant_27,3,day,Town10HD_Opt,2026-03-18 15:30:41.274709,21.950946807861328,69.9905776977539,0.0019327925983816,0.014,0.096,0.005,0.0,0,0,1,,0.971,2026-03-18T15:30:41.274709,neutral,0.941,2026-03-18T15:30:40.299654,0.308554978239887,2026-03-18T15:30:40.995000,90,,,
participant_27,3,day,Town10HD_Opt,2026-03-18 15:30:42.288732,21.98520469665528,69.99134063720703,0.0018587874947115,1.322,0.101,0.24,0.0,0,0,1,,0.952,2026-03-18T15:30:42.288732,neutral,0.941,2026-03-18T15:30:40.299654,0.2202881537851283,2026-03-18T15:30:41.986000,87,,,
participant_27,3,day,Town10HD_Opt,2026-03-18 15:30:43.294982,22.387176513671875,69.9997329711914,0.0018351363250985,3.816,0.101,0.242,0.0,0,0,1,,0.837,2026-03-18T15:30:43.294982,neutral,0.991,2026-03-18T15:30:43.294982,0.3617284848251436,2026-03-18T15:30:43.021000,87,,,
participant_27,3,day,Town10HD_Opt,2026-03-18 15:30:44.043275,22.90518569946289,70.01010131835938,0.0018357086228206,5.478,-0.888,0.241,0.0,0,0,1,,1.0,2026-03-18T15:30:44.043275,neutral,0.991,2026-03-18T15:30:43.294982,0.3037882124608115,2026-03-18T15:30:44.100000,87,,,
participant_27,3,day,Town10HD_Opt,2026-03-18 15:30:45.074572,24.01721572875977,70.01710510253906,0.0018546676728874,7.481,0.971,0.219,0.0,0,0,1,,0.844,2026-03-18T15:30:45.074572,neutral,0.991,2026-03-18T15:30:43.294982,0.2714021342418512,2026-03-18T15:30:45.046000,84,,,
participant_27,3,day,Town10HD_Opt,2026-03-18 15:30:46.100096,25.29739761352539,70.04634094238281,0.0019644545391201,6.423,0.505,0.0,0.12,0,0,1,,0.864,2026-03-18T15:30:46.100096,neutral,0.972,2026-03-18T15:30:46.100096,0.3007494396509379,2026-03-18T15:30:45.991000,87,,,
participant_27,3,day,Town10HD_Opt,2026-03-18 15:30:47.082043,25.57332420349121,70.05333709716797,0.0019839478190988,0.0,0.484,0.0,0.3,0,0,1,,0.86,2026-03-18T15:30:47.082043,neutral,0.972,2026-03-18T15:30:46.100096,0.2478694081748953,2026-03-18T15:30:46.981000,86,,,
participant_27,3,day,Town10HD_Opt,2026-03-18 15:30:48.046606,25.57330703735352,70.05333709716797,0.0019182204268872,0.206,0.376,0.354,0.0,0,0,1,,1.0,2026-03-18T15:30:48.046606,neutral,0.972,2026-03-18T15:30:46.100096,0.3289607213879046,2026-03-18T15:30:48.015000,83,,,
participant_27,3,day,Town10HD_Opt,2026-03-18 15:30:49.060612,26.024349212646484,70.0582275390625,0.0017300796462222,5.774,-1.97,0.43,0.0,0,0,1,,0.842,2026-03-18T15:30:49.060612,happy,0.562,2026-03-18T15:30:49.060612,0.2619540082375524,2026-03-18T15:30:49.006000,82,,,
participant_27,3,day,Town10HD_Opt,2026-03-18 15:30:50.145561,27.37670516967773,70.03599548339844,0.0018628310644999,8.623,-5.177,0.157,0.0,0,0,1,,0.971,2026-03-18T15:30:50.145561,happy,0.562,2026-03-18T15:30:49.060612,0.3110042849756272,2026-03-18T15:30:49.996000,83,Solid line crossing,Solid line crossing,
participant_27,3,day,Town10HD_Opt,2026-03-18 15:30:51.192426,28.869291305541992,69.92755889892578,0.0019419860327616,8.137,-6.499,0.104,0.0,0,0,1,,0.983,2026-03-18T15:30:51.192426,happy,0.525,2026-03-18T15:30:51.192426,0.3053670170474447,2026-03-18T15:30:50.986000,86,,,
participant_27,3,day,Town10HD_Opt,2026-03-18 15:30:52.307622,30.25347900390625,69.73552703857422,0.0019188307924196,7.968,-8.842,0.196,0.0,0,0,1,,0.994,2026-03-18T15:30:52.307622,happy,0.525,2026-03-18T15:30:51.192426,0.2998147141999255,2026-03-18T15:30:52.021000,86,,,
participant_27,3,day,Town10HD_Opt,2026-03-18 15:30:53.020309,31.20306396484375,69.53974151611328,0.0018896865658462,8.691,-9.04,0.211,0.0,0,0,1,,0.988,2026-03-18T15:30:53.020309,happy,0.525,2026-03-18T15:30:51.192426,0.3526283228889613,2026-03-18T15:30:53.011000,91,Stop sign violation,stop_sign_id=1120,
participant_27,3,day,Town10HD_Opt,2026-03-18 15:30:54.050380,32.76118469238281,69.10660552978516,0.0018835830269381,9.858,-9.55,0.222,0.0,0,0,1,,0.979,2026-03-18T15:30:54.050380,neutral,0.939,2026-03-18T15:30:54.050380,0.3937925871088037,2026-03-18T15:30:54.001000,88,,,
participant_27,3,day,Town10HD_Opt,2026-03-18 15:30:55.093155,34.44804000854492,68.45897674560547,0.0018895721295848,10.882,-11.057,0.236,0.0,0,0,1,,0.982,2026-03-18T15:30:55.093155,neutral,0.939,2026-03-18T15:30:54.050380,0.403311925665466,2026-03-18T15:30:54.991000,86,,,
participant_27,3,day,Town10HD_Opt,2026-03-18 15:30:56.114390,36.21923065185547,67.53617095947266,0.0018808364402502,12.138,-11.057,0.246,0.0,0,0,1,,0.931,2026-03-18T15:30:56.114390,happy,0.62,2026-03-18T15:30:56.114390,0.4922495922386578,2026-03-18T15:30:55.981000,87,,,
participant_27,3,day,Town10HD_Opt,2026-03-18 15:30:57.112590,38.0247802734375,66.29981994628906,0.0018997192382812,12.885,-11.057,0.234,0.0,0,0,1,,0.985,2026-03-18T15:30:57.112590,happy,0.62,2026-03-18T15:30:56.114390,0.4632748413067171,2026-03-18T15:30:57.015000,84,,,
participant_27,3,day,Town10HD_Opt,2026-03-18 15:30:58.100208,39.75389099121094,64.75301361083984,0.0026510239113122,13.732,-11.057,0.259,0.0,0,0,1,,0.989,2026-03-18T15:30:58.100208,happy,0.62,2026-03-18T15:30:56.114390,0.4752322074657544,2026-03-18T15:30:58.005000,85,,,
participant_27,3,day,Town10HD_Opt,2026-03-18 15:30:59.114305,41.35435485839844,62.87019348144531,0.0018812179332599,14.662,-11.041,0.265,0.0,0,0,1,,0.969,2026-03-18T15:30:59.114305,happy,0.769,2026-03-18T15:30:59.114305,0.4937221471815921,2026-03-18T15:30:58.995000,85,Solid line crossing,Solid line crossing,
participant_27,3,day,Town10HD_Opt,2026-03-18 15:31:00.148535,42.75022506713867,60.64348602294922,0.0018941116286441,15.472,-11.028,0.269,0.0,0,0,1,,0.8,2026-03-18T15:31:00.148535,happy,0.769,2026-03-18T15:30:59.114305,0.4849785486929743,2026-03-18T15:31:00.032000,85,,,
participant_27,3,day,Town10HD_Opt,2026-03-18 15:31:01.191316,43.84769821166992,58.10395812988281,0.0019036864396184,16.217,-11.228,0.266,0.0,0,0,1,,0.905,2026-03-18T15:31:01.191316,happy,0.794,2026-03-18T15:31:01.191316,0.4505269584945782,2026-03-18T15:31:01.021000,91,,,
participant_27,3,day,Town10HD_Opt,2026-03-18 15:31:02.186936,44.54549026489258,55.31881713867188,0.0019116591429337,16.703,-11.344,0.262,0.0,0,0,1,,0.984,2026-03-18T15:31:02.186936,happy,0.794,2026-03-18T15:31:01.191316,0.4243048963316241,2026-03-18T15:31:02.011000,91,,,
participant_27,3,day,Town10HD_Opt,2026-03-18 15:31:03.198626,44.83444595336914,52.39274215698242,0.0019248580792918,16.732,-4.568,0.175,0.0,0,0,1,,0.971,2026-03-18T15:31:03.198626,neutral,0.934,2026-03-18T15:31:03.198626,0.4403233903481299,2026-03-18T15:31:03.002000,92,,,
participant_27,3,day,Town10HD_Opt,2026-03-18 15:31:04.219583,44.91816329956055,49.55557632446289,0.0019564819522202,15.616,-6.225,0.17,0.0,0,0,1,,0.98,2026-03-18T15:31:04.219583,neutral,0.934,2026-03-18T15:31:03.198626,0.4307549025881686,2026-03-18T15:31:03.991000,96,,,
participant_27,3,day,Town10HD_Opt,2026-03-18 15:31:05.272088,44.77811050415039,46.92892456054688,0.0019980238284915,13.727,-4.365,0.0,0.0,0,0,1,,0.953,2026-03-18T15:31:05.272088,neutral,0.795,2026-03-18T15:31:05.272088,0.4123807627591885,2026-03-18T15:31:05.026000,95,,,errors=Solid line crossing
participant_27,3,day,Town10HD_Opt,2026-03-18 15:31:06.315705,44.61164093017578,44.81966781616211,0.0020359419286251,10.132,2.059,0.0,0.069,0,0,1,,0.946,2026-03-18T15:31:06.315705,neutral,0.795,2026-03-18T15:31:05.272088,0.4298844166433048,2026-03-18T15:31:06.016000,94,,,
participant_27,3,day,Town10HD_Opt,2026-03-18 15:31:07.022985,44.56789779663086,43.74188232421875,0.002005310030654,8.325,3.49,0.0,0.0,0,0,1,,0.894,2026-03-18T15:31:07.022985,neutral,0.795,2026-03-18T15:31:05.272088,0.4473230773996285,2026-03-18T15:31:07.005000,95,,,
participant_27,3,day,Town10HD_Opt,2026-03-18 15:31:08.036808,44.54523468017578,42.41764068603516,0.001928825280629,7.573,2.73,0.288,0.0,0,0,1,,0.883,2026-03-18T15:31:08.036808,neutral,0.954,2026-03-18T15:31:08.036808,0.3948381258634938,2026-03-18T15:31:07.996000,97,,,
participant_27,3,day,Town10HD_Opt,2026-03-18 15:31:09.087278,44.55061340332031,40.89611053466797,0.0018125915667042,10.518,3.033,0.356,0.0,0,0,1,,0.857,2026-03-18T15:31:09.087278,neutral,0.954,2026-03-18T15:31:08.036808,0.3929463567517242,2026-03-18T15:31:09.031000,99,,,
participant_27,3,day,Town10HD_Opt,2026-03-18 15:31:10.100583,44.6353645324707,38.83209991455078,0.0018589019309729,12.805,5.742,0.214,0.0,0,0,1,,1.0,2026-03-18T15:31:10.100583,neutral,0.926,2026-03-18T15:31:10.100583,0.3364581412979693,2026-03-18T15:31:10.021000,102,,,
participant_27,3,day,Town10HD_Opt,2026-03-18 15:31:11.170199,44.97501373291016,36.636905670166016,0.0019544982351362,12.17,12.573,0.067,0.0,0,0,1,,0.862,2026-03-18T15:31:11.170199,neutral,0.926,2026-03-18T15:31:10.100583,0.3499159465386051,2026-03-18T15:31:11.011000,101,,,
participant_27,3,day,Town10HD_Opt,2026-03-18 15:31:12.196227,45.59366226196289,34.8061637878418,0.0019984054379165,9.906,17.936,0.103,0.0,0,0,1,,1.0,2026-03-18T15:31:12.196227,neutral,0.979,2026-03-18T15:31:12.196227,0.4046585126664615,2026-03-18T15:31:12.001000,100,,,
participant_27,3,day,Town10HD_Opt,2026-03-18 15:31:13.217427,46.41703414916992,33.3558464050293,0.0019253920763731,9.623,19.327,0.223,0.0,0,0,1,,1.0,2026-03-18T15:31:13.217427,neutral,0.979,2026-03-18T15:31:12.196227,0.3735197011023672,2026-03-18T15:31:12.991000,99,,,
participant_27,3,day,Town10HD_Opt,2026-03-18 15:31:14.195997,47.55982971191406,31.97603988647461,0.0018708801362663,11.309,19.315,0.29,0.0,0,0,1,,1.0,2026-03-18T15:31:14.195997,neutral,0.979,2026-03-18T15:31:12.196227,0.4171579715598099,2026-03-18T15:31:14.071000,98,,,
participant_27,3,day,Town10HD_Opt,2026-03-18 15:31:15.233183,49.18773651123047,30.63487434387207,0.0018776321085169,13.054,19.188,0.282,0.0,0,0,1,,0.824,2026-03-18T15:31:15.233183,neutral,0.908,2026-03-18T15:31:15.233183,0.3395590697577237,2026-03-18T15:31:15.017000,96,,,
participant_27,3,day,Town10HD_Opt,2026-03-18 15:31:16.283160,51.30575942993164,29.55212783813477,0.0018908309284597,14.41,17.831,0.263,0.0,0,0,1,,0.871,2026-03-18T15:31:16.283160,neutral,0.908,2026-03-18T15:31:15.233183,0.447059272795366,2026-03-18T15:31:16.006000,98,,,
participant_27,3,day,Town10HD_Opt,2026-03-18 15:31:17.309482,53.78019332885742,28.81164932250977,0.0019022750202566,15.193,11.368,0.249,0.0,0,0,1,,0.845,2026-03-18T15:31:17.309482,neutral,0.975,2026-03-18T15:31:17.309482,0.340303738759056,2026-03-18T15:31:16.998000,97,,,
participant_27,3,day,Town10HD_Opt,2026-03-18 15:31:18.296512,56.428001403808594,28.28954124450684,0.0019039153121411,15.682,0.261,0.246,0.0,0,0,1,,0.892,2026-03-18T15:31:18.296512,neutral,0.975,2026-03-18T15:31:17.309482,0.3430163084749932,2026-03-18T15:31:18.031000,100,,,
participant_27,3,day,Town10HD_Opt,2026-03-18 15:31:19.303226,59.11500930786133,27.609174728393555,0.001905555720441,16.118,-5.583,0.271,0.0,0,0,1,,0.858,2026-03-18T15:31:19.303226,neutral,0.975,2026-03-18T15:31:17.309482,0.3947654196671147,2026-03-18T15:31:19.021000,102,,,
participant_27,3,day,Town10HD_Opt,2026-03-18 15:31:20.288100,61.85806655883789,26.75010681152344,0.0018971251556649,16.801,1.093,0.284,0.0,0,0,1,,0.926,2026-03-18T15:31:20.288100,neutral,0.974,2026-03-18T15:31:20.288100,0.3710184907159966,2026-03-18T15:31:20.012000,105,,,
participant_27,3,day,Town10HD_Opt,2026-03-18 15:31:21.299310,64.74542999267578,25.94090461730957,0.0018983840709552,17.484,1.984,0.275,0.0,0,0,1,,0.919,2026-03-18T15:31:21.299310,neutral,0.974,2026-03-18T15:31:20.288100,0.3234239632512506,2026-03-18T15:31:21.001000,104,,,
participant_27,3,day,Town10HD_Opt,2026-03-18 15:31:22.009055,66.74044036865234,25.445602416992188,0.0019040297484025,17.785,2.534,0.27,0.0,0,0,1,,0.931,2026-03-18T15:31:22.009055,neutral,0.974,2026-03-18T15:31:20.288100,0.4415393549326398,2026-03-18T15:31:21.991000,105,,,
participant_27,3,day,Town10HD_Opt,2026-03-18 15:31:23.289411,70.81745147705078,24.650774002075195,0.0019387817010283,17.49,5.917,0.207,0.0,0,0,1,,0.93,2026-03-18T15:31:23.289411,neutral,0.948,2026-03-18T15:31:23.289411,0.4094520526568369,2026-03-18T15:31:23.025000,105,,,errors=Solid line crossing
participant_27,3,day,Town10HD_Opt,2026-03-18 15:31:24.331132,73.79903411865234,24.428407669067383,0.0019601820968091,16.361,7.763,0.0,0.0,0,0,1,,0.923,2026-03-18T15:31:24.331132,neutral,0.948,2026-03-18T15:31:23.289411,0.3032454378160401,2026-03-18T15:31:24.016000,103,,,
participant_27,3,day,Town10HD_Opt,2026-03-18 15:31:25.337452,76.35877227783203,24.52530860900879,0.0020391081925481,12.363,3.759,0.0,0.13,0,0,1,,0.877,2026-03-18T15:31:25.337452,neutral,0.928,2026-03-18T15:31:25.337452,0.3832824923644417,2026-03-18T15:31:25.006000,99,,,
participant_27,3,day,Town10HD_Opt,2026-03-18 15:31:26.045012,77.68634796142578,24.589990615844727,0.0020513152703642,9.786,-3.58,0.0,0.214,0,0,1,,0.936,2026-03-18T15:31:26.045012,neutral,0.928,2026-03-18T15:31:25.337452,0.3367151138311072,2026-03-18T15:31:25.996000,99,,,
participant_27,3,day,Town10HD_Opt,2026-03-18 15:31:27.027460,79.06207275390625,24.58529281616211,0.0020551299676299,5.537,-2.642,0.0,0.277,0,0,1,,0.972,2026-03-18T15:31:27.027460,neutral,0.928,2026-03-18T15:31:25.337452,0.2683240189828236,2026-03-18T15:31:27.031000,101,,,
participant_27,3,day,Town10HD_Opt,2026-03-18 15:31:28.072928,79.20401000976562,24.583934783935547,0.001958007691428,0.062,-0.129,0.0,0.0,0,0,1,,0.818,2026-03-18T15:31:28.072928,neutral,0.936,2026-03-18T15:31:28.072928,0.3522506504690281,2026-03-18T15:31:28.022000,100,,,
participant_27,3,day,Town10HD_Opt,2026-03-18 15:31:29.103265,79.2139892578125,24.58405876159668,0.00192012777552,0.053,0.374,0.0,0.0,0,0,1,,0.925,2026-03-18T15:31:29.103265,neutral,0.936,2026-03-18T15:31:28.072928,0.2730992825397899,2026-03-18T15:31:29.012000,99,,,
participant_27,3,day,Town10HD_Opt,2026-03-18 15:31:30.256516,79.22178649902344,24.584142684936523,0.0019192504696547,0.041,0.315,0.0,0.0,0,0,1,,1.0,2026-03-18T15:31:30.256516,neutral,0.877,2026-03-18T15:31:30.256516,0.3001759012718493,2026-03-18T15:31:30.001000,99,,,
participant_27,3,day,Town10HD_Opt,2026-03-18 15:31:31.253710,79.22779083251953,24.58414649963379,0.001919288537465,0.033,0.214,0.0,0.0,0,0,1,,0.919,2026-03-18T15:31:31.253710,neutral,0.877,2026-03-18T15:31:30.256516,0.2409669246443712,2026-03-18T15:31:30.991000,99,,,
participant_27,3,day,Town10HD_Opt,2026-03-18 15:31:32.270506,79.2323989868164,24.58414459228516,0.0019191741012036,0.026,0.193,0.0,0.0,0,0,1,,0.949,2026-03-18T15:31:32.270506,neutral,0.738,2026-03-18T15:31:32.270506,0.2059192592301719,2026-03-18T15:31:32.026000,98,,,
participant_27,3,day,Town10HD_Opt,2026-03-18 15:31:33.206038,79.234619140625,24.58414459228516,0.0019187927246093,0.004,0.183,0.0,0.0,0,0,1,,1.0,2026-03-18T15:31:33.206038,neutral,0.738,2026-03-18T15:31:32.270506,0.1695948154299024,2026-03-18T15:31:33.016000,97,,,
participant_27,3,day,Town10HD_Opt,2026-03-18 15:31:34.154149,79.23494720458984,24.58414459228516,0.0019189452286809,0.001,0.183,0.0,0.0,0,0,1,,0.937,2026-03-18T15:31:34.154149,neutral,0.738,2026-03-18T15:31:32.270506,0.177965574817346,2026-03-18T15:31:34.096000,95,,,
participant_27,3,day,Town10HD_Opt,2026-03-18 15:31:35.068794,79.234619140625,24.58414459228516,0.0019186401041224,0.14,0.186,0.105,0.0,0,0,1,,0.907,2026-03-18T15:31:35.068794,neutral,0.574,2026-03-18T15:31:35.068794,0.2036829328773209,2026-03-18T15:31:35.041000,93,,,
participant_27,3,day,Town10HD_Opt,2026-03-18 15:31:36.066816,79.36373138427734,24.58540916442871,0.0017546081217005,3.138,0.801,0.827,0.0,0,0,1,,0.902,2026-03-18T15:31:36.066816,neutral,0.574,2026-03-18T15:31:35.068794,0.214881761333808,2026-03-18T15:31:36.031000,91,,,
participant_27,3,day,Town10HD_Opt,2026-03-18 15:31:37.274278,82.33722686767578,24.64606475830078,0.0017243194160982,22.521,0.834,1.0,0.0,0,0,1,,0.896,2026-03-18T15:31:37.274278,neutral,0.702,2026-03-18T15:31:37.274278,0.2786978089275586,2026-03-18T15:31:37.021000,86,,,
participant_27,3,day,Town10HD_Opt,2026-03-18 15:31:38.025115,85.34886169433594,24.72317314147949,0.0018460464198142,27.009,-1.92,0.011,0.0,0,0,1,,0.883,2026-03-18T15:31:38.025115,neutral,0.702,2026-03-18T15:31:37.274278,0.1624974673706237,2026-03-18T15:31:38.012000,84,,,
participant_27,3,day,Town10HD_Opt,2026-03-18 15:31:39.080193,89.64238739013672,24.55034828186035,0.0021780775859951,22.208,-7.42,0.281,0.0,0,0,1,,0.97,2026-03-18T15:31:39.080193,neutral,0.702,2026-03-18T15:31:37.274278,0.1392485870384689,2026-03-18T15:31:39.002000,82,Stop sign violation,stop_sign_id=1200,
participant_27,3,day,Town10HD_Opt,2026-03-18 15:31:40.133300,93.44001770019533,23.885316848754883,0.0019981765653938,22.905,-5.749,0.522,0.0,0,0,1,,0.956,2026-03-18T15:31:40.133300,neutral,0.801,2026-03-18T15:31:40.133300,0.2080072500076724,2026-03-18T15:31:39.991000,81,,,
participant_27,3,day,Town10HD_Opt,2026-03-18 15:31:41.141031,97.54393005371094,22.55867958068848,0.0019244003342464,26.952,-10.641,0.46,0.0,0,0,1,,0.993,2026-03-18T15:31:41.141031,neutral,0.801,2026-03-18T15:31:40.133300,0.144690993825579,2026-03-18T15:31:41.027000,80,,,
participant_27,3,day,Town10HD_Opt,2026-03-18 15:31:42.212577,101.52983856201172,20.06794548034668,0.0021456908434629,25.579,-14.393,0.141,0.0,0,0,1,,0.866,2026-03-18T15:31:42.212577,neutral,0.795,2026-03-18T15:31:42.212577,0.111103156650285,2026-03-18T15:31:42.016000,80,,,
participant_27,3,day,Town10HD_Opt,2026-03-18 15:31:43.190277,104.18146514892578,16.917261123657227,0.0021971128880977,21.161,-14.364,0.141,0.0,0,0,1,,0.867,2026-03-18T15:31:43.190277,neutral,0.795,2026-03-18T15:31:42.212577,0.0766577104012719,2026-03-18T15:31:43.006000,81,,,
participant_27,3,day,Town10HD_Opt,2026-03-18 15:31:44.289543,105.5792465209961,13.776742935180664,0.0021323775872588,17.948,-14.215,0.179,0.0,0,0,1,,0.94,2026-03-18T15:31:44.289543,neutral,0.788,2026-03-18T15:31:44.289543,0.086613447121501,2026-03-18T15:31:43.996000,80,,,
participant_27,3,day,Town10HD_Opt,2026-03-18 15:31:45.310923,106.16453552246094,10.69142723083496,0.0021228790283203,17.866,-8.413,0.269,0.0,0,0,1,,0.988,2026-03-18T15:31:45.310923,neutral,0.788,2026-03-18T15:31:44.289543,0.107343154867756,2026-03-18T15:31:45.031000,79,,,
participant_27,3,day,Town10HD_Opt,2026-03-18 15:31:46.237737,106.4578094482422,7.495859622955322,0.0019571303855627,20.08,-2.492,0.807,0.0,0,0,1,,0.956,2026-03-18T15:31:46.237737,neutral,0.788,2026-03-18T15:31:44.289543,0.0796471053072563,2026-03-18T15:31:46.021000,82,,,
participant_27,3,day,Town10HD_Opt,2026-03-18 15:31:47.167838,106.70113372802734,3.0920207500457764,0.0018481826409697,28.349,-2.17,0.142,0.0,0,0,1,,0.935,2026-03-18T15:31:47.167838,neutral,0.806,2026-03-18T15:31:47.167838,0.0334202734021399,2026-03-18T15:31:47.013000,81,,,
participant_27,3,day,Town10HD_Opt,2026-03-18 15:31:48.089079,106.74415588378906,-1.5888062715530396,0.0021594618447124,24.87,-1.718,0.169,0.0,0,0,1,,0.945,2026-03-18T15:31:48.089079,neutral,0.806,2026-03-18T15:31:47.167838,0.0448858683967132,2026-03-18T15:31:48.001000,83,,,
participant_27,3,day,Town10HD_Opt,2026-03-18 15:31:49.028078,106.69361114501952,-5.6324639320373535,0.0021405410952866,21.49,1.177,0.228,0.0,0,0,1,,0.808,2026-03-18T15:31:49.028078,neutral,0.806,2026-03-18T15:31:47.167838,0.0698104423535529,2026-03-18T15:31:48.991000,84,,,
participant_27,3,day,Town10HD_Opt,2026-03-18 15:31:50.253397,106.7392349243164,-10.359200477600098,0.0020912550389766,19.153,-0.24,0.311,0.0,0,0,1,,0.917,2026-03-18T15:31:50.253397,neutral,0.973,2026-03-18T15:31:50.253397,0.0378302260994348,2026-03-18T15:31:50.026000,86,,,
participant_27,3,day,Town10HD_Opt,2026-03-18 15:31:51.188164,106.76712036132812,-13.75467300415039,0.0019653320778161,20.755,-0.129,0.532,0.0,0,0,1,,0.817,2026-03-18T15:31:51.188164,neutral,0.973,2026-03-18T15:31:50.253397,0.0636340536068463,2026-03-18T15:31:51.016000,87,,,
participant_27,3,day,Town10HD_Opt,2026-03-18 15:31:52.134159,106.80011749267578,-17.714916229248047,0.0019187927246093,24.725,0.839,0.472,0.0,0,0,1,,0.831,2026-03-18T15:31:52.134159,neutral,0.973,2026-03-18T15:31:50.253397,0.0203103186152344,2026-03-18T15:31:52.006000,88,,,
participant_27,3,day,Town10HD_Opt,2026-03-18 15:31:53.063122,106.9473876953125,-22.229093551635746,0.0019894028082489,26.693,2.043,0.398,0.0,0,0,1,,0.867,2026-03-18T15:31:53.063122,neutral,0.964,2026-03-18T15:31:53.063122,0.0540657945037425,2026-03-18T15:31:53.041000,91,,,
participant_27,3,day,Town10HD_Opt,2026-03-18 15:31:54.308891,107.42361450195312,-28.55361557006836,0.0020240021403878,27.598,-2.442,0.388,0.0,0,0,1,,0.947,2026-03-18T15:31:54.308891,neutral,0.964,2026-03-18T15:31:53.063122,0.1136210768561997,2026-03-18T15:31:54.031000,91,,,
participant_27,3,day,Town10HD_Opt,2026-03-18 15:31:55.307657,107.42916870117188,-33.413204193115234,0.0020362853538244,27.991,-7.465,0.387,0.0,0,0,1,,0.878,2026-03-18T15:31:55.307657,neutral,0.862,2026-03-18T15:31:55.307657,0.1392641000722019,2026-03-18T15:31:55.021000,92,,,
participant_27,3,day,Town10HD_Opt,2026-03-18 15:31:56.185264,106.58430480957033,-38.254581451416016,0.0020399093627929,28.306,-7.489,0.388,0.0,0,0,1,,0.835,2026-03-18T15:31:56.185264,neutral,0.862,2026-03-18T15:31:55.307657,0.0568653470949832,2026-03-18T15:31:56.012000,92,,,
participant_27,3,day,Town10HD_Opt,2026-03-18 15:31:57.090221,104.87106323242188,-42.91970443725586,0.002039527753368,28.605,-6.502,0.387,0.0,0,0,1,,0.87,2026-03-18T15:31:57.090221,neutral,0.862,2026-03-18T15:31:55.307657,0.1079658996681997,2026-03-18T15:31:57.001000,93,,,
participant_27,3,day,Town10HD_Opt,2026-03-18 15:31:58.039439,102.43639373779295,-47.31448745727539,0.0020380020141601,28.893,-5.255,0.388,0.0,0,0,1,,0.833,2026-03-18T15:31:58.039439,neutral,0.797,2026-03-18T15:31:58.039439,0.1148557872594295,2026-03-18T15:31:57.991000,89,,,
participant_27,3,day,Town10HD_Opt,2026-03-18 15:31:59.272892,98.40145111083984,-52.7602424621582,0.0020370865240693,29.247,-4.407,0.387,0.0,0,0,1,,0.967,2026-03-18T15:31:59.272892,neutral,0.797,2026-03-18T15:31:58.039439,0.1394563460473628,2026-03-18T15:31:59.027000,89,,,
participant_27,3,day,Town10HD_Opt,2026-03-18 15:32:00.243442,94.83109283447266,-56.44012451171875,0.0020412825979292,29.44,-5.777,0.387,0.0,0,0,1,,0.841,2026-03-18T15:32:00.243442,neutral,0.908,2026-03-18T15:32:00.243442,0.1622777415888165,2026-03-18T15:32:00.017000,88,,,
participant_27,3,day,Town10HD_Opt,2026-03-18 15:32:01.169241,90.73692321777344,-59.57781600952149,0.002041587838903,29.603,-5.356,0.387,0.0,0,0,1,,0.865,2026-03-18T15:32:01.169241,neutral,0.908,2026-03-18T15:32:00.243442,0.1121429004579415,2026-03-18T15:32:01.006000,88,,,
participant_27,3,day,Town10HD_Opt,2026-03-18 15:32:02.101798,86.23125457763672,-62.18393325805664,0.0020155715756118,30.288,-3.059,0.477,0.0,0,0,1,,0.966,2026-03-18T15:32:02.101798,neutral,0.908,2026-03-18T15:32:00.243442,0.1741611904616552,2026-03-18T15:32:01.996000,87,,,
participant_27,3,day,Town10HD_Opt,2026-03-18 15:32:03.022366,81.300048828125,-64.46769714355469,0.0019972228910773,31.871,-3.947,0.443,0.0,0,0,1,,0.971,2026-03-18T15:32:03.022366,neutral,0.754,2026-03-18T15:32:03.022366,0.2379047675781014,2026-03-18T15:32:03.032000,87,,,
participant_27,3,day,Town10HD_Opt,2026-03-18 15:32:04.294446,74.05253601074219,-66.71488952636719,0.0020126341842114,33.306,-4.832,0.443,0.0,0,0,1,,0.92,2026-03-18T15:32:04.294446,neutral,0.754,2026-03-18T15:32:03.022366,0.1730890501538152,2026-03-18T15:32:04.022000,91,,,
participant_27,3,day,Town10HD_Opt,2026-03-18 15:32:05.275372,68.2175064086914,-67.56689453125,0.0020161436405032,34.22,-3.488,0.443,0.0,0,0,1,,0.979,2026-03-18T15:32:05.275372,neutral,0.886,2026-03-18T15:32:05.275372,0.1958235354772253,2026-03-18T15:32:05.012000,96,,,
participant_27,3,day,Town10HD_Opt,2026-03-18 15:32:06.249531,62.16929626464844,-67.8608169555664,0.0020165634341537,35.058,-0.479,0.443,0.0,0,0,1,,0.885,2026-03-18T15:32:06.249531,neutral,0.886,2026-03-18T15:32:05.275372,0.2804389473526008,2026-03-18T15:32:06.001000,96,,,
participant_27,3,day,Town10HD_Opt,2026-03-18 15:32:07.233722,55.97723007202149,-67.99958038330078,0.0020201110746711,35.808,-1.347,0.442,0.0,0,0,1,,0.938,2026-03-18T15:32:07.233722,neutral,0.886,2026-03-18T15:32:05.275372,0.2758376941433239,2026-03-18T15:32:06.992000,98,,,
participant_27,3,day,Town10HD_Opt,2026-03-18 15:32:08.197769,49.66905975341797,-67.93789672851562,0.0020233916584402,36.407,0.075,0.442,0.0,0,0,1,,0.828,2026-03-18T15:32:08.197769,neutral,0.968,2026-03-18T15:32:08.197769,0.2930577985414871,2026-03-18T15:32:08.026000,98,,,
participant_27,3,day,Town10HD_Opt,2026-03-18 15:32:09.181428,43.26189804077149,-67.8177490234375,0.002025794936344,36.9,0.23,0.436,0.0,0,0,1,,1.0,2026-03-18T15:32:09.181428,neutral,0.968,2026-03-18T15:32:08.197769,0.305197639605359,2026-03-18T15:32:09.019000,95,,,
participant_27,3,day,Town10HD_Opt,2026-03-18 15:32:10.153849,36.86414337158203,-67.72880554199219,0.0021170042455196,35.31,-0.089,0.262,0.0,0,0,1,,1.0,2026-03-18T15:32:10.153849,neutral,0.968,2026-03-18T15:32:08.197769,0.3704228046296456,2026-03-18T15:32:10.007000,97,,,
participant_27,3,day,Town10HD_Opt,2026-03-18 15:32:11.093007,30.943092346191406,-67.63716888427734,0.0021454237867146,32.103,0.115,0.259,0.0,0,0,1,,0.84,2026-03-18T15:32:11.093007,neutral,0.967,2026-03-18T15:32:11.093007,0.3317044645114757,2026-03-18T15:32:10.997000,96,,,
participant_27,3,day,Town10HD_Opt,2026-03-18 15:32:12.078569,25.552885055541992,-67.56907653808594,0.0021327210124582,29.447,0.176,0.259,0.0,0,0,1,,1.0,2026-03-18T15:32:12.078569,neutral,0.967,2026-03-18T15:32:11.093007,0.3724443047833195,2026-03-18T15:32:12.032000,95,,,
participant_27,3,day,Town10HD_Opt,2026-03-18 15:32:13.265835,19.0006160736084,-67.52201843261719,0.002086830092594,27.061,0.176,0.307,0.0,0,0,1,,0.858,2026-03-18T15:32:13.265835,neutral,0.971,2026-03-18T15:32:13.265835,0.3944373040471455,2026-03-18T15:32:13.022000,94,,,
participant_27,3,day,Town10HD_Opt,2026-03-18 15:32:14.203517,14.363823890686035,-67.51256561279297,0.002084732055664,25.798,0.176,0.293,0.0,0,0,1,,0.852,2026-03-18T15:32:14.203517,neutral,0.971,2026-03-18T15:32:13.265835,0.3411592458786638,2026-03-18T15:32:14.012000,94,,,
participant_27,3,day,Town10HD_Opt,2026-03-18 15:32:15.161240,9.957674026489258,-67.52196502685547,0.0020886610727757,24.414,0.176,0.284,0.0,0,0,1,,0.87,2026-03-18T15:32:15.161240,neutral,0.971,2026-03-18T15:32:13.265835,0.3205889268212763,2026-03-18T15:32:15.002000,92,,,
participant_27,3,day,Town10HD_Opt,2026-03-18 15:32:16.069544,5.789795875549316,-67.5470962524414,0.0020771026611328,23.455,0.19,0.901,0.0,0,0,1,,0.915,2026-03-18T15:32:16.069544,neutral,0.92,2026-03-18T15:32:16.069544,0.3698987696807282,2026-03-18T15:32:15.991000,91,,,
participant_27,3,day,Town10HD_Opt,2026-03-18 15:32:17.278881,-1.56434428691864,-67.63288116455078,0.0015410613268613,42.434,0.209,1.0,0.0,0,0,1,,1.0,2026-03-18T15:32:17.278881,neutral,0.92,2026-03-18T15:32:16.069544,0.442189996810591,2026-03-18T15:32:17.027000,91,,,
participant_27,3,day,Town10HD_Opt,2026-03-18 15:32:18.225116,-10.041711807250977,-67.79354858398438,0.0018667601980268,50.374,-0.061,0.0,0.0,0,0,1,,1.0,2026-03-18T15:32:18.225116,neutral,0.902,2026-03-18T15:32:18.225116,0.4109319117688073,2026-03-18T15:32:18.017000,91,,,
participant_27,3,day,Town10HD_Opt,2026-03-18 15:32:19.244223,-18.831586837768555,-67.9397964477539,0.0019598007202148,51.294,-0.55,0.0,0.129,0,0,1,,0.921,2026-03-18T15:32:19.244223,neutral,0.902,2026-03-18T15:32:18.225116,0.4292922617287745,2026-03-18T15:32:19.006000,88,,,
participant_27,3,day,Town10HD_Opt,2026-03-18 15:32:20.142292,-26.911489486694336,-67.98274993896484,0.0023814390879124,40.273,0.362,0.0,0.0,0,0,1,,0.937,2026-03-18T15:32:20.142292,neutral,0.902,2026-03-18T15:32:18.225116,0.4472680907876482,2026-03-18T15:32:19.996000,87,,,
participant_27,3,day,Town10HD_Opt,2026-03-18 15:32:21.102798,-33.203857421875,-68.04232788085938,0.002327880822122,31.17,-0.757,0.173,0.0,0,0,1,,0.942,2026-03-18T15:32:21.102798,neutral,0.888,2026-03-18T15:32:21.102798,0.3966033488403992,2026-03-18T15:32:21.031000,87,,,
participant_27,3,day,Town10HD_Opt,2026-03-18 15:32:22.074549,-38.489402770996094,-68.02946472167969,0.0019646072760224,31.319,0.613,0.633,0.0,0,0,1,,0.88,2026-03-18T15:32:22.074549,neutral,0.888,2026-03-18T15:32:21.102798,0.3770709003671558,2026-03-18T15:32:22.022000,89,,,
participant_27,3,day,Town10HD_Opt,2026-03-18 15:32:23.290044,-46.80165863037109,-68.11573791503906,0.0018574142595753,40.43,-0.061,0.679,0.0,0,0,1,,0.933,2026-03-18T15:32:23.290044,neutral,0.924,2026-03-18T15:32:23.290044,0.4502314421827456,2026-03-18T15:32:23.012000,88,,,
participant_27,3,day,Town10HD_Opt,2026-03-18 15:32:24.240494,-54.345027923583984,-68.2169189453125,0.0018310927553102,46.089,-0.108,0.658,0.0,0,0,1,,0.954,2026-03-18T15:32:24.240494,neutral,0.924,2026-03-18T15:32:23.290044,0.4429042338091742,2026-03-18T15:32:24.092000,87,,,
participant_27,3,day,Town10HD_Opt,2026-03-18 15:32:25.288194,-62.7835693359375,-68.31739044189453,0.0018937683198601,50.643,-0.221,0.603,0.0,0,0,1,,0.862,2026-03-18T15:32:25.288194,neutral,0.924,2026-03-18T15:32:23.290044,0.3951514629795046,2026-03-18T15:32:25.036000,86,,,
participant_27,3,day,Town10HD_Opt,2026-03-18 15:32:26.210448,-71.17576599121094,-68.25559997558594,0.0023558426182717,41.914,-3.544,0.0,0.0,0,0,1,,0.954,2026-03-18T15:32:26.210448,neutral,0.92,2026-03-18T15:32:26.210448,0.4682829363808182,2026-03-18T15:32:26.027000,87,,,
participant_27,3,day,Town10HD_Opt,2026-03-18 15:32:27.219619,-77.76374053955078,-67.48812866210938,0.002347259549424,32.821,-4.115,0.0,0.0,0,0,1,,0.923,2026-03-18T15:32:27.219619,neutral,0.92,2026-03-18T15:32:26.210448,0.3789639203717513,2026-03-18T15:32:27.017000,85,,,
participant_27,3,day,Town10HD_Opt,2026-03-18 15:32:28.177031,-82.73391723632812,-66.28099822998047,0.0022870253305882,25.226,-4.426,0.098,0.0,0,0,1,,0.983,2026-03-18T15:32:28.177031,neutral,0.92,2026-03-18T15:32:26.210448,0.4777982971075294,2026-03-18T15:32:28.007000,87,,,
participant_27,3,day,Town10HD_Opt,2026-03-18 15:32:29.132794,-86.57067108154297,-64.89867401123047,0.0021467970218509,21.684,-4.549,0.355,0.0,0,0,1,,0.949,2026-03-18T15:32:29.132794,neutral,0.897,2026-03-18T15:32:29.132794,0.4403581586000672,2026-03-18T15:32:28.998000,88,,,
participant_27,3,day,Town10HD_Opt,2026-03-18 15:32:30.076154,-90.07411193847656,-63.24773406982422,0.001953125,23.715,-4.511,0.526,0.0,0,0,1,,0.964,2026-03-18T15:32:30.076154,neutral,0.897,2026-03-18T15:32:29.132794,0.4333848337771756,2026-03-18T15:32:30.032000,88,,,
participant_27,3,day,Town10HD_Opt,2026-03-18 15:32:31.271386,-95.30873107910156,-60.0175895690918,0.0024257279001176,29.579,-4.266,0.545,0.0,0,0,1,,0.962,2026-03-18T15:32:31.271386,neutral,0.908,2026-03-18T15:32:31.271386,0.4482522910347287,2026-03-18T15:32:31.022000,88,,,
participant_27,3,day,Town10HD_Opt,2026-03-18 15:32:32.272814,-99.5352554321289,-56.63337707519531,0.0020183180458843,31.233,-4.542,0.287,0.0,0,0,1,,0.952,2026-03-18T15:32:32.272814,neutral,0.908,2026-03-18T15:32:31.271386,0.3936001293880199,2026-03-18T15:32:32.012000,86,,,
participant_27,3,day,Town10HD_Opt,2026-03-18 15:32:33.204462,-103.22877502441406,-52.85554885864258,0.0021303938701748,28.898,-4.778,0.239,0.0,0,0,1,,1.0,2026-03-18T15:32:33.204462,neutral,0.908,2026-03-18T15:32:31.271386,0.412081359563108,2026-03-18T15:32:33.001000,85,,,errors=Solid line crossing
participant_27,3,day,Town10HD_Opt,2026-03-18 15:32:34.141077,-106.13729095458984,-49.02898406982422,0.0021350097376853,25.986,-5.078,0.259,0.0,0,0,1,,0.928,2026-03-18T15:32:34.141077,neutral,0.885,2026-03-18T15:32:34.141077,0.4461672338704171,2026-03-18T15:32:34.037000,85,,,
participant_27,3,day,Town10HD_Opt,2026-03-18 15:32:35.014975,-108.36495971679688,-45.22716522216797,0.0020823287777602,24.591,-5.035,0.346,0.0,0,0,1,,0.855,2026-03-18T15:32:35.014975,neutral,0.885,2026-03-18T15:32:34.141077,0.3639419803812922,2026-03-18T15:32:35.026000,85,,,
participant_27,3,day,Town10HD_Opt,2026-03-18 15:32:36.002606,-110.10565185546876,-41.30447769165039,0.0020498274825513,24.466,-4.988,0.346,0.0,0,0,1,,0.921,2026-03-18T15:32:36.002606,neutral,0.885,2026-03-18T15:32:34.141077,0.4125821688444138,2026-03-18T15:32:36.016000,87,,,
participant_27,3,day,Town10HD_Opt,2026-03-18 15:32:37.216251,-111.73517608642578,-35.85348129272461,0.0020503997802734,24.295,-4.983,0.361,0.0,0,0,1,,0.938,2026-03-18T15:32:37.216251,neutral,0.913,2026-03-18T15:32:37.216251,0.422099527108326,2026-03-18T15:32:37.007000,89,,,
participant_27,3,day,Town10HD_Opt,2026-03-18 15:32:38.146146,-112.4244613647461,-31.64330101013184,0.002043075626716,24.437,-6.319,0.351,0.0,0,0,1,,0.83,2026-03-18T15:32:38.146146,neutral,0.913,2026-03-18T15:32:37.216251,0.4261065807121911,2026-03-18T15:32:37.997000,89,,,
participant_27,3,day,Town10HD_Opt,2026-03-18 15:32:39.082700,-112.55616760253906,-27.36788749694824,0.0020486449357122,24.428,-6.303,0.347,0.0,0,0,1,,0.866,2026-03-18T15:32:39.082700,neutral,0.913,2026-03-18T15:32:37.216251,0.4120514257201331,2026-03-18T15:32:39.032000,89,,,
participant_27,3,day,Town10HD_Opt,2026-03-18 15:32:40.003445,-112.10516357421876,-23.12275123596192,0.0020503997802734,24.349,-5.888,0.342,0.0,0,0,1,,0.925,2026-03-18T15:32:40.003445,neutral,0.841,2026-03-18T15:32:40.003445,0.5190637963040139,2026-03-18T15:32:40.022000,87,,,
participant_27,3,day,Town10HD_Opt,2026-03-18 15:32:41.014447,-111.23902893066406,-18.95570945739746,0.002049560425803,24.207,2.24,0.338,0.0,0,0,1,,0.84,2026-03-18T15:32:41.014447,neutral,0.841,2026-03-18T15:32:40.003445,0.5679671887258022,2026-03-18T15:32:41.013000,89,,,
participant_27,3,day,Town10HD_Opt,2026-03-18 15:32:42.268650,-110.47388458251952,-13.41805648803711,0.002087936270982,22.998,3.113,0.0,0.0,0,0,1,,0.933,2026-03-18T15:32:42.268650,neutral,0.983,2026-03-18T15:32:42.268650,0.4627864403357357,2026-03-18T15:32:42.002000,88,,,
participant_27,3,day,Town10HD_Opt,2026-03-18 15:32:43.228586,-110.28616333007812,-9.847369194030762,0.0020362471695989,17.132,3.405,0.0,0.224,0,0,1,,1.0,2026-03-18T15:32:43.228586,neutral,0.983,2026-03-18T15:32:42.268650,0.4793655783788154,2026-03-18T15:32:43.037000,87,,,
participant_27,3,day,Town10HD_Opt,2026-03-18 15:32:44.186435,-110.29683685302734,-7.328999996185303,0.0021123504266142,11.086,3.349,0.0,0.416,0,0,1,,0.853,2026-03-18T15:32:44.186435,neutral,0.983,2026-03-18T15:32:42.268650,0.5392550234313427,2026-03-18T15:32:44.027000,85,,,
participant_27,3,day,Town10HD_Opt,2026-03-18 15:32:45.158906,-110.3331298828125,-5.808021545410156,0.0020482635591179,6.531,-2.367,0.0,0.192,0,0,1,,1.0,2026-03-18T15:32:45.158906,neutral,0.549,2026-03-18T15:32:45.158906,0.5674457114220954,2026-03-18T15:32:45.017000,83,,,
participant_27,3,day,Town10HD_Opt,2026-03-18 15:32:46.064844,-110.33029174804688,-5.409979820251465,0.0020233916584402,0.0,-2.407,0.0,0.362,0,0,1,,0.864,2026-03-18T15:32:46.064844,neutral,0.549,2026-03-18T15:32:45.158906,0.5018209212799887,2026-03-18T15:32:46.007000,82,,,
participant_27,3,day,Town10HD_Opt,2026-03-18 15:32:47.015606,-110.33026885986328,-5.409812450408936,0.0019231796031817,0.001,-0.47,0.0,0.0,0,0,1,,0.875,2026-03-18T15:32:47.015606,neutral,0.549,2026-03-18T15:32:45.158906,0.5312404663281782,2026-03-18T15:32:46.998000,84,,,
participant_27,3,day,Town10HD_Opt,2026-03-18 15:32:48.175791,-110.33026885986328,-5.409725189208984,0.0019190596649423,0.0,0.587,0.0,0.0,0,0,1,,0.961,2026-03-18T15:32:48.175791,neutral,0.941,2026-03-18T15:32:48.175791,0.4838237088896934,2026-03-18T15:32:48.032000,87,,,
participant_27,3,day,Town10HD_Opt,2026-03-18 15:32:49.064855,-110.33025360107422,-5.409716606140137,0.0019190596649423,0.0,0.587,0.0,0.0,0,0,1,reach_back,0.868,2026-03-18T15:32:49.064855,neutral,0.941,2026-03-18T15:32:48.175791,0.4592488333941104,2026-03-18T15:32:49.022000,87,,,
participant_27,3,day,Town10HD_Opt,2026-03-18 15:32:50.220864,-110.33026885986328,-5.409712791442871,0.0019189834129065,0.0,0.583,0.0,0.0,0,0,1,,1.0,2026-03-18T15:32:50.220864,neutral,0.978,2026-03-18T15:32:50.220864,0.5053558738302495,2026-03-18T15:32:50.012000,85,,,
participant_27,3,day,Town10HD_Opt,2026-03-18 15:32:51.133749,-110.33025360107422,-5.409712791442871,0.001919021597132,0.0,0.571,0.0,0.0,0,0,1,reach_back,0.881,2026-03-18T15:32:51.133749,neutral,0.978,2026-03-18T15:32:50.220864,0.5294728438028786,2026-03-18T15:32:51.002000,84,,,
participant_27,3,day,Town10HD_Opt,2026-03-18 15:32:52.274345,-110.33025360107422,-5.409708023071289,0.001919021597132,0.0,0.571,0.0,0.0,0,0,1,,1.0,2026-03-18T15:32:52.274345,neutral,0.698,2026-03-18T15:32:52.274345,0.5228369266113037,2026-03-18T15:32:52.037000,84,,,
participant_27,3,day,Town10HD_Opt,2026-03-18 15:32:53.141293,-110.33025360107422,-5.409708023071289,0.0019189834129065,0.0,0.571,0.0,0.0,0,0,1,,1.0,2026-03-18T15:32:53.141293,neutral,0.698,2026-03-18T15:32:52.274345,0.5106457296703926,2026-03-18T15:32:53.027000,81,,,
participant_27,3,day,Town10HD_Opt,2026-03-18 15:32:54.015187,-110.33026885986328,-5.40970516204834,0.0019190596649423,0.0,0.569,0.0,0.0,0,0,1,,0.828,2026-03-18T15:32:54.015187,neutral,0.698,2026-03-18T15:32:52.274345,0.5437373879389431,2026-03-18T15:32:54.017000,84,,,
participant_27,3,day,Town10HD_Opt,2026-03-18 15:32:55.234030,-110.33026885986328,-5.409701347351074,0.0019190596649423,0.0,0.569,0.0,0.0,0,0,1,,1.0,2026-03-18T15:32:55.234030,neutral,0.98,2026-03-18T15:32:55.234030,0.4975099908632622,2026-03-18T15:32:55.007000,87,,,
participant_27,3,day,Town10HD_Opt,2026-03-18 15:32:56.159570,-110.33026885986328,-5.409694194793701,0.0019190978491678,0.0,0.569,0.0,0.0,0,0,1,,1.0,2026-03-18T15:32:56.159570,neutral,0.98,2026-03-18T15:32:55.234030,0.5022415938293743,2026-03-18T15:32:55.997000,86,,,
participant_27,3,day,Town10HD_Opt,2026-03-18 15:32:57.103642,-110.33025360107422,-5.409689903259277,0.001919021597132,0.0,0.562,0.0,0.0,0,0,1,reach_back,0.886,2026-03-18T15:32:57.103642,neutral,0.98,2026-03-18T15:32:55.234030,0.5146890549475978,2026-03-18T15:32:57.032000,88,,,
participant_27,3,day,Town10HD_Opt,2026-03-18 15:32:58.004561,-110.33078002929688,-5.35207462310791,0.0017697142902761,3.094,0.559,0.945,0.0,0,0,1,reach_back,0.827,2026-03-18T15:32:58.004561,neutral,0.959,2026-03-18T15:32:58.004561,0.5087540848902065,2026-03-18T15:32:58.022000,87,,,
participant_27,3,day,Town10HD_Opt,2026-03-18 15:32:59.228849,-110.37533569335938,-2.428556203842163,0.0017275619320571,22.316,0.552,0.986,0.0,0,0,1,,1.0,2026-03-18T15:32:59.228849,neutral,0.959,2026-03-18T15:32:58.004561,0.4671123426252993,2026-03-18T15:32:59.011000,91,,,
participant_27,3,day,Town10HD_Opt,2026-03-18 15:33:00.165796,-110.46087646484376,2.357948303222656,0.0020073316991329,28.103,-0.914,0.0,0.0,0,0,1,,1.0,2026-03-18T15:33:00.165796,neutral,0.974,2026-03-18T15:33:00.165796,0.5520799869501583,2026-03-18T15:33:00.002000,90,,,
participant_27,3,day,Town10HD_Opt,2026-03-18 15:33:01.094299,-110.44734191894533,6.748331546783447,0.0022534942254424,21.78,-4.221,0.0,0.0,0,0,1,,0.934,2026-03-18T15:33:01.094299,neutral,0.974,2026-03-18T15:33:00.165796,0.4625791840367565,2026-03-18T15:33:01.037000,89,,,
participant_27,3,day,Town10HD_Opt,2026-03-18 15:33:02.102205,-109.97071075439452,10.001296997070312,0.0019959257915616,16.396,-14.577,0.123,0.0,0,0,1,,0.899,2026-03-18T15:33:02.102205,neutral,0.974,2026-03-18T15:33:00.165796,0.4391919181050424,2026-03-18T15:33:02.027000,89,,,
participant_27,3,day,Town10HD_Opt,2026-03-18 15:33:03.064975,-108.99885559082033,12.580134391784668,0.0019144820980727,15.754,-4.652,0.305,0.0,0,0,1,,0.897,2026-03-18T15:33:03.064975,neutral,0.935,2026-03-18T15:33:03.064975,0.4843104216402698,2026-03-18T15:33:03.017000,94,,,
participant_27,3,day,Town10HD_Opt,2026-03-18 15:33:04.050711,-107.81289672851562,15.23770236968994,0.0018391036428511,18.042,-7.287,0.407,0.0,0,0,1,,0.843,2026-03-18T15:33:04.050711,neutral,0.935,2026-03-18T15:33:03.064975,0.4912594489976279,2026-03-18T15:33:04.006000,90,,,
participant_27,3,day,Town10HD_Opt,2026-03-18 15:33:05.036794,-106.13471221923828,18.019031524658203,0.0019669723697006,20.085,-9.593,0.524,0.0,0,0,1,,1.0,2026-03-18T15:33:05.036794,neutral,0.935,2026-03-18T15:33:03.064975,0.4206399618022359,2026-03-18T15:33:04.997000,92,,,
participant_27,3,day,Town10HD_Opt,2026-03-18 15:33:06.077060,-103.59490966796876,20.89211654663086,0.0019196700304746,24.277,-11.931,0.534,0.0,0,0,1,,0.876,2026-03-18T15:33:06.077060,neutral,0.887,2026-03-18T15:33:06.077060,0.5599965082559979,2026-03-18T15:33:06.032000,89,,,
participant_27,3,day,Town10HD_Opt,2026-03-18 15:33:07.095407,-99.8538589477539,23.47911834716797,0.0019294738303869,28.044,-11.53,0.534,0.0,0,0,1,,1.0,2026-03-18T15:33:07.095407,neutral,0.887,2026-03-18T15:33:06.077060,0.4741151732131187,2026-03-18T15:33:07.023000,92,,,
participant_27,3,day,Town10HD_Opt,2026-03-18 15:33:08.061379,-95.1672821044922,25.151655197143555,0.0021934127435088,26.301,-10.646,0.0,0.0,0,0,1,,0.918,2026-03-18T15:33:08.061379,neutral,0.887,2026-03-18T15:33:06.077060,0.5454393743611483,2026-03-18T15:33:08.058000,90,,,
participant_27,3,day,Town10HD_Opt,2026-03-18 15:33:09.016222,-91.12525939941406,25.53937149047852,0.0022543715313076,19.512,-4.317,0.0,0.0,0,0,1,,0.94,2026-03-18T15:33:09.016222,neutral,0.797,2026-03-18T15:33:09.016222,0.5118630265745245,2026-03-18T15:33:09.002000,94,,,
participant_27,3,day,Town10HD_Opt,2026-03-18 15:33:10.043119,-88.05810546875,25.724422454833984,0.0020345305092632,15.217,11.931,0.0,0.0,0,0,1,,1.0,2026-03-18T15:33:10.043119,neutral,0.797,2026-03-18T15:33:09.016222,0.4915212603210622,2026-03-18T15:33:10.040000,92,,,
participant_27,3,day,Town10HD_Opt,2026-03-18 15:33:11.031964,-85.73629760742188,26.293684005737305,0.0019818877335637,12.821,8.916,0.338,0.0,0,0,1,,1.0,2026-03-18T15:33:11.031964,neutral,0.837,2026-03-18T15:33:11.031964,0.4244846440786295,2026-03-18T15:33:11.072000,91,,,
participant_27,3,day,Town10HD_Opt,2026-03-18 15:33:12.048242,-83.3768539428711,26.966590881347656,0.0018259810749441,15.657,-4.19,0.386,0.0,0,0,1,,0.89,2026-03-18T15:33:12.048242,neutral,0.837,2026-03-18T15:33:11.031964,0.4304068168990261,2026-03-18T15:33:12.018000,90,,,
participant_27,3,day,Town10HD_Opt,2026-03-18 15:33:13.027448,-80.47059631347656,27.5389404296875,0.002021598862484,18.338,-4.832,0.379,0.0,0,0,1,,1.0,2026-03-18T15:33:13.027448,neutral,0.837,2026-03-18T15:33:11.031964,0.3495991233277004,2026-03-18T15:33:13.097000,92,,,
participant_27,3,day,Town10HD_Opt,2026-03-18 15:33:14.051771,-77.3023452758789,27.93906021118164,0.0020472717005759,18.33,-3.733,0.264,0.0,0,0,1,,0.854,2026-03-18T15:33:14.051771,neutral,0.979,2026-03-18T15:33:14.051771,0.4083238569148882,2026-03-18T15:33:14.087000,90,,,
participant_27,3,day,Town10HD_Opt,2026-03-18 15:33:15.173733,-74.26290130615234,28.128793716430664,0.002001533517614,15.485,-3.799,0.0,0.009,0,0,1,,0.944,2026-03-18T15:33:15.173733,neutral,0.979,2026-03-18T15:33:14.051771,0.3806870134698109,2026-03-18T15:33:15.032000,92,,,
participant_27,3,day,Town10HD_Opt,2026-03-18 15:33:16.190151,-71.90160369873047,28.14787483215332,0.0020645142067223,11.023,-3.492,0.0,0.226,0,0,1,,0.959,2026-03-18T15:33:16.190151,neutral,0.99,2026-03-18T15:33:16.190151,0.283139677536987,2026-03-18T15:33:16.022000,92,,,
participant_27,3,day,Town10HD_Opt,2026-03-18 15:33:17.186583,-70.340087890625,28.10723876953125,0.0020723724737763,6.35,-2.033,0.0,0.335,0,0,1,,0.953,2026-03-18T15:33:17.186583,neutral,0.99,2026-03-18T15:33:16.190151,0.2795847547804838,2026-03-18T15:33:17.012000,90,,,
participant_27,3,day,Town10HD_Opt,2026-03-18 15:33:18.107076,-70.05085754394531,28.098228454589844,0.0020022583194077,0.0,-0.987,0.0,0.12,0,0,1,,0.893,2026-03-18T15:33:18.107076,neutral,0.99,2026-03-18T15:33:16.190151,0.1480377231272784,2026-03-18T15:33:18.003000,87,,,
participant_27,3,day,Town10HD_Opt,2026-03-18 15:33:19.060763,-70.0493392944336,28.098222732543945,0.0019218826200813,0.002,0.714,0.0,0.0,0,0,1,,1.0,2026-03-18T15:33:19.060763,fear,0.646,2026-03-18T15:33:19.060763,0.1621607951883898,2026-03-18T15:33:19.037000,85,,,
participant_27,3,day,Town10HD_Opt,2026-03-18 15:33:20.017050,-70.04899597167969,28.098222732543945,0.001919517526403,0.006,0.794,0.0,0.0,0,0,1,,0.942,2026-03-18T15:33:20.017050,fear,0.646,2026-03-18T15:33:19.060763,0.1264266037186039,2026-03-18T15:33:20.028000,84,,,
participant_27,3,day,Town10HD_Opt,2026-03-18 15:33:21.219392,-70.04888916015625,28.098222732543945,0.0019192504696547,0.005,0.759,0.0,0.0,0,0,1,,1.0,2026-03-18T15:33:21.219392,neutral,0.735,2026-03-18T15:33:21.219392,0.1385339267404007,2026-03-18T15:33:21.017000,83,,,
participant_27,3,day,Town10HD_Opt,2026-03-18 15:33:22.201379,-70.04879760742188,28.098222732543945,0.0019187927246093,0.001,0.747,0.0,0.0,0,0,1,,1.0,2026-03-18T15:33:22.201379,neutral,0.735,2026-03-18T15:33:21.219392,0.1757496584590249,2026-03-18T15:33:22.007000,87,,,
participant_27,3,day,Town10HD_Opt,2026-03-18 15:33:23.127485,-70.04884338378906,28.098222732543945,0.0019185256678611,0.001,0.747,0.0,0.0,0,0,1,,0.952,2026-03-18T15:33:23.127485,neutral,0.735,2026-03-18T15:33:21.219392,0.1037809283639093,2026-03-18T15:33:22.997000,87,,,
participant_27,3,day,Town10HD_Opt,2026-03-18 15:33:24.030884,-70.04877471923828,28.098222732543945,0.0019190978491678,0.005,0.747,0.0,0.0,0,0,1,,0.87,2026-03-18T15:33:24.030884,neutral,0.959,2026-03-18T15:33:24.030884,0.1393932687433381,2026-03-18T15:33:24.032000,87,,,
participant_27,3,day,Town10HD_Opt,2026-03-18 15:33:25.055512,-70.04857635498047,28.098222732543945,0.0019192504696547,0.006,0.731,0.0,0.0,0,0,1,,0.89,2026-03-18T15:33:25.055512,neutral,0.959,2026-03-18T15:33:24.030884,0.0525351705685284,2026-03-18T15:33:25.022000,89,,,
participant_27,3,day,Town10HD_Opt,2026-03-18 15:33:26.051451,-70.04840087890625,28.098222732543945,0.0019188307924196,0.001,0.721,0.0,0.0,0,0,1,,0.878,2026-03-18T15:33:26.051451,neutral,0.906,2026-03-18T15:33:26.051451,0.193915645590861,2026-03-18T15:33:26.013000,89,,,
participant_27,3,day,Town10HD_Opt,2026-03-18 15:33:27.003007,-70.04844665527344,28.098222732543945,0.001919021597132,0.001,0.258,0.0,0.0,0,0,1,,0.836,2026-03-18T15:33:27.003007,neutral,0.906,2026-03-18T15:33:26.051451,0.0440223740551321,2026-03-18T15:33:27.002000,89,,,
participant_27,3,day,Town10HD_Opt,2026-03-18 15:33:28.270479,-70.0483169555664,28.098222732543945,0.001919021597132,0.001,0.291,0.0,0.0,0,0,1,,0.841,2026-03-18T15:33:28.270479,neutral,0.972,2026-03-18T15:33:28.270479,0.0667897592940209,2026-03-18T15:33:28.127000,91,,,
participant_27,3,day,Town10HD_Opt,2026-03-18 15:33:29.218453,-70.04833221435547,28.098222732543945,0.0019189452286809,0.0,0.291,0.0,0.0,0,0,1,,1.0,2026-03-18T15:33:29.218453,neutral,0.972,2026-03-18T15:33:28.270479,0.094652272198121,2026-03-18T15:33:29.028000,92,,,
participant_27,3,day,Town10HD_Opt,2026-03-18 15:33:30.175604,-70.04814147949219,28.098222732543945,0.0019191360333934,0.005,0.291,0.0,0.0,0,0,1,,1.0,2026-03-18T15:33:30.175604,neutral,0.972,2026-03-18T15:33:28.270479,0.1580203360894432,2026-03-18T15:33:30.017000,92,,,
participant_27,3,day,Town10HD_Opt,2026-03-18 15:33:31.111595,-70.01429748535156,28.09756851196289,0.0018101882888004,2.273,0.301,0.936,0.0,0,0,1,,0.856,2026-03-18T15:33:31.111595,neutral,0.825,2026-03-18T15:33:31.111595,0.090782437076998,2026-03-18T15:33:31.007000,92,,,
participant_27,3,day,Town10HD_Opt,2026-03-18 15:33:32.140098,-68.40718841552734,28.07660675048828,0.0014008712023496,17.947,0.684,1.0,0.0,0,0,1,,0.851,2026-03-18T15:33:32.140098,neutral,0.825,2026-03-18T15:33:31.111595,0.1466411723507506,2026-03-18T15:33:31.999000,91,,,
participant_27,3,day,Town10HD_Opt,2026-03-18 15:33:33.231844,-64.20468139648438,28.039751052856445,0.0015069579239934,32.802,0.463,1.0,0.0,0,0,1,,0.818,2026-03-18T15:33:33.231844,neutral,0.964,2026-03-18T15:33:33.231844,0.1566839996591582,2026-03-18T15:33:33.032000,92,,,
participant_27,3,day,Town10HD_Opt,2026-03-18 15:33:34.244318,-57.2547492980957,28.06082534790039,0.0015522765461355,47.795,0.155,0.987,0.0,0,0,1,,0.869,2026-03-18T15:33:34.244318,neutral,0.964,2026-03-18T15:33:33.231844,0.1413723809197458,2026-03-18T15:33:34.022000,91,,,
participant_27,3,day,Town10HD_Opt,2026-03-18 15:33:35.229500,-48.49112701416016,28.17916488647461,0.0022482681088149,46.64,-0.237,0.0,0.0,0,0,1,,1.0,2026-03-18T15:33:35.229500,neutral,0.964,2026-03-18T15:33:33.231844,0.1620352744304514,2026-03-18T15:33:35.012000,93,,,
participant_27,3,day,Town10HD_Opt,2026-03-18 15:33:36.261013,-41.19482803344727,28.25626564025879,0.002368850633502,36.182,-0.11,0.099,0.0,0,0,1,,0.889,2026-03-18T15:33:36.261013,neutral,0.931,2026-03-18T15:33:36.261013,0.2023284813059394,2026-03-18T15:33:36.002000,90,,,
participant_27,3,day,Town10HD_Opt,2026-03-18 15:33:37.264711,-35.187355041503906,28.296844482421875,0.0020827483385801,33.71,-0.059,0.454,0.0,0,0,1,,1.0,2026-03-18T15:33:37.264711,neutral,0.931,2026-03-18T15:33:36.261013,0.1843117950434426,2026-03-18T15:33:37.038000,90,,,
participant_27,3,day,Town10HD_Opt,2026-03-18 15:33:38.212416,-29.075931549072266,28.32709693908692,0.0018996048020198,37.347,-0.049,0.632,0.0,0,0,1,,0.848,2026-03-18T15:33:38.212416,neutral,0.931,2026-03-18T15:33:36.261013,0.1735293235309662,2026-03-18T15:33:38.027000,90,,,
participant_27,3,day,Town10HD_Opt,2026-03-18 15:33:39.222649,-22.131242752075195,28.350494384765625,0.0018799972021952,42.403,-0.045,0.632,0.0,0,0,1,,1.0,2026-03-18T15:33:39.222649,neutral,0.953,2026-03-18T15:33:39.222649,0.1834305974864193,2026-03-18T15:33:39.017000,88,,,
participant_27,3,day,Town10HD_Opt,2026-03-18 15:33:40.119667,-14.358046531677246,28.364330291748047,0.0019052504794672,46.689,-0.045,0.615,0.0,0,0,1,,1.0,2026-03-18T15:33:40.119667,neutral,0.953,2026-03-18T15:33:39.222649,0.1508208082863906,2026-03-18T15:33:40.007000,87,,,
participant_27,3,day,Town10HD_Opt,2026-03-18 15:33:41.051248,-6.056088924407959,28.36537742614746,0.0021662903018295,45.274,-0.028,0.0,0.0,0,0,1,,1.0,2026-03-18T15:33:41.051248,neutral,0.953,2026-03-18T15:33:39.222649,0.1784824440265643,2026-03-18T15:33:40.998000,91,,,
participant_27,3,day,Town10HD_Opt,2026-03-18 15:33:42.287704,3.0348687171936035,28.353837966918945,0.0023371123243123,32.298,-0.026,0.0,0.0,0,0,1,,1.0,2026-03-18T15:33:42.287704,neutral,0.962,2026-03-18T15:33:42.287704,0.142414502072833,2026-03-18T15:33:42.033000,89,,,
participant_27,3,day,Town10HD_Opt,2026-03-18 15:33:43.200383,8.070569038391113,28.342634201049805,0.0022832870017737,24.752,-0.021,0.0,0.0,0,0,1,,1.0,2026-03-18T15:33:43.200383,neutral,0.962,2026-03-18T15:33:42.287704,0.1493270606851074,2026-03-18T15:33:43.022000,90,,,
participant_27,3,day,Town10HD_Opt,2026-03-18 15:33:44.155450,11.891752243041992,28.33208465576172,0.0022422790061682,18.505,-0.021,0.065,0.0,0,0,1,,1.0,2026-03-18T15:33:44.155450,neutral,0.962,2026-03-18T15:33:42.287704,0.1126301155938025,2026-03-18T15:33:44.013000,89,,,
participant_27,3,day,Town10HD_Opt,2026-03-18 15:33:45.099277,15.0069580078125,28.32265853881836,0.0019120788201689,17.803,-0.021,0.336,0.0,0,0,1,,1.0,2026-03-18T15:33:45.099277,neutral,0.711,2026-03-18T15:33:45.099277,0.1634711636789173,2026-03-18T15:33:45.003000,88,,,
participant_27,3,day,Town10HD_Opt,2026-03-18 15:33:46.014137,18.172075271606445,28.31266212463379,0.0020357894245535,18.349,0.021,0.375,0.0,0,0,1,,1.0,2026-03-18T15:33:46.014137,neutral,0.711,2026-03-18T15:33:45.099277,0.1662060885632174,2026-03-18T15:33:46.040000,86,,,
participant_27,3,day,Town10HD_Opt,2026-03-18 15:33:47.022168,21.332881927490234,28.33016014099121,0.0018724059918895,17.222,3.174,0.004,0.0,0,0,1,,1.0,2026-03-18T15:33:47.022168,neutral,0.711,2026-03-18T15:33:45.099277,0.1619430687313493,2026-03-18T15:33:47.027000,88,,,
participant_27,3,day,Town10HD_Opt,2026-03-18 15:33:48.237942,25.08464241027832,28.63210678100586,0.0018497466808184,17.273,4.346,0.447,0.0,0,0,1,,1.0,2026-03-18T15:33:48.237942,neutral,0.923,2026-03-18T15:33:48.237942,0.2634802463501727,2026-03-18T15:33:48.017000,86,,,
participant_27,3,day,Town10HD_Opt,2026-03-18 15:33:49.155502,28.27670669555664,29.0661563873291,0.001930313068442,19.542,1.053,0.454,0.0,0,0,1,,1.0,2026-03-18T15:33:49.155502,neutral,0.923,2026-03-18T15:33:48.237942,0.1732445668537896,2026-03-18T15:33:49.007000,87,,,
participant_27,3,day,Town10HD_Opt,2026-03-18 15:33:50.077690,31.845827102661133,29.68214607238769,0.0019372176611796,21.917,6.12,0.461,0.0,0,0,1,,0.82,2026-03-18T15:33:50.077690,neutral,0.923,2026-03-18T15:33:48.237942,0.1875068096091648,2026-03-18T15:33:50.043000,88,,,
participant_27,3,day,Town10HD_Opt,2026-03-18 15:33:51.000297,35.41848373413086,31.068098068237305,0.0021970749367028,20.034,23.162,0.0,0.0,0,0,1,,1.0,2026-03-18T15:33:51.000297,neutral,0.985,2026-03-18T15:33:51.000297,0.1881919547831191,2026-03-18T15:33:51.032000,87,,,
participant_27,3,day,Town10HD_Opt,2026-03-18 15:33:52.255351,38.15623092651367,34.03257369995117,0.0019818877335637,16.303,20.076,0.308,0.0,0,0,1,,0.902,2026-03-18T15:33:52.255351,neutral,0.985,2026-03-18T15:33:51.000297,0.1823825444346234,2026-03-18T15:33:52.022000,88,,,
participant_27,3,day,Town10HD_Opt,2026-03-18 15:33:53.198420,39.29262924194336,36.76624298095703,0.0019696427043527,18.578,17.147,0.497,0.0,0,0,1,,0.918,2026-03-18T15:33:53.198420,sad,0.998,2026-03-18T15:33:53.198420,0.2529435748922458,2026-03-18T15:33:53.013000,88,,,
participant_27,3,day,Town10HD_Opt,2026-03-18 15:33:54.192691,39.90779495239258,40.05704879760742,0.0019603727851063,20.657,5.264,0.382,0.0,0,0,1,,1.0,2026-03-18T15:33:54.192691,sad,0.998,2026-03-18T15:33:53.198420,0.1807701910917569,2026-03-18T15:33:54.048000,88,,,
participant_27,3,day,Town10HD_Opt,2026-03-18 15:33:55.147727,40.31629943847656,43.66229248046875,0.0021124267950654,19.493,0.334,0.0,0.0,0,0,1,,0.854,2026-03-18T15:33:55.147727,sad,0.998,2026-03-18T15:33:53.198420,0.2680674410738652,2026-03-18T15:33:55.172000,87,,,
participant_27,3,day,Town10HD_Opt,2026-03-18 15:33:56.150914,40.55274200439453,46.7180061340332,0.0020222472958266,15.247,5.222,0.0,0.084,0,0,1,,0.909,2026-03-18T15:33:56.150914,neutral,0.901,2026-03-18T15:33:56.150914,0.1665921225388313,2026-03-18T15:33:56.027000,88,,,
participant_27,3,day,Town10HD_Opt,2026-03-18 15:33:57.127070,40.57029724121094,49.00379180908203,0.0020720290485769,10.497,1.389,0.0,0.178,0,0,1,,0.939,2026-03-18T15:33:57.127070,neutral,0.901,2026-03-18T15:33:56.150914,0.1663063354384752,2026-03-18T15:33:57.017000,87,,,
participant_27,3,day,Town10HD_Opt,2026-03-18 15:33:58.142767,40.59536361694336,50.50320053100586,0.0020500945392996,6.174,-0.837,0.0,0.186,0,0,1,,0.912,2026-03-18T15:33:58.142767,neutral,0.901,2026-03-18T15:33:56.150914,0.1656141386695141,2026-03-18T15:33:58.008000,91,,,
participant_27,3,day,Town10HD_Opt,2026-03-18 15:33:59.074172,40.604618072509766,50.91793823242188,0.0020306014921516,0.0,1.006,0.0,0.185,0,0,1,,0.837,2026-03-18T15:33:59.074172,neutral,0.995,2026-03-18T15:33:59.074172,0.2336028526444901,2026-03-18T15:33:59.043000,91,,,
participant_27,3,day,Town10HD_Opt,2026-03-18 15:34:00.011342,40.6046257019043,50.91902542114258,0.0019230651669204,0.008,1.495,0.0,0.0,0,0,1,,0.897,2026-03-18T15:34:00.011342,neutral,0.995,2026-03-18T15:33:59.074172,0.1960635313599957,2026-03-18T15:34:00.032000,92,,,
participant_27,3,day,Town10HD_Opt,2026-03-18 15:34:01.171468,40.60462951660156,50.91902542114258,0.0019129562424495,0.233,1.302,0.172,0.0,0,0,1,,0.808,2026-03-18T15:34:01.171468,neutral,0.961,2026-03-18T15:34:01.171468,0.1911084439633757,2026-03-18T15:34:01.023000,95,,,
participant_27,3,day,Town10HD_Opt,2026-03-18 15:34:02.120691,40.60630035400391,51.10845184326172,0.0018462371081113,2.424,1.236,0.242,0.0,0,0,1,,0.911,2026-03-18T15:34:02.120691,neutral,0.961,2026-03-18T15:34:01.171468,0.2110872231156002,2026-03-18T15:34:02.014000,94,,,
participant_27,3,day,Town10HD_Opt,2026-03-18 15:34:03.073325,40.61214447021485,51.751766204833984,0.0018035125685855,5.683,0.461,0.31,0.0,0,0,1,,0.881,2026-03-18T15:34:03.073325,neutral,0.961,2026-03-18T15:34:01.171468,0.160062775409769,2026-03-18T15:34:03.093000,87,,,
participant_27,3,day,Town10HD_Opt,2026-03-18 15:34:04.041728,40.63314056396485,53.04035949707031,0.0017786788521334,9.767,-0.731,0.499,0.0,0,0,1,,0.887,2026-03-18T15:34:04.041728,sad,0.986,2026-03-18T15:34:04.041728,0.1827335086874335,2026-03-18T15:34:04.038000,88,,,
participant_27,3,day,Town10HD_Opt,2026-03-18 15:34:05.049035,40.71559143066406,55.277469635009766,0.0016776656266301,16.858,-3.525,0.617,0.0,0,0,1,,0.973,2026-03-18T15:34:05.049035,sad,0.986,2026-03-18T15:34:04.041728,0.1740665591648268,2026-03-18T15:34:05.029000,87,,,
participant_27,3,day,Town10HD_Opt,2026-03-18 15:34:06.289904,41.38722610473633,59.79182052612305,0.001922111492604,22.459,-12.845,0.513,0.0,0,0,1,,0.939,2026-03-18T15:34:06.289904,neutral,0.995,2026-03-18T15:34:06.289904,0.2303656350760079,2026-03-18T15:34:06.018000,86,,,
participant_27,3,day,Town10HD_Opt,2026-03-18 15:34:07.262537,43.05440521240234,63.65256118774414,0.0019414520356804,26.148,-13.363,0.513,0.0,0,0,1,,0.885,2026-03-18T15:34:07.262537,neutral,0.995,2026-03-18T15:34:06.289904,0.2098231534125529,2026-03-18T15:34:07.008000,84,,,
participant_27,3,day,Town10HD_Opt,2026-03-18 15:34:08.126353,46.14845657348633,67.3248291015625,0.0019627378787845,29.307,-13.594,0.508,0.0,0,0,1,,0.872,2026-03-18T15:34:08.126353,neutral,0.995,2026-03-18T15:34:06.289904,0.2611718614156766,2026-03-18T15:34:08.043000,84,,,
participant_27,3,day,Town10HD_Opt,2026-03-18 15:34:09.054274,50.69925308227539,70.0357894897461,0.001988410949707,31.932,-14.08,0.494,0.0,0,0,1,,0.929,2026-03-18T15:34:09.054274,neutral,0.876,2026-03-18T15:34:09.054274,0.1931988899095557,2026-03-18T15:34:09.033000,84,,,
participant_27,3,day,Town10HD_Opt,2026-03-18 15:34:10.123981,56.11762619018555,71.0105972290039,0.0022167586721479,29.606,-11.832,0.0,0.0,0,0,1,,0.882,2026-03-18T15:34:10.123981,neutral,0.876,2026-03-18T15:34:09.054274,0.2305392209882283,2026-03-18T15:34:10.023000,79,,,
participant_27,3,day,Town10HD_Opt,2026-03-18 15:34:11.055003,60.64795684814453,70.71560668945312,0.0022671509068459,22.248,5.538,0.0,0.0,0,0,1,,0.894,2026-03-18T15:34:11.055003,neutral,0.984,2026-03-18T15:34:11.055003,0.255803929343606,2026-03-18T15:34:11.013000,85,,,
participant_27,3,day,Town10HD_Opt,2026-03-18 15:34:12.283721,65.1572036743164,70.74980926513672,0.001860580407083,17.94,-0.43,0.209,0.0,0,0,1,,0.911,2026-03-18T15:34:12.283721,neutral,0.984,2026-03-18T15:34:11.055003,0.1975084745174588,2026-03-18T15:34:12.048000,81,,,
participant_27,3,day,Town10HD_Opt,2026-03-18 15:34:13.210907,68.24749755859375,70.76408386230469,0.0019234084757044,17.712,-1.42,0.35,0.0,0,0,1,,0.955,2026-03-18T15:34:13.210907,neutral,0.921,2026-03-18T15:34:13.210907,0.2186609717130163,2026-03-18T15:34:13.037000,81,,,
participant_27,3,day,Town10HD_Opt,2026-03-18 15:34:14.187964,71.40258026123047,70.70782470703125,0.0020690916571766,18.122,-1.203,0.14,0.0,0,0,1,,1.0,2026-03-18T15:34:14.187964,neutral,0.921,2026-03-18T15:34:13.210907,0.2442653313970769,2026-03-18T15:34:14.028000,80,,,
participant_27,3,day,Town10HD_Opt,2026-03-18 15:34:15.143551,74.34397888183594,70.60572814941406,0.0020320892799645,14.695,-0.717,0.0,0.0,0,0,1,,1.0,2026-03-18T15:34:15.143551,neutral,0.921,2026-03-18T15:34:13.210907,0.2125502787813379,2026-03-18T15:34:15.019000,81,,,errors=Solid line crossing
participant_27,3,day,Town10HD_Opt,2026-03-18 15:34:16.075379,76.63094329833984,70.51464080810547,0.0020263672340661,11.284,-0.148,0.0,0.0,0,0,1,,0.928,2026-03-18T15:34:16.075379,neutral,1.0,2026-03-18T15:34:16.075379,0.2157584029161007,2026-03-18T15:34:16.008000,83,,,
participant_27,3,day,Town10HD_Opt,2026-03-18 15:34:17.244746,78.87710571289062,70.42315673828125,0.0019950484856963,7.934,0.009,0.0,0.0,0,0,1,,0.928,2026-03-18T15:34:17.244746,neutral,1.0,2026-03-18T15:34:16.075379,0.2853774647700494,2026-03-18T15:34:17.088000,85,Vehicle-pedestrian collision,Vehicle-pedestrian collision,
participant_27,3,day,Town10HD_Opt,2026-03-18 15:34:18.209295,80.1123046875,70.38362884521484,0.0019773482345044,6.002,1.248,0.0,0.0,0,0,1,,0.912,2026-03-18T15:34:18.209295,neutral,0.995,2026-03-18T15:34:18.209295,0.2735018524697278,2026-03-18T15:34:18.033000,91,,,
participant_27,3,day,Town10HD_Opt,2026-03-18 15:34:19.133651,81.06084442138672,70.3619384765625,0.0019636915531009,4.676,1.011,0.0,0.0,0,0,1,,0.938,2026-03-18T15:34:19.133651,neutral,0.995,2026-03-18T15:34:18.209295,0.2572027082064027,2026-03-18T15:34:19.022000,90,,,
participant_27,3,day,Town10HD_Opt,2026-03-18 15:34:20.052222,81.78914642333984,70.34835815429688,0.0019534681923687,3.538,1.001,0.0,0.0,0,0,1,,0.935,2026-03-18T15:34:20.052222,neutral,0.995,2026-03-18T15:34:18.209295,0.3076251098584008,2026-03-18T15:34:20.013000,91,,,
participant_27,3,day,Town10HD_Opt,2026-03-18 15:34:21.012164,82.3482437133789,70.33753204345703,0.0019454956054687,2.756,-0.975,0.0,0.0,0,0,1,,0.873,2026-03-18T15:34:21.012164,neutral,1.0,2026-03-18T15:34:21.012164,0.2965879848898073,2026-03-18T15:34:21.048000,95,,,
participant_27,3,day,Town10HD_Opt,2026-03-18 15:34:22.164055,82.8854751586914,70.32080841064453,0.002016334561631,0.0,-0.724,0.0,0.036,0,0,1,,0.99,2026-03-18T15:34:22.164055,neutral,1.0,2026-03-18T15:34:21.012164,0.3807571432841725,2026-03-18T15:34:22.038000,94,,,
participant_27,3,day,Town10HD_Opt,2026-03-18 15:34:23.027158,82.88557434082031,70.32080078125,0.0019290542695671,0.0,-0.62,0.0,0.0,0,0,1,,0.838,2026-03-18T15:34:23.027158,neutral,0.977,2026-03-18T15:34:23.027158,0.4194580517354209,2026-03-18T15:34:23.027000,94,,,
participant_27,3,day,Town10HD_Opt,2026-03-18 15:34:24.175207,82.88542175292969,70.32080078125,0.0019190978491678,0.002,-0.251,0.0,0.0,0,0,1,,0.866,2026-03-18T15:34:24.175207,neutral,0.977,2026-03-18T15:34:23.027158,0.4107256294224746,2026-03-18T15:34:24.018000,95,,,
participant_27,3,day,Town10HD_Opt,2026-03-18 15:34:25.059335,82.88568878173828,70.32080078125,0.0019191741012036,0.001,-0.073,0.0,0.0,0,0,1,,0.946,2026-03-18T15:34:25.059335,neutral,0.976,2026-03-18T15:34:25.059335,0.3774587869687372,2026-03-18T15:34:25.008000,93,,,
participant_27,3,day,Town10HD_Opt,2026-03-18 15:34:26.235643,82.8858413696289,70.32080078125,0.0019191741012036,0.001,-0.073,0.0,0.0,0,0,1,,0.951,2026-03-18T15:34:26.235643,neutral,0.976,2026-03-18T15:34:25.059335,0.4545823943045007,2026-03-18T15:34:26.043000,89,,,
participant_27,3,day,Town10HD_Opt,2026-03-18 15:34:27.181672,82.88526916503906,70.32080078125,0.0019178390502929,0.146,-0.073,0.172,0.0,0,0,1,,0.948,2026-03-18T15:34:27.181672,neutral,0.991,2026-03-18T15:34:27.181672,0.4184332860972057,2026-03-18T15:34:27.033000,88,,,
participant_27,3,day,Town10HD_Opt,2026-03-18 15:34:28.143773,83.08219909667969,70.31546020507812,0.0017828750424087,3.84,-0.073,0.512,0.0,0,0,1,,0.95,2026-03-18T15:34:28.143773,neutral,0.991,2026-03-18T15:34:27.181672,0.4569812208553425,2026-03-18T15:34:28.022000,84,,,
participant_27,3,day,Town10HD_Opt,2026-03-18 15:34:29.106801,84.32003021240234,70.28204345703125,0.0015857315156608,12.607,-0.073,0.719,0.0,0,0,1,,0.934,2026-03-18T15:34:29.106801,neutral,0.991,2026-03-18T15:34:27.181672,0.3938773794217285,2026-03-18T15:34:29.013000,84,,,
participant_27,3,day,Town10HD_Opt,2026-03-18 15:34:30.062228,86.84235382080078,70.21381378173828,0.0019651411566883,13.591,1.429,0.0,0.0,0,0,1,,0.935,2026-03-18T15:34:30.062228,neutral,0.997,2026-03-18T15:34:30.062228,0.4543403274647479,2026-03-18T15:34:30.003000,84,,,
participant_27,3,day,Town10HD_Opt,2026-03-18 15:34:31.029806,89.0070571899414,70.31012725830078,0.0019295120146125,12.184,10.084,0.333,0.0,0,0,1,,0.927,2026-03-18T15:34:31.029806,neutral,0.997,2026-03-18T15:34:30.062228,0.4931205055094652,2026-03-18T15:34:31.038000,84,,,
participant_27,3,day,Town10HD_Opt,2026-03-18 15:34:32.274827,92.10846710205078,71.06314086914062,0.0018606566591188,15.331,17.109,0.332,0.0,0,0,1,,0.911,2026-03-18T15:34:32.274827,neutral,0.974,2026-03-18T15:34:32.274827,0.3896687165470306,2026-03-18T15:34:32.029000,84,,,
participant_27,3,day,Town10HD_Opt,2026-03-18 15:34:33.247646,94.5610122680664,72.45732116699219,0.0021104430779814,17.366,19.36,0.358,0.0,0,0,1,,0.88,2026-03-18T15:34:33.247646,neutral,0.974,2026-03-18T15:34:32.274827,0.4414570317004935,2026-03-18T15:34:33.018000,85,,,
participant_27,3,day,Town10HD_Opt,2026-03-18 15:34:34.219591,96.74443817138672,74.70686340332031,0.0020681000314652,18.478,19.563,0.375,0.0,0,0,1,,1.0,2026-03-18T15:34:34.219591,neutral,0.974,2026-03-18T15:34:32.274827,0.4014501919248086,2026-03-18T15:34:34.008000,85,,,
participant_27,3,day,Town10HD_Opt,2026-03-18 15:34:35.119021,98.2009048461914,77.58071899414062,0.0020434951875358,19.003,19.393,0.375,0.0,0,0,1,,0.851,2026-03-18T15:34:35.119021,neutral,0.98,2026-03-18T15:34:35.119021,0.3744381440314888,2026-03-18T15:34:35.044000,85,,,
participant_27,3,day,Town10HD_Opt,2026-03-18 15:34:36.081231,98.79861450195312,80.92271423339844,0.002019042847678,20.14,9.617,0.368,0.0,0,0,1,,0.939,2026-03-18T15:34:36.081231,neutral,0.98,2026-03-18T15:34:35.119021,0.4279589889056548,2026-03-18T15:34:36.033000,85,,,
participant_27,3,day,Town10HD_Opt,2026-03-18 15:34:37.051658,98.908203125,84.5344009399414,0.001981048611924,21.599,3.123,0.558,0.0,0,0,1,,0.952,2026-03-18T15:34:37.051658,neutral,0.98,2026-03-18T15:34:35.119021,0.4398458425534798,2026-03-18T15:34:37.025000,84,,,
participant_27,3,day,Town10HD_Opt,2026-03-18 15:34:38.274529,98.8187484741211,90.36336517333984,0.0018859863048419,28.612,2.186,0.371,0.0,0,0,1,,0.817,2026-03-18T15:34:38.274529,neutral,0.992,2026-03-18T15:34:38.274529,0.3673473314026974,2026-03-18T15:34:38.013000,85,,,
participant_27,3,day,Town10HD_Opt,2026-03-18 15:34:39.008586,98.61000061035156,93.70355224609376,0.002033157274127,28.591,5.787,0.318,0.0,0,0,1,,0.957,2026-03-18T15:34:39.008586,neutral,0.992,2026-03-18T15:34:38.274529,0.4149823893954862,2026-03-18T15:34:39.003000,90,,,
participant_27,3,day,Town10HD_Opt,2026-03-18 15:34:40.247938,97.44940185546876,100.09549713134766,0.0020747757516801,27.169,1.081,0.331,0.0,0,0,1,,0.881,2026-03-18T15:34:40.247938,neutral,0.992,2026-03-18T15:34:38.274529,0.3953675970048847,2026-03-18T15:34:40.038000,90,,,
participant_27,3,day,Town10HD_Opt,2026-03-18 15:34:41.184620,96.3116226196289,104.66910552978516,0.0020455168560147,26.944,4.645,0.405,0.0,0,0,1,,0.917,2026-03-18T15:34:41.184620,neutral,0.998,2026-03-18T15:34:41.184620,0.3983052776253394,2026-03-18T15:34:41.028000,91,,,
participant_27,3,day,Town10HD_Opt,2026-03-18 15:34:42.117602,94.6703872680664,109.15065002441406,0.0020191192161291,27.823,4.686,0.408,0.0,0,0,1,,0.921,2026-03-18T15:34:42.117602,neutral,0.998,2026-03-18T15:34:41.184620,0.3659867207968015,2026-03-18T15:34:42.063000,91,,,
participant_27,3,day,Town10HD_Opt,2026-03-18 15:34:43.056468,92.51670837402344,113.58252716064452,0.0020175552926957,28.576,3.25,0.407,0.0,0,0,1,,0.873,2026-03-18T15:34:43.056468,neutral,0.998,2026-03-18T15:34:41.184620,0.3807350307957202,2026-03-18T15:34:43.009000,90,,,
participant_27,3,day,Town10HD_Opt,2026-03-18 15:34:44.233605,88.82637786865234,119.23067474365234,0.0020406723488122,29.175,5.839,0.378,0.0,0,0,1,,0.865,2026-03-18T15:34:44.233605,neutral,1.0,2026-03-18T15:34:44.233605,0.3687183809396434,2026-03-18T15:34:44.178000,91,,,
participant_27,3,day,Town10HD_Opt,2026-03-18 15:34:45.182753,85.38345336914062,122.9989013671875,0.0020446013659238,29.213,4.174,0.379,0.0,0,0,1,,0.812,2026-03-18T15:34:45.182753,neutral,1.0,2026-03-18T15:34:44.233605,0.3110234303420628,2026-03-18T15:34:45.169000,94,,,
participant_27,3,day,Town10HD_Opt,2026-03-18 15:34:46.093547,81.46080017089844,126.2522201538086,0.0020540999248623,29.116,8.93,0.374,0.0,0,0,1,,0.882,2026-03-18T15:34:46.093547,neutral,1.0,2026-03-18T15:34:44.233605,0.2576676813102482,2026-03-18T15:34:46.023000,93,,,
participant_27,3,day,Town10HD_Opt,2026-03-18 15:34:47.030570,76.95616149902344,128.56680297851562,0.0020584105513989,28.944,7.696,0.373,0.0,0,0,1,,0.952,2026-03-18T15:34:47.030570,neutral,0.995,2026-03-18T15:34:47.030570,0.2923721506107489,2026-03-18T15:34:47.057000,97,,,
participant_27,3,day,Town10HD_Opt,2026-03-18 15:34:48.275365,70.4404067993164,130.35427856445312,0.0020423887763172,29.184,4.589,0.376,0.0,0,0,1,,0.907,2026-03-18T15:34:48.275365,neutral,0.995,2026-03-18T15:34:47.030570,0.2766920247630597,2026-03-18T15:34:48.048000,94,,,
participant_27,3,day,Town10HD_Opt,2026-03-18 15:34:49.209981,65.38216400146484,130.96560668945312,0.0020414732862263,29.278,4.643,0.377,0.0,0,0,1,,0.839,2026-03-18T15:34:49.209981,neutral,0.995,2026-03-18T15:34:49.209981,0.2403570314517971,2026-03-18T15:34:49.039000,95,,,
participant_27,3,day,Town10HD_Opt,2026-03-18 15:34:50.189268,60.26816940307617,130.97976684570312,0.0020397566258907,29.378,0.284,0.373,0.0,0,0,1,,0.842,2026-03-18T15:34:50.189268,neutral,0.995,2026-03-18T15:34:49.209981,0.196107780206629,2026-03-18T15:34:50.028000,94,,,
participant_27,3,day,Town10HD_Opt,2026-03-18 15:34:51.170491,55.13915252685547,130.92518615722656,0.0020385740790516,29.466,-1.624,0.392,0.0,0,0,1,,0.972,2026-03-18T15:34:51.170491,neutral,0.995,2026-03-18T15:34:49.209981,0.149753417963526,2026-03-18T15:34:51.018000,97,,,
participant_27,3,day,Town10HD_Opt,2026-03-18 15:34:52.145222,49.90986633300781,130.93263244628906,0.0019840239547193,30.932,1.471,0.459,0.0,0,0,1,,0.879,2026-03-18T15:34:52.145222,neutral,0.979,2026-03-18T15:34:52.145222,0.2052422587035999,2026-03-18T15:34:52.008000,93,,,
participant_27,3,day,Town10HD_Opt,2026-03-18 15:34:53.051926,44.37559127807617,130.78919982910156,0.0019916915334761,32.532,-0.792,0.451,0.0,0,0,1,,0.883,2026-03-18T15:34:53.051926,neutral,0.979,2026-03-18T15:34:52.145222,0.1164568997395819,2026-03-18T15:34:53.043000,93,,,
participant_27,3,day,Town10HD_Opt,2026-03-18 15:34:54.267693,36.58209228515625,130.72622680664062,0.0019834898412227,34.666,0.322,0.482,0.0,0,0,1,,0.903,2026-03-18T15:34:54.267693,neutral,1.0,2026-03-18T15:34:54.267693,0.0645818487947596,2026-03-18T15:34:54.034000,90,,,
participant_27,3,day,Town10HD_Opt,2026-03-18 15:34:55.261841,30.38532829284668,130.68310546875,0.0019926070235669,36.259,-0.204,0.473,0.0,0,0,1,,0.897,2026-03-18T15:34:55.261841,neutral,1.0,2026-03-18T15:34:54.267693,0.1095190857957766,2026-03-18T15:34:55.023000,89,,,
participant_27,3,day,Town10HD_Opt,2026-03-18 15:34:56.185225,23.9410343170166,130.6608123779297,0.0020028685685247,37.497,-0.327,0.471,0.0,0,0,1,,0.956,2026-03-18T15:34:56.185225,neutral,1.0,2026-03-18T15:34:54.267693,0.0630206701456681,2026-03-18T15:34:56.013000,92,,,
participant_27,3,day,Town10HD_Opt,2026-03-18 15:34:57.122059,17.295621871948242,130.69851684570312,0.0020083235576748,38.555,0.082,0.47,0.0,0,0,1,,0.969,2026-03-18T15:34:57.122059,neutral,0.927,2026-03-18T15:34:57.122059,0.1083932891057549,2026-03-18T15:34:57.003000,94,,,
participant_27,3,day,Town10HD_Opt,2026-03-18 15:34:58.080800,10.478437423706056,130.72659301757812,0.0020171736832708,39.378,0.261,0.449,0.0,0,0,1,,0.858,2026-03-18T15:34:58.080800,neutral,0.927,2026-03-18T15:34:57.122059,0.1375657428649171,2026-03-18T15:34:58.038000,93,,,
participant_27,3,day,Town10HD_Opt,2026-03-18 15:34:58.999590,3.5707898139953613,130.69725036621094,0.0020398329943418,39.515,-0.014,0.434,0.0,0,0,1,,0.893,2026-03-18T15:34:58.999590,neutral,0.927,2026-03-18T15:34:57.122059,0.037070797988004,2026-03-18T15:34:59.028000,90,,,
participant_27,4,day,Town10HD_Opt,2026-03-18 15:45:00.000000,-41.66858673095703,89.7454833984375,0.580491840839386,5.416,0.28,0.544,0.0,0,0,1,,1.0,2026-03-18T15:45:00,,,2026-03-18T15:45:00,0.4766832398759263,2026-03-18T15:45:00,88,,,
participant_27,4,day,Town10HD_Opt,2026-03-18 15:45:04.506393,-41.66866302490234,89.58567810058594,0.0014860915252938,7.283,0.28,0.544,0.0,0,0,1,,0.84,2026-03-18T15:45:04.506393,,,2026-03-18T15:45:04.506393,0.5041440089923807,2026-03-18T15:45:04.006000,90,,,
participant_27,4,day,Town10HD_Opt,2026-03-18 15:45:05.122542,-41.668235778808594,88.42108154296875,0.0016098403139039,13.092,0.266,0.536,0.0,0,0,1,,0.81,2026-03-18T15:45:05.122542,,,2026-03-18T15:45:04.506393,0.4998423203615336,2026-03-18T15:45:05.086000,86,,,
participant_27,4,day,Town10HD_Opt,2026-03-18 15:45:06.025897,-41.66260528564453,85.66874694824219,0.0018717574421316,18.368,1.159,0.37,0.0,0,0,1,,1.0,2026-03-18T15:45:06.025897,,,2026-03-18T15:45:04.506393,0.4689091021868355,2026-03-18T15:45:06.031000,85,,,
participant_27,4,day,Town10HD_Opt,2026-03-18 15:45:07.191405,-41.44757843017578,81.41230010986328,0.0020309067331254,18.54,7.237,0.344,0.0,0,0,1,,1.0,2026-03-18T15:45:07.191405,neutral,0.668,2026-03-18T15:45:07.191405,0.4879189950608698,2026-03-18T15:45:07.020000,85,,,
participant_27,4,day,Town10HD_Opt,2026-03-18 15:45:08.065353,-40.73552322387695,78.2264404296875,0.0020409773569554,19.005,14.494,0.359,0.0,0,0,1,,1.0,2026-03-18T15:45:08.065353,neutral,0.668,2026-03-18T15:45:07.191405,0.5663405362592223,2026-03-18T15:45:08.010000,88,,,
participant_27,4,day,Town10HD_Opt,2026-03-18 15:45:09.227821,-38.53553771972656,74.30077362060547,0.0020380020141601,19.912,14.8,0.359,0.0,0,0,1,,1.0,2026-03-18T15:45:09.227821,neutral,0.808,2026-03-18T15:45:09.227821,0.4930113409078037,2026-03-18T15:45:09.045000,92,,,
participant_27,4,day,Town10HD_Opt,2026-03-18 15:45:10.179235,-35.9909782409668,71.8780517578125,0.0020416639745235,20.509,15.176,0.36,0.0,0,0,1,,1.0,2026-03-18T15:45:10.179235,neutral,0.808,2026-03-18T15:45:09.227821,0.5382470541342765,2026-03-18T15:45:10.035000,93,,,
participant_27,4,day,Town10HD_Opt,2026-03-18 15:45:11.099655,-32.80093002319336,70.17971801757812,0.0020392609294503,21.122,15.349,0.378,0.0,0,0,1,,0.823,2026-03-18T15:45:11.099655,neutral,0.808,2026-03-18T15:45:09.227821,0.4528940529896165,2026-03-18T15:45:11.070000,94,,,
participant_27,4,day,Town10HD_Opt,2026-03-18 15:45:12.038648,-29.13260269165039,69.38675689697266,0.0020311356056481,22.05,12.961,0.378,0.0,0,0,1,,1.0,2026-03-18T15:45:12.038648,neutral,0.98,2026-03-18T15:45:12.038648,0.4638867745321308,2026-03-18T15:45:12.018000,97,,,errors=Solid line crossing
participant_27,4,day,Town10HD_Opt,2026-03-18 15:45:13.240471,-23.87496566772461,69.53799438476562,0.0020178603008389,23.157,-2.8,0.377,0.0,0,0,1,,1.0,2026-03-18T15:45:13.240471,neutral,0.98,2026-03-18T15:45:12.038648,0.4795627785302556,2026-03-18T15:45:13.005000,95,,,
participant_27,4,day,Town10HD_Opt,2026-03-18 15:45:14.132700,-19.76375198364257,69.52962493896484,0.0020214843098074,23.881,0.296,0.374,0.0,0,0,1,,1.0,2026-03-18T15:45:14.132700,neutral,0.71,2026-03-18T15:45:14.132700,0.5195151118680343,2026-03-18T15:45:14.176000,94,,,
participant_27,4,day,Town10HD_Opt,2026-03-18 15:45:15.025642,-15.53610897064209,69.49626922607422,0.002023696899414,24.454,0.512,0.375,0.0,0,0,1,,1.0,2026-03-18T15:45:15.025642,neutral,0.71,2026-03-18T15:45:14.132700,0.4741829441614938,2026-03-18T15:45:15.076000,93,,,
participant_27,4,day,Town10HD_Opt,2026-03-18 15:45:16.204549,-9.741596221923828,69.48806762695312,0.0020258713047951,25.221,0.611,0.376,0.0,0,0,1,,1.0,2026-03-18T15:45:16.204549,sad,0.692,2026-03-18T15:45:16.204549,0.4591095242150762,2026-03-18T15:45:16.066000,93,Solid line crossing,Solid line crossing,
participant_27,4,day,Town10HD_Opt,2026-03-18 15:45:17.105888,-5.289544582366943,69.5500259399414,0.0020278547890484,25.703,0.54,0.376,0.0,0,0,1,,1.0,2026-03-18T15:45:17.105888,sad,0.692,2026-03-18T15:45:16.204549,0.5339510160270409,2026-03-18T15:45:17.011000,93,,,
participant_27,4,day,Town10HD_Opt,2026-03-18 15:45:17.992981,-0.7588830590248108,69.6714859008789,0.002029571449384,26.128,0.437,0.376,0.0,0,0,1,,1.0,2026-03-18T15:45:17.992981,sad,0.692,2026-03-18T15:45:16.204549,0.5284814785699459,2026-03-18T15:45:18.046000,93,,,
participant_27,4,day,Town10HD_Opt,2026-03-18 15:45:19.215027,5.358680725097656,69.87349700927734,0.002095756586641,25.425,0.007,0.312,0.0,0,0,1,,1.0,2026-03-18T15:45:19.215027,sad,0.566,2026-03-18T15:45:19.215027,0.5469206445876932,2026-03-18T15:45:19.081000,93,,,
participant_27,4,day,Town10HD_Opt,2026-03-18 15:45:20.146962,9.711309432983398,70.01024627685547,0.0020648192148655,24.539,-0.548,0.333,0.0,0,0,1,,0.836,2026-03-18T15:45:20.146962,sad,0.566,2026-03-18T15:45:19.215027,0.4301487589310797,2026-03-18T15:45:20.026000,90,,,
participant_27,4,day,Town10HD_Opt,2026-03-18 15:45:21.077292,13.791876792907717,70.08642578125,0.0022057723253965,20.585,-0.797,0.0,0.0,0,0,1,,1.0,2026-03-18T15:45:21.077292,sad,0.566,2026-03-18T15:45:19.215027,0.483150037376522,2026-03-18T15:45:21.151000,88,,,
participant_27,4,day,Town10HD_Opt,2026-03-18 15:45:22.268028,17.882728576660156,70.08063507080078,0.0020393752492964,14.512,-0.801,0.0,0.0,0,0,1,,1.0,2026-03-18T15:45:22.268028,sad,0.604,2026-03-18T15:45:22.268028,0.3559195019824784,2026-03-18T15:45:22.231000,86,,,
participant_27,4,day,Town10HD_Opt,2026-03-18 15:45:23.218870,20.138851165771484,70.04419708251953,0.0020314787980169,11.012,-0.712,0.0,0.037,0,0,1,,1.0,2026-03-18T15:45:23.218870,sad,0.604,2026-03-18T15:45:22.268028,0.4159206122375261,2026-03-18T15:45:23.041000,85,,,
participant_27,4,day,Town10HD_Opt,2026-03-18 15:45:24.086728,21.822900772094727,70.01146697998047,0.0020138549152761,8.039,-0.228,0.0,0.035,0,0,1,,1.0,2026-03-18T15:45:24.086728,sad,0.604,2026-03-18T15:45:22.268028,0.428751498866245,2026-03-18T15:45:24.032000,85,,,
participant_27,4,day,Town10HD_Opt,2026-03-18 15:45:25.235252,23.18071746826172,69.98280334472656,0.0023498916998505,0.001,-0.296,0.0,0.057,0,0,1,,1.0,2026-03-18T15:45:25.235252,neutral,0.97,2026-03-18T15:45:25.235252,0.2970865357902604,2026-03-18T15:45:25.021000,88,,,
participant_27,4,day,Town10HD_Opt,2026-03-18 15:45:26.140629,23.18136405944824,69.9827880859375,0.0019358824938535,0.01,-0.327,0.0,0.0,0,0,1,,1.0,2026-03-18T15:45:26.140629,neutral,0.97,2026-03-18T15:45:25.235252,0.4238749542478589,2026-03-18T15:45:26.011000,87,,,
participant_27,4,day,Town10HD_Opt,2026-03-18 15:45:27.032032,23.18128776550293,69.9827880859375,0.0019188689766451,0.14,-0.352,0.271,0.0,0,0,1,,1.0,2026-03-18T15:45:27.032032,neutral,0.97,2026-03-18T15:45:25.235252,0.390420507605038,2026-03-18T15:45:27.091000,85,,,
participant_27,4,day,Town10HD_Opt,2026-03-18 15:45:28.129986,23.684919357299805,69.97058868408203,0.0017329406691715,5.925,-0.463,0.464,0.0,0,0,1,,0.855,2026-03-18T15:45:28.129986,neutral,0.444,2026-03-18T15:45:28.129986,0.2983246506062307,2026-03-18T15:45:28.081000,84,,,
participant_27,4,day,Town10HD_Opt,2026-03-18 15:45:28.991593,25.217432022094727,69.9263916015625,0.0017270278185606,11.957,-0.768,0.479,0.0,0,0,1,,1.0,2026-03-18T15:45:28.991593,neutral,0.444,2026-03-18T15:45:28.129986,0.2625721032269211,2026-03-18T15:45:29.025000,83,,,
participant_27,4,day,Town10HD_Opt,2026-03-18 15:45:30.142693,28.73175048828125,69.70341491699219,0.0018199919722974,18.368,-6.047,0.469,0.0,0,0,1,,1.0,2026-03-18T15:45:30.142693,neutral,0.472,2026-03-18T15:45:30.142693,0.2760853789262062,2026-03-18T15:45:30.015000,84,,,
participant_27,4,day,Town10HD_Opt,2026-03-18 15:45:31.040265,31.95879173278809,69.10538482666016,0.0019747160840779,20.045,-10.0,0.466,0.0,0,0,1,,1.0,2026-03-18T15:45:31.040265,neutral,0.472,2026-03-18T15:45:30.142693,0.3218466972090335,2026-03-18T15:45:31.050000,83,,,
participant_27,4,day,Town10HD_Opt,2026-03-18 15:45:32.169251,36.61026763916016,67.10978698730469,0.0019691085908561,23.699,-11.501,0.459,0.0,0,0,1,,1.0,2026-03-18T15:45:32.169251,neutral,0.474,2026-03-18T15:45:32.169251,0.3323912880345653,2026-03-18T15:45:32.041000,86,,,
participant_27,4,day,Town10HD_Opt,2026-03-18 15:45:33.041586,39.9708251953125,64.40412902832031,0.0022927473764866,26.036,-12.609,0.459,0.0,0,0,1,,1.0,2026-03-18T15:45:33.041586,neutral,0.474,2026-03-18T15:45:32.169251,0.3220808093637889,2026-03-18T15:45:33.031000,84,,,
participant_27,4,day,Town10HD_Opt,2026-03-18 15:45:34.145402,43.34713745117188,59.07489776611328,0.0020084381103515,28.42,-12.517,0.367,0.0,0,0,1,phone_call,0.84,2026-03-18T15:45:34.145402,neutral,0.474,2026-03-18T15:45:32.169251,0.2951819897387203,2026-03-18T15:45:34.021000,84,,,
participant_27,4,day,Town10HD_Opt,2026-03-18 15:45:34.990817,44.42708206176758,54.35591125488281,0.0022007368970662,25.408,-9.837,0.0,0.0,0,0,1,,1.0,2026-03-18T15:45:34.990817,sad,0.498,2026-03-18T15:45:34.990817,0.3490072721281808,2026-03-18T15:45:35.011000,82,,,
participant_27,4,day,Town10HD_Opt,2026-03-18 15:45:36.095810,44.581878662109375,49.3406982421875,0.0020669174846261,17.594,0.602,0.0,0.0,0,0,1,,1.0,2026-03-18T15:45:36.095810,sad,0.498,2026-03-18T15:45:34.990817,0.3650598260154953,2026-03-18T15:45:36.226000,83,,,
participant_27,4,day,Town10HD_Opt,2026-03-18 15:45:37.200479,44.60707473754883,45.77680206298828,0.0020161818247288,13.041,-2.878,0.055,0.0,0,0,1,,1.0,2026-03-18T15:45:37.200479,fear,0.48,2026-03-18T15:45:37.200479,0.3590257231152312,2026-03-18T15:45:37.126000,83,,,errors=Solid line crossing
participant_27,4,day,Town10HD_Opt,2026-03-18 15:45:38.069046,44.53456878662109,43.67680740356445,0.0019709777552634,11.208,-0.355,0.214,0.0,0,0,1,,1.0,2026-03-18T15:45:38.069046,fear,0.48,2026-03-18T15:45:37.200479,0.341434599825254,2026-03-18T15:45:38.026000,84,,,
participant_27,4,day,Town10HD_Opt,2026-03-18 15:45:39.169876,44.49665832519531,40.72887802124024,0.0018098830478265,14.985,6.623,0.365,0.0,0,0,1,,1.0,2026-03-18T15:45:39.169876,fear,0.48,2026-03-18T15:45:37.200479,0.3095981519190662,2026-03-18T15:45:39.016000,85,,,
participant_27,4,day,Town10HD_Opt,2026-03-18 15:45:40.003889,44.83572006225586,37.93071365356445,0.0018473434029147,17.442,10.531,0.363,0.0,0,0,1,,1.0,2026-03-18T15:45:40.003889,neutral,0.731,2026-03-18T15:45:40.003889,0.373661453019914,2026-03-18T15:45:40.006000,84,,,
participant_27,4,day,Town10HD_Opt,2026-03-18 15:45:41.202097,46.243431091308594,33.96868896484375,0.0020610045175999,18.34,17.656,0.349,0.0,0,0,1,,1.0,2026-03-18T15:45:41.202097,neutral,0.731,2026-03-18T15:45:40.003889,0.3533075698679052,2026-03-18T15:45:41.040000,86,,,
participant_27,4,day,Town10HD_Opt,2026-03-18 15:45:42.028678,48.25851058959961,31.383180618286133,0.0020483017433434,19.132,19.451,0.357,0.0,0,0,1,,1.0,2026-03-18T15:45:42.028678,neutral,0.92,2026-03-18T15:45:42.028678,0.3567883962288382,2026-03-18T15:45:42.031000,86,,,
participant_27,4,day,Town10HD_Opt,2026-03-18 15:45:43.118602,52.15290069580078,29.00978660583496,0.0020545576699078,20.064,19.039,0.343,0.0,0,0,1,,1.0,2026-03-18T15:45:43.118602,neutral,0.92,2026-03-18T15:45:42.028678,0.3639083959702375,2026-03-18T15:45:43.020000,87,,,
participant_27,4,day,Town10HD_Opt,2026-03-18 15:45:44.219005,56.84136581420898,28.02979278564453,0.0020304487552493,20.895,2.572,0.316,0.0,0,0,1,,1.0,2026-03-18T15:45:44.219005,happy,0.985,2026-03-18T15:45:44.219005,0.2896960028576888,2026-03-18T15:45:44.012000,90,,,
participant_27,4,day,Town10HD_Opt,2026-03-18 15:45:45.109085,60.425140380859375,27.324228286743164,0.0020598601549863,20.491,-0.085,0.29,0.0,0,0,1,,1.0,2026-03-18T15:45:45.109085,happy,0.985,2026-03-18T15:45:44.219005,0.3892051203894849,2026-03-18T15:45:45.046000,88,,,
participant_27,4,day,Town10HD_Opt,2026-03-18 15:45:46.193008,64.97832489013672,26.45467185974121,0.0021127318032085,18.382,5.004,0.201,0.0,0,0,1,,1.0,2026-03-18T15:45:46.193008,happy,0.985,2026-03-18T15:45:44.219005,0.3345362767042189,2026-03-18T15:45:46.036000,88,,,
participant_27,4,day,Town10HD_Opt,2026-03-18 15:45:47.004196,68.12938690185547,26.126039505004883,0.0018516540294513,17.84,4.31,0.216,0.0,0,0,1,,0.867,2026-03-18T15:45:47.004196,fear,0.712,2026-03-18T15:45:47.004196,0.3959473231368929,2026-03-18T15:45:47.026000,92,,,
participant_27,4,day,Town10HD_Opt,2026-03-18 15:45:48.132338,72.22831726074219,25.923004150390625,0.0018934630788862,18.026,0.757,0.419,0.0,0,0,1,,1.0,2026-03-18T15:45:48.132338,fear,0.712,2026-03-18T15:45:47.004196,0.3513131672933784,2026-03-18T15:45:48.151000,90,,,
participant_27,4,day,Town10HD_Opt,2026-03-18 15:45:49.196282,76.85228729248047,25.767730712890625,0.0016877364832907,26.47,0.757,1.0,0.0,0,0,1,,1.0,2026-03-18T15:45:49.196282,neutral,0.649,2026-03-18T15:45:49.196282,0.3917516448465309,2026-03-18T15:45:49.006000,90,,,
participant_27,4,day,Town10HD_Opt,2026-03-18 15:45:50.002914,82.80767059326172,25.681352615356445,0.0015327071305364,41.759,0.75,1.0,0.0,0,0,1,,1.0,2026-03-18T15:45:50.002914,neutral,0.649,2026-03-18T15:45:49.196282,0.3097931531704594,2026-03-18T15:45:50.041000,87,,,
participant_27,4,day,Town10HD_Opt,2026-03-18 15:45:51.082956,93.98638153076172,24.35494613647461,0.0022385024931281,47.132,-15.714,0.61,0.0,0,0,1,,1.0,2026-03-18T15:45:51.082956,neutral,0.649,2026-03-18T15:45:49.196282,0.4514245844420094,2026-03-18T15:45:51.031000,87,,,
participant_27,4,day,Town10HD_Opt,2026-03-18 15:45:52.153734,101.591064453125,17.32453155517578,0.0023558044340461,39.944,-9.77,0.0,0.0,0,0,1,,1.0,2026-03-18T15:45:52.153734,neutral,0.488,2026-03-18T15:45:52.153734,0.291540283634925,2026-03-18T15:45:52.021000,86,,,
participant_27,4,day,Town10HD_Opt,2026-03-18 15:45:53.199665,104.03472137451172,9.88836669921875,0.0023923492990434,26.487,-8.451,0.0,0.515,0,0,1,,1.0,2026-03-18T15:45:53.199665,neutral,0.488,2026-03-18T15:45:52.153734,0.3409706093528308,2026-03-18T15:45:53.011000,85,,,
participant_27,4,day,Town10HD_Opt,2026-03-18 15:45:54.000579,104.3229751586914,5.937180519104004,0.0022329711355268,19.704,7.361,0.506,0.0,0,0,1,,1.0,2026-03-18T15:45:54.000579,neutral,0.488,2026-03-18T15:45:52.153734,0.3098487837084508,2026-03-18T15:45:54.046000,83,,,
participant_27,4,day,Town10HD_Opt,2026-03-18 15:45:55.062907,105.27894592285156,0.6397122144699097,0.0015925597399473,31.887,-2.777,1.0,0.0,0,0,1,,1.0,2026-03-18T15:45:55.062907,neutral,0.572,2026-03-18T15:45:55.062907,0.4146482566948642,2026-03-18T15:45:55.036000,87,,,
participant_27,4,day,Town10HD_Opt,2026-03-18 15:45:56.101923,106.32318115234376,-8.949814796447754,0.0015594100113958,51.77,-0.806,0.0,0.177,0,0,1,,1.0,2026-03-18T15:45:56.101923,neutral,0.572,2026-03-18T15:45:55.062907,0.4009102585911733,2026-03-18T15:45:56.027000,88,,,
participant_27,4,day,Town10HD_Opt,2026-03-18 15:45:57.156254,107.15444946289062,-20.593753814697266,0.0019918822217732,49.91,2.482,0.613,0.0,0,0,1,,1.0,2026-03-18T15:45:57.156254,neutral,0.712,2026-03-18T15:45:57.156254,0.3249697270446687,2026-03-18T15:45:57.016000,89,,,
participant_27,4,day,Town10HD_Opt,2026-03-18 15:45:58.196362,107.802734375,-31.98075294494629,0.0020516205113381,48.311,-12.246,0.614,0.0,0,0,1,,1.0,2026-03-18T15:45:58.196362,neutral,0.712,2026-03-18T15:45:57.156254,0.3636458821860631,2026-03-18T15:45:58.051000,91,Stop sign violation,stop_sign_id=833,
participant_27,4,day,Town10HD_Opt,2026-03-18 15:45:58.994137,104.93032836914062,-40.12783432006836,0.0019150542793795,51.43,-3.869,0.0,0.143,0,0,1,,1.0,2026-03-18T15:45:58.994137,neutral,0.712,2026-03-18T15:45:57.156254,0.3447072536346083,2026-03-18T15:45:59.041000,88,,,
participant_27,4,day,Town10HD_Opt,2026-03-18 15:46:00.017719,98.4106216430664,-49.89418411254883,0.0021150589454919,49.526,-3.879,1.0,0.0,0,0,1,,1.0,2026-03-18T15:46:00.017719,happy,0.991,2026-03-18T15:46:00.017719,0.3915654782224199,2026-03-18T15:46:00.030000,90,,,
participant_27,4,day,Town10HD_Opt,2026-03-18 15:46:01.106417,90.04521179199219,-57.9643783569336,0.0022359467111527,48.049,-5.073,1.0,0.0,0,0,1,,1.0,2026-03-18T15:46:01.106417,happy,0.991,2026-03-18T15:46:00.017719,0.3889062153131932,2026-03-18T15:46:01.020000,90,,,
participant_27,4,day,Town10HD_Opt,2026-03-18 15:46:02.146533,79.9744873046875,-63.65830612182617,0.0021069718059152,49.19,-5.04,0.901,0.0,0,0,1,,1.0,2026-03-18T15:46:02.146533,fear,0.39,2026-03-18T15:46:02.146533,0.4046125699856562,2026-03-18T15:46:02.012000,92,,,
participant_27,4,day,Town10HD_Opt,2026-03-18 15:46:03.212310,68.85969543457031,-66.61774444580078,0.002000541659072,49.523,-3.535,0.745,0.0,0,0,1,,1.0,2026-03-18T15:46:03.212310,fear,0.39,2026-03-18T15:46:02.146533,0.4521058562010781,2026-03-18T15:46:03.046000,91,,,
participant_27,4,day,Town10HD_Opt,2026-03-18 15:46:04.033076,60.13953399658203,-67.35989379882812,0.0020515441428869,50.359,-1.109,0.983,0.0,0,0,1,,1.0,2026-03-18T15:46:04.033076,fear,0.39,2026-03-18T15:46:02.146533,0.4249942053115353,2026-03-18T15:46:04.036000,94,,,
participant_27,4,day,Town10HD_Opt,2026-03-18 15:46:05.175794,48.43765640258789,-67.58495330810547,0.0019438171293586,51.074,0.273,0.0,0.107,0,0,1,,1.0,2026-03-18T15:46:05.175794,neutral,0.466,2026-03-18T15:46:05.175794,0.4021341123360054,2026-03-18T15:46:05.025000,93,,,
participant_27,4,day,Town10HD_Opt,2026-03-18 15:46:06.017589,39.7691535949707,-67.70663452148438,0.0020055389031767,49.861,-0.188,0.757,0.0,0,0,1,,1.0,2026-03-18T15:46:06.017589,neutral,0.466,2026-03-18T15:46:05.175794,0.3637557809459671,2026-03-18T15:46:06.015000,95,,,
participant_27,4,day,Town10HD_Opt,2026-03-18 15:46:07.086754,28.118791580200195,-67.76066589355469,0.0018814849900081,52.02,-0.508,0.0,0.202,0,0,1,,1.0,2026-03-18T15:46:07.086754,neutral,0.466,2026-03-18T15:46:05.175794,0.3798452717171026,2026-03-18T15:46:07.006000,96,,,
participant_27,4,day,Town10HD_Opt,2026-03-18 15:46:08.152530,16.32568359375,-67.64421844482422,0.0019317626720294,50.865,0.693,0.0,0.0,0,0,1,,1.0,2026-03-18T15:46:08.152530,happy,0.949,2026-03-18T15:46:08.152530,0.3387100528096174,2026-03-18T15:46:08.086000,96,,,
participant_27,4,day,Town10HD_Opt,2026-03-18 15:46:09.261754,4.719172954559326,-67.7549819946289,0.0020153045188635,49.803,-0.392,0.687,0.0,0,0,1,,1.0,2026-03-18T15:46:09.261754,happy,0.949,2026-03-18T15:46:08.152530,0.3266764386725364,2026-03-18T15:46:09.031000,92,,,
participant_27,4,day,Town10HD_Opt,2026-03-18 15:46:10.089527,-3.6518943309783936,-67.76284790039062,0.0023028182331472,43.53,0.686,0.0,0.089,0,0,1,,1.0,2026-03-18T15:46:10.089527,happy,0.949,2026-03-18T15:46:08.152530,0.302419084507533,2026-03-18T15:46:10.110000,93,,,
participant_27,4,day,Town10HD_Opt,2026-03-18 15:46:11.120668,-12.022292137145996,-67.8628921508789,0.0024062728043645,27.677,-0.367,0.0,0.478,0,0,1,,1.0,2026-03-18T15:46:11.120668,neutral,0.473,2026-03-18T15:46:11.120668,0.3379025966197662,2026-03-18T15:46:11.056000,91,,,
participant_27,4,day,Town10HD_Opt,2026-03-18 15:46:12.208073,-17.12787437438965,-67.90849304199219,0.0020782852079719,15.725,0.822,0.0,0.603,0,0,1,,1.0,2026-03-18T15:46:12.208073,neutral,0.473,2026-03-18T15:46:11.120668,0.3006175989307766,2026-03-18T15:46:12.046000,93,,,
participant_27,4,day,Town10HD_Opt,2026-03-18 15:46:13.218585,-19.67745590209961,-67.968505859375,0.002148475497961,3.384,0.674,0.0,0.761,0,0,1,,1.0,2026-03-18T15:46:13.218585,neutral,0.579,2026-03-18T15:46:13.218585,0.2415792300641563,2026-03-18T15:46:13.037000,93,,,
participant_27,4,day,Town10HD_Opt,2026-03-18 15:46:14.247490,-19.736557006835938,-67.97039031982422,0.0019335555844008,0.003,0.71,0.0,0.0,0,0,1,,1.0,2026-03-18T15:46:14.247490,neutral,0.579,2026-03-18T15:46:13.218585,0.2947296097716284,2026-03-18T15:46:14.026000,94,,,
participant_27,4,day,Town10HD_Opt,2026-03-18 15:46:15.018490,-19.736705780029297,-67.97039031982422,0.0019198989029973,0.0,0.63,0.0,0.0,0,0,1,,1.0,2026-03-18T15:46:15.018490,neutral,0.579,2026-03-18T15:46:13.218585,0.2695027823532375,2026-03-18T15:46:15.016000,95,,,
participant_27,4,day,Town10HD_Opt,2026-03-18 15:46:16.020211,-19.736705780029297,-67.97039031982422,0.0019191741012036,0.0,0.515,0.0,0.0,0,0,1,,1.0,2026-03-18T15:46:16.020211,neutral,0.851,2026-03-18T15:46:16.020211,0.2220099925665923,2026-03-18T15:46:16.006000,94,,,
participant_27,4,day,Town10HD_Opt,2026-03-18 15:46:16.998493,-19.736705780029297,-67.97039031982422,0.0019192122854292,0.0,0.437,0.0,0.0,0,0,1,,1.0,2026-03-18T15:46:16.998493,neutral,0.851,2026-03-18T15:46:16.020211,0.2224328472100975,2026-03-18T15:46:17.041000,94,,,
participant_27,4,day,Town10HD_Opt,2026-03-18 15:46:18.217928,-19.736705780029297,-67.97036743164062,0.0019191741012036,0.0,0.392,0.0,0.0,0,0,1,,1.0,2026-03-18T15:46:18.217928,neutral,0.549,2026-03-18T15:46:18.217928,0.1814139655075964,2026-03-18T15:46:18.032000,90,,,
participant_27,4,day,Town10HD_Opt,2026-03-18 15:46:19.224550,-19.736705780029297,-67.97036743164062,0.0019191741012036,0.0,0.305,0.0,0.0,0,0,1,,1.0,2026-03-18T15:46:19.224550,neutral,0.549,2026-03-18T15:46:18.217928,0.1659493986224489,2026-03-18T15:46:19.022000,87,,,
participant_27,4,day,Town10HD_Opt,2026-03-18 15:46:19.990493,-19.736705780029297,-67.97039031982422,0.0019192122854292,0.0,0.301,0.0,0.0,0,0,1,,1.0,2026-03-18T15:46:19.990493,neutral,0.549,2026-03-18T15:46:18.217928,0.1792917228220541,2026-03-18T15:46:20.011000,88,,,
participant_27,4,day,Town10HD_Opt,2026-03-18 15:46:21.032678,-19.736705780029297,-67.97039031982422,0.0019192122854292,0.0,0.298,0.0,0.0,0,0,1,phone_call,0.808,2026-03-18T15:46:21.032678,happy,0.998,2026-03-18T15:46:21.032678,0.1863815096974562,2026-03-18T15:46:21.047000,88,,,
participant_27,4,day,Town10HD_Opt,2026-03-18 15:46:22.032698,-20.90908432006836,-67.9990463256836,0.0014028549194335,15.445,0.31,1.0,0.0,0,0,1,,1.0,2026-03-18T15:46:22.032698,happy,0.998,2026-03-18T15:46:21.032678,0.2154710919002224,2026-03-18T15:46:22.036000,89,,,
participant_27,4,day,Town10HD_Opt,2026-03-18 15:46:23.065966,-26.561674118041992,-68.16566467285156,0.0014972304925322,35.551,0.266,1.0,0.0,0,0,1,,1.0,2026-03-18T15:46:23.065966,sad,0.404,2026-03-18T15:46:23.065966,0.2285233014263257,2026-03-18T15:46:23.027000,90,,,
participant_27,4,day,Town10HD_Opt,2026-03-18 15:46:24.103955,-36.98517990112305,-68.6085205078125,0.0016445540823042,52.768,-0.153,0.0,0.298,0,0,1,,1.0,2026-03-18T15:46:24.103955,sad,0.404,2026-03-18T15:46:23.065966,0.2057724751058377,2026-03-18T15:46:24.016000,92,,,
participant_27,4,day,Town10HD_Opt,2026-03-18 15:46:25.144119,-48.81930541992188,-69.06851196289062,0.0019297408871352,51.205,-0.508,0.0,0.177,0,0,1,,1.0,2026-03-18T15:46:25.144119,neutral,0.861,2026-03-18T15:46:25.144119,0.2937487421279192,2026-03-18T15:46:25.006000,92,,,
participant_27,4,day,Town10HD_Opt,2026-03-18 15:46:26.235127,-60.60404968261719,-69.2284927368164,0.0020515059586614,50.473,-0.418,0.0,0.164,0,0,1,,1.0,2026-03-18T15:46:26.235127,neutral,0.861,2026-03-18T15:46:25.144119,0.3555341796142363,2026-03-18T15:46:26.041000,91,,,
participant_27,4,day,Town10HD_Opt,2026-03-18 15:46:27.057195,-69.39789581298828,-69.16748809814453,0.002018432598561,49.747,-2.2,1.0,0.0,0,0,1,,1.0,2026-03-18T15:46:27.057195,neutral,0.861,2026-03-18T15:46:25.144119,0.2912913071747769,2026-03-18T15:46:27.032000,95,,,
participant_27,4,day,Town10HD_Opt,2026-03-18 15:46:28.103608,-80.90795135498047,-67.65120697021484,0.0021955871488898,48.204,-7.097,1.0,0.0,0,0,1,,1.0,2026-03-18T15:46:28.103608,happy,0.992,2026-03-18T15:46:28.103608,0.3278436549707512,2026-03-18T15:46:28.022000,96,,,
participant_27,4,day,Town10HD_Opt,2026-03-18 15:46:29.144746,-91.40148162841795,-62.74535369873047,0.0022235107608139,48.387,-4.792,1.0,0.0,0,0,1,,1.0,2026-03-18T15:46:29.144746,happy,0.992,2026-03-18T15:46:28.103608,0.3043932209572637,2026-03-18T15:46:29.011000,95,,,
participant_27,4,day,Town10HD_Opt,2026-03-18 15:46:30.207758,-100.033447265625,-54.91097640991211,0.0019836807623505,51.237,-4.414,0.0,0.124,0,0,1,,1.0,2026-03-18T15:46:30.207758,neutral,0.53,2026-03-18T15:46:30.207758,0.3750340183731305,2026-03-18T15:46:30.045000,94,,,
participant_27,4,day,Town10HD_Opt,2026-03-18 15:46:31.039110,-105.10195922851562,-47.81790542602539,0.0020453261677175,49.903,-4.03,1.0,0.0,0,0,1,,1.0,2026-03-18T15:46:31.039110,neutral,0.53,2026-03-18T15:46:30.207758,0.316010864682021,2026-03-18T15:46:31.036000,96,,,
participant_27,4,day,Town10HD_Opt,2026-03-18 15:46:32.096706,-109.93024444580078,-37.11251068115234,0.0018830108456313,51.668,-4.011,0.0,0.191,0,0,1,,1.0,2026-03-18T15:46:32.096706,neutral,0.53,2026-03-18T15:46:30.207758,0.3948356858403059,2026-03-18T15:46:32.027000,92,,,
participant_27,4,day,Town10HD_Opt,2026-03-18 15:46:33.208580,-112.0103759765625,-25.582836151123047,0.0021356963552534,49.14,-11.878,1.0,0.0,0,0,1,,1.0,2026-03-18T15:46:33.208580,neutral,0.628,2026-03-18T15:46:33.208580,0.3637826183161155,2026-03-18T15:46:33.016000,92,,,
participant_27,4,day,Town10HD_Opt,2026-03-18 15:46:34.060047,-110.35541534423828,-16.991228103637695,0.0020591353531926,49.878,8.577,1.0,0.0,0,0,1,,1.0,2026-03-18T15:46:34.060047,neutral,0.628,2026-03-18T15:46:33.208580,0.3651130380896059,2026-03-18T15:46:34.006000,95,,,
participant_27,4,day,Town10HD_Opt,2026-03-18 15:46:35.132899,-110.0819320678711,-5.386935234069824,0.0022543715313076,47.555,-4.365,0.968,0.0,0,0,1,,1.0,2026-03-18T15:46:35.132899,neutral,0.628,2026-03-18T15:46:33.208580,0.3766529002894291,2026-03-18T15:46:35.041000,95,,,
participant_27,4,day,Town10HD_Opt,2026-03-18 15:46:36.195740,-109.36406707763672,6.097555637359619,0.0021776580251753,48.764,-5.34,0.949,0.0,0,0,1,,1.0,2026-03-18T15:46:36.195740,neutral,0.788,2026-03-18T15:46:36.195740,0.3924805635548778,2026-03-18T15:46:36.031000,94,,,
participant_27,4,day,Town10HD_Opt,2026-03-18 15:46:37.042577,-106.22235107421876,14.252289772033691,0.0021898269187659,48.287,-7.722,0.99,0.0,0,0,1,,1.0,2026-03-18T15:46:37.042577,neutral,0.788,2026-03-18T15:46:36.195740,0.3501365985149659,2026-03-18T15:46:37.022000,91,,,
participant_27,4,day,Town10HD_Opt,2026-03-18 15:46:38.165321,-99.28074645996094,23.23142433166504,0.0023917388170957,42.995,-11.269,0.335,0.439,0,0,1,,1.0,2026-03-18T15:46:38.165321,neutral,0.788,2026-03-18T15:46:36.195740,0.285651274676812,2026-03-18T15:46:38.146000,89,,,
participant_27,4,day,Town10HD_Opt,2026-03-18 15:46:39.055006,-93.87674713134766,27.6494083404541,0.0021219635382294,39.12,2.073,0.812,0.0,0,0,1,,1.0,2026-03-18T15:46:39.055006,neutral,0.39,2026-03-18T15:46:39.055006,0.3525544628882263,2026-03-18T15:46:39.047000,90,,,errors=Collision
participant_27,4,day,Town10HD_Opt,2026-03-18 15:46:40.223337,-88.4037094116211,31.696823120117188,0.0379652380943298,7.73,-10.446,0.961,0.0,0,0,1,,1.0,2026-03-18T15:46:40.223337,neutral,0.39,2026-03-18T15:46:39.055006,0.3657637291621828,2026-03-18T15:46:40.037000,89,,,
participant_27,4,day,Town10HD_Opt,2026-03-18 15:46:41.115774,-88.20500946044922,31.74431800842285,0.0408617779612541,0.02,-16.86,0.0,0.0,0,0,1,,1.0,2026-03-18T15:46:41.115774,happy,1.0,2026-03-18T15:46:41.115774,0.3646291704381825,2026-03-18T15:46:41.027000,90,,,
participant_27,4,day,Town10HD_Opt,2026-03-18 15:46:42.258592,-88.20637512207031,31.743343353271484,0.0372180938720703,0.006,-0.179,0.0,0.0,0,0,1,,1.0,2026-03-18T15:46:42.258592,happy,1.0,2026-03-18T15:46:41.115774,0.2782640672916926,2026-03-18T15:46:42.016000,86,,,
participant_27,4,day,Town10HD_Opt,2026-03-18 15:46:43.115744,-88.20674896240234,31.74321937561035,0.0370191186666488,0.0,-0.284,0.0,0.0,0,0,1,,1.0,2026-03-18T15:46:43.115744,happy,1.0,2026-03-18T15:46:41.115774,0.3435240054342552,2026-03-18T15:46:43.097000,87,,,
participant_27,4,day,Town10HD_Opt,2026-03-18 15:46:44.021016,-88.20680236816406,31.74322891235352,0.0370132066309452,0.005,0.132,0.0,0.0,0,0,1,,1.0,2026-03-18T15:46:44.021016,sad,0.668,2026-03-18T15:46:44.021016,0.3445374334372809,2026-03-18T15:46:44.041000,85,,,
participant_27,4,day,Town10HD_Opt,2026-03-18 15:46:45.130569,-88.20674896240234,31.74329948425293,0.0370129011571407,0.005,0.204,0.0,0.0,0,0,1,phone_call,0.862,2026-03-18T15:46:45.130569,sad,0.668,2026-03-18T15:46:44.021016,0.3108423622510102,2026-03-18T15:46:45.031000,87,,,
participant_27,4,day,Town10HD_Opt,2026-03-18 15:46:46.016871,-88.20679473876953,31.74326515197754,0.0370133593678474,0.001,0.388,0.0,0.0,0,1,-1,,1.0,2026-03-18T15:46:46.016871,sad,0.668,2026-03-18T15:46:44.021016,0.341574245076139,2026-03-18T15:46:46.021000,85,,,
participant_27,4,day,Town10HD_Opt,2026-03-18 15:46:47.107034,-88.38532257080078,31.6572494506836,0.0372904203832149,5.05,8.78,0.66,0.0,0,1,-1,,1.0,2026-03-18T15:46:47.107034,fear,0.999,2026-03-18T15:46:47.107034,0.3090415279668683,2026-03-18T15:46:47.056000,88,,,
participant_27,4,day,Town10HD_Opt,2026-03-18 15:46:48.204916,-90.1156234741211,30.84343147277832,0.0025500487536191,8.633,10.781,0.0,0.0,0,1,-1,,1.0,2026-03-18T15:46:48.204916,fear,0.999,2026-03-18T15:46:47.107034,0.3999809480537479,2026-03-18T15:46:48.048000,93,,,
participant_27,4,day,Town10HD_Opt,2026-03-18 15:46:49.143080,-91.15792846679688,30.54280471801757,0.0018560790922492,5.56,-21.613,0.743,0.0,0,1,-1,,1.0,2026-03-18T15:46:49.143080,neutral,0.671,2026-03-18T15:46:49.143080,0.3623185820854154,2026-03-18T15:46:49.036000,93,,,
participant_27,4,day,Town10HD_Opt,2026-03-18 15:46:50.011238,-92.8980484008789,30.147924423217773,0.0022671509068459,16.143,-36.133,0.869,0.0,0,1,-1,,1.0,2026-03-18T15:46:50.011238,neutral,0.671,2026-03-18T15:46:49.143080,0.422993136789429,2026-03-18T15:46:50.026000,94,,,
participant_27,4,day,Town10HD_Opt,2026-03-18 15:46:51.146917,-94.93992614746094,28.68854141235352,0.0012265014229342,0.004,-0.035,0.0,0.488,0,0,1,,1.0,2026-03-18T15:46:51.146917,happy,0.99,2026-03-18T15:46:51.146917,0.3205565645924744,2026-03-18T15:46:51.061000,95,,,
participant_27,4,day,Town10HD_Opt,2026-03-18 15:46:52.027562,-94.93209075927734,28.69634437561035,0.0018877410329878,0.334,-11.221,0.363,0.0,0,0,1,,1.0,2026-03-18T15:46:52.027562,happy,0.99,2026-03-18T15:46:51.146917,0.4094039085525351,2026-03-18T15:46:52.052000,94,,,
participant_27,4,day,Town10HD_Opt,2026-03-18 15:46:53.184414,-93.6293716430664,29.63869285583496,0.0014263534685596,17.268,-17.388,0.889,0.0,0,0,1,,1.0,2026-03-18T15:46:53.184414,happy,0.999,2026-03-18T15:46:53.184414,0.2957584254698061,2026-03-18T15:46:53.041000,94,,,
participant_27,4,day,Town10HD_Opt,2026-03-18 15:46:54.050491,-90.1271743774414,31.006818771362305,0.0019043349893763,26.864,-25.424,0.757,0.0,0,0,1,phone_call,0.849,2026-03-18T15:46:54.050491,happy,0.999,2026-03-18T15:46:53.184414,0.3602880620902866,2026-03-18T15:46:54.031000,93,,,errors=Solid line crossing
participant_27,4,day,Town10HD_Opt,2026-03-18 15:46:55.163257,-83.20106506347656,29.220531463623047,0.0019027709495276,35.26,1.951,0.0,0.0,0,0,1,,1.0,2026-03-18T15:46:55.163257,happy,0.999,2026-03-18T15:46:53.184414,0.4124388975341276,2026-03-18T15:46:55.021000,96,,,
participant_27,4,day,Town10HD_Opt,2026-03-18 15:46:56.270440,-76.76235961914062,26.734548568725582,0.0024095154367387,22.704,20.004,0.0,0.46,0,0,1,,1.0,2026-03-18T15:46:56.270440,neutral,0.892,2026-03-18T15:46:56.270440,0.4211434062420666,2026-03-18T15:46:56.056000,95,,,
participant_27,4,day,Town10HD_Opt,2026-03-18 15:46:57.140193,-73.48131561279297,26.888322830200195,0.0020890426822006,14.707,-2.588,0.0,0.363,0,0,1,,1.0,2026-03-18T15:46:57.140193,neutral,0.892,2026-03-18T15:46:56.270440,0.3178893160778565,2026-03-18T15:46:57.047000,94,,,
participant_27,4,day,Town10HD_Opt,2026-03-18 15:46:58.271824,-70.84941864013672,26.97150421142578,0.0020898818038403,7.506,0.74,0.0,0.552,0,0,1,,1.0,2026-03-18T15:46:58.271824,neutral,0.765,2026-03-18T15:46:58.271824,0.2880819187919275,2026-03-18T15:46:58.036000,94,,,
participant_27,4,day,Town10HD_Opt,2026-03-18 15:46:59.139164,-70.46477508544922,26.98812484741211,0.0020182419102638,0.0,-0.026,0.0,0.49,0,0,1,,1.0,2026-03-18T15:46:59.139164,neutral,0.765,2026-03-18T15:46:58.271824,0.3496112653382754,2026-03-18T15:46:59.117000,95,,,
participant_27,4,day,Town10HD_Opt,2026-03-18 15:47:00.238217,-70.46331024169922,26.98815155029297,0.0019203185802325,0.001,-0.211,0.0,0.0,0,0,1,,1.0,2026-03-18T15:47:00.238217,neutral,0.765,2026-03-18T15:46:58.271824,0.3439720507550338,2026-03-18T15:47:00.107000,97,,,
participant_27,4,day,Town10HD_Opt,2026-03-18 15:47:01.136199,-70.46327209472656,26.98815155029297,0.0019189452286809,0.006,-0.463,0.0,0.0,0,0,1,,1.0,2026-03-18T15:47:01.136199,neutral,0.985,2026-03-18T15:47:01.136199,0.3340308138773673,2026-03-18T15:47:01.052000,96,,,
participant_27,4,day,Town10HD_Opt,2026-03-18 15:47:01.990976,-70.46331787109375,26.98815155029297,0.0019187927246093,0.006,-0.482,0.0,0.0,0,0,1,,1.0,2026-03-18T15:47:01.990976,neutral,0.985,2026-03-18T15:47:01.136199,0.351664283663412,2026-03-18T15:47:02.041000,96,,,
participant_27,4,day,Town10HD_Opt,2026-03-18 15:47:03.111266,-70.46318817138672,26.98815155029297,0.0019187545403838,0.006,-0.503,0.0,0.0,0,0,1,,1.0,2026-03-18T15:47:03.111266,neutral,0.985,2026-03-18T15:47:01.136199,0.373725808277791,2026-03-18T15:47:03.031000,98,,,
participant_27,4,day,Town10HD_Opt,2026-03-18 15:47:04.248361,-70.46305847167969,26.98815155029297,0.0019187545403838,0.006,-0.519,0.0,0.0,0,0,1,,1.0,2026-03-18T15:47:04.248361,happy,0.896,2026-03-18T15:47:04.248361,0.4033570007079681,2026-03-18T15:47:04.022000,95,,,
participant_27,4,day,Town10HD_Opt,2026-03-18 15:47:05.169071,-70.46295928955078,26.98815155029297,0.0019190596649423,0.002,-0.517,0.0,0.0,0,0,1,,1.0,2026-03-18T15:47:05.169071,happy,0.896,2026-03-18T15:47:04.248361,0.3294102187245474,2026-03-18T15:47:05.057000,96,,,
participant_27,4,day,Town10HD_Opt,2026-03-18 15:47:06.046204,-70.4627456665039,26.98815155029297,0.0019192504696547,0.001,-0.491,0.0,0.0,0,0,1,,1.0,2026-03-18T15:47:06.046204,happy,0.896,2026-03-18T15:47:04.248361,0.3448134644260189,2026-03-18T15:47:06.092000,93,,,
participant_27,4,day,Town10HD_Opt,2026-03-18 15:47:07.151213,-70.46263885498047,26.98815155029297,0.0019192122854292,0.001,-0.519,0.0,0.0,0,0,1,,1.0,2026-03-18T15:47:07.151213,neutral,0.683,2026-03-18T15:47:07.151213,0.3722704659982106,2026-03-18T15:47:07.081000,95,,,
participant_27,4,day,Town10HD_Opt,2026-03-18 15:47:08.085060,-70.46248626708984,26.98815155029297,0.0019189452286809,0.006,-0.54,0.0,0.0,0,0,1,,1.0,2026-03-18T15:47:08.085060,neutral,0.683,2026-03-18T15:47:07.151213,0.3339838293562342,2026-03-18T15:47:08.027000,93,,,
participant_27,4,day,Town10HD_Opt,2026-03-18 15:47:09.244177,-70.46234893798828,26.98815155029297,0.0019189452286809,0.006,-0.519,0.0,0.0,0,0,1,,1.0,2026-03-18T15:47:09.244177,sad,0.391,2026-03-18T15:47:09.244177,0.3692674811871257,2026-03-18T15:47:09.061000,90,,,
participant_27,4,day,Town10HD_Opt,2026-03-18 15:47:10.137943,-70.46239471435547,26.98815155029297,0.0019187927246093,0.006,-0.519,0.0,0.0,0,0,1,,0.836,2026-03-18T15:47:10.137943,sad,0.391,2026-03-18T15:47:09.244177,0.4148761158258358,2026-03-18T15:47:10.052000,90,,,
participant_27,4,day,Town10HD_Opt,2026-03-18 15:47:11.001641,-70.46240234375,26.98815155029297,0.0019189452286809,0.002,-0.143,0.0,0.0,0,0,1,,1.0,2026-03-18T15:47:11.001641,sad,0.391,2026-03-18T15:47:09.244177,0.3934913404678969,2026-03-18T15:47:11.043000,90,,,
participant_27,4,day,Town10HD_Opt,2026-03-18 15:47:12.098530,-70.46228790283203,26.98815155029297,0.0019189452286809,0.007,-0.501,0.0,0.0,0,0,1,,1.0,2026-03-18T15:47:12.098530,sad,0.397,2026-03-18T15:47:12.098530,0.40422004794947,2026-03-18T15:47:12.032000,91,,,
participant_27,4,day,Town10HD_Opt,2026-03-18 15:47:13.217476,-70.46217346191406,26.98815155029297,0.0019189452286809,0.002,-0.907,0.0,0.0,0,0,1,,1.0,2026-03-18T15:47:13.217476,sad,0.397,2026-03-18T15:47:12.098530,0.4829384943354609,2026-03-18T15:47:13.021000,90,,,
participant_27,4,day,Town10HD_Opt,2026-03-18 15:47:14.069770,-70.46199798583984,26.98815155029297,0.001919021597132,0.002,-0.399,0.0,0.0,0,0,1,,1.0,2026-03-18T15:47:14.069770,sad,0.397,2026-03-18T15:47:12.098530,0.4784814112277392,2026-03-18T15:47:14.101000,92,Solid line crossing,Solid line crossing,
participant_27,4,day,Town10HD_Opt,2026-03-18 15:47:15.171595,-70.4618911743164,26.98815155029297,0.001919021597132,0.002,-0.106,0.0,0.0,0,0,1,,1.0,2026-03-18T15:47:15.171595,sad,0.488,2026-03-18T15:47:15.171595,0.50074313651241,2026-03-18T15:47:15.091000,92,,,
participant_27,4,day,Town10HD_Opt,2026-03-18 15:47:16.005700,-70.4616470336914,26.98815155029297,0.0019191741012036,0.001,-0.092,0.0,0.0,0,0,1,,1.0,2026-03-18T15:47:16.005700,sad,0.488,2026-03-18T15:47:15.171595,0.5632571741271742,2026-03-18T15:47:16.036000,92,,,
participant_27,4,day,Town10HD_Opt,2026-03-18 15:47:17.092218,-70.4615478515625,26.98815155029297,0.0019191741012036,0.001,-0.157,0.0,0.0,0,0,1,,1.0,2026-03-18T15:47:17.092218,sad,0.488,2026-03-18T15:47:15.171595,0.5512717902785967,2026-03-18T15:47:17.072000,89,,,
participant_27,4,day,Town10HD_Opt,2026-03-18 15:47:18.174029,-69.9535903930664,27.007795333862305,0.0015646743122488,9.04,-0.275,1.0,0.0,0,0,1,,1.0,2026-03-18T15:47:18.174029,neutral,0.731,2026-03-18T15:47:18.174029,0.5862477478385355,2026-03-18T15:47:18.016000,86,,,
participant_27,4,day,Town10HD_Opt,2026-03-18 15:47:19.003754,-67.1563491821289,27.11639404296875,0.0017364883096888,22.873,-0.061,0.926,0.0,0,0,1,,1.0,2026-03-18T15:47:19.003754,neutral,0.731,2026-03-18T15:47:18.174029,0.4752973780585564,2026-03-18T15:47:19.051000,87,,,
participant_27,4,day,Town10HD_Opt,2026-03-18 15:47:20.150492,-60.30301284790039,27.359840393066406,0.0017802810762077,35.337,-0.195,0.682,0.0,0,0,1,,1.0,2026-03-18T15:47:20.150492,neutral,0.731,2026-03-18T15:47:18.174029,0.4604577837965974,2026-03-18T15:47:20.041000,84,,,
participant_27,4,day,Town10HD_Opt,2026-03-18 15:47:21.256980,-51.08756637573242,27.589962005615234,0.0018406294984743,43.954,-1.039,0.681,0.0,0,0,1,,1.0,2026-03-18T15:47:21.256980,sad,0.755,2026-03-18T15:47:21.256980,0.428218789210549,2026-03-18T15:47:21.032000,85,,,
participant_27,4,day,Town10HD_Opt,2026-03-18 15:47:22.124870,-42.95951461791992,27.51268196105957,0.0018689346034079,49.325,-0.237,0.67,0.0,0,0,1,,1.0,2026-03-18T15:47:22.124870,sad,0.755,2026-03-18T15:47:21.256980,0.3733047566569465,2026-03-18T15:47:22.021000,85,,,
participant_27,4,day,Town10HD_Opt,2026-03-18 15:47:23.249647,-31.369916915893555,27.18701362609864,0.0019953537266701,50.098,3.153,0.667,0.0,0,0,1,,1.0,2026-03-18T15:47:23.249647,sad,0.755,2026-03-18T15:47:21.256980,0.2958143170432583,2026-03-18T15:47:23.057000,84,,,
participant_27,4,day,Town10HD_Opt,2026-03-18 15:47:24.072983,-22.71222686767578,27.65755844116211,0.0020593642257153,49.236,1.678,0.667,0.0,0,0,1,,1.0,2026-03-18T15:47:24.072983,neutral,0.598,2026-03-18T15:47:24.072983,0.3076631397597879,2026-03-18T15:47:24.092000,87,,,
participant_27,4,day,Town10HD_Opt,2026-03-18 15:47:25.128570,-11.192824363708496,28.691267013549805,0.0020228957291692,49.627,-2.956,0.656,0.0,0,0,1,,1.0,2026-03-18T15:47:25.128570,neutral,0.598,2026-03-18T15:47:24.072983,0.3300618704690747,2026-03-18T15:47:25.036000,89,,,
participant_27,4,day,Town10HD_Opt,2026-03-18 15:47:26.182249,0.3401188850402832,28.51344490051269,0.0020881271921098,48.237,-0.409,0.419,0.0,0,0,1,,1.0,2026-03-18T15:47:26.182249,happy,0.978,2026-03-18T15:47:26.182249,0.2617046454049243,2026-03-18T15:47:26.026000,90,,,
participant_27,4,day,Town10HD_Opt,2026-03-18 15:47:27.254669,11.229135513305664,27.53389549255371,0.002152023371309,44.642,-1.194,0.186,0.0,0,0,1,,1.0,2026-03-18T15:47:27.254669,happy,0.978,2026-03-18T15:47:26.182249,0.3174788938442464,2026-03-18T15:47:27.017000,88,,,
participant_27,4,day,Town10HD_Opt,2026-03-18 15:47:28.070688,18.34258079528809,26.506954193115234,0.0023144530132412,36.545,9.554,0.098,0.0,0,0,1,,1.0,2026-03-18T15:47:28.070688,happy,0.978,2026-03-18T15:47:26.182249,0.2157292031379209,2026-03-18T15:47:28.051000,90,,,
participant_27,4,day,Town10HD_Opt,2026-03-18 15:47:29.139141,25.888734817504883,27.73247337341309,0.0020387268159538,32.954,4.145,0.729,0.0,0,0,1,,1.0,2026-03-18T15:47:29.139141,neutral,0.769,2026-03-18T15:47:29.139141,0.3058653729492113,2026-03-18T15:47:29.042000,89,,,
participant_27,4,day,Town10HD_Opt,2026-03-18 15:47:30.260676,34.02626037597656,31.46512222290039,0.001643524155952,46.682,17.301,0.896,0.0,0,0,1,,1.0,2026-03-18T15:47:30.260676,neutral,0.769,2026-03-18T15:47:29.139141,0.4207400749915893,2026-03-18T15:47:30.031000,88,,,
participant_27,4,day,Town10HD_Opt,2026-03-18 15:47:31.152764,39.45380783081055,38.0037956237793,0.0021345901768654,48.006,13.745,0.595,0.0,0,0,1,,1.0,2026-03-18T15:47:31.152764,neutral,0.75,2026-03-18T15:47:31.152764,0.3205302782262652,2026-03-18T15:47:31.022000,89,,,
participant_27,4,day,Town10HD_Opt,2026-03-18 15:47:32.249443,40.67469024658203,47.980125427246094,0.0024412535130977,35.013,1.011,0.0,0.885,0,0,1,,1.0,2026-03-18T15:47:32.249443,neutral,0.75,2026-03-18T15:47:31.152764,0.4156482226116651,2026-03-18T15:47:32.057000,87,,,errors=Harsh braking
participant_27,4,day,Town10HD_Opt,2026-03-18 15:47:33.050031,40.6743278503418,52.97196578979492,0.0024761199019849,21.214,-2.278,0.0,1.0,0,0,1,,1.0,2026-03-18T15:47:33.050031,neutral,0.75,2026-03-18T15:47:31.152764,0.4397951028175781,2026-03-18T15:47:33.047000,89,,,errors=Stop sign violation
participant_27,4,day,Town10HD_Opt,2026-03-18 15:47:34.059231,40.711692810058594,54.20360565185547,0.0020135117229074,0.0,-2.875,0.0,1.0,0,0,1,,1.0,2026-03-18T15:47:34.059231,angry,0.833,2026-03-18T15:47:34.059231,0.3942355161636819,2026-03-18T15:47:34.037000,88,,,
participant_27,4,day,Town10HD_Opt,2026-03-18 15:47:35.114856,40.711692810058594,54.20374298095703,0.001921119634062,0.001,-1.347,0.0,0.0,0,0,1,,1.0,2026-03-18T15:47:35.114856,angry,0.833,2026-03-18T15:47:34.059231,0.44875817139649,2026-03-18T15:47:35.027000,89,,,
participant_27,4,day,Town10HD_Opt,2026-03-18 15:47:36.124590,40.711692810058594,54.20375061035156,0.0019192504696547,0.001,-1.335,0.0,0.0,0,0,1,,1.0,2026-03-18T15:47:36.124590,happy,1.0,2026-03-18T15:47:36.124590,0.3250602045656161,2026-03-18T15:47:36.016000,89,,,
participant_27,4,day,Town10HD_Opt,2026-03-18 15:47:37.109218,40.711692810058594,54.20375061035156,0.0019190596649423,0.001,-1.316,0.0,0.0,0,0,1,,1.0,2026-03-18T15:47:37.109218,happy,1.0,2026-03-18T15:47:36.124590,0.4148673099791963,2026-03-18T15:47:37.052000,89,,,
participant_27,4,day,Town10HD_Opt,2026-03-18 15:47:38.088012,40.73980331420898,54.71484756469727,0.0014677428407594,10.467,-1.333,1.0,0.0,0,0,1,,1.0,2026-03-18T15:47:38.088012,happy,1.0,2026-03-18T15:47:36.124590,0.3724441524104518,2026-03-18T15:47:38.042000,88,,,
participant_27,4,day,Town10HD_Opt,2026-03-18 15:47:39.077314,41.06023406982422,59.28144073486328,0.0015468597412109,31.431,-2.744,1.0,0.0,0,0,1,,1.0,2026-03-18T15:47:39.077314,happy,0.959,2026-03-18T15:47:39.077314,0.3749753440207523,2026-03-18T15:47:39.031000,90,,,
participant_27,4,day,Town10HD_Opt,2026-03-18 15:47:40.089285,43.38501739501953,68.18789672851562,0.0016209792811423,49.207,-19.246,1.0,0.0,0,0,1,,1.0,2026-03-18T15:47:40.089285,happy,0.959,2026-03-18T15:47:39.077314,0.3484724749366254,2026-03-18T15:47:40.022000,89,,,errors=Stop sign violation | Collision
participant_27,4,day,Town10HD_Opt,2026-03-18 15:47:41.120623,50.94237518310547,73.05785369873047,-0.0008772277506068,35.564,-12.299,0.0,0.0,0,0,1,,1.0,2026-03-18T15:47:41.120623,happy,0.706,2026-03-18T15:47:41.120623,0.4067489829599021,2026-03-18T15:47:41.195000,89,,,
participant_27,4,day,Town10HD_Opt,2026-03-18 15:47:42.152893,58.437835693359375,72.03250122070312,0.0021191786509007,30.113,5.354,0.381,0.0,0,0,1,,1.0,2026-03-18T15:47:42.152893,happy,0.706,2026-03-18T15:47:41.120623,0.3878093438666371,2026-03-18T15:47:42.047000,89,,,
participant_27,4,day,Town10HD_Opt,2026-03-18 15:47:43.170246,65.38771057128906,71.38214874267578,0.0020847702398896,29.022,1.72,0.183,0.0,0,0,1,,1.0,2026-03-18T15:47:43.170246,happy,0.999,2026-03-18T15:47:43.170246,0.487315695153894,2026-03-18T15:47:43.036000,93,,,
participant_27,4,day,Town10HD_Opt,2026-03-18 15:47:44.095858,70.14576721191406,71.23678588867188,0.0022307967301458,24.021,-0.881,0.0,0.0,0,0,1,,1.0,2026-03-18T15:47:44.095858,happy,0.999,2026-03-18T15:47:43.170246,0.5195012419922,2026-03-18T15:47:44.026000,93,,,
participant_27,4,day,Town10HD_Opt,2026-03-18 15:47:45.128910,75.56156921386719,70.96427917480469,0.0016693496145308,29.576,-0.606,1.0,0.0,0,0,1,,1.0,2026-03-18T15:47:45.128910,happy,0.999,2026-03-18T15:47:43.170246,0.5139482350003667,2026-03-18T15:47:45.017000,93,,,errors=Solid line crossing
participant_27,4,day,Town10HD_Opt,2026-03-18 15:47:46.187910,84.7149429321289,70.34676361083984,0.0015532684046775,49.986,3.669,1.0,0.0,0,0,1,,1.0,2026-03-18T15:47:46.187910,sad,0.646,2026-03-18T15:47:46.187910,0.5382705822818656,2026-03-18T15:47:46.052000,93,,,
participant_27,4,day,Town10HD_Opt,2026-03-18 15:47:47.212757,95.9973602294922,71.41397857666016,0.0024928664788603,41.875,23.567,0.0,0.0,0,0,1,,1.0,2026-03-18T15:47:47.212757,sad,0.646,2026-03-18T15:47:46.187910,0.55516684827015,2026-03-18T15:47:47.043000,95,,,
participant_27,4,day,Town10HD_Opt,2026-03-18 15:47:48.232107,100.37696838378906,77.21314239501953,0.0025376891717314,25.531,38.096,0.35,0.0,0,0,1,,1.0,2026-03-18T15:47:48.232107,neutral,0.785,2026-03-18T15:47:48.232107,0.6015538437922335,2026-03-18T15:47:48.032000,92,,,
participant_27,4,day,Town10HD_Opt,2026-03-18 15:47:49.075323,99.25244903564452,81.79206848144531,0.0017240905435755,32.937,-2.014,0.937,0.0,0,0,1,,1.0,2026-03-18T15:47:49.075323,neutral,0.785,2026-03-18T15:47:48.232107,0.5808740706206837,2026-03-18T15:47:49.021000,90,,,
participant_27,4,day,Town10HD_Opt,2026-03-18 15:47:50.157848,99.33348083496094,90.58528137207033,0.0016393279656767,45.689,0.188,1.0,0.0,0,0,1,,1.0,2026-03-18T15:47:50.157848,neutral,0.785,2026-03-18T15:47:48.232107,0.5657213379897214,2026-03-18T15:47:50.057000,89,,,
participant_27,4,day,Town10HD_Opt,2026-03-18 15:47:51.191934,99.98536682128906,101.88751983642578,0.0021102142054587,48.915,16.421,0.881,0.0,0,0,1,,1.0,2026-03-18T15:47:51.191934,neutral,0.635,2026-03-18T15:47:51.191934,0.5906652600642402,2026-03-18T15:47:51.047000,91,,,
participant_27,4,day,Town10HD_Opt,2026-03-18 15:47:52.246173,93.15099334716795,111.12654113769533,0.0020173643715679,50.431,-2.442,0.844,0.0,0,0,1,,1.0,2026-03-18T15:47:52.246173,neutral,0.635,2026-03-18T15:47:51.191934,0.6415044605078644,2026-03-18T15:47:52.037000,92,,,errors=Solid line crossing
participant_27,4,day,Town10HD_Opt,2026-03-18 15:47:53.122240,87.38113403320312,117.64429473876952,0.0020903013646602,48.918,-1.554,0.594,0.0,0,0,1,phone_call,0.874,2026-03-18T15:47:53.122240,neutral,0.635,2026-03-18T15:47:51.191934,0.5722448322483806,2026-03-18T15:47:53.027000,91,,,
participant_27,4,day,Town10HD_Opt,2026-03-18 15:47:54.183049,79.79533386230469,126.3711166381836,0.0021064758766442,49.149,13.273,0.581,0.0,0,0,1,,1.0,2026-03-18T15:47:54.183049,neutral,0.55,2026-03-18T15:47:54.183049,0.6106288274825846,2026-03-18T15:47:54.017000,91,,,
participant_27,4,day,Town10HD_Opt,2026-03-18 15:47:55.010142,71.87993621826172,129.64718627929688,0.0019971847068518,50.09,3.476,0.587,0.0,0,0,1,,1.0,2026-03-18T15:47:55.010142,neutral,0.55,2026-03-18T15:47:54.183049,0.578529651101621,2026-03-18T15:47:55.051000,91,,,
participant_27,4,day,Town10HD_Opt,2026-03-18 15:47:56.091303,60.44595718383789,131.83360290527344,0.0019991684239357,50.228,4.955,0.585,0.0,0,0,1,,1.0,2026-03-18T15:47:56.091303,neutral,0.55,2026-03-18T15:47:54.183049,0.601634146804764,2026-03-18T15:47:56.086000,93,,,
participant_27,4,day,Town10HD_Opt,2026-03-18 15:47:57.177190,48.87063980102539,132.04986572265625,0.0019973372109234,50.228,0.705,0.58,0.0,0,0,1,,1.0,2026-03-18T15:47:57.177190,neutral,0.956,2026-03-18T15:47:57.177190,0.5049613362948464,2026-03-18T15:47:57.032000,89,,,
participant_27,4,day,Town10HD_Opt,2026-03-18 15:47:58.224204,37.26627731323242,131.63116455078125,0.0019977949559688,50.225,-0.472,0.583,0.0,0,0,1,,1.0,2026-03-18T15:47:58.224204,neutral,0.956,2026-03-18T15:47:57.177190,0.5523643163155992,2026-03-18T15:47:58.067000,91,,,
participant_27,4,day,Town10HD_Opt,2026-03-18 15:47:59.235579,25.63158226013184,131.7355499267578,0.0020002364180982,50.291,1.8,0.611,0.0,0,0,1,,1.0,2026-03-18T15:47:59.235579,neutral,0.811,2026-03-18T15:47:59.235579,0.5986637983763449,2026-03-18T15:47:59.057000,92,,,
participant_27,4,day,Town10HD_Opt,2026-03-18 15:48:00.055994,16.93779182434082,131.524658203125,0.001966361887753,50.993,-1.49,0.964,0.0,0,0,1,,1.0,2026-03-18T15:48:00.055994,neutral,0.811,2026-03-18T15:47:59.235579,0.5630730953073698,2026-03-18T15:48:00.091000,94,,,
participant_27,4,day,Town10HD_Opt,2026-03-18 15:48:01.064961,5.14788818359375,131.51864624023438,0.0019558714702725,51.065,-0.576,0.0,0.0,0,0,1,,1.0,2026-03-18T15:48:01.064961,neutral,0.811,2026-03-18T15:47:59.235579,0.5831000372970314,2026-03-18T15:48:01.037000,91,,,
participant_27,4,day,Town10HD_Opt,2026-03-18 15:48:02.133265,-6.521392822265625,131.9365692138672,0.0019974135793745,50.015,0.79,0.742,0.0,0,0,1,,1.0,2026-03-18T15:48:02.133265,neutral,0.725,2026-03-18T15:48:02.133265,0.4564854578476225,2026-03-18T15:48:02.028000,86,,,
participant_27,4,day,Town10HD_Opt,2026-03-18 15:48:03.200363,-17.725109100341797,131.7265167236328,0.0023449705913662,42.443,1.824,0.0,0.869,0,0,1,,1.0,2026-03-18T15:48:03.200363,neutral,0.725,2026-03-18T15:48:02.133265,0.5826070968222474,2026-03-18T15:48:03.017000,85,,,errors=Harsh braking
participant_27,4,day,Town10HD_Opt,2026-03-18 15:48:04.240238,-25.30417823791504,130.92388916015625,0.0024890517815947,21.837,-1.941,0.0,1.0,0,0,1,,0.875,2026-03-18T15:48:04.240238,angry,0.972,2026-03-18T15:48:04.240238,0.4721645381255664,2026-03-18T15:48:04.098000,86,,,errors=Red light violation
participant_27,4,day,Town10HD_Opt,2026-03-18 15:48:05.050767,-26.85974884033203,130.80873107910156,0.0023474120534956,0.001,-1.951,0.0,1.0,0,0,1,,0.89,2026-03-18T15:48:05.050767,angry,0.972,2026-03-18T15:48:04.240238,0.3818413106188203,2026-03-18T15:48:05.041000,85,,,
participant_27,4,day,Town10HD_Opt,2026-03-18 15:48:06.083541,-26.86067581176757,130.80874633789062,0.001924056909047,0.001,-0.696,0.0,0.0,0,0,1,,1.0,2026-03-18T15:48:06.083541,angry,0.972,2026-03-18T15:48:04.240238,0.3400731328492305,2026-03-18T15:48:06.077000,88,,,
participant_27,4,day,Town10HD_Opt,2026-03-18 15:48:07.090113,-26.86075592041016,130.80874633789062,0.0019191741012036,0.0,-0.898,0.0,0.0,0,0,1,,1.0,2026-03-18T15:48:07.090113,happy,0.901,2026-03-18T15:48:07.090113,0.3474579506962672,2026-03-18T15:48:07.022000,90,,,
participant_27,4,day,Town10HD_Opt,2026-03-18 15:48:08.081806,-26.86075592041016,130.80874633789062,0.0019191741012036,0.0,0.021,0.0,0.0,0,0,1,,1.0,2026-03-18T15:48:08.081806,happy,0.901,2026-03-18T15:48:07.090113,0.3289281452185773,2026-03-18T15:48:08.056000,90,,,
participant_27,4,day,Town10HD_Opt,2026-03-18 15:48:09.043997,-26.86075592041016,130.80874633789062,0.0019190978491678,0.0,-0.651,0.0,0.0,0,0,1,phone_call,0.936,2026-03-18T15:48:09.043997,happy,0.901,2026-03-18T15:48:07.090113,0.2488075968524693,2026-03-18T15:48:09.047000,89,,,
participant_27,4,day,Town10HD_Opt,2026-03-18 15:48:10.021641,-26.86075592041016,130.80874633789062,0.0019191360333934,0.0,0.186,0.0,0.0,0,0,1,phone_call,0.822,2026-03-18T15:48:10.021641,neutral,0.731,2026-03-18T15:48:10.021641,0.2065240626897275,2026-03-18T15:48:10.037000,89,,,
participant_27,4,day,Town10HD_Opt,2026-03-18 15:48:11.019914,-26.87065315246582,130.807861328125,0.0018703460227698,1.562,1.363,1.0,0.0,0,0,1,,1.0,2026-03-18T15:48:11.019914,neutral,0.731,2026-03-18T15:48:10.021641,0.2806494441350743,2026-03-18T15:48:11.027000,89,,,
participant_27,4,day,Town10HD_Opt,2026-03-18 15:48:12.014305,-29.45207023620605,130.556884765625,0.0017015074845403,21.373,4.537,1.0,0.0,0,0,1,,1.0,2026-03-18T15:48:12.014305,neutral,0.731,2026-03-18T15:48:10.021641,0.3348968294773402,2026-03-18T15:48:12.062000,91,,,
participant_27,4,day,Town10HD_Opt,2026-03-18 15:48:13.038585,-36.28132247924805,128.4046173095703,0.0015774153871461,41.673,15.164,1.0,0.0,0,0,1,,1.0,2026-03-18T15:48:13.038585,neutral,0.626,2026-03-18T15:48:13.038585,0.3002595028022671,2026-03-18T15:48:13.052000,89,,,
participant_27,4,day,Town10HD_Opt,2026-03-18 15:48:14.089386,-43.2142333984375,119.88687896728516,0.0021557235158979,48.049,17.731,1.0,0.0,0,0,1,,1.0,2026-03-18T15:48:14.089386,neutral,0.626,2026-03-18T15:48:13.038585,0.3745762876725441,2026-03-18T15:48:14.042000,89,,,
participant_27,4,day,Town10HD_Opt,2026-03-18 15:48:15.178590,-41.99702072143555,108.5546875,0.0022151947487145,47.858,-5.56,0.0,0.0,0,0,1,,1.0,2026-03-18T15:48:15.178590,neutral,0.807,2026-03-18T15:48:15.178590,0.4376212947484904,2026-03-18T15:48:15.032000,94,,,errors=Solid line crossing
participant_27,4,day,Town10HD_Opt,2026-03-18 15:48:16.238459,-41.17140197753906,99.1625747680664,0.0023348997347056,34.258,-5.782,0.193,0.0,0,0,1,phone_call,0.804,2026-03-18T15:48:16.238459,neutral,0.807,2026-03-18T15:48:15.178590,0.4363339441576799,2026-03-18T15:48:16.022000,95,,,
participant_27,4,day,Town10HD_Opt,2026-03-18 15:48:17.029508,-42.18576049804688,93.68134307861328,0.0022128296550363,29.389,-0.799,0.195,0.0,0,0,1,,1.0,2026-03-18T15:48:17.029508,neutral,0.807,2026-03-18T15:48:15.178590,0.5376558302213373,2026-03-18T15:48:17.147000,94,,,
participant_27,4,day,Town10HD_Opt,2026-03-18 15:48:18.092576,-42.97308349609375,87.44308471679688,0.0027664185035973,25.278,8.01,0.666,0.0,0,0,1,,1.0,2026-03-18T15:48:18.092576,neutral,0.56,2026-03-18T15:48:18.092576,0.5458493665619507,2026-03-18T15:48:18.047000,94,,,
participant_27,4,day,Town10HD_Opt,2026-03-18 15:48:19.140689,-42.08241271972656,80.7731704711914,0.0019095229217782,32.495,10.108,0.545,0.0,0,0,1,,1.0,2026-03-18T15:48:19.140689,neutral,0.56,2026-03-18T15:48:18.092576,0.5461626324753499,2026-03-18T15:48:19.037000,93,,,
participant_27,4,day,Town10HD_Opt,2026-03-18 15:48:20.246311,-38.078983306884766,74.01969146728516,0.0019967651460319,36.062,17.351,0.55,0.0,0,0,1,,1.0,2026-03-18T15:48:20.246311,neutral,0.887,2026-03-18T15:48:20.246311,0.6545123434746231,2026-03-18T15:48:20.027000,91,,,
participant_27,4,day,Town10HD_Opt,2026-03-18 15:48:21.093136,-32.36857604980469,71.09944915771484,0.0020031356252729,38.444,12.631,0.551,0.0,0,0,1,,1.0,2026-03-18T15:48:21.093136,neutral,0.887,2026-03-18T15:48:20.246311,0.7492266946923521,2026-03-18T15:48:21.062000,93,,,errors=Solid line crossing
participant_27,4,day,Town10HD_Opt,2026-03-18 15:48:22.159577,-23.043058395385746,70.41070556640625,0.0019579315558075,42.118,-0.926,0.551,0.0,0,0,1,,1.0,2026-03-18T15:48:22.159577,neutral,0.887,2026-03-18T15:48:20.246311,0.6243792615441626,2026-03-18T15:48:22.052000,96,,,
participant_27,4,day,Town10HD_Opt,2026-03-18 15:48:23.212358,-12.866167068481444,70.20406341552734,0.001966361887753,45.304,2.497,0.558,0.0,0,0,1,,1.0,2026-03-18T15:48:23.212358,sad,0.736,2026-03-18T15:48:23.212358,0.7161723963821525,2026-03-18T15:48:23.042000,93,,,
participant_27,4,day,Town10HD_Opt,2026-03-18 15:48:24.230787,-2.0201215744018555,70.92000579833984,0.0019776916597038,48.04,-0.195,0.557,0.0,0,0,1,,1.0,2026-03-18T15:48:24.230787,sad,0.736,2026-03-18T15:48:23.212358,0.7205126871343395,2026-03-18T15:48:24.032000,91,,,
participant_27,4,day,Town10HD_Opt,2026-03-18 15:48:25.000802,6.172534465789795,71.6451644897461,0.0023070524912327,42.619,-4.049,0.0,0.0,0,0,1,,1.0,2026-03-18T15:48:25.000802,sad,0.736,2026-03-18T15:48:23.212358,0.7726350979609703,2026-03-18T15:48:25.022000,92,,,
participant_27,4,day,Town10HD_Opt,2026-03-18 15:48:26.033194,14.581220626831056,71.26639556884766,0.0024046706967055,28.27,-1.156,0.0,0.631,0,0,1,,1.0,2026-03-18T15:48:26.033194,sad,0.516,2026-03-18T15:48:26.033194,0.6897230204758743,2026-03-18T15:48:26.056000,90,,,
participant_27,4,day,Town10HD_Opt,2026-03-18 15:48:27.101761,19.70297813415528,70.72736358642578,0.002007293747738,17.122,-0.244,0.0,0.0,0,0,1,,1.0,2026-03-18T15:48:27.101761,sad,0.516,2026-03-18T15:48:26.033194,0.643678921744279,2026-03-18T15:48:27.047000,91,,,errors=Solid line crossing
participant_27,4,day,Town10HD_Opt,2026-03-18 15:48:28.164133,23.32641220092773,70.318603515625,0.001909980783239,15.602,-0.43,0.366,0.0,0,0,1,,1.0,2026-03-18T15:48:28.164133,neutral,0.715,2026-03-18T15:48:28.164133,0.7231568161516951,2026-03-18T15:48:28.037000,89,,,
participant_27,4,day,Town10HD_Opt,2026-03-18 15:48:29.251787,26.93365859985352,69.81161499023438,0.0017954254290089,17.629,-3.436,0.89,0.0,0,0,1,,1.0,2026-03-18T15:48:29.251787,neutral,0.715,2026-03-18T15:48:28.164133,0.585084445432214,2026-03-18T15:48:29.073000,92,,,errors=Stop sign violation
participant_27,4,day,Town10HD_Opt,2026-03-18 15:48:30.089257,30.80779266357422,68.9334487915039,0.0015527724754065,31.105,-7.601,0.997,0.0,0,0,1,,1.0,2026-03-18T15:48:30.089257,neutral,0.715,2026-03-18T15:48:28.164133,0.6172692637455346,2026-03-18T15:48:30.062000,89,,,
participant_27,4,day,Town10HD_Opt,2026-03-18 15:48:31.183845,38.68636703491211,64.49418640136719,0.001748542767018,46.195,-17.818,0.726,0.0,0,0,1,,1.0,2026-03-18T15:48:31.183845,neutral,0.625,2026-03-18T15:48:31.183845,0.6247836966641667,2026-03-18T15:48:31.052000,91,,,
participant_27,4,day,Town10HD_Opt,2026-03-18 15:48:32.001575,42.52454376220703,57.08357238769531,0.001881904550828,50.987,-5.271,0.0,0.0,0,0,1,,1.0,2026-03-18T15:48:32.001575,neutral,0.625,2026-03-18T15:48:31.183845,0.500205386672669,2026-03-18T15:48:32.042000,90,,,errors=Solid line crossing
participant_27,4,day,Town10HD_Opt,2026-03-18 15:48:33.121897,43.55451583862305,46.49478912353516,0.002400474390015,37.653,0.964,0.0,0.493,0,0,1,,1.0,2026-03-18T15:48:33.121897,neutral,0.625,2026-03-18T15:48:31.183845,0.5169821952726399,2026-03-18T15:48:33.032000,90,,,
participant_27,4,day,Town10HD_Opt,2026-03-18 15:48:34.217492,44.14329528808594,39.4363899230957,0.0023274994455277,23.595,3.109,0.035,0.0,0,0,1,,1.0,2026-03-18T15:48:34.217492,sad,0.6,2026-03-18T15:48:34.217492,0.4919739288325771,2026-03-18T15:48:34.023000,93,,,
participant_27,4,day,Town10HD_Opt,2026-03-18 15:48:35.021820,44.96604537963867,35.81821823120117,0.0021776580251753,19.508,17.421,0.366,0.0,0,0,1,,1.0,2026-03-18T15:48:35.021820,sad,0.6,2026-03-18T15:48:34.217492,0.5125055636875321,2026-03-18T15:48:35.103000,94,,,
participant_27,4,day,Town10HD_Opt,2026-03-18 15:48:36.050538,47.877288818359375,31.86714744567871,0.0019960785284638,23.52,23.045,0.46,0.0,0,0,1,,1.0,2026-03-18T15:48:36.050538,sad,0.6,2026-03-18T15:48:34.217492,0.5851479801116797,2026-03-18T15:48:36.092000,92,,,
participant_27,4,day,Town10HD_Opt,2026-03-18 15:48:37.087111,52.74634552001953,29.80277442932129,0.0020889663137495,22.167,5.609,0.352,0.0,0,0,1,,1.0,2026-03-18T15:48:37.087111,neutral,0.761,2026-03-18T15:48:37.087111,0.5516564495119762,2026-03-18T15:48:37.037000,92,,,
participant_27,4,day,Town10HD_Opt,2026-03-18 15:48:38.132440,57.76873779296875,28.40597343444824,0.0020307158119976,22.708,-3.113,0.601,0.0,0,0,1,,1.0,2026-03-18T15:48:38.132440,neutral,0.761,2026-03-18T15:48:37.087111,0.6087176670978482,2026-03-18T15:48:38.028000,93,,,
participant_27,4,day,Town10HD_Opt,2026-03-18 15:48:39.177094,63.5073127746582,26.57851219177246,0.0019997023046016,27.537,2.631,0.365,0.0,0,0,1,,1.0,2026-03-18T15:48:39.177094,neutral,0.783,2026-03-18T15:48:39.177094,0.6293278956827993,2026-03-18T15:48:39.062000,94,,,
participant_27,4,day,Town10HD_Opt,2026-03-18 15:48:40.247162,69.75279235839844,25.15976524353028,0.0020811462309211,26.587,5.033,0.0,0.0,0,0,1,,1.0,2026-03-18T15:48:40.247162,neutral,0.783,2026-03-18T15:48:39.177094,0.6199227581807231,2026-03-18T15:48:40.142000,96,,,
participant_27,4,day,Town10HD_Opt,2026-03-18 15:48:41.014820,73.89395141601562,24.693492889404297,0.0022473144344985,20.351,5.122,0.0,0.0,0,0,1,,1.0,2026-03-18T15:48:41.014820,neutral,0.783,2026-03-18T15:48:39.177094,0.7668895605766578,2026-03-18T15:48:41.042000,98,,,
participant_27,4,day,Town10HD_Opt,2026-03-18 15:48:42.007474,77.91030883789062,24.62520980834961,0.0020936203654855,13.179,2.264,0.0,0.695,0,0,1,,1.0,2026-03-18T15:48:42.007474,sad,0.628,2026-03-18T15:48:42.007474,0.7150986564041644,2026-03-18T15:48:42.032000,101,,,
participant_27,4,day,Town10HD_Opt,2026-03-18 15:48:43.009131,79.55329132080078,24.654523849487305,0.0022529601119458,0.001,2.174,0.0,0.949,0,0,1,,1.0,2026-03-18T15:48:43.009131,sad,0.628,2026-03-18T15:48:42.007474,0.7990994590308381,2026-03-18T15:48:43.022000,97,,,
participant_27,4,day,Town10HD_Opt,2026-03-18 15:48:43.998504,79.55369567871094,24.65454292297364,0.0019239806570112,0.0,0.964,0.0,0.0,0,0,1,,1.0,2026-03-18T15:48:43.998504,sad,0.628,2026-03-18T15:48:42.007474,0.7346390988385946,2026-03-18T15:48:44.057000,96,,,
participant_27,4,day,Town10HD_Opt,2026-03-18 15:48:45.235052,79.55369567871094,24.65454292297364,0.0019193649059161,0.0,-0.08,0.0,0.0,0,0,1,,1.0,2026-03-18T15:48:45.235052,sad,0.924,2026-03-18T15:48:45.235052,0.8285635066530644,2026-03-18T15:48:45.048000,95,,,
participant_27,4,day,Town10HD_Opt,2026-03-18 15:48:46.219396,79.55369567871094,24.65454292297364,0.0019193649059161,0.0,-0.491,0.0,0.0,0,0,1,,1.0,2026-03-18T15:48:46.219396,sad,0.924,2026-03-18T15:48:45.235052,0.8135474461655423,2026-03-18T15:48:46.038000,96,,,
participant_27,4,day,Town10HD_Opt,2026-03-18 15:48:47.224989,79.60000610351562,24.654935836791992,0.0018595122965052,1.203,-0.792,0.0,0.0,0,0,1,,1.0,2026-03-18T15:48:47.224989,sad,0.924,2026-03-18T15:48:45.235052,0.7596746570305216,2026-03-18T15:48:47.028000,92,,,
participant_27,4,day,Town10HD_Opt,2026-03-18 15:48:48.201848,79.87211608886719,24.656747817993164,0.0019272231729701,0.965,-0.898,0.0,0.0,0,0,1,,1.0,2026-03-18T15:48:48.201848,sad,0.982,2026-03-18T15:48:48.201848,0.7851401920848404,2026-03-18T15:48:48.062000,95,,,
participant_27,4,day,Town10HD_Opt,2026-03-18 15:48:49.198947,80.0680160522461,24.657699584960938,0.0019257353851571,0.688,-0.933,0.0,0.0,0,0,1,,1.0,2026-03-18T15:48:49.198947,sad,0.982,2026-03-18T15:48:48.201848,0.7944179696465064,2026-03-18T15:48:49.053000,94,,,
participant_27,4,day,Town10HD_Opt,2026-03-18 15:48:50.202720,80.20577239990234,24.65811920166016,0.0019237517844885,0.476,-1.112,0.0,0.0,0,0,1,,1.0,2026-03-18T15:48:50.202720,sad,0.994,2026-03-18T15:48:50.202720,0.8133008435586371,2026-03-18T15:48:50.042000,96,,,
participant_27,4,day,Town10HD_Opt,2026-03-18 15:48:51.181023,80.30264282226562,24.65822410583496,0.0019223785493522,0.334,-1.161,0.0,0.0,0,0,1,,1.0,2026-03-18T15:48:51.181023,sad,0.994,2026-03-18T15:48:50.202720,0.8133509026251179,2026-03-18T15:48:51.033000,96,,,
participant_27,4,day,Town10HD_Opt,2026-03-18 15:48:52.128375,80.37077331542969,24.65825843811035,0.0019213104387745,0.237,-1.161,0.0,0.0,0,0,1,,1.0,2026-03-18T15:48:52.128375,sad,0.994,2026-03-18T15:48:50.202720,0.804665934098956,2026-03-18T15:48:52.023000,99,,,
participant_27,4,day,Town10HD_Opt,2026-03-18 15:48:53.114043,80.41868591308594,24.65825462341309,0.0019207381410524,0.163,-1.215,0.0,0.0,0,0,1,,1.0,2026-03-18T15:48:53.114043,sad,0.964,2026-03-18T15:48:53.114043,0.8224561034976708,2026-03-18T15:48:53.102000,95,,,
participant_27,4,day,Town10HD_Opt,2026-03-18 15:48:54.090828,80.452392578125,24.6582145690918,0.0019202422117814,0.116,-1.196,0.0,0.0,0,0,1,,1.0,2026-03-18T15:48:54.090828,sad,0.964,2026-03-18T15:48:53.114043,0.8396180175571655,2026-03-18T15:48:54.092000,94,,,
participant_27,4,day,Town10HD_Opt,2026-03-18 15:48:55.133108,80.4910888671875,24.658355712890625,0.0018785475986078,0.853,-0.439,0.492,0.0,0,0,1,,1.0,2026-03-18T15:48:55.133108,neutral,0.702,2026-03-18T15:48:55.133108,0.7943816506621716,2026-03-18T15:48:55.037000,95,,,
participant_27,4,day,Town10HD_Opt,2026-03-18 15:48:56.126505,82.33336639404297,24.66105079650879,0.0014183425810188,18.495,-0.877,0.95,0.0,0,0,1,,1.0,2026-03-18T15:48:56.126505,neutral,0.702,2026-03-18T15:48:55.133108,0.7099761241692161,2026-03-18T15:48:56.028000,93,,,
participant_27,4,day,Town10HD_Opt,2026-03-18 15:48:57.128033,88.07750701904297,24.56166648864746,0.0017157745314761,31.723,-0.942,0.737,0.0,0,0,1,,1.0,2026-03-18T15:48:57.128033,neutral,0.702,2026-03-18T15:48:55.133108,0.8037597024824096,2026-03-18T15:48:57.063000,91,,,
participant_27,4,day,Town10HD_Opt,2026-03-18 15:48:58.128623,96.6285400390625,23.571489334106445,0.0018148040398955,42.569,-13.982,0.7,0.0,0,0,1,,1.0,2026-03-18T15:48:58.128623,happy,0.998,2026-03-18T15:48:58.128623,0.6660358962424682,2026-03-18T15:48:58.052000,92,,,
participant_27,4,day,Town10HD_Opt,2026-03-18 15:48:59.139326,104.4564437866211,17.27345085144043,0.0023199843708425,46.22,-23.656,0.699,0.0,0,0,1,,1.0,2026-03-18T15:48:59.139326,happy,0.998,2026-03-18T15:48:58.128623,0.745297686101024,2026-03-18T15:48:59.042000,91,,,
participant_27,4,day,Town10HD_Opt,2026-03-18 15:49:00.231238,103.51517486572266,6.578527450561523,0.0019127273699268,50.341,-2.819,0.682,0.0,0,0,1,,1.0,2026-03-18T15:49:00.231238,sad,0.514,2026-03-18T15:49:00.231238,0.663992552830776,2026-03-18T15:49:00.032000,92,,,
participant_27,4,day,Town10HD_Opt,2026-03-18 15:49:01.091618,99.84957885742188,-1.2324126958847046,0.0020770644769072,48.498,18.079,0.503,0.0,0,0,1,phone_call,0.8,2026-03-18T15:49:01.091618,sad,0.514,2026-03-18T15:49:00.231238,0.6910564177421988,2026-03-18T15:49:01.157000,89,,,
participant_27,4,day,Town10HD_Opt,2026-03-18 15:49:02.095743,101.47257232666016,-10.907586097717283,0.0024310683365911,36.141,18.656,0.092,0.0,0,0,1,,1.0,2026-03-18T15:49:02.095743,sad,0.514,2026-03-18T15:49:00.231238,0.6534886817109714,2026-03-18T15:49:02.238000,91,,,errors=Solid line crossing
participant_27,4,day,Town10HD_Opt,2026-03-18 15:49:03.045475,106.93284606933594,-16.050437927246094,0.0021852874197065,29.001,-9.1,0.286,0.0,0,0,1,,1.0,2026-03-18T15:49:03.045475,neutral,0.722,2026-03-18T15:49:03.045475,0.6019142499576153,2026-03-18T15:49:03.047000,87,,,
participant_27,4,day,Town10HD_Opt,2026-03-18 15:49:04.041030,109.86679077148438,-21.23373985290528,0.0022964095696806,21.5,-21.598,0.0,0.0,0,0,1,,1.0,2026-03-18T15:49:04.041030,neutral,0.722,2026-03-18T15:49:03.045475,0.5416955537490298,2026-03-18T15:49:04.037000,91,,,
participant_27,4,day,Town10HD_Opt,2026-03-18 15:49:05.043643,109.58197021484376,-25.582338333129883,0.0021450042258948,18.564,-16.769,0.538,0.0,0,0,1,,1.0,2026-03-18T15:49:05.043643,neutral,0.722,2026-03-18T15:49:03.045475,0.4816175633668942,2026-03-18T15:49:05.028000,86,,,
participant_27,4,day,Town10HD_Opt,2026-03-18 15:49:06.049661,107.70136260986328,-30.183061599731445,0.0018684004899114,25.172,0.073,0.621,0.0,0,0,1,,1.0,2026-03-18T15:49:06.049661,angry,0.698,2026-03-18T15:49:06.049661,0.4642144297068107,2026-03-18T15:49:06.062000,86,,,
participant_27,4,day,Town10HD_Opt,2026-03-18 15:49:07.025686,104.8880615234375,-37.1109504699707,0.0015617370372638,42.245,4.926,0.983,0.0,0,0,1,,1.0,2026-03-18T15:49:07.025686,angry,0.698,2026-03-18T15:49:06.049661,0.5481943447132311,2026-03-18T15:49:07.052000,86,,,errors=Solid line crossing
participant_27,4,day,Town10HD_Opt,2026-03-18 15:49:08.003677,102.97567749023438,-48.13256072998047,0.0021485518664121,48.079,2.972,0.786,0.0,0,0,1,,1.0,2026-03-18T15:49:08.003677,angry,0.698,2026-03-18T15:49:06.049661,0.4670087443501656,2026-03-18T15:49:08.222000,86,,,
participant_27,4,day,Town10HD_Opt,2026-03-18 15:49:09.206967,100.56199645996094,-62.04476547241211,0.1532273441553115,45.437,-25.363,0.0,0.0,0,0,1,,1.0,2026-03-18T15:49:09.206967,neutral,0.657,2026-03-18T15:49:09.206967,0.4018111038020524,2026-03-18T15:49:09.033000,87,,,
participant_27,4,day,Town10HD_Opt,2026-03-18 15:49:10.018344,94.73944091796876,-65.29106140136719,0.154711827635765,32.47,-25.325,0.0,0.0,0,0,1,,1.0,2026-03-18T15:49:10.018344,neutral,0.657,2026-03-18T15:49:09.206967,0.3527414073553229,2026-03-18T15:49:10.022000,92,Solid line crossing,Solid line crossing,errors=Solid line crossing
participant_27,4,day,Town10HD_Opt,2026-03-18 15:49:11.156116,88.73749542236328,-63.20426559448242,0.0132995219901204,22.893,-8.78,0.063,0.0,0,0,1,,1.0,2026-03-18T15:49:11.156116,neutral,0.657,2026-03-18T15:49:09.206967,0.4580216037143532,2026-03-18T15:49:11.058000,92,,,
participant_27,4,day,Town10HD_Opt,2026-03-18 15:49:12.020856,85.84683227539062,-61.116477966308594,0.0022396468557417,17.955,19.553,0.0,0.0,0,0,1,,1.0,2026-03-18T15:49:12.020856,neutral,0.487,2026-03-18T15:49:12.020856,0.4079373492589852,2026-03-18T15:49:12.048000,93,,,
participant_27,4,day,Town10HD_Opt,2026-03-18 15:49:13.106627,82.38633728027344,-60.35215377807617,0.0020681379828602,12.686,24.299,0.0,0.0,0,0,1,,1.0,2026-03-18T15:49:13.106627,neutral,0.487,2026-03-18T15:49:12.020856,0.4204693792439833,2026-03-18T15:49:13.037000,90,,,
participant_27,4,day,Town10HD_Opt,2026-03-18 15:49:14.161727,79.59687042236328,-60.87800216674805,0.0019036101875826,12.95,21.317,0.292,0.0,0,0,1,,1.0,2026-03-18T15:49:14.161727,neutral,0.592,2026-03-18T15:49:14.161727,0.5258164195928433,2026-03-18T15:49:14.027000,92,,,errors=Solid line crossing
participant_27,4,day,Town10HD_Opt,2026-03-18 15:49:15.179567,76.20112609863281,-62.34989929199219,0.0019750595092773,19.532,-5.269,0.397,0.0,0,0,1,,1.0,2026-03-18T15:49:15.179567,neutral,0.592,2026-03-18T15:49:14.161727,0.4033163677582195,2026-03-18T15:49:15.063000,88,,,
participant_27,4,day,Town10HD_Opt,2026-03-18 15:49:16.161356,71.06756591796875,-64.12399291992188,0.0015537643339484,32.65,-8.051,1.0,0.0,0,0,1,,1.0,2026-03-18T15:49:16.161356,neutral,0.592,2026-03-18T15:49:14.161727,0.4288984509945242,2026-03-18T15:49:16.097000,89,,,
participant_27,4,day,Town10HD_Opt,2026-03-18 15:49:17.194721,61.58052062988281,-66.20974731445312,0.00158149714116,52.236,-4.15,0.0,0.224,0,0,1,,1.0,2026-03-18T15:49:17.194721,happy,0.99,2026-03-18T15:49:17.194721,0.4490809894689314,2026-03-18T15:49:17.088000,88,,,
participant_27,4,day,Town10HD_Opt,2026-03-18 15:49:17.992860,52.78258514404297,-66.57535552978516,0.0020902252290397,49.349,-4.851,0.745,0.0,0,0,1,,1.0,2026-03-18T15:49:17.992860,happy,0.99,2026-03-18T15:49:17.194721,0.4662980731092994,2026-03-18T15:49:18.032000,86,,,
participant_27,4,day,Town10HD_Opt,2026-03-18 15:49:19.048727,41.256160736083984,-65.08092498779297,0.0020057677756994,50.041,5.692,0.707,0.0,0,0,1,,1.0,2026-03-18T15:49:19.048727,happy,0.99,2026-03-18T15:49:17.194721,0.4305352818063765,2026-03-18T15:49:19.022000,87,,,
participant_27,4,day,Town10HD_Opt,2026-03-18 15:49:20.093479,29.68231201171875,-65.27955627441406,0.0019704054575413,50.784,4.846,0.0,0.0,0,0,1,,1.0,2026-03-18T15:49:20.093479,neutral,0.798,2026-03-18T15:49:20.093479,0.3870929927609979,2026-03-18T15:49:20.057000,85,,,
participant_27,4,day,Town10HD_Opt,2026-03-18 15:49:21.160902,18.75758934020996,-67.88423919677734,0.0022702789865434,43.424,-7.157,0.0,0.0,0,0,1,,1.0,2026-03-18T15:49:21.160902,neutral,0.798,2026-03-18T15:49:20.093479,0.3866291202785905,2026-03-18T15:49:21.050000,87,,,
participant_27,4,day,Town10HD_Opt,2026-03-18 15:49:22.199944,10.190507888793944,-67.93061065673828,0.0023548889439553,30.387,-10.374,0.0,0.0,0,0,1,,1.0,2026-03-18T15:49:22.199944,neutral,0.698,2026-03-18T15:49:22.199944,0.3713912995977058,2026-03-18T15:49:22.037000,84,,,
participant_27,4,day,Town10HD_Opt,2026-03-18 15:49:23.065175,5.628104209899902,-66.67658233642578,0.0022791288793087,23.13,6.059,0.0,0.0,0,0,1,,1.0,2026-03-18T15:49:23.065175,neutral,0.698,2026-03-18T15:49:22.199944,0.3610151004528676,2026-03-18T15:49:23.028000,88,,,
participant_27,4,day,Town10HD_Opt,2026-03-18 15:49:24.102247,1.133245825767517,-65.93792724609375,0.001977882348001,16.465,5.82,0.174,0.0,0,0,1,,1.0,2026-03-18T15:49:24.102247,neutral,0.698,2026-03-18T15:49:22.199944,0.2874444338390367,2026-03-18T15:49:24.062000,90,,,
participant_27,4,day,Town10HD_Opt,2026-03-18 15:49:25.111196,-2.8613719940185547,-65.75801849365234,0.0020637512207031,18.405,3.231,0.59,0.0,0,0,1,,1.0,2026-03-18T15:49:25.111196,happy,0.981,2026-03-18T15:49:25.111196,0.3496204809022319,2026-03-18T15:49:25.052000,91,,,
participant_27,4,day,Town10HD_Opt,2026-03-18 15:49:26.098165,-7.743349552154541,-65.86968231201172,0.0018506239866837,25.059,2.198,0.606,0.0,0,0,1,,1.0,2026-03-18T15:49:26.098165,happy,0.981,2026-03-18T15:49:25.111196,0.3483911606500046,2026-03-18T15:49:26.043000,90,,,
participant_27,4,day,Town10HD_Opt,2026-03-18 15:49:27.107143,-14.39846420288086,-66.4583511352539,0.0018923567840829,31.815,0.637,0.0,0.0,0,0,1,,1.0,2026-03-18T15:49:27.107143,happy,0.981,2026-03-18T15:49:25.111196,0.3452829295888538,2026-03-18T15:49:27.033000,87,,,
participant_27,4,day,Town10HD_Opt,2026-03-18 15:49:28.104716,-20.87956047058105,-67.16455078125,0.0022637557704001,23.07,-2.852,0.0,0.0,0,0,1,,1.0,2026-03-18T15:49:28.104716,happy,0.475,2026-03-18T15:49:28.104716,0.3445294691358391,2026-03-18T15:49:28.023000,88,,,
participant_27,4,day,Town10HD_Opt,2026-03-18 15:49:29.074697,-24.221418380737305,-67.33832550048828,0.002624626038596,0.002,-3.205,0.0,1.0,0,0,1,,1.0,2026-03-18T15:49:29.074697,happy,0.475,2026-03-18T15:49:28.104716,0.3138542953865741,2026-03-18T15:49:29.057000,88,,,
participant_27,4,day,Town10HD_Opt,2026-03-18 15:49:30.090215,-24.22226905822754,-67.33834075927734,0.0019256209488958,0.0,-0.674,0.0,1.0,0,0,1,,1.0,2026-03-18T15:49:30.090215,happy,0.475,2026-03-18T15:49:28.104716,0.4285583955744079,2026-03-18T15:49:30.048000,85,,,
participant_27,4,day,Town10HD_Opt,2026-03-18 15:49:31.106490,-24.22227668762207,-67.33834075927734,0.0019190596649423,0.0,-0.237,0.0,0.0,0,0,1,phone_call,0.926,2026-03-18T15:49:31.106490,fear,0.476,2026-03-18T15:49:31.106490,0.4217387562907495,2026-03-18T15:49:31.038000,87,,,
participant_27,4,day,Town10HD_Opt,2026-03-18 15:49:32.092886,-24.22227668762207,-67.33834075927734,0.0019190596649423,0.0,0.491,0.0,0.0,0,0,1,phone_call,0.966,2026-03-18T15:49:32.092886,fear,0.476,2026-03-18T15:49:31.106490,0.4066988847978566,2026-03-18T15:49:32.027000,89,,,
participant_27,4,day,Town10HD_Opt,2026-03-18 15:49:33.113385,-24.22227668762207,-67.33834075927734,0.0019190596649423,0.0,-0.009,0.0,0.0,0,0,1,,1.0,2026-03-18T15:49:33.113385,neutral,0.808,2026-03-18T15:49:33.113385,0.4285668449416756,2026-03-18T15:49:33.063000,92,,,
participant_27,4,day,Town10HD_Opt,2026-03-18 15:49:34.122711,-24.22227668762207,-67.33834075927734,0.0019190596649423,0.0,0.388,0.0,0.0,0,0,1,,1.0,2026-03-18T15:49:34.122711,neutral,0.808,2026-03-18T15:49:33.113385,0.4029477900392016,2026-03-18T15:49:34.052000,89,,,
participant_27,4,day,Town10HD_Opt,2026-03-18 15:49:35.155218,-24.22140884399414,-67.33830261230469,0.0019187163561582,0.511,0.355,0.716,0.0,0,0,1,,1.0,2026-03-18T15:49:35.155218,happy,0.673,2026-03-18T15:49:35.155218,0.4654375250049074,2026-03-18T15:49:35.087000,89,,,
participant_27,4,day,Town10HD_Opt,2026-03-18 15:49:36.155207,-26.09204864501953,-67.41934204101562,0.0014488601591438,19.095,2.61,1.0,0.0,0,0,1,,1.0,2026-03-18T15:49:36.155207,happy,0.673,2026-03-18T15:49:35.155218,0.3857552592708397,2026-03-18T15:49:36.032000,90,,,errors=Red light violation
participant_27,4,day,Town10HD_Opt,2026-03-18 15:49:37.190027,-32.21480941772461,-68.94136810302734,0.0016149139264598,39.188,23.311,1.0,0.0,0,0,1,,1.0,2026-03-18T15:49:37.190027,fear,0.487,2026-03-18T15:49:37.190027,0.4659642984193166,2026-03-18T15:49:37.068000,89,,,errors=Collision
participant_27,4,day,Town10HD_Opt,2026-03-18 15:49:38.153122,-34.87691879272461,-71.58114624023438,0.0479723364114761,0.988,-15.632,1.0,0.0,0,0,1,,1.0,2026-03-18T15:49:38.153122,fear,0.487,2026-03-18T15:49:37.190027,0.3834488047335152,2026-03-18T15:49:38.193000,91,,,
participant_27,4,day,Town10HD_Opt,2026-03-18 15:49:39.133591,-34.90098190307617,-71.6090087890625,0.0402597784996032,0.027,-25.864,0.0,0.0,0,0,1,phone_call,0.946,2026-03-18T15:49:39.133591,fear,0.487,2026-03-18T15:49:37.190027,0.3822234218162132,2026-03-18T15:49:39.047000,92,,,
participant_27,4,day,Town10HD_Opt,2026-03-18 15:49:40.144583,-34.899070739746094,-71.60680389404297,0.0374307632446289,0.02,3.045,0.0,0.0,0,0,1,,1.0,2026-03-18T15:49:40.144583,fear,0.94,2026-03-18T15:49:40.144583,0.4861021611701094,2026-03-18T15:49:40.037000,91,,,
participant_27,4,day,Town10HD_Opt,2026-03-18 15:49:41.128410,-34.89852523803711,-71.6061782836914,0.0373784638941288,0.0,3.269,0.0,0.0,0,1,-1,,1.0,2026-03-18T15:49:41.128410,fear,0.94,2026-03-18T15:49:40.144583,0.5225280157738971,2026-03-18T15:49:41.072000,94,,,
participant_27,4,day,Town10HD_Opt,2026-03-18 15:49:42.135913,-34.89397430419922,-71.60082244873047,0.0373653396964073,0.142,3.455,0.311,0.0,0,1,-1,,1.0,2026-03-18T15:49:42.135913,fear,0.94,2026-03-18T15:49:40.144583,0.5096277544925016,2026-03-18T15:49:42.063000,91,,,
participant_27,4,day,Town10HD_Opt,2026-03-18 15:49:43.115358,-34.43965148925781,-71.05919647216797,0.0373386368155479,10.786,9.916,0.825,0.0,0,1,-1,,1.0,2026-03-18T15:49:43.115358,neutral,0.423,2026-03-18T15:49:43.115358,0.4676049293846433,2026-03-18T15:49:43.143000,91,,,
participant_27,4,day,Town10HD_Opt,2026-03-18 15:49:44.093792,-31.90597343444824,-68.57959747314453,0.0022142028901726,18.2,13.141,1.0,0.0,0,1,-1,,1.0,2026-03-18T15:49:44.093792,neutral,0.423,2026-03-18T15:49:43.115358,0.522788132501121,2026-03-18T15:49:44.088000,91,,,errors=Vehicle collision
participant_27,4,day,Town10HD_Opt,2026-03-18 15:49:45.087076,-29.073400497436523,-66.40618896484375,0.0099897002801299,2.155,11.45,0.0,0.0,0,0,1,,1.0,2026-03-18T15:49:45.087076,neutral,0.423,2026-03-18T15:49:43.115358,0.5049161448341766,2026-03-18T15:49:45.033000,90,,,errors=Red light violation
participant_27,4,day,Town10HD_Opt,2026-03-18 15:49:46.104123,-32.1976203918457,-67.72561645507812,0.0018346023280173,22.804,-10.394,1.0,0.0,0,0,1,,1.0,2026-03-18T15:49:46.104123,fear,0.621,2026-03-18T15:49:46.104123,0.5370520424833927,2026-03-18T15:49:46.112000,91,,,
participant_27,4,day,Town10HD_Opt,2026-03-18 15:49:47.105229,-37.49542236328125,-69.25618743896484,0.0028260801918804,8.603,-3.492,0.0,0.0,0,1,-1,,1.0,2026-03-18T15:49:47.105229,fear,0.621,2026-03-18T15:49:46.104123,0.4984874536727999,2026-03-18T15:49:47.057000,90,,,
participant_27,4,day,Town10HD_Opt,2026-03-18 15:49:48.061899,-37.7312126159668,-69.30620574951172,0.0019530868157744,0.103,-13.392,0.736,0.0,0,1,-1,,1.0,2026-03-18T15:49:48.061899,fear,0.621,2026-03-18T15:49:46.104123,0.5484373871389522,2026-03-18T15:49:48.048000,90,,,
participant_27,4,day,Town10HD_Opt,2026-03-18 15:49:48.991740,-35.93964767456055,-68.93717956542969,0.0023124313447624,16.544,-20.422,1.0,0.0,0,1,-1,,1.0,2026-03-18T15:49:48.991740,neutral,0.908,2026-03-18T15:49:48.991740,0.5022865999929796,2026-03-18T15:49:49.037000,91,,,
participant_27,4,day,Town10HD_Opt,2026-03-18 15:49:50.172872,-32.28711700439453,-66.9261245727539,0.0016123199602589,6.511,-12.086,0.0,0.0,0,1,-1,,1.0,2026-03-18T15:49:50.172872,neutral,0.908,2026-03-18T15:49:48.991740,0.4749138535646243,2026-03-18T15:49:50.072000,88,,,
participant_27,4,day,Town10HD_Opt,2026-03-18 15:49:51.135989,-31.747812271118164,-66.43515014648438,0.0017869567964226,0.077,-9.365,0.306,0.0,0,0,1,,1.0,2026-03-18T15:49:51.135989,neutral,0.959,2026-03-18T15:49:51.135989,0.4522153391340271,2026-03-18T15:49:51.064000,86,,,
participant_27,4,day,Town10HD_Opt,2026-03-18 15:49:52.079763,-32.67503356933594,-67.23832702636719,0.0014185332693159,15.288,-12.11,1.0,0.0,0,0,1,,1.0,2026-03-18T15:49:52.079763,neutral,0.959,2026-03-18T15:49:51.135989,0.4083774282435519,2026-03-18T15:49:52.053000,84,,,
participant_27,4,day,Town10HD_Opt,2026-03-18 15:49:53.054942,-37.52904891967773,-69.99515533447266,0.0015262603992596,35.136,-12.658,1.0,0.0,0,0,1,,1.0,2026-03-18T15:49:53.054942,neutral,0.959,2026-03-18T15:49:51.135989,0.3733384558129567,2026-03-18T15:49:53.043000,84,,,
participant_27,4,day,Town10HD_Opt,2026-03-18 15:49:54.047225,-47.44109725952149,-70.33645629882812,0.0016627120785415,52.142,-20.733,0.0,0.128,0,0,1,,1.0,2026-03-18T15:49:54.047225,happy,0.998,2026-03-18T15:49:54.047225,0.3923301299073797,2026-03-18T15:49:54.033000,83,,,
participant_27,4,day,Town10HD_Opt,2026-03-18 15:49:55.140989,-54.49483108520508,-62.00674057006836,0.001878967275843,50.973,-22.219,0.0,0.0,0,0,1,,1.0,2026-03-18T15:49:55.140989,happy,0.998,2026-03-18T15:49:54.047225,0.2330143864011037,2026-03-18T15:49:55.158000,78,,,
participant_27,4,day,Town10HD_Opt,2026-03-18 15:49:56.007652,-52.52632141113281,-53.65346908569336,0.0018664931412786,52.125,6.699,0.0,0.162,0,0,1,,1.0,2026-03-18T15:49:56.007652,happy,0.998,2026-03-18T15:49:54.047225,0.1470218812031491,2026-03-18T15:49:56.058000,75,,,
participant_27,4,day,Town10HD_Opt,2026-03-18 15:49:57.154512,-51.08668518066406,-43.64095687866211,0.002615165663883,34.107,33.498,0.0,0.0,0,0,1,,1.0,2026-03-18T15:49:57.154512,sad,0.508,2026-03-18T15:49:57.154512,0.1141035119618478,2026-03-18T15:49:57.048000,76,,,errors=Solid line crossing
participant_27,4,day,Town10HD_Opt,2026-03-18 15:49:58.207493,-56.25555038452149,-40.02812957763672,0.0680936425924301,21.762,11.214,0.0,0.0,0,0,1,,1.0,2026-03-18T15:49:58.207493,sad,0.508,2026-03-18T15:49:57.154512,0.0540239582625606,2026-03-18T15:49:58.037000,79,,,
participant_28,1,day,Town10HD_Opt,2026-03-18 17:00:00.000000,-41.70108413696289,85.50296783447266,0.001855659415014,23.041,1.243,0.445,0.0,0,0,1,,1.0,2026-03-18T17:00:00,neutral,0.999,2026-03-18T17:00:00,0.188541977282265,2026-03-18T17:00:00,91,,,
participant_28,1,day,Town10HD_Opt,2026-03-18 17:00:00.574258,-41.70036697387695,84.14013671875,0.0019131087465211,23.939,1.424,0.853,0.0,0,0,1,,1.0,2026-03-18T17:00:00.574258,neutral,0.999,2026-03-18T17:00:00,0.326456979838122,2026-03-18T17:00:00,90,,,
participant_28,1,day,Town10HD_Opt,2026-03-18 17:00:01.700427,-41.60715103149414,80.9823989868164,0.0017012023599818,30.852,5.749,0.836,0.0,0,0,1,,1.0,2026-03-18T17:00:01.700427,neutral,0.999,2026-03-18T17:00:00,0.318121903204799,2026-03-18T17:00:00.986000,91,,,
participant_28,1,day,Town10HD_Opt,2026-03-18 17:00:02.784631,-40.87826919555664,77.03101348876953,0.0017512129852548,37.509,18.197,0.723,0.0,0,0,1,,1.0,2026-03-18T17:00:02.784631,neutral,0.925,2026-03-18T17:00:02.784631,0.3136760629404838,2026-03-18T17:00:01.976000,93,,,
participant_28,1,day,Town10HD_Opt,2026-03-18 17:00:03.813551,-38.60906219482422,73.04936218261719,0.0018877792172133,41.335,20.32,0.697,0.0,0,0,1,,1.0,2026-03-18T17:00:03.813551,neutral,0.925,2026-03-18T17:00:02.784631,0.3345498720758321,2026-03-18T17:00:03.146000,92,,,
participant_28,1,day,Town10HD_Opt,2026-03-18 17:00:04.859226,-34.63188552856445,70.14814758300781,0.0019613646436482,43.924,21.194,0.683,0.0,0,0,1,,0.837,2026-03-18T17:00:04.859226,neutral,0.963,2026-03-18T17:00:04.859226,0.3094410806247581,2026-03-18T17:00:03.146000,92,,,
participant_28,1,day,Town10HD_Opt,2026-03-18 17:00:05.914779,-29.511425018310547,69.24652862548828,0.0019379042787477,46.345,9.045,0.671,0.0,0,0,1,,1.0,2026-03-18T17:00:05.914779,neutral,0.963,2026-03-18T17:00:04.859226,0.2770662690178445,2026-03-18T17:00:05.937000,98,,,
participant_28,1,day,Town10HD_Opt,2026-03-18 17:00:06.453375,-26.75889015197754,69.41309356689453,0.0018970489036291,48.126,-1.027,0.658,0.0,0,0,1,,1.0,2026-03-18T17:00:06.453375,neutral,0.963,2026-03-18T17:00:04.859226,0.2170694996598047,2026-03-18T17:00:05.937000,98,,,
participant_28,1,day,Town10HD_Opt,2026-03-18 17:00:07.474371,-20.98288345336914,69.81639862060547,0.0019129562424495,50.761,-1.73,0.0,0.0,0,0,1,,1.0,2026-03-18T17:00:07.474371,neutral,0.999,2026-03-18T17:00:07.474371,0.312166468418624,2026-03-18T17:00:06.971000,99,,,
participant_28,1,day,Town10HD_Opt,2026-03-18 17:00:08.488246,-15.216815948486328,69.97518157958984,0.0020562743302434,49.275,-0.207,0.624,0.0,0,0,1,,1.0,2026-03-18T17:00:08.488246,neutral,0.999,2026-03-18T17:00:07.474371,0.2516853746509834,2026-03-18T17:00:07.961000,97,,,
participant_28,1,day,Town10HD_Opt,2026-03-18 17:00:09.524184,-9.36151123046875,70.0552749633789,0.0020129012409597,49.892,-0.421,0.571,0.0,0,0,1,,1.0,2026-03-18T17:00:09.524184,neutral,0.999,2026-03-18T17:00:09.524184,0.2518103473817791,2026-03-18T17:00:08.951000,96,,,
participant_28,1,day,Town10HD_Opt,2026-03-18 17:00:10.523757,-3.6591334342956543,70.07508087158203,0.0021002579014748,48.328,-0.691,0.443,0.0,0,0,1,,1.0,2026-03-18T17:00:10.523757,neutral,0.999,2026-03-18T17:00:09.524184,0.2757375847898169,2026-03-18T17:00:09.942000,97,,,
participant_28,1,day,Town10HD_Opt,2026-03-18 17:00:11.571022,1.7722762823104858,70.01555633544922,0.0022993087768554,43.584,-0.585,0.0,0.0,0,0,1,,1.0,2026-03-18T17:00:11.571022,neutral,0.998,2026-03-18T17:00:11.571022,0.3304302893371391,2026-03-18T17:00:10.932000,97,,,
participant_28,1,day,Town10HD_Opt,2026-03-18 17:00:12.624523,6.441318988800049,69.91429901123047,0.0023645400069653,36.759,0.397,0.0,0.0,0,0,1,,1.0,2026-03-18T17:00:12.624523,neutral,0.998,2026-03-18T17:00:11.571022,0.2748436253364048,2026-03-18T17:00:12.011000,98,,,
participant_28,1,day,Town10HD_Opt,2026-03-18 17:00:13.639422,10.37876796722412,69.85006713867188,0.00232311245054,31.009,0.508,0.0,0.0,0,0,1,,1.0,2026-03-18T17:00:13.639422,neutral,0.999,2026-03-18T17:00:13.639422,0.2531289648251464,2026-03-18T17:00:13.001000,97,,,
participant_28,1,day,Town10HD_Opt,2026-03-18 17:00:14.692055,13.689568519592283,69.82850646972656,0.0022892379201948,25.573,0.573,0.0,0.0,0,0,1,,1.0,2026-03-18T17:00:14.692055,neutral,0.999,2026-03-18T17:00:13.639422,0.2945727660073886,2026-03-18T17:00:14.037000,97,,,
participant_28,1,day,Town10HD_Opt,2026-03-18 17:00:15.743266,16.4766845703125,69.83666229248047,0.0021776198409497,22.865,0.573,0.787,0.0,0,0,1,,1.0,2026-03-18T17:00:15.743266,neutral,1.0,2026-03-18T17:00:15.743266,0.2004252950909327,2026-03-18T17:00:14.937000,98,,,
participant_28,1,day,Town10HD_Opt,2026-03-18 17:00:16.791139,19.40836334228516,69.87088012695312,0.0018239211058244,27.752,0.562,0.671,0.0,0,0,1,,1.0,2026-03-18T17:00:16.791139,neutral,1.0,2026-03-18T17:00:15.743266,0.2769054947365768,2026-03-18T17:00:15.972000,96,,,
participant_28,1,day,Town10HD_Opt,2026-03-18 17:00:17.826695,22.92721176147461,69.9403076171875,0.0018316268688067,32.203,-0.181,0.581,0.0,0,0,1,,1.0,2026-03-18T17:00:17.826695,neutral,1.0,2026-03-18T17:00:17.826695,0.3645509058700256,2026-03-18T17:00:17.006000,92,,,
participant_28,1,day,Town10HD_Opt,2026-03-18 17:00:18.886424,26.86431884765625,69.8733901977539,0.0019056319724768,35.049,-8.811,0.545,0.0,0,0,1,,1.0,2026-03-18T17:00:18.886424,neutral,1.0,2026-03-18T17:00:17.826695,0.2722285340166305,2026-03-18T17:00:17.952000,96,,,errors=Stop sign violation
participant_28,1,day,Town10HD_Opt,2026-03-18 17:00:19.961637,30.937833786010746,69.12876892089844,0.0020989226177334,34.423,-6.912,0.444,0.0,0,0,1,,1.0,2026-03-18T17:00:19.961637,neutral,1.0,2026-03-18T17:00:19.961637,0.372764663458496,2026-03-18T17:00:19.976000,94,,,
participant_28,1,day,Town10HD_Opt,2026-03-18 17:00:20.492059,32.841529846191406,68.52000427246094,0.0020913695916533,34.529,-4.704,0.849,0.0,0,0,1,,1.0,2026-03-18T17:00:20.492059,neutral,1.0,2026-03-18T17:00:19.961637,0.3865915427489746,2026-03-18T17:00:19.976000,95,,,
participant_28,1,day,Town10HD_Opt,2026-03-18 17:00:21.550660,36.92993927001953,66.88093566894531,0.0017407607519999,41.22,-8.556,0.827,0.0,0,0,1,,1.0,2026-03-18T17:00:21.550660,neutral,1.0,2026-03-18T17:00:19.961637,0.374337284629019,2026-03-18T17:00:20.966000,95,,,
participant_28,1,day,Town10HD_Opt,2026-03-18 17:00:22.648117,41.13564682006836,64.01815795898438,0.0018194197909906,46.374,-18.237,0.764,0.0,0,0,1,,1.0,2026-03-18T17:00:22.648117,neutral,1.0,2026-03-18T17:00:22.648117,0.4227528354545649,2026-03-18T17:00:22.048000,89,,,
participant_28,1,day,Town10HD_Opt,2026-03-18 17:00:23.741057,44.2231330871582,59.40866470336914,0.0019107054686173,49.04,-12.92,0.106,0.0,0,0,1,,1.0,2026-03-18T17:00:23.741057,neutral,1.0,2026-03-18T17:00:22.648117,0.4567114722996327,2026-03-18T17:00:23.036000,93,,,
participant_28,1,day,Town10HD_Opt,2026-03-18 17:00:24.833096,45.68098068237305,54.16432571411133,0.0023197936825454,42.859,-6.075,0.0,0.0,0,0,1,,1.0,2026-03-18T17:00:24.833096,neutral,1.0,2026-03-18T17:00:24.833096,0.5420903972595332,2026-03-18T17:00:23.937000,92,,,
participant_28,1,day,Town10HD_Opt,2026-03-18 17:00:25.892996,46.01784896850586,49.54199981689453,0.0023859404027462,35.93,-7.244,0.0,0.0,0,0,1,,1.0,2026-03-18T17:00:25.892996,neutral,1.0,2026-03-18T17:00:24.833096,0.5910696432327935,2026-03-18T17:00:25.962000,95,,,
participant_28,1,day,Town10HD_Opt,2026-03-18 17:00:26.459705,45.919769287109375,47.51018142700195,0.0023537063971161,33.501,-3.101,0.221,0.0,0,0,1,,1.0,2026-03-18T17:00:26.459705,neutral,1.0,2026-03-18T17:00:24.833096,0.5758688130714066,2026-03-18T17:00:25.962000,96,,,
participant_28,1,day,Town10HD_Opt,2026-03-18 17:00:27.546980,45.59562301635742,43.76133346557617,0.002114257775247,32.003,0.804,0.674,0.0,0,0,1,,1.0,2026-03-18T17:00:27.546980,neutral,0.996,2026-03-18T17:00:27.546980,0.5738852545661528,2026-03-18T17:00:26.951000,92,,,
participant_28,1,day,Town10HD_Opt,2026-03-18 17:00:28.655236,45.31605911254883,39.86233139038086,0.0018533325055614,35.802,4.077,0.733,0.0,0,0,1,,1.0,2026-03-18T17:00:28.655236,neutral,0.996,2026-03-18T17:00:27.546980,0.5545301892500784,2026-03-18T17:00:27.942000,92,,,
participant_28,1,day,Town10HD_Opt,2026-03-18 17:00:29.780674,45.42789459228516,35.38196563720703,0.0018360899994149,40.484,17.876,0.41,0.0,0,0,1,,1.0,2026-03-18T17:00:29.780674,neutral,0.93,2026-03-18T17:00:29.780674,0.616597273965398,2026-03-18T17:00:29.021000,94,,,
participant_28,1,day,Town10HD_Opt,2026-03-18 17:00:30.860229,47.02762222290039,31.125600814819336,0.0022322081495076,37.325,26.584,0.143,0.0,0,0,1,,1.0,2026-03-18T17:00:30.860229,neutral,0.93,2026-03-18T17:00:29.780674,0.6407416991104,2026-03-18T17:00:29.967000,94,,,
participant_28,1,day,Town10HD_Opt,2026-03-18 17:00:31.454310,48.46472930908203,29.56287002563477,0.0023020170629024,35.398,17.172,0.0,0.0,0,0,1,,1.0,2026-03-18T17:00:31.454310,neutral,0.93,2026-03-18T17:00:29.780674,0.6095034306883286,2026-03-18T17:00:30.963000,93,,,
participant_28,1,day,Town10HD_Opt,2026-03-18 17:00:32.511518,51.589168548583984,27.41317749023437,0.0023381423670798,29.438,10.235,0.0,0.0,0,0,1,,1.0,2026-03-18T17:00:32.511518,neutral,0.987,2026-03-18T17:00:32.511518,0.5390854168974908,2026-03-18T17:00:31.991000,95,,,
participant_28,1,day,Town10HD_Opt,2026-03-18 17:00:33.582736,54.49061965942383,26.18531608581543,0.002335128840059,24.313,10.749,0.0,0.238,0,0,1,,1.0,2026-03-18T17:00:33.582736,neutral,0.987,2026-03-18T17:00:32.511518,0.5528600129720914,2026-03-18T17:00:32.937000,91,,,
participant_28,1,day,Town10HD_Opt,2026-03-18 17:00:34.619745,56.94110107421875,25.6169548034668,0.0023125456646084,19.052,11.994,0.0,0.351,0,0,1,,1.0,2026-03-18T17:00:34.619745,neutral,0.972,2026-03-18T17:00:34.619745,0.5943341003721879,2026-03-18T17:00:33.972000,93,,,
participant_28,1,day,Town10HD_Opt,2026-03-18 17:00:35.716480,57.63311767578125,25.52141571044922,0.0025178145151585,0.002,3.773,0.0,0.492,0,0,1,,1.0,2026-03-18T17:00:35.716480,neutral,0.972,2026-03-18T17:00:34.619745,0.6196352586400526,2026-03-18T17:00:34.961000,91,,,
participant_28,1,day,Town10HD_Opt,2026-03-18 17:00:36.779285,57.6337776184082,25.521329879760746,0.0019771575462073,0.0,0.813,0.0,0.113,0,0,1,,1.0,2026-03-18T17:00:36.779285,sad,0.982,2026-03-18T17:00:36.779285,0.5931934518021046,2026-03-18T17:00:35.953000,92,,,
participant_28,1,day,Town10HD_Opt,2026-03-18 17:00:37.814801,57.63404846191406,25.52129364013672,0.0019251251360401,0.0,0.987,0.0,0.0,0,0,1,,1.0,2026-03-18T17:00:37.814801,sad,0.982,2026-03-18T17:00:36.779285,0.497410362076563,2026-03-18T17:00:37.121000,93,,,
participant_28,1,day,Town10HD_Opt,2026-03-18 17:00:38.901042,57.634315490722656,25.521249771118164,0.0019200897077098,0.006,1.358,0.0,0.0,0,0,1,,1.0,2026-03-18T17:00:38.901042,neutral,0.99,2026-03-18T17:00:38.901042,0.5886652086660628,2026-03-18T17:00:38.966000,94,,,
participant_28,1,day,Town10HD_Opt,2026-03-18 17:00:39.434031,57.63419723510742,25.521249771118164,0.0019193267216905,0.005,1.556,0.0,0.0,0,0,1,,1.0,2026-03-18T17:00:39.434031,neutral,0.99,2026-03-18T17:00:38.901042,0.6371600039120752,2026-03-18T17:00:38.966000,92,,,
participant_28,1,day,Town10HD_Opt,2026-03-18 17:00:40.499256,57.63438415527344,25.521249771118164,0.001919021597132,0.001,1.622,0.0,0.0,0,0,1,,1.0,2026-03-18T17:00:40.499256,neutral,0.99,2026-03-18T17:00:38.901042,0.5770110775456058,2026-03-18T17:00:39.957000,93,,,
participant_28,1,day,Town10HD_Opt,2026-03-18 17:00:41.524060,57.63429641723633,25.521249771118164,0.0019191360333934,0.005,1.622,0.0,0.0,0,0,1,,1.0,2026-03-18T17:00:41.524060,sad,0.893,2026-03-18T17:00:41.524060,0.6278248236653889,2026-03-18T17:00:41.081000,96,,,
participant_28,1,day,Town10HD_Opt,2026-03-18 17:00:42.510426,57.63450241088867,25.521249771118164,0.0019190978491678,0.001,1.596,0.0,0.0,0,0,1,,1.0,2026-03-18T17:00:42.510426,sad,0.893,2026-03-18T17:00:41.524060,0.5744188926614144,2026-03-18T17:00:41.981000,95,,,
participant_28,1,day,Town10HD_Opt,2026-03-18 17:00:43.480563,57.63439178466797,25.521249771118164,0.001919021597132,0.005,1.596,0.0,0.0,0,0,1,,1.0,2026-03-18T17:00:43.480563,sad,0.893,2026-03-18T17:00:41.524060,0.5316385568801907,2026-03-18T17:00:43.017000,95,,,
participant_28,1,day,Town10HD_Opt,2026-03-18 17:00:44.481990,57.63461685180664,25.52124786376953,0.0019191741012036,0.001,1.593,0.0,0.0,0,0,1,,1.0,2026-03-18T17:00:44.481990,neutral,0.982,2026-03-18T17:00:44.481990,0.6169927485545738,2026-03-18T17:00:44.097000,92,,,
participant_28,1,day,Town10HD_Opt,2026-03-18 17:00:45.457822,57.63449096679688,25.521249771118164,0.0019191360333934,0.005,1.57,0.0,0.0,0,0,1,reach_back,0.841,2026-03-18T17:00:45.457822,neutral,0.982,2026-03-18T17:00:44.481990,0.6257491153502721,2026-03-18T17:00:45.086000,92,,,
participant_28,1,day,Town10HD_Opt,2026-03-18 17:00:46.467589,57.63473510742188,25.521203994750977,0.0019190596649423,0.001,0.926,0.0,0.0,0,0,1,,1.0,2026-03-18T17:00:46.467589,neutral,0.982,2026-03-18T17:00:44.481990,0.6852242500661622,2026-03-18T17:00:45.942000,91,,,
participant_28,1,day,Town10HD_Opt,2026-03-18 17:00:47.424369,57.63459777832031,25.52121925354004,0.0019190596649423,0.005,0.926,0.0,0.0,0,0,1,,1.0,2026-03-18T17:00:47.424369,angry,0.619,2026-03-18T17:00:47.424369,0.712240794660708,2026-03-18T17:00:46.931000,94,,,
participant_28,1,day,Town10HD_Opt,2026-03-18 17:00:48.428329,57.63486099243164,25.52117156982422,0.001919021597132,0.001,0.879,0.0,0.0,0,0,1,,1.0,2026-03-18T17:00:48.428329,angry,0.619,2026-03-18T17:00:47.424369,0.7295336839920858,2026-03-18T17:00:47.967000,94,,,
participant_28,1,day,Town10HD_Opt,2026-03-18 17:00:49.425371,57.63470458984375,25.521196365356445,0.001919021597132,0.004,0.86,0.0,0.0,0,0,1,,1.0,2026-03-18T17:00:49.425371,angry,1.0,2026-03-18T17:00:49.425371,0.5846209369499807,2026-03-18T17:00:48.957000,93,Solid line crossing,Solid line crossing,
participant_28,1,day,Town10HD_Opt,2026-03-18 17:00:50.447644,57.63498306274414,25.52114486694336,0.0019190596649423,0.001,0.86,0.0,0.0,0,0,1,,1.0,2026-03-18T17:00:50.447644,angry,1.0,2026-03-18T17:00:49.425371,0.6971642441809994,2026-03-18T17:00:50.083000,93,Solid line crossing,Solid line crossing,
participant_28,1,day,Town10HD_Opt,2026-03-18 17:00:51.448177,57.63481140136719,25.52117156982422,0.0019190978491678,0.005,0.86,0.0,0.0,0,0,1,,1.0,2026-03-18T17:00:51.448177,angry,0.994,2026-03-18T17:00:51.448177,0.6631439258910643,2026-03-18T17:00:51.072000,97,,,
participant_28,1,day,Town10HD_Opt,2026-03-18 17:00:52.443911,57.63510513305664,25.5211181640625,0.0019190978491678,0.001,0.851,0.0,0.0,0,0,1,,1.0,2026-03-18T17:00:52.443911,angry,0.994,2026-03-18T17:00:51.448177,0.6143644029518279,2026-03-18T17:00:51.973000,97,,,
participant_28,1,day,Town10HD_Opt,2026-03-18 17:00:53.431577,57.63492202758789,25.52114486694336,0.0019191741012036,0.004,0.844,0.0,0.0,0,0,1,,1.0,2026-03-18T17:00:53.431577,angry,0.994,2026-03-18T17:00:51.448177,0.6580759366064677,2026-03-18T17:00:53.006000,96,,,
participant_28,1,day,Town10HD_Opt,2026-03-18 17:00:54.428614,57.63522720336914,25.52109146118164,0.0019190596649423,0.007,0.844,0.0,0.0,0,0,1,,1.0,2026-03-18T17:00:54.428614,angry,0.835,2026-03-18T17:00:54.428614,0.7303848831115759,2026-03-18T17:00:54.042000,94,,,
participant_28,1,day,Town10HD_Opt,2026-03-18 17:00:55.486072,57.63502883911133,25.52112197875977,0.0019190596649423,0.004,0.844,0.0,0.0,0,0,1,,1.0,2026-03-18T17:00:55.486072,angry,0.835,2026-03-18T17:00:54.428614,0.6334186256016352,2026-03-18T17:00:55.077000,92,,,
participant_28,1,day,Town10HD_Opt,2026-03-18 17:00:56.487721,57.63534927368164,25.52106666564941,0.0019191741012036,0.006,0.844,0.0,0.0,0,0,1,,1.0,2026-03-18T17:00:56.487721,angry,0.998,2026-03-18T17:00:56.487721,0.6603872776307177,2026-03-18T17:00:56.112000,92,,,
participant_28,1,day,Town10HD_Opt,2026-03-18 17:00:57.558285,57.63514709472656,25.521100997924805,0.0019190596649423,0.0,0.844,0.0,0.0,0,0,1,,1.0,2026-03-18T17:00:57.558285,angry,0.998,2026-03-18T17:00:56.487721,0.6896040438267602,2026-03-18T17:00:56.967000,94,,,
participant_28,1,day,Town10HD_Opt,2026-03-18 17:00:58.602828,57.63544845581055,25.52104759216309,0.001919288537465,0.007,0.834,0.0,0.0,0,0,1,,1.0,2026-03-18T17:00:58.602828,angry,0.996,2026-03-18T17:00:58.602828,0.6540128874950655,2026-03-18T17:00:58.046000,92,,,
participant_28,1,day,Town10HD_Opt,2026-03-18 17:00:59.578447,57.63527297973633,25.52107620239257,0.0019189452286809,0.0,0.832,0.0,0.0,0,0,1,,1.0,2026-03-18T17:00:59.578447,angry,0.996,2026-03-18T17:00:58.602828,0.6584817140510342,2026-03-18T17:00:59.037000,92,,,
participant_28,1,day,Town10HD_Opt,2026-03-18 17:01:00.563831,57.63554382324219,25.521026611328125,0.0019194030901417,0.006,0.818,0.0,0.0,0,0,1,,1.0,2026-03-18T17:01:00.563831,angry,0.996,2026-03-18T17:00:58.602828,0.680156428913231,2026-03-18T17:01:00.027000,93,,,
participant_28,1,day,Town10HD_Opt,2026-03-18 17:01:01.589489,57.63677978515625,25.52084922790528,0.0019162750104442,0.123,0.808,0.0,0.0,0,0,1,,1.0,2026-03-18T17:01:01.589489,angry,0.981,2026-03-18T17:01:01.589489,0.6824112605226226,2026-03-18T17:01:00.973000,89,,,
participant_28,1,day,Town10HD_Opt,2026-03-18 17:01:02.618997,57.6567611694336,25.51781463623047,0.001921119634062,0.006,0.806,0.0,0.0,0,0,1,,1.0,2026-03-18T17:01:02.618997,angry,0.981,2026-03-18T17:01:01.589489,0.6438093064326519,2026-03-18T17:01:01.962000,92,,,
participant_28,1,day,Town10HD_Opt,2026-03-18 17:01:03.599910,57.69499206542969,25.51198959350586,0.0019158172653988,0.344,0.672,0.0,0.0,0,0,1,,1.0,2026-03-18T17:01:03.599910,angry,0.879,2026-03-18T17:01:03.599910,0.654006760816364,2026-03-18T17:01:02.997000,93,,,
participant_28,1,day,Town10HD_Opt,2026-03-18 17:01:04.586917,57.72349166870117,25.507551193237305,0.0019291305216029,0.004,0.277,0.069,0.0,0,0,1,,1.0,2026-03-18T17:01:04.586917,angry,0.879,2026-03-18T17:01:03.599910,0.6677944377356606,2026-03-18T17:01:03.987000,87,,,
participant_28,1,day,Town10HD_Opt,2026-03-18 17:01:05.607244,57.74146270751953,25.504812240600582,0.0019070815760642,0.679,0.268,0.447,0.0,0,0,1,,1.0,2026-03-18T17:01:05.607244,angry,0.985,2026-03-18T17:01:05.607244,0.5695941132770973,2026-03-18T17:01:05.067000,89,,,
participant_28,1,day,Town10HD_Opt,2026-03-18 17:01:06.602874,57.96544647216797,25.469438552856445,0.0018080138834193,2.965,-0.36,0.008,0.0,0,0,1,,1.0,2026-03-18T17:01:06.602874,angry,0.985,2026-03-18T17:01:05.607244,0.5613720237992041,2026-03-18T17:01:06.102000,88,,,
participant_28,1,day,Town10HD_Opt,2026-03-18 17:01:07.640472,58.35375213623047,25.40606117248535,0.0019140243530273,3.252,-0.587,0.0,0.0,0,0,1,,1.0,2026-03-18T17:01:07.640472,angry,0.992,2026-03-18T17:01:07.640472,0.6125773570568104,2026-03-18T17:01:07.452000,88,,,
participant_28,1,day,Town10HD_Opt,2026-03-18 17:01:08.599931,58.6970329284668,25.34938240051269,0.0019418715965002,2.731,-0.597,0.0,0.0,0,0,1,,1.0,2026-03-18T17:01:08.599931,angry,0.992,2026-03-18T17:01:07.640472,0.6320714983952739,2026-03-18T17:01:08.127000,90,,,
participant_28,1,day,Town10HD_Opt,2026-03-18 17:01:09.593622,58.98487091064453,25.301498413085938,0.0019406508654356,2.289,-0.606,0.0,0.0,0,0,1,,1.0,2026-03-18T17:01:09.593622,angry,0.992,2026-03-18T17:01:07.640472,0.6230069649621519,2026-03-18T17:01:08.938000,92,,,
participant_28,1,day,Town10HD_Opt,2026-03-18 17:01:10.609345,59.22614288330078,25.261117935180664,0.0019374083494767,1.919,-0.613,0.0,0.0,0,0,1,,0.832,2026-03-18T17:01:10.609345,angry,0.893,2026-03-18T17:01:10.609345,0.637771897717885,2026-03-18T17:01:10.376000,90,,,
participant_28,1,day,Town10HD_Opt,2026-03-18 17:01:11.682677,59.4241828918457,25.22777938842773,0.0019470977131277,1.402,-0.663,0.106,0.0,0,0,1,,1.0,2026-03-18T17:01:11.682677,angry,0.893,2026-03-18T17:01:10.609345,0.6081347741122058,2026-03-18T17:01:10.962000,89,,,
participant_28,1,day,Town10HD_Opt,2026-03-18 17:01:12.737615,59.565677642822266,25.2037353515625,0.0019251251360401,1.336,-0.691,0.064,0.0,0,0,1,,1.0,2026-03-18T17:01:12.737615,angry,0.744,2026-03-18T17:01:12.737615,0.6424700306979636,2026-03-18T17:01:12.042000,90,,,
participant_28,1,day,Town10HD_Opt,2026-03-18 17:01:13.787818,59.70506286621094,25.180036544799805,0.0019162368262186,1.368,-0.691,0.064,0.0,0,0,1,,0.892,2026-03-18T17:01:13.787818,angry,0.744,2026-03-18T17:01:12.737615,0.6620920598044286,2026-03-18T17:01:13.077000,89,,,
participant_28,1,day,Town10HD_Opt,2026-03-18 17:01:14.845916,59.84809112548828,25.15562629699707,0.001915855333209,1.399,-0.698,0.064,0.0,0,0,1,,1.0,2026-03-18T17:01:14.845916,angry,0.998,2026-03-18T17:01:14.845916,0.7162890327217275,2026-03-18T17:01:13.933000,88,,,
participant_28,1,day,Town10HD_Opt,2026-03-18 17:01:15.906914,59.99380111694336,25.130661010742188,0.0019176101777702,1.396,-0.571,0.054,0.0,0,0,1,,1.0,2026-03-18T17:01:15.906914,angry,0.998,2026-03-18T17:01:14.845916,0.7119396532163329,2026-03-18T17:01:15.956000,89,,,
participant_28,1,day,Town10HD_Opt,2026-03-18 17:01:16.478254,60.064247131347656,25.11865234375,0.0019209670135751,1.341,-0.489,0.046,0.0,0,0,1,,1.0,2026-03-18T17:01:16.478254,angry,0.998,2026-03-18T17:01:14.845916,0.6801847179899038,2026-03-18T17:01:15.956000,87,,,
participant_28,1,day,Town10HD_Opt,2026-03-18 17:01:17.546453,60.19181060791016,25.0977725982666,0.0019246292067691,1.175,-0.172,0.051,0.0,0,0,1,,1.0,2026-03-18T17:01:17.546453,angry,0.982,2026-03-18T17:01:17.546453,0.7225188982678495,2026-03-18T17:01:17.082000,86,,,
participant_28,1,day,Town10HD_Opt,2026-03-18 17:01:18.570563,60.3200569152832,25.076244354248047,0.0018943785689771,1.396,-0.345,0.0,0.0,0,0,1,,0.849,2026-03-18T17:01:18.570563,angry,0.982,2026-03-18T17:01:17.546453,0.6981451489274724,2026-03-18T17:01:17.937000,90,,,
participant_28,1,day,Town10HD_Opt,2026-03-18 17:01:19.578415,60.47220993041992,25.05052757263184,0.0019251251360401,1.225,-0.336,0.0,0.0,0,0,1,,1.0,2026-03-18T17:01:19.578415,angry,0.998,2026-03-18T17:01:19.578415,0.6300525244976818,2026-03-18T17:01:18.972000,89,,,
participant_28,1,day,Town10HD_Opt,2026-03-18 17:01:20.604303,60.58370971679688,25.031641006469727,0.0019274902297183,0.798,-0.465,0.074,0.0,0,0,1,,0.837,2026-03-18T17:01:20.604303,angry,0.998,2026-03-18T17:01:19.578415,0.6272179481551194,2026-03-18T17:01:19.962000,89,,,
participant_28,1,day,Town10HD_Opt,2026-03-18 17:01:21.628507,60.70343017578125,25.01112174987793,0.0019129943102598,1.003,-0.477,0.073,0.0,0,0,1,,1.0,2026-03-18T17:01:21.628507,angry,0.998,2026-03-18T17:01:21.628507,0.6328448392912651,2026-03-18T17:01:20.952000,90,,,
participant_28,1,day,Town10HD_Opt,2026-03-18 17:01:22.686855,60.84215545654297,24.98740196228028,0.0019130324944853,1.146,-0.545,0.073,0.0,0,0,1,,1.0,2026-03-18T17:01:22.686855,angry,0.998,2026-03-18T17:01:21.628507,0.7203723559914557,2026-03-18T17:01:21.942000,90,,,
participant_28,1,day,Town10HD_Opt,2026-03-18 17:01:23.728813,60.998779296875,24.96150779724121,0.001912918058224,1.317,0.757,0.085,0.0,0,0,1,,1.0,2026-03-18T17:01:23.728813,angry,0.949,2026-03-18T17:01:23.728813,0.6528841551939197,2026-03-18T17:01:22.935000,92,,,
participant_28,1,day,Town10HD_Opt,2026-03-18 17:01:24.749498,61.18717575073242,24.93052101135254,0.0018878936534747,2.111,-0.538,0.212,0.0,0,0,1,,1.0,2026-03-18T17:01:24.749498,angry,0.949,2026-03-18T17:01:23.728813,0.598784944741036,2026-03-18T17:01:23.971000,90,,,
participant_28,1,day,Town10HD_Opt,2026-03-18 17:01:25.790328,61.50201416015625,24.875640869140625,0.0018407821189612,3.68,-0.83,0.213,0.0,0,0,1,,1.0,2026-03-18T17:01:25.790328,angry,0.99,2026-03-18T17:01:25.790328,0.6731008341555069,2026-03-18T17:01:24.957000,86,,,
participant_28,1,day,Town10HD_Opt,2026-03-18 17:01:26.847251,61.985984802246094,24.79067611694336,0.0018674849998205,4.751,-0.275,0.167,0.0,0,0,1,,1.0,2026-03-18T17:01:26.847251,angry,0.99,2026-03-18T17:01:25.790328,0.6043148789434174,2026-03-18T17:01:25.947000,88,,,
participant_28,1,day,Town10HD_Opt,2026-03-18 17:01:27.934127,62.56344604492188,24.700746536254883,0.0018824386643245,5.5,2.727,0.166,0.0,0,0,1,,1.0,2026-03-18T17:01:27.934127,angry,0.809,2026-03-18T17:01:27.934127,0.6740161906375196,2026-03-18T17:01:26.992000,87,,,
participant_28,1,day,Town10HD_Opt,2026-03-18 17:01:28.505381,62.88180541992188,24.65567970275879,0.0018854141235351,5.814,2.715,0.166,0.0,0,0,1,,1.0,2026-03-18T17:01:28.505381,angry,0.809,2026-03-18T17:01:27.934127,0.6511190970475877,2026-03-18T17:01:26.992000,87,,,
participant_28,1,day,Town10HD_Opt,2026-03-18 17:01:29.555331,63.57188034057617,24.56338882446289,0.0018891524523496,6.343,2.723,0.166,0.0,0,0,1,,1.0,2026-03-18T17:01:29.555331,angry,0.809,2026-03-18T17:01:27.934127,0.5883628043246073,2026-03-18T17:01:28.963000,88,,,errors=Solid line crossing
participant_28,1,day,Town10HD_Opt,2026-03-18 17:01:30.564602,64.32672882080078,24.469371795654297,0.0018923567840829,6.901,2.407,0.166,0.0,0,0,1,,1.0,2026-03-18T17:01:30.564602,angry,0.941,2026-03-18T17:01:30.564602,0.640260744841637,2026-03-18T17:01:28.963000,90,,,
participant_28,1,day,Town10HD_Opt,2026-03-18 17:01:31.606163,65.138916015625,24.38036727905273,0.0018999481108039,7.162,3.54,0.0,0.0,0,0,1,,1.0,2026-03-18T17:01:31.606163,angry,0.941,2026-03-18T17:01:30.564602,0.5803210155567374,2026-03-18T17:01:31.167000,89,,,
participant_28,1,day,Town10HD_Opt,2026-03-18 17:01:32.663242,65.91448211669922,24.31167984008789,0.0019643402192741,6.147,3.73,0.0,0.016,0,0,1,,0.873,2026-03-18T17:01:32.663242,angry,0.833,2026-03-18T17:01:32.663242,0.7242972593325795,2026-03-18T17:01:32.293000,91,,,
participant_28,1,day,Town10HD_Opt,2026-03-18 17:01:33.680249,66.22884368896484,24.286495208740234,0.0021842955611646,0.001,3.813,0.0,0.03,0,0,1,,0.884,2026-03-18T17:01:33.680249,angry,0.833,2026-03-18T17:01:32.663242,0.7503026279168219,2026-03-18T17:01:33.148000,93,,,
participant_28,1,day,Town10HD_Opt,2026-03-18 17:01:34.682705,66.23859405517578,24.285858154296875,0.0019371032249182,0.123,3.921,0.0,0.0,0,0,1,,0.852,2026-03-18T17:01:34.682705,angry,0.985,2026-03-18T17:01:34.682705,0.6952678804843985,2026-03-18T17:01:33.957000,93,,,
participant_28,1,day,Town10HD_Opt,2026-03-18 17:01:35.681901,66.25159454345703,24.28497314453125,0.0019213104387745,0.106,3.867,0.0,0.0,0,0,1,,1.0,2026-03-18T17:01:35.681901,angry,0.985,2026-03-18T17:01:34.682705,0.6218002209160813,2026-03-18T17:01:34.946000,94,,,
participant_28,1,day,Town10HD_Opt,2026-03-18 17:01:36.686458,66.26251983642578,24.284223556518555,0.0019199752714484,0.09,3.844,0.0,0.0,0,0,1,,1.0,2026-03-18T17:01:36.686458,neutral,0.938,2026-03-18T17:01:36.686458,0.617064656940747,2026-03-18T17:01:35.983000,92,,,
participant_28,1,day,Town10HD_Opt,2026-03-18 17:01:37.676985,66.27168273925781,24.28359031677246,0.0019197463989257,0.076,3.844,0.0,0.0,0,0,1,,1.0,2026-03-18T17:01:37.676985,neutral,0.938,2026-03-18T17:01:36.686458,0.6879900454102678,2026-03-18T17:01:37.063000,91,,,
participant_28,1,day,Town10HD_Opt,2026-03-18 17:01:38.696058,66.27936553955078,24.283048629760746,0.0019195555942133,0.063,2.694,0.0,0.0,0,0,1,,1.0,2026-03-18T17:01:38.696058,neutral,0.998,2026-03-18T17:01:38.696058,0.7026202917173983,2026-03-18T17:01:37.063000,89,,,
participant_28,1,day,Town10HD_Opt,2026-03-18 17:01:39.748356,66.28581237792969,24.282508850097656,0.0019195555942133,0.054,1.68,0.0,0.0,0,0,1,,1.0,2026-03-18T17:01:39.748356,neutral,0.998,2026-03-18T17:01:38.696058,0.6651262454097785,2026-03-18T17:01:39.088000,90,,,
participant_28,1,day,Town10HD_Opt,2026-03-18 17:01:40.788084,66.29120635986328,24.282026290893555,0.0019193649059161,0.045,1.189,0.0,0.0,0,0,1,,1.0,2026-03-18T17:01:40.788084,neutral,0.981,2026-03-18T17:01:40.788084,0.6646104067722481,2026-03-18T17:01:39.989000,91,,,
participant_28,1,day,Town10HD_Opt,2026-03-18 17:01:41.870273,66.29573059082031,24.281627655029297,0.0019193649059161,0.039,0.275,0.0,0.0,0,0,1,,1.0,2026-03-18T17:01:41.870273,neutral,0.981,2026-03-18T17:01:40.788084,0.6180290248584926,2026-03-18T17:01:41.069000,92,,,
participant_28,1,day,Town10HD_Opt,2026-03-18 17:01:42.896593,66.29953002929688,24.281225204467773,0.001919288537465,0.033,-0.284,0.0,0.0,0,0,1,eat,0.806,2026-03-18T17:01:42.896593,sad,0.958,2026-03-18T17:01:42.896593,0.6753236071962552,2026-03-18T17:01:42.957000,91,,,
participant_28,1,day,Town10HD_Opt,2026-03-18 17:01:43.450964,66.30118560791016,24.28107070922852,0.0019193649059161,0.03,-0.284,0.0,0.0,0,0,1,,1.0,2026-03-18T17:01:43.450964,sad,0.958,2026-03-18T17:01:42.896593,0.6529656423593506,2026-03-18T17:01:42.957000,91,,,
participant_28,1,day,Town10HD_Opt,2026-03-18 17:01:44.483523,66.30410766601562,24.280780792236328,0.0019192504696547,0.026,-0.284,0.0,0.0,0,0,1,,1.0,2026-03-18T17:01:44.483523,sad,0.958,2026-03-18T17:01:42.896593,0.7809440843300866,2026-03-18T17:01:43.948000,93,,,
participant_28,1,day,Town10HD_Opt,2026-03-18 17:01:45.469564,66.30579376220703,24.28059196472168,0.0019191360333934,0.004,-0.284,0.0,0.0,0,0,1,,1.0,2026-03-18T17:01:45.469564,angry,0.578,2026-03-18T17:01:45.469564,0.5940916523516738,2026-03-18T17:01:44.982000,94,,,
participant_28,1,day,Town10HD_Opt,2026-03-18 17:01:46.491457,66.30599212646484,24.280542373657227,0.001918678288348,0.006,-0.301,0.0,0.0,0,0,1,,1.0,2026-03-18T17:01:46.491457,angry,0.578,2026-03-18T17:01:45.469564,0.6883397674600754,2026-03-18T17:01:45.972000,94,,,
participant_28,1,day,Town10HD_Opt,2026-03-18 17:01:47.496383,66.30610656738281,24.28050804138184,0.0019193649059161,0.001,0.289,0.0,0.0,0,0,1,,0.827,2026-03-18T17:01:47.496383,neutral,0.691,2026-03-18T17:01:47.496383,0.6571161522919629,2026-03-18T17:01:46.962000,91,,,
participant_28,1,day,Town10HD_Opt,2026-03-18 17:01:48.483768,66.30613708496094,24.28051376342773,0.0019189452286809,0.006,-0.439,0.0,0.0,0,0,1,,1.0,2026-03-18T17:01:48.483768,neutral,0.691,2026-03-18T17:01:47.496383,0.7090345011118141,2026-03-18T17:01:48.042000,94,,,
participant_28,1,day,Town10HD_Opt,2026-03-18 17:01:49.523454,66.30622100830078,24.280502319335938,0.001919288537465,0.001,-0.54,0.0,0.0,0,0,1,,0.926,2026-03-18T17:01:49.523454,neutral,0.675,2026-03-18T17:01:49.523454,0.6808938612800319,2026-03-18T17:01:49.347000,90,,,
participant_28,1,day,Town10HD_Opt,2026-03-18 17:01:50.514851,66.3553466796875,24.27548599243164,0.001793518080376,1.97,-0.524,0.689,0.0,0,0,1,,0.883,2026-03-18T17:01:50.514851,neutral,0.675,2026-03-18T17:01:49.523454,0.6974566091106673,2026-03-18T17:01:49.979000,93,,,
participant_28,1,day,Town10HD_Opt,2026-03-18 17:01:51.524613,67.0445556640625,24.20432472229004,0.0015835952945053,9.225,-0.153,0.0,0.0,0,0,1,,0.817,2026-03-18T17:01:51.524613,neutral,0.909,2026-03-18T17:01:51.524613,0.5862850394582046,2026-03-18T17:01:51.193000,91,,,
participant_28,1,day,Town10HD_Opt,2026-03-18 17:01:52.588765,67.77188110351562,24.136947631835938,0.0024921798612922,0.001,0.968,0.0,0.164,0,1,-1,,1.0,2026-03-18T17:01:52.588765,neutral,0.909,2026-03-18T17:01:51.524613,0.6496124039526711,2026-03-18T17:01:52.003000,94,,,
participant_28,1,day,Town10HD_Opt,2026-03-18 17:01:53.626324,67.7680892944336,24.13728904724121,0.001975402701646,0.026,0.684,0.641,0.0,0,1,-1,,0.894,2026-03-18T17:01:53.626324,neutral,0.987,2026-03-18T17:01:53.626324,0.6251845162472839,2026-03-18T17:01:52.948000,90,,,
participant_28,1,day,Town10HD_Opt,2026-03-18 17:01:54.657935,67.55183410644531,24.172088623046875,0.0021951294038444,5.236,-9.578,0.836,0.0,0,1,-1,,0.8,2026-03-18T17:01:54.657935,neutral,0.987,2026-03-18T17:01:53.626324,0.6404713569986414,2026-03-18T17:01:53.982000,90,,,
participant_28,1,day,Town10HD_Opt,2026-03-18 17:01:55.726998,66.54570770263672,24.30567169189453,0.002197875874117,11.31,-7.596,0.615,0.0,0,1,-1,,1.0,2026-03-18T17:01:55.726998,neutral,0.483,2026-03-18T17:01:55.726998,0.6433226988675101,2026-03-18T17:01:54.972000,93,,,errors=Solid line crossing
participant_28,1,day,Town10HD_Opt,2026-03-18 17:01:56.768139,65.06977844238281,24.38353729248047,0.002031555166468,13.541,-2.974,0.484,0.0,0,1,-1,,1.0,2026-03-18T17:01:56.768139,neutral,0.483,2026-03-18T17:01:55.726998,0.653898295523154,2026-03-18T17:01:55.962000,91,,,
participant_28,1,day,Town10HD_Opt,2026-03-18 17:01:57.861666,63.58381652832031,24.40383529663086,0.0018190002301707,11.421,-2.635,0.297,0.0,0,1,-1,,1.0,2026-03-18T17:01:57.861666,neutral,0.97,2026-03-18T17:01:57.861666,0.5897342513703518,2026-03-18T17:01:57.942000,94,,,
participant_28,1,day,Town10HD_Opt,2026-03-18 17:01:58.890124,62.42550277709961,24.395238876342773,0.0017723082564771,8.115,-2.645,0.194,0.0,0,1,-1,,1.0,2026-03-18T17:01:58.890124,neutral,0.97,2026-03-18T17:01:57.861666,0.6502059721601783,2026-03-18T17:01:58.977000,91,,,
participant_28,1,day,Town10HD_Opt,2026-03-18 17:01:59.927689,61.6361198425293,24.377655029296875,0.0017731474945321,5.35,-1.939,0.198,0.0,0,1,-1,,1.0,2026-03-18T17:01:59.927689,neutral,0.997,2026-03-18T17:01:59.927689,0.6791125812423103,2026-03-18T17:01:59.967000,93,,,
participant_28,1,day,Town10HD_Opt,2026-03-18 17:02:00.456808,61.35525894165039,24.36729431152344,0.0018238448537886,4.692,-1.333,0.004,0.0,0,1,-1,,1.0,2026-03-18T17:02:00.456808,neutral,0.997,2026-03-18T17:01:59.927689,0.6356360567420752,2026-03-18T17:01:59.967000,91,,,
participant_28,1,day,Town10HD_Opt,2026-03-18 17:02:01.483213,60.93918991088867,24.35009765625,0.0018749617738649,3.307,-1.539,0.349,0.0,0,1,-1,,0.83,2026-03-18T17:02:01.483213,neutral,0.997,2026-03-18T17:01:59.927689,0.5608431222908768,2026-03-18T17:02:01.092000,92,,,
participant_28,1,day,Town10HD_Opt,2026-03-18 17:02:02.530977,60.5361213684082,24.33232688903809,0.0019285964081063,4.051,-1.563,0.812,0.0,0,1,-1,,1.0,2026-03-18T17:02:02.530977,neutral,0.989,2026-03-18T17:02:02.530977,0.6457676434301872,2026-03-18T17:02:02.038000,91,,,errors=Solid line crossing
participant_28,1,day,Town10HD_Opt,2026-03-18 17:02:03.583136,59.59853744506836,24.28508186340332,0.0023643111344426,13.086,-1.535,0.984,0.0,0,1,-1,,1.0,2026-03-18T17:02:03.583136,neutral,0.989,2026-03-18T17:02:02.530977,0.6954556642521718,2026-03-18T17:02:02.938000,89,,,
participant_28,1,day,Town10HD_Opt,2026-03-18 17:02:04.608271,57.65805435180664,24.168325424194336,0.0023211669176816,18.0,-2.17,0.459,0.0,0,1,-1,,1.0,2026-03-18T17:02:04.608271,neutral,1.0,2026-03-18T17:02:04.608271,0.5929381796184102,2026-03-18T17:02:04.017000,88,,,
participant_28,1,day,Town10HD_Opt,2026-03-18 17:02:05.571538,55.81975936889648,24.023006439208984,0.0015586471417918,11.846,-2.0,0.0,0.0,0,1,-1,,1.0,2026-03-18T17:02:05.571538,neutral,1.0,2026-03-18T17:02:04.608271,0.5273452655238419,2026-03-18T17:02:04.963000,90,,,
participant_28,1,day,Town10HD_Opt,2026-03-18 17:02:06.624769,55.34989547729492,23.97742080688477,0.001389694167301,1.118,18.523,0.915,0.0,0,0,1,,1.0,2026-03-18T17:02:06.624769,neutral,0.998,2026-03-18T17:02:06.624769,0.5290259564197481,2026-03-18T17:02:06.178000,89,,,
participant_28,1,day,Town10HD_Opt,2026-03-18 17:02:07.658465,55.97431564331055,24.23295021057129,0.0014316176529973,11.059,34.052,0.973,0.0,0,0,1,,1.0,2026-03-18T17:02:07.658465,neutral,0.998,2026-03-18T17:02:06.624769,0.4363990262635822,2026-03-18T17:02:07.122000,90,,,
participant_28,1,day,Town10HD_Opt,2026-03-18 17:02:08.680445,57.52022171020508,25.240358352661133,0.0017668151995167,20.072,32.464,0.874,0.0,0,0,1,,1.0,2026-03-18T17:02:08.680445,neutral,0.993,2026-03-18T17:02:08.680445,0.445434605075175,2026-03-18T17:02:07.978000,93,,,
participant_28,1,day,Town10HD_Opt,2026-03-18 17:02:09.709462,59.29209899902344,27.310592651367188,0.0017656325362622,26.945,15.23,0.709,0.0,0,0,1,,1.0,2026-03-18T17:02:09.709462,neutral,0.993,2026-03-18T17:02:08.680445,0.3313243960515898,2026-03-18T17:02:08.969000,92,,,errors=Solid line crossing
participant_28,1,day,Town10HD_Opt,2026-03-18 17:02:10.719295,61.44997024536133,29.96420669555664,0.0018786620348691,31.052,-31.89,0.65,0.0,0,0,1,,1.0,2026-03-18T17:02:10.719295,neutral,1.0,2026-03-18T17:02:10.719295,0.231247313299852,2026-03-18T17:02:09.957000,93,,,
participant_28,1,day,Town10HD_Opt,2026-03-18 17:02:11.823084,64.71412658691406,31.192182540893555,0.0022049332037568,31.13,-37.962,0.518,0.0,0,0,1,,1.0,2026-03-18T17:02:11.823084,neutral,1.0,2026-03-18T17:02:10.719295,0.1281365213132268,2026-03-18T17:02:11.038000,90,,,
participant_28,1,day,Town10HD_Opt,2026-03-18 17:02:12.868706,68.51118469238281,30.790401458740234,0.0019891357515007,33.914,1.504,0.419,0.0,0,0,1,,1.0,2026-03-18T17:02:12.868706,neutral,0.998,2026-03-18T17:02:12.868706,0.1235555153210425,2026-03-18T17:02:12.027000,90,,,
participant_28,1,day,Town10HD_Opt,2026-03-18 17:02:13.897576,72.58460998535156,30.30247688293457,0.0018011855427175,37.957,-1.568,1.0,0.0,0,0,1,,1.0,2026-03-18T17:02:13.897576,neutral,0.998,2026-03-18T17:02:12.868706,0.1390693679488509,2026-03-18T17:02:13.025000,93,,,
participant_28,1,day,Town10HD_Opt,2026-03-18 17:02:14.461127,74.90406036376953,29.97675514221192,0.0016719435807317,43.089,-3.422,1.0,0.0,0,0,1,,0.886,2026-03-18T17:02:14.461127,neutral,0.998,2026-03-18T17:02:12.868706,0.1290084185370087,2026-03-18T17:02:14.009000,92,Stop sign violation,stop_sign_id=754,errors=Solid line crossing
participant_28,1,day,Town10HD_Opt,2026-03-18 17:02:15.521913,80.31330108642578,28.95524787902832,0.001574897672981,51.875,-1.342,0.0,0.187,0,0,1,,1.0,2026-03-18T17:02:15.521913,neutral,1.0,2026-03-18T17:02:15.521913,0.217271907943959,2026-03-18T17:02:15.178000,93,,,errors=Red light violation
participant_28,1,day,Town10HD_Opt,2026-03-18 17:02:16.671716,86.13314056396484,27.606124877929688,0.0022327422630041,48.253,-3.127,0.987,0.0,0,0,1,,1.0,2026-03-18T17:02:16.671716,neutral,1.0,2026-03-18T17:02:15.521913,0.1914090817242495,2026-03-18T17:02:15.941000,93,,,
participant_28,1,day,Town10HD_Opt,2026-03-18 17:02:17.715077,91.53292846679688,25.81092071533203,0.0018419264815747,52.059,-10.086,0.0,0.161,0,0,1,,0.83,2026-03-18T17:02:17.715077,neutral,1.0,2026-03-18T17:02:17.715077,0.1612195874402602,2026-03-18T17:02:17.157000,92,,,
participant_28,1,day,Town10HD_Opt,2026-03-18 17:02:18.780339,96.5895767211914,22.792667388916016,0.0022071455605328,48.588,-7.147,0.952,0.0,0,0,1,,1.0,2026-03-18T17:02:18.780339,neutral,1.0,2026-03-18T17:02:17.715077,0.1695394280436051,2026-03-18T17:02:17.966000,93,,,
participant_28,1,day,Town10HD_Opt,2026-03-18 17:02:19.806574,100.85216522216795,18.755130767822266,0.0019900512415915,50.41,-6.545,0.945,0.0,0,0,1,,1.0,2026-03-18T17:02:19.806574,neutral,1.0,2026-03-18T17:02:19.806574,0.0966186901128357,2026-03-18T17:02:19.007000,96,,,
participant_28,1,day,Town10HD_Opt,2026-03-18 17:02:20.906327,104.20038604736328,14.084187507629396,0.0019929122645407,50.236,-8.725,0.735,0.0,0,0,1,,1.0,2026-03-18T17:02:20.906327,neutral,1.0,2026-03-18T17:02:19.806574,0.1538737189702338,2026-03-18T17:02:20.983000,94,,,
participant_28,1,day,Town10HD_Opt,2026-03-18 17:02:21.443566,105.4885025024414,11.421321868896484,0.0020117950625717,50.325,-9.444,0.672,0.0,0,0,1,,1.0,2026-03-18T17:02:21.443566,neutral,1.0,2026-03-18T17:02:19.806574,0.1316395747868708,2026-03-18T17:02:20.983000,96,,,
participant_28,1,day,Town10HD_Opt,2026-03-18 17:02:22.506949,107.00701141357422,5.948277473449707,0.0020888138096779,48.491,-4.518,0.529,0.0,0,0,1,,1.0,2026-03-18T17:02:22.506949,neutral,1.0,2026-03-18T17:02:22.506949,0.154290670332416,2026-03-18T17:02:22.018000,96,,,
participant_28,1,day,Town10HD_Opt,2026-03-18 17:02:23.600942,107.73287963867188,0.3052265048027038,0.0020249558147042,49.017,-0.08,0.502,0.0,0,0,1,,1.0,2026-03-18T17:02:23.600942,neutral,1.0,2026-03-18T17:02:22.506949,0.1032288646250932,2026-03-18T17:02:23.054000,94,,,
participant_28,1,day,Town10HD_Opt,2026-03-18 17:02:24.662451,108.2661590576172,-5.388781547546387,0.0020493315532803,48.922,-2.094,0.668,0.0,0,0,1,,1.0,2026-03-18T17:02:24.662451,neutral,0.998,2026-03-18T17:02:24.662451,0.1654904902744959,2026-03-18T17:02:23.952000,93,,,
participant_28,1,day,Town10HD_Opt,2026-03-18 17:02:25.657500,108.5016860961914,-11.281652450561523,0.0019009017851203,51.916,-1.88,0.0,0.217,0,0,1,,1.0,2026-03-18T17:02:25.657500,neutral,0.998,2026-03-18T17:02:24.662451,0.1554258965951091,2026-03-18T17:02:24.988000,93,,,
participant_28,1,day,Town10HD_Opt,2026-03-18 17:02:26.706671,108.43089294433594,-17.045015335083008,0.0020946883596479,49.046,-1.554,1.0,0.0,0,0,1,,1.0,2026-03-18T17:02:26.706671,neutral,0.999,2026-03-18T17:02:26.706671,0.1543115527185051,2026-03-18T17:02:26.113000,95,,,
participant_28,1,day,Town10HD_Opt,2026-03-18 17:02:27.705778,108.07586669921876,-22.99318504333496,0.0021080016158521,49.984,-2.038,0.974,0.0,0,0,1,,1.0,2026-03-18T17:02:27.705778,neutral,0.999,2026-03-18T17:02:26.706671,0.1200062059456597,2026-03-18T17:02:26.978000,98,,,
participant_28,1,day,Town10HD_Opt,2026-03-18 17:02:28.747854,107.36192321777344,-28.68148803710937,0.0019039153121411,51.637,-4.568,0.0,0.164,0,0,1,,1.0,2026-03-18T17:02:28.747854,neutral,1.0,2026-03-18T17:02:28.747854,0.1437951787562096,2026-03-18T17:02:28.363000,98,,,
participant_28,1,day,Town10HD_Opt,2026-03-18 17:02:29.822093,106.00334930419922,-34.38525390625,0.0022001266479492,48.316,-4.964,0.913,0.0,0,0,1,,1.0,2026-03-18T17:02:29.822093,neutral,1.0,2026-03-18T17:02:28.747854,0.1393372087671469,2026-03-18T17:02:29.083000,99,,,
participant_28,1,day,Town10HD_Opt,2026-03-18 17:02:30.793129,103.89614868164062,-39.8604850769043,0.0019358824938535,51.431,-4.511,0.0,0.143,0,0,1,,1.0,2026-03-18T17:02:30.793129,neutral,0.998,2026-03-18T17:02:30.793129,0.1595807173983293,2026-03-18T17:02:30.029000,101,,,
participant_28,1,day,Town10HD_Opt,2026-03-18 17:02:31.781466,101.18878936767578,-44.91378402709961,0.0020652008242905,49.164,-4.591,0.87,0.0,0,0,1,,1.0,2026-03-18T17:02:31.781466,neutral,0.998,2026-03-18T17:02:30.793129,0.1030483251122937,2026-03-18T17:02:31.017000,97,,,
participant_28,1,day,Town10HD_Opt,2026-03-18 17:02:32.816939,97.78260803222656,-49.71063995361328,0.0021412658970803,48.679,-4.664,0.867,0.0,0,0,1,,1.0,2026-03-18T17:02:32.816939,neutral,0.972,2026-03-18T17:02:32.816939,0.2260408692670679,2026-03-18T17:02:32.009000,98,,,
participant_28,1,day,Town10HD_Opt,2026-03-18 17:02:33.854541,93.8697509765625,-53.945350646972656,0.001892929081805,51.444,-4.756,0.0,0.144,0,0,1,,1.0,2026-03-18T17:02:33.854541,neutral,0.972,2026-03-18T17:02:32.816939,0.1485368280388267,2026-03-18T17:02:33.004000,99,,,
participant_28,1,day,Town10HD_Opt,2026-03-18 17:02:34.885013,89.42478942871094,-57.66745376586914,0.0021359634120017,48.944,-5.052,0.837,0.0,0,0,1,,1.0,2026-03-18T17:02:34.885013,neutral,0.997,2026-03-18T17:02:34.885013,0.1290613983966775,2026-03-18T17:02:33.988000,97,,,
participant_28,1,day,Town10HD_Opt,2026-03-18 17:02:35.894537,84.42878723144531,-60.7978744506836,0.0020072173792868,50.742,-5.035,0.0,0.0,0,0,1,,1.0,2026-03-18T17:02:35.894537,neutral,0.997,2026-03-18T17:02:34.885013,0.1329755015124634,2026-03-18T17:02:35.968000,96,,,
participant_28,1,day,Town10HD_Opt,2026-03-18 17:02:36.877180,79.1927490234375,-63.142845153808594,0.0019961928483098,50.065,-5.257,0.82,0.0,0,0,1,,1.0,2026-03-18T17:02:36.877180,neutral,0.997,2026-03-18T17:02:34.885013,0.1847544193061076,2026-03-18T17:02:36.957000,95,,,
participant_28,1,day,Town10HD_Opt,2026-03-18 17:02:37.876748,73.52668762207031,-64.75045776367188,0.0021898651029914,48.354,-5.746,0.818,0.0,0,0,1,,1.0,2026-03-18T17:02:37.876748,neutral,0.996,2026-03-18T17:02:37.876748,0.1165560746828775,2026-03-18T17:02:37.948000,94,,,
participant_28,1,day,Town10HD_Opt,2026-03-18 17:02:38.925734,67.809326171875,-65.44599151611328,0.0018975066486746,51.342,-3.931,0.0,0.134,0,0,1,,0.832,2026-03-18T17:02:38.925734,neutral,0.996,2026-03-18T17:02:37.876748,0.1035164050379006,2026-03-18T17:02:37.948000,94,,,
participant_28,1,day,Town10HD_Opt,2026-03-18 17:02:39.445590,64.856201171875,-65.52843475341797,0.0021080016158521,49.49,-2.852,0.811,0.0,0,0,1,,1.0,2026-03-18T17:02:39.445590,neutral,0.996,2026-03-18T17:02:37.876748,0.1610410116451702,2026-03-18T17:02:39.028000,97,,,
participant_28,1,day,Town10HD_Opt,2026-03-18 17:02:40.485369,59.04598617553711,-65.36172485351562,0.0019012450939044,51.708,-0.512,0.0,0.171,0,0,1,,1.0,2026-03-18T17:02:40.485369,neutral,0.994,2026-03-18T17:02:40.485369,0.1830666034197141,2026-03-18T17:02:40.153000,96,,,
participant_28,1,day,Town10HD_Opt,2026-03-18 17:02:41.600197,53.18667984008789,-65.05872344970703,0.0021717452909797,48.736,0.625,0.794,0.0,0,0,1,,1.0,2026-03-18T17:02:41.600197,neutral,0.994,2026-03-18T17:02:40.485369,0.1573229596947265,2026-03-18T17:02:40.963000,94,,,
participant_28,1,day,Town10HD_Opt,2026-03-18 17:02:42.608410,47.33502197265625,-64.8056640625,0.0020300291944295,50.2,0.249,0.793,0.0,0,0,1,,1.0,2026-03-18T17:02:42.608410,neutral,0.987,2026-03-18T17:02:42.608410,0.0601864352829198,2026-03-18T17:02:41.997000,95,,,
participant_28,1,day,Town10HD_Opt,2026-03-18 17:02:43.590059,41.5822639465332,-64.60750579833984,0.0019574356265366,50.954,-0.66,0.0,0.0,0,0,1,,1.0,2026-03-18T17:02:43.590059,neutral,0.987,2026-03-18T17:02:42.608410,0.135832770285812,2026-03-18T17:02:42.987000,93,,,
participant_28,1,day,Town10HD_Opt,2026-03-18 17:02:44.617433,35.75230026245117,-64.36219787597656,0.0021428298205137,48.786,1.782,0.792,0.0,0,0,1,,1.0,2026-03-18T17:02:44.617433,neutral,0.885,2026-03-18T17:02:44.617433,0.1410094047658874,2026-03-18T17:02:44.428000,94,,,
participant_28,1,day,Town10HD_Opt,2026-03-18 17:02:45.679019,29.88981819152832,-64.27092742919922,0.0020279311574995,49.775,-0.219,0.788,0.0,0,0,1,,1.0,2026-03-18T17:02:45.679019,neutral,0.885,2026-03-18T17:02:44.617433,0.1179140735995657,2026-03-18T17:02:44.969000,98,,,
participant_28,1,day,Town10HD_Opt,2026-03-18 17:02:46.699027,24.13152503967285,-64.27953338623047,0.0019687269814312,50.429,-0.43,0.67,0.0,0,0,1,,1.0,2026-03-18T17:02:46.699027,neutral,1.0,2026-03-18T17:02:46.699027,0.1461878512846782,2026-03-18T17:02:46.139000,97,,,
participant_28,1,day,Town10HD_Opt,2026-03-18 17:02:47.747566,18.3132438659668,-64.2337417602539,0.0022158813662827,47.573,0.36,0.0,0.0,0,0,1,,0.804,2026-03-18T17:02:47.747566,neutral,1.0,2026-03-18T17:02:46.699027,0.1672805804343324,2026-03-18T17:02:46.948000,98,,,
participant_28,1,day,Town10HD_Opt,2026-03-18 17:02:48.743178,13.187091827392578,-64.22347259521484,0.0023748779203742,39.863,0.738,0.0,0.0,0,0,1,,1.0,2026-03-18T17:02:48.743178,neutral,0.999,2026-03-18T17:02:48.743178,0.1947355113414217,2026-03-18T17:02:47.984000,96,,,
participant_28,1,day,Town10HD_Opt,2026-03-18 17:02:49.768089,8.861878395080566,-64.28245544433594,0.0023509596940129,34.043,0.305,0.0,0.0,0,0,1,,1.0,2026-03-18T17:02:49.768089,neutral,0.999,2026-03-18T17:02:48.743178,0.0728497160048705,2026-03-18T17:02:48.975000,96,,,
participant_28,1,day,Town10HD_Opt,2026-03-18 17:02:50.801013,5.216000080108643,-64.35426330566406,0.0023022841196507,28.74,0.059,0.088,0.0,0,0,1,,1.0,2026-03-18T17:02:50.801013,neutral,0.985,2026-03-18T17:02:50.801013,0.1182110286834664,2026-03-18T17:02:50.143000,93,,,
participant_28,1,day,Town10HD_Opt,2026-03-18 17:02:51.822146,2.10306167602539,-64.41927337646484,0.0022341918665915,24.872,-0.021,0.192,0.0,0,0,1,,1.0,2026-03-18T17:02:51.822146,neutral,0.985,2026-03-18T17:02:50.801013,0.1485210217524283,2026-03-18T17:02:50.998000,98,,,
participant_28,1,day,Town10HD_Opt,2026-03-18 17:02:52.870305,-0.6695789098739624,-64.47624969482422,0.0021165846846997,23.228,-0.049,0.349,0.0,0,0,1,,1.0,2026-03-18T17:02:52.870305,neutral,0.866,2026-03-18T17:02:52.870305,0.2530619338400844,2026-03-18T17:02:52.168000,97,,,
participant_28,1,day,Town10HD_Opt,2026-03-18 17:02:53.857254,-3.376380443572998,-64.5297622680664,0.0020501709077507,23.21,-0.059,0.343,0.0,0,0,1,,1.0,2026-03-18T17:02:53.857254,neutral,0.866,2026-03-18T17:02:52.870305,0.1302892910427018,2026-03-18T17:02:53.114000,93,,,
participant_28,1,day,Town10HD_Opt,2026-03-18 17:02:54.895559,-6.085513591766357,-64.5809097290039,0.0020428847055882,23.238,-0.078,0.352,0.0,0,0,1,,1.0,2026-03-18T17:02:54.895559,neutral,0.982,2026-03-18T17:02:54.895559,0.1865155425157687,2026-03-18T17:02:54.058000,95,,,
participant_28,1,day,Town10HD_Opt,2026-03-18 17:02:55.440064,-7.442088603973389,-64.60493469238281,0.0020400618668645,23.287,-0.2,0.354,0.0,0,0,1,,1.0,2026-03-18T17:02:55.440064,neutral,0.982,2026-03-18T17:02:54.895559,0.1143795203755458,2026-03-18T17:02:55.082000,95,,,
participant_28,1,day,Town10HD_Opt,2026-03-18 17:02:56.469231,-10.155324935913086,-64.64630889892578,0.0020772933494299,22.782,-0.24,0.0,0.0,0,0,1,,1.0,2026-03-18T17:02:56.469231,neutral,0.982,2026-03-18T17:02:54.895559,0.1032742242674379,2026-03-18T17:02:56.218000,94,,,
participant_28,1,day,Town10HD_Opt,2026-03-18 17:02:57.458221,-12.607328414916992,-64.67310333251953,0.0022102736402302,19.19,-0.374,0.0,0.0,0,0,1,,1.0,2026-03-18T17:02:57.458221,neutral,0.995,2026-03-18T17:02:57.458221,0.1661316773937486,2026-03-18T17:02:57.433000,97,,,
participant_28,1,day,Town10HD_Opt,2026-03-18 17:02:58.485049,-14.65600299835205,-64.6860122680664,0.0019903944339603,16.182,-0.336,0.0,0.0,0,0,1,,1.0,2026-03-18T17:02:58.485049,neutral,0.995,2026-03-18T17:02:57.458221,0.1881399997089931,2026-03-18T17:02:57.433000,93,,,
participant_28,1,day,Town10HD_Opt,2026-03-18 17:02:59.479776,-16.383575439453125,-64.69090270996094,0.0020427322015166,13.362,-0.336,0.0,0.0,0,0,1,,1.0,2026-03-18T17:02:59.479776,neutral,0.985,2026-03-18T17:02:59.479776,0.0637397089841945,2026-03-18T17:02:59.233000,98,,,
participant_28,1,day,Town10HD_Opt,2026-03-18 17:03:00.503836,-17.8282527923584,-64.69070434570312,0.0020266722422093,11.174,-0.336,0.0,0.0,0,0,1,,1.0,2026-03-18T17:03:00.503836,neutral,0.985,2026-03-18T17:02:59.479776,0.1458403966935355,2026-03-18T17:02:59.997000,96,,,
participant_28,1,day,Town10HD_Opt,2026-03-18 17:03:01.545474,-19.03598022460937,-64.68831634521484,0.0020003127865493,9.851,0.399,0.886,0.0,0,0,1,,1.0,2026-03-18T17:03:01.545474,neutral,0.996,2026-03-18T17:03:01.545474,0.144553374766198,2026-03-18T17:03:00.988000,96,,,
participant_28,1,day,Town10HD_Opt,2026-03-18 17:03:02.576813,-20.59034538269043,-64.6969985961914,0.001518859877251,18.008,0.623,0.932,0.0,0,0,1,,1.0,2026-03-18T17:03:02.576813,neutral,0.996,2026-03-18T17:03:01.545474,0.1815181384472227,2026-03-18T17:03:01.978000,94,,,
participant_28,1,day,Town10HD_Opt,2026-03-18 17:03:03.629959,-23.13698005676269,-64.72708129882812,0.0016341400332748,27.223,0.653,1.0,0.0,0,0,1,,1.0,2026-03-18T17:03:03.629959,neutral,0.981,2026-03-18T17:03:03.629959,0.1802426541249515,2026-03-18T17:03:03.014000,95,,,
participant_28,1,day,Town10HD_Opt,2026-03-18 17:03:04.639448,-26.880136489868164,-64.81148529052734,0.0015116500435397,37.387,0.738,1.0,0.0,0,0,1,,1.0,2026-03-18T17:03:04.639448,neutral,0.981,2026-03-18T17:03:03.629959,0.1941342466320247,2026-03-18T17:03:04.138000,92,,,
participant_28,1,day,Town10HD_Opt,2026-03-18 17:03:05.631255,-31.83261680603028,-64.99205780029297,0.0015473556704819,48.118,0.602,1.0,0.0,0,0,1,,1.0,2026-03-18T17:03:05.631255,neutral,0.994,2026-03-18T17:03:05.631255,0.1900701150981793,2026-03-18T17:03:05.128000,94,,,
participant_28,1,day,Town10HD_Opt,2026-03-18 17:03:06.630535,-37.7573356628418,-65.2963638305664,0.0019483566284179,50.831,0.033,0.0,0.0,0,0,1,,1.0,2026-03-18T17:03:06.630535,neutral,0.994,2026-03-18T17:03:05.631255,0.1949329052630226,2026-03-18T17:03:06.028000,95,,,
participant_28,1,day,Town10HD_Opt,2026-03-18 17:03:07.646552,-43.25992965698242,-65.67412567138672,0.0023560714907944,43.103,4.612,0.0,0.0,0,0,1,,1.0,2026-03-18T17:03:07.646552,neutral,0.998,2026-03-18T17:03:07.646552,0.2432374027053131,2026-03-18T17:03:06.975000,94,,,
participant_28,1,day,Town10HD_Opt,2026-03-18 17:03:08.636328,-47.88551330566406,-66.35681915283203,0.0023723221383988,36.833,-1.445,0.185,0.0,0,0,1,,1.0,2026-03-18T17:03:08.636328,neutral,0.998,2026-03-18T17:03:07.646552,0.2781151596055183,2026-03-18T17:03:07.963000,95,,,
participant_28,1,day,Town10HD_Opt,2026-03-18 17:03:09.645214,-52.00021362304688,-66.89598846435547,0.0020182800944894,36.612,-2.306,0.989,0.0,0,0,1,,1.0,2026-03-18T17:03:09.645214,neutral,0.998,2026-03-18T17:03:07.646552,0.2967726418558039,2026-03-18T17:03:09.088000,95,,,
participant_28,1,day,Town10HD_Opt,2026-03-18 17:03:10.624661,-56.76481628417969,-67.422607421875,0.0016211319016292,46.518,-0.604,1.0,0.0,0,0,1,,1.0,2026-03-18T17:03:10.624661,neutral,0.918,2026-03-18T17:03:10.624661,0.4001784774621791,2026-03-18T17:03:09.989000,96,,,
participant_28,1,day,Town10HD_Opt,2026-03-18 17:03:11.703525,-62.57622528076172,-67.96974182128906,0.0017984008882194,51.743,-4.244,0.0,0.174,0,0,1,,1.0,2026-03-18T17:03:11.703525,neutral,0.918,2026-03-18T17:03:10.624661,0.4380252085877092,2026-03-18T17:03:10.978000,94,,,
participant_28,1,day,Town10HD_Opt,2026-03-18 17:03:12.713388,-68.34628295898438,-68.0110855102539,0.0020307921804487,49.759,-4.11,0.972,0.0,0,0,1,,1.0,2026-03-18T17:03:12.713388,neutral,0.97,2026-03-18T17:03:12.713388,0.4374006505526935,2026-03-18T17:03:11.969000,96,,,
participant_28,1,day,Town10HD_Opt,2026-03-18 17:03:13.732382,-74.25222778320312,-67.34809112548828,0.0021692274603992,49.191,-7.323,0.949,0.0,0,0,1,,1.0,2026-03-18T17:03:13.732382,neutral,0.97,2026-03-18T17:03:12.713388,0.609309823671366,2026-03-18T17:03:13.003000,97,,,
participant_28,1,day,Town10HD_Opt,2026-03-18 17:03:14.702956,-79.80158233642578,-65.68506622314453,0.0018576049478724,52.184,-3.773,0.0,0.218,0,0,1,,0.81,2026-03-18T17:03:14.702956,neutral,0.97,2026-03-18T17:03:12.713388,0.5570077816120742,2026-03-18T17:03:14.084000,93,,,
participant_28,1,day,Town10HD_Opt,2026-03-18 17:03:15.724433,-85.1785659790039,-63.29690933227539,0.0021809004247188,48.805,-4.256,0.889,0.0,0,0,1,,1.0,2026-03-18T17:03:15.724433,neutral,0.946,2026-03-18T17:03:15.724433,0.5457726869662209,2026-03-18T17:03:14.984000,92,,,
participant_28,1,day,Town10HD_Opt,2026-03-18 17:03:16.729687,-90.26730346679688,-60.33585739135742,0.0020597837865352,49.63,-4.2,0.866,0.0,0,0,1,,1.0,2026-03-18T17:03:16.729687,neutral,0.946,2026-03-18T17:03:15.724433,0.6388476878559994,2026-03-18T17:03:15.973000,95,,,
participant_28,1,day,Town10HD_Opt,2026-03-18 17:03:17.795654,-94.86151123046876,-56.90310287475586,0.0019765852484852,50.389,-4.24,0.534,0.0,0,0,1,,1.0,2026-03-18T17:03:17.795654,neutral,0.891,2026-03-18T17:03:17.795654,0.6492630104665013,2026-03-18T17:03:16.963000,97,,,
participant_28,1,day,Town10HD_Opt,2026-03-18 17:03:18.793453,-99.07915496826172,-52.91825485229492,0.0021458053961396,48.059,-4.11,0.0,0.0,0,0,1,,1.0,2026-03-18T17:03:18.793453,neutral,0.891,2026-03-18T17:03:17.795654,0.7128613446594255,2026-03-18T17:03:17.953000,98,,,
participant_28,1,day,Town10HD_Opt,2026-03-18 17:03:19.843195,-102.5078125,-48.867713928222656,0.0022960281930863,42.906,-3.848,0.421,0.0,0,0,1,,1.0,2026-03-18T17:03:19.843195,neutral,0.818,2026-03-18T17:03:19.843195,0.7393071034595549,2026-03-18T17:03:19.080000,97,,,
participant_28,1,day,Town10HD_Opt,2026-03-18 17:03:20.814706,-105.25655364990234,-44.80488586425781,0.0021280669607222,41.471,-5.326,0.387,0.0,0,0,1,,1.0,2026-03-18T17:03:20.814706,neutral,0.818,2026-03-18T17:03:19.843195,0.6115348407463779,2026-03-18T17:03:20.024000,96,,,
participant_28,1,day,Town10HD_Opt,2026-03-18 17:03:21.862797,-107.30377960205078,-40.62248611450195,0.0022755051031708,37.431,-10.058,0.0,0.0,0,0,1,,1.0,2026-03-18T17:03:21.862797,neutral,0.86,2026-03-18T17:03:21.862797,0.6960979075842322,2026-03-18T17:03:20.969000,99,,,
participant_28,1,day,Town10HD_Opt,2026-03-18 17:03:22.879923,-108.30380249023438,-36.75458908081055,0.0023344801738858,31.474,-6.068,0.0,0.0,0,0,1,,1.0,2026-03-18T17:03:22.879923,neutral,0.86,2026-03-18T17:03:21.862797,0.7226287477719184,2026-03-18T17:03:22.003000,97,,,
participant_28,1,day,Town10HD_Opt,2026-03-18 17:03:23.888686,-108.7476806640625,-33.419189453125,0.0022911452688276,26.458,-3.785,0.041,0.0,0,0,1,,1.0,2026-03-18T17:03:23.888686,neutral,0.661,2026-03-18T17:03:23.888686,0.6257675960287136,2026-03-18T17:03:23.004000,94,,,
participant_28,1,day,Town10HD_Opt,2026-03-18 17:03:24.886455,-108.9623031616211,-30.5544376373291,0.0021992111578583,23.209,-1.26,0.306,0.0,0,0,1,,1.0,2026-03-18T17:03:24.886455,neutral,0.661,2026-03-18T17:03:23.888686,0.6630133148363632,2026-03-18T17:03:23.983000,93,,,
participant_28,1,day,Town10HD_Opt,2026-03-18 17:03:25.901121,-109.10139465332033,-27.87288475036621,0.0020307539962232,23.517,-1.814,0.478,0.0,0,0,1,,1.0,2026-03-18T17:03:25.901121,neutral,0.727,2026-03-18T17:03:25.901121,0.7047365630948992,2026-03-18T17:03:25.965000,90,,,errors=Solid line crossing
participant_28,1,day,Town10HD_Opt,2026-03-18 17:03:26.946318,-109.18350982666016,-25.038026809692383,0.0019617462530732,25.173,-1.241,0.45,0.0,0,0,1,,1.0,2026-03-18T17:03:26.946318,neutral,0.727,2026-03-18T17:03:25.901121,0.5552648432646949,2026-03-18T17:03:26.998000,92,,,
participant_28,1,day,Town10HD_Opt,2026-03-18 17:03:27.481361,-109.20802307128906,-23.546031951904297,0.0019740676507353,25.842,-0.562,0.333,0.0,0,0,1,,1.0,2026-03-18T17:03:27.481361,neutral,0.727,2026-03-18T17:03:25.901121,0.6102731837675953,2026-03-18T17:03:26.998000,93,,,
participant_28,1,day,Town10HD_Opt,2026-03-18 17:03:28.525123,-109.2606201171875,-20.609663009643555,0.0021628951653838,23.282,1.149,0.0,0.0,0,0,1,,1.0,2026-03-18T17:03:28.525123,fear,0.435,2026-03-18T17:03:28.525123,0.6541413478977548,2026-03-18T17:03:28.259000,93,,,
participant_28,1,day,Town10HD_Opt,2026-03-18 17:03:29.541396,-109.34305572509766,-18.1127872467041,0.0022614288609474,19.083,-0.035,0.0,0.248,0,0,1,,1.0,2026-03-18T17:03:29.541396,fear,0.435,2026-03-18T17:03:28.525123,0.6172210332283701,2026-03-18T17:03:29.023000,94,,,
participant_28,1,day,Town10HD_Opt,2026-03-18 17:03:30.554480,-109.40422821044922,-16.16376304626465,0.0020934676285833,14.343,-0.284,0.0,0.535,0,0,1,,1.0,2026-03-18T17:03:30.554480,neutral,0.989,2026-03-18T17:03:30.554480,0.656288944735116,2026-03-18T17:03:30.014000,93,,,errors=Harsh braking
participant_28,1,day,Town10HD_Opt,2026-03-18 17:03:31.564693,-109.4425048828125,-14.811421394348145,0.0021775816567242,8.933,-0.28,0.0,0.772,0,0,1,,1.0,2026-03-18T17:03:31.564693,neutral,0.989,2026-03-18T17:03:30.554480,0.6476279620884459,2026-03-18T17:03:31.048000,94,,,errors=Vehicle collision
participant_28,1,day,Town10HD_Opt,2026-03-18 17:03:32.575892,-109.44893646240234,-14.51313591003418,-0.0004953765892423,0.04,-0.28,0.0,0.976,0,0,1,,1.0,2026-03-18T17:03:32.575892,neutral,0.836,2026-03-18T17:03:32.575892,0.5607908245849225,2026-03-18T17:03:32.038000,92,,,
participant_28,1,day,Town10HD_Opt,2026-03-18 17:03:33.572200,-109.44866180419922,-14.513399124145508,0.0017199707217514,0.002,-0.167,0.0,0.037,0,0,1,,1.0,2026-03-18T17:03:33.572200,neutral,0.836,2026-03-18T17:03:32.575892,0.5941270633237059,2026-03-18T17:03:33.209000,92,,,
participant_28,1,day,Town10HD_Opt,2026-03-18 17:03:34.542435,-109.4486312866211,-14.513436317443848,0.00186450954061,0.0,-0.181,0.0,0.022,0,0,1,,1.0,2026-03-18T17:03:34.542435,neutral,0.836,2026-03-18T17:03:32.575892,0.6243260142055748,2026-03-18T17:03:33.983000,92,,,
participant_28,1,day,Town10HD_Opt,2026-03-18 17:03:35.530590,-109.44862365722656,-14.513436317443848,0.0018695830367505,0.0,-0.181,0.0,0.02,0,0,1,,1.0,2026-03-18T17:03:35.530590,angry,0.489,2026-03-18T17:03:35.530590,0.551255063397373,2026-03-18T17:03:35.055000,92,,,
participant_28,1,day,Town10HD_Opt,2026-03-18 17:03:36.526805,-109.4486083984375,-14.51344108581543,0.0018891524523496,0.0,-0.193,0.0,0.0,0,0,1,,1.0,2026-03-18T17:03:36.526805,angry,0.489,2026-03-18T17:03:35.530590,0.6775644965635177,2026-03-18T17:03:36.134000,90,,,errors=Vehicle collision
participant_28,1,day,Town10HD_Opt,2026-03-18 17:03:37.495464,-109.44862365722656,-14.51369857788086,0.0019111251458525,0.012,0.334,0.0,0.0,0,0,1,,1.0,2026-03-18T17:03:37.495464,angry,0.489,2026-03-18T17:03:35.530590,0.668777088055974,2026-03-18T17:03:36.134000,92,,,
participant_28,1,day,Town10HD_Opt,2026-03-18 17:03:38.460746,-109.44859313964844,-14.513434410095217,0.0019058608449995,0.0,0.822,0.0,0.0,0,0,1,,1.0,2026-03-18T17:03:38.460746,sad,0.605,2026-03-18T17:03:38.460746,0.5963236881547078,2026-03-18T17:03:36.134000,91,,,
participant_28,1,day,Town10HD_Opt,2026-03-18 17:03:39.460188,-109.44859313964844,-14.513436317443848,0.0019121170043945,0.0,0.313,0.0,0.0,0,0,1,,1.0,2026-03-18T17:03:39.460188,sad,0.605,2026-03-18T17:03:38.460746,0.6174129233708973,2026-03-18T17:03:36.134000,89,,,
participant_28,1,day,Town10HD_Opt,2026-03-18 17:03:40.514405,-109.44859313964844,-14.513442039489746,0.0019171523163095,0.0,0.933,0.0,0.0,0,0,1,,1.0,2026-03-18T17:03:40.514405,neutral,0.639,2026-03-18T17:03:40.514405,0.6182310464667641,2026-03-18T17:03:36.134000,90,,,
participant_28,1,day,Town10HD_Opt,2026-03-18 17:03:41.555996,-109.44860076904295,-14.513468742370604,0.0019190978491678,0.002,0.266,0.297,0.0,0,1,-1,,1.0,2026-03-18T17:03:41.555996,neutral,0.639,2026-03-18T17:03:40.514405,0.6312479609656285,2026-03-18T17:03:36.134000,91,,,
participant_28,1,day,Town10HD_Opt,2026-03-18 17:03:42.542293,-109.44676208496094,-14.57384967803955,0.002100562909618,3.15,0.313,0.892,0.0,0,1,-1,,1.0,2026-03-18T17:03:42.542293,sad,0.453,2026-03-18T17:03:42.542293,0.6223992943947672,2026-03-18T17:03:36.134000,90,,,
participant_28,1,day,Town10HD_Opt,2026-03-18 17:03:43.591621,-109.4235610961914,-15.303202629089355,0.0022037506569176,9.036,0.324,0.437,0.0,0,1,-1,,1.0,2026-03-18T17:03:43.591621,sad,0.453,2026-03-18T17:03:42.542293,0.5848776755399785,2026-03-18T17:03:36.134000,91,,,
participant_28,1,day,Town10HD_Opt,2026-03-18 17:03:44.620228,-109.39390563964844,-16.31529998779297,0.0017456435598433,3.721,-0.458,0.0,0.0,0,0,1,,1.0,2026-03-18T17:03:44.620228,neutral,0.652,2026-03-18T17:03:44.620228,0.6360335781129948,2026-03-18T17:03:36.134000,89,,,
participant_28,1,day,Town10HD_Opt,2026-03-18 17:03:45.646519,-109.38983154296876,-16.41895294189453,0.0016149901784956,1.961,-19.332,0.745,0.0,0,0,1,,1.0,2026-03-18T17:03:45.646519,neutral,0.652,2026-03-18T17:03:44.620228,0.5945756515874034,2026-03-18T17:03:36.134000,91,,,errors=Solid line crossing
participant_28,1,day,Town10HD_Opt,2026-03-18 17:03:46.660076,-109.2509765625,-15.788300514221191,0.0015703963581472,9.319,-29.317,0.76,0.0,0,0,1,,1.0,2026-03-18T17:03:46.660076,neutral,0.753,2026-03-18T17:03:46.660076,0.6631436956718942,2026-03-18T17:03:36.134000,93,,,
participant_28,1,day,Town10HD_Opt,2026-03-18 17:03:47.663479,-108.73445892333984,-14.357807159423828,0.001583824167028,16.681,-20.503,0.749,0.0,0,0,1,,1.0,2026-03-18T17:03:47.663479,neutral,0.753,2026-03-18T17:03:46.660076,0.6244743745649134,2026-03-18T17:03:36.134000,91,,,
participant_28,1,day,Town10HD_Opt,2026-03-18 17:03:48.738181,-108.06049346923828,-12.22265338897705,0.0018756865756586,21.922,15.884,0.763,0.0,0,0,1,,1.0,2026-03-18T17:03:48.738181,angry,0.713,2026-03-18T17:03:48.738181,0.6350431783856156,2026-03-18T17:03:36.134000,91,,,
participant_28,1,day,Town10HD_Opt,2026-03-18 17:03:49.810754,-107.7755355834961,-9.36121940612793,0.0017568205948919,28.227,5.073,0.68,0.0,0,0,1,,1.0,2026-03-18T17:03:49.810754,angry,0.713,2026-03-18T17:03:48.738181,0.6601929824727129,2026-03-18T17:03:36.134000,91,,,
participant_28,1,day,Town10HD_Opt,2026-03-18 17:03:50.846375,-107.6754150390625,-5.814822673797607,0.0017903136322274,32.907,3.047,0.664,0.0,0,0,1,,1.0,2026-03-18T17:03:50.846375,angry,0.417,2026-03-18T17:03:50.846375,0.6544783802672685,2026-03-18T17:03:36.134000,90,,,
participant_28,1,day,Town10HD_Opt,2026-03-18 17:03:51.924109,-107.76810455322266,-1.7370461225509644,0.001861419645138,36.66,1.05,0.574,0.0,0,0,1,,1.0,2026-03-18T17:03:51.924109,angry,0.417,2026-03-18T17:03:50.846375,0.7225446204891511,2026-03-18T17:03:36.134000,89,,,errors=Red light violation
participant_28,1,day,Town10HD_Opt,2026-03-18 17:03:52.488967,-107.86103057861328,0.4383885860443115,0.0019043731736019,37.846,0.364,0.493,0.0,0,0,1,,1.0,2026-03-18T17:03:52.488967,angry,0.417,2026-03-18T17:03:50.846375,0.6323995118023596,2026-03-18T17:03:36.134000,89,,,
participant_28,1,day,Town10HD_Opt,2026-03-18 17:03:53.567696,-107.99348449707033,4.918452262878418,0.0019929122645407,38.839,-6.573,0.462,0.0,0,0,1,,1.0,2026-03-18T17:03:53.567696,angry,0.812,2026-03-18T17:03:53.567696,0.6214186192780737,2026-03-18T17:03:36.134000,90,,,
participant_28,1,day,Town10HD_Opt,2026-03-18 17:03:54.630828,-107.58185577392578,9.433926582336426,0.0020352171268314,39.046,-7.033,0.453,0.0,0,0,1,,0.808,2026-03-18T17:03:54.630828,angry,0.812,2026-03-18T17:03:53.567696,0.6920404774603425,2026-03-18T17:03:36.134000,89,,,
participant_28,1,day,Town10HD_Opt,2026-03-18 17:03:55.650341,-106.48052215576172,13.862829208374023,0.0020388029515743,39.259,-5.86,0.452,0.0,0,0,1,,1.0,2026-03-18T17:03:55.650341,angry,0.59,2026-03-18T17:03:55.650341,0.6535965568254408,2026-03-18T17:03:36.134000,94,,,
participant_28,1,day,Town10HD_Opt,2026-03-18 17:03:56.701959,-104.80220794677734,18.12914085388184,0.0020413971506059,39.406,-6.955,0.451,0.0,0,0,1,,0.814,2026-03-18T17:03:56.701959,angry,0.59,2026-03-18T17:03:55.650341,0.6713145952088789,2026-03-18T17:03:36.134000,89,,,
participant_28,1,day,Town10HD_Opt,2026-03-18 17:03:57.803262,-102.39044952392578,22.009014129638672,0.0020751571282744,39.092,-15.287,0.449,0.0,0,0,1,,1.0,2026-03-18T17:03:57.803262,neutral,0.578,2026-03-18T17:03:57.803262,0.6802054610703931,2026-03-18T17:03:36.134000,90,,,
participant_28,1,day,Town10HD_Opt,2026-03-18 17:03:58.859515,-99.04663848876952,25.07009506225586,0.0020745086949318,38.945,-11.641,0.448,0.0,0,0,1,,1.0,2026-03-18T17:03:58.859515,neutral,0.578,2026-03-18T17:03:57.803262,0.5568381541606755,2026-03-18T17:03:36.134000,91,,,
participant_28,1,day,Town10HD_Opt,2026-03-18 17:03:59.921960,-95.03995513916016,27.13766288757324,0.0020854568574577,38.639,-14.805,0.447,0.0,0,0,1,,1.0,2026-03-18T17:03:59.921960,angry,0.939,2026-03-18T17:03:59.921960,0.580466975854195,2026-03-18T17:03:36.134000,91,,,
participant_28,1,day,Town10HD_Opt,2026-03-18 17:04:00.484902,-92.87059020996094,27.694250106811523,0.002105827210471,38.169,-13.472,0.0,0.0,0,0,1,,1.0,2026-03-18T17:04:00.484902,angry,0.939,2026-03-18T17:03:59.921960,0.6607848681274819,2026-03-18T17:03:36.134000,92,,,
participant_28,1,day,Town10HD_Opt,2026-03-18 17:04:01.542267,-88.72946166992188,28.01972198486328,0.0022990799043327,33.001,-3.328,0.0,0.0,0,0,1,,1.0,2026-03-18T17:04:01.542267,angry,0.939,2026-03-18T17:03:59.921960,0.6507842923282898,2026-03-18T17:03:36.134000,91,,,
participant_28,1,day,Town10HD_Opt,2026-03-18 17:04:02.633179,-85.20264434814453,27.99671173095703,0.0022977828048169,27.735,-0.291,0.0,0.0,0,0,1,,1.0,2026-03-18T17:04:02.633179,angry,0.669,2026-03-18T17:04:02.633179,0.684876425620727,2026-03-18T17:03:36.134000,91,,,
participant_28,1,day,Town10HD_Opt,2026-03-18 17:04:03.698433,-82.25318908691406,27.95724105834961,0.0022696685045957,23.09,0.367,0.0,0.0,0,0,1,,1.0,2026-03-18T17:04:03.698433,angry,0.669,2026-03-18T17:04:02.633179,0.6528670134757626,2026-03-18T17:03:36.134000,90,,,
participant_28,1,day,Town10HD_Opt,2026-03-18 17:04:04.730525,-79.81352996826172,27.935834884643555,0.0022440718021243,18.979,0.334,0.0,0.0,0,0,1,,0.886,2026-03-18T17:04:04.730525,neutral,0.978,2026-03-18T17:04:04.730525,0.6428838641660528,2026-03-18T17:03:36.134000,88,,,
participant_28,1,day,Town10HD_Opt,2026-03-18 17:04:05.769732,-77.7842788696289,27.918983459472656,0.001999053871259,16.058,-0.287,0.0,0.0,0,0,1,,1.0,2026-03-18T17:04:05.769732,neutral,0.978,2026-03-18T17:04:04.730525,0.6375037456870764,2026-03-18T17:03:36.134000,91,,,
participant_28,1,day,Town10HD_Opt,2026-03-18 17:04:06.789254,-76.07015991210938,27.897891998291016,0.002042579697445,13.259,-0.322,0.0,0.0,0,0,1,,1.0,2026-03-18T17:04:06.789254,neutral,0.588,2026-03-18T17:04:06.789254,0.5598586982088364,2026-03-18T17:03:36.134000,91,,,
participant_28,1,day,Town10HD_Opt,2026-03-18 17:04:07.779174,-74.633544921875,27.87608337402344,0.0020248412620276,11.123,-0.327,0.0,0.0,0,0,1,,1.0,2026-03-18T17:04:07.779174,neutral,0.588,2026-03-18T17:04:06.789254,0.7108853903499828,2026-03-18T17:03:36.134000,91,,,
participant_28,1,day,Town10HD_Opt,2026-03-18 17:04:08.817239,-73.42848205566406,27.85484504699707,0.0020083235576748,9.465,-0.327,0.0,0.0,0,0,1,,1.0,2026-03-18T17:04:08.817239,angry,0.828,2026-03-18T17:04:08.817239,0.6679094943308879,2026-03-18T17:03:36.134000,90,,,
participant_28,1,day,Town10HD_Opt,2026-03-18 17:04:09.809673,-72.4180679321289,27.83495140075684,0.0019940184429287,7.821,-0.327,0.0,0.0,0,0,1,,1.0,2026-03-18T17:04:09.809673,angry,0.828,2026-03-18T17:04:08.817239,0.7029747965323986,2026-03-18T17:03:36.134000,91,,,
participant_28,1,day,Town10HD_Opt,2026-03-18 17:04:10.854986,-71.57089233398438,27.81679344177246,0.0019820784218609,6.557,-0.327,0.0,0.0,0,0,1,,1.0,2026-03-18T17:04:10.854986,angry,0.452,2026-03-18T17:04:10.854986,0.626708442296834,2026-03-18T17:03:36.134000,89,,,
participant_28,1,day,Town10HD_Opt,2026-03-18 17:04:11.833339,-70.86061096191406,27.80052757263184,0.0019717407412827,5.579,-0.327,0.0,0.0,0,0,1,,1.0,2026-03-18T17:04:11.833339,angry,0.452,2026-03-18T17:04:10.854986,0.6201041110750958,2026-03-18T17:04:11.100000,92,,,
participant_28,1,day,Town10HD_Opt,2026-03-18 17:04:12.865282,-70.26506805419922,27.786170959472656,0.0019632338080555,4.678,-0.317,0.0,0.0,0,0,1,,1.0,2026-03-18T17:04:12.865282,angry,0.576,2026-03-18T17:04:12.865282,0.6724541807318221,2026-03-18T17:04:12.178000,91,,,
participant_28,1,day,Town10HD_Opt,2026-03-18 17:04:13.851954,-69.76577758789062,27.77369880676269,0.0019561767112463,3.922,-0.298,0.0,0.0,0,0,1,,1.0,2026-03-18T17:04:13.851954,angry,0.576,2026-03-18T17:04:12.865282,0.6315604912647494,2026-03-18T17:04:12.991000,95,,,
participant_28,1,day,Town10HD_Opt,2026-03-18 17:04:14.830645,-69.3471908569336,27.762943267822266,0.0019502257928252,3.24,-0.289,0.0,0.0,0,0,1,,1.0,2026-03-18T17:04:14.830645,angry,0.576,2026-03-18T17:04:12.865282,0.5382987389673658,2026-03-18T17:04:13.980000,91,,,
participant_28,1,day,Town10HD_Opt,2026-03-18 17:04:15.805970,-68.99623107910156,27.753719329833984,0.0019451522966846,2.757,-0.289,0.0,0.0,0,0,1,,1.0,2026-03-18T17:04:15.805970,neutral,0.642,2026-03-18T17:04:15.805970,0.6648127674918237,2026-03-18T17:04:14.969000,94,,,
participant_28,1,day,Town10HD_Opt,2026-03-18 17:04:16.765971,-68.70198822021484,27.74582290649414,0.0019409561064094,2.311,-0.289,0.0,0.0,0,0,1,,1.0,2026-03-18T17:04:16.765971,neutral,0.642,2026-03-18T17:04:15.805970,0.7109041605443768,2026-03-18T17:04:15.964000,93,,,
participant_28,1,day,Town10HD_Opt,2026-03-18 17:04:17.714457,-68.45526885986328,27.73909568786621,0.0019374465337023,1.938,-0.289,0.0,0.0,0,0,1,,1.0,2026-03-18T17:04:17.714457,neutral,0.642,2026-03-18T17:04:15.805970,0.7312176503132953,2026-03-18T17:04:16.994000,90,,,
participant_28,1,day,Town10HD_Opt,2026-03-18 17:04:18.690909,-68.24844360351562,27.73336601257324,0.0019344710744917,1.601,-0.289,0.0,0.0,0,0,1,,1.0,2026-03-18T17:04:18.690909,angry,0.932,2026-03-18T17:04:18.690909,0.6188318522520935,2026-03-18T17:04:17.984000,94,,,
participant_28,1,day,Town10HD_Opt,2026-03-18 17:04:19.672241,-68.07503509521484,27.72851181030273,0.0019319915445521,1.362,-0.289,0.0,0.0,0,0,1,,1.0,2026-03-18T17:04:19.672241,angry,0.932,2026-03-18T17:04:18.690909,0.7130595228777457,2026-03-18T17:04:19.064000,93,,,
participant_28,1,day,Town10HD_Opt,2026-03-18 17:04:20.613469,-67.92964172363281,27.72439956665039,0.0019299315754324,1.142,-0.289,0.0,0.0,0,0,1,,1.0,2026-03-18T17:04:20.613469,angry,0.932,2026-03-18T17:04:18.690909,0.6392997605753983,2026-03-18T17:04:20.054000,89,,,
participant_28,1,day,Town10HD_Opt,2026-03-18 17:04:21.605594,-67.80769348144531,27.720924377441406,0.0019280624110251,0.958,-0.289,0.0,0.0,0,0,1,,1.0,2026-03-18T17:04:21.605594,neutral,0.621,2026-03-18T17:04:21.605594,0.6347114305370782,2026-03-18T17:04:21,94,,,
participant_28,1,day,Town10HD_Opt,2026-03-18 17:04:22.583106,-67.70541381835938,27.71799087524414,0.0019266890594735,0.804,-0.284,0.0,0.0,0,0,1,,1.0,2026-03-18T17:04:22.583106,neutral,0.621,2026-03-18T17:04:21.605594,0.7834311096572109,2026-03-18T17:04:22.259000,92,,,
participant_28,1,day,Town10HD_Opt,2026-03-18 17:04:23.604296,-67.61962127685547,27.715518951416016,0.0019254302605986,0.674,-0.207,0.0,0.0,0,0,1,,1.0,2026-03-18T17:04:23.604296,neutral,0.621,2026-03-18T17:04:21.605594,0.6984136585318919,2026-03-18T17:04:23.070000,94,,,
participant_28,1,day,Town10HD_Opt,2026-03-18 17:04:24.629872,-67.54769134521484,27.71352195739746,0.0019244384020566,0.557,0.237,0.0,0.0,0,0,1,,1.0,2026-03-18T17:04:24.629872,neutral,0.622,2026-03-18T17:04:24.629872,0.6212363025995691,2026-03-18T17:04:23.969000,92,,,
participant_28,1,day,Town10HD_Opt,2026-03-18 17:04:25.604795,-67.48737335205078,27.71212577819824,0.0019235991640016,0.467,0.672,0.0,0.0,0,0,1,,1.0,2026-03-18T17:04:25.604795,neutral,0.622,2026-03-18T17:04:24.629872,0.6360422351953017,2026-03-18T17:04:25.049000,92,,,
participant_28,1,day,Town10HD_Opt,2026-03-18 17:04:26.624584,-67.43804168701172,27.71111297607422,0.001929817139171,0.671,0.745,0.584,0.0,0,0,1,,0.837,2026-03-18T17:04:26.624584,neutral,0.622,2026-03-18T17:04:24.629872,0.7175466575172801,2026-03-18T17:04:25.994000,91,,,
participant_28,1,day,Town10HD_Opt,2026-03-18 17:04:27.684822,-66.9989242553711,27.70276260375977,0.0014974975492805,9.627,0.846,1.0,0.0,0,0,1,,1.0,2026-03-18T17:04:27.684822,angry,0.991,2026-03-18T17:04:27.684822,0.6846060371435172,2026-03-18T17:04:26.984000,91,,,
participant_28,1,day,Town10HD_Opt,2026-03-18 17:04:28.760154,-65.35797882080078,27.67895698547364,0.001583824167028,18.771,0.731,0.878,0.0,0,0,1,,1.0,2026-03-18T17:04:28.760154,angry,0.991,2026-03-18T17:04:27.684822,0.6898307986990598,2026-03-18T17:04:27.974000,92,,,
participant_28,1,day,Town10HD_Opt,2026-03-18 17:04:29.947083,-62.81221008300781,27.65732192993164,0.0016939544584602,26.163,0.625,0.847,0.0,0,0,1,,1.0,2026-03-18T17:04:29.947083,angry,0.996,2026-03-18T17:04:29.947083,0.7172280684697754,2026-03-18T17:04:29.999000,94,,,
participant_28,1,day,Town10HD_Opt,2026-03-18 17:04:30.528258,-61.20237731933594,27.653995513916016,0.0016487502725794,30.309,0.686,0.846,0.0,0,0,1,,1.0,2026-03-18T17:04:30.528258,angry,0.996,2026-03-18T17:04:29.947083,0.6432904608353902,2026-03-18T17:04:29.999000,93,,,
participant_28,1,day,Town10HD_Opt,2026-03-18 17:04:31.569456,-57.25286865234375,27.67789649963379,0.0016450118273496,38.431,0.515,1.0,0.0,0,0,1,,1.0,2026-03-18T17:04:31.569456,angry,0.996,2026-03-18T17:04:29.947083,0.6838733488624278,2026-03-18T17:04:31.034000,92,,,
participant_28,1,day,Town10HD_Opt,2026-03-18 17:04:32.565840,-52.31488037109375,27.757225036621094,0.0015829467447474,46.973,0.345,1.0,0.0,0,0,1,,1.0,2026-03-18T17:04:32.565840,neutral,0.499,2026-03-18T17:04:32.565840,0.669115572334711,2026-03-18T17:04:32.069000,92,,,
participant_28,1,day,Town10HD_Opt,2026-03-18 17:04:33.566324,-46.37425994873047,27.906328201293945,0.0018811034969985,51.144,0.261,0.0,0.168,0,0,1,,0.865,2026-03-18T17:04:33.566324,neutral,0.499,2026-03-18T17:04:32.565840,0.6537624413868549,2026-03-18T17:04:32.970000,95,,,
participant_28,1,day,Town10HD_Opt,2026-03-18 17:04:34.616144,-40.6382064819336,28.047821044921875,0.0020559690892696,49.724,-0.999,0.862,0.0,0,0,1,,1.0,2026-03-18T17:04:34.616144,angry,1.0,2026-03-18T17:04:34.616144,0.696678802484762,2026-03-18T17:04:34.049000,95,,,
participant_28,1,day,Town10HD_Opt,2026-03-18 17:04:35.662162,-34.73781204223633,28.07004165649414,0.0021406935993582,48.767,-0.585,0.81,0.0,0,0,1,,1.0,2026-03-18T17:04:35.662162,angry,1.0,2026-03-18T17:04:34.616144,0.6223447430353403,2026-03-18T17:04:34.995000,94,,,
participant_28,1,day,Town10HD_Opt,2026-03-18 17:04:36.729998,-28.972625732421875,27.989505767822266,0.0019072722643613,51.28,-0.439,0.0,0.128,0,0,1,,1.0,2026-03-18T17:04:36.729998,angry,0.996,2026-03-18T17:04:36.729998,0.6401239181859313,2026-03-18T17:04:36.164000,96,,,
participant_28,1,day,Town10HD_Opt,2026-03-18 17:04:37.758826,-23.14889335632324,27.8498477935791,0.0021685408428311,48.412,-0.021,0.782,0.0,0,0,1,,1.0,2026-03-18T17:04:37.758826,angry,0.996,2026-03-18T17:04:36.729998,0.6658380730511685,2026-03-18T17:04:36.976000,94,,,
participant_28,1,day,Town10HD_Opt,2026-03-18 17:04:38.821228,-17.315229415893555,27.69706153869629,0.0019810104276984,50.121,0.094,0.0,0.0,0,0,1,,1.0,2026-03-18T17:04:38.821228,angry,0.88,2026-03-18T17:04:38.821228,0.6989968064637928,2026-03-18T17:04:38.012000,95,Solid line crossing,Solid line crossing,
participant_28,1,day,Town10HD_Opt,2026-03-18 17:04:39.824396,-11.575992584228516,27.58224296569824,0.0026332091074436,49.944,0.733,0.776,0.0,0,0,1,,1.0,2026-03-18T17:04:39.824396,angry,0.88,2026-03-18T17:04:38.821228,0.6845232555080044,2026-03-18T17:04:39.077000,91,,,
participant_28,1,day,Town10HD_Opt,2026-03-18 17:04:40.866673,-5.707626819610596,27.57280540466309,0.0021456526592373,48.531,0.522,0.561,0.0,0,0,1,,1.0,2026-03-18T17:04:40.866673,angry,0.919,2026-03-18T17:04:40.866673,0.7356886054264168,2026-03-18T17:04:40.124000,94,,,
participant_28,1,day,Town10HD_Opt,2026-03-18 17:04:41.441339,-2.881365299224853,27.6015625,0.0020999144762754,48.492,-0.153,0.542,0.0,0,0,1,,1.0,2026-03-18T17:04:41.441339,angry,0.919,2026-03-18T17:04:40.866673,0.6972030850977595,2026-03-18T17:04:41.120000,91,,,
participant_28,1,day,Town10HD_Opt,2026-03-18 17:04:42.498023,2.811551332473755,27.654266357421875,0.0020156097598373,49.199,-3.186,0.531,0.0,0,0,1,,1.0,2026-03-18T17:04:42.498023,angry,0.919,2026-03-18T17:04:40.866673,0.6541731863868384,2026-03-18T17:04:41.969000,95,,,
participant_28,1,day,Town10HD_Opt,2026-03-18 17:04:43.520992,8.574812889099121,27.43061637878418,0.0020149610936641,49.715,-3.443,0.519,0.0,0,0,1,,1.0,2026-03-18T17:04:43.520992,angry,0.991,2026-03-18T17:04:43.520992,0.7033052587093549,2026-03-18T17:04:42.959000,96,,,
participant_28,1,day,Town10HD_Opt,2026-03-18 17:04:44.533572,14.358019828796388,26.8355712890625,0.0020580291748046,49.547,2.421,0.348,0.0,0,0,1,,1.0,2026-03-18T17:04:44.533572,angry,0.991,2026-03-18T17:04:43.520992,0.708538008341786,2026-03-18T17:04:44.174000,93,,,
participant_28,1,day,Town10HD_Opt,2026-03-18 17:04:45.536986,19.98646354675293,26.52541732788086,0.0021516035776585,46.955,5.099,0.355,0.0,0,0,1,,1.0,2026-03-18T17:04:45.536986,angry,0.538,2026-03-18T17:04:45.536986,0.6962032382366501,2026-03-18T17:04:45.029000,91,,,
participant_28,1,day,Town10HD_Opt,2026-03-18 17:04:46.522919,25.345502853393555,26.90239906311035,0.0021221542265266,45.379,5.125,0.477,0.0,0,0,1,,1.0,2026-03-18T17:04:46.522919,angry,0.538,2026-03-18T17:04:45.536986,0.6614303287556937,2026-03-18T17:04:46.065000,93,,,
participant_28,1,day,Town10HD_Opt,2026-03-18 17:04:47.569287,30.494903564453125,28.024789810180664,0.0022157286293804,44.986,10.891,0.474,0.0,0,0,1,,1.0,2026-03-18T17:04:47.569287,angry,0.986,2026-03-18T17:04:47.569287,0.6589693596921388,2026-03-18T17:04:47.324000,93,,,
participant_28,1,day,Town10HD_Opt,2026-03-18 17:04:48.618737,35.12033462524414,30.33627319335937,0.0021032714284956,43.854,20.442,0.466,0.0,0,0,1,,1.0,2026-03-18T17:04:48.618737,angry,0.986,2026-03-18T17:04:47.569287,0.6583239781065248,2026-03-18T17:04:47.999000,91,,,
participant_28,1,day,Town10HD_Opt,2026-03-18 17:04:49.662653,38.264591217041016,34.12662887573242,0.0022062682546675,41.301,15.795,0.107,0.0,0,0,1,,1.0,2026-03-18T17:04:49.662653,angry,0.652,2026-03-18T17:04:49.662653,0.5751037058776406,2026-03-18T17:04:49.034000,93,,,
participant_28,1,day,Town10HD_Opt,2026-03-18 17:04:50.685045,39.659610748291016,38.3983039855957,0.0023352813441306,35.324,4.938,0.0,0.0,0,0,1,,1.0,2026-03-18T17:04:50.685045,angry,0.652,2026-03-18T17:04:49.662653,0.6497358131953604,2026-03-18T17:04:50.114000,93,,,
participant_28,1,day,Town10HD_Opt,2026-03-18 17:04:51.760790,40.26545715332031,42.15949249267578,0.0023511885665357,29.641,4.244,0.0,0.171,0,0,1,,1.0,2026-03-18T17:04:51.760790,angry,0.481,2026-03-18T17:04:51.760790,0.6368837931849477,2026-03-18T17:04:51.015000,92,,,
participant_28,1,day,Town10HD_Opt,2026-03-18 17:04:52.861207,40.50265884399414,45.27641677856445,0.0022980880457907,24.408,4.674,0.0,0.0,0,0,1,,1.0,2026-03-18T17:04:52.861207,angry,0.481,2026-03-18T17:04:51.760790,0.6019183972433797,2026-03-18T17:04:51.958000,94,,,
participant_28,1,day,Town10HD_Opt,2026-03-18 17:04:53.898157,40.541282653808594,47.84917831420898,0.0022733688820153,19.82,-0.83,0.0,0.185,0,0,1,,1.0,2026-03-18T17:04:53.898157,neutral,0.932,2026-03-18T17:04:53.898157,0.655388001836732,2026-03-18T17:04:53.984000,92,,,
participant_28,2,day,Town10HD_Opt,2026-03-18 17:15:00.000000,-41.66858673095703,89.7454833984375,0.580491840839386,17.368,5.893,0.498,0.0,0,0,1,,1.0,2026-03-18T17:15:00,,,2026-03-18T17:15:00,0.8697428112238914,2026-03-18T17:15:00,90,,,
participant_28,2,day,Town10HD_Opt,2026-03-18 17:15:04.596357,-41.54966735839844,82.54132843017578,0.0018890762003138,17.463,6.955,0.542,0.0,0,0,1,,0.914,2026-03-18T17:15:04.596357,,,2026-03-18T17:15:04.596357,0.8483681404296518,2026-03-18T17:15:04.951000,94,,,
participant_28,2,day,Town10HD_Opt,2026-03-18 17:15:05.250319,-41.26298904418945,80.43081665039062,0.0020692443940788,18.697,9.255,0.435,0.0,0,0,1,,1.0,2026-03-18T17:15:05.250319,,,2026-03-18T17:15:04.596357,0.82679340134531,2026-03-18T17:15:05.939000,90,,,
participant_28,2,day,Town10HD_Opt,2026-03-18 17:15:06.273604,-40.27951049804688,77.15275573730469,0.0019831084646284,20.804,14.229,0.443,0.0,0,0,1,,1.0,2026-03-18T17:15:06.273604,,,2026-03-18T17:15:04.596357,0.7779775647471225,2026-03-18T17:15:06.929000,95,,,
participant_28,2,day,Town10HD_Opt,2026-03-18 17:15:07.313584,-38.2166633605957,73.96195983886719,0.0020032881293445,23.022,18.124,0.438,0.0,0,0,1,,1.0,2026-03-18T17:15:07.313584,sad,0.376,2026-03-18T17:15:07.313584,0.7786812390494569,2026-03-18T17:15:07.966000,95,,,
participant_28,2,day,Town10HD_Opt,2026-03-18 17:15:08.308681,-34.92461395263672,71.44326782226562,0.0020063780248165,24.934,14.82,0.439,0.0,0,0,1,,1.0,2026-03-18T17:15:08.308681,sad,0.376,2026-03-18T17:15:07.313584,0.7252901180254582,2026-03-18T17:15:08.954000,95,,,
participant_28,2,day,Town10HD_Opt,2026-03-18 17:15:08.989303,-32.199485778808594,70.29139709472656,0.0020013807807117,26.054,11.549,0.44,0.0,0,0,1,,1.0,2026-03-18T17:15:08.989303,sad,0.376,2026-03-18T17:15:07.313584,0.8036348508545577,2026-03-18T17:15:08.954000,92,,,
participant_28,2,day,Town10HD_Opt,2026-03-18 17:15:09.991864,-27.59329605102539,69.37680053710938,0.0019981383811682,27.89,9.26,0.445,0.0,0,0,1,,1.0,2026-03-18T17:15:09.991864,neutral,0.564,2026-03-18T17:15:09.991864,0.7984992431851092,2026-03-18T17:15:09.944000,96,,,
participant_28,2,day,Town10HD_Opt,2026-03-18 17:15:11.245534,-20.85529518127441,69.45277404785156,0.0019906996749341,30.021,-1.789,0.449,0.0,0,0,1,,0.805,2026-03-18T17:15:11.245534,neutral,0.564,2026-03-18T17:15:09.991864,0.6718817485612238,2026-03-18T17:15:12.060000,98,,,
participant_28,2,day,Town10HD_Opt,2026-03-18 17:15:12.196807,-15.466806411743164,69.54310607910156,0.0019905089866369,31.692,-0.078,0.458,0.0,0,0,1,,1.0,2026-03-18T17:15:12.196807,neutral,0.698,2026-03-18T17:15:12.196807,0.7116485593621603,2026-03-18T17:15:12.960000,97,,,
participant_28,2,day,Town10HD_Opt,2026-03-18 17:15:13.223375,-9.80248737335205,69.63310241699219,0.0019932554569095,33.22,0.202,0.46,0.0,0,0,1,,1.0,2026-03-18T17:15:13.223375,neutral,0.698,2026-03-18T17:15:12.196807,0.6577420818775604,2026-03-18T17:15:13.950000,98,,,
participant_28,2,day,Town10HD_Opt,2026-03-18 17:15:14.211477,-3.886039018630981,69.76625061035156,0.0020008848514407,34.528,-0.277,0.453,0.0,0,0,1,,1.0,2026-03-18T17:15:14.211477,sad,0.45,2026-03-18T17:15:14.211477,0.6448572062461216,2026-03-18T17:15:14.984000,98,,,
participant_28,2,day,Town10HD_Opt,2026-03-18 17:15:15.136587,2.2331252098083496,69.85478973388672,0.0020135117229074,35.469,-0.407,0.443,0.0,0,0,1,,1.0,2026-03-18T17:15:15.136587,sad,0.45,2026-03-18T17:15:14.211477,0.5992578780695109,2026-03-18T17:15:15.929000,96,,,
participant_28,2,day,Town10HD_Opt,2026-03-18 17:15:16.057710,8.472309112548828,69.879150390625,0.0020519637037068,35.557,-0.256,0.331,0.0,0,0,1,,1.0,2026-03-18T17:15:16.057710,sad,0.45,2026-03-18T17:15:14.211477,0.6339630362533699,2026-03-18T17:15:15.929000,98,,,
participant_28,2,day,Town10HD_Opt,2026-03-18 17:15:17.012557,14.31851577758789,69.86506652832031,0.0022694014478474,29.581,-0.031,0.0,0.0,0,0,1,,1.0,2026-03-18T17:15:17.012557,neutral,0.483,2026-03-18T17:15:17.012557,0.5089714201474939,2026-03-18T17:15:16.963000,98,,,
participant_28,2,day,Town10HD_Opt,2026-03-18 17:15:18.228161,20.04996490478516,69.84040069580078,0.0023435209877789,17.344,-0.066,0.0,0.733,0,0,1,,1.0,2026-03-18T17:15:18.228161,neutral,0.483,2026-03-18T17:15:17.012557,0.6222018248958915,2026-03-18T17:15:18.944000,93,,,errors=Harsh braking
participant_28,2,day,Town10HD_Opt,2026-03-18 17:15:19.210244,20.638139724731445,69.83722686767578,0.0020738600287586,0.0,-0.066,0.0,0.402,0,0,1,,1.0,2026-03-18T17:15:19.210244,sad,0.693,2026-03-18T17:15:19.210244,0.5583443729524884,2026-03-18T17:15:19.935000,93,,,
participant_28,2,day,Town10HD_Opt,2026-03-18 17:15:20.110226,20.63892364501953,69.83722686767578,0.0019251632038503,0.134,0.031,0.049,0.0,0,0,1,,1.0,2026-03-18T17:15:20.110226,sad,0.693,2026-03-18T17:15:19.210244,0.5697741466532712,2026-03-18T17:15:20.924000,93,,,
participant_28,2,day,Town10HD_Opt,2026-03-18 17:15:21.023864,20.83624267578125,69.83631896972656,0.0016885375371202,5.229,0.035,0.506,0.0,0,0,1,,1.0,2026-03-18T17:15:21.023864,sad,0.693,2026-03-18T17:15:19.210244,0.5051342789008391,2026-03-18T17:15:20.924000,92,,,
participant_28,2,day,Town10HD_Opt,2026-03-18 17:15:22.006924,22.28901481628418,69.82879638671875,0.0016561889788135,12.681,0.005,0.585,0.0,0,0,1,,1.0,2026-03-18T17:15:22.006924,neutral,0.651,2026-03-18T17:15:22.006924,0.5062078842474728,2026-03-18T17:15:21.985000,89,,,
participant_28,2,day,Town10HD_Opt,2026-03-18 17:15:23.050062,24.87323951721192,69.80355072021484,0.0018770217429846,15.486,-0.472,0.243,0.0,0,0,1,,0.909,2026-03-18T17:15:23.050062,neutral,0.651,2026-03-18T17:15:22.006924,0.5580665672458537,2026-03-18T17:15:22.950000,92,,,errors=Stop sign violation
participant_28,2,day,Town10HD_Opt,2026-03-18 17:15:24.279189,28.60444068908692,69.51759338378906,0.0018678283086046,17.167,-10.072,0.345,0.0,0,0,1,,0.866,2026-03-18T17:15:24.279189,neutral,0.898,2026-03-18T17:15:24.279189,0.474159402168925,2026-03-18T17:15:24.929000,97,,,
participant_28,2,day,Town10HD_Opt,2026-03-18 17:15:25.218205,31.63533401489257,68.70865631103516,0.0020627593621611,18.541,-10.732,0.463,0.0,0,0,1,,0.908,2026-03-18T17:15:25.218205,neutral,0.898,2026-03-18T17:15:24.279189,0.5400429454376013,2026-03-18T17:15:25.964000,95,,,
participant_28,2,day,Town10HD_Opt,2026-03-18 17:15:26.133554,34.810977935791016,67.28688049316406,0.00195690151304,21.513,-9.2,0.465,0.0,0,0,1,,0.875,2026-03-18T17:15:26.133554,neutral,0.898,2026-03-18T17:15:24.279189,0.5131583591847195,2026-03-18T17:15:26.954000,95,,,
participant_28,2,day,Town10HD_Opt,2026-03-18 17:15:27.028021,38.11806488037109,65.07060241699219,0.0019610975868999,24.301,-9.143,0.468,0.0,0,0,1,,1.0,2026-03-18T17:15:27.028021,neutral,0.986,2026-03-18T17:15:27.028021,0.5214915852273473,2026-03-18T17:15:26.954000,95,,,
participant_28,2,day,Town10HD_Opt,2026-03-18 17:15:27.995503,41.21527862548828,61.89910888671875,0.0019814299885183,26.677,-12.033,0.46,0.0,0,0,1,,1.0,2026-03-18T17:15:27.995503,neutral,0.986,2026-03-18T17:15:27.028021,0.5144959181786858,2026-03-18T17:15:27.944000,92,,,
participant_28,2,day,Town10HD_Opt,2026-03-18 17:15:29.285469,43.95367431640625,56.09437942504883,0.0020197294652462,28.698,-12.565,0.421,0.0,0,0,1,,1.0,2026-03-18T17:15:29.285469,sad,0.687,2026-03-18T17:15:29.285469,0.5489626854389784,2026-03-18T17:15:29.923000,91,,,
participant_28,2,day,Town10HD_Opt,2026-03-18 17:15:30.246844,44.4636116027832,51.23710632324219,0.002201538067311,25.495,-6.144,0.0,0.0,0,0,1,,0.838,2026-03-18T17:15:30.246844,sad,0.687,2026-03-18T17:15:29.285469,0.5645191320796722,2026-03-18T17:15:31.049000,91,,,
participant_28,2,day,Town10HD_Opt,2026-03-18 17:15:31.194536,44.32789611816406,47.281131744384766,0.0022337341215461,19.717,-0.482,0.173,0.0,0,0,1,,0.872,2026-03-18T17:15:31.194536,sad,0.687,2026-03-18T17:15:29.285469,0.582958161139165,2026-03-18T17:15:31.949000,91,,,
participant_28,2,day,Town10HD_Opt,2026-03-18 17:15:32.121290,44.21094512939453,44.06631851196289,0.002022094791755,18.158,2.313,0.274,0.0,0,0,1,,1.0,2026-03-18T17:15:32.121290,neutral,0.832,2026-03-18T17:15:32.121290,0.4759951399837059,2026-03-18T17:15:32.940000,89,,,
participant_28,2,day,Town10HD_Opt,2026-03-18 17:15:33.048654,44.25459289550781,40.90121841430664,0.0020462034735828,18.013,5.096,0.364,0.0,0,0,1,,0.833,2026-03-18T17:15:33.048654,neutral,0.832,2026-03-18T17:15:32.121290,0.5082036175861958,2026-03-18T17:15:32.940000,90,,,
participant_28,2,day,Town10HD_Opt,2026-03-18 17:15:34.266133,44.99347686767578,36.73442077636719,0.002047843998298,18.415,17.316,0.346,0.0,0,0,1,,0.907,2026-03-18T17:15:34.266133,neutral,0.636,2026-03-18T17:15:34.266133,0.5229931577022896,2026-03-18T17:15:34.964000,92,,,
participant_28,2,day,Town10HD_Opt,2026-03-18 17:15:35.191811,46.5230598449707,33.87454605102539,0.0020481490064412,18.889,16.893,0.347,0.0,0,0,1,,0.811,2026-03-18T17:15:35.191811,neutral,0.636,2026-03-18T17:15:34.266133,0.5921191258260371,2026-03-18T17:15:35.999000,93,,,
participant_28,2,day,Town10HD_Opt,2026-03-18 17:15:36.077497,48.833641052246094,31.486366271972656,0.0020538328681141,19.251,16.893,0.334,0.0,0,0,1,,1.0,2026-03-18T17:15:36.077497,neutral,0.636,2026-03-18T17:15:34.266133,0.5245880215026126,2026-03-18T17:15:35.999000,93,,,
participant_28,2,day,Town10HD_Opt,2026-03-18 17:15:36.991868,51.7559700012207,29.816085815429688,0.0020598219707608,19.404,16.488,0.329,0.0,0,0,1,,1.0,2026-03-18T17:15:36.991868,neutral,0.442,2026-03-18T17:15:36.991868,0.5490400962989638,2026-03-18T17:15:37.034000,94,,,
participant_28,2,day,Town10HD_Opt,2026-03-18 17:15:38.220105,55.995262145996094,28.44948005676269,0.0019714736845344,18.072,-1.732,0.209,0.0,0,0,1,,1.0,2026-03-18T17:15:38.220105,neutral,0.442,2026-03-18T17:15:36.991868,0.5186459592486959,2026-03-18T17:15:38.924000,93,,,
participant_28,2,day,Town10HD_Opt,2026-03-18 17:15:39.135933,58.94988250732422,27.492570877075195,0.0019462204072624,16.264,2.487,0.0,0.0,0,0,1,,0.896,2026-03-18T17:15:39.135933,neutral,0.933,2026-03-18T17:15:39.135933,0.5168693985532837,2026-03-18T17:15:39.959000,94,,,
participant_28,2,day,Town10HD_Opt,2026-03-18 17:15:40.054029,61.39057540893555,26.81616401672364,0.0020372390281409,12.664,3.146,0.0,0.0,0,0,1,,0.941,2026-03-18T17:15:40.054029,neutral,0.933,2026-03-18T17:15:39.135933,0.609104357389455,2026-03-18T17:15:39.959000,96,,,
participant_28,2,day,Town10HD_Opt,2026-03-18 17:15:41.260214,63.82151794433594,26.304874420166016,0.0020045852288603,8.77,7.247,0.0,0.0,0,0,1,,1.0,2026-03-18T17:15:41.260214,neutral,0.704,2026-03-18T17:15:41.260214,0.5547957829809221,2026-03-18T17:15:41.939000,94,,,
participant_28,2,day,Town10HD_Opt,2026-03-18 17:15:42.152054,65.1761703491211,26.1357364654541,0.0019842146430164,6.736,7.149,0.0,0.0,0,0,1,,0.937,2026-03-18T17:15:42.152054,neutral,0.704,2026-03-18T17:15:41.260214,0.5002431726562284,2026-03-18T17:15:42.930000,94,,,
participant_28,2,day,Town10HD_Opt,2026-03-18 17:15:43.099221,66.02046966552734,26.063663482666016,0.0023197173140943,0.001,4.789,0.0,0.273,0,0,1,,1.0,2026-03-18T17:15:43.099221,neutral,0.704,2026-03-18T17:15:41.260214,0.5175978332003052,2026-03-18T17:15:42.930000,94,,,
participant_28,2,day,Town10HD_Opt,2026-03-18 17:15:44.279436,66.02099609375,26.063663482666016,0.0019242477137595,0.001,3.431,0.0,0.0,0,0,1,,0.801,2026-03-18T17:15:44.279436,sad,0.463,2026-03-18T17:15:44.279436,0.541607600894716,2026-03-18T17:15:44.955000,92,,,
participant_28,2,day,Town10HD_Opt,2026-03-18 17:15:45.227900,66.02100372314453,26.06364250183105,0.0019198226509615,0.0,3.401,0.0,0.0,0,0,1,,0.881,2026-03-18T17:15:45.227900,sad,0.463,2026-03-18T17:15:44.279436,0.4899061453719112,2026-03-18T17:15:45.989000,87,,,
participant_28,2,day,Town10HD_Opt,2026-03-18 17:15:46.116677,66.02100372314453,26.06364250183105,0.0019190978491678,0.0,0.106,0.0,0.0,0,0,1,,0.897,2026-03-18T17:15:46.116677,sad,0.463,2026-03-18T17:15:44.279436,0.5342876191881023,2026-03-18T17:15:45.989000,88,,,
participant_28,2,day,Town10HD_Opt,2026-03-18 17:15:47.017803,66.02100372314453,26.063661575317383,0.0019189452286809,0.0,0.55,0.0,0.0,0,0,1,,0.873,2026-03-18T17:15:47.017803,neutral,0.612,2026-03-18T17:15:47.017803,0.5440994529878399,2026-03-18T17:15:46.985000,90,,,
participant_28,2,day,Town10HD_Opt,2026-03-18 17:15:48.227388,66.02100372314453,26.063661575317383,0.0019191741012036,0.0,0.517,0.0,0.0,0,0,1,,0.83,2026-03-18T17:15:48.227388,neutral,0.612,2026-03-18T17:15:47.017803,0.4453741076542134,2026-03-18T17:15:48.960000,88,,,
participant_28,2,day,Town10HD_Opt,2026-03-18 17:15:49.115303,66.02100372314453,26.063661575317383,0.0019189834129065,0.0,0.444,0.0,0.0,0,0,1,,1.0,2026-03-18T17:15:49.115303,sad,0.718,2026-03-18T17:15:49.115303,0.5252723268588685,2026-03-18T17:15:48.960000,88,,,
participant_28,2,day,Town10HD_Opt,2026-03-18 17:15:49.993943,66.02100372314453,26.06364250183105,0.0019190596649423,0.0,0.444,0.0,0.0,0,0,1,,1.0,2026-03-18T17:15:49.993943,sad,0.718,2026-03-18T17:15:49.115303,0.5053922395825654,2026-03-18T17:15:49.995000,93,,,
participant_28,2,day,Town10HD_Opt,2026-03-18 17:15:51.112766,66.02100372314453,26.063661575317383,0.0019189834129065,0.0,0.503,0.0,0.0,0,0,1,,0.921,2026-03-18T17:15:51.112766,sad,0.718,2026-03-18T17:15:49.115303,0.3937887756728186,2026-03-18T17:15:51.929000,94,,,
participant_28,2,day,Town10HD_Opt,2026-03-18 17:15:52.220184,66.02100372314453,26.063661575317383,0.0019189834129065,0.0,0.503,0.0,0.0,0,0,1,,0.881,2026-03-18T17:15:52.220184,neutral,0.467,2026-03-18T17:15:52.220184,0.4280407088973412,2026-03-18T17:15:53.012000,92,,,
participant_28,2,day,Town10HD_Opt,2026-03-18 17:15:53.077146,66.02100372314453,26.06364250183105,0.001919021597132,0.0,0.771,0.0,0.0,0,0,1,,1.0,2026-03-18T17:15:53.077146,neutral,0.467,2026-03-18T17:15:52.220184,0.3212775640018892,2026-03-18T17:15:53.012000,92,,,
participant_28,2,day,Town10HD_Opt,2026-03-18 17:15:54.183531,66.02100372314453,26.06364250183105,0.0019190596649423,0.0,0.869,0.0,0.0,0,0,1,,0.877,2026-03-18T17:15:54.183531,neutral,0.467,2026-03-18T17:15:52.220184,0.2267964967718075,2026-03-18T17:15:54.945000,91,,,
participant_28,2,day,Town10HD_Opt,2026-03-18 17:15:55.047009,66.02100372314453,26.06364250183105,0.001919021597132,0.0,0.877,0.0,0.0,0,0,1,,0.828,2026-03-18T17:15:55.047009,sad,0.442,2026-03-18T17:15:55.047009,0.3480352865772396,2026-03-18T17:15:54.945000,92,,,
participant_28,2,day,Town10HD_Opt,2026-03-18 17:15:56.209984,66.02100372314453,26.06364250183105,0.001919021597132,0.0,0.877,0.0,0.0,0,0,1,,0.851,2026-03-18T17:15:56.209984,sad,0.442,2026-03-18T17:15:55.047009,0.3846917741134305,2026-03-18T17:15:56.970000,90,,,
participant_28,2,day,Town10HD_Opt,2026-03-18 17:15:57.075275,66.02100372314453,26.063661575317383,0.0019189452286809,0.0,0.879,0.0,0.0,0,0,1,,1.0,2026-03-18T17:15:57.075275,sad,0.55,2026-03-18T17:15:57.075275,0.2756743700057543,2026-03-18T17:15:56.970000,92,,,
participant_28,2,day,Town10HD_Opt,2026-03-18 17:15:58.250933,66.02100372314453,26.063661575317383,0.0019191360333934,0.0,0.942,0.0,0.0,0,0,1,,0.886,2026-03-18T17:15:58.250933,sad,0.55,2026-03-18T17:15:57.075275,0.2101757033850753,2026-03-18T17:15:58.950000,93,,,
participant_28,2,day,Town10HD_Opt,2026-03-18 17:15:59.126604,66.1781997680664,26.04676055908203,0.0017108535394072,4.504,1.622,0.889,0.0,0,0,1,,1.0,2026-03-18T17:15:59.126604,neutral,0.636,2026-03-18T17:15:59.126604,0.1874528755528022,2026-03-18T17:15:59.940000,93,,,
participant_28,2,day,Town10HD_Opt,2026-03-18 17:16:00.026776,67.97218322753906,25.887863159179688,0.0015977477887645,15.74,1.389,0.581,0.0,0,0,1,,1.0,2026-03-18T17:16:00.026776,neutral,0.636,2026-03-18T17:15:59.126604,0.3278794066792115,2026-03-18T17:15:59.940000,93,Solid line crossing,Solid line crossing,
participant_28,2,day,Town10HD_Opt,2026-03-18 17:16:01.180207,72.05618286132812,25.52631378173828,0.0019005584763363,16.667,0.085,0.0,0.0,0,0,1,,1.0,2026-03-18T17:16:01.180207,happy,0.842,2026-03-18T17:16:01.180207,0.3264396703949495,2026-03-18T17:16:01.965000,96,,,
participant_28,2,day,Town10HD_Opt,2026-03-18 17:16:02.053505,74.64405822753906,25.302528381347656,0.0020384597592055,12.802,1.058,0.0,0.0,0,0,1,,0.846,2026-03-18T17:16:02.053505,happy,0.842,2026-03-18T17:16:01.180207,0.3945668541426286,2026-03-18T17:16:01.965000,95,,,
participant_28,2,day,Town10HD_Opt,2026-03-18 17:16:03.246710,77.25318908691406,25.147111892700195,0.0019261168781667,10.684,5.03,0.232,0.0,0,0,1,,1.0,2026-03-18T17:16:03.246710,neutral,0.422,2026-03-18T17:16:03.246710,0.3082663531077594,2026-03-18T17:16:03.945000,94,,,
participant_28,2,day,Town10HD_Opt,2026-03-18 17:16:04.155708,79.11957550048828,25.1379508972168,0.0019788742065429,9.709,-3.573,0.0,0.0,0,0,1,,1.0,2026-03-18T17:16:04.155708,neutral,0.422,2026-03-18T17:16:03.246710,0.4372903169159929,2026-03-18T17:16:04.936000,97,,,
participant_28,2,day,Town10HD_Opt,2026-03-18 17:16:05.120682,80.8196792602539,25.06694793701172,0.0018489836947992,10.969,-0.423,0.435,0.0,0,0,1,,0.837,2026-03-18T17:16:05.120682,neutral,0.422,2026-03-18T17:16:03.246710,0.4195529418043912,2026-03-18T17:16:05.925000,95,,,
participant_28,2,day,Town10HD_Opt,2026-03-18 17:16:05.999513,83.33077239990234,24.99301719665528,0.0017816924955695,20.257,0.583,1.0,0.0,0,0,1,,1.0,2026-03-18T17:16:05.999513,neutral,0.924,2026-03-18T17:16:05.999513,0.4090145708099429,2026-03-18T17:16:05.925000,96,,,
participant_28,2,day,Town10HD_Opt,2026-03-18 17:16:07.239009,90.0550765991211,24.68140411376953,0.0015415191883221,39.686,-6.146,0.559,0.0,0,0,1,,1.0,2026-03-18T17:16:07.239009,neutral,0.924,2026-03-18T17:16:05.999513,0.482587387803342,2026-03-18T17:16:07.950000,95,,,
participant_28,2,day,Town10HD_Opt,2026-03-18 17:16:08.201488,96.99492645263672,22.68562126159668,0.0019783782772719,42.818,-19.502,0.597,0.0,0,0,1,,1.0,2026-03-18T17:16:08.201488,sad,0.595,2026-03-18T17:16:08.201488,0.4476345654967648,2026-03-18T17:16:08.985000,93,,,
participant_28,2,day,Town10HD_Opt,2026-03-18 17:16:09.149334,102.12033081054688,17.15723991394043,0.0019927597604691,44.966,-10.437,0.599,0.0,0,0,1,,1.0,2026-03-18T17:16:09.149334,sad,0.595,2026-03-18T17:16:08.201488,0.4433432681167836,2026-03-18T17:16:09.930000,94,,,
participant_28,2,day,Town10HD_Opt,2026-03-18 17:16:10.069905,105.0414810180664,9.594542503356934,0.0019459151662886,47.94,-0.919,0.597,0.0,0,0,1,,0.861,2026-03-18T17:16:10.069905,sad,0.595,2026-03-18T17:16:08.201488,0.4286863386731978,2026-03-18T17:16:09.930000,94,,,
participant_28,2,day,Town10HD_Opt,2026-03-18 17:16:11.275755,106.95403289794922,-1.764453411102295,0.0020562361460179,49.414,-0.712,0.603,0.0,0,0,1,,1.0,2026-03-18T17:16:11.275755,sad,0.581,2026-03-18T17:16:11.275755,0.5302066207564904,2026-03-18T17:16:11.955000,92,,,
participant_28,2,day,Town10HD_Opt,2026-03-18 17:16:12.129961,107.25846099853516,-10.385743141174316,0.0019761656876653,50.436,1.758,0.604,0.0,0,0,1,,1.0,2026-03-18T17:16:12.129961,sad,0.581,2026-03-18T17:16:11.275755,0.4945934225764036,2026-03-18T17:16:11.955000,93,,,
participant_28,2,day,Town10HD_Opt,2026-03-18 17:16:13.015832,107.94116973876952,-19.02510643005371,0.0020425033289939,49.318,-3.125,0.604,0.0,0,0,1,,1.0,2026-03-18T17:16:13.015832,sad,0.581,2026-03-18T17:16:11.275755,0.5951374415622238,2026-03-18T17:16:13.079000,95,,,
participant_28,2,day,Town10HD_Opt,2026-03-18 17:16:14.204402,107.28883361816406,-30.550365447998047,0.0020561600103974,49.452,-5.148,0.603,0.0,0,0,1,,1.0,2026-03-18T17:16:14.204402,sad,0.579,2026-03-18T17:16:14.204402,0.564996791130656,2026-03-18T17:16:14.926000,92,,,
participant_28,2,day,Town10HD_Opt,2026-03-18 17:16:15.123147,104.5234832763672,-38.83523941040039,0.0021102523896843,49.267,-3.266,0.603,0.0,0,0,1,,1.0,2026-03-18T17:16:15.123147,sad,0.579,2026-03-18T17:16:14.204402,0.5220555900080259,2026-03-18T17:16:15.960000,97,,,
participant_28,2,day,Town10HD_Opt,2026-03-18 17:16:16.064514,100.5611572265625,-46.62043380737305,0.0020796202588826,49.33,-4.119,0.603,0.0,0,0,1,,1.0,2026-03-18T17:16:16.064514,sad,0.579,2026-03-18T17:16:14.204402,0.5715850989965322,2026-03-18T17:16:15.960000,94,,,
participant_28,2,day,Town10HD_Opt,2026-03-18 17:16:17.254384,93.28526306152344,-55.61757659912109,0.0021532820537686,48.56,-5.995,0.603,0.0,0,0,1,,1.0,2026-03-18T17:16:17.254384,sad,0.724,2026-03-18T17:16:17.254384,0.5380262208267937,2026-03-18T17:16:18.030000,95,,,
participant_28,2,day,Town10HD_Opt,2026-03-18 17:16:18.116785,86.34127807617188,-60.6665267944336,0.0019761275034397,50.418,-5.512,0.603,0.0,0,0,1,,1.0,2026-03-18T17:16:18.116785,sad,0.724,2026-03-18T17:16:17.254384,0.5101370600265132,2026-03-18T17:16:18.030000,95,,,
participant_28,2,day,Town10HD_Opt,2026-03-18 17:16:19.249178,75.54139709472656,-64.89566040039062,0.0019828414078801,50.7,-4.077,0.0,0.0,0,0,1,,1.0,2026-03-18T17:16:19.249178,sad,0.724,2026-03-18T17:16:17.254384,0.5750626914942553,2026-03-18T17:16:19.965000,96,,,
participant_28,2,day,Town10HD_Opt,2026-03-18 17:16:20.104533,66.9502182006836,-66.30944061279297,0.002003707922995,50.311,-2.786,0.604,0.0,0,0,1,,0.839,2026-03-18T17:16:20.104533,sad,0.499,2026-03-18T17:16:20.104533,0.5699109136490113,2026-03-18T17:16:19.965000,96,,,
participant_28,2,day,Town10HD_Opt,2026-03-18 17:16:21.026883,58.28276824951172,-66.64918518066406,0.0020591353531926,49.187,-0.754,0.603,0.0,0,0,1,,0.869,2026-03-18T17:16:21.026883,sad,0.499,2026-03-18T17:16:20.104533,0.5657846516445129,2026-03-18T17:16:21,100,,,
participant_28,2,day,Town10HD_Opt,2026-03-18 17:16:22.208681,46.6660385131836,-66.44775390625,0.0020414351020008,49.826,0.437,0.603,0.0,0,0,1,,1.0,2026-03-18T17:16:22.208681,sad,0.669,2026-03-18T17:16:22.208681,0.5892624794988253,2026-03-18T17:16:22.935000,97,,,
participant_28,2,day,Town10HD_Opt,2026-03-18 17:16:23.139489,37.93516540527344,-66.3133544921875,0.0020733261480927,49.398,0.451,0.603,0.0,0,0,1,,1.0,2026-03-18T17:16:23.139489,sad,0.669,2026-03-18T17:16:22.208681,0.5858831446012573,2026-03-18T17:16:23.970000,97,,,
participant_28,2,day,Town10HD_Opt,2026-03-18 17:16:24.022903,29.20036125183105,-66.34449768066406,0.0021460724528878,48.7,-0.092,0.604,0.0,0,0,1,,1.0,2026-03-18T17:16:24.022903,sad,0.669,2026-03-18T17:16:22.208681,0.5449268000454206,2026-03-18T17:16:23.970000,98,,,
participant_28,2,day,Town10HD_Opt,2026-03-18 17:16:25.201007,17.611738204956055,-66.41344451904297,0.0021064376924186,49.317,0.385,0.604,0.0,0,0,1,,1.0,2026-03-18T17:16:25.201007,neutral,0.429,2026-03-18T17:16:25.201007,0.5605253323531945,2026-03-18T17:16:25.950000,92,,,
participant_28,2,day,Town10HD_Opt,2026-03-18 17:16:26.091182,8.870302200317383,-66.60201263427734,0.0020899581722915,49.369,0.862,0.595,0.0,0,0,1,,1.0,2026-03-18T17:16:26.091182,neutral,0.429,2026-03-18T17:16:25.201007,0.7289395586299486,2026-03-18T17:16:26.939000,91,,,
participant_28,2,day,Town10HD_Opt,2026-03-18 17:16:27.258442,-2.3296687602996826,-67.04212188720703,0.0023228072095662,42.888,-1.68,0.0,0.0,0,0,1,,1.0,2026-03-18T17:16:27.258442,sad,0.476,2026-03-18T17:16:27.258442,0.6470027925229844,2026-03-18T17:16:27.975000,88,,,
participant_28,2,day,Town10HD_Opt,2026-03-18 17:16:28.162123,-9.03529930114746,-67.04217529296875,0.0023434066679328,33.227,1.358,0.0,0.004,0,0,1,phone_call,0.967,2026-03-18T17:16:28.162123,sad,0.476,2026-03-18T17:16:27.258442,0.7092530787445903,2026-03-18T17:16:28.965000,90,,,
participant_28,2,day,Town10HD_Opt,2026-03-18 17:16:29.049432,-14.097744941711426,-67.16854095458984,0.0023686217609792,23.469,-0.914,0.0,0.477,0,0,1,,1.0,2026-03-18T17:16:29.049432,sad,0.476,2026-03-18T17:16:27.258442,0.7158841262654662,2026-03-18T17:16:28.965000,91,,,
participant_28,2,day,Town10HD_Opt,2026-03-18 17:16:30.152978,-18.249073028564453,-67.2262954711914,0.0021851349156349,11.338,-0.677,0.0,0.782,0,0,1,,1.0,2026-03-18T17:16:30.152978,neutral,0.421,2026-03-18T17:16:30.152978,0.7715685113105919,2026-03-18T17:16:30.945000,92,,,errors=Harsh braking
participant_28,2,day,Town10HD_Opt,2026-03-18 17:16:30.990706,-19.302898406982425,-67.22992706298828,0.0023297881707549,0.001,-0.595,0.0,0.789,0,0,1,,1.0,2026-03-18T17:16:30.990706,neutral,0.421,2026-03-18T17:16:30.152978,0.7792483649424502,2026-03-18T17:16:30.945000,91,,,
participant_28,2,day,Town10HD_Opt,2026-03-18 17:16:32.102439,-19.30408477783203,-67.22991943359375,0.0019236373482272,0.008,-0.552,0.0,0.0,0,0,1,,1.0,2026-03-18T17:16:32.102439,neutral,0.421,2026-03-18T17:16:30.152978,0.7821887377186766,2026-03-18T17:16:31.937000,95,,,
participant_28,2,day,Town10HD_Opt,2026-03-18 17:16:33.242976,-19.30432510375977,-67.22991943359375,0.0019189071608707,0.006,-0.552,0.0,0.0,0,0,1,,1.0,2026-03-18T17:16:33.242976,neutral,0.979,2026-03-18T17:16:33.242976,0.7941633864776514,2026-03-18T17:16:33.960000,99,,,
participant_28,2,day,Town10HD_Opt,2026-03-18 17:16:34.084955,-19.30426406860352,-67.22991943359375,0.0019188307924196,0.007,-0.557,0.0,0.0,0,0,1,,1.0,2026-03-18T17:16:34.084955,neutral,0.979,2026-03-18T17:16:33.242976,0.8194128401432624,2026-03-18T17:16:33.960000,97,,,
participant_28,2,day,Town10HD_Opt,2026-03-18 17:16:35.194543,-19.313066482543945,-67.22992706298828,0.001918678288348,0.065,-0.576,0.0,0.0,0,0,1,,1.0,2026-03-18T17:16:35.194543,neutral,0.979,2026-03-18T17:16:33.242976,0.8200092935658827,2026-03-18T17:16:35.940000,95,,,
participant_28,2,day,Town10HD_Opt,2026-03-18 17:16:36.026521,-19.322629928588867,-67.22994232177734,0.0019194411579519,0.051,-0.587,0.0,0.0,0,0,1,,1.0,2026-03-18T17:16:36.026521,sad,0.958,2026-03-18T17:16:36.026521,0.7806872874121505,2026-03-18T17:16:35.940000,93,,,
participant_28,2,day,Town10HD_Opt,2026-03-18 17:16:37.137473,-19.331457138061523,-67.2299575805664,0.0019220733083784,0.029,-0.587,0.184,0.0,0,0,1,,1.0,2026-03-18T17:16:37.137473,sad,0.958,2026-03-18T17:16:36.026521,0.8179151410684626,2026-03-18T17:16:37.965000,96,,,
participant_28,2,day,Town10HD_Opt,2026-03-18 17:16:38.239778,-19.77461814880371,-67.23051452636719,0.001697196974419,6.327,-0.606,0.68,0.0,0,0,1,,1.0,2026-03-18T17:16:38.239778,sad,0.94,2026-03-18T17:16:38.239778,0.8388492248906418,2026-03-18T17:16:39.046000,96,,,
participant_28,2,day,Town10HD_Opt,2026-03-18 17:16:39.103346,-21.6032657623291,-67.22309112548828,0.0016491317655891,14.94,-0.646,0.603,0.0,0,0,1,,1.0,2026-03-18T17:16:39.103346,sad,0.94,2026-03-18T17:16:38.239778,0.8630699530174516,2026-03-18T17:16:39.046000,96,,,
participant_28,2,day,Town10HD_Opt,2026-03-18 17:16:40.222325,-25.9642276763916,-67.161376953125,0.0018641280476003,22.71,0.139,0.609,0.0,0,0,1,,1.0,2026-03-18T17:16:40.222325,sad,0.94,2026-03-18T17:16:38.239778,0.8941206945551734,2026-03-18T17:16:40.935000,94,,,
participant_28,2,day,Town10HD_Opt,2026-03-18 17:16:41.093951,-30.433292388916016,-67.15229034423828,0.0018471527146175,28.795,0.975,0.605,0.0,0,0,1,,1.0,2026-03-18T17:16:41.093951,neutral,0.942,2026-03-18T17:16:41.093951,0.8767001761824043,2026-03-18T17:16:40.935000,96,,,
participant_28,2,day,Town10HD_Opt,2026-03-18 17:16:42.189405,-37.94397735595703,-67.32420349121094,0.0018738555954769,35.899,0.634,0.606,0.0,0,0,1,,0.821,2026-03-18T17:16:42.189405,neutral,0.942,2026-03-18T17:16:41.093951,0.915530889425077,2026-03-18T17:16:42.960000,94,,,
participant_28,2,day,Town10HD_Opt,2026-03-18 17:16:43.051423,-44.59450912475586,-67.62326049804688,0.0018951415549963,40.488,0.167,0.605,0.0,0,0,1,,0.914,2026-03-18T17:16:43.051423,neutral,0.942,2026-03-18T17:16:41.093951,0.908106724566481,2026-03-18T17:16:42.960000,96,,,
participant_28,2,day,Town10HD_Opt,2026-03-18 17:16:44.164748,-54.61109161376953,-68.0365982055664,0.0019209289457648,45.646,-0.909,0.604,0.0,0,0,1,,0.901,2026-03-18T17:16:44.164748,neutral,0.974,2026-03-18T17:16:44.164748,0.9348238393905158,2026-03-18T17:16:44.985000,94,,,
participant_28,2,day,Town10HD_Opt,2026-03-18 17:16:45.248821,-65.7408218383789,-68.01109313964844,0.0019359206780791,50.014,-0.766,0.609,0.0,0,0,1,,1.0,2026-03-18T17:16:45.248821,neutral,0.974,2026-03-18T17:16:44.164748,0.8954549315470306,2026-03-18T17:16:45.975000,92,,,
participant_28,2,day,Town10HD_Opt,2026-03-18 17:16:46.113616,-74.44548797607422,-67.4886474609375,0.0020437622442841,49.733,-6.109,0.612,0.0,0,0,1,,0.84,2026-03-18T17:16:46.113616,neutral,0.974,2026-03-18T17:16:44.164748,0.9362027156614936,2026-03-18T17:16:46.965000,92,,,
participant_28,2,day,Town10HD_Opt,2026-03-18 17:16:47.018206,-82.8848876953125,-65.3199234008789,0.0020906447898596,49.382,-3.983,0.61,0.0,0,0,1,,1.0,2026-03-18T17:16:47.018206,sad,0.77,2026-03-18T17:16:47.018206,0.9238559060086112,2026-03-18T17:16:46.965000,96,,,
participant_28,2,day,Town10HD_Opt,2026-03-18 17:16:48.186446,-93.18541717529295,-60.055458068847656,0.0020787429530173,49.073,-5.04,0.615,0.0,0,0,1,,1.0,2026-03-18T17:16:48.186446,sad,0.77,2026-03-18T17:16:47.018206,0.9358283935923436,2026-03-18T17:16:48.945000,95,,,
participant_28,2,day,Town10HD_Opt,2026-03-18 17:16:49.044179,-99.9490737915039,-54.52837753295898,0.0020994949154555,49.098,-5.529,0.614,0.0,0,0,1,,0.897,2026-03-18T17:16:49.044179,sad,0.55,2026-03-18T17:16:49.044179,0.9086727959132026,2026-03-18T17:16:48.945000,94,Solid line crossing,Solid line crossing,
participant_28,2,day,Town10HD_Opt,2026-03-18 17:16:50.025175,-105.30513763427734,-47.77900314331055,0.0019723891746252,50.615,-4.995,0.0,0.0,0,0,1,,1.0,2026-03-18T17:16:50.025175,sad,0.55,2026-03-18T17:16:49.044179,0.8914579053807521,2026-03-18T17:16:49.943000,94,,,
participant_28,2,day,Town10HD_Opt,2026-03-18 17:16:51.249247,-110.04812622070312,-37.31841659545898,0.0020200728904455,49.466,-6.17,0.44,0.0,0,0,1,,0.884,2026-03-18T17:16:51.249247,neutral,0.759,2026-03-18T17:16:51.249247,0.8932060286919883,2026-03-18T17:16:51.960000,91,,,
participant_28,2,day,Town10HD_Opt,2026-03-18 17:16:52.162003,-111.29071044921876,-28.93506622314453,0.0021462249569594,46.877,-5.167,0.385,0.0,0,0,1,,1.0,2026-03-18T17:16:52.162003,neutral,0.759,2026-03-18T17:16:51.249247,0.8906794394371618,2026-03-18T17:16:52.951000,93,,,
participant_28,2,day,Town10HD_Opt,2026-03-18 17:16:53.113456,-111.05418395996094,-20.84892845153809,0.0020335006993263,46.42,3.191,0.557,0.0,0,0,1,,1.0,2026-03-18T17:16:53.113456,neutral,0.759,2026-03-18T17:16:51.249247,0.8362427821461821,2026-03-18T17:16:53.940000,94,,,
participant_28,2,day,Town10HD_Opt,2026-03-18 17:16:54.086635,-111.28450012207033,-12.39358139038086,0.0017965697916224,51.964,-1.469,0.0,0.186,0,0,1,,1.0,2026-03-18T17:16:54.086635,sad,0.684,2026-03-18T17:16:54.086635,0.8431407581513587,2026-03-18T17:16:53.940000,93,,,
participant_28,2,day,Town10HD_Opt,2026-03-18 17:16:55.011965,-111.39771270751952,-3.652797222137451,0.001883239718154,52.05,-2.97,0.0,0.154,0,0,1,,0.879,2026-03-18T17:16:55.011965,sad,0.684,2026-03-18T17:16:54.086635,0.8891245574680066,2026-03-18T17:16:54.986000,92,,,errors=Red light violation
participant_28,2,day,Town10HD_Opt,2026-03-18 17:16:56.238114,-109.95741271972656,7.781291484832764,0.0023444364778697,47.8,-4.299,0.251,0.0,0,0,1,,0.816,2026-03-18T17:16:56.238114,sad,0.708,2026-03-18T17:16:56.238114,0.8650776169024477,2026-03-18T17:16:56.955000,93,,,
participant_28,2,day,Town10HD_Opt,2026-03-18 17:16:57.120573,-107.6414031982422,15.108046531677246,0.0022370147053152,38.392,-6.161,0.0,0.0,0,0,1,,0.811,2026-03-18T17:16:57.120573,sad,0.708,2026-03-18T17:16:56.238114,0.8836210814594698,2026-03-18T17:16:57.946000,94,,,
participant_28,2,day,Town10HD_Opt,2026-03-18 17:16:58.043754,-104.5044403076172,20.201112747192383,0.0022467421367764,31.46,-14.097,0.624,0.0,0,0,1,,1.0,2026-03-18T17:16:58.043754,sad,0.708,2026-03-18T17:16:56.238114,0.8626889297522606,2026-03-18T17:16:57.946000,94,,,
participant_28,2,day,Town10HD_Opt,2026-03-18 17:16:59.006439,-99.8682861328125,24.174440383911133,0.0016636657528579,41.538,-1.523,0.945,0.0,0,0,1,,0.881,2026-03-18T17:16:59.006439,sad,0.73,2026-03-18T17:16:59.006439,0.8938329033801397,2026-03-18T17:16:58.936000,94,,,
participant_28,2,day,Town10HD_Opt,2026-03-18 17:17:00.292952,-90.06414031982422,29.11961936950684,0.0021214294247329,48.137,-18.508,0.942,0.0,0,0,1,,1.0,2026-03-18T17:17:00.292952,sad,0.73,2026-03-18T17:16:59.006439,0.8399389019397872,2026-03-18T17:17:00.960000,96,,,errors=Solid line crossing
participant_28,2,day,Town10HD_Opt,2026-03-18 17:17:01.248485,-81.37958526611328,28.125492095947266,0.002118453849107,49.06,10.562,0.995,0.0,0,0,1,,1.0,2026-03-18T17:17:01.248485,happy,0.939,2026-03-18T17:17:01.248485,0.8909854259397052,2026-03-18T17:17:01.950000,94,,,
participant_28,2,day,Town10HD_Opt,2026-03-18 17:17:02.211606,-73.48233032226562,27.824350357055664,0.0022842406760901,41.773,-3.045,0.963,0.0,0,0,1,,1.0,2026-03-18T17:17:02.211606,happy,0.939,2026-03-18T17:17:01.248485,0.8922033911315513,2026-03-18T17:17:02.985000,91,,,
participant_28,2,day,Town10HD_Opt,2026-03-18 17:17:03.175859,-65.28054809570312,27.608333587646484,0.0016500090714544,52.901,-0.009,0.0,0.289,0,0,1,,1.0,2026-03-18T17:17:03.175859,happy,0.939,2026-03-18T17:17:01.248485,0.8721640475948563,2026-03-18T17:17:03.975000,95,,,
participant_28,2,day,Town10HD_Opt,2026-03-18 17:17:04.114765,-56.50961685180664,27.32729148864746,0.0019428252708166,51.328,0.505,0.0,0.0,0,0,1,,1.0,2026-03-18T17:17:04.114765,happy,0.993,2026-03-18T17:17:04.114765,0.907086292656016,2026-03-18T17:17:04.965000,96,,,
participant_28,2,day,Town10HD_Opt,2026-03-18 17:17:05.030585,-47.73076248168945,27.18824958801269,0.0019750595092773,50.534,0.879,0.0,0.0,0,0,1,,0.868,2026-03-18T17:17:05.030585,happy,0.993,2026-03-18T17:17:04.114765,0.8654284895194523,2026-03-18T17:17:04.965000,94,,,
participant_28,2,day,Town10HD_Opt,2026-03-18 17:17:06.223748,-36.00348663330078,28.077322006225582,0.0018931579543277,51.613,-6.872,0.0,0.201,0,0,1,,1.0,2026-03-18T17:17:06.223748,happy,0.698,2026-03-18T17:17:06.223748,0.8681499208483691,2026-03-18T17:17:06.945000,93,,,
participant_28,2,day,Town10HD_Opt,2026-03-18 17:17:07.143328,-27.31354141235352,27.985822677612305,0.00186828605365,51.748,2.163,0.0,0.167,0,0,1,,1.0,2026-03-18T17:17:07.143328,happy,0.698,2026-03-18T17:17:06.223748,0.8767861931694078,2026-03-18T17:17:07.936000,92,,,
participant_28,2,day,Town10HD_Opt,2026-03-18 17:17:08.065877,-18.58776092529297,27.667823791503903,0.0019668196327984,50.762,-2.428,0.695,0.0,0,0,1,,0.847,2026-03-18T17:17:08.065877,happy,0.698,2026-03-18T17:17:06.223748,0.8860351857851602,2026-03-18T17:17:07.936000,93,,,
participant_28,2,day,Town10HD_Opt,2026-03-18 17:17:09.012680,-9.887456893920898,27.01784324645996,0.0013795470586046,50.347,0.127,0.698,0.0,0,0,1,,1.0,2026-03-18T17:17:09.012680,happy,0.975,2026-03-18T17:17:09.012680,0.8428233681255146,2026-03-18T17:17:08.975000,94,,,
participant_28,2,day,Town10HD_Opt,2026-03-18 17:17:10.238236,1.7175463438034058,26.076772689819336,0.0019760131835937,50.149,-0.395,0.112,0.0,0,0,1,,0.889,2026-03-18T17:17:10.238236,happy,0.975,2026-03-18T17:17:09.012680,0.9020416415555512,2026-03-18T17:17:10.950000,99,,,
participant_28,2,day,Town10HD_Opt,2026-03-18 17:17:11.163632,9.682493209838867,25.38481330871582,0.0023785780649632,39.823,2.704,0.0,0.0,0,0,1,,1.0,2026-03-18T17:17:11.163632,neutral,0.532,2026-03-18T17:17:11.163632,0.9149195690699248,2026-03-18T17:17:11.985000,95,,,
participant_28,2,day,Town10HD_Opt,2026-03-18 17:17:12.118945,15.91450309753418,25.33873748779297,0.0023277283180505,31.318,3.335,0.0,0.0,0,0,1,,0.9,2026-03-18T17:17:12.118945,neutral,0.532,2026-03-18T17:17:11.163632,0.8241790482130988,2026-03-18T17:17:11.985000,95,,,
participant_28,2,day,Town10HD_Opt,2026-03-18 17:17:13.059374,20.83465003967285,25.75731658935547,0.0021486282348632,26.475,3.109,0.317,0.0,0,0,1,,0.851,2026-03-18T17:17:13.059374,neutral,0.532,2026-03-18T17:17:11.163632,0.9330350831785608,2026-03-18T17:17:12.976000,91,,,
participant_28,2,day,Town10HD_Opt,2026-03-18 17:17:14.002310,25.326080322265625,26.51546859741211,0.0020669936202466,25.754,5.108,0.467,0.0,0,0,1,,0.842,2026-03-18T17:17:14.002310,neutral,0.839,2026-03-18T17:17:14.002310,0.8443508302694147,2026-03-18T17:17:13.977000,92,,,
participant_28,2,day,Town10HD_Opt,2026-03-18 17:17:15.286391,31.35922813415528,28.5505313873291,0.0019530105637386,29.357,11.895,0.49,0.0,0,0,1,,1.0,2026-03-18T17:17:15.286391,neutral,0.839,2026-03-18T17:17:14.002310,0.8561078902267641,2026-03-18T17:17:15.990000,95,,,
participant_28,2,day,Town10HD_Opt,2026-03-18 17:17:16.203464,35.612815856933594,31.6788272857666,0.0019999693613499,31.467,13.723,0.487,0.0,0,0,1,,1.0,2026-03-18T17:17:16.203464,happy,0.991,2026-03-18T17:17:16.203464,0.7872800860624817,2026-03-18T17:17:16.935000,96,,,
participant_28,2,day,Town10HD_Opt,2026-03-18 17:17:17.139778,38.73679733276367,36.360633850097656,0.002005805959925,33.236,12.049,0.483,0.0,0,0,1,,1.0,2026-03-18T17:17:17.139778,happy,0.991,2026-03-18T17:17:16.203464,0.8722560320534214,2026-03-18T17:17:17.971000,95,,,
participant_28,2,day,Town10HD_Opt,2026-03-18 17:17:18.070891,40.45633316040039,41.86125946044922,0.0022064589429646,30.376,3.196,0.0,0.0,0,0,1,,0.903,2026-03-18T17:17:18.070891,happy,0.991,2026-03-18T17:17:16.203464,0.959242547573821,2026-03-18T17:17:17.971000,95,,,errors=Solid line crossing
participant_28,2,day,Town10HD_Opt,2026-03-18 17:17:19.256544,41.51273727416992,47.6796760559082,0.0023889541625976,15.11,12.592,0.0,0.638,0,0,1,,1.0,2026-03-18T17:17:19.256544,neutral,0.729,2026-03-18T17:17:19.256544,0.9046563741503432,2026-03-18T17:17:19.951000,92,,,
participant_28,2,day,Town10HD_Opt,2026-03-18 17:17:20.130456,41.53933334350586,48.14993667602539,0.0020590210333466,0.0,6.661,0.0,0.832,0,0,1,,0.812,2026-03-18T17:17:20.130456,neutral,0.729,2026-03-18T17:17:19.256544,0.7942683434141086,2026-03-18T17:17:20.940000,94,,,
participant_28,2,day,Town10HD_Opt,2026-03-18 17:17:21.228907,41.53934097290039,48.15011596679688,0.0019207000732421,0.0,5.238,0.0,0.0,0,0,1,,1.0,2026-03-18T17:17:21.228907,neutral,0.729,2026-03-18T17:17:19.256544,0.9080141520110084,2026-03-18T17:17:20.940000,93,,,
participant_28,2,day,Town10HD_Opt,2026-03-18 17:17:22.076172,41.53934097290039,48.15011596679688,0.0019195555942133,0.0,5.363,0.0,0.0,0,0,1,,1.0,2026-03-18T17:17:22.076172,sad,0.754,2026-03-18T17:17:22.076172,0.9348523324449588,2026-03-18T17:17:22.110000,92,,,
participant_28,2,day,Town10HD_Opt,2026-03-18 17:17:23.201954,41.53919982910156,48.14756393432617,0.0019125747494399,0.076,6.998,0.0,0.0,0,0,1,,0.846,2026-03-18T17:17:23.201954,sad,0.754,2026-03-18T17:17:22.076172,0.8646562736143465,2026-03-18T17:17:23.955000,95,,,
participant_28,2,day,Town10HD_Opt,2026-03-18 17:17:24.066784,41.53945541381836,48.15484237670898,0.0019176482455804,0.067,8.162,0.082,0.0,0,0,1,,0.869,2026-03-18T17:17:24.066784,sad,0.754,2026-03-18T17:17:22.076172,0.9441525800049198,2026-03-18T17:17:23.955000,93,,,
participant_28,2,day,Town10HD_Opt,2026-03-18 17:17:25.224394,41.54078674316406,48.213470458984375,0.001835327129811,1.887,9.605,0.666,0.0,0,0,1,,1.0,2026-03-18T17:17:25.224394,sad,0.81,2026-03-18T17:17:25.224394,0.8571860122730558,2026-03-18T17:17:25.935000,94,,,
participant_28,2,day,Town10HD_Opt,2026-03-18 17:17:26.070351,41.49872970581055,49.32378768920898,0.0016006468795239,11.809,11.941,0.646,0.0,0,0,1,,1.0,2026-03-18T17:17:26.070351,sad,0.81,2026-03-18T17:17:25.224394,0.8104838503467807,2026-03-18T17:17:25.935000,95,,,
participant_28,2,day,Town10HD_Opt,2026-03-18 17:17:27.263082,41.03782653808594,52.85519027709961,0.001894531189464,16.417,-0.04,0.246,0.0,0,0,1,,0.802,2026-03-18T17:17:27.263082,happy,1.0,2026-03-18T17:17:27.263082,0.8436532641522814,2026-03-18T17:17:27.960000,94,,,errors=Stop sign violation | Solid line crossing
participant_28,2,day,Town10HD_Opt,2026-03-18 17:17:28.134657,40.77932357788086,55.745643615722656,0.0018795394571498,17.238,-1.438,0.334,0.0,0,0,1,,1.0,2026-03-18T17:17:28.134657,happy,1.0,2026-03-18T17:17:27.263082,0.8207753629670371,2026-03-18T17:17:27.960000,93,,,
participant_28,2,day,Town10HD_Opt,2026-03-18 17:17:28.993353,40.68817901611328,58.87392044067383,0.0020643614698201,18.83,-15.189,0.805,0.0,0,0,1,,1.0,2026-03-18T17:17:28.993353,happy,1.0,2026-03-18T17:17:27.263082,0.7467358305375685,2026-03-18T17:17:29.040000,95,,,
participant_28,2,day,Town10HD_Opt,2026-03-18 17:17:30.146493,42.38799285888672,64.31706237792969,0.0018292998429387,30.406,-15.267,0.643,0.0,0,0,1,,1.0,2026-03-18T17:17:30.146493,happy,1.0,2026-03-18T17:17:30.146493,0.6864586180007068,2026-03-18T17:17:30.975000,95,,,
participant_28,2,day,Town10HD_Opt,2026-03-18 17:17:31.028835,46.16725540161133,68.61738586425781,0.0018982696346938,35.985,-16.362,0.638,0.0,0,0,1,,1.0,2026-03-18T17:17:31.028835,happy,1.0,2026-03-18T17:17:30.146493,0.7111950780987962,2026-03-18T17:17:30.975000,91,,,
participant_28,2,day,Town10HD_Opt,2026-03-18 17:17:32.193330,54.62923049926758,71.2751693725586,0.001940498361364,41.759,-12.342,0.632,0.0,0,0,1,,1.0,2026-03-18T17:17:32.193330,happy,0.86,2026-03-18T17:17:32.193330,0.7366225198086902,2026-03-18T17:17:32.955000,92,,,
participant_28,2,day,Town10HD_Opt,2026-03-18 17:17:33.148669,61.90876388549805,70.73717498779297,0.0022670363541692,38.115,6.388,0.0,0.0,0,0,1,,1.0,2026-03-18T17:17:33.148669,happy,0.86,2026-03-18T17:17:32.193330,0.7104706000637719,2026-03-18T17:17:33.946000,94,,,
participant_28,2,day,Town10HD_Opt,2026-03-18 17:17:34.003881,67.87155151367188,70.78911590576172,0.0023188018240034,29.436,-4.766,0.0,0.0,0,0,1,,1.0,2026-03-18T17:17:34.003881,happy,0.86,2026-03-18T17:17:32.193330,0.743628975123011,2026-03-18T17:17:33.946000,95,,,
participant_28,2,day,Town10HD_Opt,2026-03-18 17:17:35.136041,73.69914245605469,70.49272918701172,0.0022709656041115,19.967,1.765,0.0,0.345,0,0,1,,0.882,2026-03-18T17:17:35.136041,sad,0.492,2026-03-18T17:17:35.136041,0.7245953025136413,2026-03-18T17:17:35.970000,100,,,
participant_28,2,day,Town10HD_Opt,2026-03-18 17:17:35.990143,76.57833099365234,70.4234619140625,0.002127876272425,12.625,-1.271,0.0,0.066,0,0,1,,1.0,2026-03-18T17:17:35.990143,sad,0.492,2026-03-18T17:17:35.136041,0.6767303752682648,2026-03-18T17:17:35.970000,100,,,
participant_28,2,day,Town10HD_Opt,2026-03-18 17:17:37.169859,79.09423828125,70.32372283935547,0.0020050429739058,8.891,-0.914,0.0,0.0,0,0,1,,1.0,2026-03-18T17:17:37.169859,sad,0.599,2026-03-18T17:17:37.169859,0.7258703391864331,2026-03-18T17:17:37.950000,104,,,
participant_28,2,day,Town10HD_Opt,2026-03-18 17:17:38.011928,80.48201751708984,70.25485229492188,0.0019509505946189,7.437,-0.858,0.373,0.0,0,0,1,,0.906,2026-03-18T17:17:38.011928,sad,0.599,2026-03-18T17:17:37.169859,0.6785841680919448,2026-03-18T17:17:37.950000,101,,,
participant_28,2,day,Town10HD_Opt,2026-03-18 17:17:39.108491,83.39178466796875,70.10140991210938,0.0017915343632921,19.323,1.565,0.755,0.0,0,0,1,,0.89,2026-03-18T17:17:39.108491,sad,0.599,2026-03-18T17:17:37.169859,0.8232350671590751,2026-03-18T17:17:38.941000,99,,,
participant_28,2,day,Town10HD_Opt,2026-03-18 17:17:40.239051,88.64588928222656,70.34901428222656,0.0021202850621193,22.417,12.296,0.206,0.0,0,0,1,,1.0,2026-03-18T17:17:40.239051,happy,0.921,2026-03-18T17:17:40.239051,0.8475827412041729,2026-03-18T17:17:40.965000,94,,,
participant_28,2,day,Town10HD_Opt,2026-03-18 17:17:41.075096,92.10201263427734,71.493896484375,0.0021370314061641,19.75,15.6,0.297,0.0,0,0,1,,1.0,2026-03-18T17:17:41.075096,happy,0.921,2026-03-18T17:17:40.239051,0.7533492462387888,2026-03-18T17:17:40.965000,96,,,
participant_28,2,day,Town10HD_Opt,2026-03-18 17:17:42.179664,95.64459991455078,74.20722198486328,0.0020501709077507,19.481,16.803,0.377,0.0,0,0,1,,1.0,2026-03-18T17:17:42.179664,happy,0.921,2026-03-18T17:17:40.239051,0.8090509730439733,2026-03-18T17:17:42.945000,93,,,
participant_28,2,day,Town10HD_Opt,2026-03-18 17:17:43.022911,97.55323791503906,77.10346984863281,0.0020184707827866,20.762,16.369,0.419,0.0,0,0,1,,1.0,2026-03-18T17:17:43.022911,neutral,0.974,2026-03-18T17:17:43.022911,0.743399002858746,2026-03-18T17:17:42.945000,92,,,
participant_28,2,day,Town10HD_Opt,2026-03-18 17:17:44.140514,98.87862396240234,82.00296020507812,0.0019905471708625,23.304,7.411,0.479,0.0,0,0,1,,1.0,2026-03-18T17:17:44.140514,neutral,0.974,2026-03-18T17:17:43.022911,0.8568628958309487,2026-03-18T17:17:44.971000,94,,,
participant_28,2,day,Town10HD_Opt,2026-03-18 17:17:45.004009,99.25450897216795,86.5126724243164,0.0017077254597097,31.702,3.304,0.991,0.0,0,0,1,,0.931,2026-03-18T17:17:45.004009,neutral,0.974,2026-03-18T17:17:43.022911,0.7246295299680237,2026-03-18T17:17:44.971000,93,,,
participant_28,2,day,Town10HD_Opt,2026-03-18 17:17:46.156689,98.94485473632812,95.70079803466795,0.0017575835809111,46.114,5.174,0.744,0.0,0,0,1,,1.0,2026-03-18T17:17:46.156689,neutral,0.545,2026-03-18T17:17:46.156689,0.6984537911628649,2026-03-18T17:17:46.950000,94,,,
participant_28,2,day,Town10HD_Opt,2026-03-18 17:17:47.255256,95.9628677368164,106.73296356201172,0.0021157073788344,49.076,4.277,0.732,0.0,0,0,1,,1.0,2026-03-18T17:17:47.255256,neutral,0.545,2026-03-18T17:17:46.156689,0.6905301035864929,2026-03-18T17:17:48.030000,96,,,
participant_28,2,day,Town10HD_Opt,2026-03-18 17:17:48.093394,91.86746978759766,114.4430923461914,0.0021377182565629,49.079,4.348,0.727,0.0,0,0,1,,1.0,2026-03-18T17:17:48.093394,neutral,0.545,2026-03-18T17:17:46.156689,0.5941210583246336,2026-03-18T17:17:48.030000,96,,,
participant_28,2,day,Town10HD_Opt,2026-03-18 17:17:49.204936,84.25923919677734,123.08473205566406,0.0020137405954301,49.875,8.818,0.708,0.0,0,0,1,,1.0,2026-03-18T17:17:49.204936,neutral,0.461,2026-03-18T17:17:49.204936,0.638224713245074,2026-03-18T17:17:49.967000,94,,,errors=Solid line crossing
participant_28,2,day,Town10HD_Opt,2026-03-18 17:17:50.060383,76.70720672607422,127.2400360107422,0.0021272278390824,48.362,4.948,0.705,0.0,0,0,1,,1.0,2026-03-18T17:17:50.060383,neutral,0.461,2026-03-18T17:17:49.204936,0.5744936252192682,2026-03-18T17:17:49.967000,91,,,
participant_28,2,day,Town10HD_Opt,2026-03-18 17:17:51.227370,65.44823455810547,129.96041870117188,0.0020702742040157,49.647,3.69,0.705,0.0,0,0,1,,1.0,2026-03-18T17:17:51.227370,neutral,0.828,2026-03-18T17:17:51.227370,0.496673226310282,2026-03-18T17:17:51.945000,93,,,
participant_28,2,day,Town10HD_Opt,2026-03-18 17:17:52.117810,56.73876953125,130.58453369140625,0.0020927428267896,49.405,0.338,0.705,0.0,0,0,1,,0.839,2026-03-18T17:17:52.117810,neutral,0.828,2026-03-18T17:17:51.227370,0.4863080165430289,2026-03-18T17:17:51.945000,91,,,
participant_28,2,day,Town10HD_Opt,2026-03-18 17:17:53.084709,48.00450134277344,130.83499145507812,0.0021165085490792,49.179,0.771,0.706,0.0,0,0,1,,1.0,2026-03-18T17:17:53.084709,neutral,0.828,2026-03-18T17:17:51.227370,0.5472879387234163,2026-03-18T17:17:53.161000,89,,,
participant_28,2,day,Town10HD_Opt,2026-03-18 17:17:53.992573,39.26896667480469,131.06924438476562,0.002134742680937,49.04,-0.094,0.706,0.0,0,0,1,,1.0,2026-03-18T17:17:53.992573,neutral,0.867,2026-03-18T17:17:53.992573,0.4948746349599537,2026-03-18T17:17:53.973000,88,,,
participant_28,2,day,Town10HD_Opt,2026-03-18 17:17:55.225546,27.65540313720703,131.35411071777344,0.0020163727458566,50.154,0.016,0.706,0.0,0,0,1,,1.0,2026-03-18T17:17:55.225546,neutral,0.867,2026-03-18T17:17:53.992573,0.4075438597409009,2026-03-18T17:17:55.951000,86,,,
participant_28,2,day,Town10HD_Opt,2026-03-18 17:17:56.174466,18.92557716369629,131.5880584716797,0.0020412062294781,49.868,0.451,0.706,0.0,0,0,1,,0.9,2026-03-18T17:17:56.174466,sad,0.665,2026-03-18T17:17:56.174466,0.4019860568208964,2026-03-18T17:17:55.951000,86,,,
participant_28,2,day,Town10HD_Opt,2026-03-18 17:17:57.063034,10.19765281677246,131.72323608398438,0.0020693587139248,49.542,0.461,0.702,0.0,0,0,1,,0.906,2026-03-18T17:17:57.063034,sad,0.665,2026-03-18T17:17:56.174466,0.3215708646141362,2026-03-18T17:17:57.076000,89,,,
participant_28,2,day,Town10HD_Opt,2026-03-18 17:17:58.232942,-1.410893201828003,131.64756774902344,0.001981658861041,50.397,0.446,0.663,0.0,0,0,1,,0.848,2026-03-18T17:17:58.232942,sad,0.788,2026-03-18T17:17:58.232942,0.3005230616461232,2026-03-18T17:17:58.965000,90,,,
participant_28,2,day,Town10HD_Opt,2026-03-18 17:17:59.126701,-10.08794116973877,131.41140747070312,0.0020371626596897,49.507,-0.261,0.663,0.0,0,0,1,,0.851,2026-03-18T17:17:59.126701,sad,0.788,2026-03-18T17:17:58.232942,0.2213037000344282,2026-03-18T17:17:59.955000,90,,,
participant_28,2,day,Town10HD_Opt,2026-03-18 17:18:00.052280,-18.80254364013672,131.27755737304688,0.0021327589638531,48.499,-0.179,0.288,0.0,0,0,1,,1.0,2026-03-18T17:18:00.052280,sad,0.788,2026-03-18T17:17:58.232942,0.3191618593782057,2026-03-18T17:17:59.955000,88,,,
participant_28,2,day,Town10HD_Opt,2026-03-18 17:18:01.183581,-29.479555130004883,130.6616973876953,0.0023181533906608,40.839,13.102,0.165,0.0,0,0,1,,1.0,2026-03-18T17:18:01.183581,sad,0.828,2026-03-18T17:18:01.183581,0.3829724270363265,2026-03-18T17:18:01.981000,90,,,
participant_28,2,day,Town10HD_Opt,2026-03-18 17:18:02.071002,-35.42267608642578,127.60997772216795,0.0020855329930782,38.546,14.036,0.595,0.0,0,0,1,,1.0,2026-03-18T17:18:02.071002,sad,0.828,2026-03-18T17:18:01.183581,0.3182215152978336,2026-03-18T17:18:01.981000,88,,,
participant_28,2,day,Town10HD_Opt,2026-03-18 17:18:03.000158,-39.65766143798828,122.02708435058594,0.0019264221191406,42.608,10.908,0.637,0.0,0,0,1,,1.0,2026-03-18T17:18:03.000158,sad,0.828,2026-03-18T17:18:01.183581,0.3418624453723921,2026-03-18T17:18:02.971000,86,,,
participant_28,2,day,Town10HD_Opt,2026-03-18 17:18:04.190600,-41.71474838256836,111.9190902709961,0.0019448088714852,47.297,6.528,0.629,0.0,0,0,1,,1.0,2026-03-18T17:18:04.190600,sad,0.8,2026-03-18T17:18:04.190600,0.2622211422837655,2026-03-18T17:18:05.041000,87,,,
participant_28,2,day,Town10HD_Opt,2026-03-18 17:18:05.101124,-41.2607650756836,103.83462524414062,0.0023185729514807,41.76,-10.029,0.062,0.0,0,0,1,,1.0,2026-03-18T17:18:05.101124,sad,0.8,2026-03-18T17:18:04.190600,0.2234211872922621,2026-03-18T17:18:05.940000,83,,,
participant_28,2,day,Town10HD_Opt,2026-03-18 17:18:06.039416,-42.34699249267578,97.37722778320312,0.0023389435373246,32.527,5.519,0.159,0.0,0,0,1,,1.0,2026-03-18T17:18:06.039416,sad,0.8,2026-03-18T17:18:04.190600,0.3202810914983431,2026-03-18T17:18:05.940000,82,,,
participant_28,2,day,Town10HD_Opt,2026-03-18 17:18:07.229425,-43.10836410522461,90.63435363769533,0.0021488571073859,26.497,6.232,0.357,0.0,0,0,1,,1.0,2026-03-18T17:18:07.229425,sad,0.721,2026-03-18T17:18:07.229425,0.2769916914662844,2026-03-18T17:18:07.966000,83,,,
participant_28,2,day,Town10HD_Opt,2026-03-18 17:18:08.170250,-42.82673645019531,86.03558349609375,0.002042083768174,26.686,11.05,0.404,0.0,0,0,1,,1.0,2026-03-18T17:18:08.170250,sad,0.721,2026-03-18T17:18:07.229425,0.2674994615141843,2026-03-18T17:18:09.001000,86,,,
participant_28,2,day,Town10HD_Opt,2026-03-18 17:18:09.087460,-41.48440933227539,81.40901947021484,0.0019291305216029,29.293,5.692,0.577,0.0,0,0,1,,1.0,2026-03-18T17:18:09.087460,sad,0.721,2026-03-18T17:18:07.229425,0.3583704071606806,2026-03-18T17:18:09.001000,85,,,
participant_28,2,day,Town10HD_Opt,2026-03-18 17:18:09.994727,-39.03681945800781,76.50094604492188,0.001925888005644,33.647,13.338,0.577,0.0,0,0,1,,1.0,2026-03-18T17:18:09.994727,sad,0.79,2026-03-18T17:18:09.994727,0.3096884739098209,2026-03-18T17:18:09.946000,85,,,
participant_28,2,day,Town10HD_Opt,2026-03-18 17:18:11.231275,-32.56923294067383,71.44937896728516,0.0019680403638631,38.153,13.872,0.579,0.0,0,0,1,,1.0,2026-03-18T17:18:11.231275,sad,0.79,2026-03-18T17:18:09.994727,0.3494904271619309,2026-03-18T17:18:11.970000,86,,,
participant_28,2,day,Town10HD_Opt,2026-03-18 17:18:12.106075,-25.77979850769043,70.15047454833984,0.0019436263246461,41.559,-0.609,0.578,0.0,0,0,1,phone_call,0.817,2026-03-18T17:18:12.106075,neutral,0.524,2026-03-18T17:18:12.106075,0.2801666502274976,2026-03-18T17:18:11.970000,86,,,
participant_28,2,day,Town10HD_Opt,2026-03-18 17:18:13.036828,-18.30417251586914,69.35297393798828,0.0019464873475953,44.422,5.155,0.573,0.0,0,0,1,,1.0,2026-03-18T17:18:13.036828,neutral,0.524,2026-03-18T17:18:12.106075,0.2345168359327155,2026-03-18T17:18:13.005000,86,,,errors=Solid line crossing
participant_28,2,day,Town10HD_Opt,2026-03-18 17:18:14.011449,-10.429222106933594,69.14659881591797,0.0020274734124541,45.304,1.307,0.484,0.0,0,0,1,,1.0,2026-03-18T17:18:14.011449,neutral,0.524,2026-03-18T17:18:12.106075,0.3059215829939634,2026-03-18T17:18:13.950000,90,,,
participant_28,2,day,Town10HD_Opt,2026-03-18 17:18:15.227462,0.1625855267047882,69.68184661865234,0.0020363617222756,45.591,-2.395,0.475,0.0,0,0,1,,1.0,2026-03-18T17:18:15.227462,neutral,0.518,2026-03-18T17:18:15.227462,0.3371388598315223,2026-03-18T17:18:15.976000,91,,,
participant_28,2,day,Town10HD_Opt,2026-03-18 17:18:16.203425,8.117691993713379,69.66874694824219,0.0020652769599109,44.921,-0.837,0.085,0.0,0,0,1,,1.0,2026-03-18T17:18:16.203425,neutral,0.518,2026-03-18T17:18:15.227462,0.2309853818778043,2026-03-18T17:18:16.966000,89,,,
participant_28,2,day,Town10HD_Opt,2026-03-18 17:18:17.185501,15.295308113098145,69.30057525634766,0.0023515319917351,35.666,0.874,0.0,0.345,0,0,1,,1.0,2026-03-18T17:18:17.185501,neutral,0.518,2026-03-18T17:18:15.227462,0.2939581002116376,2026-03-18T17:18:17.955000,94,,,errors=Harsh braking | Solid line crossing
participant_28,2,day,Town10HD_Opt,2026-03-18 17:18:18.115159,20.574676513671875,69.14319610595703,0.0024301910307258,23.606,0.747,0.0,0.772,0,0,1,,1.0,2026-03-18T17:18:18.115159,sad,0.952,2026-03-18T17:18:18.115159,0.2791235367899012,2026-03-18T17:18:17.955000,91,,,
participant_28,2,day,Town10HD_Opt,2026-03-18 17:18:19.069961,22.78666877746582,69.11980438232422,0.0026818083133548,0.002,0.665,0.0,0.914,0,0,1,,1.0,2026-03-18T17:18:19.069961,sad,0.952,2026-03-18T17:18:18.115159,0.2980818506844575,2026-03-18T17:18:19.040000,90,,,
participant_28,2,day,Town10HD_Opt,2026-03-18 17:18:20.039392,22.78755569458008,69.11979675292969,0.0019440078176558,0.0,0.665,0.0,0.427,0,0,1,,1.0,2026-03-18T17:18:20.039392,sad,0.952,2026-03-18T17:18:18.115159,0.264194719862121,2026-03-18T17:18:19.981000,88,,,
participant_28,2,day,Town10HD_Opt,2026-03-18 17:18:21.215248,22.78758811950684,69.11979675292969,0.001919784466736,0.0,0.665,0.0,0.0,0,0,1,,1.0,2026-03-18T17:18:21.215248,sad,0.634,2026-03-18T17:18:21.215248,0.3218577773048672,2026-03-18T17:18:21.961000,91,,,
participant_28,2,day,Town10HD_Opt,2026-03-18 17:18:22.096620,22.78758811950684,69.11979675292969,0.001919784466736,0.0,0.665,0.0,0.0,0,0,1,,1.0,2026-03-18T17:18:22.096620,sad,0.634,2026-03-18T17:18:21.215248,0.3395145414017787,2026-03-18T17:18:22.951000,93,,,
participant_28,2,day,Town10HD_Opt,2026-03-18 17:18:22.995188,23.16139793395996,69.11665344238281,0.0015291976742446,8.713,0.134,1.0,0.0,0,0,1,,1.0,2026-03-18T17:18:22.995188,sad,0.634,2026-03-18T17:18:21.215248,0.3592990824625212,2026-03-18T17:18:22.951000,92,,,
participant_28,2,day,Town10HD_Opt,2026-03-18 17:18:24.184874,27.357139587402344,69.03814697265625,0.001586418133229,28.438,-4.749,1.0,0.0,0,0,1,,1.0,2026-03-18T17:18:24.184874,sad,0.649,2026-03-18T17:18:24.184874,0.378607778989339,2026-03-18T17:18:24.975000,92,,,errors=Solid line crossing
participant_28,2,day,Town10HD_Opt,2026-03-18 17:18:25.110354,33.41130828857422,68.0007095336914,0.0016227340092882,41.552,-7.299,0.609,0.0,0,0,1,,1.0,2026-03-18T17:18:25.110354,sad,0.649,2026-03-18T17:18:24.184874,0.3350818169844856,2026-03-18T17:18:24.975000,91,,,
participant_28,2,day,Town10HD_Opt,2026-03-18 17:18:26.266612,41.4915771484375,64.26484680175781,0.0023342894855886,32.089,-12.275,0.0,0.0,0,0,1,,1.0,2026-03-18T17:18:26.266612,sad,0.56,2026-03-18T17:18:26.266612,0.4120293979745512,2026-03-18T17:18:26.956000,90,,,
participant_28,2,day,Town10HD_Opt,2026-03-18 17:18:27.189920,44.69871139526367,60.5572624206543,0.0022796248085796,25.746,-26.243,0.404,0.0,0,0,1,,1.0,2026-03-18T17:18:27.189920,sad,0.56,2026-03-18T17:18:26.266612,0.4055454758292785,2026-03-18T17:18:27.946000,94,,,
participant_28,2,day,Town10HD_Opt,2026-03-18 17:18:28.065543,45.65940475463867,56.17181396484375,0.0020844268146902,25.627,-7.67,0.315,0.0,0,0,1,,0.872,2026-03-18T17:18:28.065543,sad,0.56,2026-03-18T17:18:26.266612,0.3654867171567192,2026-03-18T17:18:27.946000,90,,,
participant_28,2,day,Town10HD_Opt,2026-03-18 17:18:29.212937,45.76730728149414,50.31272506713867,0.0020625304896384,24.804,-5.607,0.472,0.0,0,0,1,,0.885,2026-03-18T17:18:29.212937,sad,0.821,2026-03-18T17:18:29.212937,0.4561276894553536,2026-03-18T17:18:30.016000,94,,,
participant_28,2,day,Town10HD_Opt,2026-03-18 17:18:30.134486,45.18678283691406,45.75400161743164,0.0019125747494399,28.347,-3.931,0.552,0.0,0,0,1,,1.0,2026-03-18T17:18:30.134486,sad,0.821,2026-03-18T17:18:29.212937,0.5170652080998892,2026-03-18T17:18:30.961000,95,,,
participant_28,2,day,Town10HD_Opt,2026-03-18 17:18:31.028076,44.59319686889648,40.49116897583008,0.0019446563674136,32.037,14.295,0.538,0.0,0,0,1,,1.0,2026-03-18T17:18:31.028076,sad,0.821,2026-03-18T17:18:29.212937,0.4614487814556338,2026-03-18T17:18:30.961000,95,,,
participant_28,2,day,Town10HD_Opt,2026-03-18 17:18:32.163990,46.91835403442383,33.142364501953125,0.0020330047700554,34.637,17.876,0.495,0.0,0,0,1,,1.0,2026-03-18T17:18:32.163990,neutral,0.936,2026-03-18T17:18:32.163990,0.4317561892586068,2026-03-18T17:18:32.041000,92,,,
participant_28,2,day,Town10HD_Opt,2026-03-18 17:18:33.060232,51.26887512207031,29.27033805847168,0.0022580719087272,30.572,12.524,0.0,0.0,0,0,1,,0.819,2026-03-18T17:18:33.060232,neutral,0.936,2026-03-18T17:18:32.163990,0.4036971016925027,2026-03-18T17:18:33.121000,91,,,
participant_28,2,day,Town10HD_Opt,2026-03-18 17:18:34.180354,56.96379089355469,27.216217041015625,0.0022390745580196,21.814,5.259,0.264,0.0,0,0,1,,1.0,2026-03-18T17:18:34.180354,neutral,0.835,2026-03-18T17:18:34.180354,0.317045388715149,2026-03-18T17:18:35.011000,91,,,
participant_28,2,day,Town10HD_Opt,2026-03-18 17:18:35.058767,60.53768539428711,26.415834426879883,0.0020978164393454,20.092,-0.837,0.269,0.0,0,0,1,phone_call,0.972,2026-03-18T17:18:35.058767,neutral,0.835,2026-03-18T17:18:34.180354,0.4601614564377337,2026-03-18T17:18:35.011000,90,,,
participant_28,2,day,Town10HD_Opt,2026-03-18 17:18:36.203124,65.01539611816406,25.50853538513184,0.0020526503212749,19.311,4.452,0.231,0.0,0,0,1,,0.809,2026-03-18T17:18:36.203124,neutral,0.899,2026-03-18T17:18:36.203124,0.4311367533389583,2026-03-18T17:18:36.946000,90,,,
participant_28,2,day,Town10HD_Opt,2026-03-18 17:18:37.088508,68.26142883300781,25.11799049377441,0.0020484160631895,18.231,0.305,0.24,0.0,0,0,1,,1.0,2026-03-18T17:18:37.088508,neutral,0.899,2026-03-18T17:18:36.203124,0.4051185576273397,2026-03-18T17:18:36.946000,93,,,
participant_28,2,day,Town10HD_Opt,2026-03-18 17:18:38.238070,72.45003509521484,24.69887924194336,0.0018515014089643,17.787,4.202,0.18,0.0,0,0,1,,1.0,2026-03-18T17:18:38.238070,neutral,0.694,2026-03-18T17:18:38.238070,0.4853825760589725,2026-03-18T17:18:38.971000,93,,,
participant_28,2,day,Town10HD_Opt,2026-03-18 17:18:39.085155,75.34764862060547,24.60605430603028,0.0020396423060446,14.513,2.341,0.0,0.0,0,0,1,,0.96,2026-03-18T17:18:39.085155,neutral,0.694,2026-03-18T17:18:38.238070,0.4596272218814659,2026-03-18T17:18:38.971000,94,,,
participant_28,2,day,Town10HD_Opt,2026-03-18 17:18:40.194066,78.07107543945312,24.575233459472656,0.0021215819288045,7.444,0.261,0.0,0.555,0,0,1,,1.0,2026-03-18T17:18:40.194066,neutral,0.694,2026-03-18T17:18:38.238070,0.4383008998067683,2026-03-18T17:18:40.951000,92,,,
participant_28,2,day,Town10HD_Opt,2026-03-18 17:18:41.026925,78.60496520996094,24.569339752197266,0.0020765303634107,0.0,0.686,0.0,0.109,0,0,1,,1.0,2026-03-18T17:18:41.026925,fear,0.45,2026-03-18T17:18:41.026925,0.3901569789260452,2026-03-18T17:18:40.951000,92,,,
participant_28,2,day,Town10HD_Opt,2026-03-18 17:18:42.171508,78.6113510131836,24.56933212280273,0.0019205474527552,0.026,0.115,0.0,0.0,0,0,1,,1.0,2026-03-18T17:18:42.171508,fear,0.45,2026-03-18T17:18:41.026925,0.3726029105384597,2026-03-18T17:18:42.977000,95,,,
participant_28,2,day,Town10HD_Opt,2026-03-18 17:18:43.035094,78.62751770019531,24.56916236877441,0.0019011687254533,0.323,0.115,0.0,0.0,0,0,1,,1.0,2026-03-18T17:18:43.035094,neutral,0.49,2026-03-18T17:18:43.035094,0.4879228023611268,2026-03-18T17:18:42.977000,91,,,
participant_28,2,day,Town10HD_Opt,2026-03-18 17:18:44.137642,78.69691467285156,24.56827735900879,0.0019212722545489,0.248,0.564,0.0,0.0,0,0,1,,0.864,2026-03-18T17:18:44.137642,neutral,0.49,2026-03-18T17:18:43.035094,0.4850996990516821,2026-03-18T17:18:44.956000,94,,,
participant_28,2,day,Town10HD_Opt,2026-03-18 17:18:45.230212,78.74636840820312,24.5678825378418,0.0019207000732421,0.171,0.559,0.0,0.0,0,0,1,,0.829,2026-03-18T17:18:45.230212,neutral,0.786,2026-03-18T17:18:45.230212,0.5066611513415813,2026-03-18T17:18:45.991000,94,,,
participant_28,2,day,Town10HD_Opt,2026-03-18 17:18:46.048365,78.77357482910156,24.56767845153809,0.0019203948322683,0.131,0.559,0.0,0.0,0,0,1,,0.877,2026-03-18T17:18:46.048365,neutral,0.786,2026-03-18T17:18:45.230212,0.5599750656258619,2026-03-18T17:18:45.991000,96,,,
participant_28,2,day,Town10HD_Opt,2026-03-18 17:18:47.156194,78.80029296875,24.567413330078125,0.0019200515234842,0.091,0.559,0.0,0.0,0,0,1,,0.902,2026-03-18T17:18:47.156194,neutral,0.786,2026-03-18T17:18:45.230212,0.5273866620373583,2026-03-18T17:18:47.971000,94,,,
participant_28,2,day,Town10HD_Opt,2026-03-18 17:18:48.245752,78.819091796875,24.567277908325195,0.0019197082147002,0.062,0.585,0.0,0.0,0,0,1,,1.0,2026-03-18T17:18:48.245752,happy,0.972,2026-03-18T17:18:48.245752,0.5356937608649511,2026-03-18T17:18:48.961000,92,,,
participant_28,2,day,Town10HD_Opt,2026-03-18 17:18:49.065256,78.82942962646484,24.567195892333984,0.001919517526403,0.047,0.595,0.0,0.0,0,0,1,,1.0,2026-03-18T17:18:49.065256,happy,0.972,2026-03-18T17:18:48.245752,0.6013010143974352,2026-03-18T17:18:48.961000,92,,,
participant_28,2,day,Town10HD_Opt,2026-03-18 17:18:50.133114,78.83958435058594,24.567184448242188,0.0019193649059161,0.032,0.597,0.0,0.0,0,0,1,,1.0,2026-03-18T17:18:50.133114,happy,0.972,2026-03-18T17:18:48.245752,0.5589221116960548,2026-03-18T17:18:50.941000,85,,,
participant_28,2,day,Town10HD_Opt,2026-03-18 17:18:51.226265,78.84671783447266,24.567176818847656,0.0019193267216905,0.022,0.602,0.0,0.0,0,0,1,,1.0,2026-03-18T17:18:51.226265,happy,1.0,2026-03-18T17:18:51.226265,0.4845873127163895,2026-03-18T17:18:51.976000,83,,,
participant_28,2,day,Town10HD_Opt,2026-03-18 17:18:52.045558,78.84962463378906,24.56717300415039,0.0019190596649423,0.003,0.602,0.0,0.0,0,0,1,,1.0,2026-03-18T17:18:52.045558,happy,1.0,2026-03-18T17:18:51.226265,0.4097803147123375,2026-03-18T17:18:51.976000,85,,,
participant_28,2,day,Town10HD_Opt,2026-03-18 17:18:53.175964,78.84989929199219,24.56717300415039,0.0019191741012036,0.005,0.62,0.0,0.0,0,0,1,,1.0,2026-03-18T17:18:53.175964,happy,1.0,2026-03-18T17:18:51.226265,0.3086719922134252,2026-03-18T17:18:53.956000,84,,,
participant_28,2,day,Town10HD_Opt,2026-03-18 17:18:54.061170,78.85015106201172,24.56717300415039,0.0019190978491678,0.006,0.625,0.0,0.0,0,0,1,,0.905,2026-03-18T17:18:54.061170,happy,1.0,2026-03-18T17:18:54.061170,0.3309073070329769,2026-03-18T17:18:53.956000,84,,,
participant_28,2,day,Town10HD_Opt,2026-03-18 17:18:55.139332,78.85025787353516,24.56717300415039,0.0019192122854292,0.006,0.625,0.0,0.0,0,0,1,,0.948,2026-03-18T17:18:55.139332,happy,1.0,2026-03-18T17:18:54.061170,0.2189838997307436,2026-03-18T17:18:55.982000,89,,,
participant_28,2,day,Town10HD_Opt,2026-03-18 17:18:56.232947,79.2371826171875,24.564584732055664,0.0017988967010751,4.176,0.625,0.0,0.0,0,0,1,,1.0,2026-03-18T17:18:56.232947,sad,0.624,2026-03-18T17:18:56.232947,0.2620416457303676,2026-03-18T17:18:56.971000,89,,,
participant_28,2,day,Town10HD_Opt,2026-03-18 17:18:57.099422,79.9023666381836,24.56132698059082,0.0019449996761977,3.3,0.63,0.0,0.0,0,0,1,,1.0,2026-03-18T17:18:57.099422,sad,0.624,2026-03-18T17:18:56.232947,0.3260117224712311,2026-03-18T17:18:56.971000,90,,,
participant_28,2,day,Town10HD_Opt,2026-03-18 17:18:58.207528,80.55958557128906,24.559720993041992,0.001941337599419,2.319,0.632,0.0,0.0,0,0,1,,1.0,2026-03-18T17:18:58.207528,sad,0.624,2026-03-18T17:18:56.232947,0.2859402055490195,2026-03-18T17:18:58.996000,94,,,
participant_28,2,day,Town10HD_Opt,2026-03-18 17:18:59.061751,80.92089080810547,24.55943298339844,0.0019361113663762,1.781,0.658,0.0,0.0,0,0,1,,1.0,2026-03-18T17:18:59.061751,happy,0.866,2026-03-18T17:18:59.061751,0.2483045819918854,2026-03-18T17:18:58.996000,89,,,
participant_28,2,day,Town10HD_Opt,2026-03-18 17:19:00.170798,80.9634780883789,24.55937385559082,0.0019237899687141,0.0,0.679,0.0,0.512,0,0,1,,1.0,2026-03-18T17:19:00.170798,happy,0.866,2026-03-18T17:18:59.061751,0.2771024216241283,2026-03-18T17:19:00.977000,93,,,
participant_28,2,day,Town10HD_Opt,2026-03-18 17:19:01.025014,80.9634780883789,24.55937385559082,0.0019200897077098,0.0,0.679,0.0,0.0,0,0,1,,1.0,2026-03-18T17:19:01.025014,happy,0.866,2026-03-18T17:18:59.061751,0.2803349516364699,2026-03-18T17:19:00.977000,93,,,
participant_28,2,day,Town10HD_Opt,2026-03-18 17:19:02.154876,80.9634780883789,24.55937385559082,0.001919021597132,0.0,0.78,0.0,0.0,0,0,1,,1.0,2026-03-18T17:19:02.154876,happy,1.0,2026-03-18T17:19:02.154876,0.3447206389649309,2026-03-18T17:19:02.956000,91,Solid line crossing,Solid line crossing,
participant_28,2,day,Town10HD_Opt,2026-03-18 17:19:03.038132,80.9634780883789,24.55937385559082,0.001919021597132,0.0,0.576,0.0,0.0,0,0,1,,1.0,2026-03-18T17:19:03.038132,happy,1.0,2026-03-18T17:19:02.154876,0.2602151866001777,2026-03-18T17:19:02.956000,91,,,
participant_28,2,day,Town10HD_Opt,2026-03-18 17:19:04.138057,80.9634780883789,24.55937385559082,0.001919021597132,0.0,1.354,0.0,0.0,0,0,1,,1.0,2026-03-18T17:19:04.138057,happy,1.0,2026-03-18T17:19:02.154876,0.3446545699149559,2026-03-18T17:19:04.982000,89,,,
participant_28,2,day,Town10HD_Opt,2026-03-18 17:19:05.019138,81.0767822265625,24.569355010986328,0.0017465590499341,3.794,13.511,0.9,0.0,0,0,1,,1.0,2026-03-18T17:19:05.019138,neutral,0.458,2026-03-18T17:19:05.019138,0.3165198708289858,2026-03-18T17:19:04.982000,89,,,
participant_28,2,day,Town10HD_Opt,2026-03-18 17:19:06.115063,83.41062927246094,24.78875160217285,0.0019415282877162,11.173,2.344,0.0,0.0,0,0,1,,1.0,2026-03-18T17:19:06.115063,neutral,0.458,2026-03-18T17:19:05.019138,0.3449286618116901,2026-03-18T17:19:06.961000,90,,,
participant_28,2,day,Town10HD_Opt,2026-03-18 17:19:07.238223,85.73690032958984,25.00320243835449,0.0011063002748414,12.737,-2.353,0.997,0.0,0,0,1,,1.0,2026-03-18T17:19:07.238223,sad,0.847,2026-03-18T17:19:07.238223,0.2745732090017037,2026-03-18T17:19:07.952000,91,,,errors=Vehicle-pedestrian collision
participant_28,2,day,Town10HD_Opt,2026-03-18 17:19:08.089239,89.03240203857422,25.17086601257324,0.0011698531452566,26.364,-2.4,1.0,0.0,0,0,1,,1.0,2026-03-18T17:19:08.089239,sad,0.847,2026-03-18T17:19:07.238223,0.2869197985680716,2026-03-18T17:19:07.952000,89,,,
participant_28,2,day,Town10HD_Opt,2026-03-18 17:19:09.175621,97.2768325805664,23.96985626220703,0.0016886901576071,45.392,-16.201,0.931,0.0,0,0,1,,1.0,2026-03-18T17:19:09.175621,sad,0.847,2026-03-18T17:19:07.238223,0.2421012739997255,2026-03-18T17:19:09.976000,93,,,
participant_28,2,day,Town10HD_Opt,2026-03-18 17:19:09.996359,103.64349365234376,18.436222076416016,0.001858253381215,50.909,-11.764,0.0,0.132,0,0,1,,1.0,2026-03-18T17:19:09.996359,happy,0.84,2026-03-18T17:19:09.996359,0.3470336831421027,2026-03-18T17:19:09.976000,91,,,
participant_28,2,day,Town10HD_Opt,2026-03-18 17:19:11.101581,106.85195922851562,7.434993267059326,0.0019654082134366,50.626,5.264,0.0,0.0,0,0,1,,1.0,2026-03-18T17:19:11.101581,happy,0.84,2026-03-18T17:19:09.996359,0.3523985216238844,2026-03-18T17:19:11.956000,92,,,
participant_28,2,day,Town10HD_Opt,2026-03-18 17:19:12.173976,108.98937225341795,-4.068489074707031,0.0022083662915974,48.632,-2.812,0.985,0.0,0,0,1,,1.0,2026-03-18T17:19:12.173976,happy,0.993,2026-03-18T17:19:12.173976,0.3315747636177849,2026-03-18T17:19:12.991000,92,Solid line crossing,Solid line crossing,
participant_28,2,day,Town10HD_Opt,2026-03-18 17:19:13.010732,109.64586639404295,-12.828653335571287,0.0021979522425681,48.585,2.028,1.0,0.0,0,0,1,,1.0,2026-03-18T17:19:13.010732,happy,0.993,2026-03-18T17:19:12.173976,0.3666600799250732,2026-03-18T17:19:12.991000,94,Solid line crossing,Solid line crossing,errors=Solid line crossing
participant_28,2,day,Town10HD_Opt,2026-03-18 17:19:14.127016,110.52638244628906,-24.36750602722168,0.0020532608032226,49.677,-6.938,1.0,0.0,0,0,1,,1.0,2026-03-18T17:19:14.127016,happy,0.993,2026-03-18T17:19:12.173976,0.3780564349419035,2026-03-18T17:19:14.971000,99,,,
participant_28,2,day,Town10HD_Opt,2026-03-18 17:19:15.233744,108.32656860351562,-35.88017654418945,0.0018879318377003,52.13,-2.066,0.0,0.213,0,0,1,,1.0,2026-03-18T17:19:15.233744,happy,0.978,2026-03-18T17:19:15.233744,0.4404697508580569,2026-03-18T17:19:15.961000,97,,,
participant_28,2,day,Town10HD_Opt,2026-03-18 17:19:16.052739,105.40753936767578,-44.13909530639648,0.0019987486302852,50.676,-7.316,0.0,0.0,0,0,1,,1.0,2026-03-18T17:19:16.052739,happy,0.978,2026-03-18T17:19:15.233744,0.4050842934837288,2026-03-18T17:19:15.961000,99,,,errors=Solid line crossing
participant_28,2,day,Town10HD_Opt,2026-03-18 17:19:17.131216,98.62570190429688,-53.72653198242188,0.0018921660957857,51.241,-3.976,0.0,0.186,0,0,1,,0.837,2026-03-18T17:19:17.131216,happy,0.978,2026-03-18T17:19:15.233744,0.5494624279771851,2026-03-18T17:19:16.953000,99,,,
participant_28,2,day,Town10HD_Opt,2026-03-18 17:19:18.190538,89.60496520996094,-61.34109878540039,0.0021173858549445,49.959,-4.983,0.0,0.124,0,0,1,,1.0,2026-03-18T17:19:18.190538,neutral,0.758,2026-03-18T17:19:18.190538,0.6885005389146942,2026-03-18T17:19:18.976000,97,,,
participant_28,2,day,Town10HD_Opt,2026-03-18 17:19:19.056565,81.81403350830078,-65.26419067382812,0.0018833923386409,51.83,-5.531,0.0,0.222,0,0,1,,1.0,2026-03-18T17:19:19.056565,neutral,0.758,2026-03-18T17:19:18.190538,0.6267939877761346,2026-03-18T17:19:18.976000,100,,,
participant_28,2,day,Town10HD_Opt,2026-03-18 17:19:20.225236,70.3627700805664,-67.73827362060547,0.0021146012004464,49.414,-2.953,1.0,0.0,0,0,1,,1.0,2026-03-18T17:19:20.225236,neutral,0.448,2026-03-18T17:19:20.225236,0.7467093537982141,2026-03-18T17:19:20.955000,95,,,
participant_28,2,day,Town10HD_Opt,2026-03-18 17:19:21.120992,61.60176086425781,-68.04853057861328,0.0020017242059111,51.064,0.049,0.0,0.106,0,0,1,,1.0,2026-03-18T17:19:21.120992,neutral,0.448,2026-03-18T17:19:20.225236,0.7625107499258041,2026-03-18T17:19:20.955000,92,,,
participant_28,2,day,Town10HD_Opt,2026-03-18 17:19:22.018176,52.90465545654297,-68.09296417236328,0.0019002150511369,51.175,-0.367,0.0,0.148,0,0,1,,1.0,2026-03-18T17:19:22.018176,neutral,0.448,2026-03-18T17:19:20.225236,0.7537621378084255,2026-03-18T17:19:22.082000,96,,,
participant_28,2,day,Town10HD_Opt,2026-03-18 17:19:22.998422,44.14690780639648,-68.016357421875,0.0019187163561582,51.087,-0.552,0.0,0.109,0,0,1,,1.0,2026-03-18T17:19:22.998422,sad,0.456,2026-03-18T17:19:22.998422,0.7926791373023856,2026-03-18T17:19:23.028000,94,,,
participant_28,2,day,Town10HD_Opt,2026-03-18 17:19:24.261927,32.52346420288086,-67.73651885986328,0.0020421219523996,49.74,-0.157,0.852,0.0,0,0,1,,1.0,2026-03-18T17:19:24.261927,sad,0.456,2026-03-18T17:19:22.998422,0.7370947135854131,2026-03-18T17:19:24.961000,93,,,
participant_28,2,day,Town10HD_Opt,2026-03-18 17:19:25.083958,23.740306854248047,-67.49017333984375,0.0019479751354083,51.182,-0.186,0.0,0.199,0,0,1,,1.0,2026-03-18T17:19:25.083958,sad,0.841,2026-03-18T17:19:25.083958,0.814456567865637,2026-03-18T17:19:24.961000,93,,,
participant_28,2,day,Town10HD_Opt,2026-03-18 17:19:26.258197,12.43482494354248,-67.19306182861328,0.0021584320347756,46.125,0.348,0.0,0.0,0,0,1,,1.0,2026-03-18T17:19:26.258197,sad,0.841,2026-03-18T17:19:25.083958,0.6449253605270677,2026-03-18T17:19:26.986000,97,,,
participant_28,2,day,Town10HD_Opt,2026-03-18 17:19:27.088494,5.161953449249268,-67.1444320678711,0.0023620224092155,36.075,0.315,0.0,0.0,0,0,1,,1.0,2026-03-18T17:19:27.088494,sad,0.713,2026-03-18T17:19:27.088494,0.6317643390721608,2026-03-18T17:19:26.986000,96,,,
participant_28,2,day,Town10HD_Opt,2026-03-18 17:19:28.210624,-2.050962448120117,-67.23959350585938,0.0022880935575813,25.837,-0.493,0.0,0.0,0,0,1,,1.0,2026-03-18T17:19:28.210624,sad,0.713,2026-03-18T17:19:27.088494,0.6618057123721599,2026-03-18T17:19:28.966000,93,,,
participant_28,2,day,Town10HD_Opt,2026-03-18 17:19:29.041604,-6.008172035217285,-67.2933578491211,0.0022181700915098,19.945,1.076,0.094,0.0,0,0,1,,1.0,2026-03-18T17:19:29.041604,sad,0.713,2026-03-18T17:19:27.088494,0.5426345750107027,2026-03-18T17:19:28.966000,96,,,
participant_28,2,day,Town10HD_Opt,2026-03-18 17:19:30.153547,-10.175267219543455,-67.3899917602539,0.0019535445608198,16.741,-0.251,0.273,0.0,0,0,1,,1.0,2026-03-18T17:19:30.153547,sad,0.591,2026-03-18T17:19:30.153547,0.5188388624528426,2026-03-18T17:19:30.991000,93,,,
participant_28,2,day,Town10HD_Opt,2026-03-18 17:19:30.992048,-13.028095245361328,-67.44306945800781,0.0020206451881676,14.646,-0.007,0.0,0.0,0,0,1,,1.0,2026-03-18T17:19:30.992048,sad,0.591,2026-03-18T17:19:30.153547,0.545013644512121,2026-03-18T17:19:30.991000,89,,,
participant_28,2,day,Town10HD_Opt,2026-03-18 17:19:32.112522,-15.945063591003418,-67.5141830444336,0.0020171736832708,10.301,0.411,0.0,0.0,0,0,1,,1.0,2026-03-18T17:19:32.112522,sad,0.591,2026-03-18T17:19:30.153547,0.4204264025113775,2026-03-18T17:19:31.985000,88,,,
participant_28,2,day,Town10HD_Opt,2026-03-18 17:19:33.203503,-17.99614715576172,-67.5785903930664,0.0019883345812559,7.242,0.451,0.0,0.0,0,0,1,,1.0,2026-03-18T17:19:33.203503,sad,0.739,2026-03-18T17:19:33.203503,0.5058905913279178,2026-03-18T17:19:33.961000,89,,,
participant_28,2,day,Town10HD_Opt,2026-03-18 17:19:34.028583,-19.27650260925293,-67.62422943115234,0.0016622161492705,11.728,0.451,1.0,0.0,0,0,1,,1.0,2026-03-18T17:19:34.028583,sad,0.739,2026-03-18T17:19:33.203503,0.475032756142152,2026-03-18T17:19:33.961000,87,,,
participant_28,2,day,Town10HD_Opt,2026-03-18 17:19:35.105528,-24.098854064941406,-67.82794189453125,0.0015217589680105,31.717,0.451,1.0,0.0,0,0,1,,0.852,2026-03-18T17:19:35.105528,sad,0.739,2026-03-18T17:19:33.203503,0.3310053969474423,2026-03-18T17:19:34.952000,93,,,
participant_28,2,day,Town10HD_Opt,2026-03-18 17:19:36.179444,-33.70701217651367,-68.36614990234375,0.001554412767291,51.747,-2.28,0.0,0.175,0,0,1,,1.0,2026-03-18T17:19:36.179444,sad,0.731,2026-03-18T17:19:36.179444,0.3125433750272838,2026-03-18T17:19:36.977000,89,,,
participant_28,2,day,Town10HD_Opt,2026-03-18 17:19:37.002395,-42.52217864990234,-68.6071548461914,0.0020751189440488,49.536,-0.31,0.779,0.0,0,0,1,,1.0,2026-03-18T17:19:37.002395,sad,0.731,2026-03-18T17:19:36.179444,0.369601873341895,2026-03-18T17:19:36.977000,92,,,
participant_28,2,day,Town10HD_Opt,2026-03-18 17:19:38.078123,-54.14888000488281,-68.65007019042969,0.0019791030790656,50.372,-0.331,0.764,0.0,0,0,1,,1.0,2026-03-18T17:19:38.078123,sad,0.731,2026-03-18T17:19:36.179444,0.3586670369979659,2026-03-18T17:19:37.965000,92,,,
participant_28,2,day,Town10HD_Opt,2026-03-18 17:19:39.118317,-65.82936096191406,-68.48355865478516,0.0019264601869508,50.914,-1.8,0.0,0.115,0,0,1,,0.804,2026-03-18T17:19:39.118317,sad,0.877,2026-03-18T17:19:39.118317,0.3068209774651474,2026-03-18T17:19:38.956000,91,,,
participant_28,2,day,Town10HD_Opt,2026-03-18 17:19:40.165194,-77.30957794189453,-66.77519226074219,0.0020020676311105,50.693,-6.298,0.0,0.0,0,0,1,,1.0,2026-03-18T17:19:40.165194,sad,0.877,2026-03-18T17:19:39.118317,0.2771352926024278,2026-03-18T17:19:40.981000,86,,,
participant_28,2,day,Town10HD_Opt,2026-03-18 17:19:41.212835,-87.8858642578125,-62.06808471679688,0.0021367263980209,48.974,-3.186,0.731,0.0,0,0,1,,1.0,2026-03-18T17:19:41.212835,sad,0.668,2026-03-18T17:19:41.212835,0.2031695791327902,2026-03-18T17:19:41.971000,88,,,
participant_28,2,day,Town10HD_Opt,2026-03-18 17:19:42.059387,-95.19744873046876,-57.29901123046875,0.0021464538294821,48.918,-5.326,0.731,0.0,0,0,1,,0.924,2026-03-18T17:19:42.059387,sad,0.668,2026-03-18T17:19:41.212835,0.292340033401325,2026-03-18T17:19:41.971000,89,,,
participant_28,2,day,Town10HD_Opt,2026-03-18 17:19:43.243570,-103.13883209228516,-48.92123031616211,0.0020406341645866,49.873,-5.262,0.731,0.0,0,0,1,,1.0,2026-03-18T17:19:43.243570,sad,0.757,2026-03-18T17:19:43.243570,0.297032207344548,2026-03-18T17:19:43.951000,89,,,
participant_28,2,day,Town10HD_Opt,2026-03-18 17:19:44.170520,-107.42491149902344,-41.312870025634766,0.0020662688184529,49.75,-4.518,0.731,0.0,0,0,1,,0.946,2026-03-18T17:19:44.170520,sad,0.757,2026-03-18T17:19:43.243570,0.2606881029544396,2026-03-18T17:19:44.987000,89,,,
participant_28,2,day,Town10HD_Opt,2026-03-18 17:19:45.100703,-110.16799926757812,-33.09214401245117,0.0021413420327007,48.05,-5.061,0.417,0.0,0,0,1,,0.962,2026-03-18T17:19:45.100703,sad,0.757,2026-03-18T17:19:43.243570,0.2652656447021532,2026-03-18T17:19:44.987000,89,,,
participant_28,2,day,Town10HD_Opt,2026-03-18 17:19:45.990127,-111.18014526367188,-24.888994216918945,0.0021712875459343,44.986,-3.898,0.0,0.0,0,0,1,,0.905,2026-03-18T17:19:45.990127,neutral,0.766,2026-03-18T17:19:45.990127,0.2713930639932644,2026-03-18T17:19:45.976000,88,,,
participant_28,2,day,Town10HD_Opt,2026-03-18 17:19:47.208975,-110.84951782226562,-15.849017143249512,0.0023336792364716,32.212,0.305,0.0,0.0,0,0,1,,0.816,2026-03-18T17:19:47.208975,neutral,0.766,2026-03-18T17:19:45.990127,0.3033178623346893,2026-03-18T17:19:47.956000,96,,,
participant_28,2,day,Town10HD_Opt,2026-03-18 17:19:48.143171,-110.59651947021484,-10.781195640563965,0.0022247314918786,26.046,1.011,0.266,0.0,0,0,1,,0.814,2026-03-18T17:19:48.143171,sad,0.783,2026-03-18T17:19:48.143171,0.2804557391313567,2026-03-18T17:19:47.956000,97,,,
participant_28,2,day,Town10HD_Opt,2026-03-18 17:19:48.996567,-110.48056030273438,-6.56658411026001,0.0022148895077407,21.418,0.639,0.347,0.0,0,0,1,,0.816,2026-03-18T17:19:48.996567,sad,0.783,2026-03-18T17:19:48.143171,0.3752837683775184,2026-03-18T17:19:49.036000,100,,,
participant_28,2,day,Town10HD_Opt,2026-03-18 17:19:50.160483,-110.39424896240234,-1.2111793756484983,0.0016731261275708,29.859,-0.703,0.943,0.0,0,0,1,,1.0,2026-03-18T17:19:50.160483,sad,0.697,2026-03-18T17:19:50.160483,0.3024791649005942,2026-03-18T17:19:50.971000,98,,,
participant_28,2,day,Town10HD_Opt,2026-03-18 17:19:51.007005,-109.89568328857422,5.152976989746094,0.0015965652419254,44.006,-6.552,0.94,0.0,0,0,1,,1.0,2026-03-18T17:19:51.007005,sad,0.697,2026-03-18T17:19:50.160483,0.2852614811587561,2026-03-18T17:19:50.971000,97,,,
participant_28,2,day,Town10HD_Opt,2026-03-18 17:19:52.198182,-107.22281646728516,15.167752265930176,0.0023331069387495,39.006,-0.726,0.0,0.0,0,0,1,,1.0,2026-03-18T17:19:52.198182,sad,0.625,2026-03-18T17:19:52.198182,0.2892493633049254,2026-03-18T17:19:52.951000,94,,,
participant_28,2,day,Town10HD_Opt,2026-03-18 17:19:53.113947,-104.8786392211914,20.746206283569336,0.00233940128237,29.869,-9.267,0.079,0.0,0,0,1,,1.0,2026-03-18T17:19:53.113947,sad,0.625,2026-03-18T17:19:52.198182,0.1827448718419702,2026-03-18T17:19:52.951000,97,,,
participant_28,2,day,Town10HD_Opt,2026-03-18 17:19:54.033870,-101.96084594726562,24.65927124023437,0.0021448135375976,26.687,-17.828,0.45,0.0,0,0,1,,1.0,2026-03-18T17:19:54.033870,sad,0.625,2026-03-18T17:19:52.198182,0.3136374577772666,2026-03-18T17:19:53.986000,100,,,
participant_28,2,day,Town10HD_Opt,2026-03-18 17:19:55.273312,-96.20808410644533,27.783111572265625,0.0019026183290407,31.825,-11.484,0.659,0.0,0,0,1,,1.0,2026-03-18T17:19:55.273312,happy,0.992,2026-03-18T17:19:55.273312,0.2883619750001345,2026-03-18T17:19:55.966000,96,,,
participant_28,2,day,Town10HD_Opt,2026-03-18 17:19:56.237381,-90.19208526611328,28.78177833557129,0.0019428634550422,38.742,-4.907,0.686,0.0,0,0,1,,1.0,2026-03-18T17:19:56.237381,happy,0.992,2026-03-18T17:19:55.273312,0.2845028567583174,2026-03-18T17:19:56.958000,97,,,
participant_28,2,day,Town10HD_Opt,2026-03-18 17:19:57.204749,-83.1409683227539,28.774526596069336,0.0021639252081513,38.934,-3.61,0.0,0.0,0,0,1,,1.0,2026-03-18T17:19:57.204749,happy,0.992,2026-03-18T17:19:55.273312,0.2629973577633215,2026-03-18T17:19:57.991000,95,,,errors=Solid line crossing
participant_28,2,day,Town10HD_Opt,2026-03-18 17:19:58.130598,-77.15724182128906,28.10806655883789,0.0023160553537309,29.722,2.805,0.0,0.062,0,0,1,,1.0,2026-03-18T17:19:58.130598,sad,0.489,2026-03-18T17:19:58.130598,0.3165306497275587,2026-03-18T17:19:58.982000,92,,,
participant_28,2,day,Town10HD_Opt,2026-03-18 17:19:59.052071,-72.66686248779297,27.784467697143555,0.0023584747686982,19.91,1.514,0.0,0.662,0,0,1,,1.0,2026-03-18T17:19:59.052071,sad,0.489,2026-03-18T17:19:58.130598,0.2825809902110598,2026-03-18T17:19:58.982000,92,,,errors=Harsh braking
participant_28,3,day,Town10HD_Opt,2026-03-18 17:30:00.000000,-41.66858673095703,89.7454833984375,0.5804919600486755,0.0,0.837,0.863,0.621,0,0,1,,1.0,2026-03-18T17:30:00,,,2026-03-18T17:30:00,0.8162855772610933,2026-03-18T17:30:00,86,,,
participant_28,3,day,Town10HD_Opt,2026-03-18 17:30:04.454489,-41.66858673095703,89.7454833984375,0.0019178008660674,0.0,0.837,0.885,0.621,0,0,1,,0.954,2026-03-18T17:30:04.454489,,,2026-03-18T17:30:04.454489,0.8206610794103835,2026-03-18T17:30:04.997000,82,,,
participant_28,3,day,Town10HD_Opt,2026-03-18 17:30:05.099193,-41.66858673095703,89.7454833984375,0.0019188307924196,0.0,0.837,0.0,0.621,0,0,1,,1.0,2026-03-18T17:30:05.099193,,,2026-03-18T17:30:04.454489,0.8144756300337949,2026-03-18T17:30:06.029000,82,,,
participant_28,3,day,Town10HD_Opt,2026-03-18 17:30:06.060575,-41.66858673095703,89.7454833984375,0.0019188307924196,0.0,0.837,0.931,0.621,0,0,1,,0.959,2026-03-18T17:30:06.060575,,,2026-03-18T17:30:04.454489,0.7804555186142382,2026-03-18T17:30:06.975000,84,,,
participant_28,3,day,Town10HD_Opt,2026-03-18 17:30:07.044553,-41.66858673095703,89.7454833984375,0.0019188307924196,0.0,0.837,0.0,0.621,0,0,1,,1.0,2026-03-18T17:30:07.044553,neutral,0.882,2026-03-18T17:30:07.044553,0.7861344088839524,2026-03-18T17:30:06.975000,86,,,
participant_28,3,day,Town10HD_Opt,2026-03-18 17:30:08.145240,-41.66858673095703,89.7454833984375,0.0019188307924196,0.0,0.837,1.0,0.621,0,0,1,,0.957,2026-03-18T17:30:08.145240,neutral,0.882,2026-03-18T17:30:07.044553,0.7330342113032621,2026-03-18T17:30:09.045000,86,,,
participant_28,3,day,Town10HD_Opt,2026-03-18 17:30:09.163329,-41.66858673095703,89.7454833984375,0.0019188307924196,0.0,0.837,0.619,0.621,0,0,1,,0.823,2026-03-18T17:30:09.163329,neutral,0.852,2026-03-18T17:30:09.163329,0.68684181060045,2026-03-18T17:30:09.991000,87,,,
participant_28,3,day,Town10HD_Opt,2026-03-18 17:30:10.109349,-41.66858673095703,89.7454833984375,0.0019188307924196,0.0,0.837,0.625,0.621,0,0,1,,1.0,2026-03-18T17:30:10.109349,neutral,0.852,2026-03-18T17:30:09.163329,0.7361357643064234,2026-03-18T17:30:09.991000,84,,,
participant_28,3,day,Town10HD_Opt,2026-03-18 17:30:11.112426,-41.66858673095703,89.7454833984375,0.0019188307924196,0.0,0.837,0.561,0.621,0,0,1,,0.912,2026-03-18T17:30:11.112426,neutral,0.852,2026-03-18T17:30:09.163329,0.6811876057735259,2026-03-18T17:30:11.970000,86,,,
participant_28,3,day,Town10HD_Opt,2026-03-18 17:30:12.063037,-41.66858673095703,89.7454833984375,0.0019188307924196,0.0,0.837,0.573,0.621,0,0,1,,1.0,2026-03-18T17:30:12.063037,neutral,0.911,2026-03-18T17:30:12.063037,0.7540377955794524,2026-03-18T17:30:12.961000,82,,,
participant_28,3,day,Town10HD_Opt,2026-03-18 17:30:13.272813,-41.66858673095703,89.7454833984375,0.0019188307924196,0.0,0.837,0.57,0.621,0,0,1,,0.951,2026-03-18T17:30:13.272813,neutral,0.911,2026-03-18T17:30:12.063037,0.6136216990251901,2026-03-18T17:30:13.995000,84,,,
participant_28,3,day,Town10HD_Opt,2026-03-18 17:30:14.203739,-41.66858673095703,89.7454833984375,0.0019188307924196,0.0,0.837,0.518,0.621,0,0,1,,0.928,2026-03-18T17:30:14.203739,neutral,0.995,2026-03-18T17:30:14.203739,0.6185993092171312,,82,,,
participant_28,3,day,Town10HD_Opt,2026-03-18 17:30:15.102510,-41.66858673095703,89.7454833984375,0.0019188307924196,0.0,0.837,0.385,0.621,0,0,1,,0.92,2026-03-18T17:30:15.102510,neutral,0.995,2026-03-18T17:30:14.203739,0.697874531153808,,82,,,
participant_28,3,day,Town10HD_Opt,2026-03-18 17:30:16.012057,-41.66858673095703,89.7454833984375,0.0019188307924196,0.0,0.837,0.399,0.621,0,0,1,,0.944,2026-03-18T17:30:16.012057,neutral,0.995,2026-03-18T17:30:14.203739,0.7254426288472846,2026-03-18T17:30:16.966000,82,,,
participant_28,3,day,Town10HD_Opt,2026-03-18 17:30:17.257810,-41.66858673095703,89.7454833984375,0.0019188307924196,0.0,0.837,0.399,0.621,0,0,1,,0.807,2026-03-18T17:30:17.257810,neutral,0.861,2026-03-18T17:30:17.257810,0.5842126155290793,2026-03-18T17:30:18.180000,90,,,
participant_28,3,day,Town10HD_Opt,2026-03-18 17:30:18.185083,-41.66858673095703,89.7454833984375,0.0019188307924196,0.0,0.837,0.399,0.621,0,0,1,,0.957,2026-03-18T17:30:18.185083,neutral,0.861,2026-03-18T17:30:17.257810,0.5629354340714854,2026-03-18T17:30:19.125000,89,,,
participant_28,3,day,Town10HD_Opt,2026-03-18 17:30:19.098786,-41.66858673095703,89.7454833984375,0.0019188307924196,0.0,0.837,0.399,0.621,0,0,1,,0.922,2026-03-18T17:30:19.098786,neutral,0.861,2026-03-18T17:30:17.257810,0.6790683864208616,2026-03-18T17:30:19.125000,91,,,
participant_28,3,day,Town10HD_Opt,2026-03-18 17:30:20.035236,-41.66858673095703,89.7454833984375,0.0019188307924196,0.0,0.837,0.399,0.621,0,0,1,,0.955,2026-03-18T17:30:20.035236,neutral,0.92,2026-03-18T17:30:20.035236,0.5673323278506911,2026-03-18T17:30:20.205000,92,,,
participant_28,3,day,Town10HD_Opt,2026-03-18 17:30:21.277539,-41.66858673095703,89.7454833984375,0.0019188307924196,0.0,0.837,0.973,0.621,0,0,1,,0.891,2026-03-18T17:30:21.277539,neutral,0.92,2026-03-18T17:30:20.035236,0.6736582392599227,2026-03-18T17:30:21.195000,95,,,
participant_28,3,day,Town10HD_Opt,2026-03-18 17:30:22.221021,-41.66858673095703,89.7454833984375,0.0019188307924196,0.0,0.837,0.0,0.621,0,0,1,,1.0,2026-03-18T17:30:22.221021,neutral,0.866,2026-03-18T17:30:22.221021,0.531749186011866,2026-03-18T17:30:22.323000,93,,,
participant_28,3,day,Town10HD_Opt,2026-03-18 17:30:23.191858,-41.66858673095703,89.7454833984375,0.0019188307924196,0.0,0.837,0.015,0.621,0,0,1,,0.868,2026-03-18T17:30:23.191858,neutral,0.866,2026-03-18T17:30:22.221021,0.6648224346022957,2026-03-18T17:30:23.310000,93,,,
participant_28,3,day,Town10HD_Opt,2026-03-18 17:30:24.130568,-41.66858673095703,89.7454833984375,0.0019188307924196,0.0,0.837,0.0,0.621,0,0,1,,0.952,2026-03-18T17:30:24.130568,neutral,0.866,2026-03-18T17:30:22.221021,0.5912304533536049,2026-03-18T17:30:24.347000,93,,,
participant_28,3,day,Town10HD_Opt,2026-03-18 17:30:25.011726,-41.66858673095703,89.7454833984375,0.0019188307924196,0.0,0.837,0.0,0.583,0,0,1,,0.944,2026-03-18T17:30:25.011726,neutral,0.989,2026-03-18T17:30:25.011726,0.5431050605857369,2026-03-18T17:30:25.516000,91,,,
participant_28,3,day,Town10HD_Opt,2026-03-18 17:30:26.231237,-41.66858673095703,89.7454833984375,0.0019188307924196,0.0,0.837,0.0,0.0,0,0,1,,0.945,2026-03-18T17:30:26.231237,neutral,0.989,2026-03-18T17:30:25.011726,0.6195636931377786,2026-03-18T17:30:27.091000,88,,,
participant_28,3,day,Town10HD_Opt,2026-03-18 17:30:27.111084,-41.66814422607422,89.62789916992188,0.0017109679756686,4.331,0.837,0.955,0.0,0,0,1,,0.968,2026-03-18T17:30:27.111084,neutral,0.997,2026-03-18T17:30:27.111084,0.5780060038462088,2026-03-18T17:30:28.035000,90,,,
participant_28,3,day,Town10HD_Opt,2026-03-18 17:30:28.037676,-41.65273284912109,87.68678283691406,0.0014749908586964,17.975,0.837,0.0,0.0,0,0,1,,0.966,2026-03-18T17:30:28.037676,neutral,0.997,2026-03-18T17:30:27.111084,0.6119162285146579,2026-03-18T17:30:28.035000,91,,,
participant_28,3,day,Town10HD_Opt,2026-03-18 17:30:29.257385,-41.57707595825195,83.95567321777344,0.0020381163340061,13.269,0.837,0.0,0.0,0,0,1,,1.0,2026-03-18T17:30:29.257385,surprise,0.88,2026-03-18T17:30:29.257385,0.6907260556241199,2026-03-18T17:30:30.106000,94,,,
participant_28,3,day,Town10HD_Opt,2026-03-18 17:30:30.251359,-41.49488830566406,81.87189483642578,0.0020045088604092,10.504,3.627,0.058,0.0,0,0,1,,1.0,2026-03-18T17:30:30.251359,surprise,0.88,2026-03-18T17:30:29.257385,0.6438297477056258,2026-03-18T17:30:30.106000,95,,,
participant_28,3,day,Town10HD_Opt,2026-03-18 17:30:31.299319,-41.325439453125,80.10818481445312,0.0019155120244249,10.242,6.412,0.22,0.0,0,0,1,,1.0,2026-03-18T17:30:31.299319,happy,0.709,2026-03-18T17:30:31.299319,0.6706629016981088,2026-03-18T17:30:31.995000,96,,,
participant_28,3,day,Town10HD_Opt,2026-03-18 17:30:32.303956,-40.969852447509766,78.20111846923828,0.0018055724212899,13.104,10.228,0.473,0.0,0,0,1,,0.918,2026-03-18T17:30:32.303956,happy,0.709,2026-03-18T17:30:31.299319,0.701175114303229,2026-03-18T17:30:32.985000,94,,,
participant_28,3,day,Town10HD_Opt,2026-03-18 17:30:33.302443,-40.135501861572266,75.66799926757812,0.0017794799059629,17.749,12.231,0.469,0.0,0,0,1,,1.0,2026-03-18T17:30:33.302443,happy,0.691,2026-03-18T17:30:33.302443,0.7753570140158488,2026-03-18T17:30:34.020000,98,,,
participant_28,3,day,Town10HD_Opt,2026-03-18 17:30:34.016762,-39.16653060913086,73.77781677246094,0.0020642089657485,18.568,15.561,0.465,0.0,0,0,1,,1.0,2026-03-18T17:30:34.016762,happy,0.691,2026-03-18T17:30:33.302443,0.7718813128254643,2026-03-18T17:30:34.965000,96,,,
participant_28,3,day,Town10HD_Opt,2026-03-18 17:30:35.044712,-36.87222290039063,71.2361831665039,0.0019929886329919,21.247,22.225,0.464,0.0,0,0,1,,0.832,2026-03-18T17:30:35.044712,happy,0.691,2026-03-18T17:30:33.302443,0.7350418001081476,2026-03-18T17:30:36,96,,,
participant_28,3,day,Town10HD_Opt,2026-03-18 17:30:36.084403,-33.37166976928711,69.58214569091797,0.0020054625347256,23.767,21.832,0.464,0.0,0,0,1,,1.0,2026-03-18T17:30:36.084403,neutral,0.888,2026-03-18T17:30:36.084403,0.7145074136794158,2026-03-18T17:30:36.990000,95,,,
participant_28,3,day,Town10HD_Opt,2026-03-18 17:30:37.128333,-29.0526180267334,69.35317993164062,0.0019750213250517,26.349,6.168,0.464,0.0,0,0,1,,0.896,2026-03-18T17:30:37.128333,neutral,0.888,2026-03-18T17:30:36.084403,0.8070875472204623,2026-03-18T17:30:36.990000,92,,,
participant_28,3,day,Town10HD_Opt,2026-03-18 17:30:38.123945,-24.2698917388916,69.68487548828125,0.0019699095282703,28.653,-2.845,0.464,0.0,0,0,1,,1.0,2026-03-18T17:30:38.123945,neutral,0.918,2026-03-18T17:30:38.123945,0.7519656977269259,2026-03-18T17:30:38.970000,94,,,
participant_28,3,day,Town10HD_Opt,2026-03-18 17:30:39.096217,-19.09935760498047,69.81266784667969,0.0019788360223174,30.642,-0.233,0.452,0.0,0,0,1,,0.816,2026-03-18T17:30:39.096217,neutral,0.918,2026-03-18T17:30:38.123945,0.7235342288609171,2026-03-18T17:30:38.970000,95,,,
participant_28,3,day,Town10HD_Opt,2026-03-18 17:30:40.056629,-13.615545272827148,69.85318756103516,0.0019942091312259,32.081,0.099,0.212,0.0,0,0,1,,0.889,2026-03-18T17:30:40.056629,neutral,0.918,2026-03-18T17:30:38.123945,0.7290793706177261,2026-03-18T17:30:40.995000,92,,,
participant_28,3,day,Town10HD_Opt,2026-03-18 17:30:41.032068,-8.38925552368164,69.88390350341797,0.0022525787353515,26.309,-0.172,0.16,0.0,0,0,1,,0.851,2026-03-18T17:30:41.032068,neutral,0.988,2026-03-18T17:30:41.032068,0.7495015893294817,2026-03-18T17:30:40.995000,96,,,
participant_28,3,day,Town10HD_Opt,2026-03-18 17:30:42.019221,-4.078883171081543,69.89636993408203,0.0021303938701748,23.361,-0.146,0.244,0.0,0,0,1,,0.841,2026-03-18T17:30:42.019221,neutral,0.988,2026-03-18T17:30:41.032068,0.7698307161088412,2026-03-18T17:30:42.033000,98,,,
participant_28,3,day,Town10HD_Opt,2026-03-18 17:30:43.294934,1.0600377321243286,69.893798828125,0.0020995330996811,20.795,-0.146,0.252,0.0,0,0,1,,1.0,2026-03-18T17:30:43.294934,fear,0.777,2026-03-18T17:30:43.294934,0.7741725806208075,2026-03-18T17:30:44.011000,98,,,
participant_28,3,day,Town10HD_Opt,2026-03-18 17:30:44.268177,4.577080726623535,69.88400268554688,0.0020850752480328,19.427,-0.099,0.273,0.0,0,0,1,,1.0,2026-03-18T17:30:44.268177,fear,0.777,2026-03-18T17:30:43.294934,0.6988278435673425,2026-03-18T17:30:45.001000,97,,,
participant_28,3,day,Town10HD_Opt,2026-03-18 17:30:45.237651,7.893880367279053,69.86925506591797,0.0020728684030473,18.491,-0.099,0.275,0.0,0,0,1,,1.0,2026-03-18T17:30:45.237651,fear,0.777,2026-03-18T17:30:43.294934,0.7255790835819357,2026-03-18T17:30:46.125000,95,,,
participant_28,3,day,Town10HD_Opt,2026-03-18 17:30:46.216032,11.087175369262695,69.84953308105469,0.0020396423060446,18.058,-0.099,0.0,0.0,0,0,1,,1.0,2026-03-18T17:30:46.216032,neutral,0.963,2026-03-18T17:30:46.216032,0.6939054241037107,2026-03-18T17:30:46.981000,92,,,
participant_28,3,day,Town10HD_Opt,2026-03-18 17:30:47.184837,13.990047454833984,69.82675170898438,0.002067337045446,14.164,-0.099,0.0,0.365,0,0,1,,0.812,2026-03-18T17:30:47.184837,neutral,0.963,2026-03-18T17:30:46.216032,0.7522785469278949,2026-03-18T17:30:46.981000,90,,,
participant_28,3,day,Town10HD_Opt,2026-03-18 17:30:48.112646,15.997081756591797,69.80828094482422,0.0020337295718491,9.508,-0.094,0.0,0.0,0,0,1,,0.872,2026-03-18T17:30:48.112646,neutral,0.963,2026-03-18T17:30:46.216032,0.6751113703572496,2026-03-18T17:30:48.960000,93,,,
participant_28,3,day,Town10HD_Opt,2026-03-18 17:30:49.055330,17.464427947998047,69.79341888427734,0.0019879532046616,7.235,-0.094,0.0,0.0,0,0,1,,1.0,2026-03-18T17:30:49.055330,neutral,0.792,2026-03-18T17:30:49.055330,0.693102159151562,2026-03-18T17:30:48.960000,92,,,
participant_28,3,day,Town10HD_Opt,2026-03-18 17:30:50.267260,18.904756546020508,69.7777099609375,0.001973228296265,4.9,-0.094,0.202,0.0,0,0,1,,0.841,2026-03-18T17:30:50.267260,neutral,0.792,2026-03-18T17:30:49.055330,0.6357289740082221,2026-03-18T17:30:51.030000,94,,,
participant_28,3,day,Town10HD_Opt,2026-03-18 17:30:51.227217,19.975875854492188,69.76532745361328,0.0017671203240752,8.727,-0.094,0.42,0.0,0,0,1,,0.805,2026-03-18T17:30:51.227217,neutral,0.973,2026-03-18T17:30:51.227217,0.6140037433854341,2026-03-18T17:30:52.020000,96,,,
participant_28,3,day,Town10HD_Opt,2026-03-18 17:30:52.202345,21.85033226013184,69.74235534667969,0.0018558882875368,11.603,-0.082,0.0,0.0,0,0,1,,1.0,2026-03-18T17:30:52.202345,neutral,0.973,2026-03-18T17:30:51.227217,0.6590244820140371,2026-03-18T17:30:53.146000,95,,,
participant_28,3,day,Town10HD_Opt,2026-03-18 17:30:53.163123,23.628801345825195,69.71928405761719,0.0020304487552493,8.177,-0.075,0.0,0.229,0,0,1,,0.85,2026-03-18T17:30:53.163123,neutral,0.973,2026-03-18T17:30:51.227217,0.6153624480853619,2026-03-18T17:30:53.146000,93,,,
participant_28,3,day,Town10HD_Opt,2026-03-18 17:30:54.166301,24.786922454833984,69.70352172851562,0.0019798278808593,5.522,-0.066,0.0,0.0,0,0,1,,1.0,2026-03-18T17:30:54.166301,neutral,0.978,2026-03-18T17:30:54.166301,0.6282957467018258,2026-03-18T17:30:55.080000,94,,,
participant_28,3,day,Town10HD_Opt,2026-03-18 17:30:55.110279,25.64853286743164,69.69147491455078,0.0019596479833126,4.312,-0.066,0.0,0.0,0,0,1,,1.0,2026-03-18T17:30:55.110279,neutral,0.978,2026-03-18T17:30:54.166301,0.6159446948381233,2026-03-18T17:30:55.080000,94,,,
participant_28,3,day,Town10HD_Opt,2026-03-18 17:30:56.100217,26.024593353271484,69.68634033203125,0.0020383452065289,0.0,-0.056,0.0,0.273,0,0,1,,1.0,2026-03-18T17:30:56.100217,neutral,0.978,2026-03-18T17:30:54.166301,0.5489066620904637,2026-03-18T17:30:56.385000,96,,,
participant_28,3,day,Town10HD_Opt,2026-03-18 17:30:57.272344,26.02514839172364,69.68634033203125,0.0019202422117814,0.136,-0.056,0.124,0.0,0,0,1,,1.0,2026-03-18T17:30:57.272344,neutral,0.987,2026-03-18T17:30:57.272344,0.6007296303168024,2026-03-18T17:30:57.112000,93,,,
participant_28,3,day,Town10HD_Opt,2026-03-18 17:30:58.237999,26.26170921325684,69.68299865722656,0.00172195432242,4.672,-0.056,0.502,0.0,0,0,1,,1.0,2026-03-18T17:30:58.237999,neutral,0.987,2026-03-18T17:30:57.272344,0.7143932286857855,2026-03-18T17:30:57.112000,94,,,
participant_28,3,day,Town10HD_Opt,2026-03-18 17:30:59.150949,27.582164764404297,69.6628646850586,0.0017223738832399,10.518,-0.056,0.453,0.0,0,0,1,,0.811,2026-03-18T17:30:59.150949,neutral,0.987,2026-03-18T17:30:57.272344,0.6269369944617355,2026-03-18T17:30:59.940000,95,,,
participant_28,3,day,Town10HD_Opt,2026-03-18 17:31:00.119122,29.850265502929688,69.63054656982422,0.0017760467017069,15.317,-0.059,0.427,0.0,0,0,1,,0.906,2026-03-18T17:31:00.119122,neutral,0.982,2026-03-18T17:31:00.119122,0.6546705048994275,2026-03-18T17:31:00.570000,95,,,
participant_28,3,day,Town10HD_Opt,2026-03-18 17:31:01.094818,32.77531051635742,69.50800323486328,0.0019045256776735,17.074,-8.227,0.0,0.0,0,0,1,,0.839,2026-03-18T17:31:01.094818,neutral,0.982,2026-03-18T17:31:00.119122,0.6346931721603359,2026-03-18T17:31:01.966000,96,,,
participant_28,3,day,Town10HD_Opt,2026-03-18 17:31:02.061366,35.32683563232422,68.94495391845703,0.0020540999248623,13.086,-17.241,0.0,0.0,0,0,1,,1.0,2026-03-18T17:31:02.061366,neutral,0.982,2026-03-18T17:31:00.119122,0.7717703774595461,2026-03-18T17:31:03.001000,94,,,
participant_28,3,day,Town10HD_Opt,2026-03-18 17:31:03.294354,37.60824966430664,67.80138397216797,0.0020112609490752,9.079,-16.057,0.0,0.0,0,0,1,,1.0,2026-03-18T17:31:03.294354,neutral,0.883,2026-03-18T17:31:03.294354,0.7524765756515358,2026-03-18T17:31:03.990000,98,Harsh braking,decel_mps2=8.1,
participant_28,3,day,Town10HD_Opt,2026-03-18 17:31:04.223174,38.74950408935547,66.97227478027344,0.0019878004677593,6.989,-14.286,0.0,0.0,0,0,1,,1.0,2026-03-18T17:31:04.223174,neutral,0.883,2026-03-18T17:31:03.294354,0.6795962702173197,2026-03-18T17:31:04.980000,95,,,
participant_28,3,day,Town10HD_Opt,2026-03-18 17:31:05.144273,39.56484603881836,66.255126953125,0.0019713209476321,5.378,-13.667,0.0,0.0,0,0,1,,0.823,2026-03-18T17:31:05.144273,neutral,0.883,2026-03-18T17:31:03.294354,0.7655389847964368,2026-03-18T17:31:05.971000,95,,,
participant_28,3,day,Town10HD_Opt,2026-03-18 17:31:06.119703,40.1680793762207,65.6836929321289,0.001974296523258,4.03,-5.574,0.381,0.0,0,0,1,,1.0,2026-03-18T17:31:06.119703,neutral,0.905,2026-03-18T17:31:06.119703,0.7807530459278843,2026-03-18T17:31:05.971000,96,,,
participant_28,3,day,Town10HD_Opt,2026-03-18 17:31:07.054892,40.96435928344727,64.91503143310547,0.0017124938312917,9.931,-6.642,0.555,0.0,0,0,1,,0.832,2026-03-18T17:31:07.054892,neutral,0.905,2026-03-18T17:31:06.119703,0.8085234145213912,2026-03-18T17:31:07.995000,98,,,
participant_28,3,day,Town10HD_Opt,2026-03-18 17:31:08.260889,43.08533477783203,62.54472351074219,0.0017621993320062,17.238,-8.296,0.47,0.0,0,0,1,,1.0,2026-03-18T17:31:08.260889,neutral,0.896,2026-03-18T17:31:08.260889,0.8066610535333036,2026-03-18T17:31:08.986000,96,,,
participant_28,3,day,Town10HD_Opt,2026-03-18 17:31:09.245267,44.71289825439453,59.83995056152344,0.0020653915125876,18.446,-18.541,0.359,0.0,0,0,1,,1.0,2026-03-18T17:31:09.245267,neutral,0.896,2026-03-18T17:31:08.260889,0.7447555176594141,2026-03-18T17:31:09.976000,95,,,
participant_28,3,day,Town10HD_Opt,2026-03-18 17:31:10.170943,45.48564910888672,56.74066162109375,0.0019249725155532,17.921,-18.016,0.0,0.0,0,0,1,,1.0,2026-03-18T17:31:10.170943,neutral,0.896,2026-03-18T17:31:08.260889,0.7994370413074343,2026-03-18T17:31:10.965000,94,,,
participant_28,3,day,Town10HD_Opt,2026-03-18 17:31:11.159932,45.39802551269531,53.93452835083008,0.002050552284345,13.977,-11.593,0.0,0.0,0,0,1,,1.0,2026-03-18T17:31:11.159932,neutral,0.961,2026-03-18T17:31:11.159932,0.7477274957276305,2026-03-18T17:31:12,94,,,
participant_28,3,day,Town10HD_Opt,2026-03-18 17:31:12.163438,45.10001373291016,51.7698860168457,0.0019988249987363,11.327,-2.908,0.39,0.0,0,0,1,,1.0,2026-03-18T17:31:12.163438,neutral,0.961,2026-03-18T17:31:11.159932,0.7243329448924288,2026-03-18T17:31:12.990000,94,,,
participant_28,3,day,Town10HD_Opt,2026-03-18 17:31:13.137290,44.77407455444336,49.51832580566406,0.0017842864617705,15.34,-0.47,0.425,0.0,0,0,1,,0.913,2026-03-18T17:31:13.137290,neutral,0.961,2026-03-18T17:31:11.159932,0.7543021911196547,2026-03-18T17:31:13.980000,94,,,
participant_28,3,day,Town10HD_Opt,2026-03-18 17:31:14.091986,44.40695190429688,46.574745178222656,0.0020784377120435,18.128,2.494,0.425,0.0,0,0,1,,0.882,2026-03-18T17:31:14.091986,neutral,0.848,2026-03-18T17:31:14.091986,0.817735136516367,2026-03-18T17:31:13.980000,97,,,
participant_28,3,day,Town10HD_Opt,2026-03-18 17:31:15.017105,44.15512466430664,43.34891891479492,0.0019977570045739,19.246,3.266,0.379,0.0,0,0,1,,0.901,2026-03-18T17:31:15.017105,neutral,0.848,2026-03-18T17:31:14.091986,0.8252149930401798,2026-03-18T17:31:15.066000,97,,,
participant_28,3,day,Town10HD_Opt,2026-03-18 17:31:16.234965,44.22831344604492,38.68071746826172,0.0020127869211137,20.832,8.465,0.363,0.0,0,0,1,,1.0,2026-03-18T17:31:16.234965,neutral,0.878,2026-03-18T17:31:16.234965,0.7920321170774343,2026-03-18T17:31:16.995000,98,,,
participant_28,3,day,Town10HD_Opt,2026-03-18 17:31:17.205346,45.03584289550781,35.103416442871094,0.0020485685672611,21.267,16.233,0.347,0.0,0,0,1,,0.89,2026-03-18T17:31:17.205346,neutral,0.878,2026-03-18T17:31:16.234965,0.8317930722389288,2026-03-18T17:31:16.995000,96,,,
participant_28,3,day,Town10HD_Opt,2026-03-18 17:31:18.107785,46.89892959594727,31.91362762451172,0.002074813703075,21.212,18.453,0.289,0.0,0,0,1,,1.0,2026-03-18T17:31:18.107785,neutral,0.878,2026-03-18T17:31:16.234965,0.7859602279890086,2026-03-18T17:31:18.976000,96,,,
participant_28,3,day,Town10HD_Opt,2026-03-18 17:31:19.007622,49.5493049621582,29.68707847595215,0.002048950176686,17.832,20.376,0.0,0.0,0,0,1,,1.0,2026-03-18T17:31:19.007622,neutral,0.995,2026-03-18T17:31:19.007622,0.7845507681643866,2026-03-18T17:31:18.976000,93,,,
participant_28,3,day,Town10HD_Opt,2026-03-18 17:31:20.209611,52.90924072265625,28.560009002685547,0.0020481490064412,12.844,13.828,0.0,0.0,0,0,1,,0.903,2026-03-18T17:31:20.209611,neutral,0.995,2026-03-18T17:31:19.007622,0.7621940823305813,2026-03-18T17:31:20.056000,93,,,
participant_28,3,day,Town10HD_Opt,2026-03-18 17:31:21.164024,54.85637664794922,28.23426628112793,0.0020126341842114,9.754,6.379,0.0,0.0,0,0,1,,0.948,2026-03-18T17:31:21.164024,neutral,0.97,2026-03-18T17:31:21.164024,0.8224651234502577,2026-03-18T17:31:21.496000,95,,,
participant_28,3,day,Town10HD_Opt,2026-03-18 17:31:22.094752,56.32932662963867,28.037059783935547,0.0020097349770367,6.962,2.247,0.0,0.053,0,0,1,,0.873,2026-03-18T17:31:22.094752,neutral,0.97,2026-03-18T17:31:21.164024,0.7542347560583231,2026-03-18T17:31:22.127000,94,,,
participant_28,3,day,Town10HD_Opt,2026-03-18 17:31:22.997149,57.08510208129883,27.93380546569824,0.0022413635160773,0.001,0.935,0.0,0.045,0,0,1,,0.867,2026-03-18T17:31:22.997149,neutral,0.97,2026-03-18T17:31:21.164024,0.7497457979401553,2026-03-18T17:31:23.116000,94,,,
participant_28,3,day,Town10HD_Opt,2026-03-18 17:31:24.173920,57.090457916259766,27.93309211730957,0.0019218062516301,0.035,0.978,0.0,0.0,0,0,1,,1.0,2026-03-18T17:31:24.173920,neutral,0.763,2026-03-18T17:31:24.173920,0.7634893211254663,2026-03-18T17:31:25.051000,94,,,
participant_28,3,day,Town10HD_Opt,2026-03-18 17:31:25.063945,57.09299087524414,27.93276596069336,0.0019161605741828,0.174,1.283,0.131,0.0,0,0,1,,1.0,2026-03-18T17:31:25.063945,neutral,0.763,2026-03-18T17:31:24.173920,0.7952987665563184,2026-03-18T17:31:25.996000,95,,,
participant_28,3,day,Town10HD_Opt,2026-03-18 17:31:25.992382,57.22675323486328,27.914663314819336,0.0018490218790248,2.009,1.316,0.236,0.0,0,0,1,,1.0,2026-03-18T17:31:25.992382,neutral,0.763,2026-03-18T17:31:24.173920,0.7940760840664725,2026-03-18T17:31:25.996000,98,,,
participant_28,3,day,Town10HD_Opt,2026-03-18 17:31:27.194476,57.96682357788086,27.81797981262207,0.0018845367012545,4.051,1.239,0.094,0.0,0,0,1,,0.82,2026-03-18T17:31:27.194476,neutral,0.977,2026-03-18T17:31:27.194476,0.85140824009465,2026-03-18T17:31:27.975000,95,,,
participant_28,3,day,Town10HD_Opt,2026-03-18 17:31:28.120939,58.68056488037109,27.728031158447266,0.0019428252708166,3.769,1.222,0.0,0.0,0,0,1,,0.854,2026-03-18T17:31:28.120939,neutral,0.977,2026-03-18T17:31:27.194476,0.7822851914116895,2026-03-18T17:31:27.975000,95,,,
participant_28,3,day,Town10HD_Opt,2026-03-18 17:31:28.991781,59.15549087524414,27.669767379760746,0.0021492384839802,0.0,1.114,0.0,0.099,0,0,1,,0.963,2026-03-18T17:31:28.991781,neutral,0.977,2026-03-18T17:31:27.194476,0.8172971678040362,2026-03-18T17:31:29.281000,96,,,
participant_28,3,day,Town10HD_Opt,2026-03-18 17:31:30.143990,59.15576934814453,27.66973876953125,0.001922111492604,0.0,1.123,0.0,0.074,0,0,1,,0.917,2026-03-18T17:31:30.143990,neutral,0.958,2026-03-18T17:31:30.143990,0.8145472779237758,2026-03-18T17:31:30.991000,93,,,
participant_28,3,day,Town10HD_Opt,2026-03-18 17:31:31.048738,59.15576934814453,27.66973876953125,0.0019198608351871,0.0,1.128,0.0,0.067,0,0,1,,0.916,2026-03-18T17:31:31.048738,neutral,0.958,2026-03-18T17:31:30.143990,0.7856915473188775,2026-03-18T17:31:30.991000,96,,,
participant_28,3,day,Town10HD_Opt,2026-03-18 17:31:32.221971,59.15576934814453,27.66973876953125,0.0019198608351871,0.0,2.553,0.0,0.0,0,0,1,,0.897,2026-03-18T17:31:32.221971,neutral,0.982,2026-03-18T17:31:32.221971,0.8676477217455915,2026-03-18T17:31:33.151000,96,,,
participant_28,3,day,Town10HD_Opt,2026-03-18 17:31:33.118908,59.15621566772461,27.66970634460449,0.0019156646449118,0.173,4.983,0.118,0.0,0,0,1,,0.9,2026-03-18T17:31:33.118908,neutral,0.982,2026-03-18T17:31:32.221971,0.9784344418738472,2026-03-18T17:31:34.050000,96,,,
participant_28,3,day,Town10HD_Opt,2026-03-18 17:31:34.015609,59.19919967651367,27.667097091674805,0.0018873977242037,0.695,9.365,0.0,0.0,0,0,1,,1.0,2026-03-18T17:31:34.015609,neutral,0.982,2026-03-18T17:31:32.221971,0.99,2026-03-18T17:31:34.050000,95,,,
participant_28,3,day,Town10HD_Opt,2026-03-18 17:31:35.238821,59.34041213989258,27.659183502197266,0.0019234084757044,0.506,8.556,0.0,0.0,0,0,1,,1.0,2026-03-18T17:31:35.238821,neutral,0.969,2026-03-18T17:31:35.238821,0.9246855181884696,2026-03-18T17:31:36.166000,95,,,
participant_28,3,day,Town10HD_Opt,2026-03-18 17:31:36.170217,59.41855239868164,27.65519523620605,0.0019225310534238,0.39,8.522,0.0,0.0,0,0,1,,0.827,2026-03-18T17:31:36.170217,neutral,0.969,2026-03-18T17:31:35.238821,0.956573467614737,2026-03-18T17:31:36.166000,94,,,
participant_28,3,day,Town10HD_Opt,2026-03-18 17:31:37.141082,59.47857284545898,27.65086555480957,0.0019216918153688,0.3,2.132,0.0,0.0,0,0,1,,1.0,2026-03-18T17:31:37.141082,neutral,0.969,2026-03-18T17:31:35.238821,0.8964417748907336,2026-03-18T17:31:37.561000,95,,,
participant_28,3,day,Town10HD_Opt,2026-03-18 17:31:38.056368,59.60859680175781,27.634239196777344,0.0017912292387336,2.907,-1.897,0.488,0.0,0,0,1,,1.0,2026-03-18T17:31:38.056368,neutral,0.96,2026-03-18T17:31:38.056368,0.99,2026-03-18T17:31:39.001000,94,,,
participant_28,3,day,Town10HD_Opt,2026-03-18 17:31:39.270923,61.27117538452149,27.402006149291992,0.0017230986850336,11.666,-2.021,0.46,0.0,0,0,1,,0.833,2026-03-18T17:31:39.270923,neutral,0.96,2026-03-18T17:31:38.056368,0.99,2026-03-18T17:31:39.990000,92,,,
participant_28,3,day,Town10HD_Opt,2026-03-18 17:31:40.163991,63.65148162841797,27.022247314453125,0.0018160628387704,15.422,-1.765,0.261,0.0,0,0,1,,0.802,2026-03-18T17:31:40.163991,neutral,0.955,2026-03-18T17:31:40.163991,0.99,2026-03-18T17:31:40.981000,90,,,
participant_28,3,day,Town10HD_Opt,2026-03-18 17:31:41.081379,66.341064453125,26.536272048950195,0.0019475554581731,15.196,-0.893,0.0,0.0,0,0,1,,0.896,2026-03-18T17:31:41.081379,neutral,0.955,2026-03-18T17:31:40.163991,0.99,2026-03-18T17:31:41.970000,89,,,errors=Harsh braking
participant_28,3,day,Town10HD_Opt,2026-03-18 17:31:42.013906,68.40204620361328,26.14455795288086,0.0021945952903479,7.259,-0.658,0.0,1.0,0,0,1,,0.931,2026-03-18T17:31:42.013906,neutral,0.955,2026-03-18T17:31:40.163991,0.99,2026-03-18T17:31:41.970000,89,,,
participant_28,3,day,Town10HD_Opt,2026-03-18 17:31:43.178951,68.64002227783203,26.09834098815918,0.0019351196242496,0.203,-0.421,0.0,0.0,0,0,1,,0.88,2026-03-18T17:31:43.178951,neutral,0.899,2026-03-18T17:31:43.178951,0.9478032252777914,2026-03-18T17:31:43.996000,89,,,
participant_28,3,day,Town10HD_Opt,2026-03-18 17:31:44.030155,68.670654296875,26.09246826171875,0.0019207763252779,0.157,-0.031,0.0,0.0,0,0,1,,0.87,2026-03-18T17:31:44.030155,neutral,0.899,2026-03-18T17:31:43.178951,0.919493515549564,2026-03-18T17:31:43.996000,90,Stop sign violation,stop_sign_id=1062,
participant_28,3,day,Town10HD_Opt,2026-03-18 17:31:45.183647,68.69121551513672,26.0886344909668,0.0019185256678611,0.102,0.696,0.016,0.0,0,0,1,,0.838,2026-03-18T17:31:45.183647,neutral,0.889,2026-03-18T17:31:45.183647,0.8665475244612495,2026-03-18T17:31:45.976000,89,,,
participant_28,3,day,Town10HD_Opt,2026-03-18 17:31:46.044756,68.70587158203125,26.08597755432129,0.001918678288348,0.101,0.714,0.016,0.0,0,0,1,,0.852,2026-03-18T17:31:46.044756,neutral,0.889,2026-03-18T17:31:45.183647,0.8134972380606045,2026-03-18T17:31:45.976000,91,,,
participant_28,3,day,Town10HD_Opt,2026-03-18 17:31:47.222192,68.72412109375,26.08261108398437,0.001919021597132,0.092,0.726,0.014,0.0,0,0,1,,0.841,2026-03-18T17:31:47.222192,neutral,0.842,2026-03-18T17:31:47.222192,0.8244953793005437,2026-03-18T17:31:48.046000,87,,,
participant_28,3,day,Town10HD_Opt,2026-03-18 17:31:48.091925,68.73656463623047,26.080322265625,0.0019188689766451,0.087,0.766,0.013,0.0,0,0,1,,0.884,2026-03-18T17:31:48.091925,neutral,0.842,2026-03-18T17:31:47.222192,0.7809671159372343,2026-03-18T17:31:48.991000,85,,,
participant_28,3,day,Town10HD_Opt,2026-03-18 17:31:49.230610,68.75212097167969,26.07749938964844,0.0019188689766451,0.083,0.902,0.013,0.0,0,0,1,,1.0,2026-03-18T17:31:49.230610,neutral,0.81,2026-03-18T17:31:49.230610,0.7593458550291758,2026-03-18T17:31:49.981000,86,,,
participant_28,3,day,Town10HD_Opt,2026-03-18 17:31:50.095281,68.763427734375,26.07545661926269,0.0019187163561582,0.082,0.902,0.013,0.0,0,0,1,,1.0,2026-03-18T17:31:50.095281,neutral,0.81,2026-03-18T17:31:49.230610,0.6224599080141867,2026-03-18T17:31:50.971000,89,,,
participant_28,3,day,Town10HD_Opt,2026-03-18 17:31:51.017014,68.77449798583984,26.073415756225582,0.0019188307924196,0.081,0.902,0.012,0.0,0,0,1,,0.839,2026-03-18T17:31:51.017014,neutral,0.81,2026-03-18T17:31:49.230610,0.7059622362167659,2026-03-18T17:31:50.971000,88,,,
participant_28,3,day,Town10HD_Opt,2026-03-18 17:31:52.198925,68.78893280029297,26.070804595947266,0.0019188307924196,0.079,0.905,0.012,0.0,0,0,1,,0.85,2026-03-18T17:31:52.198925,happy,0.696,2026-03-18T17:31:52.198925,0.5608690006730541,2026-03-18T17:31:52.997000,89,,,
participant_28,3,day,Town10HD_Opt,2026-03-18 17:31:53.106981,68.79946899414062,26.068893432617188,0.0019187545403838,0.078,0.907,0.012,0.0,0,0,1,,0.829,2026-03-18T17:31:53.106981,happy,0.696,2026-03-18T17:31:52.198925,0.5155104273299091,2026-03-18T17:31:53.985000,90,,,
participant_28,3,day,Town10HD_Opt,2026-03-18 17:31:54.256296,68.81328582763672,26.06640625,0.0019187545403838,0.077,0.907,0.013,0.0,0,0,1,,1.0,2026-03-18T17:31:54.256296,neutral,0.98,2026-03-18T17:31:54.256296,0.5855284710736703,2026-03-18T17:31:54.977000,91,,,
participant_28,3,day,Town10HD_Opt,2026-03-18 17:31:55.130423,68.8345718383789,26.062519073486328,0.0019161986419931,0.177,0.726,0.0,0.0,0,0,1,,1.0,2026-03-18T17:31:55.130423,neutral,0.98,2026-03-18T17:31:54.256296,0.622575901999424,2026-03-18T17:31:54.977000,92,,,
participant_28,3,day,Town10HD_Opt,2026-03-18 17:31:56.002848,68.861328125,26.057621002197266,0.0019200133392587,0.138,0.728,0.0,0.0,0,0,1,,0.801,2026-03-18T17:31:56.002848,neutral,0.98,2026-03-18T17:31:54.256296,0.491820330747883,2026-03-18T17:31:56.149000,92,,,
participant_28,3,day,Town10HD_Opt,2026-03-18 17:31:57.141909,68.88762664794922,26.05280494689941,0.0019197463989257,0.098,0.738,0.0,0.0,0,0,1,,1.0,2026-03-18T17:31:57.141909,sad,0.775,2026-03-18T17:31:57.141909,0.5442037913125933,2026-03-18T17:31:58.081000,91,,,
participant_28,3,day,Town10HD_Opt,2026-03-18 17:31:58.003518,68.902099609375,26.050161361694336,0.0019195937784388,0.076,0.738,0.0,0.0,0,0,1,,0.895,2026-03-18T17:31:58.003518,sad,0.775,2026-03-18T17:31:57.141909,0.5491583894156258,2026-03-18T17:31:58.081000,93,,,
participant_28,3,day,Town10HD_Opt,2026-03-18 17:31:59.111722,68.91629028320312,26.047563552856445,0.001919517526403,0.055,0.738,0.0,0.0,0,0,1,,0.867,2026-03-18T17:31:59.111722,sad,0.775,2026-03-18T17:31:57.141909,0.5131388180207507,2026-03-18T17:32:00.060000,93,,,
participant_28,3,day,Town10HD_Opt,2026-03-18 17:32:00.255305,68.9262924194336,26.045743942260746,0.001919288537465,0.039,0.773,0.0,0.0,0,0,1,,0.803,2026-03-18T17:32:00.255305,sad,0.772,2026-03-18T17:32:00.255305,0.5345123783234876,2026-03-18T17:32:01.006000,92,,,
participant_28,3,day,Town10HD_Opt,2026-03-18 17:32:01.176199,68.93179321289062,26.04473304748535,0.0019191741012036,0.155,0.771,0.04,0.0,0,0,1,,0.831,2026-03-18T17:32:01.176199,sad,0.772,2026-03-18T17:32:00.255305,0.415146499997056,2026-03-18T17:32:02.041000,91,,,
participant_28,3,day,Town10HD_Opt,2026-03-18 17:32:02.098770,69.25929260253906,25.98583984375,0.0016284942394122,6.893,1.119,0.811,0.0,0,0,1,,1.0,2026-03-18T17:32:02.098770,sad,0.772,2026-03-18T17:32:00.255305,0.5785160930318956,2026-03-18T17:32:02.041000,95,,,
participant_28,3,day,Town10HD_Opt,2026-03-18 17:32:03.023142,71.3826675415039,25.65289306640625,0.0015550231328234,18.372,3.775,0.711,0.0,0,0,1,,0.811,2026-03-18T17:32:03.023142,neutral,0.948,2026-03-18T17:32:03.023142,0.4846225419667787,2026-03-18T17:32:03.078000,93,,,
participant_28,3,day,Town10HD_Opt,2026-03-18 17:32:04.243632,75.7640609741211,25.234819412231445,0.0019297789549455,16.558,3.151,0.0,0.188,0,0,1,,0.816,2026-03-18T17:32:04.243632,neutral,0.948,2026-03-18T17:32:03.023142,0.4237036391790675,2026-03-18T17:32:05.191000,88,,,
participant_28,3,day,Town10HD_Opt,2026-03-18 17:32:05.124374,78.29712677001953,25.14693260192871,0.0020389938727021,12.461,2.471,0.206,0.0,0,0,1,,1.0,2026-03-18T17:32:05.124374,happy,0.683,2026-03-18T17:32:05.124374,0.4630088559206463,2026-03-18T17:32:05.191000,91,,,
participant_28,3,day,Town10HD_Opt,2026-03-18 17:32:06.058831,80.61408996582031,25.128246307373047,0.0017562865978106,16.074,1.558,0.62,0.0,0,0,1,,0.887,2026-03-18T17:32:06.058831,happy,0.683,2026-03-18T17:32:05.124374,0.3764365694508786,2026-03-18T17:32:06.766000,91,,,
participant_28,3,day,Town10HD_Opt,2026-03-18 17:32:07.250208,85.04476165771484,25.19795608520508,0.0019009780371561,22.024,0.606,0.526,0.0,0,0,1,,1.0,2026-03-18T17:32:07.250208,neutral,0.896,2026-03-18T17:32:07.250208,0.4582103670246753,2026-03-18T17:32:08.027000,90,,,
participant_28,3,day,Town10HD_Opt,2026-03-18 17:32:08.141349,89.23587036132812,25.28800201416016,0.0019164275145158,26.036,-2.12,0.46,0.0,0,0,1,,1.0,2026-03-18T17:32:08.141349,neutral,0.896,2026-03-18T17:32:07.250208,0.4800727433683136,2026-03-18T17:32:08.971000,92,,,
participant_28,3,day,Town10HD_Opt,2026-03-18 17:32:09.034468,93.70223236083984,25.12399101257324,0.0022021865006536,22.867,-7.142,0.0,0.0,0,0,1,,0.829,2026-03-18T17:32:09.034468,neutral,0.896,2026-03-18T17:32:07.250208,0.4789357054338458,2026-03-18T17:32:08.971000,92,,,
participant_28,3,day,Town10HD_Opt,2026-03-18 17:32:10.208378,98.01748657226562,23.98297119140625,0.0020276641007512,15.848,-18.174,0.0,0.0,0,0,1,,0.814,2026-03-18T17:32:10.208378,neutral,0.768,2026-03-18T17:32:10.208378,0.5310145100391919,2026-03-18T17:32:10.996000,91,,,
participant_28,3,day,Town10HD_Opt,2026-03-18 17:32:11.170518,100.10198974609376,22.59543228149414,0.0019639206584542,13.933,-17.483,0.339,0.0,0,0,1,,1.0,2026-03-18T17:32:11.170518,neutral,0.768,2026-03-18T17:32:10.208378,0.5129312919844631,2026-03-18T17:32:11.986000,90,,,
participant_28,3,day,Town10HD_Opt,2026-03-18 17:32:12.122015,101.88368225097656,20.7341423034668,0.0018778227968141,15.764,-15.12,0.311,0.0,0,0,1,,1.0,2026-03-18T17:32:12.122015,neutral,0.768,2026-03-18T17:32:10.208378,0.4731434162485585,2026-03-18T17:32:12.977000,90,,,
participant_28,3,day,Town10HD_Opt,2026-03-18 17:32:13.009584,103.44651794433594,18.35076141357422,0.0019043349893763,16.701,-12.12,0.207,0.0,0,0,1,,1.0,2026-03-18T17:32:13.009584,neutral,0.931,2026-03-18T17:32:13.009584,0.4245021029825422,2026-03-18T17:32:12.977000,91,,,
participant_28,3,day,Town10HD_Opt,2026-03-18 17:32:14.205846,104.82806396484376,14.897689819335938,0.0019799803849309,14.74,-7.14,0.0,0.0,0,0,1,,0.83,2026-03-18T17:32:14.205846,neutral,0.931,2026-03-18T17:32:13.009584,0.4172970702192593,2026-03-18T17:32:15.001000,92,,,
participant_28,3,day,Town10HD_Opt,2026-03-18 17:32:15.086303,105.34148406982422,12.661832809448242,0.0020329284016042,11.337,-13.648,0.0,0.0,0,0,1,,0.801,2026-03-18T17:32:15.086303,neutral,0.896,2026-03-18T17:32:15.086303,0.432622453961558,2026-03-18T17:32:15.990000,94,,,
participant_28,3,day,Town10HD_Opt,2026-03-18 17:32:15.990727,105.49624633789062,10.905527114868164,0.0019981001969426,8.919,-6.099,0.227,0.0,0,0,1,,0.937,2026-03-18T17:32:15.990727,neutral,0.896,2026-03-18T17:32:15.086303,0.3979992157972629,2026-03-18T17:32:15.990000,91,,,
participant_28,3,day,Town10HD_Opt,2026-03-18 17:32:17.215514,105.65785217285156,8.561742782592773,0.0018437957623973,11.729,-1.695,0.302,0.0,0,0,1,,0.894,2026-03-18T17:32:17.215514,neutral,0.871,2026-03-18T17:32:17.215514,0.505496813593485,2026-03-18T17:32:17.971000,94,,,
participant_28,3,day,Town10HD_Opt,2026-03-18 17:32:18.085094,105.7883071899414,6.344776630401611,0.0018525695195421,13.796,-1.201,0.304,0.0,0,0,1,,0.837,2026-03-18T17:32:18.085094,neutral,0.871,2026-03-18T17:32:17.215514,0.4938163215882515,2026-03-18T17:32:17.971000,91,,,
participant_28,3,day,Town10HD_Opt,2026-03-18 17:32:19.264495,105.95721435546876,2.888664484024048,0.0018696594052016,15.918,-0.717,0.303,0.0,0,0,1,,1.0,2026-03-18T17:32:19.264495,neutral,0.453,2026-03-18T17:32:19.264495,0.4282766110095252,2026-03-18T17:32:19.051000,93,,,
participant_28,3,day,Town10HD_Opt,2026-03-18 17:32:20.120038,106.06414031982422,0.0011507034068927,0.001877975417301,17.191,-0.717,0.305,0.0,0,0,1,,0.911,2026-03-18T17:32:20.120038,neutral,0.453,2026-03-18T17:32:19.264495,0.41776927796114,2026-03-18T17:32:20.401000,94,,,
participant_28,3,day,Town10HD_Opt,2026-03-18 17:32:20.994656,106.143798828125,-3.065103769302368,0.001900787348859,17.819,-0.696,0.261,0.0,0,0,1,,0.956,2026-03-18T17:32:20.994656,neutral,0.453,2026-03-18T17:32:19.264495,0.3962100106958981,2026-03-18T17:32:21.257000,94,,,
participant_28,3,day,Town10HD_Opt,2026-03-18 17:32:22.179544,106.19742584228516,-7.026920795440674,0.0020521925762295,14.405,-0.038,0.0,0.095,0,0,1,,0.918,2026-03-18T17:32:22.179544,neutral,0.951,2026-03-18T17:32:22.179544,0.3828297915052462,2026-03-18T17:32:22.426000,93,,,
participant_28,3,day,Town10HD_Opt,2026-03-18 17:32:23.052313,106.22054290771484,-9.214157104492188,0.0020282745826989,10.643,0.172,0.0,0.0,0,0,1,,1.0,2026-03-18T17:32:23.052313,neutral,0.951,2026-03-18T17:32:22.179544,0.4103597208890038,2026-03-18T17:32:23.462000,90,,,
participant_28,3,day,Town10HD_Opt,2026-03-18 17:32:24.210149,106.26368713378906,-11.729228019714355,0.0017259978922083,14.276,0.691,0.677,0.0,0,0,1,,0.835,2026-03-18T17:32:24.210149,neutral,0.676,2026-03-18T17:32:24.210149,0.4793543284283064,2026-03-18T17:32:23.462000,89,,,
participant_28,3,day,Town10HD_Opt,2026-03-18 17:32:25.086702,106.34674835205078,-14.742770195007324,0.002012176439166,19.044,0.726,0.512,0.0,0,0,1,,0.929,2026-03-18T17:32:25.086702,neutral,0.676,2026-03-18T17:32:24.210149,0.4313006651606385,2026-03-18T17:32:23.462000,90,,,
participant_28,3,day,Town10HD_Opt,2026-03-18 17:32:26.256897,106.5864028930664,-19.29927635192871,0.0019864654168486,17.656,2.351,0.0,0.0,0,0,1,,1.0,2026-03-18T17:32:26.256897,neutral,0.904,2026-03-18T17:32:26.256897,0.4444596527751019,2026-03-18T17:32:27.062000,100,,,
participant_28,3,day,Town10HD_Opt,2026-03-18 17:32:27.131269,106.89007568359376,-22.05071258544922,0.002043189946562,13.865,3.259,0.008,0.0,0,0,1,,1.0,2026-03-18T17:32:27.131269,neutral,0.904,2026-03-18T17:32:26.256897,0.3744352461256792,2026-03-18T17:32:28.051000,100,,,
participant_28,3,day,Town10HD_Opt,2026-03-18 17:32:27.994243,107.24754333496094,-24.338302612304688,0.0018652725266292,14.2,2.217,0.415,0.0,0,0,1,,1.0,2026-03-18T17:32:27.994243,neutral,0.904,2026-03-18T17:32:26.256897,0.3269377140801843,2026-03-18T17:32:28.051000,102,,,
participant_28,3,day,Town10HD_Opt,2026-03-18 17:32:29.135655,107.8693618774414,-28.10135841369629,0.0020853041205555,18.271,-3.426,0.399,0.0,0,0,1,,1.0,2026-03-18T17:32:29.135655,neutral,0.752,2026-03-18T17:32:29.135655,0.372250104917365,2026-03-18T17:32:28.996000,102,,,
participant_28,3,day,Town10HD_Opt,2026-03-18 17:32:30.026656,108.08180236816406,-31.274513244628903,0.0020268631633371,18.56,-11.74,0.38,0.0,0,0,1,,0.856,2026-03-18T17:32:30.026656,neutral,0.752,2026-03-18T17:32:29.135655,0.4613389721265712,2026-03-18T17:32:30.977000,102,,,
participant_28,3,day,Town10HD_Opt,2026-03-18 17:32:31.165912,107.4068832397461,-35.7308235168457,0.0020103836432099,20.319,-6.398,0.376,0.0,0,0,1,,0.845,2026-03-18T17:32:31.165912,neutral,0.777,2026-03-18T17:32:31.165912,0.3511013013110891,2026-03-18T17:32:32.012000,100,,,
participant_28,3,day,Town10HD_Opt,2026-03-18 17:32:32.064077,106.3124771118164,-39.18490219116211,0.002013664226979,21.278,-6.168,0.376,0.0,0,0,1,,1.0,2026-03-18T17:32:32.064077,neutral,0.777,2026-03-18T17:32:31.165912,0.4086850716835183,2026-03-18T17:32:33.001000,97,,,
participant_28,3,day,Town10HD_Opt,2026-03-18 17:32:33.217909,104.09441375732422,-43.75699234008789,0.0020206070039421,22.422,-6.59,0.375,0.0,0,0,1,,1.0,2026-03-18T17:32:33.217909,neutral,0.764,2026-03-18T17:32:33.217909,0.3037785636002221,2026-03-18T17:32:33.991000,94,,,
participant_28,3,day,Town10HD_Opt,2026-03-18 17:32:34.100235,101.89163208007812,-47.07722854614258,0.0020193480886518,23.183,-2.826,0.375,0.0,0,0,1,,0.864,2026-03-18T17:32:34.100235,neutral,0.764,2026-03-18T17:32:33.217909,0.2882238724246808,2026-03-18T17:32:33.991000,97,,,
participant_28,3,day,Town10HD_Opt,2026-03-18 17:32:35.240903,98.47210693359376,-51.46640396118164,0.0019615553319454,24.6,-3.014,0.375,0.0,0,0,1,,1.0,2026-03-18T17:32:35.240903,neutral,0.804,2026-03-18T17:32:35.240903,0.3535013629377308,2026-03-18T17:32:33.991000,96,,,
participant_28,3,day,Town10HD_Opt,2026-03-18 17:32:36.180604,95.51683044433594,-54.638309478759766,0.0020196533296257,25.233,-3.712,0.375,0.0,0,0,1,,0.933,2026-03-18T17:32:36.180604,neutral,0.804,2026-03-18T17:32:35.240903,0.3772908505376355,2026-03-18T17:32:36.422000,95,,,
participant_28,3,day,Town10HD_Opt,2026-03-18 17:32:37.069061,92.200439453125,-57.59938049316406,0.0020236587151885,25.823,-3.964,0.375,0.0,0,0,1,,0.924,2026-03-18T17:32:37.069061,neutral,0.804,2026-03-18T17:32:35.240903,0.3383839179756944,2026-03-18T17:32:37.143000,96,,,
participant_28,3,day,Town10HD_Opt,2026-03-18 17:32:38.235243,87.24571228027344,-61.1163215637207,0.0020270156674087,26.521,-3.624,0.375,0.0,0,0,1,,0.945,2026-03-18T17:32:38.235243,neutral,0.992,2026-03-18T17:32:38.235243,0.30669713761235,2026-03-18T17:32:38.042000,94,,,
participant_28,3,day,Town10HD_Opt,2026-03-18 17:32:39.084374,83.18299865722656,-63.38717651367188,0.0020290755201131,26.945,-3.636,0.375,0.0,0,0,1,,0.882,2026-03-18T17:32:39.084374,neutral,0.992,2026-03-18T17:32:38.235243,0.2756243985558168,2026-03-18T17:32:39.301000,96,,,
participant_28,3,day,Town10HD_Opt,2026-03-18 17:32:40.242060,77.36860656738281,-65.841064453125,0.0020317840389907,27.422,-4.03,0.375,0.0,0,0,1,,0.909,2026-03-18T17:32:40.242060,neutral,0.805,2026-03-18T17:32:40.242060,0.3188753743703475,2026-03-18T17:32:41.012000,96,,,
participant_28,3,day,Town10HD_Opt,2026-03-18 17:32:41.121490,72.74828338623047,-67.14674377441406,0.0020344543736428,27.717,-4.636,0.375,0.0,0,0,1,,0.868,2026-03-18T17:32:41.121490,neutral,0.805,2026-03-18T17:32:40.242060,0.2739165978694783,2026-03-18T17:32:42.001000,97,,,
participant_28,3,day,Town10HD_Opt,2026-03-18 17:32:42.031474,67.95751190185547,-67.90567779541016,0.0020352553110569,27.978,-4.195,0.375,0.0,0,0,1,,1.0,2026-03-18T17:32:42.031474,neutral,0.805,2026-03-18T17:32:40.242060,0.2613220475162912,2026-03-18T17:32:42.001000,97,,,
participant_28,3,day,Town10HD_Opt,2026-03-18 17:32:43.214659,61.42818069458008,-68.16204071044922,0.0020361708011478,28.26,-1.222,0.373,0.0,0,0,1,,0.937,2026-03-18T17:32:43.214659,neutral,0.938,2026-03-18T17:32:43.214659,0.2653162695360788,2026-03-18T17:32:43.171000,98,,,
participant_28,3,day,Town10HD_Opt,2026-03-18 17:32:44.121651,56.48683166503906,-68.08142852783203,0.0020365524105727,28.42,0.172,0.373,0.0,0,0,1,,0.908,2026-03-18T17:32:44.121651,neutral,0.938,2026-03-18T17:32:43.214659,0.2831162026546229,2026-03-18T17:32:44.566000,97,,,
participant_28,3,day,Town10HD_Opt,2026-03-18 17:32:45.010669,51.51935577392578,-67.97433471679688,0.0020370483398437,28.56,0.461,0.373,0.0,0,0,1,,1.0,2026-03-18T17:32:45.010669,neutral,0.938,2026-03-18T17:32:43.214659,0.2359177364584988,2026-03-18T17:32:45.691000,98,,,
participant_28,3,day,Town10HD_Opt,2026-03-18 17:32:46.201176,44.85984802246094,-67.86165618896484,0.0020378874614834,28.72,0.12,0.373,0.0,0,0,1,,0.867,2026-03-18T17:32:46.201176,neutral,0.876,2026-03-18T17:32:46.201176,0.1148718931024952,2026-03-18T17:32:47.042000,97,,,
participant_28,3,day,Town10HD_Opt,2026-03-18 17:32:47.100005,39.84200286865234,-67.77650451660156,0.00203842157498,28.831,0.12,0.422,0.0,0,0,1,,0.902,2026-03-18T17:32:47.100005,neutral,0.876,2026-03-18T17:32:46.201176,0.1474323912278881,2026-03-18T17:32:47.042000,94,,,
participant_28,3,day,Town10HD_Opt,2026-03-18 17:32:48.256093,32.56696319580078,-67.64231872558594,0.0018281936645507,35.684,0.122,0.665,0.0,0,0,1,,0.907,2026-03-18T17:32:48.256093,neutral,0.855,2026-03-18T17:32:48.256093,0.1532346679335022,2026-03-18T17:32:48.166000,94,,,
participant_28,3,day,Town10HD_Opt,2026-03-18 17:32:49.123840,25.87786102294922,-67.5394287109375,0.0018999861786141,40.601,0.122,0.57,0.0,0,0,1,,0.839,2026-03-18T17:32:49.123840,neutral,0.855,2026-03-18T17:32:48.256093,0.1895181860390367,2026-03-18T17:32:49.337000,92,,,
participant_28,3,day,Town10HD_Opt,2026-03-18 17:32:49.991631,18.747634887695312,-67.45881652832031,0.0021897505503147,38.217,0.143,0.0,0.0,0,0,1,,0.837,2026-03-18T17:32:49.991631,neutral,0.855,2026-03-18T17:32:48.256093,0.1459207014366959,2026-03-18T17:32:50.146000,98,,,
participant_28,3,day,Town10HD_Opt,2026-03-18 17:32:51.143115,11.08031940460205,-67.41353607177734,0.0022979734931141,27.156,0.167,0.0,0.0,0,0,1,,0.967,2026-03-18T17:32:51.143115,neutral,0.96,2026-03-18T17:32:51.143115,0.189976002070156,2026-03-18T17:32:51.001000,94,,,
participant_28,3,day,Town10HD_Opt,2026-03-18 17:32:52.064808,6.878149032592773,-67.41742706298828,0.0022555158939212,20.491,0.545,0.0,0.0,0,0,1,,0.857,2026-03-18T17:32:52.064808,neutral,0.96,2026-03-18T17:32:51.143115,0.1403100802950286,2026-03-18T17:32:52.532000,97,,,
participant_28,3,day,Town10HD_Opt,2026-03-18 17:32:53.231683,2.617817640304565,-67.46488952636719,0.0019379042787477,17.304,0.364,0.216,0.0,0,0,1,,0.854,2026-03-18T17:32:53.231683,neutral,0.927,2026-03-18T17:32:53.231683,0.2032626182826427,2026-03-18T17:32:53.972000,98,,,
participant_28,3,day,Town10HD_Opt,2026-03-18 17:32:54.084376,-0.3684142231941223,-67.51763916015625,0.0019343948224559,16.808,0.268,0.22,0.0,0,0,1,,0.978,2026-03-18T17:32:54.084376,neutral,0.927,2026-03-18T17:32:53.231683,0.1994862715360969,2026-03-18T17:32:54.511000,95,,,
participant_28,3,day,Town10HD_Opt,2026-03-18 17:32:55.233232,-4.338264465332031,-67.6070327758789,0.001907653757371,17.087,0.268,0.0,0.0,0,0,1,,0.967,2026-03-18T17:32:55.233232,neutral,0.937,2026-03-18T17:32:55.233232,0.1572450463148586,2026-03-18T17:32:56.132000,92,,,
participant_28,3,day,Town10HD_Opt,2026-03-18 17:32:56.078833,-6.973321914672852,-67.678466796875,0.0020859909709542,11.864,0.251,0.0,0.312,0,0,1,,0.962,2026-03-18T17:32:56.078833,neutral,0.937,2026-03-18T17:32:55.233232,0.327960133809115,2026-03-18T17:32:56.132000,94,,,
participant_28,3,day,Town10HD_Opt,2026-03-18 17:32:57.224743,-9.20414924621582,-67.74665832519531,0.0019970701541751,7.652,0.251,0.0,0.0,0,0,1,,0.963,2026-03-18T17:32:57.224743,neutral,0.937,2026-03-18T17:32:55.233232,0.1656488057536747,2026-03-18T17:32:57.661000,93,,,
participant_28,3,day,Town10HD_Opt,2026-03-18 17:32:58.055284,-10.39603328704834,-67.78604125976562,0.0019754790700972,5.874,0.251,0.0,0.0,0,0,1,,0.976,2026-03-18T17:32:58.055284,neutral,0.98,2026-03-18T17:32:58.055284,0.1481358203106629,2026-03-18T17:32:58.201000,94,,,
participant_28,3,day,Town10HD_Opt,2026-03-18 17:32:59.188336,-11.525933265686035,-67.82524871826172,0.0019244384020566,4.489,0.242,0.175,0.0,0,0,1,,0.967,2026-03-18T17:32:59.188336,neutral,0.98,2026-03-18T17:32:58.055284,0.1724610665882344,2026-03-18T17:32:59.192000,94,,,
participant_28,3,day,Town10HD_Opt,2026-03-18 17:33:00.076453,-12.398239135742188,-67.856689453125,0.0018790053436532,5.664,0.24,0.189,0.0,0,0,1,,0.938,2026-03-18T17:33:00.076453,neutral,0.981,2026-03-18T17:33:00.076453,0.2672075705361401,2026-03-18T17:33:00.362000,94,,,
participant_28,3,day,Town10HD_Opt,2026-03-18 17:33:01.194109,-13.791709899902344,-67.90850067138672,0.0019278335385024,5.639,0.042,0.0,0.108,0,0,1,,0.925,2026-03-18T17:33:01.194109,neutral,0.981,2026-03-18T17:33:00.076453,0.1910145987824609,2026-03-18T17:33:01.172000,94,,,
participant_28,3,day,Town10HD_Opt,2026-03-18 17:33:02.064973,-13.949661254882812,-67.91427612304688,0.001973228296265,0.0,0.035,0.0,0.326,0,0,1,,1.0,2026-03-18T17:33:02.064973,neutral,0.981,2026-03-18T17:33:00.076453,0.2014737579044579,2026-03-18T17:33:02.522000,96,,,
participant_28,3,day,Town10HD_Opt,2026-03-18 17:33:03.149808,-13.94974136352539,-67.9142837524414,0.0019203567644581,0.0,0.054,0.0,0.0,0,0,1,,0.889,2026-03-18T17:33:03.149808,neutral,0.951,2026-03-18T17:33:03.149808,0.2584001834375591,2026-03-18T17:33:03.243000,97,,,
participant_28,3,day,Town10HD_Opt,2026-03-18 17:33:04.264929,-13.949742317199709,-67.9142837524414,0.0019194411579519,0.0,0.054,0.0,0.0,0,0,1,,0.958,2026-03-18T17:33:04.264929,neutral,0.951,2026-03-18T17:33:03.149808,0.2281963294346768,2026-03-18T17:33:04.186000,94,,,
participant_28,3,day,Town10HD_Opt,2026-03-18 17:33:05.142025,-13.949742317199709,-67.9142837524414,0.0019194411579519,0.0,0.056,0.0,0.0,0,0,1,,0.963,2026-03-18T17:33:05.142025,neutral,0.951,2026-03-18T17:33:03.149808,0.2122308006851846,2026-03-18T17:33:06.031000,93,,,
participant_28,3,day,Town10HD_Opt,2026-03-18 17:33:06.010533,-13.955854415893556,-67.91445922851562,0.0019175338093191,0.072,0.068,0.05,0.0,0,0,1,,0.83,2026-03-18T17:33:06.010533,neutral,0.935,2026-03-18T17:33:06.010533,0.2730117420435028,2026-03-18T17:33:06.031000,99,,,
participant_28,3,day,Town10HD_Opt,2026-03-18 17:33:07.134476,-13.9805908203125,-67.91539001464844,0.0019139099167659,0.217,0.073,0.073,0.0,0,0,1,,0.956,2026-03-18T17:33:07.134476,neutral,0.935,2026-03-18T17:33:06.010533,0.2765902127973765,2026-03-18T17:33:07.247000,92,,,
participant_28,3,day,Town10HD_Opt,2026-03-18 17:33:08.227226,-14.090672492980955,-67.91946411132812,0.0019121170043945,0.721,0.073,0.0,0.0,0,0,1,,0.957,2026-03-18T17:33:08.227226,neutral,0.984,2026-03-18T17:33:08.227226,0.3006872656136379,2026-03-18T17:33:09.092000,93,,,
participant_28,3,day,Town10HD_Opt,2026-03-18 17:33:09.052253,-14.202570915222168,-67.9236068725586,0.0019238662207499,0.556,0.073,0.0,0.0,0,0,1,,0.973,2026-03-18T17:33:09.052253,neutral,0.984,2026-03-18T17:33:08.227226,0.2536977309982249,2026-03-18T17:33:09.991000,95,,,
participant_28,3,day,Town10HD_Opt,2026-03-18 17:33:10.197662,-14.32011890411377,-67.92801666259766,0.0018736267229542,1.506,0.073,0.458,0.0,0,0,1,,0.838,2026-03-18T17:33:10.197662,neutral,0.984,2026-03-18T17:33:08.227226,0.2392151539127398,2026-03-18T17:33:11.071000,94,,,
participant_28,3,day,Town10HD_Opt,2026-03-18 17:33:11.094915,-15.033575057983398,-67.95467376708984,0.0017102813581004,7.46,0.073,0.37,0.0,0,0,1,,0.972,2026-03-18T17:33:11.094915,neutral,0.978,2026-03-18T17:33:11.094915,0.2723212173508122,2026-03-18T17:33:12.017000,99,,,
participant_28,3,day,Town10HD_Opt,2026-03-18 17:33:11.991883,-16.67597007751465,-68.017822265625,0.0017932510236278,11.429,0.073,0.365,0.0,0,0,1,,0.919,2026-03-18T17:33:11.991883,neutral,0.978,2026-03-18T17:33:11.094915,0.3464509090938962,2026-03-18T17:33:12.017000,95,,,
participant_28,3,day,Town10HD_Opt,2026-03-18 17:33:13.097759,-19.605287551879883,-68.13399505615234,0.0019893264397978,11.604,0.045,0.0,0.0,0,0,1,,0.919,2026-03-18T17:33:13.097759,neutral,0.919,2026-03-18T17:33:13.097759,0.2803990319400923,2026-03-18T17:33:13.052000,100,,,
participant_28,3,day,Town10HD_Opt,2026-03-18 17:33:14.207785,-21.91611862182617,-68.22711181640625,0.0019969176501035,8.159,0.045,0.0,0.0,0,0,1,,0.949,2026-03-18T17:33:14.207785,neutral,0.919,2026-03-18T17:33:13.097759,0.357529137359008,2026-03-18T17:33:15.077000,97,,,
participant_28,3,day,Town10HD_Opt,2026-03-18 17:33:15.088240,-23.18074607849121,-68.27861785888672,0.0019935225136578,6.05,0.04,0.091,0.0,0,0,1,,0.964,2026-03-18T17:33:15.088240,neutral,0.919,2026-03-18T17:33:13.097759,0.3057499107130229,2026-03-18T17:33:15.077000,94,,,
participant_28,3,day,Town10HD_Opt,2026-03-18 17:33:16.221961,-24.825910568237305,-68.3460693359375,0.0016921615460887,11.367,0.035,0.783,0.0,0,0,1,,0.953,2026-03-18T17:33:16.221961,neutral,0.963,2026-03-18T17:33:16.221961,0.3441287298849744,2026-03-18T17:33:17.057000,91,,,
participant_28,3,day,Town10HD_Opt,2026-03-18 17:33:17.073351,-27.682315826416016,-68.4642333984375,0.0018482588930055,22.038,0.014,0.84,0.0,0,0,1,,0.956,2026-03-18T17:33:17.073351,neutral,0.963,2026-03-18T17:33:16.221961,0.4171969994582735,2026-03-18T17:33:18.002000,91,,,errors=Red light violation
participant_28,3,day,Town10HD_Opt,2026-03-18 17:33:18.212305,-34.364234924316406,-68.69242858886719,0.0016718673286959,36.783,-0.557,0.789,0.0,0,0,1,,0.937,2026-03-18T17:33:18.212305,neutral,0.963,2026-03-18T17:33:16.221961,0.3991918089807742,2026-03-18T17:33:18.002000,90,,,
participant_28,3,day,Town10HD_Opt,2026-03-18 17:33:19.118479,-41.0664291381836,-68.80657196044922,0.0021972274407744,35.737,-0.407,0.0,0.0,0,0,1,,0.934,2026-03-18T17:33:19.118479,neutral,0.988,2026-03-18T17:33:19.118479,0.4101235471023669,2026-03-18T17:33:19.982000,92,,,
participant_28,3,day,Town10HD_Opt,2026-03-18 17:33:19.991470,-46.64524459838867,-68.83378601074219,0.0023117065429687,27.778,-0.27,0.0,0.27,0,0,1,,0.953,2026-03-18T17:33:19.991470,neutral,0.988,2026-03-18T17:33:19.118479,0.4328326149642624,2026-03-18T17:33:19.982000,92,,,errors=Harsh braking
participant_28,3,day,Town10HD_Opt,2026-03-18 17:33:21.116937,-50.38047790527344,-68.826904296875,0.0026611709035933,0.002,-0.308,0.0,1.0,0,0,1,,1.0,2026-03-18T17:33:21.116937,neutral,0.988,2026-03-18T17:33:19.118479,0.4674345731126285,2026-03-18T17:33:22.007000,92,,,
participant_28,3,day,Town10HD_Opt,2026-03-18 17:33:22.217038,-50.381961822509766,-68.82689666748047,0.0019270705524832,0.002,-0.305,0.0,0.0,0,0,1,,0.93,2026-03-18T17:33:22.217038,neutral,0.904,2026-03-18T17:33:22.217038,0.4593552067963222,2026-03-18T17:33:23.132000,93,,,
participant_28,3,day,Town10HD_Opt,2026-03-18 17:33:23.049604,-50.38149642944336,-68.82691192626953,0.0019184494158253,0.138,-0.143,0.015,0.0,0,0,1,,0.977,2026-03-18T17:33:23.049604,neutral,0.904,2026-03-18T17:33:22.217038,0.4294701149527214,2026-03-18T17:33:23.132000,94,,,
participant_28,3,day,Town10HD_Opt,2026-03-18 17:33:24.189322,-50.39620590209961,-68.82691192626953,0.0019224929856136,0.154,0.063,0.043,0.0,0,0,1,,0.969,2026-03-18T17:33:24.189322,neutral,0.904,2026-03-18T17:33:22.217038,0.4353246964071371,2026-03-18T17:33:24.977000,90,,,
participant_28,3,day,Town10HD_Opt,2026-03-18 17:33:25.035039,-50.41397476196289,-68.82691192626953,0.00191635126248,0.166,0.063,0.0,0.0,0,0,1,,0.952,2026-03-18T17:33:25.035039,neutral,0.964,2026-03-18T17:33:25.035039,0.4771518538260653,2026-03-18T17:33:24.977000,87,,,
participant_28,3,day,Town10HD_Opt,2026-03-18 17:33:26.120854,-50.44636535644531,-68.826904296875,0.0019200133392587,0.118,0.005,0.0,0.0,0,0,1,,0.941,2026-03-18T17:33:26.120854,neutral,0.964,2026-03-18T17:33:25.035039,0.3887099622723715,2026-03-18T17:33:26.016000,90,,,
participant_28,3,day,Town10HD_Opt,2026-03-18 17:33:27.199845,-50.46916961669922,-68.826904296875,0.0019197082147002,0.084,0.047,0.0,0.0,0,0,1,,0.949,2026-03-18T17:33:27.199845,neutral,0.954,2026-03-18T17:33:27.199845,0.5120192773548039,2026-03-18T17:33:28.036000,91,,,
participant_28,3,day,Town10HD_Opt,2026-03-18 17:33:28.023805,-50.481712341308594,-68.826904296875,0.0019195555942133,0.065,0.047,0.023,0.0,0,0,1,,0.942,2026-03-18T17:33:28.023805,neutral,0.954,2026-03-18T17:33:27.199845,0.496553535624984,2026-03-18T17:33:28.036000,92,,,
participant_28,3,day,Town10HD_Opt,2026-03-18 17:33:29.121105,-50.54180145263672,-68.82689666748047,0.0019186401041224,0.341,0.078,0.0,0.0,0,0,1,,0.978,2026-03-18T17:33:29.121105,neutral,0.954,2026-03-18T17:33:27.199845,0.4920727738438131,2026-03-18T17:33:30.018000,97,,,
participant_28,3,day,Town10HD_Opt,2026-03-18 17:33:30.189254,-50.60905075073242,-68.82688903808594,0.0019212722545489,0.237,0.078,0.0,0.0,0,0,1,,0.952,2026-03-18T17:33:30.189254,neutral,0.951,2026-03-18T17:33:30.189254,0.6635454741108844,2026-03-18T17:33:31.097000,96,,,
participant_28,3,day,Town10HD_Opt,2026-03-18 17:33:31.010761,-50.64601135253906,-68.8268814086914,0.0019207381410524,0.186,0.078,0.0,0.0,0,0,1,,0.966,2026-03-18T17:33:31.010761,neutral,0.951,2026-03-18T17:33:30.189254,0.6101048641200636,2026-03-18T17:33:31.097000,94,,,
participant_28,3,day,Town10HD_Opt,2026-03-18 17:33:32.123722,-50.68230438232422,-68.8268814086914,0.0019202422117814,0.132,0.078,0.0,0.0,0,0,1,,0.946,2026-03-18T17:33:32.123722,neutral,0.951,2026-03-18T17:33:30.189254,0.6163343811887133,2026-03-18T17:33:32.042000,94,,,
participant_28,3,day,Town10HD_Opt,2026-03-18 17:33:33.195099,-50.70783615112305,-68.82687377929688,0.0019198226509615,0.094,0.078,0.0,0.0,0,0,1,,0.95,2026-03-18T17:33:33.195099,neutral,0.987,2026-03-18T17:33:33.195099,0.7952857122051568,2026-03-18T17:33:33.977000,95,,,
participant_28,3,day,Town10HD_Opt,2026-03-18 17:33:34.081200,-50.73765182495117,-68.82666015625,0.0018494033720344,1.666,0.078,0.653,0.0,0,0,1,,0.944,2026-03-18T17:33:34.081200,neutral,0.987,2026-03-18T17:33:33.195099,0.7706575488311589,2026-03-18T17:33:33.977000,95,,,
participant_28,3,day,Town10HD_Opt,2026-03-18 17:33:35.177086,-52.49782943725586,-68.8222885131836,0.0016092681325972,13.849,0.078,0.59,0.0,0,0,1,,0.937,2026-03-18T17:33:35.177086,neutral,0.987,2026-03-18T17:33:33.195099,0.9570868404962326,2026-03-18T17:33:36.047000,92,,,
participant_28,3,day,Town10HD_Opt,2026-03-18 17:33:36.001367,-55.48854446411133,-68.81629180908203,0.0020112609490752,19.201,0.078,0.56,0.0,0,0,1,,0.919,2026-03-18T17:33:36.001367,neutral,0.987,2026-03-18T17:33:36.001367,0.8327837304712463,2026-03-18T17:33:36.047000,92,,,
participant_28,3,day,Town10HD_Opt,2026-03-18 17:33:37.124239,-60.55523681640625,-68.81403350830078,0.001930808997713,24.281,0.078,0.441,0.0,0,0,1,,0.957,2026-03-18T17:33:37.124239,neutral,0.987,2026-03-18T17:33:36.001367,0.9186410661476236,2026-03-18T17:33:37.982000,89,,,
participant_28,3,day,Town10HD_Opt,2026-03-18 17:33:38.222579,-66.36921691894531,-68.82391357421875,0.002075805561617,24.458,0.068,0.209,0.0,0,0,1,,0.955,2026-03-18T17:33:38.222579,neutral,0.982,2026-03-18T17:33:38.222579,0.8641359144549272,2026-03-18T17:33:39.107000,91,,,
participant_28,3,day,Town10HD_Opt,2026-03-18 17:33:39.035316,-70.42709350585938,-68.8374252319336,0.0021397017408162,21.74,-0.026,0.178,0.0,0,0,1,,0.97,2026-03-18T17:33:39.035316,neutral,0.982,2026-03-18T17:33:38.222579,0.9140385598213868,2026-03-18T17:33:39.107000,92,,,
participant_28,3,day,Town10HD_Opt,2026-03-18 17:33:40.196333,-75.02690887451172,-68.80599212646484,0.0020917130168527,18.181,-2.81,0.183,0.0,0,0,1,,0.942,2026-03-18T17:33:40.196333,neutral,0.982,2026-03-18T17:33:38.222579,0.8647258773292803,2026-03-18T17:33:41.043000,92,,,errors=Solid line crossing
participant_28,3,day,Town10HD_Opt,2026-03-18 17:33:41.025375,-78.1494369506836,-68.52897644042969,0.0019108580891042,17.767,-8.751,0.278,0.0,0,0,1,,0.92,2026-03-18T17:33:41.025375,neutral,0.956,2026-03-18T17:33:41.025375,0.8780266494483818,2026-03-18T17:33:41.043000,92,,,
participant_28,3,day,Town10HD_Opt,2026-03-18 17:33:42.175997,-82.20488739013672,-67.46460723876953,0.0020314024295657,18.162,-8.761,0.299,0.0,0,0,1,,0.962,2026-03-18T17:33:42.175997,neutral,0.956,2026-03-18T17:33:41.025375,0.9264740930130068,2026-03-18T17:33:42.977000,91,,,
participant_28,3,day,Town10HD_Opt,2026-03-18 17:33:42.997833,-85.11618041992188,-66.1972885131836,0.0020491408649832,18.015,-5.125,0.299,0.0,0,0,1,,0.958,2026-03-18T17:33:42.997833,neutral,0.956,2026-03-18T17:33:41.025375,0.7982695537088661,2026-03-18T17:33:42.977000,92,,,
participant_28,3,day,Town10HD_Opt,2026-03-18 17:33:44.150764,-88.83932495117188,-64.17412567138672,0.0020220566075295,18.281,-4.631,0.301,0.0,0,0,1,,0.911,2026-03-18T17:33:44.150764,neutral,0.919,2026-03-18T17:33:44.150764,0.9243060579144396,2026-03-18T17:33:45.093000,90,,,
participant_28,3,day,Town10HD_Opt,2026-03-18 17:33:45.013653,-91.49864959716795,-62.41371536254883,0.0020349503029137,18.466,-4.445,0.505,0.0,0,0,1,,0.959,2026-03-18T17:33:45.013653,neutral,0.919,2026-03-18T17:33:44.150764,0.8458255290863287,2026-03-18T17:33:45.093000,93,,,
participant_28,3,day,Town10HD_Opt,2026-03-18 17:33:46.146061,-95.21925354003906,-59.43647003173828,0.0019544218666851,22.458,-4.442,0.455,0.0,0,0,1,,0.979,2026-03-18T17:33:46.146061,neutral,0.919,2026-03-18T17:33:44.150764,0.8551863433628615,2026-03-18T17:33:45.093000,91,,,
participant_28,3,day,Town10HD_Opt,2026-03-18 17:33:47.010106,-98.18659210205078,-56.56222915649414,0.0019629287999123,24.976,-3.262,0.455,0.0,0,0,1,,0.977,2026-03-18T17:33:47.010106,neutral,0.987,2026-03-18T17:33:47.010106,0.9335887678522518,2026-03-18T17:33:47.523000,94,,,
participant_28,3,day,Town10HD_Opt,2026-03-18 17:33:48.173998,-102.20963287353516,-51.923377990722656,0.0019891357515007,27.614,-3.349,0.41,0.0,0,0,1,,0.963,2026-03-18T17:33:48.173998,neutral,0.987,2026-03-18T17:33:47.010106,0.903719183629478,2026-03-18T17:33:49.097000,95,,,
participant_28,3,day,Town10HD_Opt,2026-03-18 17:33:49.036925,-105.06620025634766,-47.95277404785156,0.0020352171268314,28.092,-3.078,0.346,0.0,0,0,1,,0.966,2026-03-18T17:33:49.036925,angry,0.819,2026-03-18T17:33:49.036925,0.8636824541281316,2026-03-18T17:33:49.097000,96,,,
participant_28,3,day,Town10HD_Opt,2026-03-18 17:33:50.188559,-108.35044860839844,-42.39642333984375,0.0020829008426517,26.903,-3.74,0.281,0.0,0,0,1,,0.949,2026-03-18T17:33:50.188559,angry,0.819,2026-03-18T17:33:49.036925,0.8589382944355588,2026-03-18T17:33:50.089000,95,,,
participant_28,3,day,Town10HD_Opt,2026-03-18 17:33:51.059457,-110.21656036376952,-38.39085006713867,0.0022240446414798,22.237,-4.192,0.0,0.0,0,0,1,,0.941,2026-03-18T17:33:51.059457,neutral,0.963,2026-03-18T17:33:51.059457,0.9066249626715592,2026-03-18T17:33:51.212000,94,,,
participant_28,3,day,Town10HD_Opt,2026-03-18 17:33:52.212304,-111.59029388427734,-34.22536849975586,0.0020055389031767,15.931,-9.385,0.2,0.0,0,0,1,,0.958,2026-03-18T17:33:52.212304,neutral,0.963,2026-03-18T17:33:51.059457,0.8872056728331756,2026-03-18T17:33:53.012000,92,,,
participant_28,3,day,Town10HD_Opt,2026-03-18 17:33:53.083845,-111.9585418701172,-31.438968658447266,0.0018565750215202,17.384,-10.567,0.492,0.0,0,0,1,,0.91,2026-03-18T17:33:53.083845,neutral,0.975,2026-03-18T17:33:53.083845,0.8998953377057919,2026-03-18T17:33:54.002000,95,,,
participant_28,3,day,Town10HD_Opt,2026-03-18 17:33:54.259015,-111.78557586669922,-27.07372093200684,0.0019733428489416,20.272,-4.129,0.444,0.0,0,0,1,,0.908,2026-03-18T17:33:54.259015,neutral,0.975,2026-03-18T17:33:53.083845,0.8170780437455379,2026-03-18T17:33:54.991000,96,,,
participant_28,3,day,Town10HD_Opt,2026-03-18 17:33:55.218807,-111.40399169921876,-23.425710678100582,0.0021062849555164,19.878,-0.176,0.0,0.067,0,0,1,,0.908,2026-03-18T17:33:55.218807,neutral,0.956,2026-03-18T17:33:55.218807,0.8153576573690013,2026-03-18T17:33:55.982000,95,,,
participant_28,3,day,Town10HD_Opt,2026-03-18 17:33:56.131464,-111.10112762451172,-20.431928634643555,0.0020852661691606,13.722,0.357,0.0,0.335,0,0,1,,0.942,2026-03-18T17:33:56.131464,neutral,0.956,2026-03-18T17:33:55.218807,0.8260377067055844,2026-03-18T17:33:57.018000,96,,,
participant_28,3,day,Town10HD_Opt,2026-03-18 17:33:57.010707,-110.91455078125,-18.477399826049805,0.0020890808664262,8.383,0.355,0.0,0.314,0,0,1,,0.942,2026-03-18T17:33:57.010707,neutral,0.956,2026-03-18T17:33:55.218807,0.8782226319149479,2026-03-18T17:33:57.018000,97,,,
participant_28,3,day,Town10HD_Opt,2026-03-18 17:33:58.177764,-110.83546447753906,-17.624584197998047,0.0020245742052793,0.0,0.322,0.0,0.68,0,0,1,,0.941,2026-03-18T17:33:58.177764,neutral,0.973,2026-03-18T17:33:58.177764,0.9714201518096304,2026-03-18T17:33:59.087000,96,,,
participant_28,3,day,Town10HD_Opt,2026-03-18 17:33:59.080204,-110.83544921875,-17.624412536621094,0.0019232940394431,0.001,0.261,0.0,0.0,0,0,1,,0.871,2026-03-18T17:33:59.080204,neutral,0.973,2026-03-18T17:33:58.177764,0.8641517170334433,2026-03-18T17:33:59.987000,95,,,
participant_28,3,day,Town10HD_Opt,2026-03-18 17:34:00.197938,-110.83544921875,-17.624401092529297,0.0019191741012036,0.001,2.083,0.0,0.0,0,0,1,,0.92,2026-03-18T17:34:00.197938,neutral,0.915,2026-03-18T17:34:00.197938,0.8508908278902129,2026-03-18T17:34:01.022000,91,,,
participant_28,3,day,Town10HD_Opt,2026-03-18 17:34:01.068293,-110.83544921875,-17.624401092529297,0.001919021597132,0.001,1.805,0.0,0.0,0,0,1,,0.953,2026-03-18T17:34:01.068293,neutral,0.915,2026-03-18T17:34:00.197938,0.7778944584794731,2026-03-18T17:34:02.012000,94,,,errors=Vehicle collision
participant_28,3,day,Town10HD_Opt,2026-03-18 17:34:02.183063,-110.83547973632812,-17.623641967773438,0.0018996428698301,0.001,1.81,0.0,0.0,0,0,1,,0.962,2026-03-18T17:34:02.183063,neutral,0.915,2026-03-18T17:34:00.197938,0.8175793593307092,2026-03-18T17:34:03.092000,91,,,
participant_28,3,day,Town10HD_Opt,2026-03-18 17:34:03.028126,-110.83548736572266,-17.623626708984375,0.0019188307924196,0.001,1.81,0.0,0.0,0,0,1,,0.901,2026-03-18T17:34:03.028126,neutral,0.819,2026-03-18T17:34:03.028126,0.7833765297099844,2026-03-18T17:34:03.092000,92,,,
participant_28,3,day,Town10HD_Opt,2026-03-18 17:34:04.146783,-110.83548736572266,-17.623624801635742,0.001919021597132,0.001,1.81,0.0,0.0,0,0,1,,0.956,2026-03-18T17:34:04.146783,neutral,0.819,2026-03-18T17:34:03.028126,0.7610690471568728,2026-03-18T17:34:05.027000,93,Stop sign violation,stop_sign_id=946,
participant_28,3,day,Town10HD_Opt,2026-03-18 17:34:05.016203,-110.83548736572266,-17.623624801635742,0.0019189834129065,0.001,1.81,0.0,0.0,0,0,1,,0.909,2026-03-18T17:34:05.016203,neutral,0.819,2026-03-18T17:34:03.028126,0.8436516881034166,2026-03-18T17:34:05.027000,92,,,
participant_28,3,day,Town10HD_Opt,2026-03-18 17:34:06.156603,-110.83548736572266,-17.623624801635742,0.0019189834129065,0.001,1.81,0.0,0.0,0,0,1,,0.944,2026-03-18T17:34:06.156603,neutral,0.946,2026-03-18T17:34:06.156603,0.7127353382013861,2026-03-18T17:34:06.020000,95,,,
participant_28,3,day,Town10HD_Opt,2026-03-18 17:34:07.033138,-110.83548736572266,-17.623626708984375,0.0019188689766451,0.001,1.81,0.0,0.0,0,0,1,,0.963,2026-03-18T17:34:07.033138,neutral,0.946,2026-03-18T17:34:06.156603,0.6465319891132553,2026-03-18T17:34:07.145000,96,,,
participant_28,3,day,Town10HD_Opt,2026-03-18 17:34:08.277943,-110.83548736572266,-17.623626708984375,0.0019189071608707,0.001,1.81,0.0,0.0,0,0,1,,0.955,2026-03-18T17:34:08.277943,neutral,0.986,2026-03-18T17:34:08.277943,0.6104088673177209,2026-03-18T17:34:08.988000,92,,,
participant_28,3,day,Town10HD_Opt,2026-03-18 17:34:09.199545,-110.83548736572266,-17.623626708984375,0.0019188307924196,0.001,1.81,0.0,0.0,0,0,1,,0.94,2026-03-18T17:34:09.199545,neutral,0.986,2026-03-18T17:34:08.277943,0.6821525911304334,2026-03-18T17:34:10.157000,88,,,
participant_28,3,day,Town10HD_Opt,2026-03-18 17:34:10.035999,-110.83548736572266,-17.623624801635742,0.0019189834129065,0.001,1.786,0.0,0.0,0,0,1,,0.869,2026-03-18T17:34:10.035999,neutral,0.986,2026-03-18T17:34:08.277943,0.676099963992468,2026-03-18T17:34:10.157000,90,,,
participant_28,3,day,Town10HD_Opt,2026-03-18 17:34:11.182775,-110.83548736572266,-17.623624801635742,0.0019189452286809,0.001,1.777,0.0,0.0,0,0,1,,0.974,2026-03-18T17:34:11.182775,neutral,0.929,2026-03-18T17:34:11.182775,0.5969354660463679,2026-03-18T17:34:11.102000,90,,,
participant_28,3,day,Town10HD_Opt,2026-03-18 17:34:12.054219,-110.83548736572266,-17.623624801635742,0.0019189452286809,0.001,1.424,0.0,0.0,0,0,1,reach_back,0.839,2026-03-18T17:34:12.054219,neutral,0.929,2026-03-18T17:34:11.182775,0.7432168257945357,2026-03-18T17:34:12.993000,91,,,
participant_28,3,day,Town10HD_Opt,2026-03-18 17:34:13.195189,-110.83548736572266,-17.623624801635742,0.001919021597132,0.001,1.518,0.0,0.0,0,0,1,,0.902,2026-03-18T17:34:13.195189,neutral,0.969,2026-03-18T17:34:13.195189,0.6973200798764926,2026-03-18T17:34:14.072000,98,,,
participant_28,3,day,Town10HD_Opt,2026-03-18 17:34:14.061067,-110.83548736572266,-17.623626708984375,0.0019188307924196,0.001,1.518,0.0,0.0,0,0,1,,0.921,2026-03-18T17:34:14.061067,neutral,0.969,2026-03-18T17:34:13.195189,0.6929159815959062,2026-03-18T17:34:15.018000,100,,,
participant_28,3,day,Town10HD_Opt,2026-03-18 17:34:15.181638,-110.83548736572266,-17.623624801635742,0.0019189452286809,0.001,1.485,0.0,0.0,0,0,1,,0.885,2026-03-18T17:34:15.181638,neutral,0.969,2026-03-18T17:34:13.195189,0.646589692225683,2026-03-18T17:34:16.098000,103,,,
participant_28,3,day,Town10HD_Opt,2026-03-18 17:34:16.047790,-110.83548736572266,-17.623626708984375,0.0019189834129065,0.001,1.485,0.0,0.0,0,0,1,,0.917,2026-03-18T17:34:16.047790,neutral,0.995,2026-03-18T17:34:16.047790,0.6854735505129484,2026-03-18T17:34:16.997000,101,,,
participant_28,3,day,Town10HD_Opt,2026-03-18 17:34:17.179384,-110.81989288330078,-17.43812370300293,0.0017063902923837,4.741,1.314,0.722,0.0,0,0,1,,0.935,2026-03-18T17:34:17.179384,neutral,0.995,2026-03-18T17:34:16.047790,0.5711719864588498,2026-03-18T17:34:18.033000,106,,,
participant_28,3,day,Town10HD_Opt,2026-03-18 17:34:18.103126,-110.69271087646484,-15.75461769104004,0.0015750502934679,15.389,1.448,0.688,0.0,0,0,1,,0.917,2026-03-18T17:34:18.103126,neutral,0.923,2026-03-18T17:34:18.103126,0.6024651430025103,2026-03-18T17:34:18.033000,103,,,
participant_28,3,day,Town10HD_Opt,2026-03-18 17:34:19.253392,-110.53395080566406,-11.72917938232422,0.0019824600312858,15.803,3.881,0.0,0.0,0,0,1,,1.0,2026-03-18T17:34:19.253392,neutral,0.923,2026-03-18T17:34:18.103126,0.5560161691414308,2026-03-18T17:34:20.013000,107,,,
participant_28,3,day,Town10HD_Opt,2026-03-18 17:34:20.169538,-110.62095642089844,-9.270903587341309,0.0020299910102039,12.306,4.735,0.146,0.0,0,0,1,,1.0,2026-03-18T17:34:20.169538,neutral,0.996,2026-03-18T17:34:20.169538,0.4863245991365769,2026-03-18T17:34:21.048000,96,,,
participant_28,3,day,Town10HD_Opt,2026-03-18 17:34:21.075362,-110.81443786621094,-7.103076457977295,0.0018523024627938,13.66,0.618,0.431,0.0,0,0,1,,0.937,2026-03-18T17:34:21.075362,neutral,0.996,2026-03-18T17:34:20.169538,0.4289641480545497,2026-03-18T17:34:21.993000,89,,,
participant_28,3,day,Town10HD_Opt,2026-03-18 17:34:22.248660,-111.03341674804688,-3.346644878387451,0.0020657347049564,18.167,-2.687,0.428,0.0,0,0,1,,0.876,2026-03-18T17:34:22.248660,happy,0.853,2026-03-18T17:34:22.248660,0.3058244608640535,2026-03-18T17:34:23.027000,88,,,
participant_28,3,day,Town10HD_Opt,2026-03-18 17:34:23.115636,-111.0649871826172,-0.0672240406274795,0.0019803238101303,19.803,-1.852,0.42,0.0,0,0,1,,0.962,2026-03-18T17:34:23.115636,happy,0.853,2026-03-18T17:34:22.248660,0.3586703662617744,2026-03-18T17:34:23.027000,89,,,
participant_28,3,day,Town10HD_Opt,2026-03-18 17:34:23.997257,-110.9822235107422,3.5650956630706787,0.0019825361669063,21.666,-2.177,0.411,0.0,0,0,1,,0.84,2026-03-18T17:34:23.997257,happy,0.853,2026-03-18T17:34:22.248660,0.3448791326813139,2026-03-18T17:34:24.197000,86,,,
participant_28,3,day,Town10HD_Opt,2026-03-18 17:34:25.139704,-110.56986236572266,8.869346618652344,0.0019940184429287,23.89,-3.752,0.411,0.0,0,0,1,,0.815,2026-03-18T17:34:25.139704,neutral,0.974,2026-03-18T17:34:25.139704,0.3109157555864299,2026-03-18T17:34:25.052000,88,,,
participant_28,3,day,Town10HD_Opt,2026-03-18 17:34:26.013727,-109.80355072021484,13.089163780212402,0.0020061873365193,25.195,-7.898,0.391,0.0,0,0,1,,0.915,2026-03-18T17:34:26.013727,neutral,0.974,2026-03-18T17:34:25.139704,0.2214968728704794,2026-03-18T17:34:26.538000,90,,,
participant_28,3,day,Town10HD_Opt,2026-03-18 17:34:27.190111,-107.53948211669922,18.19770050048828,0.0021824263967573,21.537,-13.068,0.097,0.0,0,0,1,,0.918,2026-03-18T17:34:27.190111,neutral,0.981,2026-03-18T17:34:27.190111,0.1884756051431155,2026-03-18T17:34:28.022000,85,,,
participant_28,3,day,Town10HD_Opt,2026-03-18 17:34:28.096997,-105.34256744384766,20.76347923278809,0.0019570540171116,17.158,-12.815,0.0,0.0,0,0,1,,0.871,2026-03-18T17:34:28.096997,neutral,0.981,2026-03-18T17:34:27.190111,0.2157304777840763,2026-03-18T17:34:29.012000,86,,,
participant_28,3,day,Town10HD_Opt,2026-03-18 17:34:28.997584,-103.16645050048828,22.39298439025879,0.0019501113565638,15.231,-13.243,0.296,0.0,0,0,1,,0.861,2026-03-18T17:34:28.997584,neutral,0.981,2026-03-18T17:34:27.190111,0.246578846347069,2026-03-18T17:34:29.012000,83,,,
participant_28,3,day,Town10HD_Opt,2026-03-18 17:34:30.207489,-99.80545806884766,23.92901611328125,0.001898803631775,16.583,-12.047,0.283,0.0,0,0,1,,1.0,2026-03-18T17:34:30.207489,neutral,0.973,2026-03-18T17:34:30.207489,0.2890115644903561,2026-03-18T17:34:30.992000,84,,,
participant_28,3,day,Town10HD_Opt,2026-03-18 17:34:31.157281,-96.978515625,24.658483505249023,0.0019586181733757,16.081,-6.507,0.101,0.0,0,0,1,,0.946,2026-03-18T17:34:31.157281,neutral,0.973,2026-03-18T17:34:30.207489,0.1581022466373158,2026-03-18T17:34:31.982000,85,,,
participant_28,3,day,Town10HD_Opt,2026-03-18 17:34:32.120157,-94.33914184570312,25.103893280029297,0.0019491576822474,14.866,-3.766,0.257,0.0,0,0,1,,1.0,2026-03-18T17:34:32.120157,neutral,0.973,2026-03-18T17:34:30.207489,0.176741112224591,2026-03-18T17:34:33.018000,85,,,
participant_28,3,day,Town10HD_Opt,2026-03-18 17:34:33.066394,-91.71247863769533,25.525110244750977,0.001895027118735,15.643,5.163,0.27,0.0,0,0,1,,0.933,2026-03-18T17:34:33.066394,angry,0.453,2026-03-18T17:34:33.066394,0.1991489191144171,2026-03-18T17:34:33.018000,88,,,
participant_28,3,day,Town10HD_Opt,2026-03-18 17:34:34.275807,-88.12738800048828,26.602996826171875,0.0019024658249691,16.55,8.778,0.269,0.0,0,0,1,,0.902,2026-03-18T17:34:34.275807,angry,0.453,2026-03-18T17:34:33.066394,0.2484491709622646,2026-03-18T17:34:34.997000,84,,,
participant_28,3,day,Town10HD_Opt,2026-03-18 17:34:35.226833,-85.44769287109375,27.807085037231445,0.0019032668787986,17.069,0.437,0.265,0.0,0,0,1,,1.0,2026-03-18T17:34:35.226833,neutral,0.981,2026-03-18T17:34:35.226833,0.2776678012087095,2026-03-18T17:34:36.077000,83,,,errors=Solid line crossing
participant_28,3,day,Town10HD_Opt,2026-03-18 17:34:36.209196,-82.58938598632812,28.65790557861328,0.0019311904907226,17.258,-18.694,0.264,0.0,0,0,1,,1.0,2026-03-18T17:34:36.209196,neutral,0.981,2026-03-18T17:34:35.226833,0.2593230255702263,2026-03-18T17:34:37.022000,83,,,
participant_28,3,day,Town10HD_Opt,2026-03-18 17:34:37.218211,-79.55581665039062,28.82145500183105,0.0019160461379215,17.529,-4.997,0.255,0.0,0,0,1,,0.836,2026-03-18T17:34:37.218211,neutral,0.981,2026-03-18T17:34:35.226833,0.2180813482957871,2026-03-18T17:34:38.012000,83,,,
participant_28,3,day,Town10HD_Opt,2026-03-18 17:34:38.132190,-76.47640991210938,28.76484107971192,0.0019128418061882,17.734,-3.158,0.272,0.0,0,0,1,,0.949,2026-03-18T17:34:38.132190,happy,0.967,2026-03-18T17:34:38.132190,0.2365367186447797,2026-03-18T17:34:39.002000,87,,,errors=Solid line crossing
participant_28,3,day,Town10HD_Opt,2026-03-18 17:34:39.046717,-73.34596252441406,28.586366653442383,0.0018997192382812,17.983,-1.166,0.193,0.0,0,0,1,,0.948,2026-03-18T17:34:39.046717,happy,0.967,2026-03-18T17:34:38.132190,0.2271761752794132,2026-03-18T17:34:39.992000,83,,,
participant_28,3,day,Town10HD_Opt,2026-03-18 17:34:40.260533,-69.66500854492188,28.37959671020508,0.0020417021587491,13.052,1.967,0.0,0.0,0,0,1,,0.925,2026-03-18T17:34:40.260533,neutral,0.89,2026-03-18T17:34:40.260533,0.1949688964810873,2026-03-18T17:34:40.982000,85,,,
participant_28,3,day,Town10HD_Opt,2026-03-18 17:34:41.196364,-67.42443084716797,28.33313369750977,0.0017996215028688,14.826,2.148,0.519,0.0,0,0,1,,1.0,2026-03-18T17:34:41.196364,neutral,0.89,2026-03-18T17:34:40.260533,0.264900754631815,2026-03-18T17:34:42.152000,86,,,
participant_28,3,day,Town10HD_Opt,2026-03-18 17:34:42.168987,-64.4496078491211,28.354949951171875,0.0020684050396084,18.448,2.078,0.519,0.0,0,0,1,,0.897,2026-03-18T17:34:42.168987,neutral,0.89,2026-03-18T17:34:40.260533,0.2192697373583028,2026-03-18T17:34:43.008000,86,,,
participant_28,3,day,Town10HD_Opt,2026-03-18 17:34:43.088372,-60.960697174072266,28.476783752441406,0.0019172286847606,22.135,-0.336,0.5,0.0,0,0,1,,0.888,2026-03-18T17:34:43.088372,neutral,0.986,2026-03-18T17:34:43.088372,0.1596927967083712,2026-03-18T17:34:43.998000,88,,,
participant_28,3,day,Town10HD_Opt,2026-03-18 17:34:44.006516,-56.80263900756836,28.604108810424805,0.0019261550623923,25.744,-0.759,0.5,0.0,0,0,1,,0.869,2026-03-18T17:34:44.006516,neutral,0.986,2026-03-18T17:34:43.088372,0.2639981529676369,2026-03-18T17:34:43.998000,88,,,
participant_28,3,day,Town10HD_Opt,2026-03-18 17:34:45.198233,-50.33610916137695,28.69482612609864,0.0019430541433393,29.933,-0.423,0.5,0.0,0,0,1,,0.817,2026-03-18T17:34:45.198233,neutral,0.973,2026-03-18T17:34:45.198233,0.2428611966054402,2026-03-18T17:34:46.113000,90,,,
participant_28,3,day,Town10HD_Opt,2026-03-18 17:34:46.105577,-44.88222122192383,28.69111061096192,0.0019548416603356,32.647,-0.543,0.5,0.0,0,0,1,,1.0,2026-03-18T17:34:46.105577,neutral,0.973,2026-03-18T17:34:45.198233,0.1711603790266387,2026-03-18T17:34:47.012000,88,,,
participant_28,3,day,Town10HD_Opt,2026-03-18 17:34:47.049216,-38.97990036010742,28.61581993103028,0.0019655989017337,34.905,-0.545,0.5,0.0,0,0,1,,0.9,2026-03-18T17:34:47.049216,neutral,0.973,2026-03-18T17:34:45.198233,0.2536992337750235,2026-03-18T17:34:47.012000,88,,,
participant_28,3,day,Town10HD_Opt,2026-03-18 17:34:48.257818,-30.50929069519043,28.39793586730957,0.0019781494047492,37.746,-0.087,0.5,0.0,0,0,1,,0.85,2026-03-18T17:34:48.257818,neutral,0.942,2026-03-18T17:34:48.257818,0.2484309254911764,2026-03-18T17:34:48.186000,90,,,
participant_28,3,day,Town10HD_Opt,2026-03-18 17:34:49.154899,-23.782655715942383,28.204259872436523,0.0019976424518972,39.207,0.686,0.483,0.0,0,0,1,,0.844,2026-03-18T17:34:49.154899,neutral,0.942,2026-03-18T17:34:48.257818,0.1991009234773193,2026-03-18T17:34:50.027000,87,,,
participant_28,3,day,Town10HD_Opt,2026-03-18 17:34:50.060699,-16.94698143005371,28.12130355834961,0.0021524429321289,36.691,0.089,0.0,0.0,0,0,1,,0.805,2026-03-18T17:34:50.060699,neutral,0.942,2026-03-18T17:34:48.257818,0.1617062394430333,2026-03-18T17:34:50.027000,90,,,
participant_28,3,day,Town10HD_Opt,2026-03-18 17:34:51.229887,-9.476394653320312,28.08313369750977,0.0022918700706213,26.456,0.134,0.0,0.0,0,0,1,,0.958,2026-03-18T17:34:51.229887,neutral,0.985,2026-03-18T17:34:51.229887,0.186313369272586,2026-03-18T17:34:52.098000,94,,,
participant_28,3,day,Town10HD_Opt,2026-03-18 17:34:52.152153,-5.346398830413818,28.07466697692871,0.0021949387155473,21.094,0.512,0.196,0.0,0,0,1,,1.0,2026-03-18T17:34:52.152153,neutral,0.985,2026-03-18T17:34:51.229887,0.1475456454913783,2026-03-18T17:34:52.998000,95,,,
participant_28,3,day,Town10HD_Opt,2026-03-18 17:34:53.046305,-1.8776105642318728,28.1011905670166,0.0021271514706313,18.606,-0.035,0.199,0.0,0,0,1,,0.933,2026-03-18T17:34:53.046305,neutral,0.985,2026-03-18T17:34:51.229887,0.1647392231092751,2026-03-18T17:34:53.988000,96,,,
participant_28,3,day,Town10HD_Opt,2026-03-18 17:34:54.262117,2.335268497467041,28.12898635864257,0.0019298553233966,18.093,-0.585,0.334,0.0,0,0,1,,0.921,2026-03-18T17:34:54.262117,neutral,0.996,2026-03-18T17:34:54.262117,0.2027410812272081,2026-03-18T17:34:55.113000,98,,,
participant_28,3,day,Town10HD_Opt,2026-03-18 17:34:55.174254,5.507840633392334,28.12300682067871,0.0020332718268036,18.187,-0.425,0.326,0.0,0,0,1,,0.941,2026-03-18T17:34:55.174254,neutral,0.996,2026-03-18T17:34:54.262117,0.0962413360541425,2026-03-18T17:34:56.012000,100,,,
participant_28,3,day,Town10HD_Opt,2026-03-18 17:34:56.076219,8.687471389770508,28.101524353027344,0.0020505904685705,18.097,-0.12,0.324,0.0,0,0,1,,0.958,2026-03-18T17:34:56.076219,neutral,0.996,2026-03-18T17:34:54.262117,0.1178212773005873,2026-03-18T17:34:56.012000,98,,,
participant_28,3,day,Town10HD_Opt,2026-03-18 17:34:57.034908,11.864992141723633,28.07614517211914,0.0020384979434311,18.246,-0.056,0.324,0.0,0,0,1,,0.931,2026-03-18T17:34:57.034908,neutral,0.987,2026-03-18T17:34:57.034908,0.1677926078427697,2026-03-18T17:34:57.993000,100,,,
participant_28,3,day,Town10HD_Opt,2026-03-18 17:34:58.220873,16.14552879333496,28.037466049194336,0.0020383833907544,18.457,-0.04,0.324,0.0,0,0,1,,0.87,2026-03-18T17:34:58.220873,neutral,0.987,2026-03-18T17:34:57.034908,0.217684366366618,2026-03-18T17:34:57.993000,99,,,
participant_28,3,day,Town10HD_Opt,2026-03-18 17:34:59.160372,19.386756896972656,28.02009010314941,0.0020386886317282,18.617,0.959,0.391,0.0,0,0,1,,0.94,2026-03-18T17:34:59.160372,neutral,0.979,2026-03-18T17:34:59.160372,0.1393120930810991,2026-03-18T17:35:00.066000,102,,,
participant_28,4,day,Town10HD_Opt,2026-03-18 17:45:00.000000,-41.70108413696289,85.50296783447266,0.001855659415014,23.041,1.243,0.445,0.0,0,0,1,,1.0,2026-03-18T17:45:00,neutral,0.999,2026-03-18T17:45:00,0.3198190085068062,2026-03-18T17:45:00,92,,,
participant_28,4,day,Town10HD_Opt,2026-03-18 17:45:00.574258,-41.70036697387695,84.14013671875,0.0019131087465211,23.939,1.424,0.853,0.0,0,0,1,,1.0,2026-03-18T17:45:00.574258,neutral,0.999,2026-03-18T17:45:00,0.3222735180852892,2026-03-18T17:45:00,91,,,
participant_28,4,day,Town10HD_Opt,2026-03-18 17:45:01.700427,-41.60715103149414,80.9823989868164,0.0017012023599818,30.852,5.749,0.836,0.0,0,0,1,,1.0,2026-03-18T17:45:01.700427,neutral,0.999,2026-03-18T17:45:00,0.4244323403260106,2026-03-18T17:45:00.986000,89,,,
participant_28,4,day,Town10HD_Opt,2026-03-18 17:45:02.784631,-40.87826919555664,77.03101348876953,0.0017512129852548,37.509,18.197,0.723,0.0,0,0,1,,1.0,2026-03-18T17:45:02.784631,neutral,0.925,2026-03-18T17:45:02.784631,0.4302538235540313,2026-03-18T17:45:01.976000,91,,,
participant_28,4,day,Town10HD_Opt,2026-03-18 17:45:03.813551,-38.60906219482422,73.04936218261719,0.0018877792172133,41.335,20.32,0.697,0.0,0,0,1,,1.0,2026-03-18T17:45:03.813551,neutral,0.925,2026-03-18T17:45:02.784631,0.343450705255986,2026-03-18T17:45:03.146000,93,,,
participant_28,4,day,Town10HD_Opt,2026-03-18 17:45:04.859226,-34.63188552856445,70.14814758300781,0.0019613646436482,43.924,21.194,0.683,0.0,0,0,1,,0.837,2026-03-18T17:45:04.859226,neutral,0.963,2026-03-18T17:45:04.859226,0.3850644302400472,2026-03-18T17:45:03.146000,92,,,
participant_28,4,day,Town10HD_Opt,2026-03-18 17:45:05.914779,-29.511425018310547,69.24652862548828,0.0019379042787477,46.345,9.045,0.671,0.0,0,0,1,,1.0,2026-03-18T17:45:05.914779,neutral,0.963,2026-03-18T17:45:04.859226,0.4162614416351293,2026-03-18T17:45:05.937000,99,,,
participant_28,4,day,Town10HD_Opt,2026-03-18 17:45:06.453375,-26.75889015197754,69.41309356689453,0.0018970489036291,48.126,-1.027,0.658,0.0,0,0,1,,1.0,2026-03-18T17:45:06.453375,neutral,0.963,2026-03-18T17:45:04.859226,0.4162907553439528,2026-03-18T17:45:05.937000,98,,,
participant_28,4,day,Town10HD_Opt,2026-03-18 17:45:07.474371,-20.98288345336914,69.81639862060547,0.0019129562424495,50.761,-1.73,0.0,0.0,0,0,1,,1.0,2026-03-18T17:45:07.474371,neutral,0.999,2026-03-18T17:45:07.474371,0.4783850901504766,2026-03-18T17:45:06.971000,98,,,
participant_28,4,day,Town10HD_Opt,2026-03-18 17:45:08.488246,-15.216815948486328,69.97518157958984,0.0020562743302434,49.275,-0.207,0.624,0.0,0,0,1,,1.0,2026-03-18T17:45:08.488246,neutral,0.999,2026-03-18T17:45:07.474371,0.4086198525467182,2026-03-18T17:45:07.961000,98,,,
participant_28,4,day,Town10HD_Opt,2026-03-18 17:45:09.524184,-9.36151123046875,70.0552749633789,0.0020129012409597,49.892,-0.421,0.571,0.0,0,0,1,,1.0,2026-03-18T17:45:09.524184,neutral,0.999,2026-03-18T17:45:09.524184,0.4366514555070759,2026-03-18T17:45:08.951000,98,,,
participant_28,4,day,Town10HD_Opt,2026-03-18 17:45:10.523757,-3.6591334342956543,70.07508087158203,0.0021002579014748,48.328,-0.691,0.443,0.0,0,0,1,,1.0,2026-03-18T17:45:10.523757,neutral,0.999,2026-03-18T17:45:09.524184,0.3943575274721252,2026-03-18T17:45:09.942000,95,,,
participant_28,4,day,Town10HD_Opt,2026-03-18 17:45:11.571022,1.7722762823104858,70.01555633544922,0.0022993087768554,43.584,-0.585,0.0,0.0,0,0,1,,1.0,2026-03-18T17:45:11.571022,neutral,0.998,2026-03-18T17:45:11.571022,0.3596905234070954,2026-03-18T17:45:10.932000,96,,,
participant_28,4,day,Town10HD_Opt,2026-03-18 17:45:12.624523,6.441318988800049,69.91429901123047,0.0023645400069653,36.759,0.397,0.0,0.0,0,0,1,,1.0,2026-03-18T17:45:12.624523,neutral,0.998,2026-03-18T17:45:11.571022,0.434081106205144,2026-03-18T17:45:12.011000,99,,,
participant_28,4,day,Town10HD_Opt,2026-03-18 17:45:13.639422,10.37876796722412,69.85006713867188,0.00232311245054,31.009,0.508,0.0,0.0,0,0,1,,1.0,2026-03-18T17:45:13.639422,neutral,0.999,2026-03-18T17:45:13.639422,0.4101967961360192,2026-03-18T17:45:13.001000,99,,,
participant_28,4,day,Town10HD_Opt,2026-03-18 17:45:14.692055,13.689568519592283,69.82850646972656,0.0022892379201948,25.573,0.573,0.0,0.0,0,0,1,,1.0,2026-03-18T17:45:14.692055,neutral,0.999,2026-03-18T17:45:13.639422,0.3898853953827013,2026-03-18T17:45:14.037000,98,,,
participant_28,4,day,Town10HD_Opt,2026-03-18 17:45:15.743266,16.4766845703125,69.83666229248047,0.0021776198409497,22.865,0.573,0.787,0.0,0,0,1,,1.0,2026-03-18T17:45:15.743266,neutral,1.0,2026-03-18T17:45:15.743266,0.3811662490256687,2026-03-18T17:45:14.937000,99,,,
participant_28,4,day,Town10HD_Opt,2026-03-18 17:45:16.791139,19.40836334228516,69.87088012695312,0.0018239211058244,27.752,0.562,0.671,0.0,0,0,1,,1.0,2026-03-18T17:45:16.791139,neutral,1.0,2026-03-18T17:45:15.743266,0.325364498111564,2026-03-18T17:45:15.972000,97,,,
participant_28,4,day,Town10HD_Opt,2026-03-18 17:45:17.826695,22.92721176147461,69.9403076171875,0.0018316268688067,32.203,-0.181,0.581,0.0,0,0,1,,1.0,2026-03-18T17:45:17.826695,neutral,1.0,2026-03-18T17:45:17.826695,0.4117919098350837,2026-03-18T17:45:17.006000,96,,,
participant_28,4,day,Town10HD_Opt,2026-03-18 17:45:18.886424,26.86431884765625,69.8733901977539,0.0019056319724768,35.049,-8.811,0.545,0.0,0,0,1,,1.0,2026-03-18T17:45:18.886424,neutral,1.0,2026-03-18T17:45:17.826695,0.4178926268811716,2026-03-18T17:45:17.952000,95,,,errors=Stop sign violation
participant_28,4,day,Town10HD_Opt,2026-03-18 17:45:19.961637,30.937833786010746,69.12876892089844,0.0020989226177334,34.423,-6.912,0.444,0.0,0,0,1,,1.0,2026-03-18T17:45:19.961637,neutral,1.0,2026-03-18T17:45:19.961637,0.5455648744966253,2026-03-18T17:45:19.976000,90,,,
participant_28,4,day,Town10HD_Opt,2026-03-18 17:45:20.492059,32.841529846191406,68.52000427246094,0.0020913695916533,34.529,-4.704,0.849,0.0,0,0,1,,1.0,2026-03-18T17:45:20.492059,neutral,1.0,2026-03-18T17:45:19.961637,0.4667374121369869,2026-03-18T17:45:19.976000,95,,,
participant_28,4,day,Town10HD_Opt,2026-03-18 17:45:21.550660,36.92993927001953,66.88093566894531,0.0017407607519999,41.22,-8.556,0.827,0.0,0,0,1,,1.0,2026-03-18T17:45:21.550660,neutral,1.0,2026-03-18T17:45:19.961637,0.5323331876109718,2026-03-18T17:45:20.966000,94,,,
participant_28,4,day,Town10HD_Opt,2026-03-18 17:45:22.648117,41.13564682006836,64.01815795898438,0.0018194197909906,46.374,-18.237,0.764,0.0,0,0,1,,1.0,2026-03-18T17:45:22.648117,neutral,1.0,2026-03-18T17:45:22.648117,0.5612821444983508,2026-03-18T17:45:22.048000,93,,,
participant_28,4,day,Town10HD_Opt,2026-03-18 17:45:23.741057,44.2231330871582,59.40866470336914,0.0019107054686173,49.04,-12.92,0.106,0.0,0,0,1,,1.0,2026-03-18T17:45:23.741057,neutral,1.0,2026-03-18T17:45:22.648117,0.5885187426904797,2026-03-18T17:45:23.036000,91,,,
participant_28,4,day,Town10HD_Opt,2026-03-18 17:45:24.833096,45.68098068237305,54.16432571411133,0.0023197936825454,42.859,-6.075,0.0,0.0,0,0,1,,1.0,2026-03-18T17:45:24.833096,neutral,1.0,2026-03-18T17:45:24.833096,0.5970411467706129,2026-03-18T17:45:23.937000,90,,,
participant_28,4,day,Town10HD_Opt,2026-03-18 17:45:25.892996,46.01784896850586,49.54199981689453,0.0023859404027462,35.93,-7.244,0.0,0.0,0,0,1,,1.0,2026-03-18T17:45:25.892996,neutral,1.0,2026-03-18T17:45:24.833096,0.679013765651769,2026-03-18T17:45:25.962000,96,,,
participant_28,4,day,Town10HD_Opt,2026-03-18 17:45:26.459705,45.919769287109375,47.51018142700195,0.0023537063971161,33.501,-3.101,0.221,0.0,0,0,1,,1.0,2026-03-18T17:45:26.459705,neutral,1.0,2026-03-18T17:45:24.833096,0.63278183742661,2026-03-18T17:45:25.962000,93,,,
participant_28,4,day,Town10HD_Opt,2026-03-18 17:45:27.546980,45.59562301635742,43.76133346557617,0.002114257775247,32.003,0.804,0.674,0.0,0,0,1,,1.0,2026-03-18T17:45:27.546980,neutral,0.996,2026-03-18T17:45:27.546980,0.7652719129536782,2026-03-18T17:45:26.951000,93,,,
participant_28,4,day,Town10HD_Opt,2026-03-18 17:45:28.655236,45.31605911254883,39.86233139038086,0.0018533325055614,35.802,4.077,0.733,0.0,0,0,1,,1.0,2026-03-18T17:45:28.655236,neutral,0.996,2026-03-18T17:45:27.546980,0.721620327694168,2026-03-18T17:45:27.942000,93,,,
participant_28,4,day,Town10HD_Opt,2026-03-18 17:45:29.780674,45.42789459228516,35.38196563720703,0.0018360899994149,40.484,17.876,0.41,0.0,0,0,1,,1.0,2026-03-18T17:45:29.780674,neutral,0.93,2026-03-18T17:45:29.780674,0.6376773442561118,2026-03-18T17:45:29.021000,93,,,
participant_28,4,day,Town10HD_Opt,2026-03-18 17:45:30.860229,47.02762222290039,31.125600814819336,0.0022322081495076,37.325,26.584,0.143,0.0,0,0,1,,1.0,2026-03-18T17:45:30.860229,neutral,0.93,2026-03-18T17:45:29.780674,0.7258870253131601,2026-03-18T17:45:29.967000,94,,,
participant_28,4,day,Town10HD_Opt,2026-03-18 17:45:31.454310,48.46472930908203,29.56287002563477,0.0023020170629024,35.398,17.172,0.0,0.0,0,0,1,,1.0,2026-03-18T17:45:31.454310,neutral,0.93,2026-03-18T17:45:29.780674,0.7065610633052894,2026-03-18T17:45:30.963000,92,,,
participant_28,4,day,Town10HD_Opt,2026-03-18 17:45:32.511518,51.589168548583984,27.41317749023437,0.0023381423670798,29.438,10.235,0.0,0.0,0,0,1,,1.0,2026-03-18T17:45:32.511518,neutral,0.987,2026-03-18T17:45:32.511518,0.6344654293703474,2026-03-18T17:45:31.991000,93,,,
participant_28,4,day,Town10HD_Opt,2026-03-18 17:45:33.582736,54.49061965942383,26.18531608581543,0.002335128840059,24.313,10.749,0.0,0.238,0,0,1,,1.0,2026-03-18T17:45:33.582736,neutral,0.987,2026-03-18T17:45:32.511518,0.6697164003778632,2026-03-18T17:45:32.937000,94,,,
participant_28,4,day,Town10HD_Opt,2026-03-18 17:45:34.619745,56.94110107421875,25.6169548034668,0.0023125456646084,19.052,11.994,0.0,0.351,0,0,1,,1.0,2026-03-18T17:45:34.619745,neutral,0.972,2026-03-18T17:45:34.619745,0.7228950471465692,2026-03-18T17:45:33.972000,93,,,
participant_28,4,day,Town10HD_Opt,2026-03-18 17:45:35.716480,57.63311767578125,25.52141571044922,0.0025178145151585,0.002,3.773,0.0,0.492,0,0,1,,1.0,2026-03-18T17:45:35.716480,neutral,0.972,2026-03-18T17:45:34.619745,0.6758465309363426,2026-03-18T17:45:34.961000,94,,,
participant_28,4,day,Town10HD_Opt,2026-03-18 17:45:36.779285,57.6337776184082,25.521329879760746,0.0019771575462073,0.0,0.813,0.0,0.113,0,0,1,,1.0,2026-03-18T17:45:36.779285,sad,0.982,2026-03-18T17:45:36.779285,0.6705480312535901,2026-03-18T17:45:35.953000,94,,,
participant_28,4,day,Town10HD_Opt,2026-03-18 17:45:37.814801,57.63404846191406,25.52129364013672,0.0019251251360401,0.0,0.987,0.0,0.0,0,0,1,,1.0,2026-03-18T17:45:37.814801,sad,0.982,2026-03-18T17:45:36.779285,0.6870945126447984,2026-03-18T17:45:37.121000,90,,,
participant_28,4,day,Town10HD_Opt,2026-03-18 17:45:38.901042,57.634315490722656,25.521249771118164,0.0019200897077098,0.006,1.358,0.0,0.0,0,0,1,,1.0,2026-03-18T17:45:38.901042,neutral,0.99,2026-03-18T17:45:38.901042,0.8040359776413053,2026-03-18T17:45:38.966000,91,,,
participant_28,4,day,Town10HD_Opt,2026-03-18 17:45:39.434031,57.63419723510742,25.521249771118164,0.0019193267216905,0.005,1.556,0.0,0.0,0,0,1,,1.0,2026-03-18T17:45:39.434031,neutral,0.99,2026-03-18T17:45:38.901042,0.6749122394141741,2026-03-18T17:45:38.966000,95,,,
participant_28,4,day,Town10HD_Opt,2026-03-18 17:45:40.499256,57.63438415527344,25.521249771118164,0.001919021597132,0.001,1.622,0.0,0.0,0,0,1,,1.0,2026-03-18T17:45:40.499256,neutral,0.99,2026-03-18T17:45:38.901042,0.706552410203742,2026-03-18T17:45:39.957000,95,,,
participant_28,4,day,Town10HD_Opt,2026-03-18 17:45:41.524060,57.63429641723633,25.521249771118164,0.0019191360333934,0.005,1.622,0.0,0.0,0,0,1,,1.0,2026-03-18T17:45:41.524060,sad,0.893,2026-03-18T17:45:41.524060,0.6706530622721887,2026-03-18T17:45:41.081000,92,,,
participant_28,4,day,Town10HD_Opt,2026-03-18 17:45:42.510426,57.63450241088867,25.521249771118164,0.0019190978491678,0.001,1.596,0.0,0.0,0,0,1,,1.0,2026-03-18T17:45:42.510426,sad,0.893,2026-03-18T17:45:41.524060,0.7033453425015939,2026-03-18T17:45:41.981000,96,,,
participant_28,4,day,Town10HD_Opt,2026-03-18 17:45:43.480563,57.63439178466797,25.521249771118164,0.001919021597132,0.005,1.596,0.0,0.0,0,0,1,,1.0,2026-03-18T17:45:43.480563,sad,0.893,2026-03-18T17:45:41.524060,0.6470397554782142,2026-03-18T17:45:43.017000,95,,,
participant_28,4,day,Town10HD_Opt,2026-03-18 17:45:44.481990,57.63461685180664,25.52124786376953,0.0019191741012036,0.001,1.593,0.0,0.0,0,0,1,,1.0,2026-03-18T17:45:44.481990,neutral,0.982,2026-03-18T17:45:44.481990,0.7603766570543603,2026-03-18T17:45:44.097000,91,,,
participant_28,4,day,Town10HD_Opt,2026-03-18 17:45:45.457822,57.63449096679688,25.521249771118164,0.0019191360333934,0.005,1.57,0.0,0.0,0,0,1,reach_back,0.841,2026-03-18T17:45:45.457822,neutral,0.982,2026-03-18T17:45:44.481990,0.6984729765181953,2026-03-18T17:45:45.086000,92,,,
participant_28,4,day,Town10HD_Opt,2026-03-18 17:45:46.467589,57.63473510742188,25.521203994750977,0.0019190596649423,0.001,0.926,0.0,0.0,0,0,1,,1.0,2026-03-18T17:45:46.467589,neutral,0.982,2026-03-18T17:45:44.481990,0.758481677873628,2026-03-18T17:45:45.942000,90,Stop sign violation,stop_sign_id=1120,
participant_28,4,day,Town10HD_Opt,2026-03-18 17:45:47.424369,57.63459777832031,25.52121925354004,0.0019190596649423,0.005,0.926,0.0,0.0,0,0,1,,1.0,2026-03-18T17:45:47.424369,angry,0.619,2026-03-18T17:45:47.424369,0.7061172250881238,2026-03-18T17:45:46.931000,92,,,
participant_28,4,day,Town10HD_Opt,2026-03-18 17:45:48.428329,57.63486099243164,25.52117156982422,0.001919021597132,0.001,0.879,0.0,0.0,0,0,1,,1.0,2026-03-18T17:45:48.428329,angry,0.619,2026-03-18T17:45:47.424369,0.813427067583812,2026-03-18T17:45:47.967000,93,,,
participant_28,4,day,Town10HD_Opt,2026-03-18 17:45:49.425371,57.63470458984375,25.521196365356445,0.001919021597132,0.004,0.86,0.0,0.0,0,0,1,,1.0,2026-03-18T17:45:49.425371,angry,1.0,2026-03-18T17:45:49.425371,0.7570558930352224,2026-03-18T17:45:48.957000,95,,,
participant_28,4,day,Town10HD_Opt,2026-03-18 17:45:50.447644,57.63498306274414,25.52114486694336,0.0019190596649423,0.001,0.86,0.0,0.0,0,0,1,,1.0,2026-03-18T17:45:50.447644,angry,1.0,2026-03-18T17:45:49.425371,0.7894557730912705,2026-03-18T17:45:50.083000,94,,,
participant_28,4,day,Town10HD_Opt,2026-03-18 17:45:51.448177,57.63481140136719,25.52117156982422,0.0019190978491678,0.005,0.86,0.0,0.0,0,0,1,,1.0,2026-03-18T17:45:51.448177,angry,0.994,2026-03-18T17:45:51.448177,0.8222738758073322,2026-03-18T17:45:51.072000,95,,,
participant_28,4,day,Town10HD_Opt,2026-03-18 17:45:52.443911,57.63510513305664,25.5211181640625,0.0019190978491678,0.001,0.851,0.0,0.0,0,0,1,,1.0,2026-03-18T17:45:52.443911,angry,0.994,2026-03-18T17:45:51.448177,0.7601450452031109,2026-03-18T17:45:51.973000,95,,,
participant_28,4,day,Town10HD_Opt,2026-03-18 17:45:53.431577,57.63492202758789,25.52114486694336,0.0019191741012036,0.004,0.844,0.0,0.0,0,0,1,,1.0,2026-03-18T17:45:53.431577,angry,0.994,2026-03-18T17:45:51.448177,0.7949354819904747,2026-03-18T17:45:53.006000,94,,,
participant_28,4,day,Town10HD_Opt,2026-03-18 17:45:54.428614,57.63522720336914,25.52109146118164,0.0019190596649423,0.007,0.844,0.0,0.0,0,0,1,,1.0,2026-03-18T17:45:54.428614,angry,0.835,2026-03-18T17:45:54.428614,0.6885395740493844,2026-03-18T17:45:54.042000,96,,,
participant_28,4,day,Town10HD_Opt,2026-03-18 17:45:55.486072,57.63502883911133,25.52112197875977,0.0019190596649423,0.004,0.844,0.0,0.0,0,0,1,,1.0,2026-03-18T17:45:55.486072,angry,0.835,2026-03-18T17:45:54.428614,0.8141218908664292,2026-03-18T17:45:55.077000,94,,,
participant_28,4,day,Town10HD_Opt,2026-03-18 17:45:56.487721,57.63534927368164,25.52106666564941,0.0019191741012036,0.006,0.844,0.0,0.0,0,0,1,,1.0,2026-03-18T17:45:56.487721,angry,0.998,2026-03-18T17:45:56.487721,0.7222516113509244,2026-03-18T17:45:56.112000,96,,,
participant_28,4,day,Town10HD_Opt,2026-03-18 17:45:57.558285,57.63514709472656,25.521100997924805,0.0019190596649423,0.0,0.844,0.0,0.0,0,0,1,,1.0,2026-03-18T17:45:57.558285,angry,0.998,2026-03-18T17:45:56.487721,0.7791259594987388,2026-03-18T17:45:56.967000,95,,,
participant_28,4,day,Town10HD_Opt,2026-03-18 17:45:58.602828,57.63544845581055,25.52104759216309,0.001919288537465,0.007,0.834,0.0,0.0,0,0,1,,1.0,2026-03-18T17:45:58.602828,angry,0.996,2026-03-18T17:45:58.602828,0.8767078547379968,2026-03-18T17:45:58.046000,93,,,
participant_28,4,day,Town10HD_Opt,2026-03-18 17:45:59.578447,57.63527297973633,25.52107620239257,0.0019189452286809,0.0,0.832,0.0,0.0,0,0,1,,1.0,2026-03-18T17:45:59.578447,angry,0.996,2026-03-18T17:45:58.602828,0.8097650003664855,2026-03-18T17:45:59.037000,92,,,
participant_28,4,day,Town10HD_Opt,2026-03-18 17:46:00.563831,57.63554382324219,25.521026611328125,0.0019194030901417,0.006,0.818,0.0,0.0,0,0,1,,1.0,2026-03-18T17:46:00.563831,angry,0.996,2026-03-18T17:45:58.602828,0.7970772672775305,2026-03-18T17:46:00.027000,92,,,
participant_28,4,day,Town10HD_Opt,2026-03-18 17:46:01.589489,57.63677978515625,25.52084922790528,0.0019162750104442,0.123,0.808,0.0,0.0,0,0,1,,1.0,2026-03-18T17:46:01.589489,angry,0.981,2026-03-18T17:46:01.589489,0.7443494390301504,2026-03-18T17:46:00.973000,91,,,
participant_28,4,day,Town10HD_Opt,2026-03-18 17:46:02.618997,57.6567611694336,25.51781463623047,0.001921119634062,0.006,0.806,0.0,0.0,0,0,1,,1.0,2026-03-18T17:46:02.618997,angry,0.981,2026-03-18T17:46:01.589489,0.8015571565206234,2026-03-18T17:46:01.962000,91,,,
participant_28,4,day,Town10HD_Opt,2026-03-18 17:46:03.599910,57.69499206542969,25.51198959350586,0.0019158172653988,0.344,0.672,0.0,0.0,0,0,1,,1.0,2026-03-18T17:46:03.599910,angry,0.879,2026-03-18T17:46:03.599910,0.7816236362029751,2026-03-18T17:46:02.997000,89,,,
participant_28,4,day,Town10HD_Opt,2026-03-18 17:46:04.586917,57.72349166870117,25.507551193237305,0.0019291305216029,0.004,0.277,0.069,0.0,0,0,1,,1.0,2026-03-18T17:46:04.586917,angry,0.879,2026-03-18T17:46:03.599910,0.7541215350397822,2026-03-18T17:46:03.987000,93,,,
participant_28,4,day,Town10HD_Opt,2026-03-18 17:46:05.607244,57.74146270751953,25.504812240600582,0.0019070815760642,0.679,0.268,0.447,0.0,0,0,1,,1.0,2026-03-18T17:46:05.607244,angry,0.985,2026-03-18T17:46:05.607244,0.8009964415594082,2026-03-18T17:46:05.067000,90,,,
participant_28,4,day,Town10HD_Opt,2026-03-18 17:46:06.602874,57.96544647216797,25.469438552856445,0.0018080138834193,2.965,-0.36,0.008,0.0,0,0,1,,1.0,2026-03-18T17:46:06.602874,angry,0.985,2026-03-18T17:46:05.607244,0.7959731683355938,2026-03-18T17:46:06.102000,91,,,
participant_28,4,day,Town10HD_Opt,2026-03-18 17:46:07.640472,58.35375213623047,25.40606117248535,0.0019140243530273,3.252,-0.587,0.0,0.0,0,0,1,,1.0,2026-03-18T17:46:07.640472,angry,0.992,2026-03-18T17:46:07.640472,0.8115247099424614,2026-03-18T17:46:07.452000,89,,,
participant_28,4,day,Town10HD_Opt,2026-03-18 17:46:08.599931,58.6970329284668,25.34938240051269,0.0019418715965002,2.731,-0.597,0.0,0.0,0,0,1,,1.0,2026-03-18T17:46:08.599931,angry,0.992,2026-03-18T17:46:07.640472,0.7363654876489243,2026-03-18T17:46:08.127000,90,,,
participant_28,4,day,Town10HD_Opt,2026-03-18 17:46:09.593622,58.98487091064453,25.301498413085938,0.0019406508654356,2.289,-0.606,0.0,0.0,0,0,1,,1.0,2026-03-18T17:46:09.593622,angry,0.992,2026-03-18T17:46:07.640472,0.7612638035607455,2026-03-18T17:46:08.938000,90,,,
participant_28,4,day,Town10HD_Opt,2026-03-18 17:46:10.609345,59.22614288330078,25.261117935180664,0.0019374083494767,1.919,-0.613,0.0,0.0,0,0,1,,0.832,2026-03-18T17:46:10.609345,angry,0.893,2026-03-18T17:46:10.609345,0.7600577492967742,2026-03-18T17:46:10.376000,90,,,
participant_28,4,day,Town10HD_Opt,2026-03-18 17:46:11.682677,59.4241828918457,25.22777938842773,0.0019470977131277,1.402,-0.663,0.106,0.0,0,0,1,,1.0,2026-03-18T17:46:11.682677,angry,0.893,2026-03-18T17:46:10.609345,0.8158154759330057,2026-03-18T17:46:10.962000,90,,,
participant_28,4,day,Town10HD_Opt,2026-03-18 17:46:12.737615,59.565677642822266,25.2037353515625,0.0019251251360401,1.336,-0.691,0.064,0.0,0,0,1,,1.0,2026-03-18T17:46:12.737615,angry,0.744,2026-03-18T17:46:12.737615,0.806191872225859,2026-03-18T17:46:12.042000,89,,,
participant_28,4,day,Town10HD_Opt,2026-03-18 17:46:13.787818,59.70506286621094,25.180036544799805,0.0019162368262186,1.368,-0.691,0.064,0.0,0,0,1,,0.892,2026-03-18T17:46:13.787818,angry,0.744,2026-03-18T17:46:12.737615,0.7944389189389971,2026-03-18T17:46:13.077000,92,,,
participant_28,4,day,Town10HD_Opt,2026-03-18 17:46:14.845916,59.84809112548828,25.15562629699707,0.001915855333209,1.399,-0.698,0.064,0.0,0,0,1,,1.0,2026-03-18T17:46:14.845916,angry,0.998,2026-03-18T17:46:14.845916,0.7283799889606106,2026-03-18T17:46:13.933000,88,,,
participant_28,4,day,Town10HD_Opt,2026-03-18 17:46:15.906914,59.99380111694336,25.130661010742188,0.0019176101777702,1.396,-0.571,0.054,0.0,0,0,1,,1.0,2026-03-18T17:46:15.906914,angry,0.998,2026-03-18T17:46:14.845916,0.7746060449574192,2026-03-18T17:46:15.956000,89,,,
participant_28,4,day,Town10HD_Opt,2026-03-18 17:46:16.478254,60.064247131347656,25.11865234375,0.0019209670135751,1.341,-0.489,0.046,0.0,0,0,1,,1.0,2026-03-18T17:46:16.478254,angry,0.998,2026-03-18T17:46:14.845916,0.8210952493320934,2026-03-18T17:46:15.956000,88,,,
participant_28,4,day,Town10HD_Opt,2026-03-18 17:46:17.546453,60.19181060791016,25.0977725982666,0.0019246292067691,1.175,-0.172,0.051,0.0,0,0,1,,1.0,2026-03-18T17:46:17.546453,angry,0.982,2026-03-18T17:46:17.546453,0.8033453048349356,2026-03-18T17:46:17.082000,87,,,
participant_28,4,day,Town10HD_Opt,2026-03-18 17:46:18.570563,60.3200569152832,25.076244354248047,0.0018943785689771,1.396,-0.345,0.0,0.0,0,0,1,,0.849,2026-03-18T17:46:18.570563,angry,0.982,2026-03-18T17:46:17.546453,0.7672160995814934,2026-03-18T17:46:17.937000,86,,,
participant_28,4,day,Town10HD_Opt,2026-03-18 17:46:19.578415,60.47220993041992,25.05052757263184,0.0019251251360401,1.225,-0.336,0.0,0.0,0,0,1,,1.0,2026-03-18T17:46:19.578415,angry,0.998,2026-03-18T17:46:19.578415,0.789895418926937,2026-03-18T17:46:18.972000,88,,,
participant_28,4,day,Town10HD_Opt,2026-03-18 17:46:20.604303,60.58370971679688,25.031641006469727,0.0019274902297183,0.798,-0.465,0.074,0.0,0,0,1,,0.837,2026-03-18T17:46:20.604303,angry,0.998,2026-03-18T17:46:19.578415,0.7323502900548957,2026-03-18T17:46:19.962000,86,,,
participant_28,4,day,Town10HD_Opt,2026-03-18 17:46:21.628507,60.70343017578125,25.01112174987793,0.0019129943102598,1.003,-0.477,0.073,0.0,0,0,1,,1.0,2026-03-18T17:46:21.628507,angry,0.998,2026-03-18T17:46:21.628507,0.7963648462997518,2026-03-18T17:46:20.952000,88,,,
participant_28,4,day,Town10HD_Opt,2026-03-18 17:46:22.686855,60.84215545654297,24.98740196228028,0.0019130324944853,1.146,-0.545,0.073,0.0,0,0,1,,1.0,2026-03-18T17:46:22.686855,angry,0.998,2026-03-18T17:46:21.628507,0.7838336244812296,2026-03-18T17:46:21.942000,90,,,
participant_28,4,day,Town10HD_Opt,2026-03-18 17:46:23.728813,60.998779296875,24.96150779724121,0.001912918058224,1.317,0.757,0.085,0.0,0,0,1,,1.0,2026-03-18T17:46:23.728813,angry,0.949,2026-03-18T17:46:23.728813,0.7879926239743434,2026-03-18T17:46:22.935000,91,,,
participant_28,4,day,Town10HD_Opt,2026-03-18 17:46:24.749498,61.18717575073242,24.93052101135254,0.0018878936534747,2.111,-0.538,0.212,0.0,0,0,1,,1.0,2026-03-18T17:46:24.749498,angry,0.949,2026-03-18T17:46:23.728813,0.8045806391144437,2026-03-18T17:46:23.971000,89,Harsh braking,decel_mps2=7.9,
participant_28,4,day,Town10HD_Opt,2026-03-18 17:46:25.790328,61.50201416015625,24.875640869140625,0.0018407821189612,3.68,-0.83,0.213,0.0,0,0,1,,1.0,2026-03-18T17:46:25.790328,angry,0.99,2026-03-18T17:46:25.790328,0.792187685652762,2026-03-18T17:46:24.957000,88,,,
participant_28,4,day,Town10HD_Opt,2026-03-18 17:46:26.847251,61.985984802246094,24.79067611694336,0.0018674849998205,4.751,-0.275,0.167,0.0,0,0,1,,1.0,2026-03-18T17:46:26.847251,angry,0.99,2026-03-18T17:46:25.790328,0.8380329713617081,2026-03-18T17:46:25.947000,86,,,
participant_28,4,day,Town10HD_Opt,2026-03-18 17:46:27.934127,62.56344604492188,24.700746536254883,0.0018824386643245,5.5,2.727,0.166,0.0,0,0,1,,1.0,2026-03-18T17:46:27.934127,angry,0.809,2026-03-18T17:46:27.934127,0.756908450314159,2026-03-18T17:46:26.992000,86,,,
participant_28,4,day,Town10HD_Opt,2026-03-18 17:46:28.505381,62.88180541992188,24.65567970275879,0.0018854141235351,5.814,2.715,0.166,0.0,0,0,1,,1.0,2026-03-18T17:46:28.505381,angry,0.809,2026-03-18T17:46:27.934127,0.8445080217551584,2026-03-18T17:46:26.992000,85,,,
participant_28,4,day,Town10HD_Opt,2026-03-18 17:46:29.555331,63.57188034057617,24.56338882446289,0.0018891524523496,6.343,2.723,0.166,0.0,0,0,1,,1.0,2026-03-18T17:46:29.555331,angry,0.809,2026-03-18T17:46:27.934127,0.7243437380152136,2026-03-18T17:46:28.963000,90,,,errors=Solid line crossing
participant_28,4,day,Town10HD_Opt,2026-03-18 17:46:30.564602,64.32672882080078,24.469371795654297,0.0018923567840829,6.901,2.407,0.166,0.0,0,0,1,,1.0,2026-03-18T17:46:30.564602,angry,0.941,2026-03-18T17:46:30.564602,0.8494261399396823,2026-03-18T17:46:28.963000,89,,,
participant_28,4,day,Town10HD_Opt,2026-03-18 17:46:31.606163,65.138916015625,24.38036727905273,0.0018999481108039,7.162,3.54,0.0,0.0,0,0,1,,1.0,2026-03-18T17:46:31.606163,angry,0.941,2026-03-18T17:46:30.564602,0.8010840976987234,2026-03-18T17:46:31.167000,88,,,
participant_28,4,day,Town10HD_Opt,2026-03-18 17:46:32.663242,65.91448211669922,24.31167984008789,0.0019643402192741,6.147,3.73,0.0,0.016,0,0,1,,0.873,2026-03-18T17:46:32.663242,angry,0.833,2026-03-18T17:46:32.663242,0.8082565373149933,2026-03-18T17:46:32.293000,89,,,
participant_28,4,day,Town10HD_Opt,2026-03-18 17:46:33.680249,66.22884368896484,24.286495208740234,0.0021842955611646,0.001,3.813,0.0,0.03,0,0,1,,0.884,2026-03-18T17:46:33.680249,angry,0.833,2026-03-18T17:46:32.663242,0.7281531969677573,2026-03-18T17:46:33.148000,93,Solid line crossing,Solid line crossing,
participant_28,4,day,Town10HD_Opt,2026-03-18 17:46:34.682705,66.23859405517578,24.285858154296875,0.0019371032249182,0.123,3.921,0.0,0.0,0,0,1,,0.852,2026-03-18T17:46:34.682705,angry,0.985,2026-03-18T17:46:34.682705,0.817847878056061,2026-03-18T17:46:33.957000,91,,,
participant_28,4,day,Town10HD_Opt,2026-03-18 17:46:35.681901,66.25159454345703,24.28497314453125,0.0019213104387745,0.106,3.867,0.0,0.0,0,0,1,,1.0,2026-03-18T17:46:35.681901,angry,0.985,2026-03-18T17:46:34.682705,0.7312258753510632,2026-03-18T17:46:34.946000,97,,,
participant_28,4,day,Town10HD_Opt,2026-03-18 17:46:36.686458,66.26251983642578,24.284223556518555,0.0019199752714484,0.09,3.844,0.0,0.0,0,0,1,,1.0,2026-03-18T17:46:36.686458,neutral,0.938,2026-03-18T17:46:36.686458,0.7087439476780488,2026-03-18T17:46:35.983000,92,,,
participant_28,4,day,Town10HD_Opt,2026-03-18 17:46:37.676985,66.27168273925781,24.28359031677246,0.0019197463989257,0.076,3.844,0.0,0.0,0,0,1,,1.0,2026-03-18T17:46:37.676985,neutral,0.938,2026-03-18T17:46:36.686458,0.752401821422457,2026-03-18T17:46:37.063000,90,,,
participant_28,4,day,Town10HD_Opt,2026-03-18 17:46:38.696058,66.27936553955078,24.283048629760746,0.0019195555942133,0.063,2.694,0.0,0.0,0,0,1,,1.0,2026-03-18T17:46:38.696058,neutral,0.998,2026-03-18T17:46:38.696058,0.7964455198090652,2026-03-18T17:46:37.063000,90,,,
participant_28,4,day,Town10HD_Opt,2026-03-18 17:46:39.748356,66.28581237792969,24.282508850097656,0.0019195555942133,0.054,1.68,0.0,0.0,0,0,1,,1.0,2026-03-18T17:46:39.748356,neutral,0.998,2026-03-18T17:46:38.696058,0.8040072894537265,2026-03-18T17:46:39.088000,89,,,
participant_28,4,day,Town10HD_Opt,2026-03-18 17:46:40.788084,66.29120635986328,24.282026290893555,0.0019193649059161,0.045,1.189,0.0,0.0,0,0,1,,1.0,2026-03-18T17:46:40.788084,neutral,0.981,2026-03-18T17:46:40.788084,0.817683117028464,2026-03-18T17:46:39.989000,90,,,
participant_28,4,day,Town10HD_Opt,2026-03-18 17:46:41.870273,66.29573059082031,24.281627655029297,0.0019193649059161,0.039,0.275,0.0,0.0,0,0,1,,1.0,2026-03-18T17:46:41.870273,neutral,0.981,2026-03-18T17:46:40.788084,0.7581538462819665,2026-03-18T17:46:41.069000,90,,,
participant_28,4,day,Town10HD_Opt,2026-03-18 17:46:42.896593,66.29953002929688,24.281225204467773,0.001919288537465,0.033,-0.284,0.0,0.0,0,0,1,eat,0.806,2026-03-18T17:46:42.896593,sad,0.958,2026-03-18T17:46:42.896593,0.8332625159758382,2026-03-18T17:46:42.957000,92,,,
participant_28,4,day,Town10HD_Opt,2026-03-18 17:46:43.450964,66.30118560791016,24.28107070922852,0.0019193649059161,0.03,-0.284,0.0,0.0,0,0,1,,1.0,2026-03-18T17:46:43.450964,sad,0.958,2026-03-18T17:46:42.896593,0.8192924311984419,2026-03-18T17:46:42.957000,91,,,
participant_28,4,day,Town10HD_Opt,2026-03-18 17:46:44.483523,66.30410766601562,24.280780792236328,0.0019192504696547,0.026,-0.284,0.0,0.0,0,0,1,,1.0,2026-03-18T17:46:44.483523,sad,0.958,2026-03-18T17:46:42.896593,0.8272809016817818,2026-03-18T17:46:43.948000,92,,,
participant_28,4,day,Town10HD_Opt,2026-03-18 17:46:45.469564,66.30579376220703,24.28059196472168,0.0019191360333934,0.004,-0.284,0.0,0.0,0,0,1,,1.0,2026-03-18T17:46:45.469564,angry,0.578,2026-03-18T17:46:45.469564,0.7968861076745309,2026-03-18T17:46:44.982000,91,,,
participant_28,4,day,Town10HD_Opt,2026-03-18 17:46:46.491457,66.30599212646484,24.280542373657227,0.001918678288348,0.006,-0.301,0.0,0.0,0,0,1,,1.0,2026-03-18T17:46:46.491457,angry,0.578,2026-03-18T17:46:45.469564,0.8204363591998555,2026-03-18T17:46:45.972000,93,,,
participant_28,4,day,Town10HD_Opt,2026-03-18 17:46:47.496383,66.30610656738281,24.28050804138184,0.0019193649059161,0.001,0.289,0.0,0.0,0,0,1,,0.827,2026-03-18T17:46:47.496383,neutral,0.691,2026-03-18T17:46:47.496383,0.7595869666279444,2026-03-18T17:46:46.962000,92,,,
participant_28,4,day,Town10HD_Opt,2026-03-18 17:46:48.483768,66.30613708496094,24.28051376342773,0.0019189452286809,0.006,-0.439,0.0,0.0,0,0,1,,1.0,2026-03-18T17:46:48.483768,neutral,0.691,2026-03-18T17:46:47.496383,0.7675488864681451,2026-03-18T17:46:48.042000,94,,,
participant_28,4,day,Town10HD_Opt,2026-03-18 17:46:49.523454,66.30622100830078,24.280502319335938,0.001919288537465,0.001,-0.54,0.0,0.0,0,0,1,,0.926,2026-03-18T17:46:49.523454,neutral,0.675,2026-03-18T17:46:49.523454,0.8038501470805486,2026-03-18T17:46:49.347000,93,,,
participant_28,4,day,Town10HD_Opt,2026-03-18 17:46:50.514851,66.3553466796875,24.27548599243164,0.001793518080376,1.97,-0.524,0.689,0.0,0,0,1,,0.883,2026-03-18T17:46:50.514851,neutral,0.675,2026-03-18T17:46:49.523454,0.7226600505508338,2026-03-18T17:46:49.979000,93,,,
participant_28,4,day,Town10HD_Opt,2026-03-18 17:46:51.524613,67.0445556640625,24.20432472229004,0.0015835952945053,9.225,-0.153,0.0,0.0,0,0,1,,0.817,2026-03-18T17:46:51.524613,neutral,0.909,2026-03-18T17:46:51.524613,0.7903886035906372,2026-03-18T17:46:51.193000,90,,,
participant_28,4,day,Town10HD_Opt,2026-03-18 17:46:52.588765,67.77188110351562,24.136947631835938,0.0024921798612922,0.001,0.968,0.0,0.164,0,1,-1,,1.0,2026-03-18T17:46:52.588765,neutral,0.909,2026-03-18T17:46:51.524613,0.7868579978646442,2026-03-18T17:46:52.003000,94,,,
participant_28,4,day,Town10HD_Opt,2026-03-18 17:46:53.626324,67.7680892944336,24.13728904724121,0.001975402701646,0.026,0.684,0.641,0.0,0,1,-1,,0.894,2026-03-18T17:46:53.626324,neutral,0.987,2026-03-18T17:46:53.626324,0.7605559413425332,2026-03-18T17:46:52.948000,90,,,
participant_28,4,day,Town10HD_Opt,2026-03-18 17:46:54.657935,67.55183410644531,24.172088623046875,0.0021951294038444,5.236,-9.578,0.836,0.0,0,1,-1,,0.8,2026-03-18T17:46:54.657935,neutral,0.987,2026-03-18T17:46:53.626324,0.8405151987656537,2026-03-18T17:46:53.982000,89,,,
participant_28,4,day,Town10HD_Opt,2026-03-18 17:46:55.726998,66.54570770263672,24.30567169189453,0.002197875874117,11.31,-7.596,0.615,0.0,0,1,-1,,1.0,2026-03-18T17:46:55.726998,neutral,0.483,2026-03-18T17:46:55.726998,0.7796156796963598,2026-03-18T17:46:54.972000,89,,,errors=Solid line crossing
participant_28,4,day,Town10HD_Opt,2026-03-18 17:46:56.768139,65.06977844238281,24.38353729248047,0.002031555166468,13.541,-2.974,0.484,0.0,0,1,-1,,1.0,2026-03-18T17:46:56.768139,neutral,0.483,2026-03-18T17:46:55.726998,0.8288619001214869,2026-03-18T17:46:55.962000,89,,,
participant_28,4,day,Town10HD_Opt,2026-03-18 17:46:57.861666,63.58381652832031,24.40383529663086,0.0018190002301707,11.421,-2.635,0.297,0.0,0,1,-1,,1.0,2026-03-18T17:46:57.861666,neutral,0.97,2026-03-18T17:46:57.861666,0.8092664704069609,2026-03-18T17:46:57.942000,95,,,
participant_28,4,day,Town10HD_Opt,2026-03-18 17:46:58.890124,62.42550277709961,24.395238876342773,0.0017723082564771,8.115,-2.645,0.194,0.0,0,1,-1,,1.0,2026-03-18T17:46:58.890124,neutral,0.97,2026-03-18T17:46:57.861666,0.744341444065294,2026-03-18T17:46:58.977000,90,,,
participant_28,4,day,Town10HD_Opt,2026-03-18 17:46:59.927689,61.6361198425293,24.377655029296875,0.0017731474945321,5.35,-1.939,0.198,0.0,0,1,-1,,1.0,2026-03-18T17:46:59.927689,neutral,0.997,2026-03-18T17:46:59.927689,0.7791279411026824,2026-03-18T17:46:59.967000,94,,,
participant_28,4,day,Town10HD_Opt,2026-03-18 17:47:00.456808,61.35525894165039,24.36729431152344,0.0018238448537886,4.692,-1.333,0.004,0.0,0,1,-1,,1.0,2026-03-18T17:47:00.456808,neutral,0.997,2026-03-18T17:46:59.927689,0.8326954342450772,2026-03-18T17:46:59.967000,89,,,
participant_28,4,day,Town10HD_Opt,2026-03-18 17:47:01.483213,60.93918991088867,24.35009765625,0.0018749617738649,3.307,-1.539,0.349,0.0,0,1,-1,,0.83,2026-03-18T17:47:01.483213,neutral,0.997,2026-03-18T17:46:59.927689,0.8013703321006969,2026-03-18T17:47:01.092000,89,,,
participant_28,4,day,Town10HD_Opt,2026-03-18 17:47:02.530977,60.5361213684082,24.33232688903809,0.0019285964081063,4.051,-1.563,0.812,0.0,0,1,-1,,1.0,2026-03-18T17:47:02.530977,neutral,0.989,2026-03-18T17:47:02.530977,0.8211341824213001,2026-03-18T17:47:02.038000,91,,,errors=Solid line crossing
participant_28,4,day,Town10HD_Opt,2026-03-18 17:47:03.583136,59.59853744506836,24.28508186340332,0.0023643111344426,13.086,-1.535,0.984,0.0,0,1,-1,,1.0,2026-03-18T17:47:03.583136,neutral,0.989,2026-03-18T17:47:02.530977,0.783582934260573,2026-03-18T17:47:02.938000,89,,,
participant_28,4,day,Town10HD_Opt,2026-03-18 17:47:04.608271,57.65805435180664,24.168325424194336,0.0023211669176816,18.0,-2.17,0.459,0.0,0,1,-1,,1.0,2026-03-18T17:47:04.608271,neutral,1.0,2026-03-18T17:47:04.608271,0.7028479000606421,2026-03-18T17:47:04.017000,91,,,
participant_28,4,day,Town10HD_Opt,2026-03-18 17:47:05.571538,55.81975936889648,24.023006439208984,0.0015586471417918,11.846,-2.0,0.0,0.0,0,1,-1,,1.0,2026-03-18T17:47:05.571538,neutral,1.0,2026-03-18T17:47:04.608271,0.700918942397984,2026-03-18T17:47:04.963000,94,,,
participant_28,4,day,Town10HD_Opt,2026-03-18 17:47:06.624769,55.34989547729492,23.97742080688477,0.001389694167301,1.118,18.523,0.915,0.0,0,0,1,,1.0,2026-03-18T17:47:06.624769,neutral,0.998,2026-03-18T17:47:06.624769,0.7027840994084125,2026-03-18T17:47:06.178000,90,,,
participant_28,4,day,Town10HD_Opt,2026-03-18 17:47:07.658465,55.97431564331055,24.23295021057129,0.0014316176529973,11.059,34.052,0.973,0.0,0,0,1,,1.0,2026-03-18T17:47:07.658465,neutral,0.998,2026-03-18T17:47:06.624769,0.5261513588909382,2026-03-18T17:47:07.122000,91,,,
participant_28,4,day,Town10HD_Opt,2026-03-18 17:47:08.680445,57.52022171020508,25.240358352661133,0.0017668151995167,20.072,32.464,0.874,0.0,0,0,1,,1.0,2026-03-18T17:47:08.680445,neutral,0.993,2026-03-18T17:47:08.680445,0.4779631509575347,2026-03-18T17:47:07.978000,91,,,
participant_28,4,day,Town10HD_Opt,2026-03-18 17:47:09.709462,59.29209899902344,27.310592651367188,0.0017656325362622,26.945,15.23,0.709,0.0,0,0,1,,1.0,2026-03-18T17:47:09.709462,neutral,0.993,2026-03-18T17:47:08.680445,0.4349480191595355,2026-03-18T17:47:08.969000,89,,,errors=Solid line crossing
participant_28,4,day,Town10HD_Opt,2026-03-18 17:47:10.719295,61.44997024536133,29.96420669555664,0.0018786620348691,31.052,-31.89,0.65,0.0,0,0,1,,1.0,2026-03-18T17:47:10.719295,neutral,1.0,2026-03-18T17:47:10.719295,0.3613061946218225,2026-03-18T17:47:09.957000,90,,,
participant_28,4,day,Town10HD_Opt,2026-03-18 17:47:11.823084,64.71412658691406,31.192182540893555,0.0022049332037568,31.13,-37.962,0.518,0.0,0,0,1,,1.0,2026-03-18T17:47:11.823084,neutral,1.0,2026-03-18T17:47:10.719295,0.2599416213481078,2026-03-18T17:47:11.038000,90,,,
participant_28,4,day,Town10HD_Opt,2026-03-18 17:47:12.868706,68.51118469238281,30.790401458740234,0.0019891357515007,33.914,1.504,0.419,0.0,0,0,1,,1.0,2026-03-18T17:47:12.868706,neutral,0.998,2026-03-18T17:47:12.868706,0.2330354700129405,2026-03-18T17:47:12.027000,92,,,
participant_28,4,day,Town10HD_Opt,2026-03-18 17:47:13.897576,72.58460998535156,30.30247688293457,0.0018011855427175,37.957,-1.568,1.0,0.0,0,0,1,,1.0,2026-03-18T17:47:13.897576,neutral,0.998,2026-03-18T17:47:12.868706,0.2386115378471998,2026-03-18T17:47:13.025000,90,,,
participant_28,4,day,Town10HD_Opt,2026-03-18 17:47:14.461127,74.90406036376953,29.97675514221192,0.0016719435807317,43.089,-3.422,1.0,0.0,0,0,1,,0.886,2026-03-18T17:47:14.461127,neutral,0.998,2026-03-18T17:47:12.868706,0.277497721897944,2026-03-18T17:47:14.009000,94,,,errors=Solid line crossing
participant_28,4,day,Town10HD_Opt,2026-03-18 17:47:15.521913,80.31330108642578,28.95524787902832,0.001574897672981,51.875,-1.342,0.0,0.187,0,0,1,,1.0,2026-03-18T17:47:15.521913,neutral,1.0,2026-03-18T17:47:15.521913,0.3107955873216591,2026-03-18T17:47:15.178000,89,,,errors=Red light violation
participant_28,4,day,Town10HD_Opt,2026-03-18 17:47:16.671716,86.13314056396484,27.606124877929688,0.0022327422630041,48.253,-3.127,0.987,0.0,0,0,1,,1.0,2026-03-18T17:47:16.671716,neutral,1.0,2026-03-18T17:47:15.521913,0.2844749323192908,2026-03-18T17:47:15.941000,92,,,
participant_28,4,day,Town10HD_Opt,2026-03-18 17:47:17.715077,91.53292846679688,25.81092071533203,0.0018419264815747,52.059,-10.086,0.0,0.161,0,0,1,,0.83,2026-03-18T17:47:17.715077,neutral,1.0,2026-03-18T17:47:17.715077,0.3155733633357614,2026-03-18T17:47:17.157000,90,,,
participant_28,4,day,Town10HD_Opt,2026-03-18 17:47:18.780339,96.5895767211914,22.792667388916016,0.0022071455605328,48.588,-7.147,0.952,0.0,0,0,1,,1.0,2026-03-18T17:47:18.780339,neutral,1.0,2026-03-18T17:47:17.715077,0.2901590513217517,2026-03-18T17:47:17.966000,91,,,
participant_28,4,day,Town10HD_Opt,2026-03-18 17:47:19.806574,100.85216522216795,18.755130767822266,0.0019900512415915,50.41,-6.545,0.945,0.0,0,0,1,,1.0,2026-03-18T17:47:19.806574,neutral,1.0,2026-03-18T17:47:19.806574,0.2611125863235504,2026-03-18T17:47:19.007000,93,,,
participant_28,4,day,Town10HD_Opt,2026-03-18 17:47:20.906327,104.20038604736328,14.084187507629396,0.0019929122645407,50.236,-8.725,0.735,0.0,0,0,1,,1.0,2026-03-18T17:47:20.906327,neutral,1.0,2026-03-18T17:47:19.806574,0.1879869964560985,2026-03-18T17:47:20.983000,94,,,
participant_28,4,day,Town10HD_Opt,2026-03-18 17:47:21.443566,105.4885025024414,11.421321868896484,0.0020117950625717,50.325,-9.444,0.672,0.0,0,0,1,,1.0,2026-03-18T17:47:21.443566,neutral,1.0,2026-03-18T17:47:19.806574,0.2837716520295688,2026-03-18T17:47:20.983000,96,,,
participant_28,4,day,Town10HD_Opt,2026-03-18 17:47:22.506949,107.00701141357422,5.948277473449707,0.0020888138096779,48.491,-4.518,0.529,0.0,0,0,1,,1.0,2026-03-18T17:47:22.506949,neutral,1.0,2026-03-18T17:47:22.506949,0.2976581634808654,2026-03-18T17:47:22.018000,94,,,
participant_28,4,day,Town10HD_Opt,2026-03-18 17:47:23.600942,107.73287963867188,0.3052265048027038,0.0020249558147042,49.017,-0.08,0.502,0.0,0,0,1,,1.0,2026-03-18T17:47:23.600942,neutral,1.0,2026-03-18T17:47:22.506949,0.2654226571008762,2026-03-18T17:47:23.054000,95,,,
participant_28,4,day,Town10HD_Opt,2026-03-18 17:47:24.662451,108.2661590576172,-5.388781547546387,0.0020493315532803,48.922,-2.094,0.668,0.0,0,0,1,,1.0,2026-03-18T17:47:24.662451,neutral,0.998,2026-03-18T17:47:24.662451,0.3125287063842625,2026-03-18T17:47:23.952000,97,,,
participant_28,4,day,Town10HD_Opt,2026-03-18 17:47:25.657500,108.5016860961914,-11.281652450561523,0.0019009017851203,51.916,-1.88,0.0,0.217,0,0,1,,1.0,2026-03-18T17:47:25.657500,neutral,0.998,2026-03-18T17:47:24.662451,0.2872726261882012,2026-03-18T17:47:24.988000,96,,,
participant_28,4,day,Town10HD_Opt,2026-03-18 17:47:26.706671,108.43089294433594,-17.045015335083008,0.0020946883596479,49.046,-1.554,1.0,0.0,0,0,1,,1.0,2026-03-18T17:47:26.706671,neutral,0.999,2026-03-18T17:47:26.706671,0.3134990949517484,2026-03-18T17:47:26.113000,97,,,
participant_28,4,day,Town10HD_Opt,2026-03-18 17:47:27.705778,108.07586669921876,-22.99318504333496,0.0021080016158521,49.984,-2.038,0.974,0.0,0,0,1,,1.0,2026-03-18T17:47:27.705778,neutral,0.999,2026-03-18T17:47:26.706671,0.2692005403740693,2026-03-18T17:47:26.978000,101,,,
participant_28,4,day,Town10HD_Opt,2026-03-18 17:47:28.747854,107.36192321777344,-28.68148803710937,0.0019039153121411,51.637,-4.568,0.0,0.164,0,0,1,,1.0,2026-03-18T17:47:28.747854,neutral,1.0,2026-03-18T17:47:28.747854,0.3137302846731876,2026-03-18T17:47:28.363000,97,,,
participant_28,4,day,Town10HD_Opt,2026-03-18 17:47:29.822093,106.00334930419922,-34.38525390625,0.0022001266479492,48.316,-4.964,0.913,0.0,0,0,1,,1.0,2026-03-18T17:47:29.822093,neutral,1.0,2026-03-18T17:47:28.747854,0.2351604483116373,2026-03-18T17:47:29.083000,99,,,
participant_28,4,day,Town10HD_Opt,2026-03-18 17:47:30.793129,103.89614868164062,-39.8604850769043,0.0019358824938535,51.431,-4.511,0.0,0.143,0,0,1,,1.0,2026-03-18T17:47:30.793129,neutral,0.998,2026-03-18T17:47:30.793129,0.2209184829547432,2026-03-18T17:47:30.029000,102,,,
participant_28,4,day,Town10HD_Opt,2026-03-18 17:47:31.781466,101.18878936767578,-44.91378402709961,0.0020652008242905,49.164,-4.591,0.87,0.0,0,0,1,,1.0,2026-03-18T17:47:31.781466,neutral,0.998,2026-03-18T17:47:30.793129,0.2564955840984829,2026-03-18T17:47:31.017000,97,,,
participant_28,4,day,Town10HD_Opt,2026-03-18 17:47:32.816939,97.78260803222656,-49.71063995361328,0.0021412658970803,48.679,-4.664,0.867,0.0,0,0,1,,1.0,2026-03-18T17:47:32.816939,neutral,0.972,2026-03-18T17:47:32.816939,0.2353852643016784,2026-03-18T17:47:32.009000,98,,,
participant_28,4,day,Town10HD_Opt,2026-03-18 17:47:33.854541,93.8697509765625,-53.945350646972656,0.001892929081805,51.444,-4.756,0.0,0.144,0,0,1,,1.0,2026-03-18T17:47:33.854541,neutral,0.972,2026-03-18T17:47:32.816939,0.2474021841565641,2026-03-18T17:47:33.004000,98,,,
participant_28,4,day,Town10HD_Opt,2026-03-18 17:47:34.885013,89.42478942871094,-57.66745376586914,0.0021359634120017,48.944,-5.052,0.837,0.0,0,0,1,,1.0,2026-03-18T17:47:34.885013,neutral,0.997,2026-03-18T17:47:34.885013,0.2975085457080891,2026-03-18T17:47:33.988000,96,,,
participant_28,4,day,Town10HD_Opt,2026-03-18 17:47:35.894537,84.42878723144531,-60.7978744506836,0.0020072173792868,50.742,-5.035,0.0,0.0,0,0,1,,1.0,2026-03-18T17:47:35.894537,neutral,0.997,2026-03-18T17:47:34.885013,0.252611869021586,2026-03-18T17:47:35.968000,96,,,
participant_28,4,day,Town10HD_Opt,2026-03-18 17:47:36.877180,79.1927490234375,-63.142845153808594,0.0019961928483098,50.065,-5.257,0.82,0.0,0,0,1,,1.0,2026-03-18T17:47:36.877180,neutral,0.997,2026-03-18T17:47:34.885013,0.2326408858979758,2026-03-18T17:47:36.957000,96,,,
participant_28,4,day,Town10HD_Opt,2026-03-18 17:47:37.876748,73.52668762207031,-64.75045776367188,0.0021898651029914,48.354,-5.746,0.818,0.0,0,0,1,,1.0,2026-03-18T17:47:37.876748,neutral,0.996,2026-03-18T17:47:37.876748,0.2425426340581262,2026-03-18T17:47:37.948000,97,,,
participant_28,4,day,Town10HD_Opt,2026-03-18 17:47:38.925734,67.809326171875,-65.44599151611328,0.0018975066486746,51.342,-3.931,0.0,0.134,0,0,1,,0.832,2026-03-18T17:47:38.925734,neutral,0.996,2026-03-18T17:47:37.876748,0.2511792018897598,2026-03-18T17:47:37.948000,98,,,
participant_28,4,day,Town10HD_Opt,2026-03-18 17:47:39.445590,64.856201171875,-65.52843475341797,0.0021080016158521,49.49,-2.852,0.811,0.0,0,0,1,,1.0,2026-03-18T17:47:39.445590,neutral,0.996,2026-03-18T17:47:37.876748,0.3186028952784259,2026-03-18T17:47:39.028000,96,,,
participant_28,4,day,Town10HD_Opt,2026-03-18 17:47:40.485369,59.04598617553711,-65.36172485351562,0.0019012450939044,51.708,-0.512,0.0,0.171,0,0,1,,1.0,2026-03-18T17:47:40.485369,neutral,0.994,2026-03-18T17:47:40.485369,0.2285351644712369,2026-03-18T17:47:40.153000,95,,,
participant_28,4,day,Town10HD_Opt,2026-03-18 17:47:41.600197,53.18667984008789,-65.05872344970703,0.0021717452909797,48.736,0.625,0.794,0.0,0,0,1,,1.0,2026-03-18T17:47:41.600197,neutral,0.994,2026-03-18T17:47:40.485369,0.3046437034143461,2026-03-18T17:47:40.963000,96,,,
participant_28,4,day,Town10HD_Opt,2026-03-18 17:47:42.608410,47.33502197265625,-64.8056640625,0.0020300291944295,50.2,0.249,0.793,0.0,0,0,1,,1.0,2026-03-18T17:47:42.608410,neutral,0.987,2026-03-18T17:47:42.608410,0.2552066662558849,2026-03-18T17:47:41.997000,94,,,
participant_28,4,day,Town10HD_Opt,2026-03-18 17:47:43.590059,41.5822639465332,-64.60750579833984,0.0019574356265366,50.954,-0.66,0.0,0.0,0,0,1,,1.0,2026-03-18T17:47:43.590059,neutral,0.987,2026-03-18T17:47:42.608410,0.2973728594235982,2026-03-18T17:47:42.987000,95,,,
participant_28,4,day,Town10HD_Opt,2026-03-18 17:47:44.617433,35.75230026245117,-64.36219787597656,0.0021428298205137,48.786,1.782,0.792,0.0,0,0,1,,1.0,2026-03-18T17:47:44.617433,neutral,0.885,2026-03-18T17:47:44.617433,0.2625870520845268,2026-03-18T17:47:44.428000,94,,,
participant_28,4,day,Town10HD_Opt,2026-03-18 17:47:45.679019,29.88981819152832,-64.27092742919922,0.0020279311574995,49.775,-0.219,0.788,0.0,0,0,1,,1.0,2026-03-18T17:47:45.679019,neutral,0.885,2026-03-18T17:47:44.617433,0.262314742552749,2026-03-18T17:47:44.969000,97,,,
participant_28,4,day,Town10HD_Opt,2026-03-18 17:47:46.699027,24.13152503967285,-64.27953338623047,0.0019687269814312,50.429,-0.43,0.67,0.0,0,0,1,,1.0,2026-03-18T17:47:46.699027,neutral,1.0,2026-03-18T17:47:46.699027,0.2951477232242526,2026-03-18T17:47:46.139000,98,,,
participant_28,4,day,Town10HD_Opt,2026-03-18 17:47:47.747566,18.3132438659668,-64.2337417602539,0.0022158813662827,47.573,0.36,0.0,0.0,0,0,1,,0.804,2026-03-18T17:47:47.747566,neutral,1.0,2026-03-18T17:47:46.699027,0.222533614177991,2026-03-18T17:47:46.948000,94,,,
participant_28,4,day,Town10HD_Opt,2026-03-18 17:47:48.743178,13.187091827392578,-64.22347259521484,0.0023748779203742,39.863,0.738,0.0,0.0,0,0,1,,1.0,2026-03-18T17:47:48.743178,neutral,0.999,2026-03-18T17:47:48.743178,0.2514169284028894,2026-03-18T17:47:47.984000,97,,,
participant_28,4,day,Town10HD_Opt,2026-03-18 17:47:49.768089,8.861878395080566,-64.28245544433594,0.0023509596940129,34.043,0.305,0.0,0.0,0,0,1,,1.0,2026-03-18T17:47:49.768089,neutral,0.999,2026-03-18T17:47:48.743178,0.23137772045354,2026-03-18T17:47:48.975000,96,,,
participant_28,4,day,Town10HD_Opt,2026-03-18 17:47:50.801013,5.216000080108643,-64.35426330566406,0.0023022841196507,28.74,0.059,0.088,0.0,0,0,1,,1.0,2026-03-18T17:47:50.801013,neutral,0.985,2026-03-18T17:47:50.801013,0.3125875516952422,2026-03-18T17:47:50.143000,96,,,
participant_28,4,day,Town10HD_Opt,2026-03-18 17:47:51.822146,2.10306167602539,-64.41927337646484,0.0022341918665915,24.872,-0.021,0.192,0.0,0,0,1,,1.0,2026-03-18T17:47:51.822146,neutral,0.985,2026-03-18T17:47:50.801013,0.248463341020153,2026-03-18T17:47:50.998000,95,,,
participant_28,4,day,Town10HD_Opt,2026-03-18 17:47:52.870305,-0.6695789098739624,-64.47624969482422,0.0021165846846997,23.228,-0.049,0.349,0.0,0,0,1,,1.0,2026-03-18T17:47:52.870305,neutral,0.866,2026-03-18T17:47:52.870305,0.3006037339206474,2026-03-18T17:47:52.168000,95,,,
participant_28,4,day,Town10HD_Opt,2026-03-18 17:47:53.857254,-3.376380443572998,-64.5297622680664,0.0020501709077507,23.21,-0.059,0.343,0.0,0,0,1,,1.0,2026-03-18T17:47:53.857254,neutral,0.866,2026-03-18T17:47:52.870305,0.29410973619781,2026-03-18T17:47:53.114000,95,,,
participant_28,4,day,Town10HD_Opt,2026-03-18 17:47:54.895559,-6.085513591766357,-64.5809097290039,0.0020428847055882,23.238,-0.078,0.352,0.0,0,0,1,,1.0,2026-03-18T17:47:54.895559,neutral,0.982,2026-03-18T17:47:54.895559,0.301431353977662,2026-03-18T17:47:54.058000,95,,,
participant_28,4,day,Town10HD_Opt,2026-03-18 17:47:55.440064,-7.442088603973389,-64.60493469238281,0.0020400618668645,23.287,-0.2,0.354,0.0,0,0,1,,1.0,2026-03-18T17:47:55.440064,neutral,0.982,2026-03-18T17:47:54.895559,0.2750966582295984,2026-03-18T17:47:55.082000,97,,,
participant_28,4,day,Town10HD_Opt,2026-03-18 17:47:56.469231,-10.155324935913086,-64.64630889892578,0.0020772933494299,22.782,-0.24,0.0,0.0,0,0,1,,1.0,2026-03-18T17:47:56.469231,neutral,0.982,2026-03-18T17:47:54.895559,0.2564047662397993,2026-03-18T17:47:56.218000,95,,,
participant_28,4,day,Town10HD_Opt,2026-03-18 17:47:57.458221,-12.607328414916992,-64.67310333251953,0.0022102736402302,19.19,-0.374,0.0,0.0,0,0,1,,1.0,2026-03-18T17:47:57.458221,neutral,0.995,2026-03-18T17:47:57.458221,0.2386494003464894,2026-03-18T17:47:57.433000,95,,,
participant_28,4,day,Town10HD_Opt,2026-03-18 17:47:58.485049,-14.65600299835205,-64.6860122680664,0.0019903944339603,16.182,-0.336,0.0,0.0,0,0,1,,1.0,2026-03-18T17:47:58.485049,neutral,0.995,2026-03-18T17:47:57.458221,0.2829462579729724,2026-03-18T17:47:57.433000,96,,,
participant_28,4,day,Town10HD_Opt,2026-03-18 17:47:59.479776,-16.383575439453125,-64.69090270996094,0.0020427322015166,13.362,-0.336,0.0,0.0,0,0,1,,1.0,2026-03-18T17:47:59.479776,neutral,0.985,2026-03-18T17:47:59.479776,0.2877214383704335,2026-03-18T17:47:59.233000,96,,,
participant_28,4,day,Town10HD_Opt,2026-03-18 17:48:00.503836,-17.8282527923584,-64.69070434570312,0.0020266722422093,11.174,-0.336,0.0,0.0,0,0,1,,1.0,2026-03-18T17:48:00.503836,neutral,0.985,2026-03-18T17:47:59.479776,0.2957624982484963,2026-03-18T17:47:59.997000,98,,,
participant_28,4,day,Town10HD_Opt,2026-03-18 17:48:01.545474,-19.03598022460937,-64.68831634521484,0.0020003127865493,9.851,0.399,0.886,0.0,0,0,1,,1.0,2026-03-18T17:48:01.545474,neutral,0.996,2026-03-18T17:48:01.545474,0.2894411287916829,2026-03-18T17:48:00.988000,91,,,
participant_28,4,day,Town10HD_Opt,2026-03-18 17:48:02.576813,-20.59034538269043,-64.6969985961914,0.001518859877251,18.008,0.623,0.932,0.0,0,0,1,,1.0,2026-03-18T17:48:02.576813,neutral,0.996,2026-03-18T17:48:01.545474,0.353683495955471,2026-03-18T17:48:01.978000,94,,,
participant_28,4,day,Town10HD_Opt,2026-03-18 17:48:03.629959,-23.13698005676269,-64.72708129882812,0.0016341400332748,27.223,0.653,1.0,0.0,0,0,1,,1.0,2026-03-18T17:48:03.629959,neutral,0.981,2026-03-18T17:48:03.629959,0.3147429316579854,2026-03-18T17:48:03.014000,95,,,
participant_28,4,day,Town10HD_Opt,2026-03-18 17:48:04.639448,-26.880136489868164,-64.81148529052734,0.0015116500435397,37.387,0.738,1.0,0.0,0,0,1,,1.0,2026-03-18T17:48:04.639448,neutral,0.981,2026-03-18T17:48:03.629959,0.264570684697021,2026-03-18T17:48:04.138000,94,,,
participant_28,4,day,Town10HD_Opt,2026-03-18 17:48:05.631255,-31.83261680603028,-64.99205780029297,0.0015473556704819,48.118,0.602,1.0,0.0,0,0,1,,1.0,2026-03-18T17:48:05.631255,neutral,0.994,2026-03-18T17:48:05.631255,0.3282418769217687,2026-03-18T17:48:05.128000,94,,,
participant_28,4,day,Town10HD_Opt,2026-03-18 17:48:06.630535,-37.7573356628418,-65.2963638305664,0.0019483566284179,50.831,0.033,0.0,0.0,0,0,1,,1.0,2026-03-18T17:48:06.630535,neutral,0.994,2026-03-18T17:48:05.631255,0.2031630086054958,2026-03-18T17:48:06.028000,98,,,
participant_28,4,day,Town10HD_Opt,2026-03-18 17:48:07.646552,-43.25992965698242,-65.67412567138672,0.0023560714907944,43.103,4.612,0.0,0.0,0,0,1,,1.0,2026-03-18T17:48:07.646552,neutral,0.998,2026-03-18T17:48:07.646552,0.3513993420912558,2026-03-18T17:48:06.975000,96,,,
participant_28,4,day,Town10HD_Opt,2026-03-18 17:48:08.636328,-47.88551330566406,-66.35681915283203,0.0023723221383988,36.833,-1.445,0.185,0.0,0,0,1,,1.0,2026-03-18T17:48:08.636328,neutral,0.998,2026-03-18T17:48:07.646552,0.3560715724711076,2026-03-18T17:48:07.963000,93,,,
participant_28,4,day,Town10HD_Opt,2026-03-18 17:48:09.645214,-52.00021362304688,-66.89598846435547,0.0020182800944894,36.612,-2.306,0.989,0.0,0,0,1,,1.0,2026-03-18T17:48:09.645214,neutral,0.998,2026-03-18T17:48:07.646552,0.4637279119118099,2026-03-18T17:48:09.088000,96,,,
participant_28,4,day,Town10HD_Opt,2026-03-18 17:48:10.624661,-56.76481628417969,-67.422607421875,0.0016211319016292,46.518,-0.604,1.0,0.0,0,0,1,,1.0,2026-03-18T17:48:10.624661,neutral,0.918,2026-03-18T17:48:10.624661,0.4829657193496363,2026-03-18T17:48:09.989000,94,,,
participant_28,4,day,Town10HD_Opt,2026-03-18 17:48:11.703525,-62.57622528076172,-67.96974182128906,0.0017984008882194,51.743,-4.244,0.0,0.174,0,0,1,,1.0,2026-03-18T17:48:11.703525,neutral,0.918,2026-03-18T17:48:10.624661,0.6322616710140115,2026-03-18T17:48:10.978000,97,Harsh braking,decel_mps2=4.9,
participant_28,4,day,Town10HD_Opt,2026-03-18 17:48:12.713388,-68.34628295898438,-68.0110855102539,0.0020307921804487,49.759,-4.11,0.972,0.0,0,0,1,,1.0,2026-03-18T17:48:12.713388,neutral,0.97,2026-03-18T17:48:12.713388,0.6373968724200956,2026-03-18T17:48:11.969000,97,,,
participant_28,4,day,Town10HD_Opt,2026-03-18 17:48:13.732382,-74.25222778320312,-67.34809112548828,0.0021692274603992,49.191,-7.323,0.949,0.0,0,0,1,,1.0,2026-03-18T17:48:13.732382,neutral,0.97,2026-03-18T17:48:12.713388,0.6268314792804579,2026-03-18T17:48:13.003000,97,,,
participant_28,4,day,Town10HD_Opt,2026-03-18 17:48:14.702956,-79.80158233642578,-65.68506622314453,0.0018576049478724,52.184,-3.773,0.0,0.218,0,0,1,,0.81,2026-03-18T17:48:14.702956,neutral,0.97,2026-03-18T17:48:12.713388,0.7167532627814841,2026-03-18T17:48:14.084000,95,,,
participant_28,4,day,Town10HD_Opt,2026-03-18 17:48:15.724433,-85.1785659790039,-63.29690933227539,0.0021809004247188,48.805,-4.256,0.889,0.0,0,0,1,,1.0,2026-03-18T17:48:15.724433,neutral,0.946,2026-03-18T17:48:15.724433,0.7344683800860484,2026-03-18T17:48:14.984000,93,,,
participant_28,4,day,Town10HD_Opt,2026-03-18 17:48:16.729687,-90.26730346679688,-60.33585739135742,0.0020597837865352,49.63,-4.2,0.866,0.0,0,0,1,,1.0,2026-03-18T17:48:16.729687,neutral,0.946,2026-03-18T17:48:15.724433,0.8180348877027762,2026-03-18T17:48:15.973000,96,,,
participant_28,4,day,Town10HD_Opt,2026-03-18 17:48:17.795654,-94.86151123046876,-56.90310287475586,0.0019765852484852,50.389,-4.24,0.534,0.0,0,0,1,,1.0,2026-03-18T17:48:17.795654,neutral,0.891,2026-03-18T17:48:17.795654,0.8244374468563479,2026-03-18T17:48:16.963000,95,,,
participant_28,4,day,Town10HD_Opt,2026-03-18 17:48:18.793453,-99.07915496826172,-52.91825485229492,0.0021458053961396,48.059,-4.11,0.0,0.0,0,0,1,,1.0,2026-03-18T17:48:18.793453,neutral,0.891,2026-03-18T17:48:17.795654,0.7375187765018276,2026-03-18T17:48:17.953000,97,,,
participant_28,4,day,Town10HD_Opt,2026-03-18 17:48:19.843195,-102.5078125,-48.867713928222656,0.0022960281930863,42.906,-3.848,0.421,0.0,0,0,1,,1.0,2026-03-18T17:48:19.843195,neutral,0.818,2026-03-18T17:48:19.843195,0.7817480541961198,2026-03-18T17:48:19.080000,98,,,
participant_28,4,day,Town10HD_Opt,2026-03-18 17:48:20.814706,-105.25655364990234,-44.80488586425781,0.0021280669607222,41.471,-5.326,0.387,0.0,0,0,1,,1.0,2026-03-18T17:48:20.814706,neutral,0.818,2026-03-18T17:48:19.843195,0.8027611748878328,2026-03-18T17:48:20.024000,99,,,
participant_28,4,day,Town10HD_Opt,2026-03-18 17:48:21.862797,-107.30377960205078,-40.62248611450195,0.0022755051031708,37.431,-10.058,0.0,0.0,0,0,1,,1.0,2026-03-18T17:48:21.862797,neutral,0.86,2026-03-18T17:48:21.862797,0.7519054843953731,2026-03-18T17:48:20.969000,97,,,
participant_28,4,day,Town10HD_Opt,2026-03-18 17:48:22.879923,-108.30380249023438,-36.75458908081055,0.0023344801738858,31.474,-6.068,0.0,0.0,0,0,1,,1.0,2026-03-18T17:48:22.879923,neutral,0.86,2026-03-18T17:48:21.862797,0.7905019530887643,2026-03-18T17:48:22.003000,94,,,
participant_28,4,day,Town10HD_Opt,2026-03-18 17:48:23.888686,-108.7476806640625,-33.419189453125,0.0022911452688276,26.458,-3.785,0.041,0.0,0,0,1,,1.0,2026-03-18T17:48:23.888686,neutral,0.661,2026-03-18T17:48:23.888686,0.7306803583360495,2026-03-18T17:48:23.004000,94,,,
participant_28,4,day,Town10HD_Opt,2026-03-18 17:48:24.886455,-108.9623031616211,-30.5544376373291,0.0021992111578583,23.209,-1.26,0.306,0.0,0,0,1,,1.0,2026-03-18T17:48:24.886455,neutral,0.661,2026-03-18T17:48:23.888686,0.7481154463836323,2026-03-18T17:48:23.983000,93,,,
participant_28,4,day,Town10HD_Opt,2026-03-18 17:48:25.901121,-109.10139465332033,-27.87288475036621,0.0020307539962232,23.517,-1.814,0.478,0.0,0,0,1,,1.0,2026-03-18T17:48:25.901121,neutral,0.727,2026-03-18T17:48:25.901121,0.7752246638984229,2026-03-18T17:48:25.965000,91,,,errors=Solid line crossing
participant_28,4,day,Town10HD_Opt,2026-03-18 17:48:26.946318,-109.18350982666016,-25.038026809692383,0.0019617462530732,25.173,-1.241,0.45,0.0,0,0,1,,1.0,2026-03-18T17:48:26.946318,neutral,0.727,2026-03-18T17:48:25.901121,0.8316336777861753,2026-03-18T17:48:26.998000,94,,,
participant_28,4,day,Town10HD_Opt,2026-03-18 17:48:27.481361,-109.20802307128906,-23.546031951904297,0.0019740676507353,25.842,-0.562,0.333,0.0,0,0,1,,1.0,2026-03-18T17:48:27.481361,neutral,0.727,2026-03-18T17:48:25.901121,0.7293075026441309,2026-03-18T17:48:26.998000,92,,,
participant_28,4,day,Town10HD_Opt,2026-03-18 17:48:28.525123,-109.2606201171875,-20.609663009643555,0.0021628951653838,23.282,1.149,0.0,0.0,0,0,1,,1.0,2026-03-18T17:48:28.525123,fear,0.435,2026-03-18T17:48:28.525123,0.7569279700229438,2026-03-18T17:48:28.259000,95,,,
participant_28,4,day,Town10HD_Opt,2026-03-18 17:48:29.541396,-109.34305572509766,-18.1127872467041,0.0022614288609474,19.083,-0.035,0.0,0.248,0,0,1,,1.0,2026-03-18T17:48:29.541396,fear,0.435,2026-03-18T17:48:28.525123,0.7528136245965172,2026-03-18T17:48:29.023000,95,,,
participant_28,4,day,Town10HD_Opt,2026-03-18 17:48:30.554480,-109.40422821044922,-16.16376304626465,0.0020934676285833,14.343,-0.284,0.0,0.535,0,0,1,,1.0,2026-03-18T17:48:30.554480,neutral,0.989,2026-03-18T17:48:30.554480,0.7318549100618186,2026-03-18T17:48:30.014000,93,,,errors=Harsh braking
participant_28,4,day,Town10HD_Opt,2026-03-18 17:48:31.564693,-109.4425048828125,-14.811421394348145,0.0021775816567242,8.933,-0.28,0.0,0.772,0,0,1,,1.0,2026-03-18T17:48:31.564693,neutral,0.989,2026-03-18T17:48:30.554480,0.6705949851553124,2026-03-18T17:48:31.048000,94,,,errors=Vehicle collision
participant_28,4,day,Town10HD_Opt,2026-03-18 17:48:32.575892,-109.44893646240234,-14.51313591003418,-0.0004953765892423,0.04,-0.28,0.0,0.976,0,0,1,,1.0,2026-03-18T17:48:32.575892,neutral,0.836,2026-03-18T17:48:32.575892,0.7904458917996079,2026-03-18T17:48:32.038000,93,,,
participant_28,4,day,Town10HD_Opt,2026-03-18 17:48:33.572200,-109.44866180419922,-14.513399124145508,0.0017199707217514,0.002,-0.167,0.0,0.037,0,0,1,,1.0,2026-03-18T17:48:33.572200,neutral,0.836,2026-03-18T17:48:32.575892,0.7304471957570761,2026-03-18T17:48:33.209000,90,,,
participant_28,4,day,Town10HD_Opt,2026-03-18 17:48:34.542435,-109.4486312866211,-14.513436317443848,0.00186450954061,0.0,-0.181,0.0,0.022,0,0,1,,1.0,2026-03-18T17:48:34.542435,neutral,0.836,2026-03-18T17:48:32.575892,0.7100056829993353,2026-03-18T17:48:33.983000,91,,,
participant_28,4,day,Town10HD_Opt,2026-03-18 17:48:35.530590,-109.44862365722656,-14.513436317443848,0.0018695830367505,0.0,-0.181,0.0,0.02,0,0,1,,1.0,2026-03-18T17:48:35.530590,angry,0.489,2026-03-18T17:48:35.530590,0.723930253982463,2026-03-18T17:48:35.055000,89,,,
participant_28,4,day,Town10HD_Opt,2026-03-18 17:48:36.526805,-109.4486083984375,-14.51344108581543,0.0018891524523496,0.0,-0.193,0.0,0.0,0,0,1,,1.0,2026-03-18T17:48:36.526805,angry,0.489,2026-03-18T17:48:35.530590,0.686037496347029,2026-03-18T17:48:36.134000,91,,,errors=Vehicle collision
participant_28,4,day,Town10HD_Opt,2026-03-18 17:48:37.495464,-109.44862365722656,-14.51369857788086,0.0019111251458525,0.012,0.334,0.0,0.0,0,0,1,,1.0,2026-03-18T17:48:37.495464,angry,0.489,2026-03-18T17:48:35.530590,0.7144511951023137,2026-03-18T17:48:36.134000,90,,,
participant_28,4,day,Town10HD_Opt,2026-03-18 17:48:38.460746,-109.44859313964844,-14.513434410095217,0.0019058608449995,0.0,0.822,0.0,0.0,0,0,1,,1.0,2026-03-18T17:48:38.460746,sad,0.605,2026-03-18T17:48:38.460746,0.7531467242130242,2026-03-18T17:48:36.134000,90,,,
participant_28,4,day,Town10HD_Opt,2026-03-18 17:48:39.460188,-109.44859313964844,-14.513436317443848,0.0019121170043945,0.0,0.313,0.0,0.0,0,0,1,,1.0,2026-03-18T17:48:39.460188,sad,0.605,2026-03-18T17:48:38.460746,0.7673821810432665,2026-03-18T17:48:36.134000,92,,,
participant_28,4,day,Town10HD_Opt,2026-03-18 17:48:40.514405,-109.44859313964844,-14.513442039489746,0.0019171523163095,0.0,0.933,0.0,0.0,0,0,1,,1.0,2026-03-18T17:48:40.514405,neutral,0.639,2026-03-18T17:48:40.514405,0.7678634103754096,2026-03-18T17:48:36.134000,91,,,
participant_28,4,day,Town10HD_Opt,2026-03-18 17:48:41.555996,-109.44860076904295,-14.513468742370604,0.0019190978491678,0.002,0.266,0.297,0.0,0,1,-1,,1.0,2026-03-18T17:48:41.555996,neutral,0.639,2026-03-18T17:48:40.514405,0.7658117666949807,2026-03-18T17:48:36.134000,88,,,
participant_28,4,day,Town10HD_Opt,2026-03-18 17:48:42.542293,-109.44676208496094,-14.57384967803955,0.002100562909618,3.15,0.313,0.892,0.0,0,1,-1,,1.0,2026-03-18T17:48:42.542293,sad,0.453,2026-03-18T17:48:42.542293,0.7652687934550849,2026-03-18T17:48:36.134000,87,,,
participant_28,4,day,Town10HD_Opt,2026-03-18 17:48:43.591621,-109.4235610961914,-15.303202629089355,0.0022037506569176,9.036,0.324,0.437,0.0,0,1,-1,,1.0,2026-03-18T17:48:43.591621,sad,0.453,2026-03-18T17:48:42.542293,0.7940846951530737,2026-03-18T17:48:36.134000,89,,,
participant_28,4,day,Town10HD_Opt,2026-03-18 17:48:44.620228,-109.39390563964844,-16.31529998779297,0.0017456435598433,3.721,-0.458,0.0,0.0,0,0,1,,1.0,2026-03-18T17:48:44.620228,neutral,0.652,2026-03-18T17:48:44.620228,0.7460750743169179,2026-03-18T17:48:36.134000,91,,,
participant_28,4,day,Town10HD_Opt,2026-03-18 17:48:45.646519,-109.38983154296876,-16.41895294189453,0.0016149901784956,1.961,-19.332,0.745,0.0,0,0,1,,1.0,2026-03-18T17:48:45.646519,neutral,0.652,2026-03-18T17:48:44.620228,0.7777895055488024,2026-03-18T17:48:36.134000,91,,,errors=Solid line crossing
participant_28,4,day,Town10HD_Opt,2026-03-18 17:48:46.660076,-109.2509765625,-15.788300514221191,0.0015703963581472,9.319,-29.317,0.76,0.0,0,0,1,,1.0,2026-03-18T17:48:46.660076,neutral,0.753,2026-03-18T17:48:46.660076,0.7691272016958561,2026-03-18T17:48:36.134000,89,,,
participant_28,4,day,Town10HD_Opt,2026-03-18 17:48:47.663479,-108.73445892333984,-14.357807159423828,0.001583824167028,16.681,-20.503,0.749,0.0,0,0,1,,1.0,2026-03-18T17:48:47.663479,neutral,0.753,2026-03-18T17:48:46.660076,0.7615427349417939,2026-03-18T17:48:36.134000,91,,,
participant_28,4,day,Town10HD_Opt,2026-03-18 17:48:48.738181,-108.06049346923828,-12.22265338897705,0.0018756865756586,21.922,15.884,0.763,0.0,0,0,1,,1.0,2026-03-18T17:48:48.738181,angry,0.713,2026-03-18T17:48:48.738181,0.7381842187282469,2026-03-18T17:48:36.134000,90,,,
participant_28,4,day,Town10HD_Opt,2026-03-18 17:48:49.810754,-107.7755355834961,-9.36121940612793,0.0017568205948919,28.227,5.073,0.68,0.0,0,0,1,,1.0,2026-03-18T17:48:49.810754,angry,0.713,2026-03-18T17:48:48.738181,0.7100508696779446,2026-03-18T17:48:36.134000,90,,,
participant_28,4,day,Town10HD_Opt,2026-03-18 17:48:50.846375,-107.6754150390625,-5.814822673797607,0.0017903136322274,32.907,3.047,0.664,0.0,0,0,1,,1.0,2026-03-18T17:48:50.846375,angry,0.417,2026-03-18T17:48:50.846375,0.8089187589219052,2026-03-18T17:48:36.134000,87,,,
participant_28,4,day,Town10HD_Opt,2026-03-18 17:48:51.924109,-107.76810455322266,-1.7370461225509644,0.001861419645138,36.66,1.05,0.574,0.0,0,0,1,,1.0,2026-03-18T17:48:51.924109,angry,0.417,2026-03-18T17:48:50.846375,0.7504031495777083,2026-03-18T17:48:36.134000,89,,,errors=Red light violation
participant_28,4,day,Town10HD_Opt,2026-03-18 17:48:52.488967,-107.86103057861328,0.4383885860443115,0.0019043731736019,37.846,0.364,0.493,0.0,0,0,1,,1.0,2026-03-18T17:48:52.488967,angry,0.417,2026-03-18T17:48:50.846375,0.7551663091877014,2026-03-18T17:48:36.134000,91,,,
participant_28,4,day,Town10HD_Opt,2026-03-18 17:48:53.567696,-107.99348449707033,4.918452262878418,0.0019929122645407,38.839,-6.573,0.462,0.0,0,0,1,,1.0,2026-03-18T17:48:53.567696,angry,0.812,2026-03-18T17:48:53.567696,0.8098694350216857,2026-03-18T17:48:36.134000,92,,,
participant_28,4,day,Town10HD_Opt,2026-03-18 17:48:54.630828,-107.58185577392578,9.433926582336426,0.0020352171268314,39.046,-7.033,0.453,0.0,0,0,1,,0.808,2026-03-18T17:48:54.630828,angry,0.812,2026-03-18T17:48:53.567696,0.7334857420196709,2026-03-18T17:48:36.134000,91,,,
participant_28,4,day,Town10HD_Opt,2026-03-18 17:48:55.650341,-106.48052215576172,13.862829208374023,0.0020388029515743,39.259,-5.86,0.452,0.0,0,0,1,,1.0,2026-03-18T17:48:55.650341,angry,0.59,2026-03-18T17:48:55.650341,0.769793196089863,2026-03-18T17:48:36.134000,91,,,
participant_28,4,day,Town10HD_Opt,2026-03-18 17:48:56.701959,-104.80220794677734,18.12914085388184,0.0020413971506059,39.406,-6.955,0.451,0.0,0,0,1,,0.814,2026-03-18T17:48:56.701959,angry,0.59,2026-03-18T17:48:55.650341,0.7486094318931485,2026-03-18T17:48:36.134000,93,,,
participant_28,4,day,Town10HD_Opt,2026-03-18 17:48:57.803262,-102.39044952392578,22.009014129638672,0.0020751571282744,39.092,-15.287,0.449,0.0,0,0,1,,1.0,2026-03-18T17:48:57.803262,neutral,0.578,2026-03-18T17:48:57.803262,0.7374867102217204,2026-03-18T17:48:36.134000,90,,,
participant_28,4,day,Town10HD_Opt,2026-03-18 17:48:58.859515,-99.04663848876952,25.07009506225586,0.0020745086949318,38.945,-11.641,0.448,0.0,0,0,1,,1.0,2026-03-18T17:48:58.859515,neutral,0.578,2026-03-18T17:48:57.803262,0.7645670521603417,2026-03-18T17:48:36.134000,91,,,
participant_28,4,day,Town10HD_Opt,2026-03-18 17:48:59.921960,-95.03995513916016,27.13766288757324,0.0020854568574577,38.639,-14.805,0.447,0.0,0,0,1,,1.0,2026-03-18T17:48:59.921960,angry,0.939,2026-03-18T17:48:59.921960,0.7087603614437089,2026-03-18T17:48:36.134000,92,,,
participant_28,4,day,Town10HD_Opt,2026-03-18 17:49:00.484902,-92.87059020996094,27.694250106811523,0.002105827210471,38.169,-13.472,0.0,0.0,0,0,1,,1.0,2026-03-18T17:49:00.484902,angry,0.939,2026-03-18T17:48:59.921960,0.8221390592818837,2026-03-18T17:48:36.134000,91,,,
participant_28,4,day,Town10HD_Opt,2026-03-18 17:49:01.542267,-88.72946166992188,28.01972198486328,0.0022990799043327,33.001,-3.328,0.0,0.0,0,0,1,,1.0,2026-03-18T17:49:01.542267,angry,0.939,2026-03-18T17:48:59.921960,0.7459675577543733,2026-03-18T17:48:36.134000,91,,,
participant_28,4,day,Town10HD_Opt,2026-03-18 17:49:02.633179,-85.20264434814453,27.99671173095703,0.0022977828048169,27.735,-0.291,0.0,0.0,0,0,1,,1.0,2026-03-18T17:49:02.633179,angry,0.669,2026-03-18T17:49:02.633179,0.7558080973354061,2026-03-18T17:48:36.134000,91,,,
participant_28,4,day,Town10HD_Opt,2026-03-18 17:49:03.698433,-82.25318908691406,27.95724105834961,0.0022696685045957,23.09,0.367,0.0,0.0,0,0,1,,1.0,2026-03-18T17:49:03.698433,angry,0.669,2026-03-18T17:49:02.633179,0.7544238457153791,2026-03-18T17:48:36.134000,92,,,
participant_28,4,day,Town10HD_Opt,2026-03-18 17:49:04.730525,-79.81352996826172,27.935834884643555,0.0022440718021243,18.979,0.334,0.0,0.0,0,0,1,,0.886,2026-03-18T17:49:04.730525,neutral,0.978,2026-03-18T17:49:04.730525,0.7626949862821689,2026-03-18T17:48:36.134000,88,,,
participant_28,4,day,Town10HD_Opt,2026-03-18 17:49:05.769732,-77.7842788696289,27.918983459472656,0.001999053871259,16.058,-0.287,0.0,0.0,0,0,1,,1.0,2026-03-18T17:49:05.769732,neutral,0.978,2026-03-18T17:49:04.730525,0.7862678985654192,2026-03-18T17:48:36.134000,91,,,
participant_28,4,day,Town10HD_Opt,2026-03-18 17:49:06.789254,-76.07015991210938,27.897891998291016,0.002042579697445,13.259,-0.322,0.0,0.0,0,0,1,,1.0,2026-03-18T17:49:06.789254,neutral,0.588,2026-03-18T17:49:06.789254,0.71062151981535,2026-03-18T17:48:36.134000,91,,,
participant_28,4,day,Town10HD_Opt,2026-03-18 17:49:07.779174,-74.633544921875,27.87608337402344,0.0020248412620276,11.123,-0.327,0.0,0.0,0,0,1,,1.0,2026-03-18T17:49:07.779174,neutral,0.588,2026-03-18T17:49:06.789254,0.7082163605410183,2026-03-18T17:48:36.134000,89,,,
participant_28,4,day,Town10HD_Opt,2026-03-18 17:49:08.817239,-73.42848205566406,27.85484504699707,0.0020083235576748,9.465,-0.327,0.0,0.0,0,0,1,,1.0,2026-03-18T17:49:08.817239,angry,0.828,2026-03-18T17:49:08.817239,0.8107128866348525,2026-03-18T17:48:36.134000,92,,,
participant_28,4,day,Town10HD_Opt,2026-03-18 17:49:09.809673,-72.4180679321289,27.83495140075684,0.0019940184429287,7.821,-0.327,0.0,0.0,0,0,1,,1.0,2026-03-18T17:49:09.809673,angry,0.828,2026-03-18T17:49:08.817239,0.6990469818322153,2026-03-18T17:48:36.134000,91,,,
participant_28,4,day,Town10HD_Opt,2026-03-18 17:49:10.854986,-71.57089233398438,27.81679344177246,0.0019820784218609,6.557,-0.327,0.0,0.0,0,0,1,,1.0,2026-03-18T17:49:10.854986,angry,0.452,2026-03-18T17:49:10.854986,0.6917662838626272,2026-03-18T17:48:36.134000,89,,,
participant_28,4,day,Town10HD_Opt,2026-03-18 17:49:11.833339,-70.86061096191406,27.80052757263184,0.0019717407412827,5.579,-0.327,0.0,0.0,0,0,1,,1.0,2026-03-18T17:49:11.833339,angry,0.452,2026-03-18T17:49:10.854986,0.7583558645960469,2026-03-18T17:49:11.100000,92,,,
participant_28,4,day,Town10HD_Opt,2026-03-18 17:49:12.865282,-70.26506805419922,27.786170959472656,0.0019632338080555,4.678,-0.317,0.0,0.0,0,0,1,,1.0,2026-03-18T17:49:12.865282,angry,0.576,2026-03-18T17:49:12.865282,0.7916010709210632,2026-03-18T17:49:12.178000,95,,,
participant_28,4,day,Town10HD_Opt,2026-03-18 17:49:13.851954,-69.76577758789062,27.77369880676269,0.0019561767112463,3.922,-0.298,0.0,0.0,0,0,1,,1.0,2026-03-18T17:49:13.851954,angry,0.576,2026-03-18T17:49:12.865282,0.7805547212472819,2026-03-18T17:49:12.991000,94,,,
participant_28,4,day,Town10HD_Opt,2026-03-18 17:49:14.830645,-69.3471908569336,27.762943267822266,0.0019502257928252,3.24,-0.289,0.0,0.0,0,0,1,,1.0,2026-03-18T17:49:14.830645,angry,0.576,2026-03-18T17:49:12.865282,0.7942192004639061,2026-03-18T17:49:13.980000,93,,,
participant_28,4,day,Town10HD_Opt,2026-03-18 17:49:15.805970,-68.99623107910156,27.753719329833984,0.0019451522966846,2.757,-0.289,0.0,0.0,0,0,1,,1.0,2026-03-18T17:49:15.805970,neutral,0.642,2026-03-18T17:49:15.805970,0.7031397548800815,2026-03-18T17:49:14.969000,92,,,
participant_28,4,day,Town10HD_Opt,2026-03-18 17:49:16.765971,-68.70198822021484,27.74582290649414,0.0019409561064094,2.311,-0.289,0.0,0.0,0,0,1,,1.0,2026-03-18T17:49:16.765971,neutral,0.642,2026-03-18T17:49:15.805970,0.7601700412478294,2026-03-18T17:49:15.964000,97,,,
participant_28,4,day,Town10HD_Opt,2026-03-18 17:49:17.714457,-68.45526885986328,27.73909568786621,0.0019374465337023,1.938,-0.289,0.0,0.0,0,0,1,,1.0,2026-03-18T17:49:17.714457,neutral,0.642,2026-03-18T17:49:15.805970,0.8291122103066778,2026-03-18T17:49:16.994000,95,,,
participant_28,4,day,Town10HD_Opt,2026-03-18 17:49:18.690909,-68.24844360351562,27.73336601257324,0.0019344710744917,1.601,-0.289,0.0,0.0,0,0,1,,1.0,2026-03-18T17:49:18.690909,angry,0.932,2026-03-18T17:49:18.690909,0.7646669696904962,2026-03-18T17:49:17.984000,90,,,
participant_28,4,day,Town10HD_Opt,2026-03-18 17:49:19.672241,-68.07503509521484,27.72851181030273,0.0019319915445521,1.362,-0.289,0.0,0.0,0,0,1,,1.0,2026-03-18T17:49:19.672241,angry,0.932,2026-03-18T17:49:18.690909,0.6584358077729853,2026-03-18T17:49:19.064000,89,,,
participant_28,4,day,Town10HD_Opt,2026-03-18 17:49:20.613469,-67.92964172363281,27.72439956665039,0.0019299315754324,1.142,-0.289,0.0,0.0,0,0,1,,1.0,2026-03-18T17:49:20.613469,angry,0.932,2026-03-18T17:49:18.690909,0.7324634106555908,2026-03-18T17:49:20.054000,92,,,
participant_28,4,day,Town10HD_Opt,2026-03-18 17:49:21.605594,-67.80769348144531,27.720924377441406,0.0019280624110251,0.958,-0.289,0.0,0.0,0,0,1,,1.0,2026-03-18T17:49:21.605594,neutral,0.621,2026-03-18T17:49:21.605594,0.8085243798653557,2026-03-18T17:49:21,92,,,
participant_28,4,day,Town10HD_Opt,2026-03-18 17:49:22.583106,-67.70541381835938,27.71799087524414,0.0019266890594735,0.804,-0.284,0.0,0.0,0,0,1,,1.0,2026-03-18T17:49:22.583106,neutral,0.621,2026-03-18T17:49:21.605594,0.7897090369305666,2026-03-18T17:49:22.259000,88,,,
participant_28,4,day,Town10HD_Opt,2026-03-18 17:49:23.604296,-67.61962127685547,27.715518951416016,0.0019254302605986,0.674,-0.207,0.0,0.0,0,0,1,,1.0,2026-03-18T17:49:23.604296,neutral,0.621,2026-03-18T17:49:21.605594,0.7726498288591432,2026-03-18T17:49:23.070000,94,,,
participant_28,4,day,Town10HD_Opt,2026-03-18 17:49:24.629872,-67.54769134521484,27.71352195739746,0.0019244384020566,0.557,0.237,0.0,0.0,0,0,1,,1.0,2026-03-18T17:49:24.629872,neutral,0.622,2026-03-18T17:49:24.629872,0.8465503527574352,2026-03-18T17:49:23.969000,93,,,
participant_28,4,day,Town10HD_Opt,2026-03-18 17:49:25.604795,-67.48737335205078,27.71212577819824,0.0019235991640016,0.467,0.672,0.0,0.0,0,0,1,,1.0,2026-03-18T17:49:25.604795,neutral,0.622,2026-03-18T17:49:24.629872,0.8123139684655747,2026-03-18T17:49:25.049000,96,,,
participant_28,4,day,Town10HD_Opt,2026-03-18 17:49:26.624584,-67.43804168701172,27.71111297607422,0.001929817139171,0.671,0.745,0.584,0.0,0,0,1,,0.837,2026-03-18T17:49:26.624584,neutral,0.622,2026-03-18T17:49:24.629872,0.7409164792965686,2026-03-18T17:49:25.994000,88,,,
participant_28,4,day,Town10HD_Opt,2026-03-18 17:49:27.684822,-66.9989242553711,27.70276260375977,0.0014974975492805,9.627,0.846,1.0,0.0,0,0,1,,1.0,2026-03-18T17:49:27.684822,angry,0.991,2026-03-18T17:49:27.684822,0.8036993344077972,2026-03-18T17:49:26.984000,91,,,
participant_28,4,day,Town10HD_Opt,2026-03-18 17:49:28.760154,-65.35797882080078,27.67895698547364,0.001583824167028,18.771,0.731,0.878,0.0,0,0,1,,1.0,2026-03-18T17:49:28.760154,angry,0.991,2026-03-18T17:49:27.684822,0.8216890617586459,2026-03-18T17:49:27.974000,91,,,
participant_28,4,day,Town10HD_Opt,2026-03-18 17:49:29.947083,-62.81221008300781,27.65732192993164,0.0016939544584602,26.163,0.625,0.847,0.0,0,0,1,,1.0,2026-03-18T17:49:29.947083,angry,0.996,2026-03-18T17:49:29.947083,0.8329641771019399,2026-03-18T17:49:29.999000,92,,,
participant_28,4,day,Town10HD_Opt,2026-03-18 17:49:30.528258,-61.20237731933594,27.653995513916016,0.0016487502725794,30.309,0.686,0.846,0.0,0,0,1,,1.0,2026-03-18T17:49:30.528258,angry,0.996,2026-03-18T17:49:29.947083,0.8287756309019773,2026-03-18T17:49:29.999000,91,,,
participant_28,4,day,Town10HD_Opt,2026-03-18 17:49:31.569456,-57.25286865234375,27.67789649963379,0.0016450118273496,38.431,0.515,1.0,0.0,0,0,1,,1.0,2026-03-18T17:49:31.569456,angry,0.996,2026-03-18T17:49:29.947083,0.75842188699801,2026-03-18T17:49:31.034000,93,,,
participant_28,4,day,Town10HD_Opt,2026-03-18 17:49:32.565840,-52.31488037109375,27.757225036621094,0.0015829467447474,46.973,0.345,1.0,0.0,0,0,1,,1.0,2026-03-18T17:49:32.565840,neutral,0.499,2026-03-18T17:49:32.565840,0.7963555441286563,2026-03-18T17:49:32.069000,95,,,
participant_28,4,day,Town10HD_Opt,2026-03-18 17:49:33.566324,-46.37425994873047,27.906328201293945,0.0018811034969985,51.144,0.261,0.0,0.168,0,0,1,,0.865,2026-03-18T17:49:33.566324,neutral,0.499,2026-03-18T17:49:32.565840,0.7525197541628809,2026-03-18T17:49:32.970000,93,,,
participant_28,4,day,Town10HD_Opt,2026-03-18 17:49:34.616144,-40.6382064819336,28.047821044921875,0.0020559690892696,49.724,-0.999,0.862,0.0,0,0,1,,1.0,2026-03-18T17:49:34.616144,angry,1.0,2026-03-18T17:49:34.616144,0.789604568245267,2026-03-18T17:49:34.049000,94,,,
participant_28,4,day,Town10HD_Opt,2026-03-18 17:49:35.662162,-34.73781204223633,28.07004165649414,0.0021406935993582,48.767,-0.585,0.81,0.0,0,0,1,,1.0,2026-03-18T17:49:35.662162,angry,1.0,2026-03-18T17:49:34.616144,0.8123227367836428,2026-03-18T17:49:34.995000,93,,,
participant_28,4,day,Town10HD_Opt,2026-03-18 17:49:36.729998,-28.972625732421875,27.989505767822266,0.0019072722643613,51.28,-0.439,0.0,0.128,0,0,1,,1.0,2026-03-18T17:49:36.729998,angry,0.996,2026-03-18T17:49:36.729998,0.798129987853523,2026-03-18T17:49:36.164000,95,,,
participant_28,4,day,Town10HD_Opt,2026-03-18 17:49:37.758826,-23.14889335632324,27.8498477935791,0.0021685408428311,48.412,-0.021,0.782,0.0,0,0,1,,1.0,2026-03-18T17:49:37.758826,angry,0.996,2026-03-18T17:49:36.729998,0.8086185533858936,2026-03-18T17:49:36.976000,93,,,
participant_28,4,day,Town10HD_Opt,2026-03-18 17:49:38.821228,-17.315229415893555,27.69706153869629,0.0019810104276984,50.121,0.094,0.0,0.0,0,0,1,,1.0,2026-03-18T17:49:38.821228,angry,0.88,2026-03-18T17:49:38.821228,0.8444195687246154,2026-03-18T17:49:38.012000,95,,,
participant_28,4,day,Town10HD_Opt,2026-03-18 17:49:39.824396,-11.575992584228516,27.58224296569824,0.0026332091074436,49.944,0.733,0.776,0.0,0,0,1,,1.0,2026-03-18T17:49:39.824396,angry,0.88,2026-03-18T17:49:38.821228,0.7563011728730933,2026-03-18T17:49:39.077000,94,,,
participant_28,4,day,Town10HD_Opt,2026-03-18 17:49:40.866673,-5.707626819610596,27.57280540466309,0.0021456526592373,48.531,0.522,0.561,0.0,0,0,1,,1.0,2026-03-18T17:49:40.866673,angry,0.919,2026-03-18T17:49:40.866673,0.716864418436858,2026-03-18T17:49:40.124000,91,,,
participant_28,4,day,Town10HD_Opt,2026-03-18 17:49:41.441339,-2.881365299224853,27.6015625,0.0020999144762754,48.492,-0.153,0.542,0.0,0,0,1,,1.0,2026-03-18T17:49:41.441339,angry,0.919,2026-03-18T17:49:40.866673,0.8537959123088745,2026-03-18T17:49:41.120000,92,,,
participant_28,4,day,Town10HD_Opt,2026-03-18 17:49:42.498023,2.811551332473755,27.654266357421875,0.0020156097598373,49.199,-3.186,0.531,0.0,0,0,1,,1.0,2026-03-18T17:49:42.498023,angry,0.919,2026-03-18T17:49:40.866673,0.7782085706861704,2026-03-18T17:49:41.969000,91,,,
participant_28,4,day,Town10HD_Opt,2026-03-18 17:49:43.520992,8.574812889099121,27.43061637878418,0.0020149610936641,49.715,-3.443,0.519,0.0,0,0,1,,1.0,2026-03-18T17:49:43.520992,angry,0.991,2026-03-18T17:49:43.520992,0.821444213219212,2026-03-18T17:49:42.959000,93,,,
participant_28,4,day,Town10HD_Opt,2026-03-18 17:49:44.533572,14.358019828796388,26.8355712890625,0.0020580291748046,49.547,2.421,0.348,0.0,0,0,1,,1.0,2026-03-18T17:49:44.533572,angry,0.991,2026-03-18T17:49:43.520992,0.8005572488645977,2026-03-18T17:49:44.174000,94,,,
participant_28,4,day,Town10HD_Opt,2026-03-18 17:49:45.536986,19.98646354675293,26.52541732788086,0.0021516035776585,46.955,5.099,0.355,0.0,0,0,1,,1.0,2026-03-18T17:49:45.536986,angry,0.538,2026-03-18T17:49:45.536986,0.7134162801588869,2026-03-18T17:49:45.029000,96,,,
participant_28,4,day,Town10HD_Opt,2026-03-18 17:49:46.522919,25.345502853393555,26.90239906311035,0.0021221542265266,45.379,5.125,0.477,0.0,0,0,1,,1.0,2026-03-18T17:49:46.522919,angry,0.538,2026-03-18T17:49:45.536986,0.7810694351816694,2026-03-18T17:49:46.065000,93,,,
participant_28,4,day,Town10HD_Opt,2026-03-18 17:49:47.569287,30.494903564453125,28.024789810180664,0.0022157286293804,44.986,10.891,0.474,0.0,0,0,1,,1.0,2026-03-18T17:49:47.569287,angry,0.986,2026-03-18T17:49:47.569287,0.7029922386093701,2026-03-18T17:49:47.324000,93,,,
participant_28,4,day,Town10HD_Opt,2026-03-18 17:49:48.618737,35.12033462524414,30.33627319335937,0.0021032714284956,43.854,20.442,0.466,0.0,0,0,1,,1.0,2026-03-18T17:49:48.618737,angry,0.986,2026-03-18T17:49:47.569287,0.7780945647169001,2026-03-18T17:49:47.999000,92,,,
participant_28,4,day,Town10HD_Opt,2026-03-18 17:49:49.662653,38.264591217041016,34.12662887573242,0.0022062682546675,41.301,15.795,0.107,0.0,0,0,1,,1.0,2026-03-18T17:49:49.662653,angry,0.652,2026-03-18T17:49:49.662653,0.7720428493490697,2026-03-18T17:49:49.034000,92,,,
participant_28,4,day,Town10HD_Opt,2026-03-18 17:49:50.685045,39.659610748291016,38.3983039855957,0.0023352813441306,35.324,4.938,0.0,0.0,0,0,1,,1.0,2026-03-18T17:49:50.685045,angry,0.652,2026-03-18T17:49:49.662653,0.7659791812379297,2026-03-18T17:49:50.114000,91,,,
participant_28,4,day,Town10HD_Opt,2026-03-18 17:49:51.760790,40.26545715332031,42.15949249267578,0.0023511885665357,29.641,4.244,0.0,0.171,0,0,1,,1.0,2026-03-18T17:49:51.760790,angry,0.481,2026-03-18T17:49:51.760790,0.748707122075269,2026-03-18T17:49:51.015000,96,,,
participant_28,4,day,Town10HD_Opt,2026-03-18 17:49:52.861207,40.50265884399414,45.27641677856445,0.0022980880457907,24.408,4.674,0.0,0.0,0,0,1,,1.0,2026-03-18T17:49:52.861207,angry,0.481,2026-03-18T17:49:51.760790,0.8175615242722032,2026-03-18T17:49:51.958000,94,,,
participant_28,4,day,Town10HD_Opt,2026-03-18 17:49:53.898157,40.541282653808594,47.84917831420898,0.0022733688820153,19.82,-0.83,0.0,0.185,0,0,1,,1.0,2026-03-18T17:49:53.898157,neutral,0.932,2026-03-18T17:49:53.898157,0.8448056907938523,2026-03-18T17:49:53.984000,95,,,
participant_29,1,day,Town10HD_Opt,2026-03-19 10:00:00.000000,-41.66858673095703,89.7454833984375,0.580491840839386,18.061,1.347,0.33,0.0,0,0,1,,1.0,2026-03-19T10:00:00,,,2026-03-19T10:00:00,0.4824516937105694,2026-03-19T10:00:00,58,,,
participant_29,1,day,Town10HD_Opt,2026-03-19 10:00:04.558905,-41.67424392700195,84.54381561279297,0.0020318983588367,18.164,1.485,0.328,0.0,0,0,1,,1.0,2026-03-19T10:00:04.558905,,,2026-03-19T10:00:04.558905,0.4340842447801955,2026-03-19T10:00:04.906000,58,,,
participant_29,1,day,Town10HD_Opt,2026-03-19 10:00:05.243097,-41.59819412231445,82.42355346679688,0.0020382308866828,18.129,6.092,0.322,0.0,0,0,1,,0.905,2026-03-19T10:00:05.243097,,,2026-03-19T10:00:04.558905,0.3992833752204008,2026-03-19T10:00:05.940000,57,,,
participant_29,1,day,Town10HD_Opt,2026-03-19 10:00:06.261529,-41.12717056274414,79.27774047851562,0.0020481871906667,18.253,10.262,0.378,0.0,0,0,1,,0.806,2026-03-19T10:00:06.261529,,,2026-03-19T10:00:04.558905,0.4068139697495468,2026-03-19T10:00:06.885000,59,,,
participant_29,1,day,Town10HD_Opt,2026-03-19 10:00:07.274020,-40.06240081787109,76.0338363647461,0.001919784466736,21.826,13.758,0.589,0.0,0,0,1,,0.862,2026-03-19T10:00:07.274020,neutral,0.568,2026-03-19T10:00:07.274020,0.3470339862743684,2026-03-19T10:00:07.875000,59,,,
participant_29,1,day,Town10HD_Opt,2026-03-19 10:00:08.264240,-37.72772979736328,72.48946380615234,0.0018827819731086,27.56,17.761,0.601,0.0,0,0,1,,0.813,2026-03-19T10:00:08.264240,neutral,0.568,2026-03-19T10:00:07.274020,0.3874974165895846,2026-03-19T10:00:08.910000,60,,,
participant_29,1,day,Town10HD_Opt,2026-03-19 10:00:09.006030,-35.10403060913086,70.4043960571289,0.0019501495407894,30.134,18.913,0.407,0.0,0,0,1,,0.867,2026-03-19T10:00:09.006030,neutral,0.568,2026-03-19T10:00:07.274020,0.4375628728760207,2026-03-19T10:00:09.900000,63,,,
participant_29,1,day,Town10HD_Opt,2026-03-19 10:00:10.045041,-30.11714553833008,68.93359375,0.002110977191478,29.617,18.232,0.289,0.0,0,0,1,,0.843,2026-03-19T10:00:10.045041,neutral,0.851,2026-03-19T10:00:10.045041,0.376924812609225,2026-03-19T10:00:10.890000,65,,,errors=Solid line crossing
participant_29,1,day,Town10HD_Opt,2026-03-19 10:00:11.022912,-25.30379676818848,69.34512329101562,0.002250442514196,23.898,-1.478,0.009,0.0,0,0,1,,1.0,2026-03-19T10:00:11.022912,neutral,0.851,2026-03-19T10:00:10.045041,0.3782155806017386,2026-03-19T10:00:11.879000,66,,,
participant_29,1,day,Town10HD_Opt,2026-03-19 10:00:12.001726,-21.439945220947266,69.70887756347656,0.0020806503016501,21.698,-2.153,0.629,0.0,0,0,1,,0.846,2026-03-19T10:00:12.001726,neutral,0.851,2026-03-19T10:00:10.045041,0.431127847637085,2026-03-19T10:00:12.915000,69,,,
participant_29,1,day,Town10HD_Opt,2026-03-19 10:00:12.991999,-17.216880798339844,69.97764587402344,0.0018712615128606,27.109,-0.938,0.45,0.0,0,0,1,,1.0,2026-03-19T10:00:12.991999,neutral,0.81,2026-03-19T10:00:12.991999,0.3970589675757972,2026-03-19T10:00:13.905000,70,,,
participant_29,1,day,Town10HD_Opt,2026-03-19 10:00:14.277511,-10.65742015838623,70.26445770263672,0.0020272063557058,28.549,-0.989,0.379,0.0,0,0,1,,1.0,2026-03-19T10:00:14.277511,neutral,0.81,2026-03-19T10:00:12.991999,0.3773700398471422,2026-03-19T10:00:14.896000,74,,,
participant_29,1,day,Town10HD_Opt,2026-03-19 10:00:15.014218,-7.334630966186523,70.32238006591797,0.0020669174846261,28.058,-2.028,0.274,0.0,0,0,1,,1.0,2026-03-19T10:00:15.014218,neutral,0.816,2026-03-19T10:00:15.014218,0.4008053091061113,2026-03-19T10:00:15.885000,71,,,
participant_29,1,day,Town10HD_Opt,2026-03-19 10:00:16.266601,-1.0705363750457764,70.16181945800781,0.0021086882334202,25.4,-0.254,0.264,0.0,0,0,1,,1.0,2026-03-19T10:00:16.266601,neutral,0.816,2026-03-19T10:00:15.014218,0.3978957224219966,2026-03-19T10:00:16.874000,72,,,
participant_29,1,day,Town10HD_Opt,2026-03-19 10:00:17.213173,3.2295684814453125,70.0062255859375,0.0021022413857281,23.582,0.879,0.264,0.0,0,0,1,,1.0,2026-03-19T10:00:17.213173,neutral,0.828,2026-03-19T10:00:17.213173,0.4837248657794266,2026-03-19T10:00:17.909000,75,,,
participant_29,1,day,Town10HD_Opt,2026-03-19 10:00:18.203598,7.197510242462158,69.92394256591797,0.002118949778378,21.367,0.759,0.181,0.0,0,0,1,,1.0,2026-03-19T10:00:18.203598,neutral,0.828,2026-03-19T10:00:17.213173,0.4172448236695148,2026-03-19T10:00:18.900000,74,,,
participant_29,1,day,Town10HD_Opt,2026-03-19 10:00:19.127294,10.719893455505373,69.89947509765625,0.0021436309907585,18.409,0.261,0.132,0.0,0,0,1,,1.0,2026-03-19T10:00:19.127294,neutral,0.828,2026-03-19T10:00:17.213173,0.3878404348587682,2026-03-19T10:00:19.890000,73,,,
participant_29,1,day,Town10HD_Opt,2026-03-19 10:00:20.048201,13.823992729187012,69.89639282226562,0.0019501113565638,16.781,0.256,0.164,0.0,0,0,1,,1.0,2026-03-19T10:00:20.048201,neutral,0.866,2026-03-19T10:00:20.048201,0.3899389035374359,2026-03-19T10:00:20.880000,74,,,
participant_29,1,day,Town10HD_Opt,2026-03-19 10:00:21.011798,16.685253143310547,69.90513610839844,0.0019451903644949,15.973,0.242,0.18,0.0,0,0,1,,0.839,2026-03-19T10:00:21.011798,neutral,0.866,2026-03-19T10:00:20.048201,0.3917172047392724,2026-03-19T10:00:21.915000,73,,,
participant_29,1,day,Town10HD_Opt,2026-03-19 10:00:22.225749,20.27454376220703,69.93077850341797,0.0019449996761977,14.806,0.202,0.178,0.0,0,0,1,,1.0,2026-03-19T10:00:22.225749,neutral,0.835,2026-03-19T10:00:22.225749,0.3057170211561554,2026-03-19T10:00:22.905000,70,,,
participant_29,1,day,Town10HD_Opt,2026-03-19 10:00:23.156886,22.762834548950195,69.95452117919922,0.0020042418036609,12.788,-0.033,0.0,0.04,0,0,1,,0.831,2026-03-19T10:00:23.156886,neutral,0.835,2026-03-19T10:00:22.225749,0.3771652785118644,2026-03-19T10:00:23.895000,67,,,
participant_29,1,day,Town10HD_Opt,2026-03-19 10:00:24.050314,24.5700798034668,69.97032928466797,0.0020921707618981,7.368,-0.033,0.0,0.36,0,0,1,,0.83,2026-03-19T10:00:24.050314,neutral,0.835,2026-03-19T10:00:22.225749,0.4051083504780997,2026-03-19T10:00:24.885000,68,,,
participant_29,1,day,Town10HD_Opt,2026-03-19 10:00:25.228593,25.092342376708984,69.97525787353516,0.0019745253957808,0.139,-0.033,0.323,0.0,0,0,1,,0.839,2026-03-19T10:00:25.228593,neutral,0.807,2026-03-19T10:00:25.228593,0.3939874495034958,2026-03-19T10:00:25.875000,68,,,
participant_29,1,day,Town10HD_Opt,2026-03-19 10:00:26.190139,25.41148376464844,69.97767639160156,0.0017596435500308,4.466,-0.033,0.219,0.0,0,0,1,,0.911,2026-03-19T10:00:26.190139,neutral,0.807,2026-03-19T10:00:25.228593,0.3718566105516528,2026-03-19T10:00:26.910000,68,,,
participant_29,1,day,Town10HD_Opt,2026-03-19 10:00:27.127782,26.16775131225586,69.98311614990234,0.002263679401949,0.0,-0.033,0.0,0.248,0,0,1,,0.884,2026-03-19T10:00:27.127782,neutral,0.807,2026-03-19T10:00:25.228593,0.4156846941740589,2026-03-19T10:00:27.900000,67,,,
participant_29,1,day,Town10HD_Opt,2026-03-19 10:00:28.040446,26.16758155822754,69.98308563232422,0.0019345473265275,0.149,-0.033,0.321,0.0,0,0,1,,0.918,2026-03-19T10:00:28.040446,neutral,0.776,2026-03-19T10:00:28.040446,0.4127121700400577,2026-03-19T10:00:28.889000,64,,,
participant_29,1,day,Town10HD_Opt,2026-03-19 10:00:29.010184,26.79050064086914,69.97843933105469,0.001579895033501,8.767,-2.795,0.675,0.0,0,0,1,,0.858,2026-03-19T10:00:29.010184,neutral,0.776,2026-03-19T10:00:28.040446,0.4354960891109961,2026-03-19T10:00:29.881000,65,,,errors=Stop sign violation
participant_29,1,day,Town10HD_Opt,2026-03-19 10:00:30.265878,29.99059295654297,69.66336822509766,0.0018096159910783,16.695,-10.062,0.222,0.0,0,0,1,,1.0,2026-03-19T10:00:30.265878,neutral,0.754,2026-03-19T10:00:30.265878,0.4867501540868341,2026-03-19T10:00:30.916000,62,,,
participant_29,1,day,Town10HD_Opt,2026-03-19 10:00:31.253761,32.820411682128906,68.90290832519531,0.0018873214721679,17.458,-10.221,0.429,0.0,0,0,1,,1.0,2026-03-19T10:00:31.253761,neutral,0.754,2026-03-19T10:00:30.265878,0.4465662051982574,2026-03-19T10:00:31.905000,67,,,
participant_29,1,day,Town10HD_Opt,2026-03-19 10:00:32.203887,35.80215072631836,67.56820678710938,0.001956405583769,20.28,-10.538,0.547,0.0,0,0,1,,1.0,2026-03-19T10:00:32.203887,neutral,0.754,2026-03-19T10:00:30.265878,0.4657207691990337,2026-03-19T10:00:32.895000,62,,,
participant_29,1,day,Town10HD_Opt,2026-03-19 10:00:33.171062,39.1126594543457,65.35073852539062,0.001913413987495,25.339,-10.468,0.51,0.0,0,0,1,,0.829,2026-03-19T10:00:33.171062,neutral,0.801,2026-03-19T10:00:33.171062,0.5688049389263207,2026-03-19T10:00:33.885000,65,,,
participant_29,1,day,Town10HD_Opt,2026-03-19 10:00:34.128235,42.21331024169922,62.01530456542969,0.0023126984015107,26.383,-14.418,0.22,0.0,0,0,1,,0.883,2026-03-19T10:00:34.128235,neutral,0.801,2026-03-19T10:00:33.171062,0.5121347574320572,2026-03-19T10:00:34.875000,65,,,
participant_29,1,day,Town10HD_Opt,2026-03-19 10:00:35.081512,44.05754470825195,58.09398651123047,0.0021573256235569,23.253,-13.953,0.183,0.0,0,0,1,,1.0,2026-03-19T10:00:35.081512,neutral,0.801,2026-03-19T10:00:33.171062,0.5042809649034385,2026-03-19T10:00:35.910000,67,,,
participant_29,1,day,Town10HD_Opt,2026-03-19 10:00:36.068350,44.62420272827149,54.33541488647461,0.0021560287568718,20.201,-10.437,0.183,0.0,0,0,1,,1.0,2026-03-19T10:00:36.068350,fear,0.434,2026-03-19T10:00:36.068350,0.5047368670678879,2026-03-19T10:00:36.900000,67,,,
participant_29,1,day,Town10HD_Opt,2026-03-19 10:00:37.022437,44.657020568847656,51.00979995727539,0.0020997237879782,18.177,-1.782,0.278,0.0,0,0,1,,0.92,2026-03-19T10:00:37.022437,fear,0.434,2026-03-19T10:00:36.068350,0.5379706997020633,2026-03-19T10:00:37.889000,68,,,
participant_29,1,day,Town10HD_Opt,2026-03-19 10:00:38.276173,44.5261116027832,46.77924346923828,0.0020597837865352,18.027,-0.9,0.325,0.0,0,0,1,,0.922,2026-03-19T10:00:38.276173,neutral,0.788,2026-03-19T10:00:38.276173,0.552478276336803,2026-03-19T10:00:38.880000,65,,,
participant_29,1,day,Town10HD_Opt,2026-03-19 10:00:39.274837,44.36949920654297,43.62722396850586,0.0020422744564712,18.063,0.559,0.313,0.0,0,0,1,,0.93,2026-03-19T10:00:39.274837,neutral,0.788,2026-03-19T10:00:38.276173,0.5712631983768368,2026-03-19T10:00:39.915000,62,,,
participant_29,1,day,Town10HD_Opt,2026-03-19 10:00:40.224875,44.4390869140625,40.45109939575195,0.0020614243112504,18.238,7.758,0.288,0.0,0,0,1,,0.91,2026-03-19T10:00:40.224875,neutral,0.788,2026-03-19T10:00:38.276173,0.5618664529530035,2026-03-19T10:00:40.905000,65,,,
participant_29,1,day,Town10HD_Opt,2026-03-19 10:00:41.238595,44.8867073059082,37.28530883789063,0.0020155333913862,18.836,6.594,0.424,0.0,0,0,1,,0.893,2026-03-19T10:00:41.238595,neutral,0.734,2026-03-19T10:00:41.238595,0.5220974106202793,2026-03-19T10:00:41.898000,66,,,
participant_29,1,day,Town10HD_Opt,2026-03-19 10:00:42.206142,45.81046295166016,33.95097732543945,0.0019716643728315,21.27,14.501,0.562,0.0,0,0,1,,0.917,2026-03-19T10:00:42.206142,neutral,0.734,2026-03-19T10:00:41.238595,0.5951596218711014,2026-03-19T10:00:42.887000,65,,,
participant_29,1,day,Town10HD_Opt,2026-03-19 10:00:43.174568,47.89704895019531,30.457433700561523,0.0019146727863699,25.72,15.842,0.544,0.0,0,0,1,,1.0,2026-03-19T10:00:43.174568,neutral,0.734,2026-03-19T10:00:41.238595,0.5858402420555355,2026-03-19T10:00:43.876000,64,,,
participant_29,1,day,Town10HD_Opt,2026-03-19 10:00:44.125586,51.58138656616211,27.357046127319336,0.0019584654364734,29.573,15.558,0.494,0.0,0,0,1,,0.863,2026-03-19T10:00:44.125586,neutral,0.829,2026-03-19T10:00:44.125586,0.5079805140460854,2026-03-19T10:00:44.911000,66,,,
participant_29,1,day,Town10HD_Opt,2026-03-19 10:00:45.191563,56.54424285888672,25.64546585083008,0.0020869064610451,29.917,13.636,0.295,0.0,0,0,1,,0.89,2026-03-19T10:00:45.191563,neutral,0.829,2026-03-19T10:00:44.125586,0.5239576960545651,2026-03-19T10:00:45.900000,62,,,
participant_29,1,day,Town10HD_Opt,2026-03-19 10:00:46.183469,61.63201522827149,25.45411491394043,0.0021049880888313,28.185,1.182,0.186,0.0,0,0,1,,0.914,2026-03-19T10:00:46.183469,neutral,0.77,2026-03-19T10:00:46.183469,0.5504355181506617,2026-03-19T10:00:46.891000,65,,,
participant_29,1,day,Town10HD_Opt,2026-03-19 10:00:47.086892,66.18589782714844,25.48737335205078,0.0022415923886001,22.659,-2.405,0.0,0.0,0,0,1,,0.895,2026-03-19T10:00:47.086892,neutral,0.77,2026-03-19T10:00:46.183469,0.5564509120476495,2026-03-19T10:00:47.880000,65,,,
participant_29,1,day,Town10HD_Opt,2026-03-19 10:00:48.018115,69.67582702636719,25.36924934387207,0.0019789503421634,17.445,0.451,0.0,0.0,0,0,1,,0.888,2026-03-19T10:00:48.018115,neutral,0.77,2026-03-19T10:00:46.183469,0.4632390015522606,2026-03-19T10:00:48.916000,63,,,
participant_29,1,day,Town10HD_Opt,2026-03-19 10:00:49.201403,73.11425018310547,25.282133102416992,0.0020344161894172,12.144,0.987,0.0,0.0,0,0,1,,1.0,2026-03-19T10:00:49.201403,neutral,0.778,2026-03-19T10:00:49.201403,0.5264625737767517,2026-03-19T10:00:49.995000,64,,,
participant_29,1,day,Town10HD_Opt,2026-03-19 10:00:50.119563,75.00611877441406,25.263940811157227,0.0020085906144231,9.326,1.274,0.0,0.0,0,0,1,,0.852,2026-03-19T10:00:50.119563,neutral,0.778,2026-03-19T10:00:49.201403,0.4961579588440332,2026-03-19T10:00:50.940000,64,,,
participant_29,1,day,Town10HD_Opt,2026-03-19 10:00:51.093207,76.478271484375,25.25816535949707,0.0019411849789321,8.017,0.169,0.13,0.0,0,0,1,,0.887,2026-03-19T10:00:51.093207,neutral,0.778,2026-03-19T10:00:49.201403,0.4598010193555028,2026-03-19T10:00:51.885000,60,,,
participant_29,1,day,Town10HD_Opt,2026-03-19 10:00:52.023330,77.83265686035156,25.251855850219727,0.001947364769876,7.332,0.012,0.0,0.0,0,0,1,,0.887,2026-03-19T10:00:52.023330,neutral,0.793,2026-03-19T10:00:52.023330,0.3910280183744037,2026-03-19T10:00:52.920000,61,,,
participant_29,1,day,Town10HD_Opt,2026-03-19 10:00:53.220003,79.32192993164062,25.24530029296875,0.0020307921804487,0.53,0.172,0.0,0.088,0,0,1,,0.897,2026-03-19T10:00:53.220003,neutral,0.793,2026-03-19T10:00:52.023330,0.3959217963374584,2026-03-19T10:00:53.910000,61,,,
participant_29,1,day,Town10HD_Opt,2026-03-19 10:00:54.162040,79.33710479736328,25.244911193847656,0.0019508743425831,0.002,0.179,0.0,0.0,0,0,1,,0.824,2026-03-19T10:00:54.162040,neutral,0.696,2026-03-19T10:00:54.162040,0.3783303096649395,2026-03-19T10:00:54.900000,61,,,
participant_29,1,day,Town10HD_Opt,2026-03-19 10:00:55.155462,79.33723449707031,25.244911193847656,0.0019200133392587,0.007,0.179,0.0,0.0,0,0,1,,0.884,2026-03-19T10:00:55.155462,neutral,0.696,2026-03-19T10:00:54.162040,0.3821721961786435,2026-03-19T10:00:55.890000,60,,,
participant_29,1,day,Town10HD_Opt,2026-03-19 10:00:56.104970,79.33741760253906,25.244911193847656,0.0019192122854292,0.002,0.19,0.0,0.0,0,0,1,,1.0,2026-03-19T10:00:56.104970,neutral,0.696,2026-03-19T10:00:54.162040,0.389537879473816,2026-03-19T10:00:56.881000,61,,,
participant_29,1,day,Town10HD_Opt,2026-03-19 10:00:57.030175,79.33766174316406,25.244909286499023,0.001919288537465,0.001,0.197,0.0,0.0,0,0,1,,0.837,2026-03-19T10:00:57.030175,neutral,0.83,2026-03-19T10:00:57.030175,0.4424694565270526,2026-03-19T10:00:57.917000,60,,,
participant_29,1,day,Town10HD_Opt,2026-03-19 10:00:58.198013,79.34109497070312,25.24482154846192,0.0018946838099509,0.741,-2.598,0.525,0.0,0,0,1,,0.922,2026-03-19T10:00:58.198013,neutral,0.83,2026-03-19T10:00:57.030175,0.4464220496881235,2026-03-19T10:00:58.905000,61,,,
participant_29,1,day,Town10HD_Opt,2026-03-19 10:00:59.110088,80.2103271484375,25.189802169799805,0.0015629577683284,11.044,-6.971,0.738,0.0,0,0,1,,0.93,2026-03-19T10:00:59.110088,neutral,0.77,2026-03-19T10:00:59.110088,0.3965455617391016,2026-03-19T10:00:59.895000,61,,,
participant_29,1,day,Town10HD_Opt,2026-03-19 10:01:00.036706,82.86067962646484,24.90848159790039,0.0018764495616778,18.511,0.078,0.68,0.0,0,0,1,,0.918,2026-03-19T10:01:00.036706,neutral,0.77,2026-03-19T10:00:59.110088,0.4785961631689098,2026-03-19T10:01:00.887000,62,,,
participant_29,1,day,Town10HD_Opt,2026-03-19 10:01:01.281151,88.29884338378906,24.47665023803711,0.0016621779650449,32.049,-2.967,0.776,0.0,0,0,1,,0.808,2026-03-19T10:01:01.281151,fear,0.454,2026-03-19T10:01:01.281151,0.4338609112627625,2026-03-19T10:01:01.921000,61,,,
participant_29,1,day,Town10HD_Opt,2026-03-19 10:01:02.199594,94.33032989501952,23.32048988342285,0.0020476912613958,38.1,-12.476,0.574,0.0,0,0,1,,0.907,2026-03-19T10:01:02.199594,fear,0.454,2026-03-19T10:01:01.281151,0.4878117171967703,2026-03-19T10:01:02.910000,61,,,
participant_29,1,day,Town10HD_Opt,2026-03-19 10:01:03.137554,100.24140167236328,19.837995529174805,0.0018050002399832,40.961,-11.147,0.562,0.0,0,0,1,,0.879,2026-03-19T10:01:03.137554,fear,0.454,2026-03-19T10:01:01.281151,0.4558820457383815,2026-03-19T10:01:03.901000,61,,,
participant_29,1,day,Town10HD_Opt,2026-03-19 10:01:04.003467,104.76850128173828,14.102824211120604,0.0032710647210478,43.154,-10.425,0.559,0.0,0,0,1,,0.845,2026-03-19T10:01:04.003467,neutral,0.73,2026-03-19T10:01:04.003467,0.4902548702079931,2026-03-19T10:01:04.890000,61,,,
participant_29,1,day,Town10HD_Opt,2026-03-19 10:01:05.254902,107.23779296875,4.179116249084473,0.0019944761879742,45.413,-5.586,0.529,0.0,0,0,1,,0.874,2026-03-19T10:01:05.254902,neutral,0.73,2026-03-19T10:01:04.003467,0.5236756879985153,2026-03-19T10:01:05.928000,58,,,
participant_29,1,day,Town10HD_Opt,2026-03-19 10:01:06.161830,107.05648803710938,-3.893966197967529,0.002004203852266,46.792,0.681,0.51,0.0,0,0,1,,0.907,2026-03-19T10:01:06.161830,neutral,0.5,2026-03-19T10:01:06.161830,0.5267224673699088,2026-03-19T10:01:06.916000,58,,,
participant_29,1,day,Town10HD_Opt,2026-03-19 10:01:07.059335,107.02392578125,-12.055896759033203,0.0021075056865811,45.546,1.081,0.332,0.0,0,0,1,,0.894,2026-03-19T10:01:07.059335,neutral,0.5,2026-03-19T10:01:06.161830,0.5818011468332257,2026-03-19T10:01:07.906000,57,,,
participant_29,1,day,Town10HD_Opt,2026-03-19 10:01:08.209503,107.26588439941406,-22.168212890625,0.0021509933285415,40.772,-1.906,0.323,0.0,0,0,1,,0.882,2026-03-19T10:01:08.209503,neutral,0.818,2026-03-19T10:01:08.209503,0.5106722972635971,2026-03-19T10:01:08.895000,59,,,
participant_29,1,day,Town10HD_Opt,2026-03-19 10:01:09.159095,106.9410629272461,-29.09353256225586,0.0021342085674405,38.116,-3.426,0.324,0.0,0,0,1,,0.883,2026-03-19T10:01:09.159095,neutral,0.818,2026-03-19T10:01:08.209503,0.5194823940709703,2026-03-19T10:01:09.886000,57,,,
participant_29,1,day,Town10HD_Opt,2026-03-19 10:01:10.024869,105.91120910644533,-35.47372817993164,0.0021245193202048,35.797,-5.17,0.325,0.0,0,0,1,,0.929,2026-03-19T10:01:10.024869,neutral,0.818,2026-03-19T10:01:08.209503,0.469918653212635,2026-03-19T10:01:10.921000,56,,,
participant_29,1,day,Town10HD_Opt,2026-03-19 10:01:11.162669,103.23189544677734,-43.02293395996094,0.0021097182761877,33.022,-5.482,0.326,0.0,0,0,1,,0.934,2026-03-19T10:01:11.162669,neutral,0.757,2026-03-19T10:01:11.162669,0.5167667643421084,2026-03-19T10:01:11.910000,56,,,
participant_29,1,day,Town10HD_Opt,2026-03-19 10:01:12.058038,100.46843719482422,-47.94252014160156,0.0020978164393454,31.419,-4.501,0.328,0.0,0,0,1,,0.86,2026-03-19T10:01:12.058038,neutral,0.757,2026-03-19T10:01:11.162669,0.5243817392843432,2026-03-19T10:01:12.900000,59,,,
participant_29,1,day,Town10HD_Opt,2026-03-19 10:01:13.181912,96.05134582519533,-53.57670211791992,0.002019042847678,31.048,-4.818,0.531,0.0,0,0,1,,0.934,2026-03-19T10:01:13.181912,neutral,0.836,2026-03-19T10:01:13.181912,0.5857495349349333,2026-03-19T10:01:13.891000,59,,,
participant_29,1,day,Town10HD_Opt,2026-03-19 10:01:14.093756,91.89002990722656,-57.44722366333008,0.0019290542695671,34.493,-4.886,0.494,0.0,0,0,1,,0.814,2026-03-19T10:01:14.093756,neutral,0.836,2026-03-19T10:01:13.181912,0.5631243837804951,2026-03-19T10:01:14.925000,62,,,
participant_29,1,day,Town10HD_Opt,2026-03-19 10:01:15.015866,86.78764343261719,-61.00434494018555,0.001980056753382,36.663,-4.839,0.489,0.0,0,0,1,,0.854,2026-03-19T10:01:15.015866,neutral,0.836,2026-03-19T10:01:13.181912,0.4738275657912954,2026-03-19T10:01:15.915000,63,,,
participant_29,1,day,Town10HD_Opt,2026-03-19 10:01:16.196045,78.84988403320312,-64.6767578125,0.0020062637049704,38.462,-4.841,0.48,0.0,0,0,1,,0.877,2026-03-19T10:01:16.196045,neutral,0.745,2026-03-19T10:01:16.196045,0.4214099280418395,2026-03-19T10:01:16.906000,64,,,
participant_29,1,day,Town10HD_Opt,2026-03-19 10:01:17.037306,72.25634765625,-66.36837005615234,0.0020128630567342,39.51,-4.66,0.48,0.0,0,0,1,,1.0,2026-03-19T10:01:17.037306,neutral,0.745,2026-03-19T10:01:16.196045,0.4819911387888411,2026-03-19T10:01:16.906000,62,,,
participant_29,1,day,Town10HD_Opt,2026-03-19 10:01:18.183186,62.94578552246094,-67.21733856201172,0.002013282617554,40.767,-0.978,0.48,0.0,0,0,1,,0.819,2026-03-19T10:01:18.183186,neutral,0.745,2026-03-19T10:01:16.196045,0.5528335078559017,2026-03-19T10:01:18.885000,62,,,
participant_29,1,day,Town10HD_Opt,2026-03-19 10:01:19.051509,55.74872589111328,-67.44524383544922,0.002016334561631,41.588,-0.698,0.48,0.0,0,0,1,,1.0,2026-03-19T10:01:19.051509,neutral,0.488,2026-03-19T10:01:19.051509,0.5419368803618039,2026-03-19T10:01:19.920000,62,,,
participant_29,1,day,Town10HD_Opt,2026-03-19 10:01:20.159185,45.94231414794922,-67.49436950683594,0.0020211411174386,42.508,-0.684,0.48,0.0,0,0,1,,1.0,2026-03-19T10:01:20.159185,neutral,0.488,2026-03-19T10:01:19.051509,0.4647923729478176,2026-03-19T10:01:20.910000,64,,,
participant_29,1,day,Town10HD_Opt,2026-03-19 10:01:21.023121,38.458683013916016,-67.32050323486328,0.0020239639561623,43.086,-0.289,0.48,0.0,0,0,1,,1.0,2026-03-19T10:01:21.023121,neutral,0.488,2026-03-19T10:01:19.051509,0.5238589217772504,2026-03-19T10:01:20.910000,63,,,
participant_29,1,day,Town10HD_Opt,2026-03-19 10:01:22.170292,28.367172241210938,-66.99794006347656,0.0020823669619858,42.43,0.148,0.0,0.0,0,0,1,,1.0,2026-03-19T10:01:22.170292,disgust,0.816,2026-03-19T10:01:22.170292,0.5697837564311248,2026-03-19T10:01:22.890000,63,,,
participant_29,1,day,Town10HD_Opt,2026-03-19 10:01:23.082184,21.63541412353516,-66.8456802368164,0.0023292540572583,33.525,0.484,0.0,0.0,0,0,1,,1.0,2026-03-19T10:01:23.082184,disgust,0.816,2026-03-19T10:01:22.170292,0.5360486753513305,2026-03-19T10:01:23.880000,60,,,
participant_29,1,day,Town10HD_Opt,2026-03-19 10:01:24.247993,14.798044204711914,-66.83330535888672,0.002171134809032,26.12,0.562,0.22,0.0,0,0,1,,1.0,2026-03-19T10:01:24.247993,neutral,0.696,2026-03-19T10:01:24.247993,0.4984783781940794,2026-03-19T10:01:24.916000,61,,,
participant_29,1,day,Town10HD_Opt,2026-03-19 10:01:25.132024,10.450592041015623,-66.90597534179688,0.0021330642048269,23.361,0.27,0.218,0.0,0,0,1,,0.806,2026-03-19T10:01:25.132024,neutral,0.696,2026-03-19T10:01:24.247993,0.5560077558122449,2026-03-19T10:01:25.905000,59,,,
participant_29,1,day,Town10HD_Opt,2026-03-19 10:01:26.240686,5.35352897644043,-67.02861022949219,0.0021182631608098,20.2,0.31,0.218,0.0,0,0,1,,0.821,2026-03-19T10:01:26.240686,neutral,0.696,2026-03-19T10:01:24.247993,0.5815403095415886,2026-03-19T10:01:26.895000,62,,,
participant_29,1,day,Town10HD_Opt,2026-03-19 10:01:27.107710,1.985431432723999,-67.13326263427734,0.002109489403665,18.152,0.31,0.219,0.0,0,0,1,,1.0,2026-03-19T10:01:27.107710,neutral,0.826,2026-03-19T10:01:27.107710,0.5856337655682439,2026-03-19T10:01:27.885000,57,Harsh braking,decel_mps2=5.2,
participant_29,1,day,Town10HD_Opt,2026-03-19 10:01:28.191735,-2.220100164413452,-67.29378509521484,0.001856651273556,17.833,0.31,0.219,0.0,0,0,1,,0.889,2026-03-19T10:01:28.191735,neutral,0.826,2026-03-19T10:01:27.107710,0.552153577628285,2026-03-19T10:01:28.920000,61,,,
participant_29,1,day,Town10HD_Opt,2026-03-19 10:01:29.079434,-5.291754245758057,-67.43140411376953,0.0019356155535206,17.27,0.287,0.219,0.0,0,0,1,,1.0,2026-03-19T10:01:29.079434,neutral,0.826,2026-03-19T10:01:27.107710,0.5881929552191071,2026-03-19T10:01:29.910000,59,,,
participant_29,1,day,Town10HD_Opt,2026-03-19 10:01:30.198610,-9.249777793884276,-67.6281509399414,0.0019324492895975,16.683,-0.36,0.217,0.0,0,0,1,,1.0,2026-03-19T10:01:30.198610,disgust,0.778,2026-03-19T10:01:30.198610,0.5957687748715867,2026-03-19T10:01:30.901000,59,,,
participant_29,1,day,Town10HD_Opt,2026-03-19 10:01:31.115356,-12.065512657165527,-67.73383331298828,0.0020073698833584,14.606,-0.632,0.0,0.0,0,0,1,,1.0,2026-03-19T10:01:31.115356,disgust,0.778,2026-03-19T10:01:30.198610,0.5337503827435901,2026-03-19T10:01:31.892000,60,,,
participant_29,1,day,Town10HD_Opt,2026-03-19 10:01:32.194141,-14.975505828857422,-67.82669067382812,0.0020170211791992,10.28,-0.169,0.0,0.0,0,0,1,,0.913,2026-03-19T10:01:32.194141,disgust,0.778,2026-03-19T10:01:30.198610,0.5286799703000155,2026-03-19T10:01:32.881000,65,,,
participant_29,1,day,Town10HD_Opt,2026-03-19 10:01:33.063228,-16.57384490966797,-67.87489318847656,0.0019887923263013,7.945,-0.186,0.0,0.0,0,0,1,,1.0,2026-03-19T10:01:33.063228,neutral,0.887,2026-03-19T10:01:33.063228,0.4901892423465342,2026-03-19T10:01:33.916000,59,,,
participant_29,1,day,Town10HD_Opt,2026-03-19 10:01:34.124993,-18.15187263488769,-67.91958618164062,0.0019697952084243,5.505,-0.209,0.0,0.0,0,0,1,,1.0,2026-03-19T10:01:34.124993,neutral,0.887,2026-03-19T10:01:33.063228,0.4614960260830038,2026-03-19T10:01:34.908000,60,,,
participant_29,1,day,Town10HD_Opt,2026-03-19 10:01:35.224998,-19.241661071777344,-67.94865417480469,0.001974792452529,3.54,-0.209,0.044,0.0,0,0,1,,0.83,2026-03-19T10:01:35.224998,neutral,0.841,2026-03-19T10:01:35.224998,0.4952455946218487,2026-03-19T10:01:35.897000,58,,,
participant_29,1,day,Town10HD_Opt,2026-03-19 10:01:36.087455,-19.7937126159668,-67.96278381347656,0.0019468306563794,2.691,-0.211,0.039,0.0,0,0,1,,0.826,2026-03-19T10:01:36.087455,neutral,0.841,2026-03-19T10:01:35.224998,0.4689640068845538,2026-03-19T10:01:36.886000,59,,,
participant_29,1,day,Town10HD_Opt,2026-03-19 10:01:37.189465,-20.3541202545166,-67.97667694091797,0.0019191360333934,2.372,-0.211,0.08,0.0,0,0,1,,1.0,2026-03-19T10:01:37.189465,neutral,0.841,2026-03-19T10:01:35.224998,0.4561613623044631,2026-03-19T10:01:37.920000,60,,,
participant_29,1,day,Town10HD_Opt,2026-03-19 10:01:38.025653,-20.755523681640625,-67.9863052368164,0.0019197082147002,2.388,-0.211,0.079,0.0,0,0,1,,1.0,2026-03-19T10:01:38.025653,neutral,0.772,2026-03-19T10:01:38.025653,0.5150072101686529,2026-03-19T10:01:37.920000,63,,,
participant_29,1,day,Town10HD_Opt,2026-03-19 10:01:39.144369,-21.278705596923828,-67.99905395507812,0.0019181059906259,2.359,-0.303,0.079,0.0,0,0,1,,1.0,2026-03-19T10:01:39.144369,neutral,0.772,2026-03-19T10:01:38.025653,0.4861328963541093,2026-03-19T10:01:39.946000,58,,,
participant_29,1,day,Town10HD_Opt,2026-03-19 10:01:40.215721,-22.338281631469727,-68.02104949951172,0.0014955520164221,13.303,-1.126,1.0,0.0,0,0,1,,1.0,2026-03-19T10:01:40.215721,neutral,0.3,2026-03-19T10:01:40.215721,0.4012346497287273,2026-03-19T10:01:40.891000,60,,,
participant_29,1,day,Town10HD_Opt,2026-03-19 10:01:41.095394,-25.638383865356445,-68.06746673583984,0.0016347122145816,26.5,-0.407,0.98,0.0,0,0,1,,1.0,2026-03-19T10:01:41.095394,neutral,0.3,2026-03-19T10:01:40.215721,0.4171683585981551,2026-03-19T10:01:41.926000,56,,,
participant_29,1,day,Town10HD_Opt,2026-03-19 10:01:42.162367,-33.98416519165039,-68.10005950927734,0.0016149901784956,45.254,-0.244,0.911,0.0,0,0,1,,1.0,2026-03-19T10:01:42.162367,neutral,0.3,2026-03-19T10:01:40.215721,0.3738024509601139,2026-03-19T10:01:42.917000,59,,,
participant_29,1,day,Town10HD_Opt,2026-03-19 10:01:43.252544,-45.44465637207031,-67.98456573486328,0.0027944182511419,48.173,-0.266,0.867,0.0,0,0,1,,1.0,2026-03-19T10:01:43.252544,neutral,0.712,2026-03-19T10:01:43.252544,0.4562443354359222,2026-03-19T10:01:43.906000,58,,,
participant_29,1,day,Town10HD_Opt,2026-03-19 10:01:44.124134,-54.19749069213867,-67.7772445678711,0.0021073913667351,48.688,-0.266,0.85,0.0,0,0,1,,1.0,2026-03-19T10:01:44.124134,neutral,0.712,2026-03-19T10:01:43.252544,0.4298958225673368,2026-03-19T10:01:44.896000,60,,,
participant_29,1,day,Town10HD_Opt,2026-03-19 10:01:44.987754,-62.92961120605469,-67.46438598632812,0.002148971427232,49.292,-1.619,0.835,0.0,0,0,1,,1.0,2026-03-19T10:01:44.987754,neutral,0.712,2026-03-19T10:01:43.252544,0.4204531790745479,2026-03-19T10:01:45.885000,59,,,
participant_29,1,day,Town10HD_Opt,2026-03-19 10:01:46.145278,-74.53531646728516,-66.25674438476562,0.001944770803675,51.313,-3.516,0.0,0.105,0,0,1,,1.0,2026-03-19T10:01:46.145278,neutral,0.83,2026-03-19T10:01:46.145278,0.4222801960360517,2026-03-19T10:01:46.920000,60,,,
participant_29,1,day,Town10HD_Opt,2026-03-19 10:01:47.044475,-82.96094512939453,-63.94218444824219,0.001926879864186,51.613,-5.78,0.0,0.122,0,0,1,,1.0,2026-03-19T10:01:47.044475,neutral,0.83,2026-03-19T10:01:46.145278,0.4160445534475328,2026-03-19T10:01:47.911000,63,,,
participant_29,1,day,Town10HD_Opt,2026-03-19 10:01:48.152923,-93.09765625,-58.106292724609375,0.0019272613571956,51.098,-4.365,0.0,0.11,0,0,1,,1.0,2026-03-19T10:01:48.152923,disgust,0.389,2026-03-19T10:01:48.152923,0.398319475090324,2026-03-19T10:01:48.901000,65,,,
participant_29,1,day,Town10HD_Opt,2026-03-19 10:01:49.220421,-101.35604095458984,-49.91871643066406,0.0021142195910215,49.494,-4.785,0.82,0.0,0,0,1,,1.0,2026-03-19T10:01:49.220421,disgust,0.389,2026-03-19T10:01:48.152923,0.3534032570177289,2026-03-19T10:01:49.891000,65,,,
participant_29,1,day,Town10HD_Opt,2026-03-19 10:01:50.073556,-106.00668334960938,-42.580326080322266,0.00202003470622,49.858,-4.804,0.184,0.0,0,0,1,,1.0,2026-03-19T10:01:50.073556,disgust,0.389,2026-03-19T10:01:48.152923,0.3684429203603198,2026-03-19T10:01:50.881000,64,,,
participant_29,1,day,Town10HD_Opt,2026-03-19 10:01:51.187016,-109.42648315429688,-33.06348419189453,0.0023785019293427,35.518,-4.825,0.0,0.0,0,0,1,,0.846,2026-03-19T10:01:51.187016,sad,0.417,2026-03-19T10:01:51.187016,0.3372979956032372,2026-03-19T10:01:51.915000,65,,,
participant_29,1,day,Town10HD_Opt,2026-03-19 10:01:52.075024,-110.25020599365234,-27.5059757232666,0.0023054503835737,27.829,-3.747,0.067,0.0,0,0,1,,1.0,2026-03-19T10:01:52.075024,sad,0.417,2026-03-19T10:01:51.187016,0.3683015379396264,2026-03-19T10:01:52.905000,64,,,
participant_29,1,day,Town10HD_Opt,2026-03-19 10:01:53.249609,-110.44356536865234,-21.716476440429688,0.0019973753951489,25.117,-0.884,0.904,0.0,0,0,1,,1.0,2026-03-19T10:01:53.249609,neutral,0.851,2026-03-19T10:01:53.249609,0.3766803738524567,2026-03-19T10:01:53.896000,64,,,
participant_29,1,day,Town10HD_Opt,2026-03-19 10:01:54.209472,-110.44886779785156,-16.275657653808594,0.001602325355634,39.292,-0.153,0.909,0.0,0,0,1,,1.0,2026-03-19T10:01:54.209472,neutral,0.851,2026-03-19T10:01:53.249609,0.3766083234477099,2026-03-19T10:01:54.886000,63,,,
participant_29,1,day,Town10HD_Opt,2026-03-19 10:01:55.141051,-110.42290496826172,-8.558015823364258,0.0016574477776885,50.436,0.0,0.846,0.0,0,0,1,,1.0,2026-03-19T10:01:55.141051,neutral,0.851,2026-03-19T10:01:53.249609,0.3936750444826482,2026-03-19T10:01:55.965000,64,,,
participant_29,1,day,Town10HD_Opt,2026-03-19 10:01:56.076225,-110.38150787353516,0.129364475607872,0.0022981644142419,45.017,0.068,0.0,0.0,0,0,1,,1.0,2026-03-19T10:01:56.076225,disgust,0.803,2026-03-19T10:01:56.076225,0.3353218246860345,2026-03-19T10:01:56.911000,65,,,
participant_29,1,day,Town10HD_Opt,2026-03-19 10:01:57.028754,-110.18648529052734,7.164276599884033,0.0023678205907344,34.726,-7.979,0.0,0.0,0,0,1,,1.0,2026-03-19T10:01:57.028754,disgust,0.803,2026-03-19T10:01:56.076225,0.4060975542814757,2026-03-19T10:01:57.900000,64,Solid line crossing,Solid line crossing,
participant_29,1,day,Town10HD_Opt,2026-03-19 10:01:58.214613,-108.52227020263672,13.84768772125244,0.0023350142873823,24.215,-6.469,0.0,0.0,0,0,1,,0.82,2026-03-19T10:01:58.214613,neutral,0.834,2026-03-19T10:01:58.214613,0.396836332878418,2026-03-19T10:01:58.891000,68,,,
participant_29,1,day,Town10HD_Opt,2026-03-19 10:01:59.228427,-106.89096069335938,17.23970603942871,0.002207298297435,18.926,-10.35,0.174,0.0,0,0,1,,0.855,2026-03-19T10:01:59.228427,neutral,0.834,2026-03-19T10:01:58.214613,0.4315709519651524,2026-03-19T10:01:59.926000,62,,,
participant_29,1,day,Town10HD_Opt,2026-03-19 10:02:00.189124,-105.00686645507812,19.79562187194824,0.0018829344771802,17.639,-10.49,0.158,0.0,0,0,1,,0.806,2026-03-19T10:02:00.189124,neutral,0.834,2026-03-19T10:01:58.214613,0.4139660413836717,2026-03-19T10:02:00.916000,63,,,
participant_29,1,day,Town10HD_Opt,2026-03-19 10:02:01.144698,-102.90584564208984,21.818681716918945,0.002007408067584,15.239,-10.451,0.0,0.0,0,0,1,,0.836,2026-03-19T10:02:01.144698,neutral,0.769,2026-03-19T10:02:01.144698,0.3780159433221225,2026-03-19T10:02:01.907000,64,,,
participant_29,1,day,Town10HD_Opt,2026-03-19 10:02:02.104470,-100.97574615478516,23.197900772094727,0.0020336913876235,11.725,-10.442,0.0,0.0,0,0,1,,1.0,2026-03-19T10:02:02.104470,neutral,0.769,2026-03-19T10:02:01.144698,0.3632995216554482,2026-03-19T10:02:02.896000,64,,,
participant_29,1,day,Town10HD_Opt,2026-03-19 10:02:03.072019,-99.4513931274414,24.03972625732422,0.002060470636934,7.634,-10.442,0.0,0.232,0,0,1,,1.0,2026-03-19T10:02:03.072019,neutral,0.769,2026-03-19T10:02:01.144698,0.338188227951245,2026-03-19T10:02:03.886000,65,,,
participant_29,1,day,Town10HD_Opt,2026-03-19 10:02:04.032843,-98.81804656982422,24.33336639404297,0.0021656798198819,0.001,-10.442,0.0,0.21,0,0,1,,0.836,2026-03-19T10:02:04.032843,neutral,0.812,2026-03-19T10:02:04.032843,0.3312468527858103,2026-03-19T10:02:04.920000,66,,,
participant_29,1,day,Town10HD_Opt,2026-03-19 10:02:05.050151,-98.81776428222656,24.33345603942871,0.0019286727765575,0.001,-10.442,0.0,0.0,0,0,1,,1.0,2026-03-19T10:02:05.050151,neutral,0.812,2026-03-19T10:02:04.032843,0.2822922472484617,2026-03-19T10:02:05.911000,65,,,
participant_29,1,day,Town10HD_Opt,2026-03-19 10:02:06.028368,-98.81704711914062,24.333784103393555,0.0019144057296216,0.476,-10.461,0.823,0.0,0,0,1,,1.0,2026-03-19T10:02:06.028368,neutral,0.812,2026-03-19T10:02:04.032843,0.2363041900868808,2026-03-19T10:02:06.901000,65,,,
participant_29,1,day,Town10HD_Opt,2026-03-19 10:02:07.001089,-97.72682189941406,24.76144218444824,0.0014048767043277,15.464,-11.243,1.0,0.0,0,0,1,,1.0,2026-03-19T10:02:07.001089,neutral,0.853,2026-03-19T10:02:07.001089,0.3611672756654587,2026-03-19T10:02:07.891000,64,,,
participant_29,1,day,Town10HD_Opt,2026-03-19 10:02:08.276555,-92.6659164428711,26.166566848754883,0.0018288802821189,27.838,-2.607,0.502,0.0,0,0,1,,0.892,2026-03-19T10:02:08.276555,neutral,0.853,2026-03-19T10:02:07.001089,0.3573044685339646,2026-03-19T10:02:08.925000,64,,,
participant_29,1,day,Town10HD_Opt,2026-03-19 10:02:09.218405,-87.6161880493164,27.13795280456543,0.0019355010008439,31.151,-2.906,0.515,0.0,0,0,1,,0.897,2026-03-19T10:02:09.218405,neutral,0.325,2026-03-19T10:02:09.218405,0.3705593872956961,2026-03-19T10:02:09.916000,68,,,
participant_29,1,day,Town10HD_Opt,2026-03-19 10:02:10.174499,-81.97632598876953,27.794395446777344,0.0019850158132612,33.139,-2.372,0.0,0.0,0,0,1,,1.0,2026-03-19T10:02:10.174499,neutral,0.325,2026-03-19T10:02:09.218405,0.3581386658683378,2026-03-19T10:02:10.906000,67,,,
participant_29,1,day,Town10HD_Opt,2026-03-19 10:02:11.097694,-76.71068572998047,28.06521224975586,0.0022735595703125,26.073,-2.283,0.0,0.22,0,0,1,,1.0,2026-03-19T10:02:11.097694,neutral,0.325,2026-03-19T10:02:09.218405,0.3654697467425087,2026-03-19T10:02:11.896000,70,,,
participant_29,1,day,Town10HD_Opt,2026-03-19 10:02:12.058291,-72.79254913330078,28.06182098388672,0.0022995376493781,18.046,-1.093,0.0,0.229,0,0,1,,1.0,2026-03-19T10:02:12.058291,neutral,0.875,2026-03-19T10:02:12.058291,0.3565197309886063,2026-03-19T10:02:12.886000,71,,,
participant_29,1,day,Town10HD_Opt,2026-03-19 10:02:12.991558,-70.08612823486328,28.01803207397461,0.0020908354781568,12.466,0.602,0.0,0.23,0,0,1,,1.0,2026-03-19T10:02:12.991558,neutral,0.875,2026-03-19T10:02:12.058291,0.3784679317098749,2026-03-19T10:02:12.886000,69,,,
participant_29,1,day,Town10HD_Opt,2026-03-19 10:02:14.197931,-67.84396362304688,27.999467849731445,0.0020580291748046,6.531,0.049,0.0,0.241,0,0,1,,0.81,2026-03-19T10:02:14.197931,neutral,0.748,2026-03-19T10:02:14.197931,0.3659619605056992,2026-03-19T10:02:14.911000,69,,,
participant_29,1,day,Town10HD_Opt,2026-03-19 10:02:15.135797,-67.45134735107422,27.995492935180664,0.0020220566075295,0.0,0.035,0.0,0.239,0,0,1,,0.809,2026-03-19T10:02:15.135797,neutral,0.748,2026-03-19T10:02:14.197931,0.4155169912128263,2026-03-19T10:02:15.901000,69,,,
participant_29,1,day,Town10HD_Opt,2026-03-19 10:02:16.097090,-67.45096588134766,27.99549102783203,0.0019232940394431,0.003,-0.002,0.0,0.0,0,0,1,,0.863,2026-03-19T10:02:16.097090,neutral,0.748,2026-03-19T10:02:14.197931,0.4764544607954427,2026-03-19T10:02:16.892000,67,,,
participant_29,1,day,Town10HD_Opt,2026-03-19 10:02:16.994119,-67.45068359375,27.99549102783203,0.0019192504696547,0.0,0.157,0.0,0.0,0,0,1,,1.0,2026-03-19T10:02:16.994119,neutral,0.839,2026-03-19T10:02:16.994119,0.3980747960963444,2026-03-19T10:02:16.892000,66,,,
participant_29,1,day,Town10HD_Opt,2026-03-19 10:02:18.219476,-67.45057678222656,27.99549102783203,0.0019190978491678,0.0,0.07,0.0,0.0,0,0,1,,1.0,2026-03-19T10:02:18.219476,neutral,0.839,2026-03-19T10:02:16.994119,0.4216892598914984,2026-03-19T10:02:18.916000,65,Solid line crossing,Solid line crossing,
participant_29,1,day,Town10HD_Opt,2026-03-19 10:02:19.079550,-67.45059204101562,27.99549102783203,0.001919021597132,0.006,0.042,0.0,0.0,0,0,1,,1.0,2026-03-19T10:02:19.079550,disgust,0.627,2026-03-19T10:02:19.079550,0.4443397468727483,2026-03-19T10:02:19.906000,64,,,
participant_29,1,day,Town10HD_Opt,2026-03-19 10:02:20.011868,-67.45063018798828,27.99549102783203,0.0019188689766451,0.006,-0.073,0.0,0.0,0,0,1,,1.0,2026-03-19T10:02:20.011868,disgust,0.627,2026-03-19T10:02:19.079550,0.4694231339438379,2026-03-19T10:02:20.896000,65,,,
participant_29,1,day,Town10HD_Opt,2026-03-19 10:02:21.179491,-67.45050048828125,27.99549102783203,0.0019188689766451,0.006,-0.106,0.0,0.0,0,0,1,,1.0,2026-03-19T10:02:21.179491,neutral,0.915,2026-03-19T10:02:21.179491,0.3658363835018579,2026-03-19T10:02:21.886000,67,,,
participant_29,1,day,Town10HD_Opt,2026-03-19 10:02:22.159894,-67.45038604736328,27.99549102783203,0.0019191360333934,0.002,-0.268,0.0,0.0,0,0,1,,1.0,2026-03-19T10:02:22.159894,neutral,0.915,2026-03-19T10:02:21.179491,0.509880656340698,2026-03-19T10:02:22.921000,66,,,
participant_29,1,day,Town10HD_Opt,2026-03-19 10:02:23.068809,-67.45016479492188,27.99549102783203,0.0019193649059161,0.001,-0.449,0.0,0.0,0,0,1,,1.0,2026-03-19T10:02:23.068809,neutral,0.915,2026-03-19T10:02:21.179491,0.4306639809633594,2026-03-19T10:02:23.911000,67,,,
participant_29,1,day,Town10HD_Opt,2026-03-19 10:02:24.247049,-67.45006561279297,27.99549102783203,0.0019193267216905,0.001,-0.463,0.0,0.0,0,0,1,,1.0,2026-03-19T10:02:24.247049,neutral,0.66,2026-03-19T10:02:24.247049,0.4663663195540944,2026-03-19T10:02:24.902000,67,,,
participant_29,1,day,Town10HD_Opt,2026-03-19 10:02:25.155420,-67.4499282836914,27.99549102783203,0.0019190596649423,0.006,-0.463,0.0,0.0,0,0,1,,1.0,2026-03-19T10:02:25.155420,neutral,0.66,2026-03-19T10:02:24.247049,0.4695615913267841,2026-03-19T10:02:25.891000,64,,,
participant_29,1,day,Town10HD_Opt,2026-03-19 10:02:26.058022,-67.4499740600586,27.99549102783203,0.0019188689766451,0.006,-0.463,0.0,0.0,0,0,1,,1.0,2026-03-19T10:02:26.058022,neutral,0.66,2026-03-19T10:02:24.247049,0.4294078114013575,2026-03-19T10:02:26.926000,63,,,
participant_29,1,day,Town10HD_Opt,2026-03-19 10:02:27.186649,-67.44984436035156,27.99549102783203,0.0019189071608707,0.006,-0.463,0.0,0.0,0,0,1,,1.0,2026-03-19T10:02:27.186649,neutral,0.832,2026-03-19T10:02:27.186649,0.3568506110143362,2026-03-19T10:02:27.917000,64,,,
participant_29,1,day,Town10HD_Opt,2026-03-19 10:02:28.046831,-67.4498291015625,27.99549102783203,0.0019190978491678,0.002,-0.461,0.0,0.0,0,0,1,,1.0,2026-03-19T10:02:28.046831,neutral,0.832,2026-03-19T10:02:27.186649,0.4533604519265153,2026-03-19T10:02:27.917000,65,,,
participant_29,1,day,Town10HD_Opt,2026-03-19 10:02:29.148973,-67.44971466064453,27.99549102783203,0.0019190978491678,0.002,-0.461,0.0,0.0,0,0,1,,1.0,2026-03-19T10:02:29.148973,neutral,0.832,2026-03-19T10:02:27.186649,0.3555882370865507,2026-03-19T10:02:29.941000,62,,,
participant_29,1,day,Town10HD_Opt,2026-03-19 10:02:30.014343,-67.44952392578125,27.99549102783203,0.0019192504696547,0.002,-0.451,0.0,0.0,0,0,1,,1.0,2026-03-19T10:02:30.014343,neutral,0.771,2026-03-19T10:02:30.014343,0.3733777615705853,2026-03-19T10:02:30.931000,61,,,
participant_29,1,day,Town10HD_Opt,2026-03-19 10:02:31.237918,-67.44941711425781,27.99549102783203,0.0019192122854292,0.002,-0.451,0.0,0.0,0,0,1,,1.0,2026-03-19T10:02:31.237918,neutral,0.771,2026-03-19T10:02:30.014343,0.3973975144180252,2026-03-19T10:02:31.921000,59,,,
participant_29,1,day,Town10HD_Opt,2026-03-19 10:02:32.130010,-67.44917297363281,27.995492935180664,0.0019190978491678,0.001,-0.451,0.0,0.0,0,0,1,,1.0,2026-03-19T10:02:32.130010,neutral,0.846,2026-03-19T10:02:32.130010,0.458970272683593,2026-03-19T10:02:32.911000,60,,,
participant_29,1,day,Town10HD_Opt,2026-03-19 10:02:33.035799,-67.44918060302734,27.995492935180664,0.0019189834129065,0.006,-0.414,0.0,0.0,0,0,1,,1.0,2026-03-19T10:02:33.035799,neutral,0.846,2026-03-19T10:02:32.130010,0.4492818092335162,2026-03-19T10:02:33.902000,59,,,
participant_29,1,day,Town10HD_Opt,2026-03-19 10:02:34.200151,-67.44905090332031,27.995492935180664,0.001919021597132,0.006,-0.395,0.0,0.0,0,0,1,,1.0,2026-03-19T10:02:34.200151,disgust,0.742,2026-03-19T10:02:34.200151,0.428255427452112,2026-03-19T10:02:34.891000,59,,,
participant_29,1,day,Town10HD_Opt,2026-03-19 10:02:35.147052,-67.4490966796875,27.995492935180664,0.0019188307924196,0.006,-0.395,0.0,0.0,0,0,1,,1.0,2026-03-19T10:02:35.147052,disgust,0.742,2026-03-19T10:02:34.200151,0.4255815294864388,2026-03-19T10:02:35.926000,60,,,
participant_29,1,day,Town10HD_Opt,2026-03-19 10:02:36.089063,-67.44898223876953,27.995492935180664,0.0019191741012036,0.002,-0.395,0.0,0.0,0,0,1,,1.0,2026-03-19T10:02:36.089063,disgust,0.742,2026-03-19T10:02:34.200151,0.3978942454441831,2026-03-19T10:02:36.916000,61,,,
participant_29,1,day,Town10HD_Opt,2026-03-19 10:02:36.987853,-67.44876098632812,27.995492935180664,0.0019193649059161,0.001,-0.395,0.0,0.0,0,0,1,,1.0,2026-03-19T10:02:36.987853,neutral,0.747,2026-03-19T10:02:36.987853,0.4921992202556842,2026-03-19T10:02:37.907000,60,,,
participant_29,1,day,Town10HD_Opt,2026-03-19 10:02:38.203737,-67.44866180419922,27.995492935180664,0.0019193267216905,0.001,-0.395,0.0,0.0,0,0,1,,1.0,2026-03-19T10:02:38.203737,neutral,0.747,2026-03-19T10:02:36.987853,0.5007776654088724,2026-03-19T10:02:38.896000,63,,,
participant_29,1,day,Town10HD_Opt,2026-03-19 10:02:39.111340,-67.44852447509766,27.995492935180664,0.0019190596649423,0.006,-0.388,0.0,0.0,0,0,1,,1.0,2026-03-19T10:02:39.111340,disgust,0.391,2026-03-19T10:02:39.111340,0.513501330450638,2026-03-19T10:02:39.976000,60,,,
participant_29,1,day,Town10HD_Opt,2026-03-19 10:02:40.052635,-67.44857025146484,27.995492935180664,0.0019188689766451,0.138,-0.388,0.138,0.0,0,0,1,,1.0,2026-03-19T10:02:40.052635,disgust,0.391,2026-03-19T10:02:39.111340,0.5392806887816675,2026-03-19T10:02:40.921000,63,,,
participant_29,1,day,Town10HD_Opt,2026-03-19 10:02:41.044145,-66.77081298828125,27.98737335205078,0.0014355087187141,12.01,-0.374,1.0,0.0,0,0,1,,1.0,2026-03-19T10:02:41.044145,disgust,0.391,2026-03-19T10:02:39.111340,0.4693927647482082,2026-03-19T10:02:41.911000,61,,,
participant_29,1,day,Town10HD_Opt,2026-03-19 10:02:42.035136,-63.51765060424805,27.951549530029297,0.0016410826938226,26.242,0.663,0.989,0.0,0,0,1,,1.0,2026-03-19T10:02:42.035136,neutral,0.757,2026-03-19T10:02:42.035136,0.4938750762665884,2026-03-19T10:02:42.902000,61,,,
participant_29,1,day,Town10HD_Opt,2026-03-19 10:02:43.243027,-55.09164047241211,27.92442512512207,0.001574134803377,46.442,0.157,0.942,0.0,0,0,1,,1.0,2026-03-19T10:02:43.243027,neutral,0.757,2026-03-19T10:02:42.035136,0.5940990918458583,2026-03-19T10:02:43.893000,61,,,
participant_29,1,day,Town10HD_Opt,2026-03-19 10:02:44.125835,-46.3398666381836,27.94772148132324,0.002159004099667,48.434,0.367,0.91,0.0,0,0,1,,1.0,2026-03-19T10:02:44.125835,neutral,0.788,2026-03-19T10:02:44.125835,0.5535709780205527,2026-03-19T10:02:44.926000,59,,,
participant_29,1,day,Town10HD_Opt,2026-03-19 10:02:45.033362,-37.58712387084961,28.090538024902344,0.0020802689250558,49.535,-0.164,0.899,0.0,0,0,1,,1.0,2026-03-19T10:02:45.033362,neutral,0.788,2026-03-19T10:02:44.125835,0.5568702025496381,2026-03-19T10:02:45.916000,61,,,
participant_29,1,day,Town10HD_Opt,2026-03-19 10:02:46.172150,-25.8581657409668,28.263900756835938,0.0022165297996252,48.213,-0.148,0.881,0.0,0,0,1,,0.81,2026-03-19T10:02:46.172150,neutral,0.533,2026-03-19T10:02:46.172150,0.591446334059125,2026-03-19T10:02:46.906000,62,,,
participant_29,1,day,Town10HD_Opt,2026-03-19 10:02:47.041139,-17.13397216796875,28.327192306518555,0.0020914839114993,49.275,-0.141,0.873,0.0,0,0,1,,1.0,2026-03-19T10:02:47.041139,neutral,0.533,2026-03-19T10:02:46.172150,0.5202425643632417,2026-03-19T10:02:47.942000,64,,,
participant_29,1,day,Town10HD_Opt,2026-03-19 10:02:48.145334,-5.538365364074707,28.3308048248291,0.0021257400512695,49.15,-0.141,0.84,0.0,0,0,1,,1.0,2026-03-19T10:02:48.145334,neutral,0.533,2026-03-19T10:02:46.172150,0.611274723233512,2026-03-19T10:02:48.931000,63,,,
participant_29,1,day,Town10HD_Opt,2026-03-19 10:02:49.016928,3.044560432434082,28.27477264404297,0.0022521971259266,45.126,-0.101,0.08,0.0,0,0,1,,1.0,2026-03-19T10:02:49.016928,neutral,0.801,2026-03-19T10:02:49.016928,0.5993158722607654,2026-03-19T10:02:49.922000,64,,,
participant_29,1,day,Town10HD_Opt,2026-03-19 10:02:50.185808,12.276952743530272,28.173173904418945,0.0023366163950413,32.959,0.068,0.027,0.0,0,0,1,,1.0,2026-03-19T10:02:50.185808,neutral,0.801,2026-03-19T10:02:49.016928,0.5257738015806508,2026-03-19T10:02:50.911000,60,,,
participant_29,1,day,Town10HD_Opt,2026-03-19 10:02:51.073562,17.460540771484375,28.123708724975582,0.0022537230979651,26.183,0.127,0.227,0.0,0,0,1,,1.0,2026-03-19T10:02:51.073562,neutral,0.832,2026-03-19T10:02:51.073562,0.59216040343885,2026-03-19T10:02:51.901000,62,,,
participant_29,1,day,Town10HD_Opt,2026-03-19 10:02:52.211705,23.17502212524414,28.09251594543457,0.0021075438708066,23.042,0.442,0.295,0.0,0,0,1,,1.0,2026-03-19T10:02:52.211705,neutral,0.832,2026-03-19T10:02:51.073562,0.5302727070795175,2026-03-19T10:02:52.891000,61,,,
participant_29,1,day,Town10HD_Opt,2026-03-19 10:02:53.091668,27.16845893859864,28.19103240966797,0.0020302962511777,23.108,4.282,0.411,0.0,0,0,1,,0.852,2026-03-19T10:02:53.091668,neutral,0.677,2026-03-19T10:02:53.091668,0.5575663335199115,2026-03-19T10:02:53.927000,59,,,
participant_29,1,day,Town10HD_Opt,2026-03-19 10:02:54.247561,32.64247131347656,29.12192344665528,0.0020623779855668,23.855,10.812,0.18,0.0,0,0,1,,1.0,2026-03-19T10:02:54.247561,neutral,0.677,2026-03-19T10:02:53.091668,0.501340932291741,2026-03-19T10:02:54.916000,58,,,
participant_29,1,day,Town10HD_Opt,2026-03-19 10:02:55.150889,36.13578414916992,30.83400154113769,0.0021691131405532,20.764,21.811,0.353,0.0,0,0,1,,0.863,2026-03-19T10:02:55.150889,neutral,0.678,2026-03-19T10:02:55.150889,0.499699758855782,2026-03-19T10:02:55.907000,60,,,
participant_29,1,day,Town10HD_Opt,2026-03-19 10:02:56.011932,38.42826843261719,33.739349365234375,0.0019387054489925,24.286,26.619,0.649,0.0,0,0,1,,1.0,2026-03-19T10:02:56.011932,neutral,0.678,2026-03-19T10:02:55.150889,0.6558414837681183,2026-03-19T10:02:56.896000,59,,,
participant_29,1,day,Town10HD_Opt,2026-03-19 10:02:57.126754,39.71278381347656,39.91453170776367,0.0021220778580754,26.686,-2.732,0.0,0.0,0,0,1,,0.92,2026-03-19T10:02:57.126754,neutral,0.678,2026-03-19T10:02:55.150889,0.5268039240442743,2026-03-19T10:02:57.932000,58,,,
participant_29,1,day,Town10HD_Opt,2026-03-19 10:02:58.050093,40.38682174682617,44.00396728515625,0.0022628020960837,19.964,5.609,0.0,0.161,0,0,1,,0.887,2026-03-19T10:02:58.050093,neutral,0.686,2026-03-19T10:02:58.050093,0.5192863149193915,2026-03-19T10:02:57.932000,59,Solid line crossing,Solid line crossing,
participant_29,1,day,Town10HD_Opt,2026-03-19 10:02:59.189133,40.61831283569336,47.85037612915039,0.0020634841639548,13.158,4.527,0.0,0.089,0,0,1,,0.901,2026-03-19T10:02:59.189133,neutral,0.686,2026-03-19T10:02:58.050093,0.5493916390147765,2026-03-19T10:02:59.911000,57,,,
participant_29,1,day,Town10HD_Opt,2026-03-19 10:03:00.000538,40.6002197265625,49.84638977050781,0.0020386122632771,9.415,2.017,0.0,0.094,0,0,1,,0.851,2026-03-19T10:03:00.000538,neutral,0.686,2026-03-19T10:02:58.050093,0.5089735912007718,2026-03-19T10:03:00.901000,58,,,
participant_29,1,day,Town10HD_Opt,2026-03-19 10:03:01.150682,40.59864044189453,51.59299850463867,0.0020112991333007,5.428,-0.771,0.0,0.095,0,0,1,,1.0,2026-03-19T10:03:01.150682,angry,0.515,2026-03-19T10:03:01.150682,0.4938850109818753,2026-03-19T10:03:01.892000,57,,,
participant_29,1,day,Town10HD_Opt,2026-03-19 10:03:02.228761,40.59919738769531,51.74951934814453,0.0019359969301149,0.001,-0.637,0.0,0.0,0,0,1,,0.842,2026-03-19T10:03:02.228761,angry,0.515,2026-03-19T10:03:01.150682,0.5185273302596575,2026-03-19T10:03:02.972000,59,,,
participant_29,1,day,Town10HD_Opt,2026-03-19 10:03:03.075830,40.59919738769531,51.74956893920898,0.0019199752714484,0.001,-0.623,0.0,0.0,0,0,1,,0.858,2026-03-19T10:03:03.075830,angry,0.515,2026-03-19T10:03:01.150682,0.506125316799127,2026-03-19T10:03:03.916000,62,,,
participant_29,1,day,Town10HD_Opt,2026-03-19 10:03:04.147323,40.59919738769531,51.74967193603516,0.001919288537465,0.002,-0.609,0.0,0.0,0,0,1,,0.84,2026-03-19T10:03:04.147323,neutral,0.406,2026-03-19T10:03:04.147323,0.4799215268828813,2026-03-19T10:03:04.906000,61,,,
participant_29,1,day,Town10HD_Opt,2026-03-19 10:03:05.020951,40.599266052246094,51.75908660888672,0.0019170378800481,0.257,-0.583,0.437,0.0,0,0,1,,0.813,2026-03-19T10:03:05.020951,neutral,0.406,2026-03-19T10:03:04.147323,0.5089993255873752,2026-03-19T10:03:05.896000,59,,,
participant_29,1,day,Town10HD_Opt,2026-03-19 10:03:06.146830,40.61738204956055,53.624305725097656,0.0014182281447574,18.755,-0.726,0.929,0.0,0,0,1,,1.0,2026-03-19T10:03:06.146830,neutral,0.406,2026-03-19T10:03:04.147323,0.5226517676508607,2026-03-19T10:03:06.932000,59,,,errors=Stop sign violation
participant_29,1,day,Town10HD_Opt,2026-03-19 10:03:06.987558,40.79428482055664,57.6837158203125,0.0017106246668845,28.693,-7.271,0.68,0.0,0,0,1,,0.845,2026-03-19T10:03:06.987558,neutral,0.731,2026-03-19T10:03:06.987558,0.4135496104874935,2026-03-19T10:03:06.932000,58,,,
participant_29,1,day,Town10HD_Opt,2026-03-19 10:03:08.053838,42.87718200683594,64.6442642211914,0.002003707922995,32.921,-14.237,0.476,0.0,0,0,1,,0.843,2026-03-19T10:03:08.053838,neutral,0.731,2026-03-19T10:03:06.987558,0.5006868511519925,2026-03-19T10:03:08.911000,65,,,
participant_29,1,day,Town10HD_Opt,2026-03-19 10:03:09.108615,48.47679901123047,69.91735076904297,0.0020814132876694,33.628,-16.731,0.254,0.0,0,0,1,,1.0,2026-03-19T10:03:09.108615,neutral,0.585,2026-03-19T10:03:09.108615,0.5391364688577045,2026-03-19T10:03:09.902000,66,,,
participant_29,1,day,Town10HD_Opt,2026-03-19 10:03:10.192551,55.30108642578125,71.08908081054688,0.0023018645588308,25.014,-6.706,0.0,0.0,0,0,1,,1.0,2026-03-19T10:03:10.192551,neutral,0.585,2026-03-19T10:03:09.108615,0.5496042008768933,2026-03-19T10:03:10.892000,64,,,
participant_29,1,day,Town10HD_Opt,2026-03-19 10:03:11.026026,59.235931396484375,70.7127456665039,0.0021530149970203,20.787,1.102,0.313,0.0,0,0,1,,1.0,2026-03-19T10:03:11.026026,neutral,0.585,2026-03-19T10:03:09.108615,0.5105845607969157,2026-03-19T10:03:11.926000,64,,,
participant_29,1,day,Town10HD_Opt,2026-03-19 10:03:12.087468,64.08033752441406,70.34443664550781,0.0019847105722874,21.767,0.947,0.307,0.0,0,0,1,,1.0,2026-03-19T10:03:12.087468,neutral,0.503,2026-03-19T10:03:12.087468,0.5425483192700001,2026-03-19T10:03:12.917000,65,,,
participant_29,1,day,Town10HD_Opt,2026-03-19 10:03:13.216369,69.33792877197266,70.12712097167969,0.0019056319724768,25.055,1.577,0.585,0.0,0,0,1,,1.0,2026-03-19T10:03:13.216369,neutral,0.503,2026-03-19T10:03:12.087468,0.5770698672452751,2026-03-19T10:03:13.907000,64,,,
participant_29,1,day,Town10HD_Opt,2026-03-19 10:03:14.086271,74.4378662109375,70.09188842773438,0.0016482543433085,35.683,0.465,0.868,0.0,0,0,1,,1.0,2026-03-19T10:03:14.086271,neutral,0.503,2026-03-19T10:03:12.087468,0.5291215998116009,2026-03-19T10:03:14.897000,64,,,
participant_29,1,day,Town10HD_Opt,2026-03-19 10:03:15.209829,84.39671325683594,70.16127014160156,0.0017089080065488,49.76,0.284,0.174,0.0,0,0,1,,0.879,2026-03-19T10:03:15.209829,neutral,0.702,2026-03-19T10:03:15.209829,0.5272416211026593,2026-03-19T10:03:15.932000,61,,,
participant_29,1,day,Town10HD_Opt,2026-03-19 10:03:16.046930,92.52284240722656,70.67157745361328,0.0023846053518354,40.662,12.869,0.0,0.0,0,0,1,,1.0,2026-03-19T10:03:16.046930,neutral,0.702,2026-03-19T10:03:15.209829,0.5131157811127015,2026-03-19T10:03:16.921000,66,,,
participant_29,1,day,Town10HD_Opt,2026-03-19 10:03:17.121921,98.979248046875,74.74761962890625,0.0024179839529097,27.152,26.324,0.111,0.0,0,0,1,,0.85,2026-03-19T10:03:17.121921,neutral,0.702,2026-03-19T10:03:15.209829,0.5343647487811962,2026-03-19T10:03:17.912000,64,,,
participant_29,1,day,Town10HD_Opt,2026-03-19 10:03:18.006400,100.16167449951172,79.05223846435547,0.0020555495284497,26.404,11.735,0.519,0.0,0,0,1,,0.876,2026-03-19T10:03:18.006400,neutral,0.66,2026-03-19T10:03:18.006400,0.6377376585755139,2026-03-19T10:03:17.912000,63,,,
participant_29,1,day,Town10HD_Opt,2026-03-19 10:03:19.112392,100.37252807617188,86.3206558227539,0.0016176223289221,39.778,1.989,0.941,0.0,0,0,1,,0.84,2026-03-19T10:03:19.112392,neutral,0.66,2026-03-19T10:03:18.006400,0.6276974546899374,2026-03-19T10:03:19.982000,64,,,
participant_29,1,day,Town10HD_Opt,2026-03-19 10:03:20.191337,99.58689880371094,97.00057220458984,0.0019532011356204,48.91,4.551,0.422,0.0,0,0,1,,1.0,2026-03-19T10:03:20.191337,neutral,0.637,2026-03-19T10:03:20.191337,0.5910565099786524,2026-03-19T10:03:20.926000,63,,,
participant_29,1,day,Town10HD_Opt,2026-03-19 10:03:21.022555,97.41127014160156,105.1198501586914,0.0021046064794063,46.942,4.924,0.416,0.0,0,0,1,,1.0,2026-03-19T10:03:21.022555,neutral,0.637,2026-03-19T10:03:20.191337,0.4694877624645199,2026-03-19T10:03:21.916000,62,,,
participant_29,1,day,Town10HD_Opt,2026-03-19 10:03:22.115194,92.45632934570312,114.5903778076172,0.0021010206546634,44.709,3.49,0.411,0.0,0,0,1,,0.883,2026-03-19T10:03:22.115194,neutral,0.637,2026-03-19T10:03:20.191337,0.5261296368191645,2026-03-19T10:03:22.906000,63,,,
participant_29,1,day,Town10HD_Opt,2026-03-19 10:03:23.231993,85.91512298583984,122.407470703125,0.0020941160619258,42.737,6.08,0.411,0.0,0,0,1,,1.0,2026-03-19T10:03:23.231993,neutral,0.824,2026-03-19T10:03:23.231993,0.5037302057105033,2026-03-19T10:03:23.897000,62,,,
participant_29,1,day,Town10HD_Opt,2026-03-19 10:03:24.065859,80.03003692626953,126.82511138916016,0.002091102534905,41.452,6.687,0.411,0.0,0,0,1,,0.897,2026-03-19T10:03:24.065859,neutral,0.824,2026-03-19T10:03:23.231993,0.5530141934535747,2026-03-19T10:03:24.977000,65,,,
participant_29,1,day,Town10HD_Opt,2026-03-19 10:03:25.153317,71.22933197021484,130.3314666748047,0.0020714949350804,40.045,6.343,0.411,0.0,0,0,1,,0.803,2026-03-19T10:03:25.153317,neutral,0.824,2026-03-19T10:03:23.231993,0.4863298651666954,2026-03-19T10:03:25.922000,65,,,
participant_29,1,day,Town10HD_Opt,2026-03-19 10:03:26.022713,64.3576431274414,131.23150634765625,0.0020726395305246,39.254,3.702,0.411,0.0,0,0,1,,0.911,2026-03-19T10:03:26.022713,neutral,0.703,2026-03-19T10:03:26.022713,0.4935437474482624,2026-03-19T10:03:26.912000,67,,,
participant_29,1,day,Town10HD_Opt,2026-03-19 10:03:27.182121,55.28429412841797,131.3521728515625,0.0020606995094567,38.501,0.153,0.411,0.0,0,0,1,,0.835,2026-03-19T10:03:27.182121,neutral,0.703,2026-03-19T10:03:26.022713,0.4365697359144977,2026-03-19T10:03:27.902000,63,,,
participant_29,1,day,Town10HD_Opt,2026-03-19 10:03:28.034584,48.58534622192383,131.31790161132812,0.0020580673590302,38.027,0.2,0.411,0.0,0,0,1,,1.0,2026-03-19T10:03:28.034584,happy,0.842,2026-03-19T10:03:28.034584,0.4501712285894955,2026-03-19T10:03:28.892000,65,,,
participant_29,1,day,Town10HD_Opt,2026-03-19 10:03:29.193465,39.7724494934082,131.20086669921875,0.0020553588401526,37.498,0.19,0.411,0.0,0,0,1,,0.804,2026-03-19T10:03:29.193465,happy,0.842,2026-03-19T10:03:28.034584,0.5169958668068527,2026-03-19T10:03:29.927000,68,,,
participant_29,1,day,Town10HD_Opt,2026-03-19 10:03:30.109688,33.2384147644043,131.08045959472656,0.0020536039955914,37.166,0.176,0.411,0.0,0,0,1,,1.0,2026-03-19T10:03:30.109688,neutral,0.482,2026-03-19T10:03:30.109688,0.4424745330094547,2026-03-19T10:03:30.917000,68,,,
participant_29,1,day,Town10HD_Opt,2026-03-19 10:03:31.030416,26.75946044921875,130.927001953125,0.0020520400721579,36.88,-0.092,0.411,0.0,0,0,1,,1.0,2026-03-19T10:03:31.030416,neutral,0.482,2026-03-19T10:03:30.109688,0.5002725600287976,2026-03-19T10:03:31.907000,67,,,
participant_29,1,day,Town10HD_Opt,2026-03-19 10:03:32.162683,18.19202041625977,130.75439453125,0.0020505141001194,36.546,0.007,0.411,0.0,0,0,1,,1.0,2026-03-19T10:03:32.162683,neutral,0.316,2026-03-19T10:03:32.162683,0.4993233471585228,2026-03-19T10:03:32.897000,70,,,
participant_29,1,day,Town10HD_Opt,2026-03-19 10:03:33.023603,11.811529159545898,130.6503143310547,0.0020494842901825,36.357,-0.052,0.411,0.0,0,0,1,,1.0,2026-03-19T10:03:33.023603,neutral,0.316,2026-03-19T10:03:32.162683,0.4801509858217562,2026-03-19T10:03:33.931000,71,,,
participant_29,1,day,Town10HD_Opt,2026-03-19 10:03:34.188210,3.699318170547485,130.53402709960938,0.0022764967288821,29.83,-0.056,0.0,0.0,0,0,1,,0.825,2026-03-19T10:03:34.188210,disgust,0.647,2026-03-19T10:03:34.188210,0.4657059224323776,2026-03-19T10:03:34.922000,62,,,
participant_29,1,day,Town10HD_Opt,2026-03-19 10:03:35.104299,-1.008681058883667,130.47671508789062,0.0022714994847774,23.064,-0.047,0.0,0.0,0,0,1,,0.808,2026-03-19T10:03:35.104299,disgust,0.647,2026-03-19T10:03:34.188210,0.519675635008658,2026-03-19T10:03:35.912000,65,,,
participant_29,1,day,Town10HD_Opt,2026-03-19 10:03:36.207024,-5.549515247344971,130.42713928222656,0.001987915020436,16.071,-0.047,0.0,0.0,0,0,1,,0.869,2026-03-19T10:03:36.207024,neutral,0.827,2026-03-19T10:03:36.207024,0.4685034950147616,2026-03-19T10:03:36.903000,63,,,
participant_29,1,day,Town10HD_Opt,2026-03-19 10:03:37.074249,-8.052019119262695,130.40219116210938,0.0020366667304188,12.331,-0.047,0.0,0.0,0,0,1,,0.909,2026-03-19T10:03:37.074249,neutral,0.827,2026-03-19T10:03:36.207024,0.4180349109177706,2026-03-19T10:03:37.892000,63,,,
participant_29,1,day,Town10HD_Opt,2026-03-19 10:03:38.135454,-10.52568817138672,130.37908935546875,0.0019331359071657,10.591,-0.047,1.0,0.0,0,0,1,,0.815,2026-03-19T10:03:38.135454,neutral,0.827,2026-03-19T10:03:36.207024,0.4105589703813195,2026-03-19T10:03:38.927000,60,,,
participant_29,1,day,Town10HD_Opt,2026-03-19 10:03:39.011769,-13.48372745513916,130.35336303710938,0.001718025188893,24.069,-0.047,1.0,0.0,0,0,1,,1.0,2026-03-19T10:03:39.011769,neutral,0.686,2026-03-19T10:03:39.011769,0.4307177256656954,2026-03-19T10:03:39.916000,58,,,
participant_29,1,day,Town10HD_Opt,2026-03-19 10:03:40.069558,-21.493581771850582,130.29331970214844,0.0015409850748255,45.366,-0.047,0.947,0.0,0,0,1,,0.843,2026-03-19T10:03:40.069558,neutral,0.686,2026-03-19T10:03:39.011769,0.4084500589081505,2026-03-19T10:03:40.907000,59,,,
participant_29,1,day,Town10HD_Opt,2026-03-19 10:03:41.130626,-32.63459777832031,130.09324645996094,0.0023369216360151,42.131,12.704,0.0,0.0,0,0,1,,0.939,2026-03-19T10:03:41.130626,neutral,0.612,2026-03-19T10:03:41.130626,0.519679716377257,2026-03-19T10:03:41.897000,58,Stop sign violation,stop_sign_id=678,
participant_29,1,day,Town10HD_Opt,2026-03-19 10:03:42.229123,-39.85125732421875,126.64789581298828,0.002438316354528,28.166,24.724,0.0,0.0,0,0,1,,1.0,2026-03-19T10:03:42.229123,neutral,0.612,2026-03-19T10:03:41.130626,0.4195248918788166,2026-03-19T10:03:42.932000,59,,,
participant_29,1,day,Town10HD_Opt,2026-03-19 10:03:43.077036,-41.55001831054688,122.69723510742188,0.0022796629928052,21.669,12.083,0.372,0.0,0,0,1,,0.887,2026-03-19T10:03:43.077036,neutral,0.612,2026-03-19T10:03:41.130626,0.4560940690642772,2026-03-19T10:03:43.922000,58,,,
participant_29,1,day,Town10HD_Opt,2026-03-19 10:03:44.224723,-42.297733306884766,116.77661895751952,0.001761665334925,31.763,3.945,0.535,0.0,0,0,1,,0.96,2026-03-19T10:03:44.224723,neutral,0.624,2026-03-19T10:03:44.224723,0.5298903702700362,2026-03-19T10:03:44.912000,60,,,
participant_29,1,day,Town10HD_Opt,2026-03-19 10:03:45.148057,-42.39371490478516,110.90908813476562,0.0019349288195371,35.261,0.327,0.503,0.0,0,0,1,,1.0,2026-03-19T10:03:45.148057,neutral,0.624,2026-03-19T10:03:44.224723,0.4451633850851887,2026-03-19T10:03:45.902000,60,,,
participant_29,1,day,Town10HD_Opt,2026-03-19 10:03:46.095178,-42.39030838012695,104.572021484375,0.0020065689459443,36.673,-0.341,0.292,0.0,0,0,1,,0.84,2026-03-19T10:03:46.095178,neutral,0.624,2026-03-19T10:03:44.224723,0.4569571436789161,2026-03-19T10:03:46.892000,59,,,
participant_29,1,day,Town10HD_Opt,2026-03-19 10:03:47.225814,-42.36312103271485,96.40238189697266,0.002136840717867,32.932,0.456,0.274,0.0,0,0,1,,1.0,2026-03-19T10:03:47.225814,neutral,0.671,2026-03-19T10:03:47.225814,0.4591776054350154,2026-03-19T10:03:47.927000,60,,,
participant_29,1,day,Town10HD_Opt,2026-03-19 10:03:48.075085,-42.2380256652832,90.84929656982422,0.0021273039747029,30.315,0.284,0.274,0.0,0,0,1,,1.0,2026-03-19T10:03:48.075085,neutral,0.671,2026-03-19T10:03:47.225814,0.5782049464341696,2026-03-19T10:03:48.962000,61,,,
participant_29,1,day,Town10HD_Opt,2026-03-19 10:03:49.161066,-42.02512741088867,84.10303497314453,0.0021158980671316,27.297,-0.11,0.234,0.0,0,0,1,,0.856,2026-03-19T10:03:49.161066,neutral,0.671,2026-03-19T10:03:47.225814,0.5054454854580352,2026-03-19T10:03:49.907000,59,,,
participant_29,1,day,Town10HD_Opt,2026-03-19 10:03:50.004371,-41.76006317138672,79.53406524658203,0.002128868130967,24.774,10.61,0.366,0.0,0,0,1,,0.919,2026-03-19T10:03:50.004371,neutral,0.733,2026-03-19T10:03:50.004371,0.5021919047867741,2026-03-19T10:03:50.897000,61,,,
participant_29,1,day,Town10HD_Opt,2026-03-19 10:03:51.169319,-39.638954162597656,74.21251678466797,0.0020449447911232,25.643,19.786,0.398,0.0,0,0,1,,0.813,2026-03-19T10:03:51.169319,neutral,0.733,2026-03-19T10:03:50.004371,0.4583981582344942,2026-03-19T10:03:51.932000,60,,,
participant_29,1,day,Town10HD_Opt,2026-03-19 10:03:52.019522,-36.22782516479492,71.31336975097656,0.0020793913863599,25.92,19.543,0.37,0.0,0,0,1,,1.0,2026-03-19T10:03:52.019522,neutral,0.792,2026-03-19T10:03:52.019522,0.4691806123235513,2026-03-19T10:03:52.922000,58,,,
participant_29,1,day,Town10HD_Opt,2026-03-19 10:03:53.162014,-30.414979934692383,70.008056640625,0.0020672224927693,25.852,8.415,0.347,0.0,0,0,1,,0.892,2026-03-19T10:03:53.162014,neutral,0.792,2026-03-19T10:03:52.019522,0.5438734779584312,2026-03-19T10:03:53.912000,60,,,
participant_29,1,day,Town10HD_Opt,2026-03-19 10:03:54.046011,-25.90091896057129,70.05767822265625,0.0020545958541333,25.606,-0.834,0.337,0.0,0,0,1,,0.84,2026-03-19T10:03:54.046011,neutral,0.58,2026-03-19T10:03:54.046011,0.4884275942194787,2026-03-19T10:03:54.902000,62,,,
participant_29,1,day,Town10HD_Opt,2026-03-19 10:03:55.204891,-19.96896171569824,70.10012817382812,0.0020531080663204,25.187,-1.65,0.341,0.0,0,0,1,,1.0,2026-03-19T10:03:55.204891,neutral,0.58,2026-03-19T10:03:54.046011,0.4809000822948462,2026-03-19T10:03:55.937000,60,,,
participant_29,1,day,Town10HD_Opt,2026-03-19 10:03:56.042035,-15.577058792114258,70.00431823730469,0.0020515441428869,24.95,-0.472,0.341,0.0,0,0,1,,1.0,2026-03-19T10:03:56.042035,neutral,0.58,2026-03-19T10:03:54.046011,0.4791783553343954,2026-03-19T10:03:56.927000,62,,,
participant_29,1,day,Town10HD_Opt,2026-03-19 10:03:57.196696,-9.78283405303955,69.7909927368164,0.0020502470433712,24.671,0.153,0.341,0.0,0,0,1,,1.0,2026-03-19T10:03:57.196696,disgust,0.664,2026-03-19T10:03:57.196696,0.4247176561853446,2026-03-19T10:03:57.916000,61,,,
participant_29,1,day,Town10HD_Opt,2026-03-19 10:03:58.089882,-5.4749755859375,69.658447265625,0.0020494079217314,24.507,0.714,0.341,0.0,0,0,1,,1.0,2026-03-19T10:03:58.089882,disgust,0.664,2026-03-19T10:03:57.196696,0.4707489543967018,2026-03-19T10:03:58.906000,62,,,
participant_29,1,day,Town10HD_Opt,2026-03-19 10:03:59.142760,0.2272694706916809,69.58619689941406,0.0020485685672611,24.317,0.649,0.341,0.0,0,0,1,,1.0,2026-03-19T10:03:59.142760,disgust,0.664,2026-03-19T10:03:57.196696,0.5424466672220449,2026-03-19T10:03:59.897000,65,,,
participant_29,1,day,Town10HD_Opt,2026-03-19 10:04:00.191344,5.887117385864258,69.62307739257812,0.0020478058140724,24.142,0.649,0.341,0.0,0,0,1,,1.0,2026-03-19T10:04:00.191344,neutral,0.856,2026-03-19T10:04:00.191344,0.4475457484023418,2026-03-19T10:04:00.932000,65,,,
participant_29,1,day,Town10HD_Opt,2026-03-19 10:04:00.993497,10.10447597503662,69.71953582763672,0.0020542526617646,23.829,0.045,0.139,0.0,0,0,1,,1.0,2026-03-19T10:04:00.993497,neutral,0.856,2026-03-19T10:04:00.191344,0.5050539348057383,2026-03-19T10:04:00.932000,68,,,
participant_29,1,day,Town10HD_Opt,2026-03-19 10:04:02.060955,14.972326278686523,69.81775665283203,0.0019818113651126,17.264,-0.223,0.0,0.085,0,0,1,,0.834,2026-03-19T10:04:02.060955,neutral,0.856,2026-03-19T10:04:00.191344,0.5803218015943727,2026-03-19T10:04:02.912000,66,,,
participant_29,1,day,Town10HD_Opt,2026-03-19 10:04:03.218960,18.33135032653809,69.867919921875,0.0020519637037068,11.19,0.092,0.0,0.086,0,0,1,,1.0,2026-03-19T10:04:03.218960,neutral,0.633,2026-03-19T10:04:03.218960,0.6609289475206116,2026-03-19T10:04:03.903000,67,,,
participant_29,1,day,Town10HD_Opt,2026-03-19 10:04:04.060704,20.056047439575195,69.89649963378906,0.0020162963774055,8.316,0.07,0.0,0.0,0,0,1,,1.0,2026-03-19T10:04:04.060704,neutral,0.633,2026-03-19T10:04:03.218960,0.6486125349468005,2026-03-19T10:04:04.937000,63,,,
participant_29,1,day,Town10HD_Opt,2026-03-19 10:04:05.234882,21.697185516357425,69.92407989501953,0.0019641113467514,5.786,0.026,0.0,0.0,0,0,1,,0.8,2026-03-19T10:04:05.234882,disgust,0.707,2026-03-19T10:04:05.234882,0.7443346425746049,2026-03-19T10:04:05.927000,65,,,
participant_29,1,day,Town10HD_Opt,2026-03-19 10:04:06.107292,22.612682342529297,69.93960571289062,0.0019620894454419,4.515,0.026,0.0,0.0,0,0,1,,1.0,2026-03-19T10:04:06.107292,disgust,0.707,2026-03-19T10:04:05.234882,0.8174283387250809,2026-03-19T10:04:06.917000,64,,,
participant_29,1,day,Town10HD_Opt,2026-03-19 10:04:07.230646,23.48932838439941,69.95458984375,0.001939010573551,3.339,0.021,0.0,0.0,0,0,1,,0.835,2026-03-19T10:04:07.230646,disgust,0.707,2026-03-19T10:04:05.234882,0.9310339309987344,2026-03-19T10:04:07.907000,65,,,
participant_29,1,day,Town10HD_Opt,2026-03-19 10:04:08.062869,24.06035041809082,69.9643325805664,0.0019300079438835,3.255,-0.002,0.104,0.0,0,0,1,,1.0,2026-03-19T10:04:08.062869,neutral,0.784,2026-03-19T10:04:08.062869,0.9172969580654602,2026-03-19T10:04:07.907000,63,,,
participant_29,1,day,Town10HD_Opt,2026-03-19 10:04:09.190806,24.795312881469727,69.97679901123047,0.0019329452188685,3.023,-0.007,0.0,0.0,0,0,1,,1.0,2026-03-19T10:04:09.190806,neutral,0.784,2026-03-19T10:04:08.062869,0.8725321567642239,2026-03-19T10:04:09.932000,66,,,
participant_29,1,day,Town10HD_Opt,2026-03-19 10:04:10.063992,25.27286148071289,69.98480987548828,0.0019470977131277,2.443,-0.023,0.0,0.0,0,0,1,,1.0,2026-03-19T10:04:10.063992,disgust,0.657,2026-03-19T10:04:10.063992,0.8511151010336582,2026-03-19T10:04:10.922000,64,,,
participant_29,1,day,Town10HD_Opt,2026-03-19 10:04:11.214266,25.786989212036133,69.99333953857422,0.0019361877348273,1.838,-0.049,0.0,0.0,0,0,1,,1.0,2026-03-19T10:04:11.214266,disgust,0.657,2026-03-19T10:04:10.063992,0.8914801155190573,2026-03-19T10:04:11.913000,67,,,
participant_29,1,day,Town10HD_Opt,2026-03-19 10:04:12.001668,26.005651473999023,69.99691009521484,0.0020171354990452,0.0,-0.082,0.0,0.023,0,0,1,,1.0,2026-03-19T10:04:12.001668,disgust,0.657,2026-03-19T10:04:10.063992,0.8850376510192879,2026-03-19T10:04:12.902000,64,,,
participant_29,1,day,Town10HD_Opt,2026-03-19 10:04:13.102283,26.014583587646484,69.99700927734375,0.0018748092697933,1.984,-0.11,0.891,0.0,0,0,1,,1.0,2026-03-19T10:04:13.102283,neutral,0.803,2026-03-19T10:04:13.102283,0.8975223759599971,2026-03-19T10:04:13.941000,65,,,
participant_29,1,day,Town10HD_Opt,2026-03-19 10:04:14.234006,28.25550651550293,70.01384735107422,0.0015568542294204,18.717,-4.098,0.718,0.0,0,0,1,,0.836,2026-03-19T10:04:14.234006,neutral,0.803,2026-03-19T10:04:13.102283,0.8798605976595228,2026-03-19T10:04:14.927000,65,,,errors=Stop sign violation
participant_29,1,day,Town10HD_Opt,2026-03-19 10:04:15.119624,31.852508544921875,69.66873168945312,0.0018894576933234,23.26,-9.952,0.512,0.0,0,0,1,,0.891,2026-03-19T10:04:15.119624,neutral,0.528,2026-03-19T10:04:15.119624,0.9086479847479284,2026-03-19T10:04:15.917000,66,,,
participant_29,1,day,Town10HD_Opt,2026-03-19 10:04:15.998416,35.94948196411133,68.43694305419922,0.0020547485910356,24.352,-9.586,0.0,0.0,0,0,1,,0.895,2026-03-19T10:04:15.998416,neutral,0.528,2026-03-19T10:04:15.119624,0.7989858808103061,2026-03-19T10:04:16.907000,64,,,
participant_29,1,day,Town10HD_Opt,2026-03-19 10:04:17.088626,40.13043594360352,65.98561096191406,0.0019803238101303,17.062,-10.802,0.0,0.084,0,0,1,,0.929,2026-03-19T10:04:17.088626,neutral,0.528,2026-03-19T10:04:15.119624,0.9083837690878858,2026-03-19T10:04:17.942000,63,,,
participant_29,1,day,Town10HD_Opt,2026-03-19 10:04:18.213065,42.47154998779297,63.68233871459961,0.0020598983392119,11.045,-10.891,0.0,0.104,0,0,1,,0.921,2026-03-19T10:04:18.213065,neutral,0.619,2026-03-19T10:04:18.213065,0.8830152203691854,2026-03-19T10:04:18.932000,65,,,
participant_29,1,day,Town10HD_Opt,2026-03-19 10:04:19.050388,43.54558181762695,62.22348403930664,0.0017671203240752,13.166,-13.477,0.86,0.0,0,0,1,,0.935,2026-03-19T10:04:19.050388,neutral,0.619,2026-03-19T10:04:18.213065,0.7651601079271737,2026-03-19T10:04:19.922000,63,,,
participant_29,1,day,Town10HD_Opt,2026-03-19 10:04:20.177585,45.31515884399414,57.98899459838867,0.0017655562842264,26.631,-16.206,0.665,0.0,0,0,1,,0.904,2026-03-19T10:04:20.177585,neutral,0.619,2026-03-19T10:04:18.213065,0.8482043055917776,2026-03-19T10:04:20.912000,65,,,
participant_29,1,day,Town10HD_Opt,2026-03-19 10:04:21.040160,45.56425857543945,53.06208038330078,0.0021139143500477,27.518,-12.597,0.0,0.0,0,0,1,,0.833,2026-03-19T10:04:21.040160,sad,0.364,2026-03-19T10:04:21.040160,0.8991696707126379,2026-03-19T10:04:21.903000,63,,,
participant_29,1,day,Town10HD_Opt,2026-03-19 10:04:22.143678,44.514408111572266,47.69245147705078,0.0022445677313953,19.029,2.017,0.0,0.0,0,0,1,,0.952,2026-03-19T10:04:22.143678,sad,0.364,2026-03-19T10:04:21.040160,0.914309340354286,2026-03-19T10:04:23.027000,65,,,
participant_29,1,day,Town10HD_Opt,2026-03-19 10:04:23.012169,44.109169006347656,44.78113555908203,0.0020786665845662,13.969,9.449,0.0,0.234,0,0,1,,0.881,2026-03-19T10:04:23.012169,sad,0.364,2026-03-19T10:04:21.040160,0.8920852043962638,2026-03-19T10:04:23.928000,63,,,
participant_29,1,day,Town10HD_Opt,2026-03-19 10:04:24.094689,44.06057357788086,42.22362518310547,0.0020605085883289,7.811,0.376,0.0,0.222,0,0,1,,0.937,2026-03-19T10:04:24.094689,neutral,0.494,2026-03-19T10:04:24.094689,0.863879468718978,2026-03-19T10:04:24.965000,63,,,
participant_29,1,day,Town10HD_Opt,2026-03-19 10:04:25.214628,44.03386688232422,41.19465255737305,0.0017789077246561,5.534,3.142,0.969,0.0,0,0,1,,0.922,2026-03-19T10:04:25.214628,neutral,0.494,2026-03-19T10:04:24.094689,0.8692905873155283,2026-03-19T10:04:25.907000,64,Solid line crossing,Solid line crossing,
participant_29,1,day,Town10HD_Opt,2026-03-19 10:04:26.026389,44.09175109863281,39.0023193359375,0.0016792296664789,19.71,6.554,0.76,0.0,0,0,1,,0.942,2026-03-19T10:04:26.026389,neutral,0.494,2026-03-19T10:04:24.094689,0.8579129635691463,2026-03-19T10:04:26.942000,58,,,
participant_29,1,day,Town10HD_Opt,2026-03-19 10:04:27.107568,45.30293655395508,33.60765075683594,0.0019425963982939,26.958,15.946,0.426,0.0,0,0,1,,1.0,2026-03-19T10:04:27.107568,neutral,0.757,2026-03-19T10:04:27.107568,0.8561597364516271,2026-03-19T10:04:27.933000,65,,,
participant_29,1,day,Town10HD_Opt,2026-03-19 10:04:28.203467,49.425907135009766,28.928815841674805,0.0020802307408303,27.715,21.969,0.418,0.0,0,0,1,,1.0,2026-03-19T10:04:28.203467,neutral,0.757,2026-03-19T10:04:27.107568,0.8113970041209838,2026-03-19T10:04:28.922000,63,,,
participant_29,1,day,Town10HD_Opt,2026-03-19 10:04:29.064545,54.045555114746094,27.373952865600582,0.0020544815342873,28.148,6.265,0.32,0.0,0,0,1,,0.813,2026-03-19T10:04:29.064545,neutral,0.757,2026-03-19T10:04:27.107568,0.9193016316895646,2026-03-19T10:04:29.912000,66,,,
participant_29,1,day,Town10HD_Opt,2026-03-19 10:04:30.149671,60.3571891784668,26.45615005493164,0.002147254999727,25.308,1.354,0.665,0.0,0,0,1,,1.0,2026-03-19T10:04:30.149671,sad,0.354,2026-03-19T10:04:30.149671,0.8851262588482511,2026-03-19T10:04:30.904000,65,,,
participant_29,1,day,Town10HD_Opt,2026-03-19 10:04:31.217060,67.55353546142578,25.867149353027344,0.0015673064626753,40.915,1.551,0.712,0.0,0,0,1,,0.812,2026-03-19T10:04:31.217060,sad,0.354,2026-03-19T10:04:30.149671,0.8426928117684521,2026-03-19T10:04:31.937000,67,,,
participant_29,1,day,Town10HD_Opt,2026-03-19 10:04:32.024918,74.39642333984375,25.63248634338379,0.0023254775442183,34.252,1.208,0.27,0.0,0,0,1,,0.837,2026-03-19T10:04:32.024918,sad,0.354,2026-03-19T10:04:30.149671,0.8904833809266934,2026-03-19T10:04:32.927000,68,,,
participant_29,1,day,Town10HD_Opt,2026-03-19 10:04:33.114275,83.26750946044922,25.76095199584961,0.0015934753464534,47.131,0.59,0.78,0.0,0,0,1,,0.86,2026-03-19T10:04:33.114275,neutral,0.613,2026-03-19T10:04:33.114275,0.902251717827546,2026-03-19T10:04:33.917000,70,,,
participant_29,1,day,Town10HD_Opt,2026-03-19 10:04:34.163615,93.7061004638672,25.333051681518555,0.0023770141415297,38.043,-9.047,0.024,0.0,0,0,1,,1.0,2026-03-19T10:04:34.163615,neutral,0.613,2026-03-19T10:04:33.114275,0.8742260402476821,2026-03-19T10:04:34.908000,72,,,
participant_29,1,day,Town10HD_Opt,2026-03-19 10:04:35.045202,99.4744873046875,23.057025909423828,0.0020834731403738,35.504,-15.112,0.672,0.0,0,0,1,,0.858,2026-03-19T10:04:35.045202,neutral,0.613,2026-03-19T10:04:33.114275,0.7897019668112535,2026-03-19T10:04:35.897000,70,,,
participant_29,1,day,Town10HD_Opt,2026-03-19 10:04:36.114409,105.08228302001952,16.136089324951172,0.0020579528063535,41.109,-14.805,0.0,0.0,0,0,1,,0.835,2026-03-19T10:04:36.114409,neutral,0.874,2026-03-19T10:04:36.114409,0.9081286612997292,2026-03-19T10:04:36.932000,67,,,
participant_29,1,day,Town10HD_Opt,2026-03-19 10:04:37.162157,105.69329071044922,8.024374961853027,0.0023332594428211,29.229,-3.304,0.0,0.0,0,0,1,,1.0,2026-03-19T10:04:37.162157,neutral,0.874,2026-03-19T10:04:36.114409,0.8818729708963888,2026-03-19T10:04:37.923000,66,,,
participant_29,1,day,Town10HD_Opt,2026-03-19 10:04:38.006322,105.07264709472656,3.4549598693847656,0.0021926879417151,24.016,17.941,0.275,0.0,0,0,1,,0.906,2026-03-19T10:04:38.006322,neutral,0.874,2026-03-19T10:04:36.114409,0.815963420809581,2026-03-19T10:04:38.912000,66,,,
participant_29,1,day,Town10HD_Opt,2026-03-19 10:04:39.109821,106.48091888427734,-1.6110774278640747,0.0021101760212332,21.954,5.756,0.389,0.0,0,0,1,,0.876,2026-03-19T10:04:39.109821,neutral,0.344,2026-03-19T10:04:39.109821,0.8730662055522223,2026-03-19T10:04:39.902000,67,,,
participant_29,1,day,Town10HD_Opt,2026-03-19 10:04:40.116301,108.75334930419922,-6.9930267333984375,0.0016254043439403,33.399,-11.462,0.922,0.0,0,0,1,,1.0,2026-03-19T10:04:40.116301,neutral,0.344,2026-03-19T10:04:39.109821,0.9203703622408445,2026-03-19T10:04:40.938000,67,,,
participant_29,1,day,Town10HD_Opt,2026-03-19 10:04:41.165478,108.90309143066406,-16.388811111450195,0.0017547225579619,47.858,-7.209,0.699,0.0,0,0,1,,0.896,2026-03-19T10:04:41.165478,neutral,0.436,2026-03-19T10:04:41.165478,0.8063013824342815,2026-03-19T10:04:41.928000,67,,,
participant_29,1,day,Town10HD_Opt,2026-03-19 10:04:42.203167,105.22664642333984,-27.272262573242188,0.0021546173375099,47.478,12.289,0.0,0.0,0,0,1,,0.836,2026-03-19T10:04:42.203167,neutral,0.436,2026-03-19T10:04:41.165478,0.8589596062751051,2026-03-19T10:04:42.918000,72,,,
participant_29,1,day,Town10HD_Opt,2026-03-19 10:04:43.002571,104.50778198242188,-34.56398010253906,0.002410392742604,36.384,10.271,0.0,0.0,0,0,1,,0.95,2026-03-19T10:04:43.002571,neutral,0.436,2026-03-19T10:04:41.165478,0.8412903465863711,2026-03-19T10:04:43.908000,68,,,
participant_29,1,day,Town10HD_Opt,2026-03-19 10:04:44.002694,106.3005142211914,-41.59922790527344,0.0022942733485251,25.621,-6.421,0.0,0.0,0,0,1,,0.829,2026-03-19T10:04:44.002694,neutral,0.695,2026-03-19T10:04:44.002694,0.9121271764010308,2026-03-19T10:04:43.908000,70,,,
participant_29,1,day,Town10HD_Opt,2026-03-19 10:04:45.022604,106.77525329589844,-46.37906646728516,0.0248505398631095,9.72,-11.441,0.0,0.0,0,0,1,,1.0,2026-03-19T10:04:45.022604,neutral,0.695,2026-03-19T10:04:44.002694,0.8772363162580563,2026-03-19T10:04:45.933000,68,,,
participant_29,1,day,Town10HD_Opt,2026-03-19 10:04:45.988885,106.73240661621094,-46.51335525512695,0.0367256551980972,0.013,-11.61,0.0,0.0,0,0,1,,1.0,2026-03-19T10:04:45.988885,neutral,0.695,2026-03-19T10:04:44.002694,0.9082823160170994,2026-03-19T10:04:45.933000,70,,,
participant_29,1,day,Town10HD_Opt,2026-03-19 10:04:47.118671,-41.66875076293945,89.74507904052734,-0.0706437975168228,0.863,-10.499,0.0,0.0,0,0,0,,1.0,2026-03-19T10:04:47.118671,neutral,0.632,2026-03-19T10:04:47.118671,0.9670433071681174,2026-03-19T10:04:47.912000,69,,,
participant_29,1,day,Town10HD_Opt,2026-03-19 10:04:48.233079,-41.66885757446289,89.74560546875,0.0016922760987654,0.002,1.363,0.746,0.0,0,0,0,,1.0,2026-03-19T10:04:48.233079,neutral,0.632,2026-03-19T10:04:47.118671,0.8964396944793191,2026-03-19T10:04:48.902000,67,,,
participant_29,1,day,Town10HD_Opt,2026-03-19 10:04:49.037516,-41.668212890625,88.78458404541016,0.0014388725394383,13.657,0.367,0.726,0.0,0,0,1,,1.0,2026-03-19T10:04:49.037516,neutral,0.632,2026-03-19T10:04:47.118671,0.8073782685857802,2026-03-19T10:04:48.902000,65,,,
participant_29,1,day,Town10HD_Opt,2026-03-19 10:04:50.109968,-41.647499084472656,84.77090454101562,0.0018525690538808,17.165,0.36,0.0,0.0,0,0,1,,1.0,2026-03-19T10:04:50.109968,disgust,0.784,2026-03-19T10:04:50.109968,0.8978219823555768,2026-03-19T10:04:50.928000,65,,,
participant_29,1,day,Town10HD_Opt,2026-03-19 10:04:51.148065,-41.59908676147461,81.3432388305664,0.002033308148384,12.104,1.648,0.0,0.0,0,0,1,,1.0,2026-03-19T10:04:51.148065,disgust,0.784,2026-03-19T10:04:50.109968,0.8436968941992553,2026-03-19T10:04:51.918000,67,,,
participant_29,1,day,Town10HD_Opt,2026-03-19 10:04:52.235277,-41.40237045288086,78.86808776855469,0.001847039326094,11.69,10.13,0.62,0.0,0,0,1,,1.0,2026-03-19T10:04:52.235277,neutral,0.646,2026-03-19T10:04:52.235277,0.8840351126214212,2026-03-19T10:04:52.908000,65,,,
participant_29,1,day,Town10HD_Opt,2026-03-19 10:04:53.110043,-40.7593002319336,76.3138427734375,0.0018752701580524,18.649,14.268,0.495,0.0,0,0,1,,1.0,2026-03-19T10:04:53.110043,neutral,0.646,2026-03-19T10:04:52.235277,0.8229552458686682,2026-03-19T10:04:53.898000,62,,,
participant_29,1,day,Town10HD_Opt,2026-03-19 10:04:54.165304,-38.607452392578125,72.546875,0.001912840292789,17.567,22.753,0.0,0.0,0,0,1,,1.0,2026-03-19T10:04:54.165304,neutral,0.646,2026-03-19T10:04:52.235277,0.8599925314068304,2026-03-19T10:04:54.933000,65,,,
participant_29,1,day,Town10HD_Opt,2026-03-19 10:04:55.027969,-36.41231155395508,70.97358703613281,0.0020777105819433,13.46,25.674,0.0,0.0,0,0,1,,1.0,2026-03-19T10:04:55.027969,neutral,0.987,2026-03-19T10:04:55.027969,0.8791848621170268,2026-03-19T10:04:54.933000,65,,,
participant_29,1,day,Town10HD_Opt,2026-03-19 10:04:56.180632,-33.746219635009766,70.2314682006836,0.0018725210102275,12.788,22.028,0.545,0.0,0,0,1,phone_call,0.927,2026-03-19T10:04:56.180632,neutral,0.987,2026-03-19T10:04:55.027969,0.8422766507665002,2026-03-19T10:04:56.913000,66,,,
participant_29,1,day,Town10HD_Opt,2026-03-19 10:04:57.022553,-31.143085479736328,70.19014739990234,0.0018917088164016,15.615,7.477,0.127,0.0,0,0,1,phone_call,0.827,2026-03-19T10:04:57.022553,neutral,0.987,2026-03-19T10:04:55.027969,0.8525641414247009,2026-03-19T10:04:57.902000,67,,,
participant_29,1,day,Town10HD_Opt,2026-03-19 10:04:58.145799,-27.72719383239746,70.13765716552734,0.0019377514254301,14.214,-2.304,0.392,0.0,0,0,1,,1.0,2026-03-19T10:04:58.145799,neutral,0.87,2026-03-19T10:04:58.145799,0.9156683819360342,2026-03-19T10:04:58.937000,66,,,
participant_29,1,day,Town10HD_Opt,2026-03-19 10:04:59.000118,-24.87954330444336,70.01594543457031,0.0020081351976841,18.547,0.522,0.527,0.0,0,0,1,,1.0,2026-03-19T10:04:59.000118,neutral,0.87,2026-03-19T10:04:58.145799,0.8705894596453732,2026-03-19T10:04:58.937000,69,,,
participant_29,2,day,Town10HD_Opt,2026-03-19 10:15:00.000000,-41.66859436035156,89.7454833984375,0.5804919004440308,16.191,-0.052,0.506,0.0,0,0,1,,1.0,2026-03-19T10:15:00,,,2026-03-19T10:15:00,0.3440239613680249,2026-03-19T10:15:00,62,,,
participant_29,2,day,Town10HD_Opt,2026-03-19 10:15:04.624313,-41.67965698242188,86.85845184326172,0.0017054748022928,16.782,-0.052,0.482,0.0,0,0,1,,0.964,2026-03-19T10:15:04.624313,sad,0.975,2026-03-19T10:15:04.624313,0.3495499677253442,2026-03-19T10:15:05.085000,62,,,
participant_29,2,day,Town10HD_Opt,2026-03-19 10:15:05.280619,-41.6889533996582,84.78829956054688,0.002064743079245,18.102,-0.052,0.334,0.0,0,0,1,,0.962,2026-03-19T10:15:05.280619,sad,0.975,2026-03-19T10:15:04.624313,0.3523934931891783,2026-03-19T10:15:05.986000,61,,,
participant_29,2,day,Town10HD_Opt,2026-03-19 10:15:06.299575,-41.6404914855957,81.61475372314453,0.0020172118674963,18.125,5.524,0.296,0.0,0,0,1,,0.919,2026-03-19T10:15:06.299575,sad,0.975,2026-03-19T10:15:04.624313,0.3836606368224159,2026-03-19T10:15:07.065000,61,,,
participant_29,2,day,Town10HD_Opt,2026-03-19 10:15:07.230486,-41.22743606567383,78.445068359375,0.0020277022849768,18.788,12.522,0.426,0.0,0,0,1,,0.904,2026-03-19T10:15:07.230486,happy,0.489,2026-03-19T10:15:07.230486,0.4132749400866281,2026-03-19T10:15:08.010000,61,,,
participant_29,2,day,Town10HD_Opt,2026-03-19 10:15:08.218512,-40.02458953857422,75.25127410888672,0.0020101547706872,20.584,18.508,0.398,0.0,0,0,1,,0.849,2026-03-19T10:15:08.218512,happy,0.489,2026-03-19T10:15:07.230486,0.3799295666137103,2026-03-19T10:15:09,62,,,
participant_29,2,day,Town10HD_Opt,2026-03-19 10:15:09.253674,-37.7020149230957,72.41002655029297,0.0020323561038821,21.859,19.302,0.398,0.0,0,0,1,,1.0,2026-03-19T10:15:09.253674,happy,0.69,2026-03-19T10:15:09.253674,0.3263022250197425,2026-03-19T10:15:09.990000,63,,,
participant_29,2,day,Town10HD_Opt,2026-03-19 10:15:10.284704,-34.35643005371094,70.45700073242188,0.0020401000510901,22.959,18.77,0.398,0.0,0,0,1,,0.917,2026-03-19T10:15:10.284704,happy,0.69,2026-03-19T10:15:09.253674,0.3856186315136667,2026-03-19T10:15:11.070000,66,,,
participant_29,2,day,Town10HD_Opt,2026-03-19 10:15:11.307994,-30.3509464263916,69.73048400878906,0.0020301819313317,24.04,11.318,0.387,0.0,0,0,1,,0.857,2026-03-19T10:15:11.307994,neutral,0.82,2026-03-19T10:15:11.307994,0.4134370311898465,2026-03-19T10:15:12.015000,65,,,
participant_29,2,day,Town10HD_Opt,2026-03-19 10:15:12.332620,-26.07747459411621,69.82613372802734,0.0020168684422969,24.96,0.477,0.387,0.0,0,0,1,,0.922,2026-03-19T10:15:12.332620,neutral,0.82,2026-03-19T10:15:11.307994,0.4446277850944147,2026-03-19T10:15:13.006000,66,,,
participant_29,2,day,Town10HD_Opt,2026-03-19 10:15:13.046565,-23.14510536193848,69.92125701904297,0.0020174025557935,25.436,-2.031,0.392,0.0,0,0,1,,0.837,2026-03-19T10:15:13.046565,neutral,0.82,2026-03-19T10:15:11.307994,0.3369067796258587,2026-03-19T10:15:13.006000,68,,,
participant_29,2,day,Town10HD_Opt,2026-03-19 10:15:14.028207,-18.62445831298828,69.99152374267578,0.0020155333913862,26.319,0.073,0.394,0.0,0,0,1,,1.0,2026-03-19T10:15:14.028207,happy,0.541,2026-03-19T10:15:14.028207,0.437884884300708,2026-03-19T10:15:13.995000,70,,,
participant_29,2,day,Town10HD_Opt,2026-03-19 10:15:14.999694,-13.962383270263672,70.04733276367188,0.0020183562301099,27.077,-0.021,0.394,0.0,0,0,1,,0.86,2026-03-19T10:15:14.999694,happy,0.541,2026-03-19T10:15:14.028207,0.409175735134649,2026-03-19T10:15:14.991000,71,,,
participant_29,2,day,Town10HD_Opt,2026-03-19 10:15:16.049346,-9.174362182617188,70.08928680419922,0.0020212554372847,27.747,0.082,0.394,0.0,0,0,1,,0.86,2026-03-19T10:15:16.049346,happy,0.738,2026-03-19T10:15:16.049346,0.4038866430657837,2026-03-19T10:15:16.065000,72,,,
participant_29,2,day,Town10HD_Opt,2026-03-19 10:15:17.087661,-4.275789737701416,70.14205932617188,0.00202381121926,28.303,0.021,0.394,0.0,0,0,1,,1.0,2026-03-19T10:15:17.087661,happy,0.738,2026-03-19T10:15:16.049346,0.4350444110847318,2026-03-19T10:15:17.013000,74,,,
participant_29,2,day,Town10HD_Opt,2026-03-19 10:15:18.052676,0.7198202610015869,70.17422485351562,0.002026290865615,28.839,-0.536,0.359,0.0,0,0,1,,0.892,2026-03-19T10:15:18.052676,happy,0.765,2026-03-19T10:15:18.052676,0.4281004394714323,2026-03-19T10:15:18.005000,76,,,
participant_29,2,day,Town10HD_Opt,2026-03-19 10:15:19.078786,5.73664665222168,70.14789581298828,0.0020661163143813,28.23,-0.36,0.221,0.0,0,0,1,,0.931,2026-03-19T10:15:19.078786,happy,0.765,2026-03-19T10:15:18.052676,0.3922078531777458,2026-03-19T10:15:19.981000,75,,,
participant_29,2,day,Town10HD_Opt,2026-03-19 10:15:20.099482,10.40646743774414,70.0863265991211,0.0021874236408621,24.237,-0.219,0.059,0.0,0,0,1,,0.918,2026-03-19T10:15:20.099482,happy,0.608,2026-03-19T10:15:20.099482,0.4499915956942418,2026-03-19T10:15:19.981000,74,,,
participant_29,2,day,Town10HD_Opt,2026-03-19 10:15:21.137014,14.17514705657959,70.03460693359375,0.0022344589233398,18.336,0.251,0.0,0.0,0,0,1,,0.924,2026-03-19T10:15:21.137014,happy,0.608,2026-03-19T10:15:20.099482,0.4250032110368243,2026-03-19T10:15:22.005000,76,,,
participant_29,2,day,Town10HD_Opt,2026-03-19 10:15:22.102634,17.058820724487305,70.01260375976562,0.002041091909632,14.282,0.585,0.013,0.0,0,0,1,,0.913,2026-03-19T10:15:22.102634,neutral,0.657,2026-03-19T10:15:22.102634,0.3970319029486247,2026-03-19T10:15:22.995000,72,,,
participant_29,2,day,Town10HD_Opt,2026-03-19 10:15:23.110292,19.30965232849121,70.0144271850586,0.0020137024112045,11.285,0.524,0.027,0.0,0,0,1,,0.873,2026-03-19T10:15:23.110292,neutral,0.657,2026-03-19T10:15:22.102634,0.4396498274177451,2026-03-19T10:15:23.986000,68,,,
participant_29,2,day,Town10HD_Opt,2026-03-19 10:15:24.047119,21.09157371520996,70.02417755126953,0.0019892882555723,9.115,0.249,0.094,0.0,0,0,1,,0.84,2026-03-19T10:15:24.047119,neutral,0.657,2026-03-19T10:15:22.102634,0.4865428537146057,2026-03-19T10:15:23.986000,68,,,
participant_29,2,day,Town10HD_Opt,2026-03-19 10:15:25.001312,22.587305068969727,70.03441619873047,0.0019539641216397,7.972,0.219,0.086,0.0,0,0,1,,0.926,2026-03-19T10:15:25.001312,happy,0.525,2026-03-19T10:15:25.001312,0.4644903467028852,2026-03-19T10:15:24.975000,65,,,
participant_29,2,day,Town10HD_Opt,2026-03-19 10:15:26.275806,24.307031631469727,70.04886627197266,0.001950797974132,6.666,0.174,0.078,0.0,0,0,1,,0.909,2026-03-19T10:15:26.275806,happy,0.525,2026-03-19T10:15:25.001312,0.515995635552634,2026-03-19T10:15:27.001000,65,,,
participant_29,2,day,Town10HD_Opt,2026-03-19 10:15:27.275541,25.405237197875977,70.0594711303711,0.0019623565021902,5.569,0.162,0.0,0.0,0,0,1,,0.925,2026-03-19T10:15:27.275541,happy,0.819,2026-03-19T10:15:27.275541,0.499970396891628,2026-03-19T10:15:27.991000,61,,,
participant_29,2,day,Town10HD_Opt,2026-03-19 10:15:28.235659,25.689483642578125,70.06238555908203,0.002003707922995,0.0,0.155,0.0,0.127,0,0,1,,0.932,2026-03-19T10:15:28.235659,happy,0.819,2026-03-19T10:15:27.275541,0.5221410446093349,2026-03-19T10:15:29.071000,62,,,
participant_29,2,day,Town10HD_Opt,2026-03-19 10:15:29.215293,25.77326393127441,70.06326293945312,0.0017311095725744,3.861,0.129,0.831,0.0,0,0,1,,0.935,2026-03-19T10:15:29.215293,happy,0.819,2026-03-19T10:15:27.275541,0.5110504652587139,2026-03-19T10:15:30.015000,63,,,
participant_29,2,day,Town10HD_Opt,2026-03-19 10:15:30.187509,27.45589065551757,70.0698013305664,0.0014949416508898,16.679,-3.149,0.782,0.0,0,0,1,,0.947,2026-03-19T10:15:30.187509,neutral,0.812,2026-03-19T10:15:30.187509,0.5927717709179549,2026-03-19T10:15:31.005000,63,,,errors=Stop sign violation
participant_29,2,day,Town10HD_Opt,2026-03-19 10:15:31.155660,30.89809226989746,69.77481079101562,0.0018660735804587,22.834,-10.235,0.541,0.0,0,0,1,,0.957,2026-03-19T10:15:31.155660,neutral,0.812,2026-03-19T10:15:30.187509,0.5101572049961643,2026-03-19T10:15:31.005000,60,,,
participant_29,2,day,Town10HD_Opt,2026-03-19 10:15:32.138584,35.06056213378906,68.52494049072266,0.0019184112315997,27.002,-12.454,0.541,0.0,0,0,1,,0.963,2026-03-19T10:15:32.138584,neutral,0.812,2026-03-19T10:15:30.187509,0.5076346561514371,2026-03-19T10:15:32.987000,59,,,
participant_29,2,day,Town10HD_Opt,2026-03-19 10:15:33.193195,39.28377914428711,65.77007293701172,0.0019432449480518,30.946,-12.988,0.5,0.0,0,0,1,,0.93,2026-03-19T10:15:33.193195,happy,0.787,2026-03-19T10:15:33.193195,0.5470140962716553,2026-03-19T10:15:34.066000,61,,,
participant_29,2,day,Town10HD_Opt,2026-03-19 10:15:34.202001,42.64208221435547,61.490501403808594,0.0021613691933453,30.32,-13.146,0.233,0.0,0,0,1,,0.924,2026-03-19T10:15:34.202001,happy,0.787,2026-03-19T10:15:33.193195,0.5360026156598033,2026-03-19T10:15:35.010000,61,,,
participant_29,2,day,Town10HD_Opt,2026-03-19 10:15:35.191039,44.24392318725586,56.76081085205078,0.0021793365012854,26.729,-13.168,0.203,0.0,0,0,1,,0.938,2026-03-19T10:15:35.191039,happy,0.787,2026-03-19T10:15:33.193195,0.5258092192627974,2026-03-19T10:15:36,64,,,
participant_29,2,day,Town10HD_Opt,2026-03-19 10:15:36.164256,44.3750228881836,52.36477279663086,0.0021442794241011,23.762,-1.864,0.506,0.0,0,0,1,,0.969,2026-03-19T10:15:36.164256,happy,0.56,2026-03-19T10:15:36.164256,0.5603829393849734,2026-03-19T10:15:36,61,,,
participant_29,2,day,Town10HD_Opt,2026-03-19 10:15:37.135770,44.24874114990234,48.01613998413086,0.0018600082257762,26.668,0.881,0.518,0.0,0,0,1,,0.946,2026-03-19T10:15:37.135770,happy,0.56,2026-03-19T10:15:36.164256,0.5973189889666827,2026-03-19T10:15:38.026000,63,,,
participant_29,2,day,Town10HD_Opt,2026-03-19 10:15:38.036286,44.17546463012695,43.01178741455078,0.0019387435168027,30.311,0.266,0.501,0.0,0,0,1,,0.938,2026-03-19T10:15:38.036286,happy,0.56,2026-03-19T10:15:36.164256,0.4968834309520014,2026-03-19T10:15:38.026000,65,,,
participant_29,2,day,Town10HD_Opt,2026-03-19 10:15:38.992608,44.49991226196289,37.59424591064453,0.0020348739344626,31.401,12.473,0.405,0.0,0,0,1,,0.964,2026-03-19T10:15:38.992608,neutral,0.769,2026-03-19T10:15:38.992608,0.5137814484390353,2026-03-19T10:15:39.021000,66,,,
participant_29,2,day,Town10HD_Opt,2026-03-19 10:15:40.274430,47.57832717895508,31.095190048217773,0.0021440123673528,29.925,16.354,0.175,0.0,0,0,1,,1.0,2026-03-19T10:15:40.274430,neutral,0.769,2026-03-19T10:15:38.992608,0.5609237142429467,2026-03-19T10:15:40.995000,61,,,
participant_29,2,day,Town10HD_Opt,2026-03-19 10:15:41.216975,51.41389846801758,28.13509750366211,0.0022158431820571,25.513,16.05,0.159,0.0,0,0,1,,0.949,2026-03-19T10:15:41.216975,neutral,0.518,2026-03-19T10:15:41.216975,0.3948749914004484,2026-03-19T10:15:41.986000,60,,,
participant_29,2,day,Town10HD_Opt,2026-03-19 10:15:42.216911,55.362064361572266,26.95924186706543,0.0021932220552116,21.559,14.19,0.141,0.0,0,0,1,,0.941,2026-03-19T10:15:42.216911,neutral,0.518,2026-03-19T10:15:41.216975,0.5670909093188605,2026-03-19T10:15:42.978000,62,,,
participant_29,2,day,Town10HD_Opt,2026-03-19 10:15:43.214657,58.8363151550293,26.70872688293457,0.0021665573585778,18.047,0.475,0.114,0.0,0,0,1,,0.871,2026-03-19T10:15:43.214657,neutral,0.518,2026-03-19T10:15:41.216975,0.541293345346824,2026-03-19T10:15:44.010000,62,,,
participant_29,2,day,Town10HD_Opt,2026-03-19 10:15:44.223597,61.85008239746094,26.51548957824707,0.0019962692167609,15.727,-0.167,0.0,0.0,0,0,1,,0.939,2026-03-19T10:15:44.223597,neutral,0.758,2026-03-19T10:15:44.223597,0.5370496994852608,2026-03-19T10:15:45.001000,65,,,
participant_29,2,day,Town10HD_Opt,2026-03-19 10:15:45.176420,64.28377532958984,26.36167907714844,0.0020660399459302,11.391,0.36,0.0,0.385,0,0,1,,0.908,2026-03-19T10:15:45.176420,neutral,0.758,2026-03-19T10:15:44.223597,0.6187829387608783,2026-03-19T10:15:45.991000,63,,,
participant_29,2,day,Town10HD_Opt,2026-03-19 10:15:46.112318,65.85028839111328,26.270164489746094,0.0020801543723791,5.996,0.36,0.0,0.337,0,0,1,,0.813,2026-03-19T10:15:46.112318,neutral,0.758,2026-03-19T10:15:44.223597,0.5177904524447519,2026-03-19T10:15:45.991000,64,,,
participant_29,2,day,Town10HD_Opt,2026-03-19 10:15:47.131631,66.09718322753906,26.255733489990234,0.0019953537266701,0.0,0.355,0.0,0.226,0,0,1,,0.9,2026-03-19T10:15:47.131631,neutral,0.628,2026-03-19T10:15:47.131631,0.6167293755092702,2026-03-19T10:15:48.016000,64,,,
participant_29,2,day,Town10HD_Opt,2026-03-19 10:15:48.108126,66.09758758544922,26.25571632385254,0.001921615563333,0.004,0.327,0.0,0.0,0,0,1,,0.905,2026-03-19T10:15:48.108126,neutral,0.628,2026-03-19T10:15:47.131631,0.5051884729767235,2026-03-19T10:15:49.006000,64,,,
participant_29,2,day,Town10HD_Opt,2026-03-19 10:15:49.038059,66.09783172607422,26.25571632385254,0.0019193649059161,0.006,0.266,0.0,0.0,0,0,1,,0.92,2026-03-19T10:15:49.038059,neutral,0.628,2026-03-19T10:15:47.131631,0.5481716444220666,2026-03-19T10:15:49.006000,64,,,
participant_29,2,day,Town10HD_Opt,2026-03-19 10:15:50.031643,66.0979232788086,26.25571632385254,0.0019189452286809,0.001,0.209,0.0,0.0,0,0,1,,0.833,2026-03-19T10:15:50.031643,happy,0.547,2026-03-19T10:15:50.031643,0.5576554086354258,2026-03-19T10:15:50.005000,66,,,
participant_29,2,day,Town10HD_Opt,2026-03-19 10:15:51.038638,66.0978775024414,26.25571632385254,0.0019187545403838,0.001,0.209,0.0,0.0,0,0,1,,0.87,2026-03-19T10:15:51.038638,happy,0.547,2026-03-19T10:15:50.031643,0.5602296443830617,2026-03-19T10:15:50.986000,63,,,
participant_29,2,day,Town10HD_Opt,2026-03-19 10:15:52.274954,66.09801483154297,26.25571632385254,0.0019187545403838,0.001,0.209,0.0,0.0,0,0,1,,0.897,2026-03-19T10:15:52.274954,neutral,0.746,2026-03-19T10:15:52.274954,0.6469227071451727,2026-03-19T10:15:53.010000,61,,,
participant_29,2,day,Town10HD_Opt,2026-03-19 10:15:53.271010,66.09805297851562,26.25571632385254,0.001919021597132,0.005,0.209,0.0,0.0,0,0,1,,0.91,2026-03-19T10:15:53.271010,neutral,0.746,2026-03-19T10:15:52.274954,0.6398091740281925,2026-03-19T10:15:54.092000,64,,,
participant_29,2,day,Town10HD_Opt,2026-03-19 10:15:54.227128,66.09825897216797,26.25571632385254,0.0019192122854292,0.005,0.209,0.0,0.0,0,0,1,,0.875,2026-03-19T10:15:54.227128,neutral,0.746,2026-03-19T10:15:52.274954,0.6832209057606171,2026-03-19T10:15:55.036000,67,,,
participant_29,2,day,Town10HD_Opt,2026-03-19 10:15:55.147689,66.09844970703125,26.25571632385254,0.001919021597132,0.007,0.202,0.0,0.0,0,0,1,,0.856,2026-03-19T10:15:55.147689,neutral,0.637,2026-03-19T10:15:55.147689,0.7014880575990227,2026-03-19T10:15:55.981000,66,,,
participant_29,2,day,Town10HD_Opt,2026-03-19 10:15:56.089991,66.09840393066406,26.25571632385254,0.0019188689766451,0.001,0.106,0.0,0.0,0,0,1,,0.93,2026-03-19T10:15:56.089991,neutral,0.637,2026-03-19T10:15:55.147689,0.6997026908428426,2026-03-19T10:15:55.981000,70,,,
participant_29,2,day,Town10HD_Opt,2026-03-19 10:15:57.002045,66.098388671875,26.25571632385254,0.001919021597132,0.0,-0.049,0.0,0.0,0,0,1,,0.939,2026-03-19T10:15:57.002045,neutral,0.637,2026-03-19T10:15:55.147689,0.7565011576458925,2026-03-19T10:15:57.016000,69,,,
participant_29,2,day,Town10HD_Opt,2026-03-19 10:15:58.263108,66.09850311279297,26.25571632385254,0.001919021597132,0.0,-0.202,0.0,0.0,0,0,1,,0.922,2026-03-19T10:15:58.263108,neutral,0.721,2026-03-19T10:15:58.263108,0.7421936465088284,2026-03-19T10:15:59.085000,66,,,
participant_29,2,day,Town10HD_Opt,2026-03-19 10:15:59.213365,66.09868621826172,26.25571632385254,0.0019191360333934,0.005,-0.211,0.0,0.0,0,0,1,,0.919,2026-03-19T10:15:59.213365,neutral,0.721,2026-03-19T10:15:58.263108,0.6881043124484494,2026-03-19T10:16:00.075000,61,,,
participant_29,2,day,Town10HD_Opt,2026-03-19 10:16:00.176807,66.09893035888672,26.25571632385254,0.0019191360333934,0.006,-0.211,0.0,0.0,0,0,1,,0.903,2026-03-19T10:16:00.176807,neutral,0.721,2026-03-19T10:15:58.263108,0.6923315712415997,2026-03-19T10:16:00.976000,61,,,
participant_29,2,day,Town10HD_Opt,2026-03-19 10:16:01.127300,66.09893035888672,26.25571632385254,0.0019189071608707,0.001,-0.214,0.0,0.0,0,0,1,,0.896,2026-03-19T10:16:01.127300,happy,0.606,2026-03-19T10:16:01.127300,0.7868000433183981,2026-03-19T10:16:02.011000,61,,,
participant_29,2,day,Town10HD_Opt,2026-03-19 10:16:02.136746,66.09889221191406,26.25571632385254,0.0019187545403838,0.0,-0.214,0.0,0.0,0,0,1,,0.903,2026-03-19T10:16:02.136746,happy,0.606,2026-03-19T10:16:01.127300,0.7744631690274608,2026-03-19T10:16:03.001000,60,,,
participant_29,2,day,Town10HD_Opt,2026-03-19 10:16:03.069750,66.09901428222656,26.25571632385254,0.0019190596649423,0.005,-0.221,0.0,0.0,0,0,1,,0.906,2026-03-19T10:16:03.069750,happy,0.606,2026-03-19T10:16:01.127300,0.7183437590402523,2026-03-19T10:16:03.001000,59,,,
participant_29,2,day,Town10HD_Opt,2026-03-19 10:16:04.272718,66.09912109375,26.25571632385254,0.0019190596649423,0.005,-0.258,0.0,0.0,0,0,1,,0.917,2026-03-19T10:16:04.272718,happy,0.559,2026-03-19T10:16:04.272718,0.7209325098473116,2026-03-19T10:16:04.981000,55,,,
participant_29,2,day,Town10HD_Opt,2026-03-19 10:16:05.258717,66.0993423461914,26.25571632385254,0.0019192504696547,0.006,-0.275,0.0,0.0,0,0,1,,0.922,2026-03-19T10:16:05.258717,happy,0.559,2026-03-19T10:16:04.272718,0.6954695455703713,2026-03-19T10:16:06.016000,57,,,
participant_29,2,day,Town10HD_Opt,2026-03-19 10:16:06.172939,66.0994644165039,26.255714416503903,0.0019189452286809,0.001,-0.287,0.0,0.0,0,0,1,,0.89,2026-03-19T10:16:06.172939,happy,0.559,2026-03-19T10:16:04.272718,0.7638491808070174,2026-03-19T10:16:07.005000,59,,,
participant_29,2,day,Town10HD_Opt,2026-03-19 10:16:07.145298,66.09941864013672,26.255714416503903,0.0019187927246093,0.001,-0.287,0.0,0.0,0,0,1,,0.9,2026-03-19T10:16:07.145298,neutral,0.543,2026-03-19T10:16:07.145298,0.7656663799248413,2026-03-19T10:16:07.995000,60,,,
participant_29,2,day,Town10HD_Opt,2026-03-19 10:16:08.063983,66.0994644165039,26.25571632385254,0.0019190596649423,0.004,-0.287,0.0,0.0,0,0,1,,0.909,2026-03-19T10:16:08.063983,neutral,0.543,2026-03-19T10:16:07.145298,0.8156097532148002,2026-03-19T10:16:07.995000,61,,,
participant_29,2,day,Town10HD_Opt,2026-03-19 10:16:08.999713,66.09966278076172,26.25571632385254,0.0019192122854292,0.005,-0.289,0.0,0.0,0,0,1,,0.933,2026-03-19T10:16:08.999713,neutral,0.543,2026-03-19T10:16:07.145298,0.7785947772455281,2026-03-19T10:16:08.988000,61,,,
participant_29,2,day,Town10HD_Opt,2026-03-19 10:16:10.218578,66.09976959228516,26.25571632385254,0.0019192122854292,0.005,-0.289,0.0,0.0,0,0,1,,0.913,2026-03-19T10:16:10.218578,happy,0.697,2026-03-19T10:16:10.218578,0.6885374507153472,2026-03-19T10:16:11.011000,59,,,
participant_29,2,day,Town10HD_Opt,2026-03-19 10:16:11.145393,66.09998321533203,26.255714416503903,0.0019189834129065,0.001,-0.289,0.0,0.0,0,0,1,,0.946,2026-03-19T10:16:11.145393,happy,0.697,2026-03-19T10:16:10.218578,0.7045590343420393,2026-03-19T10:16:12,62,,,
participant_29,2,day,Town10HD_Opt,2026-03-19 10:16:12.002727,66.09994506835938,26.255714416503903,0.0019188689766451,0.001,-0.298,0.0,0.0,0,0,1,,0.909,2026-03-19T10:16:12.002727,happy,0.697,2026-03-19T10:16:10.218578,0.7324739465129295,2026-03-19T10:16:12,60,,,
participant_29,2,day,Town10HD_Opt,2026-03-19 10:16:13.199365,66.1000747680664,26.255714416503903,0.0019188689766451,0.001,-0.313,0.0,0.0,0,0,1,,0.938,2026-03-19T10:16:13.199365,neutral,0.511,2026-03-19T10:16:13.199365,0.7608568911117854,2026-03-19T10:16:14.071000,60,,,
participant_29,2,day,Town10HD_Opt,2026-03-19 10:16:14.114252,66.10003662109375,26.25571632385254,0.001919021597132,0.0,-0.331,0.0,0.0,0,0,1,,0.92,2026-03-19T10:16:14.114252,neutral,0.511,2026-03-19T10:16:13.199365,0.758761723665819,2026-03-19T10:16:15.015000,61,,,
participant_29,2,day,Town10HD_Opt,2026-03-19 10:16:15.021079,66.10021209716797,26.255714416503903,0.0019190978491678,0.005,-0.331,0.0,0.0,0,0,1,,0.9,2026-03-19T10:16:15.021079,neutral,0.511,2026-03-19T10:16:13.199365,0.7346829311910174,2026-03-19T10:16:15.015000,61,,,
participant_29,2,day,Town10HD_Opt,2026-03-19 10:16:16.237564,66.1003189086914,26.25571250915528,0.0019190596649423,0.005,-0.331,0.0,0.0,0,0,1,,0.823,2026-03-19T10:16:16.237564,neutral,0.57,2026-03-19T10:16:16.237564,0.6980814588857389,2026-03-19T10:16:17.042000,60,,,
participant_29,2,day,Town10HD_Opt,2026-03-19 10:16:17.189486,66.1005630493164,26.25571060180664,0.0019192504696547,0.006,-0.331,0.0,0.0,0,0,1,,0.904,2026-03-19T10:16:17.189486,neutral,0.57,2026-03-19T10:16:16.237564,0.6699754289029619,2026-03-19T10:16:18.031000,58,,,
participant_29,2,day,Town10HD_Opt,2026-03-19 10:16:18.139787,66.10062408447266,26.255704879760746,0.0019189452286809,0.001,-0.331,0.0,0.0,0,0,1,,0.919,2026-03-19T10:16:18.139787,neutral,0.57,2026-03-19T10:16:16.237564,0.7273512877209577,2026-03-19T10:16:19.021000,57,,,
participant_29,2,day,Town10HD_Opt,2026-03-19 10:16:19.036286,66.1005859375,26.25570297241211,0.0019187545403838,0.001,-0.331,0.0,0.0,0,0,1,,0.863,2026-03-19T10:16:19.036286,happy,0.61,2026-03-19T10:16:19.036286,0.8544435341586911,2026-03-19T10:16:19.021000,56,,,
participant_29,2,day,Town10HD_Opt,2026-03-19 10:16:20.012682,66.10066986083984,26.255704879760746,0.0019190596649423,0.005,-0.331,0.0,0.0,0,0,1,,0.904,2026-03-19T10:16:20.012682,happy,0.61,2026-03-19T10:16:19.036286,0.7347098923182552,2026-03-19T10:16:20.015000,55,,,
participant_29,2,day,Town10HD_Opt,2026-03-19 10:16:21.198442,66.10079193115234,26.25570297241211,0.0019190596649423,0.005,-0.327,0.0,0.0,0,0,1,,0.902,2026-03-19T10:16:21.198442,neutral,0.759,2026-03-19T10:16:21.198442,0.6475097778992113,2026-03-19T10:16:21.001000,55,,,
participant_29,2,day,Town10HD_Opt,2026-03-19 10:16:22.194715,66.10099792480469,26.255699157714844,0.0019192504696547,0.006,-0.32,0.0,0.0,0,0,1,,1.0,2026-03-19T10:16:22.194715,neutral,0.759,2026-03-19T10:16:21.198442,0.683047209224797,2026-03-19T10:16:22.981000,55,,,
participant_29,2,day,Town10HD_Opt,2026-03-19 10:16:23.119175,66.1011734008789,26.25569725036621,0.0019189834129065,0.001,-0.313,0.0,0.0,0,0,1,,0.944,2026-03-19T10:16:23.119175,neutral,0.759,2026-03-19T10:16:21.198442,0.7337981998298728,2026-03-19T10:16:24.016000,56,,,
participant_29,2,day,Town10HD_Opt,2026-03-19 10:16:24.245927,66.10131072998047,26.25569725036621,0.0019189834129065,0.001,-0.308,0.0,0.0,0,0,1,,0.934,2026-03-19T10:16:24.245927,happy,0.631,2026-03-19T10:16:24.245927,0.6988701875495238,2026-03-19T10:16:25.096000,55,,,
participant_29,2,day,Town10HD_Opt,2026-03-19 10:16:25.138116,66.10126495361328,26.25569725036621,0.0019188307924196,0.001,-0.275,0.0,0.0,0,0,1,,0.93,2026-03-19T10:16:25.138116,happy,0.631,2026-03-19T10:16:24.245927,0.7141953670268607,2026-03-19T10:16:26.041000,56,,,
participant_29,2,day,Town10HD_Opt,2026-03-19 10:16:26.011968,66.10124969482422,26.25569725036621,0.001919021597132,0.0,-0.251,0.0,0.0,0,0,1,,0.902,2026-03-19T10:16:26.011968,happy,0.631,2026-03-19T10:16:24.245927,0.7034548425738634,2026-03-19T10:16:26.041000,56,,,
participant_29,2,day,Town10HD_Opt,2026-03-19 10:16:27.269231,66.10136413574219,26.25569725036621,0.0019189834129065,0.0,-0.247,0.0,0.0,0,0,1,,0.913,2026-03-19T10:16:27.269231,happy,0.554,2026-03-19T10:16:27.269231,0.6485424512512399,2026-03-19T10:16:28.021000,56,,,
participant_29,2,day,Town10HD_Opt,2026-03-19 10:16:28.170210,66.1015396118164,26.25569725036621,0.0019190978491678,0.005,-0.209,0.0,0.0,0,0,1,,0.895,2026-03-19T10:16:28.170210,happy,0.554,2026-03-19T10:16:27.269231,0.6302642523008233,2026-03-19T10:16:29.012000,56,,,
participant_29,2,day,Town10HD_Opt,2026-03-19 10:16:29.094407,66.10179138183594,26.25569725036621,0.0019191360333934,0.006,-0.2,0.0,0.0,0,0,1,,0.921,2026-03-19T10:16:29.094407,happy,0.554,2026-03-19T10:16:27.269231,0.6248231242615867,2026-03-19T10:16:29.012000,57,,,
participant_29,2,day,Town10HD_Opt,2026-03-19 10:16:30.243081,66.10189056396484,26.25569725036621,0.0019192122854292,0.006,-0.2,0.0,0.0,0,0,1,,0.937,2026-03-19T10:16:30.243081,neutral,0.578,2026-03-19T10:16:30.243081,0.6184989806624253,2026-03-19T10:16:30.991000,56,,,
participant_29,2,day,Town10HD_Opt,2026-03-19 10:16:31.149176,66.10192108154297,26.25569725036621,0.0019189071608707,0.001,-0.2,0.0,0.0,0,0,1,,0.893,2026-03-19T10:16:31.149176,neutral,0.578,2026-03-19T10:16:30.243081,0.6519786605929349,2026-03-19T10:16:31.981000,56,,,
participant_29,2,day,Town10HD_Opt,2026-03-19 10:16:32.049690,66.10187530517578,26.25569725036621,0.0019187545403838,0.001,-0.2,0.0,0.0,0,0,1,,0.933,2026-03-19T10:16:32.049690,neutral,0.578,2026-03-19T10:16:30.243081,0.6294040671671163,2026-03-19T10:16:31.981000,57,,,
participant_29,2,day,Town10HD_Opt,2026-03-19 10:16:33.258677,66.10201263427734,26.25569725036621,0.0019187163561582,0.001,-0.2,0.0,0.0,0,0,1,,0.943,2026-03-19T10:16:33.258677,neutral,0.827,2026-03-19T10:16:33.258677,0.6222739948250581,2026-03-19T10:16:34.006000,60,,,
participant_29,2,day,Town10HD_Opt,2026-03-19 10:16:34.183040,66.10209655761719,26.25569725036621,0.001919021597132,0.005,-0.2,0.0,0.0,0,0,1,,0.922,2026-03-19T10:16:34.183040,neutral,0.827,2026-03-19T10:16:33.258677,0.6841234280166025,2026-03-19T10:16:34.997000,62,,,
participant_29,2,day,Town10HD_Opt,2026-03-19 10:16:35.143203,66.10230255126953,26.25569725036621,0.0019192504696547,0.005,-0.2,0.0,0.0,0,0,1,,0.943,2026-03-19T10:16:35.143203,neutral,0.827,2026-03-19T10:16:33.258677,0.6572996857843817,2026-03-19T10:16:36.032000,62,,,
participant_29,2,day,Town10HD_Opt,2026-03-19 10:16:36.048441,66.10244750976562,26.25569725036621,0.0019189834129065,0.001,-0.148,0.0,0.0,0,0,1,,1.0,2026-03-19T10:16:36.048441,neutral,0.769,2026-03-19T10:16:36.048441,0.6750607936921661,2026-03-19T10:16:36.032000,58,,,
participant_29,2,day,Town10HD_Opt,2026-03-19 10:16:37.268545,66.10708618164062,26.25540542602539,0.0019183730473741,0.022,-0.202,0.161,0.0,0,1,-1,,0.908,2026-03-19T10:16:37.268545,neutral,0.769,2026-03-19T10:16:36.048441,0.6539440738779889,2026-03-19T10:16:38.011000,60,,,
participant_29,2,day,Town10HD_Opt,2026-03-19 10:16:38.177423,66.04872131347656,26.262285232543945,0.0020824812818318,2.863,-8.313,0.613,0.0,0,1,-1,,0.967,2026-03-19T10:16:38.177423,neutral,0.81,2026-03-19T10:16:38.177423,0.633334850423846,2026-03-19T10:16:39.003000,56,,,
participant_29,2,day,Town10HD_Opt,2026-03-19 10:16:39.035477,65.0587158203125,26.357852935791016,0.0021771239116787,9.484,-7.418,0.628,0.0,0,1,-1,,0.843,2026-03-19T10:16:39.035477,neutral,0.81,2026-03-19T10:16:38.177423,0.6314553497637176,2026-03-19T10:16:39.003000,56,,,errors=Vehicle collision
participant_29,2,day,Town10HD_Opt,2026-03-19 10:16:40.201102,63.969970703125,26.417686462402344,0.006328391842544,0.076,0.094,0.472,0.0,0,1,-1,,0.814,2026-03-19T10:16:40.201102,sad,0.342,2026-03-19T10:16:40.201102,0.6418697881327597,2026-03-19T10:16:40.981000,58,,,
participant_29,2,day,Town10HD_Opt,2026-03-19 10:16:41.102668,63.970497131347656,26.433210372924805,0.0046128844842314,0.05,1.415,0.0,0.0,0,1,-1,,0.827,2026-03-19T10:16:41.102668,sad,0.342,2026-03-19T10:16:40.201102,0.5941692268657813,2026-03-19T10:16:40.981000,56,,,
participant_29,2,day,Town10HD_Opt,2026-03-19 10:16:42.237893,64.15035247802734,26.45176887512207,0.0018513107206672,3.046,10.521,0.531,0.0,0,0,1,,0.91,2026-03-19T10:16:42.237893,neutral,0.845,2026-03-19T10:16:42.237893,0.7261818295380921,2026-03-19T10:16:43.007000,58,,,
participant_29,2,day,Town10HD_Opt,2026-03-19 10:16:43.157645,65.09357452392578,26.635332107543945,0.0018746566493064,6.404,14.584,0.0,0.0,0,0,1,,0.869,2026-03-19T10:16:43.157645,neutral,0.845,2026-03-19T10:16:42.237893,0.6692954210239322,2026-03-19T10:16:43.007000,59,,,
participant_29,2,day,Town10HD_Opt,2026-03-19 10:16:44.010702,66.05089569091797,26.880868911743164,0.0019624710548669,4.893,8.53,0.0,0.0,0,0,1,,0.975,2026-03-19T10:16:44.010702,neutral,0.845,2026-03-19T10:16:42.237893,0.7081209494737681,2026-03-19T10:16:44.086000,58,,,
participant_29,2,day,Town10HD_Opt,2026-03-19 10:16:45.171111,66.99491882324219,27.12649917602539,0.0019518280168995,3.445,1.777,0.0,0.0,0,0,1,,0.907,2026-03-19T10:16:45.171111,neutral,0.55,2026-03-19T10:16:45.171111,0.5867085393810361,2026-03-19T10:16:46.021000,60,,,
participant_29,2,day,Town10HD_Opt,2026-03-19 10:16:46.037645,67.5015869140625,27.25181579589844,0.0019265746232122,3.025,6.725,0.314,0.0,0,0,1,,0.934,2026-03-19T10:16:46.037645,neutral,0.55,2026-03-19T10:16:45.171111,0.6918415497372912,2026-03-19T10:16:46.021000,61,,,
participant_29,2,day,Town10HD_Opt,2026-03-19 10:16:47.194791,68.64008331298828,27.55742454528809,0.001816101022996,7.435,-2.857,0.286,0.0,0,0,1,,0.891,2026-03-19T10:16:47.194791,neutral,0.46,2026-03-19T10:16:47.194791,0.6729521273448554,2026-03-19T10:16:48.091000,60,,,
participant_29,2,day,Town10HD_Opt,2026-03-19 10:16:48.108242,70.10135650634766,27.86764907836914,0.0018365859286859,9.928,-2.974,0.231,0.0,0,0,1,,0.937,2026-03-19T10:16:48.108242,neutral,0.46,2026-03-19T10:16:47.194791,0.6543065397201456,2026-03-19T10:16:48.991000,62,,,
participant_29,2,day,Town10HD_Opt,2026-03-19 10:16:49.271356,72.14997100830078,28.32613945007324,0.002049446105957,6.411,4.15,0.0,0.31,0,0,1,,0.938,2026-03-19T10:16:49.271356,neutral,0.563,2026-03-19T10:16:49.271356,0.6193774969969323,2026-03-19T10:16:50.026000,63,,,
participant_29,2,day,Town10HD_Opt,2026-03-19 10:16:50.140520,72.42526245117188,28.39900779724121,0.0020001982338726,0.0,3.459,0.0,0.4,0,0,1,,0.945,2026-03-19T10:16:50.140520,neutral,0.563,2026-03-19T10:16:49.271356,0.6386933050997161,2026-03-19T10:16:51.016000,65,,,
participant_29,2,day,Town10HD_Opt,2026-03-19 10:16:51.257643,72.4242172241211,28.39874267578125,0.0019219588721171,0.02,3.363,0.308,0.0,0,1,-1,,0.832,2026-03-19T10:16:51.257643,neutral,0.563,2026-03-19T10:16:49.271356,0.6321613760208836,2026-03-19T10:16:52.006000,64,,,
participant_29,2,day,Town10HD_Opt,2026-03-19 10:16:52.126574,72.40764617919922,28.39408302307129,0.0019377898424863,1.395,5.749,0.391,0.0,0,1,-1,,0.927,2026-03-19T10:16:52.126574,neutral,0.377,2026-03-19T10:16:52.126574,0.6245404043083577,2026-03-19T10:16:52.006000,65,,,
participant_29,2,day,Town10HD_Opt,2026-03-19 10:16:53.009353,71.92378234863281,28.26091957092285,0.0020020676311105,4.089,3.41,0.281,0.0,0,1,-1,,0.894,2026-03-19T10:16:53.009353,neutral,0.377,2026-03-19T10:16:52.126574,0.6477352874840999,2026-03-19T10:16:53.086000,66,,,
participant_29,2,day,Town10HD_Opt,2026-03-19 10:16:54.260446,71.11802673339844,28.066680908203125,0.0018972395919263,3.025,3.983,0.283,0.0,0,1,-1,,0.934,2026-03-19T10:16:54.260446,sad,0.426,2026-03-19T10:16:54.260446,0.6309697253472386,2026-03-19T10:16:55.067000,64,,,
participant_29,2,day,Town10HD_Opt,2026-03-19 10:16:55.150043,70.65997314453125,27.95298957824707,0.0018932723905891,2.309,7.382,0.237,0.0,0,1,-1,,0.928,2026-03-19T10:16:55.150043,sad,0.426,2026-03-19T10:16:54.260446,0.5687130382583467,2026-03-19T10:16:56.011000,69,,,
participant_29,2,day,Town10HD_Opt,2026-03-19 10:16:56.079792,70.2952880859375,27.8597412109375,0.0019173431210219,2.055,12.355,0.241,0.0,0,1,-1,,0.932,2026-03-19T10:16:56.079792,sad,0.426,2026-03-19T10:16:54.260446,0.6823994350791563,2026-03-19T10:16:56.011000,65,,,errors=Vehicle collision
participant_29,2,day,Town10HD_Opt,2026-03-19 10:16:57.256831,70.02686309814453,27.830734252929688,0.0017544936854392,1.0,15.378,0.267,0.0,0,1,-1,,1.0,2026-03-19T10:16:57.256831,neutral,0.596,2026-03-19T10:16:57.256831,0.6438430110737403,2026-03-19T10:16:58.126000,68,,,
participant_29,2,day,Town10HD_Opt,2026-03-19 10:16:58.125025,69.83202362060547,27.80388641357422,0.0023738860618323,1.351,15.339,0.27,0.0,0,1,-1,,0.824,2026-03-19T10:16:58.125025,neutral,0.596,2026-03-19T10:16:57.256831,0.6693181752030317,2026-03-19T10:16:58.982000,69,Vehicle-pedestrian collision,Vehicle-pedestrian collision,errors=Vehicle collision
participant_29,2,day,Town10HD_Opt,2026-03-19 10:16:59.271809,69.56217956542969,27.76995086669922,0.0028343200683593,0.534,14.467,0.0,0.0,0,1,-1,,0.92,2026-03-19T10:16:59.271809,sad,0.399,2026-03-19T10:16:59.271809,0.6254599590414435,2026-03-19T10:17:00.016000,66,,,
participant_29,2,day,Town10HD_Opt,2026-03-19 10:17:00.192336,69.52059936523438,27.765729904174805,0.0026454543694853,0.044,14.531,0.0,0.0,0,1,-1,,1.0,2026-03-19T10:17:00.192336,sad,0.399,2026-03-19T10:16:59.271809,0.7530874835175242,2026-03-19T10:17:01.096000,68,,,
participant_29,2,day,Town10HD_Opt,2026-03-19 10:17:01.059108,69.51815032958984,27.765851974487305,0.0023543166462332,0.005,14.418,0.0,0.0,0,1,-1,,1.0,2026-03-19T10:17:01.059108,sad,0.399,2026-03-19T10:16:59.271809,0.6378345291478426,2026-03-19T10:17:01.096000,65,,,errors=Vehicle collision
participant_29,2,day,Town10HD_Opt,2026-03-19 10:17:02.138496,69.51986694335938,27.766469955444336,0.0019750976935029,0.005,15.98,0.022,0.0,0,0,1,,1.0,2026-03-19T10:17:02.138496,neutral,0.454,2026-03-19T10:17:02.138496,0.6393306422906291,2026-03-19T10:17:02.087000,68,,,
participant_29,2,day,Town10HD_Opt,2026-03-19 10:17:03.024865,69.5297622680664,27.76953125,0.0019014739664271,0.692,24.787,0.179,0.0,0,0,1,,0.885,2026-03-19T10:17:03.024865,neutral,0.454,2026-03-19T10:17:02.138496,0.6934151024199794,2026-03-19T10:17:03.084000,67,,,
participant_29,2,day,Town10HD_Opt,2026-03-19 10:17:04.142485,69.97589111328125,27.92733383178711,0.0018226623069494,4.068,17.221,0.0,0.0,0,0,1,,1.0,2026-03-19T10:17:04.142485,sad,0.456,2026-03-19T10:17:04.142485,0.6336026044416855,2026-03-19T10:17:04.021000,66,,,
participant_29,2,day,Town10HD_Opt,2026-03-19 10:17:05.276659,70.8079833984375,28.140668869018555,0.0019301223801448,3.643,-5.394,0.505,0.0,0,0,1,,1.0,2026-03-19T10:17:05.276659,sad,0.456,2026-03-19T10:17:04.142485,0.624447980086638,2026-03-19T10:17:06.046000,63,,,
participant_29,2,day,Town10HD_Opt,2026-03-19 10:17:06.120500,72.10829162597656,28.328086853027344,0.0015679930802434,13.513,-7.629,0.814,0.0,0,0,1,,1.0,2026-03-19T10:17:06.120500,sad,0.456,2026-03-19T10:17:04.142485,0.6325645226555299,2026-03-19T10:17:06.994000,65,,,
participant_29,2,day,Town10HD_Opt,2026-03-19 10:17:07.234374,76.44542694091797,28.552433013916016,0.0020236587151885,19.89,-2.617,0.0,0.112,0,0,1,,0.933,2026-03-19T10:17:07.234374,neutral,0.412,2026-03-19T10:17:07.234374,0.625168466597028,2026-03-19T10:17:07.981000,68,,,errors=Vehicle collision
participant_29,2,day,Town10HD_Opt,2026-03-19 10:17:08.184698,77.5636978149414,28.585453033447266,-0.0010481261415407,0.05,-1.072,0.0,0.503,0,0,1,,0.975,2026-03-19T10:17:08.184698,neutral,0.412,2026-03-19T10:17:07.234374,0.6948890018712088,2026-03-19T10:17:09.062000,64,,,
participant_29,2,day,Town10HD_Opt,2026-03-19 10:17:09.031627,77.56317138671875,28.585432052612305,0.0018886947073042,0.002,-0.458,0.209,0.0,0,1,-1,,0.927,2026-03-19T10:17:09.031627,neutral,0.412,2026-03-19T10:17:07.234374,0.6162344648516908,2026-03-19T10:17:09.062000,65,,,
participant_29,2,day,Town10HD_Opt,2026-03-19 10:17:10.190033,77.19634246826172,28.581974029541016,0.0020238494034856,3.685,-0.261,0.0,0.0,0,1,-1,,1.0,2026-03-19T10:17:10.190033,neutral,0.639,2026-03-19T10:17:10.190033,0.660390077727454,2026-03-19T10:17:10.996000,70,,,
participant_29,2,day,Town10HD_Opt,2026-03-19 10:17:11.060759,76.75965881347656,28.577726364135746,0.001856651273556,1.377,-0.275,0.0,0.0,0,1,-1,,1.0,2026-03-19T10:17:11.060759,neutral,0.639,2026-03-19T10:17:10.190033,0.6544086730038424,2026-03-19T10:17:10.996000,68,,,
participant_29,2,day,Town10HD_Opt,2026-03-19 10:17:12.182133,76.5755615234375,28.575868606567383,0.0019005202921107,0.351,-0.275,0.0,0.0,0,1,-1,,0.919,2026-03-19T10:17:12.182133,neutral,0.639,2026-03-19T10:17:10.190033,0.6008775020717873,2026-03-19T10:17:13.022000,66,,,
participant_29,2,day,Town10HD_Opt,2026-03-19 10:17:13.004334,76.5363998413086,28.575475692749023,0.0019045256776735,0.0,-0.378,0.0,0.0,0,1,-1,,0.918,2026-03-19T10:17:13.004334,sad,0.315,2026-03-19T10:17:13.004334,0.5847963180475538,2026-03-19T10:17:13.022000,67,,,
participant_29,2,day,Town10HD_Opt,2026-03-19 10:17:14.125985,76.536376953125,28.575475692749023,0.0019180679228156,0.0,0.082,0.0,0.0,0,1,-1,,1.0,2026-03-19T10:17:14.125985,sad,0.315,2026-03-19T10:17:13.004334,0.6334628583030828,2026-03-19T10:17:14.011000,65,,,
participant_29,2,day,Town10HD_Opt,2026-03-19 10:17:15.222835,76.536376953125,28.575475692749023,0.0019180679228156,0.0,0.096,0.0,0.0,0,1,-1,,0.811,2026-03-19T10:17:15.222835,neutral,0.683,2026-03-19T10:17:15.222835,0.6265541648849144,2026-03-19T10:17:15.991000,64,,,
participant_29,2,day,Town10HD_Opt,2026-03-19 10:17:16.099141,76.536376953125,28.575475692749023,0.0019180679228156,0.0,0.096,0.0,0.0,0,1,-1,,1.0,2026-03-19T10:17:16.099141,neutral,0.683,2026-03-19T10:17:15.222835,0.6018751612801441,2026-03-19T10:17:16.981000,65,,,
participant_29,2,day,Town10HD_Opt,2026-03-19 10:17:17.228112,76.536376953125,28.575475692749023,0.0019180679228156,0.0,0.465,0.0,0.0,0,0,1,,0.85,2026-03-19T10:17:17.228112,neutral,0.742,2026-03-19T10:17:17.228112,0.6479951574024698,2026-03-19T10:17:18.016000,66,,,
participant_29,2,day,Town10HD_Opt,2026-03-19 10:17:18.104610,76.536376953125,28.575475692749023,0.0019180679228156,0.0,0.404,0.0,0.0,0,0,1,,0.938,2026-03-19T10:17:18.104610,neutral,0.742,2026-03-19T10:17:17.228112,0.6450806171416626,2026-03-19T10:17:19.008000,71,,,
participant_29,2,day,Town10HD_Opt,2026-03-19 10:17:19.197296,76.536376953125,28.575475692749023,0.0019180679228156,0.0,0.383,0.0,0.0,0,0,1,,0.927,2026-03-19T10:17:19.197296,neutral,0.742,2026-03-19T10:17:17.228112,0.6126985516057791,2026-03-19T10:17:19.998000,70,,,
participant_29,2,day,Town10HD_Opt,2026-03-19 10:17:20.025107,76.536376953125,28.575475692749023,0.0019180679228156,0.0,0.376,0.0,0.0,0,0,1,,0.904,2026-03-19T10:17:20.025107,neutral,0.79,2026-03-19T10:17:20.025107,0.6401341553180542,2026-03-19T10:17:19.998000,72,,,
participant_29,2,day,Town10HD_Opt,2026-03-19 10:17:21.092244,76.536376953125,28.575475692749023,0.0019180679228156,0.0,0.376,0.0,0.0,0,0,1,,0.92,2026-03-19T10:17:21.092244,neutral,0.79,2026-03-19T10:17:20.025107,0.6081288742752361,2026-03-19T10:17:20.987000,73,,,
participant_29,2,day,Town10HD_Opt,2026-03-19 10:17:22.245962,76.64915466308594,28.575401306152344,0.00180137634743,2.576,-0.865,0.179,0.0,0,0,1,,0.926,2026-03-19T10:17:22.245962,neutral,0.819,2026-03-19T10:17:22.245962,0.6874551293088129,2026-03-19T10:17:23.103000,73,,,
participant_29,2,day,Town10HD_Opt,2026-03-19 10:17:23.212946,77.2257308959961,28.57701110839844,0.0018736267229542,3.917,-1.191,0.164,0.0,0,0,1,,0.938,2026-03-19T10:17:23.212946,neutral,0.819,2026-03-19T10:17:22.245962,0.5996955333534552,2026-03-19T10:17:24.047000,70,,,
participant_29,2,day,Town10HD_Opt,2026-03-19 10:17:24.066294,78.01646423339844,28.57267570495605,0.0018862533615902,4.981,-1.455,0.162,0.0,0,0,1,,0.941,2026-03-19T10:17:24.066294,neutral,0.819,2026-03-19T10:17:22.245962,0.6318337028411508,2026-03-19T10:17:24.047000,71,,,
participant_29,2,day,Town10HD_Opt,2026-03-19 10:17:25.255036,79.15553283691406,28.566749572753903,0.0019551848527044,4.012,-0.195,0.0,0.0,0,0,1,,0.833,2026-03-19T10:17:25.255036,neutral,0.766,2026-03-19T10:17:25.255036,0.5488346121125551,2026-03-19T10:17:25.982000,70,,,
participant_29,2,day,Town10HD_Opt,2026-03-19 10:17:26.172023,79.79943084716797,28.56438446044922,0.0019493865547701,3.171,-0.195,0.0,0.0,0,0,1,,0.88,2026-03-19T10:17:26.172023,neutral,0.766,2026-03-19T10:17:25.255036,0.6065913240585259,2026-03-19T10:17:25.982000,71,,,
participant_29,2,day,Town10HD_Opt,2026-03-19 10:17:27.024812,80.15574645996094,28.56282424926757,0.002067832974717,0.0,-0.23,0.0,0.049,0,0,1,,0.89,2026-03-19T10:17:27.024812,neutral,0.766,2026-03-19T10:17:25.255036,0.5464139259056705,2026-03-19T10:17:27.106000,70,,,
participant_29,2,day,Town10HD_Opt,2026-03-19 10:17:28.217088,80.15599060058594,28.562822341918945,0.0019216918153688,0.003,-0.23,0.0,0.0,0,0,1,,0.897,2026-03-19T10:17:28.217088,neutral,0.65,2026-03-19T10:17:28.217088,0.6132450736240944,2026-03-19T10:17:28.998000,66,,,
participant_29,2,day,Town10HD_Opt,2026-03-19 10:17:29.017714,80.15631866455078,28.56282424926757,0.001919021597132,0.001,-0.23,0.0,0.0,0,0,1,,0.91,2026-03-19T10:17:29.017714,neutral,0.65,2026-03-19T10:17:28.217088,0.6041150919951744,2026-03-19T10:17:28.998000,68,,,
participant_29,2,day,Town10HD_Opt,2026-03-19 10:17:30.109604,80.15642547607422,28.56282424926757,0.0019191360333934,0.001,-0.23,0.0,0.0,0,0,1,,0.928,2026-03-19T10:17:30.109604,neutral,0.65,2026-03-19T10:17:28.217088,0.5168218082164149,2026-03-19T10:17:29.987000,67,,,
participant_29,2,day,Town10HD_Opt,2026-03-19 10:17:31.148485,80.15644073486328,28.56282424926757,0.0019188689766451,0.006,-0.23,0.0,0.0,0,0,1,,0.93,2026-03-19T10:17:31.148485,neutral,0.871,2026-03-19T10:17:31.148485,0.4217802432471003,2026-03-19T10:17:32.012000,63,,,
participant_29,2,day,Town10HD_Opt,2026-03-19 10:17:31.996777,80.1563949584961,28.56282424926757,0.0019187163561582,0.006,-0.233,0.0,0.0,0,0,1,,0.915,2026-03-19T10:17:31.996777,neutral,0.871,2026-03-19T10:17:31.148485,0.5345667153596569,2026-03-19T10:17:32.012000,66,,,
participant_29,2,day,Town10HD_Opt,2026-03-19 10:17:33.129805,80.15652465820312,28.56282424926757,0.001918678288348,0.006,-0.233,0.0,0.0,0,0,1,,0.919,2026-03-19T10:17:33.129805,neutral,0.871,2026-03-19T10:17:31.148485,0.535961235500452,2026-03-19T10:17:33.092000,65,,,
participant_29,2,day,Town10HD_Opt,2026-03-19 10:17:34.016663,80.1554946899414,28.562753677368164,0.0019161986419931,0.238,11.113,0.718,0.0,0,0,1,,0.959,2026-03-19T10:17:34.016663,neutral,0.571,2026-03-19T10:17:34.016663,0.4984849490117833,2026-03-19T10:17:34.037000,65,Solid line crossing,Solid line crossing,
participant_29,2,day,Town10HD_Opt,2026-03-19 10:17:35.114285,81.906982421875,28.72414970397949,0.0014438247308135,17.687,1.981,1.0,0.0,0,0,1,,0.962,2026-03-19T10:17:35.114285,neutral,0.571,2026-03-19T10:17:34.016663,0.4707808518631519,2026-03-19T10:17:36.016000,66,,,
participant_29,2,day,Town10HD_Opt,2026-03-19 10:17:36.050371,86.04549407958984,28.851919174194336,0.0015247344272211,32.305,-10.643,1.0,0.0,0,0,1,,0.921,2026-03-19T10:17:36.050371,neutral,0.505,2026-03-19T10:17:36.050371,0.4905653538227968,2026-03-19T10:17:36.016000,65,,,
participant_29,2,day,Town10HD_Opt,2026-03-19 10:17:37.140466,95.2916030883789,26.26860618591309,0.0015833663055673,51.551,-9.294,0.0,0.0,0,0,1,,0.887,2026-03-19T10:17:37.140466,neutral,0.505,2026-03-19T10:17:36.050371,0.5071591873738542,2026-03-19T10:17:37.997000,67,,,
participant_29,2,day,Town10HD_Opt,2026-03-19 10:17:38.246694,103.91810607910156,18.49430084228516,0.0018512343522161,52.039,-12.309,0.0,0.212,0,0,1,,0.866,2026-03-19T10:17:38.246694,neutral,0.665,2026-03-19T10:17:38.246694,0.5295289949288419,2026-03-19T10:17:39.031000,65,,,
participant_29,2,day,Town10HD_Opt,2026-03-19 10:17:39.033730,106.68901824951172,10.419910430908203,0.0018075561383739,50.758,-6.078,0.955,0.0,0,0,1,,0.859,2026-03-19T10:17:39.033730,neutral,0.665,2026-03-19T10:17:38.246694,0.4696232979498816,2026-03-19T10:17:39.031000,66,,,
participant_29,2,day,Town10HD_Opt,2026-03-19 10:17:40.136960,106.97592163085938,-1.3870443105697632,0.0018584060017019,52.347,0.19,0.0,0.251,0,0,1,,0.901,2026-03-19T10:17:40.136960,neutral,0.665,2026-03-19T10:17:38.246694,0.5370160931259028,2026-03-19T10:17:41.012000,68,,,
participant_29,2,day,Town10HD_Opt,2026-03-19 10:17:41.187217,107.1502914428711,-12.35884952545166,0.0022818373981863,41.541,-0.237,0.242,0.0,0,0,1,,0.88,2026-03-19T10:17:41.187217,neutral,0.559,2026-03-19T10:17:41.187217,0.4231194636848414,2026-03-19T10:17:42.002000,67,,,
participant_29,2,day,Town10HD_Opt,2026-03-19 10:17:42.259111,107.1754379272461,-21.63471221923828,0.0020290755201131,39.716,-1.793,0.53,0.0,0,0,1,,0.937,2026-03-19T10:17:42.259111,neutral,0.559,2026-03-19T10:17:41.187217,0.5484208379449937,2026-03-19T10:17:42.991000,66,,,errors=Solid line crossing
participant_29,2,day,Town10HD_Opt,2026-03-19 10:17:43.065290,106.69802856445312,-28.7224235534668,0.0019811247475445,41.697,-4.247,0.526,0.0,0,0,1,,0.936,2026-03-19T10:17:43.065290,neutral,0.559,2026-03-19T10:17:41.187217,0.3852892496389257,2026-03-19T10:17:42.991000,64,,,
participant_29,2,day,Town10HD_Opt,2026-03-19 10:17:44.111087,104.4120101928711,-38.42793273925781,0.0019756315741688,44.282,-4.362,0.585,0.0,0,0,1,,0.951,2026-03-19T10:17:44.111087,neutral,0.603,2026-03-19T10:17:44.111087,0.4228853530690187,2026-03-19T10:17:44.072000,66,,,
participant_29,2,day,Town10HD_Opt,2026-03-19 10:17:45.150816,99.73304748535156,-48.12921142578125,0.0019230269826948,48.473,-5.075,0.581,0.0,0,0,1,,0.946,2026-03-19T10:17:45.150816,neutral,0.603,2026-03-19T10:17:44.111087,0.4532902595377965,2026-03-19T10:17:46.008000,67,,,
participant_29,2,day,Town10HD_Opt,2026-03-19 10:17:46.259577,92.30636596679688,-56.73206329345703,0.0020725249778479,48.347,-5.408,0.459,0.0,0,0,1,,0.921,2026-03-19T10:17:46.259577,happy,0.794,2026-03-19T10:17:46.259577,0.4755589934379582,2026-03-19T10:17:46.997000,67,Solid line crossing,Solid line crossing,
participant_29,2,day,Town10HD_Opt,2026-03-19 10:17:47.114242,85.43235778808594,-61.50498962402344,0.0020814132876694,47.265,-5.411,0.453,0.0,0,0,1,,0.963,2026-03-19T10:17:47.114242,happy,0.794,2026-03-19T10:17:46.259577,0.4066900855590947,2026-03-19T10:17:46.997000,67,,,
participant_29,2,day,Town10HD_Opt,2026-03-19 10:17:48.034441,77.87471771240234,-64.6449203491211,0.0020789336413145,46.315,-5.411,0.452,0.0,0,0,1,,0.969,2026-03-19T10:17:48.034441,happy,0.794,2026-03-19T10:17:46.259577,0.4723289864429293,2026-03-19T10:17:48.121000,67,,,
participant_29,2,day,Town10HD_Opt,2026-03-19 10:17:49.161964,67.3493881225586,-66.35285186767578,0.0020655822008848,45.328,-0.865,0.451,0.0,0,0,1,,0.84,2026-03-19T10:17:49.161964,happy,0.615,2026-03-19T10:17:49.161964,0.4601747830763523,2026-03-19T10:17:49.024000,70,,,
participant_29,2,day,Town10HD_Opt,2026-03-19 10:17:50.016620,59.47041320800781,-66.7975845336914,0.0020585632883012,44.825,-0.153,0.452,0.0,0,0,1,,0.921,2026-03-19T10:17:50.016620,happy,0.615,2026-03-19T10:17:49.161964,0.4434712203923693,2026-03-19T10:17:50.102000,71,,,
participant_29,2,day,Town10HD_Opt,2026-03-19 10:17:51.157264,49.0843391418457,-67.23725891113281,0.0020555877126753,44.238,-0.564,0.452,0.0,0,0,1,,0.897,2026-03-19T10:17:51.157264,happy,0.615,2026-03-19T10:17:49.161964,0.4845493644303812,2026-03-19T10:17:51.992000,72,,,
participant_29,2,day,Town10HD_Opt,2026-03-19 10:17:52.034468,41.36914443969727,-67.38018035888672,0.0020537567324936,43.906,-0.322,0.452,0.0,0,0,1,,0.914,2026-03-19T10:17:52.034468,neutral,0.55,2026-03-19T10:17:52.034468,0.3999783223284101,2026-03-19T10:17:51.992000,73,,,
participant_29,2,day,Town10HD_Opt,2026-03-19 10:17:53.247796,31.16823387145996,-67.40945434570312,0.0020514677744358,43.501,-0.176,0.452,0.0,0,0,1,,0.926,2026-03-19T10:17:53.247796,neutral,0.55,2026-03-19T10:17:52.034468,0.5212844940645587,2026-03-19T10:17:54.061000,70,,,
participant_29,2,day,Town10HD_Opt,2026-03-19 10:17:54.108222,23.68022918701172,-67.37532043457031,0.0022293853107839,39.67,-0.012,0.0,0.0,0,0,1,,0.923,2026-03-19T10:17:54.108222,happy,0.669,2026-03-19T10:17:54.108222,0.4659957767062432,2026-03-19T10:17:55.008000,68,,,
participant_29,2,day,Town10HD_Opt,2026-03-19 10:17:55.195242,15.72129249572754,-67.35131072998047,0.0023064422421157,28.194,0.425,0.0,0.0,0,0,1,,0.867,2026-03-19T10:17:55.195242,happy,0.669,2026-03-19T10:17:54.108222,0.4877934457405855,2026-03-19T10:17:55.998000,69,,,
participant_29,2,day,Town10HD_Opt,2026-03-19 10:17:56.032165,11.289505004882812,-67.3908462524414,0.0022040556650608,22.682,0.489,0.222,0.0,0,0,1,,0.854,2026-03-19T10:17:56.032165,happy,0.669,2026-03-19T10:17:54.108222,0.4905225730867512,2026-03-19T10:17:55.998000,70,,,
participant_29,2,day,Town10HD_Opt,2026-03-19 10:17:57.153799,6.375626564025879,-67.48737335205078,0.0021228790283203,19.319,0.146,0.203,0.0,0,0,1,,0.859,2026-03-19T10:17:57.153799,happy,0.535,2026-03-19T10:17:57.153799,0.5747279654792943,2026-03-19T10:17:58.022000,62,,,
participant_29,2,day,Town10HD_Opt,2026-03-19 10:17:57.995310,3.14309310913086,-67.5644760131836,0.0020263672340661,18.064,0.233,0.203,0.0,0,0,1,,0.917,2026-03-19T10:17:57.995310,happy,0.535,2026-03-19T10:17:57.153799,0.5471074704425872,2026-03-19T10:17:58.022000,67,,,
participant_29,2,day,Town10HD_Opt,2026-03-19 10:17:59.125528,-0.9791035056114196,-67.67784881591797,0.001941947848536,17.11,-0.092,0.203,0.0,0,0,1,,0.952,2026-03-19T10:17:59.125528,happy,0.535,2026-03-19T10:17:57.153799,0.5483621973212188,2026-03-19T10:18:00.003000,64,,,
participant_29,2,day,Town10HD_Opt,2026-03-19 10:18:00.255692,-4.866761684417725,-67.7762451171875,0.0019396209390833,16.169,-0.148,0.203,0.0,0,0,1,,0.915,2026-03-19T10:18:00.255692,neutral,0.842,2026-03-19T10:18:00.255692,0.5259961911008327,2026-03-19T10:18:00.992000,64,,,
participant_29,2,day,Town10HD_Opt,2026-03-19 10:18:01.089070,-7.658061981201172,-67.83940887451172,0.001935577369295,15.675,-0.141,0.203,0.0,0,0,1,,0.886,2026-03-19T10:18:01.089070,neutral,0.842,2026-03-19T10:18:00.255692,0.5314421889713512,2026-03-19T10:18:00.992000,67,,,
participant_29,2,day,Town10HD_Opt,2026-03-19 10:18:02.238175,-11.25303077697754,-67.91205596923828,0.0019313811790198,15.113,-0.141,0.202,0.0,0,0,1,,0.831,2026-03-19T10:18:02.238175,neutral,0.842,2026-03-19T10:18:00.255692,0.4927129261262205,2026-03-19T10:18:03.107000,62,,,
participant_29,2,day,Town10HD_Opt,2026-03-19 10:18:03.148668,-13.874832153320312,-67.95889282226562,0.0019287872128188,14.817,-0.141,0.202,0.0,0,0,1,,0.861,2026-03-19T10:18:03.148668,neutral,0.567,2026-03-19T10:18:03.148668,0.5418575408182773,2026-03-19T10:18:04.052000,62,,,
participant_29,2,day,Town10HD_Opt,2026-03-19 10:18:04.171470,-17.231494903564453,-68.01115417480469,0.0020006941631436,12.894,-0.141,0.0,0.0,0,0,1,,0.911,2026-03-19T10:18:04.171470,neutral,0.567,2026-03-19T10:18:03.148668,0.4739748463889685,2026-03-19T10:18:04.998000,61,,,
participant_29,2,day,Town10HD_Opt,2026-03-19 10:18:05.221023,-19.801040649414062,-68.04524230957031,0.0020056152716279,9.071,-0.141,0.0,0.0,0,0,1,,0.84,2026-03-19T10:18:05.221023,neutral,0.876,2026-03-19T10:18:05.221023,0.5177556909256377,2026-03-19T10:18:05.988000,62,,,
participant_29,2,day,Town10HD_Opt,2026-03-19 10:18:06.034350,-21.17055892944336,-68.06121826171875,0.002032051095739,5.747,-0.139,0.0,0.197,0,0,1,,0.888,2026-03-19T10:18:06.034350,neutral,0.876,2026-03-19T10:18:05.221023,0.4421441885089175,2026-03-19T10:18:05.988000,62,,,
participant_29,2,day,Town10HD_Opt,2026-03-19 10:18:07.133058,-21.454553604125977,-68.06478118896484,0.0019338607089594,0.217,-0.139,0.0,0.0,0,0,1,,0.951,2026-03-19T10:18:07.133058,neutral,0.876,2026-03-19T10:18:05.221023,0.4655137051702359,2026-03-19T10:18:08.013000,61,,,
participant_29,2,day,Town10HD_Opt,2026-03-19 10:18:08.215509,-21.49733161926269,-68.06526184082031,0.0019205092685297,0.152,-0.139,0.0,0.0,0,0,1,,0.832,2026-03-19T10:18:08.215509,neutral,0.751,2026-03-19T10:18:08.215509,0.4472122782838501,2026-03-19T10:18:09.002000,59,,,
participant_29,2,day,Town10HD_Opt,2026-03-19 10:18:09.048024,-21.52086639404297,-68.06562042236328,0.0019200133392587,0.119,-0.134,0.0,0.0,0,0,1,,0.845,2026-03-19T10:18:09.048024,neutral,0.751,2026-03-19T10:18:08.215509,0.4957086750638457,2026-03-19T10:18:09.002000,62,,,
participant_29,2,day,Town10HD_Opt,2026-03-19 10:18:10.232332,-21.543981552124023,-68.06578826904297,0.001919784466736,0.085,-0.134,0.0,0.0,0,0,1,,0.864,2026-03-19T10:18:10.232332,happy,0.627,2026-03-19T10:18:10.232332,0.4546642749101098,2026-03-19T10:18:11.072000,59,,,
participant_29,2,day,Town10HD_Opt,2026-03-19 10:18:11.045875,-21.556697845458984,-68.06578826904297,0.0019196319626644,0.066,-0.134,0.0,0.0,0,0,1,,0.908,2026-03-19T10:18:11.045875,happy,0.627,2026-03-19T10:18:10.232332,0.4362410538604893,2026-03-19T10:18:11.072000,59,,,
participant_29,2,day,Town10HD_Opt,2026-03-19 10:18:12.153335,-21.56918716430664,-68.06578826904297,0.0019194793421775,0.009,-0.134,0.017,0.0,0,0,1,,0.933,2026-03-19T10:18:12.153335,happy,0.627,2026-03-19T10:18:10.232332,0.4246829673631518,2026-03-19T10:18:13.007000,62,,,
participant_29,2,day,Town10HD_Opt,2026-03-19 10:18:13.040943,-22.10626602172852,-68.07099151611328,0.0014618682907894,10.708,-0.134,1.0,0.0,0,0,1,,0.906,2026-03-19T10:18:13.040943,neutral,0.747,2026-03-19T10:18:13.040943,0.4869645983730773,2026-03-19T10:18:13.007000,61,,,
participant_29,2,day,Town10HD_Opt,2026-03-19 10:18:14.130723,-26.727706909179688,-68.10950469970703,0.001537513686344,30.714,-0.134,1.0,0.0,0,0,1,,0.903,2026-03-19T10:18:14.130723,neutral,0.747,2026-03-19T10:18:13.040943,0.4211981225429681,2026-03-19T10:18:14.008000,63,Stop sign violation,stop_sign_id=1200,
participant_29,2,day,Town10HD_Opt,2026-03-19 10:18:15.198396,-36.08663558959961,-68.14696502685547,0.0017321014311164,46.653,-0.134,0.0,0.0,0,0,1,,0.876,2026-03-19T10:18:15.198396,neutral,0.504,2026-03-19T10:18:15.198396,0.4622869417460233,2026-03-19T10:18:16.022000,62,,,
participant_29,2,day,Town10HD_Opt,2026-03-19 10:18:16.254083,-45.67043685913086,-68.11797332763672,0.0028542326763272,34.139,-0.291,0.0,0.0,0,0,1,,0.908,2026-03-19T10:18:16.254083,neutral,0.504,2026-03-19T10:18:15.198396,0.3933449883205067,2026-03-19T10:18:17.013000,62,,,
participant_29,2,day,Town10HD_Opt,2026-03-19 10:18:17.074579,-50.9959716796875,-68.04595184326172,0.002222633222118,25.421,-0.235,0.0,0.086,0,0,1,,0.909,2026-03-19T10:18:17.074579,neutral,0.504,2026-03-19T10:18:15.198396,0.4453777172026508,2026-03-19T10:18:17.013000,64,,,
participant_29,2,day,Town10HD_Opt,2026-03-19 10:18:18.155016,-56.006595611572266,-67.9534912109375,0.0020264815539121,16.099,-0.167,0.0,0.265,0,0,1,,0.942,2026-03-19T10:18:18.155016,neutral,0.806,2026-03-19T10:18:18.155016,0.3200725051602131,2026-03-19T10:18:18.993000,64,,,
participant_29,2,day,Town10HD_Opt,2026-03-19 10:18:19.196398,-59.021244049072266,-67.88705444335938,0.0020838165655732,9.223,-0.167,0.0,0.31,0,0,1,,0.894,2026-03-19T10:18:19.196398,neutral,0.806,2026-03-19T10:18:18.155016,0.3856182673430241,2026-03-19T10:18:20.028000,61,,,
participant_29,2,day,Town10HD_Opt,2026-03-19 10:18:20.206506,-60.21653366088867,-67.85845184326172,0.001920623704791,3.995,-0.075,1.0,0.0,0,0,1,,0.919,2026-03-19T10:18:20.206506,neutral,0.549,2026-03-19T10:18:20.206506,0.4078558348317487,2026-03-19T10:18:21.017000,60,,,
participant_29,2,day,Town10HD_Opt,2026-03-19 10:18:21.252854,-63.4230842590332,-67.81158447265625,0.0017057036748155,24.556,0.689,1.0,0.0,0,0,1,,0.91,2026-03-19T10:18:21.252854,neutral,0.549,2026-03-19T10:18:20.206506,0.3631152441523327,2026-03-19T10:18:22.007000,62,,,
participant_29,2,day,Town10HD_Opt,2026-03-19 10:18:22.009145,-68.89777374267578,-67.8031005859375,0.0015295027988031,40.511,-0.24,0.861,0.0,0,0,1,,0.892,2026-03-19T10:18:22.009145,neutral,0.549,2026-03-19T10:18:20.206506,0.4688293178691213,2026-03-19T10:18:22.007000,59,,,
participant_29,2,day,Town10HD_Opt,2026-03-19 10:18:23.133064,-79.67353820800781,-67.2693862915039,0.0017801666399464,51.521,-9.138,0.0,0.175,0,0,1,,0.913,2026-03-19T10:18:23.133064,neutral,0.628,2026-03-19T10:18:23.133064,0.4642823724284239,2026-03-19T10:18:24.033000,58,,,
participant_29,2,day,Town10HD_Opt,2026-03-19 10:18:24.191527,-89.82466888427734,-62.42768859863281,0.0020885085687041,47.991,-14.278,0.323,0.0,0,0,1,,0.954,2026-03-19T10:18:24.191527,neutral,0.628,2026-03-19T10:18:23.133064,0.4751930287621426,2026-03-19T10:18:25.023000,61,,,errors=Solid line crossing
participant_29,2,day,Town10HD_Opt,2026-03-19 10:18:25.052787,-94.17925262451172,-55.7358283996582,0.0021744917612522,43.788,-1.535,0.362,0.0,0,0,1,,0.846,2026-03-19T10:18:25.052787,neutral,0.628,2026-03-19T10:18:23.133064,0.3589856117020052,2026-03-19T10:18:25.023000,60,,,
participant_29,2,day,Town10HD_Opt,2026-03-19 10:18:26.133771,-98.9609375,-47.151702880859375,0.0021226501557976,40.619,8.203,0.376,0.0,0,0,1,,0.921,2026-03-19T10:18:26.133771,neutral,0.491,2026-03-19T10:18:26.133771,0.4266585499273252,2026-03-19T10:18:27.003000,62,,,
participant_29,2,day,Town10HD_Opt,2026-03-19 10:18:27.212928,-105.77586364746094,-41.00408172607422,0.0021051024086773,38.195,-2.12,0.336,0.0,0,0,1,,0.888,2026-03-19T10:18:27.212928,neutral,0.491,2026-03-19T10:18:26.133771,0.3729553425200513,2026-03-19T10:18:27.993000,62,,,
participant_29,2,day,Town10HD_Opt,2026-03-19 10:18:28.008741,-110.687255859375,-36.78620529174805,0.0021740340162068,34.81,-7.758,0.0,0.0,0,0,1,,0.936,2026-03-19T10:18:28.008741,neutral,0.491,2026-03-19T10:18:26.133771,0.3051645630093116,2026-03-19T10:18:27.993000,61,,,errors=Solid line crossing
participant_29,2,day,Town10HD_Opt,2026-03-19 10:18:29.101624,-114.75983428955078,-31.157506942749023,0.0023770141415297,23.304,-8.134,0.0,0.0,0,0,1,,0.959,2026-03-19T10:18:29.101624,neutral,0.322,2026-03-19T10:18:29.101624,0.4111345950835622,2026-03-19T10:18:29.118000,61,,,
participant_29,2,day,Town10HD_Opt,2026-03-19 10:18:30.192071,-41.66891098022461,89.74463653564453,-0.0667848587036132,0.943,-9.081,0.0,0.0,0,0,0,,0.857,2026-03-19T10:18:30.192071,neutral,0.322,2026-03-19T10:18:29.101624,0.3261922446540124,2026-03-19T10:18:31.008000,60,,,
participant_29,2,day,Town10HD_Opt,2026-03-19 10:18:31.014885,-41.669036865234375,89.74549865722656,0.0009953307453542,0.02,-7.998,0.542,0.0,0,0,0,,0.951,2026-03-19T10:18:31.014885,neutral,0.322,2026-03-19T10:18:29.101624,0.351619888498028,2026-03-19T10:18:31.008000,62,,,
participant_29,2,day,Town10HD_Opt,2026-03-19 10:18:32.109522,-41.68479537963867,88.49150848388672,0.001382827758789,16.544,-0.78,0.938,0.0,0,0,1,,0.81,2026-03-19T10:18:32.109522,sad,0.403,2026-03-19T10:18:32.109522,0.292323336053204,2026-03-19T10:18:31.997000,61,,,
participant_29,2,day,Town10HD_Opt,2026-03-19 10:18:33.223000,-41.75429153442383,83.73399353027344,0.0021390533074736,17.938,2.69,0.0,0.0,0,0,1,,0.898,2026-03-19T10:18:33.223000,sad,0.403,2026-03-19T10:18:32.109522,0.3755272608758941,2026-03-19T10:18:33.034000,62,,,
participant_29,2,day,Town10HD_Opt,2026-03-19 10:18:34.041559,-41.67531204223633,81.0240249633789,0.0020444488618522,13.368,2.883,0.0,0.0,0,0,1,,0.912,2026-03-19T10:18:34.041559,sad,0.403,2026-03-19T10:18:32.109522,0.4433939194460829,2026-03-19T10:18:34.161000,62,,,
participant_29,2,day,Town10HD_Opt,2026-03-19 10:18:35.159394,-41.234954833984375,78.32180786132812,0.0018331527244299,13.155,16.396,0.708,0.0,0,0,1,,0.933,2026-03-19T10:18:35.159394,neutral,0.363,2026-03-19T10:18:35.159394,0.3995686122008482,2026-03-19T10:18:35.058000,59,,,
participant_29,2,day,Town10HD_Opt,2026-03-19 10:18:36.028881,-40.0277214050293,75.5976333618164,0.0019065093947574,21.439,16.555,0.785,0.0,0,0,1,,1.0,2026-03-19T10:18:36.028881,neutral,0.363,2026-03-19T10:18:35.159394,0.3889935865224413,2026-03-19T10:18:36.095000,62,,,
participant_29,2,day,Town10HD_Opt,2026-03-19 10:18:37.207517,-35.99048614501953,71.25700378417969,0.0021292113233357,26.128,22.946,0.0,0.0,0,0,1,,0.818,2026-03-19T10:18:37.207517,neutral,0.364,2026-03-19T10:18:37.207517,0.4058010509975517,2026-03-19T10:18:37.085000,64,,,
participant_29,2,day,Town10HD_Opt,2026-03-19 10:18:38.123548,-32.27998352050781,70.00838470458984,0.0022810362279415,19.055,12.864,0.0,0.0,0,0,1,,0.844,2026-03-19T10:18:38.123548,neutral,0.364,2026-03-19T10:18:37.207517,0.3898801766548506,2026-03-19T10:18:39.017000,63,,,
participant_29,2,day,Town10HD_Opt,2026-03-19 10:18:39.257283,-27.90357780456543,69.49747467041016,0.001851386972703,23.015,7.335,0.737,0.0,0,0,1,,0.832,2026-03-19T10:18:39.257283,sad,0.359,2026-03-19T10:18:39.257283,0.3965640024467807,2026-03-19T10:18:40.052000,66,,,
participant_29,2,day,Town10HD_Opt,2026-03-19 10:18:40.126940,-23.346418380737305,69.48833465576172,0.0019328689668327,27.982,2.817,0.404,0.0,0,0,1,,1.0,2026-03-19T10:18:40.126940,sad,0.359,2026-03-19T10:18:39.257283,0.446561110826464,2026-03-19T10:18:40.052000,66,,,
participant_29,2,day,Town10HD_Opt,2026-03-19 10:18:41.196410,-16.72051239013672,69.8372802734375,0.0020487594883888,28.432,-1.26,0.277,0.0,0,0,1,,0.808,2026-03-19T10:18:41.196410,sad,0.359,2026-03-19T10:18:39.257283,0.3857100014621218,2026-03-19T10:18:42.034000,63,,,
participant_29,2,day,Town10HD_Opt,2026-03-19 10:18:42.038017,-11.903238296508787,69.99247741699219,0.0021087264176458,26.336,-0.298,0.273,0.0,0,0,1,,0.882,2026-03-19T10:18:42.038017,sad,0.426,2026-03-19T10:18:42.038017,0.4326173091328164,2026-03-19T10:18:42.034000,65,,,
participant_29,2,day,Town10HD_Opt,2026-03-19 10:18:43.192532,-5.99774694442749,70.10596466064453,0.0020953367929905,24.176,-0.858,0.277,0.0,0,0,1,,0.841,2026-03-19T10:18:43.192532,sad,0.426,2026-03-19T10:18:42.038017,0.4173646353329478,2026-03-19T10:18:44.013000,65,,,
participant_29,2,day,Town10HD_Opt,2026-03-19 10:18:44.039696,-1.8869503736495967,70.11502075195312,0.0020918273366987,22.7,-0.562,0.259,0.0,0,0,1,,0.861,2026-03-19T10:18:44.039696,neutral,0.323,2026-03-19T10:18:44.039696,0.3722911065977264,2026-03-19T10:18:44.013000,62,,,
participant_29,2,day,Town10HD_Opt,2026-03-19 10:18:45.193588,3.23567008972168,70.09048461914062,0.0020509338937699,21.683,0.047,0.333,0.0,0,0,1,,1.0,2026-03-19T10:18:45.193588,neutral,0.323,2026-03-19T10:18:44.039696,0.4070632544220261,2026-03-19T10:18:45.995000,64,,,
participant_29,2,day,Town10HD_Opt,2026-03-19 10:18:46.078328,7.025050640106201,70.08206939697266,0.0020434951875358,21.679,0.155,0.332,0.0,0,0,1,,0.808,2026-03-19T10:18:46.078328,sad,0.438,2026-03-19T10:18:46.078328,0.3830192304471178,2026-03-19T10:18:45.995000,65,,,
participant_29,2,day,Town10HD_Opt,2026-03-19 10:18:47.269345,12.072315216064451,70.08930206298828,0.0020510863978415,21.426,-0.223,0.072,0.0,0,0,1,,0.816,2026-03-19T10:18:47.269345,sad,0.438,2026-03-19T10:18:46.078328,0.4775325741688084,2026-03-19T10:18:48.018000,65,,,
participant_29,2,day,Town10HD_Opt,2026-03-19 10:18:48.149166,15.471888542175291,70.0875244140625,0.0019374083494767,17.05,-0.021,0.0,0.0,0,0,1,,0.875,2026-03-19T10:18:48.149166,sad,0.331,2026-03-19T10:18:48.149166,0.4305504953621524,2026-03-19T10:18:49.008000,66,,,
participant_29,2,day,Town10HD_Opt,2026-03-19 10:18:49.240561,18.87461471557617,70.08182525634766,0.0020334625151008,12.01,-0.08,0.0,0.0,0,0,1,,0.861,2026-03-19T10:18:49.240561,sad,0.331,2026-03-19T10:18:48.149166,0.4275088649062116,2026-03-19T10:18:49.998000,64,,,
participant_29,2,day,Town10HD_Opt,2026-03-19 10:18:50.151514,20.746076583862305,70.07647705078125,0.0020074462518095,9.091,-0.08,0.0,0.0,0,0,1,,0.883,2026-03-19T10:18:50.151514,neutral,0.421,2026-03-19T10:18:50.151514,0.4113412231914174,2026-03-19T10:18:51.033000,67,Solid line crossing,Solid line crossing,
participant_29,2,day,Town10HD_Opt,2026-03-19 10:18:51.238427,22.65342140197754,70.0692138671875,0.0019344328902661,7.609,-0.08,0.0,0.0,0,0,1,,0.833,2026-03-19T10:18:51.238427,neutral,0.421,2026-03-19T10:18:50.151514,0.3786575714134768,2026-03-19T10:18:52.022000,68,,,
participant_29,2,day,Town10HD_Opt,2026-03-19 10:18:52.172258,23.84090614318848,70.06387329101562,0.0019896698649972,5.631,-0.08,0.041,0.0,0,0,1,,0.912,2026-03-19T10:18:52.172258,neutral,0.581,2026-03-19T10:18:52.172258,0.4042575695057961,2026-03-19T10:18:53.013000,63,,,
participant_29,2,day,Town10HD_Opt,2026-03-19 10:18:53.020157,24.708480834960938,70.05950927734375,0.0019654082134366,4.197,-0.08,0.033,0.0,0,0,1,,0.919,2026-03-19T10:18:53.020157,neutral,0.581,2026-03-19T10:18:52.172258,0.4772927773682918,2026-03-19T10:18:53.013000,65,,,
participant_29,2,day,Town10HD_Opt,2026-03-19 10:18:54.178330,25.53315544128418,70.05504608154297,0.0019506835378706,2.839,-0.08,0.0,0.0,0,0,1,,0.892,2026-03-19T10:18:54.178330,neutral,0.753,2026-03-19T10:18:54.178330,0.3796237755057582,2026-03-19T10:18:54.993000,65,,,
participant_29,2,day,Town10HD_Opt,2026-03-19 10:18:55.012496,26.03948402404785,70.0521469116211,0.0019394683185964,2.572,-0.08,0.0,0.0,0,0,1,,0.913,2026-03-19T10:18:55.012496,neutral,0.753,2026-03-19T10:18:54.178330,0.5111102979609082,2026-03-19T10:18:54.993000,66,,,
participant_29,2,day,Town10HD_Opt,2026-03-19 10:18:56.148545,26.26230812072754,70.05075073242188,0.0019446181831881,0.0,-0.082,0.0,0.063,0,0,1,,0.944,2026-03-19T10:18:56.148545,neutral,0.753,2026-03-19T10:18:54.178330,0.3839263448127809,2026-03-19T10:18:57.018000,65,,,
participant_29,2,day,Town10HD_Opt,2026-03-19 10:18:57.007523,26.334379196166992,70.05040740966797,0.0017467498546466,4.302,-0.305,0.951,0.0,0,0,1,,0.935,2026-03-19T10:18:57.007523,sad,0.417,2026-03-19T10:18:57.007523,0.4619718138750147,2026-03-19T10:18:57.018000,65,,,errors=Stop sign violation
participant_29,2,day,Town10HD_Opt,2026-03-19 10:18:58.152562,29.34881591796875,69.96923828125,0.0017635726835578,21.904,-6.236,0.807,0.0,0,0,1,,0.879,2026-03-19T10:18:58.152562,sad,0.417,2026-03-19T10:18:57.007523,0.455379239331124,2026-03-19T10:18:58.998000,63,,,
participant_29,2,day,Town10HD_Opt,2026-03-19 10:18:59.066003,33.68601989746094,69.1690444946289,0.001865844707936,28.45,-12.1,0.574,0.0,0,0,1,,1.0,2026-03-19T10:18:59.066003,neutral,0.514,2026-03-19T10:18:59.066003,0.4867144438462981,2026-03-19T10:18:58.998000,62,,,
participant_29,2,day,Town10HD_Opt,2026-03-19 10:19:00.194587,39.95670700073242,65.64527130126953,0.0019701765850186,33.316,-12.621,0.476,0.0,0,0,1,,0.91,2026-03-19T10:19:00.194587,neutral,0.514,2026-03-19T10:18:59.066003,0.3973446887149761,2026-03-19T10:19:01.025000,62,,,
participant_29,2,day,Town10HD_Opt,2026-03-19 10:19:01.048636,43.47140502929688,61.11943054199219,0.0022247694432735,30.448,-14.727,0.0,0.0,0,0,1,,1.0,2026-03-19T10:19:01.048636,neutral,0.514,2026-03-19T10:18:59.066003,0.4196805085170521,2026-03-19T10:19:01.025000,61,,,
participant_29,2,day,Town10HD_Opt,2026-03-19 10:19:02.180420,44.86357498168945,55.31790542602539,0.0022750853095203,20.313,-10.156,0.0,0.0,0,0,1,,0.81,2026-03-19T10:19:02.180420,sad,0.285,2026-03-19T10:19:02.180420,0.3341494328532055,2026-03-19T10:19:03.003000,64,,,
participant_29,2,day,Town10HD_Opt,2026-03-19 10:19:03.094937,44.70899200439453,52.057655334472656,0.0019261168781667,17.534,-8.51,0.402,0.0,0,0,1,,0.87,2026-03-19T10:19:03.094937,sad,0.285,2026-03-19T10:19:02.180420,0.4401065010430185,2026-03-19T10:19:03.003000,62,,,
participant_29,2,day,Town10HD_Opt,2026-03-19 10:19:04.253222,44.191253662109375,47.86604309082031,0.0020302962511777,18.898,2.092,0.524,0.0,0,0,1,,0.964,2026-03-19T10:19:04.253222,neutral,0.798,2026-03-19T10:19:04.253222,0.4171964252327184,2026-03-19T10:19:04.173000,61,,,
participant_29,2,day,Town10HD_Opt,2026-03-19 10:19:05.100310,43.90956115722656,44.28910446166992,0.0019321059808135,22.321,2.259,0.355,0.0,0,0,1,,0.949,2026-03-19T10:19:05.100310,neutral,0.798,2026-03-19T10:19:04.253222,0.3650196589693129,2026-03-19T10:19:05.209000,65,,,
participant_29,2,day,Town10HD_Opt,2026-03-19 10:19:06.232525,43.88935470581055,39.20518112182617,0.0020841597579419,20.911,7.406,0.36,0.0,0,0,1,,0.957,2026-03-19T10:19:06.232525,neutral,0.798,2026-03-19T10:19:04.253222,0.3819593254329286,2026-03-19T10:19:07.008000,64,,,
participant_29,2,day,Town10HD_Opt,2026-03-19 10:19:07.065281,44.54862594604492,35.57023620605469,0.0020207976922392,21.808,13.904,0.504,0.0,0,0,1,,0.937,2026-03-19T10:19:07.065281,neutral,0.385,2026-03-19T10:19:07.065281,0.3962603540372781,2026-03-19T10:19:07.008000,63,,,
participant_29,2,day,Town10HD_Opt,2026-03-19 10:19:08.154405,47.34722900390625,30.729217529296875,0.0019181059906259,27.493,17.174,0.408,0.0,0,0,1,,1.0,2026-03-19T10:19:08.154405,neutral,0.385,2026-03-19T10:19:07.065281,0.4503829129369572,2026-03-19T10:19:09.036000,62,,,
participant_29,2,day,Town10HD_Opt,2026-03-19 10:19:09.041402,51.08882522583008,27.98543167114257,0.0022438429296016,23.74,15.42,0.0,0.0,0,0,1,,0.908,2026-03-19T10:19:09.041402,neutral,0.385,2026-03-19T10:19:07.065281,0.3663776921513591,2026-03-19T10:19:09.036000,61,,,
participant_29,2,day,Town10HD_Opt,2026-03-19 10:19:10.257377,56.15185546875,26.56126594543457,0.001969528151676,24.014,7.677,0.496,0.0,0,0,1,,0.902,2026-03-19T10:19:10.257377,neutral,0.532,2026-03-19T10:19:10.257377,0.418910578843352,2026-03-19T10:19:11.013000,62,,,
participant_29,2,day,Town10HD_Opt,2026-03-19 10:19:11.094428,60.58243560791016,26.117816925048828,0.0019985961262136,25.966,-1.048,0.0,0.0,0,0,1,,0.863,2026-03-19T10:19:11.094428,neutral,0.532,2026-03-19T10:19:10.257377,0.4161495493366192,2026-03-19T10:19:11.013000,60,,,
participant_29,2,day,Town10HD_Opt,2026-03-19 10:19:12.241091,65.7491226196289,25.408308029174805,0.0022367858327925,18.041,0.719,0.0,0.0,0,0,1,,1.0,2026-03-19T10:19:12.241091,neutral,0.532,2026-03-19T10:19:10.257377,0.4290087629200779,2026-03-19T10:19:13.038000,62,,,
participant_29,2,day,Town10HD_Opt,2026-03-19 10:19:13.035901,68.60173797607422,25.02493667602539,0.0019987486302852,15.034,2.826,0.173,0.0,0,0,1,,0.946,2026-03-19T10:19:13.035901,neutral,0.432,2026-03-19T10:19:13.035901,0.4783031074687466,2026-03-19T10:19:13.038000,62,,,
participant_29,2,day,Town10HD_Opt,2026-03-19 10:19:14.105590,71.97647094726562,24.779903411865234,0.0019443511264398,13.962,3.61,0.171,0.0,0,0,1,,0.93,2026-03-19T10:19:14.105590,neutral,0.432,2026-03-19T10:19:13.035901,0.3988777603715106,2026-03-19T10:19:14.118000,62,,,
participant_29,2,day,Town10HD_Opt,2026-03-19 10:19:15.137347,75.14189147949219,24.75308990478516,0.0019387054489925,13.131,3.601,0.074,0.0,0,0,1,,0.936,2026-03-19T10:19:15.137347,fear,0.356,2026-03-19T10:19:15.137347,0.4423907510501031,2026-03-19T10:19:16.009000,63,,,
participant_29,2,day,Town10HD_Opt,2026-03-19 10:19:16.192698,77.84391784667969,24.851057052612305,0.0020083617419004,9.62,-0.938,0.0,0.0,0,0,1,,0.908,2026-03-19T10:19:16.192698,fear,0.356,2026-03-19T10:19:15.137347,0.4655373208840574,2026-03-19T10:19:16.998000,64,,,
participant_29,2,day,Town10HD_Opt,2026-03-19 10:19:17.233432,79.75199890136719,24.891584396362305,0.0020079803653061,6.252,0.446,0.0,0.228,0,0,1,,0.856,2026-03-19T10:19:17.233432,sad,0.34,2026-03-19T10:19:17.233432,0.3361371865802526,2026-03-19T10:19:18.122000,65,,,
participant_29,2,day,Town10HD_Opt,2026-03-19 10:19:17.997815,80.05154418945312,24.899477005004883,0.0020004652906209,0.0,0.449,0.0,0.239,0,0,1,,0.894,2026-03-19T10:19:17.997815,sad,0.34,2026-03-19T10:19:17.233432,0.3984992649027382,2026-03-19T10:19:18.122000,64,,,
participant_29,2,day,Town10HD_Opt,2026-03-19 10:19:19.005773,80.05168914794922,24.89947891235352,0.0019203185802325,0.006,0.449,0.0,0.0,0,0,1,,0.958,2026-03-19T10:19:19.005773,sad,0.34,2026-03-19T10:19:17.233432,0.3415835518372965,2026-03-19T10:19:19.027000,63,,,
participant_29,2,day,Town10HD_Opt,2026-03-19 10:19:20.078029,80.05178833007812,24.89947891235352,0.0019193267216905,0.006,0.449,0.0,0.0,0,0,1,,0.909,2026-03-19T10:19:20.078029,neutral,0.504,2026-03-19T10:19:20.078029,0.4258301501907969,2026-03-19T10:19:20.013000,64,,,
participant_29,2,day,Town10HD_Opt,2026-03-19 10:19:21.190920,80.05189514160156,24.89947891235352,0.001919288537465,0.006,0.449,0.0,0.0,0,0,1,,0.945,2026-03-19T10:19:21.190920,neutral,0.504,2026-03-19T10:19:20.078029,0.3581666677744347,2026-03-19T10:19:22.038000,66,,,
participant_29,2,day,Town10HD_Opt,2026-03-19 10:19:22.251045,80.05199432373047,24.89947891235352,0.001919288537465,0.006,0.449,0.0,0.0,0,0,1,,0.869,2026-03-19T10:19:22.251045,neutral,0.403,2026-03-19T10:19:22.251045,0.4014385475119304,2026-03-19T10:19:23.118000,63,,,
participant_29,2,day,Town10HD_Opt,2026-03-19 10:19:23.172835,80.05210876464844,24.89947891235352,0.001919021597132,0.001,0.449,0.0,0.0,0,0,1,,0.918,2026-03-19T10:19:23.172835,neutral,0.403,2026-03-19T10:19:22.251045,0.4256263423870753,2026-03-19T10:19:24.019000,62,,,
participant_29,2,day,Town10HD_Opt,2026-03-19 10:19:24.253615,80.05224609375,24.89947891235352,0.001919021597132,0.001,0.449,0.0,0.0,0,0,1,,0.905,2026-03-19T10:19:24.253615,neutral,0.487,2026-03-19T10:19:24.253615,0.3805095379517219,2026-03-19T10:19:25.008000,60,,,
participant_29,2,day,Town10HD_Opt,2026-03-19 10:19:25.041558,80.05220031738281,24.89947891235352,0.0019188307924196,0.001,0.446,0.0,0.0,0,0,1,,0.939,2026-03-19T10:19:25.041558,neutral,0.487,2026-03-19T10:19:24.253615,0.4495966182060162,2026-03-19T10:19:25.008000,59,,,
participant_29,2,day,Town10HD_Opt,2026-03-19 10:19:26.113204,80.05233001708984,24.89947891235352,0.0019188689766451,0.001,0.242,0.0,0.0,0,0,1,,0.906,2026-03-19T10:19:26.113204,neutral,0.487,2026-03-19T10:19:24.253615,0.4419155817953597,2026-03-19T10:19:26.010000,63,,,
participant_29,2,day,Town10HD_Opt,2026-03-19 10:19:27.230321,80.06922912597656,24.89986801147461,0.0018923949683085,0.449,-0.226,0.0,0.0,0,0,1,,0.954,2026-03-19T10:19:27.230321,sad,0.36,2026-03-19T10:19:27.230321,0.4293192366519956,2026-03-19T10:19:28.023000,64,,,
participant_29,2,day,Town10HD_Opt,2026-03-19 10:19:28.065289,80.14186096191406,24.901594161987305,0.0019218062516301,0.176,-0.256,0.306,0.0,0,0,1,,0.958,2026-03-19T10:19:28.065289,sad,0.36,2026-03-19T10:19:27.230321,0.3942483290577918,2026-03-19T10:19:28.023000,60,,,
participant_29,2,day,Town10HD_Opt,2026-03-19 10:19:29.181759,81.45272064208984,24.92140007019043,0.0017898940714076,9.665,-0.496,0.0,0.0,0,0,1,,0.933,2026-03-19T10:19:29.181759,sad,0.36,2026-03-19T10:19:27.230321,0.4171185399003072,2026-03-19T10:19:30.004000,58,,,
participant_29,2,day,Town10HD_Opt,2026-03-19 10:19:29.993758,82.96038818359375,24.94384384155273,0.0019929122645407,7.386,-0.289,0.067,0.0,0,0,1,,0.967,2026-03-19T10:19:29.993758,sad,0.372,2026-03-19T10:19:29.993758,0.4484039756182853,2026-03-19T10:19:30.004000,63,,,
participant_29,2,day,Town10HD_Opt,2026-03-19 10:19:31.110056,84.21341705322266,24.960378646850582,0.0022790527436882,0.271,-0.228,0.244,0.0,0,0,1,,0.935,2026-03-19T10:19:31.110056,sad,0.372,2026-03-19T10:19:29.993758,0.4346728657980223,2026-03-19T10:19:31.038000,59,,,
participant_29,2,day,Town10HD_Opt,2026-03-19 10:19:32.238804,85.20317840576172,25.01468276977539,0.0015064621111378,11.761,8.527,0.739,0.0,0,0,1,,0.936,2026-03-19T10:19:32.238804,neutral,0.353,2026-03-19T10:19:32.238804,0.4913738850892929,2026-03-19T10:19:33.019000,62,,,errors=Vehicle-pedestrian collision
participant_29,2,day,Town10HD_Opt,2026-03-19 10:19:33.067862,88.12083435058594,25.274614334106445,0.0017728041857481,23.003,1.45,1.0,0.0,0,0,1,,0.801,2026-03-19T10:19:33.067862,neutral,0.353,2026-03-19T10:19:32.238804,0.4934169084126099,2026-03-19T10:19:33.019000,61,,,
participant_29,2,day,Town10HD_Opt,2026-03-19 10:19:34.128592,95.79196166992188,25.947582244873047,0.0015717315254732,43.532,-6.355,0.948,0.0,0,0,1,,0.922,2026-03-19T10:19:34.128592,neutral,0.353,2026-03-19T10:19:32.238804,0.4256519809578367,2026-03-19T10:19:34.999000,62,,,
participant_29,2,day,Town10HD_Opt,2026-03-19 10:19:35.241852,106.68406677246094,23.625289916992188,0.0022411728277802,46.15,-19.961,0.0,0.0,0,0,1,,1.0,2026-03-19T10:19:35.241852,neutral,0.501,2026-03-19T10:19:35.241852,0.4630108877078403,2026-03-19T10:19:36.034000,59,,,
participant_29,2,day,Town10HD_Opt,2026-03-19 10:19:36.234751,111.48505401611328,16.350553512573242,0.0024081037845462,31.18,-15.948,0.0,0.0,0,0,1,,1.0,2026-03-19T10:19:36.234751,neutral,0.501,2026-03-19T10:19:35.241852,0.5785983242222751,2026-03-19T10:19:37.024000,60,,,
participant_29,2,day,Town10HD_Opt,2026-03-19 10:19:37.036609,111.3895263671875,11.586627960205078,0.0023230360820889,23.825,-16.918,0.0,0.0,0,0,1,,0.89,2026-03-19T10:19:37.036609,neutral,0.501,2026-03-19T10:19:35.241852,0.4266426469656768,2026-03-19T10:19:37.024000,61,,,
participant_29,2,day,Town10HD_Opt,2026-03-19 10:19:38.065701,109.46866607666016,7.458337306976318,0.0020052718464285,16.019,-16.104,0.0,0.0,0,0,1,,0.817,2026-03-19T10:19:38.065701,neutral,0.463,2026-03-19T10:19:38.065701,0.5238029954935627,2026-03-19T10:19:38.058000,61,,,
participant_29,2,day,Town10HD_Opt,2026-03-19 10:19:39.199593,107.52971649169922,4.85882568359375,0.0020299148745834,11.461,6.049,0.0,0.0,0,0,1,,0.951,2026-03-19T10:19:39.199593,neutral,0.463,2026-03-19T10:19:38.065701,0.5106368865387649,2026-03-19T10:19:39.138000,60,,,
participant_29,2,day,Town10HD_Opt,2026-03-19 10:19:40.226238,106.56526184082033,2.8230907917022705,0.0020202253945171,7.892,30.621,0.0,0.0,0,0,1,,0.858,2026-03-19T10:19:40.226238,sad,0.35,2026-03-19T10:19:40.226238,0.5382451004118072,2026-03-19T10:19:41.033000,62,,,
participant_29,2,day,Town10HD_Opt,2026-03-19 10:19:41.013447,106.4784164428711,1.629465103149414,0.0019917297177016,6.032,37.984,0.0,0.0,0,0,1,,0.928,2026-03-19T10:19:41.013447,sad,0.35,2026-03-19T10:19:40.226238,0.5108299997825692,2026-03-19T10:19:41.033000,62,,,
participant_29,2,day,Town10HD_Opt,2026-03-19 10:19:42.091631,106.7506103515625,0.5049312114715576,0.0019785689655691,4.219,51.627,0.0,0.0,0,0,1,,0.951,2026-03-19T10:19:42.091631,sad,0.35,2026-03-19T10:19:40.226238,0.4302980965185393,2026-03-19T10:19:42.063000,60,,,
participant_29,2,day,Town10HD_Opt,2026-03-19 10:19:43.161652,107.14342498779295,-0.2127965837717056,0.0019453048007562,3.172,32.026,0.376,0.0,0,0,1,,0.987,2026-03-19T10:19:43.161652,fear,0.336,2026-03-19T10:19:43.161652,0.4243186284851711,2026-03-19T10:19:43.999000,60,,,
participant_29,2,day,Town10HD_Opt,2026-03-19 10:19:44.227750,107.65000915527344,-1.7593239545822144,0.0017631911905482,10.418,-3.733,0.0,0.0,0,0,1,,0.938,2026-03-19T10:19:44.227750,fear,0.336,2026-03-19T10:19:43.161652,0.4529333097006412,2026-03-19T10:19:45.078000,63,,,
participant_29,2,day,Town10HD_Opt,2026-03-19 10:19:45.014491,108.0204086303711,-3.371577262878418,0.00199157721363,8.06,-9.492,0.0,0.0,0,0,1,,0.928,2026-03-19T10:19:45.014491,fear,0.336,2026-03-19T10:19:43.161652,0.4429231552006532,2026-03-19T10:19:45.078000,57,,,
participant_29,2,day,Town10HD_Opt,2026-03-19 10:19:46.059303,108.21702575683594,-5.203818321228027,0.0017502974951639,11.211,-12.973,0.367,0.0,0,0,1,,0.816,2026-03-19T10:19:46.059303,sad,0.349,2026-03-19T10:19:46.059303,0.4669169091623619,2026-03-19T10:19:46.035000,60,,,
participant_29,2,day,Town10HD_Opt,2026-03-19 10:19:47.114513,108.03622436523438,-8.288372039794922,0.0017802810762077,16.174,-12.141,0.453,0.0,0,0,1,,1.0,2026-03-19T10:19:47.114513,sad,0.349,2026-03-19T10:19:46.059303,0.4444885125397084,2026-03-19T10:19:48.006000,65,,,
participant_29,2,day,Town10HD_Opt,2026-03-19 10:19:48.181311,107.18733215332033,-12.42805004119873,0.0019733046647161,20.006,-0.496,0.495,0.0,0,0,1,,0.815,2026-03-19T10:19:48.181311,sad,0.333,2026-03-19T10:19:48.181311,0.5353417303634135,2026-03-19T10:19:49.040000,63,,,
participant_29,2,day,Town10HD_Opt,2026-03-19 10:19:49.234326,106.32906341552734,-17.463577270507812,0.0019612121395766,23.692,8.32,0.0,0.0,0,0,1,,1.0,2026-03-19T10:19:49.234326,sad,0.333,2026-03-19T10:19:48.181311,0.4785922117946934,2026-03-19T10:19:50.073000,64,,,
participant_29,2,day,Town10HD_Opt,2026-03-19 10:19:50.074311,106.4067153930664,-21.13263702392578,0.0022308730985969,17.995,11.885,0.0,0.0,0,0,1,,1.0,2026-03-19T10:19:50.074311,sad,0.333,2026-03-19T10:19:48.181311,0.496885799091392,2026-03-19T10:19:50.073000,65,,,
participant_29,2,day,Town10HD_Opt,2026-03-19 10:19:51.145945,-41.6685676574707,89.74537658691406,-0.0547260269522666,0.906,14.239,0.0,0.0,0,0,0,,1.0,2026-03-19T10:19:51.145945,sad,0.32,2026-03-19T10:19:51.145945,0.518304378934905,2026-03-19T10:19:51.026000,67,,,
participant_29,2,day,Town10HD_Opt,2026-03-19 10:19:52.101173,-41.66864776611328,89.7454833984375,0.0012951277894899,0.019,8.825,0.0,0.0,0,0,0,,1.0,2026-03-19T10:19:52.101173,sad,0.32,2026-03-19T10:19:51.145945,0.4576685739420756,2026-03-19T10:19:52.998000,73,,,
participant_29,2,day,Town10HD_Opt,2026-03-19 10:19:53.010883,-41.66864776611328,89.7454833984375,0.0019057082245126,0.0,1.869,0.0,0.0,0,0,0,,0.813,2026-03-19T10:19:53.010883,sad,0.32,2026-03-19T10:19:51.145945,0.4136691634561311,2026-03-19T10:19:52.998000,72,,,
participant_29,2,day,Town10HD_Opt,2026-03-19 10:19:54.374330,-41.66864776611328,89.7454833984375,0.0019173049367964,0.0,0.757,0.0,0.0,0,0,0,,1.0,2026-03-19T10:19:54.374330,sad,0.419,2026-03-19T10:19:54.374330,0.564995140363889,2026-03-19T10:19:55.023000,76,,,
participant_29,2,day,Town10HD_Opt,2026-03-19 10:19:55.262184,-41.66864776611328,89.7454833984375,0.0019184494158253,0.0,1.14,0.0,0.0,0,0,0,,1.0,2026-03-19T10:19:55.262184,sad,0.419,2026-03-19T10:19:54.374330,0.5360658830555616,2026-03-19T10:19:56.013000,73,,,
participant_29,2,day,Town10HD_Opt,2026-03-19 10:19:56.141254,-41.66864776611328,89.7454833984375,0.0019184494158253,0.0,1.05,0.793,0.0,0,0,0,,1.0,2026-03-19T10:19:56.141254,sad,0.419,2026-03-19T10:19:54.374330,0.5578975824367853,2026-03-19T10:19:57.004000,75,,,
participant_29,2,day,Town10HD_Opt,2026-03-19 10:19:57.037659,-41.66432189941406,88.24601745605469,0.0017567825270816,11.596,-0.402,0.0,0.0,0,0,1,,1.0,2026-03-19T10:19:57.037659,sad,0.405,2026-03-19T10:19:57.037659,0.4794020321900719,2026-03-19T10:19:57.004000,74,,,
participant_29,2,day,Town10HD_Opt,2026-03-19 10:19:58.154563,-41.67994689941406,85.89611053466797,0.0020001220982521,7.326,-0.068,0.0,0.0,0,0,1,,0.8,2026-03-19T10:19:58.154563,sad,0.405,2026-03-19T10:19:57.037659,0.5528413518768303,2026-03-19T10:19:59.028000,70,,,
participant_29,2,day,Town10HD_Opt,2026-03-19 10:19:59.068308,-41.6850814819336,84.93653869628906,0.0019755936227738,4.519,0.352,0.0,0.0,0,0,1,,1.0,2026-03-19T10:19:59.068308,sad,0.43,2026-03-19T10:19:59.068308,0.3988404923986562,2026-03-19T10:19:59.028000,71,,,
participant_29,3,day,Town10HD_Opt,2026-03-19 10:30:00.000000,-41.66858673095703,89.7454833984375,0.5804919004440308,16.777,0.949,0.234,0.0,0,0,1,,1.0,2026-03-19T10:30:00,,,2026-03-19T10:30:00,0.4335810614459096,2026-03-19T10:30:00,58,,,
participant_29,3,day,Town10HD_Opt,2026-03-19 10:30:05.540421,-41.68869400024414,86.67068481445312,0.0017222976312041,16.827,0.973,0.25,0.0,0,0,1,,0.893,2026-03-19T10:30:05.540421,,,2026-03-19T10:30:05.540421,0.4225221750615839,2026-03-19T10:30:06.031000,61,,,
participant_29,3,day,Town10HD_Opt,2026-03-19 10:30:06.167241,-41.66997909545898,84.63215637207031,0.00204429612495,18.43,1.29,0.632,0.0,0,0,1,,0.923,2026-03-19T10:30:06.167241,,,2026-03-19T10:30:05.540421,0.3372360907906714,2026-03-19T10:30:06.031000,61,,,
participant_29,3,day,Town10HD_Opt,2026-03-19 10:30:07.188016,-41.51387786865234,81.09839630126953,0.0019025802612304,22.409,4.775,0.513,0.0,0,0,1,,0.818,2026-03-19T10:30:07.188016,,,2026-03-19T10:30:05.540421,0.3539455331183858,2026-03-19T10:30:06.975000,60,,,
participant_29,3,day,Town10HD_Opt,2026-03-19 10:30:08.153583,-40.810302734375,76.9923095703125,0.0020050429739058,24.619,11.672,0.39,0.0,0,0,1,,1.0,2026-03-19T10:30:08.153583,neutral,0.509,2026-03-19T10:30:08.153583,0.4526377707268387,2026-03-19T10:30:07.966000,63,,,
participant_29,3,day,Town10HD_Opt,2026-03-19 10:30:09.243295,-38.87877655029297,73.18700408935547,0.0020964050199836,24.403,23.588,0.349,0.0,0,0,1,,1.0,2026-03-19T10:30:09.243295,neutral,0.509,2026-03-19T10:30:08.153583,0.3430988290526267,2026-03-19T10:30:09,64,,,
participant_29,3,day,Town10HD_Opt,2026-03-19 10:30:10.237598,-35.506893157958984,70.718017578125,0.0021069336216896,23.995,22.002,0.348,0.0,0,0,1,,1.0,2026-03-19T10:30:10.237598,neutral,0.926,2026-03-19T10:30:10.237598,0.3820369659977785,2026-03-19T10:30:09.991000,65,,,
participant_29,3,day,Town10HD_Opt,2026-03-19 10:30:11.065057,-32.8332405090332,69.91825866699219,0.0020756148733198,23.939,12.132,0.328,0.0,0,0,1,,0.919,2026-03-19T10:30:11.065057,neutral,0.926,2026-03-19T10:30:10.237598,0.3192886868834409,2026-03-19T10:30:11.006000,67,,,
participant_29,3,day,Town10HD_Opt,2026-03-19 10:30:12.006814,-28.70312690734864,69.57222747802734,0.0020706176292151,23.528,10.142,0.327,0.0,0,0,1,,0.902,2026-03-19T10:30:12.006814,neutral,0.926,2026-03-19T10:30:10.237598,0.3854723610897759,2026-03-19T10:30:11.970000,65,,,
participant_29,3,day,Town10HD_Opt,2026-03-19 10:30:13.273216,-23.26253128051757,69.8614501953125,0.0020547865424305,23.1,-2.621,0.327,0.0,0,0,1,,0.959,2026-03-19T10:30:13.273216,neutral,0.603,2026-03-19T10:30:13.273216,0.4435401270089494,2026-03-19T10:30:12.959000,64,,,
participant_29,3,day,Town10HD_Opt,2026-03-19 10:30:14.233830,-19.23838424682617,69.9567642211914,0.0020528030581772,22.839,0.815,0.328,0.0,0,0,1,,0.817,2026-03-19T10:30:14.233830,neutral,0.603,2026-03-19T10:30:13.273216,0.4540872062491253,2026-03-19T10:30:14.040000,66,,,
participant_29,3,day,Town10HD_Opt,2026-03-19 10:30:15.168045,-15.26027774810791,70.0866928100586,0.0020512770861387,22.587,-0.703,0.328,0.0,0,0,1,,1.0,2026-03-19T10:30:15.168045,neutral,0.603,2026-03-19T10:30:13.273216,0.3749957896262739,2026-03-19T10:30:14.985000,69,,,
participant_29,3,day,Town10HD_Opt,2026-03-19 10:30:16.092281,-11.319897651672363,70.1524887084961,0.0020505141001194,22.377,-1.248,0.328,0.0,0,0,1,,0.808,2026-03-19T10:30:16.092281,sad,0.775,2026-03-19T10:30:16.092281,0.4024968036008423,2026-03-19T10:30:15.975000,69,,,
participant_29,3,day,Town10HD_Opt,2026-03-19 10:30:17.032101,-7.413825511932373,70.13492584228516,0.0020497892983257,22.191,-0.472,0.328,0.0,0,0,1,,1.0,2026-03-19T10:30:17.032101,sad,0.775,2026-03-19T10:30:16.092281,0.4319014387925651,2026-03-19T10:30:16.965000,71,,,
participant_29,3,day,Town10HD_Opt,2026-03-19 10:30:18.252635,-2.252580165863037,70.07672882080078,0.0020486831199377,21.98,-0.139,0.328,0.0,0,0,1,,1.0,2026-03-19T10:30:18.252635,neutral,0.731,2026-03-19T10:30:18.252635,0.3248181910766107,2026-03-19T10:30:18,72,,,
participant_29,3,day,Town10HD_Opt,2026-03-19 10:30:19.229380,1.565045952796936,70.02544403076172,0.0020748518873006,21.337,0.026,0.258,0.0,0,0,1,,0.902,2026-03-19T10:30:19.229380,neutral,0.731,2026-03-19T10:30:18.252635,0.379494777968871,2026-03-19T10:30:18.990000,76,,,
participant_29,3,day,Town10HD_Opt,2026-03-19 10:30:20.117499,5.176708698272705,69.98302459716797,0.002090988215059,19.887,0.331,0.253,0.0,0,0,1,,0.853,2026-03-19T10:30:20.117499,neutral,0.731,2026-03-19T10:30:18.252635,0.3632823535857605,2026-03-19T10:30:19.981000,75,,,
participant_29,3,day,Town10HD_Opt,2026-03-19 10:30:21.023813,8.521238327026367,69.96258544921875,0.0021186827216297,18.115,0.233,0.139,0.0,0,0,1,,0.837,2026-03-19T10:30:21.023813,neutral,0.562,2026-03-19T10:30:21.023813,0.3704332089361657,2026-03-19T10:30:20.970000,77,,,
participant_29,3,day,Town10HD_Opt,2026-03-19 10:30:22.227468,12.530631065368652,69.95336151123047,0.0019835662096738,15.754,-0.016,0.12,0.0,0,0,1,,1.0,2026-03-19T10:30:22.227468,neutral,0.562,2026-03-19T10:30:21.023813,0.3966881527209074,2026-03-19T10:30:21.960000,76,,,
participant_29,3,day,Town10HD_Opt,2026-03-19 10:30:23.170359,15.140382766723633,69.94752502441406,0.0019756315741688,13.968,-0.023,0.121,0.0,0,0,1,,1.0,2026-03-19T10:30:23.170359,neutral,0.585,2026-03-19T10:30:23.170359,0.3639850131118463,2026-03-19T10:30:22.996000,75,,,
participant_29,3,day,Town10HD_Opt,2026-03-19 10:30:24.118124,17.46761131286621,69.94142150878906,0.0019644927233457,12.539,-0.023,0.12,0.0,0,0,1,,0.809,2026-03-19T10:30:24.118124,neutral,0.585,2026-03-19T10:30:23.170359,0.445246384150737,2026-03-19T10:30:23.985000,73,,,
participant_29,3,day,Town10HD_Opt,2026-03-19 10:30:25.036742,19.56692695617676,69.93533325195312,0.0019558714702725,11.38,-0.023,0.12,0.0,0,0,1,,1.0,2026-03-19T10:30:25.036742,neutral,0.585,2026-03-19T10:30:23.170359,0.4360647051320419,2026-03-19T10:30:24.975000,68,Harsh braking,decel_mps2=6.1,
participant_29,3,day,Town10HD_Opt,2026-03-19 10:30:26.281480,22.0832462310791,69.92747497558594,0.0019477843306958,10.116,-0.023,0.0,0.0,0,0,1,,1.0,2026-03-19T10:30:26.281480,neutral,0.609,2026-03-19T10:30:26.281480,0.3504441439295093,2026-03-19T10:30:25.965000,69,,,
participant_29,3,day,Town10HD_Opt,2026-03-19 10:30:27.197065,23.69271469116211,69.921875,0.0019904708024114,7.859,-0.023,0.0,0.0,0,0,1,,1.0,2026-03-19T10:30:27.197065,neutral,0.609,2026-03-19T10:30:26.281480,0.4161309417870278,2026-03-19T10:30:27,68,,,
participant_29,3,day,Town10HD_Opt,2026-03-19 10:30:28.173407,24.93245315551757,69.91735076904297,0.0019903564825654,5.788,-0.023,0.0,0.166,0,0,1,,1.0,2026-03-19T10:30:28.173407,neutral,0.609,2026-03-19T10:30:26.281480,0.4202850117317313,2026-03-19T10:30:27.995000,65,,,
participant_29,3,day,Town10HD_Opt,2026-03-19 10:30:29.081732,25.13512420654297,69.91613006591797,0.0019839857704937,0.0,-0.023,0.0,0.004,0,0,1,,1.0,2026-03-19T10:30:29.081732,neutral,0.629,2026-03-19T10:30:29.081732,0.4864997447975346,2026-03-19T10:30:28.980000,67,,,
participant_29,3,day,Town10HD_Opt,2026-03-19 10:30:30.296745,25.37164306640625,69.9156265258789,0.0017912673065438,3.608,-0.026,0.312,0.0,0,0,1,,1.0,2026-03-19T10:30:30.296745,neutral,0.629,2026-03-19T10:30:29.081732,0.455315503280139,2026-03-19T10:30:29.970000,63,,,
participant_29,3,day,Town10HD_Opt,2026-03-19 10:30:31.227004,26.095766067504883,69.9130859375,0.0019202422117814,4.078,-0.026,0.0,0.0,0,0,1,,1.0,2026-03-19T10:30:31.227004,fear,0.376,2026-03-19T10:30:31.227004,0.3680707085358276,2026-03-19T10:30:30.961000,67,,,
participant_29,3,day,Town10HD_Opt,2026-03-19 10:30:32.137989,26.20126724243164,69.91287231445312,0.0019567108247429,0.003,-0.026,0.0,0.0,0,0,1,,0.85,2026-03-19T10:30:32.137989,fear,0.376,2026-03-19T10:30:31.227004,0.4508411103583563,2026-03-19T10:30:31.996000,64,,,
participant_29,3,day,Town10HD_Opt,2026-03-19 10:30:33.011618,26.27154922485352,69.91258239746094,0.0017990875057876,2.084,-0.035,0.555,0.0,0,0,1,,1.0,2026-03-19T10:30:33.011618,fear,0.376,2026-03-19T10:30:31.227004,0.3165514260640408,2026-03-19T10:30:32.985000,65,,,
participant_29,3,day,Town10HD_Opt,2026-03-19 10:30:34.191703,27.742265701293945,69.9081039428711,0.001798210083507,9.229,-0.035,0.254,0.0,0,0,1,,1.0,2026-03-19T10:30:34.191703,neutral,0.766,2026-03-19T10:30:34.191703,0.444136611016307,2026-03-19T10:30:34.065000,64,,,
participant_29,3,day,Town10HD_Opt,2026-03-19 10:30:35.154861,29.45385360717773,69.9023208618164,0.0018961334135383,10.131,-0.035,0.187,0.0,0,0,1,,1.0,2026-03-19T10:30:35.154861,neutral,0.766,2026-03-19T10:30:34.191703,0.4292172192618185,2026-03-19T10:30:35.011000,61,,,
participant_29,3,day,Town10HD_Opt,2026-03-19 10:30:36.153733,31.234413146972656,69.88616943359375,0.0019265746232122,10.048,-2.188,0.137,0.0,0,0,1,,1.0,2026-03-19T10:30:36.153733,neutral,0.766,2026-03-19T10:30:34.191703,0.4459209949756655,2026-03-19T10:30:36,63,,,
participant_29,3,day,Town10HD_Opt,2026-03-19 10:30:37.128311,32.94993209838867,69.8086166381836,0.001935081440024,9.523,-3.693,0.111,0.0,0,0,1,,1.0,2026-03-19T10:30:37.128311,neutral,0.362,2026-03-19T10:30:37.128311,0.5406172853378233,2026-03-19T10:30:36.990000,61,,,
participant_29,3,day,Town10HD_Opt,2026-03-19 10:30:38.062007,34.502342224121094,69.68218994140625,0.0019841385073959,7.809,-3.693,0.0,0.0,0,0,1,,1.0,2026-03-19T10:30:38.062007,neutral,0.362,2026-03-19T10:30:37.128311,0.50889058008696,2026-03-19T10:30:37.981000,62,,,
participant_29,3,day,Town10HD_Opt,2026-03-19 10:30:39.083481,35.7062873840332,69.5253677368164,0.0019775009714066,5.987,-8.324,0.0,0.0,0,0,1,,1.0,2026-03-19T10:30:39.083481,neutral,0.362,2026-03-19T10:30:37.128311,0.4435786513136912,2026-03-19T10:30:38.971000,60,,,
participant_29,3,day,Town10HD_Opt,2026-03-19 10:30:40.061416,36.62057876586914,69.34825897216797,0.0019633101765066,4.531,-7.822,0.0,0.0,0,0,1,,1.0,2026-03-19T10:30:40.061416,neutral,0.363,2026-03-19T10:30:40.061416,0.4703439441811572,2026-03-19T10:30:39.961000,64,,,
participant_29,3,day,Town10HD_Opt,2026-03-19 10:30:41.108853,37.32796478271485,69.2230224609375,0.0018843078287318,4.518,6.649,0.636,0.0,0,0,1,,1.0,2026-03-19T10:30:41.108853,neutral,0.363,2026-03-19T10:30:40.061416,0.4407505834189625,2026-03-19T10:30:40.996000,64,,,
participant_29,3,day,Town10HD_Opt,2026-03-19 10:30:42.012994,39.01956558227539,69.13323211669922,0.0015799712855368,14.931,8.747,0.664,0.0,0,0,1,,1.0,2026-03-19T10:30:42.012994,neutral,0.363,2026-03-19T10:30:40.061416,0.4326127653083834,2026-03-19T10:30:41.986000,59,,,
participant_29,3,day,Town10HD_Opt,2026-03-19 10:30:43.224348,43.27405548095703,69.36148834228516,0.0019791794475167,19.96,0.606,0.496,0.0,0,0,1,,0.932,2026-03-19T10:30:43.224348,fear,0.371,2026-03-19T10:30:43.224348,0.3926517969510261,2026-03-19T10:30:42.975000,60,,,
participant_29,3,day,Town10HD_Opt,2026-03-19 10:30:44.278750,46.995155334472656,69.64302062988281,0.0019441604381427,23.001,0.964,0.47,0.0,0,0,1,,1.0,2026-03-19T10:30:44.278750,fear,0.371,2026-03-19T10:30:43.224348,0.4362432631737929,2026-03-19T10:30:43.970000,58,,,
participant_29,3,day,Town10HD_Opt,2026-03-19 10:30:45.202429,51.22737121582031,69.9630355834961,0.0019593429751694,25.653,-0.754,0.455,0.0,0,0,1,,1.0,2026-03-19T10:30:45.202429,fear,0.371,2026-03-19T10:30:43.224348,0.4199049218717451,2026-03-19T10:30:45.015000,63,,,
participant_29,3,day,Town10HD_Opt,2026-03-19 10:30:46.136590,55.88273620605469,70.22955322265625,0.0019749449566006,27.783,-1.029,0.45,0.0,0,0,1,,1.0,2026-03-19T10:30:46.136590,fear,0.426,2026-03-19T10:30:46.136590,0.3631503652246727,2026-03-19T10:30:45.990000,61,,,
participant_29,3,day,Town10HD_Opt,2026-03-19 10:30:47.015309,60.88006210327149,70.4006118774414,0.0019966887775808,29.302,-0.848,0.348,0.0,0,0,1,,1.0,2026-03-19T10:30:47.015309,fear,0.426,2026-03-19T10:30:46.136590,0.3736724770329814,2026-03-19T10:30:46.980000,62,,,
participant_29,3,day,Town10HD_Opt,2026-03-19 10:30:48.176546,67.43565368652344,70.43783569335938,0.0021710968576371,25.409,-0.79,0.0,0.0,0,0,1,,0.806,2026-03-19T10:30:48.176546,fear,0.344,2026-03-19T10:30:48.176546,0.3810447158190614,2026-03-19T10:30:47.970000,59,,,
participant_29,3,day,Town10HD_Opt,2026-03-19 10:30:49.042381,71.3908920288086,70.36404418945312,0.0022403716575354,19.258,-0.423,0.0,0.0,0,0,1,,1.0,2026-03-19T10:30:49.042381,fear,0.344,2026-03-19T10:30:48.176546,0.3342466252337452,2026-03-19T10:30:48.961000,61,,,
participant_29,3,day,Town10HD_Opt,2026-03-19 10:30:50.237285,75.23851013183594,70.26950073242188,0.0020445249974727,13.615,0.414,0.0,0.0,0,0,1,,1.0,2026-03-19T10:30:50.237285,fear,0.349,2026-03-19T10:30:50.237285,0.4281895973865514,2026-03-19T10:30:49.996000,62,,,
participant_29,3,day,Town10HD_Opt,2026-03-19 10:30:51.105824,77.35973358154297,70.22758483886719,0.0020190810319036,10.46,0.423,0.0,0.0,0,0,1,,1.0,2026-03-19T10:30:51.105824,fear,0.349,2026-03-19T10:30:50.237285,0.4208968657315479,2026-03-19T10:30:50.985000,66,,,
participant_29,3,day,Town10HD_Opt,2026-03-19 10:30:52.266763,79.40947723388672,70.19561004638672,0.001986312912777,7.266,0.005,0.125,0.0,0,0,1,,0.814,2026-03-19T10:30:52.266763,neutral,0.881,2026-03-19T10:30:52.266763,0.3854520653734827,2026-03-19T10:30:51.976000,63,,,
participant_29,3,day,Town10HD_Opt,2026-03-19 10:30:53.144647,80.77149200439453,70.17310333251953,0.0017797851469367,10.393,0.005,0.853,0.0,0,0,1,,0.915,2026-03-19T10:30:53.144647,neutral,0.881,2026-03-19T10:30:52.266763,0.4004777489669882,2026-03-19T10:30:52.965000,62,,,
participant_29,3,day,Town10HD_Opt,2026-03-19 10:30:54.044025,83.63115692138672,70.12953186035156,0.0017805862007662,21.906,0.698,0.631,0.0,0,0,1,,0.921,2026-03-19T10:30:54.044025,neutral,0.881,2026-03-19T10:30:52.266763,0.3936374442762964,2026-03-19T10:30:54,61,,,
participant_29,3,day,Town10HD_Opt,2026-03-19 10:30:55.249186,88.96416473388672,70.38259887695312,0.0021339415106922,21.35,11.844,0.291,0.0,0,0,1,,0.929,2026-03-19T10:30:55.249186,neutral,0.638,2026-03-19T10:30:55.249186,0.4562496207168585,2026-03-19T10:30:54.991000,62,,,
participant_29,3,day,Town10HD_Opt,2026-03-19 10:30:56.183472,92.46707153320312,71.5282211303711,0.0019728469196707,22.915,17.953,0.682,0.0,0,0,1,,0.941,2026-03-19T10:30:56.183472,neutral,0.638,2026-03-19T10:30:55.249186,0.3991132854368523,2026-03-19T10:30:55.980000,63,,,
participant_29,3,day,Town10HD_Opt,2026-03-19 10:30:57.044237,96.09842681884766,74.4032211303711,0.0017745970981195,31.8,17.291,0.752,0.0,0,0,1,,0.897,2026-03-19T10:30:57.044237,neutral,0.638,2026-03-19T10:30:55.249186,0.4532597920251074,2026-03-19T10:30:56.970000,65,,,
participant_29,3,day,Town10HD_Opt,2026-03-19 10:30:58.169645,99.24842834472656,81.96245574951172,0.0020166777539998,37.677,9.284,0.318,0.0,0,0,1,,0.911,2026-03-19T10:30:58.169645,neutral,0.956,2026-03-19T10:30:58.169645,0.4798897565085423,2026-03-19T10:30:58.005000,63,,,
participant_29,3,day,Town10HD_Opt,2026-03-19 10:30:59.056049,99.29932403564452,88.38711547851562,0.0021150968968868,35.548,0.585,0.322,0.0,0,0,1,,0.944,2026-03-19T10:30:59.056049,neutral,0.956,2026-03-19T10:30:58.169645,0.5314198715295695,2026-03-19T10:30:58.995000,63,,,
participant_29,3,day,Town10HD_Opt,2026-03-19 10:31:00.011799,98.92546844482422,94.42940521240234,0.0021022795699536,33.745,3.525,0.456,0.0,0,0,1,,1.0,2026-03-19T10:31:00.011799,neutral,0.956,2026-03-19T10:30:58.169645,0.4610326563310353,2026-03-19T10:30:59.986000,64,,,
participant_29,3,day,Town10HD_Opt,2026-03-19 10:31:01.232022,97.45843505859376,102.44730377197266,0.0019266509916633,37.401,4.122,0.575,0.0,0,0,1,,1.0,2026-03-19T10:31:01.232022,neutral,0.657,2026-03-19T10:31:01.232022,0.5526247895275772,2026-03-19T10:31:00.976000,63,,,
participant_29,3,day,Town10HD_Opt,2026-03-19 10:31:02.108646,95.3023681640625,108.91999816894533,0.0019348907517269,40.683,4.202,0.556,0.0,0,0,1,,0.873,2026-03-19T10:31:02.108646,neutral,0.657,2026-03-19T10:31:01.232022,0.5334602951405416,2026-03-19T10:31:01.965000,64,,,
participant_29,3,day,Town10HD_Opt,2026-03-19 10:31:03.027661,91.99607849121094,115.47312927246094,0.0019704054575413,43.248,5.411,0.546,0.0,0,0,1,,1.0,2026-03-19T10:31:03.027661,neutral,0.657,2026-03-19T10:31:01.232022,0.4520029037028347,2026-03-19T10:31:03.092000,64,,,
participant_29,3,day,Town10HD_Opt,2026-03-19 10:31:04.203039,85.3858871459961,123.3996810913086,0.0019934081938117,45.61,6.492,0.544,0.0,0,0,1,,0.812,2026-03-19T10:31:04.203039,neutral,0.827,2026-03-19T10:31:04.203039,0.5545008067718377,2026-03-19T10:31:04.035000,63,,,
participant_29,3,day,Town10HD_Opt,2026-03-19 10:31:05.146884,78.72195434570312,127.95670318603516,0.002004203852266,46.994,7.418,0.543,0.0,0,0,1,,1.0,2026-03-19T10:31:05.146884,neutral,0.827,2026-03-19T10:31:04.203039,0.5692937959357309,2026-03-19T10:31:04.980000,61,,,
participant_29,3,day,Town10HD_Opt,2026-03-19 10:31:06.089473,70.87872314453125,130.61192321777344,0.0020135496743023,48.082,6.974,0.541,0.0,0,0,1,,0.845,2026-03-19T10:31:06.089473,neutral,0.827,2026-03-19T10:31:04.203039,0.588068800285865,2026-03-19T10:31:05.971000,62,,,
participant_29,3,day,Town10HD_Opt,2026-03-19 10:31:07.073380,62.44633483886719,131.06744384765625,0.0020960615947842,47.245,1.671,0.0,0.0,0,0,1,,0.827,2026-03-19T10:31:07.073380,neutral,0.396,2026-03-19T10:31:07.073380,0.5460269427643433,2026-03-19T10:31:07.006000,62,,,
participant_29,3,day,Town10HD_Opt,2026-03-19 10:31:08.048255,55.00039291381836,130.64407348632812,0.0023670578375458,37.009,-1.347,0.0,0.0,0,0,1,,0.884,2026-03-19T10:31:08.048255,neutral,0.396,2026-03-19T10:31:07.073380,0.4932489134987138,2026-03-19T10:31:07.995000,58,,,
participant_29,3,day,Town10HD_Opt,2026-03-19 10:31:09.052329,49.04356384277344,130.37860107421875,0.0021449278574436,32.453,-0.637,0.406,0.0,0,0,1,,0.845,2026-03-19T10:31:09.052329,neutral,0.396,2026-03-19T10:31:07.073380,0.5471570872062886,2026-03-19T10:31:08.985000,59,,,
participant_29,3,day,Town10HD_Opt,2026-03-19 10:31:10.037683,43.36652374267578,130.2270050048828,0.0020300291944295,32.719,-2.113,0.431,0.0,0,0,1,,0.822,2026-03-19T10:31:10.037683,happy,0.98,2026-03-19T10:31:10.037683,0.507244821520892,2026-03-19T10:31:09.975000,58,,,
participant_29,3,day,Town10HD_Opt,2026-03-19 10:31:11.258220,35.57791519165039,130.38746643066406,0.0020062637049704,34.211,1.321,0.443,0.0,0,0,1,,0.945,2026-03-19T10:31:11.258220,happy,0.98,2026-03-19T10:31:10.037683,0.54126858427178,2026-03-19T10:31:11.011000,61,,,
participant_29,3,day,Town10HD_Opt,2026-03-19 10:31:12.243324,29.52212142944336,130.4325714111328,0.0020156479440629,35.057,-0.435,0.443,0.0,0,0,1,,0.85,2026-03-19T10:31:12.243324,neutral,0.803,2026-03-19T10:31:12.243324,0.5033906658016101,2026-03-19T10:31:12,60,,,
participant_29,3,day,Town10HD_Opt,2026-03-19 10:31:13.203180,23.328765869140625,130.48851013183594,0.0020194626413285,35.781,0.211,0.443,0.0,0,0,1,,0.844,2026-03-19T10:31:13.203180,neutral,0.803,2026-03-19T10:31:12.243324,0.6114005046806188,2026-03-19T10:31:12.990000,58,,,
participant_29,3,day,Town10HD_Opt,2026-03-19 10:31:14.102528,17.01616859436035,130.51077270507812,0.0020225525368005,36.409,0.143,0.443,0.0,0,0,1,,0.898,2026-03-19T10:31:14.102528,neutral,0.803,2026-03-19T10:31:12.243324,0.5990494010711396,2026-03-19T10:31:13.981000,61,,,
participant_29,3,day,Town10HD_Opt,2026-03-19 10:31:15.041426,10.60629653930664,130.4990997314453,0.0020366667304188,36.593,0.287,0.134,0.0,0,0,1,,0.838,2026-03-19T10:31:15.041426,neutral,0.492,2026-03-19T10:31:15.041426,0.5226087533672337,2026-03-19T10:31:14.970000,61,,,
participant_29,3,day,Town10HD_Opt,2026-03-19 10:31:16.256832,3.0352542400360107,130.42385864257812,0.0022897720336914,27.001,0.179,0.0,0.0,0,0,1,,1.0,2026-03-19T10:31:16.256832,neutral,0.492,2026-03-19T10:31:15.041426,0.5623032212339805,2026-03-19T10:31:16.140000,58,,,
participant_29,3,day,Town10HD_Opt,2026-03-19 10:31:17.204501,-1.1476870775222778,130.3614044189453,0.0022541808430105,20.368,0.179,0.0,0.0,0,0,1,,0.876,2026-03-19T10:31:17.204501,fear,0.52,2026-03-19T10:31:17.204501,0.4655318256378354,2026-03-19T10:31:16.995000,61,,,
participant_29,3,day,Town10HD_Opt,2026-03-19 10:31:18.136075,-4.307214260101318,130.3053741455078,0.0020077896770089,15.675,-0.454,0.0,0.0,0,0,1,,0.908,2026-03-19T10:31:18.136075,fear,0.52,2026-03-19T10:31:17.204501,0.5513973566870144,2026-03-19T10:31:17.986000,58,,,
participant_29,3,day,Town10HD_Opt,2026-03-19 10:31:19.041566,-6.778275489807129,130.27842712402344,0.0020097731612622,12.617,-0.103,0.078,0.0,0,0,1,,1.0,2026-03-19T10:31:19.041566,fear,0.52,2026-03-19T10:31:17.204501,0.4970825092980677,2026-03-19T10:31:18.975000,59,,,
participant_29,3,day,Town10HD_Opt,2026-03-19 10:31:20.203591,-9.492055892944336,130.2517547607422,0.0019578551873564,10.751,-0.103,0.122,0.0,0,0,1,,0.903,2026-03-19T10:31:20.203591,neutral,0.372,2026-03-19T10:31:20.203591,0.5483633102213002,2026-03-19T10:31:19.965000,57,,,
participant_29,3,day,Town10HD_Opt,2026-03-19 10:31:21.095888,-11.30286979675293,130.23631286621094,0.0019478225149214,9.868,-0.103,0.114,0.0,0,0,1,,0.85,2026-03-19T10:31:21.095888,neutral,0.372,2026-03-19T10:31:20.203591,0.5779939685308055,2026-03-19T10:31:21.046000,58,,,
participant_29,3,day,Town10HD_Opt,2026-03-19 10:31:22.013488,-12.965194702148438,130.22378540039062,0.001944274874404,9.114,-0.103,0.113,0.0,0,0,1,,0.843,2026-03-19T10:31:22.013488,neutral,0.372,2026-03-19T10:31:20.203591,0.5483819949730958,2026-03-19T10:31:21.991000,59,,,
participant_29,3,day,Town10HD_Opt,2026-03-19 10:31:23.186352,-15.04015064239502,130.21044921875,0.0019056319724768,9.125,-0.103,0.182,0.0,0,0,1,,0.865,2026-03-19T10:31:23.186352,fear,0.36,2026-03-19T10:31:23.186352,0.5196521165210041,2026-03-19T10:31:22.981000,60,Red light violation,Red light violation,
participant_29,3,day,Town10HD_Opt,2026-03-19 10:31:24.123613,-16.666723251342773,130.20175170898438,0.0019065856467932,9.501,-0.115,0.176,0.0,0,0,1,,0.864,2026-03-19T10:31:24.123613,fear,0.36,2026-03-19T10:31:23.186352,0.6279849512246396,2026-03-19T10:31:24.061000,59,,,
participant_29,3,day,Town10HD_Opt,2026-03-19 10:31:25.262532,-18.90626335144043,130.1935577392578,0.0019315337995067,9.407,-0.155,0.144,0.0,0,0,1,,0.853,2026-03-19T10:31:25.262532,neutral,0.69,2026-03-19T10:31:25.262532,0.577519573921874,2026-03-19T10:31:25.006000,61,,,
participant_29,3,day,Town10HD_Opt,2026-03-19 10:31:26.137297,-20.90376663208008,130.18994140625,0.0016535186441615,16.421,-0.155,0.74,0.0,0,0,1,,0.874,2026-03-19T10:31:26.137297,neutral,0.69,2026-03-19T10:31:25.262532,0.644834697860084,2026-03-19T10:31:25.995000,62,,,
participant_29,3,day,Town10HD_Opt,2026-03-19 10:31:27.022204,-24.27123260498047,130.18734741210938,0.0018517684657126,22.398,0.256,0.503,0.0,0,0,1,,0.932,2026-03-19T10:31:27.022204,neutral,0.69,2026-03-19T10:31:25.262532,0.6561616441368917,2026-03-19T10:31:26.986000,63,,,
participant_29,3,day,Town10HD_Opt,2026-03-19 10:31:28.203153,-29.71126174926757,129.79798889160156,0.0020819092169404,22.916,9.621,0.282,0.0,0,0,1,,0.837,2026-03-19T10:31:28.203153,neutral,0.427,2026-03-19T10:31:28.203153,0.6415852902720234,2026-03-19T10:31:27.975000,64,,,
participant_29,3,day,Town10HD_Opt,2026-03-19 10:31:29.135260,-33.43222427368164,128.65716552734375,0.0020954513456672,21.656,13.224,0.288,0.0,0,0,1,,0.91,2026-03-19T10:31:29.135260,neutral,0.427,2026-03-19T10:31:28.203153,0.5764327504436765,2026-03-19T10:31:29.011000,65,,,
participant_29,3,day,Town10HD_Opt,2026-03-19 10:31:30.006799,-36.56100082397461,126.7223129272461,0.0020940017420798,20.611,14.778,0.289,0.0,0,0,1,,0.838,2026-03-19T10:31:30.006799,neutral,0.427,2026-03-19T10:31:28.203153,0.5169566804650536,2026-03-19T10:31:30,62,,,
participant_29,3,day,Town10HD_Opt,2026-03-19 10:31:31.236656,-39.56948852539063,123.18685150146484,0.0020866394042968,19.483,14.751,0.289,0.0,0,0,1,,0.875,2026-03-19T10:31:31.236656,neutral,0.5,2026-03-19T10:31:31.236656,0.6272144946591516,2026-03-19T10:31:30.991000,63,,,
participant_29,3,day,Town10HD_Opt,2026-03-19 10:31:32.173402,-40.89774703979492,120.06243133544922,0.0019696045201271,19.274,14.317,0.291,0.0,0,0,1,,0.808,2026-03-19T10:31:32.173402,neutral,0.5,2026-03-19T10:31:31.236656,0.6182297433699804,2026-03-19T10:31:31.980000,61,,,
participant_29,3,day,Town10HD_Opt,2026-03-19 10:31:33.152868,-41.473106384277344,116.67861938476562,0.0019693374633789,20.926,7.651,0.497,0.0,0,0,1,,0.926,2026-03-19T10:31:33.152868,neutral,0.5,2026-03-19T10:31:31.236656,0.5696664553498713,2026-03-19T10:31:32.971000,63,,,
participant_29,3,day,Town10HD_Opt,2026-03-19 10:31:34.095822,-41.70082473754883,112.73853302001952,0.0019564819522202,23.947,1.643,0.408,0.0,0,0,1,,0.902,2026-03-19T10:31:34.095822,neutral,0.392,2026-03-19T10:31:34.095822,0.6057562162451898,2026-03-19T10:31:34.007000,64,,,
participant_29,3,day,Town10HD_Opt,2026-03-19 10:31:35.088293,-41.77879333496094,108.41535949707033,0.0020036697387695,25.282,1.14,0.375,0.0,0,0,1,,0.827,2026-03-19T10:31:35.088293,neutral,0.392,2026-03-19T10:31:34.095822,0.4967290154468683,2026-03-19T10:31:34.996000,67,,,
participant_29,3,day,Town10HD_Opt,2026-03-19 10:31:36.004333,-41.71940994262695,103.94092559814452,0.0020353698637336,25.627,0.242,0.354,0.0,0,0,1,,0.86,2026-03-19T10:31:36.004333,neutral,0.392,2026-03-19T10:31:34.095822,0.5318033657679005,2026-03-19T10:31:35.986000,66,,,
participant_29,3,day,Town10HD_Opt,2026-03-19 10:31:37.270044,-41.58977890014648,97.92446899414062,0.0020402146037667,25.799,-0.618,0.353,0.0,0,0,1,,0.901,2026-03-19T10:31:37.270044,neutral,0.354,2026-03-19T10:31:37.270044,0.4983359729042037,2026-03-19T10:31:36.975000,65,,,
participant_29,3,day,Town10HD_Opt,2026-03-19 10:31:38.192003,-41.54178237915039,93.38742065429688,0.0020412444137036,25.904,-1.046,0.354,0.0,0,0,1,,0.839,2026-03-19T10:31:38.192003,neutral,0.354,2026-03-19T10:31:37.270044,0.5016637283548907,2026-03-19T10:31:37.966000,65,,,
participant_29,3,day,Town10HD_Opt,2026-03-19 10:31:39.178849,-41.56075286865234,88.83280181884766,0.0020414732862263,25.992,-0.486,0.344,0.0,0,0,1,,0.822,2026-03-19T10:31:39.178849,neutral,0.354,2026-03-19T10:31:37.270044,0.6211215257911502,2026-03-19T10:31:39.002000,68,,,
participant_29,3,day,Town10HD_Opt,2026-03-19 10:31:40.162251,-41.554935455322266,84.31333923339844,0.0020822524093091,25.109,2.506,0.275,0.0,0,0,1,,0.868,2026-03-19T10:31:40.162251,fear,0.335,2026-03-19T10:31:40.162251,0.5523441615557243,2026-03-19T10:31:40.036000,69,,,
participant_29,3,day,Town10HD_Opt,2026-03-19 10:31:41.150584,-41.21917724609375,80.04666137695312,0.0021068190690129,23.5,9.002,0.269,0.0,0,0,1,,0.905,2026-03-19T10:31:41.150584,fear,0.335,2026-03-19T10:31:40.162251,0.5940235661343526,2026-03-19T10:31:40.981000,65,,,
participant_29,3,day,Town10HD_Opt,2026-03-19 10:31:42.096879,-40.11119079589844,76.26024627685547,0.00212371814996,21.561,14.776,0.251,0.0,0,0,1,,0.952,2026-03-19T10:31:42.096879,fear,0.335,2026-03-19T10:31:40.162251,0.5292830045816995,2026-03-19T10:31:41.971000,64,,,
participant_29,3,day,Town10HD_Opt,2026-03-19 10:31:43.089519,-38.08550262451172,73.29620361328125,0.0021348190493881,19.686,21.943,0.255,0.0,0,0,1,,0.87,2026-03-19T10:31:43.089519,neutral,0.67,2026-03-19T10:31:43.089519,0.5588127457486072,2026-03-19T10:31:43.006000,63,,,
participant_29,3,day,Town10HD_Opt,2026-03-19 10:31:44.109253,-35.356441497802734,71.43392944335938,0.0021080016158521,18.447,18.425,0.287,0.0,0,0,1,,0.865,2026-03-19T10:31:44.109253,neutral,0.67,2026-03-19T10:31:43.089519,0.5741828545244259,2026-03-19T10:31:43.996000,63,,,
participant_29,3,day,Town10HD_Opt,2026-03-19 10:31:45.066082,-32.32198715209961,70.46987915039062,0.0020781706552952,18.465,12.204,0.316,0.0,0,0,1,,0.903,2026-03-19T10:31:45.066082,neutral,0.67,2026-03-19T10:31:43.089519,0.5862917206210269,2026-03-19T10:31:44.986000,63,,,
participant_29,3,day,Town10HD_Opt,2026-03-19 10:31:46.011429,-29.110509872436523,70.07792663574219,0.0020028303842991,19.39,6.898,0.417,0.0,0,0,1,,0.891,2026-03-19T10:31:46.011429,neutral,0.901,2026-03-19T10:31:46.011429,0.564809326384612,2026-03-19T10:31:45.975000,67,,,
participant_29,3,day,Town10HD_Opt,2026-03-19 10:31:47.259862,-24.322492599487305,69.96745300292969,0.0019675062503665,22.148,-0.519,0.478,0.0,0,0,1,,0.89,2026-03-19T10:31:47.259862,neutral,0.901,2026-03-19T10:31:46.011429,0.5542756331103059,2026-03-19T10:31:46.965000,65,,,
participant_29,3,day,Town10HD_Opt,2026-03-19 10:31:48.220771,-20.169008255004883,69.87068939208984,0.0019261932466179,25.891,0.75,0.471,0.0,0,0,1,,1.0,2026-03-19T10:31:48.220771,neutral,0.832,2026-03-19T10:31:48.220771,0.6068102276070814,2026-03-19T10:31:48.001000,65,,,
participant_29,3,day,Town10HD_Opt,2026-03-19 10:31:49.213211,-15.47256565093994,69.82672882080078,0.0019752120133489,27.953,0.343,0.442,0.0,0,0,1,,0.887,2026-03-19T10:31:49.213211,neutral,0.832,2026-03-19T10:31:48.220771,0.5644422286663342,2026-03-19T10:31:48.990000,64,,,
participant_29,3,day,Town10HD_Opt,2026-03-19 10:31:50.188319,-10.455368041992188,69.83415985107422,0.0019969558343291,29.433,0.465,0.428,0.0,0,0,1,,0.91,2026-03-19T10:31:50.188319,neutral,0.832,2026-03-19T10:31:48.220771,0.6065902402699528,2026-03-19T10:31:49.981000,64,,,
participant_29,3,day,Town10HD_Opt,2026-03-19 10:31:51.116190,-5.214139461517334,69.90160369873047,0.0020070266909897,30.55,-0.12,0.428,0.0,0,0,1,,1.0,2026-03-19T10:31:51.116190,sad,0.346,2026-03-19T10:31:51.116190,0.693594233986419,2026-03-19T10:31:50.971000,66,,,
participant_29,3,day,Town10HD_Opt,2026-03-19 10:31:52.055863,0.2098976075649261,69.96651458740234,0.0020118711981922,31.515,-0.287,0.427,0.0,0,0,1,,0.84,2026-03-19T10:31:52.055863,sad,0.346,2026-03-19T10:31:51.116190,0.5855539626982937,2026-03-19T10:31:52.006000,67,,,
participant_29,3,day,Town10HD_Opt,2026-03-19 10:31:53.000026,5.744375705718994,69.98995971679688,0.002098464872688,30.608,-0.087,0.007,0.0,0,0,1,,0.821,2026-03-19T10:31:53.000026,sad,0.346,2026-03-19T10:31:51.116190,0.5404882348924019,2026-03-19T10:31:52.995000,71,,,
participant_29,3,day,Town10HD_Opt,2026-03-19 10:31:54.174296,11.91814136505127,69.9921875,0.0022585678379982,21.661,-0.054,0.0,0.0,0,0,1,,0.852,2026-03-19T10:31:54.174296,neutral,0.34,2026-03-19T10:31:54.174296,0.6162383604192293,2026-03-19T10:31:53.987000,69,,,
participant_29,3,day,Town10HD_Opt,2026-03-19 10:31:55.060381,15.261959075927734,69.98701477050781,0.0019650650210678,16.562,-0.305,0.0,0.0,0,0,1,,0.839,2026-03-19T10:31:55.060381,neutral,0.34,2026-03-19T10:31:54.174296,0.6130103967350058,2026-03-19T10:31:54.975000,70,,,
participant_29,3,day,Town10HD_Opt,2026-03-19 10:31:56.012931,17.854598999023438,69.97584533691406,0.0020122909918427,13.283,0.092,0.16,0.0,0,0,1,,0.881,2026-03-19T10:31:56.012931,neutral,0.34,2026-03-19T10:31:54.174296,0.6236774289820615,2026-03-19T10:31:55.966000,70,,,
participant_29,3,day,Town10HD_Opt,2026-03-19 10:31:57.193574,20.873437881469727,69.96881103515625,0.0019514465238898,12.316,-0.035,0.104,0.0,0,0,1,,0.849,2026-03-19T10:31:57.193574,sad,0.341,2026-03-19T10:31:57.193574,0.608673806659371,2026-03-19T10:31:57.001000,68,,,
participant_29,3,day,Town10HD_Opt,2026-03-19 10:31:58.110243,22.91128158569336,69.96240997314453,0.0019673155620694,10.83,-0.101,0.093,0.0,0,0,1,,1.0,2026-03-19T10:31:58.110243,sad,0.341,2026-03-19T10:31:57.193574,0.6782913186300663,2026-03-19T10:31:58.037000,66,,,
participant_29,3,day,Town10HD_Opt,2026-03-19 10:31:59.005520,24.661067962646484,69.95476531982422,0.0019937513861805,8.752,-0.101,0.0,0.0,0,0,1,,0.813,2026-03-19T10:31:59.005520,sad,0.341,2026-03-19T10:31:57.193574,0.6132228209159508,2026-03-19T10:31:58.980000,67,,,
participant_29,3,day,Town10HD_Opt,2026-03-19 10:32:00.198793,26.03719711303711,69.94710540771484,0.0023140334524214,0.001,-0.101,0.0,0.183,0,0,1,,0.836,2026-03-19T10:32:00.198793,neutral,0.726,2026-03-19T10:32:00.198793,0.6414309646273488,2026-03-19T10:31:59.971000,67,,,
participant_29,3,day,Town10HD_Opt,2026-03-19 10:32:01.060210,26.038068771362305,69.94710540771484,0.0019316100515425,0.045,-0.101,0.56,0.0,0,0,1,,1.0,2026-03-19T10:32:01.060210,neutral,0.726,2026-03-19T10:32:00.198793,0.6085857933979801,2026-03-19T10:32:01.005000,67,,,
participant_29,3,day,Town10HD_Opt,2026-03-19 10:32:02.247915,27.38161277770996,69.93930053710938,0.001550636254251,14.093,-0.223,0.638,0.0,0,0,1,,0.814,2026-03-19T10:32:02.247915,neutral,0.55,2026-03-19T10:32:02.247915,0.6912738350850838,2026-03-19T10:32:01.996000,65,,,errors=Stop sign violation
participant_29,3,day,Town10HD_Opt,2026-03-19 10:32:03.233401,30.29228973388672,69.83928680419922,0.0020481871906667,18.353,-8.077,0.415,0.0,0,0,1,,1.0,2026-03-19T10:32:03.233401,neutral,0.55,2026-03-19T10:32:02.247915,0.6862797919316935,2026-03-19T10:32:03.007000,68,,,
participant_29,3,day,Town10HD_Opt,2026-03-19 10:32:04.161215,33.54430389404297,69.23368835449219,0.001988410949707,20.109,-12.728,0.48,0.0,0,0,1,,0.867,2026-03-19T10:32:04.161215,neutral,0.55,2026-03-19T10:32:02.247915,0.7473413862642242,2026-03-19T10:32:03.977000,62,,,
participant_29,3,day,Town10HD_Opt,2026-03-19 10:32:05.107068,36.94380187988281,67.69937133789062,0.0019613264594227,23.167,-15.036,0.48,0.0,0,0,1,,0.837,2026-03-19T10:32:05.107068,neutral,0.488,2026-03-19T10:32:05.107068,0.7278949588768024,2026-03-19T10:32:04.967000,64,,,
participant_29,3,day,Town10HD_Opt,2026-03-19 10:32:06.025183,40.18315887451172,64.95037078857422,0.0017721175681799,25.824,-12.585,0.46,0.0,0,0,1,,1.0,2026-03-19T10:32:06.025183,neutral,0.488,2026-03-19T10:32:05.107068,0.7633601142314426,2026-03-19T10:32:06.003000,63,,,
participant_29,3,day,Town10HD_Opt,2026-03-19 10:32:07.213331,43.37635803222656,59.55651092529297,0.0019748306367546,28.555,-13.443,0.444,0.0,0,0,1,,1.0,2026-03-19T10:32:07.213331,neutral,0.41,2026-03-19T10:32:07.213331,0.7920025184212235,2026-03-19T10:32:06.994000,63,,,
participant_29,3,day,Town10HD_Opt,2026-03-19 10:32:08.172502,44.22669982910156,54.72989273071289,0.0021517944987863,26.637,-11.12,0.155,0.0,0,0,1,,1.0,2026-03-19T10:32:08.172502,neutral,0.41,2026-03-19T10:32:07.213331,0.8134941605734157,2026-03-19T10:32:07.981000,61,,,
participant_29,3,day,Town10HD_Opt,2026-03-19 10:32:09.144149,44.18345260620117,50.51425552368164,0.0022434997372329,21.049,1.514,0.0,0.0,0,0,1,,0.908,2026-03-19T10:32:09.144149,neutral,0.41,2026-03-19T10:32:07.213331,0.8551594859788622,2026-03-19T10:32:08.970000,65,,,
participant_29,3,day,Town10HD_Opt,2026-03-19 10:32:10.044707,44.14070129394531,47.30716323852539,0.0019963455852121,15.683,-0.994,0.0,0.0,0,0,1,,1.0,2026-03-19T10:32:10.044707,neutral,0.484,2026-03-19T10:32:10.044707,0.7892178806890539,2026-03-19T10:32:10.006000,60,,,
participant_29,3,day,Town10HD_Opt,2026-03-19 10:32:11.199656,44.05243682861328,44.13917541503906,0.0020257185678929,11.188,-0.143,0.0,0.0,0,0,1,,1.0,2026-03-19T10:32:11.199656,neutral,0.484,2026-03-19T10:32:10.044707,0.7797457937052871,2026-03-19T10:32:10.998000,59,,,
participant_29,3,day,Town10HD_Opt,2026-03-19 10:32:12.081002,44.0045166015625,42.46736145019531,0.0020323942881077,7.651,-0.143,0.0,0.059,0,0,1,,1.0,2026-03-19T10:32:12.081002,neutral,0.473,2026-03-19T10:32:12.081002,0.8006750568529543,2026-03-19T10:32:11.986000,61,,,
participant_29,3,day,Town10HD_Opt,2026-03-19 10:32:13.263717,43.97130584716797,41.35254287719727,0.0021774291526526,0.001,-0.141,0.0,0.269,0,0,1,,0.809,2026-03-19T10:32:13.263717,neutral,0.473,2026-03-19T10:32:12.081002,0.8334451256495146,2026-03-19T10:32:12.977000,58,,,
participant_29,3,day,Town10HD_Opt,2026-03-19 10:32:14.144054,43.97089385986328,41.33316802978516,0.0018594360444694,1.835,1.941,0.893,0.0,0,0,1,,1.0,2026-03-19T10:32:14.144054,neutral,0.54,2026-03-19T10:32:14.144054,0.8183392429248872,2026-03-19T10:32:14.056000,60,,,
participant_29,3,day,Town10HD_Opt,2026-03-19 10:32:15.065888,44.02191925048828,39.943119049072266,0.0014810180291533,15.329,8.296,0.729,0.0,0,0,1,,0.905,2026-03-19T10:32:15.065888,neutral,0.54,2026-03-19T10:32:14.144054,0.7422141977232393,2026-03-19T10:32:15.002000,63,,,
participant_29,3,day,Town10HD_Opt,2026-03-19 10:32:16.023100,44.50044631958008,36.79645156860352,0.0019506072858348,20.097,12.369,0.548,0.0,0,0,1,,0.863,2026-03-19T10:32:16.023100,neutral,0.54,2026-03-19T10:32:14.144054,0.8621351941454771,2026-03-19T10:32:15.991000,62,,,
participant_29,3,day,Town10HD_Opt,2026-03-19 10:32:17.233274,46.823974609375,31.869150161743164,0.0018422699067741,28.254,18.189,0.657,0.0,0,0,1,,1.0,2026-03-19T10:32:17.233274,neutral,0.342,2026-03-19T10:32:17.233274,0.8011986974553534,2026-03-19T10:32:16.983000,64,,,
participant_29,3,day,Town10HD_Opt,2026-03-19 10:32:18.136732,50.92353057861328,28.510358810424805,0.002018546918407,31.516,17.931,0.225,0.0,0,0,1,,1.0,2026-03-19T10:32:18.136732,neutral,0.342,2026-03-19T10:32:17.233274,0.8031499564645398,2026-03-19T10:32:18.017000,62,,,
participant_29,3,day,Town10HD_Opt,2026-03-19 10:32:19.040590,55.92205810546875,27.214738845825195,0.002214279025793,27.627,15.773,0.175,0.0,0,0,1,,1.0,2026-03-19T10:32:19.040590,neutral,0.342,2026-03-19T10:32:17.233274,0.8239073946986663,2026-03-19T10:32:19.007000,63,,,
participant_29,3,day,Town10HD_Opt,2026-03-19 10:32:20.215653,61.72053146362305,27.677135467529297,0.0021694563329219,22.236,-3.229,0.161,0.0,0,0,1,,1.0,2026-03-19T10:32:20.215653,neutral,0.892,2026-03-19T10:32:20.215653,0.7571005335168034,2026-03-19T10:32:19.996000,63,,,
participant_29,3,day,Town10HD_Opt,2026-03-19 10:32:21.107433,65.57786560058594,27.938995361328125,0.0019079208141192,24.352,0.808,0.668,0.0,0,0,1,,0.831,2026-03-19T10:32:21.107433,neutral,0.892,2026-03-19T10:32:20.215653,0.8081863770714582,2026-03-19T10:32:20.986000,64,,,
participant_29,3,day,Town10HD_Opt,2026-03-19 10:32:22.283175,72.39361572265625,28.44859504699707,0.0017555236117914,36.183,-0.39,0.909,0.0,0,0,1,,1.0,2026-03-19T10:32:22.283175,neutral,0.455,2026-03-19T10:32:22.283175,0.7681332317189462,2026-03-19T10:32:21.976000,62,,,
participant_29,3,day,Town10HD_Opt,2026-03-19 10:32:23.263941,79.52322387695312,28.89144897460937,0.0016748427879065,46.953,-1.309,0.841,0.0,0,0,1,,1.0,2026-03-19T10:32:23.263941,neutral,0.455,2026-03-19T10:32:22.283175,0.8122711769969082,2026-03-19T10:32:23.012000,65,,,
participant_29,3,day,Town10HD_Opt,2026-03-19 10:32:24.162340,88.24676513671875,29.094560623168945,0.0021374893840402,49.001,-2.899,0.835,0.0,0,0,1,,1.0,2026-03-19T10:32:24.162340,neutral,0.455,2026-03-19T10:32:22.283175,0.8210682260841465,2026-03-19T10:32:24.001000,61,,,
participant_29,3,day,Town10HD_Opt,2026-03-19 10:32:25.050491,96.82649993896484,27.895891189575195,0.0021173858549445,48.732,-7.007,0.0,0.0,0,0,1,,0.858,2026-03-19T10:32:25.050491,fear,0.343,2026-03-19T10:32:25.050491,0.8056363017844154,2026-03-19T10:32:24.991000,67,,,
participant_29,3,day,Town10HD_Opt,2026-03-19 10:32:26.229627,105.21370697021484,22.927091598510746,0.0023365020751953,35.77,-11.231,0.179,0.0,0,0,1,,0.808,2026-03-19T10:32:26.229627,fear,0.343,2026-03-19T10:32:25.050491,0.7917704299376291,2026-03-19T10:32:25.981000,66,,,
participant_29,3,day,Town10HD_Opt,2026-03-19 10:32:27.111502,108.49565887451172,18.04351043701172,0.0020545576699078,34.094,-12.733,0.133,0.0,0,0,1,,0.842,2026-03-19T10:32:27.111502,neutral,0.318,2026-03-19T10:32:27.111502,0.757775597190529,2026-03-19T10:32:27.106000,66,,,
participant_29,3,day,Town10HD_Opt,2026-03-19 10:32:28.027323,109.86380004882812,12.635994911193848,0.0023079300299286,28.22,-9.727,0.0,0.23,0,0,1,,1.0,2026-03-19T10:32:28.027323,neutral,0.318,2026-03-19T10:32:27.111502,0.8408773344157208,2026-03-19T10:32:28.051000,64,,,
participant_29,3,day,Town10HD_Opt,2026-03-19 10:32:29.227716,109.9425277709961,7.4638671875,0.0019905089866369,16.248,3.057,0.0,0.413,0,0,1,,1.0,2026-03-19T10:32:29.227716,fear,0.363,2026-03-19T10:32:29.227716,0.7031482352545735,2026-03-19T10:32:28.996000,67,,,errors=Harsh braking
participant_29,3,day,Town10HD_Opt,2026-03-19 10:32:30.107846,110.0032196044922,5.269168376922607,0.0022165297996252,7.543,2.113,0.0,1.0,0,0,1,,0.899,2026-03-19T10:32:30.107846,fear,0.363,2026-03-19T10:32:29.227716,0.740196141305511,2026-03-19T10:32:29.986000,62,,,
participant_29,3,day,Town10HD_Opt,2026-03-19 10:32:31.041100,110.01433563232422,5.000065326690674,0.0020114898215979,0.0,1.887,0.0,1.0,0,0,1,,0.861,2026-03-19T10:32:31.041100,fear,0.363,2026-03-19T10:32:29.227716,0.7568395716252182,2026-03-19T10:32:31.021000,66,,,
participant_29,3,day,Town10HD_Opt,2026-03-19 10:32:32.148799,110.01434326171876,4.999961853027344,0.00192012777552,0.0,0.489,0.0,0.0,0,0,1,,0.904,2026-03-19T10:32:32.148799,angry,0.545,2026-03-19T10:32:32.148799,0.7874718109195464,2026-03-19T10:32:32.056000,63,,,
participant_29,3,day,Town10HD_Opt,2026-03-19 10:32:33.267625,110.01569366455078,4.943522930145264,0.0017509460449218,3.469,-0.251,1.0,0.0,0,0,1,,1.0,2026-03-19T10:32:33.267625,angry,0.545,2026-03-19T10:32:32.148799,0.7499839753275913,2026-03-19T10:32:33.001000,63,,,
participant_29,3,day,Town10HD_Opt,2026-03-19 10:32:34.138391,110.0594711303711,3.122097969055176,0.0024003982543945,19.116,-0.362,1.0,0.0,0,0,1,,0.818,2026-03-19T10:32:34.138391,angry,0.545,2026-03-19T10:32:32.148799,0.7495291293723492,2026-03-19T10:32:33.992000,67,,,
participant_29,3,day,Town10HD_Opt,2026-03-19 10:32:35.011331,110.1278305053711,-1.2662211656570437,0.0015151214320212,33.77,-0.482,0.875,0.0,0,0,1,,1.0,2026-03-19T10:32:35.011331,neutral,0.307,2026-03-19T10:32:35.011331,0.7346550601664044,2026-03-19T10:32:34.981000,62,,,
participant_29,3,day,Town10HD_Opt,2026-03-19 10:32:36.216226,110.13331604003906,-10.102709770202637,0.0020519255194813,38.241,0.268,0.193,0.0,0,0,1,,1.0,2026-03-19T10:32:36.216226,neutral,0.307,2026-03-19T10:32:35.011331,0.7157002406173194,2026-03-19T10:32:36.016000,67,,,
participant_29,3,day,Town10HD_Opt,2026-03-19 10:32:37.096347,110.13468170166016,-16.382896423339844,0.0022279738914221,32.386,-1.577,0.126,0.0,0,0,1,,1.0,2026-03-19T10:32:37.096347,sad,0.325,2026-03-19T10:32:37.096347,0.7476455075792559,2026-03-19T10:32:37.006000,69,,,
participant_29,3,day,Town10HD_Opt,2026-03-19 10:32:38.234487,109.79691314697266,-23.35845947265625,0.0020851134322583,28.575,-1.796,0.434,0.0,0,0,1,,0.862,2026-03-19T10:32:38.234487,sad,0.325,2026-03-19T10:32:37.096347,0.7647779482989807,2026-03-19T10:32:37.996000,70,,,
participant_29,3,day,Town10HD_Opt,2026-03-19 10:32:39.106530,109.25462341308594,-28.449893951416016,0.0019866561051458,30.258,-3.118,0.458,0.0,0,0,1,,1.0,2026-03-19T10:32:39.106530,sad,0.513,2026-03-19T10:32:39.106530,0.7257853804980725,2026-03-19T10:32:38.986000,71,,,
participant_29,3,day,Town10HD_Opt,2026-03-19 10:32:40.224261,107.76499938964844,-35.59089660644531,0.001994667109102,32.406,-4.558,0.458,0.0,0,0,1,,0.911,2026-03-19T10:32:40.224261,sad,0.513,2026-03-19T10:32:39.106530,0.7614393614766386,2026-03-19T10:32:39.976000,70,,,
participant_29,3,day,Town10HD_Opt,2026-03-19 10:32:41.110467,105.76168823242188,-41.08160400390625,0.0019196700304746,35.507,-5.456,0.571,0.0,0,0,1,,0.902,2026-03-19T10:32:41.110467,sad,0.535,2026-03-19T10:32:41.110467,0.8307243253547821,2026-03-19T10:32:41.011000,71,,,
participant_29,3,day,Town10HD_Opt,2026-03-19 10:32:42.231841,101.3019790649414,-48.63121032714844,0.0019536591134965,39.732,-4.518,0.512,0.0,0,0,1,,0.816,2026-03-19T10:32:42.231841,sad,0.535,2026-03-19T10:32:41.110467,0.8505579774380908,2026-03-19T10:32:42.002000,68,,,
participant_29,3,day,Town10HD_Opt,2026-03-19 10:32:43.144306,96.63736724853516,-53.95428085327149,0.0020040129311382,41.172,-4.405,0.487,0.0,0,0,1,,1.0,2026-03-19T10:32:43.144306,sad,0.4,2026-03-19T10:32:43.144306,0.8024175334441075,2026-03-19T10:32:42.994000,72,,,
participant_29,3,day,Town10HD_Opt,2026-03-19 10:32:44.012477,91.06876373291016,-58.62269973754883,0.0020185851026326,42.013,-4.417,0.487,0.0,0,0,1,,1.0,2026-03-19T10:32:44.012477,sad,0.4,2026-03-19T10:32:43.144306,0.7782220919551696,2026-03-19T10:32:43.981000,73,,,
participant_29,3,day,Town10HD_Opt,2026-03-19 10:32:45.121378,82.45856475830078,-63.47882080078125,0.0020243453327566,42.925,-4.667,0.486,0.0,0,0,1,,0.86,2026-03-19T10:32:45.121378,sad,0.4,2026-03-19T10:32:43.144306,0.7794365048193721,2026-03-19T10:32:45.016000,74,,,
participant_29,3,day,Town10HD_Opt,2026-03-19 10:32:46.276755,72.80644226074219,-66.37066650390625,0.0020286941435188,43.659,-4.641,0.487,0.0,0,0,1,,1.0,2026-03-19T10:32:46.276755,sad,0.433,2026-03-19T10:32:46.276755,0.7784736207706292,2026-03-19T10:32:46.006000,72,,,
participant_29,3,day,Town10HD_Opt,2026-03-19 10:32:47.194420,65.18492889404297,-67.19127655029297,0.0020428465213626,43.867,-0.909,0.414,0.0,0,0,1,,1.0,2026-03-19T10:32:47.194420,sad,0.433,2026-03-19T10:32:46.276755,0.8162546528093052,2026-03-19T10:32:46.996000,73,,,
participant_29,3,day,Town10HD_Opt,2026-03-19 10:32:48.139312,57.66903305053711,-67.56000518798828,0.0021140670869499,41.748,-0.837,0.331,0.0,0,0,1,,0.866,2026-03-19T10:32:48.139312,sad,0.433,2026-03-19T10:32:46.276755,0.8733135176267666,2026-03-19T10:32:47.986000,73,,,
participant_29,3,day,Town10HD_Opt,2026-03-19 10:32:49.100427,50.57665252685547,-67.73455047607422,0.0021218489855527,39.089,-0.04,0.352,0.0,0,0,1,,1.0,2026-03-19T10:32:49.100427,sad,0.377,2026-03-19T10:32:49.100427,0.8283387620176642,2026-03-19T10:32:49.021000,70,,,
participant_29,3,day,Town10HD_Opt,2026-03-19 10:32:50.085182,43.87882232666016,-67.85535430908203,0.0021085357293486,37.179,-0.139,0.342,0.0,0,0,1,,0.965,2026-03-19T10:32:50.085182,sad,0.377,2026-03-19T10:32:49.100427,0.8339089775201891,2026-03-19T10:32:50.011000,68,,,
participant_29,3,day,Town10HD_Opt,2026-03-19 10:32:51.255640,35.48488998413086,-67.93661499023438,0.0021044157911092,34.618,-0.345,0.332,0.0,0,0,1,,0.804,2026-03-19T10:32:51.255640,fear,0.291,2026-03-19T10:32:51.255640,0.7235753176265911,2026-03-19T10:32:51.002000,70,,,
participant_29,3,day,Town10HD_Opt,2026-03-19 10:32:52.132522,29.56247329711914,-67.92338562011719,0.0020965193398296,32.944,-0.197,0.331,0.0,0,0,1,,0.864,2026-03-19T10:32:52.132522,fear,0.291,2026-03-19T10:32:51.255640,0.8407999577740608,2026-03-19T10:32:51.991000,68,,,
participant_29,3,day,Town10HD_Opt,2026-03-19 10:32:53.040082,23.914995193481445,-67.88124084472656,0.0020896529313176,31.493,0.078,0.331,0.0,0,0,1,,0.888,2026-03-19T10:32:53.040082,fear,0.291,2026-03-19T10:32:51.255640,0.8066535172238477,2026-03-19T10:32:52.981000,66,,,
participant_29,3,day,Town10HD_Opt,2026-03-19 10:32:54.224442,16.750341415405273,-67.83755493164062,0.0020816803444176,29.851,0.078,0.33,0.0,0,0,1,,0.858,2026-03-19T10:32:54.224442,neutral,0.303,2026-03-19T10:32:54.224442,0.8387285587507534,2026-03-19T10:32:54.017000,67,,,
participant_29,3,day,Town10HD_Opt,2026-03-19 10:32:55.162295,11.611106872558594,-67.81903839111328,0.0020767210517078,28.806,0.092,0.331,0.0,0,0,1,,1.0,2026-03-19T10:32:55.162295,neutral,0.303,2026-03-19T10:32:54.224442,0.8539271981615333,2026-03-19T10:32:55.007000,64,,,
participant_29,3,day,Town10HD_Opt,2026-03-19 10:32:56.106188,6.64072322845459,-67.81269836425781,0.001970520010218,27.929,0.143,0.33,0.0,0,0,1,,0.887,2026-03-19T10:32:56.106188,neutral,0.303,2026-03-19T10:32:54.224442,0.831144435870896,2026-03-19T10:32:55.996000,64,,,
participant_29,3,day,Town10HD_Opt,2026-03-19 10:32:57.001276,1.8145334720611568,-67.82235717773438,0.0020672606769949,27.137,0.263,0.331,0.0,0,0,1,,0.906,2026-03-19T10:32:57.001276,neutral,0.334,2026-03-19T10:32:57.001276,0.8013082881226538,2026-03-19T10:32:56.987000,61,Solid line crossing,Solid line crossing,
participant_29,3,day,Town10HD_Opt,2026-03-19 10:32:58.157344,-4.415162563323975,-67.87483978271484,0.0020648192148655,26.226,0.181,0.339,0.0,0,0,1,,0.919,2026-03-19T10:32:58.157344,neutral,0.334,2026-03-19T10:32:57.001276,0.8157900148114455,2026-03-19T10:32:57.977000,61,,,
participant_29,3,day,Town10HD_Opt,2026-03-19 10:32:59.000499,-9.03122329711914,-67.93702697753906,0.0020112609490752,26.86,0.07,0.42,0.0,0,0,1,,1.0,2026-03-19T10:32:59.000499,neutral,0.334,2026-03-19T10:32:57.001276,0.817376156109269,2026-03-19T10:32:59.011000,63,,,
participant_29,3,day,Town10HD_Opt,2026-03-19 10:33:00.085312,-15.493657112121582,-68.03438568115234,0.0020050047896802,28.544,-0.035,0.419,0.0,0,0,1,,0.806,2026-03-19T10:33:00.085312,sad,0.424,2026-03-19T10:33:00.085312,0.7747969570976246,2026-03-19T10:33:00.001000,61,,,
participant_29,3,day,Town10HD_Opt,2026-03-19 10:33:01.195188,-22.30101776123047,-68.12968444824219,0.0020123289432376,29.808,-0.035,0.417,0.0,0,0,1,,1.0,2026-03-19T10:33:01.195188,sad,0.424,2026-03-19T10:33:00.085312,0.8426835693635085,2026-03-19T10:33:00.991000,58,,,
participant_29,3,day,Town10HD_Opt,2026-03-19 10:33:02.037497,-27.602821350097656,-68.19078063964844,0.0019974135793745,31.174,-0.122,0.471,0.0,0,0,1,,0.826,2026-03-19T10:33:02.037497,sad,0.424,2026-03-19T10:33:00.085312,0.753803446008994,2026-03-19T10:33:02.026000,60,,,
participant_29,3,day,Town10HD_Opt,2026-03-19 10:33:03.161041,-35.11027145385742,-68.24697875976562,0.0019907378591597,33.419,-0.12,0.46,0.0,0,0,1,,1.0,2026-03-19T10:33:03.161041,sad,0.365,2026-03-19T10:33:03.161041,0.8497607677624524,2026-03-19T10:33:03.018000,61,,,
participant_29,3,day,Town10HD_Opt,2026-03-19 10:33:04.080603,-41.0532455444336,-68.26771545410156,0.0019997023046016,34.678,-0.094,0.46,0.0,0,0,1,,0.82,2026-03-19T10:33:04.080603,sad,0.365,2026-03-19T10:33:03.161041,0.8117566034552687,2026-03-19T10:33:04.007000,57,,,
participant_29,3,day,Town10HD_Opt,2026-03-19 10:33:05.184646,-49.31280517578125,-68.27526092529297,0.0020077896770089,36.175,-0.031,0.458,0.0,0,0,1,,0.98,2026-03-19T10:33:05.184646,sad,0.342,2026-03-19T10:33:05.184646,0.8715991708931495,2026-03-19T10:33:04.997000,60,,,
participant_29,3,day,Town10HD_Opt,2026-03-19 10:33:06.097128,-55.71939849853516,-68.27642059326172,0.0020124434959143,37.112,0.026,0.459,0.0,0,0,1,,0.898,2026-03-19T10:33:06.097128,sad,0.342,2026-03-19T10:33:05.184646,0.8656139529943814,2026-03-19T10:33:05.989000,62,,,
participant_29,3,day,Town10HD_Opt,2026-03-19 10:33:07.014158,-62.27984619140625,-68.28229522705078,0.0020164870657026,37.882,0.005,0.459,0.0,0,0,1,,1.0,2026-03-19T10:33:07.014158,sad,0.342,2026-03-19T10:33:05.184646,0.783468246770265,2026-03-19T10:33:06.976000,61,,,
participant_29,3,day,Town10HD_Opt,2026-03-19 10:33:08.179310,-71.20893859863281,-67.95734405517578,0.0020270920358598,38.694,-2.84,0.453,0.0,0,0,1,,0.874,2026-03-19T10:33:08.179310,sad,0.432,2026-03-19T10:33:08.179310,0.7366675495256204,2026-03-19T10:33:08.011000,62,,,
participant_29,3,day,Town10HD_Opt,2026-03-19 10:33:09.009400,-77.93870544433594,-66.95112609863281,0.0020301437471061,39.106,-3.62,0.453,0.0,0,0,1,,1.0,2026-03-19T10:33:09.009400,sad,0.432,2026-03-19T10:33:08.179310,0.7413276387214623,2026-03-19T10:33:09.001000,57,,,
participant_29,3,day,Town10HD_Opt,2026-03-19 10:33:10.119455,-86.68587493896484,-64.24234771728516,0.0020370101556181,39.529,-4.943,0.453,0.0,0,0,1,,1.0,2026-03-19T10:33:10.119455,sad,0.432,2026-03-19T10:33:08.179310,0.7107487452646538,2026-03-19T10:33:09.991000,61,,,
participant_29,3,day,Town10HD_Opt,2026-03-19 10:33:11.027170,-92.78683471679688,-60.95768737792969,0.0020392988808453,39.771,-5.465,0.453,0.0,0,0,1,,0.854,2026-03-19T10:33:11.027170,angry,0.467,2026-03-19T10:33:11.027170,0.7046884053556619,2026-03-19T10:33:10.981000,59,,,
participant_29,3,day,Town10HD_Opt,2026-03-19 10:33:12.127081,-99.86382293701172,-54.94900894165039,0.0020414732862263,40.025,-5.451,0.453,0.0,0,0,1,,1.0,2026-03-19T10:33:12.127081,angry,0.467,2026-03-19T10:33:11.027170,0.6193288775815314,2026-03-19T10:33:12.062000,59,,,
participant_29,3,day,Town10HD_Opt,2026-03-19 10:33:13.259979,-105.32611846923828,-47.36927032470703,0.002041091909632,40.258,-4.919,0.453,0.0,0,0,1,,1.0,2026-03-19T10:33:13.259979,angry,0.42,2026-03-19T10:33:13.259979,0.6398701089479792,2026-03-19T10:33:13.007000,59,,,
participant_29,3,day,Town10HD_Opt,2026-03-19 10:33:14.143738,-108.23453521728516,-40.95006561279297,0.002041587838903,40.404,-4.785,0.453,0.0,0,0,1,,1.0,2026-03-19T10:33:14.143738,angry,0.42,2026-03-19T10:33:13.259979,0.5994123971299019,2026-03-19T10:33:13.997000,56,,,
participant_29,3,day,Town10HD_Opt,2026-03-19 10:33:15.017572,-110.04188537597656,-34.14780807495117,0.002117957919836,39.024,-4.827,0.207,0.0,0,0,1,,1.0,2026-03-19T10:33:15.017572,angry,0.42,2026-03-19T10:33:13.259979,0.6540454706266338,2026-03-19T10:33:14.987000,58,,,
participant_29,3,day,Town10HD_Opt,2026-03-19 10:33:16.235838,-110.7402801513672,-25.79398536682129,0.002195663517341,32.626,-2.734,0.201,0.0,0,0,1,,0.871,2026-03-19T10:33:16.235838,neutral,0.328,2026-03-19T10:33:16.235838,0.5827780456790301,2026-03-19T10:33:15.977000,57,,,
participant_29,3,day,Town10HD_Opt,2026-03-19 10:33:17.130345,-110.59432220458984,-20.478376388549805,0.0022512055002152,26.924,-0.162,0.0,0.017,0,0,1,,1.0,2026-03-19T10:33:17.130345,neutral,0.328,2026-03-19T10:33:16.235838,0.5478419116541191,2026-03-19T10:33:17.102000,55,,,
participant_29,3,day,Town10HD_Opt,2026-03-19 10:33:18.003338,-110.44873046875,-16.41853141784668,0.0023122024722397,18.668,1.49,0.0,0.374,0,0,1,,0.843,2026-03-19T10:33:18.003338,neutral,0.328,2026-03-19T10:33:16.235838,0.592311384265171,2026-03-19T10:33:18.047000,58,,,
participant_29,3,day,Town10HD_Opt,2026-03-19 10:33:19.174040,-110.42841339111328,-13.042012214660645,0.0021057510748505,10.224,1.067,0.0,0.243,0,0,1,,1.0,2026-03-19T10:33:19.174040,fear,0.33,2026-03-19T10:33:19.174040,0.6021280563351489,2026-03-19T10:33:18.991000,58,,,
participant_29,3,day,Town10HD_Opt,2026-03-19 10:33:20.096074,-110.4404754638672,-11.544838905334473,0.0020073316991329,7.231,0.78,0.038,0.0,0,0,1,,0.806,2026-03-19T10:33:20.096074,fear,0.33,2026-03-19T10:33:19.174040,0.5610596030634931,2026-03-19T10:33:19.981000,57,,,
participant_29,3,day,Town10HD_Opt,2026-03-19 10:33:21.224601,-110.4510726928711,-10.082111358642578,0.001967926044017,5.14,-0.226,0.0,0.0,0,0,1,,1.0,2026-03-19T10:33:21.224601,sad,0.301,2026-03-19T10:33:21.224601,0.6601493931296872,2026-03-19T10:33:20.971000,61,,,
participant_29,3,day,Town10HD_Opt,2026-03-19 10:33:22.139931,-110.45404052734376,-9.27015781402588,0.0019573592580854,4.004,-0.209,0.0,0.0,0,0,1,,0.822,2026-03-19T10:33:22.139931,sad,0.301,2026-03-19T10:33:21.224601,0.6786115102114405,2026-03-19T10:33:22.007000,64,,,
participant_29,3,day,Town10HD_Opt,2026-03-19 10:33:23.015564,-110.45589447021484,-8.646888732910156,0.0019484710646793,3.074,-0.195,0.0,0.0,0,0,1,,0.873,2026-03-19T10:33:23.015564,sad,0.301,2026-03-19T10:33:21.224601,0.6248163658721683,2026-03-19T10:33:22.997000,64,,,
participant_29,3,day,Town10HD_Opt,2026-03-19 10:33:24.178119,-110.4572525024414,-8.035131454467773,0.0019397735595703,2.161,-0.186,0.0,0.0,0,0,1,,0.81,2026-03-19T10:33:24.178119,neutral,0.391,2026-03-19T10:33:24.178119,0.7078815943797927,2026-03-19T10:33:23.986000,62,,,
participant_29,3,day,Town10HD_Opt,2026-03-19 10:33:25.066910,-110.45807647705078,-7.698914527893066,0.0019348907517269,1.659,-0.186,0.0,0.0,0,0,1,,1.0,2026-03-19T10:33:25.066910,neutral,0.391,2026-03-19T10:33:24.178119,0.692518799843733,2026-03-19T10:33:24.977000,60,,,
participant_29,3,day,Town10HD_Opt,2026-03-19 10:33:26.226412,-110.45829010009766,-7.368945121765137,0.0019301986321806,1.166,-0.186,0.0,0.0,0,0,1,,0.826,2026-03-19T10:33:26.226412,neutral,0.441,2026-03-19T10:33:26.226412,0.7327560336298288,2026-03-19T10:33:26.012000,61,,,
participant_29,3,day,Town10HD_Opt,2026-03-19 10:33:27.089452,-110.45835876464844,-7.187620639801025,0.0019275664817541,0.896,-0.186,0.0,0.0,0,0,1,,0.899,2026-03-19T10:33:27.089452,neutral,0.441,2026-03-19T10:33:26.226412,0.7147601142665085,2026-03-19T10:33:27.002000,60,,,
participant_29,3,day,Town10HD_Opt,2026-03-19 10:33:28.273647,-110.45841217041016,-7.0095696449279785,0.0019249725155532,0.632,-0.186,0.0,0.0,0,0,1,,1.0,2026-03-19T10:33:28.273647,neutral,0.735,2026-03-19T10:33:28.273647,0.6061957845467298,2026-03-19T10:33:27.991000,58,,,
participant_29,3,day,Town10HD_Opt,2026-03-19 10:33:29.142922,-110.45845794677734,-6.9116387367248535,0.0019236755324527,0.486,-0.186,0.0,0.0,0,0,1,,0.89,2026-03-19T10:33:29.142922,neutral,0.735,2026-03-19T10:33:28.273647,0.6972337968588447,2026-03-19T10:33:28.980000,59,,,
participant_29,3,day,Town10HD_Opt,2026-03-19 10:33:30.032324,-110.45848083496094,-6.836430549621582,0.0019225692376494,0.374,-0.186,0.0,0.0,0,0,1,,1.0,2026-03-19T10:33:30.032324,neutral,0.735,2026-03-19T10:33:28.273647,0.5997581429479076,2026-03-19T10:33:30.016000,58,,,
participant_29,3,day,Town10HD_Opt,2026-03-19 10:33:31.179043,-110.45850372314452,-6.762569427490234,0.0019215011270716,0.264,-0.186,0.0,0.0,0,0,1,,0.849,2026-03-19T10:33:31.179043,sad,0.339,2026-03-19T10:33:31.179043,0.6584757594657391,2026-03-19T10:33:31.006000,58,,,
participant_29,3,day,Town10HD_Opt,2026-03-19 10:33:32.081997,-110.45852661132812,-6.721949100494385,0.0019208525773137,0.204,-0.186,0.0,0.0,0,0,1,,0.816,2026-03-19T10:33:32.081997,sad,0.339,2026-03-19T10:33:31.179043,0.6458119409037029,2026-03-19T10:33:31.996000,59,,,
participant_29,3,day,Town10HD_Opt,2026-03-19 10:33:33.025151,-110.45853424072266,-6.690756797790527,0.0019204712007194,0.157,-0.186,0.0,0.0,0,0,1,,0.839,2026-03-19T10:33:33.025151,sad,0.339,2026-03-19T10:33:31.179043,0.5518862266766837,2026-03-19T10:33:32.986000,59,,,
participant_29,3,day,Town10HD_Opt,2026-03-19 10:33:34.030119,-110.4585418701172,-6.666802406311035,0.0019200897077098,0.12,-0.186,0.0,0.0,0,0,1,,0.861,2026-03-19T10:33:34.030119,neutral,0.53,2026-03-19T10:33:34.030119,0.6024064692407931,2026-03-19T10:33:33.976000,62,,,
participant_29,3,day,Town10HD_Opt,2026-03-19 10:33:35.215005,-110.45854949951172,-6.643274784088135,0.0019197463989257,0.086,-0.186,0.0,0.0,0,0,1,,0.916,2026-03-19T10:33:35.215005,neutral,0.53,2026-03-19T10:33:34.030119,0.6475962579742023,2026-03-19T10:33:35.011000,59,,,
participant_29,3,day,Town10HD_Opt,2026-03-19 10:33:36.084018,-110.45854949951172,-6.631314754486084,0.0019188307924196,0.223,-0.157,0.942,0.0,0,0,1,,0.844,2026-03-19T10:33:36.084018,sad,0.42,2026-03-19T10:33:36.084018,0.5651908115741321,2026-03-19T10:33:36.002000,61,,,
participant_29,3,day,Town10HD_Opt,2026-03-19 10:33:37.280702,-110.45880889892578,-4.623069286346436,0.0014752197312191,18.425,-0.157,0.808,0.0,0,0,1,,0.905,2026-03-19T10:33:37.280702,sad,0.42,2026-03-19T10:33:36.084018,0.5139420270253842,2026-03-19T10:33:36.992000,58,,,
participant_29,3,day,Town10HD_Opt,2026-03-19 10:33:38.153968,-110.45148468017578,-0.8054273724555969,0.0017889022128656,25.995,-0.322,0.591,0.0,0,0,1,,1.0,2026-03-19T10:33:38.153968,neutral,0.446,2026-03-19T10:33:38.153968,0.5596987637271814,2026-03-19T10:33:37.982000,60,,,
participant_29,3,day,Town10HD_Opt,2026-03-19 10:33:39.066673,-110.2597427368164,4.131572723388672,0.0019093704177066,30.478,-5.271,0.518,0.0,0,0,1,,0.856,2026-03-19T10:33:39.066673,neutral,0.446,2026-03-19T10:33:38.153968,0.4951980714917652,2026-03-19T10:33:38.972000,60,,,
participant_29,3,day,Town10HD_Opt,2026-03-19 10:33:40.212241,-108.811279296875,11.484952926635742,0.001940498361364,33.938,-5.791,0.489,0.0,0,0,1,,0.806,2026-03-19T10:33:40.212241,neutral,0.409,2026-03-19T10:33:40.212241,0.5458735013436041,2026-03-19T10:33:40.007000,61,,,
participant_29,3,day,Town10HD_Opt,2026-03-19 10:33:41.125555,-106.4619598388672,17.05898666381836,0.0020177077967673,35.199,-9.487,0.438,0.0,0,0,1,,1.0,2026-03-19T10:33:41.125555,neutral,0.409,2026-03-19T10:33:40.212241,0.5189671017780757,2026-03-19T10:33:40.996000,60,,,
participant_29,3,day,Town10HD_Opt,2026-03-19 10:33:42.099748,-102.63436889648438,21.835596084594727,0.0021011352073401,34.947,-12.92,0.404,0.0,0,0,1,,1.0,2026-03-19T10:33:42.099748,neutral,0.409,2026-03-19T10:33:40.212241,0.5311518823793965,2026-03-19T10:33:41.987000,60,,,
participant_29,3,day,Town10HD_Opt,2026-03-19 10:33:43.022430,-97.45309448242188,24.86319923400879,0.002126274164766,33.49,-12.716,0.21,0.0,0,0,1,,0.807,2026-03-19T10:33:43.022430,neutral,0.333,2026-03-19T10:33:43.022430,0.4704944252300054,2026-03-19T10:33:42.977000,62,,,
participant_29,3,day,Town10HD_Opt,2026-03-19 10:33:44.301689,-90.70352935791016,25.996097564697266,0.002276801969856,24.422,1.431,0.0,0.0,0,0,1,,1.0,2026-03-19T10:33:44.301689,neutral,0.333,2026-03-19T10:33:43.022430,0.4657635281490602,2026-03-19T10:33:44.056000,60,,,
participant_29,3,day,Town10HD_Opt,2026-03-19 10:33:45.264659,-86.96878051757812,26.43813705444336,0.0022358703427016,18.38,0.846,0.248,0.0,0,0,1,,1.0,2026-03-19T10:33:45.264659,neutral,0.672,2026-03-19T10:33:45.264659,0.5631323325313465,2026-03-19T10:33:45.001000,63,,,
participant_29,3,day,Town10HD_Opt,2026-03-19 10:33:46.215521,-83.8263931274414,26.84475326538086,0.0020080946851521,18.597,-0.825,0.952,0.0,0,0,1,,0.855,2026-03-19T10:33:46.215521,neutral,0.672,2026-03-19T10:33:45.264659,0.5299332573976427,2026-03-19T10:33:45.992000,61,,,
participant_29,3,day,Town10HD_Opt,2026-03-19 10:33:47.132647,-79.71675109863281,27.28092193603516,0.0015986632788553,31.252,-1.081,0.89,0.0,0,0,1,,0.88,2026-03-19T10:33:47.132647,neutral,0.672,2026-03-19T10:33:45.264659,0.5380752680096885,2026-03-19T10:33:46.981000,61,,,
participant_29,3,day,Town10HD_Opt,2026-03-19 10:33:48.046423,-73.24005889892578,27.78533935546875,0.0016613387269899,43.413,-1.514,0.816,0.0,0,0,1,,0.867,2026-03-19T10:33:48.046423,neutral,0.808,2026-03-19T10:33:48.046423,0.5077378965169097,2026-03-19T10:33:48.016000,61,,,
participant_29,3,day,Town10HD_Opt,2026-03-19 10:33:49.022404,-64.91938018798828,28.05478858947754,0.0017754745204001,51.471,-1.022,0.0,0.149,0,0,1,,1.0,2026-03-19T10:33:49.022404,neutral,0.808,2026-03-19T10:33:48.046423,0.4732947360046596,2026-03-19T10:33:49.006000,63,,,
participant_29,3,day,Town10HD_Opt,2026-03-19 10:33:50.295275,-53.22900390625,27.94638633728028,0.0020892333704978,49.295,-0.078,0.735,0.0,0,0,1,,0.869,2026-03-19T10:33:50.295275,neutral,0.568,2026-03-19T10:33:50.295275,0.5253269974317162,2026-03-19T10:33:49.996000,60,,,
participant_29,3,day,Town10HD_Opt,2026-03-19 10:33:51.217908,-44.50088882446289,27.788951873779297,0.0021259307395666,48.94,0.136,0.726,0.0,0,0,1,,0.862,2026-03-19T10:33:51.217908,neutral,0.568,2026-03-19T10:33:50.295275,0.5401464033077135,2026-03-19T10:33:50.987000,61,,,
participant_29,3,day,Town10HD_Opt,2026-03-19 10:33:52.145664,-35.77260971069336,27.68763542175293,0.0021248245611786,48.983,0.181,0.72,0.0,0,0,1,,0.845,2026-03-19T10:33:52.145664,neutral,0.568,2026-03-19T10:33:50.295275,0.5116074195559173,2026-03-19T10:33:52.023000,62,,,
participant_29,3,day,Town10HD_Opt,2026-03-19 10:33:53.089338,-27.043663024902344,27.651655197143555,0.0021266173571348,48.871,0.197,0.382,0.0,0,0,1,,0.889,2026-03-19T10:33:53.089338,sad,0.378,2026-03-19T10:33:53.089338,0.434549780753038,2026-03-19T10:33:53.012000,68,,,
participant_29,3,day,Town10HD_Opt,2026-03-19 10:33:54.112301,-19.185800552368164,27.6820068359375,0.0023712920956313,39.268,0.223,0.0,0.0,0,0,1,,0.805,2026-03-19T10:33:54.112301,sad,0.378,2026-03-19T10:33:53.089338,0.5574104653421807,2026-03-19T10:33:54.002000,68,Vehicle collision,Vehicle collision,
participant_29,3,day,Town10HD_Opt,2026-03-19 10:33:55.017341,-12.968572616577148,27.75638771057129,0.0022209929302334,32.606,0.157,0.364,0.0,0,0,1,,0.903,2026-03-19T10:33:55.017341,sad,0.378,2026-03-19T10:33:53.089338,0.41948826565253,2026-03-19T10:33:54.994000,69,,,
participant_29,3,day,Town10HD_Opt,2026-03-19 10:33:56.188886,-5.204359531402588,27.843135833740234,0.0018978881416842,36.065,-0.134,0.581,0.0,0,0,1,,0.889,2026-03-19T10:33:56.188886,neutral,0.485,2026-03-19T10:33:56.188886,0.4590163838571642,2026-03-19T10:33:55.982000,65,,,
participant_29,3,day,Town10HD_Opt,2026-03-19 10:33:57.110141,1.3856618404388428,27.893537521362305,0.0019721984863281,38.738,0.026,0.316,0.0,0,0,1,,0.923,2026-03-19T10:33:57.110141,neutral,0.485,2026-03-19T10:33:56.188886,0.5039622593059049,2026-03-19T10:33:57.017000,66,,,
participant_29,3,day,Town10HD_Opt,2026-03-19 10:33:58.039710,7.992532253265381,27.947696685791016,0.0021270369179546,36.268,-0.035,0.299,0.0,0,0,1,,0.886,2026-03-19T10:33:58.039710,neutral,0.485,2026-03-19T10:33:56.188886,0.5512289706551442,2026-03-19T10:33:58.007000,67,,,
participant_29,3,day,Town10HD_Opt,2026-03-19 10:33:59.218035,16.07713508605957,28.004350662231445,0.0021218108013272,32.891,0.007,0.287,0.0,0,0,1,,0.819,2026-03-19T10:33:59.218035,neutral,0.339,2026-03-19T10:33:59.218035,0.5171353093616647,2026-03-19T10:33:58.997000,63,,,
participant_29,3,day,Town10HD_Opt,2026-03-19 10:34:00.084823,21.634456634521484,28.082408905029297,0.0021292876917868,30.321,2.45,0.261,0.0,0,0,1,,0.836,2026-03-19T10:34:00.084823,neutral,0.339,2026-03-19T10:33:59.218035,0.43098748196055,2026-03-19T10:33:59.987000,66,,,
participant_29,3,day,Town10HD_Opt,2026-03-19 10:34:01.256545,28.30574417114257,28.70128631591797,0.002124710008502,27.008,5.787,0.261,0.0,0,0,1,,1.0,2026-03-19T10:34:01.256545,neutral,0.353,2026-03-19T10:34:01.256545,0.464349651058044,2026-03-19T10:34:01.021000,65,,,
participant_29,3,day,Town10HD_Opt,2026-03-19 10:34:02.138215,32.69352340698242,29.87556838989257,0.0021169662941247,24.91,9.447,0.28,0.0,0,0,1,,1.0,2026-03-19T10:34:02.138215,neutral,0.353,2026-03-19T10:34:01.256545,0.3689014092418866,2026-03-19T10:34:02.011000,65,,,
participant_29,3,day,Town10HD_Opt,2026-03-19 10:34:03.041682,36.33297729492188,31.93704032897949,0.0021237945184111,23.159,18.319,0.291,0.0,0,0,1,,0.935,2026-03-19T10:34:03.041682,neutral,0.353,2026-03-19T10:34:01.256545,0.4543078311010232,2026-03-19T10:34:03.003000,62,,,
participant_29,3,day,Town10HD_Opt,2026-03-19 10:34:04.187354,39.38216400146485,36.09109115600586,0.0021098707802593,21.552,18.254,0.291,0.0,0,0,1,,0.896,2026-03-19T10:34:04.187354,neutral,0.539,2026-03-19T10:34:04.187354,0.401426681788849,2026-03-19T10:34:03.992000,64,,,
participant_29,3,day,Town10HD_Opt,2026-03-19 10:34:05.042400,40.20774459838867,39.65742492675781,0.00209945673123,20.577,16.213,0.287,0.0,0,0,1,,1.0,2026-03-19T10:34:05.042400,neutral,0.539,2026-03-19T10:34:04.187354,0.3785570682269038,2026-03-19T10:34:04.982000,64,,,
participant_29,3,day,Town10HD_Opt,2026-03-19 10:34:06.180211,40.357540130615234,44.33731842041016,0.0020787811372429,19.305,-1.391,0.099,0.0,0,0,1,,1.0,2026-03-19T10:34:06.180211,neutral,0.539,2026-03-19T10:34:04.187354,0.365244486752132,2026-03-19T10:34:06.016000,62,,,
participant_29,3,day,Town10HD_Opt,2026-03-19 10:34:07.029263,40.47538375854492,47.44753646850586,0.001997947692871,15.702,0.837,0.0,0.079,0,0,1,,1.0,2026-03-19T10:34:07.029263,sad,0.384,2026-03-19T10:34:07.029263,0.4072550292424718,2026-03-19T10:34:07.097000,61,,,
participant_29,3,day,Town10HD_Opt,2026-03-19 10:34:08.143763,40.540184020996094,50.31686019897461,0.0020817182958126,8.664,0.757,0.0,0.27,0,0,1,,0.801,2026-03-19T10:34:08.143763,sad,0.384,2026-03-19T10:34:07.029263,0.4399802792260658,2026-03-19T10:34:08.087000,62,,,
participant_29,3,day,Town10HD_Opt,2026-03-19 10:34:09.006669,40.55631637573242,51.41119003295898,0.0023762511555105,0.0,0.757,0.0,0.264,0,0,1,,0.867,2026-03-19T10:34:09.006669,sad,0.384,2026-03-19T10:34:07.029263,0.3966023271724163,2026-03-19T10:34:08.987000,60,,,
participant_29,3,day,Town10HD_Opt,2026-03-19 10:34:10.065601,40.55632019042969,51.41182327270508,0.0019266509916633,0.003,0.71,0.035,0.0,0,0,1,,0.815,2026-03-19T10:34:10.065601,neutral,0.887,2026-03-19T10:34:10.065601,0.4513977131734964,2026-03-19T10:34:10.022000,60,,,
participant_29,3,day,Town10HD_Opt,2026-03-19 10:34:11.152123,40.5576171875,51.501712799072266,0.0018956374842673,0.929,0.672,0.0,0.0,0,0,1,,1.0,2026-03-19T10:34:11.152123,neutral,0.887,2026-03-19T10:34:10.065601,0.3872162456975441,2026-03-19T10:34:11.012000,63,,,
participant_29,3,day,Town10HD_Opt,2026-03-19 10:34:12.207626,40.56021881103516,51.687347412109375,0.0019250105833634,0.66,0.672,0.0,0.0,0,0,1,,1.0,2026-03-19T10:34:12.207626,neutral,0.44,2026-03-19T10:34:12.207626,0.4614621885312421,2026-03-19T10:34:12.001000,63,,,
participant_29,3,day,Town10HD_Opt,2026-03-19 10:34:13.030811,40.56159210205078,51.78960418701172,0.0019237136002629,0.515,0.656,0.0,0.0,0,0,1,,0.816,2026-03-19T10:34:13.030811,neutral,0.44,2026-03-19T10:34:12.207626,0.4368897039352826,2026-03-19T10:34:12.992000,61,,,
participant_29,3,day,Town10HD_Opt,2026-03-19 10:34:14.134261,40.56293869018555,51.89002227783203,0.0019223403651267,0.358,0.618,0.0,0.0,0,0,1,,1.0,2026-03-19T10:34:14.134261,neutral,0.44,2026-03-19T10:34:12.207626,0.393649001359862,2026-03-19T10:34:13.982000,61,,,
participant_29,3,day,Town10HD_Opt,2026-03-19 10:34:15.000886,40.56367111206055,51.94523239135742,0.0019215393112972,0.276,0.616,0.0,0.0,0,0,1,,1.0,2026-03-19T10:34:15.000886,sad,0.355,2026-03-19T10:34:15.000886,0.3894214133094002,2026-03-19T10:34:15.017000,61,,,
participant_29,3,day,Town10HD_Opt,2026-03-19 10:34:16.115088,40.56567001342773,52.10756301879883,0.0017023849068209,4.416,0.59,0.889,0.0,0,0,1,,0.815,2026-03-19T10:34:16.115088,sad,0.355,2026-03-19T10:34:15.000886,0.4391369298754063,2026-03-19T10:34:16.007000,62,,,
participant_29,3,day,Town10HD_Opt,2026-03-19 10:34:17.258047,40.60926818847656,55.17617416381836,0.0018120956374332,21.184,-2.527,0.819,0.0,0,0,1,,1.0,2026-03-19T10:34:17.258047,neutral,0.413,2026-03-19T10:34:17.258047,0.30715422121225,2026-03-19T10:34:16.997000,64,,,errors=Stop sign violation
participant_29,3,day,Town10HD_Opt,2026-03-19 10:34:18.187316,41.14634323120117,59.6484489440918,0.001750640803948,30.809,-9.669,0.682,0.0,0,0,1,,0.874,2026-03-19T10:34:18.187316,neutral,0.413,2026-03-19T10:34:17.258047,0.3877246718046079,2026-03-19T10:34:17.986000,64,,,
participant_29,3,day,Town10HD_Opt,2026-03-19 10:34:19.171443,43.34169387817383,65.1100082397461,0.0018822478596121,36.71,-15.021,0.497,0.0,0,0,1,,1.0,2026-03-19T10:34:19.171443,neutral,0.413,2026-03-19T10:34:17.258047,0.4469978335188081,2026-03-19T10:34:19.022000,62,,,
participant_29,3,day,Town10HD_Opt,2026-03-19 10:34:20.001698,47.80244064331055,69.48783111572266,0.002253150800243,33.075,-16.193,0.0,0.0,0,0,1,,1.0,2026-03-19T10:34:20.001698,neutral,0.393,2026-03-19T10:34:20.001698,0.3306655424790072,2026-03-19T10:34:20.012000,63,,,
participant_29,3,day,Town10HD_Opt,2026-03-19 10:34:21.143050,54.07823181152344,71.2000732421875,0.0022700501140207,23.676,-15.071,0.134,0.0,0,0,1,,0.832,2026-03-19T10:34:21.143050,neutral,0.393,2026-03-19T10:34:20.001698,0.2768573537176176,2026-03-19T10:34:21.002000,63,,,
participant_29,3,day,Town10HD_Opt,2026-03-19 10:34:22.034553,58.02825164794922,70.77786254882812,0.0019875715952366,23.87,-3.792,0.648,0.0,0,0,1,,0.852,2026-03-19T10:34:22.034553,neutral,0.526,2026-03-19T10:34:22.034553,0.3575350935810401,2026-03-19T10:34:21.992000,62,,,
participant_29,3,day,Town10HD_Opt,2026-03-19 10:34:23.197103,64.25530242919922,69.98303985595703,0.0020246123895049,27.941,2.678,0.32,0.0,0,0,1,,0.922,2026-03-19T10:34:23.197103,neutral,0.526,2026-03-19T10:34:22.034553,0.3218263412890676,2026-03-19T10:34:22.983000,62,,,
participant_29,3,day,Town10HD_Opt,2026-03-19 10:34:24.248753,68.99275970458984,69.76792907714844,0.0021877288818359,24.664,1.862,0.0,0.0,0,0,1,,0.842,2026-03-19T10:34:24.248753,sad,0.333,2026-03-19T10:34:24.248753,0.3530734812330207,2026-03-19T10:34:24.020000,62,,,
participant_29,3,day,Town10HD_Opt,2026-03-19 10:34:25.084587,72.81292724609375,69.77220916748047,0.0022412489634007,18.459,2.398,0.0,0.0,0,0,1,,1.0,2026-03-19T10:34:25.084587,sad,0.333,2026-03-19T10:34:24.248753,0.2970552256850934,2026-03-19T10:34:25.016000,66,,,
participant_29,3,day,Town10HD_Opt,2026-03-19 10:34:26.257188,76.535888671875,69.95132446289062,0.0020405577961355,13.285,0.385,0.115,0.0,0,0,1,,0.896,2026-03-19T10:34:26.257188,neutral,0.467,2026-03-19T10:34:26.257188,0.2913983865280686,2026-03-19T10:34:25.997000,67,,,
participant_29,3,day,Town10HD_Opt,2026-03-19 10:34:27.107940,78.96827697753906,70.06875610351562,0.0016927337273955,17.88,-0.86,0.967,0.0,0,0,1,,0.92,2026-03-19T10:34:27.107940,neutral,0.467,2026-03-19T10:34:26.257188,0.2862095277576482,2026-03-19T10:34:26.991000,70,,,
participant_29,3,day,Town10HD_Opt,2026-03-19 10:34:28.232230,85.04759216308594,70.24722290039062,0.00155723572243,35.809,-0.717,0.597,0.0,0,0,1,,0.947,2026-03-19T10:34:28.232230,neutral,0.467,2026-03-19T10:34:26.257188,0.2078514607839048,2026-03-19T10:34:28.022000,71,,,
participant_29,3,day,Town10HD_Opt,2026-03-19 10:34:29.090079,91.2314453125,70.427490234375,0.0022616195492446,31.419,9.562,0.0,0.0,0,0,1,,0.874,2026-03-19T10:34:29.090079,sad,0.339,2026-03-19T10:34:29.090079,0.3964554325303235,2026-03-19T10:34:29.011000,70,,,
participant_29,3,day,Town10HD_Opt,2026-03-19 10:34:30.276755,97.15750122070312,72.630126953125,0.0020698928274214,27.351,24.824,0.767,0.0,0,0,1,,1.0,2026-03-19T10:34:30.276755,sad,0.339,2026-03-19T10:34:29.090079,0.3549374863984592,2026-03-19T10:34:30.001000,68,,,
participant_29,3,day,Town10HD_Opt,2026-03-19 10:34:31.079286,100.02491760253906,77.13182067871094,0.0018870925996452,34.691,24.378,0.508,0.0,0,0,1,,0.804,2026-03-19T10:34:31.079286,sad,0.339,2026-03-19T10:34:29.090079,0.2911668796070989,2026-03-19T10:34:30.993000,66,,,
participant_29,3,day,Town10HD_Opt,2026-03-19 10:34:32.215474,99.78199768066406,85.08818817138672,0.0021264266688376,32.964,-0.515,0.285,0.0,0,0,1,,0.898,2026-03-19T10:34:32.215474,happy,0.781,2026-03-19T10:34:32.215474,0.2855557899789261,2026-03-19T10:34:31.982000,65,,,
participant_29,3,day,Town10HD_Opt,2026-03-19 10:34:33.090014,99.04279327392578,90.61158752441406,0.0021199798211455,30.557,-0.552,0.285,0.0,0,0,1,,0.91,2026-03-19T10:34:33.090014,happy,0.781,2026-03-19T10:34:32.215474,0.3345388950533893,2026-03-19T10:34:33.017000,63,,,
participant_29,3,day,Town10HD_Opt,2026-03-19 10:34:34.191582,98.12542724609376,97.375732421875,0.0021070861257612,27.85,2.073,0.285,0.0,0,0,1,,1.0,2026-03-19T10:34:34.191582,happy,0.781,2026-03-19T10:34:32.215474,0.2937155478597991,2026-03-19T10:34:34.007000,63,,,
participant_29,3,day,Town10HD_Opt,2026-03-19 10:34:35.061307,97.18779754638672,102.01354217529295,0.002100562909618,26.028,3.95,0.285,0.0,0,0,1,,1.0,2026-03-19T10:34:35.061307,sad,0.332,2026-03-19T10:34:35.061307,0.2853186017255315,2026-03-19T10:34:34.997000,66,,,
participant_29,3,day,Town10HD_Opt,2026-03-19 10:34:36.164959,95.42668914794922,107.61209869384766,0.0020903777331113,24.244,4.367,0.361,0.0,0,0,1,,1.0,2026-03-19T10:34:36.164959,sad,0.332,2026-03-19T10:34:35.061307,0.3131553675330655,2026-03-19T10:34:35.987000,65,,,
participant_29,3,day,Town10HD_Opt,2026-03-19 10:34:36.999193,93.67918395996094,111.53043365478516,0.0020029449369758,25.292,4.978,0.418,0.0,0,0,1,,1.0,2026-03-19T10:34:36.999193,sad,0.332,2026-03-19T10:34:35.061307,0.2697879627333853,2026-03-19T10:34:37.022000,64,,,
participant_29,3,day,Town10HD_Opt,2026-03-19 10:34:38.104657,90.50357818603516,116.72663116455078,0.0020056532230228,27.096,4.839,0.415,0.0,0,0,1,,1.0,2026-03-19T10:34:38.104657,neutral,0.355,2026-03-19T10:34:38.104657,0.3101577582340192,2026-03-19T10:34:38.013000,65,,,
participant_29,3,day,Town10HD_Opt,2026-03-19 10:34:39.075437,87.4533462524414,120.44813537597656,0.0020125959999859,28.044,5.919,0.415,0.0,0,0,1,,1.0,2026-03-19T10:34:39.075437,neutral,0.355,2026-03-19T10:34:38.104657,0.3068349666808445,2026-03-19T10:34:39.003000,67,,,
participant_29,3,day,Town10HD_Opt,2026-03-19 10:34:39.995492,83.73888397216797,123.83859252929688,0.0019786071497946,29.936,5.78,0.487,0.0,0,0,1,,1.0,2026-03-19T10:34:39.995492,neutral,0.355,2026-03-19T10:34:38.104657,0.2972025031803021,2026-03-19T10:34:39.992000,63,,,
participant_29,3,day,Town10HD_Opt,2026-03-19 10:34:41.142205,77.54771423339844,127.69696044921876,0.0019828795921057,32.828,6.701,0.477,0.0,0,0,1,,1.0,2026-03-19T10:34:41.142205,fear,0.459,2026-03-19T10:34:41.142205,0.295449513371655,2026-03-19T10:34:41.072000,63,,,
participant_29,3,day,Town10HD_Opt,2026-03-19 10:34:42.007110,72.02699279785156,129.68679809570312,0.0019972228910773,34.387,6.464,0.47,0.0,0,0,1,,0.863,2026-03-19T10:34:42.007110,fear,0.459,2026-03-19T10:34:41.142205,0.3106797638112406,2026-03-19T10:34:42.017000,62,,,
participant_29,3,day,Town10HD_Opt,2026-03-19 10:34:43.258087,63.88567352294922,130.84286499023438,0.0020035170018672,36.238,1.643,0.466,0.0,0,0,1,,1.0,2026-03-19T10:34:43.258087,neutral,0.578,2026-03-19T10:34:43.258087,0.325737966720621,2026-03-19T10:34:43.007000,63,,,
participant_29,3,day,Town10HD_Opt,2026-03-19 10:34:44.176398,57.46359252929688,131.1447296142578,0.0020087051670998,37.31,1.196,0.464,0.0,0,0,1,,0.81,2026-03-19T10:34:44.176398,neutral,0.578,2026-03-19T10:34:43.258087,0.2366038043922723,2026-03-19T10:34:43.997000,64,,,
participant_29,3,day,Town10HD_Opt,2026-03-19 10:34:45.071049,50.86189270019531,131.2379913330078,0.0020134735386818,38.22,0.775,0.464,0.0,0,0,1,,1.0,2026-03-19T10:34:45.071049,neutral,0.578,2026-03-19T10:34:43.258087,0.2828991454718852,2026-03-19T10:34:44.987000,61,,,
participant_29,3,day,Town10HD_Opt,2026-03-19 10:34:46.242139,41.83033752441406,131.09349060058594,0.0020183944143354,39.248,0.176,0.464,0.0,0,0,1,,0.899,2026-03-19T10:34:46.242139,neutral,0.698,2026-03-19T10:34:46.242139,0.2464837013399921,2026-03-19T10:34:46.022000,60,,,
participant_29,3,day,Town10HD_Opt,2026-03-19 10:34:47.133577,34.91176223754883,130.90286254882812,0.0020215606782585,39.898,-0.139,0.464,0.0,0,0,1,,0.844,2026-03-19T10:34:47.133577,neutral,0.698,2026-03-19T10:34:46.242139,0.2741557253364291,2026-03-19T10:34:47.012000,60,,,
participant_29,3,day,Town10HD_Opt,2026-03-19 10:34:47.996941,27.88624382019043,130.72952270507812,0.002024307148531,40.459,-0.164,0.464,0.0,0,0,1,,0.915,2026-03-19T10:34:47.996941,neutral,0.698,2026-03-19T10:34:46.242139,0.3034563002038788,2026-03-19T10:34:48.002000,60,,,
participant_29,3,day,Town10HD_Opt,2026-03-19 10:34:49.161801,18.377046585083008,130.55633544921875,0.0020276641007512,41.087,-0.143,0.464,0.0,0,0,1,,0.944,2026-03-19T10:34:49.161801,neutral,0.876,2026-03-19T10:34:49.161801,0.2829662233424672,2026-03-19T10:34:48.993000,60,,,
participant_29,3,day,Town10HD_Opt,2026-03-19 10:34:50.054367,11.155232429504396,130.46360778808594,0.0020297621376812,41.483,-0.028,0.464,0.0,0,0,1,,0.808,2026-03-19T10:34:50.054367,neutral,0.876,2026-03-19T10:34:49.161801,0.3348927473185949,2026-03-19T10:34:49.982000,60,,,
participant_29,3,day,Town10HD_Opt,2026-03-19 10:34:51.165560,1.4267611503601074,130.35450744628906,0.0020318604074418,41.927,-0.028,0.464,0.0,0,0,1,,0.839,2026-03-19T10:34:51.165560,neutral,0.646,2026-03-19T10:34:51.165560,0.3499104650144355,2026-03-19T10:34:51.017000,62,,,
participant_29,3,day,Town10HD_Opt,2026-03-19 10:34:52.062598,-5.843771934509277,130.2804718017578,0.0022390745580196,38.188,0.068,0.0,0.565,0,0,1,,0.903,2026-03-19T10:34:52.062598,neutral,0.646,2026-03-19T10:34:51.165560,0.3170307023130753,2026-03-19T10:34:52.007000,61,,,
participant_29,3,day,Town10HD_Opt,2026-03-19 10:34:53.233630,-12.98870849609375,130.1972198486328,0.0024017714895308,22.555,0.068,0.0,0.6,0,0,1,,0.853,2026-03-19T10:34:53.233630,neutral,0.667,2026-03-19T10:34:53.233630,0.2980372031423037,2026-03-19T10:34:52.997000,60,,,
participant_29,3,day,Town10HD_Opt,2026-03-19 10:34:54.093449,-16.22048568725586,130.1530303955078,0.0020661163143813,14.87,0.068,0.0,0.033,0,0,1,,1.0,2026-03-19T10:34:54.093449,neutral,0.667,2026-03-19T10:34:53.233630,0.3292661631311968,2026-03-19T10:34:53.991000,62,,,
participant_29,3,day,Town10HD_Opt,2026-03-19 10:34:55.213364,-18.99644660949707,130.11114501953125,0.0020754241850227,8.479,0.068,0.0,0.122,0,0,1,,0.824,2026-03-19T10:34:55.213364,neutral,0.667,2026-03-19T10:34:53.233630,0.3196535702946967,2026-03-19T10:34:55.022000,66,,,
participant_29,3,day,Town10HD_Opt,2026-03-19 10:34:56.058930,-20.32481002807617,130.0900421142578,0.001983146648854,6.571,0.068,0.0,0.0,0,0,1,,1.0,2026-03-19T10:34:56.058930,neutral,0.549,2026-03-19T10:34:56.058930,0.3508707191845328,2026-03-19T10:34:56.012000,66,,,
participant_29,3,day,Town10HD_Opt,2026-03-19 10:34:57.191761,-21.26764678955078,130.0746612548828,0.0021142959594726,0.0,0.059,0.0,0.044,0,0,1,,0.813,2026-03-19T10:34:57.191761,neutral,0.549,2026-03-19T10:34:56.058930,0.3287370770057382,2026-03-19T10:34:57.139000,63,,,
participant_29,3,day,Town10HD_Opt,2026-03-19 10:34:58.046856,-21.26900863647461,130.07461547851562,0.0019145583501085,0.339,0.059,0.276,0.0,0,0,1,,0.83,2026-03-19T10:34:58.046856,neutral,0.549,2026-03-19T10:34:56.058930,0.3625152498152437,2026-03-19T10:34:58.082000,63,,,
participant_29,4,day,Town10HD_Opt,2026-03-19 10:45:00.000000,-41.66858673095703,89.7454833984375,0.5804919004440308,16.777,0.949,0.234,0.0,0,0,1,,1.0,2026-03-19T10:45:00,,,2026-03-19T10:45:00,0.51324688876576,2026-03-19T10:45:00,58,,,
participant_29,4,day,Town10HD_Opt,2026-03-19 10:45:05.540421,-41.68869400024414,86.67068481445312,0.0017222976312041,16.827,0.973,0.25,0.0,0,0,1,,0.893,2026-03-19T10:45:05.540421,,,2026-03-19T10:45:05.540421,0.4459625732461503,2026-03-19T10:45:06.031000,59,,,
participant_29,4,day,Town10HD_Opt,2026-03-19 10:45:06.167241,-41.66997909545898,84.63215637207031,0.00204429612495,18.43,1.29,0.632,0.0,0,0,1,,0.923,2026-03-19T10:45:06.167241,,,2026-03-19T10:45:05.540421,0.4864229709666833,2026-03-19T10:45:06.031000,59,,,
participant_29,4,day,Town10HD_Opt,2026-03-19 10:45:07.188016,-41.51387786865234,81.09839630126953,0.0019025802612304,22.409,4.775,0.513,0.0,0,0,1,,0.818,2026-03-19T10:45:07.188016,,,2026-03-19T10:45:05.540421,0.4594323085947404,2026-03-19T10:45:06.975000,60,,,
participant_29,4,day,Town10HD_Opt,2026-03-19 10:45:08.153583,-40.810302734375,76.9923095703125,0.0020050429739058,24.619,11.672,0.39,0.0,0,0,1,,1.0,2026-03-19T10:45:08.153583,neutral,0.509,2026-03-19T10:45:08.153583,0.5257886338618512,2026-03-19T10:45:07.966000,64,,,
participant_29,4,day,Town10HD_Opt,2026-03-19 10:45:09.243295,-38.87877655029297,73.18700408935547,0.0020964050199836,24.403,23.588,0.349,0.0,0,0,1,,1.0,2026-03-19T10:45:09.243295,neutral,0.509,2026-03-19T10:45:08.153583,0.4231972057375068,2026-03-19T10:45:09,61,,,
participant_29,4,day,Town10HD_Opt,2026-03-19 10:45:10.237598,-35.506893157958984,70.718017578125,0.0021069336216896,23.995,22.002,0.348,0.0,0,0,1,,1.0,2026-03-19T10:45:10.237598,neutral,0.926,2026-03-19T10:45:10.237598,0.4877956864162224,2026-03-19T10:45:09.991000,64,,,
participant_29,4,day,Town10HD_Opt,2026-03-19 10:45:11.065057,-32.8332405090332,69.91825866699219,0.0020756148733198,23.939,12.132,0.328,0.0,0,0,1,,0.919,2026-03-19T10:45:11.065057,neutral,0.926,2026-03-19T10:45:10.237598,0.4386829378864529,2026-03-19T10:45:11.006000,66,,,
participant_29,4,day,Town10HD_Opt,2026-03-19 10:45:12.006814,-28.70312690734864,69.57222747802734,0.0020706176292151,23.528,10.142,0.327,0.0,0,0,1,,0.902,2026-03-19T10:45:12.006814,neutral,0.926,2026-03-19T10:45:10.237598,0.3933343431234196,2026-03-19T10:45:11.970000,68,,,
participant_29,4,day,Town10HD_Opt,2026-03-19 10:45:13.273216,-23.26253128051757,69.8614501953125,0.0020547865424305,23.1,-2.621,0.327,0.0,0,0,1,,0.959,2026-03-19T10:45:13.273216,neutral,0.603,2026-03-19T10:45:13.273216,0.4697069240102571,2026-03-19T10:45:12.959000,65,,,
participant_29,4,day,Town10HD_Opt,2026-03-19 10:45:14.233830,-19.23838424682617,69.9567642211914,0.0020528030581772,22.839,0.815,0.328,0.0,0,0,1,,0.817,2026-03-19T10:45:14.233830,neutral,0.603,2026-03-19T10:45:13.273216,0.4658938668918151,2026-03-19T10:45:14.040000,66,,,
participant_29,4,day,Town10HD_Opt,2026-03-19 10:45:15.168045,-15.26027774810791,70.0866928100586,0.0020512770861387,22.587,-0.703,0.328,0.0,0,0,1,,1.0,2026-03-19T10:45:15.168045,neutral,0.603,2026-03-19T10:45:13.273216,0.470535297103293,2026-03-19T10:45:14.985000,71,,,
participant_29,4,day,Town10HD_Opt,2026-03-19 10:45:16.092281,-11.319897651672363,70.1524887084961,0.0020505141001194,22.377,-1.248,0.328,0.0,0,0,1,,0.808,2026-03-19T10:45:16.092281,sad,0.775,2026-03-19T10:45:16.092281,0.4362571865287254,2026-03-19T10:45:15.975000,72,,,
participant_29,4,day,Town10HD_Opt,2026-03-19 10:45:17.032101,-7.413825511932373,70.13492584228516,0.0020497892983257,22.191,-0.472,0.328,0.0,0,0,1,,1.0,2026-03-19T10:45:17.032101,sad,0.775,2026-03-19T10:45:16.092281,0.5222330681446028,2026-03-19T10:45:16.965000,72,,,
participant_29,4,day,Town10HD_Opt,2026-03-19 10:45:18.252635,-2.252580165863037,70.07672882080078,0.0020486831199377,21.98,-0.139,0.328,0.0,0,0,1,,1.0,2026-03-19T10:45:18.252635,neutral,0.731,2026-03-19T10:45:18.252635,0.4284749631318975,2026-03-19T10:45:18,72,,,
participant_29,4,day,Town10HD_Opt,2026-03-19 10:45:19.229380,1.565045952796936,70.02544403076172,0.0020748518873006,21.337,0.026,0.258,0.0,0,0,1,,0.902,2026-03-19T10:45:19.229380,neutral,0.731,2026-03-19T10:45:18.252635,0.4855881749456261,2026-03-19T10:45:18.990000,76,,,
participant_29,4,day,Town10HD_Opt,2026-03-19 10:45:20.117499,5.176708698272705,69.98302459716797,0.002090988215059,19.887,0.331,0.253,0.0,0,0,1,,0.853,2026-03-19T10:45:20.117499,neutral,0.731,2026-03-19T10:45:18.252635,0.4503953602376895,2026-03-19T10:45:19.981000,77,,,
participant_29,4,day,Town10HD_Opt,2026-03-19 10:45:21.023813,8.521238327026367,69.96258544921875,0.0021186827216297,18.115,0.233,0.139,0.0,0,0,1,,0.837,2026-03-19T10:45:21.023813,neutral,0.562,2026-03-19T10:45:21.023813,0.4391971875210999,2026-03-19T10:45:20.970000,75,,,
participant_29,4,day,Town10HD_Opt,2026-03-19 10:45:22.227468,12.530631065368652,69.95336151123047,0.0019835662096738,15.754,-0.016,0.12,0.0,0,0,1,,1.0,2026-03-19T10:45:22.227468,neutral,0.562,2026-03-19T10:45:21.023813,0.4455768303610957,2026-03-19T10:45:21.960000,77,,,
participant_29,4,day,Town10HD_Opt,2026-03-19 10:45:23.170359,15.140382766723633,69.94752502441406,0.0019756315741688,13.968,-0.023,0.121,0.0,0,0,1,,1.0,2026-03-19T10:45:23.170359,neutral,0.585,2026-03-19T10:45:23.170359,0.5322328386849593,2026-03-19T10:45:22.996000,76,,,
participant_29,4,day,Town10HD_Opt,2026-03-19 10:45:24.118124,17.46761131286621,69.94142150878906,0.0019644927233457,12.539,-0.023,0.12,0.0,0,0,1,,0.809,2026-03-19T10:45:24.118124,neutral,0.585,2026-03-19T10:45:23.170359,0.4615897928061418,2026-03-19T10:45:23.985000,74,,,
participant_29,4,day,Town10HD_Opt,2026-03-19 10:45:25.036742,19.56692695617676,69.93533325195312,0.0019558714702725,11.38,-0.023,0.12,0.0,0,0,1,,1.0,2026-03-19T10:45:25.036742,neutral,0.585,2026-03-19T10:45:23.170359,0.429694026886293,2026-03-19T10:45:24.975000,70,,,
participant_29,4,day,Town10HD_Opt,2026-03-19 10:45:26.281480,22.0832462310791,69.92747497558594,0.0019477843306958,10.116,-0.023,0.0,0.0,0,0,1,,1.0,2026-03-19T10:45:26.281480,neutral,0.609,2026-03-19T10:45:26.281480,0.4613963858701402,2026-03-19T10:45:25.965000,69,,,
participant_29,4,day,Town10HD_Opt,2026-03-19 10:45:27.197065,23.69271469116211,69.921875,0.0019904708024114,7.859,-0.023,0.0,0.0,0,0,1,,1.0,2026-03-19T10:45:27.197065,neutral,0.609,2026-03-19T10:45:26.281480,0.551873315453811,2026-03-19T10:45:27,70,,,
participant_29,4,day,Town10HD_Opt,2026-03-19 10:45:28.173407,24.93245315551757,69.91735076904297,0.0019903564825654,5.788,-0.023,0.0,0.166,0,0,1,,1.0,2026-03-19T10:45:28.173407,neutral,0.609,2026-03-19T10:45:26.281480,0.4952646117633801,2026-03-19T10:45:27.995000,68,,,
participant_29,4,day,Town10HD_Opt,2026-03-19 10:45:29.081732,25.13512420654297,69.91613006591797,0.0019839857704937,0.0,-0.023,0.0,0.004,0,0,1,,1.0,2026-03-19T10:45:29.081732,neutral,0.629,2026-03-19T10:45:29.081732,0.4791992711054066,2026-03-19T10:45:28.980000,66,,,
participant_29,4,day,Town10HD_Opt,2026-03-19 10:45:30.296745,25.37164306640625,69.9156265258789,0.0017912673065438,3.608,-0.026,0.312,0.0,0,0,1,,1.0,2026-03-19T10:45:30.296745,neutral,0.629,2026-03-19T10:45:29.081732,0.5039473365248038,2026-03-19T10:45:29.970000,67,,,
participant_29,4,day,Town10HD_Opt,2026-03-19 10:45:31.227004,26.095766067504883,69.9130859375,0.0019202422117814,4.078,-0.026,0.0,0.0,0,0,1,,1.0,2026-03-19T10:45:31.227004,fear,0.376,2026-03-19T10:45:31.227004,0.5790343744256184,2026-03-19T10:45:30.961000,65,,,
participant_29,4,day,Town10HD_Opt,2026-03-19 10:45:32.137989,26.20126724243164,69.91287231445312,0.0019567108247429,0.003,-0.026,0.0,0.0,0,0,1,,0.85,2026-03-19T10:45:32.137989,fear,0.376,2026-03-19T10:45:31.227004,0.5813177382039566,2026-03-19T10:45:31.996000,64,,,
participant_29,4,day,Town10HD_Opt,2026-03-19 10:45:33.011618,26.27154922485352,69.91258239746094,0.0017990875057876,2.084,-0.035,0.555,0.0,0,0,1,,1.0,2026-03-19T10:45:33.011618,fear,0.376,2026-03-19T10:45:31.227004,0.542129143848679,2026-03-19T10:45:32.985000,61,,,
participant_29,4,day,Town10HD_Opt,2026-03-19 10:45:34.191703,27.742265701293945,69.9081039428711,0.001798210083507,9.229,-0.035,0.254,0.0,0,0,1,,1.0,2026-03-19T10:45:34.191703,neutral,0.766,2026-03-19T10:45:34.191703,0.567242022089211,2026-03-19T10:45:34.065000,63,,,
participant_29,4,day,Town10HD_Opt,2026-03-19 10:45:35.154861,29.45385360717773,69.9023208618164,0.0018961334135383,10.131,-0.035,0.187,0.0,0,0,1,,1.0,2026-03-19T10:45:35.154861,neutral,0.766,2026-03-19T10:45:34.191703,0.5562356219414597,2026-03-19T10:45:35.011000,60,,,
participant_29,4,day,Town10HD_Opt,2026-03-19 10:45:36.153733,31.234413146972656,69.88616943359375,0.0019265746232122,10.048,-2.188,0.137,0.0,0,0,1,,1.0,2026-03-19T10:45:36.153733,neutral,0.766,2026-03-19T10:45:34.191703,0.5390646876206067,2026-03-19T10:45:36,63,,,
participant_29,4,day,Town10HD_Opt,2026-03-19 10:45:37.128311,32.94993209838867,69.8086166381836,0.001935081440024,9.523,-3.693,0.111,0.0,0,0,1,,1.0,2026-03-19T10:45:37.128311,neutral,0.362,2026-03-19T10:45:37.128311,0.5353562145992486,2026-03-19T10:45:36.990000,62,,,
participant_29,4,day,Town10HD_Opt,2026-03-19 10:45:38.062007,34.502342224121094,69.68218994140625,0.0019841385073959,7.809,-3.693,0.0,0.0,0,0,1,,1.0,2026-03-19T10:45:38.062007,neutral,0.362,2026-03-19T10:45:37.128311,0.5592366795295909,2026-03-19T10:45:37.981000,61,,,
participant_29,4,day,Town10HD_Opt,2026-03-19 10:45:39.083481,35.7062873840332,69.5253677368164,0.0019775009714066,5.987,-8.324,0.0,0.0,0,0,1,,1.0,2026-03-19T10:45:39.083481,neutral,0.362,2026-03-19T10:45:37.128311,0.536367297362324,2026-03-19T10:45:38.971000,63,,,
participant_29,4,day,Town10HD_Opt,2026-03-19 10:45:40.061416,36.62057876586914,69.34825897216797,0.0019633101765066,4.531,-7.822,0.0,0.0,0,0,1,,1.0,2026-03-19T10:45:40.061416,neutral,0.363,2026-03-19T10:45:40.061416,0.5454160089360183,2026-03-19T10:45:39.961000,59,,,
participant_29,4,day,Town10HD_Opt,2026-03-19 10:45:41.108853,37.32796478271485,69.2230224609375,0.0018843078287318,4.518,6.649,0.636,0.0,0,0,1,,1.0,2026-03-19T10:45:41.108853,neutral,0.363,2026-03-19T10:45:40.061416,0.6063334696474341,2026-03-19T10:45:40.996000,62,,,
participant_29,4,day,Town10HD_Opt,2026-03-19 10:45:42.012994,39.01956558227539,69.13323211669922,0.0015799712855368,14.931,8.747,0.664,0.0,0,0,1,,1.0,2026-03-19T10:45:42.012994,neutral,0.363,2026-03-19T10:45:40.061416,0.5002500459087104,2026-03-19T10:45:41.986000,60,,,
participant_29,4,day,Town10HD_Opt,2026-03-19 10:45:43.224348,43.27405548095703,69.36148834228516,0.0019791794475167,19.96,0.606,0.496,0.0,0,0,1,,0.932,2026-03-19T10:45:43.224348,fear,0.371,2026-03-19T10:45:43.224348,0.4370368548684782,2026-03-19T10:45:42.975000,59,,,
participant_29,4,day,Town10HD_Opt,2026-03-19 10:45:44.278750,46.995155334472656,69.64302062988281,0.0019441604381427,23.001,0.964,0.47,0.0,0,0,1,,1.0,2026-03-19T10:45:44.278750,fear,0.371,2026-03-19T10:45:43.224348,0.5210898221139242,2026-03-19T10:45:43.970000,57,,,
participant_29,4,day,Town10HD_Opt,2026-03-19 10:45:45.202429,51.22737121582031,69.9630355834961,0.0019593429751694,25.653,-0.754,0.455,0.0,0,0,1,,1.0,2026-03-19T10:45:45.202429,fear,0.371,2026-03-19T10:45:43.224348,0.529665613471446,2026-03-19T10:45:45.015000,59,,,
participant_29,4,day,Town10HD_Opt,2026-03-19 10:45:46.136590,55.88273620605469,70.22955322265625,0.0019749449566006,27.783,-1.029,0.45,0.0,0,0,1,,1.0,2026-03-19T10:45:46.136590,fear,0.426,2026-03-19T10:45:46.136590,0.4408699085582573,2026-03-19T10:45:45.990000,62,,,
participant_29,4,day,Town10HD_Opt,2026-03-19 10:45:47.015309,60.88006210327149,70.4006118774414,0.0019966887775808,29.302,-0.848,0.348,0.0,0,0,1,,1.0,2026-03-19T10:45:47.015309,fear,0.426,2026-03-19T10:45:46.136590,0.4765950959268926,2026-03-19T10:45:46.980000,59,,,
participant_29,4,day,Town10HD_Opt,2026-03-19 10:45:48.176546,67.43565368652344,70.43783569335938,0.0021710968576371,25.409,-0.79,0.0,0.0,0,0,1,,0.806,2026-03-19T10:45:48.176546,fear,0.344,2026-03-19T10:45:48.176546,0.4474425636840416,2026-03-19T10:45:47.970000,60,,,
participant_29,4,day,Town10HD_Opt,2026-03-19 10:45:49.042381,71.3908920288086,70.36404418945312,0.0022403716575354,19.258,-0.423,0.0,0.0,0,0,1,,1.0,2026-03-19T10:45:49.042381,fear,0.344,2026-03-19T10:45:48.176546,0.5436740999688091,2026-03-19T10:45:48.961000,65,,,
participant_29,4,day,Town10HD_Opt,2026-03-19 10:45:50.237285,75.23851013183594,70.26950073242188,0.0020445249974727,13.615,0.414,0.0,0.0,0,0,1,,1.0,2026-03-19T10:45:50.237285,fear,0.349,2026-03-19T10:45:50.237285,0.4934800541980024,2026-03-19T10:45:49.996000,63,,,
participant_29,4,day,Town10HD_Opt,2026-03-19 10:45:51.105824,77.35973358154297,70.22758483886719,0.0020190810319036,10.46,0.423,0.0,0.0,0,0,1,,1.0,2026-03-19T10:45:51.105824,fear,0.349,2026-03-19T10:45:50.237285,0.4675948542839184,2026-03-19T10:45:50.985000,62,,,
participant_29,4,day,Town10HD_Opt,2026-03-19 10:45:52.266763,79.40947723388672,70.19561004638672,0.001986312912777,7.266,0.005,0.125,0.0,0,0,1,,0.814,2026-03-19T10:45:52.266763,neutral,0.881,2026-03-19T10:45:52.266763,0.5384033408313398,2026-03-19T10:45:51.976000,62,,,
participant_29,4,day,Town10HD_Opt,2026-03-19 10:45:53.144647,80.77149200439453,70.17310333251953,0.0017797851469367,10.393,0.005,0.853,0.0,0,0,1,,0.915,2026-03-19T10:45:53.144647,neutral,0.881,2026-03-19T10:45:52.266763,0.4742678387273847,2026-03-19T10:45:52.965000,62,,,
participant_29,4,day,Town10HD_Opt,2026-03-19 10:45:54.044025,83.63115692138672,70.12953186035156,0.0017805862007662,21.906,0.698,0.631,0.0,0,0,1,,0.921,2026-03-19T10:45:54.044025,neutral,0.881,2026-03-19T10:45:52.266763,0.4633901998262336,2026-03-19T10:45:54,62,,,
participant_29,4,day,Town10HD_Opt,2026-03-19 10:45:55.249186,88.96416473388672,70.38259887695312,0.0021339415106922,21.35,11.844,0.291,0.0,0,0,1,,0.929,2026-03-19T10:45:55.249186,neutral,0.638,2026-03-19T10:45:55.249186,0.4996050987678465,2026-03-19T10:45:54.991000,61,,,
participant_29,4,day,Town10HD_Opt,2026-03-19 10:45:56.183472,92.46707153320312,71.5282211303711,0.0019728469196707,22.915,17.953,0.682,0.0,0,0,1,,0.941,2026-03-19T10:45:56.183472,neutral,0.638,2026-03-19T10:45:55.249186,0.5014534537088792,2026-03-19T10:45:55.980000,63,,,
participant_29,4,day,Town10HD_Opt,2026-03-19 10:45:57.044237,96.09842681884766,74.4032211303711,0.0017745970981195,31.8,17.291,0.752,0.0,0,0,1,,0.897,2026-03-19T10:45:57.044237,neutral,0.638,2026-03-19T10:45:55.249186,0.5587867157339367,2026-03-19T10:45:56.970000,63,,,
participant_29,4,day,Town10HD_Opt,2026-03-19 10:45:58.169645,99.24842834472656,81.96245574951172,0.0020166777539998,37.677,9.284,0.318,0.0,0,0,1,,0.911,2026-03-19T10:45:58.169645,neutral,0.956,2026-03-19T10:45:58.169645,0.683404702236689,2026-03-19T10:45:58.005000,62,,,
participant_29,4,day,Town10HD_Opt,2026-03-19 10:45:59.056049,99.29932403564452,88.38711547851562,0.0021150968968868,35.548,0.585,0.322,0.0,0,0,1,,0.944,2026-03-19T10:45:59.056049,neutral,0.956,2026-03-19T10:45:58.169645,0.4714361049428861,2026-03-19T10:45:58.995000,63,,,
participant_29,4,day,Town10HD_Opt,2026-03-19 10:46:00.011799,98.92546844482422,94.42940521240234,0.0021022795699536,33.745,3.525,0.456,0.0,0,0,1,,1.0,2026-03-19T10:46:00.011799,neutral,0.956,2026-03-19T10:45:58.169645,0.5590077661168791,2026-03-19T10:45:59.986000,64,,,
participant_29,4,day,Town10HD_Opt,2026-03-19 10:46:01.232022,97.45843505859376,102.44730377197266,0.0019266509916633,37.401,4.122,0.575,0.0,0,0,1,,1.0,2026-03-19T10:46:01.232022,neutral,0.657,2026-03-19T10:46:01.232022,0.5578904593307831,2026-03-19T10:46:00.976000,64,,,
participant_29,4,day,Town10HD_Opt,2026-03-19 10:46:02.108646,95.3023681640625,108.91999816894533,0.0019348907517269,40.683,4.202,0.556,0.0,0,0,1,,0.873,2026-03-19T10:46:02.108646,neutral,0.657,2026-03-19T10:46:01.232022,0.6637556653586133,2026-03-19T10:46:01.965000,62,,,
participant_29,4,day,Town10HD_Opt,2026-03-19 10:46:03.027661,91.99607849121094,115.47312927246094,0.0019704054575413,43.248,5.411,0.546,0.0,0,0,1,,1.0,2026-03-19T10:46:03.027661,neutral,0.657,2026-03-19T10:46:01.232022,0.6539053822167767,2026-03-19T10:46:03.092000,63,,,
participant_29,4,day,Town10HD_Opt,2026-03-19 10:46:04.203039,85.3858871459961,123.3996810913086,0.0019934081938117,45.61,6.492,0.544,0.0,0,0,1,,0.812,2026-03-19T10:46:04.203039,neutral,0.827,2026-03-19T10:46:04.203039,0.5641433087379765,2026-03-19T10:46:04.035000,66,,,
participant_29,4,day,Town10HD_Opt,2026-03-19 10:46:05.146884,78.72195434570312,127.95670318603516,0.002004203852266,46.994,7.418,0.543,0.0,0,0,1,,1.0,2026-03-19T10:46:05.146884,neutral,0.827,2026-03-19T10:46:04.203039,0.6111365958552625,2026-03-19T10:46:04.980000,60,,,
participant_29,4,day,Town10HD_Opt,2026-03-19 10:46:06.089473,70.87872314453125,130.61192321777344,0.0020135496743023,48.082,6.974,0.541,0.0,0,0,1,,0.845,2026-03-19T10:46:06.089473,neutral,0.827,2026-03-19T10:46:04.203039,0.6884656939722172,2026-03-19T10:46:05.971000,63,,,
participant_29,4,day,Town10HD_Opt,2026-03-19 10:46:07.073380,62.44633483886719,131.06744384765625,0.0020960615947842,47.245,1.671,0.0,0.0,0,0,1,,0.827,2026-03-19T10:46:07.073380,neutral,0.396,2026-03-19T10:46:07.073380,0.6309324217311765,2026-03-19T10:46:07.006000,62,,,
participant_29,4,day,Town10HD_Opt,2026-03-19 10:46:08.048255,55.00039291381836,130.64407348632812,0.0023670578375458,37.009,-1.347,0.0,0.0,0,0,1,,0.884,2026-03-19T10:46:08.048255,neutral,0.396,2026-03-19T10:46:07.073380,0.5606231322085308,2026-03-19T10:46:07.995000,60,,,
participant_29,4,day,Town10HD_Opt,2026-03-19 10:46:09.052329,49.04356384277344,130.37860107421875,0.0021449278574436,32.453,-0.637,0.406,0.0,0,0,1,,0.845,2026-03-19T10:46:09.052329,neutral,0.396,2026-03-19T10:46:07.073380,0.6565563721274071,2026-03-19T10:46:08.985000,58,,,
participant_29,4,day,Town10HD_Opt,2026-03-19 10:46:10.037683,43.36652374267578,130.2270050048828,0.0020300291944295,32.719,-2.113,0.431,0.0,0,0,1,,0.822,2026-03-19T10:46:10.037683,happy,0.98,2026-03-19T10:46:10.037683,0.6130632738312136,2026-03-19T10:46:09.975000,59,,,
participant_29,4,day,Town10HD_Opt,2026-03-19 10:46:11.258220,35.57791519165039,130.38746643066406,0.0020062637049704,34.211,1.321,0.443,0.0,0,0,1,,0.945,2026-03-19T10:46:11.258220,happy,0.98,2026-03-19T10:46:10.037683,0.617875162025075,2026-03-19T10:46:11.011000,59,,,
participant_29,4,day,Town10HD_Opt,2026-03-19 10:46:12.243324,29.52212142944336,130.4325714111328,0.0020156479440629,35.057,-0.435,0.443,0.0,0,0,1,,0.85,2026-03-19T10:46:12.243324,neutral,0.803,2026-03-19T10:46:12.243324,0.6656111583748267,2026-03-19T10:46:12,58,Solid line crossing,Solid line crossing,
participant_29,4,day,Town10HD_Opt,2026-03-19 10:46:13.203180,23.328765869140625,130.48851013183594,0.0020194626413285,35.781,0.211,0.443,0.0,0,0,1,,0.844,2026-03-19T10:46:13.203180,neutral,0.803,2026-03-19T10:46:12.243324,0.5630297452320007,2026-03-19T10:46:12.990000,61,,,
participant_29,4,day,Town10HD_Opt,2026-03-19 10:46:14.102528,17.01616859436035,130.51077270507812,0.0020225525368005,36.409,0.143,0.443,0.0,0,0,1,,0.898,2026-03-19T10:46:14.102528,neutral,0.803,2026-03-19T10:46:12.243324,0.560211062542881,2026-03-19T10:46:13.981000,59,,,
participant_29,4,day,Town10HD_Opt,2026-03-19 10:46:15.041426,10.60629653930664,130.4990997314453,0.0020366667304188,36.593,0.287,0.134,0.0,0,0,1,,0.838,2026-03-19T10:46:15.041426,neutral,0.492,2026-03-19T10:46:15.041426,0.5475792921277822,2026-03-19T10:46:14.970000,59,,,
participant_29,4,day,Town10HD_Opt,2026-03-19 10:46:16.256832,3.0352542400360107,130.42385864257812,0.0022897720336914,27.001,0.179,0.0,0.0,0,0,1,,1.0,2026-03-19T10:46:16.256832,neutral,0.492,2026-03-19T10:46:15.041426,0.6038761556963913,2026-03-19T10:46:16.140000,61,,,
participant_29,4,day,Town10HD_Opt,2026-03-19 10:46:17.204501,-1.1476870775222778,130.3614044189453,0.0022541808430105,20.368,0.179,0.0,0.0,0,0,1,,0.876,2026-03-19T10:46:17.204501,fear,0.52,2026-03-19T10:46:17.204501,0.6571439667922663,2026-03-19T10:46:16.995000,61,,,
participant_29,4,day,Town10HD_Opt,2026-03-19 10:46:18.136075,-4.307214260101318,130.3053741455078,0.0020077896770089,15.675,-0.454,0.0,0.0,0,0,1,,0.908,2026-03-19T10:46:18.136075,fear,0.52,2026-03-19T10:46:17.204501,0.6130352008321676,2026-03-19T10:46:17.986000,60,,,
participant_29,4,day,Town10HD_Opt,2026-03-19 10:46:19.041566,-6.778275489807129,130.27842712402344,0.0020097731612622,12.617,-0.103,0.078,0.0,0,0,1,,1.0,2026-03-19T10:46:19.041566,fear,0.52,2026-03-19T10:46:17.204501,0.6018300679920235,2026-03-19T10:46:18.975000,60,,,
participant_29,4,day,Town10HD_Opt,2026-03-19 10:46:20.203591,-9.492055892944336,130.2517547607422,0.0019578551873564,10.751,-0.103,0.122,0.0,0,0,1,,0.903,2026-03-19T10:46:20.203591,neutral,0.372,2026-03-19T10:46:20.203591,0.5875323072667487,2026-03-19T10:46:19.965000,59,,,
participant_29,4,day,Town10HD_Opt,2026-03-19 10:46:21.095888,-11.30286979675293,130.23631286621094,0.0019478225149214,9.868,-0.103,0.114,0.0,0,0,1,,0.85,2026-03-19T10:46:21.095888,neutral,0.372,2026-03-19T10:46:20.203591,0.64566546745974,2026-03-19T10:46:21.046000,58,,,
participant_29,4,day,Town10HD_Opt,2026-03-19 10:46:22.013488,-12.965194702148438,130.22378540039062,0.001944274874404,9.114,-0.103,0.113,0.0,0,0,1,,0.843,2026-03-19T10:46:22.013488,neutral,0.372,2026-03-19T10:46:20.203591,0.5867314774121553,2026-03-19T10:46:21.991000,60,,,
participant_29,4,day,Town10HD_Opt,2026-03-19 10:46:23.186352,-15.04015064239502,130.21044921875,0.0019056319724768,9.125,-0.103,0.182,0.0,0,0,1,,0.865,2026-03-19T10:46:23.186352,fear,0.36,2026-03-19T10:46:23.186352,0.7257255325262946,2026-03-19T10:46:22.981000,59,,,
participant_29,4,day,Town10HD_Opt,2026-03-19 10:46:24.123613,-16.666723251342773,130.20175170898438,0.0019065856467932,9.501,-0.115,0.176,0.0,0,0,1,,0.864,2026-03-19T10:46:24.123613,fear,0.36,2026-03-19T10:46:23.186352,0.5496225379912789,2026-03-19T10:46:24.061000,59,,,
participant_29,4,day,Town10HD_Opt,2026-03-19 10:46:25.262532,-18.90626335144043,130.1935577392578,0.0019315337995067,9.407,-0.155,0.144,0.0,0,0,1,,0.853,2026-03-19T10:46:25.262532,neutral,0.69,2026-03-19T10:46:25.262532,0.640690160269138,2026-03-19T10:46:25.006000,60,,,
participant_29,4,day,Town10HD_Opt,2026-03-19 10:46:26.137297,-20.90376663208008,130.18994140625,0.0016535186441615,16.421,-0.155,0.74,0.0,0,0,1,,0.874,2026-03-19T10:46:26.137297,neutral,0.69,2026-03-19T10:46:25.262532,0.6927976451721091,2026-03-19T10:46:25.995000,61,,,
participant_29,4,day,Town10HD_Opt,2026-03-19 10:46:27.022204,-24.27123260498047,130.18734741210938,0.0018517684657126,22.398,0.256,0.503,0.0,0,0,1,,0.932,2026-03-19T10:46:27.022204,neutral,0.69,2026-03-19T10:46:25.262532,0.6333081918920566,2026-03-19T10:46:26.986000,63,,,
participant_29,4,day,Town10HD_Opt,2026-03-19 10:46:28.203153,-29.71126174926757,129.79798889160156,0.0020819092169404,22.916,9.621,0.282,0.0,0,0,1,,0.837,2026-03-19T10:46:28.203153,neutral,0.427,2026-03-19T10:46:28.203153,0.6878061424755457,2026-03-19T10:46:27.975000,62,,,
participant_29,4,day,Town10HD_Opt,2026-03-19 10:46:29.135260,-33.43222427368164,128.65716552734375,0.0020954513456672,21.656,13.224,0.288,0.0,0,0,1,,0.91,2026-03-19T10:46:29.135260,neutral,0.427,2026-03-19T10:46:28.203153,0.5836917323514275,2026-03-19T10:46:29.011000,63,,,
participant_29,4,day,Town10HD_Opt,2026-03-19 10:46:30.006799,-36.56100082397461,126.7223129272461,0.0020940017420798,20.611,14.778,0.289,0.0,0,0,1,,0.838,2026-03-19T10:46:30.006799,neutral,0.427,2026-03-19T10:46:28.203153,0.6550988891285439,2026-03-19T10:46:30,62,,,
participant_29,4,day,Town10HD_Opt,2026-03-19 10:46:31.236656,-39.56948852539063,123.18685150146484,0.0020866394042968,19.483,14.751,0.289,0.0,0,0,1,,0.875,2026-03-19T10:46:31.236656,neutral,0.5,2026-03-19T10:46:31.236656,0.6937444985941543,2026-03-19T10:46:30.991000,63,,,
participant_29,4,day,Town10HD_Opt,2026-03-19 10:46:32.173402,-40.89774703979492,120.06243133544922,0.0019696045201271,19.274,14.317,0.291,0.0,0,0,1,,0.808,2026-03-19T10:46:32.173402,neutral,0.5,2026-03-19T10:46:31.236656,0.6683257623472277,2026-03-19T10:46:31.980000,62,,,
participant_29,4,day,Town10HD_Opt,2026-03-19 10:46:33.152868,-41.473106384277344,116.67861938476562,0.0019693374633789,20.926,7.651,0.497,0.0,0,0,1,,0.926,2026-03-19T10:46:33.152868,neutral,0.5,2026-03-19T10:46:31.236656,0.6238863390747639,2026-03-19T10:46:32.971000,60,,,
participant_29,4,day,Town10HD_Opt,2026-03-19 10:46:34.095822,-41.70082473754883,112.73853302001952,0.0019564819522202,23.947,1.643,0.408,0.0,0,0,1,,0.902,2026-03-19T10:46:34.095822,neutral,0.392,2026-03-19T10:46:34.095822,0.7104817009872624,2026-03-19T10:46:34.007000,63,,,
participant_29,4,day,Town10HD_Opt,2026-03-19 10:46:35.088293,-41.77879333496094,108.41535949707033,0.0020036697387695,25.282,1.14,0.375,0.0,0,0,1,,0.827,2026-03-19T10:46:35.088293,neutral,0.392,2026-03-19T10:46:34.095822,0.5957132932435852,2026-03-19T10:46:34.996000,65,,,
participant_29,4,day,Town10HD_Opt,2026-03-19 10:46:36.004333,-41.71940994262695,103.94092559814452,0.0020353698637336,25.627,0.242,0.354,0.0,0,0,1,,0.86,2026-03-19T10:46:36.004333,neutral,0.392,2026-03-19T10:46:34.095822,0.6492513845934934,2026-03-19T10:46:35.986000,66,,,
participant_29,4,day,Town10HD_Opt,2026-03-19 10:46:37.270044,-41.58977890014648,97.92446899414062,0.0020402146037667,25.799,-0.618,0.353,0.0,0,0,1,,0.901,2026-03-19T10:46:37.270044,neutral,0.354,2026-03-19T10:46:37.270044,0.6105262498226676,2026-03-19T10:46:36.975000,64,,,
participant_29,4,day,Town10HD_Opt,2026-03-19 10:46:38.192003,-41.54178237915039,93.38742065429688,0.0020412444137036,25.904,-1.046,0.354,0.0,0,0,1,,0.839,2026-03-19T10:46:38.192003,neutral,0.354,2026-03-19T10:46:37.270044,0.6261322824507757,2026-03-19T10:46:37.966000,69,,,
participant_29,4,day,Town10HD_Opt,2026-03-19 10:46:39.178849,-41.56075286865234,88.83280181884766,0.0020414732862263,25.992,-0.486,0.344,0.0,0,0,1,,0.822,2026-03-19T10:46:39.178849,neutral,0.354,2026-03-19T10:46:37.270044,0.5679386853552398,2026-03-19T10:46:39.002000,65,,,
participant_29,4,day,Town10HD_Opt,2026-03-19 10:46:40.162251,-41.554935455322266,84.31333923339844,0.0020822524093091,25.109,2.506,0.275,0.0,0,0,1,,0.868,2026-03-19T10:46:40.162251,fear,0.335,2026-03-19T10:46:40.162251,0.6446731746008273,2026-03-19T10:46:40.036000,66,,,
participant_29,4,day,Town10HD_Opt,2026-03-19 10:46:41.150584,-41.21917724609375,80.04666137695312,0.0021068190690129,23.5,9.002,0.269,0.0,0,0,1,,0.905,2026-03-19T10:46:41.150584,fear,0.335,2026-03-19T10:46:40.162251,0.660448194838173,2026-03-19T10:46:40.981000,66,,,
participant_29,4,day,Town10HD_Opt,2026-03-19 10:46:42.096879,-40.11119079589844,76.26024627685547,0.00212371814996,21.561,14.776,0.251,0.0,0,0,1,,0.952,2026-03-19T10:46:42.096879,fear,0.335,2026-03-19T10:46:40.162251,0.6408510440190103,2026-03-19T10:46:41.971000,65,,,
participant_29,4,day,Town10HD_Opt,2026-03-19 10:46:43.089519,-38.08550262451172,73.29620361328125,0.0021348190493881,19.686,21.943,0.255,0.0,0,0,1,,0.87,2026-03-19T10:46:43.089519,neutral,0.67,2026-03-19T10:46:43.089519,0.6036745849679643,2026-03-19T10:46:43.006000,65,,,
participant_29,4,day,Town10HD_Opt,2026-03-19 10:46:44.109253,-35.356441497802734,71.43392944335938,0.0021080016158521,18.447,18.425,0.287,0.0,0,0,1,,0.865,2026-03-19T10:46:44.109253,neutral,0.67,2026-03-19T10:46:43.089519,0.6599617822808217,2026-03-19T10:46:43.996000,64,,,
participant_29,4,day,Town10HD_Opt,2026-03-19 10:46:45.066082,-32.32198715209961,70.46987915039062,0.0020781706552952,18.465,12.204,0.316,0.0,0,0,1,,0.903,2026-03-19T10:46:45.066082,neutral,0.67,2026-03-19T10:46:43.089519,0.6265979552225174,2026-03-19T10:46:44.986000,63,,,
participant_29,4,day,Town10HD_Opt,2026-03-19 10:46:46.011429,-29.110509872436523,70.07792663574219,0.0020028303842991,19.39,6.898,0.417,0.0,0,0,1,,0.891,2026-03-19T10:46:46.011429,neutral,0.901,2026-03-19T10:46:46.011429,0.584758998282246,2026-03-19T10:46:45.975000,64,,,
participant_29,4,day,Town10HD_Opt,2026-03-19 10:46:47.259862,-24.322492599487305,69.96745300292969,0.0019675062503665,22.148,-0.519,0.478,0.0,0,0,1,,0.89,2026-03-19T10:46:47.259862,neutral,0.901,2026-03-19T10:46:46.011429,0.6741448345541378,2026-03-19T10:46:46.965000,65,,,
participant_29,4,day,Town10HD_Opt,2026-03-19 10:46:48.220771,-20.169008255004883,69.87068939208984,0.0019261932466179,25.891,0.75,0.471,0.0,0,0,1,,1.0,2026-03-19T10:46:48.220771,neutral,0.832,2026-03-19T10:46:48.220771,0.6446760297497545,2026-03-19T10:46:48.001000,66,,,
participant_29,4,day,Town10HD_Opt,2026-03-19 10:46:49.213211,-15.47256565093994,69.82672882080078,0.0019752120133489,27.953,0.343,0.442,0.0,0,0,1,,0.887,2026-03-19T10:46:49.213211,neutral,0.832,2026-03-19T10:46:48.220771,0.6359319994072303,2026-03-19T10:46:48.990000,66,,,
participant_29,4,day,Town10HD_Opt,2026-03-19 10:46:50.188319,-10.455368041992188,69.83415985107422,0.0019969558343291,29.433,0.465,0.428,0.0,0,0,1,,0.91,2026-03-19T10:46:50.188319,neutral,0.832,2026-03-19T10:46:48.220771,0.5773008792934706,2026-03-19T10:46:49.981000,66,,,
participant_29,4,day,Town10HD_Opt,2026-03-19 10:46:51.116190,-5.214139461517334,69.90160369873047,0.0020070266909897,30.55,-0.12,0.428,0.0,0,0,1,,1.0,2026-03-19T10:46:51.116190,sad,0.346,2026-03-19T10:46:51.116190,0.6836827633159185,2026-03-19T10:46:50.971000,68,,,
participant_29,4,day,Town10HD_Opt,2026-03-19 10:46:52.055863,0.2098976075649261,69.96651458740234,0.0020118711981922,31.515,-0.287,0.427,0.0,0,0,1,,0.84,2026-03-19T10:46:52.055863,sad,0.346,2026-03-19T10:46:51.116190,0.7112646891348381,2026-03-19T10:46:52.006000,67,,,
participant_29,4,day,Town10HD_Opt,2026-03-19 10:46:53.000026,5.744375705718994,69.98995971679688,0.002098464872688,30.608,-0.087,0.007,0.0,0,0,1,,0.821,2026-03-19T10:46:53.000026,sad,0.346,2026-03-19T10:46:51.116190,0.7009246334693761,2026-03-19T10:46:52.995000,69,,,
participant_29,4,day,Town10HD_Opt,2026-03-19 10:46:54.174296,11.91814136505127,69.9921875,0.0022585678379982,21.661,-0.054,0.0,0.0,0,0,1,,0.852,2026-03-19T10:46:54.174296,neutral,0.34,2026-03-19T10:46:54.174296,0.699362214657467,2026-03-19T10:46:53.987000,69,,,
participant_29,4,day,Town10HD_Opt,2026-03-19 10:46:55.060381,15.261959075927734,69.98701477050781,0.0019650650210678,16.562,-0.305,0.0,0.0,0,0,1,,0.839,2026-03-19T10:46:55.060381,neutral,0.34,2026-03-19T10:46:54.174296,0.7014213131545717,2026-03-19T10:46:54.975000,69,,,
participant_29,4,day,Town10HD_Opt,2026-03-19 10:46:56.012931,17.854598999023438,69.97584533691406,0.0020122909918427,13.283,0.092,0.16,0.0,0,0,1,,0.881,2026-03-19T10:46:56.012931,neutral,0.34,2026-03-19T10:46:54.174296,0.6900319752310582,2026-03-19T10:46:55.966000,69,,,
participant_29,4,day,Town10HD_Opt,2026-03-19 10:46:57.193574,20.873437881469727,69.96881103515625,0.0019514465238898,12.316,-0.035,0.104,0.0,0,0,1,,0.849,2026-03-19T10:46:57.193574,sad,0.341,2026-03-19T10:46:57.193574,0.6611068392559477,2026-03-19T10:46:57.001000,70,,,
participant_29,4,day,Town10HD_Opt,2026-03-19 10:46:58.110243,22.91128158569336,69.96240997314453,0.0019673155620694,10.83,-0.101,0.093,0.0,0,0,1,,1.0,2026-03-19T10:46:58.110243,sad,0.341,2026-03-19T10:46:57.193574,0.7502707073322301,2026-03-19T10:46:58.037000,65,,,
participant_29,4,day,Town10HD_Opt,2026-03-19 10:46:59.005520,24.661067962646484,69.95476531982422,0.0019937513861805,8.752,-0.101,0.0,0.0,0,0,1,,0.813,2026-03-19T10:46:59.005520,sad,0.341,2026-03-19T10:46:57.193574,0.6856940420721952,2026-03-19T10:46:58.980000,66,,,
participant_29,4,day,Town10HD_Opt,2026-03-19 10:47:00.198793,26.03719711303711,69.94710540771484,0.0023140334524214,0.001,-0.101,0.0,0.183,0,0,1,,0.836,2026-03-19T10:47:00.198793,neutral,0.726,2026-03-19T10:47:00.198793,0.6407328674195126,2026-03-19T10:46:59.971000,66,,,
participant_29,4,day,Town10HD_Opt,2026-03-19 10:47:01.060210,26.038068771362305,69.94710540771484,0.0019316100515425,0.045,-0.101,0.56,0.0,0,0,1,,1.0,2026-03-19T10:47:01.060210,neutral,0.726,2026-03-19T10:47:00.198793,0.7870619914307257,2026-03-19T10:47:01.005000,66,,,
participant_29,4,day,Town10HD_Opt,2026-03-19 10:47:02.247915,27.38161277770996,69.93930053710938,0.001550636254251,14.093,-0.223,0.638,0.0,0,0,1,,0.814,2026-03-19T10:47:02.247915,neutral,0.55,2026-03-19T10:47:02.247915,0.7539804658200353,2026-03-19T10:47:01.996000,65,,,errors=Stop sign violation
participant_29,4,day,Town10HD_Opt,2026-03-19 10:47:03.233401,30.29228973388672,69.83928680419922,0.0020481871906667,18.353,-8.077,0.415,0.0,0,0,1,,1.0,2026-03-19T10:47:03.233401,neutral,0.55,2026-03-19T10:47:02.247915,0.7975889413861414,2026-03-19T10:47:03.007000,65,,,
participant_29,4,day,Town10HD_Opt,2026-03-19 10:47:04.161215,33.54430389404297,69.23368835449219,0.001988410949707,20.109,-12.728,0.48,0.0,0,0,1,,0.867,2026-03-19T10:47:04.161215,neutral,0.55,2026-03-19T10:47:02.247915,0.6988962077744953,2026-03-19T10:47:03.977000,64,,,
participant_29,4,day,Town10HD_Opt,2026-03-19 10:47:05.107068,36.94380187988281,67.69937133789062,0.0019613264594227,23.167,-15.036,0.48,0.0,0,0,1,,0.837,2026-03-19T10:47:05.107068,neutral,0.488,2026-03-19T10:47:05.107068,0.8404095004977997,2026-03-19T10:47:04.967000,66,,,
participant_29,4,day,Town10HD_Opt,2026-03-19 10:47:06.025183,40.18315887451172,64.95037078857422,0.0017721175681799,25.824,-12.585,0.46,0.0,0,0,1,,1.0,2026-03-19T10:47:06.025183,neutral,0.488,2026-03-19T10:47:05.107068,0.8647821929732125,2026-03-19T10:47:06.003000,66,,,
participant_29,4,day,Town10HD_Opt,2026-03-19 10:47:07.213331,43.37635803222656,59.55651092529297,0.0019748306367546,28.555,-13.443,0.444,0.0,0,0,1,,1.0,2026-03-19T10:47:07.213331,neutral,0.41,2026-03-19T10:47:07.213331,0.81241305688166,2026-03-19T10:47:06.994000,62,,,
participant_29,4,day,Town10HD_Opt,2026-03-19 10:47:08.172502,44.22669982910156,54.72989273071289,0.0021517944987863,26.637,-11.12,0.155,0.0,0,0,1,,1.0,2026-03-19T10:47:08.172502,neutral,0.41,2026-03-19T10:47:07.213331,0.8958252505259388,2026-03-19T10:47:07.981000,63,,,
participant_29,4,day,Town10HD_Opt,2026-03-19 10:47:09.144149,44.18345260620117,50.51425552368164,0.0022434997372329,21.049,1.514,0.0,0.0,0,0,1,,0.908,2026-03-19T10:47:09.144149,neutral,0.41,2026-03-19T10:47:07.213331,0.9101220312334825,2026-03-19T10:47:08.970000,60,,,
participant_29,4,day,Town10HD_Opt,2026-03-19 10:47:10.044707,44.14070129394531,47.30716323852539,0.0019963455852121,15.683,-0.994,0.0,0.0,0,0,1,,1.0,2026-03-19T10:47:10.044707,neutral,0.484,2026-03-19T10:47:10.044707,0.8571414498311842,2026-03-19T10:47:10.006000,63,,,
participant_29,4,day,Town10HD_Opt,2026-03-19 10:47:11.199656,44.05243682861328,44.13917541503906,0.0020257185678929,11.188,-0.143,0.0,0.0,0,0,1,,1.0,2026-03-19T10:47:11.199656,neutral,0.484,2026-03-19T10:47:10.044707,0.7726791381878972,2026-03-19T10:47:10.998000,60,,,
participant_29,4,day,Town10HD_Opt,2026-03-19 10:47:12.081002,44.0045166015625,42.46736145019531,0.0020323942881077,7.651,-0.143,0.0,0.059,0,0,1,,1.0,2026-03-19T10:47:12.081002,neutral,0.473,2026-03-19T10:47:12.081002,0.843476366588633,2026-03-19T10:47:11.986000,62,,,
participant_29,4,day,Town10HD_Opt,2026-03-19 10:47:13.263717,43.97130584716797,41.35254287719727,0.0021774291526526,0.001,-0.141,0.0,0.269,0,0,1,,0.809,2026-03-19T10:47:13.263717,neutral,0.473,2026-03-19T10:47:12.081002,0.8462342304626604,2026-03-19T10:47:12.977000,60,,,
participant_29,4,day,Town10HD_Opt,2026-03-19 10:47:14.144054,43.97089385986328,41.33316802978516,0.0018594360444694,1.835,1.941,0.893,0.0,0,0,1,,1.0,2026-03-19T10:47:14.144054,neutral,0.54,2026-03-19T10:47:14.144054,0.8599147367384042,2026-03-19T10:47:14.056000,60,,,
participant_29,4,day,Town10HD_Opt,2026-03-19 10:47:15.065888,44.02191925048828,39.943119049072266,0.0014810180291533,15.329,8.296,0.729,0.0,0,0,1,,0.905,2026-03-19T10:47:15.065888,neutral,0.54,2026-03-19T10:47:14.144054,0.8995333019543162,2026-03-19T10:47:15.002000,61,,,
participant_29,4,day,Town10HD_Opt,2026-03-19 10:47:16.023100,44.50044631958008,36.79645156860352,0.0019506072858348,20.097,12.369,0.548,0.0,0,0,1,,0.863,2026-03-19T10:47:16.023100,neutral,0.54,2026-03-19T10:47:14.144054,0.8621926351225337,2026-03-19T10:47:15.991000,64,,,
participant_29,4,day,Town10HD_Opt,2026-03-19 10:47:17.233274,46.823974609375,31.869150161743164,0.0018422699067741,28.254,18.189,0.657,0.0,0,0,1,,1.0,2026-03-19T10:47:17.233274,neutral,0.342,2026-03-19T10:47:17.233274,0.9057403531216588,2026-03-19T10:47:16.983000,62,,,
participant_29,4,day,Town10HD_Opt,2026-03-19 10:47:18.136732,50.92353057861328,28.510358810424805,0.002018546918407,31.516,17.931,0.225,0.0,0,0,1,,1.0,2026-03-19T10:47:18.136732,neutral,0.342,2026-03-19T10:47:17.233274,0.9289484563461043,2026-03-19T10:47:18.017000,63,,,
participant_29,4,day,Town10HD_Opt,2026-03-19 10:47:19.040590,55.92205810546875,27.214738845825195,0.002214279025793,27.627,15.773,0.175,0.0,0,0,1,,1.0,2026-03-19T10:47:19.040590,neutral,0.342,2026-03-19T10:47:17.233274,0.8672934189662074,2026-03-19T10:47:19.007000,62,,,
participant_29,4,day,Town10HD_Opt,2026-03-19 10:47:20.215653,61.72053146362305,27.677135467529297,0.0021694563329219,22.236,-3.229,0.161,0.0,0,0,1,,1.0,2026-03-19T10:47:20.215653,neutral,0.892,2026-03-19T10:47:20.215653,0.8845383717445024,2026-03-19T10:47:19.996000,64,,,
participant_29,4,day,Town10HD_Opt,2026-03-19 10:47:21.107433,65.57786560058594,27.938995361328125,0.0019079208141192,24.352,0.808,0.668,0.0,0,0,1,,0.831,2026-03-19T10:47:21.107433,neutral,0.892,2026-03-19T10:47:20.215653,0.99,2026-03-19T10:47:20.986000,63,,,
participant_29,4,day,Town10HD_Opt,2026-03-19 10:47:22.283175,72.39361572265625,28.44859504699707,0.0017555236117914,36.183,-0.39,0.909,0.0,0,0,1,,1.0,2026-03-19T10:47:22.283175,neutral,0.455,2026-03-19T10:47:22.283175,0.9428778174720148,2026-03-19T10:47:21.976000,66,,,
participant_29,4,day,Town10HD_Opt,2026-03-19 10:47:23.263941,79.52322387695312,28.89144897460937,0.0016748427879065,46.953,-1.309,0.841,0.0,0,0,1,,1.0,2026-03-19T10:47:23.263941,neutral,0.455,2026-03-19T10:47:22.283175,0.8087117322121885,2026-03-19T10:47:23.012000,63,,,
participant_29,4,day,Town10HD_Opt,2026-03-19 10:47:24.162340,88.24676513671875,29.094560623168945,0.0021374893840402,49.001,-2.899,0.835,0.0,0,0,1,,1.0,2026-03-19T10:47:24.162340,neutral,0.455,2026-03-19T10:47:22.283175,0.8337701331312488,2026-03-19T10:47:24.001000,64,,,
participant_29,4,day,Town10HD_Opt,2026-03-19 10:47:25.050491,96.82649993896484,27.895891189575195,0.0021173858549445,48.732,-7.007,0.0,0.0,0,0,1,,0.858,2026-03-19T10:47:25.050491,fear,0.343,2026-03-19T10:47:25.050491,0.877964020424783,2026-03-19T10:47:24.991000,64,,,
participant_29,4,day,Town10HD_Opt,2026-03-19 10:47:26.229627,105.21370697021484,22.927091598510746,0.0023365020751953,35.77,-11.231,0.179,0.0,0,0,1,,0.808,2026-03-19T10:47:26.229627,fear,0.343,2026-03-19T10:47:25.050491,0.809546828289293,2026-03-19T10:47:25.981000,65,,,
participant_29,4,day,Town10HD_Opt,2026-03-19 10:47:27.111502,108.49565887451172,18.04351043701172,0.0020545576699078,34.094,-12.733,0.133,0.0,0,0,1,,0.842,2026-03-19T10:47:27.111502,neutral,0.318,2026-03-19T10:47:27.111502,0.9154167917540872,2026-03-19T10:47:27.106000,66,,,
participant_29,4,day,Town10HD_Opt,2026-03-19 10:47:28.027323,109.86380004882812,12.635994911193848,0.0023079300299286,28.22,-9.727,0.0,0.23,0,0,1,,1.0,2026-03-19T10:47:28.027323,neutral,0.318,2026-03-19T10:47:27.111502,0.829937165841605,2026-03-19T10:47:28.051000,63,,,
participant_29,4,day,Town10HD_Opt,2026-03-19 10:47:29.227716,109.9425277709961,7.4638671875,0.0019905089866369,16.248,3.057,0.0,0.413,0,0,1,,1.0,2026-03-19T10:47:29.227716,fear,0.363,2026-03-19T10:47:29.227716,0.868556008585873,2026-03-19T10:47:28.996000,63,,,errors=Harsh braking
participant_29,4,day,Town10HD_Opt,2026-03-19 10:47:30.107846,110.0032196044922,5.269168376922607,0.0022165297996252,7.543,2.113,0.0,1.0,0,0,1,,0.899,2026-03-19T10:47:30.107846,fear,0.363,2026-03-19T10:47:29.227716,0.8329018976706487,2026-03-19T10:47:29.986000,62,,,
participant_29,4,day,Town10HD_Opt,2026-03-19 10:47:31.041100,110.01433563232422,5.000065326690674,0.0020114898215979,0.0,1.887,0.0,1.0,0,0,1,,0.861,2026-03-19T10:47:31.041100,fear,0.363,2026-03-19T10:47:29.227716,0.7595733546776167,2026-03-19T10:47:31.021000,65,,,
participant_29,4,day,Town10HD_Opt,2026-03-19 10:47:32.148799,110.01434326171876,4.999961853027344,0.00192012777552,0.0,0.489,0.0,0.0,0,0,1,,0.904,2026-03-19T10:47:32.148799,angry,0.545,2026-03-19T10:47:32.148799,0.8891166002514852,2026-03-19T10:47:32.056000,61,,,
participant_29,4,day,Town10HD_Opt,2026-03-19 10:47:33.267625,110.01569366455078,4.943522930145264,0.0017509460449218,3.469,-0.251,1.0,0.0,0,0,1,,1.0,2026-03-19T10:47:33.267625,angry,0.545,2026-03-19T10:47:32.148799,0.799466090038742,2026-03-19T10:47:33.001000,64,,,
participant_29,4,day,Town10HD_Opt,2026-03-19 10:47:34.138391,110.0594711303711,3.122097969055176,0.0024003982543945,19.116,-0.362,1.0,0.0,0,0,1,,0.818,2026-03-19T10:47:34.138391,angry,0.545,2026-03-19T10:47:32.148799,0.8260633796141031,2026-03-19T10:47:33.992000,67,,,
participant_29,4,day,Town10HD_Opt,2026-03-19 10:47:35.011331,110.1278305053711,-1.2662211656570437,0.0015151214320212,33.77,-0.482,0.875,0.0,0,0,1,,1.0,2026-03-19T10:47:35.011331,neutral,0.307,2026-03-19T10:47:35.011331,0.8942051867277584,2026-03-19T10:47:34.981000,66,,,
participant_29,4,day,Town10HD_Opt,2026-03-19 10:47:36.216226,110.13331604003906,-10.102709770202637,0.0020519255194813,38.241,0.268,0.193,0.0,0,0,1,,1.0,2026-03-19T10:47:36.216226,neutral,0.307,2026-03-19T10:47:35.011331,0.750091675967352,2026-03-19T10:47:36.016000,67,,,
participant_29,4,day,Town10HD_Opt,2026-03-19 10:47:37.096347,110.13468170166016,-16.382896423339844,0.0022279738914221,32.386,-1.577,0.126,0.0,0,0,1,,1.0,2026-03-19T10:47:37.096347,sad,0.325,2026-03-19T10:47:37.096347,0.8452275153765133,2026-03-19T10:47:37.006000,69,,,
participant_29,4,day,Town10HD_Opt,2026-03-19 10:47:38.234487,109.79691314697266,-23.35845947265625,0.0020851134322583,28.575,-1.796,0.434,0.0,0,0,1,,0.862,2026-03-19T10:47:38.234487,sad,0.325,2026-03-19T10:47:37.096347,0.8903986514043316,2026-03-19T10:47:37.996000,69,,,
participant_29,4,day,Town10HD_Opt,2026-03-19 10:47:39.106530,109.25462341308594,-28.449893951416016,0.0019866561051458,30.258,-3.118,0.458,0.0,0,0,1,,1.0,2026-03-19T10:47:39.106530,sad,0.513,2026-03-19T10:47:39.106530,0.8417974557272939,2026-03-19T10:47:38.986000,69,,,
participant_29,4,day,Town10HD_Opt,2026-03-19 10:47:40.224261,107.76499938964844,-35.59089660644531,0.001994667109102,32.406,-4.558,0.458,0.0,0,0,1,,0.911,2026-03-19T10:47:40.224261,sad,0.513,2026-03-19T10:47:39.106530,0.8570157414406337,2026-03-19T10:47:39.976000,68,,,
participant_29,4,day,Town10HD_Opt,2026-03-19 10:47:41.110467,105.76168823242188,-41.08160400390625,0.0019196700304746,35.507,-5.456,0.571,0.0,0,0,1,,0.902,2026-03-19T10:47:41.110467,sad,0.535,2026-03-19T10:47:41.110467,0.8728869753789513,2026-03-19T10:47:41.011000,70,,,
participant_29,4,day,Town10HD_Opt,2026-03-19 10:47:42.231841,101.3019790649414,-48.63121032714844,0.0019536591134965,39.732,-4.518,0.512,0.0,0,0,1,,0.816,2026-03-19T10:47:42.231841,sad,0.535,2026-03-19T10:47:41.110467,0.8757068426334998,2026-03-19T10:47:42.002000,72,,,
participant_29,4,day,Town10HD_Opt,2026-03-19 10:47:43.144306,96.63736724853516,-53.95428085327149,0.0020040129311382,41.172,-4.405,0.487,0.0,0,0,1,,1.0,2026-03-19T10:47:43.144306,sad,0.4,2026-03-19T10:47:43.144306,0.9367981032813942,2026-03-19T10:47:42.994000,71,,,
participant_29,4,day,Town10HD_Opt,2026-03-19 10:47:44.012477,91.06876373291016,-58.62269973754883,0.0020185851026326,42.013,-4.417,0.487,0.0,0,0,1,,1.0,2026-03-19T10:47:44.012477,sad,0.4,2026-03-19T10:47:43.144306,0.8427539725230141,2026-03-19T10:47:43.981000,73,,,
participant_29,4,day,Town10HD_Opt,2026-03-19 10:47:45.121378,82.45856475830078,-63.47882080078125,0.0020243453327566,42.925,-4.667,0.486,0.0,0,0,1,,0.86,2026-03-19T10:47:45.121378,sad,0.4,2026-03-19T10:47:43.144306,0.850594908030561,2026-03-19T10:47:45.016000,71,,,
participant_29,4,day,Town10HD_Opt,2026-03-19 10:47:46.276755,72.80644226074219,-66.37066650390625,0.0020286941435188,43.659,-4.641,0.487,0.0,0,0,1,,1.0,2026-03-19T10:47:46.276755,sad,0.433,2026-03-19T10:47:46.276755,0.9167403488130216,2026-03-19T10:47:46.006000,74,,,
participant_29,4,day,Town10HD_Opt,2026-03-19 10:47:47.194420,65.18492889404297,-67.19127655029297,0.0020428465213626,43.867,-0.909,0.414,0.0,0,0,1,,1.0,2026-03-19T10:47:47.194420,sad,0.433,2026-03-19T10:47:46.276755,0.8978499229302139,2026-03-19T10:47:46.996000,73,,,
participant_29,4,day,Town10HD_Opt,2026-03-19 10:47:48.139312,57.66903305053711,-67.56000518798828,0.0021140670869499,41.748,-0.837,0.331,0.0,0,0,1,,0.866,2026-03-19T10:47:48.139312,sad,0.433,2026-03-19T10:47:46.276755,0.8036668243983147,2026-03-19T10:47:47.986000,73,,,
participant_29,4,day,Town10HD_Opt,2026-03-19 10:47:49.100427,50.57665252685547,-67.73455047607422,0.0021218489855527,39.089,-0.04,0.352,0.0,0,0,1,,1.0,2026-03-19T10:47:49.100427,sad,0.377,2026-03-19T10:47:49.100427,0.9354738497029048,2026-03-19T10:47:49.021000,71,,,
participant_29,4,day,Town10HD_Opt,2026-03-19 10:47:50.085182,43.87882232666016,-67.85535430908203,0.0021085357293486,37.179,-0.139,0.342,0.0,0,0,1,,0.965,2026-03-19T10:47:50.085182,sad,0.377,2026-03-19T10:47:49.100427,0.842442539606914,2026-03-19T10:47:50.011000,69,,,
participant_29,4,day,Town10HD_Opt,2026-03-19 10:47:51.255640,35.48488998413086,-67.93661499023438,0.0021044157911092,34.618,-0.345,0.332,0.0,0,0,1,,0.804,2026-03-19T10:47:51.255640,fear,0.291,2026-03-19T10:47:51.255640,0.9086688326145952,2026-03-19T10:47:51.002000,67,,,
participant_29,4,day,Town10HD_Opt,2026-03-19 10:47:52.132522,29.56247329711914,-67.92338562011719,0.0020965193398296,32.944,-0.197,0.331,0.0,0,0,1,,0.864,2026-03-19T10:47:52.132522,fear,0.291,2026-03-19T10:47:51.255640,0.8216019206005779,2026-03-19T10:47:51.991000,70,,,
participant_29,4,day,Town10HD_Opt,2026-03-19 10:47:53.040082,23.914995193481445,-67.88124084472656,0.0020896529313176,31.493,0.078,0.331,0.0,0,0,1,,0.888,2026-03-19T10:47:53.040082,fear,0.291,2026-03-19T10:47:51.255640,0.984873872735638,2026-03-19T10:47:52.981000,69,,,
participant_29,4,day,Town10HD_Opt,2026-03-19 10:47:54.224442,16.750341415405273,-67.83755493164062,0.0020816803444176,29.851,0.078,0.33,0.0,0,0,1,,0.858,2026-03-19T10:47:54.224442,neutral,0.303,2026-03-19T10:47:54.224442,0.9226878401603928,2026-03-19T10:47:54.017000,67,,,
participant_29,4,day,Town10HD_Opt,2026-03-19 10:47:55.162295,11.611106872558594,-67.81903839111328,0.0020767210517078,28.806,0.092,0.331,0.0,0,0,1,,1.0,2026-03-19T10:47:55.162295,neutral,0.303,2026-03-19T10:47:54.224442,0.8481974336014756,2026-03-19T10:47:55.007000,66,,,
participant_29,4,day,Town10HD_Opt,2026-03-19 10:47:56.106188,6.64072322845459,-67.81269836425781,0.001970520010218,27.929,0.143,0.33,0.0,0,0,1,,0.887,2026-03-19T10:47:56.106188,neutral,0.303,2026-03-19T10:47:54.224442,0.919679167345716,2026-03-19T10:47:55.996000,61,,,
participant_29,4,day,Town10HD_Opt,2026-03-19 10:47:57.001276,1.8145334720611568,-67.82235717773438,0.0020672606769949,27.137,0.263,0.331,0.0,0,0,1,,0.906,2026-03-19T10:47:57.001276,neutral,0.334,2026-03-19T10:47:57.001276,0.8843337763286538,2026-03-19T10:47:56.987000,64,,,
participant_29,4,day,Town10HD_Opt,2026-03-19 10:47:58.157344,-4.415162563323975,-67.87483978271484,0.0020648192148655,26.226,0.181,0.339,0.0,0,0,1,,0.919,2026-03-19T10:47:58.157344,neutral,0.334,2026-03-19T10:47:57.001276,0.8967799977921946,2026-03-19T10:47:57.977000,65,,,
participant_29,4,day,Town10HD_Opt,2026-03-19 10:47:59.000499,-9.03122329711914,-67.93702697753906,0.0020112609490752,26.86,0.07,0.42,0.0,0,0,1,,1.0,2026-03-19T10:47:59.000499,neutral,0.334,2026-03-19T10:47:57.001276,0.8858301733451995,2026-03-19T10:47:59.011000,62,,,
participant_29,4,day,Town10HD_Opt,2026-03-19 10:48:00.085312,-15.493657112121582,-68.03438568115234,0.0020050047896802,28.544,-0.035,0.419,0.0,0,0,1,,0.806,2026-03-19T10:48:00.085312,sad,0.424,2026-03-19T10:48:00.085312,0.8796999326773086,2026-03-19T10:48:00.001000,60,,,
participant_29,4,day,Town10HD_Opt,2026-03-19 10:48:01.195188,-22.30101776123047,-68.12968444824219,0.0020123289432376,29.808,-0.035,0.417,0.0,0,0,1,,1.0,2026-03-19T10:48:01.195188,sad,0.424,2026-03-19T10:48:00.085312,0.8912562393885992,2026-03-19T10:48:00.991000,60,,,
participant_29,4,day,Town10HD_Opt,2026-03-19 10:48:02.037497,-27.602821350097656,-68.19078063964844,0.0019974135793745,31.174,-0.122,0.471,0.0,0,0,1,,0.826,2026-03-19T10:48:02.037497,sad,0.424,2026-03-19T10:48:00.085312,0.8521425360563508,2026-03-19T10:48:02.026000,60,,,
participant_29,4,day,Town10HD_Opt,2026-03-19 10:48:03.161041,-35.11027145385742,-68.24697875976562,0.0019907378591597,33.419,-0.12,0.46,0.0,0,0,1,,1.0,2026-03-19T10:48:03.161041,sad,0.365,2026-03-19T10:48:03.161041,0.8482379567512639,2026-03-19T10:48:03.018000,59,,,
participant_29,4,day,Town10HD_Opt,2026-03-19 10:48:04.080603,-41.0532455444336,-68.26771545410156,0.0019997023046016,34.678,-0.094,0.46,0.0,0,0,1,,0.82,2026-03-19T10:48:04.080603,sad,0.365,2026-03-19T10:48:03.161041,0.9120360007387146,2026-03-19T10:48:04.007000,60,,,
participant_29,4,day,Town10HD_Opt,2026-03-19 10:48:05.184646,-49.31280517578125,-68.27526092529297,0.0020077896770089,36.175,-0.031,0.458,0.0,0,0,1,,0.98,2026-03-19T10:48:05.184646,sad,0.342,2026-03-19T10:48:05.184646,0.9006451530493469,2026-03-19T10:48:04.997000,62,,,
participant_29,4,day,Town10HD_Opt,2026-03-19 10:48:06.097128,-55.71939849853516,-68.27642059326172,0.0020124434959143,37.112,0.026,0.459,0.0,0,0,1,,0.898,2026-03-19T10:48:06.097128,sad,0.342,2026-03-19T10:48:05.184646,0.932232105967428,2026-03-19T10:48:05.989000,60,,,
participant_29,4,day,Town10HD_Opt,2026-03-19 10:48:07.014158,-62.27984619140625,-68.28229522705078,0.0020164870657026,37.882,0.005,0.459,0.0,0,0,1,,1.0,2026-03-19T10:48:07.014158,sad,0.342,2026-03-19T10:48:05.184646,0.8472674026718637,2026-03-19T10:48:06.976000,60,,,
participant_29,4,day,Town10HD_Opt,2026-03-19 10:48:08.179310,-71.20893859863281,-67.95734405517578,0.0020270920358598,38.694,-2.84,0.453,0.0,0,0,1,,0.874,2026-03-19T10:48:08.179310,sad,0.432,2026-03-19T10:48:08.179310,0.81885862351781,2026-03-19T10:48:08.011000,60,,,
participant_29,4,day,Town10HD_Opt,2026-03-19 10:48:09.009400,-77.93870544433594,-66.95112609863281,0.0020301437471061,39.106,-3.62,0.453,0.0,0,0,1,,1.0,2026-03-19T10:48:09.009400,sad,0.432,2026-03-19T10:48:08.179310,0.8181984280333926,2026-03-19T10:48:09.001000,60,,,
participant_29,4,day,Town10HD_Opt,2026-03-19 10:48:10.119455,-86.68587493896484,-64.24234771728516,0.0020370101556181,39.529,-4.943,0.453,0.0,0,0,1,,1.0,2026-03-19T10:48:10.119455,sad,0.432,2026-03-19T10:48:08.179310,0.7596168565199034,2026-03-19T10:48:09.991000,59,,,
participant_29,4,day,Town10HD_Opt,2026-03-19 10:48:11.027170,-92.78683471679688,-60.95768737792969,0.0020392988808453,39.771,-5.465,0.453,0.0,0,0,1,,0.854,2026-03-19T10:48:11.027170,angry,0.467,2026-03-19T10:48:11.027170,0.7581772468372556,2026-03-19T10:48:10.981000,59,,,
participant_29,4,day,Town10HD_Opt,2026-03-19 10:48:12.127081,-99.86382293701172,-54.94900894165039,0.0020414732862263,40.025,-5.451,0.453,0.0,0,0,1,,1.0,2026-03-19T10:48:12.127081,angry,0.467,2026-03-19T10:48:11.027170,0.8104400814523153,2026-03-19T10:48:12.062000,58,,,
participant_29,4,day,Town10HD_Opt,2026-03-19 10:48:13.259979,-105.32611846923828,-47.36927032470703,0.002041091909632,40.258,-4.919,0.453,0.0,0,0,1,,1.0,2026-03-19T10:48:13.259979,angry,0.42,2026-03-19T10:48:13.259979,0.6971344314692308,2026-03-19T10:48:13.007000,61,,,
participant_29,4,day,Town10HD_Opt,2026-03-19 10:48:14.143738,-108.23453521728516,-40.95006561279297,0.002041587838903,40.404,-4.785,0.453,0.0,0,0,1,,1.0,2026-03-19T10:48:14.143738,angry,0.42,2026-03-19T10:48:13.259979,0.7318349028879019,2026-03-19T10:48:13.997000,57,,,
participant_29,4,day,Town10HD_Opt,2026-03-19 10:48:15.017572,-110.04188537597656,-34.14780807495117,0.002117957919836,39.024,-4.827,0.207,0.0,0,0,1,,1.0,2026-03-19T10:48:15.017572,angry,0.42,2026-03-19T10:48:13.259979,0.7017929621629806,2026-03-19T10:48:14.987000,56,,,
participant_29,4,day,Town10HD_Opt,2026-03-19 10:48:16.235838,-110.7402801513672,-25.79398536682129,0.002195663517341,32.626,-2.734,0.201,0.0,0,0,1,,0.871,2026-03-19T10:48:16.235838,neutral,0.328,2026-03-19T10:48:16.235838,0.6815944228861179,2026-03-19T10:48:15.977000,56,,,
participant_29,4,day,Town10HD_Opt,2026-03-19 10:48:17.130345,-110.59432220458984,-20.478376388549805,0.0022512055002152,26.924,-0.162,0.0,0.017,0,0,1,,1.0,2026-03-19T10:48:17.130345,neutral,0.328,2026-03-19T10:48:16.235838,0.7945612206284988,2026-03-19T10:48:17.102000,57,,,
participant_29,4,day,Town10HD_Opt,2026-03-19 10:48:18.003338,-110.44873046875,-16.41853141784668,0.0023122024722397,18.668,1.49,0.0,0.374,0,0,1,,0.843,2026-03-19T10:48:18.003338,neutral,0.328,2026-03-19T10:48:16.235838,0.730649550392455,2026-03-19T10:48:18.047000,55,,,
participant_29,4,day,Town10HD_Opt,2026-03-19 10:48:19.174040,-110.42841339111328,-13.042012214660645,0.0021057510748505,10.224,1.067,0.0,0.243,0,0,1,,1.0,2026-03-19T10:48:19.174040,fear,0.33,2026-03-19T10:48:19.174040,0.7551684546762881,2026-03-19T10:48:18.991000,56,,,
participant_29,4,day,Town10HD_Opt,2026-03-19 10:48:20.096074,-110.4404754638672,-11.544838905334473,0.0020073316991329,7.231,0.78,0.038,0.0,0,0,1,,0.806,2026-03-19T10:48:20.096074,fear,0.33,2026-03-19T10:48:19.174040,0.7633570908361674,2026-03-19T10:48:19.981000,59,,,
participant_29,4,day,Town10HD_Opt,2026-03-19 10:48:21.224601,-110.4510726928711,-10.082111358642578,0.001967926044017,5.14,-0.226,0.0,0.0,0,0,1,,1.0,2026-03-19T10:48:21.224601,sad,0.301,2026-03-19T10:48:21.224601,0.7304153482901009,2026-03-19T10:48:20.971000,61,,,
participant_29,4,day,Town10HD_Opt,2026-03-19 10:48:22.139931,-110.45404052734376,-9.27015781402588,0.0019573592580854,4.004,-0.209,0.0,0.0,0,0,1,,0.822,2026-03-19T10:48:22.139931,sad,0.301,2026-03-19T10:48:21.224601,0.7894093353299706,2026-03-19T10:48:22.007000,63,,,
participant_29,4,day,Town10HD_Opt,2026-03-19 10:48:23.015564,-110.45589447021484,-8.646888732910156,0.0019484710646793,3.074,-0.195,0.0,0.0,0,0,1,,0.873,2026-03-19T10:48:23.015564,sad,0.301,2026-03-19T10:48:21.224601,0.7571653726031836,2026-03-19T10:48:22.997000,62,,,
participant_29,4,day,Town10HD_Opt,2026-03-19 10:48:24.178119,-110.4572525024414,-8.035131454467773,0.0019397735595703,2.161,-0.186,0.0,0.0,0,0,1,,0.81,2026-03-19T10:48:24.178119,neutral,0.391,2026-03-19T10:48:24.178119,0.8145178125245742,2026-03-19T10:48:23.986000,64,,,
participant_29,4,day,Town10HD_Opt,2026-03-19 10:48:25.066910,-110.45807647705078,-7.698914527893066,0.0019348907517269,1.659,-0.186,0.0,0.0,0,0,1,,1.0,2026-03-19T10:48:25.066910,neutral,0.391,2026-03-19T10:48:24.178119,0.7335235439814682,2026-03-19T10:48:24.977000,61,,,
participant_29,4,day,Town10HD_Opt,2026-03-19 10:48:26.226412,-110.45829010009766,-7.368945121765137,0.0019301986321806,1.166,-0.186,0.0,0.0,0,0,1,,0.826,2026-03-19T10:48:26.226412,neutral,0.441,2026-03-19T10:48:26.226412,0.7457267169757918,2026-03-19T10:48:26.012000,60,,,
participant_29,4,day,Town10HD_Opt,2026-03-19 10:48:27.089452,-110.45835876464844,-7.187620639801025,0.0019275664817541,0.896,-0.186,0.0,0.0,0,0,1,,0.899,2026-03-19T10:48:27.089452,neutral,0.441,2026-03-19T10:48:26.226412,0.7551264084546138,2026-03-19T10:48:27.002000,63,,,
participant_29,4,day,Town10HD_Opt,2026-03-19 10:48:28.273647,-110.45841217041016,-7.0095696449279785,0.0019249725155532,0.632,-0.186,0.0,0.0,0,0,1,,1.0,2026-03-19T10:48:28.273647,neutral,0.735,2026-03-19T10:48:28.273647,0.7251150408961138,2026-03-19T10:48:27.991000,59,,,
participant_29,4,day,Town10HD_Opt,2026-03-19 10:48:29.142922,-110.45845794677734,-6.9116387367248535,0.0019236755324527,0.486,-0.186,0.0,0.0,0,0,1,,0.89,2026-03-19T10:48:29.142922,neutral,0.735,2026-03-19T10:48:28.273647,0.7741795233787409,2026-03-19T10:48:28.980000,57,,,
participant_29,4,day,Town10HD_Opt,2026-03-19 10:48:30.032324,-110.45848083496094,-6.836430549621582,0.0019225692376494,0.374,-0.186,0.0,0.0,0,0,1,,1.0,2026-03-19T10:48:30.032324,neutral,0.735,2026-03-19T10:48:28.273647,0.7010301475934361,2026-03-19T10:48:30.016000,58,,,
participant_29,4,day,Town10HD_Opt,2026-03-19 10:48:31.179043,-110.45850372314452,-6.762569427490234,0.0019215011270716,0.264,-0.186,0.0,0.0,0,0,1,,0.849,2026-03-19T10:48:31.179043,sad,0.339,2026-03-19T10:48:31.179043,0.7380398101648852,2026-03-19T10:48:31.006000,60,,,
participant_29,4,day,Town10HD_Opt,2026-03-19 10:48:32.081997,-110.45852661132812,-6.721949100494385,0.0019208525773137,0.204,-0.186,0.0,0.0,0,0,1,,0.816,2026-03-19T10:48:32.081997,sad,0.339,2026-03-19T10:48:31.179043,0.6821636315027523,2026-03-19T10:48:31.996000,59,,,
participant_29,4,day,Town10HD_Opt,2026-03-19 10:48:33.025151,-110.45853424072266,-6.690756797790527,0.0019204712007194,0.157,-0.186,0.0,0.0,0,0,1,,0.839,2026-03-19T10:48:33.025151,sad,0.339,2026-03-19T10:48:31.179043,0.7167885218283341,2026-03-19T10:48:32.986000,61,,,
participant_29,4,day,Town10HD_Opt,2026-03-19 10:48:34.030119,-110.4585418701172,-6.666802406311035,0.0019200897077098,0.12,-0.186,0.0,0.0,0,0,1,,0.861,2026-03-19T10:48:34.030119,neutral,0.53,2026-03-19T10:48:34.030119,0.6453035182432527,2026-03-19T10:48:33.976000,61,,,
participant_29,4,day,Town10HD_Opt,2026-03-19 10:48:35.215005,-110.45854949951172,-6.643274784088135,0.0019197463989257,0.086,-0.186,0.0,0.0,0,0,1,,0.916,2026-03-19T10:48:35.215005,neutral,0.53,2026-03-19T10:48:34.030119,0.6472043113305282,2026-03-19T10:48:35.011000,58,,,
participant_29,4,day,Town10HD_Opt,2026-03-19 10:48:36.084018,-110.45854949951172,-6.631314754486084,0.0019188307924196,0.223,-0.157,0.942,0.0,0,0,1,,0.844,2026-03-19T10:48:36.084018,sad,0.42,2026-03-19T10:48:36.084018,0.7225228396684289,2026-03-19T10:48:36.002000,60,,,
participant_29,4,day,Town10HD_Opt,2026-03-19 10:48:37.280702,-110.45880889892578,-4.623069286346436,0.0014752197312191,18.425,-0.157,0.808,0.0,0,0,1,,0.905,2026-03-19T10:48:37.280702,sad,0.42,2026-03-19T10:48:36.084018,0.6597573186549476,2026-03-19T10:48:36.992000,62,,,
participant_29,4,day,Town10HD_Opt,2026-03-19 10:48:38.153968,-110.45148468017578,-0.8054273724555969,0.0017889022128656,25.995,-0.322,0.591,0.0,0,0,1,,1.0,2026-03-19T10:48:38.153968,neutral,0.446,2026-03-19T10:48:38.153968,0.6219205188762073,2026-03-19T10:48:37.982000,61,,,
participant_29,4,day,Town10HD_Opt,2026-03-19 10:48:39.066673,-110.2597427368164,4.131572723388672,0.0019093704177066,30.478,-5.271,0.518,0.0,0,0,1,,0.856,2026-03-19T10:48:39.066673,neutral,0.446,2026-03-19T10:48:38.153968,0.6098724943624858,2026-03-19T10:48:38.972000,59,,,
participant_29,4,day,Town10HD_Opt,2026-03-19 10:48:40.212241,-108.811279296875,11.484952926635742,0.001940498361364,33.938,-5.791,0.489,0.0,0,0,1,,0.806,2026-03-19T10:48:40.212241,neutral,0.409,2026-03-19T10:48:40.212241,0.5948561351579271,2026-03-19T10:48:40.007000,62,,,
participant_29,4,day,Town10HD_Opt,2026-03-19 10:48:41.125555,-106.4619598388672,17.05898666381836,0.0020177077967673,35.199,-9.487,0.438,0.0,0,0,1,,1.0,2026-03-19T10:48:41.125555,neutral,0.409,2026-03-19T10:48:40.212241,0.5729105524269252,2026-03-19T10:48:40.996000,59,,,
participant_29,4,day,Town10HD_Opt,2026-03-19 10:48:42.099748,-102.63436889648438,21.835596084594727,0.0021011352073401,34.947,-12.92,0.404,0.0,0,0,1,,1.0,2026-03-19T10:48:42.099748,neutral,0.409,2026-03-19T10:48:40.212241,0.5738645159040665,2026-03-19T10:48:41.987000,58,,,
participant_29,4,day,Town10HD_Opt,2026-03-19 10:48:43.022430,-97.45309448242188,24.86319923400879,0.002126274164766,33.49,-12.716,0.21,0.0,0,0,1,,0.807,2026-03-19T10:48:43.022430,neutral,0.333,2026-03-19T10:48:43.022430,0.6224809288762219,2026-03-19T10:48:42.977000,60,,,
participant_29,4,day,Town10HD_Opt,2026-03-19 10:48:44.301689,-90.70352935791016,25.996097564697266,0.002276801969856,24.422,1.431,0.0,0.0,0,0,1,,1.0,2026-03-19T10:48:44.301689,neutral,0.333,2026-03-19T10:48:43.022430,0.660395517122561,2026-03-19T10:48:44.056000,64,,,
participant_29,4,day,Town10HD_Opt,2026-03-19 10:48:45.264659,-86.96878051757812,26.43813705444336,0.0022358703427016,18.38,0.846,0.248,0.0,0,0,1,,1.0,2026-03-19T10:48:45.264659,neutral,0.672,2026-03-19T10:48:45.264659,0.6288165952404103,2026-03-19T10:48:45.001000,64,,,
participant_29,4,day,Town10HD_Opt,2026-03-19 10:48:46.215521,-83.8263931274414,26.84475326538086,0.0020080946851521,18.597,-0.825,0.952,0.0,0,0,1,,0.855,2026-03-19T10:48:46.215521,neutral,0.672,2026-03-19T10:48:45.264659,0.5518853868315563,2026-03-19T10:48:45.992000,62,,,
participant_29,4,day,Town10HD_Opt,2026-03-19 10:48:47.132647,-79.71675109863281,27.28092193603516,0.0015986632788553,31.252,-1.081,0.89,0.0,0,0,1,,0.88,2026-03-19T10:48:47.132647,neutral,0.672,2026-03-19T10:48:45.264659,0.5886146469537757,2026-03-19T10:48:46.981000,65,,,
participant_29,4,day,Town10HD_Opt,2026-03-19 10:48:48.046423,-73.24005889892578,27.78533935546875,0.0016613387269899,43.413,-1.514,0.816,0.0,0,0,1,,0.867,2026-03-19T10:48:48.046423,neutral,0.808,2026-03-19T10:48:48.046423,0.5800121662285068,2026-03-19T10:48:48.016000,62,,,
participant_29,4,day,Town10HD_Opt,2026-03-19 10:48:49.022404,-64.91938018798828,28.05478858947754,0.0017754745204001,51.471,-1.022,0.0,0.149,0,0,1,,1.0,2026-03-19T10:48:49.022404,neutral,0.808,2026-03-19T10:48:48.046423,0.6216314251789651,2026-03-19T10:48:49.006000,62,,,
participant_29,4,day,Town10HD_Opt,2026-03-19 10:48:50.295275,-53.22900390625,27.94638633728028,0.0020892333704978,49.295,-0.078,0.735,0.0,0,0,1,,0.869,2026-03-19T10:48:50.295275,neutral,0.568,2026-03-19T10:48:50.295275,0.6112094256799865,2026-03-19T10:48:49.996000,63,,,
participant_29,4,day,Town10HD_Opt,2026-03-19 10:48:51.217908,-44.50088882446289,27.788951873779297,0.0021259307395666,48.94,0.136,0.726,0.0,0,0,1,,0.862,2026-03-19T10:48:51.217908,neutral,0.568,2026-03-19T10:48:50.295275,0.6596977449112694,2026-03-19T10:48:50.987000,62,,,
participant_29,4,day,Town10HD_Opt,2026-03-19 10:48:52.145664,-35.77260971069336,27.68763542175293,0.0021248245611786,48.983,0.181,0.72,0.0,0,0,1,,0.845,2026-03-19T10:48:52.145664,neutral,0.568,2026-03-19T10:48:50.295275,0.5594446086385492,2026-03-19T10:48:52.023000,63,,,
participant_29,4,day,Town10HD_Opt,2026-03-19 10:48:53.089338,-27.043663024902344,27.651655197143555,0.0021266173571348,48.871,0.197,0.382,0.0,0,0,1,,0.889,2026-03-19T10:48:53.089338,sad,0.378,2026-03-19T10:48:53.089338,0.5131547701942104,2026-03-19T10:48:53.012000,66,,,
participant_29,4,day,Town10HD_Opt,2026-03-19 10:48:54.112301,-19.185800552368164,27.6820068359375,0.0023712920956313,39.268,0.223,0.0,0.0,0,0,1,,0.805,2026-03-19T10:48:54.112301,sad,0.378,2026-03-19T10:48:53.089338,0.6260219256896571,2026-03-19T10:48:54.002000,68,,,
participant_29,4,day,Town10HD_Opt,2026-03-19 10:48:55.017341,-12.968572616577148,27.75638771057129,0.0022209929302334,32.606,0.157,0.364,0.0,0,0,1,,0.903,2026-03-19T10:48:55.017341,sad,0.378,2026-03-19T10:48:53.089338,0.5553638369768513,2026-03-19T10:48:54.994000,64,,,
participant_29,4,day,Town10HD_Opt,2026-03-19 10:48:56.188886,-5.204359531402588,27.843135833740234,0.0018978881416842,36.065,-0.134,0.581,0.0,0,0,1,,0.889,2026-03-19T10:48:56.188886,neutral,0.485,2026-03-19T10:48:56.188886,0.5612308260341068,2026-03-19T10:48:55.982000,65,,,
participant_29,4,day,Town10HD_Opt,2026-03-19 10:48:57.110141,1.3856618404388428,27.893537521362305,0.0019721984863281,38.738,0.026,0.316,0.0,0,0,1,,0.923,2026-03-19T10:48:57.110141,neutral,0.485,2026-03-19T10:48:56.188886,0.5745800014647825,2026-03-19T10:48:57.017000,66,,,
participant_29,4,day,Town10HD_Opt,2026-03-19 10:48:58.039710,7.992532253265381,27.947696685791016,0.0021270369179546,36.268,-0.035,0.299,0.0,0,0,1,,0.886,2026-03-19T10:48:58.039710,neutral,0.485,2026-03-19T10:48:56.188886,0.554627273874306,2026-03-19T10:48:58.007000,67,,,
participant_29,4,day,Town10HD_Opt,2026-03-19 10:48:59.218035,16.07713508605957,28.004350662231445,0.0021218108013272,32.891,0.007,0.287,0.0,0,0,1,,0.819,2026-03-19T10:48:59.218035,neutral,0.339,2026-03-19T10:48:59.218035,0.5604833362961702,2026-03-19T10:48:58.997000,64,,,
participant_29,4,day,Town10HD_Opt,2026-03-19 10:49:00.084823,21.634456634521484,28.082408905029297,0.0021292876917868,30.321,2.45,0.261,0.0,0,0,1,,0.836,2026-03-19T10:49:00.084823,neutral,0.339,2026-03-19T10:48:59.218035,0.4780510966437314,2026-03-19T10:48:59.987000,67,,,
participant_29,4,day,Town10HD_Opt,2026-03-19 10:49:01.256545,28.30574417114257,28.70128631591797,0.002124710008502,27.008,5.787,0.261,0.0,0,0,1,,1.0,2026-03-19T10:49:01.256545,neutral,0.353,2026-03-19T10:49:01.256545,0.5420583236743195,2026-03-19T10:49:01.021000,66,,,
participant_29,4,day,Town10HD_Opt,2026-03-19 10:49:02.138215,32.69352340698242,29.87556838989257,0.0021169662941247,24.91,9.447,0.28,0.0,0,0,1,,1.0,2026-03-19T10:49:02.138215,neutral,0.353,2026-03-19T10:49:01.256545,0.4464004328034987,2026-03-19T10:49:02.011000,67,,,
participant_29,4,day,Town10HD_Opt,2026-03-19 10:49:03.041682,36.33297729492188,31.93704032897949,0.0021237945184111,23.159,18.319,0.291,0.0,0,0,1,,0.935,2026-03-19T10:49:03.041682,neutral,0.353,2026-03-19T10:49:01.256545,0.5592472088909334,2026-03-19T10:49:03.003000,66,,,
participant_29,4,day,Town10HD_Opt,2026-03-19 10:49:04.187354,39.38216400146485,36.09109115600586,0.0021098707802593,21.552,18.254,0.291,0.0,0,0,1,,0.896,2026-03-19T10:49:04.187354,neutral,0.539,2026-03-19T10:49:04.187354,0.5465705225826022,2026-03-19T10:49:03.992000,60,,,
participant_29,4,day,Town10HD_Opt,2026-03-19 10:49:05.042400,40.20774459838867,39.65742492675781,0.00209945673123,20.577,16.213,0.287,0.0,0,0,1,,1.0,2026-03-19T10:49:05.042400,neutral,0.539,2026-03-19T10:49:04.187354,0.4683711243467864,2026-03-19T10:49:04.982000,62,,,
participant_29,4,day,Town10HD_Opt,2026-03-19 10:49:06.180211,40.357540130615234,44.33731842041016,0.0020787811372429,19.305,-1.391,0.099,0.0,0,0,1,,1.0,2026-03-19T10:49:06.180211,neutral,0.539,2026-03-19T10:49:04.187354,0.544441632431556,2026-03-19T10:49:06.016000,63,,,
participant_29,4,day,Town10HD_Opt,2026-03-19 10:49:07.029263,40.47538375854492,47.44753646850586,0.001997947692871,15.702,0.837,0.0,0.079,0,0,1,,1.0,2026-03-19T10:49:07.029263,sad,0.384,2026-03-19T10:49:07.029263,0.5106602404670434,2026-03-19T10:49:07.097000,60,,,
participant_29,4,day,Town10HD_Opt,2026-03-19 10:49:08.143763,40.540184020996094,50.31686019897461,0.0020817182958126,8.664,0.757,0.0,0.27,0,0,1,,0.801,2026-03-19T10:49:08.143763,sad,0.384,2026-03-19T10:49:07.029263,0.5439819886396926,2026-03-19T10:49:08.087000,62,,,
participant_29,4,day,Town10HD_Opt,2026-03-19 10:49:09.006669,40.55631637573242,51.41119003295898,0.0023762511555105,0.0,0.757,0.0,0.264,0,0,1,,0.867,2026-03-19T10:49:09.006669,sad,0.384,2026-03-19T10:49:07.029263,0.5214618369142047,2026-03-19T10:49:08.987000,60,,,
participant_29,4,day,Town10HD_Opt,2026-03-19 10:49:10.065601,40.55632019042969,51.41182327270508,0.0019266509916633,0.003,0.71,0.035,0.0,0,0,1,,0.815,2026-03-19T10:49:10.065601,neutral,0.887,2026-03-19T10:49:10.065601,0.4934998064801696,2026-03-19T10:49:10.022000,62,,,
participant_29,4,day,Town10HD_Opt,2026-03-19 10:49:11.152123,40.5576171875,51.501712799072266,0.0018956374842673,0.929,0.672,0.0,0.0,0,0,1,,1.0,2026-03-19T10:49:11.152123,neutral,0.887,2026-03-19T10:49:10.065601,0.4436808315652389,2026-03-19T10:49:11.012000,61,,,
participant_29,4,day,Town10HD_Opt,2026-03-19 10:49:12.207626,40.56021881103516,51.687347412109375,0.0019250105833634,0.66,0.672,0.0,0.0,0,0,1,,1.0,2026-03-19T10:49:12.207626,neutral,0.44,2026-03-19T10:49:12.207626,0.5386666290595851,2026-03-19T10:49:12.001000,60,,,
participant_29,4,day,Town10HD_Opt,2026-03-19 10:49:13.030811,40.56159210205078,51.78960418701172,0.0019237136002629,0.515,0.656,0.0,0.0,0,0,1,,0.816,2026-03-19T10:49:13.030811,neutral,0.44,2026-03-19T10:49:12.207626,0.4627828314450006,2026-03-19T10:49:12.992000,62,,,
participant_29,4,day,Town10HD_Opt,2026-03-19 10:49:14.134261,40.56293869018555,51.89002227783203,0.0019223403651267,0.358,0.618,0.0,0.0,0,0,1,,1.0,2026-03-19T10:49:14.134261,neutral,0.44,2026-03-19T10:49:12.207626,0.4578814681621838,2026-03-19T10:49:13.982000,62,,,
participant_29,4,day,Town10HD_Opt,2026-03-19 10:49:15.000886,40.56367111206055,51.94523239135742,0.0019215393112972,0.276,0.616,0.0,0.0,0,0,1,,1.0,2026-03-19T10:49:15.000886,sad,0.355,2026-03-19T10:49:15.000886,0.5406473342981276,2026-03-19T10:49:15.017000,60,,,
participant_29,4,day,Town10HD_Opt,2026-03-19 10:49:16.115088,40.56567001342773,52.10756301879883,0.0017023849068209,4.416,0.59,0.889,0.0,0,0,1,,0.815,2026-03-19T10:49:16.115088,sad,0.355,2026-03-19T10:49:15.000886,0.4874573193363767,2026-03-19T10:49:16.007000,59,,,
participant_29,4,day,Town10HD_Opt,2026-03-19 10:49:17.258047,40.60926818847656,55.17617416381836,0.0018120956374332,21.184,-2.527,0.819,0.0,0,0,1,,1.0,2026-03-19T10:49:17.258047,neutral,0.413,2026-03-19T10:49:17.258047,0.5335956600741918,2026-03-19T10:49:16.997000,67,,,errors=Stop sign violation
participant_29,4,day,Town10HD_Opt,2026-03-19 10:49:18.187316,41.14634323120117,59.6484489440918,0.001750640803948,30.809,-9.669,0.682,0.0,0,0,1,,0.874,2026-03-19T10:49:18.187316,neutral,0.413,2026-03-19T10:49:17.258047,0.450546214687768,2026-03-19T10:49:17.986000,64,,,
participant_29,4,day,Town10HD_Opt,2026-03-19 10:49:19.171443,43.34169387817383,65.1100082397461,0.0018822478596121,36.71,-15.021,0.497,0.0,0,0,1,,1.0,2026-03-19T10:49:19.171443,neutral,0.413,2026-03-19T10:49:17.258047,0.4197588399539668,2026-03-19T10:49:19.022000,62,,,
participant_29,4,day,Town10HD_Opt,2026-03-19 10:49:20.001698,47.80244064331055,69.48783111572266,0.002253150800243,33.075,-16.193,0.0,0.0,0,0,1,,1.0,2026-03-19T10:49:20.001698,neutral,0.393,2026-03-19T10:49:20.001698,0.4524360103160633,2026-03-19T10:49:20.012000,64,,,
participant_29,4,day,Town10HD_Opt,2026-03-19 10:49:21.143050,54.07823181152344,71.2000732421875,0.0022700501140207,23.676,-15.071,0.134,0.0,0,0,1,,0.832,2026-03-19T10:49:21.143050,neutral,0.393,2026-03-19T10:49:20.001698,0.4855448707665018,2026-03-19T10:49:21.002000,62,,,
participant_29,4,day,Town10HD_Opt,2026-03-19 10:49:22.034553,58.02825164794922,70.77786254882812,0.0019875715952366,23.87,-3.792,0.648,0.0,0,0,1,,0.852,2026-03-19T10:49:22.034553,neutral,0.526,2026-03-19T10:49:22.034553,0.4291742399200797,2026-03-19T10:49:21.992000,62,,,
participant_29,4,day,Town10HD_Opt,2026-03-19 10:49:23.197103,64.25530242919922,69.98303985595703,0.0020246123895049,27.941,2.678,0.32,0.0,0,0,1,,0.922,2026-03-19T10:49:23.197103,neutral,0.526,2026-03-19T10:49:22.034553,0.4291652184305194,2026-03-19T10:49:22.983000,63,Red light violation,Red light violation,
participant_29,4,day,Town10HD_Opt,2026-03-19 10:49:24.248753,68.99275970458984,69.76792907714844,0.0021877288818359,24.664,1.862,0.0,0.0,0,0,1,,0.842,2026-03-19T10:49:24.248753,sad,0.333,2026-03-19T10:49:24.248753,0.4403713520328907,2026-03-19T10:49:24.020000,66,,,
participant_29,4,day,Town10HD_Opt,2026-03-19 10:49:25.084587,72.81292724609375,69.77220916748047,0.0022412489634007,18.459,2.398,0.0,0.0,0,0,1,,1.0,2026-03-19T10:49:25.084587,sad,0.333,2026-03-19T10:49:24.248753,0.373448388318399,2026-03-19T10:49:25.016000,69,,,
participant_29,4,day,Town10HD_Opt,2026-03-19 10:49:26.257188,76.535888671875,69.95132446289062,0.0020405577961355,13.285,0.385,0.115,0.0,0,0,1,,0.896,2026-03-19T10:49:26.257188,neutral,0.467,2026-03-19T10:49:26.257188,0.3703437447930512,2026-03-19T10:49:25.997000,68,,,
participant_29,4,day,Town10HD_Opt,2026-03-19 10:49:27.107940,78.96827697753906,70.06875610351562,0.0016927337273955,17.88,-0.86,0.967,0.0,0,0,1,,0.92,2026-03-19T10:49:27.107940,neutral,0.467,2026-03-19T10:49:26.257188,0.3860300450582634,2026-03-19T10:49:26.991000,70,,,
participant_29,4,day,Town10HD_Opt,2026-03-19 10:49:28.232230,85.04759216308594,70.24722290039062,0.00155723572243,35.809,-0.717,0.597,0.0,0,0,1,,0.947,2026-03-19T10:49:28.232230,neutral,0.467,2026-03-19T10:49:26.257188,0.3640630423878495,2026-03-19T10:49:28.022000,69,,,
participant_29,4,day,Town10HD_Opt,2026-03-19 10:49:29.090079,91.2314453125,70.427490234375,0.0022616195492446,31.419,9.562,0.0,0.0,0,0,1,,0.874,2026-03-19T10:49:29.090079,sad,0.339,2026-03-19T10:49:29.090079,0.3697673728641589,2026-03-19T10:49:29.011000,71,,,
participant_29,4,day,Town10HD_Opt,2026-03-19 10:49:30.276755,97.15750122070312,72.630126953125,0.0020698928274214,27.351,24.824,0.767,0.0,0,0,1,,1.0,2026-03-19T10:49:30.276755,sad,0.339,2026-03-19T10:49:29.090079,0.3462871774243304,2026-03-19T10:49:30.001000,65,,,
participant_29,4,day,Town10HD_Opt,2026-03-19 10:49:31.079286,100.02491760253906,77.13182067871094,0.0018870925996452,34.691,24.378,0.508,0.0,0,0,1,,0.804,2026-03-19T10:49:31.079286,sad,0.339,2026-03-19T10:49:29.090079,0.3069502526857174,2026-03-19T10:49:30.993000,66,,,
participant_29,4,day,Town10HD_Opt,2026-03-19 10:49:32.215474,99.78199768066406,85.08818817138672,0.0021264266688376,32.964,-0.515,0.285,0.0,0,0,1,,0.898,2026-03-19T10:49:32.215474,happy,0.781,2026-03-19T10:49:32.215474,0.3902709835911542,2026-03-19T10:49:31.982000,63,,,
participant_29,4,day,Town10HD_Opt,2026-03-19 10:49:33.090014,99.04279327392578,90.61158752441406,0.0021199798211455,30.557,-0.552,0.285,0.0,0,0,1,,0.91,2026-03-19T10:49:33.090014,happy,0.781,2026-03-19T10:49:32.215474,0.3741042009540579,2026-03-19T10:49:33.017000,60,,,
participant_29,4,day,Town10HD_Opt,2026-03-19 10:49:34.191582,98.12542724609376,97.375732421875,0.0021070861257612,27.85,2.073,0.285,0.0,0,0,1,,1.0,2026-03-19T10:49:34.191582,happy,0.781,2026-03-19T10:49:32.215474,0.3922608451755115,2026-03-19T10:49:34.007000,62,,,
participant_29,4,day,Town10HD_Opt,2026-03-19 10:49:35.061307,97.18779754638672,102.01354217529295,0.002100562909618,26.028,3.95,0.285,0.0,0,0,1,,1.0,2026-03-19T10:49:35.061307,sad,0.332,2026-03-19T10:49:35.061307,0.4199467099156964,2026-03-19T10:49:34.997000,64,,,
participant_29,4,day,Town10HD_Opt,2026-03-19 10:49:36.164959,95.42668914794922,107.61209869384766,0.0020903777331113,24.244,4.367,0.361,0.0,0,0,1,,1.0,2026-03-19T10:49:36.164959,sad,0.332,2026-03-19T10:49:35.061307,0.4187304392230302,2026-03-19T10:49:35.987000,66,,,
participant_29,4,day,Town10HD_Opt,2026-03-19 10:49:36.999193,93.67918395996094,111.53043365478516,0.0020029449369758,25.292,4.978,0.418,0.0,0,0,1,,1.0,2026-03-19T10:49:36.999193,sad,0.332,2026-03-19T10:49:35.061307,0.3999827544195759,2026-03-19T10:49:37.022000,64,,,
participant_29,4,day,Town10HD_Opt,2026-03-19 10:49:38.104657,90.50357818603516,116.72663116455078,0.0020056532230228,27.096,4.839,0.415,0.0,0,0,1,,1.0,2026-03-19T10:49:38.104657,neutral,0.355,2026-03-19T10:49:38.104657,0.3604666156768991,2026-03-19T10:49:38.013000,66,,,
participant_29,4,day,Town10HD_Opt,2026-03-19 10:49:39.075437,87.4533462524414,120.44813537597656,0.0020125959999859,28.044,5.919,0.415,0.0,0,0,1,,1.0,2026-03-19T10:49:39.075437,neutral,0.355,2026-03-19T10:49:38.104657,0.3715152113217101,2026-03-19T10:49:39.003000,63,,,
participant_29,4,day,Town10HD_Opt,2026-03-19 10:49:39.995492,83.73888397216797,123.83859252929688,0.0019786071497946,29.936,5.78,0.487,0.0,0,0,1,,1.0,2026-03-19T10:49:39.995492,neutral,0.355,2026-03-19T10:49:38.104657,0.3711248048574431,2026-03-19T10:49:39.992000,61,,,
participant_29,4,day,Town10HD_Opt,2026-03-19 10:49:41.142205,77.54771423339844,127.69696044921876,0.0019828795921057,32.828,6.701,0.477,0.0,0,0,1,,1.0,2026-03-19T10:49:41.142205,fear,0.459,2026-03-19T10:49:41.142205,0.3590081237974591,2026-03-19T10:49:41.072000,61,,,
participant_29,4,day,Town10HD_Opt,2026-03-19 10:49:42.007110,72.02699279785156,129.68679809570312,0.0019972228910773,34.387,6.464,0.47,0.0,0,0,1,,0.863,2026-03-19T10:49:42.007110,fear,0.459,2026-03-19T10:49:41.142205,0.4210454640483353,2026-03-19T10:49:42.017000,66,,,
participant_29,4,day,Town10HD_Opt,2026-03-19 10:49:43.258087,63.88567352294922,130.84286499023438,0.0020035170018672,36.238,1.643,0.466,0.0,0,0,1,,1.0,2026-03-19T10:49:43.258087,neutral,0.578,2026-03-19T10:49:43.258087,0.3588909875789209,2026-03-19T10:49:43.007000,60,,,
participant_29,4,day,Town10HD_Opt,2026-03-19 10:49:44.176398,57.46359252929688,131.1447296142578,0.0020087051670998,37.31,1.196,0.464,0.0,0,0,1,,0.81,2026-03-19T10:49:44.176398,neutral,0.578,2026-03-19T10:49:43.258087,0.3898712349869828,2026-03-19T10:49:43.997000,62,Solid line crossing,Solid line crossing,
participant_29,4,day,Town10HD_Opt,2026-03-19 10:49:45.071049,50.86189270019531,131.2379913330078,0.0020134735386818,38.22,0.775,0.464,0.0,0,0,1,,1.0,2026-03-19T10:49:45.071049,neutral,0.578,2026-03-19T10:49:43.258087,0.4315650684724962,2026-03-19T10:49:44.987000,61,,,
participant_29,4,day,Town10HD_Opt,2026-03-19 10:49:46.242139,41.83033752441406,131.09349060058594,0.0020183944143354,39.248,0.176,0.464,0.0,0,0,1,,0.899,2026-03-19T10:49:46.242139,neutral,0.698,2026-03-19T10:49:46.242139,0.3686509904752468,2026-03-19T10:49:46.022000,61,,,
participant_29,4,day,Town10HD_Opt,2026-03-19 10:49:47.133577,34.91176223754883,130.90286254882812,0.0020215606782585,39.898,-0.139,0.464,0.0,0,0,1,,0.844,2026-03-19T10:49:47.133577,neutral,0.698,2026-03-19T10:49:46.242139,0.4260083256520525,2026-03-19T10:49:47.012000,59,,,
participant_29,4,day,Town10HD_Opt,2026-03-19 10:49:47.996941,27.88624382019043,130.72952270507812,0.002024307148531,40.459,-0.164,0.464,0.0,0,0,1,,0.915,2026-03-19T10:49:47.996941,neutral,0.698,2026-03-19T10:49:46.242139,0.3770807003857914,2026-03-19T10:49:48.002000,62,,,
participant_29,4,day,Town10HD_Opt,2026-03-19 10:49:49.161801,18.377046585083008,130.55633544921875,0.0020276641007512,41.087,-0.143,0.464,0.0,0,0,1,,0.944,2026-03-19T10:49:49.161801,neutral,0.876,2026-03-19T10:49:49.161801,0.3511829946597168,2026-03-19T10:49:48.993000,61,,,
participant_29,4,day,Town10HD_Opt,2026-03-19 10:49:50.054367,11.155232429504396,130.46360778808594,0.0020297621376812,41.483,-0.028,0.464,0.0,0,0,1,,0.808,2026-03-19T10:49:50.054367,neutral,0.876,2026-03-19T10:49:49.161801,0.3949905899566614,2026-03-19T10:49:49.982000,60,,,
participant_29,4,day,Town10HD_Opt,2026-03-19 10:49:51.165560,1.4267611503601074,130.35450744628906,0.0020318604074418,41.927,-0.028,0.464,0.0,0,0,1,,0.839,2026-03-19T10:49:51.165560,neutral,0.646,2026-03-19T10:49:51.165560,0.4436507762893031,2026-03-19T10:49:51.017000,60,,,
participant_29,4,day,Town10HD_Opt,2026-03-19 10:49:52.062598,-5.843771934509277,130.2804718017578,0.0022390745580196,38.188,0.068,0.0,0.565,0,0,1,,0.903,2026-03-19T10:49:52.062598,neutral,0.646,2026-03-19T10:49:51.165560,0.3750839095978365,2026-03-19T10:49:52.007000,59,,,
participant_29,4,day,Town10HD_Opt,2026-03-19 10:49:53.233630,-12.98870849609375,130.1972198486328,0.0024017714895308,22.555,0.068,0.0,0.6,0,0,1,,0.853,2026-03-19T10:49:53.233630,neutral,0.667,2026-03-19T10:49:53.233630,0.3838166964680157,2026-03-19T10:49:52.997000,61,,,
participant_29,4,day,Town10HD_Opt,2026-03-19 10:49:54.093449,-16.22048568725586,130.1530303955078,0.0020661163143813,14.87,0.068,0.0,0.033,0,0,1,,1.0,2026-03-19T10:49:54.093449,neutral,0.667,2026-03-19T10:49:53.233630,0.3858290268059752,2026-03-19T10:49:53.991000,64,,,
participant_29,4,day,Town10HD_Opt,2026-03-19 10:49:55.213364,-18.99644660949707,130.11114501953125,0.0020754241850227,8.479,0.068,0.0,0.122,0,0,1,,0.824,2026-03-19T10:49:55.213364,neutral,0.667,2026-03-19T10:49:53.233630,0.4549135756449335,2026-03-19T10:49:55.022000,64,,,
participant_29,4,day,Town10HD_Opt,2026-03-19 10:49:56.058930,-20.32481002807617,130.0900421142578,0.001983146648854,6.571,0.068,0.0,0.0,0,0,1,,1.0,2026-03-19T10:49:56.058930,neutral,0.549,2026-03-19T10:49:56.058930,0.3924396051732158,2026-03-19T10:49:56.012000,65,,,
participant_29,4,day,Town10HD_Opt,2026-03-19 10:49:57.191761,-21.26764678955078,130.0746612548828,0.0021142959594726,0.0,0.059,0.0,0.044,0,0,1,,0.813,2026-03-19T10:49:57.191761,neutral,0.549,2026-03-19T10:49:56.058930,0.3802617920291106,2026-03-19T10:49:57.139000,64,,,
participant_29,4,day,Town10HD_Opt,2026-03-19 10:49:58.046856,-21.26900863647461,130.07461547851562,0.0019145583501085,0.339,0.059,0.276,0.0,0,0,1,,0.83,2026-03-19T10:49:58.046856,neutral,0.549,2026-03-19T10:49:56.058930,0.3834911777968197,2026-03-19T10:49:58.082000,62,,,
participant_30,1,day,Town10HD_Opt,2026-03-19 12:00:00.000000,-41.66859436035156,89.7454833984375,0.5804919004440308,16.191,-0.052,0.506,0.0,0,0,1,,1.0,2026-03-19T12:00:00,,,2026-03-19T12:00:00,0.3022041692616349,2026-03-19T12:00:00,88,,,
participant_30,1,day,Town10HD_Opt,2026-03-19 12:00:04.624313,-41.67965698242188,86.85845184326172,0.0017054748022928,16.782,-0.052,0.482,0.0,0,0,1,,0.964,2026-03-19T12:00:04.624313,sad,0.975,2026-03-19T12:00:04.624313,0.4356639158308976,2026-03-19T12:00:05.085000,89,,,
participant_30,1,day,Town10HD_Opt,2026-03-19 12:00:05.280619,-41.6889533996582,84.78829956054688,0.002064743079245,18.102,-0.052,0.334,0.0,0,0,1,,0.962,2026-03-19T12:00:05.280619,sad,0.975,2026-03-19T12:00:04.624313,0.3535151514612215,2026-03-19T12:00:05.986000,88,,,
participant_30,1,day,Town10HD_Opt,2026-03-19 12:00:06.299575,-41.6404914855957,81.61475372314453,0.0020172118674963,18.125,5.524,0.296,0.0,0,0,1,,0.919,2026-03-19T12:00:06.299575,sad,0.975,2026-03-19T12:00:04.624313,0.3709695069350605,2026-03-19T12:00:07.065000,86,,,
participant_30,1,day,Town10HD_Opt,2026-03-19 12:00:07.230486,-41.22743606567383,78.445068359375,0.0020277022849768,18.788,12.522,0.426,0.0,0,0,1,,0.904,2026-03-19T12:00:07.230486,happy,0.489,2026-03-19T12:00:07.230486,0.436304353010577,2026-03-19T12:00:08.010000,87,,,
participant_30,1,day,Town10HD_Opt,2026-03-19 12:00:08.218512,-40.02458953857422,75.25127410888672,0.0020101547706872,20.584,18.508,0.398,0.0,0,0,1,,0.849,2026-03-19T12:00:08.218512,happy,0.489,2026-03-19T12:00:07.230486,0.3570519529822745,2026-03-19T12:00:09,89,,,
participant_30,1,day,Town10HD_Opt,2026-03-19 12:00:09.253674,-37.7020149230957,72.41002655029297,0.0020323561038821,21.859,19.302,0.398,0.0,0,0,1,,1.0,2026-03-19T12:00:09.253674,happy,0.69,2026-03-19T12:00:09.253674,0.3330901586214963,2026-03-19T12:00:09.990000,89,,,
participant_30,1,day,Town10HD_Opt,2026-03-19 12:00:10.284704,-34.35643005371094,70.45700073242188,0.0020401000510901,22.959,18.77,0.398,0.0,0,0,1,,0.917,2026-03-19T12:00:10.284704,happy,0.69,2026-03-19T12:00:09.253674,0.444115373896059,2026-03-19T12:00:11.070000,92,,,
participant_30,1,day,Town10HD_Opt,2026-03-19 12:00:11.307994,-30.3509464263916,69.73048400878906,0.0020301819313317,24.04,11.318,0.387,0.0,0,0,1,,0.857,2026-03-19T12:00:11.307994,neutral,0.82,2026-03-19T12:00:11.307994,0.4282245547622558,2026-03-19T12:00:12.015000,94,,,
participant_30,1,day,Town10HD_Opt,2026-03-19 12:00:12.332620,-26.07747459411621,69.82613372802734,0.0020168684422969,24.96,0.477,0.387,0.0,0,0,1,,0.922,2026-03-19T12:00:12.332620,neutral,0.82,2026-03-19T12:00:11.307994,0.3374673347420525,2026-03-19T12:00:13.006000,93,,,
participant_30,1,day,Town10HD_Opt,2026-03-19 12:00:13.046565,-23.14510536193848,69.92125701904297,0.0020174025557935,25.436,-2.031,0.392,0.0,0,0,1,,0.837,2026-03-19T12:00:13.046565,neutral,0.82,2026-03-19T12:00:11.307994,0.4431000865728118,2026-03-19T12:00:13.006000,92,,,
participant_30,1,day,Town10HD_Opt,2026-03-19 12:00:14.028207,-18.62445831298828,69.99152374267578,0.0020155333913862,26.319,0.073,0.394,0.0,0,0,1,,1.0,2026-03-19T12:00:14.028207,happy,0.541,2026-03-19T12:00:14.028207,0.309433951992581,2026-03-19T12:00:13.995000,95,,,
participant_30,1,day,Town10HD_Opt,2026-03-19 12:00:14.999694,-13.962383270263672,70.04733276367188,0.0020183562301099,27.077,-0.021,0.394,0.0,0,0,1,,0.86,2026-03-19T12:00:14.999694,happy,0.541,2026-03-19T12:00:14.028207,0.4177209686489673,2026-03-19T12:00:14.991000,99,,,
participant_30,1,day,Town10HD_Opt,2026-03-19 12:00:16.049346,-9.174362182617188,70.08928680419922,0.0020212554372847,27.747,0.082,0.394,0.0,0,0,1,,0.86,2026-03-19T12:00:16.049346,happy,0.738,2026-03-19T12:00:16.049346,0.4377036567641967,2026-03-19T12:00:16.065000,100,,,
participant_30,1,day,Town10HD_Opt,2026-03-19 12:00:17.087661,-4.275789737701416,70.14205932617188,0.00202381121926,28.303,0.021,0.394,0.0,0,0,1,,1.0,2026-03-19T12:00:17.087661,happy,0.738,2026-03-19T12:00:16.049346,0.3894252302942448,2026-03-19T12:00:17.013000,99,,,
participant_30,1,day,Town10HD_Opt,2026-03-19 12:00:18.052676,0.7198202610015869,70.17422485351562,0.002026290865615,28.839,-0.536,0.359,0.0,0,0,1,,0.892,2026-03-19T12:00:18.052676,happy,0.765,2026-03-19T12:00:18.052676,0.3880963507962693,2026-03-19T12:00:18.005000,103,,,
participant_30,1,day,Town10HD_Opt,2026-03-19 12:00:19.078786,5.73664665222168,70.14789581298828,0.0020661163143813,28.23,-0.36,0.221,0.0,0,0,1,,0.931,2026-03-19T12:00:19.078786,happy,0.765,2026-03-19T12:00:18.052676,0.3702059370572793,2026-03-19T12:00:19.981000,102,,,
participant_30,1,day,Town10HD_Opt,2026-03-19 12:00:20.099482,10.40646743774414,70.0863265991211,0.0021874236408621,24.237,-0.219,0.059,0.0,0,0,1,,0.918,2026-03-19T12:00:20.099482,happy,0.608,2026-03-19T12:00:20.099482,0.4145778303255487,2026-03-19T12:00:19.981000,103,,,
participant_30,1,day,Town10HD_Opt,2026-03-19 12:00:21.137014,14.17514705657959,70.03460693359375,0.0022344589233398,18.336,0.251,0.0,0.0,0,0,1,,0.924,2026-03-19T12:00:21.137014,happy,0.608,2026-03-19T12:00:20.099482,0.4109641732077363,2026-03-19T12:00:22.005000,101,,,
participant_30,1,day,Town10HD_Opt,2026-03-19 12:00:22.102634,17.058820724487305,70.01260375976562,0.002041091909632,14.282,0.585,0.013,0.0,0,0,1,,0.913,2026-03-19T12:00:22.102634,neutral,0.657,2026-03-19T12:00:22.102634,0.3546652237438084,2026-03-19T12:00:22.995000,98,,,
participant_30,1,day,Town10HD_Opt,2026-03-19 12:00:23.110292,19.30965232849121,70.0144271850586,0.0020137024112045,11.285,0.524,0.027,0.0,0,0,1,,0.873,2026-03-19T12:00:23.110292,neutral,0.657,2026-03-19T12:00:22.102634,0.3806510681564611,2026-03-19T12:00:23.986000,94,,,
participant_30,1,day,Town10HD_Opt,2026-03-19 12:00:24.047119,21.09157371520996,70.02417755126953,0.0019892882555723,9.115,0.249,0.094,0.0,0,0,1,,0.84,2026-03-19T12:00:24.047119,neutral,0.657,2026-03-19T12:00:22.102634,0.3616600342055096,2026-03-19T12:00:23.986000,94,,,
participant_30,1,day,Town10HD_Opt,2026-03-19 12:00:25.001312,22.587305068969727,70.03441619873047,0.0019539641216397,7.972,0.219,0.086,0.0,0,0,1,,0.926,2026-03-19T12:00:25.001312,happy,0.525,2026-03-19T12:00:25.001312,0.4076403831762674,2026-03-19T12:00:24.975000,90,,,
participant_30,1,day,Town10HD_Opt,2026-03-19 12:00:26.275806,24.307031631469727,70.04886627197266,0.001950797974132,6.666,0.174,0.078,0.0,0,0,1,,0.909,2026-03-19T12:00:26.275806,happy,0.525,2026-03-19T12:00:25.001312,0.4950043711561977,2026-03-19T12:00:27.001000,90,,,
participant_30,1,day,Town10HD_Opt,2026-03-19 12:00:27.275541,25.405237197875977,70.0594711303711,0.0019623565021902,5.569,0.162,0.0,0.0,0,0,1,,0.925,2026-03-19T12:00:27.275541,happy,0.819,2026-03-19T12:00:27.275541,0.4847944808627944,2026-03-19T12:00:27.991000,90,,,
participant_30,1,day,Town10HD_Opt,2026-03-19 12:00:28.235659,25.689483642578125,70.06238555908203,0.002003707922995,0.0,0.155,0.0,0.127,0,0,1,,0.932,2026-03-19T12:00:28.235659,happy,0.819,2026-03-19T12:00:27.275541,0.4347202601237852,2026-03-19T12:00:29.071000,91,,,
participant_30,1,day,Town10HD_Opt,2026-03-19 12:00:29.215293,25.77326393127441,70.06326293945312,0.0017311095725744,3.861,0.129,0.831,0.0,0,0,1,,0.935,2026-03-19T12:00:29.215293,happy,0.819,2026-03-19T12:00:27.275541,0.4170393155249204,2026-03-19T12:00:30.015000,88,,,
participant_30,1,day,Town10HD_Opt,2026-03-19 12:00:30.187509,27.45589065551757,70.0698013305664,0.0014949416508898,16.679,-3.149,0.782,0.0,0,0,1,,0.947,2026-03-19T12:00:30.187509,neutral,0.812,2026-03-19T12:00:30.187509,0.5185423119261788,2026-03-19T12:00:31.005000,88,,,errors=Stop sign violation
participant_30,1,day,Town10HD_Opt,2026-03-19 12:00:31.155660,30.89809226989746,69.77481079101562,0.0018660735804587,22.834,-10.235,0.541,0.0,0,0,1,,0.957,2026-03-19T12:00:31.155660,neutral,0.812,2026-03-19T12:00:30.187509,0.5361222284180537,2026-03-19T12:00:31.005000,88,,,
participant_30,1,day,Town10HD_Opt,2026-03-19 12:00:32.138584,35.06056213378906,68.52494049072266,0.0019184112315997,27.002,-12.454,0.541,0.0,0,0,1,,0.963,2026-03-19T12:00:32.138584,neutral,0.812,2026-03-19T12:00:30.187509,0.4614691378640364,2026-03-19T12:00:32.987000,88,,,
participant_30,1,day,Town10HD_Opt,2026-03-19 12:00:33.193195,39.28377914428711,65.77007293701172,0.0019432449480518,30.946,-12.988,0.5,0.0,0,0,1,,0.93,2026-03-19T12:00:33.193195,happy,0.787,2026-03-19T12:00:33.193195,0.5410983347643543,2026-03-19T12:00:34.066000,90,,,
participant_30,1,day,Town10HD_Opt,2026-03-19 12:00:34.202001,42.64208221435547,61.490501403808594,0.0021613691933453,30.32,-13.146,0.233,0.0,0,0,1,,0.924,2026-03-19T12:00:34.202001,happy,0.787,2026-03-19T12:00:33.193195,0.5056384107767986,2026-03-19T12:00:35.010000,88,,,
participant_30,1,day,Town10HD_Opt,2026-03-19 12:00:35.191039,44.24392318725586,56.76081085205078,0.0021793365012854,26.729,-13.168,0.203,0.0,0,0,1,,0.938,2026-03-19T12:00:35.191039,happy,0.787,2026-03-19T12:00:33.193195,0.4778665204976201,2026-03-19T12:00:36,89,,,
participant_30,1,day,Town10HD_Opt,2026-03-19 12:00:36.164256,44.3750228881836,52.36477279663086,0.0021442794241011,23.762,-1.864,0.506,0.0,0,0,1,,0.969,2026-03-19T12:00:36.164256,happy,0.56,2026-03-19T12:00:36.164256,0.5213870476940377,2026-03-19T12:00:36,89,,,
participant_30,1,day,Town10HD_Opt,2026-03-19 12:00:37.135770,44.24874114990234,48.01613998413086,0.0018600082257762,26.668,0.881,0.518,0.0,0,0,1,,0.946,2026-03-19T12:00:37.135770,happy,0.56,2026-03-19T12:00:36.164256,0.5333467475079616,2026-03-19T12:00:38.026000,92,,,
participant_30,1,day,Town10HD_Opt,2026-03-19 12:00:38.036286,44.17546463012695,43.01178741455078,0.0019387435168027,30.311,0.266,0.501,0.0,0,0,1,,0.938,2026-03-19T12:00:38.036286,happy,0.56,2026-03-19T12:00:36.164256,0.4928324559631163,2026-03-19T12:00:38.026000,90,,,
participant_30,1,day,Town10HD_Opt,2026-03-19 12:00:38.992608,44.49991226196289,37.59424591064453,0.0020348739344626,31.401,12.473,0.405,0.0,0,0,1,,0.964,2026-03-19T12:00:38.992608,neutral,0.769,2026-03-19T12:00:38.992608,0.4751162302975628,2026-03-19T12:00:39.021000,92,,,
participant_30,1,day,Town10HD_Opt,2026-03-19 12:00:40.274430,47.57832717895508,31.095190048217773,0.0021440123673528,29.925,16.354,0.175,0.0,0,0,1,,1.0,2026-03-19T12:00:40.274430,neutral,0.769,2026-03-19T12:00:38.992608,0.5749481317777753,2026-03-19T12:00:40.995000,89,,,
participant_30,1,day,Town10HD_Opt,2026-03-19 12:00:41.216975,51.41389846801758,28.13509750366211,0.0022158431820571,25.513,16.05,0.159,0.0,0,0,1,,0.949,2026-03-19T12:00:41.216975,neutral,0.518,2026-03-19T12:00:41.216975,0.5283299314499343,2026-03-19T12:00:41.986000,90,,,
participant_30,1,day,Town10HD_Opt,2026-03-19 12:00:42.216911,55.362064361572266,26.95924186706543,0.0021932220552116,21.559,14.19,0.141,0.0,0,0,1,,0.941,2026-03-19T12:00:42.216911,neutral,0.518,2026-03-19T12:00:41.216975,0.4995409827811606,2026-03-19T12:00:42.978000,87,,,
participant_30,1,day,Town10HD_Opt,2026-03-19 12:00:43.214657,58.8363151550293,26.70872688293457,0.0021665573585778,18.047,0.475,0.114,0.0,0,0,1,,0.871,2026-03-19T12:00:43.214657,neutral,0.518,2026-03-19T12:00:41.216975,0.4784507432360583,2026-03-19T12:00:44.010000,89,,,
participant_30,1,day,Town10HD_Opt,2026-03-19 12:00:44.223597,61.85008239746094,26.51548957824707,0.0019962692167609,15.727,-0.167,0.0,0.0,0,0,1,,0.939,2026-03-19T12:00:44.223597,neutral,0.758,2026-03-19T12:00:44.223597,0.6302432072306118,2026-03-19T12:00:45.001000,92,,,
participant_30,1,day,Town10HD_Opt,2026-03-19 12:00:45.176420,64.28377532958984,26.36167907714844,0.0020660399459302,11.391,0.36,0.0,0.385,0,0,1,,0.908,2026-03-19T12:00:45.176420,neutral,0.758,2026-03-19T12:00:44.223597,0.5501470362894036,2026-03-19T12:00:45.991000,92,,,
participant_30,1,day,Town10HD_Opt,2026-03-19 12:00:46.112318,65.85028839111328,26.270164489746094,0.0020801543723791,5.996,0.36,0.0,0.337,0,0,1,,0.813,2026-03-19T12:00:46.112318,neutral,0.758,2026-03-19T12:00:44.223597,0.5508172361575305,2026-03-19T12:00:45.991000,91,,,
participant_30,1,day,Town10HD_Opt,2026-03-19 12:00:47.131631,66.09718322753906,26.255733489990234,0.0019953537266701,0.0,0.355,0.0,0.226,0,0,1,,0.9,2026-03-19T12:00:47.131631,neutral,0.628,2026-03-19T12:00:47.131631,0.5565915272365677,2026-03-19T12:00:48.016000,93,,,
participant_30,1,day,Town10HD_Opt,2026-03-19 12:00:48.108126,66.09758758544922,26.25571632385254,0.001921615563333,0.004,0.327,0.0,0.0,0,0,1,,0.905,2026-03-19T12:00:48.108126,neutral,0.628,2026-03-19T12:00:47.131631,0.5148063918425374,2026-03-19T12:00:49.006000,89,,,
participant_30,1,day,Town10HD_Opt,2026-03-19 12:00:49.038059,66.09783172607422,26.25571632385254,0.0019193649059161,0.006,0.266,0.0,0.0,0,0,1,,0.92,2026-03-19T12:00:49.038059,neutral,0.628,2026-03-19T12:00:47.131631,0.528806510512988,2026-03-19T12:00:49.006000,90,,,
participant_30,1,day,Town10HD_Opt,2026-03-19 12:00:50.031643,66.0979232788086,26.25571632385254,0.0019189452286809,0.001,0.209,0.0,0.0,0,0,1,,0.833,2026-03-19T12:00:50.031643,happy,0.547,2026-03-19T12:00:50.031643,0.5071606638451802,2026-03-19T12:00:50.005000,91,,,
participant_30,1,day,Town10HD_Opt,2026-03-19 12:00:51.038638,66.0978775024414,26.25571632385254,0.0019187545403838,0.001,0.209,0.0,0.0,0,0,1,,0.87,2026-03-19T12:00:51.038638,happy,0.547,2026-03-19T12:00:50.031643,0.5313757607830563,2026-03-19T12:00:50.986000,90,,,
participant_30,1,day,Town10HD_Opt,2026-03-19 12:00:52.274954,66.09801483154297,26.25571632385254,0.0019187545403838,0.001,0.209,0.0,0.0,0,0,1,,0.897,2026-03-19T12:00:52.274954,neutral,0.746,2026-03-19T12:00:52.274954,0.5782557717431267,2026-03-19T12:00:53.010000,90,,,
participant_30,1,day,Town10HD_Opt,2026-03-19 12:00:53.271010,66.09805297851562,26.25571632385254,0.001919021597132,0.005,0.209,0.0,0.0,0,0,1,,0.91,2026-03-19T12:00:53.271010,neutral,0.746,2026-03-19T12:00:52.274954,0.5955396443846672,2026-03-19T12:00:54.092000,92,,,
participant_30,1,day,Town10HD_Opt,2026-03-19 12:00:54.227128,66.09825897216797,26.25571632385254,0.0019192122854292,0.005,0.209,0.0,0.0,0,0,1,,0.875,2026-03-19T12:00:54.227128,neutral,0.746,2026-03-19T12:00:52.274954,0.6404016049527461,2026-03-19T12:00:55.036000,95,,,
participant_30,1,day,Town10HD_Opt,2026-03-19 12:00:55.147689,66.09844970703125,26.25571632385254,0.001919021597132,0.007,0.202,0.0,0.0,0,0,1,,0.856,2026-03-19T12:00:55.147689,neutral,0.637,2026-03-19T12:00:55.147689,0.6080742254349931,2026-03-19T12:00:55.981000,94,,,
participant_30,1,day,Town10HD_Opt,2026-03-19 12:00:56.089991,66.09840393066406,26.25571632385254,0.0019188689766451,0.001,0.106,0.0,0.0,0,0,1,,0.93,2026-03-19T12:00:56.089991,neutral,0.637,2026-03-19T12:00:55.147689,0.6124253172541311,2026-03-19T12:00:55.981000,95,,,
participant_30,1,day,Town10HD_Opt,2026-03-19 12:00:57.002045,66.098388671875,26.25571632385254,0.001919021597132,0.0,-0.049,0.0,0.0,0,0,1,,0.939,2026-03-19T12:00:57.002045,neutral,0.637,2026-03-19T12:00:55.147689,0.6961167980399666,2026-03-19T12:00:57.016000,95,,,
participant_30,1,day,Town10HD_Opt,2026-03-19 12:00:58.263108,66.09850311279297,26.25571632385254,0.001919021597132,0.0,-0.202,0.0,0.0,0,0,1,,0.922,2026-03-19T12:00:58.263108,neutral,0.721,2026-03-19T12:00:58.263108,0.685563156461189,2026-03-19T12:00:59.085000,91,,,
participant_30,1,day,Town10HD_Opt,2026-03-19 12:00:59.213365,66.09868621826172,26.25571632385254,0.0019191360333934,0.005,-0.211,0.0,0.0,0,0,1,,0.919,2026-03-19T12:00:59.213365,neutral,0.721,2026-03-19T12:00:58.263108,0.768721701485013,2026-03-19T12:01:00.075000,92,,,
participant_30,1,day,Town10HD_Opt,2026-03-19 12:01:00.176807,66.09893035888672,26.25571632385254,0.0019191360333934,0.006,-0.211,0.0,0.0,0,0,1,,0.903,2026-03-19T12:01:00.176807,neutral,0.721,2026-03-19T12:00:58.263108,0.7066560418661689,2026-03-19T12:01:00.976000,88,,,
participant_30,1,day,Town10HD_Opt,2026-03-19 12:01:01.127300,66.09893035888672,26.25571632385254,0.0019189071608707,0.001,-0.214,0.0,0.0,0,0,1,,0.896,2026-03-19T12:01:01.127300,happy,0.606,2026-03-19T12:01:01.127300,0.7611552425305812,2026-03-19T12:01:02.011000,87,,,
participant_30,1,day,Town10HD_Opt,2026-03-19 12:01:02.136746,66.09889221191406,26.25571632385254,0.0019187545403838,0.0,-0.214,0.0,0.0,0,0,1,,0.903,2026-03-19T12:01:02.136746,happy,0.606,2026-03-19T12:01:01.127300,0.742687666772129,2026-03-19T12:01:03.001000,87,,,
participant_30,1,day,Town10HD_Opt,2026-03-19 12:01:03.069750,66.09901428222656,26.25571632385254,0.0019190596649423,0.005,-0.221,0.0,0.0,0,0,1,,0.906,2026-03-19T12:01:03.069750,happy,0.606,2026-03-19T12:01:01.127300,0.7529670094789858,2026-03-19T12:01:03.001000,87,,,
participant_30,1,day,Town10HD_Opt,2026-03-19 12:01:04.272718,66.09912109375,26.25571632385254,0.0019190596649423,0.005,-0.258,0.0,0.0,0,0,1,,0.917,2026-03-19T12:01:04.272718,happy,0.559,2026-03-19T12:01:04.272718,0.6971530220191624,2026-03-19T12:01:04.981000,86,,,
participant_30,1,day,Town10HD_Opt,2026-03-19 12:01:05.258717,66.0993423461914,26.25571632385254,0.0019192504696547,0.006,-0.275,0.0,0.0,0,0,1,,0.922,2026-03-19T12:01:05.258717,happy,0.559,2026-03-19T12:01:04.272718,0.6983738746981636,2026-03-19T12:01:06.016000,86,,,
participant_30,1,day,Town10HD_Opt,2026-03-19 12:01:06.172939,66.0994644165039,26.255714416503903,0.0019189452286809,0.001,-0.287,0.0,0.0,0,0,1,,0.89,2026-03-19T12:01:06.172939,happy,0.559,2026-03-19T12:01:04.272718,0.7575901587910129,2026-03-19T12:01:07.005000,87,,,
participant_30,1,day,Town10HD_Opt,2026-03-19 12:01:07.145298,66.09941864013672,26.255714416503903,0.0019187927246093,0.001,-0.287,0.0,0.0,0,0,1,,0.9,2026-03-19T12:01:07.145298,neutral,0.543,2026-03-19T12:01:07.145298,0.7795364068673537,2026-03-19T12:01:07.995000,88,,,
participant_30,1,day,Town10HD_Opt,2026-03-19 12:01:08.063983,66.0994644165039,26.25571632385254,0.0019190596649423,0.004,-0.287,0.0,0.0,0,0,1,,0.909,2026-03-19T12:01:08.063983,neutral,0.543,2026-03-19T12:01:07.145298,0.6726515059761308,2026-03-19T12:01:07.995000,86,,,
participant_30,1,day,Town10HD_Opt,2026-03-19 12:01:08.999713,66.09966278076172,26.25571632385254,0.0019192122854292,0.005,-0.289,0.0,0.0,0,0,1,,0.933,2026-03-19T12:01:08.999713,neutral,0.543,2026-03-19T12:01:07.145298,0.6977165922293094,2026-03-19T12:01:08.988000,87,,,
participant_30,1,day,Town10HD_Opt,2026-03-19 12:01:10.218578,66.09976959228516,26.25571632385254,0.0019192122854292,0.005,-0.289,0.0,0.0,0,0,1,,0.913,2026-03-19T12:01:10.218578,happy,0.697,2026-03-19T12:01:10.218578,0.7454280636054409,2026-03-19T12:01:11.011000,84,,,
participant_30,1,day,Town10HD_Opt,2026-03-19 12:01:11.145393,66.09998321533203,26.255714416503903,0.0019189834129065,0.001,-0.289,0.0,0.0,0,0,1,,0.946,2026-03-19T12:01:11.145393,happy,0.697,2026-03-19T12:01:10.218578,0.6820465014414812,2026-03-19T12:01:12,87,,,
participant_30,1,day,Town10HD_Opt,2026-03-19 12:01:12.002727,66.09994506835938,26.255714416503903,0.0019188689766451,0.001,-0.298,0.0,0.0,0,0,1,,0.909,2026-03-19T12:01:12.002727,happy,0.697,2026-03-19T12:01:10.218578,0.6325072536765274,2026-03-19T12:01:12,86,,,
participant_30,1,day,Town10HD_Opt,2026-03-19 12:01:13.199365,66.1000747680664,26.255714416503903,0.0019188689766451,0.001,-0.313,0.0,0.0,0,0,1,,0.938,2026-03-19T12:01:13.199365,neutral,0.511,2026-03-19T12:01:13.199365,0.6652384221523502,2026-03-19T12:01:14.071000,88,,,
participant_30,1,day,Town10HD_Opt,2026-03-19 12:01:14.114252,66.10003662109375,26.25571632385254,0.001919021597132,0.0,-0.331,0.0,0.0,0,0,1,,0.92,2026-03-19T12:01:14.114252,neutral,0.511,2026-03-19T12:01:13.199365,0.6682800009150529,2026-03-19T12:01:15.015000,86,,,
participant_30,1,day,Town10HD_Opt,2026-03-19 12:01:15.021079,66.10021209716797,26.255714416503903,0.0019190978491678,0.005,-0.331,0.0,0.0,0,0,1,,0.9,2026-03-19T12:01:15.021079,neutral,0.511,2026-03-19T12:01:13.199365,0.7437308612967547,2026-03-19T12:01:15.015000,86,,,
participant_30,1,day,Town10HD_Opt,2026-03-19 12:01:16.237564,66.1003189086914,26.25571250915528,0.0019190596649423,0.005,-0.331,0.0,0.0,0,0,1,,0.823,2026-03-19T12:01:16.237564,neutral,0.57,2026-03-19T12:01:16.237564,0.6969400109040164,2026-03-19T12:01:17.042000,84,,,
participant_30,1,day,Town10HD_Opt,2026-03-19 12:01:17.189486,66.1005630493164,26.25571060180664,0.0019192504696547,0.006,-0.331,0.0,0.0,0,0,1,,0.904,2026-03-19T12:01:17.189486,neutral,0.57,2026-03-19T12:01:16.237564,0.6780313236263916,2026-03-19T12:01:18.031000,83,,,
participant_30,1,day,Town10HD_Opt,2026-03-19 12:01:18.139787,66.10062408447266,26.255704879760746,0.0019189452286809,0.001,-0.331,0.0,0.0,0,0,1,,0.919,2026-03-19T12:01:18.139787,neutral,0.57,2026-03-19T12:01:16.237564,0.7049358465883571,2026-03-19T12:01:19.021000,85,,,
participant_30,1,day,Town10HD_Opt,2026-03-19 12:01:19.036286,66.1005859375,26.25570297241211,0.0019187545403838,0.001,-0.331,0.0,0.0,0,0,1,,0.863,2026-03-19T12:01:19.036286,happy,0.61,2026-03-19T12:01:19.036286,0.7308210991959997,2026-03-19T12:01:19.021000,85,,,
participant_30,1,day,Town10HD_Opt,2026-03-19 12:01:20.012682,66.10066986083984,26.255704879760746,0.0019190596649423,0.005,-0.331,0.0,0.0,0,0,1,,0.904,2026-03-19T12:01:20.012682,happy,0.61,2026-03-19T12:01:19.036286,0.6988473472592489,2026-03-19T12:01:20.015000,83,,,
participant_30,1,day,Town10HD_Opt,2026-03-19 12:01:21.198442,66.10079193115234,26.25570297241211,0.0019190596649423,0.005,-0.327,0.0,0.0,0,0,1,,0.902,2026-03-19T12:01:21.198442,neutral,0.759,2026-03-19T12:01:21.198442,0.6721084568544027,2026-03-19T12:01:21.001000,84,,,
participant_30,1,day,Town10HD_Opt,2026-03-19 12:01:22.194715,66.10099792480469,26.255699157714844,0.0019192504696547,0.006,-0.32,0.0,0.0,0,0,1,,1.0,2026-03-19T12:01:22.194715,neutral,0.759,2026-03-19T12:01:21.198442,0.6447464036910555,2026-03-19T12:01:22.981000,84,,,
participant_30,1,day,Town10HD_Opt,2026-03-19 12:01:23.119175,66.1011734008789,26.25569725036621,0.0019189834129065,0.001,-0.313,0.0,0.0,0,0,1,,0.944,2026-03-19T12:01:23.119175,neutral,0.759,2026-03-19T12:01:21.198442,0.7508788832421334,2026-03-19T12:01:24.016000,84,,,
participant_30,1,day,Town10HD_Opt,2026-03-19 12:01:24.245927,66.10131072998047,26.25569725036621,0.0019189834129065,0.001,-0.308,0.0,0.0,0,0,1,,0.934,2026-03-19T12:01:24.245927,happy,0.631,2026-03-19T12:01:24.245927,0.7172676434255347,2026-03-19T12:01:25.096000,83,,,
participant_30,1,day,Town10HD_Opt,2026-03-19 12:01:25.138116,66.10126495361328,26.25569725036621,0.0019188307924196,0.001,-0.275,0.0,0.0,0,0,1,,0.93,2026-03-19T12:01:25.138116,happy,0.631,2026-03-19T12:01:24.245927,0.6498373033977032,2026-03-19T12:01:26.041000,84,,,
participant_30,1,day,Town10HD_Opt,2026-03-19 12:01:26.011968,66.10124969482422,26.25569725036621,0.001919021597132,0.0,-0.251,0.0,0.0,0,0,1,,0.902,2026-03-19T12:01:26.011968,happy,0.631,2026-03-19T12:01:24.245927,0.6789328218614743,2026-03-19T12:01:26.041000,83,,,
participant_30,1,day,Town10HD_Opt,2026-03-19 12:01:27.269231,66.10136413574219,26.25569725036621,0.0019189834129065,0.0,-0.247,0.0,0.0,0,0,1,,0.913,2026-03-19T12:01:27.269231,happy,0.554,2026-03-19T12:01:27.269231,0.7399119810703048,2026-03-19T12:01:28.021000,83,,,
participant_30,1,day,Town10HD_Opt,2026-03-19 12:01:28.170210,66.1015396118164,26.25569725036621,0.0019190978491678,0.005,-0.209,0.0,0.0,0,0,1,,0.895,2026-03-19T12:01:28.170210,happy,0.554,2026-03-19T12:01:27.269231,0.6137847571368097,2026-03-19T12:01:29.012000,80,,,
participant_30,1,day,Town10HD_Opt,2026-03-19 12:01:29.094407,66.10179138183594,26.25569725036621,0.0019191360333934,0.006,-0.2,0.0,0.0,0,0,1,,0.921,2026-03-19T12:01:29.094407,happy,0.554,2026-03-19T12:01:27.269231,0.654380593582218,2026-03-19T12:01:29.012000,82,,,
participant_30,1,day,Town10HD_Opt,2026-03-19 12:01:30.243081,66.10189056396484,26.25569725036621,0.0019192122854292,0.006,-0.2,0.0,0.0,0,0,1,,0.937,2026-03-19T12:01:30.243081,neutral,0.578,2026-03-19T12:01:30.243081,0.6116527415313586,2026-03-19T12:01:30.991000,83,,,
participant_30,1,day,Town10HD_Opt,2026-03-19 12:01:31.149176,66.10192108154297,26.25569725036621,0.0019189071608707,0.001,-0.2,0.0,0.0,0,0,1,,0.893,2026-03-19T12:01:31.149176,neutral,0.578,2026-03-19T12:01:30.243081,0.6539458752516272,2026-03-19T12:01:31.981000,85,,,
participant_30,1,day,Town10HD_Opt,2026-03-19 12:01:32.049690,66.10187530517578,26.25569725036621,0.0019187545403838,0.001,-0.2,0.0,0.0,0,0,1,,0.933,2026-03-19T12:01:32.049690,neutral,0.578,2026-03-19T12:01:30.243081,0.6683676712298972,2026-03-19T12:01:31.981000,84,,,
participant_30,1,day,Town10HD_Opt,2026-03-19 12:01:33.258677,66.10201263427734,26.25569725036621,0.0019187163561582,0.001,-0.2,0.0,0.0,0,0,1,,0.943,2026-03-19T12:01:33.258677,neutral,0.827,2026-03-19T12:01:33.258677,0.6921111434004465,2026-03-19T12:01:34.006000,87,,,
participant_30,1,day,Town10HD_Opt,2026-03-19 12:01:34.183040,66.10209655761719,26.25569725036621,0.001919021597132,0.005,-0.2,0.0,0.0,0,0,1,,0.922,2026-03-19T12:01:34.183040,neutral,0.827,2026-03-19T12:01:33.258677,0.6383917931969781,2026-03-19T12:01:34.997000,87,,,
participant_30,1,day,Town10HD_Opt,2026-03-19 12:01:35.143203,66.10230255126953,26.25569725036621,0.0019192504696547,0.005,-0.2,0.0,0.0,0,0,1,,0.943,2026-03-19T12:01:35.143203,neutral,0.827,2026-03-19T12:01:33.258677,0.6755472392808284,2026-03-19T12:01:36.032000,85,,,
participant_30,1,day,Town10HD_Opt,2026-03-19 12:01:36.048441,66.10244750976562,26.25569725036621,0.0019189834129065,0.001,-0.148,0.0,0.0,0,0,1,,1.0,2026-03-19T12:01:36.048441,neutral,0.769,2026-03-19T12:01:36.048441,0.6183808035745325,2026-03-19T12:01:36.032000,87,,,
participant_30,1,day,Town10HD_Opt,2026-03-19 12:01:37.268545,66.10708618164062,26.25540542602539,0.0019183730473741,0.022,-0.202,0.161,0.0,0,1,-1,,0.908,2026-03-19T12:01:37.268545,neutral,0.769,2026-03-19T12:01:36.048441,0.5799165168322361,2026-03-19T12:01:38.011000,85,,,
participant_30,1,day,Town10HD_Opt,2026-03-19 12:01:38.177423,66.04872131347656,26.262285232543945,0.0020824812818318,2.863,-8.313,0.613,0.0,0,1,-1,,0.967,2026-03-19T12:01:38.177423,neutral,0.81,2026-03-19T12:01:38.177423,0.6052762354615258,2026-03-19T12:01:39.003000,86,,,
participant_30,1,day,Town10HD_Opt,2026-03-19 12:01:39.035477,65.0587158203125,26.357852935791016,0.0021771239116787,9.484,-7.418,0.628,0.0,0,1,-1,,0.843,2026-03-19T12:01:39.035477,neutral,0.81,2026-03-19T12:01:38.177423,0.6267268858863378,2026-03-19T12:01:39.003000,85,,,errors=Vehicle collision
participant_30,1,day,Town10HD_Opt,2026-03-19 12:01:40.201102,63.969970703125,26.417686462402344,0.006328391842544,0.076,0.094,0.472,0.0,0,1,-1,,0.814,2026-03-19T12:01:40.201102,sad,0.342,2026-03-19T12:01:40.201102,0.5613868733885317,2026-03-19T12:01:40.981000,85,,,
participant_30,1,day,Town10HD_Opt,2026-03-19 12:01:41.102668,63.970497131347656,26.433210372924805,0.0046128844842314,0.05,1.415,0.0,0.0,0,1,-1,,0.827,2026-03-19T12:01:41.102668,sad,0.342,2026-03-19T12:01:40.201102,0.669128367312333,2026-03-19T12:01:40.981000,85,,,
participant_30,1,day,Town10HD_Opt,2026-03-19 12:01:42.237893,64.15035247802734,26.45176887512207,0.0018513107206672,3.046,10.521,0.531,0.0,0,0,1,,0.91,2026-03-19T12:01:42.237893,neutral,0.845,2026-03-19T12:01:42.237893,0.6088941165399403,2026-03-19T12:01:43.007000,83,,,
participant_30,1,day,Town10HD_Opt,2026-03-19 12:01:43.157645,65.09357452392578,26.635332107543945,0.0018746566493064,6.404,14.584,0.0,0.0,0,0,1,,0.869,2026-03-19T12:01:43.157645,neutral,0.845,2026-03-19T12:01:42.237893,0.6050784420164067,2026-03-19T12:01:43.007000,86,,,
participant_30,1,day,Town10HD_Opt,2026-03-19 12:01:44.010702,66.05089569091797,26.880868911743164,0.0019624710548669,4.893,8.53,0.0,0.0,0,0,1,,0.975,2026-03-19T12:01:44.010702,neutral,0.845,2026-03-19T12:01:42.237893,0.675453814833317,2026-03-19T12:01:44.086000,87,,,
participant_30,1,day,Town10HD_Opt,2026-03-19 12:01:45.171111,66.99491882324219,27.12649917602539,0.0019518280168995,3.445,1.777,0.0,0.0,0,0,1,,0.907,2026-03-19T12:01:45.171111,neutral,0.55,2026-03-19T12:01:45.171111,0.6431568520158775,2026-03-19T12:01:46.021000,86,,,
participant_30,1,day,Town10HD_Opt,2026-03-19 12:01:46.037645,67.5015869140625,27.25181579589844,0.0019265746232122,3.025,6.725,0.314,0.0,0,0,1,,0.934,2026-03-19T12:01:46.037645,neutral,0.55,2026-03-19T12:01:45.171111,0.6108313770260778,2026-03-19T12:01:46.021000,91,Vehicle-pedestrian collision,Vehicle-pedestrian collision,
participant_30,1,day,Town10HD_Opt,2026-03-19 12:01:47.194791,68.64008331298828,27.55742454528809,0.001816101022996,7.435,-2.857,0.286,0.0,0,0,1,,0.891,2026-03-19T12:01:47.194791,neutral,0.46,2026-03-19T12:01:47.194791,0.5781594959814754,2026-03-19T12:01:48.091000,90,,,
participant_30,1,day,Town10HD_Opt,2026-03-19 12:01:48.108242,70.10135650634766,27.86764907836914,0.0018365859286859,9.928,-2.974,0.231,0.0,0,0,1,,0.937,2026-03-19T12:01:48.108242,neutral,0.46,2026-03-19T12:01:47.194791,0.5960870464636653,2026-03-19T12:01:48.991000,89,,,
participant_30,1,day,Town10HD_Opt,2026-03-19 12:01:49.271356,72.14997100830078,28.32613945007324,0.002049446105957,6.411,4.15,0.0,0.31,0,0,1,,0.938,2026-03-19T12:01:49.271356,neutral,0.563,2026-03-19T12:01:49.271356,0.6310739899633928,2026-03-19T12:01:50.026000,91,,,
participant_30,1,day,Town10HD_Opt,2026-03-19 12:01:50.140520,72.42526245117188,28.39900779724121,0.0020001982338726,0.0,3.459,0.0,0.4,0,0,1,,0.945,2026-03-19T12:01:50.140520,neutral,0.563,2026-03-19T12:01:49.271356,0.597939790872348,2026-03-19T12:01:51.016000,90,,,
participant_30,1,day,Town10HD_Opt,2026-03-19 12:01:51.257643,72.4242172241211,28.39874267578125,0.0019219588721171,0.02,3.363,0.308,0.0,0,1,-1,,0.832,2026-03-19T12:01:51.257643,neutral,0.563,2026-03-19T12:01:49.271356,0.6892463176917204,2026-03-19T12:01:52.006000,91,,,
participant_30,1,day,Town10HD_Opt,2026-03-19 12:01:52.126574,72.40764617919922,28.39408302307129,0.0019377898424863,1.395,5.749,0.391,0.0,0,1,-1,,0.927,2026-03-19T12:01:52.126574,neutral,0.377,2026-03-19T12:01:52.126574,0.6636530045403342,2026-03-19T12:01:52.006000,91,Stop sign violation,stop_sign_id=1200,
participant_30,1,day,Town10HD_Opt,2026-03-19 12:01:53.009353,71.92378234863281,28.26091957092285,0.0020020676311105,4.089,3.41,0.281,0.0,0,1,-1,,0.894,2026-03-19T12:01:53.009353,neutral,0.377,2026-03-19T12:01:52.126574,0.6270685205599316,2026-03-19T12:01:53.086000,90,,,
participant_30,1,day,Town10HD_Opt,2026-03-19 12:01:54.260446,71.11802673339844,28.066680908203125,0.0018972395919263,3.025,3.983,0.283,0.0,0,1,-1,,0.934,2026-03-19T12:01:54.260446,sad,0.426,2026-03-19T12:01:54.260446,0.6424717398924479,2026-03-19T12:01:55.067000,91,,,
participant_30,1,day,Town10HD_Opt,2026-03-19 12:01:55.150043,70.65997314453125,27.95298957824707,0.0018932723905891,2.309,7.382,0.237,0.0,0,1,-1,,0.928,2026-03-19T12:01:55.150043,sad,0.426,2026-03-19T12:01:54.260446,0.6538684617262678,2026-03-19T12:01:56.011000,91,,,
participant_30,1,day,Town10HD_Opt,2026-03-19 12:01:56.079792,70.2952880859375,27.8597412109375,0.0019173431210219,2.055,12.355,0.241,0.0,0,1,-1,,0.932,2026-03-19T12:01:56.079792,sad,0.426,2026-03-19T12:01:54.260446,0.638933896354683,2026-03-19T12:01:56.011000,94,,,errors=Vehicle collision
participant_30,1,day,Town10HD_Opt,2026-03-19 12:01:57.256831,70.02686309814453,27.830734252929688,0.0017544936854392,1.0,15.378,0.267,0.0,0,1,-1,,1.0,2026-03-19T12:01:57.256831,neutral,0.596,2026-03-19T12:01:57.256831,0.634204565984196,2026-03-19T12:01:58.126000,94,,,
participant_30,1,day,Town10HD_Opt,2026-03-19 12:01:58.125025,69.83202362060547,27.80388641357422,0.0023738860618323,1.351,15.339,0.27,0.0,0,1,-1,,0.824,2026-03-19T12:01:58.125025,neutral,0.596,2026-03-19T12:01:57.256831,0.6498372575529086,2026-03-19T12:01:58.982000,93,,,errors=Vehicle collision
participant_30,1,day,Town10HD_Opt,2026-03-19 12:01:59.271809,69.56217956542969,27.76995086669922,0.0028343200683593,0.534,14.467,0.0,0.0,0,1,-1,,0.92,2026-03-19T12:01:59.271809,sad,0.399,2026-03-19T12:01:59.271809,0.6545661503262524,2026-03-19T12:02:00.016000,94,,,
participant_30,1,day,Town10HD_Opt,2026-03-19 12:02:00.192336,69.52059936523438,27.765729904174805,0.0026454543694853,0.044,14.531,0.0,0.0,0,1,-1,,1.0,2026-03-19T12:02:00.192336,sad,0.399,2026-03-19T12:01:59.271809,0.5936747303853538,2026-03-19T12:02:01.096000,94,,,
participant_30,1,day,Town10HD_Opt,2026-03-19 12:02:01.059108,69.51815032958984,27.765851974487305,0.0023543166462332,0.005,14.418,0.0,0.0,0,1,-1,,1.0,2026-03-19T12:02:01.059108,sad,0.399,2026-03-19T12:01:59.271809,0.6354640708371988,2026-03-19T12:02:01.096000,94,,,errors=Vehicle collision
participant_30,1,day,Town10HD_Opt,2026-03-19 12:02:02.138496,69.51986694335938,27.766469955444336,0.0019750976935029,0.005,15.98,0.022,0.0,0,0,1,,1.0,2026-03-19T12:02:02.138496,neutral,0.454,2026-03-19T12:02:02.138496,0.652888078826787,2026-03-19T12:02:02.087000,95,,,
participant_30,1,day,Town10HD_Opt,2026-03-19 12:02:03.024865,69.5297622680664,27.76953125,0.0019014739664271,0.692,24.787,0.179,0.0,0,0,1,,0.885,2026-03-19T12:02:03.024865,neutral,0.454,2026-03-19T12:02:02.138496,0.6722885898551628,2026-03-19T12:02:03.084000,94,,,
participant_30,1,day,Town10HD_Opt,2026-03-19 12:02:04.142485,69.97589111328125,27.92733383178711,0.0018226623069494,4.068,17.221,0.0,0.0,0,0,1,,1.0,2026-03-19T12:02:04.142485,sad,0.456,2026-03-19T12:02:04.142485,0.674276999499666,2026-03-19T12:02:04.021000,94,,,
participant_30,1,day,Town10HD_Opt,2026-03-19 12:02:05.276659,70.8079833984375,28.140668869018555,0.0019301223801448,3.643,-5.394,0.505,0.0,0,0,1,,1.0,2026-03-19T12:02:05.276659,sad,0.456,2026-03-19T12:02:04.142485,0.6489810985502392,2026-03-19T12:02:06.046000,91,,,
participant_30,1,day,Town10HD_Opt,2026-03-19 12:02:06.120500,72.10829162597656,28.328086853027344,0.0015679930802434,13.513,-7.629,0.814,0.0,0,0,1,,1.0,2026-03-19T12:02:06.120500,sad,0.456,2026-03-19T12:02:04.142485,0.6319378427179662,2026-03-19T12:02:06.994000,93,,,
participant_30,1,day,Town10HD_Opt,2026-03-19 12:02:07.234374,76.44542694091797,28.552433013916016,0.0020236587151885,19.89,-2.617,0.0,0.112,0,0,1,,0.933,2026-03-19T12:02:07.234374,neutral,0.412,2026-03-19T12:02:07.234374,0.6580235423949923,2026-03-19T12:02:07.981000,92,,,errors=Vehicle collision
participant_30,1,day,Town10HD_Opt,2026-03-19 12:02:08.184698,77.5636978149414,28.585453033447266,-0.0010481261415407,0.05,-1.072,0.0,0.503,0,0,1,,0.975,2026-03-19T12:02:08.184698,neutral,0.412,2026-03-19T12:02:07.234374,0.6868766382471616,2026-03-19T12:02:09.062000,92,,,
participant_30,1,day,Town10HD_Opt,2026-03-19 12:02:09.031627,77.56317138671875,28.585432052612305,0.0018886947073042,0.002,-0.458,0.209,0.0,0,1,-1,,0.927,2026-03-19T12:02:09.031627,neutral,0.412,2026-03-19T12:02:07.234374,0.6134901950576859,2026-03-19T12:02:09.062000,94,,,
participant_30,1,day,Town10HD_Opt,2026-03-19 12:02:10.190033,77.19634246826172,28.581974029541016,0.0020238494034856,3.685,-0.261,0.0,0.0,0,1,-1,,1.0,2026-03-19T12:02:10.190033,neutral,0.639,2026-03-19T12:02:10.190033,0.5768590864541495,2026-03-19T12:02:10.996000,94,,,
participant_30,1,day,Town10HD_Opt,2026-03-19 12:02:11.060759,76.75965881347656,28.577726364135746,0.001856651273556,1.377,-0.275,0.0,0.0,0,1,-1,,1.0,2026-03-19T12:02:11.060759,neutral,0.639,2026-03-19T12:02:10.190033,0.607618459302982,2026-03-19T12:02:10.996000,94,,,
participant_30,1,day,Town10HD_Opt,2026-03-19 12:02:12.182133,76.5755615234375,28.575868606567383,0.0019005202921107,0.351,-0.275,0.0,0.0,0,1,-1,,0.919,2026-03-19T12:02:12.182133,neutral,0.639,2026-03-19T12:02:10.190033,0.6318180943837858,2026-03-19T12:02:13.022000,94,,,
participant_30,1,day,Town10HD_Opt,2026-03-19 12:02:13.004334,76.5363998413086,28.575475692749023,0.0019045256776735,0.0,-0.378,0.0,0.0,0,1,-1,,0.918,2026-03-19T12:02:13.004334,sad,0.315,2026-03-19T12:02:13.004334,0.59553429376218,2026-03-19T12:02:13.022000,95,,,
participant_30,1,day,Town10HD_Opt,2026-03-19 12:02:14.125985,76.536376953125,28.575475692749023,0.0019180679228156,0.0,0.082,0.0,0.0,0,1,-1,,1.0,2026-03-19T12:02:14.125985,sad,0.315,2026-03-19T12:02:13.004334,0.6646397253488561,2026-03-19T12:02:14.011000,92,,,
participant_30,1,day,Town10HD_Opt,2026-03-19 12:02:15.222835,76.536376953125,28.575475692749023,0.0019180679228156,0.0,0.096,0.0,0.0,0,1,-1,,0.811,2026-03-19T12:02:15.222835,neutral,0.683,2026-03-19T12:02:15.222835,0.6738740278656234,2026-03-19T12:02:15.991000,89,,,
participant_30,1,day,Town10HD_Opt,2026-03-19 12:02:16.099141,76.536376953125,28.575475692749023,0.0019180679228156,0.0,0.096,0.0,0.0,0,1,-1,,1.0,2026-03-19T12:02:16.099141,neutral,0.683,2026-03-19T12:02:15.222835,0.7083479435509744,2026-03-19T12:02:16.981000,93,,,
participant_30,1,day,Town10HD_Opt,2026-03-19 12:02:17.228112,76.536376953125,28.575475692749023,0.0019180679228156,0.0,0.465,0.0,0.0,0,0,1,,0.85,2026-03-19T12:02:17.228112,neutral,0.742,2026-03-19T12:02:17.228112,0.6039334470131231,2026-03-19T12:02:18.016000,93,,,
participant_30,1,day,Town10HD_Opt,2026-03-19 12:02:18.104610,76.536376953125,28.575475692749023,0.0019180679228156,0.0,0.404,0.0,0.0,0,0,1,,0.938,2026-03-19T12:02:18.104610,neutral,0.742,2026-03-19T12:02:17.228112,0.6053173891818834,2026-03-19T12:02:19.008000,94,,,
participant_30,1,day,Town10HD_Opt,2026-03-19 12:02:19.197296,76.536376953125,28.575475692749023,0.0019180679228156,0.0,0.383,0.0,0.0,0,0,1,,0.927,2026-03-19T12:02:19.197296,neutral,0.742,2026-03-19T12:02:17.228112,0.6254430963246973,2026-03-19T12:02:19.998000,98,,,
participant_30,1,day,Town10HD_Opt,2026-03-19 12:02:20.025107,76.536376953125,28.575475692749023,0.0019180679228156,0.0,0.376,0.0,0.0,0,0,1,,0.904,2026-03-19T12:02:20.025107,neutral,0.79,2026-03-19T12:02:20.025107,0.5923512403083451,2026-03-19T12:02:19.998000,99,,,
participant_30,1,day,Town10HD_Opt,2026-03-19 12:02:21.092244,76.536376953125,28.575475692749023,0.0019180679228156,0.0,0.376,0.0,0.0,0,0,1,,0.92,2026-03-19T12:02:21.092244,neutral,0.79,2026-03-19T12:02:20.025107,0.6669102940128966,2026-03-19T12:02:20.987000,96,,,
participant_30,1,day,Town10HD_Opt,2026-03-19 12:02:22.245962,76.64915466308594,28.575401306152344,0.00180137634743,2.576,-0.865,0.179,0.0,0,0,1,,0.926,2026-03-19T12:02:22.245962,neutral,0.819,2026-03-19T12:02:22.245962,0.5866047220313608,2026-03-19T12:02:23.103000,98,,,
participant_30,1,day,Town10HD_Opt,2026-03-19 12:02:23.212946,77.2257308959961,28.57701110839844,0.0018736267229542,3.917,-1.191,0.164,0.0,0,0,1,,0.938,2026-03-19T12:02:23.212946,neutral,0.819,2026-03-19T12:02:22.245962,0.5806663327204956,2026-03-19T12:02:24.047000,96,,,
participant_30,1,day,Town10HD_Opt,2026-03-19 12:02:24.066294,78.01646423339844,28.57267570495605,0.0018862533615902,4.981,-1.455,0.162,0.0,0,0,1,,0.941,2026-03-19T12:02:24.066294,neutral,0.819,2026-03-19T12:02:22.245962,0.6021361075822907,2026-03-19T12:02:24.047000,95,,,
participant_30,1,day,Town10HD_Opt,2026-03-19 12:02:25.255036,79.15553283691406,28.566749572753903,0.0019551848527044,4.012,-0.195,0.0,0.0,0,0,1,,0.833,2026-03-19T12:02:25.255036,neutral,0.766,2026-03-19T12:02:25.255036,0.5848800065113282,2026-03-19T12:02:25.982000,98,,,
participant_30,1,day,Town10HD_Opt,2026-03-19 12:02:26.172023,79.79943084716797,28.56438446044922,0.0019493865547701,3.171,-0.195,0.0,0.0,0,0,1,,0.88,2026-03-19T12:02:26.172023,neutral,0.766,2026-03-19T12:02:25.255036,0.5038225387750068,2026-03-19T12:02:25.982000,97,,,
participant_30,1,day,Town10HD_Opt,2026-03-19 12:02:27.024812,80.15574645996094,28.56282424926757,0.002067832974717,0.0,-0.23,0.0,0.049,0,0,1,,0.89,2026-03-19T12:02:27.024812,neutral,0.766,2026-03-19T12:02:25.255036,0.523837883888888,2026-03-19T12:02:27.106000,98,,,
participant_30,1,day,Town10HD_Opt,2026-03-19 12:02:28.217088,80.15599060058594,28.562822341918945,0.0019216918153688,0.003,-0.23,0.0,0.0,0,0,1,,0.897,2026-03-19T12:02:28.217088,neutral,0.65,2026-03-19T12:02:28.217088,0.5289645157016175,2026-03-19T12:02:28.998000,94,,,
participant_30,1,day,Town10HD_Opt,2026-03-19 12:02:29.017714,80.15631866455078,28.56282424926757,0.001919021597132,0.001,-0.23,0.0,0.0,0,0,1,,0.91,2026-03-19T12:02:29.017714,neutral,0.65,2026-03-19T12:02:28.217088,0.4824887722026391,2026-03-19T12:02:28.998000,93,,,
participant_30,1,day,Town10HD_Opt,2026-03-19 12:02:30.109604,80.15642547607422,28.56282424926757,0.0019191360333934,0.001,-0.23,0.0,0.0,0,0,1,,0.928,2026-03-19T12:02:30.109604,neutral,0.65,2026-03-19T12:02:28.217088,0.4947386544149667,2026-03-19T12:02:29.987000,95,,,
participant_30,1,day,Town10HD_Opt,2026-03-19 12:02:31.148485,80.15644073486328,28.56282424926757,0.0019188689766451,0.006,-0.23,0.0,0.0,0,0,1,,0.93,2026-03-19T12:02:31.148485,neutral,0.871,2026-03-19T12:02:31.148485,0.4994235167159252,2026-03-19T12:02:32.012000,91,,,
participant_30,1,day,Town10HD_Opt,2026-03-19 12:02:31.996777,80.1563949584961,28.56282424926757,0.0019187163561582,0.006,-0.233,0.0,0.0,0,0,1,,0.915,2026-03-19T12:02:31.996777,neutral,0.871,2026-03-19T12:02:31.148485,0.4790738849937077,2026-03-19T12:02:32.012000,93,,,
participant_30,1,day,Town10HD_Opt,2026-03-19 12:02:33.129805,80.15652465820312,28.56282424926757,0.001918678288348,0.006,-0.233,0.0,0.0,0,0,1,,0.919,2026-03-19T12:02:33.129805,neutral,0.871,2026-03-19T12:02:31.148485,0.5336419732955189,2026-03-19T12:02:33.092000,91,,,
participant_30,1,day,Town10HD_Opt,2026-03-19 12:02:34.016663,80.1554946899414,28.562753677368164,0.0019161986419931,0.238,11.113,0.718,0.0,0,0,1,,0.959,2026-03-19T12:02:34.016663,neutral,0.571,2026-03-19T12:02:34.016663,0.4656402514772793,2026-03-19T12:02:34.037000,91,,,
participant_30,1,day,Town10HD_Opt,2026-03-19 12:02:35.114285,81.906982421875,28.72414970397949,0.0014438247308135,17.687,1.981,1.0,0.0,0,0,1,,0.962,2026-03-19T12:02:35.114285,neutral,0.571,2026-03-19T12:02:34.016663,0.4393491690740024,2026-03-19T12:02:36.016000,92,,,
participant_30,1,day,Town10HD_Opt,2026-03-19 12:02:36.050371,86.04549407958984,28.851919174194336,0.0015247344272211,32.305,-10.643,1.0,0.0,0,0,1,,0.921,2026-03-19T12:02:36.050371,neutral,0.505,2026-03-19T12:02:36.050371,0.4947999279501194,2026-03-19T12:02:36.016000,93,,,
participant_30,1,day,Town10HD_Opt,2026-03-19 12:02:37.140466,95.2916030883789,26.26860618591309,0.0015833663055673,51.551,-9.294,0.0,0.0,0,0,1,,0.887,2026-03-19T12:02:37.140466,neutral,0.505,2026-03-19T12:02:36.050371,0.364899352879013,2026-03-19T12:02:37.997000,91,,,
participant_30,1,day,Town10HD_Opt,2026-03-19 12:02:38.246694,103.91810607910156,18.49430084228516,0.0018512343522161,52.039,-12.309,0.0,0.212,0,0,1,,0.866,2026-03-19T12:02:38.246694,neutral,0.665,2026-03-19T12:02:38.246694,0.4454580183585347,2026-03-19T12:02:39.031000,94,,,
participant_30,1,day,Town10HD_Opt,2026-03-19 12:02:39.033730,106.68901824951172,10.419910430908203,0.0018075561383739,50.758,-6.078,0.955,0.0,0,0,1,,0.859,2026-03-19T12:02:39.033730,neutral,0.665,2026-03-19T12:02:38.246694,0.4629261969813082,2026-03-19T12:02:39.031000,94,,,
participant_30,1,day,Town10HD_Opt,2026-03-19 12:02:40.136960,106.97592163085938,-1.3870443105697632,0.0018584060017019,52.347,0.19,0.0,0.251,0,0,1,,0.901,2026-03-19T12:02:40.136960,neutral,0.665,2026-03-19T12:02:38.246694,0.4829245178334063,2026-03-19T12:02:41.012000,93,,,
participant_30,1,day,Town10HD_Opt,2026-03-19 12:02:41.187217,107.1502914428711,-12.35884952545166,0.0022818373981863,41.541,-0.237,0.242,0.0,0,0,1,,0.88,2026-03-19T12:02:41.187217,neutral,0.559,2026-03-19T12:02:41.187217,0.4496649936186965,2026-03-19T12:02:42.002000,94,,,
participant_30,1,day,Town10HD_Opt,2026-03-19 12:02:42.259111,107.1754379272461,-21.63471221923828,0.0020290755201131,39.716,-1.793,0.53,0.0,0,0,1,,0.937,2026-03-19T12:02:42.259111,neutral,0.559,2026-03-19T12:02:41.187217,0.4543879669653587,2026-03-19T12:02:42.991000,92,,,errors=Solid line crossing
participant_30,1,day,Town10HD_Opt,2026-03-19 12:02:43.065290,106.69802856445312,-28.7224235534668,0.0019811247475445,41.697,-4.247,0.526,0.0,0,0,1,,0.936,2026-03-19T12:02:43.065290,neutral,0.559,2026-03-19T12:02:41.187217,0.3954450270943443,2026-03-19T12:02:42.991000,93,,,
participant_30,1,day,Town10HD_Opt,2026-03-19 12:02:44.111087,104.4120101928711,-38.42793273925781,0.0019756315741688,44.282,-4.362,0.585,0.0,0,0,1,,0.951,2026-03-19T12:02:44.111087,neutral,0.603,2026-03-19T12:02:44.111087,0.3890153103835736,2026-03-19T12:02:44.072000,91,,,
participant_30,1,day,Town10HD_Opt,2026-03-19 12:02:45.150816,99.73304748535156,-48.12921142578125,0.0019230269826948,48.473,-5.075,0.581,0.0,0,0,1,,0.946,2026-03-19T12:02:45.150816,neutral,0.603,2026-03-19T12:02:44.111087,0.3907139839865789,2026-03-19T12:02:46.008000,93,,,
participant_30,1,day,Town10HD_Opt,2026-03-19 12:02:46.259577,92.30636596679688,-56.73206329345703,0.0020725249778479,48.347,-5.408,0.459,0.0,0,0,1,,0.921,2026-03-19T12:02:46.259577,happy,0.794,2026-03-19T12:02:46.259577,0.3221113764592388,2026-03-19T12:02:46.997000,94,,,
participant_30,1,day,Town10HD_Opt,2026-03-19 12:02:47.114242,85.43235778808594,-61.50498962402344,0.0020814132876694,47.265,-5.411,0.453,0.0,0,0,1,,0.963,2026-03-19T12:02:47.114242,happy,0.794,2026-03-19T12:02:46.259577,0.4480982767728025,2026-03-19T12:02:46.997000,94,,,
participant_30,1,day,Town10HD_Opt,2026-03-19 12:02:48.034441,77.87471771240234,-64.6449203491211,0.0020789336413145,46.315,-5.411,0.452,0.0,0,0,1,,0.969,2026-03-19T12:02:48.034441,happy,0.794,2026-03-19T12:02:46.259577,0.3874279645345169,2026-03-19T12:02:48.121000,94,,,
participant_30,1,day,Town10HD_Opt,2026-03-19 12:02:49.161964,67.3493881225586,-66.35285186767578,0.0020655822008848,45.328,-0.865,0.451,0.0,0,0,1,,0.84,2026-03-19T12:02:49.161964,happy,0.615,2026-03-19T12:02:49.161964,0.4369693483869574,2026-03-19T12:02:49.024000,96,,,
participant_30,1,day,Town10HD_Opt,2026-03-19 12:02:50.016620,59.47041320800781,-66.7975845336914,0.0020585632883012,44.825,-0.153,0.452,0.0,0,0,1,,0.921,2026-03-19T12:02:50.016620,happy,0.615,2026-03-19T12:02:49.161964,0.3821934460963559,2026-03-19T12:02:50.102000,97,,,
participant_30,1,day,Town10HD_Opt,2026-03-19 12:02:51.157264,49.0843391418457,-67.23725891113281,0.0020555877126753,44.238,-0.564,0.452,0.0,0,0,1,,0.897,2026-03-19T12:02:51.157264,happy,0.615,2026-03-19T12:02:49.161964,0.3268135220404589,2026-03-19T12:02:51.992000,99,,,
participant_30,1,day,Town10HD_Opt,2026-03-19 12:02:52.034468,41.36914443969727,-67.38018035888672,0.0020537567324936,43.906,-0.322,0.452,0.0,0,0,1,,0.914,2026-03-19T12:02:52.034468,neutral,0.55,2026-03-19T12:02:52.034468,0.4101102226932704,2026-03-19T12:02:51.992000,100,,,
participant_30,1,day,Town10HD_Opt,2026-03-19 12:02:53.247796,31.16823387145996,-67.40945434570312,0.0020514677744358,43.501,-0.176,0.452,0.0,0,0,1,,0.926,2026-03-19T12:02:53.247796,neutral,0.55,2026-03-19T12:02:52.034468,0.4893439703019629,2026-03-19T12:02:54.061000,96,,,
participant_30,1,day,Town10HD_Opt,2026-03-19 12:02:54.108222,23.68022918701172,-67.37532043457031,0.0022293853107839,39.67,-0.012,0.0,0.0,0,0,1,,0.923,2026-03-19T12:02:54.108222,happy,0.669,2026-03-19T12:02:54.108222,0.4027845361239006,2026-03-19T12:02:55.008000,96,,,
participant_30,1,day,Town10HD_Opt,2026-03-19 12:02:55.195242,15.72129249572754,-67.35131072998047,0.0023064422421157,28.194,0.425,0.0,0.0,0,0,1,,0.867,2026-03-19T12:02:55.195242,happy,0.669,2026-03-19T12:02:54.108222,0.4661598217055246,2026-03-19T12:02:55.998000,93,,,
participant_30,1,day,Town10HD_Opt,2026-03-19 12:02:56.032165,11.289505004882812,-67.3908462524414,0.0022040556650608,22.682,0.489,0.222,0.0,0,0,1,,0.854,2026-03-19T12:02:56.032165,happy,0.669,2026-03-19T12:02:54.108222,0.4088555988318825,2026-03-19T12:02:55.998000,93,,,
participant_30,1,day,Town10HD_Opt,2026-03-19 12:02:57.153799,6.375626564025879,-67.48737335205078,0.0021228790283203,19.319,0.146,0.203,0.0,0,0,1,,0.859,2026-03-19T12:02:57.153799,happy,0.535,2026-03-19T12:02:57.153799,0.5447594836831716,2026-03-19T12:02:58.022000,93,,,
participant_30,1,day,Town10HD_Opt,2026-03-19 12:02:57.995310,3.14309310913086,-67.5644760131836,0.0020263672340661,18.064,0.233,0.203,0.0,0,0,1,,0.917,2026-03-19T12:02:57.995310,happy,0.535,2026-03-19T12:02:57.153799,0.542009585684907,2026-03-19T12:02:58.022000,91,,,
participant_30,1,day,Town10HD_Opt,2026-03-19 12:02:59.125528,-0.9791035056114196,-67.67784881591797,0.001941947848536,17.11,-0.092,0.203,0.0,0,0,1,,0.952,2026-03-19T12:02:59.125528,happy,0.535,2026-03-19T12:02:57.153799,0.4920634880224996,2026-03-19T12:03:00.003000,92,,,
participant_30,1,day,Town10HD_Opt,2026-03-19 12:03:00.255692,-4.866761684417725,-67.7762451171875,0.0019396209390833,16.169,-0.148,0.203,0.0,0,0,1,,0.915,2026-03-19T12:03:00.255692,neutral,0.842,2026-03-19T12:03:00.255692,0.5010704233056538,2026-03-19T12:03:00.992000,91,,,
participant_30,1,day,Town10HD_Opt,2026-03-19 12:03:01.089070,-7.658061981201172,-67.83940887451172,0.001935577369295,15.675,-0.141,0.203,0.0,0,0,1,,0.886,2026-03-19T12:03:01.089070,neutral,0.842,2026-03-19T12:03:00.255692,0.5769200250111345,2026-03-19T12:03:00.992000,92,,,
participant_30,1,day,Town10HD_Opt,2026-03-19 12:03:02.238175,-11.25303077697754,-67.91205596923828,0.0019313811790198,15.113,-0.141,0.202,0.0,0,0,1,,0.831,2026-03-19T12:03:02.238175,neutral,0.842,2026-03-19T12:03:00.255692,0.5444795784166586,2026-03-19T12:03:03.107000,91,,,
participant_30,1,day,Town10HD_Opt,2026-03-19 12:03:03.148668,-13.874832153320312,-67.95889282226562,0.0019287872128188,14.817,-0.141,0.202,0.0,0,0,1,,0.861,2026-03-19T12:03:03.148668,neutral,0.567,2026-03-19T12:03:03.148668,0.5019556830657794,2026-03-19T12:03:04.052000,91,,,
participant_30,1,day,Town10HD_Opt,2026-03-19 12:03:04.171470,-17.231494903564453,-68.01115417480469,0.0020006941631436,12.894,-0.141,0.0,0.0,0,0,1,,0.911,2026-03-19T12:03:04.171470,neutral,0.567,2026-03-19T12:03:03.148668,0.5959007544597104,2026-03-19T12:03:04.998000,89,,,
participant_30,1,day,Town10HD_Opt,2026-03-19 12:03:05.221023,-19.801040649414062,-68.04524230957031,0.0020056152716279,9.071,-0.141,0.0,0.0,0,0,1,,0.84,2026-03-19T12:03:05.221023,neutral,0.876,2026-03-19T12:03:05.221023,0.4403982511913474,2026-03-19T12:03:05.988000,89,,,
participant_30,1,day,Town10HD_Opt,2026-03-19 12:03:06.034350,-21.17055892944336,-68.06121826171875,0.002032051095739,5.747,-0.139,0.0,0.197,0,0,1,,0.888,2026-03-19T12:03:06.034350,neutral,0.876,2026-03-19T12:03:05.221023,0.4859856255516444,2026-03-19T12:03:05.988000,86,,,
participant_30,1,day,Town10HD_Opt,2026-03-19 12:03:07.133058,-21.454553604125977,-68.06478118896484,0.0019338607089594,0.217,-0.139,0.0,0.0,0,0,1,,0.951,2026-03-19T12:03:07.133058,neutral,0.876,2026-03-19T12:03:05.221023,0.4361640858511385,2026-03-19T12:03:08.013000,86,,,
participant_30,1,day,Town10HD_Opt,2026-03-19 12:03:08.215509,-21.49733161926269,-68.06526184082031,0.0019205092685297,0.152,-0.139,0.0,0.0,0,0,1,,0.832,2026-03-19T12:03:08.215509,neutral,0.751,2026-03-19T12:03:08.215509,0.4770636175783826,2026-03-19T12:03:09.002000,88,,,
participant_30,1,day,Town10HD_Opt,2026-03-19 12:03:09.048024,-21.52086639404297,-68.06562042236328,0.0019200133392587,0.119,-0.134,0.0,0.0,0,0,1,,0.845,2026-03-19T12:03:09.048024,neutral,0.751,2026-03-19T12:03:08.215509,0.4888165979685795,2026-03-19T12:03:09.002000,87,,,
participant_30,1,day,Town10HD_Opt,2026-03-19 12:03:10.232332,-21.543981552124023,-68.06578826904297,0.001919784466736,0.085,-0.134,0.0,0.0,0,0,1,,0.864,2026-03-19T12:03:10.232332,happy,0.627,2026-03-19T12:03:10.232332,0.4656636376712074,2026-03-19T12:03:11.072000,89,,,
participant_30,1,day,Town10HD_Opt,2026-03-19 12:03:11.045875,-21.556697845458984,-68.06578826904297,0.0019196319626644,0.066,-0.134,0.0,0.0,0,0,1,,0.908,2026-03-19T12:03:11.045875,happy,0.627,2026-03-19T12:03:10.232332,0.4128185338208687,2026-03-19T12:03:11.072000,88,,,
participant_30,1,day,Town10HD_Opt,2026-03-19 12:03:12.153335,-21.56918716430664,-68.06578826904297,0.0019194793421775,0.009,-0.134,0.017,0.0,0,0,1,,0.933,2026-03-19T12:03:12.153335,happy,0.627,2026-03-19T12:03:10.232332,0.5774363077057596,2026-03-19T12:03:13.007000,85,,,
participant_30,1,day,Town10HD_Opt,2026-03-19 12:03:13.040943,-22.10626602172852,-68.07099151611328,0.0014618682907894,10.708,-0.134,1.0,0.0,0,0,1,,0.906,2026-03-19T12:03:13.040943,neutral,0.747,2026-03-19T12:03:13.040943,0.4938697120942841,2026-03-19T12:03:13.007000,88,,,
participant_30,1,day,Town10HD_Opt,2026-03-19 12:03:14.130723,-26.727706909179688,-68.10950469970703,0.001537513686344,30.714,-0.134,1.0,0.0,0,0,1,,0.903,2026-03-19T12:03:14.130723,neutral,0.747,2026-03-19T12:03:13.040943,0.3592652809798348,2026-03-19T12:03:14.008000,88,,,
participant_30,1,day,Town10HD_Opt,2026-03-19 12:03:15.198396,-36.08663558959961,-68.14696502685547,0.0017321014311164,46.653,-0.134,0.0,0.0,0,0,1,,0.876,2026-03-19T12:03:15.198396,neutral,0.504,2026-03-19T12:03:15.198396,0.4700191981698023,2026-03-19T12:03:16.022000,90,,,
participant_30,1,day,Town10HD_Opt,2026-03-19 12:03:16.254083,-45.67043685913086,-68.11797332763672,0.0028542326763272,34.139,-0.291,0.0,0.0,0,0,1,,0.908,2026-03-19T12:03:16.254083,neutral,0.504,2026-03-19T12:03:15.198396,0.4370245545591934,2026-03-19T12:03:17.013000,91,,,
participant_30,1,day,Town10HD_Opt,2026-03-19 12:03:17.074579,-50.9959716796875,-68.04595184326172,0.002222633222118,25.421,-0.235,0.0,0.086,0,0,1,,0.909,2026-03-19T12:03:17.074579,neutral,0.504,2026-03-19T12:03:15.198396,0.4067039932606706,2026-03-19T12:03:17.013000,89,,,
participant_30,1,day,Town10HD_Opt,2026-03-19 12:03:18.155016,-56.006595611572266,-67.9534912109375,0.0020264815539121,16.099,-0.167,0.0,0.265,0,0,1,,0.942,2026-03-19T12:03:18.155016,neutral,0.806,2026-03-19T12:03:18.155016,0.4379261075484679,2026-03-19T12:03:18.993000,86,,,
participant_30,1,day,Town10HD_Opt,2026-03-19 12:03:19.196398,-59.021244049072266,-67.88705444335938,0.0020838165655732,9.223,-0.167,0.0,0.31,0,0,1,,0.894,2026-03-19T12:03:19.196398,neutral,0.806,2026-03-19T12:03:18.155016,0.3887596715900934,2026-03-19T12:03:20.028000,89,,,
participant_30,1,day,Town10HD_Opt,2026-03-19 12:03:20.206506,-60.21653366088867,-67.85845184326172,0.001920623704791,3.995,-0.075,1.0,0.0,0,0,1,,0.919,2026-03-19T12:03:20.206506,neutral,0.549,2026-03-19T12:03:20.206506,0.3807563058653601,2026-03-19T12:03:21.017000,88,,,
participant_30,1,day,Town10HD_Opt,2026-03-19 12:03:21.252854,-63.4230842590332,-67.81158447265625,0.0017057036748155,24.556,0.689,1.0,0.0,0,0,1,,0.91,2026-03-19T12:03:21.252854,neutral,0.549,2026-03-19T12:03:20.206506,0.3914349285609703,2026-03-19T12:03:22.007000,87,,,
participant_30,1,day,Town10HD_Opt,2026-03-19 12:03:22.009145,-68.89777374267578,-67.8031005859375,0.0015295027988031,40.511,-0.24,0.861,0.0,0,0,1,,0.892,2026-03-19T12:03:22.009145,neutral,0.549,2026-03-19T12:03:20.206506,0.4331562030037621,2026-03-19T12:03:22.007000,90,,,
participant_30,1,day,Town10HD_Opt,2026-03-19 12:03:23.133064,-79.67353820800781,-67.2693862915039,0.0017801666399464,51.521,-9.138,0.0,0.175,0,0,1,,0.913,2026-03-19T12:03:23.133064,neutral,0.628,2026-03-19T12:03:23.133064,0.4119286921139812,2026-03-19T12:03:24.033000,87,,,
participant_30,1,day,Town10HD_Opt,2026-03-19 12:03:24.191527,-89.82466888427734,-62.42768859863281,0.0020885085687041,47.991,-14.278,0.323,0.0,0,0,1,,0.954,2026-03-19T12:03:24.191527,neutral,0.628,2026-03-19T12:03:23.133064,0.3436100035831331,2026-03-19T12:03:25.023000,88,,,errors=Solid line crossing
participant_30,1,day,Town10HD_Opt,2026-03-19 12:03:25.052787,-94.17925262451172,-55.7358283996582,0.0021744917612522,43.788,-1.535,0.362,0.0,0,0,1,,0.846,2026-03-19T12:03:25.052787,neutral,0.628,2026-03-19T12:03:23.133064,0.442339626096478,2026-03-19T12:03:25.023000,87,,,
participant_30,1,day,Town10HD_Opt,2026-03-19 12:03:26.133771,-98.9609375,-47.151702880859375,0.0021226501557976,40.619,8.203,0.376,0.0,0,0,1,,0.921,2026-03-19T12:03:26.133771,neutral,0.491,2026-03-19T12:03:26.133771,0.3769552346701659,2026-03-19T12:03:27.003000,87,,,
participant_30,1,day,Town10HD_Opt,2026-03-19 12:03:27.212928,-105.77586364746094,-41.00408172607422,0.0021051024086773,38.195,-2.12,0.336,0.0,0,0,1,,0.888,2026-03-19T12:03:27.212928,neutral,0.491,2026-03-19T12:03:26.133771,0.3669994456082166,2026-03-19T12:03:27.993000,87,,,
participant_30,1,day,Town10HD_Opt,2026-03-19 12:03:28.008741,-110.687255859375,-36.78620529174805,0.0021740340162068,34.81,-7.758,0.0,0.0,0,0,1,,0.936,2026-03-19T12:03:28.008741,neutral,0.491,2026-03-19T12:03:26.133771,0.4602031900728205,2026-03-19T12:03:27.993000,86,,,errors=Solid line crossing
participant_30,1,day,Town10HD_Opt,2026-03-19 12:03:29.101624,-114.75983428955078,-31.157506942749023,0.0023770141415297,23.304,-8.134,0.0,0.0,0,0,1,,0.959,2026-03-19T12:03:29.101624,neutral,0.322,2026-03-19T12:03:29.101624,0.3295398359412005,2026-03-19T12:03:29.118000,88,,,
participant_30,1,day,Town10HD_Opt,2026-03-19 12:03:30.192071,-41.66891098022461,89.74463653564453,-0.0667848587036132,0.943,-9.081,0.0,0.0,0,0,0,,0.857,2026-03-19T12:03:30.192071,neutral,0.322,2026-03-19T12:03:29.101624,0.3257988328305295,2026-03-19T12:03:31.008000,90,,,
participant_30,1,day,Town10HD_Opt,2026-03-19 12:03:31.014885,-41.669036865234375,89.74549865722656,0.0009953307453542,0.02,-7.998,0.542,0.0,0,0,0,,0.951,2026-03-19T12:03:31.014885,neutral,0.322,2026-03-19T12:03:29.101624,0.3954547764913422,2026-03-19T12:03:31.008000,88,,,
participant_30,1,day,Town10HD_Opt,2026-03-19 12:03:32.109522,-41.68479537963867,88.49150848388672,0.001382827758789,16.544,-0.78,0.938,0.0,0,0,1,,0.81,2026-03-19T12:03:32.109522,sad,0.403,2026-03-19T12:03:32.109522,0.3390302087761912,2026-03-19T12:03:31.997000,88,,,
participant_30,1,day,Town10HD_Opt,2026-03-19 12:03:33.223000,-41.75429153442383,83.73399353027344,0.0021390533074736,17.938,2.69,0.0,0.0,0,0,1,,0.898,2026-03-19T12:03:33.223000,sad,0.403,2026-03-19T12:03:32.109522,0.4122798564985774,2026-03-19T12:03:33.034000,86,,,
participant_30,1,day,Town10HD_Opt,2026-03-19 12:03:34.041559,-41.67531204223633,81.0240249633789,0.0020444488618522,13.368,2.883,0.0,0.0,0,0,1,,0.912,2026-03-19T12:03:34.041559,sad,0.403,2026-03-19T12:03:32.109522,0.3861758798284924,2026-03-19T12:03:34.161000,88,,,
participant_30,1,day,Town10HD_Opt,2026-03-19 12:03:35.159394,-41.234954833984375,78.32180786132812,0.0018331527244299,13.155,16.396,0.708,0.0,0,0,1,,0.933,2026-03-19T12:03:35.159394,neutral,0.363,2026-03-19T12:03:35.159394,0.3792929433148125,2026-03-19T12:03:35.058000,86,,,
participant_30,1,day,Town10HD_Opt,2026-03-19 12:03:36.028881,-40.0277214050293,75.5976333618164,0.0019065093947574,21.439,16.555,0.785,0.0,0,0,1,,1.0,2026-03-19T12:03:36.028881,neutral,0.363,2026-03-19T12:03:35.159394,0.467437219355682,2026-03-19T12:03:36.095000,89,,,
participant_30,1,day,Town10HD_Opt,2026-03-19 12:03:37.207517,-35.99048614501953,71.25700378417969,0.0021292113233357,26.128,22.946,0.0,0.0,0,0,1,,0.818,2026-03-19T12:03:37.207517,neutral,0.364,2026-03-19T12:03:37.207517,0.4194129833793382,2026-03-19T12:03:37.085000,91,,,
participant_30,1,day,Town10HD_Opt,2026-03-19 12:03:38.123548,-32.27998352050781,70.00838470458984,0.0022810362279415,19.055,12.864,0.0,0.0,0,0,1,,0.844,2026-03-19T12:03:38.123548,neutral,0.364,2026-03-19T12:03:37.207517,0.4657579009765022,2026-03-19T12:03:39.017000,91,,,
participant_30,1,day,Town10HD_Opt,2026-03-19 12:03:39.257283,-27.90357780456543,69.49747467041016,0.001851386972703,23.015,7.335,0.737,0.0,0,0,1,,0.832,2026-03-19T12:03:39.257283,sad,0.359,2026-03-19T12:03:39.257283,0.3378957624318408,2026-03-19T12:03:40.052000,93,,,
participant_30,1,day,Town10HD_Opt,2026-03-19 12:03:40.126940,-23.346418380737305,69.48833465576172,0.0019328689668327,27.982,2.817,0.404,0.0,0,0,1,,1.0,2026-03-19T12:03:40.126940,sad,0.359,2026-03-19T12:03:39.257283,0.4299132890785022,2026-03-19T12:03:40.052000,92,,,
participant_30,1,day,Town10HD_Opt,2026-03-19 12:03:41.196410,-16.72051239013672,69.8372802734375,0.0020487594883888,28.432,-1.26,0.277,0.0,0,0,1,,0.808,2026-03-19T12:03:41.196410,sad,0.359,2026-03-19T12:03:39.257283,0.3145450115546225,2026-03-19T12:03:42.034000,92,,,
participant_30,1,day,Town10HD_Opt,2026-03-19 12:03:42.038017,-11.903238296508787,69.99247741699219,0.0021087264176458,26.336,-0.298,0.273,0.0,0,0,1,,0.882,2026-03-19T12:03:42.038017,sad,0.426,2026-03-19T12:03:42.038017,0.3658818482107971,2026-03-19T12:03:42.034000,94,,,
participant_30,1,day,Town10HD_Opt,2026-03-19 12:03:43.192532,-5.99774694442749,70.10596466064453,0.0020953367929905,24.176,-0.858,0.277,0.0,0,0,1,,0.841,2026-03-19T12:03:43.192532,sad,0.426,2026-03-19T12:03:42.038017,0.3225669969648542,2026-03-19T12:03:44.013000,92,,,
participant_30,1,day,Town10HD_Opt,2026-03-19 12:03:44.039696,-1.8869503736495967,70.11502075195312,0.0020918273366987,22.7,-0.562,0.259,0.0,0,0,1,,0.861,2026-03-19T12:03:44.039696,neutral,0.323,2026-03-19T12:03:44.039696,0.3812685833922783,2026-03-19T12:03:44.013000,91,,,
participant_30,1,day,Town10HD_Opt,2026-03-19 12:03:45.193588,3.23567008972168,70.09048461914062,0.0020509338937699,21.683,0.047,0.333,0.0,0,0,1,,1.0,2026-03-19T12:03:45.193588,neutral,0.323,2026-03-19T12:03:44.039696,0.4194412283350737,2026-03-19T12:03:45.995000,88,,,
participant_30,1,day,Town10HD_Opt,2026-03-19 12:03:46.078328,7.025050640106201,70.08206939697266,0.0020434951875358,21.679,0.155,0.332,0.0,0,0,1,,0.808,2026-03-19T12:03:46.078328,sad,0.438,2026-03-19T12:03:46.078328,0.4037991372291906,2026-03-19T12:03:45.995000,91,,,
participant_30,1,day,Town10HD_Opt,2026-03-19 12:03:47.269345,12.072315216064451,70.08930206298828,0.0020510863978415,21.426,-0.223,0.072,0.0,0,0,1,,0.816,2026-03-19T12:03:47.269345,sad,0.438,2026-03-19T12:03:46.078328,0.4521576743692924,2026-03-19T12:03:48.018000,91,,,
participant_30,1,day,Town10HD_Opt,2026-03-19 12:03:48.149166,15.471888542175291,70.0875244140625,0.0019374083494767,17.05,-0.021,0.0,0.0,0,0,1,,0.875,2026-03-19T12:03:48.149166,sad,0.331,2026-03-19T12:03:48.149166,0.3807576774680206,2026-03-19T12:03:49.008000,91,,,
participant_30,1,day,Town10HD_Opt,2026-03-19 12:03:49.240561,18.87461471557617,70.08182525634766,0.0020334625151008,12.01,-0.08,0.0,0.0,0,0,1,,0.861,2026-03-19T12:03:49.240561,sad,0.331,2026-03-19T12:03:48.149166,0.370675357865758,2026-03-19T12:03:49.998000,93,,,
participant_30,1,day,Town10HD_Opt,2026-03-19 12:03:50.151514,20.746076583862305,70.07647705078125,0.0020074462518095,9.091,-0.08,0.0,0.0,0,0,1,,0.883,2026-03-19T12:03:50.151514,neutral,0.421,2026-03-19T12:03:50.151514,0.402641131472174,2026-03-19T12:03:51.033000,93,,,
participant_30,1,day,Town10HD_Opt,2026-03-19 12:03:51.238427,22.65342140197754,70.0692138671875,0.0019344328902661,7.609,-0.08,0.0,0.0,0,0,1,,0.833,2026-03-19T12:03:51.238427,neutral,0.421,2026-03-19T12:03:50.151514,0.3711590693249422,2026-03-19T12:03:52.022000,92,,,
participant_30,1,day,Town10HD_Opt,2026-03-19 12:03:52.172258,23.84090614318848,70.06387329101562,0.0019896698649972,5.631,-0.08,0.041,0.0,0,0,1,,0.912,2026-03-19T12:03:52.172258,neutral,0.581,2026-03-19T12:03:52.172258,0.4329612759619193,2026-03-19T12:03:53.013000,92,,,
participant_30,1,day,Town10HD_Opt,2026-03-19 12:03:53.020157,24.708480834960938,70.05950927734375,0.0019654082134366,4.197,-0.08,0.033,0.0,0,0,1,,0.919,2026-03-19T12:03:53.020157,neutral,0.581,2026-03-19T12:03:52.172258,0.3667242914302765,2026-03-19T12:03:53.013000,93,,,
participant_30,1,day,Town10HD_Opt,2026-03-19 12:03:54.178330,25.53315544128418,70.05504608154297,0.0019506835378706,2.839,-0.08,0.0,0.0,0,0,1,,0.892,2026-03-19T12:03:54.178330,neutral,0.753,2026-03-19T12:03:54.178330,0.361952064004436,2026-03-19T12:03:54.993000,94,,,
participant_30,1,day,Town10HD_Opt,2026-03-19 12:03:55.012496,26.03948402404785,70.0521469116211,0.0019394683185964,2.572,-0.08,0.0,0.0,0,0,1,,0.913,2026-03-19T12:03:55.012496,neutral,0.753,2026-03-19T12:03:54.178330,0.3835425704456073,2026-03-19T12:03:54.993000,92,,,
participant_30,1,day,Town10HD_Opt,2026-03-19 12:03:56.148545,26.26230812072754,70.05075073242188,0.0019446181831881,0.0,-0.082,0.0,0.063,0,0,1,,0.944,2026-03-19T12:03:56.148545,neutral,0.753,2026-03-19T12:03:54.178330,0.3317680006621384,2026-03-19T12:03:57.018000,93,,,
participant_30,1,day,Town10HD_Opt,2026-03-19 12:03:57.007523,26.334379196166992,70.05040740966797,0.0017467498546466,4.302,-0.305,0.951,0.0,0,0,1,,0.935,2026-03-19T12:03:57.007523,sad,0.417,2026-03-19T12:03:57.007523,0.449972596611883,2026-03-19T12:03:57.018000,93,,,errors=Stop sign violation
participant_30,1,day,Town10HD_Opt,2026-03-19 12:03:58.152562,29.34881591796875,69.96923828125,0.0017635726835578,21.904,-6.236,0.807,0.0,0,0,1,,0.879,2026-03-19T12:03:58.152562,sad,0.417,2026-03-19T12:03:57.007523,0.4105285324406823,2026-03-19T12:03:58.998000,90,,,
participant_30,1,day,Town10HD_Opt,2026-03-19 12:03:59.066003,33.68601989746094,69.1690444946289,0.001865844707936,28.45,-12.1,0.574,0.0,0,0,1,,1.0,2026-03-19T12:03:59.066003,neutral,0.514,2026-03-19T12:03:59.066003,0.4274478384127989,2026-03-19T12:03:58.998000,90,,,
participant_30,1,day,Town10HD_Opt,2026-03-19 12:04:00.194587,39.95670700073242,65.64527130126953,0.0019701765850186,33.316,-12.621,0.476,0.0,0,0,1,,0.91,2026-03-19T12:04:00.194587,neutral,0.514,2026-03-19T12:03:59.066003,0.3791308936828907,2026-03-19T12:04:01.025000,86,,,
participant_30,1,day,Town10HD_Opt,2026-03-19 12:04:01.048636,43.47140502929688,61.11943054199219,0.0022247694432735,30.448,-14.727,0.0,0.0,0,0,1,,1.0,2026-03-19T12:04:01.048636,neutral,0.514,2026-03-19T12:03:59.066003,0.4118084704931736,2026-03-19T12:04:01.025000,86,,,
participant_30,1,day,Town10HD_Opt,2026-03-19 12:04:02.180420,44.86357498168945,55.31790542602539,0.0022750853095203,20.313,-10.156,0.0,0.0,0,0,1,,0.81,2026-03-19T12:04:02.180420,sad,0.285,2026-03-19T12:04:02.180420,0.3802503330042502,2026-03-19T12:04:03.003000,88,,,
participant_30,1,day,Town10HD_Opt,2026-03-19 12:04:03.094937,44.70899200439453,52.057655334472656,0.0019261168781667,17.534,-8.51,0.402,0.0,0,0,1,,0.87,2026-03-19T12:04:03.094937,sad,0.285,2026-03-19T12:04:02.180420,0.3662438692083214,2026-03-19T12:04:03.003000,87,,,
participant_30,1,day,Town10HD_Opt,2026-03-19 12:04:04.253222,44.191253662109375,47.86604309082031,0.0020302962511777,18.898,2.092,0.524,0.0,0,0,1,,0.964,2026-03-19T12:04:04.253222,neutral,0.798,2026-03-19T12:04:04.253222,0.3472256065255178,2026-03-19T12:04:04.173000,89,,,
participant_30,1,day,Town10HD_Opt,2026-03-19 12:04:05.100310,43.90956115722656,44.28910446166992,0.0019321059808135,22.321,2.259,0.355,0.0,0,0,1,,0.949,2026-03-19T12:04:05.100310,neutral,0.798,2026-03-19T12:04:04.253222,0.5114179985950968,2026-03-19T12:04:05.209000,90,,,
participant_30,1,day,Town10HD_Opt,2026-03-19 12:04:06.232525,43.88935470581055,39.20518112182617,0.0020841597579419,20.911,7.406,0.36,0.0,0,0,1,,0.957,2026-03-19T12:04:06.232525,neutral,0.798,2026-03-19T12:04:04.253222,0.4610891429001211,2026-03-19T12:04:07.008000,89,,,
participant_30,1,day,Town10HD_Opt,2026-03-19 12:04:07.065281,44.54862594604492,35.57023620605469,0.0020207976922392,21.808,13.904,0.504,0.0,0,0,1,,0.937,2026-03-19T12:04:07.065281,neutral,0.385,2026-03-19T12:04:07.065281,0.3949684641692413,2026-03-19T12:04:07.008000,90,,,
participant_30,1,day,Town10HD_Opt,2026-03-19 12:04:08.154405,47.34722900390625,30.729217529296875,0.0019181059906259,27.493,17.174,0.408,0.0,0,0,1,,1.0,2026-03-19T12:04:08.154405,neutral,0.385,2026-03-19T12:04:07.065281,0.4360442209572277,2026-03-19T12:04:09.036000,87,,,
participant_30,1,day,Town10HD_Opt,2026-03-19 12:04:09.041402,51.08882522583008,27.98543167114257,0.0022438429296016,23.74,15.42,0.0,0.0,0,0,1,,0.908,2026-03-19T12:04:09.041402,neutral,0.385,2026-03-19T12:04:07.065281,0.3621108012343221,2026-03-19T12:04:09.036000,90,,,
participant_30,1,day,Town10HD_Opt,2026-03-19 12:04:10.257377,56.15185546875,26.56126594543457,0.001969528151676,24.014,7.677,0.496,0.0,0,0,1,,0.902,2026-03-19T12:04:10.257377,neutral,0.532,2026-03-19T12:04:10.257377,0.4024543267683453,2026-03-19T12:04:11.013000,88,,,
participant_30,1,day,Town10HD_Opt,2026-03-19 12:04:11.094428,60.58243560791016,26.117816925048828,0.0019985961262136,25.966,-1.048,0.0,0.0,0,0,1,,0.863,2026-03-19T12:04:11.094428,neutral,0.532,2026-03-19T12:04:10.257377,0.4198011494581283,2026-03-19T12:04:11.013000,88,,,
participant_30,1,day,Town10HD_Opt,2026-03-19 12:04:12.241091,65.7491226196289,25.408308029174805,0.0022367858327925,18.041,0.719,0.0,0.0,0,0,1,,1.0,2026-03-19T12:04:12.241091,neutral,0.532,2026-03-19T12:04:10.257377,0.4317933178815685,2026-03-19T12:04:13.038000,89,,,
participant_30,1,day,Town10HD_Opt,2026-03-19 12:04:13.035901,68.60173797607422,25.02493667602539,0.0019987486302852,15.034,2.826,0.173,0.0,0,0,1,,0.946,2026-03-19T12:04:13.035901,neutral,0.432,2026-03-19T12:04:13.035901,0.3963879039363805,2026-03-19T12:04:13.038000,89,,,
participant_30,1,day,Town10HD_Opt,2026-03-19 12:04:14.105590,71.97647094726562,24.779903411865234,0.0019443511264398,13.962,3.61,0.171,0.0,0,0,1,,0.93,2026-03-19T12:04:14.105590,neutral,0.432,2026-03-19T12:04:13.035901,0.3405760259972376,2026-03-19T12:04:14.118000,89,,,
participant_30,1,day,Town10HD_Opt,2026-03-19 12:04:15.137347,75.14189147949219,24.75308990478516,0.0019387054489925,13.131,3.601,0.074,0.0,0,0,1,,0.936,2026-03-19T12:04:15.137347,fear,0.356,2026-03-19T12:04:15.137347,0.3515057371279514,2026-03-19T12:04:16.009000,88,,,
participant_30,1,day,Town10HD_Opt,2026-03-19 12:04:16.192698,77.84391784667969,24.851057052612305,0.0020083617419004,9.62,-0.938,0.0,0.0,0,0,1,,0.908,2026-03-19T12:04:16.192698,fear,0.356,2026-03-19T12:04:15.137347,0.4254042047693187,2026-03-19T12:04:16.998000,93,,,
participant_30,1,day,Town10HD_Opt,2026-03-19 12:04:17.233432,79.75199890136719,24.891584396362305,0.0020079803653061,6.252,0.446,0.0,0.228,0,0,1,,0.856,2026-03-19T12:04:17.233432,sad,0.34,2026-03-19T12:04:17.233432,0.3763144821906078,2026-03-19T12:04:18.122000,92,,,
participant_30,1,day,Town10HD_Opt,2026-03-19 12:04:17.997815,80.05154418945312,24.899477005004883,0.0020004652906209,0.0,0.449,0.0,0.239,0,0,1,,0.894,2026-03-19T12:04:17.997815,sad,0.34,2026-03-19T12:04:17.233432,0.3698825590008714,2026-03-19T12:04:18.122000,92,,,
participant_30,1,day,Town10HD_Opt,2026-03-19 12:04:19.005773,80.05168914794922,24.89947891235352,0.0019203185802325,0.006,0.449,0.0,0.0,0,0,1,,0.958,2026-03-19T12:04:19.005773,sad,0.34,2026-03-19T12:04:17.233432,0.3547129959988573,2026-03-19T12:04:19.027000,94,,,
participant_30,1,day,Town10HD_Opt,2026-03-19 12:04:20.078029,80.05178833007812,24.89947891235352,0.0019193267216905,0.006,0.449,0.0,0.0,0,0,1,,0.909,2026-03-19T12:04:20.078029,neutral,0.504,2026-03-19T12:04:20.078029,0.3867512893234818,2026-03-19T12:04:20.013000,93,,,
participant_30,1,day,Town10HD_Opt,2026-03-19 12:04:21.190920,80.05189514160156,24.89947891235352,0.001919288537465,0.006,0.449,0.0,0.0,0,0,1,,0.945,2026-03-19T12:04:21.190920,neutral,0.504,2026-03-19T12:04:20.078029,0.4089734848636127,2026-03-19T12:04:22.038000,90,,,
participant_30,1,day,Town10HD_Opt,2026-03-19 12:04:22.251045,80.05199432373047,24.89947891235352,0.001919288537465,0.006,0.449,0.0,0.0,0,0,1,,0.869,2026-03-19T12:04:22.251045,neutral,0.403,2026-03-19T12:04:22.251045,0.4006318073169749,2026-03-19T12:04:23.118000,88,,,
participant_30,1,day,Town10HD_Opt,2026-03-19 12:04:23.172835,80.05210876464844,24.89947891235352,0.001919021597132,0.001,0.449,0.0,0.0,0,0,1,,0.918,2026-03-19T12:04:23.172835,neutral,0.403,2026-03-19T12:04:22.251045,0.3734260739219655,2026-03-19T12:04:24.019000,87,,,
participant_30,1,day,Town10HD_Opt,2026-03-19 12:04:24.253615,80.05224609375,24.89947891235352,0.001919021597132,0.001,0.449,0.0,0.0,0,0,1,,0.905,2026-03-19T12:04:24.253615,neutral,0.487,2026-03-19T12:04:24.253615,0.3304828460389791,2026-03-19T12:04:25.008000,87,,,
participant_30,1,day,Town10HD_Opt,2026-03-19 12:04:25.041558,80.05220031738281,24.89947891235352,0.0019188307924196,0.001,0.446,0.0,0.0,0,0,1,,0.939,2026-03-19T12:04:25.041558,neutral,0.487,2026-03-19T12:04:24.253615,0.4078773070450556,2026-03-19T12:04:25.008000,90,,,
participant_30,1,day,Town10HD_Opt,2026-03-19 12:04:26.113204,80.05233001708984,24.89947891235352,0.0019188689766451,0.001,0.242,0.0,0.0,0,0,1,,0.906,2026-03-19T12:04:26.113204,neutral,0.487,2026-03-19T12:04:24.253615,0.3213070596996752,2026-03-19T12:04:26.010000,87,,,
participant_30,1,day,Town10HD_Opt,2026-03-19 12:04:27.230321,80.06922912597656,24.89986801147461,0.0018923949683085,0.449,-0.226,0.0,0.0,0,0,1,,0.954,2026-03-19T12:04:27.230321,sad,0.36,2026-03-19T12:04:27.230321,0.4112094238919334,2026-03-19T12:04:28.023000,88,,,
participant_30,1,day,Town10HD_Opt,2026-03-19 12:04:28.065289,80.14186096191406,24.901594161987305,0.0019218062516301,0.176,-0.256,0.306,0.0,0,0,1,,0.958,2026-03-19T12:04:28.065289,sad,0.36,2026-03-19T12:04:27.230321,0.3658174084569117,2026-03-19T12:04:28.023000,88,,,
participant_30,1,day,Town10HD_Opt,2026-03-19 12:04:29.181759,81.45272064208984,24.92140007019043,0.0017898940714076,9.665,-0.496,0.0,0.0,0,0,1,,0.933,2026-03-19T12:04:29.181759,sad,0.36,2026-03-19T12:04:27.230321,0.369383214646167,2026-03-19T12:04:30.004000,89,,,
participant_30,1,day,Town10HD_Opt,2026-03-19 12:04:29.993758,82.96038818359375,24.94384384155273,0.0019929122645407,7.386,-0.289,0.067,0.0,0,0,1,,0.967,2026-03-19T12:04:29.993758,sad,0.372,2026-03-19T12:04:29.993758,0.4030556809150505,2026-03-19T12:04:30.004000,90,,,
participant_30,1,day,Town10HD_Opt,2026-03-19 12:04:31.110056,84.21341705322266,24.960378646850582,0.0022790527436882,0.271,-0.228,0.244,0.0,0,0,1,,0.935,2026-03-19T12:04:31.110056,sad,0.372,2026-03-19T12:04:29.993758,0.4279131782218718,2026-03-19T12:04:31.038000,85,Solid line crossing,Solid line crossing,
participant_30,1,day,Town10HD_Opt,2026-03-19 12:04:32.238804,85.20317840576172,25.01468276977539,0.0015064621111378,11.761,8.527,0.739,0.0,0,0,1,,0.936,2026-03-19T12:04:32.238804,neutral,0.353,2026-03-19T12:04:32.238804,0.4662040850117621,2026-03-19T12:04:33.019000,86,,,errors=Vehicle-pedestrian collision
participant_30,1,day,Town10HD_Opt,2026-03-19 12:04:33.067862,88.12083435058594,25.274614334106445,0.0017728041857481,23.003,1.45,1.0,0.0,0,0,1,,0.801,2026-03-19T12:04:33.067862,neutral,0.353,2026-03-19T12:04:32.238804,0.3837633620433424,2026-03-19T12:04:33.019000,87,,,
participant_30,1,day,Town10HD_Opt,2026-03-19 12:04:34.128592,95.79196166992188,25.947582244873047,0.0015717315254732,43.532,-6.355,0.948,0.0,0,0,1,,0.922,2026-03-19T12:04:34.128592,neutral,0.353,2026-03-19T12:04:32.238804,0.4612754482231659,2026-03-19T12:04:34.999000,88,,,
participant_30,1,day,Town10HD_Opt,2026-03-19 12:04:35.241852,106.68406677246094,23.625289916992188,0.0022411728277802,46.15,-19.961,0.0,0.0,0,0,1,,1.0,2026-03-19T12:04:35.241852,neutral,0.501,2026-03-19T12:04:35.241852,0.452111975256171,2026-03-19T12:04:36.034000,84,,,
participant_30,1,day,Town10HD_Opt,2026-03-19 12:04:36.234751,111.48505401611328,16.350553512573242,0.0024081037845462,31.18,-15.948,0.0,0.0,0,0,1,,1.0,2026-03-19T12:04:36.234751,neutral,0.501,2026-03-19T12:04:35.241852,0.5092114269835872,2026-03-19T12:04:37.024000,86,,,
participant_30,1,day,Town10HD_Opt,2026-03-19 12:04:37.036609,111.3895263671875,11.586627960205078,0.0023230360820889,23.825,-16.918,0.0,0.0,0,0,1,,0.89,2026-03-19T12:04:37.036609,neutral,0.501,2026-03-19T12:04:35.241852,0.4794633354377918,2026-03-19T12:04:37.024000,88,,,
participant_30,1,day,Town10HD_Opt,2026-03-19 12:04:38.065701,109.46866607666016,7.458337306976318,0.0020052718464285,16.019,-16.104,0.0,0.0,0,0,1,,0.817,2026-03-19T12:04:38.065701,neutral,0.463,2026-03-19T12:04:38.065701,0.4130562374155774,2026-03-19T12:04:38.058000,86,,,
participant_30,1,day,Town10HD_Opt,2026-03-19 12:04:39.199593,107.52971649169922,4.85882568359375,0.0020299148745834,11.461,6.049,0.0,0.0,0,0,1,,0.951,2026-03-19T12:04:39.199593,neutral,0.463,2026-03-19T12:04:38.065701,0.4695030951294543,2026-03-19T12:04:39.138000,90,Vehicle collision,Vehicle collision,
participant_30,1,day,Town10HD_Opt,2026-03-19 12:04:40.226238,106.56526184082033,2.8230907917022705,0.0020202253945171,7.892,30.621,0.0,0.0,0,0,1,,0.858,2026-03-19T12:04:40.226238,sad,0.35,2026-03-19T12:04:40.226238,0.4344941498289035,2026-03-19T12:04:41.033000,90,,,
participant_30,1,day,Town10HD_Opt,2026-03-19 12:04:41.013447,106.4784164428711,1.629465103149414,0.0019917297177016,6.032,37.984,0.0,0.0,0,0,1,,0.928,2026-03-19T12:04:41.013447,sad,0.35,2026-03-19T12:04:40.226238,0.4699506902506712,2026-03-19T12:04:41.033000,89,,,
participant_30,1,day,Town10HD_Opt,2026-03-19 12:04:42.091631,106.7506103515625,0.5049312114715576,0.0019785689655691,4.219,51.627,0.0,0.0,0,0,1,,0.951,2026-03-19T12:04:42.091631,sad,0.35,2026-03-19T12:04:40.226238,0.4342039197588784,2026-03-19T12:04:42.063000,85,,,
participant_30,1,day,Town10HD_Opt,2026-03-19 12:04:43.161652,107.14342498779295,-0.2127965837717056,0.0019453048007562,3.172,32.026,0.376,0.0,0,0,1,,0.987,2026-03-19T12:04:43.161652,fear,0.336,2026-03-19T12:04:43.161652,0.4480004604366049,2026-03-19T12:04:43.999000,86,,,
participant_30,1,day,Town10HD_Opt,2026-03-19 12:04:44.227750,107.65000915527344,-1.7593239545822144,0.0017631911905482,10.418,-3.733,0.0,0.0,0,0,1,,0.938,2026-03-19T12:04:44.227750,fear,0.336,2026-03-19T12:04:43.161652,0.4864696577305888,2026-03-19T12:04:45.078000,88,,,
participant_30,1,day,Town10HD_Opt,2026-03-19 12:04:45.014491,108.0204086303711,-3.371577262878418,0.00199157721363,8.06,-9.492,0.0,0.0,0,0,1,,0.928,2026-03-19T12:04:45.014491,fear,0.336,2026-03-19T12:04:43.161652,0.4432066984107586,2026-03-19T12:04:45.078000,85,,,
participant_30,1,day,Town10HD_Opt,2026-03-19 12:04:46.059303,108.21702575683594,-5.203818321228027,0.0017502974951639,11.211,-12.973,0.367,0.0,0,0,1,,0.816,2026-03-19T12:04:46.059303,sad,0.349,2026-03-19T12:04:46.059303,0.5426806642447781,2026-03-19T12:04:46.035000,86,,,
participant_30,1,day,Town10HD_Opt,2026-03-19 12:04:47.114513,108.03622436523438,-8.288372039794922,0.0017802810762077,16.174,-12.141,0.453,0.0,0,0,1,,1.0,2026-03-19T12:04:47.114513,sad,0.349,2026-03-19T12:04:46.059303,0.5325182604902852,2026-03-19T12:04:48.006000,91,,,
participant_30,1,day,Town10HD_Opt,2026-03-19 12:04:48.181311,107.18733215332033,-12.42805004119873,0.0019733046647161,20.006,-0.496,0.495,0.0,0,0,1,,0.815,2026-03-19T12:04:48.181311,sad,0.333,2026-03-19T12:04:48.181311,0.4758466011194781,2026-03-19T12:04:49.040000,90,,,
participant_30,1,day,Town10HD_Opt,2026-03-19 12:04:49.234326,106.32906341552734,-17.463577270507812,0.0019612121395766,23.692,8.32,0.0,0.0,0,0,1,,1.0,2026-03-19T12:04:49.234326,sad,0.333,2026-03-19T12:04:48.181311,0.487034214668463,2026-03-19T12:04:50.073000,94,,,
participant_30,1,day,Town10HD_Opt,2026-03-19 12:04:50.074311,106.4067153930664,-21.13263702392578,0.0022308730985969,17.995,11.885,0.0,0.0,0,0,1,,1.0,2026-03-19T12:04:50.074311,sad,0.333,2026-03-19T12:04:48.181311,0.4721301925307695,2026-03-19T12:04:50.073000,93,,,
participant_30,1,day,Town10HD_Opt,2026-03-19 12:04:51.145945,-41.6685676574707,89.74537658691406,-0.0547260269522666,0.906,14.239,0.0,0.0,0,0,0,,1.0,2026-03-19T12:04:51.145945,sad,0.32,2026-03-19T12:04:51.145945,0.4934300316395126,2026-03-19T12:04:51.026000,96,,,
participant_30,1,day,Town10HD_Opt,2026-03-19 12:04:52.101173,-41.66864776611328,89.7454833984375,0.0012951277894899,0.019,8.825,0.0,0.0,0,0,0,,1.0,2026-03-19T12:04:52.101173,sad,0.32,2026-03-19T12:04:51.145945,0.4690059297454599,2026-03-19T12:04:52.998000,98,,,
participant_30,1,day,Town10HD_Opt,2026-03-19 12:04:53.010883,-41.66864776611328,89.7454833984375,0.0019057082245126,0.0,1.869,0.0,0.0,0,0,0,,0.813,2026-03-19T12:04:53.010883,sad,0.32,2026-03-19T12:04:51.145945,0.5567417184393644,2026-03-19T12:04:52.998000,98,,,
participant_30,1,day,Town10HD_Opt,2026-03-19 12:04:54.374330,-41.66864776611328,89.7454833984375,0.0019173049367964,0.0,0.757,0.0,0.0,0,0,0,,1.0,2026-03-19T12:04:54.374330,sad,0.419,2026-03-19T12:04:54.374330,0.5083383246638756,2026-03-19T12:04:55.023000,103,,,
participant_30,1,day,Town10HD_Opt,2026-03-19 12:04:55.262184,-41.66864776611328,89.7454833984375,0.0019184494158253,0.0,1.14,0.0,0.0,0,0,0,,1.0,2026-03-19T12:04:55.262184,sad,0.419,2026-03-19T12:04:54.374330,0.4791606494230249,2026-03-19T12:04:56.013000,101,,,
participant_30,1,day,Town10HD_Opt,2026-03-19 12:04:56.141254,-41.66864776611328,89.7454833984375,0.0019184494158253,0.0,1.05,0.793,0.0,0,0,0,,1.0,2026-03-19T12:04:56.141254,sad,0.419,2026-03-19T12:04:54.374330,0.5002381480703224,2026-03-19T12:04:57.004000,99,,,
participant_30,1,day,Town10HD_Opt,2026-03-19 12:04:57.037659,-41.66432189941406,88.24601745605469,0.0017567825270816,11.596,-0.402,0.0,0.0,0,0,1,,1.0,2026-03-19T12:04:57.037659,sad,0.405,2026-03-19T12:04:57.037659,0.4216451679761629,2026-03-19T12:04:57.004000,101,,,
participant_30,1,day,Town10HD_Opt,2026-03-19 12:04:58.154563,-41.67994689941406,85.89611053466797,0.0020001220982521,7.326,-0.068,0.0,0.0,0,0,1,,0.8,2026-03-19T12:04:58.154563,sad,0.405,2026-03-19T12:04:57.037659,0.4494099644008485,2026-03-19T12:04:59.028000,97,,,
participant_30,1,day,Town10HD_Opt,2026-03-19 12:04:59.068308,-41.6850814819336,84.93653869628906,0.0019755936227738,4.519,0.352,0.0,0.0,0,0,1,,1.0,2026-03-19T12:04:59.068308,sad,0.43,2026-03-19T12:04:59.068308,0.4988347925569901,2026-03-19T12:04:59.028000,96,,,
participant_30,2,day,Town10HD_Opt,2026-03-19 12:15:00.000000,-41.66858673095703,89.7454833984375,0.5804919004440308,7.254,-0.355,1.0,0.0,0,0,1,,1.0,2026-03-19T12:15:00,,,2026-03-19T12:15:00,0.6216913056870219,2026-03-19T12:15:00,90,,,
participant_30,2,day,Town10HD_Opt,2026-03-19 12:15:04.248450,-41.67099380493164,89.321533203125,0.0015148925594985,8.128,-0.355,1.0,0.0,0,0,1,,1.0,2026-03-19T12:15:04.248450,,,2026-03-19T12:15:04.248450,0.6005926156587155,2026-03-19T12:15:04.913000,86,,,
participant_30,2,day,Town10HD_Opt,2026-03-19 12:15:05.350173,-41.6822395324707,87.75133514404297,0.0014716339064761,17.748,-0.355,0.727,0.0,0,0,1,,1.0,2026-03-19T12:15:05.350173,,,2026-03-19T12:15:04.248450,0.6360415830163367,2026-03-19T12:15:05.941000,89,,,
participant_30,2,day,Town10HD_Opt,2026-03-19 12:15:06.062979,-41.68540954589844,86.64447021484375,0.0018781280377879,19.691,1.264,0.688,0.0,0,0,1,,1.0,2026-03-19T12:15:06.062979,,,2026-03-19T12:15:04.248450,0.6790063339171746,2026-03-19T12:15:06.930000,88,,,
participant_30,2,day,Town10HD_Opt,2026-03-19 12:15:07.151208,-41.62776184082031,84.07276916503906,0.0017984389560297,24.626,2.732,0.667,0.0,0,0,1,,1.0,2026-03-19T12:15:07.151208,neutral,0.801,2026-03-19T12:15:07.151208,0.6036276317915829,2026-03-19T12:15:07.965000,89,,,
participant_30,2,day,Town10HD_Opt,2026-03-19 12:15:08.228599,-41.42586517333984,80.90869140625,0.0018012619111686,29.588,3.163,0.654,0.0,0,0,1,,1.0,2026-03-19T12:15:08.228599,neutral,0.801,2026-03-19T12:15:07.151208,0.5750091121900982,2026-03-19T12:15:08.910000,90,,,
participant_30,2,day,Town10HD_Opt,2026-03-19 12:15:09.314133,-40.84961318969727,77.2502212524414,0.0018459319835528,33.802,14.808,0.647,0.0,0,0,1,,1.0,2026-03-19T12:15:09.314133,neutral,0.979,2026-03-19T12:15:09.314133,0.5884234451244938,2026-03-19T12:15:09.946000,93,,,
participant_30,2,day,Town10HD_Opt,2026-03-19 12:15:10.399943,-39.088417053222656,73.55134582519531,0.0019352340605109,36.839,20.994,0.635,0.0,0,0,1,,1.0,2026-03-19T12:15:10.399943,neutral,0.979,2026-03-19T12:15:09.314133,0.5034818184151036,2026-03-19T12:15:10.935000,95,,,
participant_30,2,day,Town10HD_Opt,2026-03-19 12:15:11.476578,-35.82021713256836,70.56552124023438,0.0019625853747129,39.5,18.991,0.634,0.0,0,0,1,,1.0,2026-03-19T12:15:11.476578,neutral,0.99,2026-03-19T12:15:11.476578,0.5335815037555884,2026-03-19T12:15:11.925000,95,,,
participant_30,2,day,Town10HD_Opt,2026-03-19 12:15:12.052479,-33.72086715698242,69.55364990234375,0.0019746017642319,40.613,19.022,0.633,0.0,0,0,1,,1.0,2026-03-19T12:15:12.052479,neutral,0.99,2026-03-19T12:15:11.476578,0.5515054918347406,2026-03-19T12:15:12.916000,92,,,
participant_30,2,day,Town10HD_Opt,2026-03-19 12:15:13.274495,-28.94917869567871,68.84298706054688,0.0019642256665974,42.891,8.315,0.61,0.0,0,0,1,,1.0,2026-03-19T12:15:13.274495,neutral,0.99,2026-03-19T12:15:11.476578,0.4005243425413533,2026-03-19T12:15:13.906000,88,,,errors=Solid line crossing
participant_30,2,day,Town10HD_Opt,2026-03-19 12:15:14.369757,-23.78750991821289,69.12405395507812,0.0019251251360401,45.509,-2.565,0.597,0.0,0,0,1,,1.0,2026-03-19T12:15:14.369757,neutral,0.995,2026-03-19T12:15:14.369757,0.4152260846253609,2026-03-19T12:15:14.940000,88,,,
participant_30,2,day,Town10HD_Opt,2026-03-19 12:15:15.398697,-18.356374740600582,69.4056396484375,0.0019378280267119,47.627,0.414,0.578,0.0,0,0,1,,1.0,2026-03-19T12:15:15.398697,neutral,0.995,2026-03-19T12:15:14.369757,0.4423198393709369,2026-03-19T12:15:15.930000,88,,,
participant_30,2,day,Town10HD_Opt,2026-03-19 12:15:16.480778,-12.73483943939209,69.69143676757812,0.0020144653972238,48.368,-1.396,0.438,0.0,0,0,1,,1.0,2026-03-19T12:15:16.480778,neutral,0.976,2026-03-19T12:15:16.480778,0.4767551701697896,2026-03-19T12:15:16.920000,89,,,
participant_30,2,day,Town10HD_Opt,2026-03-19 12:15:17.012307,-9.925484657287598,69.7778091430664,0.0020593260414898,47.981,-1.015,0.418,0.0,0,0,1,,1.0,2026-03-19T12:15:17.012307,neutral,0.976,2026-03-19T12:15:16.480778,0.375877687909894,2026-03-19T12:15:17.910000,89,,,
participant_30,2,day,Town10HD_Opt,2026-03-19 12:15:18.110672,-4.395037651062012,69.84904479980469,0.0020958709064871,46.829,-0.496,0.392,0.0,0,0,1,,1.0,2026-03-19T12:15:18.110672,neutral,0.976,2026-03-19T12:15:16.480778,0.4196822251690022,2026-03-19T12:15:18.945000,92,,,
participant_30,2,day,Town10HD_Opt,2026-03-19 12:15:19.201083,0.984169900417328,69.82888793945312,0.0021128463558852,45.362,0.007,0.086,0.0,0,0,1,,1.0,2026-03-19T12:15:19.201083,neutral,0.977,2026-03-19T12:15:19.201083,0.4169559428516294,2026-03-19T12:15:19.935000,92,,,
participant_30,2,day,Town10HD_Opt,2026-03-19 12:15:20.251855,5.968416690826416,69.77863311767578,0.0023239897564053,39.574,-0.089,0.0,0.0,0,0,1,,1.0,2026-03-19T12:15:20.251855,neutral,0.977,2026-03-19T12:15:19.201083,0.3973863973468949,2026-03-19T12:15:20.926000,91,,,
participant_30,2,day,Town10HD_Opt,2026-03-19 12:15:21.392816,10.202300071716309,69.73403930664062,0.0023394774179905,33.332,0.228,0.0,0.0,0,0,1,,1.0,2026-03-19T12:15:21.392816,neutral,0.884,2026-03-19T12:15:21.392816,0.4391367571769466,2026-03-19T12:15:21.914000,91,,,
participant_30,2,day,Town10HD_Opt,2026-03-19 12:15:22.474773,13.76714038848877,69.70986938476562,0.0023026657290756,27.592,0.214,0.0,0.0,0,0,1,,1.0,2026-03-19T12:15:22.474773,neutral,0.884,2026-03-19T12:15:21.392816,0.4254448873039557,2026-03-19T12:15:22.950000,91,,,
participant_30,2,day,Town10HD_Opt,2026-03-19 12:15:23.038890,15.326683044433594,69.70360565185547,0.0022864914499223,25.591,0.012,0.0,0.0,0,0,1,,1.0,2026-03-19T12:15:23.038890,neutral,0.884,2026-03-19T12:15:21.392816,0.3681909698750172,2026-03-19T12:15:23.941000,90,,,
participant_30,2,day,Town10HD_Opt,2026-03-19 12:15:24.109049,18.04537582397461,69.69332122802734,0.0022577284835278,20.856,0.11,0.0,0.0,0,0,1,,1.0,2026-03-19T12:15:24.109049,neutral,0.999,2026-03-19T12:15:24.109049,0.4425900701197908,2026-03-19T12:15:24.930000,92,,,
participant_30,2,day,Town10HD_Opt,2026-03-19 12:15:25.224019,20.28670310974121,69.68799591064453,0.0020123289432376,17.615,0.096,0.0,0.0,0,0,1,,0.802,2026-03-19T12:15:25.224019,neutral,0.999,2026-03-19T12:15:24.109049,0.4689608420876223,2026-03-19T12:15:25.920000,91,,,
participant_30,2,day,Town10HD_Opt,2026-03-19 12:15:26.281992,22.178861618041992,69.68561553955078,0.002037315396592,14.873,0.219,0.0,0.0,0,0,1,,1.0,2026-03-19T12:15:26.281992,neutral,0.999,2026-03-19T12:15:26.281992,0.4291864824372863,2026-03-19T12:15:26.910000,91,,,
participant_30,2,day,Town10HD_Opt,2026-03-19 12:15:27.355742,23.76622200012207,69.68189239501953,0.0020359039772301,12.465,-0.296,0.112,0.0,0,0,1,,1.0,2026-03-19T12:15:27.355742,neutral,0.999,2026-03-19T12:15:26.281992,0.4156776705771762,2026-03-19T12:15:27.946000,93,,,
participant_30,2,day,Town10HD_Opt,2026-03-19 12:15:28.443433,25.26616096496582,69.65888214111328,0.0017651367234066,15.041,-3.598,0.923,0.0,0,0,1,,1.0,2026-03-19T12:15:28.443433,neutral,0.999,2026-03-19T12:15:28.443433,0.4306145317981897,2026-03-19T12:15:28.935000,91,,,
participant_30,2,day,Town10HD_Opt,2026-03-19 12:15:28.995140,26.267257690429688,69.60503387451172,0.0017791747814044,19.123,-5.742,0.759,0.0,0,0,1,,1.0,2026-03-19T12:15:28.995140,neutral,0.999,2026-03-19T12:15:28.443433,0.4519038843683923,2026-03-19T12:15:28.935000,91,,,errors=Stop sign violation
participant_30,2,day,Town10HD_Opt,2026-03-19 12:15:30.013893,28.71495819091797,69.33796691894531,0.0018368148012086,23.27,-6.196,0.418,0.0,0,0,1,,1.0,2026-03-19T12:15:30.013893,neutral,0.999,2026-03-19T12:15:28.443433,0.3432797177811607,2026-03-19T12:15:30.915000,93,,,
participant_30,2,day,Town10HD_Opt,2026-03-19 12:15:31.087283,31.397464752197266,68.73751068115234,0.0021116638090461,22.718,-21.93,0.077,0.0,0,0,1,,1.0,2026-03-19T12:15:31.087283,neutral,0.992,2026-03-19T12:15:31.087283,0.3883915340654037,2026-03-19T12:15:31.905000,94,,,
participant_30,2,day,Town10HD_Opt,2026-03-19 12:15:32.131974,33.59257888793945,67.65635681152344,0.0022263717837631,19.345,-15.376,0.0,0.0,0,0,1,,1.0,2026-03-19T12:15:32.131974,neutral,0.992,2026-03-19T12:15:31.087283,0.476195654816728,2026-03-19T12:15:32.940000,94,,,
participant_30,2,day,Town10HD_Opt,2026-03-19 12:15:33.169341,35.297786712646484,66.3777847290039,0.0021192932035773,18.464,-18.513,0.897,0.0,0,0,1,,1.0,2026-03-19T12:15:33.169341,neutral,1.0,2026-03-19T12:15:33.169341,0.4314112363154613,2026-03-19T12:15:33.931000,97,,,
participant_30,2,day,Town10HD_Opt,2026-03-19 12:15:34.208622,36.98344802856445,64.43492126464844,0.0016768263885751,26.687,-15.642,0.907,0.0,0,0,1,,1.0,2026-03-19T12:15:34.208622,neutral,1.0,2026-03-19T12:15:33.169341,0.3540246883645774,2026-03-19T12:15:34.920000,92,,,
participant_30,2,day,Town10HD_Opt,2026-03-19 12:15:35.280270,38.81570053100586,61.26066589355469,0.0016406249487772,36.202,-12.777,0.807,0.0,0,0,1,,1.0,2026-03-19T12:15:35.280270,neutral,0.995,2026-03-19T12:15:35.280270,0.4459044283440685,2026-03-19T12:15:35.910000,93,,,
participant_30,2,day,Town10HD_Opt,2026-03-19 12:15:36.400972,40.20001983642578,56.9514045715332,0.0017476653447374,41.779,-2.447,0.711,0.0,0,0,1,,1.0,2026-03-19T12:15:36.400972,neutral,0.995,2026-03-19T12:15:35.280270,0.3642209463691772,2026-03-19T12:15:36.945000,93,,,
participant_30,2,day,Town10HD_Opt,2026-03-19 12:15:37.001872,40.80107498168945,54.52080535888672,0.0018211364513263,43.549,3.926,0.144,0.0,0,0,1,,0.854,2026-03-19T12:15:37.001872,neutral,0.995,2026-03-19T12:15:35.280270,0.350666817973593,2026-03-19T12:15:36.945000,94,,,
participant_30,2,day,Town10HD_Opt,2026-03-19 12:15:38.059554,42.16289520263672,49.82212829589844,0.0022169875446707,39.659,-2.574,0.113,0.0,0,0,1,,0.873,2026-03-19T12:15:38.059554,neutral,0.995,2026-03-19T12:15:38.059554,0.3825318299345883,2026-03-19T12:15:38.925000,92,,,errors=Solid line crossing
participant_30,2,day,Town10HD_Opt,2026-03-19 12:15:39.163323,43.1912841796875,45.627197265625,0.0022992705926299,34.387,-2.956,0.237,0.0,0,0,1,,0.815,2026-03-19T12:15:39.163323,neutral,0.995,2026-03-19T12:15:38.059554,0.345816281617084,2026-03-19T12:15:39.961000,90,Solid line crossing,Solid line crossing,
participant_30,2,day,Town10HD_Opt,2026-03-19 12:15:40.232824,43.88813018798828,41.82843780517578,0.0021229172125458,32.605,0.921,0.394,0.0,0,0,1,,1.0,2026-03-19T12:15:40.232824,neutral,0.985,2026-03-19T12:15:40.232824,0.3940853957109843,2026-03-19T12:15:40.905000,92,,,
participant_30,2,day,Town10HD_Opt,2026-03-19 12:15:41.293350,44.67282485961914,38.10722732543945,0.0020453261677175,32.67,6.26,0.401,0.0,0,0,1,,1.0,2026-03-19T12:15:41.293350,neutral,0.985,2026-03-19T12:15:40.232824,0.3152226526712799,2026-03-19T12:15:41.985000,91,,,
participant_30,2,day,Town10HD_Opt,2026-03-19 12:15:42.371897,45.90821075439453,34.50998306274414,0.0020588682964444,32.524,9.401,0.381,0.0,0,0,1,,1.0,2026-03-19T12:15:42.371897,neutral,0.977,2026-03-19T12:15:42.371897,0.3548711659235124,2026-03-19T12:15:42.930000,91,,,
participant_30,2,day,Town10HD_Opt,2026-03-19 12:15:43.495428,47.82228469848633,31.31838607788086,0.0021425627637654,31.032,17.491,0.244,0.0,0,0,1,,0.861,2026-03-19T12:15:43.495428,neutral,0.977,2026-03-19T12:15:42.371897,0.3447070803468645,2026-03-19T12:15:43.921000,90,,,
participant_30,2,day,Town10HD_Opt,2026-03-19 12:15:44.061555,49.05685806274414,30.03205680847168,0.0021749115549027,30.109,15.664,0.238,0.0,0,0,1,,1.0,2026-03-19T12:15:44.061555,neutral,0.977,2026-03-19T12:15:42.371897,0.3699438589858557,2026-03-19T12:15:44.910000,91,,,
participant_30,2,day,Town10HD_Opt,2026-03-19 12:15:45.087519,51.783573150634766,28.03029060363769,0.0021671294234693,28.051,11.385,0.238,0.0,0,0,1,,0.843,2026-03-19T12:15:45.087519,neutral,0.999,2026-03-19T12:15:45.087519,0.3271087631899965,2026-03-19T12:15:45.947000,91,,,
participant_30,2,day,Town10HD_Opt,2026-03-19 12:15:46.157979,54.63161087036133,26.6950912475586,0.0021638870239257,26.012,13.102,0.209,0.0,0,0,1,,1.0,2026-03-19T12:15:46.157979,neutral,0.999,2026-03-19T12:15:45.087519,0.3439797717150907,2026-03-19T12:15:46.936000,90,,,
participant_30,2,day,Town10HD_Opt,2026-03-19 12:15:47.230374,57.44674682617188,25.942630767822266,0.0021492766682058,24.051,5.151,0.207,0.0,0,0,1,,1.0,2026-03-19T12:15:47.230374,neutral,0.983,2026-03-19T12:15:47.230374,0.3031195102997364,2026-03-19T12:15:47.926000,89,,,
participant_30,2,day,Town10HD_Opt,2026-03-19 12:15:48.277144,60.079856872558594,25.42281723022461,0.0021742628887295,21.598,2.861,0.0,0.0,0,0,1,,0.869,2026-03-19T12:15:48.277144,neutral,0.983,2026-03-19T12:15:47.230374,0.2877800062509466,2026-03-19T12:15:48.915000,92,,,
participant_30,2,day,Town10HD_Opt,2026-03-19 12:15:49.343423,62.352664947509766,25.09833526611328,0.0021482086740434,17.74,8.611,0.0,0.0,0,0,1,,0.936,2026-03-19T12:15:49.343423,neutral,0.997,2026-03-19T12:15:49.343423,0.3411561624270793,2026-03-19T12:15:49.995000,91,,,
participant_30,2,day,Town10HD_Opt,2026-03-19 12:15:50.450712,64.28548431396484,25.00559425354004,0.0020312117412686,15.261,3.382,0.0,0.0,0,0,1,,0.803,2026-03-19T12:15:50.450712,neutral,0.997,2026-03-19T12:15:49.343423,0.3392063153351766,2026-03-19T12:15:50.940000,90,,,
participant_30,2,day,Town10HD_Opt,2026-03-19 12:15:51.011000,65.13453674316406,24.960657119750977,0.0020439147483557,13.963,-0.085,0.0,0.03,0,0,1,,1.0,2026-03-19T12:15:51.011000,neutral,0.997,2026-03-19T12:15:49.343423,0.3656459691936639,2026-03-19T12:15:50.940000,91,,,
participant_30,2,day,Town10HD_Opt,2026-03-19 12:15:52.061756,66.60345458984375,24.889169692993164,0.0020507050212472,11.056,1.92,0.0,0.127,0,0,1,,0.814,2026-03-19T12:15:52.061756,neutral,0.998,2026-03-19T12:15:52.061756,0.273252322118151,2026-03-19T12:15:52.920000,90,,,
participant_30,2,day,Town10HD_Opt,2026-03-19 12:15:53.141623,67.76226806640625,24.854108810424805,0.002046852139756,8.669,1.92,0.0,0.169,0,0,1,,1.0,2026-03-19T12:15:53.141623,neutral,0.998,2026-03-19T12:15:52.061756,0.2402388923373672,2026-03-19T12:15:53.910000,87,,,
participant_30,2,day,Town10HD_Opt,2026-03-19 12:15:54.158621,68.6113510131836,24.837759017944336,0.0020560836419463,5.885,1.897,0.0,0.315,0,0,1,,1.0,2026-03-19T12:15:54.158621,neutral,0.997,2026-03-19T12:15:54.158621,0.2959359456119451,2026-03-19T12:15:54.945000,89,,,
participant_30,2,day,Town10HD_Opt,2026-03-19 12:15:55.182696,68.72112274169922,24.83580207824707,0.0020572280045598,0.0,1.897,0.0,0.354,0,0,1,,0.873,2026-03-19T12:15:55.182696,neutral,0.997,2026-03-19T12:15:54.158621,0.3307975299584186,2026-03-19T12:15:55.936000,85,,,
participant_30,2,day,Town10HD_Opt,2026-03-19 12:15:56.184782,68.72127532958984,24.835805892944336,0.0019341277657076,0.0,1.819,0.0,0.063,0,0,1,,1.0,2026-03-19T12:15:56.184782,neutral,0.991,2026-03-19T12:15:56.184782,0.2821619868821809,2026-03-19T12:15:56.926000,89,,,
participant_30,2,day,Town10HD_Opt,2026-03-19 12:15:57.278170,68.7212905883789,24.835805892944336,0.001920623704791,0.0,1.617,0.0,0.0,0,0,1,,1.0,2026-03-19T12:15:57.278170,neutral,0.991,2026-03-19T12:15:56.184782,0.2394966026055028,2026-03-19T12:15:57.916000,90,,,
participant_30,2,day,Town10HD_Opt,2026-03-19 12:15:58.287759,68.7212905883789,24.835805892944336,0.0019195937784388,0.0,1.636,0.0,0.0,0,0,1,,1.0,2026-03-19T12:15:58.287759,neutral,1.0,2026-03-19T12:15:58.287759,0.3375232698305944,2026-03-19T12:15:58.905000,89,,,
participant_30,2,day,Town10HD_Opt,2026-03-19 12:15:59.304274,68.7212905883789,24.835805892944336,0.0019195937784388,0.0,1.636,0.0,0.0,0,0,1,,1.0,2026-03-19T12:15:59.304274,neutral,1.0,2026-03-19T12:15:58.287759,0.2451818092894934,2026-03-19T12:15:59.941000,90,,,
participant_30,2,day,Town10HD_Opt,2026-03-19 12:16:00.322699,68.7212905883789,24.835805892944336,0.0019195937784388,0.0,1.636,0.0,0.0,0,0,1,,1.0,2026-03-19T12:16:00.322699,neutral,0.999,2026-03-19T12:16:00.322699,0.2927142300550304,2026-03-19T12:16:00.930000,88,,,
participant_30,2,day,Town10HD_Opt,2026-03-19 12:16:01.351648,68.7212905883789,24.835805892944336,0.0019195937784388,0.0,1.636,0.0,0.0,0,0,1,,1.0,2026-03-19T12:16:01.351648,neutral,0.999,2026-03-19T12:16:00.322699,0.2676108242459812,2026-03-19T12:16:01.966000,87,,,
participant_30,2,day,Town10HD_Opt,2026-03-19 12:16:02.340808,68.7212905883789,24.835805892944336,0.0019195937784388,0.0,1.633,0.0,0.0,0,0,1,,0.867,2026-03-19T12:16:02.340808,angry,0.515,2026-03-19T12:16:02.340808,0.2683183934152405,2026-03-19T12:16:02.910000,87,,,
participant_30,2,day,Town10HD_Opt,2026-03-19 12:16:03.378185,68.7212905883789,24.835805892944336,0.0019195937784388,0.0,1.631,0.0,0.0,0,0,1,,0.874,2026-03-19T12:16:03.378185,angry,0.515,2026-03-19T12:16:02.340808,0.238958212828118,2026-03-19T12:16:04.036000,85,,,
participant_30,2,day,Town10HD_Opt,2026-03-19 12:16:04.343798,68.7212905883789,24.835805892944336,0.0019195937784388,0.0,1.631,0.0,0.0,0,0,1,,0.854,2026-03-19T12:16:04.343798,neutral,1.0,2026-03-19T12:16:04.343798,0.2218265929724228,2026-03-19T12:16:04.936000,87,,,
participant_30,2,day,Town10HD_Opt,2026-03-19 12:16:05.324658,68.7212905883789,24.835805892944336,0.0019195937784388,0.0,1.64,0.0,0.0,0,0,1,,0.806,2026-03-19T12:16:05.324658,neutral,1.0,2026-03-19T12:16:04.343798,0.311509704629361,2026-03-19T12:16:05.925000,85,,,
participant_30,2,day,Town10HD_Opt,2026-03-19 12:16:06.344003,68.7212905883789,24.835805892944336,0.0019195937784388,0.0,0.414,0.0,0.0,0,0,1,,1.0,2026-03-19T12:16:06.344003,neutral,0.996,2026-03-19T12:16:06.344003,0.298647083477144,2026-03-19T12:16:06.916000,87,,,
participant_30,2,day,Town10HD_Opt,2026-03-19 12:16:07.365834,68.72075653076172,24.83563232421875,0.00192012777552,0.005,0.164,0.669,0.0,0,1,-1,,1.0,2026-03-19T12:16:07.365834,neutral,0.996,2026-03-19T12:16:06.344003,0.392407416209152,2026-03-19T12:16:07.906000,84,Stop sign violation,stop_sign_id=1050,
participant_30,2,day,Town10HD_Opt,2026-03-19 12:16:08.414848,68.47927856445312,24.84233665466309,0.0022307203616946,6.646,0.101,0.861,0.0,0,1,-1,,0.802,2026-03-19T12:16:08.414848,neutral,0.998,2026-03-19T12:16:08.414848,0.3035230750663656,2026-03-19T12:16:08.941000,85,,,
participant_30,2,day,Town10HD_Opt,2026-03-19 12:16:09.482354,67.48222351074219,24.868995666503903,0.0020513152703642,9.267,-0.016,0.0,0.0,0,1,-1,,1.0,2026-03-19T12:16:09.482354,neutral,0.998,2026-03-19T12:16:08.414848,0.3187345708720273,2026-03-19T12:16:09.931000,87,,,
participant_30,2,day,Town10HD_Opt,2026-03-19 12:16:10.018379,67.04710388183594,24.881139755249023,0.001626129145734,3.843,-0.167,0.0,0.0,0,0,1,,1.0,2026-03-19T12:16:10.018379,neutral,0.998,2026-03-19T12:16:08.414848,0.3433200509530278,2026-03-19T12:16:10.921000,87,,,
participant_30,2,day,Town10HD_Opt,2026-03-19 12:16:11.067759,66.9194564819336,24.87835693359375,0.0017766952514648,0.193,22.696,0.312,0.0,0,0,1,,1.0,2026-03-19T12:16:11.067759,neutral,0.875,2026-03-19T12:16:11.067759,0.346900143400328,2026-03-19T12:16:11.911000,87,,,
participant_30,2,day,Town10HD_Opt,2026-03-19 12:16:12.098136,67.0040054321289,24.89682579040528,0.0017827986739575,2.241,32.313,0.42,0.0,0,0,1,,0.901,2026-03-19T12:16:12.098136,neutral,0.875,2026-03-19T12:16:11.067759,0.4134209733413816,2026-03-19T12:16:12.991000,87,,,
participant_30,2,day,Town10HD_Opt,2026-03-19 12:16:13.194956,67.47171020507812,25.00052261352539,0.0017475509084761,6.288,25.834,0.398,0.0,0,0,1,,1.0,2026-03-19T12:16:13.194956,neutral,0.904,2026-03-19T12:16:13.194956,0.4031649290551281,2026-03-19T12:16:13.936000,87,,,
participant_30,2,day,Town10HD_Opt,2026-03-19 12:16:14.220550,68.28400421142578,25.281763076782227,0.0017965316073969,8.872,32.607,0.387,0.0,0,0,1,,1.0,2026-03-19T12:16:14.220550,neutral,0.904,2026-03-19T12:16:13.194956,0.4883717054408067,2026-03-19T12:16:14.926000,86,,,
participant_30,2,day,Town10HD_Opt,2026-03-19 12:16:15.215383,69.31509399414062,25.83266830444336,0.001815948402509,11.267,22.32,0.291,0.0,0,0,1,,1.0,2026-03-19T12:16:15.215383,neutral,0.514,2026-03-19T12:16:15.215383,0.4087367083104034,2026-03-19T12:16:15.916000,88,,,
participant_30,2,day,Town10HD_Opt,2026-03-19 12:16:16.267569,70.53335571289062,26.508230209350582,0.0018633651779964,12.498,9.633,0.243,0.0,0,0,1,,1.0,2026-03-19T12:16:16.267569,neutral,0.514,2026-03-19T12:16:15.215383,0.5099686469910018,2026-03-19T12:16:17.041000,88,,,
participant_30,2,day,Town10HD_Opt,2026-03-19 12:16:17.315340,71.82527923583984,27.24282455444336,0.0018929671496152,13.0,-12.876,0.241,0.0,0,0,1,,1.0,2026-03-19T12:16:17.315340,neutral,0.976,2026-03-19T12:16:17.315340,0.4094415997953116,2026-03-19T12:16:17.941000,89,,,
participant_30,2,day,Town10HD_Opt,2026-03-19 12:16:18.414371,73.2822494506836,27.69487762451172,0.0018983840709552,13.573,-16.607,0.31,0.0,0,0,1,,1.0,2026-03-19T12:16:18.414371,neutral,0.976,2026-03-19T12:16:17.315340,0.4568651183907001,2026-03-19T12:16:18.931000,87,,,
participant_30,2,day,Town10HD_Opt,2026-03-19 12:16:19.471223,74.8793716430664,28.06855583190918,0.001910591032356,13.891,-9.004,0.0,0.0,0,0,1,,0.802,2026-03-19T12:16:19.471223,neutral,0.929,2026-03-19T12:16:19.471223,0.483976440903925,2026-03-19T12:16:19.920000,89,,,
participant_30,2,day,Town10HD_Opt,2026-03-19 12:16:20.100740,75.65402221679688,28.20743179321289,0.0019911956042051,12.971,-12.279,0.0,0.0,0,0,1,,1.0,2026-03-19T12:16:20.100740,neutral,0.929,2026-03-19T12:16:19.471223,0.475738862726899,2026-03-19T12:16:20.911000,87,,,
participant_30,2,day,Town10HD_Opt,2026-03-19 12:16:21.281477,77.0289077758789,28.322895050048828,0.0020266340579837,10.59,-10.086,0.0,0.08,0,0,1,,1.0,2026-03-19T12:16:21.281477,neutral,0.929,2026-03-19T12:16:19.471223,0.4681045556635139,2026-03-19T12:16:21.947000,89,,,
participant_30,2,day,Town10HD_Opt,2026-03-19 12:16:22.396138,78.141845703125,28.358720779418945,0.0020389556884765,8.131,-6.865,0.0,0.183,0,0,1,,1.0,2026-03-19T12:16:22.396138,neutral,0.989,2026-03-19T12:16:22.396138,0.4398832380028507,2026-03-19T12:16:22.935000,88,,,
participant_30,2,day,Town10HD_Opt,2026-03-19 12:16:23.453265,78.96074676513672,28.36716651916504,0.002043189946562,5.592,-5.87,0.0,0.149,0,0,1,,1.0,2026-03-19T12:16:23.453265,neutral,0.989,2026-03-19T12:16:22.396138,0.5232811105268128,2026-03-19T12:16:23.926000,87,,,
participant_30,2,day,Town10HD_Opt,2026-03-19 12:16:24.030555,79.09420013427734,28.367143630981445,0.0023611448705196,0.001,-5.87,0.0,0.144,0,0,1,,0.801,2026-03-19T12:16:24.030555,neutral,0.989,2026-03-19T12:16:22.396138,0.4190756519602707,2026-03-19T12:16:24.916000,89,,,
participant_30,2,day,Town10HD_Opt,2026-03-19 12:16:25.052565,79.09468078613281,28.367094039916992,0.0019733810331672,0.0,-2.697,0.0,0.104,0,0,1,,1.0,2026-03-19T12:16:25.052565,neutral,0.993,2026-03-19T12:16:25.052565,0.4999626166610494,2026-03-19T12:16:25.950000,89,,,
participant_30,2,day,Town10HD_Opt,2026-03-19 12:16:26.042751,79.09474182128906,28.36708641052246,0.0019249343313276,0.0,0.068,0.0,0.04,0,0,1,,1.0,2026-03-19T12:16:26.042751,neutral,0.993,2026-03-19T12:16:25.052565,0.5128567022657415,2026-03-19T12:16:26.941000,88,,,
participant_30,2,day,Town10HD_Opt,2026-03-19 12:16:27.102292,79.0947494506836,28.36708641052246,0.0019195937784388,0.0,-0.841,0.0,0.03,0,0,1,,1.0,2026-03-19T12:16:27.102292,neutral,0.963,2026-03-19T12:16:27.102292,0.5572657022560905,2026-03-19T12:16:27.930000,90,,,
participant_30,2,day,Town10HD_Opt,2026-03-19 12:16:28.122999,79.0947494506836,28.36708641052246,0.0019195937784388,0.0,-0.862,0.0,0.026,0,0,1,,0.813,2026-03-19T12:16:28.122999,neutral,0.963,2026-03-19T12:16:27.102292,0.4461440491311105,2026-03-19T12:16:28.921000,88,,,
participant_30,2,day,Town10HD_Opt,2026-03-19 12:16:29.121853,79.0947494506836,28.36708641052246,0.0019195937784388,0.0,-0.881,0.0,0.0,0,0,1,,0.854,2026-03-19T12:16:29.121853,neutral,0.946,2026-03-19T12:16:29.121853,0.5458131540240462,2026-03-19T12:16:29.911000,90,,,
participant_30,2,day,Town10HD_Opt,2026-03-19 12:16:30.076220,79.0947494506836,28.36708641052246,0.0019195937784388,0.0,-0.914,0.0,0.0,0,0,1,,0.804,2026-03-19T12:16:30.076220,neutral,0.946,2026-03-19T12:16:29.121853,0.5389461481901322,2026-03-19T12:16:29.911000,88,,,
participant_30,2,day,Town10HD_Opt,2026-03-19 12:16:31.088778,79.0947494506836,28.36708641052246,0.0019195937784388,0.0,-0.914,0.0,0.0,0,0,1,,1.0,2026-03-19T12:16:31.088778,neutral,0.946,2026-03-19T12:16:29.121853,0.4817374399924815,2026-03-19T12:16:31.936000,89,,,
participant_30,2,day,Town10HD_Opt,2026-03-19 12:16:32.071721,79.0947494506836,28.36708641052246,0.0019195937784388,0.0,-0.942,0.0,0.0,0,0,1,,0.806,2026-03-19T12:16:32.071721,neutral,0.998,2026-03-19T12:16:32.071721,0.5239191630159705,2026-03-19T12:16:32.926000,89,,,
participant_30,2,day,Town10HD_Opt,2026-03-19 12:16:33.123298,79.0947494506836,28.36708641052246,0.0019195937784388,0.0,-0.954,0.0,0.0,0,0,1,,1.0,2026-03-19T12:16:33.123298,neutral,0.998,2026-03-19T12:16:32.071721,0.5272007159796674,2026-03-19T12:16:33.916000,88,,,
participant_30,2,day,Town10HD_Opt,2026-03-19 12:16:34.121774,79.0947494506836,28.36708641052246,0.0019195937784388,0.0,-0.954,0.0,0.0,0,0,1,,1.0,2026-03-19T12:16:34.121774,neutral,0.985,2026-03-19T12:16:34.121774,0.5430884528124971,2026-03-19T12:16:34.951000,89,,,
participant_30,2,day,Town10HD_Opt,2026-03-19 12:16:35.147410,79.0947494506836,28.36708641052246,0.0019195937784388,0.0,-0.978,0.0,0.0,0,0,1,,1.0,2026-03-19T12:16:35.147410,neutral,0.985,2026-03-19T12:16:34.121774,0.4754474625200363,2026-03-19T12:16:35.940000,89,,,
participant_30,2,day,Town10HD_Opt,2026-03-19 12:16:36.156890,79.0947494506836,28.36708641052246,0.0019195937784388,0.0,-0.971,0.0,0.0,0,0,1,,1.0,2026-03-19T12:16:36.156890,neutral,0.981,2026-03-19T12:16:36.156890,0.5820798313451628,2026-03-19T12:16:36.931000,88,,,
participant_30,2,day,Town10HD_Opt,2026-03-19 12:16:37.230350,79.0947494506836,28.36708641052246,0.0019195937784388,0.0,-1.283,0.0,0.0,0,0,1,,1.0,2026-03-19T12:16:37.230350,neutral,0.981,2026-03-19T12:16:36.156890,0.553654628927976,2026-03-19T12:16:37.921000,87,,,
participant_30,2,day,Town10HD_Opt,2026-03-19 12:16:38.333998,79.0947494506836,28.36708641052246,0.0019195937784388,0.0,-3.026,0.0,0.0,0,0,1,,1.0,2026-03-19T12:16:38.333998,neutral,0.995,2026-03-19T12:16:38.333998,0.5485483265596232,2026-03-19T12:16:38.956000,88,,,
participant_30,2,day,Town10HD_Opt,2026-03-19 12:16:39.368331,79.0947494506836,28.36708641052246,0.0019195937784388,0.0,-3.222,0.0,0.0,0,0,1,,0.83,2026-03-19T12:16:39.368331,neutral,0.995,2026-03-19T12:16:38.333998,0.5771619346108642,2026-03-19T12:16:39.946000,87,,,
participant_30,2,day,Town10HD_Opt,2026-03-19 12:16:40.383812,79.0947494506836,28.36708641052246,0.0019195937784388,0.0,-3.523,0.0,0.0,0,0,1,,1.0,2026-03-19T12:16:40.383812,neutral,0.993,2026-03-19T12:16:40.383812,0.541749426482359,2026-03-19T12:16:40.936000,86,,,
participant_30,2,day,Town10HD_Opt,2026-03-19 12:16:41.424884,79.0947494506836,28.36708641052246,0.0019195937784388,0.0,-3.523,0.0,0.0,0,0,1,,1.0,2026-03-19T12:16:41.424884,neutral,0.993,2026-03-19T12:16:40.383812,0.5858578080731894,,89,,,
participant_30,2,day,Town10HD_Opt,2026-03-19 12:16:42.441707,79.0947494506836,28.36708641052246,0.0019195937784388,0.0,-3.523,0.0,0.0,0,0,1,,1.0,2026-03-19T12:16:42.441707,neutral,0.997,2026-03-19T12:16:42.441707,0.5443375939539494,2026-03-19T12:16:42.961000,90,,,
participant_30,2,day,Town10HD_Opt,2026-03-19 12:16:43.473631,79.0947494506836,28.36708641052246,0.0019195937784388,0.0,-3.674,0.0,0.0,0,0,1,,0.868,2026-03-19T12:16:43.473631,neutral,0.997,2026-03-19T12:16:42.441707,0.5752655679598174,2026-03-19T12:16:43.951000,89,,,
participant_30,2,day,Town10HD_Opt,2026-03-19 12:16:43.991796,79.0947494506836,28.36708641052246,0.0019195937784388,0.0,-4.325,0.0,0.0,0,0,1,,1.0,2026-03-19T12:16:43.991796,neutral,0.997,2026-03-19T12:16:42.441707,0.5663478099233852,2026-03-19T12:16:43.951000,86,,,
participant_30,2,day,Town10HD_Opt,2026-03-19 12:16:45.467830,79.0947494506836,28.36708641052246,0.0019195937784388,0.0,-4.383,0.0,0.0,0,0,1,,0.811,2026-03-19T12:16:45.467830,neutral,0.999,2026-03-19T12:16:45.467830,0.5683537267449529,2026-03-19T12:16:45.932000,85,,,
participant_30,2,day,Town10HD_Opt,2026-03-19 12:16:46.448236,79.0947494506836,28.36708641052246,0.0019195937784388,0.0,-4.383,0.0,0.0,0,0,1,,1.0,2026-03-19T12:16:46.448236,neutral,0.999,2026-03-19T12:16:45.467830,0.5086610086256803,2026-03-19T12:16:46.921000,86,,,
participant_30,2,day,Town10HD_Opt,2026-03-19 12:16:47.467632,79.0947494506836,28.36708641052246,0.0019195937784388,0.0,-4.383,0.0,0.0,0,0,1,,0.853,2026-03-19T12:16:47.467632,neutral,0.999,2026-03-19T12:16:45.467830,0.584620846123085,2026-03-19T12:16:47.956000,86,,,
participant_30,2,day,Town10HD_Opt,2026-03-19 12:16:48.015823,79.0947494506836,28.36708641052246,0.0019195937784388,0.0,-4.383,0.0,0.0,0,0,1,,0.802,2026-03-19T12:16:48.015823,neutral,0.995,2026-03-19T12:16:48.015823,0.6019267118728086,2026-03-19T12:16:47.956000,85,,,
participant_30,2,day,Town10HD_Opt,2026-03-19 12:16:49.008112,79.0947494506836,28.36708641052246,0.0019195937784388,0.0,-4.407,0.0,0.0,0,0,1,,1.0,2026-03-19T12:16:49.008112,neutral,0.995,2026-03-19T12:16:48.015823,0.5514609995296293,2026-03-19T12:16:48.948000,86,,,
participant_30,2,day,Town10HD_Opt,2026-03-19 12:16:50.035781,79.0947494506836,28.36708641052246,0.0019195937784388,0.0,-4.419,0.0,0.0,0,0,1,,1.0,2026-03-19T12:16:50.035781,neutral,0.997,2026-03-19T12:16:50.035781,0.5682386241491754,2026-03-19T12:16:50.927000,86,,,
participant_30,2,day,Town10HD_Opt,2026-03-19 12:16:51.010180,79.0947494506836,28.36708641052246,0.0019195937784388,0.0,-4.419,0.0,0.0,0,0,1,,1.0,2026-03-19T12:16:51.010180,neutral,0.997,2026-03-19T12:16:50.035781,0.5032481609110391,2026-03-19T12:16:51.916000,87,,,
participant_30,2,day,Town10HD_Opt,2026-03-19 12:16:52.047388,79.0947494506836,28.36708641052246,0.0019195937784388,0.0,-5.744,0.0,0.0,0,0,1,,1.0,2026-03-19T12:16:52.047388,neutral,0.998,2026-03-19T12:16:52.047388,0.5915895062271265,2026-03-19T12:16:51.916000,86,,,
participant_30,2,day,Town10HD_Opt,2026-03-19 12:16:53.064558,79.0947494506836,28.36708641052246,0.0019195937784388,0.0,-6.348,0.0,0.0,0,0,1,,0.867,2026-03-19T12:16:53.064558,neutral,0.998,2026-03-19T12:16:52.047388,0.5420744016898814,2026-03-19T12:16:53.045000,88,,,
participant_30,2,day,Town10HD_Opt,2026-03-19 12:16:54.066612,79.0947494506836,28.36708641052246,0.0019195937784388,0.0,-6.35,0.0,0.0,0,0,1,,0.938,2026-03-19T12:16:54.066612,neutral,0.996,2026-03-19T12:16:54.066612,0.6094458172147862,2026-03-19T12:16:54.977000,87,,,
participant_30,2,day,Town10HD_Opt,2026-03-19 12:16:55.054488,79.0947494506836,28.36708641052246,0.0019195937784388,0.0,-6.469,0.0,0.0,0,0,1,,0.825,2026-03-19T12:16:55.054488,neutral,0.996,2026-03-19T12:16:54.066612,0.4822107942744099,2026-03-19T12:16:55.922000,88,,,
participant_30,2,day,Town10HD_Opt,2026-03-19 12:16:56.061963,79.0947494506836,28.36708641052246,0.0019195937784388,0.0,-6.488,0.0,0.0,0,0,1,,1.0,2026-03-19T12:16:56.061963,neutral,0.996,2026-03-19T12:16:54.066612,0.5665646370882539,2026-03-19T12:16:56.912000,87,,,
participant_30,2,day,Town10HD_Opt,2026-03-19 12:16:57.095640,79.0947494506836,28.36708641052246,0.0019195937784388,0.0,-6.49,0.0,0.0,0,0,1,,1.0,2026-03-19T12:16:57.095640,neutral,0.993,2026-03-19T12:16:57.095640,0.6078975688116813,2026-03-19T12:16:57.949000,87,,,
participant_30,2,day,Town10HD_Opt,2026-03-19 12:16:58.082581,79.0947494506836,28.36708641052246,0.0019195937784388,0.0,-6.511,0.0,0.0,0,0,1,,0.851,2026-03-19T12:16:58.082581,neutral,0.993,2026-03-19T12:16:57.095640,0.6556699783431528,2026-03-19T12:16:58.937000,88,,,
participant_30,2,day,Town10HD_Opt,2026-03-19 12:16:59.066219,79.0947494506836,28.36708641052246,0.0019195937784388,0.0,-6.547,0.0,0.0,0,0,1,,1.0,2026-03-19T12:16:59.066219,neutral,0.993,2026-03-19T12:16:57.095640,0.6129890439128863,2026-03-19T12:16:59.927000,87,,,
participant_30,2,day,Town10HD_Opt,2026-03-19 12:17:00.097111,79.0947494506836,28.36708641052246,0.0019195937784388,0.0,-6.682,0.0,0.0,0,0,1,,1.0,2026-03-19T12:17:00.097111,neutral,0.982,2026-03-19T12:17:00.097111,0.6464142984272374,2026-03-19T12:17:00.916000,88,,,
participant_30,2,day,Town10HD_Opt,2026-03-19 12:17:01.113125,79.0947494506836,28.36708641052246,0.0019195937784388,0.0,-6.682,0.0,0.0,0,0,1,,0.822,2026-03-19T12:17:01.113125,neutral,0.982,2026-03-19T12:17:00.097111,0.628633038376726,2026-03-19T12:17:01.951000,88,,,
participant_30,2,day,Town10HD_Opt,2026-03-19 12:17:02.109181,79.0947494506836,28.36708641052246,0.0019195937784388,0.0,-7.487,0.0,0.0,0,0,1,,1.0,2026-03-19T12:17:02.109181,neutral,0.997,2026-03-19T12:17:02.109181,0.6112664900698517,2026-03-19T12:17:02.941000,90,,,
participant_30,2,day,Town10HD_Opt,2026-03-19 12:17:03.156642,79.09563446044922,28.36704444885254,0.0019126510014757,0.226,-11.776,0.156,0.0,0,0,1,,1.0,2026-03-19T12:17:03.156642,neutral,0.997,2026-03-19T12:17:02.109181,0.7131819230362728,2026-03-19T12:17:03.932000,88,,,
participant_30,2,day,Town10HD_Opt,2026-03-19 12:17:04.191903,79.222900390625,28.35843849182129,0.0017943572020158,2.464,-13.168,0.0,0.0,0,0,1,,1.0,2026-03-19T12:17:04.191903,neutral,0.977,2026-03-19T12:17:04.191903,0.6122869097772354,2026-03-19T12:17:04.921000,88,,,
participant_30,2,day,Town10HD_Opt,2026-03-19 12:17:05.281282,79.52326965332031,28.341466903686523,0.0018542861798778,3.361,-9.196,0.42,0.0,0,0,1,,1.0,2026-03-19T12:17:05.281282,neutral,0.977,2026-03-19T12:17:04.191903,0.7070650948632194,2026-03-19T12:17:05.912000,88,,,
participant_30,2,day,Town10HD_Opt,2026-03-19 12:17:06.369388,80.27751922607422,28.256553649902344,0.0015074538532644,11.275,-13.387,1.0,0.0,0,0,1,,1.0,2026-03-19T12:17:06.369388,neutral,0.998,2026-03-19T12:17:06.369388,0.61572816823582,2026-03-19T12:17:06.947000,90,,,
participant_30,2,day,Town10HD_Opt,2026-03-19 12:17:07.406515,82.17769622802734,27.952754974365234,0.0017345427768304,20.479,-6.796,0.857,0.0,0,0,1,,1.0,2026-03-19T12:17:07.406515,neutral,0.998,2026-03-19T12:17:06.369388,0.7084714938615778,2026-03-19T12:17:07.936000,89,,,
participant_30,2,day,Town10HD_Opt,2026-03-19 12:17:08.117612,83.4516372680664,27.705211639404297,0.0017201614100486,23.995,-4.964,0.799,0.0,0,0,1,,1.0,2026-03-19T12:17:08.117612,neutral,0.998,2026-03-19T12:17:06.369388,0.6886054043560415,2026-03-19T12:17:08.926000,87,,,
participant_30,2,day,Town10HD_Opt,2026-03-19 12:17:09.158731,86.59052276611328,26.9233512878418,0.0016950988210737,31.179,-5.302,0.769,0.0,0,0,1,,0.801,2026-03-19T12:17:09.158731,neutral,0.997,2026-03-19T12:17:09.158731,0.5738549803866017,2026-03-19T12:17:09.916000,88,,,
participant_30,2,day,Town10HD_Opt,2026-03-19 12:17:10.200488,90.4105224609375,25.597246170043945,0.0017206573393195,37.845,-7.927,0.774,0.0,0,0,1,,1.0,2026-03-19T12:17:10.200488,neutral,0.997,2026-03-19T12:17:09.158731,0.6681312520223035,2026-03-19T12:17:10.952000,84,,,
participant_30,2,day,Town10HD_Opt,2026-03-19 12:17:11.273760,94.51419067382812,23.28836441040039,0.0018061065347865,43.152,-12.013,0.636,0.0,0,0,1,,1.0,2026-03-19T12:17:11.273760,neutral,0.979,2026-03-19T12:17:11.273760,0.5515224216949417,2026-03-19T12:17:11.942000,87,,,
participant_30,2,day,Town10HD_Opt,2026-03-19 12:17:12.378631,98.19883728027344,19.94652557373047,0.002196388086304,40.515,-2.631,0.0,0.0,0,0,1,,1.0,2026-03-19T12:17:12.378631,neutral,0.979,2026-03-19T12:17:11.273760,0.6370731727067285,2026-03-19T12:17:12.931000,87,,,
participant_30,2,day,Town10HD_Opt,2026-03-19 12:17:13.464250,101.11277770996094,16.72182273864746,0.0023260116577148,34.379,-5.941,0.217,0.0,0,0,1,,0.839,2026-03-19T12:17:13.464250,neutral,0.999,2026-03-19T12:17:13.464250,0.6492007912818004,2026-03-19T12:17:13.966000,90,,,
participant_30,2,day,Town10HD_Opt,2026-03-19 12:17:14.003694,102.29367065429688,15.166020393371582,0.0022280502598732,33.159,-9.966,0.926,0.0,0,0,1,,1.0,2026-03-19T12:17:14.003694,neutral,0.999,2026-03-19T12:17:13.464250,0.6752739405786107,2026-03-19T12:17:13.966000,88,,,
participant_30,2,day,Town10HD_Opt,2026-03-19 12:17:15.047037,104.4099578857422,11.469654083251951,0.0016815566923469,41.795,-3.867,1.0,0.0,0,0,1,,0.921,2026-03-19T12:17:15.047037,neutral,0.999,2026-03-19T12:17:13.464250,0.6363843070764393,2026-03-19T12:17:14.958000,90,,,
participant_30,2,day,Town10HD_Opt,2026-03-19 12:17:16.040482,106.59395599365234,6.578831195831299,0.0015789413591846,50.577,-7.23,0.0,0.0,0,0,1,,1.0,2026-03-19T12:17:16.040482,neutral,0.998,2026-03-19T12:17:16.040482,0.5813393895185522,2026-03-19T12:17:16.937000,89,,,
participant_30,2,day,Town10HD_Opt,2026-03-19 12:17:17.108895,108.11331176757812,0.8699967861175537,0.0021678160410374,48.598,-7.767,0.879,0.0,0,0,1,,1.0,2026-03-19T12:17:17.108895,neutral,0.998,2026-03-19T12:17:16.040482,0.673146453158033,2026-03-19T12:17:17.927000,89,,,
participant_30,2,day,Town10HD_Opt,2026-03-19 12:17:18.121354,108.50082397460938,-4.939001560211182,0.0019519042689353,50.934,-0.484,0.0,0.0,0,0,1,,1.0,2026-03-19T12:17:18.121354,neutral,0.99,2026-03-19T12:17:18.121354,0.6744856599808049,2026-03-19T12:17:18.917000,89,,,
participant_30,2,day,Town10HD_Opt,2026-03-19 12:17:19.138452,108.58292388916016,-10.680913925170898,0.0020457075443118,49.332,-1.394,0.698,0.0,0,0,1,,1.0,2026-03-19T12:17:19.138452,neutral,0.99,2026-03-19T12:17:18.121354,0.5871087725735202,2026-03-19T12:17:19.997000,91,,,
participant_30,2,day,Town10HD_Opt,2026-03-19 12:17:20.184038,108.46358489990234,-16.548358917236328,0.0021023559384047,49.027,-2.44,0.653,0.0,0,0,1,,1.0,2026-03-19T12:17:20.184038,neutral,0.998,2026-03-19T12:17:20.184038,0.6974304028382304,2026-03-19T12:17:20.942000,88,,,
participant_30,2,day,Town10HD_Opt,2026-03-19 12:17:21.200855,108.00820922851562,-22.2571964263916,0.001994171179831,49.893,-2.965,0.645,0.0,0,0,1,,1.0,2026-03-19T12:17:21.200855,neutral,0.998,2026-03-19T12:17:20.184038,0.6556320856923141,2026-03-19T12:17:21.932000,89,,,
participant_30,2,day,Town10HD_Opt,2026-03-19 12:17:22.239463,107.16712951660156,-28.05910301208496,0.0021489334758371,48.837,-3.224,0.635,0.0,0,0,1,,1.0,2026-03-19T12:17:22.239463,neutral,0.999,2026-03-19T12:17:22.239463,0.5592274592588419,2026-03-19T12:17:22.922000,91,,,
participant_30,2,day,Town10HD_Opt,2026-03-19 12:17:23.320865,105.88250732421876,-33.60690689086914,0.001996879465878,49.618,-5.328,0.63,0.0,0,0,1,,1.0,2026-03-19T12:17:23.320865,neutral,0.999,2026-03-19T12:17:22.239463,0.6036191263191691,2026-03-19T12:17:23.912000,89,,,
participant_30,2,day,Town10HD_Opt,2026-03-19 12:17:24.387099,103.8885726928711,-39.13246154785156,0.0020825958345085,49.311,-5.976,0.63,0.0,0,0,1,,1.0,2026-03-19T12:17:24.387099,neutral,0.905,2026-03-19T12:17:24.387099,0.5930524770748099,2026-03-19T12:17:24.992000,87,,,
participant_30,2,day,Town10HD_Opt,2026-03-19 12:17:25.399659,101.1502456665039,-44.15260696411133,0.0020225525368005,49.595,-7.665,0.63,0.0,0,0,1,,1.0,2026-03-19T12:17:25.399659,neutral,0.905,2026-03-19T12:17:24.387099,0.666592426109639,2026-03-19T12:17:25.938000,90,,,
participant_30,2,day,Town10HD_Opt,2026-03-19 12:17:26.400691,97.53268432617188,-48.78076171875,0.0020822142250835,49.369,-0.677,0.628,0.0,0,0,1,,1.0,2026-03-19T12:17:26.400691,neutral,0.998,2026-03-19T12:17:26.400691,0.6816517189432109,2026-03-19T12:17:26.927000,91,,,
participant_30,2,day,Town10HD_Opt,2026-03-19 12:17:27.403806,93.69612121582033,-53.06841278076172,0.0020135878585278,49.87,-5.817,0.611,0.0,0,0,1,,1.0,2026-03-19T12:17:27.403806,neutral,0.998,2026-03-19T12:17:26.400691,0.6154575371584425,2026-03-19T12:17:27.917000,88,,,
participant_30,2,day,Town10HD_Opt,2026-03-19 12:17:28.423325,89.29255676269531,-56.91993713378906,0.0021301268134266,49.028,-4.945,0.609,0.0,0,0,1,,1.0,2026-03-19T12:17:28.423325,neutral,0.999,2026-03-19T12:17:28.423325,0.5945195962826444,2026-03-19T12:17:28.997000,89,,,
participant_30,2,day,Town10HD_Opt,2026-03-19 12:17:29.414344,84.51953125,-60.03876495361328,0.0020136260427534,49.489,-5.612,0.603,0.0,0,0,1,,1.0,2026-03-19T12:17:29.414344,neutral,0.999,2026-03-19T12:17:28.423325,0.7086109965423626,2026-03-19T12:17:29.942000,89,,,
participant_30,2,day,Town10HD_Opt,2026-03-19 12:17:30.422121,79.17391204833984,-62.41316604614258,0.0020068360026925,50.412,-8.048,0.597,0.0,0,0,1,,1.0,2026-03-19T12:17:30.422121,neutral,0.999,2026-03-19T12:17:28.423325,0.6563186975947496,2026-03-19T12:17:30.932000,91,,,
participant_30,2,day,Town10HD_Opt,2026-03-19 12:17:31.454127,73.57475280761719,-63.69050216674805,0.002055206336081,49.327,-5.46,0.586,0.0,0,0,1,,0.846,2026-03-19T12:17:31.454127,neutral,1.0,2026-03-19T12:17:31.454127,0.5707648382691751,2026-03-19T12:17:31.922000,88,,,
participant_30,2,day,Town10HD_Opt,2026-03-19 12:17:32.023527,70.69091033935547,-63.97627639770508,0.002000655978918,50.037,-3.153,0.586,0.0,0,0,1,,1.0,2026-03-19T12:17:32.023527,neutral,1.0,2026-03-19T12:17:31.454127,0.6359705154406424,2026-03-19T12:17:32.912000,87,,,
participant_30,2,day,Town10HD_Opt,2026-03-19 12:17:33.073013,64.85208129882812,-64.17053985595703,0.0021174622233957,49.168,-0.369,0.585,0.0,0,0,1,,1.0,2026-03-19T12:17:33.073013,neutral,1.0,2026-03-19T12:17:31.454127,0.6490520899481482,2026-03-19T12:17:32.912000,86,,,
participant_30,2,day,Town10HD_Opt,2026-03-19 12:17:34.101182,59.07602310180664,-64.22038269042969,0.0019971083384007,50.144,0.11,0.586,0.0,0,0,1,,1.0,2026-03-19T12:17:34.101182,neutral,0.997,2026-03-19T12:17:34.101182,0.6637819682405618,2026-03-19T12:17:34.937000,89,,,
participant_30,2,day,Town10HD_Opt,2026-03-19 12:17:35.143148,53.24440383911133,-64.25114440917969,0.0021139525342732,49.115,-0.719,0.586,0.0,0,0,1,,1.0,2026-03-19T12:17:35.143148,neutral,0.997,2026-03-19T12:17:34.101182,0.6482188252712511,2026-03-19T12:17:35.927000,90,,,
participant_30,2,day,Town10HD_Opt,2026-03-19 12:17:36.196842,47.45991134643555,-64.22490692138672,0.0019920729100704,50.249,1.036,0.585,0.0,0,0,1,,1.0,2026-03-19T12:17:36.196842,neutral,1.0,2026-03-19T12:17:36.196842,0.6611915593455525,2026-03-19T12:17:36.917000,89,,,
participant_30,2,day,Town10HD_Opt,2026-03-19 12:17:37.193102,41.64223098754883,-64.26464080810547,0.0021060181315988,49.087,-0.733,0.571,0.0,0,0,1,,1.0,2026-03-19T12:17:37.193102,neutral,1.0,2026-03-19T12:17:36.196842,0.6264765624915318,2026-03-19T12:17:37.953000,88,,,
participant_30,2,day,Town10HD_Opt,2026-03-19 12:17:38.213497,35.91079330444336,-64.26063537597656,0.0020682143513113,48.859,0.858,0.416,0.0,0,0,1,,1.0,2026-03-19T12:17:38.213497,neutral,0.999,2026-03-19T12:17:38.213497,0.5392325539859006,2026-03-19T12:17:38.942000,87,,,
participant_30,2,day,Town10HD_Opt,2026-03-19 12:17:39.239731,30.28704261779785,-64.29861450195312,0.0021075056865811,47.498,-0.341,0.39,0.0,0,0,1,,1.0,2026-03-19T12:17:39.239731,neutral,0.999,2026-03-19T12:17:38.213497,0.6375207557824241,2026-03-19T12:17:39.933000,86,,,
participant_30,2,day,Town10HD_Opt,2026-03-19 12:17:40.285072,24.84038734436035,-64.35065460205078,0.0021187209058552,45.783,-0.181,0.385,0.0,0,0,1,,1.0,2026-03-19T12:17:40.285072,neutral,1.0,2026-03-19T12:17:40.285072,0.662245404612354,2026-03-19T12:17:40.922000,85,,,
participant_30,2,day,Town10HD_Opt,2026-03-19 12:17:41.306290,19.5744571685791,-64.37261962890625,0.0021151732653379,44.416,-0.085,0.383,0.0,0,0,1,,1.0,2026-03-19T12:17:41.306290,neutral,1.0,2026-03-19T12:17:40.285072,0.6171484170166759,2026-03-19T12:17:41.959000,86,,,
participant_30,2,day,Town10HD_Opt,2026-03-19 12:17:42.310869,14.47490406036377,-64.39280700683594,0.0021091080270707,43.055,0.2,0.381,0.0,0,0,1,,1.0,2026-03-19T12:17:42.310869,neutral,0.981,2026-03-19T12:17:42.310869,0.5618524024477521,2026-03-19T12:17:43.038000,87,,,
participant_30,2,day,Town10HD_Opt,2026-03-19 12:17:43.348935,9.531293869018556,-64.43547058105469,0.0021133041009306,41.647,-0.136,0.316,0.0,0,0,1,,1.0,2026-03-19T12:17:43.348935,neutral,0.981,2026-03-19T12:17:42.310869,0.5056715098938507,2026-03-19T12:17:43.937000,87,,,
participant_30,2,day,Town10HD_Opt,2026-03-19 12:17:44.321813,4.806088924407959,-64.46198272705078,0.0021640777122229,38.917,-0.383,0.202,0.0,0,0,1,,1.0,2026-03-19T12:17:44.321813,neutral,0.995,2026-03-19T12:17:44.321813,0.6818067982747615,2026-03-19T12:17:44.928000,88,Solid line crossing,Solid line crossing,
participant_30,2,day,Town10HD_Opt,2026-03-19 12:17:45.304962,0.4658091366291046,-64.46160888671875,0.0022591399028897,34.866,0.103,0.0,0.0,0,0,1,,1.0,2026-03-19T12:17:45.304962,neutral,0.995,2026-03-19T12:17:44.321813,0.669060751313432,2026-03-19T12:17:45.962000,88,,,
participant_30,2,day,Town10HD_Opt,2026-03-19 12:17:46.294131,-3.2734181880950928,-64.46707153320312,0.0023019791115075,29.422,0.103,0.0,0.0,0,0,1,,1.0,2026-03-19T12:17:46.294131,neutral,0.995,2026-03-19T12:17:44.321813,0.5924982727486137,2026-03-19T12:17:46.952000,87,,,
participant_30,2,day,Town10HD_Opt,2026-03-19 12:17:47.271452,-6.411173343658447,-64.47785949707031,0.0022787856869399,24.573,0.176,0.0,0.0,0,0,1,,1.0,2026-03-19T12:17:47.271452,neutral,1.0,2026-03-19T12:17:47.271452,0.5670257474774604,2026-03-19T12:17:47.942000,88,,,
participant_30,2,day,Town10HD_Opt,2026-03-19 12:17:48.280360,-9.018375396728516,-64.49337005615234,0.0022516632452607,20.305,0.172,0.003,0.0,0,0,1,,1.0,2026-03-19T12:17:48.280360,neutral,1.0,2026-03-19T12:17:47.271452,0.6612892576394435,2026-03-19T12:17:48.932000,89,,,
participant_30,2,day,Town10HD_Opt,2026-03-19 12:17:49.281227,-11.187313079833984,-64.51789093017578,0.0019281386630609,17.415,0.618,0.125,0.0,0,0,1,,1.0,2026-03-19T12:17:49.281227,neutral,0.992,2026-03-19T12:17:49.281227,0.6089369970180578,2026-03-19T12:17:49.922000,90,,,
participant_30,2,day,Town10HD_Opt,2026-03-19 12:17:50.347796,-13.099899291992188,-64.5475082397461,0.0020332718268036,14.88,0.075,0.0,0.0,0,0,1,,1.0,2026-03-19T12:17:50.347796,neutral,0.992,2026-03-19T12:17:49.281227,0.6236592567540405,2026-03-19T12:17:50.958000,87,,,
participant_30,2,day,Town10HD_Opt,2026-03-19 12:17:51.403734,-14.711453437805176,-64.57213592529297,0.002036933787167,12.654,0.075,0.0,0.0,0,0,1,,1.0,2026-03-19T12:17:51.403734,neutral,0.993,2026-03-19T12:17:51.403734,0.5562226444734261,2026-03-19T12:17:51.947000,88,,,
participant_30,2,day,Town10HD_Opt,2026-03-19 12:17:52.444765,-16.063003540039062,-64.5936279296875,0.0020187757909297,10.617,0.075,0.0,0.0,0,0,1,,1.0,2026-03-19T12:17:52.444765,neutral,0.993,2026-03-19T12:17:51.403734,0.562122026313405,2026-03-19T12:17:52.937000,91,,,
participant_30,2,day,Town10HD_Opt,2026-03-19 12:17:53.440067,-17.196475982666016,-64.6123046875,0.0020029449369758,8.902,0.087,0.0,0.0,0,0,1,,0.863,2026-03-19T12:17:53.440067,neutral,0.995,2026-03-19T12:17:53.440067,0.5905995475209513,2026-03-19T12:17:53.927000,89,,,
participant_30,2,day,Town10HD_Opt,2026-03-19 12:17:54.412172,-18.14687156677246,-64.62849426269531,0.0019894789438694,7.464,0.087,0.0,0.0,0,0,1,,1.0,2026-03-19T12:17:54.412172,neutral,0.995,2026-03-19T12:17:53.440067,0.6548171113687042,2026-03-19T12:17:54.962000,89,,,
participant_30,2,day,Town10HD_Opt,2026-03-19 12:17:55.425102,-18.94373893737793,-64.64241790771484,0.0019782257732003,6.167,0.087,0.0,0.0,0,0,1,,1.0,2026-03-19T12:17:55.425102,neutral,0.995,2026-03-19T12:17:53.440067,0.6556976054118394,2026-03-19T12:17:56.046000,91,,,
participant_30,2,day,Town10HD_Opt,2026-03-19 12:17:56.403523,-19.611860275268555,-64.6544189453125,0.0019686890300363,5.171,0.134,0.0,0.0,0,0,1,,1.0,2026-03-19T12:17:56.403523,neutral,1.0,2026-03-19T12:17:56.403523,0.6173497877669915,2026-03-19T12:17:56.942000,89,,,
participant_30,2,day,Town10HD_Opt,2026-03-19 12:17:57.419909,-20.17202377319336,-64.66487121582031,0.0019606780260801,4.4,0.134,0.0,0.0,0,0,1,,1.0,2026-03-19T12:17:57.419909,neutral,1.0,2026-03-19T12:17:56.403523,0.5908934178854077,2026-03-19T12:17:58.022000,89,Stop sign violation,stop_sign_id=1300,
participant_30,2,day,Town10HD_Opt,2026-03-19 12:17:58.395846,-20.64166641235352,-64.67403411865234,0.0019539259374141,3.689,0.352,0.0,0.0,0,0,1,,1.0,2026-03-19T12:17:58.395846,neutral,1.0,2026-03-19T12:17:56.403523,0.6443589754872721,2026-03-19T12:17:58.922000,87,,,
participant_30,2,day,Town10HD_Opt,2026-03-19 12:17:59.355756,-21.035404205322266,-64.68277740478516,0.0019482421921566,3.093,0.508,0.0,0.0,0,0,1,,1.0,2026-03-19T12:17:59.355756,neutral,1.0,2026-03-19T12:17:59.355756,0.6219483207074448,2026-03-19T12:17:59.958000,88,,,
participant_30,2,day,Town10HD_Opt,2026-03-19 12:18:00.323399,-21.36550521850586,-64.69102478027344,0.0019435882568359,2.593,0.644,0.0,0.0,0,0,1,,0.907,2026-03-19T12:18:00.323399,neutral,1.0,2026-03-19T12:17:59.355756,0.5603342340572142,2026-03-19T12:18:00.947000,91,,,
participant_30,2,day,Town10HD_Opt,2026-03-19 12:18:01.312883,-21.64224624633789,-64.69824981689453,0.001939506502822,2.174,0.644,0.0,0.0,0,0,1,,1.0,2026-03-19T12:18:01.312883,neutral,1.0,2026-03-19T12:17:59.355756,0.6252735835140285,2026-03-19T12:18:01.937000,89,,,
participant_30,2,day,Town10HD_Opt,2026-03-19 12:18:02.401820,-21.87428092956543,-64.70440673828125,0.0019363402388989,1.823,0.47,0.0,0.0,0,0,1,,1.0,2026-03-19T12:18:02.401820,neutral,0.998,2026-03-19T12:18:02.401820,0.6067714284629294,,89,,,
participant_30,2,day,Town10HD_Opt,2026-03-19 12:18:03.374122,-22.06882095336914,-64.70952606201172,0.0019332885276526,1.528,0.47,0.0,0.0,0,0,1,,0.854,2026-03-19T12:18:03.374122,neutral,0.998,2026-03-19T12:18:02.401820,0.5903675537704652,2026-03-19T12:18:03.963000,90,,,
participant_30,2,day,Town10HD_Opt,2026-03-19 12:18:04.360786,-22.23192405700684,-64.71389770507812,0.0019311904907226,1.263,0.472,0.0,0.0,0,0,1,,0.827,2026-03-19T12:18:04.360786,neutral,0.998,2026-03-19T12:18:02.401820,0.610265196982025,2026-03-19T12:18:04.952000,89,,,
participant_30,2,day,Town10HD_Opt,2026-03-19 12:18:05.325473,-22.368677139282227,-64.71769714355469,0.0019292067736387,1.059,0.529,0.0,0.0,0,0,1,,0.834,2026-03-19T12:18:05.325473,neutral,1.0,2026-03-19T12:18:05.325473,0.6687493051089991,2026-03-19T12:18:05.942000,93,,,
participant_30,2,day,Town10HD_Opt,2026-03-19 12:18:06.349634,-22.483402252197266,-64.72090911865234,0.0019274520454928,0.901,0.529,0.0,0.0,0,0,1,,1.0,2026-03-19T12:18:06.349634,neutral,1.0,2026-03-19T12:18:05.325473,0.6247219220600292,2026-03-19T12:18:06.933000,93,,,
participant_30,2,day,Town10HD_Opt,2026-03-19 12:18:07.375990,-22.57962417602539,-64.72364807128906,0.0019260406261309,0.745,0.529,0.0,0.0,0,0,1,,1.0,2026-03-19T12:18:07.375990,neutral,0.999,2026-03-19T12:18:07.375990,0.5900866659504926,2026-03-19T12:18:07.923000,89,,,
participant_30,2,day,Town10HD_Opt,2026-03-19 12:18:08.392602,-22.659467697143555,-64.72589874267578,0.0019311141222715,0.399,0.564,0.905,0.0,0,0,1,,1.0,2026-03-19T12:18:08.392602,neutral,0.999,2026-03-19T12:18:07.375990,0.581924553313493,2026-03-19T12:18:08.957000,91,,,
participant_30,2,day,Town10HD_Opt,2026-03-19 12:18:09.404757,-23.04912757873535,-64.74102020263672,0.0015958022559061,7.757,1.758,0.796,0.0,0,0,1,,0.913,2026-03-19T12:18:09.404757,neutral,0.999,2026-03-19T12:18:09.404757,0.5832585598035347,2026-03-19T12:18:09.993000,91,,,
participant_30,2,day,Town10HD_Opt,2026-03-19 12:18:10.391699,-24.438600540161133,-64.80547332763672,0.0014337539905682,16.937,1.495,1.0,0.0,0,0,1,,0.948,2026-03-19T12:18:10.391699,neutral,0.999,2026-03-19T12:18:09.404757,0.5590179193489135,2026-03-19T12:18:10.982000,91,Vehicle collision,Vehicle collision,
participant_30,2,day,Town10HD_Opt,2026-03-19 12:18:11.406742,-26.90789794921875,-64.94483947753906,0.001642188988626,25.469,1.253,0.971,0.0,0,0,1,,1.0,2026-03-19T12:18:11.406742,neutral,0.987,2026-03-19T12:18:11.406742,0.5901207675009942,2026-03-19T12:18:11.928000,92,,,
participant_30,2,day,Town10HD_Opt,2026-03-19 12:18:12.363298,-30.50470352172852,-65.203369140625,0.0015641783829778,35.601,-0.033,0.779,0.0,0,0,1,,1.0,2026-03-19T12:18:12.363298,neutral,0.987,2026-03-19T12:18:11.406742,0.598950635192795,2026-03-19T12:18:13.008000,94,,,
participant_30,2,day,Town10HD_Opt,2026-03-19 12:18:13.391622,-35.03041458129883,-65.53217315673828,0.0017552947392687,41.423,-0.533,0.647,0.0,0,0,1,,1.0,2026-03-19T12:18:13.391622,neutral,0.987,2026-03-19T12:18:11.406742,0.5348601793455007,2026-03-19T12:18:13.953000,94,,,
participant_30,2,day,Town10HD_Opt,2026-03-19 12:18:14.418573,-40.063026428222656,-65.83963012695312,0.0018716048216447,44.766,-0.733,0.634,0.0,0,0,1,,0.903,2026-03-19T12:18:14.418573,neutral,1.0,2026-03-19T12:18:14.418573,0.5117218765713509,2026-03-19T12:18:14.943000,93,,,
participant_30,2,day,Town10HD_Opt,2026-03-19 12:18:15.416810,-45.44459533691406,-66.08895874023438,0.0019106674008071,47.428,-0.197,0.61,0.0,0,0,1,,1.0,2026-03-19T12:18:15.416810,neutral,1.0,2026-03-19T12:18:14.418573,0.5286241554751342,2026-03-19T12:18:15.932000,96,,,
participant_30,2,day,Town10HD_Opt,2026-03-19 12:18:16.371620,-51.10567855834961,-66.33000946044922,0.0019346236949786,49.6,0.444,0.597,0.0,0,0,1,,1.0,2026-03-19T12:18:16.371620,neutral,1.0,2026-03-19T12:18:14.418573,0.55387041004281,2026-03-19T12:18:16.923000,94,,,
participant_30,2,day,Town10HD_Opt,2026-03-19 12:18:17.333520,-56.94940185546875,-66.63143157958984,0.0020801161881536,49.463,0.451,0.591,0.0,0,0,1,,1.0,2026-03-19T12:18:17.333520,neutral,0.958,2026-03-19T12:18:17.333520,0.6037117505288163,2026-03-19T12:18:17.957000,95,,,
participant_30,2,day,Town10HD_Opt,2026-03-19 12:18:18.372638,-62.7072868347168,-66.9556655883789,0.002008514245972,49.952,-1.751,0.574,0.0,0,0,1,,1.0,2026-03-19T12:18:18.372638,neutral,0.958,2026-03-19T12:18:17.333520,0.5232354672764387,2026-03-19T12:18:18.948000,95,,,
participant_30,2,day,Town10HD_Opt,2026-03-19 12:18:19.353483,-68.5616683959961,-67.07015991210938,0.0021121597383171,49.007,-2.748,0.482,0.0,0,0,1,,0.94,2026-03-19T12:18:19.353483,neutral,0.99,2026-03-19T12:18:19.353483,0.5373300442457191,2026-03-19T12:18:19.938000,95,,,
participant_30,2,day,Town10HD_Opt,2026-03-19 12:18:20.407564,-74.20990753173828,-66.77516174316406,0.0020887374412268,48.137,-3.316,0.47,0.0,0,0,1,,0.945,2026-03-19T12:18:20.407564,neutral,0.99,2026-03-19T12:18:19.353483,0.544143989908408,2026-03-19T12:18:20.927000,94,,,
participant_30,2,day,Town10HD_Opt,2026-03-19 12:18:21.033206,-76.9891128540039,-66.4389419555664,0.0020753860007971,47.826,-6.004,0.47,0.0,0,0,1,,0.856,2026-03-19T12:18:21.033206,neutral,0.99,2026-03-19T12:18:19.353483,0.5458151558718084,2026-03-19T12:18:20.927000,94,,,
participant_30,2,day,Town10HD_Opt,2026-03-19 12:18:22.035496,-82.38157653808594,-65.155029296875,0.002073593204841,47.305,-6.981,0.47,0.0,0,0,1,,0.843,2026-03-19T12:18:22.035496,neutral,0.999,2026-03-19T12:18:22.035496,0.4924385591073756,2026-03-19T12:18:21.964000,95,,,
participant_30,2,day,Town10HD_Opt,2026-03-19 12:18:23.059185,-87.44108581542969,-63.02372741699219,0.0020655058324337,46.926,-4.898,0.47,0.0,0,0,1,,1.0,2026-03-19T12:18:23.059185,neutral,0.999,2026-03-19T12:18:22.035496,0.5094247314723961,2026-03-19T12:18:23.943000,93,,,
participant_30,2,day,Town10HD_Opt,2026-03-19 12:18:24.089273,-92.12970733642578,-60.24829864501953,0.0020660017617046,46.548,-6.495,0.47,0.0,0,0,1,,0.819,2026-03-19T12:18:24.089273,neutral,0.999,2026-03-19T12:18:24.089273,0.5400527577606381,2026-03-19T12:18:24.932000,93,,,
participant_30,2,day,Town10HD_Opt,2026-03-19 12:18:25.176745,-96.33507537841795,-56.84877395629883,0.00206058495678,46.261,-4.473,0.47,0.0,0,0,1,,0.9,2026-03-19T12:18:25.176745,neutral,0.999,2026-03-19T12:18:24.089273,0.5201799962381735,2026-03-19T12:18:25.923000,94,,,
participant_30,2,day,Town10HD_Opt,2026-03-19 12:18:26.240706,-100.09046936035156,-52.99378967285156,0.0020556640811264,46.054,-3.754,0.47,0.0,0,0,1,,0.805,2026-03-19T12:18:26.240706,neutral,0.999,2026-03-19T12:18:26.240706,0.5718413096535899,2026-03-19T12:18:26.957000,91,,,
participant_30,2,day,Town10HD_Opt,2026-03-19 12:18:27.244589,-103.43576049804688,-48.80653762817383,0.0020536803640425,45.87,-3.702,0.469,0.0,0,0,1,,0.851,2026-03-19T12:18:27.244589,neutral,0.999,2026-03-19T12:18:26.240706,0.4403071425805147,2026-03-19T12:18:27.947000,95,,,
participant_30,2,day,Town10HD_Opt,2026-03-19 12:18:28.248990,-106.35614013671876,-44.3370246887207,0.0020527648739516,45.701,-3.95,0.47,0.0,0,0,1,,0.838,2026-03-19T12:18:28.248990,neutral,0.999,2026-03-19T12:18:28.248990,0.4675976908147934,2026-03-19T12:18:28.938000,93,,,
participant_30,2,day,Town10HD_Opt,2026-03-19 12:18:29.280619,-108.81591796875,-39.61952209472656,0.0020513916388154,45.556,-3.462,0.47,0.0,0,0,1,,1.0,2026-03-19T12:18:29.280619,neutral,0.999,2026-03-19T12:18:28.248990,0.5523855730745113,2026-03-19T12:18:29.928000,93,,,
participant_30,2,day,Town10HD_Opt,2026-03-19 12:18:30.321032,-110.82118225097656,-34.70852279663086,0.0020518111996352,45.412,-4.704,0.47,0.0,0,0,1,,1.0,2026-03-19T12:18:30.321032,neutral,0.999,2026-03-19T12:18:30.321032,0.5017194238760889,2026-03-19T12:18:30.963000,94,,,
participant_30,2,day,Town10HD_Opt,2026-03-19 12:18:31.368117,-112.26754760742188,-29.62618064880371,0.0020525360014289,45.254,-4.039,0.467,0.0,0,0,1,,0.826,2026-03-19T12:18:31.368117,neutral,0.999,2026-03-19T12:18:30.321032,0.5451528916458112,2026-03-19T12:18:32.043000,94,,,
participant_30,2,day,Town10HD_Opt,2026-03-19 12:18:32.383708,-113.20648193359376,-24.45506477355957,0.0020959854591637,44.351,-2.271,0.0,0.0,0,0,1,,0.9,2026-03-19T12:18:32.383708,neutral,0.996,2026-03-19T12:18:32.383708,0.6161259535001772,2026-03-19T12:18:33.033000,95,,,
participant_30,2,day,Town10HD_Opt,2026-03-19 12:18:33.456478,-113.74142456054688,-19.67448616027832,0.0023418045602738,37.947,-4.926,0.0,0.125,0,0,1,,0.836,2026-03-19T12:18:33.456478,neutral,0.996,2026-03-19T12:18:32.383708,0.5787687381695643,2026-03-19T12:18:33.933000,91,,,
participant_30,2,day,Town10HD_Opt,2026-03-19 12:18:34.026730,-113.8289031982422,-17.56534194946289,0.0023583220317959,34.202,-2.699,0.0,0.0,0,0,1,,1.0,2026-03-19T12:18:34.026730,neutral,0.996,2026-03-19T12:18:32.383708,0.5599178307576403,2026-03-19T12:18:34.923000,92,,,
participant_30,2,day,Town10HD_Opt,2026-03-19 12:18:35.043441,-113.84146118164062,-13.615889549255373,0.0019203948322683,35.993,-1.401,1.0,0.0,0,0,1,,1.0,2026-03-19T12:18:35.043441,neutral,0.998,2026-03-19T12:18:35.043441,0.6419679485646325,2026-03-19T12:18:34.923000,92,,,
participant_30,2,day,Town10HD_Opt,2026-03-19 12:18:36.072951,-113.7242660522461,-8.854402542114258,0.001598548842594,46.27,-0.768,0.876,0.0,0,0,1,,1.0,2026-03-19T12:18:36.072951,neutral,0.998,2026-03-19T12:18:35.043441,0.6591723249252339,2026-03-19T12:18:36.948000,91,,,
participant_30,2,day,Town10HD_Opt,2026-03-19 12:18:37.138674,-113.47197723388672,-3.11383318901062,0.0017995070666074,51.003,-0.169,0.0,0.1,0,0,1,,1.0,2026-03-19T12:18:37.138674,neutral,0.998,2026-03-19T12:18:37.138674,0.5544259932156673,2026-03-19T12:18:37.938000,90,,,
participant_30,2,day,Town10HD_Opt,2026-03-19 12:18:38.208075,-113.13699340820312,2.597896337509156,0.0020996856037527,48.31,-4.105,0.49,0.0,0,0,1,,1.0,2026-03-19T12:18:38.208075,neutral,0.998,2026-03-19T12:18:37.138674,0.5939407995924159,2026-03-19T12:18:38.927000,90,,,
participant_30,2,day,Town10HD_Opt,2026-03-19 12:18:39.257027,-112.20411682128906,8.08002758026123,0.0021383285056799,46.373,-9.351,0.157,0.0,0,0,1,,0.844,2026-03-19T12:18:39.257027,neutral,0.985,2026-03-19T12:18:39.257027,0.6303644069815965,2026-03-19T12:18:39.963000,92,,,
participant_30,2,day,Town10HD_Opt,2026-03-19 12:18:40.296743,-110.31640625,12.88004207611084,0.0022858045995235,41.718,-6.841,0.138,0.0,0,0,1,,0.861,2026-03-19T12:18:40.296743,neutral,0.985,2026-03-19T12:18:39.257027,0.7488198322361805,2026-03-19T12:18:40.953000,93,,,
participant_30,2,day,Town10HD_Opt,2026-03-19 12:18:41.306675,-107.87932586669922,16.702878952026367,0.0023330687545239,36.128,-10.836,0.0,0.0,0,0,1,,0.808,2026-03-19T12:18:41.306675,neutral,0.999,2026-03-19T12:18:41.306675,0.702764759568758,2026-03-19T12:18:41.943000,94,,,
participant_30,2,day,Town10HD_Opt,2026-03-19 12:18:42.326329,-105.19808959960938,19.485897064208984,0.0023289108648896,30.419,-6.18,0.0,0.015,0,0,1,,1.0,2026-03-19T12:18:42.326329,neutral,0.999,2026-03-19T12:18:41.306675,0.6927758598650959,2026-03-19T12:18:42.934000,92,,,
participant_30,2,day,Town10HD_Opt,2026-03-19 12:18:43.342034,-102.66860961914062,21.507333755493164,0.0023051451425999,25.283,-11.805,0.0,0.0,0,0,1,,1.0,2026-03-19T12:18:43.342034,neutral,0.991,2026-03-19T12:18:43.342034,0.6348730541889176,2026-03-19T12:18:43.924000,94,,,
participant_30,2,day,Town10HD_Opt,2026-03-19 12:18:44.409325,-100.2573013305664,22.83861923217773,0.002089500427246,23.847,-7.653,0.885,0.0,0,0,1,,1.0,2026-03-19T12:18:44.409325,neutral,0.991,2026-03-19T12:18:43.342034,0.713081403147722,2026-03-19T12:18:44.958000,92,,,
participant_30,2,day,Town10HD_Opt,2026-03-19 12:18:45.433959,-97.27640533447266,24.094316482543945,0.0016747665358707,31.932,-7.449,0.858,0.0,0,0,1,,1.0,2026-03-19T12:18:45.433959,neutral,1.0,2026-03-19T12:18:45.433959,0.6436517341703268,2026-03-19T12:18:45.948000,92,Solid line crossing,Solid line crossing,
participant_30,2,day,Town10HD_Opt,2026-03-19 12:18:46.482762,-93.2076187133789,25.08089256286621,0.0016783904284238,40.297,-4.593,0.854,0.0,0,0,1,,1.0,2026-03-19T12:18:46.482762,neutral,1.0,2026-03-19T12:18:45.433959,0.6179294250356985,2026-03-19T12:18:46.939000,92,,,
participant_30,2,day,Town10HD_Opt,2026-03-19 12:18:47.125209,-90.80420684814452,25.40455436706543,0.0016862868797034,43.264,0.367,0.779,0.0,0,0,1,,0.897,2026-03-19T12:18:47.125209,neutral,1.0,2026-03-19T12:18:45.433959,0.7128367905559798,2026-03-19T12:18:47.927000,90,,,
participant_30,2,day,Town10HD_Opt,2026-03-19 12:18:48.109512,-85.63968658447266,26.05544090270996,0.0020987319294363,43.228,-2.993,0.0,0.0,0,0,1,,1.0,2026-03-19T12:18:48.109512,neutral,0.998,2026-03-19T12:18:48.109512,0.6599029434181041,2026-03-19T12:18:48.963000,87,,,
participant_30,2,day,Town10HD_Opt,2026-03-19 12:18:49.269263,-81.01311492919922,26.406925201416016,0.0023512649349868,36.446,-2.52,0.0,0.111,0,0,1,,1.0,2026-03-19T12:18:49.269263,neutral,0.998,2026-03-19T12:18:48.109512,0.6576820237102025,2026-03-19T12:18:49.953000,92,,,
participant_30,2,day,Town10HD_Opt,2026-03-19 12:18:50.304107,-77.14190673828125,26.51811790466309,0.0023487091530114,29.636,-0.157,0.0,0.154,0,0,1,,1.0,2026-03-19T12:18:50.304107,neutral,0.999,2026-03-19T12:18:50.304107,0.6712757230948392,2026-03-19T12:18:50.989000,93,,,
participant_30,2,day,Town10HD_Opt,2026-03-19 12:18:51.323201,-73.9605712890625,26.592967987060547,0.002309989882633,24.639,0.242,0.0,0.108,0,0,1,,1.0,2026-03-19T12:18:51.323201,neutral,0.999,2026-03-19T12:18:50.304107,0.6159009258269207,2026-03-19T12:18:51.933000,93,,,
participant_30,2,day,Town10HD_Opt,2026-03-19 12:18:52.337889,-71.37596130371094,26.66526222229004,0.0022845459170639,19.741,0.498,0.0,0.232,0,0,1,,0.833,2026-03-19T12:18:52.337889,neutral,0.998,2026-03-19T12:18:52.337889,0.6415435053762004,2026-03-19T12:18:52.923000,91,,,
participant_30,2,day,Town10HD_Opt,2026-03-19 12:18:53.345051,-69.32832336425781,26.73642921447754,0.002041091909632,15.623,0.557,0.0,0.22,0,0,1,,0.812,2026-03-19T12:18:53.345051,neutral,0.998,2026-03-19T12:18:52.337889,0.6336973502380265,2026-03-19T12:18:53.958000,90,,,
participant_30,2,day,Town10HD_Opt,2026-03-19 12:18:54.376254,-67.73047637939453,26.802330017089844,0.0020965575240552,11.605,0.663,0.0,0.303,0,0,1,,0.862,2026-03-19T12:18:54.376254,neutral,0.998,2026-03-19T12:18:54.376254,0.6722518384712108,2026-03-19T12:18:54.948000,91,,,
participant_30,2,day,Town10HD_Opt,2026-03-19 12:18:55.413812,-66.54470825195312,26.85819435119629,0.002086334163323,8.496,0.757,0.0,0.409,0,0,1,,0.902,2026-03-19T12:18:55.413812,neutral,0.998,2026-03-19T12:18:54.376254,0.646771176397945,2026-03-19T12:18:55.938000,91,,,
participant_30,2,day,Town10HD_Opt,2026-03-19 12:18:56.406583,-65.87159729003906,26.892953872680664,0.0024559784214943,0.0,0.837,0.0,0.492,0,0,1,,0.949,2026-03-19T12:18:56.406583,neutral,0.999,2026-03-19T12:18:56.406583,0.6775590607942451,2026-03-19T12:18:56.928000,89,,,
participant_30,2,day,Town10HD_Opt,2026-03-19 12:18:57.382715,-65.87104034423828,26.892990112304688,0.0019960021600127,0.0,1.072,0.0,0.481,0,0,1,,0.915,2026-03-19T12:18:57.382715,neutral,0.999,2026-03-19T12:18:56.406583,0.7266464863522435,2026-03-19T12:18:57.963000,91,,,
participant_30,2,day,Town10HD_Opt,2026-03-19 12:18:58.420661,-65.87095642089844,26.892995834350582,0.0019275282975286,0.0,1.152,0.0,0.038,0,0,1,,0.897,2026-03-19T12:18:58.420661,neutral,0.998,2026-03-19T12:18:58.420661,0.6734249156049958,2026-03-19T12:18:58.953000,90,,,
participant_30,2,day,Town10HD_Opt,2026-03-19 12:18:58.999985,-65.8709487915039,26.892995834350582,0.0019216537475585,0.0,1.152,0.0,0.0,0,0,1,,1.0,2026-03-19T12:18:58.999985,neutral,0.998,2026-03-19T12:18:58.420661,0.6927813629207024,2026-03-19T12:18:58.953000,90,,,
participant_30,2,day,Town10HD_Opt,2026-03-19 12:18:59.996917,-65.8709487915039,26.892995834350582,0.0019193649059161,0.0,1.152,0.0,0.0,0,0,1,,1.0,2026-03-19T12:18:59.996917,neutral,0.998,2026-03-19T12:18:58.420661,0.6689949495545772,2026-03-19T12:18:59.950000,91,,,
participant_30,2,day,Town10HD_Opt,2026-03-19 12:19:01.034785,-65.8709487915039,26.892995834350582,0.0019193649059161,0.0,1.159,0.0,0.0,0,0,1,,0.802,2026-03-19T12:19:01.034785,neutral,0.999,2026-03-19T12:19:01.034785,0.7132993459606856,2026-03-19T12:19:00.933000,90,,,
participant_30,2,day,Town10HD_Opt,2026-03-19 12:19:02.042963,-65.8709487915039,26.892995834350582,0.0019193649059161,0.0,1.159,0.0,0.0,0,0,1,,1.0,2026-03-19T12:19:02.042963,neutral,0.999,2026-03-19T12:19:01.034785,0.7420646363450266,2026-03-19T12:19:02.018000,89,,,
participant_30,2,day,Town10HD_Opt,2026-03-19 12:19:03.058886,-65.8709487915039,26.892995834350582,0.0019193649059161,0.0,1.159,0.0,0.0,0,0,1,,0.861,2026-03-19T12:19:03.058886,neutral,0.987,2026-03-19T12:19:03.058886,0.6775983368348223,2026-03-19T12:19:03.949000,88,,,
participant_30,2,day,Town10HD_Opt,2026-03-19 12:19:04.151783,-65.8709487915039,26.892995834350582,0.0019193649059161,0.0,1.159,0.0,0.0,0,0,1,,1.0,2026-03-19T12:19:04.151783,neutral,0.987,2026-03-19T12:19:03.058886,0.7289833919560645,2026-03-19T12:19:04.939000,87,,,
participant_30,2,day,Town10HD_Opt,2026-03-19 12:19:05.139702,-65.8709487915039,26.892995834350582,0.0019193649059161,0.0,1.159,0.0,0.0,0,0,1,,1.0,2026-03-19T12:19:05.139702,neutral,0.995,2026-03-19T12:19:05.139702,0.7297745879887525,2026-03-19T12:19:05.973000,86,,,
participant_30,2,day,Town10HD_Opt,2026-03-19 12:19:06.116400,-65.8709487915039,26.892995834350582,0.0019193649059161,0.0,1.147,0.0,0.0,0,0,1,,0.898,2026-03-19T12:19:06.116400,neutral,0.995,2026-03-19T12:19:05.139702,0.6930644051801407,2026-03-19T12:19:06.963000,87,,,
participant_30,2,day,Town10HD_Opt,2026-03-19 12:19:07.129757,-65.8709487915039,26.892995834350582,0.0019193649059161,0.0,0.813,0.0,0.0,0,0,1,,1.0,2026-03-19T12:19:07.129757,neutral,0.995,2026-03-19T12:19:05.139702,0.665623640230999,2026-03-19T12:19:07.953000,88,,,
participant_30,2,day,Town10HD_Opt,2026-03-19 12:19:08.147553,-65.8709487915039,26.892995834350582,0.0019193649059161,0.0,0.552,0.0,0.0,0,0,1,,1.0,2026-03-19T12:19:08.147553,sad,0.496,2026-03-19T12:19:08.147553,0.7941567217245676,2026-03-19T12:19:08.943000,89,,,
participant_30,2,day,Town10HD_Opt,2026-03-19 12:19:09.126168,-65.8709487915039,26.892995834350582,0.0019193649059161,0.0,0.794,0.0,0.0,0,0,1,,1.0,2026-03-19T12:19:09.126168,sad,0.496,2026-03-19T12:19:08.147553,0.7034202842242576,2026-03-19T12:19:09.933000,88,,,
participant_30,2,day,Town10HD_Opt,2026-03-19 12:19:10.154251,-65.8709487915039,26.892995834350582,0.0019193649059161,0.0,0.797,0.0,0.0,0,0,1,,0.959,2026-03-19T12:19:10.154251,neutral,0.56,2026-03-19T12:19:10.154251,0.7335265977044326,2026-03-19T12:19:10.969000,88,,,
participant_30,2,day,Town10HD_Opt,2026-03-19 12:19:11.153177,-65.8709487915039,26.892995834350582,0.0019193649059161,0.0,0.002,0.0,0.0,0,0,1,,0.916,2026-03-19T12:19:11.153177,neutral,0.56,2026-03-19T12:19:10.154251,0.7106777375561927,2026-03-19T12:19:11.958000,90,,,
participant_30,2,day,Town10HD_Opt,2026-03-19 12:19:12.187014,-65.8709487915039,26.892995834350582,0.0019193649059161,0.0,0.258,0.0,0.0,0,0,1,,1.0,2026-03-19T12:19:12.187014,neutral,0.85,2026-03-19T12:19:12.187014,0.7124458529343702,2026-03-19T12:19:12.948000,91,,,
participant_30,2,day,Town10HD_Opt,2026-03-19 12:19:13.271242,-65.8709487915039,26.892995834350582,0.0019193649059161,0.0,-0.642,0.0,0.0,0,0,1,,1.0,2026-03-19T12:19:13.271242,neutral,0.85,2026-03-19T12:19:12.187014,0.7567552776139403,2026-03-19T12:19:13.938000,92,,,
participant_30,2,day,Town10HD_Opt,2026-03-19 12:19:14.314556,-65.8709487915039,26.892995834350582,0.0019193649059161,0.0,-1.549,0.0,0.0,0,0,1,,1.0,2026-03-19T12:19:14.314556,neutral,0.731,2026-03-19T12:19:14.314556,0.6748655750056719,2026-03-19T12:19:14.973000,94,,,
participant_30,2,day,Town10HD_Opt,2026-03-19 12:19:15.328850,-65.8709487915039,26.892995834350582,0.0019193649059161,0.0,-0.364,0.0,0.0,0,0,1,,1.0,2026-03-19T12:19:15.328850,neutral,0.731,2026-03-19T12:19:14.314556,0.6384250362454094,2026-03-19T12:19:15.963000,93,,,
participant_30,2,day,Town10HD_Opt,2026-03-19 12:19:16.376440,-65.8709487915039,26.892995834350582,0.0019193649059161,0.0,0.548,0.0,0.0,0,0,1,,1.0,2026-03-19T12:19:16.376440,neutral,0.91,2026-03-19T12:19:16.376440,0.7678916397747175,2026-03-19T12:19:16.954000,89,,,
participant_30,2,day,Town10HD_Opt,2026-03-19 12:19:17.420703,-65.8709487915039,26.892995834350582,0.0019193649059161,0.0,-0.334,0.0,0.0,0,0,1,,1.0,2026-03-19T12:19:17.420703,neutral,0.91,2026-03-19T12:19:16.376440,0.6511307755570881,2026-03-19T12:19:17.943000,88,,,
participant_30,2,day,Town10HD_Opt,2026-03-19 12:19:18.443030,-65.8709487915039,26.892995834350582,0.0019193649059161,0.0,-0.935,0.0,0.0,0,0,1,,1.0,2026-03-19T12:19:18.443030,neutral,0.95,2026-03-19T12:19:18.443030,0.6340606327938838,2026-03-19T12:19:18.933000,91,,,
participant_30,2,day,Town10HD_Opt,2026-03-19 12:19:19.007190,-65.8709487915039,26.892995834350582,0.0019193649059161,0.0,0.122,0.0,0.0,0,0,1,,1.0,2026-03-19T12:19:19.007190,neutral,0.95,2026-03-19T12:19:18.443030,0.7281193447826241,2026-03-19T12:19:18.933000,90,,,
participant_30,2,day,Town10HD_Opt,2026-03-19 12:19:20.053999,-65.8709487915039,26.892995834350582,0.0019193649059161,0.0,0.305,0.0,0.0,0,0,1,,1.0,2026-03-19T12:19:20.053999,neutral,0.95,2026-03-19T12:19:18.443030,0.586158362965528,2026-03-19T12:19:20.958000,91,,,
participant_30,2,day,Town10HD_Opt,2026-03-19 12:19:21.083763,-65.8709487915039,26.892995834350582,0.0019193649059161,0.0,-0.352,0.0,0.0,0,0,1,,1.0,2026-03-19T12:19:21.083763,neutral,0.869,2026-03-19T12:19:21.083763,0.6270126891047726,2026-03-19T12:19:20.958000,94,,,
participant_30,2,day,Town10HD_Opt,2026-03-19 12:19:22.040330,-65.8709487915039,26.892995834350582,0.0019193649059161,0.0,-0.566,0.0,0.0,0,0,1,,1.0,2026-03-19T12:19:22.040330,neutral,0.869,2026-03-19T12:19:21.083763,0.6537768870614665,2026-03-19T12:19:22.038000,93,,,
participant_30,2,day,Town10HD_Opt,2026-03-19 12:19:23.046361,-65.8709487915039,26.892995834350582,0.0019193649059161,0.0,-0.367,0.0,0.0,0,0,1,,1.0,2026-03-19T12:19:23.046361,neutral,0.869,2026-03-19T12:19:21.083763,0.5599200082821598,2026-03-19T12:19:23.029000,97,,,
participant_30,2,day,Town10HD_Opt,2026-03-19 12:19:24.040449,-65.8709487915039,26.892995834350582,0.0019193649059161,0.0,0.085,0.0,0.0,0,0,1,,1.0,2026-03-19T12:19:24.040449,neutral,0.996,2026-03-19T12:19:24.040449,0.5691345078608664,2026-03-19T12:19:23.978000,97,,,
participant_30,2,day,Town10HD_Opt,2026-03-19 12:19:25.057449,-65.8709487915039,26.892995834350582,0.0019193649059161,0.0,-0.106,0.0,0.0,0,0,1,,0.907,2026-03-19T12:19:25.057449,neutral,0.996,2026-03-19T12:19:24.040449,0.5365242341133961,2026-03-19T12:19:25.953000,97,,,
participant_30,2,day,Town10HD_Opt,2026-03-19 12:19:26.034621,-65.8709487915039,26.892995834350582,0.0019193649059161,0.0,1.525,0.0,0.0,0,0,1,,1.0,2026-03-19T12:19:26.034621,neutral,0.996,2026-03-19T12:19:24.040449,0.5472780829764875,2026-03-19T12:19:26.944000,101,,,
participant_30,2,day,Town10HD_Opt,2026-03-19 12:19:27.117996,-65.8709487915039,26.892995834350582,0.0019193649059161,0.0,-0.195,0.0,0.0,0,0,1,,1.0,2026-03-19T12:19:27.117996,neutral,0.982,2026-03-19T12:19:27.117996,0.5239443404683914,2026-03-19T12:19:27.932000,101,,,
participant_30,2,day,Town10HD_Opt,2026-03-19 12:19:28.175419,-65.8709487915039,26.892995834350582,0.0019193649059161,0.0,-0.921,0.0,0.0,0,0,1,,0.839,2026-03-19T12:19:28.175419,neutral,0.982,2026-03-19T12:19:27.117996,0.4873493746723211,2026-03-19T12:19:28.969000,105,,,
participant_30,2,day,Town10HD_Opt,2026-03-19 12:19:29.195212,-65.8709487915039,26.892995834350582,0.0019193649059161,0.0,0.078,0.0,0.0,0,0,1,,1.0,2026-03-19T12:19:29.195212,neutral,0.968,2026-03-19T12:19:29.195212,0.4970113932792995,2026-03-19T12:19:29.959000,103,,,
participant_30,2,day,Town10HD_Opt,2026-03-19 12:19:30.180980,-65.8709487915039,26.892995834350582,0.0019193649059161,0.0,0.446,0.0,0.0,0,0,1,,0.817,2026-03-19T12:19:30.180980,neutral,0.968,2026-03-19T12:19:29.195212,0.4145602506473392,2026-03-19T12:19:30.948000,101,,,
participant_30,2,day,Town10HD_Opt,2026-03-19 12:19:31.194924,-65.8709487915039,26.892995834350582,0.0019193649059161,0.0,0.797,0.0,0.0,0,0,1,,1.0,2026-03-19T12:19:31.194924,neutral,0.968,2026-03-19T12:19:29.195212,0.4278928086952112,2026-03-19T12:19:31.939000,100,,,
participant_30,2,day,Town10HD_Opt,2026-03-19 12:19:32.179146,-65.8709487915039,26.892995834350582,0.0019193649059161,0.0,0.797,0.0,0.0,0,0,1,,1.0,2026-03-19T12:19:32.179146,neutral,0.487,2026-03-19T12:19:32.179146,0.4089066981759809,2026-03-19T12:19:32.974000,100,,,
participant_30,2,day,Town10HD_Opt,2026-03-19 12:19:33.208829,-65.8709487915039,26.892995834350582,0.0019193649059161,0.0,0.79,0.0,0.0,0,0,1,,0.9,2026-03-19T12:19:33.208829,neutral,0.487,2026-03-19T12:19:32.179146,0.3476278880969399,2026-03-19T12:19:33.964000,101,,,
participant_30,2,day,Town10HD_Opt,2026-03-19 12:19:34.210752,-65.8709487915039,26.892995834350582,0.0019193649059161,0.0,0.799,0.0,0.0,0,0,1,,1.0,2026-03-19T12:19:34.210752,neutral,0.993,2026-03-19T12:19:34.210752,0.3586939517301087,2026-03-19T12:19:34.953000,100,,,
participant_30,2,day,Town10HD_Opt,2026-03-19 12:19:35.249723,-65.77587890625,26.89798927307129,0.0017018509097397,4.262,0.186,1.0,0.0,0,0,1,,1.0,2026-03-19T12:19:35.249723,neutral,0.993,2026-03-19T12:19:34.210752,0.3786259958021624,2026-03-19T12:19:35.944000,101,,,
participant_30,2,day,Town10HD_Opt,2026-03-19 12:19:36.263385,-64.73762512207031,26.95224952697754,0.0014284515054896,14.604,0.519,0.695,0.0,0,0,1,,1.0,2026-03-19T12:19:36.263385,neutral,0.997,2026-03-19T12:19:36.263385,0.235611520936879,2026-03-19T12:19:36.934000,98,,,
participant_30,2,day,Town10HD_Opt,2026-03-19 12:19:37.320658,-62.7490463256836,27.06416702270508,0.0019101714715361,19.157,0.531,0.958,0.0,0,0,1,,1.0,2026-03-19T12:19:37.320658,neutral,0.997,2026-03-19T12:19:36.263385,0.2583372164279953,2026-03-19T12:19:37.969000,94,,,
participant_30,2,day,Town10HD_Opt,2026-03-19 12:19:38.362232,-60.1083869934082,27.22058868408203,0.0017155837267637,26.163,0.085,0.956,0.0,0,0,1,,1.0,2026-03-19T12:19:38.362232,neutral,0.995,2026-03-19T12:19:38.362232,0.2492257768043239,2026-03-19T12:19:38.959000,94,,,
participant_30,2,day,Town10HD_Opt,2026-03-19 12:19:39.389102,-56.478363037109375,27.424455642700195,0.001540184020996,37.213,-0.543,0.996,0.0,0,0,1,,1.0,2026-03-19T12:19:39.389102,neutral,0.995,2026-03-19T12:19:38.362232,0.233293127066466,2026-03-19T12:19:39.949000,92,,,
participant_30,2,day,Town10HD_Opt,2026-03-19 12:19:40.446028,-51.66978454589844,27.653682708740234,0.0015952682588249,45.524,-0.254,0.83,0.0,0,0,1,,1.0,2026-03-19T12:19:40.446028,neutral,0.802,2026-03-19T12:19:40.446028,0.2307084856311268,2026-03-19T12:19:40.939000,94,,,
participant_30,2,day,Town10HD_Opt,2026-03-19 12:19:40.995406,-48.90987014770508,27.771217346191406,0.0016683959402143,48.93,-0.475,0.797,0.0,0,0,1,,1.0,2026-03-19T12:19:40.995406,neutral,0.802,2026-03-19T12:19:40.446028,0.2272335879194457,2026-03-19T12:19:40.939000,93,,,
participant_30,2,day,Town10HD_Opt,2026-03-19 12:19:42.023562,-42.99746322631836,27.95745086669922,0.0020637894049286,49.685,-0.331,0.784,0.0,0,0,1,,1.0,2026-03-19T12:19:42.023562,neutral,0.802,2026-03-19T12:19:40.446028,0.223858273967332,2026-03-19T12:19:41.974000,91,,,
participant_30,2,day,Town10HD_Opt,2026-03-19 12:19:43.027871,-37.2540283203125,28.065160751342773,0.0019410705426707,50.693,-0.181,0.0,0.0,0,0,1,,1.0,2026-03-19T12:19:43.027871,neutral,0.921,2026-03-19T12:19:43.027871,0.1172587138425102,2026-03-19T12:19:42.963000,96,,,
participant_30,2,day,Town10HD_Opt,2026-03-19 12:19:44.066841,-31.41692543029785,28.113922119140625,0.0021481323055922,48.718,-1.398,0.748,0.0,0,0,1,,1.0,2026-03-19T12:19:44.066841,neutral,0.921,2026-03-19T12:19:43.027871,0.2075110466681165,2026-03-19T12:19:44.943000,97,,,
participant_30,2,day,Town10HD_Opt,2026-03-19 12:19:45.115937,-25.574893951416016,27.996410369873047,0.001999435480684,50.418,-0.002,0.707,0.0,0,0,1,,0.882,2026-03-19T12:19:45.115937,neutral,0.905,2026-03-19T12:19:45.115937,0.2100288417205973,2026-03-19T12:19:45.934000,98,,,
participant_30,2,day,Town10HD_Opt,2026-03-19 12:19:46.206104,-19.807580947875977,27.85285377502441,0.0020013428293168,50.335,2.003,0.68,0.0,0,0,1,,1.0,2026-03-19T12:19:46.206104,neutral,0.905,2026-03-19T12:19:45.115937,0.2700846349255877,2026-03-19T12:19:46.968000,97,,,
participant_30,2,day,Town10HD_Opt,2026-03-19 12:19:47.255724,-13.976250648498535,27.89653778076172,0.002154121408239,48.645,-0.566,0.677,0.0,0,0,1,,1.0,2026-03-19T12:19:47.255724,neutral,0.988,2026-03-19T12:19:47.255724,0.2246599105126666,2026-03-19T12:19:47.959000,98,,,
participant_30,2,day,Town10HD_Opt,2026-03-19 12:19:48.290007,-8.194869995117188,27.980499267578125,0.001938171335496,51.134,-0.148,0.0,0.0,0,0,1,,1.0,2026-03-19T12:19:48.290007,neutral,0.988,2026-03-19T12:19:47.255724,0.1985761313680718,2026-03-19T12:19:48.948000,93,,,
participant_30,2,day,Town10HD_Opt,2026-03-19 12:19:49.300670,-2.371765375137329,28.01433563232422,0.0021277999039739,48.859,0.277,0.653,0.0,0,0,1,,0.827,2026-03-19T12:19:49.300670,neutral,0.9,2026-03-19T12:19:49.300670,0.1516990481965017,2026-03-19T12:19:49.938000,92,,,
participant_30,2,day,Town10HD_Opt,2026-03-19 12:19:50.378557,3.4199843406677246,28.03196907043457,0.0019921492785215,50.258,-2.913,0.53,0.0,0,0,1,,1.0,2026-03-19T12:19:50.378557,neutral,0.9,2026-03-19T12:19:49.300670,0.1651121847314881,2026-03-19T12:19:50.973000,91,,,
participant_30,2,day,Town10HD_Opt,2026-03-19 12:19:51.413364,9.267964363098145,27.816356658935547,0.0021057510748505,49.385,0.009,0.703,0.0,0,0,1,,1.0,2026-03-19T12:19:51.413364,neutral,0.993,2026-03-19T12:19:51.413364,0.127069043482123,2026-03-19T12:19:52.009000,91,,,
participant_30,2,day,Town10HD_Opt,2026-03-19 12:19:52.443751,15.135319709777832,27.59591293334961,0.0020107650198042,50.541,0.968,0.0,0.0,0,0,1,,1.0,2026-03-19T12:19:52.443751,neutral,0.993,2026-03-19T12:19:51.413364,0.2545528518526055,2026-03-19T12:19:52.954000,91,,,
participant_30,2,day,Town10HD_Opt,2026-03-19 12:19:52.996824,18.001684188842773,27.54009056091309,0.00220314017497,47.973,0.045,0.222,0.0,0,0,1,,1.0,2026-03-19T12:19:52.996824,neutral,0.993,2026-03-19T12:19:51.413364,0.1841025282322508,2026-03-19T12:19:52.954000,91,,,
participant_30,2,day,Town10HD_Opt,2026-03-19 12:19:54.065462,23.33668708801269,27.491106033325195,0.0022470473777502,43.657,4.197,0.223,0.0,0,0,1,,1.0,2026-03-19T12:19:54.065462,neutral,0.919,2026-03-19T12:19:54.065462,0.1954037763063251,2026-03-19T12:19:54.936000,92,,,
participant_30,2,day,Town10HD_Opt,2026-03-19 12:19:55.112062,28.16891098022461,27.884483337402344,0.0022406005300581,39.704,9.298,0.275,0.0,0,0,1,,1.0,2026-03-19T12:19:55.112062,neutral,0.919,2026-03-19T12:19:54.065462,0.2007480977403687,2026-03-19T12:19:55.968000,92,,,
participant_30,2,day,Town10HD_Opt,2026-03-19 12:19:56.143478,32.35755157470703,29.1417179107666,0.0023132322821766,34.929,14.361,0.0,0.26,0,0,1,,1.0,2026-03-19T12:19:56.143478,neutral,1.0,2026-03-19T12:19:56.143478,0.2083213002992048,2026-03-19T12:19:56.959000,92,,,
participant_30,2,day,Town10HD_Opt,2026-03-19 12:19:57.152233,35.411651611328125,31.07857131958008,0.0024308776482939,27.411,14.646,0.0,0.631,0,0,1,,0.81,2026-03-19T12:19:57.152233,neutral,1.0,2026-03-19T12:19:56.143478,0.2150582999375833,2026-03-19T12:19:57.949000,90,,,errors=Harsh braking
participant_30,2,day,Town10HD_Opt,2026-03-19 12:19:58.142825,37.25394821166992,32.99721908569336,0.0025600814260542,15.084,14.98,0.0,1.0,0,0,1,,1.0,2026-03-19T12:19:58.142825,neutral,1.0,2026-03-19T12:19:56.143478,0.2800371338049021,2026-03-19T12:19:58.939000,87,,,
participant_30,3,day,Town10HD_Opt,2026-03-19 12:30:00.000000,-41.66858673095703,89.7454833984375,0.580491840839386,17.368,5.893,0.498,0.0,0,0,1,,1.0,2026-03-19T12:30:00,,,2026-03-19T12:30:00,0.8480525824742112,2026-03-19T12:30:00,89,,,
participant_30,3,day,Town10HD_Opt,2026-03-19 12:30:04.596357,-41.54966735839844,82.54132843017578,0.0018890762003138,17.463,6.955,0.542,0.0,0,0,1,,0.914,2026-03-19T12:30:04.596357,,,2026-03-19T12:30:04.596357,0.8525123492879105,2026-03-19T12:30:04.951000,90,,,
participant_30,3,day,Town10HD_Opt,2026-03-19 12:30:05.250319,-41.26298904418945,80.43081665039062,0.0020692443940788,18.697,9.255,0.435,0.0,0,0,1,,1.0,2026-03-19T12:30:05.250319,,,2026-03-19T12:30:04.596357,0.8123823973287435,2026-03-19T12:30:05.939000,89,,,
participant_30,3,day,Town10HD_Opt,2026-03-19 12:30:06.273604,-40.27951049804688,77.15275573730469,0.0019831084646284,20.804,14.229,0.443,0.0,0,0,1,,1.0,2026-03-19T12:30:06.273604,,,2026-03-19T12:30:04.596357,0.8393399810038904,2026-03-19T12:30:06.929000,92,,,
participant_30,3,day,Town10HD_Opt,2026-03-19 12:30:07.313584,-38.2166633605957,73.96195983886719,0.0020032881293445,23.022,18.124,0.438,0.0,0,0,1,,1.0,2026-03-19T12:30:07.313584,sad,0.376,2026-03-19T12:30:07.313584,0.8426138875729946,2026-03-19T12:30:07.966000,91,,,
participant_30,3,day,Town10HD_Opt,2026-03-19 12:30:08.308681,-34.92461395263672,71.44326782226562,0.0020063780248165,24.934,14.82,0.439,0.0,0,0,1,,1.0,2026-03-19T12:30:08.308681,sad,0.376,2026-03-19T12:30:07.313584,0.8127797659893445,2026-03-19T12:30:08.954000,93,,,
participant_30,3,day,Town10HD_Opt,2026-03-19 12:30:08.989303,-32.199485778808594,70.29139709472656,0.0020013807807117,26.054,11.549,0.44,0.0,0,0,1,,1.0,2026-03-19T12:30:08.989303,sad,0.376,2026-03-19T12:30:07.313584,0.8038989362231791,2026-03-19T12:30:08.954000,92,,,
participant_30,3,day,Town10HD_Opt,2026-03-19 12:30:09.991864,-27.59329605102539,69.37680053710938,0.0019981383811682,27.89,9.26,0.445,0.0,0,0,1,,1.0,2026-03-19T12:30:09.991864,neutral,0.564,2026-03-19T12:30:09.991864,0.7661725373154888,2026-03-19T12:30:09.944000,90,,,
participant_30,3,day,Town10HD_Opt,2026-03-19 12:30:11.245534,-20.85529518127441,69.45277404785156,0.0019906996749341,30.021,-1.789,0.449,0.0,0,0,1,,0.805,2026-03-19T12:30:11.245534,neutral,0.564,2026-03-19T12:30:09.991864,0.7124701288922778,2026-03-19T12:30:12.060000,94,,,
participant_30,3,day,Town10HD_Opt,2026-03-19 12:30:12.196807,-15.466806411743164,69.54310607910156,0.0019905089866369,31.692,-0.078,0.458,0.0,0,0,1,,1.0,2026-03-19T12:30:12.196807,neutral,0.698,2026-03-19T12:30:12.196807,0.6505089378064353,2026-03-19T12:30:12.960000,95,,,
participant_30,3,day,Town10HD_Opt,2026-03-19 12:30:13.223375,-9.80248737335205,69.63310241699219,0.0019932554569095,33.22,0.202,0.46,0.0,0,0,1,,1.0,2026-03-19T12:30:13.223375,neutral,0.698,2026-03-19T12:30:12.196807,0.6932767338307835,2026-03-19T12:30:13.950000,97,,,
participant_30,3,day,Town10HD_Opt,2026-03-19 12:30:14.211477,-3.886039018630981,69.76625061035156,0.0020008848514407,34.528,-0.277,0.453,0.0,0,0,1,,1.0,2026-03-19T12:30:14.211477,sad,0.45,2026-03-19T12:30:14.211477,0.7131052641258122,2026-03-19T12:30:14.984000,96,,,
participant_30,3,day,Town10HD_Opt,2026-03-19 12:30:15.136587,2.2331252098083496,69.85478973388672,0.0020135117229074,35.469,-0.407,0.443,0.0,0,0,1,,1.0,2026-03-19T12:30:15.136587,sad,0.45,2026-03-19T12:30:14.211477,0.6014646203809018,2026-03-19T12:30:15.929000,95,,,
participant_30,3,day,Town10HD_Opt,2026-03-19 12:30:16.057710,8.472309112548828,69.879150390625,0.0020519637037068,35.557,-0.256,0.331,0.0,0,0,1,,1.0,2026-03-19T12:30:16.057710,sad,0.45,2026-03-19T12:30:14.211477,0.6702939666236232,2026-03-19T12:30:15.929000,98,,,
participant_30,3,day,Town10HD_Opt,2026-03-19 12:30:17.012557,14.31851577758789,69.86506652832031,0.0022694014478474,29.581,-0.031,0.0,0.0,0,0,1,,1.0,2026-03-19T12:30:17.012557,neutral,0.483,2026-03-19T12:30:17.012557,0.6119842614730396,2026-03-19T12:30:16.963000,95,,,
participant_30,3,day,Town10HD_Opt,2026-03-19 12:30:18.228161,20.04996490478516,69.84040069580078,0.0023435209877789,17.344,-0.066,0.0,0.733,0,0,1,,1.0,2026-03-19T12:30:18.228161,neutral,0.483,2026-03-19T12:30:17.012557,0.5382867877694868,2026-03-19T12:30:18.944000,90,,,errors=Harsh braking
participant_30,3,day,Town10HD_Opt,2026-03-19 12:30:19.210244,20.638139724731445,69.83722686767578,0.0020738600287586,0.0,-0.066,0.0,0.402,0,0,1,,1.0,2026-03-19T12:30:19.210244,sad,0.693,2026-03-19T12:30:19.210244,0.5856378586372968,2026-03-19T12:30:19.935000,90,,,
participant_30,3,day,Town10HD_Opt,2026-03-19 12:30:20.110226,20.63892364501953,69.83722686767578,0.0019251632038503,0.134,0.031,0.049,0.0,0,0,1,,1.0,2026-03-19T12:30:20.110226,sad,0.693,2026-03-19T12:30:19.210244,0.6035439841547049,2026-03-19T12:30:20.924000,90,Stop sign violation,stop_sign_id=754,
participant_30,3,day,Town10HD_Opt,2026-03-19 12:30:21.023864,20.83624267578125,69.83631896972656,0.0016885375371202,5.229,0.035,0.506,0.0,0,0,1,,1.0,2026-03-19T12:30:21.023864,sad,0.693,2026-03-19T12:30:19.210244,0.4971771620649049,2026-03-19T12:30:20.924000,88,,,
participant_30,3,day,Town10HD_Opt,2026-03-19 12:30:22.006924,22.28901481628418,69.82879638671875,0.0016561889788135,12.681,0.005,0.585,0.0,0,0,1,,1.0,2026-03-19T12:30:22.006924,neutral,0.651,2026-03-19T12:30:22.006924,0.5774085432699531,2026-03-19T12:30:21.985000,90,,,
participant_30,3,day,Town10HD_Opt,2026-03-19 12:30:23.050062,24.87323951721192,69.80355072021484,0.0018770217429846,15.486,-0.472,0.243,0.0,0,0,1,,0.909,2026-03-19T12:30:23.050062,neutral,0.651,2026-03-19T12:30:22.006924,0.5364502416437045,2026-03-19T12:30:22.950000,90,,,errors=Stop sign violation
participant_30,3,day,Town10HD_Opt,2026-03-19 12:30:24.279189,28.60444068908692,69.51759338378906,0.0018678283086046,17.167,-10.072,0.345,0.0,0,0,1,,0.866,2026-03-19T12:30:24.279189,neutral,0.898,2026-03-19T12:30:24.279189,0.5241292579959713,2026-03-19T12:30:24.929000,93,,,
participant_30,3,day,Town10HD_Opt,2026-03-19 12:30:25.218205,31.63533401489257,68.70865631103516,0.0020627593621611,18.541,-10.732,0.463,0.0,0,0,1,,0.908,2026-03-19T12:30:25.218205,neutral,0.898,2026-03-19T12:30:24.279189,0.5030225654077201,2026-03-19T12:30:25.964000,93,,,
participant_30,3,day,Town10HD_Opt,2026-03-19 12:30:26.133554,34.810977935791016,67.28688049316406,0.00195690151304,21.513,-9.2,0.465,0.0,0,0,1,,0.875,2026-03-19T12:30:26.133554,neutral,0.898,2026-03-19T12:30:24.279189,0.4903336829474967,2026-03-19T12:30:26.954000,91,,,
participant_30,3,day,Town10HD_Opt,2026-03-19 12:30:27.028021,38.11806488037109,65.07060241699219,0.0019610975868999,24.301,-9.143,0.468,0.0,0,0,1,,1.0,2026-03-19T12:30:27.028021,neutral,0.986,2026-03-19T12:30:27.028021,0.6014947851132769,2026-03-19T12:30:26.954000,91,,,
participant_30,3,day,Town10HD_Opt,2026-03-19 12:30:27.995503,41.21527862548828,61.89910888671875,0.0019814299885183,26.677,-12.033,0.46,0.0,0,0,1,,1.0,2026-03-19T12:30:27.995503,neutral,0.986,2026-03-19T12:30:27.028021,0.5605185364476015,2026-03-19T12:30:27.944000,88,,,
participant_30,3,day,Town10HD_Opt,2026-03-19 12:30:29.285469,43.95367431640625,56.09437942504883,0.0020197294652462,28.698,-12.565,0.421,0.0,0,0,1,,1.0,2026-03-19T12:30:29.285469,sad,0.687,2026-03-19T12:30:29.285469,0.5577243446713593,2026-03-19T12:30:29.923000,88,,,
participant_30,3,day,Town10HD_Opt,2026-03-19 12:30:30.246844,44.4636116027832,51.23710632324219,0.002201538067311,25.495,-6.144,0.0,0.0,0,0,1,,0.838,2026-03-19T12:30:30.246844,sad,0.687,2026-03-19T12:30:29.285469,0.5326284650094014,2026-03-19T12:30:31.049000,90,,,
participant_30,3,day,Town10HD_Opt,2026-03-19 12:30:31.194536,44.32789611816406,47.281131744384766,0.0022337341215461,19.717,-0.482,0.173,0.0,0,0,1,,0.872,2026-03-19T12:30:31.194536,sad,0.687,2026-03-19T12:30:29.285469,0.5878012465516946,2026-03-19T12:30:31.949000,88,,,
participant_30,3,day,Town10HD_Opt,2026-03-19 12:30:32.121290,44.21094512939453,44.06631851196289,0.002022094791755,18.158,2.313,0.274,0.0,0,0,1,,1.0,2026-03-19T12:30:32.121290,neutral,0.832,2026-03-19T12:30:32.121290,0.5282539244478657,2026-03-19T12:30:32.940000,89,,,
participant_30,3,day,Town10HD_Opt,2026-03-19 12:30:33.048654,44.25459289550781,40.90121841430664,0.0020462034735828,18.013,5.096,0.364,0.0,0,0,1,,0.833,2026-03-19T12:30:33.048654,neutral,0.832,2026-03-19T12:30:32.121290,0.5514915070072663,2026-03-19T12:30:32.940000,88,,,
participant_30,3,day,Town10HD_Opt,2026-03-19 12:30:34.266133,44.99347686767578,36.73442077636719,0.002047843998298,18.415,17.316,0.346,0.0,0,0,1,,0.907,2026-03-19T12:30:34.266133,neutral,0.636,2026-03-19T12:30:34.266133,0.5603352801122056,2026-03-19T12:30:34.964000,91,,,
participant_30,3,day,Town10HD_Opt,2026-03-19 12:30:35.191811,46.5230598449707,33.87454605102539,0.0020481490064412,18.889,16.893,0.347,0.0,0,0,1,,0.811,2026-03-19T12:30:35.191811,neutral,0.636,2026-03-19T12:30:34.266133,0.5623057955804385,2026-03-19T12:30:35.999000,93,,,
participant_30,3,day,Town10HD_Opt,2026-03-19 12:30:36.077497,48.833641052246094,31.486366271972656,0.0020538328681141,19.251,16.893,0.334,0.0,0,0,1,,1.0,2026-03-19T12:30:36.077497,neutral,0.636,2026-03-19T12:30:34.266133,0.5696134329249063,2026-03-19T12:30:35.999000,91,,,
participant_30,3,day,Town10HD_Opt,2026-03-19 12:30:36.991868,51.7559700012207,29.816085815429688,0.0020598219707608,19.404,16.488,0.329,0.0,0,0,1,,1.0,2026-03-19T12:30:36.991868,neutral,0.442,2026-03-19T12:30:36.991868,0.5302302827314636,2026-03-19T12:30:37.034000,91,,,
participant_30,3,day,Town10HD_Opt,2026-03-19 12:30:38.220105,55.995262145996094,28.44948005676269,0.0019714736845344,18.072,-1.732,0.209,0.0,0,0,1,,1.0,2026-03-19T12:30:38.220105,neutral,0.442,2026-03-19T12:30:36.991868,0.5227221952332064,2026-03-19T12:30:38.924000,92,,,
participant_30,3,day,Town10HD_Opt,2026-03-19 12:30:39.135933,58.94988250732422,27.492570877075195,0.0019462204072624,16.264,2.487,0.0,0.0,0,0,1,,0.896,2026-03-19T12:30:39.135933,neutral,0.933,2026-03-19T12:30:39.135933,0.565299112020052,2026-03-19T12:30:39.959000,94,,,
participant_30,3,day,Town10HD_Opt,2026-03-19 12:30:40.054029,61.39057540893555,26.81616401672364,0.0020372390281409,12.664,3.146,0.0,0.0,0,0,1,,0.941,2026-03-19T12:30:40.054029,neutral,0.933,2026-03-19T12:30:39.135933,0.5200706025669136,2026-03-19T12:30:39.959000,96,,,
participant_30,3,day,Town10HD_Opt,2026-03-19 12:30:41.260214,63.82151794433594,26.304874420166016,0.0020045852288603,8.77,7.247,0.0,0.0,0,0,1,,1.0,2026-03-19T12:30:41.260214,neutral,0.704,2026-03-19T12:30:41.260214,0.6150300676426503,2026-03-19T12:30:41.939000,92,,,
participant_30,3,day,Town10HD_Opt,2026-03-19 12:30:42.152054,65.1761703491211,26.1357364654541,0.0019842146430164,6.736,7.149,0.0,0.0,0,0,1,,0.937,2026-03-19T12:30:42.152054,neutral,0.704,2026-03-19T12:30:41.260214,0.5212554774993896,2026-03-19T12:30:42.930000,93,,,
participant_30,3,day,Town10HD_Opt,2026-03-19 12:30:43.099221,66.02046966552734,26.063663482666016,0.0023197173140943,0.001,4.789,0.0,0.273,0,0,1,,1.0,2026-03-19T12:30:43.099221,neutral,0.704,2026-03-19T12:30:41.260214,0.6140216482656127,2026-03-19T12:30:42.930000,91,,,
participant_30,3,day,Town10HD_Opt,2026-03-19 12:30:44.279436,66.02099609375,26.063663482666016,0.0019242477137595,0.001,3.431,0.0,0.0,0,0,1,,0.801,2026-03-19T12:30:44.279436,sad,0.463,2026-03-19T12:30:44.279436,0.5180928446028618,2026-03-19T12:30:44.955000,89,,,
participant_30,3,day,Town10HD_Opt,2026-03-19 12:30:45.227900,66.02100372314453,26.06364250183105,0.0019198226509615,0.0,3.401,0.0,0.0,0,0,1,,0.881,2026-03-19T12:30:45.227900,sad,0.463,2026-03-19T12:30:44.279436,0.6124949753579243,2026-03-19T12:30:45.989000,86,,,
participant_30,3,day,Town10HD_Opt,2026-03-19 12:30:46.116677,66.02100372314453,26.06364250183105,0.0019190978491678,0.0,0.106,0.0,0.0,0,0,1,,0.897,2026-03-19T12:30:46.116677,sad,0.463,2026-03-19T12:30:44.279436,0.5704979892230954,2026-03-19T12:30:45.989000,87,,,
participant_30,3,day,Town10HD_Opt,2026-03-19 12:30:47.017803,66.02100372314453,26.063661575317383,0.0019189452286809,0.0,0.55,0.0,0.0,0,0,1,,0.873,2026-03-19T12:30:47.017803,neutral,0.612,2026-03-19T12:30:47.017803,0.6285461103416761,2026-03-19T12:30:46.985000,87,,,
participant_30,3,day,Town10HD_Opt,2026-03-19 12:30:48.227388,66.02100372314453,26.063661575317383,0.0019191741012036,0.0,0.517,0.0,0.0,0,0,1,,0.83,2026-03-19T12:30:48.227388,neutral,0.612,2026-03-19T12:30:47.017803,0.5132344878842082,2026-03-19T12:30:48.960000,86,,,
participant_30,3,day,Town10HD_Opt,2026-03-19 12:30:49.115303,66.02100372314453,26.063661575317383,0.0019189834129065,0.0,0.444,0.0,0.0,0,0,1,,1.0,2026-03-19T12:30:49.115303,sad,0.718,2026-03-19T12:30:49.115303,0.5139481896129952,2026-03-19T12:30:48.960000,89,,,
participant_30,3,day,Town10HD_Opt,2026-03-19 12:30:49.993943,66.02100372314453,26.06364250183105,0.0019190596649423,0.0,0.444,0.0,0.0,0,0,1,,1.0,2026-03-19T12:30:49.993943,sad,0.718,2026-03-19T12:30:49.115303,0.5531006811639425,2026-03-19T12:30:49.995000,89,,,
participant_30,3,day,Town10HD_Opt,2026-03-19 12:30:51.112766,66.02100372314453,26.063661575317383,0.0019189834129065,0.0,0.503,0.0,0.0,0,0,1,,0.921,2026-03-19T12:30:51.112766,sad,0.718,2026-03-19T12:30:49.115303,0.517529862738686,2026-03-19T12:30:51.929000,89,,,
participant_30,3,day,Town10HD_Opt,2026-03-19 12:30:52.220184,66.02100372314453,26.063661575317383,0.0019189834129065,0.0,0.503,0.0,0.0,0,0,1,,0.881,2026-03-19T12:30:52.220184,neutral,0.467,2026-03-19T12:30:52.220184,0.4422717730393633,2026-03-19T12:30:53.012000,90,,,
participant_30,3,day,Town10HD_Opt,2026-03-19 12:30:53.077146,66.02100372314453,26.06364250183105,0.001919021597132,0.0,0.771,0.0,0.0,0,0,1,,1.0,2026-03-19T12:30:53.077146,neutral,0.467,2026-03-19T12:30:52.220184,0.3521942763749563,2026-03-19T12:30:53.012000,91,,,
participant_30,3,day,Town10HD_Opt,2026-03-19 12:30:54.183531,66.02100372314453,26.06364250183105,0.0019190596649423,0.0,0.869,0.0,0.0,0,0,1,,0.877,2026-03-19T12:30:54.183531,neutral,0.467,2026-03-19T12:30:52.220184,0.4052932836869036,2026-03-19T12:30:54.945000,88,,,
participant_30,3,day,Town10HD_Opt,2026-03-19 12:30:55.047009,66.02100372314453,26.06364250183105,0.001919021597132,0.0,0.877,0.0,0.0,0,0,1,,0.828,2026-03-19T12:30:55.047009,sad,0.442,2026-03-19T12:30:55.047009,0.3665789566882129,2026-03-19T12:30:54.945000,88,,,
participant_30,3,day,Town10HD_Opt,2026-03-19 12:30:56.209984,66.02100372314453,26.06364250183105,0.001919021597132,0.0,0.877,0.0,0.0,0,0,1,,0.851,2026-03-19T12:30:56.209984,sad,0.442,2026-03-19T12:30:55.047009,0.3260943014825447,2026-03-19T12:30:56.970000,90,,,
participant_30,3,day,Town10HD_Opt,2026-03-19 12:30:57.075275,66.02100372314453,26.063661575317383,0.0019189452286809,0.0,0.879,0.0,0.0,0,0,1,,1.0,2026-03-19T12:30:57.075275,sad,0.55,2026-03-19T12:30:57.075275,0.3166335300062649,2026-03-19T12:30:56.970000,88,,,
participant_30,3,day,Town10HD_Opt,2026-03-19 12:30:58.250933,66.02100372314453,26.063661575317383,0.0019191360333934,0.0,0.942,0.0,0.0,0,0,1,,0.886,2026-03-19T12:30:58.250933,sad,0.55,2026-03-19T12:30:57.075275,0.3181201374698132,2026-03-19T12:30:58.950000,90,,,
participant_30,3,day,Town10HD_Opt,2026-03-19 12:30:59.126604,66.1781997680664,26.04676055908203,0.0017108535394072,4.504,1.622,0.889,0.0,0,0,1,,1.0,2026-03-19T12:30:59.126604,neutral,0.636,2026-03-19T12:30:59.126604,0.3302228648847012,2026-03-19T12:30:59.940000,92,,,
participant_30,3,day,Town10HD_Opt,2026-03-19 12:31:00.026776,67.97218322753906,25.887863159179688,0.0015977477887645,15.74,1.389,0.581,0.0,0,0,1,,1.0,2026-03-19T12:31:00.026776,neutral,0.636,2026-03-19T12:30:59.126604,0.2745584236387483,2026-03-19T12:30:59.940000,91,,,
participant_30,3,day,Town10HD_Opt,2026-03-19 12:31:01.180207,72.05618286132812,25.52631378173828,0.0019005584763363,16.667,0.085,0.0,0.0,0,0,1,,1.0,2026-03-19T12:31:01.180207,happy,0.842,2026-03-19T12:31:01.180207,0.2142444254115413,2026-03-19T12:31:01.965000,93,,,
participant_30,3,day,Town10HD_Opt,2026-03-19 12:31:02.053505,74.64405822753906,25.302528381347656,0.0020384597592055,12.802,1.058,0.0,0.0,0,0,1,,0.846,2026-03-19T12:31:02.053505,happy,0.842,2026-03-19T12:31:01.180207,0.3105811328740955,2026-03-19T12:31:01.965000,95,,,
participant_30,3,day,Town10HD_Opt,2026-03-19 12:31:03.246710,77.25318908691406,25.147111892700195,0.0019261168781667,10.684,5.03,0.232,0.0,0,0,1,,1.0,2026-03-19T12:31:03.246710,neutral,0.422,2026-03-19T12:31:03.246710,0.2791489605958048,2026-03-19T12:31:03.945000,91,,,
participant_30,3,day,Town10HD_Opt,2026-03-19 12:31:04.155708,79.11957550048828,25.1379508972168,0.0019788742065429,9.709,-3.573,0.0,0.0,0,0,1,,1.0,2026-03-19T12:31:04.155708,neutral,0.422,2026-03-19T12:31:03.246710,0.357558144647551,2026-03-19T12:31:04.936000,95,,,
participant_30,3,day,Town10HD_Opt,2026-03-19 12:31:05.120682,80.8196792602539,25.06694793701172,0.0018489836947992,10.969,-0.423,0.435,0.0,0,0,1,,0.837,2026-03-19T12:31:05.120682,neutral,0.422,2026-03-19T12:31:03.246710,0.4007365522552643,2026-03-19T12:31:05.925000,95,,,
participant_30,3,day,Town10HD_Opt,2026-03-19 12:31:05.999513,83.33077239990234,24.99301719665528,0.0017816924955695,20.257,0.583,1.0,0.0,0,0,1,,1.0,2026-03-19T12:31:05.999513,neutral,0.924,2026-03-19T12:31:05.999513,0.4274604540051379,2026-03-19T12:31:05.925000,93,,,
participant_30,3,day,Town10HD_Opt,2026-03-19 12:31:07.239009,90.0550765991211,24.68140411376953,0.0015415191883221,39.686,-6.146,0.559,0.0,0,0,1,,1.0,2026-03-19T12:31:07.239009,neutral,0.924,2026-03-19T12:31:05.999513,0.4825930806774579,2026-03-19T12:31:07.950000,93,,,
participant_30,3,day,Town10HD_Opt,2026-03-19 12:31:08.201488,96.99492645263672,22.68562126159668,0.0019783782772719,42.818,-19.502,0.597,0.0,0,0,1,,1.0,2026-03-19T12:31:08.201488,sad,0.595,2026-03-19T12:31:08.201488,0.5522831241598944,2026-03-19T12:31:08.985000,93,,,
participant_30,3,day,Town10HD_Opt,2026-03-19 12:31:09.149334,102.12033081054688,17.15723991394043,0.0019927597604691,44.966,-10.437,0.599,0.0,0,0,1,,1.0,2026-03-19T12:31:09.149334,sad,0.595,2026-03-19T12:31:08.201488,0.5458113552168091,2026-03-19T12:31:09.930000,94,,,
participant_30,3,day,Town10HD_Opt,2026-03-19 12:31:10.069905,105.0414810180664,9.594542503356934,0.0019459151662886,47.94,-0.919,0.597,0.0,0,0,1,,0.861,2026-03-19T12:31:10.069905,sad,0.595,2026-03-19T12:31:08.201488,0.571834044258541,2026-03-19T12:31:09.930000,93,,,
participant_30,3,day,Town10HD_Opt,2026-03-19 12:31:11.275755,106.95403289794922,-1.764453411102295,0.0020562361460179,49.414,-0.712,0.603,0.0,0,0,1,,1.0,2026-03-19T12:31:11.275755,sad,0.581,2026-03-19T12:31:11.275755,0.524951094368389,2026-03-19T12:31:11.955000,90,,,
participant_30,3,day,Town10HD_Opt,2026-03-19 12:31:12.129961,107.25846099853516,-10.385743141174316,0.0019761656876653,50.436,1.758,0.604,0.0,0,0,1,,1.0,2026-03-19T12:31:12.129961,sad,0.581,2026-03-19T12:31:11.275755,0.4854924199271794,2026-03-19T12:31:11.955000,90,,,
participant_30,3,day,Town10HD_Opt,2026-03-19 12:31:13.015832,107.94116973876952,-19.02510643005371,0.0020425033289939,49.318,-3.125,0.604,0.0,0,0,1,,1.0,2026-03-19T12:31:13.015832,sad,0.581,2026-03-19T12:31:11.275755,0.6152627134801254,2026-03-19T12:31:13.079000,90,,,
participant_30,3,day,Town10HD_Opt,2026-03-19 12:31:14.204402,107.28883361816406,-30.550365447998047,0.0020561600103974,49.452,-5.148,0.603,0.0,0,0,1,,1.0,2026-03-19T12:31:14.204402,sad,0.579,2026-03-19T12:31:14.204402,0.588112823437846,2026-03-19T12:31:14.926000,92,,,
participant_30,3,day,Town10HD_Opt,2026-03-19 12:31:15.123147,104.5234832763672,-38.83523941040039,0.0021102523896843,49.267,-3.266,0.603,0.0,0,0,1,,1.0,2026-03-19T12:31:15.123147,sad,0.579,2026-03-19T12:31:14.204402,0.564123941467941,2026-03-19T12:31:15.960000,91,,,
participant_30,3,day,Town10HD_Opt,2026-03-19 12:31:16.064514,100.5611572265625,-46.62043380737305,0.0020796202588826,49.33,-4.119,0.603,0.0,0,0,1,,1.0,2026-03-19T12:31:16.064514,sad,0.579,2026-03-19T12:31:14.204402,0.6036338475919817,2026-03-19T12:31:15.960000,91,,,
participant_30,3,day,Town10HD_Opt,2026-03-19 12:31:17.254384,93.28526306152344,-55.61757659912109,0.0021532820537686,48.56,-5.995,0.603,0.0,0,0,1,,1.0,2026-03-19T12:31:17.254384,sad,0.724,2026-03-19T12:31:17.254384,0.6358248846480432,2026-03-19T12:31:18.030000,90,,,
participant_30,3,day,Town10HD_Opt,2026-03-19 12:31:18.116785,86.34127807617188,-60.6665267944336,0.0019761275034397,50.418,-5.512,0.603,0.0,0,0,1,,1.0,2026-03-19T12:31:18.116785,sad,0.724,2026-03-19T12:31:17.254384,0.6077787028395552,2026-03-19T12:31:18.030000,90,,,
participant_30,3,day,Town10HD_Opt,2026-03-19 12:31:19.249178,75.54139709472656,-64.89566040039062,0.0019828414078801,50.7,-4.077,0.0,0.0,0,0,1,,1.0,2026-03-19T12:31:19.249178,sad,0.724,2026-03-19T12:31:17.254384,0.5521489063170488,2026-03-19T12:31:19.965000,95,,,
participant_30,3,day,Town10HD_Opt,2026-03-19 12:31:20.104533,66.9502182006836,-66.30944061279297,0.002003707922995,50.311,-2.786,0.604,0.0,0,0,1,,0.839,2026-03-19T12:31:20.104533,sad,0.499,2026-03-19T12:31:20.104533,0.5538864973768458,2026-03-19T12:31:19.965000,94,,,
participant_30,3,day,Town10HD_Opt,2026-03-19 12:31:21.026883,58.28276824951172,-66.64918518066406,0.0020591353531926,49.187,-0.754,0.603,0.0,0,0,1,,0.869,2026-03-19T12:31:21.026883,sad,0.499,2026-03-19T12:31:20.104533,0.579333735478902,2026-03-19T12:31:21,97,,,
participant_30,3,day,Town10HD_Opt,2026-03-19 12:31:22.208681,46.6660385131836,-66.44775390625,0.0020414351020008,49.826,0.437,0.603,0.0,0,0,1,,1.0,2026-03-19T12:31:22.208681,sad,0.669,2026-03-19T12:31:22.208681,0.5800937530587305,2026-03-19T12:31:22.935000,94,,,
participant_30,3,day,Town10HD_Opt,2026-03-19 12:31:23.139489,37.93516540527344,-66.3133544921875,0.0020733261480927,49.398,0.451,0.603,0.0,0,0,1,,1.0,2026-03-19T12:31:23.139489,sad,0.669,2026-03-19T12:31:22.208681,0.566661430946892,2026-03-19T12:31:23.970000,93,,,
participant_30,3,day,Town10HD_Opt,2026-03-19 12:31:24.022903,29.20036125183105,-66.34449768066406,0.0021460724528878,48.7,-0.092,0.604,0.0,0,0,1,,1.0,2026-03-19T12:31:24.022903,sad,0.669,2026-03-19T12:31:22.208681,0.6336110703348381,2026-03-19T12:31:23.970000,95,,,
participant_30,3,day,Town10HD_Opt,2026-03-19 12:31:25.201007,17.611738204956055,-66.41344451904297,0.0021064376924186,49.317,0.385,0.604,0.0,0,0,1,,1.0,2026-03-19T12:31:25.201007,neutral,0.429,2026-03-19T12:31:25.201007,0.6231933421918108,2026-03-19T12:31:25.950000,89,,,
participant_30,3,day,Town10HD_Opt,2026-03-19 12:31:26.091182,8.870302200317383,-66.60201263427734,0.0020899581722915,49.369,0.862,0.595,0.0,0,0,1,,1.0,2026-03-19T12:31:26.091182,neutral,0.429,2026-03-19T12:31:25.201007,0.7281116356604044,2026-03-19T12:31:26.939000,88,,,
participant_30,3,day,Town10HD_Opt,2026-03-19 12:31:27.258442,-2.3296687602996826,-67.04212188720703,0.0023228072095662,42.888,-1.68,0.0,0.0,0,0,1,,1.0,2026-03-19T12:31:27.258442,sad,0.476,2026-03-19T12:31:27.258442,0.6798408669181707,2026-03-19T12:31:27.975000,90,,,
participant_30,3,day,Town10HD_Opt,2026-03-19 12:31:28.162123,-9.03529930114746,-67.04217529296875,0.0023434066679328,33.227,1.358,0.0,0.004,0,0,1,phone_call,0.967,2026-03-19T12:31:28.162123,sad,0.476,2026-03-19T12:31:27.258442,0.7667615315885267,2026-03-19T12:31:28.965000,89,,,
participant_30,3,day,Town10HD_Opt,2026-03-19 12:31:29.049432,-14.097744941711426,-67.16854095458984,0.0023686217609792,23.469,-0.914,0.0,0.477,0,0,1,,1.0,2026-03-19T12:31:29.049432,sad,0.476,2026-03-19T12:31:27.258442,0.7335186686385142,2026-03-19T12:31:28.965000,88,,,
participant_30,3,day,Town10HD_Opt,2026-03-19 12:31:30.152978,-18.249073028564453,-67.2262954711914,0.0021851349156349,11.338,-0.677,0.0,0.782,0,0,1,,1.0,2026-03-19T12:31:30.152978,neutral,0.421,2026-03-19T12:31:30.152978,0.791546713959876,2026-03-19T12:31:30.945000,91,,,errors=Harsh braking
participant_30,3,day,Town10HD_Opt,2026-03-19 12:31:30.990706,-19.302898406982425,-67.22992706298828,0.0023297881707549,0.001,-0.595,0.0,0.789,0,0,1,,1.0,2026-03-19T12:31:30.990706,neutral,0.421,2026-03-19T12:31:30.152978,0.8275033928782777,2026-03-19T12:31:30.945000,92,,,
participant_30,3,day,Town10HD_Opt,2026-03-19 12:31:32.102439,-19.30408477783203,-67.22991943359375,0.0019236373482272,0.008,-0.552,0.0,0.0,0,0,1,,1.0,2026-03-19T12:31:32.102439,neutral,0.421,2026-03-19T12:31:30.152978,0.8360988671047301,2026-03-19T12:31:31.937000,93,,,
participant_30,3,day,Town10HD_Opt,2026-03-19 12:31:33.242976,-19.30432510375977,-67.22991943359375,0.0019189071608707,0.006,-0.552,0.0,0.0,0,0,1,,1.0,2026-03-19T12:31:33.242976,neutral,0.979,2026-03-19T12:31:33.242976,0.8589421001716678,2026-03-19T12:31:33.960000,94,,,
participant_30,3,day,Town10HD_Opt,2026-03-19 12:31:34.084955,-19.30426406860352,-67.22991943359375,0.0019188307924196,0.007,-0.557,0.0,0.0,0,0,1,,1.0,2026-03-19T12:31:34.084955,neutral,0.979,2026-03-19T12:31:33.242976,0.9230013368513628,2026-03-19T12:31:33.960000,94,,,
participant_30,3,day,Town10HD_Opt,2026-03-19 12:31:35.194543,-19.313066482543945,-67.22992706298828,0.001918678288348,0.065,-0.576,0.0,0.0,0,0,1,,1.0,2026-03-19T12:31:35.194543,neutral,0.979,2026-03-19T12:31:33.242976,0.7899612760829644,2026-03-19T12:31:35.940000,91,,,
participant_30,3,day,Town10HD_Opt,2026-03-19 12:31:36.026521,-19.322629928588867,-67.22994232177734,0.0019194411579519,0.051,-0.587,0.0,0.0,0,0,1,,1.0,2026-03-19T12:31:36.026521,sad,0.958,2026-03-19T12:31:36.026521,0.8400352140335783,2026-03-19T12:31:35.940000,93,,,
participant_30,3,day,Town10HD_Opt,2026-03-19 12:31:37.137473,-19.331457138061523,-67.2299575805664,0.0019220733083784,0.029,-0.587,0.184,0.0,0,0,1,,1.0,2026-03-19T12:31:37.137473,sad,0.958,2026-03-19T12:31:36.026521,0.8896410571481465,2026-03-19T12:31:37.965000,94,,,
participant_30,3,day,Town10HD_Opt,2026-03-19 12:31:38.239778,-19.77461814880371,-67.23051452636719,0.001697196974419,6.327,-0.606,0.68,0.0,0,0,1,,1.0,2026-03-19T12:31:38.239778,sad,0.94,2026-03-19T12:31:38.239778,0.8665833111963694,2026-03-19T12:31:39.046000,92,,,
participant_30,3,day,Town10HD_Opt,2026-03-19 12:31:39.103346,-21.6032657623291,-67.22309112548828,0.0016491317655891,14.94,-0.646,0.603,0.0,0,0,1,,1.0,2026-03-19T12:31:39.103346,sad,0.94,2026-03-19T12:31:38.239778,0.7918799476333196,2026-03-19T12:31:39.046000,94,,,
participant_30,3,day,Town10HD_Opt,2026-03-19 12:31:40.222325,-25.9642276763916,-67.161376953125,0.0018641280476003,22.71,0.139,0.609,0.0,0,0,1,,1.0,2026-03-19T12:31:40.222325,sad,0.94,2026-03-19T12:31:38.239778,0.8675737148702555,2026-03-19T12:31:40.935000,92,,,
participant_30,3,day,Town10HD_Opt,2026-03-19 12:31:41.093951,-30.433292388916016,-67.15229034423828,0.0018471527146175,28.795,0.975,0.605,0.0,0,0,1,,1.0,2026-03-19T12:31:41.093951,neutral,0.942,2026-03-19T12:31:41.093951,0.854547905038068,2026-03-19T12:31:40.935000,92,,,
participant_30,3,day,Town10HD_Opt,2026-03-19 12:31:42.189405,-37.94397735595703,-67.32420349121094,0.0018738555954769,35.899,0.634,0.606,0.0,0,0,1,,0.821,2026-03-19T12:31:42.189405,neutral,0.942,2026-03-19T12:31:41.093951,0.8591424142077667,2026-03-19T12:31:42.960000,91,,,
participant_30,3,day,Town10HD_Opt,2026-03-19 12:31:43.051423,-44.59450912475586,-67.62326049804688,0.0018951415549963,40.488,0.167,0.605,0.0,0,0,1,,0.914,2026-03-19T12:31:43.051423,neutral,0.942,2026-03-19T12:31:41.093951,0.8277789638694751,2026-03-19T12:31:42.960000,91,,,
participant_30,3,day,Town10HD_Opt,2026-03-19 12:31:44.164748,-54.61109161376953,-68.0365982055664,0.0019209289457648,45.646,-0.909,0.604,0.0,0,0,1,,0.901,2026-03-19T12:31:44.164748,neutral,0.974,2026-03-19T12:31:44.164748,0.9074651420745182,2026-03-19T12:31:44.985000,90,,,
participant_30,3,day,Town10HD_Opt,2026-03-19 12:31:45.248821,-65.7408218383789,-68.01109313964844,0.0019359206780791,50.014,-0.766,0.609,0.0,0,0,1,,1.0,2026-03-19T12:31:45.248821,neutral,0.974,2026-03-19T12:31:44.164748,0.8550342890951975,2026-03-19T12:31:45.975000,92,,,
participant_30,3,day,Town10HD_Opt,2026-03-19 12:31:46.113616,-74.44548797607422,-67.4886474609375,0.0020437622442841,49.733,-6.109,0.612,0.0,0,0,1,,0.84,2026-03-19T12:31:46.113616,neutral,0.974,2026-03-19T12:31:44.164748,0.8481655599904818,2026-03-19T12:31:46.965000,92,,,
participant_30,3,day,Town10HD_Opt,2026-03-19 12:31:47.018206,-82.8848876953125,-65.3199234008789,0.0020906447898596,49.382,-3.983,0.61,0.0,0,0,1,,1.0,2026-03-19T12:31:47.018206,sad,0.77,2026-03-19T12:31:47.018206,0.9484891982599284,2026-03-19T12:31:46.965000,89,,,
participant_30,3,day,Town10HD_Opt,2026-03-19 12:31:48.186446,-93.18541717529295,-60.055458068847656,0.0020787429530173,49.073,-5.04,0.615,0.0,0,0,1,,1.0,2026-03-19T12:31:48.186446,sad,0.77,2026-03-19T12:31:47.018206,0.9682564892181166,2026-03-19T12:31:48.945000,91,,,
participant_30,3,day,Town10HD_Opt,2026-03-19 12:31:49.044179,-99.9490737915039,-54.52837753295898,0.0020994949154555,49.098,-5.529,0.614,0.0,0,0,1,,0.897,2026-03-19T12:31:49.044179,sad,0.55,2026-03-19T12:31:49.044179,0.9510213280954096,2026-03-19T12:31:48.945000,90,,,
participant_30,3,day,Town10HD_Opt,2026-03-19 12:31:50.025175,-105.30513763427734,-47.77900314331055,0.0019723891746252,50.615,-4.995,0.0,0.0,0,0,1,,1.0,2026-03-19T12:31:50.025175,sad,0.55,2026-03-19T12:31:49.044179,0.8864817834131993,2026-03-19T12:31:49.943000,93,,,
participant_30,3,day,Town10HD_Opt,2026-03-19 12:31:51.249247,-110.04812622070312,-37.31841659545898,0.0020200728904455,49.466,-6.17,0.44,0.0,0,0,1,,0.884,2026-03-19T12:31:51.249247,neutral,0.759,2026-03-19T12:31:51.249247,0.900847144652583,2026-03-19T12:31:51.960000,89,,,
participant_30,3,day,Town10HD_Opt,2026-03-19 12:31:52.162003,-111.29071044921876,-28.93506622314453,0.0021462249569594,46.877,-5.167,0.385,0.0,0,0,1,,1.0,2026-03-19T12:31:52.162003,neutral,0.759,2026-03-19T12:31:51.249247,0.9110500634660366,2026-03-19T12:31:52.951000,92,,,
participant_30,3,day,Town10HD_Opt,2026-03-19 12:31:53.113456,-111.05418395996094,-20.84892845153809,0.0020335006993263,46.42,3.191,0.557,0.0,0,0,1,,1.0,2026-03-19T12:31:53.113456,neutral,0.759,2026-03-19T12:31:51.249247,0.9134229531774066,2026-03-19T12:31:53.940000,90,,,
participant_30,3,day,Town10HD_Opt,2026-03-19 12:31:54.086635,-111.28450012207033,-12.39358139038086,0.0017965697916224,51.964,-1.469,0.0,0.186,0,0,1,,1.0,2026-03-19T12:31:54.086635,sad,0.684,2026-03-19T12:31:54.086635,0.901327358768904,2026-03-19T12:31:53.940000,90,,,
participant_30,3,day,Town10HD_Opt,2026-03-19 12:31:55.011965,-111.39771270751952,-3.652797222137451,0.001883239718154,52.05,-2.97,0.0,0.154,0,0,1,,0.879,2026-03-19T12:31:55.011965,sad,0.684,2026-03-19T12:31:54.086635,0.9495804970544331,2026-03-19T12:31:54.986000,89,,,errors=Red light violation
participant_30,3,day,Town10HD_Opt,2026-03-19 12:31:56.238114,-109.95741271972656,7.781291484832764,0.0023444364778697,47.8,-4.299,0.251,0.0,0,0,1,,0.816,2026-03-19T12:31:56.238114,sad,0.708,2026-03-19T12:31:56.238114,0.8970882228202345,2026-03-19T12:31:56.955000,89,,,
participant_30,3,day,Town10HD_Opt,2026-03-19 12:31:57.120573,-107.6414031982422,15.108046531677246,0.0022370147053152,38.392,-6.161,0.0,0.0,0,0,1,,0.811,2026-03-19T12:31:57.120573,sad,0.708,2026-03-19T12:31:56.238114,0.908063565306697,2026-03-19T12:31:57.946000,90,,,
participant_30,3,day,Town10HD_Opt,2026-03-19 12:31:58.043754,-104.5044403076172,20.201112747192383,0.0022467421367764,31.46,-14.097,0.624,0.0,0,0,1,,1.0,2026-03-19T12:31:58.043754,sad,0.708,2026-03-19T12:31:56.238114,0.8926392534524377,2026-03-19T12:31:57.946000,92,,,
participant_30,3,day,Town10HD_Opt,2026-03-19 12:31:59.006439,-99.8682861328125,24.174440383911133,0.0016636657528579,41.538,-1.523,0.945,0.0,0,0,1,,0.881,2026-03-19T12:31:59.006439,sad,0.73,2026-03-19T12:31:59.006439,0.9551298547569296,2026-03-19T12:31:58.936000,93,,,
participant_30,3,day,Town10HD_Opt,2026-03-19 12:32:00.292952,-90.06414031982422,29.11961936950684,0.0021214294247329,48.137,-18.508,0.942,0.0,0,0,1,,1.0,2026-03-19T12:32:00.292952,sad,0.73,2026-03-19T12:31:59.006439,0.9164931839698608,2026-03-19T12:32:00.960000,92,,,errors=Solid line crossing
participant_30,3,day,Town10HD_Opt,2026-03-19 12:32:01.248485,-81.37958526611328,28.125492095947266,0.002118453849107,49.06,10.562,0.995,0.0,0,0,1,,1.0,2026-03-19T12:32:01.248485,happy,0.939,2026-03-19T12:32:01.248485,0.8790509223707611,2026-03-19T12:32:01.950000,90,,,
participant_30,3,day,Town10HD_Opt,2026-03-19 12:32:02.211606,-73.48233032226562,27.824350357055664,0.0022842406760901,41.773,-3.045,0.963,0.0,0,0,1,,1.0,2026-03-19T12:32:02.211606,happy,0.939,2026-03-19T12:32:01.248485,0.9202157705227046,2026-03-19T12:32:02.985000,90,,,
participant_30,3,day,Town10HD_Opt,2026-03-19 12:32:03.175859,-65.28054809570312,27.608333587646484,0.0016500090714544,52.901,-0.009,0.0,0.289,0,0,1,,1.0,2026-03-19T12:32:03.175859,happy,0.939,2026-03-19T12:32:01.248485,0.8854757779991586,2026-03-19T12:32:03.975000,93,,,
participant_30,3,day,Town10HD_Opt,2026-03-19 12:32:04.114765,-56.50961685180664,27.32729148864746,0.0019428252708166,51.328,0.505,0.0,0.0,0,0,1,,1.0,2026-03-19T12:32:04.114765,happy,0.993,2026-03-19T12:32:04.114765,0.8982718027921601,2026-03-19T12:32:04.965000,91,,,
participant_30,3,day,Town10HD_Opt,2026-03-19 12:32:05.030585,-47.73076248168945,27.18824958801269,0.0019750595092773,50.534,0.879,0.0,0.0,0,0,1,,0.868,2026-03-19T12:32:05.030585,happy,0.993,2026-03-19T12:32:04.114765,0.8921047970198196,2026-03-19T12:32:04.965000,92,,,
participant_30,3,day,Town10HD_Opt,2026-03-19 12:32:06.223748,-36.00348663330078,28.077322006225582,0.0018931579543277,51.613,-6.872,0.0,0.201,0,0,1,,1.0,2026-03-19T12:32:06.223748,happy,0.698,2026-03-19T12:32:06.223748,0.8775352017110636,2026-03-19T12:32:06.945000,91,,,
participant_30,3,day,Town10HD_Opt,2026-03-19 12:32:07.143328,-27.31354141235352,27.985822677612305,0.00186828605365,51.748,2.163,0.0,0.167,0,0,1,,1.0,2026-03-19T12:32:07.143328,happy,0.698,2026-03-19T12:32:06.223748,0.9126429778587232,2026-03-19T12:32:07.936000,90,,,
participant_30,3,day,Town10HD_Opt,2026-03-19 12:32:08.065877,-18.58776092529297,27.667823791503903,0.0019668196327984,50.762,-2.428,0.695,0.0,0,0,1,,0.847,2026-03-19T12:32:08.065877,happy,0.698,2026-03-19T12:32:06.223748,0.9120242536789428,2026-03-19T12:32:07.936000,89,,,
participant_30,3,day,Town10HD_Opt,2026-03-19 12:32:09.012680,-9.887456893920898,27.01784324645996,0.0013795470586046,50.347,0.127,0.698,0.0,0,0,1,,1.0,2026-03-19T12:32:09.012680,happy,0.975,2026-03-19T12:32:09.012680,0.8594505370853082,2026-03-19T12:32:08.975000,94,,,
participant_30,3,day,Town10HD_Opt,2026-03-19 12:32:10.238236,1.7175463438034058,26.076772689819336,0.0019760131835937,50.149,-0.395,0.112,0.0,0,0,1,,0.889,2026-03-19T12:32:10.238236,happy,0.975,2026-03-19T12:32:09.012680,0.8903209118218697,2026-03-19T12:32:10.950000,97,,,
participant_30,3,day,Town10HD_Opt,2026-03-19 12:32:11.163632,9.682493209838867,25.38481330871582,0.0023785780649632,39.823,2.704,0.0,0.0,0,0,1,,1.0,2026-03-19T12:32:11.163632,neutral,0.532,2026-03-19T12:32:11.163632,0.8748035836564504,2026-03-19T12:32:11.985000,94,,,
participant_30,3,day,Town10HD_Opt,2026-03-19 12:32:12.118945,15.91450309753418,25.33873748779297,0.0023277283180505,31.318,3.335,0.0,0.0,0,0,1,,0.9,2026-03-19T12:32:12.118945,neutral,0.532,2026-03-19T12:32:11.163632,0.8392461058218452,2026-03-19T12:32:11.985000,94,,,
participant_30,3,day,Town10HD_Opt,2026-03-19 12:32:13.059374,20.83465003967285,25.75731658935547,0.0021486282348632,26.475,3.109,0.317,0.0,0,0,1,,0.851,2026-03-19T12:32:13.059374,neutral,0.532,2026-03-19T12:32:11.163632,0.9597167784470366,2026-03-19T12:32:12.976000,91,,,
participant_30,3,day,Town10HD_Opt,2026-03-19 12:32:14.002310,25.326080322265625,26.51546859741211,0.0020669936202466,25.754,5.108,0.467,0.0,0,0,1,,0.842,2026-03-19T12:32:14.002310,neutral,0.839,2026-03-19T12:32:14.002310,0.9000729091084655,2026-03-19T12:32:13.977000,94,,,
participant_30,3,day,Town10HD_Opt,2026-03-19 12:32:15.286391,31.35922813415528,28.5505313873291,0.0019530105637386,29.357,11.895,0.49,0.0,0,0,1,,1.0,2026-03-19T12:32:15.286391,neutral,0.839,2026-03-19T12:32:14.002310,0.8742591924981489,2026-03-19T12:32:15.990000,92,,,
participant_30,3,day,Town10HD_Opt,2026-03-19 12:32:16.203464,35.612815856933594,31.6788272857666,0.0019999693613499,31.467,13.723,0.487,0.0,0,0,1,,1.0,2026-03-19T12:32:16.203464,happy,0.991,2026-03-19T12:32:16.203464,0.9062471975707572,2026-03-19T12:32:16.935000,91,,,
participant_30,3,day,Town10HD_Opt,2026-03-19 12:32:17.139778,38.73679733276367,36.360633850097656,0.002005805959925,33.236,12.049,0.483,0.0,0,0,1,,1.0,2026-03-19T12:32:17.139778,happy,0.991,2026-03-19T12:32:16.203464,0.8324564263839974,2026-03-19T12:32:17.971000,90,,,
participant_30,3,day,Town10HD_Opt,2026-03-19 12:32:18.070891,40.45633316040039,41.86125946044922,0.0022064589429646,30.376,3.196,0.0,0.0,0,0,1,,0.903,2026-03-19T12:32:18.070891,happy,0.991,2026-03-19T12:32:16.203464,0.9294889702923924,2026-03-19T12:32:17.971000,91,,,errors=Solid line crossing
participant_30,3,day,Town10HD_Opt,2026-03-19 12:32:19.256544,41.51273727416992,47.6796760559082,0.0023889541625976,15.11,12.592,0.0,0.638,0,0,1,,1.0,2026-03-19T12:32:19.256544,neutral,0.729,2026-03-19T12:32:19.256544,0.9387593162810202,2026-03-19T12:32:19.951000,91,,,
participant_30,3,day,Town10HD_Opt,2026-03-19 12:32:20.130456,41.53933334350586,48.14993667602539,0.0020590210333466,0.0,6.661,0.0,0.832,0,0,1,,0.812,2026-03-19T12:32:20.130456,neutral,0.729,2026-03-19T12:32:19.256544,0.930630132878243,2026-03-19T12:32:20.940000,90,,,
participant_30,3,day,Town10HD_Opt,2026-03-19 12:32:21.228907,41.53934097290039,48.15011596679688,0.0019207000732421,0.0,5.238,0.0,0.0,0,0,1,,1.0,2026-03-19T12:32:21.228907,neutral,0.729,2026-03-19T12:32:19.256544,0.92468880042323,2026-03-19T12:32:20.940000,91,,,
participant_30,3,day,Town10HD_Opt,2026-03-19 12:32:22.076172,41.53934097290039,48.15011596679688,0.0019195555942133,0.0,5.363,0.0,0.0,0,0,1,,1.0,2026-03-19T12:32:22.076172,sad,0.754,2026-03-19T12:32:22.076172,0.9278448243590904,2026-03-19T12:32:22.110000,92,,,
participant_30,3,day,Town10HD_Opt,2026-03-19 12:32:23.201954,41.53919982910156,48.14756393432617,0.0019125747494399,0.076,6.998,0.0,0.0,0,0,1,,0.846,2026-03-19T12:32:23.201954,sad,0.754,2026-03-19T12:32:22.076172,0.9701361867643958,2026-03-19T12:32:23.955000,92,,,
participant_30,3,day,Town10HD_Opt,2026-03-19 12:32:24.066784,41.53945541381836,48.15484237670898,0.0019176482455804,0.067,8.162,0.082,0.0,0,0,1,,0.869,2026-03-19T12:32:24.066784,sad,0.754,2026-03-19T12:32:22.076172,0.8961518833095288,2026-03-19T12:32:23.955000,91,,,
participant_30,3,day,Town10HD_Opt,2026-03-19 12:32:25.224394,41.54078674316406,48.213470458984375,0.001835327129811,1.887,9.605,0.666,0.0,0,0,1,,1.0,2026-03-19T12:32:25.224394,sad,0.81,2026-03-19T12:32:25.224394,0.9263175079785696,2026-03-19T12:32:25.935000,92,,,
participant_30,3,day,Town10HD_Opt,2026-03-19 12:32:26.070351,41.49872970581055,49.32378768920898,0.0016006468795239,11.809,11.941,0.646,0.0,0,0,1,,1.0,2026-03-19T12:32:26.070351,sad,0.81,2026-03-19T12:32:25.224394,0.9056934515660028,2026-03-19T12:32:25.935000,93,,,
participant_30,3,day,Town10HD_Opt,2026-03-19 12:32:27.263082,41.03782653808594,52.85519027709961,0.001894531189464,16.417,-0.04,0.246,0.0,0,0,1,,0.802,2026-03-19T12:32:27.263082,happy,1.0,2026-03-19T12:32:27.263082,0.9183757631603784,2026-03-19T12:32:27.960000,92,,,errors=Stop sign violation | Solid line crossing
participant_30,3,day,Town10HD_Opt,2026-03-19 12:32:28.134657,40.77932357788086,55.745643615722656,0.0018795394571498,17.238,-1.438,0.334,0.0,0,0,1,,1.0,2026-03-19T12:32:28.134657,happy,1.0,2026-03-19T12:32:27.263082,0.9122819145936788,2026-03-19T12:32:27.960000,89,,,
participant_30,3,day,Town10HD_Opt,2026-03-19 12:32:28.993353,40.68817901611328,58.87392044067383,0.0020643614698201,18.83,-15.189,0.805,0.0,0,0,1,,1.0,2026-03-19T12:32:28.993353,happy,1.0,2026-03-19T12:32:27.263082,0.831952466752524,2026-03-19T12:32:29.040000,91,,,
participant_30,3,day,Town10HD_Opt,2026-03-19 12:32:30.146493,42.38799285888672,64.31706237792969,0.0018292998429387,30.406,-15.267,0.643,0.0,0,0,1,,1.0,2026-03-19T12:32:30.146493,happy,1.0,2026-03-19T12:32:30.146493,0.8189240717104509,2026-03-19T12:32:30.975000,91,,,
participant_30,3,day,Town10HD_Opt,2026-03-19 12:32:31.028835,46.16725540161133,68.61738586425781,0.0018982696346938,35.985,-16.362,0.638,0.0,0,0,1,,1.0,2026-03-19T12:32:31.028835,happy,1.0,2026-03-19T12:32:30.146493,0.756130518050711,2026-03-19T12:32:30.975000,92,,,
participant_30,3,day,Town10HD_Opt,2026-03-19 12:32:32.193330,54.62923049926758,71.2751693725586,0.001940498361364,41.759,-12.342,0.632,0.0,0,0,1,,1.0,2026-03-19T12:32:32.193330,happy,0.86,2026-03-19T12:32:32.193330,0.7652947602855358,2026-03-19T12:32:32.955000,92,,,
participant_30,3,day,Town10HD_Opt,2026-03-19 12:32:33.148669,61.90876388549805,70.73717498779297,0.0022670363541692,38.115,6.388,0.0,0.0,0,0,1,,1.0,2026-03-19T12:32:33.148669,happy,0.86,2026-03-19T12:32:32.193330,0.6547085358828475,2026-03-19T12:32:33.946000,92,,,
participant_30,3,day,Town10HD_Opt,2026-03-19 12:32:34.003881,67.87155151367188,70.78911590576172,0.0023188018240034,29.436,-4.766,0.0,0.0,0,0,1,,1.0,2026-03-19T12:32:34.003881,happy,0.86,2026-03-19T12:32:32.193330,0.6693252228922668,2026-03-19T12:32:33.946000,91,,,
participant_30,3,day,Town10HD_Opt,2026-03-19 12:32:35.136041,73.69914245605469,70.49272918701172,0.0022709656041115,19.967,1.765,0.0,0.345,0,0,1,,0.882,2026-03-19T12:32:35.136041,sad,0.492,2026-03-19T12:32:35.136041,0.6364297203131178,2026-03-19T12:32:35.970000,97,,,
participant_30,3,day,Town10HD_Opt,2026-03-19 12:32:35.990143,76.57833099365234,70.4234619140625,0.002127876272425,12.625,-1.271,0.0,0.066,0,0,1,,1.0,2026-03-19T12:32:35.990143,sad,0.492,2026-03-19T12:32:35.136041,0.6510320044064495,2026-03-19T12:32:35.970000,98,,,
participant_30,3,day,Town10HD_Opt,2026-03-19 12:32:37.169859,79.09423828125,70.32372283935547,0.0020050429739058,8.891,-0.914,0.0,0.0,0,0,1,,1.0,2026-03-19T12:32:37.169859,sad,0.599,2026-03-19T12:32:37.169859,0.7241948763247084,2026-03-19T12:32:37.950000,100,,,
participant_30,3,day,Town10HD_Opt,2026-03-19 12:32:38.011928,80.48201751708984,70.25485229492188,0.0019509505946189,7.437,-0.858,0.373,0.0,0,0,1,,0.906,2026-03-19T12:32:38.011928,sad,0.599,2026-03-19T12:32:37.169859,0.7632694651130589,2026-03-19T12:32:37.950000,100,,,
participant_30,3,day,Town10HD_Opt,2026-03-19 12:32:39.108491,83.39178466796875,70.10140991210938,0.0017915343632921,19.323,1.565,0.755,0.0,0,0,1,,0.89,2026-03-19T12:32:39.108491,sad,0.599,2026-03-19T12:32:37.169859,0.7301257586472124,2026-03-19T12:32:38.941000,98,,,
participant_30,3,day,Town10HD_Opt,2026-03-19 12:32:40.239051,88.64588928222656,70.34901428222656,0.0021202850621193,22.417,12.296,0.206,0.0,0,0,1,,1.0,2026-03-19T12:32:40.239051,happy,0.921,2026-03-19T12:32:40.239051,0.8037454152634409,2026-03-19T12:32:40.965000,93,,,
participant_30,3,day,Town10HD_Opt,2026-03-19 12:32:41.075096,92.10201263427734,71.493896484375,0.0021370314061641,19.75,15.6,0.297,0.0,0,0,1,,1.0,2026-03-19T12:32:41.075096,happy,0.921,2026-03-19T12:32:40.239051,0.8457563514698999,2026-03-19T12:32:40.965000,94,,,
participant_30,3,day,Town10HD_Opt,2026-03-19 12:32:42.179664,95.64459991455078,74.20722198486328,0.0020501709077507,19.481,16.803,0.377,0.0,0,0,1,,1.0,2026-03-19T12:32:42.179664,happy,0.921,2026-03-19T12:32:40.239051,0.8375737057459838,2026-03-19T12:32:42.945000,91,,,
participant_30,3,day,Town10HD_Opt,2026-03-19 12:32:43.022911,97.55323791503906,77.10346984863281,0.0020184707827866,20.762,16.369,0.419,0.0,0,0,1,,1.0,2026-03-19T12:32:43.022911,neutral,0.974,2026-03-19T12:32:43.022911,0.839353903119268,2026-03-19T12:32:42.945000,92,,,
participant_30,3,day,Town10HD_Opt,2026-03-19 12:32:44.140514,98.87862396240234,82.00296020507812,0.0019905471708625,23.304,7.411,0.479,0.0,0,0,1,,1.0,2026-03-19T12:32:44.140514,neutral,0.974,2026-03-19T12:32:43.022911,0.7873945466181707,2026-03-19T12:32:44.971000,90,,,
participant_30,3,day,Town10HD_Opt,2026-03-19 12:32:45.004009,99.25450897216795,86.5126724243164,0.0017077254597097,31.702,3.304,0.991,0.0,0,0,1,,0.931,2026-03-19T12:32:45.004009,neutral,0.974,2026-03-19T12:32:43.022911,0.8793524440982161,2026-03-19T12:32:44.971000,91,,,
participant_30,3,day,Town10HD_Opt,2026-03-19 12:32:46.156689,98.94485473632812,95.70079803466795,0.0017575835809111,46.114,5.174,0.744,0.0,0,0,1,,1.0,2026-03-19T12:32:46.156689,neutral,0.545,2026-03-19T12:32:46.156689,0.6931197682927633,2026-03-19T12:32:46.950000,94,,,
participant_30,3,day,Town10HD_Opt,2026-03-19 12:32:47.255256,95.9628677368164,106.73296356201172,0.0021157073788344,49.076,4.277,0.732,0.0,0,0,1,,1.0,2026-03-19T12:32:47.255256,neutral,0.545,2026-03-19T12:32:46.156689,0.6293090381940373,2026-03-19T12:32:48.030000,94,,,
participant_30,3,day,Town10HD_Opt,2026-03-19 12:32:48.093394,91.86746978759766,114.4430923461914,0.0021377182565629,49.079,4.348,0.727,0.0,0,0,1,,1.0,2026-03-19T12:32:48.093394,neutral,0.545,2026-03-19T12:32:46.156689,0.6031146177853195,2026-03-19T12:32:48.030000,94,,,
participant_30,3,day,Town10HD_Opt,2026-03-19 12:32:49.204936,84.25923919677734,123.08473205566406,0.0020137405954301,49.875,8.818,0.708,0.0,0,0,1,,1.0,2026-03-19T12:32:49.204936,neutral,0.461,2026-03-19T12:32:49.204936,0.6025035446674775,2026-03-19T12:32:49.967000,92,,,errors=Solid line crossing
participant_30,3,day,Town10HD_Opt,2026-03-19 12:32:50.060383,76.70720672607422,127.2400360107422,0.0021272278390824,48.362,4.948,0.705,0.0,0,0,1,,1.0,2026-03-19T12:32:50.060383,neutral,0.461,2026-03-19T12:32:49.204936,0.6396859414780516,2026-03-19T12:32:49.967000,93,,,
participant_30,3,day,Town10HD_Opt,2026-03-19 12:32:51.227370,65.44823455810547,129.96041870117188,0.0020702742040157,49.647,3.69,0.705,0.0,0,0,1,,1.0,2026-03-19T12:32:51.227370,neutral,0.828,2026-03-19T12:32:51.227370,0.5622716223858096,2026-03-19T12:32:51.945000,88,,,
participant_30,3,day,Town10HD_Opt,2026-03-19 12:32:52.117810,56.73876953125,130.58453369140625,0.0020927428267896,49.405,0.338,0.705,0.0,0,0,1,,0.839,2026-03-19T12:32:52.117810,neutral,0.828,2026-03-19T12:32:51.227370,0.6161894616645813,2026-03-19T12:32:51.945000,88,,,
participant_30,3,day,Town10HD_Opt,2026-03-19 12:32:53.084709,48.00450134277344,130.83499145507812,0.0021165085490792,49.179,0.771,0.706,0.0,0,0,1,,1.0,2026-03-19T12:32:53.084709,neutral,0.828,2026-03-19T12:32:51.227370,0.5894954234292504,2026-03-19T12:32:53.161000,84,,,
participant_30,3,day,Town10HD_Opt,2026-03-19 12:32:53.992573,39.26896667480469,131.06924438476562,0.002134742680937,49.04,-0.094,0.706,0.0,0,0,1,,1.0,2026-03-19T12:32:53.992573,neutral,0.867,2026-03-19T12:32:53.992573,0.5149890917279877,2026-03-19T12:32:53.973000,87,,,
participant_30,3,day,Town10HD_Opt,2026-03-19 12:32:55.225546,27.65540313720703,131.35411071777344,0.0020163727458566,50.154,0.016,0.706,0.0,0,0,1,,1.0,2026-03-19T12:32:55.225546,neutral,0.867,2026-03-19T12:32:53.992573,0.4908825698246198,2026-03-19T12:32:55.951000,86,,,
participant_30,3,day,Town10HD_Opt,2026-03-19 12:32:56.174466,18.92557716369629,131.5880584716797,0.0020412062294781,49.868,0.451,0.706,0.0,0,0,1,,0.9,2026-03-19T12:32:56.174466,sad,0.665,2026-03-19T12:32:56.174466,0.488851455759725,2026-03-19T12:32:55.951000,85,,,
participant_30,3,day,Town10HD_Opt,2026-03-19 12:32:57.063034,10.19765281677246,131.72323608398438,0.0020693587139248,49.542,0.461,0.702,0.0,0,0,1,,0.906,2026-03-19T12:32:57.063034,sad,0.665,2026-03-19T12:32:56.174466,0.3792496922168827,2026-03-19T12:32:57.076000,86,,,
participant_30,3,day,Town10HD_Opt,2026-03-19 12:32:58.232942,-1.410893201828003,131.64756774902344,0.001981658861041,50.397,0.446,0.663,0.0,0,0,1,,0.848,2026-03-19T12:32:58.232942,sad,0.788,2026-03-19T12:32:58.232942,0.2666091667934649,2026-03-19T12:32:58.965000,87,,,
participant_30,3,day,Town10HD_Opt,2026-03-19 12:32:59.126701,-10.08794116973877,131.41140747070312,0.0020371626596897,49.507,-0.261,0.663,0.0,0,0,1,,0.851,2026-03-19T12:32:59.126701,sad,0.788,2026-03-19T12:32:58.232942,0.2934531712125741,2026-03-19T12:32:59.955000,88,,,
participant_30,3,day,Town10HD_Opt,2026-03-19 12:33:00.052280,-18.80254364013672,131.27755737304688,0.0021327589638531,48.499,-0.179,0.288,0.0,0,0,1,,1.0,2026-03-19T12:33:00.052280,sad,0.788,2026-03-19T12:32:58.232942,0.2990810333068297,2026-03-19T12:32:59.955000,86,,,
participant_30,3,day,Town10HD_Opt,2026-03-19 12:33:01.183581,-29.479555130004883,130.6616973876953,0.0023181533906608,40.839,13.102,0.165,0.0,0,0,1,,1.0,2026-03-19T12:33:01.183581,sad,0.828,2026-03-19T12:33:01.183581,0.4435803837964013,2026-03-19T12:33:01.981000,85,,,
participant_30,3,day,Town10HD_Opt,2026-03-19 12:33:02.071002,-35.42267608642578,127.60997772216795,0.0020855329930782,38.546,14.036,0.595,0.0,0,0,1,,1.0,2026-03-19T12:33:02.071002,sad,0.828,2026-03-19T12:33:01.183581,0.2933791049608856,2026-03-19T12:33:01.981000,87,,,
participant_30,3,day,Town10HD_Opt,2026-03-19 12:33:03.000158,-39.65766143798828,122.02708435058594,0.0019264221191406,42.608,10.908,0.637,0.0,0,0,1,,1.0,2026-03-19T12:33:03.000158,sad,0.828,2026-03-19T12:33:01.183581,0.3617261057095258,2026-03-19T12:33:02.971000,84,,,
participant_30,3,day,Town10HD_Opt,2026-03-19 12:33:04.190600,-41.71474838256836,111.9190902709961,0.0019448088714852,47.297,6.528,0.629,0.0,0,0,1,,1.0,2026-03-19T12:33:04.190600,sad,0.8,2026-03-19T12:33:04.190600,0.3177416714529872,2026-03-19T12:33:05.041000,80,,,
participant_30,3,day,Town10HD_Opt,2026-03-19 12:33:05.101124,-41.2607650756836,103.83462524414062,0.0023185729514807,41.76,-10.029,0.062,0.0,0,0,1,,1.0,2026-03-19T12:33:05.101124,sad,0.8,2026-03-19T12:33:04.190600,0.4478209012925015,2026-03-19T12:33:05.940000,82,,,
participant_30,3,day,Town10HD_Opt,2026-03-19 12:33:06.039416,-42.34699249267578,97.37722778320312,0.0023389435373246,32.527,5.519,0.159,0.0,0,0,1,,1.0,2026-03-19T12:33:06.039416,sad,0.8,2026-03-19T12:33:04.190600,0.3263267482702258,2026-03-19T12:33:05.940000,83,,,
participant_30,3,day,Town10HD_Opt,2026-03-19 12:33:07.229425,-43.10836410522461,90.63435363769533,0.0021488571073859,26.497,6.232,0.357,0.0,0,0,1,,1.0,2026-03-19T12:33:07.229425,sad,0.721,2026-03-19T12:33:07.229425,0.3182824207393154,2026-03-19T12:33:07.966000,82,,,
participant_30,3,day,Town10HD_Opt,2026-03-19 12:33:08.170250,-42.82673645019531,86.03558349609375,0.002042083768174,26.686,11.05,0.404,0.0,0,0,1,,1.0,2026-03-19T12:33:08.170250,sad,0.721,2026-03-19T12:33:07.229425,0.2987757762778701,2026-03-19T12:33:09.001000,83,,,
participant_30,3,day,Town10HD_Opt,2026-03-19 12:33:09.087460,-41.48440933227539,81.40901947021484,0.0019291305216029,29.293,5.692,0.577,0.0,0,0,1,,1.0,2026-03-19T12:33:09.087460,sad,0.721,2026-03-19T12:33:07.229425,0.3147173481398382,2026-03-19T12:33:09.001000,83,,,
participant_30,3,day,Town10HD_Opt,2026-03-19 12:33:09.994727,-39.03681945800781,76.50094604492188,0.001925888005644,33.647,13.338,0.577,0.0,0,0,1,,1.0,2026-03-19T12:33:09.994727,sad,0.79,2026-03-19T12:33:09.994727,0.3790469019836617,2026-03-19T12:33:09.946000,83,,,
participant_30,3,day,Town10HD_Opt,2026-03-19 12:33:11.231275,-32.56923294067383,71.44937896728516,0.0019680403638631,38.153,13.872,0.579,0.0,0,0,1,,1.0,2026-03-19T12:33:11.231275,sad,0.79,2026-03-19T12:33:09.994727,0.3432451273950046,2026-03-19T12:33:11.970000,85,,,
participant_30,3,day,Town10HD_Opt,2026-03-19 12:33:12.106075,-25.77979850769043,70.15047454833984,0.0019436263246461,41.559,-0.609,0.578,0.0,0,0,1,phone_call,0.817,2026-03-19T12:33:12.106075,neutral,0.524,2026-03-19T12:33:12.106075,0.3460811032870784,2026-03-19T12:33:11.970000,85,,,
participant_30,3,day,Town10HD_Opt,2026-03-19 12:33:13.036828,-18.30417251586914,69.35297393798828,0.0019464873475953,44.422,5.155,0.573,0.0,0,0,1,,1.0,2026-03-19T12:33:13.036828,neutral,0.524,2026-03-19T12:33:12.106075,0.2346111798332295,2026-03-19T12:33:13.005000,86,,,errors=Solid line crossing
participant_30,3,day,Town10HD_Opt,2026-03-19 12:33:14.011449,-10.429222106933594,69.14659881591797,0.0020274734124541,45.304,1.307,0.484,0.0,0,0,1,,1.0,2026-03-19T12:33:14.011449,neutral,0.524,2026-03-19T12:33:12.106075,0.2543934781203428,2026-03-19T12:33:13.950000,85,,,
participant_30,3,day,Town10HD_Opt,2026-03-19 12:33:15.227462,0.1625855267047882,69.68184661865234,0.0020363617222756,45.591,-2.395,0.475,0.0,0,0,1,,1.0,2026-03-19T12:33:15.227462,neutral,0.518,2026-03-19T12:33:15.227462,0.3186454783301088,2026-03-19T12:33:15.976000,89,,,
participant_30,3,day,Town10HD_Opt,2026-03-19 12:33:16.203425,8.117691993713379,69.66874694824219,0.0020652769599109,44.921,-0.837,0.085,0.0,0,0,1,,1.0,2026-03-19T12:33:16.203425,neutral,0.518,2026-03-19T12:33:15.227462,0.3629905950321697,2026-03-19T12:33:16.966000,89,,,
participant_30,3,day,Town10HD_Opt,2026-03-19 12:33:17.185501,15.295308113098145,69.30057525634766,0.0023515319917351,35.666,0.874,0.0,0.345,0,0,1,,1.0,2026-03-19T12:33:17.185501,neutral,0.518,2026-03-19T12:33:15.227462,0.2811717791744351,2026-03-19T12:33:17.955000,90,,,errors=Harsh braking | Solid line crossing
participant_30,3,day,Town10HD_Opt,2026-03-19 12:33:18.115159,20.574676513671875,69.14319610595703,0.0024301910307258,23.606,0.747,0.0,0.772,0,0,1,,1.0,2026-03-19T12:33:18.115159,sad,0.952,2026-03-19T12:33:18.115159,0.3135035972440023,2026-03-19T12:33:17.955000,91,,,
participant_30,3,day,Town10HD_Opt,2026-03-19 12:33:19.069961,22.78666877746582,69.11980438232422,0.0026818083133548,0.002,0.665,0.0,0.914,0,0,1,,1.0,2026-03-19T12:33:19.069961,sad,0.952,2026-03-19T12:33:18.115159,0.3310466451096505,2026-03-19T12:33:19.040000,88,,,
participant_30,3,day,Town10HD_Opt,2026-03-19 12:33:20.039392,22.78755569458008,69.11979675292969,0.0019440078176558,0.0,0.665,0.0,0.427,0,0,1,,1.0,2026-03-19T12:33:20.039392,sad,0.952,2026-03-19T12:33:18.115159,0.3452943311150878,2026-03-19T12:33:19.981000,88,,,
participant_30,3,day,Town10HD_Opt,2026-03-19 12:33:21.215248,22.78758811950684,69.11979675292969,0.001919784466736,0.0,0.665,0.0,0.0,0,0,1,,1.0,2026-03-19T12:33:21.215248,sad,0.634,2026-03-19T12:33:21.215248,0.353255285350154,2026-03-19T12:33:21.961000,91,,,
participant_30,3,day,Town10HD_Opt,2026-03-19 12:33:22.096620,22.78758811950684,69.11979675292969,0.001919784466736,0.0,0.665,0.0,0.0,0,0,1,,1.0,2026-03-19T12:33:22.096620,sad,0.634,2026-03-19T12:33:21.215248,0.4330886629721723,2026-03-19T12:33:22.951000,91,,,
participant_30,3,day,Town10HD_Opt,2026-03-19 12:33:22.995188,23.16139793395996,69.11665344238281,0.0015291976742446,8.713,0.134,1.0,0.0,0,0,1,,1.0,2026-03-19T12:33:22.995188,sad,0.634,2026-03-19T12:33:21.215248,0.4219461680352799,2026-03-19T12:33:22.951000,90,,,
participant_30,3,day,Town10HD_Opt,2026-03-19 12:33:24.184874,27.357139587402344,69.03814697265625,0.001586418133229,28.438,-4.749,1.0,0.0,0,0,1,,1.0,2026-03-19T12:33:24.184874,sad,0.649,2026-03-19T12:33:24.184874,0.4495526170331559,2026-03-19T12:33:24.975000,91,,,errors=Solid line crossing
participant_30,3,day,Town10HD_Opt,2026-03-19 12:33:25.110354,33.41130828857422,68.0007095336914,0.0016227340092882,41.552,-7.299,0.609,0.0,0,0,1,,1.0,2026-03-19T12:33:25.110354,sad,0.649,2026-03-19T12:33:24.184874,0.4794231518902964,2026-03-19T12:33:24.975000,89,,,
participant_30,3,day,Town10HD_Opt,2026-03-19 12:33:26.266612,41.4915771484375,64.26484680175781,0.0023342894855886,32.089,-12.275,0.0,0.0,0,0,1,,1.0,2026-03-19T12:33:26.266612,sad,0.56,2026-03-19T12:33:26.266612,0.4514880112418891,2026-03-19T12:33:26.956000,90,,,
participant_30,3,day,Town10HD_Opt,2026-03-19 12:33:27.189920,44.69871139526367,60.5572624206543,0.0022796248085796,25.746,-26.243,0.404,0.0,0,0,1,,1.0,2026-03-19T12:33:27.189920,sad,0.56,2026-03-19T12:33:26.266612,0.3394952752405047,2026-03-19T12:33:27.946000,89,,,
participant_30,3,day,Town10HD_Opt,2026-03-19 12:33:28.065543,45.65940475463867,56.17181396484375,0.0020844268146902,25.627,-7.67,0.315,0.0,0,0,1,,0.872,2026-03-19T12:33:28.065543,sad,0.56,2026-03-19T12:33:26.266612,0.3537454731355727,2026-03-19T12:33:27.946000,91,,,
participant_30,3,day,Town10HD_Opt,2026-03-19 12:33:29.212937,45.76730728149414,50.31272506713867,0.0020625304896384,24.804,-5.607,0.472,0.0,0,0,1,,0.885,2026-03-19T12:33:29.212937,sad,0.821,2026-03-19T12:33:29.212937,0.4617199240851519,2026-03-19T12:33:30.016000,91,,,
participant_30,3,day,Town10HD_Opt,2026-03-19 12:33:30.134486,45.18678283691406,45.75400161743164,0.0019125747494399,28.347,-3.931,0.552,0.0,0,0,1,,1.0,2026-03-19T12:33:30.134486,sad,0.821,2026-03-19T12:33:29.212937,0.4393113133773342,2026-03-19T12:33:30.961000,91,,,
participant_30,3,day,Town10HD_Opt,2026-03-19 12:33:31.028076,44.59319686889648,40.49116897583008,0.0019446563674136,32.037,14.295,0.538,0.0,0,0,1,,1.0,2026-03-19T12:33:31.028076,sad,0.821,2026-03-19T12:33:29.212937,0.4543902586570209,2026-03-19T12:33:30.961000,91,,,
participant_30,3,day,Town10HD_Opt,2026-03-19 12:33:32.163990,46.91835403442383,33.142364501953125,0.0020330047700554,34.637,17.876,0.495,0.0,0,0,1,,1.0,2026-03-19T12:33:32.163990,neutral,0.936,2026-03-19T12:33:32.163990,0.4351096024825317,2026-03-19T12:33:32.041000,90,,,
participant_30,3,day,Town10HD_Opt,2026-03-19 12:33:33.060232,51.26887512207031,29.27033805847168,0.0022580719087272,30.572,12.524,0.0,0.0,0,0,1,,0.819,2026-03-19T12:33:33.060232,neutral,0.936,2026-03-19T12:33:32.163990,0.4920342226097033,2026-03-19T12:33:33.121000,88,,,
participant_30,3,day,Town10HD_Opt,2026-03-19 12:33:34.180354,56.96379089355469,27.216217041015625,0.0022390745580196,21.814,5.259,0.264,0.0,0,0,1,,1.0,2026-03-19T12:33:34.180354,neutral,0.835,2026-03-19T12:33:34.180354,0.3829356190059574,2026-03-19T12:33:35.011000,88,,,
participant_30,3,day,Town10HD_Opt,2026-03-19 12:33:35.058767,60.53768539428711,26.415834426879883,0.0020978164393454,20.092,-0.837,0.269,0.0,0,0,1,phone_call,0.972,2026-03-19T12:33:35.058767,neutral,0.835,2026-03-19T12:33:34.180354,0.4418976953860281,2026-03-19T12:33:35.011000,87,,,
participant_30,3,day,Town10HD_Opt,2026-03-19 12:33:36.203124,65.01539611816406,25.50853538513184,0.0020526503212749,19.311,4.452,0.231,0.0,0,0,1,,0.809,2026-03-19T12:33:36.203124,neutral,0.899,2026-03-19T12:33:36.203124,0.4543110717483815,2026-03-19T12:33:36.946000,87,,,
participant_30,3,day,Town10HD_Opt,2026-03-19 12:33:37.088508,68.26142883300781,25.11799049377441,0.0020484160631895,18.231,0.305,0.24,0.0,0,0,1,,1.0,2026-03-19T12:33:37.088508,neutral,0.899,2026-03-19T12:33:36.203124,0.4516305757049517,2026-03-19T12:33:36.946000,88,,,
participant_30,3,day,Town10HD_Opt,2026-03-19 12:33:38.238070,72.45003509521484,24.69887924194336,0.0018515014089643,17.787,4.202,0.18,0.0,0,0,1,,1.0,2026-03-19T12:33:38.238070,neutral,0.694,2026-03-19T12:33:38.238070,0.4784334458701115,2026-03-19T12:33:38.971000,90,,,
participant_30,3,day,Town10HD_Opt,2026-03-19 12:33:39.085155,75.34764862060547,24.60605430603028,0.0020396423060446,14.513,2.341,0.0,0.0,0,0,1,,0.96,2026-03-19T12:33:39.085155,neutral,0.694,2026-03-19T12:33:38.238070,0.4237740636542995,2026-03-19T12:33:38.971000,90,,,
participant_30,3,day,Town10HD_Opt,2026-03-19 12:33:40.194066,78.07107543945312,24.575233459472656,0.0021215819288045,7.444,0.261,0.0,0.555,0,0,1,,1.0,2026-03-19T12:33:40.194066,neutral,0.694,2026-03-19T12:33:38.238070,0.4527667941889708,2026-03-19T12:33:40.951000,91,,,
participant_30,3,day,Town10HD_Opt,2026-03-19 12:33:41.026925,78.60496520996094,24.569339752197266,0.0020765303634107,0.0,0.686,0.0,0.109,0,0,1,,1.0,2026-03-19T12:33:41.026925,fear,0.45,2026-03-19T12:33:41.026925,0.4220359450688832,2026-03-19T12:33:40.951000,89,,,
participant_30,3,day,Town10HD_Opt,2026-03-19 12:33:42.171508,78.6113510131836,24.56933212280273,0.0019205474527552,0.026,0.115,0.0,0.0,0,0,1,,1.0,2026-03-19T12:33:42.171508,fear,0.45,2026-03-19T12:33:41.026925,0.4484561550117348,2026-03-19T12:33:42.977000,90,,,
participant_30,3,day,Town10HD_Opt,2026-03-19 12:33:43.035094,78.62751770019531,24.56916236877441,0.0019011687254533,0.323,0.115,0.0,0.0,0,0,1,,1.0,2026-03-19T12:33:43.035094,neutral,0.49,2026-03-19T12:33:43.035094,0.4948018700012963,2026-03-19T12:33:42.977000,92,,,
participant_30,3,day,Town10HD_Opt,2026-03-19 12:33:44.137642,78.69691467285156,24.56827735900879,0.0019212722545489,0.248,0.564,0.0,0.0,0,0,1,,0.864,2026-03-19T12:33:44.137642,neutral,0.49,2026-03-19T12:33:43.035094,0.5076916005955538,2026-03-19T12:33:44.956000,94,,,
participant_30,3,day,Town10HD_Opt,2026-03-19 12:33:45.230212,78.74636840820312,24.5678825378418,0.0019207000732421,0.171,0.559,0.0,0.0,0,0,1,,0.829,2026-03-19T12:33:45.230212,neutral,0.786,2026-03-19T12:33:45.230212,0.5277717651825856,2026-03-19T12:33:45.991000,92,,,
participant_30,3,day,Town10HD_Opt,2026-03-19 12:33:46.048365,78.77357482910156,24.56767845153809,0.0019203948322683,0.131,0.559,0.0,0.0,0,0,1,,0.877,2026-03-19T12:33:46.048365,neutral,0.786,2026-03-19T12:33:45.230212,0.5301352357178514,2026-03-19T12:33:45.991000,93,,,
participant_30,3,day,Town10HD_Opt,2026-03-19 12:33:47.156194,78.80029296875,24.567413330078125,0.0019200515234842,0.091,0.559,0.0,0.0,0,0,1,,0.902,2026-03-19T12:33:47.156194,neutral,0.786,2026-03-19T12:33:45.230212,0.6205750804199652,2026-03-19T12:33:47.971000,92,,,
participant_30,3,day,Town10HD_Opt,2026-03-19 12:33:48.245752,78.819091796875,24.567277908325195,0.0019197082147002,0.062,0.585,0.0,0.0,0,0,1,,1.0,2026-03-19T12:33:48.245752,happy,0.972,2026-03-19T12:33:48.245752,0.6113357659102014,2026-03-19T12:33:48.961000,91,,,
participant_30,3,day,Town10HD_Opt,2026-03-19 12:33:49.065256,78.82942962646484,24.567195892333984,0.001919517526403,0.047,0.595,0.0,0.0,0,0,1,,1.0,2026-03-19T12:33:49.065256,happy,0.972,2026-03-19T12:33:48.245752,0.5445127582140865,2026-03-19T12:33:48.961000,94,,,
participant_30,3,day,Town10HD_Opt,2026-03-19 12:33:50.133114,78.83958435058594,24.567184448242188,0.0019193649059161,0.032,0.597,0.0,0.0,0,0,1,,1.0,2026-03-19T12:33:50.133114,happy,0.972,2026-03-19T12:33:48.245752,0.6582969730460144,2026-03-19T12:33:50.941000,85,,,
participant_30,3,day,Town10HD_Opt,2026-03-19 12:33:51.226265,78.84671783447266,24.567176818847656,0.0019193267216905,0.022,0.602,0.0,0.0,0,0,1,,1.0,2026-03-19T12:33:51.226265,happy,1.0,2026-03-19T12:33:51.226265,0.4926255769911381,2026-03-19T12:33:51.976000,80,,,
participant_30,3,day,Town10HD_Opt,2026-03-19 12:33:52.045558,78.84962463378906,24.56717300415039,0.0019190596649423,0.003,0.602,0.0,0.0,0,0,1,,1.0,2026-03-19T12:33:52.045558,happy,1.0,2026-03-19T12:33:51.226265,0.5069882613972523,2026-03-19T12:33:51.976000,80,,,
participant_30,3,day,Town10HD_Opt,2026-03-19 12:33:53.175964,78.84989929199219,24.56717300415039,0.0019191741012036,0.005,0.62,0.0,0.0,0,0,1,,1.0,2026-03-19T12:33:53.175964,happy,1.0,2026-03-19T12:33:51.226265,0.3567915738303611,2026-03-19T12:33:53.956000,82,,,
participant_30,3,day,Town10HD_Opt,2026-03-19 12:33:54.061170,78.85015106201172,24.56717300415039,0.0019190978491678,0.006,0.625,0.0,0.0,0,0,1,,0.905,2026-03-19T12:33:54.061170,happy,1.0,2026-03-19T12:33:54.061170,0.3928595923742951,2026-03-19T12:33:53.956000,84,,,
participant_30,3,day,Town10HD_Opt,2026-03-19 12:33:55.139332,78.85025787353516,24.56717300415039,0.0019192122854292,0.006,0.625,0.0,0.0,0,0,1,,0.948,2026-03-19T12:33:55.139332,happy,1.0,2026-03-19T12:33:54.061170,0.3523804491851334,2026-03-19T12:33:55.982000,86,,,
participant_30,3,day,Town10HD_Opt,2026-03-19 12:33:56.232947,79.2371826171875,24.564584732055664,0.0017988967010751,4.176,0.625,0.0,0.0,0,0,1,,1.0,2026-03-19T12:33:56.232947,sad,0.624,2026-03-19T12:33:56.232947,0.3203689574987713,2026-03-19T12:33:56.971000,90,,,
participant_30,3,day,Town10HD_Opt,2026-03-19 12:33:57.099422,79.9023666381836,24.56132698059082,0.0019449996761977,3.3,0.63,0.0,0.0,0,0,1,,1.0,2026-03-19T12:33:57.099422,sad,0.624,2026-03-19T12:33:56.232947,0.3087084857323062,2026-03-19T12:33:56.971000,89,,,
participant_30,3,day,Town10HD_Opt,2026-03-19 12:33:58.207528,80.55958557128906,24.559720993041992,0.001941337599419,2.319,0.632,0.0,0.0,0,0,1,,1.0,2026-03-19T12:33:58.207528,sad,0.624,2026-03-19T12:33:56.232947,0.3009714998761429,2026-03-19T12:33:58.996000,89,,,
participant_30,3,day,Town10HD_Opt,2026-03-19 12:33:59.061751,80.92089080810547,24.55943298339844,0.0019361113663762,1.781,0.658,0.0,0.0,0,0,1,,1.0,2026-03-19T12:33:59.061751,happy,0.866,2026-03-19T12:33:59.061751,0.3153676628608284,2026-03-19T12:33:58.996000,88,,,
participant_30,3,day,Town10HD_Opt,2026-03-19 12:34:00.170798,80.9634780883789,24.55937385559082,0.0019237899687141,0.0,0.679,0.0,0.512,0,0,1,,1.0,2026-03-19T12:34:00.170798,happy,0.866,2026-03-19T12:33:59.061751,0.3325416355362406,2026-03-19T12:34:00.977000,89,,,
participant_30,3,day,Town10HD_Opt,2026-03-19 12:34:01.025014,80.9634780883789,24.55937385559082,0.0019200897077098,0.0,0.679,0.0,0.0,0,0,1,,1.0,2026-03-19T12:34:01.025014,happy,0.866,2026-03-19T12:33:59.061751,0.2816824855635448,2026-03-19T12:34:00.977000,88,,,
participant_30,3,day,Town10HD_Opt,2026-03-19 12:34:02.154876,80.9634780883789,24.55937385559082,0.001919021597132,0.0,0.78,0.0,0.0,0,0,1,,1.0,2026-03-19T12:34:02.154876,happy,1.0,2026-03-19T12:34:02.154876,0.2863283803000628,2026-03-19T12:34:02.956000,86,,,
participant_30,3,day,Town10HD_Opt,2026-03-19 12:34:03.038132,80.9634780883789,24.55937385559082,0.001919021597132,0.0,0.576,0.0,0.0,0,0,1,,1.0,2026-03-19T12:34:03.038132,happy,1.0,2026-03-19T12:34:02.154876,0.3516642962956087,2026-03-19T12:34:02.956000,88,,,
participant_30,3,day,Town10HD_Opt,2026-03-19 12:34:04.138057,80.9634780883789,24.55937385559082,0.001919021597132,0.0,1.354,0.0,0.0,0,0,1,,1.0,2026-03-19T12:34:04.138057,happy,1.0,2026-03-19T12:34:02.154876,0.3523581387763533,2026-03-19T12:34:04.982000,86,,,
participant_30,3,day,Town10HD_Opt,2026-03-19 12:34:05.019138,81.0767822265625,24.569355010986328,0.0017465590499341,3.794,13.511,0.9,0.0,0,0,1,,1.0,2026-03-19T12:34:05.019138,neutral,0.458,2026-03-19T12:34:05.019138,0.3728923666232234,2026-03-19T12:34:04.982000,85,,,
participant_30,3,day,Town10HD_Opt,2026-03-19 12:34:06.115063,83.41062927246094,24.78875160217285,0.0019415282877162,11.173,2.344,0.0,0.0,0,0,1,,1.0,2026-03-19T12:34:06.115063,neutral,0.458,2026-03-19T12:34:05.019138,0.3969164956368988,2026-03-19T12:34:06.961000,87,Solid line crossing,Solid line crossing,
participant_30,3,day,Town10HD_Opt,2026-03-19 12:34:07.238223,85.73690032958984,25.00320243835449,0.0011063002748414,12.737,-2.353,0.997,0.0,0,0,1,,1.0,2026-03-19T12:34:07.238223,sad,0.847,2026-03-19T12:34:07.238223,0.3399924772115007,2026-03-19T12:34:07.952000,88,,,errors=Vehicle-pedestrian collision
participant_30,3,day,Town10HD_Opt,2026-03-19 12:34:08.089239,89.03240203857422,25.17086601257324,0.0011698531452566,26.364,-2.4,1.0,0.0,0,0,1,,1.0,2026-03-19T12:34:08.089239,sad,0.847,2026-03-19T12:34:07.238223,0.3676500383605466,2026-03-19T12:34:07.952000,86,,,
participant_30,3,day,Town10HD_Opt,2026-03-19 12:34:09.175621,97.2768325805664,23.96985626220703,0.0016886901576071,45.392,-16.201,0.931,0.0,0,0,1,,1.0,2026-03-19T12:34:09.175621,sad,0.847,2026-03-19T12:34:07.238223,0.2945610899027542,2026-03-19T12:34:09.976000,91,,,
participant_30,3,day,Town10HD_Opt,2026-03-19 12:34:09.996359,103.64349365234376,18.436222076416016,0.001858253381215,50.909,-11.764,0.0,0.132,0,0,1,,1.0,2026-03-19T12:34:09.996359,happy,0.84,2026-03-19T12:34:09.996359,0.3265622807429639,2026-03-19T12:34:09.976000,88,,,
participant_30,3,day,Town10HD_Opt,2026-03-19 12:34:11.101581,106.85195922851562,7.434993267059326,0.0019654082134366,50.626,5.264,0.0,0.0,0,0,1,,1.0,2026-03-19T12:34:11.101581,happy,0.84,2026-03-19T12:34:09.996359,0.271698603499854,2026-03-19T12:34:11.956000,89,,,
participant_30,3,day,Town10HD_Opt,2026-03-19 12:34:12.173976,108.98937225341795,-4.068489074707031,0.0022083662915974,48.632,-2.812,0.985,0.0,0,0,1,,1.0,2026-03-19T12:34:12.173976,happy,0.993,2026-03-19T12:34:12.173976,0.252957401004617,2026-03-19T12:34:12.991000,90,,,
participant_30,3,day,Town10HD_Opt,2026-03-19 12:34:13.010732,109.64586639404295,-12.828653335571287,0.0021979522425681,48.585,2.028,1.0,0.0,0,0,1,,1.0,2026-03-19T12:34:13.010732,happy,0.993,2026-03-19T12:34:12.173976,0.2901306998700854,2026-03-19T12:34:12.991000,93,,,errors=Solid line crossing
participant_30,3,day,Town10HD_Opt,2026-03-19 12:34:14.127016,110.52638244628906,-24.36750602722168,0.0020532608032226,49.677,-6.938,1.0,0.0,0,0,1,,1.0,2026-03-19T12:34:14.127016,happy,0.993,2026-03-19T12:34:12.173976,0.40258743275934,2026-03-19T12:34:14.971000,94,,,
participant_30,3,day,Town10HD_Opt,2026-03-19 12:34:15.233744,108.32656860351562,-35.88017654418945,0.0018879318377003,52.13,-2.066,0.0,0.213,0,0,1,,1.0,2026-03-19T12:34:15.233744,happy,0.978,2026-03-19T12:34:15.233744,0.5397142591276282,2026-03-19T12:34:15.961000,96,,,
participant_30,3,day,Town10HD_Opt,2026-03-19 12:34:16.052739,105.40753936767578,-44.13909530639648,0.0019987486302852,50.676,-7.316,0.0,0.0,0,0,1,,1.0,2026-03-19T12:34:16.052739,happy,0.978,2026-03-19T12:34:15.233744,0.5680231589237043,2026-03-19T12:34:15.961000,96,,,errors=Solid line crossing
participant_30,3,day,Town10HD_Opt,2026-03-19 12:34:17.131216,98.62570190429688,-53.72653198242188,0.0018921660957857,51.241,-3.976,0.0,0.186,0,0,1,,0.837,2026-03-19T12:34:17.131216,happy,0.978,2026-03-19T12:34:15.233744,0.578436331844751,2026-03-19T12:34:16.953000,97,,,
participant_30,3,day,Town10HD_Opt,2026-03-19 12:34:18.190538,89.60496520996094,-61.34109878540039,0.0021173858549445,49.959,-4.983,0.0,0.124,0,0,1,,1.0,2026-03-19T12:34:18.190538,neutral,0.758,2026-03-19T12:34:18.190538,0.7272924665456193,2026-03-19T12:34:18.976000,97,,,
participant_30,3,day,Town10HD_Opt,2026-03-19 12:34:19.056565,81.81403350830078,-65.26419067382812,0.0018833923386409,51.83,-5.531,0.0,0.222,0,0,1,,1.0,2026-03-19T12:34:19.056565,neutral,0.758,2026-03-19T12:34:18.190538,0.715232933143246,2026-03-19T12:34:18.976000,95,,,
participant_30,3,day,Town10HD_Opt,2026-03-19 12:34:20.225236,70.3627700805664,-67.73827362060547,0.0021146012004464,49.414,-2.953,1.0,0.0,0,0,1,,1.0,2026-03-19T12:34:20.225236,neutral,0.448,2026-03-19T12:34:20.225236,0.791214408590886,2026-03-19T12:34:20.955000,94,,,
participant_30,3,day,Town10HD_Opt,2026-03-19 12:34:21.120992,61.60176086425781,-68.04853057861328,0.0020017242059111,51.064,0.049,0.0,0.106,0,0,1,,1.0,2026-03-19T12:34:21.120992,neutral,0.448,2026-03-19T12:34:20.225236,0.7817956600424848,2026-03-19T12:34:20.955000,94,,,
participant_30,3,day,Town10HD_Opt,2026-03-19 12:34:22.018176,52.90465545654297,-68.09296417236328,0.0019002150511369,51.175,-0.367,0.0,0.148,0,0,1,,1.0,2026-03-19T12:34:22.018176,neutral,0.448,2026-03-19T12:34:20.225236,0.8396199246321044,2026-03-19T12:34:22.082000,91,,,
participant_30,3,day,Town10HD_Opt,2026-03-19 12:34:22.998422,44.14690780639648,-68.016357421875,0.0019187163561582,51.087,-0.552,0.0,0.109,0,0,1,,1.0,2026-03-19T12:34:22.998422,sad,0.456,2026-03-19T12:34:22.998422,0.817167109023624,2026-03-19T12:34:23.028000,91,,,
participant_30,3,day,Town10HD_Opt,2026-03-19 12:34:24.261927,32.52346420288086,-67.73651885986328,0.0020421219523996,49.74,-0.157,0.852,0.0,0,0,1,,1.0,2026-03-19T12:34:24.261927,sad,0.456,2026-03-19T12:34:22.998422,0.7504339830555917,2026-03-19T12:34:24.961000,90,,,
participant_30,3,day,Town10HD_Opt,2026-03-19 12:34:25.083958,23.740306854248047,-67.49017333984375,0.0019479751354083,51.182,-0.186,0.0,0.199,0,0,1,,1.0,2026-03-19T12:34:25.083958,sad,0.841,2026-03-19T12:34:25.083958,0.7571681778725926,2026-03-19T12:34:24.961000,91,,,
participant_30,3,day,Town10HD_Opt,2026-03-19 12:34:26.258197,12.43482494354248,-67.19306182861328,0.0021584320347756,46.125,0.348,0.0,0.0,0,0,1,,1.0,2026-03-19T12:34:26.258197,sad,0.841,2026-03-19T12:34:25.083958,0.6734559723871213,2026-03-19T12:34:26.986000,92,,,
participant_30,3,day,Town10HD_Opt,2026-03-19 12:34:27.088494,5.161953449249268,-67.1444320678711,0.0023620224092155,36.075,0.315,0.0,0.0,0,0,1,,1.0,2026-03-19T12:34:27.088494,sad,0.713,2026-03-19T12:34:27.088494,0.6655968957052066,2026-03-19T12:34:26.986000,94,,,
participant_30,3,day,Town10HD_Opt,2026-03-19 12:34:28.210624,-2.050962448120117,-67.23959350585938,0.0022880935575813,25.837,-0.493,0.0,0.0,0,0,1,,1.0,2026-03-19T12:34:28.210624,sad,0.713,2026-03-19T12:34:27.088494,0.6381618769217701,2026-03-19T12:34:28.966000,90,,,
participant_30,3,day,Town10HD_Opt,2026-03-19 12:34:29.041604,-6.008172035217285,-67.2933578491211,0.0022181700915098,19.945,1.076,0.094,0.0,0,0,1,,1.0,2026-03-19T12:34:29.041604,sad,0.713,2026-03-19T12:34:27.088494,0.5979219185595643,2026-03-19T12:34:28.966000,94,,,
participant_30,3,day,Town10HD_Opt,2026-03-19 12:34:30.153547,-10.175267219543455,-67.3899917602539,0.0019535445608198,16.741,-0.251,0.273,0.0,0,0,1,,1.0,2026-03-19T12:34:30.153547,sad,0.591,2026-03-19T12:34:30.153547,0.5514312313756847,2026-03-19T12:34:30.991000,89,,,
participant_30,3,day,Town10HD_Opt,2026-03-19 12:34:30.992048,-13.028095245361328,-67.44306945800781,0.0020206451881676,14.646,-0.007,0.0,0.0,0,0,1,,1.0,2026-03-19T12:34:30.992048,sad,0.591,2026-03-19T12:34:30.153547,0.4791098448986538,2026-03-19T12:34:30.991000,87,,,
participant_30,3,day,Town10HD_Opt,2026-03-19 12:34:32.112522,-15.945063591003418,-67.5141830444336,0.0020171736832708,10.301,0.411,0.0,0.0,0,0,1,,1.0,2026-03-19T12:34:32.112522,sad,0.591,2026-03-19T12:34:30.153547,0.5342116392916765,2026-03-19T12:34:31.985000,84,,,
participant_30,3,day,Town10HD_Opt,2026-03-19 12:34:33.203503,-17.99614715576172,-67.5785903930664,0.0019883345812559,7.242,0.451,0.0,0.0,0,0,1,,1.0,2026-03-19T12:34:33.203503,sad,0.739,2026-03-19T12:34:33.203503,0.4188143255432296,2026-03-19T12:34:33.961000,88,,,
participant_30,3,day,Town10HD_Opt,2026-03-19 12:34:34.028583,-19.27650260925293,-67.62422943115234,0.0016622161492705,11.728,0.451,1.0,0.0,0,0,1,,1.0,2026-03-19T12:34:34.028583,sad,0.739,2026-03-19T12:34:33.203503,0.456219031497511,2026-03-19T12:34:33.961000,84,,,
participant_30,3,day,Town10HD_Opt,2026-03-19 12:34:35.105528,-24.098854064941406,-67.82794189453125,0.0015217589680105,31.717,0.451,1.0,0.0,0,0,1,,0.852,2026-03-19T12:34:35.105528,sad,0.739,2026-03-19T12:34:33.203503,0.4283957573681348,2026-03-19T12:34:34.952000,85,,,
participant_30,3,day,Town10HD_Opt,2026-03-19 12:34:36.179444,-33.70701217651367,-68.36614990234375,0.001554412767291,51.747,-2.28,0.0,0.175,0,0,1,,1.0,2026-03-19T12:34:36.179444,sad,0.731,2026-03-19T12:34:36.179444,0.3653175703613386,2026-03-19T12:34:36.977000,90,,,
participant_30,3,day,Town10HD_Opt,2026-03-19 12:34:37.002395,-42.52217864990234,-68.6071548461914,0.0020751189440488,49.536,-0.31,0.779,0.0,0,0,1,,1.0,2026-03-19T12:34:37.002395,sad,0.731,2026-03-19T12:34:36.179444,0.3387027341151997,2026-03-19T12:34:36.977000,89,,,
participant_30,3,day,Town10HD_Opt,2026-03-19 12:34:38.078123,-54.14888000488281,-68.65007019042969,0.0019791030790656,50.372,-0.331,0.764,0.0,0,0,1,,1.0,2026-03-19T12:34:38.078123,sad,0.731,2026-03-19T12:34:36.179444,0.3361325184483734,2026-03-19T12:34:37.965000,90,,,
participant_30,3,day,Town10HD_Opt,2026-03-19 12:34:39.118317,-65.82936096191406,-68.48355865478516,0.0019264601869508,50.914,-1.8,0.0,0.115,0,0,1,,0.804,2026-03-19T12:34:39.118317,sad,0.877,2026-03-19T12:34:39.118317,0.2613104126807616,2026-03-19T12:34:38.956000,89,,,
participant_30,3,day,Town10HD_Opt,2026-03-19 12:34:40.165194,-77.30957794189453,-66.77519226074219,0.0020020676311105,50.693,-6.298,0.0,0.0,0,0,1,,1.0,2026-03-19T12:34:40.165194,sad,0.877,2026-03-19T12:34:39.118317,0.3186425781188665,2026-03-19T12:34:40.981000,86,,,
participant_30,3,day,Town10HD_Opt,2026-03-19 12:34:41.212835,-87.8858642578125,-62.06808471679688,0.0021367263980209,48.974,-3.186,0.731,0.0,0,0,1,,1.0,2026-03-19T12:34:41.212835,sad,0.668,2026-03-19T12:34:41.212835,0.3384548142221879,2026-03-19T12:34:41.971000,85,,,
participant_30,3,day,Town10HD_Opt,2026-03-19 12:34:42.059387,-95.19744873046876,-57.29901123046875,0.0021464538294821,48.918,-5.326,0.731,0.0,0,0,1,,0.924,2026-03-19T12:34:42.059387,sad,0.668,2026-03-19T12:34:41.212835,0.3194681697835563,2026-03-19T12:34:41.971000,85,Solid line crossing,Solid line crossing,
participant_30,3,day,Town10HD_Opt,2026-03-19 12:34:43.243570,-103.13883209228516,-48.92123031616211,0.0020406341645866,49.873,-5.262,0.731,0.0,0,0,1,,1.0,2026-03-19T12:34:43.243570,sad,0.757,2026-03-19T12:34:43.243570,0.219821364072987,2026-03-19T12:34:43.951000,85,,,
participant_30,3,day,Town10HD_Opt,2026-03-19 12:34:44.170520,-107.42491149902344,-41.312870025634766,0.0020662688184529,49.75,-4.518,0.731,0.0,0,0,1,,0.946,2026-03-19T12:34:44.170520,sad,0.757,2026-03-19T12:34:43.243570,0.2928286288245333,2026-03-19T12:34:44.987000,87,,,
participant_30,3,day,Town10HD_Opt,2026-03-19 12:34:45.100703,-110.16799926757812,-33.09214401245117,0.0021413420327007,48.05,-5.061,0.417,0.0,0,0,1,,0.962,2026-03-19T12:34:45.100703,sad,0.757,2026-03-19T12:34:43.243570,0.3871722498925104,2026-03-19T12:34:44.987000,88,,,
participant_30,3,day,Town10HD_Opt,2026-03-19 12:34:45.990127,-111.18014526367188,-24.888994216918945,0.0021712875459343,44.986,-3.898,0.0,0.0,0,0,1,,0.905,2026-03-19T12:34:45.990127,neutral,0.766,2026-03-19T12:34:45.990127,0.2471611576416016,2026-03-19T12:34:45.976000,89,,,
participant_30,3,day,Town10HD_Opt,2026-03-19 12:34:47.208975,-110.84951782226562,-15.849017143249512,0.0023336792364716,32.212,0.305,0.0,0.0,0,0,1,,0.816,2026-03-19T12:34:47.208975,neutral,0.766,2026-03-19T12:34:45.990127,0.301407980186389,2026-03-19T12:34:47.956000,94,,,
participant_30,3,day,Town10HD_Opt,2026-03-19 12:34:48.143171,-110.59651947021484,-10.781195640563965,0.0022247314918786,26.046,1.011,0.266,0.0,0,0,1,,0.814,2026-03-19T12:34:48.143171,sad,0.783,2026-03-19T12:34:48.143171,0.3452661770248243,2026-03-19T12:34:47.956000,95,,,
participant_30,3,day,Town10HD_Opt,2026-03-19 12:34:48.996567,-110.48056030273438,-6.56658411026001,0.0022148895077407,21.418,0.639,0.347,0.0,0,0,1,,0.816,2026-03-19T12:34:48.996567,sad,0.783,2026-03-19T12:34:48.143171,0.353050806343331,2026-03-19T12:34:49.036000,95,,,
participant_30,3,day,Town10HD_Opt,2026-03-19 12:34:50.160483,-110.39424896240234,-1.2111793756484983,0.0016731261275708,29.859,-0.703,0.943,0.0,0,0,1,,1.0,2026-03-19T12:34:50.160483,sad,0.697,2026-03-19T12:34:50.160483,0.3675781043931332,2026-03-19T12:34:50.971000,96,,,
participant_30,3,day,Town10HD_Opt,2026-03-19 12:34:51.007005,-109.89568328857422,5.152976989746094,0.0015965652419254,44.006,-6.552,0.94,0.0,0,0,1,,1.0,2026-03-19T12:34:51.007005,sad,0.697,2026-03-19T12:34:50.160483,0.3576185252456664,2026-03-19T12:34:50.971000,94,,,
participant_30,3,day,Town10HD_Opt,2026-03-19 12:34:52.198182,-107.22281646728516,15.167752265930176,0.0023331069387495,39.006,-0.726,0.0,0.0,0,0,1,,1.0,2026-03-19T12:34:52.198182,sad,0.625,2026-03-19T12:34:52.198182,0.3141199525728639,2026-03-19T12:34:52.951000,96,,,
participant_30,3,day,Town10HD_Opt,2026-03-19 12:34:53.113947,-104.8786392211914,20.746206283569336,0.00233940128237,29.869,-9.267,0.079,0.0,0,0,1,,1.0,2026-03-19T12:34:53.113947,sad,0.625,2026-03-19T12:34:52.198182,0.3068677296102085,2026-03-19T12:34:52.951000,98,,,
participant_30,3,day,Town10HD_Opt,2026-03-19 12:34:54.033870,-101.96084594726562,24.65927124023437,0.0021448135375976,26.687,-17.828,0.45,0.0,0,0,1,,1.0,2026-03-19T12:34:54.033870,sad,0.625,2026-03-19T12:34:52.198182,0.2497487980194379,2026-03-19T12:34:53.986000,93,,,
participant_30,3,day,Town10HD_Opt,2026-03-19 12:34:55.273312,-96.20808410644533,27.783111572265625,0.0019026183290407,31.825,-11.484,0.659,0.0,0,0,1,,1.0,2026-03-19T12:34:55.273312,happy,0.992,2026-03-19T12:34:55.273312,0.3277518066749793,2026-03-19T12:34:55.966000,94,,,
participant_30,3,day,Town10HD_Opt,2026-03-19 12:34:56.237381,-90.19208526611328,28.78177833557129,0.0019428634550422,38.742,-4.907,0.686,0.0,0,0,1,,1.0,2026-03-19T12:34:56.237381,happy,0.992,2026-03-19T12:34:55.273312,0.3582300193246197,2026-03-19T12:34:56.958000,93,,,
participant_30,3,day,Town10HD_Opt,2026-03-19 12:34:57.204749,-83.1409683227539,28.774526596069336,0.0021639252081513,38.934,-3.61,0.0,0.0,0,0,1,,1.0,2026-03-19T12:34:57.204749,happy,0.992,2026-03-19T12:34:55.273312,0.2886733731775516,2026-03-19T12:34:57.991000,93,,,errors=Solid line crossing
participant_30,3,day,Town10HD_Opt,2026-03-19 12:34:58.130598,-77.15724182128906,28.10806655883789,0.0023160553537309,29.722,2.805,0.0,0.062,0,0,1,,1.0,2026-03-19T12:34:58.130598,sad,0.489,2026-03-19T12:34:58.130598,0.3565750924174465,2026-03-19T12:34:58.982000,93,,,
participant_30,3,day,Town10HD_Opt,2026-03-19 12:34:59.052071,-72.66686248779297,27.784467697143555,0.0023584747686982,19.91,1.514,0.0,0.662,0,0,1,,1.0,2026-03-19T12:34:59.052071,sad,0.489,2026-03-19T12:34:58.130598,0.2812365080190806,2026-03-19T12:34:58.982000,94,,,errors=Harsh braking
participant_30,4,day,Town10HD_Opt,2026-03-19 12:45:00.000000,-41.66858673095703,89.7454833984375,0.580491840839386,18.061,1.347,0.33,0.0,0,0,1,,1.0,2026-03-19T12:45:00,,,2026-03-19T12:45:00,0.503998725302214,2026-03-19T12:45:00,85,,,
participant_30,4,day,Town10HD_Opt,2026-03-19 12:45:04.558905,-41.67424392700195,84.54381561279297,0.0020318983588367,18.164,1.485,0.328,0.0,0,0,1,,1.0,2026-03-19T12:45:04.558905,,,2026-03-19T12:45:04.558905,0.4338990162651534,2026-03-19T12:45:04.906000,84,,,
participant_30,4,day,Town10HD_Opt,2026-03-19 12:45:05.243097,-41.59819412231445,82.42355346679688,0.0020382308866828,18.129,6.092,0.322,0.0,0,0,1,,0.905,2026-03-19T12:45:05.243097,,,2026-03-19T12:45:04.558905,0.431984497465348,2026-03-19T12:45:05.940000,86,,,
participant_30,4,day,Town10HD_Opt,2026-03-19 12:45:06.261529,-41.12717056274414,79.27774047851562,0.0020481871906667,18.253,10.262,0.378,0.0,0,0,1,,0.806,2026-03-19T12:45:06.261529,,,2026-03-19T12:45:04.558905,0.4218259558175503,2026-03-19T12:45:06.885000,88,,,
participant_30,4,day,Town10HD_Opt,2026-03-19 12:45:07.274020,-40.06240081787109,76.0338363647461,0.001919784466736,21.826,13.758,0.589,0.0,0,0,1,,0.862,2026-03-19T12:45:07.274020,neutral,0.568,2026-03-19T12:45:07.274020,0.4041346308705941,2026-03-19T12:45:07.875000,86,,,
participant_30,4,day,Town10HD_Opt,2026-03-19 12:45:08.264240,-37.72772979736328,72.48946380615234,0.0018827819731086,27.56,17.761,0.601,0.0,0,0,1,,0.813,2026-03-19T12:45:08.264240,neutral,0.568,2026-03-19T12:45:07.274020,0.4005440561805406,2026-03-19T12:45:08.910000,88,,,
participant_30,4,day,Town10HD_Opt,2026-03-19 12:45:09.006030,-35.10403060913086,70.4043960571289,0.0019501495407894,30.134,18.913,0.407,0.0,0,0,1,,0.867,2026-03-19T12:45:09.006030,neutral,0.568,2026-03-19T12:45:07.274020,0.3997577724863446,2026-03-19T12:45:09.900000,88,,,
participant_30,4,day,Town10HD_Opt,2026-03-19 12:45:10.045041,-30.11714553833008,68.93359375,0.002110977191478,29.617,18.232,0.289,0.0,0,0,1,,0.843,2026-03-19T12:45:10.045041,neutral,0.851,2026-03-19T12:45:10.045041,0.3923677689553758,2026-03-19T12:45:10.890000,91,,,errors=Solid line crossing
participant_30,4,day,Town10HD_Opt,2026-03-19 12:45:11.022912,-25.30379676818848,69.34512329101562,0.002250442514196,23.898,-1.478,0.009,0.0,0,0,1,,1.0,2026-03-19T12:45:11.022912,neutral,0.851,2026-03-19T12:45:10.045041,0.4057622533742228,2026-03-19T12:45:11.879000,93,,,
participant_30,4,day,Town10HD_Opt,2026-03-19 12:45:12.001726,-21.439945220947266,69.70887756347656,0.0020806503016501,21.698,-2.153,0.629,0.0,0,0,1,,0.846,2026-03-19T12:45:12.001726,neutral,0.851,2026-03-19T12:45:10.045041,0.4936407035638372,2026-03-19T12:45:12.915000,94,,,
participant_30,4,day,Town10HD_Opt,2026-03-19 12:45:12.991999,-17.216880798339844,69.97764587402344,0.0018712615128606,27.109,-0.938,0.45,0.0,0,0,1,,1.0,2026-03-19T12:45:12.991999,neutral,0.81,2026-03-19T12:45:12.991999,0.3734981913814935,2026-03-19T12:45:13.905000,96,,,
participant_30,4,day,Town10HD_Opt,2026-03-19 12:45:14.277511,-10.65742015838623,70.26445770263672,0.0020272063557058,28.549,-0.989,0.379,0.0,0,0,1,,1.0,2026-03-19T12:45:14.277511,neutral,0.81,2026-03-19T12:45:12.991999,0.408792116307094,2026-03-19T12:45:14.896000,94,,,
participant_30,4,day,Town10HD_Opt,2026-03-19 12:45:15.014218,-7.334630966186523,70.32238006591797,0.0020669174846261,28.058,-2.028,0.274,0.0,0,0,1,,1.0,2026-03-19T12:45:15.014218,neutral,0.816,2026-03-19T12:45:15.014218,0.4183515945246167,2026-03-19T12:45:15.885000,99,,,
participant_30,4,day,Town10HD_Opt,2026-03-19 12:45:16.266601,-1.0705363750457764,70.16181945800781,0.0021086882334202,25.4,-0.254,0.264,0.0,0,0,1,,1.0,2026-03-19T12:45:16.266601,neutral,0.816,2026-03-19T12:45:15.014218,0.3811293697310247,2026-03-19T12:45:16.874000,101,,,
participant_30,4,day,Town10HD_Opt,2026-03-19 12:45:17.213173,3.2295684814453125,70.0062255859375,0.0021022413857281,23.582,0.879,0.264,0.0,0,0,1,,1.0,2026-03-19T12:45:17.213173,neutral,0.828,2026-03-19T12:45:17.213173,0.3546268132347815,2026-03-19T12:45:17.909000,101,,,
participant_30,4,day,Town10HD_Opt,2026-03-19 12:45:18.203598,7.197510242462158,69.92394256591797,0.002118949778378,21.367,0.759,0.181,0.0,0,0,1,,1.0,2026-03-19T12:45:18.203598,neutral,0.828,2026-03-19T12:45:17.213173,0.4097665101318835,2026-03-19T12:45:18.900000,100,,,
participant_30,4,day,Town10HD_Opt,2026-03-19 12:45:19.127294,10.719893455505373,69.89947509765625,0.0021436309907585,18.409,0.261,0.132,0.0,0,0,1,,1.0,2026-03-19T12:45:19.127294,neutral,0.828,2026-03-19T12:45:17.213173,0.4472450272998775,2026-03-19T12:45:19.890000,102,,,
participant_30,4,day,Town10HD_Opt,2026-03-19 12:45:20.048201,13.823992729187012,69.89639282226562,0.0019501113565638,16.781,0.256,0.164,0.0,0,0,1,,1.0,2026-03-19T12:45:20.048201,neutral,0.866,2026-03-19T12:45:20.048201,0.425462910207052,2026-03-19T12:45:20.880000,97,,,
participant_30,4,day,Town10HD_Opt,2026-03-19 12:45:21.011798,16.685253143310547,69.90513610839844,0.0019451903644949,15.973,0.242,0.18,0.0,0,0,1,,0.839,2026-03-19T12:45:21.011798,neutral,0.866,2026-03-19T12:45:20.048201,0.4021380829481201,2026-03-19T12:45:21.915000,99,,,
participant_30,4,day,Town10HD_Opt,2026-03-19 12:45:22.225749,20.27454376220703,69.93077850341797,0.0019449996761977,14.806,0.202,0.178,0.0,0,0,1,,1.0,2026-03-19T12:45:22.225749,neutral,0.835,2026-03-19T12:45:22.225749,0.400118494693332,2026-03-19T12:45:22.905000,97,,,
participant_30,4,day,Town10HD_Opt,2026-03-19 12:45:23.156886,22.762834548950195,69.95452117919922,0.0020042418036609,12.788,-0.033,0.0,0.04,0,0,1,,0.831,2026-03-19T12:45:23.156886,neutral,0.835,2026-03-19T12:45:22.225749,0.4281265900845002,2026-03-19T12:45:23.895000,95,,,
participant_30,4,day,Town10HD_Opt,2026-03-19 12:45:24.050314,24.5700798034668,69.97032928466797,0.0020921707618981,7.368,-0.033,0.0,0.36,0,0,1,,0.83,2026-03-19T12:45:24.050314,neutral,0.835,2026-03-19T12:45:22.225749,0.4263284511057922,2026-03-19T12:45:24.885000,97,,,
participant_30,4,day,Town10HD_Opt,2026-03-19 12:45:25.228593,25.092342376708984,69.97525787353516,0.0019745253957808,0.139,-0.033,0.323,0.0,0,0,1,,0.839,2026-03-19T12:45:25.228593,neutral,0.807,2026-03-19T12:45:25.228593,0.4317995807129209,2026-03-19T12:45:25.875000,97,,,
participant_30,4,day,Town10HD_Opt,2026-03-19 12:45:26.190139,25.41148376464844,69.97767639160156,0.0017596435500308,4.466,-0.033,0.219,0.0,0,0,1,,0.911,2026-03-19T12:45:26.190139,neutral,0.807,2026-03-19T12:45:25.228593,0.4848321559781095,2026-03-19T12:45:26.910000,94,,,
participant_30,4,day,Town10HD_Opt,2026-03-19 12:45:27.127782,26.16775131225586,69.98311614990234,0.002263679401949,0.0,-0.033,0.0,0.248,0,0,1,,0.884,2026-03-19T12:45:27.127782,neutral,0.807,2026-03-19T12:45:25.228593,0.4244169785695243,2026-03-19T12:45:27.900000,97,,,
participant_30,4,day,Town10HD_Opt,2026-03-19 12:45:28.040446,26.16758155822754,69.98308563232422,0.0019345473265275,0.149,-0.033,0.321,0.0,0,0,1,,0.918,2026-03-19T12:45:28.040446,neutral,0.776,2026-03-19T12:45:28.040446,0.480924998540081,2026-03-19T12:45:28.889000,93,,,
participant_30,4,day,Town10HD_Opt,2026-03-19 12:45:29.010184,26.79050064086914,69.97843933105469,0.001579895033501,8.767,-2.795,0.675,0.0,0,0,1,,0.858,2026-03-19T12:45:29.010184,neutral,0.776,2026-03-19T12:45:28.040446,0.4492940343763732,2026-03-19T12:45:29.881000,92,,,errors=Stop sign violation
participant_30,4,day,Town10HD_Opt,2026-03-19 12:45:30.265878,29.99059295654297,69.66336822509766,0.0018096159910783,16.695,-10.062,0.222,0.0,0,0,1,,1.0,2026-03-19T12:45:30.265878,neutral,0.754,2026-03-19T12:45:30.265878,0.4393958725158088,2026-03-19T12:45:30.916000,92,,,
participant_30,4,day,Town10HD_Opt,2026-03-19 12:45:31.253761,32.820411682128906,68.90290832519531,0.0018873214721679,17.458,-10.221,0.429,0.0,0,0,1,,1.0,2026-03-19T12:45:31.253761,neutral,0.754,2026-03-19T12:45:30.265878,0.4317873952122152,2026-03-19T12:45:31.905000,93,,,
participant_30,4,day,Town10HD_Opt,2026-03-19 12:45:32.203887,35.80215072631836,67.56820678710938,0.001956405583769,20.28,-10.538,0.547,0.0,0,0,1,,1.0,2026-03-19T12:45:32.203887,neutral,0.754,2026-03-19T12:45:30.265878,0.4588986639730375,2026-03-19T12:45:32.895000,93,,,
participant_30,4,day,Town10HD_Opt,2026-03-19 12:45:33.171062,39.1126594543457,65.35073852539062,0.001913413987495,25.339,-10.468,0.51,0.0,0,0,1,,0.829,2026-03-19T12:45:33.171062,neutral,0.801,2026-03-19T12:45:33.171062,0.434840900384341,2026-03-19T12:45:33.885000,91,,,
participant_30,4,day,Town10HD_Opt,2026-03-19 12:45:34.128235,42.21331024169922,62.01530456542969,0.0023126984015107,26.383,-14.418,0.22,0.0,0,0,1,,0.883,2026-03-19T12:45:34.128235,neutral,0.801,2026-03-19T12:45:33.171062,0.5134025754146867,2026-03-19T12:45:34.875000,94,,,
participant_30,4,day,Town10HD_Opt,2026-03-19 12:45:35.081512,44.05754470825195,58.09398651123047,0.0021573256235569,23.253,-13.953,0.183,0.0,0,0,1,,1.0,2026-03-19T12:45:35.081512,neutral,0.801,2026-03-19T12:45:33.171062,0.550319793506464,2026-03-19T12:45:35.910000,92,,,
participant_30,4,day,Town10HD_Opt,2026-03-19 12:45:36.068350,44.62420272827149,54.33541488647461,0.0021560287568718,20.201,-10.437,0.183,0.0,0,0,1,,1.0,2026-03-19T12:45:36.068350,fear,0.434,2026-03-19T12:45:36.068350,0.5734776557328185,2026-03-19T12:45:36.900000,95,,,
participant_30,4,day,Town10HD_Opt,2026-03-19 12:45:37.022437,44.657020568847656,51.00979995727539,0.0020997237879782,18.177,-1.782,0.278,0.0,0,0,1,,0.92,2026-03-19T12:45:37.022437,fear,0.434,2026-03-19T12:45:36.068350,0.4855246106936501,2026-03-19T12:45:37.889000,96,,,
participant_30,4,day,Town10HD_Opt,2026-03-19 12:45:38.276173,44.5261116027832,46.77924346923828,0.0020597837865352,18.027,-0.9,0.325,0.0,0,0,1,,0.922,2026-03-19T12:45:38.276173,neutral,0.788,2026-03-19T12:45:38.276173,0.6486152489252424,2026-03-19T12:45:38.880000,93,,,
participant_30,4,day,Town10HD_Opt,2026-03-19 12:45:39.274837,44.36949920654297,43.62722396850586,0.0020422744564712,18.063,0.559,0.313,0.0,0,0,1,,0.93,2026-03-19T12:45:39.274837,neutral,0.788,2026-03-19T12:45:38.276173,0.5790621830297175,2026-03-19T12:45:39.915000,92,,,
participant_30,4,day,Town10HD_Opt,2026-03-19 12:45:40.224875,44.4390869140625,40.45109939575195,0.0020614243112504,18.238,7.758,0.288,0.0,0,0,1,,0.91,2026-03-19T12:45:40.224875,neutral,0.788,2026-03-19T12:45:38.276173,0.5657463470940249,2026-03-19T12:45:40.905000,89,,,
participant_30,4,day,Town10HD_Opt,2026-03-19 12:45:41.238595,44.8867073059082,37.28530883789063,0.0020155333913862,18.836,6.594,0.424,0.0,0,0,1,,0.893,2026-03-19T12:45:41.238595,neutral,0.734,2026-03-19T12:45:41.238595,0.495703594289539,2026-03-19T12:45:41.898000,92,,,
participant_30,4,day,Town10HD_Opt,2026-03-19 12:45:42.206142,45.81046295166016,33.95097732543945,0.0019716643728315,21.27,14.501,0.562,0.0,0,0,1,,0.917,2026-03-19T12:45:42.206142,neutral,0.734,2026-03-19T12:45:41.238595,0.5771412173992606,2026-03-19T12:45:42.887000,91,,,
participant_30,4,day,Town10HD_Opt,2026-03-19 12:45:43.174568,47.89704895019531,30.457433700561523,0.0019146727863699,25.72,15.842,0.544,0.0,0,0,1,,1.0,2026-03-19T12:45:43.174568,neutral,0.734,2026-03-19T12:45:41.238595,0.6371182195555926,2026-03-19T12:45:43.876000,90,,,
participant_30,4,day,Town10HD_Opt,2026-03-19 12:45:44.125586,51.58138656616211,27.357046127319336,0.0019584654364734,29.573,15.558,0.494,0.0,0,0,1,,0.863,2026-03-19T12:45:44.125586,neutral,0.829,2026-03-19T12:45:44.125586,0.5413584910898532,2026-03-19T12:45:44.911000,91,,,
participant_30,4,day,Town10HD_Opt,2026-03-19 12:45:45.191563,56.54424285888672,25.64546585083008,0.0020869064610451,29.917,13.636,0.295,0.0,0,0,1,,0.89,2026-03-19T12:45:45.191563,neutral,0.829,2026-03-19T12:45:44.125586,0.5794338095337845,2026-03-19T12:45:45.900000,90,,,
participant_30,4,day,Town10HD_Opt,2026-03-19 12:45:46.183469,61.63201522827149,25.45411491394043,0.0021049880888313,28.185,1.182,0.186,0.0,0,0,1,,0.914,2026-03-19T12:45:46.183469,neutral,0.77,2026-03-19T12:45:46.183469,0.4175556554280409,2026-03-19T12:45:46.891000,90,,,
participant_30,4,day,Town10HD_Opt,2026-03-19 12:45:47.086892,66.18589782714844,25.48737335205078,0.0022415923886001,22.659,-2.405,0.0,0.0,0,0,1,,0.895,2026-03-19T12:45:47.086892,neutral,0.77,2026-03-19T12:45:46.183469,0.4857574206295653,2026-03-19T12:45:47.880000,92,,,
participant_30,4,day,Town10HD_Opt,2026-03-19 12:45:48.018115,69.67582702636719,25.36924934387207,0.0019789503421634,17.445,0.451,0.0,0.0,0,0,1,,0.888,2026-03-19T12:45:48.018115,neutral,0.77,2026-03-19T12:45:46.183469,0.530645829512986,2026-03-19T12:45:48.916000,91,,,
participant_30,4,day,Town10HD_Opt,2026-03-19 12:45:49.201403,73.11425018310547,25.282133102416992,0.0020344161894172,12.144,0.987,0.0,0.0,0,0,1,,1.0,2026-03-19T12:45:49.201403,neutral,0.778,2026-03-19T12:45:49.201403,0.4896502487788088,2026-03-19T12:45:49.995000,90,,,
participant_30,4,day,Town10HD_Opt,2026-03-19 12:45:50.119563,75.00611877441406,25.263940811157227,0.0020085906144231,9.326,1.274,0.0,0.0,0,0,1,,0.852,2026-03-19T12:45:50.119563,neutral,0.778,2026-03-19T12:45:49.201403,0.4648421232385689,2026-03-19T12:45:50.940000,89,,,
participant_30,4,day,Town10HD_Opt,2026-03-19 12:45:51.093207,76.478271484375,25.25816535949707,0.0019411849789321,8.017,0.169,0.13,0.0,0,0,1,,0.887,2026-03-19T12:45:51.093207,neutral,0.778,2026-03-19T12:45:49.201403,0.5373845568249059,2026-03-19T12:45:51.885000,88,,,
participant_30,4,day,Town10HD_Opt,2026-03-19 12:45:52.023330,77.83265686035156,25.251855850219727,0.001947364769876,7.332,0.012,0.0,0.0,0,0,1,,0.887,2026-03-19T12:45:52.023330,neutral,0.793,2026-03-19T12:45:52.023330,0.3207772926954951,2026-03-19T12:45:52.920000,87,,,
participant_30,4,day,Town10HD_Opt,2026-03-19 12:45:53.220003,79.32192993164062,25.24530029296875,0.0020307921804487,0.53,0.172,0.0,0.088,0,0,1,,0.897,2026-03-19T12:45:53.220003,neutral,0.793,2026-03-19T12:45:52.023330,0.442627399026104,2026-03-19T12:45:53.910000,90,,,
participant_30,4,day,Town10HD_Opt,2026-03-19 12:45:54.162040,79.33710479736328,25.244911193847656,0.0019508743425831,0.002,0.179,0.0,0.0,0,0,1,,0.824,2026-03-19T12:45:54.162040,neutral,0.696,2026-03-19T12:45:54.162040,0.3585472559487155,2026-03-19T12:45:54.900000,91,,,
participant_30,4,day,Town10HD_Opt,2026-03-19 12:45:55.155462,79.33723449707031,25.244911193847656,0.0019200133392587,0.007,0.179,0.0,0.0,0,0,1,,0.884,2026-03-19T12:45:55.155462,neutral,0.696,2026-03-19T12:45:54.162040,0.2944137610651477,2026-03-19T12:45:55.890000,90,,,
participant_30,4,day,Town10HD_Opt,2026-03-19 12:45:56.104970,79.33741760253906,25.244911193847656,0.0019192122854292,0.002,0.19,0.0,0.0,0,0,1,,1.0,2026-03-19T12:45:56.104970,neutral,0.696,2026-03-19T12:45:54.162040,0.4199549127435097,2026-03-19T12:45:56.881000,86,,,
participant_30,4,day,Town10HD_Opt,2026-03-19 12:45:57.030175,79.33766174316406,25.244909286499023,0.001919288537465,0.001,0.197,0.0,0.0,0,0,1,,0.837,2026-03-19T12:45:57.030175,neutral,0.83,2026-03-19T12:45:57.030175,0.4177909683190878,2026-03-19T12:45:57.917000,87,,,
participant_30,4,day,Town10HD_Opt,2026-03-19 12:45:58.198013,79.34109497070312,25.24482154846192,0.0018946838099509,0.741,-2.598,0.525,0.0,0,0,1,,0.922,2026-03-19T12:45:58.198013,neutral,0.83,2026-03-19T12:45:57.030175,0.4110589970431796,2026-03-19T12:45:58.905000,87,,,
participant_30,4,day,Town10HD_Opt,2026-03-19 12:45:59.110088,80.2103271484375,25.189802169799805,0.0015629577683284,11.044,-6.971,0.738,0.0,0,0,1,,0.93,2026-03-19T12:45:59.110088,neutral,0.77,2026-03-19T12:45:59.110088,0.4430197530364952,2026-03-19T12:45:59.895000,87,,,
participant_30,4,day,Town10HD_Opt,2026-03-19 12:46:00.036706,82.86067962646484,24.90848159790039,0.0018764495616778,18.511,0.078,0.68,0.0,0,0,1,,0.918,2026-03-19T12:46:00.036706,neutral,0.77,2026-03-19T12:45:59.110088,0.4073223199192775,2026-03-19T12:46:00.887000,87,Red light violation,Red light violation,
participant_30,4,day,Town10HD_Opt,2026-03-19 12:46:01.281151,88.29884338378906,24.47665023803711,0.0016621779650449,32.049,-2.967,0.776,0.0,0,0,1,,0.808,2026-03-19T12:46:01.281151,fear,0.454,2026-03-19T12:46:01.281151,0.4852377119100491,2026-03-19T12:46:01.921000,90,,,
participant_30,4,day,Town10HD_Opt,2026-03-19 12:46:02.199594,94.33032989501952,23.32048988342285,0.0020476912613958,38.1,-12.476,0.574,0.0,0,0,1,,0.907,2026-03-19T12:46:02.199594,fear,0.454,2026-03-19T12:46:01.281151,0.4599650984569042,2026-03-19T12:46:02.910000,89,,,
participant_30,4,day,Town10HD_Opt,2026-03-19 12:46:03.137554,100.24140167236328,19.837995529174805,0.0018050002399832,40.961,-11.147,0.562,0.0,0,0,1,,0.879,2026-03-19T12:46:03.137554,fear,0.454,2026-03-19T12:46:01.281151,0.5249890565966887,2026-03-19T12:46:03.901000,87,,,
participant_30,4,day,Town10HD_Opt,2026-03-19 12:46:04.003467,104.76850128173828,14.102824211120604,0.0032710647210478,43.154,-10.425,0.559,0.0,0,0,1,,0.845,2026-03-19T12:46:04.003467,neutral,0.73,2026-03-19T12:46:04.003467,0.4454745749053289,2026-03-19T12:46:04.890000,87,,,
participant_30,4,day,Town10HD_Opt,2026-03-19 12:46:05.254902,107.23779296875,4.179116249084473,0.0019944761879742,45.413,-5.586,0.529,0.0,0,0,1,,0.874,2026-03-19T12:46:05.254902,neutral,0.73,2026-03-19T12:46:04.003467,0.6136155556100149,2026-03-19T12:46:05.928000,88,,,
participant_30,4,day,Town10HD_Opt,2026-03-19 12:46:06.161830,107.05648803710938,-3.893966197967529,0.002004203852266,46.792,0.681,0.51,0.0,0,0,1,,0.907,2026-03-19T12:46:06.161830,neutral,0.5,2026-03-19T12:46:06.161830,0.5816368742085811,2026-03-19T12:46:06.916000,86,,,
participant_30,4,day,Town10HD_Opt,2026-03-19 12:46:07.059335,107.02392578125,-12.055896759033203,0.0021075056865811,45.546,1.081,0.332,0.0,0,0,1,,0.894,2026-03-19T12:46:07.059335,neutral,0.5,2026-03-19T12:46:06.161830,0.5268425804691038,2026-03-19T12:46:07.906000,87,,,
participant_30,4,day,Town10HD_Opt,2026-03-19 12:46:08.209503,107.26588439941406,-22.168212890625,0.0021509933285415,40.772,-1.906,0.323,0.0,0,0,1,,0.882,2026-03-19T12:46:08.209503,neutral,0.818,2026-03-19T12:46:08.209503,0.5321531252332254,2026-03-19T12:46:08.895000,83,,,
participant_30,4,day,Town10HD_Opt,2026-03-19 12:46:09.159095,106.9410629272461,-29.09353256225586,0.0021342085674405,38.116,-3.426,0.324,0.0,0,0,1,,0.883,2026-03-19T12:46:09.159095,neutral,0.818,2026-03-19T12:46:08.209503,0.5287323183448538,2026-03-19T12:46:09.886000,83,,,
participant_30,4,day,Town10HD_Opt,2026-03-19 12:46:10.024869,105.91120910644533,-35.47372817993164,0.0021245193202048,35.797,-5.17,0.325,0.0,0,0,1,,0.929,2026-03-19T12:46:10.024869,neutral,0.818,2026-03-19T12:46:08.209503,0.4918012286347736,2026-03-19T12:46:10.921000,84,,,
participant_30,4,day,Town10HD_Opt,2026-03-19 12:46:11.162669,103.23189544677734,-43.02293395996094,0.0021097182761877,33.022,-5.482,0.326,0.0,0,0,1,,0.934,2026-03-19T12:46:11.162669,neutral,0.757,2026-03-19T12:46:11.162669,0.5053963742999465,2026-03-19T12:46:11.910000,84,,,
participant_30,4,day,Town10HD_Opt,2026-03-19 12:46:12.058038,100.46843719482422,-47.94252014160156,0.0020978164393454,31.419,-4.501,0.328,0.0,0,0,1,,0.86,2026-03-19T12:46:12.058038,neutral,0.757,2026-03-19T12:46:11.162669,0.4974028163942189,2026-03-19T12:46:12.900000,86,,,
participant_30,4,day,Town10HD_Opt,2026-03-19 12:46:13.181912,96.05134582519533,-53.57670211791992,0.002019042847678,31.048,-4.818,0.531,0.0,0,0,1,,0.934,2026-03-19T12:46:13.181912,neutral,0.836,2026-03-19T12:46:13.181912,0.4763859494457501,2026-03-19T12:46:13.891000,88,,,
participant_30,4,day,Town10HD_Opt,2026-03-19 12:46:14.093756,91.89002990722656,-57.44722366333008,0.0019290542695671,34.493,-4.886,0.494,0.0,0,0,1,,0.814,2026-03-19T12:46:14.093756,neutral,0.836,2026-03-19T12:46:13.181912,0.5598829159509137,2026-03-19T12:46:14.925000,87,,,
participant_30,4,day,Town10HD_Opt,2026-03-19 12:46:15.015866,86.78764343261719,-61.00434494018555,0.001980056753382,36.663,-4.839,0.489,0.0,0,0,1,,0.854,2026-03-19T12:46:15.015866,neutral,0.836,2026-03-19T12:46:13.181912,0.5432247630396466,2026-03-19T12:46:15.915000,91,,,
participant_30,4,day,Town10HD_Opt,2026-03-19 12:46:16.196045,78.84988403320312,-64.6767578125,0.0020062637049704,38.462,-4.841,0.48,0.0,0,0,1,,0.877,2026-03-19T12:46:16.196045,neutral,0.745,2026-03-19T12:46:16.196045,0.5852290507184807,2026-03-19T12:46:16.906000,90,,,
participant_30,4,day,Town10HD_Opt,2026-03-19 12:46:17.037306,72.25634765625,-66.36837005615234,0.0020128630567342,39.51,-4.66,0.48,0.0,0,0,1,,1.0,2026-03-19T12:46:17.037306,neutral,0.745,2026-03-19T12:46:16.196045,0.4722432613482581,2026-03-19T12:46:16.906000,89,Stop sign violation,stop_sign_id=1200,
participant_30,4,day,Town10HD_Opt,2026-03-19 12:46:18.183186,62.94578552246094,-67.21733856201172,0.002013282617554,40.767,-0.978,0.48,0.0,0,0,1,,0.819,2026-03-19T12:46:18.183186,neutral,0.745,2026-03-19T12:46:16.196045,0.5506500776813388,2026-03-19T12:46:18.885000,86,,,
participant_30,4,day,Town10HD_Opt,2026-03-19 12:46:19.051509,55.74872589111328,-67.44524383544922,0.002016334561631,41.588,-0.698,0.48,0.0,0,0,1,,1.0,2026-03-19T12:46:19.051509,neutral,0.488,2026-03-19T12:46:19.051509,0.5098242394199566,2026-03-19T12:46:19.920000,88,,,
participant_30,4,day,Town10HD_Opt,2026-03-19 12:46:20.159185,45.94231414794922,-67.49436950683594,0.0020211411174386,42.508,-0.684,0.48,0.0,0,0,1,,1.0,2026-03-19T12:46:20.159185,neutral,0.488,2026-03-19T12:46:19.051509,0.5442133161816611,2026-03-19T12:46:20.910000,91,,,
participant_30,4,day,Town10HD_Opt,2026-03-19 12:46:21.023121,38.458683013916016,-67.32050323486328,0.0020239639561623,43.086,-0.289,0.48,0.0,0,0,1,,1.0,2026-03-19T12:46:21.023121,neutral,0.488,2026-03-19T12:46:19.051509,0.495713274654308,2026-03-19T12:46:20.910000,90,,,
participant_30,4,day,Town10HD_Opt,2026-03-19 12:46:22.170292,28.367172241210938,-66.99794006347656,0.0020823669619858,42.43,0.148,0.0,0.0,0,0,1,,1.0,2026-03-19T12:46:22.170292,disgust,0.816,2026-03-19T12:46:22.170292,0.4662742102742948,2026-03-19T12:46:22.890000,90,,,
participant_30,4,day,Town10HD_Opt,2026-03-19 12:46:23.082184,21.63541412353516,-66.8456802368164,0.0023292540572583,33.525,0.484,0.0,0.0,0,0,1,,1.0,2026-03-19T12:46:23.082184,disgust,0.816,2026-03-19T12:46:22.170292,0.4817847482182708,2026-03-19T12:46:23.880000,90,,,
participant_30,4,day,Town10HD_Opt,2026-03-19 12:46:24.247993,14.798044204711914,-66.83330535888672,0.002171134809032,26.12,0.562,0.22,0.0,0,0,1,,1.0,2026-03-19T12:46:24.247993,neutral,0.696,2026-03-19T12:46:24.247993,0.5616799894475676,2026-03-19T12:46:24.916000,87,,,
participant_30,4,day,Town10HD_Opt,2026-03-19 12:46:25.132024,10.450592041015623,-66.90597534179688,0.0021330642048269,23.361,0.27,0.218,0.0,0,0,1,,0.806,2026-03-19T12:46:25.132024,neutral,0.696,2026-03-19T12:46:24.247993,0.5399091685657535,2026-03-19T12:46:25.905000,85,,,
participant_30,4,day,Town10HD_Opt,2026-03-19 12:46:26.240686,5.35352897644043,-67.02861022949219,0.0021182631608098,20.2,0.31,0.218,0.0,0,0,1,,0.821,2026-03-19T12:46:26.240686,neutral,0.696,2026-03-19T12:46:24.247993,0.5272564402616833,2026-03-19T12:46:26.895000,86,,,
participant_30,4,day,Town10HD_Opt,2026-03-19 12:46:27.107710,1.985431432723999,-67.13326263427734,0.002109489403665,18.152,0.31,0.219,0.0,0,0,1,,1.0,2026-03-19T12:46:27.107710,neutral,0.826,2026-03-19T12:46:27.107710,0.5279658848087103,2026-03-19T12:46:27.885000,87,,,
participant_30,4,day,Town10HD_Opt,2026-03-19 12:46:28.191735,-2.220100164413452,-67.29378509521484,0.001856651273556,17.833,0.31,0.219,0.0,0,0,1,,0.889,2026-03-19T12:46:28.191735,neutral,0.826,2026-03-19T12:46:27.107710,0.5906074222200578,2026-03-19T12:46:28.920000,86,,,
participant_30,4,day,Town10HD_Opt,2026-03-19 12:46:29.079434,-5.291754245758057,-67.43140411376953,0.0019356155535206,17.27,0.287,0.219,0.0,0,0,1,,1.0,2026-03-19T12:46:29.079434,neutral,0.826,2026-03-19T12:46:27.107710,0.5755995357253747,2026-03-19T12:46:29.910000,87,,,
participant_30,4,day,Town10HD_Opt,2026-03-19 12:46:30.198610,-9.249777793884276,-67.6281509399414,0.0019324492895975,16.683,-0.36,0.217,0.0,0,0,1,,1.0,2026-03-19T12:46:30.198610,disgust,0.778,2026-03-19T12:46:30.198610,0.4609493356445108,2026-03-19T12:46:30.901000,88,,,
participant_30,4,day,Town10HD_Opt,2026-03-19 12:46:31.115356,-12.065512657165527,-67.73383331298828,0.0020073698833584,14.606,-0.632,0.0,0.0,0,0,1,,1.0,2026-03-19T12:46:31.115356,disgust,0.778,2026-03-19T12:46:30.198610,0.5805317788341933,2026-03-19T12:46:31.892000,88,,,
participant_30,4,day,Town10HD_Opt,2026-03-19 12:46:32.194141,-14.975505828857422,-67.82669067382812,0.0020170211791992,10.28,-0.169,0.0,0.0,0,0,1,,0.913,2026-03-19T12:46:32.194141,disgust,0.778,2026-03-19T12:46:30.198610,0.4998787371370091,2026-03-19T12:46:32.881000,86,,,
participant_30,4,day,Town10HD_Opt,2026-03-19 12:46:33.063228,-16.57384490966797,-67.87489318847656,0.0019887923263013,7.945,-0.186,0.0,0.0,0,0,1,,1.0,2026-03-19T12:46:33.063228,neutral,0.887,2026-03-19T12:46:33.063228,0.5046097320731371,2026-03-19T12:46:33.916000,87,,,
participant_30,4,day,Town10HD_Opt,2026-03-19 12:46:34.124993,-18.15187263488769,-67.91958618164062,0.0019697952084243,5.505,-0.209,0.0,0.0,0,0,1,,1.0,2026-03-19T12:46:34.124993,neutral,0.887,2026-03-19T12:46:33.063228,0.4751300700486489,2026-03-19T12:46:34.908000,85,,,
participant_30,4,day,Town10HD_Opt,2026-03-19 12:46:35.224998,-19.241661071777344,-67.94865417480469,0.001974792452529,3.54,-0.209,0.044,0.0,0,0,1,,0.83,2026-03-19T12:46:35.224998,neutral,0.841,2026-03-19T12:46:35.224998,0.5423636681246221,2026-03-19T12:46:35.897000,86,,,
participant_30,4,day,Town10HD_Opt,2026-03-19 12:46:36.087455,-19.7937126159668,-67.96278381347656,0.0019468306563794,2.691,-0.211,0.039,0.0,0,0,1,,0.826,2026-03-19T12:46:36.087455,neutral,0.841,2026-03-19T12:46:35.224998,0.5060895865400507,2026-03-19T12:46:36.886000,87,,,
participant_30,4,day,Town10HD_Opt,2026-03-19 12:46:37.189465,-20.3541202545166,-67.97667694091797,0.0019191360333934,2.372,-0.211,0.08,0.0,0,0,1,,1.0,2026-03-19T12:46:37.189465,neutral,0.841,2026-03-19T12:46:35.224998,0.4711847669743286,2026-03-19T12:46:37.920000,86,,,
participant_30,4,day,Town10HD_Opt,2026-03-19 12:46:38.025653,-20.755523681640625,-67.9863052368164,0.0019197082147002,2.388,-0.211,0.079,0.0,0,0,1,,1.0,2026-03-19T12:46:38.025653,neutral,0.772,2026-03-19T12:46:38.025653,0.4725075008608043,2026-03-19T12:46:37.920000,87,,,
participant_30,4,day,Town10HD_Opt,2026-03-19 12:46:39.144369,-21.278705596923828,-67.99905395507812,0.0019181059906259,2.359,-0.303,0.079,0.0,0,0,1,,1.0,2026-03-19T12:46:39.144369,neutral,0.772,2026-03-19T12:46:38.025653,0.4914607596198528,2026-03-19T12:46:39.946000,89,,,
participant_30,4,day,Town10HD_Opt,2026-03-19 12:46:40.215721,-22.338281631469727,-68.02104949951172,0.0014955520164221,13.303,-1.126,1.0,0.0,0,0,1,,1.0,2026-03-19T12:46:40.215721,neutral,0.3,2026-03-19T12:46:40.215721,0.4386145891268536,2026-03-19T12:46:40.891000,89,,,
participant_30,4,day,Town10HD_Opt,2026-03-19 12:46:41.095394,-25.638383865356445,-68.06746673583984,0.0016347122145816,26.5,-0.407,0.98,0.0,0,0,1,,1.0,2026-03-19T12:46:41.095394,neutral,0.3,2026-03-19T12:46:40.215721,0.4383078415306551,2026-03-19T12:46:41.926000,85,,,
participant_30,4,day,Town10HD_Opt,2026-03-19 12:46:42.162367,-33.98416519165039,-68.10005950927734,0.0016149901784956,45.254,-0.244,0.911,0.0,0,0,1,,1.0,2026-03-19T12:46:42.162367,neutral,0.3,2026-03-19T12:46:40.215721,0.4582675906397828,2026-03-19T12:46:42.917000,85,,,
participant_30,4,day,Town10HD_Opt,2026-03-19 12:46:43.252544,-45.44465637207031,-67.98456573486328,0.0027944182511419,48.173,-0.266,0.867,0.0,0,0,1,,1.0,2026-03-19T12:46:43.252544,neutral,0.712,2026-03-19T12:46:43.252544,0.4889010688150331,2026-03-19T12:46:43.906000,85,,,
participant_30,4,day,Town10HD_Opt,2026-03-19 12:46:44.124134,-54.19749069213867,-67.7772445678711,0.0021073913667351,48.688,-0.266,0.85,0.0,0,0,1,,1.0,2026-03-19T12:46:44.124134,neutral,0.712,2026-03-19T12:46:43.252544,0.5103074913377774,2026-03-19T12:46:44.896000,87,,,
participant_30,4,day,Town10HD_Opt,2026-03-19 12:46:44.987754,-62.92961120605469,-67.46438598632812,0.002148971427232,49.292,-1.619,0.835,0.0,0,0,1,,1.0,2026-03-19T12:46:44.987754,neutral,0.712,2026-03-19T12:46:43.252544,0.4360798379385251,2026-03-19T12:46:45.885000,86,,,
participant_30,4,day,Town10HD_Opt,2026-03-19 12:46:46.145278,-74.53531646728516,-66.25674438476562,0.001944770803675,51.313,-3.516,0.0,0.105,0,0,1,,1.0,2026-03-19T12:46:46.145278,neutral,0.83,2026-03-19T12:46:46.145278,0.3583113675795608,2026-03-19T12:46:46.920000,89,,,
participant_30,4,day,Town10HD_Opt,2026-03-19 12:46:47.044475,-82.96094512939453,-63.94218444824219,0.001926879864186,51.613,-5.78,0.0,0.122,0,0,1,,1.0,2026-03-19T12:46:47.044475,neutral,0.83,2026-03-19T12:46:46.145278,0.3398355190277445,2026-03-19T12:46:47.911000,90,,,
participant_30,4,day,Town10HD_Opt,2026-03-19 12:46:48.152923,-93.09765625,-58.106292724609375,0.0019272613571956,51.098,-4.365,0.0,0.11,0,0,1,,1.0,2026-03-19T12:46:48.152923,disgust,0.389,2026-03-19T12:46:48.152923,0.29478751700857,2026-03-19T12:46:48.901000,92,,,
participant_30,4,day,Town10HD_Opt,2026-03-19 12:46:49.220421,-101.35604095458984,-49.91871643066406,0.0021142195910215,49.494,-4.785,0.82,0.0,0,0,1,,1.0,2026-03-19T12:46:49.220421,disgust,0.389,2026-03-19T12:46:48.152923,0.3806897634452063,2026-03-19T12:46:49.891000,90,,,
participant_30,4,day,Town10HD_Opt,2026-03-19 12:46:50.073556,-106.00668334960938,-42.580326080322266,0.00202003470622,49.858,-4.804,0.184,0.0,0,0,1,,1.0,2026-03-19T12:46:50.073556,disgust,0.389,2026-03-19T12:46:48.152923,0.398176774739569,2026-03-19T12:46:50.881000,89,,,
participant_30,4,day,Town10HD_Opt,2026-03-19 12:46:51.187016,-109.42648315429688,-33.06348419189453,0.0023785019293427,35.518,-4.825,0.0,0.0,0,0,1,,0.846,2026-03-19T12:46:51.187016,sad,0.417,2026-03-19T12:46:51.187016,0.3372388939980009,2026-03-19T12:46:51.915000,90,,,
participant_30,4,day,Town10HD_Opt,2026-03-19 12:46:52.075024,-110.25020599365234,-27.5059757232666,0.0023054503835737,27.829,-3.747,0.067,0.0,0,0,1,,1.0,2026-03-19T12:46:52.075024,sad,0.417,2026-03-19T12:46:51.187016,0.4287256894332981,2026-03-19T12:46:52.905000,91,,,
participant_30,4,day,Town10HD_Opt,2026-03-19 12:46:53.249609,-110.44356536865234,-21.716476440429688,0.0019973753951489,25.117,-0.884,0.904,0.0,0,0,1,,1.0,2026-03-19T12:46:53.249609,neutral,0.851,2026-03-19T12:46:53.249609,0.3945497244601758,2026-03-19T12:46:53.896000,92,,,
participant_30,4,day,Town10HD_Opt,2026-03-19 12:46:54.209472,-110.44886779785156,-16.275657653808594,0.001602325355634,39.292,-0.153,0.909,0.0,0,0,1,,1.0,2026-03-19T12:46:54.209472,neutral,0.851,2026-03-19T12:46:53.249609,0.3567376040183336,2026-03-19T12:46:54.886000,90,,,
participant_30,4,day,Town10HD_Opt,2026-03-19 12:46:55.141051,-110.42290496826172,-8.558015823364258,0.0016574477776885,50.436,0.0,0.846,0.0,0,0,1,,1.0,2026-03-19T12:46:55.141051,neutral,0.851,2026-03-19T12:46:53.249609,0.4779548837842213,2026-03-19T12:46:55.965000,89,,,
participant_30,4,day,Town10HD_Opt,2026-03-19 12:46:56.076225,-110.38150787353516,0.129364475607872,0.0022981644142419,45.017,0.068,0.0,0.0,0,0,1,,1.0,2026-03-19T12:46:56.076225,disgust,0.803,2026-03-19T12:46:56.076225,0.3946348652541376,2026-03-19T12:46:56.911000,91,,,
participant_30,4,day,Town10HD_Opt,2026-03-19 12:46:57.028754,-110.18648529052734,7.164276599884033,0.0023678205907344,34.726,-7.979,0.0,0.0,0,0,1,,1.0,2026-03-19T12:46:57.028754,disgust,0.803,2026-03-19T12:46:56.076225,0.3482410079804112,2026-03-19T12:46:57.900000,93,,,
participant_30,4,day,Town10HD_Opt,2026-03-19 12:46:58.214613,-108.52227020263672,13.84768772125244,0.0023350142873823,24.215,-6.469,0.0,0.0,0,0,1,,0.82,2026-03-19T12:46:58.214613,neutral,0.834,2026-03-19T12:46:58.214613,0.3552635867244564,2026-03-19T12:46:58.891000,91,,,
participant_30,4,day,Town10HD_Opt,2026-03-19 12:46:59.228427,-106.89096069335938,17.23970603942871,0.002207298297435,18.926,-10.35,0.174,0.0,0,0,1,,0.855,2026-03-19T12:46:59.228427,neutral,0.834,2026-03-19T12:46:58.214613,0.3474915682251324,2026-03-19T12:46:59.926000,92,,,
participant_30,4,day,Town10HD_Opt,2026-03-19 12:47:00.189124,-105.00686645507812,19.79562187194824,0.0018829344771802,17.639,-10.49,0.158,0.0,0,0,1,,0.806,2026-03-19T12:47:00.189124,neutral,0.834,2026-03-19T12:46:58.214613,0.3304341951441128,2026-03-19T12:47:00.916000,91,,,
participant_30,4,day,Town10HD_Opt,2026-03-19 12:47:01.144698,-102.90584564208984,21.818681716918945,0.002007408067584,15.239,-10.451,0.0,0.0,0,0,1,,0.836,2026-03-19T12:47:01.144698,neutral,0.769,2026-03-19T12:47:01.144698,0.3563466667895497,2026-03-19T12:47:01.907000,90,,,
participant_30,4,day,Town10HD_Opt,2026-03-19 12:47:02.104470,-100.97574615478516,23.197900772094727,0.0020336913876235,11.725,-10.442,0.0,0.0,0,0,1,,1.0,2026-03-19T12:47:02.104470,neutral,0.769,2026-03-19T12:47:01.144698,0.4495842109815063,2026-03-19T12:47:02.896000,92,,,
participant_30,4,day,Town10HD_Opt,2026-03-19 12:47:03.072019,-99.4513931274414,24.03972625732422,0.002060470636934,7.634,-10.442,0.0,0.232,0,0,1,,1.0,2026-03-19T12:47:03.072019,neutral,0.769,2026-03-19T12:47:01.144698,0.3854050176693571,2026-03-19T12:47:03.886000,92,,,
participant_30,4,day,Town10HD_Opt,2026-03-19 12:47:04.032843,-98.81804656982422,24.33336639404297,0.0021656798198819,0.001,-10.442,0.0,0.21,0,0,1,,0.836,2026-03-19T12:47:04.032843,neutral,0.812,2026-03-19T12:47:04.032843,0.4158704158284419,2026-03-19T12:47:04.920000,93,,,
participant_30,4,day,Town10HD_Opt,2026-03-19 12:47:05.050151,-98.81776428222656,24.33345603942871,0.0019286727765575,0.001,-10.442,0.0,0.0,0,0,1,,1.0,2026-03-19T12:47:05.050151,neutral,0.812,2026-03-19T12:47:04.032843,0.3624541790384074,2026-03-19T12:47:05.911000,92,,,
participant_30,4,day,Town10HD_Opt,2026-03-19 12:47:06.028368,-98.81704711914062,24.333784103393555,0.0019144057296216,0.476,-10.461,0.823,0.0,0,0,1,,1.0,2026-03-19T12:47:06.028368,neutral,0.812,2026-03-19T12:47:04.032843,0.3349143924970509,2026-03-19T12:47:06.901000,91,,,
participant_30,4,day,Town10HD_Opt,2026-03-19 12:47:07.001089,-97.72682189941406,24.76144218444824,0.0014048767043277,15.464,-11.243,1.0,0.0,0,0,1,,1.0,2026-03-19T12:47:07.001089,neutral,0.853,2026-03-19T12:47:07.001089,0.3477942829325715,2026-03-19T12:47:07.891000,93,,,
participant_30,4,day,Town10HD_Opt,2026-03-19 12:47:08.276555,-92.6659164428711,26.166566848754883,0.0018288802821189,27.838,-2.607,0.502,0.0,0,0,1,,0.892,2026-03-19T12:47:08.276555,neutral,0.853,2026-03-19T12:47:07.001089,0.3590000245581483,2026-03-19T12:47:08.925000,92,,,
participant_30,4,day,Town10HD_Opt,2026-03-19 12:47:09.218405,-87.6161880493164,27.13795280456543,0.0019355010008439,31.151,-2.906,0.515,0.0,0,0,1,,0.897,2026-03-19T12:47:09.218405,neutral,0.325,2026-03-19T12:47:09.218405,0.3365117933288456,2026-03-19T12:47:09.916000,97,,,
participant_30,4,day,Town10HD_Opt,2026-03-19 12:47:10.174499,-81.97632598876953,27.794395446777344,0.0019850158132612,33.139,-2.372,0.0,0.0,0,0,1,,1.0,2026-03-19T12:47:10.174499,neutral,0.325,2026-03-19T12:47:09.218405,0.4130030478048507,2026-03-19T12:47:10.906000,94,,,
participant_30,4,day,Town10HD_Opt,2026-03-19 12:47:11.097694,-76.71068572998047,28.06521224975586,0.0022735595703125,26.073,-2.283,0.0,0.22,0,0,1,,1.0,2026-03-19T12:47:11.097694,neutral,0.325,2026-03-19T12:47:09.218405,0.306014657960333,2026-03-19T12:47:11.896000,96,,,
participant_30,4,day,Town10HD_Opt,2026-03-19 12:47:12.058291,-72.79254913330078,28.06182098388672,0.0022995376493781,18.046,-1.093,0.0,0.229,0,0,1,,1.0,2026-03-19T12:47:12.058291,neutral,0.875,2026-03-19T12:47:12.058291,0.3728716743046328,2026-03-19T12:47:12.886000,97,,,
participant_30,4,day,Town10HD_Opt,2026-03-19 12:47:12.991558,-70.08612823486328,28.01803207397461,0.0020908354781568,12.466,0.602,0.0,0.23,0,0,1,,1.0,2026-03-19T12:47:12.991558,neutral,0.875,2026-03-19T12:47:12.058291,0.371007365803839,2026-03-19T12:47:12.886000,98,,,
participant_30,4,day,Town10HD_Opt,2026-03-19 12:47:14.197931,-67.84396362304688,27.999467849731445,0.0020580291748046,6.531,0.049,0.0,0.241,0,0,1,,0.81,2026-03-19T12:47:14.197931,neutral,0.748,2026-03-19T12:47:14.197931,0.4105198046637529,2026-03-19T12:47:14.911000,98,,,
participant_30,4,day,Town10HD_Opt,2026-03-19 12:47:15.135797,-67.45134735107422,27.995492935180664,0.0020220566075295,0.0,0.035,0.0,0.239,0,0,1,,0.809,2026-03-19T12:47:15.135797,neutral,0.748,2026-03-19T12:47:14.197931,0.3451105741258735,2026-03-19T12:47:15.901000,97,,,
participant_30,4,day,Town10HD_Opt,2026-03-19 12:47:16.097090,-67.45096588134766,27.99549102783203,0.0019232940394431,0.003,-0.002,0.0,0.0,0,0,1,,0.863,2026-03-19T12:47:16.097090,neutral,0.748,2026-03-19T12:47:14.197931,0.4050060554419671,2026-03-19T12:47:16.892000,95,,,
participant_30,4,day,Town10HD_Opt,2026-03-19 12:47:16.994119,-67.45068359375,27.99549102783203,0.0019192504696547,0.0,0.157,0.0,0.0,0,0,1,,1.0,2026-03-19T12:47:16.994119,neutral,0.839,2026-03-19T12:47:16.994119,0.3734838703581693,2026-03-19T12:47:16.892000,95,,,
participant_30,4,day,Town10HD_Opt,2026-03-19 12:47:18.219476,-67.45057678222656,27.99549102783203,0.0019190978491678,0.0,0.07,0.0,0.0,0,0,1,,1.0,2026-03-19T12:47:18.219476,neutral,0.839,2026-03-19T12:47:16.994119,0.4315457768198231,2026-03-19T12:47:18.916000,93,,,
participant_30,4,day,Town10HD_Opt,2026-03-19 12:47:19.079550,-67.45059204101562,27.99549102783203,0.001919021597132,0.006,0.042,0.0,0.0,0,0,1,,1.0,2026-03-19T12:47:19.079550,disgust,0.627,2026-03-19T12:47:19.079550,0.420132280411853,2026-03-19T12:47:19.906000,92,,,
participant_30,4,day,Town10HD_Opt,2026-03-19 12:47:20.011868,-67.45063018798828,27.99549102783203,0.0019188689766451,0.006,-0.073,0.0,0.0,0,0,1,,1.0,2026-03-19T12:47:20.011868,disgust,0.627,2026-03-19T12:47:19.079550,0.3809281036849462,2026-03-19T12:47:20.896000,92,,,
participant_30,4,day,Town10HD_Opt,2026-03-19 12:47:21.179491,-67.45050048828125,27.99549102783203,0.0019188689766451,0.006,-0.106,0.0,0.0,0,0,1,,1.0,2026-03-19T12:47:21.179491,neutral,0.915,2026-03-19T12:47:21.179491,0.4402869870276043,2026-03-19T12:47:21.886000,90,,,
participant_30,4,day,Town10HD_Opt,2026-03-19 12:47:22.159894,-67.45038604736328,27.99549102783203,0.0019191360333934,0.002,-0.268,0.0,0.0,0,0,1,,1.0,2026-03-19T12:47:22.159894,neutral,0.915,2026-03-19T12:47:21.179491,0.3981502843453993,2026-03-19T12:47:22.921000,92,,,
participant_30,4,day,Town10HD_Opt,2026-03-19 12:47:23.068809,-67.45016479492188,27.99549102783203,0.0019193649059161,0.001,-0.449,0.0,0.0,0,0,1,,1.0,2026-03-19T12:47:23.068809,neutral,0.915,2026-03-19T12:47:21.179491,0.4382354957409161,2026-03-19T12:47:23.911000,95,,,
participant_30,4,day,Town10HD_Opt,2026-03-19 12:47:24.247049,-67.45006561279297,27.99549102783203,0.0019193267216905,0.001,-0.463,0.0,0.0,0,0,1,,1.0,2026-03-19T12:47:24.247049,neutral,0.66,2026-03-19T12:47:24.247049,0.3943405198928977,2026-03-19T12:47:24.902000,93,,,
participant_30,4,day,Town10HD_Opt,2026-03-19 12:47:25.155420,-67.4499282836914,27.99549102783203,0.0019190596649423,0.006,-0.463,0.0,0.0,0,0,1,,1.0,2026-03-19T12:47:25.155420,neutral,0.66,2026-03-19T12:47:24.247049,0.4402915390315066,2026-03-19T12:47:25.891000,91,,,
participant_30,4,day,Town10HD_Opt,2026-03-19 12:47:26.058022,-67.4499740600586,27.99549102783203,0.0019188689766451,0.006,-0.463,0.0,0.0,0,0,1,,1.0,2026-03-19T12:47:26.058022,neutral,0.66,2026-03-19T12:47:24.247049,0.390713900563212,2026-03-19T12:47:26.926000,93,,,
participant_30,4,day,Town10HD_Opt,2026-03-19 12:47:27.186649,-67.44984436035156,27.99549102783203,0.0019189071608707,0.006,-0.463,0.0,0.0,0,0,1,,1.0,2026-03-19T12:47:27.186649,neutral,0.832,2026-03-19T12:47:27.186649,0.3911325575939471,2026-03-19T12:47:27.917000,91,,,
participant_30,4,day,Town10HD_Opt,2026-03-19 12:47:28.046831,-67.4498291015625,27.99549102783203,0.0019190978491678,0.002,-0.461,0.0,0.0,0,0,1,,1.0,2026-03-19T12:47:28.046831,neutral,0.832,2026-03-19T12:47:27.186649,0.4521036028869159,2026-03-19T12:47:27.917000,90,,,
participant_30,4,day,Town10HD_Opt,2026-03-19 12:47:29.148973,-67.44971466064453,27.99549102783203,0.0019190978491678,0.002,-0.461,0.0,0.0,0,0,1,,1.0,2026-03-19T12:47:29.148973,neutral,0.832,2026-03-19T12:47:27.186649,0.4923491011116734,2026-03-19T12:47:29.941000,86,,,
participant_30,4,day,Town10HD_Opt,2026-03-19 12:47:30.014343,-67.44952392578125,27.99549102783203,0.0019192504696547,0.002,-0.451,0.0,0.0,0,0,1,,1.0,2026-03-19T12:47:30.014343,neutral,0.771,2026-03-19T12:47:30.014343,0.4603321268552668,2026-03-19T12:47:30.931000,88,,,
participant_30,4,day,Town10HD_Opt,2026-03-19 12:47:31.237918,-67.44941711425781,27.99549102783203,0.0019192122854292,0.002,-0.451,0.0,0.0,0,0,1,,1.0,2026-03-19T12:47:31.237918,neutral,0.771,2026-03-19T12:47:30.014343,0.4475000249174965,2026-03-19T12:47:31.921000,87,,,
participant_30,4,day,Town10HD_Opt,2026-03-19 12:47:32.130010,-67.44917297363281,27.995492935180664,0.0019190978491678,0.001,-0.451,0.0,0.0,0,0,1,,1.0,2026-03-19T12:47:32.130010,neutral,0.846,2026-03-19T12:47:32.130010,0.3753680483325272,2026-03-19T12:47:32.911000,89,,,
participant_30,4,day,Town10HD_Opt,2026-03-19 12:47:33.035799,-67.44918060302734,27.995492935180664,0.0019189834129065,0.006,-0.414,0.0,0.0,0,0,1,,1.0,2026-03-19T12:47:33.035799,neutral,0.846,2026-03-19T12:47:32.130010,0.4000465823481463,2026-03-19T12:47:33.902000,88,,,
participant_30,4,day,Town10HD_Opt,2026-03-19 12:47:34.200151,-67.44905090332031,27.995492935180664,0.001919021597132,0.006,-0.395,0.0,0.0,0,0,1,,1.0,2026-03-19T12:47:34.200151,disgust,0.742,2026-03-19T12:47:34.200151,0.4267320469110148,2026-03-19T12:47:34.891000,89,,,
participant_30,4,day,Town10HD_Opt,2026-03-19 12:47:35.147052,-67.4490966796875,27.995492935180664,0.0019188307924196,0.006,-0.395,0.0,0.0,0,0,1,,1.0,2026-03-19T12:47:35.147052,disgust,0.742,2026-03-19T12:47:34.200151,0.4335590036847246,2026-03-19T12:47:35.926000,87,,,
participant_30,4,day,Town10HD_Opt,2026-03-19 12:47:36.089063,-67.44898223876953,27.995492935180664,0.0019191741012036,0.002,-0.395,0.0,0.0,0,0,1,,1.0,2026-03-19T12:47:36.089063,disgust,0.742,2026-03-19T12:47:34.200151,0.4788802487442541,2026-03-19T12:47:36.916000,89,,,
participant_30,4,day,Town10HD_Opt,2026-03-19 12:47:36.987853,-67.44876098632812,27.995492935180664,0.0019193649059161,0.001,-0.395,0.0,0.0,0,0,1,,1.0,2026-03-19T12:47:36.987853,neutral,0.747,2026-03-19T12:47:36.987853,0.4587061932712222,2026-03-19T12:47:37.907000,91,,,
participant_30,4,day,Town10HD_Opt,2026-03-19 12:47:38.203737,-67.44866180419922,27.995492935180664,0.0019193267216905,0.001,-0.395,0.0,0.0,0,0,1,,1.0,2026-03-19T12:47:38.203737,neutral,0.747,2026-03-19T12:47:36.987853,0.5588377162670504,2026-03-19T12:47:38.896000,88,,,
participant_30,4,day,Town10HD_Opt,2026-03-19 12:47:39.111340,-67.44852447509766,27.995492935180664,0.0019190596649423,0.006,-0.388,0.0,0.0,0,0,1,,1.0,2026-03-19T12:47:39.111340,disgust,0.391,2026-03-19T12:47:39.111340,0.4392011276916189,2026-03-19T12:47:39.976000,89,,,
participant_30,4,day,Town10HD_Opt,2026-03-19 12:47:40.052635,-67.44857025146484,27.995492935180664,0.0019188689766451,0.138,-0.388,0.138,0.0,0,0,1,,1.0,2026-03-19T12:47:40.052635,disgust,0.391,2026-03-19T12:47:39.111340,0.4938340909971698,2026-03-19T12:47:40.921000,88,,,
participant_30,4,day,Town10HD_Opt,2026-03-19 12:47:41.044145,-66.77081298828125,27.98737335205078,0.0014355087187141,12.01,-0.374,1.0,0.0,0,0,1,,1.0,2026-03-19T12:47:41.044145,disgust,0.391,2026-03-19T12:47:39.111340,0.4744407123367379,2026-03-19T12:47:41.911000,89,,,
participant_30,4,day,Town10HD_Opt,2026-03-19 12:47:42.035136,-63.51765060424805,27.951549530029297,0.0016410826938226,26.242,0.663,0.989,0.0,0,0,1,,1.0,2026-03-19T12:47:42.035136,neutral,0.757,2026-03-19T12:47:42.035136,0.4474736951156622,2026-03-19T12:47:42.902000,89,,,
participant_30,4,day,Town10HD_Opt,2026-03-19 12:47:43.243027,-55.09164047241211,27.92442512512207,0.001574134803377,46.442,0.157,0.942,0.0,0,0,1,,1.0,2026-03-19T12:47:43.243027,neutral,0.757,2026-03-19T12:47:42.035136,0.5666100446923072,2026-03-19T12:47:43.893000,88,,,
participant_30,4,day,Town10HD_Opt,2026-03-19 12:47:44.125835,-46.3398666381836,27.94772148132324,0.002159004099667,48.434,0.367,0.91,0.0,0,0,1,,1.0,2026-03-19T12:47:44.125835,neutral,0.788,2026-03-19T12:47:44.125835,0.5408900296267244,2026-03-19T12:47:44.926000,88,,,
participant_30,4,day,Town10HD_Opt,2026-03-19 12:47:45.033362,-37.58712387084961,28.090538024902344,0.0020802689250558,49.535,-0.164,0.899,0.0,0,0,1,,1.0,2026-03-19T12:47:45.033362,neutral,0.788,2026-03-19T12:47:44.125835,0.4518940851550227,2026-03-19T12:47:45.916000,89,,,
participant_30,4,day,Town10HD_Opt,2026-03-19 12:47:46.172150,-25.8581657409668,28.263900756835938,0.0022165297996252,48.213,-0.148,0.881,0.0,0,0,1,,0.81,2026-03-19T12:47:46.172150,neutral,0.533,2026-03-19T12:47:46.172150,0.5037329268150706,2026-03-19T12:47:46.906000,91,,,
participant_30,4,day,Town10HD_Opt,2026-03-19 12:47:47.041139,-17.13397216796875,28.327192306518555,0.0020914839114993,49.275,-0.141,0.873,0.0,0,0,1,,1.0,2026-03-19T12:47:47.041139,neutral,0.533,2026-03-19T12:47:46.172150,0.5731658142744562,2026-03-19T12:47:47.942000,90,,,
participant_30,4,day,Town10HD_Opt,2026-03-19 12:47:48.145334,-5.538365364074707,28.3308048248291,0.0021257400512695,49.15,-0.141,0.84,0.0,0,0,1,,1.0,2026-03-19T12:47:48.145334,neutral,0.533,2026-03-19T12:47:46.172150,0.6210236630593026,2026-03-19T12:47:48.931000,88,,,
participant_30,4,day,Town10HD_Opt,2026-03-19 12:47:49.016928,3.044560432434082,28.27477264404297,0.0022521971259266,45.126,-0.101,0.08,0.0,0,0,1,,1.0,2026-03-19T12:47:49.016928,neutral,0.801,2026-03-19T12:47:49.016928,0.5002207651038929,2026-03-19T12:47:49.922000,88,,,
participant_30,4,day,Town10HD_Opt,2026-03-19 12:47:50.185808,12.276952743530272,28.173173904418945,0.0023366163950413,32.959,0.068,0.027,0.0,0,0,1,,1.0,2026-03-19T12:47:50.185808,neutral,0.801,2026-03-19T12:47:49.016928,0.6032887299012788,2026-03-19T12:47:50.911000,89,,,
participant_30,4,day,Town10HD_Opt,2026-03-19 12:47:51.073562,17.460540771484375,28.123708724975582,0.0022537230979651,26.183,0.127,0.227,0.0,0,0,1,,1.0,2026-03-19T12:47:51.073562,neutral,0.832,2026-03-19T12:47:51.073562,0.5982952656250762,2026-03-19T12:47:51.901000,86,,,
participant_30,4,day,Town10HD_Opt,2026-03-19 12:47:52.211705,23.17502212524414,28.09251594543457,0.0021075438708066,23.042,0.442,0.295,0.0,0,0,1,,1.0,2026-03-19T12:47:52.211705,neutral,0.832,2026-03-19T12:47:51.073562,0.5384774361902086,2026-03-19T12:47:52.891000,88,,,
participant_30,4,day,Town10HD_Opt,2026-03-19 12:47:53.091668,27.16845893859864,28.19103240966797,0.0020302962511777,23.108,4.282,0.411,0.0,0,0,1,,0.852,2026-03-19T12:47:53.091668,neutral,0.677,2026-03-19T12:47:53.091668,0.5171716303968726,2026-03-19T12:47:53.927000,88,,,
participant_30,4,day,Town10HD_Opt,2026-03-19 12:47:54.247561,32.64247131347656,29.12192344665528,0.0020623779855668,23.855,10.812,0.18,0.0,0,0,1,,1.0,2026-03-19T12:47:54.247561,neutral,0.677,2026-03-19T12:47:53.091668,0.4877321935059569,2026-03-19T12:47:54.916000,86,,,
participant_30,4,day,Town10HD_Opt,2026-03-19 12:47:55.150889,36.13578414916992,30.83400154113769,0.0021691131405532,20.764,21.811,0.353,0.0,0,0,1,,0.863,2026-03-19T12:47:55.150889,neutral,0.678,2026-03-19T12:47:55.150889,0.5834559371470946,2026-03-19T12:47:55.907000,87,,,
participant_30,4,day,Town10HD_Opt,2026-03-19 12:47:56.011932,38.42826843261719,33.739349365234375,0.0019387054489925,24.286,26.619,0.649,0.0,0,0,1,,1.0,2026-03-19T12:47:56.011932,neutral,0.678,2026-03-19T12:47:55.150889,0.5219432151692047,2026-03-19T12:47:56.896000,86,,,
participant_30,4,day,Town10HD_Opt,2026-03-19 12:47:57.126754,39.71278381347656,39.91453170776367,0.0021220778580754,26.686,-2.732,0.0,0.0,0,0,1,,0.92,2026-03-19T12:47:57.126754,neutral,0.678,2026-03-19T12:47:55.150889,0.5433519380513615,2026-03-19T12:47:57.932000,85,,,
participant_30,4,day,Town10HD_Opt,2026-03-19 12:47:58.050093,40.38682174682617,44.00396728515625,0.0022628020960837,19.964,5.609,0.0,0.161,0,0,1,,0.887,2026-03-19T12:47:58.050093,neutral,0.686,2026-03-19T12:47:58.050093,0.5836907883359189,2026-03-19T12:47:57.932000,87,,,
participant_30,4,day,Town10HD_Opt,2026-03-19 12:47:59.189133,40.61831283569336,47.85037612915039,0.0020634841639548,13.158,4.527,0.0,0.089,0,0,1,,0.901,2026-03-19T12:47:59.189133,neutral,0.686,2026-03-19T12:47:58.050093,0.5599703204597972,2026-03-19T12:47:59.911000,84,,,
participant_30,4,day,Town10HD_Opt,2026-03-19 12:48:00.000538,40.6002197265625,49.84638977050781,0.0020386122632771,9.415,2.017,0.0,0.094,0,0,1,,0.851,2026-03-19T12:48:00.000538,neutral,0.686,2026-03-19T12:47:58.050093,0.4868986180929108,2026-03-19T12:48:00.901000,84,,,
participant_30,4,day,Town10HD_Opt,2026-03-19 12:48:01.150682,40.59864044189453,51.59299850463867,0.0020112991333007,5.428,-0.771,0.0,0.095,0,0,1,,1.0,2026-03-19T12:48:01.150682,angry,0.515,2026-03-19T12:48:01.150682,0.5170138067354685,2026-03-19T12:48:01.892000,86,,,
participant_30,4,day,Town10HD_Opt,2026-03-19 12:48:02.228761,40.59919738769531,51.74951934814453,0.0019359969301149,0.001,-0.637,0.0,0.0,0,0,1,,0.842,2026-03-19T12:48:02.228761,angry,0.515,2026-03-19T12:48:01.150682,0.4879549816701824,2026-03-19T12:48:02.972000,85,,,
participant_30,4,day,Town10HD_Opt,2026-03-19 12:48:03.075830,40.59919738769531,51.74956893920898,0.0019199752714484,0.001,-0.623,0.0,0.0,0,0,1,,0.858,2026-03-19T12:48:03.075830,angry,0.515,2026-03-19T12:48:01.150682,0.5521204485922233,2026-03-19T12:48:03.916000,84,,,
participant_30,4,day,Town10HD_Opt,2026-03-19 12:48:04.147323,40.59919738769531,51.74967193603516,0.001919288537465,0.002,-0.609,0.0,0.0,0,0,1,,0.84,2026-03-19T12:48:04.147323,neutral,0.406,2026-03-19T12:48:04.147323,0.5549257278217142,2026-03-19T12:48:04.906000,89,,,
participant_30,4,day,Town10HD_Opt,2026-03-19 12:48:05.020951,40.599266052246094,51.75908660888672,0.0019170378800481,0.257,-0.583,0.437,0.0,0,0,1,,0.813,2026-03-19T12:48:05.020951,neutral,0.406,2026-03-19T12:48:04.147323,0.526206463116496,2026-03-19T12:48:05.896000,89,,,
participant_30,4,day,Town10HD_Opt,2026-03-19 12:48:06.146830,40.61738204956055,53.624305725097656,0.0014182281447574,18.755,-0.726,0.929,0.0,0,0,1,,1.0,2026-03-19T12:48:06.146830,neutral,0.406,2026-03-19T12:48:04.147323,0.4631066678121817,2026-03-19T12:48:06.932000,89,,,errors=Stop sign violation
participant_30,4,day,Town10HD_Opt,2026-03-19 12:48:06.987558,40.79428482055664,57.6837158203125,0.0017106246668845,28.693,-7.271,0.68,0.0,0,0,1,,0.845,2026-03-19T12:48:06.987558,neutral,0.731,2026-03-19T12:48:06.987558,0.5840657721526885,2026-03-19T12:48:06.932000,88,,,
participant_30,4,day,Town10HD_Opt,2026-03-19 12:48:08.053838,42.87718200683594,64.6442642211914,0.002003707922995,32.921,-14.237,0.476,0.0,0,0,1,,0.843,2026-03-19T12:48:08.053838,neutral,0.731,2026-03-19T12:48:06.987558,0.5117975654800511,2026-03-19T12:48:08.911000,91,,,
participant_30,4,day,Town10HD_Opt,2026-03-19 12:48:09.108615,48.47679901123047,69.91735076904297,0.0020814132876694,33.628,-16.731,0.254,0.0,0,0,1,,1.0,2026-03-19T12:48:09.108615,neutral,0.585,2026-03-19T12:48:09.108615,0.5200380478784195,2026-03-19T12:48:09.902000,91,,,
participant_30,4,day,Town10HD_Opt,2026-03-19 12:48:10.192551,55.30108642578125,71.08908081054688,0.0023018645588308,25.014,-6.706,0.0,0.0,0,0,1,,1.0,2026-03-19T12:48:10.192551,neutral,0.585,2026-03-19T12:48:09.108615,0.5333867375988369,2026-03-19T12:48:10.892000,92,,,
participant_30,4,day,Town10HD_Opt,2026-03-19 12:48:11.026026,59.235931396484375,70.7127456665039,0.0021530149970203,20.787,1.102,0.313,0.0,0,0,1,,1.0,2026-03-19T12:48:11.026026,neutral,0.585,2026-03-19T12:48:09.108615,0.5787428459958417,2026-03-19T12:48:11.926000,91,,,
participant_30,4,day,Town10HD_Opt,2026-03-19 12:48:12.087468,64.08033752441406,70.34443664550781,0.0019847105722874,21.767,0.947,0.307,0.0,0,0,1,,1.0,2026-03-19T12:48:12.087468,neutral,0.503,2026-03-19T12:48:12.087468,0.5985097077033357,2026-03-19T12:48:12.917000,93,,,
participant_30,4,day,Town10HD_Opt,2026-03-19 12:48:13.216369,69.33792877197266,70.12712097167969,0.0019056319724768,25.055,1.577,0.585,0.0,0,0,1,,1.0,2026-03-19T12:48:13.216369,neutral,0.503,2026-03-19T12:48:12.087468,0.5835595749326419,2026-03-19T12:48:13.907000,92,,,
participant_30,4,day,Town10HD_Opt,2026-03-19 12:48:14.086271,74.4378662109375,70.09188842773438,0.0016482543433085,35.683,0.465,0.868,0.0,0,0,1,,1.0,2026-03-19T12:48:14.086271,neutral,0.503,2026-03-19T12:48:12.087468,0.5570515717964424,2026-03-19T12:48:14.897000,90,,,
participant_30,4,day,Town10HD_Opt,2026-03-19 12:48:15.209829,84.39671325683594,70.16127014160156,0.0017089080065488,49.76,0.284,0.174,0.0,0,0,1,,0.879,2026-03-19T12:48:15.209829,neutral,0.702,2026-03-19T12:48:15.209829,0.5145207580602691,2026-03-19T12:48:15.932000,89,,,
participant_30,4,day,Town10HD_Opt,2026-03-19 12:48:16.046930,92.52284240722656,70.67157745361328,0.0023846053518354,40.662,12.869,0.0,0.0,0,0,1,,1.0,2026-03-19T12:48:16.046930,neutral,0.702,2026-03-19T12:48:15.209829,0.648029018396218,2026-03-19T12:48:16.921000,91,,,
participant_30,4,day,Town10HD_Opt,2026-03-19 12:48:17.121921,98.979248046875,74.74761962890625,0.0024179839529097,27.152,26.324,0.111,0.0,0,0,1,,0.85,2026-03-19T12:48:17.121921,neutral,0.702,2026-03-19T12:48:15.209829,0.5883618308522188,2026-03-19T12:48:17.912000,91,,,
participant_30,4,day,Town10HD_Opt,2026-03-19 12:48:18.006400,100.16167449951172,79.05223846435547,0.0020555495284497,26.404,11.735,0.519,0.0,0,0,1,,0.876,2026-03-19T12:48:18.006400,neutral,0.66,2026-03-19T12:48:18.006400,0.5737181707380076,2026-03-19T12:48:17.912000,92,,,
participant_30,4,day,Town10HD_Opt,2026-03-19 12:48:19.112392,100.37252807617188,86.3206558227539,0.0016176223289221,39.778,1.989,0.941,0.0,0,0,1,,0.84,2026-03-19T12:48:19.112392,neutral,0.66,2026-03-19T12:48:18.006400,0.5934696758158055,2026-03-19T12:48:19.982000,91,,,
participant_30,4,day,Town10HD_Opt,2026-03-19 12:48:20.191337,99.58689880371094,97.00057220458984,0.0019532011356204,48.91,4.551,0.422,0.0,0,0,1,,1.0,2026-03-19T12:48:20.191337,neutral,0.637,2026-03-19T12:48:20.191337,0.5408575081279892,2026-03-19T12:48:20.926000,90,,,
participant_30,4,day,Town10HD_Opt,2026-03-19 12:48:21.022555,97.41127014160156,105.1198501586914,0.0021046064794063,46.942,4.924,0.416,0.0,0,0,1,,1.0,2026-03-19T12:48:21.022555,neutral,0.637,2026-03-19T12:48:20.191337,0.5101027194869941,2026-03-19T12:48:21.916000,89,,,
participant_30,4,day,Town10HD_Opt,2026-03-19 12:48:22.115194,92.45632934570312,114.5903778076172,0.0021010206546634,44.709,3.49,0.411,0.0,0,0,1,,0.883,2026-03-19T12:48:22.115194,neutral,0.637,2026-03-19T12:48:20.191337,0.4912914063210772,2026-03-19T12:48:22.906000,90,,,
participant_30,4,day,Town10HD_Opt,2026-03-19 12:48:23.231993,85.91512298583984,122.407470703125,0.0020941160619258,42.737,6.08,0.411,0.0,0,0,1,,1.0,2026-03-19T12:48:23.231993,neutral,0.824,2026-03-19T12:48:23.231993,0.513828241018804,2026-03-19T12:48:23.897000,90,,,
participant_30,4,day,Town10HD_Opt,2026-03-19 12:48:24.065859,80.03003692626953,126.82511138916016,0.002091102534905,41.452,6.687,0.411,0.0,0,0,1,,0.897,2026-03-19T12:48:24.065859,neutral,0.824,2026-03-19T12:48:23.231993,0.5302768174098581,2026-03-19T12:48:24.977000,90,,,
participant_30,4,day,Town10HD_Opt,2026-03-19 12:48:25.153317,71.22933197021484,130.3314666748047,0.0020714949350804,40.045,6.343,0.411,0.0,0,0,1,,0.803,2026-03-19T12:48:25.153317,neutral,0.824,2026-03-19T12:48:23.231993,0.4554440370346344,2026-03-19T12:48:25.922000,92,,,
participant_30,4,day,Town10HD_Opt,2026-03-19 12:48:26.022713,64.3576431274414,131.23150634765625,0.0020726395305246,39.254,3.702,0.411,0.0,0,0,1,,0.911,2026-03-19T12:48:26.022713,neutral,0.703,2026-03-19T12:48:26.022713,0.5111071728399081,2026-03-19T12:48:26.912000,94,,,
participant_30,4,day,Town10HD_Opt,2026-03-19 12:48:27.182121,55.28429412841797,131.3521728515625,0.0020606995094567,38.501,0.153,0.411,0.0,0,0,1,,0.835,2026-03-19T12:48:27.182121,neutral,0.703,2026-03-19T12:48:26.022713,0.5246063333750495,2026-03-19T12:48:27.902000,91,,,
participant_30,4,day,Town10HD_Opt,2026-03-19 12:48:28.034584,48.58534622192383,131.31790161132812,0.0020580673590302,38.027,0.2,0.411,0.0,0,0,1,,1.0,2026-03-19T12:48:28.034584,happy,0.842,2026-03-19T12:48:28.034584,0.5252642097944039,2026-03-19T12:48:28.892000,94,,,
participant_30,4,day,Town10HD_Opt,2026-03-19 12:48:29.193465,39.7724494934082,131.20086669921875,0.0020553588401526,37.498,0.19,0.411,0.0,0,0,1,,0.804,2026-03-19T12:48:29.193465,happy,0.842,2026-03-19T12:48:28.034584,0.5018762740258442,2026-03-19T12:48:29.927000,95,,,
participant_30,4,day,Town10HD_Opt,2026-03-19 12:48:30.109688,33.2384147644043,131.08045959472656,0.0020536039955914,37.166,0.176,0.411,0.0,0,0,1,,1.0,2026-03-19T12:48:30.109688,neutral,0.482,2026-03-19T12:48:30.109688,0.4408318616368227,2026-03-19T12:48:30.917000,97,,,
participant_30,4,day,Town10HD_Opt,2026-03-19 12:48:31.030416,26.75946044921875,130.927001953125,0.0020520400721579,36.88,-0.092,0.411,0.0,0,0,1,,1.0,2026-03-19T12:48:31.030416,neutral,0.482,2026-03-19T12:48:30.109688,0.4797306687460355,2026-03-19T12:48:31.907000,96,,,
participant_30,4,day,Town10HD_Opt,2026-03-19 12:48:32.162683,18.19202041625977,130.75439453125,0.0020505141001194,36.546,0.007,0.411,0.0,0,0,1,,1.0,2026-03-19T12:48:32.162683,neutral,0.316,2026-03-19T12:48:32.162683,0.4182105277166651,2026-03-19T12:48:32.897000,94,,,
participant_30,4,day,Town10HD_Opt,2026-03-19 12:48:33.023603,11.811529159545898,130.6503143310547,0.0020494842901825,36.357,-0.052,0.411,0.0,0,0,1,,1.0,2026-03-19T12:48:33.023603,neutral,0.316,2026-03-19T12:48:32.162683,0.5158215982954688,2026-03-19T12:48:33.931000,93,,,
participant_30,4,day,Town10HD_Opt,2026-03-19 12:48:34.188210,3.699318170547485,130.53402709960938,0.0022764967288821,29.83,-0.056,0.0,0.0,0,0,1,,0.825,2026-03-19T12:48:34.188210,disgust,0.647,2026-03-19T12:48:34.188210,0.5374456215701691,2026-03-19T12:48:34.922000,91,,,
participant_30,4,day,Town10HD_Opt,2026-03-19 12:48:35.104299,-1.008681058883667,130.47671508789062,0.0022714994847774,23.064,-0.047,0.0,0.0,0,0,1,,0.808,2026-03-19T12:48:35.104299,disgust,0.647,2026-03-19T12:48:34.188210,0.4640145688281575,2026-03-19T12:48:35.912000,90,,,
participant_30,4,day,Town10HD_Opt,2026-03-19 12:48:36.207024,-5.549515247344971,130.42713928222656,0.001987915020436,16.071,-0.047,0.0,0.0,0,0,1,,0.869,2026-03-19T12:48:36.207024,neutral,0.827,2026-03-19T12:48:36.207024,0.5468982829909939,2026-03-19T12:48:36.903000,91,,,
participant_30,4,day,Town10HD_Opt,2026-03-19 12:48:37.074249,-8.052019119262695,130.40219116210938,0.0020366667304188,12.331,-0.047,0.0,0.0,0,0,1,,0.909,2026-03-19T12:48:37.074249,neutral,0.827,2026-03-19T12:48:36.207024,0.387751671453038,2026-03-19T12:48:37.892000,90,,,
participant_30,4,day,Town10HD_Opt,2026-03-19 12:48:38.135454,-10.52568817138672,130.37908935546875,0.0019331359071657,10.591,-0.047,1.0,0.0,0,0,1,,0.815,2026-03-19T12:48:38.135454,neutral,0.827,2026-03-19T12:48:36.207024,0.482994398315596,2026-03-19T12:48:38.927000,90,,,
participant_30,4,day,Town10HD_Opt,2026-03-19 12:48:39.011769,-13.48372745513916,130.35336303710938,0.001718025188893,24.069,-0.047,1.0,0.0,0,0,1,,1.0,2026-03-19T12:48:39.011769,neutral,0.686,2026-03-19T12:48:39.011769,0.4722924121963105,2026-03-19T12:48:39.916000,88,,,
participant_30,4,day,Town10HD_Opt,2026-03-19 12:48:40.069558,-21.493581771850582,130.29331970214844,0.0015409850748255,45.366,-0.047,0.947,0.0,0,0,1,,0.843,2026-03-19T12:48:40.069558,neutral,0.686,2026-03-19T12:48:39.011769,0.3440275499499767,2026-03-19T12:48:40.907000,86,,,
participant_30,4,day,Town10HD_Opt,2026-03-19 12:48:41.130626,-32.63459777832031,130.09324645996094,0.0023369216360151,42.131,12.704,0.0,0.0,0,0,1,,0.939,2026-03-19T12:48:41.130626,neutral,0.612,2026-03-19T12:48:41.130626,0.4717706425528566,2026-03-19T12:48:41.897000,88,,,
participant_30,4,day,Town10HD_Opt,2026-03-19 12:48:42.229123,-39.85125732421875,126.64789581298828,0.002438316354528,28.166,24.724,0.0,0.0,0,0,1,,1.0,2026-03-19T12:48:42.229123,neutral,0.612,2026-03-19T12:48:41.130626,0.462796173311949,2026-03-19T12:48:42.932000,85,,,
participant_30,4,day,Town10HD_Opt,2026-03-19 12:48:43.077036,-41.55001831054688,122.69723510742188,0.0022796629928052,21.669,12.083,0.372,0.0,0,0,1,,0.887,2026-03-19T12:48:43.077036,neutral,0.612,2026-03-19T12:48:41.130626,0.4848894752681981,2026-03-19T12:48:43.922000,85,,,
participant_30,4,day,Town10HD_Opt,2026-03-19 12:48:44.224723,-42.297733306884766,116.77661895751952,0.001761665334925,31.763,3.945,0.535,0.0,0,0,1,,0.96,2026-03-19T12:48:44.224723,neutral,0.624,2026-03-19T12:48:44.224723,0.460575601179844,2026-03-19T12:48:44.912000,84,,,
participant_30,4,day,Town10HD_Opt,2026-03-19 12:48:45.148057,-42.39371490478516,110.90908813476562,0.0019349288195371,35.261,0.327,0.503,0.0,0,0,1,,1.0,2026-03-19T12:48:45.148057,neutral,0.624,2026-03-19T12:48:44.224723,0.4535102675844786,2026-03-19T12:48:45.902000,85,,,
participant_30,4,day,Town10HD_Opt,2026-03-19 12:48:46.095178,-42.39030838012695,104.572021484375,0.0020065689459443,36.673,-0.341,0.292,0.0,0,0,1,,0.84,2026-03-19T12:48:46.095178,neutral,0.624,2026-03-19T12:48:44.224723,0.4688788223062585,2026-03-19T12:48:46.892000,88,Vehicle collision,Vehicle collision,
participant_30,4,day,Town10HD_Opt,2026-03-19 12:48:47.225814,-42.36312103271485,96.40238189697266,0.002136840717867,32.932,0.456,0.274,0.0,0,0,1,,1.0,2026-03-19T12:48:47.225814,neutral,0.671,2026-03-19T12:48:47.225814,0.4299330483040217,2026-03-19T12:48:47.927000,87,,,
participant_30,4,day,Town10HD_Opt,2026-03-19 12:48:48.075085,-42.2380256652832,90.84929656982422,0.0021273039747029,30.315,0.284,0.274,0.0,0,0,1,,1.0,2026-03-19T12:48:48.075085,neutral,0.671,2026-03-19T12:48:47.225814,0.5569967887605737,2026-03-19T12:48:48.962000,89,,,
participant_30,4,day,Town10HD_Opt,2026-03-19 12:48:49.161066,-42.02512741088867,84.10303497314453,0.0021158980671316,27.297,-0.11,0.234,0.0,0,0,1,,0.856,2026-03-19T12:48:49.161066,neutral,0.671,2026-03-19T12:48:47.225814,0.5406423378863304,2026-03-19T12:48:49.907000,89,,,
participant_30,4,day,Town10HD_Opt,2026-03-19 12:48:50.004371,-41.76006317138672,79.53406524658203,0.002128868130967,24.774,10.61,0.366,0.0,0,0,1,,0.919,2026-03-19T12:48:50.004371,neutral,0.733,2026-03-19T12:48:50.004371,0.4295332998152316,2026-03-19T12:48:50.897000,86,,,
participant_30,4,day,Town10HD_Opt,2026-03-19 12:48:51.169319,-39.638954162597656,74.21251678466797,0.0020449447911232,25.643,19.786,0.398,0.0,0,0,1,,0.813,2026-03-19T12:48:51.169319,neutral,0.733,2026-03-19T12:48:50.004371,0.4444371275529764,2026-03-19T12:48:51.932000,86,Stop sign violation,stop_sign_id=754,
participant_30,4,day,Town10HD_Opt,2026-03-19 12:48:52.019522,-36.22782516479492,71.31336975097656,0.0020793913863599,25.92,19.543,0.37,0.0,0,0,1,,1.0,2026-03-19T12:48:52.019522,neutral,0.792,2026-03-19T12:48:52.019522,0.4653714162032998,2026-03-19T12:48:52.922000,88,,,
participant_30,4,day,Town10HD_Opt,2026-03-19 12:48:53.162014,-30.414979934692383,70.008056640625,0.0020672224927693,25.852,8.415,0.347,0.0,0,0,1,,0.892,2026-03-19T12:48:53.162014,neutral,0.792,2026-03-19T12:48:52.019522,0.5052691494774116,2026-03-19T12:48:53.912000,87,,,
participant_30,4,day,Town10HD_Opt,2026-03-19 12:48:54.046011,-25.90091896057129,70.05767822265625,0.0020545958541333,25.606,-0.834,0.337,0.0,0,0,1,,0.84,2026-03-19T12:48:54.046011,neutral,0.58,2026-03-19T12:48:54.046011,0.4721329164982207,2026-03-19T12:48:54.902000,88,,,
participant_30,4,day,Town10HD_Opt,2026-03-19 12:48:55.204891,-19.96896171569824,70.10012817382812,0.0020531080663204,25.187,-1.65,0.341,0.0,0,0,1,,1.0,2026-03-19T12:48:55.204891,neutral,0.58,2026-03-19T12:48:54.046011,0.443301277782721,2026-03-19T12:48:55.937000,89,,,
participant_30,4,day,Town10HD_Opt,2026-03-19 12:48:56.042035,-15.577058792114258,70.00431823730469,0.0020515441428869,24.95,-0.472,0.341,0.0,0,0,1,,1.0,2026-03-19T12:48:56.042035,neutral,0.58,2026-03-19T12:48:54.046011,0.4510288308279137,2026-03-19T12:48:56.927000,90,,,
participant_30,4,day,Town10HD_Opt,2026-03-19 12:48:57.196696,-9.78283405303955,69.7909927368164,0.0020502470433712,24.671,0.153,0.341,0.0,0,0,1,,1.0,2026-03-19T12:48:57.196696,disgust,0.664,2026-03-19T12:48:57.196696,0.5140010770235535,2026-03-19T12:48:57.916000,88,,,
participant_30,4,day,Town10HD_Opt,2026-03-19 12:48:58.089882,-5.4749755859375,69.658447265625,0.0020494079217314,24.507,0.714,0.341,0.0,0,0,1,,1.0,2026-03-19T12:48:58.089882,disgust,0.664,2026-03-19T12:48:57.196696,0.4497945391688779,2026-03-19T12:48:58.906000,90,,,
participant_30,4,day,Town10HD_Opt,2026-03-19 12:48:59.142760,0.2272694706916809,69.58619689941406,0.0020485685672611,24.317,0.649,0.341,0.0,0,0,1,,1.0,2026-03-19T12:48:59.142760,disgust,0.664,2026-03-19T12:48:57.196696,0.4528593598582213,2026-03-19T12:48:59.897000,90,,,
participant_30,4,day,Town10HD_Opt,2026-03-19 12:49:00.191344,5.887117385864258,69.62307739257812,0.0020478058140724,24.142,0.649,0.341,0.0,0,0,1,,1.0,2026-03-19T12:49:00.191344,neutral,0.856,2026-03-19T12:49:00.191344,0.4614852836131614,2026-03-19T12:49:00.932000,94,,,
participant_30,4,day,Town10HD_Opt,2026-03-19 12:49:00.993497,10.10447597503662,69.71953582763672,0.0020542526617646,23.829,0.045,0.139,0.0,0,0,1,,1.0,2026-03-19T12:49:00.993497,neutral,0.856,2026-03-19T12:49:00.191344,0.4450052734379078,2026-03-19T12:49:00.932000,94,,,
participant_30,4,day,Town10HD_Opt,2026-03-19 12:49:02.060955,14.972326278686523,69.81775665283203,0.0019818113651126,17.264,-0.223,0.0,0.085,0,0,1,,0.834,2026-03-19T12:49:02.060955,neutral,0.856,2026-03-19T12:49:00.191344,0.5243820538412147,2026-03-19T12:49:02.912000,95,,,
participant_30,4,day,Town10HD_Opt,2026-03-19 12:49:03.218960,18.33135032653809,69.867919921875,0.0020519637037068,11.19,0.092,0.0,0.086,0,0,1,,1.0,2026-03-19T12:49:03.218960,neutral,0.633,2026-03-19T12:49:03.218960,0.6664212063831297,2026-03-19T12:49:03.903000,95,,,
participant_30,4,day,Town10HD_Opt,2026-03-19 12:49:04.060704,20.056047439575195,69.89649963378906,0.0020162963774055,8.316,0.07,0.0,0.0,0,0,1,,1.0,2026-03-19T12:49:04.060704,neutral,0.633,2026-03-19T12:49:03.218960,0.6990746118288647,2026-03-19T12:49:04.937000,92,,,
participant_30,4,day,Town10HD_Opt,2026-03-19 12:49:05.234882,21.697185516357425,69.92407989501953,0.0019641113467514,5.786,0.026,0.0,0.0,0,0,1,,0.8,2026-03-19T12:49:05.234882,disgust,0.707,2026-03-19T12:49:05.234882,0.7631787167817514,2026-03-19T12:49:05.927000,88,,,
participant_30,4,day,Town10HD_Opt,2026-03-19 12:49:06.107292,22.612682342529297,69.93960571289062,0.0019620894454419,4.515,0.026,0.0,0.0,0,0,1,,1.0,2026-03-19T12:49:06.107292,disgust,0.707,2026-03-19T12:49:05.234882,0.7996022859158292,2026-03-19T12:49:06.917000,93,,,
participant_30,4,day,Town10HD_Opt,2026-03-19 12:49:07.230646,23.48932838439941,69.95458984375,0.001939010573551,3.339,0.021,0.0,0.0,0,0,1,,0.835,2026-03-19T12:49:07.230646,disgust,0.707,2026-03-19T12:49:05.234882,0.972249188691031,2026-03-19T12:49:07.907000,91,,,
participant_30,4,day,Town10HD_Opt,2026-03-19 12:49:08.062869,24.06035041809082,69.9643325805664,0.0019300079438835,3.255,-0.002,0.104,0.0,0,0,1,,1.0,2026-03-19T12:49:08.062869,neutral,0.784,2026-03-19T12:49:08.062869,0.8887661140561872,2026-03-19T12:49:07.907000,95,,,
participant_30,4,day,Town10HD_Opt,2026-03-19 12:49:09.190806,24.795312881469727,69.97679901123047,0.0019329452188685,3.023,-0.007,0.0,0.0,0,0,1,,1.0,2026-03-19T12:49:09.190806,neutral,0.784,2026-03-19T12:49:08.062869,0.8317324522904024,2026-03-19T12:49:09.932000,92,,,
participant_30,4,day,Town10HD_Opt,2026-03-19 12:49:10.063992,25.27286148071289,69.98480987548828,0.0019470977131277,2.443,-0.023,0.0,0.0,0,0,1,,1.0,2026-03-19T12:49:10.063992,disgust,0.657,2026-03-19T12:49:10.063992,0.9084277398277316,2026-03-19T12:49:10.922000,93,,,
participant_30,4,day,Town10HD_Opt,2026-03-19 12:49:11.214266,25.786989212036133,69.99333953857422,0.0019361877348273,1.838,-0.049,0.0,0.0,0,0,1,,1.0,2026-03-19T12:49:11.214266,disgust,0.657,2026-03-19T12:49:10.063992,0.8547857563220588,2026-03-19T12:49:11.913000,92,,,
participant_30,4,day,Town10HD_Opt,2026-03-19 12:49:12.001668,26.005651473999023,69.99691009521484,0.0020171354990452,0.0,-0.082,0.0,0.023,0,0,1,,1.0,2026-03-19T12:49:12.001668,disgust,0.657,2026-03-19T12:49:10.063992,0.8858490218068393,2026-03-19T12:49:12.902000,91,,,
participant_30,4,day,Town10HD_Opt,2026-03-19 12:49:13.102283,26.014583587646484,69.99700927734375,0.0018748092697933,1.984,-0.11,0.891,0.0,0,0,1,,1.0,2026-03-19T12:49:13.102283,neutral,0.803,2026-03-19T12:49:13.102283,0.8412888926860771,2026-03-19T12:49:13.941000,92,,,
participant_30,4,day,Town10HD_Opt,2026-03-19 12:49:14.234006,28.25550651550293,70.01384735107422,0.0015568542294204,18.717,-4.098,0.718,0.0,0,0,1,,0.836,2026-03-19T12:49:14.234006,neutral,0.803,2026-03-19T12:49:13.102283,0.9109493180873204,2026-03-19T12:49:14.927000,90,,,errors=Stop sign violation
participant_30,4,day,Town10HD_Opt,2026-03-19 12:49:15.119624,31.852508544921875,69.66873168945312,0.0018894576933234,23.26,-9.952,0.512,0.0,0,0,1,,0.891,2026-03-19T12:49:15.119624,neutral,0.528,2026-03-19T12:49:15.119624,0.9196759230271848,2026-03-19T12:49:15.917000,91,,,
participant_30,4,day,Town10HD_Opt,2026-03-19 12:49:15.998416,35.94948196411133,68.43694305419922,0.0020547485910356,24.352,-9.586,0.0,0.0,0,0,1,,0.895,2026-03-19T12:49:15.998416,neutral,0.528,2026-03-19T12:49:15.119624,0.8870774980081109,2026-03-19T12:49:16.907000,92,,,
participant_30,4,day,Town10HD_Opt,2026-03-19 12:49:17.088626,40.13043594360352,65.98561096191406,0.0019803238101303,17.062,-10.802,0.0,0.084,0,0,1,,0.929,2026-03-19T12:49:17.088626,neutral,0.528,2026-03-19T12:49:15.119624,0.8277585643126516,2026-03-19T12:49:17.942000,93,,,
participant_30,4,day,Town10HD_Opt,2026-03-19 12:49:18.213065,42.47154998779297,63.68233871459961,0.0020598983392119,11.045,-10.891,0.0,0.104,0,0,1,,0.921,2026-03-19T12:49:18.213065,neutral,0.619,2026-03-19T12:49:18.213065,0.878109503177494,2026-03-19T12:49:18.932000,91,,,
participant_30,4,day,Town10HD_Opt,2026-03-19 12:49:19.050388,43.54558181762695,62.22348403930664,0.0017671203240752,13.166,-13.477,0.86,0.0,0,0,1,,0.935,2026-03-19T12:49:19.050388,neutral,0.619,2026-03-19T12:49:18.213065,0.9040595203884914,2026-03-19T12:49:19.922000,89,,,
participant_30,4,day,Town10HD_Opt,2026-03-19 12:49:20.177585,45.31515884399414,57.98899459838867,0.0017655562842264,26.631,-16.206,0.665,0.0,0,0,1,,0.904,2026-03-19T12:49:20.177585,neutral,0.619,2026-03-19T12:49:18.213065,0.9503667628302608,2026-03-19T12:49:20.912000,89,,,
participant_30,4,day,Town10HD_Opt,2026-03-19 12:49:21.040160,45.56425857543945,53.06208038330078,0.0021139143500477,27.518,-12.597,0.0,0.0,0,0,1,,0.833,2026-03-19T12:49:21.040160,sad,0.364,2026-03-19T12:49:21.040160,0.9102299915068376,2026-03-19T12:49:21.903000,94,,,
participant_30,4,day,Town10HD_Opt,2026-03-19 12:49:22.143678,44.514408111572266,47.69245147705078,0.0022445677313953,19.029,2.017,0.0,0.0,0,0,1,,0.952,2026-03-19T12:49:22.143678,sad,0.364,2026-03-19T12:49:21.040160,0.8195903773777687,2026-03-19T12:49:23.027000,92,,,
participant_30,4,day,Town10HD_Opt,2026-03-19 12:49:23.012169,44.109169006347656,44.78113555908203,0.0020786665845662,13.969,9.449,0.0,0.234,0,0,1,,0.881,2026-03-19T12:49:23.012169,sad,0.364,2026-03-19T12:49:21.040160,0.8676207991233557,2026-03-19T12:49:23.928000,89,,,
participant_30,4,day,Town10HD_Opt,2026-03-19 12:49:24.094689,44.06057357788086,42.22362518310547,0.0020605085883289,7.811,0.376,0.0,0.222,0,0,1,,0.937,2026-03-19T12:49:24.094689,neutral,0.494,2026-03-19T12:49:24.094689,0.8148779537686917,2026-03-19T12:49:24.965000,89,,,
participant_30,4,day,Town10HD_Opt,2026-03-19 12:49:25.214628,44.03386688232422,41.19465255737305,0.0017789077246561,5.534,3.142,0.969,0.0,0,0,1,,0.922,2026-03-19T12:49:25.214628,neutral,0.494,2026-03-19T12:49:24.094689,0.9001019076212146,2026-03-19T12:49:25.907000,90,,,
participant_30,4,day,Town10HD_Opt,2026-03-19 12:49:26.026389,44.09175109863281,39.0023193359375,0.0016792296664789,19.71,6.554,0.76,0.0,0,0,1,,0.942,2026-03-19T12:49:26.026389,neutral,0.494,2026-03-19T12:49:24.094689,0.8171579731292485,2026-03-19T12:49:26.942000,88,,,
participant_30,4,day,Town10HD_Opt,2026-03-19 12:49:27.107568,45.30293655395508,33.60765075683594,0.0019425963982939,26.958,15.946,0.426,0.0,0,0,1,,1.0,2026-03-19T12:49:27.107568,neutral,0.757,2026-03-19T12:49:27.107568,0.8558161837747481,2026-03-19T12:49:27.933000,90,,,
participant_30,4,day,Town10HD_Opt,2026-03-19 12:49:28.203467,49.425907135009766,28.928815841674805,0.0020802307408303,27.715,21.969,0.418,0.0,0,0,1,,1.0,2026-03-19T12:49:28.203467,neutral,0.757,2026-03-19T12:49:27.107568,0.852032583299962,2026-03-19T12:49:28.922000,90,,,
participant_30,4,day,Town10HD_Opt,2026-03-19 12:49:29.064545,54.045555114746094,27.373952865600582,0.0020544815342873,28.148,6.265,0.32,0.0,0,0,1,,0.813,2026-03-19T12:49:29.064545,neutral,0.757,2026-03-19T12:49:27.107568,0.8964120895825205,2026-03-19T12:49:29.912000,90,,,
participant_30,4,day,Town10HD_Opt,2026-03-19 12:49:30.149671,60.3571891784668,26.45615005493164,0.002147254999727,25.308,1.354,0.665,0.0,0,0,1,,1.0,2026-03-19T12:49:30.149671,sad,0.354,2026-03-19T12:49:30.149671,0.8893652196911336,2026-03-19T12:49:30.904000,94,,,
participant_30,4,day,Town10HD_Opt,2026-03-19 12:49:31.217060,67.55353546142578,25.867149353027344,0.0015673064626753,40.915,1.551,0.712,0.0,0,0,1,,0.812,2026-03-19T12:49:31.217060,sad,0.354,2026-03-19T12:49:30.149671,0.8911253967825561,2026-03-19T12:49:31.937000,95,,,
participant_30,4,day,Town10HD_Opt,2026-03-19 12:49:32.024918,74.39642333984375,25.63248634338379,0.0023254775442183,34.252,1.208,0.27,0.0,0,0,1,,0.837,2026-03-19T12:49:32.024918,sad,0.354,2026-03-19T12:49:30.149671,0.8483592797696136,2026-03-19T12:49:32.927000,96,,,
participant_30,4,day,Town10HD_Opt,2026-03-19 12:49:33.114275,83.26750946044922,25.76095199584961,0.0015934753464534,47.131,0.59,0.78,0.0,0,0,1,,0.86,2026-03-19T12:49:33.114275,neutral,0.613,2026-03-19T12:49:33.114275,0.9367496504115812,2026-03-19T12:49:33.917000,99,,,
participant_30,4,day,Town10HD_Opt,2026-03-19 12:49:34.163615,93.7061004638672,25.333051681518555,0.0023770141415297,38.043,-9.047,0.024,0.0,0,0,1,,1.0,2026-03-19T12:49:34.163615,neutral,0.613,2026-03-19T12:49:33.114275,0.8640810087207306,2026-03-19T12:49:34.908000,97,,,
participant_30,4,day,Town10HD_Opt,2026-03-19 12:49:35.045202,99.4744873046875,23.057025909423828,0.0020834731403738,35.504,-15.112,0.672,0.0,0,0,1,,0.858,2026-03-19T12:49:35.045202,neutral,0.613,2026-03-19T12:49:33.114275,0.8889203197915864,2026-03-19T12:49:35.897000,95,,,
participant_30,4,day,Town10HD_Opt,2026-03-19 12:49:36.114409,105.08228302001952,16.136089324951172,0.0020579528063535,41.109,-14.805,0.0,0.0,0,0,1,,0.835,2026-03-19T12:49:36.114409,neutral,0.874,2026-03-19T12:49:36.114409,0.9177533988636812,2026-03-19T12:49:36.932000,93,,,
participant_30,4,day,Town10HD_Opt,2026-03-19 12:49:37.162157,105.69329071044922,8.024374961853027,0.0023332594428211,29.229,-3.304,0.0,0.0,0,0,1,,1.0,2026-03-19T12:49:37.162157,neutral,0.874,2026-03-19T12:49:36.114409,0.8870080478819783,2026-03-19T12:49:37.923000,93,,,
participant_30,4,day,Town10HD_Opt,2026-03-19 12:49:38.006322,105.07264709472656,3.4549598693847656,0.0021926879417151,24.016,17.941,0.275,0.0,0,0,1,,0.906,2026-03-19T12:49:38.006322,neutral,0.874,2026-03-19T12:49:36.114409,0.8681084822572597,2026-03-19T12:49:38.912000,92,Vehicle-pedestrian collision,Vehicle-pedestrian collision,
participant_30,4,day,Town10HD_Opt,2026-03-19 12:49:39.109821,106.48091888427734,-1.6110774278640747,0.0021101760212332,21.954,5.756,0.389,0.0,0,0,1,,0.876,2026-03-19T12:49:39.109821,neutral,0.344,2026-03-19T12:49:39.109821,0.8756691860364798,2026-03-19T12:49:39.902000,94,,,
participant_30,4,day,Town10HD_Opt,2026-03-19 12:49:40.116301,108.75334930419922,-6.9930267333984375,0.0016254043439403,33.399,-11.462,0.922,0.0,0,0,1,,1.0,2026-03-19T12:49:40.116301,neutral,0.344,2026-03-19T12:49:39.109821,0.8847279080745419,2026-03-19T12:49:40.938000,97,,,
participant_30,4,day,Town10HD_Opt,2026-03-19 12:49:41.165478,108.90309143066406,-16.388811111450195,0.0017547225579619,47.858,-7.209,0.699,0.0,0,0,1,,0.896,2026-03-19T12:49:41.165478,neutral,0.436,2026-03-19T12:49:41.165478,0.8474071121232545,2026-03-19T12:49:41.928000,99,,,
participant_30,4,day,Town10HD_Opt,2026-03-19 12:49:42.203167,105.22664642333984,-27.272262573242188,0.0021546173375099,47.478,12.289,0.0,0.0,0,0,1,,0.836,2026-03-19T12:49:42.203167,neutral,0.436,2026-03-19T12:49:41.165478,0.8956174013923413,2026-03-19T12:49:42.918000,96,,,
participant_30,4,day,Town10HD_Opt,2026-03-19 12:49:43.002571,104.50778198242188,-34.56398010253906,0.002410392742604,36.384,10.271,0.0,0.0,0,0,1,,0.95,2026-03-19T12:49:43.002571,neutral,0.436,2026-03-19T12:49:41.165478,0.8601954614256959,2026-03-19T12:49:43.908000,94,,,
participant_30,4,day,Town10HD_Opt,2026-03-19 12:49:44.002694,106.3005142211914,-41.59922790527344,0.0022942733485251,25.621,-6.421,0.0,0.0,0,0,1,,0.829,2026-03-19T12:49:44.002694,neutral,0.695,2026-03-19T12:49:44.002694,0.9356319343814834,2026-03-19T12:49:43.908000,94,,,
participant_30,4,day,Town10HD_Opt,2026-03-19 12:49:45.022604,106.77525329589844,-46.37906646728516,0.0248505398631095,9.72,-11.441,0.0,0.0,0,0,1,,1.0,2026-03-19T12:49:45.022604,neutral,0.695,2026-03-19T12:49:44.002694,0.8489848162137099,2026-03-19T12:49:45.933000,96,,,
participant_30,4,day,Town10HD_Opt,2026-03-19 12:49:45.988885,106.73240661621094,-46.51335525512695,0.0367256551980972,0.013,-11.61,0.0,0.0,0,0,1,,1.0,2026-03-19T12:49:45.988885,neutral,0.695,2026-03-19T12:49:44.002694,0.8707918313297637,2026-03-19T12:49:45.933000,97,,,
participant_30,4,day,Town10HD_Opt,2026-03-19 12:49:47.118671,-41.66875076293945,89.74507904052734,-0.0706437975168228,0.863,-10.499,0.0,0.0,0,0,0,,1.0,2026-03-19T12:49:47.118671,neutral,0.632,2026-03-19T12:49:47.118671,0.9045749827052588,2026-03-19T12:49:47.912000,96,,,
participant_30,4,day,Town10HD_Opt,2026-03-19 12:49:48.233079,-41.66885757446289,89.74560546875,0.0016922760987654,0.002,1.363,0.746,0.0,0,0,0,,1.0,2026-03-19T12:49:48.233079,neutral,0.632,2026-03-19T12:49:47.118671,0.8694899857994702,2026-03-19T12:49:48.902000,96,,,
participant_30,4,day,Town10HD_Opt,2026-03-19 12:49:49.037516,-41.668212890625,88.78458404541016,0.0014388725394383,13.657,0.367,0.726,0.0,0,0,1,,1.0,2026-03-19T12:49:49.037516,neutral,0.632,2026-03-19T12:49:47.118671,0.9191104874471772,2026-03-19T12:49:48.902000,95,,,
participant_30,4,day,Town10HD_Opt,2026-03-19 12:49:50.109968,-41.647499084472656,84.77090454101562,0.0018525690538808,17.165,0.36,0.0,0.0,0,0,1,,1.0,2026-03-19T12:49:50.109968,disgust,0.784,2026-03-19T12:49:50.109968,0.8981554991315908,2026-03-19T12:49:50.928000,95,,,
participant_30,4,day,Town10HD_Opt,2026-03-19 12:49:51.148065,-41.59908676147461,81.3432388305664,0.002033308148384,12.104,1.648,0.0,0.0,0,0,1,,1.0,2026-03-19T12:49:51.148065,disgust,0.784,2026-03-19T12:49:50.109968,0.916635152725216,2026-03-19T12:49:51.918000,94,,,
participant_30,4,day,Town10HD_Opt,2026-03-19 12:49:52.235277,-41.40237045288086,78.86808776855469,0.001847039326094,11.69,10.13,0.62,0.0,0,0,1,,1.0,2026-03-19T12:49:52.235277,neutral,0.646,2026-03-19T12:49:52.235277,0.8395104752137029,2026-03-19T12:49:52.908000,94,,,
participant_30,4,day,Town10HD_Opt,2026-03-19 12:49:53.110043,-40.7593002319336,76.3138427734375,0.0018752701580524,18.649,14.268,0.495,0.0,0,0,1,,1.0,2026-03-19T12:49:53.110043,neutral,0.646,2026-03-19T12:49:52.235277,0.878020171620007,2026-03-19T12:49:53.898000,94,,,
participant_30,4,day,Town10HD_Opt,2026-03-19 12:49:54.165304,-38.607452392578125,72.546875,0.001912840292789,17.567,22.753,0.0,0.0,0,0,1,,1.0,2026-03-19T12:49:54.165304,neutral,0.646,2026-03-19T12:49:52.235277,0.7958187060039518,2026-03-19T12:49:54.933000,90,,,
participant_30,4,day,Town10HD_Opt,2026-03-19 12:49:55.027969,-36.41231155395508,70.97358703613281,0.0020777105819433,13.46,25.674,0.0,0.0,0,0,1,,1.0,2026-03-19T12:49:55.027969,neutral,0.987,2026-03-19T12:49:55.027969,0.9018170493920078,2026-03-19T12:49:54.933000,91,,,
participant_30,4,day,Town10HD_Opt,2026-03-19 12:49:56.180632,-33.746219635009766,70.2314682006836,0.0018725210102275,12.788,22.028,0.545,0.0,0,0,1,phone_call,0.927,2026-03-19T12:49:56.180632,neutral,0.987,2026-03-19T12:49:55.027969,0.8852280850377432,2026-03-19T12:49:56.913000,94,,,
participant_30,4,day,Town10HD_Opt,2026-03-19 12:49:57.022553,-31.143085479736328,70.19014739990234,0.0018917088164016,15.615,7.477,0.127,0.0,0,0,1,phone_call,0.827,2026-03-19T12:49:57.022553,neutral,0.987,2026-03-19T12:49:55.027969,0.8695667388408709,2026-03-19T12:49:57.902000,91,,,
participant_30,4,day,Town10HD_Opt,2026-03-19 12:49:58.145799,-27.72719383239746,70.13765716552734,0.0019377514254301,14.214,-2.304,0.392,0.0,0,0,1,,1.0,2026-03-19T12:49:58.145799,neutral,0.87,2026-03-19T12:49:58.145799,0.8378808322825989,2026-03-19T12:49:58.937000,94,,,
participant_30,4,day,Town10HD_Opt,2026-03-19 12:49:59.000118,-24.87954330444336,70.01594543457031,0.0020081351976841,18.547,0.522,0.527,0.0,0,0,1,,1.0,2026-03-19T12:49:59.000118,neutral,0.87,2026-03-19T12:49:58.145799,0.9708089798477894,2026-03-19T12:49:58.937000,90,,,
participant_01,4,day,Town10HD_Opt,2026-03-10T09:26:32.939774,-41.66858673095703,89.7454833984375,0.5804919004440308,7.254,-0.355,1.0,0.0,0,0,1,,1.0,2026-03-10T09:26:32.939774,,,2026-03-10T09:26:32.939774,0.465,2026-03-10T09:26:32.028000,69,,,
participant_01,4,day,Town10HD_Opt,2026-03-10T09:26:37.188224,-41.67099380493164,89.321533203125,0.0015148925594985,8.128,-0.355,1.0,0.0,0,0,1,,1.0,2026-03-10T09:26:37.188224,,,2026-03-10T09:26:37.188224,0.423,2026-03-10T09:26:36.941000,67,,,
participant_01,4,day,Town10HD_Opt,2026-03-10T09:26:38.289947,-41.6822395324707,87.75133514404297,0.0014716339064761,17.748,-0.355,0.727,0.0,0,0,1,,1.0,2026-03-10T09:26:38.289947,,,2026-03-10T09:26:37.188224,0.417,2026-03-10T09:26:37.969000,68,,,
participant_01,4,day,Town10HD_Opt,2026-03-10T09:26:39.002753,-41.68540954589844,86.64447021484375,0.0018781280377879,19.691,1.264,0.688,0.0,0,0,1,,1.0,2026-03-10T09:26:39.002753,,,2026-03-10T09:26:37.188224,0.414,2026-03-10T09:26:38.958000,69,,,
participant_01,4,day,Town10HD_Opt,2026-03-10T09:26:40.090982,-41.62776184082031,84.07276916503906,0.0017984389560297,24.626,2.732,0.667,0.0,0,0,1,,1.0,2026-03-10T09:26:40.090982,neutral,0.801,2026-03-10T09:26:40.090982,0.411,2026-03-10T09:26:39.993000,70,,,
participant_01,4,day,Town10HD_Opt,2026-03-10T09:26:41.168373,-41.42586517333984,80.90869140625,0.0018012619111686,29.588,3.163,0.654,0.0,0,0,1,,1.0,2026-03-10T09:26:41.168373,neutral,0.801,2026-03-10T09:26:40.090982,0.394,2026-03-10T09:26:40.938000,71,,,
participant_01,4,day,Town10HD_Opt,2026-03-10T09:26:42.253907,-40.84961318969727,77.2502212524414,0.0018459319835528,33.802,14.808,0.647,0.0,0,0,1,,1.0,2026-03-10T09:26:42.253907,neutral,0.979,2026-03-10T09:26:42.253907,0.374,2026-03-10T09:26:41.974000,73,,,
participant_01,4,day,Town10HD_Opt,2026-03-10T09:26:43.339717,-39.088417053222656,73.55134582519531,0.0019352340605109,36.839,20.994,0.635,0.0,0,0,1,,1.0,2026-03-10T09:26:43.339717,neutral,0.979,2026-03-10T09:26:42.253907,0.354,2026-03-10T09:26:42.963000,74,,,
participant_01,4,day,Town10HD_Opt,2026-03-10T09:26:44.416352,-35.82021713256836,70.56552124023438,0.0019625853747129,39.5,18.991,0.634,0.0,0,0,1,,1.0,2026-03-10T09:26:44.416352,neutral,0.99,2026-03-10T09:26:44.416352,0.335,2026-03-10T09:26:43.953000,73,,,
participant_01,4,day,Town10HD_Opt,2026-03-10T09:26:44.992253,-33.72086715698242,69.55364990234375,0.0019746017642319,40.613,19.022,0.633,0.0,0,0,1,,1.0,2026-03-10T09:26:44.992253,neutral,0.99,2026-03-10T09:26:44.416352,0.312,2026-03-10T09:26:44.944000,71,,,
participant_01,4,day,Town10HD_Opt,2026-03-10T09:26:46.214269,-28.94917869567871,68.84298706054688,0.0019642256665974,42.891,8.315,0.61,0.0,0,0,1,,1.0,2026-03-10T09:26:46.214269,neutral,0.99,2026-03-10T09:26:44.416352,0.291,2026-03-10T09:26:45.934000,69,,,errors=Solid line crossing
participant_01,4,day,Town10HD_Opt,2026-03-10T09:26:47.309531,-23.78750991821289,69.12405395507812,0.0019251251360401,45.509,-2.565,0.597,0.0,0,0,1,,1.0,2026-03-10T09:26:47.309531,neutral,0.995,2026-03-10T09:26:47.309531,0.274,2026-03-10T09:26:46.968000,68,,,
participant_01,4,day,Town10HD_Opt,2026-03-10T09:26:48.338471,-18.356374740600582,69.4056396484375,0.0019378280267119,47.627,0.414,0.578,0.0,0,0,1,,1.0,2026-03-10T09:26:48.338471,neutral,0.995,2026-03-10T09:26:47.309531,0.256,2026-03-10T09:26:47.958000,68,,,
participant_01,4,day,Town10HD_Opt,2026-03-10T09:26:49.420552,-12.73483943939209,69.69143676757812,0.0020144653972238,48.368,-1.396,0.438,0.0,0,0,1,,1.0,2026-03-10T09:26:49.420552,neutral,0.976,2026-03-10T09:26:49.420552,0.238,2026-03-10T09:26:48.948000,69,,,
participant_01,4,day,Town10HD_Opt,2026-03-10T09:26:49.952081,-9.925484657287598,69.7778091430664,0.0020593260414898,47.981,-1.015,0.418,0.0,0,0,1,,1.0,2026-03-10T09:26:49.952081,neutral,0.976,2026-03-10T09:26:49.420552,0.224,2026-03-10T09:26:49.938000,69,,,
participant_01,4,day,Town10HD_Opt,2026-03-10T09:26:51.050446,-4.395037651062012,69.84904479980469,0.0020958709064871,46.829,-0.496,0.392,0.0,0,0,1,,1.0,2026-03-10T09:26:51.050446,neutral,0.976,2026-03-10T09:26:49.420552,0.222,2026-03-10T09:26:50.973000,71,,,
participant_01,4,day,Town10HD_Opt,2026-03-10T09:26:52.140857,0.984169900417328,69.82888793945312,0.0021128463558852,45.362,0.007,0.086,0.0,0,0,1,,1.0,2026-03-10T09:26:52.140857,neutral,0.977,2026-03-10T09:26:52.140857,0.222,2026-03-10T09:26:51.963000,71,,,
participant_01,4,day,Town10HD_Opt,2026-03-10T09:26:53.191629,5.968416690826416,69.77863311767578,0.0023239897564053,39.574,-0.089,0.0,0.0,0,0,1,,1.0,2026-03-10T09:26:53.191629,neutral,0.977,2026-03-10T09:26:52.140857,0.223,2026-03-10T09:26:52.954000,72,,,
participant_01,4,day,Town10HD_Opt,2026-03-10T09:26:54.332590,10.202300071716309,69.73403930664062,0.0023394774179905,33.332,0.228,0.0,0.0,0,0,1,,1.0,2026-03-10T09:26:54.332590,neutral,0.884,2026-03-10T09:26:54.332590,0.223,2026-03-10T09:26:53.942000,71,,,
participant_01,4,day,Town10HD_Opt,2026-03-10T09:26:55.414547,13.76714038848877,69.70986938476562,0.0023026657290756,27.592,0.214,0.0,0.0,0,0,1,,1.0,2026-03-10T09:26:55.414547,neutral,0.884,2026-03-10T09:26:54.332590,0.226,2026-03-10T09:26:54.978000,70,,,
participant_01,4,day,Town10HD_Opt,2026-03-10T09:26:55.978664,15.326683044433594,69.70360565185547,0.0022864914499223,25.591,0.012,0.0,0.0,0,0,1,,1.0,2026-03-10T09:26:55.978664,neutral,0.884,2026-03-10T09:26:54.332590,0.227,2026-03-10T09:26:55.969000,69,,,
participant_01,4,day,Town10HD_Opt,2026-03-10T09:26:57.048823,18.04537582397461,69.69332122802734,0.0022577284835278,20.856,0.11,0.0,0.0,0,0,1,,1.0,2026-03-10T09:26:57.048823,neutral,0.999,2026-03-10T09:26:57.048823,0.228,2026-03-10T09:26:56.958000,70,,,
participant_01,4,day,Town10HD_Opt,2026-03-10T09:26:58.163793,20.28670310974121,69.68799591064453,0.0020123289432376,17.615,0.096,0.0,0.0,0,0,1,,0.802,2026-03-10T09:26:58.163793,neutral,0.999,2026-03-10T09:26:57.048823,0.231,2026-03-10T09:26:57.948000,70,,,
participant_01,4,day,Town10HD_Opt,2026-03-10T09:26:59.221766,22.178861618041992,69.68561553955078,0.002037315396592,14.873,0.219,0.0,0.0,0,0,1,,1.0,2026-03-10T09:26:59.221766,neutral,0.999,2026-03-10T09:26:59.221766,0.234,2026-03-10T09:26:58.938000,71,,,
participant_01,4,day,Town10HD_Opt,2026-03-10T09:27:00.295516,23.76622200012207,69.68189239501953,0.0020359039772301,12.465,-0.296,0.112,0.0,0,0,1,,1.0,2026-03-10T09:27:00.295516,neutral,0.999,2026-03-10T09:26:59.221766,0.233,2026-03-10T09:26:59.974000,71,,,
participant_01,4,day,Town10HD_Opt,2026-03-10T09:27:01.383207,25.26616096496582,69.65888214111328,0.0017651367234066,15.041,-3.598,0.923,0.0,0,0,1,,1.0,2026-03-10T09:27:01.383207,neutral,0.999,2026-03-10T09:27:01.383207,0.232,2026-03-10T09:27:00.963000,72,,,
participant_01,4,day,Town10HD_Opt,2026-03-10T09:27:01.934914,26.267257690429688,69.60503387451172,0.0017791747814044,19.123,-5.742,0.759,0.0,0,0,1,,1.0,2026-03-10T09:27:01.934914,neutral,0.999,2026-03-10T09:27:01.383207,0.232,2026-03-10T09:27:00.963000,72,,,errors=Stop sign violation
participant_01,4,day,Town10HD_Opt,2026-03-10T09:27:02.953667,28.71495819091797,69.33796691894531,0.0018368148012086,23.27,-6.196,0.418,0.0,0,0,1,,1.0,2026-03-10T09:27:02.953667,neutral,0.999,2026-03-10T09:27:01.383207,0.228,2026-03-10T09:27:02.943000,73,,,
participant_01,4,day,Town10HD_Opt,2026-03-10T09:27:04.027057,31.397464752197266,68.73751068115234,0.0021116638090461,22.718,-21.93,0.077,0.0,0,0,1,,1.0,2026-03-10T09:27:04.027057,neutral,0.992,2026-03-10T09:27:04.027057,0.227,2026-03-10T09:27:03.933000,74,,,
participant_01,4,day,Town10HD_Opt,2026-03-10T09:27:05.071748,33.59257888793945,67.65635681152344,0.0022263717837631,19.345,-15.376,0.0,0.0,0,0,1,,1.0,2026-03-10T09:27:05.071748,neutral,0.992,2026-03-10T09:27:04.027057,0.222,2026-03-10T09:27:04.968000,75,,,
participant_01,4,day,Town10HD_Opt,2026-03-10T09:27:06.109115,35.297786712646484,66.3777847290039,0.0021192932035773,18.464,-18.513,0.897,0.0,0,0,1,,1.0,2026-03-10T09:27:06.109115,neutral,1.0,2026-03-10T09:27:06.109115,0.214,2026-03-10T09:27:05.959000,75,,,
participant_01,4,day,Town10HD_Opt,2026-03-10T09:27:07.148396,36.98344802856445,64.43492126464844,0.0016768263885751,26.687,-15.642,0.907,0.0,0,0,1,,1.0,2026-03-10T09:27:07.148396,neutral,1.0,2026-03-10T09:27:06.109115,0.205,2026-03-10T09:27:06.948000,74,,,
participant_01,4,day,Town10HD_Opt,2026-03-10T09:27:08.220044,38.81570053100586,61.26066589355469,0.0016406249487772,36.202,-12.777,0.807,0.0,0,0,1,,1.0,2026-03-10T09:27:08.220044,neutral,0.995,2026-03-10T09:27:08.220044,0.196,2026-03-10T09:27:07.938000,72,,,
participant_01,4,day,Town10HD_Opt,2026-03-10T09:27:09.340746,40.20001983642578,56.9514045715332,0.0017476653447374,41.779,-2.447,0.711,0.0,0,0,1,,1.0,2026-03-10T09:27:09.340746,neutral,0.995,2026-03-10T09:27:08.220044,0.185,2026-03-10T09:27:08.973000,72,,,
participant_01,4,day,Town10HD_Opt,2026-03-10T09:27:09.941646,40.80107498168945,54.52080535888672,0.0018211364513263,43.549,3.926,0.144,0.0,0,0,1,,0.854,2026-03-10T09:27:09.941646,neutral,0.995,2026-03-10T09:27:08.220044,0.185,2026-03-10T09:27:08.973000,72,,,
participant_01,4,day,Town10HD_Opt,2026-03-10T09:27:10.999328,42.16289520263672,49.82212829589844,0.0022169875446707,39.659,-2.574,0.113,0.0,0,0,1,,0.873,2026-03-10T09:27:10.999328,neutral,0.995,2026-03-10T09:27:10.999328,0.165,2026-03-10T09:27:10.953000,71,,,errors=Solid line crossing
participant_01,4,day,Town10HD_Opt,2026-03-10T09:27:12.103097,43.1912841796875,45.627197265625,0.0022992705926299,34.387,-2.956,0.237,0.0,0,0,1,,0.815,2026-03-10T09:27:12.103097,neutral,0.995,2026-03-10T09:27:10.999328,0.158,2026-03-10T09:27:11.989000,71,,,
participant_01,4,day,Town10HD_Opt,2026-03-10T09:27:13.172598,43.88813018798828,41.82843780517578,0.0021229172125458,32.605,0.921,0.394,0.0,0,0,1,,1.0,2026-03-10T09:27:13.172598,neutral,0.985,2026-03-10T09:27:13.172598,0.151,2026-03-10T09:27:12.933000,71,,,
participant_01,4,day,Town10HD_Opt,2026-03-10T09:27:14.233124,44.67282485961914,38.10722732543945,0.0020453261677175,32.67,6.26,0.401,0.0,0,0,1,,1.0,2026-03-10T09:27:14.233124,neutral,0.985,2026-03-10T09:27:13.172598,0.145,2026-03-10T09:27:14.013000,71,,,
participant_01,4,day,Town10HD_Opt,2026-03-10T09:27:15.311671,45.90821075439453,34.50998306274414,0.0020588682964444,32.524,9.401,0.381,0.0,0,0,1,,1.0,2026-03-10T09:27:15.311671,neutral,0.977,2026-03-10T09:27:15.311671,0.144,2026-03-10T09:27:14.958000,71,,,
participant_01,4,day,Town10HD_Opt,2026-03-10T09:27:16.435202,47.82228469848633,31.31838607788086,0.0021425627637654,31.032,17.491,0.244,0.0,0,0,1,,0.861,2026-03-10T09:27:16.435202,neutral,0.977,2026-03-10T09:27:15.311671,0.143,2026-03-10T09:27:15.949000,70,,,
participant_01,4,day,Town10HD_Opt,2026-03-10T09:27:17.001329,49.05685806274414,30.03205680847168,0.0021749115549027,30.109,15.664,0.238,0.0,0,0,1,,1.0,2026-03-10T09:27:17.001329,neutral,0.977,2026-03-10T09:27:15.311671,0.143,2026-03-10T09:27:16.938000,69,,,
participant_01,4,day,Town10HD_Opt,2026-03-10T09:27:18.027293,51.783573150634766,28.03029060363769,0.0021671294234693,28.051,11.385,0.238,0.0,0,0,1,,0.843,2026-03-10T09:27:18.027293,neutral,0.999,2026-03-10T09:27:18.027293,0.138,2026-03-10T09:27:17.975000,69,,,
participant_01,4,day,Town10HD_Opt,2026-03-10T09:27:19.097753,54.63161087036133,26.6950912475586,0.0021638870239257,26.012,13.102,0.209,0.0,0,0,1,,1.0,2026-03-10T09:27:19.097753,neutral,0.999,2026-03-10T09:27:18.027293,0.135,2026-03-10T09:27:18.964000,69,,,
participant_01,4,day,Town10HD_Opt,2026-03-10T09:27:20.170148,57.44674682617188,25.942630767822266,0.0021492766682058,24.051,5.151,0.207,0.0,0,0,1,,1.0,2026-03-10T09:27:20.170148,neutral,0.983,2026-03-10T09:27:20.170148,0.132,2026-03-10T09:27:19.954000,69,,,
participant_01,4,day,Town10HD_Opt,2026-03-10T09:27:21.216918,60.079856872558594,25.42281723022461,0.0021742628887295,21.598,2.861,0.0,0.0,0,0,1,,0.869,2026-03-10T09:27:21.216918,neutral,0.983,2026-03-10T09:27:20.170148,0.126,2026-03-10T09:27:20.943000,70,,,
participant_01,4,day,Town10HD_Opt,2026-03-10T09:27:22.283197,62.352664947509766,25.09833526611328,0.0021482086740434,17.74,8.611,0.0,0.0,0,0,1,,0.936,2026-03-10T09:27:22.283197,neutral,0.997,2026-03-10T09:27:22.283197,0.119,2026-03-10T09:27:22.023000,70,,,
participant_01,4,day,Town10HD_Opt,2026-03-10T09:27:23.390486,64.28548431396484,25.00559425354004,0.0020312117412686,15.261,3.382,0.0,0.0,0,0,1,,0.803,2026-03-10T09:27:23.390486,neutral,0.997,2026-03-10T09:27:22.283197,0.112,2026-03-10T09:27:22.968000,70,,,
participant_01,4,day,Town10HD_Opt,2026-03-10T09:27:23.950774,65.13453674316406,24.960657119750977,0.0020439147483557,13.963,-0.085,0.0,0.03,0,0,1,,1.0,2026-03-10T09:27:23.950774,neutral,0.997,2026-03-10T09:27:22.283197,0.112,2026-03-10T09:27:22.968000,70,,,
participant_01,4,day,Town10HD_Opt,2026-03-10T09:27:25.001530,66.60345458984375,24.889169692993164,0.0020507050212472,11.056,1.92,0.0,0.127,0,0,1,,0.814,2026-03-10T09:27:25.001530,neutral,0.998,2026-03-10T09:27:25.001530,0.101,2026-03-10T09:27:24.948000,69,,,
participant_01,4,day,Town10HD_Opt,2026-03-10T09:27:26.081397,67.76226806640625,24.854108810424805,0.002046852139756,8.669,1.92,0.0,0.169,0,0,1,,1.0,2026-03-10T09:27:26.081397,neutral,0.998,2026-03-10T09:27:25.001530,0.096,2026-03-10T09:27:25.938000,68,,,
participant_01,4,day,Town10HD_Opt,2026-03-10T09:27:27.098395,68.6113510131836,24.837759017944336,0.0020560836419463,5.885,1.897,0.0,0.315,0,0,1,,1.0,2026-03-10T09:27:27.098395,neutral,0.997,2026-03-10T09:27:27.098395,0.091,2026-03-10T09:27:26.973000,67,,,
participant_01,4,day,Town10HD_Opt,2026-03-10T09:27:28.122470,68.72112274169922,24.83580207824707,0.0020572280045598,0.0,1.897,0.0,0.354,0,0,1,,0.873,2026-03-10T09:27:28.122470,neutral,0.997,2026-03-10T09:27:27.098395,0.088,2026-03-10T09:27:27.964000,68,,,
participant_01,4,day,Town10HD_Opt,2026-03-10T09:27:29.124556,68.72127532958984,24.835805892944336,0.0019341277657076,0.0,1.819,0.0,0.063,0,0,1,,1.0,2026-03-10T09:27:29.124556,neutral,0.991,2026-03-10T09:27:29.124556,0.084,2026-03-10T09:27:28.954000,69,,,
participant_01,4,day,Town10HD_Opt,2026-03-10T09:27:30.217944,68.7212905883789,24.835805892944336,0.001920623704791,0.0,1.617,0.0,0.0,0,0,1,,1.0,2026-03-10T09:27:30.217944,neutral,0.991,2026-03-10T09:27:29.124556,0.083,2026-03-10T09:27:29.944000,70,,,
participant_01,4,day,Town10HD_Opt,2026-03-10T09:27:31.227533,68.7212905883789,24.835805892944336,0.0019195937784388,0.0,1.636,0.0,0.0,0,0,1,,1.0,2026-03-10T09:27:31.227533,neutral,1.0,2026-03-10T09:27:31.227533,0.081,2026-03-10T09:27:30.933000,69,,,
participant_01,4,day,Town10HD_Opt,2026-03-10T09:27:32.244048,68.7212905883789,24.835805892944336,0.0019195937784388,0.0,1.636,0.0,0.0,0,0,1,,1.0,2026-03-10T09:27:32.244048,neutral,1.0,2026-03-10T09:27:31.227533,0.08,2026-03-10T09:27:31.969000,69,,,
participant_01,4,day,Town10HD_Opt,2026-03-10T09:27:33.262473,68.7212905883789,24.835805892944336,0.0019195937784388,0.0,1.636,0.0,0.0,0,0,1,,1.0,2026-03-10T09:27:33.262473,neutral,0.999,2026-03-10T09:27:33.262473,0.08,2026-03-10T09:27:32.958000,68,,,
participant_01,4,day,Town10HD_Opt,2026-03-10T09:27:34.291422,68.7212905883789,24.835805892944336,0.0019195937784388,0.0,1.636,0.0,0.0,0,0,1,,1.0,2026-03-10T09:27:34.291422,neutral,0.999,2026-03-10T09:27:33.262473,0.082,2026-03-10T09:27:33.994000,67,,,
participant_01,4,day,Town10HD_Opt,2026-03-10T09:27:35.280582,68.7212905883789,24.835805892944336,0.0019195937784388,0.0,1.633,0.0,0.0,0,0,1,,0.867,2026-03-10T09:27:35.280582,angry,0.515,2026-03-10T09:27:35.280582,0.084,2026-03-10T09:27:34.938000,66,,,
participant_01,4,day,Town10HD_Opt,2026-03-10T09:27:36.317959,68.7212905883789,24.835805892944336,0.0019195937784388,0.0,1.631,0.0,0.0,0,0,1,,0.874,2026-03-10T09:27:36.317959,angry,0.515,2026-03-10T09:27:35.280582,0.085,2026-03-10T09:27:36.064000,66,,,
participant_01,4,day,Town10HD_Opt,2026-03-10T09:27:37.283572,68.7212905883789,24.835805892944336,0.0019195937784388,0.0,1.631,0.0,0.0,0,0,1,,0.854,2026-03-10T09:27:37.283572,neutral,1.0,2026-03-10T09:27:37.283572,0.095,2026-03-10T09:27:36.964000,66,,,
participant_01,4,day,Town10HD_Opt,2026-03-10T09:27:38.264432,68.7212905883789,24.835805892944336,0.0019195937784388,0.0,1.64,0.0,0.0,0,0,1,,0.806,2026-03-10T09:27:38.264432,neutral,1.0,2026-03-10T09:27:37.283572,0.106,2026-03-10T09:27:37.953000,66,,,
participant_01,4,day,Town10HD_Opt,2026-03-10T09:27:39.283777,68.7212905883789,24.835805892944336,0.0019195937784388,0.0,0.414,0.0,0.0,0,0,1,,1.0,2026-03-10T09:27:39.283777,neutral,0.996,2026-03-10T09:27:39.283777,0.117,2026-03-10T09:27:38.944000,66,,,
participant_01,4,day,Town10HD_Opt,2026-03-10T09:27:40.305608,68.72075653076172,24.83563232421875,0.00192012777552,0.005,0.164,0.669,0.0,0,1,-1,,1.0,2026-03-10T09:27:40.305608,neutral,0.996,2026-03-10T09:27:39.283777,0.128,2026-03-10T09:27:39.934000,65,,,
participant_01,4,day,Town10HD_Opt,2026-03-10T09:27:41.354622,68.47927856445312,24.84233665466309,0.0022307203616946,6.646,0.101,0.861,0.0,0,1,-1,,0.802,2026-03-10T09:27:41.354622,neutral,0.998,2026-03-10T09:27:41.354622,0.142,2026-03-10T09:27:40.969000,66,,,
participant_01,4,day,Town10HD_Opt,2026-03-10T09:27:42.422128,67.48222351074219,24.868995666503903,0.0020513152703642,9.267,-0.016,0.0,0.0,0,1,-1,,1.0,2026-03-10T09:27:42.422128,neutral,0.998,2026-03-10T09:27:41.354622,0.157,2026-03-10T09:27:41.959000,66,,,
participant_01,4,day,Town10HD_Opt,2026-03-10T09:27:42.958153,67.04710388183594,24.881139755249023,0.001626129145734,3.843,-0.167,0.0,0.0,0,0,1,,1.0,2026-03-10T09:27:42.958153,neutral,0.998,2026-03-10T09:27:41.354622,0.172,2026-03-10T09:27:42.949000,66,,,
participant_01,4,day,Town10HD_Opt,2026-03-10T09:27:44.007533,66.9194564819336,24.87835693359375,0.0017766952514648,0.193,22.696,0.312,0.0,0,0,1,,1.0,2026-03-10T09:27:44.007533,neutral,0.875,2026-03-10T09:27:44.007533,0.188,2026-03-10T09:27:43.939000,66,,,
participant_01,4,day,Town10HD_Opt,2026-03-10T09:27:45.037910,67.0040054321289,24.89682579040528,0.0017827986739575,2.241,32.313,0.42,0.0,0,0,1,,0.901,2026-03-10T09:27:45.037910,neutral,0.875,2026-03-10T09:27:44.007533,0.206,2026-03-10T09:27:45.019000,66,,,
participant_01,4,day,Town10HD_Opt,2026-03-10T09:27:46.134730,67.47171020507812,25.00052261352539,0.0017475509084761,6.288,25.834,0.398,0.0,0,0,1,,1.0,2026-03-10T09:27:46.134730,neutral,0.904,2026-03-10T09:27:46.134730,0.223,2026-03-10T09:27:45.964000,66,,,
participant_01,4,day,Town10HD_Opt,2026-03-10T09:27:47.160324,68.28400421142578,25.281763076782227,0.0017965316073969,8.872,32.607,0.387,0.0,0,0,1,,1.0,2026-03-10T09:27:47.160324,neutral,0.904,2026-03-10T09:27:46.134730,0.232,2026-03-10T09:27:46.954000,66,,,
participant_01,4,day,Town10HD_Opt,2026-03-10T09:27:48.155157,69.31509399414062,25.83266830444336,0.001815948402509,11.267,22.32,0.291,0.0,0,0,1,,1.0,2026-03-10T09:27:48.155157,neutral,0.514,2026-03-10T09:27:48.155157,0.242,2026-03-10T09:27:47.944000,67,,,
participant_01,4,day,Town10HD_Opt,2026-03-10T09:27:49.207343,70.53335571289062,26.508230209350582,0.0018633651779964,12.498,9.633,0.243,0.0,0,0,1,,1.0,2026-03-10T09:27:49.207343,neutral,0.514,2026-03-10T09:27:48.155157,0.253,2026-03-10T09:27:49.069000,67,,,
participant_01,4,day,Town10HD_Opt,2026-03-10T09:27:50.255114,71.82527923583984,27.24282455444336,0.0018929671496152,13.0,-12.876,0.241,0.0,0,0,1,,1.0,2026-03-10T09:27:50.255114,neutral,0.976,2026-03-10T09:27:50.255114,0.263,2026-03-10T09:27:49.969000,68,,,
participant_01,4,day,Town10HD_Opt,2026-03-10T09:27:51.354145,73.2822494506836,27.69487762451172,0.0018983840709552,13.573,-16.607,0.31,0.0,0,0,1,,1.0,2026-03-10T09:27:51.354145,neutral,0.976,2026-03-10T09:27:50.255114,0.272,2026-03-10T09:27:50.959000,68,,,
participant_01,4,day,Town10HD_Opt,2026-03-10T09:27:52.410997,74.8793716430664,28.06855583190918,0.001910591032356,13.891,-9.004,0.0,0.0,0,0,1,,0.802,2026-03-10T09:27:52.410997,neutral,0.929,2026-03-10T09:27:52.410997,0.278,2026-03-10T09:27:51.948000,68,Solid line crossing,Solid line crossing,
participant_01,4,day,Town10HD_Opt,2026-03-10T09:27:53.040514,75.65402221679688,28.20743179321289,0.0019911956042051,12.971,-12.279,0.0,0.0,0,0,1,,1.0,2026-03-10T09:27:53.040514,neutral,0.929,2026-03-10T09:27:52.410997,0.282,2026-03-10T09:27:52.939000,68,,,
participant_01,4,day,Town10HD_Opt,2026-03-10T09:27:54.221251,77.0289077758789,28.322895050048828,0.0020266340579837,10.59,-10.086,0.0,0.08,0,0,1,,1.0,2026-03-10T09:27:54.221251,neutral,0.929,2026-03-10T09:27:52.410997,0.288,2026-03-10T09:27:53.975000,69,,,
participant_01,4,day,Town10HD_Opt,2026-03-10T09:27:55.335912,78.141845703125,28.358720779418945,0.0020389556884765,8.131,-6.865,0.0,0.183,0,0,1,,1.0,2026-03-10T09:27:55.335912,neutral,0.989,2026-03-10T09:27:55.335912,0.293,2026-03-10T09:27:54.963000,68,,,
participant_01,4,day,Town10HD_Opt,2026-03-10T09:27:56.393039,78.96074676513672,28.36716651916504,0.002043189946562,5.592,-5.87,0.0,0.149,0,0,1,,1.0,2026-03-10T09:27:56.393039,neutral,0.989,2026-03-10T09:27:55.335912,0.297,2026-03-10T09:27:55.954000,68,,,
participant_01,4,day,Town10HD_Opt,2026-03-10T09:27:56.970329,79.09420013427734,28.367143630981445,0.0023611448705196,0.001,-5.87,0.0,0.144,0,0,1,,0.801,2026-03-10T09:27:56.970329,neutral,0.989,2026-03-10T09:27:55.335912,0.301,2026-03-10T09:27:56.944000,68,,,
participant_01,4,day,Town10HD_Opt,2026-03-10T09:27:57.992339,79.09468078613281,28.367094039916992,0.0019733810331672,0.0,-2.697,0.0,0.104,0,0,1,,1.0,2026-03-10T09:27:57.992339,neutral,0.993,2026-03-10T09:27:57.992339,0.302,2026-03-10T09:27:57.978000,68,,,
participant_01,4,day,Town10HD_Opt,2026-03-10T09:27:58.982525,79.09474182128906,28.36708641052246,0.0019249343313276,0.0,0.068,0.0,0.04,0,0,1,,1.0,2026-03-10T09:27:58.982525,neutral,0.993,2026-03-10T09:27:57.992339,0.302,2026-03-10T09:27:58.969000,68,,,
participant_01,4,day,Town10HD_Opt,2026-03-10T09:28:00.042066,79.0947494506836,28.36708641052246,0.0019195937784388,0.0,-0.841,0.0,0.03,0,0,1,,1.0,2026-03-10T09:28:00.042066,neutral,0.963,2026-03-10T09:28:00.042066,0.302,2026-03-10T09:27:59.958000,69,,,
participant_01,4,day,Town10HD_Opt,2026-03-10T09:28:01.062773,79.0947494506836,28.36708641052246,0.0019195937784388,0.0,-0.862,0.0,0.026,0,0,1,,0.813,2026-03-10T09:28:01.062773,neutral,0.963,2026-03-10T09:28:00.042066,0.304,2026-03-10T09:28:00.949000,69,,,
participant_01,4,day,Town10HD_Opt,2026-03-10T09:28:02.061627,79.0947494506836,28.36708641052246,0.0019195937784388,0.0,-0.881,0.0,0.0,0,0,1,,0.854,2026-03-10T09:28:02.061627,neutral,0.946,2026-03-10T09:28:02.061627,0.309,2026-03-10T09:28:01.939000,68,,,
participant_01,4,day,Town10HD_Opt,2026-03-10T09:28:03.015994,79.0947494506836,28.36708641052246,0.0019195937784388,0.0,-0.914,0.0,0.0,0,0,1,,0.804,2026-03-10T09:28:03.015994,neutral,0.946,2026-03-10T09:28:02.061627,0.309,2026-03-10T09:28:01.939000,68,,,
participant_01,4,day,Town10HD_Opt,2026-03-10T09:28:04.028552,79.0947494506836,28.36708641052246,0.0019195937784388,0.0,-0.914,0.0,0.0,0,0,1,,1.0,2026-03-10T09:28:04.028552,neutral,0.946,2026-03-10T09:28:02.061627,0.325,2026-03-10T09:28:03.964000,68,,,
participant_01,4,day,Town10HD_Opt,2026-03-10T09:28:05.011495,79.0947494506836,28.36708641052246,0.0019195937784388,0.0,-0.942,0.0,0.0,0,0,1,,0.806,2026-03-10T09:28:05.011495,neutral,0.998,2026-03-10T09:28:05.011495,0.331,2026-03-10T09:28:04.954000,68,,,
participant_01,4,day,Town10HD_Opt,2026-03-10T09:28:06.063072,79.0947494506836,28.36708641052246,0.0019195937784388,0.0,-0.954,0.0,0.0,0,0,1,,1.0,2026-03-10T09:28:06.063072,neutral,0.998,2026-03-10T09:28:05.011495,0.339,2026-03-10T09:28:05.944000,68,,,
participant_01,4,day,Town10HD_Opt,2026-03-10T09:28:07.061548,79.0947494506836,28.36708641052246,0.0019195937784388,0.0,-0.954,0.0,0.0,0,0,1,,1.0,2026-03-10T09:28:07.061548,neutral,0.985,2026-03-10T09:28:07.061548,0.346,2026-03-10T09:28:06.979000,69,,,
participant_01,4,day,Town10HD_Opt,2026-03-10T09:28:08.087184,79.0947494506836,28.36708641052246,0.0019195937784388,0.0,-0.978,0.0,0.0,0,0,1,,1.0,2026-03-10T09:28:08.087184,neutral,0.985,2026-03-10T09:28:07.061548,0.352,2026-03-10T09:28:07.968000,69,,,
participant_01,4,day,Town10HD_Opt,2026-03-10T09:28:09.096664,79.0947494506836,28.36708641052246,0.0019195937784388,0.0,-0.971,0.0,0.0,0,0,1,,1.0,2026-03-10T09:28:09.096664,neutral,0.981,2026-03-10T09:28:09.096664,0.358,2026-03-10T09:28:08.959000,68,,,
participant_01,4,day,Town10HD_Opt,2026-03-10T09:28:10.170124,79.0947494506836,28.36708641052246,0.0019195937784388,0.0,-1.283,0.0,0.0,0,0,1,,1.0,2026-03-10T09:28:10.170124,neutral,0.981,2026-03-10T09:28:09.096664,0.363,2026-03-10T09:28:09.949000,67,,,
participant_01,4,day,Town10HD_Opt,2026-03-10T09:28:11.273772,79.0947494506836,28.36708641052246,0.0019195937784388,0.0,-3.026,0.0,0.0,0,0,1,,1.0,2026-03-10T09:28:11.273772,neutral,0.995,2026-03-10T09:28:11.273772,0.366,2026-03-10T09:28:10.984000,68,,,
participant_01,4,day,Town10HD_Opt,2026-03-10T09:28:12.308105,79.0947494506836,28.36708641052246,0.0019195937784388,0.0,-3.222,0.0,0.0,0,0,1,,0.83,2026-03-10T09:28:12.308105,neutral,0.995,2026-03-10T09:28:11.273772,0.369,2026-03-10T09:28:11.974000,68,,,
participant_01,4,day,Town10HD_Opt,2026-03-10T09:28:13.323586,79.0947494506836,28.36708641052246,0.0019195937784388,0.0,-3.523,0.0,0.0,0,0,1,,1.0,2026-03-10T09:28:13.323586,neutral,0.993,2026-03-10T09:28:13.323586,0.373,2026-03-10T09:28:12.964000,68,,,
participant_01,4,day,Town10HD_Opt,2026-03-10T09:28:14.364658,79.0947494506836,28.36708641052246,0.0019195937784388,0.0,-3.523,0.0,0.0,0,0,1,,1.0,2026-03-10T09:28:14.364658,neutral,0.993,2026-03-10T09:28:13.323586,0.369,2026-03-10T09:28:14,68,,,
participant_01,4,day,Town10HD_Opt,2026-03-10T09:28:15.381481,79.0947494506836,28.36708641052246,0.0019195937784388,0.0,-3.523,0.0,0.0,0,0,1,,1.0,2026-03-10T09:28:15.381481,neutral,0.997,2026-03-10T09:28:15.381481,0.368,2026-03-10T09:28:14.989000,68,,,
participant_01,4,day,Town10HD_Opt,2026-03-10T09:28:16.413405,79.0947494506836,28.36708641052246,0.0019195937784388,0.0,-3.674,0.0,0.0,0,0,1,,0.868,2026-03-10T09:28:16.413405,neutral,0.997,2026-03-10T09:28:15.381481,0.366,2026-03-10T09:28:15.979000,68,,,
participant_01,4,day,Town10HD_Opt,2026-03-10T09:28:16.931570,79.0947494506836,28.36708641052246,0.0019195937784388,0.0,-4.325,0.0,0.0,0,0,1,,1.0,2026-03-10T09:28:16.931570,neutral,0.997,2026-03-10T09:28:15.381481,0.366,2026-03-10T09:28:15.979000,68,,,
participant_01,4,day,Town10HD_Opt,2026-03-10T09:28:18.407604,79.0947494506836,28.36708641052246,0.0019195937784388,0.0,-4.383,0.0,0.0,0,0,1,,0.811,2026-03-10T09:28:18.407604,neutral,0.999,2026-03-10T09:28:18.407604,0.361,2026-03-10T09:28:17.960000,65,,,
participant_01,4,day,Town10HD_Opt,2026-03-10T09:28:19.388010,79.0947494506836,28.36708641052246,0.0019195937784388,0.0,-4.383,0.0,0.0,0,0,1,,1.0,2026-03-10T09:28:19.388010,neutral,0.999,2026-03-10T09:28:18.407604,0.362,2026-03-10T09:28:18.949000,64,,,
participant_01,4,day,Town10HD_Opt,2026-03-10T09:28:20.407406,79.0947494506836,28.36708641052246,0.0019195937784388,0.0,-4.383,0.0,0.0,0,0,1,,0.853,2026-03-10T09:28:20.407406,neutral,0.999,2026-03-10T09:28:18.407604,0.365,2026-03-10T09:28:19.984000,65,,,
participant_01,4,day,Town10HD_Opt,2026-03-10T09:28:20.955597,79.0947494506836,28.36708641052246,0.0019195937784388,0.0,-4.383,0.0,0.0,0,0,1,,0.802,2026-03-10T09:28:20.955597,neutral,0.995,2026-03-10T09:28:20.955597,0.365,2026-03-10T09:28:19.984000,65,,,
participant_01,4,day,Town10HD_Opt,2026-03-10T09:28:21.947886,79.0947494506836,28.36708641052246,0.0019195937784388,0.0,-4.407,0.0,0.0,0,0,1,,1.0,2026-03-10T09:28:21.947886,neutral,0.995,2026-03-10T09:28:20.955597,0.369,2026-03-10T09:28:20.976000,65,,,
participant_01,4,day,Town10HD_Opt,2026-03-10T09:28:22.975555,79.0947494506836,28.36708641052246,0.0019195937784388,0.0,-4.419,0.0,0.0,0,0,1,,1.0,2026-03-10T09:28:22.975555,neutral,0.997,2026-03-10T09:28:22.975555,0.372,2026-03-10T09:28:22.955000,66,,,
participant_01,4,day,Town10HD_Opt,2026-03-10T09:28:23.949954,79.0947494506836,28.36708641052246,0.0019195937784388,0.0,-4.419,0.0,0.0,0,0,1,,1.0,2026-03-10T09:28:23.949954,neutral,0.997,2026-03-10T09:28:22.975555,0.374,2026-03-10T09:28:23.944000,67,,,
participant_01,4,day,Town10HD_Opt,2026-03-10T09:28:24.987162,79.0947494506836,28.36708641052246,0.0019195937784388,0.0,-5.744,0.0,0.0,0,0,1,,1.0,2026-03-10T09:28:24.987162,neutral,0.998,2026-03-10T09:28:24.987162,0.374,2026-03-10T09:28:23.944000,67,,,
participant_01,4,day,Town10HD_Opt,2026-03-10T09:28:26.004332,79.0947494506836,28.36708641052246,0.0019195937784388,0.0,-6.348,0.0,0.0,0,0,1,,0.867,2026-03-10T09:28:26.004332,neutral,0.998,2026-03-10T09:28:24.987162,0.377,2026-03-10T09:28:25.073000,68,,,
participant_01,4,day,Town10HD_Opt,2026-03-10T09:28:27.006386,79.0947494506836,28.36708641052246,0.0019195937784388,0.0,-6.35,0.0,0.0,0,0,1,,0.938,2026-03-10T09:28:27.006386,neutral,0.996,2026-03-10T09:28:27.006386,0.389,2026-03-10T09:28:27.005000,66,,,
participant_01,4,day,Town10HD_Opt,2026-03-10T09:28:27.994262,79.0947494506836,28.36708641052246,0.0019195937784388,0.0,-6.469,0.0,0.0,0,0,1,,0.825,2026-03-10T09:28:27.994262,neutral,0.996,2026-03-10T09:28:27.006386,0.396,2026-03-10T09:28:27.950000,67,,,
participant_01,4,day,Town10HD_Opt,2026-03-10T09:28:29.001737,79.0947494506836,28.36708641052246,0.0019195937784388,0.0,-6.488,0.0,0.0,0,0,1,,1.0,2026-03-10T09:28:29.001737,neutral,0.996,2026-03-10T09:28:27.006386,0.406,2026-03-10T09:28:28.940000,67,,,
participant_01,4,day,Town10HD_Opt,2026-03-10T09:28:30.035414,79.0947494506836,28.36708641052246,0.0019195937784388,0.0,-6.49,0.0,0.0,0,0,1,,1.0,2026-03-10T09:28:30.035414,neutral,0.993,2026-03-10T09:28:30.035414,0.412,2026-03-10T09:28:29.977000,67,,,
participant_01,4,day,Town10HD_Opt,2026-03-10T09:28:31.022355,79.0947494506836,28.36708641052246,0.0019195937784388,0.0,-6.511,0.0,0.0,0,0,1,,0.851,2026-03-10T09:28:31.022355,neutral,0.993,2026-03-10T09:28:30.035414,0.419,2026-03-10T09:28:30.965000,68,,,
participant_01,4,day,Town10HD_Opt,2026-03-10T09:28:32.005993,79.0947494506836,28.36708641052246,0.0019195937784388,0.0,-6.547,0.0,0.0,0,0,1,,1.0,2026-03-10T09:28:32.005993,neutral,0.993,2026-03-10T09:28:30.035414,0.427,2026-03-10T09:28:31.955000,67,,,
participant_01,4,day,Town10HD_Opt,2026-03-10T09:28:33.036885,79.0947494506836,28.36708641052246,0.0019195937784388,0.0,-6.682,0.0,0.0,0,0,1,,1.0,2026-03-10T09:28:33.036885,neutral,0.982,2026-03-10T09:28:33.036885,0.435,2026-03-10T09:28:32.944000,67,,,
participant_01,4,day,Town10HD_Opt,2026-03-10T09:28:34.052899,79.0947494506836,28.36708641052246,0.0019195937784388,0.0,-6.682,0.0,0.0,0,0,1,,0.822,2026-03-10T09:28:34.052899,neutral,0.982,2026-03-10T09:28:33.036885,0.443,2026-03-10T09:28:33.979000,67,,,
participant_01,4,day,Town10HD_Opt,2026-03-10T09:28:35.048955,79.0947494506836,28.36708641052246,0.0019195937784388,0.0,-7.487,0.0,0.0,0,0,1,,1.0,2026-03-10T09:28:35.048955,neutral,0.997,2026-03-10T09:28:35.048955,0.446,2026-03-10T09:28:34.969000,68,,,
participant_01,4,day,Town10HD_Opt,2026-03-10T09:28:36.096416,79.09563446044922,28.36704444885254,0.0019126510014757,0.226,-11.776,0.156,0.0,0,0,1,,1.0,2026-03-10T09:28:36.096416,neutral,0.997,2026-03-10T09:28:35.048955,0.449,2026-03-10T09:28:35.960000,68,,,
participant_01,4,day,Town10HD_Opt,2026-03-10T09:28:37.131677,79.222900390625,28.35843849182129,0.0017943572020158,2.464,-13.168,0.0,0.0,0,0,1,,1.0,2026-03-10T09:28:37.131677,neutral,0.977,2026-03-10T09:28:37.131677,0.45,2026-03-10T09:28:36.949000,68,,,
participant_01,4,day,Town10HD_Opt,2026-03-10T09:28:38.221056,79.52326965332031,28.341466903686523,0.0018542861798778,3.361,-9.196,0.42,0.0,0,0,1,,1.0,2026-03-10T09:28:38.221056,neutral,0.977,2026-03-10T09:28:37.131677,0.45,2026-03-10T09:28:37.940000,68,,,
participant_01,4,day,Town10HD_Opt,2026-03-10T09:28:39.309162,80.27751922607422,28.256553649902344,0.0015074538532644,11.275,-13.387,1.0,0.0,0,0,1,,1.0,2026-03-10T09:28:39.309162,neutral,0.998,2026-03-10T09:28:39.309162,0.45,2026-03-10T09:28:38.975000,68,Solid line crossing,Solid line crossing,
participant_01,4,day,Town10HD_Opt,2026-03-10T09:28:40.346289,82.17769622802734,27.952754974365234,0.0017345427768304,20.479,-6.796,0.857,0.0,0,0,1,,1.0,2026-03-10T09:28:40.346289,neutral,0.998,2026-03-10T09:28:39.309162,0.451,2026-03-10T09:28:39.964000,68,,,
participant_01,4,day,Town10HD_Opt,2026-03-10T09:28:41.057386,83.4516372680664,27.705211639404297,0.0017201614100486,23.995,-4.964,0.799,0.0,0,0,1,,1.0,2026-03-10T09:28:41.057386,neutral,0.998,2026-03-10T09:28:39.309162,0.452,2026-03-10T09:28:40.954000,68,,,
participant_01,4,day,Town10HD_Opt,2026-03-10T09:28:42.098505,86.59052276611328,26.9233512878418,0.0016950988210737,31.179,-5.302,0.769,0.0,0,0,1,,0.801,2026-03-10T09:28:42.098505,neutral,0.997,2026-03-10T09:28:42.098505,0.452,2026-03-10T09:28:41.944000,67,,,
participant_01,4,day,Town10HD_Opt,2026-03-10T09:28:43.140262,90.4105224609375,25.597246170043945,0.0017206573393195,37.845,-7.927,0.774,0.0,0,0,1,,1.0,2026-03-10T09:28:43.140262,neutral,0.997,2026-03-10T09:28:42.098505,0.449,2026-03-10T09:28:42.980000,67,,,
participant_01,4,day,Town10HD_Opt,2026-03-10T09:28:44.213534,94.51419067382812,23.28836441040039,0.0018061065347865,43.152,-12.013,0.636,0.0,0,0,1,,1.0,2026-03-10T09:28:44.213534,neutral,0.979,2026-03-10T09:28:44.213534,0.445,2026-03-10T09:28:43.970000,67,,,
participant_01,4,day,Town10HD_Opt,2026-03-10T09:28:45.318405,98.19883728027344,19.94652557373047,0.002196388086304,40.515,-2.631,0.0,0.0,0,0,1,,1.0,2026-03-10T09:28:45.318405,neutral,0.979,2026-03-10T09:28:44.213534,0.441,2026-03-10T09:28:44.959000,67,,,
participant_01,4,day,Town10HD_Opt,2026-03-10T09:28:46.404024,101.11277770996094,16.72182273864746,0.0023260116577148,34.379,-5.941,0.217,0.0,0,0,1,,0.839,2026-03-10T09:28:46.404024,neutral,0.999,2026-03-10T09:28:46.404024,0.439,2026-03-10T09:28:45.994000,67,,,
participant_01,4,day,Town10HD_Opt,2026-03-10T09:28:46.943468,102.29367065429688,15.166020393371582,0.0022280502598732,33.159,-9.966,0.926,0.0,0,0,1,,1.0,2026-03-10T09:28:46.943468,neutral,0.999,2026-03-10T09:28:46.404024,0.439,2026-03-10T09:28:45.994000,67,,,
participant_01,4,day,Town10HD_Opt,2026-03-10T09:28:47.986811,104.4099578857422,11.469654083251951,0.0016815566923469,41.795,-3.867,1.0,0.0,0,0,1,,0.921,2026-03-10T09:28:47.986811,neutral,0.999,2026-03-10T09:28:46.404024,0.437,2026-03-10T09:28:46.986000,68,,,
participant_01,4,day,Town10HD_Opt,2026-03-10T09:28:48.980256,106.59395599365234,6.578831195831299,0.0015789413591846,50.577,-7.23,0.0,0.0,0,0,1,,1.0,2026-03-10T09:28:48.980256,neutral,0.998,2026-03-10T09:28:48.980256,0.427,2026-03-10T09:28:48.965000,69,,,
participant_01,4,day,Town10HD_Opt,2026-03-10T09:28:50.048669,108.11331176757812,0.8699967861175537,0.0021678160410374,48.598,-7.767,0.879,0.0,0,0,1,,1.0,2026-03-10T09:28:50.048669,neutral,0.998,2026-03-10T09:28:48.980256,0.422,2026-03-10T09:28:49.955000,70,,,
participant_01,4,day,Town10HD_Opt,2026-03-10T09:28:51.061128,108.50082397460938,-4.939001560211182,0.0019519042689353,50.934,-0.484,0.0,0.0,0,0,1,,1.0,2026-03-10T09:28:51.061128,neutral,0.99,2026-03-10T09:28:51.061128,0.416,2026-03-10T09:28:50.945000,70,,,
participant_01,4,day,Town10HD_Opt,2026-03-10T09:28:52.078226,108.58292388916016,-10.680913925170898,0.0020457075443118,49.332,-1.394,0.698,0.0,0,0,1,,1.0,2026-03-10T09:28:52.078226,neutral,0.99,2026-03-10T09:28:51.061128,0.413,2026-03-10T09:28:52.025000,70,,,
participant_01,4,day,Town10HD_Opt,2026-03-10T09:28:53.123812,108.46358489990234,-16.548358917236328,0.0021023559384047,49.027,-2.44,0.653,0.0,0,0,1,,1.0,2026-03-10T09:28:53.123812,neutral,0.998,2026-03-10T09:28:53.123812,0.414,2026-03-10T09:28:52.970000,69,,,
participant_01,4,day,Town10HD_Opt,2026-03-10T09:28:54.140629,108.00820922851562,-22.2571964263916,0.001994171179831,49.893,-2.965,0.645,0.0,0,0,1,,1.0,2026-03-10T09:28:54.140629,neutral,0.998,2026-03-10T09:28:53.123812,0.415,2026-03-10T09:28:53.960000,69,,,
participant_01,4,day,Town10HD_Opt,2026-03-10T09:28:55.179237,107.16712951660156,-28.05910301208496,0.0021489334758371,48.837,-3.224,0.635,0.0,0,0,1,,1.0,2026-03-10T09:28:55.179237,neutral,0.999,2026-03-10T09:28:55.179237,0.418,2026-03-10T09:28:54.950000,69,,,
participant_01,4,day,Town10HD_Opt,2026-03-10T09:28:56.260639,105.88250732421876,-33.60690689086914,0.001996879465878,49.618,-5.328,0.63,0.0,0,0,1,,1.0,2026-03-10T09:28:56.260639,neutral,0.999,2026-03-10T09:28:55.179237,0.422,2026-03-10T09:28:55.940000,69,,,
participant_01,4,day,Town10HD_Opt,2026-03-10T09:28:57.326873,103.8885726928711,-39.13246154785156,0.0020825958345085,49.311,-5.976,0.63,0.0,0,0,1,,1.0,2026-03-10T09:28:57.326873,neutral,0.905,2026-03-10T09:28:57.326873,0.426,2026-03-10T09:28:57.020000,69,,,
participant_01,4,day,Town10HD_Opt,2026-03-10T09:28:58.339433,101.1502456665039,-44.15260696411133,0.0020225525368005,49.595,-7.665,0.63,0.0,0,0,1,,1.0,2026-03-10T09:28:58.339433,neutral,0.905,2026-03-10T09:28:57.326873,0.431,2026-03-10T09:28:57.966000,69,,,
participant_01,4,day,Town10HD_Opt,2026-03-10T09:28:59.340465,97.53268432617188,-48.78076171875,0.0020822142250835,49.369,-0.677,0.628,0.0,0,0,1,,1.0,2026-03-10T09:28:59.340465,neutral,0.998,2026-03-10T09:28:59.340465,0.435,2026-03-10T09:28:58.955000,69,,,
participant_01,4,day,Town10HD_Opt,2026-03-10T09:29:00.343580,93.69612121582033,-53.06841278076172,0.0020135878585278,49.87,-5.817,0.611,0.0,0,0,1,,1.0,2026-03-10T09:29:00.343580,neutral,0.998,2026-03-10T09:28:59.340465,0.439,2026-03-10T09:28:59.945000,69,,,
participant_01,4,day,Town10HD_Opt,2026-03-10T09:29:01.363099,89.29255676269531,-56.91993713378906,0.0021301268134266,49.028,-4.945,0.609,0.0,0,0,1,,1.0,2026-03-10T09:29:01.363099,neutral,0.999,2026-03-10T09:29:01.363099,0.443,2026-03-10T09:29:01.025000,70,,,
participant_01,4,day,Town10HD_Opt,2026-03-10T09:29:02.354118,84.51953125,-60.03876495361328,0.0020136260427534,49.489,-5.612,0.603,0.0,0,0,1,,1.0,2026-03-10T09:29:02.354118,neutral,0.999,2026-03-10T09:29:01.363099,0.441,2026-03-10T09:29:01.970000,69,,,
participant_01,4,day,Town10HD_Opt,2026-03-10T09:29:03.361895,79.17391204833984,-62.41316604614258,0.0020068360026925,50.412,-8.048,0.597,0.0,0,0,1,,1.0,2026-03-10T09:29:03.361895,neutral,0.999,2026-03-10T09:29:01.363099,0.435,2026-03-10T09:29:02.960000,69,,,
participant_01,4,day,Town10HD_Opt,2026-03-10T09:29:04.393901,73.57475280761719,-63.69050216674805,0.002055206336081,49.327,-5.46,0.586,0.0,0,0,1,,0.846,2026-03-10T09:29:04.393901,neutral,1.0,2026-03-10T09:29:04.393901,0.429,2026-03-10T09:29:03.950000,68,,,
participant_01,4,day,Town10HD_Opt,2026-03-10T09:29:04.963301,70.69091033935547,-63.97627639770508,0.002000655978918,50.037,-3.153,0.586,0.0,0,0,1,,1.0,2026-03-10T09:29:04.963301,neutral,1.0,2026-03-10T09:29:04.393901,0.425,2026-03-10T09:29:04.940000,68,,,
participant_01,4,day,Town10HD_Opt,2026-03-10T09:29:06.012787,64.85208129882812,-64.17053985595703,0.0021174622233957,49.168,-0.369,0.585,0.0,0,0,1,,1.0,2026-03-10T09:29:06.012787,neutral,1.0,2026-03-10T09:29:04.393901,0.425,2026-03-10T09:29:04.940000,68,,,
participant_01,4,day,Town10HD_Opt,2026-03-10T09:29:07.040956,59.07602310180664,-64.22038269042969,0.0019971083384007,50.144,0.11,0.586,0.0,0,0,1,,1.0,2026-03-10T09:29:07.040956,neutral,0.997,2026-03-10T09:29:07.040956,0.409,2026-03-10T09:29:06.965000,69,,,
participant_01,4,day,Town10HD_Opt,2026-03-10T09:29:08.082922,53.24440383911133,-64.25114440917969,0.0021139525342732,49.115,-0.719,0.586,0.0,0,0,1,,1.0,2026-03-10T09:29:08.082922,neutral,0.997,2026-03-10T09:29:07.040956,0.405,2026-03-10T09:29:07.955000,69,,,
participant_01,4,day,Town10HD_Opt,2026-03-10T09:29:09.136616,47.45991134643555,-64.22490692138672,0.0019920729100704,50.249,1.036,0.585,0.0,0,0,1,,1.0,2026-03-10T09:29:09.136616,neutral,1.0,2026-03-10T09:29:09.136616,0.403,2026-03-10T09:29:08.945000,69,,,
participant_01,4,day,Town10HD_Opt,2026-03-10T09:29:10.132876,41.64223098754883,-64.26464080810547,0.0021060181315988,49.087,-0.733,0.571,0.0,0,0,1,,1.0,2026-03-10T09:29:10.132876,neutral,1.0,2026-03-10T09:29:09.136616,0.399,2026-03-10T09:29:09.981000,69,,,
participant_01,4,day,Town10HD_Opt,2026-03-10T09:29:11.153271,35.91079330444336,-64.26063537597656,0.0020682143513113,48.859,0.858,0.416,0.0,0,0,1,,1.0,2026-03-10T09:29:11.153271,neutral,0.999,2026-03-10T09:29:11.153271,0.396,2026-03-10T09:29:10.970000,68,,,
participant_01,4,day,Town10HD_Opt,2026-03-10T09:29:12.179505,30.28704261779785,-64.29861450195312,0.0021075056865811,47.498,-0.341,0.39,0.0,0,0,1,,1.0,2026-03-10T09:29:12.179505,neutral,0.999,2026-03-10T09:29:11.153271,0.396,2026-03-10T09:29:11.961000,67,,,
participant_01,4,day,Town10HD_Opt,2026-03-10T09:29:13.224846,24.84038734436035,-64.35065460205078,0.0021187209058552,45.783,-0.181,0.385,0.0,0,0,1,,1.0,2026-03-10T09:29:13.224846,neutral,1.0,2026-03-10T09:29:13.224846,0.398,2026-03-10T09:29:12.950000,66,,,
participant_01,4,day,Town10HD_Opt,2026-03-10T09:29:14.246064,19.5744571685791,-64.37261962890625,0.0021151732653379,44.416,-0.085,0.383,0.0,0,0,1,,1.0,2026-03-10T09:29:14.246064,neutral,1.0,2026-03-10T09:29:13.224846,0.402,2026-03-10T09:29:13.987000,66,,,
participant_01,4,day,Town10HD_Opt,2026-03-10T09:29:15.250643,14.47490406036377,-64.39280700683594,0.0021091080270707,43.055,0.2,0.381,0.0,0,0,1,,1.0,2026-03-10T09:29:15.250643,neutral,0.981,2026-03-10T09:29:15.250643,0.401,2026-03-10T09:29:15.066000,67,,,
participant_01,4,day,Town10HD_Opt,2026-03-10T09:29:16.288709,9.531293869018556,-64.43547058105469,0.0021133041009306,41.647,-0.136,0.316,0.0,0,0,1,,1.0,2026-03-10T09:29:16.288709,neutral,0.981,2026-03-10T09:29:15.250643,0.403,2026-03-10T09:29:15.965000,67,,,
participant_01,4,day,Town10HD_Opt,2026-03-10T09:29:17.261587,4.806088924407959,-64.46198272705078,0.0021640777122229,38.917,-0.383,0.202,0.0,0,0,1,,1.0,2026-03-10T09:29:17.261587,neutral,0.995,2026-03-10T09:29:17.261587,0.41,2026-03-10T09:29:16.956000,68,,,
participant_01,4,day,Town10HD_Opt,2026-03-10T09:29:18.244736,0.4658091366291046,-64.46160888671875,0.0022591399028897,34.866,0.103,0.0,0.0,0,0,1,,1.0,2026-03-10T09:29:18.244736,neutral,0.995,2026-03-10T09:29:17.261587,0.412,2026-03-10T09:29:17.990000,68,,,
participant_01,4,day,Town10HD_Opt,2026-03-10T09:29:19.233905,-3.2734181880950928,-64.46707153320312,0.0023019791115075,29.422,0.103,0.0,0.0,0,0,1,,1.0,2026-03-10T09:29:19.233905,neutral,0.995,2026-03-10T09:29:17.261587,0.416,2026-03-10T09:29:18.980000,68,,,
participant_01,4,day,Town10HD_Opt,2026-03-10T09:29:20.211226,-6.411173343658447,-64.47785949707031,0.0022787856869399,24.573,0.176,0.0,0.0,0,0,1,,1.0,2026-03-10T09:29:20.211226,neutral,1.0,2026-03-10T09:29:20.211226,0.42,2026-03-10T09:29:19.970000,69,,,
participant_01,4,day,Town10HD_Opt,2026-03-10T09:29:21.220134,-9.018375396728516,-64.49337005615234,0.0022516632452607,20.305,0.172,0.003,0.0,0,0,1,,1.0,2026-03-10T09:29:21.220134,neutral,1.0,2026-03-10T09:29:20.211226,0.42,2026-03-10T09:29:20.960000,69,,,
participant_01,4,day,Town10HD_Opt,2026-03-10T09:29:22.221001,-11.187313079833984,-64.51789093017578,0.0019281386630609,17.415,0.618,0.125,0.0,0,0,1,,1.0,2026-03-10T09:29:22.221001,neutral,0.992,2026-03-10T09:29:22.221001,0.422,2026-03-10T09:29:21.950000,69,,,
participant_01,4,day,Town10HD_Opt,2026-03-10T09:29:23.287570,-13.099899291992188,-64.5475082397461,0.0020332718268036,14.88,0.075,0.0,0.0,0,0,1,,1.0,2026-03-10T09:29:23.287570,neutral,0.992,2026-03-10T09:29:22.221001,0.424,2026-03-10T09:29:22.986000,68,,,
participant_01,4,day,Town10HD_Opt,2026-03-10T09:29:24.343508,-14.711453437805176,-64.57213592529297,0.002036933787167,12.654,0.075,0.0,0.0,0,0,1,,1.0,2026-03-10T09:29:24.343508,neutral,0.993,2026-03-10T09:29:24.343508,0.425,2026-03-10T09:29:23.975000,69,,,
participant_01,4,day,Town10HD_Opt,2026-03-10T09:29:25.384539,-16.063003540039062,-64.5936279296875,0.0020187757909297,10.617,0.075,0.0,0.0,0,0,1,,1.0,2026-03-10T09:29:25.384539,neutral,0.993,2026-03-10T09:29:24.343508,0.428,2026-03-10T09:29:24.965000,70,,,
participant_01,4,day,Town10HD_Opt,2026-03-10T09:29:26.379841,-17.196475982666016,-64.6123046875,0.0020029449369758,8.902,0.087,0.0,0.0,0,0,1,,0.863,2026-03-10T09:29:26.379841,neutral,0.995,2026-03-10T09:29:26.379841,0.429,2026-03-10T09:29:25.955000,70,,,
participant_01,4,day,Town10HD_Opt,2026-03-10T09:29:27.351946,-18.14687156677246,-64.62849426269531,0.0019894789438694,7.464,0.087,0.0,0.0,0,0,1,,1.0,2026-03-10T09:29:27.351946,neutral,0.995,2026-03-10T09:29:26.379841,0.426,2026-03-10T09:29:26.990000,70,,,
participant_01,4,day,Town10HD_Opt,2026-03-10T09:29:28.364876,-18.94373893737793,-64.64241790771484,0.0019782257732003,6.167,0.087,0.0,0.0,0,0,1,,1.0,2026-03-10T09:29:28.364876,neutral,0.995,2026-03-10T09:29:26.379841,0.422,2026-03-10T09:29:28.074000,70,,,
participant_01,4,day,Town10HD_Opt,2026-03-10T09:29:29.343297,-19.611860275268555,-64.6544189453125,0.0019686890300363,5.171,0.134,0.0,0.0,0,0,1,,1.0,2026-03-10T09:29:29.343297,neutral,1.0,2026-03-10T09:29:29.343297,0.418,2026-03-10T09:29:28.970000,69,,,
participant_01,4,day,Town10HD_Opt,2026-03-10T09:29:30.359683,-20.17202377319336,-64.66487121582031,0.0019606780260801,4.4,0.134,0.0,0.0,0,0,1,,1.0,2026-03-10T09:29:30.359683,neutral,1.0,2026-03-10T09:29:29.343297,0.411,2026-03-10T09:29:30.050000,69,,,
participant_01,4,day,Town10HD_Opt,2026-03-10T09:29:31.335620,-20.64166641235352,-64.67403411865234,0.0019539259374141,3.689,0.352,0.0,0.0,0,0,1,,1.0,2026-03-10T09:29:31.335620,neutral,1.0,2026-03-10T09:29:29.343297,0.41,2026-03-10T09:29:30.950000,68,,,
participant_01,4,day,Town10HD_Opt,2026-03-10T09:29:32.295530,-21.035404205322266,-64.68277740478516,0.0019482421921566,3.093,0.508,0.0,0.0,0,0,1,,1.0,2026-03-10T09:29:32.295530,neutral,1.0,2026-03-10T09:29:32.295530,0.404,2026-03-10T09:29:31.986000,68,,,
participant_01,4,day,Town10HD_Opt,2026-03-10T09:29:33.263173,-21.36550521850586,-64.69102478027344,0.0019435882568359,2.593,0.644,0.0,0.0,0,0,1,,0.907,2026-03-10T09:29:33.263173,neutral,1.0,2026-03-10T09:29:32.295530,0.399,2026-03-10T09:29:32.975000,69,Solid line crossing,Solid line crossing,
participant_01,4,day,Town10HD_Opt,2026-03-10T09:29:34.252657,-21.64224624633789,-64.69824981689453,0.001939506502822,2.174,0.644,0.0,0.0,0,0,1,,1.0,2026-03-10T09:29:34.252657,neutral,1.0,2026-03-10T09:29:32.295530,0.394,2026-03-10T09:29:33.965000,69,,,
participant_01,4,day,Town10HD_Opt,2026-03-10T09:29:35.341594,-21.87428092956543,-64.70440673828125,0.0019363402388989,1.823,0.47,0.0,0.0,0,0,1,,1.0,2026-03-10T09:29:35.341594,neutral,0.998,2026-03-10T09:29:35.341594,0.39,2026-03-10T09:29:35,70,,,
participant_01,4,day,Town10HD_Opt,2026-03-10T09:29:36.313896,-22.06882095336914,-64.70952606201172,0.0019332885276526,1.528,0.47,0.0,0.0,0,0,1,,0.854,2026-03-10T09:29:36.313896,neutral,0.998,2026-03-10T09:29:35.341594,0.389,2026-03-10T09:29:35.991000,69,,,
participant_01,4,day,Town10HD_Opt,2026-03-10T09:29:37.300560,-22.23192405700684,-64.71389770507812,0.0019311904907226,1.263,0.472,0.0,0.0,0,0,1,,0.827,2026-03-10T09:29:37.300560,neutral,0.998,2026-03-10T09:29:35.341594,0.388,2026-03-10T09:29:36.980000,69,,,
participant_01,4,day,Town10HD_Opt,2026-03-10T09:29:38.265247,-22.368677139282227,-64.71769714355469,0.0019292067736387,1.059,0.529,0.0,0.0,0,0,1,,0.834,2026-03-10T09:29:38.265247,neutral,1.0,2026-03-10T09:29:38.265247,0.389,2026-03-10T09:29:37.970000,70,,,
participant_01,4,day,Town10HD_Opt,2026-03-10T09:29:39.289408,-22.483402252197266,-64.72090911865234,0.0019274520454928,0.901,0.529,0.0,0.0,0,0,1,,1.0,2026-03-10T09:29:39.289408,neutral,1.0,2026-03-10T09:29:38.265247,0.388,2026-03-10T09:29:38.961000,70,,,
participant_01,4,day,Town10HD_Opt,2026-03-10T09:29:40.315764,-22.57962417602539,-64.72364807128906,0.0019260406261309,0.745,0.529,0.0,0.0,0,0,1,,1.0,2026-03-10T09:29:40.315764,neutral,0.999,2026-03-10T09:29:40.315764,0.388,2026-03-10T09:29:39.951000,70,,,
participant_01,4,day,Town10HD_Opt,2026-03-10T09:29:41.332376,-22.659467697143555,-64.72589874267578,0.0019311141222715,0.399,0.564,0.905,0.0,0,0,1,,1.0,2026-03-10T09:29:41.332376,neutral,0.999,2026-03-10T09:29:40.315764,0.385,2026-03-10T09:29:40.985000,70,Solid line crossing,Solid line crossing,
participant_01,4,day,Town10HD_Opt,2026-03-10T09:29:42.344531,-23.04912757873535,-64.74102020263672,0.0015958022559061,7.757,1.758,0.796,0.0,0,0,1,,0.913,2026-03-10T09:29:42.344531,neutral,0.999,2026-03-10T09:29:42.344531,0.383,2026-03-10T09:29:42.021000,70,,,
participant_01,4,day,Town10HD_Opt,2026-03-10T09:29:43.331473,-24.438600540161133,-64.80547332763672,0.0014337539905682,16.937,1.495,1.0,0.0,0,0,1,,0.948,2026-03-10T09:29:43.331473,neutral,0.999,2026-03-10T09:29:42.344531,0.381,2026-03-10T09:29:43.010000,70,,,
participant_01,4,day,Town10HD_Opt,2026-03-10T09:29:44.346516,-26.90789794921875,-64.94483947753906,0.001642188988626,25.469,1.253,0.971,0.0,0,0,1,,1.0,2026-03-10T09:29:44.346516,neutral,0.987,2026-03-10T09:29:44.346516,0.375,2026-03-10T09:29:43.956000,72,,,
participant_01,4,day,Town10HD_Opt,2026-03-10T09:29:45.303072,-30.50470352172852,-65.203369140625,0.0015641783829778,35.601,-0.033,0.779,0.0,0,0,1,,1.0,2026-03-10T09:29:45.303072,neutral,0.987,2026-03-10T09:29:44.346516,0.37,2026-03-10T09:29:45.036000,74,,,
participant_01,4,day,Town10HD_Opt,2026-03-10T09:29:46.331396,-35.03041458129883,-65.53217315673828,0.0017552947392687,41.423,-0.533,0.647,0.0,0,0,1,,1.0,2026-03-10T09:29:46.331396,neutral,0.987,2026-03-10T09:29:44.346516,0.365,2026-03-10T09:29:45.981000,75,,,
participant_01,4,day,Town10HD_Opt,2026-03-10T09:29:47.358347,-40.063026428222656,-65.83963012695312,0.0018716048216447,44.766,-0.733,0.634,0.0,0,0,1,,0.903,2026-03-10T09:29:47.358347,neutral,1.0,2026-03-10T09:29:47.358347,0.36,2026-03-10T09:29:46.971000,75,,,
participant_01,4,day,Town10HD_Opt,2026-03-10T09:29:48.356584,-45.44459533691406,-66.08895874023438,0.0019106674008071,47.428,-0.197,0.61,0.0,0,0,1,,1.0,2026-03-10T09:29:48.356584,neutral,1.0,2026-03-10T09:29:47.358347,0.356,2026-03-10T09:29:47.960000,75,,,
participant_01,4,day,Town10HD_Opt,2026-03-10T09:29:49.311394,-51.10567855834961,-66.33000946044922,0.0019346236949786,49.6,0.444,0.597,0.0,0,0,1,,1.0,2026-03-10T09:29:49.311394,neutral,1.0,2026-03-10T09:29:47.358347,0.351,2026-03-10T09:29:48.951000,75,,,
participant_01,4,day,Town10HD_Opt,2026-03-10T09:29:50.273294,-56.94940185546875,-66.63143157958984,0.0020801161881536,49.463,0.451,0.591,0.0,0,0,1,,1.0,2026-03-10T09:29:50.273294,neutral,0.958,2026-03-10T09:29:50.273294,0.346,2026-03-10T09:29:49.985000,75,,,
participant_01,4,day,Town10HD_Opt,2026-03-10T09:29:51.312412,-62.7072868347168,-66.9556655883789,0.002008514245972,49.952,-1.751,0.574,0.0,0,0,1,,1.0,2026-03-10T09:29:51.312412,neutral,0.958,2026-03-10T09:29:50.273294,0.343,2026-03-10T09:29:50.976000,75,,,
participant_01,4,day,Town10HD_Opt,2026-03-10T09:29:52.293257,-68.5616683959961,-67.07015991210938,0.0021121597383171,49.007,-2.748,0.482,0.0,0,0,1,,0.94,2026-03-10T09:29:52.293257,neutral,0.99,2026-03-10T09:29:52.293257,0.342,2026-03-10T09:29:51.966000,76,,,
participant_01,4,day,Town10HD_Opt,2026-03-10T09:29:53.347338,-74.20990753173828,-66.77516174316406,0.0020887374412268,48.137,-3.316,0.47,0.0,0,0,1,,0.945,2026-03-10T09:29:53.347338,neutral,0.99,2026-03-10T09:29:52.293257,0.341,2026-03-10T09:29:52.955000,75,,,
participant_01,4,day,Town10HD_Opt,2026-03-10T09:29:53.972980,-76.9891128540039,-66.4389419555664,0.0020753860007971,47.826,-6.004,0.47,0.0,0,0,1,,0.856,2026-03-10T09:29:53.972980,neutral,0.99,2026-03-10T09:29:52.293257,0.341,2026-03-10T09:29:52.955000,75,,,
participant_01,4,day,Town10HD_Opt,2026-03-10T09:29:54.975270,-82.38157653808594,-65.155029296875,0.002073593204841,47.305,-6.981,0.47,0.0,0,0,1,,0.843,2026-03-10T09:29:54.975270,neutral,0.999,2026-03-10T09:29:54.975270,0.343,2026-03-10T09:29:53.992000,75,,,
participant_01,4,day,Town10HD_Opt,2026-03-10T09:29:55.998959,-87.44108581542969,-63.02372741699219,0.0020655058324337,46.926,-4.898,0.47,0.0,0,0,1,,1.0,2026-03-10T09:29:55.998959,neutral,0.999,2026-03-10T09:29:54.975270,0.343,2026-03-10T09:29:55.971000,74,,,
participant_01,4,day,Town10HD_Opt,2026-03-10T09:29:57.029047,-92.12970733642578,-60.24829864501953,0.0020660017617046,46.548,-6.495,0.47,0.0,0,0,1,,0.819,2026-03-10T09:29:57.029047,neutral,0.999,2026-03-10T09:29:57.029047,0.345,2026-03-10T09:29:56.960000,73,,,
participant_01,4,day,Town10HD_Opt,2026-03-10T09:29:58.116519,-96.33507537841795,-56.84877395629883,0.00206058495678,46.261,-4.473,0.47,0.0,0,0,1,,0.9,2026-03-10T09:29:58.116519,neutral,0.999,2026-03-10T09:29:57.029047,0.344,2026-03-10T09:29:57.951000,73,,,
participant_01,4,day,Town10HD_Opt,2026-03-10T09:29:59.180480,-100.09046936035156,-52.99378967285156,0.0020556640811264,46.054,-3.754,0.47,0.0,0,0,1,,0.805,2026-03-10T09:29:59.180480,neutral,0.999,2026-03-10T09:29:59.180480,0.345,2026-03-10T09:29:58.985000,73,,,
participant_01,4,day,Town10HD_Opt,2026-03-10T09:30:00.184363,-103.43576049804688,-48.80653762817383,0.0020536803640425,45.87,-3.702,0.469,0.0,0,0,1,,0.851,2026-03-10T09:30:00.184363,neutral,0.999,2026-03-10T09:29:59.180480,0.348,2026-03-10T09:29:59.975000,73,,,
participant_01,4,day,Town10HD_Opt,2026-03-10T09:30:01.188764,-106.35614013671876,-44.3370246887207,0.0020527648739516,45.701,-3.95,0.47,0.0,0,0,1,,0.838,2026-03-10T09:30:01.188764,neutral,0.999,2026-03-10T09:30:01.188764,0.351,2026-03-10T09:30:00.966000,73,,,
participant_01,4,day,Town10HD_Opt,2026-03-10T09:30:02.220393,-108.81591796875,-39.61952209472656,0.0020513916388154,45.556,-3.462,0.47,0.0,0,0,1,,1.0,2026-03-10T09:30:02.220393,neutral,0.999,2026-03-10T09:30:01.188764,0.354,2026-03-10T09:30:01.956000,73,,,
participant_01,4,day,Town10HD_Opt,2026-03-10T09:30:03.260806,-110.82118225097656,-34.70852279663086,0.0020518111996352,45.412,-4.704,0.47,0.0,0,0,1,,1.0,2026-03-10T09:30:03.260806,neutral,0.999,2026-03-10T09:30:03.260806,0.362,2026-03-10T09:30:02.991000,73,,,
participant_01,4,day,Town10HD_Opt,2026-03-10T09:30:04.307891,-112.26754760742188,-29.62618064880371,0.0020525360014289,45.254,-4.039,0.467,0.0,0,0,1,,0.826,2026-03-10T09:30:04.307891,neutral,0.999,2026-03-10T09:30:03.260806,0.369,2026-03-10T09:30:04.071000,73,,,
participant_01,4,day,Town10HD_Opt,2026-03-10T09:30:05.323482,-113.20648193359376,-24.45506477355957,0.0020959854591637,44.351,-2.271,0.0,0.0,0,0,1,,0.9,2026-03-10T09:30:05.323482,neutral,0.996,2026-03-10T09:30:05.323482,0.38,2026-03-10T09:30:05.061000,73,,,
participant_01,4,day,Town10HD_Opt,2026-03-10T09:30:06.396252,-113.74142456054688,-19.67448616027832,0.0023418045602738,37.947,-4.926,0.0,0.125,0,0,1,,0.836,2026-03-10T09:30:06.396252,neutral,0.996,2026-03-10T09:30:05.323482,0.391,2026-03-10T09:30:05.961000,72,,,
participant_01,4,day,Town10HD_Opt,2026-03-10T09:30:06.966504,-113.8289031982422,-17.56534194946289,0.0023583220317959,34.202,-2.699,0.0,0.0,0,0,1,,1.0,2026-03-10T09:30:06.966504,neutral,0.996,2026-03-10T09:30:05.323482,0.402,2026-03-10T09:30:06.951000,72,,,
participant_01,4,day,Town10HD_Opt,2026-03-10T09:30:07.983215,-113.84146118164062,-13.615889549255373,0.0019203948322683,35.993,-1.401,1.0,0.0,0,0,1,,1.0,2026-03-10T09:30:07.983215,neutral,0.998,2026-03-10T09:30:07.983215,0.402,2026-03-10T09:30:06.951000,72,,,
participant_01,4,day,Town10HD_Opt,2026-03-10T09:30:09.012725,-113.7242660522461,-8.854402542114258,0.001598548842594,46.27,-0.768,0.876,0.0,0,0,1,,1.0,2026-03-10T09:30:09.012725,neutral,0.998,2026-03-10T09:30:07.983215,0.43,2026-03-10T09:30:08.976000,71,,,
participant_01,4,day,Town10HD_Opt,2026-03-10T09:30:10.078448,-113.47197723388672,-3.11383318901062,0.0017995070666074,51.003,-0.169,0.0,0.1,0,0,1,,1.0,2026-03-10T09:30:10.078448,neutral,0.998,2026-03-10T09:30:10.078448,0.443,2026-03-10T09:30:09.966000,70,,,
participant_01,4,day,Town10HD_Opt,2026-03-10T09:30:11.147849,-113.13699340820312,2.597896337509156,0.0020996856037527,48.31,-4.105,0.49,0.0,0,0,1,,1.0,2026-03-10T09:30:11.147849,neutral,0.998,2026-03-10T09:30:10.078448,0.455,2026-03-10T09:30:10.955000,71,,,
participant_01,4,day,Town10HD_Opt,2026-03-10T09:30:12.196801,-112.20411682128906,8.08002758026123,0.0021383285056799,46.373,-9.351,0.157,0.0,0,0,1,,0.844,2026-03-10T09:30:12.196801,neutral,0.985,2026-03-10T09:30:12.196801,0.465,2026-03-10T09:30:11.991000,72,,,
participant_01,4,day,Town10HD_Opt,2026-03-10T09:30:13.236517,-110.31640625,12.88004207611084,0.0022858045995235,41.718,-6.841,0.138,0.0,0,0,1,,0.861,2026-03-10T09:30:13.236517,neutral,0.985,2026-03-10T09:30:12.196801,0.471,2026-03-10T09:30:12.981000,73,,,
participant_01,4,day,Town10HD_Opt,2026-03-10T09:30:14.246449,-107.87932586669922,16.702878952026367,0.0023330687545239,36.128,-10.836,0.0,0.0,0,0,1,,0.808,2026-03-10T09:30:14.246449,neutral,0.999,2026-03-10T09:30:14.246449,0.479,2026-03-10T09:30:13.971000,73,,,
participant_01,4,day,Town10HD_Opt,2026-03-10T09:30:15.266103,-105.19808959960938,19.485897064208984,0.0023289108648896,30.419,-6.18,0.0,0.015,0,0,1,,1.0,2026-03-10T09:30:15.266103,neutral,0.999,2026-03-10T09:30:14.246449,0.48,2026-03-10T09:30:14.962000,72,,,
participant_01,4,day,Town10HD_Opt,2026-03-10T09:30:16.281808,-102.66860961914062,21.507333755493164,0.0023051451425999,25.283,-11.805,0.0,0.0,0,0,1,,1.0,2026-03-10T09:30:16.281808,neutral,0.991,2026-03-10T09:30:16.281808,0.481,2026-03-10T09:30:15.952000,71,,,
participant_01,4,day,Town10HD_Opt,2026-03-10T09:30:17.349099,-100.2573013305664,22.83861923217773,0.002089500427246,23.847,-7.653,0.885,0.0,0,0,1,,1.0,2026-03-10T09:30:17.349099,neutral,0.991,2026-03-10T09:30:16.281808,0.479,2026-03-10T09:30:16.986000,71,,,
participant_01,4,day,Town10HD_Opt,2026-03-10T09:30:18.373733,-97.27640533447266,24.094316482543945,0.0016747665358707,31.932,-7.449,0.858,0.0,0,0,1,,1.0,2026-03-10T09:30:18.373733,neutral,1.0,2026-03-10T09:30:18.373733,0.474,2026-03-10T09:30:17.976000,71,,,
participant_01,4,day,Town10HD_Opt,2026-03-10T09:30:19.422536,-93.2076187133789,25.08089256286621,0.0016783904284238,40.297,-4.593,0.854,0.0,0,0,1,,1.0,2026-03-10T09:30:19.422536,neutral,1.0,2026-03-10T09:30:18.373733,0.47,2026-03-10T09:30:18.967000,71,,,
participant_01,4,day,Town10HD_Opt,2026-03-10T09:30:20.064983,-90.80420684814452,25.40455436706543,0.0016862868797034,43.264,0.367,0.779,0.0,0,0,1,,0.897,2026-03-10T09:30:20.064983,neutral,1.0,2026-03-10T09:30:18.373733,0.466,2026-03-10T09:30:19.955000,70,,,
participant_01,4,day,Town10HD_Opt,2026-03-10T09:30:21.049286,-85.63968658447266,26.05544090270996,0.0020987319294363,43.228,-2.993,0.0,0.0,0,0,1,,1.0,2026-03-10T09:30:21.049286,neutral,0.998,2026-03-10T09:30:21.049286,0.464,2026-03-10T09:30:20.991000,70,Solid line crossing,Solid line crossing,
participant_01,4,day,Town10HD_Opt,2026-03-10T09:30:22.209037,-81.01311492919922,26.406925201416016,0.0023512649349868,36.446,-2.52,0.0,0.111,0,0,1,,1.0,2026-03-10T09:30:22.209037,neutral,0.998,2026-03-10T09:30:21.049286,0.465,2026-03-10T09:30:21.981000,71,,,
participant_01,4,day,Town10HD_Opt,2026-03-10T09:30:23.243881,-77.14190673828125,26.51811790466309,0.0023487091530114,29.636,-0.157,0.0,0.154,0,0,1,,1.0,2026-03-10T09:30:23.243881,neutral,0.999,2026-03-10T09:30:23.243881,0.464,2026-03-10T09:30:23.017000,72,,,
participant_01,4,day,Town10HD_Opt,2026-03-10T09:30:24.262975,-73.9605712890625,26.592967987060547,0.002309989882633,24.639,0.242,0.0,0.108,0,0,1,,1.0,2026-03-10T09:30:24.262975,neutral,0.999,2026-03-10T09:30:23.243881,0.463,2026-03-10T09:30:23.961000,72,,,
participant_01,4,day,Town10HD_Opt,2026-03-10T09:30:25.277663,-71.37596130371094,26.66526222229004,0.0022845459170639,19.741,0.498,0.0,0.232,0,0,1,,0.833,2026-03-10T09:30:25.277663,neutral,0.998,2026-03-10T09:30:25.277663,0.464,2026-03-10T09:30:24.951000,72,,,
participant_01,4,day,Town10HD_Opt,2026-03-10T09:30:26.284825,-69.32832336425781,26.73642921447754,0.002041091909632,15.623,0.557,0.0,0.22,0,0,1,,0.812,2026-03-10T09:30:26.284825,neutral,0.998,2026-03-10T09:30:25.277663,0.467,2026-03-10T09:30:25.986000,71,,,
participant_01,4,day,Town10HD_Opt,2026-03-10T09:30:27.316028,-67.73047637939453,26.802330017089844,0.0020965575240552,11.605,0.663,0.0,0.303,0,0,1,,0.862,2026-03-10T09:30:27.316028,neutral,0.998,2026-03-10T09:30:27.316028,0.469,2026-03-10T09:30:26.976000,70,,,
participant_01,4,day,Town10HD_Opt,2026-03-10T09:30:28.353586,-66.54470825195312,26.85819435119629,0.002086334163323,8.496,0.757,0.0,0.409,0,0,1,,0.902,2026-03-10T09:30:28.353586,neutral,0.998,2026-03-10T09:30:27.316028,0.475,2026-03-10T09:30:27.966000,70,,,
participant_01,4,day,Town10HD_Opt,2026-03-10T09:30:29.346357,-65.87159729003906,26.892953872680664,0.0024559784214943,0.0,0.837,0.0,0.492,0,0,1,,0.949,2026-03-10T09:30:29.346357,neutral,0.999,2026-03-10T09:30:29.346357,0.479,2026-03-10T09:30:28.956000,70,,,
participant_01,4,day,Town10HD_Opt,2026-03-10T09:30:30.322489,-65.87104034423828,26.892990112304688,0.0019960021600127,0.0,1.072,0.0,0.481,0,0,1,,0.915,2026-03-10T09:30:30.322489,neutral,0.999,2026-03-10T09:30:29.346357,0.486,2026-03-10T09:30:29.991000,70,,,
participant_01,4,day,Town10HD_Opt,2026-03-10T09:30:31.360435,-65.87095642089844,26.892995834350582,0.0019275282975286,0.0,1.152,0.0,0.038,0,0,1,,0.897,2026-03-10T09:30:31.360435,neutral,0.998,2026-03-10T09:30:31.360435,0.488,2026-03-10T09:30:30.981000,70,,,
participant_01,4,day,Town10HD_Opt,2026-03-10T09:30:31.939759,-65.8709487915039,26.892995834350582,0.0019216537475585,0.0,1.152,0.0,0.0,0,0,1,,1.0,2026-03-10T09:30:31.939759,neutral,0.998,2026-03-10T09:30:31.360435,0.488,2026-03-10T09:30:30.981000,70,,,
participant_01,4,day,Town10HD_Opt,2026-03-10T09:30:32.936691,-65.8709487915039,26.892995834350582,0.0019193649059161,0.0,1.152,0.0,0.0,0,0,1,,1.0,2026-03-10T09:30:32.936691,neutral,0.998,2026-03-10T09:30:31.360435,0.492,2026-03-10T09:30:31.978000,70,,,
participant_01,4,day,Town10HD_Opt,2026-03-10T09:30:33.974559,-65.8709487915039,26.892995834350582,0.0019193649059161,0.0,1.159,0.0,0.0,0,0,1,,0.802,2026-03-10T09:30:33.974559,neutral,0.999,2026-03-10T09:30:33.974559,0.496,2026-03-10T09:30:32.961000,69,,,
participant_01,4,day,Town10HD_Opt,2026-03-10T09:30:34.982737,-65.8709487915039,26.892995834350582,0.0019193649059161,0.0,1.159,0.0,0.0,0,0,1,,1.0,2026-03-10T09:30:34.982737,neutral,0.999,2026-03-10T09:30:33.974559,0.499,2026-03-10T09:30:34.046000,68,,,
participant_01,4,day,Town10HD_Opt,2026-03-10T09:30:35.998660,-65.8709487915039,26.892995834350582,0.0019193649059161,0.0,1.159,0.0,0.0,0,0,1,,0.861,2026-03-10T09:30:35.998660,neutral,0.987,2026-03-10T09:30:35.998660,0.509,2026-03-10T09:30:35.977000,68,,,
participant_01,4,day,Town10HD_Opt,2026-03-10T09:30:37.091557,-65.8709487915039,26.892995834350582,0.0019193649059161,0.0,1.159,0.0,0.0,0,0,1,,1.0,2026-03-10T09:30:37.091557,neutral,0.987,2026-03-10T09:30:35.998660,0.513,2026-03-10T09:30:36.967000,68,,,
participant_01,4,day,Town10HD_Opt,2026-03-10T09:30:38.079476,-65.8709487915039,26.892995834350582,0.0019193649059161,0.0,1.159,0.0,0.0,0,0,1,,1.0,2026-03-10T09:30:38.079476,neutral,0.995,2026-03-10T09:30:38.079476,0.515,2026-03-10T09:30:38.001000,68,,,
participant_01,4,day,Town10HD_Opt,2026-03-10T09:30:39.056174,-65.8709487915039,26.892995834350582,0.0019193649059161,0.0,1.147,0.0,0.0,0,0,1,,0.898,2026-03-10T09:30:39.056174,neutral,0.995,2026-03-10T09:30:38.079476,0.522,2026-03-10T09:30:38.991000,68,,,
participant_01,4,day,Town10HD_Opt,2026-03-10T09:30:40.069531,-65.8709487915039,26.892995834350582,0.0019193649059161,0.0,0.813,0.0,0.0,0,0,1,,1.0,2026-03-10T09:30:40.069531,neutral,0.995,2026-03-10T09:30:38.079476,0.526,2026-03-10T09:30:39.981000,68,,,
participant_01,4,day,Town10HD_Opt,2026-03-10T09:30:41.087327,-65.8709487915039,26.892995834350582,0.0019193649059161,0.0,0.552,0.0,0.0,0,0,1,,1.0,2026-03-10T09:30:41.087327,sad,0.496,2026-03-10T09:30:41.087327,0.532,2026-03-10T09:30:40.971000,68,,,
participant_01,4,day,Town10HD_Opt,2026-03-10T09:30:42.065942,-65.8709487915039,26.892995834350582,0.0019193649059161,0.0,0.794,0.0,0.0,0,0,1,,1.0,2026-03-10T09:30:42.065942,sad,0.496,2026-03-10T09:30:41.087327,0.534,2026-03-10T09:30:41.961000,68,,,
participant_01,4,day,Town10HD_Opt,2026-03-10T09:30:43.094025,-65.8709487915039,26.892995834350582,0.0019193649059161,0.0,0.797,0.0,0.0,0,0,1,,0.959,2026-03-10T09:30:43.094025,neutral,0.56,2026-03-10T09:30:43.094025,0.538,2026-03-10T09:30:42.997000,68,,,
participant_01,4,day,Town10HD_Opt,2026-03-10T09:30:44.092951,-65.8709487915039,26.892995834350582,0.0019193649059161,0.0,0.002,0.0,0.0,0,0,1,,0.916,2026-03-10T09:30:44.092951,neutral,0.56,2026-03-10T09:30:43.094025,0.546,2026-03-10T09:30:43.986000,69,,,
participant_01,4,day,Town10HD_Opt,2026-03-10T09:30:45.126788,-65.8709487915039,26.892995834350582,0.0019193649059161,0.0,0.258,0.0,0.0,0,0,1,,1.0,2026-03-10T09:30:45.126788,neutral,0.85,2026-03-10T09:30:45.126788,0.548,2026-03-10T09:30:44.976000,70,,,
participant_01,4,day,Town10HD_Opt,2026-03-10T09:30:46.211016,-65.8709487915039,26.892995834350582,0.0019193649059161,0.0,-0.642,0.0,0.0,0,0,1,,1.0,2026-03-10T09:30:46.211016,neutral,0.85,2026-03-10T09:30:45.126788,0.545,2026-03-10T09:30:45.966000,71,,,
participant_01,4,day,Town10HD_Opt,2026-03-10T09:30:47.254330,-65.8709487915039,26.892995834350582,0.0019193649059161,0.0,-1.549,0.0,0.0,0,0,1,,1.0,2026-03-10T09:30:47.254330,neutral,0.731,2026-03-10T09:30:47.254330,0.543,2026-03-10T09:30:47.001000,73,,,
participant_01,4,day,Town10HD_Opt,2026-03-10T09:30:48.268624,-65.8709487915039,26.892995834350582,0.0019193649059161,0.0,-0.364,0.0,0.0,0,0,1,,1.0,2026-03-10T09:30:48.268624,neutral,0.731,2026-03-10T09:30:47.254330,0.542,2026-03-10T09:30:47.991000,72,,,
participant_01,4,day,Town10HD_Opt,2026-03-10T09:30:49.316214,-65.8709487915039,26.892995834350582,0.0019193649059161,0.0,0.548,0.0,0.0,0,0,1,,1.0,2026-03-10T09:30:49.316214,neutral,0.91,2026-03-10T09:30:49.316214,0.523,2026-03-10T09:30:48.982000,71,,,
participant_01,4,day,Town10HD_Opt,2026-03-10T09:30:50.360477,-65.8709487915039,26.892995834350582,0.0019193649059161,0.0,-0.334,0.0,0.0,0,0,1,,1.0,2026-03-10T09:30:50.360477,neutral,0.91,2026-03-10T09:30:49.316214,0.504,2026-03-10T09:30:49.971000,70,,,
participant_01,4,day,Town10HD_Opt,2026-03-10T09:30:51.382804,-65.8709487915039,26.892995834350582,0.0019193649059161,0.0,-0.935,0.0,0.0,0,0,1,,1.0,2026-03-10T09:30:51.382804,neutral,0.95,2026-03-10T09:30:51.382804,0.485,2026-03-10T09:30:50.961000,70,,,
participant_01,4,day,Town10HD_Opt,2026-03-10T09:30:51.946964,-65.8709487915039,26.892995834350582,0.0019193649059161,0.0,0.122,0.0,0.0,0,0,1,,1.0,2026-03-10T09:30:51.946964,neutral,0.95,2026-03-10T09:30:51.382804,0.485,2026-03-10T09:30:50.961000,70,,,
participant_01,4,day,Town10HD_Opt,2026-03-10T09:30:52.993773,-65.8709487915039,26.892995834350582,0.0019193649059161,0.0,0.305,0.0,0.0,0,0,1,,1.0,2026-03-10T09:30:52.993773,neutral,0.95,2026-03-10T09:30:51.382804,0.441,2026-03-10T09:30:52.986000,72,,,
participant_01,4,day,Town10HD_Opt,2026-03-10T09:30:54.023537,-65.8709487915039,26.892995834350582,0.0019193649059161,0.0,-0.352,0.0,0.0,0,0,1,,1.0,2026-03-10T09:30:54.023537,neutral,0.869,2026-03-10T09:30:54.023537,0.441,2026-03-10T09:30:52.986000,72,,,
participant_01,4,day,Town10HD_Opt,2026-03-10T09:30:54.980104,-65.8709487915039,26.892995834350582,0.0019193649059161,0.0,-0.566,0.0,0.0,0,0,1,,1.0,2026-03-10T09:30:54.980104,neutral,0.869,2026-03-10T09:30:54.023537,0.414,2026-03-10T09:30:54.066000,73,,,
participant_01,4,day,Town10HD_Opt,2026-03-10T09:30:55.986135,-65.8709487915039,26.892995834350582,0.0019193649059161,0.0,-0.367,0.0,0.0,0,0,1,,1.0,2026-03-10T09:30:55.986135,neutral,0.869,2026-03-10T09:30:54.023537,0.391,2026-03-10T09:30:55.057000,75,,,
participant_01,4,day,Town10HD_Opt,2026-03-10T09:30:56.980223,-65.8709487915039,26.892995834350582,0.0019193649059161,0.0,0.085,0.0,0.0,0,0,1,,1.0,2026-03-10T09:30:56.980223,neutral,0.996,2026-03-10T09:30:56.980223,0.373,2026-03-10T09:30:56.006000,76,,,
participant_01,4,day,Town10HD_Opt,2026-03-10T09:30:57.997223,-65.8709487915039,26.892995834350582,0.0019193649059161,0.0,-0.106,0.0,0.0,0,0,1,,0.907,2026-03-10T09:30:57.997223,neutral,0.996,2026-03-10T09:30:56.980223,0.336,2026-03-10T09:30:57.981000,78,,,
participant_01,4,day,Town10HD_Opt,2026-03-10T09:30:58.974395,-65.8709487915039,26.892995834350582,0.0019193649059161,0.0,1.525,0.0,0.0,0,0,1,,1.0,2026-03-10T09:30:58.974395,neutral,0.996,2026-03-10T09:30:56.980223,0.321,2026-03-10T09:30:58.972000,80,,,
participant_01,4,day,Town10HD_Opt,2026-03-10T09:31:00.057770,-65.8709487915039,26.892995834350582,0.0019193649059161,0.0,-0.195,0.0,0.0,0,0,1,,1.0,2026-03-10T09:31:00.057770,neutral,0.982,2026-03-10T09:31:00.057770,0.306,2026-03-10T09:30:59.960000,81,,,
participant_01,4,day,Town10HD_Opt,2026-03-10T09:31:01.115193,-65.8709487915039,26.892995834350582,0.0019193649059161,0.0,-0.921,0.0,0.0,0,0,1,,0.839,2026-03-10T09:31:01.115193,neutral,0.982,2026-03-10T09:31:00.057770,0.289,2026-03-10T09:31:00.997000,82,,,
participant_01,4,day,Town10HD_Opt,2026-03-10T09:31:02.134986,-65.8709487915039,26.892995834350582,0.0019193649059161,0.0,0.078,0.0,0.0,0,0,1,,1.0,2026-03-10T09:31:02.134986,neutral,0.968,2026-03-10T09:31:02.134986,0.271,2026-03-10T09:31:01.987000,82,,,
participant_01,4,day,Town10HD_Opt,2026-03-10T09:31:03.120754,-65.8709487915039,26.892995834350582,0.0019193649059161,0.0,0.446,0.0,0.0,0,0,1,,0.817,2026-03-10T09:31:03.120754,neutral,0.968,2026-03-10T09:31:02.134986,0.254,2026-03-10T09:31:02.976000,81,,,
participant_01,4,day,Town10HD_Opt,2026-03-10T09:31:04.134698,-65.8709487915039,26.892995834350582,0.0019193649059161,0.0,0.797,0.0,0.0,0,0,1,,1.0,2026-03-10T09:31:04.134698,neutral,0.968,2026-03-10T09:31:02.134986,0.236,2026-03-10T09:31:03.967000,80,,,
participant_01,4,day,Town10HD_Opt,2026-03-10T09:31:05.118920,-65.8709487915039,26.892995834350582,0.0019193649059161,0.0,0.797,0.0,0.0,0,0,1,,1.0,2026-03-10T09:31:05.118920,neutral,0.487,2026-03-10T09:31:05.118920,0.219,2026-03-10T09:31:05.002000,80,,,
participant_01,4,day,Town10HD_Opt,2026-03-10T09:31:06.148603,-65.8709487915039,26.892995834350582,0.0019193649059161,0.0,0.79,0.0,0.0,0,0,1,,0.9,2026-03-10T09:31:06.148603,neutral,0.487,2026-03-10T09:31:05.118920,0.181,2026-03-10T09:31:05.992000,80,,,
participant_01,4,day,Town10HD_Opt,2026-03-10T09:31:07.150526,-65.8709487915039,26.892995834350582,0.0019193649059161,0.0,0.799,0.0,0.0,0,0,1,,1.0,2026-03-10T09:31:07.150526,neutral,0.993,2026-03-10T09:31:07.150526,0.144,2026-03-10T09:31:06.981000,80,,,
participant_01,4,day,Town10HD_Opt,2026-03-10T09:31:08.189497,-65.77587890625,26.89798927307129,0.0017018509097397,4.262,0.186,1.0,0.0,0,0,1,,1.0,2026-03-10T09:31:08.189497,neutral,0.993,2026-03-10T09:31:07.150526,0.105,2026-03-10T09:31:07.972000,79,,,
participant_01,4,day,Town10HD_Opt,2026-03-10T09:31:09.203159,-64.73762512207031,26.95224952697754,0.0014284515054896,14.604,0.519,0.695,0.0,0,0,1,,1.0,2026-03-10T09:31:09.203159,neutral,0.997,2026-03-10T09:31:09.203159,0.076,2026-03-10T09:31:08.962000,77,,,
participant_01,4,day,Town10HD_Opt,2026-03-10T09:31:10.260432,-62.7490463256836,27.06416702270508,0.0019101714715361,19.157,0.531,0.958,0.0,0,0,1,,1.0,2026-03-10T09:31:10.260432,neutral,0.997,2026-03-10T09:31:09.203159,0.047,2026-03-10T09:31:09.997000,76,,,
participant_01,4,day,Town10HD_Opt,2026-03-10T09:31:11.302006,-60.1083869934082,27.22058868408203,0.0017155837267637,26.163,0.085,0.956,0.0,0,0,1,,1.0,2026-03-10T09:31:11.302006,neutral,0.995,2026-03-10T09:31:11.302006,0.02,2026-03-10T09:31:10.987000,74,,,
participant_01,4,day,Town10HD_Opt,2026-03-10T09:31:12.328876,-56.478363037109375,27.424455642700195,0.001540184020996,37.213,-0.543,0.996,0.0,0,0,1,,1.0,2026-03-10T09:31:12.328876,neutral,0.995,2026-03-10T09:31:11.302006,0.0,2026-03-10T09:31:11.977000,73,,,
participant_01,4,day,Town10HD_Opt,2026-03-10T09:31:13.385802,-51.66978454589844,27.653682708740234,0.0015952682588249,45.524,-0.254,0.83,0.0,0,0,1,,1.0,2026-03-10T09:31:13.385802,neutral,0.802,2026-03-10T09:31:13.385802,0.0,2026-03-10T09:31:12.967000,73,,,
participant_01,4,day,Town10HD_Opt,2026-03-10T09:31:13.935180,-48.90987014770508,27.771217346191406,0.0016683959402143,48.93,-0.475,0.797,0.0,0,0,1,,1.0,2026-03-10T09:31:13.935180,neutral,0.802,2026-03-10T09:31:13.385802,0.0,2026-03-10T09:31:12.967000,73,,,
participant_01,4,day,Town10HD_Opt,2026-03-10T09:31:14.963336,-42.99746322631836,27.95745086669922,0.0020637894049286,49.685,-0.331,0.784,0.0,0,0,1,,1.0,2026-03-10T09:31:14.963336,neutral,0.802,2026-03-10T09:31:13.385802,0.0,2026-03-10T09:31:14.002000,73,,,
participant_01,4,day,Town10HD_Opt,2026-03-10T09:31:15.967645,-37.2540283203125,28.065160751342773,0.0019410705426707,50.693,-0.181,0.0,0.0,0,0,1,,1.0,2026-03-10T09:31:15.967645,neutral,0.921,2026-03-10T09:31:15.967645,0.0,2026-03-10T09:31:14.991000,75,,,
participant_01,4,day,Town10HD_Opt,2026-03-10T09:31:17.006615,-31.41692543029785,28.113922119140625,0.0021481323055922,48.718,-1.398,0.748,0.0,0,0,1,,1.0,2026-03-10T09:31:17.006615,neutral,0.921,2026-03-10T09:31:15.967645,0.0,2026-03-10T09:31:16.971000,77,,,
participant_01,4,day,Town10HD_Opt,2026-03-10T09:31:18.055711,-25.574893951416016,27.996410369873047,0.001999435480684,50.418,-0.002,0.707,0.0,0,0,1,,0.882,2026-03-10T09:31:18.055711,neutral,0.905,2026-03-10T09:31:18.055711,0.0,2026-03-10T09:31:17.962000,77,,,
participant_01,4,day,Town10HD_Opt,2026-03-10T09:31:19.145878,-19.807580947875977,27.85285377502441,0.0020013428293168,50.335,2.003,0.68,0.0,0,0,1,,1.0,2026-03-10T09:31:19.145878,neutral,0.905,2026-03-10T09:31:18.055711,0.0,2026-03-10T09:31:18.996000,77,,,
participant_01,4,day,Town10HD_Opt,2026-03-10T09:31:20.195498,-13.976250648498535,27.89653778076172,0.002154121408239,48.645,-0.566,0.677,0.0,0,0,1,,1.0,2026-03-10T09:31:20.195498,neutral,0.988,2026-03-10T09:31:20.195498,0.0,2026-03-10T09:31:19.987000,76,,,
participant_01,4,day,Town10HD_Opt,2026-03-10T09:31:21.229781,-8.194869995117188,27.980499267578125,0.001938171335496,51.134,-0.148,0.0,0.0,0,0,1,,1.0,2026-03-10T09:31:21.229781,neutral,0.988,2026-03-10T09:31:20.195498,0.0,2026-03-10T09:31:20.976000,74,,,
participant_01,4,day,Town10HD_Opt,2026-03-10T09:31:22.240444,-2.371765375137329,28.01433563232422,0.0021277999039739,48.859,0.277,0.653,0.0,0,0,1,,0.827,2026-03-10T09:31:22.240444,neutral,0.9,2026-03-10T09:31:22.240444,0.0,2026-03-10T09:31:21.966000,73,,,
participant_01,4,day,Town10HD_Opt,2026-03-10T09:31:23.318331,3.4199843406677246,28.03196907043457,0.0019921492785215,50.258,-2.913,0.53,0.0,0,0,1,,1.0,2026-03-10T09:31:23.318331,neutral,0.9,2026-03-10T09:31:22.240444,0.0,2026-03-10T09:31:23.001000,71,,,
participant_01,4,day,Town10HD_Opt,2026-03-10T09:31:24.353138,9.267964363098145,27.816356658935547,0.0021057510748505,49.385,0.009,0.703,0.0,0,0,1,,1.0,2026-03-10T09:31:24.353138,neutral,0.993,2026-03-10T09:31:24.353138,0.0,2026-03-10T09:31:24.037000,70,,,
participant_01,4,day,Town10HD_Opt,2026-03-10T09:31:25.383525,15.135319709777832,27.59591293334961,0.0020107650198042,50.541,0.968,0.0,0.0,0,0,1,,1.0,2026-03-10T09:31:25.383525,neutral,0.993,2026-03-10T09:31:24.353138,0.0,2026-03-10T09:31:24.982000,71,,,
participant_01,4,day,Town10HD_Opt,2026-03-10T09:31:25.936598,18.001684188842773,27.54009056091309,0.00220314017497,47.973,0.045,0.222,0.0,0,0,1,,1.0,2026-03-10T09:31:25.936598,neutral,0.993,2026-03-10T09:31:24.353138,0.0,2026-03-10T09:31:24.982000,71,,,
participant_01,4,day,Town10HD_Opt,2026-03-10T09:31:27.005236,23.33668708801269,27.491106033325195,0.0022470473777502,43.657,4.197,0.223,0.0,0,0,1,,1.0,2026-03-10T09:31:27.005236,neutral,0.919,2026-03-10T09:31:27.005236,0.0,2026-03-10T09:31:26.964000,72,,,
participant_01,4,day,Town10HD_Opt,2026-03-10T09:31:28.051836,28.16891098022461,27.884483337402344,0.0022406005300581,39.704,9.298,0.275,0.0,0,0,1,,1.0,2026-03-10T09:31:28.051836,neutral,0.919,2026-03-10T09:31:27.005236,0.0,2026-03-10T09:31:27.996000,72,,,
participant_01,4,day,Town10HD_Opt,2026-03-10T09:31:29.083252,32.35755157470703,29.1417179107666,0.0023132322821766,34.929,14.361,0.0,0.26,0,0,1,,1.0,2026-03-10T09:31:29.083252,neutral,1.0,2026-03-10T09:31:29.083252,0.0,2026-03-10T09:31:28.987000,71,,,
participant_01,4,day,Town10HD_Opt,2026-03-10T09:31:30.092007,35.411651611328125,31.07857131958008,0.0024308776482939,27.411,14.646,0.0,0.631,0,0,1,,0.81,2026-03-10T09:31:30.092007,neutral,1.0,2026-03-10T09:31:29.083252,0.0,2026-03-10T09:31:29.977000,69,,,errors=Harsh braking
participant_01,4,day,Town10HD_Opt,2026-03-10T09:31:31.082599,37.25394821166992,32.99721908569336,0.0025600814260542,15.084,14.98,0.0,1.0,0,0,1,,1.0,2026-03-10T09:31:31.082599,neutral,1.0,2026-03-10T09:31:29.083252,0.0,2026-03-10T09:31:30.967000,68,,,
participant_03,1,day,Town10HD_Opt,2026-03-10T07:32:31.159132,-41.66858673095703,89.7454833984375,0.5804919004440308,2.099,-0.087,0.497,0.0,0,0,1,,1.0,2026-03-10T07:32:31.159132,,,2026-03-10T07:32:31.159132,0.431,2026-03-10T07:32:30.184000,57,,,
participant_03,1,day,Town10HD_Opt,2026-03-10T07:32:35.589900,-41.66909408569336,89.62482452392578,0.0017955779330804,2.756,-0.087,0.575,0.0,0,0,1,,0.88,2026-03-10T07:32:35.589900,happy,0.86,2026-03-10T07:32:35.589900,0.435,2026-03-10T07:32:35.224000,56,,,
participant_03,1,day,Town10HD_Opt,2026-03-10T07:32:36.254056,-41.67007827758789,89.40936279296875,0.0017125320155173,4.981,-0.087,0.826,0.0,0,0,1,,1.0,2026-03-10T07:32:36.254056,happy,0.86,2026-03-10T07:32:35.589900,0.436,2026-03-10T07:32:36.169000,57,,,
participant_03,1,day,Town10HD_Opt,2026-03-10T07:32:37.286935,-41.67339324951172,88.36984252929688,0.0016100311186164,11.915,-0.087,0.474,0.0,0,0,1,,1.0,2026-03-10T07:32:37.286935,happy,0.86,2026-03-10T07:32:35.589900,0.437,2026-03-10T07:32:37.160000,58,,,
participant_03,1,day,Town10HD_Opt,2026-03-10T07:32:38.384974,-41.67958450317383,86.78044128417969,0.0017799758352339,14.827,-0.087,0.28,0.0,0,0,1,,1.0,2026-03-10T07:32:38.384974,happy,0.86,2026-03-10T07:32:35.589900,0.439,2026-03-10T07:32:38.195000,59,,,
participant_03,1,day,Town10HD_Opt,2026-03-10T07:32:39.644217,-41.68307495117188,85.00736999511719,0.0018707657000049,15.639,2.56,0.281,0.0,0,0,1,,0.833,2026-03-10T07:32:39.644217,neutral,0.923,2026-03-10T07:32:39.644217,0.437,2026-03-10T07:32:39.184000,60,,,
participant_03,1,day,Town10HD_Opt,2026-03-10T07:32:40.200384,-41.65825271606445,84.08880615234375,0.001882400480099,15.911,4.183,0.28,0.0,0,0,1,,1.0,2026-03-10T07:32:40.200384,neutral,0.923,2026-03-10T07:32:39.644217,0.434,2026-03-10T07:32:40.174000,60,,,
participant_03,1,day,Town10HD_Opt,2026-03-10T07:32:41.217660,-41.54784393310547,82.16598510742188,0.0018418884137645,17.373,3.125,0.394,0.0,0,0,1,,1.0,2026-03-10T07:32:41.217660,neutral,0.923,2026-03-10T07:32:39.644217,0.434,2026-03-10T07:32:40.174000,60,,,
participant_03,1,day,Town10HD_Opt,2026-03-10T07:32:42.300694,-41.34696578979492,80.07365417480469,0.0020922850817441,18.112,6.509,0.386,0.0,0,0,1,,1.0,2026-03-10T07:32:42.300694,neutral,0.392,2026-03-10T07:32:42.300694,0.431,2026-03-10T07:32:42.155000,63,,,
participant_03,1,day,Town10HD_Opt,2026-03-10T07:32:43.329062,-40.90372085571289,77.95887756347656,0.0020243453327566,18.892,12.803,0.371,0.0,0,0,1,,1.0,2026-03-10T07:32:43.329062,neutral,0.392,2026-03-10T07:32:42.300694,0.43,2026-03-10T07:32:43.144000,66,,,
participant_03,1,day,Town10HD_Opt,2026-03-10T07:32:44.367345,-40.10970306396485,75.84571838378906,0.0020272827241569,19.744,17.246,0.373,0.0,0,0,1,,1.0,2026-03-10T07:32:44.367345,neutral,0.537,2026-03-10T07:32:44.367345,0.428,2026-03-10T07:32:44.315000,68,,,
participant_03,1,day,Town10HD_Opt,2026-03-10T07:32:45.428094,-38.87702941894531,73.86026000976562,0.002037429716438,20.365,18.438,0.266,0.0,0,0,1,,1.0,2026-03-10T07:32:45.428094,neutral,0.537,2026-03-10T07:32:44.367345,0.427,2026-03-10T07:32:45.304000,69,,,
participant_03,1,day,Town10HD_Opt,2026-03-10T07:32:46.466333,-37.240352630615234,72.17659759521484,0.0021102523896843,19.681,20.228,0.236,0.0,0,0,1,,1.0,2026-03-10T07:32:46.466333,neutral,0.307,2026-03-10T07:32:46.466333,0.425,2026-03-10T07:32:46.160000,70,,,
participant_03,1,day,Town10HD_Opt,2026-03-10T07:32:47.524434,-35.36396026611328,70.9644546508789,0.0021244811359792,18.631,19.717,0.236,0.0,0,0,1,,1.0,2026-03-10T07:32:47.524434,neutral,0.307,2026-03-10T07:32:46.466333,0.424,2026-03-10T07:32:47.194000,70,,,
participant_03,1,day,Town10HD_Opt,2026-03-10T07:32:48.566936,-33.37399673461914,70.19377136230469,0.0020654296968132,18.186,17.553,0.224,0.0,0,0,1,,1.0,2026-03-10T07:32:48.566936,neutral,0.793,2026-03-10T07:32:48.566936,0.422,2026-03-10T07:32:48.229000,71,,,
participant_03,1,day,Town10HD_Opt,2026-03-10T07:32:49.641948,-31.30391502380371,69.7970962524414,0.0018615340813994,18.101,15.26,0.236,0.0,0,0,1,,1.0,2026-03-10T07:32:49.641948,neutral,0.793,2026-03-10T07:32:48.566936,0.424,2026-03-10T07:32:49.174000,71,,,
participant_03,1,day,Town10HD_Opt,2026-03-10T07:32:50.182392,-30.25665283203125,69.7192153930664,0.0018969726515933,18.016,12.456,0.237,0.0,0,0,1,,0.803,2026-03-10T07:32:50.182392,neutral,0.793,2026-03-10T07:32:48.566936,0.425,2026-03-10T07:32:50.164000,70,,,
participant_03,1,day,Town10HD_Opt,2026-03-10T07:32:51.268524,-28.16423988342285,69.6561050415039,0.0019223403651267,17.956,3.278,0.407,0.0,0,0,1,,1.0,2026-03-10T07:32:51.268524,neutral,0.844,2026-03-10T07:32:51.268524,0.423,2026-03-10T07:32:51.155000,68,,,
participant_03,1,day,Town10HD_Opt,2026-03-10T07:32:52.331020,-26.040197372436523,69.62120819091797,0.0020493697375059,18.623,2.391,0.514,0.0,0,0,1,,1.0,2026-03-10T07:32:52.331020,neutral,0.844,2026-03-10T07:32:51.268524,0.42,2026-03-10T07:32:52.235000,67,,,
participant_03,1,day,Town10HD_Opt,2026-03-10T07:32:53.391193,-23.71609115600586,69.64305877685547,0.0019112777663394,21.412,0.498,0.603,0.0,0,0,1,,1.0,2026-03-10T07:32:53.391193,neutral,0.642,2026-03-10T07:32:53.391193,0.418,2026-03-10T07:32:53.180000,66,,,
participant_03,1,day,Town10HD_Opt,2026-03-10T07:32:54.465157,-20.99957275390625,69.66559600830078,0.0018830870976671,25.057,0.738,0.472,0.0,0,0,1,,0.822,2026-03-10T07:32:54.465157,neutral,0.642,2026-03-10T07:32:53.391193,0.415,2026-03-10T07:32:54.169000,65,,,
participant_03,1,day,Town10HD_Opt,2026-03-10T07:32:55.521790,-17.976341247558594,69.72196197509766,0.0019434738205745,26.831,0.367,0.471,0.0,0,0,1,,1.0,2026-03-10T07:32:55.521790,neutral,0.815,2026-03-10T07:32:55.521790,0.413,2026-03-10T07:32:55.160000,65,,,
participant_03,1,day,Town10HD_Opt,2026-03-10T07:32:56.542267,-14.747292518615724,69.7967300415039,0.0019614028278738,28.477,-0.035,0.471,0.0,0,0,1,,1.0,2026-03-10T07:32:56.542267,neutral,0.815,2026-03-10T07:32:55.521790,0.41,2026-03-10T07:32:56.195000,65,,,
participant_03,1,day,Town10HD_Opt,2026-03-10T07:32:57.559659,-11.335721969604492,69.87646484375,0.0019707488827407,30.058,-0.021,0.438,0.0,0,0,1,,1.0,2026-03-10T07:32:57.559659,sad,0.428,2026-03-10T07:32:57.559659,0.408,2026-03-10T07:32:57.184000,64,,,
participant_03,1,day,Town10HD_Opt,2026-03-10T07:32:58.576975,-7.835458278656006,69.94505310058594,0.0020918655209243,29.261,-0.656,0.027,0.0,0,0,1,,1.0,2026-03-10T07:32:58.576975,sad,0.428,2026-03-10T07:32:57.559659,0.405,2026-03-10T07:32:58.175000,62,,,
participant_03,1,day,Town10HD_Opt,2026-03-10T07:32:59.617798,-4.665686130523682,69.9842529296875,0.00224369042553,24.978,-0.005,0.0,0.0,0,0,1,,1.0,2026-03-10T07:32:59.617798,neutral,0.887,2026-03-10T07:32:59.617798,0.403,2026-03-10T07:32:59.299000,60,,,
participant_03,1,day,Town10HD_Opt,2026-03-10T07:33:00.156581,-3.276573181152344,70.00006866455078,0.0022554397583007,22.763,-0.599,0.0,0.0,0,0,1,,1.0,2026-03-10T07:33:00.156581,neutral,0.887,2026-03-10T07:32:59.617798,0.402,2026-03-10T07:33:00.154000,59,Solid line crossing,Solid line crossing,
participant_03,1,day,Town10HD_Opt,2026-03-10T07:33:01.185435,-0.8638150095939636,70.01390838623047,0.0022283552680164,18.898,0.04,0.117,0.0,0,0,1,,0.821,2026-03-10T07:33:01.185435,neutral,0.887,2026-03-10T07:32:59.617798,0.402,2026-03-10T07:33:00.154000,59,,,
participant_03,1,day,Town10HD_Opt,2026-03-10T07:33:02.250819,1.2523479461669922,70.0247573852539,0.0020856475457549,18.08,-0.435,0.473,0.0,0,0,1,,1.0,2026-03-10T07:33:02.250819,neutral,0.511,2026-03-10T07:33:02.250819,0.411,2026-03-10T07:33:01.190000,57,,,
participant_03,1,day,Town10HD_Opt,2026-03-10T07:33:03.327310,3.37491774559021,70.0271987915039,0.002032165415585,18.504,-0.092,0.372,0.0,0,0,1,,0.824,2026-03-10T07:33:03.327310,neutral,0.511,2026-03-10T07:33:02.250819,0.423,2026-03-10T07:33:03.170000,56,,,
participant_03,1,day,Town10HD_Opt,2026-03-10T07:33:04.366288,5.579844951629639,70.02885437011719,0.002013778546825,19.2,0.113,0.303,0.0,0,0,1,,1.0,2026-03-10T07:33:04.366288,neutral,0.668,2026-03-10T07:33:04.366288,0.432,2026-03-10T07:33:04.159000,56,,,
participant_03,1,day,Town10HD_Opt,2026-03-10T07:33:05.411431,7.81735897064209,70.03305053710938,0.0020457457285374,19.112,0.059,0.277,0.0,0,0,1,,1.0,2026-03-10T07:33:05.411431,neutral,0.668,2026-03-10T07:33:04.366288,0.444,2026-03-10T07:33:05.195000,56,,,
participant_03,1,day,Town10HD_Opt,2026-03-10T07:33:06.432676,10.008819580078123,70.03898620605469,0.0021028518676757,18.053,0.087,0.0,0.0,0,0,1,,1.0,2026-03-10T07:33:06.432676,neutral,0.607,2026-03-10T07:33:06.432676,0.457,2026-03-10T07:33:06.229000,56,,,
participant_03,1,day,Town10HD_Opt,2026-03-10T07:33:07.437622,12.00515079498291,70.04617309570312,0.0019978713244199,15.601,0.087,0.0,0.0,0,0,1,,1.0,2026-03-10T07:33:07.437622,neutral,0.607,2026-03-10T07:33:06.432676,0.469,2026-03-10T07:33:07.219000,55,,,
participant_03,1,day,Town10HD_Opt,2026-03-10T07:33:08.471612,13.694883346557615,70.05364227294922,0.0020403671078383,13.073,0.087,0.027,0.0,0,0,1,,1.0,2026-03-10T07:33:08.471612,neutral,0.651,2026-03-10T07:33:08.471612,0.481,2026-03-10T07:33:08.165000,55,,,
participant_03,1,day,Town10HD_Opt,2026-03-10T07:33:09.555362,15.130419731140137,70.059814453125,0.0019987868145108,11.604,-0.223,0.176,0.0,0,0,1,,0.852,2026-03-10T07:33:09.555362,neutral,0.651,2026-03-10T07:33:08.471612,0.495,2026-03-10T07:33:09.155000,55,,,
participant_03,1,day,Town10HD_Opt,2026-03-10T07:33:10.582673,16.4664306640625,70.06206512451172,0.0019353865645825,11.346,-0.204,0.159,0.0,0,0,1,,0.806,2026-03-10T07:33:10.582673,neutral,0.601,2026-03-10T07:33:10.582673,0.508,2026-03-10T07:33:10.190000,56,,,
participant_03,1,day,Town10HD_Opt,2026-03-10T07:33:11.616582,17.77175521850586,70.06270599365234,0.0019439696334302,10.903,-0.12,0.044,0.0,0,0,1,,1.0,2026-03-10T07:33:11.616582,neutral,0.601,2026-03-10T07:33:10.582673,0.508,2026-03-10T07:33:11.269000,55,,,
participant_03,1,day,Town10HD_Opt,2026-03-10T07:33:12.219029,18.39020156860352,70.06275939941406,0.0019695663359016,10.11,-0.096,0.0,0.0,0,0,1,,0.803,2026-03-10T07:33:12.219029,neutral,0.601,2026-03-10T07:33:10.582673,0.51,2026-03-10T07:33:12.215000,55,,,
participant_03,1,day,Town10HD_Opt,2026-03-10T07:33:13.305456,19.48531723022461,70.0623779296875,0.0020040511153638,8.465,-0.11,0.0,0.059,0,0,1,,1.0,2026-03-10T07:33:13.305456,neutral,0.761,2026-03-10T07:33:13.305456,0.506,2026-03-10T07:33:13.160000,55,,,
participant_03,1,day,Town10HD_Opt,2026-03-10T07:33:14.325054,20.36100959777832,70.06148529052734,0.0019935606978833,6.841,-0.11,0.136,0.0,0,0,1,,1.0,2026-03-10T07:33:14.325054,neutral,0.761,2026-03-10T07:33:13.305456,0.498,2026-03-10T07:33:14.240000,55,,,
participant_03,1,day,Town10HD_Opt,2026-03-10T07:33:15.460355,21.17433357238769,70.05998992919922,0.0018582915654405,8.004,-0.233,0.286,0.0,0,0,1,,1.0,2026-03-10T07:33:15.460355,neutral,0.862,2026-03-10T07:33:15.460355,0.481,2026-03-10T07:33:15.275000,55,,,
participant_03,1,day,Town10HD_Opt,2026-03-10T07:33:16.547993,22.15913772583008,70.05687713623047,0.0018821716075763,8.718,-0.172,0.115,0.0,0,0,1,,1.0,2026-03-10T07:33:16.547993,neutral,0.862,2026-03-10T07:33:15.460355,0.464,2026-03-10T07:33:16.175000,56,,,
participant_03,1,day,Town10HD_Opt,2026-03-10T07:33:17.611308,23.148664474487305,70.05345916748047,0.0019520949572324,7.923,-0.078,0.0,0.0,0,0,1,,1.0,2026-03-10T07:33:17.611308,neutral,0.844,2026-03-10T07:33:17.611308,0.45,2026-03-10T07:33:17.165000,57,,,
participant_03,1,day,Town10HD_Opt,2026-03-10T07:33:18.155094,23.59713363647461,70.0518798828125,0.0019742583390325,7.267,-0.078,0.0,0.0,0,0,1,,1.0,2026-03-10T07:33:18.155094,neutral,0.844,2026-03-10T07:33:17.611308,0.45,2026-03-10T07:33:17.165000,57,,,
participant_03,1,day,Town10HD_Opt,2026-03-10T07:33:19.154245,24.381765365600582,70.04888153076172,0.0019902037456631,5.929,-0.078,0.0,0.291,0,0,1,,1.0,2026-03-10T07:33:19.154245,neutral,0.844,2026-03-10T07:33:17.611308,0.436,2026-03-10T07:33:18.155000,56,,,
participant_03,1,day,Town10HD_Opt,2026-03-10T07:33:20.177229,24.49342918395996,70.04800415039062,0.0020527648739516,0.0,-0.068,0.0,0.014,0,0,1,,1.0,2026-03-10T07:33:20.177229,neutral,0.566,2026-03-10T07:33:20.177229,0.407,2026-03-10T07:33:19.189000,58,,,
participant_03,1,day,Town10HD_Opt,2026-03-10T07:33:21.246751,24.549530029296875,70.04778289794922,0.0018293762113898,1.928,-0.068,0.384,0.0,0,0,1,,0.846,2026-03-10T07:33:21.246751,neutral,0.566,2026-03-10T07:33:20.177229,0.381,2026-03-10T07:33:20.180000,58,,,
participant_03,1,day,Town10HD_Opt,2026-03-10T07:33:22.355841,24.91681289672852,70.0467529296875,0.0018096923595294,4.347,-0.068,0.134,0.0,0,0,1,,0.868,2026-03-10T07:33:22.355841,neutral,0.655,2026-03-10T07:33:22.355841,0.339,2026-03-10T07:33:22.161000,56,,,
participant_03,1,day,Town10HD_Opt,2026-03-10T07:33:23.466846,25.435375213623047,70.04485321044922,0.0018952559912577,4.648,-0.068,0.064,0.0,0,0,1,,1.0,2026-03-10T07:33:23.466846,neutral,0.655,2026-03-10T07:33:22.355841,0.324,2026-03-10T07:33:23.194000,56,,,
participant_03,1,day,Town10HD_Opt,2026-03-10T07:33:24.504086,25.872961044311523,70.04317474365234,0.0022516250610351,0.0,-0.068,0.0,0.148,0,0,1,,0.835,2026-03-10T07:33:24.504086,neutral,0.336,2026-03-10T07:33:24.504086,0.31,2026-03-10T07:33:24.185000,55,,,
participant_03,1,day,Town10HD_Opt,2026-03-10T07:33:25.518673,25.87470817565918,70.04317474365234,0.0019540023058652,0.196,-0.068,0.462,0.0,0,0,1,,0.823,2026-03-10T07:33:25.518673,neutral,0.336,2026-03-10T07:33:24.504086,0.3,2026-03-10T07:33:25.174000,55,,,
participant_03,1,day,Town10HD_Opt,2026-03-10T07:33:26.587091,26.149808883666992,70.04206085205078,0.0016225051367655,6.674,-0.078,0.895,0.0,0,0,1,,0.821,2026-03-10T07:33:26.587091,neutral,0.312,2026-03-10T07:33:26.587091,0.284,2026-03-10T07:33:26.164000,56,,,
participant_03,1,day,Town10HD_Opt,2026-03-10T07:33:27.161536,26.630651473999023,70.0374526977539,0.001529159490019,10.793,-2.207,0.56,0.0,0,0,1,,1.0,2026-03-10T07:33:27.161536,neutral,0.312,2026-03-10T07:33:26.587091,0.266,2026-03-10T07:33:27.155000,57,,,
participant_03,1,day,Town10HD_Opt,2026-03-10T07:33:28.248040,28.1064395904541,69.96867370605469,0.0017203902825713,14.311,-5.373,0.294,0.0,0,0,1,,1.0,2026-03-10T07:33:28.248040,neutral,0.312,2026-03-10T07:33:26.587091,0.241,2026-03-10T07:33:28.234000,57,,,errors=Stop sign violation
participant_03,1,day,Town10HD_Opt,2026-03-10T07:33:29.323026,29.81591033935547,69.79723358154297,0.0018985366914421,14.698,-5.874,0.187,0.0,0,0,1,,1.0,2026-03-10T07:33:29.323026,angry,0.868,2026-03-10T07:33:29.323026,0.227,2026-03-10T07:33:29.269000,56,,,
participant_03,1,day,Town10HD_Opt,2026-03-10T07:33:30.383696,31.49023628234864,69.51004791259766,0.0019227599259465,14.582,-9.521,0.227,0.0,0,0,1,,1.0,2026-03-10T07:33:30.383696,angry,0.868,2026-03-10T07:33:29.323026,0.213,2026-03-10T07:33:30.170000,55,,,
participant_03,1,day,Town10HD_Opt,2026-03-10T07:33:31.476221,33.1467399597168,69.05994415283203,0.0018991088727489,15.084,-9.397,0.27,0.0,0,0,1,,1.0,2026-03-10T07:33:31.476221,angry,0.842,2026-03-10T07:33:31.476221,0.198,2026-03-10T07:33:31.159000,56,,,
participant_03,1,day,Town10HD_Opt,2026-03-10T07:33:32.511994,34.81754684448242,68.45549011230469,0.001907997066155,15.4,-9.028,0.249,0.0,0,0,1,,1.0,2026-03-10T07:33:32.511994,angry,0.842,2026-03-10T07:33:31.476221,0.181,2026-03-10T07:33:32.284000,56,,,
participant_03,1,day,Town10HD_Opt,2026-03-10T07:33:33.149662,35.64859771728516,68.09774017333984,0.0018938827561214,15.768,-8.193,0.352,0.0,0,0,1,,1.0,2026-03-10T07:33:33.149662,angry,0.842,2026-03-10T07:33:31.476221,0.181,2026-03-10T07:33:32.284000,56,,,
participant_03,1,day,Town10HD_Opt,2026-03-10T07:33:34.208031,37.38044738769531,67.25823211669922,0.001853485009633,17.342,-7.019,0.348,0.0,0,0,1,,1.0,2026-03-10T07:33:34.208031,sad,0.473,2026-03-10T07:33:34.208031,0.152,2026-03-10T07:33:34.175000,58,,,
participant_03,1,day,Town10HD_Opt,2026-03-10T07:33:35.257402,39.15510559082031,66.18341064453125,0.0020981596317142,18.211,-12.033,0.33,0.0,0,0,1,,1.0,2026-03-10T07:33:35.257402,sad,0.473,2026-03-10T07:33:34.208031,0.139,2026-03-10T07:33:35.165000,60,,,
participant_03,1,day,Town10HD_Opt,2026-03-10T07:33:36.287380,40.7874755859375,64.83441925048828,0.0020539474207907,18.282,-13.846,0.329,0.0,0,0,1,,1.0,2026-03-10T07:33:36.287380,angry,0.543,2026-03-10T07:33:36.287380,0.131,2026-03-10T07:33:36.155000,60,,,
participant_03,1,day,Town10HD_Opt,2026-03-10T07:33:37.336167,42.20428466796875,63.25136947631836,0.0020617675036191,18.259,-15.199,0.304,0.0,0,0,1,,1.0,2026-03-10T07:33:37.336167,angry,0.543,2026-03-10T07:33:36.287380,0.123,2026-03-10T07:33:37.190000,58,,,
participant_03,1,day,Town10HD_Opt,2026-03-10T07:33:38.359365,43.33170700073242,61.4498291015625,0.0020519637037068,18.25,-15.765,0.298,0.0,0,0,1,,1.0,2026-03-10T07:33:38.359365,fear,0.518,2026-03-10T07:33:38.359365,0.123,2026-03-10T07:33:38.180000,58,,,
participant_03,1,day,Town10HD_Opt,2026-03-10T07:33:39.395015,44.14341354370117,59.48727035522461,0.0020590589847415,18.249,-14.683,0.297,0.0,0,0,1,,0.834,2026-03-10T07:33:39.395015,fear,0.518,2026-03-10T07:33:38.359365,0.123,2026-03-10T07:33:39.215000,57,,,
participant_03,1,day,Town10HD_Opt,2026-03-10T07:33:40.416002,44.63713836669922,57.425418853759766,0.0020301055628806,18.408,-14.638,0.227,0.0,0,0,1,,1.0,2026-03-10T07:33:40.416002,sad,0.725,2026-03-10T07:33:40.416002,0.121,2026-03-10T07:33:40.204000,57,,,
participant_03,1,day,Town10HD_Opt,2026-03-10T07:33:41.489282,44.79506301879883,55.3201789855957,0.0018510818481445,17.868,-13.28,0.165,0.0,0,0,1,,1.0,2026-03-10T07:33:41.489282,sad,0.725,2026-03-10T07:33:40.416002,0.121,2026-03-10T07:33:41.195000,56,,,
participant_03,1,day,Town10HD_Opt,2026-03-10T07:33:42.641910,44.74850082397461,53.19794464111328,0.0020597837865352,19.592,-4.575,0.804,0.0,0,0,1,,1.0,2026-03-10T07:33:42.641910,sad,0.647,2026-03-10T07:33:42.641910,0.121,2026-03-10T07:33:42.274000,56,,,
participant_03,1,day,Town10HD_Opt,2026-03-10T07:33:43.201136,44.69409942626953,51.99608612060547,0.0018576049478724,22.692,-4.31,0.314,0.0,0,0,1,,1.0,2026-03-10T07:33:43.201136,sad,0.647,2026-03-10T07:33:42.641910,0.119,2026-03-10T07:33:43.174000,56,,,
participant_03,1,day,Town10HD_Opt,2026-03-10T07:33:44.279439,44.51127243041992,49.28372573852539,0.0020785140804946,22.359,1.006,0.0,0.37,0,0,1,,0.85,2026-03-10T07:33:44.279439,sad,0.647,2026-03-10T07:33:42.641910,0.117,2026-03-10T07:33:44.165000,56,,,
participant_03,1,day,Town10HD_Opt,2026-03-10T07:33:45.334457,44.3836555480957,46.98998260498047,0.0020779799669981,17.096,0.855,0.0,0.447,0,0,1,,1.0,2026-03-10T07:33:45.334457,neutral,0.46,2026-03-10T07:33:45.334457,0.116,2026-03-10T07:33:45.155000,56,,,
participant_03,1,day,Town10HD_Opt,2026-03-10T07:33:46.398976,44.30617904663086,45.28828430175781,0.0021277617197483,12.032,0.78,0.0,0.407,0,0,1,,1.0,2026-03-10T07:33:46.398976,neutral,0.46,2026-03-10T07:33:45.334457,0.114,2026-03-10T07:33:46.234000,57,,,
participant_03,1,day,Town10HD_Opt,2026-03-10T07:33:47.480951,44.25876235961914,44.08383560180664,0.0021087646018713,8.208,0.728,0.0,0.35,0,0,1,,1.0,2026-03-10T07:33:47.480951,fear,0.347,2026-03-10T07:33:47.480951,0.112,2026-03-10T07:33:47.270000,57,,,
participant_03,1,day,Town10HD_Opt,2026-03-10T07:33:48.524396,44.2259521484375,43.21051025390625,0.0020063780248165,6.791,-0.134,0.039,0.0,0,0,1,,1.0,2026-03-10T07:33:48.524396,fear,0.347,2026-03-10T07:33:47.480951,0.112,2026-03-10T07:33:48.215000,57,,,
participant_03,1,day,Town10HD_Opt,2026-03-10T07:33:49.610737,44.195350646972656,42.4697494506836,0.0019398116273805,6.3,-0.11,0.302,0.0,0,0,1,,1.0,2026-03-10T07:33:49.610737,neutral,0.343,2026-03-10T07:33:49.610737,0.112,2026-03-10T07:33:49.160000,57,,,
participant_03,1,day,Town10HD_Opt,2026-03-10T07:33:50.618469,44.158939361572266,41.584808349609375,0.0017407225677743,9.742,0.381,0.65,0.0,0,0,1,,0.828,2026-03-10T07:33:50.618469,neutral,0.343,2026-03-10T07:33:49.610737,0.108,2026-03-10T07:33:50.195000,57,,,
participant_03,1,day,Town10HD_Opt,2026-03-10T07:33:51.155070,44.14252853393555,40.9258918762207,0.0016582488315179,12.739,3.768,0.614,0.0,0,0,1,,1.0,2026-03-10T07:33:51.155070,neutral,0.343,2026-03-10T07:33:49.610737,0.108,2026-03-10T07:33:50.195000,57,,,
participant_03,1,day,Town10HD_Opt,2026-03-10T07:33:52.226075,44.206809997558594,39.13554382324219,0.0016811751993373,17.707,9.921,0.584,0.0,0,0,1,,0.82,2026-03-10T07:33:52.226075,neutral,0.501,2026-03-10T07:33:52.226075,0.095,2026-03-10T07:33:52.175000,56,,,
participant_03,1,day,Town10HD_Opt,2026-03-10T07:33:53.271059,44.53221130371094,36.94604110717773,0.0019710541237145,20.142,13.219,0.456,0.0,0,0,1,,1.0,2026-03-10T07:33:53.271059,neutral,0.501,2026-03-10T07:33:52.226075,0.09,2026-03-10T07:33:53.165000,57,,,
participant_03,1,day,Town10HD_Opt,2026-03-10T07:33:54.308858,45.27049255371094,34.63784408569336,0.0019834898412227,21.782,17.628,0.448,0.0,0,0,1,,1.0,2026-03-10T07:33:54.308858,neutral,0.532,2026-03-10T07:33:54.308858,0.085,2026-03-10T07:33:54.155000,57,,,
participant_03,1,day,Town10HD_Opt,2026-03-10T07:33:55.346640,46.55646514892578,32.379573822021484,0.0019974899478256,23.219,16.895,0.394,0.0,0,0,1,,1.0,2026-03-10T07:33:55.346640,neutral,0.532,2026-03-10T07:33:54.308858,0.081,2026-03-10T07:33:55.190000,58,,,
participant_03,1,day,Town10HD_Opt,2026-03-10T07:33:56.378330,48.33614730834961,30.37868881225586,0.0021029280032962,22.673,16.913,0.222,0.0,0,0,1,,1.0,2026-03-10T07:33:56.378330,neutral,0.535,2026-03-10T07:33:56.378330,0.076,2026-03-10T07:33:56.225000,58,,,
participant_03,1,day,Town10HD_Opt,2026-03-10T07:33:57.453853,50.36985778808594,28.88643455505371,0.0021426773164421,21.087,16.714,0.222,0.0,0,0,1,,1.0,2026-03-10T07:33:57.453853,neutral,0.535,2026-03-10T07:33:56.378330,0.073,2026-03-10T07:33:57.170000,59,,,
participant_03,1,day,Town10HD_Opt,2026-03-10T07:33:58.519683,52.48986053466797,27.881227493286133,0.0021303556859493,19.687,13.936,0.227,0.0,0,0,1,,1.0,2026-03-10T07:33:58.519683,neutral,0.737,2026-03-10T07:33:58.519683,0.069,2026-03-10T07:33:58.205000,60,,,
participant_03,1,day,Town10HD_Opt,2026-03-10T07:33:59.574597,54.58722686767578,27.208879470825195,0.0025333403609693,18.528,7.946,0.191,0.0,0,0,1,,1.0,2026-03-10T07:33:59.574597,neutral,0.737,2026-03-10T07:33:58.519683,0.061,2026-03-10T07:33:59.195000,61,,,
participant_03,1,day,Town10HD_Opt,2026-03-10T07:34:00.643713,56.60450744628906,26.685585021972656,0.001904067932628,17.03,3.036,0.0,0.0,0,0,1,,1.0,2026-03-10T07:34:00.643713,neutral,0.423,2026-03-10T07:34:00.643713,0.061,2026-03-10T07:34:00.185000,61,Harsh braking,decel_mps2=7.3,
participant_03,1,day,Town10HD_Opt,2026-03-10T07:34:01.189566,57.528076171875,26.461706161499023,0.0028974914457648,15.613,2.172,0.0,0.0,0,0,1,,1.0,2026-03-10T07:34:01.189566,neutral,0.423,2026-03-10T07:34:00.643713,0.061,2026-03-10T07:34:00.185000,61,,,
participant_03,1,day,Town10HD_Opt,2026-03-10T07:34:02.292591,59.15627670288086,26.11149787902832,0.0020152663346379,13.077,4.473,0.0,0.0,0,0,1,,1.0,2026-03-10T07:34:02.292591,neutral,0.423,2026-03-10T07:34:00.643713,0.062,2026-03-10T07:34:02.165000,59,,,
participant_03,1,day,Town10HD_Opt,2026-03-10T07:34:03.389126,60.56787872314453,25.8733139038086,0.0019595718476921,12.041,4.7,0.195,0.0,0,0,1,,1.0,2026-03-10T07:34:03.389126,neutral,0.826,2026-03-10T07:34:03.389126,0.063,2026-03-10T07:34:03.155000,60,,,
participant_03,1,day,Town10HD_Opt,2026-03-10T07:34:04.493215,61.95853805541992,25.69296264648437,0.0019297408871352,11.938,4.761,0.163,0.0,0,0,1,,1.0,2026-03-10T07:34:04.493215,neutral,0.826,2026-03-10T07:34:03.389126,0.063,2026-03-10T07:34:04.190000,61,,,
participant_03,1,day,Town10HD_Opt,2026-03-10T07:34:05.529879,63.31386947631836,25.555639266967773,0.0019648743327707,11.126,2.732,0.0,0.0,0,0,1,,1.0,2026-03-10T07:34:05.529879,neutral,0.451,2026-03-10T07:34:05.529879,0.056,2026-03-10T07:34:05.179000,61,,,
participant_03,1,day,Town10HD_Opt,2026-03-10T07:34:06.619108,64.50013732910156,25.454729080200195,0.0020019148942083,9.219,4.178,0.0,0.0,0,0,1,,1.0,2026-03-10T07:34:06.619108,neutral,0.451,2026-03-10T07:34:05.529879,0.048,2026-03-10T07:34:06.215000,61,,,
participant_03,1,day,Town10HD_Opt,2026-03-10T07:34:07.179245,65.01640319824219,25.42366600036621,0.0020105361472815,8.383,3.938,0.0,0.042,0,0,1,,1.0,2026-03-10T07:34:07.179245,neutral,0.451,2026-03-10T07:34:05.529879,0.039,2026-03-10T07:34:07.160000,60,,,
participant_03,1,day,Town10HD_Opt,2026-03-10T07:34:08.220226,65.86968231201172,25.38382911682129,0.0020204542670398,6.136,3.815,0.0,0.115,0,0,1,,1.0,2026-03-10T07:34:08.220226,neutral,0.529,2026-03-10T07:34:08.220226,0.029,2026-03-10T07:34:08.195000,59,,,
participant_03,1,day,Town10HD_Opt,2026-03-10T07:34:09.233106,66.24371337890625,25.37088966369629,0.002242088317871,0.001,3.62,0.0,0.135,0,0,1,,1.0,2026-03-10T07:34:09.233106,neutral,0.529,2026-03-10T07:34:08.220226,0.022,2026-03-10T07:34:09.185000,59,,,
participant_03,1,day,Town10HD_Opt,2026-03-10T07:34:10.304322,66.24513244628906,25.37085151672364,0.0019539259374141,0.037,1.615,0.0,0.0,0,0,1,,1.0,2026-03-10T07:34:10.304322,neutral,0.603,2026-03-10T07:34:10.304322,0.016,2026-03-10T07:34:10.264000,58,,,
participant_03,1,day,Town10HD_Opt,2026-03-10T07:34:11.524635,66.24907684326172,25.370662689208984,0.0019219588721171,0.035,1.605,0.0,0.0,0,0,1,,1.0,2026-03-10T07:34:11.524635,neutral,0.603,2026-03-10T07:34:10.304322,0.01,2026-03-10T07:34:11.210000,57,,,
participant_03,1,day,Town10HD_Opt,2026-03-10T07:34:12.585744,66.2524642944336,25.370500564575195,0.0019194030901417,0.03,1.586,0.0,0.0,0,0,1,,1.0,2026-03-10T07:34:12.585744,neutral,0.362,2026-03-10T07:34:12.585744,0.002,2026-03-10T07:34:12.155000,56,,,
participant_03,1,day,Town10HD_Opt,2026-03-10T07:34:13.620005,66.25529479980469,25.37037467956543,0.0019192504696547,0.026,1.586,0.0,0.0,0,0,1,,1.0,2026-03-10T07:34:13.620005,neutral,0.362,2026-03-10T07:34:12.585744,0.0,2026-03-10T07:34:13.190000,56,,,
participant_03,1,day,Town10HD_Opt,2026-03-10T07:34:14.152729,66.25653839111328,25.370311737060547,0.0019192122854292,0.024,1.586,0.0,0.0,0,0,1,,1.0,2026-03-10T07:34:14.152729,neutral,0.362,2026-03-10T07:34:12.585744,0.0,2026-03-10T07:34:13.190000,56,,,
participant_03,1,day,Town10HD_Opt,2026-03-10T07:34:15.228811,66.25557708740234,25.370346069335938,0.0019173811888322,0.138,1.586,0.018,0.0,0,0,1,,1.0,2026-03-10T07:34:15.228811,neutral,0.524,2026-03-10T07:34:15.228811,0.0,2026-03-10T07:34:15.171000,55,,,
participant_03,1,day,Town10HD_Opt,2026-03-10T07:34:16.313375,66.22210693359375,25.37175750732422,0.002019424457103,2.583,1.401,0.73,0.0,0,1,-1,,1.0,2026-03-10T07:34:16.313375,neutral,0.524,2026-03-10T07:34:15.228811,0.0,2026-03-10T07:34:16.205000,55,,,
participant_03,1,day,Town10HD_Opt,2026-03-10T07:34:17.364285,65.63668060302734,25.39989471435547,0.0021428680047392,7.258,1.264,0.609,0.0,0,1,-1,,1.0,2026-03-10T07:34:17.364285,angry,0.339,2026-03-10T07:34:17.364285,0.0,2026-03-10T07:34:17.285000,55,,,
participant_03,1,day,Town10HD_Opt,2026-03-10T07:34:18.430036,64.61530303955078,25.455942153930664,0.0020122528076171,9.427,1.029,0.449,0.0,0,1,-1,,1.0,2026-03-10T07:34:18.430036,angry,0.339,2026-03-10T07:34:17.364285,0.0,2026-03-10T07:34:18.184000,56,,,
participant_03,1,day,Town10HD_Opt,2026-03-10T07:34:19.528003,63.50049591064453,25.52478408813477,0.0019365310436114,9.68,1.029,0.449,0.0,0,1,-1,,1.0,2026-03-10T07:34:19.528003,neutral,0.61,2026-03-10T07:34:19.528003,0.014,2026-03-10T07:34:19.175000,56,,,
participant_03,1,day,Town10HD_Opt,2026-03-10T07:34:20.643529,62.36818313598633,25.601938247680664,0.0019251632038503,9.776,1.029,0.449,0.0,0,1,-1,,1.0,2026-03-10T07:34:20.643529,neutral,0.61,2026-03-10T07:34:19.528003,0.029,2026-03-10T07:34:20.165000,55,,,
participant_03,1,day,Town10HD_Opt,2026-03-10T07:34:21.179206,61.79829406738281,25.643598556518555,0.00192344665993,9.812,0.907,0.454,0.0,0,1,-1,,1.0,2026-03-10T07:34:21.179206,neutral,0.61,2026-03-10T07:34:19.528003,0.029,2026-03-10T07:34:20.165000,55,,,
participant_03,1,day,Town10HD_Opt,2026-03-10T07:34:22.220430,60.64297866821289,25.741554260253903,0.0019368361681699,10.187,-0.423,0.481,0.0,0,1,-1,,1.0,2026-03-10T07:34:22.220430,neutral,0.417,2026-03-10T07:34:22.220430,0.058,2026-03-10T07:34:22.189000,54,,,
participant_03,1,day,Town10HD_Opt,2026-03-10T07:34:23.305698,59.43436050415039,25.840431213378903,0.001941108610481,10.613,-0.16,0.48,0.0,0,1,-1,,1.0,2026-03-10T07:34:23.305698,neutral,0.417,2026-03-10T07:34:22.220430,0.074,2026-03-10T07:34:23.181000,53,,,
participant_03,1,day,Town10HD_Opt,2026-03-10T07:34:24.366095,58.1806526184082,25.940874099731445,0.001933746272698,10.914,-0.16,0.478,0.0,0,1,-1,,1.0,2026-03-10T07:34:24.366095,neutral,0.38,2026-03-10T07:34:24.366095,0.09,2026-03-10T07:34:24.170000,53,,,
participant_03,1,day,Town10HD_Opt,2026-03-10T07:34:25.439308,56.89983367919922,26.042055130004883,0.0019281005952507,11.094,-0.16,0.478,0.0,0,1,-1,,1.0,2026-03-10T07:34:25.439308,neutral,0.38,2026-03-10T07:34:24.366095,0.114,2026-03-10T07:34:25.250000,54,,,
participant_03,1,day,Town10HD_Opt,2026-03-10T07:34:26.479583,55.601810455322266,26.14311981201172,0.0019251251360401,11.223,-0.16,0.478,0.0,0,1,-1,,1.0,2026-03-10T07:34:26.479583,angry,0.316,2026-03-10T07:34:26.479583,0.141,2026-03-10T07:34:26.195000,54,,,
participant_03,1,day,Town10HD_Opt,2026-03-10T07:34:27.501736,54.292137145996094,26.243576049804688,0.0019231032347306,11.294,-0.16,0.477,0.0,0,1,-1,,1.0,2026-03-10T07:34:27.501736,angry,0.316,2026-03-10T07:34:26.479583,0.183,2026-03-10T07:34:27.184000,53,,,
participant_03,1,day,Town10HD_Opt,2026-03-10T07:34:28.584233,52.97555160522461,26.336132049560547,0.0019197463989257,11.304,1.676,0.467,0.0,0,1,-1,,1.0,2026-03-10T07:34:28.584233,fear,0.277,2026-03-10T07:34:28.584233,0.212,2026-03-10T07:34:28.175000,53,Harsh braking,decel_mps2=6.4,
participant_03,1,day,Town10HD_Opt,2026-03-10T07:34:29.628958,51.66591644287109,26.43332290649414,0.0019145965343341,11.203,0.985,0.466,0.0,0,1,-1,,1.0,2026-03-10T07:34:29.628958,fear,0.277,2026-03-10T07:34:28.584233,0.238,2026-03-10T07:34:29.165000,53,,,
participant_03,1,day,Town10HD_Opt,2026-03-10T07:34:30.200786,51.01649475097656,26.489803314208984,0.0019140624208375,11.15,0.336,0.465,0.0,0,1,-1,,1.0,2026-03-10T07:34:30.200786,fear,0.277,2026-03-10T07:34:28.584233,0.238,2026-03-10T07:34:29.165000,53,,,
participant_03,1,day,Town10HD_Opt,2026-03-10T07:34:31.245467,49.7270393371582,26.609771728515625,0.001914749154821,11.058,0.042,0.465,0.0,0,1,-1,,1.0,2026-03-10T07:34:31.245467,neutral,0.356,2026-03-10T07:34:31.245467,0.292,2026-03-10T07:34:31.190000,52,,,
participant_03,1,day,Town10HD_Opt,2026-03-10T07:34:32.346974,48.44672775268555,26.73022079467773,0.0019160079536959,10.993,0.026,0.465,0.0,0,1,-1,,1.0,2026-03-10T07:34:32.346974,neutral,0.356,2026-03-10T07:34:31.245467,0.319,2026-03-10T07:34:32.180000,52,,,
participant_03,1,day,Town10HD_Opt,2026-03-10T07:34:33.451693,47.17206954956055,26.85056495666504,0.001919021597132,10.999,0.023,0.482,0.0,0,1,-1,,1.0,2026-03-10T07:34:33.451693,happy,0.994,2026-03-10T07:34:33.451693,0.348,2026-03-10T07:34:33.171000,53,,,
participant_03,1,day,Town10HD_Opt,2026-03-10T07:34:34.532733,45.89781188964844,26.985212326049805,0.0018844985170289,10.445,-8.027,0.016,0.0,0,1,-1,,0.82,2026-03-10T07:34:34.532733,happy,0.994,2026-03-10T07:34:33.451693,0.374,2026-03-10T07:34:34.295000,53,,,
participant_03,1,day,Town10HD_Opt,2026-03-10T07:34:35.613540,45.004730224609375,27.136796951293945,0.0016854094574227,4.966,-23.706,0.111,0.0,0,1,-1,,1.0,2026-03-10T07:34:35.613540,neutral,0.766,2026-03-10T07:34:35.613540,0.391,2026-03-10T07:34:35.195000,53,,,
participant_03,1,day,Town10HD_Opt,2026-03-10T07:34:36.162993,44.75433349609375,27.183237075805664,0.001739349332638,3.76,-28.279,0.267,0.0,0,1,-1,,1.0,2026-03-10T07:34:36.162993,neutral,0.766,2026-03-10T07:34:35.613540,0.391,2026-03-10T07:34:35.195000,53,,,
participant_03,1,day,Town10HD_Opt,2026-03-10T07:34:37.228919,44.37129974365234,27.25336456298828,0.001958503620699,4.147,-32.556,0.525,0.0,0,1,-1,phone_call,0.881,2026-03-10T07:34:37.228919,neutral,0.766,2026-03-10T07:34:35.613540,0.407,2026-03-10T07:34:37.175000,54,,,
participant_03,1,day,Town10HD_Opt,2026-03-10T07:34:38.298108,43.74562454223633,27.31348991394043,0.0020370483398437,6.885,-32.29,0.519,0.0,0,1,-1,,1.0,2026-03-10T07:34:38.298108,neutral,0.749,2026-03-10T07:34:38.298108,0.407,2026-03-10T07:34:38.165000,54,,,
participant_03,1,day,Town10HD_Opt,2026-03-10T07:34:39.400661,42.84849166870117,27.28306007385254,0.0020172118674963,8.485,-31.779,0.185,0.0,0,1,-1,phone_call,0.855,2026-03-10T07:34:39.400661,neutral,0.749,2026-03-10T07:34:38.298108,0.408,2026-03-10T07:34:39.200000,54,,,
participant_03,1,day,Town10HD_Opt,2026-03-10T07:34:40.456493,42.00721740722656,27.13039779663086,0.0018198012840002,5.666,-31.592,0.133,0.0,0,1,-1,,1.0,2026-03-10T07:34:40.456493,neutral,0.659,2026-03-10T07:34:40.456493,0.408,2026-03-10T07:34:40.192000,55,,,
participant_03,1,day,Town10HD_Opt,2026-03-10T07:34:41.557695,41.51049041748047,26.97954368591309,0.0018196105957031,3.518,-31.592,0.332,0.0,0,1,-1,,1.0,2026-03-10T07:34:41.557695,neutral,0.659,2026-03-10T07:34:40.456493,0.406,2026-03-10T07:34:41.180000,56,,,
participant_03,1,day,Town10HD_Opt,2026-03-10T07:34:42.625365,41.147308349609375,26.83751678466797,0.0019535827450454,4.06,-31.485,0.59,0.0,0,1,-1,,1.0,2026-03-10T07:34:42.625365,neutral,0.535,2026-03-10T07:34:42.625365,0.405,2026-03-10T07:34:42.170000,55,,,
participant_03,1,day,Town10HD_Opt,2026-03-10T07:34:43.170459,40.89703369140625,26.72118186950684,0.0020314024295657,5.522,-31.434,0.58,0.0,0,1,-1,,1.0,2026-03-10T07:34:43.170459,neutral,0.535,2026-03-10T07:34:42.625365,0.405,2026-03-10T07:34:42.170000,55,,,
participant_03,1,day,Town10HD_Opt,2026-03-10T07:34:44.275117,40.2239875793457,26.32227325439453,0.0019853210542351,7.086,-26.04,0.283,0.0,0,1,-1,,0.86,2026-03-10T07:34:44.275117,neutral,0.535,2026-03-10T07:34:42.625365,0.402,2026-03-10T07:34:44.195000,55,,,
participant_03,1,day,Town10HD_Opt,2026-03-10T07:34:45.347162,39.82806396484375,26.00297737121582,0.001502571045421,0.006,-3.704,0.0,0.387,0,1,-1,,1.0,2026-03-10T07:34:45.347162,neutral,0.549,2026-03-10T07:34:45.347162,0.392,2026-03-10T07:34:45.185000,56,,,
participant_03,1,day,Town10HD_Opt,2026-03-10T07:34:46.418522,39.83356857299805,26.00978660583496,0.0018367385491728,0.298,4.775,0.213,0.0,0,0,1,,1.0,2026-03-10T07:34:46.418522,neutral,0.549,2026-03-10T07:34:45.347162,0.382,2026-03-10T07:34:46.175000,56,,,
participant_03,1,day,Town10HD_Opt,2026-03-10T07:34:47.450510,39.91723251342773,26.17560768127441,0.001729812589474,3.974,40.812,0.702,0.0,0,0,1,,0.87,2026-03-10T07:34:47.450510,neutral,0.412,2026-03-10T07:34:47.450510,0.372,2026-03-10T07:34:47.165000,58,,,
participant_03,1,day,Town10HD_Opt,2026-03-10T07:34:48.476388,40.11816787719727,26.97248268127441,0.001656150794588,10.408,44.297,0.447,0.0,0,0,1,,1.0,2026-03-10T07:34:48.476388,neutral,0.412,2026-03-10T07:34:47.450510,0.362,2026-03-10T07:34:48.200000,61,,,
participant_03,1,day,Town10HD_Opt,2026-03-10T07:34:49.520046,40.28203582763672,28.38233757019043,0.0017567061586305,14.046,17.763,0.392,0.0,0,0,1,,1.0,2026-03-10T07:34:49.520046,neutral,0.788,2026-03-10T07:34:49.520046,0.352,2026-03-10T07:34:49.190000,63,,,
participant_03,1,day,Town10HD_Opt,2026-03-10T07:34:50.570508,40.408199310302734,30.14261817932129,0.0017794418381527,16.712,16.515,0.558,0.0,0,0,1,,1.0,2026-03-10T07:34:50.570508,neutral,0.788,2026-03-10T07:34:49.520046,0.342,2026-03-10T07:34:50.180000,64,,,
participant_03,1,day,Town10HD_Opt,2026-03-10T07:34:51.255780,40.3960189819336,31.178258895874023,0.0019536970648914,18.752,7.834,0.582,0.0,0,0,1,,1.0,2026-03-10T07:34:51.255780,neutral,0.788,2026-03-10T07:34:49.520046,0.331,2026-03-10T07:34:51.170000,65,,,
participant_03,1,day,Town10HD_Opt,2026-03-10T07:34:52.360564,40.35342025756836,33.4593620300293,0.0019261168781667,20.931,0.247,0.429,0.0,0,0,1,,1.0,2026-03-10T07:34:52.360564,neutral,0.423,2026-03-10T07:34:52.360564,0.321,2026-03-10T07:34:52.206000,65,,,
participant_03,1,day,Town10HD_Opt,2026-03-10T07:34:53.449164,40.30849075317383,35.94416046142578,0.0020766067318618,20.663,0.602,0.0,0.0,0,0,1,,1.0,2026-03-10T07:34:53.449164,neutral,0.423,2026-03-10T07:34:52.360564,0.311,2026-03-10T07:34:53.288000,67,,,
participant_03,1,day,Town10HD_Opt,2026-03-10T07:34:54.512847,40.26291275024414,38.152565002441406,0.0019479751354083,17.555,-0.336,0.015,0.0,0,0,1,,0.842,2026-03-10T07:34:54.512847,neutral,0.33,2026-03-10T07:34:54.512847,0.301,2026-03-10T07:34:54.186000,71,,,
participant_03,1,day,Town10HD_Opt,2026-03-10T07:34:55.620219,40.2188606262207,40.046165466308594,0.0020332336425781,14.943,8.592,0.018,0.0,0,0,1,,1.0,2026-03-10T07:34:55.620219,neutral,0.33,2026-03-10T07:34:54.512847,0.301,2026-03-10T07:34:55.175000,73,,,
participant_03,1,day,Town10HD_Opt,2026-03-10T07:34:56.170431,40.11996078491211,40.8724250793457,0.0020419692154973,13.743,7.549,0.016,0.0,0,0,1,,1.0,2026-03-10T07:34:56.170431,neutral,0.33,2026-03-10T07:34:54.512847,0.301,2026-03-10T07:34:55.175000,73,,,
participant_03,1,day,Town10HD_Opt,2026-03-10T07:34:57.212355,39.99974060058594,42.38216400146485,0.0019158172653988,13.885,-1.525,0.73,0.0,0,0,1,,1.0,2026-03-10T07:34:57.212355,happy,0.867,2026-03-10T07:34:57.212355,0.301,2026-03-10T07:34:56.210000,73,,,
participant_03,1,day,Town10HD_Opt,2026-03-10T07:34:58.262857,39.88858413696289,44.297943115234375,0.0019053268479183,18.939,-1.274,0.485,0.0,0,0,1,,1.0,2026-03-10T07:34:58.262857,happy,0.867,2026-03-10T07:34:57.212355,0.301,2026-03-10T07:34:58.191000,72,,,
participant_03,1,day,Town10HD_Opt,2026-03-10T07:34:59.320786,39.79093170166016,46.493255615234375,0.0020716476719826,17.928,-2.988,0.047,0.081,0,0,1,,1.0,2026-03-10T07:34:59.320786,happy,0.672,2026-03-10T07:34:59.320786,0.301,2026-03-10T07:34:59.180000,71,,,
participant_03,1,day,Town10HD_Opt,2026-03-10T07:35:00.331934,39.75835037231445,48.47426223754883,0.0020013807807117,15.788,0.388,0.052,0.055,0,0,1,,1.0,2026-03-10T07:35:00.331934,happy,0.672,2026-03-10T07:34:59.320786,0.301,2026-03-10T07:35:00.305000,70,,,
participant_03,1,day,Town10HD_Opt,2026-03-10T07:35:01.364065,39.72564315795898,50.17683029174805,0.0020285034552216,13.317,-2.118,0.053,0.1,0,0,1,,1.0,2026-03-10T07:35:01.364065,happy,0.913,2026-03-10T07:35:01.364065,0.301,2026-03-10T07:35:01.295000,71,,,
participant_03,1,day,Town10HD_Opt,2026-03-10T07:35:02.428629,39.72790145874024,51.62239074707031,0.0020228575449436,11.358,-1.248,0.052,0.158,0,0,1,,1.0,2026-03-10T07:35:02.428629,happy,0.913,2026-03-10T07:35:01.364065,0.301,2026-03-10T07:35:02.196000,72,,,
participant_03,1,day,Town10HD_Opt,2026-03-10T07:35:03.462080,39.73617172241211,52.81234359741211,0.0020247267093509,8.975,-1.053,0.052,0.183,0,0,1,,1.0,2026-03-10T07:35:03.462080,angry,0.394,2026-03-10T07:35:03.462080,0.301,2026-03-10T07:35:03.186000,71,,,
participant_03,1,day,Town10HD_Opt,2026-03-10T07:35:04.489496,39.74769973754883,53.74079895019531,0.0020343398209661,6.79,-0.947,0.051,0.292,0,0,1,,1.0,2026-03-10T07:35:04.489496,angry,0.394,2026-03-10T07:35:03.462080,0.301,2026-03-10T07:35:04.176000,68,,,
participant_03,1,day,Town10HD_Opt,2026-03-10T07:35:05.507033,39.754024505615234,54.16579055786133,0.0022899245377629,0.001,-0.79,0.052,0.339,0,0,1,,1.0,2026-03-10T07:35:05.507033,happy,0.98,2026-03-10T07:35:05.507033,0.301,2026-03-10T07:35:05.165000,66,,,
participant_03,1,day,Town10HD_Opt,2026-03-10T07:35:06.589381,39.75399398803711,54.16856384277344,0.0019546507392078,0.225,3.778,0.0,0.0,0,0,1,,1.0,2026-03-10T07:35:06.589381,happy,0.98,2026-03-10T07:35:05.507033,0.293,2026-03-10T07:35:06.200000,65,,,
participant_03,1,day,Town10HD_Opt,2026-03-10T07:35:07.608764,39.75346374511719,54.19438934326172,0.0019194411579519,0.231,6.571,0.0,0.0,0,0,1,,0.885,2026-03-10T07:35:07.608764,neutral,0.563,2026-03-10T07:35:07.608764,0.286,2026-03-10T07:35:07.191000,63,,,
participant_03,1,day,Town10HD_Opt,2026-03-10T07:35:08.152588,39.752197265625,54.207069396972656,0.0019209289457648,0.209,27.701,0.0,0.0,0,0,1,,1.0,2026-03-10T07:35:08.152588,neutral,0.563,2026-03-10T07:35:07.608764,0.286,2026-03-10T07:35:07.191000,63,,,
participant_03,1,day,Town10HD_Opt,2026-03-10T07:35:09.201413,39.74665069580078,54.227298736572266,0.0019235229119658,0.139,47.654,0.135,0.0,0,0,1,,1.0,2026-03-10T07:35:09.201413,neutral,0.563,2026-03-10T07:35:07.608764,0.272,2026-03-10T07:35:09.170000,60,,,
participant_03,1,day,Town10HD_Opt,2026-03-10T07:35:10.233685,39.72721862792969,54.28500747680664,0.0018345260759815,1.757,44.064,0.477,0.0,0,0,1,,1.0,2026-03-10T07:35:10.233685,sad,0.279,2026-03-10T07:35:10.233685,0.265,2026-03-10T07:35:10.205000,60,,,
participant_03,1,day,Town10HD_Opt,2026-03-10T07:35:11.251446,39.55143356323242,54.80560302734375,0.0015502929454669,9.174,31.225,0.94,0.0,0,0,1,,0.873,2026-03-10T07:35:11.251446,sad,0.279,2026-03-10T07:35:10.233685,0.258,2026-03-10T07:35:11.195000,59,,,errors=Solid line crossing
participant_03,1,day,Town10HD_Opt,2026-03-10T07:35:12.280948,39.22000503540039,56.36616897583008,0.0016109466087073,16.197,-3.297,0.113,0.0,0,0,1,,1.0,2026-03-10T07:35:12.280948,sad,0.302,2026-03-10T07:35:12.280948,0.251,2026-03-10T07:35:12.185000,59,,,
participant_03,1,day,Town10HD_Opt,2026-03-10T07:35:13.336194,38.92766189575195,58.21002960205078,0.0018972395919263,16.015,10.571,0.354,0.0,0,0,1,,1.0,2026-03-10T07:35:13.336194,sad,0.302,2026-03-10T07:35:12.280948,0.243,2026-03-10T07:35:13.177000,60,,,
participant_03,1,day,Town10HD_Opt,2026-03-10T07:35:14.369581,38.18527221679688,60.07150650024414,0.0020027160644531,19.616,27.519,0.78,0.0,0,0,1,,1.0,2026-03-10T07:35:14.369581,angry,0.295,2026-03-10T07:35:14.369581,0.236,2026-03-10T07:35:14.166000,59,,,
participant_03,1,day,Town10HD_Opt,2026-03-10T07:35:15.416683,36.6531982421875,62.08286666870117,0.0019099425990134,23.718,19.722,0.528,0.0,0,0,1,,1.0,2026-03-10T07:35:15.416683,angry,0.295,2026-03-10T07:35:14.369581,0.23,2026-03-10T07:35:15.246000,59,,,
participant_03,1,day,Town10HD_Opt,2026-03-10T07:35:16.459121,34.41287612915039,63.90645980834961,0.0019639586098492,26.154,21.889,0.513,0.0,0,0,1,,1.0,2026-03-10T07:35:16.459121,happy,0.848,2026-03-10T07:35:16.459121,0.23,2026-03-10T07:35:16.191000,57,,,
participant_03,1,day,Town10HD_Opt,2026-03-10T07:35:17.522767,31.52360343933105,65.13765716552734,0.0019904326181858,27.996,11.204,0.428,0.0,0,0,1,,1.0,2026-03-10T07:35:17.522767,happy,0.848,2026-03-10T07:35:16.459121,0.23,2026-03-10T07:35:17.226000,58,Solid line crossing,Solid line crossing,
participant_03,1,day,Town10HD_Opt,2026-03-10T07:35:18.594471,28.28807830810547,65.90009307861328,0.0020166395697742,28.771,10.276,0.393,0.0,0,0,1,,1.0,2026-03-10T07:35:18.594471,sad,0.317,2026-03-10T07:35:18.594471,0.23,2026-03-10T07:35:18.171000,58,,,
participant_03,1,day,Town10HD_Opt,2026-03-10T07:35:19.174129,26.61394691467285,66.08431243896484,0.0020313644781708,29.159,9.275,0.557,0.0,0,0,1,,1.0,2026-03-10T07:35:19.174129,sad,0.317,2026-03-10T07:35:18.594471,0.23,2026-03-10T07:35:18.171000,58,,,
participant_03,1,day,Town10HD_Opt,2026-03-10T07:35:20.206523,23.086959838867188,66.1368179321289,0.0019372558454051,31.422,-0.2,0.528,0.0,0,0,1,,1.0,2026-03-10T07:35:20.206523,sad,0.317,2026-03-10T07:35:18.594471,0.23,2026-03-10T07:35:20.197000,60,,,
participant_03,1,day,Town10HD_Opt,2026-03-10T07:35:21.226968,19.27867317199707,66.15602111816406,0.0019331359071657,33.887,0.54,0.539,0.0,0,0,1,,1.0,2026-03-10T07:35:21.226968,neutral,0.559,2026-03-10T07:35:21.226968,0.23,2026-03-10T07:35:21.185000,60,,,
participant_03,1,day,Town10HD_Opt,2026-03-10T07:35:22.331054,15.221895217895508,66.14698028564453,0.0019581222441047,35.519,-0.07,0.384,0.0,0,0,1,,1.0,2026-03-10T07:35:22.331054,neutral,0.559,2026-03-10T07:35:21.226968,0.23,2026-03-10T07:35:22.176000,61,,,
participant_03,1,day,Town10HD_Opt,2026-03-10T07:35:23.526852,11.07443904876709,66.13334655761719,0.0020325852092355,35.623,0.002,0.479,0.0,0,0,1,,1.0,2026-03-10T07:35:23.526852,neutral,0.503,2026-03-10T07:35:23.526852,0.23,2026-03-10T07:35:23.166000,61,,,
participant_03,1,day,Town10HD_Opt,2026-03-10T07:35:24.155771,8.987013816833496,66.12625122070312,0.0020124816801398,35.986,0.179,0.489,0.0,0,0,1,,1.0,2026-03-10T07:35:24.155771,neutral,0.503,2026-03-10T07:35:23.526852,0.23,2026-03-10T07:35:23.166000,61,,,
participant_03,1,day,Town10HD_Opt,2026-03-10T07:35:25.212879,4.721848011016846,66.09381103515625,0.0019911956042051,37.165,-0.031,0.481,0.0,0,0,1,,1.0,2026-03-10T07:35:25.212879,neutral,0.503,2026-03-10T07:35:23.526852,0.23,2026-03-10T07:35:25.191000,61,,,
participant_03,1,day,Town10HD_Opt,2026-03-10T07:35:26.267687,0.3375993967056274,66.05799865722656,0.0019974517636001,38.081,0.007,0.48,0.0,0,0,1,,1.0,2026-03-10T07:35:26.267687,neutral,0.669,2026-03-10T07:35:26.267687,0.23,2026-03-10T07:35:26.183000,61,,,
participant_03,1,day,Town10HD_Opt,2026-03-10T07:35:27.355340,-4.147717952728272,66.02082061767578,0.0020024871919304,38.831,0.007,0.479,0.0,0,0,1,,1.0,2026-03-10T07:35:27.355340,neutral,0.669,2026-03-10T07:35:26.267687,0.23,2026-03-10T07:35:27.306000,61,,,
participant_03,1,day,Town10HD_Opt,2026-03-10T07:35:28.373188,-8.723662376403809,65.98271179199219,0.0020067214500159,39.622,-0.021,0.478,0.0,0,0,1,,1.0,2026-03-10T07:35:28.373188,happy,0.753,2026-03-10T07:35:28.373188,0.23,2026-03-10T07:35:28.296000,61,,,
participant_03,1,day,Town10HD_Opt,2026-03-10T07:35:29.436507,-13.376218795776367,65.9488754272461,0.0020273209083825,39.922,-0.146,0.122,0.0,0,0,1,,0.853,2026-03-10T07:35:29.436507,happy,0.753,2026-03-10T07:35:28.373188,0.338,2026-03-10T07:35:29.196000,61,,,
participant_03,1,day,Town10HD_Opt,2026-03-10T07:35:30.452600,-17.790822982788086,65.935546875,0.0022561263758689,35.373,-0.367,0.059,0.0,0,0,1,,1.0,2026-03-10T07:35:30.452600,neutral,0.433,2026-03-10T07:35:30.452600,0.432,2026-03-10T07:35:30.186000,60,,,
participant_03,1,day,Town10HD_Opt,2026-03-10T07:35:31.505631,-21.6334228515625,65.94989776611328,0.0022679136600345,30.673,-0.092,0.113,0.0,0,0,1,,1.0,2026-03-10T07:35:31.505631,neutral,0.433,2026-03-10T07:35:30.452600,0.513,2026-03-10T07:35:31.175000,59,,,
participant_03,1,day,Town10HD_Opt,2026-03-10T07:35:32.621137,-25.0268669128418,65.96855163574219,0.0021606825757771,28.039,0.162,0.407,0.0,0,0,1,,1.0,2026-03-10T07:35:32.621137,neutral,0.665,2026-03-10T07:35:32.621137,0.581,2026-03-10T07:35:32.165000,58,,,
participant_03,1,day,Town10HD_Opt,2026-03-10T07:35:33.158069,-26.66510772705078,65.96998596191406,0.0020745848305523,28.222,1.072,0.585,0.0,0,0,1,,1.0,2026-03-10T07:35:33.158069,neutral,0.665,2026-03-10T07:35:32.621137,0.581,2026-03-10T07:35:32.165000,58,,,
participant_03,1,day,Town10HD_Opt,2026-03-10T07:35:34.166536,-30.096349716186523,65.81694030761719,0.0019357680575922,30.722,8.825,0.566,0.0,0,0,1,,0.801,2026-03-10T07:35:34.166536,neutral,0.665,2026-03-10T07:35:32.621137,0.648,2026-03-10T07:35:33.201000,58,,,
participant_03,1,day,Town10HD_Opt,2026-03-10T07:35:35.241115,-33.739707946777344,65.05032348632812,0.0019656752701848,32.814,15.425,0.38,0.0,0,0,1,,1.0,2026-03-10T07:35:35.241115,neutral,0.506,2026-03-10T07:35:35.241115,0.77,2026-03-10T07:35:35.180000,57,,,
participant_03,1,day,Town10HD_Opt,2026-03-10T07:35:36.277743,-37.08177947998047,63.29563522338867,0.002098464872688,32.234,18.664,0.392,0.0,0,0,1,,1.0,2026-03-10T07:35:36.277743,neutral,0.506,2026-03-10T07:35:35.241115,0.81,2026-03-10T07:35:36.170000,56,,,
participant_03,1,day,Town10HD_Opt,2026-03-10T07:35:37.307718,-39.63331604003906,60.59832382202149,0.0021114349365234,31.729,17.686,0.369,0.0,0,0,1,,1.0,2026-03-10T07:35:37.307718,neutral,0.435,2026-03-10T07:35:37.307718,0.851,2026-03-10T07:35:37.250000,56,,,
participant_03,1,day,Town10HD_Opt,2026-03-10T07:35:38.346292,-41.20794677734375,57.34292221069336,0.002199935959652,29.744,14.842,0.0,0.0,0,0,1,,1.0,2026-03-10T07:35:38.346292,neutral,0.435,2026-03-10T07:35:37.307718,0.891,2026-03-10T07:35:38.196000,56,,,
participant_03,1,day,Town10HD_Opt,2026-03-10T07:35:39.346335,-41.848968505859375,54.23118209838867,0.0022890854161232,24.963,11.284,0.0,0.0,0,0,1,,1.0,2026-03-10T07:35:39.346335,neutral,0.458,2026-03-10T07:35:39.346335,0.824,2026-03-10T07:35:39.186000,56,,,
participant_03,1,day,Town10HD_Opt,2026-03-10T07:35:40.410652,-41.95542907714844,51.60982894897461,0.0022998047061264,19.989,7.458,0.0,0.251,0,0,1,,1.0,2026-03-10T07:35:40.410652,neutral,0.458,2026-03-10T07:35:39.346335,0.783,2026-03-10T07:35:40.175000,57,,,
participant_03,1,day,Town10HD_Opt,2026-03-10T07:35:41.514052,-41.92525863647461,49.89183807373047,0.0026113509666174,4.16,-1.556,0.0,0.239,0,0,1,,1.0,2026-03-10T07:35:41.514052,neutral,0.714,2026-03-10T07:35:41.514052,0.756,2026-03-10T07:35:41.255000,57,,,
participant_03,1,day,Town10HD_Opt,2026-03-10T07:35:42.605882,-41.92657470703125,49.80362319946289,0.0020977400708943,0.145,-6.424,0.365,0.0,0,0,1,,1.0,2026-03-10T07:35:42.605882,neutral,0.714,2026-03-10T07:35:41.514052,0.743,2026-03-10T07:35:42.201000,57,,,
participant_03,1,day,Town10HD_Opt,2026-03-10T07:35:43.631483,-41.92089080810547,49.59724044799805,0.0017858505016192,3.687,-6.979,0.209,0.0,0,0,1,,1.0,2026-03-10T07:35:43.631483,neutral,0.52,2026-03-10T07:35:43.631483,0.716,2026-03-10T07:35:43.191000,56,,,
participant_03,1,day,Town10HD_Opt,2026-03-10T07:35:44.156138,-41.91554641723633,49.37051010131836,0.0018125915667042,4.406,-3.452,0.312,0.0,0,0,1,,0.9,2026-03-10T07:35:44.156138,neutral,0.52,2026-03-10T07:35:43.631483,0.716,2026-03-10T07:35:43.191000,56,,,
participant_03,1,day,Town10HD_Opt,2026-03-10T07:35:45.178599,-41.886844635009766,48.7587776184082,0.0018372344784438,6.097,-1.591,0.216,0.0,0,0,1,,1.0,2026-03-10T07:35:45.178599,neutral,0.52,2026-03-10T07:35:43.631483,0.729,2026-03-10T07:35:45.170000,59,,,
participant_03,1,day,Town10HD_Opt,2026-03-10T07:35:46.208556,-41.84678649902344,47.79524230957031,0.0015633010771125,13.281,-1.525,1.0,0.0,0,0,1,,1.0,2026-03-10T07:35:46.208556,neutral,0.367,2026-03-10T07:35:46.208556,0.729,2026-03-10T07:35:45.170000,59,,,
participant_03,1,day,Town10HD_Opt,2026-03-10T07:35:47.272793,-41.77859878540039,45.75783920288086,0.0017361068166792,21.511,-1.13,1.0,0.0,0,0,1,,0.85,2026-03-10T07:35:47.272793,neutral,0.367,2026-03-10T07:35:46.208556,0.837,2026-03-10T07:35:47.196000,60,,,
participant_03,1,day,Town10HD_Opt,2026-03-10T07:35:48.280593,-41.71395492553711,42.63553237915039,0.0015101241879165,33.184,-0.646,0.957,0.0,0,0,1,,1.0,2026-03-10T07:35:48.280593,neutral,0.667,2026-03-10T07:35:48.280593,0.891,2026-03-10T07:35:48.185000,60,,,
participant_03,1,day,Town10HD_Opt,2026-03-10T07:35:49.303783,-41.67515563964844,38.298622131347656,0.0016089630080386,41.409,-0.35,0.324,0.0,0,0,1,,1.0,2026-03-10T07:35:49.303783,neutral,0.667,2026-03-10T07:35:48.280593,0.932,2026-03-10T07:35:49.175000,59,,,
participant_03,1,day,Town10HD_Opt,2026-03-10T07:35:50.348910,-41.65817642211914,33.522926330566406,0.0021350097376853,39.228,0.04,0.559,0.0,0,0,1,,1.0,2026-03-10T07:35:50.348910,neutral,0.585,2026-03-10T07:35:50.348910,0.972,2026-03-10T07:35:50.210000,60,,,
participant_03,1,day,Town10HD_Opt,2026-03-10T07:35:51.365494,-41.63831329345703,28.86640357971192,0.0018980788299813,41.458,0.04,0.0,0.0,0,0,1,,1.0,2026-03-10T07:35:51.365494,neutral,0.585,2026-03-10T07:35:50.348910,1.0,2026-03-10T07:35:51.201000,62,,,
participant_03,1,day,Town10HD_Opt,2026-03-10T07:35:52.419141,-41.61465072631836,24.22103309631348,0.0021348951850086,38.339,-0.023,0.0,0.0,0,0,1,,1.0,2026-03-10T07:35:52.419141,neutral,0.488,2026-03-10T07:35:52.419141,1.0,2026-03-10T07:35:52.191000,62,,,
participant_03,1,day,Town10HD_Opt,2026-03-10T07:35:53.425412,-41.5942268371582,20.033519744873047,0.0023291015531867,32.722,-0.059,0.0,0.263,0,0,1,,1.0,2026-03-10T07:35:53.425412,neutral,0.488,2026-03-10T07:35:52.419141,1.0,2026-03-10T07:35:53.181000,62,,,
participant_03,1,day,Town10HD_Opt,2026-03-10T07:35:54.427589,-41.58105850219727,16.6003360748291,0.002345199463889,26.407,-0.063,0.0,0.255,0,0,1,,1.0,2026-03-10T07:35:54.427589,neutral,0.535,2026-03-10T07:35:54.427589,1.0,2026-03-10T07:35:54.170000,62,,,
participant_03,1,day,Town10HD_Opt,2026-03-10T07:35:55.383903,-41.57376480102539,13.855063438415527,0.0023117065429687,20.894,-0.089,0.0,0.249,0,0,1,,1.0,2026-03-10T07:35:55.383903,neutral,0.535,2026-03-10T07:35:54.427589,1.0,2026-03-10T07:35:55.206000,61,,,
participant_03,1,day,Town10HD_Opt,2026-03-10T07:35:56.448260,-41.57077407836914,11.701159477233888,0.0020239257719367,16.036,-0.092,0.0,0.247,0,0,1,,1.0,2026-03-10T07:35:56.448260,neutral,0.358,2026-03-10T07:35:56.448260,0.931,2026-03-10T07:35:56.196000,60,,,
participant_03,1,day,Town10HD_Opt,2026-03-10T07:35:57.445077,-41.56996154785156,10.022098541259766,0.0020949554163962,12.31,-0.11,0.0,0.25,0,0,1,,1.0,2026-03-10T07:35:57.445077,neutral,0.358,2026-03-10T07:35:56.448260,0.834,2026-03-10T07:35:57.187000,61,,,
participant_03,1,day,Town10HD_Opt,2026-03-10T07:35:58.478086,-41.57054901123047,8.76010799407959,0.0020933912601321,8.799,-0.11,0.0,0.34,0,0,1,,1.0,2026-03-10T07:35:58.478086,neutral,0.307,2026-03-10T07:35:58.478086,0.739,2026-03-10T07:35:58.176000,61,,,
participant_03,1,day,Town10HD_Opt,2026-03-10T07:35:59.505587,-41.57154083251953,7.895661354064941,0.0020742798224091,5.9,-0.11,0.0,0.329,0,0,1,,1.0,2026-03-10T07:35:59.505587,neutral,0.307,2026-03-10T07:35:58.478086,0.652,2026-03-10T07:35:59.211000,61,,,
participant_03,1,day,Town10HD_Opt,2026-03-10T07:36:00.514279,-41.57171630859375,7.776208400726318,0.0020636366680264,0.0,-0.11,0.19,0.056,0,0,1,,1.0,2026-03-10T07:36:00.514279,neutral,0.613,2026-03-10T07:36:00.514279,0.551,2026-03-10T07:36:00.202000,60,,,
participant_03,1,day,Town10HD_Opt,2026-03-10T07:36:01.498718,-41.57225799560547,7.550714492797852,0.0015974425477907,6.031,-0.183,1.0,0.0,0,0,1,,1.0,2026-03-10T07:36:01.498718,neutral,0.613,2026-03-10T07:36:00.514279,0.423,2026-03-10T07:36:01.191000,61,,,
participant_03,1,day,Town10HD_Opt,2026-03-10T07:36:02.581562,-41.57789993286133,6.1898112297058105,0.001400375389494,16.894,-0.524,0.864,0.0,0,0,1,,1.0,2026-03-10T07:36:02.581562,fear,0.329,2026-03-10T07:36:02.581562,0.298,2026-03-10T07:36:02.182000,61,,,
participant_03,1,day,Town10HD_Opt,2026-03-10T07:36:03.592602,-41.59732818603516,3.847487449645996,0.0018259048229083,22.196,-0.233,0.518,0.0,0,0,1,,1.0,2026-03-10T07:36:03.592602,fear,0.329,2026-03-10T07:36:02.581562,0.162,2026-03-10T07:36:03.170000,60,,,
participant_03,1,day,Town10HD_Opt,2026-03-10T07:36:04.604153,-41.6258544921875,1.1100637912750244,0.0019575499463826,24.08,-0.249,0.267,0.0,0,0,1,,0.827,2026-03-10T07:36:04.604153,neutral,0.74,2026-03-10T07:36:04.604153,0.157,2026-03-10T07:36:04.296000,59,,,
participant_03,1,day,Town10HD_Opt,2026-03-10T07:36:05.597408,-41.66321563720703,-1.6546887159347534,0.0020722197368741,23.327,-0.12,0.495,0.0,0,0,1,,1.0,2026-03-10T07:36:05.597408,neutral,0.74,2026-03-10T07:36:04.604153,0.148,2026-03-10T07:36:05.196000,59,,,
participant_03,1,day,Town10HD_Opt,2026-03-10T07:36:06.574454,-41.70252990722656,-4.436699867248535,0.0019753265660256,24.703,-0.012,0.472,0.0,0,0,1,,1.0,2026-03-10T07:36:06.574454,neutral,0.74,2026-03-10T07:36:04.604153,0.132,2026-03-10T07:36:06.185000,59,,,
participant_03,1,day,Town10HD_Opt,2026-03-10T07:36:07.579107,-41.74436950683594,-7.423483848571777,0.0019579315558075,26.485,0.016,0.467,0.0,0,0,1,,1.0,2026-03-10T07:36:07.579107,neutral,0.687,2026-03-10T07:36:07.579107,0.117,2026-03-10T07:36:07.175000,58,,,
participant_03,1,day,Town10HD_Opt,2026-03-10T07:36:08.610865,-41.78814697265625,-10.606677055358888,0.0019647215958684,28.077,0.028,0.464,0.0,0,0,1,,1.0,2026-03-10T07:36:08.610865,neutral,0.687,2026-03-10T07:36:07.579107,0.101,2026-03-10T07:36:08.211000,58,,,
participant_03,1,day,Town10HD_Opt,2026-03-10T07:36:09.582113,-41.83216094970703,-13.96567153930664,0.0019729614723473,29.61,0.063,0.458,0.0,0,0,1,,1.0,2026-03-10T07:36:09.582113,neutral,0.77,2026-03-10T07:36:09.582113,0.091,2026-03-10T07:36:09.201000,59,,,
participant_03,1,day,Town10HD_Opt,2026-03-10T07:36:10.553389,-41.87496948242188,-17.478151321411133,0.0019846344366669,30.691,0.042,0.443,0.0,0,0,1,,1.0,2026-03-10T07:36:10.553389,neutral,0.77,2026-03-10T07:36:09.582113,0.08,2026-03-10T07:36:10.191000,59,,,
participant_03,1,day,Town10HD_Opt,2026-03-10T07:36:11.593696,-41.90888977050781,-21.056779861450195,0.0021209716796875,29.61,0.404,0.0,0.086,0,0,1,,0.814,2026-03-10T07:36:11.593696,neutral,0.814,2026-03-10T07:36:11.593696,0.068,2026-03-10T07:36:11.181000,58,,,
participant_03,1,day,Town10HD_Opt,2026-03-10T07:36:12.619642,-41.919883728027344,-24.19332695007324,0.0022927473764866,24.225,0.211,0.0,0.213,0,0,1,,1.0,2026-03-10T07:36:12.619642,neutral,0.814,2026-03-10T07:36:11.593696,0.053,2026-03-10T07:36:12.171000,58,,,
participant_03,1,day,Town10HD_Opt,2026-03-10T07:36:13.570997,-41.92007064819336,-26.70666885375977,0.002287826500833,19.161,0.211,0.0,0.204,0,0,1,,1.0,2026-03-10T07:36:13.570997,neutral,0.814,2026-03-10T07:36:11.593696,0.043,2026-03-10T07:36:13.206000,58,,,
participant_03,1,day,Town10HD_Opt,2026-03-10T07:36:14.536244,-41.9121322631836,-28.69911003112793,0.002034721430391,15.44,0.39,0.0,0.0,0,0,1,,1.0,2026-03-10T07:36:14.536244,neutral,0.911,2026-03-10T07:36:14.536244,0.041,2026-03-10T07:36:14.196000,57,,,
participant_03,1,day,Town10HD_Opt,2026-03-10T07:36:15.487057,-41.89638137817383,-30.34692001342773,0.0020410155411809,12.752,0.536,0.0,0.0,0,0,1,,1.0,2026-03-10T07:36:15.487057,neutral,0.911,2026-03-10T07:36:14.536244,0.039,2026-03-10T07:36:15.186000,57,,,
participant_03,1,day,Town10HD_Opt,2026-03-10T07:36:16.453328,-41.87699508666992,-31.72885131835937,0.0020213699899613,10.854,0.465,0.0,0.0,0,0,1,,1.0,2026-03-10T07:36:16.453328,neutral,0.911,2026-03-10T07:36:14.536244,0.042,2026-03-10T07:36:16.176000,57,,,
participant_03,1,day,Town10HD_Opt,2026-03-10T07:36:17.438241,-41.85714340209961,-32.887664794921875,0.0020049666054546,9.102,0.465,0.0,0.0,0,0,1,,1.0,2026-03-10T07:36:17.438241,neutral,0.795,2026-03-10T07:36:17.438241,0.041,2026-03-10T07:36:17.210000,57,,,
participant_03,1,day,Town10HD_Opt,2026-03-10T07:36:18.429500,-41.83775329589844,-33.85928726196289,0.001991081284359,7.632,0.43,0.0,0.0,0,0,1,,1.0,2026-03-10T07:36:18.429500,neutral,0.795,2026-03-10T07:36:17.438241,0.039,2026-03-10T07:36:18.201000,59,,,
participant_03,1,day,Town10HD_Opt,2026-03-10T07:36:19.427833,-41.8201789855957,-34.6766471862793,0.0019510650308802,6.959,0.355,1.0,0.0,0,0,1,,1.0,2026-03-10T07:36:19.427833,neutral,0.795,2026-03-10T07:36:17.438241,0.032,2026-03-10T07:36:19.191000,61,,,
participant_03,1,day,Town10HD_Opt,2026-03-10T07:36:20.419907,-41.78937530517578,-36.03289413452149,0.0014694213168695,17.548,0.294,1.0,0.0,0,0,1,,1.0,2026-03-10T07:36:20.419907,neutral,0.505,2026-03-10T07:36:20.419907,0.025,2026-03-10T07:36:20.182000,62,,,
participant_03,1,day,Town10HD_Opt,2026-03-10T07:36:21.360319,-41.72686767578125,-38.50118637084961,0.0016425704816356,25.516,0.294,1.0,0.0,0,0,1,,0.833,2026-03-10T07:36:21.360319,neutral,0.505,2026-03-10T07:36:20.419907,0.019,2026-03-10T07:36:21.216000,61,,,
participant_03,1,day,Town10HD_Opt,2026-03-10T07:36:22.325655,-41.620452880859375,-42.027469635009766,0.0018323516706004,31.612,0.611,0.0,0.0,0,0,1,,1.0,2026-03-10T07:36:22.325655,neutral,0.505,2026-03-10T07:36:20.419907,0.013,2026-03-10T07:36:22.206000,61,,,
participant_03,1,day,Town10HD_Opt,2026-03-10T07:36:23.362030,-41.42512130737305,-45.44620132446289,0.0022397993598133,26.542,7.349,0.0,0.0,0,0,1,,1.0,2026-03-10T07:36:23.362030,neutral,0.483,2026-03-10T07:36:23.362030,0.015,2026-03-10T07:36:23.286000,61,,,
participant_03,1,day,Town10HD_Opt,2026-03-10T07:36:24.417369,-40.92083740234375,-48.27159118652344,0.0022464371286332,22.78,12.903,0.212,0.0,0,0,1,,1.0,2026-03-10T07:36:24.417369,neutral,0.483,2026-03-10T07:36:23.362030,0.012,2026-03-10T07:36:24.186000,59,,,
participant_03,1,day,Town10HD_Opt,2026-03-10T07:36:25.525499,-40.045066833496094,-50.63917922973633,0.0021622849162667,20.758,13.097,0.114,0.0,0,0,1,,1.0,2026-03-10T07:36:25.525499,neutral,0.653,2026-03-10T07:36:25.525499,0.008,2026-03-10T07:36:25.176000,59,,,
participant_03,1,day,Town10HD_Opt,2026-03-10T07:36:26.575836,-38.91901397705078,-52.59865951538086,0.0021240615751594,18.018,13.723,0.412,0.0,0,0,1,,1.0,2026-03-10T07:36:26.575836,neutral,0.653,2026-03-10T07:36:25.525499,0.003,2026-03-10T07:36:26.211000,59,,,
participant_03,1,day,Town10HD_Opt,2026-03-10T07:36:27.628685,-37.57052993774414,-54.24259185791016,0.002053222618997,18.908,13.448,0.849,0.0,0,0,1,,1.0,2026-03-10T07:36:27.628685,neutral,0.958,2026-03-10T07:36:27.628685,0.0,2026-03-10T07:36:27.201000,59,,,
participant_03,1,day,Town10HD_Opt,2026-03-10T07:36:28.158067,-36.7226791381836,-55.07654571533203,0.0018441008869558,22.116,13.175,0.847,0.0,0,0,1,,1.0,2026-03-10T07:36:28.158067,neutral,0.958,2026-03-10T07:36:27.628685,0.0,2026-03-10T07:36:27.201000,59,,,
participant_03,1,day,Town10HD_Opt,2026-03-10T07:36:29.153032,-34.2862548828125,-56.93073272705078,0.001657752902247,30.522,12.961,0.868,0.0,0,0,1,,1.0,2026-03-10T07:36:29.153032,neutral,0.958,2026-03-10T07:36:27.628685,0.0,2026-03-10T07:36:28.191000,60,,,
participant_03,1,day,Town10HD_Opt,2026-03-10T07:36:30.177124,-30.64287757873535,-58.67536163330078,0.0016736984252929,39.117,12.631,0.856,0.0,0,0,1,,1.0,2026-03-10T07:36:30.177124,neutral,0.656,2026-03-10T07:36:30.177124,0.0,2026-03-10T07:36:30.171000,62,,,
participant_03,1,day,Town10HD_Opt,2026-03-10T07:36:31.274025,-25.889244079589844,-59.69354248046875,0.0017620468279346,44.533,5.441,0.689,0.0,0,0,1,,0.834,2026-03-10T07:36:31.274025,neutral,0.656,2026-03-10T07:36:30.177124,0.0,2026-03-10T07:36:31.251000,63,,,
participant_03,1,day,Town10HD_Opt,2026-03-10T07:36:32.344609,-20.48544311523437,-60.01659393310547,0.0018818282987922,48.069,1.561,0.623,0.0,0,0,1,,1.0,2026-03-10T07:36:32.344609,angry,0.941,2026-03-10T07:36:32.344609,0.0,2026-03-10T07:36:32.196000,63,,,
participant_03,1,day,Town10HD_Opt,2026-03-10T07:36:33.418893,-14.705145835876465,-60.05223083496094,0.0018381499685347,51.67,0.931,0.0,0.167,0,0,1,,1.0,2026-03-10T07:36:33.418893,angry,0.941,2026-03-10T07:36:32.344609,0.0,2026-03-10T07:36:33.186000,61,,,
participant_03,1,day,Town10HD_Opt,2026-03-10T07:36:34.444305,-8.886707305908203,-59.9392204284668,0.0021321105305105,49.012,0.625,0.77,0.0,0,0,1,,1.0,2026-03-10T07:36:34.444305,neutral,0.86,2026-03-10T07:36:34.444305,0.0,2026-03-10T07:36:34.175000,60,,,
participant_03,1,day,Town10HD_Opt,2026-03-10T07:36:35.543044,-3.0055084228515625,-59.71376800537109,0.0019924927037209,50.308,0.002,0.0,0.118,0,0,1,,1.0,2026-03-10T07:36:35.543044,neutral,0.86,2026-03-10T07:36:34.444305,0.0,2026-03-10T07:36:35.211000,61,,,
participant_03,1,day,Town10HD_Opt,2026-03-10T07:36:36.582548,2.682605028152466,-59.47653198242188,0.0020534133072942,48.917,-0.411,0.739,0.0,0,0,1,,1.0,2026-03-10T07:36:36.582548,happy,0.486,2026-03-10T07:36:36.582548,0.0,2026-03-10T07:36:36.200000,62,,,
participant_03,1,day,Town10HD_Opt,2026-03-10T07:36:37.619893,8.53909969329834,-59.28290557861328,0.002080078003928,49.533,-0.139,0.739,0.0,0,0,1,,1.0,2026-03-10T07:36:37.619893,happy,0.486,2026-03-10T07:36:36.582548,0.0,2026-03-10T07:36:37.192000,61,,,
participant_03,1,day,Town10HD_Opt,2026-03-10T07:36:38.174301,11.403675079345703,-59.20025634765625,0.0020771408453583,49.366,-0.139,0.739,0.0,0,0,1,,1.0,2026-03-10T07:36:38.174301,happy,0.486,2026-03-10T07:36:36.582548,0.0,2026-03-10T07:36:37.192000,61,,,
participant_03,1,day,Town10HD_Opt,2026-03-10T07:36:39.185042,17.29082489013672,-59.04913330078125,0.002097968943417,49.599,-0.176,0.739,0.0,0,0,1,,1.0,2026-03-10T07:36:39.185042,neutral,0.87,2026-03-10T07:36:39.185042,0.0,2026-03-10T07:36:39.171000,60,,,
participant_03,1,day,Town10HD_Opt,2026-03-10T07:36:40.231352,23.0168571472168,-58.92960357666016,0.0019631958566606,50.306,-0.176,0.739,0.0,0,0,1,,1.0,2026-03-10T07:36:40.231352,neutral,0.87,2026-03-10T07:36:39.185042,0.0,2026-03-10T07:36:40.206000,59,,,
participant_03,1,day,Town10HD_Opt,2026-03-10T07:36:41.223539,28.85409164428711,-58.83605194091797,0.0021679305937141,48.48,-0.176,0.739,0.0,0,0,1,,1.0,2026-03-10T07:36:41.223539,neutral,0.783,2026-03-10T07:36:41.223539,0.0,2026-03-10T07:36:41.196000,58,,,
participant_03,1,day,Town10HD_Opt,2026-03-10T07:36:42.245944,34.6611328125,-58.771121978759766,0.0019262694986537,51.083,0.049,0.0,0.108,0,0,1,,1.0,2026-03-10T07:36:42.245944,neutral,0.783,2026-03-10T07:36:41.223539,0.0,2026-03-10T07:36:42.186000,58,,,
participant_03,1,day,Town10HD_Opt,2026-03-10T07:36:43.251637,40.45842742919922,-58.69417953491211,0.0020242310129106,50.269,0.489,0.739,0.0,0,0,1,,1.0,2026-03-10T07:36:43.251637,angry,0.854,2026-03-10T07:36:43.251637,0.0,2026-03-10T07:36:43.221000,57,,,
participant_03,1,day,Town10HD_Opt,2026-03-10T07:36:44.256967,46.34560012817383,-58.55462646484375,0.0021660232450813,48.858,0.035,0.739,0.0,0,0,1,,1.0,2026-03-10T07:36:44.256967,angry,0.854,2026-03-10T07:36:43.251637,0.0,2026-03-10T07:36:44.211000,57,,,
participant_03,1,day,Town10HD_Opt,2026-03-10T07:36:45.285157,52.11140441894531,-58.39284133911133,0.0019254302605986,51.042,0.329,0.0,0.104,0,0,1,,1.0,2026-03-10T07:36:45.285157,neutral,0.753,2026-03-10T07:36:45.285157,0.0,2026-03-10T07:36:45.201000,57,,,
participant_03,1,day,Town10HD_Opt,2026-03-10T07:36:46.296865,57.93377304077149,-58.18057632446289,0.0020806884858757,49.453,0.846,0.738,0.0,0,0,1,,1.0,2026-03-10T07:36:46.296865,neutral,0.753,2026-03-10T07:36:45.285157,0.0,2026-03-10T07:36:46.192000,56,,,
participant_03,1,day,Town10HD_Opt,2026-03-10T07:36:47.310574,63.8182258605957,-57.79841995239258,0.0020975493825972,49.677,2.466,0.738,0.0,0,0,1,,1.0,2026-03-10T07:36:47.310574,neutral,0.643,2026-03-10T07:36:47.310574,0.0,2026-03-10T07:36:47.181000,56,,,
participant_03,1,day,Town10HD_Opt,2026-03-10T07:36:48.308272,69.50078582763672,-57.06187438964844,0.0019683837890625,50.291,3.947,0.738,0.0,0,0,1,,1.0,2026-03-10T07:36:48.308272,neutral,0.643,2026-03-10T07:36:47.310574,0.007,2026-03-10T07:36:48.170000,55,,,
participant_03,1,day,Town10HD_Opt,2026-03-10T07:36:49.336667,75.18379211425781,-55.72890090942383,0.0021337126381695,49.062,5.794,0.736,0.0,0,0,1,,1.0,2026-03-10T07:36:49.336667,happy,0.994,2026-03-10T07:36:49.336667,0.018,2026-03-10T07:36:49.206000,56,,,
participant_03,1,day,Town10HD_Opt,2026-03-10T07:36:50.382877,80.4018325805664,-53.71461486816406,0.0022785949986428,44.628,3.966,0.0,0.0,0,0,1,,1.0,2026-03-10T07:36:50.382877,happy,0.994,2026-03-10T07:36:49.336667,0.025,2026-03-10T07:36:50.196000,57,,,
participant_03,1,day,Town10HD_Opt,2026-03-10T07:36:51.463087,84.68830108642578,-51.45637893676758,0.0023787308018654,37.589,4.183,0.0,0.0,0,0,1,,1.0,2026-03-10T07:36:51.463087,happy,0.858,2026-03-10T07:36:51.463087,0.031,2026-03-10T07:36:51.186000,56,,,
participant_03,1,day,Town10HD_Opt,2026-03-10T07:36:52.480510,88.09144592285156,-49.21056365966797,0.0023380659986287,32.093,4.367,0.0,0.0,0,0,1,,1.0,2026-03-10T07:36:52.480510,happy,0.858,2026-03-10T07:36:51.463087,0.036,2026-03-10T07:36:52.176000,56,,,
participant_03,1,day,Town10HD_Opt,2026-03-10T07:36:53.523677,90.7861099243164,-47.08937454223633,0.0022999190259724,26.529,3.488,0.266,0.0,0,0,1,,1.0,2026-03-10T07:36:53.523677,fear,0.448,2026-03-10T07:36:53.523677,0.04,2026-03-10T07:36:53.348000,57,,,
participant_03,1,day,Town10HD_Opt,2026-03-10T07:36:54.558804,93.02483367919922,-45.08283233642578,0.0020927428267896,25.651,4.381,0.451,0.0,0,0,1,,1.0,2026-03-10T07:36:54.558804,fear,0.448,2026-03-10T07:36:53.523677,0.042,2026-03-10T07:36:54.291000,56,Solid line crossing,Solid line crossing,
participant_03,1,day,Town10HD_Opt,2026-03-10T07:36:55.605288,95.13630676269533,-42.87957000732422,0.0020151138305664,26.58,5.848,0.4,0.0,0,0,1,,1.0,2026-03-10T07:36:55.605288,neutral,0.697,2026-03-10T07:36:55.605288,0.041,2026-03-10T07:36:55.193000,56,,,
participant_03,1,day,Town10HD_Opt,2026-03-10T07:36:56.160879,96.13834381103516,-41.68677520751953,0.0020162963774055,26.834,4.601,0.4,0.0,0,0,1,,1.0,2026-03-10T07:36:56.160879,neutral,0.697,2026-03-10T07:36:55.605288,0.041,2026-03-10T07:36:55.193000,56,,,
participant_03,1,day,Town10HD_Opt,2026-03-10T07:36:57.224241,98.05023956298828,-39.17488861083984,0.0020476912613958,26.931,5.146,0.234,0.0,0,0,1,,1.0,2026-03-10T07:36:57.224241,neutral,0.697,2026-03-10T07:36:55.605288,0.038,2026-03-10T07:36:57.171000,55,,,
participant_03,1,day,Town10HD_Opt,2026-03-10T07:36:58.286407,99.6634750366211,-36.58114242553711,0.0021125411149114,25.406,8.363,0.289,0.0,0,0,1,,0.816,2026-03-10T07:36:58.286407,neutral,0.61,2026-03-10T07:36:58.286407,0.036,2026-03-10T07:36:58.206000,54,,,
participant_03,1,day,Town10HD_Opt,2026-03-10T07:36:59.345260,100.87755584716795,-33.9341926574707,0.0021010206546634,24.493,8.41,0.289,0.0,0,0,1,,1.0,2026-03-10T07:36:59.345260,neutral,0.61,2026-03-10T07:36:58.286407,0.034,2026-03-10T07:36:59.287000,55,,,
participant_03,1,day,Town10HD_Opt,2026-03-10T07:37:00.477921,101.75294494628906,-31.26642799377441,0.0020892333704978,23.603,4.796,0.292,0.0,0,0,1,,1.0,2026-03-10T07:37:00.477921,neutral,0.842,2026-03-10T07:37:00.477921,0.031,2026-03-10T07:37:00.188000,56,,,
participant_03,1,day,Town10HD_Opt,2026-03-10T07:37:01.553012,102.42180633544922,-28.629762649536133,0.0020817182958126,22.892,5.746,0.291,0.0,0,0,1,,1.0,2026-03-10T07:37:01.553012,neutral,0.842,2026-03-10T07:37:00.477921,0.029,2026-03-10T07:37:01.176000,56,,,
participant_03,1,day,Town10HD_Opt,2026-03-10T07:37:02.170045,102.67381286621094,-27.32479858398437,0.0020832060836255,22.575,6.601,0.197,0.0,0,0,1,,1.0,2026-03-10T07:37:02.170045,neutral,0.842,2026-03-10T07:37:00.477921,0.029,2026-03-10T07:37:01.176000,56,,,
participant_03,1,day,Town10HD_Opt,2026-03-10T07:37:03.246648,102.9669189453125,-24.842426300048828,0.0021900939755141,19.499,6.388,0.0,0.0,0,0,1,,1.0,2026-03-10T07:37:03.246648,neutral,0.484,2026-03-10T07:37:03.246648,0.024,2026-03-10T07:37:03.201000,57,,,
participant_03,1,day,Town10HD_Opt,2026-03-10T07:37:04.316509,103.09510803222656,-22.727638244628903,0.0019586563576012,16.575,1.528,0.0,0.0,0,0,1,,1.0,2026-03-10T07:37:04.316509,neutral,0.484,2026-03-10T07:37:03.246648,0.022,2026-03-10T07:37:04.191000,58,,,
participant_03,1,day,Town10HD_Opt,2026-03-10T07:37:05.375698,103.16258239746094,-20.93294143676757,0.0020439911168068,14.107,2.979,0.047,0.0,0,0,1,,0.87,2026-03-10T07:37:05.375698,neutral,0.665,2026-03-10T07:37:05.375698,0.021,2026-03-10T07:37:05.181000,58,,,
participant_03,1,day,Town10HD_Opt,2026-03-10T07:37:06.410998,103.18643188476562,-19.380558013916016,0.0019824218470603,12.787,2.275,0.126,0.0,0,0,1,,1.0,2026-03-10T07:37:06.410998,neutral,0.665,2026-03-10T07:37:05.375698,0.021,2026-03-10T07:37:06.216000,57,,,
participant_03,1,day,Town10HD_Opt,2026-03-10T07:37:07.443950,103.18157958984376,-17.93657875061035,0.0019590759184211,12.004,2.076,0.124,0.0,0,0,1,,0.915,2026-03-10T07:37:07.443950,neutral,0.413,2026-03-10T07:37:07.443950,0.021,2026-03-10T07:37:07.206000,57,,,
participant_03,1,day,Town10HD_Opt,2026-03-10T07:37:08.483435,103.17032623291016,-16.578128814697266,0.0019532775040715,11.309,0.658,0.122,0.0,0,0,1,,1.0,2026-03-10T07:37:08.483435,neutral,0.413,2026-03-10T07:37:07.443950,0.021,2026-03-10T07:37:08.196000,56,,,
participant_03,1,day,Town10HD_Opt,2026-03-10T07:37:09.514237,103.15579986572266,-15.29676342010498,0.0019496536115184,10.683,1.055,0.122,0.0,0,0,1,,1.0,2026-03-10T07:37:09.514237,neutral,0.694,2026-03-10T07:37:09.514237,0.021,2026-03-10T07:37:09.186000,55,,,
participant_03,1,day,Town10HD_Opt,2026-03-10T07:37:10.532375,103.1292724609375,-14.084413528442385,0.0019462584750726,10.085,1.137,0.122,0.0,0,0,1,,1.0,2026-03-10T07:37:10.532375,neutral,0.694,2026-03-10T07:37:09.514237,0.021,2026-03-10T07:37:10.221000,55,,,
participant_03,1,day,Town10HD_Opt,2026-03-10T07:37:11.609376,103.09796905517578,-12.93297290802002,0.0019432067638263,9.599,0.912,0.121,0.0,0,0,1,,1.0,2026-03-10T07:37:11.609376,fear,0.495,2026-03-10T07:37:11.609376,0.021,2026-03-10T07:37:11.212000,55,,,
participant_03,1,day,Town10HD_Opt,2026-03-10T07:37:12.208789,103.08001708984376,-12.377985954284668,0.0019418715965002,9.411,1.337,0.121,0.0,0,0,1,,0.925,2026-03-10T07:37:12.208789,fear,0.495,2026-03-10T07:37:11.609376,0.038,2026-03-10T07:37:12.201000,55,,,
participant_03,1,day,Town10HD_Opt,2026-03-10T07:37:13.238932,103.0368423461914,-11.305947303771973,0.0019393920665606,8.997,1.349,0.121,0.0,0,0,1,,1.0,2026-03-10T07:37:13.238932,fear,0.495,2026-03-10T07:37:11.609376,0.057,2026-03-10T07:37:13.191000,54,,,
participant_03,1,day,Town10HD_Opt,2026-03-10T07:37:14.263284,102.98737335205078,-10.279803276062012,0.0019371414091438,8.6,1.349,0.121,0.0,0,0,1,,0.805,2026-03-10T07:37:14.263284,neutral,0.765,2026-03-10T07:37:14.263284,0.075,2026-03-10T07:37:14.181000,54,,,
participant_03,1,day,Town10HD_Opt,2026-03-10T07:37:15.290788,102.9324188232422,-9.296432495117188,0.0019395446870476,8.122,1.349,0.0,0.0,0,0,1,,0.808,2026-03-10T07:37:15.290788,neutral,0.765,2026-03-10T07:37:14.263284,0.094,2026-03-10T07:37:15.216000,53,,,
participant_03,1,day,Town10HD_Opt,2026-03-10T07:37:16.338715,102.87689971923828,-8.413673400878906,0.001976890489459,6.962,1.283,0.0,0.0,0,0,1,,1.0,2026-03-10T07:37:16.338715,neutral,0.703,2026-03-10T07:37:16.338715,0.111,2026-03-10T07:37:16.206000,53,,,
participant_03,1,day,Town10HD_Opt,2026-03-10T07:37:17.359442,102.8308563232422,-7.746892929077148,0.0022936628665775,0.0,2.092,0.0,0.159,0,0,1,,1.0,2026-03-10T07:37:17.359442,neutral,0.703,2026-03-10T07:37:16.338715,0.129,2026-03-10T07:37:17.196000,53,,,
participant_03,1,day,Town10HD_Opt,2026-03-10T07:37:18.567049,102.82827758789062,-7.716732501983643,0.0019440078176558,1.207,4.037,0.443,0.0,0,0,1,,1.0,2026-03-10T07:37:18.567049,neutral,0.817,2026-03-10T07:37:18.567049,0.148,2026-03-10T07:37:18.186000,53,,,
participant_03,1,day,Town10HD_Opt,2026-03-10T07:37:19.598864,102.7925262451172,-7.357513427734375,0.0017163848970085,5.318,3.827,0.0,0.0,0,0,1,,1.0,2026-03-10T07:37:19.598864,neutral,0.817,2026-03-10T07:37:18.567049,0.176,2026-03-10T07:37:19.221000,53,,,
participant_03,1,day,Town10HD_Opt,2026-03-10T07:37:20.611174,102.72996520996094,-6.746096611022949,0.0022086333483457,0.027,2.916,0.0,0.076,0,0,1,,1.0,2026-03-10T07:37:20.611174,neutral,0.442,2026-03-10T07:37:20.611174,0.201,2026-03-10T07:37:20.211000,52,,,
participant_03,1,day,Town10HD_Opt,2026-03-10T07:37:21.149439,102.72994995117188,-6.746010780334473,0.0021319198422133,0.001,2.788,0.0,0.14,0,0,1,,1.0,2026-03-10T07:37:21.149439,neutral,0.442,2026-03-10T07:37:20.611174,0.201,2026-03-10T07:37:20.211000,52,,,
participant_03,1,day,Town10HD_Opt,2026-03-10T07:37:22.156598,102.72982788085938,-6.744704246520996,0.001941108610481,0.03,2.68,0.0,0.0,0,0,1,,0.806,2026-03-10T07:37:22.156598,neutral,0.442,2026-03-10T07:37:20.611174,0.225,2026-03-10T07:37:21.207000,53,,,
participant_03,1,day,Town10HD_Opt,2026-03-10T07:37:23.194211,102.72960662841795,-6.741604328155518,0.0019208145095035,0.028,2.619,0.0,0.0,0,0,1,,1.0,2026-03-10T07:37:23.194211,neutral,0.635,2026-03-10T07:37:23.194211,0.248,2026-03-10T07:37:23.182000,54,,,
participant_03,1,day,Town10HD_Opt,2026-03-10T07:37:24.210796,102.72942352294922,-6.739249706268311,0.0019195937784388,0.002,2.628,0.0,0.0,0,0,1,,0.842,2026-03-10T07:37:24.210796,neutral,0.635,2026-03-10T07:37:23.194211,0.248,2026-03-10T07:37:23.182000,54,,,
participant_03,1,day,Town10HD_Opt,2026-03-10T07:37:25.174016,102.72942352294922,-6.739131450653076,0.0019188307924196,0.007,2.661,0.0,0.0,0,0,1,,1.0,2026-03-10T07:37:25.174016,neutral,0.635,2026-03-10T07:37:23.194211,0.259,2026-03-10T07:37:24.216000,54,,,
participant_03,1,day,Town10HD_Opt,2026-03-10T07:37:26.326187,102.72943115234376,-6.739104270935059,0.001919288537465,0.131,3.537,0.04,0.0,0,0,1,,1.0,2026-03-10T07:37:26.326187,neutral,0.714,2026-03-10T07:37:26.326187,0.264,2026-03-10T07:37:26.197000,54,,,
participant_03,1,day,Town10HD_Opt,2026-03-10T07:37:27.342747,102.72959899902344,-6.740431308746338,0.0019160461379215,0.159,3.396,0.039,0.0,0,0,1,,1.0,2026-03-10T07:37:27.342747,neutral,0.714,2026-03-10T07:37:26.326187,0.265,2026-03-10T07:37:27.186000,54,,,
participant_03,1,day,Town10HD_Opt,2026-03-10T07:37:28.384437,102.72935485839844,-6.738307952880859,0.001915855333209,0.186,3.396,0.039,0.0,0,0,1,,1.0,2026-03-10T07:37:28.384437,neutral,0.757,2026-03-10T07:37:28.384437,0.266,2026-03-10T07:37:28.176000,55,,,
participant_03,1,day,Town10HD_Opt,2026-03-10T07:37:29.501459,102.72653198242188,-6.714144706726074,0.001840095501393,1.965,5.361,1.0,0.0,0,0,1,,1.0,2026-03-10T07:37:29.501459,neutral,0.757,2026-03-10T07:37:28.384437,0.255,2026-03-10T07:37:29.211000,55,,,
participant_04,1,day,Town10HD_Opt,2026-03-10T07:47:18.822446,-41.66858673095703,89.7454833984375,0.5804919004440308,16.777,0.949,0.234,0.0,0,0,1,,1.0,2026-03-10T07:47:18.822446,,,2026-03-10T07:47:18.822446,0.574,2026-03-10T07:47:18.273000,54,,,
participant_04,1,day,Town10HD_Opt,2026-03-10T07:47:24.362867,-41.68869400024414,86.67068481445312,0.0017222976312041,16.827,0.973,0.25,0.0,0,0,1,,0.893,2026-03-10T07:47:24.362867,,,2026-03-10T07:47:24.362867,0.575,2026-03-10T07:47:24.304000,55,,,
participant_04,1,day,Town10HD_Opt,2026-03-10T07:47:24.989687,-41.66997909545898,84.63215637207031,0.00204429612495,18.43,1.29,0.632,0.0,0,0,1,,0.923,2026-03-10T07:47:24.989687,,,2026-03-10T07:47:24.362867,0.575,2026-03-10T07:47:24.304000,55,,,
participant_04,1,day,Town10HD_Opt,2026-03-10T07:47:26.010462,-41.51387786865234,81.09839630126953,0.0019025802612304,22.409,4.775,0.513,0.0,0,0,1,,0.818,2026-03-10T07:47:26.010462,,,2026-03-10T07:47:24.362867,0.577,2026-03-10T07:47:25.248000,56,,,
participant_04,1,day,Town10HD_Opt,2026-03-10T07:47:26.976029,-40.810302734375,76.9923095703125,0.0020050429739058,24.619,11.672,0.39,0.0,0,0,1,,1.0,2026-03-10T07:47:26.976029,neutral,0.509,2026-03-10T07:47:26.976029,0.577,2026-03-10T07:47:26.239000,57,,,
participant_04,1,day,Town10HD_Opt,2026-03-10T07:47:28.065741,-38.87877655029297,73.18700408935547,0.0020964050199836,24.403,23.588,0.349,0.0,0,0,1,,1.0,2026-03-10T07:47:28.065741,neutral,0.509,2026-03-10T07:47:26.976029,0.576,2026-03-10T07:47:27.273000,58,,,
participant_04,1,day,Town10HD_Opt,2026-03-10T07:47:29.060044,-35.506893157958984,70.718017578125,0.0021069336216896,23.995,22.002,0.348,0.0,0,0,1,,1.0,2026-03-10T07:47:29.060044,neutral,0.926,2026-03-10T07:47:29.060044,0.575,2026-03-10T07:47:28.264000,59,,,
participant_04,1,day,Town10HD_Opt,2026-03-10T07:47:29.887503,-32.8332405090332,69.91825866699219,0.0020756148733198,23.939,12.132,0.328,0.0,0,0,1,,0.919,2026-03-10T07:47:29.887503,neutral,0.926,2026-03-10T07:47:29.060044,0.573,2026-03-10T07:47:29.279000,61,,,
participant_04,1,day,Town10HD_Opt,2026-03-10T07:47:30.829260,-28.70312690734864,69.57222747802734,0.0020706176292151,23.528,10.142,0.327,0.0,0,0,1,,0.902,2026-03-10T07:47:30.829260,neutral,0.926,2026-03-10T07:47:29.060044,0.572,2026-03-10T07:47:30.243000,62,,,
participant_04,1,day,Town10HD_Opt,2026-03-10T07:47:32.095662,-23.26253128051757,69.8614501953125,0.0020547865424305,23.1,-2.621,0.327,0.0,0,0,1,,0.959,2026-03-10T07:47:32.095662,neutral,0.603,2026-03-10T07:47:32.095662,0.572,2026-03-10T07:47:31.232000,61,,,
participant_04,1,day,Town10HD_Opt,2026-03-10T07:47:33.056276,-19.23838424682617,69.9567642211914,0.0020528030581772,22.839,0.815,0.328,0.0,0,0,1,,0.817,2026-03-10T07:47:33.056276,neutral,0.603,2026-03-10T07:47:32.095662,0.572,2026-03-10T07:47:32.313000,62,,,
participant_04,1,day,Town10HD_Opt,2026-03-10T07:47:33.990491,-15.26027774810791,70.0866928100586,0.0020512770861387,22.587,-0.703,0.328,0.0,0,0,1,,1.0,2026-03-10T07:47:33.990491,neutral,0.603,2026-03-10T07:47:32.095662,0.572,2026-03-10T07:47:33.258000,64,,,
participant_04,1,day,Town10HD_Opt,2026-03-10T07:47:34.914727,-11.319897651672363,70.1524887084961,0.0020505141001194,22.377,-1.248,0.328,0.0,0,0,1,,0.808,2026-03-10T07:47:34.914727,sad,0.775,2026-03-10T07:47:34.914727,0.572,2026-03-10T07:47:34.248000,66,,,
participant_04,1,day,Town10HD_Opt,2026-03-10T07:47:35.854547,-7.413825511932373,70.13492584228516,0.0020497892983257,22.191,-0.472,0.328,0.0,0,0,1,,1.0,2026-03-10T07:47:35.854547,sad,0.775,2026-03-10T07:47:34.914727,0.572,2026-03-10T07:47:35.238000,67,,,
participant_04,1,day,Town10HD_Opt,2026-03-10T07:47:37.075081,-2.252580165863037,70.07672882080078,0.0020486831199377,21.98,-0.139,0.328,0.0,0,0,1,,1.0,2026-03-10T07:47:37.075081,neutral,0.731,2026-03-10T07:47:37.075081,0.572,2026-03-10T07:47:36.273000,69,,,
participant_04,1,day,Town10HD_Opt,2026-03-10T07:47:38.051826,1.565045952796936,70.02544403076172,0.0020748518873006,21.337,0.026,0.258,0.0,0,0,1,,0.902,2026-03-10T07:47:38.051826,neutral,0.731,2026-03-10T07:47:37.075081,0.572,2026-03-10T07:47:37.263000,71,,,
participant_04,1,day,Town10HD_Opt,2026-03-10T07:47:38.939945,5.176708698272705,69.98302459716797,0.002090988215059,19.887,0.331,0.253,0.0,0,0,1,,0.853,2026-03-10T07:47:38.939945,neutral,0.731,2026-03-10T07:47:37.075081,0.572,2026-03-10T07:47:38.254000,73,,,
participant_04,1,day,Town10HD_Opt,2026-03-10T07:47:39.846259,8.521238327026367,69.96258544921875,0.0021186827216297,18.115,0.233,0.139,0.0,0,0,1,,0.837,2026-03-10T07:47:39.846259,neutral,0.562,2026-03-10T07:47:39.846259,0.57,2026-03-10T07:47:39.243000,73,,,
participant_04,1,day,Town10HD_Opt,2026-03-10T07:47:41.049914,12.530631065368652,69.95336151123047,0.0019835662096738,15.754,-0.016,0.12,0.0,0,0,1,,1.0,2026-03-10T07:47:41.049914,neutral,0.562,2026-03-10T07:47:39.846259,0.569,2026-03-10T07:47:40.233000,71,,,
participant_04,1,day,Town10HD_Opt,2026-03-10T07:47:41.992805,15.140382766723633,69.94752502441406,0.0019756315741688,13.968,-0.023,0.121,0.0,0,0,1,,1.0,2026-03-10T07:47:41.992805,neutral,0.585,2026-03-10T07:47:41.992805,0.574,2026-03-10T07:47:41.269000,70,,,
participant_04,1,day,Town10HD_Opt,2026-03-10T07:47:42.940570,17.46761131286621,69.94142150878906,0.0019644927233457,12.539,-0.023,0.12,0.0,0,0,1,,0.809,2026-03-10T07:47:42.940570,neutral,0.585,2026-03-10T07:47:41.992805,0.578,2026-03-10T07:47:42.258000,68,,,
participant_04,1,day,Town10HD_Opt,2026-03-10T07:47:43.859188,19.56692695617676,69.93533325195312,0.0019558714702725,11.38,-0.023,0.12,0.0,0,0,1,,1.0,2026-03-10T07:47:43.859188,neutral,0.585,2026-03-10T07:47:41.992805,0.583,2026-03-10T07:47:43.248000,65,,,
participant_04,1,day,Town10HD_Opt,2026-03-10T07:47:45.103926,22.0832462310791,69.92747497558594,0.0019477843306958,10.116,-0.023,0.0,0.0,0,0,1,,1.0,2026-03-10T07:47:45.103926,neutral,0.609,2026-03-10T07:47:45.103926,0.588,2026-03-10T07:47:44.238000,63,,,
participant_04,1,day,Town10HD_Opt,2026-03-10T07:47:46.019511,23.69271469116211,69.921875,0.0019904708024114,7.859,-0.023,0.0,0.0,0,0,1,,1.0,2026-03-10T07:47:46.019511,neutral,0.609,2026-03-10T07:47:45.103926,0.597,2026-03-10T07:47:45.273000,64,,,
participant_04,1,day,Town10HD_Opt,2026-03-10T07:47:46.995853,24.93245315551757,69.91735076904297,0.0019903564825654,5.788,-0.023,0.0,0.166,0,0,1,,1.0,2026-03-10T07:47:46.995853,neutral,0.609,2026-03-10T07:47:45.103926,0.607,2026-03-10T07:47:46.268000,63,,,
participant_04,1,day,Town10HD_Opt,2026-03-10T07:47:47.904178,25.13512420654297,69.91613006591797,0.0019839857704937,0.0,-0.023,0.0,0.004,0,0,1,,1.0,2026-03-10T07:47:47.904178,neutral,0.629,2026-03-10T07:47:47.904178,0.618,2026-03-10T07:47:47.253000,62,,,
participant_04,1,day,Town10HD_Opt,2026-03-10T07:47:49.119191,25.37164306640625,69.9156265258789,0.0017912673065438,3.608,-0.026,0.312,0.0,0,0,1,,1.0,2026-03-10T07:47:49.119191,neutral,0.629,2026-03-10T07:47:47.904178,0.63,2026-03-10T07:47:48.243000,61,,,
participant_04,1,day,Town10HD_Opt,2026-03-10T07:47:50.049450,26.095766067504883,69.9130859375,0.0019202422117814,4.078,-0.026,0.0,0.0,0,0,1,,1.0,2026-03-10T07:47:50.049450,fear,0.376,2026-03-10T07:47:50.049450,0.644,2026-03-10T07:47:49.234000,60,,,
participant_04,1,day,Town10HD_Opt,2026-03-10T07:47:50.960435,26.20126724243164,69.91287231445312,0.0019567108247429,0.003,-0.026,0.0,0.0,0,0,1,,0.85,2026-03-10T07:47:50.960435,fear,0.376,2026-03-10T07:47:50.049450,0.656,2026-03-10T07:47:50.269000,59,,,
participant_04,1,day,Town10HD_Opt,2026-03-10T07:47:51.834064,26.27154922485352,69.91258239746094,0.0017990875057876,2.084,-0.035,0.555,0.0,0,0,1,,1.0,2026-03-10T07:47:51.834064,fear,0.376,2026-03-10T07:47:50.049450,0.663,2026-03-10T07:47:51.258000,59,,,
participant_04,1,day,Town10HD_Opt,2026-03-10T07:47:53.014149,27.742265701293945,69.9081039428711,0.001798210083507,9.229,-0.035,0.254,0.0,0,0,1,,1.0,2026-03-10T07:47:53.014149,neutral,0.766,2026-03-10T07:47:53.014149,0.671,2026-03-10T07:47:52.338000,58,,,
participant_04,1,day,Town10HD_Opt,2026-03-10T07:47:53.977307,29.45385360717773,69.9023208618164,0.0018961334135383,10.131,-0.035,0.187,0.0,0,0,1,,1.0,2026-03-10T07:47:53.977307,neutral,0.766,2026-03-10T07:47:53.014149,0.675,2026-03-10T07:47:53.284000,57,,,
participant_04,1,day,Town10HD_Opt,2026-03-10T07:47:54.976179,31.234413146972656,69.88616943359375,0.0019265746232122,10.048,-2.188,0.137,0.0,0,0,1,,1.0,2026-03-10T07:47:54.976179,neutral,0.766,2026-03-10T07:47:53.014149,0.678,2026-03-10T07:47:54.273000,58,,,
participant_04,1,day,Town10HD_Opt,2026-03-10T07:47:55.950757,32.94993209838867,69.8086166381836,0.001935081440024,9.523,-3.693,0.111,0.0,0,0,1,,1.0,2026-03-10T07:47:55.950757,neutral,0.362,2026-03-10T07:47:55.950757,0.678,2026-03-10T07:47:55.263000,58,,,
participant_04,1,day,Town10HD_Opt,2026-03-10T07:47:56.884453,34.502342224121094,69.68218994140625,0.0019841385073959,7.809,-3.693,0.0,0.0,0,0,1,,1.0,2026-03-10T07:47:56.884453,neutral,0.362,2026-03-10T07:47:55.950757,0.673,2026-03-10T07:47:56.254000,58,,,
participant_04,1,day,Town10HD_Opt,2026-03-10T07:47:57.905927,35.7062873840332,69.5253677368164,0.0019775009714066,5.987,-8.324,0.0,0.0,0,0,1,,1.0,2026-03-10T07:47:57.905927,neutral,0.362,2026-03-10T07:47:55.950757,0.665,2026-03-10T07:47:57.244000,58,,,
participant_04,1,day,Town10HD_Opt,2026-03-10T07:47:58.883862,36.62057876586914,69.34825897216797,0.0019633101765066,4.531,-7.822,0.0,0.0,0,0,1,,1.0,2026-03-10T07:47:58.883862,neutral,0.363,2026-03-10T07:47:58.883862,0.653,2026-03-10T07:47:58.234000,58,,,
participant_04,1,day,Town10HD_Opt,2026-03-10T07:47:59.931299,37.32796478271485,69.2230224609375,0.0018843078287318,4.518,6.649,0.636,0.0,0,0,1,,1.0,2026-03-10T07:47:59.931299,neutral,0.363,2026-03-10T07:47:58.883862,0.641,2026-03-10T07:47:59.269000,57,,,
participant_04,1,day,Town10HD_Opt,2026-03-10T07:48:00.835440,39.01956558227539,69.13323211669922,0.0015799712855368,14.931,8.747,0.664,0.0,0,0,1,,1.0,2026-03-10T07:48:00.835440,neutral,0.363,2026-03-10T07:47:58.883862,0.629,2026-03-10T07:48:00.259000,56,,,
participant_04,1,day,Town10HD_Opt,2026-03-10T07:48:02.046794,43.27405548095703,69.36148834228516,0.0019791794475167,19.96,0.606,0.496,0.0,0,0,1,,0.932,2026-03-10T07:48:02.046794,fear,0.371,2026-03-10T07:48:02.046794,0.616,2026-03-10T07:48:01.248000,56,,,
participant_04,1,day,Town10HD_Opt,2026-03-10T07:48:03.101196,46.995155334472656,69.64302062988281,0.0019441604381427,23.001,0.964,0.47,0.0,0,0,1,,1.0,2026-03-10T07:48:03.101196,fear,0.371,2026-03-10T07:48:02.046794,0.604,2026-03-10T07:48:02.243000,55,,,
participant_04,1,day,Town10HD_Opt,2026-03-10T07:48:04.024875,51.22737121582031,69.9630355834961,0.0019593429751694,25.653,-0.754,0.455,0.0,0,0,1,,1.0,2026-03-10T07:48:04.024875,fear,0.371,2026-03-10T07:48:02.046794,0.595,2026-03-10T07:48:03.288000,55,,,
participant_04,1,day,Town10HD_Opt,2026-03-10T07:48:04.959036,55.88273620605469,70.22955322265625,0.0019749449566006,27.783,-1.029,0.45,0.0,0,0,1,,1.0,2026-03-10T07:48:04.959036,fear,0.426,2026-03-10T07:48:04.959036,0.586,2026-03-10T07:48:04.263000,56,,,
participant_04,1,day,Town10HD_Opt,2026-03-10T07:48:05.837755,60.88006210327149,70.4006118774414,0.0019966887775808,29.302,-0.848,0.348,0.0,0,0,1,,1.0,2026-03-10T07:48:05.837755,fear,0.426,2026-03-10T07:48:04.959036,0.577,2026-03-10T07:48:05.253000,56,,,
participant_04,1,day,Town10HD_Opt,2026-03-10T07:48:06.998992,67.43565368652344,70.43783569335938,0.0021710968576371,25.409,-0.79,0.0,0.0,0,0,1,,0.806,2026-03-10T07:48:06.998992,fear,0.344,2026-03-10T07:48:06.998992,0.572,2026-03-10T07:48:06.243000,57,,,
participant_04,1,day,Town10HD_Opt,2026-03-10T07:48:07.864827,71.3908920288086,70.36404418945312,0.0022403716575354,19.258,-0.423,0.0,0.0,0,0,1,,1.0,2026-03-10T07:48:07.864827,fear,0.344,2026-03-10T07:48:06.998992,0.567,2026-03-10T07:48:07.234000,58,,,
participant_04,1,day,Town10HD_Opt,2026-03-10T07:48:09.059731,75.23851013183594,70.26950073242188,0.0020445249974727,13.615,0.414,0.0,0.0,0,0,1,,1.0,2026-03-10T07:48:09.059731,fear,0.349,2026-03-10T07:48:09.059731,0.567,2026-03-10T07:48:08.269000,59,,,
participant_04,1,day,Town10HD_Opt,2026-03-10T07:48:09.928270,77.35973358154297,70.22758483886719,0.0020190810319036,10.46,0.423,0.0,0.0,0,0,1,,1.0,2026-03-10T07:48:09.928270,fear,0.349,2026-03-10T07:48:09.059731,0.567,2026-03-10T07:48:09.258000,59,,,
participant_04,1,day,Town10HD_Opt,2026-03-10T07:48:11.089209,79.40947723388672,70.19561004638672,0.001986312912777,7.266,0.005,0.125,0.0,0,0,1,,0.814,2026-03-10T07:48:11.089209,neutral,0.881,2026-03-10T07:48:11.089209,0.579,2026-03-10T07:48:10.249000,58,,,
participant_04,1,day,Town10HD_Opt,2026-03-10T07:48:11.967093,80.77149200439453,70.17310333251953,0.0017797851469367,10.393,0.005,0.853,0.0,0,0,1,,0.915,2026-03-10T07:48:11.967093,neutral,0.881,2026-03-10T07:48:11.089209,0.593,2026-03-10T07:48:11.238000,57,,,
participant_04,1,day,Town10HD_Opt,2026-03-10T07:48:12.866471,83.63115692138672,70.12953186035156,0.0017805862007662,21.906,0.698,0.631,0.0,0,0,1,,0.921,2026-03-10T07:48:12.866471,neutral,0.881,2026-03-10T07:48:11.089209,0.606,2026-03-10T07:48:12.273000,56,,,
participant_04,1,day,Town10HD_Opt,2026-03-10T07:48:14.071632,88.96416473388672,70.38259887695312,0.0021339415106922,21.35,11.844,0.291,0.0,0,0,1,,0.929,2026-03-10T07:48:14.071632,neutral,0.638,2026-03-10T07:48:14.071632,0.623,2026-03-10T07:48:13.264000,56,,,
participant_04,1,day,Town10HD_Opt,2026-03-10T07:48:15.005918,92.46707153320312,71.5282211303711,0.0019728469196707,22.915,17.953,0.682,0.0,0,0,1,,0.941,2026-03-10T07:48:15.005918,neutral,0.638,2026-03-10T07:48:14.071632,0.64,2026-03-10T07:48:14.253000,58,,,
participant_04,1,day,Town10HD_Opt,2026-03-10T07:48:15.866683,96.09842681884766,74.4032211303711,0.0017745970981195,31.8,17.291,0.752,0.0,0,0,1,,0.897,2026-03-10T07:48:15.866683,neutral,0.638,2026-03-10T07:48:14.071632,0.656,2026-03-10T07:48:15.243000,58,,,
participant_04,1,day,Town10HD_Opt,2026-03-10T07:48:16.992091,99.24842834472656,81.96245574951172,0.0020166777539998,37.677,9.284,0.318,0.0,0,0,1,,0.911,2026-03-10T07:48:16.992091,neutral,0.956,2026-03-10T07:48:16.992091,0.672,2026-03-10T07:48:16.278000,58,,,
participant_04,1,day,Town10HD_Opt,2026-03-10T07:48:17.878495,99.29932403564452,88.38711547851562,0.0021150968968868,35.548,0.585,0.322,0.0,0,0,1,,0.944,2026-03-10T07:48:17.878495,neutral,0.956,2026-03-10T07:48:16.992091,0.689,2026-03-10T07:48:17.268000,58,,,
participant_04,1,day,Town10HD_Opt,2026-03-10T07:48:18.834245,98.92546844482422,94.42940521240234,0.0021022795699536,33.745,3.525,0.456,0.0,0,0,1,,1.0,2026-03-10T07:48:18.834245,neutral,0.956,2026-03-10T07:48:16.992091,0.705,2026-03-10T07:48:18.259000,59,,,
participant_04,1,day,Town10HD_Opt,2026-03-10T07:48:20.054468,97.45843505859376,102.44730377197266,0.0019266509916633,37.401,4.122,0.575,0.0,0,0,1,,1.0,2026-03-10T07:48:20.054468,neutral,0.657,2026-03-10T07:48:20.054468,0.722,2026-03-10T07:48:19.249000,59,,,
participant_04,1,day,Town10HD_Opt,2026-03-10T07:48:20.931092,95.3023681640625,108.91999816894533,0.0019348907517269,40.683,4.202,0.556,0.0,0,0,1,,0.873,2026-03-10T07:48:20.931092,neutral,0.657,2026-03-10T07:48:20.054468,0.726,2026-03-10T07:48:20.238000,60,,,
participant_04,1,day,Town10HD_Opt,2026-03-10T07:48:21.850107,91.99607849121094,115.47312927246094,0.0019704054575413,43.248,5.411,0.546,0.0,0,0,1,,1.0,2026-03-10T07:48:21.850107,neutral,0.657,2026-03-10T07:48:20.054468,0.729,2026-03-10T07:48:21.365000,59,,,
participant_04,1,day,Town10HD_Opt,2026-03-10T07:48:23.025485,85.3858871459961,123.3996810913086,0.0019934081938117,45.61,6.492,0.544,0.0,0,0,1,,0.812,2026-03-10T07:48:23.025485,neutral,0.827,2026-03-10T07:48:23.025485,0.732,2026-03-10T07:48:22.308000,59,,,
participant_04,1,day,Town10HD_Opt,2026-03-10T07:48:23.969330,78.72195434570312,127.95670318603516,0.002004203852266,46.994,7.418,0.543,0.0,0,0,1,,1.0,2026-03-10T07:48:23.969330,neutral,0.827,2026-03-10T07:48:23.025485,0.731,2026-03-10T07:48:23.253000,58,,,
participant_04,1,day,Town10HD_Opt,2026-03-10T07:48:24.911919,70.87872314453125,130.61192321777344,0.0020135496743023,48.082,6.974,0.541,0.0,0,0,1,,0.845,2026-03-10T07:48:24.911919,neutral,0.827,2026-03-10T07:48:23.025485,0.731,2026-03-10T07:48:24.244000,57,,,
participant_04,1,day,Town10HD_Opt,2026-03-10T07:48:25.895826,62.44633483886719,131.06744384765625,0.0020960615947842,47.245,1.671,0.0,0.0,0,0,1,,0.827,2026-03-10T07:48:25.895826,neutral,0.396,2026-03-10T07:48:25.895826,0.731,2026-03-10T07:48:25.279000,56,,,
participant_04,1,day,Town10HD_Opt,2026-03-10T07:48:26.870701,55.00039291381836,130.64407348632812,0.0023670578375458,37.009,-1.347,0.0,0.0,0,0,1,,0.884,2026-03-10T07:48:26.870701,neutral,0.396,2026-03-10T07:48:25.895826,0.731,2026-03-10T07:48:26.268000,55,,,
participant_04,1,day,Town10HD_Opt,2026-03-10T07:48:27.874775,49.04356384277344,130.37860107421875,0.0021449278574436,32.453,-0.637,0.406,0.0,0,0,1,,0.845,2026-03-10T07:48:27.874775,neutral,0.396,2026-03-10T07:48:25.895826,0.731,2026-03-10T07:48:27.258000,54,,,
participant_04,1,day,Town10HD_Opt,2026-03-10T07:48:28.860129,43.36652374267578,130.2270050048828,0.0020300291944295,32.719,-2.113,0.431,0.0,0,0,1,,0.822,2026-03-10T07:48:28.860129,happy,0.98,2026-03-10T07:48:28.860129,0.731,2026-03-10T07:48:28.248000,54,,,
participant_04,1,day,Town10HD_Opt,2026-03-10T07:48:30.080666,35.57791519165039,130.38746643066406,0.0020062637049704,34.211,1.321,0.443,0.0,0,0,1,,0.945,2026-03-10T07:48:30.080666,happy,0.98,2026-03-10T07:48:28.860129,0.731,2026-03-10T07:48:29.284000,54,,,
participant_04,1,day,Town10HD_Opt,2026-03-10T07:48:31.065770,29.52212142944336,130.4325714111328,0.0020156479440629,35.057,-0.435,0.443,0.0,0,0,1,,0.85,2026-03-10T07:48:31.065770,neutral,0.803,2026-03-10T07:48:31.065770,0.731,2026-03-10T07:48:30.273000,55,,,
participant_04,1,day,Town10HD_Opt,2026-03-10T07:48:32.025626,23.328765869140625,130.48851013183594,0.0020194626413285,35.781,0.211,0.443,0.0,0,0,1,,0.844,2026-03-10T07:48:32.025626,neutral,0.803,2026-03-10T07:48:31.065770,0.731,2026-03-10T07:48:31.263000,55,,,
participant_04,1,day,Town10HD_Opt,2026-03-10T07:48:32.924974,17.01616859436035,130.51077270507812,0.0020225525368005,36.409,0.143,0.443,0.0,0,0,1,,0.898,2026-03-10T07:48:32.924974,neutral,0.803,2026-03-10T07:48:31.065770,0.731,2026-03-10T07:48:32.254000,56,,,
participant_04,1,day,Town10HD_Opt,2026-03-10T07:48:33.863872,10.60629653930664,130.4990997314453,0.0020366667304188,36.593,0.287,0.134,0.0,0,0,1,,0.838,2026-03-10T07:48:33.863872,neutral,0.492,2026-03-10T07:48:33.863872,0.731,2026-03-10T07:48:33.243000,56,,,
participant_04,1,day,Town10HD_Opt,2026-03-10T07:48:35.079278,3.0352542400360107,130.42385864257812,0.0022897720336914,27.001,0.179,0.0,0.0,0,0,1,,1.0,2026-03-10T07:48:35.079278,neutral,0.492,2026-03-10T07:48:33.863872,0.733,2026-03-10T07:48:34.413000,56,,,
participant_04,1,day,Town10HD_Opt,2026-03-10T07:48:36.026947,-1.1476870775222778,130.3614044189453,0.0022541808430105,20.368,0.179,0.0,0.0,0,0,1,,0.876,2026-03-10T07:48:36.026947,fear,0.52,2026-03-10T07:48:36.026947,0.734,2026-03-10T07:48:35.268000,55,,,
participant_04,1,day,Town10HD_Opt,2026-03-10T07:48:36.958521,-4.307214260101318,130.3053741455078,0.0020077896770089,15.675,-0.454,0.0,0.0,0,0,1,,0.908,2026-03-10T07:48:36.958521,fear,0.52,2026-03-10T07:48:36.026947,0.736,2026-03-10T07:48:36.259000,55,,,
participant_04,1,day,Town10HD_Opt,2026-03-10T07:48:37.864012,-6.778275489807129,130.27842712402344,0.0020097731612622,12.617,-0.103,0.078,0.0,0,0,1,,1.0,2026-03-10T07:48:37.864012,fear,0.52,2026-03-10T07:48:36.026947,0.739,2026-03-10T07:48:37.248000,55,,,
participant_04,1,day,Town10HD_Opt,2026-03-10T07:48:39.026037,-9.492055892944336,130.2517547607422,0.0019578551873564,10.751,-0.103,0.122,0.0,0,0,1,,0.903,2026-03-10T07:48:39.026037,neutral,0.372,2026-03-10T07:48:39.026037,0.743,2026-03-10T07:48:38.238000,54,,,
participant_04,1,day,Town10HD_Opt,2026-03-10T07:48:39.918334,-11.30286979675293,130.23631286621094,0.0019478225149214,9.868,-0.103,0.114,0.0,0,0,1,,0.85,2026-03-10T07:48:39.918334,neutral,0.372,2026-03-10T07:48:39.026037,0.75,2026-03-10T07:48:39.319000,54,,,
participant_04,1,day,Town10HD_Opt,2026-03-10T07:48:40.835934,-12.965194702148438,130.22378540039062,0.001944274874404,9.114,-0.103,0.113,0.0,0,0,1,,0.843,2026-03-10T07:48:40.835934,neutral,0.372,2026-03-10T07:48:39.026037,0.757,2026-03-10T07:48:40.264000,55,,,
participant_04,1,day,Town10HD_Opt,2026-03-10T07:48:42.008798,-15.04015064239502,130.21044921875,0.0019056319724768,9.125,-0.103,0.182,0.0,0,0,1,,0.865,2026-03-10T07:48:42.008798,fear,0.36,2026-03-10T07:48:42.008798,0.765,2026-03-10T07:48:41.254000,55,,,
participant_04,1,day,Town10HD_Opt,2026-03-10T07:48:42.946059,-16.666723251342773,130.20175170898438,0.0019065856467932,9.501,-0.115,0.176,0.0,0,0,1,,0.864,2026-03-10T07:48:42.946059,fear,0.36,2026-03-10T07:48:42.008798,0.773,2026-03-10T07:48:42.334000,55,,,
participant_04,1,day,Town10HD_Opt,2026-03-10T07:48:44.084978,-18.90626335144043,130.1935577392578,0.0019315337995067,9.407,-0.155,0.144,0.0,0,0,1,,0.853,2026-03-10T07:48:44.084978,neutral,0.69,2026-03-10T07:48:44.084978,0.781,2026-03-10T07:48:43.279000,56,,,
participant_04,1,day,Town10HD_Opt,2026-03-10T07:48:44.959743,-20.90376663208008,130.18994140625,0.0016535186441615,16.421,-0.155,0.74,0.0,0,0,1,,0.874,2026-03-10T07:48:44.959743,neutral,0.69,2026-03-10T07:48:44.084978,0.784,2026-03-10T07:48:44.268000,57,,,
participant_04,1,day,Town10HD_Opt,2026-03-10T07:48:45.844650,-24.27123260498047,130.18734741210938,0.0018517684657126,22.398,0.256,0.503,0.0,0,0,1,,0.932,2026-03-10T07:48:45.844650,neutral,0.69,2026-03-10T07:48:44.084978,0.783,2026-03-10T07:48:45.259000,58,,,
participant_04,1,day,Town10HD_Opt,2026-03-10T07:48:47.025599,-29.71126174926757,129.79798889160156,0.0020819092169404,22.916,9.621,0.282,0.0,0,0,1,,0.837,2026-03-10T07:48:47.025599,neutral,0.427,2026-03-10T07:48:47.025599,0.78,2026-03-10T07:48:46.248000,58,,,
participant_04,1,day,Town10HD_Opt,2026-03-10T07:48:47.957706,-33.43222427368164,128.65716552734375,0.0020954513456672,21.656,13.224,0.288,0.0,0,0,1,,0.91,2026-03-10T07:48:47.957706,neutral,0.427,2026-03-10T07:48:47.025599,0.777,2026-03-10T07:48:47.284000,58,,,
participant_04,1,day,Town10HD_Opt,2026-03-10T07:48:48.829245,-36.56100082397461,126.7223129272461,0.0020940017420798,20.611,14.778,0.289,0.0,0,0,1,,0.838,2026-03-10T07:48:48.829245,neutral,0.427,2026-03-10T07:48:47.025599,0.772,2026-03-10T07:48:48.273000,58,,,
participant_04,1,day,Town10HD_Opt,2026-03-10T07:48:50.059102,-39.56948852539063,123.18685150146484,0.0020866394042968,19.483,14.751,0.289,0.0,0,0,1,,0.875,2026-03-10T07:48:50.059102,neutral,0.5,2026-03-10T07:48:50.059102,0.763,2026-03-10T07:48:49.264000,58,,,
participant_04,1,day,Town10HD_Opt,2026-03-10T07:48:50.995848,-40.89774703979492,120.06243133544922,0.0019696045201271,19.274,14.317,0.291,0.0,0,0,1,,0.808,2026-03-10T07:48:50.995848,neutral,0.5,2026-03-10T07:48:50.059102,0.754,2026-03-10T07:48:50.253000,58,,,
participant_04,1,day,Town10HD_Opt,2026-03-10T07:48:51.975314,-41.473106384277344,116.67861938476562,0.0019693374633789,20.926,7.651,0.497,0.0,0,0,1,,0.926,2026-03-10T07:48:51.975314,neutral,0.5,2026-03-10T07:48:50.059102,0.746,2026-03-10T07:48:51.244000,58,,,
participant_04,1,day,Town10HD_Opt,2026-03-10T07:48:52.918268,-41.70082473754883,112.73853302001952,0.0019564819522202,23.947,1.643,0.408,0.0,0,0,1,,0.902,2026-03-10T07:48:52.918268,neutral,0.392,2026-03-10T07:48:52.918268,0.737,2026-03-10T07:48:52.280000,59,,,
participant_04,1,day,Town10HD_Opt,2026-03-10T07:48:53.910739,-41.77879333496094,108.41535949707033,0.0020036697387695,25.282,1.14,0.375,0.0,0,0,1,,0.827,2026-03-10T07:48:53.910739,neutral,0.392,2026-03-10T07:48:52.918268,0.727,2026-03-10T07:48:53.269000,60,,,
participant_04,1,day,Town10HD_Opt,2026-03-10T07:48:54.826779,-41.71940994262695,103.94092559814452,0.0020353698637336,25.627,0.242,0.354,0.0,0,0,1,,0.86,2026-03-10T07:48:54.826779,neutral,0.392,2026-03-10T07:48:52.918268,0.721,2026-03-10T07:48:54.259000,60,,,
participant_04,1,day,Town10HD_Opt,2026-03-10T07:48:56.092490,-41.58977890014648,97.92446899414062,0.0020402146037667,25.799,-0.618,0.353,0.0,0,0,1,,0.901,2026-03-10T07:48:56.092490,neutral,0.354,2026-03-10T07:48:56.092490,0.72,2026-03-10T07:48:55.248000,60,,,
participant_04,1,day,Town10HD_Opt,2026-03-10T07:48:57.014449,-41.54178237915039,93.38742065429688,0.0020412444137036,25.904,-1.046,0.354,0.0,0,0,1,,0.839,2026-03-10T07:48:57.014449,neutral,0.354,2026-03-10T07:48:56.092490,0.72,2026-03-10T07:48:56.239000,62,,,
participant_04,1,day,Town10HD_Opt,2026-03-10T07:48:58.001295,-41.56075286865234,88.83280181884766,0.0020414732862263,25.992,-0.486,0.344,0.0,0,0,1,,0.822,2026-03-10T07:48:58.001295,neutral,0.354,2026-03-10T07:48:56.092490,0.72,2026-03-10T07:48:57.275000,62,,,
participant_04,1,day,Town10HD_Opt,2026-03-10T07:48:58.984697,-41.554935455322266,84.31333923339844,0.0020822524093091,25.109,2.506,0.275,0.0,0,0,1,,0.868,2026-03-10T07:48:58.984697,fear,0.335,2026-03-10T07:48:58.984697,0.728,2026-03-10T07:48:58.309000,62,,,
participant_04,1,day,Town10HD_Opt,2026-03-10T07:48:59.973030,-41.21917724609375,80.04666137695312,0.0021068190690129,23.5,9.002,0.269,0.0,0,0,1,,0.905,2026-03-10T07:48:59.973030,fear,0.335,2026-03-10T07:48:58.984697,0.735,2026-03-10T07:48:59.254000,61,,,
participant_04,1,day,Town10HD_Opt,2026-03-10T07:49:00.919325,-40.11119079589844,76.26024627685547,0.00212371814996,21.561,14.776,0.251,0.0,0,0,1,,0.952,2026-03-10T07:49:00.919325,fear,0.335,2026-03-10T07:48:58.984697,0.743,2026-03-10T07:49:00.244000,60,,,
participant_04,1,day,Town10HD_Opt,2026-03-10T07:49:01.911965,-38.08550262451172,73.29620361328125,0.0021348190493881,19.686,21.943,0.255,0.0,0,0,1,,0.87,2026-03-10T07:49:01.911965,neutral,0.67,2026-03-10T07:49:01.911965,0.75,2026-03-10T07:49:01.279000,59,,,
participant_04,1,day,Town10HD_Opt,2026-03-10T07:49:02.931699,-35.356441497802734,71.43392944335938,0.0021080016158521,18.447,18.425,0.287,0.0,0,0,1,,0.865,2026-03-10T07:49:02.931699,neutral,0.67,2026-03-10T07:49:01.911965,0.757,2026-03-10T07:49:02.269000,59,,,
participant_04,1,day,Town10HD_Opt,2026-03-10T07:49:03.888528,-32.32198715209961,70.46987915039062,0.0020781706552952,18.465,12.204,0.316,0.0,0,0,1,,0.903,2026-03-10T07:49:03.888528,neutral,0.67,2026-03-10T07:49:01.911965,0.764,2026-03-10T07:49:03.259000,59,,,
participant_04,1,day,Town10HD_Opt,2026-03-10T07:49:04.833875,-29.110509872436523,70.07792663574219,0.0020028303842991,19.39,6.898,0.417,0.0,0,0,1,,0.891,2026-03-10T07:49:04.833875,neutral,0.901,2026-03-10T07:49:04.833875,0.771,2026-03-10T07:49:04.248000,60,,,
participant_04,1,day,Town10HD_Opt,2026-03-10T07:49:06.082308,-24.322492599487305,69.96745300292969,0.0019675062503665,22.148,-0.519,0.478,0.0,0,0,1,,0.89,2026-03-10T07:49:06.082308,neutral,0.901,2026-03-10T07:49:04.833875,0.778,2026-03-10T07:49:05.238000,61,,,
participant_04,1,day,Town10HD_Opt,2026-03-10T07:49:07.043217,-20.169008255004883,69.87068939208984,0.0019261932466179,25.891,0.75,0.471,0.0,0,0,1,,1.0,2026-03-10T07:49:07.043217,neutral,0.832,2026-03-10T07:49:07.043217,0.785,2026-03-10T07:49:06.274000,61,,,
participant_04,1,day,Town10HD_Opt,2026-03-10T07:49:08.035657,-15.47256565093994,69.82672882080078,0.0019752120133489,27.953,0.343,0.442,0.0,0,0,1,,0.887,2026-03-10T07:49:08.035657,neutral,0.832,2026-03-10T07:49:07.043217,0.792,2026-03-10T07:49:07.263000,61,,,
participant_04,1,day,Town10HD_Opt,2026-03-10T07:49:09.010765,-10.455368041992188,69.83415985107422,0.0019969558343291,29.433,0.465,0.428,0.0,0,0,1,,0.91,2026-03-10T07:49:09.010765,neutral,0.832,2026-03-10T07:49:07.043217,0.79,2026-03-10T07:49:08.254000,60,,,
participant_04,1,day,Town10HD_Opt,2026-03-10T07:49:09.938636,-5.214139461517334,69.90160369873047,0.0020070266909897,30.55,-0.12,0.428,0.0,0,0,1,,1.0,2026-03-10T07:49:09.938636,sad,0.346,2026-03-10T07:49:09.938636,0.79,2026-03-10T07:49:09.244000,61,,,
participant_04,1,day,Town10HD_Opt,2026-03-10T07:49:10.878309,0.2098976075649261,69.96651458740234,0.0020118711981922,31.515,-0.287,0.427,0.0,0,0,1,,0.84,2026-03-10T07:49:10.878309,sad,0.346,2026-03-10T07:49:09.938636,0.787,2026-03-10T07:49:10.279000,62,,,
participant_04,1,day,Town10HD_Opt,2026-03-10T07:49:11.822472,5.744375705718994,69.98995971679688,0.002098464872688,30.608,-0.087,0.007,0.0,0,0,1,,0.821,2026-03-10T07:49:11.822472,sad,0.346,2026-03-10T07:49:09.938636,0.787,2026-03-10T07:49:11.268000,65,,,
participant_04,1,day,Town10HD_Opt,2026-03-10T07:49:12.996742,11.91814136505127,69.9921875,0.0022585678379982,21.661,-0.054,0.0,0.0,0,0,1,,0.852,2026-03-10T07:49:12.996742,neutral,0.34,2026-03-10T07:49:12.996742,0.788,2026-03-10T07:49:12.260000,65,,,
participant_04,1,day,Town10HD_Opt,2026-03-10T07:49:13.882827,15.261959075927734,69.98701477050781,0.0019650650210678,16.562,-0.305,0.0,0.0,0,0,1,,0.839,2026-03-10T07:49:13.882827,neutral,0.34,2026-03-10T07:49:12.996742,0.793,2026-03-10T07:49:13.248000,65,,,
participant_04,1,day,Town10HD_Opt,2026-03-10T07:49:14.835377,17.854598999023438,69.97584533691406,0.0020122909918427,13.283,0.092,0.16,0.0,0,0,1,,0.881,2026-03-10T07:49:14.835377,neutral,0.34,2026-03-10T07:49:12.996742,0.798,2026-03-10T07:49:14.239000,65,,,
participant_04,1,day,Town10HD_Opt,2026-03-10T07:49:16.016020,20.873437881469727,69.96881103515625,0.0019514465238898,12.316,-0.035,0.104,0.0,0,0,1,,0.849,2026-03-10T07:49:16.016020,sad,0.341,2026-03-10T07:49:16.016020,0.805,2026-03-10T07:49:15.274000,64,,,
participant_04,1,day,Town10HD_Opt,2026-03-10T07:49:16.932689,22.91128158569336,69.96240997314453,0.0019673155620694,10.83,-0.101,0.093,0.0,0,0,1,,1.0,2026-03-10T07:49:16.932689,sad,0.341,2026-03-10T07:49:16.016020,0.815,2026-03-10T07:49:16.310000,62,,,
participant_04,1,day,Town10HD_Opt,2026-03-10T07:49:17.827966,24.661067962646484,69.95476531982422,0.0019937513861805,8.752,-0.101,0.0,0.0,0,0,1,,0.813,2026-03-10T07:49:17.827966,sad,0.341,2026-03-10T07:49:16.016020,0.826,2026-03-10T07:49:17.253000,61,,,
participant_04,1,day,Town10HD_Opt,2026-03-10T07:49:19.021239,26.03719711303711,69.94710540771484,0.0023140334524214,0.001,-0.101,0.0,0.183,0,0,1,,0.836,2026-03-10T07:49:19.021239,neutral,0.726,2026-03-10T07:49:19.021239,0.839,2026-03-10T07:49:18.244000,61,Vehicle collision,Vehicle collision,
participant_04,1,day,Town10HD_Opt,2026-03-10T07:49:19.882656,26.038068771362305,69.94710540771484,0.0019316100515425,0.045,-0.101,0.56,0.0,0,0,1,,1.0,2026-03-10T07:49:19.882656,neutral,0.726,2026-03-10T07:49:19.021239,0.854,2026-03-10T07:49:19.278000,62,,,
participant_04,1,day,Town10HD_Opt,2026-03-10T07:49:21.070361,27.38161277770996,69.93930053710938,0.001550636254251,14.093,-0.223,0.638,0.0,0,0,1,,0.814,2026-03-10T07:49:21.070361,neutral,0.55,2026-03-10T07:49:21.070361,0.872,2026-03-10T07:49:20.269000,61,,,errors=Stop sign violation
participant_04,1,day,Town10HD_Opt,2026-03-10T07:49:22.055847,30.29228973388672,69.83928680419922,0.0020481871906667,18.353,-8.077,0.415,0.0,0,0,1,,1.0,2026-03-10T07:49:22.055847,neutral,0.55,2026-03-10T07:49:21.070361,0.89,2026-03-10T07:49:21.280000,61,,,
participant_04,1,day,Town10HD_Opt,2026-03-10T07:49:22.983661,33.54430389404297,69.23368835449219,0.001988410949707,20.109,-12.728,0.48,0.0,0,0,1,,0.867,2026-03-10T07:49:22.983661,neutral,0.55,2026-03-10T07:49:21.070361,0.907,2026-03-10T07:49:22.250000,61,,,
participant_04,1,day,Town10HD_Opt,2026-03-10T07:49:23.929514,36.94380187988281,67.69937133789062,0.0019613264594227,23.167,-15.036,0.48,0.0,0,0,1,,0.837,2026-03-10T07:49:23.929514,neutral,0.488,2026-03-10T07:49:23.929514,0.922,2026-03-10T07:49:23.240000,60,Solid line crossing,Solid line crossing,
participant_04,1,day,Town10HD_Opt,2026-03-10T07:49:24.847629,40.18315887451172,64.95037078857422,0.0017721175681799,25.824,-12.585,0.46,0.0,0,0,1,,1.0,2026-03-10T07:49:24.847629,neutral,0.488,2026-03-10T07:49:23.929514,0.936,2026-03-10T07:49:24.276000,59,,,
participant_04,1,day,Town10HD_Opt,2026-03-10T07:49:26.035777,43.37635803222656,59.55651092529297,0.0019748306367546,28.555,-13.443,0.444,0.0,0,0,1,,1.0,2026-03-10T07:49:26.035777,neutral,0.41,2026-03-10T07:49:26.035777,0.948,2026-03-10T07:49:25.267000,58,,,
participant_04,1,day,Town10HD_Opt,2026-03-10T07:49:26.994948,44.22669982910156,54.72989273071289,0.0021517944987863,26.637,-11.12,0.155,0.0,0,0,1,,1.0,2026-03-10T07:49:26.994948,neutral,0.41,2026-03-10T07:49:26.035777,0.958,2026-03-10T07:49:26.254000,58,,,
participant_04,1,day,Town10HD_Opt,2026-03-10T07:49:27.966595,44.18345260620117,50.51425552368164,0.0022434997372329,21.049,1.514,0.0,0.0,0,0,1,,0.908,2026-03-10T07:49:27.966595,neutral,0.41,2026-03-10T07:49:26.035777,0.965,2026-03-10T07:49:27.243000,58,,,
participant_04,1,day,Town10HD_Opt,2026-03-10T07:49:28.867153,44.14070129394531,47.30716323852539,0.0019963455852121,15.683,-0.994,0.0,0.0,0,0,1,,1.0,2026-03-10T07:49:28.867153,neutral,0.484,2026-03-10T07:49:28.867153,0.973,2026-03-10T07:49:28.279000,57,,,
participant_04,1,day,Town10HD_Opt,2026-03-10T07:49:30.022102,44.05243682861328,44.13917541503906,0.0020257185678929,11.188,-0.143,0.0,0.0,0,0,1,,1.0,2026-03-10T07:49:30.022102,neutral,0.484,2026-03-10T07:49:28.867153,0.98,2026-03-10T07:49:29.271000,57,Solid line crossing,Solid line crossing,
participant_04,1,day,Town10HD_Opt,2026-03-10T07:49:30.903448,44.0045166015625,42.46736145019531,0.0020323942881077,7.651,-0.143,0.0,0.059,0,0,1,,1.0,2026-03-10T07:49:30.903448,neutral,0.473,2026-03-10T07:49:30.903448,0.985,2026-03-10T07:49:30.259000,56,,,
participant_04,1,day,Town10HD_Opt,2026-03-10T07:49:32.086163,43.97130584716797,41.35254287719727,0.0021774291526526,0.001,-0.141,0.0,0.269,0,0,1,,0.809,2026-03-10T07:49:32.086163,neutral,0.473,2026-03-10T07:49:30.903448,0.989,2026-03-10T07:49:31.250000,55,,,
participant_04,1,day,Town10HD_Opt,2026-03-10T07:49:32.966500,43.97089385986328,41.33316802978516,0.0018594360444694,1.835,1.941,0.893,0.0,0,0,1,,1.0,2026-03-10T07:49:32.966500,neutral,0.54,2026-03-10T07:49:32.966500,0.991,2026-03-10T07:49:32.329000,56,,,
participant_04,1,day,Town10HD_Opt,2026-03-10T07:49:33.888334,44.02191925048828,39.943119049072266,0.0014810180291533,15.329,8.296,0.729,0.0,0,0,1,,0.905,2026-03-10T07:49:33.888334,neutral,0.54,2026-03-10T07:49:32.966500,0.993,2026-03-10T07:49:33.275000,58,,,
participant_04,1,day,Town10HD_Opt,2026-03-10T07:49:34.845546,44.50044631958008,36.79645156860352,0.0019506072858348,20.097,12.369,0.548,0.0,0,0,1,,0.863,2026-03-10T07:49:34.845546,neutral,0.54,2026-03-10T07:49:32.966500,0.995,2026-03-10T07:49:34.264000,59,,,
participant_04,1,day,Town10HD_Opt,2026-03-10T07:49:36.055720,46.823974609375,31.869150161743164,0.0018422699067741,28.254,18.189,0.657,0.0,0,0,1,,1.0,2026-03-10T07:49:36.055720,neutral,0.342,2026-03-10T07:49:36.055720,0.997,2026-03-10T07:49:35.256000,59,,,
participant_04,1,day,Town10HD_Opt,2026-03-10T07:49:36.959178,50.92353057861328,28.510358810424805,0.002018546918407,31.516,17.931,0.225,0.0,0,0,1,,1.0,2026-03-10T07:49:36.959178,neutral,0.342,2026-03-10T07:49:36.055720,0.999,2026-03-10T07:49:36.290000,58,,,
participant_04,1,day,Town10HD_Opt,2026-03-10T07:49:37.863036,55.92205810546875,27.214738845825195,0.002214279025793,27.627,15.773,0.175,0.0,0,0,1,,1.0,2026-03-10T07:49:37.863036,neutral,0.342,2026-03-10T07:49:36.055720,1.0,2026-03-10T07:49:37.280000,58,,,
participant_04,1,day,Town10HD_Opt,2026-03-10T07:49:39.038099,61.72053146362305,27.677135467529297,0.0021694563329219,22.236,-3.229,0.161,0.0,0,0,1,,1.0,2026-03-10T07:49:39.038099,neutral,0.892,2026-03-10T07:49:39.038099,1.0,2026-03-10T07:49:38.269000,58,,,
participant_04,1,day,Town10HD_Opt,2026-03-10T07:49:39.929879,65.57786560058594,27.938995361328125,0.0019079208141192,24.352,0.808,0.668,0.0,0,0,1,,0.831,2026-03-10T07:49:39.929879,neutral,0.892,2026-03-10T07:49:39.038099,1.0,2026-03-10T07:49:39.259000,59,,,
participant_04,1,day,Town10HD_Opt,2026-03-10T07:49:41.105621,72.39361572265625,28.44859504699707,0.0017555236117914,36.183,-0.39,0.909,0.0,0,0,1,,1.0,2026-03-10T07:49:41.105621,neutral,0.455,2026-03-10T07:49:41.105621,1.0,2026-03-10T07:49:40.249000,60,,,
participant_04,1,day,Town10HD_Opt,2026-03-10T07:49:42.086387,79.52322387695312,28.89144897460937,0.0016748427879065,46.953,-1.309,0.841,0.0,0,0,1,,1.0,2026-03-10T07:49:42.086387,neutral,0.455,2026-03-10T07:49:41.105621,1.0,2026-03-10T07:49:41.285000,60,,,
participant_04,1,day,Town10HD_Opt,2026-03-10T07:49:42.984786,88.24676513671875,29.094560623168945,0.0021374893840402,49.001,-2.899,0.835,0.0,0,0,1,,1.0,2026-03-10T07:49:42.984786,neutral,0.455,2026-03-10T07:49:41.105621,1.0,2026-03-10T07:49:42.274000,59,,,
participant_04,1,day,Town10HD_Opt,2026-03-10T07:49:43.872937,96.82649993896484,27.895891189575195,0.0021173858549445,48.732,-7.007,0.0,0.0,0,0,1,,0.858,2026-03-10T07:49:43.872937,fear,0.343,2026-03-10T07:49:43.872937,1.0,2026-03-10T07:49:43.264000,60,,,
participant_04,1,day,Town10HD_Opt,2026-03-10T07:49:45.052073,105.21370697021484,22.927091598510746,0.0023365020751953,35.77,-11.231,0.179,0.0,0,0,1,,0.808,2026-03-10T07:49:45.052073,fear,0.343,2026-03-10T07:49:43.872937,0.993,2026-03-10T07:49:44.254000,60,,,
participant_04,1,day,Town10HD_Opt,2026-03-10T07:49:45.933948,108.49565887451172,18.04351043701172,0.0020545576699078,34.094,-12.733,0.133,0.0,0,0,1,,0.842,2026-03-10T07:49:45.933948,neutral,0.318,2026-03-10T07:49:45.933948,0.985,2026-03-10T07:49:45.379000,60,,,
participant_04,1,day,Town10HD_Opt,2026-03-10T07:49:46.849769,109.86380004882812,12.635994911193848,0.0023079300299286,28.22,-9.727,0.0,0.23,0,0,1,,1.0,2026-03-10T07:49:46.849769,neutral,0.318,2026-03-10T07:49:45.933948,0.977,2026-03-10T07:49:46.324000,60,,,
participant_04,1,day,Town10HD_Opt,2026-03-10T07:49:48.050162,109.9425277709961,7.4638671875,0.0019905089866369,16.248,3.057,0.0,0.413,0,0,1,,1.0,2026-03-10T07:49:48.050162,fear,0.363,2026-03-10T07:49:48.050162,0.969,2026-03-10T07:49:47.269000,60,,,errors=Harsh braking
participant_04,1,day,Town10HD_Opt,2026-03-10T07:49:48.930292,110.0032196044922,5.269168376922607,0.0022165297996252,7.543,2.113,0.0,1.0,0,0,1,,0.899,2026-03-10T07:49:48.930292,fear,0.363,2026-03-10T07:49:48.050162,0.962,2026-03-10T07:49:48.259000,59,,,
participant_04,1,day,Town10HD_Opt,2026-03-10T07:49:49.863546,110.01433563232422,5.000065326690674,0.0020114898215979,0.0,1.887,0.0,1.0,0,0,1,,0.861,2026-03-10T07:49:49.863546,fear,0.363,2026-03-10T07:49:48.050162,0.954,2026-03-10T07:49:49.294000,59,,,
participant_04,1,day,Town10HD_Opt,2026-03-10T07:49:50.971245,110.01434326171876,4.999961853027344,0.00192012777552,0.0,0.489,0.0,0.0,0,0,1,,0.904,2026-03-10T07:49:50.971245,angry,0.545,2026-03-10T07:49:50.971245,0.946,2026-03-10T07:49:50.329000,59,,,
participant_04,1,day,Town10HD_Opt,2026-03-10T07:49:52.090071,110.01569366455078,4.943522930145264,0.0017509460449218,3.469,-0.251,1.0,0.0,0,0,1,,1.0,2026-03-10T07:49:52.090071,angry,0.545,2026-03-10T07:49:50.971245,0.938,2026-03-10T07:49:51.274000,60,,,
participant_04,1,day,Town10HD_Opt,2026-03-10T07:49:52.960837,110.0594711303711,3.122097969055176,0.0024003982543945,19.116,-0.362,1.0,0.0,0,0,1,,0.818,2026-03-10T07:49:52.960837,angry,0.545,2026-03-10T07:49:50.971245,0.93,2026-03-10T07:49:52.265000,60,,,
participant_04,1,day,Town10HD_Opt,2026-03-10T07:49:53.833777,110.1278305053711,-1.2662211656570437,0.0015151214320212,33.77,-0.482,0.875,0.0,0,0,1,,1.0,2026-03-10T07:49:53.833777,neutral,0.307,2026-03-10T07:49:53.833777,0.922,2026-03-10T07:49:53.254000,60,,,
participant_04,1,day,Town10HD_Opt,2026-03-10T07:49:55.038672,110.13331604003906,-10.102709770202637,0.0020519255194813,38.241,0.268,0.193,0.0,0,0,1,,1.0,2026-03-10T07:49:55.038672,neutral,0.307,2026-03-10T07:49:53.833777,0.928,2026-03-10T07:49:54.289000,62,,,
participant_04,1,day,Town10HD_Opt,2026-03-10T07:49:55.918793,110.13468170166016,-16.382896423339844,0.0022279738914221,32.386,-1.577,0.126,0.0,0,0,1,,1.0,2026-03-10T07:49:55.918793,sad,0.325,2026-03-10T07:49:55.918793,0.938,2026-03-10T07:49:55.279000,63,,,
participant_04,1,day,Town10HD_Opt,2026-03-10T07:49:57.056933,109.79691314697266,-23.35845947265625,0.0020851134322583,28.575,-1.796,0.434,0.0,0,0,1,,0.862,2026-03-10T07:49:57.056933,sad,0.325,2026-03-10T07:49:55.918793,0.947,2026-03-10T07:49:56.269000,65,,,
participant_04,1,day,Town10HD_Opt,2026-03-10T07:49:57.928976,109.25462341308594,-28.449893951416016,0.0019866561051458,30.258,-3.118,0.458,0.0,0,0,1,,1.0,2026-03-10T07:49:57.928976,sad,0.513,2026-03-10T07:49:57.928976,0.956,2026-03-10T07:49:57.259000,65,,,
participant_04,1,day,Town10HD_Opt,2026-03-10T07:49:59.046707,107.76499938964844,-35.59089660644531,0.001994667109102,32.406,-4.558,0.458,0.0,0,0,1,,0.911,2026-03-10T07:49:59.046707,sad,0.513,2026-03-10T07:49:57.928976,0.965,2026-03-10T07:49:58.249000,65,,,
participant_04,1,day,Town10HD_Opt,2026-03-10T07:49:59.932913,105.76168823242188,-41.08160400390625,0.0019196700304746,35.507,-5.456,0.571,0.0,0,0,1,,0.902,2026-03-10T07:49:59.932913,sad,0.535,2026-03-10T07:49:59.932913,0.987,2026-03-10T07:49:59.284000,65,,,
participant_04,1,day,Town10HD_Opt,2026-03-10T07:50:01.054287,101.3019790649414,-48.63121032714844,0.0019536591134965,39.732,-4.518,0.512,0.0,0,0,1,,0.816,2026-03-10T07:50:01.054287,sad,0.535,2026-03-10T07:49:59.932913,1.0,2026-03-10T07:50:00.275000,67,,,
participant_04,1,day,Town10HD_Opt,2026-03-10T07:50:01.966752,96.63736724853516,-53.95428085327149,0.0020040129311382,41.172,-4.405,0.487,0.0,0,0,1,,1.0,2026-03-10T07:50:01.966752,sad,0.4,2026-03-10T07:50:01.966752,1.0,2026-03-10T07:50:01.267000,68,,,
participant_04,1,day,Town10HD_Opt,2026-03-10T07:50:02.834923,91.06876373291016,-58.62269973754883,0.0020185851026326,42.013,-4.417,0.487,0.0,0,0,1,,1.0,2026-03-10T07:50:02.834923,sad,0.4,2026-03-10T07:50:01.966752,1.0,2026-03-10T07:50:02.254000,69,,,
participant_04,1,day,Town10HD_Opt,2026-03-10T07:50:03.943824,82.45856475830078,-63.47882080078125,0.0020243453327566,42.925,-4.667,0.486,0.0,0,0,1,,0.86,2026-03-10T07:50:03.943824,sad,0.4,2026-03-10T07:50:01.966752,1.0,2026-03-10T07:50:03.289000,70,Solid line crossing,Solid line crossing,
participant_04,1,day,Town10HD_Opt,2026-03-10T07:50:05.099201,72.80644226074219,-66.37066650390625,0.0020286941435188,43.659,-4.641,0.487,0.0,0,0,1,,1.0,2026-03-10T07:50:05.099201,sad,0.433,2026-03-10T07:50:05.099201,1.0,2026-03-10T07:50:04.279000,70,,,
participant_04,1,day,Town10HD_Opt,2026-03-10T07:50:06.016866,65.18492889404297,-67.19127655029297,0.0020428465213626,43.867,-0.909,0.414,0.0,0,0,1,,1.0,2026-03-10T07:50:06.016866,sad,0.433,2026-03-10T07:50:05.099201,1.0,2026-03-10T07:50:05.269000,69,,,
participant_04,1,day,Town10HD_Opt,2026-03-10T07:50:06.961758,57.66903305053711,-67.56000518798828,0.0021140670869499,41.748,-0.837,0.331,0.0,0,0,1,,0.866,2026-03-10T07:50:06.961758,sad,0.433,2026-03-10T07:50:05.099201,1.0,2026-03-10T07:50:06.259000,67,,,
participant_04,1,day,Town10HD_Opt,2026-03-10T07:50:07.922873,50.57665252685547,-67.73455047607422,0.0021218489855527,39.089,-0.04,0.352,0.0,0,0,1,,1.0,2026-03-10T07:50:07.922873,sad,0.377,2026-03-10T07:50:07.922873,1.0,2026-03-10T07:50:07.294000,65,,,
participant_04,1,day,Town10HD_Opt,2026-03-10T07:50:08.907628,43.87882232666016,-67.85535430908203,0.0021085357293486,37.179,-0.139,0.342,0.0,0,0,1,,0.965,2026-03-10T07:50:08.907628,sad,0.377,2026-03-10T07:50:07.922873,1.0,2026-03-10T07:50:08.284000,64,,,
participant_04,1,day,Town10HD_Opt,2026-03-10T07:50:10.078086,35.48488998413086,-67.93661499023438,0.0021044157911092,34.618,-0.345,0.332,0.0,0,0,1,,0.804,2026-03-10T07:50:10.078086,fear,0.291,2026-03-10T07:50:10.078086,1.0,2026-03-10T07:50:09.275000,63,,,
participant_04,1,day,Town10HD_Opt,2026-03-10T07:50:10.954968,29.56247329711914,-67.92338562011719,0.0020965193398296,32.944,-0.197,0.331,0.0,0,0,1,,0.864,2026-03-10T07:50:10.954968,fear,0.291,2026-03-10T07:50:10.078086,1.0,2026-03-10T07:50:10.264000,63,,,
participant_04,1,day,Town10HD_Opt,2026-03-10T07:50:11.862528,23.914995193481445,-67.88124084472656,0.0020896529313176,31.493,0.078,0.331,0.0,0,0,1,,0.888,2026-03-10T07:50:11.862528,fear,0.291,2026-03-10T07:50:10.078086,1.0,2026-03-10T07:50:11.254000,62,,,
participant_04,1,day,Town10HD_Opt,2026-03-10T07:50:13.046888,16.750341415405273,-67.83755493164062,0.0020816803444176,29.851,0.078,0.33,0.0,0,0,1,,0.858,2026-03-10T07:50:13.046888,neutral,0.303,2026-03-10T07:50:13.046888,1.0,2026-03-10T07:50:12.290000,62,,,
participant_04,1,day,Town10HD_Opt,2026-03-10T07:50:13.984741,11.611106872558594,-67.81903839111328,0.0020767210517078,28.806,0.092,0.331,0.0,0,0,1,,1.0,2026-03-10T07:50:13.984741,neutral,0.303,2026-03-10T07:50:13.046888,1.0,2026-03-10T07:50:13.280000,61,,,
participant_04,1,day,Town10HD_Opt,2026-03-10T07:50:14.928634,6.64072322845459,-67.81269836425781,0.001970520010218,27.929,0.143,0.33,0.0,0,0,1,,0.887,2026-03-10T07:50:14.928634,neutral,0.303,2026-03-10T07:50:13.046888,1.0,2026-03-10T07:50:14.269000,59,,,
participant_04,1,day,Town10HD_Opt,2026-03-10T07:50:15.823722,1.8145334720611568,-67.82235717773438,0.0020672606769949,27.137,0.263,0.331,0.0,0,0,1,,0.906,2026-03-10T07:50:15.823722,neutral,0.334,2026-03-10T07:50:15.823722,1.0,2026-03-10T07:50:15.260000,58,,,
participant_04,1,day,Town10HD_Opt,2026-03-10T07:50:16.979790,-4.415162563323975,-67.87483978271484,0.0020648192148655,26.226,0.181,0.339,0.0,0,0,1,,0.919,2026-03-10T07:50:16.979790,neutral,0.334,2026-03-10T07:50:15.823722,1.0,2026-03-10T07:50:16.250000,58,,,
participant_04,1,day,Town10HD_Opt,2026-03-10T07:50:17.822945,-9.03122329711914,-67.93702697753906,0.0020112609490752,26.86,0.07,0.42,0.0,0,0,1,,1.0,2026-03-10T07:50:17.822945,neutral,0.334,2026-03-10T07:50:15.823722,1.0,2026-03-10T07:50:17.284000,58,,,
participant_04,1,day,Town10HD_Opt,2026-03-10T07:50:18.907758,-15.493657112121582,-68.03438568115234,0.0020050047896802,28.544,-0.035,0.419,0.0,0,0,1,,0.806,2026-03-10T07:50:18.907758,sad,0.424,2026-03-10T07:50:18.907758,1.0,2026-03-10T07:50:18.274000,57,,,
participant_04,1,day,Town10HD_Opt,2026-03-10T07:50:20.017634,-22.30101776123047,-68.12968444824219,0.0020123289432376,29.808,-0.035,0.417,0.0,0,0,1,,1.0,2026-03-10T07:50:20.017634,sad,0.424,2026-03-10T07:50:18.907758,1.0,2026-03-10T07:50:19.264000,56,,,
participant_04,1,day,Town10HD_Opt,2026-03-10T07:50:20.859943,-27.602821350097656,-68.19078063964844,0.0019974135793745,31.174,-0.122,0.471,0.0,0,0,1,,0.826,2026-03-10T07:50:20.859943,sad,0.424,2026-03-10T07:50:18.907758,1.0,2026-03-10T07:50:20.299000,56,,,
participant_04,1,day,Town10HD_Opt,2026-03-10T07:50:21.983487,-35.11027145385742,-68.24697875976562,0.0019907378591597,33.419,-0.12,0.46,0.0,0,0,1,,1.0,2026-03-10T07:50:21.983487,sad,0.365,2026-03-10T07:50:21.983487,1.0,2026-03-10T07:50:21.291000,56,,,
participant_04,1,day,Town10HD_Opt,2026-03-10T07:50:22.903049,-41.0532455444336,-68.26771545410156,0.0019997023046016,34.678,-0.094,0.46,0.0,0,0,1,,0.82,2026-03-10T07:50:22.903049,sad,0.365,2026-03-10T07:50:21.983487,1.0,2026-03-10T07:50:22.280000,55,,,
participant_04,1,day,Town10HD_Opt,2026-03-10T07:50:24.007092,-49.31280517578125,-68.27526092529297,0.0020077896770089,36.175,-0.031,0.458,0.0,0,0,1,,0.98,2026-03-10T07:50:24.007092,sad,0.342,2026-03-10T07:50:24.007092,1.0,2026-03-10T07:50:23.270000,55,,,
participant_04,1,day,Town10HD_Opt,2026-03-10T07:50:24.919574,-55.71939849853516,-68.27642059326172,0.0020124434959143,37.112,0.026,0.459,0.0,0,0,1,,0.898,2026-03-10T07:50:24.919574,sad,0.342,2026-03-10T07:50:24.007092,1.0,2026-03-10T07:50:24.262000,55,,,
participant_04,1,day,Town10HD_Opt,2026-03-10T07:50:25.836604,-62.27984619140625,-68.28229522705078,0.0020164870657026,37.882,0.005,0.459,0.0,0,0,1,,1.0,2026-03-10T07:50:25.836604,sad,0.342,2026-03-10T07:50:24.007092,0.979,2026-03-10T07:50:25.249000,55,,,
participant_04,1,day,Town10HD_Opt,2026-03-10T07:50:27.001756,-71.20893859863281,-67.95734405517578,0.0020270920358598,38.694,-2.84,0.453,0.0,0,0,1,,0.874,2026-03-10T07:50:27.001756,sad,0.432,2026-03-10T07:50:27.001756,0.95,2026-03-10T07:50:26.284000,55,,,
participant_04,1,day,Town10HD_Opt,2026-03-10T07:50:27.831846,-77.93870544433594,-66.95112609863281,0.0020301437471061,39.106,-3.62,0.453,0.0,0,0,1,,1.0,2026-03-10T07:50:27.831846,sad,0.432,2026-03-10T07:50:27.001756,0.921,2026-03-10T07:50:27.274000,55,,,
participant_04,1,day,Town10HD_Opt,2026-03-10T07:50:28.941901,-86.68587493896484,-64.24234771728516,0.0020370101556181,39.529,-4.943,0.453,0.0,0,0,1,,1.0,2026-03-10T07:50:28.941901,sad,0.432,2026-03-10T07:50:27.001756,0.897,2026-03-10T07:50:28.264000,55,,,
participant_04,1,day,Town10HD_Opt,2026-03-10T07:50:29.849616,-92.78683471679688,-60.95768737792969,0.0020392988808453,39.771,-5.465,0.453,0.0,0,0,1,,0.854,2026-03-10T07:50:29.849616,angry,0.467,2026-03-10T07:50:29.849616,0.87,2026-03-10T07:50:29.254000,55,,,
participant_04,1,day,Town10HD_Opt,2026-03-10T07:50:30.949527,-99.86382293701172,-54.94900894165039,0.0020414732862263,40.025,-5.451,0.453,0.0,0,0,1,,1.0,2026-03-10T07:50:30.949527,angry,0.467,2026-03-10T07:50:29.849616,0.849,2026-03-10T07:50:30.335000,54,,,
participant_04,1,day,Town10HD_Opt,2026-03-10T07:50:32.082425,-105.32611846923828,-47.36927032470703,0.002041091909632,40.258,-4.919,0.453,0.0,0,0,1,,1.0,2026-03-10T07:50:32.082425,angry,0.42,2026-03-10T07:50:32.082425,0.832,2026-03-10T07:50:31.280000,54,,,
participant_04,1,day,Town10HD_Opt,2026-03-10T07:50:32.966184,-108.23453521728516,-40.95006561279297,0.002041587838903,40.404,-4.785,0.453,0.0,0,0,1,,1.0,2026-03-10T07:50:32.966184,angry,0.42,2026-03-10T07:50:32.082425,0.816,2026-03-10T07:50:32.270000,53,,,
participant_04,1,day,Town10HD_Opt,2026-03-10T07:50:33.840018,-110.04188537597656,-34.14780807495117,0.002117957919836,39.024,-4.827,0.207,0.0,0,0,1,,1.0,2026-03-10T07:50:33.840018,angry,0.42,2026-03-10T07:50:32.082425,0.812,2026-03-10T07:50:33.260000,52,,,
participant_04,1,day,Town10HD_Opt,2026-03-10T07:50:35.058284,-110.7402801513672,-25.79398536682129,0.002195663517341,32.626,-2.734,0.201,0.0,0,0,1,,0.871,2026-03-10T07:50:35.058284,neutral,0.328,2026-03-10T07:50:35.058284,0.812,2026-03-10T07:50:34.250000,52,,,
participant_04,1,day,Town10HD_Opt,2026-03-10T07:50:35.952791,-110.59432220458984,-20.478376388549805,0.0022512055002152,26.924,-0.162,0.0,0.017,0,0,1,,1.0,2026-03-10T07:50:35.952791,neutral,0.328,2026-03-10T07:50:35.058284,0.815,2026-03-10T07:50:35.375000,51,,,
participant_04,1,day,Town10HD_Opt,2026-03-10T07:50:36.825784,-110.44873046875,-16.41853141784668,0.0023122024722397,18.668,1.49,0.0,0.374,0,0,1,,0.843,2026-03-10T07:50:36.825784,neutral,0.328,2026-03-10T07:50:35.058284,0.822,2026-03-10T07:50:36.320000,52,,,
participant_04,1,day,Town10HD_Opt,2026-03-10T07:50:37.996486,-110.42841339111328,-13.042012214660645,0.0021057510748505,10.224,1.067,0.0,0.243,0,0,1,,1.0,2026-03-10T07:50:37.996486,fear,0.33,2026-03-10T07:50:37.996486,0.829,2026-03-10T07:50:37.264000,53,,,
participant_04,1,day,Town10HD_Opt,2026-03-10T07:50:38.918520,-110.4404754638672,-11.544838905334473,0.0020073316991329,7.231,0.78,0.038,0.0,0,0,1,,0.806,2026-03-10T07:50:38.918520,fear,0.33,2026-03-10T07:50:37.996486,0.837,2026-03-10T07:50:38.254000,54,,,
participant_04,1,day,Town10HD_Opt,2026-03-10T07:50:40.047047,-110.4510726928711,-10.082111358642578,0.001967926044017,5.14,-0.226,0.0,0.0,0,0,1,,1.0,2026-03-10T07:50:40.047047,sad,0.301,2026-03-10T07:50:40.047047,0.845,2026-03-10T07:50:39.244000,56,,,
participant_04,1,day,Town10HD_Opt,2026-03-10T07:50:40.962377,-110.45404052734376,-9.27015781402588,0.0019573592580854,4.004,-0.209,0.0,0.0,0,0,1,,0.822,2026-03-10T07:50:40.962377,sad,0.301,2026-03-10T07:50:40.047047,0.853,2026-03-10T07:50:40.280000,59,,,
participant_04,1,day,Town10HD_Opt,2026-03-10T07:50:41.838010,-110.45589447021484,-8.646888732910156,0.0019484710646793,3.074,-0.195,0.0,0.0,0,0,1,,0.873,2026-03-10T07:50:41.838010,sad,0.301,2026-03-10T07:50:40.047047,0.86,2026-03-10T07:50:41.270000,59,,,
participant_04,1,day,Town10HD_Opt,2026-03-10T07:50:43.000565,-110.4572525024414,-8.035131454467773,0.0019397735595703,2.161,-0.186,0.0,0.0,0,0,1,,0.81,2026-03-10T07:50:43.000565,neutral,0.391,2026-03-10T07:50:43.000565,0.867,2026-03-10T07:50:42.259000,58,,,
participant_04,1,day,Town10HD_Opt,2026-03-10T07:50:43.889356,-110.45807647705078,-7.698914527893066,0.0019348907517269,1.659,-0.186,0.0,0.0,0,0,1,,1.0,2026-03-10T07:50:43.889356,neutral,0.391,2026-03-10T07:50:43.000565,0.872,2026-03-10T07:50:43.250000,57,,,
participant_04,1,day,Town10HD_Opt,2026-03-10T07:50:45.048858,-110.45829010009766,-7.368945121765137,0.0019301986321806,1.166,-0.186,0.0,0.0,0,0,1,,0.826,2026-03-10T07:50:45.048858,neutral,0.441,2026-03-10T07:50:45.048858,0.871,2026-03-10T07:50:44.285000,56,,,
participant_04,1,day,Town10HD_Opt,2026-03-10T07:50:45.911898,-110.45835876464844,-7.187620639801025,0.0019275664817541,0.896,-0.186,0.0,0.0,0,0,1,,0.899,2026-03-10T07:50:45.911898,neutral,0.441,2026-03-10T07:50:45.048858,0.868,2026-03-10T07:50:45.275000,54,,,
participant_04,1,day,Town10HD_Opt,2026-03-10T07:50:47.096093,-110.45841217041016,-7.0095696449279785,0.0019249725155532,0.632,-0.186,0.0,0.0,0,0,1,,1.0,2026-03-10T07:50:47.096093,neutral,0.735,2026-03-10T07:50:47.096093,0.86,2026-03-10T07:50:46.264000,53,,,
participant_04,1,day,Town10HD_Opt,2026-03-10T07:50:47.965368,-110.45845794677734,-6.9116387367248535,0.0019236755324527,0.486,-0.186,0.0,0.0,0,0,1,,0.89,2026-03-10T07:50:47.965368,neutral,0.735,2026-03-10T07:50:47.096093,0.853,2026-03-10T07:50:47.253000,53,,,
participant_04,1,day,Town10HD_Opt,2026-03-10T07:50:48.854770,-110.45848083496094,-6.836430549621582,0.0019225692376494,0.374,-0.186,0.0,0.0,0,0,1,,1.0,2026-03-10T07:50:48.854770,neutral,0.735,2026-03-10T07:50:47.096093,0.841,2026-03-10T07:50:48.289000,55,,,
participant_04,1,day,Town10HD_Opt,2026-03-10T07:50:50.001489,-110.45850372314452,-6.762569427490234,0.0019215011270716,0.264,-0.186,0.0,0.0,0,0,1,,0.849,2026-03-10T07:50:50.001489,sad,0.339,2026-03-10T07:50:50.001489,0.827,2026-03-10T07:50:49.279000,55,,,
participant_04,1,day,Town10HD_Opt,2026-03-10T07:50:50.904443,-110.45852661132812,-6.721949100494385,0.0019208525773137,0.204,-0.186,0.0,0.0,0,0,1,,0.816,2026-03-10T07:50:50.904443,sad,0.339,2026-03-10T07:50:50.001489,0.813,2026-03-10T07:50:50.269000,55,Stop sign violation,stop_sign_id=1120,
participant_04,1,day,Town10HD_Opt,2026-03-10T07:50:51.847597,-110.45853424072266,-6.690756797790527,0.0019204712007194,0.157,-0.186,0.0,0.0,0,0,1,,0.839,2026-03-10T07:50:51.847597,sad,0.339,2026-03-10T07:50:50.001489,0.798,2026-03-10T07:50:51.259000,56,,,
participant_04,1,day,Town10HD_Opt,2026-03-10T07:50:52.852565,-110.4585418701172,-6.666802406311035,0.0019200897077098,0.12,-0.186,0.0,0.0,0,0,1,,0.861,2026-03-10T07:50:52.852565,neutral,0.53,2026-03-10T07:50:52.852565,0.784,2026-03-10T07:50:52.249000,56,,,
participant_04,1,day,Town10HD_Opt,2026-03-10T07:50:54.037451,-110.45854949951172,-6.643274784088135,0.0019197463989257,0.086,-0.186,0.0,0.0,0,0,1,,0.916,2026-03-10T07:50:54.037451,neutral,0.53,2026-03-10T07:50:52.852565,0.772,2026-03-10T07:50:53.284000,55,,,
participant_04,1,day,Town10HD_Opt,2026-03-10T07:50:54.906464,-110.45854949951172,-6.631314754486084,0.0019188307924196,0.223,-0.157,0.942,0.0,0,0,1,,0.844,2026-03-10T07:50:54.906464,sad,0.42,2026-03-10T07:50:54.906464,0.763,2026-03-10T07:50:54.275000,55,,,
participant_04,1,day,Town10HD_Opt,2026-03-10T07:50:56.103148,-110.45880889892578,-4.623069286346436,0.0014752197312191,18.425,-0.157,0.808,0.0,0,0,1,,0.905,2026-03-10T07:50:56.103148,sad,0.42,2026-03-10T07:50:54.906464,0.755,2026-03-10T07:50:55.265000,55,,,
participant_04,1,day,Town10HD_Opt,2026-03-10T07:50:56.976414,-110.45148468017578,-0.8054273724555969,0.0017889022128656,25.995,-0.322,0.591,0.0,0,0,1,,1.0,2026-03-10T07:50:56.976414,neutral,0.446,2026-03-10T07:50:56.976414,0.746,2026-03-10T07:50:56.255000,55,,,
participant_04,1,day,Town10HD_Opt,2026-03-10T07:50:57.889119,-110.2597427368164,4.131572723388672,0.0019093704177066,30.478,-5.271,0.518,0.0,0,0,1,,0.856,2026-03-10T07:50:57.889119,neutral,0.446,2026-03-10T07:50:56.976414,0.738,2026-03-10T07:50:57.245000,55,,,
participant_04,1,day,Town10HD_Opt,2026-03-10T07:50:59.034687,-108.811279296875,11.484952926635742,0.001940498361364,33.938,-5.791,0.489,0.0,0,0,1,,0.806,2026-03-10T07:50:59.034687,neutral,0.409,2026-03-10T07:50:59.034687,0.731,2026-03-10T07:50:58.280000,56,,,
participant_04,1,day,Town10HD_Opt,2026-03-10T07:50:59.948001,-106.4619598388672,17.05898666381836,0.0020177077967673,35.199,-9.487,0.438,0.0,0,0,1,,1.0,2026-03-10T07:50:59.948001,neutral,0.409,2026-03-10T07:50:59.034687,0.728,2026-03-10T07:50:59.269000,56,,,
participant_04,1,day,Town10HD_Opt,2026-03-10T07:51:00.922194,-102.63436889648438,21.835596084594727,0.0021011352073401,34.947,-12.92,0.404,0.0,0,0,1,,1.0,2026-03-10T07:51:00.922194,neutral,0.409,2026-03-10T07:50:59.034687,0.724,2026-03-10T07:51:00.260000,55,,,
participant_04,1,day,Town10HD_Opt,2026-03-10T07:51:01.844876,-97.45309448242188,24.86319923400879,0.002126274164766,33.49,-12.716,0.21,0.0,0,0,1,,0.807,2026-03-10T07:51:01.844876,neutral,0.333,2026-03-10T07:51:01.844876,0.722,2026-03-10T07:51:01.250000,56,,,
participant_04,1,day,Town10HD_Opt,2026-03-10T07:51:03.124135,-90.70352935791016,25.996097564697266,0.002276801969856,24.422,1.431,0.0,0.0,0,0,1,,1.0,2026-03-10T07:51:03.124135,neutral,0.333,2026-03-10T07:51:01.844876,0.718,2026-03-10T07:51:02.329000,57,,,
participant_04,1,day,Town10HD_Opt,2026-03-10T07:51:04.087105,-86.96878051757812,26.43813705444336,0.0022358703427016,18.38,0.846,0.248,0.0,0,0,1,,1.0,2026-03-10T07:51:04.087105,neutral,0.672,2026-03-10T07:51:04.087105,0.713,2026-03-10T07:51:03.274000,58,,,
participant_04,1,day,Town10HD_Opt,2026-03-10T07:51:05.037967,-83.8263931274414,26.84475326538086,0.0020080946851521,18.597,-0.825,0.952,0.0,0,0,1,,0.855,2026-03-10T07:51:05.037967,neutral,0.672,2026-03-10T07:51:04.087105,0.708,2026-03-10T07:51:04.265000,58,,,
participant_04,1,day,Town10HD_Opt,2026-03-10T07:51:05.955093,-79.71675109863281,27.28092193603516,0.0015986632788553,31.252,-1.081,0.89,0.0,0,0,1,,0.88,2026-03-10T07:51:05.955093,neutral,0.672,2026-03-10T07:51:04.087105,0.703,2026-03-10T07:51:05.254000,58,,,
participant_04,1,day,Town10HD_Opt,2026-03-10T07:51:06.868869,-73.24005889892578,27.78533935546875,0.0016613387269899,43.413,-1.514,0.816,0.0,0,0,1,,0.867,2026-03-10T07:51:06.868869,neutral,0.808,2026-03-10T07:51:06.868869,0.702,2026-03-10T07:51:06.289000,57,,,
participant_04,1,day,Town10HD_Opt,2026-03-10T07:51:07.844850,-64.91938018798828,28.05478858947754,0.0017754745204001,51.471,-1.022,0.0,0.149,0,0,1,,1.0,2026-03-10T07:51:07.844850,neutral,0.808,2026-03-10T07:51:06.868869,0.699,2026-03-10T07:51:07.279000,56,,,
participant_04,1,day,Town10HD_Opt,2026-03-10T07:51:09.117721,-53.22900390625,27.94638633728028,0.0020892333704978,49.295,-0.078,0.735,0.0,0,0,1,,0.869,2026-03-10T07:51:09.117721,neutral,0.568,2026-03-10T07:51:09.117721,0.701,2026-03-10T07:51:08.269000,57,,,
participant_04,1,day,Town10HD_Opt,2026-03-10T07:51:10.040354,-44.50088882446289,27.788951873779297,0.0021259307395666,48.94,0.136,0.726,0.0,0,0,1,,0.862,2026-03-10T07:51:10.040354,neutral,0.568,2026-03-10T07:51:09.117721,0.701,2026-03-10T07:51:09.260000,58,,,
participant_04,1,day,Town10HD_Opt,2026-03-10T07:51:10.968110,-35.77260971069336,27.68763542175293,0.0021248245611786,48.983,0.181,0.72,0.0,0,0,1,,0.845,2026-03-10T07:51:10.968110,neutral,0.568,2026-03-10T07:51:09.117721,0.701,2026-03-10T07:51:10.296000,59,,,
participant_04,1,day,Town10HD_Opt,2026-03-10T07:51:11.911784,-27.043663024902344,27.651655197143555,0.0021266173571348,48.871,0.197,0.382,0.0,0,0,1,,0.889,2026-03-10T07:51:11.911784,sad,0.378,2026-03-10T07:51:11.911784,0.701,2026-03-10T07:51:11.285000,62,,,
participant_04,1,day,Town10HD_Opt,2026-03-10T07:51:12.934747,-19.185800552368164,27.6820068359375,0.0023712920956313,39.268,0.223,0.0,0.0,0,0,1,,0.805,2026-03-10T07:51:12.934747,sad,0.378,2026-03-10T07:51:11.911784,0.696,2026-03-10T07:51:12.275000,62,,,
participant_04,1,day,Town10HD_Opt,2026-03-10T07:51:13.839787,-12.968572616577148,27.75638771057129,0.0022209929302334,32.606,0.157,0.364,0.0,0,0,1,,0.903,2026-03-10T07:51:13.839787,sad,0.378,2026-03-10T07:51:11.911784,0.69,2026-03-10T07:51:13.267000,62,,,
participant_04,1,day,Town10HD_Opt,2026-03-10T07:51:15.011332,-5.204359531402588,27.843135833740234,0.0018978881416842,36.065,-0.134,0.581,0.0,0,0,1,,0.889,2026-03-10T07:51:15.011332,neutral,0.485,2026-03-10T07:51:15.011332,0.687,2026-03-10T07:51:14.255000,62,,,
participant_04,1,day,Town10HD_Opt,2026-03-10T07:51:15.932587,1.3856618404388428,27.893537521362305,0.0019721984863281,38.738,0.026,0.316,0.0,0,0,1,,0.923,2026-03-10T07:51:15.932587,neutral,0.485,2026-03-10T07:51:15.011332,0.682,2026-03-10T07:51:15.290000,62,,,
participant_04,1,day,Town10HD_Opt,2026-03-10T07:51:16.862156,7.992532253265381,27.947696685791016,0.0021270369179546,36.268,-0.035,0.299,0.0,0,0,1,,0.886,2026-03-10T07:51:16.862156,neutral,0.485,2026-03-10T07:51:15.011332,0.676,2026-03-10T07:51:16.280000,60,,,
participant_04,1,day,Town10HD_Opt,2026-03-10T07:51:18.040481,16.07713508605957,28.004350662231445,0.0021218108013272,32.891,0.007,0.287,0.0,0,0,1,,0.819,2026-03-10T07:51:18.040481,neutral,0.339,2026-03-10T07:51:18.040481,0.667,2026-03-10T07:51:17.270000,60,,,
participant_04,1,day,Town10HD_Opt,2026-03-10T07:51:18.907269,21.634456634521484,28.082408905029297,0.0021292876917868,30.321,2.45,0.261,0.0,0,0,1,,0.836,2026-03-10T07:51:18.907269,neutral,0.339,2026-03-10T07:51:18.040481,0.659,2026-03-10T07:51:18.260000,61,,,
participant_04,1,day,Town10HD_Opt,2026-03-10T07:51:20.078991,28.30574417114257,28.70128631591797,0.002124710008502,27.008,5.787,0.261,0.0,0,0,1,,1.0,2026-03-10T07:51:20.078991,neutral,0.353,2026-03-10T07:51:20.078991,0.648,2026-03-10T07:51:19.294000,61,,,
participant_04,1,day,Town10HD_Opt,2026-03-10T07:51:20.960661,32.69352340698242,29.87556838989257,0.0021169662941247,24.91,9.447,0.28,0.0,0,0,1,,1.0,2026-03-10T07:51:20.960661,neutral,0.353,2026-03-10T07:51:20.078991,0.636,2026-03-10T07:51:20.284000,60,,,
participant_04,1,day,Town10HD_Opt,2026-03-10T07:51:21.864128,36.33297729492188,31.93704032897949,0.0021237945184111,23.159,18.319,0.291,0.0,0,0,1,,0.935,2026-03-10T07:51:21.864128,neutral,0.353,2026-03-10T07:51:20.078991,0.624,2026-03-10T07:51:21.276000,58,,,
participant_04,1,day,Town10HD_Opt,2026-03-10T07:51:23.009800,39.38216400146485,36.09109115600586,0.0021098707802593,21.552,18.254,0.291,0.0,0,0,1,,0.896,2026-03-10T07:51:23.009800,neutral,0.539,2026-03-10T07:51:23.009800,0.618,2026-03-10T07:51:22.265000,57,,,
participant_04,1,day,Town10HD_Opt,2026-03-10T07:51:23.864846,40.20774459838867,39.65742492675781,0.00209945673123,20.577,16.213,0.287,0.0,0,0,1,,1.0,2026-03-10T07:51:23.864846,neutral,0.539,2026-03-10T07:51:23.009800,0.612,2026-03-10T07:51:23.255000,58,,,
participant_04,1,day,Town10HD_Opt,2026-03-10T07:51:25.002657,40.357540130615234,44.33731842041016,0.0020787811372429,19.305,-1.391,0.099,0.0,0,0,1,,1.0,2026-03-10T07:51:25.002657,neutral,0.539,2026-03-10T07:51:23.009800,0.603,2026-03-10T07:51:24.289000,57,,,
participant_04,1,day,Town10HD_Opt,2026-03-10T07:51:25.851709,40.47538375854492,47.44753646850586,0.001997947692871,15.702,0.837,0.0,0.079,0,0,1,,1.0,2026-03-10T07:51:25.851709,sad,0.384,2026-03-10T07:51:25.851709,0.599,2026-03-10T07:51:25.370000,57,,,
participant_04,1,day,Town10HD_Opt,2026-03-10T07:51:26.966209,40.540184020996094,50.31686019897461,0.0020817182958126,8.664,0.757,0.0,0.27,0,0,1,,0.801,2026-03-10T07:51:26.966209,sad,0.384,2026-03-10T07:51:25.851709,0.596,2026-03-10T07:51:26.360000,57,,,
participant_04,1,day,Town10HD_Opt,2026-03-10T07:51:27.829115,40.55631637573242,51.41119003295898,0.0023762511555105,0.0,0.757,0.0,0.264,0,0,1,,0.867,2026-03-10T07:51:27.829115,sad,0.384,2026-03-10T07:51:25.851709,0.597,2026-03-10T07:51:27.260000,56,,,
participant_04,1,day,Town10HD_Opt,2026-03-10T07:51:28.888047,40.55632019042969,51.41182327270508,0.0019266509916633,0.003,0.71,0.035,0.0,0,0,1,,0.815,2026-03-10T07:51:28.888047,neutral,0.887,2026-03-10T07:51:28.888047,0.595,2026-03-10T07:51:28.295000,55,,,
participant_04,1,day,Town10HD_Opt,2026-03-10T07:51:29.974569,40.5576171875,51.501712799072266,0.0018956374842673,0.929,0.672,0.0,0.0,0,0,1,,1.0,2026-03-10T07:51:29.974569,neutral,0.887,2026-03-10T07:51:28.888047,0.598,2026-03-10T07:51:29.285000,57,,,
participant_04,1,day,Town10HD_Opt,2026-03-10T07:51:31.030072,40.56021881103516,51.687347412109375,0.0019250105833634,0.66,0.672,0.0,0.0,0,0,1,,1.0,2026-03-10T07:51:31.030072,neutral,0.44,2026-03-10T07:51:31.030072,0.601,2026-03-10T07:51:30.274000,57,,,
participant_04,1,day,Town10HD_Opt,2026-03-10T07:51:31.853257,40.56159210205078,51.78960418701172,0.0019237136002629,0.515,0.656,0.0,0.0,0,0,1,,0.816,2026-03-10T07:51:31.853257,neutral,0.44,2026-03-10T07:51:31.030072,0.603,2026-03-10T07:51:31.265000,57,,,
participant_04,1,day,Town10HD_Opt,2026-03-10T07:51:32.956707,40.56293869018555,51.89002227783203,0.0019223403651267,0.358,0.618,0.0,0.0,0,0,1,,1.0,2026-03-10T07:51:32.956707,neutral,0.44,2026-03-10T07:51:31.030072,0.605,2026-03-10T07:51:32.255000,56,,,
participant_04,1,day,Town10HD_Opt,2026-03-10T07:51:33.823332,40.56367111206055,51.94523239135742,0.0019215393112972,0.276,0.616,0.0,0.0,0,0,1,,1.0,2026-03-10T07:51:33.823332,sad,0.355,2026-03-10T07:51:33.823332,0.604,2026-03-10T07:51:33.290000,57,,,
participant_04,1,day,Town10HD_Opt,2026-03-10T07:51:34.937534,40.56567001342773,52.10756301879883,0.0017023849068209,4.416,0.59,0.889,0.0,0,0,1,,0.815,2026-03-10T07:51:34.937534,sad,0.355,2026-03-10T07:51:33.823332,0.603,2026-03-10T07:51:34.280000,58,,,
participant_04,1,day,Town10HD_Opt,2026-03-10T07:51:36.080493,40.60926818847656,55.17617416381836,0.0018120956374332,21.184,-2.527,0.819,0.0,0,0,1,,1.0,2026-03-10T07:51:36.080493,neutral,0.413,2026-03-10T07:51:36.080493,0.594,2026-03-10T07:51:35.270000,59,,,errors=Stop sign violation
participant_04,1,day,Town10HD_Opt,2026-03-10T07:51:37.009762,41.14634323120117,59.6484489440918,0.001750640803948,30.809,-9.669,0.682,0.0,0,0,1,,0.874,2026-03-10T07:51:37.009762,neutral,0.413,2026-03-10T07:51:36.080493,0.584,2026-03-10T07:51:36.259000,58,,,
participant_04,1,day,Town10HD_Opt,2026-03-10T07:51:37.993889,43.34169387817383,65.1100082397461,0.0018822478596121,36.71,-15.021,0.497,0.0,0,0,1,,1.0,2026-03-10T07:51:37.993889,neutral,0.413,2026-03-10T07:51:36.080493,0.572,2026-03-10T07:51:37.295000,58,,,
participant_04,1,day,Town10HD_Opt,2026-03-10T07:51:38.824144,47.80244064331055,69.48783111572266,0.002253150800243,33.075,-16.193,0.0,0.0,0,0,1,,1.0,2026-03-10T07:51:38.824144,neutral,0.393,2026-03-10T07:51:38.824144,0.559,2026-03-10T07:51:38.285000,58,,,
participant_04,1,day,Town10HD_Opt,2026-03-10T07:51:39.965496,54.07823181152344,71.2000732421875,0.0022700501140207,23.676,-15.071,0.134,0.0,0,0,1,,0.832,2026-03-10T07:51:39.965496,neutral,0.393,2026-03-10T07:51:38.824144,0.546,2026-03-10T07:51:39.275000,58,,,
participant_04,1,day,Town10HD_Opt,2026-03-10T07:51:40.856999,58.02825164794922,70.77786254882812,0.0019875715952366,23.87,-3.792,0.648,0.0,0,0,1,,0.852,2026-03-10T07:51:40.856999,neutral,0.526,2026-03-10T07:51:40.856999,0.534,2026-03-10T07:51:40.265000,58,,,
participant_04,1,day,Town10HD_Opt,2026-03-10T07:51:42.019549,64.25530242919922,69.98303985595703,0.0020246123895049,27.941,2.678,0.32,0.0,0,0,1,,0.922,2026-03-10T07:51:42.019549,neutral,0.526,2026-03-10T07:51:40.856999,0.521,2026-03-10T07:51:41.256000,58,,,
participant_04,1,day,Town10HD_Opt,2026-03-10T07:51:43.071199,68.99275970458984,69.76792907714844,0.0021877288818359,24.664,1.862,0.0,0.0,0,0,1,,0.842,2026-03-10T07:51:43.071199,sad,0.333,2026-03-10T07:51:43.071199,0.509,2026-03-10T07:51:42.293000,59,,,
participant_04,1,day,Town10HD_Opt,2026-03-10T07:51:43.907033,72.81292724609375,69.77220916748047,0.0022412489634007,18.459,2.398,0.0,0.0,0,0,1,,1.0,2026-03-10T07:51:43.907033,sad,0.333,2026-03-10T07:51:43.071199,0.5,2026-03-10T07:51:43.289000,63,,,
participant_04,1,day,Town10HD_Opt,2026-03-10T07:51:45.079634,76.535888671875,69.95132446289062,0.0020405577961355,13.285,0.385,0.115,0.0,0,0,1,,0.896,2026-03-10T07:51:45.079634,neutral,0.467,2026-03-10T07:51:45.079634,0.491,2026-03-10T07:51:44.270000,64,,,
participant_04,1,day,Town10HD_Opt,2026-03-10T07:51:45.930386,78.96827697753906,70.06875610351562,0.0016927337273955,17.88,-0.86,0.967,0.0,0,0,1,,0.92,2026-03-10T07:51:45.930386,neutral,0.467,2026-03-10T07:51:45.079634,0.488,2026-03-10T07:51:45.264000,65,,,
participant_04,1,day,Town10HD_Opt,2026-03-10T07:51:47.054676,85.04759216308594,70.24722290039062,0.00155723572243,35.809,-0.717,0.597,0.0,0,0,1,,0.947,2026-03-10T07:51:47.054676,neutral,0.467,2026-03-10T07:51:45.079634,0.485,2026-03-10T07:51:46.295000,65,,,
participant_04,1,day,Town10HD_Opt,2026-03-10T07:51:47.912525,91.2314453125,70.427490234375,0.0022616195492446,31.419,9.562,0.0,0.0,0,0,1,,0.874,2026-03-10T07:51:47.912525,sad,0.339,2026-03-10T07:51:47.912525,0.485,2026-03-10T07:51:47.284000,65,,,
participant_04,1,day,Town10HD_Opt,2026-03-10T07:51:49.099201,97.15750122070312,72.630126953125,0.0020698928274214,27.351,24.824,0.767,0.0,0,0,1,,1.0,2026-03-10T07:51:49.099201,sad,0.339,2026-03-10T07:51:47.912525,0.485,2026-03-10T07:51:48.274000,63,,,
participant_04,1,day,Town10HD_Opt,2026-03-10T07:51:49.901732,100.02491760253906,77.13182067871094,0.0018870925996452,34.691,24.378,0.508,0.0,0,0,1,,0.804,2026-03-10T07:51:49.901732,sad,0.339,2026-03-10T07:51:47.912525,0.485,2026-03-10T07:51:49.266000,61,,,
participant_04,1,day,Town10HD_Opt,2026-03-10T07:51:51.037920,99.78199768066406,85.08818817138672,0.0021264266688376,32.964,-0.515,0.285,0.0,0,0,1,,0.898,2026-03-10T07:51:51.037920,happy,0.781,2026-03-10T07:51:51.037920,0.485,2026-03-10T07:51:50.255000,59,,,
participant_04,1,day,Town10HD_Opt,2026-03-10T07:51:51.912460,99.04279327392578,90.61158752441406,0.0021199798211455,30.557,-0.552,0.285,0.0,0,0,1,,0.91,2026-03-10T07:51:51.912460,happy,0.781,2026-03-10T07:51:51.037920,0.485,2026-03-10T07:51:51.290000,58,,,
participant_04,1,day,Town10HD_Opt,2026-03-10T07:51:53.014028,98.12542724609376,97.375732421875,0.0021070861257612,27.85,2.073,0.285,0.0,0,0,1,,1.0,2026-03-10T07:51:53.014028,happy,0.781,2026-03-10T07:51:51.037920,0.485,2026-03-10T07:51:52.280000,59,,,
participant_04,1,day,Town10HD_Opt,2026-03-10T07:51:53.883753,97.18779754638672,102.01354217529295,0.002100562909618,26.028,3.95,0.285,0.0,0,0,1,,1.0,2026-03-10T07:51:53.883753,sad,0.332,2026-03-10T07:51:53.883753,0.485,2026-03-10T07:51:53.270000,60,,,
participant_04,1,day,Town10HD_Opt,2026-03-10T07:51:54.987405,95.42668914794922,107.61209869384766,0.0020903777331113,24.244,4.367,0.361,0.0,0,0,1,,1.0,2026-03-10T07:51:54.987405,sad,0.332,2026-03-10T07:51:53.883753,0.485,2026-03-10T07:51:54.260000,60,,,
participant_04,1,day,Town10HD_Opt,2026-03-10T07:51:55.821639,93.67918395996094,111.53043365478516,0.0020029449369758,25.292,4.978,0.418,0.0,0,0,1,,1.0,2026-03-10T07:51:55.821639,sad,0.332,2026-03-10T07:51:53.883753,0.485,2026-03-10T07:51:55.295000,60,,,
participant_04,1,day,Town10HD_Opt,2026-03-10T07:51:56.927103,90.50357818603516,116.72663116455078,0.0020056532230228,27.096,4.839,0.415,0.0,0,0,1,,1.0,2026-03-10T07:51:56.927103,neutral,0.355,2026-03-10T07:51:56.927103,0.485,2026-03-10T07:51:56.286000,60,,,
participant_04,1,day,Town10HD_Opt,2026-03-10T07:51:57.897883,87.4533462524414,120.44813537597656,0.0020125959999859,28.044,5.919,0.415,0.0,0,0,1,,1.0,2026-03-10T07:51:57.897883,neutral,0.355,2026-03-10T07:51:56.927103,0.485,2026-03-10T07:51:57.276000,60,,,
participant_04,1,day,Town10HD_Opt,2026-03-10T07:51:58.817938,83.73888397216797,123.83859252929688,0.0019786071497946,29.936,5.78,0.487,0.0,0,0,1,,1.0,2026-03-10T07:51:58.817938,neutral,0.355,2026-03-10T07:51:56.927103,0.485,2026-03-10T07:51:58.265000,58,,,
participant_04,1,day,Town10HD_Opt,2026-03-10T07:51:59.964651,77.54771423339844,127.69696044921876,0.0019828795921057,32.828,6.701,0.477,0.0,0,0,1,,1.0,2026-03-10T07:51:59.964651,fear,0.459,2026-03-10T07:51:59.964651,0.485,2026-03-10T07:51:59.345000,58,,,
participant_04,1,day,Town10HD_Opt,2026-03-10T07:52:00.829556,72.02699279785156,129.68679809570312,0.0019972228910773,34.387,6.464,0.47,0.0,0,0,1,,0.863,2026-03-10T07:52:00.829556,fear,0.459,2026-03-10T07:51:59.964651,0.485,2026-03-10T07:52:00.290000,58,,,
participant_04,1,day,Town10HD_Opt,2026-03-10T07:52:02.080533,63.88567352294922,130.84286499023438,0.0020035170018672,36.238,1.643,0.466,0.0,0,0,1,,1.0,2026-03-10T07:52:02.080533,neutral,0.578,2026-03-10T07:52:02.080533,0.485,2026-03-10T07:52:01.280000,58,,,
participant_04,1,day,Town10HD_Opt,2026-03-10T07:52:02.998844,57.46359252929688,131.1447296142578,0.0020087051670998,37.31,1.196,0.464,0.0,0,0,1,,0.81,2026-03-10T07:52:02.998844,neutral,0.578,2026-03-10T07:52:02.080533,0.485,2026-03-10T07:52:02.270000,57,,,
participant_04,1,day,Town10HD_Opt,2026-03-10T07:52:03.893495,50.86189270019531,131.2379913330078,0.0020134735386818,38.22,0.775,0.464,0.0,0,0,1,,1.0,2026-03-10T07:52:03.893495,neutral,0.578,2026-03-10T07:52:02.080533,0.487,2026-03-10T07:52:03.260000,56,,,
participant_04,1,day,Town10HD_Opt,2026-03-10T07:52:05.064585,41.83033752441406,131.09349060058594,0.0020183944143354,39.248,0.176,0.464,0.0,0,0,1,,0.899,2026-03-10T07:52:05.064585,neutral,0.698,2026-03-10T07:52:05.064585,0.489,2026-03-10T07:52:04.295000,56,,,
participant_04,1,day,Town10HD_Opt,2026-03-10T07:52:05.956023,34.91176223754883,130.90286254882812,0.0020215606782585,39.898,-0.139,0.464,0.0,0,0,1,,0.844,2026-03-10T07:52:05.956023,neutral,0.698,2026-03-10T07:52:05.064585,0.491,2026-03-10T07:52:05.285000,56,,,
participant_04,1,day,Town10HD_Opt,2026-03-10T07:52:06.819387,27.88624382019043,130.72952270507812,0.002024307148531,40.459,-0.164,0.464,0.0,0,0,1,,0.915,2026-03-10T07:52:06.819387,neutral,0.698,2026-03-10T07:52:05.064585,0.493,2026-03-10T07:52:06.275000,56,,,
participant_04,1,day,Town10HD_Opt,2026-03-10T07:52:07.984247,18.377046585083008,130.55633544921875,0.0020276641007512,41.087,-0.143,0.464,0.0,0,0,1,,0.944,2026-03-10T07:52:07.984247,neutral,0.876,2026-03-10T07:52:07.984247,0.497,2026-03-10T07:52:07.266000,56,,,
participant_04,1,day,Town10HD_Opt,2026-03-10T07:52:08.876813,11.155232429504396,130.46360778808594,0.0020297621376812,41.483,-0.028,0.464,0.0,0,0,1,,0.808,2026-03-10T07:52:08.876813,neutral,0.876,2026-03-10T07:52:07.984247,0.504,2026-03-10T07:52:08.255000,56,,,
participant_04,1,day,Town10HD_Opt,2026-03-10T07:52:09.988006,1.4267611503601074,130.35450744628906,0.0020318604074418,41.927,-0.028,0.464,0.0,0,0,1,,0.839,2026-03-10T07:52:09.988006,neutral,0.646,2026-03-10T07:52:09.988006,0.513,2026-03-10T07:52:09.290000,56,,,
participant_04,1,day,Town10HD_Opt,2026-03-10T07:52:10.885044,-5.843771934509277,130.2804718017578,0.0022390745580196,38.188,0.068,0.0,0.565,0,0,1,,0.903,2026-03-10T07:52:10.885044,neutral,0.646,2026-03-10T07:52:09.988006,0.522,2026-03-10T07:52:10.280000,56,,,
participant_04,1,day,Town10HD_Opt,2026-03-10T07:52:12.056076,-12.98870849609375,130.1972198486328,0.0024017714895308,22.555,0.068,0.0,0.6,0,0,1,,0.853,2026-03-10T07:52:12.056076,neutral,0.667,2026-03-10T07:52:12.056076,0.527,2026-03-10T07:52:11.270000,57,,,
participant_04,1,day,Town10HD_Opt,2026-03-10T07:52:12.915895,-16.22048568725586,130.1530303955078,0.0020661163143813,14.87,0.068,0.0,0.033,0,0,1,,1.0,2026-03-10T07:52:12.915895,neutral,0.667,2026-03-10T07:52:12.056076,0.53,2026-03-10T07:52:12.264000,59,,,
participant_04,1,day,Town10HD_Opt,2026-03-10T07:52:14.035810,-18.99644660949707,130.11114501953125,0.0020754241850227,8.479,0.068,0.0,0.122,0,0,1,,0.824,2026-03-10T07:52:14.035810,neutral,0.667,2026-03-10T07:52:12.056076,0.525,2026-03-10T07:52:13.295000,60,,,
participant_04,1,day,Town10HD_Opt,2026-03-10T07:52:14.881376,-20.32481002807617,130.0900421142578,0.001983146648854,6.571,0.068,0.0,0.0,0,0,1,,1.0,2026-03-10T07:52:14.881376,neutral,0.549,2026-03-10T07:52:14.881376,0.524,2026-03-10T07:52:14.285000,60,,,
participant_04,1,day,Town10HD_Opt,2026-03-10T07:52:16.014207,-21.26764678955078,130.0746612548828,0.0021142959594726,0.0,0.059,0.0,0.044,0,0,1,,0.813,2026-03-10T07:52:16.014207,neutral,0.549,2026-03-10T07:52:14.881376,0.524,2026-03-10T07:52:15.412000,58,,,
participant_04,1,day,Town10HD_Opt,2026-03-10T07:52:16.869302,-21.26900863647461,130.07461547851562,0.0019145583501085,0.339,0.059,0.276,0.0,0,0,1,,0.83,2026-03-10T07:52:16.869302,neutral,0.549,2026-03-10T07:52:14.881376,0.531,2026-03-10T07:52:16.355000,57,,,
participant_05,1,day,Town10HD_Opt,2026-03-10T08:02:12.382316,-41.66858673095703,89.7454833984375,0.5804919004440308,4.779,-0.172,0.704,0.0,0,0,1,,1.0,2026-03-10T08:02:12.382316,,,2026-03-10T08:02:12.382316,0.458,2026-03-10T08:02:12.309000,53,,,
participant_05,1,day,Town10HD_Opt,2026-03-10T08:02:16.897500,-41.66976165771485,89.4715347290039,0.0016576766502112,5.422,-0.172,0.692,0.0,0,0,1,,1.0,2026-03-10T08:02:16.897500,,,2026-03-10T08:02:16.897500,0.453,2026-03-10T08:02:16.315000,55,,,
participant_05,1,day,Town10HD_Opt,2026-03-10T08:02:17.559354,-41.67391204833984,88.46046447753906,0.0016296386020258,11.912,-0.172,0.572,0.0,0,0,1,,1.0,2026-03-10T08:02:17.559354,,,2026-03-10T08:02:16.897500,0.451,2026-03-10T08:02:17.350000,55,,,
participant_05,1,day,Town10HD_Opt,2026-03-10T08:02:18.539829,-41.68680191040039,85.87332916259766,0.0017773056169971,17.079,-0.172,0.338,0.0,0,0,1,,0.901,2026-03-10T08:02:18.539829,,,2026-03-10T08:02:16.897500,0.447,2026-03-10T08:02:18.339000,56,,,
participant_05,1,day,Town10HD_Opt,2026-03-10T08:02:19.520943,-41.70051193237305,82.77305603027344,0.0019827270880341,18.125,1.608,0.252,0.0,0,0,1,,1.0,2026-03-10T08:02:19.520943,neutral,0.591,2026-03-10T08:02:19.520943,0.445,2026-03-10T08:02:19.330000,57,,,
participant_05,1,day,Town10HD_Opt,2026-03-10T08:02:20.554750,-41.51970291137695,79.6581039428711,0.0019232940394431,17.627,10.113,0.397,0.0,0,0,1,,1.0,2026-03-10T08:02:20.554750,neutral,0.591,2026-03-10T08:02:19.520943,0.443,2026-03-10T08:02:20.320000,59,,,
participant_05,1,day,Town10HD_Opt,2026-03-10T08:02:21.548298,-40.65286636352539,76.58457946777344,0.0020267867948859,19.39,17.651,0.453,0.0,0,0,1,,1.0,2026-03-10T08:02:21.548298,neutral,0.519,2026-03-10T08:02:21.548298,0.441,2026-03-10T08:02:21.354000,61,,,
participant_05,1,day,Town10HD_Opt,2026-03-10T08:02:22.554209,-38.74212646484375,73.64677429199219,0.0020468139555305,20.624,19.959,0.346,0.0,0,0,1,,1.0,2026-03-10T08:02:22.554209,neutral,0.519,2026-03-10T08:02:21.548298,0.44,2026-03-10T08:02:22.435000,63,,,
participant_05,1,day,Town10HD_Opt,2026-03-10T08:02:23.516392,-35.87272262573242,71.48171997070312,0.0020686720963567,20.813,19.806,0.346,0.0,0,0,1,,1.0,2026-03-10T08:02:23.516392,neutral,0.519,2026-03-10T08:02:21.548298,0.435,2026-03-10T08:02:23.379000,65,,,
participant_05,1,day,Town10HD_Opt,2026-03-10T08:02:24.595684,-32.39971923828125,70.39720916748047,0.0020387268159538,21.499,13.897,0.472,0.0,0,0,1,,0.823,2026-03-10T08:02:24.595684,neutral,0.557,2026-03-10T08:02:24.595684,0.432,2026-03-10T08:02:24.324000,66,,,
participant_05,1,day,Town10HD_Opt,2026-03-10T08:02:25.599223,-28.446266174316406,69.9473648071289,0.0019606398418545,24.231,1.65,0.531,0.0,0,0,1,,0.878,2026-03-10T08:02:25.599223,neutral,0.557,2026-03-10T08:02:24.595684,0.432,2026-03-10T08:02:25.359000,68,,,
participant_05,1,day,Town10HD_Opt,2026-03-10T08:02:26.652627,-23.91659927368164,69.70879364013672,0.0019098663469776,28.092,1.622,0.369,0.0,0,0,1,,1.0,2026-03-10T08:02:26.652627,happy,0.995,2026-03-10T08:02:26.652627,0.432,2026-03-10T08:02:26.350000,70,,,
participant_05,1,day,Town10HD_Opt,2026-03-10T08:02:27.683044,-18.93932342529297,69.66161346435547,0.0020351791754364,28.517,0.592,0.361,0.0,0,0,1,,1.0,2026-03-10T08:02:27.683044,happy,0.995,2026-03-10T08:02:26.652627,0.432,2026-03-10T08:02:27.340000,75,,,
participant_05,1,day,Town10HD_Opt,2026-03-10T08:02:28.415661,-15.619296073913574,69.67498016357422,0.0020492554176598,28.381,0.458,0.359,0.0,0,0,1,,1.0,2026-03-10T08:02:28.415661,happy,0.995,2026-03-10T08:02:26.652627,0.432,2026-03-10T08:02:28.330000,78,,,
participant_05,1,day,Town10HD_Opt,2026-03-10T08:02:29.679108,-9.03740406036377,69.77099609375,0.0020509718451648,28.039,0.275,0.359,0.0,0,0,1,,1.0,2026-03-10T08:02:29.679108,neutral,0.86,2026-03-10T08:02:29.679108,0.432,2026-03-10T08:02:29.319000,80,,,
participant_05,1,day,Town10HD_Opt,2026-03-10T08:02:30.404522,-5.774270534515381,69.83838653564453,0.0020503997802734,27.893,0.106,0.359,0.0,0,0,1,,1.0,2026-03-10T08:02:30.404522,neutral,0.86,2026-03-10T08:02:29.679108,0.432,2026-03-10T08:02:30.355000,82,,,
participant_05,1,day,Town10HD_Opt,2026-03-10T08:02:31.454929,-0.909753680229187,69.9332504272461,0.002049560425803,27.697,-0.233,0.359,0.0,0,0,1,,1.0,2026-03-10T08:02:31.454929,neutral,0.86,2026-03-10T08:02:29.679108,0.432,2026-03-10T08:02:31.345000,83,,,
participant_05,1,day,Town10HD_Opt,2026-03-10T08:02:32.513281,3.922960758209229,69.99915313720703,0.0020486831199377,27.526,-0.214,0.359,0.0,0,0,1,,1.0,2026-03-10T08:02:32.513281,neutral,0.382,2026-03-10T08:02:32.513281,0.442,2026-03-10T08:02:32.335000,83,,,
participant_05,1,day,Town10HD_Opt,2026-03-10T08:02:33.472689,8.727744102478027,70.03846740722656,0.0020481871906667,27.384,-0.228,0.359,0.0,0,0,1,,1.0,2026-03-10T08:02:33.472689,neutral,0.382,2026-03-10T08:02:32.513281,0.454,2026-03-10T08:02:33.325000,82,,,
participant_05,1,day,Town10HD_Opt,2026-03-10T08:02:34.422478,13.507774353027344,70.05184173583984,0.0020474623888731,27.243,-0.092,0.358,0.0,0,0,1,,1.0,2026-03-10T08:02:34.422478,neutral,0.382,2026-03-10T08:02:32.513281,0.465,2026-03-10T08:02:34.360000,82,,,
participant_05,1,day,Town10HD_Opt,2026-03-10T08:02:35.394262,18.247617721557617,70.05165100097656,0.0020724486093968,26.591,-0.087,0.287,0.0,0,0,1,,1.0,2026-03-10T08:02:35.394262,neutral,0.788,2026-03-10T08:02:35.394262,0.482,2026-03-10T08:02:35.350000,82,,,
participant_05,1,day,Town10HD_Opt,2026-03-10T08:02:36.409168,22.77638053894043,70.04191589355469,0.0021130752284079,24.827,-0.085,0.0,0.0,0,0,1,,1.0,2026-03-10T08:02:36.409168,neutral,0.788,2026-03-10T08:02:35.394262,0.5,2026-03-10T08:02:36.339000,81,,,errors=Stop sign violation
participant_05,1,day,Town10HD_Opt,2026-03-10T08:02:37.417190,26.62007522583008,70.01736450195312,0.0022335052490234,18.713,-2.44,0.0,0.0,0,0,1,,0.922,2026-03-10T08:02:37.417190,sad,0.302,2026-03-10T08:02:37.417190,0.519,2026-03-10T08:02:37.330000,75,,,
participant_05,1,day,Town10HD_Opt,2026-03-10T08:02:38.417712,29.57560920715332,69.84892272949219,0.0019860840402543,15.661,-6.772,0.246,0.0,0,0,1,,1.0,2026-03-10T08:02:38.417712,sad,0.302,2026-03-10T08:02:37.417190,0.539,2026-03-10T08:02:38.319000,75,,,
participant_05,1,day,Town10HD_Opt,2026-03-10T08:02:39.433950,32.3095703125,69.28450775146484,0.0018561935285106,17.085,-12.886,0.496,0.0,0,0,1,,1.0,2026-03-10T08:02:39.433950,neutral,0.354,2026-03-10T08:02:39.433950,0.558,2026-03-10T08:02:39.355000,75,,,
participant_05,1,day,Town10HD_Opt,2026-03-10T08:02:40.490407,35.33393096923828,68.05587005615234,0.0019625853747129,20.191,-8.32,0.527,0.0,0,0,1,,1.0,2026-03-10T08:02:40.490407,neutral,0.354,2026-03-10T08:02:39.433950,0.578,2026-03-10T08:02:40.344000,73,,,
participant_05,1,day,Town10HD_Opt,2026-03-10T08:02:41.537420,38.6695442199707,66.0963134765625,0.0019643784034997,23.649,-13.516,0.431,0.0,0,0,1,,1.0,2026-03-10T08:02:41.537420,neutral,0.66,2026-03-10T08:02:41.537420,0.597,2026-03-10T08:02:41.336000,71,Vehicle-pedestrian collision,Vehicle-pedestrian collision,
participant_05,1,day,Town10HD_Opt,2026-03-10T08:02:42.642073,41.6602668762207,63.07087707519531,0.0020085906144231,25.335,-14.144,0.431,0.0,0,0,1,,1.0,2026-03-10T08:02:42.642073,neutral,0.66,2026-03-10T08:02:41.537420,0.607,2026-03-10T08:02:42.325000,70,,,
participant_05,1,day,Town10HD_Opt,2026-03-10T08:02:43.689936,43.72857284545898,59.04256820678711,0.0020097349770367,26.743,-14.1,0.423,0.0,0,0,1,,1.0,2026-03-10T08:02:43.689936,neutral,0.34,2026-03-10T08:02:43.689936,0.614,2026-03-10T08:02:43.314000,69,,,
participant_05,1,day,Town10HD_Opt,2026-03-10T08:02:44.690304,44.47478485107422,54.397605895996094,0.002082634018734,26.663,-8.398,0.244,0.0,0,0,1,,1.0,2026-03-10T08:02:44.690304,neutral,0.34,2026-03-10T08:02:43.689936,0.623,2026-03-10T08:02:44.349000,67,,,
participant_05,1,day,Town10HD_Opt,2026-03-10T08:02:45.463778,44.49818420410156,51.35805892944336,0.0021149443928152,25.189,0.583,0.245,0.0,0,0,1,,1.0,2026-03-10T08:02:45.463778,neutral,0.34,2026-03-10T08:02:43.689936,0.626,2026-03-10T08:02:45.384000,65,,,
participant_05,1,day,Town10HD_Opt,2026-03-10T08:02:46.502569,44.47933578491211,47.10833740234375,0.002094192430377,23.469,-2.828,0.326,0.0,0,0,1,,1.0,2026-03-10T08:02:46.502569,neutral,0.838,2026-03-10T08:02:46.502569,0.627,2026-03-10T08:02:46.374000,64,,,
participant_05,1,day,Town10HD_Opt,2026-03-10T08:02:47.563979,44.28214263916016,43.04507064819336,0.0020572661887854,23.054,1.89,0.326,0.0,0,0,1,,1.0,2026-03-10T08:02:47.563979,neutral,0.838,2026-03-10T08:02:46.502569,0.627,2026-03-10T08:02:47.320000,62,,,
participant_05,1,day,Town10HD_Opt,2026-03-10T08:02:48.594695,44.41292953491211,39.05567932128906,0.0020629118662327,22.647,9.859,0.353,0.0,0,0,1,,1.0,2026-03-10T08:02:48.594695,neutral,0.473,2026-03-10T08:02:48.594695,0.627,2026-03-10T08:02:48.354000,60,,,
participant_05,1,day,Town10HD_Opt,2026-03-10T08:02:49.682413,45.36528778076172,35.221473693847656,0.0020535660441964,22.731,12.5,0.347,0.0,0,0,1,,0.829,2026-03-10T08:02:49.682413,neutral,0.473,2026-03-10T08:02:48.594695,0.627,2026-03-10T08:02:49.347000,59,,,
participant_05,1,day,Town10HD_Opt,2026-03-10T08:02:50.384538,46.54237747192383,32.85791015625,0.0020656585693359,22.664,17.746,0.348,0.0,0,0,1,,1.0,2026-03-10T08:02:50.384538,neutral,0.473,2026-03-10T08:02:48.594695,0.627,2026-03-10T08:02:50.380000,60,,,
participant_05,1,day,Town10HD_Opt,2026-03-10T08:02:51.698670,50.37522888183594,29.36826515197754,0.0020804977975785,22.505,19.639,0.346,0.0,0,0,1,,1.0,2026-03-10T08:02:51.698670,neutral,0.765,2026-03-10T08:02:51.698670,0.627,2026-03-10T08:02:51.325000,62,,,
participant_05,1,day,Town10HD_Opt,2026-03-10T08:02:52.428317,52.81125259399414,28.424354553222656,0.0020728684030473,22.496,16.992,0.332,0.0,0,0,1,,1.0,2026-03-10T08:02:52.428317,neutral,0.765,2026-03-10T08:02:51.698670,0.627,2026-03-10T08:02:52.314000,62,,,
participant_05,1,day,Town10HD_Opt,2026-03-10T08:02:53.432085,56.66613006591797,28.02574157714844,0.0020769499242305,22.03,7.549,0.296,0.0,0,0,1,,1.0,2026-03-10T08:02:53.432085,neutral,0.765,2026-03-10T08:02:51.698670,0.627,2026-03-10T08:02:53.350000,61,,,
participant_05,1,day,Town10HD_Opt,2026-03-10T08:02:54.464163,60.45914459228516,28.16245079040528,0.002069549402222,21.266,1.462,0.304,0.0,0,0,1,,1.0,2026-03-10T08:02:54.464163,neutral,0.755,2026-03-10T08:02:54.464163,0.627,2026-03-10T08:02:54.341000,61,,,
participant_05,1,day,Town10HD_Opt,2026-03-10T08:02:55.473382,64.1253433227539,28.36567115783692,0.0020631407387554,20.625,-0.146,0.178,0.0,0,0,1,,1.0,2026-03-10T08:02:55.473382,neutral,0.755,2026-03-10T08:02:54.464163,0.627,2026-03-10T08:02:55.330000,61,,,
participant_05,1,day,Town10HD_Opt,2026-03-10T08:02:56.478761,67.43842315673828,28.545223236083984,0.0019332122756168,16.764,-0.919,0.0,0.0,0,0,1,,1.0,2026-03-10T08:02:56.478761,sad,0.373,2026-03-10T08:02:56.478761,0.627,2026-03-10T08:02:56.321000,60,,,
participant_05,1,day,Town10HD_Opt,2026-03-10T08:02:57.426182,70.04975891113281,28.64433860778809,0.0020401000510901,12.874,-1.539,0.0,0.0,0,0,1,,1.0,2026-03-10T08:02:57.426182,sad,0.373,2026-03-10T08:02:56.478761,0.627,2026-03-10T08:02:57.355000,59,,,
participant_05,1,day,Town10HD_Opt,2026-03-10T08:02:58.428187,72.05577087402344,28.67764663696289,0.0020135878585278,10.038,-0.557,0.0,0.0,0,0,1,,0.851,2026-03-10T08:02:58.428187,sad,0.373,2026-03-10T08:02:56.478761,0.627,2026-03-10T08:02:58.345000,59,,,
participant_05,1,day,Town10HD_Opt,2026-03-10T08:02:59.678437,74.02596282958984,28.714542388916016,0.0019857024308294,6.954,-0.035,0.0,0.0,0,0,1,,0.884,2026-03-10T08:02:59.678437,neutral,0.726,2026-03-10T08:02:59.678437,0.627,2026-03-10T08:02:59.335000,58,,,
participant_05,1,day,Town10HD_Opt,2026-03-10T08:03:00.650653,75.10914611816406,28.73194122314453,0.0019702147692441,5.339,-0.357,0.0,0.0,0,0,1,,1.0,2026-03-10T08:03:00.650653,neutral,0.726,2026-03-10T08:02:59.678437,0.627,2026-03-10T08:03:00.325000,58,,,
participant_05,1,day,Town10HD_Opt,2026-03-10T08:03:01.593120,75.94076538085938,28.7434196472168,0.0019583129324018,4.099,-0.348,0.0,0.0,0,0,1,,1.0,2026-03-10T08:03:01.593120,neutral,0.726,2026-03-10T08:02:59.678437,0.627,2026-03-10T08:03:01.359000,58,,,
participant_05,1,day,Town10HD_Opt,2026-03-10T08:03:02.565747,76.57921600341797,28.75136375427246,0.0019492721185088,3.147,-0.336,0.0,0.0,0,0,1,,1.0,2026-03-10T08:03:02.565747,neutral,0.842,2026-03-10T08:03:02.565747,0.625,2026-03-10T08:03:02.350000,57,,,
participant_05,1,day,Town10HD_Opt,2026-03-10T08:03:03.534529,77.15167999267578,28.757789611816406,0.0018370436737313,4.339,-0.329,0.0,0.0,0,0,1,,0.875,2026-03-10T08:03:03.534529,neutral,0.842,2026-03-10T08:03:02.565747,0.624,2026-03-10T08:03:03.339000,58,,,
participant_05,1,day,Town10HD_Opt,2026-03-10T08:03:04.441576,77.8431167602539,28.76495742797852,0.001946868840605,3.432,-0.32,0.0,0.0,0,0,1,,1.0,2026-03-10T08:03:04.441576,neutral,0.842,2026-03-10T08:03:02.565747,0.625,2026-03-10T08:03:04.330000,59,,,
participant_05,1,day,Town10HD_Opt,2026-03-10T08:03:05.644227,78.52619171142578,28.77118682861328,0.0019421767210587,2.413,-0.317,0.0,0.0,0,0,1,,0.849,2026-03-10T08:03:05.644227,neutral,0.83,2026-03-10T08:03:05.644227,0.627,2026-03-10T08:03:05.319000,58,,,
participant_05,1,day,Town10HD_Opt,2026-03-10T08:03:06.541323,78.9016342163086,28.774253845214844,0.0019367599161341,1.852,-0.317,0.0,0.0,0,0,1,,0.871,2026-03-10T08:03:06.541323,neutral,0.83,2026-03-10T08:03:05.644227,0.629,2026-03-10T08:03:06.355000,57,,,
participant_05,1,day,Town10HD_Opt,2026-03-10T08:03:07.447301,79.18978118896484,28.77644157409668,0.0019327925983816,1.422,-0.31,0.0,0.0,0,0,1,,1.0,2026-03-10T08:03:07.447301,neutral,0.83,2026-03-10T08:03:05.644227,0.648,2026-03-10T08:03:07.345000,56,,,
participant_05,1,day,Town10HD_Opt,2026-03-10T08:03:08.662288,79.47258758544922,28.7784423828125,0.0019287872128188,1.0,-0.308,0.0,0.0,0,0,1,,0.869,2026-03-10T08:03:08.662288,neutral,0.827,2026-03-10T08:03:08.662288,0.668,2026-03-10T08:03:08.337000,55,,,
participant_05,1,day,Town10HD_Opt,2026-03-10T08:03:09.584542,79.62799072265625,28.779491424560547,0.0019263076828792,0.77,-0.301,0.0,0.0,0,0,1,,0.83,2026-03-10T08:03:09.584542,neutral,0.827,2026-03-10T08:03:08.662288,0.697,2026-03-10T08:03:09.325000,54,,,
participant_05,1,day,Town10HD_Opt,2026-03-10T08:03:10.503647,79.97071075439453,28.78201103210449,0.0015849685296416,7.56,-0.101,1.0,0.0,0,0,1,,1.0,2026-03-10T08:03:10.503647,neutral,0.827,2026-03-10T08:03:08.662288,0.728,2026-03-10T08:03:10.315000,53,,,
participant_05,1,day,Town10HD_Opt,2026-03-10T08:03:11.501816,82.56139373779297,28.83832550048828,0.0017279434250667,22.134,8.215,1.0,0.0,0,0,1,,1.0,2026-03-10T08:03:11.501816,neutral,0.907,2026-03-10T08:03:11.501816,0.758,2026-03-10T08:03:11.350000,52,,,
participant_05,1,day,Town10HD_Opt,2026-03-10T08:03:12.532152,87.69185638427734,29.42236518859864,0.0015133285196498,38.4,-5.215,1.0,0.0,0,0,1,,1.0,2026-03-10T08:03:12.532152,neutral,0.907,2026-03-10T08:03:11.501816,0.79,2026-03-10T08:03:12.431000,52,,,
participant_05,1,day,Town10HD_Opt,2026-03-10T08:03:13.593618,95.45993041992188,28.97116470336914,0.0016038893954828,51.878,-14.55,0.0,0.188,0,0,1,,1.0,2026-03-10T08:03:13.593618,neutral,0.519,2026-03-10T08:03:13.593618,0.822,2026-03-10T08:03:13.375000,51,,,
participant_05,1,day,Town10HD_Opt,2026-03-10T08:03:14.635781,102.9120864868164,24.66886711120605,0.0021072386298328,48.223,-11.617,0.558,0.0,0,0,1,,1.0,2026-03-10T08:03:14.635781,neutral,0.519,2026-03-10T08:03:13.593618,0.851,2026-03-10T08:03:14.320000,51,,,
participant_05,1,day,Town10HD_Opt,2026-03-10T08:03:15.387686,106.17214965820312,19.95147132873535,0.0020102690905332,49.757,-11.13,0.464,0.0,0,0,1,,0.921,2026-03-10T08:03:15.387686,neutral,0.519,2026-03-10T08:03:13.593618,0.879,2026-03-10T08:03:15.355000,52,,,
participant_05,1,day,Town10HD_Opt,2026-03-10T08:03:16.678755,108.34759521484376,8.73996639251709,0.0019024276407435,51.681,1.159,0.0,0.168,0,0,1,,1.0,2026-03-10T08:03:16.678755,neutral,0.461,2026-03-10T08:03:16.678755,0.908,2026-03-10T08:03:16.345000,52,,,
participant_05,1,day,Town10HD_Opt,2026-03-10T08:03:17.675673,108.57662200927734,0.075200080871582,0.002024688757956,49.306,-0.251,0.624,0.0,0,0,1,,1.0,2026-03-10T08:03:17.675673,neutral,0.461,2026-03-10T08:03:16.678755,0.919,2026-03-10T08:03:17.334000,52,,,
participant_05,1,day,Town10HD_Opt,2026-03-10T08:03:18.592481,108.76920318603516,-8.641064643859863,0.0021161651238799,48.942,-0.486,0.604,0.0,0,0,1,,1.0,2026-03-10T08:03:18.592481,neutral,0.461,2026-03-10T08:03:16.678755,0.929,2026-03-10T08:03:18.328000,52,,,
participant_05,1,day,Town10HD_Opt,2026-03-10T08:03:19.593306,108.7771453857422,-17.371681213378906,0.0020573425572365,49.566,-1.387,0.582,0.0,0,0,1,,0.817,2026-03-10T08:03:19.593306,neutral,0.687,2026-03-10T08:03:19.593306,0.931,2026-03-10T08:03:19.315000,52,,,
participant_05,1,day,Town10HD_Opt,2026-03-10T08:03:20.578362,108.19541931152344,-26.02345848083496,0.0020041274838149,50.175,-4.192,0.564,0.0,0,0,1,,0.828,2026-03-10T08:03:20.578362,neutral,0.687,2026-03-10T08:03:19.593306,0.93,2026-03-10T08:03:20.351000,53,,,
participant_05,1,day,Town10HD_Opt,2026-03-10T08:03:21.511848,106.27806091308594,-34.53573226928711,0.0020488738082349,49.762,-4.636,0.564,0.0,0,0,1,,0.859,2026-03-10T08:03:21.511848,neutral,0.687,2026-03-10T08:03:19.593306,0.93,2026-03-10T08:03:21.340000,54,,,
participant_05,1,day,Town10HD_Opt,2026-03-10T08:03:22.485232,102.77999877929688,-42.55366516113281,0.00211784359999,48.859,-4.87,0.564,0.0,0,0,1,,0.92,2026-03-10T08:03:22.485232,happy,0.854,2026-03-10T08:03:22.485232,0.93,2026-03-10T08:03:22.330000,55,,,
participant_05,1,day,Town10HD_Opt,2026-03-10T08:03:23.431022,97.8637466430664,-49.60496139526367,0.0019954680465161,49.952,-4.676,0.564,0.0,0,0,1,,0.832,2026-03-10T08:03:23.431022,happy,0.854,2026-03-10T08:03:22.485232,0.93,2026-03-10T08:03:23.319000,57,,,
participant_05,1,day,Town10HD_Opt,2026-03-10T08:03:24.382235,91.59890747070312,-55.66450119018555,0.0021249006967991,48.819,-4.997,0.564,0.0,0,0,1,,1.0,2026-03-10T08:03:24.382235,happy,0.854,2026-03-10T08:03:22.485232,0.93,2026-03-10T08:03:24.355000,57,,,
participant_05,1,day,Town10HD_Opt,2026-03-10T08:03:25.602104,81.67268371582031,-61.5716667175293,0.0019953155424445,50.542,-4.386,0.0,0.0,0,0,1,,0.84,2026-03-10T08:03:25.602104,fear,0.936,2026-03-10T08:03:25.602104,0.96,2026-03-10T08:03:25.345000,56,,,
participant_05,1,day,Town10HD_Opt,2026-03-10T08:03:26.589000,73.58405303955078,-64.3025894165039,0.0020399475470185,48.763,-4.395,0.564,0.0,0,0,1,,1.0,2026-03-10T08:03:26.589000,fear,0.936,2026-03-10T08:03:25.602104,0.993,2026-03-10T08:03:26.336000,55,,,
participant_05,1,day,Town10HD_Opt,2026-03-10T08:03:27.549308,65.22098541259766,-65.64945220947266,0.0021761320531368,46.261,-0.914,0.256,0.0,0,0,1,,1.0,2026-03-10T08:03:27.549308,fear,0.936,2026-03-10T08:03:25.602104,1.0,2026-03-10T08:03:27.326000,54,,,
participant_05,1,day,Town10HD_Opt,2026-03-10T08:03:28.481290,57.57945251464844,-66.35150909423828,0.0022059248294681,40.831,-1.201,0.255,0.0,0,0,1,,1.0,2026-03-10T08:03:28.481290,neutral,0.784,2026-03-10T08:03:28.481290,1.0,2026-03-10T08:03:28.316000,54,,,
participant_05,1,day,Town10HD_Opt,2026-03-10T08:03:29.438102,50.71516799926758,-66.78313446044922,0.0021188354585319,38.057,-0.707,0.432,0.0,0,0,1,,0.804,2026-03-10T08:03:29.438102,neutral,0.784,2026-03-10T08:03:28.481290,1.0,2026-03-10T08:03:29.350000,53,,,
participant_05,1,day,Town10HD_Opt,2026-03-10T08:03:30.476771,44.07003402709961,-67.02397918701172,0.0020479201339185,37.948,-0.649,0.424,0.0,0,0,1,,0.854,2026-03-10T08:03:30.476771,neutral,0.784,2026-03-10T08:03:28.481290,1.0,2026-03-10T08:03:30.340000,53,,,
participant_05,1,day,Town10HD_Opt,2026-03-10T08:03:31.405373,37.4394760131836,-67.12834930419922,0.0020472717005759,37.819,-0.291,0.421,0.0,0,0,1,,1.0,2026-03-10T08:03:31.405373,happy,0.964,2026-03-10T08:03:31.405373,1.0,2026-03-10T08:03:31.330000,53,,,
participant_05,1,day,Town10HD_Opt,2026-03-10T08:03:32.412917,30.834306716918945,-67.16746520996094,0.0020486831199377,37.645,0.009,0.419,0.0,0,0,1,,1.0,2026-03-10T08:03:32.412917,happy,0.964,2026-03-10T08:03:31.405373,1.0,2026-03-10T08:03:32.319000,52,,,
participant_05,1,day,Town10HD_Opt,2026-03-10T08:03:33.637657,22.081689834594727,-67.24066162109375,0.0020502852275967,37.336,0.371,0.415,0.0,0,0,1,,1.0,2026-03-10T08:03:33.637657,happy,0.662,2026-03-10T08:03:33.637657,1.0,2026-03-10T08:03:33.355000,52,,,
participant_05,1,day,Town10HD_Opt,2026-03-10T08:03:34.581973,15.566974639892578,-67.36457824707031,0.002052154392004,37.051,0.139,0.164,0.0,0,0,1,,1.0,2026-03-10T08:03:34.581973,happy,0.662,2026-03-10T08:03:33.637657,1.0,2026-03-10T08:03:34.345000,52,,,
participant_05,1,day,Town10HD_Opt,2026-03-10T08:03:35.530400,9.558760643005373,-67.50697326660156,0.0022887038066983,30.541,0.268,0.0,0.0,0,0,1,,1.0,2026-03-10T08:03:35.530400,happy,0.662,2026-03-10T08:03:33.637657,1.0,2026-03-10T08:03:35.335000,51,,,
participant_05,1,day,Town10HD_Opt,2026-03-10T08:03:36.526128,4.878981113433838,-67.64718627929688,0.0022704696748405,22.573,0.052,0.0,0.0,0,0,1,,1.0,2026-03-10T08:03:36.526128,happy,0.997,2026-03-10T08:03:36.526128,1.0,2026-03-10T08:03:36.325000,51,,,
participant_05,1,day,Town10HD_Opt,2026-03-10T08:03:37.585351,1.3478810787200928,-67.75773620605469,0.0019998168572783,17.398,0.052,0.0,0.0,0,0,1,,0.839,2026-03-10T08:03:37.585351,happy,0.997,2026-03-10T08:03:36.526128,1.0,2026-03-10T08:03:37.362000,51,,,
participant_05,1,day,Town10HD_Opt,2026-03-10T08:03:38.514722,-1.3693139553070068,-67.84608459472656,0.0020433806348592,13.599,-0.002,0.0,0.0,0,0,1,,1.0,2026-03-10T08:03:38.514722,happy,0.997,2026-03-10T08:03:36.526128,1.0,2026-03-10T08:03:38.350000,51,,,
participant_05,1,day,Town10HD_Opt,2026-03-10T08:03:39.448148,-3.4603590965271,-67.91277313232422,0.0020116043742746,10.411,-0.087,0.0,0.0,0,0,1,,0.913,2026-03-10T08:03:39.448148,fear,0.504,2026-03-10T08:03:39.448148,1.0,2026-03-10T08:03:39.341000,51,,,
participant_05,1,day,Town10HD_Opt,2026-03-10T08:03:40.617638,-5.519924640655518,-67.97600555419922,0.0019909667316824,7.189,-0.089,0.019,0.0,0,0,1,,1.0,2026-03-10T08:03:40.617638,fear,0.504,2026-03-10T08:03:39.448148,1.0,2026-03-10T08:03:40.330000,51,,,
participant_05,1,day,Town10HD_Opt,2026-03-10T08:03:41.525064,-6.638125419616699,-68.00936126708984,0.0019710920751094,5.525,-0.139,0.036,0.0,0,0,1,,0.811,2026-03-10T08:03:41.525064,happy,0.961,2026-03-10T08:03:41.525064,1.0,2026-03-10T08:03:41.320000,51,,,
participant_05,1,day,Town10HD_Opt,2026-03-10T08:03:42.453237,-7.494688510894775,-68.03385925292969,0.001962661743164,4.167,-0.258,0.036,0.0,0,0,1,,1.0,2026-03-10T08:03:42.453237,happy,0.961,2026-03-10T08:03:41.525064,1.0,2026-03-10T08:03:42.355000,51,,,
participant_05,1,day,Town10HD_Opt,2026-03-10T08:03:43.431014,-8.140527725219727,-68.05061340332031,0.001948699937202,3.191,-0.533,0.036,0.0,0,0,1,,0.862,2026-03-10T08:03:43.431014,happy,0.961,2026-03-10T08:03:41.525064,1.0,2026-03-10T08:03:43.346000,51,,,
participant_05,1,day,Town10HD_Opt,2026-03-10T08:03:44.652583,-8.766295433044434,-68.06407928466797,0.0019414138514548,2.151,-0.712,0.089,0.0,0,0,1,,0.871,2026-03-10T08:03:44.652583,happy,0.596,2026-03-10T08:03:44.652583,1.0,2026-03-10T08:03:44.335000,51,,,
participant_05,1,day,Town10HD_Opt,2026-03-10T08:03:45.619750,-9.171914100646973,-68.07168579101562,0.0019037628080695,2.511,-0.712,0.12,0.0,0,0,1,,0.837,2026-03-10T08:03:45.619750,happy,0.596,2026-03-10T08:03:44.652583,1.0,2026-03-10T08:03:45.326000,50,,,
participant_05,1,day,Town10HD_Opt,2026-03-10T08:03:46.539746,-9.676761627197266,-68.08058166503906,0.0019064712105318,3.011,-0.712,0.119,0.0,0,0,1,,1.0,2026-03-10T08:03:46.539746,happy,0.596,2026-03-10T08:03:44.652583,1.0,2026-03-10T08:03:46.361000,51,,,
participant_05,1,day,Town10HD_Opt,2026-03-10T08:03:47.478328,-10.258275985717772,-68.08938598632812,0.001907997066155,3.415,-0.712,0.113,0.0,0,0,1,,0.899,2026-03-10T08:03:47.478328,happy,0.9,2026-03-10T08:03:47.478328,1.0,2026-03-10T08:03:47.351000,52,,,
participant_05,1,day,Town10HD_Opt,2026-03-10T08:03:48.413726,-10.900726318359377,-68.09757995605469,0.0019109344575554,3.701,-0.705,0.113,0.0,0,0,1,,1.0,2026-03-10T08:03:48.413726,happy,0.9,2026-03-10T08:03:47.478328,1.0,2026-03-10T08:03:48.340000,52,,,
participant_05,1,day,Town10HD_Opt,2026-03-10T08:03:49.586541,-11.834457397460938,-68.10665130615234,0.0019126128172501,4.059,-0.698,0.04,0.0,0,0,1,,0.865,2026-03-10T08:03:49.586541,happy,0.835,2026-03-10T08:03:49.586541,1.0,2026-03-10T08:03:49.330000,53,,,
participant_05,1,day,Town10HD_Opt,2026-03-10T08:03:50.483385,-12.542856216430664,-68.1111831665039,0.0019454192370176,3.608,-0.667,0.0,0.0,0,0,1,,0.865,2026-03-10T08:03:50.483385,happy,0.835,2026-03-10T08:03:49.586541,1.0,2026-03-10T08:03:50.365000,53,,,
participant_05,1,day,Town10HD_Opt,2026-03-10T08:03:51.661837,-13.262110710144045,-68.11373138427734,0.0019435118883848,2.536,-0.66,0.0,0.0,0,0,1,,0.813,2026-03-10T08:03:51.661837,happy,0.947,2026-03-10T08:03:51.661837,1.0,2026-03-10T08:03:51.355000,53,,,
participant_05,1,day,Town10HD_Opt,2026-03-10T08:03:52.599274,-13.675655364990234,-68.11425018310547,0.0018442535074427,3.41,-0.656,0.758,0.0,0,0,1,,0.853,2026-03-10T08:03:52.599274,happy,0.947,2026-03-10T08:03:51.661837,1.0,2026-03-10T08:03:52.345000,53,,,
participant_05,1,day,Town10HD_Opt,2026-03-10T08:03:53.460584,-15.409768104553224,-68.11275482177734,0.0014266967773437,18.206,-0.573,0.989,0.0,0,0,1,,0.81,2026-03-10T08:03:53.460584,happy,0.947,2026-03-10T08:03:51.661837,1.0,2026-03-10T08:03:53.335000,52,,,
participant_05,1,day,Town10HD_Opt,2026-03-10T08:03:54.412230,-19.122377395629883,-68.08562469482422,0.0020243453327566,21.45,-0.063,0.0,0.0,0,0,1,,0.921,2026-03-10T08:03:54.412230,happy,0.795,2026-03-10T08:03:54.412230,1.0,2026-03-10T08:03:54.326000,51,,,
participant_05,1,day,Town10HD_Opt,2026-03-10T08:03:55.652797,-23.592227935791016,-68.04346466064453,0.0020182800944894,19.303,-0.054,0.648,0.0,0,0,1,,1.0,2026-03-10T08:03:55.652797,happy,0.795,2026-03-10T08:03:54.412230,1.0,2026-03-10T08:03:55.360000,51,,,
participant_05,1,day,Town10HD_Opt,2026-03-10T08:03:56.593595,-27.69758033752441,-68.01014709472656,0.0016342544695362,30.371,0.263,0.823,0.0,0,0,1,,1.0,2026-03-10T08:03:56.593595,happy,0.998,2026-03-10T08:03:56.593595,1.0,2026-03-10T08:03:56.350000,50,,,
participant_05,1,day,Town10HD_Opt,2026-03-10T08:03:57.604522,-33.8756103515625,-67.99497985839844,0.0017481230897828,40.138,0.115,0.699,0.0,0,0,1,,1.0,2026-03-10T08:03:57.604522,happy,0.998,2026-03-10T08:03:56.593595,1.0,2026-03-10T08:03:57.340000,50,,,
participant_05,1,day,Town10HD_Opt,2026-03-10T08:03:58.438691,-38.757774353027344,-67.99835205078125,0.0018659209599718,43.35,-0.204,0.33,0.0,0,0,1,,1.0,2026-03-10T08:03:58.438691,happy,0.998,2026-03-10T08:03:56.593595,1.0,2026-03-10T08:03:58.330000,50,,,
participant_05,1,day,Town10HD_Opt,2026-03-10T08:03:59.437001,-46.14186477661133,-67.9469223022461,0.0024137496948242,40.351,-0.465,0.3,0.0,0,0,1,,1.0,2026-03-10T08:03:59.437001,happy,0.892,2026-03-10T08:03:59.437001,1.0,2026-03-10T08:03:59.366000,51,,,
participant_05,1,day,Town10HD_Opt,2026-03-10T08:04:00.460632,-52.9462890625,-67.78623962402344,0.0020822905935347,37.759,-1.295,0.643,0.0,0,0,1,,1.0,2026-03-10T08:04:00.460632,happy,0.892,2026-03-10T08:03:59.437001,1.0,2026-03-10T08:04:00.356000,51,,,
participant_05,1,day,Town10HD_Opt,2026-03-10T08:04:01.412883,-60.06450653076172,-67.3161849975586,0.001769027672708,44.954,-1.723,0.807,0.0,0,0,1,,1.0,2026-03-10T08:04:01.412883,happy,0.892,2026-03-10T08:03:59.437001,1.0,2026-03-10T08:04:01.345000,50,,,
participant_05,1,day,Town10HD_Opt,2026-03-10T08:04:02.698373,-71.42486572265625,-65.839111328125,0.0021721648517996,48.41,-2.546,0.716,0.0,0,0,1,,1.0,2026-03-10T08:04:02.698373,neutral,0.48,2026-03-10T08:04:02.698373,0.998,2026-03-10T08:04:02.425000,51,,,
participant_05,1,day,Town10HD_Opt,2026-03-10T08:04:03.631527,-79.88988494873047,-63.8813591003418,0.0021277999039739,48.759,-3.891,0.693,0.0,0,0,1,,1.0,2026-03-10T08:04:03.631527,neutral,0.48,2026-03-10T08:04:02.698373,0.976,2026-03-10T08:04:03.370000,53,,,
participant_05,1,day,Town10HD_Opt,2026-03-10T08:04:04.578526,-87.94281005859375,-60.6234245300293,0.0020615386310964,49.433,-5.233,0.691,0.0,0,0,1,,1.0,2026-03-10T08:04:04.578526,neutral,0.48,2026-03-10T08:04:02.698373,0.953,2026-03-10T08:04:04.360000,54,,,
participant_05,1,day,Town10HD_Opt,2026-03-10T08:04:05.520761,-95.17510223388672,-55.741336822509766,0.0020763778593391,49.291,-6.518,0.691,0.0,0,0,1,,1.0,2026-03-10T08:04:05.520761,neutral,0.593,2026-03-10T08:04:05.520761,0.929,2026-03-10T08:04:05.350000,54,,,
participant_05,1,day,Town10HD_Opt,2026-03-10T08:04:06.474778,-100.9117202758789,-49.2685775756836,0.0019522857619449,50.874,-4.681,0.0,0.0,0,0,1,,1.0,2026-03-10T08:04:06.474778,neutral,0.593,2026-03-10T08:04:05.520761,0.907,2026-03-10T08:04:06.340000,55,,,
participant_05,1,day,Town10HD_Opt,2026-03-10T08:04:07.437451,-105.33063507080078,-41.80608749389648,0.0019440460018813,50.962,-4.011,0.0,0.0,0,0,1,,0.852,2026-03-10T08:04:07.437451,neutral,0.593,2026-03-10T08:04:05.520761,0.884,2026-03-10T08:04:07.331000,55,,,
participant_05,1,day,Town10HD_Opt,2026-03-10T08:04:08.450755,-108.52407836914062,-33.7828483581543,0.0020586394239217,48.25,-4.282,0.0,0.0,0,0,1,,1.0,2026-03-10T08:04:08.450755,happy,0.844,2026-03-10T08:04:08.450755,0.854,2026-03-10T08:04:08.365000,54,,,
participant_05,1,day,Town10HD_Opt,2026-03-10T08:04:09.688811,-110.36384582519533,-24.01170539855957,0.0022419355809688,38.216,-3.587,0.707,0.0,0,0,1,,1.0,2026-03-10T08:04:09.688811,happy,0.844,2026-03-10T08:04:08.450755,0.824,2026-03-10T08:04:09.357000,53,,,
participant_05,1,day,Town10HD_Opt,2026-03-10T08:04:10.655203,-110.5751953125,-17.4124813079834,0.0022779083810746,33.948,-1.431,0.0,0.321,0,0,1,,0.808,2026-03-10T08:04:10.655203,happy,0.893,2026-03-10T08:04:10.655203,0.8,2026-03-10T08:04:10.346000,53,,,
participant_05,1,day,Town10HD_Opt,2026-03-10T08:04:11.615502,-110.47809600830078,-12.282804489135742,0.0023568724282085,24.037,-1.102,0.0,0.365,0,0,1,,1.0,2026-03-10T08:04:11.615502,happy,0.893,2026-03-10T08:04:10.655203,0.774,2026-03-10T08:04:11.380000,52,,,
participant_05,1,day,Town10HD_Opt,2026-03-10T08:04:12.610743,-110.3434066772461,-8.761348724365234,0.002061576815322,15.828,0.456,0.0,0.398,0,0,1,,1.0,2026-03-10T08:04:12.610743,happy,0.893,2026-03-10T08:04:10.655203,0.749,2026-03-10T08:04:12.325000,52,,,
participant_05,1,day,Town10HD_Opt,2026-03-10T08:04:13.553288,-110.27474975585938,-6.52786922454834,0.002130584558472,9.153,0.822,0.0,0.518,0,0,1,,1.0,2026-03-10T08:04:13.553288,happy,0.987,2026-03-10T08:04:13.553288,0.726,2026-03-10T08:04:13.360000,54,,,
participant_05,1,day,Town10HD_Opt,2026-03-10T08:04:14.585995,-110.25505828857422,-5.660825252532959,0.0022549056448042,0.001,0.813,0.0,0.438,0,0,1,,1.0,2026-03-10T08:04:14.585995,happy,0.987,2026-03-10T08:04:13.553288,0.703,2026-03-10T08:04:14.351000,54,,,
participant_05,1,day,Town10HD_Opt,2026-03-10T08:04:15.616596,-110.25505828857422,-5.659788608551025,0.0019292831420898,0.002,0.55,0.0,0.0,0,0,1,,0.802,2026-03-10T08:04:15.616596,happy,0.997,2026-03-10T08:04:15.616596,0.682,2026-03-10T08:04:15.341000,53,,,
participant_05,1,day,Town10HD_Opt,2026-03-10T08:04:16.525900,-110.25505828857422,-5.659661769866943,0.0019193267216905,0.006,0.498,0.0,0.0,0,0,1,,1.0,2026-03-10T08:04:16.525900,happy,0.997,2026-03-10T08:04:15.616596,0.673,2026-03-10T08:04:16.420000,53,,,
participant_05,1,day,Town10HD_Opt,2026-03-10T08:04:17.459442,-110.25505828857422,-5.65972375869751,0.0019189071608707,0.007,0.496,0.0,0.0,0,0,1,,1.0,2026-03-10T08:04:17.459442,happy,0.997,2026-03-10T08:04:15.616596,0.665,2026-03-10T08:04:17.365000,53,,,
participant_05,1,day,Town10HD_Opt,2026-03-10T08:04:18.404039,-110.25505828857422,-5.659590244293213,0.0019191360333934,0.002,0.47,0.0,0.0,0,0,1,,1.0,2026-03-10T08:04:18.404039,happy,0.988,2026-03-10T08:04:18.404039,0.666,2026-03-10T08:04:18.356000,53,,,
participant_05,1,day,Town10HD_Opt,2026-03-10T08:04:19.588717,-110.25505828857422,-5.659509658813477,0.0019190596649423,0.002,0.451,0.0,0.0,0,0,1,,1.0,2026-03-10T08:04:19.588717,happy,0.988,2026-03-10T08:04:18.404039,0.666,2026-03-10T08:04:19.345000,53,,,
participant_05,1,day,Town10HD_Opt,2026-03-10T08:04:20.472992,-110.25505828857422,-5.65930700302124,0.0019192504696547,0.001,0.439,0.0,0.0,0,0,1,,0.857,2026-03-10T08:04:20.472992,happy,1.0,2026-03-10T08:04:20.472992,0.669,2026-03-10T08:04:20.335000,54,,,
participant_05,1,day,Town10HD_Opt,2026-03-10T08:04:21.381374,-110.25505828857422,-5.659255027770996,0.0019189452286809,0.006,0.418,0.0,0.0,0,0,1,,1.0,2026-03-10T08:04:21.381374,happy,1.0,2026-03-10T08:04:20.472992,0.674,2026-03-10T08:04:21.326000,56,,,
participant_05,1,day,Town10HD_Opt,2026-03-10T08:04:22.634457,-110.25505828857422,-5.659154415130615,0.0019189834129065,0.006,0.414,0.0,0.0,0,0,1,,1.0,2026-03-10T08:04:22.634457,happy,1.0,2026-03-10T08:04:22.634457,0.674,2026-03-10T08:04:22.406000,56,,,
participant_05,1,day,Town10HD_Opt,2026-03-10T08:04:23.529619,-110.25505828857422,-5.659208297729492,0.0019187545403838,0.006,0.414,0.0,0.0,0,0,1,,1.0,2026-03-10T08:04:23.529619,happy,1.0,2026-03-10T08:04:22.634457,0.677,2026-03-10T08:04:23.351000,55,,,
participant_05,1,day,Town10HD_Opt,2026-03-10T08:04:24.459434,-110.25505828857422,-5.659183025360107,0.0019190596649423,0.002,0.414,0.0,0.0,0,0,1,,1.0,2026-03-10T08:04:24.459434,happy,1.0,2026-03-10T08:04:22.634457,0.677,2026-03-10T08:04:24.340000,54,,,
participant_05,1,day,Town10HD_Opt,2026-03-10T08:04:25.608546,-110.25505828857422,-5.6591010093688965,0.0019190596649423,0.002,0.416,0.0,0.0,0,0,1,,1.0,2026-03-10T08:04:25.608546,happy,0.959,2026-03-10T08:04:25.608546,0.676,2026-03-10T08:04:25.330000,53,,,
participant_05,1,day,Town10HD_Opt,2026-03-10T08:04:26.565329,-110.25505828857422,-5.658924579620361,0.0019192122854292,0.001,0.432,0.0,0.0,0,0,1,,0.847,2026-03-10T08:04:26.565329,happy,0.959,2026-03-10T08:04:25.608546,0.669,2026-03-10T08:04:26.365000,52,,,
participant_05,1,day,Town10HD_Opt,2026-03-10T08:04:27.520289,-110.25505828857422,-5.658753395080566,0.0019189834129065,0.006,0.442,0.0,0.0,0,0,1,,1.0,2026-03-10T08:04:27.520289,happy,0.959,2026-03-10T08:04:25.608546,0.661,2026-03-10T08:04:27.355000,52,,,
participant_05,1,day,Town10HD_Opt,2026-03-10T08:04:28.458987,-110.25505828857422,-5.6588006019592285,0.0019188689766451,0.006,0.451,0.0,0.0,0,0,1,,1.0,2026-03-10T08:04:28.458987,happy,0.999,2026-03-10T08:04:28.458987,0.65,2026-03-10T08:04:28.345000,53,,,
participant_05,1,day,Town10HD_Opt,2026-03-10T08:04:29.444768,-110.25505828857422,-5.658851146697998,0.001919021597132,0.007,0.461,0.0,0.0,0,0,1,,1.0,2026-03-10T08:04:29.444768,happy,0.999,2026-03-10T08:04:28.458987,0.639,2026-03-10T08:04:29.335000,53,,,
participant_05,1,day,Town10HD_Opt,2026-03-10T08:04:30.631531,-110.25505828857422,-5.658766746520996,0.001919021597132,0.006,0.465,0.0,0.0,0,0,1,,1.0,2026-03-10T08:04:30.631531,happy,0.999,2026-03-10T08:04:30.631531,0.629,2026-03-10T08:04:30.371000,53,,,
participant_05,1,day,Town10HD_Opt,2026-03-10T08:04:31.522092,-110.25505828857422,-5.658608436584473,0.0019191360333934,0.002,0.493,0.0,0.0,0,0,1,,1.0,2026-03-10T08:04:31.522092,happy,0.999,2026-03-10T08:04:30.631531,0.62,2026-03-10T08:04:31.360000,53,,,
participant_05,1,day,Town10HD_Opt,2026-03-10T08:04:32.452599,-110.25505828857422,-5.658393859863281,0.0019192504696547,0.001,0.512,0.0,0.0,0,0,1,,1.0,2026-03-10T08:04:32.452599,happy,0.999,2026-03-10T08:04:30.631531,0.614,2026-03-10T08:04:32.351000,54,,,
participant_05,1,day,Town10HD_Opt,2026-03-10T08:04:33.600141,-110.25505828857422,-5.65831995010376,0.0019192122854292,0.001,0.545,0.0,0.0,0,0,1,,1.0,2026-03-10T08:04:33.600141,happy,1.0,2026-03-10T08:04:33.600141,0.604,2026-03-10T08:04:33.340000,53,,,
participant_05,1,day,Town10HD_Opt,2026-03-10T08:04:34.500590,-110.2476806640625,-5.312868595123291,0.0015231703873723,8.652,0.634,1.0,0.0,0,0,1,,0.823,2026-03-10T08:04:34.500590,happy,1.0,2026-03-10T08:04:33.600141,0.592,2026-03-10T08:04:34.330000,53,Solid line crossing,Solid line crossing,
participant_05,1,day,Town10HD_Opt,2026-03-10T08:04:35.422388,-110.20185089111328,-2.5754361152648926,0.0017347335815429,22.65,0.63,0.928,0.0,0,0,1,,0.826,2026-03-10T08:04:35.422388,happy,1.0,2026-03-10T08:04:33.600141,0.585,2026-03-10T08:04:35.321000,52,,,
participant_05,1,day,Town10HD_Opt,2026-03-10T08:04:36.421522,-110.17318725585938,2.386988401412964,0.0017052459297701,34.823,-0.268,0.621,0.0,0,0,1,,1.0,2026-03-10T08:04:36.421522,happy,0.934,2026-03-10T08:04:36.421522,0.576,2026-03-10T08:04:36.356000,53,,,
participant_05,1,day,Town10HD_Opt,2026-03-10T08:04:37.428958,-109.99954986572266,8.7738618850708,0.0020034408662468,38.222,-8.039,0.365,0.0,0,0,1,,1.0,2026-03-10T08:04:37.428958,happy,0.934,2026-03-10T08:04:36.421522,0.568,2026-03-10T08:04:37.345000,54,,,
participant_05,1,day,Town10HD_Opt,2026-03-10T08:04:38.403556,-108.4818344116211,15.091191291809082,0.0020991514902561,35.868,-10.072,0.019,0.0,0,0,1,,1.0,2026-03-10T08:04:38.403556,happy,0.934,2026-03-10T08:04:36.421522,0.561,2026-03-10T08:04:38.335000,54,,,
participant_05,1,day,Town10HD_Opt,2026-03-10T08:04:39.395166,-105.63996887207033,19.89335823059082,0.0023130034096539,27.671,-10.855,0.0,0.0,0,0,1,,1.0,2026-03-10T08:04:39.395166,happy,0.999,2026-03-10T08:04:39.395166,0.554,2026-03-10T08:04:39.326000,56,,,
participant_05,1,day,Town10HD_Opt,2026-03-10T08:04:40.427858,-102.50980377197266,22.74814414978028,0.0022880553733557,20.673,-16.443,0.0,0.0,0,0,1,,1.0,2026-03-10T08:04:40.427858,happy,0.999,2026-03-10T08:04:39.395166,0.546,2026-03-10T08:04:40.360000,56,,,
participant_05,1,day,Town10HD_Opt,2026-03-10T08:04:41.484641,-99.22981262207033,24.265024185180664,0.0017814254388213,25.349,-9.631,0.825,0.0,0,0,1,,1.0,2026-03-10T08:04:41.484641,neutral,0.77,2026-03-10T08:04:41.484641,0.537,2026-03-10T08:04:41.351000,56,,,
participant_05,1,day,Town10HD_Opt,2026-03-10T08:04:42.551948,-94.43848419189452,25.707902908325195,0.0020019530784338,29.266,2.193,0.091,0.0,0,0,1,,1.0,2026-03-10T08:04:42.551948,neutral,0.77,2026-03-10T08:04:41.484641,0.528,2026-03-10T08:04:42.341000,56,,,
participant_05,1,day,Town10HD_Opt,2026-03-10T08:04:43.545616,-90.01374816894531,27.19394302368164,0.0022476576268672,23.168,-2.546,0.0,0.0,0,0,1,,1.0,2026-03-10T08:04:43.545616,sad,0.561,2026-03-10T08:04:43.545616,0.521,2026-03-10T08:04:43.331000,56,,,
participant_05,1,day,Town10HD_Opt,2026-03-10T08:04:44.632699,-86.59187316894531,28.17535781860352,0.0020419692154973,17.705,-6.388,0.109,0.0,0,0,1,,1.0,2026-03-10T08:04:44.632699,sad,0.561,2026-03-10T08:04:43.545616,0.517,2026-03-10T08:04:44.320000,58,,,errors=Solid line crossing
participant_05,1,day,Town10HD_Opt,2026-03-10T08:04:45.651791,-83.72942352294922,28.57976531982422,0.0020018385257571,15.112,-10.348,0.101,0.0,0,0,1,,0.801,2026-03-10T08:04:45.651791,happy,0.784,2026-03-10T08:04:45.651791,0.51,2026-03-10T08:04:45.355000,62,,,
participant_05,1,day,Town10HD_Opt,2026-03-10T08:04:46.404378,-82.04656982421875,28.612079620361328,0.0020237730350345,13.38,-7.33,0.0,0.0,0,0,1,,1.0,2026-03-10T08:04:46.404378,happy,0.784,2026-03-10T08:04:45.651791,0.51,2026-03-10T08:04:46.345000,64,,,
participant_05,1,day,Town10HD_Opt,2026-03-10T08:04:47.396854,-79.99024963378906,28.583620071411133,0.0020151138305664,10.145,-1.234,0.0,0.0,0,0,1,,1.0,2026-03-10T08:04:47.396854,happy,0.784,2026-03-10T08:04:45.651791,0.51,2026-03-10T08:04:47.380000,63,,,
participant_05,1,day,Town10HD_Opt,2026-03-10T08:04:48.423719,-78.42372131347656,28.564098358154297,0.0020212554372847,7.248,-0.67,0.0,0.151,0,0,1,,0.86,2026-03-10T08:04:48.423719,happy,0.998,2026-03-10T08:04:48.423719,0.51,2026-03-10T08:04:48.325000,62,,,
participant_05,1,day,Town10HD_Opt,2026-03-10T08:04:49.451941,-77.6882553100586,28.552595138549805,0.0022083662915974,0.001,-0.585,0.0,0.148,0,0,1,,1.0,2026-03-10T08:04:49.451941,happy,0.998,2026-03-10T08:04:48.423719,0.51,2026-03-10T08:04:49.361000,61,,,
participant_05,1,day,Town10HD_Opt,2026-03-10T08:04:50.657370,-77.6839599609375,28.55251884460449,0.0019215773791074,0.028,-0.498,0.0,0.0,0,0,1,,1.0,2026-03-10T08:04:50.657370,happy,0.999,2026-03-10T08:04:50.657370,0.51,2026-03-10T08:04:50.350000,61,,,
participant_05,1,day,Town10HD_Opt,2026-03-10T08:04:51.607496,-77.68132781982422,28.55246353149414,0.0019190978491678,0.005,-0.423,0.0,0.0,0,0,1,,1.0,2026-03-10T08:04:51.607496,happy,0.999,2026-03-10T08:04:50.657370,0.51,2026-03-10T08:04:51.385000,62,,,
participant_05,1,day,Town10HD_Opt,2026-03-10T08:04:52.533637,-77.68095397949219,28.55246353149414,0.0019191741012036,0.001,-0.421,0.0,0.0,0,0,1,,1.0,2026-03-10T08:04:52.533637,happy,0.999,2026-03-10T08:04:50.657370,0.51,2026-03-10T08:04:52.376000,63,,,
participant_05,1,day,Town10HD_Opt,2026-03-10T08:04:53.444769,-77.68093872070312,28.552465438842773,0.0019189071608707,0.006,-0.421,0.0,0.0,0,0,1,,1.0,2026-03-10T08:04:53.444769,happy,1.0,2026-03-10T08:04:53.444769,0.51,2026-03-10T08:04:53.366000,65,,,
participant_05,1,day,Town10HD_Opt,2026-03-10T08:04:54.430869,-77.68098449707031,28.552465438842773,0.0019187163561582,0.006,-0.416,0.0,0.0,0,0,1,,1.0,2026-03-10T08:04:54.430869,happy,1.0,2026-03-10T08:04:53.444769,0.496,2026-03-10T08:04:54.356000,66,,,
participant_05,1,day,Town10HD_Opt,2026-03-10T08:04:55.650784,-77.68085479736328,28.552465438842773,0.0019187163561582,0.006,-0.407,0.0,0.0,0,0,1,,1.0,2026-03-10T08:04:55.650784,happy,1.0,2026-03-10T08:04:55.650784,0.482,2026-03-10T08:04:55.346000,65,,,
participant_05,1,day,Town10HD_Opt,2026-03-10T08:04:56.596662,-77.64982604980469,28.55195999145508,0.0018030548235401,2.531,-0.36,1.0,0.0,0,0,1,,1.0,2026-03-10T08:04:56.596662,happy,1.0,2026-03-10T08:04:55.650784,0.472,2026-03-10T08:04:56.335000,64,,,
participant_05,1,day,Town10HD_Opt,2026-03-10T08:04:57.535129,-75.92638397216797,28.525047302246094,0.0013972473097965,18.688,-0.338,1.0,0.0,0,0,1,,1.0,2026-03-10T08:04:57.535129,happy,1.0,2026-03-10T08:04:55.650784,0.462,2026-03-10T08:04:57.326000,65,,,
participant_05,1,day,Town10HD_Opt,2026-03-10T08:04:58.493689,-71.83649444580078,28.452470779418945,0.0019094466697424,25.522,-0.031,0.0,0.0,0,0,1,,1.0,2026-03-10T08:04:58.493689,happy,0.998,2026-03-10T08:04:58.493689,0.454,2026-03-10T08:04:58.361000,65,,,
participant_05,1,day,Town10HD_Opt,2026-03-10T08:04:59.451035,-67.8333740234375,28.391830444335938,0.0022339629940688,19.5,0.578,0.0,0.0,0,0,1,,1.0,2026-03-10T08:04:59.451035,happy,0.998,2026-03-10T08:04:58.493689,0.446,2026-03-10T08:04:59.351000,64,,,
participant_05,1,day,Town10HD_Opt,2026-03-10T08:05:00.439373,-64.36671447753906,28.378087997436523,0.001716194092296,25.316,0.536,1.0,0.0,0,0,1,,1.0,2026-03-10T08:05:00.439373,happy,0.998,2026-03-10T08:04:58.493689,0.439,2026-03-10T08:05:00.340000,63,,,
participant_05,1,day,Town10HD_Opt,2026-03-10T08:05:01.676444,-56.07975006103516,28.43613052368164,0.0015779495006427,45.852,0.031,0.87,0.0,0,0,1,,1.0,2026-03-10T08:05:01.676444,neutral,0.962,2026-03-10T08:05:01.676444,0.436,2026-03-10T08:05:01.331000,62,,,
participant_05,1,day,Town10HD_Opt,2026-03-10T08:05:02.685616,-47.4346923828125,28.52157974243164,0.0021005249582231,48.651,0.063,0.729,0.0,0,0,1,,1.0,2026-03-10T08:05:02.685616,neutral,0.962,2026-03-10T08:05:01.676444,0.433,2026-03-10T08:05:02.366000,62,,,
participant_05,1,day,Town10HD_Opt,2026-03-10T08:05:03.631846,-38.756195068359375,28.615123748779297,0.0020004652906209,50.368,-0.454,0.688,0.0,0,0,1,,1.0,2026-03-10T08:05:03.631846,neutral,0.962,2026-03-10T08:05:01.676444,0.431,2026-03-10T08:05:03.356000,61,,,
participant_05,1,day,Town10HD_Opt,2026-03-10T08:05:04.547252,-30.042394638061523,28.61174201965332,0.0019581986125558,50.62,-0.16,0.0,0.0,0,0,1,,1.0,2026-03-10T08:05:04.547252,neutral,0.684,2026-03-10T08:05:04.547252,0.446,2026-03-10T08:05:04.346000,60,,,
participant_05,1,day,Town10HD_Opt,2026-03-10T08:05:05.478680,-21.38358688354492,28.52103614807129,0.0019607162103056,50.915,0.056,0.0,0.0,0,0,1,,1.0,2026-03-10T08:05:05.478680,neutral,0.684,2026-03-10T08:05:04.547252,0.464,2026-03-10T08:05:05.426000,59,,,
participant_05,1,day,Town10HD_Opt,2026-03-10T08:05:06.512936,-12.70753002166748,28.416410446166992,0.0020231627859175,49.65,0.139,0.651,0.0,0,0,1,,1.0,2026-03-10T08:05:06.512936,neutral,0.684,2026-03-10T08:05:04.547252,0.478,2026-03-10T08:05:06.326000,58,,,
participant_05,1,day,Town10HD_Opt,2026-03-10T08:05:07.452805,-4.049013614654541,28.351470947265625,0.0022227859590202,45.735,0.115,0.0,0.0,0,0,1,,1.0,2026-03-10T08:05:07.452805,happy,1.0,2026-03-10T08:05:07.452805,0.496,2026-03-10T08:05:07.362000,57,,,
participant_05,1,day,Town10HD_Opt,2026-03-10T08:05:08.660584,5.259697914123535,28.32590675354004,0.0023472975008189,33.049,0.115,0.007,0.0,0,0,1,,1.0,2026-03-10T08:05:08.660584,happy,1.0,2026-03-10T08:05:07.452805,0.51,2026-03-10T08:05:08.351000,59,,,
participant_05,1,day,Town10HD_Opt,2026-03-10T08:05:09.594946,10.499591827392578,28.329530715942383,0.0022063446231186,27.243,0.002,0.242,0.0,0,0,1,,1.0,2026-03-10T08:05:09.594946,neutral,0.833,2026-03-10T08:05:09.594946,0.521,2026-03-10T08:05:09.340000,59,,,
participant_05,1,day,Town10HD_Opt,2026-03-10T08:05:10.508060,15.071839332580566,28.3333740234375,0.0021064376924186,25.184,0.002,0.312,0.0,0,0,1,,1.0,2026-03-10T08:05:10.508060,neutral,0.833,2026-03-10T08:05:09.594946,0.531,2026-03-10T08:05:10.376000,58,,,
participant_05,1,day,Town10HD_Opt,2026-03-10T08:05:11.421232,19.405426025390625,28.33742332458496,0.0020591735374182,24.515,0.012,0.337,0.0,0,0,1,,1.0,2026-03-10T08:05:11.421232,neutral,0.833,2026-03-10T08:05:09.594946,0.539,2026-03-10T08:05:11.371000,57,,,
participant_05,1,day,Town10HD_Opt,2026-03-10T08:05:12.689496,25.07710838317871,28.363746643066406,0.0020569609478116,24.022,2.4,0.324,0.0,0,0,1,,1.0,2026-03-10T08:05:12.689496,happy,0.999,2026-03-10T08:05:12.689496,0.54,2026-03-10T08:05:12.356000,57,,,
participant_05,1,day,Town10HD_Opt,2026-03-10T08:05:13.639634,29.21855926513672,28.71169662475586,0.002068939153105,23.452,9.648,0.326,0.0,0,0,1,,0.803,2026-03-10T08:05:13.639634,happy,0.999,2026-03-10T08:05:12.689496,0.54,2026-03-10T08:05:13.345000,57,,,
participant_05,1,day,Town10HD_Opt,2026-03-10T08:05:14.591914,33.1055793762207,29.866559982299805,0.0020693968981504,23.048,12.541,0.332,0.0,0,0,1,,0.804,2026-03-10T08:05:14.591914,happy,0.999,2026-03-10T08:05:12.689496,0.539,2026-03-10T08:05:14.335000,56,,,
participant_05,1,day,Town10HD_Opt,2026-03-10T08:05:15.518285,36.40828704833984,32.04777908325195,0.0020838165655732,22.554,17.631,0.333,0.0,0,0,1,,0.845,2026-03-10T08:05:15.518285,neutral,0.88,2026-03-10T08:05:15.518285,0.534,2026-03-10T08:05:15.371000,57,,,
participant_05,1,day,Town10HD_Opt,2026-03-10T08:05:16.418371,38.741172790527344,35.166873931884766,0.00207897182554,22.251,16.548,0.329,0.0,0,0,1,,0.813,2026-03-10T08:05:16.418371,neutral,0.88,2026-03-10T08:05:15.518285,0.528,2026-03-10T08:05:16.361000,56,,,
participant_05,1,day,Town10HD_Opt,2026-03-10T08:05:17.663171,40.10863876342773,40.07833099365234,0.0020737838931381,21.636,7.263,0.118,0.0,0,0,1,,1.0,2026-03-10T08:05:17.663171,sad,0.888,2026-03-10T08:05:17.663171,0.517,2026-03-10T08:05:17.353000,55,,,
participant_05,1,day,Town10HD_Opt,2026-03-10T08:05:18.660220,40.40301513671875,43.57513427734375,0.0020360182970762,17.832,-0.148,0.0,0.0,0,0,1,,1.0,2026-03-10T08:05:18.660220,sad,0.888,2026-03-10T08:05:17.663171,0.507,2026-03-10T08:05:18.341000,55,,,
participant_05,1,day,Town10HD_Opt,2026-03-10T08:05:19.609202,40.55585861206055,46.334720611572266,0.0020440672524273,13.838,3.184,0.0,0.0,0,0,1,,1.0,2026-03-10T08:05:19.609202,sad,0.888,2026-03-10T08:05:17.663171,0.498,2026-03-10T08:05:19.376000,54,,,
participant_05,1,day,Town10HD_Opt,2026-03-10T08:05:20.560871,40.58976745605469,48.45891571044922,0.0020208740606904,10.383,1.622,0.0,0.091,0,0,1,,1.0,2026-03-10T08:05:20.560871,neutral,0.717,2026-03-10T08:05:20.560871,0.49,2026-03-10T08:05:20.366000,54,,,
participant_05,1,day,Town10HD_Opt,2026-03-10T08:05:21.539923,40.6015510559082,50.01099395751953,0.0020169448107481,7.22,-0.042,0.0,0.083,0,0,1,,1.0,2026-03-10T08:05:21.539923,neutral,0.717,2026-03-10T08:05:20.560871,0.48,2026-03-10T08:05:21.355000,53,,,
participant_05,1,day,Town10HD_Opt,2026-03-10T08:05:22.517771,40.61541748046875,51.08003616333008,0.001965370029211,5.274,-0.092,0.0,0.0,0,0,1,,0.869,2026-03-10T08:05:22.517771,neutral,0.717,2026-03-10T08:05:20.560871,0.477,2026-03-10T08:05:22.346000,53,,,
participant_05,1,day,Town10HD_Opt,2026-03-10T08:05:23.451711,40.62607955932617,51.90315628051758,0.0019576644990593,4.0,-0.019,0.0,0.0,0,0,1,,0.862,2026-03-10T08:05:23.451711,happy,0.999,2026-03-10T08:05:23.451711,0.474,2026-03-10T08:05:23.336000,53,,,
participant_05,1,day,Town10HD_Opt,2026-03-10T08:05:24.639452,40.628543853759766,52.09313201904297,0.0019337082048878,0.04,-0.016,0.4,0.0,0,0,1,,1.0,2026-03-10T08:05:24.639452,happy,0.999,2026-03-10T08:05:23.451711,0.471,2026-03-10T08:05:24.371000,54,,,
participant_05,1,day,Town10HD_Opt,2026-03-10T08:05:25.556988,40.638301849365234,52.87788009643555,0.0014242553152143,13.685,0.035,0.933,0.0,0,0,1,,0.811,2026-03-10T08:05:25.556988,happy,1.0,2026-03-10T08:05:25.556988,0.472,2026-03-10T08:05:25.361000,54,,,errors=Stop sign violation
participant_05,1,day,Town10HD_Opt,2026-03-10T08:05:26.549484,40.68270111083984,56.03926467895508,0.0018817901145666,21.394,-3.77,0.366,0.0,0,0,1,,1.0,2026-03-10T08:05:26.549484,happy,1.0,2026-03-10T08:05:25.556988,0.473,2026-03-10T08:05:26.383000,54,,,
participant_05,1,day,Town10HD_Opt,2026-03-10T08:05:27.497365,41.10700225830078,59.888553619384766,0.0019431685796007,24.005,-10.0,0.682,0.0,0,0,1,,0.853,2026-03-10T08:05:27.497365,happy,1.0,2026-03-10T08:05:25.556988,0.475,2026-03-10T08:05:27.341000,53,,,
participant_05,1,day,Town10HD_Opt,2026-03-10T08:05:28.501322,42.71418380737305,64.3010025024414,0.0018706511473283,30.241,-16.171,0.543,0.0,0,0,1,,0.874,2026-03-10T08:05:28.501322,neutral,0.575,2026-03-10T08:05:28.501322,0.482,2026-03-10T08:05:28.376000,52,,,
participant_05,1,day,Town10HD_Opt,2026-03-10T08:05:29.513671,46.39882278442383,68.36617279052734,0.0019867706578224,33.206,-17.119,0.51,0.0,0,0,1,,0.823,2026-03-10T08:05:29.513671,neutral,0.575,2026-03-10T08:05:28.501322,0.489,2026-03-10T08:05:29.366000,52,,,
participant_05,1,day,Town10HD_Opt,2026-03-10T08:05:30.481327,51.77581405639648,70.50759887695312,0.0020980453118681,33.141,-15.933,0.38,0.0,0,0,1,,0.903,2026-03-10T08:05:30.481327,neutral,0.575,2026-03-10T08:05:28.501322,0.495,2026-03-10T08:05:30.356000,54,,,
participant_05,1,day,Town10HD_Opt,2026-03-10T08:05:31.433706,57.485496520996094,70.42841339111328,0.0020841215737164,32.266,-0.825,0.34,0.0,0,0,1,,0.807,2026-03-10T08:05:31.433706,sad,0.735,2026-03-10T08:05:31.433706,0.502,2026-03-10T08:05:31.390000,55,,,
participant_05,1,day,Town10HD_Opt,2026-03-10T08:05:32.684222,64.8251953125,69.98876190185547,0.002078361576423,30.705,0.162,0.344,0.0,0,0,1,,0.863,2026-03-10T08:05:32.684222,sad,0.735,2026-03-10T08:05:31.433706,0.508,2026-03-10T08:05:32.336000,56,,,
participant_05,1,day,Town10HD_Opt,2026-03-10T08:05:33.655133,70.25753021240234,69.8571548461914,0.0018571852706372,34.945,1.495,0.863,0.0,0,0,1,,1.0,2026-03-10T08:05:33.655133,neutral,0.473,2026-03-10T08:05:33.655133,0.514,2026-03-10T08:05:33.371000,56,,,
participant_05,1,day,Town10HD_Opt,2026-03-10T08:05:34.571436,77.1520767211914,69.94631958007812,0.0017130660125985,44.823,0.677,0.586,0.0,0,0,1,,1.0,2026-03-10T08:05:34.571436,neutral,0.473,2026-03-10T08:05:33.655133,0.52,2026-03-10T08:05:34.361000,56,,,
participant_05,1,day,Town10HD_Opt,2026-03-10T08:05:35.566203,84.94811248779297,70.23074340820312,0.0022476576268672,40.976,0.83,0.0,0.0,0,0,1,,0.817,2026-03-10T08:05:35.566203,neutral,0.473,2026-03-10T08:05:33.655133,0.522,2026-03-10T08:05:35.351000,56,,,
participant_05,1,day,Town10HD_Opt,2026-03-10T08:05:36.604059,91.24929809570312,71.12034606933594,0.0023369980044662,32.032,16.93,0.566,0.0,0,0,1,,0.866,2026-03-10T08:05:36.604059,sad,0.929,2026-03-10T08:05:36.604059,0.524,2026-03-10T08:05:36.340000,55,,,
participant_05,1,day,Town10HD_Opt,2026-03-10T08:05:37.633336,95.99159240722656,74.24794006347656,0.0020005034748464,34.422,19.057,0.489,0.0,0,0,1,,1.0,2026-03-10T08:05:37.633336,sad,0.929,2026-03-10T08:05:36.604059,0.524,2026-03-10T08:05:37.378000,55,,,
participant_05,1,day,Town10HD_Opt,2026-03-10T08:05:38.668621,98.7684555053711,79.58116912841797,0.0020801925566047,34.843,10.329,0.415,0.0,0,0,1,,1.0,2026-03-10T08:05:38.668621,neutral,0.584,2026-03-10T08:05:38.668621,0.524,2026-03-10T08:05:38.366000,54,,,
participant_05,1,day,Town10HD_Opt,2026-03-10T08:05:39.677586,99.53858947753906,85.62173461914062,0.0020534133072942,34.887,6.609,0.437,0.0,0,0,1,,1.0,2026-03-10T08:05:39.677586,neutral,0.584,2026-03-10T08:05:38.668621,0.524,2026-03-10T08:05:39.356000,54,,,
participant_05,1,day,Town10HD_Opt,2026-03-10T08:05:40.657698,99.13885498046876,91.78114318847656,0.0020014953333884,36.07,2.506,0.475,0.0,0,0,1,,0.852,2026-03-10T08:05:40.657698,neutral,0.584,2026-03-10T08:05:38.668621,0.524,2026-03-10T08:05:40.346000,54,,,
participant_05,1,day,Town10HD_Opt,2026-03-10T08:05:41.619581,98.09547424316406,98.11515045166016,0.0020034790504723,37.352,2.315,0.471,0.0,0,0,1,,1.0,2026-03-10T08:05:41.619581,happy,0.851,2026-03-10T08:05:41.619581,0.524,2026-03-10T08:05:41.336000,54,,,
participant_05,1,day,Town10HD_Opt,2026-03-10T08:05:42.617678,96.5157470703125,104.54557037353516,0.0020110320765525,38.4,3.839,0.471,0.0,0,0,1,,1.0,2026-03-10T08:05:42.617678,happy,0.851,2026-03-10T08:05:41.619581,0.524,2026-03-10T08:05:42.371000,54,,,
participant_05,1,day,Town10HD_Opt,2026-03-10T08:05:43.546026,94.11661529541016,110.8935317993164,0.002018546918407,39.263,5.066,0.472,0.0,0,0,1,,0.832,2026-03-10T08:05:43.546026,happy,0.851,2026-03-10T08:05:41.619581,0.524,2026-03-10T08:05:43.361000,54,,,
participant_05,1,day,Town10HD_Opt,2026-03-10T08:05:44.474442,90.64521026611328,116.87770080566406,0.0020261763129383,39.949,6.054,0.471,0.0,0,0,1,,1.0,2026-03-10T08:05:44.474442,neutral,0.505,2026-03-10T08:05:44.474442,0.524,2026-03-10T08:05:44.351000,54,,,
participant_05,1,day,Town10HD_Opt,2026-03-10T08:05:45.388282,86.00150299072266,122.14701080322266,0.0020315933506935,40.499,6.291,0.47,0.0,0,0,1,,1.0,2026-03-10T08:05:45.388282,neutral,0.505,2026-03-10T08:05:44.474442,0.524,2026-03-10T08:05:45.341000,53,,,
participant_05,1,day,Town10HD_Opt,2026-03-10T08:05:46.590937,78.16594696044922,127.47789001464844,0.0020373535808175,41.098,6.646,0.47,0.0,0,0,1,,1.0,2026-03-10T08:05:46.590937,neutral,0.678,2026-03-10T08:05:46.590937,0.524,2026-03-10T08:05:46.332000,53,,,
participant_05,1,day,Town10HD_Opt,2026-03-10T08:05:47.527571,71.36434936523438,129.82862854003906,0.0020395659375935,41.396,6.566,0.468,0.0,0,0,1,,1.0,2026-03-10T08:05:47.527571,neutral,0.678,2026-03-10T08:05:46.590937,0.524,2026-03-10T08:05:47.366000,53,,,
participant_05,1,day,Town10HD_Opt,2026-03-10T08:05:48.463382,64.2047348022461,130.63189697265625,0.0020891570020467,40.548,2.967,0.362,0.0,0,0,1,,1.0,2026-03-10T08:05:48.463382,neutral,0.678,2026-03-10T08:05:46.590937,0.524,2026-03-10T08:05:48.401000,53,,,
participant_05,1,day,Town10HD_Opt,2026-03-10T08:05:49.394410,57.26508712768555,130.64096069335938,0.0021075056865811,38.56,-0.562,0.365,0.0,0,0,1,,1.0,2026-03-10T08:05:49.394410,happy,0.976,2026-03-10T08:05:49.394410,0.541,2026-03-10T08:05:49.346000,53,,,
participant_05,1,day,Town10HD_Opt,2026-03-10T08:05:50.646039,48.38793182373047,130.6024627685547,0.0020385740790516,38.023,-0.002,0.439,0.0,0,0,1,,1.0,2026-03-10T08:05:50.646039,happy,0.976,2026-03-10T08:05:49.394410,0.558,2026-03-10T08:05:50.336000,54,,,
participant_05,1,day,Town10HD_Opt,2026-03-10T08:05:51.644881,41.71437072753906,130.474853515625,0.0020363999065011,38.236,-0.002,0.436,0.0,0,0,1,,1.0,2026-03-10T08:05:51.644881,happy,0.924,2026-03-10T08:05:51.644881,0.574,2026-03-10T08:05:51.371000,54,,,
participant_05,1,day,Town10HD_Opt,2026-03-10T08:05:52.579340,35.011619567871094,130.3548126220703,0.0020391081925481,38.359,-0.296,0.435,0.0,0,0,1,,1.0,2026-03-10T08:05:52.579340,happy,0.924,2026-03-10T08:05:51.644881,0.591,2026-03-10T08:05:52.360000,54,,,
participant_05,1,day,Town10HD_Opt,2026-03-10T08:05:53.548046,28.289894104003903,130.29127502441406,0.0020400618668645,38.442,-0.456,0.435,0.0,0,0,1,,1.0,2026-03-10T08:05:53.548046,happy,0.924,2026-03-10T08:05:51.644881,0.609,2026-03-10T08:05:53.351000,54,,,
participant_05,1,day,Town10HD_Opt,2026-03-10T08:05:54.518273,21.553688049316406,130.31369018554688,0.0020404814276844,38.522,-0.207,0.435,0.0,0,0,1,,1.0,2026-03-10T08:05:54.518273,happy,0.998,2026-03-10T08:05:54.518273,0.63,2026-03-10T08:05:54.340000,55,,,
participant_05,1,day,Town10HD_Opt,2026-03-10T08:05:55.443980,14.805374145507812,130.37973022460938,0.0020406723488122,38.59,0.012,0.435,0.0,0,0,1,,1.0,2026-03-10T08:05:55.443980,happy,0.998,2026-03-10T08:05:54.518273,0.65,2026-03-10T08:05:55.331000,55,,,
participant_05,1,day,Town10HD_Opt,2026-03-10T08:05:56.516815,8.301908493041992,130.4424591064453,0.0022701644338667,33.341,0.162,0.0,0.0,0,0,1,,1.0,2026-03-10T08:05:56.516815,happy,0.998,2026-03-10T08:05:54.518273,0.674,2026-03-10T08:05:56.456000,56,,,
participant_05,1,day,Town10HD_Opt,2026-03-10T08:05:57.418264,3.0961697101593018,130.46322631835938,0.0022879790049046,25.612,0.381,0.081,0.0,0,0,1,,1.0,2026-03-10T08:05:57.418264,happy,0.971,2026-03-10T08:05:57.418264,0.696,2026-03-10T08:05:57.356000,55,,,
participant_05,1,day,Town10HD_Opt,2026-03-10T08:05:58.387086,-0.961094319820404,130.44285583496094,0.0022037124726921,20.501,0.381,0.098,0.0,0,0,1,,1.0,2026-03-10T08:05:58.387086,happy,0.971,2026-03-10T08:05:57.418264,0.715,2026-03-10T08:05:58.346000,55,,,
participant_05,1,day,Town10HD_Opt,2026-03-10T08:05:59.618001,-5.23595142364502,130.38412475585938,0.0019763563759624,16.298,0.362,0.083,0.0,0,0,1,,1.0,2026-03-10T08:05:59.618001,happy,0.989,2026-03-10T08:05:59.618001,0.717,2026-03-10T08:05:59.336000,55,,,
participant_05,1,day,Town10HD_Opt,2026-03-10T08:06:00.561175,-7.880488872528076,130.331787109375,0.0019992827437818,13.771,0.099,0.082,0.0,0,0,1,,1.0,2026-03-10T08:06:00.561175,happy,0.989,2026-03-10T08:05:59.618001,0.718,2026-03-10T08:06:00.371000,54,,,
participant_05,1,day,Town10HD_Opt,2026-03-10T08:06:01.489208,-10.582748413085938,130.28196716308594,0.0018932342063635,19.28,-0.125,0.745,0.0,0,0,1,,1.0,2026-03-10T08:06:01.489208,happy,0.989,2026-03-10T08:05:59.618001,0.72,2026-03-10T08:06:01.361000,54,,,
participant_05,1,day,Town10HD_Opt,2026-03-10T08:06:02.465160,-14.5504150390625,130.2108917236328,0.0017471694154664,28.205,0.056,0.726,0.0,0,0,1,,1.0,2026-03-10T08:06:02.465160,happy,1.0,2026-03-10T08:06:02.465160,0.72,2026-03-10T08:06:02.351000,55,,,
participant_05,1,day,Town10HD_Opt,2026-03-10T08:06:03.405139,-20.08559799194336,130.1038055419922,0.0017710876418277,35.726,0.056,0.654,0.0,0,0,1,,1.0,2026-03-10T08:06:03.405139,happy,1.0,2026-03-10T08:06:02.465160,0.717,2026-03-10T08:06:03.341000,55,,,
participant_05,1,day,Town10HD_Opt,2026-03-10T08:06:04.610564,-29.04739189147949,129.87582397460938,0.0020609663333743,38.421,6.239,0.315,0.0,0,0,1,,1.0,2026-03-10T08:06:04.610564,happy,0.994,2026-03-10T08:06:04.610564,0.717,2026-03-10T08:06:04.376000,55,,,
participant_05,1,day,Town10HD_Opt,2026-03-10T08:06:05.554500,-35.378440856933594,128.58445739746094,0.0021645736414939,35.408,14.538,0.327,0.0,0,0,1,,0.911,2026-03-10T08:06:05.554500,happy,0.994,2026-03-10T08:06:04.610564,0.718,2026-03-10T08:06:05.366000,56,,,
participant_05,1,day,Town10HD_Opt,2026-03-10T08:06:06.521521,-40.1140022277832,125.073974609375,0.0021702956873923,32.771,18.603,0.341,0.0,0,0,1,,1.0,2026-03-10T08:06:06.521521,happy,0.994,2026-03-10T08:06:04.610564,0.717,2026-03-10T08:06:06.356000,56,,,
participant_05,1,day,Town10HD_Opt,2026-03-10T08:06:07.479610,-42.38690185546875,120.05696868896484,0.0021482086740434,30.927,17.661,0.343,0.0,0,0,1,,1.0,2026-03-10T08:06:07.479610,neutral,0.802,2026-03-10T08:06:07.479610,0.716,2026-03-10T08:06:07.345000,56,,,
participant_05,1,day,Town10HD_Opt,2026-03-10T08:06:08.484022,-42.80267333984375,114.74108123779295,0.0020802307408303,30.022,1.227,0.342,0.0,0,0,1,,1.0,2026-03-10T08:06:08.484022,neutral,0.802,2026-03-10T08:06:07.479610,0.719,2026-03-10T08:06:08.336000,56,,,
participant_05,1,day,Town10HD_Opt,2026-03-10T08:06:09.475212,-42.79050064086914,109.48444366455078,0.0020045088604092,30.763,3.778,0.451,0.0,0,0,1,,1.0,2026-03-10T08:06:09.475212,neutral,0.802,2026-03-10T08:06:07.479610,0.722,2026-03-10T08:06:09.371000,57,,,
participant_05,1,day,Town10HD_Opt,2026-03-10T08:06:10.468775,-42.35383605957031,104.07091522216795,0.0020635223481804,30.719,-0.804,0.319,0.0,0,0,1,,1.0,2026-03-10T08:06:10.468775,angry,0.563,2026-03-10T08:06:10.468775,0.726,2026-03-10T08:06:10.361000,58,,,
participant_05,1,day,Town10HD_Opt,2026-03-10T08:06:11.425251,-41.9819221496582,98.82106018066406,0.0020828247070312,29.43,-1.144,0.343,0.0,0,0,1,,1.0,2026-03-10T08:06:11.425251,angry,0.563,2026-03-10T08:06:10.468775,0.73,2026-03-10T08:06:11.351000,58,,,
participant_05,1,day,Town10HD_Opt,2026-03-10T08:06:12.392781,-41.77849197387695,93.7405776977539,0.0020665740594267,28.692,-1.403,0.343,0.0,0,0,1,,1.0,2026-03-10T08:06:12.392781,angry,0.563,2026-03-10T08:06:10.468775,0.735,2026-03-10T08:06:12.341000,58,,,
participant_05,1,day,Town10HD_Opt,2026-03-10T08:06:13.692515,-41.77481842041016,87.14423370361328,0.0020636366680264,27.843,0.51,0.337,0.0,0,0,1,,1.0,2026-03-10T08:06:13.692515,neutral,0.686,2026-03-10T08:06:13.692515,0.741,2026-03-10T08:06:13.331000,59,,,
participant_05,1,day,Town10HD_Opt,2026-03-10T08:06:14.631094,-41.66038513183594,82.33145141601562,0.0020631407387554,27.256,6.469,0.376,0.0,0,0,1,,1.0,2026-03-10T08:06:14.631094,neutral,0.686,2026-03-10T08:06:13.692515,0.742,2026-03-10T08:06:14.366000,60,,,
participant_05,1,day,Town10HD_Opt,2026-03-10T08:06:15.620029,-40.82722091674805,77.647705078125,0.0020515441428869,27.298,11.004,0.377,0.0,0,0,1,,0.873,2026-03-10T08:06:15.620029,neutral,0.686,2026-03-10T08:06:13.692515,0.742,2026-03-10T08:06:15.356000,59,,,
participant_05,1,day,Town10HD_Opt,2026-03-10T08:06:16.594952,-38.61397552490234,73.49687194824219,0.0020848081912845,27.199,21.335,0.406,0.0,0,0,1,,1.0,2026-03-10T08:06:16.594952,neutral,0.783,2026-03-10T08:06:16.594952,0.742,2026-03-10T08:06:16.346000,58,,,
participant_05,1,day,Town10HD_Opt,2026-03-10T08:06:17.574934,-34.726890563964844,70.84196472167969,0.0020890426822006,27.401,20.912,0.394,0.0,0,0,1,,1.0,2026-03-10T08:06:17.574934,neutral,0.783,2026-03-10T08:06:16.594952,0.742,2026-03-10T08:06:17.336000,57,,,
participant_05,1,day,Town10HD_Opt,2026-03-10T08:06:18.555722,-30.01716041564941,69.7898178100586,0.0020391081925481,27.949,5.451,0.386,0.0,0,0,1,,0.83,2026-03-10T08:06:18.555722,neutral,0.783,2026-03-10T08:06:16.594952,0.742,2026-03-10T08:06:18.371000,58,,,
participant_05,1,day,Town10HD_Opt,2026-03-10T08:06:19.501872,-25.12041664123535,69.5311279296875,0.0020374679006636,28.295,6.035,0.388,0.0,0,0,1,,1.0,2026-03-10T08:06:19.501872,neutral,0.794,2026-03-10T08:06:19.501872,0.742,2026-03-10T08:06:19.361000,58,,,
participant_05,1,day,Town10HD_Opt,2026-03-10T08:06:20.484203,-20.1519718170166,69.85294342041016,0.0020302198827266,28.709,-1.528,0.397,0.0,0,0,1,,0.853,2026-03-10T08:06:20.484203,neutral,0.794,2026-03-10T08:06:19.501872,0.742,2026-03-10T08:06:20.351000,58,,,
participant_05,1,day,Town10HD_Opt,2026-03-10T08:06:21.492305,-15.092673301696776,70.06608581542969,0.0020239257719367,29.285,-1.088,0.402,0.0,0,0,1,,1.0,2026-03-10T08:06:21.492305,neutral,0.794,2026-03-10T08:06:19.501872,0.742,2026-03-10T08:06:21.341000,58,,,
participant_05,1,day,Town10HD_Opt,2026-03-10T08:06:22.459786,-9.927358627319336,70.13003540039062,0.0020251465030014,29.901,-1.504,0.402,0.0,0,0,1,,1.0,2026-03-10T08:06:22.459786,happy,0.967,2026-03-10T08:06:22.459786,0.742,2026-03-10T08:06:22.332000,58,,,
participant_05,1,day,Town10HD_Opt,2026-03-10T08:06:23.492314,-4.670065879821777,70.02503204345703,0.0020270538516342,30.361,0.251,0.402,0.0,0,0,1,,1.0,2026-03-10T08:06:23.492314,happy,0.967,2026-03-10T08:06:22.459786,0.742,2026-03-10T08:06:23.367000,58,,,
participant_05,1,day,Town10HD_Opt,2026-03-10T08:06:24.479114,0.6640340089797974,69.91592407226562,0.0020331190899014,30.68,0.261,0.367,0.0,0,0,1,,1.0,2026-03-10T08:06:24.479114,happy,0.981,2026-03-10T08:06:24.479114,0.742,2026-03-10T08:06:24.356000,58,,,
participant_05,1,day,Town10HD_Opt,2026-03-10T08:06:25.432133,5.847841262817383,69.84739685058594,0.0022183225955814,26.715,0.315,0.0,0.0,0,0,1,,1.0,2026-03-10T08:06:25.432133,happy,0.981,2026-03-10T08:06:24.479114,0.742,2026-03-10T08:06:25.346000,60,,,
participant_05,1,day,Town10HD_Opt,2026-03-10T08:06:26.416281,9.984405517578123,69.82466888427734,0.0022508620750159,20.5,0.315,0.0,0.0,0,0,1,,1.0,2026-03-10T08:06:26.416281,happy,0.981,2026-03-10T08:06:24.479114,0.742,2026-03-10T08:06:26.337000,60,,,
participant_05,1,day,Town10HD_Opt,2026-03-10T08:06:27.587549,13.986888885498049,69.83297729492188,0.0020426558330655,14.194,0.362,0.0,0.0,0,0,1,,1.0,2026-03-10T08:06:27.587549,happy,0.975,2026-03-10T08:06:27.587549,0.742,2026-03-10T08:06:27.371000,59,,,
participant_05,1,day,Town10HD_Opt,2026-03-10T08:06:28.556968,16.197813034057617,69.85147094726562,0.0020229339133948,10.743,0.334,0.0,0.0,0,0,1,,1.0,2026-03-10T08:06:28.556968,happy,0.975,2026-03-10T08:06:27.587549,0.762,2026-03-10T08:06:28.361000,58,,,
participant_05,1,day,Town10HD_Opt,2026-03-10T08:06:29.465906,17.895944595336914,69.87181854248047,0.0019993591122329,8.37,0.324,0.0,0.0,0,0,1,,0.828,2026-03-10T08:06:29.465906,happy,0.975,2026-03-10T08:06:27.587549,0.786,2026-03-10T08:06:29.351000,57,,,
participant_05,1,day,Town10HD_Opt,2026-03-10T08:06:30.394139,19.20681381225586,69.8906478881836,0.001950302044861,6.953,0.193,0.094,0.0,0,0,1,,1.0,2026-03-10T08:06:30.394139,neutral,0.758,2026-03-10T08:06:30.394139,0.812,2026-03-10T08:06:30.341000,56,,,
participant_05,1,day,Town10HD_Opt,2026-03-10T08:06:31.595212,20.6816520690918,69.90602111816406,0.001967430114746,5.291,-0.421,0.0,0.0,0,0,1,,1.0,2026-03-10T08:06:31.595212,neutral,0.758,2026-03-10T08:06:30.394139,0.841,2026-03-10T08:06:31.421000,56,,,
participant_05,1,day,Town10HD_Opt,2026-03-10T08:06:32.564376,21.492599487304688,69.91170501708984,0.0019451903644949,4.351,-0.244,0.245,0.0,0,0,1,,1.0,2026-03-10T08:06:32.564376,neutral,0.702,2026-03-10T08:06:32.564376,0.872,2026-03-10T08:06:32.367000,55,,,
participant_05,1,day,Town10HD_Opt,2026-03-10T08:06:33.388216,22.05394744873047,69.91607666015625,0.0018873214721679,5.127,-0.153,0.092,0.0,0,0,1,,1.0,2026-03-10T08:06:33.388216,neutral,0.702,2026-03-10T08:06:32.564376,0.905,2026-03-10T08:06:33.357000,55,,,
participant_05,1,day,Town10HD_Opt,2026-03-10T08:06:34.404517,22.92695999145508,69.92243957519531,0.0019290160853415,4.778,-0.113,0.095,0.0,0,0,1,,1.0,2026-03-10T08:06:34.404517,neutral,0.702,2026-03-10T08:06:32.564376,0.939,2026-03-10T08:06:34.346000,55,,,
participant_05,1,day,Town10HD_Opt,2026-03-10T08:06:35.401282,23.75385856628418,69.9281997680664,0.0019005584763363,5.041,-0.113,0.209,0.0,0,0,1,,1.0,2026-03-10T08:06:35.401282,happy,0.971,2026-03-10T08:06:35.401282,0.974,2026-03-10T08:06:35.382000,55,,,
participant_05,1,day,Town10HD_Opt,2026-03-10T08:06:36.385049,24.731151580810547,69.93448638916016,0.0018919754074886,6.049,-0.113,0.16,0.0,0,0,1,,1.0,2026-03-10T08:06:36.385049,happy,0.971,2026-03-10T08:06:35.401282,1.0,2026-03-10T08:06:36.372000,55,Vehicle-pedestrian collision,Vehicle-pedestrian collision,
participant_05,1,day,Town10HD_Opt,2026-03-10T08:06:37.622664,26.12321281433105,69.94236755371094,0.001961059635505,5.114,-0.106,0.0,0.0,0,0,1,,0.855,2026-03-10T08:06:37.622664,happy,0.996,2026-03-10T08:06:37.622664,1.0,2026-03-10T08:06:37.406000,55,,,
participant_05,1,day,Town10HD_Opt,2026-03-10T08:06:38.529810,26.415470123291016,69.94463348388672,0.0019906614907085,0.0,-0.103,0.0,0.231,0,0,1,,1.0,2026-03-10T08:06:38.529810,happy,0.996,2026-03-10T08:06:37.622664,1.0,2026-03-10T08:06:38.351000,55,,,
participant_05,1,day,Town10HD_Opt,2026-03-10T08:06:39.432120,26.415666580200195,69.94463348388672,0.0019204712007194,0.165,0.266,0.361,0.0,0,0,1,,0.813,2026-03-10T08:06:39.432120,happy,0.996,2026-03-10T08:06:37.622664,1.0,2026-03-10T08:06:39.341000,56,,,
participant_05,1,day,Town10HD_Opt,2026-03-10T08:06:40.635582,26.91557502746582,69.94754028320312,0.0017968749161809,4.842,-0.016,0.368,0.0,0,0,1,,1.0,2026-03-10T08:06:40.635582,sad,0.427,2026-03-10T08:06:40.635582,1.0,2026-03-10T08:06:40.377000,55,,,
participant_05,1,day,Town10HD_Opt,2026-03-10T08:06:41.636589,28.251447677612305,69.94476318359375,0.0017145538004115,11.13,-3.007,0.483,0.0,0,0,1,,0.812,2026-03-10T08:06:41.636589,sad,0.427,2026-03-10T08:06:40.635582,1.0,2026-03-10T08:06:41.366000,54,,,
participant_05,1,day,Town10HD_Opt,2026-03-10T08:06:42.549997,30.61406135559082,69.77440643310547,0.0017765808152034,15.716,-7.033,0.195,0.0,0,0,1,,1.0,2026-03-10T08:06:42.549997,sad,0.427,2026-03-10T08:06:40.635582,1.0,2026-03-10T08:06:42.356000,54,,,
participant_05,1,day,Town10HD_Opt,2026-03-10T08:06:43.451781,33.1428108215332,69.33706665039062,0.0020272063557058,12.622,-8.747,0.0,0.0,0,0,1,,0.925,2026-03-10T08:06:43.451781,neutral,0.944,2026-03-10T08:06:43.451781,1.0,2026-03-10T08:06:43.347000,55,,,
participant_05,1,day,Town10HD_Opt,2026-03-10T08:06:44.656502,35.565635681152344,68.56195831298828,0.0020082092378288,8.869,-11.168,0.0,0.0,0,0,1,,0.845,2026-03-10T08:06:44.656502,neutral,0.944,2026-03-10T08:06:43.451781,1.0,2026-03-10T08:06:44.382000,56,,,
participant_05,1,day,Town10HD_Opt,2026-03-10T08:06:45.568425,36.81192398071289,67.98744201660156,0.001992683392018,6.541,-11.18,0.016,0.0,0,0,1,,1.0,2026-03-10T08:06:45.568425,angry,0.597,2026-03-10T08:06:45.568425,1.0,2026-03-10T08:06:45.417000,57,,,
participant_05,1,day,Town10HD_Opt,2026-03-10T08:06:46.458937,37.70013046264648,67.49502563476562,0.0019781494047492,4.842,-11.18,0.016,0.0,0,0,1,,0.845,2026-03-10T08:06:46.458937,angry,0.597,2026-03-10T08:06:45.568425,0.997,2026-03-10T08:06:46.406000,59,,,
participant_05,1,day,Town10HD_Opt,2026-03-10T08:06:47.629624,38.47560119628906,67.00154876708984,0.0019561385270208,3.101,-11.18,0.034,0.0,0,0,1,,0.837,2026-03-10T08:06:47.629624,sad,0.527,2026-03-10T08:06:47.629624,0.987,2026-03-10T08:06:47.353000,60,,,
participant_05,1,day,Town10HD_Opt,2026-03-10T08:06:48.482389,38.90949249267578,66.69725799560547,0.0018964385380968,3.425,-11.18,0.172,0.0,0,0,1,,1.0,2026-03-10T08:06:48.482389,sad,0.527,2026-03-10T08:06:47.629624,0.981,2026-03-10T08:06:48.342000,63,,,
participant_05,1,day,Town10HD_Opt,2026-03-10T08:06:49.652929,39.74848175048828,66.048828125,0.0018555831629782,6.086,-11.18,0.243,0.0,0,0,1,,0.828,2026-03-10T08:06:49.652929,sad,0.535,2026-03-10T08:06:49.652929,0.978,2026-03-10T08:06:49.377000,67,,,
participant_05,1,day,Town10HD_Opt,2026-03-10T08:06:50.592683,40.65972137451172,65.23916625976562,0.0018273162422701,8.626,-12.04,0.435,0.0,0,0,1,,0.801,2026-03-10T08:06:50.592683,sad,0.535,2026-03-10T08:06:49.652929,0.983,2026-03-10T08:06:50.366000,75,,,
participant_05,1,day,Town10HD_Opt,2026-03-10T08:06:51.505808,41.98269271850586,63.79069519042969,0.0017177199479192,14.379,-13.438,0.493,0.0,0,0,1,,1.0,2026-03-10T08:06:51.505808,sad,0.535,2026-03-10T08:06:49.652929,0.994,2026-03-10T08:06:51.357000,76,,,
participant_05,1,day,Town10HD_Opt,2026-03-10T08:06:52.433131,43.54486846923828,61.3418083190918,0.0020164106972515,18.248,-14.266,0.412,0.0,0,0,1,,0.899,2026-03-10T08:06:52.433131,sad,0.527,2026-03-10T08:06:52.433131,1.0,2026-03-10T08:06:52.347000,78,,,
participant_05,1,day,Town10HD_Opt,2026-03-10T08:06:53.606214,44.91252899169922,57.216590881347656,0.0020188521593809,19.434,-14.012,0.326,0.0,0,0,1,,0.856,2026-03-10T08:06:53.606214,sad,0.527,2026-03-10T08:06:52.433131,1.0,2026-03-10T08:06:53.381000,79,,,
participant_05,1,day,Town10HD_Opt,2026-03-10T08:06:54.523024,45.0800666809082,53.96107482910156,0.0019189071608707,16.758,-12.023,0.0,0.0,0,0,1,,0.824,2026-03-10T08:06:54.523024,sad,0.56,2026-03-10T08:06:54.523024,1.0,2026-03-10T08:06:54.371000,78,,,
participant_05,1,day,Town10HD_Opt,2026-03-10T08:06:55.445439,44.85585784912109,51.31713104248047,0.0020405959803611,13.294,-0.952,0.0,0.0,0,0,1,,1.0,2026-03-10T08:06:55.445439,sad,0.56,2026-03-10T08:06:54.523024,1.0,2026-03-10T08:06:55.361000,77,,,
participant_05,1,day,Town10HD_Opt,2026-03-10T08:06:56.651940,44.67333221435547,48.71642303466797,0.0020026015117764,9.12,-0.249,0.115,0.0,0,0,1,,1.0,2026-03-10T08:06:56.651940,sad,0.965,2026-03-10T08:06:56.651940,1.0,2026-03-10T08:06:56.352000,76,,,
participant_05,1,day,Town10HD_Opt,2026-03-10T08:06:57.554007,44.55390548706055,47.10036849975586,0.0018693541642278,9.993,-0.407,0.359,0.0,0,0,1,,1.0,2026-03-10T08:06:57.554007,sad,0.965,2026-03-10T08:06:56.651940,1.0,2026-03-10T08:06:57.341000,75,,,
participant_05,1,day,Town10HD_Opt,2026-03-10T08:06:58.412542,44.386112213134766,44.95695114135742,0.0017419052310287,14.972,-0.374,0.518,0.0,0,0,1,,1.0,2026-03-10T08:06:58.412542,sad,0.965,2026-03-10T08:06:56.651940,1.0,2026-03-10T08:06:58.377000,74,,,
participant_05,1,day,Town10HD_Opt,2026-03-10T08:06:59.660418,44.18828582763672,40.82756423950195,0.0019993591122329,19.34,7.354,0.42,0.0,0,0,1,,0.812,2026-03-10T08:06:59.660418,happy,0.996,2026-03-10T08:06:59.660418,1.0,2026-03-10T08:06:59.368000,74,,,
participant_05,1,day,Town10HD_Opt,2026-03-10T08:07:00.621777,44.5207405090332,37.31636047363281,0.0019970322027802,21.098,10.386,0.394,0.0,0,0,1,,0.952,2026-03-10T08:07:00.621777,happy,0.996,2026-03-10T08:06:59.660418,1.0,2026-03-10T08:07:00.357000,73,,,
participant_05,1,day,Town10HD_Opt,2026-03-10T08:07:01.522289,45.70215606689453,33.75442123413086,0.0020306014921516,22.227,18.601,0.432,0.0,0,0,1,,0.92,2026-03-10T08:07:01.522289,happy,0.996,2026-03-10T08:06:59.660418,1.0,2026-03-10T08:07:01.346000,71,,,
participant_05,1,day,Town10HD_Opt,2026-03-10T08:07:02.505241,48.21360778808594,30.6064395904541,0.0019766234327107,24.931,18.908,0.511,0.0,0,0,1,,0.84,2026-03-10T08:07:02.505241,neutral,0.835,2026-03-10T08:07:02.505241,1.0,2026-03-10T08:07:02.381000,69,,,
participant_05,1,day,Town10HD_Opt,2026-03-10T08:07:03.444675,52.13885116577149,28.348678588867188,0.0020201874431222,26.976,14.33,0.391,0.0,0,0,1,,0.875,2026-03-10T08:07:03.444675,neutral,0.835,2026-03-10T08:07:02.505241,1.0,2026-03-10T08:07:03.372000,69,,,
participant_05,1,day,Town10HD_Opt,2026-03-10T08:07:04.663302,58.30890655517578,26.79850578308105,0.0020348739344626,27.601,2.487,0.377,0.0,0,0,1,,0.821,2026-03-10T08:07:04.663302,happy,0.803,2026-03-10T08:07:04.663302,1.0,2026-03-10T08:07:04.362000,69,,,
participant_05,1,day,Town10HD_Opt,2026-03-10T08:07:05.588991,63.08646011352539,26.03347396850586,0.0020367812830954,27.758,2.388,0.297,0.0,0,0,1,,1.0,2026-03-10T08:07:05.588991,happy,0.803,2026-03-10T08:07:04.663302,1.0,2026-03-10T08:07:05.351000,68,,,
participant_05,1,day,Town10HD_Opt,2026-03-10T08:07:06.478385,67.72198486328125,25.56557846069336,0.0021867370232939,24.226,2.36,0.063,0.0,0,0,1,,0.865,2026-03-10T08:07:06.478385,happy,0.803,2026-03-10T08:07:04.663302,1.0,2026-03-10T08:07:06.344000,68,,,
participant_05,1,day,Town10HD_Opt,2026-03-10T08:07:07.397566,71.53661346435547,25.357648849487305,0.0022044372744858,19.151,1.325,0.076,0.0,0,0,1,,0.906,2026-03-10T08:07:07.397566,happy,1.0,2026-03-10T08:07:07.397566,1.0,2026-03-10T08:07:07.379000,68,,,
participant_05,1,day,Town10HD_Opt,2026-03-10T08:07:08.600630,75.5302734375,25.2388858795166,0.002032661344856,14.658,0.945,0.0,0.0,0,0,1,,0.842,2026-03-10T08:07:08.600630,happy,1.0,2026-03-10T08:07:07.397566,1.0,2026-03-10T08:07:08.366000,68,,,
participant_05,1,day,Town10HD_Opt,2026-03-10T08:07:09.514991,77.81321716308594,25.208534240722656,0.0020261001773178,11.257,1.001,0.0,0.0,0,0,1,,0.85,2026-03-10T08:07:09.514991,happy,0.999,2026-03-10T08:07:09.514991,1.0,2026-03-10T08:07:09.357000,67,,,
participant_05,1,day,Town10HD_Opt,2026-03-10T08:07:10.407763,79.5488052368164,25.20517921447754,0.0020329284016042,7.988,1.011,0.0,0.259,0,0,1,,0.827,2026-03-10T08:07:10.407763,happy,0.999,2026-03-10T08:07:09.514991,1.0,2026-03-10T08:07:10.347000,66,,,
participant_05,1,day,Town10HD_Opt,2026-03-10T08:07:11.575816,80.32261657714844,25.208890914916992,0.0020050047896802,0.0,1.011,0.0,0.22,0,0,1,,1.0,2026-03-10T08:07:11.575816,happy,0.996,2026-03-10T08:07:11.575816,1.0,2026-03-10T08:07:11.382000,64,,,
participant_06,1,day,Town10HD_Opt,2026-03-10T09:01:27.709250,-41.66858673095703,89.7454833984375,0.5804919004440308,0.0,-0.247,0.0,0.0,0,0,0,,1.0,2026-03-10T09:01:27.709250,,,2026-03-10T09:01:27.709250,0.527,2026-03-10T09:01:27.334000,87,,,
participant_06,1,day,Town10HD_Opt,2026-03-10T09:01:32.377147,-41.66858673095703,89.7454833984375,0.0019181441748514,0.0,-0.247,0.0,0.0,0,0,0,,1.0,2026-03-10T09:01:32.377147,,,2026-03-10T09:01:32.377147,0.596,2026-03-10T09:01:32.332000,92,,,
participant_06,1,day,Town10HD_Opt,2026-03-10T09:01:32.708129,-41.66858673095703,89.7454833984375,0.0019181441748514,0.0,-0.247,0.0,0.0,0,0,0,,1.0,2026-03-10T09:01:32.377147,,,2026-03-10T09:01:32.377147,0.596,2026-03-10T09:01:32.332000,92,,,
participant_06,1,day,Town10HD_Opt,2026-03-10T09:01:33.955466,-41.66858673095703,89.7454833984375,0.0019181441748514,0.0,-0.247,0.0,0.0,0,0,0,,0.823,2026-03-10T09:01:33.955466,,,2026-03-10T09:01:32.377147,0.609,2026-03-10T09:01:33.318000,92,,,
participant_06,1,day,Town10HD_Opt,2026-03-10T09:01:34.936023,-41.66858673095703,89.7454833984375,0.0019181441748514,0.0,-0.247,0.0,0.0,0,0,0,,1.0,2026-03-10T09:01:34.936023,neutral,0.949,2026-03-10T09:01:34.936023,0.617,2026-03-10T09:01:34.354000,92,,,
participant_06,1,day,Town10HD_Opt,2026-03-10T09:01:35.996955,-41.66858673095703,89.7454833984375,0.0019181441748514,0.0,-0.247,0.0,0.0,0,0,0,,1.0,2026-03-10T09:01:35.996955,neutral,0.949,2026-03-10T09:01:34.936023,0.628,2026-03-10T09:01:35.344000,89,,,
participant_06,1,day,Town10HD_Opt,2026-03-10T09:01:36.984362,-41.66858673095703,89.7454833984375,0.0019181441748514,0.0,-0.247,0.0,0.0,0,0,0,,1.0,2026-03-10T09:01:36.984362,neutral,0.944,2026-03-10T09:01:36.984362,0.635,2026-03-10T09:01:36.335000,89,,,
participant_06,1,day,Town10HD_Opt,2026-03-10T09:01:37.998159,-41.66858673095703,89.7454833984375,0.0019181441748514,0.0,-0.247,0.0,0.0,0,0,0,,1.0,2026-03-10T09:01:37.998159,neutral,0.944,2026-03-10T09:01:36.984362,0.642,2026-03-10T09:01:37.324000,89,,,
participant_06,1,day,Town10HD_Opt,2026-03-10T09:01:39.018522,-41.66858673095703,89.7454833984375,0.0019181441748514,0.0,-0.247,0.0,0.0,0,0,0,,1.0,2026-03-10T09:01:39.018522,happy,0.988,2026-03-10T09:01:39.018522,0.65,2026-03-10T09:01:38.314000,89,,,
participant_06,1,day,Town10HD_Opt,2026-03-10T09:01:39.773799,-41.66858673095703,89.7454833984375,0.0019181441748514,0.0,-0.247,0.0,0.0,0,0,0,,1.0,2026-03-10T09:01:39.773799,happy,0.988,2026-03-10T09:01:39.018522,0.658,2026-03-10T09:01:39.348000,89,,,
participant_06,1,day,Town10HD_Opt,2026-03-10T09:01:40.757245,-41.66858673095703,89.7454833984375,0.0019181441748514,0.0,-0.247,0.0,0.0,0,0,0,,1.0,2026-03-10T09:01:40.757245,happy,0.988,2026-03-10T09:01:39.018522,0.666,2026-03-10T09:01:40.339000,89,,,
participant_06,1,day,Town10HD_Opt,2026-03-10T09:01:41.771373,-41.66858673095703,89.7454833984375,0.0019181441748514,0.0,-0.247,0.0,0.0,0,0,0,,1.0,2026-03-10T09:01:41.771373,happy,0.866,2026-03-10T09:01:41.771373,0.673,2026-03-10T09:01:41.330000,88,,,
participant_06,1,day,Town10HD_Opt,2026-03-10T09:01:42.825238,-41.66858673095703,89.7454833984375,0.0019181441748514,0.0,0.644,0.778,0.0,0,0,0,,1.0,2026-03-10T09:01:42.825238,happy,0.866,2026-03-10T09:01:41.771373,0.681,2026-03-10T09:01:42.318000,87,,,
participant_06,1,day,Town10HD_Opt,2026-03-10T09:01:43.824100,-41.66599655151367,88.9237289428711,0.0013215255457907,14.487,0.611,0.962,0.0,0,0,1,,0.823,2026-03-10T09:01:43.824100,neutral,0.687,2026-03-10T09:01:43.824100,0.689,2026-03-10T09:01:43.354000,86,,,
participant_06,1,day,Town10HD_Opt,2026-03-10T09:01:44.923123,-41.63834762573242,85.81222534179688,0.0019764709286391,17.947,0.827,0.128,0.0,0,0,1,,1.0,2026-03-10T09:01:44.923123,neutral,0.687,2026-03-10T09:01:43.824100,0.691,2026-03-10T09:01:44.389000,86,,,
participant_06,1,day,Town10HD_Opt,2026-03-10T09:01:45.969773,-41.563758850097656,82.82283020019531,0.0019695663359016,16.146,3.471,0.186,0.0,0,0,1,,1.0,2026-03-10T09:01:45.969773,neutral,0.958,2026-03-10T09:01:45.969773,0.692,2026-03-10T09:01:45.334000,89,,,
participant_06,1,day,Town10HD_Opt,2026-03-10T09:01:46.723062,-41.39632415771485,80.9480972290039,0.0018938827561214,16.766,8.029,0.395,0.0,0,0,1,,0.895,2026-03-10T09:01:46.723062,neutral,0.958,2026-03-10T09:01:45.969773,0.69,2026-03-10T09:01:46.414000,91,,,
participant_06,1,day,Town10HD_Opt,2026-03-10T09:01:47.773521,-40.76408004760742,77.9130859375,0.0020623398013412,18.345,10.656,0.375,0.0,0,0,1,,1.0,2026-03-10T09:01:47.773521,neutral,0.958,2026-03-10T09:01:45.969773,0.688,2026-03-10T09:01:47.315000,92,,,
participant_06,1,day,Town10HD_Opt,2026-03-10T09:01:48.918330,-39.53650665283203,74.95092010498047,0.0020353698637336,18.772,15.721,0.367,0.0,0,0,1,,1.0,2026-03-10T09:01:48.918330,neutral,0.978,2026-03-10T09:01:48.918330,0.686,2026-03-10T09:01:48.394000,92,,,
participant_06,1,day,Town10HD_Opt,2026-03-10T09:01:50.042702,-37.4530029296875,72.3740005493164,0.0020499038510024,19.442,19.644,0.344,0.0,0,0,1,,0.803,2026-03-10T09:01:50.042702,neutral,0.978,2026-03-10T09:01:48.918330,0.685,2026-03-10T09:01:49.338000,93,,,
participant_06,1,day,Town10HD_Opt,2026-03-10T09:01:50.790029,-35.59904861450195,71.07665252685547,0.0020625304896384,19.638,20.498,0.344,0.0,0,0,1,,1.0,2026-03-10T09:01:50.790029,neutral,0.978,2026-03-10T09:01:48.918330,0.683,2026-03-10T09:01:50.374000,92,,,
participant_06,1,day,Town10HD_Opt,2026-03-10T09:01:51.837917,-32.34900665283203,69.99526977539062,0.0020571136847138,19.986,13.161,0.342,0.0,0,0,1,,0.879,2026-03-10T09:01:51.837917,neutral,0.986,2026-03-10T09:01:51.837917,0.681,2026-03-10T09:01:51.322000,92,,,
participant_06,1,day,Town10HD_Opt,2026-03-10T09:01:52.900914,-28.85415267944336,69.59513092041016,0.0020455932244658,20.191,7.347,0.342,0.0,0,0,1,,0.815,2026-03-10T09:01:52.900914,neutral,0.986,2026-03-10T09:01:51.837917,0.679,2026-03-10T09:01:52.354000,90,,,
participant_06,1,day,Town10HD_Opt,2026-03-10T09:01:53.973792,-25.29965591430664,69.60286712646484,0.0020264815539121,20.645,1.568,0.366,0.0,0,0,1,,1.0,2026-03-10T09:01:53.973792,neutral,0.914,2026-03-10T09:01:53.973792,0.677,2026-03-10T09:01:53.346000,89,,,
participant_06,1,day,Town10HD_Opt,2026-03-10T09:01:54.719328,-22.86748695373535,69.63871765136719,0.002021598862484,21.11,-3.059,0.359,0.0,0,0,1,,0.929,2026-03-10T09:01:54.719328,neutral,0.914,2026-03-10T09:01:53.973792,0.675,2026-03-10T09:01:54.334000,89,,,
participant_06,1,day,Town10HD_Opt,2026-03-10T09:01:55.758731,-19.125747680664062,69.59523010253906,0.0020249558147042,21.7,2.153,0.359,0.0,0,0,1,,0.935,2026-03-10T09:01:55.758731,neutral,0.914,2026-03-10T09:01:53.973792,0.674,2026-03-10T09:01:55.324000,90,,,
participant_06,1,day,Town10HD_Opt,2026-03-10T09:01:56.817679,-15.286521911621094,69.6318359375,0.0020265197381377,22.221,-0.674,0.359,0.0,0,0,1,,0.896,2026-03-10T09:01:56.817679,neutral,0.992,2026-03-10T09:01:56.817679,0.675,2026-03-10T09:01:56.315000,91,,,
participant_06,1,day,Town10HD_Opt,2026-03-10T09:01:57.842154,-11.36011791229248,69.6234359741211,0.0020282363984733,22.687,0.078,0.359,0.0,0,0,1,,0.93,2026-03-10T09:01:57.842154,neutral,0.992,2026-03-10T09:01:56.817679,0.675,2026-03-10T09:01:57.349000,92,,,
participant_06,1,day,Town10HD_Opt,2026-03-10T09:01:58.896528,-7.35674238204956,69.62390899658203,0.0020303344354033,23.094,0.277,0.358,0.0,0,0,1,,0.9,2026-03-10T09:01:58.896528,neutral,0.999,2026-03-10T09:01:58.896528,0.675,2026-03-10T09:01:58.339000,94,,,
participant_06,1,day,Town10HD_Opt,2026-03-10T09:01:59.865653,-3.2877566814422607,69.6466064453125,0.0020324324723333,23.415,0.106,0.357,0.0,0,0,1,,1.0,2026-03-10T09:01:59.865653,neutral,0.999,2026-03-10T09:01:58.896528,0.675,2026-03-10T09:01:59.329000,94,,,
participant_06,1,day,Town10HD_Opt,2026-03-10T09:02:00.846338,0.835516095161438,69.68023681640625,0.0020343780051916,23.712,0.096,0.356,0.0,0,0,1,,1.0,2026-03-10T09:02:00.846338,neutral,0.999,2026-03-10T09:01:58.896528,0.675,2026-03-10T09:02:00.320000,93,,,
participant_06,1,day,Town10HD_Opt,2026-03-10T09:02:01.816063,5.004571437835693,69.72296905517578,0.0020355223678052,23.955,0.096,0.356,0.0,0,0,1,,0.919,2026-03-10T09:02:01.816063,neutral,0.985,2026-03-10T09:02:01.816063,0.675,2026-03-10T09:02:01.355000,91,,,
participant_06,1,day,Town10HD_Opt,2026-03-10T09:02:02.842515,9.213705062866213,69.7750015258789,0.002036437857896,24.168,0.096,0.353,0.0,0,0,1,,0.909,2026-03-10T09:02:02.842515,neutral,0.985,2026-03-10T09:02:01.816063,0.675,2026-03-10T09:02:02.344000,88,,,
participant_06,1,day,Town10HD_Opt,2026-03-10T09:02:03.847709,13.353962898254396,69.8349380493164,0.0021691513247787,21.57,0.096,0.0,0.0,0,0,1,,0.893,2026-03-10T09:02:03.847709,neutral,0.988,2026-03-10T09:02:03.847709,0.676,2026-03-10T09:02:03.334000,86,,,
participant_06,1,day,Town10HD_Opt,2026-03-10T09:02:04.893530,16.694257736206055,69.8899917602539,0.0019616317003965,16.22,0.096,0.0,0.146,0,0,1,,0.947,2026-03-10T09:02:04.893530,neutral,0.988,2026-03-10T09:02:03.847709,0.679,2026-03-10T09:02:04.324000,86,,,
participant_06,1,day,Town10HD_Opt,2026-03-10T09:02:05.967048,19.18490600585937,69.93578338623047,0.0020685195922851,11.693,0.096,0.0,0.095,0,0,1,,0.97,2026-03-10T09:02:05.967048,neutral,0.999,2026-03-10T09:02:05.967048,0.682,2026-03-10T09:02:05.317000,86,,,
participant_06,1,day,Town10HD_Opt,2026-03-10T09:02:06.959270,20.993385314941406,69.97116088867188,0.0020217131823301,8.641,0.096,0.0,0.12,0,0,1,,0.94,2026-03-10T09:02:06.959270,neutral,0.999,2026-03-10T09:02:05.967048,0.683,2026-03-10T09:02:06.349000,86,Solid line crossing,Solid line crossing,
participant_06,1,day,Town10HD_Opt,2026-03-10T09:02:08.008904,21.949499130249023,69.99057006835938,0.0023422623053193,0.001,0.096,0.0,0.399,0,0,1,,0.874,2026-03-10T09:02:08.008904,neutral,0.941,2026-03-10T09:02:08.008904,0.685,2026-03-10T09:02:07.339000,86,,,
participant_06,1,day,Town10HD_Opt,2026-03-10T09:02:08.983959,21.950946807861328,69.9905776977539,0.0019327925983816,0.014,0.096,0.005,0.0,0,0,1,,0.971,2026-03-10T09:02:08.983959,neutral,0.941,2026-03-10T09:02:08.008904,0.682,2026-03-10T09:02:08.329000,86,,,
participant_06,1,day,Town10HD_Opt,2026-03-10T09:02:09.997982,21.98520469665528,69.99134063720703,0.0018587874947115,1.322,0.101,0.24,0.0,0,0,1,,0.952,2026-03-10T09:02:09.997982,neutral,0.941,2026-03-10T09:02:08.008904,0.676,2026-03-10T09:02:09.320000,85,,,
participant_06,1,day,Town10HD_Opt,2026-03-10T09:02:11.004232,22.387176513671875,69.9997329711914,0.0018351363250985,3.816,0.101,0.242,0.0,0,0,1,,0.837,2026-03-10T09:02:11.004232,neutral,0.991,2026-03-10T09:02:11.004232,0.664,2026-03-10T09:02:10.355000,85,,,
participant_06,1,day,Town10HD_Opt,2026-03-10T09:02:11.752525,22.90518569946289,70.01010131835938,0.0018357086228206,5.478,-0.888,0.241,0.0,0,0,1,,1.0,2026-03-10T09:02:11.752525,neutral,0.991,2026-03-10T09:02:11.004232,0.661,2026-03-10T09:02:11.434000,84,,,
participant_06,1,day,Town10HD_Opt,2026-03-10T09:02:12.783822,24.01721572875977,70.01710510253906,0.0018546676728874,7.481,0.971,0.219,0.0,0,0,1,,0.844,2026-03-10T09:02:12.783822,neutral,0.991,2026-03-10T09:02:11.004232,0.655,2026-03-10T09:02:12.380000,82,,,
participant_06,1,day,Town10HD_Opt,2026-03-10T09:02:13.809346,25.29739761352539,70.04634094238281,0.0019644545391201,6.423,0.505,0.0,0.12,0,0,1,,0.864,2026-03-10T09:02:13.809346,neutral,0.972,2026-03-10T09:02:13.809346,0.65,2026-03-10T09:02:13.325000,81,,,
participant_06,1,day,Town10HD_Opt,2026-03-10T09:02:14.791293,25.57332420349121,70.05333709716797,0.0019839478190988,0.0,0.484,0.0,0.3,0,0,1,,0.86,2026-03-10T09:02:14.791293,neutral,0.972,2026-03-10T09:02:13.809346,0.643,2026-03-10T09:02:14.315000,81,,,
participant_06,1,day,Town10HD_Opt,2026-03-10T09:02:15.755856,25.57330703735352,70.05333709716797,0.0019182204268872,0.206,0.376,0.354,0.0,0,0,1,,1.0,2026-03-10T09:02:15.755856,neutral,0.972,2026-03-10T09:02:13.809346,0.635,2026-03-10T09:02:15.349000,81,,,
participant_06,1,day,Town10HD_Opt,2026-03-10T09:02:16.769862,26.024349212646484,70.0582275390625,0.0017300796462222,5.774,-1.97,0.43,0.0,0,0,1,,0.842,2026-03-10T09:02:16.769862,happy,0.562,2026-03-10T09:02:16.769862,0.633,2026-03-10T09:02:16.340000,81,,,
participant_06,1,day,Town10HD_Opt,2026-03-10T09:02:17.854811,27.37670516967773,70.03599548339844,0.0018628310644999,8.623,-5.177,0.157,0.0,0,0,1,,0.971,2026-03-10T09:02:17.854811,happy,0.562,2026-03-10T09:02:16.769862,0.646,2026-03-10T09:02:17.330000,81,,,
participant_06,1,day,Town10HD_Opt,2026-03-10T09:02:18.901676,28.869291305541992,69.92755889892578,0.0019419860327616,8.137,-6.499,0.104,0.0,0,0,1,,0.983,2026-03-10T09:02:18.901676,happy,0.525,2026-03-10T09:02:18.901676,0.662,2026-03-10T09:02:18.320000,83,,,
participant_06,1,day,Town10HD_Opt,2026-03-10T09:02:20.016872,30.25347900390625,69.73552703857422,0.0019188307924196,7.968,-8.842,0.196,0.0,0,0,1,,0.994,2026-03-10T09:02:20.016872,happy,0.525,2026-03-10T09:02:18.901676,0.686,2026-03-10T09:02:19.355000,84,,,
participant_06,1,day,Town10HD_Opt,2026-03-10T09:02:20.729559,31.20306396484375,69.53974151611328,0.0018896865658462,8.691,-9.04,0.211,0.0,0,0,1,,0.988,2026-03-10T09:02:20.729559,happy,0.525,2026-03-10T09:02:18.901676,0.713,2026-03-10T09:02:20.345000,85,,,
participant_06,1,day,Town10HD_Opt,2026-03-10T09:02:21.759630,32.76118469238281,69.10660552978516,0.0018835830269381,9.858,-9.55,0.222,0.0,0,0,1,,0.979,2026-03-10T09:02:21.759630,neutral,0.939,2026-03-10T09:02:21.759630,0.731,2026-03-10T09:02:21.335000,84,,,
participant_06,1,day,Town10HD_Opt,2026-03-10T09:02:22.802405,34.44804000854492,68.45897674560547,0.0018895721295848,10.882,-11.057,0.236,0.0,0,0,1,,0.982,2026-03-10T09:02:22.802405,neutral,0.939,2026-03-10T09:02:21.759630,0.752,2026-03-10T09:02:22.325000,83,,,
participant_06,1,day,Town10HD_Opt,2026-03-10T09:02:23.823640,36.21923065185547,67.53617095947266,0.0018808364402502,12.138,-11.057,0.246,0.0,0,0,1,,0.931,2026-03-10T09:02:23.823640,happy,0.62,2026-03-10T09:02:23.823640,0.771,2026-03-10T09:02:23.315000,82,,,
participant_06,1,day,Town10HD_Opt,2026-03-10T09:02:24.821840,38.0247802734375,66.29981994628906,0.0018997192382812,12.885,-11.057,0.234,0.0,0,0,1,,0.985,2026-03-10T09:02:24.821840,happy,0.62,2026-03-10T09:02:23.823640,0.79,2026-03-10T09:02:24.349000,82,,,
participant_06,1,day,Town10HD_Opt,2026-03-10T09:02:25.809458,39.75389099121094,64.75301361083984,0.0026510239113122,13.732,-11.057,0.259,0.0,0,0,1,,0.989,2026-03-10T09:02:25.809458,happy,0.62,2026-03-10T09:02:23.823640,0.81,2026-03-10T09:02:25.339000,82,,,
participant_06,1,day,Town10HD_Opt,2026-03-10T09:02:26.823555,41.35435485839844,62.87019348144531,0.0018812179332599,14.662,-11.041,0.265,0.0,0,0,1,,0.969,2026-03-10T09:02:26.823555,happy,0.769,2026-03-10T09:02:26.823555,0.826,2026-03-10T09:02:26.329000,82,,,
participant_06,1,day,Town10HD_Opt,2026-03-10T09:02:27.857785,42.75022506713867,60.64348602294922,0.0018941116286441,15.472,-11.028,0.269,0.0,0,0,1,,0.8,2026-03-10T09:02:27.857785,happy,0.769,2026-03-10T09:02:26.823555,0.818,2026-03-10T09:02:27.366000,83,,,
participant_06,1,day,Town10HD_Opt,2026-03-10T09:02:28.900566,43.84769821166992,58.10395812988281,0.0019036864396184,16.217,-11.228,0.266,0.0,0,0,1,,0.905,2026-03-10T09:02:28.900566,happy,0.794,2026-03-10T09:02:28.900566,0.811,2026-03-10T09:02:28.355000,86,,,
participant_06,1,day,Town10HD_Opt,2026-03-10T09:02:29.896186,44.54549026489258,55.31881713867188,0.0019116591429337,16.703,-11.344,0.262,0.0,0,0,1,,0.984,2026-03-10T09:02:29.896186,happy,0.794,2026-03-10T09:02:28.900566,0.799,2026-03-10T09:02:29.345000,89,,,
participant_06,1,day,Town10HD_Opt,2026-03-10T09:02:30.907876,44.83444595336914,52.39274215698242,0.0019248580792918,16.732,-4.568,0.175,0.0,0,0,1,,0.971,2026-03-10T09:02:30.907876,neutral,0.934,2026-03-10T09:02:30.907876,0.79,2026-03-10T09:02:30.336000,91,,,
participant_06,1,day,Town10HD_Opt,2026-03-10T09:02:31.928833,44.91816329956055,49.55557632446289,0.0019564819522202,15.616,-6.225,0.17,0.0,0,0,1,,0.98,2026-03-10T09:02:31.928833,neutral,0.934,2026-03-10T09:02:30.907876,0.78,2026-03-10T09:02:31.325000,92,,,
participant_06,1,day,Town10HD_Opt,2026-03-10T09:02:32.981338,44.77811050415039,46.92892456054688,0.0019980238284915,13.727,-4.365,0.0,0.0,0,0,1,,0.953,2026-03-10T09:02:32.981338,neutral,0.795,2026-03-10T09:02:32.981338,0.771,2026-03-10T09:02:32.360000,92,,,errors=Solid line crossing
participant_06,1,day,Town10HD_Opt,2026-03-10T09:02:34.024955,44.61164093017578,44.81966781616211,0.0020359419286251,10.132,2.059,0.0,0.069,0,0,1,,0.946,2026-03-10T09:02:34.024955,neutral,0.795,2026-03-10T09:02:32.981338,0.762,2026-03-10T09:02:33.350000,92,,,
participant_06,1,day,Town10HD_Opt,2026-03-10T09:02:34.732235,44.56789779663086,43.74188232421875,0.002005310030654,8.325,3.49,0.0,0.0,0,0,1,,0.894,2026-03-10T09:02:34.732235,neutral,0.795,2026-03-10T09:02:32.981338,0.752,2026-03-10T09:02:34.339000,91,,,
participant_06,1,day,Town10HD_Opt,2026-03-10T09:02:35.746058,44.54523468017578,42.41764068603516,0.001928825280629,7.573,2.73,0.288,0.0,0,0,1,,0.883,2026-03-10T09:02:35.746058,neutral,0.954,2026-03-10T09:02:35.746058,0.743,2026-03-10T09:02:35.330000,93,,,
participant_06,1,day,Town10HD_Opt,2026-03-10T09:02:36.796528,44.55061340332031,40.89611053466797,0.0018125915667042,10.518,3.033,0.356,0.0,0,0,1,,0.857,2026-03-10T09:02:36.796528,neutral,0.954,2026-03-10T09:02:35.746058,0.734,2026-03-10T09:02:36.365000,95,,,
participant_06,1,day,Town10HD_Opt,2026-03-10T09:02:37.809833,44.6353645324707,38.83209991455078,0.0018589019309729,12.805,5.742,0.214,0.0,0,0,1,,1.0,2026-03-10T09:02:37.809833,neutral,0.926,2026-03-10T09:02:37.809833,0.733,2026-03-10T09:02:37.355000,96,,,
participant_06,1,day,Town10HD_Opt,2026-03-10T09:02:38.879449,44.97501373291016,36.636905670166016,0.0019544982351362,12.17,12.573,0.067,0.0,0,0,1,,0.862,2026-03-10T09:02:38.879449,neutral,0.926,2026-03-10T09:02:37.809833,0.732,2026-03-10T09:02:38.345000,97,,,
participant_06,1,day,Town10HD_Opt,2026-03-10T09:02:39.905477,45.59366226196289,34.8061637878418,0.0019984054379165,9.906,17.936,0.103,0.0,0,0,1,,1.0,2026-03-10T09:02:39.905477,neutral,0.979,2026-03-10T09:02:39.905477,0.732,2026-03-10T09:02:39.335000,96,,,
participant_06,1,day,Town10HD_Opt,2026-03-10T09:02:40.926677,46.41703414916992,33.3558464050293,0.0019253920763731,9.623,19.327,0.223,0.0,0,0,1,,1.0,2026-03-10T09:02:40.926677,neutral,0.979,2026-03-10T09:02:39.905477,0.732,2026-03-10T09:02:40.325000,95,,,
participant_06,1,day,Town10HD_Opt,2026-03-10T09:02:41.905247,47.55982971191406,31.97603988647461,0.0018708801362663,11.309,19.315,0.29,0.0,0,0,1,,1.0,2026-03-10T09:02:41.905247,neutral,0.979,2026-03-10T09:02:39.905477,0.732,2026-03-10T09:02:41.405000,94,,,
participant_06,1,day,Town10HD_Opt,2026-03-10T09:02:42.942433,49.18773651123047,30.63487434387207,0.0018776321085169,13.054,19.188,0.282,0.0,0,0,1,,0.824,2026-03-10T09:02:42.942433,neutral,0.908,2026-03-10T09:02:42.942433,0.732,2026-03-10T09:02:42.351000,94,,,
participant_06,1,day,Town10HD_Opt,2026-03-10T09:02:43.992410,51.30575942993164,29.55212783813477,0.0018908309284597,14.41,17.831,0.263,0.0,0,0,1,,0.871,2026-03-10T09:02:43.992410,neutral,0.908,2026-03-10T09:02:42.942433,0.732,2026-03-10T09:02:43.340000,94,,,
participant_06,1,day,Town10HD_Opt,2026-03-10T09:02:45.018732,53.78019332885742,28.81164932250977,0.0019022750202566,15.193,11.368,0.249,0.0,0,0,1,,0.845,2026-03-10T09:02:45.018732,neutral,0.975,2026-03-10T09:02:45.018732,0.732,2026-03-10T09:02:44.332000,94,,,
participant_06,1,day,Town10HD_Opt,2026-03-10T09:02:46.005762,56.428001403808594,28.28954124450684,0.0019039153121411,15.682,0.261,0.246,0.0,0,0,1,,0.892,2026-03-10T09:02:46.005762,neutral,0.975,2026-03-10T09:02:45.018732,0.732,2026-03-10T09:02:45.365000,96,,,
participant_06,1,day,Town10HD_Opt,2026-03-10T09:02:47.012476,59.11500930786133,27.609174728393555,0.001905555720441,16.118,-5.583,0.271,0.0,0,0,1,,0.858,2026-03-10T09:02:47.012476,neutral,0.975,2026-03-10T09:02:45.018732,0.732,2026-03-10T09:02:46.355000,98,,,
participant_06,1,day,Town10HD_Opt,2026-03-10T09:02:47.997350,61.85806655883789,26.75010681152344,0.0018971251556649,16.801,1.093,0.284,0.0,0,0,1,,0.926,2026-03-10T09:02:47.997350,neutral,0.974,2026-03-10T09:02:47.997350,0.732,2026-03-10T09:02:47.346000,100,,,
participant_06,1,day,Town10HD_Opt,2026-03-10T09:02:49.008560,64.74542999267578,25.94090461730957,0.0018983840709552,17.484,1.984,0.275,0.0,0,0,1,,0.919,2026-03-10T09:02:49.008560,neutral,0.974,2026-03-10T09:02:47.997350,0.732,2026-03-10T09:02:48.335000,101,,,
participant_06,1,day,Town10HD_Opt,2026-03-10T09:02:49.718305,66.74044036865234,25.445602416992188,0.0019040297484025,17.785,2.534,0.27,0.0,0,0,1,,0.931,2026-03-10T09:02:49.718305,neutral,0.974,2026-03-10T09:02:47.997350,0.732,2026-03-10T09:02:49.325000,101,,,
participant_06,1,day,Town10HD_Opt,2026-03-10T09:02:50.998661,70.81745147705078,24.650774002075195,0.0019387817010283,17.49,5.917,0.207,0.0,0,0,1,,0.93,2026-03-10T09:02:50.998661,neutral,0.948,2026-03-10T09:02:50.998661,0.732,2026-03-10T09:02:50.359000,101,,,errors=Solid line crossing
participant_06,1,day,Town10HD_Opt,2026-03-10T09:02:52.040382,73.79903411865234,24.428407669067383,0.0019601820968091,16.361,7.763,0.0,0.0,0,0,1,,0.923,2026-03-10T09:02:52.040382,neutral,0.948,2026-03-10T09:02:50.998661,0.717,2026-03-10T09:02:51.350000,99,,,
participant_06,1,day,Town10HD_Opt,2026-03-10T09:02:53.046702,76.35877227783203,24.52530860900879,0.0020391081925481,12.363,3.759,0.0,0.13,0,0,1,,0.877,2026-03-10T09:02:53.046702,neutral,0.928,2026-03-10T09:02:53.046702,0.702,2026-03-10T09:02:52.340000,97,,,
participant_06,1,day,Town10HD_Opt,2026-03-10T09:02:53.754262,77.68634796142578,24.589990615844727,0.0020513152703642,9.786,-3.58,0.0,0.214,0,0,1,,0.936,2026-03-10T09:02:53.754262,neutral,0.928,2026-03-10T09:02:53.046702,0.686,2026-03-10T09:02:53.330000,97,,,
participant_06,1,day,Town10HD_Opt,2026-03-10T09:02:54.736710,79.06207275390625,24.58529281616211,0.0020551299676299,5.537,-2.642,0.0,0.277,0,0,1,,0.972,2026-03-10T09:02:54.736710,neutral,0.928,2026-03-10T09:02:53.046702,0.671,2026-03-10T09:02:54.365000,97,,,
participant_06,1,day,Town10HD_Opt,2026-03-10T09:02:55.782178,79.20401000976562,24.583934783935547,0.001958007691428,0.062,-0.129,0.0,0.0,0,0,1,,0.818,2026-03-10T09:02:55.782178,neutral,0.936,2026-03-10T09:02:55.782178,0.656,2026-03-10T09:02:55.356000,97,,,
participant_06,1,day,Town10HD_Opt,2026-03-10T09:02:56.812515,79.2139892578125,24.58405876159668,0.00192012777552,0.053,0.374,0.0,0.0,0,0,1,,0.925,2026-03-10T09:02:56.812515,neutral,0.936,2026-03-10T09:02:55.782178,0.64,2026-03-10T09:02:56.346000,97,,,
participant_06,1,day,Town10HD_Opt,2026-03-10T09:02:57.965766,79.22178649902344,24.584142684936523,0.0019192504696547,0.041,0.315,0.0,0.0,0,0,1,,1.0,2026-03-10T09:02:57.965766,neutral,0.877,2026-03-10T09:02:57.965766,0.625,2026-03-10T09:02:57.335000,96,,,
participant_06,1,day,Town10HD_Opt,2026-03-10T09:02:58.962960,79.22779083251953,24.58414649963379,0.001919288537465,0.033,0.214,0.0,0.0,0,0,1,,0.919,2026-03-10T09:02:58.962960,neutral,0.877,2026-03-10T09:02:57.965766,0.61,2026-03-10T09:02:58.325000,94,,,
participant_06,1,day,Town10HD_Opt,2026-03-10T09:02:59.979756,79.2323989868164,24.58414459228516,0.0019191741012036,0.026,0.193,0.0,0.0,0,0,1,,0.949,2026-03-10T09:02:59.979756,neutral,0.738,2026-03-10T09:02:59.979756,0.594,2026-03-10T09:02:59.360000,94,,,
participant_06,1,day,Town10HD_Opt,2026-03-10T09:03:00.915288,79.234619140625,24.58414459228516,0.0019187927246093,0.004,0.183,0.0,0.0,0,0,1,,1.0,2026-03-10T09:03:00.915288,neutral,0.738,2026-03-10T09:02:59.979756,0.579,2026-03-10T09:03:00.350000,94,,,
participant_06,1,day,Town10HD_Opt,2026-03-10T09:03:01.863399,79.23494720458984,24.58414459228516,0.0019189452286809,0.001,0.183,0.0,0.0,0,0,1,,0.937,2026-03-10T09:03:01.863399,neutral,0.738,2026-03-10T09:02:59.979756,0.579,2026-03-10T09:03:01.430000,92,,,
participant_06,1,day,Town10HD_Opt,2026-03-10T09:03:02.778044,79.234619140625,24.58414459228516,0.0019186401041224,0.14,0.186,0.105,0.0,0,0,1,,0.907,2026-03-10T09:03:02.778044,neutral,0.574,2026-03-10T09:03:02.778044,0.567,2026-03-10T09:03:02.375000,89,,,
participant_06,1,day,Town10HD_Opt,2026-03-10T09:03:03.776066,79.36373138427734,24.58540916442871,0.0017546081217005,3.138,0.801,0.827,0.0,0,0,1,,0.902,2026-03-10T09:03:03.776066,neutral,0.574,2026-03-10T09:03:02.778044,0.554,2026-03-10T09:03:03.365000,87,,,
participant_06,1,day,Town10HD_Opt,2026-03-10T09:03:04.983528,82.33722686767578,24.64606475830078,0.0017243194160982,22.521,0.834,1.0,0.0,0,0,1,,0.896,2026-03-10T09:03:04.983528,neutral,0.702,2026-03-10T09:03:04.983528,0.54,2026-03-10T09:03:04.355000,84,,,
participant_06,1,day,Town10HD_Opt,2026-03-10T09:03:05.734365,85.34886169433594,24.72317314147949,0.0018460464198142,27.009,-1.92,0.011,0.0,0,0,1,,0.883,2026-03-10T09:03:05.734365,neutral,0.702,2026-03-10T09:03:04.983528,0.52,2026-03-10T09:03:05.346000,81,,,
participant_06,1,day,Town10HD_Opt,2026-03-10T09:03:06.789443,89.64238739013672,24.55034828186035,0.0021780775859951,22.208,-7.42,0.281,0.0,0,0,1,,0.97,2026-03-10T09:03:06.789443,neutral,0.702,2026-03-10T09:03:04.983528,0.502,2026-03-10T09:03:06.336000,79,,,
participant_06,1,day,Town10HD_Opt,2026-03-10T09:03:07.842550,93.44001770019533,23.885316848754883,0.0019981765653938,22.905,-5.749,0.522,0.0,0,0,1,,0.956,2026-03-10T09:03:07.842550,neutral,0.801,2026-03-10T09:03:07.842550,0.485,2026-03-10T09:03:07.325000,78,,,
participant_06,1,day,Town10HD_Opt,2026-03-10T09:03:08.850281,97.54393005371094,22.55867958068848,0.0019244003342464,26.952,-10.641,0.46,0.0,0,0,1,,0.993,2026-03-10T09:03:08.850281,neutral,0.801,2026-03-10T09:03:07.842550,0.467,2026-03-10T09:03:08.361000,77,,,
participant_06,1,day,Town10HD_Opt,2026-03-10T09:03:09.921827,101.52983856201172,20.06794548034668,0.0021456908434629,25.579,-14.393,0.141,0.0,0,0,1,,0.866,2026-03-10T09:03:09.921827,neutral,0.795,2026-03-10T09:03:09.921827,0.449,2026-03-10T09:03:09.350000,77,,,
participant_06,1,day,Town10HD_Opt,2026-03-10T09:03:10.899527,104.18146514892578,16.917261123657227,0.0021971128880977,21.161,-14.364,0.141,0.0,0,0,1,,0.867,2026-03-10T09:03:10.899527,neutral,0.795,2026-03-10T09:03:09.921827,0.431,2026-03-10T09:03:10.340000,77,,,
participant_06,1,day,Town10HD_Opt,2026-03-10T09:03:11.998793,105.5792465209961,13.776742935180664,0.0021323775872588,17.948,-14.215,0.179,0.0,0,0,1,,0.94,2026-03-10T09:03:11.998793,neutral,0.788,2026-03-10T09:03:11.998793,0.414,2026-03-10T09:03:11.330000,77,,,
participant_06,1,day,Town10HD_Opt,2026-03-10T09:03:13.020173,106.16453552246094,10.69142723083496,0.0021228790283203,17.866,-8.413,0.269,0.0,0,0,1,,0.988,2026-03-10T09:03:13.020173,neutral,0.788,2026-03-10T09:03:11.998793,0.408,2026-03-10T09:03:12.365000,77,,,
participant_06,1,day,Town10HD_Opt,2026-03-10T09:03:13.946987,106.4578094482422,7.495859622955322,0.0019571303855627,20.08,-2.492,0.807,0.0,0,0,1,,0.956,2026-03-10T09:03:13.946987,neutral,0.788,2026-03-10T09:03:11.998793,0.406,2026-03-10T09:03:13.355000,78,,,
participant_06,1,day,Town10HD_Opt,2026-03-10T09:03:14.877088,106.70113372802734,3.0920207500457764,0.0018481826409697,28.349,-2.17,0.142,0.0,0,0,1,,0.935,2026-03-10T09:03:14.877088,neutral,0.806,2026-03-10T09:03:14.877088,0.406,2026-03-10T09:03:14.347000,79,,,
participant_06,1,day,Town10HD_Opt,2026-03-10T09:03:15.798329,106.74415588378906,-1.5888062715530396,0.0021594618447124,24.87,-1.718,0.169,0.0,0,0,1,,0.945,2026-03-10T09:03:15.798329,neutral,0.806,2026-03-10T09:03:14.877088,0.41,2026-03-10T09:03:15.335000,80,,,
participant_06,1,day,Town10HD_Opt,2026-03-10T09:03:16.737328,106.69361114501952,-5.6324639320373535,0.0021405410952866,21.49,1.177,0.228,0.0,0,0,1,,0.808,2026-03-10T09:03:16.737328,neutral,0.806,2026-03-10T09:03:14.877088,0.413,2026-03-10T09:03:16.325000,81,,,
participant_06,1,day,Town10HD_Opt,2026-03-10T09:03:17.962647,106.7392349243164,-10.359200477600098,0.0020912550389766,19.153,-0.24,0.311,0.0,0,0,1,,0.917,2026-03-10T09:03:17.962647,neutral,0.973,2026-03-10T09:03:17.962647,0.415,2026-03-10T09:03:17.360000,83,,,
participant_06,1,day,Town10HD_Opt,2026-03-10T09:03:18.897414,106.76712036132812,-13.75467300415039,0.0019653320778161,20.755,-0.129,0.532,0.0,0,0,1,,0.817,2026-03-10T09:03:18.897414,neutral,0.973,2026-03-10T09:03:17.962647,0.418,2026-03-10T09:03:18.350000,83,,,
participant_06,1,day,Town10HD_Opt,2026-03-10T09:03:19.843409,106.80011749267578,-17.714916229248047,0.0019187927246093,24.725,0.839,0.472,0.0,0,0,1,,0.831,2026-03-10T09:03:19.843409,neutral,0.973,2026-03-10T09:03:17.962647,0.421,2026-03-10T09:03:19.340000,85,,,
participant_06,1,day,Town10HD_Opt,2026-03-10T09:03:20.772372,106.9473876953125,-22.229093551635746,0.0019894028082489,26.693,2.043,0.398,0.0,0,0,1,,0.867,2026-03-10T09:03:20.772372,neutral,0.964,2026-03-10T09:03:20.772372,0.423,2026-03-10T09:03:20.375000,87,,,
participant_06,1,day,Town10HD_Opt,2026-03-10T09:03:22.018141,107.42361450195312,-28.55361557006836,0.0020240021403878,27.598,-2.442,0.388,0.0,0,0,1,,0.947,2026-03-10T09:03:22.018141,neutral,0.964,2026-03-10T09:03:20.772372,0.426,2026-03-10T09:03:21.365000,88,,,
participant_06,1,day,Town10HD_Opt,2026-03-10T09:03:23.016907,107.42916870117188,-33.413204193115234,0.0020362853538244,27.991,-7.465,0.387,0.0,0,0,1,,0.878,2026-03-10T09:03:23.016907,neutral,0.862,2026-03-10T09:03:23.016907,0.443,2026-03-10T09:03:22.355000,88,,,
participant_06,1,day,Town10HD_Opt,2026-03-10T09:03:23.894514,106.58430480957033,-38.254581451416016,0.0020399093627929,28.306,-7.489,0.388,0.0,0,0,1,,0.835,2026-03-10T09:03:23.894514,neutral,0.862,2026-03-10T09:03:23.016907,0.457,2026-03-10T09:03:23.346000,88,,,
participant_06,1,day,Town10HD_Opt,2026-03-10T09:03:24.799471,104.87106323242188,-42.91970443725586,0.002039527753368,28.605,-6.502,0.387,0.0,0,0,1,,0.87,2026-03-10T09:03:24.799471,neutral,0.862,2026-03-10T09:03:23.016907,0.472,2026-03-10T09:03:24.335000,87,,,
participant_06,1,day,Town10HD_Opt,2026-03-10T09:03:25.748689,102.43639373779295,-47.31448745727539,0.0020380020141601,28.893,-5.255,0.388,0.0,0,0,1,,0.833,2026-03-10T09:03:25.748689,neutral,0.797,2026-03-10T09:03:25.748689,0.486,2026-03-10T09:03:25.325000,86,,,
participant_06,1,day,Town10HD_Opt,2026-03-10T09:03:26.982142,98.40145111083984,-52.7602424621582,0.0020370865240693,29.247,-4.407,0.387,0.0,0,0,1,,0.967,2026-03-10T09:03:26.982142,neutral,0.797,2026-03-10T09:03:25.748689,0.5,2026-03-10T09:03:26.361000,85,,,
participant_06,1,day,Town10HD_Opt,2026-03-10T09:03:27.952692,94.83109283447266,-56.44012451171875,0.0020412825979292,29.44,-5.777,0.387,0.0,0,0,1,,0.841,2026-03-10T09:03:27.952692,neutral,0.908,2026-03-10T09:03:27.952692,0.514,2026-03-10T09:03:27.351000,85,,,
participant_06,1,day,Town10HD_Opt,2026-03-10T09:03:28.878491,90.73692321777344,-59.57781600952149,0.002041587838903,29.603,-5.356,0.387,0.0,0,0,1,,0.865,2026-03-10T09:03:28.878491,neutral,0.908,2026-03-10T09:03:27.952692,0.528,2026-03-10T09:03:28.340000,85,,,
participant_06,1,day,Town10HD_Opt,2026-03-10T09:03:29.811048,86.23125457763672,-62.18393325805664,0.0020155715756118,30.288,-3.059,0.477,0.0,0,0,1,,0.966,2026-03-10T09:03:29.811048,neutral,0.908,2026-03-10T09:03:27.952692,0.543,2026-03-10T09:03:29.330000,85,,,
participant_06,1,day,Town10HD_Opt,2026-03-10T09:03:30.731616,81.300048828125,-64.46769714355469,0.0019972228910773,31.871,-3.947,0.443,0.0,0,0,1,,0.971,2026-03-10T09:03:30.731616,neutral,0.754,2026-03-10T09:03:30.731616,0.561,2026-03-10T09:03:30.366000,86,,,
participant_06,1,day,Town10HD_Opt,2026-03-10T09:03:32.003696,74.05253601074219,-66.71488952636719,0.0020126341842114,33.306,-4.832,0.443,0.0,0,0,1,,0.92,2026-03-10T09:03:32.003696,neutral,0.754,2026-03-10T09:03:30.731616,0.581,2026-03-10T09:03:31.356000,88,,,
participant_06,1,day,Town10HD_Opt,2026-03-10T09:03:32.984622,68.2175064086914,-67.56689453125,0.0020161436405032,34.22,-3.488,0.443,0.0,0,0,1,,0.979,2026-03-10T09:03:32.984622,neutral,0.886,2026-03-10T09:03:32.984622,0.589,2026-03-10T09:03:32.346000,91,,,
participant_06,1,day,Town10HD_Opt,2026-03-10T09:03:33.958781,62.16929626464844,-67.8608169555664,0.0020165634341537,35.058,-0.479,0.443,0.0,0,0,1,,0.885,2026-03-10T09:03:33.958781,neutral,0.886,2026-03-10T09:03:32.984622,0.6,2026-03-10T09:03:33.335000,93,,,
participant_06,1,day,Town10HD_Opt,2026-03-10T09:03:34.942972,55.97723007202149,-67.99958038330078,0.0020201110746711,35.808,-1.347,0.442,0.0,0,0,1,,0.938,2026-03-10T09:03:34.942972,neutral,0.886,2026-03-10T09:03:32.984622,0.613,2026-03-10T09:03:34.326000,93,,,
participant_06,1,day,Town10HD_Opt,2026-03-10T09:03:35.907019,49.66905975341797,-67.93789672851562,0.0020233916584402,36.407,0.075,0.442,0.0,0,0,1,,0.828,2026-03-10T09:03:35.907019,neutral,0.968,2026-03-10T09:03:35.907019,0.629,2026-03-10T09:03:35.360000,94,,,
participant_06,1,day,Town10HD_Opt,2026-03-10T09:03:36.890678,43.26189804077149,-67.8177490234375,0.002025794936344,36.9,0.23,0.436,0.0,0,0,1,,1.0,2026-03-10T09:03:36.890678,neutral,0.968,2026-03-10T09:03:35.907019,0.643,2026-03-10T09:03:36.353000,93,,,
participant_06,1,day,Town10HD_Opt,2026-03-10T09:03:37.863099,36.86414337158203,-67.72880554199219,0.0021170042455196,35.31,-0.089,0.262,0.0,0,0,1,,1.0,2026-03-10T09:03:37.863099,neutral,0.968,2026-03-10T09:03:35.907019,0.658,2026-03-10T09:03:37.341000,93,,,
participant_06,1,day,Town10HD_Opt,2026-03-10T09:03:38.802257,30.943092346191406,-67.63716888427734,0.0021454237867146,32.103,0.115,0.259,0.0,0,0,1,,0.84,2026-03-10T09:03:38.802257,neutral,0.967,2026-03-10T09:03:38.802257,0.671,2026-03-10T09:03:38.331000,92,,,
participant_06,1,day,Town10HD_Opt,2026-03-10T09:03:39.787819,25.552885055541992,-67.56907653808594,0.0021327210124582,29.447,0.176,0.259,0.0,0,0,1,,1.0,2026-03-10T09:03:39.787819,neutral,0.967,2026-03-10T09:03:38.802257,0.687,2026-03-10T09:03:39.366000,92,,,
participant_06,1,day,Town10HD_Opt,2026-03-10T09:03:40.975085,19.0006160736084,-67.52201843261719,0.002086830092594,27.061,0.176,0.307,0.0,0,0,1,,0.858,2026-03-10T09:03:40.975085,neutral,0.971,2026-03-10T09:03:40.975085,0.702,2026-03-10T09:03:40.356000,91,,,
participant_06,1,day,Town10HD_Opt,2026-03-10T09:03:41.912767,14.363823890686035,-67.51256561279297,0.002084732055664,25.798,0.176,0.293,0.0,0,0,1,,0.852,2026-03-10T09:03:41.912767,neutral,0.971,2026-03-10T09:03:40.975085,0.716,2026-03-10T09:03:41.346000,90,,,
participant_06,1,day,Town10HD_Opt,2026-03-10T09:03:42.870490,9.957674026489258,-67.52196502685547,0.0020886610727757,24.414,0.176,0.284,0.0,0,0,1,,0.87,2026-03-10T09:03:42.870490,neutral,0.971,2026-03-10T09:03:40.975085,0.731,2026-03-10T09:03:42.336000,89,,,
participant_06,1,day,Town10HD_Opt,2026-03-10T09:03:43.778794,5.789795875549316,-67.5470962524414,0.0020771026611328,23.455,0.19,0.901,0.0,0,0,1,,0.915,2026-03-10T09:03:43.778794,neutral,0.92,2026-03-10T09:03:43.778794,0.74,2026-03-10T09:03:43.325000,88,,,
participant_06,1,day,Town10HD_Opt,2026-03-10T09:03:44.988131,-1.56434428691864,-67.63288116455078,0.0015410613268613,42.434,0.209,1.0,0.0,0,0,1,,1.0,2026-03-10T09:03:44.988131,neutral,0.92,2026-03-10T09:03:43.778794,0.75,2026-03-10T09:03:44.361000,87,,,
participant_06,1,day,Town10HD_Opt,2026-03-10T09:03:45.934366,-10.041711807250977,-67.79354858398438,0.0018667601980268,50.374,-0.061,0.0,0.0,0,0,1,,1.0,2026-03-10T09:03:45.934366,neutral,0.902,2026-03-10T09:03:45.934366,0.758,2026-03-10T09:03:45.351000,86,,,
participant_06,1,day,Town10HD_Opt,2026-03-10T09:03:46.953473,-18.831586837768555,-67.9397964477539,0.0019598007202148,51.294,-0.55,0.0,0.129,0,0,1,,0.921,2026-03-10T09:03:46.953473,neutral,0.902,2026-03-10T09:03:45.934366,0.767,2026-03-10T09:03:46.340000,85,,,
participant_06,1,day,Town10HD_Opt,2026-03-10T09:03:47.851542,-26.911489486694336,-67.98274993896484,0.0023814390879124,40.273,0.362,0.0,0.0,0,0,1,,0.937,2026-03-10T09:03:47.851542,neutral,0.902,2026-03-10T09:03:45.934366,0.772,2026-03-10T09:03:47.330000,84,,,
participant_06,1,day,Town10HD_Opt,2026-03-10T09:03:48.812048,-33.203857421875,-68.04232788085938,0.002327880822122,31.17,-0.757,0.173,0.0,0,0,1,,0.942,2026-03-10T09:03:48.812048,neutral,0.888,2026-03-10T09:03:48.812048,0.776,2026-03-10T09:03:48.365000,84,,,
participant_06,1,day,Town10HD_Opt,2026-03-10T09:03:49.783799,-38.489402770996094,-68.02946472167969,0.0019646072760224,31.319,0.613,0.633,0.0,0,0,1,,0.88,2026-03-10T09:03:49.783799,neutral,0.888,2026-03-10T09:03:48.812048,0.778,2026-03-10T09:03:49.356000,85,,,
participant_06,1,day,Town10HD_Opt,2026-03-10T09:03:50.999294,-46.80165863037109,-68.11573791503906,0.0018574142595753,40.43,-0.061,0.679,0.0,0,0,1,,0.933,2026-03-10T09:03:50.999294,neutral,0.924,2026-03-10T09:03:50.999294,0.778,2026-03-10T09:03:50.346000,85,,,
participant_06,1,day,Town10HD_Opt,2026-03-10T09:03:51.949744,-54.345027923583984,-68.2169189453125,0.0018310927553102,46.089,-0.108,0.658,0.0,0,0,1,,0.954,2026-03-10T09:03:51.949744,neutral,0.924,2026-03-10T09:03:50.999294,0.779,2026-03-10T09:03:51.426000,84,,,
participant_06,1,day,Town10HD_Opt,2026-03-10T09:03:52.997444,-62.7835693359375,-68.31739044189453,0.0018937683198601,50.643,-0.221,0.603,0.0,0,0,1,,0.862,2026-03-10T09:03:52.997444,neutral,0.924,2026-03-10T09:03:50.999294,0.778,2026-03-10T09:03:52.370000,83,,,
participant_06,1,day,Town10HD_Opt,2026-03-10T09:03:53.919698,-71.17576599121094,-68.25559997558594,0.0023558426182717,41.914,-3.544,0.0,0.0,0,0,1,,0.954,2026-03-10T09:03:53.919698,neutral,0.92,2026-03-10T09:03:53.919698,0.78,2026-03-10T09:03:53.361000,83,,,
participant_06,1,day,Town10HD_Opt,2026-03-10T09:03:54.928869,-77.76374053955078,-67.48812866210938,0.002347259549424,32.821,-4.115,0.0,0.0,0,0,1,,0.923,2026-03-10T09:03:54.928869,neutral,0.92,2026-03-10T09:03:53.919698,0.775,2026-03-10T09:03:54.351000,82,,,
participant_06,1,day,Town10HD_Opt,2026-03-10T09:03:55.886281,-82.73391723632812,-66.28099822998047,0.0022870253305882,25.226,-4.426,0.098,0.0,0,0,1,,0.983,2026-03-10T09:03:55.886281,neutral,0.92,2026-03-10T09:03:53.919698,0.768,2026-03-10T09:03:55.341000,83,,,
participant_06,1,day,Town10HD_Opt,2026-03-10T09:03:56.842044,-86.57067108154297,-64.89867401123047,0.0021467970218509,21.684,-4.549,0.355,0.0,0,0,1,,0.949,2026-03-10T09:03:56.842044,neutral,0.897,2026-03-10T09:03:56.842044,0.762,2026-03-10T09:03:56.332000,84,,,
participant_06,1,day,Town10HD_Opt,2026-03-10T09:03:57.785404,-90.07411193847656,-63.24773406982422,0.001953125,23.715,-4.511,0.526,0.0,0,0,1,,0.964,2026-03-10T09:03:57.785404,neutral,0.897,2026-03-10T09:03:56.842044,0.762,2026-03-10T09:03:57.366000,84,,,
participant_06,1,day,Town10HD_Opt,2026-03-10T09:03:58.980636,-95.30873107910156,-60.0175895690918,0.0024257279001176,29.579,-4.266,0.545,0.0,0,0,1,,0.962,2026-03-10T09:03:58.980636,neutral,0.908,2026-03-10T09:03:58.980636,0.765,2026-03-10T09:03:58.356000,83,,,
participant_06,1,day,Town10HD_Opt,2026-03-10T09:03:59.982064,-99.5352554321289,-56.63337707519531,0.0020183180458843,31.233,-4.542,0.287,0.0,0,0,1,,0.952,2026-03-10T09:03:59.982064,neutral,0.908,2026-03-10T09:03:58.980636,0.765,2026-03-10T09:03:59.346000,81,,,
participant_06,1,day,Town10HD_Opt,2026-03-10T09:04:00.913712,-103.22877502441406,-52.85554885864258,0.0021303938701748,28.898,-4.778,0.239,0.0,0,0,1,,1.0,2026-03-10T09:04:00.913712,neutral,0.908,2026-03-10T09:03:58.980636,0.767,2026-03-10T09:04:00.335000,81,,,errors=Solid line crossing
participant_06,1,day,Town10HD_Opt,2026-03-10T09:04:01.850327,-106.13729095458984,-49.02898406982422,0.0021350097376853,25.986,-5.078,0.259,0.0,0,0,1,,0.928,2026-03-10T09:04:01.850327,neutral,0.885,2026-03-10T09:04:01.850327,0.767,2026-03-10T09:04:01.371000,81,,,
participant_06,1,day,Town10HD_Opt,2026-03-10T09:04:02.724225,-108.36495971679688,-45.22716522216797,0.0020823287777602,24.591,-5.035,0.346,0.0,0,0,1,,0.855,2026-03-10T09:04:02.724225,neutral,0.885,2026-03-10T09:04:01.850327,0.766,2026-03-10T09:04:02.360000,82,,,
participant_06,1,day,Town10HD_Opt,2026-03-10T09:04:03.711856,-110.10565185546876,-41.30447769165039,0.0020498274825513,24.466,-4.988,0.346,0.0,0,0,1,,0.921,2026-03-10T09:04:03.711856,neutral,0.885,2026-03-10T09:04:01.850327,0.77,2026-03-10T09:04:03.350000,84,,,
participant_06,1,day,Town10HD_Opt,2026-03-10T09:04:04.925501,-111.73517608642578,-35.85348129272461,0.0020503997802734,24.295,-4.983,0.361,0.0,0,0,1,,0.938,2026-03-10T09:04:04.925501,neutral,0.913,2026-03-10T09:04:04.925501,0.778,2026-03-10T09:04:04.341000,84,,,
participant_06,1,day,Town10HD_Opt,2026-03-10T09:04:05.855396,-112.4244613647461,-31.64330101013184,0.002043075626716,24.437,-6.319,0.351,0.0,0,0,1,,0.83,2026-03-10T09:04:05.855396,neutral,0.913,2026-03-10T09:04:04.925501,0.793,2026-03-10T09:04:05.331000,84,,,
participant_06,1,day,Town10HD_Opt,2026-03-10T09:04:06.791950,-112.55616760253906,-27.36788749694824,0.0020486449357122,24.428,-6.303,0.347,0.0,0,0,1,,0.866,2026-03-10T09:04:06.791950,neutral,0.913,2026-03-10T09:04:04.925501,0.805,2026-03-10T09:04:06.366000,84,,,
participant_06,1,day,Town10HD_Opt,2026-03-10T09:04:07.712695,-112.10516357421876,-23.12275123596192,0.0020503997802734,24.349,-5.888,0.342,0.0,0,0,1,,0.925,2026-03-10T09:04:07.712695,neutral,0.841,2026-03-10T09:04:07.712695,0.815,2026-03-10T09:04:07.356000,85,,,
participant_06,1,day,Town10HD_Opt,2026-03-10T09:04:08.723697,-111.23902893066406,-18.95570945739746,0.002049560425803,24.207,2.24,0.338,0.0,0,0,1,,0.84,2026-03-10T09:04:08.723697,neutral,0.841,2026-03-10T09:04:07.712695,0.824,2026-03-10T09:04:08.347000,85,,,
participant_06,1,day,Town10HD_Opt,2026-03-10T09:04:09.977900,-110.47388458251952,-13.41805648803711,0.002087936270982,22.998,3.113,0.0,0.0,0,0,1,,0.933,2026-03-10T09:04:09.977900,neutral,0.983,2026-03-10T09:04:09.977900,0.835,2026-03-10T09:04:09.336000,84,,,
participant_06,1,day,Town10HD_Opt,2026-03-10T09:04:10.937836,-110.28616333007812,-9.847369194030762,0.0020362471695989,17.132,3.405,0.0,0.224,0,0,1,,1.0,2026-03-10T09:04:10.937836,neutral,0.983,2026-03-10T09:04:09.977900,0.846,2026-03-10T09:04:10.371000,83,,,
participant_06,1,day,Town10HD_Opt,2026-03-10T09:04:11.895685,-110.29683685302734,-7.328999996185303,0.0021123504266142,11.086,3.349,0.0,0.416,0,0,1,,0.853,2026-03-10T09:04:11.895685,neutral,0.983,2026-03-10T09:04:09.977900,0.855,2026-03-10T09:04:11.361000,81,,,
participant_06,1,day,Town10HD_Opt,2026-03-10T09:04:12.868156,-110.3331298828125,-5.808021545410156,0.0020482635591179,6.531,-2.367,0.0,0.192,0,0,1,,1.0,2026-03-10T09:04:12.868156,neutral,0.549,2026-03-10T09:04:12.868156,0.864,2026-03-10T09:04:12.351000,80,,,
participant_06,1,day,Town10HD_Opt,2026-03-10T09:04:13.774094,-110.33029174804688,-5.409979820251465,0.0020233916584402,0.0,-2.407,0.0,0.362,0,0,1,,0.864,2026-03-10T09:04:13.774094,neutral,0.549,2026-03-10T09:04:12.868156,0.866,2026-03-10T09:04:13.341000,80,,,
participant_06,1,day,Town10HD_Opt,2026-03-10T09:04:14.724856,-110.33026885986328,-5.409812450408936,0.0019231796031817,0.001,-0.47,0.0,0.0,0,0,1,,0.875,2026-03-10T09:04:14.724856,neutral,0.549,2026-03-10T09:04:12.868156,0.871,2026-03-10T09:04:14.332000,81,,,
participant_06,1,day,Town10HD_Opt,2026-03-10T09:04:15.885041,-110.33026885986328,-5.409725189208984,0.0019190596649423,0.0,0.587,0.0,0.0,0,0,1,,0.961,2026-03-10T09:04:15.885041,neutral,0.941,2026-03-10T09:04:15.885041,0.87,2026-03-10T09:04:15.366000,82,,,
participant_06,1,day,Town10HD_Opt,2026-03-10T09:04:16.774105,-110.33025360107422,-5.409716606140137,0.0019190596649423,0.0,0.587,0.0,0.0,0,0,1,reach_back,0.868,2026-03-10T09:04:16.774105,neutral,0.941,2026-03-10T09:04:15.885041,0.87,2026-03-10T09:04:16.356000,82,,,
participant_06,1,day,Town10HD_Opt,2026-03-10T09:04:17.930114,-110.33026885986328,-5.409712791442871,0.0019189834129065,0.0,0.583,0.0,0.0,0,0,1,,1.0,2026-03-10T09:04:17.930114,neutral,0.978,2026-03-10T09:04:17.930114,0.871,2026-03-10T09:04:17.346000,81,,,
participant_06,1,day,Town10HD_Opt,2026-03-10T09:04:18.842999,-110.33025360107422,-5.409712791442871,0.001919021597132,0.0,0.571,0.0,0.0,0,0,1,reach_back,0.881,2026-03-10T09:04:18.842999,neutral,0.978,2026-03-10T09:04:17.930114,0.871,2026-03-10T09:04:18.336000,80,,,
participant_06,1,day,Town10HD_Opt,2026-03-10T09:04:19.983595,-110.33025360107422,-5.409708023071289,0.001919021597132,0.0,0.571,0.0,0.0,0,0,1,,1.0,2026-03-10T09:04:19.983595,neutral,0.698,2026-03-10T09:04:19.983595,0.871,2026-03-10T09:04:19.371000,79,,,
participant_06,1,day,Town10HD_Opt,2026-03-10T09:04:20.850543,-110.33025360107422,-5.409708023071289,0.0019189834129065,0.0,0.571,0.0,0.0,0,0,1,,1.0,2026-03-10T09:04:20.850543,neutral,0.698,2026-03-10T09:04:19.983595,0.871,2026-03-10T09:04:20.361000,79,,,
participant_06,1,day,Town10HD_Opt,2026-03-10T09:04:21.724437,-110.33026885986328,-5.40970516204834,0.0019190596649423,0.0,0.569,0.0,0.0,0,0,1,,0.828,2026-03-10T09:04:21.724437,neutral,0.698,2026-03-10T09:04:19.983595,0.868,2026-03-10T09:04:21.351000,81,,,
participant_06,1,day,Town10HD_Opt,2026-03-10T09:04:22.943280,-110.33026885986328,-5.409701347351074,0.0019190596649423,0.0,0.569,0.0,0.0,0,0,1,,1.0,2026-03-10T09:04:22.943280,neutral,0.98,2026-03-10T09:04:22.943280,0.864,2026-03-10T09:04:22.341000,84,,,
participant_06,1,day,Town10HD_Opt,2026-03-10T09:04:23.868820,-110.33026885986328,-5.409694194793701,0.0019190978491678,0.0,0.569,0.0,0.0,0,0,1,,1.0,2026-03-10T09:04:23.868820,neutral,0.98,2026-03-10T09:04:22.943280,0.855,2026-03-10T09:04:23.331000,85,,,
participant_06,1,day,Town10HD_Opt,2026-03-10T09:04:24.812892,-110.33025360107422,-5.409689903259277,0.001919021597132,0.0,0.562,0.0,0.0,0,0,1,reach_back,0.886,2026-03-10T09:04:24.812892,neutral,0.98,2026-03-10T09:04:22.943280,0.847,2026-03-10T09:04:24.366000,84,Solid line crossing,Solid line crossing,
participant_06,1,day,Town10HD_Opt,2026-03-10T09:04:25.713811,-110.33078002929688,-5.35207462310791,0.0017697142902761,3.094,0.559,0.945,0.0,0,0,1,reach_back,0.827,2026-03-10T09:04:25.713811,neutral,0.959,2026-03-10T09:04:25.713811,0.84,2026-03-10T09:04:25.356000,85,,,
participant_06,1,day,Town10HD_Opt,2026-03-10T09:04:26.938099,-110.37533569335938,-2.428556203842163,0.0017275619320571,22.316,0.552,0.986,0.0,0,0,1,,1.0,2026-03-10T09:04:26.938099,neutral,0.959,2026-03-10T09:04:25.713811,0.833,2026-03-10T09:04:26.345000,86,,,
participant_06,1,day,Town10HD_Opt,2026-03-10T09:04:27.875046,-110.46087646484376,2.357948303222656,0.0020073316991329,28.103,-0.914,0.0,0.0,0,0,1,,1.0,2026-03-10T09:04:27.875046,neutral,0.974,2026-03-10T09:04:27.875046,0.827,2026-03-10T09:04:27.336000,87,,,
participant_06,1,day,Town10HD_Opt,2026-03-10T09:04:28.803549,-110.44734191894533,6.748331546783447,0.0022534942254424,21.78,-4.221,0.0,0.0,0,0,1,,0.934,2026-03-10T09:04:28.803549,neutral,0.974,2026-03-10T09:04:27.875046,0.822,2026-03-10T09:04:28.371000,87,,,
participant_06,1,day,Town10HD_Opt,2026-03-10T09:04:29.811455,-109.97071075439452,10.001296997070312,0.0019959257915616,16.396,-14.577,0.123,0.0,0,0,1,,0.899,2026-03-10T09:04:29.811455,neutral,0.974,2026-03-10T09:04:27.875046,0.817,2026-03-10T09:04:29.361000,87,,,
participant_06,1,day,Town10HD_Opt,2026-03-10T09:04:30.774225,-108.99885559082033,12.580134391784668,0.0019144820980727,15.754,-4.652,0.305,0.0,0,0,1,,0.897,2026-03-10T09:04:30.774225,neutral,0.935,2026-03-10T09:04:30.774225,0.813,2026-03-10T09:04:30.351000,88,,,
participant_06,1,day,Town10HD_Opt,2026-03-10T09:04:31.759961,-107.81289672851562,15.23770236968994,0.0018391036428511,18.042,-7.287,0.407,0.0,0,0,1,,0.843,2026-03-10T09:04:31.759961,neutral,0.935,2026-03-10T09:04:30.774225,0.812,2026-03-10T09:04:31.340000,88,,,
participant_06,1,day,Town10HD_Opt,2026-03-10T09:04:32.746044,-106.13471221923828,18.019031524658203,0.0019669723697006,20.085,-9.593,0.524,0.0,0,0,1,,1.0,2026-03-10T09:04:32.746044,neutral,0.935,2026-03-10T09:04:30.774225,0.811,2026-03-10T09:04:32.331000,88,,,
participant_06,1,day,Town10HD_Opt,2026-03-10T09:04:33.786310,-103.59490966796876,20.89211654663086,0.0019196700304746,24.277,-11.931,0.534,0.0,0,0,1,,0.876,2026-03-10T09:04:33.786310,neutral,0.887,2026-03-10T09:04:33.786310,0.816,2026-03-10T09:04:33.366000,88,,,
participant_06,1,day,Town10HD_Opt,2026-03-10T09:04:34.804657,-99.8538589477539,23.47911834716797,0.0019294738303869,28.044,-11.53,0.534,0.0,0,0,1,,1.0,2026-03-10T09:04:34.804657,neutral,0.887,2026-03-10T09:04:33.786310,0.819,2026-03-10T09:04:34.357000,88,,,
participant_06,1,day,Town10HD_Opt,2026-03-10T09:04:35.770629,-95.1672821044922,25.151655197143555,0.0021934127435088,26.301,-10.646,0.0,0.0,0,0,1,,0.918,2026-03-10T09:04:35.770629,neutral,0.887,2026-03-10T09:04:33.786310,0.821,2026-03-10T09:04:35.392000,89,,,
participant_06,1,day,Town10HD_Opt,2026-03-10T09:04:36.725472,-91.12525939941406,25.53937149047852,0.0022543715313076,19.512,-4.317,0.0,0.0,0,0,1,,0.94,2026-03-10T09:04:36.725472,neutral,0.797,2026-03-10T09:04:36.725472,0.824,2026-03-10T09:04:36.336000,89,,,
participant_06,1,day,Town10HD_Opt,2026-03-10T09:04:37.752369,-88.05810546875,25.724422454833984,0.0020345305092632,15.217,11.931,0.0,0.0,0,0,1,,1.0,2026-03-10T09:04:37.752369,neutral,0.797,2026-03-10T09:04:36.725472,0.801,2026-03-10T09:04:37.374000,89,,,
participant_06,1,day,Town10HD_Opt,2026-03-10T09:04:38.741214,-85.73629760742188,26.293684005737305,0.0019818877335637,12.821,8.916,0.338,0.0,0,0,1,,1.0,2026-03-10T09:04:38.741214,neutral,0.837,2026-03-10T09:04:38.741214,0.777,2026-03-10T09:04:38.406000,88,,,
participant_06,1,day,Town10HD_Opt,2026-03-10T09:04:39.757492,-83.3768539428711,26.966590881347656,0.0018259810749441,15.657,-4.19,0.386,0.0,0,0,1,,0.89,2026-03-10T09:04:39.757492,neutral,0.837,2026-03-10T09:04:38.741214,0.751,2026-03-10T09:04:39.352000,89,,,
participant_06,1,day,Town10HD_Opt,2026-03-10T09:04:40.736698,-80.47059631347656,27.5389404296875,0.002021598862484,18.338,-4.832,0.379,0.0,0,0,1,,1.0,2026-03-10T09:04:40.736698,neutral,0.837,2026-03-10T09:04:38.741214,0.726,2026-03-10T09:04:40.431000,89,,,
participant_06,1,day,Town10HD_Opt,2026-03-10T09:04:41.761021,-77.3023452758789,27.93906021118164,0.0020472717005759,18.33,-3.733,0.264,0.0,0,0,1,,0.854,2026-03-10T09:04:41.761021,neutral,0.979,2026-03-10T09:04:41.761021,0.7,2026-03-10T09:04:41.421000,88,,,
participant_06,1,day,Town10HD_Opt,2026-03-10T09:04:42.882983,-74.26290130615234,28.128793716430664,0.002001533517614,15.485,-3.799,0.0,0.009,0,0,1,,0.944,2026-03-10T09:04:42.882983,neutral,0.979,2026-03-10T09:04:41.761021,0.674,2026-03-10T09:04:42.366000,88,,,
participant_06,1,day,Town10HD_Opt,2026-03-10T09:04:43.899401,-71.90160369873047,28.14787483215332,0.0020645142067223,11.023,-3.492,0.0,0.226,0,0,1,,0.959,2026-03-10T09:04:43.899401,neutral,0.99,2026-03-10T09:04:43.899401,0.643,2026-03-10T09:04:43.356000,88,,,
participant_06,1,day,Town10HD_Opt,2026-03-10T09:04:44.895833,-70.340087890625,28.10723876953125,0.0020723724737763,6.35,-2.033,0.0,0.335,0,0,1,,0.953,2026-03-10T09:04:44.895833,neutral,0.99,2026-03-10T09:04:43.899401,0.609,2026-03-10T09:04:44.346000,87,,,
participant_06,1,day,Town10HD_Opt,2026-03-10T09:04:45.816326,-70.05085754394531,28.098228454589844,0.0020022583194077,0.0,-0.987,0.0,0.12,0,0,1,,0.893,2026-03-10T09:04:45.816326,neutral,0.99,2026-03-10T09:04:43.899401,0.573,2026-03-10T09:04:45.337000,83,,,
participant_06,1,day,Town10HD_Opt,2026-03-10T09:04:46.770013,-70.0493392944336,28.098222732543945,0.0019218826200813,0.002,0.714,0.0,0.0,0,0,1,,1.0,2026-03-10T09:04:46.770013,fear,0.646,2026-03-10T09:04:46.770013,0.539,2026-03-10T09:04:46.371000,81,,,
participant_06,1,day,Town10HD_Opt,2026-03-10T09:04:47.726300,-70.04899597167969,28.098222732543945,0.001919517526403,0.006,0.794,0.0,0.0,0,0,1,,0.942,2026-03-10T09:04:47.726300,fear,0.646,2026-03-10T09:04:46.770013,0.531,2026-03-10T09:04:47.362000,80,,,
participant_06,1,day,Town10HD_Opt,2026-03-10T09:04:48.928642,-70.04888916015625,28.098222732543945,0.0019192504696547,0.005,0.759,0.0,0.0,0,0,1,,1.0,2026-03-10T09:04:48.928642,neutral,0.735,2026-03-10T09:04:48.928642,0.519,2026-03-10T09:04:48.351000,80,,,
participant_06,1,day,Town10HD_Opt,2026-03-10T09:04:49.910629,-70.04879760742188,28.098222732543945,0.0019187927246093,0.001,0.747,0.0,0.0,0,0,1,,1.0,2026-03-10T09:04:49.910629,neutral,0.735,2026-03-10T09:04:48.928642,0.507,2026-03-10T09:04:49.341000,82,,,
participant_06,1,day,Town10HD_Opt,2026-03-10T09:04:50.836735,-70.04884338378906,28.098222732543945,0.0019185256678611,0.001,0.747,0.0,0.0,0,0,1,,0.952,2026-03-10T09:04:50.836735,neutral,0.735,2026-03-10T09:04:48.928642,0.494,2026-03-10T09:04:50.331000,83,,,
participant_06,1,day,Town10HD_Opt,2026-03-10T09:04:51.740134,-70.04877471923828,28.098222732543945,0.0019190978491678,0.005,0.747,0.0,0.0,0,0,1,,0.87,2026-03-10T09:04:51.740134,neutral,0.959,2026-03-10T09:04:51.740134,0.481,2026-03-10T09:04:51.366000,84,,,
participant_06,1,day,Town10HD_Opt,2026-03-10T09:04:52.764762,-70.04857635498047,28.098222732543945,0.0019192504696547,0.006,0.731,0.0,0.0,0,0,1,,0.89,2026-03-10T09:04:52.764762,neutral,0.959,2026-03-10T09:04:51.740134,0.468,2026-03-10T09:04:52.356000,84,,,
participant_06,1,day,Town10HD_Opt,2026-03-10T09:04:53.760701,-70.04840087890625,28.098222732543945,0.0019188307924196,0.001,0.721,0.0,0.0,0,0,1,,0.878,2026-03-10T09:04:53.760701,neutral,0.906,2026-03-10T09:04:53.760701,0.462,2026-03-10T09:04:53.347000,85,,,
participant_06,1,day,Town10HD_Opt,2026-03-10T09:04:54.712257,-70.04844665527344,28.098222732543945,0.001919021597132,0.001,0.258,0.0,0.0,0,0,1,,0.836,2026-03-10T09:04:54.712257,neutral,0.906,2026-03-10T09:04:53.760701,0.462,2026-03-10T09:04:54.336000,86,,,
participant_06,1,day,Town10HD_Opt,2026-03-10T09:04:55.979729,-70.0483169555664,28.098222732543945,0.001919021597132,0.001,0.291,0.0,0.0,0,0,1,,0.841,2026-03-10T09:04:55.979729,neutral,0.972,2026-03-10T09:04:55.979729,0.463,2026-03-10T09:04:55.461000,88,,,
participant_06,1,day,Town10HD_Opt,2026-03-10T09:04:56.927703,-70.04833221435547,28.098222732543945,0.0019189452286809,0.0,0.291,0.0,0.0,0,0,1,,1.0,2026-03-10T09:04:56.927703,neutral,0.972,2026-03-10T09:04:55.979729,0.465,2026-03-10T09:04:56.362000,88,,,
participant_06,1,day,Town10HD_Opt,2026-03-10T09:04:57.884854,-70.04814147949219,28.098222732543945,0.0019191360333934,0.005,0.291,0.0,0.0,0,0,1,,1.0,2026-03-10T09:04:57.884854,neutral,0.972,2026-03-10T09:04:55.979729,0.465,2026-03-10T09:04:57.351000,88,,,
participant_06,1,day,Town10HD_Opt,2026-03-10T09:04:58.820845,-70.01429748535156,28.09756851196289,0.0018101882888004,2.273,0.301,0.936,0.0,0,0,1,,0.856,2026-03-10T09:04:58.820845,neutral,0.825,2026-03-10T09:04:58.820845,0.472,2026-03-10T09:04:58.341000,88,,,
participant_06,1,day,Town10HD_Opt,2026-03-10T09:04:59.849348,-68.40718841552734,28.07660675048828,0.0014008712023496,17.947,0.684,1.0,0.0,0,0,1,,0.851,2026-03-10T09:04:59.849348,neutral,0.825,2026-03-10T09:04:58.820845,0.476,2026-03-10T09:04:59.333000,88,,,
participant_06,1,day,Town10HD_Opt,2026-03-10T09:05:00.941094,-64.20468139648438,28.039751052856445,0.0015069579239934,32.802,0.463,1.0,0.0,0,0,1,,0.818,2026-03-10T09:05:00.941094,neutral,0.964,2026-03-10T09:05:00.941094,0.482,2026-03-10T09:05:00.366000,89,,,
participant_06,1,day,Town10HD_Opt,2026-03-10T09:05:01.953568,-57.2547492980957,28.06082534790039,0.0015522765461355,47.795,0.155,0.987,0.0,0,0,1,,0.869,2026-03-10T09:05:01.953568,neutral,0.964,2026-03-10T09:05:00.941094,0.487,2026-03-10T09:05:01.356000,89,,,
participant_06,1,day,Town10HD_Opt,2026-03-10T09:05:02.938750,-48.49112701416016,28.17916488647461,0.0022482681088149,46.64,-0.237,0.0,0.0,0,0,1,,1.0,2026-03-10T09:05:02.938750,neutral,0.964,2026-03-10T09:05:00.941094,0.491,2026-03-10T09:05:02.346000,88,,,
participant_06,1,day,Town10HD_Opt,2026-03-10T09:05:03.970263,-41.19482803344727,28.25626564025879,0.002368850633502,36.182,-0.11,0.099,0.0,0,0,1,,0.889,2026-03-10T09:05:03.970263,neutral,0.931,2026-03-10T09:05:03.970263,0.496,2026-03-10T09:05:03.336000,88,,,
participant_06,1,day,Town10HD_Opt,2026-03-10T09:05:04.973961,-35.187355041503906,28.296844482421875,0.0020827483385801,33.71,-0.059,0.454,0.0,0,0,1,,1.0,2026-03-10T09:05:04.973961,neutral,0.931,2026-03-10T09:05:03.970263,0.496,2026-03-10T09:05:04.372000,87,,,
participant_06,1,day,Town10HD_Opt,2026-03-10T09:05:05.921666,-29.075931549072266,28.32709693908692,0.0018996048020198,37.347,-0.049,0.632,0.0,0,0,1,,0.848,2026-03-10T09:05:05.921666,neutral,0.931,2026-03-10T09:05:03.970263,0.498,2026-03-10T09:05:05.361000,87,,,
participant_06,1,day,Town10HD_Opt,2026-03-10T09:05:06.931899,-22.131242752075195,28.350494384765625,0.0018799972021952,42.403,-0.045,0.632,0.0,0,0,1,,1.0,2026-03-10T09:05:06.931899,neutral,0.953,2026-03-10T09:05:06.931899,0.501,2026-03-10T09:05:06.351000,85,,,
participant_06,1,day,Town10HD_Opt,2026-03-10T09:05:07.828917,-14.358046531677246,28.364330291748047,0.0019052504794672,46.689,-0.045,0.615,0.0,0,0,1,,1.0,2026-03-10T09:05:07.828917,neutral,0.953,2026-03-10T09:05:06.931899,0.503,2026-03-10T09:05:07.341000,85,,,
participant_06,1,day,Town10HD_Opt,2026-03-10T09:05:08.760498,-6.056088924407959,28.36537742614746,0.0021662903018295,45.274,-0.028,0.0,0.0,0,0,1,,1.0,2026-03-10T09:05:08.760498,neutral,0.953,2026-03-10T09:05:06.931899,0.503,2026-03-10T09:05:08.332000,86,,,
participant_06,1,day,Town10HD_Opt,2026-03-10T09:05:09.996954,3.0348687171936035,28.353837966918945,0.0023371123243123,32.298,-0.026,0.0,0.0,0,0,1,,1.0,2026-03-10T09:05:09.996954,neutral,0.962,2026-03-10T09:05:09.996954,0.505,2026-03-10T09:05:09.367000,86,,,
participant_06,1,day,Town10HD_Opt,2026-03-10T09:05:10.909633,8.070569038391113,28.342634201049805,0.0022832870017737,24.752,-0.021,0.0,0.0,0,0,1,,1.0,2026-03-10T09:05:10.909633,neutral,0.962,2026-03-10T09:05:09.996954,0.508,2026-03-10T09:05:10.356000,86,,,
participant_06,1,day,Town10HD_Opt,2026-03-10T09:05:11.864700,11.891752243041992,28.33208465576172,0.0022422790061682,18.505,-0.021,0.065,0.0,0,0,1,,1.0,2026-03-10T09:05:11.864700,neutral,0.962,2026-03-10T09:05:09.996954,0.511,2026-03-10T09:05:11.347000,86,,,
participant_06,1,day,Town10HD_Opt,2026-03-10T09:05:12.808527,15.0069580078125,28.32265853881836,0.0019120788201689,17.803,-0.021,0.336,0.0,0,0,1,,1.0,2026-03-10T09:05:12.808527,neutral,0.711,2026-03-10T09:05:12.808527,0.515,2026-03-10T09:05:12.337000,85,,,
participant_06,1,day,Town10HD_Opt,2026-03-10T09:05:13.723387,18.172075271606445,28.31266212463379,0.0020357894245535,18.349,0.021,0.375,0.0,0,0,1,,1.0,2026-03-10T09:05:13.723387,neutral,0.711,2026-03-10T09:05:12.808527,0.521,2026-03-10T09:05:13.374000,84,,,
participant_06,1,day,Town10HD_Opt,2026-03-10T09:05:14.731418,21.332881927490234,28.33016014099121,0.0018724059918895,17.222,3.174,0.004,0.0,0,0,1,,1.0,2026-03-10T09:05:14.731418,neutral,0.711,2026-03-10T09:05:12.808527,0.527,2026-03-10T09:05:14.361000,84,,,
participant_06,1,day,Town10HD_Opt,2026-03-10T09:05:15.947192,25.08464241027832,28.63210678100586,0.0018497466808184,17.273,4.346,0.447,0.0,0,0,1,,1.0,2026-03-10T09:05:15.947192,neutral,0.923,2026-03-10T09:05:15.947192,0.531,2026-03-10T09:05:15.351000,84,,,
participant_06,1,day,Town10HD_Opt,2026-03-10T09:05:16.864752,28.27670669555664,29.0661563873291,0.001930313068442,19.542,1.053,0.454,0.0,0,0,1,,1.0,2026-03-10T09:05:16.864752,neutral,0.923,2026-03-10T09:05:15.947192,0.533,2026-03-10T09:05:16.341000,84,,,
participant_06,1,day,Town10HD_Opt,2026-03-10T09:05:17.786940,31.845827102661133,29.68214607238769,0.0019372176611796,21.917,6.12,0.461,0.0,0,0,1,,0.82,2026-03-10T09:05:17.786940,neutral,0.923,2026-03-10T09:05:15.947192,0.534,2026-03-10T09:05:17.377000,85,,,
participant_06,1,day,Town10HD_Opt,2026-03-10T09:05:18.709547,35.41848373413086,31.068098068237305,0.0021970749367028,20.034,23.162,0.0,0.0,0,0,1,,1.0,2026-03-10T09:05:18.709547,neutral,0.985,2026-03-10T09:05:18.709547,0.537,2026-03-10T09:05:18.366000,85,,,
participant_06,1,day,Town10HD_Opt,2026-03-10T09:05:19.964601,38.15623092651367,34.03257369995117,0.0019818877335637,16.303,20.076,0.308,0.0,0,0,1,,0.902,2026-03-10T09:05:19.964601,neutral,0.985,2026-03-10T09:05:18.709547,0.54,2026-03-10T09:05:19.356000,85,,,
participant_06,1,day,Town10HD_Opt,2026-03-10T09:05:20.907670,39.29262924194336,36.76624298095703,0.0019696427043527,18.578,17.147,0.497,0.0,0,0,1,,0.918,2026-03-10T09:05:20.907670,sad,0.998,2026-03-10T09:05:20.907670,0.54,2026-03-10T09:05:20.347000,85,,,
participant_06,1,day,Town10HD_Opt,2026-03-10T09:05:21.901941,39.90779495239258,40.05704879760742,0.0019603727851063,20.657,5.264,0.382,0.0,0,0,1,,1.0,2026-03-10T09:05:21.901941,sad,0.998,2026-03-10T09:05:20.907670,0.543,2026-03-10T09:05:21.382000,85,,,
participant_06,1,day,Town10HD_Opt,2026-03-10T09:05:22.856977,40.31629943847656,43.66229248046875,0.0021124267950654,19.493,0.334,0.0,0.0,0,0,1,,0.854,2026-03-10T09:05:22.856977,sad,0.998,2026-03-10T09:05:20.907670,0.545,2026-03-10T09:05:22.506000,84,,,
participant_06,1,day,Town10HD_Opt,2026-03-10T09:05:23.860164,40.55274200439453,46.7180061340332,0.0020222472958266,15.247,5.222,0.0,0.084,0,0,1,,0.909,2026-03-10T09:05:23.860164,neutral,0.901,2026-03-10T09:05:23.860164,0.545,2026-03-10T09:05:23.361000,84,,,
participant_06,1,day,Town10HD_Opt,2026-03-10T09:05:24.836320,40.57029724121094,49.00379180908203,0.0020720290485769,10.497,1.389,0.0,0.178,0,0,1,,0.939,2026-03-10T09:05:24.836320,neutral,0.901,2026-03-10T09:05:23.860164,0.544,2026-03-10T09:05:24.351000,84,,,
participant_06,1,day,Town10HD_Opt,2026-03-10T09:05:25.852017,40.59536361694336,50.50320053100586,0.0020500945392996,6.174,-0.837,0.0,0.186,0,0,1,,0.912,2026-03-10T09:05:25.852017,neutral,0.901,2026-03-10T09:05:23.860164,0.544,2026-03-10T09:05:25.342000,86,,,
participant_06,1,day,Town10HD_Opt,2026-03-10T09:05:26.783422,40.604618072509766,50.91793823242188,0.0020306014921516,0.0,1.006,0.0,0.185,0,0,1,,0.837,2026-03-10T09:05:26.783422,neutral,0.995,2026-03-10T09:05:26.783422,0.544,2026-03-10T09:05:26.377000,87,,,
participant_06,1,day,Town10HD_Opt,2026-03-10T09:05:27.720592,40.6046257019043,50.91902542114258,0.0019230651669204,0.008,1.495,0.0,0.0,0,0,1,,0.897,2026-03-10T09:05:27.720592,neutral,0.995,2026-03-10T09:05:26.783422,0.544,2026-03-10T09:05:27.366000,89,,,
participant_06,1,day,Town10HD_Opt,2026-03-10T09:05:28.880718,40.60462951660156,50.91902542114258,0.0019129562424495,0.233,1.302,0.172,0.0,0,0,1,,0.808,2026-03-10T09:05:28.880718,neutral,0.961,2026-03-10T09:05:28.880718,0.544,2026-03-10T09:05:28.357000,89,,,
participant_06,1,day,Town10HD_Opt,2026-03-10T09:05:29.829941,40.60630035400391,51.10845184326172,0.0018462371081113,2.424,1.236,0.242,0.0,0,0,1,,0.911,2026-03-10T09:05:29.829941,neutral,0.961,2026-03-10T09:05:28.880718,0.544,2026-03-10T09:05:29.348000,89,,,
participant_06,1,day,Town10HD_Opt,2026-03-10T09:05:30.782575,40.61214447021485,51.751766204833984,0.0018035125685855,5.683,0.461,0.31,0.0,0,0,1,,0.881,2026-03-10T09:05:30.782575,neutral,0.961,2026-03-10T09:05:28.880718,0.544,2026-03-10T09:05:30.427000,87,,,
participant_06,1,day,Town10HD_Opt,2026-03-10T09:05:31.750978,40.63314056396485,53.04035949707031,0.0017786788521334,9.767,-0.731,0.499,0.0,0,0,1,,0.887,2026-03-10T09:05:31.750978,sad,0.986,2026-03-10T09:05:31.750978,0.544,2026-03-10T09:05:31.372000,85,,,
participant_06,1,day,Town10HD_Opt,2026-03-10T09:05:32.758285,40.71559143066406,55.277469635009766,0.0016776656266301,16.858,-3.525,0.617,0.0,0,0,1,,0.973,2026-03-10T09:05:32.758285,sad,0.986,2026-03-10T09:05:31.750978,0.551,2026-03-10T09:05:32.363000,84,,,
participant_06,1,day,Town10HD_Opt,2026-03-10T09:05:33.999154,41.38722610473633,59.79182052612305,0.001922111492604,22.459,-12.845,0.513,0.0,0,0,1,,0.939,2026-03-10T09:05:33.999154,neutral,0.995,2026-03-10T09:05:33.999154,0.557,2026-03-10T09:05:33.352000,82,,,
participant_06,1,day,Town10HD_Opt,2026-03-10T09:05:34.971787,43.05440521240234,63.65256118774414,0.0019414520356804,26.148,-13.363,0.513,0.0,0,0,1,,0.885,2026-03-10T09:05:34.971787,neutral,0.995,2026-03-10T09:05:33.999154,0.564,2026-03-10T09:05:34.342000,81,,,
participant_06,1,day,Town10HD_Opt,2026-03-10T09:05:35.835603,46.14845657348633,67.3248291015625,0.0019627378787845,29.307,-13.594,0.508,0.0,0,0,1,,0.872,2026-03-10T09:05:35.835603,neutral,0.995,2026-03-10T09:05:33.999154,0.57,2026-03-10T09:05:35.377000,80,,,
participant_06,1,day,Town10HD_Opt,2026-03-10T09:05:36.763524,50.69925308227539,70.0357894897461,0.001988410949707,31.932,-14.08,0.494,0.0,0,0,1,,0.929,2026-03-10T09:05:36.763524,neutral,0.876,2026-03-10T09:05:36.763524,0.577,2026-03-10T09:05:36.367000,80,,,
participant_06,1,day,Town10HD_Opt,2026-03-10T09:05:37.833231,56.11762619018555,71.0105972290039,0.0022167586721479,29.606,-11.832,0.0,0.0,0,0,1,,0.882,2026-03-10T09:05:37.833231,neutral,0.876,2026-03-10T09:05:36.763524,0.583,2026-03-10T09:05:37.357000,79,,,
participant_06,1,day,Town10HD_Opt,2026-03-10T09:05:38.764253,60.64795684814453,70.71560668945312,0.0022671509068459,22.248,5.538,0.0,0.0,0,0,1,,0.894,2026-03-10T09:05:38.764253,neutral,0.984,2026-03-10T09:05:38.764253,0.59,2026-03-10T09:05:38.347000,80,,,
participant_06,1,day,Town10HD_Opt,2026-03-10T09:05:39.992971,65.1572036743164,70.74980926513672,0.001860580407083,17.94,-0.43,0.209,0.0,0,0,1,,0.911,2026-03-10T09:05:39.992971,neutral,0.984,2026-03-10T09:05:38.764253,0.596,2026-03-10T09:05:39.382000,79,,,
participant_06,1,day,Town10HD_Opt,2026-03-10T09:05:40.920157,68.24749755859375,70.76408386230469,0.0019234084757044,17.712,-1.42,0.35,0.0,0,0,1,,0.955,2026-03-10T09:05:40.920157,neutral,0.921,2026-03-10T09:05:40.920157,0.603,2026-03-10T09:05:40.371000,78,,,
participant_06,1,day,Town10HD_Opt,2026-03-10T09:05:41.897214,71.40258026123047,70.70782470703125,0.0020690916571766,18.122,-1.203,0.14,0.0,0,0,1,,1.0,2026-03-10T09:05:41.897214,neutral,0.921,2026-03-10T09:05:40.920157,0.609,2026-03-10T09:05:41.362000,78,,,
participant_06,1,day,Town10HD_Opt,2026-03-10T09:05:42.852801,74.34397888183594,70.60572814941406,0.0020320892799645,14.695,-0.717,0.0,0.0,0,0,1,,1.0,2026-03-10T09:05:42.852801,neutral,0.921,2026-03-10T09:05:40.920157,0.609,2026-03-10T09:05:42.353000,78,,,errors=Solid line crossing
participant_06,1,day,Town10HD_Opt,2026-03-10T09:05:43.784629,76.63094329833984,70.51464080810547,0.0020263672340661,11.284,-0.148,0.0,0.0,0,0,1,,0.928,2026-03-10T09:05:43.784629,neutral,1.0,2026-03-10T09:05:43.784629,0.615,2026-03-10T09:05:43.342000,78,,,
participant_06,1,day,Town10HD_Opt,2026-03-10T09:05:44.953996,78.87710571289062,70.42315673828125,0.0019950484856963,7.934,0.009,0.0,0.0,0,0,1,,0.928,2026-03-10T09:05:44.953996,neutral,1.0,2026-03-10T09:05:43.784629,0.624,2026-03-10T09:05:44.422000,79,,,
participant_06,1,day,Town10HD_Opt,2026-03-10T09:05:45.918545,80.1123046875,70.38362884521484,0.0019773482345044,6.002,1.248,0.0,0.0,0,0,1,,0.912,2026-03-10T09:05:45.918545,neutral,0.995,2026-03-10T09:05:45.918545,0.636,2026-03-10T09:05:45.367000,88,,,
participant_06,1,day,Town10HD_Opt,2026-03-10T09:05:46.842901,81.06084442138672,70.3619384765625,0.0019636915531009,4.676,1.011,0.0,0.0,0,0,1,,0.938,2026-03-10T09:05:46.842901,neutral,0.995,2026-03-10T09:05:45.918545,0.649,2026-03-10T09:05:46.356000,88,,,
participant_06,1,day,Town10HD_Opt,2026-03-10T09:05:47.761472,81.78914642333984,70.34835815429688,0.0019534681923687,3.538,1.001,0.0,0.0,0,0,1,,0.935,2026-03-10T09:05:47.761472,neutral,0.995,2026-03-10T09:05:45.918545,0.662,2026-03-10T09:05:47.347000,90,,,
participant_06,1,day,Town10HD_Opt,2026-03-10T09:05:48.721414,82.3482437133789,70.33753204345703,0.0019454956054687,2.756,-0.975,0.0,0.0,0,0,1,,0.873,2026-03-10T09:05:48.721414,neutral,1.0,2026-03-10T09:05:48.721414,0.685,2026-03-10T09:05:48.382000,91,,,
participant_06,1,day,Town10HD_Opt,2026-03-10T09:05:49.873305,82.8854751586914,70.32080841064453,0.002016334561631,0.0,-0.724,0.0,0.036,0,0,1,,0.99,2026-03-10T09:05:49.873305,neutral,1.0,2026-03-10T09:05:48.721414,0.709,2026-03-10T09:05:49.372000,92,,,
participant_06,1,day,Town10HD_Opt,2026-03-10T09:05:50.736408,82.88557434082031,70.32080078125,0.0019290542695671,0.0,-0.62,0.0,0.0,0,0,1,,0.838,2026-03-10T09:05:50.736408,neutral,0.977,2026-03-10T09:05:50.736408,0.734,2026-03-10T09:05:50.361000,91,,,
participant_06,1,day,Town10HD_Opt,2026-03-10T09:05:51.884457,82.88542175292969,70.32080078125,0.0019190978491678,0.002,-0.251,0.0,0.0,0,0,1,,0.866,2026-03-10T09:05:51.884457,neutral,0.977,2026-03-10T09:05:50.736408,0.755,2026-03-10T09:05:51.352000,90,,,
participant_06,1,day,Town10HD_Opt,2026-03-10T09:05:52.768585,82.88568878173828,70.32080078125,0.0019191741012036,0.001,-0.073,0.0,0.0,0,0,1,,0.946,2026-03-10T09:05:52.768585,neutral,0.976,2026-03-10T09:05:52.768585,0.776,2026-03-10T09:05:52.342000,88,,,
participant_06,1,day,Town10HD_Opt,2026-03-10T09:05:53.944893,82.8858413696289,70.32080078125,0.0019191741012036,0.001,-0.073,0.0,0.0,0,0,1,,0.951,2026-03-10T09:05:53.944893,neutral,0.976,2026-03-10T09:05:52.768585,0.785,2026-03-10T09:05:53.377000,86,,,
participant_06,1,day,Town10HD_Opt,2026-03-10T09:05:54.890922,82.88526916503906,70.32080078125,0.0019178390502929,0.146,-0.073,0.172,0.0,0,0,1,,0.948,2026-03-10T09:05:54.890922,neutral,0.991,2026-03-10T09:05:54.890922,0.789,2026-03-10T09:05:54.367000,84,,,
participant_06,1,day,Town10HD_Opt,2026-03-10T09:05:55.853023,83.08219909667969,70.31546020507812,0.0017828750424087,3.84,-0.073,0.512,0.0,0,0,1,,0.95,2026-03-10T09:05:55.853023,neutral,0.991,2026-03-10T09:05:54.890922,0.791,2026-03-10T09:05:55.356000,83,,,
participant_06,1,day,Town10HD_Opt,2026-03-10T09:05:56.816051,84.32003021240234,70.28204345703125,0.0015857315156608,12.607,-0.073,0.719,0.0,0,0,1,,0.934,2026-03-10T09:05:56.816051,neutral,0.991,2026-03-10T09:05:54.890922,0.792,2026-03-10T09:05:56.347000,82,,,
participant_06,1,day,Town10HD_Opt,2026-03-10T09:05:57.771478,86.84235382080078,70.21381378173828,0.0019651411566883,13.591,1.429,0.0,0.0,0,0,1,,0.935,2026-03-10T09:05:57.771478,neutral,0.997,2026-03-10T09:05:57.771478,0.791,2026-03-10T09:05:57.337000,81,,,
participant_06,1,day,Town10HD_Opt,2026-03-10T09:05:58.739056,89.0070571899414,70.31012725830078,0.0019295120146125,12.184,10.084,0.333,0.0,0,0,1,,0.927,2026-03-10T09:05:58.739056,neutral,0.997,2026-03-10T09:05:57.771478,0.781,2026-03-10T09:05:58.372000,81,,,
participant_06,1,day,Town10HD_Opt,2026-03-10T09:05:59.984077,92.10846710205078,71.06314086914062,0.0018606566591188,15.331,17.109,0.332,0.0,0,0,1,,0.911,2026-03-10T09:05:59.984077,neutral,0.974,2026-03-10T09:05:59.984077,0.77,2026-03-10T09:05:59.363000,81,,,
participant_06,1,day,Town10HD_Opt,2026-03-10T09:06:00.956896,94.5610122680664,72.45732116699219,0.0021104430779814,17.366,19.36,0.358,0.0,0,0,1,,0.88,2026-03-10T09:06:00.956896,neutral,0.974,2026-03-10T09:05:59.984077,0.758,2026-03-10T09:06:00.352000,81,,,
participant_06,1,day,Town10HD_Opt,2026-03-10T09:06:01.928841,96.74443817138672,74.70686340332031,0.0020681000314652,18.478,19.563,0.375,0.0,0,0,1,,1.0,2026-03-10T09:06:01.928841,neutral,0.974,2026-03-10T09:05:59.984077,0.75,2026-03-10T09:06:01.342000,81,,,
participant_06,1,day,Town10HD_Opt,2026-03-10T09:06:02.828271,98.2009048461914,77.58071899414062,0.0020434951875358,19.003,19.393,0.375,0.0,0,0,1,,0.851,2026-03-10T09:06:02.828271,neutral,0.98,2026-03-10T09:06:02.828271,0.742,2026-03-10T09:06:02.378000,81,,,
participant_06,1,day,Town10HD_Opt,2026-03-10T09:06:03.790481,98.79861450195312,80.92271423339844,0.002019042847678,20.14,9.617,0.368,0.0,0,0,1,,0.939,2026-03-10T09:06:03.790481,neutral,0.98,2026-03-10T09:06:02.828271,0.741,2026-03-10T09:06:03.367000,81,,,
participant_06,1,day,Town10HD_Opt,2026-03-10T09:06:04.760908,98.908203125,84.5344009399414,0.001981048611924,21.599,3.123,0.558,0.0,0,0,1,,0.952,2026-03-10T09:06:04.760908,neutral,0.98,2026-03-10T09:06:02.828271,0.74,2026-03-10T09:06:04.359000,82,,,
participant_06,1,day,Town10HD_Opt,2026-03-10T09:06:05.983779,98.8187484741211,90.36336517333984,0.0018859863048419,28.612,2.186,0.371,0.0,0,0,1,,0.817,2026-03-10T09:06:05.983779,neutral,0.992,2026-03-10T09:06:05.983779,0.739,2026-03-10T09:06:05.347000,84,,,
participant_06,1,day,Town10HD_Opt,2026-03-10T09:06:06.717836,98.61000061035156,93.70355224609376,0.002033157274127,28.591,5.787,0.318,0.0,0,0,1,,0.957,2026-03-10T09:06:06.717836,neutral,0.992,2026-03-10T09:06:05.983779,0.738,2026-03-10T09:06:06.337000,85,,,
participant_06,1,day,Town10HD_Opt,2026-03-10T09:06:07.957188,97.44940185546876,100.09549713134766,0.0020747757516801,27.169,1.081,0.331,0.0,0,0,1,,0.881,2026-03-10T09:06:07.957188,neutral,0.992,2026-03-10T09:06:05.983779,0.739,2026-03-10T09:06:07.372000,86,,,
participant_06,1,day,Town10HD_Opt,2026-03-10T09:06:08.893870,96.3116226196289,104.66910552978516,0.0020455168560147,26.944,4.645,0.405,0.0,0,0,1,,0.917,2026-03-10T09:06:08.893870,neutral,0.998,2026-03-10T09:06:08.893870,0.739,2026-03-10T09:06:08.362000,86,,,
participant_06,1,day,Town10HD_Opt,2026-03-10T09:06:09.826852,94.6703872680664,109.15065002441406,0.0020191192161291,27.823,4.686,0.408,0.0,0,0,1,,0.921,2026-03-10T09:06:09.826852,neutral,0.998,2026-03-10T09:06:08.893870,0.739,2026-03-10T09:06:09.397000,87,,,
participant_06,1,day,Town10HD_Opt,2026-03-10T09:06:10.765718,92.51670837402344,113.58252716064452,0.0020175552926957,28.576,3.25,0.407,0.0,0,0,1,,0.873,2026-03-10T09:06:10.765718,neutral,0.998,2026-03-10T09:06:08.893870,0.739,2026-03-10T09:06:10.343000,87,,,
participant_06,1,day,Town10HD_Opt,2026-03-10T09:06:11.942855,88.82637786865234,119.23067474365234,0.0020406723488122,29.175,5.839,0.378,0.0,0,0,1,,0.865,2026-03-10T09:06:11.942855,neutral,1.0,2026-03-10T09:06:11.942855,0.715,2026-03-10T09:06:11.512000,90,,,
participant_06,1,day,Town10HD_Opt,2026-03-10T09:06:12.892003,85.38345336914062,122.9989013671875,0.0020446013659238,29.213,4.174,0.379,0.0,0,0,1,,0.812,2026-03-10T09:06:12.892003,neutral,1.0,2026-03-10T09:06:11.942855,0.688,2026-03-10T09:06:12.503000,90,,,
participant_06,1,day,Town10HD_Opt,2026-03-10T09:06:13.802797,81.46080017089844,126.2522201538086,0.0020540999248623,29.116,8.93,0.374,0.0,0,0,1,,0.882,2026-03-10T09:06:13.802797,neutral,1.0,2026-03-10T09:06:11.942855,0.662,2026-03-10T09:06:13.357000,91,,,
participant_06,1,day,Town10HD_Opt,2026-03-10T09:06:14.739820,76.95616149902344,128.56680297851562,0.0020584105513989,28.944,7.696,0.373,0.0,0,0,1,,0.952,2026-03-10T09:06:14.739820,neutral,0.995,2026-03-10T09:06:14.739820,0.634,2026-03-10T09:06:14.391000,91,,,
participant_06,1,day,Town10HD_Opt,2026-03-10T09:06:15.984615,70.4404067993164,130.35427856445312,0.0020423887763172,29.184,4.589,0.376,0.0,0,0,1,,0.907,2026-03-10T09:06:15.984615,neutral,0.995,2026-03-10T09:06:14.739820,0.606,2026-03-10T09:06:15.382000,91,,,
participant_06,1,day,Town10HD_Opt,2026-03-10T09:06:16.919231,65.38216400146484,130.96560668945312,0.0020414732862263,29.278,4.643,0.377,0.0,0,0,1,,0.839,2026-03-10T09:06:16.919231,neutral,0.995,2026-03-10T09:06:16.919231,0.578,2026-03-10T09:06:16.373000,91,,,
participant_06,1,day,Town10HD_Opt,2026-03-10T09:06:17.898518,60.26816940307617,130.97976684570312,0.0020397566258907,29.378,0.284,0.373,0.0,0,0,1,,0.842,2026-03-10T09:06:17.898518,neutral,0.995,2026-03-10T09:06:16.919231,0.55,2026-03-10T09:06:17.362000,91,,,
participant_06,1,day,Town10HD_Opt,2026-03-10T09:06:18.879741,55.13915252685547,130.92518615722656,0.0020385740790516,29.466,-1.624,0.392,0.0,0,0,1,,0.972,2026-03-10T09:06:18.879741,neutral,0.995,2026-03-10T09:06:16.919231,0.521,2026-03-10T09:06:18.352000,91,,,
participant_06,1,day,Town10HD_Opt,2026-03-10T09:06:19.854472,49.90986633300781,130.93263244628906,0.0019840239547193,30.932,1.471,0.459,0.0,0,0,1,,0.879,2026-03-10T09:06:19.854472,neutral,0.979,2026-03-10T09:06:19.854472,0.491,2026-03-10T09:06:19.342000,90,,,
participant_06,1,day,Town10HD_Opt,2026-03-10T09:06:20.761176,44.37559127807617,130.78919982910156,0.0019916915334761,32.532,-0.792,0.451,0.0,0,0,1,,0.883,2026-03-10T09:06:20.761176,neutral,0.979,2026-03-10T09:06:19.854472,0.461,2026-03-10T09:06:20.377000,89,,,
participant_06,1,day,Town10HD_Opt,2026-03-10T09:06:21.976943,36.58209228515625,130.72622680664062,0.0019834898412227,34.666,0.322,0.482,0.0,0,0,1,,0.903,2026-03-10T09:06:21.976943,neutral,1.0,2026-03-10T09:06:21.976943,0.456,2026-03-10T09:06:21.368000,88,,,
participant_06,1,day,Town10HD_Opt,2026-03-10T09:06:22.971091,30.38532829284668,130.68310546875,0.0019926070235669,36.259,-0.204,0.473,0.0,0,0,1,,0.897,2026-03-10T09:06:22.971091,neutral,1.0,2026-03-10T09:06:21.976943,0.453,2026-03-10T09:06:22.357000,88,,,
participant_06,1,day,Town10HD_Opt,2026-03-10T09:06:23.894475,23.9410343170166,130.6608123779297,0.0020028685685247,37.497,-0.327,0.471,0.0,0,0,1,,0.956,2026-03-10T09:06:23.894475,neutral,1.0,2026-03-10T09:06:21.976943,0.449,2026-03-10T09:06:23.347000,89,,,
participant_06,1,day,Town10HD_Opt,2026-03-10T09:06:24.831309,17.295621871948242,130.69851684570312,0.0020083235576748,38.555,0.082,0.47,0.0,0,0,1,,0.969,2026-03-10T09:06:24.831309,neutral,0.927,2026-03-10T09:06:24.831309,0.447,2026-03-10T09:06:24.337000,90,,,
participant_06,1,day,Town10HD_Opt,2026-03-10T09:06:25.790050,10.478437423706056,130.72659301757812,0.0020171736832708,39.378,0.261,0.449,0.0,0,0,1,,0.858,2026-03-10T09:06:25.790050,neutral,0.927,2026-03-10T09:06:24.831309,0.446,2026-03-10T09:06:25.372000,90,,,
participant_06,1,day,Town10HD_Opt,2026-03-10T09:06:26.708840,3.5707898139953613,130.69725036621094,0.0020398329943418,39.515,-0.014,0.434,0.0,0,0,1,,0.893,2026-03-10T09:06:26.708840,neutral,0.927,2026-03-10T09:06:24.831309,0.444,2026-03-10T09:06:26.362000,88,,,
participant_06,2,day,Town10HD_Opt,2026-03-11T10:22:48.210934,-41.66858673095703,89.7454833984375,0.5804919004440308,11.165,0.395,0.765,0.0,0,0,1,,1.0,2026-03-11T10:22:48.210934,,,2026-03-11T10:22:48.210934,0.444,2026-03-11T10:22:48.066000,81,,,
participant_06,2,day,Town10HD_Opt,2026-03-11T10:22:52.512922,-41.66654586791992,88.39640808105469,0.0017340470803901,11.522,0.395,0.807,0.0,0,0,1,,1.0,2026-03-11T10:22:52.512922,neutral,0.994,2026-03-11T10:22:52.512922,0.428,2026-03-11T10:22:52.119000,83,,,
participant_06,2,day,Town10HD_Opt,2026-03-11T10:22:53.530942,-41.65850830078125,86.65870666503906,0.0016088486881926,18.109,0.395,0.667,0.0,0,0,1,,0.858,2026-03-11T10:22:53.530942,neutral,0.994,2026-03-11T10:22:52.512922,0.429,2026-03-11T10:22:53.061000,83,,,
participant_06,2,day,Town10HD_Opt,2026-03-11T10:22:54.526660,-41.6380615234375,84.4439697265625,0.0020591735374182,18.384,3.872,0.032,0.0,0,0,1,,1.0,2026-03-11T10:22:54.526660,neutral,0.993,2026-03-11T10:22:54.526660,0.429,2026-03-11T10:22:54.186000,84,,,
participant_06,2,day,Town10HD_Opt,2026-03-11T10:22:55.580592,-41.49013519287109,82.40479278564453,0.0019649504683911,16.451,5.969,0.072,0.0,0,0,1,,1.0,2026-03-11T10:22:55.580592,neutral,0.993,2026-03-11T10:22:54.526660,0.429,2026-03-11T10:22:55.132000,85,,,
participant_06,2,day,Town10HD_Opt,2026-03-11T10:22:56.570781,-41.23862838745117,80.50523376464844,0.00184402463492,17.549,5.359,0.511,0.0,0,0,1,,1.0,2026-03-11T10:22:56.570781,neutral,0.99,2026-03-11T10:22:56.570781,0.429,2026-03-11T10:22:56.076000,86,,,
participant_06,2,day,Town10HD_Opt,2026-03-11T10:22:57.628280,-40.81766128540039,78.41531372070312,0.0020499038510024,18.594,10.156,0.44,0.0,0,0,1,,1.0,2026-03-11T10:22:57.628280,neutral,0.99,2026-03-11T10:22:56.570781,0.429,2026-03-11T10:22:57.156000,88,,,
participant_06,2,day,Town10HD_Opt,2026-03-11T10:22:58.666563,-40.05186080932617,76.3367691040039,0.0020559690892696,19.027,18.001,0.073,0.0,0,0,1,,0.884,2026-03-11T10:22:58.666563,neutral,0.937,2026-03-11T10:22:58.666563,0.429,2026-03-11T10:22:58.056000,87,,,
participant_06,2,day,Town10HD_Opt,2026-03-11T10:22:59.695246,-38.91493988037109,74.56088256835938,0.0019157790811732,17.455,18.762,0.067,0.0,0,0,1,,1.0,2026-03-11T10:22:59.695246,neutral,0.937,2026-03-11T10:22:58.666563,0.429,2026-03-11T10:22:59.091000,87,,,
participant_06,2,day,Town10HD_Opt,2026-03-11T10:23:00.236031,-38.26395797729492,73.8263931274414,0.0020073698833584,16.388,18.704,0.065,0.0,0,0,1,,0.926,2026-03-11T10:23:00.236031,neutral,0.937,2026-03-11T10:22:58.666563,0.429,2026-03-11T10:23:00.126000,87,,,
participant_06,2,day,Town10HD_Opt,2026-03-11T10:23:01.235306,-36.90955352783203,72.6547622680664,0.0020018385257571,14.922,18.395,0.353,0.0,0,0,1,,1.0,2026-03-11T10:23:01.235306,neutral,0.986,2026-03-11T10:23:01.235306,0.429,2026-03-11T10:23:01.071000,87,,,
participant_06,2,day,Town10HD_Opt,2026-03-11T10:23:02.252183,-35.341529846191406,71.6953125,0.0018204498337581,17.273,16.337,0.54,0.0,0,0,1,,0.889,2026-03-11T10:23:02.252183,neutral,0.986,2026-03-11T10:23:01.235306,0.429,2026-03-11T10:23:02.061000,88,,,
participant_06,2,day,Town10HD_Opt,2026-03-11T10:23:03.247579,-33.38099670410156,70.81376647949219,0.002031669486314,19.086,11.962,0.496,0.0,0,0,1,,0.962,2026-03-11T10:23:03.247579,neutral,0.988,2026-03-11T10:23:03.247579,0.429,2026-03-11T10:23:03.141000,89,,,
participant_06,2,day,Town10HD_Opt,2026-03-11T10:23:04.322530,-31.13162612915039,70.11530303955078,0.0019506835378706,21.299,11.443,0.478,0.0,0,0,1,,0.974,2026-03-11T10:23:04.322530,neutral,0.988,2026-03-11T10:23:03.247579,0.429,2026-03-11T10:23:04.221000,91,,,
participant_06,2,day,Town10HD_Opt,2026-03-11T10:23:05.433756,-28.55626106262207,69.69108581542969,0.0019525908865034,23.573,11.233,0.478,0.0,0,0,1,,0.99,2026-03-11T10:23:05.433756,fear,0.435,2026-03-11T10:23:05.433756,0.429,2026-03-11T10:23:05.211000,94,,,
participant_06,2,day,Town10HD_Opt,2026-03-11T10:23:06.529702,-25.70757293701172,69.61061096191406,0.0019517134642228,25.417,3.966,0.476,0.0,0,0,1,,0.948,2026-03-11T10:23:06.529702,fear,0.435,2026-03-11T10:23:05.433756,0.429,2026-03-11T10:23:06.156000,96,,,
participant_06,2,day,Town10HD_Opt,2026-03-11T10:23:07.608297,-22.63137435913086,69.60511016845703,0.001958503620699,27.312,-1.492,0.477,0.0,0,0,1,,0.942,2026-03-11T10:23:07.608297,neutral,0.988,2026-03-11T10:23:07.608297,0.429,2026-03-11T10:23:07.056000,96,,,
participant_06,2,day,Town10HD_Opt,2026-03-11T10:23:08.679498,-19.31493377685547,69.57872009277344,0.0019000243628397,29.946,1.706,0.583,0.0,0,0,1,,0.871,2026-03-11T10:23:08.679498,neutral,0.988,2026-03-11T10:23:07.608297,0.429,2026-03-11T10:23:08.091000,95,,,
participant_06,2,day,Town10HD_Opt,2026-03-11T10:23:09.205624,-17.516691207885742,69.60198211669922,0.0018873977242037,31.837,0.484,0.568,0.0,0,0,1,,0.93,2026-03-11T10:23:09.205624,neutral,0.988,2026-03-11T10:23:07.608297,0.429,2026-03-11T10:23:09.081000,94,,,
participant_06,2,day,Town10HD_Opt,2026-03-11T10:23:10.250808,-13.65649127960205,69.64379119873047,0.0019041061168536,34.643,-0.745,0.562,0.0,0,0,1,,0.966,2026-03-11T10:23:10.250808,neutral,0.996,2026-03-11T10:23:10.250808,0.429,2026-03-11T10:23:10.117000,93,,,
participant_06,2,day,Town10HD_Opt,2026-03-11T10:23:11.298533,-9.48732566833496,69.66417694091797,0.00192012777552,36.921,0.658,0.559,0.0,0,0,1,,0.882,2026-03-11T10:23:11.298533,neutral,0.996,2026-03-11T10:23:10.250808,0.429,2026-03-11T10:23:11.061000,92,,,
participant_06,2,day,Town10HD_Opt,2026-03-11T10:23:12.340494,-5.043910026550293,69.71538543701172,0.0019349288195371,39.293,-0.193,0.551,0.0,0,0,1,,0.976,2026-03-11T10:23:12.340494,neutral,0.997,2026-03-11T10:23:12.340494,0.429,2026-03-11T10:23:12.096000,90,,,
participant_06,2,day,Town10HD_Opt,2026-03-11T10:23:13.342485,-0.5308793783187866,69.75870513916016,0.0021973038092255,36.617,0.094,0.0,0.0,0,0,1,,0.966,2026-03-11T10:23:13.342485,neutral,0.997,2026-03-11T10:23:12.340494,0.429,2026-03-11T10:23:13.087000,89,,,
participant_06,2,day,Town10HD_Opt,2026-03-11T10:23:14.380683,3.3693089485168457,69.80142974853516,0.0023435591720044,30.24,0.096,0.0,0.195,0,0,1,,0.905,2026-03-11T10:23:14.380683,neutral,0.989,2026-03-11T10:23:14.380683,0.429,2026-03-11T10:23:14.077000,89,,,
participant_06,2,day,Town10HD_Opt,2026-03-11T10:23:15.440006,6.569389343261719,69.84272003173828,0.0023017118219286,24.499,0.101,0.0,0.019,0,0,1,,0.893,2026-03-11T10:23:15.440006,neutral,0.989,2026-03-11T10:23:14.380683,0.429,2026-03-11T10:23:15.336000,88,,,
participant_06,2,day,Town10HD_Opt,2026-03-11T10:23:16.448701,9.21071720123291,69.88102722167969,0.002258529420942,20.17,0.101,0.0,0.085,0,0,1,,0.925,2026-03-11T10:23:16.448701,neutral,0.956,2026-03-11T10:23:16.448701,0.429,2026-03-11T10:23:16.101000,87,,,
participant_06,2,day,Town10HD_Opt,2026-03-11T10:23:17.469343,11.367606163024902,69.91525268554688,0.0019737624097615,16.934,0.101,0.0,0.0,0,0,1,,0.893,2026-03-11T10:23:17.469343,neutral,0.956,2026-03-11T10:23:16.448701,0.429,2026-03-11T10:23:17.092000,85,,,
participant_06,2,day,Town10HD_Opt,2026-03-11T10:23:18.487017,13.177193641662598,69.94608306884766,0.0020446395501494,14.0,0.101,0.0,0.0,0,0,1,,0.97,2026-03-11T10:23:18.487017,neutral,0.996,2026-03-11T10:23:18.487017,0.429,2026-03-11T10:23:18.081000,86,,,
participant_06,2,day,Town10HD_Opt,2026-03-11T10:23:19.503658,14.693578720092772,69.97333526611328,0.0020309067331254,11.912,0.101,0.0,0.0,0,0,1,,0.944,2026-03-11T10:23:19.503658,neutral,0.996,2026-03-11T10:23:18.487017,0.429,2026-03-11T10:23:19.071000,86,,,
participant_06,2,day,Town10HD_Opt,2026-03-11T10:23:20.543755,15.965616226196287,69.9913330078125,0.0020132446661591,9.845,-1.018,0.0,0.0,0,0,1,,0.977,2026-03-11T10:23:20.543755,neutral,0.975,2026-03-11T10:23:20.543755,0.429,2026-03-11T10:23:20.106000,86,Solid line crossing,Solid line crossing,
participant_06,2,day,Town10HD_Opt,2026-03-11T10:23:21.530661,17.032352447509766,69.99969482421875,0.0019980620127171,8.377,-0.32,0.0,0.0,0,0,1,,0.955,2026-03-11T10:23:21.530661,neutral,0.975,2026-03-11T10:23:20.543755,0.429,2026-03-11T10:23:21.051000,87,,,
participant_06,2,day,Town10HD_Opt,2026-03-11T10:23:22.546645,17.926795959472656,70.00691223144531,0.0019855117425322,6.821,-0.284,0.0,0.0,0,0,1,,0.97,2026-03-11T10:23:22.546645,neutral,0.984,2026-03-11T10:23:22.546645,0.429,2026-03-11T10:23:22.087000,87,,,
participant_06,2,day,Town10HD_Opt,2026-03-11T10:23:23.606914,18.67674827575684,70.01199340820312,0.0019747160840779,5.889,-0.284,0.0,0.0,0,0,1,,0.934,2026-03-11T10:23:23.606914,neutral,0.984,2026-03-11T10:23:22.546645,0.429,2026-03-11T10:23:23.076000,85,,,
participant_06,2,day,Town10HD_Opt,2026-03-11T10:23:24.669004,19.32128524780273,70.01573944091797,0.0018982314504683,5.954,-0.254,0.338,0.0,0,0,1,,0.811,2026-03-11T10:23:24.669004,neutral,0.989,2026-03-11T10:23:24.669004,0.429,2026-03-11T10:23:24.111000,84,,,
participant_06,2,day,Town10HD_Opt,2026-03-11T10:23:25.204887,19.70431327819824,70.01771545410156,0.0018333053449168,7.102,-0.254,0.258,0.0,0,0,1,,0.888,2026-03-11T10:23:25.204887,neutral,0.989,2026-03-11T10:23:24.669004,0.429,2026-03-11T10:23:25.056000,83,,,
participant_06,2,day,Town10HD_Opt,2026-03-11T10:23:26.237199,20.5847282409668,70.02149963378906,0.0019149780273437,7.291,-0.254,0.0,0.0,0,0,1,,1.0,2026-03-11T10:23:26.237199,neutral,0.989,2026-03-11T10:23:24.669004,0.429,2026-03-11T10:23:26.091000,81,,,
participant_06,2,day,Town10HD_Opt,2026-03-11T10:23:27.319113,21.37609100341797,70.02400970458984,0.0019709777552634,6.129,-0.235,0.0,0.0,0,0,1,,0.97,2026-03-11T10:23:27.319113,neutral,0.997,2026-03-11T10:23:27.319113,0.429,2026-03-11T10:23:27.081000,80,,,
participant_06,2,day,Town10HD_Opt,2026-03-11T10:23:28.355250,22.03187370300293,70.02594757080078,0.002029571449384,0.618,-0.235,0.0,0.036,0,0,1,,0.895,2026-03-11T10:23:28.355250,neutral,0.997,2026-03-11T10:23:27.319113,0.429,2026-03-11T10:23:28.072000,81,,,
participant_06,2,day,Town10HD_Opt,2026-03-11T10:23:29.380683,22.04601287841797,70.02633666992188,0.0019981765653938,0.006,-0.235,0.0,0.0,0,0,1,,0.975,2026-03-11T10:23:29.380683,neutral,0.998,2026-03-11T10:23:29.380683,0.429,2026-03-11T10:23:29.061000,83,,,
participant_06,2,day,Town10HD_Opt,2026-03-11T10:23:30.380148,22.04718399047852,70.02635955810547,0.0019213866908103,0.14,-0.216,0.576,0.0,0,0,1,,0.955,2026-03-11T10:23:30.380148,neutral,0.998,2026-03-11T10:23:29.380683,0.429,2026-03-11T10:23:30.096000,84,,,
participant_06,2,day,Town10HD_Opt,2026-03-11T10:23:31.406574,22.37203788757324,70.02626037597656,0.0016595841152593,5.708,-0.216,0.593,0.0,0,0,1,,0.918,2026-03-11T10:23:31.406574,neutral,0.997,2026-03-11T10:23:31.406574,0.429,2026-03-11T10:23:31.086000,85,,,
participant_06,2,day,Town10HD_Opt,2026-03-11T10:23:32.421464,23.298891067504883,70.02568817138672,0.001811180030927,8.575,-0.216,0.0,0.0,0,0,1,,0.947,2026-03-11T10:23:32.421464,neutral,0.997,2026-03-11T10:23:31.406574,0.429,2026-03-11T10:23:32.166000,85,,,
participant_06,2,day,Town10HD_Opt,2026-03-11T10:23:33.422576,24.208229064941406,70.02471923828125,0.0019937134347856,6.672,-0.216,0.0,0.122,0,0,1,,0.953,2026-03-11T10:23:33.422576,neutral,1.0,2026-03-11T10:23:33.422576,0.429,2026-03-11T10:23:33.111000,84,,,
participant_06,2,day,Town10HD_Opt,2026-03-11T10:23:34.474927,24.651264190673828,70.02345275878906,0.0023025511763989,0.001,-0.216,0.0,0.312,0,0,1,,0.835,2026-03-11T10:23:34.474927,neutral,1.0,2026-03-11T10:23:33.422576,0.395,2026-03-11T10:23:34.056000,82,,,
participant_06,2,day,Town10HD_Opt,2026-03-11T10:23:35.482736,24.65269660949707,70.02345275878906,0.001961059635505,0.098,-0.214,0.013,0.0,0,0,1,,1.0,2026-03-11T10:23:35.482736,neutral,0.53,2026-03-11T10:23:35.482736,0.355,2026-03-11T10:23:35.092000,81,,,
participant_06,2,day,Town10HD_Opt,2026-03-11T10:23:36.506686,24.792016983032227,70.02317810058594,0.0016976930201053,3.979,-0.209,0.763,0.0,0,0,1,,1.0,2026-03-11T10:23:36.506686,neutral,0.53,2026-03-11T10:23:35.482736,0.309,2026-03-11T10:23:36.082000,80,,,
participant_06,2,day,Town10HD_Opt,2026-03-11T10:23:37.527303,25.72802734375,70.02159881591797,0.0015285493573173,12.047,-0.214,0.777,0.0,0,0,1,,1.0,2026-03-11T10:23:37.527303,neutral,0.982,2026-03-11T10:23:37.527303,0.268,2026-03-11T10:23:37.072000,81,,,
participant_06,2,day,Town10HD_Opt,2026-03-11T10:23:38.581839,27.54857444763184,69.99907684326172,0.0016420366009697,17.949,-4.747,0.19,0.0,0,0,1,,0.912,2026-03-11T10:23:38.581839,neutral,0.982,2026-03-11T10:23:37.527303,0.235,2026-03-11T10:23:38.061000,82,,,errors=Stop sign violation
participant_06,2,day,Town10HD_Opt,2026-03-11T10:23:39.606446,29.60335350036621,69.77498626708984,0.001933250343427,17.363,-10.988,0.185,0.0,0,0,1,,0.866,2026-03-11T10:23:39.606446,neutral,0.99,2026-03-11T10:23:39.606446,0.202,2026-03-11T10:23:39.051000,82,,,
participant_06,2,day,Town10HD_Opt,2026-03-11T10:23:40.645614,31.51024436950684,69.31752014160156,0.0019818877335637,16.243,-11.535,0.127,0.0,0,0,1,,0.87,2026-03-11T10:23:40.645614,neutral,0.99,2026-03-11T10:23:39.606446,0.168,2026-03-11T10:23:40.087000,82,,,
participant_06,2,day,Town10HD_Opt,2026-03-11T10:23:41.681881,33.22224426269531,68.70436096191406,0.0019801710732281,15.095,-10.711,0.18,0.0,0,0,1,,1.0,2026-03-11T10:23:41.681881,neutral,0.939,2026-03-11T10:23:41.681881,0.135,2026-03-11T10:23:41.211000,82,,,
participant_06,2,day,Town10HD_Opt,2026-03-11T10:23:42.216330,34.019989013671875,68.3555908203125,0.0019588852301239,14.849,-9.093,0.217,0.0,0,0,1,,0.821,2026-03-11T10:23:42.216330,neutral,0.939,2026-03-11T10:23:41.681881,0.102,2026-03-11T10:23:42.111000,82,,,
participant_06,2,day,Town10HD_Opt,2026-03-11T10:23:43.235698,35.587379455566406,67.61022186279297,0.0019052504794672,15.152,-6.244,0.393,0.0,0,0,1,,0.949,2026-03-11T10:23:43.235698,neutral,0.939,2026-03-11T10:23:41.681881,0.102,2026-03-11T10:23:42.111000,82,,,
participant_06,2,day,Town10HD_Opt,2026-03-11T10:23:44.297912,37.22757339477539,66.70379638671875,0.0018369674216955,17.152,-8.904,0.387,0.0,0,0,1,,0.977,2026-03-11T10:23:44.297912,neutral,0.955,2026-03-11T10:23:44.297912,0.068,2026-03-11T10:23:44.180000,82,,,
participant_06,2,day,Town10HD_Opt,2026-03-11T10:23:45.353959,38.91561508178711,65.5022964477539,0.002092590322718,18.318,-13.836,0.388,0.0,0,0,1,,1.0,2026-03-11T10:23:45.353959,neutral,0.955,2026-03-11T10:23:44.297912,0.075,2026-03-11T10:23:45.082000,82,,,
participant_06,2,day,Town10HD_Opt,2026-03-11T10:23:46.393185,40.47158432006836,64.0306396484375,0.002036933787167,18.621,-11.658,0.389,0.0,0,0,1,,0.897,2026-03-11T10:23:46.393185,neutral,0.971,2026-03-11T10:23:46.393185,0.095,2026-03-11T10:23:46.071000,83,,,
participant_06,2,day,Town10HD_Opt,2026-03-11T10:23:47.476925,41.86566162109375,62.32591247558594,0.0025142286904156,19.36,-15.711,0.399,0.0,0,0,1,,1.0,2026-03-11T10:23:47.476925,neutral,0.971,2026-03-11T10:23:46.393185,0.109,2026-03-11T10:23:47.061000,83,,,
participant_06,2,day,Town10HD_Opt,2026-03-11T10:23:48.547374,42.99629211425781,60.29976272583008,0.001982650719583,20.796,-15.647,0.511,0.0,0,0,1,,1.0,2026-03-11T10:23:48.547374,neutral,0.994,2026-03-11T10:23:48.547374,0.122,2026-03-11T10:23:48.052000,84,,,
participant_06,2,day,Town10HD_Opt,2026-03-11T10:23:49.608234,43.8248176574707,57.88692092895508,0.0019839478190988,22.574,-12.493,0.0,0.0,0,0,1,,0.86,2026-03-11T10:23:49.608234,neutral,0.994,2026-03-11T10:23:48.547374,0.143,2026-03-11T10:23:49.087000,85,,,
participant_06,2,day,Town10HD_Opt,2026-03-11T10:23:50.668600,44.38620376586914,55.490516662597656,0.0022003937046974,19.296,11.024,0.0,0.0,0,0,1,,0.855,2026-03-11T10:23:50.668600,neutral,0.99,2026-03-11T10:23:50.668600,0.169,2026-03-11T10:23:50.076000,86,,,
participant_06,2,day,Town10HD_Opt,2026-03-11T10:23:51.231255,44.74974060058594,54.48682022094727,0.0020019528456032,17.681,13.951,0.0,0.0,0,0,1,,0.802,2026-03-11T10:23:51.231255,neutral,0.99,2026-03-11T10:23:50.668600,0.203,2026-03-11T10:23:51.066000,87,,,
participant_06,2,day,Town10HD_Opt,2026-03-11T10:23:52.282371,45.471282958984375,52.74059295654297,0.0020469664596021,14.775,-1.876,0.0,0.0,0,0,1,,0.989,2026-03-11T10:23:52.282371,neutral,0.99,2026-03-11T10:23:50.668600,0.244,2026-03-11T10:23:52.056000,88,,,
participant_06,2,day,Town10HD_Opt,2026-03-11T10:23:53.304110,45.97040557861328,51.24658203125,0.0020378492772579,12.374,-6.014,0.0,0.0,0,0,1,,0.996,2026-03-11T10:23:53.304110,neutral,0.995,2026-03-11T10:23:53.304110,0.271,2026-03-11T10:23:53.091000,86,,,
participant_06,2,day,Town10HD_Opt,2026-03-11T10:23:54.337040,46.34954452514648,49.94723129272461,0.0019438933813944,11.594,-4.605,0.216,0.0,0,0,1,,0.995,2026-03-11T10:23:54.337040,neutral,0.995,2026-03-11T10:23:53.304110,0.284,2026-03-11T10:23:54.082000,84,,,
participant_06,2,day,Town10HD_Opt,2026-03-11T10:23:55.355174,46.67829513549805,48.60740661621094,0.0019274520454928,11.7,-5.938,0.094,0.0,0,0,1,,0.998,2026-03-11T10:23:55.355174,neutral,0.988,2026-03-11T10:23:55.355174,0.298,2026-03-11T10:23:55.071000,84,,,
participant_06,2,day,Town10HD_Opt,2026-03-11T10:23:56.367043,46.93239212036133,47.324954986572266,0.0019633101765066,10.751,-5.938,0.095,0.0,0,0,1,,0.998,2026-03-11T10:23:56.367043,neutral,0.988,2026-03-11T10:23:55.355174,0.298,2026-03-11T10:23:56.062000,83,,,
participant_06,2,day,Town10HD_Opt,2026-03-11T10:23:57.406152,47.11824417114258,46.13532638549805,0.0020917891524732,10.003,-5.877,0.12,0.0,0,0,1,,0.997,2026-03-11T10:23:57.406152,neutral,0.995,2026-03-11T10:23:57.406152,0.291,2026-03-11T10:23:57.097000,82,,,
participant_06,2,day,Town10HD_Opt,2026-03-11T10:23:58.430130,47.25155258178711,45.00725173950195,0.0025005722418427,9.504,-5.444,0.119,0.0,0,0,1,,0.998,2026-03-11T10:23:58.430130,neutral,0.995,2026-03-11T10:23:57.406152,0.271,2026-03-11T10:23:58.131000,81,,,
participant_06,2,day,Town10HD_Opt,2026-03-11T10:23:59.456311,47.36053085327149,43.92625427246094,0.0028293989598751,9.409,-1.457,0.475,0.0,0,0,1,,0.991,2026-03-11T10:23:59.456311,neutral,0.967,2026-03-11T10:23:59.456311,0.23,2026-03-11T10:23:59.212000,79,,,
participant_06,2,day,Town10HD_Opt,2026-03-11T10:24:00.472250,47.49651336669922,42.62960815429688,0.003186302492395,13.174,-1.25,0.539,0.0,0,0,1,,0.986,2026-03-11T10:24:00.472250,neutral,0.967,2026-03-11T10:23:59.456311,0.169,2026-03-11T10:24:00.066000,77,,,
participant_06,2,day,Town10HD_Opt,2026-03-11T10:24:01.525942,47.73893356323242,40.83704376220703,-0.0002499014080967,18.344,11.144,0.696,0.0,0,0,1,,0.917,2026-03-11T10:24:01.525942,neutral,0.966,2026-03-11T10:24:01.525942,0.095,2026-03-11T10:24:01.057000,76,,,
participant_06,2,day,Town10HD_Opt,2026-03-11T10:24:02.620007,48.34159469604492,38.66572570800781,0.0699661970138549,21.148,11.921,0.692,0.0,0,0,1,,0.981,2026-03-11T10:24:02.620007,neutral,0.966,2026-03-11T10:24:01.525942,0.008,2026-03-11T10:24:02.092000,75,,,
participant_06,2,day,Town10HD_Opt,2026-03-11T10:24:03.206764,48.80995559692383,37.46372604370117,0.0439471378922462,23.493,13.868,0.701,0.0,0,0,1,,0.962,2026-03-11T10:24:03.206764,neutral,0.966,2026-03-11T10:24:01.525942,0.0,2026-03-11T10:24:03.081000,75,,,
participant_06,2,day,Town10HD_Opt,2026-03-11T10:24:04.303037,50.39335250854492,34.87166976928711,0.0425722822546958,28.757,18.438,0.682,0.0,0,0,1,,0.871,2026-03-11T10:24:04.303037,neutral,0.979,2026-03-11T10:24:04.303037,0.0,2026-03-11T10:24:04.071000,76,,,
participant_06,2,day,Town10HD_Opt,2026-03-11T10:24:05.492208,52.95344161987305,32.30354309082031,0.0093048848211765,33.137,6.661,0.539,0.0,0,0,1,,0.967,2026-03-11T10:24:05.492208,neutral,0.979,2026-03-11T10:24:04.303037,0.0,2026-03-11T10:24:05.062000,76,,,
participant_06,2,day,Town10HD_Opt,2026-03-11T10:24:06.616045,56.09318542480469,29.785186767578125,0.0022223282139748,35.619,3.728,0.539,0.0,0,0,1,,0.992,2026-03-11T10:24:06.616045,neutral,0.996,2026-03-11T10:24:06.616045,0.0,2026-03-11T10:24:06.097000,76,,,
participant_06,2,day,Town10HD_Opt,2026-03-11T10:24:07.212091,57.81623840332031,28.573524475097656,0.0020189667120575,36.566,8.189,0.533,0.0,0,0,1,,0.984,2026-03-11T10:24:07.212091,neutral,0.996,2026-03-11T10:24:06.616045,0.0,2026-03-11T10:24:07.131000,77,,,
participant_06,2,day,Town10HD_Opt,2026-03-11T10:24:08.323251,61.657562255859375,26.53482437133789,0.0020117568783462,37.584,7.982,0.0,0.0,0,0,1,,0.994,2026-03-11T10:24:08.323251,neutral,0.996,2026-03-11T10:24:06.616045,0.0,2026-03-11T10:24:08.077000,78,,,
participant_06,2,day,Town10HD_Opt,2026-03-11T10:24:09.356324,65.54851531982422,25.274871826171875,0.0022910689003765,32.391,9.136,0.0,0.0,0,0,1,,0.983,2026-03-11T10:24:09.356324,neutral,0.989,2026-03-11T10:24:09.356324,0.0,2026-03-11T10:24:09.067000,80,Solid line crossing,Solid line crossing,
participant_06,2,day,Town10HD_Opt,2026-03-11T10:24:10.406235,68.965576171875,24.802865982055664,0.0023156355600804,26.961,7.527,0.0,0.161,0,0,1,,0.984,2026-03-11T10:24:10.406235,neutral,0.989,2026-03-11T10:24:09.356324,0.0,2026-03-11T10:24:10.102000,80,,,
participant_06,2,day,Town10HD_Opt,2026-03-11T10:24:11.436062,71.78810119628906,24.72430419921875,0.0023077391088008,21.595,3.205,0.0,0.289,0,0,1,,0.972,2026-03-11T10:24:11.436062,neutral,0.981,2026-03-11T10:24:11.436062,0.0,2026-03-11T10:24:11.092000,80,,,
participant_06,2,day,Town10HD_Opt,2026-03-11T10:24:12.509293,73.9993896484375,24.73460960388184,0.0020475767087191,16.192,0.611,0.0,0.341,0,0,1,,0.952,2026-03-11T10:24:12.509293,neutral,0.981,2026-03-11T10:24:11.436062,0.0,2026-03-11T10:24:12.082000,81,,,
participant_06,2,day,Town10HD_Opt,2026-03-11T10:24:13.504082,75.6697769165039,24.751440048217773,0.0021183774806559,12.247,0.545,0.0,0.365,0,0,1,,1.0,2026-03-11T10:24:13.504082,neutral,0.79,2026-03-11T10:24:13.504082,0.0,2026-03-11T10:24:13.161000,81,,,
participant_06,2,day,Town10HD_Opt,2026-03-11T10:24:14.501325,76.86714935302734,24.76871681213379,0.0021129224915057,8.332,0.573,0.0,0.476,0,0,1,,0.964,2026-03-11T10:24:14.501325,neutral,0.79,2026-03-11T10:24:13.504082,0.0,2026-03-11T10:24:14.061000,82,,,
participant_06,2,day,Town10HD_Opt,2026-03-11T10:24:15.508893,77.39988708496094,24.775983810424805,0.0023938748054206,0.001,-0.338,0.0,0.547,0,0,1,,0.853,2026-03-11T10:24:15.508893,neutral,0.981,2026-03-11T10:24:15.508893,0.0,2026-03-11T10:24:15.142000,82,,,
participant_06,2,day,Town10HD_Opt,2026-03-11T10:24:16.540837,77.40107727050781,24.775991439819336,0.0019729994237422,0.034,-0.075,0.0,0.0,0,0,1,,1.0,2026-03-11T10:24:16.540837,neutral,0.981,2026-03-11T10:24:15.508893,0.0,2026-03-11T10:24:16.088000,83,,,
participant_06,2,day,Town10HD_Opt,2026-03-11T10:24:17.595942,77.4050064086914,24.77602767944336,0.0019233702914789,0.035,0.352,0.0,0.0,0,0,1,,0.963,2026-03-11T10:24:17.595942,neutral,0.942,2026-03-11T10:24:17.595942,0.028,2026-03-11T10:24:17.211000,83,,,
participant_06,2,day,Town10HD_Opt,2026-03-11T10:24:18.578191,77.40840911865234,24.77608299255371,0.0019195937784388,0.03,0.345,0.0,0.0,0,0,1,,0.916,2026-03-11T10:24:18.578191,neutral,0.942,2026-03-11T10:24:17.595942,0.062,2026-03-11T10:24:18.067000,83,,,
participant_06,2,day,Town10HD_Opt,2026-03-11T10:24:19.553872,77.41127014160156,24.776126861572266,0.0019192122854292,0.026,0.338,0.0,0.0,0,0,1,,0.943,2026-03-11T10:24:19.553872,neutral,0.942,2026-03-11T10:24:17.595942,0.089,2026-03-11T10:24:19.101000,84,,,
participant_06,2,day,Town10HD_Opt,2026-03-11T10:24:20.537899,77.4131851196289,24.77612495422364,0.0019187545403838,0.009,0.336,0.0,0.0,0,0,1,,0.931,2026-03-11T10:24:20.537899,neutral,0.943,2026-03-11T10:24:20.537899,0.116,2026-03-11T10:24:20.092000,84,,,
participant_06,2,day,Town10HD_Opt,2026-03-11T10:24:21.505559,77.41357421875,24.77612495422364,0.0019191360333934,0.002,0.317,0.0,0.0,0,0,1,,0.977,2026-03-11T10:24:21.505559,neutral,0.943,2026-03-11T10:24:20.537899,0.149,2026-03-11T10:24:21.082000,85,,,
participant_06,2,day,Town10HD_Opt,2026-03-11T10:24:22.541417,77.4135971069336,24.77612495422364,0.0019187927246093,0.006,0.315,0.0,0.0,0,0,1,,0.914,2026-03-11T10:24:22.541417,neutral,0.972,2026-03-11T10:24:22.541417,0.176,2026-03-11T10:24:22.162000,85,,,
participant_06,2,day,Town10HD_Opt,2026-03-11T10:24:23.607210,77.4136962890625,24.77612495422364,0.0019191360333934,0.001,0.315,0.0,0.0,0,0,1,,1.0,2026-03-11T10:24:23.607210,neutral,0.972,2026-03-11T10:24:22.541417,0.203,2026-03-11T10:24:23.151000,85,,,
participant_06,2,day,Town10HD_Opt,2026-03-11T10:24:24.639162,77.41372680664062,24.77612495422364,0.0019187927246093,0.006,0.315,0.0,0.0,0,0,1,,0.864,2026-03-11T10:24:24.639162,neutral,0.979,2026-03-11T10:24:24.639162,0.23,2026-03-11T10:24:24.097000,86,,,
participant_06,2,day,Town10HD_Opt,2026-03-11T10:24:25.647561,77.41380310058594,24.77612495422364,0.0019190978491678,0.001,0.315,0.0,0.0,0,0,1,,1.0,2026-03-11T10:24:25.647561,neutral,0.979,2026-03-11T10:24:24.639162,0.264,2026-03-11T10:24:25.086000,87,,,
participant_06,2,day,Town10HD_Opt,2026-03-11T10:24:26.649808,77.41386413574219,24.77612495422364,0.0019189452286809,0.006,0.315,0.0,0.0,0,0,1,,0.801,2026-03-11T10:24:26.649808,neutral,0.974,2026-03-11T10:24:26.649808,0.284,2026-03-11T10:24:26.122000,86,,,
participant_06,2,day,Town10HD_Opt,2026-03-11T10:24:27.659058,77.4139175415039,24.77612495422364,0.001919021597132,0.001,0.315,0.0,0.0,0,0,1,,1.0,2026-03-11T10:24:27.659058,neutral,0.974,2026-03-11T10:24:26.649808,0.304,2026-03-11T10:24:27.292000,86,,,
participant_06,2,day,Town10HD_Opt,2026-03-11T10:24:28.246441,77.41383361816406,24.77612495422364,0.0019189452286809,0.002,0.315,0.0,0.0,0,0,1,,0.808,2026-03-11T10:24:28.246441,neutral,0.974,2026-03-11T10:24:26.649808,0.318,2026-03-11T10:24:28.101000,85,,,
participant_06,2,day,Town10HD_Opt,2026-03-11T10:24:29.271472,77.4141616821289,24.77612495422364,0.0019191741012036,0.006,0.315,0.0,0.0,0,0,1,,1.0,2026-03-11T10:24:29.271472,neutral,0.966,2026-03-11T10:24:29.271472,0.318,2026-03-11T10:24:29.091000,84,,,
participant_06,2,day,Town10HD_Opt,2026-03-11T10:24:30.275044,77.41394805908203,24.77612495422364,0.0019189452286809,0.002,0.315,0.0,0.0,0,0,1,,1.0,2026-03-11T10:24:30.275044,neutral,0.966,2026-03-11T10:24:29.271472,0.311,2026-03-11T10:24:30.082000,83,,,
participant_06,2,day,Town10HD_Opt,2026-03-11T10:24:31.264150,77.41426849365234,24.77612495422364,0.0019190978491678,0.001,0.315,0.0,0.0,0,0,1,,1.0,2026-03-11T10:24:31.264150,neutral,0.966,2026-03-11T10:24:29.271472,0.291,2026-03-11T10:24:31.072000,82,,,
participant_06,2,day,Town10HD_Opt,2026-03-11T10:24:32.266770,77.41407775878906,24.77612495422364,0.0019187163561582,0.007,0.315,0.0,0.0,0,0,1,,0.868,2026-03-11T10:24:32.266770,neutral,0.971,2026-03-11T10:24:32.266770,0.264,2026-03-11T10:24:32.061000,81,,,
participant_06,2,day,Town10HD_Opt,2026-03-11T10:24:33.262995,77.41437530517578,24.77612495422364,0.0019193649059161,0.0,0.315,0.0,0.0,0,0,1,,0.921,2026-03-11T10:24:33.262995,neutral,0.971,2026-03-11T10:24:32.266770,0.237,2026-03-11T10:24:33.097000,81,,,
participant_06,2,day,Town10HD_Opt,2026-03-11T10:24:34.250401,77.41421508789062,24.77612495422364,0.0019187545403838,0.007,0.315,0.0,0.0,0,0,1,,0.852,2026-03-11T10:24:34.250401,neutral,0.971,2026-03-11T10:24:32.266770,0.196,2026-03-11T10:24:34.087000,80,,,
participant_06,2,day,Town10HD_Opt,2026-03-11T10:24:35.262985,77.41447448730469,24.77612495422364,0.001919517526403,0.001,0.315,0.0,0.0,0,0,1,,0.899,2026-03-11T10:24:35.262985,neutral,0.993,2026-03-11T10:24:35.262985,0.149,2026-03-11T10:24:35.166000,80,,,
participant_06,2,day,Town10HD_Opt,2026-03-11T10:24:36.269616,77.41434478759766,24.77612495422364,0.0019187545403838,0.007,0.315,0.0,0.0,0,0,1,,1.0,2026-03-11T10:24:36.269616,neutral,0.993,2026-03-11T10:24:35.262985,0.109,2026-03-11T10:24:36.067000,80,,,
participant_06,2,day,Town10HD_Opt,2026-03-11T10:24:37.289332,77.41458129882812,24.77612495422364,0.001919517526403,0.001,0.315,0.0,0.0,0,0,1,,1.0,2026-03-11T10:24:37.289332,neutral,0.941,2026-03-11T10:24:37.289332,0.075,2026-03-11T10:24:37.103000,81,,,
participant_06,2,day,Town10HD_Opt,2026-03-11T10:24:38.280185,77.41447448730469,24.77612495422364,0.0019187545403838,0.006,0.315,0.0,0.0,0,0,1,,1.0,2026-03-11T10:24:38.280185,neutral,0.941,2026-03-11T10:24:37.289332,0.048,2026-03-11T10:24:38.093000,81,,,
participant_06,2,day,Town10HD_Opt,2026-03-11T10:24:39.259495,77.41468048095703,24.77612495422364,0.0019195555942133,0.001,0.315,0.0,0.0,0,0,1,,0.849,2026-03-11T10:24:39.259495,neutral,0.941,2026-03-11T10:24:37.289332,0.035,2026-03-11T10:24:39.081000,82,,,
participant_06,2,day,Town10HD_Opt,2026-03-11T10:24:40.232985,77.41460418701172,24.77612495422364,0.0019187927246093,0.006,0.315,0.0,0.0,0,0,1,,0.886,2026-03-11T10:24:40.232985,neutral,0.986,2026-03-11T10:24:40.232985,0.028,2026-03-11T10:24:40.117000,82,,,
participant_06,2,day,Town10HD_Opt,2026-03-11T10:24:41.226279,77.41477966308594,24.77612495422364,0.0019195555942133,0.001,0.315,0.0,0.0,0,0,1,,1.0,2026-03-11T10:24:41.226279,neutral,0.986,2026-03-11T10:24:40.232985,0.028,2026-03-11T10:24:41.196000,82,,,
participant_06,2,day,Town10HD_Opt,2026-03-11T10:24:42.220595,77.41474151611328,24.77612495422364,0.0019187545403838,0.006,0.315,0.0,0.0,0,0,1,,0.867,2026-03-11T10:24:42.220595,neutral,0.986,2026-03-11T10:24:40.232985,0.041,2026-03-11T10:24:42.097000,83,,,
participant_06,2,day,Town10HD_Opt,2026-03-11T10:24:43.308572,77.5789794921875,24.79636001586914,0.0016296006506308,5.947,17.768,1.0,0.0,0,0,1,,0.93,2026-03-11T10:24:43.308572,neutral,0.939,2026-03-11T10:24:43.308572,0.062,2026-03-11T10:24:43.088000,84,,,
participant_06,2,day,Town10HD_Opt,2026-03-11T10:24:44.359769,78.71571350097656,25.027814865112305,0.0015978623414412,12.977,18.076,0.559,0.0,0,0,1,,0.81,2026-03-11T10:24:44.359769,neutral,0.939,2026-03-11T10:24:43.308572,0.102,2026-03-11T10:24:44.078000,86,,,
participant_06,2,day,Town10HD_Opt,2026-03-11T10:24:45.419961,80.29685974121094,25.533674240112305,0.001859588548541,14.516,6.234,0.194,0.0,0,0,1,,0.988,2026-03-11T10:24:45.419961,neutral,0.912,2026-03-11T10:24:45.419961,0.149,2026-03-11T10:24:45.066000,87,,,
participant_06,2,day,Town10HD_Opt,2026-03-11T10:24:46.480898,81.91578674316406,25.99519729614257,0.0019072341965511,14.641,-5.063,0.719,0.0,0,0,1,,0.981,2026-03-11T10:24:46.480898,neutral,0.912,2026-03-11T10:24:45.419961,0.203,2026-03-11T10:24:46.056000,88,,,
participant_06,2,day,Town10HD_Opt,2026-03-11T10:24:47.554273,83.94969177246094,26.459125518798828,0.002197227673605,21.403,-0.214,1.0,0.0,0,0,1,,0.916,2026-03-11T10:24:47.554273,neutral,0.943,2026-03-11T10:24:47.554273,0.25,2026-03-11T10:24:47.092000,88,,,
participant_06,2,day,Town10HD_Opt,2026-03-11T10:24:48.605831,86.97461700439453,27.1862907409668,0.0016969683347269,32.103,-7.772,1.0,0.0,0,0,1,,0.98,2026-03-11T10:24:48.605831,neutral,0.943,2026-03-11T10:24:47.554273,0.298,2026-03-11T10:24:48.082000,88,,,
participant_06,2,day,Town10HD_Opt,2026-03-11T10:24:49.671157,91.24508666992188,27.393102645874023,0.0016021347837522,41.723,-19.87,0.949,0.0,0,0,1,,0.962,2026-03-11T10:24:49.671157,neutral,0.954,2026-03-11T10:24:49.671157,0.345,2026-03-11T10:24:49.072000,89,,,
participant_06,2,day,Town10HD_Opt,2026-03-11T10:24:50.216120,93.68739318847656,26.82815933227539,0.0016568375285714,44.974,-17.124,0.925,0.0,0,0,1,,0.842,2026-03-11T10:24:50.216120,neutral,0.954,2026-03-11T10:24:49.671157,0.392,2026-03-11T10:24:50.062000,89,,,
participant_06,2,day,Town10HD_Opt,2026-03-11T10:24:51.241057,98.56964874267578,24.01778221130371,0.0017021561507135,51.844,-9.495,0.0,0.184,0,0,1,,0.972,2026-03-11T10:24:51.241057,neutral,0.954,2026-03-11T10:24:49.671157,0.433,2026-03-11T10:24:51.097000,88,,,
participant_06,2,day,Town10HD_Opt,2026-03-11T10:24:52.244280,102.53914642333984,19.803375244140625,0.0023006056435406,46.284,-5.243,0.233,0.0,0,0,1,,0.937,2026-03-11T10:24:52.244280,neutral,0.928,2026-03-11T10:24:52.244280,0.466,2026-03-11T10:24:52.087000,88,,,
participant_06,2,day,Town10HD_Opt,2026-03-11T10:24:53.259089,105.25045776367188,15.323362350463867,0.002001037588343,46.283,-16.692,0.889,0.0,0,0,1,,0.955,2026-03-11T10:24:53.259089,neutral,0.928,2026-03-11T10:24:52.244280,0.493,2026-03-11T10:24:53.077000,88,,,
participant_06,2,day,Town10HD_Opt,2026-03-11T10:24:54.298331,106.682861328125,9.760011672973633,0.001776352059096,52.009,1.083,0.0,0.213,0,0,1,,0.845,2026-03-11T10:24:54.298331,neutral,0.975,2026-03-11T10:24:54.298331,0.507,2026-03-11T10:24:54.067000,88,,,
participant_06,2,day,Town10HD_Opt,2026-03-11T10:24:55.332611,107.6008071899414,4.00855827331543,0.0021361159160733,48.776,-3.109,0.852,0.0,0,0,1,,0.967,2026-03-11T10:24:55.332611,neutral,0.975,2026-03-11T10:24:54.298331,0.513,2026-03-11T10:24:55.102000,88,,,
participant_06,2,day,Town10HD_Opt,2026-03-11T10:24:56.352403,108.20825958251952,-1.836714148521424,0.0020619200076907,49.968,-6.085,0.809,0.0,0,0,1,,0.889,2026-03-11T10:24:56.352403,neutral,0.975,2026-03-11T10:24:56.352403,0.52,2026-03-11T10:24:56.092000,89,,,
participant_06,2,day,Town10HD_Opt,2026-03-11T10:24:57.400655,108.08646392822266,-7.510719299316406,0.0021103667095303,48.056,3.594,0.437,0.0,0,0,1,,0.956,2026-03-11T10:24:57.400655,neutral,0.975,2026-03-11T10:24:56.352403,0.534,2026-03-11T10:24:57.128000,90,,,
participant_06,2,day,Town10HD_Opt,2026-03-11T10:24:58.411741,108.1951904296875,-13.056072235107422,0.0020837783813476,47.132,0.59,0.462,0.0,0,0,1,,0.967,2026-03-11T10:24:58.411741,neutral,0.994,2026-03-11T10:24:58.411741,0.554,2026-03-11T10:24:58.072000,91,,,
participant_06,2,day,Town10HD_Opt,2026-03-11T10:24:59.430655,108.5665512084961,-18.52496337890625,0.0020584105513989,46.857,-2.118,0.467,0.0,0,0,1,,0.968,2026-03-11T10:24:59.430655,neutral,0.994,2026-03-11T10:24:58.411741,0.567,2026-03-11T10:24:59.062000,91,,,
participant_06,2,day,Town10HD_Opt,2026-03-11T10:25:00.429171,108.72361755371094,-23.966781616210938,0.0020627211779356,46.426,-3.276,0.455,0.0,0,0,1,,0.975,2026-03-11T10:25:00.429171,neutral,0.968,2026-03-11T10:25:00.429171,0.574,2026-03-11T10:25:00.097000,90,,,
participant_06,2,day,Town10HD_Opt,2026-03-11T10:25:01.505987,108.41256713867188,-29.34643173217773,0.0020703505724668,45.883,-6.879,0.454,0.0,0,0,1,,0.866,2026-03-11T10:25:01.505987,neutral,0.968,2026-03-11T10:25:00.429171,0.574,2026-03-11T10:25:01.132000,88,,,
participant_06,2,day,Town10HD_Opt,2026-03-11T10:25:02.529964,107.32411193847656,-34.544273376464844,0.0020808791741728,45.22,-8.902,0.466,0.0,0,0,1,,0.94,2026-03-11T10:25:02.529964,neutral,0.935,2026-03-11T10:25:02.529964,0.574,2026-03-11T10:25:02.077000,88,,,
participant_06,2,day,Town10HD_Opt,2026-03-11T10:25:03.568439,105.28487396240234,-39.38444900512695,0.002066345186904,44.943,-5.361,0.459,0.0,0,0,1,,0.982,2026-03-11T10:25:03.568439,neutral,0.935,2026-03-11T10:25:02.529964,0.574,2026-03-11T10:25:03.067000,88,,,
participant_06,2,day,Town10HD_Opt,2026-03-11T10:25:04.584780,102.58960723876952,-43.86116790771485,0.0020586394239217,44.711,-3.832,0.463,0.0,0,0,1,,0.938,2026-03-11T10:25:04.584780,neutral,0.986,2026-03-11T10:25:04.584780,0.561,2026-03-11T10:25:04.057000,86,,,
participant_06,2,day,Town10HD_Opt,2026-03-11T10:25:05.594489,99.42838287353516,-47.99121856689453,0.0020567702595144,44.506,-5.479,0.463,0.0,0,0,1,,0.978,2026-03-11T10:25:05.594489,neutral,0.986,2026-03-11T10:25:04.584780,0.547,2026-03-11T10:25:05.092000,86,,,
participant_06,2,day,Town10HD_Opt,2026-03-11T10:25:06.619795,95.77216339111328,-51.65395736694336,0.0020562743302434,44.311,-5.267,0.463,0.0,0,0,1,,0.98,2026-03-11T10:25:06.619795,neutral,0.992,2026-03-11T10:25:06.619795,0.527,2026-03-11T10:25:06.082000,86,,,
participant_06,2,day,Town10HD_Opt,2026-03-11T10:25:07.616812,91.67020416259766,-54.7731819152832,0.0020572661887854,44.115,-6.137,0.463,0.0,0,0,1,,0.99,2026-03-11T10:25:07.616812,neutral,0.992,2026-03-11T10:25:06.619795,0.493,2026-03-11T10:25:07.072000,85,,,
participant_06,2,day,Town10HD_Opt,2026-03-11T10:25:08.657209,87.20452880859375,-57.30852890014648,0.0020523071289062,43.923,7.501,0.462,0.0,0,0,1,,0.958,2026-03-11T10:25:08.657209,neutral,0.972,2026-03-11T10:25:08.657209,0.439,2026-03-11T10:25:08.107000,83,,,errors=Solid line crossing
participant_06,2,day,Town10HD_Opt,2026-03-11T10:25:09.216684,85.01112365722656,-58.61836242675781,0.0020613861270248,43.723,8.844,0.462,0.0,0,0,1,,0.952,2026-03-11T10:25:09.216684,neutral,0.972,2026-03-11T10:25:08.657209,0.379,2026-03-11T10:25:09.187000,82,,,
participant_06,2,day,Town10HD_Opt,2026-03-11T10:25:10.261074,80.92829132080078,-61.6806526184082,0.0020296860020607,43.964,-4.362,0.513,0.0,0,0,1,,0.96,2026-03-11T10:25:10.261074,neutral,0.972,2026-03-11T10:25:08.657209,0.311,2026-03-11T10:25:10.087000,80,,,
participant_06,2,day,Town10HD_Opt,2026-03-11T10:25:11.278929,76.63347625732422,-64.52642059326172,0.0020207595080137,44.498,-7.0,0.512,0.0,0,0,1,,0.892,2026-03-11T10:25:11.278929,neutral,0.96,2026-03-11T10:25:11.278929,0.264,2026-03-11T10:25:11.077000,81,,,
participant_06,2,day,Town10HD_Opt,2026-03-11T10:25:12.260083,71.87626647949219,-66.65338134765625,0.0020219038706272,45.034,-6.706,0.512,0.0,0,0,1,,0.842,2026-03-11T10:25:12.260083,neutral,0.96,2026-03-11T10:25:11.278929,0.223,2026-03-11T10:25:12.157000,82,,,
participant_06,2,day,Town10HD_Opt,2026-03-11T10:25:13.264019,66.7730941772461,-67.97716522216797,0.0020241546444594,45.491,-6.45,0.512,0.0,0,0,1,,0.904,2026-03-11T10:25:13.264019,neutral,0.96,2026-03-11T10:25:11.278929,0.183,2026-03-11T10:25:13.102000,82,,,errors=Solid line crossing
participant_06,2,day,Town10HD_Opt,2026-03-11T10:25:14.287211,61.46578979492188,-68.50826263427734,0.0020206451881676,46.024,-3.497,0.509,0.0,0,0,1,,1.0,2026-03-11T10:25:14.287211,neutral,0.983,2026-03-11T10:25:14.287211,0.149,2026-03-11T10:25:14.092000,81,,,
participant_06,2,day,Town10HD_Opt,2026-03-11T10:25:15.312943,56.06346130371094,-68.57144165039062,0.0020166777539998,46.578,1.222,0.506,0.0,0,0,1,,1.0,2026-03-11T10:25:15.312943,neutral,0.983,2026-03-11T10:25:14.287211,0.116,2026-03-11T10:25:15.082000,81,,,
participant_06,2,day,Town10HD_Opt,2026-03-11T10:25:16.327826,50.60211944580078,-68.6153564453125,0.0020208358764648,47.018,-2.553,0.504,0.0,0,0,1,,0.856,2026-03-11T10:25:16.327826,neutral,0.992,2026-03-11T10:25:16.327826,0.075,2026-03-11T10:25:16.117000,80,,,
participant_06,2,day,Town10HD_Opt,2026-03-11T10:25:17.373240,45.10149765014648,-68.43657684326172,0.0020268631633371,47.328,-1.864,0.5,0.0,0,0,1,,0.926,2026-03-11T10:25:17.373240,neutral,0.992,2026-03-11T10:25:16.327826,0.035,2026-03-11T10:25:17.107000,79,,,
participant_06,2,day,Town10HD_Opt,2026-03-11T10:25:18.390147,39.584739685058594,-67.96073150634766,0.0020293043926358,47.616,-1.147,0.5,0.0,0,0,1,,1.0,2026-03-11T10:25:18.390147,neutral,0.991,2026-03-11T10:25:18.390147,0.001,2026-03-11T10:25:18.097000,78,,,
participant_06,2,day,Town10HD_Opt,2026-03-11T10:25:19.402932,34.05701446533203,-67.29971313476562,0.002030563307926,47.834,-0.244,0.498,0.0,0,0,1,,1.0,2026-03-11T10:25:19.402932,neutral,0.991,2026-03-11T10:25:18.390147,0.0,2026-03-11T10:25:19.088000,77,,,
participant_06,2,day,Town10HD_Opt,2026-03-11T10:25:20.432406,28.512008666992188,-66.60395050048828,0.0020436476916074,47.829,0.162,0.096,0.0,0,0,1,,1.0,2026-03-11T10:25:20.432406,neutral,0.884,2026-03-11T10:25:20.432406,0.0,2026-03-11T10:25:20.122000,75,,,
participant_06,2,day,Town10HD_Opt,2026-03-11T10:25:21.439981,23.26165771484375,-65.99198913574219,0.0023230740334838,42.062,0.444,0.0,0.0,0,0,1,,1.0,2026-03-11T10:25:21.439981,neutral,0.884,2026-03-11T10:25:20.432406,0.0,2026-03-11T10:25:21.157000,75,,,
participant_06,2,day,Town10HD_Opt,2026-03-11T10:25:22.451878,18.78244400024414,-65.53108978271484,0.0023575590457767,34.941,1.664,0.009,0.0,0,0,1,,0.853,2026-03-11T10:25:22.451878,neutral,0.976,2026-03-11T10:25:22.451878,0.0,2026-03-11T10:25:22.102000,77,,,
participant_06,2,day,Town10HD_Opt,2026-03-11T10:25:23.434307,14.889204025268556,-65.24578857421875,0.0021405792795121,32.929,1.455,0.515,0.0,0,0,1,,1.0,2026-03-11T10:25:23.434307,neutral,0.976,2026-03-11T10:25:22.451878,0.0,2026-03-11T10:25:23.182000,77,,,
participant_06,2,day,Town10HD_Opt,2026-03-11T10:25:24.436421,10.975339889526367,-65.01973724365234,0.0019947432447224,34.225,-0.444,0.475,0.0,0,0,1,,1.0,2026-03-11T10:25:24.436421,neutral,0.976,2026-03-11T10:25:22.451878,0.0,2026-03-11T10:25:24.082000,76,,,
participant_06,2,day,Town10HD_Opt,2026-03-11T10:25:25.443855,6.923099994659424,-64.8110122680664,0.0019926070235669,35.281,1.669,0.468,0.0,0,0,1,,1.0,2026-03-11T10:25:25.443855,neutral,0.945,2026-03-11T10:25:25.443855,0.0,2026-03-11T10:25:25.073000,76,,,
participant_06,2,day,Town10HD_Opt,2026-03-11T10:25:26.451356,2.7565624713897705,-64.68278503417969,0.0020015717018395,36.125,-0.472,0.452,0.0,0,0,1,,1.0,2026-03-11T10:25:26.451356,neutral,0.945,2026-03-11T10:25:25.443855,0.0,2026-03-11T10:25:26.197000,77,Stop sign violation,stop_sign_id=754,
participant_06,2,day,Town10HD_Opt,2026-03-11T10:25:27.471333,-1.4356694221496582,-64.55606079101562,0.0021372602786868,34.69,0.989,0.0,0.0,0,0,1,,1.0,2026-03-11T10:25:27.471333,neutral,0.949,2026-03-11T10:25:27.471333,0.0,2026-03-11T10:25:27.097000,77,,,
participant_06,2,day,Town10HD_Opt,2026-03-11T10:25:28.465872,-5.168396949768066,-64.51008605957031,0.0022867200896143,29.41,1.043,0.0,0.0,0,0,1,,0.841,2026-03-11T10:25:28.465872,neutral,0.949,2026-03-11T10:25:27.471333,0.0,2026-03-11T10:25:28.133000,78,,,
participant_06,2,day,Town10HD_Opt,2026-03-11T10:25:29.445902,-8.304854393005371,-64.53240203857422,0.0022776029072701,24.566,0.733,0.0,0.0,0,0,1,,0.886,2026-03-11T10:25:29.445902,neutral,0.949,2026-03-11T10:25:27.471333,0.0,2026-03-11T10:25:29.077000,79,,,
participant_06,2,day,Town10HD_Opt,2026-03-11T10:25:30.428321,-10.910836219787598,-64.57621765136719,0.00225166301243,19.96,0.045,0.0,0.0,0,0,1,,0.909,2026-03-11T10:25:30.428321,neutral,0.991,2026-03-11T10:25:30.428321,0.0,2026-03-11T10:25:30.113000,80,,,
participant_06,2,day,Town10HD_Opt,2026-03-11T10:25:31.431738,-13.063860893249512,-64.61585235595703,0.0019584274850785,17.03,0.256,0.0,0.0,0,0,1,,0.932,2026-03-11T10:25:31.431738,neutral,0.991,2026-03-11T10:25:30.428321,0.0,2026-03-11T10:25:31.103000,80,,,
participant_06,2,day,Town10HD_Opt,2026-03-11T10:25:32.438792,-14.884565353393556,-64.65596771240234,0.0020432663150131,14.089,0.282,0.0,0.0,0,0,1,,0.876,2026-03-11T10:25:32.438792,neutral,0.997,2026-03-11T10:25:32.438792,0.0,2026-03-11T10:25:32.182000,80,,,
participant_06,2,day,Town10HD_Opt,2026-03-11T10:25:33.419309,-16.410444259643555,-64.68898010253906,0.0020317458547651,11.813,-0.637,0.0,0.0,0,0,1,,0.925,2026-03-11T10:25:33.419309,neutral,0.997,2026-03-11T10:25:32.438792,0.0,2026-03-11T10:25:33.127000,79,,,
participant_06,2,day,Town10HD_Opt,2026-03-11T10:25:34.416943,-17.68753433227539,-64.70722198486328,0.0020263672340661,9.836,-0.592,0.0,0.266,0,0,1,,0.882,2026-03-11T10:25:34.416943,neutral,0.997,2026-03-11T10:25:32.438792,0.0,2026-03-11T10:25:34.074000,79,,,
participant_06,2,day,Town10HD_Opt,2026-03-11T10:25:35.421394,-18.624181747436523,-64.71796417236328,0.0020867537241429,6.283,-0.47,0.0,0.45,0,0,1,,0.977,2026-03-11T10:25:35.421394,neutral,0.985,2026-03-11T10:25:35.421394,0.0,2026-03-11T10:25:35.108000,79,,,
participant_06,2,day,Town10HD_Opt,2026-03-11T10:25:36.422680,-18.770463943481445,-64.71991729736328,0.0020833206363022,0.0,-0.444,0.0,0.218,0,0,1,,0.843,2026-03-11T10:25:36.422680,neutral,0.985,2026-03-11T10:25:35.421394,0.0,2026-03-11T10:25:36.142000,80,,,
participant_06,2,day,Town10HD_Opt,2026-03-11T10:25:37.394728,-18.7729721069336,-64.71991729736328,0.0019355391850695,0.036,-0.219,0.0,0.0,0,0,1,,0.814,2026-03-11T10:25:37.394728,neutral,0.985,2026-03-11T10:25:35.421394,0.0,2026-03-11T10:25:37.132000,80,,,
participant_06,2,day,Town10HD_Opt,2026-03-11T10:25:38.347413,-18.77657699584961,-64.71991729736328,0.0019205092685297,0.032,-0.195,0.0,0.0,0,0,1,,1.0,2026-03-11T10:25:38.347413,neutral,0.957,2026-03-11T10:25:38.347413,0.0,2026-03-11T10:25:38.078000,79,,,
participant_06,2,day,Town10HD_Opt,2026-03-11T10:25:39.287270,-18.77960586547852,-64.71991729736328,0.0019192504696547,0.027,-0.186,0.0,0.0,0,0,1,,1.0,2026-03-11T10:25:39.287270,neutral,0.957,2026-03-11T10:25:38.347413,0.0,2026-03-11T10:25:39.113000,80,,,
participant_06,2,day,Town10HD_Opt,2026-03-11T10:25:40.232131,-18.78156852722168,-64.71991729736328,0.0019191741012036,0.003,-0.176,0.0,0.0,0,0,1,,1.0,2026-03-11T10:25:40.232131,neutral,0.957,2026-03-11T10:25:38.347413,0.0,2026-03-11T10:25:40.102000,81,,,
participant_06,2,day,Town10HD_Opt,2026-03-11T10:25:41.641262,-18.781896591186523,-64.71991729736328,0.0019188689766451,0.006,-0.139,0.0,0.0,0,0,1,,1.0,2026-03-11T10:25:41.641262,neutral,0.976,2026-03-11T10:25:41.641262,0.0,2026-03-11T10:25:41.138000,83,,,
participant_06,2,day,Town10HD_Opt,2026-03-11T10:25:42.639728,-18.78177261352539,-64.71991729736328,0.0019189452286809,0.002,-0.132,0.0,0.0,0,0,1,,1.0,2026-03-11T10:25:42.639728,neutral,0.976,2026-03-11T10:25:41.641262,0.0,2026-03-11T10:25:42.172000,82,,,
participant_06,2,day,Town10HD_Opt,2026-03-11T10:25:43.652376,-18.78200340270996,-64.71991729736328,0.0019188689766451,0.006,-0.129,0.0,0.0,0,0,1,,1.0,2026-03-11T10:25:43.652376,sad,0.959,2026-03-11T10:25:43.652376,0.0,2026-03-11T10:25:43.072000,81,,,
participant_06,2,day,Town10HD_Opt,2026-03-11T10:25:44.604443,-18.781858444213867,-64.71991729736328,0.0019189452286809,0.002,-0.129,0.0,0.0,0,0,1,,1.0,2026-03-11T10:25:44.604443,sad,0.959,2026-03-11T10:25:43.652376,0.001,2026-03-11T10:25:44.108000,81,,,
participant_06,2,day,Town10HD_Opt,2026-03-11T10:25:45.571079,-18.782106399536133,-64.71992492675781,0.0019189452286809,0.006,-1.243,0.0,0.0,0,0,1,,1.0,2026-03-11T10:25:45.571079,sad,0.959,2026-03-11T10:25:43.652376,0.014,2026-03-11T10:25:45.098000,81,,,
participant_06,2,day,Town10HD_Opt,2026-03-11T10:25:46.551907,-18.78194808959961,-64.71991729736328,0.0019189452286809,0.002,-0.256,0.0,0.0,0,0,1,,1.0,2026-03-11T10:25:46.551907,neutral,0.932,2026-03-11T10:25:46.551907,0.021,2026-03-11T10:25:46.087000,81,,,
participant_06,2,day,Town10HD_Opt,2026-03-11T10:25:47.606325,-18.782211303710938,-64.71991729736328,0.0019189452286809,0.006,-0.254,0.0,0.0,0,0,1,,1.0,2026-03-11T10:25:47.606325,neutral,0.932,2026-03-11T10:25:46.551907,0.021,2026-03-11T10:25:47.168000,80,,,
participant_06,2,day,Town10HD_Opt,2026-03-11T10:25:48.544015,-18.78203392028809,-64.71991729736328,0.0019189452286809,0.002,-0.254,0.0,0.0,0,0,1,,1.0,2026-03-11T10:25:48.544015,neutral,0.932,2026-03-11T10:25:46.551907,0.035,2026-03-11T10:25:48.112000,81,,,
participant_06,2,day,Town10HD_Opt,2026-03-11T10:25:49.516442,-18.782316207885746,-64.71991729736328,0.0019189452286809,0.006,-0.251,0.0,0.0,0,0,1,,1.0,2026-03-11T10:25:49.516442,neutral,0.931,2026-03-11T10:25:49.516442,0.041,2026-03-11T10:25:49.102000,81,,,
participant_06,2,day,Town10HD_Opt,2026-03-11T10:25:50.503716,-18.812599182128903,-64.72027587890625,0.0017996978713199,2.631,-3.57,1.0,0.0,0,0,1,,1.0,2026-03-11T10:25:50.503716,neutral,0.931,2026-03-11T10:25:49.516442,0.048,2026-03-11T10:25:50.092000,82,,,
participant_06,2,day,Town10HD_Opt,2026-03-11T10:25:51.519568,-19.630659103393555,-64.66163635253906,0.0014159777201712,12.48,-9.6,1.0,0.0,0,0,1,,0.839,2026-03-11T10:25:51.519568,neutral,0.956,2026-03-11T10:25:51.519568,0.041,2026-03-11T10:25:51.128000,82,,,
participant_06,2,day,Town10HD_Opt,2026-03-11T10:25:52.515792,-21.66275405883789,-64.38713073730469,0.0017241288442164,21.695,-9.246,0.997,0.0,0,0,1,,1.0,2026-03-11T10:25:52.515792,neutral,0.956,2026-03-11T10:25:51.519568,0.048,2026-03-11T10:25:52.073000,83,,,errors=Solid line crossing
participant_06,2,day,Town10HD_Opt,2026-03-11T10:25:53.518980,-24.72109031677246,-63.6819953918457,0.0015169527614489,32.41,-4.414,0.982,0.0,0,0,1,,0.9,2026-03-11T10:25:53.518980,neutral,0.956,2026-03-11T10:25:51.519568,0.062,2026-03-11T10:25:53.242000,83,,,
participant_06,2,day,Town10HD_Opt,2026-03-11T10:25:54.535073,-28.93119239807129,-62.516937255859375,0.0015983200864866,41.605,3.815,0.79,0.0,0,0,1,,1.0,2026-03-11T10:25:54.535073,neutral,0.964,2026-03-11T10:25:54.535073,0.068,2026-03-11T10:25:54.099000,82,,,
participant_06,2,day,Town10HD_Opt,2026-03-11T10:25:55.556306,-34.065242767333984,-61.78409957885742,0.001742401276715,47.451,14.327,0.895,0.0,0,0,1,,1.0,2026-03-11T10:25:55.556306,neutral,0.964,2026-03-11T10:25:54.535073,0.075,2026-03-11T10:25:55.088000,82,,,
participant_06,2,day,Town10HD_Opt,2026-03-11T10:25:56.564222,-39.87943649291992,-62.57656097412109,0.0018935012631118,51.354,-0.656,0.0,0.174,0,0,1,,1.0,2026-03-11T10:25:56.564222,neutral,0.984,2026-03-11T10:25:56.564222,0.075,2026-03-11T10:25:56.078000,81,,,
participant_06,2,day,Town10HD_Opt,2026-03-11T10:25:57.567306,-45.52770233154297,-63.75128936767578,0.0019873427227139,50.281,-4.386,0.951,0.0,0,0,1,,1.0,2026-03-11T10:25:57.567306,neutral,0.984,2026-03-11T10:25:56.564222,0.082,2026-03-11T10:25:57.113000,81,,,
participant_06,2,day,Town10HD_Opt,2026-03-11T10:25:58.566102,-51.40671157836914,-64.5671157836914,0.0021940229926258,48.568,3.759,0.958,0.0,0,0,1,,0.876,2026-03-11T10:25:58.566102,neutral,0.962,2026-03-11T10:25:58.566102,0.089,2026-03-11T10:25:58.102000,82,,,
participant_06,2,day,Town10HD_Opt,2026-03-11T10:25:59.584285,-57.16706848144531,-65.59477996826172,0.0018766404828056,52.09,-2.713,0.0,0.209,0,0,1,,0.856,2026-03-11T10:25:59.584285,neutral,0.962,2026-03-11T10:25:58.566102,0.082,2026-03-11T10:25:59.093000,80,,,
participant_06,2,day,Town10HD_Opt,2026-03-11T10:26:00.572388,-62.9260139465332,-66.41639709472656,0.0020864105317741,49.498,-2.118,0.953,0.0,0,0,1,,0.954,2026-03-11T10:26:00.572388,neutral,0.986,2026-03-11T10:26:00.572388,0.048,2026-03-11T10:26:00.127000,77,,,
participant_06,2,day,Town10HD_Opt,2026-03-11T10:26:01.551332,-68.87715148925781,-66.9053726196289,0.00212581618689,49.919,-1.911,0.951,0.0,0,0,1,,0.927,2026-03-11T10:26:01.551332,neutral,0.986,2026-03-11T10:26:00.572388,0.001,2026-03-11T10:26:01.163000,75,,,
participant_06,2,day,Town10HD_Opt,2026-03-11T10:26:02.583932,-74.68714904785156,-67.03045654296875,0.0018782805418595,52.2,-3.384,0.0,0.22,0,0,1,,0.97,2026-03-11T10:26:02.583932,neutral,0.992,2026-03-11T10:26:02.583932,0.0,2026-03-11T10:26:02.108000,73,,,
participant_06,2,day,Town10HD_Opt,2026-03-11T10:26:03.579157,-80.53956604003906,-66.63617706298828,0.0021830748300999,48.646,-6.597,0.93,0.0,0,0,1,,0.989,2026-03-11T10:26:03.579157,neutral,0.992,2026-03-11T10:26:02.583932,0.0,2026-03-11T10:26:03.097000,72,,,
participant_06,2,day,Town10HD_Opt,2026-03-11T10:26:04.568124,-86.25892639160156,-65.1971435546875,0.0019895934965461,51.077,-9.784,0.0,0.108,0,0,1,,0.961,2026-03-11T10:26:04.568124,neutral,0.992,2026-03-11T10:26:02.583932,0.0,2026-03-11T10:26:04.088000,73,,,
participant_06,2,day,Town10HD_Opt,2026-03-11T10:26:05.565360,-91.35572814941406,-62.60549545288086,0.002007903996855,49.843,-3.028,0.928,0.0,0,0,1,,0.962,2026-03-11T10:26:05.565360,neutral,0.989,2026-03-11T10:26:05.565360,0.0,2026-03-11T10:26:05.077000,75,,,
participant_06,2,day,Town10HD_Opt,2026-03-11T10:26:06.591360,-96.28108215332033,-59.271297454833984,0.0022467421367764,49.18,-4.579,0.928,0.0,0,0,1,,1.0,2026-03-11T10:26:06.591360,neutral,0.989,2026-03-11T10:26:05.565360,0.0,2026-03-11T10:26:06.068000,75,,,
participant_06,2,day,Town10HD_Opt,2026-03-11T10:26:07.598400,-100.6702880859375,-55.49003219604492,0.0018811034969985,51.715,-4.78,0.0,0.172,0,0,1,,1.0,2026-03-11T10:26:07.598400,neutral,0.99,2026-03-11T10:26:07.598400,0.0,2026-03-11T10:26:07.103000,76,,,
participant_06,2,day,Town10HD_Opt,2026-03-11T10:26:08.603963,-104.55892944335938,-51.16321563720703,0.002080573933199,49.964,-5.427,0.925,0.0,0,0,1,,0.942,2026-03-11T10:26:08.603963,neutral,0.99,2026-03-11T10:26:07.598400,0.0,2026-03-11T10:26:08.092000,77,,,errors=Solid line crossing
participant_06,2,day,Town10HD_Opt,2026-03-11T10:26:09.588378,-107.88540649414062,-46.1763916015625,0.0020914839114993,50.536,-5.888,0.0,0.0,0,0,1,,0.845,2026-03-11T10:26:09.588378,neutral,0.99,2026-03-11T10:26:07.598400,0.0,2026-03-11T10:26:09.082000,77,,,
participant_06,2,day,Town10HD_Opt,2026-03-11T10:26:10.596245,-110.26748657226562,-40.99908447265625,0.0019764327444136,50.145,-4.952,0.923,0.0,0,0,1,,0.873,2026-03-11T10:26:10.596245,neutral,0.986,2026-03-11T10:26:10.596245,0.0,2026-03-11T10:26:10.073000,77,,,
participant_06,2,day,Town10HD_Opt,2026-03-11T10:26:11.631662,-111.98818969726562,-35.352134704589844,0.0022008132655173,48.51,-3.884,0.923,0.0,0,0,1,,0.915,2026-03-11T10:26:11.631662,neutral,0.986,2026-03-11T10:26:10.596245,0.0,2026-03-11T10:26:11.108000,78,,,
participant_06,2,day,Town10HD_Opt,2026-03-11T10:26:12.702865,-113.08377075195312,-29.64850234985352,0.0018528366927057,52.021,-2.301,0.0,0.213,0,0,1,,0.861,2026-03-11T10:26:12.702865,neutral,0.987,2026-03-11T10:26:12.702865,0.0,2026-03-11T10:26:12.098000,78,,,
participant_06,2,day,Town10HD_Opt,2026-03-11T10:26:13.257452,-113.49130249023438,-26.693622589111328,0.0021276092156767,49.74,-2.287,0.109,0.0,0,0,1,,0.919,2026-03-11T10:26:13.257452,neutral,0.987,2026-03-11T10:26:12.702865,0.0,2026-03-11T10:26:13.087000,79,,,
participant_06,2,day,Town10HD_Opt,2026-03-11T10:26:14.251169,-113.96453857421876,-21.335262298583984,0.0023785398807376,42.477,-2.541,0.0,0.204,0,0,1,,0.938,2026-03-11T10:26:14.251169,neutral,0.987,2026-03-11T10:26:12.702865,0.0,2026-03-11T10:26:14.077000,77,,,
participant_06,2,day,Town10HD_Opt,2026-03-11T10:26:15.260868,-114.08636474609376,-16.86530876159668,0.0024188994430005,34.57,-0.543,0.0,0.0,0,0,1,,0.87,2026-03-11T10:26:15.260868,neutral,0.992,2026-03-11T10:26:15.260868,0.0,2026-03-11T10:26:15.158000,76,,,
participant_06,2,day,Town10HD_Opt,2026-03-11T10:26:16.267708,-114.1735610961914,-13.170979499816896,0.0023182295262813,29.052,1.805,0.0,0.0,0,0,1,,0.928,2026-03-11T10:26:16.267708,neutral,0.992,2026-03-11T10:26:15.260868,0.0,2026-03-11T10:26:16.237000,76,,,errors=Solid line crossing
participant_06,2,day,Town10HD_Opt,2026-03-11T10:26:17.271425,-114.28451538085938,-10.070242881774902,0.0022523878142237,24.687,-1.368,0.545,0.0,0,0,1,,0.925,2026-03-11T10:26:17.271425,neutral,0.993,2026-03-11T10:26:17.271425,0.0,2026-03-11T10:26:17.093000,77,,,
participant_06,2,day,Town10HD_Opt,2026-03-11T10:26:18.277090,-114.3372802734375,-7.118595600128174,0.0019445799989625,26.765,-0.491,0.687,0.0,0,0,1,,0.892,2026-03-11T10:26:18.277090,neutral,0.993,2026-03-11T10:26:17.271425,0.0,2026-03-11T10:26:18.082000,76,,,
participant_06,2,day,Town10HD_Opt,2026-03-11T10:26:19.304084,-114.37287902832033,-3.6959850788116455,0.0017946625594049,32.438,-0.625,0.707,0.0,0,0,1,,1.0,2026-03-11T10:26:19.304084,neutral,0.99,2026-03-11T10:26:19.304084,0.0,2026-03-11T10:26:19.073000,77,,,
participant_06,2,day,Town10HD_Opt,2026-03-11T10:26:20.304363,-114.37225341796876,0.3569207787513733,0.0017826844705268,37.314,-0.696,0.707,0.0,0,0,1,,1.0,2026-03-11T10:26:20.304363,neutral,0.99,2026-03-11T10:26:19.304084,0.0,2026-03-11T10:26:20.108000,78,,,
participant_06,2,day,Town10HD_Opt,2026-03-11T10:26:21.304011,-114.26953125,4.994410514831543,0.0018141937907785,41.974,-3.365,0.696,0.0,0,0,1,,0.896,2026-03-11T10:26:21.304011,neutral,0.99,2026-03-11T10:26:19.304084,0.0,2026-03-11T10:26:21.097000,78,,,
participant_06,2,day,Town10HD_Opt,2026-03-11T10:26:22.313574,-113.64443969726562,10.022156715393066,0.0020047377329319,43.455,-11.308,0.127,0.0,0,0,1,,0.908,2026-03-11T10:26:22.313574,neutral,0.99,2026-03-11T10:26:22.313574,0.0,2026-03-11T10:26:22.088000,78,,,
participant_06,2,day,Town10HD_Opt,2026-03-11T10:26:23.314728,-111.97232818603516,14.47414779663086,0.0022826383356004,38.394,-10.658,0.132,0.0,0,0,1,,0.859,2026-03-11T10:26:23.314728,neutral,0.99,2026-03-11T10:26:22.313574,0.0,2026-03-11T10:26:23.078000,78,,,
participant_06,2,day,Town10HD_Opt,2026-03-11T10:26:24.332120,-109.63191223144533,17.960477828979492,0.0022721861023455,33.609,-8.313,0.132,0.0,0,0,1,,0.924,2026-03-11T10:26:24.332120,neutral,0.979,2026-03-11T10:26:24.332120,0.0,2026-03-11T10:26:24.068000,77,,,
participant_06,2,day,Town10HD_Opt,2026-03-11T10:26:25.341513,-107.03767395019533,20.61239242553711,0.0022584912367165,29.855,-8.682,0.0,0.0,0,0,1,,0.918,2026-03-11T10:26:25.341513,neutral,0.979,2026-03-11T10:26:24.332120,0.0,2026-03-11T10:26:25.103000,78,,,
participant_06,2,day,Town10HD_Opt,2026-03-11T10:26:26.381662,-104.55795288085938,22.62890625,0.0022970580030232,24.793,-3.615,0.0,0.329,0,0,1,,0.958,2026-03-11T10:26:26.381662,neutral,0.992,2026-03-11T10:26:26.381662,0.0,2026-03-11T10:26:26.093000,80,,,
participant_06,2,day,Town10HD_Opt,2026-03-11T10:26:27.478536,-102.43428802490234,24.06583976745605,0.002302055247128,19.123,-9.42,0.0,0.222,0,0,1,,0.955,2026-03-11T10:26:27.478536,neutral,0.992,2026-03-11T10:26:26.381662,0.0,2026-03-11T10:26:27.083000,81,,,
participant_06,2,day,Town10HD_Opt,2026-03-11T10:26:28.474307,-100.66311645507812,25.024450302124023,0.0020687864162027,14.707,-3.846,0.0,0.425,0,0,1,,0.919,2026-03-11T10:26:28.474307,neutral,0.993,2026-03-11T10:26:28.474307,0.0,2026-03-11T10:26:28.072000,82,Solid line crossing,Solid line crossing,
participant_06,2,day,Town10HD_Opt,2026-03-11T10:26:29.473495,-99.32717895507812,25.70071792602539,0.0021216962486505,10.46,-1.671,0.0,0.437,0,0,1,,0.984,2026-03-11T10:26:29.473495,neutral,0.993,2026-03-11T10:26:28.474307,0.0,2026-03-11T10:26:29.108000,82,,,
participant_06,2,day,Town10HD_Opt,2026-03-11T10:26:30.526421,-98.4322280883789,26.2071475982666,0.0021033857483416,7.056,10.708,0.0,0.363,0,0,1,,0.964,2026-03-11T10:26:30.526421,neutral,0.986,2026-03-11T10:26:30.526421,0.0,2026-03-11T10:26:30.143000,82,,,
participant_06,2,day,Town10HD_Opt,2026-03-11T10:26:31.523216,-98.16079711914062,26.389238357543945,0.0022088622208684,0.001,10.194,0.0,0.343,0,0,1,,0.985,2026-03-11T10:26:31.523216,neutral,0.986,2026-03-11T10:26:30.526421,0.0,2026-03-11T10:26:31.268000,82,,,
participant_06,2,day,Town10HD_Opt,2026-03-11T10:26:32.533999,-98.1566162109375,26.39214134216309,0.0019443130586296,0.019,8.68,0.245,0.0,0,0,1,,0.977,2026-03-11T10:26:32.533999,neutral,0.984,2026-03-11T10:26:32.533999,0.0,2026-03-11T10:26:32.077000,81,,,
participant_06,2,day,Town10HD_Opt,2026-03-11T10:26:33.523148,-98.07666778564452,26.445701599121094,0.0018426512833684,1.663,7.943,0.0,0.061,0,0,1,,0.818,2026-03-11T10:26:33.523148,neutral,0.984,2026-03-11T10:26:32.533999,0.014,2026-03-11T10:26:33.068000,83,,,
participant_06,2,day,Town10HD_Opt,2026-03-11T10:26:34.539796,-98.0727310180664,26.448299407958984,0.0019363402388989,0.006,5.215,0.0,0.0,0,0,1,,0.971,2026-03-11T10:26:34.539796,neutral,0.982,2026-03-11T10:26:34.539796,0.055,2026-03-11T10:26:34.147000,83,,,
participant_06,2,day,Town10HD_Opt,2026-03-11T10:26:35.533271,-98.07178497314452,26.44888687133789,0.0019210814498364,0.0,0.58,0.0,0.0,0,0,1,,1.0,2026-03-11T10:26:35.533271,neutral,0.982,2026-03-11T10:26:34.539796,0.102,2026-03-11T10:26:35.094000,85,,,
participant_06,2,day,Town10HD_Opt,2026-03-11T10:26:36.554574,-98.07176208496094,26.44890594482422,0.001919021597132,0.007,0.508,0.0,0.0,0,0,1,,1.0,2026-03-11T10:26:36.554574,neutral,0.942,2026-03-11T10:26:36.554574,0.136,2026-03-11T10:26:36.084000,85,,,
participant_06,2,day,Town10HD_Opt,2026-03-11T10:26:37.548965,-98.07156372070312,26.44902229309082,0.0019190978491678,0.0,0.508,0.0,0.0,0,0,1,,1.0,2026-03-11T10:26:37.548965,neutral,0.942,2026-03-11T10:26:36.554574,0.163,2026-03-11T10:26:37.118000,85,,,
participant_06,2,day,Town10HD_Opt,2026-03-11T10:26:38.570853,-98.07173919677734,26.448936462402344,0.0019187545403838,0.006,0.496,0.0,0.0,0,0,1,,1.0,2026-03-11T10:26:38.570853,neutral,0.826,2026-03-11T10:26:38.570853,0.176,2026-03-11T10:26:38.108000,84,,,
participant_06,2,day,Town10HD_Opt,2026-03-11T10:26:39.535178,-98.07154846191406,26.44904899597168,0.0019191741012036,0.001,0.331,0.0,0.0,0,0,1,,1.0,2026-03-11T10:26:39.535178,neutral,0.826,2026-03-11T10:26:38.570853,0.19,2026-03-11T10:26:39.098000,84,,,
participant_06,2,day,Town10HD_Opt,2026-03-11T10:26:40.515498,-98.07169342041016,26.448978424072266,0.0019187163561582,0.007,-0.174,0.0,0.0,0,0,1,,1.0,2026-03-11T10:26:40.515498,neutral,0.826,2026-03-11T10:26:38.570853,0.21,2026-03-11T10:26:40.088000,85,,,
participant_07,1,day,Town10HD_Opt,2026-03-11T11:15:35.838825,-41.66858673095703,89.7454833984375,0.5804919600486755,0.0,0.837,0.863,0.621,0,0,1,,1.0,2026-03-11T11:15:35.838825,,,2026-03-11T11:15:35.838825,0.689,2026-03-11T11:15:34.879000,74,,,
participant_07,1,day,Town10HD_Opt,2026-03-11T11:15:40.293314,-41.66858673095703,89.7454833984375,0.0019178008660674,0.0,0.837,0.885,0.621,0,0,1,,0.954,2026-03-11T11:15:40.293314,,,2026-03-11T11:15:40.293314,0.7,2026-03-11T11:15:39.876000,73,,,
participant_07,1,day,Town10HD_Opt,2026-03-11T11:15:40.938018,-41.66858673095703,89.7454833984375,0.0019188307924196,0.0,0.837,0.0,0.621,0,0,1,,1.0,2026-03-11T11:15:40.938018,,,2026-03-11T11:15:40.293314,0.681,2026-03-11T11:15:40.908000,72,,,
participant_07,1,day,Town10HD_Opt,2026-03-11T11:15:41.899400,-41.66858673095703,89.7454833984375,0.0019188307924196,0.0,0.837,0.931,0.621,0,0,1,,0.959,2026-03-11T11:15:41.899400,,,2026-03-11T11:15:40.293314,0.661,2026-03-11T11:15:41.854000,73,,,
participant_07,1,day,Town10HD_Opt,2026-03-11T11:15:42.883378,-41.66858673095703,89.7454833984375,0.0019188307924196,0.0,0.837,0.0,0.621,0,0,1,,1.0,2026-03-11T11:15:42.883378,neutral,0.882,2026-03-11T11:15:42.883378,0.661,2026-03-11T11:15:41.854000,73,,,
participant_07,1,day,Town10HD_Opt,2026-03-11T11:15:43.984065,-41.66858673095703,89.7454833984375,0.0019188307924196,0.0,0.837,1.0,0.621,0,0,1,,0.957,2026-03-11T11:15:43.984065,neutral,0.882,2026-03-11T11:15:42.883378,0.608,2026-03-11T11:15:43.924000,75,,,
participant_07,1,day,Town10HD_Opt,2026-03-11T11:15:45.002154,-41.66858673095703,89.7454833984375,0.0019188307924196,0.0,0.837,0.619,0.621,0,0,1,,0.823,2026-03-11T11:15:45.002154,neutral,0.852,2026-03-11T11:15:45.002154,0.583,2026-03-11T11:15:44.870000,74,,,
participant_07,1,day,Town10HD_Opt,2026-03-11T11:15:45.948174,-41.66858673095703,89.7454833984375,0.0019188307924196,0.0,0.837,0.625,0.621,0,0,1,,1.0,2026-03-11T11:15:45.948174,neutral,0.852,2026-03-11T11:15:45.002154,0.583,2026-03-11T11:15:44.870000,74,,,
participant_07,1,day,Town10HD_Opt,2026-03-11T11:15:46.951251,-41.66858673095703,89.7454833984375,0.0019188307924196,0.0,0.837,0.561,0.621,0,0,1,,0.912,2026-03-11T11:15:46.951251,neutral,0.852,2026-03-11T11:15:45.002154,0.545,2026-03-11T11:15:46.849000,72,,,
participant_07,1,day,Town10HD_Opt,2026-03-11T11:15:47.901862,-41.66858673095703,89.7454833984375,0.0019188307924196,0.0,0.837,0.573,0.621,0,0,1,,1.0,2026-03-11T11:15:47.901862,neutral,0.911,2026-03-11T11:15:47.901862,0.53,2026-03-11T11:15:47.840000,71,,,
participant_07,1,day,Town10HD_Opt,2026-03-11T11:15:49.111638,-41.66858673095703,89.7454833984375,0.0019188307924196,0.0,0.837,0.57,0.621,0,0,1,,0.951,2026-03-11T11:15:49.111638,neutral,0.911,2026-03-11T11:15:47.901862,0.517,2026-03-11T11:15:48.874000,71,,,
participant_07,1,day,Town10HD_Opt,2026-03-11T11:15:50.042564,-41.66858673095703,89.7454833984375,0.0019188307924196,0.0,0.837,0.518,0.621,0,0,1,,0.928,2026-03-11T11:15:50.042564,neutral,0.995,2026-03-11T11:15:50.042564,0.503,2026-03-11T11:15:50,72,,,
participant_07,1,day,Town10HD_Opt,2026-03-11T11:15:50.941335,-41.66858673095703,89.7454833984375,0.0019188307924196,0.0,0.837,0.385,0.621,0,0,1,,0.92,2026-03-11T11:15:50.941335,neutral,0.995,2026-03-11T11:15:50.042564,0.503,2026-03-11T11:15:50,72,,,
participant_07,1,day,Town10HD_Opt,2026-03-11T11:15:51.850882,-41.66858673095703,89.7454833984375,0.0019188307924196,0.0,0.837,0.399,0.621,0,0,1,,0.944,2026-03-11T11:15:51.850882,neutral,0.995,2026-03-11T11:15:50.042564,0.481,2026-03-11T11:15:51.845000,74,,,
participant_07,1,day,Town10HD_Opt,2026-03-11T11:15:53.096635,-41.66858673095703,89.7454833984375,0.0019188307924196,0.0,0.837,0.399,0.621,0,0,1,,0.807,2026-03-11T11:15:53.096635,neutral,0.861,2026-03-11T11:15:53.096635,0.478,2026-03-11T11:15:53.059000,76,,,
participant_07,1,day,Town10HD_Opt,2026-03-11T11:15:54.023908,-41.66858673095703,89.7454833984375,0.0019188307924196,0.0,0.837,0.399,0.621,0,0,1,,0.957,2026-03-11T11:15:54.023908,neutral,0.861,2026-03-11T11:15:53.096635,0.476,2026-03-11T11:15:54.004000,78,,,
participant_07,1,day,Town10HD_Opt,2026-03-11T11:15:54.937611,-41.66858673095703,89.7454833984375,0.0019188307924196,0.0,0.837,0.399,0.621,0,0,1,,0.922,2026-03-11T11:15:54.937611,neutral,0.861,2026-03-11T11:15:53.096635,0.476,2026-03-11T11:15:54.004000,78,,,
participant_07,1,day,Town10HD_Opt,2026-03-11T11:15:55.874061,-41.66858673095703,89.7454833984375,0.0019188307924196,0.0,0.837,0.399,0.621,0,0,1,,0.955,2026-03-11T11:15:55.874061,neutral,0.92,2026-03-11T11:15:55.874061,0.474,2026-03-11T11:15:55.084000,80,,,
participant_07,1,day,Town10HD_Opt,2026-03-11T11:15:57.116364,-41.66858673095703,89.7454833984375,0.0019188307924196,0.0,0.837,0.973,0.621,0,0,1,,0.891,2026-03-11T11:15:57.116364,neutral,0.92,2026-03-11T11:15:55.874061,0.469,2026-03-11T11:15:56.074000,81,,,
participant_07,1,day,Town10HD_Opt,2026-03-11T11:15:58.059846,-41.66858673095703,89.7454833984375,0.0019188307924196,0.0,0.837,0.0,0.621,0,0,1,,1.0,2026-03-11T11:15:58.059846,neutral,0.866,2026-03-11T11:15:58.059846,0.467,2026-03-11T11:15:57.202000,81,,,
participant_07,1,day,Town10HD_Opt,2026-03-11T11:15:59.030683,-41.66858673095703,89.7454833984375,0.0019188307924196,0.0,0.837,0.015,0.621,0,0,1,,0.868,2026-03-11T11:15:59.030683,neutral,0.866,2026-03-11T11:15:58.059846,0.468,2026-03-11T11:15:58.189000,81,,,
participant_07,1,day,Town10HD_Opt,2026-03-11T11:15:59.969393,-41.66858673095703,89.7454833984375,0.0019188307924196,0.0,0.837,0.0,0.621,0,0,1,,0.952,2026-03-11T11:15:59.969393,neutral,0.866,2026-03-11T11:15:58.059846,0.468,2026-03-11T11:15:59.226000,80,,,
participant_07,1,day,Town10HD_Opt,2026-03-11T11:16:00.850551,-41.66858673095703,89.7454833984375,0.0019188307924196,0.0,0.837,0.0,0.583,0,0,1,,0.944,2026-03-11T11:16:00.850551,neutral,0.989,2026-03-11T11:16:00.850551,0.475,2026-03-11T11:16:00.395000,79,,,
participant_07,1,day,Town10HD_Opt,2026-03-11T11:16:02.070062,-41.66858673095703,89.7454833984375,0.0019188307924196,0.0,0.837,0.0,0.0,0,0,1,,0.945,2026-03-11T11:16:02.070062,neutral,0.989,2026-03-11T11:16:00.850551,0.49,2026-03-11T11:16:01.970000,78,,,
participant_07,1,day,Town10HD_Opt,2026-03-11T11:16:02.949909,-41.66814422607422,89.62789916992188,0.0017109679756686,4.331,0.837,0.955,0.0,0,0,1,,0.968,2026-03-11T11:16:02.949909,neutral,0.997,2026-03-11T11:16:02.949909,0.498,2026-03-11T11:16:02.914000,79,,,
participant_07,1,day,Town10HD_Opt,2026-03-11T11:16:03.876501,-41.65273284912109,87.68678283691406,0.0014749908586964,17.975,0.837,0.0,0.0,0,0,1,,0.966,2026-03-11T11:16:03.876501,neutral,0.997,2026-03-11T11:16:02.949909,0.498,2026-03-11T11:16:02.914000,79,,,
participant_07,1,day,Town10HD_Opt,2026-03-11T11:16:05.096210,-41.57707595825195,83.95567321777344,0.0020381163340061,13.269,0.837,0.0,0.0,0,0,1,,1.0,2026-03-11T11:16:05.096210,surprise,0.88,2026-03-11T11:16:05.096210,0.521,2026-03-11T11:16:04.985000,82,,,
participant_07,1,day,Town10HD_Opt,2026-03-11T11:16:06.090184,-41.49488830566406,81.87189483642578,0.0020045088604092,10.504,3.627,0.058,0.0,0,0,1,,1.0,2026-03-11T11:16:06.090184,surprise,0.88,2026-03-11T11:16:05.096210,0.521,2026-03-11T11:16:04.985000,82,,,
participant_07,1,day,Town10HD_Opt,2026-03-11T11:16:07.138144,-41.325439453125,80.10818481445312,0.0019155120244249,10.242,6.412,0.22,0.0,0,0,1,,1.0,2026-03-11T11:16:07.138144,happy,0.709,2026-03-11T11:16:07.138144,0.547,2026-03-11T11:16:06.874000,85,,,
participant_07,1,day,Town10HD_Opt,2026-03-11T11:16:08.142781,-40.969852447509766,78.20111846923828,0.0018055724212899,13.104,10.228,0.473,0.0,0,0,1,,0.918,2026-03-11T11:16:08.142781,happy,0.709,2026-03-11T11:16:07.138144,0.558,2026-03-11T11:16:07.864000,85,,,
participant_07,1,day,Town10HD_Opt,2026-03-11T11:16:09.141268,-40.135501861572266,75.66799926757812,0.0017794799059629,17.749,12.231,0.469,0.0,0,0,1,,1.0,2026-03-11T11:16:09.141268,happy,0.691,2026-03-11T11:16:09.141268,0.569,2026-03-11T11:16:08.899000,85,,,
participant_07,1,day,Town10HD_Opt,2026-03-11T11:16:09.855587,-39.16653060913086,73.77781677246094,0.0020642089657485,18.568,15.561,0.465,0.0,0,0,1,,1.0,2026-03-11T11:16:09.855587,happy,0.691,2026-03-11T11:16:09.141268,0.574,2026-03-11T11:16:09.844000,84,,,
participant_07,1,day,Town10HD_Opt,2026-03-11T11:16:10.883537,-36.87222290039063,71.2361831665039,0.0019929886329919,21.247,22.225,0.464,0.0,0,0,1,,0.832,2026-03-11T11:16:10.883537,happy,0.691,2026-03-11T11:16:09.141268,0.579,2026-03-11T11:16:10.879000,83,,,
participant_07,1,day,Town10HD_Opt,2026-03-11T11:16:11.923228,-33.37166976928711,69.58214569091797,0.0020054625347256,23.767,21.832,0.464,0.0,0,0,1,,1.0,2026-03-11T11:16:11.923228,neutral,0.888,2026-03-11T11:16:11.923228,0.582,2026-03-11T11:16:11.869000,82,,,
participant_07,1,day,Town10HD_Opt,2026-03-11T11:16:12.967158,-29.0526180267334,69.35317993164062,0.0019750213250517,26.349,6.168,0.464,0.0,0,0,1,,0.896,2026-03-11T11:16:12.967158,neutral,0.888,2026-03-11T11:16:11.923228,0.582,2026-03-11T11:16:11.869000,82,Solid line crossing,Solid line crossing,
participant_07,1,day,Town10HD_Opt,2026-03-11T11:16:13.962770,-24.2698917388916,69.68487548828125,0.0019699095282703,28.653,-2.845,0.464,0.0,0,0,1,,1.0,2026-03-11T11:16:13.962770,neutral,0.918,2026-03-11T11:16:13.962770,0.586,2026-03-11T11:16:13.849000,83,,,
participant_07,1,day,Town10HD_Opt,2026-03-11T11:16:14.935042,-19.09935760498047,69.81266784667969,0.0019788360223174,30.642,-0.233,0.452,0.0,0,0,1,,0.816,2026-03-11T11:16:14.935042,neutral,0.918,2026-03-11T11:16:13.962770,0.586,2026-03-11T11:16:13.849000,83,,,
participant_07,1,day,Town10HD_Opt,2026-03-11T11:16:15.895454,-13.615545272827148,69.85318756103516,0.0019942091312259,32.081,0.099,0.212,0.0,0,0,1,,0.889,2026-03-11T11:16:15.895454,neutral,0.918,2026-03-11T11:16:13.962770,0.586,2026-03-11T11:16:15.874000,84,,,
participant_07,1,day,Town10HD_Opt,2026-03-11T11:16:16.870893,-8.38925552368164,69.88390350341797,0.0022525787353515,26.309,-0.172,0.16,0.0,0,0,1,,0.851,2026-03-11T11:16:16.870893,neutral,0.988,2026-03-11T11:16:16.870893,0.586,2026-03-11T11:16:15.874000,84,,,
participant_07,1,day,Town10HD_Opt,2026-03-11T11:16:17.858046,-4.078883171081543,69.89636993408203,0.0021303938701748,23.361,-0.146,0.244,0.0,0,0,1,,0.841,2026-03-11T11:16:17.858046,neutral,0.988,2026-03-11T11:16:16.870893,0.586,2026-03-11T11:16:16.912000,85,,,
participant_07,1,day,Town10HD_Opt,2026-03-11T11:16:19.133759,1.0600377321243286,69.893798828125,0.0020995330996811,20.795,-0.146,0.252,0.0,0,0,1,,1.0,2026-03-11T11:16:19.133759,fear,0.777,2026-03-11T11:16:19.133759,0.586,2026-03-11T11:16:18.890000,86,,,
participant_07,1,day,Town10HD_Opt,2026-03-11T11:16:20.107002,4.577080726623535,69.88400268554688,0.0020850752480328,19.427,-0.099,0.273,0.0,0,0,1,,1.0,2026-03-11T11:16:20.107002,fear,0.777,2026-03-11T11:16:19.133759,0.586,2026-03-11T11:16:19.880000,85,,,
participant_07,1,day,Town10HD_Opt,2026-03-11T11:16:21.076476,7.893880367279053,69.86925506591797,0.0020728684030473,18.491,-0.099,0.275,0.0,0,0,1,,1.0,2026-03-11T11:16:21.076476,fear,0.777,2026-03-11T11:16:19.133759,0.586,2026-03-11T11:16:21.004000,83,,,
participant_07,1,day,Town10HD_Opt,2026-03-11T11:16:22.054857,11.087175369262695,69.84953308105469,0.0020396423060446,18.058,-0.099,0.0,0.0,0,0,1,,1.0,2026-03-11T11:16:22.054857,neutral,0.963,2026-03-11T11:16:22.054857,0.574,2026-03-11T11:16:21.860000,81,,,
participant_07,1,day,Town10HD_Opt,2026-03-11T11:16:23.023662,13.990047454833984,69.82675170898438,0.002067337045446,14.164,-0.099,0.0,0.365,0,0,1,,0.812,2026-03-11T11:16:23.023662,neutral,0.963,2026-03-11T11:16:22.054857,0.574,2026-03-11T11:16:21.860000,81,,,
participant_07,1,day,Town10HD_Opt,2026-03-11T11:16:23.951471,15.997081756591797,69.80828094482422,0.0020337295718491,9.508,-0.094,0.0,0.0,0,0,1,,0.872,2026-03-11T11:16:23.951471,neutral,0.963,2026-03-11T11:16:22.054857,0.549,2026-03-11T11:16:23.839000,81,,,
participant_07,1,day,Town10HD_Opt,2026-03-11T11:16:24.894155,17.464427947998047,69.79341888427734,0.0019879532046616,7.235,-0.094,0.0,0.0,0,0,1,,1.0,2026-03-11T11:16:24.894155,neutral,0.792,2026-03-11T11:16:24.894155,0.549,2026-03-11T11:16:23.839000,81,,,
participant_07,1,day,Town10HD_Opt,2026-03-11T11:16:26.106085,18.904756546020508,69.7777099609375,0.001973228296265,4.9,-0.094,0.202,0.0,0,0,1,,0.841,2026-03-11T11:16:26.106085,neutral,0.792,2026-03-11T11:16:24.894155,0.523,2026-03-11T11:16:25.909000,82,,,
participant_07,1,day,Town10HD_Opt,2026-03-11T11:16:27.066042,19.975875854492188,69.76532745361328,0.0017671203240752,8.727,-0.094,0.42,0.0,0,0,1,,0.805,2026-03-11T11:16:27.066042,neutral,0.973,2026-03-11T11:16:27.066042,0.512,2026-03-11T11:16:26.899000,82,,,
participant_07,1,day,Town10HD_Opt,2026-03-11T11:16:28.041170,21.85033226013184,69.74235534667969,0.0018558882875368,11.603,-0.082,0.0,0.0,0,0,1,,1.0,2026-03-11T11:16:28.041170,neutral,0.973,2026-03-11T11:16:27.066042,0.503,2026-03-11T11:16:28.025000,84,,,
participant_07,1,day,Town10HD_Opt,2026-03-11T11:16:29.001948,23.628801345825195,69.71928405761719,0.0020304487552493,8.177,-0.075,0.0,0.229,0,0,1,,0.85,2026-03-11T11:16:29.001948,neutral,0.973,2026-03-11T11:16:27.066042,0.503,2026-03-11T11:16:28.025000,84,,,
participant_07,1,day,Town10HD_Opt,2026-03-11T11:16:30.005126,24.786922454833984,69.70352172851562,0.0019798278808593,5.522,-0.066,0.0,0.0,0,0,1,,1.0,2026-03-11T11:16:30.005126,neutral,0.978,2026-03-11T11:16:30.005126,0.484,2026-03-11T11:16:29.959000,83,,,
participant_07,1,day,Town10HD_Opt,2026-03-11T11:16:30.949104,25.64853286743164,69.69147491455078,0.0019596479833126,4.312,-0.066,0.0,0.0,0,0,1,,1.0,2026-03-11T11:16:30.949104,neutral,0.978,2026-03-11T11:16:30.005126,0.484,2026-03-11T11:16:29.959000,83,,,
participant_07,1,day,Town10HD_Opt,2026-03-11T11:16:31.939042,26.024593353271484,69.68634033203125,0.0020383452065289,0.0,-0.056,0.0,0.273,0,0,1,,1.0,2026-03-11T11:16:31.939042,neutral,0.978,2026-03-11T11:16:30.005126,0.479,2026-03-11T11:16:31.264000,83,,,
participant_07,1,day,Town10HD_Opt,2026-03-11T11:16:33.111169,26.02514839172364,69.68634033203125,0.0019202422117814,0.136,-0.056,0.124,0.0,0,0,1,,1.0,2026-03-11T11:16:33.111169,neutral,0.987,2026-03-11T11:16:33.111169,0.486,2026-03-11T11:16:31.991000,83,,,
participant_07,1,day,Town10HD_Opt,2026-03-11T11:16:34.076824,26.26170921325684,69.68299865722656,0.00172195432242,4.672,-0.056,0.502,0.0,0,0,1,,1.0,2026-03-11T11:16:34.076824,neutral,0.987,2026-03-11T11:16:33.111169,0.486,2026-03-11T11:16:31.991000,83,,,
participant_07,1,day,Town10HD_Opt,2026-03-11T11:16:34.989774,27.582164764404297,69.6628646850586,0.0017223738832399,10.518,-0.056,0.453,0.0,0,0,1,,0.811,2026-03-11T11:16:34.989774,neutral,0.987,2026-03-11T11:16:33.111169,0.496,2026-03-11T11:16:34.819000,83,,,
participant_07,1,day,Town10HD_Opt,2026-03-11T11:16:35.957947,29.850265502929688,69.63054656982422,0.0017760467017069,15.317,-0.059,0.427,0.0,0,0,1,,0.906,2026-03-11T11:16:35.957947,neutral,0.982,2026-03-11T11:16:35.957947,0.51,2026-03-11T11:16:35.449000,83,,,
participant_07,1,day,Town10HD_Opt,2026-03-11T11:16:36.933643,32.77531051635742,69.50800323486328,0.0019045256776735,17.074,-8.227,0.0,0.0,0,0,1,,0.839,2026-03-11T11:16:36.933643,neutral,0.982,2026-03-11T11:16:35.957947,0.548,2026-03-11T11:16:36.845000,85,,,
participant_07,1,day,Town10HD_Opt,2026-03-11T11:16:37.900191,35.32683563232422,68.94495391845703,0.0020540999248623,13.086,-17.241,0.0,0.0,0,0,1,,1.0,2026-03-11T11:16:37.900191,neutral,0.982,2026-03-11T11:16:35.957947,0.563,2026-03-11T11:16:37.880000,85,,,
participant_07,1,day,Town10HD_Opt,2026-03-11T11:16:39.133179,37.60824966430664,67.80138397216797,0.0020112609490752,9.079,-16.057,0.0,0.0,0,0,1,,1.0,2026-03-11T11:16:39.133179,neutral,0.883,2026-03-11T11:16:39.133179,0.578,2026-03-11T11:16:38.869000,85,,,
participant_07,1,day,Town10HD_Opt,2026-03-11T11:16:40.061999,38.74950408935547,66.97227478027344,0.0019878004677593,6.989,-14.286,0.0,0.0,0,0,1,,1.0,2026-03-11T11:16:40.061999,neutral,0.883,2026-03-11T11:16:39.133179,0.592,2026-03-11T11:16:39.859000,84,,,
participant_07,1,day,Town10HD_Opt,2026-03-11T11:16:40.983098,39.56484603881836,66.255126953125,0.0019713209476321,5.378,-13.667,0.0,0.0,0,0,1,,0.823,2026-03-11T11:16:40.983098,neutral,0.883,2026-03-11T11:16:39.133179,0.602,2026-03-11T11:16:40.850000,84,,,
participant_07,1,day,Town10HD_Opt,2026-03-11T11:16:41.958528,40.1680793762207,65.6836929321289,0.001974296523258,4.03,-5.574,0.381,0.0,0,0,1,,1.0,2026-03-11T11:16:41.958528,neutral,0.905,2026-03-11T11:16:41.958528,0.602,2026-03-11T11:16:40.850000,84,,,
participant_07,1,day,Town10HD_Opt,2026-03-11T11:16:42.893717,40.96435928344727,64.91503143310547,0.0017124938312917,9.931,-6.642,0.555,0.0,0,0,1,,0.832,2026-03-11T11:16:42.893717,neutral,0.905,2026-03-11T11:16:41.958528,0.62,2026-03-11T11:16:42.874000,85,,,
participant_07,1,day,Town10HD_Opt,2026-03-11T11:16:44.099714,43.08533477783203,62.54472351074219,0.0017621993320062,17.238,-8.296,0.47,0.0,0,0,1,,1.0,2026-03-11T11:16:44.099714,neutral,0.896,2026-03-11T11:16:44.099714,0.624,2026-03-11T11:16:43.865000,85,,,
participant_07,1,day,Town10HD_Opt,2026-03-11T11:16:45.084092,44.71289825439453,59.83995056152344,0.0020653915125876,18.446,-18.541,0.359,0.0,0,0,1,,1.0,2026-03-11T11:16:45.084092,neutral,0.896,2026-03-11T11:16:44.099714,0.629,2026-03-11T11:16:44.855000,85,,,
participant_07,1,day,Town10HD_Opt,2026-03-11T11:16:46.009768,45.48564910888672,56.74066162109375,0.0019249725155532,17.921,-18.016,0.0,0.0,0,0,1,,1.0,2026-03-11T11:16:46.009768,neutral,0.896,2026-03-11T11:16:44.099714,0.633,2026-03-11T11:16:45.844000,84,,,
participant_07,1,day,Town10HD_Opt,2026-03-11T11:16:46.998757,45.39802551269531,53.93452835083008,0.002050552284345,13.977,-11.593,0.0,0.0,0,0,1,,1.0,2026-03-11T11:16:46.998757,neutral,0.961,2026-03-11T11:16:46.998757,0.638,2026-03-11T11:16:46.879000,84,,,
participant_07,1,day,Town10HD_Opt,2026-03-11T11:16:48.002263,45.10001373291016,51.7698860168457,0.0019988249987363,11.327,-2.908,0.39,0.0,0,0,1,,1.0,2026-03-11T11:16:48.002263,neutral,0.961,2026-03-11T11:16:46.998757,0.638,2026-03-11T11:16:47.869000,84,,,
participant_07,1,day,Town10HD_Opt,2026-03-11T11:16:48.976115,44.77407455444336,49.51832580566406,0.0017842864617705,15.34,-0.47,0.425,0.0,0,0,1,,0.913,2026-03-11T11:16:48.976115,neutral,0.961,2026-03-11T11:16:46.998757,0.638,2026-03-11T11:16:48.859000,84,,,
participant_07,1,day,Town10HD_Opt,2026-03-11T11:16:49.930811,44.40695190429688,46.574745178222656,0.0020784377120435,18.128,2.494,0.425,0.0,0,0,1,,0.882,2026-03-11T11:16:49.930811,neutral,0.848,2026-03-11T11:16:49.930811,0.638,2026-03-11T11:16:48.859000,84,,,
participant_07,1,day,Town10HD_Opt,2026-03-11T11:16:50.855930,44.15512466430664,43.34891891479492,0.0019977570045739,19.246,3.266,0.379,0.0,0,0,1,,0.901,2026-03-11T11:16:50.855930,neutral,0.848,2026-03-11T11:16:49.930811,0.638,2026-03-11T11:16:49.945000,84,,,
participant_07,1,day,Town10HD_Opt,2026-03-11T11:16:52.073790,44.22831344604492,38.68071746826172,0.0020127869211137,20.832,8.465,0.363,0.0,0,0,1,,1.0,2026-03-11T11:16:52.073790,neutral,0.878,2026-03-11T11:16:52.073790,0.638,2026-03-11T11:16:51.874000,86,,,
participant_07,1,day,Town10HD_Opt,2026-03-11T11:16:53.044171,45.03584289550781,35.103416442871094,0.0020485685672611,21.267,16.233,0.347,0.0,0,0,1,,0.89,2026-03-11T11:16:53.044171,neutral,0.878,2026-03-11T11:16:52.073790,0.638,2026-03-11T11:16:51.874000,86,,,
participant_07,1,day,Town10HD_Opt,2026-03-11T11:16:53.946610,46.89892959594727,31.91362762451172,0.002074813703075,21.212,18.453,0.289,0.0,0,0,1,,1.0,2026-03-11T11:16:53.946610,neutral,0.878,2026-03-11T11:16:52.073790,0.638,2026-03-11T11:16:53.855000,84,,,
participant_07,1,day,Town10HD_Opt,2026-03-11T11:16:54.846447,49.5493049621582,29.68707847595215,0.002048950176686,17.832,20.376,0.0,0.0,0,0,1,,1.0,2026-03-11T11:16:54.846447,neutral,0.995,2026-03-11T11:16:54.846447,0.638,2026-03-11T11:16:53.855000,84,,,
participant_07,1,day,Town10HD_Opt,2026-03-11T11:16:56.048436,52.90924072265625,28.560009002685547,0.0020481490064412,12.844,13.828,0.0,0.0,0,0,1,,0.903,2026-03-11T11:16:56.048436,neutral,0.995,2026-03-11T11:16:54.846447,0.638,2026-03-11T11:16:54.935000,83,,,
participant_07,1,day,Town10HD_Opt,2026-03-11T11:16:57.002849,54.85637664794922,28.23426628112793,0.0020126341842114,9.754,6.379,0.0,0.0,0,0,1,,0.948,2026-03-11T11:16:57.002849,neutral,0.97,2026-03-11T11:16:57.002849,0.638,2026-03-11T11:16:56.375000,81,,,
participant_07,1,day,Town10HD_Opt,2026-03-11T11:16:57.933577,56.32932662963867,28.037059783935547,0.0020097349770367,6.962,2.247,0.0,0.053,0,0,1,,0.873,2026-03-11T11:16:57.933577,neutral,0.97,2026-03-11T11:16:57.002849,0.638,2026-03-11T11:16:57.006000,81,,,
participant_07,1,day,Town10HD_Opt,2026-03-11T11:16:58.835974,57.08510208129883,27.93380546569824,0.0022413635160773,0.001,0.935,0.0,0.045,0,0,1,,0.867,2026-03-11T11:16:58.835974,neutral,0.97,2026-03-11T11:16:57.002849,0.638,2026-03-11T11:16:57.995000,82,,,
participant_07,1,day,Town10HD_Opt,2026-03-11T11:17:00.012745,57.090457916259766,27.93309211730957,0.0019218062516301,0.035,0.978,0.0,0.0,0,0,1,,1.0,2026-03-11T11:17:00.012745,neutral,0.763,2026-03-11T11:17:00.012745,0.638,2026-03-11T11:16:59.930000,84,,,
participant_07,1,day,Town10HD_Opt,2026-03-11T11:17:00.902770,57.09299087524414,27.93276596069336,0.0019161605741828,0.174,1.283,0.131,0.0,0,0,1,,1.0,2026-03-11T11:17:00.902770,neutral,0.763,2026-03-11T11:17:00.012745,0.638,2026-03-11T11:17:00.875000,85,,,
participant_07,1,day,Town10HD_Opt,2026-03-11T11:17:01.831207,57.22675323486328,27.914663314819336,0.0018490218790248,2.009,1.316,0.236,0.0,0,0,1,,1.0,2026-03-11T11:17:01.831207,neutral,0.763,2026-03-11T11:17:00.012745,0.638,2026-03-11T11:17:00.875000,85,,,
participant_07,1,day,Town10HD_Opt,2026-03-11T11:17:03.033301,57.96682357788086,27.81797981262207,0.0018845367012545,4.051,1.239,0.094,0.0,0,0,1,,0.82,2026-03-11T11:17:03.033301,neutral,0.977,2026-03-11T11:17:03.033301,0.638,2026-03-11T11:17:02.854000,85,,,
participant_07,1,day,Town10HD_Opt,2026-03-11T11:17:03.959764,58.68056488037109,27.728031158447266,0.0019428252708166,3.769,1.222,0.0,0.0,0,0,1,,0.854,2026-03-11T11:17:03.959764,neutral,0.977,2026-03-11T11:17:03.033301,0.638,2026-03-11T11:17:02.854000,85,,,
participant_07,1,day,Town10HD_Opt,2026-03-11T11:17:04.830606,59.15549087524414,27.669767379760746,0.0021492384839802,0.0,1.114,0.0,0.099,0,0,1,,0.963,2026-03-11T11:17:04.830606,neutral,0.977,2026-03-11T11:17:03.033301,0.641,2026-03-11T11:17:04.160000,85,,,
participant_07,1,day,Town10HD_Opt,2026-03-11T11:17:05.982815,59.15576934814453,27.66973876953125,0.001922111492604,0.0,1.123,0.0,0.074,0,0,1,,0.917,2026-03-11T11:17:05.982815,neutral,0.958,2026-03-11T11:17:05.982815,0.654,2026-03-11T11:17:05.870000,84,,,
participant_07,1,day,Town10HD_Opt,2026-03-11T11:17:06.887563,59.15576934814453,27.66973876953125,0.0019198608351871,0.0,1.128,0.0,0.067,0,0,1,,0.916,2026-03-11T11:17:06.887563,neutral,0.958,2026-03-11T11:17:05.982815,0.654,2026-03-11T11:17:05.870000,84,,,
participant_07,1,day,Town10HD_Opt,2026-03-11T11:17:08.060796,59.15576934814453,27.66973876953125,0.0019198608351871,0.0,2.553,0.0,0.0,0,0,1,,0.897,2026-03-11T11:17:08.060796,neutral,0.982,2026-03-11T11:17:08.060796,0.726,2026-03-11T11:17:08.030000,84,,,
participant_07,1,day,Town10HD_Opt,2026-03-11T11:17:08.957733,59.15621566772461,27.66970634460449,0.0019156646449118,0.173,4.983,0.118,0.0,0,0,1,,0.9,2026-03-11T11:17:08.957733,neutral,0.982,2026-03-11T11:17:08.060796,0.751,2026-03-11T11:17:08.929000,84,,,
participant_07,1,day,Town10HD_Opt,2026-03-11T11:17:09.854434,59.19919967651367,27.667097091674805,0.0018873977242037,0.695,9.365,0.0,0.0,0,0,1,,1.0,2026-03-11T11:17:09.854434,neutral,0.982,2026-03-11T11:17:08.060796,0.751,2026-03-11T11:17:08.929000,84,,,
participant_07,1,day,Town10HD_Opt,2026-03-11T11:17:11.077646,59.34041213989258,27.659183502197266,0.0019234084757044,0.506,8.556,0.0,0.0,0,0,1,,1.0,2026-03-11T11:17:11.077646,neutral,0.969,2026-03-11T11:17:11.077646,0.796,2026-03-11T11:17:11.045000,84,,,
participant_07,1,day,Town10HD_Opt,2026-03-11T11:17:12.009042,59.41855239868164,27.65519523620605,0.0019225310534238,0.39,8.522,0.0,0.0,0,0,1,,0.827,2026-03-11T11:17:12.009042,neutral,0.969,2026-03-11T11:17:11.077646,0.796,2026-03-11T11:17:11.045000,84,,,
participant_07,1,day,Town10HD_Opt,2026-03-11T11:17:12.979907,59.47857284545898,27.65086555480957,0.0019216918153688,0.3,2.132,0.0,0.0,0,0,1,,1.0,2026-03-11T11:17:12.979907,neutral,0.969,2026-03-11T11:17:11.077646,0.818,2026-03-11T11:17:12.440000,83,,,
participant_07,1,day,Town10HD_Opt,2026-03-11T11:17:13.895193,59.60859680175781,27.634239196777344,0.0017912292387336,2.907,-1.897,0.488,0.0,0,0,1,,1.0,2026-03-11T11:17:13.895193,neutral,0.96,2026-03-11T11:17:13.895193,0.858,2026-03-11T11:17:13.880000,81,,,
participant_07,1,day,Town10HD_Opt,2026-03-11T11:17:15.109748,61.27117538452149,27.402006149291992,0.0017230986850336,11.666,-2.021,0.46,0.0,0,0,1,,0.833,2026-03-11T11:17:15.109748,neutral,0.96,2026-03-11T11:17:13.895193,0.874,2026-03-11T11:17:14.869000,79,,,
participant_07,1,day,Town10HD_Opt,2026-03-11T11:17:16.002816,63.65148162841797,27.022247314453125,0.0018160628387704,15.422,-1.765,0.261,0.0,0,0,1,,0.802,2026-03-11T11:17:16.002816,neutral,0.955,2026-03-11T11:17:16.002816,0.885,2026-03-11T11:17:15.860000,79,,,
participant_07,1,day,Town10HD_Opt,2026-03-11T11:17:16.920204,66.341064453125,26.536272048950195,0.0019475554581731,15.196,-0.893,0.0,0.0,0,0,1,,0.896,2026-03-11T11:17:16.920204,neutral,0.955,2026-03-11T11:17:16.002816,0.867,2026-03-11T11:17:16.849000,78,,,errors=Harsh braking
participant_07,1,day,Town10HD_Opt,2026-03-11T11:17:17.852731,68.40204620361328,26.14455795288086,0.0021945952903479,7.259,-0.658,0.0,1.0,0,0,1,,0.931,2026-03-11T11:17:17.852731,neutral,0.955,2026-03-11T11:17:16.002816,0.867,2026-03-11T11:17:16.849000,78,,,
participant_07,1,day,Town10HD_Opt,2026-03-11T11:17:19.017776,68.64002227783203,26.09834098815918,0.0019351196242496,0.203,-0.421,0.0,0.0,0,0,1,,0.88,2026-03-11T11:17:19.017776,neutral,0.899,2026-03-11T11:17:19.017776,0.784,2026-03-11T11:17:18.875000,79,,,
participant_07,1,day,Town10HD_Opt,2026-03-11T11:17:19.868980,68.670654296875,26.09246826171875,0.0019207763252779,0.157,-0.031,0.0,0.0,0,0,1,,0.87,2026-03-11T11:17:19.868980,neutral,0.899,2026-03-11T11:17:19.017776,0.784,2026-03-11T11:17:18.875000,79,,,
participant_07,1,day,Town10HD_Opt,2026-03-11T11:17:21.022472,68.69121551513672,26.0886344909668,0.0019185256678611,0.102,0.696,0.016,0.0,0,0,1,,0.838,2026-03-11T11:17:21.022472,neutral,0.889,2026-03-11T11:17:21.022472,0.718,2026-03-11T11:17:20.855000,78,,,
participant_07,1,day,Town10HD_Opt,2026-03-11T11:17:21.883581,68.70587158203125,26.08597755432129,0.001918678288348,0.101,0.714,0.016,0.0,0,0,1,,0.852,2026-03-11T11:17:21.883581,neutral,0.889,2026-03-11T11:17:21.022472,0.718,2026-03-11T11:17:20.855000,78,,,
participant_07,1,day,Town10HD_Opt,2026-03-11T11:17:23.061017,68.72412109375,26.08261108398437,0.001919021597132,0.092,0.726,0.014,0.0,0,0,1,,0.841,2026-03-11T11:17:23.061017,neutral,0.842,2026-03-11T11:17:23.061017,0.64,2026-03-11T11:17:22.925000,75,,,
participant_07,1,day,Town10HD_Opt,2026-03-11T11:17:23.930750,68.73656463623047,26.080322265625,0.0019188689766451,0.087,0.766,0.013,0.0,0,0,1,,0.884,2026-03-11T11:17:23.930750,neutral,0.842,2026-03-11T11:17:23.061017,0.595,2026-03-11T11:17:23.870000,74,,,
participant_07,1,day,Town10HD_Opt,2026-03-11T11:17:25.069435,68.75212097167969,26.07749938964844,0.0019188689766451,0.083,0.902,0.013,0.0,0,0,1,,1.0,2026-03-11T11:17:25.069435,neutral,0.81,2026-03-11T11:17:25.069435,0.552,2026-03-11T11:17:24.860000,75,,,
participant_07,1,day,Town10HD_Opt,2026-03-11T11:17:25.934106,68.763427734375,26.07545661926269,0.0019187163561582,0.082,0.902,0.013,0.0,0,0,1,,1.0,2026-03-11T11:17:25.934106,neutral,0.81,2026-03-11T11:17:25.069435,0.507,2026-03-11T11:17:25.850000,77,,,
participant_07,1,day,Town10HD_Opt,2026-03-11T11:17:26.855839,68.77449798583984,26.073415756225582,0.0019188307924196,0.081,0.902,0.012,0.0,0,0,1,,0.839,2026-03-11T11:17:26.855839,neutral,0.81,2026-03-11T11:17:25.069435,0.507,2026-03-11T11:17:25.850000,77,,,
participant_07,1,day,Town10HD_Opt,2026-03-11T11:17:28.037750,68.78893280029297,26.070804595947266,0.0019188307924196,0.079,0.905,0.012,0.0,0,0,1,,0.85,2026-03-11T11:17:28.037750,happy,0.696,2026-03-11T11:17:28.037750,0.448,2026-03-11T11:17:27.876000,78,,,
participant_07,1,day,Town10HD_Opt,2026-03-11T11:17:28.945806,68.79946899414062,26.068893432617188,0.0019187545403838,0.078,0.907,0.012,0.0,0,0,1,,0.829,2026-03-11T11:17:28.945806,happy,0.696,2026-03-11T11:17:28.037750,0.434,2026-03-11T11:17:28.864000,79,,,
participant_07,1,day,Town10HD_Opt,2026-03-11T11:17:30.095121,68.81328582763672,26.06640625,0.0019187545403838,0.077,0.907,0.013,0.0,0,0,1,,1.0,2026-03-11T11:17:30.095121,neutral,0.98,2026-03-11T11:17:30.095121,0.42,2026-03-11T11:17:29.856000,80,,,
participant_07,1,day,Town10HD_Opt,2026-03-11T11:17:30.969248,68.8345718383789,26.062519073486328,0.0019161986419931,0.177,0.726,0.0,0.0,0,0,1,,1.0,2026-03-11T11:17:30.969248,neutral,0.98,2026-03-11T11:17:30.095121,0.42,2026-03-11T11:17:29.856000,80,,,
participant_07,1,day,Town10HD_Opt,2026-03-11T11:17:31.841673,68.861328125,26.057621002197266,0.0019200133392587,0.138,0.728,0.0,0.0,0,0,1,,0.801,2026-03-11T11:17:31.841673,neutral,0.98,2026-03-11T11:17:30.095121,0.403,2026-03-11T11:17:31.028000,81,,,
participant_07,1,day,Town10HD_Opt,2026-03-11T11:17:32.980734,68.88762664794922,26.05280494689941,0.0019197463989257,0.098,0.738,0.0,0.0,0,0,1,,1.0,2026-03-11T11:17:32.980734,sad,0.775,2026-03-11T11:17:32.980734,0.381,2026-03-11T11:17:32.960000,81,,,
participant_07,1,day,Town10HD_Opt,2026-03-11T11:17:33.842343,68.902099609375,26.050161361694336,0.0019195937784388,0.076,0.738,0.0,0.0,0,0,1,,0.895,2026-03-11T11:17:33.842343,sad,0.775,2026-03-11T11:17:32.980734,0.381,2026-03-11T11:17:32.960000,81,,,
participant_07,1,day,Town10HD_Opt,2026-03-11T11:17:34.950547,68.91629028320312,26.047563552856445,0.001919517526403,0.055,0.738,0.0,0.0,0,0,1,,0.867,2026-03-11T11:17:34.950547,sad,0.775,2026-03-11T11:17:32.980734,0.369,2026-03-11T11:17:34.939000,81,,,
participant_07,1,day,Town10HD_Opt,2026-03-11T11:17:36.094130,68.9262924194336,26.045743942260746,0.001919288537465,0.039,0.773,0.0,0.0,0,0,1,,0.803,2026-03-11T11:17:36.094130,sad,0.772,2026-03-11T11:17:36.094130,0.363,2026-03-11T11:17:35.885000,81,,,
participant_07,1,day,Town10HD_Opt,2026-03-11T11:17:37.015024,68.93179321289062,26.04473304748535,0.0019191741012036,0.155,0.771,0.04,0.0,0,0,1,,0.831,2026-03-11T11:17:37.015024,sad,0.772,2026-03-11T11:17:36.094130,0.357,2026-03-11T11:17:36.920000,81,,,
participant_07,1,day,Town10HD_Opt,2026-03-11T11:17:37.937595,69.25929260253906,25.98583984375,0.0016284942394122,6.893,1.119,0.811,0.0,0,0,1,,1.0,2026-03-11T11:17:37.937595,sad,0.772,2026-03-11T11:17:36.094130,0.357,2026-03-11T11:17:36.920000,81,,,
participant_07,1,day,Town10HD_Opt,2026-03-11T11:17:38.861967,71.3826675415039,25.65289306640625,0.0015550231328234,18.372,3.775,0.711,0.0,0,0,1,,0.811,2026-03-11T11:17:38.861967,neutral,0.948,2026-03-11T11:17:38.861967,0.35,2026-03-11T11:17:37.957000,80,,,
participant_07,1,day,Town10HD_Opt,2026-03-11T11:17:40.082457,75.7640609741211,25.234819412231445,0.0019297789549455,16.558,3.151,0.0,0.188,0,0,1,,0.816,2026-03-11T11:17:40.082457,neutral,0.948,2026-03-11T11:17:38.861967,0.344,2026-03-11T11:17:40.070000,79,,,
participant_07,1,day,Town10HD_Opt,2026-03-11T11:17:40.963199,78.29712677001953,25.14693260192871,0.0020389938727021,12.461,2.471,0.206,0.0,0,0,1,,1.0,2026-03-11T11:17:40.963199,happy,0.683,2026-03-11T11:17:40.963199,0.344,2026-03-11T11:17:40.070000,79,,,
participant_07,1,day,Town10HD_Opt,2026-03-11T11:17:41.897656,80.61408996582031,25.128246307373047,0.0017562865978106,16.074,1.558,0.62,0.0,0,0,1,,0.887,2026-03-11T11:17:41.897656,happy,0.683,2026-03-11T11:17:40.963199,0.343,2026-03-11T11:17:41.645000,79,,,
participant_07,1,day,Town10HD_Opt,2026-03-11T11:17:43.089033,85.04476165771484,25.19795608520508,0.0019009780371561,22.024,0.606,0.526,0.0,0,0,1,,1.0,2026-03-11T11:17:43.089033,neutral,0.896,2026-03-11T11:17:43.089033,0.336,2026-03-11T11:17:42.906000,81,,,
participant_07,1,day,Town10HD_Opt,2026-03-11T11:17:43.980174,89.23587036132812,25.28800201416016,0.0019164275145158,26.036,-2.12,0.46,0.0,0,0,1,,1.0,2026-03-11T11:17:43.980174,neutral,0.896,2026-03-11T11:17:43.089033,0.332,2026-03-11T11:17:43.850000,81,,,
participant_07,1,day,Town10HD_Opt,2026-03-11T11:17:44.873293,93.70223236083984,25.12399101257324,0.0022021865006536,22.867,-7.142,0.0,0.0,0,0,1,,0.829,2026-03-11T11:17:44.873293,neutral,0.896,2026-03-11T11:17:43.089033,0.332,2026-03-11T11:17:43.850000,81,,,
participant_07,1,day,Town10HD_Opt,2026-03-11T11:17:46.047203,98.01748657226562,23.98297119140625,0.0020276641007512,15.848,-18.174,0.0,0.0,0,0,1,,0.814,2026-03-11T11:17:46.047203,neutral,0.768,2026-03-11T11:17:46.047203,0.329,2026-03-11T11:17:45.875000,81,,,
participant_07,1,day,Town10HD_Opt,2026-03-11T11:17:47.009343,100.10198974609376,22.59543228149414,0.0019639206584542,13.933,-17.483,0.339,0.0,0,0,1,,1.0,2026-03-11T11:17:47.009343,neutral,0.768,2026-03-11T11:17:46.047203,0.329,2026-03-11T11:17:46.865000,80,,,
participant_07,1,day,Town10HD_Opt,2026-03-11T11:17:47.960840,101.88368225097656,20.7341423034668,0.0018778227968141,15.764,-15.12,0.311,0.0,0,0,1,,1.0,2026-03-11T11:17:47.960840,neutral,0.768,2026-03-11T11:17:46.047203,0.327,2026-03-11T11:17:47.856000,80,,,
participant_07,1,day,Town10HD_Opt,2026-03-11T11:17:48.848409,103.44651794433594,18.35076141357422,0.0019043349893763,16.701,-12.12,0.207,0.0,0,0,1,,1.0,2026-03-11T11:17:48.848409,neutral,0.931,2026-03-11T11:17:48.848409,0.327,2026-03-11T11:17:47.856000,80,,,
participant_07,1,day,Town10HD_Opt,2026-03-11T11:17:50.044671,104.82806396484376,14.897689819335938,0.0019799803849309,14.74,-7.14,0.0,0.0,0,0,1,,0.83,2026-03-11T11:17:50.044671,neutral,0.931,2026-03-11T11:17:48.848409,0.32,2026-03-11T11:17:49.880000,81,,,
participant_07,1,day,Town10HD_Opt,2026-03-11T11:17:50.925128,105.34148406982422,12.661832809448242,0.0020329284016042,11.337,-13.648,0.0,0.0,0,0,1,,0.801,2026-03-11T11:17:50.925128,neutral,0.896,2026-03-11T11:17:50.925128,0.315,2026-03-11T11:17:50.869000,81,,,
participant_07,1,day,Town10HD_Opt,2026-03-11T11:17:51.829552,105.49624633789062,10.905527114868164,0.0019981001969426,8.919,-6.099,0.227,0.0,0,0,1,,0.937,2026-03-11T11:17:51.829552,neutral,0.896,2026-03-11T11:17:50.925128,0.315,2026-03-11T11:17:50.869000,81,,,
participant_07,1,day,Town10HD_Opt,2026-03-11T11:17:53.054339,105.65785217285156,8.561742782592773,0.0018437957623973,11.729,-1.695,0.302,0.0,0,0,1,,0.894,2026-03-11T11:17:53.054339,neutral,0.871,2026-03-11T11:17:53.054339,0.311,2026-03-11T11:17:52.850000,82,,,
participant_07,1,day,Town10HD_Opt,2026-03-11T11:17:53.923919,105.7883071899414,6.344776630401611,0.0018525695195421,13.796,-1.201,0.304,0.0,0,0,1,,0.837,2026-03-11T11:17:53.923919,neutral,0.871,2026-03-11T11:17:53.054339,0.311,2026-03-11T11:17:52.850000,82,,,
participant_07,1,day,Town10HD_Opt,2026-03-11T11:17:55.103320,105.95721435546876,2.888664484024048,0.0018696594052016,15.918,-0.717,0.303,0.0,0,0,1,,1.0,2026-03-11T11:17:55.103320,neutral,0.453,2026-03-11T11:17:55.103320,0.311,2026-03-11T11:17:53.930000,83,,,
participant_07,1,day,Town10HD_Opt,2026-03-11T11:17:55.958863,106.06414031982422,0.0011507034068927,0.001877975417301,17.191,-0.717,0.305,0.0,0,0,1,,0.911,2026-03-11T11:17:55.958863,neutral,0.453,2026-03-11T11:17:55.103320,0.311,2026-03-11T11:17:55.280000,83,,,
participant_07,1,day,Town10HD_Opt,2026-03-11T11:17:56.833481,106.143798828125,-3.065103769302368,0.001900787348859,17.819,-0.696,0.261,0.0,0,0,1,,0.956,2026-03-11T11:17:56.833481,neutral,0.453,2026-03-11T11:17:55.103320,0.311,2026-03-11T11:17:56.136000,83,,,
participant_07,1,day,Town10HD_Opt,2026-03-11T11:17:58.018369,106.19742584228516,-7.026920795440674,0.0020521925762295,14.405,-0.038,0.0,0.095,0,0,1,,0.918,2026-03-11T11:17:58.018369,neutral,0.951,2026-03-11T11:17:58.018369,0.311,2026-03-11T11:17:57.305000,81,,,
participant_07,1,day,Town10HD_Opt,2026-03-11T11:17:58.891138,106.22054290771484,-9.214157104492188,0.0020282745826989,10.643,0.172,0.0,0.0,0,0,1,,1.0,2026-03-11T11:17:58.891138,neutral,0.951,2026-03-11T11:17:58.018369,0.311,2026-03-11T11:17:58.341000,80,,,
participant_07,1,day,Town10HD_Opt,2026-03-11T11:18:00.048974,106.26368713378906,-11.729228019714355,0.0017259978922083,14.276,0.691,0.677,0.0,0,0,1,,0.835,2026-03-11T11:18:00.048974,neutral,0.676,2026-03-11T11:18:00.048974,0.311,2026-03-11T11:17:58.341000,80,,,
participant_07,1,day,Town10HD_Opt,2026-03-11T11:18:00.925527,106.34674835205078,-14.742770195007324,0.002012176439166,19.044,0.726,0.512,0.0,0,0,1,,0.929,2026-03-11T11:18:00.925527,neutral,0.676,2026-03-11T11:18:00.048974,0.311,2026-03-11T11:17:58.341000,80,,,
participant_07,1,day,Town10HD_Opt,2026-03-11T11:18:02.095722,106.5864028930664,-19.29927635192871,0.0019864654168486,17.656,2.351,0.0,0.0,0,0,1,,1.0,2026-03-11T11:18:02.095722,neutral,0.904,2026-03-11T11:18:02.095722,0.293,2026-03-11T11:18:01.941000,87,,,
participant_07,1,day,Town10HD_Opt,2026-03-11T11:18:02.970094,106.89007568359376,-22.05071258544922,0.002043189946562,13.865,3.259,0.008,0.0,0,0,1,,1.0,2026-03-11T11:18:02.970094,neutral,0.904,2026-03-11T11:18:02.095722,0.279,2026-03-11T11:18:02.930000,90,,,
participant_07,1,day,Town10HD_Opt,2026-03-11T11:18:03.833068,107.24754333496094,-24.338302612304688,0.0018652725266292,14.2,2.217,0.415,0.0,0,0,1,,1.0,2026-03-11T11:18:03.833068,neutral,0.904,2026-03-11T11:18:02.095722,0.279,2026-03-11T11:18:02.930000,90,,,
participant_07,1,day,Town10HD_Opt,2026-03-11T11:18:04.974480,107.8693618774414,-28.10135841369629,0.0020853041205555,18.271,-3.426,0.399,0.0,0,0,1,,1.0,2026-03-11T11:18:04.974480,neutral,0.752,2026-03-11T11:18:04.974480,0.264,2026-03-11T11:18:03.875000,90,Solid line crossing,Solid line crossing,
participant_07,1,day,Town10HD_Opt,2026-03-11T11:18:05.865481,108.08180236816406,-31.274513244628903,0.0020268631633371,18.56,-11.74,0.38,0.0,0,0,1,,0.856,2026-03-11T11:18:05.865481,neutral,0.752,2026-03-11T11:18:04.974480,0.235,2026-03-11T11:18:05.856000,89,,,
participant_07,1,day,Town10HD_Opt,2026-03-11T11:18:07.004737,107.4068832397461,-35.7308235168457,0.0020103836432099,20.319,-6.398,0.376,0.0,0,0,1,,0.845,2026-03-11T11:18:07.004737,neutral,0.777,2026-03-11T11:18:07.004737,0.22,2026-03-11T11:18:06.891000,87,,,
participant_07,1,day,Town10HD_Opt,2026-03-11T11:18:07.902902,106.3124771118164,-39.18490219116211,0.002013664226979,21.278,-6.168,0.376,0.0,0,0,1,,1.0,2026-03-11T11:18:07.902902,neutral,0.777,2026-03-11T11:18:07.004737,0.206,2026-03-11T11:18:07.880000,85,,,
participant_07,1,day,Town10HD_Opt,2026-03-11T11:18:09.056734,104.09441375732422,-43.75699234008789,0.0020206070039421,22.422,-6.59,0.375,0.0,0,0,1,,1.0,2026-03-11T11:18:09.056734,neutral,0.764,2026-03-11T11:18:09.056734,0.191,2026-03-11T11:18:08.870000,84,,,
participant_07,1,day,Town10HD_Opt,2026-03-11T11:18:09.939060,101.89163208007812,-47.07722854614258,0.0020193480886518,23.183,-2.826,0.375,0.0,0,0,1,,0.864,2026-03-11T11:18:09.939060,neutral,0.764,2026-03-11T11:18:09.056734,0.191,2026-03-11T11:18:08.870000,84,,,
participant_07,1,day,Town10HD_Opt,2026-03-11T11:18:11.079728,98.47210693359376,-51.46640396118164,0.0019615553319454,24.6,-3.014,0.375,0.0,0,0,1,,1.0,2026-03-11T11:18:11.079728,neutral,0.804,2026-03-11T11:18:11.079728,0.191,2026-03-11T11:18:08.870000,84,,,
participant_07,1,day,Town10HD_Opt,2026-03-11T11:18:12.019429,95.51683044433594,-54.638309478759766,0.0020196533296257,25.233,-3.712,0.375,0.0,0,0,1,,0.933,2026-03-11T11:18:12.019429,neutral,0.804,2026-03-11T11:18:11.079728,0.177,2026-03-11T11:18:11.301000,83,,,
participant_07,1,day,Town10HD_Opt,2026-03-11T11:18:12.907886,92.200439453125,-57.59938049316406,0.0020236587151885,25.823,-3.964,0.375,0.0,0,0,1,,0.924,2026-03-11T11:18:12.907886,neutral,0.804,2026-03-11T11:18:11.079728,0.165,2026-03-11T11:18:12.022000,84,,,
participant_07,1,day,Town10HD_Opt,2026-03-11T11:18:14.074068,87.24571228027344,-61.1163215637207,0.0020270156674087,26.521,-3.624,0.375,0.0,0,0,1,,0.945,2026-03-11T11:18:14.074068,neutral,0.992,2026-03-11T11:18:14.074068,0.165,2026-03-11T11:18:12.921000,84,,,
participant_07,1,day,Town10HD_Opt,2026-03-11T11:18:14.923199,83.18299865722656,-63.38717651367188,0.0020290755201131,26.945,-3.636,0.375,0.0,0,0,1,,0.882,2026-03-11T11:18:14.923199,neutral,0.992,2026-03-11T11:18:14.074068,0.165,2026-03-11T11:18:14.180000,84,,,
participant_07,1,day,Town10HD_Opt,2026-03-11T11:18:16.080885,77.36860656738281,-65.841064453125,0.0020317840389907,27.422,-4.03,0.375,0.0,0,0,1,,0.909,2026-03-11T11:18:16.080885,neutral,0.805,2026-03-11T11:18:16.080885,0.138,2026-03-11T11:18:15.891000,85,,,
participant_07,1,day,Town10HD_Opt,2026-03-11T11:18:16.960315,72.74828338623047,-67.14674377441406,0.0020344543736428,27.717,-4.636,0.375,0.0,0,0,1,,0.868,2026-03-11T11:18:16.960315,neutral,0.805,2026-03-11T11:18:16.080885,0.111,2026-03-11T11:18:16.880000,86,,,
participant_07,1,day,Town10HD_Opt,2026-03-11T11:18:17.870299,67.95751190185547,-67.90567779541016,0.0020352553110569,27.978,-4.195,0.375,0.0,0,0,1,,1.0,2026-03-11T11:18:17.870299,neutral,0.805,2026-03-11T11:18:16.080885,0.111,2026-03-11T11:18:16.880000,86,,,
participant_07,1,day,Town10HD_Opt,2026-03-11T11:18:19.053484,61.42818069458008,-68.16204071044922,0.0020361708011478,28.26,-1.222,0.373,0.0,0,0,1,,0.937,2026-03-11T11:18:19.053484,neutral,0.938,2026-03-11T11:18:19.053484,0.094,2026-03-11T11:18:18.050000,86,,,
participant_07,1,day,Town10HD_Opt,2026-03-11T11:18:19.960476,56.48683166503906,-68.08142852783203,0.0020365524105727,28.42,0.172,0.373,0.0,0,0,1,,0.908,2026-03-11T11:18:19.960476,neutral,0.938,2026-03-11T11:18:19.053484,0.078,2026-03-11T11:18:19.445000,86,,,
participant_07,1,day,Town10HD_Opt,2026-03-11T11:18:20.849494,51.51935577392578,-67.97433471679688,0.0020370483398437,28.56,0.461,0.373,0.0,0,0,1,,1.0,2026-03-11T11:18:20.849494,neutral,0.938,2026-03-11T11:18:19.053484,0.061,2026-03-11T11:18:20.570000,85,,,
participant_07,1,day,Town10HD_Opt,2026-03-11T11:18:22.040001,44.85984802246094,-67.86165618896484,0.0020378874614834,28.72,0.12,0.373,0.0,0,0,1,,0.867,2026-03-11T11:18:22.040001,neutral,0.876,2026-03-11T11:18:22.040001,0.028,2026-03-11T11:18:21.921000,84,,,
participant_07,1,day,Town10HD_Opt,2026-03-11T11:18:22.938830,39.84200286865234,-67.77650451660156,0.00203842157498,28.831,0.12,0.422,0.0,0,0,1,,0.902,2026-03-11T11:18:22.938830,neutral,0.876,2026-03-11T11:18:22.040001,0.028,2026-03-11T11:18:21.921000,84,,,
participant_07,1,day,Town10HD_Opt,2026-03-11T11:18:24.094918,32.56696319580078,-67.64231872558594,0.0018281936645507,35.684,0.122,0.665,0.0,0,0,1,,0.907,2026-03-11T11:18:24.094918,neutral,0.855,2026-03-11T11:18:24.094918,0.012,2026-03-11T11:18:23.045000,84,,,
participant_07,1,day,Town10HD_Opt,2026-03-11T11:18:24.962665,25.87786102294922,-67.5394287109375,0.0018999861786141,40.601,0.122,0.57,0.0,0,0,1,,0.839,2026-03-11T11:18:24.962665,neutral,0.855,2026-03-11T11:18:24.094918,0.001,2026-03-11T11:18:24.216000,83,,,
participant_07,1,day,Town10HD_Opt,2026-03-11T11:18:25.830456,18.747634887695312,-67.45881652832031,0.0021897505503147,38.217,0.143,0.0,0.0,0,0,1,,0.837,2026-03-11T11:18:25.830456,neutral,0.855,2026-03-11T11:18:24.094918,0.0,2026-03-11T11:18:25.025000,84,,,
participant_07,1,day,Town10HD_Opt,2026-03-11T11:18:26.981940,11.08031940460205,-67.41353607177734,0.0022979734931141,27.156,0.167,0.0,0.0,0,0,1,,0.967,2026-03-11T11:18:26.981940,neutral,0.96,2026-03-11T11:18:26.981940,0.007,2026-03-11T11:18:25.880000,84,,,
participant_07,1,day,Town10HD_Opt,2026-03-11T11:18:27.903633,6.878149032592773,-67.41742706298828,0.0022555158939212,20.491,0.545,0.0,0.0,0,0,1,,0.857,2026-03-11T11:18:27.903633,neutral,0.96,2026-03-11T11:18:26.981940,0.022,2026-03-11T11:18:27.411000,85,,,
participant_07,1,day,Town10HD_Opt,2026-03-11T11:18:29.070508,2.617817640304565,-67.46488952636719,0.0019379042787477,17.304,0.364,0.216,0.0,0,0,1,,0.854,2026-03-11T11:18:29.070508,neutral,0.927,2026-03-11T11:18:29.070508,0.026,2026-03-11T11:18:28.851000,85,,,
participant_07,1,day,Town10HD_Opt,2026-03-11T11:18:29.923201,-0.3684142231941223,-67.51763916015625,0.0019343948224559,16.808,0.268,0.22,0.0,0,0,1,,0.978,2026-03-11T11:18:29.923201,neutral,0.927,2026-03-11T11:18:29.070508,0.031,2026-03-11T11:18:29.390000,85,,,
participant_07,1,day,Town10HD_Opt,2026-03-11T11:18:31.072057,-4.338264465332031,-67.6070327758789,0.001907653757371,17.087,0.268,0.0,0.0,0,0,1,,0.967,2026-03-11T11:18:31.072057,neutral,0.937,2026-03-11T11:18:31.072057,0.04,2026-03-11T11:18:31.011000,82,,,
participant_07,1,day,Town10HD_Opt,2026-03-11T11:18:31.917658,-6.973321914672852,-67.678466796875,0.0020859909709542,11.864,0.251,0.0,0.312,0,0,1,,0.962,2026-03-11T11:18:31.917658,neutral,0.937,2026-03-11T11:18:31.072057,0.04,2026-03-11T11:18:31.011000,82,,,
participant_07,1,day,Town10HD_Opt,2026-03-11T11:18:33.063568,-9.20414924621582,-67.74665832519531,0.0019970701541751,7.652,0.251,0.0,0.0,0,0,1,,0.963,2026-03-11T11:18:33.063568,neutral,0.937,2026-03-11T11:18:31.072057,0.046,2026-03-11T11:18:32.540000,81,,,
participant_07,1,day,Town10HD_Opt,2026-03-11T11:18:33.894109,-10.39603328704834,-67.78604125976562,0.0019754790700972,5.874,0.251,0.0,0.0,0,0,1,,0.976,2026-03-11T11:18:33.894109,neutral,0.98,2026-03-11T11:18:33.894109,0.052,2026-03-11T11:18:33.080000,81,,,
participant_07,1,day,Town10HD_Opt,2026-03-11T11:18:35.027161,-11.525933265686035,-67.82524871826172,0.0019244384020566,4.489,0.242,0.175,0.0,0,0,1,,0.967,2026-03-11T11:18:35.027161,neutral,0.98,2026-03-11T11:18:33.894109,0.055,2026-03-11T11:18:34.071000,81,,,
participant_07,1,day,Town10HD_Opt,2026-03-11T11:18:35.915278,-12.398239135742188,-67.856689453125,0.0018790053436532,5.664,0.24,0.189,0.0,0,0,1,,0.938,2026-03-11T11:18:35.915278,neutral,0.981,2026-03-11T11:18:35.915278,0.058,2026-03-11T11:18:35.241000,81,,,
participant_07,1,day,Town10HD_Opt,2026-03-11T11:18:37.032934,-13.791709899902344,-67.90850067138672,0.0019278335385024,5.639,0.042,0.0,0.108,0,0,1,,0.925,2026-03-11T11:18:37.032934,neutral,0.981,2026-03-11T11:18:35.915278,0.062,2026-03-11T11:18:36.051000,82,,,
participant_07,1,day,Town10HD_Opt,2026-03-11T11:18:37.903798,-13.949661254882812,-67.91427612304688,0.001973228296265,0.0,0.035,0.0,0.326,0,0,1,,1.0,2026-03-11T11:18:37.903798,neutral,0.981,2026-03-11T11:18:35.915278,0.067,2026-03-11T11:18:37.401000,84,,,
participant_07,1,day,Town10HD_Opt,2026-03-11T11:18:38.988633,-13.94974136352539,-67.9142837524414,0.0019203567644581,0.0,0.054,0.0,0.0,0,0,1,,0.889,2026-03-11T11:18:38.988633,neutral,0.951,2026-03-11T11:18:38.988633,0.072,2026-03-11T11:18:38.122000,84,,,
participant_07,1,day,Town10HD_Opt,2026-03-11T11:18:40.103754,-13.949742317199709,-67.9142837524414,0.0019194411579519,0.0,0.054,0.0,0.0,0,0,1,,0.958,2026-03-11T11:18:40.103754,neutral,0.951,2026-03-11T11:18:38.988633,0.077,2026-03-11T11:18:39.065000,84,,,
participant_07,1,day,Town10HD_Opt,2026-03-11T11:18:40.980850,-13.949742317199709,-67.9142837524414,0.0019194411579519,0.0,0.056,0.0,0.0,0,0,1,,0.963,2026-03-11T11:18:40.980850,neutral,0.951,2026-03-11T11:18:38.988633,0.088,2026-03-11T11:18:40.910000,84,,,
participant_07,1,day,Town10HD_Opt,2026-03-11T11:18:41.849358,-13.955854415893556,-67.91445922851562,0.0019175338093191,0.072,0.068,0.05,0.0,0,0,1,,0.83,2026-03-11T11:18:41.849358,neutral,0.935,2026-03-11T11:18:41.849358,0.088,2026-03-11T11:18:40.910000,84,,,
participant_07,1,day,Town10HD_Opt,2026-03-11T11:18:42.973301,-13.9805908203125,-67.91539001464844,0.0019139099167659,0.217,0.073,0.073,0.0,0,0,1,,0.956,2026-03-11T11:18:42.973301,neutral,0.935,2026-03-11T11:18:41.849358,0.094,2026-03-11T11:18:42.126000,83,,,
participant_07,1,day,Town10HD_Opt,2026-03-11T11:18:44.066051,-14.090672492980955,-67.91946411132812,0.0019121170043945,0.721,0.073,0.0,0.0,0,0,1,,0.957,2026-03-11T11:18:44.066051,neutral,0.984,2026-03-11T11:18:44.066051,0.129,2026-03-11T11:18:43.971000,82,Solid line crossing,Solid line crossing,
participant_07,1,day,Town10HD_Opt,2026-03-11T11:18:44.891078,-14.202570915222168,-67.9236068725586,0.0019238662207499,0.556,0.073,0.0,0.0,0,0,1,,0.973,2026-03-11T11:18:44.891078,neutral,0.984,2026-03-11T11:18:44.066051,0.147,2026-03-11T11:18:44.870000,83,,,
participant_07,1,day,Town10HD_Opt,2026-03-11T11:18:46.036487,-14.32011890411377,-67.92801666259766,0.0018736267229542,1.506,0.073,0.458,0.0,0,0,1,,0.838,2026-03-11T11:18:46.036487,neutral,0.984,2026-03-11T11:18:44.066051,0.159,2026-03-11T11:18:45.950000,84,,,
participant_07,1,day,Town10HD_Opt,2026-03-11T11:18:46.933740,-15.033575057983398,-67.95467376708984,0.0017102813581004,7.46,0.073,0.37,0.0,0,0,1,,0.972,2026-03-11T11:18:46.933740,neutral,0.978,2026-03-11T11:18:46.933740,0.171,2026-03-11T11:18:46.896000,85,,,
participant_07,1,day,Town10HD_Opt,2026-03-11T11:18:47.830708,-16.67597007751465,-68.017822265625,0.0017932510236278,11.429,0.073,0.365,0.0,0,0,1,,0.919,2026-03-11T11:18:47.830708,neutral,0.978,2026-03-11T11:18:46.933740,0.171,2026-03-11T11:18:46.896000,85,,,
participant_07,1,day,Town10HD_Opt,2026-03-11T11:18:48.936584,-19.605287551879883,-68.13399505615234,0.0019893264397978,11.604,0.045,0.0,0.0,0,0,1,,0.919,2026-03-11T11:18:48.936584,neutral,0.919,2026-03-11T11:18:48.936584,0.185,2026-03-11T11:18:47.931000,86,,,
participant_07,1,day,Town10HD_Opt,2026-03-11T11:18:50.046610,-21.91611862182617,-68.22711181640625,0.0019969176501035,8.159,0.045,0.0,0.0,0,0,1,,0.949,2026-03-11T11:18:50.046610,neutral,0.919,2026-03-11T11:18:48.936584,0.215,2026-03-11T11:18:49.956000,84,,,
participant_07,1,day,Town10HD_Opt,2026-03-11T11:18:50.927065,-23.18074607849121,-68.27861785888672,0.0019935225136578,6.05,0.04,0.091,0.0,0,0,1,,0.964,2026-03-11T11:18:50.927065,neutral,0.919,2026-03-11T11:18:48.936584,0.215,2026-03-11T11:18:49.956000,84,,,
participant_07,1,day,Town10HD_Opt,2026-03-11T11:18:52.060786,-24.825910568237305,-68.3460693359375,0.0016921615460887,11.367,0.035,0.783,0.0,0,0,1,,0.953,2026-03-11T11:18:52.060786,neutral,0.963,2026-03-11T11:18:52.060786,0.243,2026-03-11T11:18:51.936000,81,,,
participant_07,1,day,Town10HD_Opt,2026-03-11T11:18:52.912176,-27.682315826416016,-68.4642333984375,0.0018482588930055,22.038,0.014,0.84,0.0,0,0,1,,0.956,2026-03-11T11:18:52.912176,neutral,0.963,2026-03-11T11:18:52.060786,0.247,2026-03-11T11:18:52.881000,79,,,errors=Red light violation
participant_07,1,day,Town10HD_Opt,2026-03-11T11:18:54.051130,-34.364234924316406,-68.69242858886719,0.0016718673286959,36.783,-0.557,0.789,0.0,0,0,1,,0.937,2026-03-11T11:18:54.051130,neutral,0.963,2026-03-11T11:18:52.060786,0.247,2026-03-11T11:18:52.881000,79,,,
participant_07,1,day,Town10HD_Opt,2026-03-11T11:18:54.957304,-41.0664291381836,-68.80657196044922,0.0021972274407744,35.737,-0.407,0.0,0.0,0,0,1,,0.934,2026-03-11T11:18:54.957304,neutral,0.988,2026-03-11T11:18:54.957304,0.254,2026-03-11T11:18:54.861000,80,,,
participant_07,1,day,Town10HD_Opt,2026-03-11T11:18:55.830295,-46.64524459838867,-68.83378601074219,0.0023117065429687,27.778,-0.27,0.0,0.27,0,0,1,,0.953,2026-03-11T11:18:55.830295,neutral,0.988,2026-03-11T11:18:54.957304,0.254,2026-03-11T11:18:54.861000,80,,,errors=Harsh braking
participant_07,1,day,Town10HD_Opt,2026-03-11T11:18:56.955762,-50.38047790527344,-68.826904296875,0.0026611709035933,0.002,-0.308,0.0,1.0,0,0,1,,1.0,2026-03-11T11:18:56.955762,neutral,0.988,2026-03-11T11:18:54.957304,0.268,2026-03-11T11:18:56.886000,81,,,
participant_07,1,day,Town10HD_Opt,2026-03-11T11:18:58.055863,-50.381961822509766,-68.82689666748047,0.0019270705524832,0.002,-0.305,0.0,0.0,0,0,1,,0.93,2026-03-11T11:18:58.055863,neutral,0.904,2026-03-11T11:18:58.055863,0.274,2026-03-11T11:18:58.011000,81,,,
participant_07,1,day,Town10HD_Opt,2026-03-11T11:18:58.888429,-50.38149642944336,-68.82691192626953,0.0019184494158253,0.138,-0.143,0.015,0.0,0,0,1,,0.977,2026-03-11T11:18:58.888429,neutral,0.904,2026-03-11T11:18:58.055863,0.274,2026-03-11T11:18:58.011000,81,,,
participant_07,1,day,Town10HD_Opt,2026-03-11T11:19:00.028147,-50.39620590209961,-68.82691192626953,0.0019224929856136,0.154,0.063,0.043,0.0,0,0,1,,0.969,2026-03-11T11:19:00.028147,neutral,0.904,2026-03-11T11:18:58.055863,0.29,2026-03-11T11:18:59.856000,79,,,
participant_07,1,day,Town10HD_Opt,2026-03-11T11:19:00.873864,-50.41397476196289,-68.82691192626953,0.00191635126248,0.166,0.063,0.0,0.0,0,0,1,,0.952,2026-03-11T11:19:00.873864,neutral,0.964,2026-03-11T11:19:00.873864,0.29,2026-03-11T11:18:59.856000,79,,,
participant_07,1,day,Town10HD_Opt,2026-03-11T11:19:01.959679,-50.44636535644531,-68.826904296875,0.0019200133392587,0.118,0.005,0.0,0.0,0,0,1,,0.941,2026-03-11T11:19:01.959679,neutral,0.964,2026-03-11T11:19:00.873864,0.296,2026-03-11T11:19:00.895000,79,,,
participant_07,1,day,Town10HD_Opt,2026-03-11T11:19:03.038670,-50.46916961669922,-68.826904296875,0.0019197082147002,0.084,0.047,0.0,0.0,0,0,1,,0.949,2026-03-11T11:19:03.038670,neutral,0.954,2026-03-11T11:19:03.038670,0.324,2026-03-11T11:19:02.915000,80,,,
participant_07,1,day,Town10HD_Opt,2026-03-11T11:19:03.862630,-50.481712341308594,-68.826904296875,0.0019195555942133,0.065,0.047,0.023,0.0,0,0,1,,0.942,2026-03-11T11:19:03.862630,neutral,0.954,2026-03-11T11:19:03.038670,0.324,2026-03-11T11:19:02.915000,80,,,
participant_07,1,day,Town10HD_Opt,2026-03-11T11:19:04.959930,-50.54180145263672,-68.82689666748047,0.0019186401041224,0.341,0.078,0.0,0.0,0,0,1,,0.978,2026-03-11T11:19:04.959930,neutral,0.954,2026-03-11T11:19:03.038670,0.417,2026-03-11T11:19:04.897000,83,,,
participant_07,1,day,Town10HD_Opt,2026-03-11T11:19:06.028079,-50.60905075073242,-68.82688903808594,0.0019212722545489,0.237,0.078,0.0,0.0,0,0,1,,0.952,2026-03-11T11:19:06.028079,neutral,0.951,2026-03-11T11:19:06.028079,0.464,2026-03-11T11:19:05.976000,84,,,
participant_07,1,day,Town10HD_Opt,2026-03-11T11:19:06.849586,-50.64601135253906,-68.8268814086914,0.0019207381410524,0.186,0.078,0.0,0.0,0,0,1,,0.966,2026-03-11T11:19:06.849586,neutral,0.951,2026-03-11T11:19:06.028079,0.464,2026-03-11T11:19:05.976000,84,,,
participant_07,1,day,Town10HD_Opt,2026-03-11T11:19:07.962547,-50.68230438232422,-68.8268814086914,0.0019202422117814,0.132,0.078,0.0,0.0,0,0,1,,0.946,2026-03-11T11:19:07.962547,neutral,0.951,2026-03-11T11:19:06.028079,0.512,2026-03-11T11:19:06.921000,84,,,
participant_07,1,day,Town10HD_Opt,2026-03-11T11:19:09.033924,-50.70783615112305,-68.82687377929688,0.0019198226509615,0.094,0.078,0.0,0.0,0,0,1,,0.95,2026-03-11T11:19:09.033924,neutral,0.987,2026-03-11T11:19:09.033924,0.605,2026-03-11T11:19:08.856000,83,,,
participant_07,1,day,Town10HD_Opt,2026-03-11T11:19:09.920025,-50.73765182495117,-68.82666015625,0.0018494033720344,1.666,0.078,0.653,0.0,0,0,1,,0.944,2026-03-11T11:19:09.920025,neutral,0.987,2026-03-11T11:19:09.033924,0.605,2026-03-11T11:19:08.856000,83,,,
participant_07,1,day,Town10HD_Opt,2026-03-11T11:19:11.015911,-52.49782943725586,-68.8222885131836,0.0016092681325972,13.849,0.078,0.59,0.0,0,0,1,,0.937,2026-03-11T11:19:11.015911,neutral,0.987,2026-03-11T11:19:09.033924,0.697,2026-03-11T11:19:10.926000,80,,,
participant_07,1,day,Town10HD_Opt,2026-03-11T11:19:11.840192,-55.48854446411133,-68.81629180908203,0.0020112609490752,19.201,0.078,0.56,0.0,0,0,1,,0.919,2026-03-11T11:19:11.840192,neutral,0.987,2026-03-11T11:19:11.840192,0.697,2026-03-11T11:19:10.926000,80,,,
participant_07,1,day,Town10HD_Opt,2026-03-11T11:19:12.963064,-60.55523681640625,-68.81403350830078,0.001930808997713,24.281,0.078,0.441,0.0,0,0,1,,0.957,2026-03-11T11:19:12.963064,neutral,0.987,2026-03-11T11:19:11.840192,0.77,2026-03-11T11:19:12.861000,78,,,
participant_07,1,day,Town10HD_Opt,2026-03-11T11:19:14.061404,-66.36921691894531,-68.82391357421875,0.002075805561617,24.458,0.068,0.209,0.0,0,0,1,,0.955,2026-03-11T11:19:14.061404,neutral,0.982,2026-03-11T11:19:14.061404,0.768,2026-03-11T11:19:13.986000,79,,,
participant_07,1,day,Town10HD_Opt,2026-03-11T11:19:14.874141,-70.42709350585938,-68.8374252319336,0.0021397017408162,21.74,-0.026,0.178,0.0,0,0,1,,0.97,2026-03-11T11:19:14.874141,neutral,0.982,2026-03-11T11:19:14.061404,0.768,2026-03-11T11:19:13.986000,79,,,
participant_07,1,day,Town10HD_Opt,2026-03-11T11:19:16.035158,-75.02690887451172,-68.80599212646484,0.0020917130168527,18.181,-2.81,0.183,0.0,0,0,1,,0.942,2026-03-11T11:19:16.035158,neutral,0.982,2026-03-11T11:19:14.061404,0.762,2026-03-11T11:19:15.922000,81,,,errors=Solid line crossing
participant_07,1,day,Town10HD_Opt,2026-03-11T11:19:16.864200,-78.1494369506836,-68.52897644042969,0.0019108580891042,17.767,-8.751,0.278,0.0,0,0,1,,0.92,2026-03-11T11:19:16.864200,neutral,0.956,2026-03-11T11:19:16.864200,0.762,2026-03-11T11:19:15.922000,81,,,
participant_07,1,day,Town10HD_Opt,2026-03-11T11:19:18.014822,-82.20488739013672,-67.46460723876953,0.0020314024295657,18.162,-8.761,0.299,0.0,0,0,1,,0.962,2026-03-11T11:19:18.014822,neutral,0.956,2026-03-11T11:19:16.864200,0.75,2026-03-11T11:19:17.856000,80,,,
participant_07,1,day,Town10HD_Opt,2026-03-11T11:19:18.836658,-85.11618041992188,-66.1972885131836,0.0020491408649832,18.015,-5.125,0.299,0.0,0,0,1,,0.958,2026-03-11T11:19:18.836658,neutral,0.956,2026-03-11T11:19:16.864200,0.75,2026-03-11T11:19:17.856000,80,,,
participant_07,1,day,Town10HD_Opt,2026-03-11T11:19:19.989589,-88.83932495117188,-64.17412567138672,0.0020220566075295,18.281,-4.631,0.301,0.0,0,0,1,,0.911,2026-03-11T11:19:19.989589,neutral,0.919,2026-03-11T11:19:19.989589,0.736,2026-03-11T11:19:19.972000,80,,,
participant_07,1,day,Town10HD_Opt,2026-03-11T11:19:20.852478,-91.49864959716795,-62.41371536254883,0.0020349503029137,18.466,-4.445,0.505,0.0,0,0,1,,0.959,2026-03-11T11:19:20.852478,neutral,0.919,2026-03-11T11:19:19.989589,0.736,2026-03-11T11:19:19.972000,80,,,
participant_07,1,day,Town10HD_Opt,2026-03-11T11:19:21.984886,-95.21925354003906,-59.43647003173828,0.0019544218666851,22.458,-4.442,0.455,0.0,0,0,1,,0.979,2026-03-11T11:19:21.984886,neutral,0.919,2026-03-11T11:19:19.989589,0.736,2026-03-11T11:19:19.972000,80,,,
participant_07,1,day,Town10HD_Opt,2026-03-11T11:19:22.848931,-98.18659210205078,-56.56222915649414,0.0019629287999123,24.976,-3.262,0.455,0.0,0,0,1,,0.977,2026-03-11T11:19:22.848931,neutral,0.987,2026-03-11T11:19:22.848931,0.725,2026-03-11T11:19:22.402000,82,,,
participant_07,1,day,Town10HD_Opt,2026-03-11T11:19:24.012823,-102.20963287353516,-51.923377990722656,0.0019891357515007,27.614,-3.349,0.41,0.0,0,0,1,,0.963,2026-03-11T11:19:24.012823,neutral,0.987,2026-03-11T11:19:22.848931,0.715,2026-03-11T11:19:23.976000,85,,,
participant_07,1,day,Town10HD_Opt,2026-03-11T11:19:24.875750,-105.06620025634766,-47.95277404785156,0.0020352171268314,28.092,-3.078,0.346,0.0,0,0,1,,0.966,2026-03-11T11:19:24.875750,angry,0.819,2026-03-11T11:19:24.875750,0.715,2026-03-11T11:19:23.976000,85,,,
participant_07,1,day,Town10HD_Opt,2026-03-11T11:19:26.027384,-108.35044860839844,-42.39642333984375,0.0020829008426517,26.903,-3.74,0.281,0.0,0,0,1,,0.949,2026-03-11T11:19:26.027384,angry,0.819,2026-03-11T11:19:24.875750,0.714,2026-03-11T11:19:24.968000,85,,,
participant_07,1,day,Town10HD_Opt,2026-03-11T11:19:26.898282,-110.21656036376952,-38.39085006713867,0.0022240446414798,22.237,-4.192,0.0,0.0,0,0,1,,0.941,2026-03-11T11:19:26.898282,neutral,0.963,2026-03-11T11:19:26.898282,0.712,2026-03-11T11:19:26.091000,83,,,
participant_07,1,day,Town10HD_Opt,2026-03-11T11:19:28.051129,-111.59029388427734,-34.22536849975586,0.0020055389031767,15.931,-9.385,0.2,0.0,0,0,1,,0.958,2026-03-11T11:19:28.051129,neutral,0.963,2026-03-11T11:19:26.898282,0.712,2026-03-11T11:19:27.891000,82,,,
participant_07,1,day,Town10HD_Opt,2026-03-11T11:19:28.922670,-111.9585418701172,-31.438968658447266,0.0018565750215202,17.384,-10.567,0.492,0.0,0,0,1,,0.91,2026-03-11T11:19:28.922670,neutral,0.975,2026-03-11T11:19:28.922670,0.712,2026-03-11T11:19:28.881000,83,,,
participant_07,1,day,Town10HD_Opt,2026-03-11T11:19:30.097840,-111.78557586669922,-27.07372093200684,0.0019733428489416,20.272,-4.129,0.444,0.0,0,0,1,,0.908,2026-03-11T11:19:30.097840,neutral,0.975,2026-03-11T11:19:28.922670,0.712,2026-03-11T11:19:29.870000,84,,,
participant_07,1,day,Town10HD_Opt,2026-03-11T11:19:31.057632,-111.40399169921876,-23.425710678100582,0.0021062849555164,19.878,-0.176,0.0,0.067,0,0,1,,0.908,2026-03-11T11:19:31.057632,neutral,0.956,2026-03-11T11:19:31.057632,0.712,2026-03-11T11:19:30.861000,84,,,
participant_07,1,day,Town10HD_Opt,2026-03-11T11:19:31.970289,-111.10112762451172,-20.431928634643555,0.0020852661691606,13.722,0.357,0.0,0.335,0,0,1,,0.942,2026-03-11T11:19:31.970289,neutral,0.956,2026-03-11T11:19:31.057632,0.712,2026-03-11T11:19:31.897000,85,,,
participant_07,1,day,Town10HD_Opt,2026-03-11T11:19:32.849532,-110.91455078125,-18.477399826049805,0.0020890808664262,8.383,0.355,0.0,0.314,0,0,1,,0.942,2026-03-11T11:19:32.849532,neutral,0.956,2026-03-11T11:19:31.057632,0.712,2026-03-11T11:19:31.897000,85,,,
participant_07,1,day,Town10HD_Opt,2026-03-11T11:19:34.016589,-110.83546447753906,-17.624584197998047,0.0020245742052793,0.0,0.322,0.0,0.68,0,0,1,,0.941,2026-03-11T11:19:34.016589,neutral,0.973,2026-03-11T11:19:34.016589,0.712,2026-03-11T11:19:33.966000,84,,,
participant_07,1,day,Town10HD_Opt,2026-03-11T11:19:34.919029,-110.83544921875,-17.624412536621094,0.0019232940394431,0.001,0.261,0.0,0.0,0,0,1,,0.871,2026-03-11T11:19:34.919029,neutral,0.973,2026-03-11T11:19:34.016589,0.712,2026-03-11T11:19:34.866000,82,,,
participant_07,1,day,Town10HD_Opt,2026-03-11T11:19:36.036763,-110.83544921875,-17.624401092529297,0.0019191741012036,0.001,2.083,0.0,0.0,0,0,1,,0.92,2026-03-11T11:19:36.036763,neutral,0.915,2026-03-11T11:19:36.036763,0.694,2026-03-11T11:19:35.901000,81,,,
participant_07,1,day,Town10HD_Opt,2026-03-11T11:19:36.907118,-110.83544921875,-17.624401092529297,0.001919021597132,0.001,1.805,0.0,0.0,0,0,1,,0.953,2026-03-11T11:19:36.907118,neutral,0.915,2026-03-11T11:19:36.036763,0.675,2026-03-11T11:19:36.891000,81,,,errors=Vehicle collision
participant_07,1,day,Town10HD_Opt,2026-03-11T11:19:38.021888,-110.83547973632812,-17.623641967773438,0.0018996428698301,0.001,1.81,0.0,0.0,0,0,1,,0.962,2026-03-11T11:19:38.021888,neutral,0.915,2026-03-11T11:19:36.036763,0.656,2026-03-11T11:19:37.971000,81,,,
participant_07,1,day,Town10HD_Opt,2026-03-11T11:19:38.866951,-110.83548736572266,-17.623626708984375,0.0019188307924196,0.001,1.81,0.0,0.0,0,0,1,,0.901,2026-03-11T11:19:38.866951,neutral,0.819,2026-03-11T11:19:38.866951,0.656,2026-03-11T11:19:37.971000,81,,,
participant_07,1,day,Town10HD_Opt,2026-03-11T11:19:39.985608,-110.83548736572266,-17.623624801635742,0.001919021597132,0.001,1.81,0.0,0.0,0,0,1,,0.956,2026-03-11T11:19:39.985608,neutral,0.819,2026-03-11T11:19:38.866951,0.615,2026-03-11T11:19:39.906000,83,,,
participant_07,1,day,Town10HD_Opt,2026-03-11T11:19:40.855028,-110.83548736572266,-17.623624801635742,0.0019189834129065,0.001,1.81,0.0,0.0,0,0,1,,0.909,2026-03-11T11:19:40.855028,neutral,0.819,2026-03-11T11:19:38.866951,0.615,2026-03-11T11:19:39.906000,83,,,
participant_07,1,day,Town10HD_Opt,2026-03-11T11:19:41.995428,-110.83548736572266,-17.623624801635742,0.0019189834129065,0.001,1.81,0.0,0.0,0,0,1,,0.944,2026-03-11T11:19:41.995428,neutral,0.946,2026-03-11T11:19:41.995428,0.595,2026-03-11T11:19:40.899000,83,,,
participant_07,1,day,Town10HD_Opt,2026-03-11T11:19:42.871963,-110.83548736572266,-17.623626708984375,0.0019188689766451,0.001,1.81,0.0,0.0,0,0,1,,0.963,2026-03-11T11:19:42.871963,neutral,0.946,2026-03-11T11:19:41.995428,0.575,2026-03-11T11:19:42.024000,82,,,
participant_07,1,day,Town10HD_Opt,2026-03-11T11:19:44.116768,-110.83548736572266,-17.623626708984375,0.0019189071608707,0.001,1.81,0.0,0.0,0,0,1,,0.955,2026-03-11T11:19:44.116768,neutral,0.986,2026-03-11T11:19:44.116768,0.531,2026-03-11T11:19:43.867000,79,,,
participant_07,1,day,Town10HD_Opt,2026-03-11T11:19:45.038370,-110.83548736572266,-17.623626708984375,0.0019188307924196,0.001,1.81,0.0,0.0,0,0,1,,0.94,2026-03-11T11:19:45.038370,neutral,0.986,2026-03-11T11:19:44.116768,0.508,2026-03-11T11:19:45.036000,78,,,
participant_07,1,day,Town10HD_Opt,2026-03-11T11:19:45.874824,-110.83548736572266,-17.623624801635742,0.0019189834129065,0.001,1.786,0.0,0.0,0,0,1,,0.869,2026-03-11T11:19:45.874824,neutral,0.986,2026-03-11T11:19:44.116768,0.508,2026-03-11T11:19:45.036000,78,,,
participant_07,1,day,Town10HD_Opt,2026-03-11T11:19:47.021600,-110.83548736572266,-17.623624801635742,0.0019189452286809,0.001,1.777,0.0,0.0,0,0,1,,0.974,2026-03-11T11:19:47.021600,neutral,0.929,2026-03-11T11:19:47.021600,0.514,2026-03-11T11:19:45.981000,78,,,
participant_07,1,day,Town10HD_Opt,2026-03-11T11:19:47.893044,-110.83548736572266,-17.623624801635742,0.0019189452286809,0.001,1.424,0.0,0.0,0,0,1,reach_back,0.839,2026-03-11T11:19:47.893044,neutral,0.929,2026-03-11T11:19:47.021600,0.527,2026-03-11T11:19:47.872000,83,,,
participant_07,1,day,Town10HD_Opt,2026-03-11T11:19:49.034014,-110.83548736572266,-17.623624801635742,0.001919021597132,0.001,1.518,0.0,0.0,0,0,1,,0.902,2026-03-11T11:19:49.034014,neutral,0.969,2026-03-11T11:19:49.034014,0.535,2026-03-11T11:19:48.951000,87,,,
participant_07,1,day,Town10HD_Opt,2026-03-11T11:19:49.899892,-110.83548736572266,-17.623626708984375,0.0019188307924196,0.001,1.518,0.0,0.0,0,0,1,,0.921,2026-03-11T11:19:49.899892,neutral,0.969,2026-03-11T11:19:49.034014,0.546,2026-03-11T11:19:49.897000,89,,,
participant_07,1,day,Town10HD_Opt,2026-03-11T11:19:51.020463,-110.83548736572266,-17.623624801635742,0.0019189452286809,0.001,1.485,0.0,0.0,0,0,1,,0.885,2026-03-11T11:19:51.020463,neutral,0.969,2026-03-11T11:19:49.034014,0.527,2026-03-11T11:19:50.977000,92,,,
participant_07,1,day,Town10HD_Opt,2026-03-11T11:19:51.886615,-110.83548736572266,-17.623626708984375,0.0019189834129065,0.001,1.485,0.0,0.0,0,0,1,,0.917,2026-03-11T11:19:51.886615,neutral,0.995,2026-03-11T11:19:51.886615,0.484,2026-03-11T11:19:51.876000,93,,,
participant_07,1,day,Town10HD_Opt,2026-03-11T11:19:53.018209,-110.81989288330078,-17.43812370300293,0.0017063902923837,4.741,1.314,0.722,0.0,0,0,1,,0.935,2026-03-11T11:19:53.018209,neutral,0.995,2026-03-11T11:19:51.886615,0.44,2026-03-11T11:19:52.912000,94,,,
participant_07,1,day,Town10HD_Opt,2026-03-11T11:19:53.941951,-110.69271087646484,-15.75461769104004,0.0015750502934679,15.389,1.448,0.688,0.0,0,0,1,,0.917,2026-03-11T11:19:53.941951,neutral,0.923,2026-03-11T11:19:53.941951,0.44,2026-03-11T11:19:52.912000,94,,,
participant_07,1,day,Town10HD_Opt,2026-03-11T11:19:55.092217,-110.53395080566406,-11.72917938232422,0.0019824600312858,15.803,3.881,0.0,0.0,0,0,1,,1.0,2026-03-11T11:19:55.092217,neutral,0.923,2026-03-11T11:19:53.941951,0.355,2026-03-11T11:19:54.892000,94,,,
participant_07,1,day,Town10HD_Opt,2026-03-11T11:19:56.008363,-110.62095642089844,-9.270903587341309,0.0020299910102039,12.306,4.735,0.146,0.0,0,0,1,,1.0,2026-03-11T11:19:56.008363,neutral,0.996,2026-03-11T11:19:56.008363,0.306,2026-03-11T11:19:55.927000,83,,,
participant_07,1,day,Town10HD_Opt,2026-03-11T11:19:56.914187,-110.81443786621094,-7.103076457977295,0.0018523024627938,13.66,0.618,0.431,0.0,0,0,1,,0.937,2026-03-11T11:19:56.914187,neutral,0.996,2026-03-11T11:19:56.008363,0.256,2026-03-11T11:19:56.872000,79,,,
participant_07,1,day,Town10HD_Opt,2026-03-11T11:19:58.087485,-111.03341674804688,-3.346644878387451,0.0020657347049564,18.167,-2.687,0.428,0.0,0,0,1,,0.876,2026-03-11T11:19:58.087485,happy,0.853,2026-03-11T11:19:58.087485,0.202,2026-03-11T11:19:57.906000,77,,,
participant_07,1,day,Town10HD_Opt,2026-03-11T11:19:58.954461,-111.0649871826172,-0.0672240406274795,0.0019803238101303,19.803,-1.852,0.42,0.0,0,0,1,,0.962,2026-03-11T11:19:58.954461,happy,0.853,2026-03-11T11:19:58.087485,0.202,2026-03-11T11:19:57.906000,77,,,
participant_07,1,day,Town10HD_Opt,2026-03-11T11:19:59.836082,-110.9822235107422,3.5650956630706787,0.0019825361669063,21.666,-2.177,0.411,0.0,0,0,1,,0.84,2026-03-11T11:19:59.836082,happy,0.853,2026-03-11T11:19:58.087485,0.148,2026-03-11T11:19:59.076000,74,,,
participant_07,1,day,Town10HD_Opt,2026-03-11T11:20:00.978529,-110.56986236572266,8.869346618652344,0.0019940184429287,23.89,-3.752,0.411,0.0,0,0,1,,0.815,2026-03-11T11:20:00.978529,neutral,0.974,2026-03-11T11:20:00.978529,0.094,2026-03-11T11:19:59.931000,76,,,
participant_07,1,day,Town10HD_Opt,2026-03-11T11:20:01.852552,-109.80355072021484,13.089163780212402,0.0020061873365193,25.195,-7.898,0.391,0.0,0,0,1,,0.915,2026-03-11T11:20:01.852552,neutral,0.974,2026-03-11T11:20:00.978529,0.068,2026-03-11T11:20:01.417000,78,,,
participant_07,1,day,Town10HD_Opt,2026-03-11T11:20:03.028936,-107.53948211669922,18.19770050048828,0.0021824263967573,21.537,-13.068,0.097,0.0,0,0,1,,0.918,2026-03-11T11:20:03.028936,neutral,0.981,2026-03-11T11:20:03.028936,0.067,2026-03-11T11:20:02.901000,74,,,
participant_07,1,day,Town10HD_Opt,2026-03-11T11:20:03.935822,-105.34256744384766,20.76347923278809,0.0019570540171116,17.158,-12.815,0.0,0.0,0,0,1,,0.871,2026-03-11T11:20:03.935822,neutral,0.981,2026-03-11T11:20:03.028936,0.067,2026-03-11T11:20:03.891000,74,,,
participant_07,1,day,Town10HD_Opt,2026-03-11T11:20:04.836409,-103.16645050048828,22.39298439025879,0.0019501113565638,15.231,-13.243,0.296,0.0,0,0,1,,0.861,2026-03-11T11:20:04.836409,neutral,0.981,2026-03-11T11:20:03.028936,0.067,2026-03-11T11:20:03.891000,74,,,
participant_07,1,day,Town10HD_Opt,2026-03-11T11:20:06.046314,-99.80545806884766,23.92901611328125,0.001898803631775,16.583,-12.047,0.283,0.0,0,0,1,,1.0,2026-03-11T11:20:06.046314,neutral,0.973,2026-03-11T11:20:06.046314,0.063,2026-03-11T11:20:05.871000,73,,,
participant_07,1,day,Town10HD_Opt,2026-03-11T11:20:06.996106,-96.978515625,24.658483505249023,0.0019586181733757,16.081,-6.507,0.101,0.0,0,0,1,,0.946,2026-03-11T11:20:06.996106,neutral,0.973,2026-03-11T11:20:06.046314,0.061,2026-03-11T11:20:06.861000,73,,,
participant_07,1,day,Town10HD_Opt,2026-03-11T11:20:07.958982,-94.33914184570312,25.103893280029297,0.0019491576822474,14.866,-3.766,0.257,0.0,0,0,1,,1.0,2026-03-11T11:20:07.958982,neutral,0.973,2026-03-11T11:20:06.046314,0.061,2026-03-11T11:20:07.897000,73,,,
participant_07,1,day,Town10HD_Opt,2026-03-11T11:20:08.905219,-91.71247863769533,25.525110244750977,0.001895027118735,15.643,5.163,0.27,0.0,0,0,1,,0.933,2026-03-11T11:20:08.905219,angry,0.453,2026-03-11T11:20:08.905219,0.061,2026-03-11T11:20:07.897000,73,,,
participant_07,1,day,Town10HD_Opt,2026-03-11T11:20:10.114632,-88.12738800048828,26.602996826171875,0.0019024658249691,16.55,8.778,0.269,0.0,0,0,1,,0.902,2026-03-11T11:20:10.114632,angry,0.453,2026-03-11T11:20:08.905219,0.061,2026-03-11T11:20:09.876000,73,,,
participant_07,1,day,Town10HD_Opt,2026-03-11T11:20:11.065658,-85.44769287109375,27.807085037231445,0.0019032668787986,17.069,0.437,0.265,0.0,0,0,1,,1.0,2026-03-11T11:20:11.065658,neutral,0.981,2026-03-11T11:20:11.065658,0.061,2026-03-11T11:20:10.956000,73,,,errors=Solid line crossing
participant_07,1,day,Town10HD_Opt,2026-03-11T11:20:12.048021,-82.58938598632812,28.65790557861328,0.0019311904907226,17.258,-18.694,0.264,0.0,0,0,1,,1.0,2026-03-11T11:20:12.048021,neutral,0.981,2026-03-11T11:20:11.065658,0.061,2026-03-11T11:20:11.901000,73,,,
participant_07,1,day,Town10HD_Opt,2026-03-11T11:20:13.057036,-79.55581665039062,28.82145500183105,0.0019160461379215,17.529,-4.997,0.255,0.0,0,0,1,,0.836,2026-03-11T11:20:13.057036,neutral,0.981,2026-03-11T11:20:11.065658,0.061,2026-03-11T11:20:12.891000,73,,,
participant_07,1,day,Town10HD_Opt,2026-03-11T11:20:13.971015,-76.47640991210938,28.76484107971192,0.0019128418061882,17.734,-3.158,0.272,0.0,0,0,1,,0.949,2026-03-11T11:20:13.971015,happy,0.967,2026-03-11T11:20:13.971015,0.061,2026-03-11T11:20:13.881000,74,,,errors=Solid line crossing
participant_07,1,day,Town10HD_Opt,2026-03-11T11:20:14.885542,-73.34596252441406,28.586366653442383,0.0018997192382812,17.983,-1.166,0.193,0.0,0,0,1,,0.948,2026-03-11T11:20:14.885542,happy,0.967,2026-03-11T11:20:13.971015,0.061,2026-03-11T11:20:14.871000,74,,,
participant_07,1,day,Town10HD_Opt,2026-03-11T11:20:16.099358,-69.66500854492188,28.37959671020508,0.0020417021587491,13.052,1.967,0.0,0.0,0,0,1,,0.925,2026-03-11T11:20:16.099358,neutral,0.89,2026-03-11T11:20:16.099358,0.061,2026-03-11T11:20:15.861000,74,,,
participant_07,1,day,Town10HD_Opt,2026-03-11T11:20:17.035189,-67.42443084716797,28.33313369750977,0.0017996215028688,14.826,2.148,0.519,0.0,0,0,1,,1.0,2026-03-11T11:20:17.035189,neutral,0.89,2026-03-11T11:20:16.099358,0.061,2026-03-11T11:20:17.031000,74,,,
participant_07,1,day,Town10HD_Opt,2026-03-11T11:20:18.007812,-64.4496078491211,28.354949951171875,0.0020684050396084,18.448,2.078,0.519,0.0,0,0,1,,0.897,2026-03-11T11:20:18.007812,neutral,0.89,2026-03-11T11:20:16.099358,0.061,2026-03-11T11:20:17.887000,74,,,
participant_07,1,day,Town10HD_Opt,2026-03-11T11:20:18.927197,-60.960697174072266,28.476783752441406,0.0019172286847606,22.135,-0.336,0.5,0.0,0,0,1,,0.888,2026-03-11T11:20:18.927197,neutral,0.986,2026-03-11T11:20:18.927197,0.061,2026-03-11T11:20:18.877000,75,,,
participant_07,1,day,Town10HD_Opt,2026-03-11T11:20:19.845341,-56.80263900756836,28.604108810424805,0.0019261550623923,25.744,-0.759,0.5,0.0,0,0,1,,0.869,2026-03-11T11:20:19.845341,neutral,0.986,2026-03-11T11:20:18.927197,0.061,2026-03-11T11:20:18.877000,75,,,
participant_07,1,day,Town10HD_Opt,2026-03-11T11:20:21.037058,-50.33610916137695,28.69482612609864,0.0019430541433393,29.933,-0.423,0.5,0.0,0,0,1,,0.817,2026-03-11T11:20:21.037058,neutral,0.973,2026-03-11T11:20:21.037058,0.061,2026-03-11T11:20:20.992000,77,,,
participant_07,1,day,Town10HD_Opt,2026-03-11T11:20:21.944402,-44.88222122192383,28.69111061096192,0.0019548416603356,32.647,-0.543,0.5,0.0,0,0,1,,1.0,2026-03-11T11:20:21.944402,neutral,0.973,2026-03-11T11:20:21.037058,0.061,2026-03-11T11:20:21.891000,77,,,
participant_07,1,day,Town10HD_Opt,2026-03-11T11:20:22.888041,-38.97990036010742,28.61581993103028,0.0019655989017337,34.905,-0.545,0.5,0.0,0,0,1,,0.9,2026-03-11T11:20:22.888041,neutral,0.973,2026-03-11T11:20:21.037058,0.061,2026-03-11T11:20:21.891000,77,,,
participant_07,1,day,Town10HD_Opt,2026-03-11T11:20:24.096643,-30.50929069519043,28.39793586730957,0.0019781494047492,37.746,-0.087,0.5,0.0,0,0,1,,0.85,2026-03-11T11:20:24.096643,neutral,0.942,2026-03-11T11:20:24.096643,0.061,2026-03-11T11:20:23.065000,77,,,
participant_07,1,day,Town10HD_Opt,2026-03-11T11:20:24.993724,-23.782655715942383,28.204259872436523,0.0019976424518972,39.207,0.686,0.483,0.0,0,0,1,,0.844,2026-03-11T11:20:24.993724,neutral,0.942,2026-03-11T11:20:24.096643,0.061,2026-03-11T11:20:24.906000,78,,,
participant_07,1,day,Town10HD_Opt,2026-03-11T11:20:25.899524,-16.94698143005371,28.12130355834961,0.0021524429321289,36.691,0.089,0.0,0.0,0,0,1,,0.805,2026-03-11T11:20:25.899524,neutral,0.942,2026-03-11T11:20:24.096643,0.061,2026-03-11T11:20:24.906000,78,,,
participant_07,1,day,Town10HD_Opt,2026-03-11T11:20:27.068712,-9.476394653320312,28.08313369750977,0.0022918700706213,26.456,0.134,0.0,0.0,0,0,1,,0.958,2026-03-11T11:20:27.068712,neutral,0.985,2026-03-11T11:20:27.068712,0.0,2026-03-11T11:20:26.977000,82,,,
participant_07,1,day,Town10HD_Opt,2026-03-11T11:20:27.990978,-5.346398830413818,28.07466697692871,0.0021949387155473,21.094,0.512,0.196,0.0,0,0,1,,1.0,2026-03-11T11:20:27.990978,neutral,0.985,2026-03-11T11:20:27.068712,0.0,2026-03-11T11:20:27.877000,84,,,
participant_07,1,day,Town10HD_Opt,2026-03-11T11:20:28.885130,-1.8776105642318728,28.1011905670166,0.0021271514706313,18.606,-0.035,0.199,0.0,0,0,1,,0.933,2026-03-11T11:20:28.885130,neutral,0.985,2026-03-11T11:20:27.068712,0.0,2026-03-11T11:20:28.867000,84,,,
participant_07,1,day,Town10HD_Opt,2026-03-11T11:20:30.100942,2.335268497467041,28.12898635864257,0.0019298553233966,18.093,-0.585,0.334,0.0,0,0,1,,0.921,2026-03-11T11:20:30.100942,neutral,0.996,2026-03-11T11:20:30.100942,0.0,2026-03-11T11:20:29.992000,86,,,
participant_07,1,day,Town10HD_Opt,2026-03-11T11:20:31.013079,5.507840633392334,28.12300682067871,0.0020332718268036,18.187,-0.425,0.326,0.0,0,0,1,,0.941,2026-03-11T11:20:31.013079,neutral,0.996,2026-03-11T11:20:30.100942,0.0,2026-03-11T11:20:30.891000,86,,,
participant_07,1,day,Town10HD_Opt,2026-03-11T11:20:31.915044,8.687471389770508,28.101524353027344,0.0020505904685705,18.097,-0.12,0.324,0.0,0,0,1,,0.958,2026-03-11T11:20:31.915044,neutral,0.996,2026-03-11T11:20:30.100942,0.0,2026-03-11T11:20:30.891000,86,,,
participant_07,1,day,Town10HD_Opt,2026-03-11T11:20:32.873733,11.864992141723633,28.07614517211914,0.0020384979434311,18.246,-0.056,0.324,0.0,0,0,1,,0.931,2026-03-11T11:20:32.873733,neutral,0.987,2026-03-11T11:20:32.873733,0.0,2026-03-11T11:20:32.872000,88,,,
participant_07,1,day,Town10HD_Opt,2026-03-11T11:20:34.059698,16.14552879333496,28.037466049194336,0.0020383833907544,18.457,-0.04,0.324,0.0,0,0,1,,0.87,2026-03-11T11:20:34.059698,neutral,0.987,2026-03-11T11:20:32.873733,0.0,2026-03-11T11:20:32.872000,88,,,
participant_07,1,day,Town10HD_Opt,2026-03-11T11:20:34.999197,19.386756896972656,28.02009010314941,0.0020386886317282,18.617,0.959,0.391,0.0,0,0,1,,0.94,2026-03-11T11:20:34.999197,neutral,0.979,2026-03-11T11:20:34.999197,0.0,2026-03-11T11:20:34.945000,89,,,
participant_07,2,day,Town10HD_Opt,2026-03-11T11:24:00.863152,-41.66859436035156,89.7454833984375,0.5804919004440308,21.147,1.951,0.427,0.0,0,0,1,,1.0,2026-03-11T11:24:00.863152,,,2026-03-11T11:24:00.863152,0.373,2026-03-11T11:23:59.894000,81,,,
participant_07,2,day,Town10HD_Opt,2026-03-11T11:24:05.407696,-41.65642547607422,84.50389099121094,0.0019295500824227,21.437,2.657,0.43,0.0,0,0,1,,1.0,2026-03-11T11:24:05.407696,,,2026-03-11T11:24:05.407696,0.371,2026-03-11T11:24:04.938000,78,,,
participant_07,2,day,Town10HD_Opt,2026-03-11T11:24:06.058354,-41.55411529541016,81.93209838867188,0.0019670105539262,22.928,4.433,0.432,0.0,0,0,1,,0.837,2026-03-11T11:24:06.058354,,,2026-03-11T11:24:05.407696,0.371,2026-03-11T11:24:05.923000,78,,,
participant_07,2,day,Town10HD_Opt,2026-03-11T11:24:07.056039,-40.988162994384766,77.81613159179688,0.0019896698649972,24.804,10.084,0.434,0.0,0,0,1,,1.0,2026-03-11T11:24:07.056039,,,2026-03-11T11:24:05.407696,0.371,2026-03-11T11:24:06.914000,77,,,
participant_07,2,day,Town10HD_Opt,2026-03-11T11:24:08.061478,-39.28924560546875,73.7456283569336,0.0020323561038821,26.123,19.755,0.435,0.0,0,0,1,,1.0,2026-03-11T11:24:08.061478,happy,0.754,2026-03-11T11:24:08.061478,0.371,2026-03-11T11:24:06.914000,77,,,
participant_07,2,day,Town10HD_Opt,2026-03-11T11:24:09.048467,-35.89570236206055,70.65522003173828,0.0020606613252311,27.169,22.269,0.436,0.0,0,0,1,,0.91,2026-03-11T11:24:09.048467,happy,0.754,2026-03-11T11:24:08.061478,0.371,2026-03-11T11:24:08.938000,76,,,
participant_07,2,day,Town10HD_Opt,2026-03-11T11:24:10.016865,-31.27286148071289,69.48809051513672,0.0020558929536491,28.247,18.001,0.436,0.0,0,0,1,,0.937,2026-03-11T11:24:10.016865,happy,0.754,2026-03-11T11:24:08.061478,0.371,2026-03-11T11:24:09.928000,76,,,
participant_07,2,day,Town10HD_Opt,2026-03-11T11:24:10.987932,-26.23384475708008,69.91951751708984,0.0020018767099827,29.752,-3.747,0.436,0.0,0,0,1,,0.812,2026-03-11T11:24:10.987932,neutral,0.995,2026-03-11T11:24:10.987932,0.371,2026-03-11T11:24:10.918000,77,,,
participant_07,2,day,Town10HD_Opt,2026-03-11T11:24:11.989138,-20.943248748779297,70.19319915771484,0.0020047377329319,30.979,-3.076,0.436,0.0,0,0,1,,0.912,2026-03-11T11:24:11.989138,neutral,0.995,2026-03-11T11:24:10.987932,0.371,2026-03-11T11:24:11.909000,79,,,
participant_07,2,day,Town10HD_Opt,2026-03-11T11:24:12.940315,-15.437288284301758,70.06303405761719,0.0020070648752152,32.093,0.604,0.436,0.0,0,0,1,,0.85,2026-03-11T11:24:12.940315,neutral,0.995,2026-03-11T11:24:10.987932,0.371,2026-03-11T11:24:11.909000,79,,,
participant_07,2,day,Town10HD_Opt,2026-03-11T11:24:13.870257,-9.747114181518556,69.96466827392578,0.0020115280058234,33.061,0.759,0.436,0.0,0,0,1,,0.846,2026-03-11T11:24:13.870257,neutral,0.858,2026-03-11T11:24:13.870257,0.371,2026-03-11T11:24:13.753000,80,,,
participant_07,2,day,Town10HD_Opt,2026-03-11T11:24:15.099973,-2.4751739501953125,70.00944519042969,0.0022682952694594,26.614,0.211,0.0,0.0,0,0,1,,0.842,2026-03-11T11:24:15.099973,neutral,0.858,2026-03-11T11:24:13.870257,0.371,2026-03-11T11:24:14.923000,81,,,
participant_07,2,day,Town10HD_Opt,2026-03-11T11:24:16.015309,1.6398546695709229,70.07691955566406,0.0022518921177834,20.046,0.251,0.0,0.0,0,0,1,,0.82,2026-03-11T11:24:16.015309,fear,0.544,2026-03-11T11:24:16.015309,0.371,2026-03-11T11:24:15.914000,82,,,
participant_07,2,day,Town10HD_Opt,2026-03-11T11:24:16.941464,4.749279499053955,70.14154815673828,0.0020193862728774,15.432,-0.035,0.0,0.0,0,0,1,,1.0,2026-03-11T11:24:16.941464,fear,0.544,2026-03-11T11:24:16.015309,0.371,2026-03-11T11:24:16.905000,82,,,
participant_07,2,day,Town10HD_Opt,2026-03-11T11:24:17.936485,7.155397891998291,70.18988037109375,0.0020175552926957,12.194,-0.108,0.167,0.0,0,0,1,,0.866,2026-03-11T11:24:17.936485,fear,0.544,2026-03-11T11:24:16.015309,0.371,2026-03-11T11:24:17.893000,81,,,
participant_07,2,day,Town10HD_Opt,2026-03-11T11:24:19.141704,9.962385177612305,70.24159240722656,0.0019019698956981,12.312,-0.188,0.248,0.0,0,0,1,,0.89,2026-03-11T11:24:19.141704,neutral,0.928,2026-03-11T11:24:19.141704,0.339,2026-03-11T11:24:18.973000,80,,,
participant_07,2,day,Town10HD_Opt,2026-03-11T11:24:20.061164,12.200273513793944,70.27617645263672,0.0018848800100386,13.368,-0.287,0.261,0.0,0,0,1,,0.897,2026-03-11T11:24:20.061164,neutral,0.928,2026-03-11T11:24:19.141704,0.307,2026-03-11T11:24:19.918000,79,,,
participant_07,2,day,Town10HD_Opt,2026-03-11T11:24:21.012190,14.626827239990234,70.30445861816406,0.0018831252818927,14.407,-0.289,0.27,0.0,0,0,1,,0.893,2026-03-11T11:24:21.012190,neutral,0.928,2026-03-11T11:24:19.141704,0.276,2026-03-11T11:24:20.998000,78,,,
participant_07,2,day,Town10HD_Opt,2026-03-11T11:24:21.958418,17.236021041870117,70.32471466064453,0.0018885802710428,15.407,-0.289,0.26,0.0,0,0,1,,0.88,2026-03-11T11:24:21.958418,neutral,0.901,2026-03-11T11:24:21.958418,0.246,2026-03-11T11:24:21.899000,78,,,
participant_07,2,day,Town10HD_Opt,2026-03-11T11:24:22.871644,19.820146560668945,70.33377075195312,0.002019424457103,13.063,-0.303,0.0,0.0,0,0,1,,0.84,2026-03-11T11:24:22.871644,neutral,0.901,2026-03-11T11:24:21.958418,0.246,2026-03-11T11:24:21.899000,78,,,
participant_07,2,day,Town10HD_Opt,2026-03-11T11:24:24.057856,22.223114013671875,70.333984375,0.0020437622442841,7.436,-0.214,0.0,0.124,0,0,1,,0.81,2026-03-11T11:24:24.057856,neutral,0.841,2026-03-11T11:24:24.057856,0.2,2026-03-11T11:24:23.969000,77,,,
participant_07,2,day,Town10HD_Opt,2026-03-11T11:24:24.936124,23.360918045043945,70.33177947998047,0.0019723891746252,5.647,-0.204,0.0,0.0,0,0,1,,0.914,2026-03-11T11:24:24.936124,neutral,0.841,2026-03-11T11:24:24.057856,0.176,2026-03-11T11:24:24.914000,77,,,
participant_07,2,day,Town10HD_Opt,2026-03-11T11:24:26.126015,24.48589134216309,70.32818603515625,0.0019570922013372,3.97,-0.16,0.0,0.0,0,0,1,,0.865,2026-03-11T11:24:26.126015,neutral,0.824,2026-03-11T11:24:26.126015,0.156,2026-03-11T11:24:25.904000,77,,,
participant_07,2,day,Town10HD_Opt,2026-03-11T11:24:27.139885,25.10440826416016,70.32572174072266,0.0023996734526008,2.999,-0.141,0.0,0.0,0,0,1,,0.893,2026-03-11T11:24:27.139885,neutral,0.824,2026-03-11T11:24:26.126015,0.148,2026-03-11T11:24:26.894000,77,,,
participant_07,2,day,Town10HD_Opt,2026-03-11T11:24:28.098144,25.5676383972168,70.3240737915039,0.0034996413160115,2.282,-0.12,0.0,0.0,0,0,1,,0.841,2026-03-11T11:24:28.098144,neutral,0.824,2026-03-11T11:24:26.126015,0.137,2026-03-11T11:24:27.974000,78,,,
participant_07,2,day,Town10HD_Opt,2026-03-11T11:24:29.003773,25.92171096801757,70.32215118408203,0.0019016646547243,1.746,-0.12,0.0,0.0,0,0,1,,1.0,2026-03-11T11:24:29.003773,neutral,0.876,2026-03-11T11:24:29.003773,0.16,2026-03-11T11:24:28.919000,79,,,
participant_07,2,day,Town10HD_Opt,2026-03-11T11:24:29.985174,26.19365119934082,70.32084655761719,0.0019318008562549,1.34,-0.12,0.0,0.0,0,0,1,,0.814,2026-03-11T11:24:29.985174,neutral,0.876,2026-03-11T11:24:29.003773,0.18,2026-03-11T11:24:29.909000,79,,,
participant_07,2,day,Town10HD_Opt,2026-03-11T11:24:30.954604,26.23693084716797,70.32066345214844,0.0019321822328493,0.0,-0.141,0.0,0.303,0,0,1,,1.0,2026-03-11T11:24:30.954604,neutral,0.876,2026-03-11T11:24:29.003773,0.18,2026-03-11T11:24:29.909000,79,,,
participant_07,2,day,Town10HD_Opt,2026-03-11T11:24:31.895314,26.23676490783692,70.32066345214844,0.0019155120244249,0.43,-1.819,0.463,0.0,0,0,1,,1.0,2026-03-11T11:24:31.895314,neutral,0.851,2026-03-11T11:24:31.895314,0.215,2026-03-11T11:24:31.890000,79,,,
participant_07,2,day,Town10HD_Opt,2026-03-11T11:24:33.164347,27.18358993530273,70.29133605957031,0.0017148971091955,8.25,-2.746,0.441,0.0,0,0,1,,0.837,2026-03-11T11:24:33.164347,neutral,0.851,2026-03-11T11:24:31.895314,0.223,2026-03-11T11:24:32.924000,79,,,
participant_07,2,day,Town10HD_Opt,2026-03-11T11:24:34.098384,29.05727767944336,70.18875122070312,0.0018085478805005,13.366,-4.143,0.44,0.0,0,0,1,,0.819,2026-03-11T11:24:34.098384,neutral,0.78,2026-03-11T11:24:34.098384,0.229,2026-03-11T11:24:33.914000,79,,,
participant_07,2,day,Town10HD_Opt,2026-03-11T11:24:35.030298,31.71364402770996,69.88209533691406,0.0017770766280591,17.479,-6.019,0.44,0.0,0,0,1,,1.0,2026-03-11T11:24:35.030298,neutral,0.78,2026-03-11T11:24:34.098384,0.237,2026-03-11T11:24:34.904000,80,,,
participant_07,2,day,Town10HD_Opt,2026-03-11T11:24:35.975275,34.812950134277344,69.1929931640625,0.0020201874431222,18.865,-11.18,0.44,0.0,0,0,1,,0.805,2026-03-11T11:24:35.975275,neutral,0.78,2026-03-11T11:24:34.098384,0.241,2026-03-11T11:24:35.893000,81,,,
participant_07,2,day,Town10HD_Opt,2026-03-11T11:24:36.935516,37.92391204833984,67.75324249267578,0.0020494842901825,19.894,-16.746,0.203,0.0,0,0,1,,1.0,2026-03-11T11:24:36.935516,neutral,0.909,2026-03-11T11:24:36.935516,0.233,2026-03-11T11:24:36.929000,82,,,
participant_07,2,day,Town10HD_Opt,2026-03-11T11:24:37.881186,40.4273567199707,65.57742309570312,0.002108383225277,18.265,-16.017,0.279,0.0,0,0,1,,0.829,2026-03-11T11:24:37.881186,neutral,0.909,2026-03-11T11:24:36.935516,0.233,2026-03-11T11:24:36.929000,82,,,
participant_07,2,day,Town10HD_Opt,2026-03-11T11:24:39.093969,42.61731719970703,61.96150207519531,0.00204429612495,18.199,-15.159,0.282,0.0,0,0,1,,1.0,2026-03-11T11:24:39.093969,neutral,0.818,2026-03-11T11:24:39.093969,0.222,2026-03-11T11:24:38.909000,82,,,
participant_07,2,day,Town10HD_Opt,2026-03-11T11:24:40.025872,43.51307678222656,58.91518783569336,0.0020619581919163,18.267,-10.034,0.283,0.0,0,0,1,,1.0,2026-03-11T11:24:40.025872,neutral,0.818,2026-03-11T11:24:39.093969,0.217,2026-03-11T11:24:39.898000,82,,,
participant_07,2,day,Town10HD_Opt,2026-03-11T11:24:40.923109,43.98301315307617,55.771087646484375,0.0020458984654396,18.18,-5.791,0.282,0.0,0,0,1,,0.831,2026-03-11T11:24:40.923109,neutral,0.818,2026-03-11T11:24:39.093969,0.212,2026-03-11T11:24:40.889000,82,,,
participant_07,2,day,Town10HD_Opt,2026-03-11T11:24:42.147624,44.23702239990234,51.53740692138672,0.002028465270996,18.103,-3.403,0.284,0.0,0,0,1,,0.891,2026-03-11T11:24:42.147624,neutral,0.895,2026-03-11T11:24:42.147624,0.211,2026-03-11T11:24:41.924000,83,,,
participant_07,2,day,Town10HD_Opt,2026-03-11T11:24:43.055056,44.21992111206055,48.431640625,0.0019934463780373,16.42,-2.52,0.0,0.0,0,0,1,,1.0,2026-03-11T11:24:43.055056,neutral,0.895,2026-03-11T11:24:42.147624,0.211,2026-03-11T11:24:42.914000,84,,,
participant_07,2,day,Town10HD_Opt,2026-03-11T11:24:43.956329,44.13506317138672,45.978641510009766,0.0020261763129383,11.234,-0.938,0.0,0.294,0,0,1,,0.873,2026-03-11T11:24:43.956329,neutral,0.895,2026-03-11T11:24:42.147624,0.211,2026-03-11T11:24:43.904000,84,,,
participant_07,2,day,Town10HD_Opt,2026-03-11T11:24:45.141329,44.04859161376953,43.99342727661133,0.002016830490902,6.297,-0.759,0.0,0.0,0,0,1,,0.906,2026-03-11T11:24:45.141329,neutral,0.944,2026-03-11T11:24:45.141329,0.211,2026-03-11T11:24:44.894000,84,,,
participant_07,2,day,Town10HD_Opt,2026-03-11T11:24:46.023345,44.00228500366211,43.01316452026367,0.0019641113467514,4.885,-0.548,0.0,0.0,0,0,1,,0.864,2026-03-11T11:24:46.023345,neutral,0.944,2026-03-11T11:24:45.141329,0.211,2026-03-11T11:24:46.019000,84,,,
participant_07,2,day,Town10HD_Opt,2026-03-11T11:24:46.971851,43.96725082397461,42.25303649902344,0.0019548796117305,3.629,0.501,0.035,0.0,0,0,1,,0.853,2026-03-11T11:24:46.971851,neutral,0.944,2026-03-11T11:24:45.141329,0.211,2026-03-11T11:24:46.920000,84,,,
participant_07,2,day,Town10HD_Opt,2026-03-11T11:24:47.908883,43.94648361206055,41.715965270996094,0.0019435882568359,2.652,0.757,0.03,0.0,0,0,1,,0.819,2026-03-11T11:24:47.908883,neutral,0.908,2026-03-11T11:24:47.908883,0.211,2026-03-11T11:24:46.920000,84,,,
participant_07,2,day,Town10HD_Opt,2026-03-11T11:24:49.143321,43.93793869018555,41.217098236083984,0.0019462204072624,1.487,4.282,0.016,0.0,0,0,1,,1.0,2026-03-11T11:24:49.143321,neutral,0.908,2026-03-11T11:24:47.908883,0.211,2026-03-11T11:24:47.999000,83,,,
participant_07,2,day,Town10HD_Opt,2026-03-11T11:24:50.055477,43.93898391723633,40.99751281738281,0.0019365310436114,1.018,4.497,0.036,0.0,0,0,1,,1.0,2026-03-11T11:24:50.055477,neutral,0.969,2026-03-11T11:24:50.055477,0.193,2026-03-11T11:24:49.214000,82,,,
participant_07,2,day,Town10HD_Opt,2026-03-11T11:24:50.987350,43.94033050537109,40.85365676879883,0.0019295120146125,0.592,4.497,0.035,0.0,0,0,1,,1.0,2026-03-11T11:24:50.987350,neutral,0.969,2026-03-11T11:24:50.055477,0.175,2026-03-11T11:24:50.159000,81,,,
participant_07,2,day,Town10HD_Opt,2026-03-11T11:24:51.920802,43.94156265258789,40.759464263916016,0.001926879864186,0.41,4.669,0.075,0.0,0,0,1,,1.0,2026-03-11T11:24:51.920802,neutral,0.969,2026-03-11T11:24:50.055477,0.157,2026-03-11T11:24:51.509000,79,,,
participant_07,2,day,Town10HD_Opt,2026-03-11T11:24:53.115478,43.94272994995117,40.68303680419922,0.0019216918153688,0.26,4.669,0.061,0.0,0,0,1,,1.0,2026-03-11T11:24:53.115478,neutral,0.974,2026-03-11T11:24:53.115478,0.128,2026-03-11T11:24:52.995000,79,,,
participant_07,2,day,Town10HD_Opt,2026-03-11T11:24:54.025751,43.94337844848633,40.63728332519531,0.0019002532353624,0.527,4.858,0.246,0.0,0,0,1,,1.0,2026-03-11T11:24:54.025751,neutral,0.974,2026-03-11T11:24:53.115478,0.117,2026-03-11T11:24:53.940000,82,,,
participant_07,2,day,Town10HD_Opt,2026-03-11T11:24:54.926176,43.95117568969727,40.28965759277344,0.0018345260759815,3.221,4.86,0.252,0.0,0,0,1,,1.0,2026-03-11T11:24:54.926176,neutral,0.974,2026-03-11T11:24:53.115478,0.117,2026-03-11T11:24:53.940000,82,,,
participant_07,2,day,Town10HD_Opt,2026-03-11T11:24:56.077526,44.00680541992188,39.094337463378906,0.0018078612629324,7.44,5.633,0.451,0.0,0,0,1,,1.0,2026-03-11T11:24:56.077526,neutral,0.783,2026-03-11T11:24:56.077526,0.103,2026-03-11T11:24:55.290000,84,,,
participant_07,2,day,Town10HD_Opt,2026-03-11T11:24:57.028676,44.18118667602539,37.39366912841797,0.0017692183610051,12.318,8.916,0.41,0.0,0,0,1,,1.0,2026-03-11T11:24:57.028676,neutral,0.783,2026-03-11T11:24:56.077526,0.089,2026-03-11T11:24:56.091000,87,,,
participant_07,2,day,Town10HD_Opt,2026-03-11T11:24:57.896450,44.7568359375,35.01388931274414,0.0018201827770099,15.941,19.903,0.409,0.0,0,0,1,,0.874,2026-03-11T11:24:57.896450,neutral,0.783,2026-03-11T11:24:56.077526,0.068,2026-03-11T11:24:57.043000,87,,,
participant_07,2,day,Town10HD_Opt,2026-03-11T11:24:59.044199,47.01268768310547,31.65785789489746,0.002116355812177,18.402,23.74,0.406,0.0,0,0,1,,0.846,2026-03-11T11:24:59.044199,neutral,0.811,2026-03-11T11:24:59.044199,0.047,2026-03-11T11:24:57.944000,86,,,
participant_07,2,day,Town10HD_Opt,2026-03-11T11:24:59.978370,49.77162170410156,29.903249740600582,0.0020272063557058,19.747,19.563,0.405,0.0,0,0,1,,0.868,2026-03-11T11:24:59.978370,neutral,0.811,2026-03-11T11:24:59.044199,0.044,2026-03-11T11:24:59.519000,85,,,
participant_07,2,day,Town10HD_Opt,2026-03-11T11:25:00.898376,53.20187759399414,28.849342346191406,0.0019948959816247,21.526,4.603,0.4,0.0,0,0,1,,1.0,2026-03-11T11:25:00.898376,neutral,0.811,2026-03-11T11:24:59.044199,0.041,2026-03-11T11:25:00.058000,83,,,
participant_07,2,day,Town10HD_Opt,2026-03-11T11:25:02.079742,58.2869758605957,27.63122940063477,0.0019997404888272,23.375,1.02,0.399,0.0,0,0,1,,1.0,2026-03-11T11:25:02.079742,neutral,0.992,2026-03-11T11:25:02.079742,0.035,2026-03-11T11:25:02.039000,82,,,
participant_07,2,day,Town10HD_Opt,2026-03-11T11:25:02.953557,62.37915802001953,26.7471866607666,0.0020057295914739,24.546,2.118,0.368,0.0,0,0,1,,0.805,2026-03-11T11:25:02.953557,neutral,0.992,2026-03-11T11:25:02.079742,0.025,2026-03-11T11:25:02.936000,82,,,
participant_07,2,day,Town10HD_Opt,2026-03-11T11:25:04.089417,67.84370422363281,25.84797096252441,0.0021765900310128,21.174,2.019,0.074,0.0,0,0,1,,0.865,2026-03-11T11:25:04.089417,neutral,0.831,2026-03-11T11:25:04.089417,0.015,2026-03-11T11:25:04.019000,82,,,
participant_07,2,day,Town10HD_Opt,2026-03-11T11:25:04.955095,71.17967224121094,25.46476173400879,0.0019056319724768,17.564,1.984,0.068,0.0,0,0,1,,1.0,2026-03-11T11:25:04.955095,neutral,0.831,2026-03-11T11:25:04.089417,0.015,2026-03-11T11:25:04.019000,82,,,
participant_07,2,day,Town10HD_Opt,2026-03-11T11:25:06.082815,74.68693542480469,25.19791030883789,0.0020376204047352,12.4,1.958,0.0,0.065,0,0,1,,0.89,2026-03-11T11:25:06.082815,neutral,0.831,2026-03-11T11:25:04.089417,0.002,2026-03-11T11:25:05.909000,84,,,
participant_07,2,day,Town10HD_Opt,2026-03-11T11:25:06.929600,76.55339050292969,25.11084747314453,0.0020167923066765,9.034,1.812,0.0,0.0,0,0,1,,0.921,2026-03-11T11:25:06.929600,neutral,0.798,2026-03-11T11:25:06.929600,0.002,2026-03-11T11:25:05.909000,84,,,
participant_07,2,day,Town10HD_Opt,2026-03-11T11:25:08.072248,78.35443878173828,25.05602264404297,0.0019800949376076,6.361,1.528,0.0,0.0,0,0,1,,0.887,2026-03-11T11:25:08.072248,neutral,0.798,2026-03-11T11:25:06.929600,0.002,2026-03-11T11:25:06.991000,85,,,
participant_07,2,day,Town10HD_Opt,2026-03-11T11:25:08.925143,79.34513854980469,25.03758430480957,0.0019658280070871,4.884,1.521,0.0,0.0,0,0,1,,0.907,2026-03-11T11:25:08.925143,neutral,0.798,2026-03-11T11:25:06.929600,0.002,2026-03-11T11:25:08.248000,86,,,
participant_07,2,day,Town10HD_Opt,2026-03-11T11:25:10.103553,80.31788635253906,25.027814865112305,0.0019520187051966,3.433,1.511,0.0,0.0,0,0,1,,0.941,2026-03-11T11:25:10.103553,neutral,0.98,2026-03-11T11:25:10.103553,0.004,2026-03-11T11:25:09.958000,84,,,
participant_07,2,day,Town10HD_Opt,2026-03-11T11:25:10.942746,80.85263061523438,25.025924682617188,0.0019443130586296,2.636,1.499,0.0,0.0,0,0,1,,0.939,2026-03-11T11:25:10.942746,neutral,0.98,2026-03-11T11:25:10.103553,0.004,2026-03-11T11:25:09.958000,84,,,
participant_07,2,day,Town10HD_Opt,2026-03-11T11:25:12.087350,81.3740005493164,25.02642250061035,0.0019490432459861,1.647,1.485,0.048,0.0,0,0,1,,0.922,2026-03-11T11:25:12.087350,neutral,0.98,2026-03-11T11:25:10.103553,0.008,2026-03-11T11:25:11.039000,82,,,
participant_07,2,day,Town10HD_Opt,2026-03-11T11:25:13.005895,81.62269592285156,25.027421951293945,0.0019149398431181,1.412,1.481,0.0,0.0,0,0,1,,0.918,2026-03-11T11:25:13.005895,neutral,0.994,2026-03-11T11:25:13.005895,0.014,2026-03-11T11:25:12.929000,81,,,
participant_07,2,day,Town10HD_Opt,2026-03-11T11:25:13.932292,81.84718322753906,25.02865028381348,0.001928825280629,1.11,1.358,0.0,0.0,0,0,1,,0.83,2026-03-11T11:25:13.932292,neutral,0.994,2026-03-11T11:25:13.005895,0.018,2026-03-11T11:25:13.917000,81,,,
participant_07,2,day,Town10HD_Opt,2026-03-11T11:25:15.078961,82.06830596923828,25.030311584472656,0.0019265746232122,0.781,1.405,0.0,0.0,0,0,1,,1.0,2026-03-11T11:25:15.078961,neutral,0.898,2026-03-11T11:25:15.078961,0.021,2026-03-11T11:25:14.955000,81,,,
participant_07,2,day,Town10HD_Opt,2026-03-11T11:25:15.942767,82.18994140625,25.03138542175293,0.0019248580792918,0.599,1.405,0.0,0.0,0,0,1,,1.0,2026-03-11T11:25:15.942767,neutral,0.898,2026-03-11T11:25:15.078961,0.021,2026-03-11T11:25:14.955000,81,,,
participant_07,2,day,Town10HD_Opt,2026-03-11T11:25:17.113787,82.30940246582031,25.03249168395996,0.0019229887984693,0.422,1.405,0.0,0.0,0,0,1,,0.882,2026-03-11T11:25:17.113787,neutral,0.987,2026-03-11T11:25:17.113787,0.026,2026-03-11T11:25:15.947000,81,,,
participant_07,2,day,Town10HD_Opt,2026-03-11T11:25:17.989983,82.3750991821289,25.033178329467773,0.001922111492604,0.329,1.405,0.0,0.0,0,0,1,,0.869,2026-03-11T11:25:17.989983,neutral,0.987,2026-03-11T11:25:17.113787,0.03,2026-03-11T11:25:17.114000,80,,,
participant_07,2,day,Town10HD_Opt,2026-03-11T11:25:19.093209,82.43962097167969,25.033878326416016,0.0019211958860978,0.228,1.405,0.0,0.0,0,0,1,,0.858,2026-03-11T11:25:19.093209,neutral,0.987,2026-03-11T11:25:17.113787,0.042,2026-03-11T11:25:19.007000,79,,,
participant_07,2,day,Town10HD_Opt,2026-03-11T11:25:19.935786,82.47509765625,25.03430938720703,0.001920623704791,0.175,1.405,0.0,0.0,0,0,1,,0.859,2026-03-11T11:25:19.935786,neutral,0.997,2026-03-11T11:25:19.935786,0.042,2026-03-11T11:25:19.007000,79,,,
participant_07,2,day,Town10HD_Opt,2026-03-11T11:25:21.061404,82.50994873046875,25.03468894958496,0.0019201659597456,0.123,1.405,0.0,0.0,0,0,1,,0.926,2026-03-11T11:25:21.061404,neutral,0.997,2026-03-11T11:25:19.935786,0.046,2026-03-11T11:25:20.939000,81,,,
participant_07,2,day,Town10HD_Opt,2026-03-11T11:25:21.905266,82.52912902832031,25.03494644165039,0.0019198989029973,0.095,1.405,0.0,0.0,0,0,1,,0.852,2026-03-11T11:25:21.905266,neutral,0.997,2026-03-11T11:25:19.935786,0.046,2026-03-11T11:25:20.939000,81,,,
participant_07,2,day,Town10HD_Opt,2026-03-11T11:25:23.025354,82.54796600341797,25.03512954711914,0.0019195555942133,0.067,1.405,0.0,0.0,0,0,1,,0.946,2026-03-11T11:25:23.025354,neutral,0.991,2026-03-11T11:25:23.025354,0.042,2026-03-11T11:25:22.964000,83,,,
participant_07,2,day,Town10HD_Opt,2026-03-11T11:25:24.015146,82.55831909179688,25.035274505615234,0.0019194793421775,0.051,1.424,0.0,0.0,0,0,1,,0.869,2026-03-11T11:25:24.015146,neutral,0.991,2026-03-11T11:25:23.025354,0.04,2026-03-11T11:25:23.954000,83,,,
participant_07,2,day,Town10HD_Opt,2026-03-11T11:25:24.985259,82.56626892089844,25.03542900085449,0.0019193267216905,0.039,1.499,0.0,0.0,0,0,1,,0.875,2026-03-11T11:25:24.985259,neutral,0.991,2026-03-11T11:25:23.025354,0.033,2026-03-11T11:25:24.900000,82,,,
participant_07,2,day,Town10HD_Opt,2026-03-11T11:25:25.874444,82.57238006591797,25.03558349609375,0.001919288537465,0.03,2.111,0.0,0.0,0,0,1,,1.0,2026-03-11T11:25:25.874444,neutral,0.995,2026-03-11T11:25:25.874444,0.033,2026-03-11T11:25:24.900000,82,,,
participant_07,2,day,Town10HD_Opt,2026-03-11T11:25:27.035416,82.61416625976562,25.036516189575195,0.001860580407083,1.17,3.339,0.305,0.0,0,0,1,,0.906,2026-03-11T11:25:27.035416,neutral,0.995,2026-03-11T11:25:25.874444,0.024,2026-03-11T11:25:25.937000,80,,,
participant_07,2,day,Town10HD_Opt,2026-03-11T11:25:27.917372,83.2729263305664,25.05613136291504,0.0016604994889348,8.022,2.916,0.579,0.0,0,0,1,,0.921,2026-03-11T11:25:27.917372,neutral,0.997,2026-03-11T11:25:27.917372,0.002,2026-03-11T11:25:27.915000,78,,,
participant_07,2,day,Town10HD_Opt,2026-03-11T11:25:29.112849,86.22283172607422,25.22156143188477,0.0016992187593132,17.54,2.901,0.552,0.0,0,0,1,,0.904,2026-03-11T11:25:29.112849,neutral,0.997,2026-03-11T11:25:27.917372,0.0,2026-03-11T11:25:28.904000,78,,,
participant_07,2,day,Town10HD_Opt,2026-03-11T11:25:29.990191,89.50675201416016,25.498031616210938,0.0019507217220962,20.48,-3.233,0.499,0.0,0,0,1,,0.939,2026-03-11T11:25:29.990191,neutral,0.996,2026-03-11T11:25:29.990191,0.0,2026-03-11T11:25:28.904000,78,,,
participant_07,2,day,Town10HD_Opt,2026-03-11T11:25:30.873626,93.36847686767578,25.46356201171875,0.001934242201969,24.062,-11.595,0.499,0.0,0,0,1,,0.966,2026-03-11T11:25:30.873626,neutral,0.996,2026-03-11T11:25:29.990191,0.0,2026-03-11T11:25:30.080000,78,,,
participant_07,2,day,Town10HD_Opt,2026-03-11T11:25:32.032903,98.98686981201172,23.465728759765625,0.0019837187137454,27.923,-17.588,0.499,0.0,0,0,1,,0.83,2026-03-11T11:25:32.032903,neutral,0.992,2026-03-11T11:25:32.032903,0.0,2026-03-11T11:25:31.919000,79,,,
participant_07,2,day,Town10HD_Opt,2026-03-11T11:25:32.916994,102.54901123046876,19.88290977478028,0.0019877625163644,30.37,-13.392,0.331,0.0,0,0,1,,0.91,2026-03-11T11:25:32.916994,neutral,0.992,2026-03-11T11:25:32.032903,0.0,2026-03-11T11:25:32.909000,79,,,
participant_07,2,day,Town10HD_Opt,2026-03-11T11:25:34.101328,105.146484375,13.917386054992676,0.0022299194242805,24.473,-9.571,0.328,0.0,0,0,1,,0.971,2026-03-11T11:25:34.101328,neutral,0.998,2026-03-11T11:25:34.101328,0.0,2026-03-11T11:25:33.899000,80,,,
participant_07,2,day,Town10HD_Opt,2026-03-11T11:25:35.047570,105.86516571044922,9.8390474319458,0.0020856857299804,23.12,-4.915,0.305,0.0,0,0,1,,1.0,2026-03-11T11:25:35.047570,neutral,0.998,2026-03-11T11:25:34.101328,0.0,2026-03-11T11:25:33.899000,80,,,
participant_07,2,day,Town10HD_Opt,2026-03-11T11:25:35.893011,106.18614196777344,5.870345115661621,0.0020666504278779,22.423,-2.819,0.309,0.0,0,0,1,,0.84,2026-03-11T11:25:35.893011,neutral,0.998,2026-03-11T11:25:34.101328,0.0,2026-03-11T11:25:35.114000,81,,,
participant_07,2,day,Town10HD_Opt,2026-03-11T11:25:36.999194,106.30787658691406,0.73024582862854,0.0020603942684829,21.683,-0.411,0.31,0.0,0,0,1,,0.817,2026-03-11T11:25:36.999194,neutral,0.962,2026-03-11T11:25:36.999194,0.0,2026-03-11T11:25:36.060000,82,,,
participant_07,2,day,Town10HD_Opt,2026-03-11T11:25:37.923296,106.36124420166016,-3.02115535736084,0.0020575332455337,21.227,0.611,0.311,0.0,0,0,1,,0.844,2026-03-11T11:25:37.923296,neutral,0.962,2026-03-11T11:25:36.999194,0.0,2026-03-11T11:25:37.904000,82,,,
participant_07,2,day,Town10HD_Opt,2026-03-11T11:25:39.018619,106.49718475341795,-7.908874988555908,0.0020546722225844,20.728,0.877,0.312,0.0,0,0,1,,0.878,2026-03-11T11:25:39.018619,neutral,0.982,2026-03-11T11:25:39.018619,0.0,2026-03-11T11:25:37.904000,82,,,
participant_07,2,day,Town10HD_Opt,2026-03-11T11:25:40.097960,106.73697662353516,-12.685590744018556,0.0020528030581772,20.297,0.954,0.312,0.0,0,0,1,,0.944,2026-03-11T11:25:40.097960,neutral,0.982,2026-03-11T11:25:39.018619,0.0,2026-03-11T11:25:39.929000,81,,,
participant_07,2,day,Town10HD_Opt,2026-03-11T11:25:40.952053,106.987548828125,-16.203828811645508,0.0020518111996352,20.041,0.945,0.312,0.0,0,0,1,,0.901,2026-03-11T11:25:40.952053,neutral,0.982,2026-03-11T11:25:39.018619,0.0,2026-03-11T11:25:39.929000,81,,,
participant_07,2,day,Town10HD_Opt,2026-03-11T11:25:42.029050,107.40987396240234,-20.81748962402344,0.0020505141001194,19.721,0.931,0.312,0.0,0,0,1,,0.862,2026-03-11T11:25:42.029050,neutral,0.954,2026-03-11T11:25:42.029050,0.0,2026-03-11T11:25:41.015000,81,,,
participant_07,2,day,Town10HD_Opt,2026-03-11T11:25:43.096187,107.89735412597656,-25.354591369628903,0.0020497131627053,19.444,-1.415,0.312,0.0,0,0,1,,0.865,2026-03-11T11:25:43.096187,neutral,0.954,2026-03-11T11:25:42.029050,0.0,2026-03-11T11:25:42.900000,83,,,
participant_07,2,day,Town10HD_Opt,2026-03-11T11:25:43.932601,108.10860443115234,-28.7272891998291,0.0020503615960478,19.245,-4.091,0.313,0.0,0,0,1,,0.91,2026-03-11T11:25:43.932601,neutral,0.954,2026-03-11T11:25:42.029050,0.0,2026-03-11T11:25:42.900000,83,,,
participant_07,2,day,Town10HD_Opt,2026-03-11T11:25:45.020343,108.00432586669922,-33.184600830078125,0.0020488356240093,19.045,-4.851,0.313,0.0,0,0,1,,0.945,2026-03-11T11:25:45.020343,neutral,0.985,2026-03-11T11:25:45.020343,0.0,2026-03-11T11:25:44.159000,84,,,
participant_07,2,day,Town10HD_Opt,2026-03-11T11:25:45.894693,107.5957489013672,-36.47444152832031,0.0020496367942541,18.92,-5.971,0.313,0.0,0,0,1,,0.949,2026-03-11T11:25:45.894693,neutral,0.985,2026-03-11T11:25:45.020343,0.0,2026-03-11T11:25:45.115000,84,,,
participant_07,2,day,Town10HD_Opt,2026-03-11T11:25:46.985063,106.51716613769533,-40.72343826293945,0.002049942035228,18.767,-6.535,0.314,0.0,0,0,1,,0.953,2026-03-11T11:25:46.985063,neutral,0.985,2026-03-11T11:25:45.020343,0.0,2026-03-11T11:25:46.915000,83,,,
participant_07,2,day,Town10HD_Opt,2026-03-11T11:25:47.866310,105.30205535888672,-43.775760650634766,0.0020174789242446,19.311,-6.478,0.432,0.0,0,0,1,,0.944,2026-03-11T11:25:47.866310,neutral,0.97,2026-03-11T11:25:47.866310,0.0,2026-03-11T11:25:46.915000,83,,,
participant_07,2,day,Town10HD_Opt,2026-03-11T11:25:48.960260,102.86799621582033,-48.08879470825195,0.0018215179443359,25.771,-5.971,0.875,0.0,0,0,1,,0.931,2026-03-11T11:25:48.960260,neutral,0.97,2026-03-11T11:25:47.866310,0.0,2026-03-11T11:25:48.930000,79,,,
participant_07,2,day,Town10HD_Opt,2026-03-11T11:25:50.052687,97.76221466064452,-54.36912536621094,0.0015545653877779,45.426,-4.266,1.0,0.0,0,0,1,,0.907,2026-03-11T11:25:50.052687,neutral,0.993,2026-03-11T11:25:50.052687,0.0,2026-03-11T11:25:49.919000,78,,,
participant_07,2,day,Town10HD_Opt,2026-03-11T11:25:50.899096,91.19364166259766,-60.15657043457031,0.0021006392780691,49.276,-5.229,1.0,0.0,0,0,1,,0.901,2026-03-11T11:25:50.899096,neutral,0.993,2026-03-11T11:25:50.052687,0.0,2026-03-11T11:25:49.919000,78,,,
participant_07,2,day,Town10HD_Opt,2026-03-11T11:25:52.042238,80.84230041503906,-65.18111419677734,0.0021731567103415,48.754,-5.276,0.948,0.0,0,0,1,,0.94,2026-03-11T11:25:52.042238,neutral,0.993,2026-03-11T11:25:50.052687,0.0,2026-03-11T11:25:51.900000,79,,,
participant_07,2,day,Town10HD_Opt,2026-03-11T11:25:52.926907,72.21703338623047,-66.74297332763672,0.002147369319573,49.338,-1.608,0.944,0.0,0,0,1,,0.939,2026-03-11T11:25:52.926907,neutral,0.984,2026-03-11T11:25:52.926907,0.0,2026-03-11T11:25:51.900000,79,,,
participant_07,2,day,Town10HD_Opt,2026-03-11T11:25:53.866696,63.49160003662109,-67.58177947998047,0.00217468268238,48.739,-2.148,0.945,0.0,0,0,1,,0.942,2026-03-11T11:25:53.866696,neutral,0.984,2026-03-11T11:25:52.926907,0.0,2026-03-11T11:25:53.024000,79,,,
participant_07,2,day,Town10HD_Opt,2026-03-11T11:25:55.091151,51.84069061279297,-67.71527099609375,0.0019427490187808,51.365,-0.059,0.0,0.0,0,0,1,,0.896,2026-03-11T11:25:55.091151,neutral,0.964,2026-03-11T11:25:55.091151,0.0,2026-03-11T11:25:54.915000,80,,,
participant_07,2,day,Town10HD_Opt,2026-03-11T11:25:56.023779,43.06296920776367,-67.55892944335938,0.0019892118871212,50.333,1.121,0.948,0.0,0,0,1,,0.875,2026-03-11T11:25:56.023779,neutral,0.964,2026-03-11T11:25:55.091151,0.003,2026-03-11T11:25:55.905000,80,,,
participant_07,2,day,Town10HD_Opt,2026-03-11T11:25:56.932722,34.265830993652344,-67.68601989746094,0.0020378492772579,50.407,0.157,0.943,0.0,0,0,1,,0.832,2026-03-11T11:25:56.932722,neutral,0.964,2026-03-11T11:25:55.091151,0.003,2026-03-11T11:25:55.905000,80,,,
participant_07,2,day,Town10HD_Opt,2026-03-11T11:25:58.073070,23.042123794555664,-67.8914566040039,0.0023842619266361,41.011,-0.207,0.0,0.0,0,0,1,,0.927,2026-03-11T11:25:58.073070,neutral,0.992,2026-03-11T11:25:58.073070,0.045,2026-03-11T11:25:57.930000,80,,,
participant_07,2,day,Town10HD_Opt,2026-03-11T11:25:58.970234,16.635047912597656,-67.91863250732422,0.0023324585054069,31.734,0.096,0.0,0.0,0,0,1,,0.94,2026-03-11T11:25:58.970234,neutral,0.992,2026-03-11T11:25:58.073070,0.045,2026-03-11T11:25:57.930000,80,,,
participant_07,2,day,Town10HD_Opt,2026-03-11T11:26:00.094023,10.321465492248535,-67.96007537841797,0.0022658538073301,22.089,0.045,0.0,0.0,0,0,1,,0.857,2026-03-11T11:26:00.094023,neutral,0.986,2026-03-11T11:26:00.094023,0.086,2026-03-11T11:26:00,81,,,
participant_07,2,day,Town10HD_Opt,2026-03-11T11:26:00.959008,6.9065117835998535,-67.98713684082031,0.0019255065126344,17.724,0.068,0.485,0.0,0,0,1,,0.832,2026-03-11T11:26:00.959008,neutral,0.986,2026-03-11T11:26:00.094023,0.086,2026-03-11T11:26:00,81,,,
participant_07,2,day,Town10HD_Opt,2026-03-11T11:26:02.070991,2.4185376167297363,-68.02913665771484,0.0018556975992396,22.911,0.162,0.75,0.0,0,0,1,,0.888,2026-03-11T11:26:02.070991,neutral,0.986,2026-03-11T11:26:00.094023,0.118,2026-03-11T11:26:01.935000,83,,,
participant_07,2,day,Town10HD_Opt,2026-03-11T11:26:02.896253,-2.4753096103668213,-68.09300994873047,0.001560668926686,35.917,0.181,1.0,0.0,0,0,1,,0.89,2026-03-11T11:26:02.896253,neutral,0.963,2026-03-11T11:26:02.896253,0.118,2026-03-11T11:26:01.935000,83,,,
participant_07,2,day,Town10HD_Opt,2026-03-11T11:26:04.002194,-12.967782974243164,-68.28583526611328,0.0017094803042709,52.016,-0.644,0.0,0.237,0,0,1,,0.884,2026-03-11T11:26:04.002194,neutral,0.963,2026-03-11T11:26:02.896253,0.151,2026-03-11T11:26:03.959000,85,Stop sign violation,stop_sign_id=1120,
participant_07,2,day,Town10HD_Opt,2026-03-11T11:26:05.116005,-23.71253776550293,-68.07282257080078,0.0023405456449836,39.493,0.134,0.192,0.0,0,0,1,,0.931,2026-03-11T11:26:05.116005,neutral,0.995,2026-03-11T11:26:05.116005,0.164,2026-03-11T11:26:04.949000,85,,,
participant_07,2,day,Town10HD_Opt,2026-03-11T11:26:05.981291,-30.191802978515625,-67.7920913696289,0.0021538925357162,35.403,3.377,0.492,0.0,0,0,1,,0.836,2026-03-11T11:26:05.981291,neutral,0.995,2026-03-11T11:26:05.116005,0.164,2026-03-11T11:26:04.949000,85,,,
participant_07,2,day,Town10HD_Opt,2026-03-11T11:26:07.142501,-38.7661247253418,-68.21566009521484,0.0019276046659797,39.223,-0.002,0.589,0.0,0,0,1,,0.846,2026-03-11T11:26:07.142501,neutral,0.987,2026-03-11T11:26:07.142501,0.164,2026-03-11T11:26:04.949000,85,,,
participant_07,2,day,Town10HD_Opt,2026-03-11T11:26:08.008598,-45.90364456176758,-68.66493225097656,0.0019417953444644,42.542,-0.562,0.556,0.0,0,0,1,,0.847,2026-03-11T11:26:08.008598,neutral,0.987,2026-03-11T11:26:07.142501,0.177,2026-03-11T11:26:07.157000,83,,,
participant_07,2,day,Town10HD_Opt,2026-03-11T11:26:08.869593,-53.54489517211914,-68.99908447265625,0.0019547652918845,45.008,-0.818,0.578,0.0,0,0,1,,0.83,2026-03-11T11:26:08.869593,neutral,0.987,2026-03-11T11:26:07.142501,0.194,2026-03-11T11:26:08.504000,82,,,
participant_07,2,day,Town10HD_Opt,2026-03-11T11:26:09.995952,-64.4658432006836,-69.09954071044922,0.0019602584652602,48.612,-0.557,0.578,0.0,0,0,1,,1.0,2026-03-11T11:26:09.995952,neutral,0.991,2026-03-11T11:26:09.995952,0.196,2026-03-11T11:26:09.179000,82,,,
participant_07,2,day,Town10HD_Opt,2026-03-11T11:26:11.105617,-76.05730438232422,-68.63628387451172,0.0021067427005618,49.273,-5.65,0.561,0.0,0,0,1,,0.849,2026-03-11T11:26:11.105617,neutral,0.991,2026-03-11T11:26:09.995952,0.196,2026-03-11T11:26:10.935000,83,,,
participant_07,2,day,Town10HD_Opt,2026-03-11T11:26:11.946994,-84.34764099121094,-66.56623077392578,0.0020187378395348,49.491,-7.342,0.56,0.0,0,0,1,,0.954,2026-03-11T11:26:11.946994,neutral,0.991,2026-03-11T11:26:09.995952,0.193,2026-03-11T11:26:11.925000,84,,,
participant_07,2,day,Town10HD_Opt,2026-03-11T11:26:13.091608,-94.34932708740234,-60.69673156738281,0.00205680844374,49.447,-0.898,0.58,0.0,0,0,1,,0.897,2026-03-11T11:26:13.091608,neutral,0.979,2026-03-11T11:26:13.091608,0.193,2026-03-11T11:26:11.925000,84,,,
participant_07,2,day,Town10HD_Opt,2026-03-11T11:26:13.936232,-101.19422912597656,-55.2623291015625,0.0021094130352139,49.011,-6.083,0.58,0.0,0,0,1,,0.914,2026-03-11T11:26:13.936232,neutral,0.979,2026-03-11T11:26:13.091608,0.191,2026-03-11T11:26:13.455000,84,,,errors=Solid line crossing
participant_07,2,day,Town10HD_Opt,2026-03-11T11:26:15.115195,-108.15816497802734,-46.09793472290039,0.0019956969190388,50.509,-7.375,0.0,0.0,0,0,1,,0.844,2026-03-11T11:26:15.115195,neutral,0.957,2026-03-11T11:26:15.115195,0.187,2026-03-11T11:26:14.940000,85,,,
participant_07,2,day,Town10HD_Opt,2026-03-11T11:26:16.019685,-110.87433624267578,-37.94725036621094,0.0020289230160415,49.342,-4.926,0.571,0.0,0,0,1,,0.888,2026-03-11T11:26:16.019685,neutral,0.957,2026-03-11T11:26:15.115195,0.187,2026-03-11T11:26:15.930000,84,,,
participant_07,2,day,Town10HD_Opt,2026-03-11T11:26:16.951123,-111.81173706054688,-29.26047706604004,0.0020705794449895,49.472,-1.958,0.283,0.0,0,0,1,,0.903,2026-03-11T11:26:16.951123,neutral,0.957,2026-03-11T11:26:15.115195,0.187,2026-03-11T11:26:15.930000,84,,,
participant_07,2,day,Town10HD_Opt,2026-03-11T11:26:17.873797,-111.82855224609376,-21.23359107971192,0.0023854444734752,39.971,-2.066,0.0,0.292,0,0,1,,0.801,2026-03-11T11:26:17.873797,neutral,0.971,2026-03-11T11:26:17.873797,0.187,2026-03-11T11:26:17.729000,85,,,
participant_07,2,day,Town10HD_Opt,2026-03-11T11:26:19.128940,-111.35724639892578,-13.600229263305664,0.0024037170223891,25.414,1.584,0.0,0.656,0,0,1,,0.904,2026-03-11T11:26:19.128940,neutral,0.971,2026-03-11T11:26:17.873797,0.187,2026-03-11T11:26:19.035000,85,,,
participant_07,2,day,Town10HD_Opt,2026-03-11T11:26:20.016346,-111.21424865722656,-10.063547134399414,0.002108383225277,15.191,1.37,0.0,0.551,0,0,1,,0.937,2026-03-11T11:26:20.016346,neutral,0.963,2026-03-11T11:26:20.016346,0.187,2026-03-11T11:26:19.980000,86,,,
participant_07,2,day,Town10HD_Opt,2026-03-11T11:26:20.948914,-111.14739227294922,-7.99657678604126,0.0021396256051957,8.119,-2.377,0.0,0.492,0,0,1,,0.93,2026-03-11T11:26:20.948914,neutral,0.963,2026-03-11T11:26:20.016346,0.187,2026-03-11T11:26:20.924000,86,,,
participant_07,2,day,Town10HD_Opt,2026-03-11T11:26:22.127653,-111.11153411865234,-7.370133399963379,0.0019888686947524,0.014,-1.711,0.0,0.0,0,0,1,,0.952,2026-03-11T11:26:22.127653,neutral,0.919,2026-03-11T11:26:22.127653,0.187,2026-03-11T11:26:21.915000,86,,,
participant_07,2,day,Town10HD_Opt,2026-03-11T11:26:23.074148,-111.11153411865234,-7.36697244644165,0.0019200515234842,0.155,-0.228,0.124,0.0,0,0,1,,0.896,2026-03-11T11:26:23.074148,neutral,0.919,2026-03-11T11:26:22.127653,0.187,2026-03-11T11:26:23.040000,86,,,
participant_07,2,day,Town10HD_Opt,2026-03-11T11:26:23.982296,-111.10665130615234,-7.256490230560303,0.0018455123063176,1.938,-0.197,0.232,0.0,0,0,1,,0.839,2026-03-11T11:26:23.982296,neutral,0.919,2026-03-11T11:26:22.127653,0.187,2026-03-11T11:26:23.040000,86,,,
participant_07,2,day,Town10HD_Opt,2026-03-11T11:26:24.876779,-111.08212280273438,-6.733248710632324,0.0018446350004523,4.135,-0.007,0.0,0.0,0,0,1,,1.0,2026-03-11T11:26:24.876779,fear,0.666,2026-03-11T11:26:24.876779,0.187,2026-03-11T11:26:23.985000,86,,,
participant_07,2,day,Town10HD_Opt,2026-03-11T11:26:26.063012,-111.06300354003906,-6.31973934173584,0.0019671630579978,0.0,0.031,0.0,0.113,0,0,1,,1.0,2026-03-11T11:26:26.063012,fear,0.666,2026-03-11T11:26:24.876779,0.187,2026-03-11T11:26:25.291000,86,,,
participant_07,2,day,Town10HD_Opt,2026-03-11T11:26:26.936728,-111.06300354003906,-6.319239139556885,0.0019204712007194,0.007,0.031,0.0,0.0,0,0,1,,0.949,2026-03-11T11:26:26.936728,fear,0.709,2026-03-11T11:26:26.936728,0.187,2026-03-11T11:26:25.291000,86,,,
participant_07,2,day,Town10HD_Opt,2026-03-11T11:26:28.057419,-111.06300354003906,-6.319097995758057,0.0019189452286809,0.006,0.103,0.0,0.0,0,0,1,,0.838,2026-03-11T11:26:28.057419,fear,0.709,2026-03-11T11:26:26.936728,0.187,2026-03-11T11:26:26.959000,85,,,
participant_07,2,day,Town10HD_Opt,2026-03-11T11:26:28.919559,-111.06300354003906,-6.319151401519775,0.0019187545403838,0.006,0.103,0.0,0.0,0,0,1,,1.0,2026-03-11T11:26:28.919559,fear,0.709,2026-03-11T11:26:26.936728,0.187,2026-03-11T11:26:28.529000,86,,,
participant_07,2,day,Town10HD_Opt,2026-03-11T11:26:30.062503,-111.0619125366211,-6.294613361358643,0.0018753432668745,0.825,0.162,0.135,0.0,0,0,1,,1.0,2026-03-11T11:26:30.062503,neutral,0.601,2026-03-11T11:26:30.062503,0.187,2026-03-11T11:26:28.529000,86,,,
participant_07,2,day,Town10HD_Opt,2026-03-11T11:26:30.945363,-111.05194091796876,-6.075819969177246,0.0018848037580028,1.777,0.162,0.133,0.0,0,0,1,,1.0,2026-03-11T11:26:30.945363,neutral,0.601,2026-03-11T11:26:30.062503,0.187,2026-03-11T11:26:28.529000,86,,,
participant_07,2,day,Town10HD_Opt,2026-03-11T11:26:32.087488,-111.02738189697266,-5.524852275848389,0.0018953322432935,2.797,0.162,0.099,0.0,0,0,1,,1.0,2026-03-11T11:26:32.087488,neutral,0.609,2026-03-11T11:26:32.087488,0.187,2026-03-11T11:26:28.529000,86,,,
participant_07,2,day,Town10HD_Opt,2026-03-11T11:26:32.956692,-111.00376892089844,-4.978676795959473,0.0019285201560705,2.942,0.167,0.0,0.0,0,0,1,,0.844,2026-03-11T11:26:32.956692,neutral,0.609,2026-03-11T11:26:32.087488,0.187,2026-03-11T11:26:28.529000,86,,,
participant_07,2,day,Town10HD_Opt,2026-03-11T11:26:34.117193,-110.97834014892578,-4.383879661560059,0.001939010573551,2.099,0.172,0.0,0.0,0,0,1,,0.805,2026-03-11T11:26:34.117193,neutral,0.646,2026-03-11T11:26:34.117193,0.187,2026-03-11T11:26:28.529000,86,,,
participant_07,2,day,Town10HD_Opt,2026-03-11T11:26:34.974771,-110.96453857421876,-4.056931495666504,0.001934585510753,1.61,0.176,0.0,0.0,0,0,1,,0.854,2026-03-11T11:26:34.974771,neutral,0.646,2026-03-11T11:26:34.117193,0.187,2026-03-11T11:26:28.529000,86,,,
participant_07,2,day,Town10HD_Opt,2026-03-11T11:26:35.879326,-110.95401763916016,-3.8059914112091056,0.0019309616181999,1.217,0.2,0.0,0.0,0,0,1,,1.0,2026-03-11T11:26:35.879326,neutral,0.646,2026-03-11T11:26:34.117193,0.187,2026-03-11T11:26:28.529000,86,,,
participant_07,2,day,Town10HD_Opt,2026-03-11T11:26:37.103316,-110.95004272460938,-3.71052360534668,0.0019287490285933,0.003,0.226,0.0,0.0,0,0,1,,0.806,2026-03-11T11:26:37.103316,neutral,0.987,2026-03-11T11:26:37.103316,0.187,2026-03-11T11:26:28.529000,86,Solid line crossing,Solid line crossing,
participant_07,2,day,Town10HD_Opt,2026-03-11T11:26:38.047608,-110.95004272460938,-3.709667682647705,0.001919288537465,0.0,0.226,0.0,0.0,0,0,1,,0.847,2026-03-11T11:26:38.047608,neutral,0.987,2026-03-11T11:26:37.103316,0.187,2026-03-11T11:26:28.529000,86,,,
participant_07,2,day,Town10HD_Opt,2026-03-11T11:26:38.975327,-110.95004272460938,-3.709688901901245,0.0019188689766451,0.001,0.172,0.0,0.0,0,0,1,,1.0,2026-03-11T11:26:38.975327,neutral,0.987,2026-03-11T11:26:37.103316,0.187,2026-03-11T11:26:28.529000,86,,,
participant_07,2,day,Town10HD_Opt,2026-03-11T11:26:40.127469,-110.95002746582033,-3.7093584537506095,0.0019186401041224,0.13,0.172,0.479,0.0,0,0,1,,1.0,2026-03-11T11:26:40.127469,neutral,0.92,2026-03-11T11:26:40.127469,0.187,2026-03-11T11:26:28.529000,86,,,
participant_07,2,day,Town10HD_Opt,2026-03-11T11:26:41.001446,-110.92935180664062,-3.206982374191284,0.0016378401778638,7.127,0.172,0.598,0.0,0,0,1,,0.857,2026-03-11T11:26:41.001446,neutral,0.92,2026-03-11T11:26:40.127469,0.187,2026-03-11T11:26:28.529000,86,,,
participant_07,2,day,Town10HD_Opt,2026-03-11T11:26:41.863169,-110.85098266601562,-1.224124550819397,0.0016608429141342,15.605,0.381,0.596,0.0,0,0,1,,0.81,2026-03-11T11:26:41.863169,neutral,0.92,2026-03-11T11:26:40.127469,0.187,2026-03-11T11:26:28.529000,86,,,
participant_07,2,day,Town10HD_Opt,2026-03-11T11:26:42.986031,-110.70278930664062,3.170862436294556,0.0018807982560247,22.689,-0.679,0.596,0.0,0,0,1,,0.814,2026-03-11T11:26:42.986031,neutral,0.907,2026-03-11T11:26:42.986031,0.187,2026-03-11T11:26:28.529000,86,,,
participant_07,2,day,Town10HD_Opt,2026-03-11T11:26:44.156663,-110.3208465576172,9.17096710205078,0.0018910217331722,29.206,-5.763,0.558,0.0,0,0,1,,0.953,2026-03-11T11:26:44.156663,neutral,0.907,2026-03-11T11:26:42.986031,0.187,2026-03-11T11:26:28.529000,86,,,
participant_07,2,day,Town10HD_Opt,2026-03-11T11:26:45.090318,-109.07820129394533,14.44683074951172,0.0019258117536082,33.18,-9.94,0.558,0.0,0,0,1,,1.0,2026-03-11T11:26:45.090318,neutral,0.767,2026-03-11T11:26:45.090318,0.187,2026-03-11T11:26:28.529000,86,,,
participant_07,2,day,Town10HD_Opt,2026-03-11T11:26:45.990777,-106.2144775390625,19.747690200805664,0.0020373915322124,34.741,-7.544,0.185,0.0,0,0,1,,1.0,2026-03-11T11:26:45.990777,neutral,0.767,2026-03-11T11:26:45.090318,0.187,2026-03-11T11:26:28.529000,86,,,
participant_07,2,day,Town10HD_Opt,2026-03-11T11:26:46.925233,-102.47161102294922,23.8720703125,0.0023009872529655,27.727,-13.665,0.0,0.0,0,0,1,,1.0,2026-03-11T11:26:46.925233,neutral,0.767,2026-03-11T11:26:45.090318,0.187,2026-03-11T11:26:28.529000,86,,,
participant_07,2,day,Town10HD_Opt,2026-03-11T11:26:47.872164,-98.7620620727539,25.91974830627441,0.0022934721782803,20.652,-17.763,0.0,0.0,0,0,1,,1.0,2026-03-11T11:26:47.872164,neutral,0.822,2026-03-11T11:26:47.872164,0.187,2026-03-11T11:26:28.529000,86,,,
participant_07,2,day,Town10HD_Opt,2026-03-11T11:26:49.081864,-94.59282684326172,26.65953254699707,0.0019118117634207,17.605,-4.686,0.369,0.0,0,0,1,,1.0,2026-03-11T11:26:49.081864,neutral,0.822,2026-03-11T11:26:47.872164,0.187,2026-03-11T11:26:28.529000,86,,,
participant_07,2,day,Town10HD_Opt,2026-03-11T11:26:50.037362,-91.44585418701172,26.983137130737305,0.0020445249974727,18.464,-2.292,0.426,0.0,0,0,1,,1.0,2026-03-11T11:26:50.037362,neutral,0.894,2026-03-11T11:26:50.037362,0.187,2026-03-11T11:26:28.529000,86,,,
participant_07,2,day,Town10HD_Opt,2026-03-11T11:26:50.985608,-88.0487289428711,27.224523544311523,0.0019741440191864,20.617,-0.928,0.405,0.0,0,0,1,,0.864,2026-03-11T11:26:50.985608,neutral,0.894,2026-03-11T11:26:50.037362,0.187,2026-03-11T11:26:28.529000,86,,,
participant_07,2,day,Town10HD_Opt,2026-03-11T11:26:51.904663,-84.3171157836914,27.42881774902344,0.0019997404888272,22.052,0.04,0.388,0.0,0,0,1,,1.0,2026-03-11T11:26:51.904663,neutral,0.894,2026-03-11T11:26:50.037362,0.187,2026-03-11T11:26:28.529000,86,,,
participant_07,2,day,Town10HD_Opt,2026-03-11T11:26:53.112983,-79.01067352294922,27.707950592041016,0.0020092772319912,23.502,-0.275,0.388,0.0,0,0,1,,1.0,2026-03-11T11:26:53.112983,fear,0.729,2026-03-11T11:26:53.112983,0.187,2026-03-11T11:26:28.529000,86,,,
participant_07,2,day,Town10HD_Opt,2026-03-11T11:26:54.037207,-74.85472869873047,27.90217971801757,0.0020981216803193,22.755,-0.425,0.0,0.0,0,0,1,,0.867,2026-03-11T11:26:54.037207,fear,0.729,2026-03-11T11:26:53.112983,0.187,2026-03-11T11:26:28.529000,86,,,
participant_07,2,day,Town10HD_Opt,2026-03-11T11:26:55.029713,-71.4035415649414,28.03575325012207,0.0020169448107481,16.078,-0.388,0.0,0.254,0,0,1,,0.894,2026-03-11T11:26:55.029713,fear,0.729,2026-03-11T11:26:53.112983,0.187,2026-03-11T11:26:28.529000,86,,,
participant_07,2,day,Town10HD_Opt,2026-03-11T11:26:55.981834,-69.04141235351562,28.112098693847656,0.0020859909709542,10.682,-0.273,0.0,0.208,0,0,1,,0.849,2026-03-11T11:26:55.981834,neutral,0.939,2026-03-11T11:26:55.981834,0.187,2026-03-11T11:26:28.529000,86,,,
participant_07,2,day,Town10HD_Opt,2026-03-11T11:26:56.927284,-67.51480865478516,28.1577091217041,0.0020536039955914,6.472,-0.219,0.0,0.216,0,0,1,,0.907,2026-03-11T11:26:56.927284,neutral,0.939,2026-03-11T11:26:55.981834,0.187,2026-03-11T11:26:28.529000,86,,,
participant_07,2,day,Town10HD_Opt,2026-03-11T11:26:57.923877,-67.11392974853516,28.169227600097656,0.0020250319503247,0.0,-0.219,0.0,0.145,0,0,1,,0.885,2026-03-11T11:26:57.923877,neutral,0.939,2026-03-11T11:26:55.981834,0.187,2026-03-11T11:26:28.529000,86,,,
participant_07,2,day,Town10HD_Opt,2026-03-11T11:26:58.906272,-67.11198425292969,28.16928100585937,0.0019227218581363,0.01,0.007,0.0,0.0,0,0,1,,1.0,2026-03-11T11:26:58.906272,neutral,0.8,2026-03-11T11:26:58.906272,0.187,2026-03-11T11:26:28.529000,86,,,
participant_07,2,day,Town10HD_Opt,2026-03-11T11:26:59.874531,-67.11175537109375,28.16928482055664,0.0019190978491678,0.007,0.644,0.0,0.0,0,0,1,,0.878,2026-03-11T11:26:59.874531,neutral,0.8,2026-03-11T11:26:58.906272,0.187,2026-03-11T11:26:28.529000,86,,,
participant_07,2,day,Town10HD_Opt,2026-03-11T11:27:01.083857,-67.11164093017578,28.16928482055664,0.0019189071608707,0.007,0.602,0.0,0.0,0,0,1,,1.0,2026-03-11T11:27:01.083857,fear,0.757,2026-03-11T11:27:01.083857,0.187,2026-03-11T11:26:28.529000,86,,,
participant_07,2,day,Town10HD_Opt,2026-03-11T11:27:01.985241,-67.11145782470703,28.16928100585937,0.001919021597132,0.002,0.55,0.0,0.0,0,0,1,,0.867,2026-03-11T11:27:01.985241,fear,0.757,2026-03-11T11:27:01.083857,0.187,2026-03-11T11:26:28.529000,86,,,
participant_07,2,day,Town10HD_Opt,2026-03-11T11:27:02.880043,-67.11121368408203,28.16928100585937,0.0019190978491678,0.001,0.54,0.0,0.0,0,0,1,,0.814,2026-03-11T11:27:02.880043,fear,0.757,2026-03-11T11:27:01.083857,0.187,2026-03-11T11:26:28.529000,86,,,
participant_07,2,day,Town10HD_Opt,2026-03-11T11:27:04.074643,-67.11225891113281,28.16925430297852,0.0019177626818418,0.138,0.533,0.013,0.0,0,0,1,,1.0,2026-03-11T11:27:04.074643,neutral,0.889,2026-03-11T11:27:04.074643,0.187,2026-03-11T11:26:28.529000,86,,,
participant_07,2,day,Town10HD_Opt,2026-03-11T11:27:04.989247,-67.11226654052734,28.16925048828125,0.0019149016588926,0.186,0.522,0.08,0.0,0,0,1,,0.865,2026-03-11T11:27:04.989247,neutral,0.889,2026-03-11T11:27:04.074643,0.187,2026-03-11T11:26:28.529000,86,,,
participant_07,2,day,Town10HD_Opt,2026-03-11T11:27:05.891819,-67.09720611572266,28.16976928710937,0.0019139479845762,0.291,0.522,0.078,0.0,0,0,1,,1.0,2026-03-11T11:27:05.891819,neutral,0.889,2026-03-11T11:27:04.074643,0.187,2026-03-11T11:26:28.529000,86,,,
participant_07,2,day,Town10HD_Opt,2026-03-11T11:27:07.102028,-67.00511932373047,28.17285346984864,0.0019072341965511,0.791,0.522,0.076,0.0,0,0,1,,0.854,2026-03-11T11:27:07.102028,neutral,0.794,2026-03-11T11:27:07.102028,0.187,2026-03-11T11:26:28.529000,86,,,
participant_07,2,day,Town10HD_Opt,2026-03-11T11:27:08.029200,-66.84539031982422,28.17835235595703,0.0019076155731454,1.111,0.515,0.0,0.0,0,0,1,,0.894,2026-03-11T11:27:08.029200,neutral,0.794,2026-03-11T11:27:07.102028,0.187,2026-03-11T11:26:28.529000,86,,,
participant_07,2,day,Town10HD_Opt,2026-03-11T11:27:08.951980,-66.67176055908203,28.18452262878418,0.0019267272436991,0.857,0.515,0.0,0.0,0,0,1,,0.882,2026-03-11T11:27:08.951980,neutral,0.794,2026-03-11T11:27:07.102028,0.187,2026-03-11T11:26:28.529000,86,,,
participant_07,2,day,Town10HD_Opt,2026-03-11T11:27:09.859817,-66.53828430175781,28.189327239990234,0.0019254302605986,0.658,0.515,0.0,0.0,0,0,1,,0.883,2026-03-11T11:27:09.859817,neutral,0.955,2026-03-11T11:27:09.859817,0.187,2026-03-11T11:26:28.529000,86,,,
participant_07,2,day,Town10HD_Opt,2026-03-11T11:27:11.054080,-66.40716552734375,28.19409942626953,0.0019234847277402,0.47,0.496,0.028,0.0,0,0,1,,1.0,2026-03-11T11:27:11.054080,neutral,0.955,2026-03-11T11:27:09.859817,0.187,2026-03-11T11:26:28.529000,86,,,
participant_07,2,day,Town10HD_Opt,2026-03-11T11:27:11.948309,-65.82401275634766,28.215620040893555,0.0015239715576171,10.213,0.493,1.0,0.0,0,0,1,,1.0,2026-03-11T11:27:11.948309,neutral,0.976,2026-03-11T11:27:11.948309,0.187,2026-03-11T11:26:28.529000,86,,,
participant_07,2,day,Town10HD_Opt,2026-03-11T11:27:12.875471,-62.84504318237305,28.337120056152344,0.0016903686337172,24.45,0.155,1.0,0.0,0,0,1,,0.827,2026-03-11T11:27:12.875471,neutral,0.976,2026-03-11T11:27:11.948309,0.187,2026-03-11T11:26:28.529000,86,,,
participant_07,2,day,Town10HD_Opt,2026-03-11T11:27:14.104789,-54.7689208984375,28.69083976745605,0.0015412521315738,45.685,0.179,1.0,0.0,0,0,1,,0.944,2026-03-11T11:27:14.104789,neutral,0.972,2026-03-11T11:27:14.104789,0.187,2026-03-11T11:26:28.529000,86,,,
participant_07,2,day,Town10HD_Opt,2026-03-11T11:27:15.050639,-46.039920806884766,29.08027076721192,0.0021344756241887,48.788,-0.55,0.869,0.0,0,0,1,,0.961,2026-03-11T11:27:15.050639,neutral,0.972,2026-03-11T11:27:14.104789,0.187,2026-03-11T11:26:28.529000,86,,,
participant_07,2,day,Town10HD_Opt,2026-03-11T11:27:15.990685,-37.33695602416992,29.296283721923828,0.0021113203838467,49.124,-0.656,0.73,0.0,0,0,1,,0.953,2026-03-11T11:27:15.990685,neutral,0.972,2026-03-11T11:27:14.104789,0.187,2026-03-11T11:26:28.529000,86,,,
participant_07,2,day,Town10HD_Opt,2026-03-11T11:27:16.906395,-28.61102294921875,29.27889633178711,0.0021424484439194,48.879,-0.627,0.727,0.0,0,0,1,,0.914,2026-03-11T11:27:16.906395,neutral,0.797,2026-03-11T11:27:16.906395,0.187,2026-03-11T11:26:28.529000,86,,,
participant_07,2,day,Town10HD_Opt,2026-03-11T11:27:17.900068,-19.883195877075195,29.035099029541016,0.0021400833502411,48.965,-0.498,0.727,0.0,0,0,1,,0.942,2026-03-11T11:27:17.900068,neutral,0.797,2026-03-11T11:27:16.906395,0.187,2026-03-11T11:26:28.529000,86,,,errors=Solid line crossing
participant_07,2,day,Town10HD_Opt,2026-03-11T11:27:19.110299,-8.313658714294434,28.49696159362793,0.0021125411149114,48.534,0.329,0.512,0.0,0,0,1,,1.0,2026-03-11T11:27:19.110299,happy,0.866,2026-03-11T11:27:19.110299,0.187,2026-03-11T11:26:28.529000,86,,,
participant_07,2,day,Town10HD_Opt,2026-03-11T11:27:19.999649,0.1987361162900924,28.21953582763672,0.0020387268159538,48.758,0.642,0.461,0.0,0,0,1,,1.0,2026-03-11T11:27:19.999649,happy,0.866,2026-03-11T11:27:19.110299,0.187,2026-03-11T11:26:28.529000,86,,,
participant_07,2,day,Town10HD_Opt,2026-03-11T11:27:20.897618,8.332860946655273,28.15943145751953,0.0023387908004224,41.472,0.555,0.0,0.0,0,0,1,,0.816,2026-03-11T11:27:20.897618,happy,0.866,2026-03-11T11:27:19.110299,0.187,2026-03-11T11:26:28.529000,86,,,
participant_07,2,day,Town10HD_Opt,2026-03-11T11:27:22.063418,16.62810516357422,28.29488754272461,0.0023151016794145,29.427,0.477,0.0,0.0,0,0,1,,0.805,2026-03-11T11:27:22.063418,neutral,0.891,2026-03-11T11:27:22.063418,0.187,2026-03-11T11:26:28.529000,86,,,
participant_07,2,day,Town10HD_Opt,2026-03-11T11:27:22.941459,21.198835372924805,28.4459228515625,0.0022673797793686,22.4,0.468,0.099,0.0,0,0,1,,1.0,2026-03-11T11:27:22.941459,neutral,0.891,2026-03-11T11:27:22.063418,0.187,2026-03-11T11:26:28.529000,86,,,
participant_07,2,day,Town10HD_Opt,2026-03-11T11:27:24.139129,25.85063362121582,28.69631576538086,0.0032616043463349,18.138,3.749,0.316,0.0,0,0,1,,0.928,2026-03-11T11:27:24.139129,happy,0.987,2026-03-11T11:27:24.139129,0.187,2026-03-11T11:26:28.529000,86,,,
participant_07,2,day,Town10HD_Opt,2026-03-11T11:27:25.068043,29.172163009643555,29.14360618591309,0.0022798536811023,20.39,6.497,0.48,0.0,0,0,1,,0.812,2026-03-11T11:27:25.068043,happy,0.987,2026-03-11T11:27:24.139129,0.187,2026-03-11T11:26:28.529000,86,,,
participant_07,2,day,Town10HD_Opt,2026-03-11T11:27:25.978742,32.77222442626953,30.237689971923828,0.001960601657629,22.973,13.99,0.465,0.0,0,0,1,,1.0,2026-03-11T11:27:25.978742,happy,0.987,2026-03-11T11:27:24.139129,0.187,2026-03-11T11:26:28.529000,86,,,
participant_07,2,day,Town10HD_Opt,2026-03-11T11:27:26.897519,36.27240753173828,32.53876876831055,0.0019959257915616,25.342,18.37,0.465,0.0,0,0,1,,1.0,2026-03-11T11:27:26.897519,neutral,0.76,2026-03-11T11:27:26.897519,0.187,2026-03-11T11:26:28.529000,86,,,
participant_07,2,day,Town10HD_Opt,2026-03-11T11:27:28.057832,39.41305160522461,37.79215621948242,0.002019424457103,27.984,18.312,0.465,0.0,0,0,1,,1.0,2026-03-11T11:27:28.057832,neutral,0.76,2026-03-11T11:27:26.897519,0.187,2026-03-11T11:26:28.529000,86,,,
participant_07,2,day,Town10HD_Opt,2026-03-11T11:27:28.978383,39.83138656616211,42.79832458496094,0.0019956969190388,29.761,3.987,0.0,0.0,0,0,1,,1.0,2026-03-11T11:27:28.978383,fear,0.75,2026-03-11T11:27:28.978383,0.187,2026-03-11T11:26:28.529000,86,,,errors=Solid line crossing
participant_07,2,day,Town10HD_Opt,2026-03-11T11:27:29.869988,39.81401443481445,47.51536178588867,0.0023062895052134,22.487,-8.198,0.0,0.369,0,0,1,,1.0,2026-03-11T11:27:29.869988,fear,0.75,2026-03-11T11:27:28.978383,0.187,2026-03-11T11:26:28.529000,86,,,
participant_07,2,day,Town10HD_Opt,2026-03-11T11:27:30.994169,40.09218215942383,49.74741744995117,0.0021637342870235,0.001,2.784,0.0,0.687,0,0,1,,0.874,2026-03-11T11:27:30.994169,sad,0.396,2026-03-11T11:27:30.994169,0.187,2026-03-11T11:26:28.529000,86,,,
participant_07,2,day,Town10HD_Opt,2026-03-11T11:27:32.130482,40.09226608276367,49.74803924560547,0.0019217299995943,0.135,1.688,0.156,0.0,0,0,1,,1.0,2026-03-11T11:27:32.130482,sad,0.396,2026-03-11T11:27:30.994169,0.187,2026-03-11T11:26:28.529000,86,,,
participant_07,2,day,Town10HD_Opt,2026-03-11T11:27:32.964785,40.10606384277344,49.86502456665039,0.0018286514095962,2.186,2.737,0.259,0.0,0,0,1,,0.868,2026-03-11T11:27:32.964785,sad,0.396,2026-03-11T11:27:30.994169,0.187,2026-03-11T11:26:28.529000,86,,,
participant_07,2,day,Town10HD_Opt,2026-03-11T11:27:33.907916,40.17366790771485,50.46768569946289,0.0018351363250985,5.105,2.73,0.247,0.0,0,0,1,,1.0,2026-03-11T11:27:33.907916,fear,0.398,2026-03-11T11:27:33.907916,0.187,2026-03-11T11:26:28.529000,86,,,
participant_07,2,day,Town10HD_Opt,2026-03-11T11:27:35.112964,40.29684829711914,51.72480773925781,0.0019403075566515,5.133,2.706,0.0,0.0,0,0,1,,0.849,2026-03-11T11:27:35.112964,fear,0.398,2026-03-11T11:27:33.907916,0.187,2026-03-11T11:26:28.529000,86,,,
participant_07,2,day,Town10HD_Opt,2026-03-11T11:27:36.001254,40.34309387207031,52.2722053527832,0.0021342849358916,0.0,2.706,0.0,0.0,0,0,1,,1.0,2026-03-11T11:27:36.001254,neutral,0.812,2026-03-11T11:27:36.001254,0.187,2026-03-11T11:26:28.529000,86,,,
participant_07,2,day,Town10HD_Opt,2026-03-11T11:27:36.907611,40.34407043457031,52.28474426269531,0.0019234084757044,0.087,2.659,0.0,0.0,0,0,1,,1.0,2026-03-11T11:27:36.907611,neutral,0.812,2026-03-11T11:27:36.001254,0.187,2026-03-11T11:26:28.529000,86,,,
participant_07,2,day,Town10HD_Opt,2026-03-11T11:27:37.988271,40.34539031982422,52.30136489868164,0.0019194411579519,0.062,2.351,0.0,0.0,0,0,1,,1.0,2026-03-11T11:27:37.988271,neutral,0.812,2026-03-11T11:27:36.001254,0.187,2026-03-11T11:26:28.529000,86,,,
participant_07,2,day,Town10HD_Opt,2026-03-11T11:27:39.074737,40.34634017944336,52.31306838989258,0.0019192504696547,0.045,2.346,0.0,0.0,0,0,1,,1.0,2026-03-11T11:27:39.074737,fear,0.452,2026-03-11T11:27:39.074737,0.187,2026-03-11T11:26:28.529000,86,,,
participant_07,2,day,Town10HD_Opt,2026-03-11T11:27:39.904026,40.34684371948242,52.31949615478516,0.0019192504696547,0.036,2.332,0.0,0.0,0,0,1,,1.0,2026-03-11T11:27:39.904026,fear,0.452,2026-03-11T11:27:39.074737,0.187,2026-03-11T11:26:28.529000,86,,,
participant_07,2,day,Town10HD_Opt,2026-03-11T11:27:41.007349,40.34735107421875,52.32581329345703,0.0019190978491678,0.026,2.313,0.0,0.0,0,0,1,,1.0,2026-03-11T11:27:41.007349,fear,0.452,2026-03-11T11:27:39.074737,0.187,2026-03-11T11:26:28.529000,86,,,
participant_07,2,day,Town10HD_Opt,2026-03-11T11:27:42.061996,40.34749603271485,52.32766342163086,0.0019187163561582,0.006,2.292,0.0,0.0,0,0,1,,1.0,2026-03-11T11:27:42.061996,neutral,0.943,2026-03-11T11:27:42.061996,0.187,2026-03-11T11:26:28.529000,86,,,
participant_07,2,day,Town10HD_Opt,2026-03-11T11:27:42.886672,40.3481674194336,52.33594131469727,0.001912422128953,0.148,2.266,0.0,0.0,0,0,1,,0.833,2026-03-11T11:27:42.886672,neutral,0.943,2026-03-11T11:27:42.061996,0.187,2026-03-11T11:26:28.529000,86,,,
participant_07,2,day,Town10HD_Opt,2026-03-11T11:27:44.028373,40.35054397583008,52.3656005859375,0.0019189452286809,0.134,2.254,0.0,0.0,0,0,1,,0.816,2026-03-11T11:27:44.028373,neutral,0.943,2026-03-11T11:27:42.061996,0.187,2026-03-11T11:26:28.529000,86,,,
participant_07,2,day,Town10HD_Opt,2026-03-11T11:27:45.105675,40.3524055480957,52.38885498046875,0.0019195555942133,0.092,2.245,0.0,0.0,0,0,1,,1.0,2026-03-11T11:27:45.105675,neutral,0.877,2026-03-11T11:27:45.105675,0.187,2026-03-11T11:26:28.529000,86,Harsh braking,decel_mps2=6.1,
participant_07,2,day,Town10HD_Opt,2026-03-11T11:27:45.933651,40.35314178466797,52.39800643920898,0.0019166183192282,0.099,2.238,0.0,0.0,0,0,1,,1.0,2026-03-11T11:27:45.933651,neutral,0.877,2026-03-11T11:27:45.105675,0.187,2026-03-11T11:26:28.529000,86,,,
participant_07,2,day,Town10HD_Opt,2026-03-11T11:27:47.052164,40.35511779785156,52.422733306884766,0.0019195937784388,0.095,2.235,0.0,0.0,0,0,1,,1.0,2026-03-11T11:27:47.052164,neutral,0.877,2026-03-11T11:27:45.105675,0.187,2026-03-11T11:26:28.529000,86,,,
participant_07,2,day,Town10HD_Opt,2026-03-11T11:27:47.880903,40.35624694824219,52.43695831298828,0.0019196700304746,0.073,2.205,0.0,0.0,0,0,1,,1.0,2026-03-11T11:27:47.880903,sad,0.532,2026-03-11T11:27:47.880903,0.187,2026-03-11T11:26:28.529000,86,,,
participant_07,2,day,Town10HD_Opt,2026-03-11T11:27:49.006940,40.35736846923828,52.450931549072266,0.0019194030901417,0.197,2.172,0.016,0.0,0,0,1,,1.0,2026-03-11T11:27:49.006940,sad,0.532,2026-03-11T11:27:47.880903,0.187,2026-03-11T11:26:28.529000,86,,,
participant_07,2,day,Town10HD_Opt,2026-03-11T11:27:49.870109,40.358097076416016,52.46012115478516,0.0019129562424495,0.276,2.172,0.104,0.0,0,0,1,,1.0,2026-03-11T11:27:49.870109,sad,0.532,2026-03-11T11:27:47.880903,0.187,2026-03-11T11:26:28.529000,86,,,
participant_07,2,day,Town10HD_Opt,2026-03-11T11:27:50.973369,40.37165832519531,52.62860107421875,0.0019004440400749,1.203,2.172,0.091,0.0,0,0,1,,1.0,2026-03-11T11:27:50.973369,neutral,0.365,2026-03-11T11:27:50.973369,0.187,2026-03-11T11:26:28.529000,86,,,
participant_07,2,day,Town10HD_Opt,2026-03-11T11:27:52.077519,40.398555755615234,52.9853515625,0.0019285201560705,1.429,2.139,0.0,0.0,0,0,1,,1.0,2026-03-11T11:27:52.077519,neutral,0.365,2026-03-11T11:27:50.973369,0.187,2026-03-11T11:26:28.529000,86,,,
participant_07,2,day,Town10HD_Opt,2026-03-11T11:27:52.919217,40.41443634033203,53.20741271972656,0.0019294356461614,1.098,2.139,0.0,0.0,0,0,1,,1.0,2026-03-11T11:27:52.919217,neutral,0.365,2026-03-11T11:27:50.973369,0.187,2026-03-11T11:26:28.529000,86,,,
participant_07,2,day,Town10HD_Opt,2026-03-11T11:27:53.984399,40.4294319152832,53.425594329833984,0.001926383934915,0.772,2.139,0.0,0.0,0,0,1,,1.0,2026-03-11T11:27:53.984399,neutral,0.765,2026-03-11T11:27:53.984399,0.187,2026-03-11T11:26:28.529000,86,,,
participant_07,2,day,Town10HD_Opt,2026-03-11T11:27:55.121880,40.43946075439453,53.57846450805664,0.0019004821078851,1.275,2.139,0.483,0.0,0,0,1,,1.0,2026-03-11T11:27:55.121880,neutral,0.765,2026-03-11T11:27:53.984399,0.187,2026-03-11T11:26:28.529000,86,,,
participant_07,2,day,Town10HD_Opt,2026-03-11T11:27:55.967422,40.49748992919922,54.52146911621094,0.0015222167130559,12.115,2.134,0.863,0.0,0,0,1,,0.814,2026-03-11T11:27:55.967422,neutral,0.765,2026-03-11T11:27:53.984399,0.187,2026-03-11T11:26:28.529000,86,,,
participant_07,2,day,Town10HD_Opt,2026-03-11T11:27:56.925543,40.67007446289063,57.51812362670898,0.0018730544252321,21.256,-2.508,0.636,0.0,0,0,1,,1.0,2026-03-11T11:27:56.925543,neutral,0.735,2026-03-11T11:27:56.925543,0.187,2026-03-11T11:26:28.529000,86,,,
participant_07,2,day,Town10HD_Opt,2026-03-11T11:27:57.859643,41.32776641845703,61.69907760620117,0.0018355941865593,27.857,-11.907,0.634,0.0,0,0,1,,1.0,2026-03-11T11:27:57.859643,neutral,0.735,2026-03-11T11:27:56.925543,0.187,2026-03-11T11:26:28.529000,86,,,
participant_07,2,day,Town10HD_Opt,2026-03-11T11:27:59.052434,45.089115142822266,67.79254913330078,0.0019223403651267,34.943,-19.832,0.628,0.0,0,0,1,,1.0,2026-03-11T11:27:59.052434,sad,0.691,2026-03-11T11:27:59.052434,0.187,2026-03-11T11:26:28.529000,86,,,
participant_07,2,day,Town10HD_Opt,2026-03-11T11:27:59.979891,50.91287612915039,70.39007568359375,0.0019345473265275,39.384,-12.876,0.627,0.0,0,0,1,,0.86,2026-03-11T11:27:59.979891,sad,0.691,2026-03-11T11:27:59.052434,0.187,2026-03-11T11:26:28.529000,86,,,
participant_07,2,day,Town10HD_Opt,2026-03-11T11:28:00.922619,58.14082717895508,70.58519744873047,0.0019042968051508,43.912,-2.087,0.626,0.0,0,0,1,,1.0,2026-03-11T11:28:00.922619,sad,0.691,2026-03-11T11:27:59.052434,0.187,2026-03-11T11:26:28.529000,86,,,
participant_07,2,day,Town10HD_Opt,2026-03-11T11:28:02.121766,67.9913101196289,70.09430694580078,0.0023296736180782,36.69,3.396,0.189,0.0,0,0,1,,0.906,2026-03-11T11:28:02.121766,neutral,0.924,2026-03-11T11:28:02.121766,0.187,2026-03-11T11:26:28.529000,86,,,
participant_07,2,day,Town10HD_Opt,2026-03-11T11:28:02.999638,73.98082733154297,70.39314270019531,0.0022449111565947,30.938,0.237,0.0,0.0,0,0,1,,0.821,2026-03-11T11:28:02.999638,neutral,0.924,2026-03-11T11:28:02.121766,0.187,2026-03-11T11:26:28.529000,86,,,
participant_07,2,day,Town10HD_Opt,2026-03-11T11:28:04.079010,79.98661804199219,70.78524017333984,0.0023051069583743,20.383,-1.286,0.0,0.235,0,0,1,,0.881,2026-03-11T11:28:04.079010,neutral,0.924,2026-03-11T11:28:02.121766,0.187,2026-03-11T11:26:28.529000,86,,,
participant_07,2,day,Town10HD_Opt,2026-03-11T11:28:04.902496,83.05414581298828,70.89115905761719,0.0020374679006636,14.965,-2.428,0.0,0.206,0,0,1,,0.83,2026-03-11T11:28:04.902496,fear,0.831,2026-03-11T11:28:04.902496,0.187,2026-03-11T11:26:28.529000,86,,,
participant_07,2,day,Town10HD_Opt,2026-03-11T11:28:06.029361,85.78658294677734,70.87346649169922,0.0020877073984593,8.021,-1.949,0.0,0.338,0,0,1,,0.977,2026-03-11T11:28:06.029361,fear,0.831,2026-03-11T11:28:04.902496,0.187,2026-03-11T11:26:28.529000,86,,,
participant_07,2,day,Town10HD_Opt,2026-03-11T11:28:07.107907,86.48748779296875,70.8556900024414,0.0019989013671875,0.0,-1.831,0.0,0.318,0,0,1,,0.989,2026-03-11T11:28:07.107907,neutral,0.907,2026-03-11T11:28:07.107907,0.187,2026-03-11T11:26:28.529000,86,,,
participant_07,2,day,Town10HD_Opt,2026-03-11T11:28:07.886401,86.48757934570312,70.85569763183594,0.0019224929856136,0.001,-1.76,0.0,0.0,0,0,1,,0.991,2026-03-11T11:28:07.886401,neutral,0.907,2026-03-11T11:28:07.107907,0.187,2026-03-11T11:26:28.529000,86,,,
participant_07,2,day,Town10HD_Opt,2026-03-11T11:28:08.922681,86.48758697509766,70.85569763183594,0.0019191360333934,0.0,-1.231,0.0,0.0,0,0,1,,0.96,2026-03-11T11:28:08.922681,neutral,0.907,2026-03-11T11:28:07.107907,0.187,2026-03-11T11:26:28.529000,86,,,
participant_07,2,day,Town10HD_Opt,2026-03-11T11:28:09.953134,86.79572296142578,70.84798431396484,0.0017392348963767,4.822,-0.562,0.467,0.0,0,0,1,,0.955,2026-03-11T11:28:09.953134,neutral,0.839,2026-03-11T11:28:09.953134,0.187,2026-03-11T11:26:28.529000,86,,,
participant_07,2,day,Town10HD_Opt,2026-03-11T11:28:11.016549,88.77347564697266,70.87991333007812,0.0017562865978106,12.117,8.446,0.434,0.0,0,0,1,,0.928,2026-03-11T11:28:11.016549,neutral,0.839,2026-03-11T11:28:09.953134,0.187,2026-03-11T11:26:28.529000,86,,,
participant_07,2,day,Town10HD_Opt,2026-03-11T11:28:12.108334,92.1030044555664,71.60340881347656,0.0018209075788035,17.378,21.266,0.433,0.0,0,0,1,,0.922,2026-03-11T11:28:12.108334,neutral,0.986,2026-03-11T11:28:12.108334,0.187,2026-03-11T11:26:28.529000,86,,,
participant_07,2,day,Town10HD_Opt,2026-03-11T11:28:12.904710,94.75144958496094,73.33031463623047,0.0020919798407703,18.751,25.786,0.433,0.0,0,0,1,,0.915,2026-03-11T11:28:12.904710,neutral,0.986,2026-03-11T11:28:12.108334,0.187,2026-03-11T11:26:28.529000,86,,,
participant_07,2,day,Town10HD_Opt,2026-03-11T11:28:13.976618,97.00906372070312,77.30099487304688,0.0020161818247288,21.473,20.943,0.434,0.0,0,0,1,,0.923,2026-03-11T11:28:13.976618,neutral,0.986,2026-03-11T11:28:12.108334,0.187,2026-03-11T11:26:28.529000,86,,,
participant_07,2,day,Town10HD_Opt,2026-03-11T11:28:15.038501,97.66932678222656,82.57744598388672,0.0019811247475445,24.352,3.957,0.432,0.0,0,0,1,,1.0,2026-03-11T11:28:15.038501,neutral,0.965,2026-03-11T11:28:15.038501,0.187,2026-03-11T11:26:28.529000,86,,,
participant_07,2,day,Town10HD_Opt,2026-03-11T11:28:16.108019,97.66038513183594,88.51715850830078,0.0019886780064553,26.703,3.156,0.432,0.0,0,0,1,,1.0,2026-03-11T11:28:16.108019,neutral,0.965,2026-03-11T11:28:15.038501,0.187,2026-03-11T11:26:28.529000,86,,,
participant_07,2,day,Town10HD_Opt,2026-03-11T11:28:16.943448,97.26647186279295,93.2965316772461,0.0019945143721997,28.235,2.158,0.432,0.0,0,0,1,,1.0,2026-03-11T11:28:16.943448,neutral,0.965,2026-03-11T11:28:15.038501,0.187,2026-03-11T11:26:28.529000,86,,,
participant_07,2,day,Town10HD_Opt,2026-03-11T11:28:18.086360,96.27976989746094,100.00631713867188,0.0020019530784338,29.993,2.026,0.433,0.0,0,0,1,,0.824,2026-03-11T11:28:18.086360,neutral,0.979,2026-03-11T11:28:18.086360,0.187,2026-03-11T11:26:28.529000,86,,,
participant_07,2,day,Town10HD_Opt,2026-03-11T11:28:18.916946,95.1683349609375,105.22840881347656,0.0020072173792868,31.122,2.379,0.433,0.0,0,0,1,,1.0,2026-03-11T11:28:18.916946,neutral,0.979,2026-03-11T11:28:18.086360,0.187,2026-03-11T11:26:28.529000,86,,,errors=Solid line crossing
participant_07,2,day,Town10HD_Opt,2026-03-11T11:28:19.991350,93.0244140625,112.30859375,0.0020152663346379,32.426,4.707,0.432,0.0,0,0,1,,1.0,2026-03-11T11:28:19.991350,neutral,0.979,2026-03-11T11:28:18.086360,0.187,2026-03-11T11:26:28.529000,86,,,
participant_07,2,day,Town10HD_Opt,2026-03-11T11:28:21.103210,89.49172973632812,119.07202911376952,0.0020322799682617,33.29,9.086,0.432,0.0,0,0,1,,0.906,2026-03-11T11:28:21.103210,neutral,0.947,2026-03-11T11:28:21.103210,0.187,2026-03-11T11:26:28.529000,86,,,
participant_07,2,day,Town10HD_Opt,2026-03-11T11:28:21.949062,85.42122650146484,123.24097442626952,0.0020447159186005,33.688,10.531,0.433,0.0,0,0,1,,1.0,2026-03-11T11:28:21.949062,neutral,0.947,2026-03-11T11:28:21.103210,0.187,2026-03-11T11:26:28.529000,86,,,
participant_07,2,day,Town10HD_Opt,2026-03-11T11:28:23.126571,78.44949340820312,126.98574829101562,0.0020275115966796,34.461,2.33,0.433,0.0,0,0,1,,0.833,2026-03-11T11:28:23.126571,neutral,0.972,2026-03-11T11:28:23.126571,0.187,2026-03-11T11:26:28.529000,86,,,
participant_07,2,day,Town10HD_Opt,2026-03-11T11:28:24.034108,72.73809051513672,129.03367614746094,0.0020297621376812,34.962,5.297,0.433,0.0,0,0,1,,1.0,2026-03-11T11:28:24.034108,neutral,0.972,2026-03-11T11:28:23.126571,0.187,2026-03-11T11:26:28.529000,86,,,
participant_07,2,day,Town10HD_Opt,2026-03-11T11:28:24.889052,66.71436309814453,130.2340850830078,0.0020341873168945,35.371,5.222,0.433,0.0,0,0,1,,1.0,2026-03-11T11:28:24.889052,neutral,0.972,2026-03-11T11:28:23.126571,0.187,2026-03-11T11:26:28.529000,86,,,
participant_07,2,day,Town10HD_Opt,2026-03-11T11:28:26.040922,58.42203903198242,130.35855102539062,0.0020321272313594,35.887,0.731,0.433,0.0,0,0,1,,1.0,2026-03-11T11:28:26.040922,neutral,0.933,2026-03-11T11:28:26.040922,0.187,2026-03-11T11:26:28.529000,86,,,errors=Solid line crossing
participant_07,2,day,Town10HD_Opt,2026-03-11T11:28:26.903688,52.123626708984375,129.98399353027344,0.0020317076705396,36.244,-2.287,0.433,0.0,0,0,1,,1.0,2026-03-11T11:28:26.903688,neutral,0.933,2026-03-11T11:28:26.040922,0.187,2026-03-11T11:26:28.529000,86,,,
participant_07,2,day,Town10HD_Opt,2026-03-11T11:28:28.036440,43.6220703125,130.01861572265625,0.001982040470466,36.657,-0.195,0.433,0.0,0,0,1,,1.0,2026-03-11T11:28:28.036440,neutral,0.933,2026-03-11T11:28:26.040922,0.187,2026-03-11T11:26:28.529000,86,,,
participant_07,2,day,Town10HD_Opt,2026-03-11T11:28:28.869655,37.18782806396485,130.2036895751953,0.0020333097781986,36.941,0.031,0.432,0.0,0,0,1,,1.0,2026-03-11T11:28:28.869655,neutral,0.9,2026-03-11T11:28:28.869655,0.187,2026-03-11T11:26:28.529000,86,,,
participant_07,2,day,Town10HD_Opt,2026-03-11T11:28:30.054540,28.54094696044922,130.44683837890625,0.0020354841835796,37.23,0.038,0.433,0.0,0,0,1,,1.0,2026-03-11T11:28:30.054540,neutral,0.9,2026-03-11T11:28:28.869655,0.187,2026-03-11T11:26:28.529000,86,,,
participant_07,2,day,Town10HD_Opt,2026-03-11T11:28:30.924885,22.012508392333984,130.6188507080078,0.0020365142263472,37.421,0.096,0.433,0.0,0,0,1,,0.822,2026-03-11T11:28:30.924885,neutral,0.973,2026-03-11T11:28:30.924885,0.187,2026-03-11T11:26:28.529000,86,,,
participant_07,2,day,Town10HD_Opt,2026-03-11T11:28:32.040101,13.258198738098145,130.81451416015625,0.0020367430988699,37.656,0.153,0.434,0.0,0,0,1,,1.0,2026-03-11T11:28:32.040101,neutral,0.973,2026-03-11T11:28:30.924885,0.187,2026-03-11T11:26:28.529000,86,,,
participant_07,2,day,Town10HD_Opt,2026-03-11T11:28:33.117037,4.448777198791504,130.9550323486328,0.002037429716438,37.872,0.153,0.434,0.0,0,0,1,,0.855,2026-03-11T11:28:33.117037,neutral,0.856,2026-03-11T11:28:33.117037,0.187,2026-03-11T11:26:28.529000,86,,,
participant_07,2,day,Town10HD_Opt,2026-03-11T11:28:33.960179,-2.189624309539795,131.02195739746094,0.0020383833907544,38.002,0.153,0.434,0.0,0,0,1,,1.0,2026-03-11T11:28:33.960179,neutral,0.856,2026-03-11T11:28:33.117037,0.187,2026-03-11T11:26:28.529000,86,,,
participant_07,2,day,Town10HD_Opt,2026-03-11T11:28:35.078420,-10.820920944213867,131.05715942382812,0.0021849060431122,34.203,0.71,0.171,0.151,0,0,1,,0.884,2026-03-11T11:28:35.078420,neutral,0.856,2026-03-11T11:28:33.117037,0.187,2026-03-11T11:26:28.529000,86,,,
participant_07,2,day,Town10HD_Opt,2026-03-11T11:28:35.984282,-16.26204490661621,130.9882049560547,0.0023369980044662,26.168,0.78,0.0,0.333,0,0,1,,0.855,2026-03-11T11:28:35.984282,happy,0.598,2026-03-11T11:28:35.984282,0.187,2026-03-11T11:26:28.529000,86,,,
participant_07,2,day,Town10HD_Opt,2026-03-11T11:28:37.095847,-21.115175247192383,130.82647705078125,0.00208106986247,14.621,0.658,0.0,0.392,0,0,1,,0.834,2026-03-11T11:28:37.095847,happy,0.598,2026-03-11T11:28:35.984282,0.187,2026-03-11T11:26:28.529000,86,,,
participant_07,2,day,Town10HD_Opt,2026-03-11T11:28:37.972394,-23.263500213623047,130.7252960205078,0.0020922468975186,9.619,0.663,0.0,0.251,0,0,1,,0.832,2026-03-11T11:28:37.972394,happy,0.598,2026-03-11T11:28:35.984282,0.187,2026-03-11T11:26:28.529000,86,,,
participant_07,2,day,Town10HD_Opt,2026-03-11T11:28:39.087056,-24.920988082885746,130.6376495361328,0.0020201874431222,2.975,0.67,0.0,0.129,0,0,1,,0.806,2026-03-11T11:28:39.087056,happy,0.87,2026-03-11T11:28:39.087056,0.187,2026-03-11T11:26:28.529000,86,,,
participant_07,2,day,Town10HD_Opt,2026-03-11T11:28:39.949844,-24.96979713439941,130.6347198486328,0.0019559096544981,0.002,0.592,0.0,0.0,0,0,1,,0.811,2026-03-11T11:28:39.949844,happy,0.87,2026-03-11T11:28:39.087056,0.187,2026-03-11T11:26:28.529000,86,,,
participant_07,2,day,Town10HD_Opt,2026-03-11T11:28:41.100485,-24.9705753326416,130.6347198486328,0.0019194793421775,0.002,0.592,0.0,0.0,0,0,1,,0.875,2026-03-11T11:28:41.100485,happy,0.874,2026-03-11T11:28:41.100485,0.187,2026-03-11T11:26:28.529000,86,,,
participant_07,2,day,Town10HD_Opt,2026-03-11T11:28:41.969797,-24.97079086303711,130.6347198486328,0.0019189452286809,0.0,0.592,0.0,0.0,0,0,1,,0.809,2026-03-11T11:28:41.969797,happy,0.874,2026-03-11T11:28:41.100485,0.187,2026-03-11T11:26:28.529000,86,,,
participant_07,2,day,Town10HD_Opt,2026-03-11T11:28:43.045518,-24.970855712890625,130.6347198486328,0.0019189452286809,0.001,0.592,0.0,0.0,0,0,1,,1.0,2026-03-11T11:28:43.045518,happy,0.874,2026-03-11T11:28:41.100485,0.187,2026-03-11T11:26:28.529000,86,,,
participant_07,2,day,Town10HD_Opt,2026-03-11T11:28:44.099166,-24.97092628479004,130.6347198486328,0.0019191360333934,0.001,0.58,0.0,0.0,0,0,1,,0.817,2026-03-11T11:28:44.099166,neutral,0.695,2026-03-11T11:28:44.099166,0.187,2026-03-11T11:26:28.529000,86,,,
participant_07,2,day,Town10HD_Opt,2026-03-11T11:28:44.918745,-24.97091484069824,130.6347198486328,0.0019189071608707,0.006,0.58,0.0,0.0,0,0,1,,0.85,2026-03-11T11:28:44.918745,neutral,0.695,2026-03-11T11:28:44.099166,0.187,2026-03-11T11:26:28.529000,86,,,
participant_07,2,day,Town10HD_Opt,2026-03-11T11:28:45.991576,-24.971004486083984,130.6347198486328,0.0019189071608707,0.006,0.58,0.0,0.0,0,0,1,,0.836,2026-03-11T11:28:45.991576,neutral,0.695,2026-03-11T11:28:44.099166,0.187,2026-03-11T11:26:28.529000,86,Solid line crossing,Solid line crossing,
participant_07,2,day,Town10HD_Opt,2026-03-11T11:28:47.052818,-25.040307998657227,130.63092041015625,0.0017927932785823,2.916,0.58,0.501,0.0,0,0,1,,0.853,2026-03-11T11:28:47.052818,neutral,0.976,2026-03-11T11:28:47.052818,0.187,2026-03-11T11:26:28.529000,86,,,
participant_07,2,day,Town10HD_Opt,2026-03-11T11:28:47.919026,-26.06217384338379,130.57461547851562,0.0016622924013063,9.728,0.58,0.548,0.0,0,0,1,,1.0,2026-03-11T11:28:47.919026,neutral,0.976,2026-03-11T11:28:47.052818,0.187,2026-03-11T11:26:28.529000,86,,,
participant_07,2,day,Town10HD_Opt,2026-03-11T11:28:49.003368,-29.4065170288086,130.349609375,0.001891097985208,18.564,2.539,0.542,0.0,0,0,1,,0.812,2026-03-11T11:28:49.003368,neutral,0.976,2026-03-11T11:28:47.052818,0.187,2026-03-11T11:26:28.529000,86,,,
participant_07,2,day,Town10HD_Opt,2026-03-11T11:28:50.113204,-34.02224349975586,129.51463317871094,0.0019879913888871,21.624,12.296,0.0,0.0,0,0,1,,0.87,2026-03-11T11:28:50.113204,happy,0.978,2026-03-11T11:28:50.113204,0.212,2026-03-11T11:28:49.952000,81,,,
participant_07,2,day,Town10HD_Opt,2026-03-11T11:28:50.959890,-37.10035705566406,128.0681610107422,0.0019536209292709,16.852,14.813,0.0,0.0,0,0,1,,1.0,2026-03-11T11:28:50.959890,happy,0.978,2026-03-11T11:28:50.113204,0.236,2026-03-11T11:28:50.942000,81,,,
participant_07,2,day,Town10HD_Opt,2026-03-11T11:28:52.086657,-39.63406753540039,125.82503509521484,0.002044181805104,12.008,15.563,0.0,0.0,0,0,1,,0.811,2026-03-11T11:28:52.086657,happy,0.978,2026-03-11T11:28:50.113204,0.261,2026-03-11T11:28:51.931000,81,,,
participant_07,2,day,Town10HD_Opt,2026-03-11T11:28:52.926007,-40.73004150390625,124.318603515625,0.0020135878585278,9.087,16.079,0.0,0.0,0,0,1,,1.0,2026-03-11T11:28:52.926007,happy,0.614,2026-03-11T11:28:52.926007,0.261,2026-03-11T11:28:51.931000,81,,,
participant_07,2,day,Town10HD_Opt,2026-03-11T11:28:53.879512,-41.39935302734375,123.04878997802734,0.0019615553319454,8.044,16.302,0.461,0.0,0,0,1,,1.0,2026-03-11T11:28:53.879512,happy,0.614,2026-03-11T11:28:52.926007,0.279,2026-03-11T11:28:52.970000,80,,,
participant_07,2,day,Town10HD_Opt,2026-03-11T11:28:55.100578,-42.261844635009766,120.29000091552734,0.001648788456805,18.656,16.836,0.675,0.0,0,0,1,,1.0,2026-03-11T11:28:55.100578,happy,0.824,2026-03-11T11:28:55.100578,0.314,2026-03-11T11:28:54.946000,80,,,
participant_07,2,day,Town10HD_Opt,2026-03-11T11:28:56.000791,-42.45444869995117,116.65705108642578,0.001840095501393,24.573,11.742,0.586,0.0,0,0,1,,1.0,2026-03-11T11:28:56.000791,happy,0.824,2026-03-11T11:28:55.100578,0.314,2026-03-11T11:28:54.946000,80,,,
participant_07,2,day,Town10HD_Opt,2026-03-11T11:28:56.974314,-41.84603118896485,111.95230102539062,0.0018761062528938,29.955,-0.759,0.565,0.0,0,0,1,,1.0,2026-03-11T11:28:56.974314,happy,0.824,2026-03-11T11:28:55.100578,0.339,2026-03-11T11:28:56.076000,81,,,
participant_07,2,day,Town10HD_Opt,2026-03-11T11:28:58.141692,-41.2165412902832,104.38829040527344,0.0019123458769172,35.482,-1.695,0.563,0.0,0,0,1,,1.0,2026-03-11T11:28:58.141692,happy,0.515,2026-03-11T11:28:58.141692,0.395,2026-03-11T11:28:57.917000,81,,,
participant_07,2,day,Town10HD_Opt,2026-03-11T11:28:59.003619,-41.19625473022461,97.89735412597656,0.0019443893106654,38.575,0.623,0.251,0.0,0,0,1,,1.0,2026-03-11T11:28:59.003619,happy,0.515,2026-03-11T11:28:58.141692,0.395,2026-03-11T11:28:57.917000,81,,,
participant_07,2,day,Town10HD_Opt,2026-03-11T11:28:59.875904,-41.11490631103516,91.63091278076172,0.0022932814899832,31.474,0.385,0.186,0.0,0,0,1,,0.863,2026-03-11T11:28:59.875904,happy,0.515,2026-03-11T11:28:58.141692,0.419,2026-03-11T11:28:59.132000,81,,,
participant_08,1,day,Town10HD_Opt,2026-03-11T14:54:56.772839,-41.66858673095703,89.7454833984375,0.580491840839386,5.416,0.28,0.544,0.0,0,0,1,,1.0,2026-03-11T14:54:56.772839,,,2026-03-11T14:54:56.772839,0.651,2026-03-11T14:54:56.390000,73,,,
participant_08,1,day,Town10HD_Opt,2026-03-11T14:55:01.279232,-41.66866302490234,89.58567810058594,0.0014860915252938,7.283,0.28,0.544,0.0,0,0,1,,0.84,2026-03-11T14:55:01.279232,,,2026-03-11T14:55:01.279232,0.669,2026-03-11T14:55:00.396000,74,,,
participant_08,1,day,Town10HD_Opt,2026-03-11T14:55:01.895381,-41.668235778808594,88.42108154296875,0.0016098403139039,13.092,0.266,0.536,0.0,0,0,1,,0.81,2026-03-11T14:55:01.895381,,,2026-03-11T14:55:01.279232,0.673,2026-03-11T14:55:01.476000,73,,,
participant_08,1,day,Town10HD_Opt,2026-03-11T14:55:02.798736,-41.66260528564453,85.66874694824219,0.0018717574421316,18.368,1.159,0.37,0.0,0,0,1,,1.0,2026-03-11T14:55:02.798736,,,2026-03-11T14:55:01.279232,0.676,2026-03-11T14:55:02.421000,72,,,
participant_08,1,day,Town10HD_Opt,2026-03-11T14:55:03.964244,-41.44757843017578,81.41230010986328,0.0020309067331254,18.54,7.237,0.344,0.0,0,0,1,,1.0,2026-03-11T14:55:03.964244,neutral,0.668,2026-03-11T14:55:03.964244,0.677,2026-03-11T14:55:03.410000,72,,,
participant_08,1,day,Town10HD_Opt,2026-03-11T14:55:04.838192,-40.73552322387695,78.2264404296875,0.0020409773569554,19.005,14.494,0.359,0.0,0,0,1,,1.0,2026-03-11T14:55:04.838192,neutral,0.668,2026-03-11T14:55:03.964244,0.676,2026-03-11T14:55:04.400000,73,,,
participant_08,1,day,Town10HD_Opt,2026-03-11T14:55:06.000660,-38.53553771972656,74.30077362060547,0.0020380020141601,19.912,14.8,0.359,0.0,0,0,1,,1.0,2026-03-11T14:55:06.000660,neutral,0.808,2026-03-11T14:55:06.000660,0.672,2026-03-11T14:55:05.435000,76,,,
participant_08,1,day,Town10HD_Opt,2026-03-11T14:55:06.952074,-35.9909782409668,71.8780517578125,0.0020416639745235,20.509,15.176,0.36,0.0,0,0,1,,1.0,2026-03-11T14:55:06.952074,neutral,0.808,2026-03-11T14:55:06.000660,0.671,2026-03-11T14:55:06.425000,78,,,
participant_08,1,day,Town10HD_Opt,2026-03-11T14:55:07.872494,-32.80093002319336,70.17971801757812,0.0020392609294503,21.122,15.349,0.378,0.0,0,0,1,,0.823,2026-03-11T14:55:07.872494,neutral,0.808,2026-03-11T14:55:06.000660,0.672,2026-03-11T14:55:07.460000,81,,,
participant_08,1,day,Town10HD_Opt,2026-03-11T14:55:08.811487,-29.13260269165039,69.38675689697266,0.0020311356056481,22.05,12.961,0.378,0.0,0,0,1,,1.0,2026-03-11T14:55:08.811487,neutral,0.98,2026-03-11T14:55:08.811487,0.672,2026-03-11T14:55:08.408000,82,,,errors=Solid line crossing
participant_08,1,day,Town10HD_Opt,2026-03-11T14:55:10.013310,-23.87496566772461,69.53799438476562,0.0020178603008389,23.157,-2.8,0.377,0.0,0,0,1,,1.0,2026-03-11T14:55:10.013310,neutral,0.98,2026-03-11T14:55:08.811487,0.672,2026-03-11T14:55:09.395000,81,,,
participant_08,1,day,Town10HD_Opt,2026-03-11T14:55:10.905539,-19.76375198364257,69.52962493896484,0.0020214843098074,23.881,0.296,0.374,0.0,0,0,1,,1.0,2026-03-11T14:55:10.905539,neutral,0.71,2026-03-11T14:55:10.905539,0.672,2026-03-11T14:55:10.566000,81,,,
participant_08,1,day,Town10HD_Opt,2026-03-11T14:55:11.798481,-15.53610897064209,69.49626922607422,0.002023696899414,24.454,0.512,0.375,0.0,0,0,1,,1.0,2026-03-11T14:55:11.798481,neutral,0.71,2026-03-11T14:55:10.905539,0.672,2026-03-11T14:55:11.466000,80,,,
participant_08,1,day,Town10HD_Opt,2026-03-11T14:55:12.977388,-9.741596221923828,69.48806762695312,0.0020258713047951,25.221,0.611,0.376,0.0,0,0,1,,1.0,2026-03-11T14:55:12.977388,sad,0.692,2026-03-11T14:55:12.977388,0.672,2026-03-11T14:55:12.456000,79,,,
participant_08,1,day,Town10HD_Opt,2026-03-11T14:55:13.878727,-5.289544582366943,69.5500259399414,0.0020278547890484,25.703,0.54,0.376,0.0,0,0,1,,1.0,2026-03-11T14:55:13.878727,sad,0.692,2026-03-11T14:55:12.977388,0.672,2026-03-11T14:55:13.401000,79,,,
participant_08,1,day,Town10HD_Opt,2026-03-11T14:55:14.765820,-0.7588830590248108,69.6714859008789,0.002029571449384,26.128,0.437,0.376,0.0,0,0,1,,1.0,2026-03-11T14:55:14.765820,sad,0.692,2026-03-11T14:55:12.977388,0.672,2026-03-11T14:55:14.436000,78,,,
participant_08,1,day,Town10HD_Opt,2026-03-11T14:55:15.987866,5.358680725097656,69.87349700927734,0.002095756586641,25.425,0.007,0.312,0.0,0,0,1,,1.0,2026-03-11T14:55:15.987866,sad,0.566,2026-03-11T14:55:15.987866,0.672,2026-03-11T14:55:15.471000,78,,,
participant_08,1,day,Town10HD_Opt,2026-03-11T14:55:16.919801,9.711309432983398,70.01024627685547,0.0020648192148655,24.539,-0.548,0.333,0.0,0,0,1,,0.836,2026-03-11T14:55:16.919801,sad,0.566,2026-03-11T14:55:15.987866,0.654,2026-03-11T14:55:16.416000,76,,,
participant_08,1,day,Town10HD_Opt,2026-03-11T14:55:17.850131,13.791876792907717,70.08642578125,0.0022057723253965,20.585,-0.797,0.0,0.0,0,0,1,,1.0,2026-03-11T14:55:17.850131,sad,0.566,2026-03-11T14:55:15.987866,0.635,2026-03-11T14:55:17.541000,73,,,
participant_08,1,day,Town10HD_Opt,2026-03-11T14:55:19.040867,17.882728576660156,70.08063507080078,0.0020393752492964,14.512,-0.801,0.0,0.0,0,0,1,,1.0,2026-03-11T14:55:19.040867,sad,0.604,2026-03-11T14:55:19.040867,0.616,2026-03-11T14:55:18.621000,72,,,
participant_08,1,day,Town10HD_Opt,2026-03-11T14:55:19.991709,20.138851165771484,70.04419708251953,0.0020314787980169,11.012,-0.712,0.0,0.037,0,0,1,,1.0,2026-03-11T14:55:19.991709,sad,0.604,2026-03-11T14:55:19.040867,0.595,2026-03-11T14:55:19.431000,72,,,
participant_08,1,day,Town10HD_Opt,2026-03-11T14:55:20.859567,21.822900772094727,70.01146697998047,0.0020138549152761,8.039,-0.228,0.0,0.035,0,0,1,,1.0,2026-03-11T14:55:20.859567,sad,0.604,2026-03-11T14:55:19.040867,0.576,2026-03-11T14:55:20.422000,72,,,
participant_08,1,day,Town10HD_Opt,2026-03-11T14:55:22.008091,23.18071746826172,69.98280334472656,0.0023498916998505,0.001,-0.296,0.0,0.057,0,0,1,,1.0,2026-03-11T14:55:22.008091,neutral,0.97,2026-03-11T14:55:22.008091,0.556,2026-03-11T14:55:21.411000,72,,,
participant_08,1,day,Town10HD_Opt,2026-03-11T14:55:22.913468,23.18136405944824,69.9827880859375,0.0019358824938535,0.01,-0.327,0.0,0.0,0,0,1,,1.0,2026-03-11T14:55:22.913468,neutral,0.97,2026-03-11T14:55:22.008091,0.537,2026-03-11T14:55:22.401000,72,,,
participant_08,1,day,Town10HD_Opt,2026-03-11T14:55:23.804871,23.18128776550293,69.9827880859375,0.0019188689766451,0.14,-0.352,0.271,0.0,0,0,1,,1.0,2026-03-11T14:55:23.804871,neutral,0.97,2026-03-11T14:55:22.008091,0.519,2026-03-11T14:55:23.481000,71,,,
participant_08,1,day,Town10HD_Opt,2026-03-11T14:55:24.902825,23.684919357299805,69.97058868408203,0.0017329406691715,5.925,-0.463,0.464,0.0,0,0,1,,0.855,2026-03-11T14:55:24.902825,neutral,0.444,2026-03-11T14:55:24.902825,0.503,2026-03-11T14:55:24.471000,70,,,
participant_08,1,day,Town10HD_Opt,2026-03-11T14:55:25.764432,25.217432022094727,69.9263916015625,0.0017270278185606,11.957,-0.768,0.479,0.0,0,0,1,,1.0,2026-03-11T14:55:25.764432,neutral,0.444,2026-03-11T14:55:24.902825,0.487,2026-03-11T14:55:25.415000,70,,,
participant_08,1,day,Town10HD_Opt,2026-03-11T14:55:26.915532,28.73175048828125,69.70341491699219,0.0018199919722974,18.368,-6.047,0.469,0.0,0,0,1,,1.0,2026-03-11T14:55:26.915532,neutral,0.472,2026-03-11T14:55:26.915532,0.492,2026-03-11T14:55:26.405000,70,,,
participant_08,1,day,Town10HD_Opt,2026-03-11T14:55:27.813104,31.95879173278809,69.10538482666016,0.0019747160840779,20.045,-10.0,0.466,0.0,0,0,1,,1.0,2026-03-11T14:55:27.813104,neutral,0.472,2026-03-11T14:55:26.915532,0.499,2026-03-11T14:55:27.440000,69,,,
participant_08,1,day,Town10HD_Opt,2026-03-11T14:55:28.942090,36.61026763916016,67.10978698730469,0.0019691085908561,23.699,-11.501,0.459,0.0,0,0,1,,1.0,2026-03-11T14:55:28.942090,neutral,0.474,2026-03-11T14:55:28.942090,0.507,2026-03-11T14:55:28.431000,69,,,
participant_08,1,day,Town10HD_Opt,2026-03-11T14:55:29.814425,39.9708251953125,64.40412902832031,0.0022927473764866,26.036,-12.609,0.459,0.0,0,0,1,,1.0,2026-03-11T14:55:29.814425,neutral,0.474,2026-03-11T14:55:28.942090,0.517,2026-03-11T14:55:29.421000,69,,,
participant_08,1,day,Town10HD_Opt,2026-03-11T14:55:30.918241,43.34713745117188,59.07489776611328,0.0020084381103515,28.42,-12.517,0.367,0.0,0,0,1,phone_call,0.84,2026-03-11T14:55:30.918241,neutral,0.474,2026-03-11T14:55:28.942090,0.525,2026-03-11T14:55:30.411000,69,,,
participant_08,1,day,Town10HD_Opt,2026-03-11T14:55:31.763656,44.42708206176758,54.35591125488281,0.0022007368970662,25.408,-9.837,0.0,0.0,0,0,1,,1.0,2026-03-11T14:55:31.763656,sad,0.498,2026-03-11T14:55:31.763656,0.537,2026-03-11T14:55:31.401000,68,,,
participant_08,1,day,Town10HD_Opt,2026-03-11T14:55:32.868649,44.581878662109375,49.3406982421875,0.0020669174846261,17.594,0.602,0.0,0.0,0,0,1,,1.0,2026-03-11T14:55:32.868649,sad,0.498,2026-03-11T14:55:31.763656,0.544,2026-03-11T14:55:32.616000,68,,,
participant_08,1,day,Town10HD_Opt,2026-03-11T14:55:33.973318,44.60707473754883,45.77680206298828,0.0020161818247288,13.041,-2.878,0.055,0.0,0,0,1,,1.0,2026-03-11T14:55:33.973318,fear,0.48,2026-03-11T14:55:33.973318,0.55,2026-03-11T14:55:33.516000,67,,,errors=Solid line crossing
participant_08,1,day,Town10HD_Opt,2026-03-11T14:55:34.841885,44.53456878662109,43.67680740356445,0.0019709777552634,11.208,-0.355,0.214,0.0,0,0,1,,1.0,2026-03-11T14:55:34.841885,fear,0.48,2026-03-11T14:55:33.973318,0.556,2026-03-11T14:55:34.416000,69,,,
participant_08,1,day,Town10HD_Opt,2026-03-11T14:55:35.942715,44.49665832519531,40.72887802124024,0.0018098830478265,14.985,6.623,0.365,0.0,0,0,1,,1.0,2026-03-11T14:55:35.942715,fear,0.48,2026-03-11T14:55:33.973318,0.559,2026-03-11T14:55:35.406000,70,,,
participant_08,1,day,Town10HD_Opt,2026-03-11T14:55:36.776728,44.83572006225586,37.93071365356445,0.0018473434029147,17.442,10.531,0.363,0.0,0,0,1,,1.0,2026-03-11T14:55:36.776728,neutral,0.731,2026-03-11T14:55:36.776728,0.561,2026-03-11T14:55:36.396000,70,,,
participant_08,1,day,Town10HD_Opt,2026-03-11T14:55:37.974936,46.243431091308594,33.96868896484375,0.0020610045175999,18.34,17.656,0.349,0.0,0,0,1,,1.0,2026-03-11T14:55:37.974936,neutral,0.731,2026-03-11T14:55:36.776728,0.561,2026-03-11T14:55:37.430000,70,,,
participant_08,1,day,Town10HD_Opt,2026-03-11T14:55:38.801517,48.25851058959961,31.383180618286133,0.0020483017433434,19.132,19.451,0.357,0.0,0,0,1,,1.0,2026-03-11T14:55:38.801517,neutral,0.92,2026-03-11T14:55:38.801517,0.56,2026-03-11T14:55:38.421000,72,,,
participant_08,1,day,Town10HD_Opt,2026-03-11T14:55:39.891441,52.15290069580078,29.00978660583496,0.0020545576699078,20.064,19.039,0.343,0.0,0,0,1,,1.0,2026-03-11T14:55:39.891441,neutral,0.92,2026-03-11T14:55:38.801517,0.56,2026-03-11T14:55:39.410000,73,,,
participant_08,1,day,Town10HD_Opt,2026-03-11T14:55:40.991844,56.84136581420898,28.02979278564453,0.0020304487552493,20.895,2.572,0.316,0.0,0,0,1,,1.0,2026-03-11T14:55:40.991844,happy,0.985,2026-03-11T14:55:40.991844,0.56,2026-03-11T14:55:40.402000,74,,,
participant_08,1,day,Town10HD_Opt,2026-03-11T14:55:41.881924,60.425140380859375,27.324228286743164,0.0020598601549863,20.491,-0.085,0.29,0.0,0,0,1,,1.0,2026-03-11T14:55:41.881924,happy,0.985,2026-03-11T14:55:40.991844,0.556,2026-03-11T14:55:41.436000,74,,,
participant_08,1,day,Town10HD_Opt,2026-03-11T14:55:42.965847,64.97832489013672,26.45467185974121,0.0021127318032085,18.382,5.004,0.201,0.0,0,0,1,,1.0,2026-03-11T14:55:42.965847,happy,0.985,2026-03-11T14:55:40.991844,0.556,2026-03-11T14:55:42.426000,74,,,
participant_08,1,day,Town10HD_Opt,2026-03-11T14:55:43.777035,68.12938690185547,26.126039505004883,0.0018516540294513,17.84,4.31,0.216,0.0,0,0,1,,0.867,2026-03-11T14:55:43.777035,fear,0.712,2026-03-11T14:55:43.777035,0.556,2026-03-11T14:55:43.416000,75,,,
participant_08,1,day,Town10HD_Opt,2026-03-11T14:55:44.905177,72.22831726074219,25.923004150390625,0.0018934630788862,18.026,0.757,0.419,0.0,0,0,1,,1.0,2026-03-11T14:55:44.905177,fear,0.712,2026-03-11T14:55:43.777035,0.556,2026-03-11T14:55:44.541000,75,,,
participant_08,1,day,Town10HD_Opt,2026-03-11T14:55:45.969121,76.85228729248047,25.767730712890625,0.0016877364832907,26.47,0.757,1.0,0.0,0,0,1,,1.0,2026-03-11T14:55:45.969121,neutral,0.649,2026-03-11T14:55:45.969121,0.556,2026-03-11T14:55:45.396000,75,,,
participant_08,1,day,Town10HD_Opt,2026-03-11T14:55:46.775753,82.80767059326172,25.681352615356445,0.0015327071305364,41.759,0.75,1.0,0.0,0,0,1,,1.0,2026-03-11T14:55:46.775753,neutral,0.649,2026-03-11T14:55:45.969121,0.556,2026-03-11T14:55:46.431000,74,,,
participant_08,1,day,Town10HD_Opt,2026-03-11T14:55:47.855795,93.98638153076172,24.35494613647461,0.0022385024931281,47.132,-15.714,0.61,0.0,0,0,1,,1.0,2026-03-11T14:55:47.855795,neutral,0.649,2026-03-11T14:55:45.969121,0.556,2026-03-11T14:55:47.421000,73,,,
participant_08,1,day,Town10HD_Opt,2026-03-11T14:55:48.926573,101.591064453125,17.32453155517578,0.0023558044340461,39.944,-9.77,0.0,0.0,0,0,1,,1.0,2026-03-11T14:55:48.926573,neutral,0.488,2026-03-11T14:55:48.926573,0.556,2026-03-11T14:55:48.411000,72,,,
participant_08,1,day,Town10HD_Opt,2026-03-11T14:55:49.972504,104.03472137451172,9.88836669921875,0.0023923492990434,26.487,-8.451,0.0,0.515,0,0,1,,1.0,2026-03-11T14:55:49.972504,neutral,0.488,2026-03-11T14:55:48.926573,0.556,2026-03-11T14:55:49.401000,71,,,
participant_08,1,day,Town10HD_Opt,2026-03-11T14:55:50.773418,104.3229751586914,5.937180519104004,0.0022329711355268,19.704,7.361,0.506,0.0,0,0,1,,1.0,2026-03-11T14:55:50.773418,neutral,0.488,2026-03-11T14:55:48.926573,0.556,2026-03-11T14:55:50.436000,71,,,
participant_08,1,day,Town10HD_Opt,2026-03-11T14:55:51.835746,105.27894592285156,0.6397122144699097,0.0015925597399473,31.887,-2.777,1.0,0.0,0,0,1,,1.0,2026-03-11T14:55:51.835746,neutral,0.572,2026-03-11T14:55:51.835746,0.556,2026-03-11T14:55:51.426000,71,,,
participant_08,1,day,Town10HD_Opt,2026-03-11T14:55:52.874762,106.32318115234376,-8.949814796447754,0.0015594100113958,51.77,-0.806,0.0,0.177,0,0,1,,1.0,2026-03-11T14:55:52.874762,neutral,0.572,2026-03-11T14:55:51.835746,0.556,2026-03-11T14:55:52.417000,72,,,
participant_08,1,day,Town10HD_Opt,2026-03-11T14:55:53.929093,107.15444946289062,-20.593753814697266,0.0019918822217732,49.91,2.482,0.613,0.0,0,0,1,,1.0,2026-03-11T14:55:53.929093,neutral,0.712,2026-03-11T14:55:53.929093,0.556,2026-03-11T14:55:53.406000,74,,,
participant_08,1,day,Town10HD_Opt,2026-03-11T14:55:54.969201,107.802734375,-31.98075294494629,0.0020516205113381,48.311,-12.246,0.614,0.0,0,0,1,,1.0,2026-03-11T14:55:54.969201,neutral,0.712,2026-03-11T14:55:53.929093,0.556,2026-03-11T14:55:54.441000,75,,,
participant_08,1,day,Town10HD_Opt,2026-03-11T14:55:55.766976,104.93032836914062,-40.12783432006836,0.0019150542793795,51.43,-3.869,0.0,0.143,0,0,1,,1.0,2026-03-11T14:55:55.766976,neutral,0.712,2026-03-11T14:55:53.929093,0.556,2026-03-11T14:55:55.431000,75,,,
participant_08,1,day,Town10HD_Opt,2026-03-11T14:55:56.790558,98.4106216430664,-49.89418411254883,0.0021150589454919,49.526,-3.879,1.0,0.0,0,0,1,,1.0,2026-03-11T14:55:56.790558,happy,0.991,2026-03-11T14:55:56.790558,0.556,2026-03-11T14:55:56.420000,75,,,
participant_08,1,day,Town10HD_Opt,2026-03-11T14:55:57.879256,90.04521179199219,-57.9643783569336,0.0022359467111527,48.049,-5.073,1.0,0.0,0,0,1,,1.0,2026-03-11T14:55:57.879256,happy,0.991,2026-03-11T14:55:56.790558,0.556,2026-03-11T14:55:57.410000,75,,,
participant_08,1,day,Town10HD_Opt,2026-03-11T14:55:58.919372,79.9744873046875,-63.65830612182617,0.0021069718059152,49.19,-5.04,0.901,0.0,0,0,1,,1.0,2026-03-11T14:55:58.919372,fear,0.39,2026-03-11T14:55:58.919372,0.556,2026-03-11T14:55:58.402000,75,,,
participant_08,1,day,Town10HD_Opt,2026-03-11T14:55:59.985149,68.85969543457031,-66.61774444580078,0.002000541659072,49.523,-3.535,0.745,0.0,0,0,1,,1.0,2026-03-11T14:55:59.985149,fear,0.39,2026-03-11T14:55:58.919372,0.556,2026-03-11T14:55:59.436000,77,,,
participant_08,1,day,Town10HD_Opt,2026-03-11T14:56:00.805915,60.13953399658203,-67.35989379882812,0.0020515441428869,50.359,-1.109,0.983,0.0,0,0,1,,1.0,2026-03-11T14:56:00.805915,fear,0.39,2026-03-11T14:55:58.919372,0.556,2026-03-11T14:56:00.426000,79,,,
participant_08,1,day,Town10HD_Opt,2026-03-11T14:56:01.948633,48.43765640258789,-67.58495330810547,0.0019438171293586,51.074,0.273,0.0,0.107,0,0,1,,1.0,2026-03-11T14:56:01.948633,neutral,0.466,2026-03-11T14:56:01.948633,0.556,2026-03-11T14:56:01.415000,79,,,
participant_08,1,day,Town10HD_Opt,2026-03-11T14:56:02.790428,39.7691535949707,-67.70663452148438,0.0020055389031767,49.861,-0.188,0.757,0.0,0,0,1,,1.0,2026-03-11T14:56:02.790428,neutral,0.466,2026-03-11T14:56:01.948633,0.556,2026-03-11T14:56:02.405000,81,,,
participant_08,1,day,Town10HD_Opt,2026-03-11T14:56:03.859593,28.118791580200195,-67.76066589355469,0.0018814849900081,52.02,-0.508,0.0,0.202,0,0,1,,1.0,2026-03-11T14:56:03.859593,neutral,0.466,2026-03-11T14:56:01.948633,0.556,2026-03-11T14:56:03.396000,81,,,
participant_08,1,day,Town10HD_Opt,2026-03-11T14:56:04.925369,16.32568359375,-67.64421844482422,0.0019317626720294,50.865,0.693,0.0,0.0,0,0,1,,1.0,2026-03-11T14:56:04.925369,happy,0.949,2026-03-11T14:56:04.925369,0.546,2026-03-11T14:56:04.476000,80,,,
participant_08,1,day,Town10HD_Opt,2026-03-11T14:56:06.034593,4.719172954559326,-67.7549819946289,0.0020153045188635,49.803,-0.392,0.687,0.0,0,0,1,,1.0,2026-03-11T14:56:06.034593,happy,0.949,2026-03-11T14:56:04.925369,0.539,2026-03-11T14:56:05.421000,79,,,
participant_08,1,day,Town10HD_Opt,2026-03-11T14:56:06.862366,-3.6518943309783936,-67.76284790039062,0.0023028182331472,43.53,0.686,0.0,0.089,0,0,1,,1.0,2026-03-11T14:56:06.862366,happy,0.949,2026-03-11T14:56:04.925369,0.521,2026-03-11T14:56:06.500000,78,,,
participant_08,1,day,Town10HD_Opt,2026-03-11T14:56:07.893507,-12.022292137145996,-67.8628921508789,0.0024062728043645,27.677,-0.367,0.0,0.478,0,0,1,,1.0,2026-03-11T14:56:07.893507,neutral,0.473,2026-03-11T14:56:07.893507,0.506,2026-03-11T14:56:07.446000,77,,,
participant_08,1,day,Town10HD_Opt,2026-03-11T14:56:08.980912,-17.12787437438965,-67.90849304199219,0.0020782852079719,15.725,0.822,0.0,0.603,0,0,1,,1.0,2026-03-11T14:56:08.980912,neutral,0.473,2026-03-11T14:56:07.893507,0.49,2026-03-11T14:56:08.436000,77,,,
participant_08,1,day,Town10HD_Opt,2026-03-11T14:56:09.991424,-19.67745590209961,-67.968505859375,0.002148475497961,3.384,0.674,0.0,0.761,0,0,1,,1.0,2026-03-11T14:56:09.991424,neutral,0.579,2026-03-11T14:56:09.991424,0.474,2026-03-11T14:56:09.427000,78,,,
participant_08,1,day,Town10HD_Opt,2026-03-11T14:56:11.020329,-19.736557006835938,-67.97039031982422,0.0019335555844008,0.003,0.71,0.0,0.0,0,0,1,,1.0,2026-03-11T14:56:11.020329,neutral,0.579,2026-03-11T14:56:09.991424,0.458,2026-03-11T14:56:10.416000,79,,,
participant_08,1,day,Town10HD_Opt,2026-03-11T14:56:11.791329,-19.736705780029297,-67.97039031982422,0.0019198989029973,0.0,0.63,0.0,0.0,0,0,1,,1.0,2026-03-11T14:56:11.791329,neutral,0.579,2026-03-11T14:56:09.991424,0.434,2026-03-11T14:56:11.406000,80,,,
participant_08,1,day,Town10HD_Opt,2026-03-11T14:56:12.793050,-19.736705780029297,-67.97039031982422,0.0019191741012036,0.0,0.515,0.0,0.0,0,0,1,,1.0,2026-03-11T14:56:12.793050,neutral,0.851,2026-03-11T14:56:12.793050,0.411,2026-03-11T14:56:12.396000,79,,,
participant_08,1,day,Town10HD_Opt,2026-03-11T14:56:13.771332,-19.736705780029297,-67.97039031982422,0.0019192122854292,0.0,0.437,0.0,0.0,0,0,1,,1.0,2026-03-11T14:56:13.771332,neutral,0.851,2026-03-11T14:56:12.793050,0.39,2026-03-11T14:56:13.431000,78,,,
participant_08,1,day,Town10HD_Opt,2026-03-11T14:56:14.990767,-19.736705780029297,-67.97036743164062,0.0019191741012036,0.0,0.392,0.0,0.0,0,0,1,,1.0,2026-03-11T14:56:14.990767,neutral,0.549,2026-03-11T14:56:14.990767,0.381,2026-03-11T14:56:14.422000,76,,,
participant_08,1,day,Town10HD_Opt,2026-03-11T14:56:15.997389,-19.736705780029297,-67.97036743164062,0.0019191741012036,0.0,0.305,0.0,0.0,0,0,1,,1.0,2026-03-11T14:56:15.997389,neutral,0.549,2026-03-11T14:56:14.990767,0.372,2026-03-11T14:56:15.412000,74,,,
participant_08,1,day,Town10HD_Opt,2026-03-11T14:56:16.763332,-19.736705780029297,-67.97039031982422,0.0019192122854292,0.0,0.301,0.0,0.0,0,0,1,,1.0,2026-03-11T14:56:16.763332,neutral,0.549,2026-03-11T14:56:14.990767,0.375,2026-03-11T14:56:16.401000,74,,,
participant_08,1,day,Town10HD_Opt,2026-03-11T14:56:17.805517,-19.736705780029297,-67.97039031982422,0.0019192122854292,0.0,0.298,0.0,0.0,0,0,1,phone_call,0.808,2026-03-11T14:56:17.805517,happy,0.998,2026-03-11T14:56:17.805517,0.386,2026-03-11T14:56:17.437000,75,,,
participant_08,1,day,Town10HD_Opt,2026-03-11T14:56:18.805537,-20.90908432006836,-67.9990463256836,0.0014028549194335,15.445,0.31,1.0,0.0,0,0,1,,1.0,2026-03-11T14:56:18.805537,happy,0.998,2026-03-11T14:56:17.805517,0.401,2026-03-11T14:56:18.426000,76,,,
participant_08,1,day,Town10HD_Opt,2026-03-11T14:56:19.838805,-26.561674118041992,-68.16566467285156,0.0014972304925322,35.551,0.266,1.0,0.0,0,0,1,,1.0,2026-03-11T14:56:19.838805,sad,0.404,2026-03-11T14:56:19.838805,0.415,2026-03-11T14:56:19.417000,76,,,
participant_08,1,day,Town10HD_Opt,2026-03-11T14:56:20.876794,-36.98517990112305,-68.6085205078125,0.0016445540823042,52.768,-0.153,0.0,0.298,0,0,1,,1.0,2026-03-11T14:56:20.876794,sad,0.404,2026-03-11T14:56:19.838805,0.43,2026-03-11T14:56:20.406000,77,,,
participant_08,1,day,Town10HD_Opt,2026-03-11T14:56:21.916958,-48.81930541992188,-69.06851196289062,0.0019297408871352,51.205,-0.508,0.0,0.177,0,0,1,,1.0,2026-03-11T14:56:21.916958,neutral,0.861,2026-03-11T14:56:21.916958,0.454,2026-03-11T14:56:21.396000,77,,,
participant_08,1,day,Town10HD_Opt,2026-03-11T14:56:23.007966,-60.60404968261719,-69.2284927368164,0.0020515059586614,50.473,-0.418,0.0,0.164,0,0,1,,1.0,2026-03-11T14:56:23.007966,neutral,0.861,2026-03-11T14:56:21.916958,0.475,2026-03-11T14:56:22.431000,77,,,
participant_08,1,day,Town10HD_Opt,2026-03-11T14:56:23.830034,-69.39789581298828,-69.16748809814453,0.002018432598561,49.747,-2.2,1.0,0.0,0,0,1,,1.0,2026-03-11T14:56:23.830034,neutral,0.861,2026-03-11T14:56:21.916958,0.494,2026-03-11T14:56:23.422000,80,,,
participant_08,1,day,Town10HD_Opt,2026-03-11T14:56:24.876447,-80.90795135498047,-67.65120697021484,0.0021955871488898,48.204,-7.097,1.0,0.0,0,0,1,,1.0,2026-03-11T14:56:24.876447,happy,0.992,2026-03-11T14:56:24.876447,0.512,2026-03-11T14:56:24.412000,80,,,
participant_08,1,day,Town10HD_Opt,2026-03-11T14:56:25.917585,-91.40148162841795,-62.74535369873047,0.0022235107608139,48.387,-4.792,1.0,0.0,0,0,1,,1.0,2026-03-11T14:56:25.917585,happy,0.992,2026-03-11T14:56:24.876447,0.527,2026-03-11T14:56:25.401000,80,,,
participant_08,1,day,Town10HD_Opt,2026-03-11T14:56:26.980597,-100.033447265625,-54.91097640991211,0.0019836807623505,51.237,-4.414,0.0,0.124,0,0,1,,1.0,2026-03-11T14:56:26.980597,neutral,0.53,2026-03-11T14:56:26.980597,0.54,2026-03-11T14:56:26.435000,80,,,
participant_08,1,day,Town10HD_Opt,2026-03-11T14:56:27.811949,-105.10195922851562,-47.81790542602539,0.0020453261677175,49.903,-4.03,1.0,0.0,0,0,1,,1.0,2026-03-11T14:56:27.811949,neutral,0.53,2026-03-11T14:56:26.980597,0.543,2026-03-11T14:56:27.426000,80,,,
participant_08,1,day,Town10HD_Opt,2026-03-11T14:56:28.869545,-109.93024444580078,-37.11251068115234,0.0018830108456313,51.668,-4.011,0.0,0.191,0,0,1,,1.0,2026-03-11T14:56:28.869545,neutral,0.53,2026-03-11T14:56:26.980597,0.543,2026-03-11T14:56:28.417000,79,,,
participant_08,1,day,Town10HD_Opt,2026-03-11T14:56:29.981419,-112.0103759765625,-25.582836151123047,0.0021356963552534,49.14,-11.878,1.0,0.0,0,0,1,,1.0,2026-03-11T14:56:29.981419,neutral,0.628,2026-03-11T14:56:29.981419,0.543,2026-03-11T14:56:29.406000,78,,,
participant_08,1,day,Town10HD_Opt,2026-03-11T14:56:30.832886,-110.35541534423828,-16.991228103637695,0.0020591353531926,49.878,8.577,1.0,0.0,0,0,1,,1.0,2026-03-11T14:56:30.832886,neutral,0.628,2026-03-11T14:56:29.981419,0.543,2026-03-11T14:56:30.396000,80,,,
participant_08,1,day,Town10HD_Opt,2026-03-11T14:56:31.905738,-110.0819320678711,-5.386935234069824,0.0022543715313076,47.555,-4.365,0.968,0.0,0,0,1,,1.0,2026-03-11T14:56:31.905738,neutral,0.628,2026-03-11T14:56:29.981419,0.543,2026-03-11T14:56:31.431000,79,,,
participant_08,1,day,Town10HD_Opt,2026-03-11T14:56:32.968579,-109.36406707763672,6.097555637359619,0.0021776580251753,48.764,-5.34,0.949,0.0,0,0,1,,1.0,2026-03-11T14:56:32.968579,neutral,0.788,2026-03-11T14:56:32.968579,0.543,2026-03-11T14:56:32.421000,78,,,
participant_08,1,day,Town10HD_Opt,2026-03-11T14:56:33.815416,-106.22235107421876,14.252289772033691,0.0021898269187659,48.287,-7.722,0.99,0.0,0,0,1,,1.0,2026-03-11T14:56:33.815416,neutral,0.788,2026-03-11T14:56:32.968579,0.543,2026-03-11T14:56:33.412000,77,,,
participant_08,1,day,Town10HD_Opt,2026-03-11T14:56:34.938160,-99.28074645996094,23.23142433166504,0.0023917388170957,42.995,-11.269,0.335,0.439,0,0,1,,1.0,2026-03-11T14:56:34.938160,neutral,0.788,2026-03-11T14:56:32.968579,0.543,2026-03-11T14:56:34.536000,76,,,
participant_08,1,day,Town10HD_Opt,2026-03-11T14:56:35.827845,-93.87674713134766,27.6494083404541,0.0021219635382294,39.12,2.073,0.812,0.0,0,0,1,,1.0,2026-03-11T14:56:35.827845,neutral,0.39,2026-03-11T14:56:35.827845,0.543,2026-03-11T14:56:35.437000,75,,,errors=Collision
participant_08,1,day,Town10HD_Opt,2026-03-11T14:56:36.996176,-88.4037094116211,31.696823120117188,0.0379652380943298,7.73,-10.446,0.961,0.0,0,0,1,,1.0,2026-03-11T14:56:36.996176,neutral,0.39,2026-03-11T14:56:35.827845,0.543,2026-03-11T14:56:36.427000,75,,,
participant_08,1,day,Town10HD_Opt,2026-03-11T14:56:37.888613,-88.20500946044922,31.74431800842285,0.0408617779612541,0.02,-16.86,0.0,0.0,0,0,1,,1.0,2026-03-11T14:56:37.888613,happy,1.0,2026-03-11T14:56:37.888613,0.543,2026-03-11T14:56:37.417000,74,,,
participant_08,1,day,Town10HD_Opt,2026-03-11T14:56:39.031431,-88.20637512207031,31.743343353271484,0.0372180938720703,0.006,-0.179,0.0,0.0,0,0,1,,1.0,2026-03-11T14:56:39.031431,happy,1.0,2026-03-11T14:56:37.888613,0.543,2026-03-11T14:56:38.406000,72,,,
participant_08,1,day,Town10HD_Opt,2026-03-11T14:56:39.888583,-88.20674896240234,31.74321937561035,0.0370191186666488,0.0,-0.284,0.0,0.0,0,0,1,,1.0,2026-03-11T14:56:39.888583,happy,1.0,2026-03-11T14:56:37.888613,0.543,2026-03-11T14:56:39.487000,72,,,
participant_08,1,day,Town10HD_Opt,2026-03-11T14:56:40.793855,-88.20680236816406,31.74322891235352,0.0370132066309452,0.005,0.132,0.0,0.0,0,0,1,,1.0,2026-03-11T14:56:40.793855,sad,0.668,2026-03-11T14:56:40.793855,0.543,2026-03-11T14:56:40.431000,72,,,
participant_08,1,day,Town10HD_Opt,2026-03-11T14:56:41.903408,-88.20674896240234,31.74329948425293,0.0370129011571407,0.005,0.204,0.0,0.0,0,0,1,phone_call,0.862,2026-03-11T14:56:41.903408,sad,0.668,2026-03-11T14:56:40.793855,0.543,2026-03-11T14:56:41.421000,72,,,
participant_08,1,day,Town10HD_Opt,2026-03-11T14:56:42.789710,-88.20679473876953,31.74326515197754,0.0370133593678474,0.001,0.388,0.0,0.0,0,1,-1,,1.0,2026-03-11T14:56:42.789710,sad,0.668,2026-03-11T14:56:40.793855,0.543,2026-03-11T14:56:42.411000,71,,,
participant_08,1,day,Town10HD_Opt,2026-03-11T14:56:43.879873,-88.38532257080078,31.6572494506836,0.0372904203832149,5.05,8.78,0.66,0.0,0,1,-1,,1.0,2026-03-11T14:56:43.879873,fear,0.999,2026-03-11T14:56:43.879873,0.543,2026-03-11T14:56:43.446000,73,,,
participant_08,1,day,Town10HD_Opt,2026-03-11T14:56:44.977755,-90.1156234741211,30.84343147277832,0.0025500487536191,8.633,10.781,0.0,0.0,0,1,-1,,1.0,2026-03-11T14:56:44.977755,fear,0.999,2026-03-11T14:56:43.879873,0.543,2026-03-11T14:56:44.438000,76,,,
participant_08,1,day,Town10HD_Opt,2026-03-11T14:56:45.915919,-91.15792846679688,30.54280471801757,0.0018560790922492,5.56,-21.613,0.743,0.0,0,1,-1,,1.0,2026-03-11T14:56:45.915919,neutral,0.671,2026-03-11T14:56:45.915919,0.543,2026-03-11T14:56:45.426000,78,,,
participant_08,1,day,Town10HD_Opt,2026-03-11T14:56:46.784077,-92.8980484008789,30.147924423217773,0.0022671509068459,16.143,-36.133,0.869,0.0,0,1,-1,,1.0,2026-03-11T14:56:46.784077,neutral,0.671,2026-03-11T14:56:45.915919,0.543,2026-03-11T14:56:46.416000,78,,,
participant_08,1,day,Town10HD_Opt,2026-03-11T14:56:47.919756,-94.93992614746094,28.68854141235352,0.0012265014229342,0.004,-0.035,0.0,0.488,0,0,1,,1.0,2026-03-11T14:56:47.919756,happy,0.99,2026-03-11T14:56:47.919756,0.543,2026-03-11T14:56:47.451000,79,,,
participant_08,1,day,Town10HD_Opt,2026-03-11T14:56:48.800401,-94.93209075927734,28.69634437561035,0.0018877410329878,0.334,-11.221,0.363,0.0,0,0,1,,1.0,2026-03-11T14:56:48.800401,happy,0.99,2026-03-11T14:56:47.919756,0.543,2026-03-11T14:56:48.442000,79,,,
participant_08,1,day,Town10HD_Opt,2026-03-11T14:56:49.957253,-93.6293716430664,29.63869285583496,0.0014263534685596,17.268,-17.388,0.889,0.0,0,0,1,,1.0,2026-03-11T14:56:49.957253,happy,0.999,2026-03-11T14:56:49.957253,0.543,2026-03-11T14:56:49.431000,79,,,
participant_08,1,day,Town10HD_Opt,2026-03-11T14:56:50.823330,-90.1271743774414,31.006818771362305,0.0019043349893763,26.864,-25.424,0.757,0.0,0,0,1,phone_call,0.849,2026-03-11T14:56:50.823330,happy,0.999,2026-03-11T14:56:49.957253,0.543,2026-03-11T14:56:50.421000,80,,,errors=Solid line crossing
participant_08,1,day,Town10HD_Opt,2026-03-11T14:56:51.936096,-83.20106506347656,29.220531463623047,0.0019027709495276,35.26,1.951,0.0,0.0,0,0,1,,1.0,2026-03-11T14:56:51.936096,happy,0.999,2026-03-11T14:56:49.957253,0.543,2026-03-11T14:56:51.411000,81,,,
participant_08,1,day,Town10HD_Opt,2026-03-11T14:56:53.043279,-76.76235961914062,26.734548568725582,0.0024095154367387,22.704,20.004,0.0,0.46,0,0,1,,1.0,2026-03-11T14:56:53.043279,neutral,0.892,2026-03-11T14:56:53.043279,0.543,2026-03-11T14:56:52.446000,81,,,
participant_08,1,day,Town10HD_Opt,2026-03-11T14:56:53.913032,-73.48131561279297,26.888322830200195,0.0020890426822006,14.707,-2.588,0.0,0.363,0,0,1,,1.0,2026-03-11T14:56:53.913032,neutral,0.892,2026-03-11T14:56:53.043279,0.543,2026-03-11T14:56:53.437000,79,,,
participant_08,1,day,Town10HD_Opt,2026-03-11T14:56:55.044663,-70.84941864013672,26.97150421142578,0.0020898818038403,7.506,0.74,0.0,0.552,0,0,1,,1.0,2026-03-11T14:56:55.044663,neutral,0.765,2026-03-11T14:56:55.044663,0.543,2026-03-11T14:56:54.426000,80,,,
participant_08,1,day,Town10HD_Opt,2026-03-11T14:56:55.912003,-70.46477508544922,26.98812484741211,0.0020182419102638,0.0,-0.026,0.0,0.49,0,0,1,,1.0,2026-03-11T14:56:55.912003,neutral,0.765,2026-03-11T14:56:55.044663,0.543,2026-03-11T14:56:55.507000,81,,,
participant_08,1,day,Town10HD_Opt,2026-03-11T14:56:57.011056,-70.46331024169922,26.98815155029297,0.0019203185802325,0.001,-0.211,0.0,0.0,0,0,1,,1.0,2026-03-11T14:56:57.011056,neutral,0.765,2026-03-11T14:56:55.044663,0.543,2026-03-11T14:56:56.497000,82,,,
participant_08,1,day,Town10HD_Opt,2026-03-11T14:56:57.909038,-70.46327209472656,26.98815155029297,0.0019189452286809,0.006,-0.463,0.0,0.0,0,0,1,,1.0,2026-03-11T14:56:57.909038,neutral,0.985,2026-03-11T14:56:57.909038,0.543,2026-03-11T14:56:57.442000,83,,,
participant_08,1,day,Town10HD_Opt,2026-03-11T14:56:58.763815,-70.46331787109375,26.98815155029297,0.0019187927246093,0.006,-0.482,0.0,0.0,0,0,1,,1.0,2026-03-11T14:56:58.763815,neutral,0.985,2026-03-11T14:56:57.909038,0.543,2026-03-11T14:56:58.431000,82,,,
participant_08,1,day,Town10HD_Opt,2026-03-11T14:56:59.884105,-70.46318817138672,26.98815155029297,0.0019187545403838,0.006,-0.503,0.0,0.0,0,0,1,,1.0,2026-03-11T14:56:59.884105,neutral,0.985,2026-03-11T14:56:57.909038,0.543,2026-03-11T14:56:59.421000,82,,,
participant_08,1,day,Town10HD_Opt,2026-03-11T14:57:01.021200,-70.46305847167969,26.98815155029297,0.0019187545403838,0.006,-0.519,0.0,0.0,0,0,1,,1.0,2026-03-11T14:57:01.021200,happy,0.896,2026-03-11T14:57:01.021200,0.543,2026-03-11T14:57:00.412000,80,,,
participant_08,1,day,Town10HD_Opt,2026-03-11T14:57:01.941910,-70.46295928955078,26.98815155029297,0.0019190596649423,0.002,-0.517,0.0,0.0,0,0,1,,1.0,2026-03-11T14:57:01.941910,happy,0.896,2026-03-11T14:57:01.021200,0.543,2026-03-11T14:57:01.447000,80,,,
participant_08,1,day,Town10HD_Opt,2026-03-11T14:57:02.819043,-70.4627456665039,26.98815155029297,0.0019192504696547,0.001,-0.491,0.0,0.0,0,0,1,,1.0,2026-03-11T14:57:02.819043,happy,0.896,2026-03-11T14:57:01.021200,0.543,2026-03-11T14:57:02.482000,80,,,
participant_08,1,day,Town10HD_Opt,2026-03-11T14:57:03.924052,-70.46263885498047,26.98815155029297,0.0019192122854292,0.001,-0.519,0.0,0.0,0,0,1,,1.0,2026-03-11T14:57:03.924052,neutral,0.683,2026-03-11T14:57:03.924052,0.538,2026-03-11T14:57:03.471000,80,,,
participant_08,1,day,Town10HD_Opt,2026-03-11T14:57:04.857899,-70.46248626708984,26.98815155029297,0.0019189452286809,0.006,-0.54,0.0,0.0,0,0,1,,1.0,2026-03-11T14:57:04.857899,neutral,0.683,2026-03-11T14:57:03.924052,0.534,2026-03-11T14:57:04.417000,79,,,
participant_08,1,day,Town10HD_Opt,2026-03-11T14:57:06.017016,-70.46234893798828,26.98815155029297,0.0019189452286809,0.006,-0.519,0.0,0.0,0,0,1,,1.0,2026-03-11T14:57:06.017016,sad,0.391,2026-03-11T14:57:06.017016,0.55,2026-03-11T14:57:05.451000,76,,,
participant_08,1,day,Town10HD_Opt,2026-03-11T14:57:06.910782,-70.46239471435547,26.98815155029297,0.0019187927246093,0.006,-0.519,0.0,0.0,0,0,1,,0.836,2026-03-11T14:57:06.910782,sad,0.391,2026-03-11T14:57:06.017016,0.572,2026-03-11T14:57:06.442000,75,,,
participant_08,1,day,Town10HD_Opt,2026-03-11T14:57:07.774480,-70.46240234375,26.98815155029297,0.0019189452286809,0.002,-0.143,0.0,0.0,0,0,1,,1.0,2026-03-11T14:57:07.774480,sad,0.391,2026-03-11T14:57:06.017016,0.589,2026-03-11T14:57:07.433000,75,,,
participant_08,1,day,Town10HD_Opt,2026-03-11T14:57:08.871369,-70.46228790283203,26.98815155029297,0.0019189452286809,0.007,-0.501,0.0,0.0,0,0,1,,1.0,2026-03-11T14:57:08.871369,sad,0.397,2026-03-11T14:57:08.871369,0.619,2026-03-11T14:57:08.422000,77,,,
participant_08,1,day,Town10HD_Opt,2026-03-11T14:57:09.990315,-70.46217346191406,26.98815155029297,0.0019189452286809,0.002,-0.907,0.0,0.0,0,0,1,,1.0,2026-03-11T14:57:09.990315,sad,0.397,2026-03-11T14:57:08.871369,0.649,2026-03-11T14:57:09.411000,77,,,
participant_08,1,day,Town10HD_Opt,2026-03-11T14:57:10.842609,-70.46199798583984,26.98815155029297,0.001919021597132,0.002,-0.399,0.0,0.0,0,0,1,,1.0,2026-03-11T14:57:10.842609,sad,0.397,2026-03-11T14:57:08.871369,0.679,2026-03-11T14:57:10.491000,77,,,
participant_08,1,day,Town10HD_Opt,2026-03-11T14:57:11.944434,-70.4618911743164,26.98815155029297,0.001919021597132,0.002,-0.106,0.0,0.0,0,0,1,,1.0,2026-03-11T14:57:11.944434,sad,0.488,2026-03-11T14:57:11.944434,0.708,2026-03-11T14:57:11.481000,77,,,
participant_08,1,day,Town10HD_Opt,2026-03-11T14:57:12.778539,-70.4616470336914,26.98815155029297,0.0019191741012036,0.001,-0.092,0.0,0.0,0,0,1,,1.0,2026-03-11T14:57:12.778539,sad,0.488,2026-03-11T14:57:11.944434,0.738,2026-03-11T14:57:12.426000,77,,,
participant_08,1,day,Town10HD_Opt,2026-03-11T14:57:13.865057,-70.4615478515625,26.98815155029297,0.0019191741012036,0.001,-0.157,0.0,0.0,0,0,1,,1.0,2026-03-11T14:57:13.865057,sad,0.488,2026-03-11T14:57:11.944434,0.753,2026-03-11T14:57:13.462000,75,,,
participant_08,1,day,Town10HD_Opt,2026-03-11T14:57:14.946868,-69.9535903930664,27.007795333862305,0.0015646743122488,9.04,-0.275,1.0,0.0,0,0,1,,1.0,2026-03-11T14:57:14.946868,neutral,0.731,2026-03-11T14:57:14.946868,0.752,2026-03-11T14:57:14.406000,73,,,
participant_08,1,day,Town10HD_Opt,2026-03-11T14:57:15.776593,-67.1563491821289,27.11639404296875,0.0017364883096888,22.873,-0.061,0.926,0.0,0,0,1,,1.0,2026-03-11T14:57:15.776593,neutral,0.731,2026-03-11T14:57:14.946868,0.719,2026-03-11T14:57:15.441000,71,,,
participant_08,1,day,Town10HD_Opt,2026-03-11T14:57:16.923331,-60.30301284790039,27.359840393066406,0.0017802810762077,35.337,-0.195,0.682,0.0,0,0,1,,1.0,2026-03-11T14:57:16.923331,neutral,0.731,2026-03-11T14:57:14.946868,0.672,2026-03-11T14:57:16.431000,70,,,
participant_08,1,day,Town10HD_Opt,2026-03-11T14:57:18.029819,-51.08756637573242,27.589962005615234,0.0018406294984743,43.954,-1.039,0.681,0.0,0,0,1,,1.0,2026-03-11T14:57:18.029819,sad,0.755,2026-03-11T14:57:18.029819,0.63,2026-03-11T14:57:17.422000,70,,,
participant_08,1,day,Town10HD_Opt,2026-03-11T14:57:18.897709,-42.95951461791992,27.51268196105957,0.0018689346034079,49.325,-0.237,0.67,0.0,0,0,1,,1.0,2026-03-11T14:57:18.897709,sad,0.755,2026-03-11T14:57:18.029819,0.576,2026-03-11T14:57:18.411000,70,,,
participant_08,1,day,Town10HD_Opt,2026-03-11T14:57:20.022486,-31.369916915893555,27.18701362609864,0.0019953537266701,50.098,3.153,0.667,0.0,0,0,1,,1.0,2026-03-11T14:57:20.022486,sad,0.755,2026-03-11T14:57:18.029819,0.522,2026-03-11T14:57:19.447000,70,,,
participant_08,1,day,Town10HD_Opt,2026-03-11T14:57:20.845822,-22.71222686767578,27.65755844116211,0.0020593642257153,49.236,1.678,0.667,0.0,0,0,1,,1.0,2026-03-11T14:57:20.845822,neutral,0.598,2026-03-11T14:57:20.845822,0.487,2026-03-11T14:57:20.482000,73,,,
participant_08,1,day,Town10HD_Opt,2026-03-11T14:57:21.901409,-11.192824363708496,28.691267013549805,0.0020228957291692,49.627,-2.956,0.656,0.0,0,0,1,,1.0,2026-03-11T14:57:21.901409,neutral,0.598,2026-03-11T14:57:20.845822,0.467,2026-03-11T14:57:21.426000,75,,,
participant_08,1,day,Town10HD_Opt,2026-03-11T14:57:22.955088,0.3401188850402832,28.51344490051269,0.0020881271921098,48.237,-0.409,0.419,0.0,0,0,1,,1.0,2026-03-11T14:57:22.955088,happy,0.978,2026-03-11T14:57:22.955088,0.446,2026-03-11T14:57:22.416000,75,,,
participant_08,1,day,Town10HD_Opt,2026-03-11T14:57:24.027508,11.229135513305664,27.53389549255371,0.002152023371309,44.642,-1.194,0.186,0.0,0,0,1,,1.0,2026-03-11T14:57:24.027508,happy,0.978,2026-03-11T14:57:22.955088,0.446,2026-03-11T14:57:23.407000,75,,,
participant_08,1,day,Town10HD_Opt,2026-03-11T14:57:24.843527,18.34258079528809,26.506954193115234,0.0023144530132412,36.545,9.554,0.098,0.0,0,0,1,,1.0,2026-03-11T14:57:24.843527,happy,0.978,2026-03-11T14:57:22.955088,0.466,2026-03-11T14:57:24.441000,76,,,
participant_08,1,day,Town10HD_Opt,2026-03-11T14:57:25.911980,25.888734817504883,27.73247337341309,0.0020387268159538,32.954,4.145,0.729,0.0,0,0,1,,1.0,2026-03-11T14:57:25.911980,neutral,0.769,2026-03-11T14:57:25.911980,0.5,2026-03-11T14:57:25.432000,76,,,
participant_08,1,day,Town10HD_Opt,2026-03-11T14:57:27.033515,34.02626037597656,31.46512222290039,0.001643524155952,46.682,17.301,0.896,0.0,0,0,1,,1.0,2026-03-11T14:57:27.033515,neutral,0.769,2026-03-11T14:57:25.911980,0.534,2026-03-11T14:57:26.421000,75,,,
participant_08,1,day,Town10HD_Opt,2026-03-11T14:57:27.925603,39.45380783081055,38.0037956237793,0.0021345901768654,48.006,13.745,0.595,0.0,0,0,1,,1.0,2026-03-11T14:57:27.925603,neutral,0.75,2026-03-11T14:57:27.925603,0.561,2026-03-11T14:57:27.412000,74,,,
participant_08,1,day,Town10HD_Opt,2026-03-11T14:57:29.022282,40.67469024658203,47.980125427246094,0.0024412535130977,35.013,1.011,0.0,0.885,0,0,1,,1.0,2026-03-11T14:57:29.022282,neutral,0.75,2026-03-11T14:57:27.925603,0.574,2026-03-11T14:57:28.447000,72,,,errors=Harsh braking
participant_08,1,day,Town10HD_Opt,2026-03-11T14:57:29.822870,40.6743278503418,52.97196578979492,0.0024761199019849,21.214,-2.278,0.0,1.0,0,0,1,,1.0,2026-03-11T14:57:29.822870,neutral,0.75,2026-03-11T14:57:27.925603,0.588,2026-03-11T14:57:29.437000,72,,,errors=Stop sign violation
participant_08,1,day,Town10HD_Opt,2026-03-11T14:57:30.832070,40.711692810058594,54.20360565185547,0.0020135117229074,0.0,-2.875,0.0,1.0,0,0,1,,1.0,2026-03-11T14:57:30.832070,angry,0.833,2026-03-11T14:57:30.832070,0.581,2026-03-11T14:57:30.427000,72,,,
participant_08,1,day,Town10HD_Opt,2026-03-11T14:57:31.887695,40.711692810058594,54.20374298095703,0.001921119634062,0.001,-1.347,0.0,0.0,0,0,1,,1.0,2026-03-11T14:57:31.887695,angry,0.833,2026-03-11T14:57:30.832070,0.574,2026-03-11T14:57:31.417000,74,,,
participant_08,1,day,Town10HD_Opt,2026-03-11T14:57:32.897429,40.711692810058594,54.20375061035156,0.0019192504696547,0.001,-1.335,0.0,0.0,0,0,1,,1.0,2026-03-11T14:57:32.897429,happy,1.0,2026-03-11T14:57:32.897429,0.567,2026-03-11T14:57:32.406000,74,,,
participant_08,1,day,Town10HD_Opt,2026-03-11T14:57:33.882057,40.711692810058594,54.20375061035156,0.0019190596649423,0.001,-1.316,0.0,0.0,0,0,1,,1.0,2026-03-11T14:57:33.882057,happy,1.0,2026-03-11T14:57:32.897429,0.567,2026-03-11T14:57:33.442000,75,,,
participant_08,1,day,Town10HD_Opt,2026-03-11T14:57:34.860851,40.73980331420898,54.71484756469727,0.0014677428407594,10.467,-1.333,1.0,0.0,0,0,1,,1.0,2026-03-11T14:57:34.860851,happy,1.0,2026-03-11T14:57:32.897429,0.561,2026-03-11T14:57:34.432000,75,,,
participant_08,1,day,Town10HD_Opt,2026-03-11T14:57:35.850153,41.06023406982422,59.28144073486328,0.0015468597412109,31.431,-2.744,1.0,0.0,0,0,1,,1.0,2026-03-11T14:57:35.850153,happy,0.959,2026-03-11T14:57:35.850153,0.561,2026-03-11T14:57:35.421000,76,,,
participant_08,1,day,Town10HD_Opt,2026-03-11T14:57:36.862124,43.38501739501953,68.18789672851562,0.0016209792811423,49.207,-19.246,1.0,0.0,0,0,1,,1.0,2026-03-11T14:57:36.862124,happy,0.959,2026-03-11T14:57:35.850153,0.567,2026-03-11T14:57:36.412000,76,,,errors=Stop sign violation | Collision
participant_08,1,day,Town10HD_Opt,2026-03-11T14:57:37.893462,50.94237518310547,73.05785369873047,-0.0008772277506068,35.564,-12.299,0.0,0.0,0,0,1,,1.0,2026-03-11T14:57:37.893462,happy,0.706,2026-03-11T14:57:37.893462,0.574,2026-03-11T14:57:37.585000,75,,,
participant_08,1,day,Town10HD_Opt,2026-03-11T14:57:38.925732,58.437835693359375,72.03250122070312,0.0021191786509007,30.113,5.354,0.381,0.0,0,0,1,,1.0,2026-03-11T14:57:38.925732,happy,0.706,2026-03-11T14:57:37.893462,0.601,2026-03-11T14:57:38.437000,76,,,
participant_08,1,day,Town10HD_Opt,2026-03-11T14:57:39.943085,65.38771057128906,71.38214874267578,0.0020847702398896,29.022,1.72,0.183,0.0,0,0,1,,1.0,2026-03-11T14:57:39.943085,happy,0.999,2026-03-11T14:57:39.943085,0.635,2026-03-11T14:57:39.426000,77,,,
participant_08,1,day,Town10HD_Opt,2026-03-11T14:57:40.868697,70.14576721191406,71.23678588867188,0.0022307967301458,24.021,-0.881,0.0,0.0,0,0,1,,1.0,2026-03-11T14:57:40.868697,happy,0.999,2026-03-11T14:57:39.943085,0.675,2026-03-11T14:57:40.416000,78,,,
participant_08,1,day,Town10HD_Opt,2026-03-11T14:57:41.901749,75.56156921386719,70.96427917480469,0.0016693496145308,29.576,-0.606,1.0,0.0,0,0,1,,1.0,2026-03-11T14:57:41.901749,happy,0.999,2026-03-11T14:57:39.943085,0.709,2026-03-11T14:57:41.407000,79,,,errors=Solid line crossing
participant_08,1,day,Town10HD_Opt,2026-03-11T14:57:42.960749,84.7149429321289,70.34676361083984,0.0015532684046775,49.986,3.669,1.0,0.0,0,0,1,,1.0,2026-03-11T14:57:42.960749,sad,0.646,2026-03-11T14:57:42.960749,0.743,2026-03-11T14:57:42.442000,79,,,
participant_08,1,day,Town10HD_Opt,2026-03-11T14:57:43.985596,95.9973602294922,71.41397857666016,0.0024928664788603,41.875,23.567,0.0,0.0,0,0,1,,1.0,2026-03-11T14:57:43.985596,sad,0.646,2026-03-11T14:57:42.960749,0.77,2026-03-11T14:57:43.433000,79,,,
participant_08,1,day,Town10HD_Opt,2026-03-11T14:57:45.004946,100.37696838378906,77.21314239501953,0.0025376891717314,25.531,38.096,0.35,0.0,0,0,1,,1.0,2026-03-11T14:57:45.004946,neutral,0.785,2026-03-11T14:57:45.004946,0.79,2026-03-11T14:57:44.422000,78,,,
participant_08,1,day,Town10HD_Opt,2026-03-11T14:57:45.848162,99.25244903564452,81.79206848144531,0.0017240905435755,32.937,-2.014,0.937,0.0,0,0,1,,1.0,2026-03-11T14:57:45.848162,neutral,0.785,2026-03-11T14:57:45.004946,0.79,2026-03-11T14:57:45.411000,76,,,
participant_08,1,day,Town10HD_Opt,2026-03-11T14:57:46.930687,99.33348083496094,90.58528137207033,0.0016393279656767,45.689,0.188,1.0,0.0,0,0,1,,1.0,2026-03-11T14:57:46.930687,neutral,0.785,2026-03-11T14:57:45.004946,0.783,2026-03-11T14:57:46.447000,75,,,
participant_08,1,day,Town10HD_Opt,2026-03-11T14:57:47.964773,99.98536682128906,101.88751983642578,0.0021102142054587,48.915,16.421,0.881,0.0,0,0,1,,1.0,2026-03-11T14:57:47.964773,neutral,0.635,2026-03-11T14:57:47.964773,0.783,2026-03-11T14:57:47.437000,75,,,
participant_08,1,day,Town10HD_Opt,2026-03-11T14:57:49.019012,93.15099334716795,111.12654113769533,0.0020173643715679,50.431,-2.442,0.844,0.0,0,0,1,,1.0,2026-03-11T14:57:49.019012,neutral,0.635,2026-03-11T14:57:47.964773,0.783,2026-03-11T14:57:48.427000,76,,,errors=Solid line crossing
participant_08,1,day,Town10HD_Opt,2026-03-11T14:57:49.895079,87.38113403320312,117.64429473876952,0.0020903013646602,48.918,-1.554,0.594,0.0,0,0,1,phone_call,0.874,2026-03-11T14:57:49.895079,neutral,0.635,2026-03-11T14:57:47.964773,0.777,2026-03-11T14:57:49.417000,76,,,
participant_08,1,day,Town10HD_Opt,2026-03-11T14:57:50.955888,79.79533386230469,126.3711166381836,0.0021064758766442,49.149,13.273,0.581,0.0,0,0,1,,1.0,2026-03-11T14:57:50.955888,neutral,0.55,2026-03-11T14:57:50.955888,0.77,2026-03-11T14:57:50.407000,77,,,
participant_08,1,day,Town10HD_Opt,2026-03-11T14:57:51.782981,71.87993621826172,129.64718627929688,0.0019971847068518,50.09,3.476,0.587,0.0,0,0,1,,1.0,2026-03-11T14:57:51.782981,neutral,0.55,2026-03-11T14:57:50.955888,0.756,2026-03-11T14:57:51.441000,77,,,
participant_08,1,day,Town10HD_Opt,2026-03-11T14:57:52.864142,60.44595718383789,131.83360290527344,0.0019991684239357,50.228,4.955,0.585,0.0,0,0,1,,1.0,2026-03-11T14:57:52.864142,neutral,0.55,2026-03-11T14:57:50.955888,0.743,2026-03-11T14:57:52.476000,77,,,
participant_08,1,day,Town10HD_Opt,2026-03-11T14:57:53.950029,48.87063980102539,132.04986572265625,0.0019973372109234,50.228,0.705,0.58,0.0,0,0,1,,1.0,2026-03-11T14:57:53.950029,neutral,0.956,2026-03-11T14:57:53.950029,0.723,2026-03-11T14:57:53.422000,76,,,
participant_08,1,day,Town10HD_Opt,2026-03-11T14:57:54.997043,37.26627731323242,131.63116455078125,0.0019977949559688,50.225,-0.472,0.583,0.0,0,0,1,,1.0,2026-03-11T14:57:54.997043,neutral,0.956,2026-03-11T14:57:53.950029,0.716,2026-03-11T14:57:54.457000,77,,,
participant_08,1,day,Town10HD_Opt,2026-03-11T14:57:56.008418,25.63158226013184,131.7355499267578,0.0020002364180982,50.291,1.8,0.611,0.0,0,0,1,,1.0,2026-03-11T14:57:56.008418,neutral,0.811,2026-03-11T14:57:56.008418,0.729,2026-03-11T14:57:55.447000,78,,,
participant_08,1,day,Town10HD_Opt,2026-03-11T14:57:56.828833,16.93779182434082,131.524658203125,0.001966361887753,50.993,-1.49,0.964,0.0,0,0,1,,1.0,2026-03-11T14:57:56.828833,neutral,0.811,2026-03-11T14:57:56.008418,0.75,2026-03-11T14:57:56.481000,78,,,
participant_08,1,day,Town10HD_Opt,2026-03-11T14:57:57.837800,5.14788818359375,131.51864624023438,0.0019558714702725,51.065,-0.576,0.0,0.0,0,0,1,,1.0,2026-03-11T14:57:57.837800,neutral,0.811,2026-03-11T14:57:56.008418,0.743,2026-03-11T14:57:57.427000,74,Solid line crossing,Solid line crossing,
participant_08,1,day,Town10HD_Opt,2026-03-11T14:57:58.906104,-6.521392822265625,131.9365692138672,0.0019974135793745,50.015,0.79,0.742,0.0,0,0,1,,1.0,2026-03-11T14:57:58.906104,neutral,0.725,2026-03-11T14:57:58.906104,0.716,2026-03-11T14:57:58.418000,72,,,
participant_08,1,day,Town10HD_Opt,2026-03-11T14:57:59.973202,-17.725109100341797,131.7265167236328,0.0023449705913662,42.443,1.824,0.0,0.869,0,0,1,,1.0,2026-03-11T14:57:59.973202,neutral,0.725,2026-03-11T14:57:58.906104,0.675,2026-03-11T14:57:59.407000,70,,,errors=Harsh braking
participant_08,1,day,Town10HD_Opt,2026-03-11T14:58:01.013077,-25.30417823791504,130.92388916015625,0.0024890517815947,21.837,-1.941,0.0,1.0,0,0,1,,0.875,2026-03-11T14:58:01.013077,angry,0.972,2026-03-11T14:58:01.013077,0.635,2026-03-11T14:58:00.488000,71,,,errors=Red light violation
participant_08,1,day,Town10HD_Opt,2026-03-11T14:58:01.823606,-26.85974884033203,130.80873107910156,0.0023474120534956,0.001,-1.951,0.0,1.0,0,0,1,,0.89,2026-03-11T14:58:01.823606,angry,0.972,2026-03-11T14:58:01.013077,0.594,2026-03-11T14:58:01.431000,71,,,
participant_08,1,day,Town10HD_Opt,2026-03-11T14:58:02.856380,-26.86067581176757,130.80874633789062,0.001924056909047,0.001,-0.696,0.0,0.0,0,0,1,,1.0,2026-03-11T14:58:02.856380,angry,0.972,2026-03-11T14:58:01.013077,0.567,2026-03-11T14:58:02.467000,73,,,
participant_08,1,day,Town10HD_Opt,2026-03-11T14:58:03.862952,-26.86075592041016,130.80874633789062,0.0019191741012036,0.0,-0.898,0.0,0.0,0,0,1,,1.0,2026-03-11T14:58:03.862952,happy,0.901,2026-03-11T14:58:03.862952,0.554,2026-03-11T14:58:03.412000,74,,,
participant_08,1,day,Town10HD_Opt,2026-03-11T14:58:04.854645,-26.86075592041016,130.80874633789062,0.0019191741012036,0.0,0.021,0.0,0.0,0,0,1,,1.0,2026-03-11T14:58:04.854645,happy,0.901,2026-03-11T14:58:03.862952,0.534,2026-03-11T14:58:04.446000,74,,,
participant_08,1,day,Town10HD_Opt,2026-03-11T14:58:05.816836,-26.86075592041016,130.80874633789062,0.0019190978491678,0.0,-0.651,0.0,0.0,0,0,1,phone_call,0.936,2026-03-11T14:58:05.816836,happy,0.901,2026-03-11T14:58:03.862952,0.507,2026-03-11T14:58:05.437000,74,,,
participant_08,1,day,Town10HD_Opt,2026-03-11T14:58:06.794480,-26.86075592041016,130.80874633789062,0.0019191360333934,0.0,0.186,0.0,0.0,0,0,1,phone_call,0.822,2026-03-11T14:58:06.794480,neutral,0.731,2026-03-11T14:58:06.794480,0.48,2026-03-11T14:58:06.427000,74,,,
participant_08,1,day,Town10HD_Opt,2026-03-11T14:58:07.792753,-26.87065315246582,130.807861328125,0.0018703460227698,1.562,1.363,1.0,0.0,0,0,1,,1.0,2026-03-11T14:58:07.792753,neutral,0.731,2026-03-11T14:58:06.794480,0.487,2026-03-11T14:58:07.417000,75,,,
participant_08,1,day,Town10HD_Opt,2026-03-11T14:58:08.787144,-29.45207023620605,130.556884765625,0.0017015074845403,21.373,4.537,1.0,0.0,0,0,1,,1.0,2026-03-11T14:58:08.787144,neutral,0.731,2026-03-11T14:58:06.794480,0.507,2026-03-11T14:58:08.452000,75,,,
participant_08,1,day,Town10HD_Opt,2026-03-11T14:58:09.811424,-36.28132247924805,128.4046173095703,0.0015774153871461,41.673,15.164,1.0,0.0,0,0,1,,1.0,2026-03-11T14:58:09.811424,neutral,0.626,2026-03-11T14:58:09.811424,0.54,2026-03-11T14:58:09.442000,75,,,
participant_08,1,day,Town10HD_Opt,2026-03-11T14:58:10.862225,-43.2142333984375,119.88687896728516,0.0021557235158979,48.049,17.731,1.0,0.0,0,0,1,,1.0,2026-03-11T14:58:10.862225,neutral,0.626,2026-03-11T14:58:09.811424,0.574,2026-03-11T14:58:10.432000,76,,,
participant_08,1,day,Town10HD_Opt,2026-03-11T14:58:11.951429,-41.99702072143555,108.5546875,0.0022151947487145,47.858,-5.56,0.0,0.0,0,0,1,,1.0,2026-03-11T14:58:11.951429,neutral,0.807,2026-03-11T14:58:11.951429,0.621,2026-03-11T14:58:11.422000,78,,,errors=Solid line crossing
participant_08,1,day,Town10HD_Opt,2026-03-11T14:58:13.011298,-41.17140197753906,99.1625747680664,0.0023348997347056,34.258,-5.782,0.193,0.0,0,0,1,phone_call,0.804,2026-03-11T14:58:13.011298,neutral,0.807,2026-03-11T14:58:11.951429,0.669,2026-03-11T14:58:12.412000,80,,,
participant_08,1,day,Town10HD_Opt,2026-03-11T14:58:13.802347,-42.18576049804688,93.68134307861328,0.0022128296550363,29.389,-0.799,0.195,0.0,0,0,1,,1.0,2026-03-11T14:58:13.802347,neutral,0.807,2026-03-11T14:58:11.951429,0.709,2026-03-11T14:58:13.537000,80,,,
participant_08,1,day,Town10HD_Opt,2026-03-11T14:58:14.865415,-42.97308349609375,87.44308471679688,0.0027664185035973,25.278,8.01,0.666,0.0,0,0,1,,1.0,2026-03-11T14:58:14.865415,neutral,0.56,2026-03-11T14:58:14.865415,0.743,2026-03-11T14:58:14.437000,79,,,
participant_08,1,day,Town10HD_Opt,2026-03-11T14:58:15.913528,-42.08241271972656,80.7731704711914,0.0019095229217782,32.495,10.108,0.545,0.0,0,0,1,,1.0,2026-03-11T14:58:15.913528,neutral,0.56,2026-03-11T14:58:14.865415,0.777,2026-03-11T14:58:15.427000,79,,,
participant_08,1,day,Town10HD_Opt,2026-03-11T14:58:17.019150,-38.078983306884766,74.01969146728516,0.0019967651460319,36.062,17.351,0.55,0.0,0,0,1,,1.0,2026-03-11T14:58:17.019150,neutral,0.887,2026-03-11T14:58:17.019150,0.81,2026-03-11T14:58:16.417000,79,,,
participant_08,1,day,Town10HD_Opt,2026-03-11T14:58:17.865975,-32.36857604980469,71.09944915771484,0.0020031356252729,38.444,12.631,0.551,0.0,0,0,1,,1.0,2026-03-11T14:58:17.865975,neutral,0.887,2026-03-11T14:58:17.019150,0.837,2026-03-11T14:58:17.452000,79,,,errors=Solid line crossing
participant_08,1,day,Town10HD_Opt,2026-03-11T14:58:18.932416,-23.043058395385746,70.41070556640625,0.0019579315558075,42.118,-0.926,0.551,0.0,0,0,1,,1.0,2026-03-11T14:58:18.932416,neutral,0.887,2026-03-11T14:58:17.019150,0.871,2026-03-11T14:58:18.442000,80,,,
participant_08,1,day,Town10HD_Opt,2026-03-11T14:58:19.985197,-12.866167068481444,70.20406341552734,0.001966361887753,45.304,2.497,0.558,0.0,0,0,1,,1.0,2026-03-11T14:58:19.985197,sad,0.736,2026-03-11T14:58:19.985197,0.905,2026-03-11T14:58:19.432000,80,Solid line crossing,Solid line crossing,
participant_08,1,day,Town10HD_Opt,2026-03-11T14:58:21.003626,-2.0201215744018555,70.92000579833984,0.0019776916597038,48.04,-0.195,0.557,0.0,0,0,1,,1.0,2026-03-11T14:58:21.003626,sad,0.736,2026-03-11T14:58:19.985197,0.918,2026-03-11T14:58:20.422000,78,,,
participant_08,1,day,Town10HD_Opt,2026-03-11T14:58:21.773641,6.172534465789795,71.6451644897461,0.0023070524912327,42.619,-4.049,0.0,0.0,0,0,1,,1.0,2026-03-11T14:58:21.773641,sad,0.736,2026-03-11T14:58:19.985197,0.911,2026-03-11T14:58:21.412000,77,,,
participant_08,1,day,Town10HD_Opt,2026-03-11T14:58:22.806033,14.581220626831056,71.26639556884766,0.0024046706967055,28.27,-1.156,0.0,0.631,0,0,1,,1.0,2026-03-11T14:58:22.806033,sad,0.516,2026-03-11T14:58:22.806033,0.884,2026-03-11T14:58:22.446000,76,,,
participant_08,1,day,Town10HD_Opt,2026-03-11T14:58:23.874600,19.70297813415528,70.72736358642578,0.002007293747738,17.122,-0.244,0.0,0.0,0,0,1,,1.0,2026-03-11T14:58:23.874600,sad,0.516,2026-03-11T14:58:22.806033,0.851,2026-03-11T14:58:23.437000,75,,,errors=Solid line crossing
participant_08,1,day,Town10HD_Opt,2026-03-11T14:58:24.936972,23.32641220092773,70.318603515625,0.001909980783239,15.602,-0.43,0.366,0.0,0,0,1,,1.0,2026-03-11T14:58:24.936972,neutral,0.715,2026-03-11T14:58:24.936972,0.817,2026-03-11T14:58:24.427000,74,,,
participant_08,1,day,Town10HD_Opt,2026-03-11T14:58:26.024626,26.93365859985352,69.81161499023438,0.0017954254290089,17.629,-3.436,0.89,0.0,0,0,1,,1.0,2026-03-11T14:58:26.024626,neutral,0.715,2026-03-11T14:58:24.936972,0.797,2026-03-11T14:58:25.463000,76,,,errors=Stop sign violation
participant_08,1,day,Town10HD_Opt,2026-03-11T14:58:26.862096,30.80779266357422,68.9334487915039,0.0015527724754065,31.105,-7.601,0.997,0.0,0,0,1,,1.0,2026-03-11T14:58:26.862096,neutral,0.715,2026-03-11T14:58:24.936972,0.777,2026-03-11T14:58:26.452000,76,,,
participant_08,1,day,Town10HD_Opt,2026-03-11T14:58:27.956684,38.68636703491211,64.49418640136719,0.001748542767018,46.195,-17.818,0.726,0.0,0,0,1,,1.0,2026-03-11T14:58:27.956684,neutral,0.625,2026-03-11T14:58:27.956684,0.763,2026-03-11T14:58:27.442000,77,,,
participant_08,1,day,Town10HD_Opt,2026-03-11T14:58:28.774414,42.52454376220703,57.08357238769531,0.001881904550828,50.987,-5.271,0.0,0.0,0,0,1,,1.0,2026-03-11T14:58:28.774414,neutral,0.625,2026-03-11T14:58:27.956684,0.736,2026-03-11T14:58:28.432000,76,,,errors=Solid line crossing
participant_08,1,day,Town10HD_Opt,2026-03-11T14:58:29.894736,43.55451583862305,46.49478912353516,0.002400474390015,37.653,0.964,0.0,0.493,0,0,1,,1.0,2026-03-11T14:58:29.894736,neutral,0.625,2026-03-11T14:58:27.956684,0.716,2026-03-11T14:58:29.422000,77,,,
participant_08,1,day,Town10HD_Opt,2026-03-11T14:58:30.990331,44.14329528808594,39.4363899230957,0.0023274994455277,23.595,3.109,0.035,0.0,0,0,1,,1.0,2026-03-11T14:58:30.990331,sad,0.6,2026-03-11T14:58:30.990331,0.716,2026-03-11T14:58:30.413000,78,,,
participant_08,1,day,Town10HD_Opt,2026-03-11T14:58:31.794659,44.96604537963867,35.81821823120117,0.0021776580251753,19.508,17.421,0.366,0.0,0,0,1,,1.0,2026-03-11T14:58:31.794659,sad,0.6,2026-03-11T14:58:30.990331,0.723,2026-03-11T14:58:31.493000,78,,,
participant_08,1,day,Town10HD_Opt,2026-03-11T14:58:32.823377,47.877288818359375,31.86714744567871,0.0019960785284638,23.52,23.045,0.46,0.0,0,0,1,,1.0,2026-03-11T14:58:32.823377,sad,0.6,2026-03-11T14:58:30.990331,0.729,2026-03-11T14:58:32.482000,77,,,
participant_08,1,day,Town10HD_Opt,2026-03-11T14:58:33.859950,52.74634552001953,29.80277442932129,0.0020889663137495,22.167,5.609,0.352,0.0,0,0,1,,1.0,2026-03-11T14:58:33.859950,neutral,0.761,2026-03-11T14:58:33.859950,0.75,2026-03-11T14:58:33.427000,78,,,
participant_08,1,day,Town10HD_Opt,2026-03-11T14:58:34.905279,57.76873779296875,28.40597343444824,0.0020307158119976,22.708,-3.113,0.601,0.0,0,0,1,,1.0,2026-03-11T14:58:34.905279,neutral,0.761,2026-03-11T14:58:33.859950,0.783,2026-03-11T14:58:34.418000,79,,,
participant_08,1,day,Town10HD_Opt,2026-03-11T14:58:35.949933,63.5073127746582,26.57851219177246,0.0019997023046016,27.537,2.631,0.365,0.0,0,0,1,,1.0,2026-03-11T14:58:35.949933,neutral,0.783,2026-03-11T14:58:35.949933,0.81,2026-03-11T14:58:35.452000,80,Stop sign violation,stop_sign_id=833,
participant_08,1,day,Town10HD_Opt,2026-03-11T14:58:37.020001,69.75279235839844,25.15976524353028,0.0020811462309211,26.587,5.033,0.0,0.0,0,0,1,,1.0,2026-03-11T14:58:37.020001,neutral,0.783,2026-03-11T14:58:35.949933,0.844,2026-03-11T14:58:36.532000,81,,,
participant_08,1,day,Town10HD_Opt,2026-03-11T14:58:37.787659,73.89395141601562,24.693492889404297,0.0022473144344985,20.351,5.122,0.0,0.0,0,0,1,,1.0,2026-03-11T14:58:37.787659,neutral,0.783,2026-03-11T14:58:35.949933,0.891,2026-03-11T14:58:37.432000,84,,,
participant_08,1,day,Town10HD_Opt,2026-03-11T14:58:38.780313,77.91030883789062,24.62520980834961,0.0020936203654855,13.179,2.264,0.0,0.695,0,0,1,,1.0,2026-03-11T14:58:38.780313,sad,0.628,2026-03-11T14:58:38.780313,0.952,2026-03-11T14:58:38.422000,85,,,
participant_08,1,day,Town10HD_Opt,2026-03-11T14:58:39.781970,79.55329132080078,24.654523849487305,0.0022529601119458,0.001,2.174,0.0,0.949,0,0,1,,1.0,2026-03-11T14:58:39.781970,sad,0.628,2026-03-11T14:58:38.780313,0.986,2026-03-11T14:58:39.412000,82,,,
participant_08,1,day,Town10HD_Opt,2026-03-11T14:58:40.771343,79.55369567871094,24.65454292297364,0.0019239806570112,0.0,0.964,0.0,0.0,0,0,1,,1.0,2026-03-11T14:58:40.771343,sad,0.628,2026-03-11T14:58:38.780313,1.0,2026-03-11T14:58:40.447000,81,,,
participant_08,1,day,Town10HD_Opt,2026-03-11T14:58:42.007891,79.55369567871094,24.65454292297364,0.0019193649059161,0.0,-0.08,0.0,0.0,0,0,1,,1.0,2026-03-11T14:58:42.007891,sad,0.924,2026-03-11T14:58:42.007891,1.0,2026-03-11T14:58:41.438000,80,,,
participant_08,1,day,Town10HD_Opt,2026-03-11T14:58:42.992235,79.55369567871094,24.65454292297364,0.0019193649059161,0.0,-0.491,0.0,0.0,0,0,1,,1.0,2026-03-11T14:58:42.992235,sad,0.924,2026-03-11T14:58:42.007891,1.0,2026-03-11T14:58:42.428000,80,,,
participant_08,1,day,Town10HD_Opt,2026-03-11T14:58:43.997828,79.60000610351562,24.654935836791992,0.0018595122965052,1.203,-0.792,0.0,0.0,0,0,1,,1.0,2026-03-11T14:58:43.997828,sad,0.924,2026-03-11T14:58:42.007891,1.0,2026-03-11T14:58:43.418000,80,,,
participant_08,1,day,Town10HD_Opt,2026-03-11T14:58:44.974687,79.87211608886719,24.656747817993164,0.0019272231729701,0.965,-0.898,0.0,0.0,0,0,1,,1.0,2026-03-11T14:58:44.974687,sad,0.982,2026-03-11T14:58:44.974687,1.0,2026-03-11T14:58:44.452000,80,,,
participant_08,1,day,Town10HD_Opt,2026-03-11T14:58:45.971786,80.0680160522461,24.657699584960938,0.0019257353851571,0.688,-0.933,0.0,0.0,0,0,1,,1.0,2026-03-11T14:58:45.971786,sad,0.982,2026-03-11T14:58:44.974687,1.0,2026-03-11T14:58:45.443000,80,,,
participant_08,1,day,Town10HD_Opt,2026-03-11T14:58:46.975559,80.20577239990234,24.65811920166016,0.0019237517844885,0.476,-1.112,0.0,0.0,0,0,1,,1.0,2026-03-11T14:58:46.975559,sad,0.994,2026-03-11T14:58:46.975559,1.0,2026-03-11T14:58:46.432000,82,Solid line crossing,Solid line crossing,
participant_08,1,day,Town10HD_Opt,2026-03-11T14:58:47.953862,80.30264282226562,24.65822410583496,0.0019223785493522,0.334,-1.161,0.0,0.0,0,0,1,,1.0,2026-03-11T14:58:47.953862,sad,0.994,2026-03-11T14:58:46.975559,1.0,2026-03-11T14:58:47.423000,83,,,
participant_08,1,day,Town10HD_Opt,2026-03-11T14:58:48.901214,80.37077331542969,24.65825843811035,0.0019213104387745,0.237,-1.161,0.0,0.0,0,0,1,,1.0,2026-03-11T14:58:48.901214,sad,0.994,2026-03-11T14:58:46.975559,1.0,2026-03-11T14:58:48.413000,83,,,
participant_08,1,day,Town10HD_Opt,2026-03-11T14:58:49.886882,80.41868591308594,24.65825462341309,0.0019207381410524,0.163,-1.215,0.0,0.0,0,0,1,,1.0,2026-03-11T14:58:49.886882,sad,0.964,2026-03-11T14:58:49.886882,1.0,2026-03-11T14:58:49.492000,82,,,
participant_08,1,day,Town10HD_Opt,2026-03-11T14:58:50.863667,80.452392578125,24.6582145690918,0.0019202422117814,0.116,-1.196,0.0,0.0,0,0,1,,1.0,2026-03-11T14:58:50.863667,sad,0.964,2026-03-11T14:58:49.886882,1.0,2026-03-11T14:58:50.482000,80,,,
participant_08,1,day,Town10HD_Opt,2026-03-11T14:58:51.905947,80.4910888671875,24.658355712890625,0.0018785475986078,0.853,-0.439,0.492,0.0,0,0,1,,1.0,2026-03-11T14:58:51.905947,neutral,0.702,2026-03-11T14:58:51.905947,1.0,2026-03-11T14:58:51.427000,79,,,
participant_08,1,day,Town10HD_Opt,2026-03-11T14:58:52.899344,82.33336639404297,24.66105079650879,0.0014183425810188,18.495,-0.877,0.95,0.0,0,0,1,,1.0,2026-03-11T14:58:52.899344,neutral,0.702,2026-03-11T14:58:51.905947,1.0,2026-03-11T14:58:52.418000,77,,,
participant_08,1,day,Town10HD_Opt,2026-03-11T14:58:53.900872,88.07750701904297,24.56166648864746,0.0017157745314761,31.723,-0.942,0.737,0.0,0,0,1,,1.0,2026-03-11T14:58:53.900872,neutral,0.702,2026-03-11T14:58:51.905947,0.986,2026-03-11T14:58:53.453000,76,,,
participant_08,1,day,Town10HD_Opt,2026-03-11T14:58:54.901462,96.6285400390625,23.571489334106445,0.0018148040398955,42.569,-13.982,0.7,0.0,0,0,1,,1.0,2026-03-11T14:58:54.901462,happy,0.998,2026-03-11T14:58:54.901462,0.959,2026-03-11T14:58:54.442000,76,,,
participant_08,1,day,Town10HD_Opt,2026-03-11T14:58:55.912165,104.4564437866211,17.27345085144043,0.0023199843708425,46.22,-23.656,0.699,0.0,0,0,1,,1.0,2026-03-11T14:58:55.912165,happy,0.998,2026-03-11T14:58:54.901462,0.932,2026-03-11T14:58:55.432000,76,,,
participant_08,1,day,Town10HD_Opt,2026-03-11T14:58:57.004077,103.51517486572266,6.578527450561523,0.0019127273699268,50.341,-2.819,0.682,0.0,0,0,1,,1.0,2026-03-11T14:58:57.004077,sad,0.514,2026-03-11T14:58:57.004077,0.891,2026-03-11T14:58:56.422000,76,,,
participant_08,1,day,Town10HD_Opt,2026-03-11T14:58:57.864457,99.84957885742188,-1.2324126958847046,0.0020770644769072,48.498,18.079,0.503,0.0,0,0,1,phone_call,0.8,2026-03-11T14:58:57.864457,sad,0.514,2026-03-11T14:58:57.004077,0.844,2026-03-11T14:58:57.547000,76,,,
participant_08,1,day,Town10HD_Opt,2026-03-11T14:58:58.868582,101.47257232666016,-10.907586097717283,0.0024310683365911,36.141,18.656,0.092,0.0,0,0,1,,1.0,2026-03-11T14:58:58.868582,sad,0.514,2026-03-11T14:58:57.004077,0.797,2026-03-11T14:58:58.628000,76,,,errors=Solid line crossing
participant_08,1,day,Town10HD_Opt,2026-03-11T14:58:59.818314,106.93284606933594,-16.050437927246094,0.0021852874197065,29.001,-9.1,0.286,0.0,0,0,1,,1.0,2026-03-11T14:58:59.818314,neutral,0.722,2026-03-11T14:58:59.818314,0.75,2026-03-11T14:58:59.437000,75,,,
participant_08,1,day,Town10HD_Opt,2026-03-11T14:59:00.813869,109.86679077148438,-21.23373985290528,0.0022964095696806,21.5,-21.598,0.0,0.0,0,0,1,,1.0,2026-03-11T14:59:00.813869,neutral,0.722,2026-03-11T14:58:59.818314,0.716,2026-03-11T14:59:00.427000,75,,,
participant_08,1,day,Town10HD_Opt,2026-03-11T14:59:01.816482,109.58197021484376,-25.582338333129883,0.0021450042258948,18.564,-16.769,0.538,0.0,0,0,1,,1.0,2026-03-11T14:59:01.816482,neutral,0.722,2026-03-11T14:58:59.818314,0.682,2026-03-11T14:59:01.418000,74,,,
participant_08,1,day,Town10HD_Opt,2026-03-11T14:59:02.822500,107.70136260986328,-30.183061599731445,0.0018684004899114,25.172,0.073,0.621,0.0,0,0,1,,1.0,2026-03-11T14:59:02.822500,angry,0.698,2026-03-11T14:59:02.822500,0.655,2026-03-11T14:59:02.452000,73,,,
participant_08,1,day,Town10HD_Opt,2026-03-11T14:59:03.798525,104.8880615234375,-37.1109504699707,0.0015617370372638,42.245,4.926,0.983,0.0,0,0,1,,1.0,2026-03-11T14:59:03.798525,angry,0.698,2026-03-11T14:59:02.822500,0.628,2026-03-11T14:59:03.442000,72,,,errors=Solid line crossing
participant_08,1,day,Town10HD_Opt,2026-03-11T14:59:04.776516,102.97567749023438,-48.13256072998047,0.0021485518664121,48.079,2.972,0.786,0.0,0,0,1,,1.0,2026-03-11T14:59:04.776516,angry,0.698,2026-03-11T14:59:02.822500,0.601,2026-03-11T14:59:04.612000,72,,,
participant_08,1,day,Town10HD_Opt,2026-03-11T14:59:05.979806,100.56199645996094,-62.04476547241211,0.1532273441553115,45.437,-25.363,0.0,0.0,0,0,1,,1.0,2026-03-11T14:59:05.979806,neutral,0.657,2026-03-11T14:59:05.979806,0.588,2026-03-11T14:59:05.423000,74,,,
participant_08,1,day,Town10HD_Opt,2026-03-11T14:59:06.791183,94.73944091796876,-65.29106140136719,0.154711827635765,32.47,-25.325,0.0,0.0,0,0,1,,1.0,2026-03-11T14:59:06.791183,neutral,0.657,2026-03-11T14:59:05.979806,0.588,2026-03-11T14:59:06.412000,76,,,errors=Solid line crossing
participant_08,1,day,Town10HD_Opt,2026-03-11T14:59:07.928955,88.73749542236328,-63.20426559448242,0.0132995219901204,22.893,-8.78,0.063,0.0,0,0,1,,1.0,2026-03-11T14:59:07.928955,neutral,0.657,2026-03-11T14:59:05.979806,0.594,2026-03-11T14:59:07.448000,77,,,
participant_08,1,day,Town10HD_Opt,2026-03-11T14:59:08.793695,85.84683227539062,-61.116477966308594,0.0022396468557417,17.955,19.553,0.0,0.0,0,0,1,,1.0,2026-03-11T14:59:08.793695,neutral,0.487,2026-03-11T14:59:08.793695,0.608,2026-03-11T14:59:08.438000,78,,,
participant_08,1,day,Town10HD_Opt,2026-03-11T14:59:09.879466,82.38633728027344,-60.35215377807617,0.0020681379828602,12.686,24.299,0.0,0.0,0,0,1,,1.0,2026-03-11T14:59:09.879466,neutral,0.487,2026-03-11T14:59:08.793695,0.621,2026-03-11T14:59:09.427000,77,,,
participant_08,1,day,Town10HD_Opt,2026-03-11T14:59:10.934566,79.59687042236328,-60.87800216674805,0.0019036101875826,12.95,21.317,0.292,0.0,0,0,1,,1.0,2026-03-11T14:59:10.934566,neutral,0.592,2026-03-11T14:59:10.934566,0.621,2026-03-11T14:59:10.417000,75,,,errors=Solid line crossing
participant_08,1,day,Town10HD_Opt,2026-03-11T14:59:11.952406,76.20112609863281,-62.34989929199219,0.0019750595092773,19.532,-5.269,0.397,0.0,0,0,1,,1.0,2026-03-11T14:59:11.952406,neutral,0.592,2026-03-11T14:59:10.934566,0.621,2026-03-11T14:59:11.453000,74,,,
participant_08,1,day,Town10HD_Opt,2026-03-11T14:59:12.934195,71.06756591796875,-64.12399291992188,0.0015537643339484,32.65,-8.051,1.0,0.0,0,0,1,,1.0,2026-03-11T14:59:12.934195,neutral,0.592,2026-03-11T14:59:10.934566,0.628,2026-03-11T14:59:12.487000,74,,,
participant_08,1,day,Town10HD_Opt,2026-03-11T14:59:13.967560,61.58052062988281,-66.20974731445312,0.00158149714116,52.236,-4.15,0.0,0.224,0,0,1,,1.0,2026-03-11T14:59:13.967560,happy,0.99,2026-03-11T14:59:13.967560,0.635,2026-03-11T14:59:13.478000,73,,,
participant_08,1,day,Town10HD_Opt,2026-03-11T14:59:14.765699,52.78258514404297,-66.57535552978516,0.0020902252290397,49.349,-4.851,0.745,0.0,0,0,1,,1.0,2026-03-11T14:59:14.765699,happy,0.99,2026-03-11T14:59:13.967560,0.635,2026-03-11T14:59:14.422000,72,,,
participant_08,1,day,Town10HD_Opt,2026-03-11T14:59:15.821566,41.256160736083984,-65.08092498779297,0.0020057677756994,50.041,5.692,0.707,0.0,0,0,1,,1.0,2026-03-11T14:59:15.821566,happy,0.99,2026-03-11T14:59:13.967560,0.621,2026-03-11T14:59:15.412000,72,,,
participant_08,1,day,Town10HD_Opt,2026-03-11T14:59:16.866318,29.68231201171875,-65.27955627441406,0.0019704054575413,50.784,4.846,0.0,0.0,0,0,1,,1.0,2026-03-11T14:59:16.866318,neutral,0.798,2026-03-11T14:59:16.866318,0.594,2026-03-11T14:59:16.447000,72,,,
participant_08,1,day,Town10HD_Opt,2026-03-11T14:59:17.933741,18.75758934020996,-67.88423919677734,0.0022702789865434,43.424,-7.157,0.0,0.0,0,0,1,,1.0,2026-03-11T14:59:17.933741,neutral,0.798,2026-03-11T14:59:16.866318,0.561,2026-03-11T14:59:17.440000,72,,,
participant_08,1,day,Town10HD_Opt,2026-03-11T14:59:18.972783,10.190507888793944,-67.93061065673828,0.0023548889439553,30.387,-10.374,0.0,0.0,0,0,1,,1.0,2026-03-11T14:59:18.972783,neutral,0.698,2026-03-11T14:59:18.972783,0.52,2026-03-11T14:59:18.427000,72,,,
participant_08,1,day,Town10HD_Opt,2026-03-11T14:59:19.838014,5.628104209899902,-66.67658233642578,0.0022791288793087,23.13,6.059,0.0,0.0,0,0,1,,1.0,2026-03-11T14:59:19.838014,neutral,0.698,2026-03-11T14:59:18.972783,0.5,2026-03-11T14:59:19.418000,74,,,
participant_08,1,day,Town10HD_Opt,2026-03-11T14:59:20.875086,1.133245825767517,-65.93792724609375,0.001977882348001,16.465,5.82,0.174,0.0,0,0,1,,1.0,2026-03-11T14:59:20.875086,neutral,0.698,2026-03-11T14:59:18.972783,0.507,2026-03-11T14:59:20.452000,76,,,
participant_08,1,day,Town10HD_Opt,2026-03-11T14:59:21.884035,-2.8613719940185547,-65.75801849365234,0.0020637512207031,18.405,3.231,0.59,0.0,0,0,1,,1.0,2026-03-11T14:59:21.884035,happy,0.981,2026-03-11T14:59:21.884035,0.52,2026-03-11T14:59:21.442000,76,,,
participant_08,1,day,Town10HD_Opt,2026-03-11T14:59:22.871004,-7.743349552154541,-65.86968231201172,0.0018506239866837,25.059,2.198,0.606,0.0,0,0,1,,1.0,2026-03-11T14:59:22.871004,happy,0.981,2026-03-11T14:59:21.884035,0.534,2026-03-11T14:59:22.433000,76,,,
participant_08,1,day,Town10HD_Opt,2026-03-11T14:59:23.879982,-14.39846420288086,-66.4583511352539,0.0018923567840829,31.815,0.637,0.0,0.0,0,0,1,,1.0,2026-03-11T14:59:23.879982,happy,0.981,2026-03-11T14:59:21.884035,0.547,2026-03-11T14:59:23.423000,75,,,
participant_08,1,day,Town10HD_Opt,2026-03-11T14:59:24.877555,-20.87956047058105,-67.16455078125,0.0022637557704001,23.07,-2.852,0.0,0.0,0,0,1,,1.0,2026-03-11T14:59:24.877555,happy,0.475,2026-03-11T14:59:24.877555,0.567,2026-03-11T14:59:24.413000,75,,,
participant_08,1,day,Town10HD_Opt,2026-03-11T14:59:25.847536,-24.221418380737305,-67.33832550048828,0.002624626038596,0.002,-3.205,0.0,1.0,0,0,1,,1.0,2026-03-11T14:59:25.847536,happy,0.475,2026-03-11T14:59:24.877555,0.574,2026-03-11T14:59:25.447000,73,,,
participant_08,1,day,Town10HD_Opt,2026-03-11T14:59:26.863054,-24.22226905822754,-67.33834075927734,0.0019256209488958,0.0,-0.674,0.0,1.0,0,0,1,,1.0,2026-03-11T14:59:26.863054,happy,0.475,2026-03-11T14:59:24.877555,0.574,2026-03-11T14:59:26.438000,72,,,
participant_08,1,day,Town10HD_Opt,2026-03-11T14:59:27.879329,-24.22227668762207,-67.33834075927734,0.0019190596649423,0.0,-0.237,0.0,0.0,0,0,1,phone_call,0.926,2026-03-11T14:59:27.879329,fear,0.476,2026-03-11T14:59:27.879329,0.581,2026-03-11T14:59:27.428000,73,,,
participant_08,1,day,Town10HD_Opt,2026-03-11T14:59:28.865725,-24.22227668762207,-67.33834075927734,0.0019190596649423,0.0,0.491,0.0,0.0,0,0,1,phone_call,0.966,2026-03-11T14:59:28.865725,fear,0.476,2026-03-11T14:59:27.879329,0.601,2026-03-11T14:59:28.417000,75,,,
participant_08,1,day,Town10HD_Opt,2026-03-11T14:59:29.886224,-24.22227668762207,-67.33834075927734,0.0019190596649423,0.0,-0.009,0.0,0.0,0,0,1,,1.0,2026-03-11T14:59:29.886224,neutral,0.808,2026-03-11T14:59:29.886224,0.615,2026-03-11T14:59:29.453000,76,,,
participant_08,1,day,Town10HD_Opt,2026-03-11T14:59:30.895550,-24.22227668762207,-67.33834075927734,0.0019190596649423,0.0,0.388,0.0,0.0,0,0,1,,1.0,2026-03-11T14:59:30.895550,neutral,0.808,2026-03-11T14:59:29.886224,0.615,2026-03-11T14:59:30.442000,76,,,
participant_08,1,day,Town10HD_Opt,2026-03-11T14:59:31.928057,-24.22140884399414,-67.33830261230469,0.0019187163561582,0.511,0.355,0.716,0.0,0,0,1,,1.0,2026-03-11T14:59:31.928057,happy,0.673,2026-03-11T14:59:31.928057,0.608,2026-03-11T14:59:31.477000,75,,,
participant_08,1,day,Town10HD_Opt,2026-03-11T14:59:32.928046,-26.09204864501953,-67.41934204101562,0.0014488601591438,19.095,2.61,1.0,0.0,0,0,1,,1.0,2026-03-11T14:59:32.928046,happy,0.673,2026-03-11T14:59:31.928057,0.594,2026-03-11T14:59:32.422000,74,,,errors=Red light violation
participant_08,1,day,Town10HD_Opt,2026-03-11T14:59:33.962866,-32.21480941772461,-68.94136810302734,0.0016149139264598,39.188,23.311,1.0,0.0,0,0,1,,1.0,2026-03-11T14:59:33.962866,fear,0.487,2026-03-11T14:59:33.962866,0.588,2026-03-11T14:59:33.458000,74,,,errors=Collision
participant_08,1,day,Town10HD_Opt,2026-03-11T14:59:34.925961,-34.87691879272461,-71.58114624023438,0.0479723364114761,0.988,-15.632,1.0,0.0,0,0,1,,1.0,2026-03-11T14:59:34.925961,fear,0.487,2026-03-11T14:59:33.962866,0.588,2026-03-11T14:59:34.583000,75,,,
participant_08,1,day,Town10HD_Opt,2026-03-11T14:59:35.906430,-34.90098190307617,-71.6090087890625,0.0402597784996032,0.027,-25.864,0.0,0.0,0,0,1,phone_call,0.946,2026-03-11T14:59:35.906430,fear,0.487,2026-03-11T14:59:33.962866,0.615,2026-03-11T14:59:35.437000,77,,,
participant_08,1,day,Town10HD_Opt,2026-03-11T14:59:36.917422,-34.899070739746094,-71.60680389404297,0.0374307632446289,0.02,3.045,0.0,0.0,0,0,1,,1.0,2026-03-11T14:59:36.917422,fear,0.94,2026-03-11T14:59:36.917422,0.655,2026-03-11T14:59:36.427000,78,,,
participant_08,1,day,Town10HD_Opt,2026-03-11T14:59:37.901249,-34.89852523803711,-71.6061782836914,0.0373784638941288,0.0,3.269,0.0,0.0,0,1,-1,,1.0,2026-03-11T14:59:37.901249,fear,0.94,2026-03-11T14:59:36.917422,0.689,2026-03-11T14:59:37.462000,78,,,
participant_08,1,day,Town10HD_Opt,2026-03-11T14:59:38.908752,-34.89397430419922,-71.60082244873047,0.0373653396964073,0.142,3.455,0.311,0.0,0,1,-1,,1.0,2026-03-11T14:59:38.908752,fear,0.94,2026-03-11T14:59:36.917422,0.709,2026-03-11T14:59:38.453000,78,,,
participant_08,1,day,Town10HD_Opt,2026-03-11T14:59:39.888197,-34.43965148925781,-71.05919647216797,0.0373386368155479,10.786,9.916,0.825,0.0,0,1,-1,,1.0,2026-03-11T14:59:39.888197,neutral,0.423,2026-03-11T14:59:39.888197,0.709,2026-03-11T14:59:39.533000,76,,,
participant_08,1,day,Town10HD_Opt,2026-03-11T14:59:40.866631,-31.90597343444824,-68.57959747314453,0.0022142028901726,18.2,13.141,1.0,0.0,0,1,-1,,1.0,2026-03-11T14:59:40.866631,neutral,0.423,2026-03-11T14:59:39.888197,0.709,2026-03-11T14:59:40.478000,76,,,errors=Vehicle collision
participant_08,1,day,Town10HD_Opt,2026-03-11T14:59:41.859915,-29.073400497436523,-66.40618896484375,0.0099897002801299,2.155,11.45,0.0,0.0,0,0,1,,1.0,2026-03-11T14:59:41.859915,neutral,0.423,2026-03-11T14:59:39.888197,0.716,2026-03-11T14:59:41.423000,76,,,errors=Red light violation
participant_08,1,day,Town10HD_Opt,2026-03-11T14:59:42.876962,-32.1976203918457,-67.72561645507812,0.0018346023280173,22.804,-10.394,1.0,0.0,0,0,1,,1.0,2026-03-11T14:59:42.876962,fear,0.621,2026-03-11T14:59:42.876962,0.729,2026-03-11T14:59:42.502000,76,,,
participant_08,1,day,Town10HD_Opt,2026-03-11T14:59:43.878068,-37.49542236328125,-69.25618743896484,0.0028260801918804,8.603,-3.492,0.0,0.0,0,1,-1,,1.0,2026-03-11T14:59:43.878068,fear,0.621,2026-03-11T14:59:42.876962,0.743,2026-03-11T14:59:43.447000,76,,,
participant_08,1,day,Town10HD_Opt,2026-03-11T14:59:44.834738,-37.7312126159668,-69.30620574951172,0.0019530868157744,0.103,-13.392,0.736,0.0,0,1,-1,,1.0,2026-03-11T14:59:44.834738,fear,0.621,2026-03-11T14:59:42.876962,0.743,2026-03-11T14:59:44.438000,75,,,
participant_08,1,day,Town10HD_Opt,2026-03-11T14:59:45.764579,-35.93964767456055,-68.93717956542969,0.0023124313447624,16.544,-20.422,1.0,0.0,0,1,-1,,1.0,2026-03-11T14:59:45.764579,neutral,0.908,2026-03-11T14:59:45.764579,0.723,2026-03-11T14:59:45.427000,74,,,
participant_08,1,day,Town10HD_Opt,2026-03-11T14:59:46.945711,-32.28711700439453,-66.9261245727539,0.0016123199602589,6.511,-12.086,0.0,0.0,0,1,-1,,1.0,2026-03-11T14:59:46.945711,neutral,0.908,2026-03-11T14:59:45.764579,0.689,2026-03-11T14:59:46.462000,73,,,
participant_08,1,day,Town10HD_Opt,2026-03-11T14:59:47.908828,-31.747812271118164,-66.43515014648438,0.0017869567964226,0.077,-9.365,0.306,0.0,0,0,1,,1.0,2026-03-11T14:59:47.908828,neutral,0.959,2026-03-11T14:59:47.908828,0.655,2026-03-11T14:59:47.454000,73,,,
participant_08,1,day,Town10HD_Opt,2026-03-11T14:59:48.852602,-32.67503356933594,-67.23832702636719,0.0014185332693159,15.288,-12.11,1.0,0.0,0,0,1,,1.0,2026-03-11T14:59:48.852602,neutral,0.959,2026-03-11T14:59:47.908828,0.608,2026-03-11T14:59:48.443000,71,,,
participant_08,1,day,Town10HD_Opt,2026-03-11T14:59:49.827781,-37.52904891967773,-69.99515533447266,0.0015262603992596,35.136,-12.658,1.0,0.0,0,0,1,,1.0,2026-03-11T14:59:49.827781,neutral,0.959,2026-03-11T14:59:47.908828,0.567,2026-03-11T14:59:49.433000,70,,,
participant_08,1,day,Town10HD_Opt,2026-03-11T14:59:50.820064,-47.44109725952149,-70.33645629882812,0.0016627120785415,52.142,-20.733,0.0,0.128,0,0,1,,1.0,2026-03-11T14:59:50.820064,happy,0.998,2026-03-11T14:59:50.820064,0.513,2026-03-11T14:59:50.423000,68,,,
participant_08,1,day,Town10HD_Opt,2026-03-11T14:59:51.913828,-54.49483108520508,-62.00674057006836,0.001878967275843,50.973,-22.219,0.0,0.0,0,0,1,,1.0,2026-03-11T14:59:51.913828,happy,0.998,2026-03-11T14:59:50.820064,0.439,2026-03-11T14:59:51.548000,65,,,
participant_08,1,day,Town10HD_Opt,2026-03-11T14:59:52.780491,-52.52632141113281,-53.65346908569336,0.0018664931412786,52.125,6.699,0.0,0.162,0,0,1,,1.0,2026-03-11T14:59:52.780491,happy,0.998,2026-03-11T14:59:50.820064,0.352,2026-03-11T14:59:52.448000,63,,,
participant_08,1,day,Town10HD_Opt,2026-03-11T14:59:53.927351,-51.08668518066406,-43.64095687866211,0.002615165663883,34.107,33.498,0.0,0.0,0,0,1,,1.0,2026-03-11T14:59:53.927351,sad,0.508,2026-03-11T14:59:53.927351,0.277,2026-03-11T14:59:53.438000,65,,,errors=Solid line crossing
participant_08,1,day,Town10HD_Opt,2026-03-11T14:59:54.980332,-56.25555038452149,-40.02812957763672,0.0680936425924301,21.762,11.214,0.0,0.0,0,0,1,,1.0,2026-03-11T14:59:54.980332,sad,0.508,2026-03-11T14:59:53.927351,0.21,2026-03-11T14:59:54.427000,65,,,
participant_08,2,day,Town10HD_Opt,2026-03-11T15:02:24.366526,-41.66858673095703,89.7454833984375,0.580491840839386,17.368,5.893,0.498,0.0,0,0,1,,1.0,2026-03-11T15:02:24.366526,,,2026-03-11T15:02:24.366526,0.546,2026-03-11T15:02:23.511000,70,,,
participant_08,2,day,Town10HD_Opt,2026-03-11T15:02:28.962883,-41.54966735839844,82.54132843017578,0.0018890762003138,17.463,6.955,0.542,0.0,0,0,1,,0.914,2026-03-11T15:02:28.962883,,,2026-03-11T15:02:28.962883,0.53,2026-03-11T15:02:28.462000,72,,,
participant_08,2,day,Town10HD_Opt,2026-03-11T15:02:29.616845,-41.26298904418945,80.43081665039062,0.0020692443940788,18.697,9.255,0.435,0.0,0,0,1,,1.0,2026-03-11T15:02:29.616845,,,2026-03-11T15:02:28.962883,0.52,2026-03-11T15:02:29.450000,72,,,
participant_08,2,day,Town10HD_Opt,2026-03-11T15:02:30.640130,-40.27951049804688,77.15275573730469,0.0019831084646284,20.804,14.229,0.443,0.0,0,0,1,,1.0,2026-03-11T15:02:30.640130,,,2026-03-11T15:02:28.962883,0.511,2026-03-11T15:02:30.440000,72,,,
participant_08,2,day,Town10HD_Opt,2026-03-11T15:02:31.680110,-38.2166633605957,73.96195983886719,0.0020032881293445,23.022,18.124,0.438,0.0,0,0,1,,1.0,2026-03-11T15:02:31.680110,sad,0.376,2026-03-11T15:02:31.680110,0.502,2026-03-11T15:02:31.477000,73,,,
participant_08,2,day,Town10HD_Opt,2026-03-11T15:02:32.675207,-34.92461395263672,71.44326782226562,0.0020063780248165,24.934,14.82,0.439,0.0,0,0,1,,1.0,2026-03-11T15:02:32.675207,sad,0.376,2026-03-11T15:02:31.680110,0.492,2026-03-11T15:02:32.465000,73,,,
participant_08,2,day,Town10HD_Opt,2026-03-11T15:02:33.355829,-32.199485778808594,70.29139709472656,0.0020013807807117,26.054,11.549,0.44,0.0,0,0,1,,1.0,2026-03-11T15:02:33.355829,sad,0.376,2026-03-11T15:02:31.680110,0.492,2026-03-11T15:02:32.465000,73,,,
participant_08,2,day,Town10HD_Opt,2026-03-11T15:02:34.358390,-27.59329605102539,69.37680053710938,0.0019981383811682,27.89,9.26,0.445,0.0,0,0,1,,1.0,2026-03-11T15:02:34.358390,neutral,0.564,2026-03-11T15:02:34.358390,0.469,2026-03-11T15:02:33.455000,73,,,
participant_08,2,day,Town10HD_Opt,2026-03-11T15:02:35.612060,-20.85529518127441,69.45277404785156,0.0019906996749341,30.021,-1.789,0.449,0.0,0,0,1,,0.805,2026-03-11T15:02:35.612060,neutral,0.564,2026-03-11T15:02:34.358390,0.413,2026-03-11T15:02:35.571000,75,,,
participant_08,2,day,Town10HD_Opt,2026-03-11T15:02:36.563333,-15.466806411743164,69.54310607910156,0.0019905089866369,31.692,-0.078,0.458,0.0,0,0,1,,1.0,2026-03-11T15:02:36.563333,neutral,0.698,2026-03-11T15:02:36.563333,0.387,2026-03-11T15:02:36.471000,76,,,
participant_08,2,day,Town10HD_Opt,2026-03-11T15:02:37.589901,-9.80248737335205,69.63310241699219,0.0019932554569095,33.22,0.202,0.46,0.0,0,0,1,,1.0,2026-03-11T15:02:37.589901,neutral,0.698,2026-03-11T15:02:36.563333,0.365,2026-03-11T15:02:37.461000,77,,,
participant_08,2,day,Town10HD_Opt,2026-03-11T15:02:38.578003,-3.886039018630981,69.76625061035156,0.0020008848514407,34.528,-0.277,0.453,0.0,0,0,1,,1.0,2026-03-11T15:02:38.578003,sad,0.45,2026-03-11T15:02:38.578003,0.343,2026-03-11T15:02:38.495000,77,,,
participant_08,2,day,Town10HD_Opt,2026-03-11T15:02:39.503113,2.2331252098083496,69.85478973388672,0.0020135117229074,35.469,-0.407,0.443,0.0,0,0,1,,1.0,2026-03-11T15:02:39.503113,sad,0.45,2026-03-11T15:02:38.578003,0.321,2026-03-11T15:02:39.440000,76,,,
participant_08,2,day,Town10HD_Opt,2026-03-11T15:02:40.424236,8.472309112548828,69.879150390625,0.0020519637037068,35.557,-0.256,0.331,0.0,0,0,1,,1.0,2026-03-11T15:02:40.424236,sad,0.45,2026-03-11T15:02:38.578003,0.321,2026-03-11T15:02:39.440000,76,,,
participant_08,2,day,Town10HD_Opt,2026-03-11T15:02:41.379083,14.31851577758789,69.86506652832031,0.0022694014478474,29.581,-0.031,0.0,0.0,0,0,1,,1.0,2026-03-11T15:02:41.379083,neutral,0.483,2026-03-11T15:02:41.379083,0.299,2026-03-11T15:02:40.474000,75,,,
participant_08,2,day,Town10HD_Opt,2026-03-11T15:02:42.594687,20.04996490478516,69.84040069580078,0.0023435209877789,17.344,-0.066,0.0,0.733,0,0,1,,1.0,2026-03-11T15:02:42.594687,neutral,0.483,2026-03-11T15:02:41.379083,0.255,2026-03-11T15:02:42.455000,72,,,errors=Harsh braking
participant_08,2,day,Town10HD_Opt,2026-03-11T15:02:43.576770,20.638139724731445,69.83722686767578,0.0020738600287586,0.0,-0.066,0.0,0.402,0,0,1,,1.0,2026-03-11T15:02:43.576770,sad,0.693,2026-03-11T15:02:43.576770,0.247,2026-03-11T15:02:43.446000,71,,,
participant_08,2,day,Town10HD_Opt,2026-03-11T15:02:44.476752,20.63892364501953,69.83722686767578,0.0019251632038503,0.134,0.031,0.049,0.0,0,0,1,,1.0,2026-03-11T15:02:44.476752,sad,0.693,2026-03-11T15:02:43.576770,0.243,2026-03-11T15:02:44.435000,71,,,
participant_08,2,day,Town10HD_Opt,2026-03-11T15:02:45.390390,20.83624267578125,69.83631896972656,0.0016885375371202,5.229,0.035,0.506,0.0,0,0,1,,1.0,2026-03-11T15:02:45.390390,sad,0.693,2026-03-11T15:02:43.576770,0.243,2026-03-11T15:02:44.435000,71,,,
participant_08,2,day,Town10HD_Opt,2026-03-11T15:02:46.373450,22.28901481628418,69.82879638671875,0.0016561889788135,12.681,0.005,0.585,0.0,0,0,1,,1.0,2026-03-11T15:02:46.373450,neutral,0.651,2026-03-11T15:02:46.373450,0.243,2026-03-11T15:02:45.496000,71,,,
participant_08,2,day,Town10HD_Opt,2026-03-11T15:02:47.416588,24.87323951721192,69.80355072021484,0.0018770217429846,15.486,-0.472,0.243,0.0,0,0,1,,0.909,2026-03-11T15:02:47.416588,neutral,0.651,2026-03-11T15:02:46.373450,0.243,2026-03-11T15:02:46.461000,71,,,errors=Stop sign violation
participant_08,2,day,Town10HD_Opt,2026-03-11T15:02:48.645715,28.60444068908692,69.51759338378906,0.0018678283086046,17.167,-10.072,0.345,0.0,0,0,1,,0.866,2026-03-11T15:02:48.645715,neutral,0.898,2026-03-11T15:02:48.645715,0.243,2026-03-11T15:02:48.440000,75,,,
participant_08,2,day,Town10HD_Opt,2026-03-11T15:02:49.584731,31.63533401489257,68.70865631103516,0.0020627593621611,18.541,-10.732,0.463,0.0,0,0,1,,0.908,2026-03-11T15:02:49.584731,neutral,0.898,2026-03-11T15:02:48.645715,0.243,2026-03-11T15:02:49.475000,74,,,
participant_08,2,day,Town10HD_Opt,2026-03-11T15:02:50.500080,34.810977935791016,67.28688049316406,0.00195690151304,21.513,-9.2,0.465,0.0,0,0,1,,0.875,2026-03-11T15:02:50.500080,neutral,0.898,2026-03-11T15:02:48.645715,0.243,2026-03-11T15:02:50.465000,73,,,
participant_08,2,day,Town10HD_Opt,2026-03-11T15:02:51.394547,38.11806488037109,65.07060241699219,0.0019610975868999,24.301,-9.143,0.468,0.0,0,0,1,,1.0,2026-03-11T15:02:51.394547,neutral,0.986,2026-03-11T15:02:51.394547,0.243,2026-03-11T15:02:50.465000,73,,,
participant_08,2,day,Town10HD_Opt,2026-03-11T15:02:52.362029,41.21527862548828,61.89910888671875,0.0019814299885183,26.677,-12.033,0.46,0.0,0,0,1,,1.0,2026-03-11T15:02:52.362029,neutral,0.986,2026-03-11T15:02:51.394547,0.243,2026-03-11T15:02:51.455000,71,,,
participant_08,2,day,Town10HD_Opt,2026-03-11T15:02:53.651995,43.95367431640625,56.09437942504883,0.0020197294652462,28.698,-12.565,0.421,0.0,0,0,1,,1.0,2026-03-11T15:02:53.651995,sad,0.687,2026-03-11T15:02:53.651995,0.243,2026-03-11T15:02:53.434000,70,,,
participant_08,2,day,Town10HD_Opt,2026-03-11T15:02:54.613370,44.4636116027832,51.23710632324219,0.002201538067311,25.495,-6.144,0.0,0.0,0,0,1,,0.838,2026-03-11T15:02:54.613370,sad,0.687,2026-03-11T15:02:53.651995,0.243,2026-03-11T15:02:54.560000,70,,,
participant_08,2,day,Town10HD_Opt,2026-03-11T15:02:55.561062,44.32789611816406,47.281131744384766,0.0022337341215461,19.717,-0.482,0.173,0.0,0,0,1,,0.872,2026-03-11T15:02:55.561062,sad,0.687,2026-03-11T15:02:53.651995,0.243,2026-03-11T15:02:55.460000,70,,,
participant_08,2,day,Town10HD_Opt,2026-03-11T15:02:56.487816,44.21094512939453,44.06631851196289,0.002022094791755,18.158,2.313,0.274,0.0,0,0,1,,1.0,2026-03-11T15:02:56.487816,neutral,0.832,2026-03-11T15:02:56.487816,0.243,2026-03-11T15:02:56.451000,70,,,
participant_08,2,day,Town10HD_Opt,2026-03-11T15:02:57.415180,44.25459289550781,40.90121841430664,0.0020462034735828,18.013,5.096,0.364,0.0,0,0,1,,0.833,2026-03-11T15:02:57.415180,neutral,0.832,2026-03-11T15:02:56.487816,0.243,2026-03-11T15:02:56.451000,70,,,
participant_08,2,day,Town10HD_Opt,2026-03-11T15:02:58.632659,44.99347686767578,36.73442077636719,0.002047843998298,18.415,17.316,0.346,0.0,0,0,1,,0.907,2026-03-11T15:02:58.632659,neutral,0.636,2026-03-11T15:02:58.632659,0.243,2026-03-11T15:02:58.475000,72,,,
participant_08,2,day,Town10HD_Opt,2026-03-11T15:02:59.558337,46.5230598449707,33.87454605102539,0.0020481490064412,18.889,16.893,0.347,0.0,0,0,1,,0.811,2026-03-11T15:02:59.558337,neutral,0.636,2026-03-11T15:02:58.632659,0.243,2026-03-11T15:02:59.510000,72,,,
participant_08,2,day,Town10HD_Opt,2026-03-11T15:03:00.444023,48.833641052246094,31.486366271972656,0.0020538328681141,19.251,16.893,0.334,0.0,0,0,1,,1.0,2026-03-11T15:03:00.444023,neutral,0.636,2026-03-11T15:02:58.632659,0.243,2026-03-11T15:02:59.510000,72,,,
participant_08,2,day,Town10HD_Opt,2026-03-11T15:03:01.358394,51.7559700012207,29.816085815429688,0.0020598219707608,19.404,16.488,0.329,0.0,0,0,1,,1.0,2026-03-11T15:03:01.358394,neutral,0.442,2026-03-11T15:03:01.358394,0.243,2026-03-11T15:03:00.545000,73,,,
participant_08,2,day,Town10HD_Opt,2026-03-11T15:03:02.586631,55.995262145996094,28.44948005676269,0.0019714736845344,18.072,-1.732,0.209,0.0,0,0,1,,1.0,2026-03-11T15:03:02.586631,neutral,0.442,2026-03-11T15:03:01.358394,0.243,2026-03-11T15:03:02.435000,74,,,
participant_08,2,day,Town10HD_Opt,2026-03-11T15:03:03.502459,58.94988250732422,27.492570877075195,0.0019462204072624,16.264,2.487,0.0,0.0,0,0,1,,0.896,2026-03-11T15:03:03.502459,neutral,0.933,2026-03-11T15:03:03.502459,0.243,2026-03-11T15:03:03.470000,75,,,
participant_08,2,day,Town10HD_Opt,2026-03-11T15:03:04.420555,61.39057540893555,26.81616401672364,0.0020372390281409,12.664,3.146,0.0,0.0,0,0,1,,0.941,2026-03-11T15:03:04.420555,neutral,0.933,2026-03-11T15:03:03.502459,0.243,2026-03-11T15:03:03.470000,75,,,
participant_08,2,day,Town10HD_Opt,2026-03-11T15:03:05.626740,63.82151794433594,26.304874420166016,0.0020045852288603,8.77,7.247,0.0,0.0,0,0,1,,1.0,2026-03-11T15:03:05.626740,neutral,0.704,2026-03-11T15:03:05.626740,0.243,2026-03-11T15:03:05.450000,74,,,
participant_08,2,day,Town10HD_Opt,2026-03-11T15:03:06.518580,65.1761703491211,26.1357364654541,0.0019842146430164,6.736,7.149,0.0,0.0,0,0,1,,0.937,2026-03-11T15:03:06.518580,neutral,0.704,2026-03-11T15:03:05.626740,0.243,2026-03-11T15:03:06.441000,73,,,
participant_08,2,day,Town10HD_Opt,2026-03-11T15:03:07.465747,66.02046966552734,26.063663482666016,0.0023197173140943,0.001,4.789,0.0,0.273,0,0,1,,1.0,2026-03-11T15:03:07.465747,neutral,0.704,2026-03-11T15:03:05.626740,0.243,2026-03-11T15:03:06.441000,73,,,
participant_08,2,day,Town10HD_Opt,2026-03-11T15:03:08.645962,66.02099609375,26.063663482666016,0.0019242477137595,0.001,3.431,0.0,0.0,0,0,1,,0.801,2026-03-11T15:03:08.645962,sad,0.463,2026-03-11T15:03:08.645962,0.243,2026-03-11T15:03:08.466000,69,,,
participant_08,2,day,Town10HD_Opt,2026-03-11T15:03:09.594426,66.02100372314453,26.06364250183105,0.0019198226509615,0.0,3.401,0.0,0.0,0,0,1,,0.881,2026-03-11T15:03:09.594426,sad,0.463,2026-03-11T15:03:08.645962,0.243,2026-03-11T15:03:09.500000,68,,,
participant_08,2,day,Town10HD_Opt,2026-03-11T15:03:10.483203,66.02100372314453,26.06364250183105,0.0019190978491678,0.0,0.106,0.0,0.0,0,0,1,,0.897,2026-03-11T15:03:10.483203,sad,0.463,2026-03-11T15:03:08.645962,0.243,2026-03-11T15:03:09.500000,68,,,
participant_08,2,day,Town10HD_Opt,2026-03-11T15:03:11.384329,66.02100372314453,26.063661575317383,0.0019189452286809,0.0,0.55,0.0,0.0,0,0,1,,0.873,2026-03-11T15:03:11.384329,neutral,0.612,2026-03-11T15:03:11.384329,0.243,2026-03-11T15:03:10.496000,69,,,
participant_08,2,day,Town10HD_Opt,2026-03-11T15:03:12.593914,66.02100372314453,26.063661575317383,0.0019191741012036,0.0,0.517,0.0,0.0,0,0,1,,0.83,2026-03-11T15:03:12.593914,neutral,0.612,2026-03-11T15:03:11.384329,0.203,2026-03-11T15:03:12.471000,69,,,
participant_08,2,day,Town10HD_Opt,2026-03-11T15:03:13.481829,66.02100372314453,26.063661575317383,0.0019189834129065,0.0,0.444,0.0,0.0,0,0,1,,1.0,2026-03-11T15:03:13.481829,sad,0.718,2026-03-11T15:03:13.481829,0.203,2026-03-11T15:03:12.471000,69,,,
participant_08,2,day,Town10HD_Opt,2026-03-11T15:03:14.360469,66.02100372314453,26.06364250183105,0.0019190596649423,0.0,0.444,0.0,0.0,0,0,1,,1.0,2026-03-11T15:03:14.360469,sad,0.718,2026-03-11T15:03:13.481829,0.184,2026-03-11T15:03:13.506000,70,,,
participant_08,2,day,Town10HD_Opt,2026-03-11T15:03:15.479292,66.02100372314453,26.063661575317383,0.0019189834129065,0.0,0.503,0.0,0.0,0,0,1,,0.921,2026-03-11T15:03:15.479292,sad,0.718,2026-03-11T15:03:13.481829,0.125,2026-03-11T15:03:15.440000,71,,,
participant_08,2,day,Town10HD_Opt,2026-03-11T15:03:16.586710,66.02100372314453,26.063661575317383,0.0019189834129065,0.0,0.503,0.0,0.0,0,0,1,,0.881,2026-03-11T15:03:16.586710,neutral,0.467,2026-03-11T15:03:16.586710,0.085,2026-03-11T15:03:16.523000,71,,,
participant_08,2,day,Town10HD_Opt,2026-03-11T15:03:17.443672,66.02100372314453,26.06364250183105,0.001919021597132,0.0,0.771,0.0,0.0,0,0,1,,1.0,2026-03-11T15:03:17.443672,neutral,0.467,2026-03-11T15:03:16.586710,0.085,2026-03-11T15:03:16.523000,71,,,
participant_08,2,day,Town10HD_Opt,2026-03-11T15:03:18.550057,66.02100372314453,26.06364250183105,0.0019190596649423,0.0,0.869,0.0,0.0,0,0,1,,0.877,2026-03-11T15:03:18.550057,neutral,0.467,2026-03-11T15:03:16.586710,0.015,2026-03-11T15:03:18.456000,70,,,
participant_08,2,day,Town10HD_Opt,2026-03-11T15:03:19.413535,66.02100372314453,26.06364250183105,0.001919021597132,0.0,0.877,0.0,0.0,0,0,1,,0.828,2026-03-11T15:03:19.413535,sad,0.442,2026-03-11T15:03:19.413535,0.015,2026-03-11T15:03:18.456000,70,,,
participant_08,2,day,Town10HD_Opt,2026-03-11T15:03:20.576510,66.02100372314453,26.06364250183105,0.001919021597132,0.0,0.877,0.0,0.0,0,0,1,,0.851,2026-03-11T15:03:20.576510,sad,0.442,2026-03-11T15:03:19.413535,0.0,2026-03-11T15:03:20.481000,70,,,
participant_08,2,day,Town10HD_Opt,2026-03-11T15:03:21.441801,66.02100372314453,26.063661575317383,0.0019189452286809,0.0,0.879,0.0,0.0,0,0,1,,1.0,2026-03-11T15:03:21.441801,sad,0.55,2026-03-11T15:03:21.441801,0.0,2026-03-11T15:03:20.481000,70,,,
participant_08,2,day,Town10HD_Opt,2026-03-11T15:03:22.617459,66.02100372314453,26.063661575317383,0.0019191360333934,0.0,0.942,0.0,0.0,0,0,1,,0.886,2026-03-11T15:03:22.617459,sad,0.55,2026-03-11T15:03:21.441801,0.0,2026-03-11T15:03:22.461000,72,,,
participant_08,2,day,Town10HD_Opt,2026-03-11T15:03:23.493130,66.1781997680664,26.04676055908203,0.0017108535394072,4.504,1.622,0.889,0.0,0,0,1,,1.0,2026-03-11T15:03:23.493130,neutral,0.636,2026-03-11T15:03:23.493130,0.0,2026-03-11T15:03:23.451000,72,,,
participant_08,2,day,Town10HD_Opt,2026-03-11T15:03:24.393302,67.97218322753906,25.887863159179688,0.0015977477887645,15.74,1.389,0.581,0.0,0,0,1,,1.0,2026-03-11T15:03:24.393302,neutral,0.636,2026-03-11T15:03:23.493130,0.0,2026-03-11T15:03:23.451000,72,,,
participant_08,2,day,Town10HD_Opt,2026-03-11T15:03:25.546733,72.05618286132812,25.52631378173828,0.0019005584763363,16.667,0.085,0.0,0.0,0,0,1,,1.0,2026-03-11T15:03:25.546733,happy,0.842,2026-03-11T15:03:25.546733,0.0,2026-03-11T15:03:25.476000,75,,,
participant_08,2,day,Town10HD_Opt,2026-03-11T15:03:26.420031,74.64405822753906,25.302528381347656,0.0020384597592055,12.802,1.058,0.0,0.0,0,0,1,,0.846,2026-03-11T15:03:26.420031,happy,0.842,2026-03-11T15:03:25.546733,0.0,2026-03-11T15:03:25.476000,75,,,
participant_08,2,day,Town10HD_Opt,2026-03-11T15:03:27.613236,77.25318908691406,25.147111892700195,0.0019261168781667,10.684,5.03,0.232,0.0,0,0,1,,1.0,2026-03-11T15:03:27.613236,neutral,0.422,2026-03-11T15:03:27.613236,0.03,2026-03-11T15:03:27.456000,75,,,
participant_08,2,day,Town10HD_Opt,2026-03-11T15:03:28.522234,79.11957550048828,25.1379508972168,0.0019788742065429,9.709,-3.573,0.0,0.0,0,0,1,,1.0,2026-03-11T15:03:28.522234,neutral,0.422,2026-03-11T15:03:27.613236,0.065,2026-03-11T15:03:28.447000,75,,,
participant_08,2,day,Town10HD_Opt,2026-03-11T15:03:29.487208,80.8196792602539,25.06694793701172,0.0018489836947992,10.969,-0.423,0.435,0.0,0,0,1,,0.837,2026-03-11T15:03:29.487208,neutral,0.422,2026-03-11T15:03:27.613236,0.098,2026-03-11T15:03:29.436000,74,,,
participant_08,2,day,Town10HD_Opt,2026-03-11T15:03:30.366039,83.33077239990234,24.99301719665528,0.0017816924955695,20.257,0.583,1.0,0.0,0,0,1,,1.0,2026-03-11T15:03:30.366039,neutral,0.924,2026-03-11T15:03:30.366039,0.098,2026-03-11T15:03:29.436000,74,,,
participant_08,2,day,Town10HD_Opt,2026-03-11T15:03:31.605535,90.0550765991211,24.68140411376953,0.0015415191883221,39.686,-6.146,0.559,0.0,0,0,1,,1.0,2026-03-11T15:03:31.605535,neutral,0.924,2026-03-11T15:03:30.366039,0.154,2026-03-11T15:03:31.461000,75,,,
participant_08,2,day,Town10HD_Opt,2026-03-11T15:03:32.568014,96.99492645263672,22.68562126159668,0.0019783782772719,42.818,-19.502,0.597,0.0,0,0,1,,1.0,2026-03-11T15:03:32.568014,sad,0.595,2026-03-11T15:03:32.568014,0.175,2026-03-11T15:03:32.496000,75,,,
participant_08,2,day,Town10HD_Opt,2026-03-11T15:03:33.515860,102.12033081054688,17.15723991394043,0.0019927597604691,44.966,-10.437,0.599,0.0,0,0,1,,1.0,2026-03-11T15:03:33.515860,sad,0.595,2026-03-11T15:03:32.568014,0.196,2026-03-11T15:03:33.441000,74,,,
participant_08,2,day,Town10HD_Opt,2026-03-11T15:03:34.436431,105.0414810180664,9.594542503356934,0.0019459151662886,47.94,-0.919,0.597,0.0,0,0,1,,0.861,2026-03-11T15:03:34.436431,sad,0.595,2026-03-11T15:03:32.568014,0.196,2026-03-11T15:03:33.441000,74,,,
participant_08,2,day,Town10HD_Opt,2026-03-11T15:03:35.642281,106.95403289794922,-1.764453411102295,0.0020562361460179,49.414,-0.712,0.603,0.0,0,0,1,,1.0,2026-03-11T15:03:35.642281,sad,0.581,2026-03-11T15:03:35.642281,0.235,2026-03-11T15:03:35.466000,72,,,
participant_08,2,day,Town10HD_Opt,2026-03-11T15:03:36.496487,107.25846099853516,-10.385743141174316,0.0019761656876653,50.436,1.758,0.604,0.0,0,0,1,,1.0,2026-03-11T15:03:36.496487,sad,0.581,2026-03-11T15:03:35.642281,0.235,2026-03-11T15:03:35.466000,72,,,
participant_08,2,day,Town10HD_Opt,2026-03-11T15:03:37.382358,107.94116973876952,-19.02510643005371,0.0020425033289939,49.318,-3.125,0.604,0.0,0,0,1,,1.0,2026-03-11T15:03:37.382358,sad,0.581,2026-03-11T15:03:35.642281,0.254,2026-03-11T15:03:36.590000,72,,,
participant_08,2,day,Town10HD_Opt,2026-03-11T15:03:38.570928,107.28883361816406,-30.550365447998047,0.0020561600103974,49.452,-5.148,0.603,0.0,0,0,1,,1.0,2026-03-11T15:03:38.570928,sad,0.579,2026-03-11T15:03:38.570928,0.257,2026-03-11T15:03:38.437000,73,,,
participant_08,2,day,Town10HD_Opt,2026-03-11T15:03:39.489673,104.5234832763672,-38.83523941040039,0.0021102523896843,49.267,-3.266,0.603,0.0,0,0,1,,1.0,2026-03-11T15:03:39.489673,sad,0.579,2026-03-11T15:03:38.570928,0.257,2026-03-11T15:03:39.471000,74,,,
participant_08,2,day,Town10HD_Opt,2026-03-11T15:03:40.431040,100.5611572265625,-46.62043380737305,0.0020796202588826,49.33,-4.119,0.603,0.0,0,0,1,,1.0,2026-03-11T15:03:40.431040,sad,0.579,2026-03-11T15:03:38.570928,0.257,2026-03-11T15:03:39.471000,74,,,
participant_08,2,day,Town10HD_Opt,2026-03-11T15:03:41.620910,93.28526306152344,-55.61757659912109,0.0021532820537686,48.56,-5.995,0.603,0.0,0,0,1,,1.0,2026-03-11T15:03:41.620910,sad,0.724,2026-03-11T15:03:41.620910,0.257,2026-03-11T15:03:41.541000,72,,,
participant_08,2,day,Town10HD_Opt,2026-03-11T15:03:42.483311,86.34127807617188,-60.6665267944336,0.0019761275034397,50.418,-5.512,0.603,0.0,0,0,1,,1.0,2026-03-11T15:03:42.483311,sad,0.724,2026-03-11T15:03:41.620910,0.257,2026-03-11T15:03:41.541000,72,,,
participant_08,2,day,Town10HD_Opt,2026-03-11T15:03:43.615704,75.54139709472656,-64.89566040039062,0.0019828414078801,50.7,-4.077,0.0,0.0,0,0,1,,1.0,2026-03-11T15:03:43.615704,sad,0.724,2026-03-11T15:03:41.620910,0.257,2026-03-11T15:03:43.476000,75,,,
participant_08,2,day,Town10HD_Opt,2026-03-11T15:03:44.471059,66.9502182006836,-66.30944061279297,0.002003707922995,50.311,-2.786,0.604,0.0,0,0,1,,0.839,2026-03-11T15:03:44.471059,sad,0.499,2026-03-11T15:03:44.471059,0.257,2026-03-11T15:03:43.476000,75,,,
participant_08,2,day,Town10HD_Opt,2026-03-11T15:03:45.393409,58.28276824951172,-66.64918518066406,0.0020591353531926,49.187,-0.754,0.603,0.0,0,0,1,,0.869,2026-03-11T15:03:45.393409,sad,0.499,2026-03-11T15:03:44.471059,0.257,2026-03-11T15:03:44.511000,78,,,
participant_08,2,day,Town10HD_Opt,2026-03-11T15:03:46.575207,46.6660385131836,-66.44775390625,0.0020414351020008,49.826,0.437,0.603,0.0,0,0,1,,1.0,2026-03-11T15:03:46.575207,sad,0.669,2026-03-11T15:03:46.575207,0.257,2026-03-11T15:03:46.446000,77,,,
participant_08,2,day,Town10HD_Opt,2026-03-11T15:03:47.506015,37.93516540527344,-66.3133544921875,0.0020733261480927,49.398,0.451,0.603,0.0,0,0,1,,1.0,2026-03-11T15:03:47.506015,sad,0.669,2026-03-11T15:03:46.575207,0.286,2026-03-11T15:03:47.481000,75,,,
participant_08,2,day,Town10HD_Opt,2026-03-11T15:03:48.389429,29.20036125183105,-66.34449768066406,0.0021460724528878,48.7,-0.092,0.604,0.0,0,0,1,,1.0,2026-03-11T15:03:48.389429,sad,0.669,2026-03-11T15:03:46.575207,0.286,2026-03-11T15:03:47.481000,75,,,
participant_08,2,day,Town10HD_Opt,2026-03-11T15:03:49.567533,17.611738204956055,-66.41344451904297,0.0021064376924186,49.317,0.385,0.604,0.0,0,0,1,,1.0,2026-03-11T15:03:49.567533,neutral,0.429,2026-03-11T15:03:49.567533,0.344,2026-03-11T15:03:49.461000,70,,,
participant_08,2,day,Town10HD_Opt,2026-03-11T15:03:50.457708,8.870302200317383,-66.60201263427734,0.0020899581722915,49.369,0.862,0.595,0.0,0,0,1,,1.0,2026-03-11T15:03:50.457708,neutral,0.429,2026-03-11T15:03:49.567533,0.373,2026-03-11T15:03:50.450000,70,,,
participant_08,2,day,Town10HD_Opt,2026-03-11T15:03:51.624968,-2.3296687602996826,-67.04212188720703,0.0023228072095662,42.888,-1.68,0.0,0.0,0,0,1,,1.0,2026-03-11T15:03:51.624968,sad,0.476,2026-03-11T15:03:51.624968,0.402,2026-03-11T15:03:51.486000,69,,,
participant_08,2,day,Town10HD_Opt,2026-03-11T15:03:52.528649,-9.03529930114746,-67.04217529296875,0.0023434066679328,33.227,1.358,0.0,0.004,0,0,1,phone_call,0.967,2026-03-11T15:03:52.528649,sad,0.476,2026-03-11T15:03:51.624968,0.431,2026-03-11T15:03:52.476000,69,,,
participant_08,2,day,Town10HD_Opt,2026-03-11T15:03:53.415958,-14.097744941711426,-67.16854095458984,0.0023686217609792,23.469,-0.914,0.0,0.477,0,0,1,,1.0,2026-03-11T15:03:53.415958,sad,0.476,2026-03-11T15:03:51.624968,0.431,2026-03-11T15:03:52.476000,69,,,
participant_08,2,day,Town10HD_Opt,2026-03-11T15:03:54.519504,-18.249073028564453,-67.2262954711914,0.0021851349156349,11.338,-0.677,0.0,0.782,0,0,1,,1.0,2026-03-11T15:03:54.519504,neutral,0.421,2026-03-11T15:03:54.519504,0.488,2026-03-11T15:03:54.456000,72,,,errors=Harsh braking
participant_08,2,day,Town10HD_Opt,2026-03-11T15:03:55.357232,-19.302898406982425,-67.22992706298828,0.0023297881707549,0.001,-0.595,0.0,0.789,0,0,1,,1.0,2026-03-11T15:03:55.357232,neutral,0.421,2026-03-11T15:03:54.519504,0.488,2026-03-11T15:03:54.456000,72,,,
participant_08,2,day,Town10HD_Opt,2026-03-11T15:03:56.468965,-19.30408477783203,-67.22991943359375,0.0019236373482272,0.008,-0.552,0.0,0.0,0,0,1,,1.0,2026-03-11T15:03:56.468965,neutral,0.421,2026-03-11T15:03:54.519504,0.517,2026-03-11T15:03:55.448000,74,,,
participant_08,2,day,Town10HD_Opt,2026-03-11T15:03:57.609502,-19.30432510375977,-67.22991943359375,0.0019189071608707,0.006,-0.552,0.0,0.0,0,0,1,,1.0,2026-03-11T15:03:57.609502,neutral,0.979,2026-03-11T15:03:57.609502,0.539,2026-03-11T15:03:57.471000,77,,,
participant_08,2,day,Town10HD_Opt,2026-03-11T15:03:58.451481,-19.30426406860352,-67.22991943359375,0.0019188307924196,0.007,-0.557,0.0,0.0,0,0,1,,1.0,2026-03-11T15:03:58.451481,neutral,0.979,2026-03-11T15:03:57.609502,0.539,2026-03-11T15:03:57.471000,77,,,
participant_08,2,day,Town10HD_Opt,2026-03-11T15:03:59.561069,-19.313066482543945,-67.22992706298828,0.001918678288348,0.065,-0.576,0.0,0.0,0,0,1,,1.0,2026-03-11T15:03:59.561069,neutral,0.979,2026-03-11T15:03:57.609502,0.538,2026-03-11T15:03:59.451000,74,,,
participant_08,2,day,Town10HD_Opt,2026-03-11T15:04:00.393047,-19.322629928588867,-67.22994232177734,0.0019194411579519,0.051,-0.587,0.0,0.0,0,0,1,,1.0,2026-03-11T15:04:00.393047,sad,0.958,2026-03-11T15:04:00.393047,0.538,2026-03-11T15:03:59.451000,74,,,
participant_08,2,day,Town10HD_Opt,2026-03-11T15:04:01.503999,-19.331457138061523,-67.2299575805664,0.0019220733083784,0.029,-0.587,0.184,0.0,0,0,1,,1.0,2026-03-11T15:04:01.503999,sad,0.958,2026-03-11T15:04:00.393047,0.54,2026-03-11T15:04:01.476000,74,,,
participant_08,2,day,Town10HD_Opt,2026-03-11T15:04:02.606304,-19.77461814880371,-67.23051452636719,0.001697196974419,6.327,-0.606,0.68,0.0,0,0,1,,1.0,2026-03-11T15:04:02.606304,sad,0.94,2026-03-11T15:04:02.606304,0.544,2026-03-11T15:04:02.557000,73,,,
participant_08,2,day,Town10HD_Opt,2026-03-11T15:04:03.469872,-21.6032657623291,-67.22309112548828,0.0016491317655891,14.94,-0.646,0.603,0.0,0,0,1,,1.0,2026-03-11T15:04:03.469872,sad,0.94,2026-03-11T15:04:02.606304,0.544,2026-03-11T15:04:02.557000,73,,,
participant_08,2,day,Town10HD_Opt,2026-03-11T15:04:04.588851,-25.9642276763916,-67.161376953125,0.0018641280476003,22.71,0.139,0.609,0.0,0,0,1,,1.0,2026-03-11T15:04:04.588851,sad,0.94,2026-03-11T15:04:02.606304,0.556,2026-03-11T15:04:04.446000,72,,,
participant_08,2,day,Town10HD_Opt,2026-03-11T15:04:05.460477,-30.433292388916016,-67.15229034423828,0.0018471527146175,28.795,0.975,0.605,0.0,0,0,1,,1.0,2026-03-11T15:04:05.460477,neutral,0.942,2026-03-11T15:04:05.460477,0.556,2026-03-11T15:04:04.446000,72,,,
participant_08,2,day,Town10HD_Opt,2026-03-11T15:04:06.555931,-37.94397735595703,-67.32420349121094,0.0018738555954769,35.899,0.634,0.606,0.0,0,0,1,,0.821,2026-03-11T15:04:06.555931,neutral,0.942,2026-03-11T15:04:05.460477,0.577,2026-03-11T15:04:06.471000,72,,,
participant_08,2,day,Town10HD_Opt,2026-03-11T15:04:07.417949,-44.59450912475586,-67.62326049804688,0.0018951415549963,40.488,0.167,0.605,0.0,0,0,1,,0.914,2026-03-11T15:04:07.417949,neutral,0.942,2026-03-11T15:04:05.460477,0.577,2026-03-11T15:04:06.471000,72,,,
participant_08,2,day,Town10HD_Opt,2026-03-11T15:04:08.531274,-54.61109161376953,-68.0365982055664,0.0019209289457648,45.646,-0.909,0.604,0.0,0,0,1,,0.901,2026-03-11T15:04:08.531274,neutral,0.974,2026-03-11T15:04:08.531274,0.593,2026-03-11T15:04:08.496000,72,,,
participant_08,2,day,Town10HD_Opt,2026-03-11T15:04:09.615347,-65.7408218383789,-68.01109313964844,0.0019359206780791,50.014,-0.766,0.609,0.0,0,0,1,,1.0,2026-03-11T15:04:09.615347,neutral,0.974,2026-03-11T15:04:08.531274,0.598,2026-03-11T15:04:09.486000,72,,,
participant_08,2,day,Town10HD_Opt,2026-03-11T15:04:10.480142,-74.44548797607422,-67.4886474609375,0.0020437622442841,49.733,-6.109,0.612,0.0,0,0,1,,0.84,2026-03-11T15:04:10.480142,neutral,0.974,2026-03-11T15:04:08.531274,0.601,2026-03-11T15:04:10.476000,72,,,
participant_08,2,day,Town10HD_Opt,2026-03-11T15:04:11.384732,-82.8848876953125,-65.3199234008789,0.0020906447898596,49.382,-3.983,0.61,0.0,0,0,1,,1.0,2026-03-11T15:04:11.384732,sad,0.77,2026-03-11T15:04:11.384732,0.601,2026-03-11T15:04:10.476000,72,,,
participant_08,2,day,Town10HD_Opt,2026-03-11T15:04:12.552972,-93.18541717529295,-60.055458068847656,0.0020787429530173,49.073,-5.04,0.615,0.0,0,0,1,,1.0,2026-03-11T15:04:12.552972,sad,0.77,2026-03-11T15:04:11.384732,0.604,2026-03-11T15:04:12.456000,73,,,
participant_08,2,day,Town10HD_Opt,2026-03-11T15:04:13.410705,-99.9490737915039,-54.52837753295898,0.0020994949154555,49.098,-5.529,0.614,0.0,0,0,1,,0.897,2026-03-11T15:04:13.410705,sad,0.55,2026-03-11T15:04:13.410705,0.604,2026-03-11T15:04:12.456000,73,,,
participant_08,2,day,Town10HD_Opt,2026-03-11T15:04:14.391701,-105.30513763427734,-47.77900314331055,0.0019723891746252,50.615,-4.995,0.0,0.0,0,0,1,,1.0,2026-03-11T15:04:14.391701,sad,0.55,2026-03-11T15:04:13.410705,0.603,2026-03-11T15:04:13.454000,73,,,
participant_08,2,day,Town10HD_Opt,2026-03-11T15:04:15.615773,-110.04812622070312,-37.31841659545898,0.0020200728904455,49.466,-6.17,0.44,0.0,0,0,1,,0.884,2026-03-11T15:04:15.615773,neutral,0.759,2026-03-11T15:04:15.615773,0.598,2026-03-11T15:04:15.471000,71,,,
participant_08,2,day,Town10HD_Opt,2026-03-11T15:04:16.528529,-111.29071044921876,-28.93506622314453,0.0021462249569594,46.877,-5.167,0.385,0.0,0,0,1,,1.0,2026-03-11T15:04:16.528529,neutral,0.759,2026-03-11T15:04:15.615773,0.593,2026-03-11T15:04:16.462000,71,,,
participant_08,2,day,Town10HD_Opt,2026-03-11T15:04:17.479982,-111.05418395996094,-20.84892845153809,0.0020335006993263,46.42,3.191,0.557,0.0,0,0,1,,1.0,2026-03-11T15:04:17.479982,neutral,0.759,2026-03-11T15:04:15.615773,0.588,2026-03-11T15:04:17.451000,71,,,
participant_08,2,day,Town10HD_Opt,2026-03-11T15:04:18.453161,-111.28450012207033,-12.39358139038086,0.0017965697916224,51.964,-1.469,0.0,0.186,0,0,1,,1.0,2026-03-11T15:04:18.453161,sad,0.684,2026-03-11T15:04:18.453161,0.588,2026-03-11T15:04:17.451000,71,,,
participant_08,2,day,Town10HD_Opt,2026-03-11T15:04:19.378491,-111.39771270751952,-3.652797222137451,0.001883239718154,52.05,-2.97,0.0,0.154,0,0,1,,0.879,2026-03-11T15:04:19.378491,sad,0.684,2026-03-11T15:04:18.453161,0.588,2026-03-11T15:04:18.497000,71,,,errors=Red light violation
participant_08,2,day,Town10HD_Opt,2026-03-11T15:04:20.604640,-109.95741271972656,7.781291484832764,0.0023444364778697,47.8,-4.299,0.251,0.0,0,0,1,,0.816,2026-03-11T15:04:20.604640,sad,0.708,2026-03-11T15:04:20.604640,0.588,2026-03-11T15:04:20.466000,72,,,
participant_08,2,day,Town10HD_Opt,2026-03-11T15:04:21.487099,-107.6414031982422,15.108046531677246,0.0022370147053152,38.392,-6.161,0.0,0.0,0,0,1,,0.811,2026-03-11T15:04:21.487099,sad,0.708,2026-03-11T15:04:20.604640,0.588,2026-03-11T15:04:21.457000,72,,,
participant_08,2,day,Town10HD_Opt,2026-03-11T15:04:22.410280,-104.5044403076172,20.201112747192383,0.0022467421367764,31.46,-14.097,0.624,0.0,0,0,1,,1.0,2026-03-11T15:04:22.410280,sad,0.708,2026-03-11T15:04:20.604640,0.588,2026-03-11T15:04:21.457000,72,,,
participant_08,2,day,Town10HD_Opt,2026-03-11T15:04:23.372965,-99.8682861328125,24.174440383911133,0.0016636657528579,41.538,-1.523,0.945,0.0,0,0,1,,0.881,2026-03-11T15:04:23.372965,sad,0.73,2026-03-11T15:04:23.372965,0.588,2026-03-11T15:04:22.447000,73,,,
participant_08,2,day,Town10HD_Opt,2026-03-11T15:04:24.659478,-90.06414031982422,29.11961936950684,0.0021214294247329,48.137,-18.508,0.942,0.0,0,0,1,,1.0,2026-03-11T15:04:24.659478,sad,0.73,2026-03-11T15:04:23.372965,0.588,2026-03-11T15:04:24.471000,73,,,errors=Solid line crossing
participant_08,2,day,Town10HD_Opt,2026-03-11T15:04:25.615011,-81.37958526611328,28.125492095947266,0.002118453849107,49.06,10.562,0.995,0.0,0,0,1,,1.0,2026-03-11T15:04:25.615011,happy,0.939,2026-03-11T15:04:25.615011,0.588,2026-03-11T15:04:25.461000,72,,,
participant_08,2,day,Town10HD_Opt,2026-03-11T15:04:26.578132,-73.48233032226562,27.824350357055664,0.0022842406760901,41.773,-3.045,0.963,0.0,0,0,1,,1.0,2026-03-11T15:04:26.578132,happy,0.939,2026-03-11T15:04:25.615011,0.588,2026-03-11T15:04:26.496000,72,,,
participant_08,2,day,Town10HD_Opt,2026-03-11T15:04:27.542385,-65.28054809570312,27.608333587646484,0.0016500090714544,52.901,-0.009,0.0,0.289,0,0,1,,1.0,2026-03-11T15:04:27.542385,happy,0.939,2026-03-11T15:04:25.615011,0.588,2026-03-11T15:04:27.486000,73,,,
participant_08,2,day,Town10HD_Opt,2026-03-11T15:04:28.481291,-56.50961685180664,27.32729148864746,0.0019428252708166,51.328,0.505,0.0,0.0,0,0,1,,1.0,2026-03-11T15:04:28.481291,happy,0.993,2026-03-11T15:04:28.481291,0.588,2026-03-11T15:04:28.476000,73,,,
participant_08,2,day,Town10HD_Opt,2026-03-11T15:04:29.397111,-47.73076248168945,27.18824958801269,0.0019750595092773,50.534,0.879,0.0,0.0,0,0,1,,0.868,2026-03-11T15:04:29.397111,happy,0.993,2026-03-11T15:04:28.481291,0.588,2026-03-11T15:04:28.476000,73,,,
participant_08,2,day,Town10HD_Opt,2026-03-11T15:04:30.590274,-36.00348663330078,28.077322006225582,0.0018931579543277,51.613,-6.872,0.0,0.201,0,0,1,,1.0,2026-03-11T15:04:30.590274,happy,0.698,2026-03-11T15:04:30.590274,0.588,2026-03-11T15:04:30.456000,72,,,
participant_08,2,day,Town10HD_Opt,2026-03-11T15:04:31.509854,-27.31354141235352,27.985822677612305,0.00186828605365,51.748,2.163,0.0,0.167,0,0,1,,1.0,2026-03-11T15:04:31.509854,happy,0.698,2026-03-11T15:04:30.590274,0.588,2026-03-11T15:04:31.447000,72,,,
participant_08,2,day,Town10HD_Opt,2026-03-11T15:04:32.432403,-18.58776092529297,27.667823791503903,0.0019668196327984,50.762,-2.428,0.695,0.0,0,0,1,,0.847,2026-03-11T15:04:32.432403,happy,0.698,2026-03-11T15:04:30.590274,0.588,2026-03-11T15:04:31.447000,72,,,
participant_08,2,day,Town10HD_Opt,2026-03-11T15:04:33.379206,-9.887456893920898,27.01784324645996,0.0013795470586046,50.347,0.127,0.698,0.0,0,0,1,,1.0,2026-03-11T15:04:33.379206,happy,0.975,2026-03-11T15:04:33.379206,0.588,2026-03-11T15:04:32.486000,74,,,
participant_08,2,day,Town10HD_Opt,2026-03-11T15:04:34.604762,1.7175463438034058,26.076772689819336,0.0019760131835937,50.149,-0.395,0.112,0.0,0,0,1,,0.889,2026-03-11T15:04:34.604762,happy,0.975,2026-03-11T15:04:33.379206,0.588,2026-03-11T15:04:34.461000,77,,,
participant_08,2,day,Town10HD_Opt,2026-03-11T15:04:35.530158,9.682493209838867,25.38481330871582,0.0023785780649632,39.823,2.704,0.0,0.0,0,0,1,,1.0,2026-03-11T15:04:35.530158,neutral,0.532,2026-03-11T15:04:35.530158,0.588,2026-03-11T15:04:35.496000,75,,,
participant_08,2,day,Town10HD_Opt,2026-03-11T15:04:36.485471,15.91450309753418,25.33873748779297,0.0023277283180505,31.318,3.335,0.0,0.0,0,0,1,,0.9,2026-03-11T15:04:36.485471,neutral,0.532,2026-03-11T15:04:35.530158,0.588,2026-03-11T15:04:35.496000,75,,,
participant_08,2,day,Town10HD_Opt,2026-03-11T15:04:37.425900,20.83465003967285,25.75731658935547,0.0021486282348632,26.475,3.109,0.317,0.0,0,0,1,,0.851,2026-03-11T15:04:37.425900,neutral,0.532,2026-03-11T15:04:35.530158,0.588,2026-03-11T15:04:36.487000,73,,,
participant_08,2,day,Town10HD_Opt,2026-03-11T15:04:38.368836,25.326080322265625,26.51546859741211,0.0020669936202466,25.754,5.108,0.467,0.0,0,0,1,,0.842,2026-03-11T15:04:38.368836,neutral,0.839,2026-03-11T15:04:38.368836,0.588,2026-03-11T15:04:37.488000,73,,,
participant_08,2,day,Town10HD_Opt,2026-03-11T15:04:39.652917,31.35922813415528,28.5505313873291,0.0019530105637386,29.357,11.895,0.49,0.0,0,0,1,,1.0,2026-03-11T15:04:39.652917,neutral,0.839,2026-03-11T15:04:38.368836,0.588,2026-03-11T15:04:39.501000,74,,,
participant_08,2,day,Town10HD_Opt,2026-03-11T15:04:40.569990,35.612815856933594,31.6788272857666,0.0019999693613499,31.467,13.723,0.487,0.0,0,0,1,,1.0,2026-03-11T15:04:40.569990,happy,0.991,2026-03-11T15:04:40.569990,0.588,2026-03-11T15:04:40.446000,74,,,
participant_08,2,day,Town10HD_Opt,2026-03-11T15:04:41.506304,38.73679733276367,36.360633850097656,0.002005805959925,33.236,12.049,0.483,0.0,0,0,1,,1.0,2026-03-11T15:04:41.506304,happy,0.991,2026-03-11T15:04:40.569990,0.588,2026-03-11T15:04:41.482000,73,,,
participant_08,2,day,Town10HD_Opt,2026-03-11T15:04:42.437417,40.45633316040039,41.86125946044922,0.0022064589429646,30.376,3.196,0.0,0.0,0,0,1,,0.903,2026-03-11T15:04:42.437417,happy,0.991,2026-03-11T15:04:40.569990,0.588,2026-03-11T15:04:41.482000,73,,,errors=Solid line crossing
participant_08,2,day,Town10HD_Opt,2026-03-11T15:04:43.623070,41.51273727416992,47.6796760559082,0.0023889541625976,15.11,12.592,0.0,0.638,0,0,1,,1.0,2026-03-11T15:04:43.623070,neutral,0.729,2026-03-11T15:04:43.623070,0.588,2026-03-11T15:04:43.462000,72,,,
participant_08,2,day,Town10HD_Opt,2026-03-11T15:04:44.496982,41.53933334350586,48.14993667602539,0.0020590210333466,0.0,6.661,0.0,0.832,0,0,1,,0.812,2026-03-11T15:04:44.496982,neutral,0.729,2026-03-11T15:04:43.623070,0.588,2026-03-11T15:04:44.451000,72,,,
participant_08,2,day,Town10HD_Opt,2026-03-11T15:04:45.595433,41.53934097290039,48.15011596679688,0.0019207000732421,0.0,5.238,0.0,0.0,0,0,1,,1.0,2026-03-11T15:04:45.595433,neutral,0.729,2026-03-11T15:04:43.623070,0.588,2026-03-11T15:04:44.451000,72,,,
participant_08,2,day,Town10HD_Opt,2026-03-11T15:04:46.442698,41.53934097290039,48.15011596679688,0.0019195555942133,0.0,5.363,0.0,0.0,0,0,1,,1.0,2026-03-11T15:04:46.442698,sad,0.754,2026-03-11T15:04:46.442698,0.588,2026-03-11T15:04:45.621000,72,,,
participant_08,2,day,Town10HD_Opt,2026-03-11T15:04:47.568480,41.53919982910156,48.14756393432617,0.0019125747494399,0.076,6.998,0.0,0.0,0,0,1,,0.846,2026-03-11T15:04:47.568480,sad,0.754,2026-03-11T15:04:46.442698,0.588,2026-03-11T15:04:47.466000,73,,,
participant_08,2,day,Town10HD_Opt,2026-03-11T15:04:48.433310,41.53945541381836,48.15484237670898,0.0019176482455804,0.067,8.162,0.082,0.0,0,0,1,,0.869,2026-03-11T15:04:48.433310,sad,0.754,2026-03-11T15:04:46.442698,0.588,2026-03-11T15:04:47.466000,73,,,
participant_08,2,day,Town10HD_Opt,2026-03-11T15:04:49.590920,41.54078674316406,48.213470458984375,0.001835327129811,1.887,9.605,0.666,0.0,0,0,1,,1.0,2026-03-11T15:04:49.590920,sad,0.81,2026-03-11T15:04:49.590920,0.588,2026-03-11T15:04:49.446000,74,,,
participant_08,2,day,Town10HD_Opt,2026-03-11T15:04:50.436877,41.49872970581055,49.32378768920898,0.0016006468795239,11.809,11.941,0.646,0.0,0,0,1,,1.0,2026-03-11T15:04:50.436877,sad,0.81,2026-03-11T15:04:49.590920,0.588,2026-03-11T15:04:49.446000,74,,,
participant_08,2,day,Town10HD_Opt,2026-03-11T15:04:51.629608,41.03782653808594,52.85519027709961,0.001894531189464,16.417,-0.04,0.246,0.0,0,0,1,,0.802,2026-03-11T15:04:51.629608,happy,1.0,2026-03-11T15:04:51.629608,0.53,2026-03-11T15:04:51.471000,73,,,errors=Stop sign violation | Solid line crossing
participant_08,2,day,Town10HD_Opt,2026-03-11T15:04:52.501183,40.77932357788086,55.745643615722656,0.0018795394571498,17.238,-1.438,0.334,0.0,0,0,1,,1.0,2026-03-11T15:04:52.501183,happy,1.0,2026-03-11T15:04:51.629608,0.53,2026-03-11T15:04:51.471000,73,,,
participant_08,2,day,Town10HD_Opt,2026-03-11T15:04:53.359879,40.68817901611328,58.87392044067383,0.0020643614698201,18.83,-15.189,0.805,0.0,0,0,1,,1.0,2026-03-11T15:04:53.359879,happy,1.0,2026-03-11T15:04:51.629608,0.501,2026-03-11T15:04:52.551000,73,,,
participant_08,2,day,Town10HD_Opt,2026-03-11T15:04:54.513019,42.38799285888672,64.31706237792969,0.0018292998429387,30.406,-15.267,0.643,0.0,0,0,1,,1.0,2026-03-11T15:04:54.513019,happy,1.0,2026-03-11T15:04:54.513019,0.443,2026-03-11T15:04:54.486000,73,,,
participant_08,2,day,Town10HD_Opt,2026-03-11T15:04:55.395361,46.16725540161133,68.61738586425781,0.0018982696346938,35.985,-16.362,0.638,0.0,0,0,1,,1.0,2026-03-11T15:04:55.395361,happy,1.0,2026-03-11T15:04:54.513019,0.443,2026-03-11T15:04:54.486000,73,,,
participant_08,2,day,Town10HD_Opt,2026-03-11T15:04:56.559856,54.62923049926758,71.2751693725586,0.001940498361364,41.759,-12.342,0.632,0.0,0,0,1,,1.0,2026-03-11T15:04:56.559856,happy,0.86,2026-03-11T15:04:56.559856,0.385,2026-03-11T15:04:56.466000,73,,,
participant_08,2,day,Town10HD_Opt,2026-03-11T15:04:57.515195,61.90876388549805,70.73717498779297,0.0022670363541692,38.115,6.388,0.0,0.0,0,0,1,,1.0,2026-03-11T15:04:57.515195,happy,0.86,2026-03-11T15:04:56.559856,0.356,2026-03-11T15:04:57.457000,73,,,
participant_08,2,day,Town10HD_Opt,2026-03-11T15:04:58.370407,67.87155151367188,70.78911590576172,0.0023188018240034,29.436,-4.766,0.0,0.0,0,0,1,,1.0,2026-03-11T15:04:58.370407,happy,0.86,2026-03-11T15:04:56.559856,0.356,2026-03-11T15:04:57.457000,73,,,
participant_08,2,day,Town10HD_Opt,2026-03-11T15:04:59.502567,73.69914245605469,70.49272918701172,0.0022709656041115,19.967,1.765,0.0,0.345,0,0,1,,0.882,2026-03-11T15:04:59.502567,sad,0.492,2026-03-11T15:04:59.502567,0.338,2026-03-11T15:04:59.481000,78,,,
participant_08,2,day,Town10HD_Opt,2026-03-11T15:05:00.356669,76.57833099365234,70.4234619140625,0.002127876272425,12.625,-1.271,0.0,0.066,0,0,1,,1.0,2026-03-11T15:05:00.356669,sad,0.492,2026-03-11T15:04:59.502567,0.338,2026-03-11T15:04:59.481000,78,,,
participant_08,2,day,Town10HD_Opt,2026-03-11T15:05:01.536385,79.09423828125,70.32372283935547,0.0020050429739058,8.891,-0.914,0.0,0.0,0,0,1,,1.0,2026-03-11T15:05:01.536385,sad,0.599,2026-03-11T15:05:01.536385,0.439,2026-03-11T15:05:01.461000,81,,,
participant_08,2,day,Town10HD_Opt,2026-03-11T15:05:02.378454,80.48201751708984,70.25485229492188,0.0019509505946189,7.437,-0.858,0.373,0.0,0,0,1,,0.906,2026-03-11T15:05:02.378454,sad,0.599,2026-03-11T15:05:01.536385,0.439,2026-03-11T15:05:01.461000,81,,,
participant_08,2,day,Town10HD_Opt,2026-03-11T15:05:03.475017,83.39178466796875,70.10140991210938,0.0017915343632921,19.323,1.565,0.755,0.0,0,0,1,,0.89,2026-03-11T15:05:03.475017,sad,0.599,2026-03-11T15:05:01.536385,0.487,2026-03-11T15:05:02.452000,80,,,
participant_08,2,day,Town10HD_Opt,2026-03-11T15:05:04.605577,88.64588928222656,70.34901428222656,0.0021202850621193,22.417,12.296,0.206,0.0,0,0,1,,1.0,2026-03-11T15:05:04.605577,happy,0.921,2026-03-11T15:05:04.605577,0.52,2026-03-11T15:05:04.476000,74,,,
participant_08,2,day,Town10HD_Opt,2026-03-11T15:05:05.441622,92.10201263427734,71.493896484375,0.0021370314061641,19.75,15.6,0.297,0.0,0,0,1,,1.0,2026-03-11T15:05:05.441622,happy,0.921,2026-03-11T15:05:04.605577,0.52,2026-03-11T15:05:04.476000,74,,,
participant_08,2,day,Town10HD_Opt,2026-03-11T15:05:06.546190,95.64459991455078,74.20722198486328,0.0020501709077507,19.481,16.803,0.377,0.0,0,0,1,,1.0,2026-03-11T15:05:06.546190,happy,0.921,2026-03-11T15:05:04.605577,0.513,2026-03-11T15:05:06.456000,72,,,
participant_08,2,day,Town10HD_Opt,2026-03-11T15:05:07.389437,97.55323791503906,77.10346984863281,0.0020184707827866,20.762,16.369,0.419,0.0,0,0,1,,1.0,2026-03-11T15:05:07.389437,neutral,0.974,2026-03-11T15:05:07.389437,0.513,2026-03-11T15:05:06.456000,72,,,
participant_08,2,day,Town10HD_Opt,2026-03-11T15:05:08.507040,98.87862396240234,82.00296020507812,0.0019905471708625,23.304,7.411,0.479,0.0,0,0,1,,1.0,2026-03-11T15:05:08.507040,neutral,0.974,2026-03-11T15:05:07.389437,0.487,2026-03-11T15:05:08.482000,72,,,
participant_08,2,day,Town10HD_Opt,2026-03-11T15:05:09.370535,99.25450897216795,86.5126724243164,0.0017077254597097,31.702,3.304,0.991,0.0,0,0,1,,0.931,2026-03-11T15:05:09.370535,neutral,0.974,2026-03-11T15:05:07.389437,0.487,2026-03-11T15:05:08.482000,72,,,
participant_08,2,day,Town10HD_Opt,2026-03-11T15:05:10.523215,98.94485473632812,95.70079803466795,0.0017575835809111,46.114,5.174,0.744,0.0,0,0,1,,1.0,2026-03-11T15:05:10.523215,neutral,0.545,2026-03-11T15:05:10.523215,0.399,2026-03-11T15:05:10.461000,73,,,
participant_08,2,day,Town10HD_Opt,2026-03-11T15:05:11.621782,95.9628677368164,106.73296356201172,0.0021157073788344,49.076,4.277,0.732,0.0,0,0,1,,1.0,2026-03-11T15:05:11.621782,neutral,0.545,2026-03-11T15:05:10.523215,0.352,2026-03-11T15:05:11.541000,74,,,
participant_08,2,day,Town10HD_Opt,2026-03-11T15:05:12.459920,91.86746978759766,114.4430923461914,0.0021377182565629,49.079,4.348,0.727,0.0,0,0,1,,1.0,2026-03-11T15:05:12.459920,neutral,0.545,2026-03-11T15:05:10.523215,0.352,2026-03-11T15:05:11.541000,74,,,
participant_08,2,day,Town10HD_Opt,2026-03-11T15:05:13.571462,84.25923919677734,123.08473205566406,0.0020137405954301,49.875,8.818,0.708,0.0,0,0,1,,1.0,2026-03-11T15:05:13.571462,neutral,0.461,2026-03-11T15:05:13.571462,0.291,2026-03-11T15:05:13.478000,73,,,errors=Solid line crossing
participant_08,2,day,Town10HD_Opt,2026-03-11T15:05:14.426909,76.70720672607422,127.2400360107422,0.0021272278390824,48.362,4.948,0.705,0.0,0,0,1,,1.0,2026-03-11T15:05:14.426909,neutral,0.461,2026-03-11T15:05:13.571462,0.291,2026-03-11T15:05:13.478000,73,,,
participant_08,2,day,Town10HD_Opt,2026-03-11T15:05:15.593896,65.44823455810547,129.96041870117188,0.0020702742040157,49.647,3.69,0.705,0.0,0,0,1,,1.0,2026-03-11T15:05:15.593896,neutral,0.828,2026-03-11T15:05:15.593896,0.244,2026-03-11T15:05:15.456000,69,,,
participant_08,2,day,Town10HD_Opt,2026-03-11T15:05:16.484336,56.73876953125,130.58453369140625,0.0020927428267896,49.405,0.338,0.705,0.0,0,0,1,,0.839,2026-03-11T15:05:16.484336,neutral,0.828,2026-03-11T15:05:15.593896,0.244,2026-03-11T15:05:15.456000,69,,,
participant_08,2,day,Town10HD_Opt,2026-03-11T15:05:17.451235,48.00450134277344,130.83499145507812,0.0021165085490792,49.179,0.771,0.706,0.0,0,0,1,,1.0,2026-03-11T15:05:17.451235,neutral,0.828,2026-03-11T15:05:15.593896,0.217,2026-03-11T15:05:16.672000,68,,,
participant_08,2,day,Town10HD_Opt,2026-03-11T15:05:18.359099,39.26896667480469,131.06924438476562,0.002134742680937,49.04,-0.094,0.706,0.0,0,0,1,,1.0,2026-03-11T15:05:18.359099,neutral,0.867,2026-03-11T15:05:18.359099,0.19,2026-03-11T15:05:17.484000,67,,,
participant_08,2,day,Town10HD_Opt,2026-03-11T15:05:19.592072,27.65540313720703,131.35411071777344,0.0020163727458566,50.154,0.016,0.706,0.0,0,0,1,,1.0,2026-03-11T15:05:19.592072,neutral,0.867,2026-03-11T15:05:18.359099,0.116,2026-03-11T15:05:19.462000,67,,,
participant_08,2,day,Town10HD_Opt,2026-03-11T15:05:20.540992,18.92557716369629,131.5880584716797,0.0020412062294781,49.868,0.451,0.706,0.0,0,0,1,,0.9,2026-03-11T15:05:20.540992,sad,0.665,2026-03-11T15:05:20.540992,0.116,2026-03-11T15:05:19.462000,67,,,
participant_08,2,day,Town10HD_Opt,2026-03-11T15:05:21.429560,10.19765281677246,131.72323608398438,0.0020693587139248,49.542,0.461,0.702,0.0,0,0,1,,0.906,2026-03-11T15:05:21.429560,sad,0.665,2026-03-11T15:05:20.540992,0.075,2026-03-11T15:05:20.587000,67,,,
participant_08,2,day,Town10HD_Opt,2026-03-11T15:05:22.599468,-1.410893201828003,131.64756774902344,0.001981658861041,50.397,0.446,0.663,0.0,0,0,1,,0.848,2026-03-11T15:05:22.599468,sad,0.788,2026-03-11T15:05:22.599468,0.0,2026-03-11T15:05:22.476000,69,,,
participant_08,2,day,Town10HD_Opt,2026-03-11T15:05:23.493227,-10.08794116973877,131.41140747070312,0.0020371626596897,49.507,-0.261,0.663,0.0,0,0,1,,0.851,2026-03-11T15:05:23.493227,sad,0.788,2026-03-11T15:05:22.599468,0.0,2026-03-11T15:05:23.466000,69,,,
participant_08,2,day,Town10HD_Opt,2026-03-11T15:05:24.418806,-18.80254364013672,131.27755737304688,0.0021327589638531,48.499,-0.179,0.288,0.0,0,0,1,,1.0,2026-03-11T15:05:24.418806,sad,0.788,2026-03-11T15:05:22.599468,0.0,2026-03-11T15:05:23.466000,69,,,
participant_08,2,day,Town10HD_Opt,2026-03-11T15:05:25.550107,-29.479555130004883,130.6616973876953,0.0023181533906608,40.839,13.102,0.165,0.0,0,0,1,,1.0,2026-03-11T15:05:25.550107,sad,0.828,2026-03-11T15:05:25.550107,0.0,2026-03-11T15:05:25.492000,68,,,
participant_08,2,day,Town10HD_Opt,2026-03-11T15:05:26.437528,-35.42267608642578,127.60997772216795,0.0020855329930782,38.546,14.036,0.595,0.0,0,0,1,,1.0,2026-03-11T15:05:26.437528,sad,0.828,2026-03-11T15:05:25.550107,0.0,2026-03-11T15:05:25.492000,68,,,
participant_08,2,day,Town10HD_Opt,2026-03-11T15:05:27.366684,-39.65766143798828,122.02708435058594,0.0019264221191406,42.608,10.908,0.637,0.0,0,0,1,,1.0,2026-03-11T15:05:27.366684,sad,0.828,2026-03-11T15:05:25.550107,0.0,2026-03-11T15:05:26.482000,66,,,
participant_08,2,day,Town10HD_Opt,2026-03-11T15:05:28.557126,-41.71474838256836,111.9190902709961,0.0019448088714852,47.297,6.528,0.629,0.0,0,0,1,,1.0,2026-03-11T15:05:28.557126,sad,0.8,2026-03-11T15:05:28.557126,0.0,2026-03-11T15:05:28.552000,64,,,
participant_08,2,day,Town10HD_Opt,2026-03-11T15:05:29.467650,-41.2607650756836,103.83462524414062,0.0023185729514807,41.76,-10.029,0.062,0.0,0,0,1,,1.0,2026-03-11T15:05:29.467650,sad,0.8,2026-03-11T15:05:28.557126,0.0,2026-03-11T15:05:29.451000,63,,,
participant_08,2,day,Town10HD_Opt,2026-03-11T15:05:30.405942,-42.34699249267578,97.37722778320312,0.0023389435373246,32.527,5.519,0.159,0.0,0,0,1,,1.0,2026-03-11T15:05:30.405942,sad,0.8,2026-03-11T15:05:28.557126,0.0,2026-03-11T15:05:29.451000,63,,,
participant_08,2,day,Town10HD_Opt,2026-03-11T15:05:31.595951,-43.10836410522461,90.63435363769533,0.0021488571073859,26.497,6.232,0.357,0.0,0,0,1,,1.0,2026-03-11T15:05:31.595951,sad,0.721,2026-03-11T15:05:31.595951,0.0,2026-03-11T15:05:31.477000,63,,,
participant_08,2,day,Town10HD_Opt,2026-03-11T15:05:32.536776,-42.82673645019531,86.03558349609375,0.002042083768174,26.686,11.05,0.404,0.0,0,0,1,,1.0,2026-03-11T15:05:32.536776,sad,0.721,2026-03-11T15:05:31.595951,0.0,2026-03-11T15:05:32.512000,64,,,
participant_08,2,day,Town10HD_Opt,2026-03-11T15:05:33.453986,-41.48440933227539,81.40901947021484,0.0019291305216029,29.293,5.692,0.577,0.0,0,0,1,,1.0,2026-03-11T15:05:33.453986,sad,0.721,2026-03-11T15:05:31.595951,0.0,2026-03-11T15:05:32.512000,64,,,
participant_08,2,day,Town10HD_Opt,2026-03-11T15:05:34.361253,-39.03681945800781,76.50094604492188,0.001925888005644,33.647,13.338,0.577,0.0,0,0,1,,1.0,2026-03-11T15:05:34.361253,sad,0.79,2026-03-11T15:05:34.361253,0.0,2026-03-11T15:05:33.457000,64,,,
participant_08,2,day,Town10HD_Opt,2026-03-11T15:05:35.597801,-32.56923294067383,71.44937896728516,0.0019680403638631,38.153,13.872,0.579,0.0,0,0,1,,1.0,2026-03-11T15:05:35.597801,sad,0.79,2026-03-11T15:05:34.361253,0.0,2026-03-11T15:05:35.481000,65,,,
participant_08,2,day,Town10HD_Opt,2026-03-11T15:05:36.472601,-25.77979850769043,70.15047454833984,0.0019436263246461,41.559,-0.609,0.578,0.0,0,0,1,phone_call,0.817,2026-03-11T15:05:36.472601,neutral,0.524,2026-03-11T15:05:36.472601,0.0,2026-03-11T15:05:35.481000,65,,,
participant_08,2,day,Town10HD_Opt,2026-03-11T15:05:37.403354,-18.30417251586914,69.35297393798828,0.0019464873475953,44.422,5.155,0.573,0.0,0,0,1,,1.0,2026-03-11T15:05:37.403354,neutral,0.524,2026-03-11T15:05:36.472601,0.0,2026-03-11T15:05:36.516000,67,,,errors=Solid line crossing
participant_08,2,day,Town10HD_Opt,2026-03-11T15:05:38.377975,-10.429222106933594,69.14659881591797,0.0020274734124541,45.304,1.307,0.484,0.0,0,0,1,,1.0,2026-03-11T15:05:38.377975,neutral,0.524,2026-03-11T15:05:36.472601,0.0,2026-03-11T15:05:37.461000,68,,,
participant_08,2,day,Town10HD_Opt,2026-03-11T15:05:39.593988,0.1625855267047882,69.68184661865234,0.0020363617222756,45.591,-2.395,0.475,0.0,0,0,1,,1.0,2026-03-11T15:05:39.593988,neutral,0.518,2026-03-11T15:05:39.593988,0.0,2026-03-11T15:05:39.487000,70,,,
participant_08,2,day,Town10HD_Opt,2026-03-11T15:05:40.569951,8.117691993713379,69.66874694824219,0.0020652769599109,44.921,-0.837,0.085,0.0,0,0,1,,1.0,2026-03-11T15:05:40.569951,neutral,0.518,2026-03-11T15:05:39.593988,0.0,2026-03-11T15:05:40.477000,70,,,
participant_08,2,day,Town10HD_Opt,2026-03-11T15:05:41.552027,15.295308113098145,69.30057525634766,0.0023515319917351,35.666,0.874,0.0,0.345,0,0,1,,1.0,2026-03-11T15:05:41.552027,neutral,0.518,2026-03-11T15:05:39.593988,0.0,2026-03-11T15:05:41.466000,70,,,errors=Harsh braking | Solid line crossing
participant_08,2,day,Town10HD_Opt,2026-03-11T15:05:42.481685,20.574676513671875,69.14319610595703,0.0024301910307258,23.606,0.747,0.0,0.772,0,0,1,,1.0,2026-03-11T15:05:42.481685,sad,0.952,2026-03-11T15:05:42.481685,0.0,2026-03-11T15:05:41.466000,70,,,
participant_08,2,day,Town10HD_Opt,2026-03-11T15:05:43.436487,22.78666877746582,69.11980438232422,0.0026818083133548,0.002,0.665,0.0,0.914,0,0,1,,1.0,2026-03-11T15:05:43.436487,sad,0.952,2026-03-11T15:05:42.481685,0.0,2026-03-11T15:05:42.551000,69,,,
participant_08,2,day,Town10HD_Opt,2026-03-11T15:05:44.405918,22.78755569458008,69.11979675292969,0.0019440078176558,0.0,0.665,0.0,0.427,0,0,1,,1.0,2026-03-11T15:05:44.405918,sad,0.952,2026-03-11T15:05:42.481685,0.0,2026-03-11T15:05:43.492000,68,,,
participant_08,2,day,Town10HD_Opt,2026-03-11T15:05:45.581774,22.78758811950684,69.11979675292969,0.001919784466736,0.0,0.665,0.0,0.0,0,0,1,,1.0,2026-03-11T15:05:45.581774,sad,0.634,2026-03-11T15:05:45.581774,0.035,2026-03-11T15:05:45.472000,71,,,
participant_08,2,day,Town10HD_Opt,2026-03-11T15:05:46.463146,22.78758811950684,69.11979675292969,0.001919784466736,0.0,0.665,0.0,0.0,0,0,1,,1.0,2026-03-11T15:05:46.463146,sad,0.634,2026-03-11T15:05:45.581774,0.062,2026-03-11T15:05:46.462000,71,,,
participant_08,2,day,Town10HD_Opt,2026-03-11T15:05:47.361714,23.16139793395996,69.11665344238281,0.0015291976742446,8.713,0.134,1.0,0.0,0,0,1,,1.0,2026-03-11T15:05:47.361714,sad,0.634,2026-03-11T15:05:45.581774,0.062,2026-03-11T15:05:46.462000,71,,,
participant_08,2,day,Town10HD_Opt,2026-03-11T15:05:48.551400,27.357139587402344,69.03814697265625,0.001586418133229,28.438,-4.749,1.0,0.0,0,0,1,,1.0,2026-03-11T15:05:48.551400,sad,0.649,2026-03-11T15:05:48.551400,0.089,2026-03-11T15:05:48.486000,70,,,errors=Solid line crossing
participant_08,2,day,Town10HD_Opt,2026-03-11T15:05:49.476880,33.41130828857422,68.0007095336914,0.0016227340092882,41.552,-7.299,0.609,0.0,0,0,1,,1.0,2026-03-11T15:05:49.476880,sad,0.649,2026-03-11T15:05:48.551400,0.089,2026-03-11T15:05:48.486000,70,,,
participant_08,2,day,Town10HD_Opt,2026-03-11T15:05:50.633138,41.4915771484375,64.26484680175781,0.0023342894855886,32.089,-12.275,0.0,0.0,0,0,1,,1.0,2026-03-11T15:05:50.633138,sad,0.56,2026-03-11T15:05:50.633138,0.089,2026-03-11T15:05:50.467000,70,,,
participant_08,2,day,Town10HD_Opt,2026-03-11T15:05:51.556446,44.69871139526367,60.5572624206543,0.0022796248085796,25.746,-26.243,0.404,0.0,0,0,1,,1.0,2026-03-11T15:05:51.556446,sad,0.56,2026-03-11T15:05:50.633138,0.095,2026-03-11T15:05:51.457000,71,,,
participant_08,2,day,Town10HD_Opt,2026-03-11T15:05:52.432069,45.65940475463867,56.17181396484375,0.0020844268146902,25.627,-7.67,0.315,0.0,0,0,1,,0.872,2026-03-11T15:05:52.432069,sad,0.56,2026-03-11T15:05:50.633138,0.095,2026-03-11T15:05:51.457000,71,,,
participant_08,2,day,Town10HD_Opt,2026-03-11T15:05:53.579463,45.76730728149414,50.31272506713867,0.0020625304896384,24.804,-5.607,0.472,0.0,0,0,1,,0.885,2026-03-11T15:05:53.579463,sad,0.821,2026-03-11T15:05:53.579463,0.136,2026-03-11T15:05:53.527000,72,,,
participant_08,2,day,Town10HD_Opt,2026-03-11T15:05:54.501012,45.18678283691406,45.75400161743164,0.0019125747494399,28.347,-3.931,0.552,0.0,0,0,1,,1.0,2026-03-11T15:05:54.501012,sad,0.821,2026-03-11T15:05:53.579463,0.163,2026-03-11T15:05:54.472000,73,,,
participant_08,2,day,Town10HD_Opt,2026-03-11T15:05:55.394602,44.59319686889648,40.49116897583008,0.0019446563674136,32.037,14.295,0.538,0.0,0,0,1,,1.0,2026-03-11T15:05:55.394602,sad,0.821,2026-03-11T15:05:53.579463,0.163,2026-03-11T15:05:54.472000,73,,,
participant_08,2,day,Town10HD_Opt,2026-03-11T15:05:56.530516,46.91835403442383,33.142364501953125,0.0020330047700554,34.637,17.876,0.495,0.0,0,0,1,,1.0,2026-03-11T15:05:56.530516,neutral,0.936,2026-03-11T15:05:56.530516,0.156,2026-03-11T15:05:55.552000,70,,,
participant_08,2,day,Town10HD_Opt,2026-03-11T15:05:57.426758,51.26887512207031,29.27033805847168,0.0022580719087272,30.572,12.524,0.0,0.0,0,0,1,,0.819,2026-03-11T15:05:57.426758,neutral,0.936,2026-03-11T15:05:56.530516,0.143,2026-03-11T15:05:56.632000,69,,,
participant_08,2,day,Town10HD_Opt,2026-03-11T15:05:58.546880,56.96379089355469,27.216217041015625,0.0022390745580196,21.814,5.259,0.264,0.0,0,0,1,,1.0,2026-03-11T15:05:58.546880,neutral,0.835,2026-03-11T15:05:58.546880,0.129,2026-03-11T15:05:58.522000,70,,,
participant_08,2,day,Town10HD_Opt,2026-03-11T15:05:59.425293,60.53768539428711,26.415834426879883,0.0020978164393454,20.092,-0.837,0.269,0.0,0,0,1,phone_call,0.972,2026-03-11T15:05:59.425293,neutral,0.835,2026-03-11T15:05:58.546880,0.129,2026-03-11T15:05:58.522000,70,,,
participant_08,2,day,Town10HD_Opt,2026-03-11T15:06:00.569650,65.01539611816406,25.50853538513184,0.0020526503212749,19.311,4.452,0.231,0.0,0,0,1,,0.809,2026-03-11T15:06:00.569650,neutral,0.899,2026-03-11T15:06:00.569650,0.143,2026-03-11T15:06:00.457000,71,,,
participant_08,2,day,Town10HD_Opt,2026-03-11T15:06:01.455034,68.26142883300781,25.11799049377441,0.0020484160631895,18.231,0.305,0.24,0.0,0,0,1,,1.0,2026-03-11T15:06:01.455034,neutral,0.899,2026-03-11T15:06:00.569650,0.143,2026-03-11T15:06:00.457000,71,,,
participant_08,2,day,Town10HD_Opt,2026-03-11T15:06:02.604596,72.45003509521484,24.69887924194336,0.0018515014089643,17.787,4.202,0.18,0.0,0,0,1,,1.0,2026-03-11T15:06:02.604596,neutral,0.694,2026-03-11T15:06:02.604596,0.143,2026-03-11T15:06:02.482000,71,,,
participant_08,2,day,Town10HD_Opt,2026-03-11T15:06:03.451681,75.34764862060547,24.60605430603028,0.0020396423060446,14.513,2.341,0.0,0.0,0,0,1,,0.96,2026-03-11T15:06:03.451681,neutral,0.694,2026-03-11T15:06:02.604596,0.143,2026-03-11T15:06:02.482000,71,,,
participant_08,2,day,Town10HD_Opt,2026-03-11T15:06:04.560592,78.07107543945312,24.575233459472656,0.0021215819288045,7.444,0.261,0.0,0.555,0,0,1,,1.0,2026-03-11T15:06:04.560592,neutral,0.694,2026-03-11T15:06:02.604596,0.129,2026-03-11T15:06:04.462000,72,,,
participant_08,2,day,Town10HD_Opt,2026-03-11T15:06:05.393451,78.60496520996094,24.569339752197266,0.0020765303634107,0.0,0.686,0.0,0.109,0,0,1,,1.0,2026-03-11T15:06:05.393451,fear,0.45,2026-03-11T15:06:05.393451,0.129,2026-03-11T15:06:04.462000,72,,,
participant_08,2,day,Town10HD_Opt,2026-03-11T15:06:06.538034,78.6113510131836,24.56933212280273,0.0019205474527552,0.026,0.115,0.0,0.0,0,0,1,,1.0,2026-03-11T15:06:06.538034,fear,0.45,2026-03-11T15:06:05.393451,0.169,2026-03-11T15:06:06.488000,73,,,
participant_08,2,day,Town10HD_Opt,2026-03-11T15:06:07.401620,78.62751770019531,24.56916236877441,0.0019011687254533,0.323,0.115,0.0,0.0,0,0,1,,1.0,2026-03-11T15:06:07.401620,neutral,0.49,2026-03-11T15:06:07.401620,0.169,2026-03-11T15:06:06.488000,73,,,
participant_08,2,day,Town10HD_Opt,2026-03-11T15:06:08.504168,78.69691467285156,24.56827735900879,0.0019212722545489,0.248,0.564,0.0,0.0,0,0,1,,0.864,2026-03-11T15:06:08.504168,neutral,0.49,2026-03-11T15:06:07.401620,0.223,2026-03-11T15:06:08.467000,74,,,
participant_08,2,day,Town10HD_Opt,2026-03-11T15:06:09.596738,78.74636840820312,24.5678825378418,0.0019207000732421,0.171,0.559,0.0,0.0,0,0,1,,0.829,2026-03-11T15:06:09.596738,neutral,0.786,2026-03-11T15:06:09.596738,0.25,2026-03-11T15:06:09.502000,75,,,
participant_08,2,day,Town10HD_Opt,2026-03-11T15:06:10.414891,78.77357482910156,24.56767845153809,0.0019203948322683,0.131,0.559,0.0,0.0,0,0,1,,0.877,2026-03-11T15:06:10.414891,neutral,0.786,2026-03-11T15:06:09.596738,0.25,2026-03-11T15:06:09.502000,75,,,
participant_08,2,day,Town10HD_Opt,2026-03-11T15:06:11.522720,78.80029296875,24.567413330078125,0.0019200515234842,0.091,0.559,0.0,0.0,0,0,1,,0.902,2026-03-11T15:06:11.522720,neutral,0.786,2026-03-11T15:06:09.596738,0.291,2026-03-11T15:06:11.482000,74,,,
participant_08,2,day,Town10HD_Opt,2026-03-11T15:06:12.612278,78.819091796875,24.567277908325195,0.0019197082147002,0.062,0.585,0.0,0.0,0,0,1,,1.0,2026-03-11T15:06:12.612278,happy,0.972,2026-03-11T15:06:12.612278,0.298,2026-03-11T15:06:12.472000,72,,,
participant_08,2,day,Town10HD_Opt,2026-03-11T15:06:13.431782,78.82942962646484,24.567195892333984,0.001919517526403,0.047,0.595,0.0,0.0,0,0,1,,1.0,2026-03-11T15:06:13.431782,happy,0.972,2026-03-11T15:06:12.612278,0.298,2026-03-11T15:06:12.472000,72,,,
participant_08,2,day,Town10HD_Opt,2026-03-11T15:06:14.499640,78.83958435058594,24.567184448242188,0.0019193649059161,0.032,0.597,0.0,0.0,0,0,1,,1.0,2026-03-11T15:06:14.499640,happy,0.972,2026-03-11T15:06:12.612278,0.223,2026-03-11T15:06:14.452000,64,,,
participant_08,2,day,Town10HD_Opt,2026-03-11T15:06:15.592791,78.84671783447266,24.567176818847656,0.0019193267216905,0.022,0.602,0.0,0.0,0,0,1,,1.0,2026-03-11T15:06:15.592791,happy,1.0,2026-03-11T15:06:15.592791,0.156,2026-03-11T15:06:15.487000,62,,,
participant_08,2,day,Town10HD_Opt,2026-03-11T15:06:16.412084,78.84962463378906,24.56717300415039,0.0019190596649423,0.003,0.602,0.0,0.0,0,0,1,,1.0,2026-03-11T15:06:16.412084,happy,1.0,2026-03-11T15:06:15.592791,0.156,2026-03-11T15:06:15.487000,62,,,
participant_08,2,day,Town10HD_Opt,2026-03-11T15:06:17.542490,78.84989929199219,24.56717300415039,0.0019191741012036,0.005,0.62,0.0,0.0,0,0,1,,1.0,2026-03-11T15:06:17.542490,happy,1.0,2026-03-11T15:06:15.592791,0.028,2026-03-11T15:06:17.467000,64,,,
participant_08,2,day,Town10HD_Opt,2026-03-11T15:06:18.427696,78.85015106201172,24.56717300415039,0.0019190978491678,0.006,0.625,0.0,0.0,0,0,1,,0.905,2026-03-11T15:06:18.427696,happy,1.0,2026-03-11T15:06:18.427696,0.028,2026-03-11T15:06:17.467000,64,,,
participant_08,2,day,Town10HD_Opt,2026-03-11T15:06:19.505858,78.85025787353516,24.56717300415039,0.0019192122854292,0.006,0.625,0.0,0.0,0,0,1,,0.948,2026-03-11T15:06:19.505858,happy,1.0,2026-03-11T15:06:18.427696,0.0,2026-03-11T15:06:19.493000,68,,,
participant_08,2,day,Town10HD_Opt,2026-03-11T15:06:20.599473,79.2371826171875,24.564584732055664,0.0017988967010751,4.176,0.625,0.0,0.0,0,0,1,,1.0,2026-03-11T15:06:20.599473,sad,0.624,2026-03-11T15:06:20.599473,0.0,2026-03-11T15:06:20.482000,69,,,
participant_08,2,day,Town10HD_Opt,2026-03-11T15:06:21.465948,79.9023666381836,24.56132698059082,0.0019449996761977,3.3,0.63,0.0,0.0,0,0,1,,1.0,2026-03-11T15:06:21.465948,sad,0.624,2026-03-11T15:06:20.599473,0.0,2026-03-11T15:06:20.482000,69,,,
participant_08,2,day,Town10HD_Opt,2026-03-11T15:06:22.574054,80.55958557128906,24.559720993041992,0.001941337599419,2.319,0.632,0.0,0.0,0,0,1,,1.0,2026-03-11T15:06:22.574054,sad,0.624,2026-03-11T15:06:20.599473,0.0,2026-03-11T15:06:22.507000,70,,,
participant_08,2,day,Town10HD_Opt,2026-03-11T15:06:23.428277,80.92089080810547,24.55943298339844,0.0019361113663762,1.781,0.658,0.0,0.0,0,0,1,,1.0,2026-03-11T15:06:23.428277,happy,0.866,2026-03-11T15:06:23.428277,0.0,2026-03-11T15:06:22.507000,70,,,
participant_08,2,day,Town10HD_Opt,2026-03-11T15:06:24.537324,80.9634780883789,24.55937385559082,0.0019237899687141,0.0,0.679,0.0,0.512,0,0,1,,1.0,2026-03-11T15:06:24.537324,happy,0.866,2026-03-11T15:06:23.428277,0.0,2026-03-11T15:06:24.488000,71,,,
participant_08,2,day,Town10HD_Opt,2026-03-11T15:06:25.391540,80.9634780883789,24.55937385559082,0.0019200897077098,0.0,0.679,0.0,0.0,0,0,1,,1.0,2026-03-11T15:06:25.391540,happy,0.866,2026-03-11T15:06:23.428277,0.0,2026-03-11T15:06:24.488000,71,,,
participant_08,2,day,Town10HD_Opt,2026-03-11T15:06:26.521402,80.9634780883789,24.55937385559082,0.001919021597132,0.0,0.78,0.0,0.0,0,0,1,,1.0,2026-03-11T15:06:26.521402,happy,1.0,2026-03-11T15:06:26.521402,0.0,2026-03-11T15:06:26.467000,69,,,
participant_08,2,day,Town10HD_Opt,2026-03-11T15:06:27.404658,80.9634780883789,24.55937385559082,0.001919021597132,0.0,0.576,0.0,0.0,0,0,1,,1.0,2026-03-11T15:06:27.404658,happy,1.0,2026-03-11T15:06:26.521402,0.0,2026-03-11T15:06:26.467000,69,,,
participant_08,2,day,Town10HD_Opt,2026-03-11T15:06:28.504583,80.9634780883789,24.55937385559082,0.001919021597132,0.0,1.354,0.0,0.0,0,0,1,,1.0,2026-03-11T15:06:28.504583,happy,1.0,2026-03-11T15:06:26.521402,0.031,2026-03-11T15:06:28.493000,67,Stop sign violation,stop_sign_id=1200,
participant_08,2,day,Town10HD_Opt,2026-03-11T15:06:29.385664,81.0767822265625,24.569355010986328,0.0017465590499341,3.794,13.511,0.9,0.0,0,0,1,,1.0,2026-03-11T15:06:29.385664,neutral,0.458,2026-03-11T15:06:29.385664,0.031,2026-03-11T15:06:28.493000,67,,,
participant_08,2,day,Town10HD_Opt,2026-03-11T15:06:30.481589,83.41062927246094,24.78875160217285,0.0019415282877162,11.173,2.344,0.0,0.0,0,0,1,,1.0,2026-03-11T15:06:30.481589,neutral,0.458,2026-03-11T15:06:29.385664,0.024,2026-03-11T15:06:30.472000,68,,,
participant_08,2,day,Town10HD_Opt,2026-03-11T15:06:31.604749,85.73690032958984,25.00320243835449,0.0011063002748414,12.737,-2.353,0.997,0.0,0,0,1,,1.0,2026-03-11T15:06:31.604749,sad,0.847,2026-03-11T15:06:31.604749,0.017,2026-03-11T15:06:31.463000,68,,,errors=Vehicle-pedestrian collision
participant_08,2,day,Town10HD_Opt,2026-03-11T15:06:32.455765,89.03240203857422,25.17086601257324,0.0011698531452566,26.364,-2.4,1.0,0.0,0,0,1,,1.0,2026-03-11T15:06:32.455765,sad,0.847,2026-03-11T15:06:31.604749,0.017,2026-03-11T15:06:31.463000,68,,,
participant_08,2,day,Town10HD_Opt,2026-03-11T15:06:33.542147,97.2768325805664,23.96985626220703,0.0016886901576071,45.392,-16.201,0.931,0.0,0,0,1,,1.0,2026-03-11T15:06:33.542147,sad,0.847,2026-03-11T15:06:31.604749,0.004,2026-03-11T15:06:33.487000,69,,,
participant_08,2,day,Town10HD_Opt,2026-03-11T15:06:34.362885,103.64349365234376,18.436222076416016,0.001858253381215,50.909,-11.764,0.0,0.132,0,0,1,,1.0,2026-03-11T15:06:34.362885,happy,0.84,2026-03-11T15:06:34.362885,0.004,2026-03-11T15:06:33.487000,69,,,
participant_08,2,day,Town10HD_Opt,2026-03-11T15:06:35.468107,106.85195922851562,7.434993267059326,0.0019654082134366,50.626,5.264,0.0,0.0,0,0,1,,1.0,2026-03-11T15:06:35.468107,happy,0.84,2026-03-11T15:06:34.362885,0.001,2026-03-11T15:06:35.467000,71,,,
participant_08,2,day,Town10HD_Opt,2026-03-11T15:06:36.540502,108.98937225341795,-4.068489074707031,0.0022083662915974,48.632,-2.812,0.985,0.0,0,0,1,,1.0,2026-03-11T15:06:36.540502,happy,0.993,2026-03-11T15:06:36.540502,0.021,2026-03-11T15:06:36.502000,72,,,
participant_08,2,day,Town10HD_Opt,2026-03-11T15:06:37.377258,109.64586639404295,-12.828653335571287,0.0021979522425681,48.585,2.028,1.0,0.0,0,0,1,,1.0,2026-03-11T15:06:37.377258,happy,0.993,2026-03-11T15:06:36.540502,0.021,2026-03-11T15:06:36.502000,72,,,errors=Solid line crossing
participant_08,2,day,Town10HD_Opt,2026-03-11T15:06:38.493542,110.52638244628906,-24.36750602722168,0.0020532608032226,49.677,-6.938,1.0,0.0,0,0,1,,1.0,2026-03-11T15:06:38.493542,happy,0.993,2026-03-11T15:06:36.540502,0.122,2026-03-11T15:06:38.482000,76,,,
participant_08,2,day,Town10HD_Opt,2026-03-11T15:06:39.600270,108.32656860351562,-35.88017654418945,0.0018879318377003,52.13,-2.066,0.0,0.213,0,0,1,,1.0,2026-03-11T15:06:39.600270,happy,0.978,2026-03-11T15:06:39.600270,0.183,2026-03-11T15:06:39.472000,77,,,
participant_08,2,day,Town10HD_Opt,2026-03-11T15:06:40.419265,105.40753936767578,-44.13909530639648,0.0019987486302852,50.676,-7.316,0.0,0.0,0,0,1,,1.0,2026-03-11T15:06:40.419265,happy,0.978,2026-03-11T15:06:39.600270,0.183,2026-03-11T15:06:39.472000,77,,,errors=Solid line crossing
participant_08,2,day,Town10HD_Opt,2026-03-11T15:06:41.497742,98.62570190429688,-53.72653198242188,0.0018921660957857,51.241,-3.976,0.0,0.186,0,0,1,,0.837,2026-03-11T15:06:41.497742,happy,0.978,2026-03-11T15:06:39.600270,0.25,2026-03-11T15:06:40.464000,78,,,
participant_08,2,day,Town10HD_Opt,2026-03-11T15:06:42.557064,89.60496520996094,-61.34109878540039,0.0021173858549445,49.959,-4.983,0.0,0.124,0,0,1,,1.0,2026-03-11T15:06:42.557064,neutral,0.758,2026-03-11T15:06:42.557064,0.372,2026-03-11T15:06:42.487000,77,,,
participant_08,2,day,Town10HD_Opt,2026-03-11T15:06:43.423091,81.81403350830078,-65.26419067382812,0.0018833923386409,51.83,-5.531,0.0,0.222,0,0,1,,1.0,2026-03-11T15:06:43.423091,neutral,0.758,2026-03-11T15:06:42.557064,0.372,2026-03-11T15:06:42.487000,77,,,
participant_08,2,day,Town10HD_Opt,2026-03-11T15:06:44.591762,70.3627700805664,-67.73827362060547,0.0021146012004464,49.414,-2.953,1.0,0.0,0,0,1,,1.0,2026-03-11T15:06:44.591762,neutral,0.448,2026-03-11T15:06:44.591762,0.453,2026-03-11T15:06:44.466000,74,,,
participant_08,2,day,Town10HD_Opt,2026-03-11T15:06:45.487518,61.60176086425781,-68.04853057861328,0.0020017242059111,51.064,0.049,0.0,0.106,0,0,1,,1.0,2026-03-11T15:06:45.487518,neutral,0.448,2026-03-11T15:06:44.591762,0.453,2026-03-11T15:06:44.466000,74,,,
participant_08,2,day,Town10HD_Opt,2026-03-11T15:06:46.384702,52.90465545654297,-68.09296417236328,0.0019002150511369,51.175,-0.367,0.0,0.148,0,0,1,,1.0,2026-03-11T15:06:46.384702,neutral,0.448,2026-03-11T15:06:44.591762,0.473,2026-03-11T15:06:45.593000,74,,,
participant_08,2,day,Town10HD_Opt,2026-03-11T15:06:47.364948,44.14690780639648,-68.016357421875,0.0019187163561582,51.087,-0.552,0.0,0.109,0,0,1,,1.0,2026-03-11T15:06:47.364948,sad,0.456,2026-03-11T15:06:47.364948,0.48,2026-03-11T15:06:46.539000,73,,,
participant_08,2,day,Town10HD_Opt,2026-03-11T15:06:48.628453,32.52346420288086,-67.73651885986328,0.0020421219523996,49.74,-0.157,0.852,0.0,0,0,1,,1.0,2026-03-11T15:06:48.628453,sad,0.456,2026-03-11T15:06:47.364948,0.439,2026-03-11T15:06:48.472000,72,,,
participant_08,2,day,Town10HD_Opt,2026-03-11T15:06:49.450484,23.740306854248047,-67.49017333984375,0.0019479751354083,51.182,-0.186,0.0,0.199,0,0,1,,1.0,2026-03-11T15:06:49.450484,sad,0.841,2026-03-11T15:06:49.450484,0.439,2026-03-11T15:06:48.472000,72,,,
participant_08,2,day,Town10HD_Opt,2026-03-11T15:06:50.624723,12.43482494354248,-67.19306182861328,0.0021584320347756,46.125,0.348,0.0,0.0,0,0,1,,1.0,2026-03-11T15:06:50.624723,sad,0.841,2026-03-11T15:06:49.450484,0.392,2026-03-11T15:06:50.497000,75,,,
participant_08,2,day,Town10HD_Opt,2026-03-11T15:06:51.455020,5.161953449249268,-67.1444320678711,0.0023620224092155,36.075,0.315,0.0,0.0,0,0,1,,1.0,2026-03-11T15:06:51.455020,sad,0.713,2026-03-11T15:06:51.455020,0.392,2026-03-11T15:06:50.497000,75,,,
participant_08,2,day,Town10HD_Opt,2026-03-11T15:06:52.577150,-2.050962448120117,-67.23959350585938,0.0022880935575813,25.837,-0.493,0.0,0.0,0,0,1,,1.0,2026-03-11T15:06:52.577150,sad,0.713,2026-03-11T15:06:51.455020,0.313,2026-03-11T15:06:52.477000,74,,,
participant_08,2,day,Town10HD_Opt,2026-03-11T15:06:53.408130,-6.008172035217285,-67.2933578491211,0.0022181700915098,19.945,1.076,0.094,0.0,0,0,1,,1.0,2026-03-11T15:06:53.408130,sad,0.713,2026-03-11T15:06:51.455020,0.313,2026-03-11T15:06:52.477000,74,,,
participant_08,2,day,Town10HD_Opt,2026-03-11T15:06:54.520073,-10.175267219543455,-67.3899917602539,0.0019535445608198,16.741,-0.251,0.273,0.0,0,0,1,,1.0,2026-03-11T15:06:54.520073,sad,0.591,2026-03-11T15:06:54.520073,0.227,2026-03-11T15:06:54.502000,70,,,
participant_08,2,day,Town10HD_Opt,2026-03-11T15:06:55.358574,-13.028095245361328,-67.44306945800781,0.0020206451881676,14.646,-0.007,0.0,0.0,0,0,1,,1.0,2026-03-11T15:06:55.358574,sad,0.591,2026-03-11T15:06:54.520073,0.227,2026-03-11T15:06:54.502000,70,,,
participant_08,2,day,Town10HD_Opt,2026-03-11T15:06:56.479048,-15.945063591003418,-67.5141830444336,0.0020171736832708,10.301,0.411,0.0,0.0,0,0,1,,1.0,2026-03-11T15:06:56.479048,sad,0.591,2026-03-11T15:06:54.520073,0.19,2026-03-11T15:06:55.496000,67,,,
participant_08,2,day,Town10HD_Opt,2026-03-11T15:06:57.570029,-17.99614715576172,-67.5785903930664,0.0019883345812559,7.242,0.451,0.0,0.0,0,0,1,,1.0,2026-03-11T15:06:57.570029,sad,0.739,2026-03-11T15:06:57.570029,0.133,2026-03-11T15:06:57.472000,67,,,
participant_08,2,day,Town10HD_Opt,2026-03-11T15:06:58.395109,-19.27650260925293,-67.62422943115234,0.0016622161492705,11.728,0.451,1.0,0.0,0,0,1,,1.0,2026-03-11T15:06:58.395109,sad,0.739,2026-03-11T15:06:57.570029,0.133,2026-03-11T15:06:57.472000,67,,,
participant_08,2,day,Town10HD_Opt,2026-03-11T15:06:59.472054,-24.098854064941406,-67.82794189453125,0.0015217589680105,31.717,0.451,1.0,0.0,0,0,1,,0.852,2026-03-11T15:06:59.472054,sad,0.739,2026-03-11T15:06:57.570029,0.103,2026-03-11T15:06:58.463000,69,,,
participant_08,2,day,Town10HD_Opt,2026-03-11T15:07:00.545970,-33.70701217651367,-68.36614990234375,0.001554412767291,51.747,-2.28,0.0,0.175,0,0,1,,1.0,2026-03-11T15:07:00.545970,sad,0.731,2026-03-11T15:07:00.545970,0.017,2026-03-11T15:07:00.488000,71,,,
participant_08,2,day,Town10HD_Opt,2026-03-11T15:07:01.368921,-42.52217864990234,-68.6071548461914,0.0020751189440488,49.536,-0.31,0.779,0.0,0,0,1,,1.0,2026-03-11T15:07:01.368921,sad,0.731,2026-03-11T15:07:00.545970,0.017,2026-03-11T15:07:00.488000,71,,,
participant_08,2,day,Town10HD_Opt,2026-03-11T15:07:02.444649,-54.14888000488281,-68.65007019042969,0.0019791030790656,50.372,-0.331,0.764,0.0,0,0,1,,1.0,2026-03-11T15:07:02.444649,sad,0.731,2026-03-11T15:07:00.545970,0.0,2026-03-11T15:07:01.476000,71,,,
participant_08,2,day,Town10HD_Opt,2026-03-11T15:07:03.484843,-65.82936096191406,-68.48355865478516,0.0019264601869508,50.914,-1.8,0.0,0.115,0,0,1,,0.804,2026-03-11T15:07:03.484843,sad,0.877,2026-03-11T15:07:03.484843,0.0,2026-03-11T15:07:02.467000,71,,,
participant_08,2,day,Town10HD_Opt,2026-03-11T15:07:04.531720,-77.30957794189453,-66.77519226074219,0.0020020676311105,50.693,-6.298,0.0,0.0,0,0,1,,1.0,2026-03-11T15:07:04.531720,sad,0.877,2026-03-11T15:07:03.484843,0.0,2026-03-11T15:07:04.492000,68,,,
participant_08,2,day,Town10HD_Opt,2026-03-11T15:07:05.579361,-87.8858642578125,-62.06808471679688,0.0021367263980209,48.974,-3.186,0.731,0.0,0,0,1,,1.0,2026-03-11T15:07:05.579361,sad,0.668,2026-03-11T15:07:05.579361,0.0,2026-03-11T15:07:05.482000,67,,,
participant_08,2,day,Town10HD_Opt,2026-03-11T15:07:06.425913,-95.19744873046876,-57.29901123046875,0.0021464538294821,48.918,-5.326,0.731,0.0,0,0,1,,0.924,2026-03-11T15:07:06.425913,sad,0.668,2026-03-11T15:07:05.579361,0.0,2026-03-11T15:07:05.482000,67,,,
participant_08,2,day,Town10HD_Opt,2026-03-11T15:07:07.610096,-103.13883209228516,-48.92123031616211,0.0020406341645866,49.873,-5.262,0.731,0.0,0,0,1,,1.0,2026-03-11T15:07:07.610096,sad,0.757,2026-03-11T15:07:07.610096,0.0,2026-03-11T15:07:07.462000,67,,,
participant_08,2,day,Town10HD_Opt,2026-03-11T15:07:08.537046,-107.42491149902344,-41.312870025634766,0.0020662688184529,49.75,-4.518,0.731,0.0,0,0,1,,0.946,2026-03-11T15:07:08.537046,sad,0.757,2026-03-11T15:07:07.610096,0.0,2026-03-11T15:07:08.498000,68,,,
participant_08,2,day,Town10HD_Opt,2026-03-11T15:07:09.467229,-110.16799926757812,-33.09214401245117,0.0021413420327007,48.05,-5.061,0.417,0.0,0,0,1,,0.962,2026-03-11T15:07:09.467229,sad,0.757,2026-03-11T15:07:07.610096,0.0,2026-03-11T15:07:08.498000,68,,,
participant_08,2,day,Town10HD_Opt,2026-03-11T15:07:10.356653,-111.18014526367188,-24.888994216918945,0.0021712875459343,44.986,-3.898,0.0,0.0,0,0,1,,0.905,2026-03-11T15:07:10.356653,neutral,0.766,2026-03-11T15:07:10.356653,0.0,2026-03-11T15:07:09.487000,69,,,
participant_08,2,day,Town10HD_Opt,2026-03-11T15:07:11.575501,-110.84951782226562,-15.849017143249512,0.0023336792364716,32.212,0.305,0.0,0.0,0,0,1,,0.816,2026-03-11T15:07:11.575501,neutral,0.766,2026-03-11T15:07:10.356653,0.0,2026-03-11T15:07:11.467000,75,,,
participant_08,2,day,Town10HD_Opt,2026-03-11T15:07:12.509697,-110.59651947021484,-10.781195640563965,0.0022247314918786,26.046,1.011,0.266,0.0,0,0,1,,0.814,2026-03-11T15:07:12.509697,sad,0.783,2026-03-11T15:07:12.509697,0.0,2026-03-11T15:07:11.467000,75,,,
participant_08,2,day,Town10HD_Opt,2026-03-11T15:07:13.363093,-110.48056030273438,-6.56658411026001,0.0022148895077407,21.418,0.639,0.347,0.0,0,0,1,,0.816,2026-03-11T15:07:13.363093,sad,0.783,2026-03-11T15:07:12.509697,0.0,2026-03-11T15:07:12.547000,76,,,
participant_08,2,day,Town10HD_Opt,2026-03-11T15:07:14.527009,-110.39424896240234,-1.2111793756484983,0.0016731261275708,29.859,-0.703,0.943,0.0,0,0,1,,1.0,2026-03-11T15:07:14.527009,sad,0.697,2026-03-11T15:07:14.527009,0.0,2026-03-11T15:07:14.482000,77,,,
participant_08,2,day,Town10HD_Opt,2026-03-11T15:07:15.373531,-109.89568328857422,5.152976989746094,0.0015965652419254,44.006,-6.552,0.94,0.0,0,0,1,,1.0,2026-03-11T15:07:15.373531,sad,0.697,2026-03-11T15:07:14.527009,0.0,2026-03-11T15:07:14.482000,77,,,
participant_08,2,day,Town10HD_Opt,2026-03-11T15:07:16.564708,-107.22281646728516,15.167752265930176,0.0023331069387495,39.006,-0.726,0.0,0.0,0,0,1,,1.0,2026-03-11T15:07:16.564708,sad,0.625,2026-03-11T15:07:16.564708,0.0,2026-03-11T15:07:16.462000,77,,,
participant_08,2,day,Town10HD_Opt,2026-03-11T15:07:17.480473,-104.8786392211914,20.746206283569336,0.00233940128237,29.869,-9.267,0.079,0.0,0,0,1,,1.0,2026-03-11T15:07:17.480473,sad,0.625,2026-03-11T15:07:16.564708,0.0,2026-03-11T15:07:16.462000,77,,,
participant_08,2,day,Town10HD_Opt,2026-03-11T15:07:18.400396,-101.96084594726562,24.65927124023437,0.0021448135375976,26.687,-17.828,0.45,0.0,0,0,1,,1.0,2026-03-11T15:07:18.400396,sad,0.625,2026-03-11T15:07:16.564708,0.0,2026-03-11T15:07:17.497000,76,,,
participant_08,2,day,Town10HD_Opt,2026-03-11T15:07:19.639838,-96.20808410644533,27.783111572265625,0.0019026183290407,31.825,-11.484,0.659,0.0,0,0,1,,1.0,2026-03-11T15:07:19.639838,happy,0.992,2026-03-11T15:07:19.639838,0.0,2026-03-11T15:07:19.477000,75,,,
participant_08,2,day,Town10HD_Opt,2026-03-11T15:07:20.603907,-90.19208526611328,28.78177833557129,0.0019428634550422,38.742,-4.907,0.686,0.0,0,0,1,,1.0,2026-03-11T15:07:20.603907,happy,0.992,2026-03-11T15:07:19.639838,0.0,2026-03-11T15:07:20.469000,75,,,
participant_08,2,day,Town10HD_Opt,2026-03-11T15:07:21.571275,-83.1409683227539,28.774526596069336,0.0021639252081513,38.934,-3.61,0.0,0.0,0,0,1,,1.0,2026-03-11T15:07:21.571275,happy,0.992,2026-03-11T15:07:19.639838,0.0,2026-03-11T15:07:21.502000,74,,,errors=Solid line crossing
participant_08,2,day,Town10HD_Opt,2026-03-11T15:07:22.497124,-77.15724182128906,28.10806655883789,0.0023160553537309,29.722,2.805,0.0,0.062,0,0,1,,1.0,2026-03-11T15:07:22.497124,sad,0.489,2026-03-11T15:07:22.497124,0.0,2026-03-11T15:07:22.493000,73,,,
participant_08,2,day,Town10HD_Opt,2026-03-11T15:07:23.418597,-72.66686248779297,27.784467697143555,0.0023584747686982,19.91,1.514,0.0,0.662,0,0,1,,1.0,2026-03-11T15:07:23.418597,sad,0.489,2026-03-11T15:07:22.497124,0.0,2026-03-11T15:07:22.493000,73,,,errors=Harsh braking
participant_31,1,day,Town10HD_Opt,2026-03-13T13:19:39.027492,-41.66858673095703,89.7454833984375,0.5804919004440308,0.552,0.092,0.042,0.0,0,0,1,None,1.0,2026-03-13T13:19:39.027492,None,,2026-03-13T13:19:39.027492,0.46,2026-03-13T13:19:38.894000,52,,,
participant_31,1,day,Town10HD_Opt,2026-03-13T13:19:43.329133,-41.66864776611328,89.73601531982422,0.0014200591249391437,0.523,0.092,0.156,0.0,0,0,1,None,1.0,2026-03-13T13:19:43.329133,neutral,0.982,2026-03-13T13:19:43.329133,0.461,2026-03-13T13:19:42.673000,56,,,
participant_31,1,day,Town10HD_Opt,2026-03-13T13:19:44.028046,-41.66866683959961,89.67453002929688,0.0017757033929228783,1.404,0.092,0.312,0.0,0,0,1,None,1.0,2026-03-13T13:19:44.028046,neutral,0.982,2026-03-13T13:19:43.329133,0.461,2026-03-13T13:19:43.754000,56,,,
participant_31,1,day,Town10HD_Opt,2026-03-13T13:19:45.491811,-41.66944885253906,89.33474731445312,0.00172252650372684,5.183,0.092,0.573,0.0,0,0,1,None,1.0,2026-03-13T13:19:45.491811,neutral,0.74,2026-03-13T13:19:45.491811,0.461,2026-03-13T13:19:44.744000,57,,,
participant_31,1,day,Town10HD_Opt,2026-03-13T13:19:46.212651,-41.67069625854492,88.95458984375,0.0016712951473891735,7.891,-0.905,0.689,0.0,0,0,1,None,1.0,2026-03-13T13:19:46.212651,neutral,0.74,2026-03-13T13:19:45.491811,0.461,2026-03-13T13:19:45.689000,58,,,
participant_31,1,day,Town10HD_Opt,2026-03-13T13:19:47.644767,-41.68492126464844,87.66390228271484,0.0016222000122070312,13.956,-0.181,0.456,0.0,0,0,1,None,1.0,2026-03-13T13:19:47.644767,neutral,0.452,2026-03-13T13:19:47.644767,0.461,2026-03-13T13:19:46.769000,59,,,
participant_31,1,day,Town10HD_Opt,2026-03-13T13:19:48.350582,-41.69298553466797,86.79772186279297,0.0017113876529037952,15.61,-0.103,0.457,0.0,0,0,1,None,1.0,2026-03-13T13:19:48.350582,neutral,0.452,2026-03-13T13:19:47.644767,0.468,2026-03-13T13:19:47.669000,60,,,
participant_31,1,day,Town10HD_Opt,2026-03-13T13:19:49.095233,-41.70021438598633,85.84280395507812,0.0017569350311532617,17.058,0.369,0.464,0.0,0,0,1,None,1.0,2026-03-13T13:19:49.095233,neutral,0.452,2026-03-13T13:19:47.644767,0.478,2026-03-13T13:19:48.658000,61,,,
participant_31,1,day,Town10HD_Opt,2026-03-13T13:19:50.541917,-41.693397521972656,83.7340087890625,0.0020586776081472635,18.471,1.086,0.532,0.0,0,0,1,None,1.0,2026-03-13T13:19:50.541917,neutral,0.903,2026-03-13T13:19:50.541917,0.488,2026-03-13T13:19:49.694000,61,,,
participant_31,1,day,Town10HD_Opt,2026-03-13T13:19:51.317818,-41.67267990112305,82.62264251708984,0.0019702529534697533,19.625,4.634,0.533,0.0,0,0,1,None,1.0,2026-03-13T13:19:51.317818,neutral,0.903,2026-03-13T13:19:50.541917,0.496,2026-03-13T13:19:50.732000,61,,,
participant_31,1,day,Town10HD_Opt,2026-03-13T13:19:52.065618,-41.59039306640625,81.43732452392578,0.001930999686010182,20.985,13.204,0.469,0.0,0,0,1,None,0.852,2026-03-13T13:19:52.065618,neutral,0.903,2026-03-13T13:19:50.541917,0.503,2026-03-13T13:19:51.719000,61,,,
participant_31,1,day,Town10HD_Opt,2026-03-13T13:19:53.511521,-41.15827560424805,78.88874053955078,0.0019444655627012253,23.179,9.114,0.472,0.0,0,0,1,None,1.0,2026-03-13T13:19:53.511521,neutral,0.759,2026-03-13T13:19:53.511521,0.51,2026-03-13T13:19:52.663000,61,,,
participant_31,1,day,Town10HD_Opt,2026-03-13T13:19:54.275277,-40.7955322265625,77.55917358398438,0.0019636915531009436,24.043,14.577,0.473,0.0,0,0,1,None,0.898,2026-03-13T13:19:54.275277,neutral,0.759,2026-03-13T13:19:53.511521,0.517,2026-03-13T13:19:53.655000,60,,,
participant_31,1,day,Town10HD_Opt,2026-03-13T13:19:55.716241,-39.54803466796875,74.9582748413086,0.001991806086152792,25.601,15.743,0.464,0.0,0,0,1,None,1.0,2026-03-13T13:19:55.716241,neutral,0.743,2026-03-13T13:19:55.716241,0.531,2026-03-13T13:19:55.679000,58,,,
participant_31,1,day,Town10HD_Opt,2026-03-13T13:19:56.460759,-38.67045211791992,73.72513580322266,0.0019959639757871628,26.332,15.649,0.444,0.0,0,0,1,None,1.0,2026-03-13T13:19:56.460759,neutral,0.743,2026-03-13T13:19:55.716241,0.531,2026-03-13T13:19:55.679000,58,,,
participant_31,1,day,Town10HD_Opt,2026-03-13T13:19:57.282041,-37.62501525878906,72.58424377441406,0.0020228575449436903,26.746,19.857,0.332,0.0,0,0,1,None,0.828,2026-03-13T13:19:57.282041,neutral,0.743,2026-03-13T13:19:55.716241,0.535,2026-03-13T13:19:56.669000,58,,,
participant_31,1,day,Town10HD_Opt,2026-03-13T13:19:58.052373,-36.41611862182617,71.60914611816406,0.002072296105325222,26.638,19.72,0.331,0.0,0,0,1,None,1.0,2026-03-13T13:19:58.052373,sad,0.471,2026-03-13T13:19:58.052373,0.535,2026-03-13T13:19:56.669000,58,,,
participant_31,1,day,Town10HD_Opt,2026-03-13T13:19:59.584031,-33.696739196777344,70.1801528930664,0.0020918655209243298,26.22,14.281,0.337,0.0,0,0,1,None,1.0,2026-03-13T13:19:59.584031,sad,0.471,2026-03-13T13:19:58.052373,0.532,2026-03-13T13:19:58.739000,58,,,
participant_31,1,day,Town10HD_Opt,2026-03-13T13:20:00.316418,-32.253562927246094,69.70191955566406,0.002090797293931246,25.986,14.251,0.337,0.0,0,0,1,None,1.0,2026-03-13T13:20:00.316418,neutral,0.943,2026-03-13T13:20:00.316418,0.53,2026-03-13T13:19:59.684000,57,,,
participant_31,1,day,Town10HD_Opt,2026-03-13T13:20:01.122254,0.0,0.0,0.0,0.0,0.0,0.0,0.0,1,1,118782,None,1.0,2026-03-13T13:20:01.122254,neutral,0.943,2026-03-13T13:20:00.316418,0.536,2026-03-13T13:20:00.674000,55,,,
participant_31,2,day,Town10HD_Opt,2026-03-13T13:22:41.888272,-41.66858673095703,89.7454833984375,0.5804919600486755,10.273,-0.592,0.519,0.0,0,0,1,None,1.0,2026-03-13T13:22:41.888272,None,,2026-03-13T13:22:41.888272,0.77,2026-03-13T13:22:41.679000,60,,,
participant_31,2,day,Town10HD_Opt,2026-03-13T13:22:46.290471,-41.68317794799805,88.23188018798828,0.0016962813679128885,11.009,-0.592,0.519,0.0,0,0,1,None,1.0,2026-03-13T13:22:46.290471,neutral,0.398,2026-03-13T13:22:46.290471,0.835,2026-03-13T13:22:45.740000,57,,,
participant_31,2,day,Town10HD_Opt,2026-03-13T13:22:46.935027,-41.70463180541992,86.73828125,0.0017145156161859632,14.79,-0.592,0.518,0.0,0,0,1,None,1.0,2026-03-13T13:22:46.935027,neutral,0.398,2026-03-13T13:22:46.290471,0.813,2026-03-13T13:22:46.674000,56,,,
participant_31,2,day,Town10HD_Opt,2026-03-13T13:22:47.888432,-41.71180725097656,83.71208190917969,0.0020324706565588713,18.969,1.478,0.546,0.0,0,0,1,None,1.0,2026-03-13T13:22:47.888432,neutral,0.398,2026-03-13T13:22:46.290471,0.786,2026-03-13T13:22:47.710000,56,,,
participant_31,2,day,Town10HD_Opt,2026-03-13T13:22:49.127442,-41.23878479003906,78.8985824584961,0.0020131301134824753,21.897,10.497,0.343,0.0,0,0,1,None,1.0,2026-03-13T13:22:49.127442,neutral,0.915,2026-03-13T13:22:49.127442,0.759,2026-03-13T13:22:48.700000,56,,,
participant_31,2,day,Town10HD_Opt,2026-03-13T13:22:50.111598,-39.92151641845703,75.32379913330078,0.002063751220703125,21.89,16.57,0.354,0.0,0,0,1,None,1.0,2026-03-13T13:22:50.111598,neutral,0.915,2026-03-13T13:22:49.127442,0.743,2026-03-13T13:22:49.690000,57,,,
participant_31,2,day,Town10HD_Opt,2026-03-13T13:22:51.045557,-37.575950622558594,72.30184936523438,0.002054138109087944,22.248,17.142,0.373,0.0,0,0,1,None,0.832,2026-03-13T13:22:51.045557,neutral,0.915,2026-03-13T13:22:49.127442,0.727,2026-03-13T13:22:50.679000,57,,,
participant_31,2,day,Town10HD_Opt,2026-03-13T13:22:52.008655,-34.3360595703125,70.093505859375,0.00204715714789927,22.813,19.196,0.371,0.0,0,0,1,None,1.0,2026-03-13T13:22:52.008655,neutral,0.926,2026-03-13T13:22:52.008655,0.705,2026-03-13T13:22:51.669000,56,,,
participant_31,2,day,Town10HD_Opt,2026-03-13T13:22:53.009801,-30.489261627197266,69.28833770751953,0.002070274204015732,23.028,15.827,0.37,0.0,0,0,1,None,1.0,2026-03-13T13:22:53.009801,neutral,0.926,2026-03-13T13:22:52.008655,0.678,2026-03-13T13:22:52.705000,55,,,
participant_31,2,day,Town10HD_Opt,2026-03-13T13:22:54.022653,-26.39383316040039,69.28076934814453,0.0020224761683493853,23.82,-0.143,0.398,0.0,0,0,1,None,1.0,2026-03-13T13:22:54.022653,neutral,0.876,2026-03-13T13:22:54.022653,0.646,2026-03-13T13:22:53.740000,54,,,
participant_31,2,day,Town10HD_Opt,2026-03-13T13:22:55.026406,-22.12128448486328,69.3011245727539,0.0019870756659656763,25.283,0.47,0.455,0.0,0,0,1,None,1.0,2026-03-13T13:22:55.026406,neutral,0.876,2026-03-13T13:22:54.022653,0.619,2026-03-13T13:22:54.685000,53,,,
participant_31,2,day,Town10HD_Opt,2026-03-13T13:22:55.941239,-17.49319076538086,69.35107421875,0.001959838904440403,27.869,-0.11,0.478,0.0,0,0,1,None,1.0,2026-03-13T13:22:55.941239,neutral,0.876,2026-03-13T13:22:54.022653,0.597,2026-03-13T13:22:55.675000,53,,,
participant_31,2,day,Town10HD_Opt,2026-03-13T13:22:57.169084,-10.648189544677734,69.40312194824219,0.0019670866895467043,31.011,0.219,0.467,0.0,0,0,1,None,1.0,2026-03-13T13:22:57.169084,neutral,0.623,2026-03-13T13:22:57.169084,0.586,2026-03-13T13:22:56.756000,54,,,
participant_31,2,day,Town10HD_Opt,2026-03-13T13:22:58.114847,-5.074863433837891,69.48616027832031,0.001991653349250555,32.649,0.376,0.442,0.0,0,0,1,None,1.0,2026-03-13T13:22:58.114847,neutral,0.623,2026-03-13T13:22:57.169084,0.576,2026-03-13T13:22:57.700000,54,,,
participant_31,2,day,Town10HD_Opt,2026-03-13T13:22:59.101583,0.6701968312263489,69.60340881347656,0.0020915602799504995,31.98,-0.35,0.135,0.0,0,0,1,None,1.0,2026-03-13T13:22:59.101583,neutral,0.623,2026-03-13T13:22:57.169084,0.559,2026-03-13T13:22:58.735000,53,,,
participant_31,2,day,Town10HD_Opt,2026-03-13T13:23:00.057720,5.794170379638672,69.66151428222656,0.002263412345200777,25.564,-0.482,0.123,0.0,0,0,1,None,1.0,2026-03-13T13:23:00.057720,neutral,0.748,2026-03-13T13:23:00.057720,0.538,2026-03-13T13:22:59.680000,53,,,
participant_31,2,day,Town10HD_Opt,2026-03-13T13:23:01.045846,9.875000953674316,69.67254638671875,0.002201614435762167,20.696,-0.068,0.0,0.0,0,0,1,None,1.0,2026-03-13T13:23:01.045846,neutral,0.748,2026-03-13T13:23:00.057720,0.522,2026-03-13T13:23:00.669000,54,,,
participant_31,2,day,Town10HD_Opt,2026-03-13T13:23:01.988413,13.147838592529297,69.6783447265625,0.0018973922124132514,17.862,0.026,0.287,0.0,0,0,1,None,1.0,2026-03-13T13:23:01.988413,neutral,0.748,2026-03-13T13:23:00.057720,0.522,2026-03-13T13:23:01.705000,56,,,
participant_31,2,day,Town10HD_Opt,2026-03-13T13:23:02.945807,16.296314239501953,69.68141174316406,0.0018783569103106856,17.773,-0.183,0.0,0.0,0,0,1,None,1.0,2026-03-13T13:23:02.945807,neutral,0.564,2026-03-13T13:23:02.945807,0.532,2026-03-13T13:23:02.740000,57,,,
participant_31,2,day,Town10HD_Opt,2026-03-13T13:23:03.898412,19.075212478637695,69.67529296875,0.0020466232672333717,13.626,-0.186,0.0,0.0,0,0,1,None,1.0,2026-03-13T13:23:03.898412,neutral,0.564,2026-03-13T13:23:02.945807,0.554,2026-03-13T13:23:03.687000,58,,,
participant_31,2,day,Town10HD_Opt,2026-03-13T13:23:05.116932,21.841747283935547,69.66126251220703,0.0019522093934938312,10.92,-0.169,0.144,0.0,0,0,1,None,1.0,2026-03-13T13:23:05.116932,neutral,0.879,2026-03-13T13:23:05.116932,0.586,2026-03-13T13:23:04.674000,59,,,
participant_31,2,day,Town10HD_Opt,2026-03-13T13:23:06.102281,23.654903411865234,69.6535415649414,0.00196464522741735,9.668,0.691,0.131,0.0,0,0,1,None,1.0,2026-03-13T13:23:06.102281,neutral,0.879,2026-03-13T13:23:05.116932,0.619,2026-03-13T13:23:05.710000,59,,,
participant_31,2,day,Town10HD_Opt,2026-03-13T13:23:07.016598,25.224218368530273,69.656982421875,0.0020076369401067495,7.69,0.247,0.0,0.121,0,0,1,None,1.0,2026-03-13T13:23:07.016598,neutral,0.879,2026-03-13T13:23:05.116932,0.64,2026-03-13T13:23:06.700000,58,,,
participant_31,2,day,Town10HD_Opt,2026-03-13T13:23:07.930911,25.931791305541992,69.65875244140625,0.0021752165630459785,0.001,0.2,0.0,0.288,0,0,1,None,1.0,2026-03-13T13:23:07.930911,neutral,0.824,2026-03-13T13:23:07.930911,0.662,2026-03-13T13:23:07.690000,58,,,
participant_31,2,day,Town10HD_Opt,2026-03-13T13:23:09.127624,25.93208885192871,69.65876007080078,0.001922073308378458,0.0,0.2,0.0,0.247,0,0,1,None,1.0,2026-03-13T13:23:09.127624,neutral,0.824,2026-03-13T13:23:07.930911,0.689,2026-03-13T13:23:08.680000,58,,,
participant_31,2,day,Town10HD_Opt,2026-03-13T13:23:10.069585,26.006582260131836,69.65902709960938,0.0018106460338458419,2.376,0.2,0.466,0.0,0,0,1,None,1.0,2026-03-13T13:23:10.069585,sad,0.452,2026-03-13T13:23:10.069585,0.716,2026-03-13T13:23:09.670000,58,,,
participant_31,2,day,Town10HD_Opt,2026-03-13T13:23:10.979812,26.90699577331543,69.66146087646484,0.0017011261079460382,8.399,0.148,0.504,0.0,0,0,1,None,0.815,2026-03-13T13:23:10.979812,sad,0.452,2026-03-13T13:23:10.069585,0.732,2026-03-13T13:23:10.706000,57,,,
participant_31,2,day,Town10HD_Opt,2026-03-13T13:23:12.172572,29.808368682861328,69.61624145507812,0.0017560577252879739,16.115,-5.761,0.444,0.0,0,0,1,None,0.892,2026-03-13T13:23:12.172572,sad,0.764,2026-03-13T13:23:12.172572,0.737,2026-03-13T13:23:11.785000,57,,,
participant_31,2,day,Town10HD_Opt,2026-03-13T13:23:13.091681,32.84489059448242,69.20977020263672,0.002083091763779521,18.262,-8.985,0.445,0.0,0,0,1,None,0.87,2026-03-13T13:23:13.091681,sad,0.764,2026-03-13T13:23:12.172572,0.737,2026-03-13T13:23:12.685000,57,,,
participant_31,2,day,Town10HD_Opt,2026-03-13T13:23:14.069259,36.03193664550781,68.25597381591797,0.0020046615973114967,19.821,-10.795,0.396,0.0,0,0,1,None,1.0,2026-03-13T13:23:14.069259,sad,0.764,2026-03-13T13:23:12.172572,0.732,2026-03-13T13:23:13.676000,57,,,
participant_31,2,day,Town10HD_Opt,2026-03-13T13:23:15.009414,39.16459274291992,66.55467987060547,0.002031516982242465,20.867,-14.092,0.258,0.0,0,0,1,None,1.0,2026-03-13T13:23:15.009414,sad,0.702,2026-03-13T13:23:15.009414,0.721,2026-03-13T13:23:14.712000,57,,,
participant_31,2,day,Town10HD_Opt,2026-03-13T13:23:15.950415,41.72111892700195,64.1387710571289,0.0021110153757035732,19.294,-14.171,0.26,0.0,0,0,1,None,1.0,2026-03-13T13:23:15.950415,sad,0.702,2026-03-13T13:23:15.009414,0.716,2026-03-13T13:23:15.701000,58,,,
participant_31,2,day,Town10HD_Opt,2026-03-13T13:23:17.145545,43.87022399902344,60.38223648071289,0.0020788954570889473,18.222,-15.125,0.293,0.0,0,0,1,None,1.0,2026-03-13T13:23:17.145545,sad,0.458,2026-03-13T13:23:17.145545,0.721,2026-03-13T13:23:16.781000,59,,,
participant_31,2,day,Town10HD_Opt,2026-03-13T13:23:18.076642,44.621707916259766,57.29695510864258,0.0020294189453125,18.198,-13.139,0.253,0.0,0,0,1,None,1.0,2026-03-13T13:23:18.076642,sad,0.458,2026-03-13T13:23:17.145545,0.727,2026-03-13T13:23:17.771000,59,,,
participant_31,2,day,Town10HD_Opt,2026-03-13T13:23:19.001487,44.768856048583984,54.13534164428711,0.002017402555793524,18.027,-8.184,0.244,0.0,0,0,1,None,0.821,2026-03-13T13:23:19.001487,sad,0.458,2026-03-13T13:23:17.145545,0.737,2026-03-13T13:23:18.715000,60,,,
participant_31,2,day,Town10HD_Opt,2026-03-13T13:23:19.945299,44.59945297241211,50.99070739746094,0.0018497848650440574,17.903,-4.393,0.192,0.0,0,0,1,None,1.0,2026-03-13T13:23:19.945299,neutral,0.52,2026-03-13T13:23:19.945299,0.748,2026-03-13T13:23:19.795000,60,,,
participant_31,2,day,Town10HD_Opt,2026-03-13T13:23:21.163323,44.15952682495117,47.21377182006836,0.0020264051854610443,13.979,5.155,0.0,0.0,0,0,1,None,1.0,2026-03-13T13:23:21.163323,neutral,0.52,2026-03-13T13:23:19.945299,0.759,2026-03-13T13:23:20.742000,59,,,
participant_31,2,day,Town10HD_Opt,2026-03-13T13:23:22.118712,44.05194854736328,45.073699951171875,0.0020248412620276213,10.443,2.828,0.0,0.0,0,0,1,None,1.0,2026-03-13T13:23:22.118712,neutral,0.813,2026-03-13T13:23:22.118712,0.77,2026-03-13T13:23:21.685000,59,,,
participant_31,2,day,Town10HD_Opt,2026-03-13T13:23:23.053826,44.00068664550781,43.46709060668945,0.002022323664277792,7.479,1.342,0.0,0.049,0,0,1,None,0.871,2026-03-13T13:23:23.053826,neutral,0.813,2026-03-13T13:23:22.118712,0.781,2026-03-13T13:23:22.675000,59,,,
participant_31,2,day,Town10HD_Opt,2026-03-13T13:23:23.928474,43.97666931152344,42.56625747680664,0.0023410033900290728,0.001,1.304,0.0,0.064,0,0,1,None,1.0,2026-03-13T13:23:23.928474,neutral,0.813,2026-03-13T13:23:22.118712,0.791,2026-03-13T13:23:23.800000,59,,,
participant_31,2,day,Town10HD_Opt,2026-03-13T13:23:25.140829,43.97671127319336,42.565818786621094,0.0019218826200813055,0.151,1.189,0.104,0.0,0,0,1,None,0.832,2026-03-13T13:23:25.140829,neutral,0.723,2026-03-13T13:23:25.140829,0.802,2026-03-13T13:23:24.704000,59,,,
participant_31,2,day,Town10HD_Opt,2026-03-13T13:23:26.034390,43.97642135620117,42.55241775512695,0.0019007109804078937,0.203,0.938,0.114,0.0,0,0,1,None,1.0,2026-03-13T13:23:26.034390,neutral,0.723,2026-03-13T13:23:25.140829,0.808,2026-03-13T13:23:25.826000,59,,,
participant_31,2,day,Town10HD_Opt,2026-03-13T13:23:26.949757,43.97120666503906,42.33066940307617,0.001861038152128458,2.329,0.907,0.0,0.0,0,0,1,None,0.885,2026-03-13T13:23:26.949757,neutral,0.723,2026-03-13T13:23:25.140829,0.808,2026-03-13T13:23:26.680000,59,,,
participant_31,2,day,Town10HD_Opt,2026-03-13T13:23:28.133765,43.959774017333984,41.8218879699707,0.0019425201462581754,1.719,0.667,0.422,0.0,0,0,1,None,1.0,2026-03-13T13:23:28.133765,neutral,0.382,2026-03-13T13:23:28.133765,0.808,2026-03-13T13:23:27.670000,59,,,
participant_31,2,day,Town10HD_Opt,2026-03-13T13:23:29.074128,43.94780731201172,40.9564208984375,0.0015866851899772882,10.568,2.661,0.675,0.0,0,0,1,None,1.0,2026-03-13T13:23:29.074128,neutral,0.382,2026-03-13T13:23:28.133765,0.802,2026-03-13T13:23:28.750000,59,,,
participant_31,2,day,Town10HD_Opt,2026-03-13T13:23:29.991953,44.04830551147461,38.44569778442383,0.0016980362124741077,18.073,8.101,0.547,0.0,0,0,1,None,1.0,2026-03-13T13:23:29.991953,neutral,0.382,2026-03-13T13:23:28.133765,0.802,2026-03-13T13:23:29.695000,60,,,
participant_31,2,day,Town10HD_Opt,2026-03-13T13:23:31.022331,44.65442657470703,35.40251541137695,0.0019797896966338158,15.997,17.478,0.0,0.203,0,0,1,None,0.84,2026-03-13T13:23:31.022331,sad,0.602,2026-03-13T13:23:31.022331,0.808,2026-03-13T13:23:30.731000,60,,,
participant_31,2,day,Town10HD_Opt,2026-03-13T13:23:31.969801,45.78519821166992,33.31254959106445,0.002058753976598382,11.86,22.987,0.05,0.0,0,0,1,None,0.807,2026-03-13T13:23:31.969801,sad,0.602,2026-03-13T13:23:31.022331,0.813,2026-03-13T13:23:31.676000,60,,,
participant_31,2,day,Town10HD_Opt,2026-03-13T13:23:33.174319,47.34920120239258,31.55000877380371,0.0019876097794622183,8.73,16.064,0.187,0.0,0,0,1,None,1.0,2026-03-13T13:23:33.174319,neutral,0.626,2026-03-13T13:23:33.174319,0.818,2026-03-13T13:23:32.711000,60,,,
participant_31,2,day,Town10HD_Opt,2026-03-13T13:23:34.114488,48.58909225463867,30.54522132873535,0.0018779372330754995,10.016,16.428,0.296,0.0,0,0,1,None,1.0,2026-03-13T13:23:34.114488,neutral,0.626,2026-03-13T13:23:33.174319,0.824,2026-03-13T13:23:33.745000,60,,,
participant_31,2,day,Town10HD_Opt,2026-03-13T13:23:35.025705,50.235477447509766,29.538408279418945,0.0018478393321856856,12.232,13.316,0.316,0.0,0,0,1,None,1.0,2026-03-13T13:23:35.025705,neutral,0.626,2026-03-13T13:23:33.174319,0.829,2026-03-13T13:23:34.780000,60,,,
participant_31,2,day,Town10HD_Opt,2026-03-13T13:23:35.901594,52.36429977416992,28.611135482788086,0.0018666075775399804,14.305,13.151,0.294,0.0,0,0,1,None,0.812,2026-03-13T13:23:35.901594,neutral,0.829,2026-03-13T13:23:35.901594,0.835,2026-03-13T13:23:35.681000,60,,,
participant_31,2,day,Town10HD_Opt,2026-03-13T13:23:37.094070,55.79257583618164,27.772417068481445,0.0018809126922860742,16.065,5.111,0.288,0.0,0,0,1,None,1.0,2026-03-13T13:23:37.094070,neutral,0.829,2026-03-13T13:23:35.901594,0.845,2026-03-13T13:23:36.669000,61,,,
participant_31,2,day,Town10HD_Opt,2026-03-13T13:23:37.981539,58.62839126586914,27.22820281982422,0.001891670166514814,16.95,0.157,0.278,0.0,0,0,1,None,1.0,2026-03-13T13:23:37.981539,neutral,0.784,2026-03-13T13:23:37.981539,0.856,2026-03-13T13:23:37.930000,61,,,
participant_31,2,day,Town10HD_Opt,2026-03-13T13:23:39.125407,62.60620880126953,26.438568115234375,0.0018970107194036245,17.86,0.188,0.284,0.0,0,0,1,None,1.0,2026-03-13T13:23:39.125407,neutral,0.784,2026-03-13T13:23:37.981539,0.867,2026-03-13T13:23:38.830000,61,,,
participant_31,2,day,Town10HD_Opt,2026-03-13T13:23:40.001422,65.69951629638672,25.845033645629883,0.0020391845609992743,17.857,0.82,0.286,0.0,0,0,1,None,1.0,2026-03-13T13:23:40.001422,neutral,0.849,2026-03-13T13:23:40.001422,0.872,2026-03-13T13:23:39.686000,61,,,
participant_31,2,day,Town10HD_Opt,2026-03-13T13:23:40.943738,68.82697296142578,25.35416030883789,0.0020293043926358223,17.985,3.966,0.286,0.0,0,0,1,None,1.0,2026-03-13T13:23:40.943738,neutral,0.849,2026-03-13T13:23:40.001422,0.872,2026-03-13T13:23:40.675000,60,,,
participant_31,2,day,Town10HD_Opt,2026-03-13T13:23:42.110388,73.00907897949219,25.0360107421875,0.0018921660957857966,16.831,3.29,0.0,0.0,0,0,1,None,1.0,2026-03-13T13:23:42.110388,sad,0.57,2026-03-13T13:23:42.110388,0.872,2026-03-13T13:23:41.710000,60,,,
participant_31,2,day,Town10HD_Opt,2026-03-13T13:23:43.010246,75.62179565429688,24.965612411499023,0.0020519255194813013,12.904,0.846,0.0,0.011,0,0,1,None,1.0,2026-03-13T13:23:43.010246,sad,0.57,2026-03-13T13:23:42.110388,0.867,2026-03-13T13:23:42.835000,59,,,
participant_31,2,day,Town10HD_Opt,2026-03-13T13:23:44.145445,78.00240325927734,24.923351287841797,0.002017326420173049,7.906,1.142,0.0,0.0,0,0,1,None,1.0,2026-03-13T13:23:44.145445,neutral,0.536,2026-03-13T13:23:44.145445,0.856,2026-03-13T13:23:43.690000,58,,,
participant_31,2,day,Town10HD_Opt,2026-03-13T13:23:45.056940,79.23651885986328,24.922809600830078,0.0019776152912527323,6.087,1.514,0.0,0.0,0,0,1,None,0.832,2026-03-13T13:23:45.056940,neutral,0.536,2026-03-13T13:23:44.145445,0.851,2026-03-13T13:23:44.681000,59,,,
participant_31,2,day,Town10HD_Opt,2026-03-13T13:23:45.946185,79.68514251708984,24.924882888793945,0.0020425033289939165,0.0,1.231,0.0,0.149,0,0,1,None,1.0,2026-03-13T13:23:45.946185,neutral,0.536,2026-03-13T13:23:44.145445,0.845,2026-03-13T13:23:45.805000,59,,,
participant_31,2,day,Town10HD_Opt,2026-03-13T13:23:47.075995,79.68605041503906,24.92488670349121,0.0019201659597456455,0.007,-0.872,0.0,0.0,0,0,1,None,1.0,2026-03-13T13:23:47.075995,neutral,0.684,2026-03-13T13:23:47.075995,0.84,2026-03-13T13:23:46.705000,60,,,
participant_31,2,day,Town10HD_Opt,2026-03-13T13:23:47.931993,79.68604278564453,24.92488670349121,0.0019186782883480191,0.006,-0.637,0.0,0.0,0,0,1,None,1.0,2026-03-13T13:23:47.931993,neutral,0.684,2026-03-13T13:23:47.075995,0.835,2026-03-13T13:23:47.696000,60,,,
participant_31,2,day,Town10HD_Opt,2026-03-13T13:23:49.017768,79.68617248535156,24.92488670349121,0.0019186782883480191,0.006,-0.501,0.0,0.0,0,0,1,None,1.0,2026-03-13T13:23:49.017768,neutral,0.684,2026-03-13T13:23:47.075995,0.824,2026-03-13T13:23:48.730000,59,,,
participant_31,2,day,Town10HD_Opt,2026-03-13T13:23:49.998293,79.68614959716797,24.92488670349121,0.0019188307924196124,0.007,-1.018,0.0,0.0,0,0,1,None,1.0,2026-03-13T13:23:49.998293,neutral,0.527,2026-03-13T13:23:49.998293,0.813,2026-03-13T13:23:49.675000,59,,,
participant_31,2,day,Town10HD_Opt,2026-03-13T13:23:51.094767,79.68626403808594,24.92488670349121,0.0019188307924196124,0.007,-1.018,0.0,0.0,0,0,1,None,1.0,2026-03-13T13:23:51.094767,neutral,0.527,2026-03-13T13:23:49.998293,0.808,2026-03-13T13:23:50.800000,59,,,
participant_31,2,day,Town10HD_Opt,2026-03-13T13:23:51.948018,79.68644714355469,24.92488670349121,0.0019189452286809683,0.002,-1.013,0.0,0.0,0,0,1,None,1.0,2026-03-13T13:23:51.948018,neutral,0.527,2026-03-13T13:23:49.998293,0.808,2026-03-13T13:23:51.835000,60,,,
participant_31,2,day,Town10HD_Opt,2026-03-13T13:23:52.906592,79.68669128417969,24.924890518188477,0.0019190215971320868,0.001,-0.912,0.0,0.0,0,0,1,None,1.0,2026-03-13T13:23:52.906592,neutral,0.488,2026-03-13T13:23:52.906592,0.818,2026-03-13T13:23:52.736000,61,,,
participant_31,2,day,Town10HD_Opt,2026-03-13T13:23:54.063863,79.6867904663086,24.924890518188477,0.0019190596649423242,0.001,-0.724,0.0,0.0,0,0,1,None,1.0,2026-03-13T13:23:54.063863,neutral,0.488,2026-03-13T13:23:52.906592,0.84,2026-03-13T13:23:53.726000,62,,,
participant_31,2,day,Town10HD_Opt,2026-03-13T13:23:54.902239,79.68683624267578,24.924890518188477,0.0019187545403838158,0.006,-0.724,0.0,0.0,0,0,1,None,1.0,2026-03-13T13:23:54.902239,neutral,0.488,2026-03-13T13:23:52.906592,0.862,2026-03-13T13:23:54.716000,63,,,
participant_31,2,day,Town10HD_Opt,2026-03-13T13:23:56.081846,79.68696594238281,24.924890518188477,0.001918792724609375,0.006,-0.665,0.0,0.0,0,0,1,None,1.0,2026-03-13T13:23:56.081846,sad,0.797,2026-03-13T13:23:56.081846,0.889,2026-03-13T13:23:55.751000,64,,,
participant_31,2,day,Town10HD_Opt,2026-03-13T13:23:56.931859,79.68692016601562,24.924890518188477,0.0019185638520866632,0.006,-0.665,0.0,0.0,0,0,1,reach_back,0.886,2026-03-13T13:23:56.931859,sad,0.797,2026-03-13T13:23:56.081846,0.91,2026-03-13T13:23:56.696000,64,,,
participant_31,2,day,Town10HD_Opt,2026-03-13T13:23:58.071802,79.69759368896484,24.924787521362305,0.0018793868366628885,0.666,-0.36,0.384,0.0,0,0,1,None,1.0,2026-03-13T13:23:58.071802,sad,0.797,2026-03-13T13:23:56.081846,0.932,2026-03-13T13:23:57.731000,64,,,
participant_31,2,day,Town10HD_Opt,2026-03-13T13:23:59.127104,80.24430847167969,24.921159744262695,0.002143974183127284,0.0,-0.496,0.0,0.206,0,0,1,None,1.0,2026-03-13T13:23:59.127104,neutral,0.918,2026-03-13T13:23:59.127104,0.959,2026-03-13T13:23:58.721000,64,,,
participant_31,2,day,Town10HD_Opt,2026-03-13T13:23:59.958887,80.24498748779297,24.921154022216797,0.0019269561162218451,0.006,-0.524,0.0,0.0,0,0,1,None,1.0,2026-03-13T13:23:59.958887,neutral,0.918,2026-03-13T13:23:59.127104,0.986,2026-03-13T13:23:59.712000,64,,,
participant_31,2,day,Town10HD_Opt,2026-03-13T13:24:01.015409,80.24546813964844,24.92115592956543,0.0019190596649423242,0.004,-0.552,0.0,0.0,0,0,1,None,1.0,2026-03-13T13:24:01.015409,neutral,0.918,2026-03-13T13:23:59.127104,1.0,2026-03-13T13:24:00.880000,63,,,
participant_31,2,day,Town10HD_Opt,2026-03-13T13:24:02.065914,80.2455825805664,24.92115592956543,0.0019189834129065275,0.004,-0.552,0.0,0.0,0,0,1,None,1.0,2026-03-13T13:24:02.065914,neutral,0.619,2026-03-13T13:24:02.065914,1.0,2026-03-13T13:24:01.692000,62,,,
participant_31,2,day,Town10HD_Opt,2026-03-13T13:24:03.139741,80.24568939208984,24.92115592956543,0.0019189834129065275,0.0,-0.552,0.0,0.0,0,0,1,None,1.0,2026-03-13T13:24:03.139741,neutral,0.619,2026-03-13T13:24:02.065914,1.0,2026-03-13T13:24:02.726000,61,,,
participant_31,2,day,Town10HD_Opt,2026-03-13T13:24:03.961102,80.24588012695312,24.92115592956543,0.0019190978491678834,0.005,-0.552,0.0,0.0,0,0,1,None,1.0,2026-03-13T13:24:03.961102,neutral,0.619,2026-03-13T13:24:02.065914,1.0,2026-03-13T13:24:03.761000,60,,,
participant_31,2,day,Town10HD_Opt,2026-03-13T13:24:05.065366,80.24598693847656,24.92115592956543,0.0019190978491678834,0.005,-0.552,0.0,0.0,0,0,1,None,1.0,2026-03-13T13:24:05.065366,neutral,0.714,2026-03-13T13:24:05.065366,0.986,2026-03-13T13:24:04.707000,59,,,
participant_31,2,day,Town10HD_Opt,2026-03-13T13:24:06.128379,80.24609375,24.92115592956543,0.0019190596649423242,0.005,-0.376,0.0,0.0,0,0,1,None,1.0,2026-03-13T13:24:06.128379,neutral,0.714,2026-03-13T13:24:05.065366,0.953,2026-03-13T13:24:05.740000,58,,,
participant_31,2,day,Town10HD_Opt,2026-03-13T13:24:06.928760,80.27606201171875,24.92091178894043,0.0018600462935864925,0.964,-0.376,0.0,0.0,0,0,1,None,1.0,2026-03-13T13:24:06.928760,neutral,0.714,2026-03-13T13:24:05.065366,0.921,2026-03-13T13:24:06.775000,58,,,
participant_31,2,day,Town10HD_Opt,2026-03-13T13:24:08.006411,80.60848236083984,24.918930053710938,0.0019281768472865224,1.259,0.179,0.0,0.0,0,0,1,None,1.0,2026-03-13T13:24:08.006411,neutral,0.848,2026-03-13T13:24:08.006411,0.883,2026-03-13T13:24:07.810000,57,,,
participant_31,2,day,Town10HD_Opt,2026-03-13T13:24:09.079615,80.81804656982422,24.91988182067871,0.0019296264508739114,0.577,1.516,0.114,0.0,0,0,1,None,1.0,2026-03-13T13:24:09.079615,neutral,0.848,2026-03-13T13:24:08.006411,0.851,2026-03-13T13:24:08.711000,58,,,
participant_31,2,day,Town10HD_Opt,2026-03-13T13:24:09.916811,81.04896545410156,24.924631118774414,0.0018478011479601264,2.477,3.203,0.311,0.0,0,0,1,None,1.0,2026-03-13T13:24:09.916811,neutral,0.848,2026-03-13T13:24:08.006411,0.818,2026-03-13T13:24:09.836000,58,,,
participant_31,2,day,Town10HD_Opt,2026-03-13T13:24:10.949318,82.20734405517578,24.969614028930664,0.0017582321306690574,8.099,1.777,0.482,0.0,0,0,1,None,1.0,2026-03-13T13:24:10.949318,neutral,0.876,2026-03-13T13:24:10.949318,0.786,2026-03-13T13:24:10.871000,57,,,
participant_31,2,day,Town10HD_Opt,2026-03-13T13:24:12.044624,85.13404083251953,25.060827255249023,0.0017102813581004739,17.197,-0.435,0.541,0.0,0,0,1,None,0.822,2026-03-13T13:24:12.044624,neutral,0.876,2026-03-13T13:24:10.949318,0.759,2026-03-13T13:24:11.680000,57,,,
participant_31,2,day,Town10HD_Opt,2026-03-13T13:24:13.107231,89.49783325195312,24.951425552368164,0.002010612515732646,19.63,-10.254,0.376,0.0,0,0,1,None,1.0,2026-03-13T13:24:13.107231,neutral,0.841,2026-03-13T13:24:13.107231,0.737,2026-03-13T13:24:12.716000,57,,,
participant_31,2,day,Town10HD_Opt,2026-03-13T13:24:13.904328,92.93147277832031,24.19141387939453,0.0020157622639089823,20.733,-9.717,0.397,0.0,0,0,1,None,1.0,2026-03-13T13:24:13.904328,neutral,0.841,2026-03-13T13:24:13.107231,0.727,2026-03-13T13:24:13.886000,58,,,
participant_31,2,day,Town10HD_Opt,2026-03-13T13:24:14.929663,97.5839614868164,22.16036605834961,0.0019985579419881105,22.931,-8.589,0.398,0.0,0,0,1,None,1.0,2026-03-13T13:24:14.929663,neutral,0.841,2026-03-13T13:24:13.107231,0.721,2026-03-13T13:24:14.696000,58,,,
participant_31,2,day,Town10HD_Opt,2026-03-13T13:24:15.984069,101.93531799316406,18.806133270263672,0.002020339947193861,24.379,-10.274,0.395,0.0,0,0,1,None,1.0,2026-03-13T13:24:15.984069,neutral,0.595,2026-03-13T13:24:15.984069,0.721,2026-03-13T13:24:15.732000,58,,,
participant_31,2,day,Town10HD_Opt,2026-03-13T13:24:16.903819,104.53038787841797,15.464217185974121,0.0021590040996670723,22.459,-10.49,0.0,0.038,0,0,1,None,1.0,2026-03-13T13:24:16.903819,neutral,0.595,2026-03-13T13:24:15.984069,0.721,2026-03-13T13:24:16.678000,58,,,
participant_31,2,day,Town10HD_Opt,2026-03-13T13:24:18.005166,105.84254455566406,12.864739418029785,0.0024269483983516693,0.001,-12.25,0.0,0.118,0,0,1,None,1.0,2026-03-13T13:24:18.005166,sad,0.566,2026-03-13T13:24:18.005166,0.727,2026-03-13T13:24:17.711000,58,,,
participant_31,2,day,Town10HD_Opt,2026-03-13T13:24:19.086056,105.88701629638672,12.732008934020996,0.0018243025988340378,2.43,-12.19,0.355,0.0,0,0,1,None,1.0,2026-03-13T13:24:19.086056,sad,0.566,2026-03-13T13:24:18.005166,0.727,2026-03-13T13:24:18.790000,58,,,
participant_31,2,day,Town10HD_Opt,2026-03-13T13:24:19.912332,106.11750793457031,11.973041534423828,0.0017564772861078382,7.23,-12.59,0.385,0.0,0,0,1,None,1.0,2026-03-13T13:24:19.912332,sad,0.566,2026-03-13T13:24:18.005166,0.721,2026-03-13T13:24:19.692000,57,,,
participant_31,2,day,Town10HD_Opt,2026-03-13T13:24:20.999238,106.54842376708984,9.692728996276855,0.0017920684767886996,12.889,-11.593,0.385,0.0,0,0,1,None,1.0,2026-03-13T13:24:20.999238,neutral,0.518,2026-03-13T13:24:20.999238,0.71,2026-03-13T13:24:20.951000,55,,,
participant_31,2,day,Town10HD_Opt,2026-03-13T13:24:22.127182,106.69254302978516,6.222990036010742,0.0018259430071339011,17.045,-6.303,0.383,0.0,0,0,1,None,1.0,2026-03-13T13:24:22.127182,neutral,0.518,2026-03-13T13:24:20.999238,0.694,2026-03-13T13:24:21.806000,54,,,
participant_31,2,day,Town10HD_Opt,2026-03-13T13:24:22.974139,106.6494140625,3.0992462635040283,0.0020824430976063013,18.063,1.8,0.409,0.0,0,0,1,phone_call,0.862,2026-03-13T13:24:22.974139,neutral,0.518,2026-03-13T13:24:20.999238,0.678,2026-03-13T13:24:22.751000,54,,,
participant_31,2,day,Town10HD_Opt,2026-03-13T13:24:24.077699,106.69461822509766,-1.4566477537155151,0.0018970107194036245,22.444,-0.089,0.575,0.0,0,0,1,None,1.0,2026-03-13T13:24:24.077699,neutral,0.647,2026-03-13T13:24:24.077699,0.651,2026-03-13T13:24:23.787000,53,,,
participant_31,2,day,Town10HD_Opt,2026-03-13T13:24:25.125049,106.7293930053711,-7.457047462463379,0.0018807982560247183,29.299,-0.435,0.565,0.0,0,0,1,None,1.0,2026-03-13T13:24:25.125049,neutral,0.647,2026-03-13T13:24:24.077699,0.63,2026-03-13T13:24:24.776000,54,,,
participant_31,2,day,Town10HD_Opt,2026-03-13T13:24:25.895169,106.71156311035156,-12.937626838684082,0.0018991469405591488,33.718,-0.045,0.585,0.0,0,0,1,None,1.0,2026-03-13T13:24:25.895169,neutral,0.647,2026-03-13T13:24:24.077699,0.608,2026-03-13T13:24:25.722000,54,,,
participant_31,2,day,Town10HD_Opt,2026-03-13T13:24:26.963850,106.63404083251953,-21.494670867919922,0.0018865966703742743,40.09,-0.653,0.613,0.0,0,0,1,None,0.82,2026-03-13T13:24:26.963850,neutral,0.683,2026-03-13T13:24:26.963850,0.586,2026-03-13T13:24:26.711000,54,,,
participant_31,2,day,Town10HD_Opt,2026-03-13T13:24:27.995482,105.97337341308594,-31.387096405029297,0.0019671630579978228,44.367,-6.796,0.426,0.0,0,0,1,None,1.0,2026-03-13T13:24:27.995482,neutral,0.683,2026-03-13T13:24:26.963850,0.565,2026-03-13T13:24:27.701000,54,,,
participant_31,2,day,Town10HD_Opt,2026-03-13T13:24:29.021773,102.70892333984375,-40.82305908203125,0.0021315382327884436,41.108,-2.266,0.369,0.0,0,0,1,None,1.0,2026-03-13T13:24:29.021773,neutral,0.422,2026-03-13T13:24:29.021773,0.549,2026-03-13T13:24:29.006000,55,,,
participant_31,2,day,Town10HD_Opt,2026-03-13T13:24:30.102013,97.70296478271484,-48.729736328125,0.002071380615234375,39.556,-5.2,0.424,0.0,0,0,1,None,1.0,2026-03-13T13:24:30.102013,neutral,0.422,2026-03-13T13:24:29.021773,0.543,2026-03-13T13:24:29.681000,56,,,
participant_31,2,day,Town10HD_Opt,2026-03-13T13:24:30.941774,92.96440887451172,-53.71321487426758,0.002061462262645364,39.114,-4.926,0.424,0.0,0,0,1,None,1.0,2026-03-13T13:24:30.941774,neutral,0.422,2026-03-13T13:24:29.021773,0.554,2026-03-13T13:24:30.806000,57,,,
participant_31,2,day,Town10HD_Opt,2026-03-13T13:24:32.004341,85.55397033691406,-58.91450119018555,0.002057647565379739,38.648,-4.929,0.427,0.0,0,0,1,None,1.0,2026-03-13T13:24:32.004341,neutral,0.478,2026-03-13T13:24:32.004341,0.576,2026-03-13T13:24:31.707000,58,,,
participant_31,2,day,Town10HD_Opt,2026-03-13T13:24:33.074476,77.24214935302734,-62.38860321044922,0.002028846647590399,39.015,-4.723,0.483,0.0,0,0,1,None,1.0,2026-03-13T13:24:33.074476,neutral,0.478,2026-03-13T13:24:32.004341,0.597,2026-03-13T13:24:32.696000,58,,,
participant_31,2,day,Town10HD_Opt,2026-03-13T13:24:33.934198,70.49858856201172,-63.86727523803711,0.0020122146233916283,40.063,-4.424,0.484,0.0,0,0,1,None,1.0,2026-03-13T13:24:33.934198,neutral,0.478,2026-03-13T13:24:32.004341,0.619,2026-03-13T13:24:33.731000,57,,,
participant_31,2,day,Town10HD_Opt,2026-03-13T13:24:35.059698,61.03455352783203,-64.48302459716797,0.0020122909918427467,41.355,-0.153,0.484,0.0,0,0,1,None,1.0,2026-03-13T13:24:35.059698,neutral,0.871,2026-03-13T13:24:35.059698,0.635,2026-03-13T13:24:34.810000,57,,,
participant_31,2,day,Town10HD_Opt,2026-03-13T13:24:36.133093,51.255096435546875,-64.73290252685547,0.00201042159460485,42.616,-0.794,0.493,0.0,0,0,1,None,1.0,2026-03-13T13:24:36.133093,neutral,0.871,2026-03-13T13:24:35.059698,0.646,2026-03-13T13:24:35.846000,56,,,
participant_31,2,day,Town10HD_Opt,2026-03-13T13:24:36.947717,43.725868225097656,-64.76942443847656,0.0020138549152761698,43.501,-0.698,0.493,0.0,0,0,1,None,1.0,2026-03-13T13:24:36.947717,neutral,0.871,2026-03-13T13:24:35.059698,0.651,2026-03-13T13:24:36.702000,55,,,
participant_31,2,day,Town10HD_Opt,2026-03-13T13:24:38.040883,33.46586990356445,-64.58678436279297,0.0020189285278320312,44.496,0.392,0.493,0.0,0,0,1,None,1.0,2026-03-13T13:24:38.040883,neutral,0.544,2026-03-13T13:24:38.040883,0.662,2026-03-13T13:24:37.691000,56,,,
participant_31,2,day,Town10HD_Opt,2026-03-13T13:24:39.117548,23.025543212890625,-64.48794555664062,0.002081489423289895,44.121,0.031,0.339,0.0,0,0,1,None,0.888,2026-03-13T13:24:39.117548,neutral,0.544,2026-03-13T13:24:38.040883,0.673,2026-03-13T13:24:38.681000,57,,,
participant_31,2,day,Town10HD_Opt,2026-03-13T13:24:39.944082,15.528841018676758,-64.46361541748047,0.0021249388810247183,41.433,0.176,0.361,0.0,0,0,1,None,1.0,2026-03-13T13:24:39.944082,neutral,0.544,2026-03-13T13:24:38.040883,0.683,2026-03-13T13:24:39.716000,58,,,
participant_31,2,day,Town10HD_Opt,2026-03-13T13:24:41.070110,6.157633304595947,-64.52069091796875,0.0021052551455795765,38.71,0.155,0.047,0.0,0,0,1,None,1.0,2026-03-13T13:24:41.070110,neutral,0.524,2026-03-13T13:24:41.070110,0.694,2026-03-13T13:24:40.751000,59,,,
participant_31,2,day,Town10HD_Opt,2026-03-13T13:24:42.139585,-1.7906079292297363,-64.62604522705078,0.0023015975020825863,28.322,-0.146,0.0,0.0,0,0,1,None,1.0,2026-03-13T13:24:42.139585,neutral,0.524,2026-03-13T13:24:41.070110,0.694,2026-03-13T13:24:41.697000,58,,,
participant_31,2,day,Town10HD_Opt,2026-03-13T13:24:43.023741,-6.178230285644531,-64.66808319091797,0.002272377023473382,21.242,-0.188,0.0,0.076,0,0,1,None,1.0,2026-03-13T13:24:43.023741,neutral,0.524,2026-03-13T13:24:41.070110,0.689,2026-03-13T13:24:42.685000,57,,,
participant_31,2,day,Town10HD_Opt,2026-03-13T13:24:44.125677,-10.46710205078125,-64.6937255859375,0.0019433593843132257,16.954,-0.045,0.222,0.0,0,0,1,None,1.0,2026-03-13T13:24:44.125677,neutral,0.602,2026-03-13T13:24:44.125677,0.683,2026-03-13T13:24:43.676000,56,,,
participant_31,2,day,Town10HD_Opt,2026-03-13T13:24:45.013671,-13.411483764648438,-64.71073913574219,0.001926917931996286,16.701,-0.04,0.234,0.0,0,0,1,None,1.0,2026-03-13T13:24:45.013671,neutral,0.602,2026-03-13T13:24:44.125677,0.678,2026-03-13T13:24:44.711000,56,,,
participant_31,2,day,Town10HD_Opt,2026-03-13T13:24:46.120407,-17.226375579833984,-64.7264633178711,0.0019826507195830345,15.166,-0.115,0.075,0.0,0,0,1,None,1.0,2026-03-13T13:24:46.120407,neutral,0.602,2026-03-13T13:24:44.125677,0.673,2026-03-13T13:24:45.746000,55,,,
participant_31,2,day,Town10HD_Opt,2026-03-13T13:24:46.970880,-19.625133514404297,-64.73201751708984,0.0020267104264348745,11.877,-0.125,0.0,0.0,0,0,1,None,1.0,2026-03-13T13:24:46.970880,neutral,0.688,2026-03-13T13:24:46.970880,0.667,2026-03-13T13:24:46.692000,54,,,
participant_31,2,day,Town10HD_Opt,2026-03-13T13:24:48.005510,-21.89594841003418,-64.7335433959961,0.0020278168376535177,7.314,-0.125,0.0,0.095,0,0,1,None,1.0,2026-03-13T13:24:48.005510,neutral,0.688,2026-03-13T13:24:46.970880,0.662,2026-03-13T13:24:47.816000,55,,,
participant_31,2,day,Town10HD_Opt,2026-03-13T13:24:49.026291,-22.696569442749023,-64.7332534790039,0.002023086417466402,0.0,-0.125,0.0,0.19,0,0,1,None,1.0,2026-03-13T13:24:49.026291,neutral,0.576,2026-03-13T13:24:49.026291,0.646,2026-03-13T13:24:48.897000,54,,,
participant_31,2,day,Town10HD_Opt,2026-03-13T13:24:49.890984,-22.696786880493164,-64.7332534790039,0.001922988798469305,0.003,-0.125,0.0,0.0,0,0,1,None,0.819,2026-03-13T13:24:49.890984,neutral,0.576,2026-03-13T13:24:49.026291,0.624,2026-03-13T13:24:49.707000,54,,,
participant_31,2,day,Town10HD_Opt,2026-03-13T13:24:50.900722,-22.69697380065918,-64.7332534790039,0.0019190978491678834,0.001,-0.125,0.0,0.0,0,0,1,None,1.0,2026-03-13T13:24:50.900722,neutral,0.576,2026-03-13T13:24:49.026291,0.608,2026-03-13T13:24:50.697000,56,,,
participant_31,2,day,Town10HD_Opt,2026-03-13T13:24:51.918940,-22.69704246520996,-64.7332534790039,0.0019190215971320868,0.001,-0.125,0.0,0.0,0,0,1,None,1.0,2026-03-13T13:24:51.918940,sad,0.664,2026-03-13T13:24:51.918940,0.603,2026-03-13T13:24:51.686000,57,,,
participant_31,2,day,Town10HD_Opt,2026-03-13T13:24:52.933478,-22.697111129760742,-64.7332534790039,0.0019190215971320868,0.002,-0.127,0.0,0.0,0,0,1,None,1.0,2026-03-13T13:24:52.933478,sad,0.664,2026-03-13T13:24:51.918940,0.603,2026-03-13T13:24:52.811000,57,,,
participant_31,2,day,Town10HD_Opt,2026-03-13T13:24:53.902204,-22.697181701660156,-64.7332534790039,0.0019190215971320868,0.001,-0.115,0.0,0.0,0,0,1,None,1.0,2026-03-13T13:24:53.902204,sad,0.664,2026-03-13T13:24:51.918940,0.603,2026-03-13T13:24:53.712000,56,,,
participant_31,2,day,Town10HD_Opt,2026-03-13T13:24:54.944108,-22.697256088256836,-64.7332534790039,0.0019189452286809683,0.002,-0.115,0.0,0.0,0,0,1,None,1.0,2026-03-13T13:24:54.944108,sad,0.46,2026-03-13T13:24:54.944108,0.597,2026-03-13T13:24:54.701000,55,,,
participant_31,2,day,Town10HD_Opt,2026-03-13T13:24:55.953855,-22.697328567504883,-64.7332534790039,0.0019189452286809683,0.002,-0.115,0.0,0.0,0,0,1,None,1.0,2026-03-13T13:24:55.953855,sad,0.46,2026-03-13T13:24:54.944108,0.592,2026-03-13T13:24:55.736000,54,,,
participant_31,2,day,Town10HD_Opt,2026-03-13T13:24:56.974703,-22.69740104675293,-64.7332534790039,0.0019189452286809683,0.002,-0.115,0.0,0.0,0,0,1,None,1.0,2026-03-13T13:24:56.974703,sad,0.361,2026-03-13T13:24:56.974703,0.581,2026-03-13T13:24:56.681000,52,,,
participant_31,2,day,Town10HD_Opt,2026-03-13T13:24:57.991200,-22.69747543334961,-64.7332534790039,0.0019189452286809683,0.002,-0.115,0.0,0.0,0,0,1,None,0.895,2026-03-13T13:24:57.991200,sad,0.361,2026-03-13T13:24:56.974703,0.57,2026-03-13T13:24:57.762000,53,,,
participant_31,2,day,Town10HD_Opt,2026-03-13T13:24:58.975735,-22.697547912597656,-64.7332534790039,0.0019188689766451716,0.002,-0.115,0.0,0.0,0,0,1,None,0.883,2026-03-13T13:24:58.975735,sad,0.388,2026-03-13T13:24:58.975735,0.57,2026-03-13T13:24:58.752000,54,,,
participant_31,2,day,Town10HD_Opt,2026-03-13T13:25:00.002388,-22.697622299194336,-64.7332534790039,0.0019188689766451716,0.002,-0.115,0.0,0.0,0,0,1,None,1.0,2026-03-13T13:25:00.002388,sad,0.388,2026-03-13T13:24:58.975735,0.576,2026-03-13T13:24:59.742000,55,,,
participant_31,2,day,Town10HD_Opt,2026-03-13T13:25:01.022124,-22.697694778442383,-64.7332534790039,0.0019188689766451716,0.002,-0.115,0.0,0.0,0,0,1,None,1.0,2026-03-13T13:25:01.022124,sad,0.659,2026-03-13T13:25:01.022124,0.576,2026-03-13T13:25:00.686000,56,,,
participant_31,2,day,Town10HD_Opt,2026-03-13T13:25:02.028158,-22.69776725769043,-64.7332534790039,0.0019188689766451716,0.002,-0.115,0.0,0.0,0,0,1,None,1.0,2026-03-13T13:25:02.028158,sad,0.659,2026-03-13T13:25:01.022124,0.576,2026-03-13T13:25:01.677000,57,,,
participant_31,2,day,Town10HD_Opt,2026-03-13T13:25:03.047394,-22.69784164428711,-64.7332534790039,0.0019188689766451716,0.002,-0.115,0.0,0.0,0,0,1,None,1.0,2026-03-13T13:25:03.047394,sad,0.655,2026-03-13T13:25:03.047394,0.576,2026-03-13T13:25:02.757000,57,,,
participant_31,2,day,Town10HD_Opt,2026-03-13T13:25:04.087572,-22.697914123535156,-64.7332534790039,0.0019188689766451716,0.002,-0.115,0.0,0.0,0,0,1,None,0.865,2026-03-13T13:25:04.087572,sad,0.655,2026-03-13T13:25:03.047394,0.586,2026-03-13T13:25:03.701000,58,,,
participant_31,2,day,Town10HD_Opt,2026-03-13T13:25:04.942751,-22.698078155517578,-64.7332534790039,0.0019190215971320868,0.002,-0.115,0.0,0.0,0,0,1,None,1.0,2026-03-13T13:25:04.942751,sad,0.655,2026-03-13T13:25:03.047394,0.608,2026-03-13T13:25:04.692000,59,,,
participant_31,2,day,Town10HD_Opt,2026-03-13T13:25:05.971016,-22.698148727416992,-64.7332534790039,0.0019190215971320868,0.002,-0.115,0.0,0.0,0,0,1,None,1.0,2026-03-13T13:25:05.971016,sad,0.535,2026-03-13T13:25:05.971016,0.635,2026-03-13T13:25:05.681000,59,,,
participant_31,2,day,Town10HD_Opt,2026-03-13T13:25:07.017141,-22.69822120666504,-64.7332534790039,0.0019189452286809683,0.002,-0.115,0.0,0.0,0,0,1,None,1.0,2026-03-13T13:25:07.017141,sad,0.535,2026-03-13T13:25:05.971016,0.673,2026-03-13T13:25:06.717000,59,,,
participant_31,2,day,Town10HD_Opt,2026-03-13T13:25:08.118870,-22.69829559326172,-64.7332534790039,0.0019189452286809683,0.002,-0.115,0.0,0.0,0,0,1,None,1.0,2026-03-13T13:25:08.118870,sad,0.693,2026-03-13T13:25:08.118870,0.705,2026-03-13T13:25:07.706000,59,,,
participant_31,2,day,Town10HD_Opt,2026-03-13T13:25:08.893479,-22.698497772216797,-64.7332534790039,0.0019190215971320868,0.001,-0.115,0.0,0.0,0,0,1,None,1.0,2026-03-13T13:25:08.893479,sad,0.693,2026-03-13T13:25:08.118870,0.732,2026-03-13T13:25:08.741000,59,,,
participant_31,2,day,Town10HD_Opt,2026-03-13T13:25:09.926313,-22.841642379760742,-64.73323059082031,0.0017446517013013363,3.773,-0.115,0.527,0.0,0,0,1,None,1.0,2026-03-13T13:25:09.926313,sad,0.693,2026-03-13T13:25:08.118870,0.754,2026-03-13T13:25:09.686000,59,,,
participant_31,2,day,Town10HD_Opt,2026-03-13T13:25:10.995577,-24.116140365600586,-64.73130798339844,0.0019517516484484076,5.0,-0.106,0.0,0.0,0,0,1,None,1.0,2026-03-13T13:25:10.995577,sad,0.944,2026-03-13T13:25:10.995577,0.775,2026-03-13T13:25:10.811000,60,,,
participant_31,2,day,Town10HD_Opt,2026-03-13T13:25:12.020400,-24.317358016967773,-64.73095703125,0.0019297789549455047,0.104,-0.094,0.0,0.0,0,0,1,None,1.0,2026-03-13T13:25:12.020400,sad,0.944,2026-03-13T13:25:10.995577,0.802,2026-03-13T13:25:11.801000,62,,,
participant_31,2,day,Town10HD_Opt,2026-03-13T13:25:13.076496,-24.33116340637207,-64.73096466064453,0.0019152449676766992,0.143,-0.092,0.081,0.0,0,0,1,None,1.0,2026-03-13T13:25:13.076496,sad,0.492,2026-03-13T13:25:13.076496,0.84,2026-03-13T13:25:12.701000,64,,,
participant_31,2,day,Town10HD_Opt,2026-03-13T13:25:14.090963,-24.371435165405273,-64.73097229003906,0.0019172286847606301,0.221,-0.092,0.071,0.0,0,0,1,None,1.0,2026-03-13T13:25:14.090963,sad,0.492,2026-03-13T13:25:13.076496,0.878,2026-03-13T13:25:13.737000,65,,,
participant_31,2,day,Town10HD_Opt,2026-03-13T13:25:15.137054,-24.422616958618164,-64.7309799194336,0.0019181441748514771,0.247,-0.092,0.07,0.0,0,0,1,None,1.0,2026-03-13T13:25:15.137054,sad,0.659,2026-03-13T13:25:15.137054,0.91,2026-03-13T13:25:14.772000,65,,,
participant_31,2,day,Town10HD_Opt,2026-03-13T13:25:15.959869,-24.463537216186523,-64.73098754882812,0.0019184874836355448,0.254,-0.092,0.069,0.0,0,0,1,None,1.0,2026-03-13T13:25:15.959869,sad,0.659,2026-03-13T13:25:15.137054,0.942,2026-03-13T13:25:15.762000,65,,,
participant_31,2,day,Town10HD_Opt,2026-03-13T13:25:16.967620,-24.62914276123047,-64.73065948486328,0.001921424875035882,0.0,-0.092,0.0,0.028,0,0,1,None,1.0,2026-03-13T13:25:16.967620,sad,0.659,2026-03-13T13:25:15.137054,0.964,2026-03-13T13:25:16.707000,63,,,
participant_31,2,day,Town10HD_Opt,2026-03-13T13:25:17.989764,-24.630399703979492,-64.73065948486328,0.0019202041439712048,0.004,-0.087,0.0,0.0,0,0,1,None,1.0,2026-03-13T13:25:17.989764,sad,0.512,2026-03-13T13:25:17.989764,0.986,2026-03-13T13:25:17.696000,63,,,
participant_31,2,day,Town10HD_Opt,2026-03-13T13:25:19.061743,-24.63037109375,-64.73065948486328,0.0019186019198969007,0.006,-0.087,0.0,0.0,0,0,1,None,1.0,2026-03-13T13:25:19.061743,sad,0.512,2026-03-13T13:25:17.989764,1.0,2026-03-13T13:25:18.733000,63,,,
participant_31,2,day,Town10HD_Opt,2026-03-13T13:25:20.104131,-24.63046646118164,-64.73065948486328,0.001918525667861104,0.006,0.644,0.0,0.0,0,0,1,None,1.0,2026-03-13T13:25:20.104131,neutral,0.694,2026-03-13T13:25:20.104131,1.0,2026-03-13T13:25:19.766000,63,,,
participant_31,2,day,Town10HD_Opt,2026-03-13T13:25:21.116492,-24.63056182861328,-64.73065948486328,0.001918525667861104,0.006,0.747,0.0,0.0,0,0,1,None,1.0,2026-03-13T13:25:21.116492,neutral,0.694,2026-03-13T13:25:20.104131,1.0,2026-03-13T13:25:20.757000,56,,,
participant_31,2,day,Town10HD_Opt,2026-03-13T13:25:22.118429,-24.63065528869629,-64.73065948486328,0.001918525667861104,0.006,0.747,0.0,0.0,0,0,1,None,1.0,2026-03-13T13:25:22.118429,neutral,0.508,2026-03-13T13:25:22.118429,0.975,2026-03-13T13:25:21.747000,56,,,
participant_31,2,day,Town10HD_Opt,2026-03-13T13:25:22.916130,-24.63069725036621,-64.73065948486328,0.0019188307924196124,0.002,0.747,0.0,0.0,0,0,1,None,1.0,2026-03-13T13:25:22.916130,neutral,0.508,2026-03-13T13:25:22.118429,0.937,2026-03-13T13:25:22.691000,57,,,
participant_31,2,day,Town10HD_Opt,2026-03-13T13:25:23.970599,-24.63077163696289,-64.73065948486328,0.0019188307924196124,0.002,0.731,0.0,0.0,0,0,1,None,1.0,2026-03-13T13:25:23.970599,neutral,0.508,2026-03-13T13:25:22.118429,0.899,2026-03-13T13:25:23.862000,58,,,
participant_31,2,day,Town10HD_Opt,2026-03-13T13:25:24.983632,-24.630844116210938,-64.73065948486328,0.0019188307924196124,0.002,0.731,0.0,0.0,0,0,1,None,0.919,2026-03-13T13:25:24.983632,neutral,0.752,2026-03-13T13:25:24.983632,0.862,2026-03-13T13:25:24.851000,58,,,
participant_31,2,day,Town10HD_Opt,2026-03-13T13:25:25.999505,-24.630916595458984,-64.73065948486328,0.0019188307924196124,0.002,0.731,0.0,0.0,0,0,1,None,0.826,2026-03-13T13:25:25.999505,neutral,0.752,2026-03-13T13:25:24.983632,0.824,2026-03-13T13:25:25.707000,58,,,
participant_31,2,day,Town10HD_Opt,2026-03-13T13:25:26.997305,-24.630990982055664,-64.73065948486328,0.0019188307924196124,0.002,0.731,0.0,0.0,0,0,1,None,0.859,2026-03-13T13:25:26.997305,neutral,0.487,2026-03-13T13:25:26.997305,0.797,2026-03-13T13:25:26.697000,58,,,
participant_31,2,day,Town10HD_Opt,2026-03-13T13:25:28.034414,-24.631067276000977,-64.73065948486328,0.0019188307924196124,0.007,0.731,0.0,0.0,0,0,1,None,1.0,2026-03-13T13:25:28.034414,neutral,0.487,2026-03-13T13:25:26.997305,0.77,2026-03-13T13:25:27.732000,58,,,
participant_31,2,day,Town10HD_Opt,2026-03-13T13:25:29.059276,-24.631141662597656,-64.73065948486328,0.0019188307924196124,0.007,0.731,0.0,0.0,0,0,1,None,1.0,2026-03-13T13:25:29.059276,fear,0.685,2026-03-13T13:25:29.059276,0.748,2026-03-13T13:25:28.723000,59,,,
participant_31,2,day,Town10HD_Opt,2026-03-13T13:25:30.115182,-24.63123893737793,-64.73065948486328,0.0019186782883480191,0.007,0.731,0.0,0.0,0,0,1,None,1.0,2026-03-13T13:25:30.115182,fear,0.685,2026-03-13T13:25:29.059276,0.732,2026-03-13T13:25:29.712000,60,,,
participant_31,2,day,Town10HD_Opt,2026-03-13T13:25:31.112750,-24.631338119506836,-64.73065948486328,0.0019186019198969007,0.006,0.731,0.0,0.0,0,0,1,None,1.0,2026-03-13T13:25:31.112750,neutral,0.959,2026-03-13T13:25:31.112750,0.759,2026-03-13T13:25:30.702000,61,,,
participant_31,2,day,Town10HD_Opt,2026-03-13T13:25:31.896960,-24.631444931030273,-64.73065948486328,0.0019189071608707309,0.002,0.731,0.0,0.0,0,0,1,None,0.869,2026-03-13T13:25:31.896960,neutral,0.959,2026-03-13T13:25:31.112750,0.786,2026-03-13T13:25:31.737000,61,,,
participant_31,2,day,Town10HD_Opt,2026-03-13T13:25:32.959006,-24.63151741027832,-64.73065948486328,0.0019188307924196124,0.002,0.731,0.0,0.0,0,0,1,reach_back,0.915,2026-03-13T13:25:32.959006,neutral,0.959,2026-03-13T13:25:31.112750,0.813,2026-03-13T13:25:32.727000,62,,,
participant_31,2,day,Town10HD_Opt,2026-03-13T13:25:33.922941,-24.631591796875,-64.73065948486328,0.0019188307924196124,0.002,0.731,0.0,0.0,0,0,1,None,1.0,2026-03-13T13:25:33.922941,sad,0.577,2026-03-13T13:25:33.922941,0.835,2026-03-13T13:25:33.806000,62,,,
participant_31,2,day,Town10HD_Opt,2026-03-13T13:25:34.892293,-24.631664276123047,-64.73065948486328,0.0019188307924196124,0.002,0.693,0.0,0.0,0,0,1,None,1.0,2026-03-13T13:25:34.892293,sad,0.577,2026-03-13T13:25:33.922941,0.856,2026-03-13T13:25:34.752000,62,,,
participant_31,2,day,Town10HD_Opt,2026-03-13T13:25:35.888768,-24.67662239074707,-64.73075103759766,0.0018272018060088158,1.877,0.587,0.431,0.0,0,0,1,None,1.0,2026-03-13T13:25:35.888768,sad,0.577,2026-03-13T13:25:33.922941,0.878,2026-03-13T13:25:35.696000,62,,,
participant_31,2,day,Town10HD_Opt,2026-03-13T13:25:37.098358,-26.631933212280273,-64.76241302490234,0.001660156180150807,12.757,1.462,0.582,0.0,0,0,1,None,1.0,2026-03-13T13:25:37.098358,neutral,0.836,2026-03-13T13:25:37.098358,0.894,2026-03-13T13:25:36.956000,61,,,
participant_31,2,day,Town10HD_Opt,2026-03-13T13:25:37.948743,-29.47020149230957,-64.83600616455078,0.0020045852288603783,18.599,-0.059,0.572,0.0,0,0,1,None,1.0,2026-03-13T13:25:37.948743,neutral,0.836,2026-03-13T13:25:37.098358,0.91,2026-03-13T13:25:37.722000,61,,,
participant_31,2,day,Town10HD_Opt,2026-03-13T13:25:38.933790,-34.497920989990234,-64.91935729980469,0.0018745040288195014,25.194,-0.592,0.558,0.0,0,0,1,None,0.847,2026-03-13T13:25:38.933790,neutral,0.836,2026-03-13T13:25:37.098358,0.926,2026-03-13T13:25:38.713000,62,,,
participant_31,2,day,Town10HD_Opt,2026-03-13T13:25:39.910422,-41.05222702026367,-64.94709777832031,0.001904716482385993,31.118,0.275,0.516,0.0,0,0,1,None,1.0,2026-03-13T13:25:39.910422,neutral,0.416,2026-03-13T13:25:39.910422,0.937,2026-03-13T13:25:39.882000,62,,,
participant_31,2,day,Town10HD_Opt,2026-03-13T13:25:40.960287,-48.68590545654297,-65.07012176513672,0.001984939444810152,33.956,1.135,0.468,0.0,0,0,1,None,1.0,2026-03-13T13:25:40.960287,neutral,0.416,2026-03-13T13:25:39.910422,0.948,2026-03-13T13:25:40.693000,63,,,
participant_31,2,day,Town10HD_Opt,2026-03-13T13:25:41.962603,-56.834442138671875,-65.4462661743164,0.0019985197577625513,35.923,0.035,0.468,0.0,0,0,1,None,1.0,2026-03-13T13:25:41.962603,neutral,0.441,2026-03-13T13:25:41.962603,0.964,2026-03-13T13:25:41.771000,64,,,
participant_31,2,day,Town10HD_Opt,2026-03-13T13:25:42.999303,-65.3009262084961,-65.76295471191406,0.002102165250107646,35.381,-1.415,0.271,0.0,0,0,1,None,1.0,2026-03-13T13:25:42.999303,neutral,0.441,2026-03-13T13:25:41.962603,0.98,2026-03-13T13:25:42.897000,65,,,
participant_31,2,day,Town10HD_Opt,2026-03-13T13:25:44.017313,-73.1335220336914,-65.5419921875,0.002129249507561326,31.68,-3.62,0.284,0.0,0,0,1,None,1.0,2026-03-13T13:25:44.017313,neutral,0.7,2026-03-13T13:25:44.017313,0.996,2026-03-13T13:25:43.708000,65,,,
participant_31,2,day,Town10HD_Opt,2026-03-13T13:25:45.051814,-80.054443359375,-64.24578857421875,0.0021228790283203125,28.612,-7.149,0.273,0.0,0,0,1,None,1.0,2026-03-13T13:25:45.051814,neutral,0.7,2026-03-13T13:25:44.017313,1.0,2026-03-13T13:25:44.697000,64,,,
participant_31,2,day,Town10HD_Opt,2026-03-13T13:25:46.081868,-85.82960510253906,-61.59772491455078,0.0021117781288921833,25.908,-6.63,0.308,0.0,0,0,1,None,1.0,2026-03-13T13:25:46.081868,neutral,0.874,2026-03-13T13:25:46.081868,1.0,2026-03-13T13:25:45.687000,63,Solid line crossing,SolidSolid,errors=Solid line crossing
participant_31,2,day,Town10HD_Opt,2026-03-13T13:25:46.915483,-89.57371520996094,-59.14413833618164,0.002050971845164895,25.468,0.564,0.376,0.0,0,0,1,None,1.0,2026-03-13T13:25:46.915483,neutral,0.874,2026-03-13T13:25:46.081868,1.0,2026-03-13T13:25:46.812000,62,,,
participant_31,2,day,Town10HD_Opt,2026-03-13T13:25:47.965334,-94.89276885986328,-56.50290298461914,0.0020472335163503885,25.554,9.081,0.357,0.0,0,0,1,None,1.0,2026-03-13T13:25:47.965334,neutral,0.874,2026-03-13T13:25:46.081868,1.0,2026-03-13T13:25:47.712000,61,,,
participant_31,2,day,Town10HD_Opt,2026-03-13T13:25:48.977987,-100.34617614746094,-54.13874053955078,0.0020671081729233265,25.206,-10.326,0.193,0.0,0,0,1,None,1.0,2026-03-13T13:25:48.977987,sad,0.564,2026-03-13T13:25:48.977987,1.0,2026-03-13T13:25:48.746000,61,,,
participant_31,2,day,Town10HD_Opt,2026-03-13T13:25:50.083671,-104.30857849121094,-50.810482025146484,0.0022418212611228228,18.18,-10.456,0.0,0.0,0,0,1,None,0.815,2026-03-13T13:25:50.083671,sad,0.564,2026-03-13T13:25:48.977987,1.0,2026-03-13T13:25:49.782000,60,,,
participant_31,2,day,Town10HD_Opt,2026-03-13T13:25:50.898478,-106.02384185791016,-48.50482177734375,0.002045860281214118,14.247,-6.383,0.0,0.0,0,0,1,None,1.0,2026-03-13T13:25:50.898478,sad,0.564,2026-03-13T13:25:48.977987,0.986,2026-03-13T13:25:50.727000,60,,,
participant_31,2,day,Town10HD_Opt,2026-03-13T13:25:52.016051,-107.54935455322266,-46.096702575683594,0.001984291011467576,10.706,-4.207,0.278,0.0,0,0,1,None,1.0,2026-03-13T13:25:52.016051,sad,0.577,2026-03-13T13:25:52.016051,0.986,2026-03-13T13:25:50.727000,60,,,
participant_31,2,day,Town10HD_Opt,2026-03-13T13:25:53.093361,-108.93006896972656,-43.562461853027344,0.0017919540405273438,15.069,-5.664,0.43,0.0,0,0,1,None,1.0,2026-03-13T13:25:53.093361,sad,0.577,2026-03-13T13:25:52.016051,0.915,2026-03-13T13:25:52.751000,57,,,
participant_31,2,day,Town10HD_Opt,2026-03-13T13:25:53.973448,-110.10572814941406,-40.877418518066406,0.0020424651447683573,18.238,-6.526,0.43,0.0,0,0,1,None,1.0,2026-03-13T13:25:53.973448,sad,0.577,2026-03-13T13:25:52.016051,0.867,2026-03-13T13:25:53.742000,56,,,
participant_31,2,day,Town10HD_Opt,2026-03-13T13:25:55.077150,-111.3204574584961,-36.664283752441406,0.001982307294383645,20.195,-7.052,0.386,0.0,0,0,1,None,1.0,2026-03-13T13:25:55.077150,sad,0.393,2026-03-13T13:25:55.077150,0.818,2026-03-13T13:25:54.733000,55,,,
participant_31,2,day,Town10HD_Opt,2026-03-13T13:25:55.932123,-111.84402465820312,-33.16416549682617,0.0020870589651167393,19.55,-2.953,0.206,0.0,0,0,1,None,1.0,2026-03-13T13:25:55.932123,sad,0.393,2026-03-13T13:25:55.077150,0.77,2026-03-13T13:25:55.811000,54,,,
participant_31,2,day,Town10HD_Opt,2026-03-13T13:25:57.035585,-112.25653076171875,-28.88393783569336,0.0018629455007612705,17.366,-3.459,0.095,0.0,0,0,1,None,1.0,2026-03-13T13:25:57.035585,sad,0.393,2026-03-13T13:25:55.077150,0.721,2026-03-13T13:25:56.713000,53,,,
participant_31,2,day,Town10HD_Opt,2026-03-13T13:25:57.896776,-112.24909973144531,-26.04513168334961,0.0019929122645407915,15.069,-9.931,0.124,0.0,0,0,1,None,1.0,2026-03-13T13:25:57.896776,neutral,0.51,2026-03-13T13:25:57.896776,0.673,2026-03-13T13:25:57.792000,52,,,
participant_31,2,day,Town10HD_Opt,2026-03-13T13:25:59.030908,-111.70258331298828,-22.82168197631836,0.0019732664804905653,13.002,-8.203,0.113,0.0,0,0,1,None,1.0,2026-03-13T13:25:59.030908,neutral,0.51,2026-03-13T13:25:57.896776,0.619,2026-03-13T13:25:58.873000,51,,,
participant_31,2,day,Town10HD_Opt,2026-03-13T13:25:59.949469,-111.17439270019531,-20.737699508666992,0.0019673919305205345,11.464,1.412,0.086,0.0,0,0,1,None,1.0,2026-03-13T13:25:59.949469,sad,0.462,2026-03-13T13:25:59.949469,0.565,2026-03-13T13:25:59.727000,50,,,
participant_31,2,day,Town10HD_Opt,2026-03-13T13:26:01.120157,-110.79855346679688,-18.300643920898438,0.0019525146344676614,9.854,8.961,0.163,0.0,0,0,1,None,1.0,2026-03-13T13:26:01.120157,sad,0.462,2026-03-13T13:25:59.949469,0.505,2026-03-13T13:26:00.807000,49,,,
participant_31,2,day,Town10HD_Opt,2026-03-13T13:26:02.014496,-110.61591339111328,-16.584779739379883,0.0019165801350027323,9.929,-2.77,0.185,0.0,0,0,1,None,1.0,2026-03-13T13:26:02.014496,sad,0.46,2026-03-13T13:26:02.014496,0.451,2026-03-13T13:26:01.887000,49,,,
participant_31,2,day,Town10HD_Opt,2026-03-13T13:26:02.954584,-110.32437896728516,-14.835118293762207,0.0019021987682208419,10.417,1.196,0.198,0.0,0,0,1,None,1.0,2026-03-13T13:26:02.954584,sad,0.46,2026-03-13T13:26:02.014496,0.408,2026-03-13T13:26:02.697000,49,,,
participant_31,2,day,Town10HD_Opt,2026-03-13T13:26:04.091790,-110.07027435302734,-12.347831726074219,0.001905479351989925,11.026,4.207,0.184,0.0,0,0,1,None,1.0,2026-03-13T13:26:04.091790,neutral,0.704,2026-03-13T13:26:04.091790,0.365,2026-03-13T13:26:03.776000,48,,,
participant_31,2,day,Town10HD_Opt,2026-03-13T13:26:04.960565,-109.95765686035156,-10.438411712646484,0.0019427870865911245,10.529,3.288,0.119,0.0,0,0,1,None,1.0,2026-03-13T13:26:04.960565,neutral,0.704,2026-03-13T13:26:04.091790,0.327,2026-03-13T13:26:04.947000,48,,,
participant_31,2,day,Town10HD_Opt,2026-03-13T13:26:06.030498,-109.92279815673828,-8.106146812438965,0.0019550323486328125,9.223,4.072,0.047,0.0,0,0,1,None,1.0,2026-03-13T13:26:06.030498,neutral,0.704,2026-03-13T13:26:04.091790,0.3,2026-03-13T13:26:05.801000,49,,,
participant_31,2,day,Town10HD_Opt,2026-03-13T13:26:06.913171,-109.9593734741211,-6.632388591766357,0.0019810867961496115,7.382,2.69,0.0,0.0,0,0,1,None,1.0,2026-03-13T13:26:06.913171,neutral,0.861,2026-03-13T13:26:06.913171,0.3,2026-03-13T13:26:05.801000,49,,,
participant_31,2,day,Town10HD_Opt,2026-03-13T13:26:08.022092,-109.98808288574219,-5.198750019073486,0.001964302035048604,5.07,-0.771,0.0,0.0,0,0,1,None,1.0,2026-03-13T13:26:08.022092,neutral,0.861,2026-03-13T13:26:06.913171,0.268,2026-03-13T13:26:07.782000,50,,,
participant_31,2,day,Town10HD_Opt,2026-03-13T13:26:09.139806,-109.9903793334961,-4.955122947692871,0.0019390105735510588,0.03,-0.005,0.011,0.0,0,0,1,None,1.0,2026-03-13T13:26:09.139806,fear,0.471,2026-03-13T13:26:09.139806,0.263,2026-03-13T13:26:08.728000,50,,,
participant_31,2,day,Town10HD_Opt,2026-03-13T13:26:09.987767,-109.99038696289062,-4.9548492431640625,0.001917610177770257,0.152,0.512,0.006,0.0,0,0,1,None,1.0,2026-03-13T13:26:09.987767,fear,0.471,2026-03-13T13:26:09.139806,0.263,2026-03-13T13:26:09.763000,50,,,
participant_31,2,day,Town10HD_Opt,2026-03-13T13:26:11.137260,-109.99063873291016,-4.934627056121826,0.0019194030901417136,0.086,0.411,0.0,0.0,0,0,1,None,1.0,2026-03-13T13:26:11.137260,fear,0.471,2026-03-13T13:26:09.139806,0.268,2026-03-13T13:26:10.707000,50,,,
participant_31,2,day,Town10HD_Opt,2026-03-13T13:26:11.947392,-109.99063110351562,-4.921774864196777,0.0019195937784388661,0.067,0.343,0.0,0.0,0,0,1,None,1.0,2026-03-13T13:26:11.947392,neutral,0.451,2026-03-13T13:26:11.947392,0.279,2026-03-13T13:26:11.698000,51,,,
participant_31,2,day,Town10HD_Opt,2026-03-13T13:26:13.004399,-109.99061584472656,-4.9104905128479,0.0019214629428461194,0.036,0.343,0.002,0.0,0,0,1,None,1.0,2026-03-13T13:26:13.004399,neutral,0.451,2026-03-13T13:26:11.947392,0.295,2026-03-13T13:26:12.686000,52,,,
participant_31,2,day,Town10HD_Opt,2026-03-13T13:26:14.076860,-109.99075317382812,-4.899755954742432,0.0018984222551807761,0.535,0.964,0.28,0.0,0,0,1,None,1.0,2026-03-13T13:26:14.076860,sad,0.432,2026-03-13T13:26:14.076860,0.322,2026-03-13T13:26:13.812000,53,,,
participant_31,2,day,Town10HD_Opt,2026-03-13T13:26:14.916921,-109.99758911132812,-4.607772350311279,0.001887473976239562,2.324,0.797,0.064,0.0,0,0,1,phone_call,0.819,2026-03-13T13:26:14.916921,sad,0.432,2026-03-13T13:26:14.076860,0.322,2026-03-13T13:26:13.812000,53,,,
participant_31,2,day,Town10HD_Opt,2026-03-13T13:26:15.983498,-110.00850677490234,-4.0615763664245605,0.0019360351143404841,1.969,0.437,0.0,0.0,0,0,1,phone_call,0.912,2026-03-13T13:26:15.983498,sad,0.432,2026-03-13T13:26:14.076860,0.387,2026-03-13T13:26:15.703000,55,,,
participant_31,2,day,Town10HD_Opt,2026-03-13T13:26:17.059441,-110.01661682128906,-3.6641597747802734,0.0019324111053720117,1.405,0.432,0.0,0.0,0,0,1,None,1.0,2026-03-13T13:26:17.059441,neutral,0.713,2026-03-13T13:26:17.059441,0.424,2026-03-13T13:26:16.737000,56,,,
participant_31,2,day,Town10HD_Opt,2026-03-13T13:26:18.116650,-110.02207946777344,-3.3989195823669434,0.0019388198852539062,0.967,0.266,0.198,0.0,0,0,1,None,1.0,2026-03-13T13:26:18.116650,neutral,0.713,2026-03-13T13:26:17.059441,0.457,2026-03-13T13:26:17.772000,56,,,
participant_31,2,day,Town10HD_Opt,2026-03-13T13:26:18.918927,-110.0295181274414,-3.0134313106536865,0.0018178557511419058,3.902,0.115,0.294,0.0,0,0,1,None,1.0,2026-03-13T13:26:18.918927,neutral,0.713,2026-03-13T13:26:17.059441,0.495,2026-03-13T13:26:18.717000,57,,,
participant_31,2,day,Town10HD_Opt,2026-03-13T13:26:20.002401,-110.03977966308594,-2.4941253662109375,0.0019810486119240522,0.017,-0.002,0.0,0.0,0,0,1,None,1.0,2026-03-13T13:26:20.002401,neutral,0.348,2026-03-13T13:26:20.002401,0.538,2026-03-13T13:26:19.708000,58,,,
participant_31,2,day,Town10HD_Opt,2026-03-13T13:26:21.079819,-110.03977966308594,-2.487079620361328,0.0019195175264030695,0.031,-0.068,0.0,0.0,0,0,1,None,1.0,2026-03-13T13:26:21.079819,neutral,0.348,2026-03-13T13:26:20.002401,0.581,2026-03-13T13:26:20.743000,58,,,
participant_31,2,day,Town10HD_Opt,2026-03-13T13:26:22.117193,-110.039794921875,-2.481802463531494,0.001919288537465036,0.002,-0.101,0.0,0.0,0,0,1,None,1.0,2026-03-13T13:26:22.117193,neutral,0.415,2026-03-13T13:26:22.117193,0.619,2026-03-13T13:26:21.688000,58,,,
participant_31,2,day,Town10HD_Opt,2026-03-13T13:26:23.127136,-110.039794921875,-2.481827974319458,0.0019186401041224599,0.136,-0.108,0.077,0.0,0,0,1,None,1.0,2026-03-13T13:26:23.127136,neutral,0.415,2026-03-13T13:26:22.117193,0.651,2026-03-13T13:26:22.723000,58,,,
participant_31,2,day,Town10HD_Opt,2026-03-13T13:26:23.896224,-110.03986358642578,-2.4788448810577393,0.001914176857098937,0.227,-0.11,0.071,0.0,0,0,1,None,1.0,2026-03-13T13:26:23.896224,neutral,0.415,2026-03-13T13:26:22.117193,0.678,2026-03-13T13:26:23.713000,58,,,
participant_31,2,day,Town10HD_Opt,2026-03-13T13:26:24.914597,-110.04224395751953,-2.356358528137207,0.0019215393112972379,0.547,-0.134,0.0,0.0,0,0,1,None,1.0,2026-03-13T13:26:24.914597,sad,0.477,2026-03-13T13:26:24.914597,0.694,2026-03-13T13:26:24.749000,57,,,
participant_31,2,day,Town10HD_Opt,2026-03-13T13:26:26.011169,-110.04415130615234,-2.2463982105255127,0.001922607421875,0.392,-0.134,0.0,0.0,0,0,1,None,1.0,2026-03-13T13:26:26.011169,sad,0.477,2026-03-13T13:26:24.914597,0.7,2026-03-13T13:26:25.692000,56,,,
participant_31,2,day,Town10HD_Opt,2026-03-13T13:26:27.066675,-110.04547882080078,-2.169471025466919,0.001925239572301507,0.055,-0.134,0.055,0.0,0,0,1,None,1.0,2026-03-13T13:26:27.066675,neutral,0.429,2026-03-13T13:26:27.066675,0.689,2026-03-13T13:26:26.728000,54,,,
participant_31,2,day,Town10HD_Opt,2026-03-13T13:26:27.904966,-110.04715728759766,-2.072425603866577,0.0018426512833684683,1.774,-0.134,0.259,0.0,0,0,1,None,1.0,2026-03-13T13:26:27.904966,neutral,0.429,2026-03-13T13:26:27.066675,0.673,2026-03-13T13:26:27.762000,53,,,
participant_31,2,day,Town10HD_Opt,2026-03-13T13:26:28.968966,-110.06283569335938,-1.210205316543579,0.0018108367221429944,6.065,-0.122,0.322,0.0,0,0,1,None,1.0,2026-03-13T13:26:28.968966,neutral,0.429,2026-03-13T13:26:27.066675,0.646,2026-03-13T13:26:28.887000,52,,,
participant_31,2,day,Town10HD_Opt,2026-03-13T13:26:29.993702,-110.08937072753906,0.6826155185699463,0.0018159484025090933,10.563,-0.049,0.324,0.0,0,0,1,None,1.0,2026-03-13T13:26:29.993702,neutral,0.466,2026-03-13T13:26:29.993702,0.608,2026-03-13T13:26:29.698000,51,,,
participant_31,2,day,Town10HD_Opt,2026-03-13T13:26:30.908641,-110.09983825683594,2.7093725204467773,0.0018405532464385033,12.889,-1.864,0.328,0.0,0,0,1,None,1.0,2026-03-13T13:26:30.908641,neutral,0.466,2026-03-13T13:26:29.993702,0.565,2026-03-13T13:26:30.777000,50,,,
participant_31,2,day,Town10HD_Opt,2026-03-13T13:26:31.951481,-109.96724700927734,6.073665142059326,0.0022637557704001665,16.152,-3.723,0.395,0.0,0,0,1,None,1.0,2026-03-13T13:26:31.951481,neutral,0.466,2026-03-13T13:26:29.993702,0.522,2026-03-13T13:26:31.724000,50,,,
participant_31,2,day,Town10HD_Opt,2026-03-13T13:26:33.066655,-109.4345474243164,10.148073196411133,0.001762771513313055,18.077,-7.354,0.376,0.0,0,0,1,None,1.0,2026-03-13T13:26:33.066655,neutral,0.441,2026-03-13T13:26:33.066655,0.484,2026-03-13T13:26:32.715000,51,,,
participant_31,2,day,Town10HD_Opt,2026-03-13T13:26:34.131667,-108.20915985107422,14.319324493408203,0.002008361741900444,19.488,-7.083,0.376,0.0,0,0,1,None,1.0,2026-03-13T13:26:34.131667,neutral,0.441,2026-03-13T13:26:33.066655,0.451,2026-03-13T13:26:33.792000,52,,,
participant_31,2,day,Town10HD_Opt,2026-03-13T13:26:34.964136,-106.7314453125,17.483074188232422,0.002015342703089118,20.503,-9.605,0.376,0.0,0,0,1,None,1.0,2026-03-13T13:26:34.964136,neutral,0.441,2026-03-13T13:26:33.066655,0.424,2026-03-13T13:26:34.781000,52,,,
participant_31,2,day,Town10HD_Opt,2026-03-13T13:26:36.082993,-103.74798583984375,21.384197235107422,0.0020246123895049095,21.78,-11.0,0.376,0.0,0,0,1,None,0.805,2026-03-13T13:26:36.082993,sad,0.437,2026-03-13T13:26:36.082993,0.424,2026-03-13T13:26:34.781000,52,,,
participant_31,2,day,Town10HD_Opt,2026-03-13T13:26:36.936619,-100.73346710205078,23.80133819580078,0.002028770511969924,22.573,-10.995,0.373,0.0,0,0,1,None,1.0,2026-03-13T13:26:36.936619,sad,0.437,2026-03-13T13:26:36.082993,0.414,2026-03-13T13:26:36.177000,54,,,
participant_31,2,day,Town10HD_Opt,2026-03-13T13:26:38.054122,-95.87605285644531,26.01704216003418,0.0020310974214226007,23.43,-8.07,0.371,0.0,0,0,1,None,1.0,2026-03-13T13:26:38.054122,sad,0.437,2026-03-13T13:26:36.082993,0.419,2026-03-13T13:26:36.944000,55,,,
participant_31,2,day,Town10HD_Opt,2026-03-13T13:26:38.942579,-91.86394500732422,27.068389892578125,0.0020259094890207052,24.034,-3.504,0.371,0.0,0,0,1,None,1.0,2026-03-13T13:26:38.942579,sad,0.457,2026-03-13T13:26:38.942579,0.43,2026-03-13T13:26:38.247000,55,,,
participant_31,2,day,Town10HD_Opt,2026-03-13T13:26:40.098222,-86.25507354736328,27.90977668762207,0.0020308303646743298,24.676,-4.69,0.371,0.0,0,0,1,None,1.0,2026-03-13T13:26:40.098222,sad,0.457,2026-03-13T13:26:38.942579,0.462,2026-03-13T13:26:39.823000,54,,,
participant_31,2,day,Town10HD_Opt,2026-03-13T13:26:40.978648,-81.90557861328125,28.10759925842285,0.0020299148745834827,25.115,-2.273,0.366,0.0,0,0,1,None,1.0,2026-03-13T13:26:40.978648,neutral,0.571,2026-03-13T13:26:40.978648,0.478,2026-03-13T13:26:40.812000,53,,,
participant_31,2,day,Town10HD_Opt,2026-03-13T13:26:41.907592,-77.49174499511719,28.094078063964844,0.0020431517623364925,25.146,-0.818,0.109,0.0,0,0,1,None,1.0,2026-03-13T13:26:41.907592,neutral,0.571,2026-03-13T13:26:40.978648,0.5,2026-03-13T13:26:41.713000,54,,,
participant_31,2,day,Town10HD_Opt,2026-03-13T13:26:43.086871,-72.3770523071289,28.041160583496094,0.002175827044993639,17.52,-0.045,0.0,0.217,0,0,1,None,1.0,2026-03-13T13:26:43.086871,neutral,0.789,2026-03-13T13:26:43.086871,0.516,2026-03-13T13:26:42.793000,54,,,
participant_31,2,day,Town10HD_Opt,2026-03-13T13:26:43.948759,-69.7679672241211,28.027761459350586,0.002094116061925888,11.894,0.122,0.0,0.266,0,0,1,None,1.0,2026-03-13T13:26:43.948759,neutral,0.789,2026-03-13T13:26:43.086871,0.527,2026-03-13T13:26:43.738000,54,,,
participant_31,2,day,Town10HD_Opt,2026-03-13T13:26:45.111004,-67.66676330566406,28.022979736328125,0.0020551681518554688,5.931,0.338,0.0,0.291,0,0,1,None,1.0,2026-03-13T13:26:45.111004,sad,0.447,2026-03-13T13:26:45.111004,0.532,2026-03-13T13:26:44.728000,53,,,
participant_31,2,day,Town10HD_Opt,2026-03-13T13:26:45.980468,-67.48442077636719,28.022592544555664,0.0019836807623505592,0.0,0.338,0.0,0.0,0,0,1,None,1.0,2026-03-13T13:26:45.980468,sad,0.447,2026-03-13T13:26:45.111004,0.527,2026-03-13T13:26:45.762000,53,,,
participant_31,2,day,Town10HD_Opt,2026-03-13T13:26:47.105640,-67.48321533203125,28.022592544555664,0.0019199370872229338,0.005,0.082,0.0,0.0,0,0,1,None,1.0,2026-03-13T13:26:47.105640,sad,0.447,2026-03-13T13:26:45.111004,0.516,2026-03-13T13:26:46.708000,53,,,
participant_31,2,day,Town10HD_Opt,2026-03-13T13:26:47.963604,-67.48306274414062,28.022592544555664,0.0019190215971320868,0.001,-0.002,0.0,0.0,0,0,1,None,1.0,2026-03-13T13:26:47.963604,fear,0.422,2026-03-13T13:26:47.963604,0.505,2026-03-13T13:26:47.697000,53,,,
participant_31,2,day,Town10HD_Opt,2026-03-13T13:26:49.096075,-67.48292541503906,28.022592544555664,0.0019189834129065275,0.001,-0.023,0.0,0.0,0,0,1,None,1.0,2026-03-13T13:26:49.096075,fear,0.422,2026-03-13T13:26:47.963604,0.495,2026-03-13T13:26:48.733000,53,,,
participant_31,2,day,Town10HD_Opt,2026-03-13T13:26:50.002933,-67.48297119140625,28.022592544555664,0.0019188307924196124,0.001,-0.031,0.0,0.0,0,0,1,None,1.0,2026-03-13T13:26:50.002933,neutral,0.469,2026-03-13T13:26:50.002933,0.489,2026-03-13T13:26:49.723000,53,,,
participant_31,2,day,Town10HD_Opt,2026-03-13T13:26:51.147883,-67.48284149169922,28.022592544555664,0.0019188307924196124,0.001,-0.033,0.0,0.0,0,0,1,None,1.0,2026-03-13T13:26:51.147883,neutral,0.469,2026-03-13T13:26:50.002933,0.484,2026-03-13T13:26:50.982000,52,,,
participant_31,2,day,Town10HD_Opt,2026-03-13T13:26:52.069998,-67.47697448730469,28.022592544555664,0.0019064712105318904,0.22,-0.052,0.0,0.0,0,0,1,None,1.0,2026-03-13T13:26:52.069998,neutral,0.87,2026-03-13T13:26:52.069998,0.478,2026-03-13T13:26:51.792000,53,,,
participant_31,2,day,Town10HD_Opt,2026-03-13T13:26:52.958117,-67.43742370605469,28.022560119628906,0.00191326136700809,0.306,-0.061,0.0,0.0,0,0,1,None,1.0,2026-03-13T13:26:52.958117,neutral,0.87,2026-03-13T13:26:52.069998,0.478,2026-03-13T13:26:52.693000,54,,,
participant_31,2,day,Town10HD_Opt,2026-03-13T13:26:54.101687,-67.34929656982422,28.022390365600586,0.0019034957513213158,0.62,-0.061,0.0,0.0,0,0,1,None,1.0,2026-03-13T13:26:54.101687,sad,0.306,2026-03-13T13:26:54.101687,0.489,2026-03-13T13:26:53.728000,56,,,
participant_31,2,day,Town10HD_Opt,2026-03-13T13:26:54.955591,-67.258056640625,28.02224349975586,0.0019117736956104636,0.58,-0.063,0.0,0.0,0,0,1,None,1.0,2026-03-13T13:26:54.955591,sad,0.306,2026-03-13T13:26:54.101687,0.505,2026-03-13T13:26:54.763000,56,,,
participant_31,2,day,Town10HD_Opt,2026-03-13T13:26:56.061710,-67.14051818847656,28.022024154663086,0.0019228362943977118,0.412,-0.068,0.0,0.042,0,0,1,None,1.0,2026-03-13T13:26:56.061710,sad,0.306,2026-03-13T13:26:54.101687,0.522,2026-03-13T13:26:55.707000,56,,,
participant_31,2,day,Town10HD_Opt,2026-03-13T13:26:56.916279,-67.13541412353516,28.02201271057129,0.0019219588721171021,0.0,-0.08,0.0,0.0,0,0,1,None,1.0,2026-03-13T13:26:56.916279,neutral,0.778,2026-03-13T13:26:56.916279,0.532,2026-03-13T13:26:56.697000,55,,,
participant_31,2,day,Town10HD_Opt,2026-03-13T13:26:57.988972,-67.13521575927734,28.02201271057129,0.0019189834129065275,0.002,-0.089,0.0,0.0,0,0,1,None,1.0,2026-03-13T13:26:57.988972,neutral,0.778,2026-03-13T13:26:56.916279,0.543,2026-03-13T13:26:57.732000,55,,,
participant_31,2,day,Town10HD_Opt,2026-03-13T13:26:59.131615,-66.76200866699219,28.02138328552246,0.0017518233507871628,5.118,-0.089,0.423,0.0,0,0,1,None,1.0,2026-03-13T13:26:59.131615,neutral,0.686,2026-03-13T13:26:59.131615,0.554,2026-03-13T13:26:58.768000,55,,,
participant_31,2,day,Town10HD_Opt,2026-03-13T13:27:00.027931,-65.45406341552734,28.01820945739746,0.0017601012950763106,9.916,0.063,0.411,0.0,0,0,1,None,1.0,2026-03-13T13:27:00.027931,neutral,0.686,2026-03-13T13:26:59.131615,0.559,2026-03-13T13:26:59.712000,54,,,
participant_31,2,day,Town10HD_Opt,2026-03-13T13:27:00.895843,-63.33734130859375,28.01517677307129,0.0017846679547801614,14.115,-0.016,0.41,0.0,0,0,1,None,1.0,2026-03-13T13:27:00.895843,neutral,0.686,2026-03-13T13:26:59.131615,0.57,2026-03-13T13:27:00.748000,54,,,
participant_31,2,day,Town10HD_Opt,2026-03-13T13:27:02.029125,-59.49950408935547,27.99949073791504,0.002080306876450777,18.04,0.035,0.439,0.0,0,0,1,None,0.826,2026-03-13T13:27:02.029125,sad,0.458,2026-03-13T13:27:02.029125,0.576,2026-03-13T13:27:01.738000,54,,,
participant_31,2,day,Town10HD_Opt,2026-03-13T13:27:03.121357,-54.974388122558594,27.985618591308594,0.0019407272338867188,21.487,0.005,0.479,0.0,0,0,1,None,1.0,2026-03-13T13:27:03.121357,sad,0.458,2026-03-13T13:27:02.029125,0.581,2026-03-13T13:27:02.727000,55,,,
participant_31,2,day,Town10HD_Opt,2026-03-13T13:27:03.949224,-50.95268630981445,27.975467681884766,0.0019406890496611595,24.672,0.005,0.479,0.0,0,0,1,None,0.807,2026-03-13T13:27:03.949224,sad,0.458,2026-03-13T13:27:02.029125,0.581,2026-03-13T13:27:03.809000,56,,,
participant_31,2,day,Town10HD_Opt,2026-03-13T13:27:05.051242,-44.77650833129883,27.957653045654297,0.001955184852704406,28.387,0.016,0.479,0.0,0,0,1,None,1.0,2026-03-13T13:27:05.051242,sad,0.465,2026-03-13T13:27:05.051242,0.592,2026-03-13T13:27:04.797000,58,,,
participant_31,2,day,Town10HD_Opt,2026-03-13T13:27:06.146084,-37.79656219482422,27.934852600097656,0.0019686126615852118,31.534,-0.19,0.476,0.0,0,0,1,None,1.0,2026-03-13T13:27:06.146084,sad,0.465,2026-03-13T13:27:05.051242,0.603,2026-03-13T13:27:05.698000,58,,,
participant_31,2,day,Town10HD_Opt,2026-03-13T13:27:06.993409,-32.116050720214844,27.898666381835938,0.001980476314201951,33.485,-0.106,0.475,0.0,0,0,1,None,1.0,2026-03-13T13:27:06.993409,sad,0.465,2026-03-13T13:27:05.051242,0.613,2026-03-13T13:27:06.733000,57,,,
participant_31,2,day,Town10HD_Opt,2026-03-13T13:27:08.104227,-24.054561614990234,27.833099365234375,0.0019914244767278433,35.674,-0.012,0.475,0.0,0,0,1,None,1.0,2026-03-13T13:27:08.104227,sad,0.481,2026-03-13T13:27:08.104227,0.624,2026-03-13T13:27:07.723000,57,,,
participant_31,2,day,Town10HD_Opt,2026-03-13T13:27:08.943616,-17.696598052978516,27.78321647644043,0.0019982147496193647,37.064,-0.007,0.474,0.0,0,0,1,None,1.0,2026-03-13T13:27:08.943616,sad,0.481,2026-03-13T13:27:08.104227,0.64,2026-03-13T13:27:08.713000,58,,,
participant_31,2,day,Town10HD_Opt,2026-03-13T13:27:10.038131,-8.873929977416992,27.727113723754883,0.0020086669828742743,38.56,0.127,0.467,0.0,0,0,1,None,1.0,2026-03-13T13:27:10.038131,sad,0.481,2026-03-13T13:27:08.104227,0.662,2026-03-13T13:27:09.748000,58,,,
participant_31,2,day,Town10HD_Opt,2026-03-13T13:27:10.934885,-2.072571277618408,27.71809196472168,0.0020341873168945312,38.989,0.082,0.377,0.0,0,0,1,None,1.0,2026-03-13T13:27:10.934885,sad,0.358,2026-03-13T13:27:10.934885,0.683,2026-03-13T13:27:10.738000,58,,,
participant_31,2,day,Town10HD_Opt,2026-03-13T13:27:11.918662,4.598654747009277,27.712692260742188,0.002112769987434149,36.896,-0.094,0.321,0.0,0,0,1,None,1.0,2026-03-13T13:27:11.918662,sad,0.358,2026-03-13T13:27:10.934885,0.705,2026-03-13T13:27:11.862000,58,,,
participant_31,2,day,Town10HD_Opt,2026-03-13T13:27:13.023010,12.717714309692383,27.70755958557129,0.0021940229926258326,31.624,0.139,0.168,0.0,0,0,1,None,0.854,2026-03-13T13:27:13.023010,neutral,0.615,2026-03-13T13:27:13.023010,0.721,2026-03-13T13:27:12.763000,58,,,
participant_31,2,day,Town10HD_Opt,2026-03-13T13:27:14.101408,19.443851470947266,27.739105224609375,0.002179756062105298,25.765,0.305,0.173,0.0,0,0,1,None,1.0,2026-03-13T13:27:14.101408,neutral,0.615,2026-03-13T13:27:13.023010,0.727,2026-03-13T13:27:13.708000,57,,,
participant_31,2,day,Town10HD_Opt,2026-03-13T13:27:14.942902,23.683923721313477,27.812774658203125,0.0021410370245575905,22.594,1.819,0.24,0.0,0,0,1,None,1.0,2026-03-13T13:27:14.942902,neutral,0.615,2026-03-13T13:27:13.023010,0.721,2026-03-13T13:27:14.697000,57,,,
participant_31,2,day,Town10HD_Opt,2026-03-13T13:27:16.031857,28.661373138427734,28.20539093017578,0.002103614853695035,20.12,7.484,0.253,0.0,0,0,1,None,1.0,2026-03-13T13:27:16.031857,neutral,0.914,2026-03-13T13:27:16.031857,0.721,2026-03-13T13:27:15.733000,58,,,
participant_31,2,day,Town10HD_Opt,2026-03-13T13:27:17.134202,32.998294830322266,29.416444778442383,0.0020639037247747183,18.963,11.069,0.354,0.0,0,0,1,None,1.0,2026-03-13T13:27:17.134202,neutral,0.914,2026-03-13T13:27:16.031857,0.732,2026-03-13T13:27:16.722000,59,,,
participant_31,2,day,Town10HD_Opt,2026-03-13T13:27:18.011101,35.910457611083984,31.042646408081055,0.0020571136847138405,19.07,16.008,0.285,0.0,0,0,1,None,1.0,2026-03-13T13:27:18.011101,neutral,0.914,2026-03-13T13:27:16.031857,0.743,2026-03-13T13:27:17.758000,59,,,
participant_31,2,day,Town10HD_Opt,2026-03-13T13:27:19.137644,38.74787902832031,34.26675796508789,0.0020455168560147285,18.469,18.054,0.265,0.0,0,0,1,None,1.0,2026-03-13T13:27:19.137644,neutral,0.892,2026-03-13T13:27:19.137644,0.748,2026-03-13T13:27:18.837000,59,,,
participant_31,2,day,Town10HD_Opt,2026-03-13T13:27:20.008930,39.95343780517578,37.20823287963867,0.0020401764195412397,18.214,14.506,0.294,0.0,0,0,1,None,1.0,2026-03-13T13:27:20.008930,neutral,0.892,2026-03-13T13:27:19.137644,0.754,2026-03-13T13:27:19.693000,59,,,
participant_31,2,day,Town10HD_Opt,2026-03-13T13:27:21.102954,40.56159973144531,41.39804458618164,0.002056732075288892,18.042,10.036,0.293,0.0,0,0,1,None,1.0,2026-03-13T13:27:21.102954,neutral,0.892,2026-03-13T13:27:19.137644,0.759,2026-03-13T13:27:20.773000,59,,,
participant_31,2,day,Town10HD_Opt,2026-03-13T13:27:22.016366,40.53517532348633,44.58319091796875,0.0020329284016042948,18.161,-1.464,0.293,0.0,0,0,1,None,1.0,2026-03-13T13:27:22.016366,neutral,0.883,2026-03-13T13:27:22.016366,0.759,2026-03-13T13:27:21.763000,58,,,
participant_31,2,day,Town10HD_Opt,2026-03-13T13:27:23.108291,40.60614013671875,48.83668518066406,0.0020087813027203083,17.96,-0.369,0.0,0.0,0,0,1,phone_call,0.81,2026-03-13T13:27:23.108291,neutral,0.883,2026-03-13T13:27:22.016366,0.759,2026-03-13T13:27:22.843000,58,,,
participant_31,2,day,Town10HD_Opt,2026-03-13T13:27:23.900278,40.65983963012695,51.58354949951172,0.0020848463755100965,12.703,0.284,0.0,0.233,0,0,1,None,1.0,2026-03-13T13:27:23.900278,neutral,0.883,2026-03-13T13:27:22.016366,0.759,2026-03-13T13:27:23.697000,57,,,
participant_31,2,day,Town10HD_Opt,2026-03-13T13:27:24.959081,40.69390106201172,53.77925109863281,0.0020902252290397882,4.226,0.211,0.0,0.419,0,0,1,None,1.0,2026-03-13T13:27:24.959081,neutral,0.784,2026-03-13T13:27:24.959081,0.759,2026-03-13T13:27:24.912000,57,,,
participant_31,2,day,Town10HD_Opt,2026-03-13T13:27:26.006467,40.695438385009766,53.8524169921875,0.0019327925983816385,0.0,0.174,0.0,0.2,0,0,1,None,1.0,2026-03-13T13:27:26.006467,neutral,0.784,2026-03-13T13:27:24.959081,0.754,2026-03-13T13:27:25.768000,57,,,
participant_31,2,day,Town10HD_Opt,2026-03-13T13:27:26.983732,40.695438385009766,53.85243606567383,0.0019190978491678834,0.0,0.016,0.0,0.0,0,0,1,None,1.0,2026-03-13T13:27:26.983732,sad,0.891,2026-03-13T13:27:26.983732,0.743,2026-03-13T13:27:26.848000,57,,,
participant_31,2,day,Town10HD_Opt,2026-03-13T13:27:28.061504,40.695438385009766,53.85243606567383,0.0019190978491678834,0.0,-0.026,0.0,0.0,0,0,1,None,1.0,2026-03-13T13:27:28.061504,sad,0.891,2026-03-13T13:27:26.983732,0.737,2026-03-13T13:27:27.794000,58,,,
participant_31,2,day,Town10HD_Opt,2026-03-13T13:27:29.070588,40.695438385009766,53.85243606567383,0.0019190978491678834,0.0,-0.087,0.0,0.0,0,0,1,None,1.0,2026-03-13T13:27:29.070588,sad,0.434,2026-03-13T13:27:29.070588,0.732,2026-03-13T13:27:28.738000,58,,,
participant_31,2,day,Town10HD_Opt,2026-03-13T13:27:30.134464,40.695438385009766,53.85243606567383,0.0019190978491678834,0.0,-0.115,0.0,0.0,0,0,1,None,1.0,2026-03-13T13:27:30.134464,sad,0.434,2026-03-13T13:27:29.070588,0.727,2026-03-13T13:27:29.728000,58,,,
participant_31,2,day,Town10HD_Opt,2026-03-13T13:27:30.966381,40.695438385009766,53.85243606567383,0.0019190978491678834,0.0,-0.167,0.0,0.0,0,0,1,None,1.0,2026-03-13T13:27:30.966381,sad,0.434,2026-03-13T13:27:29.070588,0.716,2026-03-13T13:27:30.718000,57,,,
participant_31,2,day,Town10HD_Opt,2026-03-13T13:27:31.983248,40.695438385009766,53.85243606567383,0.0019190978491678834,0.0,-0.195,0.0,0.0,0,0,1,None,1.0,2026-03-13T13:27:31.983248,neutral,0.782,2026-03-13T13:27:31.983248,0.71,2026-03-13T13:27:31.933000,57,,,
participant_31,2,day,Town10HD_Opt,2026-03-13T13:27:33.001374,40.6954231262207,53.85226058959961,0.0019185638520866632,0.027,-0.2,0.252,0.0,0,0,1,None,1.0,2026-03-13T13:27:33.001374,neutral,0.782,2026-03-13T13:27:31.983248,0.7,2026-03-13T13:27:32.696000,56,,,
participant_31,2,day,Town10HD_Opt,2026-03-13T13:27:34.032516,40.70375442504883,54.34844970703125,0.0017460250528529286,5.686,-0.2,0.442,0.0,0,0,1,None,1.0,2026-03-13T13:27:34.032516,neutral,0.429,2026-03-13T13:27:34.032516,0.694,2026-03-13T13:27:33.778000,56,,,
participant_31,2,day,Town10HD_Opt,2026-03-13T13:27:35.066907,40.776695251464844,56.48826217651367,0.0017553711077198386,12.779,-5.181,0.437,0.0,0,0,1,None,1.0,2026-03-13T13:27:35.066907,neutral,0.429,2026-03-13T13:27:34.032516,0.683,2026-03-13T13:27:34.723000,55,,,
participant_31,2,day,Town10HD_Opt,2026-03-13T13:27:35.921039,41.101585388183594,59.02873229980469,0.0018007277976721525,16.676,-8.952,0.409,0.0,0,0,1,None,1.0,2026-03-13T13:27:35.921039,neutral,0.429,2026-03-13T13:27:34.032516,0.678,2026-03-13T13:27:35.757000,56,,,
participant_31,2,day,Town10HD_Opt,2026-03-13T13:27:36.967438,42.35169219970703,63.00265884399414,0.0020473480690270662,18.567,-12.456,0.404,0.0,0,0,1,None,1.0,2026-03-13T13:27:36.967438,sad,0.418,2026-03-13T13:27:36.967438,0.673,2026-03-13T13:27:36.703000,56,,,
participant_31,2,day,Town10HD_Opt,2026-03-13T13:27:38.003281,44.81603240966797,66.77717590332031,0.0020472717005759478,19.834,-13.767,0.284,0.0,0,0,1,None,1.0,2026-03-13T13:27:38.003281,sad,0.418,2026-03-13T13:27:36.967438,0.662,2026-03-13T13:27:37.737000,56,,,
participant_31,2,day,Town10HD_Opt,2026-03-13T13:27:39.074544,48.315223693847656,69.58185577392578,0.002081909216940403,18.809,-14.114,0.29,0.0,0,0,1,None,1.0,2026-03-13T13:27:39.074544,neutral,0.753,2026-03-13T13:27:39.074544,0.656,2026-03-13T13:27:38.728000,57,,,
participant_31,2,day,Town10HD_Opt,2026-03-13T13:27:40.104853,52.3203010559082,71.0804214477539,0.0020357894245535135,18.319,-12.925,0.29,0.0,0,0,1,None,1.0,2026-03-13T13:27:40.104853,neutral,0.753,2026-03-13T13:27:39.074544,0.651,2026-03-13T13:27:39.718000,57,,,
participant_31,2,day,Town10HD_Opt,2026-03-13T13:27:40.923503,55.476253509521484,71.48283386230469,0.0020267104264348745,18.332,-9.251,0.311,0.0,0,0,1,None,1.0,2026-03-13T13:27:40.923503,neutral,0.753,2026-03-13T13:27:39.074544,0.64,2026-03-13T13:27:40.798000,55,,,